01/01/2000,FAY,NC,ASO,EN,Towers with Radar,8,17,10,0,35,1,0,54,0,55,9,17,64,0,90,28,0,28,118
01/02/2000,FAY,NC,ASO,EN,Towers with Radar,10,21,18,0,49,0,0,36,0,36,10,21,54,0,85,16,0,16,101
01/03/2000,FAY,NC,ASO,EN,Towers with Radar,11,21,34,31,97,0,3,41,8,52,11,24,75,39,149,22,98,120,269
01/04/2000,FAY,NC,ASO,EN,Towers with Radar,16,25,4,13,58,0,1,1,0,2,16,26,5,13,60,12,24,36,96
01/05/2000,FAY,NC,ASO,EN,Towers with Radar,18,22,26,16,82,0,0,4,0,4,18,22,30,16,86,6,2,8,94
01/06/2000,FAY,NC,ASO,EN,Towers with Radar,16,22,20,11,69,0,2,28,0,30,16,24,48,11,99,0,0,0,99
01/07/2000,FAY,NC,ASO,EN,Towers with Radar,15,23,19,13,70,0,8,31,0,39,15,31,50,13,109,2,0,2,111
01/08/2000,FAY,NC,ASO,EN,Towers with Radar,10,16,34,7,67,0,1,73,2,76,10,17,107,9,143,52,0,52,195
01/09/2000,FAY,NC,ASO,EN,Towers with Radar,15,16,29,0,60,1,1,7,0,9,16,17,36,0,69,6,0,6,75
01/10/2000,FAY,NC,ASO,EN,Towers with Radar,12,25,16,14,67,0,3,4,1,8,12,28,20,15,75,0,38,38,113
01/11/2000,FAY,NC,ASO,EN,Towers with Radar,10,26,23,24,83,0,6,28,9,43,10,32,51,33,126,58,20,78,204
01/12/2000,FAY,NC,ASO,EN,Towers with Radar,13,28,30,18,89,0,0,68,47,115,13,28,98,65,204,34,88,122,326
01/13/2000,FAY,NC,ASO,EN,Towers with Radar,15,25,22,9,71,0,2,27,15,44,15,27,49,24,115,28,0,28,143
01/14/2000,FAY,NC,ASO,EN,Towers with Radar,17,23,25,16,81,0,3,54,46,103,17,26,79,62,184,46,46,92,276
01/15/2000,FAY,NC,ASO,EN,Towers with Radar,12,16,21,1,50,0,2,65,0,67,12,18,86,1,117,46,0,46,163
01/16/2000,FAY,NC,ASO,EN,Towers with Radar,7,11,12,0,30,4,6,32,0,42,11,17,44,0,72,42,0,42,114
01/17/2000,FAY,NC,ASO,EN,Towers with Radar,16,17,19,0,52,0,2,37,3,42,16,19,56,3,94,54,0,54,148
01/18/2000,FAY,NC,ASO,EN,Towers with Radar,8,18,12,0,38,0,2,0,0,2,8,20,12,0,40,0,0,0,40
01/19/2000,FAY,NC,ASO,EN,Towers with Radar,11,22,29,20,82,0,4,10,1,15,11,26,39,21,97,0,4,4,101
01/20/2000,FAY,NC,ASO,EN,Towers with Radar,14,25,15,19,73,0,2,16,2,20,14,27,31,21,93,48,12,60,153
01/21/2000,FAY,NC,ASO,EN,Towers with Radar,14,26,20,6,66,0,1,44,19,64,14,27,64,25,130,68,28,96,226
01/22/2000,FAY,NC,ASO,EN,Towers with Radar,8,14,12,7,41,8,0,38,0,46,16,14,50,7,87,8,0,8,95
01/23/2000,FAY,NC,ASO,EN,Towers with Radar,5,18,0,2,25,0,1,0,0,1,5,19,0,2,26,0,0,0,26
01/24/2000,FAY,NC,ASO,EN,Towers with Radar,11,22,12,1,46,0,1,0,0,1,11,23,12,1,47,0,0,0,47
01/25/2000,FAY,NC,ASO,EN,Towers with Radar,0,0,0,0,0,0,0,1,0,1,0,0,1,0,1,0,0,0,1
01/26/2000,FAY,NC,ASO,EN,Towers with Radar,8,21,7,1,37,0,1,17,0,18,8,22,24,1,55,0,0,0,55
01/27/2000,FAY,NC,ASO,EN,Towers with Radar,13,22,22,9,66,0,1,25,0,26,13,23,47,9,92,6,0,6,98
01/28/2000,FAY,NC,ASO,EN,Towers with Radar,8,18,23,15,64,0,0,28,44,72,8,18,51,59,136,42,60,102,238
01/29/2000,FAY,NC,ASO,EN,Towers with Radar,4,3,6,5,18,1,0,31,2,34,5,3,37,7,52,20,0,20,72
01/30/2000,FAY,NC,ASO,EN,Towers with Radar,2,0,2,0,4,0,0,1,0,1,2,0,3,0,5,0,0,0,5
01/31/2000,FAY,NC,ASO,EN,Towers with Radar,11,28,14,21,74,0,2,27,8,37,11,30,41,29,111,30,24,54,165
02/01/2000,FAY,NC,ASO,EN,Towers with Radar,9,25,23,24,81,1,1,22,4,28,10,26,45,28,109,24,24,48,157
02/02/2000,FAY,NC,ASO,EN,Towers with Radar,10,22,38,17,87,0,0,18,5,23,10,22,56,22,110,34,16,50,160
02/03/2000,FAY,NC,ASO,EN,Towers with Radar,11,24,44,13,92,0,0,32,0,32,11,24,76,13,124,16,30,46,170
02/04/2000,FAY,NC,ASO,EN,Towers with Radar,13,26,25,16,80,0,0,75,17,92,13,26,100,33,172,98,40,138,310
02/05/2000,FAY,NC,ASO,EN,Towers with Radar,16,14,18,12,60,0,0,53,1,54,16,14,71,13,114,28,0,28,142
02/06/2000,FAY,NC,ASO,EN,Towers with Radar,16,16,18,25,75,0,0,62,0,62,16,16,80,25,137,70,34,104,241
02/07/2000,FAY,NC,ASO,EN,Towers with Radar,12,25,27,12,76,0,1,68,10,79,12,26,95,22,155,52,60,112,267
02/08/2000,FAY,NC,ASO,EN,Towers with Radar,13,25,36,21,95,0,0,27,0,27,13,25,63,21,122,10,14,24,146
02/09/2000,FAY,NC,ASO,EN,Towers with Radar,11,26,33,25,95,0,0,30,3,33,11,26,63,28,128,62,32,94,222
02/10/2000,FAY,NC,ASO,EN,Towers with Radar,17,24,33,26,100,0,0,46,1,47,17,24,79,27,147,30,14,44,191
02/11/2000,FAY,NC,ASO,EN,Towers with Radar,10,26,16,11,63,0,1,44,1,46,10,27,60,12,109,40,2,42,151
02/12/2000,FAY,NC,ASO,EN,Towers with Radar,14,19,19,3,55,0,0,0,0,0,14,19,19,3,55,0,0,0,55
02/13/2000,FAY,NC,ASO,EN,Towers with Radar,8,11,19,1,39,0,0,0,0,0,8,11,19,1,39,0,0,0,39
02/14/2000,FAY,NC,ASO,EN,Towers with Radar,8,19,11,9,47,0,0,8,0,8,8,19,19,9,55,6,8,14,69
02/15/2000,FAY,NC,ASO,EN,Towers with Radar,11,29,18,15,73,0,1,62,1,64,11,30,80,16,137,10,18,28,165
02/16/2000,FAY,NC,ASO,EN,Towers with Radar,12,30,37,17,96,0,0,32,4,36,12,30,69,21,132,74,0,74,206
02/17/2000,FAY,NC,ASO,EN,Towers with Radar,8,14,16,7,45,7,12,33,2,54,15,26,49,9,99,0,10,10,109
02/18/2000,FAY,NC,ASO,EN,Towers with Radar,8,13,15,6,42,6,13,6,3,28,14,26,21,9,70,0,0,0,70
02/19/2000,FAY,NC,ASO,EN,Towers with Radar,8,13,15,6,42,7,0,3,3,13,15,13,18,9,55,2,0,2,57
02/20/2000,FAY,NC,ASO,EN,Towers with Radar,12,22,33,0,67,0,0,57,2,59,12,22,90,2,126,84,0,84,210
02/21/2000,FAY,NC,ASO,EN,Towers with Radar,10,18,21,0,49,0,5,72,0,77,10,23,93,0,126,34,0,34,160
02/22/2000,FAY,NC,ASO,EN,Towers with Radar,13,27,37,13,90,0,1,32,0,33,13,28,69,13,123,12,0,12,135
02/23/2000,FAY,NC,ASO,EN,Towers with Radar,11,28,24,19,82,0,0,24,0,24,11,28,48,19,106,8,0,8,114
02/24/2000,FAY,NC,ASO,EN,Towers with Radar,14,20,20,17,71,0,0,26,1,27,14,20,46,18,98,6,0,6,104
02/25/2000,FAY,NC,ASO,EN,Towers with Radar,11,25,28,4,68,0,0,53,0,53,11,25,81,4,121,12,0,12,133
02/26/2000,FAY,NC,ASO,EN,Towers with Radar,13,19,12,1,45,0,0,68,0,68,13,19,80,1,113,56,2,58,171
02/27/2000,FAY,NC,ASO,EN,Towers with Radar,8,21,17,2,48,0,0,12,0,12,8,21,29,2,60,24,4,28,88
02/28/2000,FAY,NC,ASO,EN,Towers with Radar,16,17,42,6,81,0,0,46,4,50,16,17,88,10,131,26,0,26,157
02/29/2000,FAY,NC,ASO,EN,Towers with Radar,21,18,30,6,75,0,0,37,2,39,21,18,67,8,114,26,12,38,152
03/01/2000,FAY,NC,ASO,EN,Towers with Radar,16,23,27,7,73,0,1,32,0,33,16,24,59,7,106,41,2,43,149
03/02/2000,FAY,NC,ASO,EN,Towers with Radar,16,21,28,19,84,0,0,35,1,36,16,21,63,20,120,6,0,6,126
03/03/2000,FAY,NC,ASO,EN,Towers with Radar,13,22,31,3,69,0,0,55,1,56,13,22,86,4,125,62,16,78,203
03/04/2000,FAY,NC,ASO,EN,Towers with Radar,16,14,20,0,50,0,0,9,0,9,16,14,29,0,59,22,0,22,81
03/05/2000,FAY,NC,ASO,EN,Towers with Radar,13,15,26,8,62,0,0,61,1,62,13,15,87,9,124,14,4,18,142
03/06/2000,FAY,NC,ASO,EN,Towers with Radar,12,26,26,12,76,0,0,61,7,68,12,26,87,19,144,42,2,44,188
03/07/2000,FAY,NC,ASO,EN,Towers with Radar,13,23,25,7,68,0,1,22,2,25,13,24,47,9,93,4,4,8,101
03/08/2000,FAY,NC,ASO,EN,Towers with Radar,15,26,32,5,78,0,0,65,5,70,15,26,97,10,148,74,12,86,234
03/09/2000,FAY,NC,ASO,EN,Towers with Radar,15,25,25,20,85,0,0,45,1,46,15,25,70,21,131,64,22,86,217
03/10/2000,FAY,NC,ASO,EN,Towers with Radar,13,22,17,14,66,0,1,33,3,37,13,23,50,17,103,28,10,38,141
03/11/2000,FAY,NC,ASO,EN,Towers with Radar,16,19,14,0,49,0,0,27,0,27,16,19,41,0,76,20,0,20,96
03/12/2000,FAY,NC,ASO,EN,Towers with Radar,10,15,20,1,46,4,0,12,0,16,14,15,32,1,62,4,0,4,66
03/13/2000,FAY,NC,ASO,EN,Towers with Radar,14,24,35,0,73,0,2,38,1,41,14,26,73,1,114,54,0,54,168
03/14/2000,FAY,NC,ASO,EN,Towers with Radar,15,22,32,20,89,0,0,49,5,54,15,22,81,25,143,64,14,78,221
03/15/2000,FAY,NC,ASO,EN,Towers with Radar,11,30,40,42,123,0,0,38,4,42,11,30,78,46,165,21,23,44,209
03/16/2000,FAY,NC,ASO,EN,Towers with Radar,10,20,28,2,60,0,0,10,0,10,10,20,38,2,70,2,2,4,74
03/17/2000,FAY,NC,ASO,EN,Towers with Radar,13,28,32,9,82,0,0,15,0,15,13,28,47,9,97,13,13,26,123
03/18/2000,FAY,NC,ASO,EN,Towers with Radar,12,17,20,2,51,0,0,54,0,54,12,17,74,2,105,34,0,34,139
03/19/2000,FAY,NC,ASO,EN,Towers with Radar,9,16,21,0,46,4,4,49,0,57,13,20,70,0,103,68,0,68,171
03/20/2000,FAY,NC,ASO,EN,Towers with Radar,18,22,22,0,62,0,0,1,0,1,18,22,23,0,63,0,0,0,63
03/21/2000,FAY,NC,ASO,EN,Towers with Radar,10,25,53,25,113,0,1,12,6,19,10,26,65,31,132,28,27,55,187
03/22/2000,FAY,NC,ASO,EN,Towers with Radar,14,25,28,29,96,0,0,29,1,30,14,25,57,30,126,67,13,80,206
03/23/2000,FAY,NC,ASO,EN,Towers with Radar,16,24,40,17,97,0,1,25,1,27,16,25,65,18,124,20,28,48,172
03/24/2000,FAY,NC,ASO,EN,Towers with Radar,13,29,45,12,99,0,1,51,2,54,13,30,96,14,153,24,12,36,189
03/25/2000,FAY,NC,ASO,EN,Towers with Radar,7,13,16,6,42,5,2,45,6,58,12,15,61,12,100,56,0,56,156
03/26/2000,FAY,NC,ASO,EN,Towers with Radar,12,18,30,4,64,0,0,45,4,49,12,18,75,8,113,70,2,72,185
03/27/2000,FAY,NC,ASO,EN,Towers with Radar,15,32,30,16,93,0,0,6,0,6,15,32,36,16,99,10,12,22,121
03/28/2000,FAY,NC,ASO,EN,Towers with Radar,13,23,30,10,76,3,0,18,0,21,16,23,48,10,97,20,0,20,117
03/29/2000,FAY,NC,ASO,EN,Towers with Radar,15,21,41,38,115,0,0,32,2,34,15,21,73,40,149,38,18,56,205
03/30/2000,FAY,NC,ASO,EN,Towers with Radar,13,27,21,22,83,0,4,18,0,22,13,31,39,22,105,10,34,44,149
03/31/2000,FAY,NC,ASO,EN,Towers with Radar,11,26,31,2,70,0,0,65,1,66,11,26,96,3,136,22,0,22,158
04/01/2000,FAY,NC,ASO,EN,Towers with Radar,6,13,19,2,40,4,10,68,0,82,10,23,87,2,122,10,0,10,132
04/02/2000,FAY,NC,ASO,EN,Towers with Radar,9,14,23,6,52,3,3,23,0,29,12,17,46,6,81,56,0,56,137
04/03/2000,FAY,NC,ASO,EN,Towers with Radar,11,17,29,14,71,1,0,26,13,40,12,17,55,27,111,6,26,32,143
04/04/2000,FAY,NC,ASO,EN,Towers with Radar,11,17,29,2,59,1,0,3,0,4,12,17,32,2,63,2,0,2,65
04/05/2000,FAY,NC,ASO,EN,Towers with Radar,13,19,33,12,77,0,0,42,0,42,13,19,75,12,119,56,20,76,195
04/06/2000,FAY,NC,ASO,EN,Towers with Radar,13,19,33,8,73,2,0,31,0,33,15,19,64,8,106,14,14,28,134
04/07/2000,FAY,NC,ASO,EN,Towers with Radar,12,23,30,4,69,0,1,46,0,47,12,24,76,4,116,40,14,54,170
04/08/2000,FAY,NC,ASO,EN,Towers with Radar,7,8,15,0,30,4,5,14,0,23,11,13,29,0,53,10,0,10,63
04/09/2000,FAY,NC,ASO,EN,Towers with Radar,9,14,21,0,44,2,7,15,0,24,11,21,36,0,68,36,0,36,104
04/10/2000,FAY,NC,ASO,EN,Towers with Radar,11,18,35,15,79,0,3,38,3,44,11,21,73,18,123,22,8,30,153
04/11/2000,FAY,NC,ASO,EN,Towers with Radar,18,27,47,13,105,0,2,27,1,30,18,29,74,14,135,8,0,8,143
04/12/2000,FAY,NC,ASO,EN,Towers with Radar,13,21,25,21,80,0,3,20,5,28,13,24,45,26,108,10,36,46,154
04/13/2000,FAY,NC,ASO,EN,Towers with Radar,10,23,43,25,101,0,0,0,25,25,10,23,43,50,126,0,26,26,152
04/14/2000,FAY,NC,ASO,EN,Towers with Radar,11,31,23,19,84,0,1,1,0,2,11,32,24,19,86,6,0,6,92
04/15/2000,FAY,NC,ASO,EN,Towers with Radar,15,11,34,15,75,0,1,9,1,11,15,12,43,16,86,2,0,2,88
04/16/2000,FAY,NC,ASO,EN,Towers with Radar,16,12,33,5,66,0,1,26,1,28,16,13,59,6,94,18,0,18,112
04/17/2000,FAY,NC,ASO,EN,Towers with Radar,10,17,24,10,61,5,6,25,11,47,15,23,49,21,108,12,34,46,154
04/18/2000,FAY,NC,ASO,EN,Towers with Radar,9,32,28,45,114,0,1,3,1,5,9,33,31,46,119,0,12,12,131
04/19/2000,FAY,NC,ASO,EN,Towers with Radar,13,23,41,18,95,0,0,16,10,26,13,23,57,28,121,16,18,34,155
04/20/2000,FAY,NC,ASO,EN,Towers with Radar,13,18,35,17,83,0,0,68,13,81,13,18,103,30,164,32,84,116,280
04/21/2000,FAY,NC,ASO,EN,Towers with Radar,10,17,24,9,60,1,4,28,0,33,11,21,52,9,93,16,0,16,109
04/22/2000,FAY,NC,ASO,EN,Towers with Radar,7,13,17,0,37,4,1,30,0,35,11,14,47,0,72,36,0,36,108
04/23/2000,FAY,NC,ASO,EN,Towers with Radar,11,20,33,0,64,0,0,41,0,41,11,20,74,0,105,18,0,18,123
04/24/2000,FAY,NC,ASO,EN,Towers with Radar,9,22,31,15,77,0,1,46,1,48,9,23,77,16,125,18,26,44,169
04/25/2000,FAY,NC,ASO,EN,Towers with Radar,12,21,14,7,54,2,4,0,0,6,14,25,14,7,60,10,6,16,76
04/26/2000,FAY,NC,ASO,EN,Towers with Radar,11,19,33,17,80,0,0,7,6,13,11,19,40,23,93,12,4,16,109
04/27/2000,FAY,NC,ASO,EN,Towers with Radar,17,16,44,22,99,0,0,19,7,26,17,16,63,29,125,30,60,90,215
04/28/2000,FAY,NC,ASO,EN,Towers with Radar,14,18,36,14,82,0,0,9,0,9,14,18,45,14,91,22,12,34,125
04/29/2000,FAY,NC,ASO,EN,Towers with Radar,7,12,15,5,39,5,2,47,0,54,12,14,62,5,93,42,2,44,137
04/30/2000,FAY,NC,ASO,EN,Towers with Radar,8,14,20,3,45,2,2,52,0,56,10,16,72,3,101,80,0,80,181
05/01/2000,FAY,NC,ASO,EN,Towers with Radar,9,16,23,11,59,2,5,27,11,45,11,21,50,22,104,32,4,36,140
05/02/2000,FAY,NC,ASO,EN,Towers with Radar,11,17,29,6,63,5,3,37,0,45,16,20,66,6,108,38,18,56,164
05/03/2000,FAY,NC,ASO,EN,Towers with Radar,10,18,31,13,72,0,5,10,0,15,10,23,41,13,87,34,8,42,129
05/04/2000,FAY,NC,ASO,EN,Towers with Radar,15,19,36,16,86,2,0,43,11,56,17,19,79,27,142,44,6,50,192
05/05/2000,FAY,NC,ASO,EN,Towers with Radar,12,19,30,14,75,1,0,45,4,50,13,19,75,18,125,38,4,42,167
05/06/2000,FAY,NC,ASO,EN,Towers with Radar,8,14,23,10,55,0,0,48,6,54,8,14,71,16,109,38,2,40,149
05/07/2000,FAY,NC,ASO,EN,Towers with Radar,9,14,22,10,55,2,0,28,8,38,11,14,50,18,93,42,4,46,139
05/08/2000,FAY,NC,ASO,EN,Towers with Radar,11,17,26,8,62,2,4,54,0,60,13,21,80,8,122,34,0,34,156
05/09/2000,FAY,NC,ASO,EN,Towers with Radar,12,19,33,15,79,0,0,21,6,27,12,19,54,21,106,40,0,40,146
05/10/2000,FAY,NC,ASO,EN,Towers with Radar,11,22,35,16,84,0,0,29,5,34,11,22,64,21,118,12,12,24,142
05/11/2000,FAY,NC,ASO,EN,Towers with Radar,12,21,35,16,84,0,0,53,4,57,12,21,88,20,141,40,12,52,193
05/12/2000,FAY,NC,ASO,EN,Towers with Radar,14,19,34,14,81,0,2,29,2,33,14,21,63,16,114,18,0,18,132
05/13/2000,FAY,NC,ASO,EN,Towers with Radar,10,12,24,0,46,5,0,23,0,28,15,12,47,0,74,18,0,18,92
05/14/2000,FAY,NC,ASO,EN,Towers with Radar,16,15,12,19,62,0,0,41,1,42,16,15,53,20,104,10,0,10,114
05/15/2000,FAY,NC,ASO,EN,Towers with Radar,14,15,29,18,76,0,3,44,10,57,14,18,73,28,133,8,24,32,165
05/16/2000,FAY,NC,ASO,EN,Towers with Radar,12,21,35,15,83,0,3,62,15,80,12,24,97,30,163,36,22,58,221
05/17/2000,FAY,NC,ASO,EN,Towers with Radar,12,21,30,26,89,0,1,11,5,17,12,22,41,31,106,12,22,34,140
05/18/2000,FAY,NC,ASO,EN,Towers with Radar,13,18,11,15,57,0,2,15,1,18,13,20,26,16,75,26,12,38,113
05/19/2000,FAY,NC,ASO,EN,Towers with Radar,14,17,27,3,61,0,3,23,1,27,14,20,50,4,88,20,0,20,108
05/20/2000,FAY,NC,ASO,EN,Towers with Radar,14,10,13,1,38,0,1,46,1,48,14,11,59,2,86,22,0,22,108
05/21/2000,FAY,NC,ASO,EN,Towers with Radar,14,10,25,2,51,0,1,21,0,22,14,11,46,2,73,10,0,10,83
05/22/2000,FAY,NC,ASO,EN,Towers with Radar,10,22,41,39,112,0,2,12,6,20,10,24,53,45,132,18,54,72,204
05/23/2000,FAY,NC,ASO,EN,Towers with Radar,11,18,20,17,66,0,3,24,0,27,11,21,44,17,93,14,0,14,107
05/24/2000,FAY,NC,ASO,EN,Towers with Radar,10,22,31,32,95,0,5,30,13,48,10,27,61,45,143,6,38,44,187
05/25/2000,FAY,NC,ASO,EN,Towers with Radar,11,19,30,6,66,0,2,27,0,29,11,21,57,6,95,4,0,4,99
05/26/2000,FAY,NC,ASO,EN,Towers with Radar,12,22,36,4,74,0,2,47,4,53,12,24,83,8,127,38,0,38,165
05/27/2000,FAY,NC,ASO,EN,Towers with Radar,11,13,20,2,46,0,0,21,0,21,11,13,41,2,67,18,0,18,85
05/28/2000,FAY,NC,ASO,EN,Towers with Radar,13,21,13,0,47,0,0,7,0,7,13,21,20,0,54,26,0,26,80
05/29/2000,FAY,NC,ASO,EN,Towers with Radar,10,21,46,2,79,0,0,7,0,7,10,21,53,2,86,20,0,20,106
05/30/2000,FAY,NC,ASO,EN,Towers with Radar,12,27,40,33,112,0,3,19,2,24,12,30,59,35,136,0,4,4,140
05/31/2000,FAY,NC,ASO,EN,Towers with Radar,13,16,41,21,91,0,3,33,0,36,13,19,74,21,127,30,10,40,167
06/01/2000,FAY,NC,ASO,EN,Towers with Radar,11,18,34,37,100,0,3,39,2,44,11,21,73,39,144,12,36,48,192
06/02/2000,FAY,NC,ASO,EN,Towers with Radar,15,22,27,1,65,0,3,63,2,68,15,25,90,3,133,34,0,34,167
06/03/2000,FAY,NC,ASO,EN,Towers with Radar,9,11,6,0,26,0,1,86,3,90,9,12,92,3,116,38,0,38,154
06/04/2000,FAY,NC,ASO,EN,Towers with Radar,20,11,20,1,52,0,1,7,2,10,20,12,27,3,62,2,0,2,64
06/05/2000,FAY,NC,ASO,EN,Towers with Radar,12,22,35,8,77,0,1,1,0,2,12,23,36,8,79,0,0,0,79
06/06/2000,FAY,NC,ASO,EN,Towers with Radar,13,21,30,3,67,0,1,11,0,12,13,22,41,3,79,10,4,14,93
06/07/2000,FAY,NC,ASO,EN,Towers with Radar,11,19,33,11,74,0,0,40,0,40,11,19,73,11,114,20,48,68,182
06/08/2000,FAY,NC,ASO,EN,Towers with Radar,7,20,51,13,91,0,4,50,0,54,7,24,101,13,145,70,26,96,241
06/09/2000,FAY,NC,ASO,EN,Towers with Radar,12,21,34,16,83,4,0,73,13,90,16,21,107,29,173,40,36,76,249
06/10/2000,FAY,NC,ASO,EN,Towers with Radar,12,12,40,1,65,0,0,63,1,64,12,12,103,2,129,78,2,80,209
06/11/2000,FAY,NC,ASO,EN,Towers with Radar,17,24,13,0,54,0,0,35,0,35,17,24,48,0,89,54,0,54,143
06/12/2000,FAY,NC,ASO,EN,Towers with Radar,9,22,27,18,76,0,1,22,4,27,9,23,49,22,103,10,40,50,153
06/13/2000,FAY,NC,ASO,EN,Towers with Radar,8,23,33,9,73,0,0,17,2,19,8,23,50,11,92,8,0,8,100
06/14/2000,FAY,NC,ASO,EN,Towers with Radar,7,25,40,21,93,0,2,19,5,26,7,27,59,26,119,34,46,80,199
06/15/2000,FAY,NC,ASO,EN,Towers with Radar,12,22,27,14,75,0,3,0,4,7,12,25,27,18,82,34,24,58,140
06/16/2000,FAY,NC,ASO,EN,Towers with Radar,9,22,34,11,76,0,5,14,0,19,9,27,48,11,95,38,0,38,133
06/17/2000,FAY,NC,ASO,EN,Towers with Radar,12,14,24,4,54,0,0,30,1,31,12,14,54,5,85,60,0,60,145
06/18/2000,FAY,NC,ASO,EN,Towers with Radar,10,13,29,4,56,2,0,11,0,13,12,13,40,4,69,56,0,56,125
06/19/2000,FAY,NC,ASO,EN,Towers with Radar,8,25,43,7,83,0,1,23,24,48,8,26,66,31,131,24,12,36,167
06/20/2000,FAY,NC,ASO,EN,Towers with Radar,10,31,37,25,103,0,0,14,0,14,10,31,51,25,117,56,30,86,203
06/21/2000,FAY,NC,ASO,EN,Towers with Radar,9,26,28,38,101,0,2,52,5,59,9,28,80,43,160,142,40,182,342
06/22/2000,FAY,NC,ASO,EN,Towers with Radar,13,20,42,15,90,0,0,9,0,9,13,20,51,15,99,8,14,22,121
06/23/2000,FAY,NC,ASO,EN,Towers with Radar,14,23,43,4,84,0,2,95,1,98,14,25,138,5,182,66,0,66,248
06/24/2000,FAY,NC,ASO,EN,Towers with Radar,14,14,30,0,58,0,0,32,0,32,14,14,62,0,90,40,0,40,130
06/25/2000,FAY,NC,ASO,EN,Towers with Radar,9,14,26,0,49,5,0,33,0,38,14,14,59,0,87,82,0,82,169
06/26/2000,FAY,NC,ASO,EN,Towers with Radar,8,22,33,0,63,0,3,2,0,5,8,25,35,0,68,2,8,10,78
06/27/2000,FAY,NC,ASO,EN,Towers with Radar,12,26,36,27,101,0,0,28,0,28,12,26,64,27,129,16,28,44,173
06/28/2000,FAY,NC,ASO,EN,Towers with Radar,12,19,30,11,72,0,2,25,7,34,12,21,55,18,106,28,28,56,162
06/29/2000,FAY,NC,ASO,EN,Towers with Radar,9,22,34,28,93,0,2,9,0,11,9,24,43,28,104,12,22,34,138
06/30/2000,FAY,NC,ASO,EN,Towers with Radar,10,22,35,47,114,0,2,45,1,48,10,24,80,48,162,46,92,138,300
07/01/2000,FAY,NC,ASO,EN,Towers with Radar,8,13,20,0,41,6,1,78,0,85,14,14,98,0,126,74,10,84,210
07/02/2000,FAY,NC,ASO,EN,Towers with Radar,7,8,13,0,28,3,3,54,0,60,10,11,67,0,88,38,0,38,126
07/03/2000,FAY,NC,ASO,EN,Towers with Radar,7,9,15,0,31,2,14,36,0,52,9,23,51,0,83,52,0,52,135
07/04/2000,FAY,NC,ASO,EN,Towers with Radar,7,8,15,0,30,1,5,49,0,55,8,13,64,0,85,26,0,26,111
07/05/2000,FAY,NC,ASO,EN,Towers with Radar,12,20,31,18,81,0,1,27,14,42,12,21,58,32,123,20,60,80,203
07/06/2000,FAY,NC,ASO,EN,Towers with Radar,15,17,42,26,100,0,0,0,35,35,15,17,42,61,135,82,138,220,355
07/07/2000,FAY,NC,ASO,EN,Towers with Radar,14,19,33,20,86,4,0,14,12,30,18,19,47,32,116,18,24,42,158
07/08/2000,FAY,NC,ASO,EN,Towers with Radar,8,10,17,2,37,6,6,75,0,87,14,16,92,2,124,100,0,100,224
07/09/2000,FAY,NC,ASO,EN,Towers with Radar,10,16,25,0,51,3,0,45,0,48,13,16,70,0,99,16,0,16,115
07/10/2000,FAY,NC,ASO,EN,Towers with Radar,10,20,30,20,80,0,0,29,14,43,10,20,59,34,123,24,2,26,149
07/11/2000,FAY,NC,ASO,EN,Towers with Radar,10,21,34,19,84,0,0,21,0,21,10,21,55,19,105,24,88,112,217
07/12/2000,FAY,NC,ASO,EN,Towers with Radar,14,24,45,29,112,0,0,0,27,27,14,24,45,56,139,22,74,96,235
07/13/2000,FAY,NC,ASO,EN,Towers with Radar,13,23,46,30,112,0,0,1,12,13,13,23,47,42,125,0,82,82,207
07/14/2000,FAY,NC,ASO,EN,Towers with Radar,11,17,37,20,85,0,0,28,0,28,11,17,65,20,113,46,44,90,203
07/15/2000,FAY,NC,ASO,EN,Towers with Radar,7,12,19,2,40,4,1,33,0,38,11,13,52,2,78,104,0,104,182
07/16/2000,FAY,NC,ASO,EN,Towers with Radar,8,14,22,10,54,5,2,28,0,35,13,16,50,10,89,22,4,26,115
07/17/2000,FAY,NC,ASO,EN,Towers with Radar,11,19,28,16,74,1,6,35,0,42,12,25,63,16,116,22,54,76,192
07/18/2000,FAY,NC,ASO,EN,Towers with Radar,10,25,30,12,77,0,2,35,0,37,10,27,65,12,114,10,22,32,146
07/19/2000,FAY,NC,ASO,EN,Towers with Radar,13,23,34,21,91,0,1,27,18,46,13,24,61,39,137,4,54,58,195
07/20/2000,FAY,NC,ASO,EN,Towers with Radar,11,25,39,24,99,0,0,14,7,21,11,25,53,31,120,50,28,78,198
07/21/2000,FAY,NC,ASO,EN,Towers with Radar,11,24,35,6,76,0,1,12,0,13,11,25,47,6,89,64,0,64,153
07/22/2000,FAY,NC,ASO,EN,Towers with Radar,7,12,18,5,42,3,7,14,0,24,10,19,32,5,66,32,0,32,98
07/23/2000,FAY,NC,ASO,EN,Towers with Radar,15,12,30,0,57,0,0,3,0,3,15,12,33,0,60,6,0,6,66
07/24/2000,FAY,NC,ASO,EN,Towers with Radar,14,24,19,36,93,0,0,7,0,7,14,24,26,36,100,10,68,78,178
07/25/2000,FAY,NC,ASO,EN,Towers with Radar,10,16,12,8,46,0,8,0,0,8,10,24,12,8,54,0,0,0,54
07/26/2000,FAY,NC,ASO,EN,Towers with Radar,13,22,31,65,131,0,1,9,0,10,13,23,40,65,141,42,12,54,195
07/27/2000,FAY,NC,ASO,EN,Towers with Radar,13,22,40,19,94,0,1,22,1,24,13,23,62,20,118,10,6,16,134
07/28/2000,FAY,NC,ASO,EN,Towers with Radar,11,23,47,2,83,0,2,33,0,35,11,25,80,2,118,46,2,48,166
07/29/2000,FAY,NC,ASO,EN,Towers with Radar,10,21,14,2,47,0,0,11,1,12,10,21,25,3,59,58,0,58,117
07/30/2000,FAY,NC,ASO,EN,Towers with Radar,8,19,19,0,46,0,0,14,0,14,8,19,33,0,60,54,0,54,114
07/31/2000,FAY,NC,ASO,EN,Towers with Radar,12,25,38,23,98,0,2,2,28,32,12,27,40,51,130,28,36,64,194
08/01/2000,FAY,NC,ASO,EN,Towers with Radar,14,24,19,14,71,0,2,21,0,23,14,26,40,14,94,6,28,34,128
08/02/2000,FAY,NC,ASO,EN,Towers with Radar,12,19,35,13,79,0,6,11,12,29,12,25,46,25,108,10,16,26,134
08/03/2000,FAY,NC,ASO,EN,Towers with Radar,14,22,25,16,77,0,0,0,16,16,14,22,25,32,93,0,26,26,119
08/04/2000,FAY,NC,ASO,EN,Towers with Radar,14,17,26,4,61,0,3,2,0,5,14,20,28,4,66,12,0,12,78
08/05/2000,FAY,NC,ASO,EN,Towers with Radar,13,12,37,14,76,0,3,17,0,20,13,15,54,14,96,36,2,38,134
08/06/2000,FAY,NC,ASO,EN,Towers with Radar,8,11,20,4,43,3,3,16,0,22,11,14,36,4,65,74,26,100,165
08/07/2000,FAY,NC,ASO,EN,Towers with Radar,11,16,31,11,69,0,2,19,0,21,11,18,50,11,90,12,10,22,112
08/08/2000,FAY,NC,ASO,EN,Towers with Radar,12,20,35,8,75,0,0,0,0,0,12,20,35,8,75,50,12,62,137
08/09/2000,FAY,NC,ASO,EN,Towers with Radar,13,22,39,2,76,0,2,20,0,22,13,24,59,2,98,18,4,22,120
08/10/2000,FAY,NC,ASO,EN,Towers with Radar,12,16,42,9,79,0,0,31,0,31,12,16,73,9,110,44,36,80,190
08/11/2000,FAY,NC,ASO,EN,Towers with Radar,11,20,31,12,74,2,3,16,7,28,13,23,47,19,102,44,20,64,166
08/12/2000,FAY,NC,ASO,EN,Towers with Radar,11,15,17,0,43,1,0,74,0,75,12,15,91,0,118,118,0,118,236
08/13/2000,FAY,NC,ASO,EN,Towers with Radar,6,10,17,0,33,8,2,41,0,51,14,12,58,0,84,58,0,58,142
08/14/2000,FAY,NC,ASO,EN,Towers with Radar,13,18,32,6,69,1,2,27,0,30,14,20,59,6,99,30,16,46,145
08/15/2000,FAY,NC,ASO,EN,Towers with Radar,13,18,37,15,83,0,0,84,22,106,13,18,121,37,189,24,70,94,283
08/16/2000,FAY,NC,ASO,EN,Towers with Radar,15,19,39,16,89,0,0,24,14,38,15,19,63,30,127,40,40,80,207
08/17/2000,FAY,NC,ASO,EN,Towers with Radar,9,20,27,29,85,4,0,33,0,37,13,20,60,29,122,30,4,34,156
08/18/2000,FAY,NC,ASO,EN,Towers with Radar,14,17,38,9,78,0,2,14,0,16,14,19,52,9,94,48,0,48,142
08/19/2000,FAY,NC,ASO,EN,Towers with Radar,7,10,17,2,36,7,1,39,0,47,14,11,56,2,83,84,0,84,167
08/20/2000,FAY,NC,ASO,EN,Towers with Radar,13,12,30,1,56,0,1,36,0,37,13,13,66,1,93,58,0,58,151
08/21/2000,FAY,NC,ASO,EN,Towers with Radar,11,17,31,9,68,0,5,49,0,54,11,22,80,9,122,64,14,78,200
08/22/2000,FAY,NC,ASO,EN,Towers with Radar,13,21,35,11,80,0,1,33,2,36,13,22,68,13,116,20,4,24,140
08/23/2000,FAY,NC,ASO,EN,Towers with Radar,14,19,36,12,81,0,0,67,0,67,14,19,103,12,148,44,42,86,234
08/24/2000,FAY,NC,ASO,EN,Towers with Radar,12,19,41,15,87,0,0,23,29,52,12,19,64,44,139,46,46,92,231
08/25/2000,FAY,NC,ASO,EN,Towers with Radar,12,18,33,12,75,3,6,1,1,11,15,24,34,13,86,64,48,112,198
08/26/2000,FAY,NC,ASO,EN,Towers with Radar,11,14,45,2,72,0,1,68,0,69,11,15,113,2,141,80,0,80,221
08/27/2000,FAY,NC,ASO,EN,Towers with Radar,7,9,19,5,40,4,6,11,0,21,11,15,30,5,61,0,44,44,105
08/28/2000,FAY,NC,ASO,EN,Towers with Radar,13,19,34,12,78,0,1,1,0,2,13,20,35,12,80,10,20,30,110
08/29/2000,FAY,NC,ASO,EN,Towers with Radar,12,24,50,14,100,0,0,24,0,24,12,24,74,14,124,30,26,56,180
08/30/2000,FAY,NC,ASO,EN,Towers with Radar,11,21,29,13,74,0,0,0,0,0,11,21,29,13,74,2,30,32,106
08/31/2000,FAY,NC,ASO,EN,Towers with Radar,11,20,36,4,71,0,1,7,1,9,11,21,43,5,80,32,4,36,116
09/01/2000,FAY,NC,ASO,EN,Towers with Radar,11,16,29,0,56,3,0,10,0,13,14,16,39,0,69,30,0,30,99
09/02/2000,FAY,NC,ASO,EN,Towers with Radar,11,9,11,0,31,1,0,0,0,1,12,9,11,0,32,0,0,0,32
09/03/2000,FAY,NC,ASO,EN,Towers with Radar,5,9,14,0,28,7,3,15,0,25,12,12,29,0,53,30,0,30,83
09/04/2000,FAY,NC,ASO,EN,Towers with Radar,9,12,13,0,34,1,0,1,0,2,10,12,14,0,36,4,0,4,40
09/05/2000,FAY,NC,ASO,EN,Towers with Radar,14,21,37,49,121,1,0,1,0,2,15,21,38,49,123,0,8,8,131
09/06/2000,FAY,NC,ASO,EN,Towers with Radar,12,21,42,26,101,0,0,0,24,24,12,21,42,50,125,6,122,128,253
09/07/2000,FAY,NC,ASO,EN,Towers with Radar,11,20,47,17,95,1,1,16,0,18,12,21,63,17,113,46,64,110,223
09/08/2000,FAY,NC,ASO,EN,Towers with Radar,16,18,39,24,97,0,0,56,16,72,16,18,95,40,169,52,38,90,259
09/09/2000,FAY,NC,ASO,EN,Towers with Radar,14,10,20,2,46,0,4,39,1,44,14,14,59,3,90,34,0,34,124
09/10/2000,FAY,NC,ASO,EN,Towers with Radar,13,10,36,8,67,0,2,39,1,42,13,12,75,9,109,84,10,94,203
09/11/2000,FAY,NC,ASO,EN,Towers with Radar,11,18,34,14,77,0,4,17,0,21,11,22,51,14,98,30,34,64,162
09/12/2000,FAY,NC,ASO,EN,Towers with Radar,10,24,21,24,79,1,0,22,0,23,11,24,43,24,102,12,16,28,130
09/13/2000,FAY,NC,ASO,EN,Towers with Radar,14,21,46,28,109,0,0,5,9,14,14,21,51,37,123,18,82,100,223
09/14/2000,FAY,NC,ASO,EN,Towers with Radar,11,21,36,15,83,0,1,9,1,11,11,22,45,16,94,4,4,8,102
09/15/2000,FAY,NC,ASO,EN,Towers with Radar,16,16,38,12,82,0,5,29,0,34,16,21,67,12,116,22,4,26,142
09/16/2000,FAY,NC,ASO,EN,Towers with Radar,15,10,22,0,47,0,4,41,0,45,15,14,63,0,92,44,0,44,136
09/17/2000,FAY,NC,ASO,EN,Towers with Radar,13,11,43,0,67,0,2,32,0,34,13,13,75,0,101,16,0,16,117
09/18/2000,FAY,NC,ASO,EN,Towers with Radar,10,23,21,8,62,0,0,1,0,1,10,23,22,8,63,0,0,0,63
09/19/2000,FAY,NC,ASO,EN,Towers with Radar,13,20,35,39,107,0,2,20,6,28,13,22,55,45,135,10,60,70,205
09/20/2000,FAY,NC,ASO,EN,Towers with Radar,14,20,26,16,76,0,2,26,0,28,14,22,52,16,104,12,82,94,198
09/21/2000,FAY,NC,ASO,EN,Towers with Radar,9,19,23,38,89,3,0,12,0,15,12,19,35,38,104,0,38,38,142
09/22/2000,FAY,NC,ASO,EN,Towers with Radar,9,25,21,19,74,0,0,4,0,4,9,25,25,19,78,0,4,4,82
09/23/2000,FAY,NC,ASO,EN,Towers with Radar,16,11,11,2,40,0,0,1,0,1,16,11,12,2,41,0,0,0,41
09/24/2000,FAY,NC,ASO,EN,Towers with Radar,11,11,42,0,64,0,0,18,0,18,11,11,60,0,82,88,0,88,170
09/25/2000,FAY,NC,ASO,EN,Towers with Radar,11,17,27,16,71,1,2,14,18,35,12,19,41,34,106,0,28,28,134
09/26/2000,FAY,NC,ASO,EN,Towers with Radar,13,19,31,6,69,2,3,26,0,31,15,22,57,6,100,18,14,32,132
09/27/2000,FAY,NC,ASO,EN,Towers with Radar,14,19,34,20,87,1,0,47,0,48,15,19,81,20,135,38,32,70,205
09/28/2000,FAY,NC,ASO,EN,Towers with Radar,12,19,31,19,81,0,6,21,32,59,12,25,52,51,140,12,80,92,232
09/29/2000,FAY,NC,ASO,EN,Towers with Radar,14,19,32,19,84,1,0,33,8,42,15,19,65,27,126,0,16,16,142
09/30/2000,FAY,NC,ASO,EN,Towers with Radar,9,13,21,12,55,2,1,33,0,36,11,14,54,12,91,38,4,42,133
10/01/2000,FAY,NC,ASO,EN,Towers with Radar,8,11,25,6,50,6,0,44,0,50,14,11,69,6,100,182,0,182,282
10/02/2000,FAY,NC,ASO,EN,Towers with Radar,9,20,16,24,69,2,0,32,13,47,11,20,48,37,116,2,58,60,176
10/03/2000,FAY,NC,ASO,EN,Towers with Radar,12,22,43,26,103,0,2,40,1,43,12,24,83,27,146,24,34,58,204
10/04/2000,FAY,NC,ASO,EN,Towers with Radar,15,20,34,31,100,0,3,17,1,21,15,23,51,32,121,50,38,88,209
10/05/2000,FAY,NC,ASO,EN,Towers with Radar,9,23,44,9,85,4,0,51,42,97,13,23,95,51,182,36,36,72,254
10/06/2000,FAY,NC,ASO,EN,Towers with Radar,14,20,20,14,68,0,0,30,1,31,14,20,50,15,99,34,4,38,137
10/07/2000,FAY,NC,ASO,EN,Towers with Radar,11,13,9,0,33,0,0,27,0,27,11,13,36,0,60,10,0,10,70
10/08/2000,FAY,NC,ASO,EN,Towers with Radar,14,10,11,3,38,0,0,9,1,10,14,10,20,4,48,38,0,38,86
10/09/2000,FAY,NC,ASO,EN,Towers with Radar,7,11,18,2,38,4,4,24,0,32,11,15,42,2,70,4,0,4,74
10/10/2000,FAY,NC,ASO,EN,Towers with Radar,10,19,33,15,77,0,7,43,5,55,10,26,76,20,132,16,48,64,196
10/11/2000,FAY,NC,ASO,EN,Towers with Radar,12,19,34,8,73,0,3,29,0,32,12,22,63,8,105,34,14,48,153
10/12/2000,FAY,NC,ASO,EN,Towers with Radar,10,23,43,33,109,0,1,34,1,36,10,24,77,34,145,34,36,70,215
10/13/2000,FAY,NC,ASO,EN,Towers with Radar,16,14,33,43,106,0,1,30,5,36,16,15,63,48,142,22,64,86,228
10/14/2000,FAY,NC,ASO,EN,Towers with Radar,13,12,25,2,52,0,0,44,5,49,13,12,69,7,101,40,0,40,141
10/15/2000,FAY,NC,ASO,EN,Towers with Radar,9,12,22,0,43,6,0,49,0,55,15,12,71,0,98,14,0,14,112
10/16/2000,FAY,NC,ASO,EN,Towers with Radar,9,17,30,6,62,0,4,31,0,35,9,21,61,6,97,6,22,28,125
10/17/2000,FAY,NC,ASO,EN,Towers with Radar,13,23,32,15,83,0,0,17,3,20,13,23,49,18,103,16,12,28,131
10/18/2000,FAY,NC,ASO,EN,Towers with Radar,10,21,35,10,76,0,0,9,0,9,10,21,44,10,85,20,0,20,105
10/19/2000,FAY,NC,ASO,EN,Towers with Radar,11,22,38,2,73,0,7,17,0,24,11,29,55,2,97,2,0,2,99
10/20/2000,FAY,NC,ASO,EN,Towers with Radar,12,21,36,5,74,0,2,37,0,39,12,23,73,5,113,10,20,30,143
10/21/2000,FAY,NC,ASO,EN,Towers with Radar,7,9,17,6,39,3,5,55,0,63,10,14,72,6,102,10,0,10,112
10/22/2000,FAY,NC,ASO,EN,Towers with Radar,12,13,28,2,55,1,0,42,0,43,13,13,70,2,98,0,0,0,98
10/23/2000,FAY,NC,ASO,EN,Towers with Radar,11,19,34,16,80,0,1,29,4,34,11,20,63,20,114,10,18,28,142
10/24/2000,FAY,NC,ASO,EN,Towers with Radar,10,23,41,20,94,0,0,36,16,52,10,23,77,36,146,6,4,10,156
10/25/2000,FAY,NC,ASO,EN,Towers with Radar,10,22,39,19,90,0,0,16,1,17,10,22,55,20,107,28,14,42,149
10/26/2000,FAY,NC,ASO,EN,Towers with Radar,11,22,43,21,97,0,0,21,21,42,11,22,64,42,139,20,68,88,227
10/27/2000,FAY,NC,ASO,EN,Towers with Radar,13,17,34,16,80,2,0,38,16,56,15,17,72,32,136,12,26,38,174
10/28/2000,FAY,NC,ASO,EN,Towers with Radar,6,10,18,2,36,9,1,53,0,63,15,11,71,2,99,10,0,10,109
10/29/2000,FAY,NC,ASO,EN,Towers with Radar,7,11,20,2,40,8,0,49,0,57,15,11,69,2,97,66,0,66,163
10/30/2000,FAY,NC,ASO,EN,Towers with Radar,12,20,34,16,82,0,1,11,8,20,12,21,45,24,102,46,4,50,152
10/31/2000,FAY,NC,ASO,EN,Towers with Radar,14,20,36,17,87,1,1,40,3,45,15,21,76,20,132,32,16,48,180
11/01/2000,FAY,NC,ASO,EN,Towers with Radar,8,22,31,18,79,0,0,34,0,34,8,22,65,18,113,18,10,28,141
11/02/2000,FAY,NC,ASO,EN,Towers with Radar,8,24,35,23,90,0,0,0,10,10,8,24,35,33,100,2,58,60,160
11/03/2000,FAY,NC,ASO,EN,Towers with Radar,11,21,27,18,77,0,1,41,1,43,11,22,68,19,120,42,8,50,170
11/04/2000,FAY,NC,ASO,EN,Towers with Radar,6,13,16,0,35,0,2,26,0,28,6,15,42,0,63,52,0,52,115
11/05/2000,FAY,NC,ASO,EN,Towers with Radar,7,14,18,2,41,1,3,65,0,69,8,17,83,2,110,102,12,114,224
11/06/2000,FAY,NC,ASO,EN,Towers with Radar,9,21,28,8,66,0,2,38,0,40,9,23,66,8,106,44,8,52,158
11/07/2000,FAY,NC,ASO,EN,Towers with Radar,10,21,37,24,92,0,0,12,5,17,10,21,49,29,109,14,46,60,169
11/08/2000,FAY,NC,ASO,EN,Towers with Radar,9,24,31,6,70,0,4,4,0,8,9,28,35,6,78,42,0,42,120
11/09/2000,FAY,NC,ASO,EN,Towers with Radar,8,18,25,0,51,0,3,0,0,3,8,21,25,0,54,4,0,4,58
11/10/2000,FAY,NC,ASO,EN,Towers with Radar,8,15,20,0,43,5,14,14,0,33,13,29,34,0,76,10,0,10,86
11/11/2000,FAY,NC,ASO,EN,Towers with Radar,6,13,16,1,36,6,0,39,0,45,12,13,55,1,81,48,0,48,129
11/12/2000,FAY,NC,ASO,EN,Towers with Radar,6,14,17,1,38,2,0,73,0,75,8,14,90,1,113,12,0,12,125
11/13/2000,FAY,NC,ASO,EN,Towers with Radar,7,16,21,14,58,1,9,29,0,39,8,25,50,14,97,146,16,162,259
11/14/2000,FAY,NC,ASO,EN,Towers with Radar,8,25,40,26,99,0,0,4,10,14,8,25,44,36,113,32,30,62,175
11/15/2000,FAY,NC,ASO,EN,Towers with Radar,10,20,37,25,92,0,0,32,19,51,10,20,69,44,143,44,12,56,199
11/16/2000,FAY,NC,ASO,EN,Towers with Radar,10,23,38,15,86,0,0,36,0,36,10,23,74,15,122,38,12,50,172
11/17/2000,FAY,NC,ASO,EN,Towers with Radar,14,17,35,27,93,1,0,0,34,35,15,17,35,61,128,8,14,22,150
11/18/2000,FAY,NC,ASO,EN,Towers with Radar,5,13,17,4,39,7,5,42,0,54,12,18,59,4,93,14,0,14,107
11/19/2000,FAY,NC,ASO,EN,Towers with Radar,3,9,11,2,25,5,10,2,0,17,8,19,13,2,42,0,0,0,42
11/20/2000,FAY,NC,ASO,EN,Towers with Radar,9,25,34,21,89,0,2,2,2,6,9,27,36,23,95,4,58,62,157
11/21/2000,FAY,NC,ASO,EN,Towers with Radar,8,23,32,21,84,0,0,38,21,59,8,23,70,42,143,86,64,150,293
11/22/2000,FAY,NC,ASO,EN,Towers with Radar,10,19,34,22,85,0,0,21,19,40,10,19,55,41,125,10,42,52,177
11/23/2000,FAY,NC,ASO,EN,Towers with Radar,3,8,11,0,22,7,7,15,0,29,10,15,26,0,51,8,0,8,59
11/24/2000,FAY,NC,ASO,EN,Towers with Radar,5,11,16,0,32,4,2,37,0,43,9,13,53,0,75,8,0,8,83
11/25/2000,FAY,NC,ASO,EN,Towers with Radar,3,7,9,0,19,2,9,0,0,11,5,16,9,0,30,0,0,0,30
11/26/2000,FAY,NC,ASO,EN,Towers with Radar,5,14,24,2,45,0,0,37,0,37,5,14,61,2,82,0,0,0,82
11/27/2000,FAY,NC,ASO,EN,Towers with Radar,9,20,28,17,74,1,0,24,20,45,10,20,52,37,119,32,0,32,151
11/28/2000,FAY,NC,ASO,EN,Towers with Radar,9,20,27,17,73,1,4,53,24,82,10,24,80,41,155,64,60,124,279
11/29/2000,FAY,NC,ASO,EN,Towers with Radar,9,20,28,14,71,1,5,31,0,37,10,25,59,14,108,56,62,118,226
11/30/2000,FAY,NC,ASO,EN,Towers with Radar,10,17,32,20,79,0,0,10,11,21,10,17,42,31,100,16,36,52,152
12/01/2000,FAY,NC,ASO,EN,Towers with Radar,10,24,34,7,75,0,0,39,0,39,10,24,73,7,114,40,16,56,170
12/02/2000,FAY,NC,ASO,EN,Towers with Radar,7,15,21,7,50,3,0,23,0,26,10,15,44,7,76,4,0,4,80
12/03/2000,FAY,NC,ASO,EN,Towers with Radar,4,7,5,2,18,0,1,0,0,1,4,8,5,2,19,0,0,0,19
12/04/2000,FAY,NC,ASO,EN,Towers with Radar,10,22,29,16,77,0,6,19,5,30,10,28,48,21,107,32,38,70,177
12/05/2000,FAY,NC,ASO,EN,Towers with Radar,10,22,31,18,81,0,0,17,10,27,10,22,48,28,108,34,170,204,312
12/06/2000,FAY,NC,ASO,EN,Towers with Radar,10,22,43,24,99,0,0,30,21,51,10,22,73,45,150,18,82,100,250
12/07/2000,FAY,NC,ASO,EN,Towers with Radar,10,21,38,20,89,0,0,19,12,31,10,21,57,32,120,26,28,54,174
12/08/2000,FAY,NC,ASO,EN,Towers with Radar,10,22,36,19,87,0,0,47,14,61,10,22,83,33,148,6,50,56,204
12/09/2000,FAY,NC,ASO,EN,Towers with Radar,6,14,17,1,38,4,2,62,0,68,10,16,79,1,106,16,0,16,122
12/10/2000,FAY,NC,ASO,EN,Towers with Radar,7,15,18,6,46,2,0,18,0,20,9,15,36,6,66,0,0,0,66
12/11/2000,FAY,NC,ASO,EN,Towers with Radar,10,27,35,20,92,0,0,0,16,16,10,27,35,36,108,0,26,26,134
12/12/2000,FAY,NC,ASO,EN,Towers with Radar,10,25,41,21,97,0,0,26,0,26,10,25,67,21,123,34,42,76,199
12/13/2000,FAY,NC,ASO,EN,Towers with Radar,10,27,40,22,99,0,0,7,8,15,10,27,47,30,114,46,82,128,242
12/14/2000,FAY,NC,ASO,EN,Towers with Radar,10,24,45,25,104,0,0,13,71,84,10,24,58,96,188,0,22,22,210
12/15/2000,FAY,NC,ASO,EN,Towers with Radar,10,30,36,20,96,0,0,64,9,73,10,30,100,29,169,18,10,28,197
12/16/2000,FAY,NC,ASO,EN,Towers with Radar,3,8,7,3,21,1,4,0,0,5,4,12,7,3,26,0,0,0,26
12/17/2000,FAY,NC,ASO,EN,Towers with Radar,4,9,10,2,25,1,10,8,0,19,5,19,18,2,44,0,0,0,44
12/18/2000,FAY,NC,ASO,EN,Towers with Radar,10,25,32,17,84,0,1,48,4,53,10,26,80,21,137,46,4,50,187
12/19/2000,FAY,NC,ASO,EN,Towers with Radar,8,19,24,10,61,0,0,16,0,16,8,19,40,10,77,20,0,20,97
12/20/2000,FAY,NC,ASO,EN,Towers with Radar,10,22,38,23,93,0,0,36,5,41,10,22,74,28,134,38,22,60,194
12/21/2000,FAY,NC,ASO,EN,Towers with Radar,10,19,32,10,71,0,0,9,0,9,10,19,41,10,80,26,10,36,116
12/22/2000,FAY,NC,ASO,EN,Towers with Radar,7,18,21,3,49,2,4,3,0,9,9,22,24,3,58,20,0,20,78
12/23/2000,FAY,NC,ASO,EN,Towers with Radar,5,13,17,0,35,4,3,54,0,61,9,16,71,0,96,44,0,44,140
12/24/2000,FAY,NC,ASO,EN,Towers with Radar,2,6,8,0,16,5,13,10,0,28,7,19,18,0,44,14,0,14,58
12/25/2000,FAY,NC,ASO,EN,Towers with Radar,2,6,9,0,17,4,9,11,0,24,6,15,20,0,41,0,0,0,41
12/26/2000,FAY,NC,ASO,EN,Towers with Radar,6,17,21,0,44,2,12,13,0,27,8,29,34,0,71,58,0,58,129
12/27/2000,FAY,NC,ASO,EN,Towers with Radar,6,23,15,16,60,0,3,0,18,21,6,26,15,34,81,0,52,52,133
12/28/2000,FAY,NC,ASO,EN,Towers with Radar,7,17,24,10,58,3,0,14,0,17,10,17,38,10,75,100,78,178,253
12/29/2000,FAY,NC,ASO,EN,Towers with Radar,5,20,24,0,49,0,8,3,0,11,5,28,27,0,60,62,16,78,138
12/30/2000,FAY,NC,ASO,EN,Towers with Radar,3,8,12,2,25,4,7,40,0,51,7,15,52,2,76,18,0,18,94
12/31/2000,FAY,NC,ASO,EN,Towers with Radar,3,9,11,0,23,4,9,21,0,34,7,18,32,0,57,30,0,30,87
01/01/2001,FAY,NC,ASO,EN,Towers with Radar,3,11,13,0,27,2,8,64,0,74,5,19,77,0,101,42,0,42,143
01/02/2001,FAY,NC,ASO,EN,Towers with Radar,6,20,23,3,52,0,13,33,0,46,6,33,56,3,98,68,0,68,166
01/03/2001,FAY,NC,ASO,EN,Towers with Radar,8,25,29,19,81,0,8,44,2,54,8,33,73,21,135,102,24,126,261
01/04/2001,FAY,NC,ASO,EN,Towers with Radar,6,24,27,19,76,2,5,43,1,51,8,29,70,20,127,44,16,60,187
01/05/2001,FAY,NC,ASO,EN,Towers with Radar,7,23,26,13,69,2,0,11,0,13,9,23,37,13,82,2,20,22,104
01/06/2001,FAY,NC,ASO,EN,Towers with Radar,5,15,18,10,48,3,2,59,2,66,8,17,77,12,114,120,56,176,290
01/07/2001,FAY,NC,ASO,EN,Towers with Radar,5,15,19,12,51,5,2,40,0,47,10,17,59,12,98,48,0,48,146
01/08/2001,FAY,NC,ASO,EN,Towers with Radar,7,25,14,23,69,0,0,0,23,23,7,25,14,46,92,0,8,8,100
01/09/2001,FAY,NC,ASO,EN,Towers with Radar,7,26,32,23,88,0,0,6,4,10,7,26,38,27,98,32,52,84,182
01/10/2001,FAY,NC,ASO,EN,Towers with Radar,6,30,38,26,100,0,0,19,4,23,6,30,57,30,123,118,80,198,321
01/11/2001,FAY,NC,ASO,EN,Towers with Radar,8,29,39,27,103,0,0,22,5,27,8,29,61,32,130,12,74,86,216
01/12/2001,FAY,NC,ASO,EN,Towers with Radar,6,28,33,23,90,0,0,27,0,27,6,28,60,23,117,40,42,82,199
01/13/2001,FAY,NC,ASO,EN,Towers with Radar,6,17,21,14,58,2,3,65,12,82,8,20,86,26,140,46,24,70,210
01/14/2001,FAY,NC,ASO,EN,Towers with Radar,6,17,20,3,46,2,3,27,0,32,8,20,47,3,78,4,0,4,82
01/15/2001,FAY,NC,ASO,EN,Towers with Radar,7,25,23,5,60,0,0,23,1,24,7,25,46,6,84,44,8,52,136
01/16/2001,FAY,NC,ASO,EN,Towers with Radar,8,33,36,25,102,0,2,47,3,52,8,35,83,28,154,22,20,42,196
01/17/2001,FAY,NC,ASO,EN,Towers with Radar,7,29,43,30,109,0,0,4,0,4,7,29,47,30,113,18,28,46,159
01/18/2001,FAY,NC,ASO,EN,Towers with Radar,7,24,32,40,103,1,0,7,4,12,8,24,39,44,115,12,40,52,167
01/19/2001,FAY,NC,ASO,EN,Towers with Radar,7,14,16,10,47,0,0,5,2,7,7,14,21,12,54,18,42,60,114
01/20/2001,FAY,NC,ASO,EN,Towers with Radar,5,24,11,6,46,0,0,2,0,2,5,24,13,6,48,6,0,6,54
01/21/2001,FAY,NC,ASO,EN,Towers with Radar,5,20,20,10,55,0,0,45,1,46,5,20,65,11,101,6,78,84,185
01/22/2001,FAY,NC,ASO,EN,Towers with Radar,3,26,36,19,84,0,0,26,6,32,3,26,62,25,116,4,36,40,156
01/23/2001,FAY,NC,ASO,EN,Towers with Radar,7,27,16,40,90,0,0,51,1,52,7,27,67,41,142,6,66,72,214
01/24/2001,FAY,NC,ASO,EN,Towers with Radar,9,26,41,29,105,0,0,14,4,18,9,26,55,33,123,10,20,30,153
01/25/2001,FAY,NC,ASO,EN,Towers with Radar,9,25,29,24,87,0,0,16,0,16,9,25,45,24,103,6,16,22,125
01/26/2001,FAY,NC,ASO,EN,Towers with Radar,9,25,21,56,111,0,0,48,9,57,9,25,69,65,168,18,22,40,208
01/27/2001,FAY,NC,ASO,EN,Towers with Radar,8,19,11,0,38,0,0,35,3,38,8,19,46,3,76,24,16,40,116
01/28/2001,FAY,NC,ASO,EN,Towers with Radar,5,21,20,0,46,0,0,39,0,39,5,21,59,0,85,16,0,16,101
01/29/2001,FAY,NC,ASO,EN,Towers with Radar,6,31,39,20,96,0,0,24,2,26,6,31,63,22,122,20,24,44,166
01/30/2001,FAY,NC,ASO,EN,Towers with Radar,5,25,26,37,93,0,0,3,0,3,5,25,29,37,96,0,18,18,114
01/31/2001,FAY,NC,ASO,EN,Towers with Radar,6,25,42,15,88,0,0,27,0,27,6,25,69,15,115,0,18,18,133
02/01/2001,FAY,NC,ASO,EN,Towers with Radar,6,36,35,6,83,0,2,32,7,41,6,38,67,13,124,50,22,72,196
02/02/2001,FAY,NC,ASO,EN,Towers with Radar,9,27,30,21,87,0,0,18,5,23,9,27,48,26,110,54,92,146,256
02/03/2001,FAY,NC,ASO,EN,Towers with Radar,7,22,49,0,78,0,0,41,1,42,7,22,90,1,120,112,0,112,232
02/04/2001,FAY,NC,ASO,EN,Towers with Radar,6,23,28,0,57,0,0,5,2,7,6,23,33,2,64,18,0,18,82
02/05/2001,FAY,NC,ASO,EN,Towers with Radar,3,32,20,31,86,0,1,16,4,21,3,33,36,35,107,36,14,50,157
02/06/2001,FAY,NC,ASO,EN,Towers with Radar,2,28,35,19,84,0,0,47,2,49,2,28,82,21,133,20,50,70,203
02/07/2001,FAY,NC,ASO,EN,Towers with Radar,5,27,33,14,79,0,0,52,6,58,5,27,85,20,137,58,12,70,207
02/08/2001,FAY,NC,ASO,EN,Towers with Radar,4,33,23,2,62,0,0,31,3,34,4,33,54,5,96,60,52,112,208
02/09/2001,FAY,NC,ASO,EN,Towers with Radar,3,35,32,14,84,0,0,21,2,23,3,35,53,16,107,6,14,20,127
02/10/2001,FAY,NC,ASO,EN,Towers with Radar,7,19,13,0,39,0,0,27,0,27,7,19,40,0,66,16,0,16,82
02/11/2001,FAY,NC,ASO,EN,Towers with Radar,6,30,8,0,44,0,0,39,0,39,6,30,47,0,83,144,0,144,227
02/12/2001,FAY,NC,ASO,EN,Towers with Radar,2,29,10,2,43,0,0,0,0,0,2,29,10,2,43,0,0,0,43
02/13/2001,FAY,NC,ASO,EN,Towers with Radar,8,23,46,19,96,0,0,13,1,14,8,23,59,20,110,20,72,92,202
02/14/2001,FAY,NC,ASO,EN,Towers with Radar,4,23,14,10,51,0,0,0,2,2,4,23,14,12,53,0,58,58,111
02/15/2001,FAY,NC,ASO,EN,Towers with Radar,5,29,41,4,79,0,0,21,0,21,5,29,62,4,100,8,0,8,108
02/16/2001,FAY,NC,ASO,EN,Towers with Radar,5,30,41,3,79,0,0,17,0,17,5,30,58,3,96,36,0,36,132
02/17/2001,FAY,NC,ASO,EN,Towers with Radar,2,15,14,0,31,7,4,22,0,33,9,19,36,0,64,20,0,20,84
02/18/2001,FAY,NC,ASO,EN,Towers with Radar,2,18,16,0,36,2,6,32,0,40,4,24,48,0,76,96,0,96,172
02/19/2001,FAY,NC,ASO,EN,Towers with Radar,4,31,25,0,60,0,0,32,0,32,4,31,57,0,92,32,0,32,124
02/20/2001,FAY,NC,ASO,EN,Towers with Radar,3,34,41,4,82,0,0,34,1,35,3,34,75,5,117,24,0,24,141
02/21/2001,FAY,NC,ASO,EN,Towers with Radar,4,30,24,32,90,0,1,19,4,24,4,31,43,36,114,32,38,70,184
02/22/2001,FAY,NC,ASO,EN,Towers with Radar,1,28,7,3,39,0,0,0,0,0,1,28,7,3,39,0,0,0,39
02/23/2001,FAY,NC,ASO,EN,Towers with Radar,4,31,48,7,90,0,2,26,1,29,4,33,74,8,119,64,6,70,189
02/24/2001,FAY,NC,ASO,EN,Towers with Radar,7,27,15,14,63,0,0,37,1,38,7,27,52,15,101,24,4,28,129
02/25/2001,FAY,NC,ASO,EN,Towers with Radar,5,21,17,5,48,0,0,1,1,2,5,21,18,6,50,20,0,20,70
02/26/2001,FAY,NC,ASO,EN,Towers with Radar,4,31,27,28,90,0,0,30,6,36,4,31,57,34,126,28,46,74,200
02/27/2001,FAY,NC,ASO,EN,Towers with Radar,4,26,26,8,64,1,11,58,0,70,5,37,84,8,134,0,0,0,134
02/28/2001,FAY,NC,ASO,EN,Towers with Radar,4,32,27,24,87,0,0,10,0,10,4,32,37,24,97,26,0,26,123
03/01/2001,FAY,NC,ASO,EN,Towers with Radar,3,30,25,19,77,1,0,29,14,44,4,30,54,33,121,58,2,60,181
03/02/2001,FAY,NC,ASO,EN,Towers with Radar,4,32,51,19,106,0,0,25,0,25,4,32,76,19,131,78,50,128,259
03/03/2001,FAY,NC,ASO,EN,Towers with Radar,5,16,27,17,65,0,0,6,0,6,5,16,33,17,71,50,0,50,121
03/04/2001,FAY,NC,ASO,EN,Towers with Radar,4,14,1,4,23,0,1,0,0,1,4,15,1,4,24,0,0,0,24
03/05/2001,FAY,NC,ASO,EN,Towers with Radar,5,25,8,17,55,0,0,3,0,3,5,25,11,17,58,8,2,10,68
03/06/2001,FAY,NC,ASO,EN,Towers with Radar,3,17,16,7,43,2,14,10,2,28,5,31,26,9,71,0,10,10,81
03/07/2001,FAY,NC,ASO,EN,Towers with Radar,2,30,31,24,87,0,0,26,3,29,2,30,57,27,116,42,16,58,174
03/08/2001,FAY,NC,ASO,EN,Towers with Radar,4,29,31,14,78,0,1,35,3,39,4,30,66,17,117,22,8,30,147
03/09/2001,FAY,NC,ASO,EN,Towers with Radar,4,27,39,26,96,0,0,35,1,36,4,27,74,27,132,116,22,138,270
03/10/2001,FAY,NC,ASO,EN,Towers with Radar,7,19,8,2,36,0,0,57,0,57,7,19,65,2,93,100,4,104,197
03/11/2001,FAY,NC,ASO,EN,Towers with Radar,4,30,23,3,60,0,0,56,0,56,4,30,79,3,116,94,18,112,228
03/12/2001,FAY,NC,ASO,EN,Towers with Radar,4,31,27,29,91,0,0,9,0,9,4,31,36,29,100,4,20,24,124
03/13/2001,FAY,NC,ASO,EN,Towers with Radar,4,26,25,11,66,0,0,14,7,21,4,26,39,18,87,14,12,26,113
03/14/2001,FAY,NC,ASO,EN,Towers with Radar,4,33,48,15,100,0,1,63,1,65,4,34,111,16,165,24,4,28,193
03/15/2001,FAY,NC,ASO,EN,Towers with Radar,6,29,24,7,66,0,0,3,0,3,6,29,27,7,69,10,0,10,79
03/16/2001,FAY,NC,ASO,EN,Towers with Radar,5,33,32,11,81,0,0,20,0,20,5,33,52,11,101,34,8,42,143
03/17/2001,FAY,NC,ASO,EN,Towers with Radar,8,19,20,13,60,0,0,54,0,54,8,19,74,13,114,130,10,140,254
03/18/2001,FAY,NC,ASO,EN,Towers with Radar,5,22,39,2,68,0,0,51,2,53,5,22,90,4,121,154,0,154,275
03/19/2001,FAY,NC,ASO,EN,Towers with Radar,6,28,23,8,65,0,1,50,2,53,6,29,73,10,118,84,4,88,206
03/20/2001,FAY,NC,ASO,EN,Towers with Radar,4,24,10,0,38,0,0,1,0,1,4,24,11,0,39,0,0,0,39
03/21/2001,FAY,NC,ASO,EN,Towers with Radar,4,34,17,18,73,0,0,0,29,29,4,34,17,47,102,20,18,38,140
03/22/2001,FAY,NC,ASO,EN,Towers with Radar,1,32,24,16,73,0,0,45,3,48,1,32,69,19,121,54,2,56,177
03/23/2001,FAY,NC,ASO,EN,Towers with Radar,7,24,29,11,71,0,1,78,2,81,7,25,107,13,152,98,0,98,250
03/24/2001,FAY,NC,ASO,EN,Towers with Radar,9,18,6,0,33,0,0,46,0,46,9,18,52,0,79,108,0,108,187
03/25/2001,FAY,NC,ASO,EN,Towers with Radar,4,23,22,6,55,2,0,30,0,32,6,23,52,6,87,98,24,122,209
03/26/2001,FAY,NC,ASO,EN,Towers with Radar,4,31,31,13,79,0,2,58,0,60,4,33,89,13,139,32,18,50,189
03/27/2001,FAY,NC,ASO,EN,Towers with Radar,5,29,36,5,75,0,1,40,2,43,5,30,76,7,118,60,12,72,190
03/28/2001,FAY,NC,ASO,EN,Towers with Radar,6,27,27,10,70,0,0,51,0,51,6,27,78,10,121,42,28,70,191
03/29/2001,FAY,NC,ASO,EN,Towers with Radar,4,22,22,2,50,2,0,0,0,2,6,22,22,2,52,0,0,0,52
03/30/2001,FAY,NC,ASO,EN,Towers with Radar,6,26,34,5,71,0,2,42,2,46,6,28,76,7,117,82,34,116,233
03/31/2001,FAY,NC,ASO,EN,Towers with Radar,4,20,25,9,58,0,0,40,2,42,4,20,65,11,100,104,0,104,204
04/01/2001,FAY,NC,ASO,EN,Towers with Radar,2,24,23,2,51,4,0,2,0,6,6,24,25,2,57,0,0,0,57
04/02/2001,FAY,NC,ASO,EN,Towers with Radar,2,31,37,0,70,0,1,67,3,71,2,32,104,3,141,40,0,40,181
04/03/2001,FAY,NC,ASO,EN,Towers with Radar,4,28,31,10,73,0,0,26,6,32,4,28,57,16,105,20,46,66,171
04/04/2001,FAY,NC,ASO,EN,Towers with Radar,4,27,41,5,77,0,1,11,4,16,4,28,52,9,93,10,12,22,115
04/05/2001,FAY,NC,ASO,EN,Towers with Radar,4,28,40,7,79,0,1,48,1,50,4,29,88,8,129,122,0,122,251
04/06/2001,FAY,NC,ASO,EN,Towers with Radar,6,29,33,10,78,0,1,75,3,79,6,30,108,13,157,100,8,108,265
04/07/2001,FAY,NC,ASO,EN,Towers with Radar,9,20,20,0,49,0,1,51,0,52,9,21,71,0,101,160,2,162,263
04/08/2001,FAY,NC,ASO,EN,Towers with Radar,3,28,29,0,60,0,1,57,0,58,3,29,86,0,118,56,0,56,174
04/09/2001,FAY,NC,ASO,EN,Towers with Radar,4,27,31,24,86,0,1,37,2,40,4,28,68,26,126,30,4,34,160
04/10/2001,FAY,NC,ASO,EN,Towers with Radar,2,30,33,10,75,0,1,50,5,56,2,31,83,15,131,46,2,48,179
04/11/2001,FAY,NC,ASO,EN,Towers with Radar,4,30,38,12,84,0,0,31,5,36,4,30,69,17,120,36,10,46,166
04/12/2001,FAY,NC,ASO,EN,Towers with Radar,4,29,35,12,80,0,1,23,0,24,4,30,58,12,104,38,0,38,142
04/13/2001,FAY,NC,ASO,EN,Towers with Radar,4,25,40,5,74,0,1,23,0,24,4,26,63,5,98,54,20,74,172
04/14/2001,FAY,NC,ASO,EN,Towers with Radar,9,23,22,1,55,0,1,60,0,61,9,24,82,1,116,58,0,58,174
04/15/2001,FAY,NC,ASO,EN,Towers with Radar,6,25,17,0,48,0,1,6,0,7,6,26,23,0,55,18,0,18,73
04/16/2001,FAY,NC,ASO,EN,Towers with Radar,4,28,27,15,74,0,1,37,4,42,4,29,64,19,116,32,6,38,154
04/17/2001,FAY,NC,ASO,EN,Towers with Radar,6,29,36,15,86,0,1,7,2,10,6,30,43,17,96,8,12,20,116
04/18/2001,FAY,NC,ASO,EN,Towers with Radar,5,27,16,6,54,0,1,24,1,26,5,28,40,7,80,22,8,30,110
04/19/2001,FAY,NC,ASO,EN,Towers with Radar,3,29,37,28,97,1,0,49,1,51,4,29,86,29,148,56,36,92,240
04/20/2001,FAY,NC,ASO,EN,Towers with Radar,4,31,21,14,70,0,0,43,1,44,4,31,64,15,114,22,34,56,170
04/21/2001,FAY,NC,ASO,EN,Towers with Radar,7,28,24,3,62,0,0,52,1,53,7,28,76,4,115,32,4,36,151
04/22/2001,FAY,NC,ASO,EN,Towers with Radar,5,30,14,4,53,0,0,43,1,44,5,30,57,5,97,78,2,80,177
04/23/2001,FAY,NC,ASO,EN,Towers with Radar,5,30,17,7,59,0,1,45,0,46,5,31,62,7,105,68,26,94,199
04/24/2001,FAY,NC,ASO,EN,Towers with Radar,4,32,26,20,82,0,0,13,2,15,4,32,39,22,97,0,26,26,123
04/25/2001,FAY,NC,ASO,EN,Towers with Radar,7,30,20,17,74,0,0,0,0,0,7,30,20,17,74,4,14,18,92
04/26/2001,FAY,NC,ASO,EN,Towers with Radar,4,35,24,27,90,0,0,33,5,38,4,35,57,32,128,54,32,86,214
04/27/2001,FAY,NC,ASO,EN,Towers with Radar,4,27,25,7,63,3,1,44,0,48,7,28,69,7,111,80,0,80,191
04/28/2001,FAY,NC,ASO,EN,Towers with Radar,5,26,14,0,45,0,0,41,0,41,5,26,55,0,86,70,0,70,156
04/29/2001,FAY,NC,ASO,EN,Towers with Radar,3,32,19,0,54,0,0,44,0,44,3,32,63,0,98,116,0,116,214
04/30/2001,FAY,NC,ASO,EN,Towers with Radar,7,29,33,10,79,0,0,32,0,32,7,29,65,10,111,38,2,40,151
05/01/2001,FAY,NC,ASO,EN,Towers with Radar,4,34,15,28,81,0,1,36,0,37,4,35,51,28,118,34,28,62,180
05/02/2001,FAY,NC,ASO,EN,Towers with Radar,4,27,21,13,65,0,1,44,2,47,4,28,65,15,112,58,16,74,186
05/03/2001,FAY,NC,ASO,EN,Towers with Radar,4,29,26,11,70,1,0,43,1,45,5,29,69,12,115,30,20,50,165
05/04/2001,FAY,NC,ASO,EN,Towers with Radar,4,31,19,15,69,0,1,48,3,52,4,32,67,18,121,42,32,74,195
05/05/2001,FAY,NC,ASO,EN,Towers with Radar,4,25,35,0,64,0,0,46,0,46,4,25,81,0,110,48,0,48,158
05/06/2001,FAY,NC,ASO,EN,Towers with Radar,4,25,21,9,59,0,4,41,5,50,4,29,62,14,109,34,0,34,143
05/07/2001,FAY,NC,ASO,EN,Towers with Radar,4,31,20,8,63,0,1,36,1,38,4,32,56,9,101,48,36,84,185
05/08/2001,FAY,NC,ASO,EN,Towers with Radar,4,30,33,34,101,0,0,35,1,36,4,30,68,35,137,8,24,32,169
05/09/2001,FAY,NC,ASO,EN,Towers with Radar,5,31,35,14,85,0,0,45,4,49,5,31,80,18,134,12,30,42,176
05/10/2001,FAY,NC,ASO,EN,Towers with Radar,4,32,31,8,75,0,0,27,0,27,4,32,58,8,102,30,20,50,152
05/11/2001,FAY,NC,ASO,EN,Towers with Radar,4,28,30,11,73,4,0,59,5,68,8,28,89,16,141,52,20,72,213
05/12/2001,FAY,NC,ASO,EN,Towers with Radar,6,25,16,4,51,0,1,20,0,21,6,26,36,4,72,70,0,70,142
05/13/2001,FAY,NC,ASO,EN,Towers with Radar,5,39,18,0,62,0,1,27,0,28,5,40,45,0,90,58,0,58,148
05/14/2001,FAY,NC,ASO,EN,Towers with Radar,4,33,13,16,66,0,1,36,0,37,4,34,49,16,103,26,12,38,141
05/15/2001,FAY,NC,ASO,EN,Towers with Radar,4,32,36,3,75,0,1,28,0,29,4,33,64,3,104,38,10,48,152
05/16/2001,FAY,NC,ASO,EN,Towers with Radar,4,36,34,2,76,0,1,13,0,14,4,37,47,2,90,12,10,22,112
05/17/2001,FAY,NC,ASO,EN,Towers with Radar,4,32,34,15,85,0,0,0,14,14,4,32,34,29,99,0,14,14,113
05/18/2001,FAY,NC,ASO,EN,Towers with Radar,4,32,27,10,73,0,1,40,6,47,4,33,67,16,120,28,10,38,158
05/19/2001,FAY,NC,ASO,EN,Towers with Radar,5,23,22,0,50,0,1,0,0,1,5,24,22,0,51,134,0,134,185
05/20/2001,FAY,NC,ASO,EN,Towers with Radar,5,31,15,0,51,0,1,23,0,24,5,32,38,0,75,58,0,58,133
05/21/2001,FAY,NC,ASO,EN,Towers with Radar,3,31,32,6,72,0,1,10,0,11,3,32,42,6,83,10,18,28,111
05/22/2001,FAY,NC,ASO,EN,Towers with Radar,4,22,16,7,49,0,1,10,1,12,4,23,26,8,61,2,38,40,101
05/23/2001,FAY,NC,ASO,EN,Towers with Radar,4,31,27,14,76,0,1,51,2,54,4,32,78,16,130,36,10,46,176
05/24/2001,FAY,NC,ASO,EN,Towers with Radar,4,32,23,0,59,0,1,48,1,50,4,33,71,1,109,28,0,28,137
05/25/2001,FAY,NC,ASO,EN,Towers with Radar,4,31,24,0,59,0,1,23,0,24,4,32,47,0,83,10,0,10,93
05/26/2001,FAY,NC,ASO,EN,Towers with Radar,7,29,15,0,51,0,1,32,0,33,7,30,47,0,84,30,0,30,114
05/27/2001,FAY,NC,ASO,EN,Towers with Radar,3,29,12,0,44,0,0,31,0,31,3,29,43,0,75,28,0,28,103
05/28/2001,FAY,NC,ASO,EN,Towers with Radar,2,20,18,0,40,2,15,7,0,24,4,35,25,0,64,8,0,8,72
05/29/2001,FAY,NC,ASO,EN,Towers with Radar,5,28,31,33,97,0,0,13,1,14,5,28,44,34,111,24,16,40,151
05/30/2001,FAY,NC,ASO,EN,Towers with Radar,2,31,40,9,82,0,0,59,1,60,2,31,99,10,142,48,18,66,208
05/31/2001,FAY,NC,ASO,EN,Towers with Radar,4,34,30,32,100,0,0,38,0,38,4,34,68,32,138,86,48,134,272
06/01/2001,FAY,NC,ASO,EN,Towers with Radar,3,27,35,7,72,1,1,6,0,8,4,28,41,7,80,0,4,4,84
06/02/2001,FAY,NC,ASO,EN,Towers with Radar,5,34,23,0,62,0,2,31,0,33,5,36,54,0,95,30,0,30,125
06/03/2001,FAY,NC,ASO,EN,Towers with Radar,2,28,23,0,53,0,0,45,0,45,2,28,68,0,98,52,0,52,150
06/04/2001,FAY,NC,ASO,EN,Towers with Radar,4,32,17,30,83,0,0,34,0,34,4,32,51,30,117,62,38,100,217
06/05/2001,FAY,NC,ASO,EN,Towers with Radar,4,30,32,6,72,0,1,45,1,47,4,31,77,7,119,64,28,92,211
06/06/2001,FAY,NC,ASO,EN,Towers with Radar,4,27,38,14,83,0,0,30,4,34,4,27,68,18,117,78,40,118,235
06/07/2001,FAY,NC,ASO,EN,Towers with Radar,4,31,15,7,57,0,1,32,4,37,4,32,47,11,94,96,12,108,202
06/08/2001,FAY,NC,ASO,EN,Towers with Radar,4,33,48,20,105,0,1,21,8,30,4,34,69,28,135,36,32,68,203
06/09/2001,FAY,NC,ASO,EN,Towers with Radar,6,30,23,7,66,0,1,37,1,39,6,31,60,8,105,28,0,28,133
06/10/2001,FAY,NC,ASO,EN,Towers with Radar,6,29,26,6,67,0,2,23,3,28,6,31,49,9,95,44,12,56,151
06/11/2001,FAY,NC,ASO,EN,Towers with Radar,4,30,20,6,60,0,1,17,0,18,4,31,37,6,78,34,16,50,128
06/12/2001,FAY,NC,ASO,EN,Towers with Radar,4,28,31,16,79,0,1,30,3,34,4,29,61,19,113,16,4,20,133
06/13/2001,FAY,NC,ASO,EN,Towers with Radar,4,30,18,3,55,0,1,11,0,12,4,31,29,3,67,0,2,2,69
06/14/2001,FAY,NC,ASO,EN,Towers with Radar,2,29,34,20,85,0,1,4,0,5,2,30,38,20,90,0,0,0,90
06/15/2001,FAY,NC,ASO,EN,Towers with Radar,4,31,26,7,68,0,3,3,0,6,4,34,29,7,74,48,26,74,148
06/16/2001,FAY,NC,ASO,EN,Towers with Radar,3,23,13,1,40,0,1,38,0,39,3,24,51,1,79,10,0,10,89
06/17/2001,FAY,NC,ASO,EN,Towers with Radar,4,28,9,1,42,0,1,50,0,51,4,29,59,1,93,88,0,88,181
06/18/2001,FAY,NC,ASO,EN,Towers with Radar,4,30,17,7,58,0,1,49,1,51,4,31,66,8,109,34,38,72,181
06/19/2001,FAY,NC,ASO,EN,Towers with Radar,4,27,30,9,70,0,1,48,2,51,4,28,78,11,121,78,8,86,207
06/20/2001,FAY,NC,ASO,EN,Towers with Radar,4,29,40,3,76,0,1,43,1,45,4,30,83,4,121,30,0,30,151
06/21/2001,FAY,NC,ASO,EN,Towers with Radar,4,34,33,11,82,0,0,13,13,26,4,34,46,24,108,44,8,52,160
06/22/2001,FAY,NC,ASO,EN,Towers with Radar,3,23,25,8,59,1,0,2,9,12,4,23,27,17,71,48,0,48,119
06/23/2001,FAY,NC,ASO,EN,Towers with Radar,6,29,27,8,70,0,1,9,1,11,6,30,36,9,81,28,2,30,111
06/24/2001,FAY,NC,ASO,EN,Towers with Radar,4,31,20,0,55,0,1,22,0,23,4,32,42,0,78,36,0,36,114
06/25/2001,FAY,NC,ASO,EN,Towers with Radar,6,30,18,11,65,0,2,17,0,19,6,32,35,11,84,0,4,4,88
06/26/2001,FAY,NC,ASO,EN,Towers with Radar,4,29,35,17,85,0,1,28,1,30,4,30,63,18,115,40,12,52,167
06/27/2001,FAY,NC,ASO,EN,Towers with Radar,4,40,23,10,77,0,2,17,4,23,4,42,40,14,100,36,2,38,138
06/28/2001,FAY,NC,ASO,EN,Towers with Radar,3,33,29,11,76,0,1,34,3,38,3,34,63,14,114,32,54,86,200
06/29/2001,FAY,NC,ASO,EN,Towers with Radar,4,27,45,5,81,0,1,34,0,35,4,28,79,5,116,48,0,48,164
06/30/2001,FAY,NC,ASO,EN,Towers with Radar,4,27,22,5,58,0,1,37,0,38,4,28,59,5,96,58,0,58,154
07/01/2001,FAY,NC,ASO,EN,Towers with Radar,3,29,33,6,71,1,1,30,0,32,4,30,63,6,103,40,0,40,143
07/02/2001,FAY,NC,ASO,EN,Towers with Radar,4,29,19,10,62,0,2,26,0,28,4,31,45,10,90,16,14,30,120
07/03/2001,FAY,NC,ASO,EN,Towers with Radar,4,32,34,10,80,0,0,13,0,13,4,32,47,10,93,50,12,62,155
07/04/2001,FAY,NC,ASO,EN,Towers with Radar,2,18,16,5,41,2,7,17,0,26,4,25,33,5,67,56,0,56,123
07/05/2001,FAY,NC,ASO,EN,Towers with Radar,4,23,21,4,52,0,2,18,0,20,4,25,39,4,72,16,20,36,108
07/06/2001,FAY,NC,ASO,EN,Towers with Radar,2,27,24,7,60,0,2,28,27,57,2,29,52,34,117,24,12,36,153
07/07/2001,FAY,NC,ASO,EN,Towers with Radar,3,18,15,5,41,0,8,90,8,106,3,26,105,13,147,64,24,88,235
07/08/2001,FAY,NC,ASO,EN,Towers with Radar,4,28,31,5,68,0,1,23,0,24,4,29,54,5,92,34,0,34,126
07/09/2001,FAY,NC,ASO,EN,Towers with Radar,3,29,32,5,69,0,0,12,0,12,3,29,44,5,81,42,4,46,127
07/10/2001,FAY,NC,ASO,EN,Towers with Radar,4,31,26,10,71,0,1,21,0,22,4,32,47,10,93,28,24,52,145
07/11/2001,FAY,NC,ASO,EN,Towers with Radar,4,35,20,6,65,0,1,36,1,38,4,36,56,7,103,10,4,14,117
07/12/2001,FAY,NC,ASO,EN,Towers with Radar,4,35,27,13,79,0,1,41,0,42,4,36,68,13,121,92,2,94,215
07/13/2001,FAY,NC,ASO,EN,Towers with Radar,4,31,25,2,62,0,1,19,0,20,4,32,44,2,82,32,4,36,118
07/14/2001,FAY,NC,ASO,EN,Towers with Radar,5,28,14,14,61,0,1,52,0,53,5,29,66,14,114,84,12,96,210
07/15/2001,FAY,NC,ASO,EN,Towers with Radar,4,24,23,1,52,0,1,60,1,62,4,25,83,2,114,142,0,142,256
07/16/2001,FAY,NC,ASO,EN,Towers with Radar,4,33,46,11,94,0,1,45,0,46,4,34,91,11,140,66,10,76,216
07/17/2001,FAY,NC,ASO,EN,Towers with Radar,0,41,29,3,73,0,0,25,3,28,0,41,54,6,101,92,4,96,197
07/18/2001,FAY,NC,ASO,EN,Towers with Radar,0,37,26,7,70,0,1,34,0,35,0,38,60,7,105,76,2,78,183
07/19/2001,FAY,NC,ASO,EN,Towers with Radar,4,39,34,4,81,0,1,16,0,17,4,40,50,4,98,16,2,18,116
07/20/2001,FAY,NC,ASO,EN,Towers with Radar,0,31,31,2,64,0,2,31,1,34,0,33,62,3,98,110,0,110,208
07/21/2001,FAY,NC,ASO,EN,Towers with Radar,0,32,6,5,43,0,1,58,0,59,0,33,64,5,102,152,4,156,258
07/22/2001,FAY,NC,ASO,EN,Towers with Radar,0,35,14,2,51,0,1,28,0,29,0,36,42,2,80,42,0,42,122
07/23/2001,FAY,NC,ASO,EN,Towers with Radar,4,29,26,9,68,0,1,13,0,14,4,30,39,9,82,40,2,42,124
07/24/2001,FAY,NC,ASO,EN,Towers with Radar,2,32,43,4,81,0,1,6,0,7,2,33,49,4,88,4,12,16,104
07/25/2001,FAY,NC,ASO,EN,Towers with Radar,4,29,43,12,88,0,0,34,10,44,4,29,77,22,132,68,32,100,232
07/26/2001,FAY,NC,ASO,EN,Towers with Radar,4,28,35,9,76,2,0,1,3,6,6,28,36,12,82,4,48,52,134
07/27/2001,FAY,NC,ASO,EN,Towers with Radar,4,28,37,7,76,0,1,0,0,1,4,29,37,7,77,8,0,8,85
07/28/2001,FAY,NC,ASO,EN,Towers with Radar,3,24,27,2,56,1,0,50,0,51,4,24,77,2,107,150,0,150,257
07/29/2001,FAY,NC,ASO,EN,Towers with Radar,4,26,33,6,69,0,1,7,0,8,4,27,40,6,77,38,0,38,115
07/30/2001,FAY,NC,ASO,EN,Towers with Radar,8,28,29,6,71,0,1,29,0,30,8,29,58,6,101,78,2,80,181
07/31/2001,FAY,NC,ASO,EN,Towers with Radar,4,31,30,16,81,0,1,54,0,55,4,32,84,16,136,86,14,100,236
08/01/2001,FAY,NC,ASO,EN,Towers with Radar,6,30,20,4,60,1,1,43,0,45,7,31,63,4,105,68,4,72,177
08/02/2001,FAY,NC,ASO,EN,Towers with Radar,2,31,24,8,65,2,0,45,0,47,4,31,69,8,112,92,4,96,208
08/03/2001,FAY,NC,ASO,EN,Towers with Radar,4,25,31,7,67,0,6,34,0,40,4,31,65,7,107,44,0,44,151
08/04/2001,FAY,NC,ASO,EN,Towers with Radar,2,26,15,0,43,2,0,45,0,47,4,26,60,0,90,68,0,68,158
08/05/2001,FAY,NC,ASO,EN,Towers with Radar,4,27,10,0,41,2,0,28,0,30,6,27,38,0,71,54,0,54,125
08/06/2001,FAY,NC,ASO,EN,Towers with Radar,4,25,28,20,77,0,5,23,0,28,4,30,51,20,105,0,0,0,105
08/07/2001,FAY,NC,ASO,EN,Towers with Radar,6,26,27,22,81,0,4,38,3,45,6,30,65,25,126,26,34,60,186
08/08/2001,FAY,NC,ASO,EN,Towers with Radar,6,32,35,2,75,0,1,41,2,44,6,33,76,4,119,30,16,46,165
08/09/2001,FAY,NC,ASO,EN,Towers with Radar,6,25,42,19,92,1,0,32,0,33,7,25,74,19,125,34,14,48,173
08/10/2001,FAY,NC,ASO,EN,Towers with Radar,3,33,28,0,64,1,0,18,0,19,4,33,46,0,83,70,4,74,157
08/11/2001,FAY,NC,ASO,EN,Towers with Radar,5,27,20,0,52,1,0,13,0,14,6,27,33,0,66,30,0,30,96
08/12/2001,FAY,NC,ASO,EN,Towers with Radar,5,30,21,0,56,1,0,33,0,34,6,30,54,0,90,36,0,36,126
08/13/2001,FAY,NC,ASO,EN,Towers with Radar,3,33,32,13,81,1,0,7,0,8,4,33,39,13,89,0,12,12,101
08/14/2001,FAY,NC,ASO,EN,Towers with Radar,1,30,22,18,71,3,0,29,0,32,4,30,51,18,103,36,12,48,151
08/15/2001,FAY,NC,ASO,EN,Towers with Radar,3,35,29,18,85,1,0,57,0,58,4,35,86,18,143,54,14,68,211
08/16/2001,FAY,NC,ASO,EN,Towers with Radar,3,31,30,14,78,1,0,29,0,30,4,31,59,14,108,28,14,42,150
08/17/2001,FAY,NC,ASO,EN,Towers with Radar,4,30,35,8,77,0,0,47,0,47,4,30,82,8,124,48,2,50,174
08/18/2001,FAY,NC,ASO,EN,Towers with Radar,4,24,9,0,37,0,0,21,0,21,4,24,30,0,58,46,2,48,106
08/19/2001,FAY,NC,ASO,EN,Towers with Radar,6,28,18,1,53,0,0,13,1,14,6,28,31,2,67,36,12,48,115
08/20/2001,FAY,NC,ASO,EN,Towers with Radar,4,36,27,3,70,0,0,16,0,16,4,36,43,3,86,22,0,22,108
08/21/2001,FAY,NC,ASO,EN,Towers with Radar,4,33,30,9,76,0,0,44,3,47,4,33,74,12,123,56,26,82,205
08/22/2001,FAY,NC,ASO,EN,Towers with Radar,4,36,30,6,76,0,1,57,0,58,4,37,87,6,134,40,8,48,182
08/23/2001,FAY,NC,ASO,EN,Towers with Radar,4,34,33,8,79,0,0,33,8,41,4,34,66,16,120,42,32,74,194
08/24/2001,FAY,NC,ASO,EN,Towers with Radar,4,27,33,3,67,0,0,13,2,15,4,27,46,5,82,44,0,44,126
08/25/2001,FAY,NC,ASO,EN,Towers with Radar,4,30,12,0,46,0,0,43,0,43,4,30,55,0,89,116,0,116,205
08/26/2001,FAY,NC,ASO,EN,Towers with Radar,3,27,25,6,61,0,0,58,0,58,3,27,83,6,119,46,0,46,165
08/27/2001,FAY,NC,ASO,EN,Towers with Radar,4,31,21,4,60,0,0,25,3,28,4,31,46,7,88,40,0,40,128
08/28/2001,FAY,NC,ASO,EN,Towers with Radar,4,31,32,3,70,0,0,18,0,18,4,31,50,3,88,46,6,52,140
08/29/2001,FAY,NC,ASO,EN,Towers with Radar,4,27,28,5,64,0,1,27,1,29,4,28,55,6,93,38,4,42,135
08/30/2001,FAY,NC,ASO,EN,Towers with Radar,11,23,35,10,79,0,1,15,0,16,11,24,50,10,95,40,0,40,135
08/31/2001,FAY,NC,ASO,EN,Towers with Radar,12,21,19,3,55,0,1,14,0,15,12,22,33,3,70,50,0,50,120
09/01/2001,FAY,NC,ASO,EN,Towers with Radar,1,27,21,0,49,1,0,10,0,11,2,27,31,0,60,72,0,72,132
09/02/2001,FAY,NC,ASO,EN,Towers with Radar,4,21,15,0,40,1,0,13,2,16,5,21,28,2,56,54,0,54,110
09/03/2001,FAY,NC,ASO,EN,Towers with Radar,5,21,11,0,37,0,1,25,0,26,5,22,36,0,63,38,0,38,101
09/04/2001,FAY,NC,ASO,EN,Towers with Radar,4,31,31,2,68,0,1,14,1,16,4,32,45,3,84,12,2,14,98
09/05/2001,FAY,NC,ASO,EN,Towers with Radar,4,31,31,3,69,0,1,23,1,25,4,32,54,4,94,36,28,64,158
09/06/2001,FAY,NC,ASO,EN,Towers with Radar,4,30,43,2,79,0,0,68,2,70,4,30,111,4,149,80,6,86,235
09/07/2001,FAY,NC,ASO,EN,Towers with Radar,6,30,29,6,71,0,0,61,1,62,6,30,90,7,133,54,6,60,193
09/08/2001,FAY,NC,ASO,EN,Towers with Radar,8,26,31,0,65,0,0,55,3,58,8,26,86,3,123,72,0,72,195
09/09/2001,FAY,NC,ASO,EN,Towers with Radar,1,34,24,4,63,4,0,37,1,42,5,34,61,5,105,46,0,46,151
09/10/2001,FAY,NC,ASO,EN,Towers with Radar,5,33,23,20,81,0,0,13,5,18,5,33,36,25,99,40,16,56,155
09/11/2001,FAY,NC,ASO,EN,Towers with Radar,2,10,6,0,18,0,0,0,0,0,2,10,6,0,18,0,0,0,18
09/12/2001,FAY,NC,ASO,EN,Towers with Radar,0,0,0,0,0,0,0,0,1,1,0,0,0,1,1,0,0,0,1
09/13/2001,FAY,NC,ASO,EN,Towers with Radar,0,4,5,0,9,0,0,7,0,7,0,4,12,0,16,0,0,0,16
09/14/2001,FAY,NC,ASO,EN,Towers with Radar,2,25,8,1,36,0,0,0,1,1,2,25,8,2,37,0,8,8,45
09/15/2001,FAY,NC,ASO,EN,Towers with Radar,0,36,21,0,57,0,0,0,0,0,0,36,21,0,57,0,0,0,57
09/16/2001,FAY,NC,ASO,EN,Towers with Radar,0,36,22,0,58,0,0,0,0,0,0,36,22,0,58,0,0,0,58
09/17/2001,FAY,NC,ASO,EN,Towers with Radar,0,37,47,4,88,0,0,0,0,0,0,37,47,4,88,0,46,46,134
09/18/2001,FAY,NC,ASO,EN,Towers with Radar,2,36,27,12,77,0,0,1,1,2,2,36,28,13,79,0,46,46,125
09/19/2001,FAY,NC,ASO,EN,Towers with Radar,0,43,24,8,75,0,1,0,0,1,0,44,24,8,76,0,12,12,88
09/20/2001,FAY,NC,ASO,EN,Towers with Radar,0,43,32,3,78,0,3,1,0,4,0,46,33,3,82,0,10,10,92
09/21/2001,FAY,NC,ASO,EN,Towers with Radar,0,39,60,17,116,0,0,15,1,16,0,39,75,18,132,28,14,42,174
09/22/2001,FAY,NC,ASO,EN,Towers with Radar,0,34,23,10,67,0,1,24,3,28,0,35,47,13,95,22,22,44,139
09/23/2001,FAY,NC,ASO,EN,Towers with Radar,0,38,15,2,55,0,0,15,2,17,0,38,30,4,72,42,4,46,118
09/24/2001,FAY,NC,ASO,EN,Towers with Radar,0,39,15,0,54,0,0,0,0,0,0,39,15,0,54,0,0,0,54
09/25/2001,FAY,NC,ASO,EN,Towers with Radar,0,38,34,25,97,0,0,30,4,34,0,38,64,29,131,96,22,118,249
09/26/2001,FAY,NC,ASO,EN,Towers with Radar,0,39,26,18,83,0,0,63,0,63,0,39,89,18,146,120,58,178,324
09/27/2001,FAY,NC,ASO,EN,Towers with Radar,0,40,32,7,79,0,0,37,0,37,0,40,69,7,116,24,12,36,152
09/28/2001,FAY,NC,ASO,EN,Towers with Radar,0,34,19,7,60,0,0,26,4,30,0,34,45,11,90,30,20,50,140
09/29/2001,FAY,NC,ASO,EN,Towers with Radar,0,38,19,3,60,0,0,28,1,29,0,38,47,4,89,72,0,72,161
09/30/2001,FAY,NC,ASO,EN,Towers with Radar,0,37,17,0,54,0,0,15,0,15,0,37,32,0,69,16,0,16,85
10/01/2001,FAY,NC,ASO,EN,Towers with Radar,0,36,34,4,74,0,0,31,2,33,0,36,65,6,107,64,26,90,197
10/02/2001,FAY,NC,ASO,EN,Towers with Radar,0,38,34,16,88,0,0,29,0,29,0,38,63,16,117,66,36,102,219
10/03/2001,FAY,NC,ASO,EN,Towers with Radar,0,37,33,6,76,0,0,48,0,48,0,37,81,6,124,46,0,46,170
10/04/2001,FAY,NC,ASO,EN,Towers with Radar,0,35,42,10,87,0,0,14,13,27,0,35,56,23,114,26,8,34,148
10/05/2001,FAY,NC,ASO,EN,Towers with Radar,0,42,42,0,84,0,0,41,0,41,0,42,83,0,125,74,0,74,199
10/06/2001,FAY,NC,ASO,EN,Towers with Radar,0,37,8,0,45,0,0,5,0,5,0,37,13,0,50,0,0,0,50
10/07/2001,FAY,NC,ASO,EN,Towers with Radar,0,35,10,2,47,0,0,47,0,47,0,35,57,2,94,76,0,76,170
10/08/2001,FAY,NC,ASO,EN,Towers with Radar,0,34,15,0,49,0,0,40,0,40,0,34,55,0,89,74,0,74,163
10/09/2001,FAY,NC,ASO,EN,Towers with Radar,0,37,30,13,80,0,0,43,0,43,0,37,73,13,123,56,8,64,187
10/10/2001,FAY,NC,ASO,EN,Towers with Radar,0,37,25,11,73,0,0,27,2,29,0,37,52,13,102,104,14,118,220
10/11/2001,FAY,NC,ASO,EN,Towers with Radar,0,34,20,22,76,0,0,32,3,35,0,34,52,25,111,94,8,102,213
10/12/2001,FAY,NC,ASO,EN,Towers with Radar,0,36,40,9,85,0,0,29,2,31,0,36,69,11,116,96,20,116,232
10/13/2001,FAY,NC,ASO,EN,Towers with Radar,0,31,26,0,57,0,0,43,0,43,0,31,69,0,100,40,0,40,140
10/14/2001,FAY,NC,ASO,EN,Towers with Radar,0,28,22,4,54,2,0,7,0,9,2,28,29,4,63,18,8,26,89
10/15/2001,FAY,NC,ASO,EN,Towers with Radar,0,35,33,7,75,0,0,26,1,27,0,35,59,8,102,30,8,38,140
10/16/2001,FAY,NC,ASO,EN,Towers with Radar,0,34,26,24,84,0,0,31,3,34,0,34,57,27,118,48,28,76,194
10/17/2001,FAY,NC,ASO,EN,Towers with Radar,0,37,52,16,105,0,0,40,0,40,0,37,92,16,145,64,22,86,231
10/18/2001,FAY,NC,ASO,EN,Towers with Radar,4,40,24,23,91,0,0,35,2,37,4,40,59,25,128,108,16,124,252
10/19/2001,FAY,NC,ASO,EN,Towers with Radar,0,34,33,8,75,0,1,59,0,60,0,35,92,8,135,52,10,62,197
10/20/2001,FAY,NC,ASO,EN,Towers with Radar,0,24,20,1,45,2,7,37,0,46,2,31,57,1,91,48,0,48,139
10/21/2001,FAY,NC,ASO,EN,Towers with Radar,4,33,27,0,64,0,0,28,0,28,4,33,55,0,92,56,0,56,148
10/22/2001,FAY,NC,ASO,EN,Towers with Radar,0,34,19,6,59,0,0,22,0,22,0,34,41,6,81,54,0,54,135
10/23/2001,FAY,NC,ASO,EN,Towers with Radar,0,32,37,21,90,0,0,38,1,39,0,32,75,22,129,76,20,96,225
10/24/2001,FAY,NC,ASO,EN,Towers with Radar,0,34,22,9,65,0,0,23,0,23,0,34,45,9,88,64,12,76,164
10/25/2001,FAY,NC,ASO,EN,Towers with Radar,2,32,35,10,79,0,0,13,0,13,2,32,48,10,92,12,0,12,104
10/26/2001,FAY,NC,ASO,EN,Towers with Radar,1,33,31,14,79,1,0,10,0,11,2,33,41,14,90,80,6,86,176
10/27/2001,FAY,NC,ASO,EN,Towers with Radar,2,29,16,0,47,0,0,43,1,44,2,29,59,1,91,30,0,30,121
10/28/2001,FAY,NC,ASO,EN,Towers with Radar,0,33,26,2,61,0,0,24,0,24,0,33,50,2,85,66,14,80,165
10/29/2001,FAY,NC,ASO,EN,Towers with Radar,0,31,26,7,64,0,4,38,1,43,0,35,64,8,107,76,8,84,191
10/30/2001,FAY,NC,ASO,EN,Towers with Radar,0,32,26,8,66,2,3,58,9,72,2,35,84,17,138,66,12,78,216
10/31/2001,FAY,NC,ASO,EN,Towers with Radar,2,35,31,7,75,0,0,34,2,36,2,35,65,9,111,136,0,136,247
11/01/2001,FAY,NC,ASO,EN,Towers with Radar,0,35,21,14,70,2,0,20,0,22,2,35,41,14,92,68,20,88,180
11/02/2001,FAY,NC,ASO,EN,Towers with Radar,0,31,25,4,60,0,3,28,0,31,0,34,53,4,91,64,0,64,155
11/03/2001,FAY,NC,ASO,EN,Towers with Radar,0,26,30,0,56,0,3,34,0,37,0,29,64,0,93,144,0,144,237
11/04/2001,FAY,NC,ASO,EN,Towers with Radar,2,25,31,1,59,0,3,47,0,50,2,28,78,1,109,102,0,102,211
11/05/2001,FAY,NC,ASO,EN,Towers with Radar,2,31,18,4,55,0,3,20,1,24,2,34,38,5,79,36,16,52,131
11/06/2001,FAY,NC,ASO,EN,Towers with Radar,4,29,35,13,81,0,3,27,0,30,4,32,62,13,111,56,16,72,183
11/07/2001,FAY,NC,ASO,EN,Towers with Radar,2,35,35,10,82,0,2,34,0,36,2,37,69,10,118,158,22,180,298
11/08/2001,FAY,NC,ASO,EN,Towers with Radar,0,31,37,11,79,0,0,31,13,44,0,31,68,24,123,52,56,108,231
11/09/2001,FAY,NC,ASO,EN,Towers with Radar,0,28,24,11,63,0,3,39,0,42,0,31,63,11,105,18,8,26,131
11/10/2001,FAY,NC,ASO,EN,Towers with Radar,2,29,16,14,61,0,2,43,0,45,2,31,59,14,106,42,0,42,148
11/11/2001,FAY,NC,ASO,EN,Towers with Radar,2,27,18,0,47,0,1,41,0,42,2,28,59,0,89,16,0,16,105
11/12/2001,FAY,NC,ASO,EN,Towers with Radar,0,31,20,0,51,0,1,27,0,28,0,32,47,0,79,66,0,66,145
11/13/2001,FAY,NC,ASO,EN,Towers with Radar,0,31,42,17,90,0,1,33,0,34,0,32,75,17,124,70,50,120,244
11/14/2001,FAY,NC,ASO,EN,Towers with Radar,0,33,23,7,63,0,1,34,13,48,0,34,57,20,111,46,4,50,161
11/15/2001,FAY,NC,ASO,EN,Towers with Radar,0,33,12,12,57,0,1,44,1,46,0,34,56,13,103,130,16,146,249
11/16/2001,FAY,NC,ASO,EN,Towers with Radar,0,17,34,10,61,8,0,47,0,55,8,17,81,10,116,102,4,106,222
11/17/2001,FAY,NC,ASO,EN,Towers with Radar,2,30,12,1,45,0,1,70,0,71,2,31,82,1,116,88,10,98,214
11/18/2001,FAY,NC,ASO,EN,Towers with Radar,2,30,22,2,56,0,1,49,0,50,2,31,71,2,106,100,2,102,208
11/19/2001,FAY,NC,ASO,EN,Towers with Radar,0,33,46,14,93,0,1,26,0,27,0,34,72,14,120,42,6,48,168
11/20/2001,FAY,NC,ASO,EN,Towers with Radar,0,31,33,19,83,0,1,14,3,18,0,32,47,22,101,44,4,48,149
11/21/2001,FAY,NC,ASO,EN,Towers with Radar,1,31,31,9,72,1,0,46,11,58,2,31,77,20,130,40,14,54,184
11/22/2001,FAY,NC,ASO,EN,Towers with Radar,0,28,14,0,42,0,1,12,0,13,0,29,26,0,55,2,0,2,57
11/23/2001,FAY,NC,ASO,EN,Towers with Radar,0,23,17,6,46,0,1,35,0,36,0,24,52,6,82,56,0,56,138
11/24/2001,FAY,NC,ASO,EN,Towers with Radar,0,30,23,0,53,0,1,1,0,2,0,31,24,0,55,0,0,0,55
11/25/2001,FAY,NC,ASO,EN,Towers with Radar,0,32,34,0,66,0,1,11,0,12,0,33,45,0,78,26,0,26,104
11/26/2001,FAY,NC,ASO,EN,Towers with Radar,0,42,35,23,100,0,1,13,0,14,0,43,48,23,114,68,40,108,222
11/27/2001,FAY,NC,ASO,EN,Towers with Radar,1,27,31,6,65,1,0,21,0,22,2,27,52,6,87,48,10,58,145
11/28/2001,FAY,NC,ASO,EN,Towers with Radar,1,33,16,4,54,1,0,33,1,35,2,33,49,5,89,28,0,28,117
11/29/2001,FAY,NC,ASO,EN,Towers with Radar,1,27,33,3,64,1,0,17,0,18,2,27,50,3,82,22,0,22,104
11/30/2001,FAY,NC,ASO,EN,Towers with Radar,0,36,31,9,76,0,0,27,3,30,0,36,58,12,106,8,0,8,114
12/01/2001,FAY,NC,ASO,EN,Towers with Radar,2,26,12,1,41,0,2,44,2,48,2,28,56,3,89,44,0,44,133
12/02/2001,FAY,NC,ASO,EN,Towers with Radar,3,25,15,1,44,1,2,42,0,45,4,27,57,1,89,76,0,76,165
12/03/2001,FAY,NC,ASO,EN,Towers with Radar,0,34,29,14,77,2,0,11,3,16,2,34,40,17,93,44,54,98,191
12/04/2001,FAY,NC,ASO,EN,Towers with Radar,1,31,24,8,64,1,3,39,0,43,2,34,63,8,107,68,4,72,179
12/05/2001,FAY,NC,ASO,EN,Towers with Radar,0,29,18,9,56,0,5,40,0,45,0,34,58,9,101,70,10,80,181
12/06/2001,FAY,NC,ASO,EN,Towers with Radar,0,31,35,15,81,0,2,38,2,42,0,33,73,17,123,92,24,116,239
12/07/2001,FAY,NC,ASO,EN,Towers with Radar,0,31,15,0,46,0,3,28,12,43,0,34,43,12,89,20,4,24,113
12/08/2001,FAY,NC,ASO,EN,Towers with Radar,2,27,10,6,45,0,3,18,0,21,2,30,28,6,66,62,36,98,164
12/09/2001,FAY,NC,ASO,EN,Towers with Radar,0,30,11,0,41,0,3,29,0,32,0,33,40,0,73,134,0,134,207
12/10/2001,FAY,NC,ASO,EN,Towers with Radar,1,32,29,11,73,1,0,24,0,25,2,32,53,11,98,28,2,30,128
12/11/2001,FAY,NC,ASO,EN,Towers with Radar,0,36,29,14,79,0,0,51,7,58,0,36,80,21,137,18,4,22,159
12/12/2001,FAY,NC,ASO,EN,Towers with Radar,0,33,37,17,87,0,0,30,4,34,0,33,67,21,121,34,42,76,197
12/13/2001,FAY,NC,ASO,EN,Towers with Radar,0,37,38,16,91,0,0,9,14,23,0,37,47,30,114,46,10,56,170
12/14/2001,FAY,NC,ASO,EN,Towers with Radar,0,32,28,14,74,0,0,20,14,34,0,32,48,28,108,42,0,42,150
12/15/2001,FAY,NC,ASO,EN,Towers with Radar,0,31,30,1,62,0,2,68,0,70,0,33,98,1,132,82,0,82,214
12/16/2001,FAY,NC,ASO,EN,Towers with Radar,1,28,42,8,79,0,2,36,0,38,1,30,78,8,117,134,4,138,255
12/17/2001,FAY,NC,ASO,EN,Towers with Radar,12,28,15,10,65,0,7,24,0,31,12,35,39,10,96,80,4,84,180
12/18/2001,FAY,NC,ASO,EN,Towers with Radar,0,28,45,42,115,0,2,30,2,34,0,30,75,44,149,28,34,62,211
12/19/2001,FAY,NC,ASO,EN,Towers with Radar,0,36,28,19,83,0,3,51,0,54,0,39,79,19,137,108,32,140,277
12/20/2001,FAY,NC,ASO,EN,Towers with Radar,0,31,38,16,85,0,2,29,1,32,0,33,67,17,117,38,29,67,184
12/21/2001,FAY,NC,ASO,EN,Towers with Radar,0,28,35,15,78,0,2,34,0,36,0,30,69,15,114,24,6,30,144
12/22/2001,FAY,NC,ASO,EN,Towers with Radar,0,29,9,0,38,0,2,47,0,49,0,31,56,0,87,88,0,88,175
12/23/2001,FAY,NC,ASO,EN,Towers with Radar,0,26,12,0,38,0,2,17,0,19,0,28,29,0,57,0,0,0,57
12/24/2001,FAY,NC,ASO,EN,Towers with Radar,0,31,3,0,34,0,2,11,0,13,0,33,14,0,47,0,0,0,47
12/25/2001,FAY,NC,ASO,EN,Towers with Radar,0,21,3,0,24,0,2,10,0,12,0,23,13,0,36,6,0,6,42
12/26/2001,FAY,NC,ASO,EN,Towers with Radar,0,31,13,9,53,0,2,29,0,31,0,33,42,9,84,76,4,80,164
12/27/2001,FAY,NC,ASO,EN,Towers with Radar,0,32,24,9,65,0,2,22,0,24,0,34,46,9,89,36,10,46,135
12/28/2001,FAY,NC,ASO,EN,Towers with Radar,0,32,9,9,50,0,2,31,0,33,0,34,40,9,83,26,2,28,111
12/29/2001,FAY,NC,ASO,EN,Towers with Radar,0,27,11,0,38,0,2,24,0,26,0,29,35,0,64,8,0,8,72
12/30/2001,FAY,NC,ASO,EN,Towers with Radar,0,30,21,0,51,0,2,20,0,22,0,32,41,0,73,60,0,60,133
12/31/2001,FAY,NC,ASO,EN,Towers with Radar,0,26,21,0,47,0,1,30,0,31,0,27,51,0,78,12,0,12,90
01/01/2002,FAY,NC,ASO,EN,Towers with Radar,0,24,10,0,34,0,1,35,0,36,0,25,45,0,70,4,0,4,74
01/02/2002,FAY,NC,ASO,EN,Towers with Radar,0,30,25,1,56,2,0,0,0,2,2,30,25,1,58,0,0,0,58
01/03/2002,FAY,NC,ASO,EN,Towers with Radar,0,0,0,0,0,0,0,1,0,1,0,0,1,0,1,0,0,0,1
01/04/2002,FAY,NC,ASO,EN,Towers with Radar,0,19,16,4,39,0,2,10,1,13,0,21,26,5,52,0,0,0,52
01/05/2002,FAY,NC,ASO,EN,Towers with Radar,0,17,14,2,33,2,12,28,0,42,2,29,42,2,75,6,0,6,81
01/06/2002,FAY,NC,ASO,EN,Towers with Radar,1,29,3,0,33,1,0,0,0,1,2,29,3,0,34,0,0,0,34
01/07/2002,FAY,NC,ASO,EN,Towers with Radar,1,30,29,8,68,1,0,0,2,3,2,30,29,10,71,28,4,32,103
01/08/2002,FAY,NC,ASO,EN,Towers with Radar,0,26,26,21,73,0,1,16,3,20,0,27,42,24,93,56,8,64,157
01/09/2002,FAY,NC,ASO,EN,Towers with Radar,1,29,17,5,52,1,1,35,0,37,2,30,52,5,89,72,2,74,163
01/10/2002,FAY,NC,ASO,EN,Towers with Radar,0,31,22,1,54,2,0,41,3,46,2,31,63,4,100,90,4,94,194
01/11/2002,FAY,NC,ASO,EN,Towers with Radar,0,34,20,2,56,0,1,32,2,35,0,35,52,4,91,48,12,60,151
01/12/2002,FAY,NC,ASO,EN,Towers with Radar,0,20,19,1,40,2,12,64,0,78,2,32,83,1,118,66,18,84,202
01/13/2002,FAY,NC,ASO,EN,Towers with Radar,3,29,35,2,69,1,2,49,0,52,4,31,84,2,121,72,0,72,193
01/14/2002,FAY,NC,ASO,EN,Towers with Radar,1,32,25,8,66,1,0,0,7,8,2,32,25,15,74,60,12,72,146
01/15/2002,FAY,NC,ASO,EN,Towers with Radar,1,32,33,9,75,1,3,30,6,40,2,35,63,15,115,66,2,68,183
01/16/2002,FAY,NC,ASO,EN,Towers with Radar,2,30,24,16,72,0,1,28,1,30,2,31,52,17,102,72,8,80,182
01/17/2002,FAY,NC,ASO,EN,Towers with Radar,2,32,35,6,75,0,0,30,0,30,2,32,65,6,105,82,0,82,187
01/18/2002,FAY,NC,ASO,EN,Towers with Radar,2,30,38,18,88,0,1,41,2,44,2,31,79,20,132,128,6,134,266
01/19/2002,FAY,NC,ASO,EN,Towers with Radar,0,16,16,0,32,2,17,14,0,33,2,33,30,0,65,12,0,12,77
01/20/2002,FAY,NC,ASO,EN,Towers with Radar,2,32,32,0,66,0,1,24,0,25,2,33,56,0,91,56,0,56,147
01/21/2002,FAY,NC,ASO,EN,Towers with Radar,2,26,32,0,60,0,1,5,0,6,2,27,37,0,66,20,0,20,86
01/22/2002,FAY,NC,ASO,EN,Towers with Radar,2,32,38,8,80,0,0,48,4,52,2,32,86,12,132,92,10,102,234
01/23/2002,FAY,NC,ASO,EN,Towers with Radar,2,27,36,7,72,0,0,52,0,52,2,27,88,7,124,26,0,26,150
01/24/2002,FAY,NC,ASO,EN,Towers with Radar,2,28,38,9,77,0,0,20,6,26,2,28,58,15,103,16,14,30,133
01/25/2002,FAY,NC,ASO,EN,Towers with Radar,0,30,27,20,77,0,2,22,7,31,0,32,49,27,108,42,36,78,186
01/26/2002,FAY,NC,ASO,EN,Towers with Radar,1,29,32,0,62,0,1,42,0,43,1,30,74,0,105,38,0,38,143
01/27/2002,FAY,NC,ASO,EN,Towers with Radar,1,24,18,4,47,1,6,66,10,83,2,30,84,14,130,106,0,106,236
01/28/2002,FAY,NC,ASO,EN,Towers with Radar,2,34,21,9,66,0,0,45,1,46,2,34,66,10,112,44,12,56,168
01/29/2002,FAY,NC,ASO,EN,Towers with Radar,2,33,27,9,71,0,1,39,3,43,2,34,66,12,114,66,26,92,206
01/30/2002,FAY,NC,ASO,EN,Towers with Radar,2,32,30,10,74,0,1,34,5,40,2,33,64,15,114,36,24,60,174
01/31/2002,FAY,NC,ASO,EN,Towers with Radar,2,35,29,13,79,0,0,22,1,23,2,35,51,14,102,22,0,22,124
02/01/2002,FAY,NC,ASO,EN,Towers with Radar,1,34,30,3,68,1,0,17,0,18,2,34,47,3,86,8,0,8,94
02/02/2002,FAY,NC,ASO,EN,Towers with Radar,2,28,26,0,56,0,0,32,0,32,2,28,58,0,88,52,0,52,140
02/03/2002,FAY,NC,ASO,EN,Towers with Radar,4,29,24,9,66,0,1,35,0,36,4,30,59,9,102,60,38,98,200
02/04/2002,FAY,NC,ASO,EN,Towers with Radar,2,33,24,0,59,0,0,0,0,0,2,33,24,0,59,22,0,22,81
02/05/2002,FAY,NC,ASO,EN,Towers with Radar,2,29,26,11,68,0,2,37,3,42,2,31,63,14,110,64,24,88,198
02/06/2002,FAY,NC,ASO,EN,Towers with Radar,2,26,37,8,73,0,0,5,0,5,2,26,42,8,78,30,20,50,128
02/07/2002,FAY,NC,ASO,EN,Towers with Radar,2,28,17,6,53,0,1,0,0,1,2,29,17,6,54,6,0,6,60
02/08/2002,FAY,NC,ASO,EN,Towers with Radar,0,32,31,11,74,0,3,50,0,53,0,35,81,11,127,92,0,92,219
02/09/2002,FAY,NC,ASO,EN,Towers with Radar,2,27,26,3,58,0,1,57,0,58,2,28,83,3,116,140,0,140,256
02/10/2002,FAY,NC,ASO,EN,Towers with Radar,2,29,60,2,93,0,1,15,0,16,2,30,75,2,109,60,0,60,169
02/11/2002,FAY,NC,ASO,EN,Towers with Radar,2,29,20,4,55,0,1,27,0,28,2,30,47,4,83,12,0,12,95
02/12/2002,FAY,NC,ASO,EN,Towers with Radar,0,33,29,17,79,0,1,43,1,45,0,34,72,18,124,62,14,76,200
02/13/2002,FAY,NC,ASO,EN,Towers with Radar,2,30,30,8,70,0,0,42,0,42,2,30,72,8,112,34,2,36,148
02/14/2002,FAY,NC,ASO,EN,Towers with Radar,2,30,16,11,59,0,0,39,3,42,2,30,55,14,101,12,6,18,119
02/15/2002,FAY,NC,ASO,EN,Towers with Radar,2,30,47,0,79,0,1,58,0,59,2,31,105,0,138,50,0,50,188
02/16/2002,FAY,NC,ASO,EN,Towers with Radar,1,22,20,0,43,1,7,83,0,91,2,29,103,0,134,90,0,90,224
02/17/2002,FAY,NC,ASO,EN,Towers with Radar,2,29,16,0,47,0,0,36,0,36,2,29,52,0,83,24,0,24,107
02/18/2002,FAY,NC,ASO,EN,Towers with Radar,8,30,20,2,60,0,0,55,0,55,8,30,75,2,115,94,0,94,209
02/19/2002,FAY,NC,ASO,EN,Towers with Radar,2,33,35,7,77,0,0,36,0,36,2,33,71,7,113,40,0,40,153
02/20/2002,FAY,NC,ASO,EN,Towers with Radar,2,29,26,10,67,0,3,51,17,71,2,32,77,27,138,58,40,98,236
02/21/2002,FAY,NC,ASO,EN,Towers with Radar,2,35,35,13,85,0,0,30,18,48,2,35,65,31,133,30,40,70,203
02/22/2002,FAY,NC,ASO,EN,Towers with Radar,2,31,25,14,72,0,3,41,2,46,2,34,66,16,118,16,16,32,150
02/23/2002,FAY,NC,ASO,EN,Towers with Radar,1,27,23,5,56,1,4,40,0,45,2,31,63,5,101,70,0,70,171
02/24/2002,FAY,NC,ASO,EN,Towers with Radar,0,29,20,4,53,0,0,44,0,44,0,29,64,4,97,80,0,80,177
02/25/2002,FAY,NC,ASO,EN,Towers with Radar,2,31,28,11,72,2,0,18,26,46,4,31,46,37,118,4,0,4,122
02/26/2002,FAY,NC,ASO,EN,Towers with Radar,2,30,27,10,69,2,0,37,33,72,4,30,64,43,141,8,18,26,167
02/27/2002,FAY,NC,ASO,EN,Towers with Radar,2,32,29,11,74,0,4,22,2,28,2,36,51,13,102,0,0,0,102
02/28/2002,FAY,NC,ASO,EN,Towers with Radar,2,31,35,16,84,0,1,39,4,44,2,32,74,20,128,36,6,42,170
03/01/2002,FAY,NC,ASO,EN,Towers with Radar,0,30,44,35,109,0,1,44,1,46,0,31,88,36,155,78,0,78,233
03/02/2002,FAY,NC,ASO,EN,Towers with Radar,0,20,18,9,47,2,7,18,0,27,2,27,36,9,74,48,0,48,122
03/03/2002,FAY,NC,ASO,EN,Towers with Radar,0,22,15,8,45,2,12,0,0,14,2,34,15,8,59,28,0,28,87
03/04/2002,FAY,NC,ASO,EN,Towers with Radar,2,29,27,7,65,2,0,28,0,30,4,29,55,7,95,38,0,38,133
03/05/2002,FAY,NC,ASO,EN,Towers with Radar,0,28,27,14,69,0,8,42,15,65,0,36,69,29,134,102,14,116,250
03/06/2002,FAY,NC,ASO,EN,Towers with Radar,2,32,31,15,80,2,0,40,18,60,4,32,71,33,140,78,4,82,222
03/07/2002,FAY,NC,ASO,EN,Towers with Radar,0,31,32,16,79,0,0,30,0,30,0,31,62,16,109,74,0,74,183
03/08/2002,FAY,NC,ASO,EN,Towers with Radar,0,30,34,17,81,0,0,51,22,73,0,30,85,39,154,70,10,80,234
03/09/2002,FAY,NC,ASO,EN,Towers with Radar,2,23,21,1,47,0,6,51,0,57,2,29,72,1,104,72,0,72,176
03/10/2002,FAY,NC,ASO,EN,Towers with Radar,2,24,22,11,59,0,5,45,0,50,2,29,67,11,109,60,0,60,169
03/11/2002,FAY,NC,ASO,EN,Towers with Radar,2,28,26,13,69,0,2,38,0,40,2,30,64,13,109,18,0,18,127
03/12/2002,FAY,NC,ASO,EN,Towers with Radar,0,33,27,17,77,0,0,0,10,10,0,33,27,27,87,8,10,18,105
03/13/2002,FAY,NC,ASO,EN,Towers with Radar,2,27,33,14,76,0,0,16,0,16,2,27,49,14,92,0,10,10,102
03/14/2002,FAY,NC,ASO,EN,Towers with Radar,0,29,64,32,125,0,0,38,6,44,0,29,102,38,169,89,10,99,268
03/15/2002,FAY,NC,ASO,EN,Towers with Radar,2,39,37,15,93,0,0,23,0,23,2,39,60,15,116,52,2,54,170
03/16/2002,FAY,NC,ASO,EN,Towers with Radar,0,18,17,8,43,1,10,53,0,64,1,28,70,8,107,104,0,104,211
03/17/2002,FAY,NC,ASO,EN,Towers with Radar,1,28,30,15,74,0,0,0,2,2,1,28,30,17,76,6,0,6,82
03/18/2002,FAY,NC,ASO,EN,Towers with Radar,1,32,31,15,79,0,6,3,9,18,1,38,34,24,97,26,0,26,123
03/19/2002,FAY,NC,ASO,EN,Towers with Radar,2,31,35,18,86,0,0,15,18,33,2,31,50,36,119,42,8,50,169
03/20/2002,FAY,NC,ASO,EN,Towers with Radar,2,34,40,22,98,0,0,4,1,5,2,34,44,23,103,2,6,8,111
03/21/2002,FAY,NC,ASO,EN,Towers with Radar,0,32,29,15,76,0,0,11,0,11,0,32,40,15,87,24,2,26,113
03/22/2002,FAY,NC,ASO,EN,Towers with Radar,2,30,25,10,67,0,5,44,0,49,2,35,69,10,116,28,2,30,146
03/23/2002,FAY,NC,ASO,EN,Towers with Radar,2,29,27,1,59,0,0,37,0,37,2,29,64,1,96,70,0,70,166
03/24/2002,FAY,NC,ASO,EN,Towers with Radar,0,32,17,0,49,0,0,36,0,36,0,32,53,0,85,42,0,42,127
03/25/2002,FAY,NC,ASO,EN,Towers with Radar,2,28,24,11,65,0,0,28,2,30,2,28,52,13,95,98,18,116,211
03/26/2002,FAY,NC,ASO,EN,Towers with Radar,0,36,18,8,62,0,0,19,0,19,0,36,37,8,81,56,4,60,141
03/27/2002,FAY,NC,ASO,EN,Towers with Radar,0,32,21,1,54,0,0,37,0,37,0,32,58,1,91,40,14,54,145
03/28/2002,FAY,NC,ASO,EN,Towers with Radar,2,30,35,21,88,0,2,46,0,48,2,32,81,21,136,108,10,118,254
03/29/2002,FAY,NC,ASO,EN,Towers with Radar,2,29,47,0,78,0,0,58,0,58,2,29,105,0,136,92,0,92,228
03/30/2002,FAY,NC,ASO,EN,Towers with Radar,0,29,19,0,48,0,0,16,0,16,0,29,35,0,64,70,0,70,134
03/31/2002,FAY,NC,ASO,EN,Towers with Radar,0,33,15,0,48,0,0,0,0,0,0,33,15,0,48,6,0,6,54
04/01/2002,FAY,NC,ASO,EN,Towers with Radar,2,33,32,0,67,0,1,34,0,35,2,34,66,0,102,92,0,92,194
04/02/2002,FAY,NC,ASO,EN,Towers with Radar,4,32,39,10,85,0,0,53,0,53,4,32,92,10,138,122,12,134,272
04/03/2002,FAY,NC,ASO,EN,Towers with Radar,2,32,42,6,82,0,0,29,0,29,2,32,71,6,111,32,0,32,143
04/04/2002,FAY,NC,ASO,EN,Towers with Radar,2,30,62,14,108,0,0,52,0,52,2,30,114,14,160,82,0,82,242
04/05/2002,FAY,NC,ASO,EN,Towers with Radar,2,32,36,6,76,0,1,36,0,37,2,33,72,6,113,0,0,0,113
04/06/2002,FAY,NC,ASO,EN,Towers with Radar,4,26,7,2,39,0,0,52,0,52,4,26,59,2,91,70,0,70,161
04/07/2002,FAY,NC,ASO,EN,Towers with Radar,1,25,24,6,56,0,5,30,2,37,1,30,54,8,93,54,2,56,149
04/08/2002,FAY,NC,ASO,EN,Towers with Radar,2,30,26,2,60,0,1,24,0,25,2,31,50,2,85,78,0,78,163
04/09/2002,FAY,NC,ASO,EN,Towers with Radar,2,28,33,15,78,0,0,21,3,24,2,28,54,18,102,16,6,22,124
04/10/2002,FAY,NC,ASO,EN,Towers with Radar,2,31,38,28,99,0,0,10,1,11,2,31,48,29,110,58,0,58,168
04/11/2002,FAY,NC,ASO,EN,Towers with Radar,0,32,35,13,80,0,2,32,1,35,0,34,67,14,115,60,30,90,205
04/12/2002,FAY,NC,ASO,EN,Towers with Radar,2,29,47,9,87,0,0,14,6,20,2,29,61,15,107,36,2,38,145
04/13/2002,FAY,NC,ASO,EN,Towers with Radar,0,31,36,0,67,0,0,50,0,50,0,31,86,0,117,100,0,100,217
04/14/2002,FAY,NC,ASO,EN,Towers with Radar,0,30,22,2,54,0,0,31,0,31,0,30,53,2,85,66,0,66,151
04/15/2002,FAY,NC,ASO,EN,Towers with Radar,0,11,1,5,17,0,0,0,0,0,0,11,1,5,17,46,0,46,63
04/16/2002,FAY,NC,ASO,EN,Towers with Radar,1,31,24,15,71,0,0,57,0,57,1,31,81,15,128,106,16,122,250
04/17/2002,FAY,NC,ASO,EN,Towers with Radar,1,30,25,6,62,0,8,53,2,63,1,38,78,8,125,54,0,54,179
04/18/2002,FAY,NC,ASO,EN,Towers with Radar,0,31,19,7,57,0,0,32,3,35,0,31,51,10,92,32,0,32,124
04/19/2002,FAY,NC,ASO,EN,Towers with Radar,2,30,24,5,61,0,0,41,0,41,2,30,65,5,102,116,4,120,222
04/20/2002,FAY,NC,ASO,EN,Towers with Radar,4,24,22,1,51,0,0,39,0,39,4,24,61,1,90,68,0,68,158
04/21/2002,FAY,NC,ASO,EN,Towers with Radar,3,30,34,0,67,0,0,19,0,19,3,30,53,0,86,66,0,66,152
04/22/2002,FAY,NC,ASO,EN,Towers with Radar,2,30,29,12,73,0,0,14,5,19,2,30,43,17,92,50,0,50,142
04/23/2002,FAY,NC,ASO,EN,Towers with Radar,0,35,46,16,97,0,0,33,5,38,0,35,79,21,135,40,18,58,193
04/24/2002,FAY,NC,ASO,EN,Towers with Radar,1,31,36,9,77,0,0,59,1,60,1,31,95,10,137,36,0,36,173
04/25/2002,FAY,NC,ASO,EN,Towers with Radar,0,31,24,13,68,0,0,13,2,15,0,31,37,15,83,10,4,14,97
04/26/2002,FAY,NC,ASO,EN,Towers with Radar,2,30,33,4,69,0,0,42,5,47,2,30,75,9,116,42,16,58,174
04/27/2002,FAY,NC,ASO,EN,Towers with Radar,0,26,24,2,52,0,0,41,0,41,0,26,65,2,93,52,0,52,145
04/28/2002,FAY,NC,ASO,EN,Towers with Radar,2,31,13,0,46,0,0,7,0,7,2,31,20,0,53,48,0,48,101
04/29/2002,FAY,NC,ASO,EN,Towers with Radar,2,30,20,8,60,0,1,25,7,33,2,31,45,15,93,18,6,24,117
04/30/2002,FAY,NC,ASO,EN,Towers with Radar,2,35,32,6,75,0,0,69,4,73,2,35,101,10,148,18,26,44,192
05/01/2002,FAY,NC,ASO,EN,Towers with Radar,1,31,24,11,67,1,0,43,3,47,2,31,67,14,114,54,0,54,168
05/02/2002,FAY,NC,ASO,EN,Towers with Radar,1,29,36,8,74,0,0,25,1,26,1,29,61,9,100,8,42,50,150
05/03/2002,FAY,NC,ASO,EN,Towers with Radar,2,35,46,11,94,0,0,24,1,25,2,35,70,12,119,68,26,94,213
05/04/2002,FAY,NC,ASO,EN,Towers with Radar,2,23,25,6,56,0,1,0,0,1,2,24,25,6,57,10,0,10,67
05/05/2002,FAY,NC,ASO,EN,Towers with Radar,2,29,45,0,76,0,1,22,0,23,2,30,67,0,99,28,0,28,127
05/06/2002,FAY,NC,ASO,EN,Towers with Radar,0,20,0,11,31,0,0,0,0,0,0,20,0,11,31,28,4,32,63
05/07/2002,FAY,NC,ASO,EN,Towers with Radar,2,33,27,26,88,0,1,31,5,37,2,34,58,31,125,42,56,98,223
05/08/2002,FAY,NC,ASO,EN,Towers with Radar,1,34,34,5,74,0,0,34,0,34,1,34,68,5,108,74,34,108,216
05/09/2002,FAY,NC,ASO,EN,Towers with Radar,2,33,24,31,90,0,0,23,10,33,2,33,47,41,123,64,34,98,221
05/10/2002,FAY,NC,ASO,EN,Towers with Radar,10,34,49,13,106,0,0,48,7,55,10,34,97,20,161,88,34,122,283
05/11/2002,FAY,NC,ASO,EN,Towers with Radar,4,26,20,2,52,0,0,44,0,44,4,26,64,2,96,80,12,92,188
05/12/2002,FAY,NC,ASO,EN,Towers with Radar,2,29,18,10,59,0,0,17,0,17,2,29,35,10,76,34,54,88,164
05/13/2002,FAY,NC,ASO,EN,Towers with Radar,0,27,23,7,57,0,1,11,2,14,0,28,34,9,71,12,60,72,143
05/14/2002,FAY,NC,ASO,EN,Towers with Radar,2,32,34,4,72,0,2,25,2,29,2,34,59,6,101,14,90,104,205
05/15/2002,FAY,NC,ASO,EN,Towers with Radar,1,33,47,24,105,0,1,54,22,77,1,34,101,46,182,32,108,140,322
05/16/2002,FAY,NC,ASO,EN,Towers with Radar,2,31,39,18,90,0,0,49,12,61,2,31,88,30,151,76,42,118,269
05/17/2002,FAY,NC,ASO,EN,Towers with Radar,4,32,22,2,60,0,0,45,3,48,4,32,67,5,108,50,1,51,159
05/18/2002,FAY,NC,ASO,EN,Towers with Radar,4,27,20,1,52,0,0,2,1,3,4,27,22,2,55,2,62,64,119
05/19/2002,FAY,NC,ASO,EN,Towers with Radar,2,30,13,0,45,0,0,55,0,55,2,30,68,0,100,78,0,78,178
05/20/2002,FAY,NC,ASO,EN,Towers with Radar,5,29,23,20,77,0,0,32,3,35,5,29,55,23,112,12,14,26,138
05/21/2002,FAY,NC,ASO,EN,Towers with Radar,2,32,28,6,68,0,3,29,2,34,2,35,57,8,102,54,52,106,208
05/22/2002,FAY,NC,ASO,EN,Towers with Radar,2,29,29,53,113,0,0,29,4,33,2,29,58,57,146,20,82,102,248
05/23/2002,FAY,NC,ASO,EN,Towers with Radar,0,32,29,13,74,0,0,57,0,57,0,32,86,13,131,30,16,46,177
05/24/2002,FAY,NC,ASO,EN,Towers with Radar,2,29,20,3,54,0,1,61,6,68,2,30,81,9,122,116,54,170,292
05/25/2002,FAY,NC,ASO,EN,Towers with Radar,2,23,14,0,39,0,0,57,0,57,2,23,71,0,96,134,0,134,230
05/26/2002,FAY,NC,ASO,EN,Towers with Radar,0,30,12,0,42,0,0,56,2,58,0,30,68,2,100,106,0,106,206
05/27/2002,FAY,NC,ASO,EN,Towers with Radar,2,25,24,0,51,0,0,42,0,42,2,25,66,0,93,64,0,64,157
05/28/2002,FAY,NC,ASO,EN,Towers with Radar,2,32,35,10,79,0,0,40,0,40,2,32,75,10,119,0,120,120,239
05/29/2002,FAY,NC,ASO,EN,Towers with Radar,1,38,27,8,74,0,0,28,5,33,1,38,55,13,107,93,30,123,230
05/30/2002,FAY,NC,ASO,EN,Towers with Radar,2,27,42,6,77,0,0,7,0,7,2,27,49,6,84,24,16,40,124
05/31/2002,FAY,NC,ASO,EN,Towers with Radar,2,32,28,7,69,0,3,31,0,34,2,35,59,7,103,90,16,106,209
06/01/2002,FAY,NC,ASO,EN,Towers with Radar,1,25,12,0,38,1,0,64,0,65,2,25,76,0,103,114,0,114,217
06/02/2002,FAY,NC,ASO,EN,Towers with Radar,2,29,20,0,51,0,0,26,1,27,2,29,46,1,78,98,0,98,176
06/03/2002,FAY,NC,ASO,EN,Towers with Radar,2,31,30,10,73,0,3,25,1,29,2,34,55,11,102,14,12,26,128
06/04/2002,FAY,NC,ASO,EN,Towers with Radar,1,29,17,16,63,0,0,31,1,32,1,29,48,17,95,75,12,87,182
06/05/2002,FAY,NC,ASO,EN,Towers with Radar,2,37,33,3,75,0,0,36,1,37,2,37,69,4,112,124,6,130,242
06/06/2002,FAY,NC,ASO,EN,Towers with Radar,2,27,40,12,81,0,1,15,4,20,2,28,55,16,101,88,2,90,191
06/07/2002,FAY,NC,ASO,EN,Towers with Radar,1,30,41,3,75,0,0,23,0,23,1,30,64,3,98,4,0,4,102
06/08/2002,FAY,NC,ASO,EN,Towers with Radar,1,30,28,0,59,0,1,52,0,53,1,31,80,0,112,74,0,74,186
06/09/2002,FAY,NC,ASO,EN,Towers with Radar,2,34,27,0,63,0,0,34,0,34,2,34,61,0,97,68,0,68,165
06/10/2002,FAY,NC,ASO,EN,Towers with Radar,2,28,20,2,52,0,3,24,1,28,2,31,44,3,80,46,20,66,146
06/11/2002,FAY,NC,ASO,EN,Towers with Radar,2,29,33,5,69,0,3,43,2,48,2,32,76,7,117,156,4,160,277
06/12/2002,FAY,NC,ASO,EN,Towers with Radar,2,32,26,5,65,0,0,50,4,54,2,32,76,9,119,68,16,84,203
06/13/2002,FAY,NC,ASO,EN,Towers with Radar,2,29,56,10,97,0,0,29,4,33,2,29,85,14,130,24,104,128,258
06/14/2002,FAY,NC,ASO,EN,Towers with Radar,2,30,58,0,90,0,0,25,0,25,2,30,83,0,115,0,0,0,115
06/15/2002,FAY,NC,ASO,EN,Towers with Radar,4,28,31,0,63,0,0,45,0,45,4,28,76,0,108,70,0,70,178
06/16/2002,FAY,NC,ASO,EN,Towers with Radar,0,33,46,0,79,0,0,59,0,59,0,33,105,0,138,120,0,120,258
06/17/2002,FAY,NC,ASO,EN,Towers with Radar,2,30,18,3,53,0,5,26,1,32,2,35,44,4,85,42,14,56,141
06/18/2002,FAY,NC,ASO,EN,Towers with Radar,2,30,25,15,72,0,1,23,2,26,2,31,48,17,98,38,2,40,138
06/19/2002,FAY,NC,ASO,EN,Towers with Radar,0,30,19,8,57,0,1,21,4,26,0,31,40,12,83,68,4,72,155
06/20/2002,FAY,NC,ASO,EN,Towers with Radar,0,33,42,5,80,0,2,12,2,16,0,35,54,7,96,22,0,22,118
06/21/2002,FAY,NC,ASO,EN,Towers with Radar,2,31,25,8,66,0,2,29,1,32,2,33,54,9,98,12,0,12,110
06/22/2002,FAY,NC,ASO,EN,Towers with Radar,3,30,20,1,54,0,0,9,4,13,3,30,29,5,67,12,0,12,79
06/23/2002,FAY,NC,ASO,EN,Towers with Radar,1,30,26,0,57,0,0,22,0,22,1,30,48,0,79,28,0,28,107
06/24/2002,FAY,NC,ASO,EN,Towers with Radar,1,32,33,4,70,0,2,18,1,21,1,34,51,5,91,40,0,40,131
06/25/2002,FAY,NC,ASO,EN,Towers with Radar,0,34,24,7,65,0,0,32,1,33,0,34,56,8,98,43,6,49,147
06/26/2002,FAY,NC,ASO,EN,Towers with Radar,0,31,19,6,56,0,0,13,8,21,0,31,32,14,77,8,6,14,91
06/27/2002,FAY,NC,ASO,EN,Towers with Radar,2,32,38,2,74,0,0,16,0,16,2,32,54,2,90,6,2,8,98
06/28/2002,FAY,NC,ASO,EN,Towers with Radar,2,33,31,2,68,0,0,39,0,39,2,33,70,2,107,74,0,74,181
06/29/2002,FAY,NC,ASO,EN,Towers with Radar,1,19,19,2,41,1,7,51,0,59,2,26,70,2,100,64,0,64,164
06/30/2002,FAY,NC,ASO,EN,Towers with Radar,2,25,24,0,51,0,0,36,0,36,2,25,60,0,87,64,0,64,151
07/01/2002,FAY,NC,ASO,EN,Towers with Radar,2,30,28,4,64,0,4,28,0,32,2,34,56,4,96,24,4,28,124
07/02/2002,FAY,NC,ASO,EN,Towers with Radar,0,28,27,3,58,0,1,38,2,41,0,29,65,5,99,38,4,42,141
07/03/2002,FAY,NC,ASO,EN,Towers with Radar,2,30,25,4,61,0,0,27,0,27,2,30,52,4,88,38,0,38,126
07/04/2002,FAY,NC,ASO,EN,Towers with Radar,0,23,11,0,34,0,1,15,0,16,0,24,26,0,50,36,0,36,86
07/05/2002,FAY,NC,ASO,EN,Towers with Radar,0,21,29,0,50,0,2,35,0,37,0,23,64,0,87,76,0,76,163
07/06/2002,FAY,NC,ASO,EN,Towers with Radar,4,22,34,0,60,0,1,38,0,39,4,23,72,0,99,82,0,82,181
07/07/2002,FAY,NC,ASO,EN,Towers with Radar,4,27,9,0,40,0,0,55,0,55,4,27,64,0,95,86,0,86,181
07/08/2002,FAY,NC,ASO,EN,Towers with Radar,0,30,24,2,56,0,0,26,2,28,0,30,50,4,84,36,0,36,120
07/09/2002,FAY,NC,ASO,EN,Towers with Radar,0,26,40,5,71,0,0,44,2,46,0,26,84,7,117,80,10,90,207
07/10/2002,FAY,NC,ASO,EN,Towers with Radar,0,32,31,0,63,0,0,28,2,30,0,32,59,2,93,34,0,34,127
07/11/2002,FAY,NC,ASO,EN,Towers with Radar,1,31,25,4,61,0,0,8,1,9,1,31,33,5,70,46,0,46,116
07/12/2002,FAY,NC,ASO,EN,Towers with Radar,2,31,37,3,73,0,0,33,1,34,2,31,70,4,107,52,0,52,159
07/13/2002,FAY,NC,ASO,EN,Towers with Radar,0,29,16,4,49,0,0,63,0,63,0,29,79,4,112,48,0,48,160
07/14/2002,FAY,NC,ASO,EN,Towers with Radar,2,25,16,0,43,0,0,7,0,7,2,25,23,0,50,6,0,6,56
07/15/2002,FAY,NC,ASO,EN,Towers with Radar,2,33,34,10,79,0,0,32,0,32,2,33,66,10,111,28,6,34,145
07/16/2002,FAY,NC,ASO,EN,Towers with Radar,2,31,32,11,76,0,0,33,0,33,2,31,65,11,109,60,0,60,169
07/17/2002,FAY,NC,ASO,EN,Towers with Radar,2,31,36,1,70,0,0,36,1,37,2,31,72,2,107,36,4,40,147
07/18/2002,FAY,NC,ASO,EN,Towers with Radar,1,27,30,2,60,0,0,23,1,24,1,27,53,3,84,78,32,110,194
07/19/2002,FAY,NC,ASO,EN,Towers with Radar,2,29,49,4,84,0,0,23,5,28,2,29,72,9,112,44,32,76,188
07/20/2002,FAY,NC,ASO,EN,Towers with Radar,2,34,24,6,66,0,2,33,8,43,2,36,57,14,109,72,22,94,203
07/21/2002,FAY,NC,ASO,EN,Towers with Radar,1,27,23,1,52,0,0,35,1,36,1,27,58,2,88,76,0,76,164
07/22/2002,FAY,NC,ASO,EN,Towers with Radar,0,30,24,0,54,0,0,24,4,28,0,30,48,4,82,24,0,24,106
07/23/2002,FAY,NC,ASO,EN,Towers with Radar,2,27,27,17,73,0,0,12,3,15,2,27,39,20,88,58,28,86,174
07/24/2002,FAY,NC,ASO,EN,Towers with Radar,1,37,17,2,57,0,0,5,0,5,1,37,22,2,62,8,0,8,70
07/25/2002,FAY,NC,ASO,EN,Towers with Radar,3,29,24,2,58,0,0,15,0,15,3,29,39,2,73,12,0,12,85
07/26/2002,FAY,NC,ASO,EN,Towers with Radar,2,29,43,2,76,0,0,14,3,17,2,29,57,5,93,20,2,22,115
07/27/2002,FAY,NC,ASO,EN,Towers with Radar,2,28,16,0,46,0,0,31,0,31,2,28,47,0,77,52,0,52,129
07/28/2002,FAY,NC,ASO,EN,Towers with Radar,0,27,17,1,45,0,0,30,1,31,0,27,47,2,76,38,0,38,114
07/29/2002,FAY,NC,ASO,EN,Towers with Radar,1,33,15,1,50,0,0,30,2,32,1,33,45,3,82,46,14,60,142
07/30/2002,FAY,NC,ASO,EN,Towers with Radar,1,28,31,2,62,0,0,37,0,37,1,28,68,2,99,52,0,52,151
07/31/2002,FAY,NC,ASO,EN,Towers with Radar,2,28,25,1,56,0,0,30,8,38,2,28,55,9,94,16,8,24,118
08/01/2002,FAY,NC,ASO,EN,Towers with Radar,0,30,30,1,61,1,0,16,7,24,1,30,46,8,85,14,16,30,115
08/02/2002,FAY,NC,ASO,EN,Towers with Radar,2,30,33,0,65,0,0,31,3,34,2,30,64,3,99,76,0,76,175
08/03/2002,FAY,NC,ASO,EN,Towers with Radar,2,23,17,10,52,0,0,49,1,50,2,23,66,11,102,75,10,85,187
08/04/2002,FAY,NC,ASO,EN,Towers with Radar,0,28,29,0,57,0,0,38,2,40,0,28,67,2,97,72,0,72,169
08/05/2002,FAY,NC,ASO,EN,Towers with Radar,0,29,38,1,68,0,0,27,1,28,0,29,65,2,96,54,8,62,158
08/06/2002,FAY,NC,ASO,EN,Towers with Radar,0,40,31,20,91,0,0,12,3,15,0,40,43,23,106,14,68,82,188
08/07/2002,FAY,NC,ASO,EN,Towers with Radar,1,31,32,1,65,0,0,52,2,54,1,31,84,3,119,82,58,140,259
08/08/2002,FAY,NC,ASO,EN,Towers with Radar,0,33,35,14,82,0,0,32,0,32,0,33,67,14,114,36,40,76,190
08/09/2002,FAY,NC,ASO,EN,Towers with Radar,0,31,47,9,87,0,0,31,1,32,0,31,78,10,119,20,48,68,187
08/10/2002,FAY,NC,ASO,EN,Towers with Radar,2,27,27,0,56,0,0,49,0,49,2,27,76,0,105,50,0,50,155
08/11/2002,FAY,NC,ASO,EN,Towers with Radar,2,27,27,2,58,0,0,39,0,39,2,27,66,2,97,76,0,76,173
08/12/2002,FAY,NC,ASO,EN,Towers with Radar,2,28,20,15,65,0,0,28,4,32,2,28,48,19,97,28,8,36,133
08/13/2002,FAY,NC,ASO,EN,Towers with Radar,2,30,22,5,59,0,0,30,3,33,2,30,52,8,92,52,72,124,216
08/14/2002,FAY,NC,ASO,EN,Towers with Radar,2,29,31,6,68,0,0,30,7,37,2,29,61,13,105,22,30,52,157
08/15/2002,FAY,NC,ASO,EN,Towers with Radar,1,31,33,18,83,0,0,7,0,7,1,31,40,18,90,8,42,50,140
08/16/2002,FAY,NC,ASO,EN,Towers with Radar,2,31,40,5,78,0,0,17,0,17,2,31,57,5,95,18,0,18,113
08/17/2002,FAY,NC,ASO,EN,Towers with Radar,5,27,14,4,50,0,0,14,1,15,5,27,28,5,65,50,0,50,115
08/18/2002,FAY,NC,ASO,EN,Towers with Radar,1,21,20,0,42,2,7,27,0,36,3,28,47,0,78,53,0,53,131
08/19/2002,FAY,NC,ASO,EN,Towers with Radar,2,35,19,6,62,0,0,18,1,19,2,35,37,7,81,12,10,22,103
08/20/2002,FAY,NC,ASO,EN,Towers with Radar,1,29,32,21,83,0,0,15,15,30,1,29,47,36,113,46,68,114,227
08/21/2002,FAY,NC,ASO,EN,Towers with Radar,0,34,31,6,71,0,0,20,0,20,0,34,51,6,91,21,12,33,124
08/22/2002,FAY,NC,ASO,EN,Towers with Radar,0,35,20,16,71,0,0,29,1,30,0,35,49,17,101,54,50,104,205
08/23/2002,FAY,NC,ASO,EN,Towers with Radar,3,29,36,7,75,0,0,36,11,47,3,29,72,18,122,50,58,108,230
08/24/2002,FAY,NC,ASO,EN,Towers with Radar,2,24,20,12,58,0,0,26,0,26,2,24,46,12,84,34,0,34,118
08/25/2002,FAY,NC,ASO,EN,Towers with Radar,1,31,21,0,53,0,0,43,0,43,1,31,64,0,96,36,0,36,132
08/26/2002,FAY,NC,ASO,EN,Towers with Radar,2,28,22,8,60,0,0,8,0,8,2,28,30,8,68,14,0,14,82
08/27/2002,FAY,NC,ASO,EN,Towers with Radar,2,30,37,0,69,0,0,2,0,2,2,30,39,0,71,30,0,30,101
08/28/2002,FAY,NC,ASO,EN,Towers with Radar,2,33,18,0,53,0,0,1,0,1,2,33,19,0,54,0,0,0,54
08/29/2002,FAY,NC,ASO,EN,Towers with Radar,2,30,48,11,91,0,0,0,0,0,2,30,48,11,91,0,0,0,91
08/30/2002,FAY,NC,ASO,EN,Towers with Radar,2,29,27,0,58,0,0,0,0,0,2,29,27,0,58,0,0,0,58
08/31/2002,FAY,NC,ASO,EN,Towers with Radar,0,21,23,1,45,0,0,0,0,0,0,21,23,1,45,0,0,0,45
09/01/2002,FAY,NC,ASO,EN,Towers with Radar,0,19,10,0,29,0,0,4,0,4,0,19,14,0,33,4,0,4,37
09/02/2002,FAY,NC,ASO,EN,Towers with Radar,2,21,19,6,48,0,0,15,0,15,2,21,34,6,63,10,0,10,73
09/03/2002,FAY,NC,ASO,EN,Towers with Radar,0,29,28,6,63,0,0,15,0,15,0,29,43,6,78,72,0,72,150
09/04/2002,FAY,NC,ASO,EN,Towers with Radar,0,32,32,4,68,0,0,43,5,48,0,32,75,9,116,32,60,92,208
09/05/2002,FAY,NC,ASO,EN,Towers with Radar,2,29,30,15,76,0,0,44,0,44,2,29,74,15,120,48,62,110,230
09/06/2002,FAY,NC,ASO,EN,Towers with Radar,2,31,20,9,62,0,0,43,0,43,2,31,63,9,105,34,0,34,139
09/07/2002,FAY,NC,ASO,EN,Towers with Radar,3,25,19,0,47,0,4,46,0,50,3,29,65,0,97,30,0,30,127
09/08/2002,FAY,NC,ASO,EN,Towers with Radar,2,29,26,4,61,0,0,25,0,25,2,29,51,4,86,42,6,48,134
09/09/2002,FAY,NC,ASO,EN,Towers with Radar,2,50,26,6,84,0,0,15,2,17,2,50,41,8,101,32,2,34,135
09/10/2002,FAY,NC,ASO,EN,Towers with Radar,0,26,38,12,76,0,0,15,0,15,0,26,53,12,91,4,0,4,95
09/11/2002,FAY,NC,ASO,EN,Towers with Radar,0,26,24,11,61,0,0,30,0,30,0,26,54,11,91,62,16,78,169
09/12/2002,FAY,NC,ASO,EN,Towers with Radar,0,27,39,5,71,0,0,54,2,56,0,27,93,7,127,118,18,136,263
09/13/2002,FAY,NC,ASO,EN,Towers with Radar,2,30,27,11,70,0,0,29,1,30,2,30,56,12,100,68,26,94,194
09/14/2002,FAY,NC,ASO,EN,Towers with Radar,2,22,8,2,34,0,0,0,0,0,2,22,8,2,34,0,0,0,34
09/15/2002,FAY,NC,ASO,EN,Towers with Radar,2,29,18,1,50,0,0,4,0,4,2,29,22,1,54,2,0,2,56
09/16/2002,FAY,NC,ASO,EN,Towers with Radar,2,28,27,4,61,0,0,3,0,3,2,28,30,4,64,22,0,22,86
09/17/2002,FAY,NC,ASO,EN,Towers with Radar,0,33,31,26,90,0,0,41,2,43,0,33,72,28,133,84,30,114,247
09/18/2002,FAY,NC,ASO,EN,Towers with Radar,0,36,27,33,96,0,0,5,6,11,0,36,32,39,107,20,32,52,159
09/19/2002,FAY,NC,ASO,EN,Towers with Radar,0,31,18,26,75,0,0,29,0,29,0,31,47,26,104,56,6,62,166
09/20/2002,FAY,NC,ASO,EN,Towers with Radar,2,31,35,19,87,0,0,48,4,52,2,31,83,23,139,74,12,86,225
09/21/2002,FAY,NC,ASO,EN,Towers with Radar,2,29,19,0,50,0,0,48,1,49,2,29,67,1,99,70,0,70,169
09/22/2002,FAY,NC,ASO,EN,Towers with Radar,2,31,27,0,60,0,0,40,0,40,2,31,67,0,100,48,0,48,148
09/23/2002,FAY,NC,ASO,EN,Towers with Radar,1,27,33,8,69,0,0,31,10,41,1,27,64,18,110,94,30,124,234
09/24/2002,FAY,NC,ASO,EN,Towers with Radar,2,33,27,19,81,0,2,32,0,34,2,35,59,19,115,40,70,110,225
09/25/2002,FAY,NC,ASO,EN,Towers with Radar,1,27,36,14,78,0,0,35,0,35,1,27,71,14,113,106,6,112,225
09/26/2002,FAY,NC,ASO,EN,Towers with Radar,1,29,34,0,64,0,0,8,0,8,1,29,42,0,72,26,0,26,98
09/27/2002,FAY,NC,ASO,EN,Towers with Radar,2,31,31,0,64,0,0,13,3,16,2,31,44,3,80,24,0,24,104
09/28/2002,FAY,NC,ASO,EN,Towers with Radar,0,31,34,0,65,0,0,34,0,34,0,31,68,0,99,28,0,28,127
09/29/2002,FAY,NC,ASO,EN,Towers with Radar,0,30,28,9,67,0,0,32,0,32,0,30,60,9,99,26,0,26,125
09/30/2002,FAY,NC,ASO,EN,Towers with Radar,1,30,23,14,68,0,0,32,3,35,1,30,55,17,103,24,30,54,157
10/01/2002,FAY,NC,ASO,EN,Towers with Radar,0,32,42,0,74,1,0,35,3,39,1,32,77,3,113,82,14,96,209
10/02/2002,FAY,NC,ASO,EN,Towers with Radar,0,33,54,15,102,0,0,43,4,47,0,33,97,19,149,40,28,68,217
10/03/2002,FAY,NC,ASO,EN,Towers with Radar,2,30,23,12,67,0,0,30,2,32,2,30,53,14,99,72,14,86,185
10/04/2002,FAY,NC,ASO,EN,Towers with Radar,2,38,24,6,70,0,0,24,6,30,2,38,48,12,100,58,4,62,162
10/05/2002,FAY,NC,ASO,EN,Towers with Radar,2,27,28,0,57,0,0,22,1,23,2,27,50,1,80,54,0,54,134
10/06/2002,FAY,NC,ASO,EN,Towers with Radar,2,27,30,5,64,0,0,25,3,28,2,27,55,8,92,24,0,24,116
10/07/2002,FAY,NC,ASO,EN,Towers with Radar,2,30,22,3,57,0,0,15,0,15,2,30,37,3,72,54,6,60,132
10/08/2002,FAY,NC,ASO,EN,Towers with Radar,2,26,35,5,68,0,0,14,14,28,2,26,49,19,96,16,48,64,160
10/09/2002,FAY,NC,ASO,EN,Towers with Radar,2,25,34,6,67,0,0,19,1,20,2,25,53,7,87,40,4,44,131
10/10/2002,FAY,NC,ASO,EN,Towers with Radar,2,27,36,17,82,0,0,10,0,10,2,27,46,17,92,22,16,38,130
10/11/2002,FAY,NC,ASO,EN,Towers with Radar,2,30,30,4,66,0,0,3,0,3,2,30,33,4,69,2,0,2,71
10/12/2002,FAY,NC,ASO,EN,Towers with Radar,4,22,27,5,58,0,0,32,0,32,4,22,59,5,90,68,0,68,158
10/13/2002,FAY,NC,ASO,EN,Towers with Radar,2,26,11,1,40,0,0,15,1,16,2,26,26,2,56,14,0,14,70
10/14/2002,FAY,NC,ASO,EN,Towers with Radar,0,26,25,1,52,0,0,17,1,18,0,26,42,2,70,58,0,58,128
10/15/2002,FAY,NC,ASO,EN,Towers with Radar,2,25,32,2,61,0,0,2,0,2,2,25,34,2,63,16,8,24,87
10/16/2002,FAY,NC,ASO,EN,Towers with Radar,2,28,27,3,60,0,1,6,1,8,2,29,33,4,68,4,0,4,72
10/17/2002,FAY,NC,ASO,EN,Towers with Radar,0,31,37,26,94,0,0,50,12,62,0,31,87,38,156,38,34,72,228
10/18/2002,FAY,NC,ASO,EN,Towers with Radar,1,29,38,7,75,0,0,66,3,69,1,29,104,10,144,98,18,116,260
10/19/2002,FAY,NC,ASO,EN,Towers with Radar,2,25,38,1,66,0,0,63,2,65,2,25,101,3,131,92,2,94,225
10/20/2002,FAY,NC,ASO,EN,Towers with Radar,1,29,25,1,56,0,0,30,0,30,1,29,55,1,86,74,0,74,160
10/21/2002,FAY,NC,ASO,EN,Towers with Radar,2,28,49,8,87,0,0,1,0,1,2,28,50,8,88,4,18,22,110
10/22/2002,FAY,NC,ASO,EN,Towers with Radar,3,28,48,26,105,0,0,0,0,0,3,28,48,26,105,6,4,10,115
10/23/2002,FAY,NC,ASO,EN,Towers with Radar,0,36,28,18,82,0,4,38,4,46,0,40,66,22,128,58,4,62,190
10/24/2002,FAY,NC,ASO,EN,Towers with Radar,0,31,35,12,78,0,0,2,0,2,0,31,37,12,80,0,0,0,80
10/25/2002,FAY,NC,ASO,EN,Towers with Radar,1,30,25,9,65,0,0,0,0,0,1,30,25,9,65,0,0,0,65
10/26/2002,FAY,NC,ASO,EN,Towers with Radar,0,29,29,0,58,0,0,46,1,47,0,29,75,1,105,76,12,88,193
10/27/2002,FAY,NC,ASO,EN,Towers with Radar,0,25,27,5,57,0,0,62,0,62,0,25,89,5,119,56,32,88,207
10/28/2002,FAY,NC,ASO,EN,Towers with Radar,0,28,21,8,57,0,0,9,0,9,0,28,30,8,66,50,4,54,120
10/29/2002,FAY,NC,ASO,EN,Towers with Radar,0,29,20,6,55,0,0,0,0,0,0,29,20,6,55,0,2,2,57
10/30/2002,FAY,NC,ASO,EN,Towers with Radar,0,35,16,2,53,0,0,1,1,2,0,35,17,3,55,12,0,12,67
10/31/2002,FAY,NC,ASO,EN,Towers with Radar,2,31,26,8,67,0,0,42,0,42,2,31,68,8,109,4,18,22,131
11/01/2002,FAY,NC,ASO,EN,Towers with Radar,1,31,25,7,64,1,0,44,13,58,2,31,69,20,122,26,2,28,150
11/02/2002,FAY,NC,ASO,EN,Towers with Radar,1,26,11,0,38,1,0,46,0,47,2,26,57,0,85,92,0,92,177
11/03/2002,FAY,NC,ASO,EN,Towers with Radar,0,26,21,3,50,0,0,33,1,34,0,26,54,4,84,48,0,48,132
11/04/2002,FAY,NC,ASO,EN,Towers with Radar,2,26,26,4,58,0,0,7,0,7,2,26,33,4,65,0,20,20,85
11/05/2002,FAY,NC,ASO,EN,Towers with Radar,2,22,16,9,49,0,0,7,0,7,2,22,23,9,56,0,42,42,98
11/06/2002,FAY,NC,ASO,EN,Towers with Radar,0,29,28,10,67,0,0,10,2,12,0,29,38,12,79,18,38,56,135
11/07/2002,FAY,NC,ASO,EN,Towers with Radar,2,29,32,23,86,0,0,46,1,47,2,29,78,24,133,58,80,138,271
11/08/2002,FAY,NC,ASO,EN,Towers with Radar,2,28,20,10,60,0,0,44,3,47,2,28,64,13,107,82,28,110,217
11/09/2002,FAY,NC,ASO,EN,Towers with Radar,6,24,21,6,57,0,0,53,0,53,6,24,74,6,110,60,20,80,190
11/10/2002,FAY,NC,ASO,EN,Towers with Radar,2,24,18,0,44,0,0,16,0,16,2,24,34,0,60,62,0,62,122
11/11/2002,FAY,NC,ASO,EN,Towers with Radar,0,28,7,0,35,0,0,0,0,0,0,28,7,0,35,0,0,0,35
11/12/2002,FAY,NC,ASO,EN,Towers with Radar,0,23,37,18,78,0,2,1,0,3,0,25,38,18,81,0,0,0,81
11/13/2002,FAY,NC,ASO,EN,Towers with Radar,0,29,24,13,66,0,0,19,6,25,0,29,43,19,91,38,18,56,147
11/14/2002,FAY,NC,ASO,EN,Towers with Radar,2,26,26,19,73,0,0,51,5,56,2,26,77,24,129,78,16,94,223
11/15/2002,FAY,NC,ASO,EN,Towers with Radar,2,26,31,8,67,0,0,58,0,58,2,26,89,8,125,12,2,14,139
11/16/2002,FAY,NC,ASO,EN,Towers with Radar,3,26,22,0,51,0,0,0,0,0,3,26,22,0,51,2,0,2,53
11/17/2002,FAY,NC,ASO,EN,Towers with Radar,0,27,29,0,56,0,0,1,0,1,0,27,30,0,57,0,0,0,57
11/18/2002,FAY,NC,ASO,EN,Towers with Radar,2,30,33,8,73,0,0,31,0,31,2,30,64,8,104,50,0,50,154
11/19/2002,FAY,NC,ASO,EN,Towers with Radar,2,26,42,34,104,0,2,30,6,38,2,28,72,40,142,24,60,84,226
11/20/2002,FAY,NC,ASO,EN,Towers with Radar,1,27,29,15,72,0,0,37,2,39,1,27,66,17,111,62,20,82,193
11/21/2002,FAY,NC,ASO,EN,Towers with Radar,2,22,42,1,67,0,0,25,1,26,2,22,67,2,93,26,12,38,131
11/22/2002,FAY,NC,ASO,EN,Towers with Radar,2,28,22,3,55,0,0,26,2,28,2,28,48,5,83,42,18,60,143
11/23/2002,FAY,NC,ASO,EN,Towers with Radar,2,26,20,0,48,0,4,53,0,57,2,30,73,0,105,80,0,80,185
11/24/2002,FAY,NC,ASO,EN,Towers with Radar,2,24,14,0,40,0,0,55,0,55,2,24,69,0,95,36,0,36,131
11/25/2002,FAY,NC,ASO,EN,Towers with Radar,0,28,34,11,73,0,0,33,0,33,0,28,67,11,106,76,24,100,206
11/26/2002,FAY,NC,ASO,EN,Towers with Radar,0,28,32,20,80,0,0,47,0,47,0,28,79,20,127,32,18,50,177
11/27/2002,FAY,NC,ASO,EN,Towers with Radar,0,27,37,31,95,0,0,19,1,20,0,27,56,32,115,14,54,68,183
11/28/2002,FAY,NC,ASO,EN,Towers with Radar,0,24,9,0,33,0,0,18,0,18,0,24,27,0,51,0,0,0,51
11/29/2002,FAY,NC,ASO,EN,Towers with Radar,2,20,16,0,38,0,0,15,0,15,2,20,31,0,53,8,0,8,61
11/30/2002,FAY,NC,ASO,EN,Towers with Radar,2,22,11,0,35,0,0,25,0,25,2,22,36,0,60,2,0,2,62
12/01/2002,FAY,NC,ASO,EN,Towers with Radar,0,24,34,1,59,0,0,34,2,36,0,24,68,3,95,26,6,32,127
12/02/2002,FAY,NC,ASO,EN,Towers with Radar,2,26,20,8,56,0,0,31,27,58,2,26,51,35,114,8,26,34,148
12/03/2002,FAY,NC,ASO,EN,Towers with Radar,1,24,19,4,48,0,0,44,0,44,1,24,63,4,92,26,4,30,122
12/04/2002,FAY,NC,ASO,EN,Towers with Radar,0,15,10,2,27,0,0,9,2,11,0,15,19,4,38,8,26,34,72
12/05/2002,FAY,NC,ASO,EN,Towers with Radar,2,10,4,1,17,0,0,0,0,0,2,10,4,1,17,0,0,0,17
12/06/2002,FAY,NC,ASO,EN,Towers with Radar,2,29,29,12,72,0,0,21,0,21,2,29,50,12,93,58,2,60,153
12/07/2002,FAY,NC,ASO,EN,Towers with Radar,2,21,18,3,44,0,0,51,0,51,2,21,69,3,95,54,8,62,157
12/08/2002,FAY,NC,ASO,EN,Towers with Radar,0,21,25,0,46,0,0,19,0,19,0,21,44,0,65,25,0,25,90
12/09/2002,FAY,NC,ASO,EN,Towers with Radar,0,5,5,1,11,0,0,0,0,0,0,5,5,1,11,16,26,42,53
12/10/2002,FAY,NC,ASO,EN,Towers with Radar,0,25,14,0,39,0,0,0,0,0,0,25,14,0,39,0,10,10,49
12/11/2002,FAY,NC,ASO,EN,Towers with Radar,0,24,11,2,37,0,0,0,0,0,0,24,11,2,37,0,14,14,51
12/12/2002,FAY,NC,ASO,EN,Towers with Radar,0,26,32,19,77,0,0,17,0,17,0,26,49,19,94,44,32,76,170
12/13/2002,FAY,NC,ASO,EN,Towers with Radar,2,24,15,1,42,0,0,0,0,0,2,24,15,1,42,0,0,0,42
12/14/2002,FAY,NC,ASO,EN,Towers with Radar,0,14,12,0,26,4,7,21,0,32,4,21,33,0,58,70,0,70,128
12/15/2002,FAY,NC,ASO,EN,Towers with Radar,2,23,24,0,49,0,0,36,0,36,2,23,60,0,85,100,0,100,185
12/16/2002,FAY,NC,ASO,EN,Towers with Radar,2,24,26,12,64,0,0,30,0,30,2,24,56,12,94,40,0,40,134
12/17/2002,FAY,NC,ASO,EN,Towers with Radar,2,23,33,11,69,0,0,39,0,39,2,23,72,11,108,6,4,10,118
12/18/2002,FAY,NC,ASO,EN,Towers with Radar,1,24,29,1,55,0,0,41,3,44,1,24,70,4,99,46,8,54,153
12/19/2002,FAY,NC,ASO,EN,Towers with Radar,4,29,47,19,99,0,0,3,0,3,4,29,50,19,102,0,30,30,132
12/20/2002,FAY,NC,ASO,EN,Towers with Radar,2,25,18,0,45,0,0,5,0,5,2,25,23,0,50,0,0,0,50
12/21/2002,FAY,NC,ASO,EN,Towers with Radar,0,16,7,0,23,0,0,67,0,67,0,16,74,0,90,64,0,64,154
12/22/2002,FAY,NC,ASO,EN,Towers with Radar,0,24,15,0,39,0,0,19,0,19,0,24,34,0,58,50,0,50,108
12/23/2002,FAY,NC,ASO,EN,Towers with Radar,0,25,22,4,51,0,0,42,0,42,0,25,64,4,93,28,8,36,129
12/24/2002,FAY,NC,ASO,EN,Towers with Radar,0,26,7,0,33,0,0,0,0,0,0,26,7,0,33,6,0,6,39
12/25/2002,FAY,NC,ASO,EN,Towers with Radar,0,18,6,0,24,0,0,0,0,0,0,18,6,0,24,0,0,0,24
12/26/2002,FAY,NC,ASO,EN,Towers with Radar,0,20,23,0,43,0,0,20,0,20,0,20,43,0,63,45,0,45,108
12/27/2002,FAY,NC,ASO,EN,Towers with Radar,2,22,18,33,75,0,0,35,0,35,2,22,53,33,110,10,20,30,140
12/28/2002,FAY,NC,ASO,EN,Towers with Radar,2,18,9,0,29,0,0,39,0,39,2,18,48,0,68,60,4,64,132
12/29/2002,FAY,NC,ASO,EN,Towers with Radar,0,25,23,0,48,0,0,19,0,19,0,25,42,0,67,40,0,40,107
12/30/2002,FAY,NC,ASO,EN,Towers with Radar,2,24,21,5,52,0,0,32,3,35,2,24,53,8,87,80,28,108,195
12/31/2002,FAY,NC,ASO,EN,Towers with Radar,0,23,16,8,47,0,0,15,0,15,0,23,31,8,62,18,12,30,92
01/01/2003,FAY,NC,ASO,EN,Towers with Radar,0,18,7,0,25,0,1,8,0,9,0,19,15,0,34,0,0,0,34
01/02/2003,FAY,NC,ASO,EN,Towers with Radar,0,22,23,18,63,0,0,0,1,1,0,22,23,19,64,6,4,10,74
01/03/2003,FAY,NC,ASO,EN,Towers with Radar,1,24,22,24,71,1,0,6,0,7,2,24,28,24,78,10,24,34,112
01/04/2003,FAY,NC,ASO,EN,Towers with Radar,1,18,15,0,34,1,0,82,0,83,2,18,97,0,117,72,0,72,189
01/05/2003,FAY,NC,ASO,EN,Towers with Radar,0,21,30,0,51,0,0,25,2,27,0,21,55,2,78,60,0,60,138
01/06/2003,FAY,NC,ASO,EN,Towers with Radar,0,25,29,14,68,0,0,27,2,29,0,25,56,16,97,58,12,70,167
01/07/2003,FAY,NC,ASO,EN,Towers with Radar,2,22,32,6,62,0,0,27,5,32,2,22,59,11,94,48,12,60,154
01/08/2003,FAY,NC,ASO,EN,Towers with Radar,2,23,20,16,61,0,1,28,4,33,2,24,48,20,94,40,16,56,150
01/09/2003,FAY,NC,ASO,EN,Towers with Radar,2,23,19,7,51,0,0,19,0,19,2,23,38,7,70,16,4,20,90
01/10/2003,FAY,NC,ASO,EN,Towers with Radar,2,22,39,9,72,0,0,27,1,28,2,22,66,10,100,11,12,23,123
01/11/2003,FAY,NC,ASO,EN,Towers with Radar,2,19,18,7,46,0,0,47,0,47,2,19,65,7,93,112,4,116,209
01/12/2003,FAY,NC,ASO,EN,Towers with Radar,2,20,20,1,43,0,0,38,1,39,2,20,58,2,82,72,0,72,154
01/13/2003,FAY,NC,ASO,EN,Towers with Radar,2,23,13,4,42,0,0,34,4,38,2,23,47,8,80,14,44,58,138
01/14/2003,FAY,NC,ASO,EN,Towers with Radar,0,22,18,0,40,0,2,26,1,29,0,24,44,1,69,18,0,18,87
01/15/2003,FAY,NC,ASO,EN,Towers with Radar,0,24,22,2,48,2,2,26,0,30,2,26,48,2,78,20,4,24,102
01/16/2003,FAY,NC,ASO,EN,Towers with Radar,2,21,27,13,63,0,0,25,0,25,2,21,52,13,88,28,44,72,160
01/17/2003,FAY,NC,ASO,EN,Towers with Radar,2,23,13,0,38,0,0,6,0,6,2,23,19,0,44,18,0,18,62
01/18/2003,FAY,NC,ASO,EN,Towers with Radar,4,17,37,86,144,0,0,34,0,34,4,17,71,86,178,78,36,114,292
01/19/2003,FAY,NC,ASO,EN,Towers with Radar,0,9,9,0,18,0,13,13,0,26,0,22,22,0,44,0,0,0,44
01/20/2003,FAY,NC,ASO,EN,Towers with Radar,2,22,15,0,39,0,0,16,0,16,2,22,31,0,55,28,0,28,83
01/21/2003,FAY,NC,ASO,EN,Towers with Radar,2,24,20,20,66,0,0,9,0,9,2,24,29,20,75,0,0,0,75
01/22/2003,FAY,NC,ASO,EN,Towers with Radar,1,25,37,8,71,0,0,27,4,31,1,25,64,12,102,4,18,22,124
01/23/2003,FAY,NC,ASO,EN,Towers with Radar,0,23,12,0,35,0,0,2,0,2,0,23,14,0,37,0,0,0,37
01/24/2003,FAY,NC,ASO,EN,Towers with Radar,0,24,16,10,50,0,1,23,2,26,0,25,39,12,76,24,8,32,108
01/25/2003,FAY,NC,ASO,EN,Towers with Radar,2,20,18,0,40,0,0,68,0,68,2,20,86,0,108,106,0,106,214
01/26/2003,FAY,NC,ASO,EN,Towers with Radar,0,23,27,0,50,0,0,37,0,37,0,23,64,0,87,68,0,68,155
01/27/2003,FAY,NC,ASO,EN,Towers with Radar,0,23,12,18,53,0,0,22,1,23,0,23,34,19,76,4,32,36,112
01/28/2003,FAY,NC,ASO,EN,Towers with Radar,0,24,46,8,78,0,0,29,2,31,0,24,75,10,109,14,0,14,123
01/29/2003,FAY,NC,ASO,EN,Towers with Radar,1,23,16,11,51,0,0,14,2,16,1,23,30,13,67,0,20,20,87
01/30/2003,FAY,NC,ASO,EN,Towers with Radar,0,33,16,12,61,0,0,0,0,0,0,33,16,12,61,4,0,4,65
01/31/2003,FAY,NC,ASO,EN,Towers with Radar,0,27,19,13,59,0,0,0,0,0,0,27,19,13,59,0,0,0,59
02/01/2003,FAY,NC,ASO,EN,Towers with Radar,2,16,18,0,36,0,0,17,0,17,2,16,35,0,53,52,0,52,105
02/02/2003,FAY,NC,ASO,EN,Towers with Radar,0,19,34,8,61,0,0,43,0,43,0,19,77,8,104,56,0,56,160
02/03/2003,FAY,NC,ASO,EN,Towers with Radar,0,24,26,2,52,0,0,32,1,33,0,24,58,3,85,40,0,40,125
02/04/2003,FAY,NC,ASO,EN,Towers with Radar,0,24,15,0,39,0,0,9,8,17,0,24,24,8,56,0,30,30,86
02/05/2003,FAY,NC,ASO,EN,Towers with Radar,0,23,26,0,49,0,0,38,1,39,0,23,64,1,88,42,36,78,166
02/06/2003,FAY,NC,ASO,EN,Towers with Radar,1,24,14,6,45,0,1,9,0,10,1,25,23,6,55,40,0,40,95
02/07/2003,FAY,NC,ASO,EN,Towers with Radar,2,21,26,4,53,0,0,8,0,8,2,21,34,4,61,0,0,0,61
02/08/2003,FAY,NC,ASO,EN,Towers with Radar,0,24,18,0,42,0,0,69,5,74,0,24,87,5,116,68,0,68,184
02/09/2003,FAY,NC,ASO,EN,Towers with Radar,0,20,18,2,40,0,0,35,0,35,0,20,53,2,75,22,0,22,97
02/10/2003,FAY,NC,ASO,EN,Towers with Radar,2,28,18,2,50,0,0,0,0,0,2,28,18,2,50,0,0,0,50
02/11/2003,FAY,NC,ASO,EN,Towers with Radar,1,28,28,8,65,0,0,26,0,26,1,28,54,8,91,20,12,32,123
02/12/2003,FAY,NC,ASO,EN,Towers with Radar,1,26,29,7,63,0,0,22,0,22,1,26,51,7,85,4,0,4,89
02/13/2003,FAY,NC,ASO,EN,Towers with Radar,2,26,28,8,64,0,0,37,2,39,2,26,65,10,103,52,16,68,171
02/14/2003,FAY,NC,ASO,EN,Towers with Radar,2,26,24,1,53,0,0,14,1,15,2,26,38,2,68,10,0,10,78
02/15/2003,FAY,NC,ASO,EN,Towers with Radar,4,20,9,0,33,0,0,15,0,15,4,20,24,0,48,42,0,42,90
02/16/2003,FAY,NC,ASO,EN,Towers with Radar,0,8,0,0,8,0,0,0,0,0,0,8,0,0,8,0,0,0,8
02/17/2003,FAY,NC,ASO,EN,Towers with Radar,1,15,6,0,22,0,0,0,0,0,1,15,6,0,22,0,0,0,22
02/18/2003,FAY,NC,ASO,EN,Towers with Radar,2,29,30,13,74,0,0,6,1,7,2,29,36,14,81,10,16,26,107
02/19/2003,FAY,NC,ASO,EN,Towers with Radar,1,22,29,2,54,0,0,27,3,30,1,22,56,5,84,0,0,0,84
02/20/2003,FAY,NC,ASO,EN,Towers with Radar,2,28,19,6,55,0,0,21,0,21,2,28,40,6,76,74,8,82,158
02/21/2003,FAY,NC,ASO,EN,Towers with Radar,2,25,40,4,71,0,0,3,0,3,2,25,43,4,74,0,18,18,92
02/22/2003,FAY,NC,ASO,EN,Towers with Radar,0,25,5,0,30,0,0,0,0,0,0,25,5,0,30,0,0,0,30
02/23/2003,FAY,NC,ASO,EN,Towers with Radar,0,25,14,0,39,0,0,3,0,3,0,25,17,0,42,4,0,4,46
02/24/2003,FAY,NC,ASO,EN,Towers with Radar,0,33,25,27,85,0,0,29,2,31,0,33,54,29,116,38,28,66,182
02/25/2003,FAY,NC,ASO,EN,Towers with Radar,2,24,43,8,77,0,0,26,5,31,2,24,69,13,108,38,16,54,162
02/26/2003,FAY,NC,ASO,EN,Towers with Radar,2,28,9,12,51,0,0,7,0,7,2,28,16,12,58,28,18,46,104
02/27/2003,FAY,NC,ASO,EN,Towers with Radar,2,27,7,4,40,0,0,0,0,0,2,27,7,4,40,0,0,0,40
02/28/2003,FAY,NC,ASO,EN,Towers with Radar,2,26,28,15,71,0,0,18,0,18,2,26,46,15,89,51,12,63,152
03/01/2003,FAY,NC,ASO,EN,Towers with Radar,2,21,14,2,39,0,0,5,0,5,2,21,19,2,44,26,2,28,72
03/02/2003,FAY,NC,ASO,EN,Towers with Radar,1,18,29,4,52,1,0,7,0,8,2,18,36,4,60,8,0,8,68
03/03/2003,FAY,NC,ASO,EN,Towers with Radar,2,29,25,6,62,0,0,26,2,28,2,29,51,8,90,36,24,60,150
03/04/2003,FAY,NC,ASO,EN,Towers with Radar,2,29,17,2,50,0,0,34,2,36,2,29,51,4,86,54,12,66,152
03/05/2003,FAY,NC,ASO,EN,Towers with Radar,1,27,32,31,91,0,0,8,4,12,1,27,40,35,103,14,4,18,121
03/06/2003,FAY,NC,ASO,EN,Towers with Radar,0,29,22,15,66,0,0,0,1,1,0,29,22,16,67,2,6,8,75
03/07/2003,FAY,NC,ASO,EN,Towers with Radar,2,26,40,11,79,0,0,1,1,2,2,26,41,12,81,26,4,30,111
03/08/2003,FAY,NC,ASO,EN,Towers with Radar,0,21,20,2,43,0,0,38,1,39,0,21,58,3,82,82,18,100,182
03/09/2003,FAY,NC,ASO,EN,Towers with Radar,0,22,20,0,42,0,0,31,0,31,0,22,51,0,73,74,0,74,147
03/10/2003,FAY,NC,ASO,EN,Towers with Radar,0,29,27,9,65,0,1,45,3,49,0,30,72,12,114,34,0,34,148
03/11/2003,FAY,NC,ASO,EN,Towers with Radar,2,27,35,14,78,0,2,14,2,18,2,29,49,16,96,48,8,56,152
03/12/2003,FAY,NC,ASO,EN,Towers with Radar,2,28,16,4,50,0,0,37,0,37,2,28,53,4,87,10,4,14,101
03/13/2003,FAY,NC,ASO,EN,Towers with Radar,2,26,37,8,73,0,0,14,0,14,2,26,51,8,87,4,6,10,97
03/14/2003,FAY,NC,ASO,EN,Towers with Radar,0,26,27,0,53,0,0,27,0,27,0,26,54,0,80,36,0,36,116
03/15/2003,FAY,NC,ASO,EN,Towers with Radar,4,19,19,0,42,0,0,0,0,0,4,19,19,0,42,0,0,0,42
03/16/2003,FAY,NC,ASO,EN,Towers with Radar,1,21,16,0,38,1,3,0,0,4,2,24,16,0,42,0,0,0,42
03/17/2003,FAY,NC,ASO,EN,Towers with Radar,0,26,16,4,46,0,0,1,1,2,0,26,17,5,48,38,2,40,88
03/18/2003,FAY,NC,ASO,EN,Towers with Radar,0,29,17,16,62,0,0,11,0,11,0,29,28,16,73,2,10,12,85
03/19/2003,FAY,NC,ASO,EN,Towers with Radar,0,28,24,7,59,0,0,0,1,1,0,28,24,8,60,0,4,4,64
03/20/2003,FAY,NC,ASO,EN,Towers with Radar,2,24,22,0,48,0,0,0,0,0,2,24,22,0,48,0,0,0,48
03/21/2003,FAY,NC,ASO,EN,Towers with Radar,0,28,31,9,68,0,0,1,12,13,0,28,32,21,81,20,44,64,145
03/22/2003,FAY,NC,ASO,EN,Towers with Radar,1,22,38,6,67,0,0,71,0,71,1,22,109,6,138,60,0,60,198
03/23/2003,FAY,NC,ASO,EN,Towers with Radar,0,19,28,0,47,0,0,30,0,30,0,19,58,0,77,60,0,60,137
03/24/2003,FAY,NC,ASO,EN,Towers with Radar,4,27,32,6,69,0,0,38,1,39,4,27,70,7,108,106,12,118,226
03/25/2003,FAY,NC,ASO,EN,Towers with Radar,6,21,32,8,67,0,0,53,1,54,6,21,85,9,121,62,0,62,183
03/26/2003,FAY,NC,ASO,EN,Towers with Radar,2,25,31,0,58,0,0,28,0,28,2,25,59,0,86,40,2,42,128
03/27/2003,FAY,NC,ASO,EN,Towers with Radar,2,26,11,4,43,0,0,21,0,21,2,26,32,4,64,56,6,62,126
03/28/2003,FAY,NC,ASO,EN,Towers with Radar,2,27,27,0,56,0,0,30,0,30,2,27,57,0,86,78,7,85,171
03/29/2003,FAY,NC,ASO,EN,Towers with Radar,0,23,25,0,48,0,0,6,0,6,0,23,31,0,54,0,0,0,54
03/30/2003,FAY,NC,ASO,EN,Towers with Radar,0,14,11,0,25,0,6,0,0,6,0,20,11,0,31,0,0,0,31
03/31/2003,FAY,NC,ASO,EN,Towers with Radar,2,30,26,17,75,0,0,8,3,11,2,30,34,20,86,0,24,24,110
04/01/2003,FAY,NC,ASO,EN,Towers with Radar,1,27,21,6,55,1,0,31,2,34,2,27,52,8,89,26,8,34,123
04/02/2003,FAY,NC,ASO,EN,Towers with Radar,0,27,24,14,65,0,0,38,0,38,0,27,62,14,103,6,24,30,133
04/03/2003,FAY,NC,ASO,EN,Towers with Radar,0,27,18,17,62,0,0,44,4,48,0,27,62,21,110,124,16,140,250
04/04/2003,FAY,NC,ASO,EN,Towers with Radar,1,29,14,12,56,1,0,39,0,40,2,29,53,12,96,56,22,78,174
04/05/2003,FAY,NC,ASO,EN,Towers with Radar,2,18,14,0,34,0,1,27,1,29,2,19,41,1,63,38,12,50,113
04/06/2003,FAY,NC,ASO,EN,Towers with Radar,2,20,25,0,47,0,1,24,2,27,2,21,49,2,74,20,0,20,94
04/07/2003,FAY,NC,ASO,EN,Towers with Radar,0,30,5,8,43,0,0,1,0,1,0,30,6,8,44,0,0,0,44
04/08/2003,FAY,NC,ASO,EN,Towers with Radar,2,22,32,3,59,0,1,0,2,3,2,23,32,5,62,0,0,0,62
04/09/2003,FAY,NC,ASO,EN,Towers with Radar,0,24,26,4,54,0,0,1,0,1,0,24,27,4,55,0,0,0,55
04/10/2003,FAY,NC,ASO,EN,Towers with Radar,2,22,11,2,37,0,1,3,0,4,2,23,14,2,41,0,0,0,41
04/11/2003,FAY,NC,ASO,EN,Towers with Radar,2,22,27,6,57,0,1,2,0,3,2,23,29,6,60,0,0,0,60
04/12/2003,FAY,NC,ASO,EN,Towers with Radar,2,18,17,0,37,0,1,39,0,40,2,19,56,0,77,40,2,42,119
04/13/2003,FAY,NC,ASO,EN,Towers with Radar,0,18,23,1,42,0,1,56,0,57,0,19,79,1,99,60,0,60,159
04/14/2003,FAY,NC,ASO,EN,Towers with Radar,2,24,25,10,61,0,0,36,1,37,2,24,61,11,98,26,6,32,130
04/15/2003,FAY,NC,ASO,EN,Towers with Radar,1,23,27,6,57,1,0,41,3,45,2,23,68,9,102,32,12,44,146
04/16/2003,FAY,NC,ASO,EN,Towers with Radar,1,22,30,5,58,0,0,31,2,33,1,22,61,7,91,26,0,26,117
04/17/2003,FAY,NC,ASO,EN,Towers with Radar,2,23,15,3,43,0,0,22,0,22,2,23,37,3,65,30,0,30,95
04/18/2003,FAY,NC,ASO,EN,Towers with Radar,2,26,27,11,66,0,0,1,0,1,2,26,28,11,67,0,0,0,67
04/19/2003,FAY,NC,ASO,EN,Towers with Radar,4,19,22,0,45,0,0,1,0,1,4,19,23,0,46,0,0,0,46
04/20/2003,FAY,NC,ASO,EN,Towers with Radar,4,19,13,0,36,0,0,32,0,32,4,19,45,0,68,72,0,72,140
04/21/2003,FAY,NC,ASO,EN,Towers with Radar,1,24,20,4,49,0,0,13,0,13,1,24,33,4,62,44,0,44,106
04/22/2003,FAY,NC,ASO,EN,Towers with Radar,2,26,28,4,60,0,0,23,1,24,2,26,51,5,84,8,0,8,92
04/23/2003,FAY,NC,ASO,EN,Towers with Radar,2,23,24,5,54,0,0,42,3,45,2,23,66,8,99,20,4,24,123
04/24/2003,FAY,NC,ASO,EN,Towers with Radar,2,23,33,19,77,0,0,30,2,32,2,23,63,21,109,42,12,54,163
04/25/2003,FAY,NC,ASO,EN,Towers with Radar,1,25,18,6,50,0,0,1,0,1,1,25,19,6,51,0,0,0,51
04/26/2003,FAY,NC,ASO,EN,Towers with Radar,2,21,16,0,39,0,0,6,0,6,2,21,22,0,45,0,0,0,45
04/27/2003,FAY,NC,ASO,EN,Towers with Radar,0,21,29,1,51,0,0,23,0,23,0,21,52,1,74,88,0,88,162
04/28/2003,FAY,NC,ASO,EN,Towers with Radar,0,26,14,0,40,0,0,25,2,27,0,26,39,2,67,24,0,24,91
04/29/2003,FAY,NC,ASO,EN,Towers with Radar,0,33,39,11,83,0,0,31,0,31,0,33,70,11,114,12,2,14,128
04/30/2003,FAY,NC,ASO,EN,Towers with Radar,0,24,16,12,52,0,0,31,0,31,0,24,47,12,83,54,13,67,150
05/01/2003,FAY,NC,ASO,EN,Towers with Radar,1,24,21,3,49,0,0,19,0,19,1,24,40,3,68,34,6,40,108
05/02/2003,FAY,NC,ASO,EN,Towers with Radar,1,24,45,1,71,0,0,52,0,52,1,24,97,1,123,28,0,28,151
05/03/2003,FAY,NC,ASO,EN,Towers with Radar,3,20,23,0,46,0,0,49,0,49,3,20,72,0,95,82,0,82,177
05/04/2003,FAY,NC,ASO,EN,Towers with Radar,0,19,29,0,48,0,0,3,0,3,0,19,32,0,51,38,0,38,89
05/05/2003,FAY,NC,ASO,EN,Towers with Radar,2,26,34,10,72,0,0,2,0,2,2,26,36,10,74,74,28,102,176
05/06/2003,FAY,NC,ASO,EN,Towers with Radar,0,26,22,0,48,0,0,5,0,5,0,26,27,0,53,12,0,12,65
05/07/2003,FAY,NC,ASO,EN,Towers with Radar,2,25,30,9,66,0,0,10,1,11,2,25,40,10,77,50,10,60,137
05/08/2003,FAY,NC,ASO,EN,Towers with Radar,0,27,29,5,61,0,0,28,5,33,0,27,57,10,94,24,0,24,118
05/09/2003,FAY,NC,ASO,EN,Towers with Radar,2,25,37,0,64,0,2,21,0,23,2,27,58,0,87,10,0,10,97
05/10/2003,FAY,NC,ASO,EN,Towers with Radar,2,22,23,6,53,0,0,41,0,41,2,22,64,6,94,126,0,126,220
05/11/2003,FAY,NC,ASO,EN,Towers with Radar,2,17,16,1,36,0,0,13,2,15,2,17,29,3,51,30,0,30,81
05/12/2003,FAY,NC,ASO,EN,Towers with Radar,0,29,13,3,45,0,0,17,2,19,0,29,30,5,64,44,20,64,128
05/13/2003,FAY,NC,ASO,EN,Towers with Radar,0,28,18,13,59,0,0,32,0,32,0,28,50,13,91,46,0,46,137
05/14/2003,FAY,NC,ASO,EN,Towers with Radar,0,28,26,9,63,0,0,100,0,100,0,28,126,9,163,115,0,115,278
05/15/2003,FAY,NC,ASO,EN,Towers with Radar,1,26,29,10,66,0,0,33,0,33,1,26,62,10,99,48,4,52,151
05/16/2003,FAY,NC,ASO,EN,Towers with Radar,3,34,38,2,77,0,8,27,2,37,3,42,65,4,114,188,0,188,302
05/17/2003,FAY,NC,ASO,EN,Towers with Radar,4,20,8,0,32,0,0,7,0,7,4,20,15,0,39,24,0,24,63
05/18/2003,FAY,NC,ASO,EN,Towers with Radar,2,18,26,0,46,0,0,5,0,5,2,18,31,0,51,330,0,330,381
05/19/2003,FAY,NC,ASO,EN,Towers with Radar,2,26,36,28,92,0,0,12,4,16,2,26,48,32,108,54,38,92,200
05/20/2003,FAY,NC,ASO,EN,Towers with Radar,1,31,54,2,88,0,1,52,2,55,1,32,106,4,143,68,22,90,233
05/21/2003,FAY,NC,ASO,EN,Towers with Radar,2,27,25,15,69,0,0,32,3,35,2,27,57,18,104,42,8,50,154
05/22/2003,FAY,NC,ASO,EN,Towers with Radar,4,26,30,16,76,0,0,0,0,0,4,26,30,16,76,10,18,28,104
05/23/2003,FAY,NC,ASO,EN,Towers with Radar,0,27,23,19,69,0,0,16,0,16,0,27,39,19,85,14,4,18,103
05/24/2003,FAY,NC,ASO,EN,Towers with Radar,2,18,33,0,53,0,0,42,0,42,2,18,75,0,95,74,0,74,169
05/25/2003,FAY,NC,ASO,EN,Towers with Radar,3,21,29,0,53,0,0,12,0,12,3,21,41,0,65,30,0,30,95
05/26/2003,FAY,NC,ASO,EN,Towers with Radar,2,22,48,0,72,0,0,36,0,36,2,22,84,0,108,50,0,50,158
05/27/2003,FAY,NC,ASO,EN,Towers with Radar,0,24,31,7,62,0,1,5,0,6,0,25,36,7,68,0,6,6,74
05/28/2003,FAY,NC,ASO,EN,Towers with Radar,2,25,41,18,86,0,0,30,6,36,2,25,71,24,122,128,108,236,358
05/29/2003,FAY,NC,ASO,EN,Towers with Radar,0,29,45,8,82,0,0,24,2,26,0,29,69,10,108,58,58,116,224
05/30/2003,FAY,NC,ASO,EN,Towers with Radar,1,28,38,10,77,0,1,44,0,45,1,29,82,10,122,82,40,122,244
05/31/2003,FAY,NC,ASO,EN,Towers with Radar,2,16,6,2,26,0,0,5,0,5,2,16,11,2,31,12,20,32,63
06/01/2003,FAY,NC,ASO,EN,Towers with Radar,2,19,12,0,33,0,0,36,0,36,2,19,48,0,69,22,0,22,91
06/02/2003,FAY,NC,ASO,EN,Towers with Radar,0,26,18,6,50,0,0,44,0,44,0,26,62,6,94,64,28,92,186
06/03/2003,FAY,NC,ASO,EN,Towers with Radar,2,26,32,9,69,0,0,22,2,24,2,26,54,11,93,8,10,18,111
06/04/2003,FAY,NC,ASO,EN,Towers with Radar,2,25,30,1,58,0,0,8,4,12,2,25,38,5,70,44,0,44,114
06/05/2003,FAY,NC,ASO,EN,Towers with Radar,2,27,25,6,60,0,0,52,2,54,2,27,77,8,114,56,0,56,170
06/06/2003,FAY,NC,ASO,EN,Towers with Radar,4,33,18,14,69,0,0,30,2,32,4,33,48,16,101,78,10,88,189
06/07/2003,FAY,NC,ASO,EN,Towers with Radar,0,23,14,0,37,0,0,1,0,1,0,23,15,0,38,0,0,0,38
06/08/2003,FAY,NC,ASO,EN,Towers with Radar,2,19,12,0,33,0,0,14,0,14,2,19,26,0,47,50,0,50,97
06/09/2003,FAY,NC,ASO,EN,Towers with Radar,2,24,14,10,50,0,0,16,0,16,2,24,30,10,66,76,0,76,142
06/10/2003,FAY,NC,ASO,EN,Towers with Radar,0,27,25,4,56,0,0,41,0,41,0,27,66,4,97,50,8,58,155
06/11/2003,FAY,NC,ASO,EN,Towers with Radar,0,26,23,6,55,0,0,26,0,26,0,26,49,6,81,60,26,86,167
06/12/2003,FAY,NC,ASO,EN,Towers with Radar,2,24,21,6,53,0,0,17,0,17,2,24,38,6,70,75,0,75,145
06/13/2003,FAY,NC,ASO,EN,Towers with Radar,0,24,31,4,59,0,0,12,0,12,0,24,43,4,71,22,0,22,93
06/14/2003,FAY,NC,ASO,EN,Towers with Radar,5,20,20,0,45,0,0,39,0,39,5,20,59,0,84,52,0,52,136
06/15/2003,FAY,NC,ASO,EN,Towers with Radar,4,17,15,1,37,0,0,18,0,18,4,17,33,1,55,0,0,0,55
06/16/2003,FAY,NC,ASO,EN,Towers with Radar,2,31,26,16,75,0,0,2,0,2,2,31,28,16,77,6,18,24,101
06/17/2003,FAY,NC,ASO,EN,Towers with Radar,0,31,59,27,117,0,0,1,0,1,0,31,60,27,118,0,2,2,120
06/18/2003,FAY,NC,ASO,EN,Towers with Radar,2,23,22,10,57,0,0,6,0,6,2,23,28,10,63,30,14,44,107
06/19/2003,FAY,NC,ASO,EN,Towers with Radar,2,26,31,13,72,0,0,14,0,14,2,26,45,13,86,12,22,34,120
06/20/2003,FAY,NC,ASO,EN,Towers with Radar,4,28,31,8,71,0,0,26,9,35,4,28,57,17,106,84,32,116,222
06/21/2003,FAY,NC,ASO,EN,Towers with Radar,4,20,6,0,30,0,0,41,0,41,4,20,47,0,71,58,0,58,129
06/22/2003,FAY,NC,ASO,EN,Towers with Radar,2,20,16,0,38,0,0,43,0,43,2,20,59,0,81,54,0,54,135
06/23/2003,FAY,NC,ASO,EN,Towers with Radar,2,23,10,28,63,0,0,35,0,35,2,23,45,28,98,124,34,158,256
06/24/2003,FAY,NC,ASO,EN,Towers with Radar,2,24,32,14,72,0,0,32,4,36,2,24,64,18,108,16,24,40,148
06/25/2003,FAY,NC,ASO,EN,Towers with Radar,2,26,25,9,62,0,0,35,5,40,2,26,60,14,102,80,20,100,202
06/26/2003,FAY,NC,ASO,EN,Towers with Radar,2,25,22,5,54,0,2,46,8,56,2,27,68,13,110,44,18,62,172
06/27/2003,FAY,NC,ASO,EN,Towers with Radar,2,25,21,5,53,0,0,28,0,28,2,25,49,5,81,12,0,12,93
06/28/2003,FAY,NC,ASO,EN,Towers with Radar,2,19,30,0,51,0,0,16,0,16,2,19,46,0,67,48,0,48,115
06/29/2003,FAY,NC,ASO,EN,Towers with Radar,0,18,15,0,33,0,0,27,0,27,0,18,42,0,60,64,0,64,124
06/30/2003,FAY,NC,ASO,EN,Towers with Radar,2,25,15,4,46,0,0,4,1,5,2,25,19,5,51,66,20,86,137
07/01/2003,FAY,NC,ASO,EN,Towers with Radar,1,24,21,29,75,1,0,15,2,18,2,24,36,31,93,10,34,44,137
07/02/2003,FAY,NC,ASO,EN,Towers with Radar,0,22,25,6,53,0,0,1,0,1,0,22,26,6,54,10,0,10,64
07/03/2003,FAY,NC,ASO,EN,Towers with Radar,1,27,25,2,55,0,0,19,2,21,1,27,44,4,76,26,12,38,114
07/04/2003,FAY,NC,ASO,EN,Towers with Radar,0,19,12,0,31,0,0,19,0,19,0,19,31,0,50,34,0,34,84
07/05/2003,FAY,NC,ASO,EN,Towers with Radar,4,12,7,0,23,0,1,18,0,19,4,13,25,0,42,48,0,48,90
07/06/2003,FAY,NC,ASO,EN,Towers with Radar,2,16,19,0,37,0,0,16,0,16,2,16,35,0,53,52,0,52,105
07/07/2003,FAY,NC,ASO,EN,Towers with Radar,2,25,20,3,50,0,0,19,1,20,2,25,39,4,70,38,12,50,120
07/08/2003,FAY,NC,ASO,EN,Towers with Radar,2,28,23,7,60,0,0,37,3,40,2,28,60,10,100,42,24,66,166
07/09/2003,FAY,NC,ASO,EN,Towers with Radar,0,26,16,4,46,0,0,20,1,21,0,26,36,5,67,10,8,18,85
07/10/2003,FAY,NC,ASO,EN,Towers with Radar,1,28,29,6,64,0,0,28,0,28,1,28,57,6,92,10,0,10,102
07/11/2003,FAY,NC,ASO,EN,Towers with Radar,2,23,21,12,58,0,0,31,3,34,2,23,52,15,92,48,4,52,144
07/12/2003,FAY,NC,ASO,EN,Towers with Radar,0,31,14,0,45,0,0,31,0,31,0,31,45,0,76,52,0,52,128
07/13/2003,FAY,NC,ASO,EN,Towers with Radar,2,15,18,2,37,0,0,11,0,11,2,15,29,2,48,16,0,16,64
07/14/2003,FAY,NC,ASO,EN,Towers with Radar,2,26,9,8,45,0,0,8,0,8,2,26,17,8,53,22,16,38,91
07/15/2003,FAY,NC,ASO,EN,Towers with Radar,1,28,25,7,61,0,0,21,0,21,1,28,46,7,82,52,18,70,152
07/16/2003,FAY,NC,ASO,EN,Towers with Radar,0,27,15,13,55,0,0,26,0,26,0,27,41,13,81,20,34,54,135
07/17/2003,FAY,NC,ASO,EN,Towers with Radar,0,28,23,4,55,0,0,25,0,25,0,28,48,4,80,12,0,12,92
07/18/2003,FAY,NC,ASO,EN,Towers with Radar,0,28,32,12,72,0,0,18,4,22,0,28,50,16,94,6,12,18,112
07/19/2003,FAY,NC,ASO,EN,Towers with Radar,4,21,28,0,53,0,0,17,0,17,4,21,45,0,70,50,0,50,120
07/20/2003,FAY,NC,ASO,EN,Towers with Radar,2,18,41,0,61,0,0,17,1,18,2,18,58,1,79,32,0,32,111
07/21/2003,FAY,NC,ASO,EN,Towers with Radar,2,25,36,14,77,0,1,15,1,17,2,26,51,15,94,50,24,74,168
07/22/2003,FAY,NC,ASO,EN,Towers with Radar,0,25,21,10,56,0,1,5,4,10,0,26,26,14,66,66,0,66,132
07/23/2003,FAY,NC,ASO,EN,Towers with Radar,0,28,25,7,60,0,0,8,4,12,0,28,33,11,72,32,36,68,140
07/24/2003,FAY,NC,ASO,EN,Towers with Radar,2,28,34,23,87,0,0,14,0,14,2,28,48,23,101,18,30,48,149
07/25/2003,FAY,NC,ASO,EN,Towers with Radar,2,27,19,1,49,0,0,6,0,6,2,27,25,1,55,8,0,8,63
07/26/2003,FAY,NC,ASO,EN,Towers with Radar,2,21,22,0,45,0,1,19,0,20,2,22,41,0,65,27,0,27,92
07/27/2003,FAY,NC,ASO,EN,Towers with Radar,0,20,25,0,45,0,0,19,0,19,0,20,44,0,64,42,0,42,106
07/28/2003,FAY,NC,ASO,EN,Towers with Radar,0,33,29,4,66,0,0,21,0,21,0,33,50,4,87,60,0,60,147
07/29/2003,FAY,NC,ASO,EN,Towers with Radar,1,24,19,21,65,0,0,16,1,17,1,24,35,22,82,12,26,38,120
07/30/2003,FAY,NC,ASO,EN,Towers with Radar,2,26,14,10,52,0,0,7,3,10,2,26,21,13,62,46,14,60,122
07/31/2003,FAY,NC,ASO,EN,Towers with Radar,2,29,22,9,62,0,0,6,0,6,2,29,28,9,68,30,23,53,121
08/01/2003,FAY,NC,ASO,EN,Towers with Radar,2,23,16,3,44,0,1,4,0,5,2,24,20,3,49,16,4,20,69
08/02/2003,FAY,NC,ASO,EN,Towers with Radar,0,23,8,2,33,0,0,13,2,15,0,23,21,4,48,40,0,40,88
08/03/2003,FAY,NC,ASO,EN,Towers with Radar,0,18,17,0,35,2,0,6,0,8,2,18,23,0,43,24,0,24,67
08/04/2003,FAY,NC,ASO,EN,Towers with Radar,2,29,29,5,65,0,0,13,2,15,2,29,42,7,80,26,26,52,132
08/05/2003,FAY,NC,ASO,EN,Towers with Radar,0,23,34,14,71,0,0,28,0,28,0,23,62,14,99,30,16,46,145
08/06/2003,FAY,NC,ASO,EN,Towers with Radar,0,26,15,0,41,0,0,11,0,11,0,26,26,0,52,28,2,30,82
08/07/2003,FAY,NC,ASO,EN,Towers with Radar,0,29,34,23,86,0,0,12,0,12,0,29,46,23,98,20,14,34,132
08/08/2003,FAY,NC,ASO,EN,Towers with Radar,0,27,35,22,84,0,0,24,4,28,0,27,59,26,112,79,42,121,233
08/09/2003,FAY,NC,ASO,EN,Towers with Radar,0,29,22,0,51,0,0,5,3,8,0,29,27,3,59,48,0,48,107
08/10/2003,FAY,NC,ASO,EN,Towers with Radar,1,16,23,0,40,0,0,4,0,4,1,16,27,0,44,0,0,0,44
08/11/2003,FAY,NC,ASO,EN,Towers with Radar,3,30,29,22,84,0,0,12,0,12,3,30,41,22,96,36,26,62,158
08/12/2003,FAY,NC,ASO,EN,Towers with Radar,2,25,25,4,56,0,2,23,2,27,2,27,48,6,83,80,0,80,163
08/13/2003,FAY,NC,ASO,EN,Towers with Radar,0,26,16,5,47,0,0,20,3,23,0,26,36,8,70,64,0,64,134
08/14/2003,FAY,NC,ASO,EN,Towers with Radar,2,22,28,15,67,0,0,15,1,16,2,22,43,16,83,40,0,40,123
08/15/2003,FAY,NC,ASO,EN,Towers with Radar,2,25,21,8,56,0,0,36,0,36,2,25,57,8,92,86,0,86,178
08/16/2003,FAY,NC,ASO,EN,Towers with Radar,4,19,29,0,52,0,0,22,1,23,4,19,51,1,75,82,2,84,159
08/17/2003,FAY,NC,ASO,EN,Towers with Radar,3,18,21,3,45,0,0,23,3,26,3,18,44,6,71,51,0,51,122
08/18/2003,FAY,NC,ASO,EN,Towers with Radar,0,30,14,0,44,0,0,9,0,9,0,30,23,0,53,74,0,74,127
08/19/2003,FAY,NC,ASO,EN,Towers with Radar,2,26,19,15,62,0,0,25,0,25,2,26,44,15,87,24,6,30,117
08/20/2003,FAY,NC,ASO,EN,Towers with Radar,2,24,23,12,61,0,0,38,5,43,2,24,61,17,104,78,12,90,194
08/21/2003,FAY,NC,ASO,EN,Towers with Radar,2,28,17,11,58,0,0,27,1,28,2,28,44,12,86,14,26,40,126
08/22/2003,FAY,NC,ASO,EN,Towers with Radar,2,32,19,1,54,0,0,22,1,23,2,32,41,2,77,61,0,61,138
08/23/2003,FAY,NC,ASO,EN,Towers with Radar,2,21,19,0,42,0,0,26,0,26,2,21,45,0,68,60,0,60,128
08/24/2003,FAY,NC,ASO,EN,Towers with Radar,3,19,23,2,47,0,0,31,0,31,3,19,54,2,78,50,2,52,130
08/25/2003,FAY,NC,ASO,EN,Towers with Radar,2,26,34,16,78,0,0,52,5,57,2,26,86,21,135,76,22,98,233
08/26/2003,FAY,NC,ASO,EN,Towers with Radar,0,27,38,1,66,2,0,33,8,43,2,27,71,9,109,6,34,40,149
08/27/2003,FAY,NC,ASO,EN,Towers with Radar,2,27,25,11,65,0,0,28,5,33,2,27,53,16,98,42,14,56,154
08/28/2003,FAY,NC,ASO,EN,Towers with Radar,0,28,28,3,59,0,0,29,1,30,0,28,57,4,89,47,44,91,180
08/29/2003,FAY,NC,ASO,EN,Towers with Radar,2,27,27,0,56,0,0,22,0,22,2,27,49,0,78,38,0,38,116
08/30/2003,FAY,NC,ASO,EN,Towers with Radar,0,22,14,0,36,0,0,28,0,28,0,22,42,0,64,50,0,50,114
08/31/2003,FAY,NC,ASO,EN,Towers with Radar,0,23,27,0,50,0,0,10,0,10,0,23,37,0,60,40,0,40,100
09/01/2003,FAY,NC,ASO,EN,Towers with Radar,2,23,12,0,37,0,0,15,0,15,2,23,27,0,52,32,0,32,84
09/02/2003,FAY,NC,ASO,EN,Towers with Radar,0,26,20,5,51,0,0,23,0,23,0,26,43,5,74,20,20,40,114
09/03/2003,FAY,NC,ASO,EN,Towers with Radar,0,25,26,2,53,0,0,23,8,31,0,25,49,10,84,38,0,38,122
09/04/2003,FAY,NC,ASO,EN,Towers with Radar,2,23,16,15,56,0,0,7,0,7,2,23,23,15,63,27,27,54,117
09/05/2003,FAY,NC,ASO,EN,Towers with Radar,2,25,34,21,82,0,0,22,3,25,2,25,56,24,107,20,32,52,159
09/06/2003,FAY,NC,ASO,EN,Towers with Radar,2,21,19,3,45,0,0,27,3,30,2,21,46,6,75,38,20,58,133
09/07/2003,FAY,NC,ASO,EN,Towers with Radar,0,20,22,0,42,0,0,22,0,22,0,20,44,0,64,78,0,78,142
09/08/2003,FAY,NC,ASO,EN,Towers with Radar,2,26,21,9,58,0,0,6,2,8,2,26,27,11,66,32,0,32,98
09/09/2003,FAY,NC,ASO,EN,Towers with Radar,2,22,21,1,46,0,0,20,3,23,2,22,41,4,69,72,8,80,149
09/10/2003,FAY,NC,ASO,EN,Towers with Radar,2,24,23,0,49,0,0,8,0,8,2,24,31,0,57,54,0,54,111
09/11/2003,FAY,NC,ASO,EN,Towers with Radar,5,19,22,4,50,0,2,55,2,59,5,21,77,6,109,76,32,108,217
09/12/2003,FAY,NC,ASO,EN,Towers with Radar,2,25,32,2,61,0,0,9,0,9,2,25,41,2,70,106,2,108,178
09/13/2003,FAY,NC,ASO,EN,Towers with Radar,2,22,29,2,55,0,0,14,0,14,2,22,43,2,69,44,0,44,113
09/14/2003,FAY,NC,ASO,EN,Towers with Radar,5,18,17,0,40,0,0,28,0,28,5,18,45,0,68,50,0,50,118
09/15/2003,FAY,NC,ASO,EN,Towers with Radar,2,29,28,10,69,0,0,30,0,30,2,29,58,10,99,126,24,150,249
09/16/2003,FAY,NC,ASO,EN,Towers with Radar,2,25,24,2,53,0,1,19,0,20,2,26,43,2,73,34,24,58,131
09/17/2003,FAY,NC,ASO,EN,Towers with Radar,1,25,15,5,46,0,0,13,0,13,1,25,28,5,59,14,0,14,73
09/18/2003,FAY,NC,ASO,EN,Towers with Radar,0,2,0,0,2,0,0,0,0,0,0,2,0,0,2,0,0,0,2
09/19/2003,FAY,NC,ASO,EN,Towers with Radar,2,20,17,10,49,0,0,27,0,27,2,20,44,10,76,22,26,48,124
09/20/2003,FAY,NC,ASO,EN,Towers with Radar,2,23,15,0,40,0,0,41,0,41,2,23,56,0,81,8,0,8,89
09/21/2003,FAY,NC,ASO,EN,Towers with Radar,4,24,11,0,39,0,0,30,0,30,4,24,41,0,69,48,0,48,117
09/22/2003,FAY,NC,ASO,EN,Towers with Radar,2,26,21,2,51,0,0,7,0,7,2,26,28,2,58,46,0,46,104
09/23/2003,FAY,NC,ASO,EN,Towers with Radar,2,25,18,35,80,0,0,35,6,41,2,25,53,41,121,48,64,112,233
09/24/2003,FAY,NC,ASO,EN,Towers with Radar,0,26,25,19,70,0,0,39,9,48,0,26,64,28,118,74,0,74,192
09/25/2003,FAY,NC,ASO,EN,Towers with Radar,2,26,18,12,58,0,0,53,9,62,2,26,71,21,120,70,67,137,257
09/26/2003,FAY,NC,ASO,EN,Towers with Radar,0,28,16,17,61,0,0,30,2,32,0,28,46,19,93,48,54,102,195
09/27/2003,FAY,NC,ASO,EN,Towers with Radar,2,23,11,0,36,0,0,16,0,16,2,23,27,0,52,46,0,46,98
09/28/2003,FAY,NC,ASO,EN,Towers with Radar,2,22,23,0,47,0,0,12,0,12,2,22,35,0,59,54,0,54,113
09/29/2003,FAY,NC,ASO,EN,Towers with Radar,2,27,13,10,52,0,0,47,5,52,2,27,60,15,104,32,46,78,182
09/30/2003,FAY,NC,ASO,EN,Towers with Radar,0,28,37,6,71,0,0,43,2,45,0,28,80,8,116,86,22,108,224
10/01/2003,FAY,NC,ASO,EN,Towers with Radar,0,26,36,8,70,0,0,23,18,41,0,26,59,26,111,42,10,52,163
10/02/2003,FAY,NC,ASO,EN,Towers with Radar,0,28,32,7,67,0,1,48,1,50,0,29,80,8,117,62,0,62,179
10/03/2003,FAY,NC,ASO,EN,Towers with Radar,0,23,27,2,52,0,6,37,0,43,0,29,64,2,95,50,0,50,145
10/04/2003,FAY,NC,ASO,EN,Towers with Radar,1,13,13,3,30,1,9,45,1,56,2,22,58,4,86,36,0,36,122
10/05/2003,FAY,NC,ASO,EN,Towers with Radar,1,20,20,4,45,1,2,17,2,22,2,22,37,6,67,44,10,54,121
10/06/2003,FAY,NC,ASO,EN,Towers with Radar,2,25,30,6,63,0,0,5,16,21,2,25,35,22,84,68,20,88,172
10/07/2003,FAY,NC,ASO,EN,Towers with Radar,2,26,32,7,67,0,0,13,3,16,2,26,45,10,83,36,40,76,159
10/08/2003,FAY,NC,ASO,EN,Towers with Radar,0,30,37,9,76,0,0,0,25,25,0,30,37,34,101,0,0,0,101
10/09/2003,FAY,NC,ASO,EN,Towers with Radar,0,29,28,7,64,0,0,0,2,2,0,29,28,9,66,0,14,14,80
10/10/2003,FAY,NC,ASO,EN,Towers with Radar,2,29,35,3,69,0,0,0,0,0,2,29,35,3,69,4,0,4,73
10/11/2003,FAY,NC,ASO,EN,Towers with Radar,1,17,19,4,41,1,0,13,0,14,2,17,32,4,55,6,0,6,61
10/12/2003,FAY,NC,ASO,EN,Towers with Radar,0,19,19,2,40,0,6,35,0,41,0,25,54,2,81,38,12,50,131
10/13/2003,FAY,NC,ASO,EN,Towers with Radar,2,21,23,2,48,0,6,52,0,58,2,27,75,2,106,64,0,64,170
10/14/2003,FAY,NC,ASO,EN,Towers with Radar,2,30,32,2,66,0,0,1,0,1,2,30,33,2,67,28,0,28,95
10/15/2003,FAY,NC,ASO,EN,Towers with Radar,0,26,28,5,59,0,2,15,0,17,0,28,43,5,76,7,4,11,87
10/16/2003,FAY,NC,ASO,EN,Towers with Radar,0,29,34,7,70,0,0,51,4,55,0,29,85,11,125,58,14,72,197
10/17/2003,FAY,NC,ASO,EN,Towers with Radar,1,26,28,7,62,1,0,33,2,36,2,26,61,9,98,22,6,28,126
10/18/2003,FAY,NC,ASO,EN,Towers with Radar,0,20,23,0,43,4,5,47,0,56,4,25,70,0,99,42,0,42,141
10/19/2003,FAY,NC,ASO,EN,Towers with Radar,0,17,20,0,37,3,1,27,0,31,3,18,47,0,68,52,0,52,120
10/20/2003,FAY,NC,ASO,EN,Towers with Radar,1,26,31,7,65,1,0,24,1,26,2,26,55,8,91,88,16,104,195
10/21/2003,FAY,NC,ASO,EN,Towers with Radar,1,26,37,6,70,1,0,27,0,28,2,26,64,6,98,30,2,32,130
10/22/2003,FAY,NC,ASO,EN,Towers with Radar,0,26,29,7,62,0,5,23,4,32,0,31,52,11,94,56,4,60,154
10/23/2003,FAY,NC,ASO,EN,Towers with Radar,1,28,34,8,71,1,0,42,7,50,2,28,76,15,121,82,4,86,207
10/24/2003,FAY,NC,ASO,EN,Towers with Radar,1,30,33,5,69,1,5,39,0,45,2,35,72,5,114,178,2,180,294
10/25/2003,FAY,NC,ASO,EN,Towers with Radar,0,18,19,5,42,2,5,47,5,59,2,23,66,10,101,52,6,58,159
10/26/2003,FAY,NC,ASO,EN,Towers with Radar,1,21,24,0,46,1,3,38,0,42,2,24,62,0,88,62,0,62,150
10/27/2003,FAY,NC,ASO,EN,Towers with Radar,1,26,24,0,51,1,0,0,0,1,2,26,24,0,52,0,0,0,52
10/28/2003,FAY,NC,ASO,EN,Towers with Radar,0,27,34,8,69,0,0,25,7,32,0,27,59,15,101,2,0,2,103
10/29/2003,FAY,NC,ASO,EN,Towers with Radar,1,27,36,8,72,0,0,31,0,31,1,27,67,8,103,0,0,0,103
10/30/2003,FAY,NC,ASO,EN,Towers with Radar,0,29,32,0,61,0,0,19,0,19,0,29,51,0,80,50,14,64,144
10/31/2003,FAY,NC,ASO,EN,Towers with Radar,0,23,25,2,50,0,2,65,0,67,0,25,90,2,117,0,0,0,117
11/01/2003,FAY,NC,ASO,EN,Towers with Radar,1,13,13,0,27,1,8,45,0,54,2,21,58,0,81,84,0,84,165
11/02/2003,FAY,NC,ASO,EN,Towers with Radar,2,19,18,0,39,0,0,50,0,50,2,19,68,0,89,0,0,0,89
11/03/2003,FAY,NC,ASO,EN,Towers with Radar,2,24,22,4,52,0,0,24,0,24,2,24,46,4,76,28,12,40,116
11/04/2003,FAY,NC,ASO,EN,Towers with Radar,2,23,33,12,70,0,0,0,13,13,2,23,33,25,83,12,50,62,145
11/05/2003,FAY,NC,ASO,EN,Towers with Radar,2,23,38,13,76,0,0,12,19,31,2,23,50,32,107,4,48,52,159
11/06/2003,FAY,NC,ASO,EN,Towers with Radar,0,29,34,9,72,0,0,2,0,2,0,29,36,9,74,0,0,0,74
11/07/2003,FAY,NC,ASO,EN,Towers with Radar,2,29,35,13,79,0,0,10,0,10,2,29,45,13,89,38,2,40,129
11/08/2003,FAY,NC,ASO,EN,Towers with Radar,2,20,18,0,40,0,2,18,0,20,2,22,36,0,60,60,0,60,120
11/09/2003,FAY,NC,ASO,EN,Towers with Radar,2,20,19,1,42,0,0,20,0,20,2,20,39,1,62,0,0,0,62
11/10/2003,FAY,NC,ASO,EN,Towers with Radar,2,24,23,0,49,0,1,45,0,46,2,25,68,0,95,56,0,56,151
11/11/2003,FAY,NC,ASO,EN,Towers with Radar,0,18,17,6,41,0,8,45,0,53,0,26,62,6,94,36,0,36,130
11/12/2003,FAY,NC,ASO,EN,Towers with Radar,1,25,27,10,63,0,0,14,5,19,1,25,41,15,82,20,32,52,134
11/13/2003,FAY,NC,ASO,EN,Towers with Radar,2,23,22,8,55,0,2,13,4,19,2,25,35,12,74,0,36,36,110
11/14/2003,FAY,NC,ASO,EN,Towers with Radar,0,26,23,4,53,0,1,25,0,26,0,27,48,4,79,14,30,44,123
11/15/2003,FAY,NC,ASO,EN,Towers with Radar,1,15,12,3,31,3,8,58,0,69,4,23,70,3,100,0,0,0,100
11/16/2003,FAY,NC,ASO,EN,Towers with Radar,2,18,15,2,37,2,5,31,0,38,4,23,46,2,75,112,0,112,187
11/17/2003,FAY,NC,ASO,EN,Towers with Radar,2,29,25,9,65,0,12,31,8,51,2,41,56,17,116,24,24,48,164
11/18/2003,FAY,NC,ASO,EN,Towers with Radar,2,24,27,10,63,0,0,17,3,20,2,24,44,13,83,34,0,34,117
11/19/2003,FAY,NC,ASO,EN,Towers with Radar,1,24,19,1,45,1,0,0,0,1,2,24,19,1,46,0,0,0,46
11/20/2003,FAY,NC,ASO,EN,Towers with Radar,1,24,26,11,62,0,0,45,7,52,1,24,71,18,114,42,48,90,204
11/21/2003,FAY,NC,ASO,EN,Towers with Radar,0,25,22,1,48,0,3,42,0,45,0,28,64,1,93,56,14,70,163
11/22/2003,FAY,NC,ASO,EN,Towers with Radar,0,13,11,5,29,2,7,54,1,64,2,20,65,6,93,76,0,76,169
11/23/2003,FAY,NC,ASO,EN,Towers with Radar,0,18,16,2,36,0,8,47,0,55,0,26,63,2,91,90,0,90,181
11/24/2003,FAY,NC,ASO,EN,Towers with Radar,1,23,23,9,56,1,0,14,31,46,2,23,37,40,102,10,56,66,168
11/25/2003,FAY,NC,ASO,EN,Towers with Radar,0,27,28,10,65,0,0,34,47,81,0,27,62,57,146,34,100,134,280
11/26/2003,FAY,NC,ASO,EN,Towers with Radar,2,26,28,11,67,0,0,24,6,30,2,26,52,17,97,16,48,64,161
11/27/2003,FAY,NC,ASO,EN,Towers with Radar,0,13,11,0,24,2,7,2,0,11,2,20,13,0,35,36,0,36,71
11/28/2003,FAY,NC,ASO,EN,Towers with Radar,0,13,12,3,28,0,8,4,0,12,0,21,16,3,40,8,15,23,63
11/29/2003,FAY,NC,ASO,EN,Towers with Radar,0,14,13,4,31,2,9,16,5,32,2,23,29,9,63,2,2,4,67
11/30/2003,FAY,NC,ASO,EN,Towers with Radar,1,20,24,0,45,1,0,59,0,60,2,20,83,0,105,42,2,44,149
12/01/2003,FAY,NC,ASO,EN,Towers with Radar,2,24,19,9,54,0,0,33,15,48,2,24,52,24,102,40,30,70,172
12/02/2003,FAY,NC,ASO,EN,Towers with Radar,2,28,29,14,73,0,0,49,16,65,2,28,78,30,138,28,30,58,196
12/03/2003,FAY,NC,ASO,EN,Towers with Radar,1,26,23,8,58,0,0,38,0,38,1,26,61,8,96,25,0,25,121
12/04/2003,FAY,NC,ASO,EN,Towers with Radar,0,21,17,0,38,0,1,0,0,1,0,22,17,0,39,18,4,22,61
12/05/2003,FAY,NC,ASO,EN,Towers with Radar,2,25,20,10,57,0,0,8,25,33,2,25,28,35,90,0,32,32,122
12/06/2003,FAY,NC,ASO,EN,Towers with Radar,0,0,0,0,0,4,23,41,0,68,4,23,41,0,68,50,0,50,118
12/07/2003,FAY,NC,ASO,EN,Towers with Radar,1,14,12,0,27,3,8,47,0,58,4,22,59,0,85,62,0,62,147
12/08/2003,FAY,NC,ASO,EN,Towers with Radar,0,26,20,10,56,0,1,39,137,177,0,27,59,147,233,60,26,86,319
12/09/2003,FAY,NC,ASO,EN,Towers with Radar,2,25,26,13,66,0,0,45,8,53,2,25,71,21,119,20,28,48,167
12/10/2003,FAY,NC,ASO,EN,Towers with Radar,2,28,19,13,62,0,0,0,9,9,2,28,19,22,71,26,36,62,133
12/11/2003,FAY,NC,ASO,EN,Towers with Radar,2,23,23,7,55,0,0,33,0,33,2,23,56,7,88,0,14,14,102
12/12/2003,FAY,NC,ASO,EN,Towers with Radar,2,25,25,3,55,1,0,38,0,39,3,25,63,3,94,84,34,118,212
12/13/2003,FAY,NC,ASO,EN,Towers with Radar,1,15,12,6,34,1,6,26,2,35,2,21,38,8,69,96,0,96,165
12/14/2003,FAY,NC,ASO,EN,Towers with Radar,1,10,6,0,17,1,12,2,0,15,2,22,8,0,32,0,0,0,32
12/15/2003,FAY,NC,ASO,EN,Towers with Radar,0,26,24,12,62,0,0,37,13,50,0,26,61,25,112,42,48,90,202
12/16/2003,FAY,NC,ASO,EN,Towers with Radar,2,25,29,14,70,0,0,51,11,62,2,25,80,25,132,24,22,46,178
12/17/2003,FAY,NC,ASO,EN,Towers with Radar,2,24,18,10,54,0,0,0,0,0,2,24,18,10,54,0,8,8,62
12/18/2003,FAY,NC,ASO,EN,Towers with Radar,2,23,25,5,55,0,0,26,0,26,2,23,51,5,81,98,0,98,179
12/19/2003,FAY,NC,ASO,EN,Towers with Radar,0,26,20,11,57,0,2,22,0,24,0,28,42,11,81,12,0,12,93
12/20/2003,FAY,NC,ASO,EN,Towers with Radar,0,16,12,0,28,2,7,18,0,27,2,23,30,0,55,14,0,14,69
12/21/2003,FAY,NC,ASO,EN,Towers with Radar,0,16,12,3,31,2,4,50,0,56,2,20,62,3,87,0,0,0,87
12/22/2003,FAY,NC,ASO,EN,Towers with Radar,0,18,15,5,38,0,0,12,0,12,0,18,27,5,50,0,0,0,50
12/23/2003,FAY,NC,ASO,EN,Towers with Radar,0,24,21,7,52,0,0,13,0,13,0,24,34,7,65,0,0,0,65
12/24/2003,FAY,NC,ASO,EN,Towers with Radar,0,15,11,1,27,2,12,8,0,22,2,27,19,1,49,0,0,0,49
12/25/2003,FAY,NC,ASO,EN,Towers with Radar,0,7,5,0,12,0,14,2,0,16,0,21,7,0,28,4,0,4,32
12/26/2003,FAY,NC,ASO,EN,Towers with Radar,0,19,15,0,34,0,4,9,0,13,0,23,24,0,47,6,0,6,53
12/27/2003,FAY,NC,ASO,EN,Towers with Radar,1,18,14,0,33,1,0,54,0,55,2,18,68,0,88,76,0,76,164
12/28/2003,FAY,NC,ASO,EN,Towers with Radar,0,17,12,5,34,0,3,31,0,34,0,20,43,5,68,46,0,46,114
12/29/2003,FAY,NC,ASO,EN,Towers with Radar,0,26,20,10,56,0,0,9,9,18,0,26,29,19,74,16,14,30,104
12/30/2003,FAY,NC,ASO,EN,Towers with Radar,1,24,19,9,53,1,1,17,15,34,2,25,36,24,87,22,14,36,123
12/31/2003,FAY,NC,ASO,EN,Towers with Radar,1,21,16,3,41,0,4,13,0,17,1,25,29,3,58,48,0,48,106
01/01/2004,FAY,NC,ASO,EN,Towers with Radar,1,12,10,0,23,1,9,38,0,48,2,21,48,0,71,84,0,84,155
01/02/2004,FAY,NC,ASO,EN,Towers with Radar,2,19,16,7,44,0,4,22,8,34,2,23,38,15,78,56,0,56,134
01/03/2004,FAY,NC,ASO,EN,Towers with Radar,2,16,13,0,31,0,6,44,0,50,2,22,57,0,81,82,0,82,163
01/04/2004,FAY,NC,ASO,EN,Towers with Radar,0,17,15,0,32,0,5,23,0,28,0,22,38,0,60,4,0,4,64
01/05/2004,FAY,NC,ASO,EN,Towers with Radar,0,25,22,9,56,0,0,26,17,43,0,25,48,26,99,0,22,22,121
01/06/2004,FAY,NC,ASO,EN,Towers with Radar,0,26,27,11,64,0,0,33,12,45,0,26,60,23,109,4,44,48,157
01/07/2004,FAY,NC,ASO,EN,Towers with Radar,0,25,25,11,61,0,0,40,15,55,0,25,65,26,116,46,38,84,200
01/08/2004,FAY,NC,ASO,EN,Towers with Radar,2,25,27,13,67,0,0,42,13,55,2,25,69,26,122,46,20,66,188
01/09/2004,FAY,NC,ASO,EN,Towers with Radar,0,12,11,2,25,0,16,0,0,16,0,28,11,2,41,6,14,20,61
01/10/2004,FAY,NC,ASO,EN,Towers with Radar,1,13,10,4,28,1,10,16,0,27,2,23,26,4,55,38,0,38,93
01/11/2004,FAY,NC,ASO,EN,Towers with Radar,1,15,12,0,28,1,3,34,0,38,2,18,46,0,66,56,0,56,122
01/12/2004,FAY,NC,ASO,EN,Towers with Radar,2,25,23,10,60,0,0,13,3,16,2,25,36,13,76,24,0,24,100
01/13/2004,FAY,NC,ASO,EN,Towers with Radar,1,28,25,6,60,0,0,16,0,16,1,28,41,6,76,36,0,36,112
01/14/2004,FAY,NC,ASO,EN,Towers with Radar,0,27,25,8,60,0,0,38,0,38,0,27,63,8,98,18,0,18,116
01/15/2004,FAY,NC,ASO,EN,Towers with Radar,1,24,22,11,58,1,0,1,7,9,2,24,23,18,67,20,0,20,87
01/16/2004,FAY,NC,ASO,EN,Towers with Radar,1,25,23,9,58,1,0,25,0,26,2,25,48,9,84,38,4,42,126
01/17/2004,FAY,NC,ASO,EN,Towers with Radar,1,19,15,0,35,3,16,22,0,41,4,35,37,0,76,0,0,0,76
01/18/2004,FAY,NC,ASO,EN,Towers with Radar,0,12,9,0,21,3,12,0,0,15,3,24,9,0,36,0,0,0,36
01/19/2004,FAY,NC,ASO,EN,Towers with Radar,1,17,12,0,30,1,4,33,0,38,2,21,45,0,68,52,0,52,120
01/20/2004,FAY,NC,ASO,EN,Towers with Radar,1,24,24,11,60,1,0,14,30,45,2,24,38,41,105,52,56,108,213
01/21/2004,FAY,NC,ASO,EN,Towers with Radar,2,26,32,15,75,0,0,34,13,47,2,26,66,28,122,44,68,112,234
01/22/2004,FAY,NC,ASO,EN,Towers with Radar,1,25,25,11,62,1,0,18,0,19,2,25,43,11,81,52,12,64,145
01/23/2004,FAY,NC,ASO,EN,Towers with Radar,0,26,22,8,56,0,0,60,0,60,0,26,82,8,116,22,14,36,152
01/24/2004,FAY,NC,ASO,EN,Towers with Radar,1,18,14,0,33,1,3,68,0,72,2,21,82,0,105,110,0,110,215
01/25/2004,FAY,NC,ASO,EN,Towers with Radar,0,5,4,0,9,0,11,2,0,13,0,16,6,0,22,0,0,0,22
01/26/2004,FAY,NC,ASO,EN,Towers with Radar,0,1,0,0,1,0,0,0,0,0,0,1,0,0,1,0,0,0,1
01/27/2004,FAY,NC,ASO,EN,Towers with Radar,0,5,2,0,7,1,0,0,0,1,1,5,2,0,8,0,0,0,8
01/28/2004,FAY,NC,ASO,EN,Towers with Radar,1,25,22,8,56,1,0,17,0,18,2,25,39,8,74,24,34,58,132
01/29/2004,FAY,NC,ASO,EN,Towers with Radar,2,25,31,14,72,0,0,24,4,28,2,25,55,18,100,86,70,156,256
01/30/2004,FAY,NC,ASO,EN,Towers with Radar,1,25,25,12,63,1,0,31,3,35,2,25,56,15,98,38,18,56,154
01/31/2004,FAY,NC,ASO,EN,Towers with Radar,1,20,15,0,36,1,3,66,0,70,2,23,81,0,106,84,0,84,190
02/01/2004,FAY,NC,ASO,EN,Towers with Radar,2,12,12,0,26,2,7,14,0,23,4,19,26,0,49,84,0,84,133
02/02/2004,FAY,NC,ASO,EN,Towers with Radar,2,22,21,7,52,2,2,21,3,28,4,24,42,10,80,8,16,24,104
02/03/2004,FAY,NC,ASO,EN,Towers with Radar,0,26,13,8,47,0,0,0,2,2,0,26,13,10,49,32,6,38,87
02/04/2004,FAY,NC,ASO,EN,Towers with Radar,2,27,29,8,66,0,0,40,9,49,2,27,69,17,115,12,28,40,155
02/05/2004,FAY,NC,ASO,EN,Towers with Radar,2,25,26,5,58,0,0,23,0,23,2,25,49,5,81,64,2,66,147
02/06/2004,FAY,NC,ASO,EN,Towers with Radar,0,18,18,0,36,0,8,5,0,13,0,26,23,0,49,0,2,2,51
02/07/2004,FAY,NC,ASO,EN,Towers with Radar,2,12,12,0,26,3,9,24,0,36,5,21,36,0,62,34,0,34,96
02/08/2004,FAY,NC,ASO,EN,Towers with Radar,2,13,13,0,28,0,5,44,0,49,2,18,57,0,77,78,0,78,155
02/09/2004,FAY,NC,ASO,EN,Towers with Radar,2,28,29,9,68,0,0,4,13,17,2,28,33,22,85,34,4,38,123
02/10/2004,FAY,NC,ASO,EN,Towers with Radar,2,23,29,9,63,0,0,14,15,29,2,23,43,24,92,72,32,104,196
02/11/2004,FAY,NC,ASO,EN,Towers with Radar,0,27,32,10,69,0,0,12,18,30,0,27,44,28,99,0,0,0,99
02/12/2004,FAY,NC,ASO,EN,Towers with Radar,2,21,19,6,48,2,3,8,1,14,4,24,27,7,62,2,0,2,64
02/13/2004,FAY,NC,ASO,EN,Towers with Radar,2,24,25,2,53,0,0,26,0,26,2,24,51,2,79,31,0,31,110
02/14/2004,FAY,NC,ASO,EN,Towers with Radar,1,17,14,0,32,1,7,23,0,31,2,24,37,0,63,0,0,0,63
02/15/2004,FAY,NC,ASO,EN,Towers with Radar,1,13,12,2,28,1,12,16,0,29,2,25,28,2,57,0,0,0,57
02/16/2004,FAY,NC,ASO,EN,Towers with Radar,1,16,14,0,31,1,6,24,0,31,2,22,38,0,62,10,0,10,72
02/17/2004,FAY,NC,ASO,EN,Towers with Radar,1,20,4,4,29,1,6,0,0,7,2,26,4,4,36,0,0,0,36
02/18/2004,FAY,NC,ASO,EN,Towers with Radar,2,24,29,10,65,0,0,24,11,35,2,24,53,21,100,64,16,80,180
02/19/2004,FAY,NC,ASO,EN,Towers with Radar,0,27,31,9,67,0,0,44,1,45,0,27,75,10,112,6,38,44,156
02/20/2004,FAY,NC,ASO,EN,Towers with Radar,2,23,31,10,66,0,0,27,10,37,2,23,58,20,103,56,32,88,191
02/21/2004,FAY,NC,ASO,EN,Towers with Radar,1,15,14,0,30,3,6,24,0,33,4,21,38,0,63,50,0,50,113
02/22/2004,FAY,NC,ASO,EN,Towers with Radar,1,19,23,0,43,1,0,43,0,44,2,19,66,0,87,44,0,44,131
02/23/2004,FAY,NC,ASO,EN,Towers with Radar,2,27,25,8,62,0,1,7,11,19,2,28,32,19,81,38,24,62,143
02/24/2004,FAY,NC,ASO,EN,Towers with Radar,2,27,39,12,80,0,0,10,12,22,2,27,49,24,102,12,85,97,199
02/25/2004,FAY,NC,ASO,EN,Towers with Radar,2,24,23,7,56,0,0,17,2,19,2,24,40,9,75,6,12,18,93
02/26/2004,FAY,NC,ASO,EN,Towers with Radar,0,4,6,0,10,0,0,4,0,4,0,4,10,0,14,0,0,0,14
02/27/2004,FAY,NC,ASO,EN,Towers with Radar,0,13,12,0,25,0,1,0,0,1,0,14,12,0,26,0,0,0,26
02/28/2004,FAY,NC,ASO,EN,Towers with Radar,1,19,18,4,42,1,3,62,0,66,2,22,80,4,108,86,0,86,194
02/29/2004,FAY,NC,ASO,EN,Towers with Radar,0,17,16,0,33,0,3,25,0,28,0,20,41,0,61,58,0,58,119
03/01/2004,FAY,NC,ASO,EN,Towers with Radar,2,24,25,7,58,0,3,22,5,30,2,27,47,12,88,30,16,46,134
03/02/2004,FAY,NC,ASO,EN,Towers with Radar,2,24,27,7,60,0,0,46,8,54,2,24,73,15,114,26,18,44,158
03/03/2004,FAY,NC,ASO,EN,Towers with Radar,0,23,35,2,60,0,0,54,0,54,0,23,89,2,114,66,2,68,182
03/04/2004,FAY,NC,ASO,EN,Towers with Radar,2,26,29,8,65,0,0,44,26,70,2,26,73,34,135,62,18,80,215
03/05/2004,FAY,NC,ASO,EN,Towers with Radar,0,24,26,6,56,0,3,10,0,13,0,27,36,6,69,10,12,22,91
03/06/2004,FAY,NC,ASO,EN,Towers with Radar,1,10,11,2,24,1,12,6,0,19,2,22,17,2,43,0,0,0,43
03/07/2004,FAY,NC,ASO,EN,Towers with Radar,1,14,16,4,35,0,7,46,0,53,1,21,62,4,88,42,0,42,130
03/08/2004,FAY,NC,ASO,EN,Towers with Radar,2,21,20,5,48,0,4,15,0,19,2,25,35,5,67,14,6,20,87
03/09/2004,FAY,NC,ASO,EN,Towers with Radar,2,23,22,4,51,0,2,6,0,8,2,25,28,4,59,44,0,44,103
03/10/2004,FAY,NC,ASO,EN,Towers with Radar,2,24,23,6,55,0,0,15,1,16,2,24,38,7,71,8,20,28,99
03/11/2004,FAY,NC,ASO,EN,Towers with Radar,2,24,25,7,58,0,0,23,3,26,2,24,48,10,84,58,30,88,172
03/12/2004,FAY,NC,ASO,EN,Towers with Radar,3,25,26,5,59,3,0,45,0,48,6,25,71,5,107,40,14,54,161
03/13/2004,FAY,NC,ASO,EN,Towers with Radar,2,16,16,0,34,0,8,44,0,52,2,24,60,0,86,86,0,86,172
03/14/2004,FAY,NC,ASO,EN,Towers with Radar,1,17,16,0,34,3,5,19,0,27,4,22,35,0,61,58,0,58,119
03/15/2004,FAY,NC,ASO,EN,Towers with Radar,0,26,17,7,50,0,0,0,0,0,0,26,17,7,50,22,24,46,96
03/16/2004,FAY,NC,ASO,EN,Towers with Radar,1,25,28,9,63,0,0,6,8,14,1,25,34,17,77,6,12,18,95
03/17/2004,FAY,NC,ASO,EN,Towers with Radar,2,26,35,11,74,0,0,22,10,32,2,26,57,21,106,58,18,76,182
03/18/2004,FAY,NC,ASO,EN,Towers with Radar,2,24,31,9,66,0,0,2,3,5,2,24,33,12,71,72,14,86,157
03/19/2004,FAY,NC,ASO,EN,Towers with Radar,1,24,26,0,51,1,0,43,0,44,2,24,69,0,95,54,0,54,149
03/20/2004,FAY,NC,ASO,EN,Towers with Radar,1,17,18,5,41,3,6,65,3,77,4,23,83,8,118,74,10,84,202
03/21/2004,FAY,NC,ASO,EN,Towers with Radar,1,15,16,0,32,3,4,23,0,30,4,19,39,0,62,24,0,24,86
03/22/2004,FAY,NC,ASO,EN,Towers with Radar,2,25,27,9,63,0,0,21,11,32,2,25,48,20,95,0,24,24,119
03/23/2004,FAY,NC,ASO,EN,Towers with Radar,2,23,30,9,64,0,0,27,20,47,2,23,57,29,111,82,60,142,253
03/24/2004,FAY,NC,ASO,EN,Towers with Radar,0,26,26,8,60,0,0,27,0,27,0,26,53,8,87,36,26,62,149
03/25/2004,FAY,NC,ASO,EN,Towers with Radar,2,26,32,10,70,0,0,23,7,30,2,26,55,17,100,66,10,76,176
03/26/2004,FAY,NC,ASO,EN,Towers with Radar,2,27,28,9,66,0,1,26,4,31,2,28,54,13,97,23,12,35,132
03/27/2004,FAY,NC,ASO,EN,Towers with Radar,1,14,14,0,29,1,9,61,0,71,2,23,75,0,100,80,18,98,198
03/28/2004,FAY,NC,ASO,EN,Towers with Radar,1,21,22,6,50,1,0,28,1,30,2,21,50,7,80,34,0,34,114
03/29/2004,FAY,NC,ASO,EN,Towers with Radar,0,25,28,7,60,0,0,16,5,21,0,25,44,12,81,30,14,44,125
03/30/2004,FAY,NC,ASO,EN,Towers with Radar,0,27,33,9,69,0,0,18,1,19,0,27,51,10,88,106,26,132,220
03/31/2004,FAY,NC,ASO,EN,Towers with Radar,2,25,31,4,62,0,0,17,0,17,2,25,48,4,79,28,0,28,107
04/01/2004,FAY,NC,ASO,EN,Towers with Radar,2,23,28,5,58,0,0,4,6,10,2,23,32,11,68,14,4,18,86
04/02/2004,FAY,NC,ASO,EN,Towers with Radar,2,24,24,5,55,0,2,24,5,31,2,26,48,10,86,60,14,74,160
04/03/2004,FAY,NC,ASO,EN,Towers with Radar,2,17,17,2,38,0,5,68,0,73,2,22,85,2,111,74,0,74,185
04/04/2004,FAY,NC,ASO,EN,Towers with Radar,1,14,15,0,30,0,12,6,0,18,1,26,21,0,48,8,0,8,56
04/05/2004,FAY,NC,ASO,EN,Towers with Radar,2,22,23,2,49,0,4,32,0,36,2,26,55,2,85,6,0,6,91
04/06/2004,FAY,NC,ASO,EN,Towers with Radar,0,26,29,6,61,0,0,40,4,44,0,26,69,10,105,92,20,112,217
04/07/2004,FAY,NC,ASO,EN,Towers with Radar,1,25,31,6,63,0,0,31,8,39,1,25,62,14,102,44,24,68,170
04/08/2004,FAY,NC,ASO,EN,Towers with Radar,0,26,31,6,63,0,0,22,17,39,0,26,53,23,102,46,14,60,162
04/09/2004,FAY,NC,ASO,EN,Towers with Radar,3,29,30,2,64,0,0,70,0,70,3,29,100,2,134,216,12,228,362
04/10/2004,FAY,NC,ASO,EN,Towers with Radar,2,19,20,0,41,1,5,35,0,41,3,24,55,0,82,40,0,40,122
04/11/2004,FAY,NC,ASO,EN,Towers with Radar,1,19,19,0,39,0,9,2,0,11,1,28,21,0,50,0,0,0,50
04/12/2004,FAY,NC,ASO,EN,Towers with Radar,2,18,19,0,39,0,6,6,0,12,2,24,25,0,51,0,0,0,51
04/13/2004,FAY,NC,ASO,EN,Towers with Radar,0,19,19,0,38,0,4,6,0,10,0,23,25,0,48,20,0,20,68
04/14/2004,FAY,NC,ASO,EN,Towers with Radar,2,25,37,7,71,0,0,11,11,22,2,25,48,18,93,46,4,50,143
04/15/2004,FAY,NC,ASO,EN,Towers with Radar,2,23,31,2,58,0,0,52,0,52,2,23,83,2,110,36,0,36,146
04/16/2004,FAY,NC,ASO,EN,Towers with Radar,2,21,30,7,60,0,0,48,7,55,2,21,78,14,115,160,40,200,315
04/17/2004,FAY,NC,ASO,EN,Towers with Radar,1,18,16,0,35,3,4,32,0,39,4,22,48,0,74,38,0,38,112
04/18/2004,FAY,NC,ASO,EN,Towers with Radar,1,24,24,0,49,1,0,33,0,34,2,24,57,0,83,40,0,40,123
04/19/2004,FAY,NC,ASO,EN,Towers with Radar,1,25,24,2,52,1,3,53,0,57,2,28,77,2,109,78,0,78,187
04/20/2004,FAY,NC,ASO,EN,Towers with Radar,0,26,24,6,56,0,0,34,0,34,0,26,58,6,90,46,0,46,136
04/21/2004,FAY,NC,ASO,EN,Towers with Radar,1,25,27,6,59,1,0,40,3,44,2,25,67,9,103,46,12,58,161
04/22/2004,FAY,NC,ASO,EN,Towers with Radar,0,29,31,7,67,0,0,20,1,21,0,29,51,8,88,58,2,60,148
04/23/2004,FAY,NC,ASO,EN,Towers with Radar,1,25,29,0,55,1,0,61,0,62,2,25,90,0,117,26,0,26,143
04/24/2004,FAY,NC,ASO,EN,Towers with Radar,1,18,18,4,41,1,6,53,0,60,2,24,71,4,101,66,4,70,171
04/25/2004,FAY,NC,ASO,EN,Towers with Radar,1,18,18,0,37,1,6,8,0,15,2,24,26,0,52,108,0,108,160
04/26/2004,FAY,NC,ASO,EN,Towers with Radar,1,21,20,4,46,1,6,0,3,10,2,27,20,7,56,0,8,8,64
04/27/2004,FAY,NC,ASO,EN,Towers with Radar,1,25,25,2,53,1,0,37,0,38,2,25,62,2,91,52,14,66,157
04/28/2004,FAY,NC,ASO,EN,Towers with Radar,1,24,24,4,53,1,3,37,0,41,2,27,61,4,94,74,18,92,186
04/29/2004,FAY,NC,ASO,EN,Towers with Radar,1,23,26,5,55,1,0,45,19,65,2,23,71,24,120,76,14,90,210
04/30/2004,FAY,NC,ASO,EN,Towers with Radar,1,23,27,4,55,1,0,21,0,22,2,23,48,4,77,16,3,19,96
05/01/2004,FAY,NC,ASO,EN,Towers with Radar,1,12,15,0,28,1,10,10,0,21,2,22,25,0,49,0,0,0,49
05/02/2004,FAY,NC,ASO,EN,Towers with Radar,0,15,12,0,27,0,3,0,0,3,0,18,12,0,30,14,0,14,44
05/03/2004,FAY,NC,ASO,EN,Towers with Radar,2,27,33,4,66,0,0,9,0,9,2,27,42,4,75,0,0,0,75
05/04/2004,FAY,NC,ASO,EN,Towers with Radar,0,25,28,8,61,0,1,67,5,73,0,26,95,13,134,48,16,64,198
05/05/2004,FAY,NC,ASO,EN,Towers with Radar,2,24,27,7,60,0,2,38,2,42,2,26,65,9,102,50,0,50,152
05/06/2004,FAY,NC,ASO,EN,Towers with Radar,2,27,31,9,69,0,0,37,10,47,2,27,68,19,116,34,20,54,170
05/07/2004,FAY,NC,ASO,EN,Towers with Radar,2,24,35,3,64,0,0,51,0,51,2,24,86,3,115,58,0,58,173
05/08/2004,FAY,NC,ASO,EN,Towers with Radar,2,15,16,0,33,2,9,42,0,53,4,24,58,0,86,64,0,64,150
05/09/2004,FAY,NC,ASO,EN,Towers with Radar,2,18,20,6,46,0,0,32,2,34,2,18,52,8,80,16,0,16,96
05/10/2004,FAY,NC,ASO,EN,Towers with Radar,0,30,33,9,72,0,0,8,20,28,0,30,41,29,100,46,80,126,226
05/11/2004,FAY,NC,ASO,EN,Towers with Radar,0,28,31,9,68,0,0,37,139,176,0,28,68,148,244,50,20,70,314
05/12/2004,FAY,NC,ASO,EN,Towers with Radar,2,25,34,9,70,0,0,26,0,26,2,25,60,9,96,82,32,114,210
05/13/2004,FAY,NC,ASO,EN,Towers with Radar,0,27,41,12,80,0,0,26,38,64,0,27,67,50,144,50,40,90,234
05/14/2004,FAY,NC,ASO,EN,Towers with Radar,2,23,33,4,62,0,0,34,0,34,2,23,67,4,96,66,2,68,164
05/15/2004,FAY,NC,ASO,EN,Towers with Radar,2,15,17,1,35,2,6,60,0,68,4,21,77,1,103,50,0,50,153
05/16/2004,FAY,NC,ASO,EN,Towers with Radar,1,18,20,0,39,1,0,27,0,28,2,18,47,0,67,66,0,66,133
05/17/2004,FAY,NC,ASO,EN,Towers with Radar,1,25,27,8,61,0,2,29,2,33,1,27,56,10,94,60,30,90,184
05/18/2004,FAY,NC,ASO,EN,Towers with Radar,0,24,29,9,62,0,0,22,0,22,0,24,51,9,84,22,0,22,106
05/19/2004,FAY,NC,ASO,EN,Towers with Radar,2,28,33,10,73,0,0,36,14,50,2,28,69,24,123,18,16,34,157
05/20/2004,FAY,NC,ASO,EN,Towers with Radar,0,27,34,4,65,0,0,18,0,18,0,27,52,4,83,30,0,30,113
05/21/2004,FAY,NC,ASO,EN,Towers with Radar,1,24,28,1,54,1,0,26,0,27,2,24,54,1,81,0,0,0,81
05/22/2004,FAY,NC,ASO,EN,Towers with Radar,0,13,13,2,28,3,12,47,0,62,3,25,60,2,90,72,2,74,164
05/23/2004,FAY,NC,ASO,EN,Towers with Radar,1,16,19,1,37,0,3,19,0,22,1,19,38,1,59,16,32,48,107
05/24/2004,FAY,NC,ASO,EN,Towers with Radar,0,28,32,10,70,0,1,29,14,44,0,29,61,24,114,46,16,62,176
05/25/2004,FAY,NC,ASO,EN,Towers with Radar,1,28,30,9,68,1,0,32,1,34,2,28,62,10,102,64,8,72,174
05/26/2004,FAY,NC,ASO,EN,Towers with Radar,2,25,33,10,70,0,0,27,0,27,2,25,60,10,97,66,0,66,163
05/27/2004,FAY,NC,ASO,EN,Towers with Radar,2,24,33,0,59,0,0,32,0,32,2,24,65,0,91,44,0,44,135
05/28/2004,FAY,NC,ASO,EN,Towers with Radar,1,25,29,1,56,1,0,23,0,24,2,25,52,1,80,42,0,42,122
05/29/2004,FAY,NC,ASO,EN,Towers with Radar,0,14,15,0,29,4,10,14,0,28,4,24,29,0,57,70,0,70,127
05/30/2004,FAY,NC,ASO,EN,Towers with Radar,0,13,14,0,27,2,3,12,0,17,2,16,26,0,44,42,0,42,86
05/31/2004,FAY,NC,ASO,EN,Towers with Radar,1,16,17,0,34,0,11,10,0,21,1,27,27,0,55,14,0,14,69
06/01/2004,FAY,NC,ASO,EN,Towers with Radar,0,25,30,8,63,0,4,32,2,38,0,29,62,10,101,30,2,32,133
06/02/2004,FAY,NC,ASO,EN,Towers with Radar,1,24,30,8,63,0,0,65,5,70,1,24,95,13,133,30,34,64,197
06/03/2004,FAY,NC,ASO,EN,Towers with Radar,2,28,35,8,73,1,0,32,17,50,3,28,67,25,123,30,52,82,205
06/04/2004,FAY,NC,ASO,EN,Towers with Radar,2,18,23,3,46,2,10,7,0,19,4,28,30,3,65,16,0,16,81
06/05/2004,FAY,NC,ASO,EN,Towers with Radar,2,18,22,3,45,0,10,36,0,46,2,28,58,3,91,66,0,66,157
06/06/2004,FAY,NC,ASO,EN,Towers with Radar,2,17,21,0,40,0,6,1,0,7,2,23,22,0,47,36,0,36,83
06/07/2004,FAY,NC,ASO,EN,Towers with Radar,0,30,34,9,73,0,0,0,26,26,0,30,34,35,99,0,14,14,113
06/08/2004,FAY,NC,ASO,EN,Towers with Radar,2,23,34,8,67,0,0,4,26,30,2,23,38,34,97,10,12,22,119
06/09/2004,FAY,NC,ASO,EN,Towers with Radar,0,27,32,5,64,0,0,16,0,16,0,27,48,5,80,12,10,22,102
06/10/2004,FAY,NC,ASO,EN,Towers with Radar,0,26,33,8,67,0,0,28,3,31,0,26,61,11,98,52,10,62,160
06/11/2004,FAY,NC,ASO,EN,Towers with Radar,2,26,29,1,58,2,1,50,0,53,4,27,79,1,111,22,0,22,133
06/12/2004,FAY,NC,ASO,EN,Towers with Radar,2,17,19,1,39,0,3,14,0,17,2,20,33,1,56,4,0,4,60
06/13/2004,FAY,NC,ASO,EN,Towers with Radar,2,17,19,0,38,0,5,20,0,25,2,22,39,0,63,16,0,16,79
06/14/2004,FAY,NC,ASO,EN,Towers with Radar,1,24,34,5,64,0,0,13,0,13,1,24,47,5,77,22,14,36,113
06/15/2004,FAY,NC,ASO,EN,Towers with Radar,1,24,32,2,59,0,0,7,0,7,1,24,39,2,66,4,0,4,70
06/16/2004,FAY,NC,ASO,EN,Towers with Radar,1,25,39,10,75,0,0,16,11,27,1,25,55,21,102,10,12,22,124
06/17/2004,FAY,NC,ASO,EN,Towers with Radar,0,27,36,3,66,0,0,21,0,21,0,27,57,3,87,56,24,80,167
06/18/2004,FAY,NC,ASO,EN,Towers with Radar,1,24,27,4,56,1,3,29,0,33,2,27,56,4,89,40,0,40,129
06/19/2004,FAY,NC,ASO,EN,Towers with Radar,1,16,18,0,35,2,6,21,0,29,3,22,39,0,64,2,0,2,66
06/20/2004,FAY,NC,ASO,EN,Towers with Radar,1,17,18,0,36,3,7,31,0,41,4,24,49,0,77,36,0,36,113
06/21/2004,FAY,NC,ASO,EN,Towers with Radar,1,21,22,3,47,1,4,13,0,18,2,25,35,3,65,50,16,66,131
06/22/2004,FAY,NC,ASO,EN,Towers with Radar,0,27,36,3,66,0,0,20,0,20,0,27,56,3,86,30,0,30,116
06/23/2004,FAY,NC,ASO,EN,Towers with Radar,1,24,30,8,63,0,0,0,0,0,1,24,30,8,63,32,20,52,115
06/24/2004,FAY,NC,ASO,EN,Towers with Radar,2,26,46,13,87,0,0,0,8,8,2,26,46,21,95,22,24,46,141
06/25/2004,FAY,NC,ASO,EN,Towers with Radar,1,22,30,3,56,1,0,36,0,37,2,22,66,3,93,64,20,84,177
06/26/2004,FAY,NC,ASO,EN,Towers with Radar,0,15,18,0,33,3,7,25,0,35,3,22,43,0,68,58,0,58,126
06/27/2004,FAY,NC,ASO,EN,Towers with Radar,1,19,22,0,42,0,2,35,0,37,1,21,57,0,79,36,0,36,115
06/28/2004,FAY,NC,ASO,EN,Towers with Radar,0,30,33,9,72,0,3,0,15,18,0,33,33,24,90,20,32,52,142
06/29/2004,FAY,NC,ASO,EN,Towers with Radar,1,23,31,8,63,1,0,53,4,58,2,23,84,12,121,22,18,40,161
06/30/2004,FAY,NC,ASO,EN,Towers with Radar,1,25,30,4,60,1,0,15,0,16,2,25,45,4,76,8,0,8,84
07/01/2004,FAY,NC,ASO,EN,Towers with Radar,2,25,32,6,65,0,0,37,0,37,2,25,69,6,102,38,2,40,142
07/02/2004,FAY,NC,ASO,EN,Towers with Radar,2,24,25,5,56,0,1,26,0,27,2,25,51,5,83,32,0,32,115
07/03/2004,FAY,NC,ASO,EN,Towers with Radar,0,13,15,0,28,0,6,22,0,28,0,19,37,0,56,16,0,16,72
07/04/2004,FAY,NC,ASO,EN,Towers with Radar,0,9,8,0,17,0,11,10,0,21,0,20,18,0,38,14,0,14,52
07/05/2004,FAY,NC,ASO,EN,Towers with Radar,0,17,16,0,33,0,5,19,0,24,0,22,35,0,57,32,0,32,89
07/06/2004,FAY,NC,ASO,EN,Towers with Radar,2,26,27,6,61,0,0,37,3,40,2,26,64,9,101,32,0,32,133
07/07/2004,FAY,NC,ASO,EN,Towers with Radar,2,25,32,8,67,0,0,30,24,54,2,25,62,32,121,26,24,50,171
07/08/2004,FAY,NC,ASO,EN,Towers with Radar,0,24,25,4,53,0,0,33,0,33,0,24,58,4,86,14,12,26,112
07/09/2004,FAY,NC,ASO,EN,Towers with Radar,3,27,27,2,59,1,3,13,0,17,4,30,40,2,76,37,0,37,113
07/10/2004,FAY,NC,ASO,EN,Towers with Radar,2,14,14,1,31,0,7,38,0,45,2,21,52,1,76,70,0,70,146
07/11/2004,FAY,NC,ASO,EN,Towers with Radar,2,17,17,1,37,1,1,20,0,22,3,18,37,1,59,72,0,72,131
07/12/2004,FAY,NC,ASO,EN,Towers with Radar,1,26,27,6,60,0,0,6,7,13,1,26,33,13,73,26,36,62,135
07/13/2004,FAY,NC,ASO,EN,Towers with Radar,1,29,28,5,63,0,5,24,0,29,1,34,52,5,92,6,0,6,98
07/14/2004,FAY,NC,ASO,EN,Towers with Radar,1,27,27,5,60,0,2,7,0,9,1,29,34,5,69,26,14,40,109
07/15/2004,FAY,NC,ASO,EN,Towers with Radar,2,26,30,6,64,0,0,41,0,41,2,26,71,6,105,30,6,36,141
07/16/2004,FAY,NC,ASO,EN,Towers with Radar,2,25,30,8,65,0,0,41,5,46,2,25,71,13,111,48,28,76,187
07/17/2004,FAY,NC,ASO,EN,Towers with Radar,1,13,13,4,31,3,6,24,0,33,4,19,37,4,64,0,0,0,64
07/18/2004,FAY,NC,ASO,EN,Towers with Radar,1,19,18,0,38,5,1,10,0,16,6,20,28,0,54,18,0,18,72
07/19/2004,FAY,NC,ASO,EN,Towers with Radar,1,24,25,6,56,1,4,18,11,34,2,28,43,17,90,28,46,74,164
07/20/2004,FAY,NC,ASO,EN,Towers with Radar,2,26,31,8,67,0,0,30,6,36,2,26,61,14,103,42,12,54,157
07/21/2004,FAY,NC,ASO,EN,Towers with Radar,2,26,27,7,62,0,1,28,10,39,2,27,55,17,101,36,42,78,179
07/22/2004,FAY,NC,ASO,EN,Towers with Radar,2,22,32,8,64,0,0,7,3,10,2,22,39,11,74,36,40,76,150
07/23/2004,FAY,NC,ASO,EN,Towers with Radar,2,24,31,7,64,0,0,8,0,8,2,24,39,7,72,32,30,62,134
07/24/2004,FAY,NC,ASO,EN,Towers with Radar,1,15,15,0,31,2,6,20,0,28,3,21,35,0,59,22,0,22,81
07/25/2004,FAY,NC,ASO,EN,Towers with Radar,1,17,20,0,38,1,0,21,0,22,2,17,41,0,60,26,0,26,86
07/26/2004,FAY,NC,ASO,EN,Towers with Radar,2,24,25,7,58,0,0,35,3,38,2,24,60,10,96,30,12,42,138
07/27/2004,FAY,NC,ASO,EN,Towers with Radar,2,22,28,7,59,0,0,21,9,30,2,22,49,16,89,20,4,24,113
07/28/2004,FAY,NC,ASO,EN,Towers with Radar,1,24,13,6,44,0,2,0,1,3,1,26,13,7,47,0,2,2,49
07/29/2004,FAY,NC,ASO,EN,Towers with Radar,2,24,28,0,54,0,0,11,0,11,2,24,39,0,65,10,10,20,85
07/30/2004,FAY,NC,ASO,EN,Towers with Radar,2,25,29,5,61,0,0,11,0,11,2,25,40,5,72,20,0,20,92
07/31/2004,FAY,NC,ASO,EN,Towers with Radar,1,16,16,3,36,3,2,7,1,13,4,18,23,4,49,22,0,22,71
08/01/2004,FAY,NC,ASO,EN,Towers with Radar,1,12,15,0,28,1,5,8,0,14,2,17,23,0,42,46,0,46,88
08/02/2004,FAY,NC,ASO,EN,Towers with Radar,2,19,18,4,43,0,10,0,0,10,2,29,18,4,53,0,30,30,83
08/03/2004,FAY,NC,ASO,EN,Towers with Radar,2,21,23,8,54,0,4,0,8,12,2,25,23,16,66,0,16,16,82
08/04/2004,FAY,NC,ASO,EN,Towers with Radar,2,25,29,9,65,0,1,15,12,28,2,26,44,21,93,20,18,38,131
08/05/2004,FAY,NC,ASO,EN,Towers with Radar,0,27,32,11,70,0,1,14,1,16,0,28,46,12,86,2,0,2,88
08/06/2004,FAY,NC,ASO,EN,Towers with Radar,2,23,30,7,62,0,0,17,0,17,2,23,47,7,79,34,6,40,119
08/07/2004,FAY,NC,ASO,EN,Towers with Radar,2,14,15,3,34,0,7,33,0,40,2,21,48,3,74,34,0,34,108
08/08/2004,FAY,NC,ASO,EN,Towers with Radar,2,20,22,0,44,0,0,78,0,78,2,20,100,0,122,72,0,72,194
08/09/2004,FAY,NC,ASO,EN,Towers with Radar,0,24,26,1,51,0,2,38,0,40,0,26,64,1,91,40,20,60,151
08/10/2004,FAY,NC,ASO,EN,Towers with Radar,2,24,29,7,62,0,0,17,0,17,2,24,46,7,79,34,0,34,113
08/11/2004,FAY,NC,ASO,EN,Towers with Radar,0,28,40,13,81,0,0,15,10,25,0,28,55,23,106,54,16,70,176
08/12/2004,FAY,NC,ASO,EN,Towers with Radar,0,20,23,0,43,0,5,3,0,8,0,25,26,0,51,0,0,0,51
08/13/2004,FAY,NC,ASO,EN,Towers with Radar,2,23,25,2,52,0,3,21,0,24,2,26,46,2,76,20,0,20,96
08/14/2004,FAY,NC,ASO,EN,Towers with Radar,1,6,7,0,14,3,11,14,0,28,4,17,21,0,42,0,0,0,42
08/15/2004,FAY,NC,ASO,EN,Towers with Radar,0,19,19,3,41,0,0,0,0,0,0,19,19,3,41,0,0,0,41
08/16/2004,FAY,NC,ASO,EN,Towers with Radar,2,24,28,5,59,0,3,33,0,36,2,27,61,5,95,42,10,52,147
08/17/2004,FAY,NC,ASO,EN,Towers with Radar,2,28,34,10,74,0,0,35,2,37,2,28,69,12,111,48,22,70,181
08/18/2004,FAY,NC,ASO,EN,Towers with Radar,2,28,37,12,79,0,0,3,12,15,2,28,40,24,94,16,18,34,128
08/19/2004,FAY,NC,ASO,EN,Towers with Radar,1,31,35,7,74,0,1,54,0,55,1,32,89,7,129,74,20,94,223
08/20/2004,FAY,NC,ASO,EN,Towers with Radar,2,28,36,12,78,0,0,61,4,65,2,28,97,16,143,38,18,56,199
08/21/2004,FAY,NC,ASO,EN,Towers with Radar,0,13,15,2,30,4,7,38,0,49,4,20,53,2,79,58,0,58,137
08/22/2004,FAY,NC,ASO,EN,Towers with Radar,1,17,19,3,40,3,7,14,0,24,4,24,33,3,64,64,0,64,128
08/23/2004,FAY,NC,ASO,EN,Towers with Radar,2,27,35,12,76,0,0,9,27,36,2,27,44,39,112,14,50,64,176
08/24/2004,FAY,NC,ASO,EN,Towers with Radar,1,28,32,11,72,0,0,38,5,43,1,28,70,16,115,56,12,68,183
08/25/2004,FAY,NC,ASO,EN,Towers with Radar,0,34,41,13,88,0,0,53,21,74,0,34,94,34,162,36,60,96,258
08/26/2004,FAY,NC,ASO,EN,Towers with Radar,2,26,42,5,75,0,0,6,0,6,2,26,48,5,81,64,34,98,179
08/27/2004,FAY,NC,ASO,EN,Towers with Radar,2,24,38,13,77,0,0,0,10,10,2,24,38,23,87,22,44,66,153
08/28/2004,FAY,NC,ASO,EN,Towers with Radar,1,14,17,1,33,1,8,34,0,43,2,22,51,1,76,42,0,42,118
08/29/2004,FAY,NC,ASO,EN,Towers with Radar,0,10,12,0,22,2,9,3,0,14,2,19,15,0,36,0,0,0,36
08/30/2004,FAY,NC,ASO,EN,Towers with Radar,1,22,27,8,58,1,0,10,23,34,2,22,37,31,92,10,72,82,174
08/31/2004,FAY,NC,ASO,EN,Towers with Radar,2,24,41,13,80,0,0,31,8,39,2,24,72,21,119,34,4,38,157
09/01/2004,FAY,NC,ASO,EN,Towers with Radar,1,27,29,13,70,0,0,0,9,9,1,27,29,22,79,8,20,28,107
09/02/2004,FAY,NC,ASO,EN,Towers with Radar,2,25,35,13,75,0,0,38,20,58,2,25,73,33,133,88,20,108,241
09/03/2004,FAY,NC,ASO,EN,Towers with Radar,2,25,25,6,58,0,0,23,0,23,2,25,48,6,81,24,0,24,105
09/04/2004,FAY,NC,ASO,EN,Towers with Radar,1,10,11,0,22,1,11,18,0,30,2,21,29,0,52,74,0,74,126
09/05/2004,FAY,NC,ASO,EN,Towers with Radar,1,9,9,0,19,1,9,8,0,18,2,18,17,0,37,6,0,6,43
09/06/2004,FAY,NC,ASO,EN,Towers with Radar,2,14,14,0,30,0,7,9,0,16,2,21,23,0,46,20,0,20,66
09/07/2004,FAY,NC,ASO,EN,Towers with Radar,0,23,19,8,50,0,1,0,2,3,0,24,19,10,53,0,0,0,53
09/08/2004,FAY,NC,ASO,EN,Towers with Radar,2,20,20,7,49,0,7,4,13,24,2,27,24,20,73,2,16,18,91
09/09/2004,FAY,NC,ASO,EN,Towers with Radar,2,27,27,4,60,0,0,15,0,15,2,27,42,4,75,31,10,41,116
09/10/2004,FAY,NC,ASO,EN,Towers with Radar,3,28,32,12,75,0,0,38,0,38,3,28,70,12,113,88,15,103,216
09/11/2004,FAY,NC,ASO,EN,Towers with Radar,2,16,15,5,38,0,9,30,2,41,2,25,45,7,79,82,2,84,163
09/12/2004,FAY,NC,ASO,EN,Towers with Radar,2,17,16,0,35,0,5,25,0,30,2,22,41,0,65,22,0,22,87
09/13/2004,FAY,NC,ASO,EN,Towers with Radar,2,27,29,9,67,0,0,7,0,7,2,27,36,9,74,0,0,0,74
09/14/2004,FAY,NC,ASO,EN,Towers with Radar,2,27,28,12,69,0,0,0,11,11,2,27,28,23,80,0,24,24,104
09/15/2004,FAY,NC,ASO,EN,Towers with Radar,2,26,38,15,81,0,0,6,22,28,2,26,44,37,109,10,40,50,159
09/16/2004,FAY,NC,ASO,EN,Towers with Radar,1,28,23,3,55,0,2,0,0,2,1,30,23,3,57,24,4,28,85
09/17/2004,FAY,NC,ASO,EN,Towers with Radar,1,21,17,0,39,3,6,8,0,17,4,27,25,0,56,0,0,0,56
09/18/2004,FAY,NC,ASO,EN,Towers with Radar,0,12,10,0,22,4,12,6,0,22,4,24,16,0,44,0,2,2,46
09/19/2004,FAY,NC,ASO,EN,Towers with Radar,1,15,12,0,28,3,3,13,0,19,4,18,25,0,47,16,0,16,63
09/20/2004,FAY,NC,ASO,EN,Towers with Radar,2,29,27,11,69,0,0,22,14,36,2,29,49,25,105,40,0,40,145
09/21/2004,FAY,NC,ASO,EN,Towers with Radar,2,27,28,8,65,0,0,35,0,35,2,27,63,8,100,22,8,30,130
09/22/2004,FAY,NC,ASO,EN,Towers with Radar,2,27,30,12,71,0,0,40,13,53,2,27,70,25,124,20,36,56,180
09/23/2004,FAY,NC,ASO,EN,Towers with Radar,2,29,30,12,73,1,0,22,13,36,3,29,52,25,109,80,13,93,202
09/24/2004,FAY,NC,ASO,EN,Towers with Radar,2,30,26,4,62,0,0,35,0,35,2,30,61,4,97,46,0,46,143
09/25/2004,FAY,NC,ASO,EN,Towers with Radar,1,19,17,0,37,1,5,53,0,59,2,24,70,0,96,104,0,104,200
09/26/2004,FAY,NC,ASO,EN,Towers with Radar,0,19,18,0,37,0,8,9,0,17,0,27,27,0,54,52,0,52,106
09/27/2004,FAY,NC,ASO,EN,Towers with Radar,0,16,14,2,32,0,8,6,0,14,0,24,20,2,46,0,10,10,56
09/28/2004,FAY,NC,ASO,EN,Towers with Radar,1,18,14,4,37,1,9,0,0,10,2,27,14,4,47,0,10,10,57
09/29/2004,FAY,NC,ASO,EN,Towers with Radar,2,22,34,12,70,0,0,19,2,21,2,22,53,14,91,10,18,28,119
09/30/2004,FAY,NC,ASO,EN,Towers with Radar,2,27,31,7,67,0,0,7,0,7,2,27,38,7,74,4,0,4,78
10/01/2004,FAY,NC,ASO,EN,Towers with Radar,2,25,34,4,65,0,0,6,0,6,2,25,40,4,71,10,0,10,81
10/02/2004,FAY,NC,ASO,EN,Towers with Radar,2,18,28,19,67,0,0,5,0,5,2,18,33,19,72,52,0,52,124
10/03/2004,FAY,NC,ASO,EN,Towers with Radar,2,19,30,0,51,0,0,26,0,26,2,19,56,0,77,40,0,40,117
10/04/2004,FAY,NC,ASO,EN,Towers with Radar,0,28,38,23,89,0,0,9,2,11,0,28,47,25,100,28,68,96,196
10/05/2004,FAY,NC,ASO,EN,Towers with Radar,2,26,44,5,77,0,0,42,2,44,2,26,86,7,121,48,0,48,169
10/06/2004,FAY,NC,ASO,EN,Towers with Radar,1,25,22,4,52,0,0,32,1,33,1,25,54,5,85,17,10,27,112
10/07/2004,FAY,NC,ASO,EN,Towers with Radar,2,25,30,6,63,0,0,47,0,47,2,25,77,6,110,36,6,42,152
10/08/2004,FAY,NC,ASO,EN,Towers with Radar,2,26,27,0,55,0,0,62,7,69,2,26,89,7,124,24,0,24,148
10/09/2004,FAY,NC,ASO,EN,Towers with Radar,1,21,22,0,44,0,0,43,0,43,1,21,65,0,87,106,0,106,193
10/10/2004,FAY,NC,ASO,EN,Towers with Radar,0,23,12,1,36,0,0,35,0,35,0,23,47,1,71,52,0,52,123
10/11/2004,FAY,NC,ASO,EN,Towers with Radar,0,26,11,0,37,0,0,34,0,34,0,26,45,0,71,28,0,28,99
10/12/2004,FAY,NC,ASO,EN,Towers with Radar,0,30,25,4,59,0,0,38,2,40,0,30,63,6,99,62,22,84,183
10/13/2004,FAY,NC,ASO,EN,Towers with Radar,2,27,29,0,58,0,0,11,0,11,2,27,40,0,69,6,4,10,79
10/14/2004,FAY,NC,ASO,EN,Towers with Radar,2,30,39,3,74,0,0,15,0,15,2,30,54,3,89,10,0,10,99
10/15/2004,FAY,NC,ASO,EN,Towers with Radar,2,28,17,0,47,0,0,18,2,20,2,28,35,2,67,4,0,4,71
10/16/2004,FAY,NC,ASO,EN,Towers with Radar,4,22,11,0,37,0,1,28,0,29,4,23,39,0,66,58,0,58,124
10/17/2004,FAY,NC,ASO,EN,Towers with Radar,4,20,17,1,42,0,0,31,1,32,4,20,48,2,74,20,0,20,94
10/18/2004,FAY,NC,ASO,EN,Towers with Radar,2,26,25,4,57,0,0,26,0,26,2,26,51,4,83,74,0,74,157
10/19/2004,FAY,NC,ASO,EN,Towers with Radar,2,25,29,7,63,0,0,18,5,23,2,25,47,12,86,30,36,66,152
10/20/2004,FAY,NC,ASO,EN,Towers with Radar,2,28,36,10,76,0,0,1,0,1,2,28,37,10,77,0,0,0,77
10/21/2004,FAY,NC,ASO,EN,Towers with Radar,0,30,44,7,81,0,0,4,0,4,0,30,48,7,85,0,0,0,85
10/22/2004,FAY,NC,ASO,EN,Towers with Radar,2,26,23,0,51,0,0,21,0,21,2,26,44,0,72,96,0,96,168
10/23/2004,FAY,NC,ASO,EN,Towers with Radar,2,26,18,0,46,0,0,52,0,52,2,26,70,0,98,80,0,80,178
10/24/2004,FAY,NC,ASO,EN,Towers with Radar,1,19,30,2,52,0,0,8,0,8,1,19,38,2,60,76,0,76,136
10/25/2004,FAY,NC,ASO,EN,Towers with Radar,1,26,25,8,60,0,0,4,0,4,1,26,29,8,64,8,0,8,72
10/26/2004,FAY,NC,ASO,EN,Towers with Radar,3,30,36,0,69,0,1,39,0,40,3,31,75,0,109,54,0,54,163
10/27/2004,FAY,NC,ASO,EN,Towers with Radar,2,25,27,5,59,0,0,30,0,30,2,25,57,5,89,8,0,8,97
10/28/2004,FAY,NC,ASO,EN,Towers with Radar,0,27,27,7,61,0,0,29,1,30,0,27,56,8,91,98,6,104,195
10/29/2004,FAY,NC,ASO,EN,Towers with Radar,2,30,50,19,101,0,0,1,1,2,2,30,51,20,103,0,0,0,103
10/30/2004,FAY,NC,ASO,EN,Towers with Radar,2,22,20,3,47,0,0,3,0,3,2,22,23,3,50,38,0,38,88
10/31/2004,FAY,NC,ASO,EN,Towers with Radar,3,21,24,0,48,0,0,27,0,27,3,21,51,0,75,2,0,2,77
11/01/2004,FAY,NC,ASO,EN,Combined TRACON& Tower with Radar,2,32,31,10,75,0,1,31,7,39,2,33,62,17,114,76,18,94,208
11/02/2004,FAY,NC,ASO,EN,Combined TRACON& Tower with Radar,2,24,17,10,53,0,0,17,0,17,2,24,34,10,70,24,18,42,112
11/03/2004,FAY,NC,ASO,EN,Combined TRACON& Tower with Radar,2,27,26,27,82,0,2,7,6,15,2,29,33,33,97,10,30,40,137
11/04/2004,FAY,NC,ASO,EN,Combined TRACON& Tower with Radar,0,25,28,4,57,0,0,6,0,6,0,25,34,4,63,56,0,56,119
11/05/2004,FAY,NC,ASO,EN,Combined TRACON& Tower with Radar,2,26,27,9,64,0,0,42,1,43,2,26,69,10,107,8,6,14,121
11/06/2004,FAY,NC,ASO,EN,Combined TRACON& Tower with Radar,0,0,0,0,0,0,0,0,0,0,0,0,0,0,0,34,0,34,34
11/07/2004,FAY,NC,ASO,EN,Combined TRACON& Tower with Radar,0,27,25,0,52,0,0,35,0,35,0,27,60,0,87,60,0,60,147
11/08/2004,FAY,NC,ASO,EN,Combined TRACON& Tower with Radar,2,26,26,8,62,0,0,13,0,13,2,26,39,8,75,58,0,58,133
11/09/2004,FAY,NC,ASO,EN,Combined TRACON& Tower with Radar,3,26,24,14,67,0,0,29,0,29,3,26,53,14,96,50,16,66,162
11/10/2004,FAY,NC,ASO,EN,Combined TRACON& Tower with Radar,2,26,30,19,77,0,0,28,1,29,2,26,58,20,106,26,64,90,196
11/11/2004,FAY,NC,ASO,EN,Combined TRACON& Tower with Radar,2,24,39,0,65,0,0,30,0,30,2,24,69,0,95,0,0,0,95
11/12/2004,FAY,NC,ASO,EN,Combined TRACON& Tower with Radar,2,27,44,0,73,0,0,3,0,3,2,27,47,0,76,18,0,18,94
11/13/2004,FAY,NC,ASO,EN,Combined TRACON& Tower with Radar,2,23,31,2,58,0,0,11,0,11,2,23,42,2,69,72,0,72,141
11/14/2004,FAY,NC,ASO,EN,Combined TRACON& Tower with Radar,2,22,22,0,46,0,0,37,0,37,2,22,59,0,83,22,0,22,105
11/15/2004,FAY,NC,ASO,EN,Combined TRACON& Tower with Radar,2,23,31,36,92,0,4,38,0,42,2,27,69,36,134,72,68,140,274
11/16/2004,FAY,NC,ASO,EN,Combined TRACON& Tower with Radar,2,33,28,9,72,0,0,31,2,33,2,33,59,11,105,70,40,110,215
11/17/2004,FAY,NC,ASO,EN,Combined TRACON& Tower with Radar,2,32,21,24,79,0,0,40,7,47,2,32,61,31,126,48,54,102,228
11/18/2004,FAY,NC,ASO,EN,Combined TRACON& Tower with Radar,1,28,47,9,85,0,0,19,1,20,1,28,66,10,105,32,14,46,151
11/19/2004,FAY,NC,ASO,EN,Combined TRACON& Tower with Radar,2,26,31,5,64,0,0,37,2,39,2,26,68,7,103,52,26,78,181
11/20/2004,FAY,NC,ASO,EN,Combined TRACON& Tower with Radar,0,0,0,0,0,0,0,0,0,0,0,0,0,0,0,58,0,58,58
11/21/2004,FAY,NC,ASO,EN,Combined TRACON& Tower with Radar,4,21,28,2,55,0,0,27,0,27,4,21,55,2,82,16,0,16,98
11/22/2004,FAY,NC,ASO,EN,Combined TRACON& Tower with Radar,2,27,26,16,71,0,0,5,2,7,2,27,31,18,78,14,50,64,142
11/23/2004,FAY,NC,ASO,EN,Combined TRACON& Tower with Radar,2,27,14,14,57,0,0,0,0,0,2,27,14,14,57,0,0,0,57
11/24/2004,FAY,NC,ASO,EN,Combined TRACON& Tower with Radar,2,24,20,6,52,0,0,5,1,6,2,24,25,7,58,8,12,20,78
11/25/2004,FAY,NC,ASO,EN,Combined TRACON& Tower with Radar,2,19,7,2,30,0,0,3,0,3,2,19,10,2,33,0,0,0,33
11/26/2004,FAY,NC,ASO,EN,Combined TRACON& Tower with Radar,2,23,18,0,43,0,0,38,0,38,2,23,56,0,81,8,0,8,89
11/27/2004,FAY,NC,ASO,EN,Combined TRACON& Tower with Radar,0,25,14,0,39,0,0,19,0,19,0,25,33,0,58,46,0,46,104
11/28/2004,FAY,NC,ASO,EN,Combined TRACON& Tower with Radar,2,23,17,0,42,0,0,17,0,17,2,23,34,0,59,32,0,32,91
11/29/2004,FAY,NC,ASO,EN,Combined TRACON& Tower with Radar,2,28,29,28,87,0,0,31,0,31,2,28,60,28,118,48,32,80,198
11/30/2004,FAY,NC,ASO,EN,Combined TRACON& Tower with Radar,0,28,34,22,84,0,0,25,8,33,0,28,59,30,117,6,20,26,143
12/01/2004,FAY,NC,ASO,EN,Combined TRACON& Tower with Radar,2,25,18,0,45,0,0,15,0,15,2,25,33,0,60,0,18,18,78
12/02/2004,FAY,NC,ASO,EN,Combined TRACON& Tower with Radar,1,29,22,22,74,0,1,45,6,52,1,30,67,28,126,10,46,56,182
12/03/2004,FAY,NC,ASO,EN,Combined TRACON& Tower with Radar,2,26,24,6,58,0,0,41,2,43,2,26,65,8,101,26,10,36,137
12/04/2004,FAY,NC,ASO,EN,Combined TRACON& Tower with Radar,0,0,0,0,0,0,0,0,0,0,0,0,0,0,0,36,0,36,36
12/05/2004,FAY,NC,ASO,EN,Combined TRACON& Tower with Radar,4,22,21,0,47,0,0,45,0,45,4,22,66,0,92,62,0,62,154
12/06/2004,FAY,NC,ASO,EN,Combined TRACON& Tower with Radar,1,26,24,19,70,0,0,7,1,8,1,26,31,20,78,30,20,50,128
12/07/2004,FAY,NC,ASO,EN,Combined TRACON& Tower with Radar,2,26,29,6,63,0,0,5,0,5,2,26,34,6,68,2,22,24,92
12/08/2004,FAY,NC,ASO,EN,Combined TRACON& Tower with Radar,2,28,30,36,96,0,0,57,2,59,2,28,87,38,155,84,22,106,261
12/09/2004,FAY,NC,ASO,EN,Combined TRACON& Tower with Radar,2,27,27,4,60,0,0,3,0,3,2,27,30,4,63,0,0,0,63
12/10/2004,FAY,NC,ASO,EN,Combined TRACON& Tower with Radar,2,27,31,12,72,0,0,9,0,9,2,27,40,12,81,0,2,2,83
12/11/2004,FAY,NC,ASO,EN,Combined TRACON& Tower with Radar,2,25,24,0,51,0,0,9,0,9,2,25,33,0,60,8,0,8,68
12/12/2004,FAY,NC,ASO,EN,Combined TRACON& Tower with Radar,3,27,28,0,58,0,0,35,0,35,3,27,63,0,93,74,0,74,167
12/13/2004,FAY,NC,ASO,EN,Combined TRACON& Tower with Radar,2,26,23,49,100,0,0,18,1,19,2,26,41,50,119,20,88,108,227
12/14/2004,FAY,NC,ASO,EN,Combined TRACON& Tower with Radar,2,26,33,17,78,0,0,19,3,22,2,26,52,20,100,2,28,30,130
12/15/2004,FAY,NC,ASO,EN,Combined TRACON& Tower with Radar,0,28,26,13,67,0,0,26,0,26,0,28,52,13,93,48,17,65,158
12/16/2004,FAY,NC,ASO,EN,Combined TRACON& Tower with Radar,2,27,27,15,71,0,0,30,9,39,2,27,57,24,110,39,5,44,154
12/17/2004,FAY,NC,ASO,EN,Combined TRACON& Tower with Radar,1,27,18,0,46,0,0,0,0,0,1,27,18,0,46,40,0,40,86
12/18/2004,FAY,NC,ASO,EN,Combined TRACON& Tower with Radar,2,21,30,0,53,0,0,37,0,37,2,21,67,0,90,72,0,72,162
12/19/2004,FAY,NC,ASO,EN,Combined TRACON& Tower with Radar,2,22,9,2,35,0,0,19,0,19,2,22,28,2,54,40,0,40,94
12/20/2004,FAY,NC,ASO,EN,Combined TRACON& Tower with Radar,0,27,8,16,51,0,0,8,0,8,0,27,16,16,59,2,30,32,91
12/21/2004,FAY,NC,ASO,EN,Combined TRACON& Tower with Radar,2,24,30,3,59,0,0,21,1,22,2,24,51,4,81,28,82,110,191
12/22/2004,FAY,NC,ASO,EN,Combined TRACON& Tower with Radar,2,25,15,5,47,0,0,32,4,36,2,25,47,9,83,28,52,80,163
12/23/2004,FAY,NC,ASO,EN,Combined TRACON& Tower with Radar,2,26,25,0,53,0,0,4,0,4,2,26,29,0,57,0,0,0,57
12/24/2004,FAY,NC,ASO,EN,Combined TRACON& Tower with Radar,2,24,12,0,38,0,0,5,0,5,2,24,17,0,43,0,0,0,43
12/25/2004,FAY,NC,ASO,EN,Combined TRACON& Tower with Radar,0,0,0,0,0,0,0,0,0,0,0,0,0,0,0,0,0,0,0
12/26/2004,FAY,NC,ASO,EN,Combined TRACON& Tower with Radar,2,13,5,0,20,0,0,3,0,3,2,13,8,0,23,0,0,0,23
12/27/2004,FAY,NC,ASO,EN,Combined TRACON& Tower with Radar,0,26,25,0,51,0,7,6,0,13,0,33,31,0,64,0,0,0,64
12/28/2004,FAY,NC,ASO,EN,Combined TRACON& Tower with Radar,0,32,21,9,62,0,0,23,0,23,0,32,44,9,85,22,8,30,115
12/29/2004,FAY,NC,ASO,EN,Combined TRACON& Tower with Radar,1,26,18,4,49,0,0,26,0,26,1,26,44,4,75,60,0,60,135
12/30/2004,FAY,NC,ASO,EN,Combined TRACON& Tower with Radar,2,25,28,8,63,0,0,37,2,39,2,25,65,10,102,44,4,48,150
12/31/2004,FAY,NC,ASO,EN,Combined TRACON& Tower with Radar,2,25,17,0,44,0,0,28,0,28,2,25,45,0,72,48,0,48,120
01/01/2005,FAY,NC,ASO,EN,Combined TRACON& Tower with Radar,2,23,11,0,36,0,0,24,0,24,2,23,35,0,60,12,0,12,72
01/02/2005,FAY,NC,ASO,EN,Combined TRACON& Tower with Radar,2,17,27,4,50,0,0,31,0,31,2,17,58,4,81,36,0,36,117
01/03/2005,FAY,NC,ASO,EN,Combined TRACON& Tower with Radar,4,29,30,0,63,0,0,17,0,17,4,29,47,0,80,18,0,18,98
01/04/2005,FAY,NC,ASO,EN,Combined TRACON& Tower with Radar,2,28,22,1,53,0,0,23,0,23,2,28,45,1,76,52,0,52,128
01/05/2005,FAY,NC,ASO,EN,Combined TRACON& Tower with Radar,0,30,22,4,56,0,0,21,4,25,0,30,43,8,81,42,0,42,123
01/06/2005,FAY,NC,ASO,EN,Combined TRACON& Tower with Radar,2,26,19,13,60,0,0,19,0,19,2,26,38,13,79,0,8,8,87
01/07/2005,FAY,NC,ASO,EN,Combined TRACON& Tower with Radar,4,26,27,0,57,0,0,33,1,34,4,26,60,1,91,36,0,36,127
01/08/2005,FAY,NC,ASO,EN,Combined TRACON& Tower with Radar,2,24,14,0,40,0,0,13,0,13,2,24,27,0,53,6,0,6,59
01/09/2005,FAY,NC,ASO,EN,Combined TRACON& Tower with Radar,4,21,20,0,45,0,0,24,0,24,4,21,44,0,69,86,0,86,155
01/10/2005,FAY,NC,ASO,EN,Combined TRACON& Tower with Radar,2,23,12,7,44,0,0,26,1,27,2,23,38,8,71,50,18,68,139
01/11/2005,FAY,NC,ASO,EN,Combined TRACON& Tower with Radar,2,27,17,31,77,0,0,28,1,29,2,27,45,32,106,34,0,34,140
01/12/2005,FAY,NC,ASO,EN,Combined TRACON& Tower with Radar,0,27,37,22,86,0,0,25,1,26,0,27,62,23,112,30,26,56,168
01/13/2005,FAY,NC,ASO,EN,Combined TRACON& Tower with Radar,2,26,30,18,76,0,0,9,0,9,2,26,39,18,85,2,30,32,117
01/14/2005,FAY,NC,ASO,EN,Combined TRACON& Tower with Radar,2,29,23,1,55,0,0,3,7,10,2,29,26,8,65,0,20,20,85
01/15/2005,FAY,NC,ASO,EN,Combined TRACON& Tower with Radar,4,23,19,0,46,0,0,34,0,34,4,23,53,0,80,0,0,0,80
01/16/2005,FAY,NC,ASO,EN,Combined TRACON& Tower with Radar,4,21,34,0,59,0,0,15,0,15,4,21,49,0,74,26,0,26,100
01/17/2005,FAY,NC,ASO,EN,Combined TRACON& Tower with Radar,0,29,26,0,55,0,0,25,0,25,0,29,51,0,80,8,0,8,88
01/18/2005,FAY,NC,ASO,EN,Combined TRACON& Tower with Radar,2,25,22,4,53,0,0,13,0,13,2,25,35,4,66,0,4,4,70
01/19/2005,FAY,NC,ASO,EN,Combined TRACON& Tower with Radar,3,26,26,10,65,0,0,12,2,14,3,26,38,12,79,12,48,60,139
01/20/2005,FAY,NC,ASO,EN,Combined TRACON& Tower with Radar,2,25,17,7,51,0,0,27,0,27,2,25,44,7,78,50,16,66,144
01/21/2005,FAY,NC,ASO,EN,Combined TRACON& Tower with Radar,1,28,21,10,60,0,0,4,0,4,1,28,25,10,64,0,0,0,64
01/22/2005,FAY,NC,ASO,EN,Combined TRACON& Tower with Radar,2,21,5,0,28,0,0,0,0,0,2,21,5,0,28,0,0,0,28
01/23/2005,FAY,NC,ASO,EN,Combined TRACON& Tower with Radar,2,20,4,0,26,0,0,1,0,1,2,20,5,0,27,0,0,0,27
01/24/2005,FAY,NC,ASO,EN,Combined TRACON& Tower with Radar,2,24,32,12,70,0,0,12,1,13,2,24,44,13,83,20,66,86,169
01/25/2005,FAY,NC,ASO,EN,Combined TRACON& Tower with Radar,2,30,29,15,76,0,0,39,8,47,2,30,68,23,123,40,56,96,219
01/26/2005,FAY,NC,ASO,EN,Combined TRACON& Tower with Radar,2,27,23,8,60,0,2,41,29,72,2,29,64,37,132,58,85,143,275
01/27/2005,FAY,NC,ASO,EN,Combined TRACON& Tower with Radar,2,25,30,7,64,0,0,9,1,10,2,25,39,8,74,12,8,20,94
01/28/2005,FAY,NC,ASO,EN,Combined TRACON& Tower with Radar,2,26,26,4,58,0,7,22,0,29,2,33,48,4,87,28,0,28,115
01/29/2005,FAY,NC,ASO,EN,Combined TRACON& Tower with Radar,0,12,4,0,16,0,0,0,0,0,0,12,4,0,16,0,0,0,16
01/30/2005,FAY,NC,ASO,EN,Combined TRACON& Tower with Radar,0,14,6,0,20,0,0,5,0,5,0,14,11,0,25,28,0,28,53
01/31/2005,FAY,NC,ASO,EN,Combined TRACON& Tower with Radar,0,23,20,10,53,0,0,28,2,30,0,23,48,12,83,26,34,60,143
02/01/2005,FAY,NC,ASO,EN,Combined TRACON& Tower with Radar,0,28,20,15,63,0,0,26,0,26,0,28,46,15,89,12,88,100,189
02/02/2005,FAY,NC,ASO,EN,Combined TRACON& Tower with Radar,1,25,21,36,83,0,0,42,3,45,1,25,63,39,128,40,26,66,194
02/03/2005,FAY,NC,ASO,EN,Combined TRACON& Tower with Radar,0,26,14,0,40,0,0,0,0,0,0,26,14,0,40,0,0,0,40
02/04/2005,FAY,NC,ASO,EN,Combined TRACON& Tower with Radar,2,26,33,11,72,0,0,16,1,17,2,26,49,12,89,4,6,10,99
02/05/2005,FAY,NC,ASO,EN,Combined TRACON& Tower with Radar,0,24,17,0,41,0,0,45,0,45,0,24,62,0,86,78,0,78,164
02/06/2005,FAY,NC,ASO,EN,Combined TRACON& Tower with Radar,2,27,26,0,55,0,0,46,0,46,2,27,72,0,101,32,0,32,133
02/07/2005,FAY,NC,ASO,EN,Combined TRACON& Tower with Radar,0,28,30,7,65,0,0,17,1,18,0,28,47,8,83,2,6,8,91
02/08/2005,FAY,NC,ASO,EN,Combined TRACON& Tower with Radar,0,30,9,8,47,0,0,38,0,38,0,30,47,8,85,38,0,38,123
02/09/2005,FAY,NC,ASO,EN,Combined TRACON& Tower with Radar,0,34,18,2,54,0,2,4,0,6,0,36,22,2,60,42,0,42,102
02/10/2005,FAY,NC,ASO,EN,Combined TRACON& Tower with Radar,0,27,20,0,47,0,0,13,0,13,0,27,33,0,60,6,0,6,66
02/11/2005,FAY,NC,ASO,EN,Combined TRACON& Tower with Radar,0,30,29,9,68,0,0,35,20,55,0,30,64,29,123,16,0,16,139
02/12/2005,FAY,NC,ASO,EN,Combined TRACON& Tower with Radar,0,0,0,0,0,0,0,0,0,0,0,0,0,0,0,1160,0,1160,1160
02/13/2005,FAY,NC,ASO,EN,Combined TRACON& Tower with Radar,0,26,18,1,45,0,0,24,0,24,0,26,42,1,69,54,0,54,123
02/14/2005,FAY,NC,ASO,EN,Combined TRACON& Tower with Radar,0,25,17,0,42,0,0,4,0,4,0,25,21,0,46,20,0,20,66
02/15/2005,FAY,NC,ASO,EN,Combined TRACON& Tower with Radar,0,25,47,17,89,0,0,30,1,31,0,25,77,18,120,50,14,64,184
02/16/2005,FAY,NC,ASO,EN,Combined TRACON& Tower with Radar,0,29,30,5,64,0,0,12,1,13,0,29,42,6,77,0,6,6,83
02/17/2005,FAY,NC,ASO,EN,Combined TRACON& Tower with Radar,0,26,39,0,65,0,0,30,0,30,0,26,69,0,95,16,0,16,111
02/18/2005,FAY,NC,ASO,EN,Combined TRACON& Tower with Radar,0,28,15,11,54,0,0,0,0,0,0,28,15,11,54,28,0,28,82
02/19/2005,FAY,NC,ASO,EN,Combined TRACON& Tower with Radar,0,25,12,0,37,0,0,41,0,41,0,25,53,0,78,58,0,58,136
02/20/2005,FAY,NC,ASO,EN,Combined TRACON& Tower with Radar,2,25,26,0,53,0,0,7,0,7,2,25,33,0,60,32,0,32,92
02/21/2005,FAY,NC,ASO,EN,Combined TRACON& Tower with Radar,0,24,15,0,39,0,0,2,0,2,0,24,17,0,41,0,0,0,41
02/22/2005,FAY,NC,ASO,EN,Combined TRACON& Tower with Radar,0,25,33,2,60,0,0,43,7,50,0,25,76,9,110,32,24,56,166
02/23/2005,FAY,NC,ASO,EN,Combined TRACON& Tower with Radar,0,26,19,9,54,0,1,31,6,38,0,27,50,15,92,48,27,75,167
02/24/2005,FAY,NC,ASO,EN,Combined TRACON& Tower with Radar,0,25,18,2,45,0,0,3,0,3,0,25,21,2,48,0,0,0,48
02/25/2005,FAY,NC,ASO,EN,Combined TRACON& Tower with Radar,0,24,27,4,55,0,0,22,0,22,0,24,49,4,77,62,0,62,139
02/26/2005,FAY,NC,ASO,EN,Combined TRACON& Tower with Radar,0,24,24,0,48,0,0,55,0,55,0,24,79,0,103,52,0,52,155
02/27/2005,FAY,NC,ASO,EN,Combined TRACON& Tower with Radar,0,28,15,0,43,0,0,14,0,14,0,28,29,0,57,2,0,2,59
02/28/2005,FAY,NC,ASO,EN,Combined TRACON& Tower with Radar,0,22,20,12,54,0,0,0,0,0,0,22,20,12,54,0,16,16,70
03/01/2005,FAY,NC,ASO,EN,Combined TRACON& Tower with Radar,0,28,17,2,47,0,8,3,0,11,0,36,20,2,58,0,0,0,58
03/02/2005,FAY,NC,ASO,EN,Combined TRACON& Tower with Radar,0,24,16,1,41,0,0,31,8,39,0,24,47,9,80,14,34,48,128
03/03/2005,FAY,NC,ASO,EN,Combined TRACON& Tower with Radar,0,28,18,11,57,0,0,28,5,33,0,28,46,16,90,0,30,30,120
03/04/2005,FAY,NC,ASO,EN,Combined TRACON& Tower with Radar,1,27,21,0,49,0,0,47,2,49,1,27,68,2,98,0,0,0,98
03/05/2005,FAY,NC,ASO,EN,Combined TRACON& Tower with Radar,0,0,0,0,0,0,0,0,0,0,0,0,0,0,0,0,0,0,0
03/06/2005,FAY,NC,ASO,EN,Combined TRACON& Tower with Radar,6,21,25,11,63,0,0,26,0,26,6,21,51,11,89,66,0,66,155
03/07/2005,FAY,NC,ASO,EN,Combined TRACON& Tower with Radar,6,21,17,6,50,0,0,21,1,22,6,21,38,7,72,0,30,30,102
03/08/2005,FAY,NC,ASO,EN,Combined TRACON& Tower with Radar,6,20,16,0,42,0,0,5,0,5,6,20,21,0,47,0,0,0,47
03/09/2005,FAY,NC,ASO,EN,Combined TRACON& Tower with Radar,7,19,28,34,88,0,0,36,3,39,7,19,64,37,127,8,66,74,201
03/10/2005,FAY,NC,ASO,EN,Combined TRACON& Tower with Radar,5,18,28,11,62,0,0,30,0,30,5,18,58,11,92,43,10,53,145
03/11/2005,FAY,NC,ASO,EN,Combined TRACON& Tower with Radar,17,12,18,7,54,0,0,11,2,13,17,12,29,9,67,18,20,38,105
03/12/2005,FAY,NC,ASO,EN,Combined TRACON& Tower with Radar,2,19,12,9,42,0,0,11,2,13,2,19,23,11,55,44,0,44,99
03/13/2005,FAY,NC,ASO,EN,Combined TRACON& Tower with Radar,6,18,28,5,57,0,0,29,1,30,6,18,57,6,87,50,2,52,139
03/14/2005,FAY,NC,ASO,EN,Combined TRACON& Tower with Radar,7,21,28,7,63,0,0,2,0,2,7,21,30,7,65,38,16,54,119
03/15/2005,FAY,NC,ASO,EN,Combined TRACON& Tower with Radar,11,18,25,16,70,0,0,34,3,37,11,18,59,19,107,30,34,64,171
03/16/2005,FAY,NC,ASO,EN,Combined TRACON& Tower with Radar,11,14,21,3,49,0,2,0,2,4,11,16,21,5,53,0,0,0,53
03/17/2005,FAY,NC,ASO,EN,Combined TRACON& Tower with Radar,9,16,11,1,37,0,0,0,5,5,9,16,11,6,42,0,0,0,42
03/18/2005,FAY,NC,ASO,EN,Combined TRACON& Tower with Radar,9,26,22,4,61,2,53,300,138,493,11,79,322,142,554,50,0,50,604
03/19/2005,FAY,NC,ASO,EN,Combined TRACON& Tower with Radar,6,19,23,0,48,0,0,41,0,41,6,19,64,0,89,62,6,68,157
03/20/2005,FAY,NC,ASO,EN,Combined TRACON& Tower with Radar,13,17,31,0,61,0,0,56,0,56,13,17,87,0,117,76,0,76,193
03/21/2005,FAY,NC,ASO,EN,Combined TRACON& Tower with Radar,5,21,13,9,48,0,0,25,2,27,5,21,38,11,75,34,38,72,147
03/22/2005,FAY,NC,ASO,EN,Combined TRACON& Tower with Radar,8,19,24,3,54,0,0,15,1,16,8,19,39,4,70,6,6,12,82
03/23/2005,FAY,NC,ASO,EN,Combined TRACON& Tower with Radar,14,13,16,12,55,0,0,5,0,5,14,13,21,12,60,0,0,0,60
03/24/2005,FAY,NC,ASO,EN,Combined TRACON& Tower with Radar,6,24,29,12,71,0,4,42,0,46,6,28,71,12,117,48,12,60,177
03/25/2005,FAY,NC,ASO,EN,Combined TRACON& Tower with Radar,7,22,31,16,76,0,0,19,2,21,7,22,50,18,97,42,28,70,167
03/26/2005,FAY,NC,ASO,EN,Combined TRACON& Tower with Radar,2,20,15,0,37,0,0,6,0,6,2,20,21,0,43,78,0,78,121
03/27/2005,FAY,NC,ASO,EN,Combined TRACON& Tower with Radar,8,16,9,0,33,0,0,1,0,1,8,16,10,0,34,0,0,0,34
03/28/2005,FAY,NC,ASO,EN,Combined TRACON& Tower with Radar,6,21,20,13,60,0,0,0,0,0,6,21,20,13,60,10,20,30,90
03/29/2005,FAY,NC,ASO,EN,Combined TRACON& Tower with Radar,8,18,20,3,49,0,0,44,0,44,8,18,64,3,93,4,38,42,135
03/30/2005,FAY,NC,ASO,EN,Combined TRACON& Tower with Radar,10,18,24,2,54,0,0,29,2,31,10,18,53,4,85,34,2,36,121
03/31/2005,FAY,NC,ASO,EN,Combined TRACON& Tower with Radar,10,12,32,6,60,0,0,4,0,4,10,12,36,6,64,10,0,10,74
04/01/2005,FAY,NC,ASO,EN,Combined TRACON& Tower with Radar,4,19,21,19,63,0,0,9,0,9,4,19,30,19,72,20,46,66,138
04/02/2005,FAY,NC,ASO,EN,Combined TRACON& Tower with Radar,5,16,11,2,34,0,2,3,0,5,5,18,14,2,39,0,0,0,39
04/03/2005,FAY,NC,ASO,EN,Combined TRACON& Tower with Radar,1,19,14,0,34,0,0,8,1,9,1,19,22,1,43,4,0,4,47
04/04/2005,FAY,NC,ASO,EN,Combined TRACON& Tower with Radar,4,26,19,4,53,0,0,22,1,23,4,26,41,5,76,6,0,6,82
04/05/2005,FAY,NC,ASO,EN,Combined TRACON& Tower with Radar,2,21,32,17,72,0,2,41,3,46,2,23,73,20,118,24,66,90,208
04/06/2005,FAY,NC,ASO,EN,Combined TRACON& Tower with Radar,11,14,20,17,62,0,0,22,10,32,11,14,42,27,94,38,46,84,178
04/07/2005,FAY,NC,ASO,EN,Combined TRACON& Tower with Radar,6,17,25,13,61,0,1,3,0,4,6,18,28,13,65,0,62,62,127
04/08/2005,FAY,NC,ASO,EN,Combined TRACON& Tower with Radar,4,21,23,17,65,0,0,6,0,6,4,21,29,17,71,4,4,8,79
04/09/2005,FAY,NC,ASO,EN,Combined TRACON& Tower with Radar,0,0,0,0,0,0,0,0,0,0,0,0,0,0,0,52,0,52,52
04/10/2005,FAY,NC,ASO,EN,Combined TRACON& Tower with Radar,9,12,18,1,40,0,0,41,0,41,9,12,59,1,81,36,0,36,117
04/11/2005,FAY,NC,ASO,EN,Combined TRACON& Tower with Radar,8,20,45,16,89,0,0,38,4,42,8,20,83,20,131,18,22,40,171
04/12/2005,FAY,NC,ASO,EN,Combined TRACON& Tower with Radar,6,18,18,34,76,0,0,11,2,13,6,18,29,36,89,12,46,58,147
04/13/2005,FAY,NC,ASO,EN,Combined TRACON& Tower with Radar,9,21,19,4,53,0,0,0,0,0,9,21,19,4,53,0,0,0,53
04/14/2005,FAY,NC,ASO,EN,Combined TRACON& Tower with Radar,3,23,32,4,62,0,0,28,0,28,3,23,60,4,90,14,10,24,114
04/15/2005,FAY,NC,ASO,EN,Combined TRACON& Tower with Radar,6,21,26,7,60,0,1,26,3,30,6,22,52,10,90,30,0,30,120
04/16/2005,FAY,NC,ASO,EN,Combined TRACON& Tower with Radar,4,21,15,6,46,0,0,0,0,0,4,21,15,6,46,0,0,0,46
04/17/2005,FAY,NC,ASO,EN,Combined TRACON& Tower with Radar,8,15,20,0,43,0,0,41,0,41,8,15,61,0,84,0,0,0,84
04/18/2005,FAY,NC,ASO,EN,Combined TRACON& Tower with Radar,14,20,37,19,90,0,0,40,0,40,14,20,77,19,130,40,50,90,220
04/19/2005,FAY,NC,ASO,EN,Combined TRACON& Tower with Radar,10,18,12,26,66,0,0,23,2,25,10,18,35,28,91,22,14,36,127
04/20/2005,FAY,NC,ASO,EN,Combined TRACON& Tower with Radar,11,15,39,7,72,0,0,35,2,37,11,15,74,9,109,28,6,34,143
04/21/2005,FAY,NC,ASO,EN,Combined TRACON& Tower with Radar,14,16,24,32,86,0,0,26,6,32,14,16,50,38,118,16,42,58,176
04/22/2005,FAY,NC,ASO,EN,Combined TRACON& Tower with Radar,10,15,22,3,50,0,0,23,1,24,10,15,45,4,74,2,8,10,84
04/23/2005,FAY,NC,ASO,EN,Combined TRACON& Tower with Radar,0,0,0,0,0,0,0,0,0,0,0,0,0,0,0,1520,0,1520,1520
04/24/2005,FAY,NC,ASO,EN,Combined TRACON& Tower with Radar,5,17,14,0,36,0,0,12,0,12,5,17,26,0,48,48,0,48,96
04/25/2005,FAY,NC,ASO,EN,Combined TRACON& Tower with Radar,6,16,23,6,51,0,0,10,4,14,6,16,33,10,65,18,28,46,111
04/26/2005,FAY,NC,ASO,EN,Combined TRACON& Tower with Radar,7,20,25,50,102,0,0,27,0,27,7,20,52,50,129,18,18,36,165
04/27/2005,FAY,NC,ASO,EN,Combined TRACON& Tower with Radar,8,19,34,16,77,0,0,17,2,19,8,19,51,18,96,0,42,42,138
04/28/2005,FAY,NC,ASO,EN,Combined TRACON& Tower with Radar,3,25,38,8,74,0,0,37,0,37,3,25,75,8,111,64,4,68,179
04/29/2005,FAY,NC,ASO,EN,Combined TRACON& Tower with Radar,6,22,20,13,61,0,0,20,0,20,6,22,40,13,81,38,0,38,119
04/30/2005,FAY,NC,ASO,EN,Combined TRACON& Tower with Radar,3,19,14,0,36,0,0,5,1,6,3,19,19,1,42,0,0,0,42
05/01/2005,FAY,NC,ASO,EN,Combined TRACON& Tower with Radar,7,17,21,0,45,0,0,33,0,33,7,17,54,0,78,74,0,74,152
05/02/2005,FAY,NC,ASO,EN,Combined TRACON& Tower with Radar,4,25,24,2,55,0,0,29,2,31,4,25,53,4,86,30,16,46,132
05/03/2005,FAY,NC,ASO,EN,Combined TRACON& Tower with Radar,8,22,31,6,67,0,0,49,1,50,8,22,80,7,117,72,26,98,215
05/04/2005,FAY,NC,ASO,EN,Combined TRACON& Tower with Radar,4,23,30,4,61,0,2,32,0,34,4,25,62,4,95,50,6,56,151
05/05/2005,FAY,NC,ASO,EN,Combined TRACON& Tower with Radar,4,20,40,5,69,0,0,5,0,5,4,20,45,5,74,8,10,18,92
05/06/2005,FAY,NC,ASO,EN,Combined TRACON& Tower with Radar,6,21,25,3,55,0,0,3,0,3,6,21,28,3,58,0,8,8,66
05/07/2005,FAY,NC,ASO,EN,Combined TRACON& Tower with Radar,0,23,10,1,34,9,33,384,31,457,9,56,394,32,491,66,0,66,557
05/08/2005,FAY,NC,ASO,EN,Combined TRACON& Tower with Radar,2,22,21,0,45,0,0,21,0,21,2,22,42,0,66,50,0,50,116
05/09/2005,FAY,NC,ASO,EN,Combined TRACON& Tower with Radar,7,24,13,8,52,0,0,30,1,31,7,24,43,9,83,50,34,84,167
05/10/2005,FAY,NC,ASO,EN,Combined TRACON& Tower with Radar,9,16,34,10,69,0,0,41,3,44,9,16,75,13,113,26,4,30,143
05/11/2005,FAY,NC,ASO,EN,Combined TRACON& Tower with Radar,8,16,24,19,67,0,1,19,1,21,8,17,43,20,88,46,26,72,160
05/12/2005,FAY,NC,ASO,EN,Combined TRACON& Tower with Radar,10,17,20,12,59,0,0,17,4,21,10,17,37,16,80,2,40,42,122
05/13/2005,FAY,NC,ASO,EN,Combined TRACON& Tower with Radar,6,24,27,0,57,0,0,12,0,12,6,24,39,0,69,6,0,6,75
05/14/2005,FAY,NC,ASO,EN,Combined TRACON& Tower with Radar,7,14,29,0,50,0,0,8,0,8,7,14,37,0,58,0,0,0,58
05/15/2005,FAY,NC,ASO,EN,Combined TRACON& Tower with Radar,9,16,6,0,31,0,0,16,0,16,9,16,22,0,47,18,0,18,65
05/16/2005,FAY,NC,ASO,EN,Combined TRACON& Tower with Radar,6,20,36,12,74,0,0,22,0,22,6,20,58,12,96,64,0,64,160
05/17/2005,FAY,NC,ASO,EN,Combined TRACON& Tower with Radar,8,19,25,55,107,0,0,13,0,13,8,19,38,55,120,34,28,62,182
05/18/2005,FAY,NC,ASO,EN,Combined TRACON& Tower with Radar,9,17,21,32,79,0,0,40,0,40,9,17,61,32,119,78,58,136,255
05/19/2005,FAY,NC,ASO,EN,Combined TRACON& Tower with Radar,6,17,28,3,54,0,0,14,7,21,6,17,42,10,75,8,0,8,83
05/20/2005,FAY,NC,ASO,EN,Combined TRACON& Tower with Radar,8,14,20,3,45,0,0,2,0,2,8,14,22,3,47,0,10,10,57
05/21/2005,FAY,NC,ASO,EN,Combined TRACON& Tower with Radar,0,0,0,0,0,0,0,0,0,0,0,0,0,0,0,420,0,420,420
05/22/2005,FAY,NC,ASO,EN,Combined TRACON& Tower with Radar,6,20,18,0,44,0,2,30,0,32,6,22,48,0,76,34,0,34,110
05/23/2005,FAY,NC,ASO,EN,Combined TRACON& Tower with Radar,9,19,30,34,92,0,0,14,1,15,9,19,44,35,107,26,18,44,151
05/24/2005,FAY,NC,ASO,EN,Combined TRACON& Tower with Radar,10,15,38,25,88,0,0,16,4,20,10,15,54,29,108,24,44,68,176
05/25/2005,FAY,NC,ASO,EN,Combined TRACON& Tower with Radar,4,20,26,16,66,0,0,28,6,34,4,20,54,22,100,34,17,51,151
05/26/2005,FAY,NC,ASO,EN,Combined TRACON& Tower with Radar,6,20,32,10,68,0,0,37,5,42,6,20,69,15,110,12,6,18,128
05/27/2005,FAY,NC,ASO,EN,Combined TRACON& Tower with Radar,10,18,24,2,54,0,0,38,0,38,10,18,62,2,92,42,0,42,134
05/28/2005,FAY,NC,ASO,EN,Combined TRACON& Tower with Radar,0,0,0,0,0,0,0,0,0,0,0,0,0,0,0,18,2,20,20
05/29/2005,FAY,NC,ASO,EN,Combined TRACON& Tower with Radar,6,15,15,0,36,0,0,7,0,7,6,15,22,0,43,22,0,22,65
05/30/2005,FAY,NC,ASO,EN,Combined TRACON& Tower with Radar,4,15,30,4,53,0,0,8,0,8,4,15,38,4,61,6,0,6,67
05/31/2005,FAY,NC,ASO,EN,Combined TRACON& Tower with Radar,3,20,34,13,70,0,0,12,1,13,3,20,46,14,83,30,44,74,157
06/01/2005,FAY,NC,ASO,EN,Combined TRACON& Tower with Radar,7,17,25,19,68,0,0,4,2,6,7,17,29,21,74,6,12,18,92
06/02/2005,FAY,NC,ASO,EN,Combined TRACON& Tower with Radar,6,18,23,0,47,0,0,0,0,0,6,18,23,0,47,0,0,0,47
06/03/2005,FAY,NC,ASO,EN,Combined TRACON& Tower with Radar,5,24,15,3,47,0,0,1,3,4,5,24,16,6,51,0,4,4,55
06/04/2005,FAY,NC,ASO,EN,Combined TRACON& Tower with Radar,4,18,18,6,46,0,0,5,0,5,4,18,23,6,51,66,4,70,121
06/05/2005,FAY,NC,ASO,EN,Combined TRACON& Tower with Radar,5,21,38,0,64,0,0,21,0,21,5,21,59,0,85,36,0,36,121
06/06/2005,FAY,NC,ASO,EN,Combined TRACON& Tower with Radar,10,17,41,8,76,0,0,18,8,26,10,17,59,16,102,46,4,50,152
06/07/2005,FAY,NC,ASO,EN,Combined TRACON& Tower with Radar,4,22,28,9,63,0,1,14,1,16,4,23,42,10,79,12,16,28,107
06/08/2005,FAY,NC,ASO,EN,Combined TRACON& Tower with Radar,6,23,21,15,65,0,0,9,0,9,6,23,30,15,74,0,16,16,90
06/09/2005,FAY,NC,ASO,EN,Combined TRACON& Tower with Radar,6,18,37,14,75,0,0,6,0,6,6,18,43,14,81,10,62,72,153
06/10/2005,FAY,NC,ASO,EN,Combined TRACON& Tower with Radar,9,19,27,2,57,0,0,11,0,11,9,19,38,2,68,27,0,27,95
06/11/2005,FAY,NC,ASO,EN,Combined TRACON& Tower with Radar,4,30,8,8,50,0,0,16,2,18,4,30,24,10,68,62,4,66,134
06/12/2005,FAY,NC,ASO,EN,Combined TRACON& Tower with Radar,5,22,15,0,42,4,16,383,20,423,9,38,398,20,465,0,0,0,465
06/13/2005,FAY,NC,ASO,EN,Combined TRACON& Tower with Radar,7,19,26,2,54,0,0,10,0,10,7,19,36,2,64,0,0,0,64
06/14/2005,FAY,NC,ASO,EN,Combined TRACON& Tower with Radar,5,20,20,3,48,0,0,21,1,22,5,20,41,4,70,12,0,12,82
06/15/2005,FAY,NC,ASO,EN,Combined TRACON& Tower with Radar,6,27,22,3,58,0,0,11,2,13,6,27,33,5,71,12,14,26,97
06/16/2005,FAY,NC,ASO,EN,Combined TRACON& Tower with Radar,4,28,20,0,52,0,0,23,0,23,4,28,43,0,75,22,0,22,97
06/17/2005,FAY,NC,ASO,EN,Combined TRACON& Tower with Radar,6,23,33,6,68,0,0,22,0,22,6,23,55,6,90,10,6,16,106
06/18/2005,FAY,NC,ASO,EN,Combined TRACON& Tower with Radar,0,0,0,0,0,0,0,0,0,0,0,0,0,0,0,14,0,14,14
06/19/2005,FAY,NC,ASO,EN,Combined TRACON& Tower with Radar,9,23,19,0,51,4,0,2,0,6,13,23,21,0,57,0,0,0,57
06/20/2005,FAY,NC,ASO,EN,Combined TRACON& Tower with Radar,8,23,18,0,49,0,0,27,0,27,8,23,45,0,76,26,0,26,102
06/21/2005,FAY,NC,ASO,EN,Combined TRACON& Tower with Radar,4,22,16,6,48,0,0,36,0,36,4,22,52,6,84,22,8,30,114
06/22/2005,FAY,NC,ASO,EN,Combined TRACON& Tower with Radar,6,20,23,13,62,0,0,28,3,31,6,20,51,16,93,8,4,12,105
06/23/2005,FAY,NC,ASO,EN,Combined TRACON& Tower with Radar,5,21,27,5,58,0,0,28,2,30,5,21,55,7,88,16,10,26,114
06/24/2005,FAY,NC,ASO,EN,Combined TRACON& Tower with Radar,6,20,36,0,62,0,0,0,0,0,6,20,36,0,62,14,0,14,76
06/25/2005,FAY,NC,ASO,EN,Combined TRACON& Tower with Radar,4,28,25,2,59,0,0,12,0,12,4,28,37,2,71,52,0,52,123
06/26/2005,FAY,NC,ASO,EN,Combined TRACON& Tower with Radar,3,20,22,2,47,0,0,11,0,11,3,20,33,2,58,10,0,10,68
06/27/2005,FAY,NC,ASO,EN,Combined TRACON& Tower with Radar,4,24,30,2,60,0,0,11,0,11,4,24,41,2,71,14,0,14,85
06/28/2005,FAY,NC,ASO,EN,Combined TRACON& Tower with Radar,4,25,24,1,54,0,0,3,1,4,4,25,27,2,58,0,0,0,58
06/29/2005,FAY,NC,ASO,EN,Combined TRACON& Tower with Radar,10,18,29,2,59,0,0,6,0,6,10,18,35,2,65,0,18,18,83
06/30/2005,FAY,NC,ASO,EN,Combined TRACON& Tower with Radar,8,20,33,8,69,0,0,22,0,22,8,20,55,8,91,20,12,32,123
07/01/2005,FAY,NC,ASO,EN,Combined TRACON& Tower with Radar,6,16,31,0,53,0,0,18,0,18,6,16,49,0,71,32,4,36,107
07/02/2005,FAY,NC,ASO,EN,Combined TRACON& Tower with Radar,5,25,17,2,49,0,0,19,1,20,5,25,36,3,69,62,0,62,131
07/03/2005,FAY,NC,ASO,EN,Combined TRACON& Tower with Radar,7,18,19,0,44,0,0,4,0,4,7,18,23,0,48,0,0,0,48
07/04/2005,FAY,NC,ASO,EN,Combined TRACON& Tower with Radar,4,21,11,0,36,0,0,3,0,3,4,21,14,0,39,10,0,10,49
07/05/2005,FAY,NC,ASO,EN,Combined TRACON& Tower with Radar,3,30,34,0,67,0,0,6,0,6,3,30,40,0,73,0,0,0,73
07/06/2005,FAY,NC,ASO,EN,Combined TRACON& Tower with Radar,6,22,22,10,60,0,0,30,1,31,6,22,52,11,91,24,10,34,125
07/07/2005,FAY,NC,ASO,EN,Combined TRACON& Tower with Radar,4,24,21,11,60,0,0,12,1,13,4,24,33,12,73,6,0,6,79
07/08/2005,FAY,NC,ASO,EN,Combined TRACON& Tower with Radar,8,23,32,11,74,0,0,19,0,19,8,23,51,11,93,26,48,74,167
07/09/2005,FAY,NC,ASO,EN,Combined TRACON& Tower with Radar,5,23,15,0,43,0,0,25,0,25,5,23,40,0,68,2,0,2,70
07/10/2005,FAY,NC,ASO,EN,Combined TRACON& Tower with Radar,2,18,14,2,36,0,0,17,0,17,2,18,31,2,53,6,0,6,59
07/11/2005,FAY,NC,ASO,EN,Combined TRACON& Tower with Radar,14,14,24,10,62,0,0,8,0,8,14,14,32,10,70,0,28,28,98
07/12/2005,FAY,NC,ASO,EN,Combined TRACON& Tower with Radar,9,18,36,4,67,0,0,10,0,10,9,18,46,4,77,12,0,12,89
07/13/2005,FAY,NC,ASO,EN,Combined TRACON& Tower with Radar,11,14,12,0,37,0,0,0,0,0,11,14,12,0,37,32,0,32,69
07/14/2005,FAY,NC,ASO,EN,Combined TRACON& Tower with Radar,8,27,24,5,64,0,2,5,0,7,8,29,29,5,71,0,0,0,71
07/15/2005,FAY,NC,ASO,EN,Combined TRACON& Tower with Radar,4,22,18,3,47,0,0,22,0,22,4,22,40,3,69,20,0,20,89
07/16/2005,FAY,NC,ASO,EN,Combined TRACON& Tower with Radar,0,0,0,0,0,0,0,0,0,0,0,0,0,0,0,0,0,0,0
07/17/2005,FAY,NC,ASO,EN,Combined TRACON& Tower with Radar,7,26,12,0,45,0,0,10,0,10,7,26,22,0,55,8,0,8,63
07/18/2005,FAY,NC,ASO,EN,Combined TRACON& Tower with Radar,4,24,17,15,60,0,0,22,0,22,4,24,39,15,82,30,36,66,148
07/19/2005,FAY,NC,ASO,EN,Combined TRACON& Tower with Radar,4,24,24,6,58,0,0,14,0,14,4,24,38,6,72,12,0,12,84
07/20/2005,FAY,NC,ASO,EN,Combined TRACON& Tower with Radar,4,24,23,12,63,0,0,17,4,21,4,24,40,16,84,22,6,28,112
07/21/2005,FAY,NC,ASO,EN,Combined TRACON& Tower with Radar,4,20,46,5,75,0,0,20,0,20,4,20,66,5,95,12,2,14,109
07/22/2005,FAY,NC,ASO,EN,Combined TRACON& Tower with Radar,10,18,29,12,69,0,0,15,0,15,10,18,44,12,84,24,18,42,126
07/23/2005,FAY,NC,ASO,EN,Combined TRACON& Tower with Radar,0,0,0,0,0,0,0,0,0,0,0,0,0,0,0,70,0,70,70
07/24/2005,FAY,NC,ASO,EN,Combined TRACON& Tower with Radar,6,22,30,0,58,0,0,31,0,31,6,22,61,0,89,6,0,6,95
07/25/2005,FAY,NC,ASO,EN,Combined TRACON& Tower with Radar,4,23,19,17,63,0,0,20,3,23,4,23,39,20,86,66,10,76,162
07/26/2005,FAY,NC,ASO,EN,Combined TRACON& Tower with Radar,4,26,22,17,69,0,0,21,24,45,4,26,43,41,114,48,36,84,198
07/27/2005,FAY,NC,ASO,EN,Combined TRACON& Tower with Radar,6,18,15,17,56,0,0,7,1,8,6,18,22,18,64,32,10,42,106
07/28/2005,FAY,NC,ASO,EN,Combined TRACON& Tower with Radar,6,19,24,21,70,0,0,16,2,18,6,19,40,23,88,64,8,72,160
07/29/2005,FAY,NC,ASO,EN,Combined TRACON& Tower with Radar,6,18,20,0,44,0,0,2,0,2,6,18,22,0,46,0,6,6,52
07/30/2005,FAY,NC,ASO,EN,Combined TRACON& Tower with Radar,0,0,0,0,0,0,0,0,0,0,0,0,0,0,0,36,6,42,42
07/31/2005,FAY,NC,ASO,EN,Combined TRACON& Tower with Radar,7,23,26,0,56,0,0,0,0,0,7,23,26,0,56,8,2,10,66
08/01/2005,FAY,NC,ASO,EN,Combined TRACON& Tower with Radar,4,22,27,15,68,0,0,13,1,14,4,22,40,16,82,46,38,84,166
08/02/2005,FAY,NC,ASO,EN,Combined TRACON& Tower with Radar,5,26,29,28,88,2,33,243,156,434,7,59,272,184,522,26,34,60,582
08/03/2005,FAY,NC,ASO,EN,Combined TRACON& Tower with Radar,12,16,24,10,62,0,0,20,0,20,12,16,44,10,82,4,2,6,88
08/04/2005,FAY,NC,ASO,EN,Combined TRACON& Tower with Radar,6,21,27,16,70,0,1,20,55,76,6,22,47,71,146,13,14,27,173
08/05/2005,FAY,NC,ASO,EN,Combined TRACON& Tower with Radar,10,18,26,4,58,0,0,24,8,32,10,18,50,12,90,22,6,28,118
08/06/2005,FAY,NC,ASO,EN,Combined TRACON& Tower with Radar,0,0,0,0,0,0,0,0,0,0,0,0,0,0,0,56,0,56,56
08/07/2005,FAY,NC,ASO,EN,Combined TRACON& Tower with Radar,5,23,16,0,44,0,0,14,0,14,5,23,30,0,58,56,0,56,114
08/08/2005,FAY,NC,ASO,EN,Combined TRACON& Tower with Radar,3,24,23,6,56,0,0,10,0,10,3,24,33,6,66,0,0,0,66
08/09/2005,FAY,NC,ASO,EN,Combined TRACON& Tower with Radar,4,23,24,4,55,0,0,2,2,4,4,23,26,6,59,0,0,0,59
08/10/2005,FAY,NC,ASO,EN,Combined TRACON& Tower with Radar,0,0,0,0,0,0,0,0,0,0,0,0,0,0,0,0,0,0,0
08/11/2005,FAY,NC,ASO,EN,Combined TRACON& Tower with Radar,7,20,33,7,67,0,0,14,1,15,7,20,47,8,82,0,12,12,94
08/12/2005,FAY,NC,ASO,EN,Combined TRACON& Tower with Radar,6,23,27,2,58,0,0,26,0,26,6,23,53,2,84,64,12,76,160
08/13/2005,FAY,NC,ASO,EN,Combined TRACON& Tower with Radar,0,0,0,0,0,0,0,0,0,0,0,0,0,0,0,28,0,28,28
08/14/2005,FAY,NC,ASO,EN,Combined TRACON& Tower with Radar,6,24,17,0,47,0,2,4,0,6,6,26,21,0,53,54,0,54,107
08/15/2005,FAY,NC,ASO,EN,Combined TRACON& Tower with Radar,4,25,15,10,54,0,1,22,3,26,4,26,37,13,80,18,10,28,108
08/16/2005,FAY,NC,ASO,EN,Combined TRACON& Tower with Radar,4,24,43,22,93,0,0,16,4,20,4,24,59,26,113,8,66,74,187
08/17/2005,FAY,NC,ASO,EN,Combined TRACON& Tower with Radar,6,25,40,8,79,0,0,11,1,12,6,25,51,9,91,30,10,40,131
08/18/2005,FAY,NC,ASO,EN,Combined TRACON& Tower with Radar,8,24,31,34,97,0,0,8,5,13,8,24,39,39,110,0,24,24,134
08/19/2005,FAY,NC,ASO,EN,Combined TRACON& Tower with Radar,6,25,35,9,75,0,0,16,0,16,6,25,51,9,91,102,11,113,204
08/20/2005,FAY,NC,ASO,EN,Combined TRACON& Tower with Radar,7,21,12,2,42,0,0,14,1,15,7,21,26,3,57,74,0,74,131
08/21/2005,FAY,NC,ASO,EN,Combined TRACON& Tower with Radar,13,20,20,2,55,0,0,23,0,23,13,20,43,2,78,60,0,60,138
08/22/2005,FAY,NC,ASO,EN,Combined TRACON& Tower with Radar,6,20,36,7,69,0,0,22,1,23,6,20,58,8,92,56,6,62,154
08/23/2005,FAY,NC,ASO,EN,Combined TRACON& Tower with Radar,4,27,39,12,82,0,0,7,4,11,4,27,46,16,93,22,6,28,121
08/24/2005,FAY,NC,ASO,EN,Combined TRACON& Tower with Radar,2,5,8,9,24,11,59,228,198,496,13,64,236,207,520,18,16,34,554
08/25/2005,FAY,NC,ASO,EN,Combined TRACON& Tower with Radar,6,22,23,9,60,0,0,24,2,26,6,22,47,11,86,8,56,64,150
08/26/2005,FAY,NC,ASO,EN,Combined TRACON& Tower with Radar,1,25,24,5,55,0,0,31,3,34,1,25,55,8,89,34,16,50,139
08/27/2005,FAY,NC,ASO,EN,Combined TRACON& Tower with Radar,0,0,0,0,0,0,0,0,0,0,0,0,0,0,0,80,2,82,82
08/28/2005,FAY,NC,ASO,EN,Combined TRACON& Tower with Radar,1,23,25,0,49,0,0,23,0,23,1,23,48,0,72,66,0,66,138
08/29/2005,FAY,NC,ASO,EN,Combined TRACON& Tower with Radar,1,23,22,12,58,0,0,11,1,12,1,23,33,13,70,12,32,44,114
08/30/2005,FAY,NC,ASO,EN,Combined TRACON& Tower with Radar,4,22,20,18,64,0,0,6,2,8,4,22,26,20,72,18,22,40,112
08/31/2005,FAY,NC,ASO,EN,Combined TRACON& Tower with Radar,4,22,28,2,56,0,0,16,0,16,4,22,44,2,72,23,0,23,95
09/01/2005,FAY,NC,ASO,EN,Combined TRACON& Tower with Radar,5,20,21,4,50,0,0,19,0,19,5,20,40,4,69,16,0,16,85
09/02/2005,FAY,NC,ASO,EN,Combined TRACON& Tower with Radar,12,19,23,0,54,0,0,42,0,42,12,19,65,0,96,2,4,6,102
09/03/2005,FAY,NC,ASO,EN,Combined TRACON& Tower with Radar,5,22,15,0,42,0,0,28,0,28,5,22,43,0,70,66,0,66,136
09/04/2005,FAY,NC,ASO,EN,Combined TRACON& Tower with Radar,3,20,6,0,29,0,0,16,0,16,3,20,22,0,45,44,0,44,89
09/05/2005,FAY,NC,ASO,EN,Combined TRACON& Tower with Radar,4,23,16,0,43,0,0,18,0,18,4,23,34,0,61,0,0,0,61
09/06/2005,FAY,NC,ASO,EN,Combined TRACON& Tower with Radar,4,23,33,19,79,0,0,18,0,18,4,23,51,19,97,24,54,78,175
09/07/2005,FAY,NC,ASO,EN,Combined TRACON& Tower with Radar,12,17,19,25,73,0,0,21,4,25,12,17,40,29,98,24,40,64,162
09/08/2005,FAY,NC,ASO,EN,Combined TRACON& Tower with Radar,5,24,44,9,82,0,1,27,2,30,5,25,71,11,112,36,0,36,148
09/09/2005,FAY,NC,ASO,EN,Combined TRACON& Tower with Radar,5,20,25,2,52,0,0,19,0,19,5,20,44,2,71,8,0,8,79
09/10/2005,FAY,NC,ASO,EN,Combined TRACON& Tower with Radar,4,20,21,0,45,0,0,15,0,15,4,20,36,0,60,50,0,50,110
09/11/2005,FAY,NC,ASO,EN,Combined TRACON& Tower with Radar,5,19,20,0,44,0,0,10,0,10,5,19,30,0,54,62,0,62,116
09/12/2005,FAY,NC,ASO,EN,Combined TRACON& Tower with Radar,3,21,22,7,53,0,0,5,0,5,3,21,27,7,58,10,8,18,76
09/13/2005,FAY,NC,ASO,EN,Combined TRACON& Tower with Radar,2,25,24,0,51,0,0,0,0,0,2,25,24,0,51,0,0,0,51
09/14/2005,FAY,NC,ASO,EN,Combined TRACON& Tower with Radar,7,16,8,0,31,0,0,0,0,0,7,16,8,0,31,0,0,0,31
09/15/2005,FAY,NC,ASO,EN,Combined TRACON& Tower with Radar,3,24,18,17,62,0,0,22,0,22,3,24,40,17,84,2,2,4,88
09/16/2005,FAY,NC,ASO,EN,Combined TRACON& Tower with Radar,8,22,38,13,81,0,0,31,2,33,8,22,69,15,114,102,16,118,232
09/17/2005,FAY,NC,ASO,EN,Combined TRACON& Tower with Radar,5,19,9,0,33,0,0,30,1,31,5,19,39,1,64,190,0,190,254
09/18/2005,FAY,NC,ASO,EN,Combined TRACON& Tower with Radar,7,19,19,0,45,0,1,33,2,36,7,20,52,2,81,134,0,134,215
09/19/2005,FAY,NC,ASO,EN,Combined TRACON& Tower with Radar,3,20,35,8,66,0,0,8,0,8,3,20,43,8,74,30,6,36,110
09/20/2005,FAY,NC,ASO,EN,Combined TRACON& Tower with Radar,4,24,26,0,54,0,0,16,0,16,4,24,42,0,70,70,0,70,140
09/21/2005,FAY,NC,ASO,EN,Combined TRACON& Tower with Radar,6,18,34,4,62,0,0,18,0,18,6,18,52,4,80,118,2,120,200
09/22/2005,FAY,NC,ASO,EN,Combined TRACON& Tower with Radar,4,23,33,0,60,0,1,25,0,26,4,24,58,0,86,64,0,64,150
09/23/2005,FAY,NC,ASO,EN,Combined TRACON& Tower with Radar,0,0,0,0,0,0,0,0,0,0,0,0,0,0,0,119,0,119,119
09/24/2005,FAY,NC,ASO,EN,Combined TRACON& Tower with Radar,7,17,6,0,30,0,0,15,0,15,7,17,21,0,45,216,0,216,261
09/25/2005,FAY,NC,ASO,EN,Combined TRACON& Tower with Radar,6,16,26,2,50,0,0,12,0,12,6,16,38,2,62,4,0,4,66
09/26/2005,FAY,NC,ASO,EN,Combined TRACON& Tower with Radar,6,21,30,17,74,0,0,14,2,16,6,21,44,19,90,40,30,70,160
09/27/2005,FAY,NC,ASO,EN,Combined TRACON& Tower with Radar,4,19,27,5,55,0,0,23,1,24,4,19,50,6,79,12,0,12,91
09/28/2005,FAY,NC,ASO,EN,Combined TRACON& Tower with Radar,8,16,26,7,57,0,0,42,1,43,8,16,68,8,100,28,2,30,130
09/29/2005,FAY,NC,ASO,EN,Combined TRACON& Tower with Radar,6,18,23,21,68,0,0,18,3,21,6,18,41,24,89,22,20,42,131
09/30/2005,FAY,NC,ASO,EN,Combined TRACON& Tower with Radar,8,16,22,8,54,0,2,19,1,22,8,18,41,9,76,29,10,39,115
10/01/2005,FAY,NC,ASO,EN,Combined TRACON& Tower with Radar,0,0,0,0,0,0,0,0,0,0,0,0,0,0,0,72,0,72,72
10/02/2005,FAY,NC,ASO,EN,Combined TRACON& Tower with Radar,8,14,29,1,52,0,0,14,0,14,8,14,43,1,66,60,0,60,126
10/03/2005,FAY,NC,ASO,EN,Combined TRACON& Tower with Radar,5,18,25,9,57,0,0,5,4,9,5,18,30,13,66,20,12,32,98
10/04/2005,FAY,NC,ASO,EN,Combined TRACON& Tower with Radar,4,20,25,23,72,0,0,10,1,11,4,20,35,24,83,14,10,24,107
10/05/2005,FAY,NC,ASO,EN,Combined TRACON& Tower with Radar,8,18,28,4,58,0,0,1,1,2,8,18,29,5,60,0,0,0,60
10/06/2005,FAY,NC,ASO,EN,Combined TRACON& Tower with Radar,6,18,36,23,83,0,0,0,0,0,6,18,36,23,83,0,0,0,83
10/07/2005,FAY,NC,ASO,EN,Combined TRACON& Tower with Radar,11,12,18,16,57,0,0,0,0,0,11,12,18,16,57,4,0,4,61
10/08/2005,FAY,NC,ASO,EN,Combined TRACON& Tower with Radar,3,21,17,0,41,0,0,0,0,0,3,21,17,0,41,0,0,0,41
10/09/2005,FAY,NC,ASO,EN,Combined TRACON& Tower with Radar,5,20,10,0,35,0,0,0,0,0,5,20,10,0,35,0,0,0,35
10/10/2005,FAY,NC,ASO,EN,Combined TRACON& Tower with Radar,5,20,15,0,40,0,0,0,0,0,5,20,15,0,40,0,0,0,40
10/11/2005,FAY,NC,ASO,EN,Combined TRACON& Tower with Radar,2,22,27,2,53,0,0,0,0,0,2,22,27,2,53,0,0,0,53
10/12/2005,FAY,NC,ASO,EN,Combined TRACON& Tower with Radar,6,21,41,14,82,0,0,4,0,4,6,21,45,14,86,0,0,0,86
10/13/2005,FAY,NC,ASO,EN,Combined TRACON& Tower with Radar,5,22,39,51,117,0,0,20,1,21,5,22,59,52,138,48,38,86,224
10/14/2005,FAY,NC,ASO,EN,Combined TRACON& Tower with Radar,4,23,48,10,85,0,0,25,0,25,4,23,73,10,110,43,58,101,211
10/15/2005,FAY,NC,ASO,EN,Combined TRACON& Tower with Radar,5,20,18,3,46,0,0,35,0,35,5,20,53,3,81,62,0,62,143
10/16/2005,FAY,NC,ASO,EN,Combined TRACON& Tower with Radar,6,18,15,0,39,0,0,42,1,43,6,18,57,1,82,92,0,92,174
10/17/2005,FAY,NC,ASO,EN,Combined TRACON& Tower with Radar,4,22,25,7,58,0,0,16,2,18,4,22,41,9,76,30,0,30,106
10/18/2005,FAY,NC,ASO,EN,Combined TRACON& Tower with Radar,3,24,21,21,69,0,0,27,7,34,3,24,48,28,103,40,56,96,199
10/19/2005,FAY,NC,ASO,EN,Combined TRACON& Tower with Radar,4,22,43,18,87,0,0,37,0,37,4,22,80,18,124,62,28,90,214
10/20/2005,FAY,NC,ASO,EN,Combined TRACON& Tower with Radar,4,24,38,15,81,0,0,30,3,33,4,24,68,18,114,18,6,24,138
10/21/2005,FAY,NC,ASO,EN,Combined TRACON& Tower with Radar,0,0,0,0,0,12,69,323,133,537,12,69,323,133,537,32,0,32,569
10/22/2005,FAY,NC,ASO,EN,Combined TRACON& Tower with Radar,0,0,0,0,0,6,46,267,20,339,6,46,267,20,339,52,0,52,391
10/23/2005,FAY,NC,ASO,EN,Combined TRACON& Tower with Radar,4,23,11,0,38,0,0,18,0,18,4,23,29,0,56,72,0,72,128
10/24/2005,FAY,NC,ASO,EN,Combined TRACON& Tower with Radar,9,16,16,9,50,0,0,4,0,4,9,16,20,9,54,36,42,78,132
10/25/2005,FAY,NC,ASO,EN,Combined TRACON& Tower with Radar,2,25,24,25,76,0,0,16,2,18,2,25,40,27,94,0,38,38,132
10/26/2005,FAY,NC,ASO,EN,Combined TRACON& Tower with Radar,4,22,23,10,59,0,0,19,1,20,4,22,42,11,79,52,4,56,135
10/27/2005,FAY,NC,ASO,EN,Combined TRACON& Tower with Radar,2,23,21,0,46,0,0,24,1,25,2,23,45,1,71,24,0,24,95
10/28/2005,FAY,NC,ASO,EN,Combined TRACON& Tower with Radar,2,24,25,25,76,0,0,29,15,44,2,24,54,40,120,32,40,72,192
10/29/2005,FAY,NC,ASO,EN,Combined TRACON& Tower with Radar,2,18,10,0,30,0,0,29,0,29,2,18,39,0,59,56,0,56,115
10/30/2005,FAY,NC,ASO,EN,Combined TRACON& Tower with Radar,4,19,25,2,50,0,0,37,0,37,4,19,62,2,87,82,0,82,169
10/31/2005,FAY,NC,ASO,EN,Combined TRACON& Tower with Radar,3,23,20,13,59,0,0,20,1,21,3,23,40,14,80,66,16,82,162
11/01/2005,FAY,NC,ASO,EN,Combined TRACON& Tower with Radar,2,24,23,20,69,0,0,21,3,24,2,24,44,23,93,2,20,22,115
11/02/2005,FAY,NC,ASO,EN,Combined TRACON& Tower with Radar,4,24,32,22,82,0,0,14,7,21,4,24,46,29,103,4,60,64,167
11/03/2005,FAY,NC,ASO,EN,Combined TRACON& Tower with Radar,4,22,33,4,63,0,0,32,0,32,4,22,65,4,95,58,16,74,169
11/04/2005,FAY,NC,ASO,EN,Combined TRACON& Tower with Radar,4,22,27,11,64,0,0,29,10,39,4,22,56,21,103,54,50,104,207
11/05/2005,FAY,NC,ASO,EN,Combined TRACON& Tower with Radar,0,0,0,0,0,0,0,0,0,0,0,0,0,0,0,52,0,52,52
11/06/2005,FAY,NC,ASO,EN,Combined TRACON& Tower with Radar,4,20,18,6,48,0,1,24,3,28,4,21,42,9,76,90,0,90,166
11/07/2005,FAY,NC,ASO,EN,Combined TRACON& Tower with Radar,2,24,35,12,73,0,0,25,0,25,2,24,60,12,98,38,12,50,148
11/08/2005,FAY,NC,ASO,EN,Combined TRACON& Tower with Radar,2,26,41,12,81,0,0,25,1,26,2,26,66,13,107,152,0,152,259
11/09/2005,FAY,NC,ASO,EN,Combined TRACON& Tower with Radar,4,24,25,3,56,0,1,22,0,23,4,25,47,3,79,42,4,46,125
11/10/2005,FAY,NC,ASO,EN,Combined TRACON& Tower with Radar,4,19,39,6,68,0,0,18,4,22,4,19,57,10,90,4,0,4,94
11/11/2005,FAY,NC,ASO,EN,Combined TRACON& Tower with Radar,5,21,14,0,40,0,6,26,0,32,5,27,40,0,72,78,0,78,150
11/12/2005,FAY,NC,ASO,EN,Combined TRACON& Tower with Radar,2,19,15,7,43,0,0,38,0,38,2,19,53,7,81,100,0,100,181
11/13/2005,FAY,NC,ASO,EN,Combined TRACON& Tower with Radar,4,16,23,1,44,0,0,19,0,19,4,16,42,1,63,88,2,90,153
11/14/2005,FAY,NC,ASO,EN,Combined TRACON& Tower with Radar,6,19,24,40,89,0,0,0,0,0,6,19,24,40,89,50,72,122,211
11/15/2005,FAY,NC,ASO,EN,Combined TRACON& Tower with Radar,4,22,31,11,68,0,0,13,1,14,4,22,44,12,82,22,22,44,126
11/16/2005,FAY,NC,ASO,EN,Combined TRACON& Tower with Radar,4,18,36,40,98,0,0,7,0,7,4,18,43,40,105,4,24,28,133
11/17/2005,FAY,NC,ASO,EN,Combined TRACON& Tower with Radar,0,24,34,24,82,0,0,30,2,32,0,24,64,26,114,36,40,76,190
11/18/2005,FAY,NC,ASO,EN,Combined TRACON& Tower with Radar,6,18,25,4,53,0,0,43,1,44,6,18,68,5,97,32,12,44,141
11/19/2005,FAY,NC,ASO,EN,Combined TRACON& Tower with Radar,0,0,0,0,0,0,0,0,0,0,0,0,0,0,0,88,0,88,88
11/20/2005,FAY,NC,ASO,EN,Combined TRACON& Tower with Radar,11,14,21,0,46,0,0,6,0,6,11,14,27,0,52,20,0,20,72
11/21/2005,FAY,NC,ASO,EN,Combined TRACON& Tower with Radar,4,21,30,12,67,0,0,0,0,0,4,21,30,12,67,0,0,0,67
11/22/2005,FAY,NC,ASO,EN,Combined TRACON& Tower with Radar,9,17,17,11,54,0,0,15,9,24,9,17,32,20,78,6,24,30,108
11/23/2005,FAY,NC,ASO,EN,Combined TRACON& Tower with Radar,4,22,35,2,63,0,0,22,0,22,4,22,57,2,85,18,14,32,117
11/24/2005,FAY,NC,ASO,EN,Combined TRACON& Tower with Radar,3,16,5,0,24,0,0,9,0,9,3,16,14,0,33,0,0,0,33
11/25/2005,FAY,NC,ASO,EN,Combined TRACON& Tower with Radar,4,26,9,0,39,0,0,16,0,16,4,26,25,0,55,24,0,24,79
11/26/2005,FAY,NC,ASO,EN,Combined TRACON& Tower with Radar,4,19,13,0,36,0,0,26,0,26,4,19,39,0,62,62,0,62,124
11/27/2005,FAY,NC,ASO,EN,Combined TRACON& Tower with Radar,5,17,24,0,46,0,0,3,0,3,5,17,27,0,49,0,0,0,49
11/28/2005,FAY,NC,ASO,EN,Combined TRACON& Tower with Radar,4,20,20,26,70,0,0,0,0,0,4,20,20,26,70,6,26,32,102
11/29/2005,FAY,NC,ASO,EN,Combined TRACON& Tower with Radar,4,20,26,14,64,0,0,0,0,0,4,20,26,14,64,0,0,0,64
11/30/2005,FAY,NC,ASO,EN,Combined TRACON& Tower with Radar,4,20,51,37,112,0,0,39,0,39,4,20,90,37,151,42,36,78,229
12/01/2005,FAY,NC,ASO,EN,Combined TRACON& Tower with Radar,6,17,39,7,69,0,0,38,2,40,6,17,77,9,109,84,0,84,193
12/02/2005,FAY,NC,ASO,EN,Combined TRACON& Tower with Radar,3,22,13,8,46,0,0,25,2,27,3,22,38,10,73,72,48,120,193
12/03/2005,FAY,NC,ASO,EN,Combined TRACON& Tower with Radar,0,0,0,0,0,0,0,0,0,0,0,0,0,0,0,86,26,112,112
12/04/2005,FAY,NC,ASO,EN,Combined TRACON& Tower with Radar,5,18,22,0,45,0,0,5,0,5,5,18,27,0,50,24,0,24,74
12/05/2005,FAY,NC,ASO,EN,Combined TRACON& Tower with Radar,4,26,21,5,56,0,0,0,0,0,4,26,21,5,56,0,0,0,56
12/06/2005,FAY,NC,ASO,EN,Combined TRACON& Tower with Radar,4,20,41,30,95,0,0,16,1,17,4,20,57,31,112,46,44,90,202
12/07/2005,FAY,NC,ASO,EN,Combined TRACON& Tower with Radar,10,25,29,32,96,0,0,26,0,26,10,25,55,32,122,32,26,58,180
12/08/2005,FAY,NC,ASO,EN,Combined TRACON& Tower with Radar,5,17,15,5,42,0,0,26,0,26,5,17,41,5,68,34,0,34,102
12/09/2005,FAY,NC,ASO,EN,Combined TRACON& Tower with Radar,3,20,23,4,50,0,0,12,0,12,3,20,35,4,62,30,0,30,92
12/10/2005,FAY,NC,ASO,EN,Combined TRACON& Tower with Radar,0,0,0,0,0,0,0,0,0,0,0,0,0,0,0,132,0,132,132
12/11/2005,FAY,NC,ASO,EN,Combined TRACON& Tower with Radar,5,18,14,0,37,2,12,220,20,254,7,30,234,20,291,52,0,52,343
12/12/2005,FAY,NC,ASO,EN,Combined TRACON& Tower with Radar,1,24,26,13,64,0,0,17,1,18,1,24,43,14,82,4,10,14,96
12/13/2005,FAY,NC,ASO,EN,Combined TRACON& Tower with Radar,6,27,32,3,68,0,0,26,1,27,6,27,58,4,95,14,10,24,119
12/14/2005,FAY,NC,ASO,EN,Combined TRACON& Tower with Radar,2,17,33,8,60,0,0,32,0,32,2,17,65,8,92,56,10,66,158
12/15/2005,FAY,NC,ASO,EN,Combined TRACON& Tower with Radar,2,18,7,2,29,0,0,0,0,0,2,18,7,2,29,0,0,0,29
12/16/2005,FAY,NC,ASO,EN,Combined TRACON& Tower with Radar,8,22,35,10,75,0,0,42,2,44,8,22,77,12,119,72,8,80,199
12/17/2005,FAY,NC,ASO,EN,Combined TRACON& Tower with Radar,1,28,14,0,43,0,0,31,0,31,1,28,45,0,74,64,0,64,138
12/18/2005,FAY,NC,ASO,EN,Combined TRACON& Tower with Radar,6,17,16,0,39,0,0,9,0,9,6,17,25,0,48,0,0,0,48
12/19/2005,FAY,NC,ASO,EN,Combined TRACON& Tower with Radar,0,0,0,0,0,5,49,203,231,488,5,49,203,231,488,22,18,40,528
12/20/2005,FAY,NC,ASO,EN,Combined TRACON& Tower with Radar,6,28,36,6,76,0,1,29,2,32,6,29,65,8,108,43,30,73,181
12/21/2005,FAY,NC,ASO,EN,Combined TRACON& Tower with Radar,6,23,32,5,66,0,0,43,3,46,6,23,75,8,112,54,0,54,166
12/22/2005,FAY,NC,ASO,EN,Combined TRACON& Tower with Radar,4,25,15,0,44,0,0,34,1,35,4,25,49,1,79,40,12,52,131
12/23/2005,FAY,NC,ASO,EN,Combined TRACON& Tower with Radar,8,21,12,0,41,0,0,28,0,28,8,21,40,0,69,28,0,28,97
12/24/2005,FAY,NC,ASO,EN,Combined TRACON& Tower with Radar,0,0,0,0,0,0,0,0,0,0,0,0,0,0,0,0,0,0,0
12/25/2005,FAY,NC,ASO,EN,Combined TRACON& Tower with Radar,4,14,2,0,20,0,0,1,0,1,4,14,3,0,21,0,0,0,21
12/26/2005,FAY,NC,ASO,EN,Combined TRACON& Tower with Radar,3,24,11,0,38,0,0,24,0,24,3,24,35,0,62,14,0,14,76
12/27/2005,FAY,NC,ASO,EN,Combined TRACON& Tower with Radar,3,27,10,0,40,0,0,21,0,21,3,27,31,0,61,6,0,6,67
12/28/2005,FAY,NC,ASO,EN,Combined TRACON& Tower with Radar,4,25,15,2,46,0,0,11,5,16,4,25,26,7,62,4,20,24,86
12/29/2005,FAY,NC,ASO,EN,Combined TRACON& Tower with Radar,2,27,23,0,52,0,0,5,0,5,2,27,28,0,57,72,0,72,129
12/30/2005,FAY,NC,ASO,EN,Combined TRACON& Tower with Radar,3,22,28,0,53,0,0,41,0,41,3,22,69,0,94,0,0,0,94
12/31/2005,FAY,NC,ASO,EN,Combined TRACON& Tower with Radar,0,0,0,0,0,0,0,0,0,0,0,0,0,0,0,70,0,70,70
01/01/2006,FAY,NC,ASO,EN,Combined TRACON& Tower with Radar,4,13,14,0,31,0,0,24,0,24,4,13,38,0,55,100,0,100,155
01/02/2006,FAY,NC,ASO,EN,Combined TRACON& Tower with Radar,4,22,10,0,36,0,0,0,0,0,4,22,10,0,36,0,0,0,36
01/03/2006,FAY,NC,ASO,EN,Combined TRACON& Tower with Radar,12,18,24,3,57,0,0,7,2,9,12,18,31,5,66,54,2,56,122
01/04/2006,FAY,NC,ASO,EN,Combined TRACON& Tower with Radar,2,20,39,14,75,0,0,8,0,8,2,20,47,14,83,0,8,8,91
01/05/2006,FAY,NC,ASO,EN,Combined TRACON& Tower with Radar,6,20,25,8,59,0,0,24,1,25,6,20,49,9,84,71,6,77,161
01/06/2006,FAY,NC,ASO,EN,Combined TRACON& Tower with Radar,6,24,19,20,69,0,0,14,1,15,6,24,33,21,84,2,12,14,98
01/07/2006,FAY,NC,ASO,EN,Combined TRACON& Tower with Radar,5,17,24,0,46,0,0,34,0,34,5,17,58,0,80,24,0,24,104
01/08/2006,FAY,NC,ASO,EN,Combined TRACON& Tower with Radar,5,15,6,0,26,0,0,31,0,31,5,15,37,0,57,32,0,32,89
01/09/2006,FAY,NC,ASO,EN,Combined TRACON& Tower with Radar,4,20,23,11,58,0,0,22,0,22,4,20,45,11,80,10,4,14,94
01/10/2006,FAY,NC,ASO,EN,Combined TRACON& Tower with Radar,8,22,27,20,77,0,0,15,2,17,8,22,42,22,94,78,22,100,194
01/11/2006,FAY,NC,ASO,EN,Combined TRACON& Tower with Radar,3,24,21,11,59,0,0,5,3,8,3,24,26,14,67,26,12,38,105
01/12/2006,FAY,NC,ASO,EN,Combined TRACON& Tower with Radar,1,21,28,20,70,0,1,23,9,33,1,22,51,29,103,76,20,96,199
01/13/2006,FAY,NC,ASO,EN,Combined TRACON& Tower with Radar,0,0,0,0,0,0,0,0,0,0,0,0,0,0,0,40,16,56,56
01/14/2006,FAY,NC,ASO,EN,Combined TRACON& Tower with Radar,2,16,12,0,30,0,0,3,0,3,2,16,15,0,33,36,0,36,69
01/15/2006,FAY,NC,ASO,EN,Combined TRACON& Tower with Radar,0,21,17,0,38,0,0,21,0,21,0,21,38,0,59,44,0,44,103
01/16/2006,FAY,NC,ASO,EN,Combined TRACON& Tower with Radar,0,0,0,0,0,1,44,288,38,371,1,44,288,38,371,154,0,154,525
01/17/2006,FAY,NC,ASO,EN,Combined TRACON& Tower with Radar,2,22,23,28,75,0,0,16,2,18,2,22,39,30,93,4,42,46,139
01/18/2006,FAY,NC,ASO,EN,Combined TRACON& Tower with Radar,4,19,12,11,46,0,2,4,0,6,4,21,16,11,52,0,0,0,52
01/19/2006,FAY,NC,ASO,EN,Combined TRACON& Tower with Radar,2,22,25,30,79,0,0,46,4,50,2,22,71,34,129,78,26,104,233
01/20/2006,FAY,NC,ASO,EN,Combined TRACON& Tower with Radar,0,26,26,9,61,0,0,28,4,32,0,26,54,13,93,28,18,46,139
01/21/2006,FAY,NC,ASO,EN,Combined TRACON& Tower with Radar,4,19,19,4,46,0,0,6,0,6,4,19,25,4,52,60,4,64,116
01/22/2006,FAY,NC,ASO,EN,Combined TRACON& Tower with Radar,2,22,18,2,44,0,0,1,0,1,2,22,19,2,45,48,0,48,93
01/23/2006,FAY,NC,ASO,EN,Combined TRACON& Tower with Radar,0,27,9,1,37,0,0,0,0,0,0,27,9,1,37,0,0,0,37
01/24/2006,FAY,NC,ASO,EN,Combined TRACON& Tower with Radar,2,27,32,25,86,0,0,0,0,0,2,27,32,25,86,0,14,14,100
01/25/2006,FAY,NC,ASO,EN,Combined TRACON& Tower with Radar,4,19,22,24,69,0,0,21,0,21,4,19,43,24,90,2,38,40,130
01/26/2006,FAY,NC,ASO,EN,Combined TRACON& Tower with Radar,0,24,11,8,43,0,0,42,6,48,0,24,53,14,91,36,8,44,135
01/27/2006,FAY,NC,ASO,EN,Combined TRACON& Tower with Radar,6,19,13,29,67,0,0,49,3,52,6,19,62,32,119,62,60,122,241
01/28/2006,FAY,NC,ASO,EN,Combined TRACON& Tower with Radar,2,17,14,0,33,0,0,36,0,36,2,17,50,0,69,22,0,22,91
01/29/2006,FAY,NC,ASO,EN,Combined TRACON& Tower with Radar,0,19,15,2,36,0,0,11,0,11,0,19,26,2,47,20,0,20,67
01/30/2006,FAY,NC,ASO,EN,Combined TRACON& Tower with Radar,0,24,20,7,51,0,0,13,1,14,0,24,33,8,65,42,0,42,107
01/31/2006,FAY,NC,ASO,EN,Combined TRACON& Tower with Radar,0,22,26,11,59,0,1,18,1,20,0,23,44,12,79,0,8,8,87
02/01/2006,FAY,NC,ASO,EN,Combined TRACON& Tower with Radar,8,20,22,14,64,0,2,40,2,44,8,22,62,16,108,82,4,86,194
02/02/2006,FAY,NC,ASO,EN,Combined TRACON& Tower with Radar,0,26,31,18,75,0,2,33,3,38,0,28,64,21,113,6,34,40,153
02/03/2006,FAY,NC,ASO,EN,Combined TRACON& Tower with Radar,2,24,25,15,66,0,0,30,0,30,2,24,55,15,96,120,30,150,246
02/04/2006,FAY,NC,ASO,EN,Combined TRACON& Tower with Radar,3,18,10,1,32,0,1,1,0,2,3,19,11,1,34,40,0,40,74
02/05/2006,FAY,NC,ASO,EN,Combined TRACON& Tower with Radar,0,20,13,0,33,0,0,16,0,16,0,20,29,0,49,40,0,40,89
02/06/2006,FAY,NC,ASO,EN,Combined TRACON& Tower with Radar,2,23,19,13,57,0,0,33,0,33,2,23,52,13,90,100,6,106,196
02/07/2006,FAY,NC,ASO,EN,Combined TRACON& Tower with Radar,1,23,38,40,102,0,0,31,1,32,1,23,69,41,134,26,46,72,206
02/08/2006,FAY,NC,ASO,EN,Combined TRACON& Tower with Radar,2,19,19,5,45,0,2,38,1,41,2,21,57,6,86,42,6,48,134
02/09/2006,FAY,NC,ASO,EN,Combined TRACON& Tower with Radar,7,27,38,30,102,0,0,25,5,30,7,27,63,35,132,16,22,38,170
02/10/2006,FAY,NC,ASO,EN,Combined TRACON& Tower with Radar,2,20,38,28,88,0,0,29,0,29,2,20,67,28,117,90,26,116,233
02/11/2006,FAY,NC,ASO,EN,Combined TRACON& Tower with Radar,2,16,0,0,18,0,0,0,0,0,2,16,0,0,18,0,0,0,18
02/12/2006,FAY,NC,ASO,EN,Combined TRACON& Tower with Radar,0,21,6,0,27,0,0,12,0,12,0,21,18,0,39,74,0,74,113
02/13/2006,FAY,NC,ASO,EN,Combined TRACON& Tower with Radar,0,24,38,2,64,0,0,26,2,28,0,24,64,4,92,38,2,40,132
02/14/2006,FAY,NC,ASO,EN,Combined TRACON& Tower with Radar,1,23,33,14,71,0,0,33,8,41,1,23,66,22,112,42,0,42,154
02/15/2006,FAY,NC,ASO,EN,Combined TRACON& Tower with Radar,2,22,28,13,65,0,0,24,2,26,2,22,52,15,91,84,40,124,215
02/16/2006,FAY,NC,ASO,EN,Combined TRACON& Tower with Radar,8,17,24,6,55,0,0,57,5,62,8,17,81,11,117,82,12,94,211
02/17/2006,FAY,NC,ASO,EN,Combined TRACON& Tower with Radar,4,24,46,0,74,0,2,28,0,30,4,26,74,0,104,38,0,38,142
02/18/2006,FAY,NC,ASO,EN,Combined TRACON& Tower with Radar,6,17,11,0,34,0,0,10,0,10,6,17,21,0,44,90,0,90,134
02/19/2006,FAY,NC,ASO,EN,Combined TRACON& Tower with Radar,0,24,13,4,41,0,3,48,0,51,0,27,61,4,92,34,0,34,126
02/20/2006,FAY,NC,ASO,EN,Combined TRACON& Tower with Radar,1,22,10,0,33,0,0,27,0,27,1,22,37,0,60,58,0,58,118
02/21/2006,FAY,NC,ASO,EN,Combined TRACON& Tower with Radar,2,23,25,22,72,0,0,16,19,35,2,23,41,41,107,16,58,74,181
02/22/2006,FAY,NC,ASO,EN,Combined TRACON& Tower with Radar,6,18,16,21,61,0,0,0,0,0,6,18,16,21,61,0,0,0,61
02/23/2006,FAY,NC,ASO,EN,Combined TRACON& Tower with Radar,4,21,21,25,71,0,0,19,12,31,4,21,40,37,102,34,18,52,154
02/24/2006,FAY,NC,ASO,EN,Combined TRACON& Tower with Radar,5,18,30,31,84,0,0,43,5,48,5,18,73,36,132,74,10,84,216
02/25/2006,FAY,NC,ASO,EN,Combined TRACON& Tower with Radar,0,0,0,0,0,0,0,0,0,0,0,0,0,0,0,0,0,0,0
02/26/2006,FAY,NC,ASO,EN,Combined TRACON& Tower with Radar,0,22,8,0,30,0,0,9,0,9,0,22,17,0,39,10,0,10,49
02/27/2006,FAY,NC,ASO,EN,Combined TRACON& Tower with Radar,1,23,19,21,64,0,0,22,6,28,1,23,41,27,92,36,48,84,176
02/28/2006,FAY,NC,ASO,EN,Combined TRACON& Tower with Radar,2,27,20,7,56,0,1,25,0,26,2,28,45,7,82,30,8,38,120
03/01/2006,FAY,NC,ASO,EN,Combined TRACON& Tower with Radar,8,16,42,15,81,0,0,47,2,49,8,16,89,17,130,94,24,118,248
03/02/2006,FAY,NC,ASO,EN,Combined TRACON& Tower with Radar,10,15,12,8,45,0,0,21,1,22,10,15,33,9,67,6,0,6,73
03/03/2006,FAY,NC,ASO,EN,Combined TRACON& Tower with Radar,4,20,29,13,66,0,0,36,1,37,4,20,65,14,103,28,0,28,131
03/04/2006,FAY,NC,ASO,EN,Combined TRACON& Tower with Radar,5,17,16,0,38,0,0,34,0,34,5,17,50,0,72,56,20,76,148
03/05/2006,FAY,NC,ASO,EN,Combined TRACON& Tower with Radar,2,26,14,5,47,0,1,40,0,41,2,27,54,5,88,88,0,88,176
03/06/2006,FAY,NC,ASO,EN,Combined TRACON& Tower with Radar,2,22,19,22,65,0,0,7,1,8,2,22,26,23,73,38,42,80,153
03/07/2006,FAY,NC,ASO,EN,Combined TRACON& Tower with Radar,9,18,27,10,64,0,0,28,0,28,9,18,55,10,92,46,24,70,162
03/08/2006,FAY,NC,ASO,EN,Combined TRACON& Tower with Radar,4,20,16,7,47,0,0,37,17,54,4,20,53,24,101,106,20,126,227
03/09/2006,FAY,NC,ASO,EN,Combined TRACON& Tower with Radar,2,22,20,22,66,0,0,26,7,33,2,22,46,29,99,46,40,86,185
03/10/2006,FAY,NC,ASO,EN,Combined TRACON& Tower with Radar,4,23,28,19,74,0,0,9,8,17,4,23,37,27,91,40,20,60,151
03/11/2006,FAY,NC,ASO,EN,Combined TRACON& Tower with Radar,4,16,6,0,26,0,0,31,0,31,4,16,37,0,57,140,0,140,197
03/12/2006,FAY,NC,ASO,EN,Combined TRACON& Tower with Radar,2,21,19,9,51,0,0,19,0,19,2,21,38,9,70,66,0,66,136
03/13/2006,FAY,NC,ASO,EN,Combined TRACON& Tower with Radar,2,22,10,13,47,0,0,27,1,28,2,22,37,14,75,30,12,42,117
03/14/2006,FAY,NC,ASO,EN,Combined TRACON& Tower with Radar,0,20,21,2,43,0,6,14,0,20,0,26,35,2,63,26,4,30,93
03/15/2006,FAY,NC,ASO,EN,Combined TRACON& Tower with Radar,0,0,0,0,0,0,0,0,0,0,0,0,0,0,0,15,20,35,35
03/16/2006,FAY,NC,ASO,EN,Combined TRACON& Tower with Radar,4,22,43,3,72,0,0,29,0,29,4,22,72,3,101,56,8,64,165
03/17/2006,FAY,NC,ASO,EN,Combined TRACON& Tower with Radar,4,20,26,5,55,0,0,26,3,29,4,20,52,8,84,44,42,86,170
03/18/2006,FAY,NC,ASO,EN,Combined TRACON& Tower with Radar,0,0,0,0,0,0,0,0,0,0,0,0,0,0,0,128,0,128,128
03/19/2006,FAY,NC,ASO,EN,Combined TRACON& Tower with Radar,0,23,37,2,62,0,0,36,0,36,0,23,73,2,98,150,0,150,248
03/20/2006,FAY,NC,ASO,EN,Combined TRACON& Tower with Radar,0,24,18,14,56,0,0,0,0,0,0,24,18,14,56,46,18,64,120
03/21/2006,FAY,NC,ASO,EN,Combined TRACON& Tower with Radar,5,19,20,4,48,0,0,0,0,0,5,19,20,4,48,0,0,0,48
03/22/2006,FAY,NC,ASO,EN,Combined TRACON& Tower with Radar,0,0,0,0,0,2,69,335,263,669,2,69,335,263,669,56,24,80,749
03/23/2006,FAY,NC,ASO,EN,Combined TRACON& Tower with Radar,4,22,38,24,88,0,0,34,0,34,4,22,72,24,122,112,30,142,264
03/24/2006,FAY,NC,ASO,EN,Combined TRACON& Tower with Radar,5,19,29,28,81,0,0,25,3,28,5,19,54,31,109,48,52,100,209
03/25/2006,FAY,NC,ASO,EN,Combined TRACON& Tower with Radar,8,12,16,0,36,0,9,25,2,36,8,21,41,2,72,64,0,64,136
03/26/2006,FAY,NC,ASO,EN,Combined TRACON& Tower with Radar,2,26,15,5,48,0,0,19,2,21,2,26,34,7,69,58,0,58,127
03/27/2006,FAY,NC,ASO,EN,Combined TRACON& Tower with Radar,0,24,26,5,55,0,0,23,39,62,0,24,49,44,117,78,0,78,195
03/28/2006,FAY,NC,ASO,EN,Combined TRACON& Tower with Radar,2,22,36,1,61,0,0,14,1,15,2,22,50,2,76,14,0,14,90
03/29/2006,FAY,NC,ASO,EN,Combined TRACON& Tower with Radar,4,22,31,9,66,0,1,33,0,34,4,23,64,9,100,23,28,51,151
03/30/2006,FAY,NC,ASO,EN,Combined TRACON& Tower with Radar,2,25,29,30,86,0,1,37,1,39,2,26,66,31,125,74,68,142,267
03/31/2006,FAY,NC,ASO,EN,Combined TRACON& Tower with Radar,2,24,37,5,68,0,5,28,5,38,2,29,65,10,106,60,58,118,224
04/01/2006,FAY,NC,ASO,EN,Combined TRACON& Tower with Radar,0,0,0,0,0,0,0,0,0,0,0,0,0,0,0,940,0,940,940
04/02/2006,FAY,NC,ASO,EN,Combined TRACON& Tower with Radar,0,19,22,0,41,0,0,33,0,33,0,19,55,0,74,46,0,46,120
04/03/2006,FAY,NC,ASO,EN,Combined TRACON& Tower with Radar,0,28,13,2,43,0,0,5,0,5,0,28,18,2,48,0,16,16,64
04/04/2006,FAY,NC,ASO,EN,Combined TRACON& Tower with Radar,0,22,24,9,55,0,0,32,0,32,0,22,56,9,87,7,13,20,107
04/05/2006,FAY,NC,ASO,EN,Combined TRACON& Tower with Radar,0,20,28,11,59,0,2,42,0,44,0,22,70,11,103,30,2,32,135
04/06/2006,FAY,NC,ASO,EN,Combined TRACON& Tower with Radar,0,22,22,32,76,0,0,32,2,34,0,22,54,34,110,50,76,126,236
04/07/2006,FAY,NC,ASO,EN,Combined TRACON& Tower with Radar,0,21,22,20,63,0,1,40,14,55,0,22,62,34,118,66,46,112,230
04/08/2006,FAY,NC,ASO,EN,Combined TRACON& Tower with Radar,4,22,10,0,36,0,0,3,0,3,4,22,13,0,39,76,0,76,115
04/09/2006,FAY,NC,ASO,EN,Combined TRACON& Tower with Radar,3,21,22,4,50,0,0,39,0,39,3,21,61,4,89,44,0,44,133
04/10/2006,FAY,NC,ASO,EN,Combined TRACON& Tower with Radar,1,22,21,6,50,0,0,25,1,26,1,22,46,7,76,48,44,92,168
04/11/2006,FAY,NC,ASO,EN,Combined TRACON& Tower with Radar,0,25,10,6,41,0,0,31,1,32,0,25,41,7,73,52,10,62,135
04/12/2006,FAY,NC,ASO,EN,Combined TRACON& Tower with Radar,0,28,33,31,92,0,2,44,3,49,0,30,77,34,141,40,34,74,215
04/13/2006,FAY,NC,ASO,EN,Combined TRACON& Tower with Radar,0,27,32,8,67,0,0,29,0,29,0,27,61,8,96,72,12,84,180
04/14/2006,FAY,NC,ASO,EN,Combined TRACON& Tower with Radar,0,26,33,9,68,0,1,28,3,32,0,27,61,12,100,66,20,86,186
04/15/2006,FAY,NC,ASO,EN,Combined TRACON& Tower with Radar,0,0,0,0,0,0,0,0,0,0,0,0,0,0,0,74,0,74,74
04/16/2006,FAY,NC,ASO,EN,Combined TRACON& Tower with Radar,0,22,12,1,35,0,0,18,0,18,0,22,30,1,53,80,0,80,133
04/17/2006,FAY,NC,ASO,EN,Combined TRACON& Tower with Radar,0,21,32,8,61,0,0,17,1,18,0,21,49,9,79,0,12,12,91
04/18/2006,FAY,NC,ASO,EN,Combined TRACON& Tower with Radar,0,22,24,11,57,0,1,27,2,30,0,23,51,13,87,22,6,28,115
04/19/2006,FAY,NC,ASO,EN,Combined TRACON& Tower with Radar,0,21,26,18,65,0,0,23,5,28,0,21,49,23,93,60,28,88,181
04/20/2006,FAY,NC,ASO,EN,Combined TRACON& Tower with Radar,0,27,18,9,54,0,2,35,3,40,0,29,53,12,94,84,40,124,218
04/21/2006,FAY,NC,ASO,EN,Combined TRACON& Tower with Radar,0,26,26,4,56,0,0,25,0,25,0,26,51,4,81,50,30,80,161
04/22/2006,FAY,NC,ASO,EN,Combined TRACON& Tower with Radar,2,18,11,0,31,0,0,0,0,0,2,18,11,0,31,0,0,0,31
04/23/2006,FAY,NC,ASO,EN,Combined TRACON& Tower with Radar,0,23,20,0,43,0,0,22,0,22,0,23,42,0,65,58,0,58,123
04/24/2006,FAY,NC,ASO,EN,Combined TRACON& Tower with Radar,0,25,16,7,48,0,0,30,2,32,0,25,46,9,80,28,6,34,114
04/25/2006,FAY,NC,ASO,EN,Combined TRACON& Tower with Radar,2,21,23,4,50,0,0,21,0,21,2,21,44,4,71,34,16,50,121
04/26/2006,FAY,NC,ASO,EN,Combined TRACON& Tower with Radar,0,22,16,5,43,0,0,1,0,1,0,22,17,5,44,2,2,4,48
04/27/2006,FAY,NC,ASO,EN,Combined TRACON& Tower with Radar,0,25,31,4,60,0,0,2,0,2,0,25,33,4,62,8,0,8,70
04/28/2006,FAY,NC,ASO,EN,Combined TRACON& Tower with Radar,0,25,34,15,74,0,0,45,5,50,0,25,79,20,124,56,6,62,186
04/29/2006,FAY,NC,ASO,EN,Combined TRACON& Tower with Radar,2,17,29,8,56,0,1,30,0,31,2,18,59,8,87,104,0,104,191
04/30/2006,FAY,NC,ASO,EN,Combined TRACON& Tower with Radar,0,24,29,0,53,0,0,22,0,22,0,24,51,0,75,40,0,40,115
05/01/2006,FAY,NC,ASO,EN,Combined TRACON& Tower with Radar,2,26,15,0,43,0,0,25,2,27,2,26,40,2,70,50,6,56,126
05/02/2006,FAY,NC,ASO,EN,Combined TRACON& Tower with Radar,0,24,31,3,58,0,0,34,5,39,0,24,65,8,97,144,4,148,245
05/03/2006,FAY,NC,ASO,EN,Combined TRACON& Tower with Radar,2,22,10,14,48,0,2,32,1,35,2,24,42,15,83,2,0,2,85
05/04/2006,FAY,NC,ASO,EN,Combined TRACON& Tower with Radar,0,25,28,12,65,0,9,26,1,36,0,34,54,13,101,32,0,32,133
05/05/2006,FAY,NC,ASO,EN,Combined TRACON& Tower with Radar,0,23,26,9,58,0,0,13,2,15,0,23,39,11,73,78,20,98,171
05/06/2006,FAY,NC,ASO,EN,Combined TRACON& Tower with Radar,0,0,0,0,0,8,31,372,30,441,8,31,372,30,441,68,0,68,509
05/07/2006,FAY,NC,ASO,EN,Combined TRACON& Tower with Radar,1,22,15,1,39,0,0,3,0,3,1,22,18,1,42,22,0,22,64
05/08/2006,FAY,NC,ASO,EN,Combined TRACON& Tower with Radar,0,26,26,19,71,0,0,2,0,2,0,26,28,19,73,8,20,28,101
05/09/2006,FAY,NC,ASO,EN,Combined TRACON& Tower with Radar,0,23,31,21,75,0,0,10,4,14,0,23,41,25,89,34,18,52,141
05/10/2006,FAY,NC,ASO,EN,Combined TRACON& Tower with Radar,0,23,28,7,58,0,0,23,4,27,0,23,51,11,85,50,64,114,199
05/11/2006,FAY,NC,ASO,EN,Combined TRACON& Tower with Radar,1,25,39,6,71,0,0,4,0,4,1,25,43,6,75,0,0,0,75
05/12/2006,FAY,NC,ASO,EN,Combined TRACON& Tower with Radar,1,22,19,9,51,0,0,39,1,40,1,22,58,10,91,66,32,98,189
05/13/2006,FAY,NC,ASO,EN,Combined TRACON& Tower with Radar,3,20,10,0,33,0,1,24,0,25,3,21,34,0,58,4,6,10,68
05/14/2006,FAY,NC,ASO,EN,Combined TRACON& Tower with Radar,2,29,10,0,41,0,0,5,0,5,2,29,15,0,46,38,6,44,90
05/15/2006,FAY,NC,ASO,EN,Combined TRACON& Tower with Radar,0,25,26,6,57,0,0,23,2,25,0,25,49,8,82,8,20,28,110
05/16/2006,FAY,NC,ASO,EN,Combined TRACON& Tower with Radar,0,24,38,10,72,0,0,44,7,51,0,24,82,17,123,48,12,60,183
05/17/2006,FAY,NC,ASO,EN,Combined TRACON& Tower with Radar,0,24,22,18,64,0,0,34,0,34,0,24,56,18,98,40,40,80,178
05/18/2006,FAY,NC,ASO,EN,Combined TRACON& Tower with Radar,0,27,23,11,61,0,0,17,1,18,0,27,40,12,79,70,12,82,161
05/19/2006,FAY,NC,ASO,EN,Combined TRACON& Tower with Radar,2,24,18,5,49,0,0,31,0,31,2,24,49,5,80,34,24,58,138
05/20/2006,FAY,NC,ASO,EN,Combined TRACON& Tower with Radar,2,20,10,0,32,0,0,17,0,17,2,20,27,0,49,58,0,58,107
05/21/2006,FAY,NC,ASO,EN,Combined TRACON& Tower with Radar,1,22,16,0,39,0,0,28,0,28,1,22,44,0,67,62,0,62,129
05/22/2006,FAY,NC,ASO,EN,Combined TRACON& Tower with Radar,0,26,19,0,45,0,2,13,1,16,0,28,32,1,61,42,0,42,103
05/23/2006,FAY,NC,ASO,EN,Combined TRACON& Tower with Radar,0,26,20,9,55,0,0,44,1,45,0,26,64,10,100,52,4,56,156
05/24/2006,FAY,NC,ASO,EN,Combined TRACON& Tower with Radar,0,31,20,29,80,0,3,31,1,35,0,34,51,30,115,36,50,86,201
05/25/2006,FAY,NC,ASO,EN,Combined TRACON& Tower with Radar,0,29,30,2,61,0,0,10,0,10,0,29,40,2,71,44,0,44,115
05/26/2006,FAY,NC,ASO,EN,Combined TRACON& Tower with Radar,5,19,15,2,41,0,1,12,0,13,5,20,27,2,54,18,2,20,74
05/27/2006,FAY,NC,ASO,EN,Combined TRACON& Tower with Radar,2,17,16,0,35,0,4,27,0,31,2,21,43,0,66,48,0,48,114
05/28/2006,FAY,NC,ASO,EN,Combined TRACON& Tower with Radar,0,22,8,0,30,0,0,25,0,25,0,22,33,0,55,52,0,52,107
05/29/2006,FAY,NC,ASO,EN,Combined TRACON& Tower with Radar,0,24,8,0,32,0,0,31,0,31,0,24,39,0,63,38,0,38,101
05/30/2006,FAY,NC,ASO,EN,Combined TRACON& Tower with Radar,0,24,16,0,40,0,0,30,0,30,0,24,46,0,70,112,0,112,182
05/31/2006,FAY,NC,ASO,EN,Combined TRACON& Tower with Radar,0,26,33,3,62,0,0,19,0,19,0,26,52,3,81,63,38,101,182
06/01/2006,FAY,NC,ASO,EN,Combined TRACON& Tower with Radar,8,14,32,7,61,0,0,22,0,22,8,14,54,7,83,10,8,18,101
06/02/2006,FAY,NC,ASO,EN,Combined TRACON& Tower with Radar,0,24,19,0,43,0,0,20,0,20,0,24,39,0,63,20,0,20,83
06/03/2006,FAY,NC,ASO,EN,Combined TRACON& Tower with Radar,0,20,22,21,63,0,0,11,0,11,0,20,33,21,74,40,34,74,148
06/04/2006,FAY,NC,ASO,EN,Combined TRACON& Tower with Radar,0,22,22,1,45,0,1,46,0,47,0,23,68,1,92,42,0,42,134
06/05/2006,FAY,NC,ASO,EN,Combined TRACON& Tower with Radar,0,25,20,19,64,0,1,24,6,31,0,26,44,25,95,68,50,118,213
06/06/2006,FAY,NC,ASO,EN,Combined TRACON& Tower with Radar,0,30,21,2,53,0,0,13,2,15,0,30,34,4,68,48,16,64,132
06/07/2006,FAY,NC,ASO,EN,Combined TRACON& Tower with Radar,0,25,29,27,81,0,0,28,0,28,0,25,57,27,109,60,80,140,249
06/08/2006,FAY,NC,ASO,EN,Combined TRACON& Tower with Radar,3,28,22,7,60,0,0,17,2,19,3,28,39,9,79,12,16,28,107
06/09/2006,FAY,NC,ASO,EN,Combined TRACON& Tower with Radar,2,24,24,3,53,0,0,25,2,27,2,24,49,5,80,36,0,36,116
06/10/2006,FAY,NC,ASO,EN,Combined TRACON& Tower with Radar,0,19,23,5,47,0,0,18,0,18,0,19,41,5,65,14,8,22,87
06/11/2006,FAY,NC,ASO,EN,Combined TRACON& Tower with Radar,0,0,0,0,0,0,0,0,0,0,0,0,0,0,0,18,0,18,18
06/12/2006,FAY,NC,ASO,EN,Combined TRACON& Tower with Radar,0,0,0,0,0,6,49,182,207,444,6,49,182,207,444,48,26,74,518
06/13/2006,FAY,NC,ASO,EN,Combined TRACON& Tower with Radar,1,27,27,32,87,0,0,3,0,3,1,27,30,32,90,0,4,4,94
06/14/2006,FAY,NC,ASO,EN,Combined TRACON& Tower with Radar,0,28,13,0,41,0,0,8,0,8,0,28,21,0,49,12,34,46,95
06/15/2006,FAY,NC,ASO,EN,Combined TRACON& Tower with Radar,1,26,32,4,63,0,1,24,0,25,1,27,56,4,88,38,16,54,142
06/16/2006,FAY,NC,ASO,EN,Combined TRACON& Tower with Radar,0,26,28,2,56,0,0,46,2,48,0,26,74,4,104,36,12,48,152
06/17/2006,FAY,NC,ASO,EN,Combined TRACON& Tower with Radar,2,20,21,2,45,0,1,35,0,36,2,21,56,2,81,50,0,50,131
06/18/2006,FAY,NC,ASO,EN,Combined TRACON& Tower with Radar,0,23,20,10,53,0,0,18,1,19,0,23,38,11,72,68,24,92,164
06/19/2006,FAY,NC,ASO,EN,Combined TRACON& Tower with Radar,0,0,0,0,0,3,57,290,203,553,3,57,290,203,553,44,62,106,659
06/20/2006,FAY,NC,ASO,EN,Combined TRACON& Tower with Radar,0,23,33,10,66,0,0,24,0,24,0,23,57,10,90,68,16,84,174
06/21/2006,FAY,NC,ASO,EN,Combined TRACON& Tower with Radar,0,28,26,13,67,0,0,23,13,36,0,28,49,26,103,32,28,60,163
06/22/2006,FAY,NC,ASO,EN,Combined TRACON& Tower with Radar,0,25,29,2,56,0,0,31,4,35,0,25,60,6,91,44,4,48,139
06/23/2006,FAY,NC,ASO,EN,Combined TRACON& Tower with Radar,0,27,30,7,64,0,0,18,0,18,0,27,48,7,82,30,0,30,112
06/24/2006,FAY,NC,ASO,EN,Combined TRACON& Tower with Radar,3,22,7,0,32,0,1,9,0,10,3,23,16,0,42,67,0,67,109
06/25/2006,FAY,NC,ASO,EN,Combined TRACON& Tower with Radar,0,25,17,0,42,0,0,2,0,2,0,25,19,0,44,0,0,0,44
06/26/2006,FAY,NC,ASO,EN,Combined TRACON& Tower with Radar,0,27,29,16,72,0,1,0,0,1,0,28,29,16,73,42,24,66,139
06/27/2006,FAY,NC,ASO,EN,Combined TRACON& Tower with Radar,1,24,20,8,53,0,0,9,0,9,1,24,29,8,62,54,0,54,116
06/28/2006,FAY,NC,ASO,EN,Combined TRACON& Tower with Radar,0,24,42,14,80,0,0,19,1,20,0,24,61,15,100,40,8,48,148
06/29/2006,FAY,NC,ASO,EN,Combined TRACON& Tower with Radar,0,27,49,9,85,0,0,27,2,29,0,27,76,11,114,130,30,160,274
06/30/2006,FAY,NC,ASO,EN,Combined TRACON& Tower with Radar,5,24,32,0,61,0,0,38,0,38,5,24,70,0,99,90,0,90,189
07/01/2006,FAY,NC,ASO,EN,Combined TRACON& Tower with Radar,2,18,31,1,52,0,0,21,0,21,2,18,52,1,73,62,0,62,135
07/02/2006,FAY,NC,ASO,EN,Combined TRACON& Tower with Radar,2,25,12,0,39,0,2,26,0,28,2,27,38,0,67,88,0,88,155
07/03/2006,FAY,NC,ASO,EN,Combined TRACON& Tower with Radar,0,25,17,0,42,0,0,29,0,29,0,25,46,0,71,30,0,30,101
07/04/2006,FAY,NC,ASO,EN,Combined TRACON& Tower with Radar,12,12,5,0,29,0,0,1,0,1,12,12,6,0,30,12,0,12,42
07/05/2006,FAY,NC,ASO,EN,Combined TRACON& Tower with Radar,0,26,20,10,56,0,0,10,2,12,0,26,30,12,68,36,18,54,122
07/06/2006,FAY,NC,ASO,EN,Combined TRACON& Tower with Radar,0,23,33,4,60,0,0,3,0,3,0,23,36,4,63,0,0,0,63
07/07/2006,FAY,NC,ASO,EN,Combined TRACON& Tower with Radar,1,29,21,2,53,0,1,33,0,34,1,30,54,2,87,88,0,88,175
07/08/2006,FAY,NC,ASO,EN,Combined TRACON& Tower with Radar,0,0,0,0,0,0,0,0,0,0,0,0,0,0,0,76,0,76,76
07/09/2006,FAY,NC,ASO,EN,Combined TRACON& Tower with Radar,0,26,23,5,54,0,0,36,0,36,0,26,59,5,90,46,0,46,136
07/10/2006,FAY,NC,ASO,EN,Combined TRACON& Tower with Radar,0,27,25,26,78,0,0,37,2,39,0,27,62,28,117,0,24,24,141
07/11/2006,FAY,NC,ASO,EN,Combined TRACON& Tower with Radar,0,25,22,6,53,0,0,15,0,15,0,25,37,6,68,28,6,34,102
07/12/2006,FAY,NC,ASO,EN,Combined TRACON& Tower with Radar,0,28,27,9,64,0,0,17,0,17,0,28,44,9,81,90,0,90,171
07/13/2006,FAY,NC,ASO,EN,Combined TRACON& Tower with Radar,0,25,26,17,68,0,1,28,4,33,0,26,54,21,101,82,34,116,217
07/14/2006,FAY,NC,ASO,EN,Combined TRACON& Tower with Radar,0,32,36,11,79,0,0,22,0,22,0,32,58,11,101,38,6,44,145
07/15/2006,FAY,NC,ASO,EN,Combined TRACON& Tower with Radar,0,0,0,0,0,12,82,284,20,398,12,82,284,20,398,54,0,54,452
07/16/2006,FAY,NC,ASO,EN,Combined TRACON& Tower with Radar,0,28,9,0,37,0,0,19,0,19,0,28,28,0,56,30,0,30,86
07/17/2006,FAY,NC,ASO,EN,Combined TRACON& Tower with Radar,0,30,20,12,62,0,0,25,4,29,0,30,45,16,91,40,8,48,139
07/18/2006,FAY,NC,ASO,EN,Combined TRACON& Tower with Radar,1,34,29,9,73,0,0,17,4,21,1,34,46,13,94,24,0,24,118
07/19/2006,FAY,NC,ASO,EN,Combined TRACON& Tower with Radar,0,26,27,8,61,0,0,14,1,15,0,26,41,9,76,4,6,10,86
07/20/2006,FAY,NC,ASO,EN,Combined TRACON& Tower with Radar,0,26,25,6,57,0,0,4,2,6,0,26,29,8,63,14,0,14,77
07/21/2006,FAY,NC,ASO,EN,Combined TRACON& Tower with Radar,0,28,32,5,65,0,0,17,1,18,0,28,49,6,83,42,0,42,125
07/22/2006,FAY,NC,ASO,EN,Combined TRACON& Tower with Radar,0,0,0,0,0,7,55,218,41,321,7,55,218,41,321,64,0,64,385
07/23/2006,FAY,NC,ASO,EN,Combined TRACON& Tower with Radar,0,22,15,1,38,0,0,4,0,4,0,22,19,1,42,40,0,40,82
07/24/2006,FAY,NC,ASO,EN,Combined TRACON& Tower with Radar,1,29,24,17,71,0,1,4,2,7,1,30,28,19,78,44,18,62,140
07/25/2006,FAY,NC,ASO,EN,Combined TRACON& Tower with Radar,0,24,22,7,53,0,0,0,1,1,0,24,22,8,54,10,10,20,74
07/26/2006,FAY,NC,ASO,EN,Combined TRACON& Tower with Radar,2,27,22,4,55,0,0,20,0,20,2,27,42,4,75,12,4,16,91
07/27/2006,FAY,NC,ASO,EN,Combined TRACON& Tower with Radar,0,27,28,13,68,0,0,14,1,15,0,27,42,14,83,14,16,30,113
07/28/2006,FAY,NC,ASO,EN,Combined TRACON& Tower with Radar,0,27,27,1,55,0,0,9,0,9,0,27,36,1,64,10,0,10,74
07/29/2006,FAY,NC,ASO,EN,Combined TRACON& Tower with Radar,0,0,0,0,0,0,0,0,0,0,0,0,0,0,0,42,0,42,42
07/30/2006,FAY,NC,ASO,EN,Combined TRACON& Tower with Radar,0,29,26,2,57,0,0,10,0,10,0,29,36,2,67,20,0,20,87
07/31/2006,FAY,NC,ASO,EN,Combined TRACON& Tower with Radar,1,33,36,1,71,0,0,18,0,18,1,33,54,1,89,26,0,26,115
08/01/2006,FAY,NC,ASO,EN,Combined TRACON& Tower with Radar,0,26,28,2,56,0,2,12,0,14,0,28,40,2,70,46,2,48,118
08/02/2006,FAY,NC,ASO,EN,Combined TRACON& Tower with Radar,0,24,24,3,51,0,0,17,2,19,0,24,41,5,70,30,20,50,120
08/03/2006,FAY,NC,ASO,EN,Combined TRACON& Tower with Radar,0,28,27,5,60,0,0,27,0,27,0,28,54,5,87,4,0,4,91
08/04/2006,FAY,NC,ASO,EN,Combined TRACON& Tower with Radar,0,23,33,2,58,0,0,17,0,17,0,23,50,2,75,4,0,4,79
08/05/2006,FAY,NC,ASO,EN,Combined TRACON& Tower with Radar,0,0,0,0,0,0,0,0,0,0,0,0,0,0,0,52,0,52,52
08/06/2006,FAY,NC,ASO,EN,Combined TRACON& Tower with Radar,0,24,19,2,45,0,1,19,0,20,0,25,38,2,65,50,0,50,115
08/07/2006,FAY,NC,ASO,EN,Combined TRACON& Tower with Radar,0,23,23,6,52,0,0,12,2,14,0,23,35,8,66,54,0,54,120
08/08/2006,FAY,NC,ASO,EN,Combined TRACON& Tower with Radar,0,25,25,22,72,0,0,13,0,13,0,25,38,22,85,6,6,12,97
08/09/2006,FAY,NC,ASO,EN,Combined TRACON& Tower with Radar,0,25,36,32,93,0,0,15,1,16,0,25,51,33,109,22,8,30,139
08/10/2006,FAY,NC,ASO,EN,Combined TRACON& Tower with Radar,0,25,22,23,70,0,0,17,0,17,0,25,39,23,87,38,40,78,165
08/11/2006,FAY,NC,ASO,EN,Combined TRACON& Tower with Radar,2,29,22,8,61,0,0,10,1,11,2,29,32,9,72,0,0,0,72
08/12/2006,FAY,NC,ASO,EN,Combined TRACON& Tower with Radar,2,26,12,0,40,0,0,10,0,10,2,26,22,0,50,56,0,56,106
08/13/2006,FAY,NC,ASO,EN,Combined TRACON& Tower with Radar,0,25,16,0,41,0,0,53,0,53,0,25,69,0,94,54,0,54,148
08/14/2006,FAY,NC,ASO,EN,Combined TRACON& Tower with Radar,1,25,21,18,65,0,1,18,10,29,1,26,39,28,94,70,6,76,170
08/15/2006,FAY,NC,ASO,EN,Combined TRACON& Tower with Radar,0,28,37,44,109,0,0,26,4,30,0,28,63,48,139,4,52,56,195
08/16/2006,FAY,NC,ASO,EN,Combined TRACON& Tower with Radar,0,28,33,5,66,0,0,17,6,23,0,28,50,11,89,20,94,114,203
08/17/2006,FAY,NC,ASO,EN,Combined TRACON& Tower with Radar,0,26,35,14,75,0,0,14,3,17,0,26,49,17,92,0,4,4,96
08/18/2006,FAY,NC,ASO,EN,Combined TRACON& Tower with Radar,0,27,29,7,63,0,0,6,2,8,0,27,35,9,71,52,10,62,133
08/19/2006,FAY,NC,ASO,EN,Combined TRACON& Tower with Radar,0,0,0,0,0,0,0,0,0,0,0,0,0,0,0,112,4,116,116
08/20/2006,FAY,NC,ASO,EN,Combined TRACON& Tower with Radar,1,22,18,0,41,0,0,5,0,5,1,22,23,0,46,38,0,38,84
08/21/2006,FAY,NC,ASO,EN,Combined TRACON& Tower with Radar,2,24,24,50,100,0,0,14,0,14,2,24,38,50,114,0,44,44,158
08/22/2006,FAY,NC,ASO,EN,Combined TRACON& Tower with Radar,2,27,32,19,80,0,0,9,0,9,2,27,41,19,89,10,0,10,99
08/23/2006,FAY,NC,ASO,EN,Combined TRACON& Tower with Radar,0,28,22,22,72,0,0,4,6,10,0,28,26,28,82,0,8,8,90
08/24/2006,FAY,NC,ASO,EN,Combined TRACON& Tower with Radar,0,24,26,16,66,0,0,33,2,35,0,24,59,18,101,74,40,114,215
08/25/2006,FAY,NC,ASO,EN,Combined TRACON& Tower with Radar,0,29,32,3,64,0,0,35,1,36,0,29,67,4,100,66,6,72,172
08/26/2006,FAY,NC,ASO,EN,Combined TRACON& Tower with Radar,0,23,18,0,41,0,0,28,0,28,0,23,46,0,69,102,0,102,171
08/27/2006,FAY,NC,ASO,EN,Combined TRACON& Tower with Radar,0,23,13,0,36,0,3,18,0,21,0,26,31,0,57,34,0,34,91
08/28/2006,FAY,NC,ASO,EN,Combined TRACON& Tower with Radar,0,26,26,10,62,0,2,18,1,21,0,28,44,11,83,44,28,72,155
08/29/2006,FAY,NC,ASO,EN,Combined TRACON& Tower with Radar,0,27,32,6,65,0,0,20,2,22,0,27,52,8,87,16,4,20,107
08/30/2006,FAY,NC,ASO,EN,Combined TRACON& Tower with Radar,0,26,24,10,60,0,0,12,4,16,0,26,36,14,76,0,0,0,76
08/31/2006,FAY,NC,ASO,EN,Combined TRACON& Tower with Radar,7,13,33,0,53,0,0,0,0,0,7,13,33,0,53,30,8,38,91
09/01/2006,FAY,NC,ASO,EN,Combined TRACON& Tower with Radar,0,24,16,2,42,0,0,3,0,3,0,24,19,2,45,42,0,42,87
09/02/2006,FAY,NC,ASO,EN,Combined TRACON& Tower with Radar,0,23,13,0,36,0,0,6,0,6,0,23,19,0,42,40,0,40,82
09/03/2006,FAY,NC,ASO,EN,Combined TRACON& Tower with Radar,0,22,11,0,33,0,0,13,0,13,0,22,24,0,46,36,0,36,82
09/04/2006,FAY,NC,ASO,EN,Combined TRACON& Tower with Radar,3,20,6,0,29,0,0,16,0,16,3,20,22,0,45,44,0,44,89
09/05/2006,FAY,NC,ASO,EN,Combined TRACON& Tower with Radar,0,29,25,3,57,0,0,0,2,2,0,29,25,5,59,16,0,16,75
09/06/2006,FAY,NC,ASO,EN,Combined TRACON& Tower with Radar,10,12,24,0,46,0,0,18,8,26,10,12,42,8,72,14,15,29,101
09/07/2006,FAY,NC,ASO,EN,Combined TRACON& Tower with Radar,0,27,25,15,67,0,0,47,0,47,0,27,72,15,114,78,36,114,228
09/08/2006,FAY,NC,ASO,EN,Combined TRACON& Tower with Radar,3,30,43,23,99,0,0,27,7,34,3,30,70,30,133,78,16,94,227
09/09/2006,FAY,NC,ASO,EN,Combined TRACON& Tower with Radar,1,25,11,7,44,0,0,24,1,25,1,25,35,8,69,70,0,70,139
09/10/2006,FAY,NC,ASO,EN,Combined TRACON& Tower with Radar,3,28,46,0,77,0,4,25,0,29,3,32,71,0,106,60,0,60,166
09/11/2006,FAY,NC,ASO,EN,Combined TRACON& Tower with Radar,0,30,12,8,50,0,0,14,6,20,0,30,26,14,70,24,10,34,104
09/12/2006,FAY,NC,ASO,EN,Combined TRACON& Tower with Radar,0,26,49,12,87,0,0,34,5,39,0,26,83,17,126,24,16,40,166
09/13/2006,FAY,NC,ASO,EN,Combined TRACON& Tower with Radar,0,31,32,24,87,0,0,13,8,21,0,31,45,32,108,14,43,57,165
09/14/2006,FAY,NC,ASO,EN,Combined TRACON& Tower with Radar,1,31,39,9,80,0,0,14,0,14,1,31,53,9,94,16,0,16,110
09/15/2006,FAY,NC,ASO,EN,Combined TRACON& Tower with Radar,4,28,49,16,97,0,2,31,0,33,4,30,80,16,130,32,0,32,162
09/16/2006,FAY,NC,ASO,EN,Combined TRACON& Tower with Radar,0,0,0,0,0,0,0,0,0,0,0,0,0,0,0,156,0,156,156
09/17/2006,FAY,NC,ASO,EN,Combined TRACON& Tower with Radar,2,26,18,0,46,0,0,37,0,37,2,26,55,0,83,118,0,118,201
09/18/2006,FAY,NC,ASO,EN,Combined TRACON& Tower with Radar,0,26,26,21,73,0,0,26,3,29,0,26,52,24,102,62,24,86,188
09/19/2006,FAY,NC,ASO,EN,Combined TRACON& Tower with Radar,0,0,0,0,0,3,98,166,163,430,3,98,166,163,430,66,26,92,522
09/20/2006,FAY,NC,ASO,EN,Combined TRACON& Tower with Radar,0,27,31,22,80,0,0,48,0,48,0,27,79,22,128,28,0,28,156
09/21/2006,FAY,NC,ASO,EN,Combined TRACON& Tower with Radar,0,27,19,5,51,0,0,37,0,37,0,27,56,5,88,32,2,34,122
09/22/2006,FAY,NC,ASO,EN,Combined TRACON& Tower with Radar,0,36,24,32,92,0,1,28,3,32,0,37,52,35,124,74,34,108,232
09/23/2006,FAY,NC,ASO,EN,Combined TRACON& Tower with Radar,0,24,33,0,57,0,0,20,0,20,0,24,53,0,77,202,0,202,279
09/24/2006,FAY,NC,ASO,EN,Combined TRACON& Tower with Radar,0,27,19,0,46,0,0,20,0,20,0,27,39,0,66,112,0,112,178
09/25/2006,FAY,NC,ASO,EN,Combined TRACON& Tower with Radar,0,30,31,25,86,0,0,14,2,16,0,30,45,27,102,0,24,24,126
09/26/2006,FAY,NC,ASO,EN,Combined TRACON& Tower with Radar,0,29,25,22,76,0,0,54,3,57,0,29,79,25,133,12,0,12,145
09/27/2006,FAY,NC,ASO,EN,Combined TRACON& Tower with Radar,0,24,34,9,67,0,2,31,0,33,0,26,65,9,100,30,18,48,148
09/28/2006,FAY,NC,ASO,EN,Combined TRACON& Tower with Radar,0,27,27,5,59,0,0,19,2,21,0,27,46,7,80,16,4,20,100
09/29/2006,FAY,NC,ASO,EN,Combined TRACON& Tower with Radar,0,32,23,25,80,0,1,29,2,32,0,33,52,27,112,72,58,130,242
09/30/2006,FAY,NC,ASO,EN,Combined TRACON& Tower with Radar,1,23,12,1,37,0,0,35,1,36,1,23,47,2,73,80,0,80,153
10/01/2006,FAY,NC,ASO,EN,Combined TRACON& Tower with Radar,0,26,15,0,41,0,2,34,0,36,0,28,49,0,77,32,0,32,109
10/02/2006,FAY,NC,ASO,EN,Combined TRACON& Tower with Radar,0,30,13,14,57,0,0,14,1,15,0,30,27,15,72,10,49,59,131
10/03/2006,FAY,NC,ASO,EN,Combined TRACON& Tower with Radar,0,0,0,0,0,6,78,229,258,571,6,78,229,258,571,10,54,64,635
10/04/2006,FAY,NC,ASO,EN,Combined TRACON& Tower with Radar,0,28,21,16,65,0,0,27,1,28,0,28,48,17,93,102,26,128,221
10/05/2006,FAY,NC,ASO,EN,Combined TRACON& Tower with Radar,0,29,15,5,49,0,0,27,1,28,0,29,42,6,77,26,32,58,135
10/06/2006,FAY,NC,ASO,EN,Combined TRACON& Tower with Radar,3,25,13,0,41,0,0,0,0,0,3,25,13,0,41,52,4,56,97
10/07/2006,FAY,NC,ASO,EN,Combined TRACON& Tower with Radar,0,26,29,6,61,0,0,1,0,1,0,26,30,6,62,54,28,82,144
10/08/2006,FAY,NC,ASO,EN,Combined TRACON& Tower with Radar,2,27,14,0,43,0,0,0,0,0,2,27,14,0,43,0,0,0,43
10/09/2006,FAY,NC,ASO,EN,Combined TRACON& Tower with Radar,0,26,20,0,46,0,0,4,0,4,0,26,24,0,50,0,0,0,50
10/10/2006,FAY,NC,ASO,EN,Combined TRACON& Tower with Radar,1,26,32,1,60,0,1,44,2,47,1,27,76,3,107,60,28,88,195
10/11/2006,FAY,NC,ASO,EN,Combined TRACON& Tower with Radar,0,24,42,21,87,0,2,34,0,36,0,26,76,21,123,28,32,60,183
10/12/2006,FAY,NC,ASO,EN,Combined TRACON& Tower with Radar,0,32,24,5,61,0,0,36,0,36,0,32,60,5,97,34,2,36,133
10/13/2006,FAY,NC,ASO,EN,Combined TRACON& Tower with Radar,11,17,28,0,56,0,0,50,4,54,11,17,78,4,110,50,6,56,166
10/14/2006,FAY,NC,ASO,EN,Combined TRACON& Tower with Radar,0,0,0,0,0,0,0,0,0,0,0,0,0,0,0,40,0,40,40
10/15/2006,FAY,NC,ASO,EN,Combined TRACON& Tower with Radar,0,29,18,8,55,0,0,35,2,37,0,29,53,10,92,88,0,88,180
10/16/2006,FAY,NC,ASO,EN,Combined TRACON& Tower with Radar,0,27,18,2,47,0,0,24,0,24,0,27,42,2,71,78,12,90,161
10/17/2006,FAY,NC,ASO,EN,Combined TRACON& Tower with Radar,0,27,41,17,85,0,0,1,0,1,0,27,42,17,86,0,0,0,86
10/18/2006,FAY,NC,ASO,EN,Combined TRACON& Tower with Radar,0,24,23,7,54,0,0,6,0,6,0,24,29,7,60,24,10,34,94
10/19/2006,FAY,NC,ASO,EN,Combined TRACON& Tower with Radar,0,28,32,16,76,0,0,15,0,15,0,28,47,16,91,19,12,31,122
10/20/2006,FAY,NC,ASO,EN,Combined TRACON& Tower with Radar,0,26,24,17,67,0,0,29,3,32,0,26,53,20,99,62,34,96,195
10/21/2006,FAY,NC,ASO,EN,Combined TRACON& Tower with Radar,4,22,13,0,39,0,0,15,0,15,4,22,28,0,54,92,14,106,160
10/22/2006,FAY,NC,ASO,EN,Combined TRACON& Tower with Radar,2,24,20,6,52,0,0,5,0,5,2,24,25,6,57,22,0,22,79
10/23/2006,FAY,NC,ASO,EN,Combined TRACON& Tower with Radar,0,28,23,12,63,0,0,30,3,33,0,28,53,15,96,18,20,38,134
10/24/2006,FAY,NC,ASO,EN,Combined TRACON& Tower with Radar,0,0,0,0,0,2,86,270,160,518,2,86,270,160,518,31,36,67,585
10/25/2006,FAY,NC,ASO,EN,Combined TRACON& Tower with Radar,0,27,15,15,57,0,0,33,1,34,0,27,48,16,91,46,52,98,189
10/26/2006,FAY,NC,ASO,EN,Combined TRACON& Tower with Radar,0,27,25,24,76,0,0,23,13,36,0,27,48,37,112,66,66,132,244
10/27/2006,FAY,NC,ASO,EN,Combined TRACON& Tower with Radar,0,29,17,0,46,0,0,16,0,16,0,29,33,0,62,0,0,0,62
10/28/2006,FAY,NC,ASO,EN,Combined TRACON& Tower with Radar,0,0,0,0,0,0,0,0,0,0,0,0,0,0,0,26,0,26,26
10/29/2006,FAY,NC,ASO,EN,Combined TRACON& Tower with Radar,0,28,39,0,67,0,0,32,0,32,0,28,71,0,99,76,0,76,175
10/30/2006,FAY,NC,ASO,EN,Combined TRACON& Tower with Radar,0,36,21,15,72,0,1,34,7,42,0,37,55,22,114,62,16,78,192
10/31/2006,FAY,NC,ASO,EN,Combined TRACON& Tower with Radar,0,0,0,0,0,9,48,286,170,513,9,48,286,170,513,40,14,54,567
11/01/2006,FAY,NC,ASO,EN,Combined TRACON& Tower with Radar,1,25,26,6,58,0,0,32,0,32,1,25,58,6,90,68,36,104,194
11/02/2006,FAY,NC,ASO,EN,Combined TRACON& Tower with Radar,2,26,14,23,65,0,1,13,1,15,2,27,27,24,80,10,40,50,130
11/03/2006,FAY,NC,ASO,EN,Combined TRACON& Tower with Radar,5,21,15,12,53,0,0,30,2,32,5,21,45,14,85,68,78,146,231
11/04/2006,FAY,NC,ASO,EN,Combined TRACON& Tower with Radar,2,19,4,0,25,0,0,31,0,31,2,19,35,0,56,72,0,72,128
11/05/2006,FAY,NC,ASO,EN,Combined TRACON& Tower with Radar,2,23,15,2,42,0,0,443,0,443,2,23,458,2,485,68,0,68,553
11/06/2006,FAY,NC,ASO,EN,Combined TRACON& Tower with Radar,2,26,34,28,90,0,0,23,5,28,2,26,57,33,118,42,94,136,254
11/07/2006,FAY,NC,ASO,EN,Combined TRACON& Tower with Radar,4,23,25,13,65,0,0,0,0,0,4,23,25,13,65,0,0,0,65
11/08/2006,FAY,NC,ASO,EN,Combined TRACON& Tower with Radar,2,27,34,35,98,0,0,1,0,1,2,27,35,35,99,8,28,36,135
11/09/2006,FAY,NC,ASO,EN,Combined TRACON& Tower with Radar,5,25,28,18,76,0,0,43,2,45,5,25,71,20,121,22,2,24,145
11/10/2006,FAY,NC,ASO,EN,Combined TRACON& Tower with Radar,6,26,19,2,53,0,0,41,0,41,6,26,60,2,94,62,0,62,156
11/11/2006,FAY,NC,ASO,EN,Combined TRACON& Tower with Radar,0,0,0,0,0,0,0,0,0,0,0,0,0,0,0,82,0,82,82
11/12/2006,FAY,NC,ASO,EN,Combined TRACON& Tower with Radar,4,27,16,0,47,0,1,2,0,3,4,28,18,0,50,72,0,72,122
11/13/2006,FAY,NC,ASO,EN,Combined TRACON& Tower with Radar,2,25,26,9,62,0,1,24,0,25,2,26,50,9,87,42,12,54,141
11/14/2006,FAY,NC,ASO,EN,Combined TRACON& Tower with Radar,4,26,31,33,94,0,0,24,3,27,4,26,55,36,121,55,0,55,176
11/15/2006,FAY,NC,ASO,EN,Combined TRACON& Tower with Radar,2,26,44,62,134,0,0,12,0,12,2,26,56,62,146,78,126,204,350
11/16/2006,FAY,NC,ASO,EN,Combined TRACON& Tower with Radar,2,27,17,1,47,0,0,0,0,0,2,27,17,1,47,34,0,34,81
11/17/2006,FAY,NC,ASO,EN,Combined TRACON& Tower with Radar,2,28,24,20,74,0,0,26,2,28,2,28,50,22,102,84,54,138,240
11/18/2006,FAY,NC,ASO,EN,Combined TRACON& Tower with Radar,4,22,11,2,39,0,0,25,1,26,4,22,36,3,65,72,0,72,137
11/19/2006,FAY,NC,ASO,EN,Combined TRACON& Tower with Radar,6,24,22,0,52,0,0,9,1,10,6,24,31,1,62,42,4,46,108
11/20/2006,FAY,NC,ASO,EN,Combined TRACON& Tower with Radar,2,23,26,26,77,0,0,19,0,19,2,23,45,26,96,16,66,82,178
11/21/2006,FAY,NC,ASO,EN,Combined TRACON& Tower with Radar,5,23,16,6,50,0,0,0,0,0,5,23,16,6,50,8,0,8,58
11/22/2006,FAY,NC,ASO,EN,Combined TRACON& Tower with Radar,2,29,16,3,50,0,0,0,0,0,2,29,16,3,50,0,0,0,50
11/23/2006,FAY,NC,ASO,EN,Combined TRACON& Tower with Radar,4,23,16,0,43,0,0,7,0,7,4,23,23,0,50,4,0,4,54
11/24/2006,FAY,NC,ASO,EN,Combined TRACON& Tower with Radar,0,18,14,0,32,0,0,33,0,33,0,18,47,0,65,122,0,122,187
11/25/2006,FAY,NC,ASO,EN,Combined TRACON& Tower with Radar,4,19,16,0,39,0,0,18,0,18,4,19,34,0,57,54,0,54,111
11/26/2006,FAY,NC,ASO,EN,Combined TRACON& Tower with Radar,5,27,28,0,60,0,0,27,0,27,5,27,55,0,87,114,0,114,201
11/27/2006,FAY,NC,ASO,EN,Combined TRACON& Tower with Radar,2,27,20,23,72,0,0,32,1,33,2,27,52,24,105,68,54,122,227
11/28/2006,FAY,NC,ASO,EN,Combined TRACON& Tower with Radar,4,31,46,19,100,0,0,33,4,37,4,31,79,23,137,38,4,42,179
11/29/2006,FAY,NC,ASO,EN,Combined TRACON& Tower with Radar,4,26,32,25,87,0,0,31,11,42,4,26,63,36,129,32,34,66,195
11/30/2006,FAY,NC,ASO,EN,Combined TRACON& Tower with Radar,5,25,25,11,66,0,0,11,7,18,5,25,36,18,84,22,44,66,150
12/01/2006,FAY,NC,ASO,EN,Combined TRACON& Tower with Radar,2,26,17,0,45,0,0,5,0,5,2,26,22,0,50,42,0,42,92
12/02/2006,FAY,NC,ASO,EN,Combined TRACON& Tower with Radar,0,0,0,0,0,0,0,0,0,0,0,0,0,0,0,76,6,82,82
12/03/2006,FAY,NC,ASO,EN,Combined TRACON& Tower with Radar,5,25,24,2,56,0,0,13,0,13,5,25,37,2,69,20,0,20,89
12/04/2006,FAY,NC,ASO,EN,Combined TRACON& Tower with Radar,3,26,21,12,62,0,4,35,0,39,3,30,56,12,101,70,30,100,201
12/05/2006,FAY,NC,ASO,EN,Combined TRACON& Tower with Radar,2,28,23,5,58,0,0,41,2,43,2,28,64,7,101,96,26,122,223
12/06/2006,FAY,NC,ASO,EN,Combined TRACON& Tower with Radar,2,24,29,44,99,0,3,27,6,36,2,27,56,50,135,34,114,148,283
12/07/2006,FAY,NC,ASO,EN,Combined TRACON& Tower with Radar,4,28,20,18,70,0,0,31,11,42,4,28,51,29,112,90,54,144,256
12/08/2006,FAY,NC,ASO,EN,Combined TRACON& Tower with Radar,2,25,23,26,76,0,0,23,1,24,2,25,46,27,100,16,74,90,190
12/09/2006,FAY,NC,ASO,EN,Combined TRACON& Tower with Radar,2,20,7,0,29,0,0,22,0,22,2,20,29,0,51,12,0,12,63
12/10/2006,FAY,NC,ASO,EN,Combined TRACON& Tower with Radar,6,23,7,0,36,0,0,20,0,20,6,23,27,0,56,36,0,36,92
12/11/2006,FAY,NC,ASO,EN,Combined TRACON& Tower with Radar,2,26,27,13,68,0,1,25,8,34,2,27,52,21,102,50,50,100,202
12/12/2006,FAY,NC,ASO,EN,Combined TRACON& Tower with Radar,2,25,41,14,82,0,0,23,5,28,2,25,64,19,110,32,30,62,172
12/13/2006,FAY,NC,ASO,EN,Combined TRACON& Tower with Radar,2,26,25,14,67,0,0,9,1,10,2,26,34,15,77,74,60,134,211
12/14/2006,FAY,NC,ASO,EN,Combined TRACON& Tower with Radar,5,26,31,7,69,0,0,18,5,23,5,26,49,12,92,18,54,72,164
12/15/2006,FAY,NC,ASO,EN,Combined TRACON& Tower with Radar,0,27,25,15,67,0,0,17,7,24,0,27,42,22,91,20,78,98,189
12/16/2006,FAY,NC,ASO,EN,Combined TRACON& Tower with Radar,0,0,0,0,0,0,0,0,0,0,0,0,0,0,0,4,0,4,4
12/17/2006,FAY,NC,ASO,EN,Combined TRACON& Tower with Radar,10,20,13,0,43,0,0,19,0,19,10,20,32,0,62,24,0,24,86
12/18/2006,FAY,NC,ASO,EN,Combined TRACON& Tower with Radar,0,31,34,2,67,0,0,22,0,22,0,31,56,2,89,2,0,2,91
12/19/2006,FAY,NC,ASO,EN,Combined TRACON& Tower with Radar,0,32,29,8,69,0,0,41,3,44,0,32,70,11,113,18,4,22,135
12/20/2006,FAY,NC,ASO,EN,Combined TRACON& Tower with Radar,0,32,24,9,65,0,0,34,1,35,0,32,58,10,100,36,44,80,180
12/21/2006,FAY,NC,ASO,EN,Combined TRACON& Tower with Radar,2,39,28,25,94,0,0,19,4,23,2,39,47,29,117,86,110,196,313
12/22/2006,FAY,NC,ASO,EN,Combined TRACON& Tower with Radar,0,0,0,0,0,0,0,0,0,0,0,0,0,0,0,16,8,24,24
12/23/2006,FAY,NC,ASO,EN,Combined TRACON& Tower with Radar,0,0,0,0,0,0,0,0,0,0,0,0,0,0,0,22,0,22,22
12/24/2006,FAY,NC,ASO,EN,Combined TRACON& Tower with Radar,2,17,3,0,22,0,0,10,0,10,2,17,13,0,32,12,0,12,44
12/25/2006,FAY,NC,ASO,EN,Combined TRACON& Tower with Radar,0,26,5,2,33,0,0,0,0,0,0,26,5,2,33,0,0,0,33
12/26/2006,FAY,NC,ASO,EN,Combined TRACON& Tower with Radar,2,30,29,0,61,0,0,0,0,0,2,30,29,0,61,38,0,38,99
12/27/2006,FAY,NC,ASO,EN,Combined TRACON& Tower with Radar,0,32,15,7,54,0,0,33,0,33,0,32,48,7,87,88,38,126,213
12/28/2006,FAY,NC,ASO,EN,Combined TRACON& Tower with Radar,4,31,8,1,44,0,0,46,1,47,4,31,54,2,91,62,12,74,165
12/29/2006,FAY,NC,ASO,EN,Combined TRACON& Tower with Radar,2,31,16,0,49,0,0,40,0,40,2,31,56,0,89,38,0,38,127
12/30/2006,FAY,NC,ASO,EN,Combined TRACON& Tower with Radar,3,20,11,0,34,0,0,33,0,33,3,20,44,0,67,104,0,104,171
12/31/2006,FAY,NC,ASO,EN,Combined TRACON& Tower with Radar,0,24,5,0,29,0,0,4,0,4,0,24,9,0,33,74,0,74,107
01/01/2007,FAY,NC,ASO,EN,Combined TRACON& Tower with Radar,0,22,9,0,31,0,0,0,0,0,0,22,9,0,31,6,0,6,37
01/02/2007,FAY,NC,ASO,EN,Combined TRACON& Tower with Radar,2,34,23,0,59,0,0,27,0,27,2,34,50,0,86,48,0,48,134
01/03/2007,FAY,NC,ASO,EN,Combined TRACON& Tower with Radar,0,33,22,0,55,0,0,45,0,45,0,33,67,0,100,50,0,50,150
01/04/2007,FAY,NC,ASO,EN,Combined TRACON& Tower with Radar,0,0,0,0,0,0,0,0,0,0,0,0,0,0,0,30,32,62,62
01/05/2007,FAY,NC,ASO,EN,Combined TRACON& Tower with Radar,0,31,23,19,73,0,0,4,0,4,0,31,27,19,77,6,0,6,83
01/06/2007,FAY,NC,ASO,EN,Combined TRACON& Tower with Radar,0,0,0,0,0,0,0,0,0,0,0,0,0,0,0,32,0,32,32
01/07/2007,FAY,NC,ASO,EN,Combined TRACON& Tower with Radar,0,34,5,1,40,0,0,7,0,7,0,34,12,1,47,26,0,26,73
01/08/2007,FAY,NC,ASO,EN,Combined TRACON& Tower with Radar,2,28,10,19,59,0,0,3,1,4,2,28,13,20,63,36,18,54,117
01/09/2007,FAY,NC,ASO,EN,Combined TRACON& Tower with Radar,0,33,16,11,60,0,0,21,0,21,0,33,37,11,81,22,4,26,107
01/10/2007,FAY,NC,ASO,EN,Combined TRACON& Tower with Radar,0,34,28,37,99,0,0,28,1,29,0,34,56,38,128,0,70,70,198
01/11/2007,FAY,NC,ASO,EN,Combined TRACON& Tower with Radar,2,33,18,28,81,0,2,24,4,30,2,35,42,32,111,96,48,144,255
01/12/2007,FAY,NC,ASO,EN,Combined TRACON& Tower with Radar,8,25,26,9,68,0,0,37,2,39,8,25,63,11,107,18,34,52,159
01/13/2007,FAY,NC,ASO,EN,Combined TRACON& Tower with Radar,0,0,0,0,0,0,0,0,0,0,0,0,0,0,0,50,0,50,50
01/14/2007,FAY,NC,ASO,EN,Combined TRACON& Tower with Radar,1,30,17,0,48,0,0,11,0,11,1,30,28,0,59,68,0,68,127
01/15/2007,FAY,NC,ASO,EN,Combined TRACON& Tower with Radar,0,28,23,0,51,0,0,24,0,24,0,28,47,0,75,16,0,16,91
01/16/2007,FAY,NC,ASO,EN,Combined TRACON& Tower with Radar,0,30,22,5,57,0,0,9,0,9,0,30,31,5,66,8,4,12,78
01/17/2007,FAY,NC,ASO,EN,Combined TRACON& Tower with Radar,0,29,23,16,68,0,0,28,0,28,0,29,51,16,96,0,0,0,96
01/18/2007,FAY,NC,ASO,EN,Combined TRACON& Tower with Radar,0,0,0,0,0,8,51,48,52,159,8,51,48,52,159,0,18,18,177
01/19/2007,FAY,NC,ASO,EN,Combined TRACON& Tower with Radar,0,31,17,9,57,0,0,22,2,24,0,31,39,11,81,34,14,48,129
01/20/2007,FAY,NC,ASO,EN,Combined TRACON& Tower with Radar,0,0,0,0,0,0,0,0,0,0,0,0,0,0,0,60,0,60,60
01/21/2007,FAY,NC,ASO,EN,Combined TRACON& Tower with Radar,2,27,5,0,34,0,0,8,0,8,2,27,13,0,42,62,0,62,104
01/22/2007,FAY,NC,ASO,EN,Combined TRACON& Tower with Radar,0,0,0,0,0,9,81,73,90,253,9,81,73,90,253,0,0,0,253
01/23/2007,FAY,NC,ASO,EN,Combined TRACON& Tower with Radar,0,37,34,1,72,0,0,29,9,38,0,37,63,10,110,80,12,92,202
01/24/2007,FAY,NC,ASO,EN,Combined TRACON& Tower with Radar,0,31,36,7,74,0,0,35,3,38,0,31,71,10,112,34,12,46,158
01/25/2007,FAY,NC,ASO,EN,Combined TRACON& Tower with Radar,2,29,25,13,69,0,0,21,4,25,2,29,46,17,94,14,0,14,108
01/26/2007,FAY,NC,ASO,EN,Combined TRACON& Tower with Radar,1,30,31,18,80,0,0,29,1,30,1,30,60,19,110,68,38,106,216
01/27/2007,FAY,NC,ASO,EN,Combined TRACON& Tower with Radar,0,21,15,2,38,0,0,37,0,37,0,21,52,2,75,62,0,62,137
01/28/2007,FAY,NC,ASO,EN,Combined TRACON& Tower with Radar,0,30,10,0,40,0,0,13,0,13,0,30,23,0,53,54,0,54,107
01/29/2007,FAY,NC,ASO,EN,Combined TRACON& Tower with Radar,2,30,34,6,72,0,1,20,1,22,2,31,54,7,94,4,0,4,98
01/30/2007,FAY,NC,ASO,EN,Combined TRACON& Tower with Radar,2,24,18,12,56,0,0,35,0,35,2,24,53,12,91,28,8,36,127
01/31/2007,FAY,NC,ASO,EN,Combined TRACON& Tower with Radar,0,33,17,6,56,0,2,32,5,39,0,35,49,11,95,18,50,68,163
02/01/2007,FAY,NC,ASO,EN,Combined TRACON& Tower with Radar,4,18,9,0,31,0,0,2,0,2,4,18,11,0,33,0,0,0,33
02/02/2007,FAY,NC,ASO,EN,Combined TRACON& Tower with Radar,1,32,13,6,52,0,0,0,0,0,1,32,13,6,52,0,0,0,52
02/03/2007,FAY,NC,ASO,EN,Combined TRACON& Tower with Radar,0,0,0,0,0,0,0,0,0,0,0,0,0,0,0,60,12,72,72
02/04/2007,FAY,NC,ASO,EN,Combined TRACON& Tower with Radar,0,0,0,0,0,0,0,0,0,0,0,0,0,0,0,58,0,58,58
02/05/2007,FAY,NC,ASO,EN,Combined TRACON& Tower with Radar,0,0,0,0,0,4,48,178,101,331,4,48,178,101,331,54,50,104,435
02/06/2007,FAY,NC,ASO,EN,Combined TRACON& Tower with Radar,0,32,26,15,73,0,2,18,1,21,0,34,44,16,94,44,12,56,150
02/07/2007,FAY,NC,ASO,EN,Combined TRACON& Tower with Radar,1,29,20,13,63,0,0,33,0,33,1,29,53,13,96,36,46,82,178
02/08/2007,FAY,NC,ASO,EN,Combined TRACON& Tower with Radar,3,30,37,10,80,0,1,24,1,26,3,31,61,11,106,72,18,90,196
02/09/2007,FAY,NC,ASO,EN,Combined TRACON& Tower with Radar,0,34,14,21,69,0,0,26,1,27,0,34,40,22,96,14,56,70,166
02/10/2007,FAY,NC,ASO,EN,Combined TRACON& Tower with Radar,0,0,0,0,0,0,0,0,0,0,0,0,0,0,0,100,0,100,100
02/11/2007,FAY,NC,ASO,EN,Combined TRACON& Tower with Radar,4,25,20,0,49,0,1,21,0,22,4,26,41,0,71,66,0,66,137
02/12/2007,FAY,NC,ASO,EN,Combined TRACON& Tower with Radar,0,0,0,0,0,10,50,170,104,334,10,50,170,104,334,30,0,30,364
02/13/2007,FAY,NC,ASO,EN,Combined TRACON& Tower with Radar,0,32,13,11,56,0,0,1,0,1,0,32,14,11,57,14,0,14,71
02/14/2007,FAY,NC,ASO,EN,Combined TRACON& Tower with Radar,0,31,35,36,102,0,0,5,0,5,0,31,40,36,107,88,0,88,195
02/15/2007,FAY,NC,ASO,EN,Combined TRACON& Tower with Radar,2,32,22,6,62,0,0,20,0,20,2,32,42,6,82,54,10,64,146
02/16/2007,FAY,NC,ASO,EN,Combined TRACON& Tower with Radar,0,34,25,14,73,0,0,48,0,48,0,34,73,14,121,22,14,36,157
02/17/2007,FAY,NC,ASO,EN,Combined TRACON& Tower with Radar,2,28,15,0,45,0,0,21,0,21,2,28,36,0,66,0,0,0,66
02/18/2007,FAY,NC,ASO,EN,Combined TRACON& Tower with Radar,4,28,10,0,42,0,0,8,0,8,4,28,18,0,50,48,0,48,98
02/19/2007,FAY,NC,ASO,EN,Combined TRACON& Tower with Radar,2,25,47,0,74,0,0,29,0,29,2,25,76,0,103,44,0,44,147
02/20/2007,FAY,NC,ASO,EN,Combined TRACON& Tower with Radar,2,29,41,18,90,0,0,13,2,15,2,29,54,20,105,14,56,70,175
02/21/2007,FAY,NC,ASO,EN,Combined TRACON& Tower with Radar,1,31,29,10,71,0,0,10,4,14,1,31,39,14,85,30,58,88,173
02/22/2007,FAY,NC,ASO,EN,Combined TRACON& Tower with Radar,4,28,26,12,70,0,0,22,6,28,4,28,48,18,98,0,4,4,102
02/23/2007,FAY,NC,ASO,EN,Combined TRACON& Tower with Radar,0,36,31,0,67,0,0,33,2,35,0,36,64,2,102,16,0,16,118
02/24/2007,FAY,NC,ASO,EN,Combined TRACON& Tower with Radar,0,0,0,0,0,0,0,0,0,0,0,0,0,0,0,54,0,54,54
02/25/2007,FAY,NC,ASO,EN,Combined TRACON& Tower with Radar,2,34,13,0,49,0,0,4,0,4,2,34,17,0,53,0,0,0,53
02/26/2007,FAY,NC,ASO,EN,Combined TRACON& Tower with Radar,1,31,22,4,58,0,0,21,0,21,1,31,43,4,79,28,8,36,115
02/27/2007,FAY,NC,ASO,EN,Combined TRACON& Tower with Radar,2,28,36,7,73,0,0,67,6,73,2,28,103,13,146,20,44,64,210
02/28/2007,FAY,NC,ASO,EN,Combined TRACON& Tower with Radar,2,29,20,16,67,0,0,56,0,56,2,29,76,16,123,20,20,40,163
03/01/2007,FAY,NC,ASO,EN,Combined TRACON& Tower with Radar,3,30,22,18,73,0,0,12,0,12,3,30,34,18,85,8,4,12,97
03/02/2007,FAY,NC,ASO,EN,Combined TRACON& Tower with Radar,1,31,21,26,79,0,0,26,2,28,1,31,47,28,107,5,18,23,130
03/03/2007,FAY,NC,ASO,EN,Combined TRACON& Tower with Radar,0,0,0,0,0,3,40,118,31,192,3,40,118,31,192,22,0,22,214
03/04/2007,FAY,NC,ASO,EN,Combined TRACON& Tower with Radar,4,30,15,3,52,0,0,22,1,23,4,30,37,4,75,34,8,42,117
03/05/2007,FAY,NC,ASO,EN,Combined TRACON& Tower with Radar,2,29,34,22,87,0,0,12,1,13,2,29,46,23,100,34,30,64,164
03/06/2007,FAY,NC,ASO,EN,Combined TRACON& Tower with Radar,2,29,29,12,72,0,0,29,1,30,2,29,58,13,102,21,10,31,133
03/07/2007,FAY,NC,ASO,EN,Combined TRACON& Tower with Radar,1,29,15,16,61,0,0,24,0,24,1,29,39,16,85,44,48,92,177
03/08/2007,FAY,NC,ASO,EN,Combined TRACON& Tower with Radar,3,29,33,8,73,0,8,24,4,36,3,37,57,12,109,44,20,64,173
03/09/2007,FAY,NC,ASO,EN,Combined TRACON& Tower with Radar,0,33,14,24,71,0,0,37,0,37,0,33,51,24,108,88,10,98,206
03/10/2007,FAY,NC,ASO,EN,Combined TRACON& Tower with Radar,0,27,24,3,54,0,0,33,0,33,0,27,57,3,87,82,0,82,169
03/11/2007,FAY,NC,ASO,EN,Combined TRACON& Tower with Radar,5,26,27,0,58,0,0,33,0,33,5,26,60,0,91,108,0,108,199
03/12/2007,FAY,NC,ASO,EN,Combined TRACON& Tower with Radar,2,29,27,5,63,0,0,29,0,29,2,29,56,5,92,34,22,56,148
03/13/2007,FAY,NC,ASO,EN,Combined TRACON& Tower with Radar,2,27,31,8,68,0,0,22,0,22,2,27,53,8,90,44,0,44,134
03/14/2007,FAY,NC,ASO,EN,Combined TRACON& Tower with Radar,2,30,24,10,66,0,0,25,0,25,2,30,49,10,91,14,40,54,145
03/15/2007,FAY,NC,ASO,EN,Combined TRACON& Tower with Radar,2,38,23,4,67,0,0,24,3,27,2,38,47,7,94,46,18,64,158
03/16/2007,FAY,NC,ASO,EN,Combined TRACON& Tower with Radar,0,27,15,0,42,0,0,0,0,0,0,27,15,0,42,0,0,0,42
03/17/2007,FAY,NC,ASO,EN,Combined TRACON& Tower with Radar,0,0,0,0,0,8,49,180,14,251,8,49,180,14,251,48,0,48,299
03/18/2007,FAY,NC,ASO,EN,Combined TRACON& Tower with Radar,3,29,31,0,63,0,1,8,2,11,3,30,39,2,74,22,0,22,96
03/19/2007,FAY,NC,ASO,EN,Combined TRACON& Tower with Radar,2,28,26,3,59,0,0,39,0,39,2,28,65,3,98,54,6,60,158
03/20/2007,FAY,NC,ASO,EN,Combined TRACON& Tower with Radar,0,31,43,23,97,0,3,34,12,49,0,34,77,35,146,56,80,136,282
03/21/2007,FAY,NC,ASO,EN,Combined TRACON& Tower with Radar,0,27,32,7,66,0,1,50,5,56,0,28,82,12,122,65,36,101,223
03/22/2007,FAY,NC,ASO,EN,Combined TRACON& Tower with Radar,6,27,32,21,86,0,0,29,1,30,6,27,61,22,116,42,0,42,158
03/23/2007,FAY,NC,ASO,EN,Combined TRACON& Tower with Radar,0,30,28,13,71,0,0,42,0,42,0,30,70,13,113,152,4,156,269
03/24/2007,FAY,NC,ASO,EN,Combined TRACON& Tower with Radar,0,0,0,0,0,0,0,0,0,0,0,0,0,0,0,124,0,124,124
03/25/2007,FAY,NC,ASO,EN,Combined TRACON& Tower with Radar,2,29,8,0,39,0,0,48,0,48,2,29,56,0,87,134,0,134,221
03/26/2007,FAY,NC,ASO,EN,Combined TRACON& Tower with Radar,0,30,18,13,61,0,1,12,1,14,0,31,30,14,75,18,20,38,113
03/27/2007,FAY,NC,ASO,EN,Combined TRACON& Tower with Radar,0,31,22,20,73,0,4,44,3,51,0,35,66,23,124,58,42,100,224
03/28/2007,FAY,NC,ASO,EN,Combined TRACON& Tower with Radar,0,28,16,6,50,0,0,42,4,46,0,28,58,10,96,42,2,44,140
03/29/2007,FAY,NC,ASO,EN,Combined TRACON& Tower with Radar,2,27,14,3,46,0,0,11,0,11,2,27,25,3,57,20,24,44,101
03/30/2007,FAY,NC,ASO,EN,Combined TRACON& Tower with Radar,0,26,19,14,59,0,2,50,4,56,0,28,69,18,115,104,30,134,249
03/31/2007,FAY,NC,ASO,EN,Combined TRACON& Tower with Radar,0,27,19,2,48,0,1,49,0,50,0,28,68,2,98,80,0,80,178
04/01/2007,FAY,NC,ASO,EN,Combined TRACON& Tower with Radar,0,28,14,0,42,0,0,24,0,24,0,28,38,0,66,90,0,90,156
04/02/2007,FAY,NC,ASO,EN,Combined TRACON& Tower with Radar,2,29,22,6,59,0,1,17,0,18,2,30,39,6,77,108,38,146,223
04/03/2007,FAY,NC,ASO,EN,Combined TRACON& Tower with Radar,1,29,19,3,52,0,0,29,3,32,1,29,48,6,84,8,0,8,92
04/04/2007,FAY,NC,ASO,EN,Combined TRACON& Tower with Radar,2,27,20,19,68,0,0,22,14,36,2,27,42,33,104,30,68,98,202
04/05/2007,FAY,NC,ASO,EN,Combined TRACON& Tower with Radar,3,30,24,35,92,0,0,32,4,36,3,30,56,39,128,32,14,46,174
04/06/2007,FAY,NC,ASO,EN,Combined TRACON& Tower with Radar,0,26,14,0,40,0,4,36,0,40,0,30,50,0,80,40,2,42,122
04/07/2007,FAY,NC,ASO,EN,Combined TRACON& Tower with Radar,0,24,6,0,30,0,0,12,0,12,0,24,18,0,42,74,0,74,116
04/08/2007,FAY,NC,ASO,EN,Combined TRACON& Tower with Radar,2,30,11,0,43,0,0,7,0,7,2,30,18,0,50,52,0,52,102
04/09/2007,FAY,NC,ASO,EN,Combined TRACON& Tower with Radar,2,30,31,40,103,0,0,22,0,22,2,30,53,40,125,40,26,66,191
04/10/2007,FAY,NC,ASO,EN,Combined TRACON& Tower with Radar,2,31,30,7,70,0,0,52,0,52,2,31,82,7,122,22,14,36,158
04/11/2007,FAY,NC,ASO,EN,Combined TRACON& Tower with Radar,2,30,19,9,60,0,0,0,1,1,2,30,19,10,61,0,0,0,61
04/12/2007,FAY,NC,ASO,EN,Combined TRACON& Tower with Radar,0,0,0,0,0,12,81,245,210,548,12,81,245,210,548,52,10,62,610
04/13/2007,FAY,NC,ASO,EN,Combined TRACON& Tower with Radar,0,28,23,13,64,0,0,44,8,52,0,28,67,21,116,36,20,56,172
04/14/2007,FAY,NC,ASO,EN,Combined TRACON& Tower with Radar,0,25,11,4,40,0,3,52,0,55,0,28,63,4,95,46,0,46,141
04/15/2007,FAY,NC,ASO,EN,Combined TRACON& Tower with Radar,4,27,6,0,37,0,0,2,0,2,4,27,8,0,39,0,0,0,39
04/16/2007,FAY,NC,ASO,EN,Combined TRACON& Tower with Radar,0,0,0,0,0,7,65,133,99,304,7,65,133,99,304,0,0,0,304
04/17/2007,FAY,NC,ASO,EN,Combined TRACON& Tower with Radar,1,27,22,14,64,0,0,19,1,20,1,27,41,15,84,0,14,14,98
04/18/2007,FAY,NC,ASO,EN,Combined TRACON& Tower with Radar,0,31,33,0,64,0,2,39,0,41,0,33,72,0,105,16,0,16,121
04/19/2007,FAY,NC,ASO,EN,Combined TRACON& Tower with Radar,0,29,35,22,86,0,1,49,14,64,0,30,84,36,150,140,94,234,384
04/20/2007,FAY,NC,ASO,EN,Combined TRACON& Tower with Radar,0,33,22,0,55,0,0,59,2,61,0,33,81,2,116,82,22,104,220
04/21/2007,FAY,NC,ASO,EN,Combined TRACON& Tower with Radar,0,0,0,0,0,0,0,0,0,0,0,0,0,0,0,98,12,110,110
04/22/2007,FAY,NC,ASO,EN,Combined TRACON& Tower with Radar,2,28,11,0,41,0,0,29,0,29,2,28,40,0,70,89,0,89,159
04/23/2007,FAY,NC,ASO,EN,Combined TRACON& Tower with Radar,2,31,19,23,75,0,0,34,5,39,2,31,53,28,114,90,104,194,308
04/24/2007,FAY,NC,ASO,EN,Combined TRACON& Tower with Radar,0,0,0,0,0,0,0,0,0,0,0,0,0,0,0,84,0,84,84
04/25/2007,FAY,NC,ASO,EN,Combined TRACON& Tower with Radar,2,27,15,7,51,0,0,42,0,42,2,27,57,7,93,38,26,64,157
04/26/2007,FAY,NC,ASO,EN,Combined TRACON& Tower with Radar,2,31,26,15,74,0,4,19,8,31,2,35,45,23,105,50,36,86,191
04/27/2007,FAY,NC,ASO,EN,Combined TRACON& Tower with Radar,0,31,10,0,41,0,2,17,2,21,0,33,27,2,62,34,2,36,98
04/28/2007,FAY,NC,ASO,EN,Combined TRACON& Tower with Radar,0,0,0,0,0,0,0,0,0,0,0,0,0,0,0,60,0,60,60
04/29/2007,FAY,NC,ASO,EN,Combined TRACON& Tower with Radar,0,28,10,0,38,0,0,20,0,20,0,28,30,0,58,50,0,50,108
04/30/2007,FAY,NC,ASO,EN,Combined TRACON& Tower with Radar,2,35,26,6,69,0,0,27,0,27,2,35,53,6,96,54,2,56,152
05/01/2007,FAY,NC,ASO,EN,Combined TRACON& Tower with Radar,0,31,19,11,61,0,1,35,4,40,0,32,54,15,101,36,28,64,165
05/02/2007,FAY,NC,ASO,EN,Combined TRACON& Tower with Radar,2,28,27,8,65,0,0,27,0,27,2,28,54,8,92,92,12,104,196
05/04/2007,FAY,NC,ASO,EN,Combined TRACON& Tower with Radar,4,29,34,18,85,0,0,1,0,1,4,29,35,18,86,18,12,30,116
05/05/2007,FAY,NC,ASO,EN,Combined TRACON& Tower with Radar,0,26,39,8,73,0,0,23,0,23,0,26,62,8,96,52,0,52,148
05/06/2007,FAY,NC,ASO,EN,Combined TRACON& Tower with Radar,1,25,13,3,42,0,0,5,0,5,1,25,18,3,47,42,0,42,89
05/07/2007,FAY,NC,ASO,EN,Combined TRACON& Tower with Radar,0,0,0,0,0,6,67,215,111,399,6,67,215,111,399,38,0,38,437
05/08/2007,FAY,NC,ASO,EN,Combined TRACON& Tower with Radar,3,29,37,20,89,0,0,7,0,7,3,29,44,20,96,26,4,30,126
05/09/2007,FAY,NC,ASO,EN,Combined TRACON& Tower with Radar,0,30,21,12,63,0,0,15,4,19,0,30,36,16,82,16,26,42,124
05/10/2007,FAY,NC,ASO,EN,Combined TRACON& Tower with Radar,2,33,39,20,94,0,0,41,4,45,2,33,80,24,139,62,76,138,277
05/11/2007,FAY,NC,ASO,EN,Combined TRACON& Tower with Radar,3,29,29,19,80,0,0,36,0,36,3,29,65,19,116,54,48,102,218
05/12/2007,FAY,NC,ASO,EN,Combined TRACON& Tower with Radar,0,0,0,0,0,0,0,0,0,0,0,0,0,0,0,34,0,34,34
05/13/2007,FAY,NC,ASO,EN,Combined TRACON& Tower with Radar,1,30,13,0,44,0,0,10,0,10,1,30,23,0,54,54,0,54,108
05/14/2007,FAY,NC,ASO,EN,Combined TRACON& Tower with Radar,2,35,14,7,58,0,6,55,1,62,2,41,69,8,120,58,18,76,196
05/15/2007,FAY,NC,ASO,EN,Combined TRACON& Tower with Radar,0,33,37,1,71,0,4,43,4,51,0,37,80,5,122,66,10,76,198
05/17/2007,FAY,NC,ASO,EN,Combined TRACON& Tower with Radar,2,32,30,26,90,0,0,11,3,14,2,32,41,29,104,38,24,62,166
05/18/2007,FAY,NC,ASO,EN,Combined TRACON& Tower with Radar,0,30,33,20,83,0,2,30,0,32,0,32,63,20,115,66,0,66,181
05/19/2007,FAY,NC,ASO,EN,Combined TRACON& Tower with Radar,0,0,0,0,0,0,0,0,0,0,0,0,0,0,0,62,0,62,62
05/20/2007,FAY,NC,ASO,EN,Combined TRACON& Tower with Radar,2,29,15,9,55,0,3,36,1,40,2,32,51,10,95,56,4,60,155
05/21/2007,FAY,NC,ASO,EN,Combined TRACON& Tower with Radar,2,29,17,31,79,0,0,31,1,32,2,29,48,32,111,16,12,28,139
05/22/2007,FAY,NC,ASO,EN,Combined TRACON& Tower with Radar,0,27,28,12,67,0,0,10,0,10,0,27,38,12,77,74,14,88,165
05/23/2007,FAY,NC,ASO,EN,Combined TRACON& Tower with Radar,1,31,37,11,80,0,1,17,1,19,1,32,54,12,99,64,50,114,213
05/24/2007,FAY,NC,ASO,EN,Combined TRACON& Tower with Radar,2,31,33,0,66,0,3,26,7,36,2,34,59,7,102,76,32,108,210
05/25/2007,FAY,NC,ASO,EN,Combined TRACON& Tower with Radar,0,33,24,0,57,0,3,31,1,35,0,36,55,1,92,80,0,80,172
05/26/2007,FAY,NC,ASO,EN,Combined TRACON& Tower with Radar,0,22,28,2,52,0,1,26,0,27,0,23,54,2,79,76,0,76,155
05/27/2007,FAY,NC,ASO,EN,Combined TRACON& Tower with Radar,0,19,25,0,44,0,0,13,0,13,0,19,38,0,57,54,0,54,111
05/28/2007,FAY,NC,ASO,EN,Combined TRACON& Tower with Radar,2,29,23,0,54,0,0,37,0,37,2,29,60,0,91,20,0,20,111
05/29/2007,FAY,NC,ASO,EN,Combined TRACON& Tower with Radar,2,29,21,8,60,0,0,24,3,27,2,29,45,11,87,26,38,64,151
05/30/2007,FAY,NC,ASO,EN,Combined TRACON& Tower with Radar,2,43,23,16,84,0,3,16,0,19,2,46,39,16,103,66,54,120,223
05/31/2007,FAY,NC,ASO,EN,Combined TRACON& Tower with Radar,2,28,18,26,74,0,0,43,2,45,2,28,61,28,119,84,54,138,257
06/01/2007,FAY,NC,ASO,EN,Combined TRACON& Tower with Radar,0,30,23,1,54,0,1,25,0,26,0,31,48,1,80,20,0,20,100
06/02/2007,FAY,NC,ASO,EN,Combined TRACON& Tower with Radar,0,0,0,0,0,0,0,0,0,0,0,0,0,0,0,68,0,68,68
06/03/2007,FAY,NC,ASO,EN,Combined TRACON& Tower with Radar,0,29,13,0,42,0,0,0,0,0,0,29,13,0,42,18,0,18,60
06/04/2007,FAY,NC,ASO,EN,Combined TRACON& Tower with Radar,0,31,24,6,61,0,0,8,0,8,0,31,32,6,69,22,6,28,97
06/05/2007,FAY,NC,ASO,EN,Combined TRACON& Tower with Radar,0,0,0,0,0,0,0,0,0,0,0,0,0,0,0,8,8,16,16
06/06/2007,FAY,NC,ASO,EN,Combined TRACON& Tower with Radar,0,32,15,3,50,0,0,43,3,46,0,32,58,6,96,94,18,112,208
06/07/2007,FAY,NC,ASO,EN,Combined TRACON& Tower with Radar,0,30,20,7,57,0,1,37,0,38,0,31,57,7,95,24,0,24,119
06/08/2007,FAY,NC,ASO,EN,Combined TRACON& Tower with Radar,0,26,24,8,58,0,0,28,0,28,0,26,52,8,86,14,20,34,120
06/09/2007,FAY,NC,ASO,EN,Combined TRACON& Tower with Radar,0,25,15,0,40,0,0,36,0,36,0,25,51,0,76,76,0,76,152
06/10/2007,FAY,NC,ASO,EN,Combined TRACON& Tower with Radar,0,22,23,0,45,0,0,22,0,22,0,22,45,0,67,76,0,76,143
06/11/2007,FAY,NC,ASO,EN,Combined TRACON& Tower with Radar,0,23,13,6,42,0,0,7,5,12,0,23,20,11,54,0,10,10,64
06/12/2007,FAY,NC,ASO,EN,Combined TRACON& Tower with Radar,0,29,28,0,57,0,0,9,2,11,0,29,37,2,68,66,0,66,134
06/13/2007,FAY,NC,ASO,EN,Combined TRACON& Tower with Radar,0,29,29,8,66,0,0,25,4,29,0,29,54,12,95,36,8,44,139
06/14/2007,FAY,NC,ASO,EN,Combined TRACON& Tower with Radar,0,31,30,0,61,0,0,2,8,10,0,31,32,8,71,12,0,12,83
06/15/2007,FAY,NC,ASO,EN,Combined TRACON& Tower with Radar,0,30,27,6,63,0,2,21,4,27,0,32,48,10,90,38,12,50,140
06/16/2007,FAY,NC,ASO,EN,Combined TRACON& Tower with Radar,2,24,28,0,54,0,6,26,0,32,2,30,54,0,86,30,0,30,116
06/17/2007,FAY,NC,ASO,EN,Combined TRACON& Tower with Radar,2,27,13,4,46,0,0,26,0,26,2,27,39,4,72,160,0,160,232
06/18/2007,FAY,NC,ASO,EN,Combined TRACON& Tower with Radar,0,29,23,14,66,0,1,32,1,34,0,30,55,15,100,26,0,26,126
06/19/2007,FAY,NC,ASO,EN,Combined TRACON& Tower with Radar,0,28,11,17,56,0,0,23,0,23,0,28,34,17,79,56,38,94,173
06/20/2007,FAY,NC,ASO,EN,Combined TRACON& Tower with Radar,0,34,23,7,64,0,0,20,0,20,0,34,43,7,84,76,0,76,160
06/21/2007,FAY,NC,ASO,EN,Combined TRACON& Tower with Radar,0,28,23,1,52,0,2,39,0,41,0,30,62,1,93,46,16,62,155
06/22/2007,FAY,NC,ASO,EN,Combined TRACON& Tower with Radar,0,29,32,4,65,0,0,36,3,39,0,29,68,7,104,72,6,78,182
06/23/2007,FAY,NC,ASO,EN,Combined TRACON& Tower with Radar,0,24,14,4,42,0,0,25,0,25,0,24,39,4,67,60,0,60,127
06/24/2007,FAY,NC,ASO,EN,Combined TRACON& Tower with Radar,0,27,27,4,58,0,0,18,0,18,0,27,45,4,76,44,6,50,126
06/25/2007,FAY,NC,ASO,EN,Combined TRACON& Tower with Radar,0,30,11,0,41,0,0,18,1,19,0,30,29,1,60,48,58,106,166
06/26/2007,FAY,NC,ASO,EN,Combined TRACON& Tower with Radar,0,31,31,2,64,0,0,17,0,17,0,31,48,2,81,70,0,70,151
06/27/2007,FAY,NC,ASO,EN,Combined TRACON& Tower with Radar,0,32,21,5,58,0,0,24,0,24,0,32,45,5,82,90,28,118,200
06/28/2007,FAY,NC,ASO,EN,Combined TRACON& Tower with Radar,0,0,0,0,0,16,100,286,216,618,16,100,286,216,618,42,10,52,670
06/29/2007,FAY,NC,ASO,EN,Combined TRACON& Tower with Radar,0,31,21,11,63,0,0,16,4,20,0,31,37,15,83,50,42,92,175
06/30/2007,FAY,NC,ASO,EN,Combined TRACON& Tower with Radar,0,0,0,0,0,0,0,0,0,0,0,0,0,0,0,48,0,48,48
07/01/2007,FAY,NC,ASO,EN,Combined TRACON& Tower with Radar,13,16,20,0,49,0,0,22,0,22,13,16,42,0,71,78,0,78,149
07/02/2007,FAY,NC,ASO,EN,Combined TRACON& Tower with Radar,8,20,18,6,52,0,2,39,1,42,8,22,57,7,94,8,0,8,102
07/03/2007,FAY,NC,ASO,EN,Combined TRACON& Tower with Radar,0,0,0,0,0,0,0,0,0,0,0,0,0,0,0,13,3,16,16
07/04/2007,FAY,NC,ASO,EN,Combined TRACON& Tower with Radar,0,20,14,4,38,0,0,0,0,0,0,20,14,4,38,52,8,60,98
07/05/2007,FAY,NC,ASO,EN,Combined TRACON& Tower with Radar,0,28,16,2,46,0,1,45,0,46,0,29,61,2,92,2,0,2,94
07/06/2007,FAY,NC,ASO,EN,Combined TRACON& Tower with Radar,2,27,15,9,53,1,3,45,1,50,3,30,60,10,103,22,6,28,131
07/07/2007,FAY,NC,ASO,EN,Combined TRACON& Tower with Radar,2,20,4,0,26,0,0,14,0,14,2,20,18,0,40,12,0,12,52
07/08/2007,FAY,NC,ASO,EN,Combined TRACON& Tower with Radar,3,29,15,0,47,0,0,13,0,13,3,29,28,0,60,100,0,100,160
07/09/2007,FAY,NC,ASO,EN,Combined TRACON& Tower with Radar,0,30,31,6,67,1,0,16,0,17,1,30,47,6,84,16,0,16,100
07/10/2007,FAY,NC,ASO,EN,Combined TRACON& Tower with Radar,0,27,33,19,79,0,0,0,0,0,0,27,33,19,79,8,6,14,93
07/11/2007,FAY,NC,ASO,EN,Combined TRACON& Tower with Radar,0,28,22,13,63,0,0,17,1,18,0,28,39,14,81,16,0,16,97
07/12/2007,FAY,NC,ASO,EN,Combined TRACON& Tower with Radar,0,32,22,2,56,0,0,39,0,39,0,32,61,2,95,28,0,28,123
07/13/2007,FAY,NC,ASO,EN,Combined TRACON& Tower with Radar,0,28,11,10,49,0,0,35,2,37,0,28,46,12,86,44,24,68,154
07/14/2007,FAY,NC,ASO,EN,Combined TRACON& Tower with Radar,4,25,15,0,44,0,0,33,2,35,4,25,48,2,79,96,0,96,175
07/15/2007,FAY,NC,ASO,EN,Combined TRACON& Tower with Radar,0,30,27,0,57,0,0,8,0,8,0,30,35,0,65,0,0,0,65
07/16/2007,FAY,NC,ASO,EN,Combined TRACON& Tower with Radar,0,33,22,9,64,0,0,25,0,25,0,33,47,9,89,24,20,44,133
07/17/2007,FAY,NC,ASO,EN,Combined TRACON& Tower with Radar,0,29,43,12,84,0,1,35,3,39,0,30,78,15,123,38,0,38,161
07/18/2007,FAY,NC,ASO,EN,Combined TRACON& Tower with Radar,0,30,15,22,67,0,0,20,7,27,0,30,35,29,94,36,8,44,138
07/19/2007,FAY,NC,ASO,EN,Combined TRACON& Tower with Radar,0,31,22,18,71,0,0,41,0,41,0,31,63,18,112,54,30,84,196
07/20/2007,FAY,NC,ASO,EN,Combined TRACON& Tower with Radar,0,28,29,2,59,0,0,21,0,21,0,28,50,2,80,78,0,78,158
07/21/2007,FAY,NC,ASO,EN,Combined TRACON& Tower with Radar,3,29,28,0,60,0,1,33,0,34,3,30,61,0,94,72,0,72,166
07/22/2007,FAY,NC,ASO,EN,Combined TRACON& Tower with Radar,2,28,26,4,60,0,0,37,0,37,2,28,63,4,97,18,2,20,117
07/23/2007,FAY,NC,ASO,EN,Combined TRACON& Tower with Radar,0,31,7,11,49,0,2,24,3,29,0,33,31,14,78,60,50,110,188
07/24/2007,FAY,NC,ASO,EN,Combined TRACON& Tower with Radar,0,0,0,0,0,0,0,0,0,0,0,0,0,0,0,86,16,102,102
07/25/2007,FAY,NC,ASO,EN,Combined TRACON& Tower with Radar,0,34,19,14,67,0,0,0,0,0,0,34,19,14,67,26,0,26,93
07/26/2007,FAY,NC,ASO,EN,Combined TRACON& Tower with Radar,0,30,20,11,61,0,3,31,0,34,0,33,51,11,95,0,4,4,99
07/27/2007,FAY,NC,ASO,EN,Combined TRACON& Tower with Radar,2,30,11,8,51,0,0,12,12,24,2,30,23,20,75,0,26,26,101
07/28/2007,FAY,NC,ASO,EN,Combined TRACON& Tower with Radar,0,19,5,0,24,0,3,20,0,23,0,22,25,0,47,78,0,78,125
07/29/2007,FAY,NC,ASO,EN,Combined TRACON& Tower with Radar,0,0,0,0,0,13,39,263,46,361,13,39,263,46,361,52,0,52,413
07/30/2007,FAY,NC,ASO,EN,Combined TRACON& Tower with Radar,0,31,29,6,66,0,1,17,0,18,0,32,46,6,84,46,12,58,142
07/31/2007,FAY,NC,ASO,EN,Combined TRACON& Tower with Radar,0,32,35,12,79,0,0,38,0,38,0,32,73,12,117,28,20,48,165
08/01/2007,FAY,NC,ASO,EN,Combined TRACON& Tower with Radar,0,30,31,14,75,0,1,46,3,50,0,31,77,17,125,0,12,12,137
08/02/2007,FAY,NC,ASO,EN,Combined TRACON& Tower with Radar,0,28,27,0,55,0,0,0,0,0,0,28,27,0,55,0,0,0,55
08/03/2007,FAY,NC,ASO,EN,Combined TRACON& Tower with Radar,0,29,16,32,77,0,0,17,0,17,0,29,33,32,94,54,66,120,214
08/04/2007,FAY,NC,ASO,EN,Combined TRACON& Tower with Radar,0,27,26,0,53,0,0,31,0,31,0,27,57,0,84,46,0,46,130
08/05/2007,FAY,NC,ASO,EN,Combined TRACON& Tower with Radar,1,27,26,6,60,0,2,21,1,24,1,29,47,7,84,52,12,64,148
08/06/2007,FAY,NC,ASO,EN,Combined TRACON& Tower with Radar,0,34,18,9,61,0,0,6,2,8,0,34,24,11,69,0,0,0,69
08/07/2007,FAY,NC,ASO,EN,Combined TRACON& Tower with Radar,0,30,15,14,59,0,0,11,0,11,0,30,26,14,70,16,6,22,92
08/08/2007,FAY,NC,ASO,EN,Combined TRACON& Tower with Radar,0,29,43,9,81,0,0,0,0,0,0,29,43,9,81,4,30,34,115
08/09/2007,FAY,NC,ASO,EN,Combined TRACON& Tower with Radar,0,26,26,17,69,0,0,20,2,22,0,26,46,19,91,4,14,18,109
08/10/2007,FAY,NC,ASO,EN,Combined TRACON& Tower with Radar,0,30,41,24,95,0,0,21,0,21,0,30,62,24,116,24,32,56,172
08/11/2007,FAY,NC,ASO,EN,Combined TRACON& Tower with Radar,1,27,16,0,44,0,0,7,0,7,1,27,23,0,51,42,0,42,93
08/12/2007,FAY,NC,ASO,EN,Combined TRACON& Tower with Radar,0,0,0,0,0,0,49,331,7,387,0,49,331,7,387,86,0,86,473
08/13/2007,FAY,NC,ASO,EN,Combined TRACON& Tower with Radar,0,27,14,15,56,0,4,14,8,26,0,31,28,23,82,74,38,112,194
08/14/2007,FAY,NC,ASO,EN,Combined TRACON& Tower with Radar,0,25,26,23,74,0,0,40,2,42,0,25,66,25,116,78,26,104,220
08/15/2007,FAY,NC,ASO,EN,Combined TRACON& Tower with Radar,0,30,11,6,47,0,0,10,1,11,0,30,21,7,58,84,16,100,158
08/16/2007,FAY,NC,ASO,EN,Combined TRACON& Tower with Radar,0,29,28,0,57,0,0,27,1,28,0,29,55,1,85,4,2,6,91
08/17/2007,FAY,NC,ASO,EN,Combined TRACON& Tower with Radar,0,27,29,2,58,0,3,27,0,30,0,30,56,2,88,120,18,138,226
08/18/2007,FAY,NC,ASO,EN,Combined TRACON& Tower with Radar,2,25,10,0,37,0,0,53,0,53,2,25,63,0,90,90,0,90,180
08/19/2007,FAY,NC,ASO,EN,Combined TRACON& Tower with Radar,1,30,24,0,55,0,1,15,0,16,1,31,39,0,71,38,0,38,109
08/20/2007,FAY,NC,ASO,EN,Combined TRACON& Tower with Radar,1,28,29,4,62,0,0,26,4,30,1,28,55,8,92,38,14,52,144
08/21/2007,FAY,NC,ASO,EN,Combined TRACON& Tower with Radar,1,33,25,4,63,0,3,31,3,37,1,36,56,7,100,28,0,28,128
08/22/2007,FAY,NC,ASO,EN,Combined TRACON& Tower with Radar,0,27,7,6,40,0,0,23,23,46,0,27,30,29,86,0,0,0,86
08/23/2007,FAY,NC,ASO,EN,Combined TRACON& Tower with Radar,1,29,9,0,39,0,0,14,2,16,1,29,23,2,55,0,0,0,55
08/24/2007,FAY,NC,ASO,EN,Combined TRACON& Tower with Radar,1,30,19,2,52,0,0,39,0,39,1,30,58,2,91,82,10,92,183
08/25/2007,FAY,NC,ASO,EN,Combined TRACON& Tower with Radar,0,22,19,2,43,0,1,31,0,32,0,23,50,2,75,52,14,66,141
08/26/2007,FAY,NC,ASO,EN,Combined TRACON& Tower with Radar,0,0,0,0,0,2,55,338,12,407,2,55,338,12,407,54,2,56,463
08/27/2007,FAY,NC,ASO,EN,Combined TRACON& Tower with Radar,1,25,15,0,41,0,0,15,1,16,1,25,30,1,57,32,2,34,91
08/28/2007,FAY,NC,ASO,EN,Combined TRACON& Tower with Radar,0,0,0,0,0,0,0,0,0,0,0,0,0,0,0,10,0,10,10
08/29/2007,FAY,NC,ASO,EN,Combined TRACON& Tower with Radar,0,29,21,15,65,0,0,32,20,52,0,29,53,35,117,18,32,50,167
08/30/2007,FAY,NC,ASO,EN,Combined TRACON& Tower with Radar,1,24,21,9,55,0,0,21,11,32,1,24,42,20,87,16,50,66,153
08/31/2007,FAY,NC,ASO,EN,Combined TRACON& Tower with Radar,0,29,34,4,67,0,0,30,0,30,0,29,64,4,97,102,20,122,219
09/01/2007,FAY,NC,ASO,EN,Combined TRACON& Tower with Radar,1,20,5,0,26,0,4,21,0,25,1,24,26,0,51,54,0,54,105
09/02/2007,FAY,NC,ASO,EN,Combined TRACON& Tower with Radar,0,22,13,0,35,0,1,16,0,17,0,23,29,0,52,46,0,46,98
09/03/2007,FAY,NC,ASO,EN,Combined TRACON& Tower with Radar,0,27,12,0,39,0,0,53,0,53,0,27,65,0,92,108,0,108,200
09/04/2007,FAY,NC,ASO,EN,Combined TRACON& Tower with Radar,0,27,17,4,48,0,1,29,4,34,0,28,46,8,82,60,52,112,194
09/05/2007,FAY,NC,ASO,EN,Combined TRACON& Tower with Radar,0,27,33,6,66,0,0,0,6,6,0,27,33,12,72,70,14,84,156
09/06/2007,FAY,NC,ASO,EN,Combined TRACON& Tower with Radar,0,30,31,11,72,0,0,44,4,48,0,30,75,15,120,20,0,20,140
09/07/2007,FAY,NC,ASO,EN,Combined TRACON& Tower with Radar,1,30,33,2,66,0,0,43,0,43,1,30,76,2,109,52,10,62,171
09/08/2007,FAY,NC,ASO,EN,Combined TRACON& Tower with Radar,0,25,14,6,45,0,0,40,0,40,0,25,54,6,85,32,0,32,117
09/09/2007,FAY,NC,ASO,EN,Combined TRACON& Tower with Radar,0,29,16,2,47,0,0,24,0,24,0,29,40,2,71,36,0,36,107
09/10/2007,FAY,NC,ASO,EN,Combined TRACON& Tower with Radar,0,31,19,0,50,0,0,35,0,35,0,31,54,0,85,40,0,40,125
09/11/2007,FAY,NC,ASO,EN,Combined TRACON& Tower with Radar,0,0,0,0,0,0,0,0,0,0,0,0,0,0,0,16,0,16,16
09/12/2007,FAY,NC,ASO,EN,Combined TRACON& Tower with Radar,0,30,41,6,77,0,0,31,6,37,0,30,72,12,114,68,0,68,182
09/13/2007,FAY,NC,ASO,EN,Combined TRACON& Tower with Radar,0,30,30,10,70,0,2,14,4,20,0,32,44,14,90,18,52,70,160
09/14/2007,FAY,NC,ASO,EN,Combined TRACON& Tower with Radar,0,27,31,17,75,0,1,14,6,21,0,28,45,23,96,30,2,32,128
09/15/2007,FAY,NC,ASO,EN,Combined TRACON& Tower with Radar,2,27,26,0,55,0,0,21,0,21,2,27,47,0,76,78,0,78,154
09/16/2007,FAY,NC,ASO,EN,Combined TRACON& Tower with Radar,3,29,18,8,58,0,0,32,0,32,3,29,50,8,90,56,0,56,146
09/17/2007,FAY,NC,ASO,EN,Combined TRACON& Tower with Radar,0,30,17,0,47,0,0,30,0,30,0,30,47,0,77,26,4,30,107
09/18/2007,FAY,NC,ASO,EN,Combined TRACON& Tower with Radar,0,31,36,5,72,0,0,50,0,50,0,31,86,5,122,4,5,9,131
09/19/2007,FAY,NC,ASO,EN,Combined TRACON& Tower with Radar,0,29,31,1,61,0,0,0,0,0,0,29,31,1,61,16,0,16,77
09/20/2007,FAY,NC,ASO,EN,Combined TRACON& Tower with Radar,0,29,22,0,51,0,0,1,0,1,0,29,23,0,52,38,0,38,90
09/21/2007,FAY,NC,ASO,EN,Combined TRACON& Tower with Radar,0,33,29,0,62,0,0,0,0,0,0,33,29,0,62,56,2,58,120
09/22/2007,FAY,NC,ASO,EN,Combined TRACON& Tower with Radar,0,11,16,0,27,0,0,3,0,3,0,11,19,0,30,68,0,68,98
09/23/2007,FAY,NC,ASO,EN,Combined TRACON& Tower with Radar,0,0,0,0,0,2,42,306,6,356,2,42,306,6,356,70,0,70,426
09/24/2007,FAY,NC,ASO,EN,Combined TRACON& Tower with Radar,2,31,15,2,50,0,1,38,4,43,2,32,53,6,93,92,46,138,231
09/25/2007,FAY,NC,ASO,EN,Combined TRACON& Tower with Radar,0,0,0,0,0,0,0,0,0,0,0,0,0,0,0,16,12,28,28
09/26/2007,FAY,NC,ASO,EN,Combined TRACON& Tower with Radar,0,28,13,15,56,0,0,31,0,31,0,28,44,15,87,0,8,8,95
09/27/2007,FAY,NC,ASO,EN,Combined TRACON& Tower with Radar,2,31,12,6,51,0,0,28,10,38,2,31,40,16,89,70,24,94,183
09/28/2007,FAY,NC,ASO,EN,Combined TRACON& Tower with Radar,0,29,27,21,77,0,0,17,2,19,0,29,44,23,96,46,0,46,142
09/29/2007,FAY,NC,ASO,EN,Combined TRACON& Tower with Radar,1,21,4,0,26,0,0,18,0,18,1,21,22,0,44,64,0,64,108
09/30/2007,FAY,NC,ASO,EN,Combined TRACON& Tower with Radar,0,32,16,4,52,0,0,35,2,37,0,32,51,6,89,34,0,34,123
10/01/2007,FAY,NC,ASO,EN,Combined TRACON& Tower with Radar,0,30,17,25,72,0,0,0,0,0,0,30,17,25,72,90,14,104,176
10/02/2007,FAY,NC,ASO,EN,Combined TRACON& Tower with Radar,0,31,28,2,61,0,0,16,1,17,0,31,44,3,78,0,5,5,83
10/03/2007,FAY,NC,ASO,EN,Combined TRACON& Tower with Radar,0,30,25,8,63,0,0,0,0,0,0,30,25,8,63,0,0,0,63
10/04/2007,FAY,NC,ASO,EN,Combined TRACON& Tower with Radar,0,31,30,0,61,0,0,100,1,101,0,31,130,1,162,56,0,56,218
10/05/2007,FAY,NC,ASO,EN,Combined TRACON& Tower with Radar,0,31,37,1,69,0,0,4,4,8,0,31,41,5,77,10,0,10,87
10/06/2007,FAY,NC,ASO,EN,Combined TRACON& Tower with Radar,0,24,51,3,78,0,12,123,7,142,0,36,174,10,220,54,0,54,274
10/07/2007,FAY,NC,ASO,EN,Combined TRACON& Tower with Radar,0,27,15,3,45,0,1,28,0,29,0,28,43,3,74,68,0,68,142
10/08/2007,FAY,NC,ASO,EN,Combined TRACON& Tower with Radar,0,29,25,3,57,0,0,24,0,24,0,29,49,3,81,38,0,38,119
10/09/2007,FAY,NC,ASO,EN,Combined TRACON& Tower with Radar,0,0,0,0,0,0,0,0,0,0,0,0,0,0,0,32,0,32,32
10/10/2007,FAY,NC,ASO,EN,Combined TRACON& Tower with Radar,0,33,22,0,55,0,0,39,14,53,0,33,61,14,108,60,0,60,168
10/11/2007,FAY,NC,ASO,EN,Combined TRACON& Tower with Radar,0,26,18,2,46,0,1,29,1,31,0,27,47,3,77,14,10,24,101
10/12/2007,FAY,NC,ASO,EN,Combined TRACON& Tower with Radar,1,33,14,0,48,0,2,38,0,40,1,35,52,0,88,8,0,8,96
10/13/2007,FAY,NC,ASO,EN,Combined TRACON& Tower with Radar,2,26,16,0,44,0,1,31,0,32,2,27,47,0,76,44,0,44,120
10/14/2007,FAY,NC,ASO,EN,Combined TRACON& Tower with Radar,0,30,17,0,47,0,0,44,0,44,0,30,61,0,91,69,0,69,160
10/15/2007,FAY,NC,ASO,EN,Combined TRACON& Tower with Radar,0,30,20,4,54,0,0,32,0,32,0,30,52,4,86,78,0,78,164
10/16/2007,FAY,NC,ASO,EN,Combined TRACON& Tower with Radar,0,28,27,2,57,0,0,35,0,35,0,28,62,2,92,10,0,10,102
10/17/2007,FAY,NC,ASO,EN,Combined TRACON& Tower with Radar,0,30,19,7,56,0,0,0,0,0,0,30,19,7,56,28,14,42,98
10/18/2007,FAY,NC,ASO,EN,Combined TRACON& Tower with Radar,0,30,31,6,67,0,0,15,1,16,0,30,46,7,83,0,2,2,85
10/19/2007,FAY,NC,ASO,EN,Combined TRACON& Tower with Radar,2,29,23,4,58,0,0,3,0,3,2,29,26,4,61,0,0,0,61
10/20/2007,FAY,NC,ASO,EN,Combined TRACON& Tower with Radar,2,29,11,0,42,0,0,38,0,38,2,29,49,0,80,52,0,52,132
10/21/2007,FAY,NC,ASO,EN,Combined TRACON& Tower with Radar,0,32,27,2,61,5,34,323,18,380,5,66,350,20,441,96,0,96,537
10/22/2007,FAY,NC,ASO,EN,Combined TRACON& Tower with Radar,0,30,16,0,46,0,0,29,2,31,0,30,45,2,77,50,0,50,127
10/23/2007,FAY,NC,ASO,EN,Combined TRACON& Tower with Radar,0,0,0,0,0,0,0,0,0,0,0,0,0,0,0,52,12,64,64
10/24/2007,FAY,NC,ASO,EN,Combined TRACON& Tower with Radar,0,32,18,4,54,0,0,2,0,2,0,32,20,4,56,0,0,0,56
10/25/2007,FAY,NC,ASO,EN,Combined TRACON& Tower with Radar,0,34,24,4,62,0,0,0,0,0,0,34,24,4,62,0,0,0,62
10/26/2007,FAY,NC,ASO,EN,Combined TRACON& Tower with Radar,0,36,19,4,59,0,0,0,0,0,0,36,19,4,59,0,0,0,59
10/27/2007,FAY,NC,ASO,EN,Combined TRACON& Tower with Radar,0,25,13,0,38,0,1,24,0,25,0,26,37,0,63,58,0,58,121
10/28/2007,FAY,NC,ASO,EN,Combined TRACON& Tower with Radar,0,24,18,0,42,0,0,35,0,35,0,24,53,0,77,34,0,34,111
10/29/2007,FAY,NC,ASO,EN,Combined TRACON& Tower with Radar,0,26,15,3,44,0,0,35,0,35,0,26,50,3,79,34,36,70,149
10/30/2007,FAY,NC,ASO,EN,Combined TRACON& Tower with Radar,0,31,23,12,66,0,3,50,4,57,0,34,73,16,123,22,10,32,155
10/31/2007,FAY,NC,ASO,EN,Combined TRACON& Tower with Radar,0,29,15,6,50,0,0,48,2,50,0,29,63,8,100,0,0,0,100
11/01/2007,FAY,NC,ASO,EN,Combined TRACON& Tower with Radar,0,32,22,2,56,0,2,41,0,43,0,34,63,2,99,12,0,12,111
11/02/2007,FAY,NC,ASO,EN,Combined TRACON& Tower with Radar,0,29,23,1,53,0,0,6,0,6,0,29,29,1,59,0,0,0,59
11/03/2007,FAY,NC,ASO,EN,Combined TRACON& Tower with Radar,0,24,6,2,32,0,2,43,0,45,0,26,49,2,77,42,0,42,119
11/04/2007,FAY,NC,ASO,EN,Combined TRACON& Tower with Radar,0,32,17,0,49,1,30,321,13,365,1,62,338,13,414,60,0,60,474
11/05/2007,FAY,NC,ASO,EN,Combined TRACON& Tower with Radar,0,32,11,3,46,0,0,26,0,26,0,32,37,3,72,64,0,64,136
11/06/2007,FAY,NC,ASO,EN,Combined TRACON& Tower with Radar,0,30,25,9,64,0,1,65,7,73,0,31,90,16,137,36,14,50,187
11/07/2007,FAY,NC,ASO,EN,Combined TRACON& Tower with Radar,0,31,20,9,60,0,1,24,1,26,0,32,44,10,86,120,24,144,230
11/08/2007,FAY,NC,ASO,EN,Combined TRACON& Tower with Radar,0,31,20,5,56,0,0,21,3,24,0,31,41,8,80,44,46,90,170
11/09/2007,FAY,NC,ASO,EN,Combined TRACON& Tower with Radar,0,30,39,6,75,0,1,33,0,34,0,31,72,6,109,0,0,0,109
11/10/2007,FAY,NC,ASO,EN,Combined TRACON& Tower with Radar,3,24,6,0,33,0,1,28,0,29,3,25,34,0,62,70,0,70,132
11/11/2007,FAY,NC,ASO,EN,Combined TRACON& Tower with Radar,2,29,14,0,45,0,0,25,0,25,2,29,39,0,70,0,70,70,140
11/12/2007,FAY,NC,ASO,EN,Combined TRACON& Tower with Radar,0,28,17,6,51,0,0,23,0,23,0,28,40,6,74,92,0,92,166
11/13/2007,FAY,NC,ASO,EN,Combined TRACON& Tower with Radar,0,31,30,7,68,0,0,21,11,32,0,31,51,18,100,32,28,60,160
11/14/2007,FAY,NC,ASO,EN,Combined TRACON& Tower with Radar,0,27,22,17,66,0,0,47,1,48,0,27,69,18,114,38,14,52,166
11/15/2007,FAY,NC,ASO,EN,Combined TRACON& Tower with Radar,0,33,14,22,69,0,0,15,1,16,0,33,29,23,85,34,48,82,167
11/16/2007,FAY,NC,ASO,EN,Combined TRACON& Tower with Radar,0,34,14,9,57,0,0,24,19,43,0,34,38,28,100,10,34,44,144
11/17/2007,FAY,NC,ASO,EN,Combined TRACON& Tower with Radar,2,25,8,0,35,0,0,29,0,29,2,25,37,0,64,0,0,0,64
11/18/2007,FAY,NC,ASO,EN,Combined TRACON& Tower with Radar,2,34,12,0,48,7,14,257,8,286,9,48,269,8,334,64,0,64,398
11/19/2007,FAY,NC,ASO,EN,Combined TRACON& Tower with Radar,0,31,21,0,52,0,0,29,0,29,0,31,50,0,81,42,0,42,123
11/20/2007,FAY,NC,ASO,EN,Combined TRACON& Tower with Radar,0,0,0,0,0,0,0,0,0,0,0,0,0,0,0,26,22,48,48
11/21/2007,FAY,NC,ASO,EN,Combined TRACON& Tower with Radar,0,27,35,4,66,0,0,31,2,33,0,27,66,6,99,28,28,56,155
11/22/2007,FAY,NC,ASO,EN,Combined TRACON& Tower with Radar,0,20,5,0,25,0,0,2,0,2,0,20,7,0,27,0,0,0,27
11/23/2007,FAY,NC,ASO,EN,Combined TRACON& Tower with Radar,2,22,15,0,39,0,2,12,0,14,2,24,27,0,53,52,0,52,105
11/24/2007,FAY,NC,ASO,EN,Combined TRACON& Tower with Radar,0,28,27,0,55,0,3,23,0,26,0,31,50,0,81,120,0,120,201
11/25/2007,FAY,NC,ASO,EN,Combined TRACON& Tower with Radar,0,32,27,0,59,0,0,4,0,4,0,32,31,0,63,0,0,0,63
11/26/2007,FAY,NC,ASO,EN,Combined TRACON& Tower with Radar,1,27,36,0,64,0,0,13,0,13,1,27,49,0,77,12,0,12,89
11/27/2007,FAY,NC,ASO,EN,Combined TRACON& Tower with Radar,0,33,14,14,61,1,7,38,0,46,1,40,52,14,107,48,48,96,203
11/28/2007,FAY,NC,ASO,EN,Combined TRACON& Tower with Radar,0,27,30,15,72,0,0,43,2,45,0,27,73,17,117,30,20,50,167
11/29/2007,FAY,NC,ASO,EN,Combined TRACON& Tower with Radar,4,29,36,6,75,0,0,38,0,38,4,29,74,6,113,52,12,64,177
11/30/2007,FAY,NC,ASO,EN,Combined TRACON& Tower with Radar,2,32,15,9,58,0,1,28,2,31,2,33,43,11,89,24,0,24,113
12/01/2007,FAY,NC,ASO,EN,Combined TRACON& Tower with Radar,0,24,21,0,45,0,0,31,0,31,0,24,52,0,76,22,0,22,98
12/02/2007,FAY,NC,ASO,EN,Combined TRACON& Tower with Radar,2,30,21,1,54,1,21,137,15,174,3,51,158,16,228,42,0,42,270
12/03/2007,FAY,NC,ASO,EN,Combined TRACON& Tower with Radar,1,33,11,4,49,0,0,8,0,8,1,33,19,4,57,0,8,8,65
12/04/2007,FAY,NC,ASO,EN,Combined TRACON& Tower with Radar,0,30,27,2,59,0,0,25,4,29,0,30,52,6,88,5,22,27,115
12/05/2007,FAY,NC,ASO,EN,Combined TRACON& Tower with Radar,0,29,23,18,70,0,0,0,0,0,0,29,23,18,70,28,52,80,150
12/06/2007,FAY,NC,ASO,EN,Combined TRACON& Tower with Radar,0,31,14,15,60,0,0,24,0,24,0,31,38,15,84,6,12,18,102
12/07/2007,FAY,NC,ASO,EN,Combined TRACON& Tower with Radar,4,34,27,2,67,0,0,9,0,9,4,34,36,2,76,36,0,36,112
12/08/2007,FAY,NC,ASO,EN,Combined TRACON& Tower with Radar,0,24,18,0,42,0,0,33,0,33,0,24,51,0,75,42,0,42,117
12/09/2007,FAY,NC,ASO,EN,Combined TRACON& Tower with Radar,1,25,14,0,40,0,0,24,0,24,1,25,38,0,64,60,0,60,124
12/10/2007,FAY,NC,ASO,EN,Combined TRACON& Tower with Radar,0,31,16,7,54,0,0,23,0,23,0,31,39,7,77,30,16,46,123
12/11/2007,FAY,NC,ASO,EN,Combined TRACON& Tower with Radar,0,0,0,0,0,0,0,0,0,0,0,0,0,0,0,42,22,64,64
12/12/2007,FAY,NC,ASO,EN,Combined TRACON& Tower with Radar,0,30,14,3,47,0,0,31,2,33,0,30,45,5,80,32,12,44,124
12/13/2007,FAY,NC,ASO,EN,Combined TRACON& Tower with Radar,0,29,26,8,63,0,1,21,0,22,0,30,47,8,85,0,0,0,85
12/14/2007,FAY,NC,ASO,EN,Combined TRACON& Tower with Radar,0,32,24,2,58,0,0,38,0,38,0,32,62,2,96,22,0,22,118
12/15/2007,FAY,NC,ASO,EN,Combined TRACON& Tower with Radar,0,24,27,8,59,0,0,1,0,1,0,24,28,8,60,70,0,70,130
12/16/2007,FAY,NC,ASO,EN,Combined TRACON& Tower with Radar,0,26,20,0,46,2,12,46,9,69,2,38,66,9,115,0,0,0,115
12/17/2007,FAY,NC,ASO,EN,Combined TRACON& Tower with Radar,0,33,14,9,56,0,0,35,2,37,0,33,49,11,93,32,22,54,147
12/18/2007,FAY,NC,ASO,EN,Combined TRACON& Tower with Radar,0,35,24,6,65,0,0,28,0,28,0,35,52,6,93,20,18,38,131
12/19/2007,FAY,NC,ASO,EN,Combined TRACON& Tower with Radar,1,33,22,21,77,0,0,0,0,0,1,33,22,21,77,56,94,150,227
12/20/2007,FAY,NC,ASO,EN,Combined TRACON& Tower with Radar,1,32,26,23,82,0,0,36,0,36,1,32,62,23,118,86,40,126,244
12/21/2007,FAY,NC,ASO,EN,Combined TRACON& Tower with Radar,0,31,13,10,54,0,0,4,0,4,0,31,17,10,58,0,0,0,58
12/22/2007,FAY,NC,ASO,EN,Combined TRACON& Tower with Radar,0,25,30,0,55,0,0,0,0,0,0,25,30,0,55,46,0,46,101
12/23/2007,FAY,NC,ASO,EN,Combined TRACON& Tower with Radar,0,0,0,0,0,0,0,0,0,0,0,0,0,0,0,0,0,0,0
12/24/2007,FAY,NC,ASO,EN,Combined TRACON& Tower with Radar,0,26,8,0,34,0,0,17,0,17,0,26,25,0,51,16,0,16,67
12/25/2007,FAY,NC,ASO,EN,Combined TRACON& Tower with Radar,0,0,0,0,0,0,0,0,0,0,0,0,0,0,0,12,0,12,12
12/26/2007,FAY,NC,ASO,EN,Combined TRACON& Tower with Radar,0,34,12,0,46,0,0,3,0,3,0,34,15,0,49,0,0,0,49
12/27/2007,FAY,NC,ASO,EN,Combined TRACON& Tower with Radar,0,30,19,1,50,0,0,28,0,28,0,30,47,1,78,0,0,0,78
12/28/2007,FAY,NC,ASO,EN,Combined TRACON& Tower with Radar,0,29,16,2,47,0,0,22,0,22,0,29,38,2,69,12,40,52,121
12/29/2007,FAY,NC,ASO,EN,Combined TRACON& Tower with Radar,0,30,6,0,36,0,0,4,0,4,0,30,10,0,40,10,6,16,56
12/30/2007,FAY,NC,ASO,EN,Combined TRACON& Tower with Radar,0,26,6,0,32,0,0,0,0,0,0,26,6,0,32,0,0,0,32
12/31/2007,FAY,NC,ASO,EN,Combined TRACON& Tower with Radar,0,26,17,0,43,0,0,40,0,40,0,26,57,0,83,30,0,30,113
01/01/2008,FAY,NC,ASO,EN,Combined TRACON& Tower with Radar,0,0,0,0,0,0,0,0,0,0,0,0,0,0,0,30,0,30,30
01/02/2008,FAY,NC,ASO,EN,Combined TRACON& Tower with Radar,0,24,2,1,27,0,0,0,0,0,0,24,2,1,27,0,0,0,27
01/03/2008,FAY,NC,ASO,EN,Combined TRACON& Tower with Radar,0,32,17,6,55,0,0,29,2,31,0,32,46,8,86,70,48,118,204
01/04/2008,FAY,NC,ASO,EN,Combined TRACON& Tower with Radar,0,30,25,16,71,0,0,25,34,59,0,30,50,50,130,82,34,116,246
01/05/2008,FAY,NC,ASO,EN,Combined TRACON& Tower with Radar,0,0,7,0,7,0,23,39,0,62,0,23,46,0,69,139,0,139,208
01/06/2008,FAY,NC,ASO,EN,Combined TRACON& Tower with Radar,0,28,13,0,41,0,0,47,0,47,0,28,60,0,88,118,0,118,206
01/07/2008,FAY,NC,ASO,EN,Combined TRACON& Tower with Radar,1,31,23,5,60,0,0,25,0,25,1,31,48,5,85,2,6,8,93
01/08/2008,FAY,NC,ASO,EN,Combined TRACON& Tower with Radar,0,30,25,3,58,0,0,27,3,30,0,30,52,6,88,118,0,118,206
01/09/2008,FAY,NC,ASO,EN,Combined TRACON& Tower with Radar,0,28,24,16,68,0,0,9,2,11,0,28,33,18,79,26,0,26,105
01/10/2008,FAY,NC,ASO,EN,Combined TRACON& Tower with Radar,0,29,33,0,62,0,0,1,0,1,0,29,34,0,63,2,0,2,65
01/11/2008,FAY,NC,ASO,EN,Combined TRACON& Tower with Radar,0,28,15,1,44,0,0,5,0,5,0,28,20,1,49,32,0,32,81
01/12/2008,FAY,NC,ASO,EN,Combined TRACON& Tower with Radar,0,19,9,0,28,5,17,238,28,288,5,36,247,28,316,138,0,138,454
01/13/2008,FAY,NC,ASO,EN,Combined TRACON& Tower with Radar,0,25,39,0,64,0,0,2,0,2,0,25,41,0,66,102,0,102,168
01/14/2008,FAY,NC,ASO,EN,Combined TRACON& Tower with Radar,0,30,20,14,64,0,0,28,0,28,0,30,48,14,92,12,0,12,104
01/15/2008,FAY,NC,ASO,EN,Combined TRACON& Tower with Radar,0,28,36,9,73,0,0,23,4,27,0,28,59,13,100,13,46,59,159
01/16/2008,FAY,NC,ASO,EN,Combined TRACON& Tower with Radar,2,23,19,8,52,0,0,44,5,49,2,23,63,13,101,40,10,50,151
01/17/2008,FAY,NC,ASO,EN,Combined TRACON& Tower with Radar,0,28,18,8,54,0,0,0,0,0,0,28,18,8,54,0,6,6,60
01/18/2008,FAY,NC,ASO,EN,Combined TRACON& Tower with Radar,0,30,31,12,73,0,0,0,0,0,0,30,31,12,73,0,0,0,73
01/19/2008,FAY,NC,ASO,EN,Combined TRACON& Tower with Radar,0,17,1,0,18,7,16,31,9,63,7,33,32,9,81,0,0,0,81
01/20/2008,FAY,NC,ASO,EN,Combined TRACON& Tower with Radar,0,3,10,0,13,0,0,15,34,49,0,3,25,34,62,66,0,66,128
01/21/2008,FAY,NC,ASO,EN,Combined TRACON& Tower with Radar,0,4,17,0,21,0,0,10,60,70,0,4,27,60,91,84,0,84,175
01/22/2008,FAY,NC,ASO,EN,Combined TRACON& Tower with Radar,0,0,0,0,0,0,0,0,0,0,0,0,0,0,0,36,8,44,44
01/23/2008,FAY,NC,ASO,EN,Combined TRACON& Tower with Radar,0,24,21,30,75,0,0,0,0,0,0,24,21,30,75,16,0,16,91
01/24/2008,FAY,NC,ASO,EN,Combined TRACON& Tower with Radar,2,26,36,9,73,0,0,13,9,22,2,26,49,18,95,22,2,24,119
01/25/2008,FAY,NC,ASO,EN,Combined TRACON& Tower with Radar,2,31,28,5,66,0,0,47,0,47,2,31,75,5,113,48,6,54,167
01/26/2008,FAY,NC,ASO,EN,Combined TRACON& Tower with Radar,0,21,17,0,38,0,0,33,0,33,0,21,50,0,71,58,0,58,129
01/27/2008,FAY,NC,ASO,EN,Combined TRACON& Tower with Radar,2,25,17,0,44,0,0,31,0,31,2,25,48,0,75,60,0,60,135
01/28/2008,FAY,NC,ASO,EN,Combined TRACON& Tower with Radar,2,30,28,11,71,0,0,32,0,32,2,30,60,11,103,34,26,60,163
01/29/2008,FAY,NC,ASO,EN,Combined TRACON& Tower with Radar,2,26,21,17,66,0,0,8,0,8,2,26,29,17,74,0,8,8,82
01/30/2008,FAY,NC,ASO,EN,Combined TRACON& Tower with Radar,2,28,24,4,58,0,0,14,4,18,2,28,38,8,76,10,6,16,92
01/31/2008,FAY,NC,ASO,EN,Combined TRACON& Tower with Radar,2,30,34,20,86,0,0,17,6,23,2,30,51,26,109,6,8,14,123
02/01/2008,FAY,NC,ASO,EN,Combined TRACON& Tower with Radar,0,32,21,3,56,0,0,8,0,8,0,32,29,3,64,0,0,0,64
02/02/2008,FAY,NC,ASO,EN,Combined TRACON& Tower with Radar,0,19,9,0,28,0,0,55,1,56,0,19,64,1,84,98,0,98,182
02/03/2008,FAY,NC,ASO,EN,Combined TRACON& Tower with Radar,0,23,24,0,47,0,0,55,0,55,0,23,79,0,102,102,0,102,204
02/04/2008,FAY,NC,ASO,EN,Combined TRACON& Tower with Radar,1,30,18,25,74,0,0,10,3,13,1,30,28,28,87,46,40,86,173
02/05/2008,FAY,NC,ASO,EN,Combined TRACON& Tower with Radar,0,0,0,0,0,0,0,0,0,0,0,0,0,0,0,26,0,26,26
02/06/2008,FAY,NC,ASO,EN,Combined TRACON& Tower with Radar,1,25,17,15,58,0,0,0,0,0,1,25,17,15,58,0,6,6,64
02/07/2008,FAY,NC,ASO,EN,Combined TRACON& Tower with Radar,0,26,25,8,59,0,3,50,7,60,0,29,75,15,119,74,58,132,251
02/08/2008,FAY,NC,ASO,EN,Combined TRACON& Tower with Radar,0,28,31,5,64,0,2,40,1,43,0,30,71,6,107,106,32,138,245
02/09/2008,FAY,NC,ASO,EN,Combined TRACON& Tower with Radar,0,18,28,0,46,0,4,35,0,39,0,22,63,0,85,54,0,54,139
02/10/2008,FAY,NC,ASO,EN,Combined TRACON& Tower with Radar,0,27,17,0,44,0,0,17,0,17,0,27,34,0,61,76,0,76,137
02/11/2008,FAY,NC,ASO,EN,Combined TRACON& Tower with Radar,2,26,19,8,55,0,0,55,0,55,2,26,74,8,110,72,2,74,184
02/12/2008,FAY,NC,ASO,EN,Combined TRACON& Tower with Radar,3,30,42,5,80,0,0,27,1,28,3,30,69,6,108,38,2,40,148
02/13/2008,FAY,NC,ASO,EN,Combined TRACON& Tower with Radar,1,28,15,5,49,0,0,0,0,0,1,28,15,5,49,8,0,8,57
02/14/2008,FAY,NC,ASO,EN,Combined TRACON& Tower with Radar,2,25,35,11,73,0,0,43,1,44,2,25,78,12,117,64,12,76,193
02/15/2008,FAY,NC,ASO,EN,Combined TRACON& Tower with Radar,0,30,36,0,66,0,2,52,0,54,0,32,88,0,120,70,0,70,190
02/16/2008,FAY,NC,ASO,EN,Combined TRACON& Tower with Radar,0,0,0,0,0,0,0,0,0,0,0,0,0,0,0,120,0,120,120
02/17/2008,FAY,NC,ASO,EN,Combined TRACON& Tower with Radar,0,22,32,0,54,0,0,30,0,30,0,22,62,0,84,78,0,78,162
02/18/2008,FAY,NC,ASO,EN,Combined TRACON& Tower with Radar,5,23,8,0,36,0,0,5,0,5,5,23,13,0,41,10,10,20,61
02/19/2008,FAY,NC,ASO,EN,Combined TRACON& Tower with Radar,0,0,0,0,0,0,0,0,0,0,0,0,0,0,0,58,12,70,70
02/20/2008,FAY,NC,ASO,EN,Combined TRACON& Tower with Radar,2,27,28,12,69,0,0,0,0,0,2,27,28,12,69,46,2,48,117
02/21/2008,FAY,NC,ASO,EN,Combined TRACON& Tower with Radar,0,30,16,3,49,0,0,13,0,13,0,30,29,3,62,32,26,58,120
02/22/2008,FAY,NC,ASO,EN,Combined TRACON& Tower with Radar,1,27,15,0,43,0,0,0,0,0,1,27,15,0,43,0,0,0,43
02/23/2008,FAY,NC,ASO,EN,Combined TRACON& Tower with Radar,0,25,38,0,63,1,5,10,0,16,1,30,48,0,79,34,0,34,113
02/24/2008,FAY,NC,ASO,EN,Combined TRACON& Tower with Radar,0,24,31,0,55,0,1,30,3,34,0,25,61,3,89,138,0,138,227
02/25/2008,FAY,NC,ASO,EN,Combined TRACON& Tower with Radar,3,25,25,2,55,0,0,37,0,37,3,25,62,2,92,54,0,54,146
02/26/2008,FAY,NC,ASO,EN,Combined TRACON& Tower with Radar,2,29,28,0,59,0,0,6,0,6,2,29,34,0,65,78,0,78,143
02/27/2008,FAY,NC,ASO,EN,Combined TRACON& Tower with Radar,3,24,14,1,42,0,0,37,0,37,3,24,51,1,79,16,6,22,101
02/28/2008,FAY,NC,ASO,EN,Combined TRACON& Tower with Radar,2,29,31,2,64,0,0,41,0,41,2,29,72,2,105,30,0,30,135
02/29/2008,FAY,NC,ASO,EN,Combined TRACON& Tower with Radar,2,28,25,4,59,0,0,34,0,34,2,28,59,4,93,52,12,64,157
03/01/2008,FAY,NC,ASO,EN,Combined TRACON& Tower with Radar,0,22,11,0,33,0,2,45,0,47,0,24,56,0,80,104,0,104,184
03/02/2008,FAY,NC,ASO,EN,Combined TRACON& Tower with Radar,2,23,7,0,32,0,0,53,0,53,2,23,60,0,85,107,0,107,192
03/03/2008,FAY,NC,ASO,EN,Combined TRACON& Tower with Radar,1,29,7,2,39,0,1,12,4,17,1,30,19,6,56,40,12,52,108
03/04/2008,FAY,NC,ASO,EN,Combined TRACON& Tower with Radar,0,0,0,0,0,0,0,0,0,0,0,0,0,0,0,62,0,62,62
03/05/2008,FAY,NC,ASO,EN,Combined TRACON& Tower with Radar,1,28,17,9,55,0,0,0,0,0,1,28,17,9,55,72,2,74,129
03/06/2008,FAY,NC,ASO,EN,Combined TRACON& Tower with Radar,4,25,37,17,83,0,1,55,12,68,4,26,92,29,151,64,18,82,233
03/07/2008,FAY,NC,ASO,EN,Combined TRACON& Tower with Radar,4,24,13,0,41,0,0,0,0,0,4,24,13,0,41,0,0,0,41
03/08/2008,FAY,NC,ASO,EN,Combined TRACON& Tower with Radar,5,19,12,0,36,0,0,0,0,0,5,19,12,0,36,12,0,12,48
03/09/2008,FAY,NC,ASO,EN,Combined TRACON& Tower with Radar,0,30,61,0,91,0,0,44,6,50,0,30,105,6,141,44,0,44,185
03/10/2008,FAY,NC,ASO,EN,Combined TRACON& Tower with Radar,4,21,18,2,45,0,0,39,0,39,4,21,57,2,84,76,0,76,160
03/12/2008,FAY,NC,ASO,EN,Combined TRACON& Tower with Radar,3,25,40,6,74,0,2,28,0,30,3,27,68,6,104,10,10,20,124
03/13/2008,FAY,NC,ASO,EN,Combined TRACON& Tower with Radar,0,29,29,9,67,0,2,45,0,47,0,31,74,9,114,28,0,28,142
03/14/2008,FAY,NC,ASO,EN,Combined TRACON& Tower with Radar,1,27,11,0,39,0,0,32,0,32,1,27,43,0,71,12,0,12,83
03/15/2008,FAY,NC,ASO,EN,Combined TRACON& Tower with Radar,2,24,11,0,37,1,24,111,9,145,3,48,122,9,182,162,0,162,344
03/16/2008,FAY,NC,ASO,EN,Combined TRACON& Tower with Radar,0,28,17,0,45,0,4,19,0,23,0,32,36,0,68,32,0,32,100
03/17/2008,FAY,NC,ASO,EN,Combined TRACON& Tower with Radar,1,27,23,18,69,0,0,44,3,47,1,27,67,21,116,44,22,66,182
03/18/2008,FAY,NC,ASO,EN,Combined TRACON& Tower with Radar,0,0,0,0,0,0,0,0,0,0,0,0,0,0,0,96,46,142,142
03/19/2008,FAY,NC,ASO,EN,Combined TRACON& Tower with Radar,3,30,18,2,53,0,0,5,0,5,3,30,23,2,58,18,0,18,76
03/20/2008,FAY,NC,ASO,EN,Combined TRACON& Tower with Radar,2,30,19,0,51,0,0,13,0,13,2,30,32,0,64,18,12,30,94
03/21/2008,FAY,NC,ASO,EN,Combined TRACON& Tower with Radar,0,31,27,0,58,0,1,76,3,80,0,32,103,3,138,88,0,88,226
03/22/2008,FAY,NC,ASO,EN,Combined TRACON& Tower with Radar,0,23,9,1,33,4,23,0,309,336,4,46,9,310,369,18,0,18,387
03/23/2008,FAY,NC,ASO,EN,Combined TRACON& Tower with Radar,1,25,31,0,57,0,0,38,0,38,1,25,69,0,95,18,0,18,113
03/24/2008,FAY,NC,ASO,EN,Combined TRACON& Tower with Radar,2,27,8,26,63,0,0,26,4,30,2,27,34,30,93,12,0,12,105
03/25/2008,FAY,NC,ASO,EN,Combined TRACON& Tower with Radar,0,0,0,0,0,0,0,0,0,0,0,0,0,0,0,62,14,76,76
03/26/2008,FAY,NC,ASO,EN,Combined TRACON& Tower with Radar,2,31,34,14,81,0,0,37,4,41,2,31,71,18,122,18,40,58,180
03/27/2008,FAY,NC,ASO,EN,Combined TRACON& Tower with Radar,6,33,35,11,85,0,0,38,3,41,6,33,73,14,126,20,32,52,178
03/28/2008,FAY,NC,ASO,EN,Combined TRACON& Tower with Radar,4,29,9,6,48,0,1,34,3,38,4,30,43,9,86,18,40,58,144
03/29/2008,FAY,NC,ASO,EN,Combined TRACON& Tower with Radar,4,20,18,0,42,0,0,16,0,16,4,20,34,0,58,42,0,42,100
03/30/2008,FAY,NC,ASO,EN,Combined TRACON& Tower with Radar,1,26,15,0,42,0,0,2,0,2,1,26,17,0,44,8,0,8,52
03/31/2008,FAY,NC,ASO,EN,Combined TRACON& Tower with Radar,3,25,17,1,46,0,0,2,0,2,3,25,19,1,48,18,40,58,106
04/01/2008,FAY,NC,ASO,EN,Combined TRACON& Tower with Radar,4,26,24,8,62,0,0,12,0,12,4,26,36,8,74,6,20,26,100
04/02/2008,FAY,NC,ASO,EN,Combined TRACON& Tower with Radar,2,28,19,15,64,0,0,0,0,0,2,28,19,15,64,45,6,51,115
04/03/2008,FAY,NC,ASO,EN,Combined TRACON& Tower with Radar,2,34,33,22,91,1,0,11,8,20,3,34,44,30,111,28,2,30,141
04/04/2008,FAY,NC,ASO,EN,Combined TRACON& Tower with Radar,0,38,16,5,59,0,2,13,2,17,0,40,29,7,76,28,2,30,106
04/05/2008,FAY,NC,ASO,EN,Combined TRACON& Tower with Radar,3,26,13,2,44,0,0,0,0,0,3,26,13,2,44,28,2,30,74
04/06/2008,FAY,NC,ASO,EN,Combined TRACON& Tower with Radar,2,25,27,15,69,0,0,0,0,0,2,25,27,15,69,0,0,0,69
04/07/2008,FAY,NC,ASO,EN,Combined TRACON& Tower with Radar,2,26,39,6,73,0,0,5,0,5,2,26,44,6,78,58,0,58,136
04/08/2008,FAY,NC,ASO,EN,Combined TRACON& Tower with Radar,2,27,28,67,124,0,0,36,8,44,2,27,64,75,168,130,40,170,338
04/09/2008,FAY,NC,ASO,EN,Combined TRACON& Tower with Radar,1,30,23,12,66,0,0,45,0,45,1,30,68,12,111,0,94,94,205
04/10/2008,FAY,NC,ASO,EN,Combined TRACON& Tower with Radar,1,30,40,27,98,0,3,61,1,65,1,33,101,28,163,42,22,64,227
04/11/2008,FAY,NC,ASO,EN,Combined TRACON& Tower with Radar,3,31,19,5,58,0,0,35,0,35,3,31,54,5,93,50,0,50,143
04/12/2008,FAY,NC,ASO,EN,Combined TRACON& Tower with Radar,3,21,6,4,34,0,0,22,2,24,3,21,28,6,58,58,0,58,116
04/13/2008,FAY,NC,ASO,EN,Combined TRACON& Tower with Radar,5,24,20,0,49,0,0,47,0,47,5,24,67,0,96,70,16,86,182
04/14/2008,FAY,NC,ASO,EN,Combined TRACON& Tower with Radar,5,21,15,27,68,0,2,21,3,26,5,23,36,30,94,56,30,86,180
04/15/2008,FAY,NC,ASO,EN,Combined TRACON& Tower with Radar,3,26,32,5,66,0,0,30,5,35,3,26,62,10,101,76,18,94,195
04/16/2008,FAY,NC,ASO,EN,Combined TRACON& Tower with Radar,0,31,11,1,43,0,0,0,0,0,0,31,11,1,43,26,0,26,69
04/17/2008,FAY,NC,ASO,EN,Combined TRACON& Tower with Radar,0,32,33,28,93,0,2,68,0,70,0,34,101,28,163,54,32,86,249
04/18/2008,FAY,NC,ASO,EN,Combined TRACON& Tower with Radar,1,35,21,16,73,0,1,47,2,50,1,36,68,18,123,20,20,40,163
04/19/2008,FAY,NC,ASO,EN,Combined TRACON& Tower with Radar,2,22,13,0,37,0,0,40,0,40,2,22,53,0,77,66,0,66,143
04/20/2008,FAY,NC,ASO,EN,Combined TRACON& Tower with Radar,2,24,11,0,37,0,0,24,0,24,2,24,35,0,61,0,0,0,61
04/21/2008,FAY,NC,ASO,EN,Combined TRACON& Tower with Radar,7,26,18,17,68,0,0,11,1,12,7,26,29,18,80,52,10,62,142
04/22/2008,FAY,NC,ASO,EN,Combined TRACON& Tower with Radar,4,25,41,20,90,0,2,8,5,15,4,27,49,25,105,8,20,28,133
04/23/2008,FAY,NC,ASO,EN,Combined TRACON& Tower with Radar,3,27,26,12,68,0,0,22,2,24,3,27,48,14,92,38,16,54,146
04/24/2008,FAY,NC,ASO,EN,Combined TRACON& Tower with Radar,5,28,46,3,82,0,0,47,13,60,5,28,93,16,142,56,0,56,198
04/25/2008,FAY,NC,ASO,EN,Combined TRACON& Tower with Radar,1,26,26,2,55,0,0,42,4,46,1,26,68,6,101,34,0,34,135
04/26/2008,FAY,NC,ASO,EN,Combined TRACON& Tower with Radar,1,18,26,0,45,0,0,37,0,37,1,18,63,0,82,30,0,30,112
04/27/2008,FAY,NC,ASO,EN,Combined TRACON& Tower with Radar,1,28,15,0,44,0,0,26,0,26,1,28,41,0,70,116,0,116,186
04/28/2008,FAY,NC,ASO,EN,Combined TRACON& Tower with Radar,4,27,22,13,66,0,0,3,0,3,4,27,25,13,69,14,0,14,83
04/29/2008,FAY,NC,ASO,EN,Combined TRACON& Tower with Radar,1,30,29,9,69,0,3,44,7,54,1,33,73,16,123,0,0,0,123
04/30/2008,FAY,NC,ASO,EN,Combined TRACON& Tower with Radar,3,23,35,3,64,0,0,0,0,0,3,23,35,3,64,30,0,30,94
05/01/2008,FAY,NC,ASO,EN,Combined TRACON& Tower with Radar,4,22,38,16,80,0,0,46,0,46,4,22,84,16,126,84,4,88,214
05/02/2008,FAY,NC,ASO,EN,Combined TRACON& Tower with Radar,1,26,39,0,66,0,0,41,0,41,1,26,80,0,107,84,4,88,195
05/03/2008,FAY,NC,ASO,EN,Combined TRACON& Tower with Radar,2,17,7,0,26,0,0,58,0,58,2,17,65,0,84,84,4,88,172
05/04/2008,FAY,NC,ASO,EN,Combined TRACON& Tower with Radar,2,23,20,0,45,0,0,21,0,21,2,23,41,0,66,50,0,50,116
05/05/2008,FAY,NC,ASO,EN,Combined TRACON& Tower with Radar,3,26,28,29,86,0,0,8,2,10,3,26,36,31,96,28,28,56,152
05/06/2008,FAY,NC,ASO,EN,Combined TRACON& Tower with Radar,3,27,28,18,76,0,2,47,2,51,3,29,75,20,127,76,18,94,221
05/07/2008,FAY,NC,ASO,EN,Combined TRACON& Tower with Radar,2,30,17,26,75,0,1,34,5,40,2,31,51,31,115,66,42,108,223
05/08/2008,FAY,NC,ASO,EN,Combined TRACON& Tower with Radar,4,29,19,2,54,0,0,19,0,19,4,29,38,2,73,80,18,98,171
05/09/2008,FAY,NC,ASO,EN,Combined TRACON& Tower with Radar,3,26,22,0,51,0,2,19,0,21,3,28,41,0,72,76,18,94,166
05/10/2008,FAY,NC,ASO,EN,Combined TRACON& Tower with Radar,2,20,9,2,33,16,23,267,44,350,18,43,276,46,383,188,0,188,571
05/11/2008,FAY,NC,ASO,EN,Combined TRACON& Tower with Radar,1,28,1,0,30,0,0,4,0,4,1,28,5,0,34,0,0,0,34
05/12/2008,FAY,NC,ASO,EN,Combined TRACON& Tower with Radar,3,27,22,0,52,0,0,5,0,5,3,27,27,0,57,0,0,0,57
05/13/2008,FAY,NC,ASO,EN,Combined TRACON& Tower with Radar,3,25,20,24,72,0,3,33,6,42,3,28,53,30,114,46,18,64,178
05/14/2008,FAY,NC,ASO,EN,Combined TRACON& Tower with Radar,3,26,27,17,73,0,0,0,0,0,3,26,27,17,73,24,10,34,107
05/15/2008,FAY,NC,ASO,EN,Combined TRACON& Tower with Radar,2,27,27,9,65,0,1,26,0,27,2,28,53,9,92,0,22,22,114
05/16/2008,FAY,NC,ASO,EN,Combined TRACON& Tower with Radar,0,27,20,2,49,0,1,9,0,10,0,28,29,2,59,84,12,96,155
05/17/2008,FAY,NC,ASO,EN,Combined TRACON& Tower with Radar,2,27,7,0,36,0,1,37,0,38,2,28,44,0,74,1,120,121,195
05/18/2008,FAY,NC,ASO,EN,Combined TRACON& Tower with Radar,4,24,25,3,56,0,1,22,4,27,4,25,47,7,83,54,12,66,149
05/19/2008,FAY,NC,ASO,EN,Combined TRACON& Tower with Radar,1,30,36,34,101,0,1,24,0,25,1,31,60,34,126,10,88,98,224
05/20/2008,FAY,NC,ASO,EN,Combined TRACON& Tower with Radar,3,22,33,0,58,0,0,6,2,8,3,22,39,2,66,14,0,14,80
05/21/2008,FAY,NC,ASO,EN,Combined TRACON& Tower with Radar,4,28,24,12,68,0,0,20,7,27,4,28,44,19,95,28,48,76,171
05/22/2008,FAY,NC,ASO,EN,Combined TRACON& Tower with Radar,2,27,26,5,60,0,2,21,0,23,2,29,47,5,83,12,0,12,95
05/23/2008,FAY,NC,ASO,EN,Combined TRACON& Tower with Radar,1,27,27,0,55,0,0,50,0,50,1,27,77,0,105,24,0,24,129
05/24/2008,FAY,NC,ASO,EN,Combined TRACON& Tower with Radar,3,19,31,0,53,0,0,27,0,27,3,19,58,0,80,136,0,136,216
05/25/2008,FAY,NC,ASO,EN,Combined TRACON& Tower with Radar,1,23,39,0,63,0,0,37,0,37,1,23,76,0,100,48,0,48,148
05/26/2008,FAY,NC,ASO,EN,Combined TRACON& Tower with Radar,3,23,13,0,39,0,0,38,0,38,3,23,51,0,77,54,0,54,131
05/27/2008,FAY,NC,ASO,EN,Combined TRACON& Tower with Radar,4,29,48,25,106,0,0,39,1,40,4,29,87,26,146,110,52,162,308
05/28/2008,FAY,NC,ASO,EN,Combined TRACON& Tower with Radar,4,28,36,18,86,0,0,0,0,0,4,28,36,18,86,36,0,36,122
05/29/2008,FAY,NC,ASO,EN,Combined TRACON& Tower with Radar,3,30,18,30,81,0,2,41,4,47,3,32,59,34,128,62,52,114,242
05/30/2008,FAY,NC,ASO,EN,Combined TRACON& Tower with Radar,1,27,19,6,53,0,0,43,2,45,1,27,62,8,98,20,16,36,134
05/31/2008,FAY,NC,ASO,EN,Combined TRACON& Tower with Radar,2,22,16,0,40,0,3,33,0,36,2,25,49,0,76,130,0,130,206
06/01/2008,FAY,NC,ASO,EN,Combined TRACON& Tower with Radar,4,21,17,0,42,0,2,27,0,29,4,23,44,0,71,62,0,62,133
06/02/2008,FAY,NC,ASO,EN,Combined TRACON& Tower with Radar,3,27,28,32,90,0,0,30,1,31,3,27,58,33,121,60,36,96,217
06/03/2008,FAY,NC,ASO,EN,Combined TRACON& Tower with Radar,2,28,28,28,86,0,0,27,8,35,2,28,55,36,121,44,38,82,203
06/04/2008,FAY,NC,ASO,EN,Combined TRACON& Tower with Radar,2,29,30,29,90,0,2,23,3,28,2,31,53,32,118,32,12,44,162
06/05/2008,FAY,NC,ASO,EN,Combined TRACON& Tower with Radar,4,26,30,15,75,0,0,32,2,34,4,26,62,17,109,34,40,74,183
06/06/2008,FAY,NC,ASO,EN,Combined TRACON& Tower with Radar,1,31,22,2,56,0,6,32,2,40,1,37,54,4,96,22,0,22,118
06/07/2008,FAY,NC,ASO,EN,Combined TRACON& Tower with Radar,3,29,14,0,46,0,0,48,0,48,3,29,62,0,94,144,0,144,238
06/08/2008,FAY,NC,ASO,EN,Combined TRACON& Tower with Radar,2,26,11,0,39,0,3,26,3,32,2,29,37,3,71,142,0,142,213
06/09/2008,FAY,NC,ASO,EN,Combined TRACON& Tower with Radar,2,29,20,6,57,0,0,24,0,24,2,29,44,6,81,114,0,114,195
06/10/2008,FAY,NC,ASO,EN,Combined TRACON& Tower with Radar,3,23,36,9,71,0,2,22,1,25,3,25,58,10,96,154,0,154,250
06/11/2008,FAY,NC,ASO,EN,Combined TRACON& Tower with Radar,3,26,24,4,57,0,0,34,2,36,3,26,58,6,93,12,0,12,105
06/12/2008,FAY,NC,ASO,EN,Combined TRACON& Tower with Radar,5,25,28,10,68,0,1,15,2,18,5,26,43,12,86,0,0,0,86
06/13/2008,FAY,NC,ASO,EN,Combined TRACON& Tower with Radar,3,30,27,1,61,2,45,311,63,421,5,75,338,64,482,38,6,44,526
06/14/2008,FAY,NC,ASO,EN,Combined TRACON& Tower with Radar,6,25,16,0,47,11,27,376,61,475,17,52,392,61,522,36,0,36,558
06/15/2008,FAY,NC,ASO,EN,Combined TRACON& Tower with Radar,5,25,25,0,55,0,0,14,0,14,5,25,39,0,69,22,0,22,91
06/16/2008,FAY,NC,ASO,EN,Combined TRACON& Tower with Radar,2,30,18,6,56,0,0,13,0,13,2,30,31,6,69,4,4,8,77
06/17/2008,FAY,NC,ASO,EN,Combined TRACON& Tower with Radar,3,25,22,14,64,0,0,15,0,15,3,25,37,14,79,32,10,42,121
06/18/2008,FAY,NC,ASO,EN,Combined TRACON& Tower with Radar,2,27,19,9,57,0,0,0,0,0,2,27,19,9,57,16,0,16,73
06/19/2008,FAY,NC,ASO,EN,Combined TRACON& Tower with Radar,2,29,15,10,56,0,2,23,5,30,2,31,38,15,86,16,8,24,110
06/20/2008,FAY,NC,ASO,EN,Combined TRACON& Tower with Radar,1,38,25,2,66,0,1,28,2,31,1,39,53,4,97,10,10,20,117
06/21/2008,FAY,NC,ASO,EN,Combined TRACON& Tower with Radar,2,28,9,5,44,0,2,12,2,16,2,30,21,7,60,60,32,92,152
06/22/2008,FAY,NC,ASO,EN,Combined TRACON& Tower with Radar,0,33,7,2,42,0,0,21,0,21,0,33,28,2,63,38,0,38,101
06/23/2008,FAY,NC,ASO,EN,Combined TRACON& Tower with Radar,5,30,16,6,57,0,0,9,0,9,5,30,25,6,66,0,32,32,98
06/24/2008,FAY,NC,ASO,EN,Combined TRACON& Tower with Radar,3,28,29,13,73,0,0,49,0,49,3,28,78,13,122,70,28,98,220
06/25/2008,FAY,NC,ASO,EN,Combined TRACON& Tower with Radar,1,30,26,8,65,0,0,0,0,0,1,30,26,8,65,40,24,64,129
06/26/2008,FAY,NC,ASO,EN,Combined TRACON& Tower with Radar,2,27,20,8,57,0,0,41,10,51,2,27,61,18,108,54,36,90,198
06/27/2008,FAY,NC,ASO,EN,Combined TRACON& Tower with Radar,2,31,18,10,61,0,0,20,5,25,2,31,38,15,86,28,10,38,124
06/28/2008,FAY,NC,ASO,EN,Combined TRACON& Tower with Radar,0,24,9,0,33,5,29,280,22,336,5,53,289,22,369,58,0,58,427
06/29/2008,FAY,NC,ASO,EN,Combined TRACON& Tower with Radar,3,24,10,2,39,0,2,16,2,20,3,26,26,4,59,14,0,14,73
06/30/2008,FAY,NC,ASO,EN,Combined TRACON& Tower with Radar,4,29,14,1,48,0,0,12,3,15,4,29,26,4,63,0,34,34,97
07/01/2008,FAY,NC,ASO,EN,Combined TRACON& Tower with Radar,0,27,14,9,50,0,0,31,7,38,0,27,45,16,88,8,18,26,114
07/02/2008,FAY,NC,ASO,EN,Combined TRACON& Tower with Radar,3,29,16,2,50,0,2,35,0,37,3,31,51,2,87,8,0,8,95
07/03/2008,FAY,NC,ASO,EN,Combined TRACON& Tower with Radar,2,30,34,6,72,0,0,0,0,0,2,30,34,6,72,0,0,0,72
07/04/2008,FAY,NC,ASO,EN,Combined TRACON& Tower with Radar,2,23,1,0,26,0,4,15,0,19,2,27,16,0,45,16,0,16,61
07/05/2008,FAY,NC,ASO,EN,Combined TRACON& Tower with Radar,5,28,21,7,61,0,4,101,3,108,5,32,122,10,169,50,12,62,231
07/06/2008,FAY,NC,ASO,EN,Combined TRACON& Tower with Radar,3,31,58,2,94,0,0,68,0,68,3,31,126,2,162,54,0,54,216
07/07/2008,FAY,NC,ASO,EN,Combined TRACON& Tower with Radar,3,29,25,6,63,0,0,13,0,13,3,29,38,6,76,66,12,78,154
07/08/2008,FAY,NC,ASO,EN,Combined TRACON& Tower with Radar,3,23,24,11,61,0,0,21,8,29,3,23,45,19,90,42,14,56,146
07/09/2008,FAY,NC,ASO,EN,Combined TRACON& Tower with Radar,1,32,27,7,67,0,1,23,0,24,1,33,50,7,91,6,10,16,107
07/10/2008,FAY,NC,ASO,EN,Combined TRACON& Tower with Radar,0,29,52,2,83,0,0,17,2,19,0,29,69,4,102,10,0,10,112
07/11/2008,FAY,NC,ASO,EN,Combined TRACON& Tower with Radar,1,29,35,20,85,0,0,15,0,15,1,29,50,20,100,16,20,36,136
07/12/2008,FAY,NC,ASO,EN,Combined TRACON& Tower with Radar,5,34,46,22,107,0,7,158,8,173,5,41,204,30,280,24,0,24,304
07/13/2008,FAY,NC,ASO,EN,Combined TRACON& Tower with Radar,1,27,71,0,99,0,0,0,0,0,1,27,71,0,99,62,0,62,161
07/14/2008,FAY,NC,ASO,EN,Combined TRACON& Tower with Radar,2,27,18,20,67,0,0,4,10,14,2,27,22,30,81,2,10,12,93
07/15/2008,FAY,NC,ASO,EN,Combined TRACON& Tower with Radar,2,31,27,15,75,0,0,10,8,18,2,31,37,23,93,20,20,40,133
07/16/2008,FAY,NC,ASO,EN,Combined TRACON& Tower with Radar,1,28,17,5,51,0,0,44,6,50,1,28,61,11,101,22,16,38,139
07/17/2008,FAY,NC,ASO,EN,Combined TRACON& Tower with Radar,3,26,19,0,48,0,2,28,0,30,3,28,47,0,78,4,0,4,82
07/18/2008,FAY,NC,ASO,EN,Combined TRACON& Tower with Radar,1,29,37,2,69,1,1,1,1,4,2,30,38,3,73,28,0,28,101
07/19/2008,FAY,NC,ASO,EN,Combined TRACON& Tower with Radar,3,27,4,1,35,0,0,15,0,15,3,27,19,1,50,12,6,18,68
07/20/2008,FAY,NC,ASO,EN,Combined TRACON& Tower with Radar,5,28,29,0,62,0,0,0,0,0,5,28,29,0,62,114,0,114,176
07/21/2008,FAY,NC,ASO,EN,Combined TRACON& Tower with Radar,3,28,35,8,74,0,0,0,0,0,3,28,35,8,74,0,2,2,76
07/22/2008,FAY,NC,ASO,EN,Combined TRACON& Tower with Radar,1,28,26,2,57,0,0,8,0,8,1,28,34,2,65,12,4,16,81
07/23/2008,FAY,NC,ASO,EN,Combined TRACON& Tower with Radar,4,29,17,0,50,0,0,4,0,4,4,29,21,0,54,16,0,16,70
07/24/2008,FAY,NC,ASO,EN,Combined TRACON& Tower with Radar,3,35,16,5,59,0,1,26,0,27,3,36,42,5,86,0,4,4,90
07/25/2008,FAY,NC,ASO,EN,Combined TRACON& Tower with Radar,1,32,36,10,79,0,0,32,16,48,1,32,68,26,127,32,16,48,175
07/26/2008,FAY,NC,ASO,EN,Combined TRACON& Tower with Radar,0,26,5,0,31,0,0,96,0,96,0,26,101,0,127,70,0,70,197
07/27/2008,FAY,NC,ASO,EN,Combined TRACON& Tower with Radar,16,35,52,9,112,0,0,85,0,85,16,35,137,9,197,28,0,28,225
07/28/2008,FAY,NC,ASO,EN,Combined TRACON& Tower with Radar,2,26,38,13,79,0,0,0,0,0,2,26,38,13,79,12,24,36,115
07/29/2008,FAY,NC,ASO,EN,Combined TRACON& Tower with Radar,3,32,11,10,56,0,0,44,19,63,3,32,55,29,119,2,34,36,155
07/30/2008,FAY,NC,ASO,EN,Combined TRACON& Tower with Radar,3,28,16,7,54,0,2,28,2,32,3,30,44,9,86,52,14,66,152
07/31/2008,FAY,NC,ASO,EN,Combined TRACON& Tower with Radar,6,40,39,66,151,0,3,95,137,235,6,43,134,203,386,52,12,64,450
08/01/2008,FAY,NC,ASO,EN,Combined TRACON& Tower with Radar,5,30,8,11,54,0,5,32,7,44,5,35,40,18,98,0,0,0,98
08/02/2008,FAY,NC,ASO,EN,Combined TRACON& Tower with Radar,5,38,30,16,89,0,4,181,6,191,5,42,211,22,280,192,0,192,472
08/03/2008,FAY,NC,ASO,EN,Combined TRACON& Tower with Radar,1,30,15,1,47,0,0,32,2,34,1,30,47,3,81,136,12,148,229
08/04/2008,FAY,NC,ASO,EN,Combined TRACON& Tower with Radar,1,30,22,19,72,0,0,6,0,6,1,30,28,19,78,42,30,72,150
08/05/2008,FAY,NC,ASO,EN,Combined TRACON& Tower with Radar,2,30,13,12,57,0,1,14,0,15,2,31,27,12,72,84,24,108,180
08/06/2008,FAY,NC,ASO,EN,Combined TRACON& Tower with Radar,0,30,19,8,57,0,2,16,4,22,0,32,35,12,79,16,8,24,103
08/07/2008,FAY,NC,ASO,EN,Combined TRACON& Tower with Radar,1,30,23,14,68,0,0,19,0,19,1,30,42,14,87,12,0,12,99
08/08/2008,FAY,NC,ASO,EN,Combined TRACON& Tower with Radar,2,29,65,1,97,0,0,0,0,0,2,29,65,1,97,58,0,58,155
08/09/2008,FAY,NC,ASO,EN,Combined TRACON& Tower with Radar,3,30,17,0,50,0,1,45,0,46,3,31,62,0,96,138,0,138,234
08/10/2008,FAY,NC,ASO,EN,Combined TRACON& Tower with Radar,2,29,60,9,100,0,0,84,0,84,2,29,144,9,184,38,0,38,222
08/11/2008,FAY,NC,ASO,EN,Combined TRACON& Tower with Radar,5,26,32,4,67,0,0,15,1,16,5,26,47,5,83,102,2,104,187
08/12/2008,FAY,NC,ASO,EN,Combined TRACON& Tower with Radar,3,27,16,11,57,0,0,10,2,12,3,27,26,13,69,70,10,80,149
08/13/2008,FAY,NC,ASO,EN,Combined TRACON& Tower with Radar,1,27,19,0,47,0,0,0,0,0,1,27,19,0,47,0,2,2,49
08/14/2008,FAY,NC,ASO,EN,Combined TRACON& Tower with Radar,4,28,29,6,67,0,0,12,4,16,4,28,41,10,83,22,0,22,105
08/15/2008,FAY,NC,ASO,EN,Combined TRACON& Tower with Radar,5,40,50,55,150,0,2,125,114,241,5,42,175,169,391,0,0,0,391
08/16/2008,FAY,NC,ASO,EN,Combined TRACON& Tower with Radar,1,28,16,4,49,0,1,27,0,28,1,29,43,4,77,46,4,50,127
08/17/2008,FAY,NC,ASO,EN,Combined TRACON& Tower with Radar,5,24,39,0,68,0,0,3,0,3,5,24,42,0,71,44,0,44,115
08/18/2008,FAY,NC,ASO,EN,Combined TRACON& Tower with Radar,3,27,13,8,51,0,0,21,0,21,3,27,34,8,72,8,6,14,86
08/19/2008,FAY,NC,ASO,EN,Combined TRACON& Tower with Radar,3,24,25,3,55,0,1,26,1,28,3,25,51,4,83,44,0,44,127
08/20/2008,FAY,NC,ASO,EN,Combined TRACON& Tower with Radar,3,24,17,13,57,0,1,23,4,28,3,25,40,17,85,36,24,60,145
08/21/2008,FAY,NC,ASO,EN,Combined TRACON& Tower with Radar,2,32,36,2,72,0,0,12,2,14,2,32,48,4,86,6,0,6,92
08/22/2008,FAY,NC,ASO,EN,Combined TRACON& Tower with Radar,0,29,38,2,69,0,0,1,0,1,0,29,39,2,70,22,8,30,100
08/23/2008,FAY,NC,ASO,EN,Combined TRACON& Tower with Radar,1,25,10,30,66,0,0,28,2,30,1,25,38,32,96,24,12,36,132
08/24/2008,FAY,NC,ASO,EN,Combined TRACON& Tower with Radar,13,30,25,10,78,0,2,106,9,117,13,32,131,19,195,54,0,54,249
08/25/2008,FAY,NC,ASO,EN,Combined TRACON& Tower with Radar,5,28,12,20,65,0,0,2,0,2,5,28,14,20,67,26,0,26,93
08/26/2008,FAY,NC,ASO,EN,Combined TRACON& Tower with Radar,2,27,16,5,50,0,0,4,6,10,2,27,20,11,60,0,0,0,60
08/27/2008,FAY,NC,ASO,EN,Combined TRACON& Tower with Radar,3,26,15,2,46,0,0,7,0,7,3,26,22,2,53,0,0,0,53
08/28/2008,FAY,NC,ASO,EN,Combined TRACON& Tower with Radar,3,31,35,17,86,0,1,19,13,33,3,32,54,30,119,12,24,36,155
08/29/2008,FAY,NC,ASO,EN,Combined TRACON& Tower with Radar,1,32,31,7,71,0,0,0,2,2,1,32,31,9,73,20,28,48,121
08/30/2008,FAY,NC,ASO,EN,Combined TRACON& Tower with Radar,2,23,54,9,88,0,1,93,19,113,2,24,147,28,201,44,12,56,257
08/31/2008,FAY,NC,ASO,EN,Combined TRACON& Tower with Radar,2,21,33,16,72,0,1,18,1,20,2,22,51,17,92,28,28,56,148
09/01/2008,FAY,NC,ASO,EN,Combined TRACON& Tower with Radar,0,1,30,0,31,0,1,30,0,31,0,2,60,0,62,18,0,18,80
09/02/2008,FAY,NC,ASO,EN,Combined TRACON& Tower with Radar,3,30,24,19,76,0,1,30,3,34,3,31,54,22,110,0,0,0,110
09/03/2008,FAY,NC,ASO,EN,Combined TRACON& Tower with Radar,6,28,16,10,60,0,0,58,25,83,6,28,74,35,143,52,24,76,219
09/04/2008,FAY,NC,ASO,EN,Combined TRACON& Tower with Radar,3,26,7,6,42,0,0,17,19,36,3,26,24,25,78,0,14,14,92
09/05/2008,FAY,NC,ASO,EN,Combined TRACON& Tower with Radar,1,35,47,22,105,0,2,2,74,78,1,37,49,96,183,14,6,20,203
09/06/2008,FAY,NC,ASO,EN,Combined TRACON& Tower with Radar,9,12,0,0,21,0,1,5,1,7,9,13,5,1,28,6,0,6,34
09/07/2008,FAY,NC,ASO,EN,Combined TRACON& Tower with Radar,2,25,16,0,43,0,2,19,0,21,2,27,35,0,64,104,0,104,168
09/08/2008,FAY,NC,ASO,EN,Combined TRACON& Tower with Radar,6,24,22,4,56,0,0,0,0,0,6,24,22,4,56,0,0,0,56
09/09/2008,FAY,NC,ASO,EN,Combined TRACON& Tower with Radar,7,22,27,9,65,0,1,4,29,34,7,23,31,38,99,0,0,0,99
09/10/2008,FAY,NC,ASO,EN,Combined TRACON& Tower with Radar,3,28,12,7,50,0,0,0,0,0,3,28,12,7,50,0,0,0,50
09/11/2008,FAY,NC,ASO,EN,Combined TRACON& Tower with Radar,7,25,21,2,55,0,0,0,0,0,7,25,21,2,55,0,0,0,55
09/12/2008,FAY,NC,ASO,EN,Combined TRACON& Tower with Radar,4,26,17,8,55,0,2,18,0,20,4,28,35,8,75,8,0,8,83
09/13/2008,FAY,NC,ASO,EN,Combined TRACON& Tower with Radar,13,19,31,15,78,0,4,138,79,221,13,23,169,94,299,6,0,6,305
09/14/2008,FAY,NC,ASO,EN,Combined TRACON& Tower with Radar,1,34,54,40,129,0,5,89,2,96,1,39,143,42,225,84,0,84,309
09/15/2008,FAY,NC,ASO,EN,Combined TRACON& Tower with Radar,4,27,19,23,73,0,1,16,1,18,4,28,35,24,91,62,60,122,213
09/16/2008,FAY,NC,ASO,EN,Combined TRACON& Tower with Radar,5,26,32,30,93,0,0,12,0,12,5,26,44,30,105,12,48,60,165
09/17/2008,FAY,NC,ASO,EN,Combined TRACON& Tower with Radar,3,27,27,20,77,0,1,14,2,17,3,28,41,22,94,12,64,76,170
09/18/2008,FAY,NC,ASO,EN,Combined TRACON& Tower with Radar,5,26,21,21,73,0,0,18,3,21,5,26,39,24,94,52,28,80,174
09/19/2008,FAY,NC,ASO,EN,Combined TRACON& Tower with Radar,3,28,22,9,62,0,0,0,0,0,3,28,22,9,62,36,0,36,98
09/20/2008,FAY,NC,ASO,EN,Combined TRACON& Tower with Radar,5,22,19,0,46,0,2,24,0,26,5,24,43,0,72,64,0,64,136
09/21/2008,FAY,NC,ASO,EN,Combined TRACON& Tower with Radar,3,26,22,2,53,0,0,17,0,17,3,26,39,2,70,66,0,66,136
09/22/2008,FAY,NC,ASO,EN,Combined TRACON& Tower with Radar,6,32,19,12,69,0,0,12,0,12,6,32,31,12,81,34,28,62,143
09/23/2008,FAY,NC,ASO,EN,Combined TRACON& Tower with Radar,6,23,22,6,57,0,0,6,1,7,6,23,28,7,64,38,0,38,102
09/24/2008,FAY,NC,ASO,EN,Combined TRACON& Tower with Radar,7,24,12,4,47,0,0,0,0,0,7,24,12,4,47,4,4,8,55
09/25/2008,FAY,NC,ASO,EN,Combined TRACON& Tower with Radar,4,29,8,0,41,0,0,2,0,2,4,29,10,0,43,2,2,4,47
09/26/2008,FAY,NC,ASO,EN,Combined TRACON& Tower with Radar,2,28,13,2,45,0,0,0,0,0,2,28,13,2,45,0,0,0,45
09/27/2008,FAY,NC,ASO,EN,Combined TRACON& Tower with Radar,3,27,34,13,77,0,3,94,58,155,3,30,128,71,232,0,0,0,232
09/28/2008,FAY,NC,ASO,EN,Combined TRACON& Tower with Radar,2,24,13,0,39,0,2,28,0,30,2,26,41,0,69,90,0,90,159
09/29/2008,FAY,NC,ASO,EN,Combined TRACON& Tower with Radar,5,26,11,21,63,0,3,20,1,24,5,29,31,22,87,24,38,62,149
09/30/2008,FAY,NC,ASO,EN,Combined TRACON& Tower with Radar,4,23,20,8,55,0,0,2,4,6,4,23,22,12,61,96,12,108,169
10/01/2008,FAY,NC,ASO,EN,Combined TRACON& Tower with Radar,4,19,16,0,39,0,0,12,0,12,4,19,28,0,51,12,0,12,63
10/02/2008,FAY,NC,ASO,EN,Combined TRACON& Tower with Radar,4,28,21,12,65,0,3,22,4,29,4,31,43,16,94,24,10,34,128
10/03/2008,FAY,NC,ASO,EN,Combined TRACON& Tower with Radar,1,30,21,12,64,0,0,0,0,0,1,30,21,12,64,10,10,20,84
10/04/2008,FAY,NC,ASO,EN,Combined TRACON& Tower with Radar,3,20,3,0,26,0,0,44,0,44,3,20,47,0,70,80,0,80,150
10/05/2008,FAY,NC,ASO,EN,Combined TRACON& Tower with Radar,3,25,9,0,37,0,0,23,0,23,3,25,32,0,60,32,0,32,92
10/06/2008,FAY,NC,ASO,EN,Combined TRACON& Tower with Radar,4,28,12,6,50,0,0,29,0,29,4,28,41,6,79,28,2,30,109
10/07/2008,FAY,NC,ASO,EN,Combined TRACON& Tower with Radar,4,26,26,4,60,0,0,33,6,39,4,26,59,10,99,32,0,32,131
10/08/2008,FAY,NC,ASO,EN,Combined TRACON& Tower with Radar,4,26,13,13,56,0,0,21,7,28,4,26,34,20,84,10,12,22,106
10/09/2008,FAY,NC,ASO,EN,Combined TRACON& Tower with Radar,5,30,57,16,108,0,0,0,0,0,5,30,57,16,108,42,16,58,166
10/10/2008,FAY,NC,ASO,EN,Combined TRACON& Tower with Radar,3,29,24,0,56,0,0,17,2,19,3,29,41,2,75,12,0,12,87
10/11/2008,FAY,NC,ASO,EN,Combined TRACON& Tower with Radar,1,23,17,0,41,0,1,11,0,12,1,24,28,0,53,24,0,24,77
10/12/2008,FAY,NC,ASO,EN,Combined TRACON& Tower with Radar,2,40,51,9,102,0,32,91,0,123,2,72,142,9,225,24,0,24,249
10/13/2008,FAY,NC,ASO,EN,Combined TRACON& Tower with Radar,4,24,58,0,86,0,0,0,0,0,4,24,58,0,86,26,0,26,112
10/14/2008,FAY,NC,ASO,EN,Combined TRACON& Tower with Radar,6,22,53,18,99,0,0,0,0,0,6,22,53,18,99,10,14,24,123
10/15/2008,FAY,NC,ASO,EN,Combined TRACON& Tower with Radar,5,28,19,2,54,1,0,43,12,56,6,28,62,14,110,28,0,28,138
10/16/2008,FAY,NC,ASO,EN,Combined TRACON& Tower with Radar,2,28,53,18,101,0,0,0,0,0,2,28,53,18,101,4,0,4,105
10/17/2008,FAY,NC,ASO,EN,Combined TRACON& Tower with Radar,4,31,42,24,101,0,0,0,0,0,4,31,42,24,101,6,42,48,149
10/18/2008,FAY,NC,ASO,EN,Combined TRACON& Tower with Radar,5,26,24,4,59,0,0,0,0,0,5,26,24,4,59,26,54,80,139
10/19/2008,FAY,NC,ASO,EN,Combined TRACON& Tower with Radar,0,29,18,3,50,0,2,30,0,32,0,31,48,3,82,56,0,56,138
10/20/2008,FAY,NC,ASO,EN,Combined TRACON& Tower with Radar,3,26,31,13,73,0,0,0,0,0,3,26,31,13,73,36,14,50,123
10/21/2008,FAY,NC,ASO,EN,Combined TRACON& Tower with Radar,5,24,31,26,86,0,0,33,3,36,5,24,64,29,122,30,12,42,164
10/22/2008,FAY,NC,ASO,EN,Combined TRACON& Tower with Radar,6,26,5,12,49,0,1,25,10,36,6,27,30,22,85,6,38,44,129
10/23/2008,FAY,NC,ASO,EN,Combined TRACON& Tower with Radar,5,27,17,19,68,0,0,19,2,21,5,27,36,21,89,24,28,52,141
10/24/2008,FAY,NC,ASO,EN,Combined TRACON& Tower with Radar,1,30,10,3,44,0,0,4,0,4,1,30,14,3,48,30,6,36,84
10/25/2008,FAY,NC,ASO,EN,Combined TRACON& Tower with Radar,5,25,64,16,110,0,1,20,5,26,5,26,84,21,136,36,0,36,172
10/26/2008,FAY,NC,ASO,EN,Combined TRACON& Tower with Radar,3,34,51,8,96,0,14,147,10,171,3,48,198,18,267,71,0,71,338
10/27/2008,FAY,NC,ASO,EN,Combined TRACON& Tower with Radar,6,24,32,7,69,0,0,14,3,17,6,24,46,10,86,18,0,18,104
10/28/2008,FAY,NC,ASO,EN,Combined TRACON& Tower with Radar,0,0,8,18,26,0,3,36,103,142,0,3,44,121,168,0,0,0,168
10/29/2008,FAY,NC,ASO,EN,Combined TRACON& Tower with Radar,3,29,14,10,56,0,1,26,6,33,3,30,40,16,89,14,10,24,113
10/30/2008,FAY,NC,ASO,EN,Combined TRACON& Tower with Radar,3,28,30,9,70,0,0,0,0,0,3,28,30,9,70,12,6,18,88
10/31/2008,FAY,NC,ASO,EN,Combined TRACON& Tower with Radar,5,26,18,8,57,0,2,35,11,48,5,28,53,19,105,86,0,86,191
11/01/2008,FAY,NC,ASO,EN,Combined TRACON& Tower with Radar,4,25,41,13,83,0,9,162,12,183,4,34,203,25,266,60,0,60,326
11/02/2008,FAY,NC,ASO,EN,Combined TRACON& Tower with Radar,2,23,14,0,39,0,0,34,0,34,2,23,48,0,73,45,0,45,118
11/03/2008,FAY,NC,ASO,EN,Combined TRACON& Tower with Radar,2,27,14,9,52,0,0,31,7,38,2,27,45,16,90,0,0,0,90
11/04/2008,FAY,NC,ASO,EN,Combined TRACON& Tower with Radar,4,28,21,0,53,0,0,0,0,0,4,28,21,0,53,0,0,0,53
11/05/2008,FAY,NC,ASO,EN,Combined TRACON& Tower with Radar,2,27,17,13,59,0,0,5,10,15,2,27,22,23,74,44,2,46,120
11/06/2008,FAY,NC,ASO,EN,Combined TRACON& Tower with Radar,3,32,27,3,65,0,1,21,1,23,3,33,48,4,88,18,4,22,110
11/07/2008,FAY,NC,ASO,EN,Combined TRACON& Tower with Radar,6,26,47,11,90,0,0,0,0,0,6,26,47,11,90,78,48,126,216
11/08/2008,FAY,NC,ASO,EN,Combined TRACON& Tower with Radar,4,24,13,0,41,0,1,25,0,26,4,25,38,0,67,52,10,62,129
11/09/2008,FAY,NC,ASO,EN,Combined TRACON& Tower with Radar,3,26,18,12,59,0,0,25,0,25,3,26,43,12,84,66,0,66,150
11/10/2008,FAY,NC,ASO,EN,Combined TRACON& Tower with Radar,5,26,18,1,50,0,0,24,1,25,5,26,42,2,75,36,0,36,111
11/11/2008,FAY,NC,ASO,EN,Combined TRACON& Tower with Radar,4,23,24,0,51,0,0,26,0,26,4,23,50,0,77,68,0,68,145
11/12/2008,FAY,NC,ASO,EN,Combined TRACON& Tower with Radar,5,25,29,2,61,0,1,19,0,20,5,26,48,2,81,18,0,18,99
11/13/2008,FAY,NC,ASO,EN,Combined TRACON& Tower with Radar,4,29,17,8,58,0,0,0,0,0,4,29,17,8,58,0,0,0,58
11/14/2008,FAY,NC,ASO,EN,Combined TRACON& Tower with Radar,3,28,14,6,51,0,0,0,0,0,3,28,14,6,51,0,0,0,51
11/15/2008,FAY,NC,ASO,EN,Combined TRACON& Tower with Radar,2,30,23,14,69,0,0,12,2,14,2,30,35,16,83,0,0,0,83
11/16/2008,FAY,NC,ASO,EN,Combined TRACON& Tower with Radar,7,37,48,10,102,0,6,137,47,190,7,43,185,57,292,90,0,90,382
11/17/2008,FAY,NC,ASO,EN,Combined TRACON& Tower with Radar,5,29,16,24,74,0,1,18,2,21,5,30,34,26,95,24,46,70,165
11/18/2008,FAY,NC,ASO,EN,Combined TRACON& Tower with Radar,4,28,21,10,63,0,0,12,7,19,4,28,33,17,82,54,8,62,144
11/19/2008,FAY,NC,ASO,EN,Combined TRACON& Tower with Radar,4,27,36,1,68,0,1,23,0,24,4,28,59,1,92,0,2,2,94
11/20/2008,FAY,NC,ASO,EN,Combined TRACON& Tower with Radar,4,32,52,1,89,0,0,0,0,0,4,32,52,1,89,2,0,2,91
11/21/2008,FAY,NC,ASO,EN,Combined TRACON& Tower with Radar,6,28,35,10,79,0,0,0,0,0,6,28,35,10,79,20,6,26,105
11/22/2008,FAY,NC,ASO,EN,Combined TRACON& Tower with Radar,3,23,47,2,75,0,0,0,0,0,3,23,47,2,75,0,0,0,75
11/23/2008,FAY,NC,ASO,EN,Combined TRACON& Tower with Radar,4,26,17,0,47,0,1,16,0,17,4,27,33,0,64,60,0,60,124
11/24/2008,FAY,NC,ASO,EN,Combined TRACON& Tower with Radar,5,25,9,22,61,0,1,15,2,18,5,26,24,24,79,2,34,36,115
11/25/2008,FAY,NC,ASO,EN,Combined TRACON& Tower with Radar,5,29,32,31,97,0,1,11,7,19,5,30,43,38,116,40,6,46,162
11/26/2008,FAY,NC,ASO,EN,Combined TRACON& Tower with Radar,3,30,25,6,64,0,0,30,0,30,3,30,55,6,94,54,22,76,170
11/27/2008,FAY,NC,ASO,EN,Combined TRACON& Tower with Radar,0,16,32,0,48,0,0,0,0,0,0,16,32,0,48,64,0,64,112
11/28/2008,FAY,NC,ASO,EN,Combined TRACON& Tower with Radar,0,26,4,0,30,0,0,19,0,19,0,26,23,0,49,66,0,66,115
11/29/2008,FAY,NC,ASO,EN,Combined TRACON& Tower with Radar,3,24,18,0,45,0,0,2,0,2,3,24,20,0,47,0,0,0,47
11/30/2008,FAY,NC,ASO,EN,Combined TRACON& Tower with Radar,2,47,47,5,101,0,0,0,0,0,2,47,47,5,101,0,0,0,101
12/01/2008,FAY,NC,ASO,EN,Combined TRACON& Tower with Radar,13,22,8,2,45,0,0,6,0,6,13,22,14,2,51,0,0,0,51
12/02/2008,FAY,NC,ASO,EN,Combined TRACON& Tower with Radar,3,25,26,11,65,0,0,11,1,12,3,25,37,12,77,18,4,22,99
12/03/2008,FAY,NC,ASO,EN,Combined TRACON& Tower with Radar,4,24,17,5,50,0,1,21,2,24,4,25,38,7,74,18,0,18,92
12/04/2008,FAY,NC,ASO,EN,Combined TRACON& Tower with Radar,5,27,32,15,79,0,0,0,0,0,5,27,32,15,79,34,16,50,129
12/05/2008,FAY,NC,ASO,EN,Combined TRACON& Tower with Radar,1,30,45,5,81,0,0,0,0,0,1,30,45,5,81,80,8,88,169
12/06/2008,FAY,NC,ASO,EN,Combined TRACON& Tower with Radar,5,23,52,0,80,0,0,0,0,0,5,23,52,0,80,0,0,0,80
12/07/2008,FAY,NC,ASO,EN,Combined TRACON& Tower with Radar,2,25,20,4,51,0,0,11,0,11,2,25,31,4,62,56,14,70,132
12/08/2008,FAY,NC,ASO,EN,Combined TRACON& Tower with Radar,4,28,30,2,64,0,0,20,0,20,4,28,50,2,84,30,0,30,114
12/09/2008,FAY,NC,ASO,EN,Combined TRACON& Tower with Radar,6,25,30,9,70,0,0,14,0,14,6,25,44,9,84,40,6,46,130
12/10/2008,FAY,NC,ASO,EN,Combined TRACON& Tower with Radar,6,23,14,18,61,0,0,4,0,4,6,23,18,18,65,0,0,0,65
12/11/2008,FAY,NC,ASO,EN,Combined TRACON& Tower with Radar,4,27,15,1,47,0,0,0,0,0,4,27,15,1,47,0,0,0,47
12/12/2008,FAY,NC,ASO,EN,Combined TRACON& Tower with Radar,3,30,26,120,179,0,0,0,0,0,3,30,26,120,179,20,10,30,209
12/13/2008,FAY,NC,ASO,EN,Combined TRACON& Tower with Radar,4,26,15,2,47,0,0,32,3,35,4,26,47,5,82,52,0,52,134
12/14/2008,FAY,NC,ASO,EN,Combined TRACON& Tower with Radar,1,29,15,2,47,0,1,23,2,26,1,30,38,4,73,28,0,28,101
12/15/2008,FAY,NC,ASO,EN,Combined TRACON& Tower with Radar,4,26,9,19,58,0,0,10,3,13,4,26,19,22,71,14,28,42,113
12/16/2008,FAY,NC,ASO,EN,Combined TRACON& Tower with Radar,8,27,47,46,128,0,0,2,0,2,8,27,49,46,130,2,0,2,132
12/17/2008,FAY,NC,ASO,EN,Combined TRACON& Tower with Radar,3,25,9,12,49,0,0,1,0,1,3,25,10,12,50,0,0,0,50
12/18/2008,FAY,NC,ASO,EN,Combined TRACON& Tower with Radar,5,21,17,0,43,0,0,0,0,0,5,21,17,0,43,0,0,0,43
12/19/2008,FAY,NC,ASO,EN,Combined TRACON& Tower with Radar,3,24,15,38,80,0,0,1,0,1,3,24,16,38,81,10,10,20,101
12/20/2008,FAY,NC,ASO,EN,Combined TRACON& Tower with Radar,8,37,61,18,124,0,0,67,1,68,8,37,128,19,192,64,14,78,270
12/21/2008,FAY,NC,ASO,EN,Combined TRACON& Tower with Radar,3,25,3,0,31,0,0,13,0,13,3,25,16,0,44,10,0,10,54
12/22/2008,FAY,NC,ASO,EN,Combined TRACON& Tower with Radar,4,23,10,2,39,0,0,15,0,15,4,23,25,2,54,6,2,8,62
12/23/2008,FAY,NC,ASO,EN,Combined TRACON& Tower with Radar,0,29,11,0,40,0,0,0,0,0,0,29,11,0,40,0,0,0,40
12/24/2008,FAY,NC,ASO,EN,Combined TRACON& Tower with Radar,5,17,7,1,30,0,0,4,0,4,5,17,11,1,34,6,0,6,40
12/25/2008,FAY,NC,ASO,EN,Combined TRACON& Tower with Radar,3,15,2,2,22,0,0,0,0,0,3,15,2,2,22,10,0,10,32
12/26/2008,FAY,NC,ASO,EN,Combined TRACON& Tower with Radar,4,23,15,0,42,0,0,11,0,11,4,23,26,0,53,6,0,6,59
12/27/2008,FAY,NC,ASO,EN,Combined TRACON& Tower with Radar,4,22,61,3,90,0,0,0,0,0,4,22,61,3,90,16,0,16,106
12/28/2008,FAY,NC,ASO,EN,Combined TRACON& Tower with Radar,4,22,14,0,40,0,3,10,0,13,4,25,24,0,53,14,0,14,67
12/29/2008,FAY,NC,ASO,EN,Combined TRACON& Tower with Radar,5,26,19,4,54,0,0,13,0,13,5,26,32,4,67,0,4,4,71
12/30/2008,FAY,NC,ASO,EN,Combined TRACON& Tower with Radar,2,30,10,10,52,0,4,52,7,63,2,34,62,17,115,0,6,6,121
12/31/2008,FAY,NC,ASO,EN,Combined TRACON& Tower with Radar,4,25,9,0,38,0,4,11,0,15,4,29,20,0,53,2,4,6,59
01/01/2009,FAY,NC,ASO,EN,Combined TRACON& Tower with Radar,6,17,4,3,30,0,0,22,3,25,6,17,26,6,55,0,0,0,55
01/02/2009,FAY,NC,ASO,EN,Combined TRACON& Tower with Radar,6,23,8,2,39,0,0,8,0,8,6,23,16,2,47,38,0,38,85
01/03/2009,FAY,NC,ASO,EN,Combined TRACON& Tower with Radar,3,26,5,0,34,0,1,29,0,30,3,27,34,0,64,58,0,58,122
01/04/2009,FAY,NC,ASO,EN,Combined TRACON& Tower with Radar,5,16,12,0,33,0,0,0,0,0,5,16,12,0,33,0,0,0,33
01/05/2009,FAY,NC,ASO,EN,Combined TRACON& Tower with Radar,4,23,15,3,45,0,0,1,1,2,4,23,16,4,47,0,6,6,53
01/06/2009,FAY,NC,ASO,EN,Combined TRACON& Tower with Radar,4,22,14,3,43,0,0,2,0,2,4,22,16,3,45,10,0,10,55
01/07/2009,FAY,NC,ASO,EN,Combined TRACON& Tower with Radar,5,25,6,7,43,0,0,0,0,0,5,25,6,7,43,8,0,8,51
01/08/2009,FAY,NC,ASO,EN,Combined TRACON& Tower with Radar,7,21,25,3,56,0,0,6,0,6,7,21,31,3,62,40,0,40,102
01/09/2009,FAY,NC,ASO,EN,Combined TRACON& Tower with Radar,6,25,20,9,60,0,2,31,1,34,6,27,51,10,94,36,40,76,170
01/10/2009,FAY,NC,ASO,EN,Combined TRACON& Tower with Radar,2,25,3,0,30,0,1,28,0,29,2,26,31,0,59,40,0,40,99
01/11/2009,FAY,NC,ASO,EN,Combined TRACON& Tower with Radar,4,24,49,20,97,0,3,62,6,71,4,27,111,26,168,14,1,15,183
01/12/2009,FAY,NC,ASO,EN,Combined TRACON& Tower with Radar,5,22,12,16,55,0,1,12,2,15,5,23,24,18,70,30,12,42,112
01/13/2009,FAY,NC,ASO,EN,Combined TRACON& Tower with Radar,1,24,20,7,52,0,0,7,0,7,1,24,27,7,59,18,36,54,113
01/14/2009,FAY,NC,ASO,EN,Combined TRACON& Tower with Radar,6,21,11,15,53,0,0,29,27,56,6,21,40,42,109,50,38,88,197
01/15/2009,FAY,NC,ASO,EN,Combined TRACON& Tower with Radar,6,24,13,9,52,0,0,19,1,20,6,24,32,10,72,52,44,96,168
01/16/2009,FAY,NC,ASO,EN,Combined TRACON& Tower with Radar,5,28,13,0,46,0,5,31,2,38,5,33,44,2,84,36,34,70,154
01/17/2009,FAY,NC,ASO,EN,Combined TRACON& Tower with Radar,2,30,10,0,42,0,0,26,0,26,2,30,36,0,68,42,0,42,110
01/18/2009,FAY,NC,ASO,EN,Combined TRACON& Tower with Radar,3,29,9,2,43,0,0,0,0,0,3,29,9,2,43,0,0,0,43
01/19/2009,FAY,NC,ASO,EN,Combined TRACON& Tower with Radar,6,18,12,2,38,0,0,11,1,12,6,18,23,3,50,40,4,44,94
01/20/2009,FAY,NC,ASO,EN,Combined TRACON& Tower with Radar,1,11,7,0,19,0,0,0,0,0,1,11,7,0,19,0,0,0,19
01/21/2009,FAY,NC,ASO,EN,Combined TRACON& Tower with Radar,7,18,24,38,87,0,0,25,1,26,7,18,49,39,113,0,0,0,113
01/22/2009,FAY,NC,ASO,EN,Combined TRACON& Tower with Radar,4,20,26,18,68,0,1,28,1,30,4,21,54,19,98,22,24,46,144
01/23/2009,FAY,NC,ASO,EN,Combined TRACON& Tower with Radar,6,23,13,10,52,0,8,24,5,37,6,31,37,15,89,34,28,62,151
01/24/2009,FAY,NC,ASO,EN,Combined TRACON& Tower with Radar,1,27,9,0,37,0,1,31,0,32,1,28,40,0,69,25,0,25,94
01/25/2009,FAY,NC,ASO,EN,Combined TRACON& Tower with Radar,6,23,28,18,75,0,1,33,9,43,6,24,61,27,118,20,0,20,138
01/26/2009,FAY,NC,ASO,EN,Combined TRACON& Tower with Radar,4,23,37,24,88,0,0,8,9,17,4,23,45,33,105,16,14,30,135
01/27/2009,FAY,NC,ASO,EN,Combined TRACON& Tower with Radar,4,23,30,14,71,0,0,13,0,13,4,23,43,14,84,0,0,0,84
01/28/2009,FAY,NC,ASO,EN,Combined TRACON& Tower with Radar,6,24,25,8,63,0,0,2,0,2,6,24,27,8,65,0,0,0,65
01/29/2009,FAY,NC,ASO,EN,Combined TRACON& Tower with Radar,5,21,21,9,56,0,0,17,7,24,5,21,38,16,80,42,26,68,148
01/30/2009,FAY,NC,ASO,EN,Combined TRACON& Tower with Radar,4,24,22,3,53,0,0,45,2,47,4,24,67,5,100,34,6,40,140
01/31/2009,FAY,NC,ASO,EN,Combined TRACON& Tower with Radar,3,25,14,0,42,0,3,66,1,70,3,28,80,1,112,94,0,94,206
02/01/2009,FAY,NC,ASO,EN,Combined TRACON& Tower with Radar,4,26,80,0,110,0,2,129,0,131,4,28,209,0,241,15,0,15,256
02/02/2009,FAY,NC,ASO,EN,Combined TRACON& Tower with Radar,4,22,31,37,94,0,0,5,1,6,4,22,36,38,100,4,26,30,130
02/03/2009,FAY,NC,ASO,EN,Combined TRACON& Tower with Radar,3,23,21,14,61,0,1,1,3,5,3,24,22,17,66,2,14,16,82
02/04/2009,FAY,NC,ASO,EN,Combined TRACON& Tower with Radar,4,23,17,5,49,0,0,12,14,26,4,23,29,19,75,2,20,22,97
02/05/2009,FAY,NC,ASO,EN,Combined TRACON& Tower with Radar,5,24,21,17,67,0,0,21,17,38,5,24,42,34,105,22,22,44,149
02/06/2009,FAY,NC,ASO,EN,Combined TRACON& Tower with Radar,3,25,19,1,48,0,0,14,4,18,3,25,33,5,66,32,30,62,128
02/07/2009,FAY,NC,ASO,EN,Combined TRACON& Tower with Radar,2,24,19,1,46,0,1,49,0,50,2,25,68,1,96,144,0,144,240
02/08/2009,FAY,NC,ASO,EN,Combined TRACON& Tower with Radar,5,24,23,0,52,0,3,43,3,49,5,27,66,3,101,36,0,36,137
02/09/2009,FAY,NC,ASO,EN,Combined TRACON& Tower with Radar,4,21,11,22,58,0,0,12,3,15,4,21,23,25,73,0,4,4,77
02/10/2009,FAY,NC,ASO,EN,Combined TRACON& Tower with Radar,4,21,26,10,61,0,5,10,6,21,4,26,36,16,82,4,2,6,88
02/11/2009,FAY,NC,ASO,EN,Combined TRACON& Tower with Radar,7,20,17,6,50,0,0,0,0,0,7,20,17,6,50,10,2,12,62
02/12/2009,FAY,NC,ASO,EN,Combined TRACON& Tower with Radar,3,29,12,4,48,0,2,23,1,26,3,31,35,5,74,50,8,58,132
02/13/2009,FAY,NC,ASO,EN,Combined TRACON& Tower with Radar,4,27,8,1,40,0,4,39,0,43,4,31,47,1,83,64,8,72,155
02/14/2009,FAY,NC,ASO,EN,Combined TRACON& Tower with Radar,1,26,13,0,40,0,1,26,0,27,1,27,39,0,67,74,0,74,141
02/15/2009,FAY,NC,ASO,EN,Combined TRACON& Tower with Radar,4,21,15,4,44,0,0,20,0,20,4,21,35,4,64,0,0,0,64
02/16/2009,FAY,NC,ASO,EN,Combined TRACON& Tower with Radar,3,22,12,2,39,0,0,15,0,15,3,22,27,2,54,32,0,32,86
02/17/2009,FAY,NC,ASO,EN,Combined TRACON& Tower with Radar,3,23,25,15,66,0,0,34,0,34,3,23,59,15,100,12,46,58,158
02/18/2009,FAY,NC,ASO,EN,Combined TRACON& Tower with Radar,2,25,10,4,41,0,0,1,0,1,2,25,11,4,42,0,0,0,42
02/19/2009,FAY,NC,ASO,EN,Combined TRACON& Tower with Radar,3,28,16,7,54,0,3,9,0,12,3,31,25,7,66,38,10,48,114
02/20/2009,FAY,NC,ASO,EN,Combined TRACON& Tower with Radar,4,33,20,3,60,0,0,24,0,24,4,33,44,3,84,38,10,48,132
02/21/2009,FAY,NC,ASO,EN,Combined TRACON& Tower with Radar,2,22,9,0,33,0,1,53,0,54,2,23,62,0,87,50,0,50,137
02/22/2009,FAY,NC,ASO,EN,Combined TRACON& Tower with Radar,4,27,9,5,45,0,0,7,0,7,4,27,16,5,52,8,6,14,66
02/23/2009,FAY,NC,ASO,EN,Combined TRACON& Tower with Radar,3,26,19,27,75,0,0,16,2,18,3,26,35,29,93,0,42,42,135
02/24/2009,FAY,NC,ASO,EN,Combined TRACON& Tower with Radar,3,27,30,14,74,0,3,45,0,48,3,30,75,14,122,14,32,46,168
02/25/2009,FAY,NC,ASO,EN,Combined TRACON& Tower with Radar,3,24,23,7,57,0,0,48,4,52,3,24,71,11,109,32,30,62,171
02/26/2009,FAY,NC,ASO,EN,Combined TRACON& Tower with Radar,3,26,25,10,64,0,0,17,3,20,3,26,42,13,84,50,20,70,154
02/27/2009,FAY,NC,ASO,EN,Combined TRACON& Tower with Radar,3,24,24,13,64,0,4,26,12,42,3,28,50,25,106,24,10,34,140
02/28/2009,FAY,NC,ASO,EN,Combined TRACON& Tower with Radar,2,26,22,1,51,0,0,0,0,0,2,26,22,1,51,0,0,0,51
03/01/2009,FAY,NC,ASO,EN,Combined TRACON& Tower with Radar,3,13,10,0,26,0,0,0,0,0,3,13,10,0,26,0,0,0,26
03/02/2009,FAY,NC,ASO,EN,Combined TRACON& Tower with Radar,3,23,13,16,55,0,0,1,0,1,3,23,14,16,56,0,18,18,74
03/03/2009,FAY,NC,ASO,EN,Combined TRACON& Tower with Radar,0,23,15,11,49,0,2,16,10,28,0,25,31,21,77,38,24,62,139
03/04/2009,FAY,NC,ASO,EN,Combined TRACON& Tower with Radar,3,26,15,1,45,0,0,42,1,43,3,26,57,2,88,18,8,26,114
03/05/2009,FAY,NC,ASO,EN,Combined TRACON& Tower with Radar,1,25,21,9,56,0,0,21,3,24,1,25,42,12,80,40,24,64,144
03/06/2009,FAY,NC,ASO,EN,Combined TRACON& Tower with Radar,2,24,13,14,53,0,0,29,4,33,2,24,42,18,86,40,24,64,150
03/07/2009,FAY,NC,ASO,EN,Combined TRACON& Tower with Radar,1,25,14,2,42,0,1,66,0,67,1,26,80,2,109,70,0,70,179
03/08/2009,FAY,NC,ASO,EN,Combined TRACON& Tower with Radar,2,28,18,0,48,0,1,22,0,23,2,29,40,0,71,18,0,18,89
03/09/2009,FAY,NC,ASO,EN,Combined TRACON& Tower with Radar,2,31,17,2,52,0,0,23,0,23,2,31,40,2,75,40,0,40,115
03/10/2009,FAY,NC,ASO,EN,Combined TRACON& Tower with Radar,1,23,33,2,59,0,0,17,4,21,1,23,50,6,80,8,2,10,90
03/11/2009,FAY,NC,ASO,EN,Combined TRACON& Tower with Radar,2,25,23,6,56,0,0,25,8,33,2,25,48,14,89,39,4,43,132
03/12/2009,FAY,NC,ASO,EN,Combined TRACON& Tower with Radar,2,24,20,14,60,0,0,26,4,30,2,24,46,18,90,54,12,66,156
03/13/2009,FAY,NC,ASO,EN,Combined TRACON& Tower with Radar,1,32,25,1,59,0,0,0,0,0,1,32,25,1,59,12,6,18,77
03/14/2009,FAY,NC,ASO,EN,Combined TRACON& Tower with Radar,4,27,13,0,44,0,0,0,0,0,4,27,13,0,44,0,0,0,44
03/15/2009,FAY,NC,ASO,EN,Combined TRACON& Tower with Radar,5,20,42,13,80,0,0,0,0,0,5,20,42,13,80,0,0,0,80
03/16/2009,FAY,NC,ASO,EN,Combined TRACON& Tower with Radar,4,21,26,1,52,0,0,0,0,0,4,21,26,1,52,4,0,4,56
03/17/2009,FAY,NC,ASO,EN,Combined TRACON& Tower with Radar,4,24,27,2,57,0,0,8,1,9,4,24,35,3,66,8,0,8,74
03/18/2009,FAY,NC,ASO,EN,Combined TRACON& Tower with Radar,1,28,28,0,57,0,1,26,0,27,1,29,54,0,84,86,0,86,170
03/19/2009,FAY,NC,ASO,EN,Combined TRACON& Tower with Radar,4,27,25,5,61,0,0,30,0,30,4,27,55,5,91,24,0,24,115
03/20/2009,FAY,NC,ASO,EN,Combined TRACON& Tower with Radar,4,28,13,3,48,0,2,18,2,22,4,30,31,5,70,98,28,126,196
03/21/2009,FAY,NC,ASO,EN,Combined TRACON& Tower with Radar,1,25,13,0,39,0,7,34,0,41,1,32,47,0,80,76,0,76,156
03/22/2009,FAY,NC,ASO,EN,Combined TRACON& Tower with Radar,4,26,12,1,43,0,1,23,1,25,4,27,35,2,68,10,0,10,78
03/23/2009,FAY,NC,ASO,EN,Combined TRACON& Tower with Radar,3,25,27,1,56,0,1,19,0,20,3,26,46,1,76,18,6,24,100
03/24/2009,FAY,NC,ASO,EN,Combined TRACON& Tower with Radar,11,27,54,42,134,0,2,59,36,97,11,29,113,78,231,30,0,30,261
03/25/2009,FAY,NC,ASO,EN,Combined TRACON& Tower with Radar,3,23,28,1,55,0,0,5,0,5,3,23,33,1,60,0,0,0,60
03/26/2009,FAY,NC,ASO,EN,Combined TRACON& Tower with Radar,2,23,23,14,62,0,0,3,13,16,2,23,26,27,78,0,24,24,102
03/27/2009,FAY,NC,ASO,EN,Combined TRACON& Tower with Radar,2,27,24,3,56,0,0,1,0,1,2,27,25,3,57,0,0,0,57
03/28/2009,FAY,NC,ASO,EN,Combined TRACON& Tower with Radar,1,27,18,0,46,0,0,2,0,2,1,27,20,0,48,0,0,0,48
03/29/2009,FAY,NC,ASO,EN,Combined TRACON& Tower with Radar,3,21,12,1,37,0,2,6,1,9,3,23,18,2,46,0,0,0,46
03/30/2009,FAY,NC,ASO,EN,Combined TRACON& Tower with Radar,2,26,32,4,64,0,0,36,1,37,2,26,68,5,101,20,8,28,129
03/31/2009,FAY,NC,ASO,EN,Combined TRACON& Tower with Radar,4,22,38,6,70,0,0,33,1,34,4,22,71,7,104,28,8,36,140
04/01/2009,FAY,NC,ASO,EN,Combined TRACON& Tower with Radar,3,24,24,30,81,0,0,0,0,0,3,24,24,30,81,16,80,96,177
04/02/2009,FAY,NC,ASO,EN,Combined TRACON& Tower with Radar,2,26,22,12,62,0,0,0,0,0,2,26,22,12,62,0,6,6,68
04/03/2009,FAY,NC,ASO,EN,Combined TRACON& Tower with Radar,4,28,9,6,47,0,0,12,0,12,4,28,21,6,59,32,6,38,97
04/04/2009,FAY,NC,ASO,EN,Combined TRACON& Tower with Radar,2,28,6,0,36,0,5,45,5,55,2,33,51,5,91,92,0,92,183
04/05/2009,FAY,NC,ASO,EN,Combined TRACON& Tower with Radar,4,29,8,0,41,0,0,1,19,20,4,29,9,19,61,42,0,42,103
04/06/2009,FAY,NC,ASO,EN,Combined TRACON& Tower with Radar,7,23,14,0,44,0,0,6,0,6,7,23,20,0,50,0,0,0,50
04/07/2009,FAY,NC,ASO,EN,Combined TRACON& Tower with Radar,4,29,15,21,69,0,0,14,0,14,4,29,29,21,83,28,24,52,135
04/08/2009,FAY,NC,ASO,EN,Combined TRACON& Tower with Radar,4,25,17,6,52,0,0,14,0,14,4,25,31,6,66,72,20,92,158
04/09/2009,FAY,NC,ASO,EN,Combined TRACON& Tower with Radar,6,22,30,16,74,0,0,31,3,34,6,22,61,19,108,54,20,74,182
04/10/2009,FAY,NC,ASO,EN,Combined TRACON& Tower with Radar,7,16,15,0,38,0,3,21,0,24,7,19,36,0,62,14,6,20,82
04/11/2009,FAY,NC,ASO,EN,Combined TRACON& Tower with Radar,2,26,8,0,36,0,0,2,23,25,2,26,10,23,61,28,0,28,89
04/12/2009,FAY,NC,ASO,EN,Combined TRACON& Tower with Radar,5,32,33,7,77,0,5,145,0,150,5,37,178,7,227,74,0,74,301
04/13/2009,FAY,NC,ASO,EN,Combined TRACON& Tower with Radar,3,25,19,4,51,0,0,11,0,11,3,25,30,4,62,6,0,6,68
04/14/2009,FAY,NC,ASO,EN,Combined TRACON& Tower with Radar,4,30,9,11,54,0,0,0,0,0,4,30,9,11,54,0,0,0,54
04/15/2009,FAY,NC,ASO,EN,Combined TRACON& Tower with Radar,3,27,30,14,74,0,0,19,2,21,3,27,49,16,95,17,8,25,120
04/16/2009,FAY,NC,ASO,EN,Combined TRACON& Tower with Radar,12,20,19,3,54,0,2,18,9,29,12,22,37,12,83,30,2,32,115
04/17/2009,FAY,NC,ASO,EN,Combined TRACON& Tower with Radar,7,24,19,0,50,0,0,44,4,48,7,24,63,4,98,122,1,123,221
04/18/2009,FAY,NC,ASO,EN,Combined TRACON& Tower with Radar,5,21,17,2,45,0,4,46,1,51,5,25,63,3,96,108,0,108,204
04/19/2009,FAY,NC,ASO,EN,Combined TRACON& Tower with Radar,5,27,28,0,60,0,1,26,0,27,5,28,54,0,87,58,0,58,145
04/20/2009,FAY,NC,ASO,EN,Combined TRACON& Tower with Radar,6,22,17,7,52,0,0,2,0,2,6,22,19,7,54,0,10,10,64
04/21/2009,FAY,NC,ASO,EN,Combined TRACON& Tower with Radar,8,23,37,1,69,0,2,13,2,17,8,25,50,3,86,24,0,24,110
04/22/2009,FAY,NC,ASO,EN,Combined TRACON& Tower with Radar,8,24,34,3,69,0,1,17,1,19,8,25,51,4,88,0,0,0,88
04/23/2009,FAY,NC,ASO,EN,Combined TRACON& Tower with Radar,4,25,37,12,78,0,2,36,0,38,4,27,73,12,116,42,6,48,164
04/24/2009,FAY,NC,ASO,EN,Combined TRACON& Tower with Radar,6,20,25,0,51,0,0,24,3,27,6,20,49,3,78,60,0,60,138
04/25/2009,FAY,NC,ASO,EN,Combined TRACON& Tower with Radar,4,22,15,0,41,0,0,21,0,21,4,22,36,0,62,78,6,84,146
04/26/2009,FAY,NC,ASO,EN,Combined TRACON& Tower with Radar,0,0,1,0,1,0,0,0,0,0,0,0,1,0,1,20,0,20,21
04/27/2009,FAY,NC,ASO,EN,Combined TRACON& Tower with Radar,4,26,30,0,60,0,1,23,0,24,4,27,53,0,84,24,6,30,114
04/28/2009,FAY,NC,ASO,EN,Combined TRACON& Tower with Radar,8,21,15,6,50,0,0,13,2,15,8,21,28,8,65,8,8,16,81
04/29/2009,FAY,NC,ASO,EN,Combined TRACON& Tower with Radar,3,26,35,13,77,0,0,20,4,24,3,26,55,17,101,18,68,86,187
04/30/2009,FAY,NC,ASO,EN,Combined TRACON& Tower with Radar,4,26,48,8,86,0,0,16,0,16,4,26,64,8,102,8,2,10,112
05/01/2009,FAY,NC,ASO,EN,Combined TRACON& Tower with Radar,7,26,14,6,53,0,1,17,1,19,7,27,31,7,72,22,0,22,94
05/02/2009,FAY,NC,ASO,EN,Combined TRACON& Tower with Radar,9,22,14,0,45,0,0,20,0,20,9,22,34,0,65,58,0,58,123
05/03/2009,FAY,NC,ASO,EN,Combined TRACON& Tower with Radar,9,36,43,22,110,0,6,27,0,33,9,42,70,22,143,4,4,8,151
05/04/2009,FAY,NC,ASO,EN,Combined TRACON& Tower with Radar,6,24,20,12,62,0,1,2,1,4,6,25,22,13,66,0,18,18,84
05/05/2009,FAY,NC,ASO,EN,Combined TRACON& Tower with Radar,5,27,14,4,50,0,0,0,0,0,5,27,14,4,50,0,0,0,50
05/06/2009,FAY,NC,ASO,EN,Combined TRACON& Tower with Radar,4,25,9,0,38,0,0,7,0,7,4,25,16,0,45,4,0,4,49
05/07/2009,FAY,NC,ASO,EN,Combined TRACON& Tower with Radar,8,30,17,0,55,0,0,6,0,6,8,30,23,0,61,9,0,9,70
05/08/2009,FAY,NC,ASO,EN,Combined TRACON& Tower with Radar,8,22,11,11,52,0,0,11,0,11,8,22,22,11,63,20,18,38,101
05/09/2009,FAY,NC,ASO,EN,Combined TRACON& Tower with Radar,7,19,13,0,39,0,1,25,0,26,7,20,38,0,65,24,0,24,89
05/10/2009,FAY,NC,ASO,EN,Combined TRACON& Tower with Radar,5,26,13,4,48,0,1,27,2,30,5,27,40,6,78,0,0,0,78
05/11/2009,FAY,NC,ASO,EN,Combined TRACON& Tower with Radar,0,0,0,0,0,0,0,0,0,0,0,0,0,0,0,14,12,26,26
05/12/2009,FAY,NC,ASO,EN,Combined TRACON& Tower with Radar,5,26,32,8,71,0,0,41,0,41,5,26,73,8,112,26,20,46,158
05/13/2009,FAY,NC,ASO,EN,Combined TRACON& Tower with Radar,7,24,29,5,65,0,1,30,0,31,7,25,59,5,96,20,18,38,134
05/14/2009,FAY,NC,ASO,EN,Combined TRACON& Tower with Radar,9,23,32,7,71,0,0,12,3,15,9,23,44,10,86,24,14,38,124
05/15/2009,FAY,NC,ASO,EN,Combined TRACON& Tower with Radar,10,22,30,1,63,0,0,14,0,14,10,22,44,1,77,12,0,12,89
05/16/2009,FAY,NC,ASO,EN,Combined TRACON& Tower with Radar,5,22,23,0,50,0,0,18,0,18,5,22,41,0,68,12,0,12,80
05/17/2009,FAY,NC,ASO,EN,Combined TRACON& Tower with Radar,5,28,15,5,53,0,0,0,1,1,5,28,15,6,54,0,4,4,58
05/18/2009,FAY,NC,ASO,EN,Combined TRACON& Tower with Radar,8,22,17,26,73,0,0,11,3,14,8,22,28,29,87,0,64,64,151
05/19/2009,FAY,NC,ASO,EN,Combined TRACON& Tower with Radar,6,23,34,7,70,0,1,27,2,30,6,24,61,9,100,30,10,40,140
05/20/2009,FAY,NC,ASO,EN,Combined TRACON& Tower with Radar,8,25,25,2,60,0,0,4,23,27,8,25,29,25,87,40,16,56,143
05/21/2009,FAY,NC,ASO,EN,Combined TRACON& Tower with Radar,6,24,28,20,78,0,0,41,4,45,6,24,69,24,123,62,20,82,205
05/22/2009,FAY,NC,ASO,EN,Combined TRACON& Tower with Radar,4,28,28,0,60,0,1,23,0,24,4,29,51,0,84,8,2,10,94
05/23/2009,FAY,NC,ASO,EN,Combined TRACON& Tower with Radar,2,23,11,0,36,0,4,28,0,32,2,27,39,0,68,22,0,22,90
05/24/2009,FAY,NC,ASO,EN,Combined TRACON& Tower with Radar,5,20,45,7,77,0,6,24,1,31,5,26,69,8,108,32,0,32,140
05/25/2009,FAY,NC,ASO,EN,Combined TRACON& Tower with Radar,8,25,25,1,59,0,0,1,0,1,8,25,26,1,60,8,0,8,68
05/26/2009,FAY,NC,ASO,EN,Combined TRACON& Tower with Radar,6,25,31,2,64,0,0,1,0,1,6,25,32,2,65,4,2,6,71
05/27/2009,FAY,NC,ASO,EN,Combined TRACON& Tower with Radar,7,32,9,18,66,0,3,16,3,22,7,35,25,21,88,28,30,58,146
05/28/2009,FAY,NC,ASO,EN,Combined TRACON& Tower with Radar,11,32,48,33,124,0,0,24,41,65,11,32,72,74,189,58,14,72,261
05/29/2009,FAY,NC,ASO,EN,Combined TRACON& Tower with Radar,7,22,13,0,42,0,0,21,0,21,7,22,34,0,63,0,0,0,63
05/30/2009,FAY,NC,ASO,EN,Combined TRACON& Tower with Radar,3,23,16,0,42,0,0,45,0,45,3,23,61,0,87,72,0,72,159
05/31/2009,FAY,NC,ASO,EN,Combined TRACON& Tower with Radar,4,27,14,0,45,0,4,39,0,43,4,31,53,0,88,56,0,56,144
06/01/2009,FAY,NC,ASO,EN,Combined TRACON& Tower with Radar,4,27,19,2,52,0,0,17,1,18,4,27,36,3,70,4,0,4,74
06/02/2009,FAY,NC,ASO,EN,Combined TRACON& Tower with Radar,7,25,24,0,56,0,0,30,2,32,7,25,54,2,88,22,0,22,110
06/03/2009,FAY,NC,ASO,EN,Combined TRACON& Tower with Radar,9,22,21,5,57,0,2,9,0,11,9,24,30,5,68,32,2,34,102
06/04/2009,FAY,NC,ASO,EN,Combined TRACON& Tower with Radar,8,22,24,0,54,0,0,6,0,6,8,22,30,0,60,34,8,42,102
06/05/2009,FAY,NC,ASO,EN,Combined TRACON& Tower with Radar,4,31,13,3,51,0,0,7,0,7,4,31,20,3,58,0,0,0,58
06/06/2009,FAY,NC,ASO,EN,Combined TRACON& Tower with Radar,5,23,20,0,48,0,0,3,0,3,5,23,23,0,51,30,0,30,81
06/07/2009,FAY,NC,ASO,EN,Combined TRACON& Tower with Radar,4,31,18,1,54,0,2,18,0,20,4,33,36,1,74,62,0,62,136
06/08/2009,FAY,NC,ASO,EN,Combined TRACON& Tower with Radar,8,27,19,4,58,0,0,12,0,12,8,27,31,4,70,2,0,2,72
06/09/2009,FAY,NC,ASO,EN,Combined TRACON& Tower with Radar,6,29,19,8,62,0,0,5,2,7,6,29,24,10,69,0,0,0,69
06/10/2009,FAY,NC,ASO,EN,Combined TRACON& Tower with Radar,7,27,12,15,61,0,1,26,0,27,7,28,38,15,88,16,8,24,112
06/11/2009,FAY,NC,ASO,EN,Combined TRACON& Tower with Radar,6,31,17,2,56,0,0,15,0,15,6,31,32,2,71,66,8,74,145
06/12/2009,FAY,NC,ASO,EN,Combined TRACON& Tower with Radar,6,28,14,0,48,0,4,25,1,30,6,32,39,1,78,16,8,24,102
06/13/2009,FAY,NC,ASO,EN,Combined TRACON& Tower with Radar,5,22,18,0,45,0,2,49,0,51,5,24,67,0,96,54,0,54,150
06/14/2009,FAY,NC,ASO,EN,Combined TRACON& Tower with Radar,6,31,9,2,48,0,2,36,0,38,6,33,45,2,86,52,0,52,138
06/15/2009,FAY,NC,ASO,EN,Combined TRACON& Tower with Radar,4,32,17,1,54,0,1,6,0,7,4,33,23,1,61,8,2,10,71
06/16/2009,FAY,NC,ASO,EN,Combined TRACON& Tower with Radar,7,29,22,15,73,0,0,5,0,5,7,29,27,15,78,0,16,16,94
06/17/2009,FAY,NC,ASO,EN,Combined TRACON& Tower with Radar,8,28,23,10,69,0,0,12,2,14,8,28,35,12,83,62,16,78,161
06/18/2009,FAY,NC,ASO,EN,Combined TRACON& Tower with Radar,4,31,49,55,139,0,0,97,112,209,4,31,146,167,348,26,70,96,444
06/19/2009,FAY,NC,ASO,EN,Combined TRACON& Tower with Radar,6,31,29,18,84,0,0,40,10,50,6,31,69,28,134,110,18,128,262
06/20/2009,FAY,NC,ASO,EN,Combined TRACON& Tower with Radar,3,25,11,9,48,0,0,27,0,27,3,25,38,9,75,36,0,36,111
06/21/2009,FAY,NC,ASO,EN,Combined TRACON& Tower with Radar,6,27,9,2,44,0,1,21,0,22,6,28,30,2,66,6,0,6,72
06/22/2009,FAY,NC,ASO,EN,Combined TRACON& Tower with Radar,5,24,13,8,50,0,0,15,0,15,5,24,28,8,65,12,6,18,83
06/23/2009,FAY,NC,ASO,EN,Combined TRACON& Tower with Radar,8,27,30,0,65,0,0,22,5,27,8,27,52,5,92,22,0,22,114
06/24/2009,FAY,NC,ASO,EN,Combined TRACON& Tower with Radar,6,28,18,0,52,0,1,45,0,46,6,29,63,0,98,34,2,36,134
06/25/2009,FAY,NC,ASO,EN,Combined TRACON& Tower with Radar,5,29,22,0,56,0,1,23,0,24,5,30,45,0,80,32,6,38,118
06/26/2009,FAY,NC,ASO,EN,Combined TRACON& Tower with Radar,8,28,21,2,59,0,0,11,4,15,8,28,32,6,74,40,0,40,114
06/27/2009,FAY,NC,ASO,EN,Combined TRACON& Tower with Radar,5,22,16,0,43,0,0,36,0,36,5,22,52,0,79,44,0,44,123
06/28/2009,FAY,NC,ASO,EN,Combined TRACON& Tower with Radar,6,20,28,0,54,0,1,24,0,25,6,21,52,0,79,88,0,88,167
06/29/2009,FAY,NC,ASO,EN,Combined TRACON& Tower with Radar,7,26,17,1,51,0,0,23,0,23,7,26,40,1,74,14,0,14,88
06/30/2009,FAY,NC,ASO,EN,Combined TRACON& Tower with Radar,7,27,24,0,58,0,2,20,2,24,7,29,44,2,82,34,0,34,116
07/01/2009,FAY,NC,ASO,EN,Combined TRACON& Tower with Radar,7,27,13,0,47,0,0,12,0,12,7,27,25,0,59,36,0,36,95
07/02/2009,FAY,NC,ASO,EN,Combined TRACON& Tower with Radar,4,29,27,5,65,0,0,20,4,24,4,29,47,9,89,64,12,76,165
07/03/2009,FAY,NC,ASO,EN,Combined TRACON& Tower with Radar,6,30,18,0,54,0,0,36,0,36,6,30,54,0,90,68,0,68,158
07/04/2009,FAY,NC,ASO,EN,Combined TRACON& Tower with Radar,7,18,5,5,35,0,0,18,2,20,7,18,23,7,55,76,0,76,131
07/05/2009,FAY,NC,ASO,EN,Combined TRACON& Tower with Radar,7,25,7,0,39,0,0,3,0,3,7,25,10,0,42,50,0,50,92
07/06/2009,FAY,NC,ASO,EN,Combined TRACON& Tower with Radar,7,26,26,5,64,0,0,1,2,3,7,26,27,7,67,4,0,4,71
07/07/2009,FAY,NC,ASO,EN,Combined TRACON& Tower with Radar,6,30,10,0,46,0,1,22,3,26,6,31,32,3,72,44,8,52,124
07/08/2009,FAY,NC,ASO,EN,Combined TRACON& Tower with Radar,8,26,9,6,49,0,1,17,1,19,8,27,26,7,68,58,10,68,136
07/09/2009,FAY,NC,ASO,EN,Combined TRACON& Tower with Radar,9,35,55,68,167,0,8,61,45,114,9,43,116,113,281,46,12,58,339
07/10/2009,FAY,NC,ASO,EN,Combined TRACON& Tower with Radar,9,26,21,7,63,0,1,38,2,41,9,27,59,9,104,86,32,118,222
07/11/2009,FAY,NC,ASO,EN,Combined TRACON& Tower with Radar,8,22,10,3,43,0,0,16,0,16,8,22,26,3,59,74,10,84,143
07/12/2009,FAY,NC,ASO,EN,Combined TRACON& Tower with Radar,6,25,9,0,40,0,0,21,0,21,6,25,30,0,61,54,0,54,115
07/13/2009,FAY,NC,ASO,EN,Combined TRACON& Tower with Radar,6,31,12,16,65,0,0,2,3,5,6,31,14,19,70,10,12,22,92
07/14/2009,FAY,NC,ASO,EN,Combined TRACON& Tower with Radar,7,26,14,7,54,0,0,34,5,39,7,26,48,12,93,44,8,52,145
07/15/2009,FAY,NC,ASO,EN,Combined TRACON& Tower with Radar,6,26,23,0,55,0,0,25,1,26,6,26,48,1,81,28,0,28,109
07/16/2009,FAY,NC,ASO,EN,Combined TRACON& Tower with Radar,2,32,25,0,59,0,0,7,0,7,2,32,32,0,66,26,0,26,92
07/17/2009,FAY,NC,ASO,EN,Combined TRACON& Tower with Radar,7,34,20,30,91,0,25,9,0,34,7,59,29,30,125,48,24,72,197
07/18/2009,FAY,NC,ASO,EN,Combined TRACON& Tower with Radar,8,20,18,0,46,0,0,19,1,20,8,20,37,1,66,72,0,72,138
07/19/2009,FAY,NC,ASO,EN,Combined TRACON& Tower with Radar,6,26,13,0,45,0,0,21,0,21,6,26,34,0,66,48,0,48,114
07/20/2009,FAY,NC,ASO,EN,Combined TRACON& Tower with Radar,4,28,16,3,51,0,1,5,0,6,4,29,21,3,57,24,0,24,81
07/21/2009,FAY,NC,ASO,EN,Combined TRACON& Tower with Radar,7,27,15,10,59,0,1,17,7,25,7,28,32,17,84,0,12,12,96
07/22/2009,FAY,NC,ASO,EN,Combined TRACON& Tower with Radar,5,28,28,18,79,0,0,10,0,10,5,28,38,18,89,75,54,129,218
07/23/2009,FAY,NC,ASO,EN,Combined TRACON& Tower with Radar,5,30,16,3,54,0,1,17,0,18,5,31,33,3,72,48,2,50,122
07/24/2009,FAY,NC,ASO,EN,Combined TRACON& Tower with Radar,6,30,24,9,69,0,1,39,4,44,6,31,63,13,113,14,0,14,127
07/25/2009,FAY,NC,ASO,EN,Combined TRACON& Tower with Radar,8,26,8,7,49,0,4,14,1,19,8,30,22,8,68,32,0,32,100
07/26/2009,FAY,NC,ASO,EN,Combined TRACON& Tower with Radar,5,24,19,12,60,0,2,10,1,13,5,26,29,13,73,18,4,22,95
07/27/2009,FAY,NC,ASO,EN,Combined TRACON& Tower with Radar,6,27,15,4,52,0,1,15,2,18,6,28,30,6,70,40,18,58,128
07/28/2009,FAY,NC,ASO,EN,Combined TRACON& Tower with Radar,7,24,31,9,71,0,0,15,3,18,7,24,46,12,89,10,14,24,113
07/29/2009,FAY,NC,ASO,EN,Combined TRACON& Tower with Radar,6,26,20,2,54,0,0,11,6,17,6,26,31,8,71,74,14,88,159
07/30/2009,FAY,NC,ASO,EN,Combined TRACON& Tower with Radar,6,33,66,49,154,0,1,50,108,159,6,34,116,157,313,44,2,46,359
07/31/2009,FAY,NC,ASO,EN,Combined TRACON& Tower with Radar,4,27,18,4,53,0,0,17,0,17,4,27,35,4,70,30,16,46,116
08/01/2009,FAY,NC,ASO,EN,Combined TRACON& Tower with Radar,7,24,21,0,52,0,0,13,0,13,7,24,34,0,65,54,0,54,119
08/02/2009,FAY,NC,ASO,EN,Combined TRACON& Tower with Radar,9,24,22,1,56,0,0,2,0,2,9,24,24,1,58,54,0,54,112
08/03/2009,FAY,NC,ASO,EN,Combined TRACON& Tower with Radar,6,30,26,12,74,0,0,18,1,19,6,30,44,13,93,74,4,78,171
08/04/2009,FAY,NC,ASO,EN,Combined TRACON& Tower with Radar,7,29,33,11,80,0,0,36,6,42,7,29,69,17,122,42,14,56,178
08/05/2009,FAY,NC,ASO,EN,Combined TRACON& Tower with Radar,5,34,52,40,131,0,2,47,51,100,5,36,99,91,231,40,9,49,280
08/06/2009,FAY,NC,ASO,EN,Combined TRACON& Tower with Radar,5,29,20,15,69,0,0,12,2,14,5,29,32,17,83,18,32,50,133
08/07/2009,FAY,NC,ASO,EN,Combined TRACON& Tower with Radar,5,31,15,10,61,0,0,38,4,42,5,31,53,14,103,0,0,0,103
08/08/2009,FAY,NC,ASO,EN,Combined TRACON& Tower with Radar,8,21,16,6,51,0,0,34,1,35,8,21,50,7,86,48,0,48,134
08/09/2009,FAY,NC,ASO,EN,Combined TRACON& Tower with Radar,5,26,5,0,36,0,0,38,0,38,5,26,43,0,74,48,0,48,122
08/10/2009,FAY,NC,ASO,EN,Combined TRACON& Tower with Radar,5,27,21,10,63,0,0,16,2,18,5,27,37,12,81,30,18,48,129
08/11/2009,FAY,NC,ASO,EN,Combined TRACON& Tower with Radar,2,32,17,0,51,0,0,24,0,24,2,32,41,0,75,22,0,22,97
08/12/2009,FAY,NC,ASO,EN,Combined TRACON& Tower with Radar,6,23,38,18,85,0,0,6,0,6,6,23,44,18,91,16,6,22,113
08/13/2009,FAY,NC,ASO,EN,Combined TRACON& Tower with Radar,10,25,22,0,57,0,0,5,0,5,10,25,27,0,62,40,2,42,104
08/14/2009,FAY,NC,ASO,EN,Combined TRACON& Tower with Radar,8,32,19,2,61,0,0,5,0,5,8,32,24,2,66,88,2,90,156
08/15/2009,FAY,NC,ASO,EN,Combined TRACON& Tower with Radar,12,29,60,12,113,0,2,88,7,97,12,31,148,19,210,54,0,54,264
08/16/2009,FAY,NC,ASO,EN,Combined TRACON& Tower with Radar,10,26,7,0,43,0,0,15,0,15,10,26,22,0,58,44,0,44,102
08/17/2009,FAY,NC,ASO,EN,Combined TRACON& Tower with Radar,10,28,15,14,67,0,1,16,0,17,10,29,31,14,84,84,42,126,210
08/18/2009,FAY,NC,ASO,EN,Combined TRACON& Tower with Radar,7,28,22,4,61,0,4,35,2,41,7,32,57,6,102,64,6,70,172
08/19/2009,FAY,NC,ASO,EN,Combined TRACON& Tower with Radar,7,27,32,25,91,0,0,34,0,34,7,27,66,25,125,6,28,34,159
08/20/2009,FAY,NC,ASO,EN,Combined TRACON& Tower with Radar,6,29,24,31,90,0,0,21,0,21,6,29,45,31,111,22,4,26,137
08/21/2009,FAY,NC,ASO,EN,Combined TRACON& Tower with Radar,5,29,23,6,63,0,0,10,0,10,5,29,33,6,73,48,4,52,125
08/22/2009,FAY,NC,ASO,EN,Combined TRACON& Tower with Radar,4,22,15,0,41,0,0,10,0,10,4,22,25,0,51,40,0,40,91
08/23/2009,FAY,NC,ASO,EN,Combined TRACON& Tower with Radar,5,26,20,0,51,0,0,8,0,8,5,26,28,0,59,12,0,12,71
08/24/2009,FAY,NC,ASO,EN,Combined TRACON& Tower with Radar,8,26,22,12,68,0,0,15,1,16,8,26,37,13,84,22,12,34,118
08/25/2009,FAY,NC,ASO,EN,Combined TRACON& Tower with Radar,8,29,31,22,90,0,4,30,5,39,8,33,61,27,129,42,34,76,205
08/26/2009,FAY,NC,ASO,EN,Combined TRACON& Tower with Radar,8,26,34,10,78,0,2,40,0,42,8,28,74,10,120,28,24,52,172
08/27/2009,FAY,NC,ASO,EN,Combined TRACON& Tower with Radar,6,29,46,12,93,0,0,35,3,38,6,29,81,15,131,46,36,82,213
08/28/2009,FAY,NC,ASO,EN,Combined TRACON& Tower with Radar,5,29,15,4,53,0,1,12,2,15,5,30,27,6,68,38,12,50,118
08/29/2009,FAY,NC,ASO,EN,Combined TRACON& Tower with Radar,5,23,10,0,38,0,1,30,2,33,5,24,40,2,71,64,0,64,135
08/30/2009,FAY,NC,ASO,EN,Combined TRACON& Tower with Radar,6,25,16,0,47,0,1,37,0,38,6,26,53,0,85,50,0,50,135
08/31/2009,FAY,NC,ASO,EN,Combined TRACON& Tower with Radar,0,0,0,0,0,0,0,0,0,0,0,0,0,0,0,0,0,0,0
09/01/2009,FAY,NC,ASO,EN,Combined TRACON& Tower with Radar,7,28,42,6,83,0,2,31,12,45,7,30,73,18,128,32,10,42,170
09/02/2009,FAY,NC,ASO,EN,Combined TRACON& Tower with Radar,6,28,19,1,54,0,0,28,15,43,6,28,47,16,97,42,4,46,143
09/03/2009,FAY,NC,ASO,EN,Combined TRACON& Tower with Radar,5,30,18,13,66,0,0,20,1,21,5,30,38,14,87,46,46,92,179
09/04/2009,FAY,NC,ASO,EN,Combined TRACON& Tower with Radar,9,24,12,1,46,0,0,44,1,45,9,24,56,2,91,70,0,70,161
09/05/2009,FAY,NC,ASO,EN,Combined TRACON& Tower with Radar,5,21,4,0,30,0,0,26,0,26,5,21,30,0,56,62,0,62,118
09/06/2009,FAY,NC,ASO,EN,Combined TRACON& Tower with Radar,4,26,24,7,61,0,6,110,0,116,4,32,134,7,177,36,0,36,213
09/07/2009,FAY,NC,ASO,EN,Combined TRACON& Tower with Radar,6,26,34,0,66,0,0,2,0,2,6,26,36,0,68,0,0,0,68
09/08/2009,FAY,NC,ASO,EN,Combined TRACON& Tower with Radar,7,33,57,68,165,0,2,33,49,84,7,35,90,117,249,18,18,36,285
09/09/2009,FAY,NC,ASO,EN,Combined TRACON& Tower with Radar,5,28,24,4,61,0,0,26,0,26,5,28,50,4,87,48,4,52,139
09/10/2009,FAY,NC,ASO,EN,Combined TRACON& Tower with Radar,8,31,26,2,67,0,0,4,0,4,8,31,30,2,71,14,0,14,85
09/11/2009,FAY,NC,ASO,EN,Combined TRACON& Tower with Radar,10,26,28,6,70,0,0,36,3,39,10,26,64,9,109,122,26,148,257
09/12/2009,FAY,NC,ASO,EN,Combined TRACON& Tower with Radar,5,23,14,1,43,0,0,49,0,49,5,23,63,1,92,58,0,58,150
09/13/2009,FAY,NC,ASO,EN,Combined TRACON& Tower with Radar,6,35,58,24,123,0,3,140,7,150,6,38,198,31,273,48,5,53,326
09/14/2009,FAY,NC,ASO,EN,Combined TRACON& Tower with Radar,5,28,19,0,52,0,1,27,1,29,5,29,46,1,81,22,0,22,103
09/15/2009,FAY,NC,ASO,EN,Combined TRACON& Tower with Radar,8,25,35,2,70,0,0,26,0,26,8,25,61,2,96,54,2,56,152
09/16/2009,FAY,NC,ASO,EN,Combined TRACON& Tower with Radar,3,32,23,7,65,0,0,14,3,17,3,32,37,10,82,52,4,56,138
09/17/2009,FAY,NC,ASO,EN,Combined TRACON& Tower with Radar,6,33,23,8,70,0,0,7,3,10,6,33,30,11,80,44,20,64,144
09/18/2009,FAY,NC,ASO,EN,Combined TRACON& Tower with Radar,5,31,31,6,73,0,0,25,0,25,5,31,56,6,98,48,4,52,150
09/19/2009,FAY,NC,ASO,EN,Combined TRACON& Tower with Radar,3,28,42,26,99,0,5,55,22,82,3,33,97,48,181,58,1,59,240
09/20/2009,FAY,NC,ASO,EN,Combined TRACON& Tower with Radar,8,29,7,2,46,0,3,13,0,16,8,32,20,2,62,30,0,30,92
09/21/2009,FAY,NC,ASO,EN,Combined TRACON& Tower with Radar,6,26,24,1,57,0,0,14,0,14,6,26,38,1,71,32,0,32,103
09/22/2009,FAY,NC,ASO,EN,Combined TRACON& Tower with Radar,7,25,95,59,186,0,2,7,0,9,7,27,102,59,195,31,7,38,233
09/23/2009,FAY,NC,ASO,EN,Combined TRACON& Tower with Radar,5,31,28,1,65,0,0,9,1,10,5,31,37,2,75,68,8,76,151
09/24/2009,FAY,NC,ASO,EN,Combined TRACON& Tower with Radar,5,31,33,6,75,0,0,8,0,8,5,31,41,6,83,80,2,82,165
09/25/2009,FAY,NC,ASO,EN,Combined TRACON& Tower with Radar,5,27,31,2,65,0,0,18,1,19,5,27,49,3,84,34,0,34,118
09/26/2009,FAY,NC,ASO,EN,Combined TRACON& Tower with Radar,0,0,0,0,0,0,0,0,0,0,0,0,0,0,0,0,0,0,0
09/27/2009,FAY,NC,ASO,EN,Combined TRACON& Tower with Radar,8,27,22,0,57,0,0,19,0,19,8,27,41,0,76,20,0,20,96
09/28/2009,FAY,NC,ASO,EN,Combined TRACON& Tower with Radar,8,25,16,2,51,0,0,19,1,20,8,25,35,3,71,28,2,30,101
09/29/2009,FAY,NC,ASO,EN,Combined TRACON& Tower with Radar,11,34,57,28,130,0,1,98,107,206,11,35,155,135,336,76,18,94,430
09/30/2009,FAY,NC,ASO,EN,Combined TRACON& Tower with Radar,6,30,29,0,65,0,0,63,2,65,6,30,92,2,130,34,6,40,170
10/01/2009,FAY,NC,ASO,EN,Combined TRACON& Tower with Radar,2,33,13,0,48,0,0,51,2,53,2,33,64,2,101,20,0,20,121
10/02/2009,FAY,NC,ASO,EN,Combined TRACON& Tower with Radar,7,31,14,10,62,0,1,31,3,35,7,32,45,13,97,78,8,86,183
10/03/2009,FAY,NC,ASO,EN,Combined TRACON& Tower with Radar,4,29,31,20,84,0,1,138,15,154,4,30,169,35,238,44,4,48,286
10/04/2009,FAY,NC,ASO,EN,Combined TRACON& Tower with Radar,8,29,9,0,46,0,0,39,0,39,8,29,48,0,85,22,0,22,107
10/05/2009,FAY,NC,ASO,EN,Combined TRACON& Tower with Radar,0,0,0,0,0,0,0,0,0,0,0,0,0,0,0,0,0,0,0
10/06/2009,FAY,NC,ASO,EN,Combined TRACON& Tower with Radar,6,36,55,113,210,0,0,0,0,0,6,36,55,113,210,0,12,12,222
10/07/2009,FAY,NC,ASO,EN,Combined TRACON& Tower with Radar,8,28,21,4,61,0,0,13,1,14,8,28,34,5,75,0,0,0,75
10/08/2009,FAY,NC,ASO,EN,Combined TRACON& Tower with Radar,6,30,10,5,51,0,4,37,1,42,6,34,47,6,93,16,34,50,143
10/09/2009,FAY,NC,ASO,EN,Combined TRACON& Tower with Radar,3,33,17,0,53,0,0,32,0,32,3,33,49,0,85,48,4,52,137
10/10/2009,FAY,NC,ASO,EN,Combined TRACON& Tower with Radar,5,25,18,0,48,0,1,10,0,11,5,26,28,0,59,6,0,6,65
10/11/2009,FAY,NC,ASO,EN,Combined TRACON& Tower with Radar,9,22,16,0,47,0,0,4,0,4,9,22,20,0,51,18,0,18,69
10/12/2009,FAY,NC,ASO,EN,Combined TRACON& Tower with Radar,6,30,4,0,40,0,0,10,0,10,6,30,14,0,50,8,0,8,58
10/13/2009,FAY,NC,ASO,EN,Combined TRACON& Tower with Radar,6,30,18,0,54,0,0,36,0,36,6,30,54,0,90,110,0,110,200
10/14/2009,FAY,NC,ASO,EN,Combined TRACON& Tower with Radar,5,31,24,28,88,0,0,0,0,0,5,31,24,28,88,16,24,40,128
10/15/2009,FAY,NC,ASO,EN,Combined TRACON& Tower with Radar,4,33,22,17,76,0,0,0,0,0,4,33,22,17,76,6,2,8,84
10/16/2009,FAY,NC,ASO,EN,Combined TRACON& Tower with Radar,6,33,25,0,64,0,0,17,0,17,6,33,42,0,81,6,6,12,93
10/17/2009,FAY,NC,ASO,EN,Combined TRACON& Tower with Radar,6,23,14,0,43,0,0,28,2,30,6,23,42,2,73,50,2,52,125
10/18/2009,FAY,NC,ASO,EN,Combined TRACON& Tower with Radar,5,37,49,23,114,0,4,23,5,32,5,41,72,28,146,18,6,24,170
10/19/2009,FAY,NC,ASO,EN,Combined TRACON& Tower with Radar,6,28,20,22,76,0,0,28,6,34,6,28,48,28,110,58,56,114,224
10/20/2009,FAY,NC,ASO,EN,Combined TRACON& Tower with Radar,6,30,12,5,53,0,0,59,2,61,6,30,71,7,114,28,2,30,144
10/21/2009,FAY,NC,ASO,EN,Combined TRACON& Tower with Radar,8,32,26,6,72,0,1,21,2,24,8,33,47,8,96,58,0,58,154
10/22/2009,FAY,NC,ASO,EN,Combined TRACON& Tower with Radar,7,30,25,18,80,0,3,51,3,57,7,33,76,21,137,66,40,106,243
10/23/2009,FAY,NC,ASO,EN,Combined TRACON& Tower with Radar,7,28,26,14,75,0,0,13,0,13,7,28,39,14,88,56,28,84,172
10/24/2009,FAY,NC,ASO,EN,Combined TRACON& Tower with Radar,8,21,15,0,44,0,1,10,0,11,8,22,25,0,55,4,0,4,59
10/25/2009,FAY,NC,ASO,EN,Combined TRACON& Tower with Radar,8,26,26,0,60,0,0,38,0,38,8,26,64,0,98,78,0,78,176
10/26/2009,FAY,NC,ASO,EN,Combined TRACON& Tower with Radar,5,34,19,14,72,0,0,7,3,10,5,34,26,17,82,0,24,24,106
10/27/2009,FAY,NC,ASO,EN,Combined TRACON& Tower with Radar,5,32,21,9,67,0,0,1,1,2,5,32,22,10,69,0,0,0,69
10/28/2009,FAY,NC,ASO,EN,Combined TRACON& Tower with Radar,7,30,18,2,57,0,3,14,5,22,7,33,32,7,79,12,0,12,91
10/29/2009,FAY,NC,ASO,EN,Combined TRACON& Tower with Radar,8,28,41,16,93,0,0,40,1,41,8,28,81,17,134,68,28,96,230
10/30/2009,FAY,NC,ASO,EN,Combined TRACON& Tower with Radar,7,30,17,23,77,0,0,11,0,11,7,30,28,23,88,8,0,8,96
10/31/2009,FAY,NC,ASO,EN,Combined TRACON& Tower with Radar,5,27,14,5,51,0,0,7,0,7,5,27,21,5,58,10,0,10,68
11/01/2009,FAY,NC,ASO,EN,Combined TRACON& Tower with Radar,11,27,16,1,55,0,0,0,0,0,11,27,16,1,55,0,0,0,55
11/02/2009,FAY,NC,ASO,EN,Combined TRACON& Tower with Radar,6,25,14,7,52,0,0,8,4,12,6,25,22,11,64,22,10,32,96
11/03/2009,FAY,NC,ASO,EN,Combined TRACON& Tower with Radar,10,26,13,9,58,0,0,17,1,18,10,26,30,10,76,20,10,30,106
11/04/2009,FAY,NC,ASO,EN,Combined TRACON& Tower with Radar,5,32,31,10,78,0,0,33,3,36,5,32,64,13,114,38,46,84,198
11/05/2009,FAY,NC,ASO,EN,Combined TRACON& Tower with Radar,5,32,23,7,67,0,0,30,8,38,5,32,53,15,105,0,18,18,123
11/06/2009,FAY,NC,ASO,EN,Combined TRACON& Tower with Radar,11,27,9,7,54,0,0,27,4,31,11,27,36,11,85,12,12,24,109
11/07/2009,FAY,NC,ASO,EN,Combined TRACON& Tower with Radar,10,23,35,21,89,0,6,137,46,189,10,29,172,67,278,38,4,42,320
11/08/2009,FAY,NC,ASO,EN,Combined TRACON& Tower with Radar,10,24,13,8,55,0,0,30,2,32,10,24,43,10,87,66,14,80,167
11/09/2009,FAY,NC,ASO,EN,Combined TRACON& Tower with Radar,8,26,14,18,66,0,0,25,13,38,8,26,39,31,104,21,90,111,215
11/10/2009,FAY,NC,ASO,EN,Combined TRACON& Tower with Radar,6,25,24,24,79,0,0,14,2,16,6,25,38,26,95,0,36,36,131
11/11/2009,FAY,NC,ASO,EN,Combined TRACON& Tower with Radar,6,30,14,0,50,0,0,0,0,0,6,30,14,0,50,0,0,0,50
11/12/2009,FAY,NC,ASO,EN,Combined TRACON& Tower with Radar,10,28,22,1,61,0,0,0,4,4,10,28,22,5,65,0,0,0,65
11/13/2009,FAY,NC,ASO,EN,Combined TRACON& Tower with Radar,8,31,33,34,106,0,0,0,2,2,8,31,33,36,108,0,42,42,150
11/14/2009,FAY,NC,ASO,EN,Combined TRACON& Tower with Radar,14,25,16,0,55,0,0,4,0,4,14,25,20,0,59,30,0,30,89
11/15/2009,FAY,NC,ASO,EN,Combined TRACON& Tower with Radar,3,38,43,18,102,0,2,195,86,283,3,40,238,104,385,72,2,74,459
11/16/2009,FAY,NC,ASO,EN,Combined TRACON& Tower with Radar,8,26,19,14,67,0,0,15,4,19,8,26,34,18,86,20,54,74,160
11/17/2009,FAY,NC,ASO,EN,Combined TRACON& Tower with Radar,12,27,71,71,181,0,12,61,144,217,12,39,132,215,398,10,26,36,434
11/18/2009,FAY,NC,ASO,EN,Combined TRACON& Tower with Radar,9,31,17,69,126,0,0,0,0,0,9,31,17,69,126,0,42,42,168
11/19/2009,FAY,NC,ASO,EN,Combined TRACON& Tower with Radar,10,32,24,3,69,0,0,5,0,5,10,32,29,3,74,26,8,34,108
11/20/2009,FAY,NC,ASO,EN,Combined TRACON& Tower with Radar,12,27,22,8,69,0,2,48,2,52,12,29,70,10,121,24,20,44,165
11/21/2009,FAY,NC,ASO,EN,Combined TRACON& Tower with Radar,3,22,12,0,37,0,0,1,60,61,3,22,13,60,98,50,0,50,148
11/22/2009,FAY,NC,ASO,EN,Combined TRACON& Tower with Radar,6,26,19,0,51,0,3,10,0,13,6,29,29,0,64,52,0,52,116
11/23/2009,FAY,NC,ASO,EN,Combined TRACON& Tower with Radar,5,27,17,6,55,0,0,0,0,0,5,27,17,6,55,0,2,2,57
11/24/2009,FAY,NC,ASO,EN,Combined TRACON& Tower with Radar,9,27,41,19,96,0,0,0,0,0,9,27,41,19,96,0,22,22,118
11/25/2009,FAY,NC,ASO,EN,Combined TRACON& Tower with Radar,5,22,36,4,67,0,0,8,2,10,5,22,44,6,77,0,0,0,77
11/26/2009,FAY,NC,ASO,EN,Combined TRACON& Tower with Radar,2,12,6,0,20,0,0,2,0,2,2,12,8,0,22,0,0,0,22
11/27/2009,FAY,NC,ASO,EN,Combined TRACON& Tower with Radar,9,19,3,0,31,0,0,8,0,8,9,19,11,0,39,2,0,2,41
11/28/2009,FAY,NC,ASO,EN,Combined TRACON& Tower with Radar,9,26,9,0,44,0,0,34,0,34,9,26,43,0,78,52,0,52,130
11/29/2009,FAY,NC,ASO,EN,Combined TRACON& Tower with Radar,2,41,51,2,96,0,3,125,0,128,2,44,176,2,224,92,0,92,316
11/30/2009,FAY,NC,ASO,EN,Combined TRACON& Tower with Radar,12,26,18,0,56,0,1,17,1,19,12,27,35,1,75,8,0,8,83
12/01/2009,FAY,NC,ASO,EN,Combined TRACON& Tower with Radar,6,28,31,20,85,0,6,24,16,46,6,34,55,36,131,62,56,118,249
12/02/2009,FAY,NC,ASO,EN,Combined TRACON& Tower with Radar,5,32,17,0,54,0,0,0,0,0,5,32,17,0,54,0,0,0,54
12/03/2009,FAY,NC,ASO,EN,Combined TRACON& Tower with Radar,11,28,27,1,67,0,2,21,5,28,11,30,48,6,95,60,0,60,155
12/04/2009,FAY,NC,ASO,EN,Combined TRACON& Tower with Radar,9,26,27,2,64,0,2,29,6,37,9,28,56,8,101,100,100,200,301
12/05/2009,FAY,NC,ASO,EN,Combined TRACON& Tower with Radar,10,20,8,0,38,0,0,0,0,0,10,20,8,0,38,0,0,0,38
12/06/2009,FAY,NC,ASO,EN,Combined TRACON& Tower with Radar,12,26,2,0,40,0,0,27,2,29,12,26,29,2,69,34,0,34,103
12/07/2009,FAY,NC,ASO,EN,Combined TRACON& Tower with Radar,6,28,21,5,60,0,0,12,12,24,6,28,33,17,84,62,82,144,228
12/08/2009,FAY,NC,ASO,EN,Combined TRACON& Tower with Radar,4,29,17,0,50,0,0,16,10,26,4,29,33,10,76,38,22,60,136
12/09/2009,FAY,NC,ASO,EN,Combined TRACON& Tower with Radar,10,33,15,6,64,0,0,7,1,8,10,33,22,7,72,0,81,81,153
12/10/2009,FAY,NC,ASO,EN,Combined TRACON& Tower with Radar,8,27,18,7,60,0,0,31,8,39,8,27,49,15,99,26,109,135,234
12/11/2009,FAY,NC,ASO,EN,Combined TRACON& Tower with Radar,8,28,12,4,52,0,0,30,3,33,8,28,42,7,85,67,42,109,194
12/12/2009,FAY,NC,ASO,EN,Combined TRACON& Tower with Radar,6,39,5,0,50,0,0,34,1,35,6,39,39,1,85,0,0,0,85
12/13/2009,FAY,NC,ASO,EN,Combined TRACON& Tower with Radar,12,32,18,6,68,0,0,0,0,0,12,32,18,6,68,0,0,0,68
12/14/2009,FAY,NC,ASO,EN,Combined TRACON& Tower with Radar,8,13,21,0,42,0,0,0,0,0,8,13,21,0,42,10,8,18,60
12/15/2009,FAY,NC,ASO,EN,Combined TRACON& Tower with Radar,4,37,38,93,172,0,0,8,19,27,4,37,46,112,199,22,17,39,238
12/16/2009,FAY,NC,ASO,EN,Combined TRACON& Tower with Radar,12,27,34,13,86,0,1,18,1,20,12,28,52,14,106,80,14,94,200
12/17/2009,FAY,NC,ASO,EN,Combined TRACON& Tower with Radar,3,29,33,8,73,0,0,43,2,45,3,29,76,10,118,74,66,140,258
12/18/2009,FAY,NC,ASO,EN,Combined TRACON& Tower with Radar,6,25,10,15,56,0,0,4,1,5,6,25,14,16,61,0,42,42,103
12/19/2009,FAY,NC,ASO,EN,Combined TRACON& Tower with Radar,4,31,2,0,37,0,0,2,0,2,4,31,4,0,39,8,0,8,47
12/20/2009,FAY,NC,ASO,EN,Combined TRACON& Tower with Radar,9,31,15,0,55,0,0,24,0,24,9,31,39,0,79,0,0,0,79
12/21/2009,FAY,NC,ASO,EN,Combined TRACON& Tower with Radar,4,30,6,22,62,0,0,39,2,41,4,30,45,24,103,38,94,132,235
12/22/2009,FAY,NC,ASO,EN,Combined TRACON& Tower with Radar,2,31,14,26,73,0,0,37,2,39,2,31,51,28,112,30,52,82,194
12/23/2009,FAY,NC,ASO,EN,Combined TRACON& Tower with Radar,6,30,25,2,63,0,2,26,0,28,6,32,51,2,91,70,4,74,165
12/24/2009,FAY,NC,ASO,EN,Combined TRACON& Tower with Radar,2,23,7,0,32,0,0,12,0,12,2,23,19,0,44,38,0,38,82
12/25/2009,FAY,NC,ASO,EN,Combined TRACON& Tower with Radar,6,18,5,0,29,0,0,0,0,0,6,18,5,0,29,0,0,0,29
12/26/2009,FAY,NC,ASO,EN,Combined TRACON& Tower with Radar,6,31,4,0,41,0,0,0,0,0,6,31,4,0,41,0,0,0,41
12/27/2009,FAY,NC,ASO,EN,Combined TRACON& Tower with Radar,4,34,45,1,84,0,4,62,0,66,4,38,107,1,150,20,0,20,170
12/28/2009,FAY,NC,ASO,EN,Combined TRACON& Tower with Radar,3,29,15,2,49,0,0,12,2,14,3,29,27,4,63,8,0,8,71
12/29/2009,FAY,NC,ASO,EN,Combined TRACON& Tower with Radar,7,25,21,8,61,0,2,23,6,31,7,27,44,14,92,16,34,50,142
12/30/2009,FAY,NC,ASO,EN,Combined TRACON& Tower with Radar,6,29,17,6,58,0,0,55,1,56,6,29,72,7,114,32,8,40,154
12/31/2009,FAY,NC,ASO,EN,Combined TRACON& Tower with Radar,5,27,11,0,43,0,0,0,0,0,5,27,11,0,43,0,0,0,43
01/01/2010,FAY,NC,ASO,EN,Combined TRACON& Tower with Radar,10,12,10,0,32,0,0,6,0,6,10,12,16,0,38,0,0,0,38
01/02/2010,FAY,NC,ASO,EN,Combined TRACON& Tower with Radar,9,30,17,3,59,0,2,38,0,40,9,32,55,3,99,4,0,4,103
01/03/2010,FAY,NC,ASO,EN,Combined TRACON& Tower with Radar,4,27,11,0,42,0,0,11,0,11,4,27,22,0,53,0,0,0,53
01/04/2010,FAY,NC,ASO,EN,Combined TRACON& Tower with Radar,7,25,31,18,81,0,20,17,0,37,7,45,48,18,118,8,4,12,130
01/05/2010,FAY,NC,ASO,EN,Combined TRACON& Tower with Radar,6,28,14,8,56,0,0,0,0,0,6,28,14,8,56,14,20,34,90
01/06/2010,FAY,NC,ASO,EN,Combined TRACON& Tower with Radar,6,30,14,2,52,0,1,17,0,18,6,31,31,2,70,24,0,24,94
01/07/2010,FAY,NC,ASO,EN,Combined TRACON& Tower with Radar,1,31,11,6,49,2,0,0,2,4,3,31,11,8,53,30,0,30,83
01/08/2010,FAY,NC,ASO,EN,Combined TRACON& Tower with Radar,12,24,7,4,47,0,0,23,3,26,12,24,30,7,73,60,14,74,147
01/09/2010,FAY,NC,ASO,EN,Combined TRACON& Tower with Radar,9,17,8,2,36,0,0,28,0,28,9,17,36,2,64,26,2,28,92
01/10/2010,FAY,NC,ASO,EN,Combined TRACON& Tower with Radar,10,24,11,0,45,0,0,9,2,11,10,24,20,2,56,14,0,14,70
01/11/2010,FAY,NC,ASO,EN,Combined TRACON& Tower with Radar,3,32,23,5,63,0,0,15,4,19,3,32,38,9,82,10,0,10,92
01/12/2010,FAY,NC,ASO,EN,Combined TRACON& Tower with Radar,4,30,24,0,58,0,0,28,4,32,4,30,52,4,90,2,0,2,92
01/13/2010,FAY,NC,ASO,EN,Combined TRACON& Tower with Radar,7,35,19,8,69,0,0,34,4,38,7,35,53,12,107,34,0,34,141
01/14/2010,FAY,NC,ASO,EN,Combined TRACON& Tower with Radar,3,34,14,0,51,0,8,43,0,51,3,42,57,0,102,74,0,74,176
01/15/2010,FAY,NC,ASO,EN,Combined TRACON& Tower with Radar,8,31,18,0,57,0,0,40,2,42,8,31,58,2,99,84,0,84,183
01/16/2010,FAY,NC,ASO,EN,Combined TRACON& Tower with Radar,6,21,16,34,77,0,14,130,15,159,6,35,146,49,236,18,12,30,266
01/17/2010,FAY,NC,ASO,EN,Combined TRACON& Tower with Radar,6,26,15,0,47,0,0,1,0,1,6,26,16,0,48,0,0,0,48
01/18/2010,FAY,NC,ASO,EN,Combined TRACON& Tower with Radar,7,27,22,1,57,0,0,29,0,29,7,27,51,1,86,30,4,34,120
01/19/2010,FAY,NC,ASO,EN,Combined TRACON& Tower with Radar,6,31,12,2,51,0,0,23,3,26,6,31,35,5,77,24,24,48,125
01/20/2010,FAY,NC,ASO,EN,Combined TRACON& Tower with Radar,4,31,16,5,56,0,0,34,1,35,4,31,50,6,91,24,2,26,117
01/21/2010,FAY,NC,ASO,EN,Combined TRACON& Tower with Radar,4,32,25,4,65,0,0,0,0,0,4,32,25,4,65,0,0,0,65
01/22/2010,FAY,NC,ASO,EN,Combined TRACON& Tower with Radar,12,25,26,2,65,0,0,0,0,0,12,25,26,2,65,0,0,0,65
01/23/2010,FAY,NC,ASO,EN,Combined TRACON& Tower with Radar,3,24,1,0,28,0,0,28,0,28,3,24,29,0,56,58,0,58,114
01/24/2010,FAY,NC,ASO,EN,Combined TRACON& Tower with Radar,2,30,2,4,38,0,0,5,0,5,2,30,7,4,43,0,0,0,43
01/25/2010,FAY,NC,ASO,EN,Combined TRACON& Tower with Radar,4,37,10,10,61,0,0,7,2,9,4,37,17,12,70,0,16,16,86
01/26/2010,FAY,NC,ASO,EN,Combined TRACON& Tower with Radar,3,30,29,16,78,0,2,21,8,31,3,32,50,24,109,8,10,18,127
01/27/2010,FAY,NC,ASO,EN,Combined TRACON& Tower with Radar,7,30,31,0,68,0,2,36,8,46,7,32,67,8,114,66,0,66,180
01/28/2010,FAY,NC,ASO,EN,Combined TRACON& Tower with Radar,10,28,24,24,86,0,7,20,20,47,10,35,44,44,133,36,62,98,231
01/29/2010,FAY,NC,ASO,EN,Combined TRACON& Tower with Radar,5,26,13,10,54,0,0,18,4,22,5,26,31,14,76,0,20,20,96
01/30/2010,FAY,NC,ASO,EN,Combined TRACON& Tower with Radar,0,0,0,0,0,0,0,0,0,0,0,0,0,0,0,0,0,0,0
01/31/2010,FAY,NC,ASO,EN,Combined TRACON& Tower with Radar,6,16,9,0,31,0,0,5,0,5,6,16,14,0,36,0,0,0,36
02/01/2010,FAY,NC,ASO,EN,Combined TRACON& Tower with Radar,6,28,17,17,68,0,0,30,2,32,6,28,47,19,100,40,12,52,152
02/02/2010,FAY,NC,ASO,EN,Combined TRACON& Tower with Radar,6,30,19,0,55,0,0,4,0,4,6,30,23,0,59,10,4,14,73
02/03/2010,FAY,NC,ASO,EN,Combined TRACON& Tower with Radar,9,29,28,0,66,0,1,22,0,23,9,30,50,0,89,58,2,60,149
02/04/2010,FAY,NC,ASO,EN,Combined TRACON& Tower with Radar,8,26,28,12,74,0,0,13,4,17,8,26,41,16,91,22,38,60,151
02/05/2010,FAY,NC,ASO,EN,Combined TRACON& Tower with Radar,8,26,12,0,46,0,0,0,0,0,8,26,12,0,46,0,0,0,46
02/06/2010,FAY,NC,ASO,EN,Combined TRACON& Tower with Radar,8,22,15,0,45,0,0,3,0,3,8,22,18,0,48,0,0,0,48
02/07/2010,FAY,NC,ASO,EN,Combined TRACON& Tower with Radar,6,30,16,0,52,0,0,0,0,0,6,30,16,0,52,58,0,58,110
02/08/2010,FAY,NC,ASO,EN,Combined TRACON& Tower with Radar,5,29,15,6,55,0,0,25,1,26,5,29,40,7,81,22,0,22,103
02/09/2010,FAY,NC,ASO,EN,Combined TRACON& Tower with Radar,6,30,14,31,81,0,0,0,0,0,6,30,14,31,81,22,28,50,131
02/10/2010,FAY,NC,ASO,EN,Combined TRACON& Tower with Radar,5,34,13,2,54,0,0,4,0,4,5,34,17,2,58,0,0,0,58
02/11/2010,FAY,NC,ASO,EN,Combined TRACON& Tower with Radar,7,26,19,2,54,0,1,41,9,51,7,27,60,11,105,28,18,46,151
02/12/2010,FAY,NC,ASO,EN,Combined TRACON& Tower with Radar,5,10,22,0,37,0,0,24,6,30,5,10,46,6,67,56,8,64,131
02/13/2010,FAY,NC,ASO,EN,Combined TRACON& Tower with Radar,5,12,7,0,24,0,0,13,0,13,5,12,20,0,37,6,0,6,43
02/14/2010,FAY,NC,ASO,EN,Combined TRACON& Tower with Radar,8,22,5,0,35,0,0,0,0,0,8,22,5,0,35,44,0,44,79
02/15/2010,FAY,NC,ASO,EN,Combined TRACON& Tower with Radar,12,21,35,16,84,0,4,16,20,40,12,25,51,36,124,40,0,40,164
02/16/2010,FAY,NC,ASO,EN,Combined TRACON& Tower with Radar,7,23,16,13,59,0,3,26,5,34,7,26,42,18,93,20,24,44,137
02/17/2010,FAY,NC,ASO,EN,Combined TRACON& Tower with Radar,14,22,31,11,78,0,0,15,0,15,14,22,46,11,93,0,14,14,107
02/18/2010,FAY,NC,ASO,EN,Combined TRACON& Tower with Radar,5,27,28,2,62,0,0,32,0,32,5,27,60,2,94,22,6,28,122
02/19/2010,FAY,NC,ASO,EN,Combined TRACON& Tower with Radar,9,26,30,5,70,0,2,35,6,43,9,28,65,11,113,36,6,42,155
02/20/2010,FAY,NC,ASO,EN,Combined TRACON& Tower with Radar,4,24,38,14,80,0,15,167,19,201,4,39,205,33,281,112,0,112,393
02/21/2010,FAY,NC,ASO,EN,Combined TRACON& Tower with Radar,6,26,25,0,57,0,3,32,0,35,6,29,57,0,92,54,18,72,164
02/22/2010,FAY,NC,ASO,EN,Combined TRACON& Tower with Radar,9,21,13,8,51,0,0,6,0,6,9,21,19,8,57,0,0,0,57
02/23/2010,FAY,NC,ASO,EN,Combined TRACON& Tower with Radar,9,24,26,35,94,0,0,15,9,24,9,24,41,44,118,46,50,96,214
02/24/2010,FAY,NC,ASO,EN,Combined TRACON& Tower with Radar,12,24,18,4,58,0,0,3,0,3,12,24,21,4,61,14,6,20,81
02/25/2010,FAY,NC,ASO,EN,Combined TRACON& Tower with Radar,6,25,21,1,53,0,0,10,2,12,6,25,31,3,65,0,0,0,65
02/26/2010,FAY,NC,ASO,EN,Combined TRACON& Tower with Radar,4,30,11,5,50,0,0,18,2,20,4,30,29,7,70,0,0,0,70
02/27/2010,FAY,NC,ASO,EN,Combined TRACON& Tower with Radar,9,19,13,2,43,0,0,39,4,43,9,19,52,6,86,58,0,58,144
02/28/2010,FAY,NC,ASO,EN,Combined TRACON& Tower with Radar,6,29,5,0,40,0,0,0,0,0,6,29,5,0,40,0,0,0,40
03/01/2010,FAY,NC,ASO,EN,Combined TRACON& Tower with Radar,6,26,20,4,56,0,0,20,1,21,6,26,40,5,77,60,38,98,175
03/02/2010,FAY,NC,ASO,EN,Combined TRACON& Tower with Radar,8,16,12,0,36,0,0,5,2,7,8,16,17,2,43,6,8,14,57
03/03/2010,FAY,NC,ASO,EN,Combined TRACON& Tower with Radar,7,27,20,15,69,0,0,6,3,9,7,27,26,18,78,32,38,70,148
03/04/2010,FAY,NC,ASO,EN,Combined TRACON& Tower with Radar,7,27,23,10,67,0,0,22,1,23,7,27,45,11,90,42,0,42,132
03/05/2010,FAY,NC,ASO,EN,Combined TRACON& Tower with Radar,8,27,17,5,57,0,0,28,3,31,8,27,45,8,88,24,16,40,128
03/06/2010,FAY,NC,ASO,EN,Combined TRACON& Tower with Radar,5,25,8,0,38,0,1,36,0,37,5,26,44,0,75,88,0,88,163
03/07/2010,FAY,NC,ASO,EN,Combined TRACON& Tower with Radar,8,28,17,2,55,0,0,34,0,34,8,28,51,2,89,106,3,109,198
03/08/2010,FAY,NC,ASO,EN,Combined TRACON& Tower with Radar,7,23,18,9,57,0,0,24,3,27,7,23,42,12,84,48,60,108,192
03/09/2010,FAY,NC,ASO,EN,Combined TRACON& Tower with Radar,8,29,22,9,68,0,0,37,2,39,8,29,59,11,107,38,12,50,157
03/10/2010,FAY,NC,ASO,EN,Combined TRACON& Tower with Radar,7,30,19,15,71,0,0,13,1,14,7,30,32,16,85,30,16,46,131
03/11/2010,FAY,NC,ASO,EN,Combined TRACON& Tower with Radar,7,29,17,44,97,0,0,1,0,1,7,29,18,44,98,0,26,26,124
03/12/2010,FAY,NC,ASO,EN,Combined TRACON& Tower with Radar,5,27,13,0,45,0,0,1,0,1,5,27,14,0,46,4,0,4,50
03/13/2010,FAY,NC,ASO,EN,Combined TRACON& Tower with Radar,5,25,12,0,42,0,1,9,2,12,5,26,21,2,54,4,0,4,58
03/14/2010,FAY,NC,ASO,EN,Combined TRACON& Tower with Radar,7,27,20,0,54,0,2,26,0,28,7,29,46,0,82,60,0,60,142
03/15/2010,FAY,NC,ASO,EN,Combined TRACON& Tower with Radar,8,25,19,12,64,0,0,9,3,12,8,25,28,15,76,4,18,22,98
03/16/2010,FAY,NC,ASO,EN,Combined TRACON& Tower with Radar,7,25,21,7,60,0,1,8,3,12,7,26,29,10,72,42,28,70,142
03/17/2010,FAY,NC,ASO,EN,Combined TRACON& Tower with Radar,7,27,27,8,69,0,0,21,14,35,7,27,48,22,104,20,36,56,160
03/18/2010,FAY,NC,ASO,EN,Combined TRACON& Tower with Radar,4,31,28,3,66,0,0,25,5,30,4,31,53,8,96,14,16,30,126
03/19/2010,FAY,NC,ASO,EN,Combined TRACON& Tower with Radar,7,30,18,6,61,0,1,52,2,55,7,31,70,8,116,64,16,80,196
03/20/2010,FAY,NC,ASO,EN,Combined TRACON& Tower with Radar,6,22,8,0,36,0,0,58,0,58,6,22,66,0,94,40,0,40,134
03/21/2010,FAY,NC,ASO,EN,Combined TRACON& Tower with Radar,6,31,16,0,53,0,0,20,0,20,6,31,36,0,73,6,0,6,79
03/22/2010,FAY,NC,ASO,EN,Combined TRACON& Tower with Radar,8,22,24,9,63,0,0,17,4,21,8,22,41,13,84,24,78,102,186
03/23/2010,FAY,NC,ASO,EN,Combined TRACON& Tower with Radar,11,23,32,27,93,0,1,27,3,31,11,24,59,30,124,0,66,66,190
03/24/2010,FAY,NC,ASO,EN,Combined TRACON& Tower with Radar,7,28,24,9,68,0,0,46,6,52,7,28,70,15,120,114,14,128,248
03/25/2010,FAY,NC,ASO,EN,Combined TRACON& Tower with Radar,6,27,24,0,57,0,0,29,1,30,6,27,53,1,87,0,0,0,87
03/26/2010,FAY,NC,ASO,EN,Combined TRACON& Tower with Radar,13,23,23,14,73,0,0,19,2,21,13,23,42,16,94,34,18,52,146
03/27/2010,FAY,NC,ASO,EN,Combined TRACON& Tower with Radar,4,24,17,6,51,0,0,33,1,34,4,24,50,7,85,64,0,64,149
03/28/2010,FAY,NC,ASO,EN,Combined TRACON& Tower with Radar,4,29,13,0,46,0,0,13,0,13,4,29,26,0,59,48,0,48,107
03/29/2010,FAY,NC,ASO,EN,Combined TRACON& Tower with Radar,7,24,23,3,57,0,0,2,0,2,7,24,25,3,59,0,42,42,101
03/30/2010,FAY,NC,ASO,EN,Combined TRACON& Tower with Radar,9,24,24,15,72,0,0,24,1,25,9,24,48,16,97,38,16,54,151
03/31/2010,FAY,NC,ASO,EN,Combined TRACON& Tower with Radar,7,27,21,0,55,0,3,36,0,39,7,30,57,0,94,86,0,86,180
04/01/2010,FAY,NC,ASO,EN,Combined TRACON& Tower with Radar,6,27,26,0,59,0,2,44,2,48,6,29,70,2,107,36,6,42,149
04/02/2010,FAY,NC,ASO,EN,Combined TRACON& Tower with Radar,5,30,12,12,59,0,0,47,17,64,5,30,59,29,123,84,24,108,231
04/03/2010,FAY,NC,ASO,EN,Combined TRACON& Tower with Radar,4,26,9,0,39,0,0,24,0,24,4,26,33,0,63,52,0,52,115
04/04/2010,FAY,NC,ASO,EN,Combined TRACON& Tower with Radar,6,28,7,0,41,0,4,14,1,19,6,32,21,1,60,10,0,10,70
04/05/2010,FAY,NC,ASO,EN,Combined TRACON& Tower with Radar,7,24,26,6,63,0,0,43,0,43,7,24,69,6,106,36,20,56,162
04/06/2010,FAY,NC,ASO,EN,Combined TRACON& Tower with Radar,6,26,33,11,76,0,0,28,0,28,6,26,61,11,104,20,20,40,144
04/07/2010,FAY,NC,ASO,EN,Combined TRACON& Tower with Radar,6,27,20,10,63,0,2,28,2,32,6,29,48,12,95,18,32,50,145
04/08/2010,FAY,NC,ASO,EN,Combined TRACON& Tower with Radar,5,27,16,15,63,0,3,32,4,39,5,30,48,19,102,58,4,62,164
04/09/2010,FAY,NC,ASO,EN,Combined TRACON& Tower with Radar,8,28,28,1,65,0,6,18,4,28,8,34,46,5,93,14,0,14,107
04/10/2010,FAY,NC,ASO,EN,Combined TRACON& Tower with Radar,4,25,13,0,42,0,0,44,0,44,4,25,57,0,86,34,0,34,120
04/11/2010,FAY,NC,ASO,EN,Combined TRACON& Tower with Radar,8,26,18,0,52,0,2,34,0,36,8,28,52,0,88,78,0,78,166
04/12/2010,FAY,NC,ASO,EN,Combined TRACON& Tower with Radar,6,23,15,17,61,0,3,23,2,28,6,26,38,19,89,4,62,66,155
04/13/2010,FAY,NC,ASO,EN,Combined TRACON& Tower with Radar,6,24,23,18,71,0,0,42,8,50,6,24,65,26,121,50,74,124,245
04/14/2010,FAY,NC,ASO,EN,Combined TRACON& Tower with Radar,7,25,44,23,99,0,0,17,9,26,7,25,61,32,125,20,28,48,173
04/15/2010,FAY,NC,ASO,EN,Combined TRACON& Tower with Radar,1,30,38,16,85,0,1,46,4,51,1,31,84,20,136,34,18,52,188
04/16/2010,FAY,NC,ASO,EN,Combined TRACON& Tower with Radar,10,24,25,7,66,0,1,35,1,37,10,25,60,8,103,46,12,58,161
04/17/2010,FAY,NC,ASO,EN,Combined TRACON& Tower with Radar,4,25,8,0,37,0,0,39,0,39,4,25,47,0,76,36,0,36,112
04/18/2010,FAY,NC,ASO,EN,Combined TRACON& Tower with Radar,8,25,13,0,46,0,2,57,0,59,8,27,70,0,105,148,0,148,253
04/19/2010,FAY,NC,ASO,EN,Combined TRACON& Tower with Radar,7,26,13,5,51,0,2,30,3,35,7,28,43,8,86,14,34,48,134
04/20/2010,FAY,NC,ASO,EN,Combined TRACON& Tower with Radar,7,28,20,1,56,0,0,37,4,41,7,28,57,5,97,22,14,36,133
04/21/2010,FAY,NC,ASO,EN,Combined TRACON& Tower with Radar,8,33,30,2,73,0,0,5,8,13,8,33,35,10,86,42,0,42,128
04/22/2010,FAY,NC,ASO,EN,Combined TRACON& Tower with Radar,8,32,37,11,88,0,1,44,14,59,8,33,81,25,147,64,46,110,257
04/23/2010,FAY,NC,ASO,EN,Combined TRACON& Tower with Radar,5,29,19,6,59,0,0,30,13,43,5,29,49,19,102,60,24,84,186
04/24/2010,FAY,NC,ASO,EN,Combined TRACON& Tower with Radar,2,33,6,2,43,0,0,9,0,9,2,33,15,2,52,42,2,44,96
04/25/2010,FAY,NC,ASO,EN,Combined TRACON& Tower with Radar,9,26,17,0,52,0,0,0,0,0,9,26,17,0,52,0,0,0,52
04/26/2010,FAY,NC,ASO,EN,Combined TRACON& Tower with Radar,7,28,19,8,62,0,0,0,0,0,7,28,19,8,62,32,22,54,116
04/27/2010,FAY,NC,ASO,EN,Combined TRACON& Tower with Radar,10,36,23,20,89,0,1,14,3,18,10,37,37,23,107,68,16,84,191
04/28/2010,FAY,NC,ASO,EN,Combined TRACON& Tower with Radar,7,25,19,11,62,0,0,22,16,38,7,25,41,27,100,40,20,60,160
04/29/2010,FAY,NC,ASO,EN,Combined TRACON& Tower with Radar,4,29,29,22,84,0,0,43,8,51,4,29,72,30,135,28,46,74,209
04/30/2010,FAY,NC,ASO,EN,Combined TRACON& Tower with Radar,9,25,17,1,52,0,3,38,3,44,9,28,55,4,96,10,10,20,116
05/01/2010,FAY,NC,ASO,EN,Combined TRACON& Tower with Radar,5,25,6,2,38,0,0,34,0,34,5,25,40,2,72,34,0,34,106
05/02/2010,FAY,NC,ASO,EN,Combined TRACON& Tower with Radar,6,27,12,0,45,0,0,5,0,5,6,27,17,0,50,16,0,16,66
05/03/2010,FAY,NC,ASO,EN,Combined TRACON& Tower with Radar,6,22,19,4,51,0,0,8,2,10,6,22,27,6,61,30,14,44,105
05/04/2010,FAY,NC,ASO,EN,Combined TRACON& Tower with Radar,7,24,30,20,81,0,0,19,10,29,7,24,49,30,110,48,42,90,200
05/05/2010,FAY,NC,ASO,EN,Combined TRACON& Tower with Radar,7,25,21,12,65,0,1,28,2,31,7,26,49,14,96,36,8,44,140
05/06/2010,FAY,NC,ASO,EN,Combined TRACON& Tower with Radar,6,26,12,1,45,0,0,33,1,34,6,26,45,2,79,46,10,56,135
05/07/2010,FAY,NC,ASO,EN,Combined TRACON& Tower with Radar,7,26,17,15,65,0,3,24,0,27,7,29,41,15,92,22,48,70,162
05/08/2010,FAY,NC,ASO,EN,Combined TRACON& Tower with Radar,4,22,2,0,28,0,1,26,0,27,4,23,28,0,55,26,0,26,81
05/09/2010,FAY,NC,ASO,EN,Combined TRACON& Tower with Radar,4,30,11,0,45,0,0,16,0,16,4,30,27,0,61,30,6,36,97
05/10/2010,FAY,NC,ASO,EN,Combined TRACON& Tower with Radar,7,25,15,5,52,0,0,23,0,23,7,25,38,5,75,40,6,46,121
05/11/2010,FAY,NC,ASO,EN,Combined TRACON& Tower with Radar,9,29,19,10,67,0,0,30,1,31,9,29,49,11,98,71,16,87,185
05/12/2010,FAY,NC,ASO,EN,Combined TRACON& Tower with Radar,8,25,22,16,71,0,0,8,4,12,8,25,30,20,83,18,14,32,115
05/13/2010,FAY,NC,ASO,EN,Combined TRACON& Tower with Radar,8,26,23,4,61,0,3,29,4,36,8,29,52,8,97,90,2,92,189
05/14/2010,FAY,NC,ASO,EN,Combined TRACON& Tower with Radar,9,28,19,0,56,0,0,47,4,51,9,28,66,4,107,38,0,38,145
05/15/2010,FAY,NC,ASO,EN,Combined TRACON& Tower with Radar,5,27,12,0,44,0,0,1,43,44,5,27,13,43,88,122,0,122,210
05/16/2010,FAY,NC,ASO,EN,Combined TRACON& Tower with Radar,9,29,13,0,51,0,0,34,3,37,9,29,47,3,88,58,0,58,146
05/17/2010,FAY,NC,ASO,EN,Combined TRACON& Tower with Radar,8,24,7,8,47,0,0,0,0,0,8,24,7,8,47,0,0,0,47
05/18/2010,FAY,NC,ASO,EN,Combined TRACON& Tower with Radar,10,28,27,26,91,0,0,5,4,9,10,28,32,30,100,88,4,92,192
05/19/2010,FAY,NC,ASO,EN,Combined TRACON& Tower with Radar,6,31,42,9,88,0,0,32,8,40,6,31,74,17,128,42,28,70,198
05/20/2010,FAY,NC,ASO,EN,Combined TRACON& Tower with Radar,7,24,23,5,59,0,1,51,4,56,7,25,74,9,115,94,14,108,223
05/21/2010,FAY,NC,ASO,EN,Combined TRACON& Tower with Radar,9,21,18,6,54,0,0,49,0,49,9,21,67,6,103,58,0,58,161
05/22/2010,FAY,NC,ASO,EN,Combined TRACON& Tower with Radar,4,23,16,0,43,0,0,36,0,36,4,23,52,0,79,92,0,92,171
05/23/2010,FAY,NC,ASO,EN,Combined TRACON& Tower with Radar,7,25,33,0,65,0,1,4,0,5,7,26,37,0,70,0,0,0,70
05/24/2010,FAY,NC,ASO,EN,Combined TRACON& Tower with Radar,7,26,17,9,59,0,0,3,0,3,7,26,20,9,62,8,0,8,70
05/25/2010,FAY,NC,ASO,EN,Combined TRACON& Tower with Radar,3,31,41,10,85,0,1,3,1,5,3,32,44,11,90,10,23,33,123
05/26/2010,FAY,NC,ASO,EN,Combined TRACON& Tower with Radar,7,28,26,12,73,0,0,35,2,37,7,28,61,14,110,52,32,84,194
05/27/2010,FAY,NC,ASO,EN,Combined TRACON& Tower with Radar,8,23,38,10,79,0,1,34,0,35,8,24,72,10,114,96,30,126,240
05/28/2010,FAY,NC,ASO,EN,Combined TRACON& Tower with Radar,5,22,28,0,55,0,0,29,0,29,5,22,57,0,84,52,32,84,168
05/29/2010,FAY,NC,ASO,EN,Combined TRACON& Tower with Radar,5,22,9,0,36,0,0,11,0,11,5,22,20,0,47,6,0,6,53
05/30/2010,FAY,NC,ASO,EN,Combined TRACON& Tower with Radar,4,20,11,1,36,0,0,19,0,19,4,20,30,1,55,60,0,60,115
05/31/2010,FAY,NC,ASO,EN,Combined TRACON& Tower with Radar,8,24,20,2,54,0,2,25,0,27,8,26,45,2,81,26,0,26,107
06/01/2010,FAY,NC,ASO,EN,Combined TRACON& Tower with Radar,8,24,24,2,58,0,0,1,0,1,8,24,25,2,59,24,2,26,85
06/02/2010,FAY,NC,ASO,EN,Combined TRACON& Tower with Radar,6,27,30,2,65,0,1,10,0,11,6,28,40,2,76,12,0,12,88
06/03/2010,FAY,NC,ASO,EN,Combined TRACON& Tower with Radar,10,30,20,8,68,0,2,7,2,11,10,32,27,10,79,36,0,36,115
06/04/2010,FAY,NC,ASO,EN,Combined TRACON& Tower with Radar,8,24,26,0,58,0,0,52,6,58,8,24,78,6,116,50,0,50,166
06/05/2010,FAY,NC,ASO,EN,Combined TRACON& Tower with Radar,4,24,10,0,38,0,3,26,0,29,4,27,36,0,67,44,0,44,111
06/06/2010,FAY,NC,ASO,EN,Combined TRACON& Tower with Radar,6,26,5,0,37,0,3,23,1,27,6,29,28,1,64,74,0,74,138
06/07/2010,FAY,NC,ASO,EN,Combined TRACON& Tower with Radar,9,26,20,17,72,0,0,25,9,34,9,26,45,26,106,54,44,98,204
06/08/2010,FAY,NC,ASO,EN,Combined TRACON& Tower with Radar,8,32,27,2,69,0,3,35,0,38,8,35,62,2,107,62,10,72,179
06/09/2010,FAY,NC,ASO,EN,Combined TRACON& Tower with Radar,8,25,16,9,58,0,0,30,1,31,8,25,46,10,89,68,0,68,157
06/10/2010,FAY,NC,ASO,EN,Combined TRACON& Tower with Radar,8,31,11,5,55,0,1,17,2,20,8,32,28,7,75,2,6,8,83
06/11/2010,FAY,NC,ASO,EN,Combined TRACON& Tower with Radar,8,31,22,6,67,0,5,39,1,45,8,36,61,7,112,8,0,8,120
06/12/2010,FAY,NC,ASO,EN,Combined TRACON& Tower with Radar,4,34,20,2,60,0,2,36,2,40,4,36,56,4,100,74,4,78,178
06/13/2010,FAY,NC,ASO,EN,Combined TRACON& Tower with Radar,6,33,12,0,51,0,0,25,0,25,6,33,37,0,76,2,0,2,78
06/14/2010,FAY,NC,ASO,EN,Combined TRACON& Tower with Radar,8,28,19,8,63,0,2,39,4,45,8,30,58,12,108,79,24,103,211
06/15/2010,FAY,NC,ASO,EN,Combined TRACON& Tower with Radar,8,27,32,4,71,0,0,38,6,44,8,27,70,10,115,86,2,88,203
06/16/2010,FAY,NC,ASO,EN,Combined TRACON& Tower with Radar,8,31,35,16,90,0,0,25,8,33,8,31,60,24,123,102,22,124,247
06/17/2010,FAY,NC,ASO,EN,Combined TRACON& Tower with Radar,7,32,28,3,70,0,2,24,6,32,7,34,52,9,102,56,4,60,162
06/18/2010,FAY,NC,ASO,EN,Combined TRACON& Tower with Radar,10,32,25,0,67,0,2,34,2,38,10,34,59,2,105,50,0,50,155
06/19/2010,FAY,NC,ASO,EN,Combined TRACON& Tower with Radar,7,33,17,1,58,0,0,15,1,16,7,33,32,2,74,18,0,18,92
06/20/2010,FAY,NC,ASO,EN,Combined TRACON& Tower with Radar,8,33,15,0,56,0,0,20,0,20,8,33,35,0,76,84,0,84,160
06/21/2010,FAY,NC,ASO,EN,Combined TRACON& Tower with Radar,5,38,13,21,77,0,2,44,10,56,5,40,57,31,133,90,54,144,277
06/22/2010,FAY,NC,ASO,EN,Combined TRACON& Tower with Radar,7,32,38,11,88,0,5,28,18,51,7,37,66,29,139,92,16,108,247
06/23/2010,FAY,NC,ASO,EN,Combined TRACON& Tower with Radar,8,42,17,5,72,0,1,21,5,27,8,43,38,10,99,54,10,64,163
06/24/2010,FAY,NC,ASO,EN,Combined TRACON& Tower with Radar,7,33,19,8,67,0,0,53,12,65,7,33,72,20,132,38,14,52,184
06/25/2010,FAY,NC,ASO,EN,Combined TRACON& Tower with Radar,7,31,24,5,67,0,0,27,3,30,7,31,51,8,97,36,0,36,133
06/26/2010,FAY,NC,ASO,EN,Combined TRACON& Tower with Radar,4,32,8,0,44,0,0,27,0,27,4,32,35,0,71,70,2,72,143
06/27/2010,FAY,NC,ASO,EN,Combined TRACON& Tower with Radar,6,36,10,0,52,0,0,29,0,29,6,36,39,0,81,90,18,108,189
06/28/2010,FAY,NC,ASO,EN,Combined TRACON& Tower with Radar,8,33,17,4,62,0,0,22,0,22,8,33,39,4,84,74,10,84,168
06/29/2010,FAY,NC,ASO,EN,Combined TRACON& Tower with Radar,9,33,17,8,67,0,1,20,6,27,9,34,37,14,94,10,48,58,152
06/30/2010,FAY,NC,ASO,EN,Combined TRACON& Tower with Radar,8,30,33,24,95,0,0,3,0,3,8,30,36,24,98,10,4,14,112
07/01/2010,FAY,NC,ASO,EN,Combined TRACON& Tower with Radar,8,40,15,5,68,0,2,28,0,30,8,42,43,5,98,74,24,98,196
07/02/2010,FAY,NC,ASO,EN,Combined TRACON& Tower with Radar,8,31,13,1,53,0,4,36,1,41,8,35,49,2,94,42,0,42,136
07/03/2010,FAY,NC,ASO,EN,Combined TRACON& Tower with Radar,3,36,9,0,48,0,1,30,0,31,3,37,39,0,79,30,0,30,109
07/04/2010,FAY,NC,ASO,EN,Combined TRACON& Tower with Radar,3,30,4,0,37,0,0,15,0,15,3,30,19,0,52,32,0,32,84
07/05/2010,FAY,NC,ASO,EN,Combined TRACON& Tower with Radar,8,29,7,0,44,0,2,59,0,61,8,31,66,0,105,38,0,38,143
07/06/2010,FAY,NC,ASO,EN,Combined TRACON& Tower with Radar,8,30,15,2,55,0,2,22,6,30,8,32,37,8,85,118,4,122,207
07/07/2010,FAY,NC,ASO,EN,Combined TRACON& Tower with Radar,8,31,18,8,65,0,1,14,2,17,8,32,32,10,82,6,2,8,90
07/08/2010,FAY,NC,ASO,EN,Combined TRACON& Tower with Radar,8,29,19,4,60,0,0,13,1,14,8,29,32,5,74,82,4,86,160
07/09/2010,FAY,NC,ASO,EN,Combined TRACON& Tower with Radar,7,34,11,12,64,0,0,14,0,14,7,34,25,12,78,4,4,8,86
07/10/2010,FAY,NC,ASO,EN,Combined TRACON& Tower with Radar,4,35,10,2,51,0,0,15,0,15,4,35,25,2,66,0,0,0,66
07/11/2010,FAY,NC,ASO,EN,Combined TRACON& Tower with Radar,5,32,16,0,53,0,7,16,1,24,5,39,32,1,77,82,22,104,181
07/12/2010,FAY,NC,ASO,EN,Combined TRACON& Tower with Radar,6,24,17,13,60,0,1,20,1,22,6,25,37,14,82,66,16,82,164
07/13/2010,FAY,NC,ASO,EN,Combined TRACON& Tower with Radar,7,29,36,10,82,0,3,7,2,12,7,32,43,12,94,78,16,94,188
07/14/2010,FAY,NC,ASO,EN,Combined TRACON& Tower with Radar,11,34,39,2,86,0,1,13,1,15,11,35,52,3,101,80,2,82,183
07/15/2010,FAY,NC,ASO,EN,Combined TRACON& Tower with Radar,8,31,23,2,64,0,3,29,6,38,8,34,52,8,102,92,10,102,204
07/16/2010,FAY,NC,ASO,EN,Combined TRACON& Tower with Radar,7,32,25,6,70,0,0,31,1,32,7,32,56,7,102,96,8,104,206
07/17/2010,FAY,NC,ASO,EN,Combined TRACON& Tower with Radar,7,34,15,4,60,0,0,11,0,11,7,34,26,4,71,0,0,0,71
07/18/2010,FAY,NC,ASO,EN,Combined TRACON& Tower with Radar,6,33,15,0,54,0,3,33,2,38,6,36,48,2,92,78,18,96,188
07/19/2010,FAY,NC,ASO,EN,Combined TRACON& Tower with Radar,8,30,16,7,61,0,1,16,4,21,8,31,32,11,82,74,18,92,174
07/20/2010,FAY,NC,ASO,EN,Combined TRACON& Tower with Radar,10,34,28,21,93,0,4,60,3,67,10,38,88,24,160,44,16,60,220
07/21/2010,FAY,NC,ASO,EN,Combined TRACON& Tower with Radar,8,28,10,33,79,0,2,33,6,41,8,30,43,39,120,110,42,152,272
07/22/2010,FAY,NC,ASO,EN,Combined TRACON& Tower with Radar,8,29,18,11,66,0,0,35,3,38,8,29,53,14,104,30,14,44,148
07/23/2010,FAY,NC,ASO,EN,Combined TRACON& Tower with Radar,10,32,29,8,79,0,0,37,2,39,10,32,66,10,118,60,4,64,182
07/24/2010,FAY,NC,ASO,EN,Combined TRACON& Tower with Radar,4,32,8,1,45,0,1,29,1,31,4,33,37,2,76,58,0,58,134
07/25/2010,FAY,NC,ASO,EN,Combined TRACON& Tower with Radar,7,35,15,0,57,0,0,22,0,22,7,35,37,0,79,26,2,28,107
07/26/2010,FAY,NC,ASO,EN,Combined TRACON& Tower with Radar,9,30,31,16,86,0,0,28,1,29,9,30,59,17,115,84,22,106,221
07/27/2010,FAY,NC,ASO,EN,Combined TRACON& Tower with Radar,7,34,27,9,77,0,0,2,0,2,7,34,29,9,79,4,0,4,83
07/28/2010,FAY,NC,ASO,EN,Combined TRACON& Tower with Radar,9,33,19,12,73,0,1,10,0,11,9,34,29,12,84,12,2,14,98
07/29/2010,FAY,NC,ASO,EN,Combined TRACON& Tower with Radar,6,35,21,22,84,0,2,28,4,34,6,37,49,26,118,56,8,64,182
07/30/2010,FAY,NC,ASO,EN,Combined TRACON& Tower with Radar,8,33,27,10,78,0,2,28,0,30,8,35,55,10,108,72,20,92,200
07/31/2010,FAY,NC,ASO,EN,Combined TRACON& Tower with Radar,6,36,11,0,53,0,0,24,4,28,6,36,35,4,81,66,2,68,149
08/01/2010,FAY,NC,ASO,EN,Combined TRACON& Tower with Radar,6,42,20,1,69,0,0,11,0,11,6,42,31,1,80,94,8,102,182
08/02/2010,FAY,NC,ASO,EN,Combined TRACON& Tower with Radar,8,30,25,13,76,0,1,20,3,24,8,31,45,16,100,96,22,118,218
08/03/2010,FAY,NC,ASO,EN,Combined TRACON& Tower with Radar,8,29,22,3,62,0,1,19,5,25,8,30,41,8,87,48,16,64,151
08/04/2010,FAY,NC,ASO,EN,Combined TRACON& Tower with Radar,8,30,21,8,67,0,0,35,14,49,8,30,56,22,116,70,4,74,190
08/05/2010,FAY,NC,ASO,EN,Combined TRACON& Tower with Radar,5,31,25,2,63,0,0,33,0,33,5,31,58,2,96,34,0,34,130
08/06/2010,FAY,NC,ASO,EN,Combined TRACON& Tower with Radar,8,31,16,5,60,0,0,17,1,18,8,31,33,6,78,4,4,8,86
08/07/2010,FAY,NC,ASO,EN,Combined TRACON& Tower with Radar,3,34,16,0,53,0,0,36,0,36,3,34,52,0,89,60,0,60,149
08/08/2010,FAY,NC,ASO,EN,Combined TRACON& Tower with Radar,5,29,12,0,46,0,0,20,0,20,5,29,32,0,66,16,0,16,82
08/09/2010,FAY,NC,ASO,EN,Combined TRACON& Tower with Radar,7,32,18,9,66,0,0,18,6,24,7,32,36,15,90,101,42,143,233
08/10/2010,FAY,NC,ASO,EN,Combined TRACON& Tower with Radar,7,35,30,9,81,0,3,22,4,29,7,38,52,13,110,102,28,130,240
08/11/2010,FAY,NC,ASO,EN,Combined TRACON& Tower with Radar,8,31,25,12,76,0,2,21,10,33,8,33,46,22,109,10,16,26,135
08/12/2010,FAY,NC,ASO,EN,Combined TRACON& Tower with Radar,8,30,17,11,66,0,0,26,4,30,8,30,43,15,96,16,12,28,124
08/13/2010,FAY,NC,ASO,EN,Combined TRACON& Tower with Radar,9,28,28,5,70,0,0,14,1,15,9,28,42,6,85,0,0,0,85
08/14/2010,FAY,NC,ASO,EN,Combined TRACON& Tower with Radar,5,36,20,6,67,0,0,33,0,33,5,36,53,6,100,36,4,40,140
08/15/2010,FAY,NC,ASO,EN,Combined TRACON& Tower with Radar,10,33,11,0,54,0,2,24,3,29,10,35,35,3,83,104,26,130,213
08/16/2010,FAY,NC,ASO,EN,Combined TRACON& Tower with Radar,8,32,11,12,63,0,2,19,6,27,8,34,30,18,90,68,33,101,191
08/17/2010,FAY,NC,ASO,EN,Combined TRACON& Tower with Radar,8,33,23,8,72,0,0,31,2,33,8,33,54,10,105,90,20,110,215
08/18/2010,FAY,NC,ASO,EN,Combined TRACON& Tower with Radar,10,28,30,7,75,0,1,6,2,9,10,29,36,9,84,26,6,32,116
08/19/2010,FAY,NC,ASO,EN,Combined TRACON& Tower with Radar,9,32,15,7,63,0,1,18,6,25,9,33,33,13,88,50,12,62,150
08/20/2010,FAY,NC,ASO,EN,Combined TRACON& Tower with Radar,9,33,26,2,70,0,0,24,0,24,9,33,50,2,94,20,0,20,114
08/21/2010,FAY,NC,ASO,EN,Combined TRACON& Tower with Radar,5,30,14,1,50,0,1,13,0,14,5,31,27,1,64,46,0,46,110
08/22/2010,FAY,NC,ASO,EN,Combined TRACON& Tower with Radar,7,38,16,0,61,0,3,14,4,21,7,41,30,4,82,57,20,77,159
08/23/2010,FAY,NC,ASO,EN,Combined TRACON& Tower with Radar,8,30,29,12,79,0,3,19,6,28,8,33,48,18,107,96,36,132,239
08/24/2010,FAY,NC,ASO,EN,Combined TRACON& Tower with Radar,8,32,24,18,82,0,0,8,0,8,8,32,32,18,90,6,8,14,104
08/25/2010,FAY,NC,ASO,EN,Combined TRACON& Tower with Radar,8,32,31,23,94,0,4,28,11,43,8,36,59,34,137,94,12,106,243
08/26/2010,FAY,NC,ASO,EN,Combined TRACON& Tower with Radar,8,32,19,28,87,0,4,20,11,35,8,36,39,39,122,38,28,66,188
08/27/2010,FAY,NC,ASO,EN,Combined TRACON& Tower with Radar,6,34,22,2,64,0,3,29,2,34,6,37,51,4,98,24,0,24,122
08/28/2010,FAY,NC,ASO,EN,Combined TRACON& Tower with Radar,5,29,14,0,48,0,2,35,0,37,5,31,49,0,85,64,0,64,149
08/29/2010,FAY,NC,ASO,EN,Combined TRACON& Tower with Radar,5,40,13,0,58,0,0,31,0,31,5,40,44,0,89,50,0,50,139
08/30/2010,FAY,NC,ASO,EN,Combined TRACON& Tower with Radar,8,30,19,27,84,0,0,19,4,23,8,30,38,31,107,10,72,82,189
08/31/2010,FAY,NC,ASO,EN,Combined TRACON& Tower with Radar,8,29,15,4,56,0,0,15,3,18,8,29,30,7,74,0,12,12,86
09/01/2010,FAY,NC,ASO,EN,Combined TRACON& Tower with Radar,8,27,26,12,73,0,0,23,3,26,8,27,49,15,99,40,20,60,159
09/02/2010,FAY,NC,ASO,EN,Combined TRACON& Tower with Radar,8,30,21,16,75,0,2,12,2,16,8,32,33,18,91,48,42,90,181
09/03/2010,FAY,NC,ASO,EN,Combined TRACON& Tower with Radar,8,30,26,0,64,0,2,23,7,32,8,32,49,7,96,50,22,72,168
09/04/2010,FAY,NC,ASO,EN,Combined TRACON& Tower with Radar,5,25,11,0,41,0,5,31,1,37,5,30,42,1,78,40,8,48,126
09/05/2010,FAY,NC,ASO,EN,Combined TRACON& Tower with Radar,5,25,12,0,42,0,4,27,2,33,5,29,39,2,75,80,22,102,177
09/06/2010,FAY,NC,ASO,EN,Combined TRACON& Tower with Radar,10,28,16,0,54,0,0,26,0,26,10,28,42,0,80,24,0,24,104
09/07/2010,FAY,NC,ASO,EN,Combined TRACON& Tower with Radar,9,26,27,14,76,0,7,23,16,46,9,33,50,30,122,64,32,96,218
09/08/2010,FAY,NC,ASO,EN,Combined TRACON& Tower with Radar,6,30,28,26,90,0,0,18,16,34,6,30,46,42,124,56,74,130,254
09/09/2010,FAY,NC,ASO,EN,Combined TRACON& Tower with Radar,4,34,26,20,84,0,0,33,4,37,4,34,59,24,121,34,22,56,177
09/10/2010,FAY,NC,ASO,EN,Combined TRACON& Tower with Radar,6,34,22,9,71,0,5,49,11,65,6,39,71,20,136,56,34,90,226
09/11/2010,FAY,NC,ASO,EN,Combined TRACON& Tower with Radar,5,27,14,0,46,0,4,27,0,31,5,31,41,0,77,28,0,28,105
09/12/2010,FAY,NC,ASO,EN,Combined TRACON& Tower with Radar,1,37,12,0,50,0,3,26,7,36,1,40,38,7,86,82,40,122,208
09/13/2010,FAY,NC,ASO,EN,Combined TRACON& Tower with Radar,4,34,20,16,74,0,3,37,9,49,4,37,57,25,123,38,54,92,215
09/14/2010,FAY,NC,ASO,EN,Combined TRACON& Tower with Radar,4,31,16,19,70,0,0,27,10,37,4,31,43,29,107,4,16,20,127
09/15/2010,FAY,NC,ASO,EN,Combined TRACON& Tower with Radar,4,36,32,25,97,0,1,29,5,35,4,37,61,30,132,14,32,46,178
09/16/2010,FAY,NC,ASO,EN,Combined TRACON& Tower with Radar,2,35,13,17,67,0,1,31,4,36,2,36,44,21,103,52,30,82,185
09/17/2010,FAY,NC,ASO,EN,Combined TRACON& Tower with Radar,8,35,26,6,75,0,0,67,5,72,8,35,93,11,147,104,34,138,285
09/18/2010,FAY,NC,ASO,EN,Combined TRACON& Tower with Radar,3,31,15,1,50,0,0,62,0,62,3,31,77,1,112,34,0,34,146
09/19/2010,FAY,NC,ASO,EN,Combined TRACON& Tower with Radar,3,38,10,4,55,0,0,35,0,35,3,38,45,4,90,184,10,194,284
09/20/2010,FAY,NC,ASO,EN,Combined TRACON& Tower with Radar,6,32,21,32,91,0,0,20,6,26,6,32,41,38,117,106,52,158,275
09/21/2010,FAY,NC,ASO,EN,Combined TRACON& Tower with Radar,6,38,32,10,86,0,2,22,1,25,6,40,54,11,111,6,20,26,137
09/22/2010,FAY,NC,ASO,EN,Combined TRACON& Tower with Radar,6,32,17,16,71,0,0,29,5,34,6,32,46,21,105,12,28,40,145
09/23/2010,FAY,NC,ASO,EN,Combined TRACON& Tower with Radar,6,32,25,14,77,0,1,26,9,36,6,33,51,23,113,34,28,62,175
09/24/2010,FAY,NC,ASO,EN,Combined TRACON& Tower with Radar,6,33,19,17,75,0,3,24,4,31,6,36,43,21,106,22,8,30,136
09/25/2010,FAY,NC,ASO,EN,Combined TRACON& Tower with Radar,3,29,10,1,43,0,0,41,1,42,3,29,51,2,85,116,0,116,201
09/26/2010,FAY,NC,ASO,EN,Combined TRACON& Tower with Radar,3,42,18,1,64,0,0,7,1,8,3,42,25,2,72,60,42,102,174
09/27/2010,FAY,NC,ASO,EN,Combined TRACON& Tower with Radar,6,31,10,4,51,0,0,0,0,0,6,31,10,4,51,0,0,0,51
09/28/2010,FAY,NC,ASO,EN,Combined TRACON& Tower with Radar,6,38,30,16,90,0,1,19,7,27,6,39,49,23,117,60,2,62,179
09/29/2010,FAY,NC,ASO,EN,Combined TRACON& Tower with Radar,8,35,19,4,66,0,0,0,0,0,8,35,19,4,66,0,0,0,66
09/30/2010,FAY,NC,ASO,EN,Combined TRACON& Tower with Radar,6,30,15,20,71,0,0,5,0,5,6,30,20,20,76,8,26,34,110
10/01/2010,FAY,NC,ASO,EN,Combined TRACON& Tower with Radar,6,31,24,11,72,0,1,23,11,35,6,32,47,22,107,62,44,106,213
10/02/2010,FAY,NC,ASO,EN,Combined TRACON& Tower with Radar,5,28,11,1,45,0,3,29,0,32,5,31,40,1,77,26,0,26,103
10/03/2010,FAY,NC,ASO,EN,Combined TRACON& Tower with Radar,4,33,17,0,54,0,4,27,1,32,4,37,44,1,86,74,32,106,192
10/04/2010,FAY,NC,ASO,EN,Combined TRACON& Tower with Radar,8,32,11,29,80,0,0,20,7,27,8,32,31,36,107,50,60,110,217
10/05/2010,FAY,NC,ASO,EN,Combined TRACON& Tower with Radar,9,31,28,8,76,0,1,26,7,34,9,32,54,15,110,36,0,36,146
10/06/2010,FAY,NC,ASO,EN,Combined TRACON& Tower with Radar,11,32,27,13,83,0,3,27,3,33,11,35,54,16,116,18,12,30,146
10/07/2010,FAY,NC,ASO,EN,Combined TRACON& Tower with Radar,8,34,11,13,66,0,3,27,6,36,8,37,38,19,102,58,0,58,160
10/08/2010,FAY,NC,ASO,EN,Combined TRACON& Tower with Radar,8,31,29,5,73,0,1,30,7,38,8,32,59,12,111,50,0,50,161
10/09/2010,FAY,NC,ASO,EN,Combined TRACON& Tower with Radar,6,25,10,0,41,0,0,33,0,33,6,25,43,0,74,44,0,44,118
10/10/2010,FAY,NC,ASO,EN,Combined TRACON& Tower with Radar,3,34,8,0,45,0,1,22,0,23,3,35,30,0,68,56,26,82,150
10/11/2010,FAY,NC,ASO,EN,Combined TRACON& Tower with Radar,7,31,14,3,55,0,2,31,0,33,7,33,45,3,88,66,42,108,196
10/12/2010,FAY,NC,ASO,EN,Combined TRACON& Tower with Radar,8,28,13,17,66,0,0,18,2,20,8,28,31,19,86,16,26,42,128
10/13/2010,FAY,NC,ASO,EN,Combined TRACON& Tower with Radar,8,33,18,9,68,0,0,32,5,37,8,33,50,14,105,0,6,6,111
10/14/2010,FAY,NC,ASO,EN,Combined TRACON& Tower with Radar,6,32,18,13,69,0,2,5,10,17,6,34,23,23,86,0,8,8,94
10/15/2010,FAY,NC,ASO,EN,Combined TRACON& Tower with Radar,10,28,17,12,67,0,2,26,8,36,10,30,43,20,103,2,12,14,117
10/16/2010,FAY,NC,ASO,EN,Combined TRACON& Tower with Radar,10,27,5,0,42,0,0,24,0,24,10,27,29,0,66,8,0,8,74
10/17/2010,FAY,NC,ASO,EN,Combined TRACON& Tower with Radar,6,35,10,0,51,0,4,42,0,46,6,39,52,0,97,0,0,0,97
10/18/2010,FAY,NC,ASO,EN,Combined TRACON& Tower with Radar,5,35,23,24,87,0,0,22,7,29,5,35,45,31,116,36,60,96,212
10/19/2010,FAY,NC,ASO,EN,Combined TRACON& Tower with Radar,7,32,22,8,69,0,0,20,1,21,7,32,42,9,90,10,8,18,108
10/20/2010,FAY,NC,ASO,EN,Combined TRACON& Tower with Radar,9,31,30,19,89,0,1,13,2,16,9,32,43,21,105,18,18,36,141
10/21/2010,FAY,NC,ASO,EN,Combined TRACON& Tower with Radar,8,34,14,40,96,0,2,17,18,37,8,36,31,58,133,26,88,114,247
10/22/2010,FAY,NC,ASO,EN,Combined TRACON& Tower with Radar,7,37,16,27,87,0,10,32,6,48,7,47,48,33,135,52,68,120,255
10/23/2010,FAY,NC,ASO,EN,Combined TRACON& Tower with Radar,8,24,13,0,45,0,16,81,14,111,8,40,94,14,156,72,48,120,276
10/24/2010,FAY,NC,ASO,EN,Combined TRACON& Tower with Radar,4,38,12,0,54,0,7,46,0,53,4,45,58,0,107,38,0,38,145
10/25/2010,FAY,NC,ASO,EN,Combined TRACON& Tower with Radar,8,32,11,26,77,0,1,10,5,16,8,33,21,31,93,48,46,94,187
10/26/2010,FAY,NC,ASO,EN,Combined TRACON& Tower with Radar,8,32,20,9,69,0,0,5,2,7,8,32,25,11,76,40,0,40,116
10/27/2010,FAY,NC,ASO,EN,Combined TRACON& Tower with Radar,7,24,18,18,67,0,1,11,2,14,7,25,29,20,81,66,28,94,175
10/28/2010,FAY,NC,ASO,EN,Combined TRACON& Tower with Radar,9,26,28,10,73,0,0,7,0,7,9,26,35,10,80,6,0,6,86
10/29/2010,FAY,NC,ASO,EN,Combined TRACON& Tower with Radar,8,32,17,16,73,0,0,42,4,46,8,32,59,20,119,6,10,16,135
10/30/2010,FAY,NC,ASO,EN,Combined TRACON& Tower with Radar,5,25,8,0,38,0,1,46,0,47,5,26,54,0,85,31,0,31,116
10/31/2010,FAY,NC,ASO,EN,Combined TRACON& Tower with Radar,7,32,15,0,54,0,1,30,0,31,7,33,45,0,85,28,0,28,113
11/01/2010,FAY,NC,ASO,EN,Combined TRACON& Tower with Radar,8,28,21,20,77,0,0,21,3,24,8,28,42,23,101,56,58,114,215
11/02/2010,FAY,NC,ASO,EN,Combined TRACON& Tower with Radar,8,31,16,8,63,0,0,13,7,20,8,31,29,15,83,6,22,28,111
11/03/2010,FAY,NC,ASO,EN,Combined TRACON& Tower with Radar,10,25,26,19,80,0,0,3,0,3,10,25,29,19,83,2,8,10,93
11/04/2010,FAY,NC,ASO,EN,Combined TRACON& Tower with Radar,10,27,16,3,56,0,0,1,0,1,10,27,17,3,57,0,2,2,59
11/05/2010,FAY,NC,ASO,EN,Combined TRACON& Tower with Radar,9,29,11,7,56,0,1,28,2,31,9,30,39,9,87,24,2,26,113
11/06/2010,FAY,NC,ASO,EN,Combined TRACON& Tower with Radar,8,22,21,0,51,0,0,17,0,17,8,22,38,0,68,34,0,34,102
11/07/2010,FAY,NC,ASO,EN,Combined TRACON& Tower with Radar,6,29,11,0,46,0,0,15,0,15,6,29,26,0,61,14,0,14,75
11/08/2010,FAY,NC,ASO,EN,Combined TRACON& Tower with Radar,10,29,20,17,76,0,0,17,12,29,10,29,37,29,105,28,20,48,153
11/09/2010,FAY,NC,ASO,EN,Combined TRACON& Tower with Radar,11,28,21,21,81,0,0,16,8,24,11,28,37,29,105,0,20,20,125
11/10/2010,FAY,NC,ASO,EN,Combined TRACON& Tower with Radar,10,26,15,27,78,0,1,28,9,38,10,27,43,36,116,80,70,150,266
11/11/2010,FAY,NC,ASO,EN,Combined TRACON& Tower with Radar,8,39,27,0,74,0,1,32,3,36,8,40,59,3,110,76,36,112,222
11/12/2010,FAY,NC,ASO,EN,Combined TRACON& Tower with Radar,8,34,20,13,75,0,2,35,4,41,8,36,55,17,116,30,0,30,146
11/13/2010,FAY,NC,ASO,EN,Combined TRACON& Tower with Radar,10,23,3,0,36,0,8,29,0,37,10,31,32,0,73,70,0,70,143
11/14/2010,FAY,NC,ASO,EN,Combined TRACON& Tower with Radar,6,32,7,1,46,0,14,41,4,59,6,46,48,5,105,126,74,200,305
11/15/2010,FAY,NC,ASO,EN,Combined TRACON& Tower with Radar,10,27,30,14,81,0,2,35,4,41,10,29,65,18,122,64,32,96,218
11/16/2010,FAY,NC,ASO,EN,Combined TRACON& Tower with Radar,12,28,17,9,66,0,0,4,5,9,12,28,21,14,75,54,54,108,183
11/17/2010,FAY,NC,ASO,EN,Combined TRACON& Tower with Radar,8,28,17,3,56,0,0,27,2,29,8,28,44,5,85,74,54,128,213
11/18/2010,FAY,NC,ASO,EN,Combined TRACON& Tower with Radar,10,31,19,30,90,0,3,37,2,42,10,34,56,32,132,62,60,122,254
11/19/2010,FAY,NC,ASO,EN,Combined TRACON& Tower with Radar,12,27,36,5,80,0,1,41,2,44,12,28,77,7,124,14,6,20,144
11/20/2010,FAY,NC,ASO,EN,Combined TRACON& Tower with Radar,8,26,11,0,45,0,1,34,1,36,8,27,45,1,81,50,0,50,131
11/21/2010,FAY,NC,ASO,EN,Combined TRACON& Tower with Radar,8,30,9,0,47,0,0,48,0,48,8,30,57,0,95,10,0,10,105
11/22/2010,FAY,NC,ASO,EN,Combined TRACON& Tower with Radar,8,29,15,9,61,0,0,22,8,30,8,29,37,17,91,76,62,138,229
11/23/2010,FAY,NC,ASO,EN,Combined TRACON& Tower with Radar,10,29,21,6,66,0,0,21,1,22,10,29,42,7,88,10,4,14,102
11/24/2010,FAY,NC,ASO,EN,Combined TRACON& Tower with Radar,9,30,15,21,75,0,0,32,6,38,9,30,47,27,113,48,32,80,193
11/25/2010,FAY,NC,ASO,EN,Combined TRACON& Tower with Radar,7,18,4,0,29,0,0,2,0,2,7,18,6,0,31,28,0,28,59
11/26/2010,FAY,NC,ASO,EN,Combined TRACON& Tower with Radar,10,22,18,0,50,0,0,4,0,4,10,22,22,0,54,16,0,16,70
11/27/2010,FAY,NC,ASO,EN,Combined TRACON& Tower with Radar,8,30,17,0,55,0,0,18,0,18,8,30,35,0,73,10,0,10,83
11/28/2010,FAY,NC,ASO,EN,Combined TRACON& Tower with Radar,6,31,18,0,55,0,2,28,0,30,6,33,46,0,85,42,38,80,165
11/29/2010,FAY,NC,ASO,EN,Combined TRACON& Tower with Radar,8,33,31,6,78,0,0,9,2,11,8,33,40,8,89,82,62,144,233
11/30/2010,FAY,NC,ASO,EN,Combined TRACON& Tower with Radar,10,22,11,10,53,0,0,7,6,13,10,22,18,16,66,8,10,18,84
12/01/2010,FAY,NC,ASO,EN,Combined TRACON& Tower with Radar,8,32,10,11,61,0,0,16,19,35,8,32,26,30,96,74,56,130,226
12/02/2010,FAY,NC,ASO,EN,Combined TRACON& Tower with Radar,6,33,19,8,66,0,4,25,4,33,6,37,44,12,99,72,34,106,205
12/03/2010,FAY,NC,ASO,EN,Combined TRACON& Tower with Radar,8,32,13,2,55,0,3,15,3,21,8,35,28,5,76,12,10,22,98
12/04/2010,FAY,NC,ASO,EN,Combined TRACON& Tower with Radar,3,24,7,0,34,0,0,13,4,17,3,24,20,4,51,0,0,0,51
12/05/2010,FAY,NC,ASO,EN,Combined TRACON& Tower with Radar,5,31,9,0,45,0,0,3,0,3,5,31,12,0,48,50,44,94,142
12/06/2010,FAY,NC,ASO,EN,Combined TRACON& Tower with Radar,6,31,19,21,77,0,0,9,4,13,6,31,28,25,90,84,90,174,264
12/07/2010,FAY,NC,ASO,EN,Combined TRACON& Tower with Radar,6,31,18,8,63,0,2,10,3,15,6,33,28,11,78,18,10,28,106
12/08/2010,FAY,NC,ASO,EN,Combined TRACON& Tower with Radar,7,38,8,28,81,0,3,15,2,20,7,41,23,30,101,110,80,190,291
12/09/2010,FAY,NC,ASO,EN,Combined TRACON& Tower with Radar,6,32,8,23,69,0,0,17,3,20,6,32,25,26,89,12,38,50,139
12/10/2010,FAY,NC,ASO,EN,Combined TRACON& Tower with Radar,6,35,25,8,74,0,0,30,3,33,6,35,55,11,107,32,0,32,139
12/11/2010,FAY,NC,ASO,EN,Combined TRACON& Tower with Radar,3,28,15,0,46,0,0,2,0,2,3,28,17,0,48,22,0,22,70
12/12/2010,FAY,NC,ASO,EN,Combined TRACON& Tower with Radar,4,31,12,0,47,0,0,0,0,0,4,31,12,0,47,40,54,94,141
12/13/2010,FAY,NC,ASO,EN,Combined TRACON& Tower with Radar,8,35,7,14,64,0,1,9,2,12,8,36,16,16,76,44,64,108,184
12/14/2010,FAY,NC,ASO,EN,Combined TRACON& Tower with Radar,7,30,18,13,68,0,0,7,8,15,7,30,25,21,83,44,50,94,177
12/15/2010,FAY,NC,ASO,EN,Combined TRACON& Tower with Radar,8,24,25,38,95,0,0,19,8,27,8,24,44,46,122,72,80,152,274
12/16/2010,FAY,NC,ASO,EN,Combined TRACON& Tower with Radar,8,28,5,8,49,0,0,1,2,3,8,28,6,10,52,0,4,4,56
12/17/2010,FAY,NC,ASO,EN,Combined TRACON& Tower with Radar,8,34,21,0,63,0,1,18,2,21,8,35,39,2,84,20,0,20,104
12/18/2010,FAY,NC,ASO,EN,Combined TRACON& Tower with Radar,3,30,4,0,37,0,0,0,0,0,3,30,4,0,37,0,0,0,37
12/19/2010,FAY,NC,ASO,EN,Combined TRACON& Tower with Radar,5,30,14,0,49,0,2,17,0,19,5,32,31,0,68,50,52,102,170
12/20/2010,FAY,NC,ASO,EN,Combined TRACON& Tower with Radar,8,29,19,23,79,0,1,31,1,33,8,30,50,24,112,66,72,138,250
12/21/2010,FAY,NC,ASO,EN,Combined TRACON& Tower with Radar,7,30,18,21,76,0,0,15,2,17,7,30,33,23,93,16,14,30,123
12/22/2010,FAY,NC,ASO,EN,Combined TRACON& Tower with Radar,8,30,18,10,66,0,1,6,1,8,8,31,24,11,74,8,8,16,90
12/23/2010,FAY,NC,ASO,EN,Combined TRACON& Tower with Radar,8,29,18,3,58,0,1,28,0,29,8,30,46,3,87,0,0,0,87
12/24/2010,FAY,NC,ASO,EN,Combined TRACON& Tower with Radar,6,24,8,0,38,0,0,21,0,21,6,24,29,0,59,34,0,34,93
12/25/2010,FAY,NC,ASO,EN,Combined TRACON& Tower with Radar,3,21,0,1,25,0,0,0,0,0,3,21,0,1,25,0,0,0,25
12/26/2010,FAY,NC,ASO,EN,Combined TRACON& Tower with Radar,4,11,0,0,15,0,0,0,0,0,4,11,0,0,15,0,0,0,15
12/27/2010,FAY,NC,ASO,EN,Combined TRACON& Tower with Radar,5,26,5,1,37,0,0,3,0,3,5,26,8,1,40,54,56,110,150
12/28/2010,FAY,NC,ASO,EN,Combined TRACON& Tower with Radar,4,32,19,1,56,0,1,14,0,15,4,33,33,1,71,50,50,100,171
12/29/2010,FAY,NC,ASO,EN,Combined TRACON& Tower with Radar,4,32,19,1,56,0,1,37,1,39,4,33,56,2,95,38,0,38,133
12/30/2010,FAY,NC,ASO,EN,Combined TRACON& Tower with Radar,6,36,17,4,63,0,0,24,0,24,6,36,41,4,87,0,4,4,91
12/31/2010,FAY,NC,ASO,EN,Combined TRACON& Tower with Radar,4,28,12,0,44,0,0,27,0,27,4,28,39,0,71,24,0,24,95
01/01/2011,FAY,NC,ASO,EN,Combined TRACON& Tower with Radar,3,28,7,0,38,0,0,1,0,1,3,28,8,0,39,26,0,26,65
01/02/2011,FAY,NC,ASO,EN,Combined TRACON& Tower with Radar,5,29,39,0,73,0,0,0,0,0,5,29,39,0,73,4,0,4,77
01/03/2011,FAY,NC,ASO,EN,Combined TRACON& Tower with Radar,8,37,19,2,66,0,0,23,2,25,8,37,42,4,91,46,10,56,147
01/04/2011,FAY,NC,ASO,EN,Combined TRACON& Tower with Radar,6,32,31,12,81,0,0,15,3,18,6,32,46,15,99,10,10,20,119
01/05/2011,FAY,NC,ASO,EN,Combined TRACON& Tower with Radar,3,32,22,9,66,0,0,17,1,18,3,32,39,10,84,54,40,94,178
01/06/2011,FAY,NC,ASO,EN,Combined TRACON& Tower with Radar,6,31,17,15,69,0,0,17,7,24,6,31,34,22,93,14,24,38,131
01/07/2011,FAY,NC,ASO,EN,Combined TRACON& Tower with Radar,6,33,7,6,52,0,0,16,2,18,6,33,23,8,70,26,6,32,102
01/08/2011,FAY,NC,ASO,EN,Combined TRACON& Tower with Radar,4,31,2,0,37,0,0,9,0,9,4,31,11,0,46,18,0,18,64
01/09/2011,FAY,NC,ASO,EN,Combined TRACON& Tower with Radar,6,30,13,0,49,0,0,13,0,13,6,30,26,0,62,22,0,22,84
01/10/2011,FAY,NC,ASO,EN,Combined TRACON& Tower with Radar,1,3,0,0,4,0,0,0,0,0,1,3,0,0,4,0,0,0,4
01/11/2011,FAY,NC,ASO,EN,Combined TRACON& Tower with Radar,0,1,0,4,5,0,0,0,0,0,0,1,0,4,5,0,0,0,5
01/12/2011,FAY,NC,ASO,EN,Combined TRACON& Tower with Radar,4,28,11,1,44,0,0,8,0,8,4,28,19,1,52,0,0,0,52
01/13/2011,FAY,NC,ASO,EN,Combined TRACON& Tower with Radar,8,29,19,22,78,0,0,12,28,40,8,29,31,50,118,0,16,16,134
01/14/2011,FAY,NC,ASO,EN,Combined TRACON& Tower with Radar,4,35,11,9,59,0,0,48,3,51,4,35,59,12,110,8,0,8,118
01/15/2011,FAY,NC,ASO,EN,Combined TRACON& Tower with Radar,4,32,11,0,47,0,0,35,0,35,4,32,46,0,82,16,0,16,98
01/16/2011,FAY,NC,ASO,EN,Combined TRACON& Tower with Radar,6,28,14,0,48,0,0,36,0,36,6,28,50,0,84,22,2,24,108
01/17/2011,FAY,NC,ASO,EN,Combined TRACON& Tower with Radar,5,34,28,0,67,0,0,2,0,2,5,34,30,0,69,8,0,8,77
01/18/2011,FAY,NC,ASO,EN,Combined TRACON& Tower with Radar,6,30,20,4,60,0,0,8,1,9,6,30,28,5,69,10,0,10,79
01/19/2011,FAY,NC,ASO,EN,Combined TRACON& Tower with Radar,5,33,28,22,88,0,1,14,6,21,5,34,42,28,109,8,42,50,159
01/20/2011,FAY,NC,ASO,EN,Combined TRACON& Tower with Radar,6,37,20,18,81,0,0,36,1,37,6,37,56,19,118,40,24,64,182
01/21/2011,FAY,NC,ASO,EN,Combined TRACON& Tower with Radar,7,33,17,8,65,0,0,25,2,27,7,33,42,10,92,2,4,6,98
01/22/2011,FAY,NC,ASO,EN,Combined TRACON& Tower with Radar,4,30,2,0,36,0,0,22,0,22,4,30,24,0,58,30,0,30,88
01/23/2011,FAY,NC,ASO,EN,Combined TRACON& Tower with Radar,8,30,10,1,49,0,0,42,0,42,8,30,52,1,91,12,0,12,103
01/24/2011,FAY,NC,ASO,EN,Combined TRACON& Tower with Radar,6,28,11,17,62,0,0,21,7,28,6,28,32,24,90,4,12,16,106
01/25/2011,FAY,NC,ASO,EN,Combined TRACON& Tower with Radar,6,29,17,20,72,0,0,5,1,6,6,29,22,21,78,12,22,34,112
01/26/2011,FAY,NC,ASO,EN,Combined TRACON& Tower with Radar,5,24,14,8,51,0,0,0,1,1,5,24,14,9,52,0,10,10,62
01/27/2011,FAY,NC,ASO,EN,Combined TRACON& Tower with Radar,6,30,15,22,73,0,0,15,12,27,6,30,30,34,100,20,28,48,148
01/28/2011,FAY,NC,ASO,EN,Combined TRACON& Tower with Radar,6,33,14,6,59,0,0,18,0,18,6,33,32,6,77,12,0,12,89
01/29/2011,FAY,NC,ASO,EN,Combined TRACON& Tower with Radar,3,32,5,0,40,0,0,53,0,53,3,32,58,0,93,22,0,22,115
01/30/2011,FAY,NC,ASO,EN,Combined TRACON& Tower with Radar,6,31,15,3,55,0,0,27,0,27,6,31,42,3,82,116,30,146,228
01/31/2011,FAY,NC,ASO,EN,Combined TRACON& Tower with Radar,6,34,22,13,75,0,0,1,0,1,6,34,23,13,76,60,36,96,172
02/01/2011,FAY,NC,ASO,EN,Combined TRACON& Tower with Radar,2,33,11,13,59,0,0,0,1,1,2,33,11,14,60,28,8,36,96
02/02/2011,FAY,NC,ASO,EN,Combined TRACON& Tower with Radar,5,29,13,15,62,0,0,1,2,3,5,29,14,17,65,4,34,38,103
02/03/2011,FAY,NC,ASO,EN,Combined TRACON& Tower with Radar,6,36,18,2,62,0,0,11,0,11,6,36,29,2,73,62,40,102,175
02/04/2011,FAY,NC,ASO,EN,Combined TRACON& Tower with Radar,6,32,18,0,56,0,0,0,0,0,6,32,18,0,56,0,0,0,56
02/05/2011,FAY,NC,ASO,EN,Combined TRACON& Tower with Radar,4,32,6,0,42,0,0,0,0,0,4,32,6,0,42,0,0,0,42
02/06/2011,FAY,NC,ASO,EN,Combined TRACON& Tower with Radar,6,31,14,4,55,0,2,65,0,67,6,33,79,4,122,84,30,114,236
02/07/2011,FAY,NC,ASO,EN,Combined TRACON& Tower with Radar,6,32,26,8,72,0,0,13,5,18,6,32,39,13,90,72,48,120,210
02/08/2011,FAY,NC,ASO,EN,Combined TRACON& Tower with Radar,3,36,20,16,75,0,0,22,6,28,3,36,42,22,103,4,22,26,129
02/09/2011,FAY,NC,ASO,EN,Combined TRACON& Tower with Radar,6,32,25,13,76,0,1,19,3,23,6,33,44,16,99,60,44,104,203
02/10/2011,FAY,NC,ASO,EN,Combined TRACON& Tower with Radar,5,31,20,34,90,0,0,10,3,13,5,31,30,37,103,50,48,98,201
02/11/2011,FAY,NC,ASO,EN,Combined TRACON& Tower with Radar,5,38,25,4,72,0,1,19,4,24,5,39,44,8,96,16,38,54,150
02/12/2011,FAY,NC,ASO,EN,Combined TRACON& Tower with Radar,3,35,10,0,48,0,0,30,0,30,3,35,40,0,78,42,0,42,120
02/13/2011,FAY,NC,ASO,EN,Combined TRACON& Tower with Radar,5,35,12,3,55,0,0,33,0,33,5,35,45,3,88,42,2,44,132
02/14/2011,FAY,NC,ASO,EN,Combined TRACON& Tower with Radar,6,32,12,13,63,0,0,35,2,37,6,32,47,15,100,48,48,96,196
02/15/2011,FAY,NC,ASO,EN,Combined TRACON& Tower with Radar,6,30,18,7,61,0,2,20,5,27,6,32,38,12,88,50,32,82,170
02/16/2011,FAY,NC,ASO,EN,Combined TRACON& Tower with Radar,6,33,21,11,71,0,1,24,3,28,6,34,45,14,99,20,2,22,121
02/17/2011,FAY,NC,ASO,EN,Combined TRACON& Tower with Radar,6,33,27,8,74,0,2,23,4,29,6,35,50,12,103,36,20,56,159
02/18/2011,FAY,NC,ASO,EN,Combined TRACON& Tower with Radar,5,38,19,4,66,0,1,49,3,53,5,39,68,7,119,46,2,48,167
02/19/2011,FAY,NC,ASO,EN,Combined TRACON& Tower with Radar,3,31,9,0,43,0,2,30,4,36,3,33,39,4,79,46,8,54,133
02/20/2011,FAY,NC,ASO,EN,Combined TRACON& Tower with Radar,7,26,16,1,50,0,0,52,1,53,7,26,68,2,103,88,4,92,195
02/21/2011,FAY,NC,ASO,EN,Combined TRACON& Tower with Radar,4,35,15,0,54,0,2,24,1,27,4,37,39,1,81,60,28,88,169
02/22/2011,FAY,NC,ASO,EN,Combined TRACON& Tower with Radar,7,41,23,16,87,0,2,13,2,17,7,43,36,18,104,22,36,58,162
02/23/2011,FAY,NC,ASO,EN,Combined TRACON& Tower with Radar,6,30,15,7,58,0,0,47,8,55,6,30,62,15,113,60,40,100,213
02/24/2011,FAY,NC,ASO,EN,Combined TRACON& Tower with Radar,6,32,16,20,74,0,0,16,13,29,6,32,32,33,103,68,26,94,197
02/25/2011,FAY,NC,ASO,EN,Combined TRACON& Tower with Radar,6,33,19,0,58,0,0,7,0,7,6,33,26,0,65,0,0,0,65
02/26/2011,FAY,NC,ASO,EN,Combined TRACON& Tower with Radar,4,32,3,0,39,0,2,38,0,40,4,34,41,0,79,40,0,40,119
02/27/2011,FAY,NC,ASO,EN,Combined TRACON& Tower with Radar,6,31,22,0,59,0,0,25,0,25,6,31,47,0,84,88,28,116,200
02/28/2011,FAY,NC,ASO,EN,Combined TRACON& Tower with Radar,9,33,13,6,61,0,0,5,5,10,9,33,18,11,71,72,28,100,171
03/01/2011,FAY,NC,ASO,EN,Combined TRACON& Tower with Radar,5,31,21,9,66,0,1,29,3,33,5,32,50,12,99,82,46,128,227
03/02/2011,FAY,NC,ASO,EN,Combined TRACON& Tower with Radar,4,32,11,20,67,0,2,25,11,38,4,34,36,31,105,82,38,120,225
03/03/2011,FAY,NC,ASO,EN,Combined TRACON& Tower with Radar,10,29,21,45,105,0,1,32,6,39,10,30,53,51,144,2,78,80,224
03/04/2011,FAY,NC,ASO,EN,Combined TRACON& Tower with Radar,10,28,23,22,83,0,0,25,6,31,10,28,48,28,114,50,28,78,192
03/05/2011,FAY,NC,ASO,EN,Combined TRACON& Tower with Radar,4,31,12,0,47,0,0,21,0,21,4,31,33,0,68,2,0,2,70
03/06/2011,FAY,NC,ASO,EN,Combined TRACON& Tower with Radar,4,32,6,2,44,0,0,1,0,1,4,32,7,2,45,0,0,0,45
03/07/2011,FAY,NC,ASO,EN,Combined TRACON& Tower with Radar,8,34,21,26,89,0,7,20,7,34,8,41,41,33,123,98,64,162,285
03/08/2011,FAY,NC,ASO,EN,Combined TRACON& Tower with Radar,10,34,23,26,93,0,5,27,12,44,10,39,50,38,137,78,62,140,277
03/09/2011,FAY,NC,ASO,EN,Combined TRACON& Tower with Radar,8,29,24,11,72,0,0,9,4,13,8,29,33,15,85,60,24,84,169
03/10/2011,FAY,NC,ASO,EN,Combined TRACON& Tower with Radar,8,28,13,32,81,0,0,0,2,2,8,28,13,34,83,2,28,30,113
03/11/2011,FAY,NC,ASO,EN,Combined TRACON& Tower with Radar,6,33,34,17,90,0,3,44,5,52,6,36,78,22,142,0,36,36,178
03/12/2011,FAY,NC,ASO,EN,Combined TRACON& Tower with Radar,2,34,16,1,53,0,0,35,0,35,2,34,51,1,88,28,0,28,116
03/13/2011,FAY,NC,ASO,EN,Combined TRACON& Tower with Radar,4,37,22,0,63,0,0,41,0,41,4,37,63,0,104,102,0,102,206
03/14/2011,FAY,NC,ASO,EN,Combined TRACON& Tower with Radar,6,30,15,12,63,0,1,20,20,41,6,31,35,32,104,18,0,18,122
03/15/2011,FAY,NC,ASO,EN,Combined TRACON& Tower with Radar,8,32,18,36,94,0,0,10,4,14,8,32,28,40,108,28,60,88,196
03/16/2011,FAY,NC,ASO,EN,Combined TRACON& Tower with Radar,8,32,25,18,83,0,0,12,5,17,8,32,37,23,100,30,10,40,140
03/17/2011,FAY,NC,ASO,EN,Combined TRACON& Tower with Radar,6,34,17,8,65,0,3,30,5,38,6,37,47,13,103,46,10,56,159
03/18/2011,FAY,NC,ASO,EN,Combined TRACON& Tower with Radar,5,33,15,2,55,0,0,35,0,35,5,33,50,2,90,22,4,26,116
03/19/2011,FAY,NC,ASO,EN,Combined TRACON& Tower with Radar,3,32,13,0,48,0,1,35,0,36,3,33,48,0,84,24,0,24,108
03/20/2011,FAY,NC,ASO,EN,Combined TRACON& Tower with Radar,1,36,21,0,58,0,2,37,0,39,1,38,58,0,97,92,24,116,213
03/21/2011,FAY,NC,ASO,EN,Combined TRACON& Tower with Radar,9,30,8,32,79,0,1,19,1,21,9,31,27,33,100,38,70,108,208
03/22/2011,FAY,NC,ASO,EN,Combined TRACON& Tower with Radar,8,29,16,21,74,0,3,32,3,38,8,32,48,24,112,60,86,146,258
03/23/2011,FAY,NC,ASO,EN,Combined TRACON& Tower with Radar,4,32,17,13,66,0,2,31,6,39,4,34,48,19,105,46,52,98,203
03/24/2011,FAY,NC,ASO,EN,Combined TRACON& Tower with Radar,7,34,12,36,89,0,0,18,13,31,7,34,30,49,120,4,72,76,196
03/25/2011,FAY,NC,ASO,EN,Combined TRACON& Tower with Radar,6,31,25,0,62,0,0,38,0,38,6,31,63,0,100,83,0,83,183
03/26/2011,FAY,NC,ASO,EN,Combined TRACON& Tower with Radar,2,30,17,0,49,0,0,1,0,1,2,30,18,0,50,12,0,12,62
03/27/2011,FAY,NC,ASO,EN,Combined TRACON& Tower with Radar,1,41,36,0,78,0,0,0,0,0,1,41,36,0,78,70,58,128,206
03/28/2011,FAY,NC,ASO,EN,Combined TRACON& Tower with Radar,2,40,14,1,57,0,0,8,0,8,2,40,22,1,65,2,2,4,69
03/29/2011,FAY,NC,ASO,EN,Combined TRACON& Tower with Radar,2,39,38,6,85,0,4,32,10,46,2,43,70,16,131,104,50,154,285
03/30/2011,FAY,NC,ASO,EN,Combined TRACON& Tower with Radar,2,35,18,13,68,0,0,0,0,0,2,35,18,13,68,0,0,0,68
03/31/2011,FAY,NC,ASO,EN,Combined TRACON& Tower with Radar,2,36,22,32,92,0,0,0,0,0,2,36,22,32,92,0,4,4,96
04/01/2011,FAY,NC,ASO,EN,Combined TRACON& Tower with Radar,2,34,21,12,69,0,0,20,6,26,2,34,41,18,95,27,14,41,136
04/02/2011,FAY,NC,ASO,EN,Combined TRACON& Tower with Radar,1,36,10,0,47,0,1,15,1,17,1,37,25,1,64,0,0,0,64
04/03/2011,FAY,NC,ASO,EN,Combined TRACON& Tower with Radar,0,32,18,0,50,0,1,39,0,40,0,33,57,0,90,22,0,22,112
04/04/2011,FAY,NC,ASO,EN,Combined TRACON& Tower with Radar,1,39,15,9,64,0,0,13,0,13,1,39,28,9,77,42,62,104,181
04/05/2011,FAY,NC,ASO,EN,Combined TRACON& Tower with Radar,1,34,5,18,58,0,0,8,8,16,1,34,13,26,74,6,6,12,86
04/06/2011,FAY,NC,ASO,EN,Combined TRACON& Tower with Radar,0,38,16,30,84,0,2,10,4,16,0,40,26,34,100,32,26,58,158
04/07/2011,FAY,NC,ASO,EN,Combined TRACON& Tower with Radar,0,36,30,5,71,0,4,25,8,37,0,40,55,13,108,4,0,4,112
04/08/2011,FAY,NC,ASO,EN,Combined TRACON& Tower with Radar,1,41,18,0,60,0,1,22,1,24,1,42,40,1,84,22,0,22,106
04/09/2011,FAY,NC,ASO,EN,Combined TRACON& Tower with Radar,1,29,8,0,38,0,0,5,0,5,1,29,13,0,43,10,0,10,53
04/10/2011,FAY,NC,ASO,EN,Combined TRACON& Tower with Radar,1,35,22,0,58,0,0,24,0,24,1,35,46,0,82,48,0,48,130
04/11/2011,FAY,NC,ASO,EN,Combined TRACON& Tower with Radar,1,36,18,9,64,0,0,6,1,7,1,36,24,10,71,6,20,26,97
04/12/2011,FAY,NC,ASO,EN,Combined TRACON& Tower with Radar,1,36,13,17,67,0,0,5,1,6,1,36,18,18,73,6,18,24,97
04/13/2011,FAY,NC,ASO,EN,Combined TRACON& Tower with Radar,1,39,12,15,67,0,1,33,1,35,1,40,45,16,102,55,43,98,200
04/14/2011,FAY,NC,ASO,EN,Combined TRACON& Tower with Radar,4,33,27,28,92,0,2,30,2,34,4,35,57,30,126,34,47,81,207
04/15/2011,FAY,NC,ASO,EN,Combined TRACON& Tower with Radar,3,36,21,2,62,0,0,18,0,18,3,36,39,2,80,80,33,113,193
04/16/2011,FAY,NC,ASO,EN,Combined TRACON& Tower with Radar,5,30,4,0,39,0,0,0,0,0,5,30,4,0,39,0,0,0,39
04/17/2011,FAY,NC,ASO,EN,Combined TRACON& Tower with Radar,2,35,20,0,57,0,1,42,0,43,2,36,62,0,100,42,40,82,182
04/18/2011,FAY,NC,ASO,EN,Combined TRACON& Tower with Radar,1,39,22,2,64,0,2,17,2,21,1,41,39,4,85,10,4,14,99
04/19/2011,FAY,NC,ASO,EN,Combined TRACON& Tower with Radar,2,36,20,21,79,0,0,32,1,33,2,36,52,22,112,20,33,53,165
04/20/2011,FAY,NC,ASO,EN,Combined TRACON& Tower with Radar,2,33,32,2,69,0,1,18,2,21,2,34,50,4,90,23,2,25,115
04/21/2011,FAY,NC,ASO,EN,Combined TRACON& Tower with Radar,2,37,23,24,86,0,0,26,8,34,2,37,49,32,120,18,32,50,170
04/22/2011,FAY,NC,ASO,EN,Combined TRACON& Tower with Radar,4,35,22,4,65,0,0,2,0,2,4,35,24,4,67,0,0,0,67
04/23/2011,FAY,NC,ASO,EN,Combined TRACON& Tower with Radar,3,29,27,0,59,0,0,10,0,10,3,29,37,0,69,16,0,16,85
04/24/2011,FAY,NC,ASO,EN,Combined TRACON& Tower with Radar,1,34,12,0,47,0,0,13,0,13,1,34,25,0,60,0,0,0,60
04/25/2011,FAY,NC,ASO,EN,Combined TRACON& Tower with Radar,2,30,49,3,84,0,0,17,2,19,2,30,66,5,103,16,8,24,127
04/26/2011,FAY,NC,ASO,EN,Combined TRACON& Tower with Radar,2,39,11,7,59,0,4,10,0,14,2,43,21,7,73,6,2,8,81
04/27/2011,FAY,NC,ASO,EN,Combined TRACON& Tower with Radar,4,31,15,7,57,0,4,6,0,10,4,35,21,7,67,12,2,14,81
04/28/2011,FAY,NC,ASO,EN,Combined TRACON& Tower with Radar,2,34,6,20,62,0,1,0,1,2,2,35,6,21,64,0,36,36,100
04/29/2011,FAY,NC,ASO,EN,Combined TRACON& Tower with Radar,2,42,19,36,99,0,3,29,8,40,2,45,48,44,139,0,40,40,179
04/30/2011,FAY,NC,ASO,EN,Combined TRACON& Tower with Radar,3,31,13,0,47,0,0,28,0,28,3,31,41,0,75,18,0,18,93
05/01/2011,FAY,NC,ASO,EN,Combined TRACON& Tower with Radar,1,38,21,0,60,0,3,27,0,30,1,41,48,0,90,52,0,52,142
05/02/2011,FAY,NC,ASO,EN,Combined TRACON& Tower with Radar,2,36,21,17,76,0,0,23,5,28,2,36,44,22,104,58,54,112,216
05/03/2011,FAY,NC,ASO,EN,Combined TRACON& Tower with Radar,2,34,28,5,69,0,2,25,1,28,2,36,53,6,97,30,10,40,137
05/04/2011,FAY,NC,ASO,EN,Combined TRACON& Tower with Radar,2,39,26,7,74,0,0,6,5,11,2,39,32,12,85,0,0,0,85
05/05/2011,FAY,NC,ASO,EN,Combined TRACON& Tower with Radar,2,44,11,11,68,0,2,26,6,34,2,46,37,17,102,42,12,54,156
05/06/2011,FAY,NC,ASO,EN,Combined TRACON& Tower with Radar,2,36,21,2,61,0,0,18,0,18,2,36,39,2,79,18,0,18,97
05/07/2011,FAY,NC,ASO,EN,Combined TRACON& Tower with Radar,2,32,10,1,45,0,1,29,0,30,2,33,39,1,75,30,0,30,105
05/08/2011,FAY,NC,ASO,EN,Combined TRACON& Tower with Radar,2,35,16,0,53,0,1,40,0,41,2,36,56,0,94,30,0,30,124
05/09/2011,FAY,NC,ASO,EN,Combined TRACON& Tower with Radar,2,40,18,10,70,0,0,33,8,41,2,40,51,18,111,2,24,26,137
05/10/2011,FAY,NC,ASO,EN,Combined TRACON& Tower with Radar,2,35,21,21,79,0,3,18,0,21,2,38,39,21,100,26,10,36,136
05/11/2011,FAY,NC,ASO,EN,Combined TRACON& Tower with Radar,2,37,24,18,81,0,2,21,2,25,2,39,45,20,106,66,6,72,178
05/12/2011,FAY,NC,ASO,EN,Combined TRACON& Tower with Radar,2,39,27,5,73,0,0,15,2,17,2,39,42,7,90,4,0,4,94
05/13/2011,FAY,NC,ASO,EN,Combined TRACON& Tower with Radar,2,46,28,5,81,0,0,4,4,8,2,46,32,9,89,2,0,2,91
05/14/2011,FAY,NC,ASO,EN,Combined TRACON& Tower with Radar,2,32,14,0,48,0,2,9,0,11,2,34,23,0,59,13,0,13,72
05/15/2011,FAY,NC,ASO,EN,Combined TRACON& Tower with Radar,2,38,19,2,61,0,0,24,0,24,2,38,43,2,85,22,0,22,107
05/16/2011,FAY,NC,ASO,EN,Combined TRACON& Tower with Radar,2,36,11,4,53,0,4,16,0,20,2,40,27,4,73,0,0,0,73
05/17/2011,FAY,NC,ASO,EN,Combined TRACON& Tower with Radar,3,36,15,12,66,0,0,5,2,7,3,36,20,14,73,36,46,82,155
05/18/2011,FAY,NC,ASO,EN,Combined TRACON& Tower with Radar,2,37,27,4,70,0,0,30,3,33,2,37,57,7,103,28,10,38,141
05/19/2011,FAY,NC,ASO,EN,Combined TRACON& Tower with Radar,3,37,35,4,79,0,2,39,5,46,3,39,74,9,125,66,2,68,193
05/20/2011,FAY,NC,ASO,EN,Combined TRACON& Tower with Radar,3,39,25,2,69,0,0,31,2,33,3,39,56,4,102,48,0,48,150
05/21/2011,FAY,NC,ASO,EN,Combined TRACON& Tower with Radar,2,32,11,0,45,0,0,37,0,37,2,32,48,0,82,50,0,50,132
05/22/2011,FAY,NC,ASO,EN,Combined TRACON& Tower with Radar,3,39,17,0,59,0,3,37,0,40,3,42,54,0,99,50,0,50,149
05/23/2011,FAY,NC,ASO,EN,Combined TRACON& Tower with Radar,2,34,17,11,64,0,1,10,3,14,2,35,27,14,78,60,36,96,174
05/24/2011,FAY,NC,ASO,EN,Combined TRACON& Tower with Radar,2,33,23,10,68,0,2,22,2,26,2,35,45,12,94,12,42,54,148
05/25/2011,FAY,NC,ASO,EN,Combined TRACON& Tower with Radar,2,38,19,17,76,0,0,33,2,35,2,38,52,19,111,52,38,90,201
05/26/2011,FAY,NC,ASO,EN,Combined TRACON& Tower with Radar,2,39,14,10,65,0,1,20,4,25,2,40,34,14,90,12,4,16,106
05/27/2011,FAY,NC,ASO,EN,Combined TRACON& Tower with Radar,2,33,13,0,48,0,0,15,1,16,2,33,28,1,64,6,0,6,70
05/28/2011,FAY,NC,ASO,EN,Combined TRACON& Tower with Radar,2,34,11,0,47,0,1,6,0,7,2,35,17,0,54,0,0,0,54
05/29/2011,FAY,NC,ASO,EN,Combined TRACON& Tower with Radar,2,35,3,0,40,0,1,14,0,15,2,36,17,0,55,68,4,72,127
05/30/2011,FAY,NC,ASO,EN,Combined TRACON& Tower with Radar,2,35,8,0,45,0,0,19,0,19,2,35,27,0,64,62,36,98,162
05/31/2011,FAY,NC,ASO,EN,Combined TRACON& Tower with Radar,4,37,18,6,65,0,1,9,2,12,4,38,27,8,77,24,16,40,117
06/01/2011,FAY,NC,ASO,EN,Combined TRACON& Tower with Radar,2,38,7,7,54,0,0,36,4,40,2,38,43,11,94,70,4,74,168
06/02/2011,FAY,NC,ASO,EN,Combined TRACON& Tower with Radar,2,38,15,18,73,0,0,33,5,38,2,38,48,23,111,28,6,34,145
06/03/2011,FAY,NC,ASO,EN,Combined TRACON& Tower with Radar,6,38,15,3,62,0,2,22,1,25,6,40,37,4,87,6,0,6,93
06/04/2011,FAY,NC,ASO,EN,Combined TRACON& Tower with Radar,4,32,1,0,37,0,1,45,0,46,4,33,46,0,83,17,0,17,100
06/05/2011,FAY,NC,ASO,EN,Combined TRACON& Tower with Radar,4,34,9,1,48,0,0,35,1,36,4,34,44,2,84,30,0,30,114
06/06/2011,FAY,NC,ASO,EN,Combined TRACON& Tower with Radar,4,34,22,7,67,0,1,21,10,32,4,35,43,17,99,50,12,62,161
06/07/2011,FAY,NC,ASO,EN,Combined TRACON& Tower with Radar,4,34,23,17,78,0,0,16,2,18,4,34,39,19,96,88,38,126,222
06/08/2011,FAY,NC,ASO,EN,Combined TRACON& Tower with Radar,4,35,15,18,72,0,3,38,6,47,4,38,53,24,119,67,32,99,218
06/09/2011,FAY,NC,ASO,EN,Combined TRACON& Tower with Radar,6,33,19,9,67,0,2,23,12,37,6,35,42,21,104,72,34,106,210
06/10/2011,FAY,NC,ASO,EN,Combined TRACON& Tower with Radar,4,39,26,0,69,0,2,16,0,18,4,41,42,0,87,50,2,52,139
06/11/2011,FAY,NC,ASO,EN,Combined TRACON& Tower with Radar,3,28,12,0,43,0,3,41,2,46,3,31,53,2,89,72,2,74,163
06/12/2011,FAY,NC,ASO,EN,Combined TRACON& Tower with Radar,5,36,17,0,58,0,0,33,0,33,5,36,50,0,91,56,0,56,147
06/13/2011,FAY,NC,ASO,EN,Combined TRACON& Tower with Radar,2,36,5,13,56,0,0,24,10,34,2,36,29,23,90,48,26,74,164
06/14/2011,FAY,NC,ASO,EN,Combined TRACON& Tower with Radar,2,34,14,18,68,0,0,13,3,16,2,34,27,21,84,32,20,52,136
06/15/2011,FAY,NC,ASO,EN,Combined TRACON& Tower with Radar,2,34,22,7,65,0,0,30,5,35,2,34,52,12,100,32,14,46,146
06/16/2011,FAY,NC,ASO,EN,Combined TRACON& Tower with Radar,2,35,13,1,51,0,0,14,1,15,2,35,27,2,66,0,0,0,66
06/17/2011,FAY,NC,ASO,EN,Combined TRACON& Tower with Radar,4,35,20,2,61,0,0,26,0,26,4,35,46,2,87,68,0,68,155
06/18/2011,FAY,NC,ASO,EN,Combined TRACON& Tower with Radar,4,32,8,0,44,0,3,21,0,24,4,35,29,0,68,78,0,78,146
06/19/2011,FAY,NC,ASO,EN,Combined TRACON& Tower with Radar,5,39,15,0,59,0,0,34,0,34,5,39,49,0,93,2,0,2,95
06/20/2011,FAY,NC,ASO,EN,Combined TRACON& Tower with Radar,5,35,13,12,65,0,3,28,2,33,5,38,41,14,98,6,18,24,122
06/21/2011,FAY,NC,ASO,EN,Combined TRACON& Tower with Radar,4,31,17,10,62,0,0,38,1,39,4,31,55,11,101,74,24,98,199
06/22/2011,FAY,NC,ASO,EN,Combined TRACON& Tower with Radar,2,30,30,12,74,0,0,26,6,32,2,30,56,18,106,58,34,92,198
06/23/2011,FAY,NC,ASO,EN,Combined TRACON& Tower with Radar,4,31,30,8,73,0,0,28,4,32,4,31,58,12,105,50,10,60,165
06/24/2011,FAY,NC,ASO,EN,Combined TRACON& Tower with Radar,1,36,25,7,69,0,0,22,0,22,1,36,47,7,91,38,18,56,147
06/25/2011,FAY,NC,ASO,EN,Combined TRACON& Tower with Radar,1,38,6,0,45,0,0,46,0,46,1,38,52,0,91,72,14,86,177
06/26/2011,FAY,NC,ASO,EN,Combined TRACON& Tower with Radar,4,32,11,0,47,0,0,21,0,21,4,32,32,0,68,58,18,76,144
06/27/2011,FAY,NC,ASO,EN,Combined TRACON& Tower with Radar,4,32,23,10,69,0,1,14,6,21,4,33,37,16,90,0,0,0,90
06/28/2011,FAY,NC,ASO,EN,Combined TRACON& Tower with Radar,3,27,18,13,61,0,1,21,1,23,3,28,39,14,84,2,20,22,106
06/29/2011,FAY,NC,ASO,EN,Combined TRACON& Tower with Radar,5,35,21,14,75,0,1,29,9,39,5,36,50,23,114,60,6,66,180
06/30/2011,FAY,NC,ASO,EN,Combined TRACON& Tower with Radar,3,32,25,8,68,0,5,32,5,42,3,37,57,13,110,22,10,32,142
07/01/2011,FAY,NC,ASO,EN,Combined TRACON& Tower with Radar,4,37,26,7,74,0,1,25,2,28,4,38,51,9,102,10,0,10,112
07/02/2011,FAY,NC,ASO,EN,Combined TRACON& Tower with Radar,4,32,1,0,37,0,1,20,0,21,4,33,21,0,58,4,0,4,62
07/03/2011,FAY,NC,ASO,EN,Combined TRACON& Tower with Radar,4,24,3,0,31,12,1,22,1,36,16,25,25,1,67,0,0,0,67
07/04/2011,FAY,NC,ASO,EN,Combined TRACON& Tower with Radar,4,30,9,0,43,0,3,13,1,17,4,33,22,1,60,0,0,0,60
07/05/2011,FAY,NC,ASO,EN,Combined TRACON& Tower with Radar,4,34,24,2,64,0,0,8,1,9,4,34,32,3,73,20,2,22,95
07/06/2011,FAY,NC,ASO,EN,Combined TRACON& Tower with Radar,4,28,21,16,69,0,3,9,6,18,4,31,30,22,87,44,74,118,205
07/07/2011,FAY,NC,ASO,EN,Combined TRACON& Tower with Radar,4,34,16,28,82,12,0,13,4,29,16,34,29,32,111,4,10,14,125
07/08/2011,FAY,NC,ASO,EN,Combined TRACON& Tower with Radar,4,31,19,11,65,0,0,15,2,17,4,31,34,13,82,6,0,6,88
07/09/2011,FAY,NC,ASO,EN,Combined TRACON& Tower with Radar,4,32,3,0,39,0,0,10,0,10,4,32,13,0,49,64,0,64,113
07/10/2011,FAY,NC,ASO,EN,Combined TRACON& Tower with Radar,4,37,25,1,67,0,0,26,1,27,4,37,51,2,94,64,36,100,194
07/11/2011,FAY,NC,ASO,EN,Combined TRACON& Tower with Radar,4,34,14,8,60,0,0,28,0,28,4,34,42,8,88,53,10,63,151
07/12/2011,FAY,NC,ASO,EN,Combined TRACON& Tower with Radar,4,27,27,10,68,0,0,30,4,34,4,27,57,14,102,64,16,80,182
07/13/2011,FAY,NC,ASO,EN,Combined TRACON& Tower with Radar,4,32,15,6,57,0,0,17,2,19,4,32,32,8,76,4,0,4,80
07/14/2011,FAY,NC,ASO,EN,Combined TRACON& Tower with Radar,4,40,19,17,80,0,2,27,4,33,4,42,46,21,113,20,6,26,139
07/15/2011,FAY,NC,ASO,EN,Combined TRACON& Tower with Radar,6,37,27,3,73,0,0,26,2,28,6,37,53,5,101,18,8,26,127
07/16/2011,FAY,NC,ASO,EN,Combined TRACON& Tower with Radar,4,32,10,0,46,0,4,30,0,34,4,36,40,0,80,4,0,4,84
07/17/2011,FAY,NC,ASO,EN,Combined TRACON& Tower with Radar,6,34,19,2,61,0,16,28,0,44,6,50,47,2,105,122,12,134,239
07/18/2011,FAY,NC,ASO,EN,Combined TRACON& Tower with Radar,4,32,21,17,74,0,0,14,4,18,4,32,35,21,92,64,4,68,160
07/19/2011,FAY,NC,ASO,EN,Combined TRACON& Tower with Radar,4,29,13,16,62,0,1,35,2,38,4,30,48,18,100,38,16,54,154
07/20/2011,FAY,NC,ASO,EN,Combined TRACON& Tower with Radar,3,33,28,1,65,0,1,17,1,19,3,34,45,2,84,22,0,22,106
07/21/2011,FAY,NC,ASO,EN,Combined TRACON& Tower with Radar,3,36,18,9,66,0,1,25,2,28,3,37,43,11,94,6,10,16,110
07/22/2011,FAY,NC,ASO,EN,Combined TRACON& Tower with Radar,4,33,17,1,55,0,2,14,2,18,4,35,31,3,73,4,0,4,77
07/23/2011,FAY,NC,ASO,EN,Combined TRACON& Tower with Radar,4,33,4,0,41,0,0,21,0,21,4,33,25,0,62,16,0,16,78
07/24/2011,FAY,NC,ASO,EN,Combined TRACON& Tower with Radar,4,36,9,0,49,0,0,54,0,54,4,36,63,0,103,68,0,68,171
07/25/2011,FAY,NC,ASO,EN,Combined TRACON& Tower with Radar,4,32,8,0,44,0,2,12,1,15,4,34,20,1,59,60,34,94,153
07/26/2011,FAY,NC,ASO,EN,Combined TRACON& Tower with Radar,4,31,21,15,71,0,0,7,3,10,4,31,28,18,81,26,24,50,131
07/27/2011,FAY,NC,ASO,EN,Combined TRACON& Tower with Radar,4,32,18,13,67,0,2,27,2,31,4,34,45,15,98,20,21,41,139
07/28/2011,FAY,NC,ASO,EN,Combined TRACON& Tower with Radar,4,37,13,4,58,0,0,34,0,34,4,37,47,4,92,32,2,34,126
07/29/2011,FAY,NC,ASO,EN,Combined TRACON& Tower with Radar,4,36,17,12,69,0,2,35,2,39,4,38,52,14,108,26,9,35,143
07/30/2011,FAY,NC,ASO,EN,Combined TRACON& Tower with Radar,4,28,4,0,36,0,0,23,0,23,4,28,27,0,59,30,0,30,89
07/31/2011,FAY,NC,ASO,EN,Combined TRACON& Tower with Radar,3,30,10,1,44,0,0,27,1,28,3,30,37,2,72,22,0,22,94
08/01/2011,FAY,NC,ASO,EN,Combined TRACON& Tower with Radar,4,34,27,5,70,0,0,29,3,32,4,34,56,8,102,52,0,52,154
08/02/2011,FAY,NC,ASO,EN,Combined TRACON& Tower with Radar,4,32,25,4,65,0,0,32,2,34,4,32,57,6,99,101,20,121,220
08/03/2011,FAY,NC,ASO,EN,Combined TRACON& Tower with Radar,4,35,20,12,71,0,1,32,1,34,4,36,52,13,105,52,44,96,201
08/04/2011,FAY,NC,ASO,EN,Combined TRACON& Tower with Radar,4,34,14,8,60,0,0,28,1,29,4,34,42,9,89,10,0,10,99
08/05/2011,FAY,NC,ASO,EN,Combined TRACON& Tower with Radar,1,32,24,2,59,0,0,4,0,4,1,32,28,2,63,36,30,66,129
08/06/2011,FAY,NC,ASO,EN,Combined TRACON& Tower with Radar,4,33,11,3,51,0,0,13,0,13,4,33,24,3,64,6,0,6,70
08/07/2011,FAY,NC,ASO,EN,Combined TRACON& Tower with Radar,6,32,16,0,54,0,4,34,0,38,6,36,50,0,92,30,0,30,122
08/08/2011,FAY,NC,ASO,EN,Combined TRACON& Tower with Radar,4,34,8,3,49,0,2,17,1,20,4,36,25,4,69,70,32,102,171
08/09/2011,FAY,NC,ASO,EN,Combined TRACON& Tower with Radar,3,29,12,18,62,0,4,16,0,20,3,33,28,18,82,0,48,48,130
08/10/2011,FAY,NC,ASO,EN,Combined TRACON& Tower with Radar,4,35,12,15,66,0,2,24,1,27,4,37,36,16,93,70,106,176,269
08/11/2011,FAY,NC,ASO,EN,Combined TRACON& Tower with Radar,4,35,34,14,87,0,3,22,1,26,4,38,56,15,113,60,16,76,189
08/12/2011,FAY,NC,ASO,EN,Combined TRACON& Tower with Radar,4,34,25,0,63,0,2,20,0,22,4,36,45,0,85,0,0,0,85
08/13/2011,FAY,NC,ASO,EN,Combined TRACON& Tower with Radar,4,31,13,0,48,0,0,17,0,17,4,31,30,0,65,8,0,8,73
08/14/2011,FAY,NC,ASO,EN,Combined TRACON& Tower with Radar,4,34,15,0,53,0,0,11,0,11,4,34,26,0,64,70,8,78,142
08/15/2011,FAY,NC,ASO,EN,Combined TRACON& Tower with Radar,2,37,21,10,70,0,0,18,5,23,2,37,39,15,93,38,26,64,157
08/16/2011,FAY,NC,ASO,EN,Combined TRACON& Tower with Radar,2,34,22,10,68,0,1,26,2,29,2,35,48,12,97,46,36,82,179
08/17/2011,FAY,NC,ASO,EN,Combined TRACON& Tower with Radar,2,36,31,9,78,0,1,18,3,22,2,37,49,12,100,38,20,58,158
08/18/2011,FAY,NC,ASO,EN,Combined TRACON& Tower with Radar,3,36,20,13,72,0,0,24,2,26,3,36,44,15,98,36,2,38,136
08/19/2011,FAY,NC,ASO,EN,Combined TRACON& Tower with Radar,3,36,16,1,56,0,0,29,1,30,3,36,45,2,86,12,0,12,98
08/20/2011,FAY,NC,ASO,EN,Combined TRACON& Tower with Radar,2,33,11,0,46,0,1,11,0,12,2,34,22,0,58,24,0,24,82
08/21/2011,FAY,NC,ASO,EN,Combined TRACON& Tower with Radar,4,39,14,0,57,0,0,24,0,24,4,39,38,0,81,58,0,58,139
08/22/2011,FAY,NC,ASO,EN,Combined TRACON& Tower with Radar,2,37,14,11,64,0,2,21,3,26,2,39,35,14,90,14,6,20,110
08/23/2011,FAY,NC,ASO,EN,Combined TRACON& Tower with Radar,2,31,21,8,62,0,0,24,0,24,2,31,45,8,86,0,0,0,86
08/24/2011,FAY,NC,ASO,EN,Combined TRACON& Tower with Radar,2,37,16,3,58,0,0,34,0,34,2,37,50,3,92,30,12,42,134
08/25/2011,FAY,NC,ASO,EN,Combined TRACON& Tower with Radar,2,36,19,8,65,0,1,24,2,27,2,37,43,10,92,34,4,38,130
08/26/2011,FAY,NC,ASO,EN,Combined TRACON& Tower with Radar,1,28,16,0,45,0,0,4,0,4,1,28,20,0,49,10,0,10,59
08/27/2011,FAY,NC,ASO,EN,Combined TRACON& Tower with Radar,1,18,2,0,21,0,0,0,0,0,1,18,2,0,21,0,0,0,21
08/28/2011,FAY,NC,ASO,EN,Combined TRACON& Tower with Radar,2,35,1,0,38,0,1,12,2,15,2,36,13,2,53,0,0,0,53
08/29/2011,FAY,NC,ASO,EN,Combined TRACON& Tower with Radar,1,36,7,7,51,0,2,15,3,20,1,38,22,10,71,12,18,30,101
08/30/2011,FAY,NC,ASO,EN,Combined TRACON& Tower with Radar,1,34,31,7,73,0,1,10,3,14,1,35,41,10,87,36,32,68,155
08/31/2011,FAY,NC,ASO,EN,Combined TRACON& Tower with Radar,2,38,19,18,77,0,2,29,11,42,2,40,48,29,119,23,72,95,214
09/01/2011,FAY,NC,ASO,EN,Combined TRACON& Tower with Radar,2,42,24,1,69,0,1,40,4,45,2,43,64,5,114,44,30,74,188
09/02/2011,FAY,NC,ASO,EN,Combined TRACON& Tower with Radar,1,35,24,0,60,0,1,25,0,26,1,36,49,0,86,11,0,11,97
09/03/2011,FAY,NC,ASO,EN,Combined TRACON& Tower with Radar,0,32,5,0,37,0,1,16,0,17,0,33,21,0,54,2,0,2,56
09/04/2011,FAY,NC,ASO,EN,Combined TRACON& Tower with Radar,1,29,9,0,39,0,1,19,0,20,1,30,28,0,59,62,26,88,147
09/05/2011,FAY,NC,ASO,EN,Combined TRACON& Tower with Radar,1,39,4,0,44,0,0,10,0,10,1,39,14,0,54,10,2,12,66
09/06/2011,FAY,NC,ASO,EN,Combined TRACON& Tower with Radar,1,31,12,5,49,0,0,1,1,2,1,31,13,6,51,20,16,36,87
09/07/2011,FAY,NC,ASO,EN,Combined TRACON& Tower with Radar,3,29,18,16,66,0,2,16,4,22,3,31,34,20,88,20,32,52,140
09/08/2011,FAY,NC,ASO,EN,Combined TRACON& Tower with Radar,4,32,8,7,51,0,0,27,4,31,4,32,35,11,82,14,12,26,108
09/09/2011,FAY,NC,ASO,EN,Combined TRACON& Tower with Radar,4,32,11,3,50,0,0,23,4,27,4,32,34,7,77,32,0,32,109
09/10/2011,FAY,NC,ASO,EN,Combined TRACON& Tower with Radar,4,26,13,0,43,0,1,38,0,39,4,27,51,0,82,44,0,44,126
09/11/2011,FAY,NC,ASO,EN,Combined TRACON& Tower with Radar,4,30,11,0,45,0,0,20,0,20,4,30,31,0,65,68,10,78,143
09/12/2011,FAY,NC,ASO,EN,Combined TRACON& Tower with Radar,4,31,17,13,65,0,0,17,5,22,4,31,34,18,87,24,40,64,151
09/13/2011,FAY,NC,ASO,EN,Combined TRACON& Tower with Radar,4,31,22,6,63,0,0,13,0,13,4,31,35,6,76,66,38,104,180
09/14/2011,FAY,NC,ASO,EN,Combined TRACON& Tower with Radar,4,37,15,7,63,0,0,15,0,15,4,37,30,7,78,44,4,48,126
09/15/2011,FAY,NC,ASO,EN,Combined TRACON& Tower with Radar,5,36,16,15,72,0,1,17,3,21,5,37,33,18,93,32,30,62,155
09/16/2011,FAY,NC,ASO,EN,Combined TRACON& Tower with Radar,7,32,17,0,56,0,0,7,0,7,7,32,24,0,63,0,0,0,63
09/17/2011,FAY,NC,ASO,EN,Combined TRACON& Tower with Radar,4,26,4,0,34,0,0,1,0,1,4,26,5,0,35,0,0,0,35
09/18/2011,FAY,NC,ASO,EN,Combined TRACON& Tower with Radar,6,34,22,0,62,0,0,3,2,5,6,34,25,2,67,12,0,12,79
09/19/2011,FAY,NC,ASO,EN,Combined TRACON& Tower with Radar,4,32,13,13,62,0,1,8,0,9,4,33,21,13,71,62,48,110,181
09/20/2011,FAY,NC,ASO,EN,Combined TRACON& Tower with Radar,4,29,12,12,57,0,0,5,0,5,4,29,17,12,62,10,44,54,116
09/21/2011,FAY,NC,ASO,EN,Combined TRACON& Tower with Radar,4,29,19,12,64,0,0,11,0,11,4,29,30,12,75,33,25,58,133
09/22/2011,FAY,NC,ASO,EN,Combined TRACON& Tower with Radar,4,32,27,2,65,0,0,3,0,3,4,32,30,2,68,50,0,50,118
09/23/2011,FAY,NC,ASO,EN,Combined TRACON& Tower with Radar,6,30,11,4,51,0,0,1,0,1,6,30,12,4,52,8,0,8,60
09/24/2011,FAY,NC,ASO,EN,Combined TRACON& Tower with Radar,3,29,9,0,41,0,0,0,0,0,3,29,9,0,41,166,0,166,207
09/25/2011,FAY,NC,ASO,EN,Combined TRACON& Tower with Radar,3,31,23,0,57,0,0,6,0,6,3,31,29,0,63,98,2,100,163
09/26/2011,FAY,NC,ASO,EN,Combined TRACON& Tower with Radar,4,31,17,12,64,0,0,1,0,1,4,31,18,12,65,8,22,30,95
09/27/2011,FAY,NC,ASO,EN,Combined TRACON& Tower with Radar,4,32,30,0,66,0,0,10,0,10,4,32,40,0,76,52,25,77,153
09/28/2011,FAY,NC,ASO,EN,Combined TRACON& Tower with Radar,4,31,23,2,60,0,1,32,0,33,4,32,55,2,93,22,0,22,115
09/29/2011,FAY,NC,ASO,EN,Combined TRACON& Tower with Radar,6,29,28,0,63,0,0,33,0,33,6,29,61,0,96,30,0,30,126
09/30/2011,FAY,NC,ASO,EN,Combined TRACON& Tower with Radar,4,32,18,1,55,0,0,34,1,35,4,32,52,2,90,18,0,18,108
10/01/2011,FAY,NC,ASO,EN,Combined TRACON& Tower with Radar,4,27,15,1,47,0,2,26,0,28,4,29,41,1,75,40,0,40,115
10/02/2011,FAY,NC,ASO,EN,Combined TRACON& Tower with Radar,4,32,19,0,55,0,1,23,0,24,4,33,42,0,79,32,6,38,117
10/03/2011,FAY,NC,ASO,EN,Combined TRACON& Tower with Radar,3,33,13,3,52,0,0,19,0,19,3,33,32,3,71,64,0,64,135
10/04/2011,FAY,NC,ASO,EN,Combined TRACON& Tower with Radar,2,32,12,0,46,0,1,24,3,28,2,33,36,3,74,22,0,22,96
10/05/2011,FAY,NC,ASO,EN,Combined TRACON& Tower with Radar,2,36,19,5,62,0,0,33,7,40,2,36,52,12,102,27,6,33,135
10/06/2011,FAY,NC,ASO,EN,Combined TRACON& Tower with Radar,3,36,24,17,80,0,0,42,4,46,3,36,66,21,126,51,34,85,211
10/07/2011,FAY,NC,ASO,EN,Combined TRACON& Tower with Radar,3,36,13,0,52,0,0,32,2,34,3,36,45,2,86,60,0,60,146
10/08/2011,FAY,NC,ASO,EN,Combined TRACON& Tower with Radar,2,28,6,0,36,0,0,20,0,20,2,28,26,0,56,58,0,58,114
10/09/2011,FAY,NC,ASO,EN,Combined TRACON& Tower with Radar,2,32,15,0,49,0,1,16,0,17,2,33,31,0,66,40,10,50,116
10/10/2011,FAY,NC,ASO,EN,Combined TRACON& Tower with Radar,3,33,26,0,62,0,0,18,0,18,3,33,44,0,80,112,0,112,192
10/11/2011,FAY,NC,ASO,EN,Combined TRACON& Tower with Radar,3,32,19,25,79,0,0,1,1,2,3,32,20,26,81,34,27,61,142
10/12/2011,FAY,NC,ASO,EN,Combined TRACON& Tower with Radar,5,29,23,2,59,0,2,7,1,10,5,31,30,3,69,6,0,6,75
10/13/2011,FAY,NC,ASO,EN,Combined TRACON& Tower with Radar,4,34,30,21,89,0,2,7,1,10,4,36,37,22,99,42,78,120,219
10/14/2011,FAY,NC,ASO,EN,Combined TRACON& Tower with Radar,4,33,21,0,58,0,0,17,0,17,4,33,38,0,75,0,0,0,75
10/15/2011,FAY,NC,ASO,EN,Combined TRACON& Tower with Radar,4,28,17,0,49,0,5,17,0,22,4,33,34,0,71,0,0,0,71
10/16/2011,FAY,NC,ASO,EN,Combined TRACON& Tower with Radar,4,34,17,0,55,0,3,38,0,41,4,37,55,0,96,28,0,28,124
10/17/2011,FAY,NC,ASO,EN,Combined TRACON& Tower with Radar,4,35,16,19,74,0,3,31,2,36,4,38,47,21,110,76,78,154,264
10/18/2011,FAY,NC,ASO,EN,Combined TRACON& Tower with Radar,4,30,17,11,62,0,0,15,2,17,4,30,32,13,79,4,12,16,95
10/19/2011,FAY,NC,ASO,EN,Combined TRACON& Tower with Radar,3,39,32,9,83,0,0,1,0,1,3,39,33,9,84,2,0,2,86
10/20/2011,FAY,NC,ASO,EN,Combined TRACON& Tower with Radar,3,36,11,20,70,0,4,12,3,19,3,40,23,23,89,46,36,82,171
10/21/2011,FAY,NC,ASO,EN,Combined TRACON& Tower with Radar,6,35,18,11,70,0,0,36,7,43,6,35,54,18,113,12,27,39,152
10/22/2011,FAY,NC,ASO,EN,Combined TRACON& Tower with Radar,3,27,21,0,51,0,2,37,0,39,3,29,58,0,90,22,0,22,112
10/23/2011,FAY,NC,ASO,EN,Combined TRACON& Tower with Radar,4,35,15,7,61,0,1,47,0,48,4,36,62,7,109,80,10,90,199
10/24/2011,FAY,NC,ASO,EN,Combined TRACON& Tower with Radar,4,37,23,32,96,0,3,33,2,38,4,40,56,34,134,16,16,32,166
10/25/2011,FAY,NC,ASO,EN,Combined TRACON& Tower with Radar,2,32,26,12,72,0,0,28,12,40,2,32,54,24,112,28,23,51,163
10/26/2011,FAY,NC,ASO,EN,Combined TRACON& Tower with Radar,3,33,17,30,83,0,2,14,5,21,3,35,31,35,104,2,43,45,149
10/27/2011,FAY,NC,ASO,EN,Combined TRACON& Tower with Radar,4,35,23,25,87,0,0,23,2,25,4,35,46,27,112,16,10,26,138
10/28/2011,FAY,NC,ASO,EN,Combined TRACON& Tower with Radar,4,34,15,13,66,0,0,4,3,7,4,34,19,16,73,12,0,12,85
10/29/2011,FAY,NC,ASO,EN,Combined TRACON& Tower with Radar,4,24,13,10,51,0,0,1,0,1,4,24,14,10,52,0,0,0,52
10/30/2011,FAY,NC,ASO,EN,Combined TRACON& Tower with Radar,4,33,15,7,59,0,0,21,0,21,4,33,36,7,80,56,32,88,168
10/31/2011,FAY,NC,ASO,EN,Combined TRACON& Tower with Radar,4,29,12,13,58,0,1,9,4,14,4,30,21,17,72,10,10,20,92
11/01/2011,FAY,NC,ASO,EN,Combined TRACON& Tower with Radar,4,34,13,15,66,0,4,16,5,25,4,38,29,20,91,8,2,10,101
11/02/2011,FAY,NC,ASO,EN,Combined TRACON& Tower with Radar,4,37,24,10,75,0,0,30,6,36,4,37,54,16,111,44,8,52,163
11/03/2011,FAY,NC,ASO,EN,Combined TRACON& Tower with Radar,4,33,21,27,85,0,0,29,12,41,4,33,50,39,126,0,6,6,132
11/04/2011,FAY,NC,ASO,EN,Combined TRACON& Tower with Radar,6,34,20,15,75,0,0,0,0,0,6,34,20,15,75,0,0,0,75
11/05/2011,FAY,NC,ASO,EN,Combined TRACON& Tower with Radar,3,28,9,8,48,0,0,27,6,33,3,28,36,14,81,0,0,0,81
11/06/2011,FAY,NC,ASO,EN,Combined TRACON& Tower with Radar,4,32,22,6,64,0,0,43,0,43,4,32,65,6,107,26,0,26,133
11/07/2011,FAY,NC,ASO,EN,Combined TRACON& Tower with Radar,6,32,19,25,82,0,1,34,6,41,6,33,53,31,123,2,8,10,133
11/08/2011,FAY,NC,ASO,EN,Combined TRACON& Tower with Radar,4,31,21,10,66,0,0,46,5,51,4,31,67,15,117,50,12,62,179
11/09/2011,FAY,NC,ASO,EN,Combined TRACON& Tower with Radar,4,33,39,18,94,0,1,22,4,27,4,34,61,22,121,36,36,72,193
11/10/2011,FAY,NC,ASO,EN,Combined TRACON& Tower with Radar,4,33,20,25,82,0,0,11,4,15,4,33,31,29,97,11,46,57,154
11/11/2011,FAY,NC,ASO,EN,Combined TRACON& Tower with Radar,4,36,22,7,69,0,0,20,0,20,4,36,42,7,89,30,0,30,119
11/12/2011,FAY,NC,ASO,EN,Combined TRACON& Tower with Radar,4,30,9,3,46,0,1,40,2,43,4,31,49,5,89,18,0,18,107
11/13/2011,FAY,NC,ASO,EN,Combined TRACON& Tower with Radar,4,36,15,1,56,0,0,41,0,41,4,36,56,1,97,24,0,24,121
11/14/2011,FAY,NC,ASO,EN,Combined TRACON& Tower with Radar,4,36,11,8,59,0,0,35,0,35,4,36,46,8,94,6,0,6,100
11/15/2011,FAY,NC,ASO,EN,Combined TRACON& Tower with Radar,4,35,18,27,84,0,1,16,5,22,4,36,34,32,106,0,30,30,136
11/16/2011,FAY,NC,ASO,EN,Combined TRACON& Tower with Radar,4,34,21,26,85,0,1,8,9,18,4,35,29,35,103,0,34,34,137
11/17/2011,FAY,NC,ASO,EN,Combined TRACON& Tower with Radar,4,35,29,13,81,0,0,1,2,3,4,35,30,15,84,12,10,22,106
11/18/2011,FAY,NC,ASO,EN,Combined TRACON& Tower with Radar,6,34,18,13,71,0,3,37,11,51,6,37,55,24,122,16,18,34,156
11/19/2011,FAY,NC,ASO,EN,Combined TRACON& Tower with Radar,4,28,10,2,44,0,0,41,0,41,4,28,51,2,85,28,0,28,113
11/20/2011,FAY,NC,ASO,EN,Combined TRACON& Tower with Radar,6,33,5,1,45,0,0,22,0,22,6,33,27,1,67,28,0,28,95
11/21/2011,FAY,NC,ASO,EN,Combined TRACON& Tower with Radar,4,32,15,15,66,0,0,13,2,15,4,32,28,17,81,44,66,110,191
11/22/2011,FAY,NC,ASO,EN,Combined TRACON& Tower with Radar,4,33,25,14,76,0,0,17,2,19,4,33,42,16,95,24,12,36,131
11/23/2011,FAY,NC,ASO,EN,Combined TRACON& Tower with Radar,4,34,20,15,73,0,0,9,0,9,4,34,29,15,82,2,12,14,96
11/24/2011,FAY,NC,ASO,EN,Combined TRACON& Tower with Radar,3,21,4,0,28,0,1,14,0,15,3,22,18,0,43,0,0,0,43
11/25/2011,FAY,NC,ASO,EN,Combined TRACON& Tower with Radar,3,28,13,0,44,0,1,33,0,34,3,29,46,0,78,0,0,0,78
11/26/2011,FAY,NC,ASO,EN,Combined TRACON& Tower with Radar,4,31,5,2,42,4,3,25,0,32,8,34,30,2,74,0,0,0,74
11/27/2011,FAY,NC,ASO,EN,Combined TRACON& Tower with Radar,4,36,5,0,45,0,0,9,0,9,4,36,14,0,54,6,0,6,60
11/28/2011,FAY,NC,ASO,EN,Combined TRACON& Tower with Radar,4,36,10,4,54,0,0,4,0,4,4,36,14,4,58,0,0,0,58
11/29/2011,FAY,NC,ASO,EN,Combined TRACON& Tower with Radar,3,29,23,14,69,0,0,3,2,5,3,29,26,16,74,2,20,22,96
11/30/2011,FAY,NC,ASO,EN,Combined TRACON& Tower with Radar,1,36,21,12,70,0,2,32,7,41,1,38,53,19,111,12,8,20,131
12/01/2011,FAY,NC,ASO,EN,Combined TRACON& Tower with Radar,1,36,32,6,75,0,0,31,6,37,1,36,63,12,112,21,10,31,143
12/02/2011,FAY,NC,ASO,EN,Combined TRACON& Tower with Radar,2,35,24,13,74,0,0,32,4,36,2,35,56,17,110,16,48,64,174
12/03/2011,FAY,NC,ASO,EN,Combined TRACON& Tower with Radar,1,26,12,0,39,0,0,58,0,58,1,26,70,0,97,16,0,16,113
12/04/2011,FAY,NC,ASO,EN,Combined TRACON& Tower with Radar,1,35,9,1,46,0,1,19,0,20,1,36,28,1,66,12,0,12,78
12/05/2011,FAY,NC,ASO,EN,Combined TRACON& Tower with Radar,2,34,17,3,56,0,4,7,3,14,2,38,24,6,70,0,0,0,70
12/06/2011,FAY,NC,ASO,EN,Combined TRACON& Tower with Radar,2,33,29,15,79,0,0,1,1,2,2,33,30,16,81,0,0,0,81
12/07/2011,FAY,NC,ASO,EN,Combined TRACON& Tower with Radar,2,27,7,6,42,0,0,2,0,2,2,27,9,6,44,0,0,0,44
12/08/2011,FAY,NC,ASO,EN,Combined TRACON& Tower with Radar,2,36,17,4,59,0,0,27,3,30,2,36,44,7,89,26,0,26,115
12/09/2011,FAY,NC,ASO,EN,Combined TRACON& Tower with Radar,2,42,15,4,63,0,0,22,0,22,2,42,37,4,85,42,0,42,127
12/10/2011,FAY,NC,ASO,EN,Combined TRACON& Tower with Radar,2,29,12,0,43,0,1,32,0,33,2,30,44,0,76,4,0,4,80
12/11/2011,FAY,NC,ASO,EN,Combined TRACON& Tower with Radar,2,41,14,0,57,0,0,31,0,31,2,41,45,0,88,14,0,14,102
12/12/2011,FAY,NC,ASO,EN,Combined TRACON& Tower with Radar,2,36,11,0,49,0,0,9,0,9,2,36,20,0,58,72,0,72,130
12/13/2011,FAY,NC,ASO,EN,Combined TRACON& Tower with Radar,3,37,22,8,70,0,0,27,1,28,3,37,49,9,98,15,2,17,115
12/14/2011,FAY,NC,ASO,EN,Combined TRACON& Tower with Radar,2,31,17,3,53,0,2,21,0,23,2,33,38,3,76,28,16,44,120
12/15/2011,FAY,NC,ASO,EN,Combined TRACON& Tower with Radar,4,35,15,15,69,0,2,37,4,43,4,37,52,19,112,46,36,82,194
12/16/2011,FAY,NC,ASO,EN,Combined TRACON& Tower with Radar,2,43,18,5,68,0,0,20,1,21,2,43,38,6,89,34,22,56,145
12/17/2011,FAY,NC,ASO,EN,Combined TRACON& Tower with Radar,2,30,29,0,61,0,4,9,0,13,2,34,38,0,74,38,0,38,112
12/18/2011,FAY,NC,ASO,EN,Combined TRACON& Tower with Radar,2,35,7,0,44,0,0,30,2,32,2,35,37,2,76,0,0,0,76
12/19/2011,FAY,NC,ASO,EN,Combined TRACON& Tower with Radar,2,37,17,8,64,0,0,16,1,17,2,37,33,9,81,38,38,76,157
12/20/2011,FAY,NC,ASO,EN,Combined TRACON& Tower with Radar,2,33,16,30,81,0,0,12,6,18,2,33,28,36,99,18,54,72,171
12/21/2011,FAY,NC,ASO,EN,Combined TRACON& Tower with Radar,2,34,23,4,63,0,0,2,0,2,2,34,25,4,65,22,5,27,92
12/22/2011,FAY,NC,ASO,EN,Combined TRACON& Tower with Radar,2,33,25,14,74,0,0,11,0,11,2,33,36,14,85,0,64,64,149
12/23/2011,FAY,NC,ASO,EN,Combined TRACON& Tower with Radar,2,35,14,0,51,0,0,17,0,17,2,35,31,0,68,0,0,0,68
12/24/2011,FAY,NC,ASO,EN,Combined TRACON& Tower with Radar,2,30,2,0,34,0,1,9,0,10,2,31,11,0,44,0,0,0,44
12/25/2011,FAY,NC,ASO,EN,Combined TRACON& Tower with Radar,4,22,1,0,27,0,0,5,0,5,4,22,6,0,32,0,0,0,32
12/26/2011,FAY,NC,ASO,EN,Combined TRACON& Tower with Radar,2,41,11,0,54,0,1,19,0,20,2,42,30,0,74,6,0,6,80
12/27/2011,FAY,NC,ASO,EN,Combined TRACON& Tower with Radar,2,36,4,4,46,0,0,0,0,0,2,36,4,4,46,0,0,0,46
12/28/2011,FAY,NC,ASO,EN,Combined TRACON& Tower with Radar,2,34,7,2,45,0,0,24,0,24,2,34,31,2,69,16,0,16,85
12/29/2011,FAY,NC,ASO,EN,Combined TRACON& Tower with Radar,4,38,25,9,76,0,4,41,0,45,4,42,66,9,121,10,0,10,131
12/30/2011,FAY,NC,ASO,EN,Combined TRACON& Tower with Radar,2,33,14,0,49,0,2,25,0,27,2,35,39,0,76,0,0,0,76
12/31/2011,FAY,NC,ASO,EN,Combined TRACON& Tower with Radar,2,27,4,2,35,0,2,25,0,27,2,29,29,2,62,32,0,32,94
01/01/2012,FAY,NC,ASO,EN,Combined TRACON& Tower with Radar,3,25,9,0,37,0,0,13,0,13,3,25,22,0,50,12,0,12,62
01/02/2012,FAY,NC,ASO,EN,Combined TRACON& Tower with Radar,2,35,5,0,42,0,0,22,0,22,2,35,27,0,64,14,0,14,78
01/03/2012,FAY,NC,ASO,EN,Combined TRACON& Tower with Radar,2,36,9,0,47,0,0,8,4,12,2,36,17,4,59,2,0,2,61
01/04/2012,FAY,NC,ASO,EN,Combined TRACON& Tower with Radar,4,33,27,24,88,0,1,20,0,21,4,34,47,24,109,29,56,85,194
01/05/2012,FAY,NC,ASO,EN,Combined TRACON& Tower with Radar,4,37,23,6,70,0,0,31,0,31,4,37,54,6,101,4,4,8,109
01/06/2012,FAY,NC,ASO,EN,Combined TRACON& Tower with Radar,4,34,22,13,73,0,0,47,3,50,4,34,69,16,123,12,28,40,163
01/07/2012,FAY,NC,ASO,EN,Combined TRACON& Tower with Radar,4,26,9,0,39,0,2,26,0,28,4,28,35,0,67,30,0,30,97
01/08/2012,FAY,NC,ASO,EN,Combined TRACON& Tower with Radar,4,34,14,0,52,0,0,20,0,20,4,34,34,0,72,18,0,18,90
01/09/2012,FAY,NC,ASO,EN,Combined TRACON& Tower with Radar,4,30,12,8,54,0,0,1,0,1,4,30,13,8,55,2,2,4,59
01/10/2012,FAY,NC,ASO,EN,Combined TRACON& Tower with Radar,4,29,22,22,77,0,1,14,6,21,4,30,36,28,98,12,52,64,162
01/11/2012,FAY,NC,ASO,EN,Combined TRACON& Tower with Radar,4,30,21,1,56,0,0,0,0,0,4,30,21,1,56,0,0,0,56
01/12/2012,FAY,NC,ASO,EN,Combined TRACON& Tower with Radar,3,33,20,7,63,0,0,18,1,19,3,33,38,8,82,2,4,6,88
01/13/2012,FAY,NC,ASO,EN,Combined TRACON& Tower with Radar,4,32,11,3,50,0,4,36,0,40,4,36,47,3,90,12,0,12,102
01/14/2012,FAY,NC,ASO,EN,Combined TRACON& Tower with Radar,5,28,15,1,49,0,2,43,0,45,5,30,58,1,94,50,0,50,144
01/15/2012,FAY,NC,ASO,EN,Combined TRACON& Tower with Radar,4,32,13,1,50,0,3,41,1,45,4,35,54,2,95,20,0,20,115
01/16/2012,FAY,NC,ASO,EN,Combined TRACON& Tower with Radar,4,31,7,0,42,0,0,26,0,26,4,31,33,0,68,30,0,30,98
01/17/2012,FAY,NC,ASO,EN,Combined TRACON& Tower with Radar,4,29,19,8,60,0,0,3,0,3,4,29,22,8,63,2,0,2,65
01/18/2012,FAY,NC,ASO,EN,Combined TRACON& Tower with Radar,4,30,24,12,70,0,0,7,0,7,4,30,31,12,77,2,12,14,91
01/19/2012,FAY,NC,ASO,EN,Combined TRACON& Tower with Radar,4,37,17,10,68,0,0,50,2,52,4,37,67,12,120,38,0,38,158
01/20/2012,FAY,NC,ASO,EN,Combined TRACON& Tower with Radar,6,35,18,6,65,1,2,23,1,27,7,37,41,7,92,8,10,18,110
01/21/2012,FAY,NC,ASO,EN,Combined TRACON& Tower with Radar,4,26,8,7,45,0,0,2,0,2,4,26,10,7,47,0,0,0,47
01/22/2012,FAY,NC,ASO,EN,Combined TRACON& Tower with Radar,6,35,24,9,74,0,0,0,0,0,6,35,24,9,74,0,0,0,74
01/23/2012,FAY,NC,ASO,EN,Combined TRACON& Tower with Radar,3,37,14,1,55,0,0,0,0,0,3,37,14,1,55,0,0,0,55
01/24/2012,FAY,NC,ASO,EN,Combined TRACON& Tower with Radar,3,27,31,10,71,0,5,27,1,33,3,32,58,11,104,21,4,25,129
01/25/2012,FAY,NC,ASO,EN,Combined TRACON& Tower with Radar,4,32,13,4,53,0,0,37,6,43,4,32,50,10,96,100,14,114,210
01/26/2012,FAY,NC,ASO,EN,Combined TRACON& Tower with Radar,2,34,17,16,69,0,0,9,0,9,2,34,26,16,78,34,12,46,124
01/27/2012,FAY,NC,ASO,EN,Combined TRACON& Tower with Radar,4,33,20,5,62,0,0,12,0,12,4,33,32,5,74,20,0,20,94
01/28/2012,FAY,NC,ASO,EN,Combined TRACON& Tower with Radar,4,28,7,1,40,0,2,52,1,55,4,30,59,2,95,26,0,26,121
01/29/2012,FAY,NC,ASO,EN,Combined TRACON& Tower with Radar,4,35,20,1,60,0,0,35,0,35,4,35,55,1,95,92,0,92,187
01/30/2012,FAY,NC,ASO,EN,Combined TRACON& Tower with Radar,4,32,17,2,55,0,1,20,0,21,4,33,37,2,76,22,2,24,100
01/31/2012,FAY,NC,ASO,EN,Combined TRACON& Tower with Radar,4,26,20,4,54,0,0,16,0,16,4,26,36,4,70,6,2,8,78
02/01/2012,FAY,NC,ASO,EN,Combined TRACON& Tower with Radar,4,31,14,8,57,0,0,25,2,27,4,31,39,10,84,14,6,20,104
02/02/2012,FAY,NC,ASO,EN,Combined TRACON& Tower with Radar,4,30,18,4,56,0,0,16,2,18,4,30,34,6,74,20,0,20,94
02/03/2012,FAY,NC,ASO,EN,Combined TRACON& Tower with Radar,4,30,14,1,49,0,0,22,3,25,4,30,36,4,74,50,0,50,124
02/04/2012,FAY,NC,ASO,EN,Combined TRACON& Tower with Radar,4,23,10,3,40,0,0,12,0,12,4,23,22,3,52,4,4,8,60
02/05/2012,FAY,NC,ASO,EN,Combined TRACON& Tower with Radar,4,30,6,0,40,0,0,0,0,0,4,30,6,0,40,0,0,0,40
02/06/2012,FAY,NC,ASO,EN,Combined TRACON& Tower with Radar,4,28,14,2,48,0,0,14,2,16,4,28,28,4,64,6,1,7,71
02/07/2012,FAY,NC,ASO,EN,Combined TRACON& Tower with Radar,6,27,20,3,56,0,2,32,1,35,6,29,52,4,91,32,4,36,127
02/08/2012,FAY,NC,ASO,EN,Combined TRACON& Tower with Radar,4,28,19,24,75,0,1,23,6,30,4,29,42,30,105,16,80,96,201
02/09/2012,FAY,NC,ASO,EN,Combined TRACON& Tower with Radar,4,33,18,0,55,0,3,24,2,29,4,36,42,2,84,20,0,20,104
02/10/2012,FAY,NC,ASO,EN,Combined TRACON& Tower with Radar,6,32,22,10,70,0,0,20,0,20,6,32,42,10,90,20,0,20,110
02/11/2012,FAY,NC,ASO,EN,Combined TRACON& Tower with Radar,2,26,3,0,31,0,0,14,0,14,2,26,17,0,45,46,0,46,91
02/12/2012,FAY,NC,ASO,EN,Combined TRACON& Tower with Radar,2,29,10,0,41,0,2,19,0,21,2,31,29,0,62,0,0,0,62
02/13/2012,FAY,NC,ASO,EN,Combined TRACON& Tower with Radar,4,29,12,15,60,0,2,24,3,29,4,31,36,18,89,26,30,56,145
02/14/2012,FAY,NC,ASO,EN,Combined TRACON& Tower with Radar,3,33,16,6,58,0,1,14,0,15,3,34,30,6,73,14,14,28,101
02/15/2012,FAY,NC,ASO,EN,Combined TRACON& Tower with Radar,3,26,12,2,43,0,0,29,0,29,3,26,41,2,72,78,2,80,152
02/16/2012,FAY,NC,ASO,EN,Combined TRACON& Tower with Radar,4,34,15,6,59,0,0,4,0,4,4,34,19,6,63,0,0,0,63
02/17/2012,FAY,NC,ASO,EN,Combined TRACON& Tower with Radar,6,34,35,6,81,0,0,38,3,41,6,34,73,9,122,34,6,40,162
02/18/2012,FAY,NC,ASO,EN,Combined TRACON& Tower with Radar,1,28,9,0,38,0,3,44,4,51,1,31,53,4,89,46,0,46,135
02/19/2012,FAY,NC,ASO,EN,Combined TRACON& Tower with Radar,5,29,12,0,46,0,0,0,0,0,5,29,12,0,46,0,0,0,46
02/20/2012,FAY,NC,ASO,EN,Combined TRACON& Tower with Radar,4,31,30,0,65,0,0,31,0,31,4,31,61,0,96,14,0,14,110
02/21/2012,FAY,NC,ASO,EN,Combined TRACON& Tower with Radar,2,32,19,8,61,0,0,32,4,36,2,32,51,12,97,38,14,52,149
02/22/2012,FAY,NC,ASO,EN,Combined TRACON& Tower with Radar,4,27,19,0,50,0,3,33,2,38,4,30,52,2,88,2,2,4,92
02/23/2012,FAY,NC,ASO,EN,Combined TRACON& Tower with Radar,4,37,15,16,72,0,0,17,4,21,4,37,32,20,93,16,12,28,121
02/24/2012,FAY,NC,ASO,EN,Combined TRACON& Tower with Radar,3,32,3,17,55,0,0,5,3,8,3,32,8,20,63,0,14,14,77
02/25/2012,FAY,NC,ASO,EN,Combined TRACON& Tower with Radar,0,29,2,1,32,0,0,25,1,26,0,29,27,2,58,0,0,0,58
02/26/2012,FAY,NC,ASO,EN,Combined TRACON& Tower with Radar,3,35,15,0,53,0,3,32,0,35,3,38,47,0,88,30,0,30,118
02/27/2012,FAY,NC,ASO,EN,Combined TRACON& Tower with Radar,4,29,24,8,65,0,0,2,0,2,4,29,26,8,67,10,42,52,119
02/28/2012,FAY,NC,ASO,EN,Combined TRACON& Tower with Radar,4,27,36,16,83,0,0,34,7,41,4,27,70,23,124,6,40,46,170
02/29/2012,FAY,NC,ASO,EN,Combined TRACON& Tower with Radar,4,28,25,17,74,0,0,21,13,34,4,28,46,30,108,0,20,20,128
03/01/2012,FAY,NC,ASO,EN,Combined TRACON& Tower with Radar,4,30,17,10,61,0,0,21,4,25,4,30,38,14,86,32,26,58,144
03/02/2012,FAY,NC,ASO,EN,Combined TRACON& Tower with Radar,3,25,9,6,43,0,0,3,0,3,3,25,12,6,46,0,2,2,48
03/03/2012,FAY,NC,ASO,EN,Combined TRACON& Tower with Radar,3,25,3,0,31,0,0,1,0,1,3,25,4,0,32,8,0,8,40
03/04/2012,FAY,NC,ASO,EN,Combined TRACON& Tower with Radar,5,28,33,2,68,0,0,12,0,12,5,28,45,2,80,38,0,38,118
03/05/2012,FAY,NC,ASO,EN,Combined TRACON& Tower with Radar,6,29,13,10,58,0,0,8,1,9,6,29,21,11,67,0,8,8,75
03/06/2012,FAY,NC,ASO,EN,Combined TRACON& Tower with Radar,6,27,22,14,69,0,6,36,8,50,6,33,58,22,119,58,28,86,205
03/07/2012,FAY,NC,ASO,EN,Combined TRACON& Tower with Radar,5,25,17,18,65,0,0,38,10,48,5,25,55,28,113,12,47,59,172
03/08/2012,FAY,NC,ASO,EN,Combined TRACON& Tower with Radar,5,26,14,11,56,0,1,25,3,29,5,27,39,14,85,16,36,52,137
03/09/2012,FAY,NC,ASO,EN,Combined TRACON& Tower with Radar,6,29,28,0,63,0,0,18,2,20,6,29,46,2,83,8,0,8,91
03/10/2012,FAY,NC,ASO,EN,Combined TRACON& Tower with Radar,4,25,8,0,37,0,1,59,1,61,4,26,67,1,98,2,0,2,100
03/11/2012,FAY,NC,ASO,EN,Combined TRACON& Tower with Radar,6,27,14,0,47,0,0,39,0,39,6,27,53,0,86,14,0,14,100
03/12/2012,FAY,NC,ASO,EN,Combined TRACON& Tower with Radar,8,28,15,28,79,0,0,36,6,42,8,28,51,34,121,44,48,92,213
03/13/2012,FAY,NC,ASO,EN,Combined TRACON& Tower with Radar,6,25,22,17,70,0,1,21,6,28,6,26,43,23,98,16,30,46,144
03/14/2012,FAY,NC,ASO,EN,Combined TRACON& Tower with Radar,6,23,31,11,71,0,0,48,3,51,6,23,79,14,122,44,18,62,184
03/15/2012,FAY,NC,ASO,EN,Combined TRACON& Tower with Radar,3,32,30,18,83,0,2,52,9,63,3,34,82,27,146,12,6,18,164
03/16/2012,FAY,NC,ASO,EN,Combined TRACON& Tower with Radar,8,28,20,1,57,0,1,29,0,30,8,29,49,1,87,50,0,50,137
03/17/2012,FAY,NC,ASO,EN,Combined TRACON& Tower with Radar,3,26,7,0,36,0,0,41,0,41,3,26,48,0,77,14,0,14,91
03/18/2012,FAY,NC,ASO,EN,Combined TRACON& Tower with Radar,11,30,11,2,54,0,0,10,0,10,11,30,21,2,64,32,0,32,96
03/19/2012,FAY,NC,ASO,EN,Combined TRACON& Tower with Radar,6,27,15,0,48,0,0,23,0,23,6,27,38,0,71,4,0,4,75
03/20/2012,FAY,NC,ASO,EN,Combined TRACON& Tower with Radar,4,31,15,14,64,0,0,25,7,32,4,31,40,21,96,10,20,30,126
03/21/2012,FAY,NC,ASO,EN,Combined TRACON& Tower with Radar,5,29,23,0,57,0,0,16,0,16,5,29,39,0,73,51,1,52,125
03/22/2012,FAY,NC,ASO,EN,Combined TRACON& Tower with Radar,5,32,24,2,63,0,0,15,1,16,5,32,39,3,79,0,0,0,79
03/23/2012,FAY,NC,ASO,EN,Combined TRACON& Tower with Radar,7,31,24,10,72,0,0,27,0,27,7,31,51,10,99,20,0,20,119
03/24/2012,FAY,NC,ASO,EN,Combined TRACON& Tower with Radar,2,27,4,0,33,0,0,2,0,2,2,27,6,0,35,0,0,0,35
03/25/2012,FAY,NC,ASO,EN,Combined TRACON& Tower with Radar,3,38,23,0,64,0,0,5,0,5,3,38,28,0,69,38,0,38,107
03/26/2012,FAY,NC,ASO,EN,Combined TRACON& Tower with Radar,6,33,17,2,58,0,0,31,1,32,6,33,48,3,90,14,2,16,106
03/27/2012,FAY,NC,ASO,EN,Combined TRACON& Tower with Radar,4,31,22,0,57,0,2,58,0,60,4,33,80,0,117,64,0,64,181
03/28/2012,FAY,NC,ASO,EN,Combined TRACON& Tower with Radar,4,32,21,4,61,0,0,23,0,23,4,32,44,4,84,0,0,0,84
03/29/2012,FAY,NC,ASO,EN,Combined TRACON& Tower with Radar,4,30,14,11,59,0,0,42,4,46,4,30,56,15,105,12,8,20,125
03/30/2012,FAY,NC,ASO,EN,Combined TRACON& Tower with Radar,3,32,13,1,49,0,0,39,1,40,3,32,52,2,89,78,2,80,169
03/31/2012,FAY,NC,ASO,EN,Combined TRACON& Tower with Radar,2,27,17,0,46,0,0,14,0,14,2,27,31,0,60,0,0,0,60
04/01/2012,FAY,NC,ASO,EN,Combined TRACON& Tower with Radar,3,31,28,0,62,0,0,39,2,41,3,31,67,2,103,90,0,90,193
04/02/2012,FAY,NC,ASO,EN,Combined TRACON& Tower with Radar,3,31,17,13,64,0,0,25,2,27,3,31,42,15,91,42,16,58,149
04/03/2012,FAY,NC,ASO,EN,Combined TRACON& Tower with Radar,2,33,17,7,59,0,0,21,5,26,2,33,38,12,85,6,2,8,93
04/04/2012,FAY,NC,ASO,EN,Combined TRACON& Tower with Radar,2,35,18,10,65,0,0,22,1,23,2,35,40,11,88,14,10,24,112
04/05/2012,FAY,NC,ASO,EN,Combined TRACON& Tower with Radar,1,33,19,10,63,0,0,8,3,11,1,33,27,13,74,10,8,18,92
04/06/2012,FAY,NC,ASO,EN,Combined TRACON& Tower with Radar,2,33,10,0,45,0,0,17,0,17,2,33,27,0,62,8,0,8,70
04/07/2012,FAY,NC,ASO,EN,Combined TRACON& Tower with Radar,2,29,11,0,42,0,2,43,0,45,2,31,54,0,87,56,0,56,143
04/08/2012,FAY,NC,ASO,EN,Combined TRACON& Tower with Radar,3,31,9,0,43,0,1,26,0,27,3,32,35,0,70,28,0,28,98
04/09/2012,FAY,NC,ASO,EN,Combined TRACON& Tower with Radar,3,34,14,0,51,0,3,41,0,44,3,37,55,0,95,38,0,38,133
04/10/2012,FAY,NC,ASO,EN,Combined TRACON& Tower with Radar,3,36,18,20,77,0,3,11,3,17,3,39,29,23,94,26,24,50,144
04/11/2012,FAY,NC,ASO,EN,Combined TRACON& Tower with Radar,4,35,13,1,53,0,0,22,0,22,4,35,35,1,75,16,2,18,93
04/12/2012,FAY,NC,ASO,EN,Combined TRACON& Tower with Radar,4,33,18,12,67,0,1,37,8,46,4,34,55,20,113,32,20,52,165
04/13/2012,FAY,NC,ASO,EN,Combined TRACON& Tower with Radar,4,35,8,2,49,0,4,41,0,45,4,39,49,2,94,42,0,42,136
04/14/2012,FAY,NC,ASO,EN,Combined TRACON& Tower with Radar,3,31,11,0,45,0,5,39,2,46,3,36,50,2,91,30,0,30,121
04/15/2012,FAY,NC,ASO,EN,Combined TRACON& Tower with Radar,3,35,8,2,48,0,2,31,0,33,3,37,39,2,81,22,0,22,103
04/16/2012,FAY,NC,ASO,EN,Combined TRACON& Tower with Radar,4,34,23,7,68,0,1,38,0,39,4,35,61,7,107,68,22,90,197
04/17/2012,FAY,NC,ASO,EN,Combined TRACON& Tower with Radar,3,32,39,7,81,0,1,23,3,27,3,33,62,10,108,8,52,60,168
04/18/2012,FAY,NC,ASO,EN,Combined TRACON& Tower with Radar,3,31,15,16,65,0,2,21,1,24,3,33,36,17,89,0,20,20,109
04/19/2012,FAY,NC,ASO,EN,Combined TRACON& Tower with Radar,4,30,36,26,96,0,0,5,0,5,4,30,41,26,101,0,18,18,119
04/20/2012,FAY,NC,ASO,EN,Combined TRACON& Tower with Radar,6,33,25,0,64,0,1,14,3,18,6,34,39,3,82,32,6,38,120
04/21/2012,FAY,NC,ASO,EN,Combined TRACON& Tower with Radar,3,29,8,4,44,0,0,33,0,33,3,29,41,4,77,52,0,52,129
04/22/2012,FAY,NC,ASO,EN,Combined TRACON& Tower with Radar,5,38,24,0,67,0,0,1,0,1,5,38,25,0,68,10,0,10,78
04/23/2012,FAY,NC,ASO,EN,Combined TRACON& Tower with Radar,4,33,21,1,59,0,0,19,0,19,4,33,40,1,78,0,0,0,78
04/24/2012,FAY,NC,ASO,EN,Combined TRACON& Tower with Radar,4,37,34,6,81,0,0,40,5,45,4,37,74,11,126,76,0,76,202
04/25/2012,FAY,NC,ASO,EN,Combined TRACON& Tower with Radar,4,36,34,23,97,0,0,29,6,35,4,36,63,29,132,32,32,64,196
04/26/2012,FAY,NC,ASO,EN,Combined TRACON& Tower with Radar,4,32,19,16,71,0,0,21,4,25,4,32,40,20,96,66,88,154,250
04/27/2012,FAY,NC,ASO,EN,Combined TRACON& Tower with Radar,4,35,28,6,73,0,0,53,6,59,4,35,81,12,132,58,4,62,194
04/28/2012,FAY,NC,ASO,EN,Combined TRACON& Tower with Radar,3,31,23,2,59,0,0,9,0,9,3,31,32,2,68,16,0,16,84
04/29/2012,FAY,NC,ASO,EN,Combined TRACON& Tower with Radar,3,39,23,0,65,0,0,35,0,35,3,39,58,0,100,66,0,66,166
04/30/2012,FAY,NC,ASO,EN,Combined TRACON& Tower with Radar,4,31,24,6,65,0,1,11,0,12,4,32,35,6,77,16,8,24,101
05/01/2012,FAY,NC,ASO,EN,Combined TRACON& Tower with Radar,4,37,23,23,87,0,1,18,4,23,4,38,41,27,110,58,62,120,230
05/02/2012,FAY,NC,ASO,EN,Combined TRACON& Tower with Radar,4,37,20,6,67,0,0,64,0,64,4,37,84,6,131,114,0,114,245
05/03/2012,FAY,NC,ASO,EN,Combined TRACON& Tower with Radar,4,33,26,14,77,0,0,29,1,30,4,33,55,15,107,80,18,98,205
05/04/2012,FAY,NC,ASO,EN,Combined TRACON& Tower with Radar,4,33,37,9,83,0,4,17,1,22,4,37,54,10,105,98,14,112,217
05/05/2012,FAY,NC,ASO,EN,Combined TRACON& Tower with Radar,3,29,9,0,41,0,0,20,0,20,3,29,29,0,61,28,0,28,89
05/06/2012,FAY,NC,ASO,EN,Combined TRACON& Tower with Radar,5,29,18,1,53,0,0,11,1,12,5,29,29,2,65,30,0,30,95
05/07/2012,FAY,NC,ASO,EN,Combined TRACON& Tower with Radar,4,34,21,11,70,0,0,5,0,5,4,34,26,11,75,0,36,36,111
05/08/2012,FAY,NC,ASO,EN,Combined TRACON& Tower with Radar,4,30,35,14,83,0,2,18,2,22,4,32,53,16,105,10,14,24,129
05/09/2012,FAY,NC,ASO,EN,Combined TRACON& Tower with Radar,3,33,31,27,94,0,0,9,1,10,3,33,40,28,104,24,20,44,148
05/10/2012,FAY,NC,ASO,EN,Combined TRACON& Tower with Radar,4,34,18,0,56,0,1,34,1,36,4,35,52,1,92,6,0,6,98
05/11/2012,FAY,NC,ASO,EN,Combined TRACON& Tower with Radar,4,36,25,2,67,0,2,49,2,53,4,38,74,4,120,48,26,74,194
05/12/2012,FAY,NC,ASO,EN,Combined TRACON& Tower with Radar,3,29,5,0,37,0,1,39,0,40,3,30,44,0,77,68,0,68,145
05/13/2012,FAY,NC,ASO,EN,Combined TRACON& Tower with Radar,3,30,13,0,46,0,3,13,1,17,3,33,26,1,63,20,0,20,83
05/14/2012,FAY,NC,ASO,EN,Combined TRACON& Tower with Radar,4,28,12,4,48,0,0,4,0,4,4,28,16,4,52,12,2,14,66
05/15/2012,FAY,NC,ASO,EN,Combined TRACON& Tower with Radar,4,28,18,15,65,0,0,12,5,17,4,28,30,20,82,38,48,86,168
05/16/2012,FAY,NC,ASO,EN,Combined TRACON& Tower with Radar,4,32,19,9,64,0,0,3,1,4,4,32,22,10,68,14,28,42,110
05/17/2012,FAY,NC,ASO,EN,Combined TRACON& Tower with Radar,5,33,20,6,64,0,0,17,18,35,5,33,37,24,99,50,4,54,153
05/18/2012,FAY,NC,ASO,EN,Combined TRACON& Tower with Radar,7,36,14,4,61,0,2,21,2,25,7,38,35,6,86,72,0,72,158
05/19/2012,FAY,NC,ASO,EN,Combined TRACON& Tower with Radar,3,29,4,0,36,0,4,40,0,44,3,33,44,0,80,36,0,36,116
05/20/2012,FAY,NC,ASO,EN,Combined TRACON& Tower with Radar,5,33,17,0,55,0,0,32,0,32,5,33,49,0,87,128,0,128,215
05/21/2012,FAY,NC,ASO,EN,Combined TRACON& Tower with Radar,6,31,28,12,77,0,0,15,2,17,6,31,43,14,94,127,26,153,247
05/22/2012,FAY,NC,ASO,EN,Combined TRACON& Tower with Radar,5,32,30,4,71,0,0,27,0,27,5,32,57,4,98,108,22,130,228
05/23/2012,FAY,NC,ASO,EN,Combined TRACON& Tower with Radar,4,31,27,0,62,0,0,23,1,24,4,31,50,1,86,44,0,44,130
05/24/2012,FAY,NC,ASO,EN,Combined TRACON& Tower with Radar,4,34,31,8,77,0,0,24,3,27,4,34,55,11,104,71,20,91,195
05/25/2012,FAY,NC,ASO,EN,Combined TRACON& Tower with Radar,4,35,16,2,57,0,0,24,0,24,4,35,40,2,81,86,0,86,167
05/26/2012,FAY,NC,ASO,EN,Combined TRACON& Tower with Radar,3,26,13,0,42,0,0,26,0,26,3,26,39,0,68,34,0,34,102
05/27/2012,FAY,NC,ASO,EN,Combined TRACON& Tower with Radar,3,28,32,0,63,0,0,9,0,9,3,28,41,0,72,0,0,0,72
05/28/2012,FAY,NC,ASO,EN,Combined TRACON& Tower with Radar,4,36,7,0,47,0,0,7,0,7,4,36,14,0,54,0,0,0,54
05/29/2012,FAY,NC,ASO,EN,Combined TRACON& Tower with Radar,4,30,29,4,67,0,0,1,0,1,4,30,30,4,68,0,18,18,86
05/30/2012,FAY,NC,ASO,EN,Combined TRACON& Tower with Radar,4,36,17,2,59,0,0,7,0,7,4,36,24,2,66,0,0,0,66
05/31/2012,FAY,NC,ASO,EN,Combined TRACON& Tower with Radar,4,32,19,18,73,0,1,46,4,51,4,33,65,22,124,16,8,24,148
06/01/2012,FAY,NC,ASO,EN,Combined TRACON& Tower with Radar,4,32,12,2,50,0,0,10,0,10,4,32,22,2,60,20,0,20,80
06/02/2012,FAY,NC,ASO,EN,Combined TRACON& Tower with Radar,3,33,8,5,49,0,0,33,1,34,3,33,41,6,83,180,6,186,269
06/03/2012,FAY,NC,ASO,EN,Combined TRACON& Tower with Radar,3,33,6,2,44,0,0,20,0,20,3,33,26,2,64,106,0,106,170
06/04/2012,FAY,NC,ASO,EN,Combined TRACON& Tower with Radar,4,32,18,4,58,0,0,23,2,25,4,32,41,6,83,126,4,130,213
06/05/2012,FAY,NC,ASO,EN,Combined TRACON& Tower with Radar,4,38,35,9,86,0,1,33,1,35,4,39,68,10,121,71,12,83,204
06/06/2012,FAY,NC,ASO,EN,Combined TRACON& Tower with Radar,2,20,12,0,34,0,0,17,1,18,2,20,29,1,52,95,2,97,149
06/07/2012,FAY,NC,ASO,EN,Combined TRACON& Tower with Radar,4,28,23,6,61,0,0,30,4,34,4,28,53,10,95,59,18,77,172
06/08/2012,FAY,NC,ASO,EN,Combined TRACON& Tower with Radar,3,33,28,4,68,0,2,26,0,28,3,35,54,4,96,12,6,18,114
06/09/2012,FAY,NC,ASO,EN,Combined TRACON& Tower with Radar,3,32,14,0,49,0,2,37,0,39,3,34,51,0,88,28,0,28,116
06/10/2012,FAY,NC,ASO,EN,Combined TRACON& Tower with Radar,3,30,17,0,50,0,4,37,3,44,3,34,54,3,94,79,0,79,173
06/11/2012,FAY,NC,ASO,EN,Combined TRACON& Tower with Radar,4,31,14,1,50,0,0,0,2,2,4,31,14,3,52,0,0,0,52
06/12/2012,FAY,NC,ASO,EN,Combined TRACON& Tower with Radar,4,32,24,12,72,0,0,0,1,1,4,32,24,13,73,4,14,18,91
06/13/2012,FAY,NC,ASO,EN,Combined TRACON& Tower with Radar,4,28,27,9,68,0,0,19,2,21,4,28,46,11,89,10,8,18,107
06/14/2012,FAY,NC,ASO,EN,Combined TRACON& Tower with Radar,4,31,32,12,79,0,0,28,0,28,4,31,60,12,107,21,20,41,148
06/15/2012,FAY,NC,ASO,EN,Combined TRACON& Tower with Radar,6,31,21,0,58,0,1,31,0,32,6,32,52,0,90,26,0,26,116
06/16/2012,FAY,NC,ASO,EN,Combined TRACON& Tower with Radar,5,31,11,0,47,0,3,24,0,27,5,34,35,0,74,24,0,24,98
06/17/2012,FAY,NC,ASO,EN,Combined TRACON& Tower with Radar,7,34,15,4,60,0,2,43,0,45,7,36,58,4,105,9,0,9,114
06/18/2012,FAY,NC,ASO,EN,Combined TRACON& Tower with Radar,4,33,17,14,68,0,1,27,10,38,4,34,44,24,106,38,46,84,190
06/19/2012,FAY,NC,ASO,EN,Combined TRACON& Tower with Radar,6,33,18,5,62,0,0,26,1,27,6,33,44,6,89,52,0,52,141
06/20/2012,FAY,NC,ASO,EN,Combined TRACON& Tower with Radar,4,34,13,0,51,0,1,25,0,26,4,35,38,0,77,52,0,52,129
06/21/2012,FAY,NC,ASO,EN,Combined TRACON& Tower with Radar,4,34,18,14,70,0,0,50,0,50,4,34,68,14,120,44,18,62,182
06/22/2012,FAY,NC,ASO,EN,Combined TRACON& Tower with Radar,4,34,12,5,55,0,2,16,1,19,4,36,28,6,74,0,0,0,74
06/23/2012,FAY,NC,ASO,EN,Combined TRACON& Tower with Radar,3,30,14,0,47,0,0,27,0,27,3,30,41,0,74,8,0,8,82
06/24/2012,FAY,NC,ASO,EN,Combined TRACON& Tower with Radar,2,31,3,0,36,0,1,19,0,20,2,32,22,0,56,16,0,16,72
06/25/2012,FAY,NC,ASO,EN,Combined TRACON& Tower with Radar,4,32,27,12,75,0,0,10,0,10,4,32,37,12,85,22,36,58,143
06/26/2012,FAY,NC,ASO,EN,Combined TRACON& Tower with Radar,4,37,13,8,62,0,0,32,1,33,4,37,45,9,95,16,30,46,141
06/27/2012,FAY,NC,ASO,EN,Combined TRACON& Tower with Radar,4,30,17,17,68,0,0,23,1,24,4,30,40,18,92,16,28,44,136
06/28/2012,FAY,NC,ASO,EN,Combined TRACON& Tower with Radar,4,35,19,22,80,0,1,36,5,42,4,36,55,27,122,4,22,26,148
06/29/2012,FAY,NC,ASO,EN,Combined TRACON& Tower with Radar,4,31,11,3,49,0,2,22,1,25,4,33,33,4,74,68,4,72,146
06/30/2012,FAY,NC,ASO,EN,Combined TRACON& Tower with Radar,3,32,7,0,42,0,1,20,0,21,3,33,27,0,63,84,0,84,147
07/01/2012,FAY,NC,ASO,EN,Combined TRACON& Tower with Radar,2,24,1,0,27,0,0,13,1,14,2,24,14,1,41,14,0,14,55
07/02/2012,FAY,NC,ASO,EN,Combined TRACON& Tower with Radar,2,36,9,5,52,0,0,24,1,25,2,36,33,6,77,34,27,61,138
07/03/2012,FAY,NC,ASO,EN,Combined TRACON& Tower with Radar,2,28,18,6,54,0,0,22,1,23,2,28,40,7,77,8,12,20,97
07/04/2012,FAY,NC,ASO,EN,Combined TRACON& Tower with Radar,2,22,1,0,25,0,0,24,0,24,2,22,25,0,49,2,0,2,51
07/05/2012,FAY,NC,ASO,EN,Combined TRACON& Tower with Radar,2,33,16,0,51,0,0,11,2,13,2,33,27,2,64,10,24,34,98
07/06/2012,FAY,NC,ASO,EN,Combined TRACON& Tower with Radar,2,38,15,0,55,0,0,15,0,15,2,38,30,0,70,0,0,0,70
07/07/2012,FAY,NC,ASO,EN,Combined TRACON& Tower with Radar,2,32,6,0,40,0,0,20,0,20,2,32,26,0,60,2,0,2,62
07/08/2012,FAY,NC,ASO,EN,Combined TRACON& Tower with Radar,2,33,11,0,46,0,2,20,0,22,2,35,31,0,68,0,0,0,68
07/09/2012,FAY,NC,ASO,EN,Combined TRACON& Tower with Radar,2,33,18,9,62,0,0,17,1,18,2,33,35,10,80,6,10,16,96
07/10/2012,FAY,NC,ASO,EN,Combined TRACON& Tower with Radar,2,31,29,5,67,0,0,6,0,6,2,31,35,5,73,4,18,22,95
07/11/2012,FAY,NC,ASO,EN,Combined TRACON& Tower with Radar,2,31,38,18,89,0,0,6,0,6,2,31,44,18,95,6,14,20,115
07/12/2012,FAY,NC,ASO,EN,Combined TRACON& Tower with Radar,2,30,14,6,52,0,1,7,0,8,2,31,21,6,60,20,0,20,80
07/13/2012,FAY,NC,ASO,EN,Combined TRACON& Tower with Radar,2,29,25,2,58,0,0,0,0,0,2,29,25,2,58,1,0,1,59
07/14/2012,FAY,NC,ASO,EN,Combined TRACON& Tower with Radar,4,30,21,0,55,0,0,16,0,16,4,30,37,0,71,80,0,80,151
07/15/2012,FAY,NC,ASO,EN,Combined TRACON& Tower with Radar,6,31,4,0,41,0,0,24,0,24,6,31,28,0,65,32,0,32,97
07/16/2012,FAY,NC,ASO,EN,Combined TRACON& Tower with Radar,4,31,23,0,58,0,0,28,1,29,4,31,51,1,87,18,0,18,105
07/17/2012,FAY,NC,ASO,EN,Combined TRACON& Tower with Radar,2,39,36,2,79,0,1,15,4,20,2,40,51,6,99,38,2,40,139
07/18/2012,FAY,NC,ASO,EN,Combined TRACON& Tower with Radar,1,35,19,6,61,0,1,32,0,33,1,36,51,6,94,105,6,111,205
07/19/2012,FAY,NC,ASO,EN,Combined TRACON& Tower with Radar,1,31,21,0,53,0,1,21,1,23,1,32,42,1,76,26,0,26,102
07/20/2012,FAY,NC,ASO,EN,Combined TRACON& Tower with Radar,4,33,18,2,57,0,0,3,0,3,4,33,21,2,60,0,0,0,60
07/21/2012,FAY,NC,ASO,EN,Combined TRACON& Tower with Radar,4,28,6,0,38,0,0,4,2,6,4,28,10,2,44,4,0,4,48
07/22/2012,FAY,NC,ASO,EN,Combined TRACON& Tower with Radar,4,32,11,0,47,0,1,13,0,14,4,33,24,0,61,34,0,34,95
07/23/2012,FAY,NC,ASO,EN,Combined TRACON& Tower with Radar,2,35,10,2,49,0,0,26,0,26,2,35,36,2,75,44,0,44,119
07/24/2012,FAY,NC,ASO,EN,Combined TRACON& Tower with Radar,2,36,40,7,85,0,1,28,1,30,2,37,68,8,115,61,8,69,184
07/25/2012,FAY,NC,ASO,EN,Combined TRACON& Tower with Radar,2,34,23,6,65,0,2,31,2,35,2,36,54,8,100,178,28,206,306
07/26/2012,FAY,NC,ASO,EN,Combined TRACON& Tower with Radar,2,31,21,1,55,0,5,41,0,46,2,36,62,1,101,38,0,38,139
07/27/2012,FAY,NC,ASO,EN,Combined TRACON& Tower with Radar,2,35,9,9,55,0,0,30,0,30,2,35,39,9,85,16,2,18,103
07/28/2012,FAY,NC,ASO,EN,Combined TRACON& Tower with Radar,4,32,7,0,43,0,1,31,0,32,4,33,38,0,75,20,0,20,95
07/29/2012,FAY,NC,ASO,EN,Combined TRACON& Tower with Radar,4,34,6,0,44,0,1,20,0,21,4,35,26,0,65,2,0,2,67
07/30/2012,FAY,NC,ASO,EN,Combined TRACON& Tower with Radar,2,33,15,6,56,0,0,13,0,13,2,33,28,6,69,0,0,0,69
07/31/2012,FAY,NC,ASO,EN,Combined TRACON& Tower with Radar,2,34,21,37,94,0,0,2,0,2,2,34,23,37,96,4,26,30,126
08/01/2012,FAY,NC,ASO,EN,Combined TRACON& Tower with Radar,4,38,24,8,74,5,0,16,0,21,9,38,40,8,95,6,4,10,105
08/02/2012,FAY,NC,ASO,EN,Combined TRACON& Tower with Radar,2,33,14,6,55,0,0,4,0,4,2,33,18,6,59,0,4,4,63
08/03/2012,FAY,NC,ASO,EN,Combined TRACON& Tower with Radar,2,34,18,8,62,0,3,23,1,27,2,37,41,9,89,42,2,44,133
08/04/2012,FAY,NC,ASO,EN,Combined TRACON& Tower with Radar,4,31,12,2,49,0,0,25,0,25,4,31,37,2,74,16,0,16,90
08/05/2012,FAY,NC,ASO,EN,Combined TRACON& Tower with Radar,6,30,14,0,50,0,0,14,2,16,6,30,28,2,66,2,0,2,68
08/06/2012,FAY,NC,ASO,EN,Combined TRACON& Tower with Radar,2,31,14,27,74,0,0,27,0,27,2,31,41,27,101,22,28,50,151
08/07/2012,FAY,NC,ASO,EN,Combined TRACON& Tower with Radar,2,34,22,18,76,0,0,2,1,3,2,34,24,19,79,0,46,46,125
08/08/2012,FAY,NC,ASO,EN,Combined TRACON& Tower with Radar,4,35,44,2,85,0,0,11,0,11,4,35,55,2,96,12,0,12,108
08/09/2012,FAY,NC,ASO,EN,Combined TRACON& Tower with Radar,2,30,21,23,76,0,0,16,7,23,2,30,37,30,99,16,36,52,151
08/10/2012,FAY,NC,ASO,EN,Combined TRACON& Tower with Radar,2,32,26,20,80,0,2,6,0,8,2,34,32,20,88,1,19,20,108
08/11/2012,FAY,NC,ASO,EN,Combined TRACON& Tower with Radar,4,31,9,0,44,0,0,8,0,8,4,31,17,0,52,21,0,21,73
08/12/2012,FAY,NC,ASO,EN,Combined TRACON& Tower with Radar,2,31,6,0,39,0,0,15,0,15,2,31,21,0,54,0,0,0,54
08/13/2012,FAY,NC,ASO,EN,Combined TRACON& Tower with Radar,2,36,13,3,54,0,3,19,1,23,2,39,32,4,77,38,0,38,115
08/14/2012,FAY,NC,ASO,EN,Combined TRACON& Tower with Radar,2,32,42,10,86,0,4,23,18,45,2,36,65,28,131,28,36,64,195
08/15/2012,FAY,NC,ASO,EN,Combined TRACON& Tower with Radar,2,35,15,13,65,0,0,15,6,21,2,35,30,19,86,16,26,42,128
08/16/2012,FAY,NC,ASO,EN,Combined TRACON& Tower with Radar,2,37,17,26,82,0,2,24,6,32,2,39,41,32,114,4,98,102,216
08/17/2012,FAY,NC,ASO,EN,Combined TRACON& Tower with Radar,4,33,20,3,60,0,0,24,4,28,4,33,44,7,88,26,34,60,148
08/18/2012,FAY,NC,ASO,EN,Combined TRACON& Tower with Radar,2,33,8,0,43,0,1,14,0,15,2,34,22,0,58,62,0,62,120
08/19/2012,FAY,NC,ASO,EN,Combined TRACON& Tower with Radar,4,32,10,6,52,0,0,1,0,1,4,32,11,6,53,0,0,0,53
08/20/2012,FAY,NC,ASO,EN,Combined TRACON& Tower with Radar,2,38,13,6,59,0,0,1,0,1,2,38,14,6,60,9,60,69,129
08/21/2012,FAY,NC,ASO,EN,Combined TRACON& Tower with Radar,2,36,18,22,78,0,1,11,0,12,2,37,29,22,90,49,45,94,184
08/22/2012,FAY,NC,ASO,EN,Combined TRACON& Tower with Radar,3,43,19,19,84,0,0,10,1,11,3,43,29,20,95,22,65,87,182
08/23/2012,FAY,NC,ASO,EN,Combined TRACON& Tower with Radar,3,33,17,10,63,0,2,26,1,29,3,35,43,11,92,44,12,56,148
08/24/2012,FAY,NC,ASO,EN,Combined TRACON& Tower with Radar,2,33,23,20,78,0,0,23,2,25,2,33,46,22,103,30,6,36,139
08/25/2012,FAY,NC,ASO,EN,Combined TRACON& Tower with Radar,2,32,14,0,48,0,2,13,0,15,2,34,27,0,63,14,0,14,77
08/26/2012,FAY,NC,ASO,EN,Combined TRACON& Tower with Radar,2,32,9,0,43,0,2,21,0,23,2,34,30,0,66,0,0,0,66
08/27/2012,FAY,NC,ASO,EN,Combined TRACON& Tower with Radar,2,33,24,0,59,0,2,13,0,15,2,35,37,0,74,0,0,0,74
08/28/2012,FAY,NC,ASO,EN,Combined TRACON& Tower with Radar,2,35,25,0,62,0,0,2,0,2,2,35,27,0,64,32,20,52,116
08/29/2012,FAY,NC,ASO,EN,Combined TRACON& Tower with Radar,2,35,22,0,59,0,1,2,3,6,2,36,24,3,65,32,0,32,97
08/30/2012,FAY,NC,ASO,EN,Combined TRACON& Tower with Radar,2,34,30,10,76,0,0,8,2,10,2,34,38,12,86,6,4,10,96
08/31/2012,FAY,NC,ASO,EN,Combined TRACON& Tower with Radar,2,34,22,0,58,0,0,20,0,20,2,34,42,0,78,6,0,6,84
09/01/2012,FAY,NC,ASO,EN,Combined TRACON& Tower with Radar,4,23,6,0,33,0,0,20,0,20,4,23,26,0,53,18,0,18,71
09/02/2012,FAY,NC,ASO,EN,Combined TRACON& Tower with Radar,4,18,5,1,28,0,0,7,0,7,4,18,12,1,35,34,0,34,69
09/03/2012,FAY,NC,ASO,EN,Combined TRACON& Tower with Radar,2,27,8,0,37,0,0,12,1,13,2,27,20,1,50,22,0,22,72
09/04/2012,FAY,NC,ASO,EN,Combined TRACON& Tower with Radar,2,34,24,2,62,0,3,21,1,25,2,37,45,3,87,14,14,28,115
09/05/2012,FAY,NC,ASO,EN,Combined TRACON& Tower with Radar,2,38,34,0,74,0,2,16,2,20,2,40,50,2,94,26,0,26,120
09/06/2012,FAY,NC,ASO,EN,Combined TRACON& Tower with Radar,2,33,21,12,68,0,0,13,1,14,2,33,34,13,82,32,20,52,134
09/07/2012,FAY,NC,ASO,EN,Combined TRACON& Tower with Radar,2,32,30,0,64,0,0,32,1,33,2,32,62,1,97,56,0,56,153
09/08/2012,FAY,NC,ASO,EN,Combined TRACON& Tower with Radar,3,25,16,0,44,0,0,17,0,17,3,25,33,0,61,24,0,24,85
09/09/2012,FAY,NC,ASO,EN,Combined TRACON& Tower with Radar,3,30,16,2,51,0,3,22,0,25,3,33,38,2,76,92,0,92,168
09/10/2012,FAY,NC,ASO,EN,Combined TRACON& Tower with Radar,4,32,16,6,58,0,0,43,4,47,4,32,59,10,105,39,3,42,147
09/11/2012,FAY,NC,ASO,EN,Combined TRACON& Tower with Radar,2,34,18,11,65,0,1,59,1,61,2,35,77,12,126,98,4,102,228
09/12/2012,FAY,NC,ASO,EN,Combined TRACON& Tower with Radar,2,33,21,6,62,0,2,37,2,41,2,35,58,8,103,84,6,90,193
09/13/2012,FAY,NC,ASO,EN,Combined TRACON& Tower with Radar,2,34,22,13,71,0,0,38,1,39,2,34,60,14,110,42,10,52,162
09/14/2012,FAY,NC,ASO,EN,Combined TRACON& Tower with Radar,2,35,31,0,68,0,0,34,2,36,2,35,65,2,104,94,0,94,198
09/15/2012,FAY,NC,ASO,EN,Combined TRACON& Tower with Radar,2,27,14,0,43,0,0,32,0,32,2,27,46,0,75,54,0,54,129
09/16/2012,FAY,NC,ASO,EN,Combined TRACON& Tower with Radar,2,31,17,0,50,0,1,21,0,22,2,32,38,0,72,54,0,54,126
09/17/2012,FAY,NC,ASO,EN,Combined TRACON& Tower with Radar,2,33,30,11,76,0,0,14,0,14,2,33,44,11,90,20,0,20,110
09/18/2012,FAY,NC,ASO,EN,Combined TRACON& Tower with Radar,2,43,11,13,69,0,1,2,0,3,2,44,13,13,72,0,30,30,102
09/19/2012,FAY,NC,ASO,EN,Combined TRACON& Tower with Radar,2,40,42,13,97,0,0,11,3,14,2,40,53,16,111,28,22,50,161
09/20/2012,FAY,NC,ASO,EN,Combined TRACON& Tower with Radar,3,36,33,13,85,0,0,29,1,30,3,36,62,14,115,32,36,68,183
09/21/2012,FAY,NC,ASO,EN,Combined TRACON& Tower with Radar,3,35,33,0,71,0,1,46,0,47,3,36,79,0,118,46,0,46,164
09/22/2012,FAY,NC,ASO,EN,Combined TRACON& Tower with Radar,4,27,6,0,37,0,0,19,0,19,4,27,25,0,56,6,0,6,62
09/23/2012,FAY,NC,ASO,EN,Combined TRACON& Tower with Radar,4,30,10,0,44,0,0,16,0,16,4,30,26,0,60,14,0,14,74
09/24/2012,FAY,NC,ASO,EN,Combined TRACON& Tower with Radar,2,32,22,0,56,0,1,39,0,40,2,33,61,0,96,48,6,54,150
09/25/2012,FAY,NC,ASO,EN,Combined TRACON& Tower with Radar,4,34,9,14,61,0,0,34,12,46,4,34,43,26,107,31,48,79,186
09/26/2012,FAY,NC,ASO,EN,Combined TRACON& Tower with Radar,2,35,21,28,86,0,0,33,11,44,2,35,54,39,130,54,42,96,226
09/27/2012,FAY,NC,ASO,EN,Combined TRACON& Tower with Radar,2,43,17,19,81,0,3,11,31,45,2,46,28,50,126,20,34,54,180
09/28/2012,FAY,NC,ASO,EN,Combined TRACON& Tower with Radar,4,34,15,0,53,0,0,42,0,42,4,34,57,0,95,26,0,26,121
09/29/2012,FAY,NC,ASO,EN,Combined TRACON& Tower with Radar,2,32,2,3,39,0,0,5,0,5,2,32,7,3,44,42,0,42,86
09/30/2012,FAY,NC,ASO,EN,Combined TRACON& Tower with Radar,2,33,17,0,52,0,0,6,0,6,2,33,23,0,58,8,0,8,66
10/01/2012,FAY,NC,ASO,EN,Combined TRACON& Tower with Radar,2,31,14,18,65,0,0,0,0,0,2,31,14,18,65,20,4,24,89
10/02/2012,FAY,NC,ASO,EN,Combined TRACON& Tower with Radar,2,38,25,16,81,0,0,6,0,6,2,38,31,16,87,34,18,52,139
10/03/2012,FAY,NC,ASO,EN,Combined TRACON& Tower with Radar,2,33,29,2,66,0,0,8,0,8,2,33,37,2,74,14,8,22,96
10/04/2012,FAY,NC,ASO,EN,Combined TRACON& Tower with Radar,2,39,16,12,69,0,0,14,0,14,2,39,30,12,83,140,26,166,249
10/05/2012,FAY,NC,ASO,EN,Combined TRACON& Tower with Radar,1,29,23,0,53,0,1,44,0,45,1,30,67,0,98,80,0,80,178
10/06/2012,FAY,NC,ASO,EN,Combined TRACON& Tower with Radar,2,29,14,0,45,0,0,38,0,38,2,29,52,0,83,98,8,106,189
10/07/2012,FAY,NC,ASO,EN,Combined TRACON& Tower with Radar,2,29,6,0,37,0,0,9,0,9,2,29,15,0,46,42,0,42,88
10/08/2012,FAY,NC,ASO,EN,Combined TRACON& Tower with Radar,2,32,7,2,43,0,0,6,0,6,2,32,13,2,49,28,0,28,77
10/09/2012,FAY,NC,ASO,EN,Combined TRACON& Tower with Radar,2,36,42,28,108,0,0,0,0,0,2,36,42,28,108,2,16,18,126
10/10/2012,FAY,NC,ASO,EN,Combined TRACON& Tower with Radar,2,33,19,7,61,0,0,20,3,23,2,33,39,10,84,54,22,76,160
10/11/2012,FAY,NC,ASO,EN,Combined TRACON& Tower with Radar,2,36,32,30,100,0,2,20,3,25,2,38,52,33,125,42,62,104,229
10/12/2012,FAY,NC,ASO,EN,Combined TRACON& Tower with Radar,2,31,34,19,86,0,0,31,1,32,2,31,65,20,118,32,64,96,214
10/13/2012,FAY,NC,ASO,EN,Combined TRACON& Tower with Radar,2,31,8,0,41,0,0,19,0,19,2,31,27,0,60,28,0,28,88
10/14/2012,FAY,NC,ASO,EN,Combined TRACON& Tower with Radar,2,32,9,0,43,0,2,17,0,19,2,34,26,0,62,18,0,18,80
10/15/2012,FAY,NC,ASO,EN,Combined TRACON& Tower with Radar,2,37,14,7,60,0,0,10,1,11,2,37,24,8,71,12,22,34,105
10/16/2012,FAY,NC,ASO,EN,Combined TRACON& Tower with Radar,2,44,24,19,89,0,2,30,9,41,2,46,54,28,130,64,38,102,232
10/17/2012,FAY,NC,ASO,EN,Combined TRACON& Tower with Radar,2,31,31,14,78,0,3,28,7,38,2,34,59,21,116,48,30,78,194
10/18/2012,FAY,NC,ASO,EN,Combined TRACON& Tower with Radar,2,39,34,5,80,0,7,19,5,31,2,46,53,10,111,48,0,48,159
10/19/2012,FAY,NC,ASO,EN,Combined TRACON& Tower with Radar,4,31,20,21,76,0,0,29,3,32,4,31,49,24,108,8,78,86,194
10/20/2012,FAY,NC,ASO,EN,Combined TRACON& Tower with Radar,2,28,6,0,36,0,1,40,0,41,2,29,46,0,77,78,0,78,155
10/21/2012,FAY,NC,ASO,EN,Combined TRACON& Tower with Radar,4,33,18,0,55,0,0,33,4,37,4,33,51,4,92,40,0,40,132
10/22/2012,FAY,NC,ASO,EN,Combined TRACON& Tower with Radar,2,36,21,11,70,0,0,30,6,36,2,36,51,17,106,20,24,44,150
10/23/2012,FAY,NC,ASO,EN,Combined TRACON& Tower with Radar,2,39,22,6,69,0,4,33,0,37,2,43,55,6,106,40,14,54,160
10/24/2012,FAY,NC,ASO,EN,Combined TRACON& Tower with Radar,2,32,16,9,59,0,0,26,3,29,2,32,42,12,88,76,18,94,182
10/25/2012,FAY,NC,ASO,EN,Combined TRACON& Tower with Radar,2,36,13,8,59,0,0,25,0,25,2,36,38,8,84,18,6,24,108
10/26/2012,FAY,NC,ASO,EN,Combined TRACON& Tower with Radar,4,32,24,1,61,0,0,1,2,3,4,32,25,3,64,0,0,0,64
10/27/2012,FAY,NC,ASO,EN,Combined TRACON& Tower with Radar,2,28,10,2,42,0,0,0,0,0,2,28,10,2,42,0,0,0,42
10/28/2012,FAY,NC,ASO,EN,Combined TRACON& Tower with Radar,4,34,7,0,45,0,0,3,0,3,4,34,10,0,48,4,0,4,52
10/29/2012,FAY,NC,ASO,EN,Combined TRACON& Tower with Radar,2,30,22,6,60,0,0,6,0,6,2,30,28,6,66,1,0,1,67
10/30/2012,FAY,NC,ASO,EN,Combined TRACON& Tower with Radar,2,32,17,6,57,0,0,15,0,15,2,32,32,6,72,0,14,14,86
10/31/2012,FAY,NC,ASO,EN,Combined TRACON& Tower with Radar,2,28,21,2,53,0,1,38,0,39,2,29,59,2,92,38,0,38,130
11/01/2012,FAY,NC,ASO,EN,Combined TRACON& Tower with Radar,2,36,18,0,56,0,3,29,1,33,2,39,47,1,89,62,0,62,151
11/02/2012,FAY,NC,ASO,EN,Combined TRACON& Tower with Radar,2,34,30,10,76,0,2,44,0,46,2,36,74,10,122,50,28,78,200
11/03/2012,FAY,NC,ASO,EN,Combined TRACON& Tower with Radar,2,26,16,0,44,0,0,34,0,34,2,26,50,0,78,62,0,62,140
11/04/2012,FAY,NC,ASO,EN,Combined TRACON& Tower with Radar,2,34,18,2,56,0,0,23,0,23,2,34,41,2,79,14,0,14,93
11/05/2012,FAY,NC,ASO,EN,Combined TRACON& Tower with Radar,2,32,12,10,56,0,0,26,5,31,2,32,38,15,87,18,0,18,105
11/06/2012,FAY,NC,ASO,EN,Combined TRACON& Tower with Radar,2,30,14,16,62,0,0,16,9,25,2,30,30,25,87,52,38,90,177
11/07/2012,FAY,NC,ASO,EN,Combined TRACON& Tower with Radar,2,37,21,3,63,0,0,17,11,28,2,37,38,14,91,20,10,30,121
11/08/2012,FAY,NC,ASO,EN,Combined TRACON& Tower with Radar,2,39,20,8,69,0,0,34,3,37,2,39,54,11,106,50,12,62,168
11/09/2012,FAY,NC,ASO,EN,Combined TRACON& Tower with Radar,2,31,22,0,55,0,0,30,0,30,2,31,52,0,85,34,0,34,119
11/10/2012,FAY,NC,ASO,EN,Combined TRACON& Tower with Radar,2,30,6,0,38,0,0,28,0,28,2,30,34,0,66,46,0,46,112
11/11/2012,FAY,NC,ASO,EN,Combined TRACON& Tower with Radar,1,30,13,0,44,0,3,30,0,33,1,33,43,0,77,35,0,35,112
11/12/2012,FAY,NC,ASO,EN,Combined TRACON& Tower with Radar,2,34,8,0,44,0,0,11,0,11,2,34,19,0,55,78,4,82,137
11/13/2012,FAY,NC,ASO,EN,Combined TRACON& Tower with Radar,2,31,16,26,75,0,0,0,0,0,2,31,16,26,75,0,14,14,89
11/14/2012,FAY,NC,ASO,EN,Combined TRACON& Tower with Radar,2,37,16,10,65,0,0,18,8,26,2,37,34,18,91,28,50,78,169
11/15/2012,FAY,NC,ASO,EN,Combined TRACON& Tower with Radar,2,33,27,10,72,0,0,0,0,0,2,33,27,10,72,4,18,22,94
11/16/2012,FAY,NC,ASO,EN,Combined TRACON& Tower with Radar,4,36,27,4,71,0,0,23,4,27,4,36,50,8,98,12,12,24,122
11/17/2012,FAY,NC,ASO,EN,Combined TRACON& Tower with Radar,2,26,14,0,42,0,0,25,0,25,2,26,39,0,67,52,0,52,119
11/18/2012,FAY,NC,ASO,EN,Combined TRACON& Tower with Radar,3,34,16,0,53,0,0,3,0,3,3,34,19,0,56,8,0,8,64
11/19/2012,FAY,NC,ASO,EN,Combined TRACON& Tower with Radar,3,31,13,19,66,0,4,4,4,12,3,35,17,23,78,10,40,50,128
11/20/2012,FAY,NC,ASO,EN,Combined TRACON& Tower with Radar,4,31,20,23,78,0,0,14,8,22,4,31,34,31,100,42,102,144,244
11/21/2012,FAY,NC,ASO,EN,Combined TRACON& Tower with Radar,6,34,19,15,74,0,0,31,8,39,6,34,50,23,113,15,34,49,162
11/22/2012,FAY,NC,ASO,EN,Combined TRACON& Tower with Radar,1,25,7,0,33,0,0,6,0,6,1,25,13,0,39,0,0,0,39
11/23/2012,FAY,NC,ASO,EN,Combined TRACON& Tower with Radar,3,26,17,0,46,0,4,28,0,32,3,30,45,0,78,23,0,23,101
11/24/2012,FAY,NC,ASO,EN,Combined TRACON& Tower with Radar,4,34,8,0,46,0,0,13,0,13,4,34,21,0,59,20,0,20,79
11/25/2012,FAY,NC,ASO,EN,Combined TRACON& Tower with Radar,2,36,14,0,52,0,1,19,0,20,2,37,33,0,72,36,0,36,108
11/26/2012,FAY,NC,ASO,EN,Combined TRACON& Tower with Radar,4,35,24,14,77,0,1,25,6,32,4,36,49,20,109,14,2,16,125
11/27/2012,FAY,NC,ASO,EN,Combined TRACON& Tower with Radar,4,32,35,19,90,0,1,5,4,10,4,33,40,23,100,22,2,24,124
11/28/2012,FAY,NC,ASO,EN,Combined TRACON& Tower with Radar,2,32,24,20,78,0,0,34,5,39,2,32,58,25,117,28,48,76,193
11/29/2012,FAY,NC,ASO,EN,Combined TRACON& Tower with Radar,2,31,30,32,95,0,0,28,1,29,2,31,58,33,124,16,46,62,186
11/30/2012,FAY,NC,ASO,EN,Combined TRACON& Tower with Radar,4,32,23,11,70,0,0,31,1,32,4,32,54,12,102,28,38,66,168
12/01/2012,FAY,NC,ASO,EN,Combined TRACON& Tower with Radar,2,23,5,0,30,0,0,26,0,26,2,23,31,0,56,62,2,64,120
12/02/2012,FAY,NC,ASO,EN,Combined TRACON& Tower with Radar,2,29,13,0,44,0,0,25,0,25,2,29,38,0,69,20,0,20,89
12/03/2012,FAY,NC,ASO,EN,Combined TRACON& Tower with Radar,2,32,22,15,71,0,2,20,3,25,2,34,42,18,96,18,6,24,120
12/04/2012,FAY,NC,ASO,EN,Combined TRACON& Tower with Radar,3,32,23,22,80,0,1,21,4,26,3,33,44,26,106,8,34,42,148
12/05/2012,FAY,NC,ASO,EN,Combined TRACON& Tower with Radar,2,31,22,12,67,0,0,10,11,21,2,31,32,23,88,0,4,4,92
12/06/2012,FAY,NC,ASO,EN,Combined TRACON& Tower with Radar,2,33,17,25,77,0,0,10,4,14,2,33,27,29,91,0,35,35,126
12/07/2012,FAY,NC,ASO,EN,Combined TRACON& Tower with Radar,2,38,27,21,88,0,0,11,0,11,2,38,38,21,99,22,14,36,135
12/08/2012,FAY,NC,ASO,EN,Combined TRACON& Tower with Radar,2,28,20,0,50,0,3,23,0,26,2,31,43,0,76,30,30,60,136
12/09/2012,FAY,NC,ASO,EN,Combined TRACON& Tower with Radar,2,30,20,0,52,0,0,11,0,11,2,30,31,0,63,32,18,50,113
12/10/2012,FAY,NC,ASO,EN,Combined TRACON& Tower with Radar,2,31,27,14,74,0,2,9,0,11,2,33,36,14,85,18,2,20,105
12/11/2012,FAY,NC,ASO,EN,Combined TRACON& Tower with Radar,2,30,26,12,70,0,1,21,3,25,2,31,47,15,95,22,32,54,149
12/12/2012,FAY,NC,ASO,EN,Combined TRACON& Tower with Radar,2,37,22,2,63,0,0,4,0,4,2,37,26,2,67,14,5,19,86
12/13/2012,FAY,NC,ASO,EN,Combined TRACON& Tower with Radar,2,33,37,8,80,0,1,7,2,10,2,34,44,10,90,8,8,16,106
12/14/2012,FAY,NC,ASO,EN,Combined TRACON& Tower with Radar,2,33,27,12,74,0,3,42,6,51,2,36,69,18,125,30,18,48,173
12/15/2012,FAY,NC,ASO,EN,Combined TRACON& Tower with Radar,2,23,16,2,43,0,0,37,0,37,2,23,53,2,80,32,0,32,112
12/16/2012,FAY,NC,ASO,EN,Combined TRACON& Tower with Radar,5,26,15,0,46,0,0,0,0,0,5,26,15,0,46,0,0,0,46
12/17/2012,FAY,NC,ASO,EN,Combined TRACON& Tower with Radar,3,28,23,4,58,0,0,1,0,1,3,28,24,4,59,0,0,0,59
12/18/2012,FAY,NC,ASO,EN,Combined TRACON& Tower with Radar,2,29,20,3,54,0,0,23,3,26,2,29,43,6,80,24,0,24,104
12/19/2012,FAY,NC,ASO,EN,Combined TRACON& Tower with Radar,2,27,32,22,83,0,0,33,2,35,2,27,65,24,118,63,30,93,211
12/20/2012,FAY,NC,ASO,EN,Combined TRACON& Tower with Radar,2,30,15,17,64,0,1,19,4,24,2,31,34,21,88,30,24,54,142
12/21/2012,FAY,NC,ASO,EN,Combined TRACON& Tower with Radar,2,38,13,4,57,0,0,8,0,8,2,38,21,4,65,18,24,42,107
12/22/2012,FAY,NC,ASO,EN,Combined TRACON& Tower with Radar,2,30,11,0,43,0,0,16,0,16,2,30,27,0,59,10,0,10,69
12/23/2012,FAY,NC,ASO,EN,Combined TRACON& Tower with Radar,2,28,3,0,33,0,1,23,0,24,2,29,26,0,57,14,0,14,71
12/24/2012,FAY,NC,ASO,EN,Combined TRACON& Tower with Radar,2,28,11,0,41,0,0,5,0,5,2,28,16,0,46,2,0,2,48
12/25/2012,FAY,NC,ASO,EN,Combined TRACON& Tower with Radar,2,21,7,0,30,0,0,5,0,5,2,21,12,0,35,0,0,0,35
12/26/2012,FAY,NC,ASO,EN,Combined TRACON& Tower with Radar,1,30,4,0,35,0,0,0,0,0,1,30,4,0,35,0,0,0,35
12/27/2012,FAY,NC,ASO,EN,Combined TRACON& Tower with Radar,2,29,9,11,51,0,1,10,0,11,2,30,19,11,62,0,34,34,96
12/28/2012,FAY,NC,ASO,EN,Combined TRACON& Tower with Radar,2,32,16,0,50,0,0,15,0,15,2,32,31,0,65,44,0,44,109
12/29/2012,FAY,NC,ASO,EN,Combined TRACON& Tower with Radar,2,27,2,2,33,0,1,3,0,4,2,28,5,2,37,16,0,16,53
12/30/2012,FAY,NC,ASO,EN,Combined TRACON& Tower with Radar,4,28,9,0,41,0,3,20,0,23,4,31,29,0,64,26,0,26,90
12/31/2012,FAY,NC,ASO,EN,Combined TRACON& Tower with Radar,2,30,6,0,38,0,0,6,0,6,2,30,12,0,44,20,0,20,64
01/01/2013,FAY,NC,ASO,EN,Combined TRACON& Tower with Radar,2,21,7,0,30,0,0,0,0,0,2,21,7,0,30,0,0,0,30
01/02/2013,FAY,NC,ASO,EN,Combined TRACON& Tower with Radar,4,33,18,0,55,0,0,0,0,0,4,33,18,0,55,24,0,24,79
01/03/2013,FAY,NC,ASO,EN,Combined TRACON& Tower with Radar,2,33,13,13,61,0,1,2,3,6,2,34,15,16,67,2,32,34,101
01/04/2013,FAY,NC,ASO,EN,Combined TRACON& Tower with Radar,2,38,25,8,73,0,1,26,5,32,2,39,51,13,105,34,14,48,153
01/05/2013,FAY,NC,ASO,EN,Combined TRACON& Tower with Radar,2,25,20,0,47,0,3,33,2,38,2,28,53,2,85,58,0,58,143
01/06/2013,FAY,NC,ASO,EN,Combined TRACON& Tower with Radar,2,35,16,0,53,0,0,3,0,3,2,35,19,0,56,16,0,16,72
01/07/2013,FAY,NC,ASO,EN,Combined TRACON& Tower with Radar,4,32,12,4,52,0,1,17,4,22,4,33,29,8,74,26,10,36,110
01/08/2013,FAY,NC,ASO,EN,Combined TRACON& Tower with Radar,2,28,26,7,63,0,0,15,9,24,2,28,41,16,87,22,24,46,133
01/09/2013,FAY,NC,ASO,EN,Combined TRACON& Tower with Radar,2,35,19,15,71,0,1,35,7,43,2,36,54,22,114,6,14,20,134
01/10/2013,FAY,NC,ASO,EN,Combined TRACON& Tower with Radar,2,33,18,11,64,0,0,33,7,40,2,33,51,18,104,20,10,30,134
01/11/2013,FAY,NC,ASO,EN,Combined TRACON& Tower with Radar,2,29,27,4,62,0,0,1,0,1,2,29,28,4,63,20,0,20,83
01/12/2013,FAY,NC,ASO,EN,Combined TRACON& Tower with Radar,2,20,12,0,34,0,1,34,0,35,2,21,46,0,69,6,0,6,75
01/13/2013,FAY,NC,ASO,EN,Combined TRACON& Tower with Radar,2,35,9,2,48,0,3,13,0,16,2,38,22,2,64,18,0,18,82
01/14/2013,FAY,NC,ASO,EN,Combined TRACON& Tower with Radar,2,32,25,9,68,0,0,14,4,18,2,32,39,13,86,26,4,30,116
01/15/2013,FAY,NC,ASO,EN,Combined TRACON& Tower with Radar,1,22,14,2,39,0,0,0,0,0,1,22,14,2,39,0,2,2,41
01/16/2013,FAY,NC,ASO,EN,Combined TRACON& Tower with Radar,1,25,10,11,47,0,0,0,4,4,1,25,10,15,51,0,2,2,53
01/17/2013,FAY,NC,ASO,EN,Combined TRACON& Tower with Radar,2,29,9,0,40,0,0,0,0,0,2,29,9,0,40,0,0,0,40
01/18/2013,FAY,NC,ASO,EN,Combined TRACON& Tower with Radar,2,32,14,8,56,0,0,43,1,44,2,32,57,9,100,24,6,30,130
01/19/2013,FAY,NC,ASO,EN,Combined TRACON& Tower with Radar,2,22,6,0,30,0,0,21,0,21,2,22,27,0,51,22,0,22,73
01/20/2013,FAY,NC,ASO,EN,Combined TRACON& Tower with Radar,1,24,10,3,38,0,4,26,1,31,1,28,36,4,69,63,4,67,136
01/21/2013,FAY,NC,ASO,EN,Combined TRACON& Tower with Radar,1,27,9,0,37,0,1,38,0,39,1,28,47,0,76,21,0,21,97
01/22/2013,FAY,NC,ASO,EN,Combined TRACON& Tower with Radar,2,27,19,17,65,0,0,17,18,35,2,27,36,35,100,64,34,98,198
01/23/2013,FAY,NC,ASO,EN,Combined TRACON& Tower with Radar,2,32,28,11,73,0,0,15,1,16,2,32,43,12,89,24,4,28,117
01/24/2013,FAY,NC,ASO,EN,Combined TRACON& Tower with Radar,2,35,24,11,72,0,0,21,17,38,2,35,45,28,110,13,20,33,143
01/25/2013,FAY,NC,ASO,EN,Combined TRACON& Tower with Radar,4,26,15,4,49,0,0,6,5,11,4,26,21,9,60,12,2,14,74
01/26/2013,FAY,NC,ASO,EN,Combined TRACON& Tower with Radar,1,28,12,0,41,0,0,22,0,22,1,28,34,0,63,40,0,40,103
01/27/2013,FAY,NC,ASO,EN,Combined TRACON& Tower with Radar,4,33,14,0,51,0,0,25,0,25,4,33,39,0,76,18,0,18,94
01/28/2013,FAY,NC,ASO,EN,Combined TRACON& Tower with Radar,2,32,30,21,85,0,0,8,1,9,2,32,38,22,94,0,8,8,102
01/29/2013,FAY,NC,ASO,EN,Combined TRACON& Tower with Radar,2,28,36,7,73,0,0,37,4,41,2,28,73,11,114,22,10,32,146
01/30/2013,FAY,NC,ASO,EN,Combined TRACON& Tower with Radar,1,28,17,6,52,0,0,2,0,2,1,28,19,6,54,10,0,10,64
01/31/2013,FAY,NC,ASO,EN,Combined TRACON& Tower with Radar,3,35,17,20,75,0,0,9,1,10,3,35,26,21,85,10,14,24,109
02/01/2013,FAY,NC,ASO,EN,Combined TRACON& Tower with Radar,3,41,10,3,57,0,0,8,3,11,3,41,18,6,68,0,8,8,76
02/02/2013,FAY,NC,ASO,EN,Combined TRACON& Tower with Radar,3,22,12,0,37,0,0,40,0,40,3,22,52,0,77,22,0,22,99
02/03/2013,FAY,NC,ASO,EN,Combined TRACON& Tower with Radar,6,26,7,0,39,0,2,16,0,18,6,28,23,0,57,38,0,38,95
02/04/2013,FAY,NC,ASO,EN,Combined TRACON& Tower with Radar,4,36,9,4,53,0,0,15,0,15,4,36,24,4,68,2,4,6,74
02/05/2013,FAY,NC,ASO,EN,Combined TRACON& Tower with Radar,6,35,14,8,63,0,2,16,6,24,6,37,30,14,87,42,42,84,171
02/06/2013,FAY,NC,ASO,EN,Combined TRACON& Tower with Radar,3,41,34,14,92,0,2,28,5,35,3,43,62,19,127,114,30,144,271
02/07/2013,FAY,NC,ASO,EN,Combined TRACON& Tower with Radar,3,38,32,30,103,0,0,10,0,10,3,38,42,30,113,12,54,66,179
02/08/2013,FAY,NC,ASO,EN,Combined TRACON& Tower with Radar,4,31,40,0,75,0,2,10,0,12,4,33,50,0,87,0,0,0,87
02/09/2013,FAY,NC,ASO,EN,Combined TRACON& Tower with Radar,4,22,14,0,40,0,1,44,0,45,4,23,58,0,85,42,0,42,127
02/10/2013,FAY,NC,ASO,EN,Combined TRACON& Tower with Radar,4,29,14,0,47,0,2,28,0,30,4,31,42,0,77,63,0,63,140
02/11/2013,FAY,NC,ASO,EN,Combined TRACON& Tower with Radar,4,39,7,20,70,0,0,0,0,0,4,39,7,20,70,0,8,8,78
02/12/2013,FAY,NC,ASO,EN,Combined TRACON& Tower with Radar,4,29,14,8,55,0,2,26,7,35,4,31,40,15,90,20,22,42,132
02/13/2013,FAY,NC,ASO,EN,Combined TRACON& Tower with Radar,4,35,23,6,68,0,1,1,1,3,4,36,24,7,71,14,0,14,85
02/14/2013,FAY,NC,ASO,EN,Combined TRACON& Tower with Radar,4,34,19,24,81,0,2,31,11,44,4,36,50,35,125,52,60,112,237
02/15/2013,FAY,NC,ASO,EN,Combined TRACON& Tower with Radar,4,36,22,0,62,0,1,33,0,34,4,37,55,0,96,44,5,49,145
02/16/2013,FAY,NC,ASO,EN,Combined TRACON& Tower with Radar,3,21,8,0,32,0,0,2,0,2,3,21,10,0,34,40,0,40,74
02/17/2013,FAY,NC,ASO,EN,Combined TRACON& Tower with Radar,5,27,7,0,39,0,2,7,0,9,5,29,14,0,48,12,0,12,60
02/18/2013,FAY,NC,ASO,EN,Combined TRACON& Tower with Radar,4,32,16,2,54,0,2,36,2,40,4,34,52,4,94,30,12,42,136
02/19/2013,FAY,NC,ASO,EN,Combined TRACON& Tower with Radar,3,33,24,32,92,0,0,4,3,7,3,33,28,35,99,0,20,20,119
02/20/2013,FAY,NC,ASO,EN,Combined TRACON& Tower with Radar,2,36,39,10,87,0,0,31,3,34,2,36,70,13,121,2,10,12,133
02/21/2013,FAY,NC,ASO,EN,Combined TRACON& Tower with Radar,3,36,17,8,64,0,0,19,1,20,3,36,36,9,84,24,22,46,130
02/22/2013,FAY,NC,ASO,EN,Combined TRACON& Tower with Radar,6,38,13,30,87,0,0,1,1,2,6,38,14,31,89,0,48,48,137
02/23/2013,FAY,NC,ASO,EN,Combined TRACON& Tower with Radar,4,26,2,0,32,0,0,0,0,0,4,26,2,0,32,0,0,0,32
02/24/2013,FAY,NC,ASO,EN,Combined TRACON& Tower with Radar,6,35,16,0,57,0,0,27,1,28,6,35,43,1,85,2,0,2,87
02/25/2013,FAY,NC,ASO,EN,Combined TRACON& Tower with Radar,4,34,11,9,58,0,0,25,4,29,4,34,36,13,87,32,34,66,153
02/26/2013,FAY,NC,ASO,EN,Combined TRACON& Tower with Radar,4,33,22,0,59,0,0,4,0,4,4,33,26,0,63,0,0,0,63
02/27/2013,FAY,NC,ASO,EN,Combined TRACON& Tower with Radar,4,38,12,2,56,0,0,42,1,43,4,38,54,3,99,50,26,76,175
02/28/2013,FAY,NC,ASO,EN,Combined TRACON& Tower with Radar,4,37,20,22,83,0,0,25,7,32,4,37,45,29,115,18,32,50,165
03/01/2013,FAY,NC,ASO,EN,Combined TRACON& Tower with Radar,4,33,13,4,54,0,1,22,0,23,4,34,35,4,77,10,0,10,87
03/02/2013,FAY,NC,ASO,EN,Combined TRACON& Tower with Radar,4,28,5,0,37,0,0,28,0,28,4,28,33,0,65,26,0,26,91
03/03/2013,FAY,NC,ASO,EN,Combined TRACON& Tower with Radar,6,35,15,0,56,0,0,30,1,31,6,35,45,1,87,0,0,0,87
03/04/2013,FAY,NC,ASO,EN,Combined TRACON& Tower with Radar,4,35,12,18,69,0,0,21,4,25,4,35,33,22,94,8,34,42,136
03/05/2013,FAY,NC,ASO,EN,Combined TRACON& Tower with Radar,6,35,14,4,59,0,0,19,6,25,6,35,33,10,84,28,10,38,122
03/06/2013,FAY,NC,ASO,EN,Combined TRACON& Tower with Radar,4,34,20,11,69,0,0,2,1,3,4,34,22,12,72,4,10,14,86
03/07/2013,FAY,NC,ASO,EN,Combined TRACON& Tower with Radar,4,36,13,15,68,0,1,18,3,22,4,37,31,18,90,18,12,30,120
03/08/2013,FAY,NC,ASO,EN,Combined TRACON& Tower with Radar,3,34,19,2,58,0,2,18,0,20,3,36,37,2,78,6,2,8,86
03/09/2013,FAY,NC,ASO,EN,Combined TRACON& Tower with Radar,4,30,21,0,55,0,1,36,0,37,4,31,57,0,92,50,0,50,142
03/10/2013,FAY,NC,ASO,EN,Combined TRACON& Tower with Radar,4,33,15,0,52,0,0,39,0,39,4,33,54,0,91,10,0,10,101
03/11/2013,FAY,NC,ASO,EN,Combined TRACON& Tower with Radar,4,36,16,6,62,0,0,7,0,7,4,36,23,6,69,20,6,26,95
03/12/2013,FAY,NC,ASO,EN,Combined TRACON& Tower with Radar,4,34,18,8,64,0,0,2,0,2,4,34,20,8,66,0,6,6,72
03/13/2013,FAY,NC,ASO,EN,Combined TRACON& Tower with Radar,4,37,15,3,59,0,0,18,1,19,4,37,33,4,78,36,4,40,118
03/14/2013,FAY,NC,ASO,EN,Combined TRACON& Tower with Radar,3,37,22,3,65,0,0,14,3,17,3,37,36,6,82,12,2,14,96
03/15/2013,FAY,NC,ASO,EN,Combined TRACON& Tower with Radar,3,38,21,0,62,0,1,37,0,38,3,39,58,0,100,28,0,28,128
03/16/2013,FAY,NC,ASO,EN,Combined TRACON& Tower with Radar,3,31,8,0,42,0,11,27,0,38,3,42,35,0,80,0,0,0,80
03/17/2013,FAY,NC,ASO,EN,Combined TRACON& Tower with Radar,3,34,16,0,53,0,0,10,0,10,3,34,26,0,63,66,0,66,129
03/18/2013,FAY,NC,ASO,EN,Combined TRACON& Tower with Radar,2,35,18,22,77,0,0,2,0,2,2,35,20,22,79,2,0,2,81
03/19/2013,FAY,NC,ASO,EN,Combined TRACON& Tower with Radar,2,38,13,44,97,0,0,10,2,12,2,38,23,46,109,16,44,60,169
03/20/2013,FAY,NC,ASO,EN,Combined TRACON& Tower with Radar,4,36,22,24,86,0,0,26,10,36,4,36,48,34,122,56,30,86,208
03/21/2013,FAY,NC,ASO,EN,Combined TRACON& Tower with Radar,4,36,18,0,58,0,2,12,1,15,4,38,30,1,73,15,2,17,90
03/22/2013,FAY,NC,ASO,EN,Combined TRACON& Tower with Radar,6,36,23,14,79,0,0,21,3,24,6,36,44,17,103,40,10,50,153
03/23/2013,FAY,NC,ASO,EN,Combined TRACON& Tower with Radar,3,31,11,0,45,0,0,11,0,11,3,31,22,0,56,4,0,4,60
03/24/2013,FAY,NC,ASO,EN,Combined TRACON& Tower with Radar,5,36,14,0,55,0,0,1,0,1,5,36,15,0,56,0,0,0,56
03/25/2013,FAY,NC,ASO,EN,Combined TRACON& Tower with Radar,4,34,14,9,61,0,0,3,4,7,4,34,17,13,68,0,12,12,80
03/26/2013,FAY,NC,ASO,EN,Combined TRACON& Tower with Radar,4,35,25,6,70,0,0,17,4,21,4,35,42,10,91,20,12,32,123
03/27/2013,FAY,NC,ASO,EN,Combined TRACON& Tower with Radar,4,40,13,2,59,0,0,9,2,11,4,40,22,4,70,10,0,10,80
03/28/2013,FAY,NC,ASO,EN,Combined TRACON& Tower with Radar,4,34,23,8,69,0,1,29,0,30,4,35,52,8,99,32,8,40,139
03/29/2013,FAY,NC,ASO,EN,Combined TRACON& Tower with Radar,4,36,16,0,56,0,0,46,0,46,4,36,62,0,102,17,0,17,119
03/30/2013,FAY,NC,ASO,EN,Combined TRACON& Tower with Radar,4,29,11,0,44,0,0,19,1,20,4,29,30,1,64,106,0,106,170
03/31/2013,FAY,NC,ASO,EN,Combined TRACON& Tower with Radar,6,31,11,0,48,0,0,2,0,2,6,31,13,0,50,0,0,0,50
04/01/2013,FAY,NC,ASO,EN,Combined TRACON& Tower with Radar,4,34,11,6,55,0,1,22,4,27,4,35,33,10,82,10,0,10,92
04/02/2013,FAY,NC,ASO,EN,Combined TRACON& Tower with Radar,6,36,19,6,67,0,0,22,4,26,6,36,41,10,93,58,20,78,171
04/03/2013,FAY,NC,ASO,EN,Combined TRACON& Tower with Radar,4,38,27,0,69,0,0,16,6,22,4,38,43,6,91,64,1,65,156
04/04/2013,FAY,NC,ASO,EN,Combined TRACON& Tower with Radar,4,36,19,4,63,0,0,3,0,3,4,36,22,4,66,0,2,2,68
04/05/2013,FAY,NC,ASO,EN,Combined TRACON& Tower with Radar,3,37,14,22,76,0,0,6,0,6,3,37,20,22,82,28,28,56,138
04/06/2013,FAY,NC,ASO,EN,Combined TRACON& Tower with Radar,3,30,9,0,42,0,2,44,0,46,3,32,53,0,88,48,0,48,136
04/07/2013,FAY,NC,ASO,EN,Combined TRACON& Tower with Radar,3,34,11,0,48,0,1,32,0,33,3,35,43,0,81,36,0,36,117
04/08/2013,FAY,NC,ASO,EN,Combined TRACON& Tower with Radar,2,41,18,15,76,0,0,24,4,28,2,41,42,19,104,0,4,4,108
04/09/2013,FAY,NC,ASO,EN,Combined TRACON& Tower with Radar,2,39,25,4,70,0,2,32,2,36,2,41,57,6,106,54,18,72,178
04/10/2013,FAY,NC,ASO,EN,Combined TRACON& Tower with Radar,2,39,10,9,60,0,0,19,3,22,2,39,29,12,82,48,34,82,164
04/11/2013,FAY,NC,ASO,EN,Combined TRACON& Tower with Radar,2,43,22,5,72,0,0,20,4,24,2,43,42,9,96,3,2,5,101
04/12/2013,FAY,NC,ASO,EN,Combined TRACON& Tower with Radar,2,38,15,18,73,0,0,4,2,6,2,38,19,20,79,2,28,30,109
04/13/2013,FAY,NC,ASO,EN,Combined TRACON& Tower with Radar,3,33,11,0,47,0,2,42,0,44,3,35,53,0,91,44,0,44,135
04/14/2013,FAY,NC,ASO,EN,Combined TRACON& Tower with Radar,5,33,8,0,46,0,1,35,0,36,5,34,43,0,82,62,0,62,144
04/15/2013,FAY,NC,ASO,EN,Combined TRACON& Tower with Radar,2,38,16,9,65,0,1,5,13,19,2,39,21,22,84,4,8,12,96
04/16/2013,FAY,NC,ASO,EN,Combined TRACON& Tower with Radar,5,43,26,12,86,0,2,19,9,30,5,45,45,21,116,62,40,102,218
04/17/2013,FAY,NC,ASO,EN,Combined TRACON& Tower with Radar,4,38,11,8,61,0,5,33,3,41,4,43,44,11,102,16,10,26,128
04/18/2013,FAY,NC,ASO,EN,Combined TRACON& Tower with Radar,3,39,13,11,66,0,0,22,1,23,3,39,35,12,89,10,16,26,115
04/19/2013,FAY,NC,ASO,EN,Combined TRACON& Tower with Radar,3,37,21,0,61,0,0,2,0,2,3,37,23,0,63,20,0,20,83
04/20/2013,FAY,NC,ASO,EN,Combined TRACON& Tower with Radar,3,34,17,0,54,0,0,41,0,41,3,34,58,0,95,52,0,52,147
04/21/2013,FAY,NC,ASO,EN,Combined TRACON& Tower with Radar,3,35,16,2,56,0,3,31,1,35,3,38,47,3,91,44,2,46,137
04/22/2013,FAY,NC,ASO,EN,Combined TRACON& Tower with Radar,4,36,16,7,63,0,0,17,2,19,4,36,33,9,82,12,4,16,98
04/23/2013,FAY,NC,ASO,EN,Combined TRACON& Tower with Radar,4,39,34,4,81,0,0,22,1,23,4,39,56,5,104,40,2,42,146
04/24/2013,FAY,NC,ASO,EN,Combined TRACON& Tower with Radar,4,35,27,4,70,0,0,16,2,18,4,35,43,6,88,22,18,40,128
04/25/2013,FAY,NC,ASO,EN,Combined TRACON& Tower with Radar,3,38,30,2,73,0,2,27,1,30,3,40,57,3,103,67,2,69,172
04/26/2013,FAY,NC,ASO,EN,Combined TRACON& Tower with Radar,5,35,24,4,68,0,1,34,0,35,5,36,58,4,103,16,4,20,123
04/27/2013,FAY,NC,ASO,EN,Combined TRACON& Tower with Radar,4,34,2,0,40,0,2,43,0,45,4,36,45,0,85,34,0,34,119
04/28/2013,FAY,NC,ASO,EN,Combined TRACON& Tower with Radar,4,30,17,0,51,0,0,20,0,20,4,30,37,0,71,8,0,8,79
04/29/2013,FAY,NC,ASO,EN,Combined TRACON& Tower with Radar,6,43,23,6,78,0,0,5,0,5,6,43,28,6,83,0,2,2,85
04/30/2013,FAY,NC,ASO,EN,Combined TRACON& Tower with Radar,4,36,30,7,77,0,0,9,3,12,4,36,39,10,89,30,2,32,121
05/01/2013,FAY,NC,ASO,EN,Combined TRACON& Tower with Radar,3,37,34,12,86,0,0,8,0,8,3,37,42,12,94,32,4,36,130
05/02/2013,FAY,NC,ASO,EN,Combined TRACON& Tower with Radar,2,38,20,14,74,0,0,7,2,9,2,38,27,16,83,26,54,80,163
05/03/2013,FAY,NC,ASO,EN,Combined TRACON& Tower with Radar,1,35,34,8,78,0,2,21,2,25,1,37,55,10,103,58,16,74,177
05/04/2013,FAY,NC,ASO,EN,Combined TRACON& Tower with Radar,3,30,9,0,42,0,0,17,0,17,3,30,26,0,59,20,0,20,79
05/05/2013,FAY,NC,ASO,EN,Combined TRACON& Tower with Radar,4,30,33,0,67,0,0,1,0,1,4,30,34,0,68,2,0,2,70
05/06/2013,FAY,NC,ASO,EN,Combined TRACON& Tower with Radar,4,44,28,8,84,0,0,7,0,7,4,44,35,8,91,36,6,42,133
05/07/2013,FAY,NC,ASO,EN,Combined TRACON& Tower with Radar,3,37,17,16,73,0,0,22,8,30,3,37,39,24,103,16,24,40,143
05/08/2013,FAY,NC,ASO,EN,Combined TRACON& Tower with Radar,3,34,18,1,56,0,0,16,2,18,3,34,34,3,74,51,2,53,127
05/09/2013,FAY,NC,ASO,EN,Combined TRACON& Tower with Radar,3,36,39,8,86,0,0,42,0,42,3,36,81,8,128,86,3,89,217
05/10/2013,FAY,NC,ASO,EN,Combined TRACON& Tower with Radar,2,40,13,2,57,0,0,32,0,32,2,40,45,2,89,46,0,46,135
05/11/2013,FAY,NC,ASO,EN,Combined TRACON& Tower with Radar,4,30,10,0,44,0,0,14,0,14,4,30,24,0,58,24,2,26,84
05/12/2013,FAY,NC,ASO,EN,Combined TRACON& Tower with Radar,4,35,9,0,48,0,0,18,0,18,4,35,27,0,66,20,0,20,86
05/13/2013,FAY,NC,ASO,EN,Combined TRACON& Tower with Radar,3,42,14,0,59,0,0,40,2,42,3,42,54,2,101,37,0,37,138
05/14/2013,FAY,NC,ASO,EN,Combined TRACON& Tower with Radar,6,36,22,2,66,0,0,24,0,24,6,36,46,2,90,62,4,66,156
05/15/2013,FAY,NC,ASO,EN,Combined TRACON& Tower with Radar,4,33,18,2,57,0,1,27,0,28,4,34,45,2,85,20,0,20,105
05/16/2013,FAY,NC,ASO,EN,Combined TRACON& Tower with Radar,4,38,22,4,68,0,0,28,0,28,4,38,50,4,96,66,3,69,165
05/17/2013,FAY,NC,ASO,EN,Combined TRACON& Tower with Radar,4,41,20,5,70,0,1,39,1,41,4,42,59,6,111,36,12,48,159
05/18/2013,FAY,NC,ASO,EN,Combined TRACON& Tower with Radar,6,30,13,0,49,0,0,35,0,35,6,30,48,0,84,36,0,36,120
05/19/2013,FAY,NC,ASO,EN,Combined TRACON& Tower with Radar,4,31,11,0,46,0,0,3,0,3,4,31,14,0,49,28,0,28,77
05/20/2013,FAY,NC,ASO,EN,Combined TRACON& Tower with Radar,4,39,23,2,68,0,0,2,0,2,4,39,25,2,70,34,0,34,104
05/21/2013,FAY,NC,ASO,EN,Combined TRACON& Tower with Radar,4,36,34,5,79,0,1,9,1,11,4,37,43,6,90,0,0,0,90
05/22/2013,FAY,NC,ASO,EN,Combined TRACON& Tower with Radar,4,38,28,3,73,0,0,19,1,20,4,38,47,4,93,38,4,42,135
05/23/2013,FAY,NC,ASO,EN,Combined TRACON& Tower with Radar,6,34,17,10,67,0,0,12,0,12,6,34,29,10,79,34,18,52,131
05/24/2013,FAY,NC,ASO,EN,Combined TRACON& Tower with Radar,6,36,23,0,65,0,0,21,0,21,6,36,44,0,86,0,0,0,86
05/25/2013,FAY,NC,ASO,EN,Combined TRACON& Tower with Radar,7,29,9,0,45,0,2,43,0,45,7,31,52,0,90,50,0,50,140
05/26/2013,FAY,NC,ASO,EN,Combined TRACON& Tower with Radar,5,29,16,0,50,0,2,26,0,28,5,31,42,0,78,61,0,61,139
05/27/2013,FAY,NC,ASO,EN,Combined TRACON& Tower with Radar,8,33,16,0,57,0,1,24,0,25,8,34,40,0,82,38,0,38,120
05/28/2013,FAY,NC,ASO,EN,Combined TRACON& Tower with Radar,5,36,21,5,67,0,2,35,4,41,5,38,56,9,108,50,7,57,165
05/29/2013,FAY,NC,ASO,EN,Combined TRACON& Tower with Radar,5,35,20,9,69,0,2,23,3,28,5,37,43,12,97,50,4,54,151
05/30/2013,FAY,NC,ASO,EN,Combined TRACON& Tower with Radar,3,40,16,4,63,0,6,40,1,47,3,46,56,5,110,52,16,68,178
05/31/2013,FAY,NC,ASO,EN,Combined TRACON& Tower with Radar,5,35,29,0,69,0,0,26,0,26,5,35,55,0,95,38,0,38,133
06/01/2013,FAY,NC,ASO,EN,Combined TRACON& Tower with Radar,6,34,17,0,57,0,4,12,0,16,6,38,29,0,73,22,0,22,95
06/02/2013,FAY,NC,ASO,EN,Combined TRACON& Tower with Radar,4,34,11,0,49,0,0,15,2,17,4,34,26,2,66,32,0,32,98
06/03/2013,FAY,NC,ASO,EN,Combined TRACON& Tower with Radar,4,38,24,13,79,0,0,0,0,0,4,38,24,13,79,0,0,0,79
06/04/2013,FAY,NC,ASO,EN,Combined TRACON& Tower with Radar,4,38,23,13,78,0,1,17,1,19,4,39,40,14,97,50,4,54,151
06/05/2013,FAY,NC,ASO,EN,Combined TRACON& Tower with Radar,4,33,23,7,67,0,0,31,1,32,4,33,54,8,99,66,2,68,167
06/06/2013,FAY,NC,ASO,EN,Combined TRACON& Tower with Radar,4,38,19,0,61,0,0,0,0,0,4,38,19,0,61,4,0,4,65
06/07/2013,FAY,NC,ASO,EN,Combined TRACON& Tower with Radar,4,35,12,5,56,0,0,1,0,1,4,35,13,5,57,0,0,0,57
06/08/2013,FAY,NC,ASO,EN,Combined TRACON& Tower with Radar,4,34,7,0,45,0,1,15,0,16,4,35,22,0,61,79,0,79,140
06/09/2013,FAY,NC,ASO,EN,Combined TRACON& Tower with Radar,4,37,16,0,57,0,0,13,0,13,4,37,29,0,70,60,0,60,130
06/10/2013,FAY,NC,ASO,EN,Combined TRACON& Tower with Radar,4,37,19,6,66,0,0,3,0,3,4,37,22,6,69,18,8,26,95
06/11/2013,FAY,NC,ASO,EN,Combined TRACON& Tower with Radar,4,38,37,8,87,0,0,28,0,28,4,38,65,8,115,40,12,52,167
06/12/2013,FAY,NC,ASO,EN,Combined TRACON& Tower with Radar,4,38,20,7,69,0,0,27,5,32,4,38,47,12,101,40,2,42,143
06/13/2013,FAY,NC,ASO,EN,Combined TRACON& Tower with Radar,3,29,20,6,58,0,0,13,1,14,3,29,33,7,72,2,4,6,78
06/14/2013,FAY,NC,ASO,EN,Combined TRACON& Tower with Radar,6,38,25,0,69,0,5,29,3,37,6,43,54,3,106,38,0,38,144
06/15/2013,FAY,NC,ASO,EN,Combined TRACON& Tower with Radar,3,34,7,0,44,0,2,44,0,46,3,36,51,0,90,42,0,42,132
06/16/2013,FAY,NC,ASO,EN,Combined TRACON& Tower with Radar,5,38,10,2,55,0,0,28,0,28,5,38,38,2,83,10,0,10,93
06/17/2013,FAY,NC,ASO,EN,Combined TRACON& Tower with Radar,4,38,7,6,55,0,0,38,0,38,4,38,45,6,93,18,2,20,113
06/18/2013,FAY,NC,ASO,EN,Combined TRACON& Tower with Radar,6,34,21,8,69,0,0,10,0,10,6,34,31,8,79,52,4,56,135
06/19/2013,FAY,NC,ASO,EN,Combined TRACON& Tower with Radar,4,43,21,21,89,0,3,17,2,22,4,46,38,23,111,80,26,106,217
06/20/2013,FAY,NC,ASO,EN,Combined TRACON& Tower with Radar,4,43,17,20,84,0,0,30,0,30,4,43,47,20,114,46,14,60,174
06/21/2013,FAY,NC,ASO,EN,Combined TRACON& Tower with Radar,4,39,23,3,69,0,1,32,1,34,4,40,55,4,103,86,16,102,205
06/22/2013,FAY,NC,ASO,EN,Combined TRACON& Tower with Radar,4,34,10,0,48,0,2,2,0,4,4,36,12,0,52,32,0,32,84
06/23/2013,FAY,NC,ASO,EN,Combined TRACON& Tower with Radar,4,37,17,1,59,0,0,15,0,15,4,37,32,1,74,20,0,20,94
06/24/2013,FAY,NC,ASO,EN,Combined TRACON& Tower with Radar,4,35,43,8,90,0,0,10,1,11,4,35,53,9,101,46,22,68,169
06/25/2013,FAY,NC,ASO,EN,Combined TRACON& Tower with Radar,4,37,22,4,67,0,1,11,4,16,4,38,33,8,83,0,0,0,83
06/26/2013,FAY,NC,ASO,EN,Combined TRACON& Tower with Radar,4,35,15,8,62,0,0,25,3,28,4,35,40,11,90,16,24,40,130
06/27/2013,FAY,NC,ASO,EN,Combined TRACON& Tower with Radar,3,38,18,9,68,0,0,12,4,16,3,38,30,13,84,6,6,12,96
06/28/2013,FAY,NC,ASO,EN,Combined TRACON& Tower with Radar,6,34,19,1,60,0,2,23,0,25,6,36,42,1,85,44,0,44,129
06/29/2013,FAY,NC,ASO,EN,Combined TRACON& Tower with Radar,4,36,15,0,55,0,1,13,0,14,4,37,28,0,69,22,0,22,91
06/30/2013,FAY,NC,ASO,EN,Combined TRACON& Tower with Radar,6,38,7,0,51,0,0,6,0,6,6,38,13,0,57,8,0,8,65
07/01/2013,FAY,NC,ASO,EN,Combined TRACON& Tower with Radar,6,36,14,24,80,0,0,1,1,2,6,36,15,25,82,18,34,52,134
07/02/2013,FAY,NC,ASO,EN,Combined TRACON& Tower with Radar,5,38,13,2,58,0,0,0,0,0,5,38,13,2,58,0,0,0,58
07/03/2013,FAY,NC,ASO,EN,Combined TRACON& Tower with Radar,4,35,15,10,64,0,0,9,0,9,4,35,24,10,73,0,18,18,91
07/04/2013,FAY,NC,ASO,EN,Combined TRACON& Tower with Radar,4,26,12,0,42,0,0,8,0,8,4,26,20,0,50,6,0,6,56
07/05/2013,FAY,NC,ASO,EN,Combined TRACON& Tower with Radar,4,34,22,0,60,0,0,13,0,13,4,34,35,0,73,42,0,42,115
07/06/2013,FAY,NC,ASO,EN,Combined TRACON& Tower with Radar,4,30,7,0,41,0,1,22,0,23,4,31,29,0,64,46,0,46,110
07/07/2013,FAY,NC,ASO,EN,Combined TRACON& Tower with Radar,4,33,14,0,51,0,0,24,0,24,4,33,38,0,75,12,0,12,87
07/08/2013,FAY,NC,ASO,EN,Combined TRACON& Tower with Radar,4,42,17,2,65,0,0,5,2,7,4,42,22,4,72,34,6,40,112
07/09/2013,FAY,NC,ASO,EN,Combined TRACON& Tower with Radar,3,38,12,15,68,0,0,3,1,4,3,38,15,16,72,20,10,30,102
07/10/2013,FAY,NC,ASO,EN,Combined TRACON& Tower with Radar,3,36,17,6,62,0,0,12,0,12,3,36,29,6,74,46,6,52,126
07/11/2013,FAY,NC,ASO,EN,Combined TRACON& Tower with Radar,3,39,20,14,76,0,4,15,4,23,3,43,35,18,99,46,8,54,153
07/12/2013,FAY,NC,ASO,EN,Combined TRACON& Tower with Radar,6,41,19,12,78,0,0,1,0,1,6,41,20,12,79,0,8,8,87
07/13/2013,FAY,NC,ASO,EN,Combined TRACON& Tower with Radar,4,33,5,0,42,0,0,2,0,2,4,33,7,0,44,10,0,10,54
07/14/2013,FAY,NC,ASO,EN,Combined TRACON& Tower with Radar,5,39,14,2,60,0,1,20,0,21,5,40,34,2,81,54,0,54,135
07/15/2013,FAY,NC,ASO,EN,Combined TRACON& Tower with Radar,4,38,12,0,54,0,2,20,0,22,4,40,32,0,76,26,0,26,102
07/16/2013,FAY,NC,ASO,EN,Combined TRACON& Tower with Radar,4,37,20,1,62,0,0,41,2,43,4,37,61,3,105,80,20,100,205
07/17/2013,FAY,NC,ASO,EN,Combined TRACON& Tower with Radar,3,38,25,15,81,0,0,15,6,21,3,38,40,21,102,84,34,118,220
07/18/2013,FAY,NC,ASO,EN,Combined TRACON& Tower with Radar,3,35,24,7,69,0,0,21,2,23,3,35,45,9,92,41,16,57,149
07/19/2013,FAY,NC,ASO,EN,Combined TRACON& Tower with Radar,4,37,12,0,53,0,2,24,1,27,4,39,36,1,80,44,2,46,126
07/20/2013,FAY,NC,ASO,EN,Combined TRACON& Tower with Radar,4,30,7,0,41,0,0,39,0,39,4,30,46,0,80,40,0,40,120
07/21/2013,FAY,NC,ASO,EN,Combined TRACON& Tower with Radar,3,34,23,0,60,0,0,8,0,8,3,34,31,0,68,44,0,44,112
07/22/2013,FAY,NC,ASO,EN,Combined TRACON& Tower with Radar,4,37,32,18,91,0,0,37,2,39,4,37,69,20,130,84,56,140,270
07/23/2013,FAY,NC,ASO,EN,Combined TRACON& Tower with Radar,4,42,21,20,87,0,0,28,0,28,4,42,49,20,115,68,22,90,205
07/24/2013,FAY,NC,ASO,EN,Combined TRACON& Tower with Radar,5,37,22,15,79,0,0,19,3,22,5,37,41,18,101,92,14,106,207
07/25/2013,FAY,NC,ASO,EN,Combined TRACON& Tower with Radar,3,33,26,6,68,0,0,21,0,21,3,33,47,6,89,37,6,43,132
07/26/2013,FAY,NC,ASO,EN,Combined TRACON& Tower with Radar,5,41,20,0,66,0,3,35,0,38,5,44,55,0,104,122,0,122,226
07/27/2013,FAY,NC,ASO,EN,Combined TRACON& Tower with Radar,4,33,8,0,45,0,0,33,0,33,4,33,41,0,78,20,0,20,98
07/28/2013,FAY,NC,ASO,EN,Combined TRACON& Tower with Radar,6,35,22,0,63,0,0,21,0,21,6,35,43,0,84,56,0,56,140
07/29/2013,FAY,NC,ASO,EN,Combined TRACON& Tower with Radar,4,37,20,16,77,0,0,22,0,22,4,37,42,16,99,48,10,58,157
07/30/2013,FAY,NC,ASO,EN,Combined TRACON& Tower with Radar,4,41,18,4,67,0,2,39,4,45,4,43,57,8,112,64,14,78,190
07/31/2013,FAY,NC,ASO,EN,Combined TRACON& Tower with Radar,4,36,15,23,78,0,1,12,3,16,4,37,27,26,94,36,36,72,166
08/01/2013,FAY,NC,ASO,EN,Combined TRACON& Tower with Radar,3,40,32,2,77,0,0,12,0,12,3,40,44,2,89,54,14,68,157
08/02/2013,FAY,NC,ASO,EN,Combined TRACON& Tower with Radar,2,39,12,9,62,0,2,14,0,16,2,41,26,9,78,78,0,78,156
08/03/2013,FAY,NC,ASO,EN,Combined TRACON& Tower with Radar,3,34,14,0,51,0,1,43,0,44,3,35,57,0,95,134,0,134,229
08/04/2013,FAY,NC,ASO,EN,Combined TRACON& Tower with Radar,3,40,5,1,49,0,0,34,0,34,3,40,39,1,83,40,0,40,123
08/05/2013,FAY,NC,ASO,EN,Combined TRACON& Tower with Radar,2,38,11,11,62,0,1,37,1,39,2,39,48,12,101,24,46,70,171
08/06/2013,FAY,NC,ASO,EN,Combined TRACON& Tower with Radar,2,42,13,14,71,0,2,30,0,32,2,44,43,14,103,86,14,100,203
08/07/2013,FAY,NC,ASO,EN,Combined TRACON& Tower with Radar,2,37,16,16,71,0,1,24,5,30,2,38,40,21,101,28,6,34,135
08/08/2013,FAY,NC,ASO,EN,Combined TRACON& Tower with Radar,2,37,12,12,63,0,0,20,4,24,2,37,32,16,87,42,68,110,197
08/09/2013,FAY,NC,ASO,EN,Combined TRACON& Tower with Radar,2,41,18,11,72,0,2,19,0,21,2,43,37,11,93,8,8,16,109
08/10/2013,FAY,NC,ASO,EN,Combined TRACON& Tower with Radar,3,29,2,0,34,0,0,26,0,26,3,29,28,0,60,20,0,20,80
08/11/2013,FAY,NC,ASO,EN,Combined TRACON& Tower with Radar,5,38,10,0,53,0,0,26,0,26,5,38,36,0,79,8,0,8,87
08/12/2013,FAY,NC,ASO,EN,Combined TRACON& Tower with Radar,2,39,13,2,56,0,0,27,0,27,2,39,40,2,83,56,2,58,141
08/13/2013,FAY,NC,ASO,EN,Combined TRACON& Tower with Radar,4,35,21,9,69,0,0,15,1,16,4,35,36,10,85,46,32,78,163
08/14/2013,FAY,NC,ASO,EN,Combined TRACON& Tower with Radar,2,38,20,5,65,0,0,11,3,14,2,38,31,8,79,56,16,72,151
08/15/2013,FAY,NC,ASO,EN,Combined TRACON& Tower with Radar,2,41,14,20,77,0,1,36,2,39,2,42,50,22,116,24,28,52,168
08/16/2013,FAY,NC,ASO,EN,Combined TRACON& Tower with Radar,2,41,31,0,74,0,0,7,0,7,2,41,38,0,81,0,0,0,81
08/17/2013,FAY,NC,ASO,EN,Combined TRACON& Tower with Radar,3,31,14,0,48,0,0,0,0,0,3,31,14,0,48,4,0,4,52
08/18/2013,FAY,NC,ASO,EN,Combined TRACON& Tower with Radar,3,39,25,0,67,0,0,24,0,24,3,39,49,0,91,22,0,22,113
08/19/2013,FAY,NC,ASO,EN,Combined TRACON& Tower with Radar,2,39,22,12,75,0,1,1,1,3,2,40,23,13,78,0,8,8,86
08/20/2013,FAY,NC,ASO,EN,Combined TRACON& Tower with Radar,2,37,29,4,72,0,0,14,2,16,2,37,43,6,88,76,0,76,164
08/21/2013,FAY,NC,ASO,EN,Combined TRACON& Tower with Radar,2,37,14,2,55,0,0,12,0,12,2,37,26,2,67,0,2,2,69
08/22/2013,FAY,NC,ASO,EN,Combined TRACON& Tower with Radar,4,41,10,4,59,0,0,41,2,43,4,41,51,6,102,8,0,8,110
08/23/2013,FAY,NC,ASO,EN,Combined TRACON& Tower with Radar,4,39,28,6,77,0,2,37,2,41,4,41,65,8,118,46,0,46,164
08/24/2013,FAY,NC,ASO,EN,Combined TRACON& Tower with Radar,2,31,11,0,44,0,0,52,0,52,2,31,63,0,96,20,0,20,116
08/25/2013,FAY,NC,ASO,EN,Combined TRACON& Tower with Radar,4,34,5,0,43,0,4,41,0,45,4,38,46,0,88,12,0,12,100
08/26/2013,FAY,NC,ASO,EN,Combined TRACON& Tower with Radar,2,36,17,5,60,0,1,36,3,40,2,37,53,8,100,34,0,34,134
08/27/2013,FAY,NC,ASO,EN,Combined TRACON& Tower with Radar,2,36,16,2,56,0,2,45,2,49,2,38,61,4,105,36,8,44,149
08/28/2013,FAY,NC,ASO,EN,Combined TRACON& Tower with Radar,2,36,29,17,84,0,1,26,6,33,2,37,55,23,117,30,30,60,177
08/29/2013,FAY,NC,ASO,EN,Combined TRACON& Tower with Radar,2,36,24,4,66,0,0,27,1,28,2,36,51,5,94,30,0,30,124
08/30/2013,FAY,NC,ASO,EN,Combined TRACON& Tower with Radar,3,30,18,2,53,0,3,14,0,17,3,33,32,2,70,70,0,70,140
08/31/2013,FAY,NC,ASO,EN,Combined TRACON& Tower with Radar,3,28,10,0,41,0,2,28,0,30,3,30,38,0,71,48,0,48,119
09/01/2013,FAY,NC,ASO,EN,Combined TRACON& Tower with Radar,3,31,18,0,52,0,0,9,0,9,3,31,27,0,61,0,0,0,61
09/02/2013,FAY,NC,ASO,EN,Combined TRACON& Tower with Radar,2,34,25,0,61,0,0,21,0,21,2,34,46,0,82,30,0,30,112
09/03/2013,FAY,NC,ASO,EN,Combined TRACON& Tower with Radar,2,36,15,15,68,0,0,9,5,14,2,36,24,20,82,0,46,46,128
09/04/2013,FAY,NC,ASO,EN,Combined TRACON& Tower with Radar,2,33,26,12,73,0,0,26,0,26,2,33,52,12,99,22,10,32,131
09/05/2013,FAY,NC,ASO,EN,Combined TRACON& Tower with Radar,2,36,17,4,59,0,0,16,4,20,2,36,33,8,79,32,20,52,131
09/06/2013,FAY,NC,ASO,EN,Combined TRACON& Tower with Radar,2,36,18,3,59,0,0,35,1,36,2,36,53,4,95,36,0,36,131
09/07/2013,FAY,NC,ASO,EN,Combined TRACON& Tower with Radar,3,27,9,0,39,0,0,28,0,28,3,27,37,0,67,92,0,92,159
09/08/2013,FAY,NC,ASO,EN,Combined TRACON& Tower with Radar,3,30,10,0,43,0,0,19,0,19,3,30,29,0,62,34,0,34,96
09/09/2013,FAY,NC,ASO,EN,Combined TRACON& Tower with Radar,2,34,11,6,53,0,1,13,0,14,2,35,24,6,67,36,6,42,109
09/10/2013,FAY,NC,ASO,EN,Combined TRACON& Tower with Radar,2,31,20,8,61,0,0,20,4,24,2,31,40,12,85,20,10,30,115
09/11/2013,FAY,NC,ASO,EN,Combined TRACON& Tower with Radar,2,33,29,14,78,0,0,22,0,22,2,33,51,14,100,22,14,36,136
09/12/2013,FAY,NC,ASO,EN,Combined TRACON& Tower with Radar,2,37,14,8,61,0,0,19,1,20,2,37,33,9,81,44,9,53,134
09/13/2013,FAY,NC,ASO,EN,Combined TRACON& Tower with Radar,1,40,19,8,68,0,2,21,0,23,1,42,40,8,91,78,4,82,173
09/14/2013,FAY,NC,ASO,EN,Combined TRACON& Tower with Radar,3,30,6,2,41,0,1,18,0,19,3,31,24,2,60,94,0,94,154
09/15/2013,FAY,NC,ASO,EN,Combined TRACON& Tower with Radar,3,32,12,0,47,0,0,33,0,33,3,32,45,0,80,82,0,82,162
09/16/2013,FAY,NC,ASO,EN,Combined TRACON& Tower with Radar,2,34,13,1,50,0,0,15,4,19,2,34,28,5,69,28,42,70,139
09/17/2013,FAY,NC,ASO,EN,Combined TRACON& Tower with Radar,2,30,25,5,62,0,2,13,3,18,2,32,38,8,80,42,6,48,128
09/18/2013,FAY,NC,ASO,EN,Combined TRACON& Tower with Radar,2,34,23,16,75,0,0,19,2,21,2,34,42,18,96,20,34,54,150
09/19/2013,FAY,NC,ASO,EN,Combined TRACON& Tower with Radar,2,34,31,7,74,0,0,13,3,16,2,34,44,10,90,98,2,100,190
09/20/2013,FAY,NC,ASO,EN,Combined TRACON& Tower with Radar,2,38,26,0,66,0,0,16,0,16,2,38,42,0,82,70,0,70,152
09/21/2013,FAY,NC,ASO,EN,Combined TRACON& Tower with Radar,3,31,8,0,42,0,0,12,0,12,3,31,20,0,54,48,0,48,102
09/22/2013,FAY,NC,ASO,EN,Combined TRACON& Tower with Radar,3,32,16,0,51,0,0,9,0,9,3,32,25,0,60,22,0,22,82
09/23/2013,FAY,NC,ASO,EN,Combined TRACON& Tower with Radar,2,34,15,14,65,0,0,24,4,28,2,34,39,18,93,22,12,34,127
09/24/2013,FAY,NC,ASO,EN,Combined TRACON& Tower with Radar,2,28,28,22,80,0,1,34,3,38,2,29,62,25,118,46,26,72,190
09/25/2013,FAY,NC,ASO,EN,Combined TRACON& Tower with Radar,2,34,22,15,73,0,0,16,6,22,2,34,38,21,95,18,10,28,123
09/26/2013,FAY,NC,ASO,EN,Combined TRACON& Tower with Radar,2,36,26,9,73,0,0,16,3,19,2,36,42,12,92,30,10,40,132
09/27/2013,FAY,NC,ASO,EN,Combined TRACON& Tower with Radar,4,33,16,11,64,0,0,31,3,34,4,33,47,14,98,54,24,78,176
09/28/2013,FAY,NC,ASO,EN,Combined TRACON& Tower with Radar,3,29,3,0,35,0,1,21,0,22,3,30,24,0,57,10,0,10,67
09/29/2013,FAY,NC,ASO,EN,Combined TRACON& Tower with Radar,7,33,5,0,45,0,0,28,0,28,7,33,33,0,73,8,0,8,81
09/30/2013,FAY,NC,ASO,EN,Combined TRACON& Tower with Radar,2,37,21,4,64,0,2,18,0,20,2,39,39,4,84,4,2,6,90
10/01/2013,FAY,NC,ASO,EN,Combined TRACON& Tower with Radar,4,32,14,15,65,0,1,25,4,30,4,33,39,19,95,6,18,24,119
10/02/2013,FAY,NC,ASO,EN,Combined TRACON& Tower with Radar,2,34,19,5,60,0,0,26,0,26,2,34,45,5,86,84,2,86,172
10/03/2013,FAY,NC,ASO,EN,Combined TRACON& Tower with Radar,2,35,12,11,60,0,0,21,5,26,2,35,33,16,86,49,18,67,153
10/04/2013,FAY,NC,ASO,EN,Combined TRACON& Tower with Radar,2,41,25,0,68,0,0,29,0,29,2,41,54,0,97,0,0,0,97
10/05/2013,FAY,NC,ASO,EN,Combined TRACON& Tower with Radar,3,30,11,0,44,0,0,26,0,26,3,30,37,0,70,56,0,56,126
10/06/2013,FAY,NC,ASO,EN,Combined TRACON& Tower with Radar,3,35,20,2,60,0,0,15,0,15,3,35,35,2,75,60,0,60,135
10/07/2013,FAY,NC,ASO,EN,Combined TRACON& Tower with Radar,2,34,14,6,56,0,0,2,1,3,2,34,16,7,59,0,0,0,59
10/08/2013,FAY,NC,ASO,EN,Combined TRACON& Tower with Radar,2,32,31,34,99,0,1,2,0,3,2,33,33,34,102,14,2,16,118
10/09/2013,FAY,NC,ASO,EN,Combined TRACON& Tower with Radar,2,35,21,8,66,0,0,2,0,2,2,35,23,8,68,2,42,44,112
10/10/2013,FAY,NC,ASO,EN,Combined TRACON& Tower with Radar,2,36,45,16,99,0,0,1,0,1,2,36,46,16,100,20,10,30,130
10/11/2013,FAY,NC,ASO,EN,Combined TRACON& Tower with Radar,2,34,18,0,54,0,0,8,0,8,2,34,26,0,62,0,0,0,62
10/12/2013,FAY,NC,ASO,EN,Combined TRACON& Tower with Radar,3,31,15,0,49,0,0,4,0,4,3,31,19,0,53,0,2,2,55
10/13/2013,FAY,NC,ASO,EN,Combined TRACON& Tower with Radar,3,27,23,0,53,0,0,0,0,0,3,27,23,0,53,0,0,0,53
10/14/2013,FAY,NC,ASO,EN,Combined TRACON& Tower with Radar,2,38,26,0,66,0,0,3,0,3,2,38,29,0,69,16,0,16,85
10/15/2013,FAY,NC,ASO,EN,Combined TRACON& Tower with Radar,2,43,26,4,75,0,1,18,0,19,2,44,44,4,94,22,2,24,118
10/16/2013,FAY,NC,ASO,EN,Combined TRACON& Tower with Radar,2,34,26,2,64,0,0,0,3,3,2,34,26,5,67,6,2,8,75
10/17/2013,FAY,NC,ASO,EN,Combined TRACON& Tower with Radar,4,36,8,29,77,0,1,29,11,41,4,37,37,40,118,44,60,104,222
10/18/2013,FAY,NC,ASO,EN,Combined TRACON& Tower with Radar,2,35,43,5,85,0,0,14,1,15,2,35,57,6,100,46,20,66,166
10/19/2013,FAY,NC,ASO,EN,Combined TRACON& Tower with Radar,2,35,9,0,46,0,0,4,0,4,2,35,13,0,50,46,0,46,96
10/20/2013,FAY,NC,ASO,EN,Combined TRACON& Tower with Radar,4,35,8,0,47,0,1,36,0,37,4,36,44,0,84,36,0,36,120
10/21/2013,FAY,NC,ASO,EN,Combined TRACON& Tower with Radar,2,35,13,7,57,0,0,21,1,22,2,35,34,8,79,50,8,58,137
10/22/2013,FAY,NC,ASO,EN,Combined TRACON& Tower with Radar,3,35,11,4,53,0,0,22,0,22,3,35,33,4,75,20,2,22,97
10/23/2013,FAY,NC,ASO,EN,Combined TRACON& Tower with Radar,2,36,17,2,57,0,0,9,0,9,2,36,26,2,66,22,1,23,89
10/24/2013,FAY,NC,ASO,EN,Combined TRACON& Tower with Radar,3,39,11,3,56,0,0,17,1,18,3,39,28,4,74,16,8,24,98
10/25/2013,FAY,NC,ASO,EN,Combined TRACON& Tower with Radar,3,34,13,7,57,0,0,18,0,18,3,34,31,7,75,13,4,17,92
10/26/2013,FAY,NC,ASO,EN,Combined TRACON& Tower with Radar,3,32,9,2,46,0,0,38,0,38,3,32,47,2,84,56,2,58,142
10/27/2013,FAY,NC,ASO,EN,Combined TRACON& Tower with Radar,5,33,10,1,49,0,1,29,0,30,5,34,39,1,79,68,0,68,147
10/28/2013,FAY,NC,ASO,EN,Combined TRACON& Tower with Radar,4,35,25,9,73,0,0,15,1,16,4,35,40,10,89,10,2,12,101
10/29/2013,FAY,NC,ASO,EN,Combined TRACON& Tower with Radar,2,39,21,0,62,0,1,31,1,33,2,40,52,1,95,30,0,30,125
10/30/2013,FAY,NC,ASO,EN,Combined TRACON& Tower with Radar,4,31,14,4,53,0,0,10,0,10,4,31,24,4,63,44,18,62,125
10/31/2013,FAY,NC,ASO,EN,Combined TRACON& Tower with Radar,4,32,20,5,61,0,0,11,4,15,4,32,31,9,76,74,22,96,172
11/01/2013,FAY,NC,ASO,EN,Combined TRACON& Tower with Radar,2,33,18,4,57,0,0,3,0,3,2,33,21,4,60,2,4,6,66
11/02/2013,FAY,NC,ASO,EN,Combined TRACON& Tower with Radar,2,28,7,2,39,0,0,20,0,20,2,28,27,2,59,48,2,50,109
11/03/2013,FAY,NC,ASO,EN,Combined TRACON& Tower with Radar,2,31,16,0,49,0,0,27,0,27,2,31,43,0,76,16,0,16,92
11/04/2013,FAY,NC,ASO,EN,Combined TRACON& Tower with Radar,2,34,12,11,59,0,0,21,7,28,2,34,33,18,87,14,18,32,119
11/05/2013,FAY,NC,ASO,EN,Combined TRACON& Tower with Radar,2,34,15,4,55,0,0,11,0,11,2,34,26,4,66,4,0,4,70
11/06/2013,FAY,NC,ASO,EN,Combined TRACON& Tower with Radar,2,37,23,18,80,0,0,18,8,26,2,37,41,26,106,13,50,63,169
11/07/2013,FAY,NC,ASO,EN,Combined TRACON& Tower with Radar,2,40,16,13,71,0,0,11,5,16,2,40,27,18,87,8,30,38,125
11/08/2013,FAY,NC,ASO,EN,Combined TRACON& Tower with Radar,2,37,13,1,53,0,0,46,1,47,2,37,59,2,100,84,0,84,184
11/09/2013,FAY,NC,ASO,EN,Combined TRACON& Tower with Radar,2,30,13,0,45,0,0,26,0,26,2,30,39,0,71,34,0,34,105
11/10/2013,FAY,NC,ASO,EN,Combined TRACON& Tower with Radar,2,33,14,1,50,0,0,19,1,20,2,33,33,2,70,0,0,0,70
11/11/2013,FAY,NC,ASO,EN,Combined TRACON& Tower with Radar,2,36,17,1,56,0,2,28,0,30,2,38,45,1,86,0,0,0,86
11/12/2013,FAY,NC,ASO,EN,Combined TRACON& Tower with Radar,2,35,18,18,73,0,0,11,5,16,2,35,29,23,89,44,16,60,149
11/13/2013,FAY,NC,ASO,EN,Combined TRACON& Tower with Radar,2,35,10,9,56,0,0,5,3,8,2,35,15,12,64,41,48,89,153
11/14/2013,FAY,NC,ASO,EN,Combined TRACON& Tower with Radar,2,37,18,32,89,0,0,15,6,21,2,37,33,38,110,32,60,92,202
11/15/2013,FAY,NC,ASO,EN,Combined TRACON& Tower with Radar,2,36,12,5,55,0,0,18,1,19,2,36,30,6,74,45,0,45,119
11/16/2013,FAY,NC,ASO,EN,Combined TRACON& Tower with Radar,2,34,14,0,50,0,0,8,0,8,2,34,22,0,58,22,0,22,80
11/17/2013,FAY,NC,ASO,EN,Combined TRACON& Tower with Radar,6,28,20,4,58,0,1,12,0,13,6,29,32,4,71,32,0,32,103
11/18/2013,FAY,NC,ASO,EN,Combined TRACON& Tower with Radar,2,33,13,0,48,0,2,14,2,18,2,35,27,2,66,42,0,42,108
11/19/2013,FAY,NC,ASO,EN,Combined TRACON& Tower with Radar,4,35,13,0,52,0,1,35,1,37,4,36,48,1,89,58,4,62,151
11/20/2013,FAY,NC,ASO,EN,Combined TRACON& Tower with Radar,2,32,27,7,68,0,0,29,4,33,2,32,56,11,101,30,16,46,147
11/21/2013,FAY,NC,ASO,EN,Combined TRACON& Tower with Radar,2,38,23,22,85,0,0,29,4,33,2,38,52,26,118,37,69,106,224
11/22/2013,FAY,NC,ASO,EN,Combined TRACON& Tower with Radar,4,38,20,2,64,0,0,12,0,12,4,38,32,2,76,28,0,28,104
11/23/2013,FAY,NC,ASO,EN,Combined TRACON& Tower with Radar,2,29,14,2,47,0,0,12,0,12,2,29,26,2,59,56,2,58,117
11/24/2013,FAY,NC,ASO,EN,Combined TRACON& Tower with Radar,4,31,11,0,46,0,0,16,0,16,4,31,27,0,62,5,2,7,69
11/25/2013,FAY,NC,ASO,EN,Combined TRACON& Tower with Radar,2,31,13,22,68,0,0,19,4,23,2,31,32,26,91,37,29,66,157
11/26/2013,FAY,NC,ASO,EN,Combined TRACON& Tower with Radar,2,37,10,6,55,0,0,0,0,0,2,37,10,6,55,0,8,8,63
11/27/2013,FAY,NC,ASO,EN,Combined TRACON& Tower with Radar,2,39,7,18,66,0,0,3,0,3,2,39,10,18,69,0,14,14,83
11/28/2013,FAY,NC,ASO,EN,Combined TRACON& Tower with Radar,2,26,8,0,36,0,1,5,0,6,2,27,13,0,42,0,0,0,42
11/29/2013,FAY,NC,ASO,EN,Combined TRACON& Tower with Radar,3,22,8,0,33,0,0,21,0,21,3,22,29,0,54,36,2,38,92
11/30/2013,FAY,NC,ASO,EN,Combined TRACON& Tower with Radar,4,35,7,0,46,0,1,27,0,28,4,36,34,0,74,30,0,30,104
12/01/2013,FAY,NC,ASO,EN,Combined TRACON& Tower with Radar,4,36,13,0,53,0,0,17,0,17,4,36,30,0,70,76,0,76,146
12/02/2013,FAY,NC,ASO,EN,Combined TRACON& Tower with Radar,2,37,27,3,69,0,0,15,0,15,2,37,42,3,84,24,0,24,108
12/03/2013,FAY,NC,ASO,EN,Combined TRACON& Tower with Radar,2,38,27,8,75,0,1,12,0,13,2,39,39,8,88,30,0,30,118
12/04/2013,FAY,NC,ASO,EN,Combined TRACON& Tower with Radar,2,33,26,14,75,0,0,0,0,0,2,33,26,14,75,0,6,6,81
12/05/2013,FAY,NC,ASO,EN,Combined TRACON& Tower with Radar,2,37,28,5,72,0,0,15,3,18,2,37,43,8,90,0,16,16,106
12/06/2013,FAY,NC,ASO,EN,Combined TRACON& Tower with Radar,2,37,12,4,55,0,0,32,0,32,2,37,44,4,87,40,0,40,127
12/07/2013,FAY,NC,ASO,EN,Combined TRACON& Tower with Radar,5,25,17,0,47,0,0,0,0,0,5,25,17,0,47,0,0,0,47
12/08/2013,FAY,NC,ASO,EN,Combined TRACON& Tower with Radar,5,25,14,0,44,0,0,1,0,1,5,25,15,0,45,2,0,2,47
12/09/2013,FAY,NC,ASO,EN,Combined TRACON& Tower with Radar,1,26,12,0,39,0,0,0,0,0,1,26,12,0,39,0,0,0,39
12/10/2013,FAY,NC,ASO,EN,Combined TRACON& Tower with Radar,5,30,20,4,59,0,0,2,0,2,5,30,22,4,61,0,4,4,65
12/11/2013,FAY,NC,ASO,EN,Combined TRACON& Tower with Radar,2,37,30,18,87,0,0,29,0,29,2,37,59,18,116,21,16,37,153
12/12/2013,FAY,NC,ASO,EN,Combined TRACON& Tower with Radar,4,40,17,16,77,0,0,19,1,20,4,40,36,17,97,30,24,54,151
12/13/2013,FAY,NC,ASO,EN,Combined TRACON& Tower with Radar,2,40,20,3,65,0,1,36,1,38,2,41,56,4,103,26,0,26,129
12/14/2013,FAY,NC,ASO,EN,Combined TRACON& Tower with Radar,6,28,4,0,38,0,0,8,0,8,6,28,12,0,46,0,0,0,46
12/15/2013,FAY,NC,ASO,EN,Combined TRACON& Tower with Radar,6,32,10,0,48,0,0,6,0,6,6,32,16,0,54,6,0,6,60
12/16/2013,FAY,NC,ASO,EN,Combined TRACON& Tower with Radar,4,32,22,2,60,0,0,30,2,32,4,32,52,4,92,28,0,28,120
12/17/2013,FAY,NC,ASO,EN,Combined TRACON& Tower with Radar,2,34,12,2,50,0,0,23,1,24,2,34,35,3,74,36,0,36,110
12/18/2013,FAY,NC,ASO,EN,Combined TRACON& Tower with Radar,2,35,15,10,62,0,0,21,2,23,2,35,36,12,85,42,16,58,143
12/19/2013,FAY,NC,ASO,EN,Combined TRACON& Tower with Radar,1,33,22,9,65,0,0,33,1,34,1,33,55,10,99,42,14,56,155
12/20/2013,FAY,NC,ASO,EN,Combined TRACON& Tower with Radar,1,38,12,1,52,0,0,20,3,23,1,38,32,4,75,14,0,14,89
12/21/2013,FAY,NC,ASO,EN,Combined TRACON& Tower with Radar,2,33,2,0,37,0,2,25,0,27,2,35,27,0,64,34,0,34,98
12/22/2013,FAY,NC,ASO,EN,Combined TRACON& Tower with Radar,4,29,8,0,41,0,0,7,0,7,4,29,15,0,48,10,0,10,58
12/23/2013,FAY,NC,ASO,EN,Combined TRACON& Tower with Radar,2,34,19,0,55,0,0,2,0,2,2,34,21,0,57,24,0,24,81
12/24/2013,FAY,NC,ASO,EN,Combined TRACON& Tower with Radar,2,28,10,0,40,0,0,15,1,16,2,28,25,1,56,18,0,18,74
12/25/2013,FAY,NC,ASO,EN,Combined TRACON& Tower with Radar,4,31,3,0,38,0,1,12,0,13,4,32,15,0,51,0,0,0,51
12/26/2013,FAY,NC,ASO,EN,Combined TRACON& Tower with Radar,1,34,10,0,45,0,0,15,0,15,1,34,25,0,60,20,0,20,80
12/27/2013,FAY,NC,ASO,EN,Combined TRACON& Tower with Radar,1,34,12,0,47,0,1,28,0,29,1,35,40,0,76,36,0,36,112
12/28/2013,FAY,NC,ASO,EN,Combined TRACON& Tower with Radar,2,32,10,0,44,0,0,30,0,30,2,32,40,0,74,59,0,59,133
12/29/2013,FAY,NC,ASO,EN,Combined TRACON& Tower with Radar,4,31,1,0,36,0,0,5,0,5,4,31,6,0,41,0,0,0,41
12/30/2013,FAY,NC,ASO,EN,Combined TRACON& Tower with Radar,2,41,15,1,59,0,1,22,1,24,2,42,37,2,83,28,18,46,129
12/31/2013,FAY,NC,ASO,EN,Combined TRACON& Tower with Radar,2,26,8,0,36,0,0,13,0,13,2,26,21,0,49,14,0,14,63
01/01/2014,FAY,NC,ASO,EN,Combined TRACON& Tower with Radar,2,26,3,0,31,0,0,4,0,4,2,26,7,0,35,14,0,14,49
01/02/2014,FAY,NC,ASO,EN,Combined TRACON& Tower with Radar,4,34,7,0,45,0,0,0,0,0,4,34,7,0,45,0,0,0,45
01/03/2014,FAY,NC,ASO,EN,Combined TRACON& Tower with Radar,2,24,14,1,41,0,0,10,0,10,2,24,24,1,51,6,0,6,57
01/04/2014,FAY,NC,ASO,EN,Combined TRACON& Tower with Radar,2,28,25,4,59,0,0,14,0,14,2,28,39,4,73,45,0,45,118
01/05/2014,FAY,NC,ASO,EN,Combined TRACON& Tower with Radar,3,25,11,0,39,0,0,0,0,0,3,25,11,0,39,6,0,6,45
01/06/2014,FAY,NC,ASO,EN,Combined TRACON& Tower with Radar,2,26,5,0,33,0,0,1,0,1,2,26,6,0,34,0,0,0,34
01/07/2014,FAY,NC,ASO,EN,Combined TRACON& Tower with Radar,6,24,19,6,55,0,0,8,0,8,6,24,27,6,63,6,8,14,77
01/08/2014,FAY,NC,ASO,EN,Combined TRACON& Tower with Radar,4,32,22,15,73,0,0,18,1,19,4,32,40,16,92,36,26,62,154
01/09/2014,FAY,NC,ASO,EN,Combined TRACON& Tower with Radar,4,31,12,0,47,0,0,13,0,13,4,31,25,0,60,12,0,12,72
01/10/2014,FAY,NC,ASO,EN,Combined TRACON& Tower with Radar,6,27,14,24,71,0,0,1,0,1,6,27,15,24,72,0,0,0,72
01/11/2014,FAY,NC,ASO,EN,Combined TRACON& Tower with Radar,4,24,8,2,38,0,0,0,0,0,4,24,8,2,38,0,0,0,38
01/12/2014,FAY,NC,ASO,EN,Combined TRACON& Tower with Radar,6,26,10,1,43,0,0,36,1,37,6,26,46,2,80,40,0,40,120
01/13/2014,FAY,NC,ASO,EN,Combined TRACON& Tower with Radar,6,31,13,9,59,0,3,6,3,12,6,34,19,12,71,12,0,12,83
01/14/2014,FAY,NC,ASO,EN,Combined TRACON& Tower with Radar,5,27,9,2,43,0,0,2,2,4,5,27,11,4,47,20,0,20,67
01/15/2014,FAY,NC,ASO,EN,Combined TRACON& Tower with Radar,4,27,26,39,96,0,0,11,0,11,4,27,37,39,107,46,48,94,201
01/16/2014,FAY,NC,ASO,EN,Combined TRACON& Tower with Radar,6,31,19,1,57,0,0,13,2,15,6,31,32,3,72,42,2,44,116
01/17/2014,FAY,NC,ASO,EN,Combined TRACON& Tower with Radar,6,32,24,0,62,0,0,26,2,28,6,32,50,2,90,18,26,44,134
01/18/2014,FAY,NC,ASO,EN,Combined TRACON& Tower with Radar,4,23,8,0,35,0,0,18,0,18,4,23,26,0,53,22,0,22,75
01/19/2014,FAY,NC,ASO,EN,Combined TRACON& Tower with Radar,6,26,8,0,40,0,0,19,0,19,6,26,27,0,59,14,0,14,73
01/20/2014,FAY,NC,ASO,EN,Combined TRACON& Tower with Radar,6,30,10,0,46,0,0,26,0,26,6,30,36,0,72,10,0,10,82
01/21/2014,FAY,NC,ASO,EN,Combined TRACON& Tower with Radar,6,20,7,6,39,0,0,14,2,16,6,20,21,8,55,0,54,54,109
01/22/2014,FAY,NC,ASO,EN,Combined TRACON& Tower with Radar,4,22,7,14,47,0,0,10,0,10,4,22,17,14,57,6,0,6,63
01/23/2014,FAY,NC,ASO,EN,Combined TRACON& Tower with Radar,6,32,4,9,51,0,0,16,1,17,6,32,20,10,68,28,8,36,104
01/24/2014,FAY,NC,ASO,EN,Combined TRACON& Tower with Radar,8,30,9,9,56,0,0,21,5,26,8,30,30,14,82,13,30,43,125
01/25/2014,FAY,NC,ASO,EN,Combined TRACON& Tower with Radar,4,26,6,0,36,0,0,15,1,16,4,26,21,1,52,6,0,6,58
01/26/2014,FAY,NC,ASO,EN,Combined TRACON& Tower with Radar,5,27,11,0,43,0,0,36,5,41,5,27,47,5,84,36,0,36,120
01/27/2014,FAY,NC,ASO,EN,Combined TRACON& Tower with Radar,5,31,14,20,70,0,0,16,3,19,5,31,30,23,89,12,22,34,123
01/28/2014,FAY,NC,ASO,EN,Combined TRACON& Tower with Radar,2,10,3,6,21,0,0,9,2,11,2,10,12,8,32,0,16,16,48
01/29/2014,FAY,NC,ASO,EN,Combined TRACON& Tower with Radar,0,0,1,0,1,0,0,3,0,3,0,0,4,0,4,0,0,0,4
01/30/2014,FAY,NC,ASO,EN,Combined TRACON& Tower with Radar,3,23,11,4,41,0,0,8,0,8,3,23,19,4,49,8,6,14,63
01/31/2014,FAY,NC,ASO,EN,Combined TRACON& Tower with Radar,7,27,17,6,57,0,0,15,2,17,7,27,32,8,74,16,12,28,102
02/01/2014,FAY,NC,ASO,EN,Combined TRACON& Tower with Radar,3,26,13,2,44,0,0,10,0,10,3,26,23,2,54,14,0,14,68
02/02/2014,FAY,NC,ASO,EN,Combined TRACON& Tower with Radar,5,23,16,0,44,0,0,22,0,22,5,23,38,0,66,36,0,36,102
02/03/2014,FAY,NC,ASO,EN,Combined TRACON& Tower with Radar,4,31,16,2,53,0,1,6,1,8,4,32,22,3,61,0,0,0,61
02/04/2014,FAY,NC,ASO,EN,Combined TRACON& Tower with Radar,5,26,22,22,75,0,0,0,0,0,5,26,22,22,75,0,0,0,75
02/05/2014,FAY,NC,ASO,EN,Combined TRACON& Tower with Radar,4,28,22,3,57,0,0,3,0,3,4,28,25,3,60,0,0,0,60
02/06/2014,FAY,NC,ASO,EN,Combined TRACON& Tower with Radar,6,29,11,11,57,0,0,13,9,22,6,29,24,20,79,0,20,20,99
02/07/2014,FAY,NC,ASO,EN,Combined TRACON& Tower with Radar,6,29,19,8,62,0,0,22,0,22,6,29,41,8,84,22,0,22,106
02/08/2014,FAY,NC,ASO,EN,Combined TRACON& Tower with Radar,4,27,25,2,58,0,0,32,0,32,4,27,57,2,90,41,2,43,133
02/09/2014,FAY,NC,ASO,EN,Combined TRACON& Tower with Radar,5,29,13,0,47,0,0,20,0,20,5,29,33,0,67,18,0,18,85
02/10/2014,FAY,NC,ASO,EN,Combined TRACON& Tower with Radar,5,31,20,24,80,0,0,8,4,12,5,31,28,28,92,26,36,62,154
02/11/2014,FAY,NC,ASO,EN,Combined TRACON& Tower with Radar,2,6,6,4,18,0,0,0,0,0,2,6,6,4,18,34,0,34,52
02/12/2014,FAY,NC,ASO,EN,Combined TRACON& Tower with Radar,0,0,2,0,2,0,0,0,0,0,0,0,2,0,2,0,0,0,2
02/13/2014,FAY,NC,ASO,EN,Combined TRACON& Tower with Radar,1,2,3,0,6,0,0,1,0,1,1,2,4,0,7,0,0,0,7
02/14/2014,FAY,NC,ASO,EN,Combined TRACON& Tower with Radar,4,22,19,0,45,0,0,11,0,11,4,22,30,0,56,24,0,24,80
02/15/2014,FAY,NC,ASO,EN,Combined TRACON& Tower with Radar,2,26,3,0,31,0,2,6,0,8,2,28,9,0,39,18,0,18,57
02/16/2014,FAY,NC,ASO,EN,Combined TRACON& Tower with Radar,2,25,5,0,32,0,0,23,0,23,2,25,28,0,55,30,0,30,85
02/17/2014,FAY,NC,ASO,EN,Combined TRACON& Tower with Radar,6,31,21,0,58,0,2,24,1,27,6,33,45,1,85,34,0,34,119
02/18/2014,FAY,NC,ASO,EN,Combined TRACON& Tower with Radar,6,27,19,14,66,0,2,20,0,22,6,29,39,14,88,4,4,8,96
02/19/2014,FAY,NC,ASO,EN,Combined TRACON& Tower with Radar,6,26,15,7,54,0,0,8,1,9,6,26,23,8,63,4,8,12,75
02/20/2014,FAY,NC,ASO,EN,Combined TRACON& Tower with Radar,6,28,21,14,69,0,0,25,0,25,6,28,46,14,94,38,10,48,142
02/21/2014,FAY,NC,ASO,EN,Combined TRACON& Tower with Radar,5,27,9,0,41,0,0,0,0,0,5,27,9,0,41,0,0,0,41
02/22/2014,FAY,NC,ASO,EN,Combined TRACON& Tower with Radar,3,24,9,1,37,0,4,40,0,44,3,28,49,1,81,36,0,36,117
02/23/2014,FAY,NC,ASO,EN,Combined TRACON& Tower with Radar,4,27,9,2,42,0,4,28,0,32,4,31,37,2,74,36,0,36,110
02/24/2014,FAY,NC,ASO,EN,Combined TRACON& Tower with Radar,6,29,25,2,62,0,3,19,0,22,6,32,44,2,84,10,0,10,94
02/25/2014,FAY,NC,ASO,EN,Combined TRACON& Tower with Radar,6,28,20,22,76,0,3,23,2,28,6,31,43,24,104,20,38,58,162
02/26/2014,FAY,NC,ASO,EN,Combined TRACON& Tower with Radar,6,27,23,3,59,0,1,5,0,6,6,28,28,3,65,8,0,8,73
02/27/2014,FAY,NC,ASO,EN,Combined TRACON& Tower with Radar,6,26,14,2,48,0,0,20,0,20,6,26,34,2,68,4,0,4,72
02/28/2014,FAY,NC,ASO,EN,Combined TRACON& Tower with Radar,7,30,18,2,57,0,0,21,0,21,7,30,39,2,78,56,0,56,134
03/01/2014,FAY,NC,ASO,EN,Combined TRACON& Tower with Radar,2,24,20,0,46,0,2,16,0,18,2,26,36,0,64,56,0,56,120
03/02/2014,FAY,NC,ASO,EN,Combined TRACON& Tower with Radar,5,27,17,0,49,0,0,62,0,62,5,27,79,0,111,48,0,48,159
03/03/2014,FAY,NC,ASO,EN,Combined TRACON& Tower with Radar,6,19,9,6,40,0,0,2,0,2,6,19,11,6,42,0,22,22,64
03/04/2014,FAY,NC,ASO,EN,Combined TRACON& Tower with Radar,6,26,12,16,60,0,0,11,1,12,6,26,23,17,72,14,42,56,128
03/05/2014,FAY,NC,ASO,EN,Combined TRACON& Tower with Radar,6,28,14,5,53,0,0,8,3,11,6,28,22,8,64,16,12,28,92
03/06/2014,FAY,NC,ASO,EN,Combined TRACON& Tower with Radar,6,33,17,6,62,0,0,16,1,17,6,33,33,7,79,8,6,14,93
03/07/2014,FAY,NC,ASO,EN,Combined TRACON& Tower with Radar,4,27,11,2,44,0,0,0,0,0,4,27,11,2,44,0,0,0,44
03/08/2014,FAY,NC,ASO,EN,Combined TRACON& Tower with Radar,4,24,12,6,46,0,0,38,0,38,4,24,50,6,84,48,0,48,132
03/09/2014,FAY,NC,ASO,EN,Combined TRACON& Tower with Radar,6,32,6,0,44,0,1,35,0,36,6,33,41,0,80,32,0,32,112
03/10/2014,FAY,NC,ASO,EN,Combined TRACON& Tower with Radar,6,29,16,12,63,0,0,30,0,30,6,29,46,12,93,10,5,15,108
03/11/2014,FAY,NC,ASO,EN,Combined TRACON& Tower with Radar,8,29,21,3,61,0,0,35,1,36,8,29,56,4,97,10,0,10,107
03/12/2014,FAY,NC,ASO,EN,Combined TRACON& Tower with Radar,6,27,17,1,51,0,0,1,0,1,6,27,18,1,52,14,0,14,66
03/13/2014,FAY,NC,ASO,EN,Combined TRACON& Tower with Radar,6,28,25,10,69,0,0,15,2,17,6,28,40,12,86,4,6,10,96
03/14/2014,FAY,NC,ASO,EN,Combined TRACON& Tower with Radar,5,28,18,8,59,0,1,23,4,28,5,29,41,12,87,44,2,46,133
03/15/2014,FAY,NC,ASO,EN,Combined TRACON& Tower with Radar,3,23,13,0,39,0,6,25,0,31,3,29,38,0,70,24,0,24,94
03/16/2014,FAY,NC,ASO,EN,Combined TRACON& Tower with Radar,5,30,6,0,41,0,0,1,0,1,5,30,7,0,42,0,0,0,42
03/17/2014,FAY,NC,ASO,EN,Combined TRACON& Tower with Radar,7,29,14,0,50,0,0,1,0,1,7,29,15,0,51,0,0,0,51
03/18/2014,FAY,NC,ASO,EN,Combined TRACON& Tower with Radar,5,31,18,0,54,0,0,0,0,0,5,31,18,0,54,0,0,0,54
03/19/2014,FAY,NC,ASO,EN,Combined TRACON& Tower with Radar,5,30,26,2,63,0,0,0,0,0,5,30,26,2,63,0,0,0,63
03/20/2014,FAY,NC,ASO,EN,Combined TRACON& Tower with Radar,7,28,20,6,61,0,0,14,2,16,7,28,34,8,77,88,4,92,169
03/21/2014,FAY,NC,ASO,EN,Combined TRACON& Tower with Radar,7,30,19,1,57,1,3,26,0,30,8,33,45,1,87,6,0,6,93
03/22/2014,FAY,NC,ASO,EN,Combined TRACON& Tower with Radar,4,24,4,0,32,0,0,33,0,33,4,24,37,0,65,0,0,0,65
03/23/2014,FAY,NC,ASO,EN,Combined TRACON& Tower with Radar,4,30,35,0,69,0,2,14,0,16,4,32,49,0,85,10,0,10,95
03/24/2014,FAY,NC,ASO,EN,Combined TRACON& Tower with Radar,6,33,12,12,63,0,1,19,0,20,6,34,31,12,83,0,0,0,83
03/25/2014,FAY,NC,ASO,EN,Combined TRACON& Tower with Radar,6,24,15,10,55,0,0,5,0,5,6,24,20,10,60,0,2,2,62
03/26/2014,FAY,NC,ASO,EN,Combined TRACON& Tower with Radar,5,33,19,7,64,0,8,14,3,25,5,41,33,10,89,18,0,18,107
03/27/2014,FAY,NC,ASO,EN,Combined TRACON& Tower with Radar,8,29,17,7,61,0,3,15,1,19,8,32,32,8,80,21,14,35,115
03/28/2014,FAY,NC,ASO,EN,Combined TRACON& Tower with Radar,6,32,23,14,75,0,0,10,0,10,6,32,33,14,85,4,10,14,99
03/29/2014,FAY,NC,ASO,EN,Combined TRACON& Tower with Radar,4,17,12,0,33,0,0,1,0,1,4,17,13,0,34,0,0,0,34
03/30/2014,FAY,NC,ASO,EN,Combined TRACON& Tower with Radar,6,32,11,0,49,0,0,1,0,1,6,32,12,0,50,0,0,0,50
03/31/2014,FAY,NC,ASO,EN,Combined TRACON& Tower with Radar,6,33,26,7,72,0,4,31,6,41,6,37,57,13,113,12,10,22,135
04/01/2014,FAY,NC,ASO,EN,Combined TRACON& Tower with Radar,6,30,22,6,64,0,0,14,4,18,6,30,36,10,82,10,4,14,96
04/02/2014,FAY,NC,ASO,EN,Combined TRACON& Tower with Radar,6,31,9,5,51,0,1,21,1,23,6,32,30,6,74,6,6,12,86
04/03/2014,FAY,NC,ASO,EN,Combined TRACON& Tower with Radar,6,31,31,25,93,0,2,26,4,32,6,33,57,29,125,24,56,80,205
04/04/2014,FAY,NC,ASO,EN,Combined TRACON& Tower with Radar,3,31,17,8,59,0,0,16,2,18,3,31,33,10,77,8,0,8,85
04/05/2014,FAY,NC,ASO,EN,Combined TRACON& Tower with Radar,3,24,19,0,46,0,2,28,0,30,3,26,47,0,76,16,0,16,92
04/06/2014,FAY,NC,ASO,EN,Combined TRACON& Tower with Radar,3,29,19,1,52,0,4,18,1,23,3,33,37,2,75,36,0,36,111
04/07/2014,FAY,NC,ASO,EN,Combined TRACON& Tower with Radar,2,33,24,0,59,0,0,0,0,0,2,33,24,0,59,0,0,0,59
04/08/2014,FAY,NC,ASO,EN,Combined TRACON& Tower with Radar,2,35,44,20,101,0,0,10,0,10,2,35,54,20,111,8,8,16,127
04/09/2014,FAY,NC,ASO,EN,Combined TRACON& Tower with Radar,2,35,20,2,59,0,0,16,2,18,2,35,36,4,77,0,8,8,85
04/10/2014,FAY,NC,ASO,EN,Combined TRACON& Tower with Radar,4,29,14,22,69,0,1,42,1,44,4,30,56,23,113,40,24,64,177
04/11/2014,FAY,NC,ASO,EN,Combined TRACON& Tower with Radar,2,31,17,10,60,0,0,27,0,27,2,31,44,10,87,6,8,14,101
04/12/2014,FAY,NC,ASO,EN,Combined TRACON& Tower with Radar,3,24,17,0,44,0,0,25,0,25,3,24,42,0,69,32,0,32,101
04/13/2014,FAY,NC,ASO,EN,Combined TRACON& Tower with Radar,3,29,15,0,47,0,3,19,0,22,3,32,34,0,69,21,0,21,90
04/14/2014,FAY,NC,ASO,EN,Combined TRACON& Tower with Radar,3,37,15,4,59,0,0,12,1,13,3,37,27,5,72,0,0,0,72
04/15/2014,FAY,NC,ASO,EN,Combined TRACON& Tower with Radar,5,34,16,0,55,0,0,3,0,3,5,34,19,0,58,16,0,16,74
04/16/2014,FAY,NC,ASO,EN,Combined TRACON& Tower with Radar,4,40,20,4,68,0,2,21,7,30,4,42,41,11,98,0,0,0,98
04/17/2014,FAY,NC,ASO,EN,Combined TRACON& Tower with Radar,4,32,23,9,68,0,5,34,2,41,4,37,57,11,109,54,30,84,193
04/18/2014,FAY,NC,ASO,EN,Combined TRACON& Tower with Radar,3,32,19,3,57,0,2,12,1,15,3,34,31,4,72,18,0,18,90
04/19/2014,FAY,NC,ASO,EN,Combined TRACON& Tower with Radar,2,25,10,0,37,0,0,0,0,0,2,25,10,0,37,0,0,0,37
04/20/2014,FAY,NC,ASO,EN,Combined TRACON& Tower with Radar,3,36,14,0,53,0,0,0,0,0,3,36,14,0,53,0,0,0,53
04/21/2014,FAY,NC,ASO,EN,Combined TRACON& Tower with Radar,4,34,15,4,57,0,0,33,2,35,4,34,48,6,92,26,0,26,118
04/22/2014,FAY,NC,ASO,EN,Combined TRACON& Tower with Radar,4,33,17,13,67,0,0,22,9,31,4,33,39,22,98,40,28,68,166
04/23/2014,FAY,NC,ASO,EN,Combined TRACON& Tower with Radar,4,32,18,6,60,0,0,25,4,29,4,32,43,10,89,52,8,60,149
04/24/2014,FAY,NC,ASO,EN,Combined TRACON& Tower with Radar,4,31,12,3,50,0,1,27,5,33,4,32,39,8,83,54,0,54,137
04/25/2014,FAY,NC,ASO,EN,Combined TRACON& Tower with Radar,6,38,24,6,74,0,1,10,3,14,6,39,34,9,88,6,4,10,98
04/26/2014,FAY,NC,ASO,EN,Combined TRACON& Tower with Radar,4,25,15,1,45,0,0,46,0,46,4,25,61,1,91,58,0,58,149
04/27/2014,FAY,NC,ASO,EN,Combined TRACON& Tower with Radar,6,27,16,0,49,0,0,26,0,26,6,27,42,0,75,38,0,38,113
04/28/2014,FAY,NC,ASO,EN,Combined TRACON& Tower with Radar,4,33,27,4,68,0,0,14,0,14,4,33,41,4,82,10,4,14,96
04/29/2014,FAY,NC,ASO,EN,Combined TRACON& Tower with Radar,4,31,21,0,56,0,0,2,0,2,4,31,23,0,58,0,0,0,58
04/30/2014,FAY,NC,ASO,EN,Combined TRACON& Tower with Radar,4,33,12,2,51,0,0,2,0,2,4,33,14,2,53,0,0,0,53
05/01/2014,FAY,NC,ASO,EN,Combined TRACON& Tower with Radar,4,24,23,4,55,0,0,6,3,9,4,24,29,7,64,8,0,8,72
05/02/2014,FAY,NC,ASO,EN,Combined TRACON& Tower with Radar,4,29,19,2,54,0,1,33,0,34,4,30,52,2,88,18,0,18,106
05/03/2014,FAY,NC,ASO,EN,Combined TRACON& Tower with Radar,5,20,2,0,27,0,1,29,0,30,5,21,31,0,57,22,0,22,79
05/04/2014,FAY,NC,ASO,EN,Combined TRACON& Tower with Radar,4,28,10,0,42,0,0,40,0,40,4,28,50,0,82,0,0,0,82
05/05/2014,FAY,NC,ASO,EN,Combined TRACON& Tower with Radar,3,26,18,10,57,0,3,25,0,28,3,29,43,10,85,16,10,26,111
05/06/2014,FAY,NC,ASO,EN,Combined TRACON& Tower with Radar,4,28,22,4,58,0,2,29,2,33,4,30,51,6,91,8,4,12,103
05/07/2014,FAY,NC,ASO,EN,Combined TRACON& Tower with Radar,4,28,36,4,72,0,0,13,4,17,4,28,49,8,89,46,2,48,137
05/08/2014,FAY,NC,ASO,EN,Combined TRACON& Tower with Radar,4,29,26,10,69,0,1,34,2,37,4,30,60,12,106,44,8,52,158
05/09/2014,FAY,NC,ASO,EN,Combined TRACON& Tower with Radar,4,24,29,3,60,0,0,30,1,31,4,24,59,4,91,32,6,38,129
05/10/2014,FAY,NC,ASO,EN,Combined TRACON& Tower with Radar,9,20,4,0,33,0,0,11,0,11,9,20,15,0,44,26,0,26,70
05/11/2014,FAY,NC,ASO,EN,Combined TRACON& Tower with Radar,6,27,10,0,43,0,0,11,0,11,6,27,21,0,54,2,0,2,56
05/12/2014,FAY,NC,ASO,EN,Combined TRACON& Tower with Radar,4,29,16,1,50,0,1,22,1,24,4,30,38,2,74,4,0,4,78
05/13/2014,FAY,NC,ASO,EN,Combined TRACON& Tower with Radar,4,32,18,5,59,0,2,27,1,30,4,34,45,6,89,40,16,56,145
05/14/2014,FAY,NC,ASO,EN,Combined TRACON& Tower with Radar,4,29,22,6,61,0,0,13,2,15,4,29,35,8,76,26,6,32,108
05/15/2014,FAY,NC,ASO,EN,Combined TRACON& Tower with Radar,4,27,9,0,40,0,0,1,0,1,4,27,10,0,41,6,0,6,47
05/16/2014,FAY,NC,ASO,EN,Combined TRACON& Tower with Radar,4,34,23,3,64,0,0,16,6,22,4,34,39,9,86,46,0,46,132
05/17/2014,FAY,NC,ASO,EN,Combined TRACON& Tower with Radar,6,22,11,0,39,0,0,36,0,36,6,22,47,0,75,6,0,6,81
05/18/2014,FAY,NC,ASO,EN,Combined TRACON& Tower with Radar,3,32,11,0,46,0,2,10,0,12,3,34,21,0,58,2,0,2,60
05/19/2014,FAY,NC,ASO,EN,Combined TRACON& Tower with Radar,3,33,14,13,63,0,0,25,2,27,3,33,39,15,90,36,16,52,142
05/20/2014,FAY,NC,ASO,EN,Combined TRACON& Tower with Radar,6,27,17,5,55,0,0,26,1,27,6,27,43,6,82,26,0,26,108
05/21/2014,FAY,NC,ASO,EN,Combined TRACON& Tower with Radar,4,28,14,7,53,0,0,31,2,33,4,28,45,9,86,22,4,26,112
05/22/2014,FAY,NC,ASO,EN,Combined TRACON& Tower with Radar,5,32,17,0,54,0,0,28,1,29,5,32,45,1,83,58,0,58,141
05/23/2014,FAY,NC,ASO,EN,Combined TRACON& Tower with Radar,4,30,24,4,62,0,2,21,0,23,4,32,45,4,85,62,8,70,155
05/24/2014,FAY,NC,ASO,EN,Combined TRACON& Tower with Radar,3,21,6,0,30,0,0,23,0,23,3,21,29,0,53,70,0,70,123
05/25/2014,FAY,NC,ASO,EN,Combined TRACON& Tower with Radar,4,23,5,0,32,0,0,22,0,22,4,23,27,0,54,22,0,22,76
05/26/2014,FAY,NC,ASO,EN,Combined TRACON& Tower with Radar,3,29,10,0,42,0,0,17,0,17,3,29,27,0,59,12,0,12,71
05/27/2014,FAY,NC,ASO,EN,Combined TRACON& Tower with Radar,4,29,22,7,62,0,0,13,0,13,4,29,35,7,75,46,0,46,121
05/28/2014,FAY,NC,ASO,EN,Combined TRACON& Tower with Radar,4,24,28,2,58,0,1,17,4,22,4,25,45,6,80,38,0,38,118
05/29/2014,FAY,NC,ASO,EN,Combined TRACON& Tower with Radar,4,28,22,3,57,0,0,10,2,12,4,28,32,5,69,30,6,36,105
05/30/2014,FAY,NC,ASO,EN,Combined TRACON& Tower with Radar,4,27,31,8,70,0,0,6,0,6,4,27,37,8,76,12,0,12,88
05/31/2014,FAY,NC,ASO,EN,Combined TRACON& Tower with Radar,4,20,15,0,39,0,0,32,0,32,4,20,47,0,71,23,0,23,94
06/01/2014,FAY,NC,ASO,EN,Combined TRACON& Tower with Radar,4,23,13,0,40,0,0,33,0,33,4,23,46,0,73,27,0,27,100
06/02/2014,FAY,NC,ASO,EN,Combined TRACON& Tower with Radar,4,31,21,2,58,0,1,25,1,27,4,32,46,3,85,8,0,8,93
06/03/2014,FAY,NC,ASO,EN,Combined TRACON& Tower with Radar,4,34,13,11,62,0,0,25,5,30,4,34,38,16,92,16,16,32,124
06/04/2014,FAY,NC,ASO,EN,Combined TRACON& Tower with Radar,4,31,14,11,60,0,0,21,3,24,4,31,35,14,84,27,32,59,143
06/05/2014,FAY,NC,ASO,EN,Combined TRACON& Tower with Radar,4,30,14,11,59,0,0,13,1,14,4,30,27,12,73,57,4,61,134
06/06/2014,FAY,NC,ASO,EN,Combined TRACON& Tower with Radar,8,26,17,0,51,0,0,22,2,24,8,26,39,2,75,73,0,73,148
06/07/2014,FAY,NC,ASO,EN,Combined TRACON& Tower with Radar,4,24,12,0,40,0,1,28,0,29,4,25,40,0,69,20,0,20,89
06/08/2014,FAY,NC,ASO,EN,Combined TRACON& Tower with Radar,6,28,5,0,39,0,2,27,0,29,6,30,32,0,68,38,0,38,106
06/09/2014,FAY,NC,ASO,EN,Combined TRACON& Tower with Radar,4,28,15,0,47,0,0,8,0,8,4,28,23,0,55,8,0,8,63
06/10/2014,FAY,NC,ASO,EN,Combined TRACON& Tower with Radar,5,25,16,0,46,0,2,33,1,36,5,27,49,1,82,36,0,36,118
06/11/2014,FAY,NC,ASO,EN,Combined TRACON& Tower with Radar,6,26,24,1,57,0,0,29,1,30,6,26,53,2,87,54,0,54,141
06/12/2014,FAY,NC,ASO,EN,Combined TRACON& Tower with Radar,6,22,22,3,53,0,0,8,0,8,6,22,30,3,61,79,2,81,142
06/13/2014,FAY,NC,ASO,EN,Combined TRACON& Tower with Radar,5,28,19,6,58,0,0,29,1,30,5,28,48,7,88,81,4,85,173
06/14/2014,FAY,NC,ASO,EN,Combined TRACON& Tower with Radar,5,25,15,0,45,0,0,32,0,32,5,25,47,0,77,40,0,40,117
06/15/2014,FAY,NC,ASO,EN,Combined TRACON& Tower with Radar,8,28,22,0,58,0,0,12,0,12,8,28,34,0,70,24,0,24,94
06/16/2014,FAY,NC,ASO,EN,Combined TRACON& Tower with Radar,6,26,10,0,42,0,2,19,4,25,6,28,29,4,67,22,0,22,89
06/17/2014,FAY,NC,ASO,EN,Combined TRACON& Tower with Radar,4,28,19,2,53,0,0,25,6,31,4,28,44,8,84,0,0,0,84
06/18/2014,FAY,NC,ASO,EN,Combined TRACON& Tower with Radar,8,26,21,0,55,0,1,23,3,27,8,27,44,3,82,12,0,12,94
06/19/2014,FAY,NC,ASO,EN,Combined TRACON& Tower with Radar,7,25,14,1,47,0,1,25,0,26,7,26,39,1,73,44,0,44,117
06/20/2014,FAY,NC,ASO,EN,Combined TRACON& Tower with Radar,5,25,26,5,61,0,0,36,1,37,5,25,62,6,98,64,0,64,162
06/21/2014,FAY,NC,ASO,EN,Combined TRACON& Tower with Radar,6,19,6,0,31,0,0,24,0,24,6,19,30,0,55,29,0,29,84
06/22/2014,FAY,NC,ASO,EN,Combined TRACON& Tower with Radar,6,30,6,4,46,0,3,16,0,19,6,33,22,4,65,48,2,50,115
06/23/2014,FAY,NC,ASO,EN,Combined TRACON& Tower with Radar,6,32,17,6,61,0,2,19,2,23,6,34,36,8,84,12,4,16,100
06/24/2014,FAY,NC,ASO,EN,Combined TRACON& Tower with Radar,6,24,12,2,44,0,0,19,0,19,6,24,31,2,63,26,0,26,89
06/25/2014,FAY,NC,ASO,EN,Combined TRACON& Tower with Radar,6,25,23,7,61,0,0,37,1,38,6,25,60,8,99,52,0,52,151
06/26/2014,FAY,NC,ASO,EN,Combined TRACON& Tower with Radar,6,24,19,13,62,0,2,29,5,36,6,26,48,18,98,42,20,62,160
06/27/2014,FAY,NC,ASO,EN,Combined TRACON& Tower with Radar,6,25,16,8,55,0,1,18,19,38,6,26,34,27,93,12,4,16,109
06/28/2014,FAY,NC,ASO,EN,Combined TRACON& Tower with Radar,4,24,17,5,50,0,0,8,1,9,4,24,25,6,59,11,8,19,78
06/29/2014,FAY,NC,ASO,EN,Combined TRACON& Tower with Radar,6,27,12,0,45,0,0,40,2,42,6,27,52,2,87,10,0,10,97
06/30/2014,FAY,NC,ASO,EN,Combined TRACON& Tower with Radar,5,26,14,2,47,0,0,11,1,12,5,26,25,3,59,11,4,15,74
07/01/2014,FAY,NC,ASO,EN,Combined TRACON& Tower with Radar,6,29,16,1,52,0,3,27,1,31,6,32,43,2,83,56,0,56,139
07/02/2014,FAY,NC,ASO,EN,Combined TRACON& Tower with Radar,6,22,20,1,49,0,0,14,3,17,6,22,34,4,66,14,0,14,80
07/03/2014,FAY,NC,ASO,EN,Combined TRACON& Tower with Radar,6,28,14,0,48,0,0,10,0,10,6,28,24,0,58,8,0,8,66
07/04/2014,FAY,NC,ASO,EN,Combined TRACON& Tower with Radar,5,16,3,0,24,0,0,10,0,10,5,16,13,0,34,14,0,14,48
07/05/2014,FAY,NC,ASO,EN,Combined TRACON& Tower with Radar,7,16,10,0,33,0,0,26,0,26,7,16,36,0,59,2,0,2,61
07/06/2014,FAY,NC,ASO,EN,Combined TRACON& Tower with Radar,6,27,8,0,41,0,0,23,0,23,6,27,31,0,64,32,0,32,96
07/07/2014,FAY,NC,ASO,EN,Combined TRACON& Tower with Radar,5,26,13,12,56,0,0,20,0,20,5,26,33,12,76,0,15,15,91
07/08/2014,FAY,NC,ASO,EN,Combined TRACON& Tower with Radar,4,29,11,2,46,0,0,16,0,16,4,29,27,2,62,68,2,70,132
07/09/2014,FAY,NC,ASO,EN,Combined TRACON& Tower with Radar,6,28,33,15,82,0,1,18,5,24,6,29,51,20,106,20,24,44,150
07/10/2014,FAY,NC,ASO,EN,Combined TRACON& Tower with Radar,4,28,17,7,56,0,0,16,3,19,4,28,33,10,75,56,14,70,145
07/11/2014,FAY,NC,ASO,EN,Combined TRACON& Tower with Radar,6,29,26,15,76,0,0,10,2,12,6,29,36,17,88,26,14,40,128
07/12/2014,FAY,NC,ASO,EN,Combined TRACON& Tower with Radar,6,24,17,0,47,0,0,29,0,29,6,24,46,0,76,22,0,22,98
07/13/2014,FAY,NC,ASO,EN,Combined TRACON& Tower with Radar,4,33,19,0,56,0,0,33,0,33,4,33,52,0,89,0,0,0,89
07/14/2014,FAY,NC,ASO,EN,Combined TRACON& Tower with Radar,6,24,17,11,58,0,13,35,1,49,6,37,52,12,107,0,4,4,111
07/15/2014,FAY,NC,ASO,EN,Combined TRACON& Tower with Radar,6,26,21,13,66,0,10,8,0,18,6,36,29,13,84,0,32,32,116
07/16/2014,FAY,NC,ASO,EN,Combined TRACON& Tower with Radar,6,31,49,13,99,0,0,9,1,10,6,31,58,14,109,50,26,76,185
07/17/2014,FAY,NC,ASO,EN,Combined TRACON& Tower with Radar,4,32,23,4,63,0,0,28,4,32,4,32,51,8,95,40,70,110,205
07/18/2014,FAY,NC,ASO,EN,Combined TRACON& Tower with Radar,6,27,25,6,64,0,0,24,1,25,6,27,49,7,89,32,8,40,129
07/19/2014,FAY,NC,ASO,EN,Combined TRACON& Tower with Radar,6,20,16,0,42,0,2,10,0,12,6,22,26,0,54,28,0,28,82
07/20/2014,FAY,NC,ASO,EN,Combined TRACON& Tower with Radar,4,31,13,0,48,0,0,5,0,5,4,31,18,0,53,10,0,10,63
07/21/2014,FAY,NC,ASO,EN,Combined TRACON& Tower with Radar,6,22,13,8,49,0,0,0,1,1,6,22,13,9,50,0,6,6,56
07/22/2014,FAY,NC,ASO,EN,Combined TRACON& Tower with Radar,6,26,33,17,82,0,0,17,4,21,6,26,50,21,103,118,14,132,235
07/23/2014,FAY,NC,ASO,EN,Combined TRACON& Tower with Radar,6,27,22,0,55,0,0,28,0,28,6,27,50,0,83,28,0,28,111
07/24/2014,FAY,NC,ASO,EN,Combined TRACON& Tower with Radar,6,24,12,17,59,0,0,18,10,28,6,24,30,27,87,50,76,126,213
07/25/2014,FAY,NC,ASO,EN,Combined TRACON& Tower with Radar,8,28,19,10,65,0,0,14,1,15,8,28,33,11,80,34,44,78,158
07/26/2014,FAY,NC,ASO,EN,Combined TRACON& Tower with Radar,6,20,15,0,41,0,0,26,0,26,6,20,41,0,67,6,0,6,73
07/27/2014,FAY,NC,ASO,EN,Combined TRACON& Tower with Radar,9,25,10,0,44,0,0,27,0,27,9,25,37,0,71,35,0,35,106
07/28/2014,FAY,NC,ASO,EN,Combined TRACON& Tower with Radar,7,24,10,2,43,0,3,23,4,30,7,27,33,6,73,24,0,24,97
07/29/2014,FAY,NC,ASO,EN,Combined TRACON& Tower with Radar,6,27,21,12,66,0,2,33,6,41,6,29,54,18,107,60,20,80,187
07/30/2014,FAY,NC,ASO,EN,Combined TRACON& Tower with Radar,3,21,19,3,46,0,0,25,7,32,3,21,44,10,78,36,22,58,136
07/31/2014,FAY,NC,ASO,EN,Combined TRACON& Tower with Radar,5,26,25,8,64,0,2,21,1,24,5,28,46,9,88,68,4,72,160
08/01/2014,FAY,NC,ASO,EN,Combined TRACON& Tower with Radar,6,26,12,0,44,0,0,2,0,2,6,26,14,0,46,46,0,46,92
08/02/2014,FAY,NC,ASO,EN,Combined TRACON& Tower with Radar,6,18,1,0,25,0,0,0,0,0,6,18,1,0,25,0,0,0,25
08/03/2014,FAY,NC,ASO,EN,Combined TRACON& Tower with Radar,6,28,8,0,42,0,0,1,0,1,6,28,9,0,43,0,0,0,43
08/04/2014,FAY,NC,ASO,EN,Combined TRACON& Tower with Radar,6,26,15,10,57,0,0,7,2,9,6,26,22,12,66,24,8,32,98
08/05/2014,FAY,NC,ASO,EN,Combined TRACON& Tower with Radar,6,29,31,15,81,0,0,15,1,16,6,29,46,16,97,20,8,28,125
08/06/2014,FAY,NC,ASO,EN,Combined TRACON& Tower with Radar,6,24,24,2,56,0,3,26,4,33,6,27,50,6,89,32,0,32,121
08/07/2014,FAY,NC,ASO,EN,Combined TRACON& Tower with Radar,6,27,21,6,60,0,1,18,2,21,6,28,39,8,81,12,12,24,105
08/08/2014,FAY,NC,ASO,EN,Combined TRACON& Tower with Radar,5,26,19,0,50,0,2,13,0,15,5,28,32,0,65,8,0,8,73
08/09/2014,FAY,NC,ASO,EN,Combined TRACON& Tower with Radar,5,17,13,0,35,0,2,11,0,13,5,19,24,0,48,0,0,0,48
08/10/2014,FAY,NC,ASO,EN,Combined TRACON& Tower with Radar,6,23,16,0,45,0,0,1,2,3,6,23,17,2,48,20,0,20,68
08/11/2014,FAY,NC,ASO,EN,Combined TRACON& Tower with Radar,4,26,6,7,43,0,0,11,1,12,4,26,17,8,55,24,26,50,105
08/12/2014,FAY,NC,ASO,EN,Combined TRACON& Tower with Radar,8,24,35,8,75,0,0,15,0,15,8,24,50,8,90,26,6,32,122
08/13/2014,FAY,NC,ASO,EN,Combined TRACON& Tower with Radar,6,31,26,8,71,0,2,18,5,25,6,33,44,13,96,10,0,10,106
08/14/2014,FAY,NC,ASO,EN,Combined TRACON& Tower with Radar,4,28,18,15,65,0,0,35,7,42,4,28,53,22,107,56,10,66,173
08/15/2014,FAY,NC,ASO,EN,Combined TRACON& Tower with Radar,4,29,17,2,52,0,5,27,1,33,4,34,44,3,85,40,0,40,125
08/16/2014,FAY,NC,ASO,EN,Combined TRACON& Tower with Radar,5,18,10,0,33,0,2,17,0,19,5,20,27,0,52,17,0,17,69
08/17/2014,FAY,NC,ASO,EN,Combined TRACON& Tower with Radar,7,28,16,2,53,0,0,22,1,23,7,28,38,3,76,0,0,0,76
08/18/2014,FAY,NC,ASO,EN,Combined TRACON& Tower with Radar,4,30,9,2,45,0,0,20,0,20,4,30,29,2,65,39,0,39,104
08/19/2014,FAY,NC,ASO,EN,Combined TRACON& Tower with Radar,6,25,7,7,45,0,0,17,1,18,6,25,24,8,63,38,12,50,113
08/20/2014,FAY,NC,ASO,EN,Combined TRACON& Tower with Radar,6,27,23,31,87,0,4,19,3,26,6,31,42,34,113,14,37,51,164
08/21/2014,FAY,NC,ASO,EN,Combined TRACON& Tower with Radar,6,26,20,10,62,0,2,31,3,36,6,28,51,13,98,81,2,83,181
08/22/2014,FAY,NC,ASO,EN,Combined TRACON& Tower with Radar,8,24,13,0,45,0,0,13,4,17,8,24,26,4,62,8,8,16,78
08/23/2014,FAY,NC,ASO,EN,Combined TRACON& Tower with Radar,4,9,6,0,19,0,0,17,0,17,4,9,23,0,36,12,0,12,48
08/24/2014,FAY,NC,ASO,EN,Combined TRACON& Tower with Radar,8,27,8,0,43,0,3,21,2,26,8,30,29,2,69,0,0,0,69
08/25/2014,FAY,NC,ASO,EN,Combined TRACON& Tower with Radar,6,22,16,0,44,0,0,12,3,15,6,22,28,3,59,14,0,14,73
08/26/2014,FAY,NC,ASO,EN,Combined TRACON& Tower with Radar,6,26,9,7,48,0,2,23,6,31,6,28,32,13,79,24,24,48,127
08/27/2014,FAY,NC,ASO,EN,Combined TRACON& Tower with Radar,8,20,22,7,57,0,2,20,5,27,8,22,42,12,84,0,6,6,90
08/28/2014,FAY,NC,ASO,EN,Combined TRACON& Tower with Radar,6,25,12,5,48,0,1,24,2,27,6,26,36,7,75,32,6,38,113
08/29/2014,FAY,NC,ASO,EN,Combined TRACON& Tower with Radar,6,24,25,0,55,0,1,14,0,15,6,25,39,0,70,40,4,44,114
08/30/2014,FAY,NC,ASO,EN,Combined TRACON& Tower with Radar,5,18,6,0,29,0,0,12,0,12,5,18,18,0,41,0,0,0,41
08/31/2014,FAY,NC,ASO,EN,Combined TRACON& Tower with Radar,5,16,5,0,26,0,0,8,1,9,5,16,13,1,35,4,0,4,39
09/01/2014,FAY,NC,ASO,EN,Combined TRACON& Tower with Radar,6,26,11,0,43,0,1,28,0,29,6,27,39,0,72,34,0,34,106
09/02/2014,FAY,NC,ASO,EN,Combined TRACON& Tower with Radar,4,28,17,0,49,0,0,33,15,48,4,28,50,15,97,24,32,56,153
09/03/2014,FAY,NC,ASO,EN,Combined TRACON& Tower with Radar,4,26,19,0,49,0,2,26,12,40,4,28,45,12,89,42,24,66,155
09/04/2014,FAY,NC,ASO,EN,Combined TRACON& Tower with Radar,4,28,20,2,54,0,0,15,3,18,4,28,35,5,72,65,12,77,149
09/05/2014,FAY,NC,ASO,EN,Combined TRACON& Tower with Radar,6,26,22,36,90,0,0,12,1,13,6,26,34,37,103,50,42,92,195
09/06/2014,FAY,NC,ASO,EN,Combined TRACON& Tower with Radar,4,19,9,0,32,0,0,17,0,17,4,19,26,0,49,41,0,41,90
09/07/2014,FAY,NC,ASO,EN,Combined TRACON& Tower with Radar,6,24,19,0,49,0,2,8,0,10,6,26,27,0,59,0,0,0,59
09/08/2014,FAY,NC,ASO,EN,Combined TRACON& Tower with Radar,4,30,14,0,48,0,0,0,0,0,4,30,14,0,48,0,0,0,48
09/09/2014,FAY,NC,ASO,EN,Combined TRACON& Tower with Radar,4,24,40,12,80,0,0,4,2,6,4,24,44,14,86,22,0,22,108
09/10/2014,FAY,NC,ASO,EN,Combined TRACON& Tower with Radar,4,26,37,12,79,0,0,18,2,20,4,26,55,14,99,53,12,65,164
09/11/2014,FAY,NC,ASO,EN,Combined TRACON& Tower with Radar,4,26,16,10,56,0,1,27,3,31,4,27,43,13,87,30,12,42,129
09/12/2014,FAY,NC,ASO,EN,Combined TRACON& Tower with Radar,3,23,28,2,56,0,0,1,0,1,3,23,29,2,57,4,0,4,61
09/13/2014,FAY,NC,ASO,EN,Combined TRACON& Tower with Radar,5,19,17,0,41,0,0,0,1,1,5,19,17,1,42,4,0,4,46
09/14/2014,FAY,NC,ASO,EN,Combined TRACON& Tower with Radar,6,22,9,0,37,0,0,8,0,8,6,22,17,0,45,10,0,10,55
09/15/2014,FAY,NC,ASO,EN,Combined TRACON& Tower with Radar,4,26,16,6,52,0,0,10,0,10,4,26,26,6,62,44,2,46,108
09/16/2014,FAY,NC,ASO,EN,Combined TRACON& Tower with Radar,4,22,26,4,56,0,3,30,4,37,4,25,56,8,93,78,24,102,195
09/17/2014,FAY,NC,ASO,EN,Combined TRACON& Tower with Radar,4,28,32,14,78,0,1,11,6,18,4,29,43,20,96,36,0,36,132
09/18/2014,FAY,NC,ASO,EN,Combined TRACON& Tower with Radar,4,28,34,6,72,0,0,13,1,14,4,28,47,7,86,4,0,4,90
09/19/2014,FAY,NC,ASO,EN,Combined TRACON& Tower with Radar,4,26,16,24,70,0,0,14,4,18,4,26,30,28,88,65,14,79,167
09/20/2014,FAY,NC,ASO,EN,Combined TRACON& Tower with Radar,4,24,11,0,39,0,0,41,0,41,4,24,52,0,80,24,0,24,104
09/21/2014,FAY,NC,ASO,EN,Combined TRACON& Tower with Radar,6,26,14,0,46,0,1,36,0,37,6,27,50,0,83,30,0,30,113
09/22/2014,FAY,NC,ASO,EN,Combined TRACON& Tower with Radar,5,30,12,7,54,0,0,23,1,24,5,30,35,8,78,24,4,28,106
09/23/2014,FAY,NC,ASO,EN,Combined TRACON& Tower with Radar,5,24,27,25,81,0,0,29,1,30,5,24,56,26,111,27,16,43,154
09/24/2014,FAY,NC,ASO,EN,Combined TRACON& Tower with Radar,4,28,35,4,71,0,0,0,0,0,4,28,35,4,71,2,0,2,73
09/25/2014,FAY,NC,ASO,EN,Combined TRACON& Tower with Radar,4,26,19,5,54,0,1,0,3,4,4,27,19,8,58,2,0,2,60
09/26/2014,FAY,NC,ASO,EN,Combined TRACON& Tower with Radar,8,23,18,7,56,0,0,4,2,6,8,23,22,9,62,6,0,6,68
09/27/2014,FAY,NC,ASO,EN,Combined TRACON& Tower with Radar,4,21,13,0,38,0,0,17,0,17,4,21,30,0,55,6,0,6,61
09/28/2014,FAY,NC,ASO,EN,Combined TRACON& Tower with Radar,6,26,16,0,48,0,0,28,0,28,6,26,44,0,76,30,0,30,106
09/29/2014,FAY,NC,ASO,EN,Combined TRACON& Tower with Radar,4,28,13,10,55,0,1,11,5,17,4,29,24,15,72,16,36,52,124
09/30/2014,FAY,NC,ASO,EN,Combined TRACON& Tower with Radar,4,23,17,13,57,0,1,26,4,31,4,24,43,17,88,18,22,40,128
10/01/2014,FAY,NC,ASO,EN,Combined TRACON& Tower with Radar,3,26,23,6,58,0,0,22,0,22,3,26,45,6,80,24,8,32,112
10/02/2014,FAY,NC,ASO,EN,Combined TRACON& Tower with Radar,3,32,23,12,70,0,0,21,10,31,3,32,44,22,101,46,52,98,199
10/03/2014,FAY,NC,ASO,EN,Combined TRACON& Tower with Radar,4,27,18,0,49,0,0,12,1,13,4,27,30,1,62,20,0,20,82
10/04/2014,FAY,NC,ASO,EN,Combined TRACON& Tower with Radar,3,26,10,0,39,0,0,20,0,20,3,26,30,0,59,24,0,24,83
10/05/2014,FAY,NC,ASO,EN,Combined TRACON& Tower with Radar,5,28,7,0,40,0,0,25,0,25,5,28,32,0,65,20,0,20,85
10/06/2014,FAY,NC,ASO,EN,Combined TRACON& Tower with Radar,4,30,10,3,47,0,2,20,2,24,4,32,30,5,71,26,2,28,99
10/07/2014,FAY,NC,ASO,EN,Combined TRACON& Tower with Radar,4,28,17,4,53,0,0,27,0,27,4,28,44,4,80,12,0,12,92
10/08/2014,FAY,NC,ASO,EN,Combined TRACON& Tower with Radar,4,26,21,11,62,0,0,18,1,19,4,26,39,12,81,14,0,14,95
10/09/2014,FAY,NC,ASO,EN,Combined TRACON& Tower with Radar,4,28,15,10,57,0,1,23,7,31,4,29,38,17,88,20,20,40,128
10/10/2014,FAY,NC,ASO,EN,Combined TRACON& Tower with Radar,4,24,13,0,41,0,1,23,1,25,4,25,36,1,66,16,0,16,82
10/11/2014,FAY,NC,ASO,EN,Combined TRACON& Tower with Radar,4,16,14,0,34,0,0,13,0,13,4,16,27,0,47,8,0,8,55
10/12/2014,FAY,NC,ASO,EN,Combined TRACON& Tower with Radar,5,24,11,0,40,0,0,0,0,0,5,24,11,0,40,0,0,0,40
10/13/2014,FAY,NC,ASO,EN,Combined TRACON& Tower with Radar,3,28,10,0,41,0,0,13,0,13,3,28,23,0,54,17,0,17,71
10/14/2014,FAY,NC,ASO,EN,Combined TRACON& Tower with Radar,3,24,20,4,51,0,0,2,1,3,3,24,22,5,54,6,0,6,60
10/15/2014,FAY,NC,ASO,EN,Combined TRACON& Tower with Radar,3,26,22,12,63,0,0,10,0,10,3,26,32,12,73,8,0,8,81
10/16/2014,FAY,NC,ASO,EN,Combined TRACON& Tower with Radar,4,30,27,6,67,0,0,26,3,29,4,30,53,9,96,68,24,92,188
10/17/2014,FAY,NC,ASO,EN,Combined TRACON& Tower with Radar,4,27,21,2,54,0,0,29,2,31,4,27,50,4,85,10,0,10,95
10/18/2014,FAY,NC,ASO,EN,Combined TRACON& Tower with Radar,4,20,5,3,32,0,0,41,1,42,4,20,46,4,74,42,8,50,124
10/19/2014,FAY,NC,ASO,EN,Combined TRACON& Tower with Radar,6,24,16,2,48,0,0,22,2,24,6,24,38,4,72,34,0,34,106
10/20/2014,FAY,NC,ASO,EN,Combined TRACON& Tower with Radar,3,29,15,15,62,0,0,21,5,26,3,29,36,20,88,4,4,8,96
10/21/2014,FAY,NC,ASO,EN,Combined TRACON& Tower with Radar,3,29,10,23,65,0,1,23,4,28,3,30,33,27,93,14,22,36,129
10/22/2014,FAY,NC,ASO,EN,Combined TRACON& Tower with Radar,4,31,15,5,55,0,1,23,6,30,4,32,38,11,85,24,8,32,117
10/23/2014,FAY,NC,ASO,EN,Combined TRACON& Tower with Radar,4,33,31,2,70,0,4,31,0,35,4,37,62,2,105,38,0,38,143
10/24/2014,FAY,NC,ASO,EN,Combined TRACON& Tower with Radar,7,32,14,2,55,0,0,28,1,29,7,32,42,3,84,24,2,26,110
10/25/2014,FAY,NC,ASO,EN,Combined TRACON& Tower with Radar,6,21,17,6,50,0,0,30,0,30,6,21,47,6,80,33,0,33,113
10/26/2014,FAY,NC,ASO,EN,Combined TRACON& Tower with Radar,7,24,5,0,36,0,0,22,0,22,7,24,27,0,58,0,0,0,58
10/27/2014,FAY,NC,ASO,EN,Combined TRACON& Tower with Radar,3,28,14,1,46,0,0,20,1,21,3,28,34,2,67,79,4,83,150
10/28/2014,FAY,NC,ASO,EN,Combined TRACON& Tower with Radar,4,24,26,0,54,0,0,18,0,18,4,24,44,0,72,16,0,16,88
10/29/2014,FAY,NC,ASO,EN,Combined TRACON& Tower with Radar,4,26,15,3,48,0,3,23,1,27,4,29,38,4,75,48,0,48,123
10/30/2014,FAY,NC,ASO,EN,Combined TRACON& Tower with Radar,4,27,14,2,47,0,3,21,0,24,4,30,35,2,71,32,0,32,103
10/31/2014,FAY,NC,ASO,EN,Combined TRACON& Tower with Radar,3,27,19,8,57,0,0,18,3,21,3,27,37,11,78,30,0,30,108
11/01/2014,FAY,NC,ASO,EN,Combined TRACON& Tower with Radar,5,23,12,4,44,0,0,0,0,0,5,23,12,4,44,2,2,4,48
11/02/2014,FAY,NC,ASO,EN,Combined TRACON& Tower with Radar,6,28,11,0,45,0,0,22,0,22,6,28,33,0,67,2,0,2,69
11/03/2014,FAY,NC,ASO,EN,Combined TRACON& Tower with Radar,4,28,17,2,51,0,3,30,2,35,4,31,47,4,86,12,0,12,98
11/04/2014,FAY,NC,ASO,EN,Combined TRACON& Tower with Radar,4,24,14,7,49,0,0,31,2,33,4,24,45,9,82,16,16,32,114
11/05/2014,FAY,NC,ASO,EN,Combined TRACON& Tower with Radar,4,26,19,12,61,0,0,21,2,23,4,26,40,14,84,22,0,22,106
11/06/2014,FAY,NC,ASO,EN,Combined TRACON& Tower with Radar,4,29,16,0,49,0,0,4,0,4,4,29,20,0,53,4,0,4,57
11/07/2014,FAY,NC,ASO,EN,Combined TRACON& Tower with Radar,4,27,12,17,60,0,0,21,1,22,4,27,33,18,82,24,38,62,144
11/08/2014,FAY,NC,ASO,EN,Combined TRACON& Tower with Radar,3,27,7,0,37,0,0,25,2,27,3,27,32,2,64,38,0,38,102
11/09/2014,FAY,NC,ASO,EN,Combined TRACON& Tower with Radar,5,30,10,0,45,0,1,19,0,20,5,31,29,0,65,49,0,49,114
11/10/2014,FAY,NC,ASO,EN,Combined TRACON& Tower with Radar,4,25,11,1,41,0,1,34,0,35,4,26,45,1,76,40,0,40,116
11/11/2014,FAY,NC,ASO,EN,Combined TRACON& Tower with Radar,3,26,15,0,44,0,0,12,0,12,3,26,27,0,56,16,0,16,72
11/12/2014,FAY,NC,ASO,EN,Combined TRACON& Tower with Radar,3,31,16,7,57,0,6,34,1,41,3,37,50,8,98,24,18,42,140
11/13/2014,FAY,NC,ASO,EN,Combined TRACON& Tower with Radar,4,28,23,14,69,0,0,6,0,6,4,28,29,14,75,64,0,64,139
11/14/2014,FAY,NC,ASO,EN,Combined TRACON& Tower with Radar,4,26,18,14,62,0,1,9,6,16,4,27,27,20,78,17,22,39,117
11/15/2014,FAY,NC,ASO,EN,Combined TRACON& Tower with Radar,5,25,10,0,40,0,0,35,0,35,5,25,45,0,75,28,0,28,103
11/16/2014,FAY,NC,ASO,EN,Combined TRACON& Tower with Radar,5,27,29,0,61,0,0,5,0,5,5,27,34,0,66,0,0,0,66
11/17/2014,FAY,NC,ASO,EN,Combined TRACON& Tower with Radar,4,22,12,6,44,0,0,0,0,0,4,22,12,6,44,12,12,24,68
11/18/2014,FAY,NC,ASO,EN,Combined TRACON& Tower with Radar,4,26,24,16,70,0,0,25,2,27,4,26,49,18,97,49,19,68,165
11/19/2014,FAY,NC,ASO,EN,Combined TRACON& Tower with Radar,6,29,11,6,52,0,0,33,2,35,6,29,44,8,87,44,8,52,139
11/20/2014,FAY,NC,ASO,EN,Combined TRACON& Tower with Radar,4,31,11,4,50,0,1,22,4,27,4,32,33,8,77,34,12,46,123
11/21/2014,FAY,NC,ASO,EN,Combined TRACON& Tower with Radar,6,22,13,0,41,0,2,22,4,28,6,24,35,4,69,32,0,32,101
11/22/2014,FAY,NC,ASO,EN,Combined TRACON& Tower with Radar,5,25,13,0,43,0,0,37,0,37,5,25,50,0,80,56,0,56,136
11/23/2014,FAY,NC,ASO,EN,Combined TRACON& Tower with Radar,5,25,12,0,42,0,0,1,0,1,5,25,13,0,43,14,0,14,57
11/24/2014,FAY,NC,ASO,EN,Combined TRACON& Tower with Radar,4,26,17,24,71,0,2,2,2,6,4,28,19,26,77,18,12,30,107
11/25/2014,FAY,NC,ASO,EN,Combined TRACON& Tower with Radar,4,31,30,2,67,0,0,0,0,0,4,31,30,2,67,0,0,0,67
11/26/2014,FAY,NC,ASO,EN,Combined TRACON& Tower with Radar,4,29,16,0,49,0,0,0,0,0,4,29,16,0,49,0,0,0,49
11/27/2014,FAY,NC,ASO,EN,Combined TRACON& Tower with Radar,3,17,3,0,23,0,0,0,0,0,3,17,3,0,23,0,0,0,23
11/28/2014,FAY,NC,ASO,EN,Combined TRACON& Tower with Radar,5,18,16,0,39,0,0,14,0,14,5,18,30,0,53,24,0,24,77
11/29/2014,FAY,NC,ASO,EN,Combined TRACON& Tower with Radar,3,29,11,0,43,0,0,34,1,35,3,29,45,1,78,42,0,42,120
11/30/2014,FAY,NC,ASO,EN,Combined TRACON& Tower with Radar,7,31,13,0,51,0,0,34,0,34,7,31,47,0,85,44,0,44,129
12/01/2014,FAY,NC,ASO,EN,Combined TRACON& Tower with Radar,4,32,14,0,50,0,0,27,0,27,4,32,41,0,77,28,0,28,105
12/02/2014,FAY,NC,ASO,EN,Combined TRACON& Tower with Radar,6,23,24,2,55,0,0,0,0,0,6,23,24,2,55,0,0,0,55
12/03/2014,FAY,NC,ASO,EN,Combined TRACON& Tower with Radar,6,20,43,2,71,0,0,0,0,0,6,20,43,2,71,12,0,12,83
12/04/2014,FAY,NC,ASO,EN,Combined TRACON& Tower with Radar,4,26,23,8,61,0,2,21,1,24,4,28,44,9,85,64,14,78,163
12/05/2014,FAY,NC,ASO,EN,Combined TRACON& Tower with Radar,5,22,18,6,51,0,0,18,0,18,5,22,36,6,69,20,0,20,89
12/06/2014,FAY,NC,ASO,EN,Combined TRACON& Tower with Radar,6,20,35,4,65,0,0,0,0,0,6,20,35,4,65,8,0,8,73
12/07/2014,FAY,NC,ASO,EN,Combined TRACON& Tower with Radar,8,21,12,3,44,0,0,12,1,13,8,21,24,4,57,22,0,22,79
12/08/2014,FAY,NC,ASO,EN,Combined TRACON& Tower with Radar,7,26,10,9,52,0,2,11,1,14,7,28,21,10,66,16,4,20,86
12/09/2014,FAY,NC,ASO,EN,Combined TRACON& Tower with Radar,7,32,37,6,82,0,0,2,0,2,7,32,39,6,84,0,0,0,84
12/10/2014,FAY,NC,ASO,EN,Combined TRACON& Tower with Radar,4,28,10,8,50,0,0,33,0,33,4,28,43,8,83,12,4,16,99
12/11/2014,FAY,NC,ASO,EN,Combined TRACON& Tower with Radar,6,25,18,8,57,0,0,25,2,27,6,25,43,10,84,36,12,48,132
12/12/2014,FAY,NC,ASO,EN,Combined TRACON& Tower with Radar,8,26,16,3,53,0,3,16,3,22,8,29,32,6,75,18,4,22,97
12/13/2014,FAY,NC,ASO,EN,Combined TRACON& Tower with Radar,5,24,11,2,42,0,2,63,1,66,5,26,74,3,108,30,0,30,138
12/14/2014,FAY,NC,ASO,EN,Combined TRACON& Tower with Radar,7,26,6,0,39,0,2,22,2,26,7,28,28,2,65,32,0,32,97
12/15/2014,FAY,NC,ASO,EN,Combined TRACON& Tower with Radar,8,25,16,6,55,0,0,29,0,29,8,25,45,6,84,70,6,76,160
12/16/2014,FAY,NC,ASO,EN,Combined TRACON& Tower with Radar,6,27,17,2,52,0,0,9,0,9,6,27,26,2,61,14,0,14,75
12/17/2014,FAY,NC,ASO,EN,Combined TRACON& Tower with Radar,7,23,24,0,54,0,0,40,0,40,7,23,64,0,94,42,0,42,136
12/18/2014,FAY,NC,ASO,EN,Combined TRACON& Tower with Radar,9,20,18,2,49,0,1,38,2,41,9,21,56,4,90,74,0,74,164
12/19/2014,FAY,NC,ASO,EN,Combined TRACON& Tower with Radar,10,21,16,0,47,0,7,31,3,41,10,28,47,3,88,36,34,70,158
12/20/2014,FAY,NC,ASO,EN,Combined TRACON& Tower with Radar,3,22,5,0,30,0,0,4,0,4,3,22,9,0,34,0,0,0,34
12/21/2014,FAY,NC,ASO,EN,Combined TRACON& Tower with Radar,5,21,12,8,46,0,0,15,0,15,5,21,27,8,61,16,0,16,77
12/22/2014,FAY,NC,ASO,EN,Combined TRACON& Tower with Radar,6,24,3,2,35,0,0,0,0,0,6,24,3,2,35,0,0,0,35
12/23/2014,FAY,NC,ASO,EN,Combined TRACON& Tower with Radar,3,8,10,0,21,0,0,0,0,0,3,8,10,0,21,0,0,0,21
12/24/2014,FAY,NC,ASO,EN,Combined TRACON& Tower with Radar,6,15,1,0,22,0,0,0,0,0,6,15,1,0,22,0,0,0,22
12/25/2014,FAY,NC,ASO,EN,Combined TRACON& Tower with Radar,4,17,6,0,27,0,0,3,0,3,4,17,9,0,30,0,0,0,30
12/26/2014,FAY,NC,ASO,EN,Combined TRACON& Tower with Radar,6,20,10,0,36,0,6,14,0,20,6,26,24,0,56,10,0,10,66
12/27/2014,FAY,NC,ASO,EN,Combined TRACON& Tower with Radar,4,21,12,0,37,0,0,23,0,23,4,21,35,0,60,30,0,30,90
12/28/2014,FAY,NC,ASO,EN,Combined TRACON& Tower with Radar,5,21,10,0,36,0,0,1,0,1,5,21,11,0,37,0,0,0,37
12/29/2014,FAY,NC,ASO,EN,Combined TRACON& Tower with Radar,6,22,14,4,46,0,0,0,0,0,6,22,14,4,46,0,0,0,46
12/30/2014,FAY,NC,ASO,EN,Combined TRACON& Tower with Radar,6,21,17,0,44,0,0,0,0,0,6,21,17,0,44,4,0,4,48
12/31/2014,FAY,NC,ASO,EN,Combined TRACON& Tower with Radar,5,16,5,0,26,0,2,19,0,21,5,18,24,0,47,12,0,12,59
01/01/2015,FAY,NC,ASO,EN,Combined TRACON& Tower with Radar,5,17,2,0,24,0,0,15,0,15,5,17,17,0,39,20,0,20,59
01/02/2015,FAY,NC,ASO,EN,Combined TRACON& Tower with Radar,6,23,1,0,30,0,0,13,0,13,6,23,14,0,43,0,0,0,43
01/03/2015,FAY,NC,ASO,EN,Combined TRACON& Tower with Radar,3,18,13,0,34,0,0,0,0,0,3,18,13,0,34,4,0,4,38
01/04/2015,FAY,NC,ASO,EN,Combined TRACON& Tower with Radar,7,18,5,0,30,0,0,0,0,0,7,18,5,0,30,0,0,0,30
01/05/2015,FAY,NC,ASO,EN,Combined TRACON& Tower with Radar,5,24,9,2,40,0,0,22,0,22,5,24,31,2,62,2,0,2,64
01/06/2015,FAY,NC,ASO,EN,Combined TRACON& Tower with Radar,2,22,17,5,46,0,1,24,0,25,2,23,41,5,71,18,0,18,89
01/07/2015,FAY,NC,ASO,EN,Combined TRACON& Tower with Radar,2,28,11,7,48,0,1,11,0,12,2,29,22,7,60,30,2,32,92
01/08/2015,FAY,NC,ASO,EN,Combined TRACON& Tower with Radar,3,27,8,0,38,0,2,24,0,26,3,29,32,0,64,28,0,28,92
01/09/2015,FAY,NC,ASO,EN,Combined TRACON& Tower with Radar,3,30,11,4,48,0,0,16,2,18,3,30,27,6,66,28,2,30,96
01/10/2015,FAY,NC,ASO,EN,Combined TRACON& Tower with Radar,2,18,9,0,29,0,1,38,0,39,2,19,47,0,68,12,0,12,80
01/11/2015,FAY,NC,ASO,EN,Combined TRACON& Tower with Radar,4,28,9,0,41,0,0,23,1,24,4,28,32,1,65,68,0,68,133
01/12/2015,FAY,NC,ASO,EN,Combined TRACON& Tower with Radar,2,24,17,0,43,0,0,0,0,0,2,24,17,0,43,0,0,0,43
01/13/2015,FAY,NC,ASO,EN,Combined TRACON& Tower with Radar,4,24,16,4,48,0,0,2,0,2,4,24,18,4,50,0,0,0,50
01/14/2015,FAY,NC,ASO,EN,Combined TRACON& Tower with Radar,2,26,16,2,46,0,0,0,0,0,2,26,16,2,46,0,0,0,46
01/15/2015,FAY,NC,ASO,EN,Combined TRACON& Tower with Radar,2,28,16,2,48,0,0,0,0,0,2,28,16,2,48,5,0,5,53
01/16/2015,FAY,NC,ASO,EN,Combined TRACON& Tower with Radar,2,26,27,0,55,0,0,49,0,49,2,26,76,0,104,72,0,72,176
01/17/2015,FAY,NC,ASO,EN,Combined TRACON& Tower with Radar,2,18,13,0,33,0,0,51,0,51,2,18,64,0,84,0,0,0,84
01/18/2015,FAY,NC,ASO,EN,Combined TRACON& Tower with Radar,2,22,7,0,31,0,0,6,0,6,2,22,13,0,37,6,0,6,43
01/19/2015,FAY,NC,ASO,EN,Combined TRACON& Tower with Radar,3,25,14,0,42,0,0,45,0,45,3,25,59,0,87,32,0,32,119
01/20/2015,FAY,NC,ASO,EN,Combined TRACON& Tower with Radar,4,22,21,10,57,2,6,27,7,42,6,28,48,17,99,84,40,124,223
01/21/2015,FAY,NC,ASO,EN,Combined TRACON& Tower with Radar,5,23,28,0,56,0,0,34,0,34,5,23,62,0,90,58,0,58,148
01/22/2015,FAY,NC,ASO,EN,Combined TRACON& Tower with Radar,2,30,38,0,70,0,2,34,1,37,2,32,72,1,107,58,0,58,165
01/23/2015,FAY,NC,ASO,EN,Combined TRACON& Tower with Radar,8,25,21,8,62,0,0,4,2,6,8,25,25,10,68,6,0,6,74
01/24/2015,FAY,NC,ASO,EN,Combined TRACON& Tower with Radar,2,21,16,0,39,0,0,5,0,5,2,21,21,0,44,18,0,18,62
01/25/2015,FAY,NC,ASO,EN,Combined TRACON& Tower with Radar,5,27,15,0,47,0,0,61,0,61,5,27,76,0,108,100,0,100,208
01/26/2015,FAY,NC,ASO,EN,Combined TRACON& Tower with Radar,3,25,11,9,48,0,0,12,2,14,3,25,23,11,62,42,0,42,104
01/27/2015,FAY,NC,ASO,EN,Combined TRACON& Tower with Radar,2,24,11,13,50,0,2,17,2,21,2,26,28,15,71,20,12,32,103
01/28/2015,FAY,NC,ASO,EN,Combined TRACON& Tower with Radar,2,30,22,11,65,0,0,40,4,44,2,30,62,15,109,41,8,49,158
01/29/2015,FAY,NC,ASO,EN,Combined TRACON& Tower with Radar,2,27,27,13,69,0,0,32,3,35,2,27,59,16,104,38,16,54,158
01/30/2015,FAY,NC,ASO,EN,Combined TRACON& Tower with Radar,3,27,18,0,48,0,1,4,0,5,3,28,22,0,53,0,0,0,53
01/31/2015,FAY,NC,ASO,EN,Combined TRACON& Tower with Radar,2,18,13,0,33,0,0,64,0,64,2,18,77,0,97,74,0,74,171
02/01/2015,FAY,NC,ASO,EN,Combined TRACON& Tower with Radar,4,21,10,0,35,0,0,27,0,27,4,21,37,0,62,43,0,43,105
02/02/2015,FAY,NC,ASO,EN,Combined TRACON& Tower with Radar,4,22,10,0,36,0,0,2,0,2,4,22,12,0,38,0,0,0,38
02/03/2015,FAY,NC,ASO,EN,Combined TRACON& Tower with Radar,2,27,23,8,60,0,3,33,1,37,2,30,56,9,97,18,16,34,131
02/04/2015,FAY,NC,ASO,EN,Combined TRACON& Tower with Radar,4,31,20,3,58,0,0,21,2,23,4,31,41,5,81,16,28,44,125
02/05/2015,FAY,NC,ASO,EN,Combined TRACON& Tower with Radar,4,27,18,8,57,0,0,17,0,17,4,27,35,8,74,0,6,6,80
02/06/2015,FAY,NC,ASO,EN,Combined TRACON& Tower with Radar,2,28,23,0,53,0,0,24,1,25,2,28,47,1,78,2,6,8,86
02/07/2015,FAY,NC,ASO,EN,Combined TRACON& Tower with Radar,2,20,13,4,39,0,0,30,0,30,2,20,43,4,69,42,2,44,113
02/08/2015,FAY,NC,ASO,EN,Combined TRACON& Tower with Radar,2,26,1,0,29,0,0,28,0,28,2,26,29,0,57,24,0,24,81
02/09/2015,FAY,NC,ASO,EN,Combined TRACON& Tower with Radar,2,29,12,4,47,0,1,17,1,19,2,30,29,5,66,4,0,4,70
02/10/2015,FAY,NC,ASO,EN,Combined TRACON& Tower with Radar,4,21,16,6,47,0,0,1,0,1,4,21,17,6,48,0,4,4,52
02/11/2015,FAY,NC,ASO,EN,Combined TRACON& Tower with Radar,2,30,29,6,67,0,0,32,4,36,2,30,61,10,103,76,26,102,205
02/12/2015,FAY,NC,ASO,EN,Combined TRACON& Tower with Radar,2,28,22,19,71,0,0,17,3,20,2,28,39,22,91,6,22,28,119
02/13/2015,FAY,NC,ASO,EN,Combined TRACON& Tower with Radar,2,31,13,0,46,0,0,37,1,38,2,31,50,1,84,16,0,16,100
02/14/2015,FAY,NC,ASO,EN,Combined TRACON& Tower with Radar,2,19,5,0,26,0,1,35,1,37,2,20,40,1,63,43,0,43,106
02/15/2015,FAY,NC,ASO,EN,Combined TRACON& Tower with Radar,4,19,10,0,33,0,1,20,0,21,4,20,30,0,54,4,0,4,58
02/16/2015,FAY,NC,ASO,EN,Combined TRACON& Tower with Radar,2,19,10,1,32,0,0,14,0,14,2,19,24,1,46,0,0,0,46
02/17/2015,FAY,NC,ASO,EN,Combined TRACON& Tower with Radar,2,7,2,0,11,0,0,0,0,0,2,7,2,0,11,0,0,0,11
02/18/2015,FAY,NC,ASO,EN,Combined TRACON& Tower with Radar,2,24,21,2,49,0,0,3,0,3,2,24,24,2,52,2,0,2,54
02/19/2015,FAY,NC,ASO,EN,Combined TRACON& Tower with Radar,2,30,9,18,59,0,8,24,9,41,2,38,33,27,100,48,40,88,188
02/20/2015,FAY,NC,ASO,EN,Combined TRACON& Tower with Radar,2,26,11,13,52,0,0,14,6,20,2,26,25,19,72,12,32,44,116
02/21/2015,FAY,NC,ASO,EN,Combined TRACON& Tower with Radar,2,12,20,0,34,0,0,11,0,11,2,12,31,0,45,84,0,84,129
02/22/2015,FAY,NC,ASO,EN,Combined TRACON& Tower with Radar,2,24,24,0,50,0,0,1,0,1,2,24,25,0,51,12,0,12,63
02/23/2015,FAY,NC,ASO,EN,Combined TRACON& Tower with Radar,2,26,11,0,39,0,0,0,0,0,2,26,11,0,39,0,0,0,39
02/24/2015,FAY,NC,ASO,EN,Combined TRACON& Tower with Radar,2,4,4,0,10,0,0,0,0,0,2,4,4,0,10,0,0,0,10
02/25/2015,FAY,NC,ASO,EN,Combined TRACON& Tower with Radar,1,26,19,0,46,0,4,17,1,22,1,30,36,1,68,0,0,0,68
02/26/2015,FAY,NC,ASO,EN,Combined TRACON& Tower with Radar,1,23,13,2,39,0,0,0,0,0,1,23,13,2,39,0,2,2,41
02/27/2015,FAY,NC,ASO,EN,Combined TRACON& Tower with Radar,5,30,14,16,65,0,0,32,3,35,5,30,46,19,100,22,22,44,144
02/28/2015,FAY,NC,ASO,EN,Combined TRACON& Tower with Radar,3,19,8,0,30,0,1,28,1,30,3,20,36,1,60,8,18,26,86
03/01/2015,FAY,NC,ASO,EN,Combined TRACON& Tower with Radar,4,22,12,1,39,0,0,0,0,0,4,22,12,1,39,0,0,0,39
03/02/2015,FAY,NC,ASO,EN,Combined TRACON& Tower with Radar,5,16,14,2,37,4,6,29,3,42,9,22,43,5,79,70,20,90,169
03/03/2015,FAY,NC,ASO,EN,Combined TRACON& Tower with Radar,5,20,29,2,56,0,0,0,0,0,5,20,29,2,56,0,16,16,72
03/04/2015,FAY,NC,ASO,EN,Combined TRACON& Tower with Radar,4,14,6,2,26,0,0,8,0,8,4,14,14,2,34,0,0,0,34
03/05/2015,FAY,NC,ASO,EN,Combined TRACON& Tower with Radar,4,21,16,9,50,0,0,2,0,2,4,21,18,9,52,0,0,0,52
03/06/2015,FAY,NC,ASO,EN,Combined TRACON& Tower with Radar,4,28,25,31,88,0,0,27,4,31,4,28,52,35,119,17,36,53,172
03/07/2015,FAY,NC,ASO,EN,Combined TRACON& Tower with Radar,2,21,16,4,43,0,0,29,5,34,2,21,45,9,77,24,8,32,109
03/08/2015,FAY,NC,ASO,EN,Combined TRACON& Tower with Radar,4,22,12,4,42,0,1,38,0,39,4,23,50,4,81,38,0,38,119
03/09/2015,FAY,NC,ASO,EN,Combined TRACON& Tower with Radar,4,30,12,14,60,0,2,23,3,28,4,32,35,17,88,12,8,20,108
03/10/2015,FAY,NC,ASO,EN,Combined TRACON& Tower with Radar,6,19,13,8,46,0,3,27,1,31,6,22,40,9,77,70,8,78,155
03/11/2015,FAY,NC,ASO,EN,Combined TRACON& Tower with Radar,6,17,22,24,69,0,0,19,4,23,6,17,41,28,92,34,26,60,152
03/12/2015,FAY,NC,ASO,EN,Combined TRACON& Tower with Radar,4,24,26,26,80,0,1,28,5,34,4,25,54,31,114,80,64,144,258
03/13/2015,FAY,NC,ASO,EN,Combined TRACON& Tower with Radar,4,20,12,13,49,0,0,22,2,24,4,20,34,15,73,0,0,0,73
03/14/2015,FAY,NC,ASO,EN,Combined TRACON& Tower with Radar,2,19,21,0,42,0,0,0,0,0,2,19,21,0,42,0,0,0,42
03/15/2015,FAY,NC,ASO,EN,Combined TRACON& Tower with Radar,4,23,22,2,51,0,1,21,0,22,4,24,43,2,73,12,0,12,85
03/16/2015,FAY,NC,ASO,EN,Combined TRACON& Tower with Radar,4,22,14,2,42,0,1,32,2,35,4,23,46,4,77,47,0,47,124
03/17/2015,FAY,NC,ASO,EN,Combined TRACON& Tower with Radar,4,20,11,14,49,0,1,31,3,35,4,21,42,17,84,39,8,47,131
03/18/2015,FAY,NC,ASO,EN,Combined TRACON& Tower with Radar,4,22,30,6,62,0,0,48,6,54,4,22,78,12,116,58,42,100,216
03/19/2015,FAY,NC,ASO,EN,Combined TRACON& Tower with Radar,4,24,18,10,56,0,2,16,0,18,4,26,34,10,74,6,12,18,92
03/20/2015,FAY,NC,ASO,EN,Combined TRACON& Tower with Radar,4,24,14,7,49,0,0,11,1,12,4,24,25,8,61,0,2,2,63
03/21/2015,FAY,NC,ASO,EN,Combined TRACON& Tower with Radar,2,23,18,0,43,0,0,35,0,35,2,23,53,0,78,52,0,52,130
03/22/2015,FAY,NC,ASO,EN,Combined TRACON& Tower with Radar,4,23,27,7,61,0,2,34,1,37,4,25,61,8,98,54,11,65,163
03/23/2015,FAY,NC,ASO,EN,Combined TRACON& Tower with Radar,4,20,29,2,55,0,0,27,0,27,4,20,56,2,82,46,2,48,130
03/24/2015,FAY,NC,ASO,EN,Combined TRACON& Tower with Radar,4,22,21,0,47,0,0,46,0,46,4,22,67,0,93,56,0,56,149
03/25/2015,FAY,NC,ASO,EN,Combined TRACON& Tower with Radar,6,23,36,4,69,0,0,12,2,14,6,23,48,6,83,4,0,4,87
03/26/2015,FAY,NC,ASO,EN,Combined TRACON& Tower with Radar,5,22,14,17,58,0,0,8,2,10,5,22,22,19,68,28,16,44,112
03/27/2015,FAY,NC,ASO,EN,Combined TRACON& Tower with Radar,5,26,14,8,53,0,0,0,0,0,5,26,14,8,53,0,0,0,53
03/28/2015,FAY,NC,ASO,EN,Combined TRACON& Tower with Radar,2,23,12,0,37,0,9,22,0,31,2,32,34,0,68,30,0,30,98
03/29/2015,FAY,NC,ASO,EN,Combined TRACON& Tower with Radar,8,23,16,0,47,0,0,57,0,57,8,23,73,0,104,42,0,42,146
03/30/2015,FAY,NC,ASO,EN,Combined TRACON& Tower with Radar,6,22,18,8,54,0,0,16,0,16,6,22,34,8,70,34,22,56,126
03/31/2015,FAY,NC,ASO,EN,Combined TRACON& Tower with Radar,3,24,18,3,48,0,1,29,2,32,3,25,47,5,80,20,0,20,100
04/01/2015,FAY,NC,ASO,EN,Combined TRACON& Tower with Radar,5,21,12,6,44,0,0,29,3,32,5,21,41,9,76,18,8,26,102
04/02/2015,FAY,NC,ASO,EN,Combined TRACON& Tower with Radar,4,25,8,3,40,0,0,23,1,24,4,25,31,4,64,42,4,46,110
04/03/2015,FAY,NC,ASO,EN,Combined TRACON& Tower with Radar,5,26,10,0,41,0,1,21,0,22,5,27,31,0,63,12,0,12,75
04/04/2015,FAY,NC,ASO,EN,Combined TRACON& Tower with Radar,2,19,9,0,30,0,2,27,0,29,2,21,36,0,59,18,0,18,77
04/05/2015,FAY,NC,ASO,EN,Combined TRACON& Tower with Radar,2,24,12,0,38,0,0,30,0,30,2,24,42,0,68,22,0,22,90
04/06/2015,FAY,NC,ASO,EN,Combined TRACON& Tower with Radar,4,26,14,0,44,0,0,31,0,31,4,26,45,0,75,54,0,54,129
04/07/2015,FAY,NC,ASO,EN,Combined TRACON& Tower with Radar,2,23,22,3,50,0,0,13,1,14,2,23,35,4,64,24,0,24,88
04/08/2015,FAY,NC,ASO,EN,Combined TRACON& Tower with Radar,2,24,18,2,46,0,0,17,0,17,2,24,35,2,63,60,0,60,123
04/09/2015,FAY,NC,ASO,EN,Combined TRACON& Tower with Radar,2,22,29,8,61,0,0,14,0,14,2,22,43,8,75,22,16,38,113
04/10/2015,FAY,NC,ASO,EN,Combined TRACON& Tower with Radar,5,28,20,8,61,0,0,14,0,14,5,28,34,8,75,0,0,0,75
04/11/2015,FAY,NC,ASO,EN,Combined TRACON& Tower with Radar,3,17,8,0,28,0,1,34,0,35,3,18,42,0,63,52,0,52,115
04/12/2015,FAY,NC,ASO,EN,Combined TRACON& Tower with Radar,2,23,10,0,35,0,0,37,0,37,2,23,47,0,72,18,0,18,90
04/13/2015,FAY,NC,ASO,EN,Combined TRACON& Tower with Radar,4,25,20,7,56,0,0,23,3,26,4,25,43,10,82,54,18,72,154
04/14/2015,FAY,NC,ASO,EN,Combined TRACON& Tower with Radar,4,27,35,6,72,0,0,0,0,0,4,27,35,6,72,0,0,0,72
04/15/2015,FAY,NC,ASO,EN,Combined TRACON& Tower with Radar,2,20,37,7,66,0,0,0,0,0,2,20,37,7,66,12,30,42,108
04/16/2015,FAY,NC,ASO,EN,Combined TRACON& Tower with Radar,2,24,27,11,64,0,0,4,1,5,2,24,31,12,69,20,30,50,119
04/17/2015,FAY,NC,ASO,EN,Combined TRACON& Tower with Radar,3,26,32,10,71,0,0,3,6,9,3,26,35,16,80,4,18,22,102
04/18/2015,FAY,NC,ASO,EN,Combined TRACON& Tower with Radar,3,21,31,2,57,0,2,21,1,24,3,23,52,3,81,42,0,42,123
04/19/2015,FAY,NC,ASO,EN,Combined TRACON& Tower with Radar,2,23,11,1,37,0,0,0,2,2,2,23,11,3,39,0,0,0,39
04/20/2015,FAY,NC,ASO,EN,Combined TRACON& Tower with Radar,6,18,8,9,41,0,0,7,5,12,6,18,15,14,53,22,0,22,75
04/21/2015,FAY,NC,ASO,EN,Combined TRACON& Tower with Radar,2,30,22,8,62,0,3,39,4,46,2,33,61,12,108,96,28,124,232
04/22/2015,FAY,NC,ASO,EN,Combined TRACON& Tower with Radar,2,22,21,6,51,0,0,31,8,39,2,22,52,14,90,0,4,4,94
04/23/2015,FAY,NC,ASO,EN,Combined TRACON& Tower with Radar,3,26,15,0,44,0,0,30,1,31,3,26,45,1,75,52,0,52,127
04/24/2015,FAY,NC,ASO,EN,Combined TRACON& Tower with Radar,3,24,30,1,58,0,0,103,1,104,3,24,133,2,162,98,0,98,260
04/25/2015,FAY,NC,ASO,EN,Combined TRACON& Tower with Radar,2,23,22,0,47,0,0,8,0,8,2,23,30,0,55,8,0,8,63
04/26/2015,FAY,NC,ASO,EN,Combined TRACON& Tower with Radar,6,25,23,2,56,0,0,0,0,0,6,25,23,2,56,0,0,0,56
04/27/2015,FAY,NC,ASO,EN,Combined TRACON& Tower with Radar,2,29,20,4,55,0,1,52,2,55,2,30,72,6,110,78,0,78,188
04/28/2015,FAY,NC,ASO,EN,Combined TRACON& Tower with Radar,2,26,27,13,68,0,3,36,4,43,2,29,63,17,111,20,14,34,145
04/29/2015,FAY,NC,ASO,EN,Combined TRACON& Tower with Radar,3,24,22,6,55,0,0,7,0,7,3,24,29,6,62,24,18,42,104
04/30/2015,FAY,NC,ASO,EN,Combined TRACON& Tower with Radar,3,26,25,17,71,0,0,20,1,21,3,26,45,18,92,16,26,42,134
05/01/2015,FAY,NC,ASO,EN,Combined TRACON& Tower with Radar,6,28,9,6,49,0,0,2,0,2,6,28,11,6,51,0,0,0,51
05/02/2015,FAY,NC,ASO,EN,Combined TRACON& Tower with Radar,2,23,10,0,35,0,0,43,0,43,2,23,53,0,78,77,2,79,157
05/03/2015,FAY,NC,ASO,EN,Combined TRACON& Tower with Radar,3,26,12,0,41,0,0,44,0,44,3,26,56,0,85,114,0,114,199
05/04/2015,FAY,NC,ASO,EN,Combined TRACON& Tower with Radar,7,27,19,0,53,0,1,35,0,36,7,28,54,0,89,42,0,42,131
05/05/2015,FAY,NC,ASO,EN,Combined TRACON& Tower with Radar,2,28,16,0,46,0,0,36,0,36,2,28,52,0,82,74,0,74,156
05/06/2015,FAY,NC,ASO,EN,Combined TRACON& Tower with Radar,4,26,20,2,52,0,0,28,0,28,4,26,48,2,80,62,0,62,142
05/07/2015,FAY,NC,ASO,EN,Combined TRACON& Tower with Radar,2,33,19,4,58,0,0,23,2,25,2,33,42,6,83,36,4,40,123
05/08/2015,FAY,NC,ASO,EN,Combined TRACON& Tower with Radar,2,28,19,6,55,0,0,9,0,9,2,28,28,6,64,26,2,28,92
05/09/2015,FAY,NC,ASO,EN,Combined TRACON& Tower with Radar,2,23,6,0,31,0,0,1,0,1,2,23,7,0,32,8,0,8,40
05/10/2015,FAY,NC,ASO,EN,Combined TRACON& Tower with Radar,2,22,10,0,34,0,0,0,0,0,2,22,10,0,34,0,0,0,34
05/11/2015,FAY,NC,ASO,EN,Combined TRACON& Tower with Radar,2,35,16,2,55,0,0,15,1,16,2,35,31,3,71,10,2,12,83
05/12/2015,FAY,NC,ASO,EN,Combined TRACON& Tower with Radar,2,26,20,0,48,0,1,20,0,21,2,27,40,0,69,14,0,14,83
05/13/2015,FAY,NC,ASO,EN,Combined TRACON& Tower with Radar,2,26,17,8,53,0,0,35,2,37,2,26,52,10,90,109,16,125,215
05/14/2015,FAY,NC,ASO,EN,Combined TRACON& Tower with Radar,2,30,29,9,70,0,1,40,2,43,2,31,69,11,113,98,18,116,229
05/15/2015,FAY,NC,ASO,EN,Combined TRACON& Tower with Radar,2,31,20,3,56,0,0,19,0,19,2,31,39,3,75,30,0,30,105
05/16/2015,FAY,NC,ASO,EN,Combined TRACON& Tower with Radar,2,23,14,0,39,0,1,35,0,36,2,24,49,0,75,14,0,14,89
05/17/2015,FAY,NC,ASO,EN,Combined TRACON& Tower with Radar,3,27,11,1,42,0,0,40,0,40,3,27,51,1,82,20,0,20,102
05/18/2015,FAY,NC,ASO,EN,Combined TRACON& Tower with Radar,2,29,14,12,57,0,0,27,1,28,2,29,41,13,85,80,0,80,165
05/19/2015,FAY,NC,ASO,EN,Combined TRACON& Tower with Radar,3,25,11,10,49,0,0,19,0,19,3,25,30,10,68,14,6,20,88
05/20/2015,FAY,NC,ASO,EN,Combined TRACON& Tower with Radar,2,27,22,4,55,0,1,35,2,38,2,28,57,6,93,46,0,46,139
05/21/2015,FAY,NC,ASO,EN,Combined TRACON& Tower with Radar,4,27,18,4,53,0,0,5,0,5,4,27,23,4,58,52,0,52,110
05/22/2015,FAY,NC,ASO,EN,Combined TRACON& Tower with Radar,4,29,24,0,57,0,2,46,0,48,4,31,70,0,105,6,0,6,111
05/23/2015,FAY,NC,ASO,EN,Combined TRACON& Tower with Radar,4,21,6,0,31,0,0,43,0,43,4,21,49,0,74,26,0,26,100
05/24/2015,FAY,NC,ASO,EN,Combined TRACON& Tower with Radar,4,23,9,0,36,0,0,30,0,30,4,23,39,0,66,52,0,52,118
05/25/2015,FAY,NC,ASO,EN,Combined TRACON& Tower with Radar,1,26,7,0,34,0,2,29,0,31,1,28,36,0,65,16,0,16,81
05/26/2015,FAY,NC,ASO,EN,Combined TRACON& Tower with Radar,3,24,20,9,56,0,2,16,1,19,3,26,36,10,75,32,25,57,132
05/27/2015,FAY,NC,ASO,EN,Combined TRACON& Tower with Radar,2,28,24,2,56,0,3,5,0,8,2,31,29,2,64,30,0,30,94
05/28/2015,FAY,NC,ASO,EN,Combined TRACON& Tower with Radar,2,27,37,2,68,0,0,13,0,13,2,27,50,2,81,65,0,65,146
05/29/2015,FAY,NC,ASO,EN,Combined TRACON& Tower with Radar,2,30,24,4,60,0,2,40,0,42,2,32,64,4,102,28,4,32,134
05/30/2015,FAY,NC,ASO,EN,Combined TRACON& Tower with Radar,2,23,3,2,30,0,0,27,0,27,2,23,30,2,57,10,0,10,67
05/31/2015,FAY,NC,ASO,EN,Combined TRACON& Tower with Radar,2,25,10,0,37,0,1,24,2,27,2,26,34,2,64,24,0,24,88
06/01/2015,FAY,NC,ASO,EN,Combined TRACON& Tower with Radar,2,26,18,6,52,0,0,20,0,20,2,26,38,6,72,60,0,60,132
06/02/2015,FAY,NC,ASO,EN,Combined TRACON& Tower with Radar,2,21,14,0,37,0,0,10,0,10,2,21,24,0,47,39,0,39,86
06/03/2015,FAY,NC,ASO,EN,Combined TRACON& Tower with Radar,2,33,26,1,62,0,0,3,0,3,2,33,29,1,65,0,4,4,69
06/04/2015,FAY,NC,ASO,EN,Combined TRACON& Tower with Radar,4,25,18,3,50,0,0,5,0,5,4,25,23,3,55,31,0,31,86
06/05/2015,FAY,NC,ASO,EN,Combined TRACON& Tower with Radar,4,23,23,5,55,0,0,15,0,15,4,23,38,5,70,42,0,42,112
06/06/2015,FAY,NC,ASO,EN,Combined TRACON& Tower with Radar,4,19,8,0,31,0,0,40,0,40,4,19,48,0,71,46,0,46,117
06/07/2015,FAY,NC,ASO,EN,Combined TRACON& Tower with Radar,4,28,15,0,47,0,8,33,0,41,4,36,48,0,88,22,0,22,110
06/08/2015,FAY,NC,ASO,EN,Combined TRACON& Tower with Radar,6,24,21,11,62,0,0,17,1,18,6,24,38,12,80,18,20,38,118
06/09/2015,FAY,NC,ASO,EN,Combined TRACON& Tower with Radar,3,18,22,19,62,0,0,15,2,17,3,18,37,21,79,51,40,91,170
06/10/2015,FAY,NC,ASO,EN,Combined TRACON& Tower with Radar,5,22,27,7,61,0,0,14,2,16,5,22,41,9,77,13,2,15,92
06/11/2015,FAY,NC,ASO,EN,Combined TRACON& Tower with Radar,4,22,24,2,52,0,1,27,1,29,4,23,51,3,81,10,10,20,101
06/12/2015,FAY,NC,ASO,EN,Combined TRACON& Tower with Radar,4,23,18,2,47,0,2,19,0,21,4,25,37,2,68,36,0,36,104
06/13/2015,FAY,NC,ASO,EN,Combined TRACON& Tower with Radar,7,13,11,0,31,0,1,32,0,33,7,14,43,0,64,20,0,20,84
06/14/2015,FAY,NC,ASO,EN,Combined TRACON& Tower with Radar,5,22,24,1,52,0,2,36,1,39,5,24,60,2,91,105,0,105,196
06/15/2015,FAY,NC,ASO,EN,Combined TRACON& Tower with Radar,4,25,14,4,47,0,0,20,0,20,4,25,34,4,67,16,8,24,91
06/16/2015,FAY,NC,ASO,EN,Combined TRACON& Tower with Radar,6,20,8,3,37,0,0,22,1,23,6,20,30,4,60,46,0,46,106
06/17/2015,FAY,NC,ASO,EN,Combined TRACON& Tower with Radar,4,24,21,2,51,0,2,18,2,22,4,26,39,4,73,26,0,26,99
06/18/2015,FAY,NC,ASO,EN,Combined TRACON& Tower with Radar,4,26,20,6,56,0,0,8,0,8,4,26,28,6,64,24,2,26,90
06/19/2015,FAY,NC,ASO,EN,Combined TRACON& Tower with Radar,6,22,16,0,44,0,2,17,0,19,6,24,33,0,63,6,0,6,69
06/20/2015,FAY,NC,ASO,EN,Combined TRACON& Tower with Radar,4,20,9,0,33,0,0,25,0,25,4,20,34,0,58,16,0,16,74
06/21/2015,FAY,NC,ASO,EN,Combined TRACON& Tower with Radar,4,22,5,0,31,0,0,20,0,20,4,22,25,0,51,19,0,19,70
06/22/2015,FAY,NC,ASO,EN,Combined TRACON& Tower with Radar,8,22,15,4,49,0,0,34,0,34,8,22,49,4,83,16,0,16,99
06/23/2015,FAY,NC,ASO,EN,Combined TRACON& Tower with Radar,4,23,12,0,39,0,1,21,4,26,4,24,33,4,65,4,0,4,69
06/24/2015,FAY,NC,ASO,EN,Combined TRACON& Tower with Radar,3,26,13,3,45,1,2,13,5,21,4,28,26,8,66,54,22,76,142
06/25/2015,FAY,NC,ASO,EN,Combined TRACON& Tower with Radar,7,22,14,4,47,0,0,23,2,25,7,22,37,6,72,4,18,22,94
06/26/2015,FAY,NC,ASO,EN,Combined TRACON& Tower with Radar,6,23,14,6,49,0,2,36,3,41,6,25,50,9,90,0,0,0,90
06/27/2015,FAY,NC,ASO,EN,Combined TRACON& Tower with Radar,4,18,7,0,29,0,0,10,0,10,4,18,17,0,39,0,0,0,39
06/28/2015,FAY,NC,ASO,EN,Combined TRACON& Tower with Radar,6,25,11,0,42,0,0,29,0,29,6,25,40,0,71,58,0,58,129
06/29/2015,FAY,NC,ASO,EN,Combined TRACON& Tower with Radar,6,22,15,9,52,0,0,27,1,28,6,22,42,10,80,49,10,59,139
06/30/2015,FAY,NC,ASO,EN,Combined TRACON& Tower with Radar,4,17,13,5,39,0,0,17,2,19,4,17,30,7,58,43,12,55,113
07/01/2015,FAY,NC,ASO,EN,Combined TRACON& Tower with Radar,2,26,30,7,65,0,0,6,4,10,2,26,36,11,75,10,9,19,94
07/02/2015,FAY,NC,ASO,EN,Combined TRACON& Tower with Radar,4,22,17,4,47,0,0,18,0,18,4,22,35,4,65,12,18,30,95
07/03/2015,FAY,NC,ASO,EN,Combined TRACON& Tower with Radar,4,16,6,0,26,0,0,0,0,0,4,16,6,0,26,0,0,0,26
07/04/2015,FAY,NC,ASO,EN,Combined TRACON& Tower with Radar,3,16,3,0,22,0,1,21,0,22,3,17,24,0,44,16,0,16,60
07/05/2015,FAY,NC,ASO,EN,Combined TRACON& Tower with Radar,4,23,7,0,34,0,0,11,0,11,4,23,18,0,45,0,0,0,45
07/06/2015,FAY,NC,ASO,EN,Combined TRACON& Tower with Radar,4,24,11,0,39,0,0,10,0,10,4,24,21,0,49,6,0,6,55
07/07/2015,FAY,NC,ASO,EN,Combined TRACON& Tower with Radar,4,22,13,8,47,0,2,27,0,29,4,24,40,8,76,27,0,27,103
07/08/2015,FAY,NC,ASO,EN,Combined TRACON& Tower with Radar,2,20,17,4,43,0,0,37,0,37,2,20,54,4,80,26,0,26,106
07/09/2015,FAY,NC,ASO,EN,Combined TRACON& Tower with Radar,4,20,15,12,51,0,1,35,0,36,4,21,50,12,87,8,14,22,109
07/10/2015,FAY,NC,ASO,EN,Combined TRACON& Tower with Radar,4,26,14,6,50,0,2,30,2,34,4,28,44,8,84,0,26,26,110
07/11/2015,FAY,NC,ASO,EN,Combined TRACON& Tower with Radar,4,16,14,1,35,0,8,49,1,58,4,24,63,2,93,46,0,46,139
07/12/2015,FAY,NC,ASO,EN,Combined TRACON& Tower with Radar,4,23,12,6,45,0,1,27,0,28,4,24,39,6,73,31,0,31,104
07/13/2015,FAY,NC,ASO,EN,Combined TRACON& Tower with Radar,4,23,23,2,52,0,0,6,0,6,4,23,29,2,58,0,0,0,58
07/14/2015,FAY,NC,ASO,EN,Combined TRACON& Tower with Radar,2,27,11,11,51,0,0,19,2,21,2,27,30,13,72,20,40,60,132
07/15/2015,FAY,NC,ASO,EN,Combined TRACON& Tower with Radar,2,26,12,12,52,0,0,23,0,23,2,26,35,12,75,0,0,0,75
07/16/2015,FAY,NC,ASO,EN,Combined TRACON& Tower with Radar,2,27,15,7,51,0,1,29,1,31,2,28,44,8,82,22,0,22,104
07/17/2015,FAY,NC,ASO,EN,Combined TRACON& Tower with Radar,4,25,18,5,52,0,2,14,3,19,4,27,32,8,71,0,0,0,71
07/18/2015,FAY,NC,ASO,EN,Combined TRACON& Tower with Radar,4,11,5,0,20,0,0,18,0,18,4,11,23,0,38,14,0,14,52
07/19/2015,FAY,NC,ASO,EN,Combined TRACON& Tower with Radar,7,23,21,2,53,0,1,15,0,16,7,24,36,2,69,12,0,12,81
07/20/2015,FAY,NC,ASO,EN,Combined TRACON& Tower with Radar,5,26,14,16,61,0,0,26,3,29,5,26,40,19,90,14,16,30,120
07/21/2015,FAY,NC,ASO,EN,Combined TRACON& Tower with Radar,2,31,25,10,68,0,0,25,2,27,2,31,50,12,95,28,20,48,143
07/22/2015,FAY,NC,ASO,EN,Combined TRACON& Tower with Radar,1,23,14,22,60,0,0,27,6,33,1,23,41,28,93,0,16,16,109
07/23/2015,FAY,NC,ASO,EN,Combined TRACON& Tower with Radar,5,20,12,2,39,0,0,6,0,6,5,20,18,2,45,0,0,0,45
07/24/2015,FAY,NC,ASO,EN,Combined TRACON& Tower with Radar,6,22,12,14,54,0,2,17,2,21,6,24,29,16,75,6,8,14,89
07/25/2015,FAY,NC,ASO,EN,Combined TRACON& Tower with Radar,4,18,13,0,35,0,0,31,0,31,4,18,44,0,66,26,0,26,92
07/26/2015,FAY,NC,ASO,EN,Combined TRACON& Tower with Radar,5,25,9,0,39,0,0,18,0,18,5,25,27,0,57,12,0,12,69
07/27/2015,FAY,NC,ASO,EN,Combined TRACON& Tower with Radar,4,23,13,1,41,0,0,21,1,22,4,23,34,2,63,0,0,0,63
07/28/2015,FAY,NC,ASO,EN,Combined TRACON& Tower with Radar,2,22,13,9,46,0,0,20,3,23,2,22,33,12,69,28,2,30,99
07/29/2015,FAY,NC,ASO,EN,Combined TRACON& Tower with Radar,2,24,31,2,59,0,0,18,0,18,2,24,49,2,77,20,0,20,97
07/30/2015,FAY,NC,ASO,EN,Combined TRACON& Tower with Radar,4,22,12,7,45,0,0,19,1,20,4,22,31,8,65,0,0,0,65
07/31/2015,FAY,NC,ASO,EN,Combined TRACON& Tower with Radar,4,22,19,0,45,0,0,22,0,22,4,22,41,0,67,20,0,20,87
08/01/2015,FAY,NC,ASO,EN,Combined TRACON& Tower with Radar,4,16,14,0,34,0,0,33,0,33,4,16,47,0,67,10,0,10,77
08/02/2015,FAY,NC,ASO,EN,Combined TRACON& Tower with Radar,7,17,12,0,36,0,0,31,0,31,7,17,43,0,67,2,0,2,69
08/03/2015,FAY,NC,ASO,EN,Combined TRACON& Tower with Radar,9,21,12,2,44,0,0,13,0,13,9,21,25,2,57,12,1,13,70
08/04/2015,FAY,NC,ASO,EN,Combined TRACON& Tower with Radar,2,24,21,31,78,0,2,12,3,17,2,26,33,34,95,0,28,28,123
08/05/2015,FAY,NC,ASO,EN,Combined TRACON& Tower with Radar,2,22,13,7,44,0,0,22,0,22,2,22,35,7,66,24,0,24,90
08/06/2015,FAY,NC,ASO,EN,Combined TRACON& Tower with Radar,6,18,17,4,45,0,0,8,0,8,6,18,25,4,53,8,0,8,61
08/07/2015,FAY,NC,ASO,EN,Combined TRACON& Tower with Radar,4,23,18,6,51,0,0,0,2,2,4,23,18,8,53,0,4,4,57
08/08/2015,FAY,NC,ASO,EN,Combined TRACON& Tower with Radar,4,17,19,0,40,0,0,8,0,8,4,17,27,0,48,15,0,15,63
08/09/2015,FAY,NC,ASO,EN,Combined TRACON& Tower with Radar,4,23,17,0,44,0,1,26,0,27,4,24,43,0,71,0,0,0,71
08/10/2015,FAY,NC,ASO,EN,Combined TRACON& Tower with Radar,3,23,13,5,44,0,0,13,5,18,3,23,26,10,62,42,0,42,104
08/11/2015,FAY,NC,ASO,EN,Combined TRACON& Tower with Radar,3,27,22,8,60,0,2,10,0,12,3,29,32,8,72,2,8,10,82
08/12/2015,FAY,NC,ASO,EN,Combined TRACON& Tower with Radar,2,32,15,10,59,0,0,33,2,35,2,32,48,12,94,4,28,32,126
08/13/2015,FAY,NC,ASO,EN,Combined TRACON& Tower with Radar,4,24,13,1,42,0,1,27,2,30,4,25,40,3,72,56,0,56,128
08/14/2015,FAY,NC,ASO,EN,Combined TRACON& Tower with Radar,4,22,15,7,48,0,0,20,0,20,4,22,35,7,68,34,0,34,102
08/15/2015,FAY,NC,ASO,EN,Combined TRACON& Tower with Radar,4,16,8,0,28,0,0,35,0,35,4,16,43,0,63,8,0,8,71
08/16/2015,FAY,NC,ASO,EN,Combined TRACON& Tower with Radar,4,22,10,1,37,0,0,32,0,32,4,22,42,1,69,27,0,27,96
08/17/2015,FAY,NC,ASO,EN,Combined TRACON& Tower with Radar,4,23,11,2,40,0,0,28,0,28,4,23,39,2,68,10,0,10,78
08/18/2015,FAY,NC,ASO,EN,Combined TRACON& Tower with Radar,3,23,14,0,40,0,0,5,0,5,3,23,19,0,45,24,0,24,69
08/19/2015,FAY,NC,ASO,EN,Combined TRACON& Tower with Radar,7,27,22,8,64,0,0,3,2,5,7,27,25,10,69,2,4,6,75
08/20/2015,FAY,NC,ASO,EN,Combined TRACON& Tower with Radar,4,23,30,16,73,0,0,15,0,15,4,23,45,16,88,10,0,10,98
08/21/2015,FAY,NC,ASO,EN,Combined TRACON& Tower with Radar,2,29,13,8,52,0,0,29,0,29,2,29,42,8,81,26,0,26,107
08/22/2015,FAY,NC,ASO,EN,Combined TRACON& Tower with Radar,4,16,14,0,34,0,0,36,0,36,4,16,50,0,70,8,0,8,78
08/23/2015,FAY,NC,ASO,EN,Combined TRACON& Tower with Radar,4,23,12,0,39,0,0,30,0,30,4,23,42,0,69,42,0,42,111
08/24/2015,FAY,NC,ASO,EN,Combined TRACON& Tower with Radar,5,26,11,13,55,0,1,14,1,16,5,27,25,14,71,8,30,38,109
08/25/2015,FAY,NC,ASO,EN,Combined TRACON& Tower with Radar,5,23,18,0,46,0,0,16,0,16,5,23,34,0,62,4,0,4,66
08/26/2015,FAY,NC,ASO,EN,Combined TRACON& Tower with Radar,4,26,23,6,59,0,1,15,2,18,4,27,38,8,77,6,4,10,87
08/27/2015,FAY,NC,ASO,EN,Combined TRACON& Tower with Radar,4,27,24,10,65,0,2,25,3,30,4,29,49,13,95,56,22,78,173
08/28/2015,FAY,NC,ASO,EN,Combined TRACON& Tower with Radar,6,29,12,0,47,0,1,24,0,25,6,30,36,0,72,18,0,18,90
08/29/2015,FAY,NC,ASO,EN,Combined TRACON& Tower with Radar,4,21,7,0,32,0,0,48,0,48,4,21,55,0,80,42,0,42,122
08/30/2015,FAY,NC,ASO,EN,Combined TRACON& Tower with Radar,6,25,7,0,38,0,0,17,0,17,6,25,24,0,55,26,0,26,81
08/31/2015,FAY,NC,ASO,EN,Combined TRACON& Tower with Radar,4,26,14,4,48,0,0,1,1,2,4,26,15,5,50,0,0,0,50
09/01/2015,FAY,NC,ASO,EN,Combined TRACON& Tower with Radar,4,23,24,6,57,0,0,28,1,29,4,23,52,7,86,28,24,52,138
09/02/2015,FAY,NC,ASO,EN,Combined TRACON& Tower with Radar,4,23,39,3,69,0,0,41,1,42,4,23,80,4,111,14,8,22,133
09/03/2015,FAY,NC,ASO,EN,Combined TRACON& Tower with Radar,6,27,27,0,60,0,0,20,0,20,6,27,47,0,80,90,0,90,170
09/04/2015,FAY,NC,ASO,EN,Combined TRACON& Tower with Radar,6,22,15,0,43,0,0,27,0,27,6,22,42,0,70,12,0,12,82
09/05/2015,FAY,NC,ASO,EN,Combined TRACON& Tower with Radar,2,19,18,0,39,0,0,11,0,11,2,19,29,0,50,0,0,0,50
09/06/2015,FAY,NC,ASO,EN,Combined TRACON& Tower with Radar,2,22,27,0,51,0,0,2,0,2,2,22,29,0,53,0,0,0,53
09/07/2015,FAY,NC,ASO,EN,Combined TRACON& Tower with Radar,4,21,10,0,35,0,0,2,0,2,4,21,12,0,37,10,0,10,47
09/08/2015,FAY,NC,ASO,EN,Combined TRACON& Tower with Radar,4,20,34,4,62,0,0,10,2,12,4,20,44,6,74,6,0,6,80
09/09/2015,FAY,NC,ASO,EN,Combined TRACON& Tower with Radar,2,23,32,4,61,0,0,14,4,18,2,23,46,8,79,22,0,22,101
09/10/2015,FAY,NC,ASO,EN,Combined TRACON& Tower with Radar,4,28,27,8,67,0,0,17,0,17,4,28,44,8,84,44,20,64,148
09/11/2015,FAY,NC,ASO,EN,Combined TRACON& Tower with Radar,2,26,26,11,65,0,0,13,1,14,2,26,39,12,79,42,24,66,145
09/12/2015,FAY,NC,ASO,EN,Combined TRACON& Tower with Radar,4,15,14,2,35,0,0,7,0,7,4,15,21,2,42,0,0,0,42
09/13/2015,FAY,NC,ASO,EN,Combined TRACON& Tower with Radar,4,23,10,1,38,0,4,37,1,42,4,27,47,2,80,36,0,36,116
09/14/2015,FAY,NC,ASO,EN,Combined TRACON& Tower with Radar,4,26,13,9,52,0,4,47,3,54,4,30,60,12,106,23,6,29,135
09/15/2015,FAY,NC,ASO,EN,Combined TRACON& Tower with Radar,4,21,12,23,60,0,0,34,3,37,4,21,46,26,97,54,4,58,155
09/16/2015,FAY,NC,ASO,EN,Combined TRACON& Tower with Radar,4,24,19,4,51,0,0,35,2,37,4,24,54,6,88,36,0,36,124
09/17/2015,FAY,NC,ASO,EN,Combined TRACON& Tower with Radar,4,27,35,5,71,0,0,22,3,25,4,27,57,8,96,24,14,38,134
09/18/2015,FAY,NC,ASO,EN,Combined TRACON& Tower with Radar,4,26,13,15,58,0,2,35,7,44,4,28,48,22,102,2,44,46,148
09/19/2015,FAY,NC,ASO,EN,Combined TRACON& Tower with Radar,4,17,11,0,32,0,1,36,0,37,4,18,47,0,69,14,0,14,83
09/20/2015,FAY,NC,ASO,EN,Combined TRACON& Tower with Radar,4,25,21,0,50,0,2,37,0,39,4,27,58,0,89,46,0,46,135
09/21/2015,FAY,NC,ASO,EN,Combined TRACON& Tower with Radar,4,26,23,9,62,0,0,30,1,31,4,26,53,10,93,24,8,32,125
09/22/2015,FAY,NC,ASO,EN,Combined TRACON& Tower with Radar,5,25,21,8,59,0,0,10,2,12,5,25,31,10,71,68,4,72,143
09/23/2015,FAY,NC,ASO,EN,Combined TRACON& Tower with Radar,5,23,19,8,55,0,0,12,3,15,5,23,31,11,70,12,14,26,96
09/24/2015,FAY,NC,ASO,EN,Combined TRACON& Tower with Radar,5,29,19,16,69,0,0,0,2,2,5,29,19,18,71,10,32,42,113
09/25/2015,FAY,NC,ASO,EN,Combined TRACON& Tower with Radar,5,26,21,4,56,0,0,0,0,0,5,26,21,4,56,0,0,0,56
09/26/2015,FAY,NC,ASO,EN,Combined TRACON& Tower with Radar,4,18,14,2,38,0,0,0,0,0,4,18,14,2,38,2,0,2,40
09/27/2015,FAY,NC,ASO,EN,Combined TRACON& Tower with Radar,4,24,22,0,50,0,0,1,0,1,4,24,23,0,51,4,0,4,55
09/28/2015,FAY,NC,ASO,EN,Combined TRACON& Tower with Radar,4,32,31,10,77,0,0,0,0,0,4,32,31,10,77,0,2,2,79
09/29/2015,FAY,NC,ASO,EN,Combined TRACON& Tower with Radar,4,22,29,11,66,0,0,7,1,8,4,22,36,12,74,14,18,32,106
09/30/2015,FAY,NC,ASO,EN,Combined TRACON& Tower with Radar,4,25,23,2,54,0,2,4,0,6,4,27,27,2,60,0,0,0,60
10/01/2015,FAY,NC,ASO,EN,Combined TRACON& Tower with Radar,5,29,32,10,76,0,0,0,0,0,5,29,32,10,76,0,0,0,76
10/02/2015,FAY,NC,ASO,EN,Combined TRACON& Tower with Radar,5,22,10,0,37,0,0,0,0,0,5,22,10,0,37,0,0,0,37
10/03/2015,FAY,NC,ASO,EN,Combined TRACON& Tower with Radar,7,20,1,0,28,0,0,0,0,0,7,20,1,0,28,0,0,0,28
10/04/2015,FAY,NC,ASO,EN,Combined TRACON& Tower with Radar,7,22,2,0,31,0,0,0,0,0,7,22,2,0,31,0,0,0,31
10/05/2015,FAY,NC,ASO,EN,Combined TRACON& Tower with Radar,10,22,10,12,54,0,0,0,0,0,10,22,10,12,54,0,0,0,54
10/06/2015,FAY,NC,ASO,EN,Combined TRACON& Tower with Radar,8,23,36,7,74,0,0,18,4,22,8,23,54,11,96,26,46,72,168
10/07/2015,FAY,NC,ASO,EN,Combined TRACON& Tower with Radar,10,20,18,6,54,0,0,56,3,59,10,20,74,9,113,20,28,48,161
10/08/2015,FAY,NC,ASO,EN,Combined TRACON& Tower with Radar,10,20,16,4,50,0,2,38,7,47,10,22,54,11,97,40,12,52,149
10/09/2015,FAY,NC,ASO,EN,Combined TRACON& Tower with Radar,8,22,17,12,59,0,0,30,0,30,8,22,47,12,89,34,28,62,151
10/10/2015,FAY,NC,ASO,EN,Combined TRACON& Tower with Radar,7,19,8,0,34,0,0,0,0,0,7,19,8,0,34,0,0,0,34
10/11/2015,FAY,NC,ASO,EN,Combined TRACON& Tower with Radar,6,20,22,0,48,0,0,26,0,26,6,20,48,0,74,44,0,44,118
10/12/2015,FAY,NC,ASO,EN,Combined TRACON& Tower with Radar,7,23,14,0,44,0,2,32,0,34,7,25,46,0,78,14,0,14,92
10/13/2015,FAY,NC,ASO,EN,Combined TRACON& Tower with Radar,9,21,16,8,54,0,0,21,0,21,9,21,37,8,75,38,0,38,113
10/14/2015,FAY,NC,ASO,EN,Combined TRACON& Tower with Radar,9,24,13,14,60,0,1,23,5,29,9,25,36,19,89,51,30,81,170
10/15/2015,FAY,NC,ASO,EN,Combined TRACON& Tower with Radar,10,18,16,6,50,0,0,18,3,21,10,18,34,9,71,67,12,79,150
10/16/2015,FAY,NC,ASO,EN,Combined TRACON& Tower with Radar,6,26,14,23,69,0,2,25,10,37,6,28,39,33,106,55,76,131,237
10/17/2015,FAY,NC,ASO,EN,Combined TRACON& Tower with Radar,7,15,12,1,35,0,0,26,1,27,7,15,38,2,62,0,0,0,62
10/18/2015,FAY,NC,ASO,EN,Combined TRACON& Tower with Radar,9,18,8,2,37,0,8,30,1,39,9,26,38,3,76,2,0,2,78
10/19/2015,FAY,NC,ASO,EN,Combined TRACON& Tower with Radar,10,22,5,21,58,0,0,23,9,32,10,22,28,30,90,24,68,92,182
10/20/2015,FAY,NC,ASO,EN,Combined TRACON& Tower with Radar,10,21,19,3,53,0,0,23,6,29,10,21,42,9,82,10,34,44,126
10/21/2015,FAY,NC,ASO,EN,Combined TRACON& Tower with Radar,8,20,16,38,82,0,0,22,7,29,8,20,38,45,111,54,66,120,231
10/22/2015,FAY,NC,ASO,EN,Combined TRACON& Tower with Radar,10,23,26,31,90,0,0,36,7,43,10,23,62,38,133,28,40,68,201
10/23/2015,FAY,NC,ASO,EN,Combined TRACON& Tower with Radar,10,22,16,23,71,0,2,33,6,41,10,24,49,29,112,32,28,60,172
10/24/2015,FAY,NC,ASO,EN,Combined TRACON& Tower with Radar,7,15,11,0,33,0,1,41,0,42,7,16,52,0,75,37,0,37,112
10/25/2015,FAY,NC,ASO,EN,Combined TRACON& Tower with Radar,11,15,16,1,43,0,0,30,0,30,11,15,46,1,73,18,0,18,91
10/26/2015,FAY,NC,ASO,EN,Combined TRACON& Tower with Radar,10,20,19,20,69,0,0,11,6,17,10,20,30,26,86,2,18,20,106
10/27/2015,FAY,NC,ASO,EN,Combined TRACON& Tower with Radar,12,17,11,16,56,0,0,0,0,0,12,17,11,16,56,0,14,14,70
10/28/2015,FAY,NC,ASO,EN,Combined TRACON& Tower with Radar,10,20,12,6,48,0,0,0,0,0,10,20,12,6,48,0,4,4,52
10/29/2015,FAY,NC,ASO,EN,Combined TRACON& Tower with Radar,10,23,19,7,59,0,0,18,5,23,10,23,37,12,82,28,32,60,142
10/30/2015,FAY,NC,ASO,EN,Combined TRACON& Tower with Radar,6,25,18,8,57,0,1,31,2,34,6,26,49,10,91,0,20,20,111
10/31/2015,FAY,NC,ASO,EN,Combined TRACON& Tower with Radar,7,14,12,0,33,0,3,42,0,45,7,17,54,0,78,54,0,54,132
11/01/2015,FAY,NC,ASO,EN,Combined TRACON& Tower with Radar,9,22,9,0,40,0,0,4,0,4,9,22,13,0,44,4,0,4,48
11/02/2015,FAY,NC,ASO,EN,Combined TRACON& Tower with Radar,10,25,15,10,60,0,0,0,0,0,10,25,15,10,60,0,0,0,60
11/03/2015,FAY,NC,ASO,EN,Combined TRACON& Tower with Radar,10,22,18,14,64,0,0,0,0,0,10,22,18,14,64,0,6,6,70
11/04/2015,FAY,NC,ASO,EN,Combined TRACON& Tower with Radar,10,22,13,8,53,0,0,0,0,0,10,22,13,8,53,0,0,0,53
11/05/2015,FAY,NC,ASO,EN,Combined TRACON& Tower with Radar,10,22,20,2,54,0,2,0,0,2,10,24,20,2,56,2,1,3,59
11/06/2015,FAY,NC,ASO,EN,Combined TRACON& Tower with Radar,12,20,22,0,54,0,2,7,0,9,12,22,29,0,63,39,0,39,102
11/07/2015,FAY,NC,ASO,EN,Combined TRACON& Tower with Radar,7,17,22,2,48,0,0,2,0,2,7,17,24,2,50,4,2,6,56
11/08/2015,FAY,NC,ASO,EN,Combined TRACON& Tower with Radar,9,19,10,0,38,0,0,20,0,20,9,19,30,0,58,10,0,10,68
11/09/2015,FAY,NC,ASO,EN,Combined TRACON& Tower with Radar,10,20,17,2,49,0,0,0,0,0,10,20,17,2,49,0,2,2,51
11/10/2015,FAY,NC,ASO,EN,Combined TRACON& Tower with Radar,10,30,15,4,59,0,0,6,0,6,10,30,21,4,65,14,0,14,79
11/11/2015,FAY,NC,ASO,EN,Combined TRACON& Tower with Radar,10,22,13,0,45,0,1,40,0,41,10,23,53,0,86,52,0,52,138
11/12/2015,FAY,NC,ASO,EN,Combined TRACON& Tower with Radar,10,20,20,8,58,0,0,16,0,16,10,20,36,8,74,0,16,16,90
11/13/2015,FAY,NC,ASO,EN,Combined TRACON& Tower with Radar,10,25,17,2,54,0,1,35,0,36,10,26,52,2,90,12,0,12,102
11/14/2015,FAY,NC,ASO,EN,Combined TRACON& Tower with Radar,7,20,8,0,35,0,0,36,0,36,7,20,44,0,71,4,0,4,75
11/15/2015,FAY,NC,ASO,EN,Combined TRACON& Tower with Radar,9,24,19,8,60,0,1,30,0,31,9,25,49,8,91,24,0,24,115
11/16/2015,FAY,NC,ASO,EN,Combined TRACON& Tower with Radar,10,20,13,8,51,0,0,26,2,28,10,20,39,10,79,16,0,16,95
11/17/2015,FAY,NC,ASO,EN,Combined TRACON& Tower with Radar,10,23,25,0,58,0,2,31,3,36,10,25,56,3,94,44,0,44,138
11/18/2015,FAY,NC,ASO,EN,Combined TRACON& Tower with Radar,10,21,18,20,69,0,3,16,3,22,10,24,34,23,91,0,28,28,119
11/19/2015,FAY,NC,ASO,EN,Combined TRACON& Tower with Radar,12,20,24,7,63,0,0,0,0,0,12,20,24,7,63,0,0,0,63
11/20/2015,FAY,NC,ASO,EN,Combined TRACON& Tower with Radar,10,24,25,5,64,0,1,40,3,44,10,25,65,8,108,24,0,24,132
11/21/2015,FAY,NC,ASO,EN,Combined TRACON& Tower with Radar,7,15,15,0,37,0,1,43,2,46,7,16,58,2,83,60,0,60,143
11/22/2015,FAY,NC,ASO,EN,Combined TRACON& Tower with Radar,9,18,21,0,48,0,0,11,0,11,9,18,32,0,59,8,0,8,67
11/23/2015,FAY,NC,ASO,EN,Combined TRACON& Tower with Radar,10,16,7,1,34,0,2,28,0,30,10,18,35,1,64,54,0,54,118
11/24/2015,FAY,NC,ASO,EN,Combined TRACON& Tower with Radar,11,20,7,24,62,0,0,27,0,27,11,20,34,24,89,14,20,34,123
11/25/2015,FAY,NC,ASO,EN,Combined TRACON& Tower with Radar,11,24,16,0,51,0,1,19,0,20,11,25,35,0,71,10,0,10,81
11/26/2015,FAY,NC,ASO,EN,Combined TRACON& Tower with Radar,5,14,0,0,19,0,0,5,0,5,5,14,5,0,24,0,0,0,24
11/27/2015,FAY,NC,ASO,EN,Combined TRACON& Tower with Radar,9,17,11,0,37,0,3,15,0,18,9,20,26,0,55,18,0,18,73
11/28/2015,FAY,NC,ASO,EN,Combined TRACON& Tower with Radar,7,22,11,0,40,0,0,17,0,17,7,22,28,0,57,0,0,0,57
11/29/2015,FAY,NC,ASO,EN,Combined TRACON& Tower with Radar,12,24,10,0,46,0,0,17,0,17,12,24,27,0,63,51,0,51,114
11/30/2015,FAY,NC,ASO,EN,Combined TRACON& Tower with Radar,11,20,15,2,48,0,0,0,0,0,11,20,15,2,48,0,2,2,50
12/01/2015,FAY,NC,ASO,EN,Combined TRACON& Tower with Radar,10,24,27,4,65,0,0,0,0,0,10,24,27,4,65,0,6,6,71
12/02/2015,FAY,NC,ASO,EN,Combined TRACON& Tower with Radar,12,17,29,18,76,0,0,0,6,6,12,17,29,24,82,9,10,19,101
12/03/2015,FAY,NC,ASO,EN,Combined TRACON& Tower with Radar,10,25,21,17,73,0,0,6,4,10,10,25,27,21,83,28,28,56,139
12/04/2015,FAY,NC,ASO,EN,Combined TRACON& Tower with Radar,10,24,15,19,68,0,2,18,5,25,10,26,33,24,93,28,20,48,141
12/05/2015,FAY,NC,ASO,EN,Combined TRACON& Tower with Radar,7,15,15,0,37,0,1,24,0,25,7,16,39,0,62,43,0,43,105
12/06/2015,FAY,NC,ASO,EN,Combined TRACON& Tower with Radar,9,21,26,0,56,0,1,22,0,23,9,22,48,0,79,12,0,12,91
12/07/2015,FAY,NC,ASO,EN,Combined TRACON& Tower with Radar,10,19,8,21,58,0,0,0,0,0,10,19,8,21,58,0,16,16,74
12/08/2015,FAY,NC,ASO,EN,Combined TRACON& Tower with Radar,10,20,17,4,51,0,0,9,0,9,10,20,26,4,60,12,8,20,80
12/09/2015,FAY,NC,ASO,EN,Combined TRACON& Tower with Radar,10,20,19,4,53,0,0,5,4,9,10,20,24,8,62,14,4,18,80
12/10/2015,FAY,NC,ASO,EN,Combined TRACON& Tower with Radar,10,24,15,2,51,0,1,25,1,27,10,25,40,3,78,8,20,28,106
12/11/2015,FAY,NC,ASO,EN,Combined TRACON& Tower with Radar,10,26,19,11,66,0,3,13,1,17,10,29,32,12,83,34,6,40,123
12/12/2015,FAY,NC,ASO,EN,Combined TRACON& Tower with Radar,6,20,8,2,36,0,0,20,0,20,6,20,28,2,56,12,0,12,68
12/13/2015,FAY,NC,ASO,EN,Combined TRACON& Tower with Radar,9,19,12,0,40,0,4,16,0,20,9,23,28,0,60,50,0,50,110
12/14/2015,FAY,NC,ASO,EN,Combined TRACON& Tower with Radar,10,18,16,19,63,0,0,3,0,3,10,18,19,19,66,24,10,34,100
12/15/2015,FAY,NC,ASO,EN,Combined TRACON& Tower with Radar,10,18,20,8,56,0,0,29,3,32,10,18,49,11,88,66,6,72,160
12/16/2015,FAY,NC,ASO,EN,Combined TRACON& Tower with Radar,12,20,11,14,57,0,1,40,5,46,12,21,51,19,103,58,10,68,171
12/17/2015,FAY,NC,ASO,EN,Combined TRACON& Tower with Radar,7,23,8,4,42,0,0,0,0,0,7,23,8,4,42,6,0,6,48
12/18/2015,FAY,NC,ASO,EN,Combined TRACON& Tower with Radar,6,23,25,23,77,0,0,10,0,10,6,23,35,23,87,64,10,74,161
12/19/2015,FAY,NC,ASO,EN,Combined TRACON& Tower with Radar,3,21,11,3,38,0,0,32,0,32,3,21,43,3,70,41,0,41,111
12/20/2015,FAY,NC,ASO,EN,Combined TRACON& Tower with Radar,3,27,13,0,43,0,0,20,0,20,3,27,33,0,63,7,0,7,70
12/21/2015,FAY,NC,ASO,EN,Combined TRACON& Tower with Radar,2,27,13,14,56,0,0,23,0,23,2,27,36,14,79,72,20,92,171
12/22/2015,FAY,NC,ASO,EN,Combined TRACON& Tower with Radar,2,27,5,0,34,0,0,1,0,1,2,27,6,0,35,0,0,0,35
12/23/2015,FAY,NC,ASO,EN,Combined TRACON& Tower with Radar,2,25,8,0,35,0,0,0,0,0,2,25,8,0,35,0,0,0,35
12/24/2015,FAY,NC,ASO,EN,Combined TRACON& Tower with Radar,2,16,2,0,20,0,0,0,0,0,2,16,2,0,20,0,0,0,20
12/25/2015,FAY,NC,ASO,EN,Combined TRACON& Tower with Radar,2,20,4,0,26,0,0,1,0,1,2,20,5,0,27,0,0,0,27
12/26/2015,FAY,NC,ASO,EN,Combined TRACON& Tower with Radar,1,24,16,0,41,0,0,0,0,0,1,24,16,0,41,0,0,0,41
12/27/2015,FAY,NC,ASO,EN,Combined TRACON& Tower with Radar,3,25,6,0,34,0,0,2,0,2,3,25,8,0,36,0,0,0,36
12/28/2015,FAY,NC,ASO,EN,Combined TRACON& Tower with Radar,4,23,6,0,33,0,0,0,0,0,4,23,6,0,33,0,0,0,33
12/29/2015,FAY,NC,ASO,EN,Combined TRACON& Tower with Radar,2,24,5,7,38,0,0,7,1,8,2,24,12,8,46,16,20,36,82
12/30/2015,FAY,NC,ASO,EN,Combined TRACON& Tower with Radar,1,25,17,0,43,0,0,0,0,0,1,25,17,0,43,0,0,0,43
12/31/2015,FAY,NC,ASO,EN,Combined TRACON& Tower with Radar,3,20,3,0,26,0,0,0,0,0,3,20,3,0,26,0,0,0,26
01/01/2016,FAY,NC,ASO,EN,Combined TRACON& Tower with Radar,2,18,6,0,26,0,1,2,0,3,2,19,8,0,29,0,0,0,29
01/02/2016,FAY,NC,ASO,EN,Combined TRACON& Tower with Radar,2,25,13,0,40,0,1,37,0,38,2,26,50,0,78,44,0,44,122
01/03/2016,FAY,NC,ASO,EN,Combined TRACON& Tower with Radar,2,26,12,0,40,0,1,12,0,13,2,27,24,0,53,24,0,24,77
01/04/2016,FAY,NC,ASO,EN,Combined TRACON& Tower with Radar,2,27,3,0,32,0,0,26,0,26,2,27,29,0,58,21,0,21,79
01/05/2016,FAY,NC,ASO,EN,Combined TRACON& Tower with Radar,7,20,18,10,55,0,0,15,8,23,7,20,33,18,78,10,28,38,116
01/06/2016,FAY,NC,ASO,EN,Combined TRACON& Tower with Radar,8,23,20,14,65,0,3,18,1,22,8,26,38,15,87,2,68,70,157
01/07/2016,FAY,NC,ASO,EN,Combined TRACON& Tower with Radar,7,27,32,4,70,0,0,4,0,4,7,27,36,4,74,0,0,0,74
01/08/2016,FAY,NC,ASO,EN,Combined TRACON& Tower with Radar,7,24,6,0,37,0,0,0,0,0,7,24,6,0,37,0,0,0,37
01/09/2016,FAY,NC,ASO,EN,Combined TRACON& Tower with Radar,3,18,15,0,36,0,0,0,0,0,3,18,15,0,36,4,0,4,40
01/10/2016,FAY,NC,ASO,EN,Combined TRACON& Tower with Radar,7,19,8,0,34,0,0,7,0,7,7,19,15,0,41,0,0,0,41
01/11/2016,FAY,NC,ASO,EN,Combined TRACON& Tower with Radar,7,23,7,9,46,0,1,26,3,30,7,24,33,12,76,36,4,40,116
01/12/2016,FAY,NC,ASO,EN,Combined TRACON& Tower with Radar,7,21,17,2,47,0,0,17,2,19,7,21,34,4,66,6,0,6,72
01/13/2016,FAY,NC,ASO,EN,Combined TRACON& Tower with Radar,8,23,18,1,50,0,4,23,2,29,8,27,41,3,79,10,0,10,89
01/14/2016,FAY,NC,ASO,EN,Combined TRACON& Tower with Radar,8,26,18,0,52,0,5,33,4,42,8,31,51,4,94,24,4,28,122
01/15/2016,FAY,NC,ASO,EN,Combined TRACON& Tower with Radar,8,24,14,0,46,0,0,10,0,10,8,24,24,0,56,18,0,18,74
01/16/2016,FAY,NC,ASO,EN,Combined TRACON& Tower with Radar,3,19,12,0,34,0,0,21,1,22,3,19,33,1,56,46,0,46,102
01/17/2016,FAY,NC,ASO,EN,Combined TRACON& Tower with Radar,5,15,10,0,30,0,0,0,0,0,5,15,10,0,30,4,0,4,34
01/18/2016,FAY,NC,ASO,EN,Combined TRACON& Tower with Radar,8,22,8,0,38,0,1,33,0,34,8,23,41,0,72,34,0,34,106
01/19/2016,FAY,NC,ASO,EN,Combined TRACON& Tower with Radar,8,21,13,11,53,0,3,15,4,22,8,24,28,15,75,2,30,32,107
01/20/2016,FAY,NC,ASO,EN,Combined TRACON& Tower with Radar,8,22,11,12,53,0,3,14,4,21,8,25,25,16,74,0,62,62,136
01/21/2016,FAY,NC,ASO,EN,Combined TRACON& Tower with Radar,6,29,14,16,65,0,2,26,5,33,6,31,40,21,98,38,14,52,150
01/22/2016,FAY,NC,ASO,EN,Combined TRACON& Tower with Radar,2,4,5,0,11,0,0,0,0,0,2,4,5,0,11,0,0,0,11
01/23/2016,FAY,NC,ASO,EN,Combined TRACON& Tower with Radar,0,2,1,0,3,0,0,1,0,1,0,2,2,0,4,0,0,0,4
01/24/2016,FAY,NC,ASO,EN,Combined TRACON& Tower with Radar,7,15,14,0,36,0,0,29,1,30,7,15,43,1,66,3,0,3,69
01/25/2016,FAY,NC,ASO,EN,Combined TRACON& Tower with Radar,8,17,7,2,34,0,1,20,2,23,8,18,27,4,57,6,10,16,73
01/26/2016,FAY,NC,ASO,EN,Combined TRACON& Tower with Radar,8,14,18,12,52,0,0,25,5,30,8,14,43,17,82,9,18,27,109
01/27/2016,FAY,NC,ASO,EN,Combined TRACON& Tower with Radar,8,22,14,1,45,0,0,14,3,17,8,22,28,4,62,0,0,0,62
01/28/2016,FAY,NC,ASO,EN,Combined TRACON& Tower with Radar,8,26,25,2,61,0,0,12,2,14,8,26,37,4,75,10,0,10,85
01/29/2016,FAY,NC,ASO,EN,Combined TRACON& Tower with Radar,8,24,17,6,55,0,0,18,4,22,8,24,35,10,77,0,12,12,89
01/30/2016,FAY,NC,ASO,EN,Combined TRACON& Tower with Radar,3,22,16,0,41,0,0,37,2,39,3,22,53,2,80,40,0,40,120
01/31/2016,FAY,NC,ASO,EN,Combined TRACON& Tower with Radar,7,21,7,0,35,0,0,22,2,24,7,21,29,2,59,30,0,30,89
02/01/2016,FAY,NC,ASO,EN,Combined TRACON& Tower with Radar,8,22,12,6,48,0,0,27,5,32,8,22,39,11,80,28,4,32,112
02/02/2016,FAY,NC,ASO,EN,Combined TRACON& Tower with Radar,8,24,15,10,57,0,3,4,2,9,8,27,19,12,66,40,10,50,116
02/03/2016,FAY,NC,ASO,EN,Combined TRACON& Tower with Radar,9,19,3,2,33,0,0,0,0,0,9,19,3,2,33,0,0,0,33
02/04/2016,FAY,NC,ASO,EN,Combined TRACON& Tower with Radar,11,22,18,2,53,0,0,0,0,0,11,22,18,2,53,60,40,100,153
02/05/2016,FAY,NC,ASO,EN,Combined TRACON& Tower with Radar,8,24,11,13,56,0,0,23,5,28,8,24,34,18,84,8,46,54,138
02/06/2016,FAY,NC,ASO,EN,Combined TRACON& Tower with Radar,3,19,6,0,28,0,2,45,0,47,3,21,51,0,75,40,0,40,115
02/07/2016,FAY,NC,ASO,EN,Combined TRACON& Tower with Radar,6,15,5,0,26,0,0,2,0,2,6,15,7,0,28,0,0,0,28
02/08/2016,FAY,NC,ASO,EN,Combined TRACON& Tower with Radar,9,21,16,10,56,0,0,20,2,22,9,21,36,12,78,20,6,26,104
02/09/2016,FAY,NC,ASO,EN,Combined TRACON& Tower with Radar,8,20,16,28,72,0,0,14,4,18,8,20,30,32,90,0,74,74,164
02/10/2016,FAY,NC,ASO,EN,Combined TRACON& Tower with Radar,8,22,11,13,54,0,0,3,3,6,8,22,14,16,60,0,33,33,93
02/11/2016,FAY,NC,ASO,EN,Combined TRACON& Tower with Radar,8,26,21,10,65,0,0,27,1,28,8,26,48,11,93,10,34,44,137
02/12/2016,FAY,NC,ASO,EN,Combined TRACON& Tower with Radar,6,21,6,0,33,0,0,2,0,2,6,21,8,0,35,2,0,2,37
02/13/2016,FAY,NC,ASO,EN,Combined TRACON& Tower with Radar,4,15,9,0,28,0,1,19,1,21,4,16,28,1,49,6,0,6,55
02/14/2016,FAY,NC,ASO,EN,Combined TRACON& Tower with Radar,5,12,11,0,28,0,0,20,0,20,5,12,31,0,48,26,0,26,74
02/15/2016,FAY,NC,ASO,EN,Combined TRACON& Tower with Radar,4,10,1,0,15,0,0,0,0,0,4,10,1,0,15,0,0,0,15
02/16/2016,FAY,NC,ASO,EN,Combined TRACON& Tower with Radar,6,14,19,34,73,0,0,1,1,2,6,14,20,35,75,0,24,24,99
02/17/2016,FAY,NC,ASO,EN,Combined TRACON& Tower with Radar,4,24,18,28,74,0,1,16,2,19,4,25,34,30,93,0,16,16,109
02/18/2016,FAY,NC,ASO,EN,Combined TRACON& Tower with Radar,6,32,20,23,81,0,1,20,6,27,6,33,40,29,108,30,58,88,196
02/19/2016,FAY,NC,ASO,EN,Combined TRACON& Tower with Radar,6,24,17,2,49,0,3,32,0,35,6,27,49,2,84,22,0,22,106
02/20/2016,FAY,NC,ASO,EN,Combined TRACON& Tower with Radar,6,19,13,2,40,0,1,17,0,18,6,20,30,2,58,16,4,20,78
02/21/2016,FAY,NC,ASO,EN,Combined TRACON& Tower with Radar,8,20,9,0,37,0,1,20,0,21,8,21,29,0,58,24,0,24,82
02/22/2016,FAY,NC,ASO,EN,Combined TRACON& Tower with Radar,6,25,19,25,75,0,0,0,1,1,6,25,19,26,76,18,18,36,112
02/23/2016,FAY,NC,ASO,EN,Combined TRACON& Tower with Radar,5,18,13,0,36,0,0,0,0,0,5,18,13,0,36,0,0,0,36
02/24/2016,FAY,NC,ASO,EN,Combined TRACON& Tower with Radar,5,23,6,0,34,0,0,0,0,0,5,23,6,0,34,0,0,0,34
02/25/2016,FAY,NC,ASO,EN,Combined TRACON& Tower with Radar,6,26,7,11,50,0,1,6,2,9,6,27,13,13,59,4,4,8,67
02/26/2016,FAY,NC,ASO,EN,Combined TRACON& Tower with Radar,6,29,21,0,56,0,1,21,0,22,6,30,42,0,78,40,0,40,118
02/27/2016,FAY,NC,ASO,EN,Combined TRACON& Tower with Radar,6,16,15,1,38,0,1,41,8,50,6,17,56,9,88,12,2,14,102
02/28/2016,FAY,NC,ASO,EN,Combined TRACON& Tower with Radar,8,18,9,2,37,0,2,22,0,24,8,20,31,2,61,21,0,21,82
02/29/2016,FAY,NC,ASO,EN,Combined TRACON& Tower with Radar,6,21,11,7,45,0,0,19,3,22,6,21,30,10,67,18,11,29,96
03/01/2016,FAY,NC,ASO,EN,Combined TRACON& Tower with Radar,5,24,7,11,47,0,3,15,0,18,5,27,22,11,65,0,32,32,97
03/02/2016,FAY,NC,ASO,EN,Combined TRACON& Tower with Radar,5,25,4,4,38,0,1,10,2,13,5,26,14,6,51,0,0,0,51
03/03/2016,FAY,NC,ASO,EN,Combined TRACON& Tower with Radar,6,22,17,1,46,0,0,23,2,25,6,22,40,3,71,26,0,26,97
03/04/2016,FAY,NC,ASO,EN,Combined TRACON& Tower with Radar,6,21,13,2,42,0,0,17,0,17,6,21,30,2,59,20,0,20,79
03/05/2016,FAY,NC,ASO,EN,Combined TRACON& Tower with Radar,5,18,16,2,41,0,0,43,1,44,5,18,59,3,85,105,5,110,195
03/06/2016,FAY,NC,ASO,EN,Combined TRACON& Tower with Radar,5,18,10,2,35,0,0,27,2,29,5,18,37,4,64,0,0,0,64
03/07/2016,FAY,NC,ASO,EN,Combined TRACON& Tower with Radar,6,23,15,4,48,0,1,37,3,41,6,24,52,7,89,10,0,10,99
03/08/2016,FAY,NC,ASO,EN,Combined TRACON& Tower with Radar,6,23,21,0,50,0,1,26,5,32,6,24,47,5,82,30,16,46,128
03/09/2016,FAY,NC,ASO,EN,Combined TRACON& Tower with Radar,6,22,31,18,77,0,0,31,10,41,6,22,62,28,118,40,82,122,240
03/10/2016,FAY,NC,ASO,EN,Combined TRACON& Tower with Radar,6,26,12,6,50,0,4,21,1,26,6,30,33,7,76,12,0,12,88
03/11/2016,FAY,NC,ASO,EN,Combined TRACON& Tower with Radar,6,21,19,7,53,0,2,30,1,33,6,23,49,8,86,2,30,32,118
03/12/2016,FAY,NC,ASO,EN,Combined TRACON& Tower with Radar,3,21,21,0,45,0,2,28,0,30,3,23,49,0,75,39,0,39,114
03/13/2016,FAY,NC,ASO,EN,Combined TRACON& Tower with Radar,5,20,5,0,30,0,0,3,0,3,5,20,8,0,33,0,0,0,33
03/14/2016,FAY,NC,ASO,EN,Combined TRACON& Tower with Radar,8,21,21,11,61,0,0,5,4,9,8,21,26,15,70,2,34,36,106
03/15/2016,FAY,NC,ASO,EN,Combined TRACON& Tower with Radar,8,20,23,8,59,0,0,34,2,36,8,20,57,10,95,28,0,28,123
03/16/2016,FAY,NC,ASO,EN,Combined TRACON& Tower with Radar,6,24,19,12,61,0,0,33,3,36,6,24,52,15,97,42,38,80,177
03/17/2016,FAY,NC,ASO,EN,Combined TRACON& Tower with Radar,6,24,12,7,49,0,0,21,3,24,6,24,33,10,73,14,30,44,117
03/18/2016,FAY,NC,ASO,EN,Combined TRACON& Tower with Radar,6,19,13,17,55,0,0,35,1,36,6,19,48,18,91,30,48,78,169
03/19/2016,FAY,NC,ASO,EN,Combined TRACON& Tower with Radar,5,20,12,0,37,0,0,12,2,14,5,20,24,2,51,14,0,14,65
03/20/2016,FAY,NC,ASO,EN,Combined TRACON& Tower with Radar,7,16,12,0,35,0,0,0,0,0,7,16,12,0,35,0,0,0,35
03/21/2016,FAY,NC,ASO,EN,Combined TRACON& Tower with Radar,6,24,10,9,49,0,0,22,4,26,6,24,32,13,75,2,62,64,139
03/22/2016,FAY,NC,ASO,EN,Combined TRACON& Tower with Radar,6,22,13,7,48,0,0,32,1,33,6,22,45,8,81,6,10,16,97
03/23/2016,FAY,NC,ASO,EN,Combined TRACON& Tower with Radar,6,25,12,17,60,0,0,21,9,30,6,25,33,26,90,0,36,36,126
03/24/2016,FAY,NC,ASO,EN,Combined TRACON& Tower with Radar,6,22,19,19,66,0,0,29,1,30,6,22,48,20,96,28,12,40,136
03/25/2016,FAY,NC,ASO,EN,Combined TRACON& Tower with Radar,6,19,20,4,49,0,0,11,0,11,6,19,31,4,60,4,10,14,74
03/26/2016,FAY,NC,ASO,EN,Combined TRACON& Tower with Radar,3,23,16,0,42,0,0,13,0,13,3,23,29,0,55,6,0,6,61
03/27/2016,FAY,NC,ASO,EN,Combined TRACON& Tower with Radar,5,20,11,0,36,0,0,0,0,0,5,20,11,0,36,8,0,8,44
03/28/2016,FAY,NC,ASO,EN,Combined TRACON& Tower with Radar,5,24,13,4,46,0,0,9,3,12,5,24,22,7,58,4,2,6,64
03/29/2016,FAY,NC,ASO,EN,Combined TRACON& Tower with Radar,6,27,18,19,70,0,0,30,3,33,6,27,48,22,103,47,26,73,176
03/30/2016,FAY,NC,ASO,EN,Combined TRACON& Tower with Radar,6,24,26,12,68,0,3,31,3,37,6,27,57,15,105,22,36,58,163
03/31/2016,FAY,NC,ASO,EN,Combined TRACON& Tower with Radar,6,26,16,8,56,0,0,8,0,8,6,26,24,8,64,16,26,42,106
04/01/2016,FAY,NC,ASO,EN,Combined TRACON& Tower with Radar,5,21,6,6,38,0,0,0,0,0,5,21,6,6,38,0,4,4,42
04/02/2016,FAY,NC,ASO,EN,Combined TRACON& Tower with Radar,2,23,15,0,40,0,0,4,0,4,2,23,19,0,44,2,0,2,46
04/03/2016,FAY,NC,ASO,EN,Combined TRACON& Tower with Radar,5,22,12,0,39,0,2,27,0,29,5,24,39,0,68,30,0,30,98
04/04/2016,FAY,NC,ASO,EN,Combined TRACON& Tower with Radar,4,28,12,2,46,0,1,24,2,27,4,29,36,4,73,0,0,0,73
04/05/2016,FAY,NC,ASO,EN,Combined TRACON& Tower with Radar,6,22,22,5,55,0,0,8,1,9,6,22,30,6,64,8,0,8,72
04/06/2016,FAY,NC,ASO,EN,Combined TRACON& Tower with Radar,6,25,20,1,52,0,0,30,2,32,6,25,50,3,84,22,0,22,106
04/07/2016,FAY,NC,ASO,EN,Combined TRACON& Tower with Radar,6,23,26,0,55,0,1,10,2,13,6,24,36,2,68,0,14,14,82
04/08/2016,FAY,NC,ASO,EN,Combined TRACON& Tower with Radar,6,22,19,2,49,0,2,30,1,33,6,24,49,3,82,14,0,14,96
04/09/2016,FAY,NC,ASO,EN,Combined TRACON& Tower with Radar,3,24,5,0,32,0,0,6,3,9,3,24,11,3,41,6,0,6,47
04/10/2016,FAY,NC,ASO,EN,Combined TRACON& Tower with Radar,5,18,16,0,39,0,3,35,0,38,5,21,51,0,77,51,0,51,128
04/11/2016,FAY,NC,ASO,EN,Combined TRACON& Tower with Radar,6,22,18,6,52,0,0,16,1,17,6,22,34,7,69,0,0,0,69
04/12/2016,FAY,NC,ASO,EN,Combined TRACON& Tower with Radar,6,29,26,2,63,0,0,3,1,4,6,29,29,3,67,4,0,4,71
04/13/2016,FAY,NC,ASO,EN,Combined TRACON& Tower with Radar,6,26,28,24,84,0,0,35,21,56,6,26,63,45,140,29,28,57,197
04/14/2016,FAY,NC,ASO,EN,Combined TRACON& Tower with Radar,6,25,13,2,46,0,6,17,4,27,6,31,30,6,73,10,6,16,89
04/15/2016,FAY,NC,ASO,EN,Combined TRACON& Tower with Radar,6,26,22,0,54,0,1,18,1,20,6,27,40,1,74,2,0,2,76
04/16/2016,FAY,NC,ASO,EN,Combined TRACON& Tower with Radar,5,21,12,0,38,0,0,38,2,40,5,21,50,2,78,27,0,27,105
04/17/2016,FAY,NC,ASO,EN,Combined TRACON& Tower with Radar,5,23,8,0,36,0,1,23,2,26,5,24,31,2,62,18,0,18,80
04/18/2016,FAY,NC,ASO,EN,Combined TRACON& Tower with Radar,6,24,18,1,49,0,1,30,0,31,6,25,48,1,80,2,0,2,82
04/19/2016,FAY,NC,ASO,EN,Combined TRACON& Tower with Radar,6,21,20,11,58,0,0,28,3,31,6,21,48,14,89,4,2,6,95
04/20/2016,FAY,NC,ASO,EN,Combined TRACON& Tower with Radar,6,24,13,10,53,0,4,24,5,33,6,28,37,15,86,0,42,42,128
04/21/2016,FAY,NC,ASO,EN,Combined TRACON& Tower with Radar,6,26,32,5,69,0,2,11,1,14,6,28,43,6,83,24,14,38,121
04/22/2016,FAY,NC,ASO,EN,Combined TRACON& Tower with Radar,8,22,13,0,43,0,0,5,0,5,8,22,18,0,48,6,0,6,54
04/23/2016,FAY,NC,ASO,EN,Combined TRACON& Tower with Radar,5,19,7,1,32,0,0,24,1,25,5,19,31,2,57,4,2,6,63
04/24/2016,FAY,NC,ASO,EN,Combined TRACON& Tower with Radar,5,17,24,0,46,0,0,25,0,25,5,17,49,0,71,40,0,40,111
04/25/2016,FAY,NC,ASO,EN,Combined TRACON& Tower with Radar,6,30,14,7,57,0,0,18,1,19,6,30,32,8,76,10,2,12,88
04/26/2016,FAY,NC,ASO,EN,Combined TRACON& Tower with Radar,6,24,23,7,60,0,0,13,1,14,6,24,36,8,74,12,28,40,114
04/27/2016,FAY,NC,ASO,EN,Combined TRACON& Tower with Radar,6,24,14,13,57,0,0,15,3,18,6,24,29,16,75,26,30,56,131
04/28/2016,FAY,NC,ASO,EN,Combined TRACON& Tower with Radar,6,25,13,5,49,0,0,8,2,10,6,25,21,7,59,14,24,38,97
04/29/2016,FAY,NC,ASO,EN,Combined TRACON& Tower with Radar,6,25,23,8,62,0,2,21,0,23,6,27,44,8,85,8,10,18,103
04/30/2016,FAY,NC,ASO,EN,Combined TRACON& Tower with Radar,5,23,18,0,46,0,0,4,0,4,5,23,22,0,50,4,0,4,54
05/01/2016,FAY,NC,ASO,EN,Combined TRACON& Tower with Radar,9,15,11,0,35,0,0,7,0,7,9,15,18,0,42,0,0,0,42
05/02/2016,FAY,NC,ASO,EN,Combined TRACON& Tower with Radar,9,18,5,2,34,0,0,15,2,17,9,18,20,4,51,14,0,14,65
05/03/2016,FAY,NC,ASO,EN,Combined TRACON& Tower with Radar,9,25,18,2,54,0,0,2,0,2,9,25,20,2,56,0,0,0,56
05/04/2016,FAY,NC,ASO,EN,Combined TRACON& Tower with Radar,7,25,18,4,54,0,0,22,0,22,7,25,40,4,76,8,10,18,94
05/05/2016,FAY,NC,ASO,EN,Combined TRACON& Tower with Radar,10,23,23,2,58,0,0,2,0,2,10,23,25,2,60,12,0,12,72
05/06/2016,FAY,NC,ASO,EN,Combined TRACON& Tower with Radar,10,21,19,2,52,0,2,4,0,6,10,23,23,2,58,4,2,6,64
05/07/2016,FAY,NC,ASO,EN,Combined TRACON& Tower with Radar,6,21,13,0,40,0,1,32,0,33,6,22,45,0,73,5,1,6,79
05/08/2016,FAY,NC,ASO,EN,Combined TRACON& Tower with Radar,10,14,10,0,34,0,0,15,0,15,10,14,25,0,49,0,0,0,49
05/09/2016,FAY,NC,ASO,EN,Combined TRACON& Tower with Radar,10,19,16,2,47,0,0,18,1,19,10,19,34,3,66,0,30,30,96
05/10/2016,FAY,NC,ASO,EN,Combined TRACON& Tower with Radar,8,22,18,5,53,0,4,8,1,13,8,26,26,6,66,4,0,4,70
05/11/2016,FAY,NC,ASO,EN,Combined TRACON& Tower with Radar,8,21,9,2,40,0,0,4,4,8,8,21,13,6,48,52,2,54,102
05/12/2016,FAY,NC,ASO,EN,Combined TRACON& Tower with Radar,12,22,3,0,37,0,0,13,5,18,12,22,16,5,55,12,0,12,67
05/13/2016,FAY,NC,ASO,EN,Combined TRACON& Tower with Radar,10,22,25,4,61,0,0,10,1,11,10,22,35,5,72,0,0,0,72
05/14/2016,FAY,NC,ASO,EN,Combined TRACON& Tower with Radar,6,20,13,0,39,0,0,34,3,37,6,20,47,3,76,29,0,29,105
05/15/2016,FAY,NC,ASO,EN,Combined TRACON& Tower with Radar,10,16,10,0,36,0,0,33,1,34,10,16,43,1,70,71,0,71,141
05/16/2016,FAY,NC,ASO,EN,Combined TRACON& Tower with Radar,10,22,17,0,49,0,0,21,5,26,10,22,38,5,75,14,0,14,89
05/17/2016,FAY,NC,ASO,EN,Combined TRACON& Tower with Radar,8,21,18,0,47,0,0,6,0,6,8,21,24,0,53,0,0,0,53
05/18/2016,FAY,NC,ASO,EN,Combined TRACON& Tower with Radar,8,24,25,5,62,0,0,0,0,0,8,24,25,5,62,0,0,0,62
05/19/2016,FAY,NC,ASO,EN,Combined TRACON& Tower with Radar,12,26,24,3,65,0,0,2,1,3,12,26,26,4,68,0,0,0,68
05/20/2016,FAY,NC,ASO,EN,Combined TRACON& Tower with Radar,10,24,28,7,69,0,0,10,3,13,10,24,38,10,82,23,16,39,121
05/21/2016,FAY,NC,ASO,EN,Combined TRACON& Tower with Radar,6,21,14,0,41,0,0,10,0,10,6,21,24,0,51,16,0,16,67
05/22/2016,FAY,NC,ASO,EN,Combined TRACON& Tower with Radar,10,17,13,1,41,0,0,4,0,4,10,17,17,1,45,2,0,2,47
05/23/2016,FAY,NC,ASO,EN,Combined TRACON& Tower with Radar,10,21,25,8,64,0,0,17,1,18,10,21,42,9,82,0,26,26,108
05/24/2016,FAY,NC,ASO,EN,Combined TRACON& Tower with Radar,8,21,16,7,52,0,0,24,3,27,8,21,40,10,79,16,2,18,97
05/25/2016,FAY,NC,ASO,EN,Combined TRACON& Tower with Radar,6,23,18,0,47,0,0,24,0,24,6,23,42,0,71,26,0,26,97
05/26/2016,FAY,NC,ASO,EN,Combined TRACON& Tower with Radar,10,24,22,15,71,0,0,29,0,29,10,24,51,15,100,12,18,30,130
05/27/2016,FAY,NC,ASO,EN,Combined TRACON& Tower with Radar,10,23,21,0,54,0,2,42,0,44,10,25,63,0,98,8,0,8,106
05/28/2016,FAY,NC,ASO,EN,Combined TRACON& Tower with Radar,5,20,11,0,36,0,2,30,0,32,5,22,41,0,68,4,0,4,72
05/29/2016,FAY,NC,ASO,EN,Combined TRACON& Tower with Radar,9,17,13,0,39,0,0,0,0,0,9,17,13,0,39,0,0,0,39
05/30/2016,FAY,NC,ASO,EN,Combined TRACON& Tower with Radar,10,18,9,0,37,0,0,0,0,0,10,18,9,0,37,0,0,0,37
05/31/2016,FAY,NC,ASO,EN,Combined TRACON& Tower with Radar,8,22,20,14,64,0,0,14,1,15,8,22,34,15,79,2,2,4,83
06/01/2016,FAY,NC,ASO,EN,Combined TRACON& Tower with Radar,9,18,12,4,43,0,0,33,4,37,9,18,45,8,80,16,10,26,106
06/02/2016,FAY,NC,ASO,EN,Combined TRACON& Tower with Radar,10,20,20,3,53,0,0,21,1,22,10,20,41,4,75,34,4,38,113
06/03/2016,FAY,NC,ASO,EN,Combined TRACON& Tower with Radar,10,22,15,16,63,0,0,34,1,35,10,22,49,17,98,0,31,31,129
06/04/2016,FAY,NC,ASO,EN,Combined TRACON& Tower with Radar,10,18,13,0,41,0,4,17,0,21,10,22,30,0,62,49,0,49,111
06/05/2016,FAY,NC,ASO,EN,Combined TRACON& Tower with Radar,10,13,19,6,48,0,0,11,0,11,10,13,30,6,59,0,0,0,59
06/06/2016,FAY,NC,ASO,EN,Combined TRACON& Tower with Radar,10,26,20,30,86,0,0,6,3,9,10,26,26,33,95,26,28,54,149
06/07/2016,FAY,NC,ASO,EN,Combined TRACON& Tower with Radar,8,21,15,15,59,0,3,28,5,36,8,24,43,20,95,14,46,60,155
06/08/2016,FAY,NC,ASO,EN,Combined TRACON& Tower with Radar,7,23,17,6,53,0,1,32,0,33,7,24,49,6,86,18,0,18,104
06/09/2016,FAY,NC,ASO,EN,Combined TRACON& Tower with Radar,10,22,24,27,83,0,2,49,8,59,10,24,73,35,142,19,86,105,247
06/10/2016,FAY,NC,ASO,EN,Combined TRACON& Tower with Radar,10,27,15,40,92,0,0,32,2,34,10,27,47,42,126,8,52,60,186
06/11/2016,FAY,NC,ASO,EN,Combined TRACON& Tower with Radar,10,17,5,1,33,0,0,38,3,41,10,17,43,4,74,10,0,10,84
06/12/2016,FAY,NC,ASO,EN,Combined TRACON& Tower with Radar,10,17,13,0,40,0,0,13,0,13,10,17,26,0,53,8,0,8,61
06/13/2016,FAY,NC,ASO,EN,Combined TRACON& Tower with Radar,11,16,20,20,67,0,0,23,3,26,11,16,43,23,93,78,26,104,197
06/14/2016,FAY,NC,ASO,EN,Combined TRACON& Tower with Radar,10,19,23,18,70,0,1,14,3,18,10,20,37,21,88,38,68,106,194
06/15/2016,FAY,NC,ASO,EN,Combined TRACON& Tower with Radar,13,24,15,13,65,0,1,15,2,18,13,25,30,15,83,2,58,60,143
06/16/2016,FAY,NC,ASO,EN,Combined TRACON& Tower with Radar,10,22,33,14,79,0,8,17,1,26,10,30,50,15,105,0,28,28,133
06/17/2016,FAY,NC,ASO,EN,Combined TRACON& Tower with Radar,9,20,25,23,77,0,0,27,8,35,9,20,52,31,112,0,64,64,176
06/18/2016,FAY,NC,ASO,EN,Combined TRACON& Tower with Radar,11,15,10,0,36,0,0,33,0,33,11,15,43,0,69,18,0,18,87
06/19/2016,FAY,NC,ASO,EN,Combined TRACON& Tower with Radar,7,22,10,1,40,0,5,16,0,21,7,27,26,1,61,2,0,2,63
06/20/2016,FAY,NC,ASO,EN,Combined TRACON& Tower with Radar,10,19,11,5,45,0,3,22,1,26,10,22,33,6,71,0,14,14,85
06/21/2016,FAY,NC,ASO,EN,Combined TRACON& Tower with Radar,10,18,15,6,49,0,1,14,6,21,10,19,29,12,70,10,32,42,112
06/22/2016,FAY,NC,ASO,EN,Combined TRACON& Tower with Radar,10,17,24,3,54,0,1,27,1,29,10,18,51,4,83,12,6,18,101
06/23/2016,FAY,NC,ASO,EN,Combined TRACON& Tower with Radar,10,17,19,4,50,0,0,22,2,24,10,17,41,6,74,0,0,0,74
06/24/2016,FAY,NC,ASO,EN,Combined TRACON& Tower with Radar,10,23,23,9,65,0,1,14,2,17,10,24,37,11,82,0,10,10,92
06/25/2016,FAY,NC,ASO,EN,Combined TRACON& Tower with Radar,10,15,13,1,39,0,0,19,0,19,10,15,32,1,58,6,0,6,64
06/26/2016,FAY,NC,ASO,EN,Combined TRACON& Tower with Radar,10,16,10,0,36,0,0,23,0,23,10,16,33,0,59,16,0,16,75
06/27/2016,FAY,NC,ASO,EN,Combined TRACON& Tower with Radar,12,21,8,11,52,0,1,8,7,16,12,22,16,18,68,38,24,62,130
06/28/2016,FAY,NC,ASO,EN,Combined TRACON& Tower with Radar,10,18,20,8,56,0,0,2,0,2,10,18,22,8,58,0,0,0,58
06/29/2016,FAY,NC,ASO,EN,Combined TRACON& Tower with Radar,10,17,13,10,50,0,0,21,2,23,10,17,34,12,73,0,30,30,103
06/30/2016,FAY,NC,ASO,EN,Combined TRACON& Tower with Radar,11,21,22,2,56,0,0,20,0,20,11,21,42,2,76,10,0,10,86
07/01/2016,FAY,NC,ASO,EN,Combined TRACON& Tower with Radar,9,25,12,2,48,0,0,10,0,10,9,25,22,2,58,10,2,12,70
07/02/2016,FAY,NC,ASO,EN,Combined TRACON& Tower with Radar,10,14,20,0,44,0,1,10,0,11,10,15,30,0,55,0,0,0,55
07/03/2016,FAY,NC,ASO,EN,Combined TRACON& Tower with Radar,12,12,19,0,43,0,1,3,0,4,12,13,22,0,47,8,0,8,55
07/04/2016,FAY,NC,ASO,EN,Combined TRACON& Tower with Radar,10,10,10,0,30,0,0,1,0,1,10,10,11,0,31,4,0,4,35
07/05/2016,FAY,NC,ASO,EN,Combined TRACON& Tower with Radar,10,13,15,2,40,0,2,16,2,20,10,15,31,4,60,30,4,34,94
07/06/2016,FAY,NC,ASO,EN,Combined TRACON& Tower with Radar,9,21,14,4,48,0,0,17,0,17,9,21,31,4,65,0,0,0,65
07/07/2016,FAY,NC,ASO,EN,Combined TRACON& Tower with Radar,10,18,15,7,50,0,0,16,1,17,10,18,31,8,67,36,26,62,129
07/08/2016,FAY,NC,ASO,EN,Combined TRACON& Tower with Radar,10,17,17,9,53,0,1,17,5,23,10,18,34,14,76,4,20,24,100
07/09/2016,FAY,NC,ASO,EN,Combined TRACON& Tower with Radar,8,16,7,0,31,0,1,20,0,21,8,17,27,0,52,10,0,10,62
07/10/2016,FAY,NC,ASO,EN,Combined TRACON& Tower with Radar,8,16,5,2,31,0,2,34,0,36,8,18,39,2,67,6,0,6,73
07/11/2016,FAY,NC,ASO,EN,Combined TRACON& Tower with Radar,10,20,12,4,46,0,0,14,0,14,10,20,26,4,60,8,4,12,72
07/12/2016,FAY,NC,ASO,EN,Combined TRACON& Tower with Radar,10,17,16,13,56,0,0,24,3,27,10,17,40,16,83,8,26,34,117
07/13/2016,FAY,NC,ASO,EN,Combined TRACON& Tower with Radar,10,19,27,3,59,0,0,27,0,27,10,19,54,3,86,14,0,14,100
07/14/2016,FAY,NC,ASO,EN,Combined TRACON& Tower with Radar,10,20,20,13,63,0,0,23,5,28,10,20,43,18,91,2,42,44,135
07/15/2016,FAY,NC,ASO,EN,Combined TRACON& Tower with Radar,10,17,17,4,48,0,0,16,3,19,10,17,33,7,67,24,0,24,91
07/16/2016,FAY,NC,ASO,EN,Combined TRACON& Tower with Radar,8,12,28,1,49,0,0,9,0,9,8,12,37,1,58,16,0,16,74
07/17/2016,FAY,NC,ASO,EN,Combined TRACON& Tower with Radar,8,15,18,6,47,0,0,23,6,29,8,15,41,12,76,68,0,68,144
07/18/2016,FAY,NC,ASO,EN,Combined TRACON& Tower with Radar,10,16,9,12,47,0,0,18,0,18,10,16,27,12,65,0,0,0,65
07/19/2016,FAY,NC,ASO,EN,Combined TRACON& Tower with Radar,10,16,14,4,44,0,0,9,0,9,10,16,23,4,53,6,0,6,59
07/20/2016,FAY,NC,ASO,EN,Combined TRACON& Tower with Radar,10,17,21,4,52,0,0,21,2,23,10,17,42,6,75,18,0,18,93
07/21/2016,FAY,NC,ASO,EN,Combined TRACON& Tower with Radar,10,14,18,35,77,0,0,21,9,30,10,14,39,44,107,4,52,56,163
07/22/2016,FAY,NC,ASO,EN,Combined TRACON& Tower with Radar,12,18,12,12,54,0,6,19,3,28,12,24,31,15,82,24,24,48,130
07/23/2016,FAY,NC,ASO,EN,Combined TRACON& Tower with Radar,10,13,7,0,30,0,0,39,0,39,10,13,46,0,69,44,0,44,113
07/24/2016,FAY,NC,ASO,EN,Combined TRACON& Tower with Radar,8,14,12,0,34,0,0,27,0,27,8,14,39,0,61,32,0,32,93
07/25/2016,FAY,NC,ASO,EN,Combined TRACON& Tower with Radar,12,17,8,17,54,0,2,25,5,32,12,19,33,22,86,2,40,42,128
07/26/2016,FAY,NC,ASO,EN,Combined TRACON& Tower with Radar,10,18,16,9,53,0,0,38,1,39,10,18,54,10,92,40,0,40,132
07/27/2016,FAY,NC,ASO,EN,Combined TRACON& Tower with Radar,10,17,11,16,54,0,0,20,3,23,10,17,31,19,77,2,44,46,123
07/28/2016,FAY,NC,ASO,EN,Combined TRACON& Tower with Radar,8,18,17,15,58,0,8,15,8,31,8,26,32,23,89,16,34,50,139
07/29/2016,FAY,NC,ASO,EN,Combined TRACON& Tower with Radar,10,19,16,15,60,0,0,22,3,25,10,19,38,18,85,20,26,46,131
07/30/2016,FAY,NC,ASO,EN,Combined TRACON& Tower with Radar,10,14,7,0,31,0,1,19,0,20,10,15,26,0,51,24,0,24,75
07/31/2016,FAY,NC,ASO,EN,Combined TRACON& Tower with Radar,9,10,14,5,38,0,0,22,1,23,9,10,36,6,61,10,6,16,77
08/01/2016,FAY,NC,ASO,EN,Combined TRACON& Tower with Radar,13,16,7,8,44,0,0,11,0,11,13,16,18,8,55,0,6,6,61
08/02/2016,FAY,NC,ASO,EN,Combined TRACON& Tower with Radar,10,17,21,3,51,0,0,12,0,12,10,17,33,3,63,6,0,6,69
08/03/2016,FAY,NC,ASO,EN,Combined TRACON& Tower with Radar,10,18,14,0,42,0,0,2,0,2,10,18,16,0,44,0,0,0,44
08/04/2016,FAY,NC,ASO,EN,Combined TRACON& Tower with Radar,10,19,20,17,66,0,1,9,3,13,10,20,29,20,79,26,74,100,179
08/05/2016,FAY,NC,ASO,EN,Combined TRACON& Tower with Radar,10,20,12,10,52,0,0,5,6,11,10,20,17,16,63,4,20,24,87
08/06/2016,FAY,NC,ASO,EN,Combined TRACON& Tower with Radar,10,14,13,0,37,0,0,11,0,11,10,14,24,0,48,30,0,30,78
08/07/2016,FAY,NC,ASO,EN,Combined TRACON& Tower with Radar,8,16,18,4,46,0,0,3,0,3,8,16,21,4,49,10,0,10,59
08/08/2016,FAY,NC,ASO,EN,Combined TRACON& Tower with Radar,7,14,18,0,39,0,0,3,0,3,7,14,21,0,42,0,0,0,42
08/09/2016,FAY,NC,ASO,EN,Combined TRACON& Tower with Radar,9,18,25,7,59,0,2,7,1,10,9,20,32,8,69,1,30,31,100
08/10/2016,FAY,NC,ASO,EN,Combined TRACON& Tower with Radar,10,17,12,2,41,0,0,18,2,20,10,17,30,4,61,48,0,48,109
08/11/2016,FAY,NC,ASO,EN,Combined TRACON& Tower with Radar,10,18,15,5,48,0,2,16,0,18,10,20,31,5,66,14,2,16,82
08/12/2016,FAY,NC,ASO,EN,Combined TRACON& Tower with Radar,10,20,15,2,47,0,0,15,0,15,10,20,30,2,62,38,0,38,100
08/13/2016,FAY,NC,ASO,EN,Combined TRACON& Tower with Radar,8,16,11,1,36,0,0,13,0,13,8,16,24,1,49,26,0,26,75
08/14/2016,FAY,NC,ASO,EN,Combined TRACON& Tower with Radar,6,17,11,0,34,0,0,13,0,13,6,17,24,0,47,27,0,27,74
08/15/2016,FAY,NC,ASO,EN,Combined TRACON& Tower with Radar,8,21,11,2,42,0,2,22,0,24,8,23,33,2,66,32,2,34,100
08/16/2016,FAY,NC,ASO,EN,Combined TRACON& Tower with Radar,10,21,19,8,58,0,2,22,2,26,10,23,41,10,84,0,6,6,90
08/17/2016,FAY,NC,ASO,EN,Combined TRACON& Tower with Radar,10,18,15,16,59,0,0,25,4,29,10,18,40,20,88,8,52,60,148
08/18/2016,FAY,NC,ASO,EN,Combined TRACON& Tower with Radar,9,21,28,13,71,0,2,12,1,15,9,23,40,14,86,0,30,30,116
08/19/2016,FAY,NC,ASO,EN,Combined TRACON& Tower with Radar,9,25,20,4,58,0,6,19,0,25,9,31,39,4,83,10,2,12,95
08/20/2016,FAY,NC,ASO,EN,Combined TRACON& Tower with Radar,8,17,12,0,37,0,0,11,0,11,8,17,23,0,48,28,0,28,76
08/21/2016,FAY,NC,ASO,EN,Combined TRACON& Tower with Radar,8,16,13,2,39,0,0,23,0,23,8,16,36,2,62,24,0,24,86
08/22/2016,FAY,NC,ASO,EN,Combined TRACON& Tower with Radar,10,19,2,4,35,0,1,17,0,18,10,20,19,4,53,20,0,20,73
08/23/2016,FAY,NC,ASO,EN,Combined TRACON& Tower with Radar,12,19,25,42,98,0,0,19,3,22,12,19,44,45,120,8,116,124,244
08/24/2016,FAY,NC,ASO,EN,Combined TRACON& Tower with Radar,10,18,17,16,61,0,3,29,1,33,10,21,46,17,94,18,52,70,164
08/25/2016,FAY,NC,ASO,EN,Combined TRACON& Tower with Radar,11,19,16,6,52,0,1,32,1,34,11,20,48,7,86,14,16,30,116
08/26/2016,FAY,NC,ASO,EN,Combined TRACON& Tower with Radar,12,17,14,10,53,0,2,23,0,25,12,19,37,10,78,16,0,16,94
08/27/2016,FAY,NC,ASO,EN,Combined TRACON& Tower with Radar,8,14,2,0,24,0,2,34,0,36,8,16,36,0,60,22,0,22,82
08/28/2016,FAY,NC,ASO,EN,Combined TRACON& Tower with Radar,10,15,8,0,33,0,0,16,0,16,10,15,24,0,49,46,0,46,95
08/29/2016,FAY,NC,ASO,EN,Combined TRACON& Tower with Radar,10,19,14,4,47,0,0,6,3,9,10,19,20,7,56,2,20,22,78
08/30/2016,FAY,NC,ASO,EN,Combined TRACON& Tower with Radar,10,19,20,7,56,0,3,16,6,25,10,22,36,13,81,12,22,34,115
08/31/2016,FAY,NC,ASO,EN,Combined TRACON& Tower with Radar,10,19,19,16,64,0,0,13,5,18,10,19,32,21,82,50,38,88,170
09/01/2016,FAY,NC,ASO,EN,Combined TRACON& Tower with Radar,10,19,16,12,57,0,0,18,2,20,10,19,34,14,77,0,32,32,109
09/02/2016,FAY,NC,ASO,EN,Combined TRACON& Tower with Radar,5,15,10,0,30,0,0,0,0,0,5,15,10,0,30,0,0,0,30
09/03/2016,FAY,NC,ASO,EN,Combined TRACON& Tower with Radar,7,11,3,0,21,0,2,7,0,9,7,13,10,0,30,4,0,4,34
09/04/2016,FAY,NC,ASO,EN,Combined TRACON& Tower with Radar,8,10,14,0,32,0,2,36,0,38,8,12,50,0,70,62,0,62,132
09/05/2016,FAY,NC,ASO,EN,Combined TRACON& Tower with Radar,10,16,10,0,36,0,0,33,0,33,10,16,43,0,69,50,0,50,119
09/06/2016,FAY,NC,ASO,EN,Combined TRACON& Tower with Radar,10,19,31,17,77,0,2,27,5,34,10,21,58,22,111,4,24,28,139
09/07/2016,FAY,NC,ASO,EN,Combined TRACON& Tower with Radar,10,17,21,10,58,0,3,14,4,21,10,20,35,14,79,54,40,94,173
09/08/2016,FAY,NC,ASO,EN,Combined TRACON& Tower with Radar,10,16,16,14,56,0,0,26,4,30,10,16,42,18,86,18,56,74,160
09/09/2016,FAY,NC,ASO,EN,Combined TRACON& Tower with Radar,10,20,8,29,67,0,1,21,1,23,10,21,29,30,90,32,4,36,126
09/10/2016,FAY,NC,ASO,EN,Combined TRACON& Tower with Radar,8,16,14,0,38,0,2,36,0,38,8,18,50,0,76,10,0,10,86
09/11/2016,FAY,NC,ASO,EN,Combined TRACON& Tower with Radar,9,15,9,0,33,0,3,30,0,33,9,18,39,0,66,20,1,21,87
09/12/2016,FAY,NC,ASO,EN,Combined TRACON& Tower with Radar,12,18,25,11,66,0,1,13,1,15,12,19,38,12,81,4,20,24,105
09/13/2016,FAY,NC,ASO,EN,Combined TRACON& Tower with Radar,10,17,16,13,56,0,1,13,0,14,10,18,29,13,70,32,12,44,114
09/14/2016,FAY,NC,ASO,EN,Combined TRACON& Tower with Radar,10,17,13,11,51,0,0,27,2,29,10,17,40,13,80,18,24,42,122
09/15/2016,FAY,NC,ASO,EN,Combined TRACON& Tower with Radar,12,21,18,2,53,0,2,14,0,16,12,23,32,2,69,22,2,24,93
09/16/2016,FAY,NC,ASO,EN,Combined TRACON& Tower with Radar,8,22,28,13,71,0,0,17,1,18,8,22,45,14,89,46,6,52,141
09/17/2016,FAY,NC,ASO,EN,Combined TRACON& Tower with Radar,8,15,27,0,50,0,0,17,0,17,8,15,44,0,67,58,0,58,125
09/18/2016,FAY,NC,ASO,EN,Combined TRACON& Tower with Radar,10,14,17,8,49,0,2,12,0,14,10,16,29,8,63,10,0,10,73
09/19/2016,FAY,NC,ASO,EN,Combined TRACON& Tower with Radar,10,20,16,4,50,0,0,1,0,1,10,20,17,4,51,0,0,0,51
09/20/2016,FAY,NC,ASO,EN,Combined TRACON& Tower with Radar,8,16,17,23,64,0,0,3,0,3,8,16,20,23,67,0,12,12,79
09/21/2016,FAY,NC,ASO,EN,Combined TRACON& Tower with Radar,10,16,12,8,46,0,0,2,0,2,10,16,14,8,48,0,0,0,48
09/22/2016,FAY,NC,ASO,EN,Combined TRACON& Tower with Radar,10,18,13,4,45,0,0,0,0,0,10,18,13,4,45,4,4,8,53
09/23/2016,FAY,NC,ASO,EN,Combined TRACON& Tower with Radar,12,18,21,4,55,0,2,3,0,5,12,20,24,4,60,4,0,4,64
09/24/2016,FAY,NC,ASO,EN,Combined TRACON& Tower with Radar,10,14,13,0,37,0,0,25,0,25,10,14,38,0,62,20,0,20,82
09/25/2016,FAY,NC,ASO,EN,Combined TRACON& Tower with Radar,12,12,25,0,49,0,2,3,0,5,12,14,28,0,54,0,0,0,54
09/26/2016,FAY,NC,ASO,EN,Combined TRACON& Tower with Radar,9,23,25,6,63,0,4,11,0,15,9,27,36,6,78,40,18,58,136
09/27/2016,FAY,NC,ASO,EN,Combined TRACON& Tower with Radar,8,23,25,4,60,0,0,14,0,14,8,23,39,4,74,0,0,0,74
09/28/2016,FAY,NC,ASO,EN,Combined TRACON& Tower with Radar,10,16,29,2,57,0,0,17,0,17,10,16,46,2,74,6,10,16,90
09/29/2016,FAY,NC,ASO,EN,Combined TRACON& Tower with Radar,12,14,25,0,51,0,0,0,1,1,12,14,25,1,52,0,0,0,52
09/30/2016,FAY,NC,ASO,EN,Combined TRACON& Tower with Radar,10,18,26,2,56,0,0,7,0,7,10,18,33,2,63,0,0,0,63
10/01/2016,FAY,NC,ASO,EN,Combined TRACON& Tower with Radar,9,12,16,2,39,0,0,31,0,31,9,12,47,2,70,49,2,51,121
10/02/2016,FAY,NC,ASO,EN,Combined TRACON& Tower with Radar,10,15,18,0,43,0,0,33,0,33,10,15,51,0,76,14,0,14,90
10/03/2016,FAY,NC,ASO,EN,Combined TRACON& Tower with Radar,10,21,18,10,59,0,0,25,0,25,10,21,43,10,84,18,14,32,116
10/04/2016,FAY,NC,ASO,EN,Combined TRACON& Tower with Radar,8,16,30,2,56,0,0,18,3,21,8,16,48,5,77,22,10,32,109
10/05/2016,FAY,NC,ASO,EN,Combined TRACON& Tower with Radar,10,25,17,13,65,0,0,2,1,3,10,25,19,14,68,0,0,0,68
10/06/2016,FAY,NC,ASO,EN,Combined TRACON& Tower with Radar,9,20,26,1,56,0,0,8,0,8,9,20,34,1,64,29,12,41,105
10/07/2016,FAY,NC,ASO,EN,Combined TRACON& Tower with Radar,10,22,6,0,38,0,0,0,0,0,10,22,6,0,38,0,0,0,38
10/08/2016,FAY,NC,ASO,EN,Combined TRACON& Tower with Radar,1,5,0,0,6,0,0,0,0,0,1,5,0,0,6,0,0,0,6
10/09/2016,FAY,NC,ASO,EN,Combined TRACON& Tower with Radar,2,3,3,0,8,0,0,8,3,11,2,3,11,3,19,8,0,8,27
10/10/2016,FAY,NC,ASO,EN,Combined TRACON& Tower with Radar,11,16,9,2,38,0,7,36,8,51,11,23,45,10,89,5,0,5,94
10/11/2016,FAY,NC,ASO,EN,Combined TRACON& Tower with Radar,9,15,20,8,52,0,5,35,0,40,9,20,55,8,92,27,0,27,119
10/12/2016,FAY,NC,ASO,EN,Combined TRACON& Tower with Radar,10,18,18,1,47,0,5,29,0,34,10,23,47,1,81,8,0,8,89
10/13/2016,FAY,NC,ASO,EN,Combined TRACON& Tower with Radar,10,18,17,16,61,0,1,28,10,39,10,19,45,26,100,42,62,104,204
10/14/2016,FAY,NC,ASO,EN,Combined TRACON& Tower with Radar,10,18,23,15,66,0,0,23,2,25,10,18,46,17,91,50,23,73,164
10/15/2016,FAY,NC,ASO,EN,Combined TRACON& Tower with Radar,8,16,9,7,40,0,3,39,9,51,8,19,48,16,91,49,50,99,190
10/16/2016,FAY,NC,ASO,EN,Combined TRACON& Tower with Radar,10,15,14,9,48,0,3,24,1,28,10,18,38,10,76,5,9,14,90
10/17/2016,FAY,NC,ASO,EN,Combined TRACON& Tower with Radar,10,18,29,6,63,0,2,26,4,32,10,20,55,10,95,12,12,24,119
10/18/2016,FAY,NC,ASO,EN,Combined TRACON& Tower with Radar,12,18,20,10,60,0,1,27,4,32,12,19,47,14,92,16,6,22,114
10/19/2016,FAY,NC,ASO,EN,Combined TRACON& Tower with Radar,10,17,10,16,53,0,0,23,0,23,10,17,33,16,76,8,28,36,112
10/20/2016,FAY,NC,ASO,EN,Combined TRACON& Tower with Radar,10,17,31,28,86,0,0,19,10,29,10,17,50,38,115,8,62,70,185
10/21/2016,FAY,NC,ASO,EN,Combined TRACON& Tower with Radar,10,19,26,8,63,0,0,7,2,9,10,19,33,10,72,0,18,18,90
10/22/2016,FAY,NC,ASO,EN,Combined TRACON& Tower with Radar,8,19,14,2,43,0,4,22,4,30,8,23,36,6,73,12,0,12,85
10/23/2016,FAY,NC,ASO,EN,Combined TRACON& Tower with Radar,8,16,20,5,49,0,1,24,0,25,8,17,44,5,74,20,4,24,98
10/24/2016,FAY,NC,ASO,EN,Combined TRACON& Tower with Radar,10,18,9,11,48,0,0,13,2,15,10,18,22,13,63,24,38,62,125
10/25/2016,FAY,NC,ASO,EN,Combined TRACON& Tower with Radar,10,22,19,11,62,0,2,13,5,20,10,24,32,16,82,0,54,54,136
10/26/2016,FAY,NC,ASO,EN,Combined TRACON& Tower with Radar,9,18,13,15,55,0,0,25,9,34,9,18,38,24,89,20,114,134,223
10/27/2016,FAY,NC,ASO,EN,Combined TRACON& Tower with Radar,8,23,25,4,60,0,0,14,0,14,8,23,39,4,74,8,26,34,108
10/28/2016,FAY,NC,ASO,EN,Combined TRACON& Tower with Radar,10,16,29,2,57,0,0,17,0,17,10,16,46,2,74,22,6,28,102
10/29/2016,FAY,NC,ASO,EN,Combined TRACON& Tower with Radar,12,14,25,0,51,0,0,0,1,1,12,14,25,1,52,2,6,8,60
10/30/2016,FAY,NC,ASO,EN,Combined TRACON& Tower with Radar,10,18,26,2,56,0,0,7,0,7,10,18,33,2,63,0,0,0,63
10/31/2016,FAY,NC,ASO,EN,Combined TRACON& Tower with Radar,11,12,16,2,41,0,0,31,0,31,11,12,47,2,72,2,34,36,108
11/01/2016,FAY,NC,ASO,EN,Combined TRACON& Tower with Radar,9,12,16,2,39,0,0,31,0,31,9,12,47,2,70,10,40,50,120
11/02/2016,FAY,NC,ASO,EN,Combined TRACON& Tower with Radar,10,15,18,0,43,0,0,33,0,33,10,15,51,0,76,10,16,26,102
11/03/2016,FAY,NC,ASO,EN,Combined TRACON& Tower with Radar,10,21,18,10,59,0,0,25,0,25,10,21,43,10,84,2,14,16,100
11/04/2016,FAY,NC,ASO,EN,Combined TRACON& Tower with Radar,8,16,30,2,56,0,0,18,3,21,8,16,48,5,77,0,0,0,77
11/05/2016,FAY,NC,ASO,EN,Combined TRACON& Tower with Radar,10,25,17,13,65,0,0,2,1,3,10,25,19,14,68,68,16,84,152
11/06/2016,FAY,NC,ASO,EN,Combined TRACON& Tower with Radar,11,21,30,2,64,0,0,10,0,10,11,21,40,2,74,65,20,85,159
11/07/2016,FAY,NC,ASO,EN,Combined TRACON& Tower with Radar,20,39,25,10,94,0,3,14,4,21,20,42,39,14,115,42,71,113,228
11/08/2016,FAY,NC,ASO,EN,Combined TRACON& Tower with Radar,11,21,16,14,62,0,0,26,4,30,11,21,42,18,92,24,50,74,166
11/09/2016,FAY,NC,ASO,EN,Combined TRACON& Tower with Radar,10,22,11,29,72,0,1,27,3,31,10,23,38,32,103,12,40,52,155
11/10/2016,FAY,NC,ASO,EN,Combined TRACON& Tower with Radar,11,16,9,2,38,0,7,36,8,51,11,23,45,10,89,30,54,84,173
11/11/2016,FAY,NC,ASO,EN,Combined TRACON& Tower with Radar,9,15,20,8,52,0,5,35,0,40,9,20,55,8,92,4,0,4,96
11/12/2016,FAY,NC,ASO,EN,Combined TRACON& Tower with Radar,10,18,18,2,48,0,1,29,1,31,10,19,47,3,79,12,0,12,91
11/13/2016,FAY,NC,ASO,EN,Combined TRACON& Tower with Radar,10,18,17,16,61,0,1,28,10,39,10,19,45,26,100,0,0,0,100
11/14/2016,FAY,NC,ASO,EN,Combined TRACON& Tower with Radar,10,18,23,15,66,0,0,23,2,25,10,18,46,17,91,4,0,4,95
11/15/2016,FAY,NC,ASO,EN,Combined TRACON& Tower with Radar,8,16,9,7,40,0,3,39,9,51,8,19,48,16,91,22,24,46,137
11/16/2016,FAY,NC,ASO,EN,Combined TRACON& Tower with Radar,10,15,14,9,48,0,1,24,1,26,10,16,38,10,74,26,44,70,144
11/17/2016,FAY,NC,ASO,EN,Combined TRACON& Tower with Radar,10,18,29,6,63,0,2,26,4,32,10,20,55,10,95,26,6,32,127
11/18/2016,FAY,NC,ASO,EN,Combined TRACON& Tower with Radar,12,18,20,10,60,0,1,27,4,32,12,19,47,14,92,20,20,40,132
11/19/2016,FAY,NC,ASO,EN,Combined TRACON& Tower with Radar,10,17,10,16,53,0,0,23,0,23,10,17,33,16,76,10,0,10,86
11/20/2016,FAY,NC,ASO,EN,Combined TRACON& Tower with Radar,10,18,31,28,87,0,0,19,10,29,10,18,50,38,116,6,0,6,122
11/21/2016,FAY,NC,ASO,EN,Combined TRACON& Tower with Radar,10,18,26,8,62,0,0,7,2,9,10,18,33,10,71,10,8,18,89
11/22/2016,FAY,NC,ASO,EN,Combined TRACON& Tower with Radar,8,19,14,2,43,0,4,22,4,30,8,23,36,6,73,8,4,12,85
11/23/2016,FAY,NC,ASO,EN,Combined TRACON& Tower with Radar,8,16,20,5,49,0,1,24,0,25,8,17,44,5,74,0,0,0,74
11/24/2016,FAY,NC,ASO,EN,Combined TRACON& Tower with Radar,10,18,9,11,48,0,0,13,2,15,10,18,22,13,63,0,0,0,63
11/25/2016,FAY,NC,ASO,EN,Combined TRACON& Tower with Radar,10,22,19,11,62,0,2,13,5,20,10,24,32,16,82,2,0,2,84
11/26/2016,FAY,NC,ASO,EN,Combined TRACON& Tower with Radar,9,18,13,15,55,0,0,25,9,34,9,18,38,24,89,40,0,40,129
11/27/2016,FAY,NC,ASO,EN,Combined TRACON& Tower with Radar,10,22,19,11,62,0,2,13,5,20,10,24,32,16,82,0,0,0,82
11/28/2016,FAY,NC,ASO,EN,Combined TRACON& Tower with Radar,7,22,8,24,61,0,0,21,7,28,7,22,29,31,89,6,48,54,143
11/29/2016,FAY,NC,ASO,EN,Combined TRACON& Tower with Radar,10,20,21,2,53,0,0,10,0,10,10,20,31,2,63,0,0,0,63
11/30/2016,FAY,NC,ASO,EN,Combined TRACON& Tower with Radar,12,22,17,12,63,0,0,7,1,8,12,22,24,13,71,22,28,50,121
12/01/2016,FAY,NC,ASO,EN,Combined TRACON& Tower with Radar,10,19,16,9,54,0,0,16,2,18,10,19,32,11,72,0,42,42,114
12/02/2016,FAY,NC,ASO,EN,Combined TRACON& Tower with Radar,10,23,17,5,55,0,0,19,1,20,10,23,36,6,75,10,8,18,93
12/03/2016,FAY,NC,ASO,EN,Combined TRACON& Tower with Radar,8,12,6,0,26,0,6,35,0,41,8,18,41,0,67,20,0,20,87
12/04/2016,FAY,NC,ASO,EN,Combined TRACON& Tower with Radar,8,15,10,2,35,0,0,4,0,4,8,15,14,2,39,2,0,2,41
12/05/2016,FAY,NC,ASO,EN,Combined TRACON& Tower with Radar,8,18,15,2,43,0,0,7,1,8,8,18,22,3,51,10,2,12,63
12/06/2016,FAY,NC,ASO,EN,Combined TRACON& Tower with Radar,8,13,19,2,42,0,0,0,0,0,8,13,19,2,42,0,0,0,42
12/07/2016,FAY,NC,ASO,EN,Combined TRACON& Tower with Radar,12,21,22,7,62,0,0,32,1,33,12,21,54,8,95,22,16,38,133
12/08/2016,FAY,NC,ASO,EN,Combined TRACON& Tower with Radar,10,19,34,7,70,0,0,13,2,15,10,19,47,9,85,0,0,0,85
12/09/2016,FAY,NC,ASO,EN,Combined TRACON& Tower with Radar,10,18,20,0,48,0,0,33,2,35,10,18,53,2,83,24,0,24,107
12/10/2016,FAY,NC,ASO,EN,Combined TRACON& Tower with Radar,7,14,14,0,35,0,2,34,0,36,7,16,48,0,71,46,0,46,117
12/11/2016,FAY,NC,ASO,EN,Combined TRACON& Tower with Radar,7,18,8,2,35,0,6,22,0,28,7,24,30,2,63,21,0,21,84
12/12/2016,FAY,NC,ASO,EN,Combined TRACON& Tower with Radar,8,14,33,4,59,0,2,1,1,4,8,16,34,5,63,14,2,16,79
12/13/2016,FAY,NC,ASO,EN,Combined TRACON& Tower with Radar,8,18,18,6,50,0,0,1,0,1,8,18,19,6,51,0,0,0,51
12/14/2016,FAY,NC,ASO,EN,Combined TRACON& Tower with Radar,9,17,24,5,55,0,1,14,1,16,9,18,38,6,71,20,0,20,91
12/15/2016,FAY,NC,ASO,EN,Combined TRACON& Tower with Radar,6,20,12,8,46,0,1,22,0,23,6,21,34,8,69,16,0,16,85
12/16/2016,FAY,NC,ASO,EN,Combined TRACON& Tower with Radar,6,27,12,2,47,0,7,22,0,29,6,34,34,2,76,24,0,24,100
12/17/2016,FAY,NC,ASO,EN,Combined TRACON& Tower with Radar,3,19,10,0,32,0,0,24,0,24,3,19,34,0,56,2,0,2,58
12/18/2016,FAY,NC,ASO,EN,Combined TRACON& Tower with Radar,5,20,13,0,38,0,0,1,0,1,5,20,14,0,39,0,0,0,39
12/19/2016,FAY,NC,ASO,EN,Combined TRACON& Tower with Radar,4,29,9,2,44,0,0,0,0,0,4,29,9,2,44,0,0,0,44
12/20/2016,FAY,NC,ASO,EN,Combined TRACON& Tower with Radar,4,23,14,0,41,0,0,3,0,3,4,23,17,0,44,4,0,4,48
12/21/2016,FAY,NC,ASO,EN,Combined TRACON& Tower with Radar,4,21,12,7,44,0,0,26,3,29,4,21,38,10,73,30,20,50,123
12/22/2016,FAY,NC,ASO,EN,Combined TRACON& Tower with Radar,4,25,13,1,43,0,0,14,0,14,4,25,27,1,57,4,0,4,61
12/23/2016,FAY,NC,ASO,EN,Combined TRACON& Tower with Radar,4,25,14,0,43,0,0,19,0,19,4,25,33,0,62,0,0,0,62
12/24/2016,FAY,NC,ASO,EN,Combined TRACON& Tower with Radar,2,15,8,0,25,0,0,9,0,9,2,15,17,0,34,12,0,12,46
12/25/2016,FAY,NC,ASO,EN,Combined TRACON& Tower with Radar,3,16,3,0,22,0,1,5,0,6,3,17,8,0,28,0,0,0,28
12/26/2016,FAY,NC,ASO,EN,Combined TRACON& Tower with Radar,9,18,15,0,42,0,0,10,1,11,9,18,25,1,53,16,0,16,69
12/27/2016,FAY,NC,ASO,EN,Combined TRACON& Tower with Radar,7,20,9,0,36,0,0,2,0,2,7,20,11,0,38,0,0,0,38
12/28/2016,FAY,NC,ASO,EN,Combined TRACON& Tower with Radar,8,19,12,4,43,0,2,23,1,26,8,21,35,5,69,19,6,25,94
12/29/2016,FAY,NC,ASO,EN,Combined TRACON& Tower with Radar,10,20,10,8,48,0,1,4,0,5,10,21,14,8,53,24,0,24,77
12/30/2016,FAY,NC,ASO,EN,Combined TRACON& Tower with Radar,8,17,9,3,37,0,1,12,1,14,8,18,21,4,51,2,6,8,59
12/31/2016,FAY,NC,ASO,EN,Combined TRACON& Tower with Radar,4,10,6,0,20,0,0,18,0,18,4,10,24,0,38,16,0,16,54
01/01/2017,FAY,NC,ASO,EN,Combined TRACON& Tower with Radar,5,15,9,0,29,0,0,2,0,2,5,15,11,0,31,0,0,0,31
01/02/2017,FAY,NC,ASO,EN,Combined TRACON& Tower with Radar,4,17,9,1,31,0,0,0,0,0,4,17,9,1,31,0,0,0,31
01/03/2017,FAY,NC,ASO,EN,Combined TRACON& Tower with Radar,6,19,15,1,41,0,1,0,0,1,6,20,15,1,42,0,0,0,42
01/04/2017,FAY,NC,ASO,EN,Combined TRACON& Tower with Radar,4,19,22,0,45,0,0,10,0,10,4,19,32,0,55,2,2,4,59
01/05/2017,FAY,NC,ASO,EN,Combined TRACON& Tower with Radar,4,23,14,8,49,0,3,23,3,29,4,26,37,11,78,50,32,82,160
01/06/2017,FAY,NC,ASO,EN,Combined TRACON& Tower with Radar,1,18,9,10,38,0,2,10,0,12,1,20,19,10,50,0,6,6,56
01/07/2017,FAY,NC,ASO,EN,Combined TRACON& Tower with Radar,5,4,0,0,9,0,0,0,0,0,5,4,0,0,9,0,0,0,9
01/08/2017,FAY,NC,ASO,EN,Combined TRACON& Tower with Radar,6,14,3,0,23,0,0,6,0,6,6,14,9,0,29,8,0,8,37
01/09/2017,FAY,NC,ASO,EN,Combined TRACON& Tower with Radar,10,17,11,7,45,0,1,3,2,6,10,18,14,9,51,6,64,70,121
01/10/2017,FAY,NC,ASO,EN,Combined TRACON& Tower with Radar,10,15,15,10,50,0,0,6,2,8,10,15,21,12,58,8,26,34,92
01/11/2017,FAY,NC,ASO,EN,Combined TRACON& Tower with Radar,10,15,19,4,48,0,0,4,2,6,10,15,23,6,54,10,0,10,64
01/12/2017,FAY,NC,ASO,EN,Combined TRACON& Tower with Radar,10,19,17,34,80,0,3,19,1,23,10,22,36,35,103,18,66,84,187
01/13/2017,FAY,NC,ASO,EN,Combined TRACON& Tower with Radar,10,17,9,3,39,0,3,20,1,24,10,20,29,4,63,45,16,61,124
01/14/2017,FAY,NC,ASO,EN,Combined TRACON& Tower with Radar,6,11,17,2,36,0,0,3,0,3,6,11,20,2,39,2,2,4,43
01/15/2017,FAY,NC,ASO,EN,Combined TRACON& Tower with Radar,10,11,6,0,27,0,0,22,0,22,10,11,28,0,49,4,0,4,53
01/16/2017,FAY,NC,ASO,EN,Combined TRACON& Tower with Radar,10,16,23,0,49,0,0,2,0,2,10,16,25,0,51,2,0,2,53
01/17/2017,FAY,NC,ASO,EN,Combined TRACON& Tower with Radar,9,11,23,12,55,0,0,5,0,5,9,11,28,12,60,0,8,8,68
01/18/2017,FAY,NC,ASO,EN,Combined TRACON& Tower with Radar,10,18,23,6,57,0,0,7,5,12,10,18,30,11,69,0,11,11,80
01/19/2017,FAY,NC,ASO,EN,Combined TRACON& Tower with Radar,10,15,14,10,49,0,7,15,12,34,10,22,29,22,83,24,19,43,126
01/20/2017,FAY,NC,ASO,EN,Combined TRACON& Tower with Radar,10,18,8,0,36,0,0,4,0,4,10,18,12,0,40,30,0,30,70
01/21/2017,FAY,NC,ASO,EN,Combined TRACON& Tower with Radar,8,13,8,0,29,0,0,0,0,0,8,13,8,0,29,0,0,0,29
01/22/2017,FAY,NC,ASO,EN,Combined TRACON& Tower with Radar,13,11,8,0,32,0,0,0,0,0,13,11,8,0,32,0,0,0,32
01/23/2017,FAY,NC,ASO,EN,Combined TRACON& Tower with Radar,11,11,16,5,43,0,1,11,0,12,11,12,27,5,55,8,0,8,63
01/24/2017,FAY,NC,ASO,EN,Combined TRACON& Tower with Radar,10,14,28,4,56,0,2,16,1,19,10,16,44,5,75,0,0,0,75
01/25/2017,FAY,NC,ASO,EN,Combined TRACON& Tower with Radar,10,18,26,13,67,0,3,35,5,43,10,21,61,18,110,51,22,73,183
01/26/2017,FAY,NC,ASO,EN,Combined TRACON& Tower with Radar,10,19,27,2,58,0,1,9,2,12,10,20,36,4,70,0,0,0,70
01/27/2017,FAY,NC,ASO,EN,Combined TRACON& Tower with Radar,12,17,21,12,62,0,1,27,7,35,12,18,48,19,97,6,11,17,114
01/28/2017,FAY,NC,ASO,EN,Combined TRACON& Tower with Radar,7,12,9,0,28,0,0,24,0,24,7,12,33,0,52,10,0,10,62
01/29/2017,FAY,NC,ASO,EN,Combined TRACON& Tower with Radar,11,12,9,0,32,0,0,23,2,25,11,12,32,2,57,0,0,0,57
01/30/2017,FAY,NC,ASO,EN,Combined TRACON& Tower with Radar,9,14,9,1,33,0,0,23,2,25,9,14,32,3,58,8,0,8,66
01/31/2017,FAY,NC,ASO,EN,Combined TRACON& Tower with Radar,10,13,8,14,45,0,0,24,3,27,10,13,32,17,72,0,2,2,74
02/01/2017,FAY,NC,ASO,EN,Combined TRACON& Tower with Radar,10,16,11,2,39,0,6,34,4,44,10,22,45,6,83,9,0,9,92
02/02/2017,FAY,NC,ASO,EN,Combined TRACON& Tower with Radar,10,16,24,4,54,0,6,36,0,42,10,22,60,4,96,14,0,14,110
02/03/2017,FAY,NC,ASO,EN,Combined TRACON& Tower with Radar,10,16,16,11,53,0,1,3,2,6,10,17,19,13,59,0,12,12,71
02/04/2017,FAY,NC,ASO,EN,Combined TRACON& Tower with Radar,6,13,12,0,31,0,1,40,2,43,6,14,52,2,74,34,0,34,108
02/05/2017,FAY,NC,ASO,EN,Combined TRACON& Tower with Radar,12,7,6,3,28,0,0,29,0,29,12,7,35,3,57,44,0,44,101
02/06/2017,FAY,NC,ASO,EN,Combined TRACON& Tower with Radar,14,16,18,14,62,0,0,27,6,33,14,16,45,20,95,35,32,67,162
02/07/2017,FAY,NC,ASO,EN,Combined TRACON& Tower with Radar,10,13,15,10,48,0,2,20,4,26,10,15,35,14,74,12,16,28,102
02/08/2017,FAY,NC,ASO,EN,Combined TRACON& Tower with Radar,12,17,27,4,60,0,4,20,0,24,12,21,47,4,84,18,0,18,102
02/09/2017,FAY,NC,ASO,EN,Combined TRACON& Tower with Radar,10,18,14,3,45,0,0,10,0,10,10,18,24,3,55,0,0,0,55
02/10/2017,FAY,NC,ASO,EN,Combined TRACON& Tower with Radar,12,15,18,9,54,0,0,25,5,30,12,15,43,14,84,18,8,26,110
02/11/2017,FAY,NC,ASO,EN,Combined TRACON& Tower with Radar,8,11,11,0,30,0,1,20,0,21,8,12,31,0,51,4,0,4,55
02/12/2017,FAY,NC,ASO,EN,Combined TRACON& Tower with Radar,10,13,2,5,30,0,4,3,3,10,10,17,5,8,40,0,0,0,40
02/13/2017,FAY,NC,ASO,EN,Combined TRACON& Tower with Radar,10,16,6,0,32,0,2,17,1,20,10,18,23,1,52,12,0,12,64
02/14/2017,FAY,NC,ASO,EN,Combined TRACON& Tower with Radar,10,14,11,5,40,0,2,22,0,24,10,16,33,5,64,8,0,8,72
02/15/2017,FAY,NC,ASO,EN,Combined TRACON& Tower with Radar,10,18,15,6,49,0,3,5,0,8,10,21,20,6,57,2,8,10,67
02/16/2017,FAY,NC,ASO,EN,Combined TRACON& Tower with Radar,10,15,20,0,45,0,2,34,0,36,10,17,54,0,81,53,0,53,134
02/17/2017,FAY,NC,ASO,EN,Combined TRACON& Tower with Radar,11,15,7,0,33,0,2,42,0,44,11,17,49,0,77,52,0,52,129
02/18/2017,FAY,NC,ASO,EN,Combined TRACON& Tower with Radar,9,7,16,0,32,0,2,42,0,44,9,9,58,0,76,56,0,56,132
02/19/2017,FAY,NC,ASO,EN,Combined TRACON& Tower with Radar,8,10,7,4,29,0,3,27,0,30,8,13,34,4,59,78,0,78,137
02/20/2017,FAY,NC,ASO,EN,Combined TRACON& Tower with Radar,10,14,8,2,34,0,0,32,0,32,10,14,40,2,66,32,0,32,98
02/21/2017,FAY,NC,ASO,EN,Combined TRACON& Tower with Radar,10,14,18,10,52,0,0,25,0,25,10,14,43,10,77,38,0,38,115
02/22/2017,FAY,NC,ASO,EN,Combined TRACON& Tower with Radar,10,19,15,7,51,0,3,24,2,29,10,22,39,9,80,22,42,64,144
02/23/2017,FAY,NC,ASO,EN,Combined TRACON& Tower with Radar,11,17,26,5,59,0,4,36,1,41,11,21,62,6,100,6,0,6,106
02/24/2017,FAY,NC,ASO,EN,Combined TRACON& Tower with Radar,11,16,11,2,40,0,0,41,0,41,11,16,52,2,81,43,0,43,124
02/25/2017,FAY,NC,ASO,EN,Combined TRACON& Tower with Radar,8,13,10,0,31,0,2,14,0,16,8,15,24,0,47,5,0,5,52
02/26/2017,FAY,NC,ASO,EN,Combined TRACON& Tower with Radar,12,13,15,2,42,0,2,21,0,23,12,15,36,2,65,38,0,38,103
02/27/2017,FAY,NC,ASO,EN,Combined TRACON& Tower with Radar,10,18,12,14,54,0,2,29,0,31,10,20,41,14,85,16,12,28,113
02/28/2017,FAY,NC,ASO,EN,Combined TRACON& Tower with Radar,8,22,17,10,57,0,1,22,0,23,8,23,39,10,80,26,2,28,108
03/01/2017,FAY,NC,ASO,EN,Combined TRACON& Tower with Radar,12,17,13,2,44,0,1,12,0,13,12,18,25,2,57,0,0,0,57
03/02/2017,FAY,NC,ASO,EN,Combined TRACON& Tower with Radar,11,18,13,2,44,0,1,18,0,19,11,19,31,2,63,0,0,0,63
03/03/2017,FAY,NC,ASO,EN,Combined TRACON& Tower with Radar,11,16,21,7,55,0,1,32,2,35,11,17,53,9,90,44,4,48,138
03/04/2017,FAY,NC,ASO,EN,Combined TRACON& Tower with Radar,8,15,19,0,42,0,2,69,0,71,8,17,88,0,113,56,0,56,169
03/05/2017,FAY,NC,ASO,EN,Combined TRACON& Tower with Radar,7,17,9,2,35,0,8,36,0,44,7,25,45,2,79,22,0,22,101
03/06/2017,FAY,NC,ASO,EN,Combined TRACON& Tower with Radar,12,15,9,13,49,0,0,18,0,18,12,15,27,13,67,20,0,20,87
03/07/2017,FAY,NC,ASO,EN,Combined TRACON& Tower with Radar,12,14,14,11,51,0,0,25,0,25,12,14,39,11,76,16,9,25,101
03/08/2017,FAY,NC,ASO,EN,Combined TRACON& Tower with Radar,12,14,22,9,57,0,0,21,3,24,12,14,43,12,81,36,4,40,121
03/09/2017,FAY,NC,ASO,EN,Combined TRACON& Tower with Radar,10,15,14,17,56,0,0,35,3,38,10,15,49,20,94,22,15,37,131
03/10/2017,FAY,NC,ASO,EN,Combined TRACON& Tower with Radar,10,18,7,11,46,0,0,13,1,14,10,18,20,12,60,0,0,0,60
03/11/2017,FAY,NC,ASO,EN,Combined TRACON& Tower with Radar,6,14,18,0,38,0,13,43,0,56,6,27,61,0,94,42,0,42,136
03/12/2017,FAY,NC,ASO,EN,Combined TRACON& Tower with Radar,4,17,15,1,37,0,0,6,0,6,4,17,21,1,43,20,6,26,69
03/13/2017,FAY,NC,ASO,EN,Combined TRACON& Tower with Radar,12,16,10,16,54,0,0,2,1,3,12,16,12,17,57,0,6,6,63
03/14/2017,FAY,NC,ASO,EN,Combined TRACON& Tower with Radar,10,13,21,8,52,3,0,5,4,12,13,13,26,12,64,2,8,10,74
03/15/2017,FAY,NC,ASO,EN,Combined TRACON& Tower with Radar,10,15,16,1,42,0,0,22,0,22,10,15,38,1,64,4,0,4,68
03/16/2017,FAY,NC,ASO,EN,Combined TRACON& Tower with Radar,10,19,17,2,48,0,3,32,0,35,10,22,49,2,83,7,0,7,90
03/17/2017,FAY,NC,ASO,EN,Combined TRACON& Tower with Radar,10,20,17,4,51,0,1,30,0,31,10,21,47,4,82,20,0,20,102
03/18/2017,FAY,NC,ASO,EN,Combined TRACON& Tower with Radar,6,14,6,0,26,0,0,11,0,11,6,14,17,0,37,0,0,0,37
03/19/2017,FAY,NC,ASO,EN,Combined TRACON& Tower with Radar,4,17,13,0,34,0,2,14,0,16,4,19,27,0,50,6,0,6,56
03/20/2017,FAY,NC,ASO,EN,Combined TRACON& Tower with Radar,10,20,8,6,44,0,2,19,0,21,10,22,27,6,65,20,0,20,85
03/21/2017,FAY,NC,ASO,EN,Combined TRACON& Tower with Radar,10,14,17,9,50,0,2,14,0,16,10,16,31,9,66,8,0,8,74
03/22/2017,FAY,NC,ASO,EN,Combined TRACON& Tower with Radar,10,18,19,5,52,0,1,24,1,26,10,19,43,6,78,8,0,8,86
03/23/2017,FAY,NC,ASO,EN,Combined TRACON& Tower with Radar,11,18,10,27,66,0,0,30,1,31,11,18,40,28,97,86,22,108,205
03/24/2017,FAY,NC,ASO,EN,Combined TRACON& Tower with Radar,11,18,16,9,54,0,4,14,1,19,11,22,30,10,73,22,6,28,101
03/25/2017,FAY,NC,ASO,EN,Combined TRACON& Tower with Radar,6,14,10,0,30,0,1,21,0,22,6,15,31,0,52,14,0,14,66
03/26/2017,FAY,NC,ASO,EN,Combined TRACON& Tower with Radar,6,18,7,0,31,0,2,15,0,17,6,20,22,0,48,6,0,6,54
03/27/2017,FAY,NC,ASO,EN,Combined TRACON& Tower with Radar,10,19,18,6,53,0,0,14,2,16,10,19,32,8,69,8,0,8,77
03/28/2017,FAY,NC,ASO,EN,Combined TRACON& Tower with Radar,10,19,8,10,47,0,0,6,1,7,10,19,14,11,54,31,16,47,101
03/29/2017,FAY,NC,ASO,EN,Combined TRACON& Tower with Radar,10,22,28,3,63,0,1,32,1,34,10,23,60,4,97,9,0,9,106
03/30/2017,FAY,NC,ASO,EN,Combined TRACON& Tower with Radar,10,20,15,4,49,0,0,27,5,32,10,20,42,9,81,16,8,24,105
03/31/2017,FAY,NC,ASO,EN,Combined TRACON& Tower with Radar,14,13,11,0,38,0,0,1,0,1,14,13,12,0,39,0,0,0,39
04/01/2017,FAY,NC,ASO,EN,Combined TRACON& Tower with Radar,8,17,9,0,34,0,1,27,0,28,8,18,36,0,62,26,0,26,88
04/02/2017,FAY,NC,ASO,EN,Combined TRACON& Tower with Radar,3,24,13,0,40,0,1,27,0,28,3,25,40,0,68,33,0,33,101
04/03/2017,FAY,NC,ASO,EN,Combined TRACON& Tower with Radar,6,22,18,6,52,0,0,10,0,10,6,22,28,6,62,0,0,0,62
04/04/2017,FAY,NC,ASO,EN,Combined TRACON& Tower with Radar,6,23,22,0,51,0,0,19,0,19,6,23,41,0,70,18,0,18,88
04/05/2017,FAY,NC,ASO,EN,Combined TRACON& Tower with Radar,3,18,11,2,34,0,0,27,1,28,3,18,38,3,62,4,0,4,66
04/06/2017,FAY,NC,ASO,EN,Combined TRACON& Tower with Radar,4,22,9,1,36,0,0,2,1,3,4,22,11,2,39,0,0,0,39
04/07/2017,FAY,NC,ASO,EN,Combined TRACON& Tower with Radar,4,22,11,4,41,0,0,2,1,3,4,22,13,5,44,0,0,0,44
04/08/2017,FAY,NC,ASO,EN,Combined TRACON& Tower with Radar,6,18,8,2,34,0,6,35,2,43,6,24,43,4,77,48,0,48,125
04/09/2017,FAY,NC,ASO,EN,Combined TRACON& Tower with Radar,1,24,21,3,49,0,4,36,1,41,1,28,57,4,90,12,0,12,102
04/10/2017,FAY,NC,ASO,EN,Combined TRACON& Tower with Radar,6,20,12,2,40,0,1,22,1,24,6,21,34,3,64,0,0,0,64
04/11/2017,FAY,NC,ASO,EN,Combined TRACON& Tower with Radar,7,20,22,0,49,0,2,25,1,28,7,22,47,1,77,13,0,13,90
04/12/2017,FAY,NC,ASO,EN,Combined TRACON& Tower with Radar,8,19,8,1,36,0,3,14,1,18,8,22,22,2,54,4,0,4,58
04/13/2017,FAY,NC,ASO,EN,Combined TRACON& Tower with Radar,8,22,25,1,56,0,0,23,0,23,8,22,48,1,79,0,0,0,79
04/14/2017,FAY,NC,ASO,EN,Combined TRACON& Tower with Radar,8,21,10,1,40,0,5,14,1,20,8,26,24,2,60,18,0,18,78
04/15/2017,FAY,NC,ASO,EN,Combined TRACON& Tower with Radar,10,16,5,1,32,0,4,24,1,29,10,20,29,2,61,45,0,45,106
04/16/2017,FAY,NC,ASO,EN,Combined TRACON& Tower with Radar,4,24,6,1,35,0,0,13,0,13,4,24,19,1,48,6,0,6,54
04/17/2017,FAY,NC,ASO,EN,Combined TRACON& Tower with Radar,12,22,23,6,63,0,3,23,1,27,12,25,46,7,90,19,0,19,109
04/18/2017,FAY,NC,ASO,EN,Combined TRACON& Tower with Radar,9,20,35,18,82,0,0,7,2,9,9,20,42,20,91,38,18,56,147
04/19/2017,FAY,NC,ASO,EN,Combined TRACON& Tower with Radar,8,22,19,0,49,0,2,18,1,21,8,24,37,1,70,20,0,20,90
04/20/2017,FAY,NC,ASO,EN,Combined TRACON& Tower with Radar,6,19,15,16,56,0,0,30,0,30,6,19,45,16,86,35,24,59,145
04/21/2017,FAY,NC,ASO,EN,Combined TRACON& Tower with Radar,6,26,14,2,48,0,2,26,0,28,6,28,40,2,76,59,0,59,135
04/22/2017,FAY,NC,ASO,EN,Combined TRACON& Tower with Radar,8,15,10,0,33,0,4,47,0,51,8,19,57,0,84,17,0,17,101
04/23/2017,FAY,NC,ASO,EN,Combined TRACON& Tower with Radar,3,24,23,0,50,0,0,0,0,0,3,24,23,0,50,8,0,8,58
04/24/2017,FAY,NC,ASO,EN,Combined TRACON& Tower with Radar,5,26,10,2,43,0,0,0,0,0,5,26,10,2,43,0,0,0,43
04/25/2017,FAY,NC,ASO,EN,Combined TRACON& Tower with Radar,8,24,22,4,58,0,0,2,0,2,8,24,24,4,60,0,0,0,60
04/26/2017,FAY,NC,ASO,EN,Combined TRACON& Tower with Radar,8,21,15,0,44,0,1,34,0,35,8,22,49,0,79,46,2,48,127
04/27/2017,FAY,NC,ASO,EN,Combined TRACON& Tower with Radar,7,24,22,13,66,0,1,27,0,28,7,25,49,13,94,33,28,61,155
04/28/2017,FAY,NC,ASO,EN,Combined TRACON& Tower with Radar,9,19,20,0,48,0,0,25,0,25,9,19,45,0,73,54,0,54,127
04/29/2017,FAY,NC,ASO,EN,Combined TRACON& Tower with Radar,7,17,18,0,42,0,5,38,0,43,7,22,56,0,85,52,0,52,137
04/30/2017,FAY,NC,ASO,EN,Combined TRACON& Tower with Radar,7,24,17,2,50,0,0,13,0,13,7,24,30,2,63,18,0,18,81
05/01/2017,FAY,NC,ASO,EN,Combined TRACON& Tower with Radar,7,18,7,2,34,0,1,5,0,6,7,19,12,2,40,10,20,30,70
05/02/2017,FAY,NC,ASO,EN,Combined TRACON& Tower with Radar,8,22,12,8,50,0,0,32,2,34,8,22,44,10,84,10,0,10,94
05/03/2017,FAY,NC,ASO,EN,Combined TRACON& Tower with Radar,8,22,23,7,60,0,4,35,1,40,8,26,58,8,100,10,15,25,125
05/04/2017,FAY,NC,ASO,EN,Combined TRACON& Tower with Radar,8,22,6,2,38,0,1,18,1,20,8,23,24,3,58,17,10,27,85
05/05/2017,FAY,NC,ASO,EN,Combined TRACON& Tower with Radar,8,19,10,2,39,0,0,3,0,3,8,19,13,2,42,0,0,0,42
05/06/2017,FAY,NC,ASO,EN,Combined TRACON& Tower with Radar,8,17,8,0,33,0,1,9,1,11,8,18,17,1,44,6,0,6,50
05/07/2017,FAY,NC,ASO,EN,Combined TRACON& Tower with Radar,6,24,13,0,43,0,2,28,0,30,6,26,41,0,73,22,0,22,95
05/08/2017,FAY,NC,ASO,EN,Combined TRACON& Tower with Radar,8,22,11,7,48,0,4,21,0,25,8,26,32,7,73,23,0,23,96
05/09/2017,FAY,NC,ASO,EN,Combined TRACON& Tower with Radar,6,18,20,7,51,0,2,19,1,22,6,20,39,8,73,24,12,36,109
05/10/2017,FAY,NC,ASO,EN,Combined TRACON& Tower with Radar,8,23,10,0,41,0,2,22,0,24,8,25,32,0,65,18,0,18,83
05/11/2017,FAY,NC,ASO,EN,Combined TRACON& Tower with Radar,8,20,15,12,55,0,0,24,0,24,8,20,39,12,79,8,0,8,87
05/12/2017,FAY,NC,ASO,EN,Combined TRACON& Tower with Radar,8,22,18,8,56,0,0,2,0,2,8,22,20,8,58,0,0,0,58
05/13/2017,FAY,NC,ASO,EN,Combined TRACON& Tower with Radar,8,18,29,0,55,0,2,5,0,7,8,20,34,0,62,13,0,13,75
05/14/2017,FAY,NC,ASO,EN,Combined TRACON& Tower with Radar,6,23,8,0,37,0,0,28,0,28,6,23,36,0,65,18,0,18,83
05/15/2017,FAY,NC,ASO,EN,Combined TRACON& Tower with Radar,8,23,14,0,45,0,2,25,2,29,8,25,39,2,74,4,18,22,96
05/16/2017,FAY,NC,ASO,EN,Combined TRACON& Tower with Radar,8,20,15,5,48,0,0,34,1,35,8,20,49,6,83,4,0,4,87
05/17/2017,FAY,NC,ASO,EN,Combined TRACON& Tower with Radar,8,20,29,8,65,0,0,37,2,39,8,20,66,10,104,34,33,67,171
05/18/2017,FAY,NC,ASO,EN,Combined TRACON& Tower with Radar,8,20,15,4,47,0,2,17,0,19,8,22,32,4,66,40,0,40,106
05/19/2017,FAY,NC,ASO,EN,Combined TRACON& Tower with Radar,8,19,18,12,57,0,2,21,0,23,8,21,39,12,80,32,16,48,128
05/20/2017,FAY,NC,ASO,EN,Combined TRACON& Tower with Radar,8,18,5,0,31,0,0,28,0,28,8,18,33,0,59,28,0,28,87
05/21/2017,FAY,NC,ASO,EN,Combined TRACON& Tower with Radar,6,19,7,4,36,0,2,4,1,7,6,21,11,5,43,5,0,5,48
05/22/2017,FAY,NC,ASO,EN,Combined TRACON& Tower with Radar,8,25,20,8,61,0,0,9,0,9,8,25,29,8,70,16,0,16,86
05/23/2017,FAY,NC,ASO,EN,Combined TRACON& Tower with Radar,8,22,17,0,47,0,0,0,0,0,8,22,17,0,47,0,0,0,47
05/24/2017,FAY,NC,ASO,EN,Combined TRACON& Tower with Radar,7,19,16,2,44,0,0,2,0,2,7,19,18,2,46,0,0,0,46
05/25/2017,FAY,NC,ASO,EN,Combined TRACON& Tower with Radar,6,24,7,7,44,0,0,11,2,13,6,24,18,9,57,0,10,10,67
05/26/2017,FAY,NC,ASO,EN,Combined TRACON& Tower with Radar,10,21,11,4,46,0,4,27,0,31,10,25,38,4,77,0,14,14,91
05/27/2017,FAY,NC,ASO,EN,Combined TRACON& Tower with Radar,8,19,7,0,34,0,2,33,0,35,8,21,40,0,69,8,0,8,77
05/28/2017,FAY,NC,ASO,EN,Combined TRACON& Tower with Radar,6,16,14,0,36,0,0,32,0,32,6,16,46,0,68,2,0,2,70
05/29/2017,FAY,NC,ASO,EN,Combined TRACON& Tower with Radar,10,16,7,0,33,0,0,23,0,23,10,16,30,0,56,0,0,0,56
05/30/2017,FAY,NC,ASO,EN,Combined TRACON& Tower with Radar,8,21,17,7,53,0,2,31,0,33,8,23,48,7,86,19,0,19,105
05/31/2017,FAY,NC,ASO,EN,Combined TRACON& Tower with Radar,8,21,15,4,48,0,0,27,2,29,8,21,42,6,77,17,12,29,106
06/01/2017,FAY,NC,ASO,EN,Combined TRACON& Tower with Radar,8,26,24,8,66,0,3,33,0,36,8,29,57,8,102,20,34,54,156
06/02/2017,FAY,NC,ASO,EN,Combined TRACON& Tower with Radar,6,29,14,2,51,0,7,27,0,34,6,36,41,2,85,48,2,50,135
06/03/2017,FAY,NC,ASO,EN,Combined TRACON& Tower with Radar,6,19,20,0,45,0,1,44,0,45,6,20,64,0,90,18,0,18,108
06/04/2017,FAY,NC,ASO,EN,Combined TRACON& Tower with Radar,2,22,11,8,43,0,2,20,0,22,2,24,31,8,65,8,0,8,73
06/05/2017,FAY,NC,ASO,EN,Combined TRACON& Tower with Radar,9,24,14,2,49,0,0,1,0,1,9,24,15,2,50,0,8,8,58
06/06/2017,FAY,NC,ASO,EN,Combined TRACON& Tower with Radar,6,25,15,8,54,0,0,17,0,17,6,25,32,8,71,14,2,16,87
06/07/2017,FAY,NC,ASO,EN,Combined TRACON& Tower with Radar,8,23,26,10,67,0,0,7,2,9,8,23,33,12,76,32,8,40,116
06/08/2017,FAY,NC,ASO,EN,Combined TRACON& Tower with Radar,6,26,13,14,59,0,0,25,0,25,6,26,38,14,84,0,12,12,96
06/09/2017,FAY,NC,ASO,EN,Combined TRACON& Tower with Radar,8,20,17,0,45,0,0,26,0,26,8,20,43,0,71,58,0,58,129
06/10/2017,FAY,NC,ASO,EN,Combined TRACON& Tower with Radar,8,18,3,2,31,0,13,39,0,52,8,31,42,2,83,52,0,52,135
06/11/2017,FAY,NC,ASO,EN,Combined TRACON& Tower with Radar,6,17,19,0,42,0,1,19,2,22,6,18,38,2,64,12,0,12,76
06/12/2017,FAY,NC,ASO,EN,Combined TRACON& Tower with Radar,6,25,15,2,48,0,0,9,0,9,6,25,24,2,57,32,0,32,89
06/13/2017,FAY,NC,ASO,EN,Combined TRACON& Tower with Radar,7,19,11,25,62,0,0,22,4,26,7,19,33,29,88,37,30,67,155
06/14/2017,FAY,NC,ASO,EN,Combined TRACON& Tower with Radar,9,19,22,0,50,0,0,14,0,14,9,19,36,0,64,35,0,35,99
06/15/2017,FAY,NC,ASO,EN,Combined TRACON& Tower with Radar,5,26,9,12,52,0,0,12,0,12,5,26,21,12,64,0,0,0,64
06/16/2017,FAY,NC,ASO,EN,Combined TRACON& Tower with Radar,7,22,13,0,42,0,1,12,0,13,7,23,25,0,55,0,0,0,55
06/17/2017,FAY,NC,ASO,EN,Combined TRACON& Tower with Radar,13,29,11,4,57,0,0,15,0,15,13,29,26,4,72,24,0,24,96
06/18/2017,FAY,NC,ASO,EN,Combined TRACON& Tower with Radar,10,30,20,0,60,0,0,30,0,30,10,30,50,0,90,36,0,36,126
06/19/2017,FAY,NC,ASO,EN,Combined TRACON& Tower with Radar,5,24,20,0,49,0,0,8,0,8,5,24,28,0,57,2,0,2,59
06/20/2017,FAY,NC,ASO,EN,Combined TRACON& Tower with Radar,7,24,5,4,40,0,0,0,0,0,7,24,5,4,40,0,0,0,40
06/21/2017,FAY,NC,ASO,EN,Combined TRACON& Tower with Radar,6,24,20,8,58,0,0,14,0,14,6,24,34,8,72,14,0,14,86
06/22/2017,FAY,NC,ASO,EN,Combined TRACON& Tower with Radar,7,23,23,4,57,0,0,7,0,7,7,23,30,4,64,24,6,30,94
06/23/2017,FAY,NC,ASO,EN,Combined TRACON& Tower with Radar,6,24,17,2,49,0,1,5,0,6,6,25,22,2,55,18,0,18,73
06/24/2017,FAY,NC,ASO,EN,Combined TRACON& Tower with Radar,7,20,9,0,36,0,2,8,0,10,7,22,17,0,46,18,0,18,64
06/25/2017,FAY,NC,ASO,EN,Combined TRACON& Tower with Radar,10,19,10,0,39,0,3,17,0,20,10,22,27,0,59,8,0,8,67
06/26/2017,FAY,NC,ASO,EN,Combined TRACON& Tower with Radar,6,21,21,0,48,0,3,30,0,33,6,24,51,0,81,25,0,25,106
06/27/2017,FAY,NC,ASO,EN,Combined TRACON& Tower with Radar,6,23,27,6,62,0,4,24,0,28,6,27,51,6,90,10,0,10,100
06/28/2017,FAY,NC,ASO,EN,Combined TRACON& Tower with Radar,5,23,13,13,54,0,5,22,7,34,5,28,35,20,88,46,26,72,160
06/29/2017,FAY,NC,ASO,EN,Combined TRACON& Tower with Radar,5,25,21,1,52,0,4,32,0,36,5,29,53,1,88,28,0,28,116
06/30/2017,FAY,NC,ASO,EN,Combined TRACON& Tower with Radar,7,24,22,0,53,0,0,2,0,2,7,24,24,0,55,6,0,6,61
07/01/2017,FAY,NC,ASO,EN,Combined TRACON& Tower with Radar,6,18,24,0,48,0,2,4,0,6,6,20,28,0,54,24,0,24,78
07/02/2017,FAY,NC,ASO,EN,Combined TRACON& Tower with Radar,4,19,13,0,36,0,0,26,0,26,4,19,39,0,62,54,0,54,116
07/03/2017,FAY,NC,ASO,EN,Combined TRACON& Tower with Radar,6,20,7,0,33,0,0,7,0,7,6,20,14,0,40,14,0,14,54
07/04/2017,FAY,NC,ASO,EN,Combined TRACON& Tower with Radar,6,21,14,0,41,0,0,8,0,8,6,21,22,0,49,0,0,0,49
07/05/2017,FAY,NC,ASO,EN,Combined TRACON& Tower with Radar,9,20,14,4,47,0,0,26,0,26,9,20,40,4,73,16,0,16,89
07/06/2017,FAY,NC,ASO,EN,Combined TRACON& Tower with Radar,10,18,23,9,60,0,0,25,1,26,10,18,48,10,86,16,0,16,102
07/07/2017,FAY,NC,ASO,EN,Combined TRACON& Tower with Radar,7,20,18,0,45,0,0,13,0,13,7,20,31,0,58,8,0,8,66
07/08/2017,FAY,NC,ASO,EN,Combined TRACON& Tower with Radar,7,18,13,0,38,0,0,20,0,20,7,18,33,0,58,72,0,72,130
07/09/2017,FAY,NC,ASO,EN,Combined TRACON& Tower with Radar,8,16,13,2,39,0,1,15,1,17,8,17,28,3,56,38,0,38,94
07/10/2017,FAY,NC,ASO,EN,Combined TRACON& Tower with Radar,10,20,8,8,46,0,1,8,0,9,10,21,16,8,55,25,25,50,105
07/11/2017,FAY,NC,ASO,EN,Combined TRACON& Tower with Radar,10,20,35,23,88,0,0,14,1,15,10,20,49,24,103,18,6,24,127
07/12/2017,FAY,NC,ASO,EN,Combined TRACON& Tower with Radar,10,17,28,4,59,0,0,25,0,25,10,17,53,4,84,20,8,28,112
07/13/2017,FAY,NC,ASO,EN,Combined TRACON& Tower with Radar,10,20,22,5,57,0,0,20,1,21,10,20,42,6,78,34,10,44,122
07/14/2017,FAY,NC,ASO,EN,Combined TRACON& Tower with Radar,10,18,21,2,51,0,1,21,0,22,10,19,42,2,73,21,0,21,94
07/15/2017,FAY,NC,ASO,EN,Combined TRACON& Tower with Radar,5,17,20,0,42,0,0,22,3,25,5,17,42,3,67,0,0,0,67
07/16/2017,FAY,NC,ASO,EN,Combined TRACON& Tower with Radar,7,18,17,0,42,0,0,7,0,7,7,18,24,0,49,0,0,0,49
07/17/2017,FAY,NC,ASO,EN,Combined TRACON& Tower with Radar,9,15,17,4,45,0,2,13,3,18,9,17,30,7,63,6,24,30,93
07/18/2017,FAY,NC,ASO,EN,Combined TRACON& Tower with Radar,12,18,12,7,49,0,4,10,1,15,12,22,22,8,64,21,14,35,99
07/19/2017,FAY,NC,ASO,EN,Combined TRACON& Tower with Radar,10,21,14,2,47,0,3,21,0,24,10,24,35,2,71,38,10,48,119
07/20/2017,FAY,NC,ASO,EN,Combined TRACON& Tower with Radar,11,20,18,21,70,0,3,24,4,31,11,23,42,25,101,0,36,36,137
07/21/2017,FAY,NC,ASO,EN,Combined TRACON& Tower with Radar,10,20,7,0,37,0,0,25,0,25,10,20,32,0,62,26,0,26,88
07/22/2017,FAY,NC,ASO,EN,Combined TRACON& Tower with Radar,8,15,5,0,28,0,7,22,0,29,8,22,27,0,57,0,0,0,57
07/23/2017,FAY,NC,ASO,EN,Combined TRACON& Tower with Radar,7,21,11,0,39,0,0,11,0,11,7,21,22,0,50,0,0,0,50
07/24/2017,FAY,NC,ASO,EN,Combined TRACON& Tower with Radar,10,17,20,16,63,0,2,8,1,11,10,19,28,17,74,0,24,24,98
07/25/2017,FAY,NC,ASO,EN,Combined TRACON& Tower with Radar,10,19,7,17,53,0,1,14,0,15,10,20,21,17,68,56,16,72,140
07/26/2017,FAY,NC,ASO,EN,Combined TRACON& Tower with Radar,11,18,33,26,88,0,0,13,5,18,11,18,46,31,106,14,18,32,138
07/27/2017,FAY,NC,ASO,EN,Combined TRACON& Tower with Radar,9,19,20,19,67,0,2,23,2,27,9,21,43,21,94,8,23,31,125
07/28/2017,FAY,NC,ASO,EN,Combined TRACON& Tower with Radar,12,19,17,12,60,0,2,7,0,9,12,21,24,12,69,0,6,6,75
07/29/2017,FAY,NC,ASO,EN,Combined TRACON& Tower with Radar,8,17,10,0,35,0,0,17,0,17,8,17,27,0,52,30,0,30,82
07/30/2017,FAY,NC,ASO,EN,Combined TRACON& Tower with Radar,10,18,4,0,32,0,5,40,0,45,10,23,44,0,77,4,0,4,81
07/31/2017,FAY,NC,ASO,EN,Combined TRACON& Tower with Radar,10,20,8,10,48,0,0,30,1,31,10,20,38,11,79,31,8,39,118
08/01/2017,FAY,NC,ASO,EN,Combined TRACON& Tower with Radar,10,20,11,5,46,0,0,36,0,36,10,20,47,5,82,47,0,47,129
08/02/2017,FAY,NC,ASO,EN,Combined TRACON& Tower with Radar,10,19,18,2,49,0,0,24,1,25,10,19,42,3,74,48,0,48,122
08/03/2017,FAY,NC,ASO,EN,Combined TRACON& Tower with Radar,9,20,20,6,55,0,1,26,6,33,9,21,46,12,88,34,10,44,132
08/04/2017,FAY,NC,ASO,EN,Combined TRACON& Tower with Radar,10,17,11,4,42,0,1,11,1,13,10,18,22,5,55,46,2,48,103
08/05/2017,FAY,NC,ASO,EN,Combined TRACON& Tower with Radar,9,15,8,2,34,0,2,26,2,30,9,17,34,4,64,34,0,34,98
08/06/2017,FAY,NC,ASO,EN,Combined TRACON& Tower with Radar,8,17,10,0,35,0,0,32,2,34,8,17,42,2,69,16,0,16,85
08/07/2017,FAY,NC,ASO,EN,Combined TRACON& Tower with Radar,9,20,15,6,50,0,0,10,2,12,9,20,25,8,62,18,18,36,98
08/08/2017,FAY,NC,ASO,EN,Combined TRACON& Tower with Radar,11,20,16,15,62,0,0,3,0,3,11,20,19,15,65,0,20,20,85
08/09/2017,FAY,NC,ASO,EN,Combined TRACON& Tower with Radar,10,24,33,22,89,0,2,8,0,10,10,26,41,22,99,23,0,23,122
08/10/2017,FAY,NC,ASO,EN,Combined TRACON& Tower with Radar,10,21,14,6,51,0,2,25,2,29,10,23,39,8,80,15,0,15,95
08/11/2017,FAY,NC,ASO,EN,Combined TRACON& Tower with Radar,10,18,16,4,48,0,0,13,0,13,10,18,29,4,61,21,0,21,82
08/12/2017,FAY,NC,ASO,EN,Combined TRACON& Tower with Radar,8,15,7,3,33,0,0,17,0,17,8,15,24,3,50,30,0,30,80
08/13/2017,FAY,NC,ASO,EN,Combined TRACON& Tower with Radar,8,17,10,0,35,0,0,6,0,6,8,17,16,0,41,0,0,0,41
08/14/2017,FAY,NC,ASO,EN,Combined TRACON& Tower with Radar,9,18,21,2,50,0,0,3,2,5,9,18,24,4,55,0,0,0,55
08/15/2017,FAY,NC,ASO,EN,Combined TRACON& Tower with Radar,11,18,27,14,70,0,0,4,0,4,11,18,31,14,74,1,0,1,75
08/16/2017,FAY,NC,ASO,EN,Combined TRACON& Tower with Radar,10,24,18,6,58,0,2,23,0,25,10,26,41,6,83,8,0,8,91
08/17/2017,FAY,NC,ASO,EN,Combined TRACON& Tower with Radar,10,17,10,1,38,0,0,21,0,21,10,17,31,1,59,14,0,14,73
08/18/2017,FAY,NC,ASO,EN,Combined TRACON& Tower with Radar,10,22,9,6,47,0,0,6,0,6,10,22,15,6,53,6,0,6,59
08/19/2017,FAY,NC,ASO,EN,Combined TRACON& Tower with Radar,10,18,9,4,41,0,2,21,0,23,10,20,30,4,64,43,8,51,115
08/20/2017,FAY,NC,ASO,EN,Combined TRACON& Tower with Radar,8,21,13,0,42,0,0,19,0,19,8,21,32,0,61,30,0,30,91
08/21/2017,FAY,NC,ASO,EN,Combined TRACON& Tower with Radar,10,21,24,6,61,0,4,21,0,25,10,25,45,6,86,8,25,33,119
08/22/2017,FAY,NC,ASO,EN,Combined TRACON& Tower with Radar,8,22,16,10,56,0,2,10,0,12,8,24,26,10,68,20,8,28,96
08/23/2017,FAY,NC,ASO,EN,Combined TRACON& Tower with Radar,12,21,21,3,57,0,2,11,1,14,12,23,32,4,71,2,12,14,85
08/24/2017,FAY,NC,ASO,EN,Combined TRACON& Tower with Radar,10,19,15,8,52,0,0,0,2,2,10,19,15,10,54,6,10,16,70
08/25/2017,FAY,NC,ASO,EN,Combined TRACON& Tower with Radar,12,21,19,0,52,0,0,31,0,31,12,21,50,0,83,46,0,46,129
08/26/2017,FAY,NC,ASO,EN,Combined TRACON& Tower with Radar,8,14,4,0,26,0,0,26,0,26,8,14,30,0,52,33,0,33,85
08/27/2017,FAY,NC,ASO,EN,Combined TRACON& Tower with Radar,12,16,19,0,47,0,0,28,0,28,12,16,47,0,75,88,0,88,163
08/28/2017,FAY,NC,ASO,EN,Combined TRACON& Tower with Radar,10,19,14,13,56,0,1,6,1,8,10,20,20,14,64,5,0,5,69
08/29/2017,FAY,NC,ASO,EN,Combined TRACON& Tower with Radar,8,19,23,10,60,0,0,2,0,2,8,19,25,10,62,1,4,5,67
08/30/2017,FAY,NC,ASO,EN,Combined TRACON& Tower with Radar,9,19,14,4,46,0,6,24,1,31,9,25,38,5,77,18,18,36,113
08/31/2017,FAY,NC,ASO,EN,Combined TRACON& Tower with Radar,10,20,22,6,58,0,1,15,0,16,10,21,37,6,74,0,0,0,74
09/01/2017,FAY,NC,ASO,EN,Combined TRACON& Tower with Radar,9,18,25,2,54,0,0,10,0,10,9,18,35,2,64,20,2,22,86
09/02/2017,FAY,NC,ASO,EN,Combined TRACON& Tower with Radar,7,17,14,0,38,0,0,5,0,5,7,17,19,0,43,12,0,12,55
09/03/2017,FAY,NC,ASO,EN,Combined TRACON& Tower with Radar,10,8,20,0,38,0,4,35,0,39,10,12,55,0,77,0,0,0,77
09/04/2017,FAY,NC,ASO,EN,Combined TRACON& Tower with Radar,12,19,7,0,38,0,2,23,0,25,12,21,30,0,63,74,0,74,137
09/05/2017,FAY,NC,ASO,EN,Combined TRACON& Tower with Radar,8,17,21,5,51,0,2,13,2,17,8,19,34,7,68,4,8,12,80
09/06/2017,FAY,NC,ASO,EN,Combined TRACON& Tower with Radar,10,17,24,6,57,0,0,1,0,1,10,17,25,6,58,0,0,0,58
09/07/2017,FAY,NC,ASO,EN,Combined TRACON& Tower with Radar,12,15,11,2,40,0,4,22,2,28,12,19,33,4,68,6,0,6,74
09/08/2017,FAY,NC,ASO,EN,Combined TRACON& Tower with Radar,12,19,25,4,60,0,5,40,1,46,12,24,65,5,106,20,6,26,132
09/09/2017,FAY,NC,ASO,EN,Combined TRACON& Tower with Radar,8,12,9,0,29,0,6,19,0,25,8,18,28,0,54,32,0,32,86
09/10/2017,FAY,NC,ASO,EN,Combined TRACON& Tower with Radar,13,8,5,0,26,0,0,12,0,12,13,8,17,0,38,6,0,6,44
09/11/2017,FAY,NC,ASO,EN,Combined TRACON& Tower with Radar,4,7,4,2,17,0,0,0,0,0,4,7,4,2,17,0,8,8,25
09/12/2017,FAY,NC,ASO,EN,Combined TRACON& Tower with Radar,9,18,5,0,32,0,0,1,0,1,9,18,6,0,33,4,0,4,37
09/13/2017,FAY,NC,ASO,EN,Combined TRACON& Tower with Radar,12,17,16,15,60,0,2,11,1,14,12,19,27,16,74,0,18,18,92
09/14/2017,FAY,NC,ASO,EN,Combined TRACON& Tower with Radar,12,19,17,6,54,0,0,17,0,17,12,19,34,6,71,4,0,4,75
09/15/2017,FAY,NC,ASO,EN,Combined TRACON& Tower with Radar,12,16,13,6,47,0,0,27,0,27,12,16,40,6,74,16,0,16,90
09/16/2017,FAY,NC,ASO,EN,Combined TRACON& Tower with Radar,10,11,11,0,32,0,2,27,0,29,10,13,38,0,61,10,0,10,71
09/17/2017,FAY,NC,ASO,EN,Combined TRACON& Tower with Radar,14,10,7,2,33,0,0,13,0,13,14,10,20,2,46,8,0,8,54
09/18/2017,FAY,NC,ASO,EN,Combined TRACON& Tower with Radar,12,16,17,4,49,0,4,5,0,9,12,20,22,4,58,0,0,0,58
09/19/2017,FAY,NC,ASO,EN,Combined TRACON& Tower with Radar,10,20,35,13,78,0,5,34,0,39,10,25,69,13,117,0,0,0,117
09/20/2017,FAY,NC,ASO,EN,Combined TRACON& Tower with Radar,12,16,25,7,60,0,1,31,0,32,12,17,56,7,92,6,0,6,98
09/21/2017,FAY,NC,ASO,EN,Combined TRACON& Tower with Radar,14,15,21,2,52,0,0,28,1,29,14,15,49,3,81,0,0,0,81
09/22/2017,FAY,NC,ASO,EN,Combined TRACON& Tower with Radar,14,16,12,19,61,0,1,36,1,38,14,17,48,20,99,38,20,58,157
09/23/2017,FAY,NC,ASO,EN,Combined TRACON& Tower with Radar,10,12,13,1,36,0,0,60,1,61,10,12,73,2,97,8,0,8,105
09/24/2017,FAY,NC,ASO,EN,Combined TRACON& Tower with Radar,16,13,28,0,57,0,4,35,0,39,16,17,63,0,96,32,0,32,128
09/25/2017,FAY,NC,ASO,EN,Combined TRACON& Tower with Radar,14,15,19,14,62,0,3,8,2,13,14,18,27,16,75,20,14,34,109
09/26/2017,FAY,NC,ASO,EN,Combined TRACON& Tower with Radar,10,17,23,15,65,0,1,8,0,9,10,18,31,15,74,0,0,0,74
09/27/2017,FAY,NC,ASO,EN,Combined TRACON& Tower with Radar,12,18,11,5,46,0,0,19,3,22,12,18,30,8,68,0,20,20,88
09/28/2017,FAY,NC,ASO,EN,Combined TRACON& Tower with Radar,12,16,21,8,57,0,0,31,1,32,12,16,52,9,89,0,6,6,95
09/29/2017,FAY,NC,ASO,EN,Combined TRACON& Tower with Radar,12,15,11,6,44,0,0,9,0,9,12,15,20,6,53,0,0,0,53
09/30/2017,FAY,NC,ASO,EN,Combined TRACON& Tower with Radar,8,13,3,0,24,0,1,21,0,22,8,14,24,0,46,30,0,30,76
10/01/2017,FAY,NC,ASO,EN,Combined TRACON& Tower with Radar,14,12,12,0,38,0,0,8,0,8,14,12,20,0,46,0,0,0,46
10/02/2017,FAY,NC,ASO,EN,Combined TRACON& Tower with Radar,12,19,9,6,46,0,0,24,1,25,12,19,33,7,71,24,0,24,95
10/03/2017,FAY,NC,ASO,EN,Combined TRACON& Tower with Radar,10,18,16,2,46,0,0,47,0,47,10,18,63,2,93,28,0,28,121
10/04/2017,FAY,NC,ASO,EN,Combined TRACON& Tower with Radar,12,18,20,5,55,0,0,19,2,21,12,18,39,7,76,23,0,23,99
10/05/2017,FAY,NC,ASO,EN,Combined TRACON& Tower with Radar,12,14,27,0,53,0,0,29,0,29,12,14,56,0,82,0,0,0,82
10/06/2017,FAY,NC,ASO,EN,Combined TRACON& Tower with Radar,12,16,23,0,51,0,3,16,0,19,12,19,39,0,70,0,0,0,70
10/07/2017,FAY,NC,ASO,EN,Combined TRACON& Tower with Radar,9,11,24,0,44,0,0,2,0,2,9,11,26,0,46,0,0,0,46
10/08/2017,FAY,NC,ASO,EN,Combined TRACON& Tower with Radar,11,10,8,0,29,0,0,0,0,0,11,10,8,0,29,0,0,0,29
10/09/2017,FAY,NC,ASO,EN,Combined TRACON& Tower with Radar,12,16,19,0,47,0,0,0,0,0,12,16,19,0,47,0,0,0,47
10/10/2017,FAY,NC,ASO,EN,Combined TRACON& Tower with Radar,12,15,17,4,48,0,0,6,0,6,12,15,23,4,54,4,0,4,58
10/11/2017,FAY,NC,ASO,EN,Combined TRACON& Tower with Radar,12,21,31,2,66,0,0,0,0,0,12,21,31,2,66,10,0,10,76
10/12/2017,FAY,NC,ASO,EN,Combined TRACON& Tower with Radar,12,14,47,2,75,0,2,7,0,9,12,16,54,2,84,10,8,18,102
10/13/2017,FAY,NC,ASO,EN,Combined TRACON& Tower with Radar,11,16,31,2,60,0,0,4,0,4,11,16,35,2,64,0,0,0,64
10/14/2017,FAY,NC,ASO,EN,Combined TRACON& Tower with Radar,10,11,12,0,33,0,0,12,0,12,10,11,24,0,45,8,0,8,53
10/15/2017,FAY,NC,ASO,EN,Combined TRACON& Tower with Radar,11,16,9,0,36,0,4,19,0,23,11,20,28,0,59,22,0,22,81
10/16/2017,FAY,NC,ASO,EN,Combined TRACON& Tower with Radar,12,17,19,5,53,0,0,4,2,6,12,17,23,7,59,6,16,22,81
10/17/2017,FAY,NC,ASO,EN,Combined TRACON& Tower with Radar,12,23,16,9,60,0,2,25,3,30,12,25,41,12,90,2,6,8,98
10/18/2017,FAY,NC,ASO,EN,Combined TRACON& Tower with Radar,12,16,9,23,60,0,2,37,1,40,12,18,46,24,100,21,38,59,159
10/19/2017,FAY,NC,ASO,EN,Combined TRACON& Tower with Radar,12,14,20,10,56,0,2,34,2,38,12,16,54,12,94,28,16,44,138
10/20/2017,FAY,NC,ASO,EN,Combined TRACON& Tower with Radar,12,16,13,3,44,0,2,19,0,21,12,18,32,3,65,16,20,36,101
10/21/2017,FAY,NC,ASO,EN,Combined TRACON& Tower with Radar,9,12,16,0,37,0,9,26,0,35,9,21,42,0,72,13,0,13,85
10/22/2017,FAY,NC,ASO,EN,Combined TRACON& Tower with Radar,11,12,9,0,32,0,2,28,0,30,11,14,37,0,62,17,0,17,79
10/23/2017,FAY,NC,ASO,EN,Combined TRACON& Tower with Radar,8,14,21,5,48,0,0,3,0,3,8,14,24,5,51,0,0,0,51
10/24/2017,FAY,NC,ASO,EN,Combined TRACON& Tower with Radar,14,15,17,14,60,0,1,23,1,25,14,16,40,15,85,12,58,70,155
10/25/2017,FAY,NC,ASO,EN,Combined TRACON& Tower with Radar,12,14,21,0,47,0,2,30,0,32,12,16,51,0,79,36,0,36,115
10/26/2017,FAY,NC,ASO,EN,Combined TRACON& Tower with Radar,13,16,13,10,52,0,2,22,2,26,13,18,35,12,78,20,14,34,112
10/27/2017,FAY,NC,ASO,EN,Combined TRACON& Tower with Radar,13,14,19,4,50,0,1,24,0,25,13,15,43,4,75,6,0,6,81
10/28/2017,FAY,NC,ASO,EN,Combined TRACON& Tower with Radar,9,11,9,0,29,0,1,39,0,40,9,12,48,0,69,18,0,18,87
10/29/2017,FAY,NC,ASO,EN,Combined TRACON& Tower with Radar,13,14,23,0,50,0,0,5,0,5,13,14,28,0,55,0,0,0,55
10/30/2017,FAY,NC,ASO,EN,Combined TRACON& Tower with Radar,10,16,9,3,38,0,0,16,1,17,10,16,25,4,55,0,0,0,55
10/31/2017,FAY,NC,ASO,EN,Combined TRACON& Tower with Radar,10,19,21,13,63,0,3,20,0,23,10,22,41,13,86,26,26,52,138
11/01/2017,FAY,NC,ASO,EN,Combined TRACON& Tower with Radar,14,15,11,1,41,0,0,20,2,22,14,15,31,3,63,4,10,14,77
11/02/2017,FAY,NC,ASO,EN,Combined TRACON& Tower with Radar,12,14,19,7,52,0,2,13,2,17,12,16,32,9,69,0,0,0,69
11/03/2017,FAY,NC,ASO,EN,Combined TRACON& Tower with Radar,12,14,11,10,47,0,1,10,8,19,12,15,21,18,66,0,16,16,82
11/04/2017,FAY,NC,ASO,EN,Combined TRACON& Tower with Radar,11,13,12,0,36,0,0,15,0,15,11,13,27,0,51,41,0,41,92
11/05/2017,FAY,NC,ASO,EN,Combined TRACON& Tower with Radar,8,15,12,0,35,0,0,0,0,0,8,15,12,0,35,0,0,0,35
11/06/2017,FAY,NC,ASO,EN,Combined TRACON& Tower with Radar,6,21,14,9,50,0,3,19,0,22,6,24,33,9,72,18,6,24,96
11/07/2017,FAY,NC,ASO,EN,Combined TRACON& Tower with Radar,6,18,24,7,55,0,0,14,0,14,6,18,38,7,69,10,10,20,89
11/08/2017,FAY,NC,ASO,EN,Combined TRACON& Tower with Radar,6,22,28,7,63,0,0,0,0,0,6,22,28,7,63,0,0,0,63
11/09/2017,FAY,NC,ASO,EN,Combined TRACON& Tower with Radar,6,20,24,8,58,0,0,0,0,0,6,20,24,8,58,0,0,0,58
11/10/2017,FAY,NC,ASO,EN,Combined TRACON& Tower with Radar,6,24,18,1,49,0,4,37,0,41,6,28,55,1,90,36,11,47,137
11/11/2017,FAY,NC,ASO,EN,Combined TRACON& Tower with Radar,8,15,4,0,27,0,2,25,0,27,8,17,29,0,54,33,0,33,87
11/12/2017,FAY,NC,ASO,EN,Combined TRACON& Tower with Radar,8,17,28,0,53,0,2,21,0,23,8,19,49,0,76,22,0,22,98
11/13/2017,FAY,NC,ASO,EN,Combined TRACON& Tower with Radar,8,16,28,12,64,0,4,14,0,18,8,20,42,12,82,16,0,16,98
11/14/2017,FAY,NC,ASO,EN,Combined TRACON& Tower with Radar,10,18,15,24,67,0,2,4,7,13,10,20,19,31,80,4,46,50,130
11/15/2017,FAY,NC,ASO,EN,Combined TRACON& Tower with Radar,6,23,12,7,48,0,0,28,1,29,6,23,40,8,77,24,8,32,109
11/16/2017,FAY,NC,ASO,EN,Combined TRACON& Tower with Radar,6,21,18,10,55,0,1,26,2,29,6,22,44,12,84,15,10,25,109
11/17/2017,FAY,NC,ASO,EN,Combined TRACON& Tower with Radar,6,20,24,5,55,0,1,15,4,20,6,21,39,9,75,21,20,41,116
11/18/2017,FAY,NC,ASO,EN,Combined TRACON& Tower with Radar,8,16,8,0,32,0,3,48,0,51,8,19,56,0,83,48,0,48,131
11/19/2017,FAY,NC,ASO,EN,Combined TRACON& Tower with Radar,8,15,9,0,32,0,0,20,0,20,8,15,29,0,52,32,0,32,84
11/20/2017,FAY,NC,ASO,EN,Combined TRACON& Tower with Radar,6,18,17,13,54,0,0,27,4,31,6,18,44,17,85,0,22,22,107
11/21/2017,FAY,NC,ASO,EN,Combined TRACON& Tower with Radar,6,21,14,10,51,0,0,10,1,11,6,21,24,11,62,12,16,28,90
11/22/2017,FAY,NC,ASO,EN,Combined TRACON& Tower with Radar,6,20,18,13,57,0,1,5,1,7,6,21,23,14,64,5,18,23,87
11/23/2017,FAY,NC,ASO,EN,Combined TRACON& Tower with Radar,5,9,5,0,19,0,1,9,0,10,5,10,14,0,29,0,0,0,29
11/24/2017,FAY,NC,ASO,EN,Combined TRACON& Tower with Radar,6,18,8,0,32,0,2,6,0,8,6,20,14,0,40,8,0,8,48
11/25/2017,FAY,NC,ASO,EN,Combined TRACON& Tower with Radar,11,18,17,0,46,0,0,25,0,25,11,18,42,0,71,14,0,14,85
11/26/2017,FAY,NC,ASO,EN,Combined TRACON& Tower with Radar,15,16,11,0,42,0,0,19,0,19,15,16,30,0,61,8,0,8,69
11/27/2017,FAY,NC,ASO,EN,Combined TRACON& Tower with Radar,8,22,12,21,63,0,1,14,3,18,8,23,26,24,81,5,32,37,118
11/28/2017,FAY,NC,ASO,EN,Combined TRACON& Tower with Radar,8,16,14,2,40,0,3,21,1,25,8,19,35,3,65,8,0,8,73
11/29/2017,FAY,NC,ASO,EN,Combined TRACON& Tower with Radar,10,22,11,4,47,0,4,10,3,17,10,26,21,7,64,0,38,38,102
11/30/2017,FAY,NC,ASO,EN,Combined TRACON& Tower with Radar,8,19,18,20,65,0,0,19,4,23,8,19,37,24,88,0,16,16,104
12/01/2017,FAY,NC,ASO,EN,Combined TRACON& Tower with Radar,8,21,8,8,45,0,0,16,0,16,8,21,24,8,61,8,0,8,69
12/02/2017,FAY,NC,ASO,EN,Combined TRACON& Tower with Radar,8,13,3,2,26,0,0,4,0,4,8,13,7,2,30,20,0,20,50
12/03/2017,FAY,NC,ASO,EN,Combined TRACON& Tower with Radar,11,16,11,1,39,0,2,20,0,22,11,18,31,1,61,60,0,60,121
12/04/2017,FAY,NC,ASO,EN,Combined TRACON& Tower with Radar,10,16,16,7,49,0,0,12,0,12,10,16,28,7,61,20,2,22,83
12/05/2017,FAY,NC,ASO,EN,Combined TRACON& Tower with Radar,8,16,24,6,54,0,1,7,2,10,8,17,31,8,64,15,10,25,89
12/06/2017,FAY,NC,ASO,EN,Combined TRACON& Tower with Radar,8,18,15,10,51,0,0,4,0,4,8,18,19,10,55,6,0,6,61
12/07/2017,FAY,NC,ASO,EN,Combined TRACON& Tower with Radar,8,18,21,8,55,0,0,7,4,11,8,18,28,12,66,0,1,1,67
12/08/2017,FAY,NC,ASO,EN,Combined TRACON& Tower with Radar,5,13,12,1,31,0,0,0,0,0,5,13,12,1,31,0,0,0,31
12/09/2017,FAY,NC,ASO,EN,Combined TRACON& Tower with Radar,7,13,2,2,24,0,0,0,0,0,7,13,2,2,24,0,0,0,24
12/10/2017,FAY,NC,ASO,EN,Combined TRACON& Tower with Radar,10,12,7,1,30,0,0,26,0,26,10,12,33,1,56,63,0,63,119
12/11/2017,FAY,NC,ASO,EN,Combined TRACON& Tower with Radar,8,18,13,10,49,0,2,29,4,35,8,20,42,14,84,0,0,0,84
12/12/2017,FAY,NC,ASO,EN,Combined TRACON& Tower with Radar,8,16,10,14,48,0,3,21,4,28,8,19,31,18,76,0,8,8,84
12/13/2017,FAY,NC,ASO,EN,Combined TRACON& Tower with Radar,10,16,18,18,62,0,0,30,2,32,10,16,48,20,94,12,0,12,106
12/14/2017,FAY,NC,ASO,EN,Combined TRACON& Tower with Radar,8,20,11,3,42,0,0,28,0,28,8,20,39,3,70,18,0,18,88
12/15/2017,FAY,NC,ASO,EN,Combined TRACON& Tower with Radar,10,15,18,2,45,0,3,16,2,21,10,18,34,4,66,0,14,14,80
12/16/2017,FAY,NC,ASO,EN,Combined TRACON& Tower with Radar,6,17,8,0,31,0,2,31,0,33,6,19,39,0,64,33,0,33,97
12/17/2017,FAY,NC,ASO,EN,Combined TRACON& Tower with Radar,7,11,14,0,32,0,0,15,0,15,7,11,29,0,47,20,0,20,67
12/18/2017,FAY,NC,ASO,EN,Combined TRACON& Tower with Radar,9,18,14,5,46,0,0,15,1,16,9,18,29,6,62,10,0,10,72
12/19/2017,FAY,NC,ASO,EN,Combined TRACON& Tower with Radar,10,18,24,5,57,0,2,20,1,23,10,20,44,6,80,6,8,14,94
12/20/2017,FAY,NC,ASO,EN,Combined TRACON& Tower with Radar,10,17,10,12,49,0,0,0,0,0,10,17,10,12,49,0,4,4,53
12/21/2017,FAY,NC,ASO,EN,Combined TRACON& Tower with Radar,9,23,9,6,47,0,2,31,0,33,9,25,40,6,80,48,16,64,144
12/22/2017,FAY,NC,ASO,EN,Combined TRACON& Tower with Radar,10,15,13,10,48,0,0,5,2,7,10,15,18,12,55,16,6,22,77
12/23/2017,FAY,NC,ASO,EN,Combined TRACON& Tower with Radar,9,16,5,0,30,0,0,11,0,11,9,16,16,0,41,0,0,0,41
12/24/2017,FAY,NC,ASO,EN,Combined TRACON& Tower with Radar,6,14,6,0,26,0,0,0,0,0,6,14,6,0,26,0,0,0,26
12/25/2017,FAY,NC,ASO,EN,Combined TRACON& Tower with Radar,6,14,1,0,21,0,0,3,0,3,6,14,4,0,24,4,0,4,28
12/26/2017,FAY,NC,ASO,EN,Combined TRACON& Tower with Radar,9,15,4,0,28,0,0,9,3,12,9,15,13,3,40,0,0,0,40
12/27/2017,FAY,NC,ASO,EN,Combined TRACON& Tower with Radar,9,20,10,2,41,0,0,7,2,9,9,20,17,4,50,0,0,0,50
12/28/2017,FAY,NC,ASO,EN,Combined TRACON& Tower with Radar,8,17,6,0,31,0,0,13,0,13,8,17,19,0,44,0,0,0,44
12/29/2017,FAY,NC,ASO,EN,Combined TRACON& Tower with Radar,8,17,6,0,31,0,0,10,0,10,8,17,16,0,41,8,0,8,49
12/30/2017,FAY,NC,ASO,EN,Combined TRACON& Tower with Radar,8,16,14,0,38,0,0,20,0,20,8,16,34,0,58,0,0,0,58
12/31/2017,FAY,NC,ASO,EN,Combined TRACON& Tower with Radar,6,15,5,0,26,0,0,9,0,9,6,15,14,0,35,14,0,14,49
01/01/2018,FAY,NC,ASO,EN,Combined TRACON& Tower with Radar,9,9,5,0,23,0,2,10,0,12,9,11,15,0,35,4,0,4,39
01/02/2018,FAY,NC,ASO,EN,Combined TRACON& Tower with Radar,9,19,10,0,38,0,1,12,0,13,9,20,22,0,51,4,0,4,55
01/03/2018,FAY,NC,ASO,EN,Combined TRACON& Tower with Radar,7,14,6,0,27,0,0,2,0,2,7,14,8,0,29,4,0,4,33
01/04/2018,FAY,NC,ASO,EN,Combined TRACON& Tower with Radar,9,20,5,0,34,0,0,3,0,3,9,20,8,0,37,2,0,2,39
01/05/2018,FAY,NC,ASO,EN,Combined TRACON& Tower with Radar,8,18,10,6,42,0,0,9,0,9,8,18,19,6,51,2,10,12,63
01/06/2018,FAY,NC,ASO,EN,Combined TRACON& Tower with Radar,8,19,8,0,35,0,0,8,0,8,8,19,16,0,43,2,0,2,45
01/07/2018,FAY,NC,ASO,EN,Combined TRACON& Tower with Radar,8,19,7,2,36,0,4,5,0,9,8,23,12,2,45,30,0,30,75
01/08/2018,FAY,NC,ASO,EN,Combined TRACON& Tower with Radar,9,13,16,11,49,0,0,11,1,12,9,13,27,12,61,10,18,28,89
01/09/2018,FAY,NC,ASO,EN,Combined TRACON& Tower with Radar,10,11,20,16,57,0,1,15,8,24,10,12,35,24,81,34,34,68,149
01/10/2018,FAY,NC,ASO,EN,Combined TRACON& Tower with Radar,12,13,15,11,51,0,0,21,2,23,12,13,36,13,74,6,8,14,88
01/11/2018,FAY,NC,ASO,EN,Combined TRACON& Tower with Radar,12,16,19,26,73,0,0,1,0,1,12,16,20,26,74,0,16,16,90
01/12/2018,FAY,NC,ASO,EN,Combined TRACON& Tower with Radar,11,15,20,15,61,0,0,0,1,1,11,15,20,16,62,4,16,20,82
01/13/2018,FAY,NC,ASO,EN,Combined TRACON& Tower with Radar,13,11,3,0,27,0,0,16,0,16,13,11,19,0,43,39,0,39,82
01/14/2018,FAY,NC,ASO,EN,Combined TRACON& Tower with Radar,12,10,8,0,30,0,0,13,0,13,12,10,21,0,43,74,0,74,117
01/15/2018,FAY,NC,ASO,EN,Combined TRACON& Tower with Radar,10,13,21,0,44,0,1,25,0,26,10,14,46,0,70,14,0,14,84
01/16/2018,FAY,NC,ASO,EN,Combined TRACON& Tower with Radar,10,12,11,4,37,0,2,18,3,23,10,14,29,7,60,18,4,22,82
01/17/2018,FAY,NC,ASO,EN,Combined TRACON& Tower with Radar,5,7,0,0,12,0,0,2,0,2,5,7,2,0,14,0,0,0,14
01/18/2018,FAY,NC,ASO,EN,Combined TRACON& Tower with Radar,7,13,10,0,30,0,2,9,0,11,7,15,19,0,41,0,0,0,41
01/19/2018,FAY,NC,ASO,EN,Combined TRACON& Tower with Radar,12,14,17,6,49,0,2,15,1,18,12,16,32,7,67,10,0,10,77
01/20/2018,FAY,NC,ASO,EN,Combined TRACON& Tower with Radar,12,11,11,0,34,0,5,36,0,41,12,16,47,0,75,48,0,48,123
01/21/2018,FAY,NC,ASO,EN,Combined TRACON& Tower with Radar,12,15,13,0,40,0,3,27,0,30,12,18,40,0,70,20,0,20,90
01/22/2018,FAY,NC,ASO,EN,Combined TRACON& Tower with Radar,12,12,13,0,37,0,0,6,2,8,12,12,19,2,45,0,0,0,45
01/23/2018,FAY,NC,ASO,EN,Combined TRACON& Tower with Radar,10,12,8,0,30,0,0,8,0,8,10,12,16,0,38,0,0,0,38
01/24/2018,FAY,NC,ASO,EN,Combined TRACON& Tower with Radar,12,15,14,12,53,0,0,9,1,10,12,15,23,13,63,0,0,0,63
01/25/2018,FAY,NC,ASO,EN,Combined TRACON& Tower with Radar,11,15,22,2,50,0,0,24,0,24,11,15,46,2,74,11,0,11,85
01/26/2018,FAY,NC,ASO,EN,Combined TRACON& Tower with Radar,14,14,15,4,47,0,0,14,2,16,14,14,29,6,63,8,0,8,71
01/27/2018,FAY,NC,ASO,EN,Combined TRACON& Tower with Radar,12,12,12,0,36,0,5,19,0,24,12,17,31,0,60,28,0,28,88
01/28/2018,FAY,NC,ASO,EN,Combined TRACON& Tower with Radar,14,12,2,0,28,0,0,0,0,0,14,12,2,0,28,0,0,0,28
01/29/2018,FAY,NC,ASO,EN,Combined TRACON& Tower with Radar,10,14,24,8,56,0,0,0,3,3,10,14,24,11,59,0,0,0,59
01/30/2018,FAY,NC,ASO,EN,Combined TRACON& Tower with Radar,10,13,13,3,39,0,3,8,1,12,10,16,21,4,51,0,0,0,51
01/31/2018,FAY,NC,ASO,EN,Combined TRACON& Tower with Radar,12,13,19,6,50,0,0,27,0,27,12,13,46,6,77,4,12,16,93
02/01/2018,FAY,NC,ASO,EN,Combined TRACON& Tower with Radar,12,12,17,0,41,0,0,17,0,17,12,12,34,0,58,0,0,0,58
02/02/2018,FAY,NC,ASO,EN,Combined TRACON& Tower with Radar,12,18,18,4,52,0,0,10,0,10,12,18,28,4,62,8,0,8,70
02/03/2018,FAY,NC,ASO,EN,Combined TRACON& Tower with Radar,12,9,11,0,32,0,0,36,0,36,12,9,47,0,68,42,0,42,110
02/04/2018,FAY,NC,ASO,EN,Combined TRACON& Tower with Radar,11,13,8,0,32,0,0,1,0,1,11,13,9,0,33,0,0,0,33
02/05/2018,FAY,NC,ASO,EN,Combined TRACON& Tower with Radar,13,12,18,9,52,0,3,18,3,24,13,15,36,12,76,0,14,14,90
02/06/2018,FAY,NC,ASO,EN,Combined TRACON& Tower with Radar,10,18,17,0,45,0,0,12,0,12,10,18,29,0,57,34,0,34,91
02/07/2018,FAY,NC,ASO,EN,Combined TRACON& Tower with Radar,12,14,11,0,37,0,2,5,0,7,12,16,16,0,44,0,0,0,44
02/08/2018,FAY,NC,ASO,EN,Combined TRACON& Tower with Radar,12,13,18,2,45,0,0,29,2,31,12,13,47,4,76,0,14,14,90
02/09/2018,FAY,NC,ASO,EN,Combined TRACON& Tower with Radar,12,11,20,10,53,0,0,25,1,26,12,11,45,11,79,54,10,64,143
02/10/2018,FAY,NC,ASO,EN,Combined TRACON& Tower with Radar,13,11,6,0,30,0,0,0,0,0,13,11,6,0,30,0,0,0,30
02/11/2018,FAY,NC,ASO,EN,Combined TRACON& Tower with Radar,13,12,5,0,30,0,0,0,0,0,13,12,5,0,30,0,0,0,30
02/12/2018,FAY,NC,ASO,EN,Combined TRACON& Tower with Radar,10,12,14,9,45,0,0,5,1,6,10,12,19,10,51,14,0,14,65
02/13/2018,FAY,NC,ASO,EN,Combined TRACON& Tower with Radar,10,13,24,20,67,0,3,10,0,13,10,16,34,20,80,16,0,16,96
02/14/2018,FAY,NC,ASO,EN,Combined TRACON& Tower with Radar,12,12,23,7,54,0,0,11,3,14,12,12,34,10,68,26,8,34,102
02/15/2018,FAY,NC,ASO,EN,Combined TRACON& Tower with Radar,12,13,28,23,76,0,0,13,1,14,12,13,41,24,90,4,20,24,114
02/16/2018,FAY,NC,ASO,EN,Combined TRACON& Tower with Radar,12,15,7,12,46,0,0,8,0,8,12,15,15,12,54,6,0,6,60
02/17/2018,FAY,NC,ASO,EN,Combined TRACON& Tower with Radar,10,9,12,0,31,0,0,6,0,6,10,9,18,0,37,0,0,0,37
02/18/2018,FAY,NC,ASO,EN,Combined TRACON& Tower with Radar,12,8,16,0,36,0,3,24,0,27,12,11,40,0,63,48,0,48,111
02/19/2018,FAY,NC,ASO,EN,Combined TRACON& Tower with Radar,11,11,12,0,34,0,0,0,0,0,11,11,12,0,34,0,0,0,34
02/20/2018,FAY,NC,ASO,EN,Combined TRACON& Tower with Radar,11,12,14,21,58,0,0,8,4,12,11,12,22,25,70,8,14,22,92
02/21/2018,FAY,NC,ASO,EN,Combined TRACON& Tower with Radar,12,15,35,19,81,0,0,13,1,14,12,15,48,20,95,18,12,30,125
02/22/2018,FAY,NC,ASO,EN,Combined TRACON& Tower with Radar,12,14,22,19,67,0,0,9,3,12,12,14,31,22,79,14,19,33,112
02/23/2018,FAY,NC,ASO,EN,Combined TRACON& Tower with Radar,15,11,32,14,72,0,4,9,0,13,15,15,41,14,85,12,0,12,97
02/24/2018,FAY,NC,ASO,EN,Combined TRACON& Tower with Radar,11,11,23,0,45,0,0,12,0,12,11,11,35,0,57,0,0,0,57
02/25/2018,FAY,NC,ASO,EN,Combined TRACON& Tower with Radar,15,12,15,0,42,0,0,9,0,9,15,12,24,0,51,2,0,2,53
02/26/2018,FAY,NC,ASO,EN,Combined TRACON& Tower with Radar,13,15,20,12,60,0,0,2,0,2,13,15,22,12,62,0,8,8,70
02/27/2018,FAY,NC,ASO,EN,Combined TRACON& Tower with Radar,12,14,17,3,46,0,0,33,6,39,12,14,50,9,85,2,2,4,89
02/28/2018,FAY,NC,ASO,EN,Combined TRACON& Tower with Radar,12,15,29,0,56,0,0,18,0,18,12,15,47,0,74,0,0,0,74
03/01/2018,FAY,NC,ASO,EN,Combined TRACON& Tower with Radar,12,12,19,0,43,0,0,1,0,1,12,12,20,0,44,0,0,0,44
03/02/2018,FAY,NC,ASO,EN,Combined TRACON& Tower with Radar,12,5,6,4,27,0,0,3,0,3,12,5,9,4,30,0,0,0,30
03/03/2018,FAY,NC,ASO,EN,Combined TRACON& Tower with Radar,8,11,17,0,36,0,0,18,0,18,8,11,35,0,54,20,0,20,74
03/04/2018,FAY,NC,ASO,EN,Combined TRACON& Tower with Radar,13,16,6,0,35,0,3,18,0,21,13,19,24,0,56,40,0,40,96
03/05/2018,FAY,NC,ASO,EN,Combined TRACON& Tower with Radar,10,14,21,2,47,0,0,31,0,31,10,14,52,2,78,10,0,10,88
03/06/2018,FAY,NC,ASO,EN,Combined TRACON& Tower with Radar,10,18,16,2,46,0,0,8,0,8,10,18,24,2,54,12,0,12,66
03/07/2018,FAY,NC,ASO,EN,Combined TRACON& Tower with Radar,10,18,18,8,54,0,0,9,2,11,10,18,27,10,65,0,0,0,65
03/08/2018,FAY,NC,ASO,EN,Combined TRACON& Tower with Radar,10,15,13,6,44,0,1,32,0,33,10,16,45,6,77,0,0,0,77
03/09/2018,FAY,NC,ASO,EN,Combined TRACON& Tower with Radar,10,18,24,4,56,0,4,37,0,41,10,22,61,4,97,18,0,18,115
03/10/2018,FAY,NC,ASO,EN,Combined TRACON& Tower with Radar,6,14,8,0,28,0,2,34,0,36,6,16,42,0,64,22,0,22,86
03/11/2018,FAY,NC,ASO,EN,Combined TRACON& Tower with Radar,8,18,8,0,34,0,1,9,0,10,8,19,17,0,44,10,0,10,54
03/12/2018,FAY,NC,ASO,EN,Combined TRACON& Tower with Radar,10,16,11,10,47,0,0,0,0,0,10,16,11,10,47,0,0,0,47
03/13/2018,FAY,NC,ASO,EN,Combined TRACON& Tower with Radar,10,19,10,14,53,0,5,29,4,38,10,24,39,18,91,65,39,104,195
03/14/2018,FAY,NC,ASO,EN,Combined TRACON& Tower with Radar,10,14,10,8,42,0,2,18,0,20,10,16,28,8,62,20,0,20,82
03/15/2018,FAY,NC,ASO,EN,Combined TRACON& Tower with Radar,10,16,10,14,50,0,0,16,3,19,10,16,26,17,69,20,30,50,119
03/16/2018,FAY,NC,ASO,EN,Combined TRACON& Tower with Radar,10,16,11,0,37,0,3,20,0,23,10,19,31,0,60,27,0,27,87
03/17/2018,FAY,NC,ASO,EN,Combined TRACON& Tower with Radar,8,12,12,1,33,0,2,29,1,32,8,14,41,2,65,32,0,32,97
03/18/2018,FAY,NC,ASO,EN,Combined TRACON& Tower with Radar,10,14,20,0,44,0,0,24,0,24,10,14,44,0,68,54,0,54,122
03/19/2018,FAY,NC,ASO,EN,Combined TRACON& Tower with Radar,10,15,23,6,54,0,0,13,0,13,10,15,36,6,67,98,0,98,165
03/20/2018,FAY,NC,ASO,EN,Combined TRACON& Tower with Radar,12,13,14,22,61,0,0,6,0,6,12,13,20,22,67,6,3,9,76
03/21/2018,FAY,NC,ASO,EN,Combined TRACON& Tower with Radar,10,11,10,6,37,0,0,3,2,5,10,11,13,8,42,0,4,4,46
03/22/2018,FAY,NC,ASO,EN,Combined TRACON& Tower with Radar,10,12,22,14,58,0,3,30,1,34,10,15,52,15,92,0,21,21,113
03/23/2018,FAY,NC,ASO,EN,Combined TRACON& Tower with Radar,12,15,17,23,67,0,2,39,1,42,12,17,56,24,109,3,0,3,112
03/24/2018,FAY,NC,ASO,EN,Combined TRACON& Tower with Radar,10,11,6,0,27,0,0,19,0,19,10,11,25,0,46,20,0,20,66
03/25/2018,FAY,NC,ASO,EN,Combined TRACON& Tower with Radar,12,14,17,0,43,0,0,6,0,6,12,14,23,0,49,10,0,10,59
03/26/2018,FAY,NC,ASO,EN,Combined TRACON& Tower with Radar,10,12,10,13,45,0,0,29,5,34,10,12,39,18,79,32,52,84,163
03/27/2018,FAY,NC,ASO,EN,Combined TRACON& Tower with Radar,10,21,27,8,66,0,0,10,3,13,10,21,37,11,79,24,26,50,129
03/28/2018,FAY,NC,ASO,EN,Combined TRACON& Tower with Radar,10,14,20,8,52,0,0,29,0,29,10,14,49,8,81,16,2,18,99
03/29/2018,FAY,NC,ASO,EN,Combined TRACON& Tower with Radar,10,14,21,15,60,0,0,22,5,27,10,14,43,20,87,22,16,38,125
03/30/2018,FAY,NC,ASO,EN,Combined TRACON& Tower with Radar,10,17,30,2,59,0,0,8,0,8,10,17,38,2,67,34,0,34,101
03/31/2018,FAY,NC,ASO,EN,Combined TRACON& Tower with Radar,8,12,23,4,47,2,2,39,0,43,10,14,62,4,90,30,0,30,120
04/01/2018,FAY,NC,ASO,EN,Combined TRACON& Tower with Radar,10,15,6,0,31,0,0,17,0,17,10,15,23,0,48,26,0,26,74
04/02/2018,FAY,NC,ASO,EN,Combined TRACON& Tower with Radar,8,16,15,9,48,0,0,19,2,21,8,16,34,11,69,60,46,106,175
04/03/2018,FAY,NC,ASO,EN,Combined TRACON& Tower with Radar,11,20,20,15,66,0,0,8,7,15,11,20,28,22,81,16,4,20,101
04/04/2018,FAY,NC,ASO,EN,Combined TRACON& Tower with Radar,12,16,14,4,46,0,0,6,0,6,12,16,20,4,52,4,0,4,56
04/05/2018,FAY,NC,ASO,EN,Combined TRACON& Tower with Radar,12,21,18,14,65,0,0,18,2,20,12,21,36,16,85,12,0,12,97
04/06/2018,FAY,NC,ASO,EN,Combined TRACON& Tower with Radar,12,17,8,3,40,0,1,16,4,21,12,18,24,7,61,21,0,21,82
04/07/2018,FAY,NC,ASO,EN,Combined TRACON& Tower with Radar,10,10,9,2,31,0,0,3,0,3,10,10,12,2,34,2,0,2,36
04/08/2018,FAY,NC,ASO,EN,Combined TRACON& Tower with Radar,12,15,10,1,38,0,0,26,0,26,12,15,36,1,64,88,0,88,152
04/09/2018,FAY,NC,ASO,EN,Combined TRACON& Tower with Radar,12,22,10,21,65,0,0,1,1,2,12,22,11,22,67,0,0,0,67
04/10/2018,FAY,NC,ASO,EN,Combined TRACON& Tower with Radar,14,16,19,18,67,0,0,24,2,26,14,16,43,20,93,36,18,54,147
04/11/2018,FAY,NC,ASO,EN,Combined TRACON& Tower with Radar,12,16,15,13,56,0,0,40,3,43,12,16,55,16,99,58,26,84,183
04/12/2018,FAY,NC,ASO,EN,Combined TRACON& Tower with Radar,12,16,26,15,69,0,0,30,2,32,12,16,56,17,101,22,12,34,135
04/13/2018,FAY,NC,ASO,EN,Combined TRACON& Tower with Radar,12,15,11,2,40,0,7,26,2,35,12,22,37,4,75,28,6,34,109
04/14/2018,FAY,NC,ASO,EN,Combined TRACON& Tower with Radar,10,15,7,0,32,0,9,28,0,37,10,24,35,0,69,34,0,34,103
04/15/2018,FAY,NC,ASO,EN,Combined TRACON& Tower with Radar,11,16,10,0,37,0,0,1,0,1,11,16,11,0,38,0,0,0,38
04/16/2018,FAY,NC,ASO,EN,Combined TRACON& Tower with Radar,13,25,32,9,79,0,0,9,1,10,13,25,41,10,89,18,3,21,110
04/17/2018,FAY,NC,ASO,EN,Combined TRACON& Tower with Radar,12,17,12,18,59,0,0,24,0,24,12,17,36,18,83,4,26,30,113
04/18/2018,FAY,NC,ASO,EN,Combined TRACON& Tower with Radar,12,18,21,4,55,0,2,28,2,32,12,20,49,6,87,14,0,14,101
04/19/2018,FAY,NC,ASO,EN,Combined TRACON& Tower with Radar,12,16,15,8,51,0,0,22,5,27,12,16,37,13,78,2,0,2,80
04/20/2018,FAY,NC,ASO,EN,Combined TRACON& Tower with Radar,14,16,16,5,51,0,1,27,1,29,14,17,43,6,80,38,10,48,128
04/21/2018,FAY,NC,ASO,EN,Combined TRACON& Tower with Radar,12,10,3,0,25,0,0,40,0,40,12,10,43,0,65,8,0,8,73
04/22/2018,FAY,NC,ASO,EN,Combined TRACON& Tower with Radar,12,18,9,0,39,0,2,13,0,15,12,20,22,0,54,46,0,46,100
04/23/2018,FAY,NC,ASO,EN,Combined TRACON& Tower with Radar,12,17,16,19,64,0,0,6,0,6,12,17,22,19,70,0,15,15,85
04/24/2018,FAY,NC,ASO,EN,Combined TRACON& Tower with Radar,12,18,19,4,53,0,0,3,0,3,12,18,22,4,56,0,0,0,56
04/25/2018,FAY,NC,ASO,EN,Combined TRACON& Tower with Radar,12,19,16,6,53,0,1,17,0,18,12,20,33,6,71,30,0,30,101
04/26/2018,FAY,NC,ASO,EN,Combined TRACON& Tower with Radar,11,19,22,19,71,0,0,36,9,45,11,19,58,28,116,18,0,18,134
04/27/2018,FAY,NC,ASO,EN,Combined TRACON& Tower with Radar,15,18,9,3,45,0,0,24,0,24,15,18,33,3,69,48,0,48,117
04/28/2018,FAY,NC,ASO,EN,Combined TRACON& Tower with Radar,10,11,8,0,29,0,2,36,0,38,10,13,44,0,67,8,0,8,75
04/29/2018,FAY,NC,ASO,EN,Combined TRACON& Tower with Radar,14,18,9,4,45,0,1,24,0,25,14,19,33,4,70,12,0,12,82
04/30/2018,FAY,NC,ASO,EN,Combined TRACON& Tower with Radar,12,16,20,6,54,0,0,38,0,38,12,16,58,6,92,40,4,44,136
05/01/2018,FAY,NC,ASO,EN,Combined TRACON& Tower with Radar,12,17,17,2,48,0,1,27,0,28,12,18,44,2,76,28,0,28,104
05/02/2018,FAY,NC,ASO,EN,Combined TRACON& Tower with Radar,11,18,13,16,58,0,0,31,1,32,11,18,44,17,90,4,32,36,126
05/03/2018,FAY,NC,ASO,EN,Combined TRACON& Tower with Radar,13,16,22,10,61,0,0,23,0,23,13,16,45,10,84,28,0,28,112
05/04/2018,FAY,NC,ASO,EN,Combined TRACON& Tower with Radar,11,19,15,8,53,0,1,18,0,19,11,20,33,8,72,6,18,24,96
05/05/2018,FAY,NC,ASO,EN,Combined TRACON& Tower with Radar,8,17,7,0,32,0,0,26,0,26,8,17,33,0,58,24,0,24,82
05/06/2018,FAY,NC,ASO,EN,Combined TRACON& Tower with Radar,11,20,12,0,43,0,0,14,0,14,11,20,26,0,57,0,0,0,57
05/07/2018,FAY,NC,ASO,EN,Combined TRACON& Tower with Radar,12,19,18,17,66,0,0,14,1,15,12,19,32,18,81,56,44,100,181
05/08/2018,FAY,NC,ASO,EN,Combined TRACON& Tower with Radar,12,18,15,8,53,0,1,26,0,27,12,19,41,8,80,24,0,24,104
05/09/2018,FAY,NC,ASO,EN,Combined TRACON& Tower with Radar,12,19,20,14,65,0,0,34,4,38,12,19,54,18,103,56,50,106,209
05/10/2018,FAY,NC,ASO,EN,Combined TRACON& Tower with Radar,11,19,14,12,56,0,0,9,1,10,11,19,23,13,66,32,30,62,128
05/11/2018,FAY,NC,ASO,EN,Combined TRACON& Tower with Radar,13,19,24,10,66,0,0,45,1,46,13,19,69,11,112,40,20,60,172
05/12/2018,FAY,NC,ASO,EN,Combined TRACON& Tower with Radar,10,12,8,0,30,0,2,30,0,32,10,14,38,0,62,38,0,38,100
05/13/2018,FAY,NC,ASO,EN,Combined TRACON& Tower with Radar,12,17,7,0,36,0,0,24,0,24,12,17,31,0,60,20,0,20,80
05/14/2018,FAY,NC,ASO,EN,Combined TRACON& Tower with Radar,13,15,12,7,47,0,1,26,2,29,13,16,38,9,76,4,2,6,82
05/15/2018,FAY,NC,ASO,EN,Combined TRACON& Tower with Radar,11,19,12,5,47,0,4,9,1,14,11,23,21,6,61,10,4,14,75
05/16/2018,FAY,NC,ASO,EN,Combined TRACON& Tower with Radar,12,18,19,9,58,0,0,3,2,5,12,18,22,11,63,8,4,12,75
05/17/2018,FAY,NC,ASO,EN,Combined TRACON& Tower with Radar,13,23,21,10,67,0,0,0,0,0,13,23,21,10,67,0,0,0,67
05/18/2018,FAY,NC,ASO,EN,Combined TRACON& Tower with Radar,12,20,14,4,50,0,0,2,0,2,12,20,16,4,52,0,0,0,52
05/19/2018,FAY,NC,ASO,EN,Combined TRACON& Tower with Radar,10,15,4,0,29,0,0,0,0,0,10,15,4,0,29,0,0,0,29
05/20/2018,FAY,NC,ASO,EN,Combined TRACON& Tower with Radar,10,20,12,0,42,0,0,6,0,6,10,20,18,0,48,36,0,36,84
05/21/2018,FAY,NC,ASO,EN,Combined TRACON& Tower with Radar,14,21,32,5,72,0,3,24,2,29,14,24,56,7,101,64,6,70,171
05/22/2018,FAY,NC,ASO,EN,Combined TRACON& Tower with Radar,11,18,18,11,58,0,0,24,0,24,11,18,42,11,82,10,16,26,108
05/23/2018,FAY,NC,ASO,EN,Combined TRACON& Tower with Radar,12,23,22,3,60,0,0,15,1,16,12,23,37,4,76,60,0,60,136
05/24/2018,FAY,NC,ASO,EN,Combined TRACON& Tower with Radar,13,19,27,18,77,0,2,9,0,11,13,21,36,18,88,27,8,35,123
05/25/2018,FAY,NC,ASO,EN,Combined TRACON& Tower with Radar,14,21,17,2,54,0,1,25,0,26,14,22,42,2,80,48,0,48,128
05/26/2018,FAY,NC,ASO,EN,Combined TRACON& Tower with Radar,10,12,6,0,28,0,0,16,0,16,10,12,22,0,44,26,0,26,70
05/27/2018,FAY,NC,ASO,EN,Combined TRACON& Tower with Radar,11,17,13,0,41,0,1,21,0,22,11,18,34,0,63,28,0,28,91
05/28/2018,FAY,NC,ASO,EN,Combined TRACON& Tower with Radar,14,16,14,0,44,0,0,1,0,1,14,16,15,0,45,22,0,22,67
05/29/2018,FAY,NC,ASO,EN,Combined TRACON& Tower with Radar,13,22,22,5,62,0,0,8,0,8,13,22,30,5,70,16,10,26,96
05/30/2018,FAY,NC,ASO,EN,Combined TRACON& Tower with Radar,12,19,31,3,65,0,1,9,0,10,12,20,40,3,75,0,0,0,75
05/31/2018,FAY,NC,ASO,EN,Combined TRACON& Tower with Radar,11,20,27,16,74,0,0,5,0,5,11,20,32,16,79,18,10,28,107
06/01/2018,FAY,NC,ASO,EN,Combined TRACON& Tower with Radar,12,19,18,16,65,0,1,33,1,35,12,20,51,17,100,10,6,16,116
06/02/2018,FAY,NC,ASO,EN,Combined TRACON& Tower with Radar,11,14,7,0,32,0,0,32,0,32,11,14,39,0,64,12,0,12,76
06/03/2018,FAY,NC,ASO,EN,Combined TRACON& Tower with Radar,12,18,13,0,43,0,0,28,0,28,12,18,41,0,71,38,0,38,109
06/04/2018,FAY,NC,ASO,EN,Combined TRACON& Tower with Radar,12,17,15,3,47,0,1,29,1,31,12,18,44,4,78,16,0,16,94
06/05/2018,FAY,NC,ASO,EN,Combined TRACON& Tower with Radar,12,18,18,1,49,0,1,21,1,23,12,19,39,2,72,46,10,56,128
06/06/2018,FAY,NC,ASO,EN,Combined TRACON& Tower with Radar,14,21,18,4,57,0,0,31,0,31,14,21,49,4,88,38,0,38,126
06/07/2018,FAY,NC,ASO,EN,Combined TRACON& Tower with Radar,10,20,17,0,47,0,1,28,0,29,10,21,45,0,76,24,0,24,100
06/08/2018,FAY,NC,ASO,EN,Combined TRACON& Tower with Radar,10,19,11,4,44,0,3,38,0,41,10,22,49,4,85,14,0,14,99
06/09/2018,FAY,NC,ASO,EN,Combined TRACON& Tower with Radar,6,16,6,0,28,0,0,37,0,37,6,16,43,0,65,32,0,32,97
06/10/2018,FAY,NC,ASO,EN,Combined TRACON& Tower with Radar,10,17,9,0,36,0,0,39,0,39,10,17,48,0,75,74,0,74,149
06/11/2018,FAY,NC,ASO,EN,Combined TRACON& Tower with Radar,9,19,15,9,52,0,1,10,3,14,9,20,25,12,66,9,14,23,89
06/12/2018,FAY,NC,ASO,EN,Combined TRACON& Tower with Radar,11,21,30,8,70,0,0,0,0,0,11,21,30,8,70,0,1,1,71
06/13/2018,FAY,NC,ASO,EN,Combined TRACON& Tower with Radar,10,22,34,8,74,0,0,37,1,38,10,22,71,9,112,60,0,60,172
06/14/2018,FAY,NC,ASO,EN,Combined TRACON& Tower with Radar,7,18,14,10,49,0,2,26,1,29,7,20,40,11,78,22,0,22,100
06/15/2018,FAY,NC,ASO,EN,Combined TRACON& Tower with Radar,5,20,19,1,45,0,0,34,1,35,5,20,53,2,80,76,0,76,156
06/16/2018,FAY,NC,ASO,EN,Combined TRACON& Tower with Radar,6,12,2,0,20,0,3,28,0,31,6,15,30,0,51,26,0,26,77
06/17/2018,FAY,NC,ASO,EN,Combined TRACON& Tower with Radar,6,16,8,0,30,0,0,13,0,13,6,16,21,0,43,12,0,12,55
06/18/2018,FAY,NC,ASO,EN,Combined TRACON& Tower with Radar,4,18,12,2,36,1,2,13,0,16,5,20,25,2,52,12,0,12,64
06/19/2018,FAY,NC,ASO,EN,Combined TRACON& Tower with Radar,3,17,17,6,43,0,3,26,0,29,3,20,43,6,72,22,0,22,94
06/20/2018,FAY,NC,ASO,EN,Combined TRACON& Tower with Radar,9,14,11,2,36,0,0,18,0,18,9,14,29,2,54,12,0,12,66
06/21/2018,FAY,NC,ASO,EN,Combined TRACON& Tower with Radar,9,22,15,10,56,0,0,25,1,26,9,22,40,11,82,50,0,50,132
06/22/2018,FAY,NC,ASO,EN,Combined TRACON& Tower with Radar,12,23,13,6,54,0,4,27,0,31,12,27,40,6,85,2,6,8,93
06/23/2018,FAY,NC,ASO,EN,Combined TRACON& Tower with Radar,7,17,14,0,38,0,0,30,0,30,7,17,44,0,68,44,0,44,112
06/24/2018,FAY,NC,ASO,EN,Combined TRACON& Tower with Radar,12,24,9,0,45,0,3,25,0,28,12,27,34,0,73,30,0,30,103
06/25/2018,FAY,NC,ASO,EN,Combined TRACON& Tower with Radar,9,18,18,2,47,0,0,14,0,14,9,18,32,2,61,20,0,20,81
06/26/2018,FAY,NC,ASO,EN,Combined TRACON& Tower with Radar,10,23,27,4,64,0,0,6,0,6,10,23,33,4,70,12,0,12,82
06/27/2018,FAY,NC,ASO,EN,Combined TRACON& Tower with Radar,10,25,31,3,69,0,1,13,2,16,10,26,44,5,85,0,3,3,88
06/28/2018,FAY,NC,ASO,EN,Combined TRACON& Tower with Radar,12,17,20,17,66,0,0,27,3,30,12,17,47,20,96,22,0,22,118
06/29/2018,FAY,NC,ASO,EN,Combined TRACON& Tower with Radar,11,21,16,3,51,0,0,24,0,24,11,21,40,3,75,22,0,22,97
06/30/2018,FAY,NC,ASO,EN,Combined TRACON& Tower with Radar,6,18,5,0,29,0,2,34,0,36,6,20,39,0,65,34,0,34,99
07/01/2018,FAY,NC,ASO,EN,Combined TRACON& Tower with Radar,8,20,6,0,34,0,0,15,0,15,8,20,21,0,49,34,0,34,83
07/02/2018,FAY,NC,ASO,EN,Combined TRACON& Tower with Radar,10,16,7,18,51,0,0,14,1,15,10,16,21,19,66,6,2,8,74
07/03/2018,FAY,NC,ASO,EN,Combined TRACON& Tower with Radar,10,12,15,4,41,0,0,14,2,16,10,12,29,6,57,8,4,12,69
07/04/2018,FAY,NC,ASO,EN,Combined TRACON& Tower with Radar,10,16,8,0,34,0,0,11,0,11,10,16,19,0,45,0,0,0,45
07/05/2018,FAY,NC,ASO,EN,Combined TRACON& Tower with Radar,10,17,14,2,43,0,0,16,0,16,10,17,30,2,59,12,0,12,71
07/06/2018,FAY,NC,ASO,EN,Combined TRACON& Tower with Radar,10,17,13,0,40,0,0,20,0,20,10,17,33,0,60,6,0,6,66
07/07/2018,FAY,NC,ASO,EN,Combined TRACON& Tower with Radar,6,16,13,0,35,0,0,0,0,0,6,16,13,0,35,0,0,0,35
07/08/2018,FAY,NC,ASO,EN,Combined TRACON& Tower with Radar,8,22,16,0,46,0,0,17,0,17,8,22,33,0,63,27,0,27,90
07/09/2018,FAY,NC,ASO,EN,Combined TRACON& Tower with Radar,10,22,22,1,55,0,1,29,1,31,10,23,51,2,86,63,4,67,153
07/10/2018,FAY,NC,ASO,EN,Combined TRACON& Tower with Radar,10,20,11,8,49,0,1,48,2,51,10,21,59,10,100,40,0,40,140
07/11/2018,FAY,NC,ASO,EN,Combined TRACON& Tower with Radar,14,15,18,7,54,0,0,54,5,59,14,15,72,12,113,22,0,22,135
07/12/2018,FAY,NC,ASO,EN,Combined TRACON& Tower with Radar,10,24,26,11,71,0,2,19,1,22,10,26,45,12,93,10,16,26,119
07/13/2018,FAY,NC,ASO,EN,Combined TRACON& Tower with Radar,10,23,27,0,60,0,0,31,0,31,10,23,58,0,91,44,0,44,135
07/14/2018,FAY,NC,ASO,EN,Combined TRACON& Tower with Radar,8,13,4,6,31,0,0,27,0,27,8,13,31,6,58,48,0,48,106
07/15/2018,FAY,NC,ASO,EN,Combined TRACON& Tower with Radar,8,23,5,0,36,0,0,27,0,27,8,23,32,0,63,73,0,73,136
07/16/2018,FAY,NC,ASO,EN,Combined TRACON& Tower with Radar,10,24,18,2,54,0,0,31,0,31,10,24,49,2,85,51,0,51,136
07/17/2018,FAY,NC,ASO,EN,Combined TRACON& Tower with Radar,10,22,13,2,47,0,0,17,0,17,10,22,30,2,64,34,2,36,100
07/18/2018,FAY,NC,ASO,EN,Combined TRACON& Tower with Radar,10,21,22,7,60,0,2,11,1,14,10,23,33,8,74,24,0,24,98
07/19/2018,FAY,NC,ASO,EN,Combined TRACON& Tower with Radar,10,20,12,1,43,0,1,58,3,62,10,21,70,4,105,63,0,63,168
07/20/2018,FAY,NC,ASO,EN,Combined TRACON& Tower with Radar,8,21,12,3,44,0,2,22,2,26,8,23,34,5,70,34,0,34,104
07/21/2018,FAY,NC,ASO,EN,Combined TRACON& Tower with Radar,7,17,13,0,37,0,3,37,0,40,7,20,50,0,77,24,0,24,101
07/22/2018,FAY,NC,ASO,EN,Combined TRACON& Tower with Radar,10,26,9,0,45,0,0,31,1,32,10,26,40,1,77,28,0,28,105
07/23/2018,FAY,NC,ASO,EN,Combined TRACON& Tower with Radar,10,20,19,6,55,0,0,11,1,12,10,20,30,7,67,38,0,38,105
07/24/2018,FAY,NC,ASO,EN,Combined TRACON& Tower with Radar,9,21,19,13,62,0,0,7,7,14,9,21,26,20,76,8,12,20,96
07/25/2018,FAY,NC,ASO,EN,Combined TRACON& Tower with Radar,12,16,14,0,42,0,0,9,2,11,12,16,23,2,53,0,4,4,57
07/26/2018,FAY,NC,ASO,EN,Combined TRACON& Tower with Radar,10,20,19,7,56,0,0,12,3,15,10,20,31,10,71,4,20,24,95
07/27/2018,FAY,NC,ASO,EN,Combined TRACON& Tower with Radar,12,21,26,9,68,0,0,24,0,24,12,21,50,9,92,18,4,22,114
07/28/2018,FAY,NC,ASO,EN,Combined TRACON& Tower with Radar,5,19,6,0,30,0,0,26,0,26,5,19,32,0,56,24,0,24,80
07/29/2018,FAY,NC,ASO,EN,Combined TRACON& Tower with Radar,18,18,22,0,58,0,0,4,0,4,18,18,26,0,62,26,0,26,88
07/30/2018,FAY,NC,ASO,EN,Combined TRACON& Tower with Radar,11,20,15,8,54,0,0,3,1,4,11,20,18,9,58,0,8,8,66
07/31/2018,FAY,NC,ASO,EN,Combined TRACON& Tower with Radar,9,24,35,11,79,0,0,6,1,7,9,24,41,12,86,20,18,38,124
08/01/2018,FAY,NC,ASO,EN,Combined TRACON& Tower with Radar,10,20,6,0,36,0,0,3,0,3,10,20,9,0,39,18,0,18,57
08/02/2018,FAY,NC,ASO,EN,Combined TRACON& Tower with Radar,12,18,9,4,43,0,0,11,0,11,12,18,20,4,54,8,0,8,62
08/03/2018,FAY,NC,ASO,EN,Combined TRACON& Tower with Radar,11,22,9,7,49,0,0,6,0,6,11,22,15,7,55,38,14,52,107
08/04/2018,FAY,NC,ASO,EN,Combined TRACON& Tower with Radar,8,14,26,1,49,0,0,29,1,30,8,14,55,2,79,54,0,54,133
08/05/2018,FAY,NC,ASO,EN,Combined TRACON& Tower with Radar,7,27,15,0,49,0,0,27,0,27,7,27,42,0,76,26,0,26,102
08/06/2018,FAY,NC,ASO,EN,Combined TRACON& Tower with Radar,11,19,10,0,40,0,5,14,0,19,11,24,24,0,59,17,0,17,76
08/07/2018,FAY,NC,ASO,EN,Combined TRACON& Tower with Radar,10,18,10,13,51,0,0,31,2,33,10,18,41,15,84,58,2,60,144
08/08/2018,FAY,NC,ASO,EN,Combined TRACON& Tower with Radar,9,18,22,6,55,0,2,17,0,19,9,20,39,6,74,58,0,58,132
08/09/2018,FAY,NC,ASO,EN,Combined TRACON& Tower with Radar,11,20,10,2,43,0,0,36,0,36,11,20,46,2,79,18,6,24,103
08/10/2018,FAY,NC,ASO,EN,Combined TRACON& Tower with Radar,10,21,12,2,45,0,0,31,0,31,10,21,43,2,76,21,14,35,111
08/11/2018,FAY,NC,ASO,EN,Combined TRACON& Tower with Radar,6,16,12,0,34,0,0,44,0,44,6,16,56,0,78,12,0,12,90
08/12/2018,FAY,NC,ASO,EN,Combined TRACON& Tower with Radar,8,21,10,0,39,0,0,20,0,20,8,21,30,0,59,20,0,20,79
08/13/2018,FAY,NC,ASO,EN,Combined TRACON& Tower with Radar,10,20,21,6,57,0,2,8,0,10,10,22,29,6,67,0,14,14,81
08/14/2018,FAY,NC,ASO,EN,Combined TRACON& Tower with Radar,10,19,22,8,59,0,0,31,2,33,10,19,53,10,92,34,10,44,136
08/15/2018,FAY,NC,ASO,EN,Combined TRACON& Tower with Radar,12,18,13,17,60,0,2,36,2,40,12,20,49,19,100,38,38,76,176
08/16/2018,FAY,NC,ASO,EN,Combined TRACON& Tower with Radar,10,18,15,11,54,0,1,31,1,33,10,19,46,12,87,22,8,30,117
08/17/2018,FAY,NC,ASO,EN,Combined TRACON& Tower with Radar,10,22,18,14,64,0,0,33,0,33,10,22,51,14,97,40,0,40,137
08/18/2018,FAY,NC,ASO,EN,Combined TRACON& Tower with Radar,5,16,16,0,37,0,0,30,0,30,5,16,46,0,67,16,0,16,83
08/19/2018,FAY,NC,ASO,EN,Combined TRACON& Tower with Radar,9,24,12,0,45,0,0,27,0,27,9,24,39,0,72,9,0,9,81
08/20/2018,FAY,NC,ASO,EN,Combined TRACON& Tower with Radar,10,22,15,9,56,0,2,11,0,13,10,24,26,9,69,6,0,6,75
08/21/2018,FAY,NC,ASO,EN,Combined TRACON& Tower with Radar,10,16,13,22,61,0,0,11,0,11,10,16,24,22,72,34,30,64,136
08/22/2018,FAY,NC,ASO,EN,Combined TRACON& Tower with Radar,10,19,19,7,55,0,2,18,3,23,10,21,37,10,78,28,0,28,106
08/23/2018,FAY,NC,ASO,EN,Combined TRACON& Tower with Radar,12,19,21,3,55,0,0,27,3,30,12,19,48,6,85,8,0,8,93
08/24/2018,FAY,NC,ASO,EN,Combined TRACON& Tower with Radar,14,18,22,10,64,0,2,27,0,29,14,20,49,10,93,14,7,21,114
08/25/2018,FAY,NC,ASO,EN,Combined TRACON& Tower with Radar,10,12,3,0,25,0,0,44,0,44,10,12,47,0,69,33,0,33,102
08/26/2018,FAY,NC,ASO,EN,Combined TRACON& Tower with Radar,14,19,10,2,45,0,1,35,1,37,14,20,45,3,82,22,0,22,104
08/27/2018,FAY,NC,ASO,EN,Combined TRACON& Tower with Radar,14,18,15,17,64,0,1,35,1,37,14,19,50,18,101,74,0,74,175
08/28/2018,FAY,NC,ASO,EN,Combined TRACON& Tower with Radar,10,16,15,5,46,0,0,42,0,42,10,16,57,5,88,18,2,20,108
08/29/2018,FAY,NC,ASO,EN,Combined TRACON& Tower with Radar,10,16,15,0,41,0,2,23,1,26,10,18,38,1,67,20,12,32,99
08/30/2018,FAY,NC,ASO,EN,Combined TRACON& Tower with Radar,12,18,16,3,49,0,2,33,2,37,12,20,49,5,86,8,6,14,100
08/31/2018,FAY,NC,ASO,EN,Combined TRACON& Tower with Radar,11,17,18,2,48,0,2,30,0,32,11,19,48,2,80,60,0,60,140
09/01/2018,FAY,NC,ASO,EN,Combined TRACON& Tower with Radar,11,17,17,0,45,0,3,36,0,39,11,20,53,0,84,52,0,52,136
09/02/2018,FAY,NC,ASO,EN,Combined TRACON& Tower with Radar,9,10,6,0,25,0,0,23,0,23,9,10,29,0,48,118,0,118,166
09/03/2018,FAY,NC,ASO,EN,Combined TRACON& Tower with Radar,13,18,7,0,38,0,0,25,0,25,13,18,32,0,63,150,0,150,213
09/04/2018,FAY,NC,ASO,EN,Combined TRACON& Tower with Radar,10,17,20,10,57,0,3,17,0,20,10,20,37,10,77,34,0,34,111
09/05/2018,FAY,NC,ASO,EN,Combined TRACON& Tower with Radar,12,14,18,9,53,0,0,22,1,23,12,14,40,10,76,12,0,12,88
09/06/2018,FAY,NC,ASO,EN,Combined TRACON& Tower with Radar,14,16,12,8,50,0,1,24,2,27,14,17,36,10,77,14,6,20,97
09/07/2018,FAY,NC,ASO,EN,Combined TRACON& Tower with Radar,14,16,16,12,58,0,0,24,1,25,14,16,40,13,83,18,18,36,119
09/08/2018,FAY,NC,ASO,EN,Combined TRACON& Tower with Radar,12,8,15,0,35,0,2,43,0,45,12,10,58,0,80,60,0,60,140
09/09/2018,FAY,NC,ASO,EN,Combined TRACON& Tower with Radar,14,14,21,0,49,0,0,22,0,22,14,14,43,0,71,39,0,39,110
09/10/2018,FAY,NC,ASO,EN,Combined TRACON& Tower with Radar,14,14,24,2,54,0,0,6,0,6,14,14,30,2,60,0,0,0,60
09/11/2018,FAY,NC,ASO,EN,Combined TRACON& Tower with Radar,12,14,23,2,51,0,0,12,0,12,12,14,35,2,63,0,0,0,63
09/12/2018,FAY,NC,ASO,EN,Combined TRACON& Tower with Radar,9,16,11,0,36,0,1,5,0,6,9,17,16,0,42,0,0,0,42
09/13/2018,FAY,NC,ASO,EN,Combined TRACON& Tower with Radar,0,0,2,0,2,0,0,0,0,0,0,0,2,0,2,0,0,0,2
09/14/2018,FAY,NC,ASO,EN,Combined TRACON& Tower with Radar,0,0,0,0,0,0,0,0,0,0,0,0,0,0,0,0,0,0,0
09/15/2018,FAY,NC,ASO,EN,Combined TRACON& Tower with Radar,0,0,0,0,0,0,0,0,0,0,0,0,0,0,0,0,0,0,0
09/16/2018,FAY,NC,ASO,EN,Combined TRACON& Tower with Radar,2,6,5,0,13,0,0,1,0,1,2,6,6,0,14,0,0,0,14
09/17/2018,FAY,NC,ASO,EN,Combined TRACON& Tower with Radar,12,14,32,0,58,0,0,24,12,36,12,14,56,12,94,0,1,1,95
09/18/2018,FAY,NC,ASO,EN,Combined TRACON& Tower with Radar,10,19,29,0,58,0,11,86,10,107,10,30,115,10,165,19,1,20,185
09/19/2018,FAY,NC,ASO,EN,Combined TRACON& Tower with Radar,12,21,26,4,63,0,5,60,10,75,12,26,86,14,138,31,0,31,169
09/20/2018,FAY,NC,ASO,EN,Combined TRACON& Tower with Radar,14,16,19,1,50,0,1,72,0,73,14,17,91,1,123,3,0,3,126
09/21/2018,FAY,NC,ASO,EN,Combined TRACON& Tower with Radar,14,19,29,2,64,0,2,37,2,41,14,21,66,4,105,20,2,22,127
09/22/2018,FAY,NC,ASO,EN,Combined TRACON& Tower with Radar,12,11,7,0,30,0,0,52,4,56,12,11,59,4,86,28,1,29,115
09/23/2018,FAY,NC,ASO,EN,Combined TRACON& Tower with Radar,14,14,28,0,56,0,2,33,0,35,14,16,61,0,91,6,0,6,97
09/24/2018,FAY,NC,ASO,EN,Combined TRACON& Tower with Radar,14,16,31,0,61,0,1,5,0,6,14,17,36,0,67,11,0,11,78
09/25/2018,FAY,NC,ASO,EN,Combined TRACON& Tower with Radar,12,14,21,10,57,0,2,14,0,16,12,16,35,10,73,17,0,17,90
09/26/2018,FAY,NC,ASO,EN,Combined TRACON& Tower with Radar,12,13,16,0,41,0,2,35,0,37,12,15,51,0,78,12,0,12,90
09/27/2018,FAY,NC,ASO,EN,Combined TRACON& Tower with Radar,12,18,23,6,59,0,0,12,0,12,12,18,35,6,71,33,0,33,104
09/28/2018,FAY,NC,ASO,EN,Combined TRACON& Tower with Radar,18,19,9,10,56,0,0,15,0,15,18,19,24,10,71,12,0,12,83
09/29/2018,FAY,NC,ASO,EN,Combined TRACON& Tower with Radar,14,14,20,0,48,0,1,38,1,40,14,15,58,1,88,27,0,27,115
09/30/2018,FAY,NC,ASO,EN,Combined TRACON& Tower with Radar,16,14,10,0,40,0,2,38,0,40,16,16,48,0,80,16,0,16,96
10/01/2018,FAY,NC,ASO,EN,Combined TRACON& Tower with Radar,14,17,23,14,68,0,2,31,7,40,14,19,54,21,108,15,32,47,155
10/02/2018,FAY,NC,ASO,EN,Combined TRACON& Tower with Radar,12,15,17,10,54,0,2,31,2,35,12,17,48,12,89,0,16,16,105
10/03/2018,FAY,NC,ASO,EN,Combined TRACON& Tower with Radar,12,20,20,16,68,0,2,25,0,27,12,22,45,16,95,10,4,14,109
10/04/2018,FAY,NC,ASO,EN,Combined TRACON& Tower with Radar,14,19,8,9,50,0,0,17,0,17,14,19,25,9,67,9,0,9,76
10/05/2018,FAY,NC,ASO,EN,Combined TRACON& Tower with Radar,14,17,15,0,46,0,2,32,2,36,14,19,47,2,82,8,22,30,112
10/06/2018,FAY,NC,ASO,EN,Combined TRACON& Tower with Radar,12,11,33,0,56,0,0,7,0,7,12,11,40,0,63,24,0,24,87
10/07/2018,FAY,NC,ASO,EN,Combined TRACON& Tower with Radar,14,15,7,2,38,0,0,19,1,20,14,15,26,3,58,15,0,15,73
10/08/2018,FAY,NC,ASO,EN,Combined TRACON& Tower with Radar,14,19,22,2,57,0,0,14,0,14,14,19,36,2,71,37,0,37,108
10/09/2018,FAY,NC,ASO,EN,Combined TRACON& Tower with Radar,12,18,19,17,66,0,0,15,0,15,12,18,34,17,81,25,6,31,112
10/10/2018,FAY,NC,ASO,EN,Combined TRACON& Tower with Radar,13,16,11,1,41,0,0,3,3,6,13,16,14,4,47,7,3,10,57
10/11/2018,FAY,NC,ASO,EN,Combined TRACON& Tower with Radar,10,15,5,0,30,0,0,0,0,0,10,15,5,0,30,0,0,0,30
10/12/2018,FAY,NC,ASO,EN,Combined TRACON& Tower with Radar,13,19,20,9,61,0,0,35,2,37,13,19,55,11,98,0,22,22,120
10/13/2018,FAY,NC,ASO,EN,Combined TRACON& Tower with Radar,12,10,10,2,34,0,0,39,0,39,12,10,49,2,73,28,0,28,101
10/14/2018,FAY,NC,ASO,EN,Combined TRACON& Tower with Radar,13,16,27,0,56,0,0,20,0,20,13,16,47,0,76,12,0,12,88
10/15/2018,FAY,NC,ASO,EN,Combined TRACON& Tower with Radar,15,17,19,3,54,0,1,22,3,26,15,18,41,6,80,26,0,26,106
10/16/2018,FAY,NC,ASO,EN,Combined TRACON& Tower with Radar,12,17,41,2,72,0,2,18,0,20,12,19,59,2,92,12,0,12,104
10/17/2018,FAY,NC,ASO,EN,Combined TRACON& Tower with Radar,12,17,18,13,60,0,1,22,1,24,12,18,40,14,84,22,4,26,110
10/18/2018,FAY,NC,ASO,EN,Combined TRACON& Tower with Radar,13,20,38,8,79,0,1,30,1,32,13,21,68,9,111,11,20,31,142
10/19/2018,FAY,NC,ASO,EN,Combined TRACON& Tower with Radar,14,19,23,2,58,0,0,28,0,28,14,19,51,2,86,34,0,34,120
10/20/2018,FAY,NC,ASO,EN,Combined TRACON& Tower with Radar,12,12,12,0,36,0,0,13,0,13,12,12,25,0,49,30,0,30,79
10/21/2018,FAY,NC,ASO,EN,Combined TRACON& Tower with Radar,14,14,10,0,38,0,5,12,0,17,14,19,22,0,55,16,0,16,71
10/22/2018,FAY,NC,ASO,EN,Combined TRACON& Tower with Radar,14,14,19,0,47,0,2,21,0,23,14,16,40,0,70,28,0,28,98
10/23/2018,FAY,NC,ASO,EN,Combined TRACON& Tower with Radar,12,17,27,6,62,0,3,15,0,18,12,20,42,6,80,0,6,6,86
10/24/2018,FAY,NC,ASO,EN,Combined TRACON& Tower with Radar,12,17,29,8,66,0,0,42,1,43,12,17,71,9,109,2,14,16,125
10/25/2018,FAY,NC,ASO,EN,Combined TRACON& Tower with Radar,14,20,20,2,56,0,0,38,1,39,14,20,58,3,95,8,2,10,105
10/26/2018,FAY,NC,ASO,EN,Combined TRACON& Tower with Radar,15,17,21,4,57,0,0,0,0,0,15,17,21,4,57,0,0,0,57
10/27/2018,FAY,NC,ASO,EN,Combined TRACON& Tower with Radar,13,14,16,0,43,0,0,0,0,0,13,14,16,0,43,0,0,0,43
10/28/2018,FAY,NC,ASO,EN,Combined TRACON& Tower with Radar,16,14,16,14,60,0,0,35,0,35,16,14,51,14,95,32,0,32,127
10/29/2018,FAY,NC,ASO,EN,Combined TRACON& Tower with Radar,14,18,14,25,71,0,0,31,2,33,14,18,45,27,104,12,28,40,144
10/30/2018,FAY,NC,ASO,EN,Combined TRACON& Tower with Radar,12,16,22,1,51,0,4,21,1,26,12,20,43,2,77,6,0,6,83
10/31/2018,FAY,NC,ASO,EN,Combined TRACON& Tower with Radar,12,12,11,7,42,0,0,36,0,36,12,12,47,7,78,10,0,10,88
11/01/2018,FAY,NC,ASO,EN,Combined TRACON& Tower with Radar,14,14,14,13,55,0,0,12,0,12,14,14,26,13,67,0,21,21,88
11/02/2018,FAY,NC,ASO,EN,Combined TRACON& Tower with Radar,14,15,13,4,46,0,0,25,0,25,14,15,38,4,71,14,0,14,85
11/03/2018,FAY,NC,ASO,EN,Combined TRACON& Tower with Radar,14,11,15,0,40,0,0,29,0,29,14,11,44,0,69,2,0,2,71
11/04/2018,FAY,NC,ASO,EN,Combined TRACON& Tower with Radar,14,14,5,0,33,0,0,29,0,29,14,14,34,0,62,84,0,84,146
11/05/2018,FAY,NC,ASO,EN,Combined TRACON& Tower with Radar,11,17,20,20,68,0,0,0,0,0,11,17,20,20,68,0,0,0,68
11/06/2018,FAY,NC,ASO,EN,Combined TRACON& Tower with Radar,10,15,22,12,59,0,0,9,3,12,10,15,31,15,71,57,34,91,162
11/07/2018,FAY,NC,ASO,EN,Combined TRACON& Tower with Radar,12,15,22,15,64,0,1,34,3,38,12,16,56,18,102,33,16,49,151
11/08/2018,FAY,NC,ASO,EN,Combined TRACON& Tower with Radar,14,19,38,0,71,0,0,24,0,24,14,19,62,0,95,22,0,22,117
11/09/2018,FAY,NC,ASO,EN,Combined TRACON& Tower with Radar,15,20,31,2,68,0,0,0,0,0,15,20,31,2,68,8,0,8,76
11/10/2018,FAY,NC,ASO,EN,Combined TRACON& Tower with Radar,13,11,7,0,31,0,1,32,1,34,13,12,39,1,65,20,1,21,86
11/11/2018,FAY,NC,ASO,EN,Combined TRACON& Tower with Radar,14,18,20,0,52,0,0,32,0,32,14,18,52,0,84,104,0,104,188
11/12/2018,FAY,NC,ASO,EN,Combined TRACON& Tower with Radar,16,23,20,0,59,0,0,0,0,0,16,23,20,0,59,16,0,16,75
11/13/2018,FAY,NC,ASO,EN,Combined TRACON& Tower with Radar,12,32,15,16,75,0,0,0,0,0,12,32,15,16,75,0,4,4,79
11/14/2018,FAY,NC,ASO,EN,Combined TRACON& Tower with Radar,10,18,25,16,69,0,0,12,6,18,10,18,37,22,87,14,44,58,145
11/15/2018,FAY,NC,ASO,EN,Combined TRACON& Tower with Radar,12,15,7,3,37,0,0,0,0,0,12,15,7,3,37,0,0,0,37
11/16/2018,FAY,NC,ASO,EN,Combined TRACON& Tower with Radar,14,19,24,12,69,0,3,39,1,43,14,22,63,13,112,44,20,64,176
11/17/2018,FAY,NC,ASO,EN,Combined TRACON& Tower with Radar,13,10,16,0,39,0,3,51,0,54,13,13,67,0,93,44,0,44,137
11/18/2018,FAY,NC,ASO,EN,Combined TRACON& Tower with Radar,14,16,20,0,50,0,2,38,1,41,14,18,58,1,91,28,0,28,119
11/19/2018,FAY,NC,ASO,EN,Combined TRACON& Tower with Radar,14,14,18,3,49,0,0,15,4,19,14,14,33,7,68,10,3,13,81
11/20/2018,FAY,NC,ASO,EN,Combined TRACON& Tower with Radar,12,17,28,16,73,0,0,31,2,33,12,17,59,18,106,20,26,46,152
11/21/2018,FAY,NC,ASO,EN,Combined TRACON& Tower with Radar,12,19,9,5,45,0,0,23,1,24,12,19,32,6,69,30,4,34,103
11/22/2018,FAY,NC,ASO,EN,Combined TRACON& Tower with Radar,6,12,2,0,20,0,0,12,0,12,6,12,14,0,32,20,0,20,52
11/23/2018,FAY,NC,ASO,EN,Combined TRACON& Tower with Radar,15,9,11,0,35,0,2,14,0,16,15,11,25,0,51,24,0,24,75
11/24/2018,FAY,NC,ASO,EN,Combined TRACON& Tower with Radar,10,25,1,0,36,0,0,0,0,0,10,25,1,0,36,0,0,0,36
11/25/2018,FAY,NC,ASO,EN,Combined TRACON& Tower with Radar,19,20,9,0,48,0,0,24,0,24,19,20,33,0,72,24,0,24,96
11/26/2018,FAY,NC,ASO,EN,Combined TRACON& Tower with Radar,17,18,19,5,59,0,0,4,1,5,17,18,23,6,64,4,0,4,68
11/27/2018,FAY,NC,ASO,EN,Combined TRACON& Tower with Radar,13,16,13,10,52,0,0,31,0,31,13,16,44,10,83,13,0,13,96
11/28/2018,FAY,NC,ASO,EN,Combined TRACON& Tower with Radar,10,12,16,3,41,0,0,21,1,22,10,12,37,4,63,6,2,8,71
11/29/2018,FAY,NC,ASO,EN,Combined TRACON& Tower with Radar,14,14,35,10,73,0,2,37,1,40,14,16,72,11,113,4,4,8,121
11/30/2018,FAY,NC,ASO,EN,Combined TRACON& Tower with Radar,14,12,20,20,66,0,0,20,1,21,14,12,40,21,87,4,10,14,101
12/01/2018,FAY,NC,ASO,EN,Combined TRACON& Tower with Radar,12,9,34,0,55,0,0,22,0,22,12,9,56,0,77,14,0,14,91
12/02/2018,FAY,NC,ASO,EN,Combined TRACON& Tower with Radar,13,16,11,2,42,0,0,8,0,8,13,16,19,2,50,12,0,12,62
12/03/2018,FAY,NC,ASO,EN,Combined TRACON& Tower with Radar,12,13,19,8,52,0,0,33,1,34,12,13,52,9,86,38,6,44,130
12/04/2018,FAY,NC,ASO,EN,Combined TRACON& Tower with Radar,12,16,15,8,51,0,1,27,0,28,12,17,42,8,79,38,0,38,117
12/05/2018,FAY,NC,ASO,EN,Combined TRACON& Tower with Radar,12,14,12,4,42,0,0,18,2,20,12,14,30,6,62,22,0,22,84
12/06/2018,FAY,NC,ASO,EN,Combined TRACON& Tower with Radar,14,14,22,8,58,0,0,38,2,40,14,14,60,10,98,15,18,33,131
12/07/2018,FAY,NC,ASO,EN,Combined TRACON& Tower with Radar,14,15,25,6,60,0,1,35,0,36,14,16,60,6,96,39,0,39,135
12/08/2018,FAY,NC,ASO,EN,Combined TRACON& Tower with Radar,10,10,12,2,34,0,0,24,1,25,10,10,36,3,59,0,30,30,89
12/09/2018,FAY,NC,ASO,EN,Combined TRACON& Tower with Radar,2,10,1,0,13,0,0,0,0,0,2,10,1,0,13,0,0,0,13
12/10/2018,FAY,NC,ASO,EN,Combined TRACON& Tower with Radar,8,14,10,0,32,0,0,0,0,0,8,14,10,0,32,0,0,0,32
12/11/2018,FAY,NC,ASO,EN,Combined TRACON& Tower with Radar,12,16,17,17,62,0,2,21,7,30,12,18,38,24,92,20,16,36,128
12/12/2018,FAY,NC,ASO,EN,Combined TRACON& Tower with Radar,13,14,15,8,50,0,0,23,1,24,13,14,38,9,74,14,0,14,88
12/13/2018,FAY,NC,ASO,EN,Combined TRACON& Tower with Radar,14,16,11,1,42,0,4,24,0,28,14,20,35,1,70,8,0,8,78
12/14/2018,FAY,NC,ASO,EN,Combined TRACON& Tower with Radar,14,22,16,0,52,0,0,2,0,2,14,22,18,0,54,2,0,2,56
12/15/2018,FAY,NC,ASO,EN,Combined TRACON& Tower with Radar,16,12,8,0,36,0,0,0,0,0,16,12,8,0,36,0,0,0,36
12/16/2018,FAY,NC,ASO,EN,Combined TRACON& Tower with Radar,14,12,12,0,38,0,1,21,0,22,14,13,33,0,60,26,0,26,86
12/17/2018,FAY,NC,ASO,EN,Combined TRACON& Tower with Radar,12,17,17,3,49,0,0,44,0,44,12,17,61,3,93,99,13,112,205
12/18/2018,FAY,NC,ASO,EN,Combined TRACON& Tower with Radar,12,14,25,7,58,0,2,32,2,36,12,16,57,9,94,54,0,54,148
12/19/2018,FAY,NC,ASO,EN,Combined TRACON& Tower with Radar,12,17,17,11,57,0,0,35,4,39,12,17,52,15,96,7,12,19,115
12/20/2018,FAY,NC,ASO,EN,Combined TRACON& Tower with Radar,12,12,22,0,46,0,0,2,0,2,12,12,24,0,48,0,0,0,48
12/21/2018,FAY,NC,ASO,EN,Combined TRACON& Tower with Radar,12,19,11,6,48,0,0,5,0,5,12,19,16,6,53,45,2,47,100
12/22/2018,FAY,NC,ASO,EN,Combined TRACON& Tower with Radar,12,14,11,0,37,0,0,26,0,26,12,14,37,0,63,0,0,0,63
12/23/2018,FAY,NC,ASO,EN,Combined TRACON& Tower with Radar,12,12,10,0,34,0,0,26,1,27,12,12,36,1,61,36,0,36,97
12/24/2018,FAY,NC,ASO,EN,Combined TRACON& Tower with Radar,10,10,8,0,28,0,0,8,0,8,10,10,16,0,36,0,0,0,36
12/25/2018,FAY,NC,ASO,EN,Combined TRACON& Tower with Radar,10,7,2,0,19,0,0,6,0,6,10,7,8,0,25,0,0,0,25
12/26/2018,FAY,NC,ASO,EN,Combined TRACON& Tower with Radar,12,12,20,3,47,0,0,24,3,27,12,12,44,6,74,18,6,24,98
12/27/2018,FAY,NC,ASO,EN,Combined TRACON& Tower with Radar,12,12,9,0,33,0,0,10,1,11,12,12,19,1,44,2,0,2,46
12/28/2018,FAY,NC,ASO,EN,Combined TRACON& Tower with Radar,12,19,5,0,36,0,0,0,0,0,12,19,5,0,36,0,0,0,36
12/29/2018,FAY,NC,ASO,EN,Combined TRACON& Tower with Radar,12,13,11,0,36,0,2,23,1,26,12,15,34,1,62,31,0,31,93
12/30/2018,FAY,NC,ASO,EN,Combined TRACON& Tower with Radar,12,14,6,0,32,0,0,0,0,0,12,14,6,0,32,0,0,0,32
12/31/2018,FAY,NC,ASO,EN,Combined TRACON& Tower with Radar,10,8,6,0,24,0,0,0,0,0,10,8,6,0,24,0,0,0,24
01/01/2019,FAY,NC,ASO,EN,Combined TRACON& Tower with Radar,11,6,12,0,29,0,0,5,0,5,11,6,17,0,34,0,0,0,34
01/02/2019,FAY,NC,ASO,EN,Combined TRACON& Tower with Radar,13,12,28,2,55,0,1,19,0,20,13,13,47,2,75,0,0,0,75
01/03/2019,FAY,NC,ASO,EN,Combined TRACON& Tower with Radar,12,12,11,0,35,0,0,0,0,0,12,12,11,0,35,0,0,0,35
01/04/2019,FAY,NC,ASO,EN,Combined TRACON& Tower with Radar,12,12,7,0,31,0,0,0,0,0,12,12,7,0,31,0,0,0,31
01/05/2019,FAY,NC,ASO,EN,Combined TRACON& Tower with Radar,11,12,8,0,31,0,0,28,0,28,11,12,36,0,59,24,0,24,83
01/06/2019,FAY,NC,ASO,EN,Combined TRACON& Tower with Radar,9,13,27,0,49,0,1,45,0,46,9,14,72,0,95,26,0,26,121
01/07/2019,FAY,NC,ASO,EN,Combined TRACON& Tower with Radar,8,18,21,11,58,0,0,16,1,17,8,18,37,12,75,26,4,30,105
01/08/2019,FAY,NC,ASO,EN,Combined TRACON& Tower with Radar,7,19,17,24,67,0,1,13,0,14,7,20,30,24,81,0,6,6,87
01/09/2019,FAY,NC,ASO,EN,Combined TRACON& Tower with Radar,9,19,14,4,46,0,0,27,0,27,9,19,41,4,73,0,0,0,73
01/10/2019,FAY,NC,ASO,EN,Combined TRACON& Tower with Radar,8,17,19,8,52,0,0,18,2,20,8,17,37,10,72,24,0,24,96
01/11/2019,FAY,NC,ASO,EN,Combined TRACON& Tower with Radar,8,19,17,12,56,0,4,34,2,40,8,23,51,14,96,24,6,30,126
01/12/2019,FAY,NC,ASO,EN,Combined TRACON& Tower with Radar,7,14,16,0,37,0,0,25,0,25,7,14,41,0,62,69,0,69,131
01/13/2019,FAY,NC,ASO,EN,Combined TRACON& Tower with Radar,9,10,4,1,24,0,0,0,0,0,9,10,4,1,24,0,0,0,24
01/14/2019,FAY,NC,ASO,EN,Combined TRACON& Tower with Radar,8,16,23,8,55,0,0,1,0,1,8,16,24,8,56,14,0,14,70
01/15/2019,FAY,NC,ASO,EN,Combined TRACON& Tower with Radar,7,16,24,12,59,0,0,17,2,19,7,16,41,14,78,39,0,39,117
01/16/2019,FAY,NC,ASO,EN,Combined TRACON& Tower with Radar,9,18,20,7,54,0,0,26,9,35,9,18,46,16,89,16,18,34,123
01/17/2019,FAY,NC,ASO,EN,Combined TRACON& Tower with Radar,8,22,20,9,59,0,0,21,2,23,8,22,41,11,82,32,16,48,130
01/18/2019,FAY,NC,ASO,EN,Combined TRACON& Tower with Radar,8,20,27,4,59,0,0,21,0,21,8,20,48,4,80,26,0,26,106
01/19/2019,FAY,NC,ASO,EN,Combined TRACON& Tower with Radar,7,15,13,1,36,0,0,5,0,5,7,15,18,1,41,31,0,31,72
01/20/2019,FAY,NC,ASO,EN,Combined TRACON& Tower with Radar,9,13,7,2,31,0,0,8,0,8,9,13,15,2,39,0,0,0,39
01/21/2019,FAY,NC,ASO,EN,Combined TRACON& Tower with Radar,6,17,14,2,39,0,2,34,1,37,6,19,48,3,76,20,0,20,96
01/22/2019,FAY,NC,ASO,EN,Combined TRACON& Tower with Radar,7,19,21,8,55,0,0,23,1,24,7,19,44,9,79,34,16,50,129
01/23/2019,FAY,NC,ASO,EN,Combined TRACON& Tower with Radar,9,18,22,8,57,0,0,10,1,11,9,18,32,9,68,0,0,0,68
01/24/2019,FAY,NC,ASO,EN,Combined TRACON& Tower with Radar,8,21,17,12,58,0,0,11,4,15,8,21,28,16,73,8,12,20,93
01/25/2019,FAY,NC,ASO,EN,Combined TRACON& Tower with Radar,10,19,18,3,50,0,1,38,1,40,10,20,56,4,90,28,0,28,118
01/26/2019,FAY,NC,ASO,EN,Combined TRACON& Tower with Radar,7,14,16,0,37,0,2,50,0,52,7,16,66,0,89,12,0,12,101
01/27/2019,FAY,NC,ASO,EN,Combined TRACON& Tower with Radar,11,12,14,0,37,0,1,29,0,30,11,13,43,0,67,24,0,24,91
01/28/2019,FAY,NC,ASO,EN,Combined TRACON& Tower with Radar,8,17,18,2,45,0,2,36,0,38,8,19,54,2,83,0,0,0,83
01/29/2019,FAY,NC,ASO,EN,Combined TRACON& Tower with Radar,7,17,19,0,43,0,0,20,0,20,7,17,39,0,63,0,0,0,63
01/30/2019,FAY,NC,ASO,EN,Combined TRACON& Tower with Radar,9,19,23,15,66,0,2,20,1,23,9,21,43,16,89,14,24,38,127
01/31/2019,FAY,NC,ASO,EN,Combined TRACON& Tower with Radar,8,21,22,6,57,0,2,24,2,28,8,23,46,8,85,33,0,33,118
02/01/2019,FAY,NC,ASO,EN,Combined TRACON& Tower with Radar,16,20,14,0,50,0,0,33,0,33,16,20,47,0,83,38,0,38,121
02/02/2019,FAY,NC,ASO,EN,Combined TRACON& Tower with Radar,7,17,18,0,42,0,0,43,0,43,7,17,61,0,85,72,0,72,157
02/03/2019,FAY,NC,ASO,EN,Combined TRACON& Tower with Radar,9,16,9,2,36,0,1,28,0,29,9,17,37,2,65,25,0,25,90
02/04/2019,FAY,NC,ASO,EN,Combined TRACON& Tower with Radar,10,19,26,8,63,0,3,39,4,46,10,22,65,12,109,8,18,26,135
02/05/2019,FAY,NC,ASO,EN,Combined TRACON& Tower with Radar,7,18,19,8,52,0,1,29,3,33,7,19,48,11,85,32,0,32,117
02/06/2019,FAY,NC,ASO,EN,Combined TRACON& Tower with Radar,9,17,25,6,57,0,1,22,3,26,9,18,47,9,83,16,14,30,113
02/07/2019,FAY,NC,ASO,EN,Combined TRACON& Tower with Radar,8,19,12,2,41,0,2,23,1,26,8,21,35,3,67,6,22,28,95
02/08/2019,FAY,NC,ASO,EN,Combined TRACON& Tower with Radar,8,18,29,4,59,0,2,37,0,39,8,20,66,4,98,6,20,26,124
02/09/2019,FAY,NC,ASO,EN,Combined TRACON& Tower with Radar,9,15,11,0,35,0,0,48,5,53,9,15,59,5,88,21,0,21,109
02/10/2019,FAY,NC,ASO,EN,Combined TRACON& Tower with Radar,9,12,21,0,42,0,1,26,1,28,9,13,47,1,70,28,0,28,98
02/11/2019,FAY,NC,ASO,EN,Combined TRACON& Tower with Radar,10,17,7,2,36,0,0,0,0,0,10,17,7,2,36,0,0,0,36
02/12/2019,FAY,NC,ASO,EN,Combined TRACON& Tower with Radar,7,14,10,4,35,0,1,0,1,2,7,15,10,5,37,0,0,0,37
02/13/2019,FAY,NC,ASO,EN,Combined TRACON& Tower with Radar,9,17,17,4,47,0,0,26,1,27,9,17,43,5,74,0,18,18,92
02/14/2019,FAY,NC,ASO,EN,Combined TRACON& Tower with Radar,5,23,16,3,47,0,2,39,1,42,5,25,55,4,89,18,8,26,115
02/15/2019,FAY,NC,ASO,EN,Combined TRACON& Tower with Radar,6,20,15,0,41,0,2,30,0,32,6,22,45,0,73,40,0,40,113
02/16/2019,FAY,NC,ASO,EN,Combined TRACON& Tower with Radar,6,21,2,0,29,0,0,0,0,0,6,21,2,0,29,0,0,0,29
02/17/2019,FAY,NC,ASO,EN,Combined TRACON& Tower with Radar,6,17,2,0,25,0,0,3,0,3,6,17,5,0,28,28,0,28,56
02/18/2019,FAY,NC,ASO,EN,Combined TRACON& Tower with Radar,6,20,18,0,44,0,0,17,0,17,6,20,35,0,61,31,0,31,92
02/19/2019,FAY,NC,ASO,EN,Combined TRACON& Tower with Radar,3,20,23,6,52,0,0,21,1,22,3,20,44,7,74,0,30,30,104
02/20/2019,FAY,NC,ASO,EN,Combined TRACON& Tower with Radar,7,17,12,0,36,0,0,0,0,0,7,17,12,0,36,0,0,0,36
02/21/2019,FAY,NC,ASO,EN,Combined TRACON& Tower with Radar,6,19,40,4,69,0,0,1,0,1,6,19,41,4,70,0,0,0,70
02/22/2019,FAY,NC,ASO,EN,Combined TRACON& Tower with Radar,8,21,31,13,73,0,0,0,0,0,8,21,31,13,73,0,0,0,73
02/23/2019,FAY,NC,ASO,EN,Combined TRACON& Tower with Radar,6,18,6,0,30,0,0,0,0,0,6,18,6,0,30,0,0,0,30
02/24/2019,FAY,NC,ASO,EN,Combined TRACON& Tower with Radar,8,15,4,0,27,0,0,2,0,2,8,15,6,0,29,2,0,2,31
02/25/2019,FAY,NC,ASO,EN,Combined TRACON& Tower with Radar,6,20,20,2,48,0,0,27,1,28,6,20,47,3,76,16,6,22,98
02/26/2019,FAY,NC,ASO,EN,Combined TRACON& Tower with Radar,6,20,18,9,53,0,1,47,1,49,6,21,65,10,102,24,14,38,140
02/27/2019,FAY,NC,ASO,EN,Combined TRACON& Tower with Radar,6,23,29,13,71,0,0,11,3,14,6,23,40,16,85,36,18,54,139
02/28/2019,FAY,NC,ASO,EN,Combined TRACON& Tower with Radar,6,21,26,8,61,0,0,23,1,24,6,21,49,9,85,22,10,32,117
03/01/2019,FAY,NC,ASO,EN,Combined TRACON& Tower with Radar,6,23,16,11,56,0,0,0,0,0,6,23,16,11,56,0,0,0,56
03/02/2019,FAY,NC,ASO,EN,Combined TRACON& Tower with Radar,6,17,30,0,53,0,0,28,0,28,6,17,58,0,81,40,0,40,121
03/03/2019,FAY,NC,ASO,EN,Combined TRACON& Tower with Radar,6,23,31,0,60,0,0,0,0,0,6,23,31,0,60,12,0,12,72
03/04/2019,FAY,NC,ASO,EN,Combined TRACON& Tower with Radar,4,20,9,18,51,0,0,12,1,13,4,20,21,19,64,34,26,60,124
03/05/2019,FAY,NC,ASO,EN,Combined TRACON& Tower with Radar,8,19,7,13,47,0,0,26,3,29,8,19,33,16,76,64,54,118,194
03/06/2019,FAY,NC,ASO,EN,Combined TRACON& Tower with Radar,6,21,8,16,51,0,0,29,0,29,6,21,37,16,80,13,46,59,139
03/07/2019,FAY,NC,ASO,EN,Combined TRACON& Tower with Radar,6,21,14,10,51,0,0,32,3,35,6,21,46,13,86,30,6,36,122
03/08/2019,FAY,NC,ASO,EN,Combined TRACON& Tower with Radar,6,17,19,5,47,0,0,29,0,29,6,17,48,5,76,4,18,22,98
03/09/2019,FAY,NC,ASO,EN,Combined TRACON& Tower with Radar,6,14,11,1,32,0,0,1,0,1,6,14,12,1,33,0,0,0,33
03/10/2019,FAY,NC,ASO,EN,Combined TRACON& Tower with Radar,6,16,29,0,51,0,0,19,0,19,6,16,48,0,70,42,0,42,112
03/11/2019,FAY,NC,ASO,EN,Combined TRACON& Tower with Radar,5,16,15,2,38,0,0,39,2,41,5,16,54,4,79,16,14,30,109
03/12/2019,FAY,NC,ASO,EN,Combined TRACON& Tower with Radar,7,16,17,1,41,0,1,31,3,35,7,17,48,4,76,8,14,22,98
03/13/2019,FAY,NC,ASO,EN,Combined TRACON& Tower with Radar,6,16,11,2,35,0,4,38,0,42,6,20,49,2,77,2,0,2,79
03/14/2019,FAY,NC,ASO,EN,Combined TRACON& Tower with Radar,6,16,13,4,39,0,0,28,2,30,6,16,41,6,69,8,18,26,95
03/15/2019,FAY,NC,ASO,EN,Combined TRACON& Tower with Radar,6,18,11,0,35,0,1,7,2,10,6,19,18,2,45,0,6,6,51
03/16/2019,FAY,NC,ASO,EN,Combined TRACON& Tower with Radar,6,16,8,0,30,0,3,28,0,31,6,19,36,0,61,74,4,78,139
03/17/2019,FAY,NC,ASO,EN,Combined TRACON& Tower with Radar,6,20,14,0,40,0,3,27,5,35,6,23,41,5,75,38,0,38,113
03/18/2019,FAY,NC,ASO,EN,Combined TRACON& Tower with Radar,6,18,17,10,51,0,1,49,0,50,6,19,66,10,101,45,0,45,146
03/19/2019,FAY,NC,ASO,EN,Combined TRACON& Tower with Radar,6,17,20,2,45,0,3,25,0,28,6,20,45,2,73,22,14,36,109
03/20/2019,FAY,NC,ASO,EN,Combined TRACON& Tower with Radar,6,17,25,12,60,0,0,2,0,2,6,17,27,12,62,0,10,10,72
03/21/2019,FAY,NC,ASO,EN,Combined TRACON& Tower with Radar,5,16,32,5,58,0,1,10,1,12,5,17,42,6,70,10,0,10,80
03/22/2019,FAY,NC,ASO,EN,Combined TRACON& Tower with Radar,11,16,25,4,56,0,0,17,2,19,11,16,42,6,75,10,20,30,105
03/23/2019,FAY,NC,ASO,EN,Combined TRACON& Tower with Radar,6,14,14,0,34,0,0,26,2,28,6,14,40,2,62,6,0,6,68
03/24/2019,FAY,NC,ASO,EN,Combined TRACON& Tower with Radar,7,18,16,0,41,0,2,33,1,36,7,20,49,1,77,52,0,52,129
03/25/2019,FAY,NC,ASO,EN,Combined TRACON& Tower with Radar,8,17,27,10,62,0,0,17,2,19,8,17,44,12,81,2,6,8,89
03/26/2019,FAY,NC,ASO,EN,Combined TRACON& Tower with Radar,7,19,25,7,58,0,0,3,2,5,7,19,28,9,63,2,12,14,77
03/27/2019,FAY,NC,ASO,EN,Combined TRACON& Tower with Radar,6,19,16,3,44,0,0,23,0,23,6,19,39,3,67,22,0,22,89
03/28/2019,FAY,NC,ASO,EN,Combined TRACON& Tower with Radar,6,17,18,10,51,0,2,36,5,43,6,19,54,15,94,35,12,47,141
03/29/2019,FAY,NC,ASO,EN,Combined TRACON& Tower with Radar,6,16,17,4,43,0,1,55,3,59,6,17,72,7,102,42,12,54,156
03/30/2019,FAY,NC,ASO,EN,Combined TRACON& Tower with Radar,7,14,19,0,40,0,3,43,0,46,7,17,62,0,86,22,0,22,108
03/31/2019,FAY,NC,ASO,EN,Combined TRACON& Tower with Radar,7,17,5,0,29,0,3,8,0,11,7,20,13,0,40,6,0,6,46
04/01/2019,FAY,NC,ASO,EN,Combined TRACON& Tower with Radar,6,16,17,8,47,0,0,18,0,18,6,16,35,8,65,44,16,60,125
04/02/2019,FAY,NC,ASO,EN,Combined TRACON& Tower with Radar,8,16,22,9,55,0,1,0,0,1,8,17,22,9,56,0,6,6,62
04/03/2019,FAY,NC,ASO,EN,Combined TRACON& Tower with Radar,8,17,36,25,86,0,2,20,4,26,8,19,56,29,112,52,28,80,192
04/04/2019,FAY,NC,ASO,EN,Combined TRACON& Tower with Radar,8,20,21,25,74,0,1,27,4,32,8,21,48,29,106,52,14,66,172
04/05/2019,FAY,NC,ASO,EN,Combined TRACON& Tower with Radar,8,18,14,4,44,0,0,0,4,4,8,18,14,8,48,0,24,24,72
04/06/2019,FAY,NC,ASO,EN,Combined TRACON& Tower with Radar,8,10,5,0,23,0,0,7,2,9,8,10,12,2,32,10,0,10,42
04/07/2019,FAY,NC,ASO,EN,Combined TRACON& Tower with Radar,4,18,16,0,38,0,1,15,0,16,4,19,31,0,54,38,0,38,92
04/08/2019,FAY,NC,ASO,EN,Combined TRACON& Tower with Radar,5,15,22,5,47,0,0,13,0,13,5,15,35,5,60,6,0,6,66
04/09/2019,FAY,NC,ASO,EN,Combined TRACON& Tower with Radar,7,13,23,13,56,0,0,2,0,2,7,13,25,13,58,8,4,12,70
04/10/2019,FAY,NC,ASO,EN,Combined TRACON& Tower with Radar,8,14,17,20,59,0,3,30,2,35,8,17,47,22,94,44,12,56,150
04/11/2019,FAY,NC,ASO,EN,Combined TRACON& Tower with Radar,8,14,16,2,40,0,1,21,0,22,8,15,37,2,62,22,0,22,84
04/12/2019,FAY,NC,ASO,EN,Combined TRACON& Tower with Radar,7,18,16,0,41,0,1,0,0,1,7,19,16,0,42,0,0,0,42
04/13/2019,FAY,NC,ASO,EN,Combined TRACON& Tower with Radar,8,12,14,0,34,0,0,6,0,6,8,12,20,0,40,20,0,20,60
04/14/2019,FAY,NC,ASO,EN,Combined TRACON& Tower with Radar,5,19,14,0,38,0,0,0,0,0,5,19,14,0,38,0,0,0,38
04/15/2019,FAY,NC,ASO,EN,Combined TRACON& Tower with Radar,8,13,16,16,53,0,0,24,5,29,8,13,40,21,82,0,50,50,132
04/16/2019,FAY,NC,ASO,EN,Combined TRACON& Tower with Radar,8,15,21,2,46,0,4,31,4,39,8,19,52,6,85,6,12,18,103
04/17/2019,FAY,NC,ASO,EN,Combined TRACON& Tower with Radar,8,19,14,6,47,0,1,38,0,39,8,20,52,6,86,58,0,58,144
04/18/2019,FAY,NC,ASO,EN,Combined TRACON& Tower with Radar,8,14,22,4,48,0,0,27,6,33,8,14,49,10,81,56,0,56,137
04/19/2019,FAY,NC,ASO,EN,Combined TRACON& Tower with Radar,8,9,4,0,21,0,0,0,0,0,8,9,4,0,21,0,0,0,21
04/20/2019,FAY,NC,ASO,EN,Combined TRACON& Tower with Radar,8,13,8,0,29,0,0,15,0,15,8,13,23,0,44,16,0,16,60
04/21/2019,FAY,NC,ASO,EN,Combined TRACON& Tower with Radar,6,12,4,0,22,0,4,9,0,13,6,16,13,0,35,62,0,62,97
04/22/2019,FAY,NC,ASO,EN,Combined TRACON& Tower with Radar,8,14,23,0,45,0,5,28,0,33,8,19,51,0,78,20,0,20,98
04/23/2019,FAY,NC,ASO,EN,Combined TRACON& Tower with Radar,8,16,19,7,50,0,2,22,2,26,8,18,41,9,76,26,44,70,146
04/24/2019,FAY,NC,ASO,EN,Combined TRACON& Tower with Radar,8,16,15,12,51,0,0,27,0,27,8,16,42,12,78,16,20,36,114
04/25/2019,FAY,NC,ASO,EN,Combined TRACON& Tower with Radar,10,14,18,1,43,0,1,24,2,27,10,15,42,3,70,10,0,10,80
04/26/2019,FAY,NC,ASO,EN,Combined TRACON& Tower with Radar,9,11,3,1,24,0,0,9,0,9,9,11,12,1,33,0,0,0,33
04/27/2019,FAY,NC,ASO,EN,Combined TRACON& Tower with Radar,7,11,14,0,32,0,0,36,0,36,7,11,50,0,68,32,0,32,100
04/28/2019,FAY,NC,ASO,EN,Combined TRACON& Tower with Radar,8,16,19,0,43,0,2,24,0,26,8,18,43,0,69,18,0,18,87
04/29/2019,FAY,NC,ASO,EN,Combined TRACON& Tower with Radar,8,17,25,10,60,0,2,20,2,24,8,19,45,12,84,14,16,30,114
04/30/2019,FAY,NC,ASO,EN,Combined TRACON& Tower with Radar,8,14,34,8,64,0,2,31,6,39,8,16,65,14,103,32,6,38,141
05/01/2019,FAY,NC,ASO,EN,Combined TRACON& Tower with Radar,8,18,26,11,63,0,0,22,6,28,8,18,48,17,91,28,22,50,141
05/02/2019,FAY,NC,ASO,EN,Combined TRACON& Tower with Radar,7,13,28,5,53,0,0,24,5,29,7,13,52,10,82,22,14,36,118
05/03/2019,FAY,NC,ASO,EN,Combined TRACON& Tower with Radar,12,12,30,6,60,0,0,6,1,7,12,12,36,7,67,18,2,20,87
05/04/2019,FAY,NC,ASO,EN,Combined TRACON& Tower with Radar,10,8,23,2,43,0,0,6,0,6,10,8,29,2,49,28,0,28,77
05/05/2019,FAY,NC,ASO,EN,Combined TRACON& Tower with Radar,10,16,10,1,37,0,0,2,0,2,10,16,12,1,39,26,0,26,65
05/06/2019,FAY,NC,ASO,EN,Combined TRACON& Tower with Radar,12,12,10,13,47,0,0,24,1,25,12,12,34,14,72,36,6,42,114
05/07/2019,FAY,NC,ASO,EN,Combined TRACON& Tower with Radar,12,15,17,10,54,0,0,26,0,26,12,15,43,10,80,8,0,8,88
05/08/2019,FAY,NC,ASO,EN,Combined TRACON& Tower with Radar,14,12,15,6,47,0,0,12,0,12,14,12,27,6,59,24,10,34,93
05/09/2019,FAY,NC,ASO,EN,Combined TRACON& Tower with Radar,11,12,24,8,55,0,0,13,0,13,11,12,37,8,68,2,10,12,80
05/10/2019,FAY,NC,ASO,EN,Combined TRACON& Tower with Radar,13,14,18,1,46,0,0,25,0,25,13,14,43,1,71,14,0,14,85
05/11/2019,FAY,NC,ASO,EN,Combined TRACON& Tower with Radar,11,8,13,2,34,0,0,22,1,23,11,8,35,3,57,46,0,46,103
05/12/2019,FAY,NC,ASO,EN,Combined TRACON& Tower with Radar,10,16,5,2,33,0,0,4,0,4,10,16,9,2,37,0,0,0,37
05/13/2019,FAY,NC,ASO,EN,Combined TRACON& Tower with Radar,11,19,12,4,46,0,2,12,0,14,11,21,24,4,60,22,0,22,82
05/14/2019,FAY,NC,ASO,EN,Combined TRACON& Tower with Radar,12,13,27,0,52,0,0,41,0,41,12,13,68,0,93,54,0,54,147
05/15/2019,FAY,NC,ASO,EN,Combined TRACON& Tower with Radar,12,14,23,4,53,0,0,59,1,60,12,14,82,5,113,68,0,68,181
05/16/2019,FAY,NC,ASO,EN,Combined TRACON& Tower with Radar,14,12,24,3,53,0,3,25,3,31,14,15,49,6,84,50,0,50,134
05/17/2019,FAY,NC,ASO,EN,Combined TRACON& Tower with Radar,12,12,17,3,44,0,0,26,0,26,12,12,43,3,70,18,0,18,88
05/18/2019,FAY,NC,ASO,EN,Combined TRACON& Tower with Radar,14,8,9,0,31,0,5,29,0,34,14,13,38,0,65,48,0,48,113
05/19/2019,FAY,NC,ASO,EN,Combined TRACON& Tower with Radar,10,14,17,0,41,0,0,22,1,23,10,14,39,1,64,20,0,20,84
05/20/2019,FAY,NC,ASO,EN,Combined TRACON& Tower with Radar,11,12,27,3,53,0,0,13,1,14,11,12,40,4,67,18,4,22,89
05/21/2019,FAY,NC,ASO,EN,Combined TRACON& Tower with Radar,13,14,12,5,44,0,0,36,1,37,13,14,48,6,81,32,8,40,121
05/22/2019,FAY,NC,ASO,EN,Combined TRACON& Tower with Radar,12,12,19,6,49,0,2,17,1,20,12,14,36,7,69,10,12,22,91
05/23/2019,FAY,NC,ASO,EN,Combined TRACON& Tower with Radar,12,13,34,2,61,0,0,31,0,31,12,13,65,2,92,2,16,18,110
05/24/2019,FAY,NC,ASO,EN,Combined TRACON& Tower with Radar,14,13,11,0,38,0,0,17,0,17,14,13,28,0,55,30,0,30,85
05/25/2019,FAY,NC,ASO,EN,Combined TRACON& Tower with Radar,12,8,7,0,27,0,0,34,0,34,12,8,41,0,61,18,0,18,79
05/26/2019,FAY,NC,ASO,EN,Combined TRACON& Tower with Radar,10,13,4,0,27,0,1,12,0,13,10,14,16,0,40,12,0,12,52
05/27/2019,FAY,NC,ASO,EN,Combined TRACON& Tower with Radar,14,14,12,0,40,0,0,21,0,21,14,14,33,0,61,24,0,24,85
05/28/2019,FAY,NC,ASO,EN,Combined TRACON& Tower with Radar,12,12,13,0,37,0,0,27,3,30,12,12,40,3,67,0,24,24,91
05/29/2019,FAY,NC,ASO,EN,Combined TRACON& Tower with Radar,12,13,17,2,44,0,2,29,1,32,12,15,46,3,76,2,4,6,82
05/30/2019,FAY,NC,ASO,EN,Combined TRACON& Tower with Radar,11,12,15,9,47,0,0,26,4,30,11,12,41,13,77,32,26,58,135
05/31/2019,FAY,NC,ASO,EN,Combined TRACON& Tower with Radar,13,14,12,0,39,0,0,11,0,11,13,14,23,0,50,36,0,36,86
06/01/2019,FAY,NC,ASO,EN,Combined TRACON& Tower with Radar,11,8,12,0,31,0,0,21,0,21,11,8,33,0,52,16,0,16,68
06/02/2019,FAY,NC,ASO,EN,Combined TRACON& Tower with Radar,11,13,7,0,31,0,0,30,0,30,11,13,37,0,61,46,0,46,107
06/03/2019,FAY,NC,ASO,EN,Combined TRACON& Tower with Radar,12,17,7,6,42,0,0,18,3,21,12,17,25,9,63,26,28,54,117
06/04/2019,FAY,NC,ASO,EN,Combined TRACON& Tower with Radar,12,12,19,2,45,0,0,16,0,16,12,12,35,2,61,56,0,56,117
06/05/2019,FAY,NC,ASO,EN,Combined TRACON& Tower with Radar,10,16,12,10,48,0,0,8,0,8,10,16,20,10,56,0,0,0,56
06/06/2019,FAY,NC,ASO,EN,Combined TRACON& Tower with Radar,12,14,12,13,51,0,0,14,1,15,12,14,26,14,66,12,0,12,78
06/07/2019,FAY,NC,ASO,EN,Combined TRACON& Tower with Radar,12,12,17,8,49,0,0,3,0,3,12,12,20,8,52,2,0,2,54
06/08/2019,FAY,NC,ASO,EN,Combined TRACON& Tower with Radar,8,12,4,0,24,0,0,7,1,8,8,12,11,1,32,0,0,0,32
06/09/2019,FAY,NC,ASO,EN,Combined TRACON& Tower with Radar,10,16,5,0,31,0,0,2,0,2,10,16,7,0,33,0,0,0,33
06/10/2019,FAY,NC,ASO,EN,Combined TRACON& Tower with Radar,10,17,10,10,47,0,0,4,0,4,10,17,14,10,51,18,12,30,81
06/11/2019,FAY,NC,ASO,EN,Combined TRACON& Tower with Radar,12,13,11,8,44,0,0,16,4,20,12,13,27,12,64,56,12,68,132
06/12/2019,FAY,NC,ASO,EN,Combined TRACON& Tower with Radar,12,12,28,13,65,0,1,8,1,10,12,13,36,14,75,22,6,28,103
06/13/2019,FAY,NC,ASO,EN,Combined TRACON& Tower with Radar,12,12,23,6,53,0,0,17,2,19,12,12,40,8,72,18,22,40,112
06/14/2019,FAY,NC,ASO,EN,Combined TRACON& Tower with Radar,12,12,21,6,51,0,0,43,0,43,12,12,64,6,94,74,4,78,172
06/15/2019,FAY,NC,ASO,EN,Combined TRACON& Tower with Radar,10,12,12,0,34,0,0,31,0,31,10,12,43,0,65,62,0,62,127
06/16/2019,FAY,NC,ASO,EN,Combined TRACON& Tower with Radar,10,14,16,0,40,0,0,28,0,28,10,14,44,0,68,76,0,76,144
06/17/2019,FAY,NC,ASO,EN,Combined TRACON& Tower with Radar,12,13,8,6,39,0,0,22,0,22,12,13,30,6,61,50,0,50,111
06/18/2019,FAY,NC,ASO,EN,Combined TRACON& Tower with Radar,12,13,21,5,51,0,0,25,3,28,12,13,46,8,79,8,4,12,91
06/19/2019,FAY,NC,ASO,EN,Combined TRACON& Tower with Radar,12,12,24,8,56,0,0,19,0,19,12,12,43,8,75,6,0,6,81
06/20/2019,FAY,NC,ASO,EN,Combined TRACON& Tower with Radar,10,16,23,6,55,0,0,13,0,13,10,16,36,6,68,8,4,12,80
06/21/2019,FAY,NC,ASO,EN,Combined TRACON& Tower with Radar,14,14,23,6,57,0,2,18,5,25,14,16,41,11,82,6,10,16,98
06/22/2019,FAY,NC,ASO,EN,Combined TRACON& Tower with Radar,5,13,13,0,31,0,0,37,0,37,5,13,50,0,68,10,0,10,78
06/23/2019,FAY,NC,ASO,EN,Combined TRACON& Tower with Radar,9,16,9,0,34,0,1,23,1,25,9,17,32,1,59,10,2,12,71
06/24/2019,FAY,NC,ASO,EN,Combined TRACON& Tower with Radar,15,12,22,5,54,0,0,29,1,30,15,12,51,6,84,18,24,42,126
06/25/2019,FAY,NC,ASO,EN,Combined TRACON& Tower with Radar,13,12,11,4,40,0,0,23,0,23,13,12,34,4,63,8,0,8,71
06/26/2019,FAY,NC,ASO,EN,Combined TRACON& Tower with Radar,12,14,24,8,58,0,0,30,2,32,12,14,54,10,90,42,14,56,146
06/27/2019,FAY,NC,ASO,EN,Combined TRACON& Tower with Radar,12,12,18,2,44,0,0,32,2,34,12,12,50,4,78,68,0,68,146
06/28/2019,FAY,NC,ASO,EN,Combined TRACON& Tower with Radar,12,13,21,12,58,0,2,30,3,35,12,15,51,15,93,28,10,38,131
06/29/2019,FAY,NC,ASO,EN,Combined TRACON& Tower with Radar,10,13,7,0,30,0,1,29,0,30,10,14,36,0,60,30,0,30,90
06/30/2019,FAY,NC,ASO,EN,Combined TRACON& Tower with Radar,10,14,5,0,29,0,0,16,0,16,10,14,21,0,45,20,0,20,65
07/01/2019,FAY,NC,ASO,EN,Combined TRACON& Tower with Radar,12,10,19,6,47,0,0,33,2,35,12,10,52,8,82,17,10,27,109
07/02/2019,FAY,NC,ASO,EN,Combined TRACON& Tower with Radar,12,10,17,5,44,0,0,26,1,27,12,10,43,6,71,26,0,26,97
07/03/2019,FAY,NC,ASO,EN,Combined TRACON& Tower with Radar,12,12,10,8,42,0,0,21,2,23,12,12,31,10,65,12,10,22,87
07/04/2019,FAY,NC,ASO,EN,Combined TRACON& Tower with Radar,10,9,6,0,25,0,0,17,0,17,10,9,23,0,42,30,0,30,72
07/05/2019,FAY,NC,ASO,EN,Combined TRACON& Tower with Radar,12,10,9,0,31,0,0,11,0,11,12,10,20,0,42,16,0,16,58
07/06/2019,FAY,NC,ASO,EN,Combined TRACON& Tower with Radar,10,13,6,0,29,0,0,15,0,15,10,13,21,0,44,24,0,24,68
07/07/2019,FAY,NC,ASO,EN,Combined TRACON& Tower with Radar,12,16,13,0,41,0,4,12,0,16,12,20,25,0,57,4,0,4,61
07/08/2019,FAY,NC,ASO,EN,Combined TRACON& Tower with Radar,10,12,12,4,38,0,0,5,0,5,10,12,17,4,43,0,0,0,43
07/09/2019,FAY,NC,ASO,EN,Combined TRACON& Tower with Radar,10,12,39,27,88,0,0,6,0,6,10,12,45,27,94,22,0,22,116
07/10/2019,FAY,NC,ASO,EN,Combined TRACON& Tower with Radar,10,13,20,4,47,0,0,26,0,26,10,13,46,4,73,26,30,56,129
07/11/2019,FAY,NC,ASO,EN,Combined TRACON& Tower with Radar,9,16,24,1,50,0,0,13,0,13,9,16,37,1,63,0,0,0,63
07/12/2019,FAY,NC,ASO,EN,Combined TRACON& Tower with Radar,10,12,25,4,51,0,0,15,0,15,10,12,40,4,66,30,38,68,134
07/13/2019,FAY,NC,ASO,EN,Combined TRACON& Tower with Radar,11,12,16,0,39,0,1,21,0,22,11,13,37,0,61,42,0,42,103
07/14/2019,FAY,NC,ASO,EN,Combined TRACON& Tower with Radar,8,15,9,0,32,0,2,27,0,29,8,17,36,0,61,34,0,34,95
07/15/2019,FAY,NC,ASO,EN,Combined TRACON& Tower with Radar,10,12,12,9,43,0,0,20,3,23,10,12,32,12,66,22,14,36,102
07/16/2019,FAY,NC,ASO,EN,Combined TRACON& Tower with Radar,10,13,26,8,57,0,2,34,0,36,10,15,60,8,93,24,12,36,129
07/17/2019,FAY,NC,ASO,EN,Combined TRACON& Tower with Radar,9,14,17,7,47,0,0,16,1,17,9,14,33,8,64,8,8,16,80
07/18/2019,FAY,NC,ASO,EN,Combined TRACON& Tower with Radar,10,16,13,11,50,0,2,22,0,24,10,18,35,11,74,40,16,56,130
07/19/2019,FAY,NC,ASO,EN,Combined TRACON& Tower with Radar,11,10,15,9,45,0,0,20,2,22,11,10,35,11,67,28,18,46,113
07/20/2019,FAY,NC,ASO,EN,Combined TRACON& Tower with Radar,10,12,4,4,30,0,0,23,0,23,10,12,27,4,53,20,0,20,73
07/21/2019,FAY,NC,ASO,EN,Combined TRACON& Tower with Radar,7,14,16,0,37,0,0,22,0,22,7,14,38,0,59,0,0,0,59
07/22/2019,FAY,NC,ASO,EN,Combined TRACON& Tower with Radar,13,14,21,6,54,0,2,22,2,26,13,16,43,8,80,39,0,39,119
07/23/2019,FAY,NC,ASO,EN,Combined TRACON& Tower with Radar,13,15,25,4,57,0,0,8,0,8,13,15,33,4,65,0,0,0,65
07/24/2019,FAY,NC,ASO,EN,Combined TRACON& Tower with Radar,11,15,21,28,75,0,0,27,0,27,11,15,48,28,102,18,42,60,162
07/25/2019,FAY,NC,ASO,EN,Combined TRACON& Tower with Radar,9,15,25,21,70,0,2,40,3,45,9,17,65,24,115,24,6,30,145
07/26/2019,FAY,NC,ASO,EN,Combined TRACON& Tower with Radar,11,15,17,11,54,0,0,30,2,32,11,15,47,13,86,30,2,32,118
07/27/2019,FAY,NC,ASO,EN,Combined TRACON& Tower with Radar,8,12,8,4,32,0,4,47,0,51,8,16,55,4,83,12,0,12,95
07/28/2019,FAY,NC,ASO,EN,Combined TRACON& Tower with Radar,8,14,9,0,31,0,2,32,0,34,8,16,41,0,65,31,0,31,96
07/29/2019,FAY,NC,ASO,EN,Combined TRACON& Tower with Radar,10,12,18,12,52,0,1,29,0,30,10,13,47,12,82,46,2,48,130
07/30/2019,FAY,NC,ASO,EN,Combined TRACON& Tower with Radar,10,12,18,7,47,0,1,38,6,45,10,13,56,13,92,0,14,14,106
07/31/2019,FAY,NC,ASO,EN,Combined TRACON& Tower with Radar,10,16,13,13,52,0,0,22,0,22,10,16,35,13,74,12,24,36,110
08/01/2019,FAY,NC,ASO,EN,Combined TRACON& Tower with Radar,8,12,19,9,48,0,0,21,2,23,8,12,40,11,71,4,20,24,95
08/02/2019,FAY,NC,ASO,EN,Combined TRACON& Tower with Radar,12,14,17,6,49,0,0,13,0,13,12,14,30,6,62,16,32,48,110
08/03/2019,FAY,NC,ASO,EN,Combined TRACON& Tower with Radar,8,12,6,0,26,0,0,22,0,22,8,12,28,0,48,18,0,18,66
08/04/2019,FAY,NC,ASO,EN,Combined TRACON& Tower with Radar,10,24,16,0,50,0,0,26,0,26,10,24,42,0,76,10,0,10,86
08/05/2019,FAY,NC,ASO,EN,Combined TRACON& Tower with Radar,12,16,15,7,50,0,0,9,2,11,12,16,24,9,61,0,0,0,61
08/06/2019,FAY,NC,ASO,EN,Combined TRACON& Tower with Radar,12,16,23,14,65,0,1,40,2,43,12,17,63,16,108,32,35,67,175
08/07/2019,FAY,NC,ASO,EN,Combined TRACON& Tower with Radar,12,13,23,5,53,0,0,20,1,21,12,13,43,6,74,0,42,42,116
08/08/2019,FAY,NC,ASO,EN,Combined TRACON& Tower with Radar,12,14,12,3,41,0,1,34,5,40,12,15,46,8,81,28,0,28,109
08/09/2019,FAY,NC,ASO,EN,Combined TRACON& Tower with Radar,12,12,17,4,45,0,0,45,0,45,12,12,62,4,90,4,10,14,104
08/10/2019,FAY,NC,ASO,EN,Combined TRACON& Tower with Radar,10,13,7,0,30,0,4,46,0,50,10,17,53,0,80,76,0,76,156
08/11/2019,FAY,NC,ASO,EN,Combined TRACON& Tower with Radar,10,16,26,0,52,0,0,31,0,31,10,16,57,0,83,39,0,39,122
08/12/2019,FAY,NC,ASO,EN,Combined TRACON& Tower with Radar,12,12,18,14,56,0,0,37,0,37,12,12,55,14,93,28,66,94,187
08/13/2019,FAY,NC,ASO,EN,Combined TRACON& Tower with Radar,12,13,12,7,44,0,0,16,1,17,12,13,28,8,61,8,32,40,101
08/14/2019,FAY,NC,ASO,EN,Combined TRACON& Tower with Radar,14,11,25,6,56,0,0,27,0,27,14,11,52,6,83,10,0,10,93
08/15/2019,FAY,NC,ASO,EN,Combined TRACON& Tower with Radar,10,14,22,8,54,0,0,6,2,8,10,14,28,10,62,0,10,10,72
08/16/2019,FAY,NC,ASO,EN,Combined TRACON& Tower with Radar,10,14,14,0,38,0,2,3,0,5,10,16,17,0,43,0,0,0,43
08/17/2019,FAY,NC,ASO,EN,Combined TRACON& Tower with Radar,10,12,5,0,27,0,0,0,0,0,10,12,5,0,27,0,0,0,27
08/18/2019,FAY,NC,ASO,EN,Combined TRACON& Tower with Radar,9,14,20,0,43,0,0,22,0,22,9,14,42,0,65,26,0,26,91
08/19/2019,FAY,NC,ASO,EN,Combined TRACON& Tower with Radar,11,10,20,3,44,0,0,10,0,10,11,10,30,3,54,24,0,24,78
08/20/2019,FAY,NC,ASO,EN,Combined TRACON& Tower with Radar,12,14,33,26,85,0,0,20,3,23,12,14,53,29,108,32,55,87,195
08/21/2019,FAY,NC,ASO,EN,Combined TRACON& Tower with Radar,12,14,24,11,61,0,0,22,0,22,12,14,46,11,83,22,6,28,111
08/22/2019,FAY,NC,ASO,EN,Combined TRACON& Tower with Radar,7,12,18,2,39,0,0,16,0,16,7,12,34,2,55,28,10,38,93
08/23/2019,FAY,NC,ASO,EN,Combined TRACON& Tower with Radar,12,14,23,6,55,0,0,15,0,15,12,14,38,6,70,22,10,32,102
08/24/2019,FAY,NC,ASO,EN,Combined TRACON& Tower with Radar,9,12,5,0,26,0,0,0,0,0,9,12,5,0,26,0,0,0,26
08/25/2019,FAY,NC,ASO,EN,Combined TRACON& Tower with Radar,12,17,13,0,42,0,0,7,0,7,12,17,20,0,49,38,0,38,87
08/26/2019,FAY,NC,ASO,EN,Combined TRACON& Tower with Radar,12,13,13,13,51,0,0,29,3,32,12,13,42,16,83,20,12,32,115
08/27/2019,FAY,NC,ASO,EN,Combined TRACON& Tower with Radar,12,14,31,14,71,0,0,19,4,23,12,14,50,18,94,84,24,108,202
08/28/2019,FAY,NC,ASO,EN,Combined TRACON& Tower with Radar,12,14,20,6,52,0,3,19,2,24,12,17,39,8,76,20,14,34,110
08/29/2019,FAY,NC,ASO,EN,Combined TRACON& Tower with Radar,12,12,18,4,46,0,0,26,0,26,12,12,44,4,72,42,18,60,132
08/30/2019,FAY,NC,ASO,EN,Combined TRACON& Tower with Radar,12,14,12,4,42,0,0,48,6,54,12,14,60,10,96,28,12,40,136
08/31/2019,FAY,NC,ASO,EN,Combined TRACON& Tower with Radar,8,12,10,0,30,0,2,21,1,24,8,14,31,1,54,68,0,68,122
09/01/2019,FAY,NC,ASO,EN,Combined TRACON& Tower with Radar,10,8,11,0,29,0,0,18,0,18,10,8,29,0,47,26,0,26,73
09/02/2019,FAY,NC,ASO,EN,Combined TRACON& Tower with Radar,11,12,4,0,27,0,0,7,0,7,11,12,11,0,34,0,0,0,34
09/03/2019,FAY,NC,ASO,EN,Combined TRACON& Tower with Radar,13,12,15,1,41,0,2,29,1,32,13,14,44,2,73,28,0,28,101
09/04/2019,FAY,NC,ASO,EN,Combined TRACON& Tower with Radar,9,14,13,8,44,0,0,1,0,1,9,14,14,8,45,0,0,0,45
09/05/2019,FAY,NC,ASO,EN,Combined TRACON& Tower with Radar,2,10,2,0,14,0,0,0,0,0,2,10,2,0,14,0,0,0,14
09/06/2019,FAY,NC,ASO,EN,Combined TRACON& Tower with Radar,9,10,5,0,24,0,0,17,0,17,9,10,22,0,41,26,0,26,67
09/07/2019,FAY,NC,ASO,EN,Combined TRACON& Tower with Radar,8,11,9,5,33,0,0,45,2,47,8,11,54,7,80,32,0,32,112
09/08/2019,FAY,NC,ASO,EN,Combined TRACON& Tower with Radar,10,12,15,5,42,0,1,26,0,27,10,13,41,5,69,8,0,8,77
09/09/2019,FAY,NC,ASO,EN,Combined TRACON& Tower with Radar,11,14,23,16,64,0,0,8,3,11,11,14,31,19,75,0,4,4,79
09/10/2019,FAY,NC,ASO,EN,Combined TRACON& Tower with Radar,8,16,25,10,59,0,0,19,4,23,8,16,44,14,82,20,8,28,110
09/11/2019,FAY,NC,ASO,EN,Combined TRACON& Tower with Radar,10,14,23,11,58,0,0,27,1,28,10,14,50,12,86,24,0,24,110
09/12/2019,FAY,NC,ASO,EN,Combined TRACON& Tower with Radar,9,14,27,22,72,0,0,32,0,32,9,14,59,22,104,26,8,34,138
09/13/2019,FAY,NC,ASO,EN,Combined TRACON& Tower with Radar,7,14,17,19,57,0,0,9,1,10,7,14,26,20,67,4,4,8,75
09/14/2019,FAY,NC,ASO,EN,Combined TRACON& Tower with Radar,7,13,3,1,24,0,1,5,0,6,7,14,8,1,30,22,0,22,52
09/15/2019,FAY,NC,ASO,EN,Combined TRACON& Tower with Radar,9,12,8,3,32,0,0,17,0,17,9,12,25,3,49,32,0,32,81
09/16/2019,FAY,NC,ASO,EN,Combined TRACON& Tower with Radar,9,14,12,14,49,0,0,11,0,11,9,14,23,14,60,6,10,16,76
09/17/2019,FAY,NC,ASO,EN,Combined TRACON& Tower with Radar,8,14,18,12,52,0,0,16,0,16,8,14,34,12,68,30,0,30,98
09/18/2019,FAY,NC,ASO,EN,Combined TRACON& Tower with Radar,9,17,18,15,59,0,3,24,1,28,9,20,42,16,87,2,0,2,89
09/19/2019,FAY,NC,ASO,EN,Combined TRACON& Tower with Radar,9,14,19,5,47,0,0,28,0,28,9,14,47,5,75,60,0,60,135
09/20/2019,FAY,NC,ASO,EN,Combined TRACON& Tower with Radar,9,14,33,6,62,0,0,39,1,40,9,14,72,7,102,24,0,24,126
09/21/2019,FAY,NC,ASO,EN,Combined TRACON& Tower with Radar,8,13,5,3,29,0,0,27,2,29,8,13,32,5,58,0,0,0,58
09/22/2019,FAY,NC,ASO,EN,Combined TRACON& Tower with Radar,9,12,9,3,33,0,0,28,0,28,9,12,37,3,61,42,0,42,103
09/23/2019,FAY,NC,ASO,EN,Combined TRACON& Tower with Radar,8,16,13,14,51,0,0,33,1,34,8,16,46,15,85,34,0,34,119
09/24/2019,FAY,NC,ASO,EN,Combined TRACON& Tower with Radar,9,16,17,13,55,0,2,21,2,25,9,18,38,15,80,38,20,58,138
09/25/2019,FAY,NC,ASO,EN,Combined TRACON& Tower with Radar,10,14,16,4,44,0,0,10,2,12,10,14,26,6,56,4,20,24,80
09/26/2019,FAY,NC,ASO,EN,Combined TRACON& Tower with Radar,10,18,26,10,64,0,0,4,4,8,10,18,30,14,72,12,10,22,94
09/27/2019,FAY,NC,ASO,EN,Combined TRACON& Tower with Radar,12,14,33,16,75,0,1,7,3,11,12,15,40,19,86,10,20,30,116
09/28/2019,FAY,NC,ASO,EN,Combined TRACON& Tower with Radar,8,12,4,4,28,0,1,32,3,36,8,13,36,7,64,6,0,6,70
09/29/2019,FAY,NC,ASO,EN,Combined TRACON& Tower with Radar,10,14,12,2,38,0,1,13,0,14,10,15,25,2,52,14,0,14,66
09/30/2019,FAY,NC,ASO,EN,Combined TRACON& Tower with Radar,10,16,22,29,77,0,0,11,4,15,10,16,33,33,92,10,12,22,114
10/01/2019,FAY,NC,ASO,EN,Combined TRACON& Tower with Radar,12,13,18,19,62,0,0,14,9,23,12,13,32,28,85,14,22,36,121
10/02/2019,FAY,NC,ASO,EN,Combined TRACON& Tower with Radar,10,13,15,10,48,0,2,19,4,25,10,15,34,14,73,6,14,20,93
10/03/2019,FAY,NC,ASO,EN,Combined TRACON& Tower with Radar,13,10,17,9,49,0,0,23,2,25,13,10,40,11,74,2,18,20,94
10/04/2019,FAY,NC,ASO,EN,Combined TRACON& Tower with Radar,10,13,17,23,63,0,1,25,0,26,10,14,42,23,89,8,14,22,111
10/05/2019,FAY,NC,ASO,EN,Combined TRACON& Tower with Radar,8,14,6,0,28,0,0,19,0,19,8,14,25,0,47,0,0,0,47
10/06/2019,FAY,NC,ASO,EN,Combined TRACON& Tower with Radar,12,9,18,0,39,0,0,41,0,41,12,9,59,0,80,10,0,10,90
10/07/2019,FAY,NC,ASO,EN,Combined TRACON& Tower with Radar,12,10,20,13,55,0,0,20,0,20,12,10,40,13,75,12,0,12,87
10/08/2019,FAY,NC,ASO,EN,Combined TRACON& Tower with Radar,11,16,31,21,79,0,0,9,3,12,11,16,40,24,91,14,42,56,147
10/09/2019,FAY,NC,ASO,EN,Combined TRACON& Tower with Radar,13,10,32,6,61,0,1,17,2,20,13,11,49,8,81,0,0,0,81
10/10/2019,FAY,NC,ASO,EN,Combined TRACON& Tower with Radar,15,12,19,5,51,0,0,13,2,15,15,12,32,7,66,0,24,24,90
10/11/2019,FAY,NC,ASO,EN,Combined TRACON& Tower with Radar,13,10,13,0,36,0,1,31,1,33,13,11,44,1,69,22,0,22,91
10/12/2019,FAY,NC,ASO,EN,Combined TRACON& Tower with Radar,8,10,12,3,33,0,3,26,2,31,8,13,38,5,64,18,0,18,82
10/13/2019,FAY,NC,ASO,EN,Combined TRACON& Tower with Radar,9,13,11,5,38,0,0,8,1,9,9,13,19,6,47,0,0,0,47
10/14/2019,FAY,NC,ASO,EN,Combined TRACON& Tower with Radar,15,12,14,0,41,0,1,21,0,22,15,13,35,0,63,14,0,14,77
10/15/2019,FAY,NC,ASO,EN,Combined TRACON& Tower with Radar,14,10,14,10,48,0,0,12,4,16,14,10,26,14,64,14,14,28,92
10/16/2019,FAY,NC,ASO,EN,Combined TRACON& Tower with Radar,13,14,9,4,40,0,0,0,0,0,13,14,9,4,40,0,0,0,40
10/17/2019,FAY,NC,ASO,EN,Combined TRACON& Tower with Radar,12,10,21,7,50,0,0,23,5,28,12,10,44,12,78,38,26,64,142
10/18/2019,FAY,NC,ASO,EN,Combined TRACON& Tower with Radar,12,10,21,8,51,0,0,27,1,28,12,10,48,9,79,44,4,48,127
10/19/2019,FAY,NC,ASO,EN,Combined TRACON& Tower with Radar,8,10,6,1,25,0,0,12,0,12,8,10,18,1,37,32,0,32,69
10/20/2019,FAY,NC,ASO,EN,Combined TRACON& Tower with Radar,13,8,12,1,34,0,0,0,0,0,13,8,12,1,34,0,0,0,34
10/21/2019,FAY,NC,ASO,EN,Combined TRACON& Tower with Radar,13,10,32,5,60,0,0,20,2,22,13,10,52,7,82,20,0,20,102
10/22/2019,FAY,NC,ASO,EN,Combined TRACON& Tower with Radar,13,10,10,7,40,0,0,2,2,4,13,10,12,9,44,4,0,4,48
10/23/2019,FAY,NC,ASO,EN,Combined TRACON& Tower with Radar,14,10,18,12,54,0,0,45,5,50,14,10,63,17,104,22,26,48,152
10/24/2019,FAY,NC,ASO,EN,Combined TRACON& Tower with Radar,14,12,22,5,53,0,0,29,1,30,14,12,51,6,83,60,0,60,143
10/25/2019,FAY,NC,ASO,EN,Combined TRACON& Tower with Radar,16,12,18,19,65,0,0,18,0,18,16,12,36,19,83,32,24,56,139
10/26/2019,FAY,NC,ASO,EN,Combined TRACON& Tower with Radar,10,11,11,0,32,0,0,12,0,12,10,11,23,0,44,0,0,0,44
10/27/2019,FAY,NC,ASO,EN,Combined TRACON& Tower with Radar,14,10,14,0,38,0,2,0,0,2,14,12,14,0,40,0,0,0,40
10/28/2019,FAY,NC,ASO,EN,Combined TRACON& Tower with Radar,13,11,30,24,78,0,0,20,3,23,13,11,50,27,101,52,18,70,171
10/29/2019,FAY,NC,ASO,EN,Combined TRACON& Tower with Radar,14,13,15,7,49,0,0,4,0,4,14,13,19,7,53,0,0,0,53
10/30/2019,FAY,NC,ASO,EN,Combined TRACON& Tower with Radar,13,10,23,8,54,0,0,0,0,0,13,10,23,8,54,0,0,0,54
10/31/2019,FAY,NC,ASO,EN,Combined TRACON& Tower with Radar,12,8,8,2,30,0,0,2,0,2,12,8,10,2,32,0,0,0,32
11/01/2019,FAY,NC,ASO,EN,Combined TRACON& Tower with Radar,13,8,18,13,52,0,0,31,0,31,13,8,49,13,83,20,10,30,113
11/02/2019,FAY,NC,ASO,EN,Combined TRACON& Tower with Radar,9,10,7,0,26,0,0,26,0,26,9,10,33,0,52,28,0,28,80
11/03/2019,FAY,NC,ASO,EN,Combined TRACON& Tower with Radar,14,8,20,0,42,0,0,22,1,23,14,8,42,1,65,8,0,8,73
11/04/2019,FAY,NC,ASO,EN,Combined TRACON& Tower with Radar,12,15,13,17,57,0,1,26,2,29,12,16,39,19,86,64,24,88,174
11/05/2019,FAY,NC,ASO,EN,Combined TRACON& Tower with Radar,11,12,22,24,69,0,2,31,4,37,11,14,53,28,106,28,14,42,148
11/06/2019,FAY,NC,ASO,EN,Combined TRACON& Tower with Radar,11,14,15,38,78,0,0,28,3,31,11,14,43,41,109,12,46,58,167
11/07/2019,FAY,NC,ASO,EN,Combined TRACON& Tower with Radar,12,12,23,9,56,0,0,25,2,27,12,12,48,11,83,10,22,32,115
11/08/2019,FAY,NC,ASO,EN,Combined TRACON& Tower with Radar,12,12,6,3,33,0,0,10,0,10,12,12,16,3,43,14,0,14,57
11/09/2019,FAY,NC,ASO,EN,Combined TRACON& Tower with Radar,10,10,6,2,28,0,0,24,0,24,10,10,30,2,52,10,0,10,62
11/10/2019,FAY,NC,ASO,EN,Combined TRACON& Tower with Radar,10,12,16,2,40,0,3,21,1,25,10,15,37,3,65,12,0,12,77
11/11/2019,FAY,NC,ASO,EN,Combined TRACON& Tower with Radar,12,12,15,0,39,0,0,31,0,31,12,12,46,0,70,32,0,32,102
11/12/2019,FAY,NC,ASO,EN,Combined TRACON& Tower with Radar,10,15,12,12,49,0,0,2,1,3,10,15,14,13,52,0,16,16,68
11/13/2019,FAY,NC,ASO,EN,Combined TRACON& Tower with Radar,10,12,26,11,59,0,0,34,3,37,10,12,60,14,96,18,16,34,130
11/14/2019,FAY,NC,ASO,EN,Combined TRACON& Tower with Radar,10,15,30,33,88,0,0,17,3,20,10,15,47,36,108,0,20,20,128
11/15/2019,FAY,NC,ASO,EN,Combined TRACON& Tower with Radar,11,12,20,2,45,0,0,0,0,0,11,12,20,2,45,0,0,0,45
11/16/2019,FAY,NC,ASO,EN,Combined TRACON& Tower with Radar,10,10,7,1,28,0,0,0,0,0,10,10,7,1,28,0,0,0,28
11/17/2019,FAY,NC,ASO,EN,Combined TRACON& Tower with Radar,12,10,15,0,37,0,0,1,0,1,12,10,16,0,38,0,0,0,38
11/18/2019,FAY,NC,ASO,EN,Combined TRACON& Tower with Radar,12,12,18,11,53,0,0,0,0,0,12,12,18,11,53,0,0,0,53
11/19/2019,FAY,NC,ASO,EN,Combined TRACON& Tower with Radar,11,16,11,27,65,0,0,3,1,4,11,16,14,28,69,2,28,30,99
11/20/2019,FAY,NC,ASO,EN,Combined TRACON& Tower with Radar,11,15,35,11,72,0,1,39,1,41,11,16,74,12,113,26,18,44,157
11/21/2019,FAY,NC,ASO,EN,Combined TRACON& Tower with Radar,12,12,21,11,56,0,0,44,5,49,12,12,65,16,105,82,18,100,205
11/22/2019,FAY,NC,ASO,EN,Combined TRACON& Tower with Radar,15,13,18,12,58,0,0,27,0,27,15,13,45,12,85,52,6,58,143
11/23/2019,FAY,NC,ASO,EN,Combined TRACON& Tower with Radar,13,12,8,0,33,0,0,5,0,5,13,12,13,0,38,0,0,0,38
11/24/2019,FAY,NC,ASO,EN,Combined TRACON& Tower with Radar,14,10,12,0,36,0,0,17,0,17,14,10,29,0,53,8,0,8,61
11/25/2019,FAY,NC,ASO,EN,Combined TRACON& Tower with Radar,12,12,30,2,56,0,0,38,1,39,12,12,68,3,95,28,8,36,131
11/26/2019,FAY,NC,ASO,EN,Combined TRACON& Tower with Radar,13,12,21,10,56,0,0,32,0,32,13,12,53,10,88,38,0,38,126
11/27/2019,FAY,NC,ASO,EN,Combined TRACON& Tower with Radar,14,14,15,7,50,0,0,9,1,10,14,14,24,8,60,12,8,20,80
11/28/2019,FAY,NC,ASO,EN,Combined TRACON& Tower with Radar,11,4,4,0,19,0,0,9,0,9,11,4,13,0,28,10,0,10,38
11/29/2019,FAY,NC,ASO,EN,Combined TRACON& Tower with Radar,10,8,8,0,26,0,0,21,0,21,10,8,29,0,47,18,0,18,65
11/30/2019,FAY,NC,ASO,EN,Combined TRACON& Tower with Radar,12,12,12,0,36,0,0,20,0,20,12,12,32,0,56,10,0,10,66
12/01/2019,FAY,NC,ASO,EN,Combined TRACON& Tower with Radar,18,13,7,0,38,0,0,4,0,4,18,13,11,0,42,0,0,0,42
12/02/2019,FAY,NC,ASO,EN,Combined TRACON& Tower with Radar,15,15,24,11,65,0,0,10,5,15,15,15,34,16,80,0,28,28,108
12/03/2019,FAY,NC,ASO,EN,Combined TRACON& Tower with Radar,13,14,16,12,55,0,2,34,1,37,13,16,50,13,92,18,34,52,144
12/04/2019,FAY,NC,ASO,EN,Combined TRACON& Tower with Radar,12,12,32,1,57,0,0,27,1,28,12,12,59,2,85,46,0,46,131
12/05/2019,FAY,NC,ASO,EN,Combined TRACON& Tower with Radar,12,16,28,1,57,0,0,32,1,33,12,16,60,2,90,34,0,34,124
12/06/2019,FAY,NC,ASO,EN,Combined TRACON& Tower with Radar,12,12,17,5,46,0,0,19,0,19,12,12,36,5,65,42,6,48,113
12/07/2019,FAY,NC,ASO,EN,Combined TRACON& Tower with Radar,10,13,13,1,37,0,0,28,0,28,10,13,41,1,65,32,0,32,97
12/08/2019,FAY,NC,ASO,EN,Combined TRACON& Tower with Radar,11,11,12,0,34,0,0,16,0,16,11,11,28,0,50,28,0,28,78
12/09/2019,FAY,NC,ASO,EN,Combined TRACON& Tower with Radar,12,12,12,4,40,0,0,4,0,4,12,12,16,4,44,0,0,0,44
12/10/2019,FAY,NC,ASO,EN,Combined TRACON& Tower with Radar,8,14,28,18,68,0,0,14,2,16,8,14,42,20,84,16,10,26,110
12/11/2019,FAY,NC,ASO,EN,Combined TRACON& Tower with Radar,13,13,18,12,56,0,0,14,4,18,13,13,32,16,74,10,20,30,104
12/12/2019,FAY,NC,ASO,EN,Combined TRACON& Tower with Radar,12,15,24,8,59,0,0,31,3,34,12,15,55,11,93,40,8,48,141
12/13/2019,FAY,NC,ASO,EN,Combined TRACON& Tower with Radar,11,15,11,2,39,0,0,0,0,0,11,15,11,2,39,0,0,0,39
12/14/2019,FAY,NC,ASO,EN,Combined TRACON& Tower with Radar,10,12,15,0,37,0,0,0,0,0,10,12,15,0,37,18,0,18,55
12/15/2019,FAY,NC,ASO,EN,Combined TRACON& Tower with Radar,11,8,13,2,34,0,1,27,0,28,11,9,40,2,62,24,0,24,86
12/16/2019,FAY,NC,ASO,EN,Combined TRACON& Tower with Radar,12,15,15,11,53,0,0,17,1,18,12,15,32,12,71,42,14,56,127
12/17/2019,FAY,NC,ASO,EN,Combined TRACON& Tower with Radar,7,15,14,4,40,0,0,0,0,0,7,15,14,4,40,0,0,0,40
12/18/2019,FAY,NC,ASO,EN,Combined TRACON& Tower with Radar,13,10,28,10,61,0,0,31,2,33,13,10,59,12,94,58,12,70,164
12/19/2019,FAY,NC,ASO,EN,Combined TRACON& Tower with Radar,14,14,21,5,54,0,0,29,1,30,14,14,50,6,84,18,0,18,102
12/20/2019,FAY,NC,ASO,EN,Combined TRACON& Tower with Radar,13,12,20,3,48,0,0,29,3,32,13,12,49,6,80,40,58,98,178
12/21/2019,FAY,NC,ASO,EN,Combined TRACON& Tower with Radar,14,9,20,0,43,0,1,22,0,23,14,10,42,0,66,18,0,18,84
12/22/2019,FAY,NC,ASO,EN,Combined TRACON& Tower with Radar,15,8,15,0,38,0,0,18,0,18,15,8,33,0,56,20,0,20,76
12/23/2019,FAY,NC,ASO,EN,Combined TRACON& Tower with Radar,14,10,2,2,28,0,0,0,0,0,14,10,2,2,28,0,0,0,28
12/24/2019,FAY,NC,ASO,EN,Combined TRACON& Tower with Radar,10,4,5,0,19,0,0,11,0,11,10,4,16,0,30,18,0,18,48
12/25/2019,FAY,NC,ASO,EN,Combined TRACON& Tower with Radar,10,4,1,0,15,0,0,9,0,9,10,4,10,0,24,0,0,0,24
12/26/2019,FAY,NC,ASO,EN,Combined TRACON& Tower with Radar,14,8,14,0,36,0,0,21,0,21,14,8,35,0,57,38,0,38,95
12/27/2019,FAY,NC,ASO,EN,Combined TRACON& Tower with Radar,14,12,18,2,46,0,0,15,0,15,14,12,33,2,61,42,0,42,103
12/28/2019,FAY,NC,ASO,EN,Combined TRACON& Tower with Radar,12,12,11,0,35,0,0,26,0,26,12,12,37,0,61,20,0,20,81
12/29/2019,FAY,NC,ASO,EN,Combined TRACON& Tower with Radar,14,8,6,0,28,0,0,3,0,3,14,8,9,0,31,4,0,4,35
12/30/2019,FAY,NC,ASO,EN,Combined TRACON& Tower with Radar,14,8,4,5,31,0,2,1,2,5,14,10,5,7,36,0,21,21,57
12/31/2019,FAY,NC,ASO,EN,Combined TRACON& Tower with Radar,10,6,6,0,22,0,0,32,1,33,10,6,38,1,55,18,0,18,73
01/01/2020,FAY,NC,ASO,EN,Combined TRACON& Tower with Radar,11,4,15,0,30,0,0,13,0,13,11,4,28,0,43,14,0,14,57
01/02/2020,FAY,NC,ASO,EN,Combined TRACON& Tower with Radar,15,10,8,0,33,0,0,18,0,18,15,10,26,0,51,0,0,0,51
01/03/2020,FAY,NC,ASO,EN,Combined TRACON& Tower with Radar,13,8,19,6,46,0,0,2,0,2,13,8,21,6,48,0,0,0,48
01/04/2020,FAY,NC,ASO,EN,Combined TRACON& Tower with Radar,14,10,10,0,34,0,0,1,0,1,14,10,11,0,35,0,0,0,35
01/05/2020,FAY,NC,ASO,EN,Combined TRACON& Tower with Radar,15,9,13,0,37,0,0,20,0,20,15,9,33,0,57,6,0,6,63
01/06/2020,FAY,NC,ASO,EN,Combined TRACON& Tower with Radar,14,11,17,5,47,0,0,27,1,28,14,11,44,6,75,22,0,22,97
01/07/2020,FAY,NC,ASO,EN,Combined TRACON& Tower with Radar,14,9,10,9,42,0,0,6,1,7,14,9,16,10,49,10,0,10,59
01/08/2020,FAY,NC,ASO,EN,Combined TRACON& Tower with Radar,16,8,19,14,57,0,0,21,4,25,16,8,40,18,82,0,20,20,102
01/09/2020,FAY,NC,ASO,EN,Combined TRACON& Tower with Radar,16,8,25,22,71,0,0,22,0,22,16,8,47,22,93,0,0,0,93
01/10/2020,FAY,NC,ASO,EN,Combined TRACON& Tower with Radar,16,8,9,23,56,0,0,13,0,13,16,8,22,23,69,4,0,4,73
01/11/2020,FAY,NC,ASO,EN,Combined TRACON& Tower with Radar,13,7,0,0,20,0,0,7,0,7,13,7,7,0,27,0,0,0,27
01/12/2020,FAY,NC,ASO,EN,Combined TRACON& Tower with Radar,16,6,6,0,28,0,0,2,1,3,16,6,8,1,31,12,0,12,43
01/13/2020,FAY,NC,ASO,EN,Combined TRACON& Tower with Radar,16,8,13,5,42,0,0,0,0,0,16,8,13,5,42,0,0,0,42
01/14/2020,FAY,NC,ASO,EN,Combined TRACON& Tower with Radar,15,7,14,31,67,0,0,8,3,11,15,7,22,34,78,16,6,22,100
01/15/2020,FAY,NC,ASO,EN,Combined TRACON& Tower with Radar,16,10,16,31,73,0,0,10,6,16,16,10,26,37,89,0,8,8,97
01/16/2020,FAY,NC,ASO,EN,Combined TRACON& Tower with Radar,16,9,25,14,64,0,0,18,4,22,16,9,43,18,86,12,0,12,98
01/17/2020,FAY,NC,ASO,EN,Combined TRACON& Tower with Radar,16,9,15,21,61,0,0,35,0,35,16,9,50,21,96,40,14,54,150
01/18/2020,FAY,NC,ASO,EN,Combined TRACON& Tower with Radar,12,5,13,0,30,0,0,19,0,19,12,5,32,0,49,10,0,10,59
01/19/2020,FAY,NC,ASO,EN,Combined TRACON& Tower with Radar,14,6,7,0,27,0,0,11,0,11,14,6,18,0,38,10,0,10,48
01/20/2020,FAY,NC,ASO,EN,Combined TRACON& Tower with Radar,13,8,18,2,41,0,0,45,0,45,13,8,63,2,86,50,0,50,136
01/21/2020,FAY,NC,ASO,EN,Combined TRACON& Tower with Radar,14,10,20,0,44,0,0,16,0,16,14,10,36,0,60,0,0,0,60
01/22/2020,FAY,NC,ASO,EN,Combined TRACON& Tower with Radar,16,8,22,11,57,0,0,17,6,23,16,8,39,17,80,24,18,42,122
01/23/2020,FAY,NC,ASO,EN,Combined TRACON& Tower with Radar,16,8,31,23,78,0,0,28,2,30,16,8,59,25,108,36,29,65,173
01/24/2020,FAY,NC,ASO,EN,Combined TRACON& Tower with Radar,18,8,28,4,58,0,0,15,0,15,18,8,43,4,73,34,0,34,107
01/25/2020,FAY,NC,ASO,EN,Combined TRACON& Tower with Radar,14,6,13,2,35,0,1,27,0,28,14,7,40,2,63,16,10,26,89
01/26/2020,FAY,NC,ASO,EN,Combined TRACON& Tower with Radar,18,6,8,6,38,0,1,26,0,27,18,7,34,6,65,30,10,40,105
01/27/2020,FAY,NC,ASO,EN,Combined TRACON& Tower with Radar,16,10,10,22,58,0,0,14,2,16,16,10,24,24,74,4,30,34,108
01/28/2020,FAY,NC,ASO,EN,Combined TRACON& Tower with Radar,14,8,16,6,44,0,1,23,2,26,14,9,39,8,70,14,0,14,84
01/29/2020,FAY,NC,ASO,EN,Combined TRACON& Tower with Radar,16,9,15,19,59,0,1,20,4,25,16,10,35,23,84,18,12,30,114
01/30/2020,FAY,NC,ASO,EN,Combined TRACON& Tower with Radar,16,9,29,12,66,0,0,26,2,28,16,9,55,14,94,22,0,22,116
01/31/2020,FAY,NC,ASO,EN,Combined TRACON& Tower with Radar,16,10,22,6,54,0,1,11,3,15,16,11,33,9,69,14,0,14,83
02/01/2020,FAY,NC,ASO,EN,Combined TRACON& Tower with Radar,14,6,6,0,26,0,0,0,0,0,14,6,6,0,26,18,0,18,44
02/02/2020,FAY,NC,ASO,EN,Combined TRACON& Tower with Radar,15,7,15,0,37,0,2,22,0,24,15,9,37,0,61,28,0,28,89
02/03/2020,FAY,NC,ASO,EN,Combined TRACON& Tower with Radar,19,9,13,0,41,0,0,19,0,19,19,9,32,0,60,24,0,24,84
02/04/2020,FAY,NC,ASO,EN,Combined TRACON& Tower with Radar,14,8,19,10,51,0,1,31,0,32,14,9,50,10,83,20,0,20,103
02/05/2020,FAY,NC,ASO,EN,Combined TRACON& Tower with Radar,16,10,17,6,49,0,0,7,0,7,16,10,24,6,56,24,2,26,82
02/06/2020,FAY,NC,ASO,EN,Combined TRACON& Tower with Radar,17,8,8,2,35,0,0,0,0,0,17,8,8,2,35,0,0,0,35
02/07/2020,FAY,NC,ASO,EN,Combined TRACON& Tower with Radar,19,12,4,0,35,0,0,1,0,1,19,12,5,0,36,0,0,0,36
02/08/2020,FAY,NC,ASO,EN,Combined TRACON& Tower with Radar,16,6,6,0,28,0,0,25,0,25,16,6,31,0,53,6,0,6,59
02/09/2020,FAY,NC,ASO,EN,Combined TRACON& Tower with Radar,16,6,9,0,31,0,1,38,0,39,16,7,47,0,70,14,0,14,84
02/10/2020,FAY,NC,ASO,EN,Combined TRACON& Tower with Radar,16,8,26,8,58,0,1,21,5,27,16,9,47,13,85,10,28,38,123
02/11/2020,FAY,NC,ASO,EN,Combined TRACON& Tower with Radar,14,8,18,10,50,0,0,0,0,0,14,8,18,10,50,2,36,38,88
02/12/2020,FAY,NC,ASO,EN,Combined TRACON& Tower with Radar,15,8,29,2,54,0,0,1,0,1,15,8,30,2,55,52,4,56,111
02/13/2020,FAY,NC,ASO,EN,Combined TRACON& Tower with Radar,11,10,13,4,38,0,0,0,0,0,11,10,13,4,38,0,0,0,38
02/14/2020,FAY,NC,ASO,EN,Combined TRACON& Tower with Radar,15,8,12,6,41,0,0,23,0,23,15,8,35,6,64,0,0,0,64
02/15/2020,FAY,NC,ASO,EN,Combined TRACON& Tower with Radar,14,5,11,2,32,11,0,44,0,55,25,5,55,2,87,0,0,0,87
02/16/2020,FAY,NC,ASO,EN,Combined TRACON& Tower with Radar,14,5,13,0,32,0,0,21,2,23,14,5,34,2,55,50,0,50,105
02/17/2020,FAY,NC,ASO,EN,Combined TRACON& Tower with Radar,14,8,23,0,45,0,0,24,0,24,14,8,47,0,69,0,0,0,69
02/18/2020,FAY,NC,ASO,EN,Combined TRACON& Tower with Radar,14,8,28,14,64,0,0,3,0,3,14,8,31,14,67,12,10,22,89
02/19/2020,FAY,NC,ASO,EN,Combined TRACON& Tower with Radar,13,8,16,14,51,0,0,0,0,0,13,8,16,14,51,0,0,0,51
02/20/2020,FAY,NC,ASO,EN,Combined TRACON& Tower with Radar,10,9,5,14,38,0,0,3,0,3,10,9,8,14,41,0,4,4,45
02/21/2020,FAY,NC,ASO,EN,Combined TRACON& Tower with Radar,14,8,11,10,43,0,0,10,2,12,14,8,21,12,55,0,6,6,61
02/22/2020,FAY,NC,ASO,EN,Combined TRACON& Tower with Radar,12,9,15,0,36,0,0,32,0,32,12,9,47,0,68,16,0,16,84
02/23/2020,FAY,NC,ASO,EN,Combined TRACON& Tower with Radar,17,6,13,0,36,0,0,20,0,20,17,6,33,0,56,28,0,28,84
02/24/2020,FAY,NC,ASO,EN,Combined TRACON& Tower with Radar,14,10,23,0,47,0,0,9,0,9,14,10,32,0,56,16,0,16,72
02/25/2020,FAY,NC,ASO,EN,Combined TRACON& Tower with Radar,14,8,29,8,59,0,0,0,0,0,14,8,29,8,59,0,0,0,59
02/26/2020,FAY,NC,ASO,EN,Combined TRACON& Tower with Radar,13,9,15,10,47,0,2,0,0,2,13,11,15,10,49,0,0,0,49
02/27/2020,FAY,NC,ASO,EN,Combined TRACON& Tower with Radar,15,9,10,14,48,0,0,8,3,11,15,9,18,17,59,0,0,0,59
02/28/2020,FAY,NC,ASO,EN,Combined TRACON& Tower with Radar,13,8,12,10,43,0,0,18,2,20,13,8,30,12,63,44,0,44,107
02/29/2020,FAY,NC,ASO,EN,Combined TRACON& Tower with Radar,15,10,11,0,36,0,0,25,1,26,15,10,36,1,62,18,0,18,80
03/01/2020,FAY,NC,ASO,EN,Combined TRACON& Tower with Radar,13,6,7,2,28,0,0,36,0,36,13,6,43,2,64,84,0,84,148
03/02/2020,FAY,NC,ASO,EN,Combined TRACON& Tower with Radar,15,9,25,11,60,0,0,23,0,23,15,9,48,11,83,20,0,20,103
03/03/2020,FAY,NC,ASO,EN,Combined TRACON& Tower with Radar,14,9,11,18,52,0,0,2,0,2,14,9,13,18,54,2,4,6,60
03/04/2020,FAY,NC,ASO,EN,Combined TRACON& Tower with Radar,14,8,12,29,63,0,0,24,2,26,14,8,36,31,89,44,14,58,147
03/05/2020,FAY,NC,ASO,EN,Combined TRACON& Tower with Radar,14,8,12,14,48,0,0,1,0,1,14,8,13,14,49,0,2,2,51
03/06/2020,FAY,NC,ASO,EN,Combined TRACON& Tower with Radar,14,9,11,1,35,0,0,2,3,5,14,9,13,4,40,0,14,14,54
03/07/2020,FAY,NC,ASO,EN,Combined TRACON& Tower with Radar,14,6,3,0,23,0,0,12,0,12,14,6,15,0,35,31,0,31,66
03/08/2020,FAY,NC,ASO,EN,Combined TRACON& Tower with Radar,14,6,11,0,31,0,1,36,0,37,14,7,47,0,68,48,0,48,116
03/09/2020,FAY,NC,ASO,EN,Combined TRACON& Tower with Radar,13,11,15,7,46,0,0,31,0,31,13,11,46,7,77,18,12,30,107
03/10/2020,FAY,NC,ASO,EN,Combined TRACON& Tower with Radar,14,8,14,4,40,0,0,8,0,8,14,8,22,4,48,4,0,4,52
03/11/2020,FAY,NC,ASO,EN,Combined TRACON& Tower with Radar,14,8,12,6,40,0,0,16,2,18,14,8,28,8,58,8,5,13,71
03/12/2020,FAY,NC,ASO,EN,Combined TRACON& Tower with Radar,14,8,7,9,38,0,0,27,2,29,14,8,34,11,67,20,0,20,87
03/13/2020,FAY,NC,ASO,EN,Combined TRACON& Tower with Radar,14,8,9,2,33,0,2,19,0,21,14,10,28,2,54,0,0,0,54
03/14/2020,FAY,NC,ASO,EN,Combined TRACON& Tower with Radar,14,7,10,1,32,0,0,40,1,41,14,7,50,2,73,20,0,20,93
03/15/2020,FAY,NC,ASO,EN,Combined TRACON& Tower with Radar,14,11,2,0,27,0,0,3,0,3,14,11,5,0,30,0,0,0,30
03/16/2020,FAY,NC,ASO,EN,Combined TRACON& Tower with Radar,14,11,12,10,47,0,0,12,0,12,14,11,24,10,59,40,0,40,99
03/17/2020,FAY,NC,ASO,EN,Combined TRACON& Tower with Radar,14,8,8,0,30,0,0,0,0,0,14,8,8,0,30,0,0,0,30
03/18/2020,FAY,NC,ASO,EN,Combined TRACON& Tower with Radar,14,8,17,14,53,0,2,12,1,15,14,10,29,15,68,6,0,6,74
03/19/2020,FAY,NC,ASO,EN,Combined TRACON& Tower with Radar,14,8,11,12,45,0,0,14,1,15,14,8,25,13,60,0,0,0,60
03/20/2020,FAY,NC,ASO,EN,Combined TRACON& Tower with Radar,14,6,4,7,31,0,0,15,0,15,14,6,19,7,46,0,4,4,50
03/21/2020,FAY,NC,ASO,EN,Combined TRACON& Tower with Radar,12,7,9,0,28,0,1,9,0,10,12,8,18,0,38,6,0,6,44
03/22/2020,FAY,NC,ASO,EN,Combined TRACON& Tower with Radar,14,8,9,11,42,0,1,10,0,11,14,9,19,11,53,32,0,32,85
03/23/2020,FAY,NC,ASO,EN,Combined TRACON& Tower with Radar,12,6,11,4,33,0,0,0,0,0,12,6,11,4,33,0,0,0,33
03/24/2020,FAY,NC,ASO,EN,Combined TRACON& Tower with Radar,5,8,1,9,23,0,0,0,0,0,5,8,1,9,23,0,12,12,35
03/25/2020,FAY,NC,ASO,EN,Combined TRACON& Tower with Radar,5,4,15,3,27,0,0,4,0,4,5,4,19,3,31,14,0,14,45
03/26/2020,FAY,NC,ASO,EN,Combined TRACON& Tower with Radar,5,4,19,2,30,0,0,24,0,24,5,4,43,2,54,30,0,30,84
03/27/2020,FAY,NC,ASO,EN,Combined TRACON& Tower with Radar,9,7,8,0,24,0,0,26,0,26,9,7,34,0,50,80,0,80,130
03/28/2020,FAY,NC,ASO,EN,Combined TRACON& Tower with Radar,5,7,1,0,13,0,0,16,0,16,5,7,17,0,29,8,0,8,37
03/29/2020,FAY,NC,ASO,EN,Combined TRACON& Tower with Radar,9,10,2,0,21,0,0,10,0,10,9,10,12,0,31,18,0,18,49
03/30/2020,FAY,NC,ASO,EN,Combined TRACON& Tower with Radar,6,4,13,0,23,0,0,22,0,22,6,4,35,0,45,14,0,14,59
03/31/2020,FAY,NC,ASO,EN,Combined TRACON& Tower with Radar,5,3,8,5,21,0,0,8,1,9,5,3,16,6,30,8,18,26,56
04/01/2020,FAY,NC,ASO,EN,Combined TRACON& Tower with Radar,4,5,5,3,17,0,0,5,0,5,4,5,10,3,22,16,0,16,38
04/02/2020,FAY,NC,ASO,EN,Combined TRACON& Tower with Radar,4,3,2,1,10,0,0,2,1,3,4,3,4,2,13,0,0,0,13
04/03/2020,FAY,NC,ASO,EN,Combined TRACON& Tower with Radar,8,4,4,0,16,0,0,15,0,15,8,4,19,0,31,6,0,6,37
04/04/2020,FAY,NC,ASO,EN,Combined TRACON& Tower with Radar,3,4,3,0,10,0,0,28,0,28,3,4,31,0,38,20,0,20,58
04/05/2020,FAY,NC,ASO,EN,Combined TRACON& Tower with Radar,3,4,8,0,15,0,0,32,0,32,3,4,40,0,47,43,0,43,90
04/06/2020,FAY,NC,ASO,EN,Combined TRACON& Tower with Radar,4,7,4,3,18,0,0,11,3,14,4,7,15,6,32,2,2,4,36
04/07/2020,FAY,NC,ASO,EN,Combined TRACON& Tower with Radar,4,5,6,0,15,0,0,18,0,18,4,5,24,0,33,14,0,14,47
04/08/2020,FAY,NC,ASO,EN,Combined TRACON& Tower with Radar,4,4,7,1,16,0,0,12,1,13,4,4,19,2,29,0,0,0,29
04/09/2020,FAY,NC,ASO,EN,Combined TRACON& Tower with Radar,4,4,16,2,26,0,0,9,0,9,4,4,25,2,35,24,10,34,69
04/10/2020,FAY,NC,ASO,EN,Combined TRACON& Tower with Radar,6,4,5,0,15,0,0,6,0,6,6,4,11,0,21,0,0,0,21
04/11/2020,FAY,NC,ASO,EN,Combined TRACON& Tower with Radar,4,4,3,0,11,0,0,17,0,17,4,4,20,0,28,0,0,0,28
04/12/2020,FAY,NC,ASO,EN,Combined TRACON& Tower with Radar,3,6,0,0,9,0,0,4,0,4,3,6,4,0,13,0,0,0,13
04/13/2020,FAY,NC,ASO,EN,Combined TRACON& Tower with Radar,3,8,0,1,12,0,0,0,1,1,3,8,0,2,13,0,0,0,13
04/14/2020,FAY,NC,ASO,EN,Combined TRACON& Tower with Radar,6,4,29,2,41,0,0,25,0,25,6,4,54,2,66,28,0,28,94
04/15/2020,FAY,NC,ASO,EN,Combined TRACON& Tower with Radar,4,4,8,2,18,0,0,6,0,6,4,4,14,2,24,0,0,0,24
04/16/2020,FAY,NC,ASO,EN,Combined TRACON& Tower with Radar,4,4,10,3,21,0,0,8,1,9,4,4,18,4,30,30,0,30,60
04/17/2020,FAY,NC,ASO,EN,Combined TRACON& Tower with Radar,4,6,6,2,18,0,0,17,0,17,4,6,23,2,35,0,0,0,35
04/18/2020,FAY,NC,ASO,EN,Combined TRACON& Tower with Radar,2,5,0,0,7,0,0,6,0,6,2,5,6,0,13,0,0,0,13
04/19/2020,FAY,NC,ASO,EN,Combined TRACON& Tower with Radar,4,6,11,0,21,0,0,10,0,10,4,6,21,0,31,21,0,21,52
04/20/2020,FAY,NC,ASO,EN,Combined TRACON& Tower with Radar,4,4,5,2,15,0,0,4,0,4,4,4,9,2,19,0,0,0,19
04/21/2020,FAY,NC,ASO,EN,Combined TRACON& Tower with Radar,4,4,18,7,33,0,0,16,2,18,4,4,34,9,51,50,6,56,107
04/22/2020,FAY,NC,ASO,EN,Combined TRACON& Tower with Radar,4,4,13,10,31,0,0,25,2,27,4,4,38,12,58,0,0,0,58
04/23/2020,FAY,NC,ASO,EN,Combined TRACON& Tower with Radar,4,4,3,6,17,0,0,3,0,3,4,4,6,6,20,18,4,22,42
04/24/2020,FAY,NC,ASO,EN,Combined TRACON& Tower with Radar,4,4,2,2,12,0,0,8,0,8,4,4,10,2,20,0,0,0,20
04/25/2020,FAY,NC,ASO,EN,Combined TRACON& Tower with Radar,3,4,13,9,29,0,0,1,0,1,3,4,14,9,30,0,54,54,84
04/26/2020,FAY,NC,ASO,EN,Combined TRACON& Tower with Radar,5,2,5,0,12,0,0,15,0,15,5,2,20,0,27,22,0,22,49
04/27/2020,FAY,NC,ASO,EN,Combined TRACON& Tower with Radar,4,2,15,4,25,0,0,18,0,18,4,2,33,4,43,8,0,8,51
04/28/2020,FAY,NC,ASO,EN,Combined TRACON& Tower with Radar,4,4,23,8,39,0,0,23,2,25,4,4,46,10,64,36,4,40,104
04/29/2020,FAY,NC,ASO,EN,Combined TRACON& Tower with Radar,4,3,11,1,19,0,0,9,1,10,4,3,20,2,29,6,0,6,35
04/30/2020,FAY,NC,ASO,EN,Combined TRACON& Tower with Radar,4,4,16,3,27,0,0,7,1,8,4,4,23,4,35,0,0,0,35
05/01/2020,FAY,NC,ASO,EN,Combined TRACON& Tower with Radar,4,4,10,1,19,0,0,20,1,21,4,4,30,2,40,14,0,14,54
05/02/2020,FAY,NC,ASO,EN,Combined TRACON& Tower with Radar,4,4,13,0,21,0,0,31,0,31,4,4,44,0,52,20,0,20,72
05/03/2020,FAY,NC,ASO,EN,Combined TRACON& Tower with Radar,5,4,14,0,23,0,0,24,0,24,5,4,38,0,47,24,0,24,71
05/04/2020,FAY,NC,ASO,EN,Combined TRACON& Tower with Radar,4,4,10,5,23,0,0,32,5,37,4,4,42,10,60,28,0,28,88
05/05/2020,FAY,NC,ASO,EN,Combined TRACON& Tower with Radar,4,4,13,8,29,0,0,11,0,11,4,4,24,8,40,16,0,16,56
05/06/2020,FAY,NC,ASO,EN,Combined TRACON& Tower with Radar,4,7,3,15,29,0,0,11,0,11,4,7,14,15,40,4,14,18,58
05/07/2020,FAY,NC,ASO,EN,Combined TRACON& Tower with Radar,3,4,23,14,44,0,0,28,2,30,3,4,51,16,74,38,14,52,126
05/08/2020,FAY,NC,ASO,EN,Combined TRACON& Tower with Radar,4,4,8,12,28,0,0,6,0,6,4,4,14,12,34,10,0,10,44
05/09/2020,FAY,NC,ASO,EN,Combined TRACON& Tower with Radar,6,4,7,0,17,0,0,20,0,20,6,4,27,0,37,20,0,20,57
05/10/2020,FAY,NC,ASO,EN,Combined TRACON& Tower with Radar,4,4,15,0,23,0,2,24,0,26,4,6,39,0,49,14,0,14,63
05/11/2020,FAY,NC,ASO,EN,Combined TRACON& Tower with Radar,4,4,6,15,29,0,0,13,0,13,4,4,19,15,42,32,6,38,80
05/12/2020,FAY,NC,ASO,EN,Combined TRACON& Tower with Radar,4,6,20,12,42,0,0,20,2,22,4,6,40,14,64,36,0,36,100
05/13/2020,FAY,NC,ASO,EN,Combined TRACON& Tower with Radar,4,4,19,8,35,0,0,19,5,24,4,4,38,13,59,10,4,14,73
05/14/2020,FAY,NC,ASO,EN,Combined TRACON& Tower with Radar,5,3,15,15,38,0,0,22,0,22,5,3,37,15,60,74,0,74,134
05/15/2020,FAY,NC,ASO,EN,Combined TRACON& Tower with Radar,7,1,12,9,29,0,0,34,0,34,7,1,46,9,63,10,0,10,73
05/16/2020,FAY,NC,ASO,EN,Combined TRACON& Tower with Radar,6,4,20,4,34,0,0,38,0,38,6,4,58,4,72,54,0,54,126
05/17/2020,FAY,NC,ASO,EN,Combined TRACON& Tower with Radar,4,4,23,1,32,0,0,14,0,14,4,4,37,1,46,42,0,42,88
05/18/2020,FAY,NC,ASO,EN,Combined TRACON& Tower with Radar,4,2,29,2,37,0,0,7,0,7,4,2,36,2,44,12,0,12,56
05/19/2020,FAY,NC,ASO,EN,Combined TRACON& Tower with Radar,4,4,8,6,22,0,0,0,0,0,4,4,8,6,22,0,0,0,22
05/20/2020,FAY,NC,ASO,EN,Combined TRACON& Tower with Radar,4,4,18,0,26,0,0,0,0,0,4,4,18,0,26,0,0,0,26
05/21/2020,FAY,NC,ASO,EN,Combined TRACON& Tower with Radar,4,4,15,9,32,0,0,0,0,0,4,4,15,9,32,0,0,0,32
05/22/2020,FAY,NC,ASO,EN,Combined TRACON& Tower with Radar,4,6,18,12,40,0,0,20,0,20,4,6,38,12,60,16,0,16,76
05/23/2020,FAY,NC,ASO,EN,Combined TRACON& Tower with Radar,4,5,6,0,15,0,0,10,0,10,4,5,16,0,25,0,0,0,25
05/24/2020,FAY,NC,ASO,EN,Combined TRACON& Tower with Radar,4,4,6,0,14,0,0,11,0,11,4,4,17,0,25,26,0,26,51
05/25/2020,FAY,NC,ASO,EN,Combined TRACON& Tower with Radar,4,4,17,0,25,0,0,19,0,19,4,4,36,0,44,2,0,2,46
05/26/2020,FAY,NC,ASO,EN,Combined TRACON& Tower with Radar,4,4,24,7,39,0,0,9,1,10,4,4,33,8,49,40,2,42,91
05/27/2020,FAY,NC,ASO,EN,Combined TRACON& Tower with Radar,4,4,9,4,21,0,0,0,0,0,4,4,9,4,21,0,0,0,21
05/28/2020,FAY,NC,ASO,EN,Combined TRACON& Tower with Radar,4,6,19,11,40,0,0,5,1,6,4,6,24,12,46,40,20,60,106
05/29/2020,FAY,NC,ASO,EN,Combined TRACON& Tower with Radar,4,4,7,2,17,0,0,2,0,2,4,4,9,2,19,0,6,6,25
05/30/2020,FAY,NC,ASO,EN,Combined TRACON& Tower with Radar,4,4,14,1,23,0,0,15,0,15,4,4,29,1,38,14,16,30,68
05/31/2020,FAY,NC,ASO,EN,Combined TRACON& Tower with Radar,4,4,11,0,19,0,0,22,0,22,4,4,33,0,41,12,0,12,53
06/01/2020,FAY,NC,ASO,EN,Combined TRACON& Tower with Radar,4,4,14,13,35,0,0,32,3,35,4,4,46,16,70,30,12,42,112
06/02/2020,FAY,NC,ASO,EN,Combined TRACON& Tower with Radar,7,1,20,4,32,0,2,37,0,39,7,3,57,4,71,12,0,12,83
06/03/2020,FAY,NC,ASO,EN,Combined TRACON& Tower with Radar,8,1,15,15,39,0,0,24,2,26,8,1,39,17,65,8,14,22,87
06/04/2020,FAY,NC,ASO,EN,Combined TRACON& Tower with Radar,8,0,17,16,41,0,0,41,2,43,8,0,58,18,84,16,22,38,122
06/05/2020,FAY,NC,ASO,EN,Combined TRACON& Tower with Radar,9,2,7,0,18,0,0,5,0,5,9,2,12,0,23,28,0,28,51
06/06/2020,FAY,NC,ASO,EN,Combined TRACON& Tower with Radar,9,2,9,0,20,0,0,35,0,35,9,2,44,0,55,40,0,40,95
06/07/2020,FAY,NC,ASO,EN,Combined TRACON& Tower with Radar,8,0,10,0,18,0,0,14,0,14,8,0,24,0,32,14,0,14,46
06/08/2020,FAY,NC,ASO,EN,Combined TRACON& Tower with Radar,8,0,28,9,45,0,0,11,0,11,8,0,39,9,56,26,0,26,82
06/09/2020,FAY,NC,ASO,EN,Combined TRACON& Tower with Radar,8,0,19,1,28,0,0,10,1,11,8,0,29,2,39,0,0,0,39
06/10/2020,FAY,NC,ASO,EN,Combined TRACON& Tower with Radar,8,0,33,10,51,0,0,14,0,14,8,0,47,10,65,4,0,4,69
06/11/2020,FAY,NC,ASO,EN,Combined TRACON& Tower with Radar,10,2,4,2,18,0,0,0,0,0,10,2,4,2,18,0,0,0,18
06/12/2020,FAY,NC,ASO,EN,Combined TRACON& Tower with Radar,8,0,29,9,46,0,0,18,0,18,8,0,47,9,64,14,0,14,78
06/13/2020,FAY,NC,ASO,EN,Combined TRACON& Tower with Radar,8,0,24,2,34,0,0,35,2,37,8,0,59,4,71,24,0,24,95
06/14/2020,FAY,NC,ASO,EN,Combined TRACON& Tower with Radar,8,2,16,0,26,0,0,23,0,23,8,2,39,0,49,80,0,80,129
06/15/2020,FAY,NC,ASO,EN,Combined TRACON& Tower with Radar,8,1,0,0,9,0,0,0,0,0,8,1,0,0,9,0,0,0,9
06/16/2020,FAY,NC,ASO,EN,Combined TRACON& Tower with Radar,10,1,5,2,18,0,0,0,0,0,10,1,5,2,18,0,0,0,18
06/17/2020,FAY,NC,ASO,EN,Combined TRACON& Tower with Radar,8,0,20,12,40,0,0,6,4,10,8,0,26,16,50,40,32,72,122
06/18/2020,FAY,NC,ASO,EN,Combined TRACON& Tower with Radar,10,2,29,6,47,0,0,25,0,25,10,2,54,6,72,30,0,30,102
06/19/2020,FAY,NC,ASO,EN,Combined TRACON& Tower with Radar,10,0,22,4,36,0,0,20,0,20,10,0,42,4,56,8,0,8,64
06/20/2020,FAY,NC,ASO,EN,Combined TRACON& Tower with Radar,10,3,8,0,21,0,3,15,0,18,10,6,23,0,39,68,0,68,107
06/21/2020,FAY,NC,ASO,EN,Combined TRACON& Tower with Radar,10,2,19,0,31,0,0,34,0,34,10,2,53,0,65,88,0,88,153
06/22/2020,FAY,NC,ASO,EN,Combined TRACON& Tower with Radar,10,2,18,10,40,0,1,21,0,22,10,3,39,10,62,23,0,23,85
06/23/2020,FAY,NC,ASO,EN,Combined TRACON& Tower with Radar,10,0,18,5,33,0,0,18,3,21,10,0,36,8,54,2,4,6,60
06/24/2020,FAY,NC,ASO,EN,Combined TRACON& Tower with Radar,10,1,15,15,41,0,0,22,4,26,10,1,37,19,67,12,24,36,103
06/25/2020,FAY,NC,ASO,EN,Combined TRACON& Tower with Radar,10,1,25,9,45,0,0,5,0,5,10,1,30,9,50,16,0,16,66
06/26/2020,FAY,NC,ASO,EN,Combined TRACON& Tower with Radar,10,0,19,5,34,0,0,42,1,43,10,0,61,6,77,22,18,40,117
06/27/2020,FAY,NC,ASO,EN,Combined TRACON& Tower with Radar,12,0,8,0,20,0,0,36,0,36,12,0,44,0,56,64,0,64,120
06/28/2020,FAY,NC,ASO,EN,Combined TRACON& Tower with Radar,10,2,16,2,30,0,0,29,0,29,10,2,45,2,59,48,0,48,107
06/29/2020,FAY,NC,ASO,EN,Combined TRACON& Tower with Radar,10,0,26,12,48,0,0,30,1,31,10,0,56,13,79,62,0,62,141
06/30/2020,FAY,NC,ASO,EN,Combined TRACON& Tower with Radar,12,2,12,0,26,0,0,19,0,19,12,2,31,0,45,26,0,26,71
07/01/2020,FAY,NC,ASO,EN,Combined TRACON& Tower with Radar,10,0,15,10,35,0,0,15,3,18,10,0,30,13,53,40,16,56,109
07/02/2020,FAY,NC,ASO,EN,Combined TRACON& Tower with Radar,10,4,19,5,38,0,0,21,0,21,10,4,40,5,59,36,0,36,95
07/03/2020,FAY,NC,ASO,EN,Combined TRACON& Tower with Radar,10,0,15,0,25,0,0,29,0,29,10,0,44,0,54,58,0,58,112
07/04/2020,FAY,NC,ASO,EN,Combined TRACON& Tower with Radar,8,0,10,0,18,0,0,15,0,15,8,0,25,0,33,22,0,22,55
07/05/2020,FAY,NC,ASO,EN,Combined TRACON& Tower with Radar,10,4,14,0,28,0,0,24,0,24,10,4,38,0,52,32,0,32,84
07/06/2020,FAY,NC,ASO,EN,Combined TRACON& Tower with Radar,10,0,15,0,25,0,0,25,0,25,10,0,40,0,50,42,0,42,92
07/07/2020,FAY,NC,ASO,EN,Combined TRACON& Tower with Radar,10,1,28,10,49,0,0,10,0,10,10,1,38,10,59,0,0,0,59
07/08/2020,FAY,NC,ASO,EN,Combined TRACON& Tower with Radar,12,0,17,15,44,0,0,10,0,10,12,0,27,15,54,0,0,0,54
07/09/2020,FAY,NC,ASO,EN,Combined TRACON& Tower with Radar,12,6,16,22,56,0,0,11,0,11,12,6,27,22,67,24,26,50,117
07/10/2020,FAY,NC,ASO,EN,Combined TRACON& Tower with Radar,14,5,28,9,56,0,0,35,1,36,14,5,63,10,92,52,18,70,162
07/11/2020,FAY,NC,ASO,EN,Combined TRACON& Tower with Radar,12,2,6,0,20,0,0,37,0,37,12,2,43,0,57,51,0,51,108
07/12/2020,FAY,NC,ASO,EN,Combined TRACON& Tower with Radar,12,2,17,2,33,0,0,29,0,29,12,2,46,2,62,36,0,36,98
07/13/2020,FAY,NC,ASO,EN,Combined TRACON& Tower with Radar,12,3,8,19,42,0,0,19,6,25,12,3,27,25,67,8,24,32,99
07/14/2020,FAY,NC,ASO,EN,Combined TRACON& Tower with Radar,12,1,19,6,38,0,0,43,0,43,12,1,62,6,81,22,0,22,103
07/15/2020,FAY,NC,ASO,EN,Combined TRACON& Tower with Radar,12,6,10,13,41,0,0,19,4,23,12,6,29,17,64,38,22,60,124
07/16/2020,FAY,NC,ASO,EN,Combined TRACON& Tower with Radar,12,2,9,12,35,0,1,20,1,22,12,3,29,13,57,30,6,36,93
07/17/2020,FAY,NC,ASO,EN,Combined TRACON& Tower with Radar,14,2,25,7,48,0,0,34,1,35,14,2,59,8,83,60,10,70,153
07/18/2020,FAY,NC,ASO,EN,Combined TRACON& Tower with Radar,12,7,6,0,25,0,5,14,2,21,12,12,20,2,46,14,0,14,60
07/19/2020,FAY,NC,ASO,EN,Combined TRACON& Tower with Radar,12,11,16,0,39,0,5,27,0,32,12,16,43,0,71,40,0,40,111
07/20/2020,FAY,NC,ASO,EN,Combined TRACON& Tower with Radar,12,2,13,15,42,0,0,19,1,20,12,2,32,16,62,12,16,28,90
07/21/2020,FAY,NC,ASO,EN,Combined TRACON& Tower with Radar,12,0,13,16,41,0,0,33,8,41,12,0,46,24,82,16,22,38,120
07/22/2020,FAY,NC,ASO,EN,Combined TRACON& Tower with Radar,12,3,15,10,40,0,3,16,2,21,12,6,31,12,61,48,0,48,109
07/23/2020,FAY,NC,ASO,EN,Combined TRACON& Tower with Radar,12,2,11,11,36,0,0,17,3,20,12,2,28,14,56,38,2,40,96
07/24/2020,FAY,NC,ASO,EN,Combined TRACON& Tower with Radar,15,2,15,10,42,0,0,11,0,11,15,2,26,10,53,78,0,78,131
07/25/2020,FAY,NC,ASO,EN,Combined TRACON& Tower with Radar,14,7,14,0,35,0,3,30,0,33,14,10,44,0,68,36,0,36,104
07/26/2020,FAY,NC,ASO,EN,Combined TRACON& Tower with Radar,14,4,14,0,32,0,1,30,0,31,14,5,44,0,63,56,0,56,119
07/27/2020,FAY,NC,ASO,EN,Combined TRACON& Tower with Radar,16,2,16,8,42,0,0,32,2,34,16,2,48,10,76,76,10,86,162
07/28/2020,FAY,NC,ASO,EN,Combined TRACON& Tower with Radar,14,0,17,22,53,0,0,9,0,9,14,0,26,22,62,72,22,94,156
07/29/2020,FAY,NC,ASO,EN,Combined TRACON& Tower with Radar,14,2,9,4,29,0,0,18,0,18,14,2,27,4,47,46,0,46,93
07/30/2020,FAY,NC,ASO,EN,Combined TRACON& Tower with Radar,13,7,17,4,41,0,3,15,1,19,13,10,32,5,60,42,0,42,102
07/31/2020,FAY,NC,ASO,EN,Combined TRACON& Tower with Radar,14,2,11,3,30,0,0,16,3,19,14,2,27,6,49,20,0,20,69
08/01/2020,FAY,NC,ASO,EN,Combined TRACON& Tower with Radar,14,3,6,0,23,0,1,20,0,21,14,4,26,0,44,32,0,32,76
08/02/2020,FAY,NC,ASO,EN,Combined TRACON& Tower with Radar,16,4,27,0,47,0,0,28,0,28,16,4,55,0,75,74,0,74,149
08/03/2020,FAY,NC,ASO,EN,Combined TRACON& Tower with Radar,13,2,4,6,25,0,0,5,0,5,13,2,9,6,30,8,0,8,38
08/04/2020,FAY,NC,ASO,EN,Combined TRACON& Tower with Radar,13,0,12,4,29,0,0,22,0,22,13,0,34,4,51,36,8,44,95
08/05/2020,FAY,NC,ASO,EN,Combined TRACON& Tower with Radar,14,4,16,24,58,0,1,10,0,11,14,5,26,24,69,22,4,26,95
08/06/2020,FAY,NC,ASO,EN,Combined TRACON& Tower with Radar,14,2,23,11,50,0,0,19,3,22,14,2,42,14,72,24,46,70,142
08/07/2020,FAY,NC,ASO,EN,Combined TRACON& Tower with Radar,14,2,20,3,39,0,0,3,1,4,14,2,23,4,43,0,0,0,43
08/08/2020,FAY,NC,ASO,EN,Combined TRACON& Tower with Radar,14,2,13,0,29,0,2,24,0,26,14,4,37,0,55,22,0,22,77
08/09/2020,FAY,NC,ASO,EN,Combined TRACON& Tower with Radar,14,2,7,2,25,0,0,6,0,6,14,2,13,2,31,20,0,20,51
08/10/2020,FAY,NC,ASO,EN,Combined TRACON& Tower with Radar,14,2,17,6,39,0,0,16,0,16,14,2,33,6,55,46,20,66,121
08/11/2020,FAY,NC,ASO,EN,Combined TRACON& Tower with Radar,14,0,15,11,40,0,0,21,9,30,14,0,36,20,70,41,16,57,127
08/12/2020,FAY,NC,ASO,EN,Combined TRACON& Tower with Radar,14,0,21,5,40,0,1,35,1,37,14,1,56,6,77,136,0,136,213
08/13/2020,FAY,NC,ASO,EN,Combined TRACON& Tower with Radar,14,2,22,13,51,0,0,22,0,22,14,2,44,13,73,94,9,103,176
08/14/2020,FAY,NC,ASO,EN,Combined TRACON& Tower with Radar,14,2,11,1,28,0,0,10,1,11,14,2,21,2,39,12,6,18,57
08/15/2020,FAY,NC,ASO,EN,Combined TRACON& Tower with Radar,14,2,14,1,31,0,0,8,1,9,14,2,22,2,40,16,0,16,56
08/16/2020,FAY,NC,ASO,EN,Combined TRACON& Tower with Radar,14,2,14,0,30,0,0,11,0,11,14,2,25,0,41,38,0,38,79
08/17/2020,FAY,NC,ASO,EN,Combined TRACON& Tower with Radar,14,2,15,4,35,0,0,22,0,22,14,2,37,4,57,32,0,32,89
08/18/2020,FAY,NC,ASO,EN,Combined TRACON& Tower with Radar,14,1,12,7,34,0,1,38,8,47,14,2,50,15,81,52,12,64,145
08/19/2020,FAY,NC,ASO,EN,Combined TRACON& Tower with Radar,14,1,22,2,39,0,0,18,1,19,14,1,40,3,58,16,8,24,82
08/20/2020,FAY,NC,ASO,EN,Combined TRACON& Tower with Radar,14,2,16,1,33,0,0,12,1,13,14,2,28,2,46,38,0,38,84
08/21/2020,FAY,NC,ASO,EN,Combined TRACON& Tower with Radar,14,4,15,2,35,0,0,2,0,2,14,4,17,2,37,0,0,0,37
08/22/2020,FAY,NC,ASO,EN,Combined TRACON& Tower with Radar,14,2,19,4,39,0,0,20,0,20,14,2,39,4,59,34,0,34,93
08/23/2020,FAY,NC,ASO,EN,Combined TRACON& Tower with Radar,14,4,14,0,32,0,0,29,0,29,14,4,43,0,61,54,0,54,115
08/24/2020,FAY,NC,ASO,EN,Combined TRACON& Tower with Radar,14,2,12,2,30,0,0,7,0,7,14,2,19,2,37,44,0,44,81
08/25/2020,FAY,NC,ASO,EN,Combined TRACON& Tower with Radar,14,0,26,18,58,0,0,32,1,33,14,0,58,19,91,56,2,58,149
08/26/2020,FAY,NC,ASO,EN,Combined TRACON& Tower with Radar,14,2,17,14,47,0,0,30,0,30,14,2,47,14,77,34,10,44,121
08/27/2020,FAY,NC,ASO,EN,Combined TRACON& Tower with Radar,14,4,21,8,47,0,0,23,0,23,14,4,44,8,70,50,0,50,120
08/28/2020,FAY,NC,ASO,EN,Combined TRACON& Tower with Radar,16,2,16,3,37,0,0,40,0,40,16,2,56,3,77,46,0,46,123
08/29/2020,FAY,NC,ASO,EN,Combined TRACON& Tower with Radar,14,2,8,0,24,0,0,7,0,7,14,2,15,0,31,12,0,12,43
08/30/2020,FAY,NC,ASO,EN,Combined TRACON& Tower with Radar,12,2,14,6,34,0,0,37,0,37,12,2,51,6,71,138,0,138,209
08/31/2020,FAY,NC,ASO,EN,Combined TRACON& Tower with Radar,16,2,21,8,47,0,1,11,1,13,16,3,32,9,60,34,0,34,94
09/01/2020,FAY,NC,ASO,EN,Combined TRACON& Tower with Radar,14,0,28,8,50,0,0,19,0,19,14,0,47,8,69,32,0,32,101
09/02/2020,FAY,NC,ASO,EN,Combined TRACON& Tower with Radar,14,2,16,4,36,0,0,17,1,18,14,2,33,5,54,68,0,68,122
09/03/2020,FAY,NC,ASO,EN,Combined TRACON& Tower with Radar,14,4,34,20,72,0,0,36,1,37,14,4,70,21,109,74,10,84,193
09/04/2020,FAY,NC,ASO,EN,Combined TRACON& Tower with Radar,14,3,19,5,41,0,0,35,1,36,14,3,54,6,77,32,6,38,115
09/05/2020,FAY,NC,ASO,EN,Combined TRACON& Tower with Radar,14,4,9,0,27,0,0,11,0,11,14,4,20,0,38,8,0,8,46
09/06/2020,FAY,NC,ASO,EN,Combined TRACON& Tower with Radar,13,1,10,0,24,0,0,26,0,26,13,1,36,0,50,64,0,64,114
09/07/2020,FAY,NC,ASO,EN,Combined TRACON& Tower with Radar,13,2,19,0,34,0,0,40,0,40,13,2,59,0,74,82,0,82,156
09/08/2020,FAY,NC,ASO,EN,Combined TRACON& Tower with Radar,14,0,25,2,41,0,0,18,0,18,14,0,43,2,59,38,0,38,97
09/09/2020,FAY,NC,ASO,EN,Combined TRACON& Tower with Radar,16,0,8,12,36,0,0,0,0,0,16,0,8,12,36,0,0,0,36
09/10/2020,FAY,NC,ASO,EN,Combined TRACON& Tower with Radar,16,0,22,2,40,0,0,9,0,9,16,0,31,2,49,30,0,30,79
09/11/2020,FAY,NC,ASO,EN,Combined TRACON& Tower with Radar,16,1,20,4,41,0,0,6,0,6,16,1,26,4,47,58,0,58,105
09/12/2020,FAY,NC,ASO,EN,Combined TRACON& Tower with Radar,16,0,15,2,33,0,0,1,0,1,16,0,16,2,34,6,0,6,40
09/13/2020,FAY,NC,ASO,EN,Combined TRACON& Tower with Radar,16,1,25,0,42,0,0,23,0,23,16,1,48,0,65,56,0,56,121
09/14/2020,FAY,NC,ASO,EN,Combined TRACON& Tower with Radar,16,0,25,7,48,0,0,19,1,20,16,0,44,8,68,56,0,56,124
09/15/2020,FAY,NC,ASO,EN,Combined TRACON& Tower with Radar,16,0,6,8,30,0,0,23,1,24,16,0,29,9,54,30,0,30,84
09/16/2020,FAY,NC,ASO,EN,Combined TRACON& Tower with Radar,16,0,15,4,35,0,0,15,0,15,16,0,30,4,50,12,0,12,62
09/17/2020,FAY,NC,ASO,EN,Combined TRACON& Tower with Radar,16,0,7,0,23,0,0,0,0,0,16,0,7,0,23,0,0,0,23
09/18/2020,FAY,NC,ASO,EN,Combined TRACON& Tower with Radar,14,1,14,6,35,0,0,0,2,2,14,1,14,8,37,0,0,0,37
09/19/2020,FAY,NC,ASO,EN,Combined TRACON& Tower with Radar,16,0,9,3,28,0,0,8,0,8,16,0,17,3,36,24,0,24,60
09/20/2020,FAY,NC,ASO,EN,Combined TRACON& Tower with Radar,16,0,22,8,46,0,0,21,0,21,16,0,43,8,67,22,0,22,89
09/21/2020,FAY,NC,ASO,EN,Combined TRACON& Tower with Radar,16,1,11,2,30,0,0,40,4,44,16,1,51,6,74,48,12,60,134
09/22/2020,FAY,NC,ASO,EN,Combined TRACON& Tower with Radar,16,1,24,10,51,0,0,43,1,44,16,1,67,11,95,38,10,48,143
09/23/2020,FAY,NC,ASO,EN,Combined TRACON& Tower with Radar,16,1,18,13,48,0,1,45,0,46,16,2,63,13,94,56,0,56,150
09/24/2020,FAY,NC,ASO,EN,Combined TRACON& Tower with Radar,15,3,14,10,42,0,0,25,0,25,15,3,39,10,67,42,0,42,109
09/25/2020,FAY,NC,ASO,EN,Combined TRACON& Tower with Radar,18,0,6,9,33,0,0,0,0,0,18,0,6,9,33,0,0,0,33
09/26/2020,FAY,NC,ASO,EN,Combined TRACON& Tower with Radar,16,0,9,0,25,0,2,14,0,16,16,2,23,0,41,44,0,44,85
09/27/2020,FAY,NC,ASO,EN,Combined TRACON& Tower with Radar,16,1,13,5,35,0,0,17,1,18,16,1,30,6,53,14,0,14,67
09/28/2020,FAY,NC,ASO,EN,Combined TRACON& Tower with Radar,18,1,12,10,41,0,0,15,0,15,18,1,27,10,56,8,12,20,76
09/29/2020,FAY,NC,ASO,EN,Combined TRACON& Tower with Radar,14,0,20,2,36,0,2,4,0,6,14,2,24,2,42,16,0,16,58
09/30/2020,FAY,NC,ASO,EN,Combined TRACON& Tower with Radar,17,2,12,4,35,0,1,38,0,39,17,3,50,4,74,86,0,86,160
10/01/2020,FAY,NC,ASO,EN,Combined TRACON& Tower with Radar,17,2,18,4,41,0,0,32,1,33,17,2,50,5,74,68,0,68,142
10/02/2020,FAY,NC,ASO,EN,Combined TRACON& Tower with Radar,16,0,16,0,32,0,0,37,0,37,16,0,53,0,69,28,0,28,97
10/03/2020,FAY,NC,ASO,EN,Combined TRACON& Tower with Radar,16,2,11,0,29,0,0,32,0,32,16,2,43,0,61,14,0,14,75
10/04/2020,FAY,NC,ASO,EN,Combined TRACON& Tower with Radar,16,1,10,0,27,0,0,17,0,17,16,1,27,0,44,70,0,70,114
10/05/2020,FAY,NC,ASO,EN,Combined TRACON& Tower with Radar,16,3,18,8,45,0,0,30,5,35,16,3,48,13,80,54,14,68,148
10/06/2020,FAY,NC,ASO,EN,Combined TRACON& Tower with Radar,16,2,14,3,35,0,0,23,1,24,16,2,37,4,59,10,0,10,69
10/07/2020,FAY,NC,ASO,EN,Combined TRACON& Tower with Radar,14,0,19,4,37,0,0,13,0,13,14,0,32,4,50,32,0,32,82
10/08/2020,FAY,NC,ASO,EN,Combined TRACON& Tower with Radar,16,0,23,15,54,0,2,18,2,22,16,2,41,17,76,20,14,34,110
10/09/2020,FAY,NC,ASO,EN,Combined TRACON& Tower with Radar,16,0,30,0,46,0,0,17,0,17,16,0,47,0,63,58,0,58,121
10/10/2020,FAY,NC,ASO,EN,Combined TRACON& Tower with Radar,16,0,8,0,24,0,0,8,0,8,16,0,16,0,32,44,0,44,76
10/11/2020,FAY,NC,ASO,EN,Combined TRACON& Tower with Radar,16,1,9,0,26,0,0,0,0,0,16,1,9,0,26,0,0,0,26
10/12/2020,FAY,NC,ASO,EN,Combined TRACON& Tower with Radar,16,1,17,0,34,0,0,4,0,4,16,1,21,0,38,12,0,12,50
10/13/2020,FAY,NC,ASO,EN,Combined TRACON& Tower with Radar,14,0,15,4,33,0,0,27,0,27,14,0,42,4,60,48,0,48,108
10/14/2020,FAY,NC,ASO,EN,Combined TRACON& Tower with Radar,14,3,14,5,36,0,0,21,1,22,14,3,35,6,58,46,0,46,104
10/15/2020,FAY,NC,ASO,EN,Combined TRACON& Tower with Radar,16,1,19,10,46,0,0,35,0,35,16,1,54,10,81,28,0,28,109
10/16/2020,FAY,NC,ASO,EN,Combined TRACON& Tower with Radar,16,0,6,8,30,0,0,1,0,1,16,0,7,8,31,0,0,0,31
10/17/2020,FAY,NC,ASO,EN,Combined TRACON& Tower with Radar,16,0,16,1,33,0,2,31,0,33,16,2,47,1,66,48,0,48,114
10/18/2020,FAY,NC,ASO,EN,Combined TRACON& Tower with Radar,16,2,13,3,34,0,0,48,0,48,16,2,61,3,82,22,0,22,104
10/19/2020,FAY,NC,ASO,EN,Combined TRACON& Tower with Radar,16,0,19,2,37,0,0,11,0,11,16,0,30,2,48,28,0,28,76
10/20/2020,FAY,NC,ASO,EN,Combined TRACON& Tower with Radar,14,0,16,19,49,0,0,21,0,21,14,0,37,19,70,26,18,44,114
10/21/2020,FAY,NC,ASO,EN,Combined TRACON& Tower with Radar,14,0,9,4,27,0,0,11,0,11,14,0,20,4,38,32,0,32,70
10/22/2020,FAY,NC,ASO,EN,Combined TRACON& Tower with Radar,16,0,17,11,44,0,0,29,0,29,16,0,46,11,73,50,6,56,129
10/23/2020,FAY,NC,ASO,EN,Combined TRACON& Tower with Radar,16,1,14,3,34,0,0,41,4,45,16,1,55,7,79,70,0,70,149
10/24/2020,FAY,NC,ASO,EN,Combined TRACON& Tower with Radar,14,3,7,5,29,0,0,29,4,33,14,3,36,9,62,24,0,24,86
10/25/2020,FAY,NC,ASO,EN,Combined TRACON& Tower with Radar,14,2,11,2,29,0,0,0,0,0,14,2,11,2,29,0,0,0,29
10/26/2020,FAY,NC,ASO,EN,Combined TRACON& Tower with Radar,14,1,15,4,34,0,0,11,2,13,14,1,26,6,47,44,14,58,105
10/27/2020,FAY,NC,ASO,EN,Combined TRACON& Tower with Radar,12,2,12,6,32,0,0,21,4,25,12,2,33,10,57,44,14,58,115
10/28/2020,FAY,NC,ASO,EN,Combined TRACON& Tower with Radar,12,0,27,6,45,0,0,16,4,20,12,0,43,10,65,82,0,82,147
10/29/2020,FAY,NC,ASO,EN,Combined TRACON& Tower with Radar,14,2,4,0,20,0,0,0,5,5,14,2,4,5,25,0,0,0,25
10/30/2020,FAY,NC,ASO,EN,Combined TRACON& Tower with Radar,14,1,14,0,29,0,1,13,2,16,14,2,27,2,45,0,0,0,45
10/31/2020,FAY,NC,ASO,EN,Combined TRACON& Tower with Radar,11,0,10,0,21,0,2,50,1,53,11,2,60,1,74,32,0,32,106
11/01/2020,FAY,NC,ASO,EN,Combined TRACON& Tower with Radar,11,2,12,1,26,0,0,4,0,4,11,2,16,1,30,24,0,24,54
11/02/2020,FAY,NC,ASO,EN,Combined TRACON& Tower with Radar,14,1,13,8,36,0,0,17,4,21,14,1,30,12,57,18,4,22,79
11/03/2020,FAY,NC,ASO,EN,Combined TRACON& Tower with Radar,12,0,10,0,22,0,0,23,0,23,12,0,33,0,45,42,0,42,87
11/04/2020,FAY,NC,ASO,EN,Combined TRACON& Tower with Radar,12,0,11,12,35,0,0,24,0,24,12,0,35,12,59,48,0,48,107
11/05/2020,FAY,NC,ASO,EN,Combined TRACON& Tower with Radar,14,0,20,5,39,0,0,28,1,29,14,0,48,6,68,108,0,108,176
11/06/2020,FAY,NC,ASO,EN,Combined TRACON& Tower with Radar,14,1,17,2,34,0,0,20,0,20,14,1,37,2,54,42,0,42,96
11/07/2020,FAY,NC,ASO,EN,Combined TRACON& Tower with Radar,14,0,13,0,27,0,0,37,0,37,14,0,50,0,64,38,0,38,102
11/08/2020,FAY,NC,ASO,EN,Combined TRACON& Tower with Radar,16,0,14,0,30,0,0,29,0,29,16,0,43,0,59,74,0,74,133
11/09/2020,FAY,NC,ASO,EN,Combined TRACON& Tower with Radar,15,0,26,9,50,0,0,5,0,5,15,0,31,9,55,2,0,2,57
11/10/2020,FAY,NC,ASO,EN,Combined TRACON& Tower with Radar,15,0,16,22,53,0,0,25,0,25,15,0,41,22,78,56,16,72,150
11/11/2020,FAY,NC,ASO,EN,Combined TRACON& Tower with Radar,14,1,12,0,27,0,0,0,0,0,14,1,12,0,27,0,0,0,27
11/12/2020,FAY,NC,ASO,EN,Combined TRACON& Tower with Radar,16,2,5,4,27,0,0,0,0,0,16,2,5,4,27,0,0,0,27
11/13/2020,FAY,NC,ASO,EN,Combined TRACON& Tower with Radar,16,3,22,5,46,0,0,9,3,12,16,3,31,8,58,48,0,48,106
11/14/2020,FAY,NC,ASO,EN,Combined TRACON& Tower with Radar,16,1,17,0,34,0,0,54,0,54,16,1,71,0,88,83,0,83,171
11/15/2020,FAY,NC,ASO,EN,Combined TRACON& Tower with Radar,16,2,17,1,36,0,0,19,1,20,16,2,36,2,56,2,0,2,58
11/16/2020,FAY,NC,ASO,EN,Combined TRACON& Tower with Radar,16,2,23,9,50,0,2,14,3,19,16,4,37,12,69,20,4,24,93
11/17/2020,FAY,NC,ASO,EN,Combined TRACON& Tower with Radar,14,6,17,18,55,0,7,13,1,21,14,13,30,19,76,2,0,2,78
11/18/2020,FAY,NC,ASO,EN,Combined TRACON& Tower with Radar,13,1,15,19,48,0,0,26,3,29,13,1,41,22,77,32,6,38,115
11/19/2020,FAY,NC,ASO,EN,Combined TRACON& Tower with Radar,16,0,32,8,56,0,0,35,3,38,16,0,67,11,94,116,2,118,212
11/20/2020,FAY,NC,ASO,EN,Combined TRACON& Tower with Radar,20,1,15,10,46,0,0,26,0,26,20,1,41,10,72,44,0,44,116
11/21/2020,FAY,NC,ASO,EN,Combined TRACON& Tower with Radar,18,1,12,0,31,0,0,57,1,58,18,1,69,1,89,144,0,144,233
11/22/2020,FAY,NC,ASO,EN,Combined TRACON& Tower with Radar,20,0,22,2,44,0,0,37,0,37,20,0,59,2,81,50,0,50,131
11/23/2020,FAY,NC,ASO,EN,Combined TRACON& Tower with Radar,16,0,7,7,30,0,0,18,1,19,16,0,25,8,49,48,0,48,97
11/24/2020,FAY,NC,ASO,EN,Combined TRACON& Tower with Radar,20,0,17,4,41,0,1,36,3,40,20,1,53,7,81,78,0,78,159
11/25/2020,FAY,NC,ASO,EN,Combined TRACON& Tower with Radar,20,0,16,0,36,0,0,18,0,18,20,0,34,0,54,77,2,79,133
11/26/2020,FAY,NC,ASO,EN,Combined TRACON& Tower with Radar,6,0,0,0,6,0,0,1,0,1,6,0,1,0,7,0,0,0,7
11/27/2020,FAY,NC,ASO,EN,Combined TRACON& Tower with Radar,18,1,5,0,24,0,0,16,0,16,18,1,21,0,40,60,0,60,100
11/28/2020,FAY,NC,ASO,EN,Combined TRACON& Tower with Radar,19,1,13,0,33,0,0,26,0,26,19,1,39,0,59,40,0,40,99
11/29/2020,FAY,NC,ASO,EN,Combined TRACON& Tower with Radar,23,0,22,2,47,0,2,17,0,19,23,2,39,2,66,94,0,94,160
11/30/2020,FAY,NC,ASO,EN,Combined TRACON& Tower with Radar,22,0,9,6,37,0,0,0,0,0,22,0,9,6,37,4,0,4,41
12/01/2020,FAY,NC,ASO,EN,Combined TRACON& Tower with Radar,18,10,6,8,42,0,0,11,2,13,18,10,17,10,55,0,10,10,65
12/02/2020,FAY,NC,ASO,EN,Combined TRACON& Tower with Radar,12,0,2,18,32,0,0,24,4,28,12,0,26,22,60,16,18,34,94
12/03/2020,FAY,NC,ASO,EN,Combined TRACON& Tower with Radar,16,0,13,6,35,0,0,22,0,22,16,0,35,6,57,34,0,34,91
12/04/2020,FAY,NC,ASO,EN,Combined TRACON& Tower with Radar,16,2,18,19,55,0,0,25,2,27,16,2,43,21,82,4,36,40,122
12/05/2020,FAY,NC,ASO,EN,Combined TRACON& Tower with Radar,12,2,9,0,23,0,0,12,0,12,12,2,21,0,35,12,0,12,47
12/06/2020,FAY,NC,ASO,EN,Combined TRACON& Tower with Radar,16,0,10,0,26,0,0,11,0,11,16,0,21,0,37,10,0,10,47
12/07/2020,FAY,NC,ASO,EN,Combined TRACON& Tower with Radar,16,1,4,14,35,0,0,0,0,0,16,1,4,14,35,0,0,0,35
12/08/2020,FAY,NC,ASO,EN,Combined TRACON& Tower with Radar,12,4,13,10,39,0,2,18,8,28,12,6,31,18,67,22,24,46,113
12/09/2020,FAY,NC,ASO,EN,Combined TRACON& Tower with Radar,12,2,16,7,37,0,0,26,3,29,12,2,42,10,66,26,14,40,106
12/10/2020,FAY,NC,ASO,EN,Combined TRACON& Tower with Radar,16,3,18,17,54,0,1,19,4,24,16,4,37,21,78,42,6,48,126
12/11/2020,FAY,NC,ASO,EN,Combined TRACON& Tower with Radar,16,2,19,3,40,0,0,28,1,29,16,2,47,4,69,28,0,28,97
12/12/2020,FAY,NC,ASO,EN,Combined TRACON& Tower with Radar,12,0,16,0,28,0,0,31,0,31,12,0,47,0,59,38,0,38,97
12/13/2020,FAY,NC,ASO,EN,Combined TRACON& Tower with Radar,16,0,19,0,35,0,0,10,0,10,16,0,29,0,45,40,0,40,85
12/14/2020,FAY,NC,ASO,EN,Combined TRACON& Tower with Radar,22,0,2,12,36,0,0,0,3,3,22,0,2,15,39,0,0,0,39
12/15/2020,FAY,NC,ASO,EN,Combined TRACON& Tower with Radar,12,0,21,16,49,0,0,20,0,20,12,0,41,16,69,48,16,64,133
12/16/2020,FAY,NC,ASO,EN,Combined TRACON& Tower with Radar,12,2,10,0,24,0,0,0,0,0,12,2,10,0,24,0,0,0,24
12/17/2020,FAY,NC,ASO,EN,Combined TRACON& Tower with Radar,18,5,14,18,55,0,1,15,2,18,18,6,29,20,73,20,44,64,137
12/18/2020,FAY,NC,ASO,EN,Combined TRACON& Tower with Radar,18,0,36,9,63,0,0,29,3,32,18,0,65,12,95,25,6,31,126
12/19/2020,FAY,NC,ASO,EN,Combined TRACON& Tower with Radar,18,2,8,0,28,0,0,30,0,30,18,2,38,0,58,55,0,55,113
12/20/2020,FAY,NC,ASO,EN,Combined TRACON& Tower with Radar,18,5,9,0,32,0,0,0,0,0,18,5,9,0,32,0,0,0,32
12/21/2020,FAY,NC,ASO,EN,Combined TRACON& Tower with Radar,18,1,13,0,32,0,0,18,0,18,18,1,31,0,50,34,0,34,84
12/22/2020,FAY,NC,ASO,EN,Combined TRACON& Tower with Radar,16,0,14,2,32,0,0,28,0,28,16,0,42,2,60,80,0,80,140
12/23/2020,FAY,NC,ASO,EN,Combined TRACON& Tower with Radar,20,2,32,0,54,0,0,29,0,29,20,2,61,0,83,74,0,74,157
12/24/2020,FAY,NC,ASO,EN,Combined TRACON& Tower with Radar,14,0,6,0,20,0,0,2,0,2,14,0,8,0,22,0,0,0,22
12/25/2020,FAY,NC,ASO,EN,Combined TRACON& Tower with Radar,10,2,0,0,12,0,0,0,0,0,10,2,0,0,12,0,0,0,12
12/26/2020,FAY,NC,ASO,EN,Combined TRACON& Tower with Radar,16,3,11,0,30,0,3,23,0,26,16,6,34,0,56,63,0,63,119
12/27/2020,FAY,NC,ASO,EN,Combined TRACON& Tower with Radar,17,0,14,0,31,0,1,27,0,28,17,1,41,0,59,103,0,103,162
12/28/2020,FAY,NC,ASO,EN,Combined TRACON& Tower with Radar,19,0,6,2,27,0,0,10,0,10,19,0,16,2,37,24,0,24,61
12/29/2020,FAY,NC,ASO,EN,Combined TRACON& Tower with Radar,18,0,9,6,33,0,1,23,0,24,18,1,32,6,57,0,0,0,57
12/30/2020,FAY,NC,ASO,EN,Combined TRACON& Tower with Radar,18,0,12,0,30,0,0,20,0,20,18,0,32,0,50,0,0,0,50
12/31/2020,FAY,NC,ASO,EN,Combined TRACON& Tower with Radar,14,2,9,0,25,0,0,0,0,0,14,2,9,0,25,0,0,0,25
01/01/2021,FAY,NC,ASO,EN,Combined TRACON& Tower with Radar,12,0,3,0,15,0,0,0,0,0,12,0,3,0,15,0,0,0,15
01/02/2021,FAY,NC,ASO,EN,Combined TRACON& Tower with Radar,18,1,12,2,33,0,0,8,0,8,18,1,20,2,41,32,0,32,73
01/03/2021,FAY,NC,ASO,EN,Combined TRACON& Tower with Radar,18,1,14,0,33,0,0,6,0,6,18,1,20,0,39,40,0,40,79
01/04/2021,FAY,NC,ASO,EN,Combined TRACON& Tower with Radar,18,0,9,0,27,0,0,27,0,27,18,0,36,0,54,63,0,63,117
01/05/2021,FAY,NC,ASO,EN,Combined TRACON& Tower with Radar,13,0,5,10,28,0,0,7,0,7,13,0,12,10,35,26,0,26,61
01/06/2021,FAY,NC,ASO,EN,Combined TRACON& Tower with Radar,14,4,14,14,46,0,5,31,1,37,14,9,45,15,83,46,4,50,133
01/07/2021,FAY,NC,ASO,EN,Combined TRACON& Tower with Radar,18,0,12,10,40,0,0,28,1,29,18,0,40,11,69,28,4,32,101
01/08/2021,FAY,NC,ASO,EN,Combined TRACON& Tower with Radar,17,0,6,2,25,0,0,1,0,1,17,0,7,2,26,0,0,0,26
01/09/2021,FAY,NC,ASO,EN,Combined TRACON& Tower with Radar,15,0,4,4,23,0,0,39,0,39,15,0,43,4,62,36,0,36,98
01/10/2021,FAY,NC,ASO,EN,Combined TRACON& Tower with Radar,18,0,20,2,40,0,0,54,0,54,18,0,74,2,94,34,0,34,128
01/11/2021,FAY,NC,ASO,EN,Combined TRACON& Tower with Radar,18,1,11,13,43,0,0,10,1,11,18,1,21,14,54,30,14,44,98
01/12/2021,FAY,NC,ASO,EN,Combined TRACON& Tower with Radar,14,0,13,11,38,0,0,6,1,7,14,0,19,12,45,46,8,54,99
01/13/2021,FAY,NC,ASO,EN,Combined TRACON& Tower with Radar,14,2,10,10,36,0,1,15,4,20,14,3,25,14,56,20,24,44,100
01/14/2021,FAY,NC,ASO,EN,Combined TRACON& Tower with Radar,18,1,21,20,60,0,2,23,1,26,18,3,44,21,86,46,8,54,140
01/15/2021,FAY,NC,ASO,EN,Combined TRACON& Tower with Radar,18,2,17,4,41,0,0,13,0,13,18,2,30,4,54,26,0,26,80
01/16/2021,FAY,NC,ASO,EN,Combined TRACON& Tower with Radar,16,0,1,0,17,0,0,6,0,6,16,0,7,0,23,0,0,0,23
01/17/2021,FAY,NC,ASO,EN,Combined TRACON& Tower with Radar,16,1,11,0,28,0,0,22,0,22,16,1,33,0,50,40,0,40,90
01/18/2021,FAY,NC,ASO,EN,Combined TRACON& Tower with Radar,18,0,4,0,22,0,0,20,0,20,18,0,24,0,42,54,0,54,96
01/19/2021,FAY,NC,ASO,EN,Combined TRACON& Tower with Radar,14,3,14,14,45,0,0,25,1,26,14,3,39,15,71,40,0,40,111
01/20/2021,FAY,NC,ASO,EN,Combined TRACON& Tower with Radar,14,1,16,5,36,0,0,23,4,27,14,1,39,9,63,62,0,62,125
01/21/2021,FAY,NC,ASO,EN,Combined TRACON& Tower with Radar,18,1,19,13,51,0,4,22,0,26,18,5,41,13,77,58,0,58,135
01/22/2021,FAY,NC,ASO,EN,Combined TRACON& Tower with Radar,18,0,17,10,45,0,0,38,2,40,18,0,55,12,85,64,8,72,157
01/23/2021,FAY,NC,ASO,EN,Combined TRACON& Tower with Radar,14,0,1,0,15,0,0,27,0,27,14,0,28,0,42,0,0,0,42
01/24/2021,FAY,NC,ASO,EN,Combined TRACON& Tower with Radar,18,1,10,0,29,0,0,38,0,38,18,1,48,0,67,92,0,92,159
01/25/2021,FAY,NC,ASO,EN,Combined TRACON& Tower with Radar,16,3,8,0,27,0,0,0,0,0,16,3,8,0,27,0,0,0,27
01/26/2021,FAY,NC,ASO,EN,Combined TRACON& Tower with Radar,14,3,17,15,49,0,0,0,0,0,14,3,17,15,49,0,0,0,49
01/27/2021,FAY,NC,ASO,EN,Combined TRACON& Tower with Radar,14,0,10,20,44,0,0,2,0,2,14,0,12,20,46,2,0,2,48
01/28/2021,FAY,NC,ASO,EN,Combined TRACON& Tower with Radar,14,0,25,7,46,0,0,4,1,5,14,0,29,8,51,6,17,23,74
01/29/2021,FAY,NC,ASO,EN,Combined TRACON& Tower with Radar,18,4,27,0,49,0,5,44,0,49,18,9,71,0,98,52,0,52,150
01/30/2021,FAY,NC,ASO,EN,Combined TRACON& Tower with Radar,14,0,9,6,29,0,6,40,0,46,14,6,49,6,75,8,0,8,83
01/31/2021,FAY,NC,ASO,EN,Combined TRACON& Tower with Radar,20,0,5,0,25,0,0,0,0,0,20,0,5,0,25,0,0,0,25
02/01/2021,FAY,NC,ASO,EN,Combined TRACON& Tower with Radar,20,0,3,4,27,0,0,2,1,3,20,0,5,5,30,0,8,8,38
02/02/2021,FAY,NC,ASO,EN,Combined TRACON& Tower with Radar,14,0,16,2,32,0,0,19,0,19,14,0,35,2,51,22,0,22,73
02/03/2021,FAY,NC,ASO,EN,Combined TRACON& Tower with Radar,11,0,15,0,26,0,0,13,0,13,11,0,28,0,39,16,0,16,55
02/04/2021,FAY,NC,ASO,EN,Combined TRACON& Tower with Radar,18,0,14,10,42,0,0,29,2,31,18,0,43,12,73,32,8,40,113
02/05/2021,FAY,NC,ASO,EN,Combined TRACON& Tower with Radar,18,2,10,10,40,0,0,4,0,4,18,2,14,10,44,0,0,0,44
02/06/2021,FAY,NC,ASO,EN,Combined TRACON& Tower with Radar,16,0,12,0,28,0,0,32,0,32,16,0,44,0,60,48,0,48,108
02/07/2021,FAY,NC,ASO,EN,Combined TRACON& Tower with Radar,16,0,13,0,29,0,0,3,0,3,16,0,16,0,32,0,0,0,32
02/08/2021,FAY,NC,ASO,EN,Combined TRACON& Tower with Radar,18,0,15,9,42,0,1,31,4,36,18,1,46,13,78,73,24,97,175
02/09/2021,FAY,NC,ASO,EN,Combined TRACON& Tower with Radar,14,0,24,3,41,0,0,20,1,21,14,0,44,4,62,54,0,54,116
02/10/2021,FAY,NC,ASO,EN,Combined TRACON& Tower with Radar,14,0,28,8,50,0,0,12,1,13,14,0,40,9,63,85,22,107,170
02/11/2021,FAY,NC,ASO,EN,Combined TRACON& Tower with Radar,19,0,19,7,45,0,0,0,0,0,19,0,19,7,45,0,0,0,45
02/12/2021,FAY,NC,ASO,EN,Combined TRACON& Tower with Radar,19,0,8,0,27,0,0,0,0,0,19,0,8,0,27,0,0,0,27
02/13/2021,FAY,NC,ASO,EN,Combined TRACON& Tower with Radar,14,0,3,0,17,0,0,0,0,0,14,0,3,0,17,0,0,0,17
02/14/2021,FAY,NC,ASO,EN,Combined TRACON& Tower with Radar,16,2,6,0,24,0,0,0,0,0,16,2,6,0,24,0,0,0,24
02/15/2021,FAY,NC,ASO,EN,Combined TRACON& Tower with Radar,18,2,1,0,21,0,0,0,0,0,18,2,1,0,21,0,0,0,21
02/16/2021,FAY,NC,ASO,EN,Combined TRACON& Tower with Radar,14,0,17,1,32,0,0,9,1,10,14,0,26,2,42,22,0,22,64
02/17/2021,FAY,NC,ASO,EN,Combined TRACON& Tower with Radar,14,0,17,0,31,0,0,39,0,39,14,0,56,0,70,100,0,100,170
02/18/2021,FAY,NC,ASO,EN,Combined TRACON& Tower with Radar,18,0,1,0,19,0,0,0,0,0,18,0,1,0,19,0,0,0,19
02/19/2021,FAY,NC,ASO,EN,Combined TRACON& Tower with Radar,18,1,20,0,39,0,1,0,0,1,18,2,20,0,40,6,0,6,46
02/20/2021,FAY,NC,ASO,EN,Combined TRACON& Tower with Radar,14,2,13,0,29,0,0,45,0,45,14,2,58,0,74,24,0,24,98
02/21/2021,FAY,NC,ASO,EN,Combined TRACON& Tower with Radar,18,0,21,0,39,0,2,46,0,48,18,2,67,0,87,44,0,44,131
02/22/2021,FAY,NC,ASO,EN,Combined TRACON& Tower with Radar,18,0,5,8,31,0,0,1,0,1,18,0,6,8,32,0,16,16,48
02/23/2021,FAY,NC,ASO,EN,Combined TRACON& Tower with Radar,14,4,18,4,40,0,0,50,0,50,14,4,68,4,90,42,0,42,132
02/24/2021,FAY,NC,ASO,EN,Combined TRACON& Tower with Radar,14,0,12,14,40,0,0,48,0,48,14,0,60,14,88,41,18,59,147
02/25/2021,FAY,NC,ASO,EN,Combined TRACON& Tower with Radar,20,2,10,6,38,0,0,39,0,39,20,2,49,6,77,68,0,68,145
02/26/2021,FAY,NC,ASO,EN,Combined TRACON& Tower with Radar,18,0,17,4,39,0,0,10,0,10,18,0,27,4,49,68,0,68,117
02/27/2021,FAY,NC,ASO,EN,Combined TRACON& Tower with Radar,14,0,8,0,22,0,1,11,0,12,14,1,19,0,34,28,0,28,62
02/28/2021,FAY,NC,ASO,EN,Combined TRACON& Tower with Radar,20,0,13,4,37,0,0,0,0,0,20,0,13,4,37,0,0,0,37
03/01/2021,FAY,NC,ASO,EN,Combined TRACON& Tower with Radar,18,0,21,6,45,0,0,2,0,2,18,0,23,6,47,0,0,0,47
03/02/2021,FAY,NC,ASO,EN,Combined TRACON& Tower with Radar,14,0,23,21,58,0,0,27,1,28,14,0,50,22,86,90,22,112,198
03/03/2021,FAY,NC,ASO,EN,Combined TRACON& Tower with Radar,14,4,7,13,38,0,1,13,1,15,14,5,20,14,53,56,48,104,157
03/04/2021,FAY,NC,ASO,EN,Combined TRACON& Tower with Radar,21,1,24,8,54,0,3,36,1,40,21,4,60,9,94,58,1,59,153
03/05/2021,FAY,NC,ASO,EN,Combined TRACON& Tower with Radar,22,2,5,14,43,0,0,21,7,28,22,2,26,21,71,92,22,114,185
03/06/2021,FAY,NC,ASO,EN,Combined TRACON& Tower with Radar,20,1,20,0,41,0,0,40,0,40,20,1,60,0,81,88,0,88,169
03/07/2021,FAY,NC,ASO,EN,Combined TRACON& Tower with Radar,20,0,14,0,34,0,0,31,0,31,20,0,45,0,65,42,0,42,107
03/08/2021,FAY,NC,ASO,EN,Combined TRACON& Tower with Radar,24,0,17,17,58,0,0,18,10,28,24,0,35,27,86,18,62,80,166
03/09/2021,FAY,NC,ASO,EN,Combined TRACON& Tower with Radar,18,0,14,5,37,0,0,40,1,41,18,0,54,6,78,34,0,34,112
03/10/2021,FAY,NC,ASO,EN,Combined TRACON& Tower with Radar,20,2,18,14,54,0,2,32,0,34,20,4,50,14,88,41,12,53,141
03/11/2021,FAY,NC,ASO,EN,Combined TRACON& Tower with Radar,24,2,17,27,70,0,0,38,1,39,24,2,55,28,109,28,16,44,153
03/12/2021,FAY,NC,ASO,EN,Combined TRACON& Tower with Radar,22,0,23,4,49,0,1,34,0,35,22,1,57,4,84,4,0,4,88
03/13/2021,FAY,NC,ASO,EN,Combined TRACON& Tower with Radar,20,0,18,0,38,0,3,44,1,48,20,3,62,1,86,92,0,92,178
03/14/2021,FAY,NC,ASO,EN,Combined TRACON& Tower with Radar,20,1,17,0,38,0,2,24,0,26,20,3,41,0,64,40,0,40,104
03/15/2021,FAY,NC,ASO,EN,Combined TRACON& Tower with Radar,22,0,18,9,49,0,0,22,1,23,22,0,40,10,72,6,2,8,80
03/16/2021,FAY,NC,ASO,EN,Combined TRACON& Tower with Radar,18,0,10,2,30,0,0,0,0,0,18,0,10,2,30,0,0,0,30
03/17/2021,FAY,NC,ASO,EN,Combined TRACON& Tower with Radar,17,6,13,41,77,0,0,1,0,1,17,6,14,41,78,0,4,4,82
03/18/2021,FAY,NC,ASO,EN,Combined TRACON& Tower with Radar,24,2,6,0,32,0,0,0,0,0,24,2,6,0,32,0,0,0,32
03/19/2021,FAY,NC,ASO,EN,Combined TRACON& Tower with Radar,23,0,16,18,57,0,0,0,0,0,23,0,16,18,57,0,12,12,69
03/20/2021,FAY,NC,ASO,EN,Combined TRACON& Tower with Radar,20,0,19,0,39,0,0,25,0,25,20,0,44,0,64,30,0,30,94
03/21/2021,FAY,NC,ASO,EN,Combined TRACON& Tower with Radar,22,3,8,2,35,0,1,14,0,15,22,4,22,2,50,22,0,22,72
03/22/2021,FAY,NC,ASO,EN,Combined TRACON& Tower with Radar,22,3,13,29,67,0,0,21,3,24,22,3,34,32,91,34,26,60,151
03/23/2021,FAY,NC,ASO,EN,Combined TRACON& Tower with Radar,18,2,25,25,70,0,0,2,0,2,18,2,27,25,72,0,8,8,80
03/24/2021,FAY,NC,ASO,EN,Combined TRACON& Tower with Radar,18,2,17,11,48,0,0,14,0,14,18,2,31,11,62,40,0,40,102
03/25/2021,FAY,NC,ASO,EN,Combined TRACON& Tower with Radar,22,2,17,9,50,0,3,19,4,26,22,5,36,13,76,56,4,60,136
03/26/2021,FAY,NC,ASO,EN,Combined TRACON& Tower with Radar,22,0,12,5,39,0,0,4,0,4,22,0,16,5,43,12,0,12,55
03/27/2021,FAY,NC,ASO,EN,Combined TRACON& Tower with Radar,20,0,7,1,28,0,0,20,0,20,20,0,27,1,48,12,0,12,60
03/28/2021,FAY,NC,ASO,EN,Combined TRACON& Tower with Radar,19,0,2,0,21,0,0,0,0,0,19,0,2,0,21,0,0,0,21
03/29/2021,FAY,NC,ASO,EN,Combined TRACON& Tower with Radar,23,4,15,13,55,0,1,28,1,30,23,5,43,14,85,28,30,58,143
03/30/2021,FAY,NC,ASO,EN,Combined TRACON& Tower with Radar,18,0,26,7,51,0,0,25,1,26,18,0,51,8,77,20,0,20,97
03/31/2021,FAY,NC,ASO,EN,Combined TRACON& Tower with Radar,18,1,12,0,31,0,0,7,0,7,18,1,19,0,38,46,0,46,84
04/01/2021,FAY,NC,ASO,EN,Combined TRACON& Tower with Radar,22,0,24,0,46,0,0,7,0,7,22,0,31,0,53,0,0,0,53
04/02/2021,FAY,NC,ASO,EN,Combined TRACON& Tower with Radar,22,2,19,0,43,0,0,29,0,29,22,2,48,0,72,0,0,0,72
04/03/2021,FAY,NC,ASO,EN,Combined TRACON& Tower with Radar,22,2,16,0,40,0,1,34,0,35,22,3,50,0,75,34,0,34,109
04/04/2021,FAY,NC,ASO,EN,Combined TRACON& Tower with Radar,20,0,6,0,26,0,0,31,0,31,20,0,37,0,57,42,0,42,99
04/05/2021,FAY,NC,ASO,EN,Combined TRACON& Tower with Radar,23,0,22,0,45,0,1,34,0,35,23,1,56,0,80,46,0,46,126
04/06/2021,FAY,NC,ASO,EN,Combined TRACON& Tower with Radar,19,0,22,16,57,0,1,24,4,29,19,1,46,20,86,6,26,32,118
04/07/2021,FAY,NC,ASO,EN,Combined TRACON& Tower with Radar,20,0,28,3,51,0,0,47,1,48,20,0,75,4,99,86,0,86,185
04/08/2021,FAY,NC,ASO,EN,Combined TRACON& Tower with Radar,22,0,16,23,61,0,0,36,1,37,22,0,52,24,98,62,0,62,160
04/09/2021,FAY,NC,ASO,EN,Combined TRACON& Tower with Radar,22,0,14,12,48,0,2,23,1,26,22,2,37,13,74,10,0,10,84
04/10/2021,FAY,NC,ASO,EN,Combined TRACON& Tower with Radar,20,0,10,2,32,0,0,23,0,23,20,0,33,2,55,44,0,44,99
04/11/2021,FAY,NC,ASO,EN,Combined TRACON& Tower with Radar,20,2,3,0,25,0,0,10,0,10,20,2,13,0,35,16,0,16,51
04/12/2021,FAY,NC,ASO,EN,Combined TRACON& Tower with Radar,22,0,13,11,46,0,1,21,5,27,22,1,34,16,73,18,26,44,117
04/13/2021,FAY,NC,ASO,EN,Combined TRACON& Tower with Radar,20,1,12,13,46,0,0,34,6,40,20,1,46,19,86,66,4,70,156
04/14/2021,FAY,NC,ASO,EN,Combined TRACON& Tower with Radar,24,3,11,10,48,0,4,22,0,26,24,7,33,10,74,26,0,26,100
04/15/2021,FAY,NC,ASO,EN,Combined TRACON& Tower with Radar,22,0,27,4,53,0,1,21,1,23,22,1,48,5,76,70,6,76,152
04/16/2021,FAY,NC,ASO,EN,Combined TRACON& Tower with Radar,24,7,20,2,53,0,1,44,0,45,24,8,64,2,98,64,0,64,162
04/17/2021,FAY,NC,ASO,EN,Combined TRACON& Tower with Radar,20,0,19,3,42,0,1,47,1,49,20,1,66,4,91,92,0,92,183
04/18/2021,FAY,NC,ASO,EN,Combined TRACON& Tower with Radar,21,0,11,0,32,0,0,23,0,23,21,0,34,0,55,154,0,154,209
04/19/2021,FAY,NC,ASO,EN,Combined TRACON& Tower with Radar,26,2,17,11,56,0,2,20,1,23,26,4,37,12,79,28,10,38,117
04/20/2021,FAY,NC,ASO,EN,Combined TRACON& Tower with Radar,20,2,16,3,41,0,2,29,2,33,20,4,45,5,74,60,8,68,142
04/21/2021,FAY,NC,ASO,EN,Combined TRACON& Tower with Radar,22,0,16,6,44,0,0,8,0,8,22,0,24,6,52,12,0,12,64
04/22/2021,FAY,NC,ASO,EN,Combined TRACON& Tower with Radar,22,2,20,11,55,0,2,17,3,22,22,4,37,14,77,12,0,12,89
04/23/2021,FAY,NC,ASO,EN,Combined TRACON& Tower with Radar,22,4,10,2,38,0,0,37,0,37,22,4,47,2,75,64,0,64,139
04/24/2021,FAY,NC,ASO,EN,Combined TRACON& Tower with Radar,20,0,13,0,33,0,0,10,0,10,20,0,23,0,43,42,0,42,85
04/25/2021,FAY,NC,ASO,EN,Combined TRACON& Tower with Radar,20,2,10,0,32,0,0,12,0,12,20,2,22,0,44,43,0,43,87
04/26/2021,FAY,NC,ASO,EN,Combined TRACON& Tower with Radar,22,0,16,7,45,0,2,39,0,41,22,2,55,7,86,18,4,22,108
04/27/2021,FAY,NC,ASO,EN,Combined TRACON& Tower with Radar,20,0,17,8,45,0,0,30,1,31,20,0,47,9,76,69,4,73,149
04/28/2021,FAY,NC,ASO,EN,Combined TRACON& Tower with Radar,22,0,20,10,52,0,0,25,6,31,22,0,45,16,83,56,6,62,145
04/29/2021,FAY,NC,ASO,EN,Combined TRACON& Tower with Radar,22,2,17,3,44,0,1,7,2,10,22,3,24,5,54,66,6,72,126
04/30/2021,FAY,NC,ASO,EN,Combined TRACON& Tower with Radar,22,0,13,0,35,0,0,15,2,17,22,0,28,2,52,0,0,0,52
05/01/2021,FAY,NC,ASO,EN,Combined TRACON& Tower with Radar,20,0,10,0,30,0,0,54,0,54,20,0,64,0,84,122,0,122,206
05/02/2021,FAY,NC,ASO,EN,Combined TRACON& Tower with Radar,20,2,10,0,32,0,0,47,0,47,20,2,57,0,79,92,0,92,171
05/03/2021,FAY,NC,ASO,EN,Combined TRACON& Tower with Radar,22,1,10,2,35,0,0,0,0,0,22,1,10,2,35,10,0,10,45
05/04/2021,FAY,NC,ASO,EN,Combined TRACON& Tower with Radar,23,4,9,4,40,0,0,4,0,4,23,4,13,4,44,26,0,26,70
05/05/2021,FAY,NC,ASO,EN,Combined TRACON& Tower with Radar,21,3,15,12,51,0,0,19,2,21,21,3,34,14,72,42,0,42,114
05/06/2021,FAY,NC,ASO,EN,Combined TRACON& Tower with Radar,19,6,20,9,54,0,0,31,1,32,19,6,51,10,86,68,0,68,154
05/07/2021,FAY,NC,ASO,EN,Combined TRACON& Tower with Radar,19,7,15,4,45,0,0,10,0,10,19,7,25,4,55,0,0,0,55
05/08/2021,FAY,NC,ASO,EN,Combined TRACON& Tower with Radar,19,2,12,2,35,0,0,16,0,16,19,2,28,2,51,10,0,10,61
05/09/2021,FAY,NC,ASO,EN,Combined TRACON& Tower with Radar,17,4,7,4,32,0,0,11,4,15,17,4,18,8,47,39,0,39,86
05/10/2021,FAY,NC,ASO,EN,Combined TRACON& Tower with Radar,20,2,9,0,31,0,0,2,0,2,20,2,11,0,33,0,0,0,33
05/11/2021,FAY,NC,ASO,EN,Combined TRACON& Tower with Radar,19,4,18,3,44,0,0,13,3,16,19,4,31,6,60,56,4,60,120
05/12/2021,FAY,NC,ASO,EN,Combined TRACON& Tower with Radar,20,4,18,2,44,0,0,6,0,6,20,4,24,2,50,0,0,0,50
05/13/2021,FAY,NC,ASO,EN,Combined TRACON& Tower with Radar,20,7,24,5,56,0,2,25,2,29,20,9,49,7,85,36,0,36,121
05/14/2021,FAY,NC,ASO,EN,Combined TRACON& Tower with Radar,20,5,20,4,49,0,0,24,0,24,20,5,44,4,73,18,0,18,91
05/15/2021,FAY,NC,ASO,EN,Combined TRACON& Tower with Radar,18,4,16,0,38,0,0,46,0,46,18,4,62,0,84,62,0,62,146
05/16/2021,FAY,NC,ASO,EN,Combined TRACON& Tower with Radar,17,5,19,0,41,0,0,33,0,33,17,5,52,0,74,74,0,74,148
05/17/2021,FAY,NC,ASO,EN,Combined TRACON& Tower with Radar,21,4,15,6,46,0,0,14,0,14,21,4,29,6,60,8,0,8,68
05/18/2021,FAY,NC,ASO,EN,Combined TRACON& Tower with Radar,17,4,16,2,39,0,0,36,0,36,17,4,52,2,75,70,0,70,145
05/19/2021,FAY,NC,ASO,EN,Combined TRACON& Tower with Radar,21,4,27,6,58,0,0,35,0,35,21,4,62,6,93,14,8,22,115
05/20/2021,FAY,NC,ASO,EN,Combined TRACON& Tower with Radar,22,2,14,4,42,0,0,23,0,23,22,2,37,4,65,80,6,86,151
05/21/2021,FAY,NC,ASO,EN,Combined TRACON& Tower with Radar,20,2,16,0,38,0,0,26,2,28,20,2,42,2,66,64,0,64,130
05/22/2021,FAY,NC,ASO,EN,Combined TRACON& Tower with Radar,18,2,9,0,29,0,2,30,0,32,18,4,39,0,61,122,0,122,183
05/23/2021,FAY,NC,ASO,EN,Combined TRACON& Tower with Radar,20,2,17,0,39,0,0,34,0,34,20,2,51,0,73,118,0,118,191
05/24/2021,FAY,NC,ASO,EN,Combined TRACON& Tower with Radar,19,2,12,11,44,0,0,12,0,12,19,2,24,11,56,22,0,22,78
05/25/2021,FAY,NC,ASO,EN,Combined TRACON& Tower with Radar,18,4,26,2,50,0,0,8,0,8,18,4,34,2,58,44,0,44,102
05/26/2021,FAY,NC,ASO,EN,Combined TRACON& Tower with Radar,20,2,26,9,57,0,0,44,1,45,20,2,70,10,102,82,10,92,194
05/27/2021,FAY,NC,ASO,EN,Combined TRACON& Tower with Radar,20,3,28,9,60,0,0,41,1,42,20,3,69,10,102,76,6,82,184
05/28/2021,FAY,NC,ASO,EN,Combined TRACON& Tower with Radar,21,4,6,0,31,0,0,8,0,8,21,4,14,0,39,20,0,20,59
05/29/2021,FAY,NC,ASO,EN,Combined TRACON& Tower with Radar,18,5,4,0,27,0,0,16,0,16,18,5,20,0,43,40,0,40,83
05/30/2021,FAY,NC,ASO,EN,Combined TRACON& Tower with Radar,16,2,2,1,21,0,0,5,1,6,16,2,7,2,27,54,0,54,81
05/31/2021,FAY,NC,ASO,EN,Combined TRACON& Tower with Radar,19,4,10,0,33,0,0,36,0,36,19,4,46,0,69,18,0,18,87
06/01/2021,FAY,NC,ASO,EN,Combined TRACON& Tower with Radar,21,3,13,23,60,0,1,20,3,24,21,4,33,26,84,32,22,54,138
06/02/2021,FAY,NC,ASO,EN,Combined TRACON& Tower with Radar,18,7,19,5,49,0,0,1,0,1,18,7,20,5,50,6,0,6,56
06/03/2021,FAY,NC,ASO,EN,Combined TRACON& Tower with Radar,23,0,15,2,40,0,0,0,0,0,23,0,15,2,40,0,4,4,44
06/04/2021,FAY,NC,ASO,EN,Combined TRACON& Tower with Radar,23,1,9,13,46,0,1,11,2,14,23,2,20,15,60,66,2,68,128
06/05/2021,FAY,NC,ASO,EN,Combined TRACON& Tower with Radar,17,2,17,0,36,0,0,34,0,34,17,2,51,0,70,44,0,44,114
06/06/2021,FAY,NC,ASO,EN,Combined TRACON& Tower with Radar,19,3,10,2,34,0,0,13,0,13,19,3,23,2,47,64,0,64,111
06/07/2021,FAY,NC,ASO,EN,Combined TRACON& Tower with Radar,23,0,14,15,52,0,0,9,3,12,23,0,23,18,64,66,20,86,150
06/08/2021,FAY,NC,ASO,EN,Combined TRACON& Tower with Radar,23,2,13,5,43,0,0,8,1,9,23,2,21,6,52,56,0,56,108
06/09/2021,FAY,NC,ASO,EN,Combined TRACON& Tower with Radar,22,1,31,24,78,0,0,15,2,17,22,1,46,26,95,8,38,46,141
06/10/2021,FAY,NC,ASO,EN,Combined TRACON& Tower with Radar,22,0,27,10,59,0,0,3,2,5,22,0,30,12,64,4,0,4,68
06/11/2021,FAY,NC,ASO,EN,Combined TRACON& Tower with Radar,22,0,6,11,39,0,0,14,2,16,22,0,20,13,55,38,6,44,99
06/12/2021,FAY,NC,ASO,EN,Combined TRACON& Tower with Radar,16,3,8,1,28,0,0,11,0,11,16,3,19,1,39,6,0,6,45
06/13/2021,FAY,NC,ASO,EN,Combined TRACON& Tower with Radar,24,3,23,0,50,0,0,41,0,41,24,3,64,0,91,119,0,119,210
06/14/2021,FAY,NC,ASO,EN,Combined TRACON& Tower with Radar,22,0,19,18,59,0,4,26,2,32,22,4,45,20,91,20,14,34,125
06/15/2021,FAY,NC,ASO,EN,Combined TRACON& Tower with Radar,22,3,15,32,72,0,2,34,9,45,22,5,49,41,117,22,30,52,169
06/16/2021,FAY,NC,ASO,EN,Combined TRACON& Tower with Radar,22,1,26,22,71,0,0,22,7,29,22,1,48,29,100,20,16,36,136
06/17/2021,FAY,NC,ASO,EN,Combined TRACON& Tower with Radar,24,3,40,10,77,0,1,25,6,32,24,4,65,16,109,40,2,42,151
06/18/2021,FAY,NC,ASO,EN,Combined TRACON& Tower with Radar,21,0,11,2,34,0,0,30,0,30,21,0,41,2,64,64,0,64,128
06/19/2021,FAY,NC,ASO,EN,Combined TRACON& Tower with Radar,19,3,11,2,35,0,0,28,0,28,19,3,39,2,63,18,0,18,81
06/20/2021,FAY,NC,ASO,EN,Combined TRACON& Tower with Radar,23,2,9,1,35,0,0,0,0,0,23,2,9,1,35,0,0,0,35
06/21/2021,FAY,NC,ASO,EN,Combined TRACON& Tower with Radar,25,3,24,6,58,0,2,16,0,18,25,5,40,6,76,24,0,24,100
06/22/2021,FAY,NC,ASO,EN,Combined TRACON& Tower with Radar,21,3,18,11,53,0,0,4,1,5,21,3,22,12,58,0,8,8,66
06/23/2021,FAY,NC,ASO,EN,Combined TRACON& Tower with Radar,23,0,32,29,84,0,0,26,5,31,23,0,58,34,115,74,0,74,189
06/24/2021,FAY,NC,ASO,EN,Combined TRACON& Tower with Radar,24,2,18,17,61,0,2,24,9,35,24,4,42,26,96,86,30,116,212
06/25/2021,FAY,NC,ASO,EN,Combined TRACON& Tower with Radar,22,3,24,2,51,0,0,2,0,2,22,3,26,2,53,0,0,0,53
06/26/2021,FAY,NC,ASO,EN,Combined TRACON& Tower with Radar,18,4,5,8,35,0,0,9,0,9,18,4,14,8,44,42,0,42,86
06/27/2021,FAY,NC,ASO,EN,Combined TRACON& Tower with Radar,21,5,16,4,46,0,0,29,0,29,21,5,45,4,75,46,0,46,121
06/28/2021,FAY,NC,ASO,EN,Combined TRACON& Tower with Radar,22,1,16,14,53,0,1,8,2,11,22,2,24,16,64,0,0,0,64
06/29/2021,FAY,NC,ASO,EN,Combined TRACON& Tower with Radar,23,0,27,23,73,0,0,12,0,12,23,0,39,23,85,9,4,13,98
06/30/2021,FAY,NC,ASO,EN,Combined TRACON& Tower with Radar,21,2,21,7,51,0,1,29,2,32,21,3,50,9,83,62,0,62,145
07/01/2021,FAY,NC,ASO,EN,Combined TRACON& Tower with Radar,21,4,26,16,67,0,0,24,1,25,21,4,50,17,92,56,0,56,148
07/02/2021,FAY,NC,ASO,EN,Combined TRACON& Tower with Radar,26,1,10,0,37,0,1,3,0,4,26,2,13,0,41,12,0,12,53
07/03/2021,FAY,NC,ASO,EN,Combined TRACON& Tower with Radar,18,4,10,0,32,0,0,37,0,37,18,4,47,0,69,106,0,106,175
07/04/2021,FAY,NC,ASO,EN,Combined TRACON& Tower with Radar,16,0,5,2,23,0,0,10,1,11,16,0,15,3,34,28,0,28,62
07/05/2021,FAY,NC,ASO,EN,Combined TRACON& Tower with Radar,22,4,13,0,39,0,0,16,1,17,22,4,29,1,56,36,0,36,92
07/06/2021,FAY,NC,ASO,EN,Combined TRACON& Tower with Radar,22,2,19,13,56,0,3,19,2,24,22,5,38,15,80,24,12,36,116
07/07/2021,FAY,NC,ASO,EN,Combined TRACON& Tower with Radar,22,0,21,14,57,0,0,10,6,16,22,0,31,20,73,34,9,43,116
07/08/2021,FAY,NC,ASO,EN,Combined TRACON& Tower with Radar,18,0,10,5,33,0,0,3,1,4,18,0,13,6,37,0,4,4,41
07/09/2021,FAY,NC,ASO,EN,Combined TRACON& Tower with Radar,22,4,26,20,72,0,0,19,0,19,22,4,45,20,91,26,14,40,131
07/10/2021,FAY,NC,ASO,EN,Combined TRACON& Tower with Radar,18,5,15,0,38,0,0,14,0,14,18,5,29,0,52,26,0,26,78
07/11/2021,FAY,NC,ASO,EN,Combined TRACON& Tower with Radar,22,4,15,2,43,0,0,10,0,10,22,4,25,2,53,18,0,18,71
07/12/2021,FAY,NC,ASO,EN,Combined TRACON& Tower with Radar,21,1,23,7,52,0,0,13,4,17,21,1,36,11,69,10,12,22,91
07/13/2021,FAY,NC,ASO,EN,Combined TRACON& Tower with Radar,22,0,21,9,52,0,0,14,2,16,22,0,35,11,68,14,16,30,98
07/14/2021,FAY,NC,ASO,EN,Combined TRACON& Tower with Radar,24,0,30,18,72,0,1,27,4,32,24,1,57,22,104,58,14,72,176
07/15/2021,FAY,NC,ASO,EN,Combined TRACON& Tower with Radar,22,2,19,6,49,0,1,21,3,25,22,3,40,9,74,4,0,4,78
07/16/2021,FAY,NC,ASO,EN,Combined TRACON& Tower with Radar,23,4,10,9,46,0,0,25,5,30,23,4,35,14,76,26,16,42,118
07/17/2021,FAY,NC,ASO,EN,Combined TRACON& Tower with Radar,17,3,13,0,33,0,3,24,0,27,17,6,37,0,60,44,0,44,104
07/18/2021,FAY,NC,ASO,EN,Combined TRACON& Tower with Radar,20,3,16,4,43,0,1,11,0,12,20,4,27,4,55,38,0,38,93
07/19/2021,FAY,NC,ASO,EN,Combined TRACON& Tower with Radar,23,0,12,9,44,0,0,0,4,4,23,0,12,13,48,0,0,0,48
07/20/2021,FAY,NC,ASO,EN,Combined TRACON& Tower with Radar,21,5,21,17,64,0,0,27,2,29,21,5,48,19,93,64,4,68,161
07/21/2021,FAY,NC,ASO,EN,Combined TRACON& Tower with Radar,23,3,26,10,62,0,6,29,1,36,23,9,55,11,98,88,0,88,186
07/22/2021,FAY,NC,ASO,EN,Combined TRACON& Tower with Radar,23,8,14,10,55,0,0,27,0,27,23,8,41,10,82,94,8,102,184
07/23/2021,FAY,NC,ASO,EN,Combined TRACON& Tower with Radar,24,4,21,18,67,0,0,20,4,24,24,4,41,22,91,12,24,36,127
07/24/2021,FAY,NC,ASO,EN,Combined TRACON& Tower with Radar,18,3,19,4,44,0,2,27,1,30,18,5,46,5,74,45,6,51,125
07/25/2021,FAY,NC,ASO,EN,Combined TRACON& Tower with Radar,21,4,11,8,44,0,3,20,0,23,21,7,31,8,67,52,0,52,119
07/26/2021,FAY,NC,ASO,EN,Combined TRACON& Tower with Radar,22,4,18,4,48,0,0,15,2,17,22,4,33,6,65,8,0,8,73
07/27/2021,FAY,NC,ASO,EN,Combined TRACON& Tower with Radar,22,5,24,10,61,0,3,20,3,26,22,8,44,13,87,10,12,22,109
07/28/2021,FAY,NC,ASO,EN,Combined TRACON& Tower with Radar,23,3,19,6,51,0,2,10,5,17,23,5,29,11,68,20,10,30,98
07/29/2021,FAY,NC,ASO,EN,Combined TRACON& Tower with Radar,22,1,31,3,57,0,4,29,4,37,22,5,60,7,94,70,0,70,164
07/30/2021,FAY,NC,ASO,EN,Combined TRACON& Tower with Radar,22,2,21,3,48,0,0,20,5,25,22,2,41,8,73,18,2,20,93
07/31/2021,FAY,NC,ASO,EN,Combined TRACON& Tower with Radar,18,4,14,0,36,0,0,24,0,24,18,4,38,0,60,26,0,26,86
08/01/2021,FAY,NC,ASO,EN,Combined TRACON& Tower with Radar,19,1,14,0,34,0,0,3,0,3,19,1,17,0,37,16,0,16,53
08/02/2021,FAY,NC,ASO,EN,Combined TRACON& Tower with Radar,22,3,15,11,51,0,0,26,1,27,22,3,41,12,78,18,0,18,96
08/03/2021,FAY,NC,ASO,EN,Combined TRACON& Tower with Radar,19,3,22,7,51,0,0,0,0,0,19,3,22,7,51,0,0,0,51
08/04/2021,FAY,NC,ASO,EN,Combined TRACON& Tower with Radar,20,1,17,16,54,0,0,6,1,7,20,1,23,17,61,4,0,4,65
08/05/2021,FAY,NC,ASO,EN,Combined TRACON& Tower with Radar,22,9,29,16,76,0,4,21,1,26,22,13,50,17,102,66,0,66,168
08/06/2021,FAY,NC,ASO,EN,Combined TRACON& Tower with Radar,20,0,18,9,47,0,1,15,0,16,20,1,33,9,63,18,6,24,87
08/07/2021,FAY,NC,ASO,EN,Combined TRACON& Tower with Radar,18,2,9,3,32,0,0,1,0,1,18,2,10,3,33,0,0,0,33
08/08/2021,FAY,NC,ASO,EN,Combined TRACON& Tower with Radar,20,0,20,2,42,0,0,20,2,22,20,0,40,4,64,46,0,46,110
08/09/2021,FAY,NC,ASO,EN,Combined TRACON& Tower with Radar,20,3,12,16,51,0,2,24,5,31,20,5,36,21,82,26,5,31,113
08/10/2021,FAY,NC,ASO,EN,Combined TRACON& Tower with Radar,20,5,8,11,44,0,1,17,2,20,20,6,25,13,64,18,4,22,86
08/11/2021,FAY,NC,ASO,EN,Combined TRACON& Tower with Radar,20,0,16,22,58,0,0,30,6,36,20,0,46,28,94,98,0,98,192
08/12/2021,FAY,NC,ASO,EN,Combined TRACON& Tower with Radar,26,2,12,29,69,0,0,34,8,42,26,2,46,37,111,92,20,112,223
08/13/2021,FAY,NC,ASO,EN,Combined TRACON& Tower with Radar,18,0,9,14,41,0,0,41,4,45,18,0,50,18,86,122,0,122,208
08/14/2021,FAY,NC,ASO,EN,Combined TRACON& Tower with Radar,18,2,12,6,38,0,1,31,0,32,18,3,43,6,70,36,0,36,106
08/15/2021,FAY,NC,ASO,EN,Combined TRACON& Tower with Radar,21,0,4,1,26,0,0,10,0,10,21,0,14,1,36,40,0,40,76
08/16/2021,FAY,NC,ASO,EN,Combined TRACON& Tower with Radar,18,0,14,5,37,0,2,11,1,14,18,2,25,6,51,12,0,12,63
08/17/2021,FAY,NC,ASO,EN,Combined TRACON& Tower with Radar,18,2,6,32,58,0,0,3,2,5,18,2,9,34,63,0,6,6,69
08/18/2021,FAY,NC,ASO,EN,Combined TRACON& Tower with Radar,17,0,11,14,42,0,1,3,1,5,17,1,14,15,47,8,19,27,74
08/19/2021,FAY,NC,ASO,EN,Combined TRACON& Tower with Radar,23,0,23,13,59,0,5,20,13,38,23,5,43,26,97,24,12,36,133
08/20/2021,FAY,NC,ASO,EN,Combined TRACON& Tower with Radar,22,0,14,2,38,0,0,7,0,7,22,0,21,2,45,108,4,112,157
08/21/2021,FAY,NC,ASO,EN,Combined TRACON& Tower with Radar,20,1,19,8,48,0,0,12,8,20,20,1,31,16,68,20,0,20,88
08/22/2021,FAY,NC,ASO,EN,Combined TRACON& Tower with Radar,21,0,9,2,32,0,0,19,0,19,21,0,28,2,51,44,0,44,95
08/23/2021,FAY,NC,ASO,EN,Combined TRACON& Tower with Radar,18,0,16,6,40,0,1,18,3,22,18,1,34,9,62,47,0,47,109
08/24/2021,FAY,NC,ASO,EN,Combined TRACON& Tower with Radar,17,0,20,11,48,0,3,39,8,50,17,3,59,19,98,78,0,78,176
08/25/2021,FAY,NC,ASO,EN,Combined TRACON& Tower with Radar,17,0,16,12,45,0,2,25,13,40,17,2,41,25,85,40,8,48,133
08/26/2021,FAY,NC,ASO,EN,Combined TRACON& Tower with Radar,22,4,34,12,72,0,3,41,9,53,22,7,75,21,125,68,12,80,205
08/27/2021,FAY,NC,ASO,EN,Combined TRACON& Tower with Radar,20,0,22,10,52,0,3,33,6,42,20,3,55,16,94,74,0,74,168
08/28/2021,FAY,NC,ASO,EN,Combined TRACON& Tower with Radar,18,0,14,1,33,0,2,40,0,42,18,2,54,1,75,58,0,58,133
08/29/2021,FAY,NC,ASO,EN,Combined TRACON& Tower with Radar,21,1,16,1,39,0,0,22,0,22,21,1,38,1,61,36,0,36,97
08/30/2021,FAY,NC,ASO,EN,Combined TRACON& Tower with Radar,19,8,20,12,59,0,1,16,5,22,19,9,36,17,81,12,24,36,117
08/31/2021,FAY,NC,ASO,EN,Combined TRACON& Tower with Radar,15,1,15,17,48,0,1,26,7,34,15,2,41,24,82,66,8,74,156
09/01/2021,FAY,NC,ASO,EN,Combined TRACON& Tower with Radar,18,0,10,12,40,0,1,3,4,8,18,1,13,16,48,0,2,2,50
09/02/2021,FAY,NC,ASO,EN,Combined TRACON& Tower with Radar,21,0,26,18,65,0,1,26,3,30,21,1,52,21,95,84,4,88,183
09/03/2021,FAY,NC,ASO,EN,Combined TRACON& Tower with Radar,20,0,12,4,36,0,0,22,0,22,20,0,34,4,58,84,0,84,142
09/04/2021,FAY,NC,ASO,EN,Combined TRACON& Tower with Radar,16,0,7,1,24,0,0,35,0,35,16,0,42,1,59,94,0,94,153
09/05/2021,FAY,NC,ASO,EN,Combined TRACON& Tower with Radar,16,0,10,0,26,0,2,15,0,17,16,2,25,0,43,32,0,32,75
09/06/2021,FAY,NC,ASO,EN,Combined TRACON& Tower with Radar,16,0,14,2,32,0,1,18,0,19,16,1,32,2,51,54,0,54,105
09/07/2021,FAY,NC,ASO,EN,Combined TRACON& Tower with Radar,20,0,28,25,73,0,0,15,6,21,20,0,43,31,94,34,18,52,146
09/08/2021,FAY,NC,ASO,EN,Combined TRACON& Tower with Radar,16,0,19,21,56,0,0,10,4,14,16,0,29,25,70,38,44,82,152
09/09/2021,FAY,NC,ASO,EN,Combined TRACON& Tower with Radar,20,2,12,10,44,0,0,4,2,6,20,2,16,12,50,2,0,2,52
09/10/2021,FAY,NC,ASO,EN,Combined TRACON& Tower with Radar,19,2,17,13,51,0,0,35,9,44,19,2,52,22,95,76,0,76,171
09/11/2021,FAY,NC,ASO,EN,Combined TRACON& Tower with Radar,17,4,21,2,44,0,1,40,0,41,17,5,61,2,85,50,0,50,135
09/12/2021,FAY,NC,ASO,EN,Combined TRACON& Tower with Radar,22,0,16,6,44,0,3,19,0,22,22,3,35,6,66,14,0,14,80
09/13/2021,FAY,NC,ASO,EN,Combined TRACON& Tower with Radar,17,3,25,19,64,0,3,36,5,44,17,6,61,24,108,36,18,54,162
09/14/2021,FAY,NC,ASO,EN,Combined TRACON& Tower with Radar,16,2,18,17,53,0,3,27,2,32,16,5,45,19,85,34,0,34,119
09/15/2021,FAY,NC,ASO,EN,Combined TRACON& Tower with Radar,16,2,7,13,38,0,0,8,8,16,16,2,15,21,54,22,4,26,80
09/16/2021,FAY,NC,ASO,EN,Combined TRACON& Tower with Radar,22,4,16,20,62,0,5,16,2,23,22,9,32,22,85,44,8,52,137
09/17/2021,FAY,NC,ASO,EN,Combined TRACON& Tower with Radar,20,0,30,8,58,0,0,9,2,11,20,0,39,10,69,10,0,10,79
09/18/2021,FAY,NC,ASO,EN,Combined TRACON& Tower with Radar,18,1,15,0,34,0,0,20,4,24,18,1,35,4,58,40,0,40,98
09/19/2021,FAY,NC,ASO,EN,Combined TRACON& Tower with Radar,20,1,11,5,37,0,0,22,0,22,20,1,33,5,59,24,10,34,93
09/20/2021,FAY,NC,ASO,EN,Combined TRACON& Tower with Radar,18,0,17,9,44,0,2,11,3,16,18,2,28,12,60,46,0,46,106
09/21/2021,FAY,NC,ASO,EN,Combined TRACON& Tower with Radar,18,0,21,23,62,0,0,0,0,0,18,0,21,23,62,0,0,0,62
09/22/2021,FAY,NC,ASO,EN,Combined TRACON& Tower with Radar,18,2,16,12,48,0,0,0,0,0,18,2,16,12,48,0,0,0,48
09/23/2021,FAY,NC,ASO,EN,Combined TRACON& Tower with Radar,22,4,41,25,92,0,2,35,19,56,22,6,76,44,148,34,40,74,222
09/24/2021,FAY,NC,ASO,EN,Combined TRACON& Tower with Radar,20,0,16,27,63,0,1,43,2,46,20,1,59,29,109,46,18,64,173
09/25/2021,FAY,NC,ASO,EN,Combined TRACON& Tower with Radar,17,4,8,0,29,0,2,22,0,24,17,6,30,0,53,44,0,44,97
09/26/2021,FAY,NC,ASO,EN,Combined TRACON& Tower with Radar,21,0,18,8,47,0,0,22,0,22,21,0,40,8,69,18,0,18,87
09/27/2021,FAY,NC,ASO,EN,Combined TRACON& Tower with Radar,18,3,18,16,55,0,0,42,2,44,18,3,60,18,99,44,32,76,175
09/28/2021,FAY,NC,ASO,EN,Combined TRACON& Tower with Radar,18,2,26,15,61,0,2,32,9,43,18,4,58,24,104,78,6,84,188
09/29/2021,FAY,NC,ASO,EN,Combined TRACON& Tower with Radar,18,2,25,9,54,0,2,22,4,28,18,4,47,13,82,42,0,42,124
09/30/2021,FAY,NC,ASO,EN,Combined TRACON& Tower with Radar,19,0,17,16,52,0,0,18,5,23,19,0,35,21,75,66,6,72,147
10/01/2021,FAY,NC,ASO,EN,Combined TRACON& Tower with Radar,20,0,11,8,39,0,0,34,0,34,20,0,45,8,73,120,0,120,193
10/02/2021,FAY,NC,ASO,EN,Combined TRACON& Tower with Radar,17,0,11,0,28,0,0,37,0,37,17,0,48,0,65,26,0,26,91
10/03/2021,FAY,NC,ASO,EN,Combined TRACON& Tower with Radar,20,3,15,2,40,0,1,18,0,19,20,4,33,2,59,16,0,16,75
10/04/2021,FAY,NC,ASO,EN,Combined TRACON& Tower with Radar,18,6,10,6,40,0,1,10,2,13,18,7,20,8,53,32,0,32,85
10/05/2021,FAY,NC,ASO,EN,Combined TRACON& Tower with Radar,14,0,24,0,38,0,0,17,2,19,14,0,41,2,57,24,0,24,81
10/06/2021,FAY,NC,ASO,EN,Combined TRACON& Tower with Radar,14,2,22,5,43,0,3,20,4,27,14,5,42,9,70,52,8,60,130
10/07/2021,FAY,NC,ASO,EN,Combined TRACON& Tower with Radar,18,2,32,8,60,0,0,0,0,0,18,2,32,8,60,0,2,2,62
10/08/2021,FAY,NC,ASO,EN,Combined TRACON& Tower with Radar,20,3,31,5,59,0,0,4,0,4,20,3,35,5,63,34,0,34,97
10/09/2021,FAY,NC,ASO,EN,Combined TRACON& Tower with Radar,16,1,12,0,29,0,0,0,0,0,16,1,12,0,29,0,0,0,29
10/10/2021,FAY,NC,ASO,EN,Combined TRACON& Tower with Radar,24,3,11,3,41,0,0,6,0,6,24,3,17,3,47,8,0,8,55
10/11/2021,FAY,NC,ASO,EN,Combined TRACON& Tower with Radar,18,2,27,1,48,0,0,11,0,11,18,2,38,1,59,52,0,52,111
10/12/2021,FAY,NC,ASO,EN,Combined TRACON& Tower with Radar,16,2,24,13,55,0,0,14,0,14,16,2,38,13,69,42,0,42,111
10/13/2021,FAY,NC,ASO,EN,Combined TRACON& Tower with Radar,18,0,22,18,58,0,0,29,4,33,18,0,51,22,91,56,10,66,157
10/14/2021,FAY,NC,ASO,EN,Combined TRACON& Tower with Radar,18,2,27,13,60,0,2,25,4,31,18,4,52,17,91,30,10,40,131
10/15/2021,FAY,NC,ASO,EN,Combined TRACON& Tower with Radar,18,4,10,4,36,0,0,27,5,32,18,4,37,9,68,54,0,54,122
10/16/2021,FAY,NC,ASO,EN,Combined TRACON& Tower with Radar,21,2,14,0,37,0,0,20,0,20,21,2,34,0,57,66,0,66,123
10/17/2021,FAY,NC,ASO,EN,Combined TRACON& Tower with Radar,19,8,20,2,49,0,1,16,0,17,19,9,36,2,66,4,0,4,70
10/18/2021,FAY,NC,ASO,EN,Combined TRACON& Tower with Radar,20,0,21,5,46,0,0,19,2,21,20,0,40,7,67,20,6,26,93
10/19/2021,FAY,NC,ASO,EN,Combined TRACON& Tower with Radar,20,0,21,3,44,0,0,26,2,28,20,0,47,5,72,60,0,60,132
10/20/2021,FAY,NC,ASO,EN,Combined TRACON& Tower with Radar,18,4,12,2,36,0,1,43,4,48,18,5,55,6,84,90,12,102,186
10/21/2021,FAY,NC,ASO,EN,Combined TRACON& Tower with Radar,17,1,23,6,47,0,0,35,3,38,17,1,58,9,85,52,0,52,137
10/22/2021,FAY,NC,ASO,EN,Combined TRACON& Tower with Radar,18,0,21,10,49,0,1,24,5,30,18,1,45,15,79,30,6,36,115
10/23/2021,FAY,NC,ASO,EN,Combined TRACON& Tower with Radar,17,0,19,2,38,0,2,24,3,29,17,2,43,5,67,20,0,20,87
10/24/2021,FAY,NC,ASO,EN,Combined TRACON& Tower with Radar,19,2,12,2,35,0,0,17,0,17,19,2,29,2,52,8,0,8,60
10/25/2021,FAY,NC,ASO,EN,Combined TRACON& Tower with Radar,17,4,12,25,58,0,0,7,0,7,17,4,19,25,65,30,16,46,111
10/26/2021,FAY,NC,ASO,EN,Combined TRACON& Tower with Radar,17,4,10,7,38,0,0,19,0,19,17,4,29,7,57,6,0,6,63
10/27/2021,FAY,NC,ASO,EN,Combined TRACON& Tower with Radar,18,0,15,9,42,0,0,36,2,38,18,0,51,11,80,42,14,56,136
10/28/2021,FAY,NC,ASO,EN,Combined TRACON& Tower with Radar,18,2,6,2,28,0,0,10,0,10,18,2,16,2,38,4,0,4,42
10/29/2021,FAY,NC,ASO,EN,Combined TRACON& Tower with Radar,19,0,14,4,37,0,0,14,0,14,19,0,28,4,51,32,0,32,83
10/30/2021,FAY,NC,ASO,EN,Combined TRACON& Tower with Radar,16,2,10,8,36,0,0,27,0,27,16,2,37,8,63,62,0,62,125
10/31/2021,FAY,NC,ASO,EN,Combined TRACON& Tower with Radar,19,1,21,2,43,0,0,34,0,34,19,1,55,2,77,54,0,54,131
11/01/2021,FAY,NC,ASO,EN,Combined TRACON& Tower with Radar,18,2,20,12,52,0,2,38,1,41,18,4,58,13,93,40,2,42,135
11/02/2021,FAY,NC,ASO,EN,Combined TRACON& Tower with Radar,8,6,17,10,41,0,5,21,2,28,8,11,38,12,69,40,0,40,109
11/03/2021,FAY,NC,ASO,EN,Combined TRACON& Tower with Radar,10,8,23,15,56,0,2,26,5,33,10,10,49,20,89,56,24,80,169
11/04/2021,FAY,NC,ASO,EN,Combined TRACON& Tower with Radar,10,9,23,15,57,0,0,8,2,10,10,9,31,17,67,18,0,18,85
11/05/2021,FAY,NC,ASO,EN,Combined TRACON& Tower with Radar,10,12,15,2,39,0,0,20,0,20,10,12,35,2,59,36,0,36,95
11/06/2021,FAY,NC,ASO,EN,Combined TRACON& Tower with Radar,8,8,2,2,20,0,0,4,0,4,8,8,6,2,24,0,0,0,24
11/07/2021,FAY,NC,ASO,EN,Combined TRACON& Tower with Radar,10,6,10,2,28,0,0,6,0,6,10,6,16,2,34,0,0,0,34
11/08/2021,FAY,NC,ASO,EN,Combined TRACON& Tower with Radar,10,9,15,14,48,0,0,14,2,16,10,9,29,16,64,20,0,20,84
11/09/2021,FAY,NC,ASO,EN,Combined TRACON& Tower with Radar,8,12,20,9,49,0,0,34,3,37,8,12,54,12,86,0,24,24,110
11/10/2021,FAY,NC,ASO,EN,Combined TRACON& Tower with Radar,9,6,28,25,68,0,0,25,10,35,9,6,53,35,103,14,24,38,141
11/11/2021,FAY,NC,ASO,EN,Combined TRACON& Tower with Radar,10,8,24,2,44,0,0,27,0,27,10,8,51,2,71,48,0,48,119
11/12/2021,FAY,NC,ASO,EN,Combined TRACON& Tower with Radar,11,13,13,6,43,0,0,36,0,36,11,13,49,6,79,68,8,76,155
11/13/2021,FAY,NC,ASO,EN,Combined TRACON& Tower with Radar,8,9,16,0,33,0,2,31,0,33,8,11,47,0,66,44,0,44,110
11/14/2021,FAY,NC,ASO,EN,Combined TRACON& Tower with Radar,10,7,21,1,39,0,0,49,0,49,10,7,70,1,88,53,0,53,141
11/15/2021,FAY,NC,ASO,EN,Combined TRACON& Tower with Radar,10,8,23,18,59,0,0,21,7,28,10,8,44,25,87,10,10,20,107
11/16/2021,FAY,NC,ASO,EN,Combined TRACON& Tower with Radar,8,6,35,13,62,0,0,34,5,39,8,6,69,18,101,28,38,66,167
11/17/2021,FAY,NC,ASO,EN,Combined TRACON& Tower with Radar,12,9,27,5,53,0,0,36,0,36,12,9,63,5,89,40,20,60,149
11/18/2021,FAY,NC,ASO,EN,Combined TRACON& Tower with Radar,12,8,25,11,56,0,0,27,0,27,12,8,52,11,83,44,14,58,141
11/19/2021,FAY,NC,ASO,EN,Combined TRACON& Tower with Radar,12,6,22,9,49,0,0,34,1,35,12,6,56,10,84,0,10,10,94
11/20/2021,FAY,NC,ASO,EN,Combined TRACON& Tower with Radar,11,6,15,1,33,0,1,35,0,36,11,7,50,1,69,80,0,80,149
11/21/2021,FAY,NC,ASO,EN,Combined TRACON& Tower with Radar,13,4,17,0,34,0,0,37,0,37,13,4,54,0,71,64,0,64,135
11/22/2021,FAY,NC,ASO,EN,Combined TRACON& Tower with Radar,11,9,3,0,23,0,0,2,2,4,11,9,5,2,27,0,0,0,27
11/23/2021,FAY,NC,ASO,EN,Combined TRACON& Tower with Radar,13,9,13,3,38,0,1,34,1,36,13,10,47,4,74,34,0,34,108
11/24/2021,FAY,NC,ASO,EN,Combined TRACON& Tower with Radar,12,8,12,3,35,0,0,21,1,22,12,8,33,4,57,22,0,22,79
11/25/2021,FAY,NC,ASO,EN,Combined TRACON& Tower with Radar,8,4,2,0,14,0,0,0,0,0,8,4,2,0,14,0,0,0,14
11/26/2021,FAY,NC,ASO,EN,Combined TRACON& Tower with Radar,12,5,6,0,23,0,0,9,0,9,12,5,15,0,32,8,0,8,40
11/27/2021,FAY,NC,ASO,EN,Combined TRACON& Tower with Radar,12,8,15,0,35,0,0,23,0,23,12,8,38,0,58,4,0,4,62
11/28/2021,FAY,NC,ASO,EN,Combined TRACON& Tower with Radar,12,14,22,0,48,0,2,37,0,39,12,16,59,0,87,20,0,20,107
11/29/2021,FAY,NC,ASO,EN,Combined TRACON& Tower with Radar,11,6,19,7,43,0,0,20,2,22,11,6,39,9,65,22,4,26,91
11/30/2021,FAY,NC,ASO,EN,Combined TRACON& Tower with Radar,12,7,14,3,36,0,0,16,1,17,12,7,30,4,53,0,0,0,53
12/01/2021,FAY,NC,ASO,EN,Combined TRACON& Tower with Radar,10,6,16,0,32,0,0,37,0,37,10,6,53,0,69,58,0,58,127
12/02/2021,FAY,NC,ASO,EN,Combined TRACON& Tower with Radar,11,8,17,0,36,0,0,41,0,41,11,8,58,0,77,62,0,62,139
12/03/2021,FAY,NC,ASO,EN,Combined TRACON& Tower with Radar,10,9,18,14,51,0,1,38,0,39,10,10,56,14,90,28,0,28,118
12/04/2021,FAY,NC,ASO,EN,Combined TRACON& Tower with Radar,8,10,16,0,34,0,0,29,2,31,8,10,45,2,65,20,0,20,85
12/05/2021,FAY,NC,ASO,EN,Combined TRACON& Tower with Radar,10,6,19,1,36,0,0,24,1,25,10,6,43,2,61,64,0,64,125
12/06/2021,FAY,NC,ASO,EN,Combined TRACON& Tower with Radar,8,14,13,12,47,0,0,9,4,13,8,14,22,16,60,0,22,22,82
12/07/2021,FAY,NC,ASO,EN,Combined TRACON& Tower with Radar,8,6,16,10,40,0,0,13,0,13,8,6,29,10,53,22,16,38,91
12/08/2021,FAY,NC,ASO,EN,Combined TRACON& Tower with Radar,9,6,6,4,25,0,0,3,1,4,9,6,9,5,29,0,0,0,29
12/09/2021,FAY,NC,ASO,EN,Combined TRACON& Tower with Radar,8,8,20,5,41,0,0,27,3,30,8,8,47,8,71,44,8,52,123
12/10/2021,FAY,NC,ASO,EN,Combined TRACON& Tower with Radar,13,8,23,8,52,0,0,19,1,20,13,8,42,9,72,38,14,52,124
12/11/2021,FAY,NC,ASO,EN,Combined TRACON& Tower with Radar,8,11,9,0,28,0,0,0,0,0,8,11,9,0,28,0,0,0,28
12/12/2021,FAY,NC,ASO,EN,Combined TRACON& Tower with Radar,10,7,16,0,33,0,2,29,0,31,10,9,45,0,64,18,0,18,82
12/13/2021,FAY,NC,ASO,EN,Combined TRACON& Tower with Radar,8,10,13,8,39,0,1,30,0,31,8,11,43,8,70,34,0,34,104
12/14/2021,FAY,NC,ASO,EN,Combined TRACON& Tower with Radar,8,6,18,13,45,0,0,8,6,14,8,6,26,19,59,6,14,20,79
12/15/2021,FAY,NC,ASO,EN,Combined TRACON& Tower with Radar,11,6,11,2,30,0,0,35,2,37,11,6,46,4,67,38,12,50,117
12/16/2021,FAY,NC,ASO,EN,Combined TRACON& Tower with Radar,13,4,27,7,51,0,0,27,1,28,13,4,54,8,79,22,6,28,107
12/17/2021,FAY,NC,ASO,EN,Combined TRACON& Tower with Radar,9,8,31,12,60,0,0,2,0,2,9,8,33,12,62,0,0,0,62
12/18/2021,FAY,NC,ASO,EN,Combined TRACON& Tower with Radar,13,4,6,2,25,0,0,1,0,1,13,4,7,2,26,0,0,0,26
12/19/2021,FAY,NC,ASO,EN,Combined TRACON& Tower with Radar,14,8,9,4,35,0,0,0,0,0,14,8,9,4,35,0,0,0,35
12/20/2021,FAY,NC,ASO,EN,Combined TRACON& Tower with Radar,11,6,16,10,43,0,2,25,1,28,11,8,41,11,71,50,0,50,121
12/21/2021,FAY,NC,ASO,EN,Combined TRACON& Tower with Radar,12,5,1,1,19,0,0,0,0,0,12,5,1,1,19,0,0,0,19
12/22/2021,FAY,NC,ASO,EN,Combined TRACON& Tower with Radar,13,9,18,4,44,0,4,20,0,24,13,13,38,4,68,12,6,18,86
12/23/2021,FAY,NC,ASO,EN,Combined TRACON& Tower with Radar,11,4,11,0,26,0,0,23,0,23,11,4,34,0,49,4,0,4,53
12/24/2021,FAY,NC,ASO,EN,Combined TRACON& Tower with Radar,9,4,2,0,15,0,1,8,0,9,9,5,10,0,24,0,0,0,24
12/25/2021,FAY,NC,ASO,EN,Combined TRACON& Tower with Radar,8,4,2,0,14,0,0,1,0,1,8,4,3,0,15,0,0,0,15
12/26/2021,FAY,NC,ASO,EN,Combined TRACON& Tower with Radar,12,4,10,0,26,0,0,16,0,16,12,4,26,0,42,6,0,6,48
12/27/2021,FAY,NC,ASO,EN,Combined TRACON& Tower with Radar,9,5,12,2,28,0,1,15,0,16,9,6,27,2,44,0,0,0,44
12/28/2021,FAY,NC,ASO,EN,Combined TRACON& Tower with Radar,12,7,8,6,33,0,0,8,0,8,12,7,16,6,41,0,0,0,41
12/29/2021,FAY,NC,ASO,EN,Combined TRACON& Tower with Radar,12,8,9,5,34,0,0,9,4,13,12,8,18,9,47,0,0,0,47
12/30/2021,FAY,NC,ASO,EN,Combined TRACON& Tower with Radar,12,4,14,0,30,0,0,0,0,0,12,4,14,0,30,0,0,0,30
12/31/2021,FAY,NC,ASO,EN,Combined TRACON& Tower with Radar,7,5,8,0,20,0,1,18,0,19,7,6,26,0,39,68,0,68,107
01/01/2022,FAY,NC,ASO,EN,Combined TRACON& Tower with Radar,11,4,2,0,17,0,0,2,0,2,11,4,4,0,19,0,0,0,19
01/02/2022,FAY,NC,ASO,EN,Combined TRACON& Tower with Radar,10,4,4,0,18,0,0,5,0,5,10,4,9,0,23,18,0,18,41
01/03/2022,FAY,NC,ASO,EN,Combined TRACON& Tower with Radar,11,8,2,0,21,0,1,1,0,2,11,9,3,0,23,0,0,0,23
01/04/2022,FAY,NC,ASO,EN,Combined TRACON& Tower with Radar,12,4,21,2,39,0,1,28,2,31,12,5,49,4,70,22,0,22,92
01/05/2022,FAY,NC,ASO,EN,Combined TRACON& Tower with Radar,11,9,23,2,45,0,0,11,0,11,11,9,34,2,56,6,0,6,62
01/06/2022,FAY,NC,ASO,EN,Combined TRACON& Tower with Radar,12,6,22,6,46,0,0,40,0,40,12,6,62,6,86,20,0,20,106
01/07/2022,FAY,NC,ASO,EN,Combined TRACON& Tower with Radar,12,6,18,6,42,0,0,22,0,22,12,6,40,6,64,63,0,63,127
01/08/2022,FAY,NC,ASO,EN,Combined TRACON& Tower with Radar,11,2,12,0,25,0,2,32,0,34,11,4,44,0,59,28,0,28,87
01/09/2022,FAY,NC,ASO,EN,Combined TRACON& Tower with Radar,11,6,4,0,21,0,0,18,0,18,11,6,22,0,39,14,0,14,53
01/10/2022,FAY,NC,ASO,EN,Combined TRACON& Tower with Radar,12,6,12,5,35,0,0,13,0,13,12,6,25,5,48,34,2,36,84
01/11/2022,FAY,NC,ASO,EN,Combined TRACON& Tower with Radar,10,4,11,14,39,0,0,16,0,16,10,4,27,14,55,16,0,16,71
01/12/2022,FAY,NC,ASO,EN,Combined TRACON& Tower with Radar,9,6,7,11,33,0,0,33,1,34,9,6,40,12,67,56,0,56,123
01/13/2022,FAY,NC,ASO,EN,Combined TRACON& Tower with Radar,10,6,13,5,34,0,0,28,2,30,10,6,41,7,64,72,10,82,146
01/14/2022,FAY,NC,ASO,EN,Combined TRACON& Tower with Radar,12,7,11,5,35,0,0,33,1,34,12,7,44,6,69,38,0,38,107
01/15/2022,FAY,NC,ASO,EN,Combined TRACON& Tower with Radar,9,2,3,10,24,0,0,26,0,26,9,2,29,10,50,60,0,60,110
01/16/2022,FAY,NC,ASO,EN,Combined TRACON& Tower with Radar,2,0,2,0,4,0,0,0,0,0,2,0,2,0,4,0,0,0,4
01/17/2022,FAY,NC,ASO,EN,Combined TRACON& Tower with Radar,8,0,5,0,13,0,0,1,0,1,8,0,6,0,14,0,0,0,14
01/18/2022,FAY,NC,ASO,EN,Combined TRACON& Tower with Radar,11,6,16,13,46,0,1,36,0,37,11,7,52,13,83,86,6,92,175
01/19/2022,FAY,NC,ASO,EN,Combined TRACON& Tower with Radar,11,10,23,21,65,0,3,41,1,45,11,13,64,22,110,82,15,97,207
01/20/2022,FAY,NC,ASO,EN,Combined TRACON& Tower with Radar,11,7,13,4,35,0,0,11,0,11,11,7,24,4,46,6,0,6,52
01/21/2022,FAY,NC,ASO,EN,Combined TRACON& Tower with Radar,3,2,0,0,5,0,0,1,0,1,3,2,1,0,6,0,0,0,6
01/22/2022,FAY,NC,ASO,EN,Combined TRACON& Tower with Radar,4,0,2,0,6,0,0,1,0,1,4,0,3,0,7,0,0,0,7
01/23/2022,FAY,NC,ASO,EN,Combined TRACON& Tower with Radar,13,9,10,0,32,0,0,19,0,19,13,9,29,0,51,40,0,40,91
01/24/2022,FAY,NC,ASO,EN,Combined TRACON& Tower with Radar,10,6,21,5,42,0,0,31,1,32,10,6,52,6,74,30,0,30,104
01/25/2022,FAY,NC,ASO,EN,Combined TRACON& Tower with Radar,11,4,18,5,38,0,0,22,1,23,11,4,40,6,61,44,0,44,105
01/26/2022,FAY,NC,ASO,EN,Combined TRACON& Tower with Radar,11,6,13,9,39,0,0,15,2,17,11,6,28,11,56,52,0,52,108
01/27/2022,FAY,NC,ASO,EN,Combined TRACON& Tower with Radar,12,6,17,8,43,0,1,30,4,35,12,7,47,12,78,36,0,36,114
01/28/2022,FAY,NC,ASO,EN,Combined TRACON& Tower with Radar,12,6,13,0,31,0,0,18,2,20,12,6,31,2,51,18,0,18,69
01/29/2022,FAY,NC,ASO,EN,Combined TRACON& Tower with Radar,11,4,7,0,22,0,0,0,0,0,11,4,7,0,22,0,0,0,22
01/30/2022,FAY,NC,ASO,EN,Combined TRACON& Tower with Radar,10,7,7,0,24,0,0,35,1,36,10,7,42,1,60,48,0,48,108
01/31/2022,FAY,NC,ASO,EN,Combined TRACON& Tower with Radar,11,7,21,24,63,0,2,26,8,36,11,9,47,32,99,36,14,50,149
02/01/2022,FAY,NC,ASO,EN,Combined TRACON& Tower with Radar,11,3,17,4,35,0,0,27,0,27,11,3,44,4,62,56,0,56,118
02/02/2022,FAY,NC,ASO,EN,Combined TRACON& Tower with Radar,11,4,19,8,42,0,0,35,2,37,11,4,54,10,79,42,12,54,133
02/03/2022,FAY,NC,ASO,EN,Combined TRACON& Tower with Radar,8,6,26,8,48,0,0,10,0,10,8,6,36,8,58,8,0,8,66
02/04/2022,FAY,NC,ASO,EN,Combined TRACON& Tower with Radar,8,8,6,2,24,0,0,1,0,1,8,8,7,2,25,0,0,0,25
02/05/2022,FAY,NC,ASO,EN,Combined TRACON& Tower with Radar,11,8,7,6,32,0,0,18,0,18,11,8,25,6,50,32,0,32,82
02/06/2022,FAY,NC,ASO,EN,Combined TRACON& Tower with Radar,8,10,16,1,35,0,0,23,0,23,8,10,39,1,58,8,0,8,66
02/07/2022,FAY,NC,ASO,EN,Combined TRACON& Tower with Radar,8,8,4,0,20,0,0,0,0,0,8,8,4,0,20,0,0,0,20
02/08/2022,FAY,NC,ASO,EN,Combined TRACON& Tower with Radar,10,7,21,12,50,0,2,20,0,22,10,9,41,12,72,10,20,30,102
02/09/2022,FAY,NC,ASO,EN,Combined TRACON& Tower with Radar,9,8,14,7,38,0,1,37,1,39,9,9,51,8,77,38,4,42,119
02/10/2022,FAY,NC,ASO,EN,Combined TRACON& Tower with Radar,10,8,18,14,50,0,0,33,4,37,10,8,51,18,87,46,30,76,163
02/11/2022,FAY,NC,ASO,EN,Combined TRACON& Tower with Radar,12,12,9,4,37,0,0,24,2,26,12,12,33,6,63,74,6,80,143
02/12/2022,FAY,NC,ASO,EN,Combined TRACON& Tower with Radar,9,6,5,0,20,0,0,32,1,33,9,6,37,1,53,12,0,12,65
02/13/2022,FAY,NC,ASO,EN,Combined TRACON& Tower with Radar,8,10,2,0,20,0,0,0,0,0,8,10,2,0,20,0,0,0,20
02/14/2022,FAY,NC,ASO,EN,Combined TRACON& Tower with Radar,13,8,10,13,44,0,1,12,2,15,13,9,22,15,59,34,18,52,111
02/15/2022,FAY,NC,ASO,EN,Combined TRACON& Tower with Radar,8,6,24,0,38,0,2,28,2,32,8,8,52,2,70,28,3,31,101
02/16/2022,FAY,NC,ASO,EN,Combined TRACON& Tower with Radar,10,14,19,15,58,0,3,21,0,24,10,17,40,15,82,38,10,48,130
02/17/2022,FAY,NC,ASO,EN,Combined TRACON& Tower with Radar,11,8,17,12,48,0,1,17,2,20,11,9,34,14,68,30,0,30,98
02/18/2022,FAY,NC,ASO,EN,Combined TRACON& Tower with Radar,6,8,16,0,30,0,0,9,0,9,6,8,25,0,39,0,0,0,39
02/19/2022,FAY,NC,ASO,EN,Combined TRACON& Tower with Radar,10,6,16,0,32,0,0,27,1,28,10,6,43,1,60,60,0,60,120
02/20/2022,FAY,NC,ASO,EN,Combined TRACON& Tower with Radar,8,7,19,0,34,0,0,32,0,32,8,7,51,0,66,64,0,64,130
02/21/2022,FAY,NC,ASO,EN,Combined TRACON& Tower with Radar,9,8,15,0,32,0,1,18,0,19,9,9,33,0,51,30,0,30,81
02/22/2022,FAY,NC,ASO,EN,Combined TRACON& Tower with Radar,9,6,22,12,49,0,1,6,0,7,9,7,28,12,56,12,20,32,88
02/23/2022,FAY,NC,ASO,EN,Combined TRACON& Tower with Radar,8,8,32,12,60,0,0,14,1,15,8,8,46,13,75,64,0,64,139
02/24/2022,FAY,NC,ASO,EN,Combined TRACON& Tower with Radar,8,12,25,21,66,0,0,0,0,0,8,12,25,21,66,0,12,12,78
02/25/2022,FAY,NC,ASO,EN,Combined TRACON& Tower with Radar,8,6,23,0,37,0,0,2,0,2,8,6,25,0,39,0,0,0,39
02/26/2022,FAY,NC,ASO,EN,Combined TRACON& Tower with Radar,10,6,22,0,38,0,1,30,0,31,10,7,52,0,69,22,0,22,91
02/27/2022,FAY,NC,ASO,EN,Combined TRACON& Tower with Radar,11,8,12,0,31,0,0,0,0,0,11,8,12,0,31,0,0,0,31
02/28/2022,FAY,NC,ASO,EN,Combined TRACON& Tower with Radar,10,8,16,13,47,0,0,19,2,21,10,8,35,15,68,13,6,19,87
03/01/2022,FAY,NC,ASO,EN,Combined TRACON& Tower with Radar,9,6,10,5,30,0,0,31,0,31,9,6,41,5,61,40,0,40,101
03/02/2022,FAY,NC,ASO,EN,Combined TRACON& Tower with Radar,8,7,15,4,34,0,1,28,0,29,8,8,43,4,63,54,0,54,117
03/03/2022,FAY,NC,ASO,EN,Combined TRACON& Tower with Radar,9,8,13,0,30,0,1,18,5,24,9,9,31,5,54,20,8,28,82
03/04/2022,FAY,NC,ASO,EN,Combined TRACON& Tower with Radar,8,9,21,0,38,0,0,25,0,25,8,9,46,0,63,16,0,16,79
03/05/2022,FAY,NC,ASO,EN,Combined TRACON& Tower with Radar,8,7,38,0,53,0,0,17,2,19,8,7,55,2,72,6,0,6,78
03/06/2022,FAY,NC,ASO,EN,Combined TRACON& Tower with Radar,9,7,14,0,30,0,0,12,0,12,9,7,26,0,42,0,0,0,42
03/07/2022,FAY,NC,ASO,EN,Combined TRACON& Tower with Radar,8,8,10,8,34,0,0,6,0,6,8,8,16,8,40,2,2,4,44
03/08/2022,FAY,NC,ASO,EN,Combined TRACON& Tower with Radar,6,4,14,1,25,0,1,18,0,19,6,5,32,1,44,46,22,68,112
03/09/2022,FAY,NC,ASO,EN,Combined TRACON& Tower with Radar,6,6,20,4,36,0,0,0,0,0,6,6,20,4,36,0,4,4,40
03/10/2022,FAY,NC,ASO,EN,Combined TRACON& Tower with Radar,8,8,31,11,58,0,0,1,0,1,8,8,32,11,59,0,0,0,59
03/11/2022,FAY,NC,ASO,EN,Combined TRACON& Tower with Radar,8,10,41,11,70,0,0,2,0,2,8,10,43,11,72,0,0,0,72
03/12/2022,FAY,NC,ASO,EN,Combined TRACON& Tower with Radar,7,6,1,0,14,0,0,0,0,0,7,6,1,0,14,0,0,0,14
03/13/2022,FAY,NC,ASO,EN,Combined TRACON& Tower with Radar,6,8,13,0,27,0,0,38,0,38,6,8,51,0,65,36,0,36,101
03/14/2022,FAY,NC,ASO,EN,Combined TRACON& Tower with Radar,9,9,17,13,48,0,0,33,2,35,9,9,50,15,83,36,8,44,127
03/15/2022,FAY,NC,ASO,EN,Combined TRACON& Tower with Radar,6,7,17,6,36,0,0,28,0,28,6,7,45,6,64,30,14,44,108
03/16/2022,FAY,NC,ASO,EN,Combined TRACON& Tower with Radar,6,4,16,6,32,0,0,10,0,10,6,4,26,6,42,4,0,4,46
03/17/2022,FAY,NC,ASO,EN,Combined TRACON& Tower with Radar,8,12,38,4,62,0,0,3,1,4,8,12,41,5,66,16,4,20,86
03/18/2022,FAY,NC,ASO,EN,Combined TRACON& Tower with Radar,8,10,6,12,36,0,0,24,0,24,8,10,30,12,60,52,16,68,128
03/19/2022,FAY,NC,ASO,EN,Combined TRACON& Tower with Radar,8,6,1,2,17,0,0,3,2,5,8,6,4,4,22,10,2,12,34
03/20/2022,FAY,NC,ASO,EN,Combined TRACON& Tower with Radar,8,16,7,1,32,0,0,16,0,16,8,16,23,1,48,4,0,4,52
03/21/2022,FAY,NC,ASO,EN,Combined TRACON& Tower with Radar,6,11,25,3,45,0,0,29,1,30,6,11,54,4,75,48,0,48,123
03/22/2022,FAY,NC,ASO,EN,Combined TRACON& Tower with Radar,6,5,18,8,37,0,0,32,1,33,6,5,50,9,70,55,12,67,137
03/23/2022,FAY,NC,ASO,EN,Combined TRACON& Tower with Radar,6,5,11,5,27,0,0,1,1,2,6,5,12,6,29,0,0,0,29
03/24/2022,FAY,NC,ASO,EN,Combined TRACON& Tower with Radar,8,9,12,2,31,0,0,3,0,3,8,9,15,2,34,0,0,0,34
03/25/2022,FAY,NC,ASO,EN,Combined TRACON& Tower with Radar,8,8,15,4,35,0,4,13,0,17,8,12,28,4,52,0,0,0,52
03/26/2022,FAY,NC,ASO,EN,Combined TRACON& Tower with Radar,12,6,5,0,23,0,0,7,1,8,12,6,12,1,31,12,0,12,43
03/27/2022,FAY,NC,ASO,EN,Combined TRACON& Tower with Radar,10,6,7,0,23,0,2,21,0,23,10,8,28,0,46,22,0,22,68
03/28/2022,FAY,NC,ASO,EN,Combined TRACON& Tower with Radar,8,8,17,5,38,0,2,30,3,35,8,10,47,8,73,30,0,30,103
03/29/2022,FAY,NC,ASO,EN,Combined TRACON& Tower with Radar,10,4,17,6,37,0,0,30,5,35,10,4,47,11,72,46,14,60,132
03/30/2022,FAY,NC,ASO,EN,Combined TRACON& Tower with Radar,6,6,17,11,40,0,3,4,1,8,6,9,21,12,48,12,24,36,84
03/31/2022,FAY,NC,ASO,EN,Combined TRACON& Tower with Radar,8,10,9,13,40,0,0,0,0,0,8,10,9,13,40,0,10,10,50
04/01/2022,FAY,NC,ASO,EN,Combined TRACON& Tower with Radar,10,8,24,5,47,0,2,24,3,29,10,10,48,8,76,10,0,10,86
04/02/2022,FAY,NC,ASO,EN,Combined TRACON& Tower with Radar,8,6,14,0,28,0,0,36,0,36,8,6,50,0,64,120,0,120,184
04/03/2022,FAY,NC,ASO,EN,Combined TRACON& Tower with Radar,10,8,6,0,24,0,0,13,0,13,10,8,19,0,37,32,0,32,69
04/04/2022,FAY,NC,ASO,EN,Combined TRACON& Tower with Radar,10,6,19,8,43,0,0,30,2,32,10,6,49,10,75,20,8,28,103
04/05/2022,FAY,NC,ASO,EN,Combined TRACON& Tower with Radar,11,3,21,2,37,0,0,5,3,8,11,3,26,5,45,0,0,0,45
04/06/2022,FAY,NC,ASO,EN,Combined TRACON& Tower with Radar,12,5,30,16,63,0,0,10,5,15,12,5,40,21,78,32,12,44,122
04/07/2022,FAY,NC,ASO,EN,Combined TRACON& Tower with Radar,12,5,26,8,51,0,0,2,1,3,12,5,28,9,54,0,5,5,59
04/08/2022,FAY,NC,ASO,EN,Combined TRACON& Tower with Radar,12,6,19,6,43,0,0,20,0,20,12,6,39,6,63,22,0,22,85
04/09/2022,FAY,NC,ASO,EN,Combined TRACON& Tower with Radar,9,4,11,0,24,0,1,15,0,16,9,5,26,0,40,16,0,16,56
04/10/2022,FAY,NC,ASO,EN,Combined TRACON& Tower with Radar,13,4,7,0,24,0,0,10,0,10,13,4,17,0,34,12,0,12,46
04/11/2022,FAY,NC,ASO,EN,Combined TRACON& Tower with Radar,11,6,18,6,41,0,1,33,8,42,11,7,51,14,83,42,0,42,125
04/12/2022,FAY,NC,ASO,EN,Combined TRACON& Tower with Radar,12,4,10,16,42,0,0,21,3,24,12,4,31,19,66,12,8,20,86
04/13/2022,FAY,NC,ASO,EN,Combined TRACON& Tower with Radar,13,4,18,11,46,0,0,18,2,20,13,4,36,13,66,22,0,22,88
04/14/2022,FAY,NC,ASO,EN,Combined TRACON& Tower with Radar,12,6,16,15,49,0,0,7,0,7,12,6,23,15,56,0,8,8,64
04/15/2022,FAY,NC,ASO,EN,Combined TRACON& Tower with Radar,14,6,9,3,32,0,0,22,5,27,14,6,31,8,59,14,0,14,73
04/16/2022,FAY,NC,ASO,EN,Combined TRACON& Tower with Radar,10,6,20,1,37,0,0,9,0,9,10,6,29,1,46,38,0,38,84
04/17/2022,FAY,NC,ASO,EN,Combined TRACON& Tower with Radar,14,2,5,0,21,0,0,13,0,13,14,2,18,0,34,38,0,38,72
04/18/2022,FAY,NC,ASO,EN,Combined TRACON& Tower with Radar,16,6,20,6,48,0,0,0,0,0,16,6,20,6,48,0,0,0,48
04/19/2022,FAY,NC,ASO,EN,Combined TRACON& Tower with Radar,12,5,13,10,40,0,0,11,1,12,12,5,24,11,52,8,0,8,60
04/20/2022,FAY,NC,ASO,EN,Combined TRACON& Tower with Radar,12,8,16,9,45,0,1,19,0,20,12,9,35,9,65,8,0,8,73
04/21/2022,FAY,NC,ASO,EN,Combined TRACON& Tower with Radar,12,4,27,6,49,0,1,22,3,26,12,5,49,9,75,102,24,126,201
04/22/2022,FAY,NC,ASO,EN,Combined TRACON& Tower with Radar,12,5,12,0,29,0,1,21,0,22,12,6,33,0,51,58,0,58,109
04/23/2022,FAY,NC,ASO,EN,Combined TRACON& Tower with Radar,11,9,19,2,41,0,1,33,0,34,11,10,52,2,75,58,0,58,133
04/24/2022,FAY,NC,ASO,EN,Combined TRACON& Tower with Radar,12,5,13,0,30,0,1,25,0,26,12,6,38,0,56,50,0,50,106
04/25/2022,FAY,NC,ASO,EN,Combined TRACON& Tower with Radar,13,7,19,3,42,0,2,25,3,30,13,9,44,6,72,26,6,32,104
04/26/2022,FAY,NC,ASO,EN,Combined TRACON& Tower with Radar,12,9,10,2,33,0,0,6,0,6,12,9,16,2,39,12,0,12,51
04/27/2022,FAY,NC,ASO,EN,Combined TRACON& Tower with Radar,12,4,14,0,30,0,2,21,3,26,12,6,35,3,56,34,0,34,90
04/28/2022,FAY,NC,ASO,EN,Combined TRACON& Tower with Radar,12,4,13,3,32,0,2,17,4,23,12,6,30,7,55,15,0,15,70
04/29/2022,FAY,NC,ASO,EN,Combined TRACON& Tower with Radar,12,4,11,10,37,0,0,33,1,34,12,4,44,11,71,68,12,80,151
04/30/2022,FAY,NC,ASO,EN,Combined TRACON& Tower with Radar,12,2,6,0,20,0,4,19,0,23,12,6,25,0,43,32,0,32,75
05/01/2022,FAY,NC,ASO,EN,Combined TRACON& Tower with Radar,11,4,9,0,24,0,0,23,0,23,11,4,32,0,47,28,0,28,75
05/02/2022,FAY,NC,ASO,EN,Combined TRACON& Tower with Radar,12,4,24,6,46,0,0,19,1,20,12,4,43,7,66,42,12,54,120
05/03/2022,FAY,NC,ASO,EN,Combined TRACON& Tower with Radar,13,4,17,2,36,0,0,30,3,33,13,4,47,5,69,8,2,10,79
05/04/2022,FAY,NC,ASO,EN,Combined TRACON& Tower with Radar,12,8,20,8,48,0,0,6,0,6,12,8,26,8,54,48,0,48,102
05/05/2022,FAY,NC,ASO,EN,Combined TRACON& Tower with Radar,10,11,47,2,70,0,0,5,2,7,10,11,52,4,77,2,4,6,83
05/06/2022,FAY,NC,ASO,EN,Combined TRACON& Tower with Radar,9,9,30,2,50,0,0,6,0,6,9,9,36,2,56,4,0,4,60
05/07/2022,FAY,NC,ASO,EN,Combined TRACON& Tower with Radar,13,4,4,0,21,0,0,9,0,9,13,4,13,0,30,18,0,18,48
05/08/2022,FAY,NC,ASO,EN,Combined TRACON& Tower with Radar,10,12,8,0,30,0,0,0,0,0,10,12,8,0,30,0,0,0,30
05/09/2022,FAY,NC,ASO,EN,Combined TRACON& Tower with Radar,10,12,14,8,44,0,0,22,0,22,10,12,36,8,66,32,2,34,100
05/10/2022,FAY,NC,ASO,EN,Combined TRACON& Tower with Radar,8,11,26,17,62,0,0,19,3,22,8,11,45,20,84,16,8,24,108
05/11/2022,FAY,NC,ASO,EN,Combined TRACON& Tower with Radar,10,6,8,1,25,0,0,15,1,16,10,6,23,2,41,10,6,16,57
05/12/2022,FAY,NC,ASO,EN,Combined TRACON& Tower with Radar,8,12,39,23,82,0,0,0,0,0,8,12,39,23,82,0,10,10,92
05/13/2022,FAY,NC,ASO,EN,Combined TRACON& Tower with Radar,9,10,17,15,51,0,0,0,0,0,9,10,17,15,51,6,6,12,63
05/14/2022,FAY,NC,ASO,EN,Combined TRACON& Tower with Radar,11,6,21,2,40,0,0,3,0,3,11,6,24,2,43,0,0,0,43
05/15/2022,FAY,NC,ASO,EN,Combined TRACON& Tower with Radar,10,10,14,0,34,0,2,32,0,34,10,12,46,0,68,58,0,58,126
05/16/2022,FAY,NC,ASO,EN,Combined TRACON& Tower with Radar,9,10,26,0,45,0,0,13,0,13,9,10,39,0,58,0,0,0,58
05/17/2022,FAY,NC,ASO,EN,Combined TRACON& Tower with Radar,9,9,21,5,44,0,0,52,2,54,9,9,73,7,98,30,10,40,138
05/18/2022,FAY,NC,ASO,EN,Combined TRACON& Tower with Radar,12,4,9,0,25,0,0,42,0,42,12,4,51,0,67,84,0,84,151
05/19/2022,FAY,NC,ASO,EN,Combined TRACON& Tower with Radar,10,10,9,10,39,0,0,11,1,12,10,10,20,11,51,4,0,4,55
05/20/2022,FAY,NC,ASO,EN,Combined TRACON& Tower with Radar,11,9,10,6,36,0,2,29,0,31,11,11,39,6,67,46,10,56,123
05/21/2022,FAY,NC,ASO,EN,Combined TRACON& Tower with Radar,11,6,3,2,22,0,0,27,0,27,11,6,30,2,49,32,0,32,81
05/22/2022,FAY,NC,ASO,EN,Combined TRACON& Tower with Radar,11,11,9,0,31,0,2,16,0,18,11,13,25,0,49,20,0,20,69
05/23/2022,FAY,NC,ASO,EN,Combined TRACON& Tower with Radar,9,10,19,10,48,0,0,6,0,6,9,10,25,10,54,20,2,22,76
05/24/2022,FAY,NC,ASO,EN,Combined TRACON& Tower with Radar,8,13,25,4,50,0,0,2,0,2,8,13,27,4,52,44,2,46,98
05/25/2022,FAY,NC,ASO,EN,Combined TRACON& Tower with Radar,10,8,57,18,93,0,0,14,2,16,10,8,71,20,109,48,20,68,177
05/26/2022,FAY,NC,ASO,EN,Combined TRACON& Tower with Radar,9,12,32,8,61,0,0,17,0,17,9,12,49,8,78,18,0,18,96
05/27/2022,FAY,NC,ASO,EN,Combined TRACON& Tower with Radar,10,10,10,0,30,0,0,0,0,0,10,10,10,0,30,0,0,0,30
05/28/2022,FAY,NC,ASO,EN,Combined TRACON& Tower with Radar,8,6,8,0,22,0,0,45,0,45,8,6,53,0,67,84,0,84,151
05/29/2022,FAY,NC,ASO,EN,Combined TRACON& Tower with Radar,9,6,19,0,34,0,2,33,0,35,9,8,52,0,69,100,0,100,169
05/30/2022,FAY,NC,ASO,EN,Combined TRACON& Tower with Radar,10,12,25,0,47,0,0,57,0,57,10,12,82,0,104,106,0,106,210
05/31/2022,FAY,NC,ASO,EN,Combined TRACON& Tower with Radar,8,8,10,1,27,0,1,27,1,29,8,9,37,2,56,42,0,42,98
06/01/2022,FAY,NC,ASO,EN,Combined TRACON& Tower with Radar,8,6,8,4,26,0,0,27,0,27,8,6,35,4,53,62,0,62,115
06/02/2022,FAY,NC,ASO,EN,Combined TRACON& Tower with Radar,11,13,11,5,40,0,0,24,0,24,11,13,35,5,64,30,6,36,100
06/03/2022,FAY,NC,ASO,EN,Combined TRACON& Tower with Radar,9,10,17,3,39,0,2,18,0,20,9,12,35,3,59,34,2,36,95
06/04/2022,FAY,NC,ASO,EN,Combined TRACON& Tower with Radar,9,11,14,0,34,0,0,24,0,24,9,11,38,0,58,32,0,32,90
06/05/2022,FAY,NC,ASO,EN,Combined TRACON& Tower with Radar,9,10,10,0,29,0,0,18,0,18,9,10,28,0,47,6,0,6,53
06/06/2022,FAY,NC,ASO,EN,Combined TRACON& Tower with Radar,12,8,14,4,38,0,0,27,0,27,12,8,41,4,65,42,0,42,107
06/07/2022,FAY,NC,ASO,EN,Combined TRACON& Tower with Radar,10,12,22,2,46,0,0,24,0,24,10,12,46,2,70,54,0,54,124
06/08/2022,FAY,NC,ASO,EN,Combined TRACON& Tower with Radar,10,8,13,2,33,0,0,13,0,13,10,8,26,2,46,12,0,12,58
06/09/2022,FAY,NC,ASO,EN,Combined TRACON& Tower with Radar,11,9,18,0,38,0,0,26,3,29,11,9,44,3,67,28,0,28,95
06/10/2022,FAY,NC,ASO,EN,Combined TRACON& Tower with Radar,12,11,16,3,42,0,0,16,1,17,12,11,32,4,59,74,0,74,133
06/11/2022,FAY,NC,ASO,EN,Combined TRACON& Tower with Radar,9,8,7,0,24,0,0,12,0,12,9,8,19,0,36,6,0,6,42
06/12/2022,FAY,NC,ASO,EN,Combined TRACON& Tower with Radar,11,8,10,0,29,0,0,3,0,3,11,8,13,0,32,20,0,20,52
06/13/2022,FAY,NC,ASO,EN,Combined TRACON& Tower with Radar,13,10,16,5,44,0,0,21,0,21,13,10,37,5,65,26,4,30,95
06/14/2022,FAY,NC,ASO,EN,Combined TRACON& Tower with Radar,10,11,26,9,56,0,0,26,0,26,10,11,52,9,82,60,0,60,142
06/15/2022,FAY,NC,ASO,EN,Combined TRACON& Tower with Radar,10,12,9,1,32,0,0,34,5,39,10,12,43,6,71,50,38,88,159
06/16/2022,FAY,NC,ASO,EN,Combined TRACON& Tower with Radar,11,6,19,2,38,0,0,21,2,23,11,6,40,4,61,18,6,24,85
06/17/2022,FAY,NC,ASO,EN,Combined TRACON& Tower with Radar,9,11,10,0,30,0,0,35,0,35,9,11,45,0,65,41,0,41,106
06/18/2022,FAY,NC,ASO,EN,Combined TRACON& Tower with Radar,8,8,5,0,21,0,0,12,0,12,8,8,17,0,33,14,0,14,47
06/19/2022,FAY,NC,ASO,EN,Combined TRACON& Tower with Radar,11,8,10,0,29,0,0,22,0,22,11,8,32,0,51,56,0,56,107
06/20/2022,FAY,NC,ASO,EN,Combined TRACON& Tower with Radar,11,12,26,0,49,0,0,37,1,38,11,12,63,1,87,22,0,22,109
06/21/2022,FAY,NC,ASO,EN,Combined TRACON& Tower with Radar,10,8,13,3,34,0,0,28,1,29,10,8,41,4,63,52,8,60,123
06/22/2022,FAY,NC,ASO,EN,Combined TRACON& Tower with Radar,10,8,18,0,36,0,0,22,1,23,10,8,40,1,59,34,2,36,95
06/23/2022,FAY,NC,ASO,EN,Combined TRACON& Tower with Radar,12,8,20,6,46,0,0,42,2,44,12,8,62,8,90,34,10,44,134
06/24/2022,FAY,NC,ASO,EN,Combined TRACON& Tower with Radar,12,7,6,7,32,0,0,24,1,25,12,7,30,8,57,22,8,30,87
06/25/2022,FAY,NC,ASO,EN,Combined TRACON& Tower with Radar,10,9,9,0,28,0,0,33,1,34,10,9,42,1,62,32,0,32,94
06/26/2022,FAY,NC,ASO,EN,Combined TRACON& Tower with Radar,12,8,23,0,43,0,0,33,0,33,12,8,56,0,76,24,0,24,100
06/27/2022,FAY,NC,ASO,EN,Combined TRACON& Tower with Radar,11,10,13,3,37,0,1,19,1,21,11,11,32,4,58,50,0,50,108
06/28/2022,FAY,NC,ASO,EN,Combined TRACON& Tower with Radar,13,8,22,7,50,0,0,29,1,30,13,8,51,8,80,38,8,46,126
06/29/2022,FAY,NC,ASO,EN,Combined TRACON& Tower with Radar,10,8,24,2,44,0,0,2,0,2,10,8,26,2,46,18,0,18,64
06/30/2022,FAY,NC,ASO,EN,Combined TRACON& Tower with Radar,12,8,18,6,44,0,0,19,1,20,12,8,37,7,64,62,0,62,126
07/01/2022,FAY,NC,ASO,EN,Combined TRACON& Tower with Radar,11,8,14,0,33,0,0,3,0,3,11,8,17,0,36,12,0,12,48
07/02/2022,FAY,NC,ASO,EN,Combined TRACON& Tower with Radar,9,6,9,0,24,0,0,4,0,4,9,6,13,0,28,18,0,18,46
07/03/2022,FAY,NC,ASO,EN,Combined TRACON& Tower with Radar,12,2,4,0,18,0,0,16,0,16,12,2,20,0,34,6,0,6,40
07/04/2022,FAY,NC,ASO,EN,Combined TRACON& Tower with Radar,12,8,6,0,26,0,0,4,0,4,12,8,10,0,30,0,0,0,30
07/05/2022,FAY,NC,ASO,EN,Combined TRACON& Tower with Radar,14,4,21,0,39,0,0,16,0,16,14,4,37,0,55,10,0,10,65
07/06/2022,FAY,NC,ASO,EN,Combined TRACON& Tower with Radar,11,6,15,3,35,0,0,25,1,26,11,6,40,4,61,64,0,64,125
07/07/2022,FAY,NC,ASO,EN,Combined TRACON& Tower with Radar,12,6,10,9,37,0,0,13,1,14,12,6,23,10,51,36,2,38,89
07/08/2022,FAY,NC,ASO,EN,Combined TRACON& Tower with Radar,10,3,16,1,30,0,0,12,0,12,10,3,28,1,42,28,0,28,70
07/09/2022,FAY,NC,ASO,EN,Combined TRACON& Tower with Radar,12,6,14,0,32,0,0,6,0,6,12,6,20,0,38,0,0,0,38
07/10/2022,FAY,NC,ASO,EN,Combined TRACON& Tower with Radar,15,7,8,0,30,0,0,0,0,0,15,7,8,0,30,0,0,0,30
07/11/2022,FAY,NC,ASO,EN,Combined TRACON& Tower with Radar,14,8,56,3,81,0,0,16,1,17,14,8,72,4,98,12,14,26,124
07/12/2022,FAY,NC,ASO,EN,Combined TRACON& Tower with Radar,12,4,21,0,37,0,0,40,1,41,12,4,61,1,78,38,0,38,116
07/13/2022,FAY,NC,ASO,EN,Combined TRACON& Tower with Radar,11,4,19,6,40,0,0,10,0,10,11,4,29,6,50,4,0,4,54
07/14/2022,FAY,NC,ASO,EN,Combined TRACON& Tower with Radar,15,8,28,8,59,0,0,5,0,5,15,8,33,8,64,0,0,0,64
07/15/2022,FAY,NC,ASO,EN,Combined TRACON& Tower with Radar,14,8,25,2,49,0,0,22,0,22,14,8,47,2,71,86,0,86,157
07/16/2022,FAY,NC,ASO,EN,Combined TRACON& Tower with Radar,14,4,21,0,39,0,0,27,0,27,14,4,48,0,66,10,0,10,76
07/17/2022,FAY,NC,ASO,EN,Combined TRACON& Tower with Radar,14,7,10,0,31,0,0,18,0,18,14,7,28,0,49,40,0,40,89
07/18/2022,FAY,NC,ASO,EN,Combined TRACON& Tower with Radar,14,9,42,0,65,0,0,13,0,13,14,9,55,0,78,14,0,14,92
07/19/2022,FAY,NC,ASO,EN,Combined TRACON& Tower with Radar,12,4,39,10,65,0,0,20,2,22,12,4,59,12,87,10,0,10,97
07/20/2022,FAY,NC,ASO,EN,Combined TRACON& Tower with Radar,12,6,13,6,37,0,0,29,2,31,12,6,42,8,68,54,0,54,122
07/21/2022,FAY,NC,ASO,EN,Combined TRACON& Tower with Radar,12,8,31,14,65,0,0,4,1,5,12,8,35,15,70,8,0,8,78
07/22/2022,FAY,NC,ASO,EN,Combined TRACON& Tower with Radar,13,6,19,0,38,0,0,17,0,17,13,6,36,0,55,30,0,30,85
07/23/2022,FAY,NC,ASO,EN,Combined TRACON& Tower with Radar,7,5,8,0,20,0,0,8,0,8,7,5,16,0,28,20,0,20,48
07/24/2022,FAY,NC,ASO,EN,Combined TRACON& Tower with Radar,12,6,7,0,25,0,0,16,0,16,12,6,23,0,41,53,0,53,94
07/25/2022,FAY,NC,ASO,EN,Combined TRACON& Tower with Radar,18,6,21,8,53,0,0,21,0,21,18,6,42,8,74,28,0,28,102
07/26/2022,FAY,NC,ASO,EN,Combined TRACON& Tower with Radar,12,6,18,2,38,0,0,25,2,27,12,6,43,4,65,58,0,58,123
07/27/2022,FAY,NC,ASO,EN,Combined TRACON& Tower with Radar,13,6,17,5,41,0,0,34,5,39,13,6,51,10,80,43,8,51,131
07/28/2022,FAY,NC,ASO,EN,Combined TRACON& Tower with Radar,14,6,23,3,46,0,3,43,0,46,14,9,66,3,92,44,0,44,136
07/29/2022,FAY,NC,ASO,EN,Combined TRACON& Tower with Radar,15,8,7,2,32,0,0,19,1,20,15,8,26,3,52,28,2,30,82
07/30/2022,FAY,NC,ASO,EN,Combined TRACON& Tower with Radar,10,8,7,0,25,0,0,15,0,15,10,8,22,0,40,14,0,14,54
07/31/2022,FAY,NC,ASO,EN,Combined TRACON& Tower with Radar,15,10,3,0,28,0,0,1,0,1,15,10,4,0,29,6,0,6,35
08/01/2022,FAY,NC,ASO,EN,Combined TRACON& Tower with Radar,14,6,18,0,38,0,0,29,0,29,14,6,47,0,67,66,0,66,133
08/02/2022,FAY,NC,ASO,EN,Combined TRACON& Tower with Radar,13,5,13,0,31,0,0,33,0,33,13,5,46,0,64,24,0,24,88
08/03/2022,FAY,NC,ASO,EN,Combined TRACON& Tower with Radar,12,9,19,4,44,0,0,26,0,26,12,9,45,4,70,32,0,32,102
08/04/2022,FAY,NC,ASO,EN,Combined TRACON& Tower with Radar,9,8,16,0,33,0,0,34,0,34,9,8,50,0,67,61,0,61,128
08/05/2022,FAY,NC,ASO,EN,Combined TRACON& Tower with Radar,12,10,15,2,39,0,0,28,1,29,12,10,43,3,68,54,0,54,122
08/06/2022,FAY,NC,ASO,EN,Combined TRACON& Tower with Radar,8,10,11,0,29,0,0,12,0,12,8,10,23,0,41,6,0,6,47
08/07/2022,FAY,NC,ASO,EN,Combined TRACON& Tower with Radar,13,14,10,0,37,0,0,21,0,21,13,14,31,0,58,24,0,24,82
08/08/2022,FAY,NC,ASO,EN,Combined TRACON& Tower with Radar,10,9,16,4,39,0,0,22,0,22,10,9,38,4,61,18,0,18,79
08/09/2022,FAY,NC,ASO,EN,Combined TRACON& Tower with Radar,10,9,4,0,23,0,0,29,0,29,10,9,33,0,52,52,0,52,104
08/10/2022,FAY,NC,ASO,EN,Combined TRACON& Tower with Radar,10,8,14,10,42,0,0,24,3,27,10,8,38,13,69,60,10,70,139
08/11/2022,FAY,NC,ASO,EN,Combined TRACON& Tower with Radar,8,8,4,0,20,0,0,9,0,9,8,8,13,0,29,40,0,40,69
08/12/2022,FAY,NC,ASO,EN,Combined TRACON& Tower with Radar,10,8,8,0,26,0,0,9,0,9,10,8,17,0,35,48,0,48,83
08/13/2022,FAY,NC,ASO,EN,Combined TRACON& Tower with Radar,8,8,14,0,30,0,0,34,0,34,8,8,48,0,64,44,0,44,108
08/14/2022,FAY,NC,ASO,EN,Combined TRACON& Tower with Radar,8,8,12,0,28,0,0,21,0,21,8,8,33,0,49,22,0,22,71
08/15/2022,FAY,NC,ASO,EN,Combined TRACON& Tower with Radar,8,10,12,2,32,0,0,21,0,21,8,10,33,2,53,4,0,4,57
08/16/2022,FAY,NC,ASO,EN,Combined TRACON& Tower with Radar,8,9,17,0,34,0,0,2,3,5,8,9,19,3,39,12,2,14,53
08/17/2022,FAY,NC,ASO,EN,Combined TRACON& Tower with Radar,10,10,13,2,35,0,0,34,5,39,10,10,47,7,74,82,0,82,156
08/18/2022,FAY,NC,ASO,EN,Combined TRACON& Tower with Radar,12,8,23,11,54,0,0,24,1,25,12,8,47,12,79,76,8,84,163
08/19/2022,FAY,NC,ASO,EN,Combined TRACON& Tower with Radar,10,9,11,0,30,0,0,10,0,10,10,9,21,0,40,0,0,0,40
08/20/2022,FAY,NC,ASO,EN,Combined TRACON& Tower with Radar,10,9,22,0,41,0,0,4,0,4,10,9,26,0,45,10,0,10,55
08/21/2022,FAY,NC,ASO,EN,Combined TRACON& Tower with Radar,12,9,5,0,26,0,0,8,0,8,12,9,13,0,34,10,0,10,44
08/22/2022,FAY,NC,ASO,EN,Combined TRACON& Tower with Radar,8,8,43,2,61,0,2,3,0,5,8,10,46,2,66,18,0,18,84
08/23/2022,FAY,NC,ASO,EN,Combined TRACON& Tower with Radar,10,8,22,2,42,0,0,23,0,23,10,8,45,2,65,68,0,68,133
08/24/2022,FAY,NC,ASO,EN,Combined TRACON& Tower with Radar,10,11,23,5,49,0,0,40,4,44,10,11,63,9,93,36,0,36,129
08/25/2022,FAY,NC,ASO,EN,Combined TRACON& Tower with Radar,10,9,22,4,45,0,0,20,1,21,10,9,42,5,66,0,0,0,66
08/26/2022,FAY,NC,ASO,EN,Combined TRACON& Tower with Radar,10,8,27,24,69,0,0,11,1,12,10,8,38,25,81,8,0,8,89
08/27/2022,FAY,NC,ASO,EN,Combined TRACON& Tower with Radar,10,8,12,2,32,0,2,24,1,27,10,10,36,3,59,14,0,14,73
08/28/2022,FAY,NC,ASO,EN,Combined TRACON& Tower with Radar,10,8,13,0,31,0,0,12,0,12,10,8,25,0,43,6,0,6,49
08/29/2022,FAY,NC,ASO,EN,Combined TRACON& Tower with Radar,9,10,25,2,46,0,0,13,1,14,9,10,38,3,60,30,0,30,90
08/30/2022,FAY,NC,ASO,EN,Combined TRACON& Tower with Radar,12,8,21,7,48,0,1,14,0,15,12,9,35,7,63,64,2,66,129
08/31/2022,FAY,NC,ASO,EN,Combined TRACON& Tower with Radar,13,11,20,13,57,0,1,19,2,22,13,12,39,15,79,66,10,76,155
09/01/2022,FAY,NC,ASO,EN,Combined TRACON& Tower with Radar,10,8,13,12,43,0,0,32,0,32,10,8,45,12,75,18,0,18,93
09/02/2022,FAY,NC,ASO,EN,Combined TRACON& Tower with Radar,12,8,20,2,42,0,0,49,1,50,12,8,69,3,92,53,0,53,145
09/03/2022,FAY,NC,ASO,EN,Combined TRACON& Tower with Radar,7,10,11,2,30,0,2,24,0,26,7,12,35,2,56,40,0,40,96
09/04/2022,FAY,NC,ASO,EN,Combined TRACON& Tower with Radar,9,8,6,0,23,0,0,18,0,18,9,8,24,0,41,24,0,24,65
09/05/2022,FAY,NC,ASO,EN,Combined TRACON& Tower with Radar,12,8,12,0,32,0,0,13,0,13,12,8,25,0,45,25,0,25,70
09/06/2022,FAY,NC,ASO,EN,Combined TRACON& Tower with Radar,10,9,22,8,49,0,0,15,0,15,10,9,37,8,64,20,0,20,84
09/07/2022,FAY,NC,ASO,EN,Combined TRACON& Tower with Radar,6,13,27,7,53,0,0,13,2,15,6,13,40,9,68,40,2,42,110
09/08/2022,FAY,NC,ASO,EN,Combined TRACON& Tower with Radar,6,12,36,11,65,0,0,12,0,12,6,12,48,11,77,10,8,18,95
09/09/2022,FAY,NC,ASO,EN,Combined TRACON& Tower with Radar,5,11,9,4,29,0,0,22,0,22,5,11,31,4,51,84,0,84,135
09/10/2022,FAY,NC,ASO,EN,Combined TRACON& Tower with Radar,7,6,22,0,35,0,0,0,0,0,7,6,22,0,35,0,0,0,35
09/11/2022,FAY,NC,ASO,EN,Combined TRACON& Tower with Radar,6,10,13,0,29,0,0,4,0,4,6,10,17,0,33,18,0,18,51
09/12/2022,FAY,NC,ASO,EN,Combined TRACON& Tower with Radar,8,8,18,21,55,0,0,9,1,10,8,8,27,22,65,6,8,14,79
09/13/2022,FAY,NC,ASO,EN,Combined TRACON& Tower with Radar,8,6,8,8,30,0,0,11,0,11,8,6,19,8,41,36,2,38,79
09/14/2022,FAY,NC,ASO,EN,Combined TRACON& Tower with Radar,8,10,24,15,57,0,0,26,4,30,8,10,50,19,87,34,22,56,143
09/15/2022,FAY,NC,ASO,EN,Combined TRACON& Tower with Radar,10,9,26,1,46,0,0,22,1,23,10,9,48,2,69,32,8,40,109
09/16/2022,FAY,NC,ASO,EN,Combined TRACON& Tower with Radar,8,11,21,4,44,0,0,24,0,24,8,11,45,4,68,24,0,24,92
09/17/2022,FAY,NC,ASO,EN,Combined TRACON& Tower with Radar,6,8,14,0,28,0,0,26,0,26,6,8,40,0,54,20,0,20,74
09/18/2022,FAY,NC,ASO,EN,Combined TRACON& Tower with Radar,10,8,13,0,31,0,0,13,0,13,10,8,26,0,44,76,0,76,120
09/19/2022,FAY,NC,ASO,EN,Combined TRACON& Tower with Radar,8,8,20,0,36,0,2,26,1,29,8,10,46,1,65,95,0,95,160
09/20/2022,FAY,NC,ASO,EN,Combined TRACON& Tower with Radar,8,6,15,9,38,0,0,33,4,37,8,6,48,13,75,50,12,62,137
09/21/2022,FAY,NC,ASO,EN,Combined TRACON& Tower with Radar,7,16,25,13,61,0,11,45,9,65,7,27,70,22,126,86,4,90,216
09/22/2022,FAY,NC,ASO,EN,Combined TRACON& Tower with Radar,10,13,15,7,45,0,0,27,1,28,10,13,42,8,73,0,0,0,73
09/23/2022,FAY,NC,ASO,EN,Combined TRACON& Tower with Radar,9,8,16,2,35,0,0,36,0,36,9,8,52,2,71,40,0,40,111
09/24/2022,FAY,NC,ASO,EN,Combined TRACON& Tower with Radar,6,8,7,8,29,0,0,32,2,34,6,8,39,10,63,50,4,54,117
09/25/2022,FAY,NC,ASO,EN,Combined TRACON& Tower with Radar,7,8,11,1,27,0,0,8,0,8,7,8,19,1,35,0,0,0,35
09/26/2022,FAY,NC,ASO,EN,Combined TRACON& Tower with Radar,9,9,9,5,32,0,2,26,1,29,9,11,35,6,61,86,0,86,147
09/27/2022,FAY,NC,ASO,EN,Combined TRACON& Tower with Radar,8,7,11,12,38,0,0,23,2,25,8,7,34,14,63,38,16,54,117
09/28/2022,FAY,NC,ASO,EN,Combined TRACON& Tower with Radar,8,6,24,18,56,0,0,32,0,32,8,6,56,18,88,79,0,79,167
09/29/2022,FAY,NC,ASO,EN,Combined TRACON& Tower with Radar,10,8,8,9,35,0,1,1,0,2,10,9,9,9,37,0,0,0,37
09/30/2022,FAY,NC,ASO,EN,Combined TRACON& Tower with Radar,5,1,0,0,6,0,1,0,0,1,5,2,0,0,7,0,0,0,7
10/01/2022,FAY,NC,ASO,EN,Combined TRACON& Tower with Radar,5,9,8,0,22,0,0,3,0,3,5,9,11,0,25,0,0,0,25
10/02/2022,FAY,NC,ASO,EN,Combined TRACON& Tower with Radar,8,8,6,0,22,0,0,9,0,9,8,8,15,0,31,48,0,48,79
10/03/2022,FAY,NC,ASO,EN,Combined TRACON& Tower with Radar,8,12,43,6,69,0,0,2,0,2,8,12,45,6,71,0,0,0,71
10/04/2022,FAY,NC,ASO,EN,Combined TRACON& Tower with Radar,8,8,13,9,38,0,0,34,1,35,8,8,47,10,73,50,8,58,131
10/05/2022,FAY,NC,ASO,EN,Combined TRACON& Tower with Radar,8,6,28,11,53,0,0,29,2,31,8,6,57,13,84,36,8,44,128
10/06/2022,FAY,NC,ASO,EN,Combined TRACON& Tower with Radar,8,12,31,8,59,0,0,34,1,35,8,12,65,9,94,70,0,70,164
10/07/2022,FAY,NC,ASO,EN,Combined TRACON& Tower with Radar,8,14,15,2,39,0,0,46,0,46,8,14,61,2,85,74,0,74,159
10/08/2022,FAY,NC,ASO,EN,Combined TRACON& Tower with Radar,8,8,7,0,23,0,0,23,0,23,8,8,30,0,46,59,0,59,105
10/09/2022,FAY,NC,ASO,EN,Combined TRACON& Tower with Radar,8,11,13,0,32,0,1,22,0,23,8,12,35,0,55,69,0,69,124
10/10/2022,FAY,NC,ASO,EN,Combined TRACON& Tower with Radar,8,9,23,0,40,0,0,27,0,27,8,9,50,0,67,100,0,100,167
10/11/2022,FAY,NC,ASO,EN,Combined TRACON& Tower with Radar,8,9,31,6,54,0,1,31,2,34,8,10,62,8,88,20,12,32,120
10/12/2022,FAY,NC,ASO,EN,Combined TRACON& Tower with Radar,8,8,15,6,37,0,0,20,6,26,8,8,35,12,63,42,12,54,117
10/13/2022,FAY,NC,ASO,EN,Combined TRACON& Tower with Radar,8,8,29,12,57,0,0,13,0,13,8,8,42,12,70,56,0,56,126
10/14/2022,FAY,NC,ASO,EN,Combined TRACON& Tower with Radar,8,10,17,4,39,0,2,24,0,26,8,12,41,4,65,72,0,72,137
10/15/2022,FAY,NC,ASO,EN,Combined TRACON& Tower with Radar,8,8,10,0,26,0,2,31,0,33,8,10,41,0,59,57,0,57,116
10/16/2022,FAY,NC,ASO,EN,Combined TRACON& Tower with Radar,11,10,15,1,37,0,2,18,0,20,11,12,33,1,57,45,0,45,102
10/17/2022,FAY,NC,ASO,EN,Combined TRACON& Tower with Radar,9,8,11,3,31,0,0,17,2,19,9,8,28,5,50,14,2,16,66
10/18/2022,FAY,NC,ASO,EN,Combined TRACON& Tower with Radar,8,8,12,4,32,0,3,15,2,20,8,11,27,6,52,48,4,52,104
10/19/2022,FAY,NC,ASO,EN,Combined TRACON& Tower with Radar,8,8,19,17,52,0,0,28,3,31,8,8,47,20,83,20,34,54,137
10/20/2022,FAY,NC,ASO,EN,Combined TRACON& Tower with Radar,10,8,16,5,39,0,2,33,0,35,10,10,49,5,74,58,0,58,132
10/21/2022,FAY,NC,ASO,EN,Combined TRACON& Tower with Radar,8,8,12,2,30,0,0,48,1,49,8,8,60,3,79,54,0,54,133
10/22/2022,FAY,NC,ASO,EN,Combined TRACON& Tower with Radar,8,8,15,0,31,0,2,29,0,31,8,10,44,0,62,36,0,36,98
10/23/2022,FAY,NC,ASO,EN,Combined TRACON& Tower with Radar,10,8,16,0,34,0,0,14,0,14,10,8,30,0,48,18,0,18,66
10/24/2022,FAY,NC,ASO,EN,Combined TRACON& Tower with Radar,8,9,21,35,73,0,0,19,4,23,8,9,40,39,96,82,26,108,204
10/25/2022,FAY,NC,ASO,EN,Combined TRACON& Tower with Radar,8,7,32,18,65,0,0,21,5,26,8,7,53,23,91,44,20,64,155
10/26/2022,FAY,NC,ASO,EN,Combined TRACON& Tower with Radar,8,8,33,8,57,0,0,4,2,6,8,8,37,10,63,34,10,44,107
10/27/2022,FAY,NC,ASO,EN,Combined TRACON& Tower with Radar,8,8,21,11,48,0,0,15,1,16,8,8,36,12,64,68,16,84,148
10/28/2022,FAY,NC,ASO,EN,Combined TRACON& Tower with Radar,7,7,17,12,43,0,0,26,1,27,7,7,43,13,70,32,16,48,118
10/29/2022,FAY,NC,ASO,EN,Combined TRACON& Tower with Radar,9,7,22,0,38,0,0,2,0,2,9,7,24,0,40,0,0,0,40
10/30/2022,FAY,NC,ASO,EN,Combined TRACON& Tower with Radar,8,8,13,1,30,0,0,19,0,19,8,8,32,1,49,54,0,54,103
10/31/2022,FAY,NC,ASO,EN,Combined TRACON& Tower with Radar,8,11,14,22,55,0,0,21,1,22,8,11,35,23,77,24,12,36,113
11/01/2022,FAY,NC,ASO,EN,Combined TRACON& Tower with Radar,8,10,33,0,51,0,0,8,0,8,8,10,41,0,59,52,0,52,111
11/02/2022,FAY,NC,ASO,EN,Combined TRACON& Tower with Radar,8,8,11,3,30,0,0,16,0,16,8,8,27,3,46,6,0,6,52
11/03/2022,FAY,NC,ASO,EN,Combined TRACON& Tower with Radar,10,5,14,5,34,0,2,19,1,22,10,7,33,6,56,12,4,16,72
11/04/2022,FAY,NC,ASO,EN,Combined TRACON& Tower with Radar,8,4,27,8,47,0,0,24,4,28,8,4,51,12,75,42,4,46,121
11/05/2022,FAY,NC,ASO,EN,Combined TRACON& Tower with Radar,10,5,16,0,31,0,3,23,0,26,10,8,39,0,57,36,0,36,93
11/06/2022,FAY,NC,ASO,EN,Combined TRACON& Tower with Radar,10,4,5,0,19,0,0,17,0,17,10,4,22,0,36,59,0,59,95
11/07/2022,FAY,NC,ASO,EN,Combined TRACON& Tower with Radar,10,4,13,0,27,0,1,26,0,27,10,5,39,0,54,38,0,38,92
11/08/2022,FAY,NC,ASO,EN,Combined TRACON& Tower with Radar,10,4,11,10,35,0,0,6,1,7,10,4,17,11,42,0,0,0,42
11/09/2022,FAY,NC,ASO,EN,Combined TRACON& Tower with Radar,10,5,9,13,37,0,1,5,0,6,10,6,14,13,43,8,4,12,55
11/10/2022,FAY,NC,ASO,EN,Combined TRACON& Tower with Radar,10,4,14,15,43,0,1,0,2,3,10,5,14,17,46,0,40,40,86
11/11/2022,FAY,NC,ASO,EN,Combined TRACON& Tower with Radar,10,7,5,0,22,0,0,0,0,0,10,7,5,0,22,0,0,0,22
11/12/2022,FAY,NC,ASO,EN,Combined TRACON& Tower with Radar,10,5,5,0,20,0,1,6,0,7,10,6,11,0,27,52,0,52,79
11/13/2022,FAY,NC,ASO,EN,Combined TRACON& Tower with Radar,10,4,8,0,22,0,0,10,0,10,10,4,18,0,32,12,0,12,44
11/14/2022,FAY,NC,ASO,EN,Combined TRACON& Tower with Radar,10,4,30,2,46,0,1,32,0,33,10,5,62,2,79,57,0,57,136
11/15/2022,FAY,NC,ASO,EN,Combined TRACON& Tower with Radar,10,16,21,11,58,0,0,1,0,1,10,16,22,11,59,0,0,0,59
11/16/2022,FAY,NC,ASO,EN,Combined TRACON& Tower with Radar,10,6,17,11,44,0,1,28,1,30,10,7,45,12,74,107,0,107,181
11/17/2022,FAY,NC,ASO,EN,Combined TRACON& Tower with Radar,10,4,18,11,43,0,0,23,3,26,10,4,41,14,69,4,12,16,85
11/18/2022,FAY,NC,ASO,EN,Combined TRACON& Tower with Radar,12,6,13,6,37,0,2,26,0,28,12,8,39,6,65,46,0,46,111
11/19/2022,FAY,NC,ASO,EN,Combined TRACON& Tower with Radar,11,4,21,7,43,0,0,25,1,26,11,4,46,8,69,68,0,68,137
11/20/2022,FAY,NC,ASO,EN,Combined TRACON& Tower with Radar,11,4,8,2,25,0,1,15,0,16,11,5,23,2,41,49,0,49,90
11/21/2022,FAY,NC,ASO,EN,Combined TRACON& Tower with Radar,10,8,14,4,36,0,0,21,1,22,10,8,35,5,58,34,6,40,98
11/22/2022,FAY,NC,ASO,EN,Combined TRACON& Tower with Radar,10,5,13,14,42,0,0,22,0,22,10,5,35,14,64,25,0,25,89
11/23/2022,FAY,NC,ASO,EN,Combined TRACON& Tower with Radar,10,7,19,8,44,0,0,32,2,34,10,7,51,10,78,33,6,39,117
11/24/2022,FAY,NC,ASO,EN,Combined TRACON& Tower with Radar,6,2,11,0,19,0,0,1,0,1,6,2,12,0,20,2,0,2,22
11/25/2022,FAY,NC,ASO,EN,Combined TRACON& Tower with Radar,12,6,8,0,26,0,0,2,0,2,12,6,10,0,28,14,0,14,42
11/26/2022,FAY,NC,ASO,EN,Combined TRACON& Tower with Radar,10,6,8,0,24,0,0,15,0,15,10,6,23,0,39,22,0,22,61
11/27/2022,FAY,NC,ASO,EN,Combined TRACON& Tower with Radar,10,9,4,0,23,0,0,0,0,0,10,9,4,0,23,0,0,0,23
11/28/2022,FAY,NC,ASO,EN,Combined TRACON& Tower with Radar,9,11,13,5,38,0,0,26,5,31,9,11,39,10,69,20,18,38,107
11/29/2022,FAY,NC,ASO,EN,Combined TRACON& Tower with Radar,12,7,24,6,49,0,0,41,0,41,12,7,65,6,90,15,0,15,105
11/30/2022,FAY,NC,ASO,EN,Combined TRACON& Tower with Radar,10,4,3,0,17,0,0,2,0,2,10,4,5,0,19,0,0,0,19
12/01/2022,FAY,NC,ASO,EN,Combined TRACON& Tower with Radar,10,4,21,13,48,0,0,21,2,23,10,4,42,15,71,26,16,42,113
12/02/2022,FAY,NC,ASO,EN,Combined TRACON& Tower with Radar,10,4,25,10,49,0,0,24,3,27,10,4,49,13,76,28,20,48,124
12/03/2022,FAY,NC,ASO,EN,Combined TRACON& Tower with Radar,12,4,9,0,25,0,0,10,0,10,12,4,19,0,35,26,0,26,61
12/04/2022,FAY,NC,ASO,EN,Combined TRACON& Tower with Radar,10,4,15,0,29,0,0,25,0,25,10,4,40,0,54,34,0,34,88
12/05/2022,FAY,NC,ASO,EN,Combined TRACON& Tower with Radar,10,5,20,19,54,0,1,34,1,36,10,6,54,20,90,12,40,52,142
12/06/2022,FAY,NC,ASO,EN,Combined TRACON& Tower with Radar,10,5,40,6,61,0,0,6,0,6,10,5,46,6,67,22,2,24,91
12/07/2022,FAY,NC,ASO,EN,Combined TRACON& Tower with Radar,12,4,24,3,43,0,0,6,2,8,12,4,30,5,51,12,18,30,81
12/08/2022,FAY,NC,ASO,EN,Combined TRACON& Tower with Radar,10,4,31,5,50,0,0,14,1,15,10,4,45,6,65,26,4,30,95
12/09/2022,FAY,NC,ASO,EN,Combined TRACON& Tower with Radar,10,8,22,11,51,0,1,25,1,27,10,9,47,12,78,62,22,84,162
12/10/2022,FAY,NC,ASO,EN,Combined TRACON& Tower with Radar,10,5,20,0,35,0,0,25,0,25,10,5,45,0,60,42,0,42,102
12/11/2022,FAY,NC,ASO,EN,Combined TRACON& Tower with Radar,10,7,23,0,40,0,0,23,0,23,10,7,46,0,63,72,0,72,135
12/12/2022,FAY,NC,ASO,EN,Combined TRACON& Tower with Radar,10,4,20,9,43,0,0,27,2,29,10,4,47,11,72,44,6,50,122
12/13/2022,FAY,NC,ASO,EN,Combined TRACON& Tower with Radar,10,5,17,8,40,0,0,27,3,30,10,5,44,11,70,52,8,60,130
12/14/2022,FAY,NC,ASO,EN,Combined TRACON& Tower with Radar,10,8,25,5,48,0,0,18,4,22,10,8,43,9,70,42,6,48,118
12/15/2022,FAY,NC,ASO,EN,Combined TRACON& Tower with Radar,7,7,5,4,23,0,0,0,0,0,7,7,5,4,23,0,0,0,23
12/16/2022,FAY,NC,ASO,EN,Combined TRACON& Tower with Radar,6,8,9,0,23,0,0,27,0,27,6,8,36,0,50,22,0,22,72
12/17/2022,FAY,NC,ASO,EN,Combined TRACON& Tower with Radar,6,9,11,0,26,0,2,26,0,28,6,11,37,0,54,58,0,58,112
12/18/2022,FAY,NC,ASO,EN,Combined TRACON& Tower with Radar,6,13,7,0,26,0,0,28,0,28,6,13,35,0,54,40,0,40,94
12/19/2022,FAY,NC,ASO,EN,Combined TRACON& Tower with Radar,6,8,7,8,29,0,0,26,1,27,6,8,33,9,56,6,18,24,80
12/20/2022,FAY,NC,ASO,EN,Combined TRACON& Tower with Radar,6,7,12,13,38,0,1,15,0,16,6,8,27,13,54,15,18,33,87
12/21/2022,FAY,NC,ASO,EN,Combined TRACON& Tower with Radar,6,12,10,17,45,0,0,6,3,9,6,12,16,20,54,6,38,44,98
12/22/2022,FAY,NC,ASO,EN,Combined TRACON& Tower with Radar,6,13,1,2,22,0,0,0,0,0,6,13,1,2,22,0,0,0,22
12/23/2022,FAY,NC,ASO,EN,Combined TRACON& Tower with Radar,6,16,2,0,24,0,0,0,0,0,6,16,2,0,24,0,0,0,24
12/24/2022,FAY,NC,ASO,EN,Combined TRACON& Tower with Radar,4,8,7,0,19,0,0,0,0,0,4,8,7,0,19,0,0,0,19
12/25/2022,FAY,NC,ASO,EN,Combined TRACON& Tower with Radar,5,6,3,0,14,0,0,0,0,0,5,6,3,0,14,0,0,0,14
12/26/2022,FAY,NC,ASO,EN,Combined TRACON& Tower with Radar,7,8,12,0,27,0,0,9,3,12,7,8,21,3,39,6,0,6,45
12/27/2022,FAY,NC,ASO,EN,Combined TRACON& Tower with Radar,6,10,21,2,39,0,0,20,2,22,6,10,41,4,61,56,0,56,117
12/28/2022,FAY,NC,ASO,EN,Combined TRACON& Tower with Radar,6,8,19,3,36,0,0,22,1,23,6,8,41,4,59,42,0,42,101
12/29/2022,FAY,NC,ASO,EN,Combined TRACON& Tower with Radar,6,10,22,0,38,0,0,34,0,34,6,10,56,0,72,70,0,70,142
12/30/2022,FAY,NC,ASO,EN,Combined TRACON& Tower with Radar,6,10,19,0,35,0,0,27,0,27,6,10,46,0,62,36,0,36,98
12/31/2022,FAY,NC,ASO,EN,Combined TRACON& Tower with Radar,6,7,0,0,13,0,0,0,0,0,6,7,0,0,13,0,0,0,13
01/01/2023,FAY,NC,ASO,EN,Combined TRACON& Tower with Radar,6,9,2,0,17,0,0,12,0,12,6,9,14,0,29,28,0,28,57
01/02/2023,FAY,NC,ASO,EN,Combined TRACON& Tower with Radar,6,10,11,0,27,0,0,7,0,7,6,10,18,0,34,0,0,0,34
01/03/2023,FAY,NC,ASO,EN,Combined TRACON& Tower with Radar,6,8,17,5,36,0,2,20,2,24,6,10,37,7,60,38,14,52,112
01/04/2023,FAY,NC,ASO,EN,Combined TRACON& Tower with Radar,6,8,7,1,22,0,0,0,3,3,6,8,7,4,25,0,0,0,25
01/05/2023,FAY,NC,ASO,EN,Combined TRACON& Tower with Radar,6,14,13,4,37,0,0,33,0,33,6,14,46,4,70,62,0,62,132
01/06/2023,FAY,NC,ASO,EN,Combined TRACON& Tower with Radar,6,6,12,2,26,0,0,20,0,20,6,6,32,2,46,18,0,18,64
01/07/2023,FAY,NC,ASO,EN,Combined TRACON& Tower with Radar,6,8,16,0,30,0,0,52,0,52,6,8,68,0,82,32,0,32,114
01/08/2023,FAY,NC,ASO,EN,Combined TRACON& Tower with Radar,6,8,8,0,22,0,0,15,0,15,6,8,23,0,37,32,0,32,69
01/09/2023,FAY,NC,ASO,EN,Combined TRACON& Tower with Radar,8,8,13,15,44,0,2,9,3,14,8,10,22,18,58,37,14,51,109
01/10/2023,FAY,NC,ASO,EN,Combined TRACON& Tower with Radar,8,8,16,3,35,0,4,23,5,32,8,12,39,8,67,48,20,68,135
01/11/2023,FAY,NC,ASO,EN,Combined TRACON& Tower with Radar,8,6,16,6,36,0,4,27,2,33,8,10,43,8,69,16,10,26,95
01/12/2023,FAY,NC,ASO,EN,Combined TRACON& Tower with Radar,7,7,22,10,46,0,0,8,0,8,7,7,30,10,54,0,0,0,54
01/13/2023,FAY,NC,ASO,EN,Combined TRACON& Tower with Radar,7,11,21,0,39,0,0,10,0,10,7,11,31,0,49,0,0,0,49
01/14/2023,FAY,NC,ASO,EN,Combined TRACON& Tower with Radar,8,6,11,0,25,0,1,22,0,23,8,7,33,0,48,6,0,6,54
01/15/2023,FAY,NC,ASO,EN,Combined TRACON& Tower with Radar,6,6,15,0,27,0,6,17,0,23,6,12,32,0,50,20,0,20,70
01/16/2023,FAY,NC,ASO,EN,Combined TRACON& Tower with Radar,8,8,25,2,43,0,2,34,0,36,8,10,59,2,79,10,0,10,89
01/17/2023,FAY,NC,ASO,EN,Combined TRACON& Tower with Radar,8,6,8,7,29,0,0,9,0,9,8,6,17,7,38,0,0,0,38
01/18/2023,FAY,NC,ASO,EN,Combined TRACON& Tower with Radar,8,9,38,14,69,0,4,35,2,41,8,13,73,16,110,62,0,62,172
01/19/2023,FAY,NC,ASO,EN,Combined TRACON& Tower with Radar,5,10,6,16,37,0,0,10,2,12,5,10,16,18,49,52,24,76,125
01/20/2023,FAY,NC,ASO,EN,Combined TRACON& Tower with Radar,7,9,16,22,54,0,0,40,3,43,7,9,56,25,97,58,24,82,179
01/21/2023,FAY,NC,ASO,EN,Combined TRACON& Tower with Radar,8,8,24,0,40,0,4,36,0,40,8,12,60,0,80,52,0,52,132
01/22/2023,FAY,NC,ASO,EN,Combined TRACON& Tower with Radar,6,7,6,0,19,0,0,0,0,0,6,7,6,0,19,0,0,0,19
01/23/2023,FAY,NC,ASO,EN,Combined TRACON& Tower with Radar,7,14,23,15,59,0,0,13,2,15,7,14,36,17,74,36,28,64,138
01/24/2023,FAY,NC,ASO,EN,Combined TRACON& Tower with Radar,8,8,20,0,36,0,2,41,0,43,8,10,61,0,79,156,0,156,235
01/25/2023,FAY,NC,ASO,EN,Combined TRACON& Tower with Radar,8,6,8,6,28,0,0,1,0,1,8,6,9,6,29,0,0,0,29
01/26/2023,FAY,NC,ASO,EN,Combined TRACON& Tower with Radar,8,8,14,0,30,0,2,34,0,36,8,10,48,0,66,84,2,86,152
01/27/2023,FAY,NC,ASO,EN,Combined TRACON& Tower with Radar,6,8,21,10,45,0,5,54,4,63,6,13,75,14,108,68,14,82,190
01/28/2023,FAY,NC,ASO,EN,Combined TRACON& Tower with Radar,8,6,19,0,33,0,0,41,0,41,8,6,60,0,74,56,0,56,130
01/29/2023,FAY,NC,ASO,EN,Combined TRACON& Tower with Radar,8,9,19,0,36,0,0,16,0,16,8,9,35,0,52,84,0,84,136
01/30/2023,FAY,NC,ASO,EN,Combined TRACON& Tower with Radar,7,8,13,6,34,0,0,0,0,0,7,8,13,6,34,0,0,0,34
01/31/2023,FAY,NC,ASO,EN,Combined TRACON& Tower with Radar,7,4,20,0,31,0,0,0,0,0,7,4,20,0,31,0,0,0,31
02/01/2023,FAY,NC,ASO,EN,Combined TRACON& Tower with Radar,6,8,42,10,66,0,0,1,0,1,6,8,43,10,67,0,12,12,79
02/02/2023,FAY,NC,ASO,EN,Combined TRACON& Tower with Radar,6,8,12,20,46,0,0,0,0,0,6,8,12,20,46,0,0,0,46
02/03/2023,FAY,NC,ASO,EN,Combined TRACON& Tower with Radar,6,8,11,7,32,0,0,21,3,24,6,8,32,10,56,64,9,73,129
02/04/2023,FAY,NC,ASO,EN,Combined TRACON& Tower with Radar,6,12,9,0,27,0,4,31,0,35,6,16,40,0,62,42,0,42,104
02/05/2023,FAY,NC,ASO,EN,Combined TRACON& Tower with Radar,5,7,2,0,14,0,0,4,0,4,5,7,6,0,18,12,0,12,30
02/06/2023,FAY,NC,ASO,EN,Combined TRACON& Tower with Radar,7,10,18,3,38,0,1,31,1,33,7,11,49,4,71,18,0,18,89
02/07/2023,FAY,NC,ASO,EN,Combined TRACON& Tower with Radar,6,8,22,4,40,0,7,45,4,56,6,15,67,8,96,46,36,82,178
02/08/2023,FAY,NC,ASO,EN,Combined TRACON& Tower with Radar,6,8,17,5,36,0,0,48,2,50,6,8,65,7,86,44,4,48,134
02/09/2023,FAY,NC,ASO,EN,Combined TRACON& Tower with Radar,8,8,18,7,41,0,0,35,1,36,8,8,53,8,77,16,12,28,105
02/10/2023,FAY,NC,ASO,EN,Combined TRACON& Tower with Radar,6,9,21,3,39,0,0,24,1,25,6,9,45,4,64,46,0,46,110
02/11/2023,FAY,NC,ASO,EN,Combined TRACON& Tower with Radar,6,10,18,0,34,0,0,21,0,21,6,10,39,0,55,26,0,26,81
02/12/2023,FAY,NC,ASO,EN,Combined TRACON& Tower with Radar,6,8,5,0,19,0,0,0,0,0,6,8,5,0,19,0,0,0,19
02/13/2023,FAY,NC,ASO,EN,Combined TRACON& Tower with Radar,6,9,10,14,39,0,1,29,2,32,6,10,39,16,71,52,26,78,149
02/14/2023,FAY,NC,ASO,EN,Combined TRACON& Tower with Radar,6,11,23,9,49,0,0,39,1,40,6,11,62,10,89,42,4,46,135
02/15/2023,FAY,NC,ASO,EN,Combined TRACON& Tower with Radar,6,12,13,19,50,0,0,35,0,35,6,12,48,19,85,68,8,76,161
02/16/2023,FAY,NC,ASO,EN,Combined TRACON& Tower with Radar,6,9,19,15,49,0,0,12,0,12,6,9,31,15,61,52,0,52,113
02/17/2023,FAY,NC,ASO,EN,Combined TRACON& Tower with Radar,5,10,11,5,31,0,0,3,1,4,5,10,14,6,35,0,0,0,35
02/18/2023,FAY,NC,ASO,EN,Combined TRACON& Tower with Radar,6,10,8,0,24,0,2,44,0,46,6,12,52,0,70,68,0,68,138
02/19/2023,FAY,NC,ASO,EN,Combined TRACON& Tower with Radar,6,8,14,1,29,0,0,29,0,29,6,8,43,1,58,14,0,14,72
02/20/2023,FAY,NC,ASO,EN,Combined TRACON& Tower with Radar,6,8,17,4,35,0,0,25,0,25,6,8,42,4,60,44,0,44,104
02/21/2023,FAY,NC,ASO,EN,Combined TRACON& Tower with Radar,6,8,17,8,39,0,2,24,2,28,6,10,41,10,67,30,14,44,111
02/22/2023,FAY,NC,ASO,EN,Combined TRACON& Tower with Radar,6,10,16,15,47,0,0,20,3,23,6,10,36,18,70,18,16,34,104
02/23/2023,FAY,NC,ASO,EN,Combined TRACON& Tower with Radar,7,8,11,13,39,0,0,15,2,17,7,8,26,15,56,6,14,20,76
02/24/2023,FAY,NC,ASO,EN,Combined TRACON& Tower with Radar,7,8,23,8,46,0,0,32,0,32,7,8,55,8,78,42,8,50,128
02/25/2023,FAY,NC,ASO,EN,Combined TRACON& Tower with Radar,6,12,13,1,32,0,0,0,0,0,6,12,13,1,32,0,0,0,32
02/26/2023,FAY,NC,ASO,EN,Combined TRACON& Tower with Radar,6,8,42,7,63,0,0,0,0,0,6,8,42,7,63,0,0,0,63
02/27/2023,FAY,NC,ASO,EN,Combined TRACON& Tower with Radar,8,8,21,18,55,0,0,23,2,25,8,8,44,20,80,32,46,78,158
02/28/2023,FAY,NC,ASO,EN,Combined TRACON& Tower with Radar,6,10,19,6,41,0,0,49,3,52,6,10,68,9,93,78,2,80,173
03/01/2023,FAY,NC,ASO,EN,Combined TRACON& Tower with Radar,6,8,22,5,41,0,2,43,2,47,6,10,65,7,88,66,24,90,178
03/02/2023,FAY,NC,ASO,EN,Combined TRACON& Tower with Radar,6,12,29,6,53,0,0,27,3,30,6,12,56,9,83,62,10,72,155
03/03/2023,FAY,NC,ASO,EN,Combined TRACON& Tower with Radar,5,13,15,12,45,0,0,17,0,17,5,13,32,12,62,24,2,26,88
03/04/2023,FAY,NC,ASO,EN,Combined TRACON& Tower with Radar,7,13,15,0,35,0,2,34,0,36,7,15,49,0,71,55,0,55,126
03/05/2023,FAY,NC,ASO,EN,Combined TRACON& Tower with Radar,6,8,11,1,26,0,0,39,1,40,6,8,50,2,66,70,0,70,136
03/06/2023,FAY,NC,ASO,EN,Combined TRACON& Tower with Radar,6,9,21,12,48,0,0,22,0,22,6,9,43,12,70,80,10,90,160
03/07/2023,FAY,NC,ASO,EN,Combined TRACON& Tower with Radar,6,8,23,8,45,0,0,25,2,27,6,8,48,10,72,22,0,22,94
03/08/2023,FAY,NC,ASO,EN,Combined TRACON& Tower with Radar,6,10,13,5,34,0,0,35,3,38,6,10,48,8,72,59,8,67,139
03/09/2023,FAY,NC,ASO,EN,Combined TRACON& Tower with Radar,5,8,22,8,43,0,0,45,1,46,5,8,67,9,89,66,4,70,159
03/10/2023,FAY,NC,ASO,EN,Combined TRACON& Tower with Radar,6,12,14,4,36,0,0,0,0,0,6,12,14,4,36,0,0,0,36
03/11/2023,FAY,NC,ASO,EN,Combined TRACON& Tower with Radar,7,13,15,1,36,0,3,19,0,22,7,16,34,1,58,4,0,4,62
03/12/2023,FAY,NC,ASO,EN,Combined TRACON& Tower with Radar,5,10,1,0,16,0,0,0,0,0,5,10,1,0,16,0,0,0,16
03/13/2023,FAY,NC,ASO,EN,Combined TRACON& Tower with Radar,6,9,42,19,76,0,1,13,1,15,6,10,55,20,91,44,0,44,135
03/14/2023,FAY,NC,ASO,EN,Combined TRACON& Tower with Radar,7,11,31,3,52,0,0,20,1,21,7,11,51,4,73,12,4,16,89
03/15/2023,FAY,NC,ASO,EN,Combined TRACON& Tower with Radar,6,10,17,1,34,0,0,21,2,23,6,10,38,3,57,18,0,18,75
03/16/2023,FAY,NC,ASO,EN,Combined TRACON& Tower with Radar,5,8,27,6,46,0,0,40,1,41,5,8,67,7,87,82,20,102,189
03/17/2023,FAY,NC,ASO,EN,Combined TRACON& Tower with Radar,6,8,10,6,30,0,0,4,0,4,6,8,14,6,34,2,0,2,36
03/18/2023,FAY,NC,ASO,EN,Combined TRACON& Tower with Radar,7,15,16,2,40,0,0,26,0,26,7,15,42,2,66,64,0,64,130
03/19/2023,FAY,NC,ASO,EN,Combined TRACON& Tower with Radar,5,9,26,0,40,0,0,33,0,33,5,9,59,0,73,44,0,44,117
03/20/2023,FAY,NC,ASO,EN,Combined TRACON& Tower with Radar,7,10,17,3,37,0,0,42,1,43,7,10,59,4,80,40,0,40,120
03/21/2023,FAY,NC,ASO,EN,Combined TRACON& Tower with Radar,6,10,24,11,51,0,0,52,1,53,6,10,76,12,104,65,0,65,169
03/22/2023,FAY,NC,ASO,EN,Combined TRACON& Tower with Radar,7,10,33,11,61,0,0,36,2,38,7,10,69,13,99,48,0,48,147
03/23/2023,FAY,NC,ASO,EN,Combined TRACON& Tower with Radar,6,8,22,12,48,0,0,19,1,20,6,8,41,13,68,40,2,42,110
03/24/2023,FAY,NC,ASO,EN,Combined TRACON& Tower with Radar,7,8,16,1,32,0,0,30,1,31,7,8,46,2,63,40,0,40,103
03/25/2023,FAY,NC,ASO,EN,Combined TRACON& Tower with Radar,6,8,18,0,32,0,0,11,0,11,6,8,29,0,43,0,0,0,43
03/26/2023,FAY,NC,ASO,EN,Combined TRACON& Tower with Radar,7,8,9,0,24,0,0,10,0,10,7,8,19,0,34,0,0,0,34
03/27/2023,FAY,NC,ASO,EN,Combined TRACON& Tower with Radar,7,8,11,10,36,0,0,12,3,15,7,8,23,13,51,42,4,46,97
03/28/2023,FAY,NC,ASO,EN,Combined TRACON& Tower with Radar,5,10,39,8,62,0,2,34,0,36,5,12,73,8,98,38,0,38,136
03/29/2023,FAY,NC,ASO,EN,Combined TRACON& Tower with Radar,5,10,34,19,68,0,0,21,0,21,5,10,55,19,89,56,16,72,161
03/30/2023,FAY,NC,ASO,EN,Combined TRACON& Tower with Radar,5,10,35,4,54,0,0,53,5,58,5,10,88,9,112,31,0,31,143
03/31/2023,FAY,NC,ASO,EN,Combined TRACON& Tower with Radar,7,10,25,6,48,0,0,29,0,29,7,10,54,6,77,0,0,0,77
04/01/2023,FAY,NC,ASO,EN,Combined TRACON& Tower with Radar,4,11,1,0,16,0,0,0,0,0,4,11,1,0,16,0,0,0,16
04/02/2023,FAY,NC,ASO,EN,Combined TRACON& Tower with Radar,5,8,20,3,36,0,0,36,0,36,5,8,56,3,72,46,0,46,118
04/03/2023,FAY,NC,ASO,EN,Combined TRACON& Tower with Radar,6,8,18,21,53,0,0,33,0,33,6,8,51,21,86,44,6,50,136
04/04/2023,FAY,NC,ASO,EN,Combined TRACON& Tower with Radar,6,17,39,1,63,0,0,35,2,37,6,17,74,3,100,50,2,52,152
04/05/2023,FAY,NC,ASO,EN,Combined TRACON& Tower with Radar,6,11,19,3,39,0,0,35,0,35,6,11,54,3,74,64,0,64,138
04/06/2023,FAY,NC,ASO,EN,Combined TRACON& Tower with Radar,6,11,21,0,38,0,1,23,0,24,6,12,44,0,62,72,0,72,134
04/07/2023,FAY,NC,ASO,EN,Combined TRACON& Tower with Radar,6,10,8,4,28,0,0,1,0,1,6,10,9,4,29,0,0,0,29
04/08/2023,FAY,NC,ASO,EN,Combined TRACON& Tower with Radar,6,12,1,0,19,0,0,0,0,0,6,12,1,0,19,0,0,0,19
04/09/2023,FAY,NC,ASO,EN,Combined TRACON& Tower with Radar,5,15,3,0,23,0,0,0,0,0,5,15,3,0,23,0,0,0,23
04/10/2023,FAY,NC,ASO,EN,Combined TRACON& Tower with Radar,7,12,14,3,36,0,0,30,0,30,7,12,44,3,66,82,0,82,148
04/11/2023,FAY,NC,ASO,EN,Combined TRACON& Tower with Radar,8,10,29,4,51,0,1,37,0,38,8,11,66,4,89,34,16,50,139
04/12/2023,FAY,NC,ASO,EN,Combined TRACON& Tower with Radar,6,10,37,0,53,0,0,44,0,44,6,10,81,0,97,64,0,64,161
04/13/2023,FAY,NC,ASO,EN,Combined TRACON& Tower with Radar,6,13,30,4,53,0,0,32,0,32,6,13,62,4,85,52,0,52,137
04/14/2023,FAY,NC,ASO,EN,Combined TRACON& Tower with Radar,6,13,13,0,32,0,0,4,0,4,6,13,17,0,36,14,0,14,50
04/15/2023,FAY,NC,ASO,EN,Combined TRACON& Tower with Radar,6,12,18,0,36,0,0,25,0,25,6,12,43,0,61,41,0,41,102
04/16/2023,FAY,NC,ASO,EN,Combined TRACON& Tower with Radar,6,16,15,0,37,0,0,27,0,27,6,16,42,0,64,20,0,20,84
04/17/2023,FAY,NC,ASO,EN,Combined TRACON& Tower with Radar,5,10,20,8,43,0,2,44,0,46,5,12,64,8,89,42,8,50,139
04/18/2023,FAY,NC,ASO,EN,Combined TRACON& Tower with Radar,7,12,29,5,53,0,0,36,0,36,7,12,65,5,89,24,2,26,115
04/19/2023,FAY,NC,ASO,EN,Combined TRACON& Tower with Radar,6,14,27,2,49,0,0,43,0,43,6,14,70,2,92,86,2,88,180
04/20/2023,FAY,NC,ASO,EN,Combined TRACON& Tower with Radar,6,10,18,0,34,0,1,35,2,38,6,11,53,2,72,26,0,26,98
04/21/2023,FAY,NC,ASO,EN,Combined TRACON& Tower with Radar,6,12,24,0,42,0,0,43,2,45,6,12,67,2,87,32,2,34,121
04/22/2023,FAY,NC,ASO,EN,Combined TRACON& Tower with Radar,6,15,7,0,28,0,0,1,0,1,6,15,8,0,29,0,0,0,29
04/23/2023,FAY,NC,ASO,EN,Combined TRACON& Tower with Radar,6,12,23,0,41,0,1,45,0,46,6,13,68,0,87,66,0,66,153
04/24/2023,FAY,NC,ASO,EN,Combined TRACON& Tower with Radar,6,11,18,5,40,0,0,24,0,24,6,11,42,5,64,36,0,36,100
04/25/2023,FAY,NC,ASO,EN,Combined TRACON& Tower with Radar,6,10,30,3,49,0,0,48,3,51,6,10,78,6,100,38,0,38,138
04/26/2023,FAY,NC,ASO,EN,Combined TRACON& Tower with Radar,4,11,39,5,59,0,0,37,0,37,4,11,76,5,96,10,0,10,106
04/27/2023,FAY,NC,ASO,EN,Combined TRACON& Tower with Radar,5,13,40,2,60,0,0,2,0,2,5,13,42,2,62,6,0,6,68
04/28/2023,FAY,NC,ASO,EN,Combined TRACON& Tower with Radar,7,13,34,1,55,0,0,9,0,9,7,13,43,1,64,12,0,12,76
04/29/2023,FAY,NC,ASO,EN,Combined TRACON& Tower with Radar,6,14,24,0,44,0,0,18,0,18,6,14,42,0,62,36,0,36,98
04/30/2023,FAY,NC,ASO,EN,Combined TRACON& Tower with Radar,5,13,21,0,39,0,0,4,0,4,5,13,25,0,43,0,0,0,43
05/01/2023,FAY,NC,ASO,EN,Combined TRACON& Tower with Radar,7,13,15,0,35,0,0,8,0,8,7,13,23,0,43,14,0,14,57
05/02/2023,FAY,NC,ASO,EN,Combined TRACON& Tower with Radar,6,16,16,0,38,0,0,42,2,44,6,16,58,2,82,6,0,6,88
05/03/2023,FAY,NC,ASO,EN,Combined TRACON& Tower with Radar,6,9,19,0,34,0,0,20,1,21,6,9,39,1,55,4,0,4,59
05/04/2023,FAY,NC,ASO,EN,Combined TRACON& Tower with Radar,6,11,27,4,48,0,1,31,0,32,6,12,58,4,80,36,14,50,130
05/05/2023,FAY,NC,ASO,EN,Combined TRACON& Tower with Radar,9,10,14,3,36,0,0,34,2,36,9,10,48,5,72,54,0,54,126
05/06/2023,FAY,NC,ASO,EN,Combined TRACON& Tower with Radar,8,8,6,0,22,0,0,41,2,43,8,8,47,2,65,14,0,14,79
05/07/2023,FAY,NC,ASO,EN,Combined TRACON& Tower with Radar,8,9,10,1,28,0,0,25,1,26,8,9,35,2,54,12,0,12,66
05/08/2023,FAY,NC,ASO,EN,Combined TRACON& Tower with Radar,9,9,18,22,58,0,1,30,2,33,9,10,48,24,91,16,4,20,111
05/09/2023,FAY,NC,ASO,EN,Combined TRACON& Tower with Radar,9,8,20,16,53,0,4,26,3,33,9,12,46,19,86,22,14,36,122
05/10/2023,FAY,NC,ASO,EN,Combined TRACON& Tower with Radar,8,8,23,12,51,0,0,44,1,45,8,8,67,13,96,110,6,116,212
05/11/2023,FAY,NC,ASO,EN,Combined TRACON& Tower with Radar,8,10,21,5,44,0,2,37,1,40,8,12,58,6,84,24,8,32,116
05/12/2023,FAY,NC,ASO,EN,Combined TRACON& Tower with Radar,8,8,34,2,52,0,0,39,0,39,8,8,73,2,91,50,0,50,141
05/13/2023,FAY,NC,ASO,EN,Combined TRACON& Tower with Radar,8,11,19,0,38,0,0,24,0,24,8,11,43,0,62,26,0,26,88
05/14/2023,FAY,NC,ASO,EN,Combined TRACON& Tower with Radar,7,9,12,0,28,0,0,13,0,13,7,9,25,0,41,48,0,48,89
05/15/2023,FAY,NC,ASO,EN,Combined TRACON& Tower with Radar,9,9,28,2,48,0,0,35,0,35,9,9,63,2,83,40,0,40,123
05/16/2023,FAY,NC,ASO,EN,Combined TRACON& Tower with Radar,8,8,20,6,42,0,0,23,1,24,8,8,43,7,66,64,2,66,132
05/17/2023,FAY,NC,ASO,EN,Combined TRACON& Tower with Radar,8,8,11,4,31,0,0,25,0,25,8,8,36,4,56,82,0,82,138
05/18/2023,FAY,NC,ASO,EN,Combined TRACON& Tower with Radar,7,9,10,1,27,0,0,13,0,13,7,9,23,1,40,18,0,18,58
05/19/2023,FAY,NC,ASO,EN,Combined TRACON& Tower with Radar,9,8,28,0,45,0,0,3,0,3,9,8,31,0,48,0,0,0,48
05/20/2023,FAY,NC,ASO,EN,Combined TRACON& Tower with Radar,7,7,16,0,30,0,0,26,2,28,7,7,42,2,58,66,0,66,124
05/21/2023,FAY,NC,ASO,EN,Combined TRACON& Tower with Radar,7,9,20,0,36,0,0,5,0,5,7,9,25,0,41,44,0,44,85
05/22/2023,FAY,NC,ASO,EN,Combined TRACON& Tower with Radar,8,8,9,9,34,0,0,40,0,40,8,8,49,9,74,100,16,116,190
05/23/2023,FAY,NC,ASO,EN,Combined TRACON& Tower with Radar,8,8,24,36,76,0,2,39,2,43,8,10,63,38,119,84,18,102,221
05/24/2023,FAY,NC,ASO,EN,Combined TRACON& Tower with Radar,8,10,13,7,38,0,3,46,0,49,8,13,59,7,87,111,18,129,216
05/25/2023,FAY,NC,ASO,EN,Combined TRACON& Tower with Radar,10,11,14,14,49,0,0,21,1,22,10,11,35,15,71,30,2,32,103
05/26/2023,FAY,NC,ASO,EN,Combined TRACON& Tower with Radar,7,9,10,0,26,0,0,29,0,29,7,9,39,0,55,68,0,68,123
05/27/2023,FAY,NC,ASO,EN,Combined TRACON& Tower with Radar,9,8,8,0,25,0,0,0,0,0,9,8,8,0,25,0,0,0,25
05/28/2023,FAY,NC,ASO,EN,Combined TRACON& Tower with Radar,8,9,6,2,25,0,0,0,0,0,8,9,6,2,25,0,0,0,25
05/29/2023,FAY,NC,ASO,EN,Combined TRACON& Tower with Radar,8,9,16,0,33,0,0,1,0,1,8,9,17,0,34,0,0,0,34
05/30/2023,FAY,NC,ASO,EN,Combined TRACON& Tower with Radar,8,8,28,10,54,0,0,14,2,16,8,8,42,12,70,52,24,76,146
05/31/2023,FAY,NC,ASO,EN,Combined TRACON& Tower with Radar,10,10,26,17,63,0,0,10,5,15,10,10,36,22,78,88,18,106,184
06/01/2023,FAY,NC,ASO,EN,Combined TRACON& Tower with Radar,10,12,23,3,48,0,0,33,3,36,10,12,56,6,84,86,6,92,176
06/02/2023,FAY,NC,ASO,EN,Combined TRACON& Tower with Radar,9,10,39,6,64,0,0,30,2,32,9,10,69,8,96,123,2,125,221
06/03/2023,FAY,NC,ASO,EN,Combined TRACON& Tower with Radar,14,9,11,0,34,0,2,35,0,37,14,11,46,0,71,64,0,64,135
06/04/2023,FAY,NC,ASO,EN,Combined TRACON& Tower with Radar,13,11,14,0,38,0,0,11,0,11,13,11,25,0,49,74,0,74,123
06/05/2023,FAY,NC,ASO,EN,Combined TRACON& Tower with Radar,9,10,18,15,52,0,0,34,1,35,9,10,52,16,87,50,10,60,147
06/06/2023,FAY,NC,ASO,EN,Combined TRACON& Tower with Radar,10,10,33,4,57,0,0,44,0,44,10,10,77,4,101,32,0,32,133
06/07/2023,FAY,NC,ASO,EN,Combined TRACON& Tower with Radar,10,9,17,11,47,0,4,46,1,51,10,13,63,12,98,60,0,60,158
06/08/2023,FAY,NC,ASO,EN,Combined TRACON& Tower with Radar,10,12,20,6,48,0,0,40,0,40,10,12,60,6,88,38,0,38,126
06/09/2023,FAY,NC,ASO,EN,Combined TRACON& Tower with Radar,10,14,13,2,39,0,2,18,0,20,10,16,31,2,59,18,0,18,77
06/10/2023,FAY,NC,ASO,EN,Combined TRACON& Tower with Radar,11,9,5,2,27,0,0,42,2,44,11,9,47,4,71,31,0,31,102
06/11/2023,FAY,NC,ASO,EN,Combined TRACON& Tower with Radar,9,9,7,0,25,0,0,25,0,25,9,9,32,0,50,22,0,22,72
06/12/2023,FAY,NC,ASO,EN,Combined TRACON& Tower with Radar,10,10,5,7,32,0,0,8,1,9,10,10,13,8,41,12,6,18,59
06/13/2023,FAY,NC,ASO,EN,Combined TRACON& Tower with Radar,10,8,18,8,44,0,0,42,2,44,10,8,60,10,88,100,0,100,188
06/14/2023,FAY,NC,ASO,EN,Combined TRACON& Tower with Radar,10,8,19,4,41,0,0,41,2,43,10,8,60,6,84,46,0,46,130
06/15/2023,FAY,NC,ASO,EN,Combined TRACON& Tower with Radar,10,9,18,17,54,0,2,33,1,36,10,11,51,18,90,80,18,98,188
06/16/2023,FAY,NC,ASO,EN,Combined TRACON& Tower with Radar,10,10,17,0,37,0,0,21,1,22,10,10,38,1,59,54,0,54,113
06/17/2023,FAY,NC,ASO,EN,Combined TRACON& Tower with Radar,11,17,3,0,31,0,1,30,0,31,11,18,33,0,62,58,0,58,120
06/18/2023,FAY,NC,ASO,EN,Combined TRACON& Tower with Radar,9,12,20,0,41,0,0,14,0,14,9,12,34,0,55,20,0,20,75
06/19/2023,FAY,NC,ASO,EN,Combined TRACON& Tower with Radar,12,7,22,0,41,0,0,14,0,14,12,7,36,0,55,34,0,34,89
06/20/2023,FAY,NC,ASO,EN,Combined TRACON& Tower with Radar,10,10,11,6,37,0,0,4,0,4,10,10,15,6,41,12,0,12,53
06/21/2023,FAY,NC,ASO,EN,Combined TRACON& Tower with Radar,10,11,19,27,67,0,0,0,1,1,10,11,19,28,68,0,10,10,78
06/22/2023,FAY,NC,ASO,EN,Combined TRACON& Tower with Radar,12,10,9,12,43,0,0,0,0,0,12,10,9,12,43,0,6,6,49
06/23/2023,FAY,NC,ASO,EN,Combined TRACON& Tower with Radar,10,12,35,4,61,0,0,7,0,7,10,12,42,4,68,31,0,31,99
06/24/2023,FAY,NC,ASO,EN,Combined TRACON& Tower with Radar,11,12,22,0,45,0,4,40,0,44,11,16,62,0,89,66,0,66,155
06/25/2023,FAY,NC,ASO,EN,Combined TRACON& Tower with Radar,11,10,12,0,33,0,0,27,0,27,11,10,39,0,60,70,0,70,130
06/26/2023,FAY,NC,ASO,EN,Combined TRACON& Tower with Radar,10,9,11,6,36,0,0,43,1,44,10,9,54,7,80,104,0,104,184
06/27/2023,FAY,NC,ASO,EN,Combined TRACON& Tower with Radar,10,11,22,4,47,0,4,47,1,52,10,15,69,5,99,112,0,112,211
06/28/2023,FAY,NC,ASO,EN,Combined TRACON& Tower with Radar,10,10,14,9,43,0,4,33,1,38,10,14,47,10,81,78,0,78,159
06/29/2023,FAY,NC,ASO,EN,Combined TRACON& Tower with Radar,10,12,16,12,50,0,2,48,2,52,10,14,64,14,102,148,10,158,260
06/30/2023,FAY,NC,ASO,EN,Combined TRACON& Tower with Radar,10,10,11,1,32,0,0,33,3,36,10,10,44,4,68,76,0,76,144
07/01/2023,FAY,NC,ASO,EN,Combined TRACON& Tower with Radar,11,11,4,0,26,0,0,22,0,22,11,11,26,0,48,18,0,18,66
07/02/2023,FAY,NC,ASO,EN,Combined TRACON& Tower with Radar,10,10,7,0,27,0,0,15,0,15,10,10,22,0,42,22,0,22,64
07/03/2023,FAY,NC,ASO,EN,Combined TRACON& Tower with Radar,10,8,4,0,22,0,3,16,0,19,10,11,20,0,41,74,0,74,115
07/04/2023,FAY,NC,ASO,EN,Combined TRACON& Tower with Radar,9,8,3,0,20,0,0,10,0,10,9,8,13,0,30,16,0,16,46
07/05/2023,FAY,NC,ASO,EN,Combined TRACON& Tower with Radar,7,9,8,3,27,0,0,19,1,20,7,9,27,4,47,32,1,33,80
07/06/2023,FAY,NC,ASO,EN,Combined TRACON& Tower with Radar,12,10,15,11,48,0,0,18,0,18,12,10,33,11,66,70,14,84,150
07/07/2023,FAY,NC,ASO,EN,Combined TRACON& Tower with Radar,9,12,8,4,33,0,0,13,2,15,9,12,21,6,48,8,6,14,62
07/08/2023,FAY,NC,ASO,EN,Combined TRACON& Tower with Radar,15,8,6,0,29,0,1,18,0,19,15,9,24,0,48,34,0,34,82
07/09/2023,FAY,NC,ASO,EN,Combined TRACON& Tower with Radar,9,10,15,1,35,0,0,8,0,8,9,10,23,1,43,12,0,12,55
07/10/2023,FAY,NC,ASO,EN,Combined TRACON& Tower with Radar,10,8,19,0,37,0,0,29,0,29,10,8,48,0,66,120,0,120,186
07/11/2023,FAY,NC,ASO,EN,Combined TRACON& Tower with Radar,12,8,10,10,40,0,5,38,1,44,12,13,48,11,84,70,0,70,154
07/12/2023,FAY,NC,ASO,EN,Combined TRACON& Tower with Radar,10,9,26,9,54,0,1,37,4,42,10,10,63,13,96,100,8,108,204
07/13/2023,FAY,NC,ASO,EN,Combined TRACON& Tower with Radar,10,8,11,23,52,0,2,32,2,36,10,10,43,25,88,60,10,70,158
07/14/2023,FAY,NC,ASO,EN,Combined TRACON& Tower with Radar,7,8,8,0,23,0,0,5,0,5,7,8,13,0,28,22,0,22,50
07/15/2023,FAY,NC,ASO,EN,Combined TRACON& Tower with Radar,11,11,4,0,26,0,0,22,0,22,11,11,26,0,48,10,0,10,58
07/16/2023,FAY,NC,ASO,EN,Combined TRACON& Tower with Radar,10,10,7,0,27,0,0,15,0,15,10,10,22,0,42,72,0,72,114
07/17/2023,FAY,NC,ASO,EN,Combined TRACON& Tower with Radar,9,9,14,7,39,0,0,41,3,44,9,9,55,10,83,132,10,142,225
07/18/2023,FAY,NC,ASO,EN,Combined TRACON& Tower with Radar,10,8,34,7,59,0,0,42,1,43,10,8,76,8,102,134,4,138,240
07/19/2023,FAY,NC,ASO,EN,Combined TRACON& Tower with Radar,10,9,21,2,42,0,0,37,3,40,10,9,58,5,82,64,0,64,146
07/20/2023,FAY,NC,ASO,EN,Combined TRACON& Tower with Radar,8,8,30,2,48,0,2,39,2,43,8,10,69,4,91,154,2,156,247
07/21/2023,FAY,NC,ASO,EN,Combined TRACON& Tower with Radar,4,8,23,3,38,0,0,31,0,31,4,8,54,3,69,48,0,48,117
07/22/2023,FAY,NC,ASO,EN,Combined TRACON& Tower with Radar,13,8,14,6,41,0,0,27,0,27,13,8,41,6,68,50,0,50,118
07/23/2023,FAY,NC,ASO,EN,Combined TRACON& Tower with Radar,10,8,7,0,25,0,0,18,0,18,10,8,25,0,43,48,0,48,91
07/24/2023,FAY,NC,ASO,EN,Combined TRACON& Tower with Radar,10,8,14,6,38,0,0,9,0,9,10,8,23,6,47,0,10,10,57
07/25/2023,FAY,NC,ASO,EN,Combined TRACON& Tower with Radar,11,8,14,4,37,0,5,12,4,21,11,13,26,8,58,38,16,54,112
07/26/2023,FAY,NC,ASO,EN,Combined TRACON& Tower with Radar,10,10,20,5,45,0,1,33,0,34,10,11,53,5,79,32,0,32,111
07/27/2023,FAY,NC,ASO,EN,Combined TRACON& Tower with Radar,10,12,26,6,54,0,1,32,3,36,10,13,58,9,90,60,0,60,150
07/28/2023,FAY,NC,ASO,EN,Combined TRACON& Tower with Radar,10,10,14,5,39,0,0,45,1,46,10,10,59,6,85,32,0,32,117
07/29/2023,FAY,NC,ASO,EN,Combined TRACON& Tower with Radar,10,10,11,0,31,0,0,13,0,13,10,10,24,0,44,38,0,38,82
07/30/2023,FAY,NC,ASO,EN,Combined TRACON& Tower with Radar,10,8,14,0,32,0,2,18,3,23,10,10,32,3,55,26,0,26,81
07/31/2023,FAY,NC,ASO,EN,Combined TRACON& Tower with Radar,12,8,16,0,36,0,0,24,2,26,12,8,40,2,62,56,0,56,118
08/01/2023,FAY,NC,ASO,EN,Combined TRACON& Tower with Radar,10,8,21,4,43,0,3,29,0,32,10,11,50,4,75,42,0,42,117
08/02/2023,FAY,NC,ASO,EN,Combined TRACON& Tower with Radar,10,10,17,5,42,0,4,42,2,48,10,14,59,7,90,67,0,67,157
08/03/2023,FAY,NC,ASO,EN,Combined TRACON& Tower with Radar,9,11,22,6,48,0,1,27,0,28,9,12,49,6,76,26,0,26,102
08/04/2023,FAY,NC,ASO,EN,Combined TRACON& Tower with Radar,6,11,30,2,49,0,0,6,0,6,6,11,36,2,55,0,0,0,55
08/05/2023,FAY,NC,ASO,EN,Combined TRACON& Tower with Radar,7,9,12,2,30,0,2,16,0,18,7,11,28,2,48,62,0,62,110
08/06/2023,FAY,NC,ASO,EN,Combined TRACON& Tower with Radar,5,15,11,0,31,0,0,24,0,24,5,15,35,0,55,30,0,30,85
08/07/2023,FAY,NC,ASO,EN,Combined TRACON& Tower with Radar,6,9,10,6,31,0,0,22,1,23,6,9,32,7,54,30,7,37,91
08/08/2023,FAY,NC,ASO,EN,Combined TRACON& Tower with Radar,4,11,24,8,47,0,1,29,0,30,4,12,53,8,77,50,12,62,139
08/09/2023,FAY,NC,ASO,EN,Combined TRACON& Tower with Radar,6,9,14,7,36,0,0,34,0,34,6,9,48,7,70,30,4,34,104
08/10/2023,FAY,NC,ASO,EN,Combined TRACON& Tower with Radar,6,12,11,9,38,0,1,12,1,14,6,13,23,10,52,8,8,16,68
08/11/2023,FAY,NC,ASO,EN,Combined TRACON& Tower with Radar,6,11,15,3,35,0,3,30,1,34,6,14,45,4,69,35,0,35,104
08/12/2023,FAY,NC,ASO,EN,Combined TRACON& Tower with Radar,8,9,9,0,26,0,0,25,0,25,8,9,34,0,51,4,0,4,55
08/13/2023,FAY,NC,ASO,EN,Combined TRACON& Tower with Radar,4,10,7,0,21,0,0,23,0,23,4,10,30,0,44,40,0,40,84
08/14/2023,FAY,NC,ASO,EN,Combined TRACON& Tower with Radar,5,14,10,1,30,0,0,14,0,14,5,14,24,1,44,16,0,16,60
08/15/2023,FAY,NC,ASO,EN,Combined TRACON& Tower with Radar,11,15,7,5,38,0,1,20,1,22,11,16,27,6,60,10,8,18,78
08/16/2023,FAY,NC,ASO,EN,Combined TRACON& Tower with Radar,8,11,10,8,37,0,0,33,0,33,8,11,43,8,70,34,0,34,104
08/17/2023,FAY,NC,ASO,EN,Combined TRACON& Tower with Radar,8,12,24,8,52,0,1,23,2,26,8,13,47,10,78,56,10,66,144
08/18/2023,FAY,NC,ASO,EN,Combined TRACON& Tower with Radar,8,13,10,5,36,0,4,25,2,31,8,17,35,7,67,64,6,70,137
08/19/2023,FAY,NC,ASO,EN,Combined TRACON& Tower with Radar,7,11,21,0,39,0,2,36,0,38,7,13,57,0,77,38,0,38,115
08/20/2023,FAY,NC,ASO,EN,Combined TRACON& Tower with Radar,7,10,5,0,22,0,0,16,0,16,7,10,21,0,38,52,0,52,90
08/21/2023,FAY,NC,ASO,EN,Combined TRACON& Tower with Radar,8,12,11,1,32,0,2,24,1,27,8,14,35,2,59,42,0,42,101
08/22/2023,FAY,NC,ASO,EN,Combined TRACON& Tower with Radar,8,14,11,8,41,0,2,22,2,26,8,16,33,10,67,58,16,74,141
08/23/2023,FAY,NC,ASO,EN,Combined TRACON& Tower with Radar,8,12,14,8,42,0,0,18,7,25,8,12,32,15,67,48,0,48,115
08/24/2023,FAY,NC,ASO,EN,Combined TRACON& Tower with Radar,8,9,12,11,40,0,2,24,1,27,8,11,36,12,67,26,16,42,109
08/25/2023,FAY,NC,ASO,EN,Combined TRACON& Tower with Radar,8,13,15,6,42,0,0,32,0,32,8,13,47,6,74,36,0,36,110
08/26/2023,FAY,NC,ASO,EN,Combined TRACON& Tower with Radar,7,10,22,0,39,0,0,21,0,21,7,10,43,0,60,34,0,34,94
08/27/2023,FAY,NC,ASO,EN,Combined TRACON& Tower with Radar,11,12,9,0,32,0,3,10,0,13,11,15,19,0,45,16,0,16,61
08/28/2023,FAY,NC,ASO,EN,Combined TRACON& Tower with Radar,8,12,11,20,51,0,0,14,2,16,8,12,25,22,67,38,20,58,125
08/29/2023,FAY,NC,ASO,EN,Combined TRACON& Tower with Radar,8,11,27,2,48,0,0,17,1,18,8,11,44,3,66,10,0,10,76
08/30/2023,FAY,NC,ASO,EN,Combined TRACON& Tower with Radar,10,11,15,0,36,0,0,0,1,1,10,11,15,1,37,4,0,4,41
08/31/2023,FAY,NC,ASO,EN,Combined TRACON& Tower with Radar,6,13,2,0,21,0,2,6,0,8,6,15,8,0,29,16,0,16,45
