03/01/2002,FCA,MT,ANM,WE,Federal Contract Tower,5,14,6,0,25,6,5,26,0,37,11,19,32,0,62,30,0,30,92
03/02/2002,FCA,MT,ANM,WE,Federal Contract Tower,7,13,6,0,26,2,0,42,2,46,9,13,48,2,72,52,0,52,124
03/03/2002,FCA,MT,ANM,WE,Federal Contract Tower,8,16,10,0,34,5,0,28,0,33,13,16,38,0,67,10,0,10,77
03/04/2002,FCA,MT,ANM,WE,Federal Contract Tower,7,16,8,0,31,0,10,32,0,42,7,26,40,0,73,34,0,34,107
03/05/2002,FCA,MT,ANM,WE,Federal Contract Tower,7,19,8,0,34,0,9,0,0,9,7,28,8,0,43,24,0,24,67
03/06/2002,FCA,MT,ANM,WE,Federal Contract Tower,11,26,9,0,46,0,3,0,0,3,11,29,9,0,49,0,0,0,49
03/07/2002,FCA,MT,ANM,WE,Federal Contract Tower,11,26,12,0,49,0,0,3,0,3,11,26,15,0,52,0,0,0,52
03/08/2002,FCA,MT,ANM,WE,Federal Contract Tower,7,26,12,0,45,0,5,37,0,42,7,31,49,0,87,24,0,24,111
03/09/2002,FCA,MT,ANM,WE,Federal Contract Tower,6,12,6,0,24,2,2,23,0,27,8,14,29,0,51,76,0,76,127
03/10/2002,FCA,MT,ANM,WE,Federal Contract Tower,9,15,9,0,33,1,0,29,0,30,10,15,38,0,63,12,0,12,75
03/11/2002,FCA,MT,ANM,WE,Federal Contract Tower,10,22,10,0,42,1,2,9,0,12,11,24,19,0,54,40,0,40,94
03/12/2002,FCA,MT,ANM,WE,Federal Contract Tower,9,20,9,0,38,1,13,56,0,70,10,33,65,0,108,28,0,28,136
03/13/2002,FCA,MT,ANM,WE,Federal Contract Tower,7,21,8,0,36,0,5,19,0,24,7,26,27,0,60,10,0,10,70
03/14/2002,FCA,MT,ANM,WE,Federal Contract Tower,11,24,10,0,45,0,1,18,0,19,11,25,28,0,64,26,0,26,90
03/15/2002,FCA,MT,ANM,WE,Federal Contract Tower,9,22,9,0,40,0,0,9,0,9,9,22,18,0,49,2,0,2,51
03/16/2002,FCA,MT,ANM,WE,Federal Contract Tower,7,12,4,0,23,3,0,0,0,3,10,12,4,0,26,0,0,0,26
03/17/2002,FCA,MT,ANM,WE,Federal Contract Tower,8,13,7,1,29,3,0,40,2,45,11,13,47,3,74,40,0,40,114
03/18/2002,FCA,MT,ANM,WE,Federal Contract Tower,9,20,5,0,34,0,4,0,0,4,9,24,5,0,38,0,0,0,38
03/19/2002,FCA,MT,ANM,WE,Federal Contract Tower,8,21,6,0,35,0,6,0,0,6,8,27,6,0,41,0,0,0,41
03/20/2002,FCA,MT,ANM,WE,Federal Contract Tower,9,21,6,0,36,0,6,0,0,6,9,27,6,0,42,0,0,0,42
03/21/2002,FCA,MT,ANM,WE,Federal Contract Tower,11,23,9,0,43,0,5,28,0,33,11,28,37,0,76,70,0,70,146
03/22/2002,FCA,MT,ANM,WE,Federal Contract Tower,9,26,10,0,45,0,0,53,0,53,9,26,63,0,98,30,0,30,128
03/23/2002,FCA,MT,ANM,WE,Federal Contract Tower,6,12,4,0,22,2,5,62,0,69,8,17,66,0,91,54,0,54,145
03/24/2002,FCA,MT,ANM,WE,Federal Contract Tower,8,14,7,0,29,1,0,78,0,79,9,14,85,0,108,84,0,84,192
03/25/2002,FCA,MT,ANM,WE,Federal Contract Tower,10,25,10,0,45,0,1,21,0,22,10,26,31,0,67,18,0,18,85
03/26/2002,FCA,MT,ANM,WE,Federal Contract Tower,10,21,8,0,39,0,10,25,2,37,10,31,33,2,76,30,2,32,108
03/27/2002,FCA,MT,ANM,WE,Federal Contract Tower,11,27,11,0,49,0,2,17,0,19,11,29,28,0,68,0,0,0,68
03/28/2002,FCA,MT,ANM,WE,Federal Contract Tower,11,30,13,0,54,0,0,16,0,16,11,30,29,0,70,8,0,8,78
03/29/2002,FCA,MT,ANM,WE,Federal Contract Tower,10,21,8,0,39,0,2,13,0,15,10,23,21,0,54,60,0,60,114
03/30/2002,FCA,MT,ANM,WE,Federal Contract Tower,7,12,5,0,24,1,0,15,0,16,8,12,20,0,40,48,0,48,88
03/31/2002,FCA,MT,ANM,WE,Federal Contract Tower,8,14,6,0,28,1,0,32,0,33,9,14,38,0,61,42,0,42,103
04/01/2002,FCA,MT,ANM,WE,Federal Contract Tower,13,24,9,0,46,0,1,6,0,7,13,25,15,0,53,12,0,12,65
04/02/2002,FCA,MT,ANM,WE,Federal Contract Tower,11,23,9,0,43,0,20,60,0,80,11,43,69,0,123,18,0,18,141
04/03/2002,FCA,MT,ANM,WE,Federal Contract Tower,13,23,9,0,45,2,6,45,0,53,15,29,54,0,98,66,0,66,164
04/04/2002,FCA,MT,ANM,WE,Federal Contract Tower,12,22,8,0,42,0,12,61,0,73,12,34,69,0,115,24,0,24,139
04/05/2002,FCA,MT,ANM,WE,Federal Contract Tower,11,20,7,0,38,0,0,66,0,66,11,20,73,0,104,70,0,70,174
04/06/2002,FCA,MT,ANM,WE,Federal Contract Tower,9,12,6,0,27,1,0,13,0,14,10,12,19,0,41,22,0,22,63
04/07/2002,FCA,MT,ANM,WE,Federal Contract Tower,9,15,5,0,29,1,1,14,0,16,10,16,19,0,45,26,0,26,71
04/08/2002,FCA,MT,ANM,WE,Federal Contract Tower,9,18,8,0,35,4,10,50,0,64,13,28,58,0,99,30,0,30,129
04/09/2002,FCA,MT,ANM,WE,Federal Contract Tower,10,24,10,0,44,0,5,19,2,26,10,29,29,2,70,14,0,14,84
04/10/2002,FCA,MT,ANM,WE,Federal Contract Tower,10,19,8,0,37,0,9,39,0,48,10,28,47,0,85,88,0,88,173
04/11/2002,FCA,MT,ANM,WE,Federal Contract Tower,9,22,9,0,40,0,12,34,0,46,9,34,43,0,86,50,0,50,136
04/12/2002,FCA,MT,ANM,WE,Federal Contract Tower,10,19,8,0,37,1,6,26,0,33,11,25,34,0,70,18,0,18,88
04/13/2002,FCA,MT,ANM,WE,Federal Contract Tower,7,13,6,0,26,2,0,6,0,8,9,13,12,0,34,28,0,28,62
04/14/2002,FCA,MT,ANM,WE,Federal Contract Tower,9,15,7,0,31,2,0,2,0,4,11,15,9,0,35,28,0,28,63
04/15/2002,FCA,MT,ANM,WE,Federal Contract Tower,9,18,8,0,35,2,9,30,0,41,11,27,38,0,76,60,0,60,136
04/16/2002,FCA,MT,ANM,WE,Federal Contract Tower,10,25,10,0,45,0,1,16,0,17,10,26,26,0,62,0,0,0,62
04/17/2002,FCA,MT,ANM,WE,Federal Contract Tower,11,23,10,0,44,0,13,59,0,72,11,36,69,0,116,66,0,66,182
04/18/2002,FCA,MT,ANM,WE,Federal Contract Tower,9,17,7,0,33,1,9,43,0,53,10,26,50,0,86,30,0,30,116
04/19/2002,FCA,MT,ANM,WE,Federal Contract Tower,10,19,8,0,37,1,7,67,0,75,11,26,75,0,112,38,0,38,150
04/20/2002,FCA,MT,ANM,WE,Federal Contract Tower,8,16,5,0,29,2,0,45,0,47,10,16,50,0,76,46,0,46,122
04/21/2002,FCA,MT,ANM,WE,Federal Contract Tower,7,12,5,0,24,3,0,11,0,14,10,12,16,0,38,8,0,8,46
04/22/2002,FCA,MT,ANM,WE,Federal Contract Tower,11,23,8,0,42,1,0,21,0,22,12,23,29,0,64,30,0,30,94
04/23/2002,FCA,MT,ANM,WE,Federal Contract Tower,10,23,8,0,41,0,8,3,0,11,10,31,11,0,52,8,0,8,60
04/24/2002,FCA,MT,ANM,WE,Federal Contract Tower,11,25,9,0,45,0,5,60,0,65,11,30,69,0,110,70,0,70,180
04/25/2002,FCA,MT,ANM,WE,Federal Contract Tower,10,24,8,0,42,0,12,46,0,58,10,36,54,0,100,34,0,34,134
04/26/2002,FCA,MT,ANM,WE,Federal Contract Tower,11,23,8,0,42,0,11,40,0,51,11,34,48,0,93,48,0,48,141
04/27/2002,FCA,MT,ANM,WE,Federal Contract Tower,7,14,5,0,26,2,5,23,0,30,9,19,28,0,56,26,0,26,82
04/28/2002,FCA,MT,ANM,WE,Federal Contract Tower,10,18,8,0,36,1,0,41,0,42,11,18,49,0,78,34,0,34,112
04/29/2002,FCA,MT,ANM,WE,Federal Contract Tower,11,23,9,0,43,0,0,54,0,54,11,23,63,0,97,28,0,28,125
04/30/2002,FCA,MT,ANM,WE,Federal Contract Tower,10,25,9,0,44,0,8,11,0,19,10,33,20,0,63,2,0,2,65
05/01/2002,FCA,MT,ANM,WE,Federal Contract Tower,10,23,13,0,46,0,8,97,0,105,10,31,110,0,151,48,0,48,199
05/02/2002,FCA,MT,ANM,WE,Federal Contract Tower,10,19,10,0,39,1,10,49,0,60,11,29,59,0,99,46,0,46,145
05/03/2002,FCA,MT,ANM,WE,Federal Contract Tower,10,27,14,0,51,0,2,36,0,38,10,29,50,0,89,38,0,38,127
05/04/2002,FCA,MT,ANM,WE,Federal Contract Tower,7,12,6,0,25,0,2,33,0,35,7,14,39,0,60,34,0,34,94
05/05/2002,FCA,MT,ANM,WE,Federal Contract Tower,8,14,8,0,30,1,0,11,0,12,9,14,19,0,42,20,0,20,62
05/06/2002,FCA,MT,ANM,WE,Federal Contract Tower,11,20,10,0,41,0,4,9,0,13,11,24,19,0,54,8,0,8,62
05/07/2002,FCA,MT,ANM,WE,Federal Contract Tower,9,22,12,0,43,0,8,2,0,10,9,30,14,0,53,0,0,0,53
05/08/2002,FCA,MT,ANM,WE,Federal Contract Tower,10,19,11,0,40,0,8,39,0,47,10,27,50,0,87,24,0,24,111
05/09/2002,FCA,MT,ANM,WE,Federal Contract Tower,10,19,10,0,39,1,8,49,0,58,11,27,59,0,97,22,0,22,119
05/10/2002,FCA,MT,ANM,WE,Federal Contract Tower,11,22,11,0,44,0,11,67,2,80,11,33,78,2,124,98,4,102,226
05/11/2002,FCA,MT,ANM,WE,Federal Contract Tower,8,11,8,0,27,3,0,43,0,46,11,11,51,0,73,48,0,48,121
05/12/2002,FCA,MT,ANM,WE,Federal Contract Tower,8,11,7,0,26,3,0,62,1,66,11,11,69,1,92,66,0,66,158
05/13/2002,FCA,MT,ANM,WE,Federal Contract Tower,10,22,11,0,43,0,10,45,0,55,10,32,56,0,98,24,0,24,122
05/14/2002,FCA,MT,ANM,WE,Federal Contract Tower,11,32,15,0,58,0,8,38,2,48,11,40,53,2,106,14,28,42,148
05/15/2002,FCA,MT,ANM,WE,Federal Contract Tower,10,22,10,0,42,1,10,58,0,69,11,32,68,0,111,42,0,42,153
05/16/2002,FCA,MT,ANM,WE,Federal Contract Tower,11,24,11,0,46,0,10,58,0,68,11,34,69,0,114,20,0,20,134
05/17/2002,FCA,MT,ANM,WE,Federal Contract Tower,11,28,13,0,52,0,6,42,0,48,11,34,55,0,100,34,0,34,134
05/18/2002,FCA,MT,ANM,WE,Federal Contract Tower,7,15,6,0,28,2,2,47,0,51,9,17,53,0,79,34,0,34,113
05/19/2002,FCA,MT,ANM,WE,Federal Contract Tower,9,19,9,0,37,1,11,60,0,72,10,30,69,0,109,26,0,26,135
05/20/2002,FCA,MT,ANM,WE,Federal Contract Tower,9,20,9,0,38,1,7,30,0,38,10,27,39,0,76,26,0,26,102
05/21/2002,FCA,MT,ANM,WE,Federal Contract Tower,9,21,10,0,40,0,6,4,0,10,9,27,14,0,50,0,0,0,50
05/22/2002,FCA,MT,ANM,WE,Federal Contract Tower,10,26,13,0,49,0,4,11,0,15,10,30,24,0,64,0,0,0,64
05/23/2002,FCA,MT,ANM,WE,Federal Contract Tower,10,27,13,0,50,0,5,37,0,42,10,32,50,0,92,28,0,28,120
05/24/2002,FCA,MT,ANM,WE,Federal Contract Tower,10,22,12,0,44,2,5,47,0,54,12,27,59,0,98,28,0,28,126
05/25/2002,FCA,MT,ANM,WE,Federal Contract Tower,5,12,7,0,24,2,2,33,0,37,7,14,40,0,61,56,0,56,117
05/26/2002,FCA,MT,ANM,WE,Federal Contract Tower,5,11,5,0,21,4,2,15,0,21,9,13,20,0,42,10,0,10,52
05/27/2002,FCA,MT,ANM,WE,Federal Contract Tower,8,17,10,0,35,2,0,25,0,27,10,17,35,0,62,14,0,14,76
05/28/2002,FCA,MT,ANM,WE,Federal Contract Tower,11,23,11,0,45,0,3,35,0,38,11,26,46,0,83,4,0,4,87
05/29/2002,FCA,MT,ANM,WE,Federal Contract Tower,10,23,12,0,45,0,9,30,2,41,10,32,42,2,86,46,8,54,140
05/30/2002,FCA,MT,ANM,WE,Federal Contract Tower,11,23,11,0,45,0,13,69,0,82,11,36,80,0,127,26,0,26,153
05/31/2002,FCA,MT,ANM,WE,Federal Contract Tower,11,24,13,0,48,0,3,51,0,54,11,27,64,0,102,46,0,46,148
06/01/2002,FCA,MT,ANM,WE,Federal Contract Tower,8,13,9,0,30,1,4,47,0,52,9,17,56,0,82,42,0,42,124
06/02/2002,FCA,MT,ANM,WE,Federal Contract Tower,11,17,13,0,41,0,8,35,0,43,11,25,48,0,84,30,0,30,114
06/03/2002,FCA,MT,ANM,WE,Federal Contract Tower,10,19,14,0,43,0,11,60,0,71,10,30,74,0,114,42,0,42,156
06/04/2002,FCA,MT,ANM,WE,Federal Contract Tower,10,19,14,0,43,0,11,60,0,71,10,30,74,0,114,42,0,42,156
06/05/2002,FCA,MT,ANM,WE,Federal Contract Tower,10,18,13,0,41,0,13,25,0,38,10,31,38,0,79,6,0,6,85
06/06/2002,FCA,MT,ANM,WE,Federal Contract Tower,10,27,19,0,56,0,17,39,0,56,10,44,58,0,112,44,0,44,156
06/07/2002,FCA,MT,ANM,WE,Federal Contract Tower,14,27,19,0,60,0,0,77,0,77,14,27,96,0,137,52,0,52,189
06/08/2002,FCA,MT,ANM,WE,Federal Contract Tower,11,15,14,0,40,0,0,16,0,16,11,15,30,0,56,56,0,56,112
06/09/2002,FCA,MT,ANM,WE,Federal Contract Tower,13,22,16,0,51,0,0,17,0,17,13,22,33,0,68,22,0,22,90
06/10/2002,FCA,MT,ANM,WE,Federal Contract Tower,12,20,15,0,47,0,9,16,0,25,12,29,31,0,72,18,0,18,90
06/11/2002,FCA,MT,ANM,WE,Federal Contract Tower,11,18,13,0,42,1,12,25,0,38,12,30,38,0,80,6,0,6,86
06/12/2002,FCA,MT,ANM,WE,Federal Contract Tower,11,24,17,0,52,0,6,48,2,56,11,30,65,2,108,8,10,18,126
06/13/2002,FCA,MT,ANM,WE,Federal Contract Tower,11,18,13,0,42,1,17,78,2,98,12,35,91,2,140,56,60,116,256
06/14/2002,FCA,MT,ANM,WE,Federal Contract Tower,11,20,14,0,45,0,7,67,0,74,11,27,81,0,119,40,0,40,159
06/15/2002,FCA,MT,ANM,WE,Federal Contract Tower,9,17,11,0,37,1,9,61,0,71,10,26,72,0,108,44,0,44,152
06/16/2002,FCA,MT,ANM,WE,Federal Contract Tower,10,17,11,0,38,3,0,65,0,68,13,17,76,0,106,62,0,62,168
06/17/2002,FCA,MT,ANM,WE,Federal Contract Tower,10,19,11,0,40,1,4,59,0,64,11,23,70,0,104,24,0,24,128
06/18/2002,FCA,MT,ANM,WE,Federal Contract Tower,11,25,16,0,52,0,13,3,0,16,11,38,19,0,68,24,0,24,92
06/19/2002,FCA,MT,ANM,WE,Federal Contract Tower,11,25,16,1,53,0,3,46,1,50,11,28,62,2,103,26,22,48,151
06/20/2002,FCA,MT,ANM,WE,Federal Contract Tower,11,23,15,0,49,0,8,87,2,97,11,31,102,2,146,18,34,52,198
06/21/2002,FCA,MT,ANM,WE,Federal Contract Tower,6,12,9,0,27,6,17,75,0,98,12,29,84,0,125,34,0,34,159
06/22/2002,FCA,MT,ANM,WE,Federal Contract Tower,6,12,9,0,27,4,5,26,0,35,10,17,35,0,62,60,0,60,122
06/23/2002,FCA,MT,ANM,WE,Federal Contract Tower,11,21,14,0,46,3,4,38,0,45,14,25,52,0,91,26,0,26,117
06/24/2002,FCA,MT,ANM,WE,Federal Contract Tower,9,18,12,0,39,3,10,84,0,97,12,28,96,0,136,62,0,62,198
06/25/2002,FCA,MT,ANM,WE,Federal Contract Tower,12,22,15,0,49,0,9,84,0,93,12,31,99,0,142,10,0,10,152
06/26/2002,FCA,MT,ANM,WE,Federal Contract Tower,10,19,12,0,41,1,13,106,0,120,11,32,118,0,161,68,0,68,229
06/27/2002,FCA,MT,ANM,WE,Federal Contract Tower,11,19,13,0,43,0,9,79,0,88,11,28,92,0,131,22,0,22,153
06/28/2002,FCA,MT,ANM,WE,Federal Contract Tower,11,23,15,0,49,0,1,34,0,35,11,24,49,0,84,16,0,16,100
06/29/2002,FCA,MT,ANM,WE,Federal Contract Tower,11,20,13,0,44,1,4,34,0,39,12,24,47,0,83,36,0,36,119
06/30/2002,FCA,MT,ANM,WE,Federal Contract Tower,11,20,14,0,45,5,5,48,0,58,16,25,62,0,103,20,0,20,123
07/01/2002,FCA,MT,ANM,WE,Federal Contract Tower,13,20,19,0,52,0,3,39,0,42,13,23,58,0,94,10,0,10,104
07/02/2002,FCA,MT,ANM,WE,Federal Contract Tower,12,15,14,0,41,1,19,76,0,96,13,34,90,0,137,40,0,40,177
07/03/2002,FCA,MT,ANM,WE,Federal Contract Tower,14,25,24,0,63,0,9,80,0,89,14,34,104,0,152,32,0,32,184
07/04/2002,FCA,MT,ANM,WE,Federal Contract Tower,11,13,11,0,35,3,4,81,0,88,14,17,92,0,123,10,0,10,133
07/05/2002,FCA,MT,ANM,WE,Federal Contract Tower,12,17,17,0,46,0,15,77,0,92,12,32,94,0,138,30,0,30,168
07/06/2002,FCA,MT,ANM,WE,Federal Contract Tower,11,14,13,0,38,5,6,77,0,88,16,20,90,0,126,26,0,26,152
07/07/2002,FCA,MT,ANM,WE,Federal Contract Tower,13,26,25,0,64,0,12,90,2,104,13,38,115,2,168,28,0,28,196
07/08/2002,FCA,MT,ANM,WE,Federal Contract Tower,13,16,16,0,45,1,11,16,0,28,14,27,32,0,73,12,0,12,85
07/09/2002,FCA,MT,ANM,WE,Federal Contract Tower,13,15,14,0,42,1,21,73,0,95,14,36,87,0,137,26,0,26,163
07/10/2002,FCA,MT,ANM,WE,Federal Contract Tower,14,19,17,0,50,0,8,69,0,77,14,27,86,0,127,28,0,28,155
07/11/2002,FCA,MT,ANM,WE,Federal Contract Tower,13,16,14,0,43,1,14,50,0,65,14,30,64,0,108,32,0,32,140
07/12/2002,FCA,MT,ANM,WE,Federal Contract Tower,14,19,17,0,50,0,9,81,4,94,14,28,98,4,144,26,6,32,176
07/13/2002,FCA,MT,ANM,WE,Federal Contract Tower,14,17,16,0,47,1,3,62,0,66,15,20,78,0,113,42,0,42,155
07/14/2002,FCA,MT,ANM,WE,Federal Contract Tower,16,22,21,0,59,0,8,46,0,54,16,30,67,0,113,10,0,10,123
07/15/2002,FCA,MT,ANM,WE,Federal Contract Tower,11,13,13,0,37,1,11,59,0,71,12,24,72,0,108,32,0,32,140
07/16/2002,FCA,MT,ANM,WE,Federal Contract Tower,14,21,19,0,54,0,16,54,0,70,14,37,73,0,124,22,0,22,146
07/17/2002,FCA,MT,ANM,WE,Federal Contract Tower,14,19,16,0,49,0,17,78,0,95,14,36,94,0,144,28,0,28,172
07/18/2002,FCA,MT,ANM,WE,Federal Contract Tower,13,18,15,0,46,1,20,101,0,122,14,38,116,0,168,40,0,40,208
07/19/2002,FCA,MT,ANM,WE,Federal Contract Tower,14,25,21,1,61,0,12,72,3,87,14,37,93,4,148,66,66,132,280
07/20/2002,FCA,MT,ANM,WE,Federal Contract Tower,13,17,15,0,45,2,0,93,0,95,15,17,108,0,140,46,0,46,186
07/21/2002,FCA,MT,ANM,WE,Federal Contract Tower,13,18,15,1,47,3,6,75,0,84,16,24,90,1,131,22,0,22,153
07/22/2002,FCA,MT,ANM,WE,Federal Contract Tower,13,18,14,1,46,0,12,64,0,76,13,30,78,1,122,24,4,28,150
07/23/2002,FCA,MT,ANM,WE,Federal Contract Tower,14,19,16,0,49,0,9,73,0,82,14,28,89,0,131,40,0,40,171
07/24/2002,FCA,MT,ANM,WE,Federal Contract Tower,13,20,17,0,50,0,9,116,0,125,13,29,133,0,175,36,0,36,211
07/25/2002,FCA,MT,ANM,WE,Federal Contract Tower,14,21,18,0,53,0,18,100,0,118,14,39,118,0,171,32,0,32,203
07/26/2002,FCA,MT,ANM,WE,Federal Contract Tower,11,15,14,0,40,1,13,72,2,88,12,28,86,2,128,22,0,22,150
07/27/2002,FCA,MT,ANM,WE,Federal Contract Tower,12,16,14,0,42,4,0,55,0,59,16,16,69,0,101,40,0,40,141
07/28/2002,FCA,MT,ANM,WE,Federal Contract Tower,14,19,17,0,50,1,8,64,0,73,15,27,81,0,123,18,0,18,141
07/29/2002,FCA,MT,ANM,WE,Federal Contract Tower,10,15,13,0,38,4,5,33,0,42,14,20,46,0,80,8,0,8,88
07/30/2002,FCA,MT,ANM,WE,Federal Contract Tower,13,18,17,0,48,0,23,29,0,52,13,41,46,0,100,4,0,4,104
07/31/2002,FCA,MT,ANM,WE,Federal Contract Tower,11,15,14,0,40,3,15,45,0,63,14,30,59,0,103,16,0,16,119
08/01/2002,FCA,MT,ANM,WE,Federal Contract Tower,14,23,20,0,57,0,12,97,0,109,14,35,117,0,166,32,0,32,198
08/02/2002,FCA,MT,ANM,WE,Federal Contract Tower,12,16,15,0,43,0,9,85,0,94,12,25,100,0,137,56,0,56,193
08/03/2002,FCA,MT,ANM,WE,Federal Contract Tower,14,20,18,0,52,0,1,79,0,80,14,21,97,0,132,30,0,30,162
08/04/2002,FCA,MT,ANM,WE,Federal Contract Tower,16,22,23,0,61,0,0,45,0,45,16,22,68,0,106,26,0,26,132
08/05/2002,FCA,MT,ANM,WE,Federal Contract Tower,13,25,22,0,60,0,6,53,0,59,13,31,75,0,119,18,0,18,137
08/06/2002,FCA,MT,ANM,WE,Federal Contract Tower,14,22,19,0,55,0,10,25,0,35,14,32,44,0,90,34,0,34,124
08/07/2002,FCA,MT,ANM,WE,Federal Contract Tower,14,24,21,0,59,0,13,88,0,101,14,37,109,0,160,22,0,22,182
08/08/2002,FCA,MT,ANM,WE,Federal Contract Tower,14,22,19,1,56,0,9,35,3,47,14,31,54,4,103,16,50,66,169
08/09/2002,FCA,MT,ANM,WE,Federal Contract Tower,13,18,16,0,47,0,16,94,0,110,13,34,110,0,157,54,0,54,211
08/10/2002,FCA,MT,ANM,WE,Federal Contract Tower,10,14,13,0,37,4,8,84,0,96,14,22,97,0,133,14,0,14,147
08/11/2002,FCA,MT,ANM,WE,Federal Contract Tower,15,25,22,0,62,0,9,74,0,83,15,34,96,0,145,62,0,62,207
08/12/2002,FCA,MT,ANM,WE,Federal Contract Tower,13,20,17,1,51,0,18,57,1,76,13,38,74,2,127,30,26,56,183
08/13/2002,FCA,MT,ANM,WE,Federal Contract Tower,14,22,19,1,56,0,21,59,1,81,14,43,78,2,137,14,40,54,191
08/14/2002,FCA,MT,ANM,WE,Federal Contract Tower,13,22,17,0,52,0,14,68,0,82,13,36,85,0,134,30,0,30,164
08/15/2002,FCA,MT,ANM,WE,Federal Contract Tower,14,24,19,0,57,0,17,91,0,108,14,41,110,0,165,48,0,48,213
08/16/2002,FCA,MT,ANM,WE,Federal Contract Tower,13,22,18,0,53,0,12,75,0,87,13,34,93,0,140,14,0,14,154
08/17/2002,FCA,MT,ANM,WE,Federal Contract Tower,12,19,15,1,47,4,4,84,1,93,16,23,99,2,140,30,0,30,170
08/18/2002,FCA,MT,ANM,WE,Federal Contract Tower,15,23,19,0,57,0,9,79,0,88,15,32,98,0,145,36,0,36,181
08/19/2002,FCA,MT,ANM,WE,Federal Contract Tower,12,19,15,1,47,3,11,63,6,83,15,30,78,7,130,12,0,12,142
08/20/2002,FCA,MT,ANM,WE,Federal Contract Tower,13,21,16,1,51,1,5,39,1,46,14,26,55,2,97,12,0,12,109
08/21/2002,FCA,MT,ANM,WE,Federal Contract Tower,14,26,21,0,61,0,2,50,0,52,14,28,71,0,113,30,0,30,143
08/22/2002,FCA,MT,ANM,WE,Federal Contract Tower,14,29,24,1,68,0,11,78,1,90,14,40,102,2,158,26,8,34,192
08/23/2002,FCA,MT,ANM,WE,Federal Contract Tower,11,17,14,0,42,3,7,82,0,92,14,24,96,0,134,62,0,62,196
08/24/2002,FCA,MT,ANM,WE,Federal Contract Tower,13,20,16,0,49,3,4,64,0,71,16,24,80,0,120,22,0,22,142
08/25/2002,FCA,MT,ANM,WE,Federal Contract Tower,14,18,18,0,50,2,0,57,0,59,16,18,75,0,109,16,0,16,125
08/26/2002,FCA,MT,ANM,WE,Federal Contract Tower,14,22,19,0,55,1,4,53,4,62,15,26,72,4,117,14,4,18,135
08/27/2002,FCA,MT,ANM,WE,Federal Contract Tower,13,22,19,0,54,0,9,64,0,73,13,31,83,0,127,38,0,38,165
08/28/2002,FCA,MT,ANM,WE,Federal Contract Tower,12,19,15,0,46,2,9,86,0,97,14,28,101,0,143,40,0,40,183
08/29/2002,FCA,MT,ANM,WE,Federal Contract Tower,13,20,17,0,50,0,11,65,0,76,13,31,82,0,126,42,0,42,168
08/30/2002,FCA,MT,ANM,WE,Federal Contract Tower,12,18,15,0,45,3,6,64,0,73,15,24,79,0,118,12,0,12,130
08/31/2002,FCA,MT,ANM,WE,Federal Contract Tower,11,14,15,0,40,4,0,57,0,61,15,14,72,0,101,18,0,18,119
09/01/2002,FCA,MT,ANM,WE,Federal Contract Tower,12,17,13,0,42,3,6,36,0,45,15,23,49,0,87,26,0,26,113
09/02/2002,FCA,MT,ANM,WE,Federal Contract Tower,13,15,13,0,41,1,0,57,0,58,14,15,70,0,99,10,0,10,109
09/03/2002,FCA,MT,ANM,WE,Federal Contract Tower,14,21,15,0,50,0,12,51,0,63,14,33,66,0,113,4,0,4,117
09/04/2002,FCA,MT,ANM,WE,Federal Contract Tower,14,20,14,0,48,0,9,77,0,86,14,29,91,0,134,26,0,26,160
09/05/2002,FCA,MT,ANM,WE,Federal Contract Tower,6,18,13,0,37,0,3,34,0,37,6,21,47,0,74,0,0,0,74
09/06/2002,FCA,MT,ANM,WE,Federal Contract Tower,15,21,16,0,52,1,8,45,1,55,16,29,61,1,107,14,0,14,121
09/07/2002,FCA,MT,ANM,WE,Federal Contract Tower,12,13,12,0,37,2,0,38,0,40,14,13,50,0,77,10,0,10,87
09/08/2002,FCA,MT,ANM,WE,Federal Contract Tower,13,18,13,0,44,0,0,61,0,61,13,18,74,0,105,16,4,20,125
09/09/2002,FCA,MT,ANM,WE,Federal Contract Tower,14,18,14,0,46,0,11,75,0,86,14,29,89,0,132,0,0,0,132
09/10/2002,FCA,MT,ANM,WE,Federal Contract Tower,12,15,11,0,38,2,19,84,0,105,14,34,95,0,143,34,0,34,177
09/11/2002,FCA,MT,ANM,WE,Federal Contract Tower,14,18,14,0,46,1,8,64,0,73,15,26,78,0,119,10,0,10,129
09/12/2002,FCA,MT,ANM,WE,Federal Contract Tower,14,20,15,0,49,0,16,89,0,105,14,36,104,0,154,56,0,56,210
09/13/2002,FCA,MT,ANM,WE,Federal Contract Tower,14,19,14,0,47,0,4,82,0,86,14,23,96,0,133,16,0,16,149
09/14/2002,FCA,MT,ANM,WE,Federal Contract Tower,14,18,13,0,45,0,1,90,2,93,14,19,103,2,138,68,2,70,208
09/15/2002,FCA,MT,ANM,WE,Federal Contract Tower,13,16,11,0,40,1,1,64,0,66,14,17,75,0,106,16,0,16,122
09/16/2002,FCA,MT,ANM,WE,Federal Contract Tower,14,17,12,0,43,0,8,60,0,68,14,25,72,0,111,12,0,12,123
09/17/2002,FCA,MT,ANM,WE,Federal Contract Tower,14,22,16,0,52,0,7,26,0,33,14,29,42,0,85,12,0,12,97
09/18/2002,FCA,MT,ANM,WE,Federal Contract Tower,14,21,15,0,50,0,20,54,0,74,14,41,69,0,124,22,0,22,146
09/19/2002,FCA,MT,ANM,WE,Federal Contract Tower,14,20,14,0,48,0,13,83,0,96,14,33,97,0,144,52,0,52,196
09/20/2002,FCA,MT,ANM,WE,Federal Contract Tower,14,19,13,0,46,0,16,90,0,106,14,35,103,0,152,12,0,12,164
09/21/2002,FCA,MT,ANM,WE,Federal Contract Tower,11,14,9,0,34,3,1,71,0,75,14,15,80,0,109,20,0,20,129
09/22/2002,FCA,MT,ANM,WE,Federal Contract Tower,11,13,9,0,33,1,3,71,0,75,12,16,80,0,108,8,0,8,116
09/23/2002,FCA,MT,ANM,WE,Federal Contract Tower,13,20,13,0,46,0,7,47,0,54,13,27,60,0,100,12,0,12,112
09/24/2002,FCA,MT,ANM,WE,Federal Contract Tower,13,20,14,0,47,0,6,68,2,76,13,26,82,2,123,30,12,42,165
09/25/2002,FCA,MT,ANM,WE,Federal Contract Tower,13,17,12,0,42,1,16,77,0,94,14,33,89,0,136,34,0,34,170
09/26/2002,FCA,MT,ANM,WE,Federal Contract Tower,13,19,12,0,44,0,8,74,4,86,13,27,86,4,130,30,8,38,168
09/27/2002,FCA,MT,ANM,WE,Federal Contract Tower,13,18,12,0,43,1,21,67,0,89,14,39,79,0,132,32,0,32,164
09/28/2002,FCA,MT,ANM,WE,Federal Contract Tower,8,11,7,0,26,4,2,108,0,114,12,13,115,0,140,54,0,54,194
09/29/2002,FCA,MT,ANM,WE,Federal Contract Tower,11,14,9,0,34,3,5,27,0,35,14,19,36,0,69,22,0,22,91
09/30/2002,FCA,MT,ANM,WE,Federal Contract Tower,13,18,12,0,43,1,8,30,0,39,14,26,42,0,82,14,0,14,96
10/01/2002,FCA,MT,ANM,WE,Federal Contract Tower,12,27,14,0,53,0,8,41,0,49,12,35,55,0,102,24,0,24,126
10/02/2002,FCA,MT,ANM,WE,Federal Contract Tower,10,26,14,0,50,0,7,63,2,72,10,33,77,2,122,14,36,50,172
10/03/2002,FCA,MT,ANM,WE,Federal Contract Tower,11,24,13,0,48,0,16,57,0,73,11,40,70,0,121,32,0,32,153
10/04/2002,FCA,MT,ANM,WE,Federal Contract Tower,14,26,14,0,54,0,10,61,0,71,14,36,75,0,125,28,0,28,153
10/05/2002,FCA,MT,ANM,WE,Federal Contract Tower,9,17,9,0,35,3,0,43,0,46,12,17,52,0,81,20,0,20,101
10/06/2002,FCA,MT,ANM,WE,Federal Contract Tower,7,11,7,0,25,7,0,39,0,46,14,11,46,0,71,44,0,44,115
10/07/2002,FCA,MT,ANM,WE,Federal Contract Tower,12,22,12,0,46,0,11,47,0,58,12,33,59,0,104,16,0,16,120
10/08/2002,FCA,MT,ANM,WE,Federal Contract Tower,10,24,13,0,47,0,8,67,8,83,10,32,80,8,130,32,18,50,180
10/09/2002,FCA,MT,ANM,WE,Federal Contract Tower,12,24,13,0,49,0,10,42,0,52,12,34,55,0,101,20,0,20,121
10/10/2002,FCA,MT,ANM,WE,Federal Contract Tower,11,27,15,0,53,0,11,63,0,74,11,38,78,0,127,6,0,6,133
10/11/2002,FCA,MT,ANM,WE,Federal Contract Tower,11,19,10,0,40,1,16,20,0,37,12,35,30,0,77,26,0,26,103
10/12/2002,FCA,MT,ANM,WE,Federal Contract Tower,8,15,8,0,31,2,1,61,0,64,10,16,69,0,95,14,0,14,109
10/13/2002,FCA,MT,ANM,WE,Federal Contract Tower,9,14,9,0,32,4,3,61,0,68,13,17,70,0,100,36,0,36,136
10/14/2002,FCA,MT,ANM,WE,Federal Contract Tower,10,17,10,0,37,2,7,61,0,70,12,24,71,0,107,22,0,22,129
10/15/2002,FCA,MT,ANM,WE,Federal Contract Tower,12,18,10,0,40,0,18,60,0,78,12,36,70,0,118,46,0,46,164
10/16/2002,FCA,MT,ANM,WE,Federal Contract Tower,12,20,11,0,43,0,10,93,0,103,12,30,104,0,146,74,0,74,220
10/17/2002,FCA,MT,ANM,WE,Federal Contract Tower,10,16,9,0,35,2,22,86,0,110,12,38,95,0,145,98,0,98,243
10/18/2002,FCA,MT,ANM,WE,Federal Contract Tower,11,17,9,0,37,0,14,64,0,78,11,31,73,0,115,26,0,26,141
10/19/2002,FCA,MT,ANM,WE,Federal Contract Tower,6,9,5,0,20,4,7,69,0,80,10,16,74,0,100,28,0,28,128
10/20/2002,FCA,MT,ANM,WE,Federal Contract Tower,8,12,6,0,26,4,3,54,0,61,12,15,60,0,87,16,0,16,103
10/21/2002,FCA,MT,ANM,WE,Federal Contract Tower,8,13,6,0,27,4,11,28,0,43,12,24,34,0,70,8,0,8,78
10/22/2002,FCA,MT,ANM,WE,Federal Contract Tower,12,20,10,0,42,0,18,35,0,53,12,38,45,0,95,28,0,28,123
10/23/2002,FCA,MT,ANM,WE,Federal Contract Tower,10,17,9,0,36,0,15,73,0,88,10,32,82,0,124,16,0,16,140
10/24/2002,FCA,MT,ANM,WE,Federal Contract Tower,10,24,12,0,46,0,13,68,0,81,10,37,80,0,127,26,0,26,153
10/25/2002,FCA,MT,ANM,WE,Federal Contract Tower,12,18,9,0,39,0,6,70,0,76,12,24,79,0,115,52,0,52,167
10/26/2002,FCA,MT,ANM,WE,Federal Contract Tower,9,14,8,0,31,2,4,67,0,73,11,18,75,0,104,14,0,14,118
10/27/2002,FCA,MT,ANM,WE,Federal Contract Tower,9,14,7,0,30,2,2,71,0,75,11,16,78,0,105,16,0,16,121
10/28/2002,FCA,MT,ANM,WE,Federal Contract Tower,10,17,9,0,36,0,6,13,0,19,10,23,22,0,55,0,0,0,55
10/29/2002,FCA,MT,ANM,WE,Federal Contract Tower,9,29,14,0,52,0,12,31,0,43,9,41,45,0,95,8,0,8,103
10/30/2002,FCA,MT,ANM,WE,Federal Contract Tower,11,24,12,0,47,0,6,36,0,42,11,30,48,0,89,44,0,44,133
10/31/2002,FCA,MT,ANM,WE,Federal Contract Tower,12,21,10,0,43,0,11,42,0,53,12,32,52,0,96,32,0,32,128
11/01/2002,FCA,MT,ANM,WE,Federal Contract Tower,9,19,9,0,37,2,9,49,0,60,11,28,58,0,97,36,0,36,133
11/02/2002,FCA,MT,ANM,WE,Federal Contract Tower,9,17,8,0,34,0,13,51,0,64,9,30,59,0,98,30,0,30,128
11/03/2002,FCA,MT,ANM,WE,Federal Contract Tower,8,16,8,0,32,2,2,38,0,42,10,18,46,0,74,28,0,28,102
11/04/2002,FCA,MT,ANM,WE,Federal Contract Tower,9,17,8,0,34,2,5,35,0,42,11,22,43,0,76,60,0,60,136
11/05/2002,FCA,MT,ANM,WE,Federal Contract Tower,8,15,8,0,31,1,12,37,0,50,9,27,45,0,81,8,0,8,89
11/06/2002,FCA,MT,ANM,WE,Federal Contract Tower,8,16,8,0,32,2,11,35,0,48,10,27,43,0,80,6,0,6,86
11/07/2002,FCA,MT,ANM,WE,Federal Contract Tower,10,17,8,0,35,0,12,60,0,72,10,29,68,0,107,28,0,28,135
11/08/2002,FCA,MT,ANM,WE,Federal Contract Tower,11,21,10,0,42,0,8,16,0,24,11,29,26,0,66,36,0,36,102
11/09/2002,FCA,MT,ANM,WE,Federal Contract Tower,10,19,9,0,38,0,0,30,0,30,10,19,39,0,68,28,0,28,96
11/10/2002,FCA,MT,ANM,WE,Federal Contract Tower,5,11,6,0,22,3,0,1,0,4,8,11,7,0,26,0,0,0,26
11/11/2002,FCA,MT,ANM,WE,Federal Contract Tower,10,18,9,0,37,1,7,17,0,25,11,25,26,0,62,32,0,32,94
11/12/2002,FCA,MT,ANM,WE,Federal Contract Tower,11,23,11,0,45,0,6,0,0,6,11,29,11,0,51,0,0,0,51
11/13/2002,FCA,MT,ANM,WE,Federal Contract Tower,10,23,11,0,44,0,16,29,0,45,10,39,40,0,89,18,0,18,107
11/14/2002,FCA,MT,ANM,WE,Federal Contract Tower,11,25,12,0,48,0,4,6,0,10,11,29,18,0,58,8,0,8,66
11/15/2002,FCA,MT,ANM,WE,Federal Contract Tower,11,21,9,0,41,0,7,58,0,65,11,28,67,0,106,28,0,28,134
11/16/2002,FCA,MT,ANM,WE,Federal Contract Tower,8,17,7,0,32,2,10,33,0,45,10,27,40,0,77,26,0,26,103
11/17/2002,FCA,MT,ANM,WE,Federal Contract Tower,8,14,7,0,29,3,0,12,0,15,11,14,19,0,44,30,0,30,74
11/18/2002,FCA,MT,ANM,WE,Federal Contract Tower,11,22,9,0,42,0,6,12,0,18,11,28,21,0,60,32,0,32,92
11/19/2002,FCA,MT,ANM,WE,Federal Contract Tower,11,23,10,0,44,0,6,19,0,25,11,29,29,0,69,26,0,26,95
11/20/2002,FCA,MT,ANM,WE,Federal Contract Tower,9,24,10,0,43,0,3,46,0,49,9,27,56,0,92,30,0,30,122
11/21/2002,FCA,MT,ANM,WE,Federal Contract Tower,10,32,14,0,56,0,3,17,0,20,10,35,31,0,76,2,0,2,78
11/22/2002,FCA,MT,ANM,WE,Federal Contract Tower,10,25,11,0,46,0,1,7,0,8,10,26,18,0,54,0,0,0,54
11/23/2002,FCA,MT,ANM,WE,Federal Contract Tower,7,14,5,0,26,3,0,16,0,19,10,14,21,0,45,26,0,26,71
11/24/2002,FCA,MT,ANM,WE,Federal Contract Tower,7,15,6,0,28,4,0,66,0,70,11,15,72,0,98,22,0,22,120
11/25/2002,FCA,MT,ANM,WE,Federal Contract Tower,10,20,8,0,38,0,2,42,0,44,10,22,50,0,82,28,0,28,110
11/26/2002,FCA,MT,ANM,WE,Federal Contract Tower,12,27,12,0,51,0,11,28,0,39,12,38,40,0,90,20,0,20,110
11/27/2002,FCA,MT,ANM,WE,Federal Contract Tower,11,27,12,0,50,0,2,56,0,58,11,29,68,0,108,28,0,28,136
11/28/2002,FCA,MT,ANM,WE,Federal Contract Tower,10,16,8,0,34,3,0,5,0,8,13,16,13,0,42,0,0,0,42
11/29/2002,FCA,MT,ANM,WE,Federal Contract Tower,11,21,9,0,41,0,3,12,0,15,11,24,21,0,56,0,0,0,56
11/30/2002,FCA,MT,ANM,WE,Federal Contract Tower,11,18,8,0,37,0,0,2,0,2,11,18,10,0,39,0,0,0,39
12/01/2002,FCA,MT,ANM,WE,Federal Contract Tower,9,17,10,0,36,2,0,3,0,5,11,17,13,0,41,0,0,0,41
12/02/2002,FCA,MT,ANM,WE,Federal Contract Tower,11,28,12,0,51,0,9,0,0,9,11,37,12,0,60,12,0,12,72
12/03/2002,FCA,MT,ANM,WE,Federal Contract Tower,10,26,9,0,45,0,5,0,0,5,10,31,9,0,50,0,0,0,50
12/04/2002,FCA,MT,ANM,WE,Federal Contract Tower,10,24,11,0,45,1,1,17,1,20,11,25,28,1,65,6,4,10,75
12/05/2002,FCA,MT,ANM,WE,Federal Contract Tower,9,30,13,0,52,0,0,14,0,14,9,30,27,0,66,24,0,24,90
12/06/2002,FCA,MT,ANM,WE,Federal Contract Tower,11,30,13,0,54,0,3,19,0,22,11,33,32,0,76,18,0,18,94
12/07/2002,FCA,MT,ANM,WE,Federal Contract Tower,8,17,8,0,33,3,2,3,0,8,11,19,11,0,41,22,0,22,63
12/08/2002,FCA,MT,ANM,WE,Federal Contract Tower,8,18,8,0,34,3,0,4,2,9,11,18,12,2,43,14,0,14,57
12/09/2002,FCA,MT,ANM,WE,Federal Contract Tower,11,26,12,0,49,0,0,14,0,14,11,26,26,0,63,28,0,28,91
12/10/2002,FCA,MT,ANM,WE,Federal Contract Tower,9,26,11,0,46,0,6,12,0,18,9,32,23,0,64,16,0,16,80
12/11/2002,FCA,MT,ANM,WE,Federal Contract Tower,10,27,12,0,49,0,0,51,0,51,10,27,63,0,100,52,0,52,152
12/12/2002,FCA,MT,ANM,WE,Federal Contract Tower,9,25,11,0,45,0,0,17,0,17,9,25,28,0,62,22,0,22,84
12/13/2002,FCA,MT,ANM,WE,Federal Contract Tower,10,25,11,0,46,0,1,24,0,25,10,26,35,0,71,28,0,28,99
12/14/2002,FCA,MT,ANM,WE,Federal Contract Tower,7,15,2,0,24,2,5,0,0,7,9,20,2,0,31,60,0,60,91
12/15/2002,FCA,MT,ANM,WE,Federal Contract Tower,6,13,6,0,25,5,4,3,0,12,11,17,9,0,37,22,0,22,59
12/16/2002,FCA,MT,ANM,WE,Federal Contract Tower,10,20,9,0,39,0,12,8,0,20,10,32,17,0,59,16,0,16,75
12/17/2002,FCA,MT,ANM,WE,Federal Contract Tower,9,22,10,0,41,0,12,56,0,68,9,34,66,0,109,48,0,48,157
12/18/2002,FCA,MT,ANM,WE,Federal Contract Tower,10,26,10,0,46,0,7,25,0,32,10,33,35,0,78,0,0,0,78
12/19/2002,FCA,MT,ANM,WE,Federal Contract Tower,11,25,10,0,46,0,5,72,0,77,11,30,82,0,123,52,0,52,175
12/20/2002,FCA,MT,ANM,WE,Federal Contract Tower,11,26,11,0,48,0,0,49,0,49,11,26,60,0,97,80,0,80,177
12/21/2002,FCA,MT,ANM,WE,Federal Contract Tower,10,24,10,1,45,0,6,36,2,44,10,30,46,3,89,28,8,36,125
12/22/2002,FCA,MT,ANM,WE,Federal Contract Tower,10,19,9,0,38,3,0,12,0,15,13,19,21,0,53,28,0,28,81
12/23/2002,FCA,MT,ANM,WE,Federal Contract Tower,11,23,9,0,43,1,1,26,0,28,12,24,35,0,71,24,0,24,95
12/24/2002,FCA,MT,ANM,WE,Federal Contract Tower,9,21,8,0,38,1,3,1,0,5,10,24,9,0,43,16,0,16,59
12/25/2002,FCA,MT,ANM,WE,Federal Contract Tower,5,12,2,0,19,6,0,0,0,6,11,12,2,0,25,0,0,0,25
12/26/2002,FCA,MT,ANM,WE,Federal Contract Tower,12,31,12,0,55,0,6,18,0,24,12,37,30,0,79,42,0,42,121
12/27/2002,FCA,MT,ANM,WE,Federal Contract Tower,11,35,14,0,60,0,5,9,0,14,11,40,23,0,74,0,0,0,74
12/28/2002,FCA,MT,ANM,WE,Federal Contract Tower,11,20,9,0,40,1,0,23,0,24,12,20,32,0,64,18,0,18,82
12/29/2002,FCA,MT,ANM,WE,Federal Contract Tower,10,20,9,0,39,3,0,2,0,5,13,20,11,0,44,16,0,16,60
12/30/2002,FCA,MT,ANM,WE,Federal Contract Tower,9,20,8,0,37,2,0,4,0,6,11,20,12,0,43,26,0,26,69
12/31/2002,FCA,MT,ANM,WE,Federal Contract Tower,10,22,8,0,40,1,4,4,0,9,11,26,12,0,49,8,0,8,57
01/01/2003,FCA,MT,ANM,WE,Federal Contract Tower,6,15,7,0,28,4,3,48,0,55,10,18,55,0,83,62,0,62,145
01/02/2003,FCA,MT,ANM,WE,Federal Contract Tower,11,30,14,0,55,0,3,13,0,16,11,33,27,0,71,8,0,8,79
01/03/2003,FCA,MT,ANM,WE,Federal Contract Tower,11,32,14,0,57,0,8,36,0,44,11,40,50,0,101,52,0,52,153
01/04/2003,FCA,MT,ANM,WE,Federal Contract Tower,10,19,9,0,38,1,0,31,2,34,11,19,40,2,72,32,0,32,104
01/05/2003,FCA,MT,ANM,WE,Federal Contract Tower,7,16,8,0,31,0,3,25,0,28,7,19,33,0,59,44,0,44,103
01/06/2003,FCA,MT,ANM,WE,Federal Contract Tower,13,23,12,0,48,1,0,5,0,6,14,23,17,0,54,0,0,0,54
01/07/2003,FCA,MT,ANM,WE,Federal Contract Tower,11,25,9,0,45,0,7,0,0,7,11,32,9,0,52,0,0,0,52
01/08/2003,FCA,MT,ANM,WE,Federal Contract Tower,10,33,16,0,59,0,0,22,2,24,10,33,38,2,83,0,0,0,83
01/09/2003,FCA,MT,ANM,WE,Federal Contract Tower,9,17,8,0,34,2,7,88,0,97,11,24,96,0,131,78,0,78,209
01/10/2003,FCA,MT,ANM,WE,Federal Contract Tower,9,19,9,0,37,2,5,51,0,58,11,24,60,0,95,90,0,90,185
01/11/2003,FCA,MT,ANM,WE,Federal Contract Tower,7,13,6,0,26,3,3,41,0,47,10,16,47,0,73,60,0,60,133
01/12/2003,FCA,MT,ANM,WE,Federal Contract Tower,7,14,5,0,26,4,0,0,0,4,11,14,5,0,30,0,0,0,30
01/13/2003,FCA,MT,ANM,WE,Federal Contract Tower,10,20,5,0,35,1,8,0,0,9,11,28,5,0,44,42,0,42,86
01/14/2003,FCA,MT,ANM,WE,Federal Contract Tower,11,23,11,0,45,0,2,1,0,3,11,25,12,0,48,0,0,0,48
01/15/2003,FCA,MT,ANM,WE,Federal Contract Tower,11,25,10,0,46,0,11,53,0,64,11,36,63,0,110,78,0,78,188
01/16/2003,FCA,MT,ANM,WE,Federal Contract Tower,10,22,9,0,41,1,7,76,0,84,11,29,85,0,125,72,0,72,197
01/17/2003,FCA,MT,ANM,WE,Federal Contract Tower,11,27,11,0,49,0,2,29,0,31,11,29,40,0,80,38,0,38,118
01/18/2003,FCA,MT,ANM,WE,Federal Contract Tower,8,14,7,0,29,1,0,28,0,29,9,14,35,0,58,28,0,28,86
01/19/2003,FCA,MT,ANM,WE,Federal Contract Tower,9,14,7,0,30,2,0,6,0,8,11,14,13,0,38,0,0,0,38
01/20/2003,FCA,MT,ANM,WE,Federal Contract Tower,8,15,6,0,29,1,0,21,0,22,9,15,27,0,51,32,0,32,83
01/21/2003,FCA,MT,ANM,WE,Federal Contract Tower,9,24,10,0,43,0,10,9,0,19,9,34,19,0,62,28,0,28,90
01/22/2003,FCA,MT,ANM,WE,Federal Contract Tower,10,26,11,0,47,0,6,7,0,13,10,32,18,0,60,0,0,0,60
01/23/2003,FCA,MT,ANM,WE,Federal Contract Tower,10,28,11,0,49,0,4,21,0,25,10,32,32,0,74,24,0,24,98
01/24/2003,FCA,MT,ANM,WE,Federal Contract Tower,11,26,10,0,47,0,0,31,0,31,11,26,41,0,78,86,0,86,164
01/25/2003,FCA,MT,ANM,WE,Federal Contract Tower,6,13,5,0,24,3,3,17,0,23,9,16,22,0,47,44,0,44,91
01/26/2003,FCA,MT,ANM,WE,Federal Contract Tower,8,12,7,0,27,3,0,22,0,25,11,12,29,0,52,20,0,20,72
01/27/2003,FCA,MT,ANM,WE,Federal Contract Tower,9,19,7,0,35,1,1,38,0,40,10,20,45,0,75,54,0,54,129
01/28/2003,FCA,MT,ANM,WE,Federal Contract Tower,12,26,10,0,48,0,3,35,0,38,12,29,45,0,86,46,0,46,132
01/29/2003,FCA,MT,ANM,WE,Federal Contract Tower,11,24,10,0,45,0,4,39,0,43,11,28,49,0,88,32,0,32,120
01/30/2003,FCA,MT,ANM,WE,Federal Contract Tower,9,21,8,0,38,0,4,58,0,62,9,25,66,0,100,80,0,80,180
01/31/2003,FCA,MT,ANM,WE,Federal Contract Tower,10,25,10,0,45,0,8,5,0,13,10,33,15,0,58,4,0,4,62
02/01/2003,FCA,MT,ANM,WE,Federal Contract Tower,7,16,6,0,29,3,0,30,0,33,10,16,36,0,62,46,0,46,108
02/02/2003,FCA,MT,ANM,WE,Federal Contract Tower,7,17,7,0,31,3,1,53,0,57,10,18,60,0,88,26,0,26,114
02/03/2003,FCA,MT,ANM,WE,Federal Contract Tower,9,21,4,0,34,2,7,0,0,9,11,28,4,0,43,20,0,20,63
02/04/2003,FCA,MT,ANM,WE,Federal Contract Tower,9,23,9,0,41,0,5,14,0,19,9,28,23,0,60,28,0,28,88
02/05/2003,FCA,MT,ANM,WE,Federal Contract Tower,9,30,11,0,50,0,1,32,2,35,9,31,43,2,85,32,2,34,119
02/06/2003,FCA,MT,ANM,WE,Federal Contract Tower,8,25,10,0,43,0,4,40,0,44,8,29,50,0,87,34,0,34,121
02/07/2003,FCA,MT,ANM,WE,Federal Contract Tower,11,28,11,0,50,0,1,40,0,41,11,29,51,0,91,22,0,22,113
02/08/2003,FCA,MT,ANM,WE,Federal Contract Tower,8,15,6,0,29,0,3,52,0,55,8,18,58,0,84,30,0,30,114
02/09/2003,FCA,MT,ANM,WE,Federal Contract Tower,9,18,7,0,34,2,2,19,0,23,11,20,26,0,57,24,0,24,81
02/10/2003,FCA,MT,ANM,WE,Federal Contract Tower,9,19,8,0,36,2,4,11,0,17,11,23,19,0,53,62,0,62,115
02/11/2003,FCA,MT,ANM,WE,Federal Contract Tower,10,22,9,0,41,1,4,51,0,56,11,26,60,0,97,26,0,26,123
02/12/2003,FCA,MT,ANM,WE,Federal Contract Tower,10,20,8,0,38,1,10,71,2,84,11,30,79,2,122,56,4,60,182
02/13/2003,FCA,MT,ANM,WE,Federal Contract Tower,10,26,10,0,46,0,10,29,2,41,10,36,39,2,87,12,0,12,99
02/14/2003,FCA,MT,ANM,WE,Federal Contract Tower,10,22,9,0,41,0,5,38,0,43,10,27,47,0,84,36,0,36,120
02/15/2003,FCA,MT,ANM,WE,Federal Contract Tower,9,13,7,0,29,1,0,37,0,38,10,13,44,0,67,20,0,20,87
02/16/2003,FCA,MT,ANM,WE,Federal Contract Tower,9,14,7,0,30,2,0,15,0,17,11,14,22,0,47,12,0,12,59
02/17/2003,FCA,MT,ANM,WE,Federal Contract Tower,10,17,9,0,36,0,0,39,0,39,10,17,48,0,75,4,0,4,79
02/18/2003,FCA,MT,ANM,WE,Federal Contract Tower,11,24,9,0,44,0,8,41,0,49,11,32,50,0,93,46,0,46,139
02/19/2003,FCA,MT,ANM,WE,Federal Contract Tower,10,25,9,1,45,0,17,42,3,62,10,42,51,4,107,34,6,40,147
02/20/2003,FCA,MT,ANM,WE,Federal Contract Tower,9,32,12,0,53,0,4,14,0,18,9,36,26,0,71,0,0,0,71
02/21/2003,FCA,MT,ANM,WE,Federal Contract Tower,10,22,8,0,40,0,4,19,0,23,10,26,27,0,63,6,0,6,69
02/22/2003,FCA,MT,ANM,WE,Federal Contract Tower,8,17,6,0,31,1,5,34,0,40,9,22,40,0,71,26,0,26,97
02/23/2003,FCA,MT,ANM,WE,Federal Contract Tower,7,15,5,0,27,3,4,81,0,88,10,19,86,0,115,36,0,36,151
02/24/2003,FCA,MT,ANM,WE,Federal Contract Tower,8,18,6,0,32,2,4,34,0,40,10,22,40,0,72,26,0,26,98
02/25/2003,FCA,MT,ANM,WE,Federal Contract Tower,9,19,6,0,34,1,8,30,0,39,10,27,36,0,73,32,0,32,105
02/26/2003,FCA,MT,ANM,WE,Federal Contract Tower,8,16,5,0,29,3,10,42,0,55,11,26,47,0,84,8,0,8,92
02/27/2003,FCA,MT,ANM,WE,Federal Contract Tower,10,24,8,0,42,0,7,53,0,60,10,31,61,0,102,34,0,34,136
02/28/2003,FCA,MT,ANM,WE,Federal Contract Tower,10,22,8,0,40,0,0,3,0,3,10,22,11,0,43,0,0,0,43
03/01/2003,FCA,MT,ANM,WE,Federal Contract Tower,6,17,8,0,31,3,2,26,0,31,9,19,34,0,62,26,0,26,88
03/02/2003,FCA,MT,ANM,WE,Federal Contract Tower,7,17,8,0,32,2,0,7,0,9,9,17,15,0,41,8,0,8,49
03/03/2003,FCA,MT,ANM,WE,Federal Contract Tower,7,19,6,0,32,4,3,0,0,7,11,22,6,0,39,2,0,2,41
03/04/2003,FCA,MT,ANM,WE,Federal Contract Tower,9,21,10,0,40,3,4,13,0,20,12,25,23,0,60,16,0,16,76
03/05/2003,FCA,MT,ANM,WE,Federal Contract Tower,9,23,11,0,43,3,5,1,0,9,12,28,12,0,52,12,0,12,64
03/06/2003,FCA,MT,ANM,WE,Federal Contract Tower,9,26,10,0,45,0,7,0,0,7,9,33,10,0,52,0,0,0,52
03/07/2003,FCA,MT,ANM,WE,Federal Contract Tower,9,17,0,0,26,0,4,0,0,4,9,21,0,0,30,0,0,0,30
03/08/2003,FCA,MT,ANM,WE,Federal Contract Tower,6,11,6,0,23,2,0,7,2,11,8,11,13,2,34,0,0,0,34
03/09/2003,FCA,MT,ANM,WE,Federal Contract Tower,8,17,4,0,29,3,1,0,0,4,11,18,4,0,33,0,0,0,33
03/10/2003,FCA,MT,ANM,WE,Federal Contract Tower,11,23,12,0,46,0,0,1,0,1,11,23,13,0,47,18,0,18,65
03/11/2003,FCA,MT,ANM,WE,Federal Contract Tower,11,23,11,0,45,0,6,1,0,7,11,29,12,0,52,0,0,0,52
03/12/2003,FCA,MT,ANM,WE,Federal Contract Tower,10,25,12,0,47,0,5,2,1,8,10,30,14,1,55,10,0,10,65
03/13/2003,FCA,MT,ANM,WE,Federal Contract Tower,10,26,13,0,49,0,7,45,0,52,10,33,58,0,101,30,0,30,131
03/14/2003,FCA,MT,ANM,WE,Federal Contract Tower,10,24,12,0,46,0,5,39,0,44,10,29,51,0,90,30,0,30,120
03/15/2003,FCA,MT,ANM,WE,Federal Contract Tower,10,18,8,0,36,2,0,51,0,53,12,18,59,0,89,40,0,40,129
03/16/2003,FCA,MT,ANM,WE,Federal Contract Tower,9,20,9,1,39,3,0,0,1,4,12,20,9,2,43,0,0,0,43
03/17/2003,FCA,MT,ANM,WE,Federal Contract Tower,9,17,7,0,33,2,3,47,0,52,11,20,54,0,85,8,0,8,93
03/18/2003,FCA,MT,ANM,WE,Federal Contract Tower,10,22,10,0,42,1,4,39,0,44,11,26,49,0,86,42,0,42,128
03/19/2003,FCA,MT,ANM,WE,Federal Contract Tower,10,22,10,1,43,0,6,55,1,62,10,28,65,2,105,50,0,50,155
03/20/2003,FCA,MT,ANM,WE,Federal Contract Tower,9,27,12,0,48,0,2,49,0,51,9,29,61,0,99,32,0,32,131
03/21/2003,FCA,MT,ANM,WE,Federal Contract Tower,10,21,9,0,40,1,8,26,0,35,11,29,35,0,75,34,0,34,109
03/22/2003,FCA,MT,ANM,WE,Federal Contract Tower,9,13,8,0,30,1,0,25,0,26,10,13,33,0,56,36,0,36,92
03/23/2003,FCA,MT,ANM,WE,Federal Contract Tower,8,16,8,0,32,3,0,28,0,31,11,16,36,0,63,24,0,24,87
03/24/2003,FCA,MT,ANM,WE,Federal Contract Tower,10,20,8,0,38,1,6,38,0,45,11,26,46,0,83,20,0,20,103
03/25/2003,FCA,MT,ANM,WE,Federal Contract Tower,11,22,9,0,42,0,4,36,0,40,11,26,45,0,82,46,0,46,128
03/26/2003,FCA,MT,ANM,WE,Federal Contract Tower,10,23,10,0,43,1,4,9,0,14,11,27,19,0,57,0,0,0,57
03/27/2003,FCA,MT,ANM,WE,Federal Contract Tower,11,25,10,0,46,0,8,0,0,8,11,33,10,0,54,30,0,30,84
03/28/2003,FCA,MT,ANM,WE,Federal Contract Tower,9,23,10,0,42,0,0,46,0,46,9,23,56,0,88,50,0,50,138
03/29/2003,FCA,MT,ANM,WE,Federal Contract Tower,7,12,6,0,25,3,0,33,0,36,10,12,39,0,61,34,0,34,95
03/30/2003,FCA,MT,ANM,WE,Federal Contract Tower,11,18,19,0,48,0,0,34,0,34,11,18,53,0,82,32,0,32,114
03/31/2003,FCA,MT,ANM,WE,Federal Contract Tower,10,27,18,0,55,0,0,6,0,6,10,27,24,0,61,12,0,12,73
04/01/2003,FCA,MT,ANM,WE,Federal Contract Tower,10,23,8,0,41,1,5,6,0,12,11,28,14,0,53,16,0,16,69
04/02/2003,FCA,MT,ANM,WE,Federal Contract Tower,11,27,10,0,48,0,0,2,0,2,11,27,12,0,50,0,0,0,50
04/03/2003,FCA,MT,ANM,WE,Federal Contract Tower,11,29,11,0,51,0,1,3,0,4,11,30,14,0,55,22,0,22,77
04/04/2003,FCA,MT,ANM,WE,Federal Contract Tower,11,24,9,0,44,0,1,22,2,25,11,25,31,2,69,0,14,14,83
04/05/2003,FCA,MT,ANM,WE,Federal Contract Tower,8,15,6,0,29,1,0,6,0,7,9,15,12,0,36,0,0,0,36
04/06/2003,FCA,MT,ANM,WE,Federal Contract Tower,6,12,5,0,23,6,0,20,0,26,12,12,25,0,49,26,0,26,75
04/07/2003,FCA,MT,ANM,WE,Federal Contract Tower,10,21,8,0,39,1,6,54,0,61,11,27,62,0,100,36,0,36,136
04/08/2003,FCA,MT,ANM,WE,Federal Contract Tower,10,19,7,0,36,1,9,54,0,64,11,28,61,0,100,66,0,66,166
04/09/2003,FCA,MT,ANM,WE,Federal Contract Tower,11,23,9,0,43,0,5,26,0,31,11,28,35,0,74,16,0,16,90
04/10/2003,FCA,MT,ANM,WE,Federal Contract Tower,11,21,8,0,40,1,7,71,0,79,12,28,79,0,119,42,0,42,161
04/11/2003,FCA,MT,ANM,WE,Federal Contract Tower,11,24,9,0,44,0,5,46,0,51,11,29,55,0,95,32,0,32,127
04/12/2003,FCA,MT,ANM,WE,Federal Contract Tower,6,13,5,0,24,3,0,47,0,50,9,13,52,0,74,36,0,36,110
04/13/2003,FCA,MT,ANM,WE,Federal Contract Tower,9,17,6,0,32,2,3,25,0,30,11,20,31,0,62,52,0,52,114
04/14/2003,FCA,MT,ANM,WE,Federal Contract Tower,11,22,8,0,41,0,3,11,0,14,11,25,19,0,55,12,0,12,67
04/15/2003,FCA,MT,ANM,WE,Federal Contract Tower,11,23,7,0,41,0,4,36,0,40,11,27,43,0,81,42,0,42,123
04/16/2003,FCA,MT,ANM,WE,Federal Contract Tower,11,27,9,1,48,0,1,44,1,46,11,28,53,2,94,68,2,70,164
04/17/2003,FCA,MT,ANM,WE,Federal Contract Tower,9,27,9,0,45,0,8,39,0,47,9,35,48,0,92,24,0,24,116
04/18/2003,FCA,MT,ANM,WE,Federal Contract Tower,11,21,6,0,38,0,0,61,0,61,11,21,67,0,99,22,0,22,121
04/19/2003,FCA,MT,ANM,WE,Federal Contract Tower,6,11,3,0,20,2,2,93,0,97,8,13,96,0,117,60,0,60,177
04/20/2003,FCA,MT,ANM,WE,Federal Contract Tower,5,11,3,0,19,4,8,67,0,79,9,19,70,0,98,36,0,36,134
04/21/2003,FCA,MT,ANM,WE,Federal Contract Tower,10,19,6,0,35,1,6,71,0,78,11,25,77,0,113,80,0,80,193
04/22/2003,FCA,MT,ANM,WE,Federal Contract Tower,10,19,6,0,35,2,5,30,0,37,12,24,36,0,72,34,0,34,106
04/23/2003,FCA,MT,ANM,WE,Federal Contract Tower,11,27,8,0,46,0,7,38,0,45,11,34,46,0,91,62,0,62,153
04/24/2003,FCA,MT,ANM,WE,Federal Contract Tower,11,25,8,0,44,0,4,50,0,54,11,29,58,0,98,48,0,48,146
04/25/2003,FCA,MT,ANM,WE,Federal Contract Tower,11,28,9,0,48,0,2,33,0,35,11,30,42,0,83,42,0,42,125
04/26/2003,FCA,MT,ANM,WE,Federal Contract Tower,6,13,4,0,23,3,2,23,0,28,9,15,27,0,51,36,0,36,87
04/27/2003,FCA,MT,ANM,WE,Federal Contract Tower,8,15,4,0,27,3,7,22,0,32,11,22,26,0,59,24,0,24,83
04/28/2003,FCA,MT,ANM,WE,Federal Contract Tower,11,23,9,0,43,0,0,28,0,28,11,23,37,0,71,12,0,12,83
04/29/2003,FCA,MT,ANM,WE,Federal Contract Tower,11,25,8,0,44,0,10,24,0,34,11,35,32,0,78,26,0,26,104
04/30/2003,FCA,MT,ANM,WE,Federal Contract Tower,11,25,8,0,44,0,0,4,0,4,11,25,12,0,48,42,0,42,90
05/01/2003,FCA,MT,ANM,WE,Federal Contract Tower,10,27,13,0,50,0,11,38,2,51,10,38,51,2,101,36,2,38,139
05/02/2003,FCA,MT,ANM,WE,Federal Contract Tower,11,24,12,0,47,0,6,41,0,47,11,30,53,0,94,48,0,48,142
05/03/2003,FCA,MT,ANM,WE,Federal Contract Tower,7,11,7,0,25,4,0,61,0,65,11,11,68,0,90,58,0,58,148
05/04/2003,FCA,MT,ANM,WE,Federal Contract Tower,8,16,8,0,32,2,4,19,0,25,10,20,27,0,57,32,0,32,89
05/05/2003,FCA,MT,ANM,WE,Federal Contract Tower,10,21,11,0,42,1,3,16,0,20,11,24,27,0,62,40,0,40,102
05/06/2003,FCA,MT,ANM,WE,Federal Contract Tower,10,22,11,0,43,1,2,29,0,32,11,24,40,0,75,110,0,110,185
05/07/2003,FCA,MT,ANM,WE,Federal Contract Tower,11,28,14,0,53,0,0,20,0,20,11,28,34,0,73,24,0,24,97
05/08/2003,FCA,MT,ANM,WE,Federal Contract Tower,10,26,13,0,49,0,8,94,0,102,10,34,107,0,151,92,0,92,243
05/09/2003,FCA,MT,ANM,WE,Federal Contract Tower,11,25,12,0,48,0,9,50,0,59,11,34,62,0,107,52,0,52,159
05/10/2003,FCA,MT,ANM,WE,Federal Contract Tower,6,13,7,0,26,3,6,77,0,86,9,19,84,0,112,78,0,78,190
05/11/2003,FCA,MT,ANM,WE,Federal Contract Tower,9,16,8,0,33,2,6,75,0,83,11,22,83,0,116,60,0,60,176
05/12/2003,FCA,MT,ANM,WE,Federal Contract Tower,10,19,10,0,39,0,9,35,0,44,10,28,45,0,83,70,0,70,153
05/13/2003,FCA,MT,ANM,WE,Federal Contract Tower,10,21,10,0,41,1,8,60,0,69,11,29,70,0,110,64,0,64,174
05/14/2003,FCA,MT,ANM,WE,Federal Contract Tower,11,24,12,0,47,0,2,94,0,96,11,26,106,0,143,88,0,88,231
05/15/2003,FCA,MT,ANM,WE,Federal Contract Tower,11,23,12,0,46,0,10,58,0,68,11,33,70,0,114,86,0,86,200
05/16/2003,FCA,MT,ANM,WE,Federal Contract Tower,11,25,13,0,49,0,6,87,0,93,11,31,100,0,142,68,0,68,210
05/17/2003,FCA,MT,ANM,WE,Federal Contract Tower,6,11,5,0,22,3,0,33,0,36,9,11,38,0,58,24,0,24,82
05/18/2003,FCA,MT,ANM,WE,Federal Contract Tower,9,16,8,0,33,2,0,26,0,28,11,16,34,0,61,22,0,22,83
05/19/2003,FCA,MT,ANM,WE,Federal Contract Tower,11,23,10,0,44,0,2,40,0,42,11,25,50,0,86,16,0,16,102
05/20/2003,FCA,MT,ANM,WE,Federal Contract Tower,12,30,13,0,55,0,10,48,0,58,12,40,61,0,113,58,0,58,171
05/21/2003,FCA,MT,ANM,WE,Federal Contract Tower,11,24,11,0,46,0,0,52,0,52,11,24,63,0,98,42,0,42,140
05/22/2003,FCA,MT,ANM,WE,Federal Contract Tower,11,32,14,0,57,0,3,59,0,62,11,35,73,0,119,12,0,12,131
05/23/2003,FCA,MT,ANM,WE,Federal Contract Tower,11,29,13,0,53,0,6,88,0,94,11,35,101,0,147,96,0,96,243
05/24/2003,FCA,MT,ANM,WE,Federal Contract Tower,5,11,5,0,21,4,2,83,0,89,9,13,88,0,110,86,0,86,196
05/25/2003,FCA,MT,ANM,WE,Federal Contract Tower,7,13,6,0,26,2,0,51,0,53,9,13,57,0,79,28,0,28,107
05/26/2003,FCA,MT,ANM,WE,Federal Contract Tower,9,20,9,0,38,0,4,21,0,25,9,24,30,0,63,26,0,26,89
05/27/2003,FCA,MT,ANM,WE,Federal Contract Tower,10,19,8,0,37,0,8,62,0,70,10,27,70,0,107,34,0,34,141
05/28/2003,FCA,MT,ANM,WE,Federal Contract Tower,12,27,12,0,51,0,2,74,0,76,12,29,86,0,127,28,0,28,155
05/29/2003,FCA,MT,ANM,WE,Federal Contract Tower,11,25,11,0,47,0,2,87,2,91,11,27,98,2,138,48,2,50,188
05/30/2003,FCA,MT,ANM,WE,Federal Contract Tower,11,26,12,0,49,0,10,62,0,72,11,36,74,0,121,34,0,34,155
05/31/2003,FCA,MT,ANM,WE,Federal Contract Tower,9,16,8,0,33,0,0,13,0,13,9,16,21,0,46,16,0,16,62
06/01/2003,FCA,MT,ANM,WE,Federal Contract Tower,13,15,14,0,42,1,0,54,2,57,14,15,68,2,99,46,22,68,167
06/02/2003,FCA,MT,ANM,WE,Federal Contract Tower,14,17,15,0,46,0,11,42,0,53,14,28,57,0,99,64,0,64,163
06/03/2003,FCA,MT,ANM,WE,Federal Contract Tower,13,14,12,0,39,0,8,98,0,106,13,22,110,0,145,50,0,50,195
06/04/2003,FCA,MT,ANM,WE,Federal Contract Tower,13,19,16,0,48,0,9,100,0,109,13,28,116,0,157,102,0,102,259
06/05/2003,FCA,MT,ANM,WE,Federal Contract Tower,13,15,14,0,42,1,14,55,0,70,14,29,69,0,112,40,0,40,152
06/06/2003,FCA,MT,ANM,WE,Federal Contract Tower,13,17,14,0,44,0,9,42,0,51,13,26,56,0,95,12,0,12,107
06/07/2003,FCA,MT,ANM,WE,Federal Contract Tower,10,11,10,0,31,2,1,112,1,116,12,12,122,1,147,52,2,54,201
06/08/2003,FCA,MT,ANM,WE,Federal Contract Tower,12,13,12,0,37,4,1,34,0,39,16,14,46,0,76,30,0,30,106
06/09/2003,FCA,MT,ANM,WE,Federal Contract Tower,13,17,15,0,45,0,11,38,0,49,13,28,53,0,94,56,0,56,150
06/10/2003,FCA,MT,ANM,WE,Federal Contract Tower,15,19,16,0,50,0,6,34,0,40,15,25,50,0,90,32,0,32,122
06/11/2003,FCA,MT,ANM,WE,Federal Contract Tower,15,18,16,0,49,1,8,23,0,32,16,26,39,0,81,50,0,50,131
06/12/2003,FCA,MT,ANM,WE,Federal Contract Tower,12,15,14,0,41,4,5,83,0,92,16,20,97,0,133,86,0,86,219
06/13/2003,FCA,MT,ANM,WE,Federal Contract Tower,14,17,15,0,46,0,14,26,0,40,14,31,41,0,86,36,0,36,122
06/14/2003,FCA,MT,ANM,WE,Federal Contract Tower,9,11,9,1,30,5,6,64,1,76,14,17,73,2,106,46,20,66,172
06/15/2003,FCA,MT,ANM,WE,Federal Contract Tower,10,9,9,0,28,6,0,61,0,67,16,9,70,0,95,32,0,32,127
06/16/2003,FCA,MT,ANM,WE,Federal Contract Tower,15,19,14,0,48,0,4,69,0,73,15,23,83,0,121,56,0,56,177
06/17/2003,FCA,MT,ANM,WE,Federal Contract Tower,15,20,15,1,51,1,11,70,13,95,16,31,85,14,146,36,46,82,228
06/18/2003,FCA,MT,ANM,WE,Federal Contract Tower,16,21,16,0,53,0,4,80,0,84,16,25,96,0,137,24,8,32,169
06/19/2003,FCA,MT,ANM,WE,Federal Contract Tower,16,21,17,1,55,0,10,40,1,51,16,31,57,2,106,32,2,34,140
06/20/2003,FCA,MT,ANM,WE,Federal Contract Tower,16,22,17,0,55,0,12,63,0,75,16,34,80,0,130,56,0,56,186
06/21/2003,FCA,MT,ANM,WE,Federal Contract Tower,10,14,10,0,34,6,1,56,0,63,16,15,66,0,97,82,0,82,179
06/22/2003,FCA,MT,ANM,WE,Federal Contract Tower,14,16,15,0,45,1,0,36,0,37,15,16,51,0,82,20,0,20,102
06/23/2003,FCA,MT,ANM,WE,Federal Contract Tower,14,20,16,0,50,0,15,51,0,66,14,35,67,0,116,36,0,36,152
06/24/2003,FCA,MT,ANM,WE,Federal Contract Tower,16,24,20,0,60,0,11,69,0,80,16,35,89,0,140,70,0,70,210
06/25/2003,FCA,MT,ANM,WE,Federal Contract Tower,14,21,18,0,53,0,9,76,0,85,14,30,94,0,138,62,0,62,200
06/26/2003,FCA,MT,ANM,WE,Federal Contract Tower,16,24,19,0,59,0,13,99,0,112,16,37,118,0,171,58,0,58,229
06/27/2003,FCA,MT,ANM,WE,Federal Contract Tower,16,22,18,0,56,0,12,108,6,126,16,34,126,6,182,82,6,88,270
06/28/2003,FCA,MT,ANM,WE,Federal Contract Tower,10,13,10,0,33,6,2,85,10,103,16,15,95,10,136,52,36,88,224
06/29/2003,FCA,MT,ANM,WE,Federal Contract Tower,12,15,12,0,39,4,4,88,24,120,16,19,100,24,159,44,52,96,255
06/30/2003,FCA,MT,ANM,WE,Federal Contract Tower,16,26,32,0,74,0,0,29,0,29,16,26,61,0,103,82,0,82,185
07/01/2003,FCA,MT,ANM,WE,Federal Contract Tower,16,22,20,0,58,0,11,78,0,89,16,33,98,0,147,48,0,48,195
07/02/2003,FCA,MT,ANM,WE,Federal Contract Tower,16,30,28,0,74,0,18,97,0,115,16,48,125,0,189,60,0,60,249
07/03/2003,FCA,MT,ANM,WE,Federal Contract Tower,16,23,22,0,61,0,13,135,3,151,16,36,157,3,212,58,4,62,274
07/04/2003,FCA,MT,ANM,WE,Federal Contract Tower,7,9,9,0,25,5,0,94,1,100,12,9,103,1,125,52,0,52,177
07/05/2003,FCA,MT,ANM,WE,Federal Contract Tower,9,12,11,0,32,5,0,73,0,78,14,12,84,0,110,54,0,54,164
07/06/2003,FCA,MT,ANM,WE,Federal Contract Tower,16,22,21,0,59,2,11,119,0,132,18,33,140,0,191,90,4,94,285
07/07/2003,FCA,MT,ANM,WE,Federal Contract Tower,16,26,30,0,72,0,0,56,0,56,16,26,86,0,128,40,0,40,168
07/08/2003,FCA,MT,ANM,WE,Federal Contract Tower,16,23,21,0,60,2,1,64,0,67,18,24,85,0,127,85,0,85,212
07/09/2003,FCA,MT,ANM,WE,Federal Contract Tower,14,20,19,0,53,2,19,62,0,83,16,39,81,0,136,56,0,56,192
07/10/2003,FCA,MT,ANM,WE,Federal Contract Tower,16,29,27,0,72,0,19,105,0,124,16,48,132,0,196,46,0,46,242
07/11/2003,FCA,MT,ANM,WE,Federal Contract Tower,15,28,26,0,69,0,6,74,8,88,15,34,100,8,157,48,0,48,205
07/12/2003,FCA,MT,ANM,WE,Federal Contract Tower,10,13,13,0,36,8,3,55,0,66,18,16,68,0,102,22,0,22,124
07/13/2003,FCA,MT,ANM,WE,Federal Contract Tower,16,23,22,0,61,0,0,58,0,58,16,23,80,0,119,38,0,38,157
07/14/2003,FCA,MT,ANM,WE,Federal Contract Tower,15,22,21,1,59,1,9,67,6,83,16,31,88,7,142,62,2,64,206
07/15/2003,FCA,MT,ANM,WE,Federal Contract Tower,14,21,19,1,55,2,12,72,1,87,16,33,91,2,142,52,14,66,208
07/16/2003,FCA,MT,ANM,WE,Federal Contract Tower,14,21,20,0,55,1,14,58,0,73,15,35,78,0,128,76,0,76,204
07/17/2003,FCA,MT,ANM,WE,Federal Contract Tower,14,22,20,0,56,2,27,124,0,153,16,49,144,0,209,76,0,76,285
07/18/2003,FCA,MT,ANM,WE,Federal Contract Tower,15,24,20,0,59,1,22,106,0,129,16,46,126,0,188,58,0,58,246
07/19/2003,FCA,MT,ANM,WE,Federal Contract Tower,13,20,16,1,50,7,26,107,2,142,20,46,123,3,192,120,2,122,314
07/20/2003,FCA,MT,ANM,WE,Federal Contract Tower,14,23,19,1,57,2,21,105,1,129,16,44,124,2,186,122,4,126,312
07/21/2003,FCA,MT,ANM,WE,Federal Contract Tower,14,22,18,0,54,5,11,80,0,96,19,33,98,0,150,62,12,74,224
07/22/2003,FCA,MT,ANM,WE,Federal Contract Tower,14,21,18,0,53,2,12,69,0,83,16,33,87,0,136,92,14,106,242
07/23/2003,FCA,MT,ANM,WE,Federal Contract Tower,16,28,23,0,67,0,74,108,0,182,16,102,131,0,249,64,0,64,313
07/24/2003,FCA,MT,ANM,WE,Federal Contract Tower,16,27,23,1,67,0,89,109,7,205,16,116,132,8,272,28,0,28,300
07/25/2003,FCA,MT,ANM,WE,Federal Contract Tower,16,29,24,1,70,0,39,101,5,145,16,68,125,6,215,24,12,36,251
07/26/2003,FCA,MT,ANM,WE,Federal Contract Tower,16,40,46,1,103,0,0,30,3,33,16,40,76,4,136,26,0,26,162
07/27/2003,FCA,MT,ANM,WE,Federal Contract Tower,14,23,20,0,57,2,39,78,2,121,16,62,98,2,178,40,2,42,220
07/28/2003,FCA,MT,ANM,WE,Federal Contract Tower,13,20,17,0,50,3,66,80,0,149,16,86,97,0,199,22,0,22,221
07/29/2003,FCA,MT,ANM,WE,Federal Contract Tower,14,24,22,0,60,0,66,75,0,141,14,90,97,0,201,0,0,0,201
07/30/2003,FCA,MT,ANM,WE,Federal Contract Tower,15,23,20,0,58,0,54,78,0,132,15,77,98,0,190,20,0,20,210
07/31/2003,FCA,MT,ANM,WE,Federal Contract Tower,16,30,27,0,73,0,55,104,1,160,16,85,131,1,233,38,0,38,271
08/01/2003,FCA,MT,ANM,WE,Federal Contract Tower,16,30,30,0,76,0,47,59,2,108,16,77,89,2,184,42,0,42,226
08/02/2003,FCA,MT,ANM,WE,Federal Contract Tower,16,24,24,0,64,4,77,96,5,182,20,101,120,5,246,82,2,84,330
08/03/2003,FCA,MT,ANM,WE,Federal Contract Tower,22,35,34,0,91,0,54,99,1,154,22,89,133,1,245,86,0,86,331
08/04/2003,FCA,MT,ANM,WE,Federal Contract Tower,15,24,24,0,63,1,12,53,2,68,16,36,77,2,131,36,0,36,167
08/05/2003,FCA,MT,ANM,WE,Federal Contract Tower,16,25,25,0,66,0,16,58,0,74,16,41,83,0,140,46,0,46,186
08/06/2003,FCA,MT,ANM,WE,Federal Contract Tower,18,33,33,0,84,0,36,72,2,110,18,69,105,2,194,32,0,32,226
08/07/2003,FCA,MT,ANM,WE,Federal Contract Tower,16,32,31,0,79,0,49,84,2,135,16,81,115,2,214,44,0,44,258
08/08/2003,FCA,MT,ANM,WE,Federal Contract Tower,18,30,29,0,77,0,34,104,0,138,18,64,133,0,215,22,0,22,237
08/09/2003,FCA,MT,ANM,WE,Federal Contract Tower,13,21,21,0,55,3,32,102,1,138,16,53,123,1,193,54,0,54,247
08/10/2003,FCA,MT,ANM,WE,Federal Contract Tower,15,31,30,0,76,0,44,81,1,126,15,75,111,1,202,32,0,32,234
08/11/2003,FCA,MT,ANM,WE,Federal Contract Tower,16,27,27,0,70,0,27,28,0,55,16,54,55,0,125,40,0,40,165
08/12/2003,FCA,MT,ANM,WE,Federal Contract Tower,16,30,29,1,76,0,23,38,1,62,16,53,67,2,138,0,0,0,138
08/13/2003,FCA,MT,ANM,WE,Federal Contract Tower,16,30,30,1,77,0,33,68,3,104,16,63,98,4,181,26,0,26,207
08/14/2003,FCA,MT,ANM,WE,Federal Contract Tower,15,27,27,1,70,0,38,69,6,113,15,65,96,7,183,28,0,28,211
08/15/2003,FCA,MT,ANM,WE,Federal Contract Tower,15,36,35,0,86,0,2,12,0,14,15,38,47,0,100,0,0,0,100
08/16/2003,FCA,MT,ANM,WE,Federal Contract Tower,12,20,19,0,51,4,3,30,0,37,16,23,49,0,88,26,0,26,114
08/17/2003,FCA,MT,ANM,WE,Federal Contract Tower,15,25,23,0,63,4,18,63,0,85,19,43,86,0,148,68,0,68,216
08/18/2003,FCA,MT,ANM,WE,Federal Contract Tower,15,27,24,0,66,3,19,61,0,83,18,46,85,0,149,42,0,42,191
08/19/2003,FCA,MT,ANM,WE,Federal Contract Tower,14,25,23,0,62,2,16,57,0,75,16,41,80,0,137,26,0,26,163
08/20/2003,FCA,MT,ANM,WE,Federal Contract Tower,15,30,27,1,73,0,39,94,3,136,15,69,121,4,209,0,0,0,209
08/21/2003,FCA,MT,ANM,WE,Federal Contract Tower,16,34,31,1,82,0,27,24,1,52,16,61,55,2,134,22,0,22,156
08/22/2003,FCA,MT,ANM,WE,Federal Contract Tower,19,37,34,1,91,0,36,73,2,111,19,73,107,3,202,44,2,46,248
08/23/2003,FCA,MT,ANM,WE,Federal Contract Tower,13,22,20,1,56,3,20,57,1,81,16,42,77,2,137,26,0,26,163
08/24/2003,FCA,MT,ANM,WE,Federal Contract Tower,12,21,19,1,53,5,29,92,0,126,17,50,111,1,179,60,0,60,239
08/25/2003,FCA,MT,ANM,WE,Federal Contract Tower,12,22,20,0,54,4,31,67,0,102,16,53,87,0,156,56,0,56,212
08/26/2003,FCA,MT,ANM,WE,Federal Contract Tower,17,30,27,1,75,1,17,41,1,60,18,47,68,2,135,30,0,30,165
08/27/2003,FCA,MT,ANM,WE,Federal Contract Tower,14,25,22,1,62,2,50,79,7,138,16,75,101,8,200,48,0,48,248
08/28/2003,FCA,MT,ANM,WE,Federal Contract Tower,18,36,33,1,88,0,52,85,5,142,18,88,118,6,230,62,0,62,292
08/29/2003,FCA,MT,ANM,WE,Federal Contract Tower,15,39,36,1,91,0,45,54,1,100,15,84,90,2,191,14,2,16,207
08/30/2003,FCA,MT,ANM,WE,Federal Contract Tower,14,25,23,0,62,8,17,39,0,64,22,42,62,0,126,36,0,36,162
08/31/2003,FCA,MT,ANM,WE,Federal Contract Tower,12,21,19,1,53,8,64,40,1,113,20,85,59,2,166,32,0,32,198
09/01/2003,FCA,MT,ANM,WE,Federal Contract Tower,15,21,17,0,53,2,74,78,0,154,17,95,95,0,207,36,0,36,243
09/02/2003,FCA,MT,ANM,WE,Federal Contract Tower,19,26,28,0,73,0,0,24,0,24,19,26,52,0,97,10,0,10,107
09/03/2003,FCA,MT,ANM,WE,Federal Contract Tower,18,29,24,0,71,0,14,24,1,39,18,43,48,1,110,20,0,20,130
09/04/2003,FCA,MT,ANM,WE,Federal Contract Tower,17,30,25,0,72,0,22,27,0,49,17,52,52,0,121,18,0,18,139
09/05/2003,FCA,MT,ANM,WE,Federal Contract Tower,16,29,25,0,70,0,42,43,3,88,16,71,68,3,158,46,4,50,208
09/06/2003,FCA,MT,ANM,WE,Federal Contract Tower,15,20,17,0,52,3,34,57,4,98,18,54,74,4,150,40,8,48,198
09/07/2003,FCA,MT,ANM,WE,Federal Contract Tower,17,23,19,0,59,1,25,47,3,76,18,48,66,3,135,34,4,38,173
09/08/2003,FCA,MT,ANM,WE,Federal Contract Tower,14,21,17,0,52,0,17,11,6,34,14,38,28,6,86,10,0,10,96
09/09/2003,FCA,MT,ANM,WE,Federal Contract Tower,14,25,22,0,61,0,25,33,2,60,14,50,55,2,121,52,0,52,173
09/10/2003,FCA,MT,ANM,WE,Federal Contract Tower,16,27,22,0,65,0,14,48,0,62,16,41,70,0,127,26,0,26,153
09/11/2003,FCA,MT,ANM,WE,Federal Contract Tower,14,24,20,0,58,0,19,39,2,60,14,43,59,2,118,34,0,34,152
09/12/2003,FCA,MT,ANM,WE,Federal Contract Tower,16,24,20,0,60,0,23,49,0,72,16,47,69,0,132,40,0,40,172
09/13/2003,FCA,MT,ANM,WE,Federal Contract Tower,13,19,15,0,47,3,14,123,0,140,16,33,138,0,187,44,0,44,231
09/14/2003,FCA,MT,ANM,WE,Federal Contract Tower,13,19,15,0,47,3,10,94,0,107,16,29,109,0,154,42,0,42,196
09/15/2003,FCA,MT,ANM,WE,Federal Contract Tower,14,23,17,0,54,0,17,48,0,65,14,40,65,0,119,46,0,46,165
09/16/2003,FCA,MT,ANM,WE,Federal Contract Tower,14,27,21,0,62,0,21,30,0,51,14,48,51,0,113,22,0,22,135
09/17/2003,FCA,MT,ANM,WE,Federal Contract Tower,13,20,16,1,50,1,10,56,2,69,14,30,72,3,119,108,6,114,233
09/18/2003,FCA,MT,ANM,WE,Federal Contract Tower,12,26,20,0,58,0,5,110,0,115,12,31,130,0,173,44,0,44,217
09/19/2003,FCA,MT,ANM,WE,Federal Contract Tower,12,20,15,0,47,0,15,39,0,54,12,35,54,0,101,38,0,38,139
09/20/2003,FCA,MT,ANM,WE,Federal Contract Tower,9,14,10,0,33,4,2,105,0,111,13,16,115,0,144,44,0,44,188
09/21/2003,FCA,MT,ANM,WE,Federal Contract Tower,9,10,11,0,30,5,0,86,0,91,14,10,97,0,121,52,0,52,173
09/22/2003,FCA,MT,ANM,WE,Federal Contract Tower,12,19,16,0,47,2,9,49,0,60,14,28,65,0,107,42,0,42,149
09/23/2003,FCA,MT,ANM,WE,Federal Contract Tower,15,24,19,0,58,1,12,57,0,70,16,36,76,0,128,66,0,66,194
09/24/2003,FCA,MT,ANM,WE,Federal Contract Tower,11,17,14,0,42,3,15,82,0,100,14,32,96,0,142,74,0,74,216
09/25/2003,FCA,MT,ANM,WE,Federal Contract Tower,12,23,18,0,53,0,14,51,0,65,12,37,69,0,118,32,0,32,150
09/26/2003,FCA,MT,ANM,WE,Federal Contract Tower,11,17,13,0,41,3,24,89,0,116,14,41,102,0,157,72,0,72,229
09/27/2003,FCA,MT,ANM,WE,Federal Contract Tower,7,11,9,0,27,5,7,168,0,180,12,18,177,0,207,42,0,42,249
09/28/2003,FCA,MT,ANM,WE,Federal Contract Tower,8,13,11,0,32,6,10,76,0,92,14,23,87,0,124,58,0,58,182
09/29/2003,FCA,MT,ANM,WE,Federal Contract Tower,11,17,14,0,42,1,13,51,0,65,12,30,65,0,107,56,0,56,163
09/30/2003,FCA,MT,ANM,WE,Federal Contract Tower,11,17,14,0,42,3,13,54,0,70,14,30,68,0,112,40,0,40,152
10/01/2003,FCA,MT,ANM,WE,Federal Contract Tower,10,20,12,0,42,1,11,118,0,130,11,31,130,0,172,48,0,48,220
10/02/2003,FCA,MT,ANM,WE,Federal Contract Tower,11,19,11,0,41,1,17,97,0,115,12,36,108,0,156,68,0,68,224
10/03/2003,FCA,MT,ANM,WE,Federal Contract Tower,11,21,12,0,44,0,17,120,4,141,11,38,132,4,185,78,6,84,269
10/04/2003,FCA,MT,ANM,WE,Federal Contract Tower,6,12,7,0,25,3,6,91,1,101,9,18,98,1,126,60,4,64,190
10/05/2003,FCA,MT,ANM,WE,Federal Contract Tower,7,15,9,0,31,4,5,81,1,91,11,20,90,1,122,86,0,86,208
10/06/2003,FCA,MT,ANM,WE,Federal Contract Tower,10,15,10,0,35,1,7,50,0,58,11,22,60,0,93,42,0,42,135
10/07/2003,FCA,MT,ANM,WE,Federal Contract Tower,11,21,13,0,45,0,8,43,0,51,11,29,56,0,96,24,0,24,120
10/08/2003,FCA,MT,ANM,WE,Federal Contract Tower,10,24,14,0,48,0,14,50,0,64,10,38,64,0,112,78,0,78,190
10/09/2003,FCA,MT,ANM,WE,Federal Contract Tower,12,24,14,0,50,0,14,58,1,73,12,38,72,1,123,48,0,48,171
10/10/2003,FCA,MT,ANM,WE,Federal Contract Tower,12,24,15,0,51,0,7,74,2,83,12,31,89,2,134,64,6,70,204
10/11/2003,FCA,MT,ANM,WE,Federal Contract Tower,7,12,8,0,27,1,11,61,0,73,8,23,69,0,100,50,0,50,150
10/12/2003,FCA,MT,ANM,WE,Federal Contract Tower,8,11,7,0,26,1,7,39,1,48,9,18,46,1,74,62,0,62,136
10/13/2003,FCA,MT,ANM,WE,Federal Contract Tower,9,14,9,0,32,4,9,24,1,38,13,23,33,1,70,36,0,36,106
10/14/2003,FCA,MT,ANM,WE,Federal Contract Tower,11,18,12,0,41,1,0,45,1,47,12,18,57,1,88,0,44,44,132
10/15/2003,FCA,MT,ANM,WE,Federal Contract Tower,11,23,14,0,48,0,4,35,0,39,11,27,49,0,87,62,0,62,149
10/16/2003,FCA,MT,ANM,WE,Federal Contract Tower,11,19,11,0,41,3,3,14,0,20,14,22,25,0,61,10,0,10,71
10/17/2003,FCA,MT,ANM,WE,Federal Contract Tower,13,22,12,0,47,0,9,70,0,79,13,31,82,0,126,84,0,84,210
10/18/2003,FCA,MT,ANM,WE,Federal Contract Tower,9,14,8,0,31,0,7,89,0,96,9,21,97,0,127,90,2,92,219
10/19/2003,FCA,MT,ANM,WE,Federal Contract Tower,10,16,9,0,35,1,4,84,0,89,11,20,93,0,124,98,0,98,222
10/20/2003,FCA,MT,ANM,WE,Federal Contract Tower,11,16,9,1,37,0,3,25,0,28,11,19,34,1,65,74,6,80,145
10/21/2003,FCA,MT,ANM,WE,Federal Contract Tower,11,18,10,0,39,1,8,38,1,48,12,26,48,1,87,54,0,54,141
10/22/2003,FCA,MT,ANM,WE,Federal Contract Tower,11,19,10,0,40,0,3,87,0,90,11,22,97,0,130,44,0,44,174
10/23/2003,FCA,MT,ANM,WE,Federal Contract Tower,13,25,14,0,52,0,10,50,1,61,13,35,64,1,113,46,0,46,159
10/24/2003,FCA,MT,ANM,WE,Federal Contract Tower,10,17,9,0,36,1,17,66,0,84,11,34,75,0,120,98,0,98,218
10/25/2003,FCA,MT,ANM,WE,Federal Contract Tower,7,12,6,0,25,1,10,97,2,110,8,22,103,2,135,98,20,118,253
10/26/2003,FCA,MT,ANM,WE,Federal Contract Tower,9,14,7,0,30,2,6,71,0,79,11,20,78,0,109,60,0,60,169
10/27/2003,FCA,MT,ANM,WE,Federal Contract Tower,10,16,9,0,35,1,10,34,1,46,11,26,43,1,81,54,0,54,135
10/28/2003,FCA,MT,ANM,WE,Federal Contract Tower,10,17,3,0,30,1,7,0,0,8,11,24,3,0,38,0,0,0,38
10/29/2003,FCA,MT,ANM,WE,Federal Contract Tower,12,22,12,0,46,0,6,14,0,20,12,28,26,0,66,16,0,16,82
10/30/2003,FCA,MT,ANM,WE,Federal Contract Tower,11,20,11,0,42,0,10,21,0,31,11,30,32,0,73,26,0,26,99
10/31/2003,FCA,MT,ANM,WE,Federal Contract Tower,10,20,11,0,41,0,12,86,0,98,10,32,97,0,139,48,0,48,187
11/01/2003,FCA,MT,ANM,WE,Federal Contract Tower,7,13,4,0,24,2,1,0,0,3,9,14,4,0,27,30,0,30,57
11/02/2003,FCA,MT,ANM,WE,Federal Contract Tower,10,16,9,0,35,1,5,38,0,44,11,21,47,0,79,36,0,36,115
11/03/2003,FCA,MT,ANM,WE,Federal Contract Tower,11,17,8,0,36,0,7,0,1,8,11,24,8,1,44,8,0,8,52
11/04/2003,FCA,MT,ANM,WE,Federal Contract Tower,11,19,10,0,40,0,10,38,0,48,11,29,48,0,88,56,0,56,144
11/05/2003,FCA,MT,ANM,WE,Federal Contract Tower,11,23,12,0,46,0,0,29,0,29,11,23,41,0,75,6,0,6,81
11/06/2003,FCA,MT,ANM,WE,Federal Contract Tower,13,21,12,0,46,0,0,50,2,52,13,21,62,2,98,40,0,40,138
11/07/2003,FCA,MT,ANM,WE,Federal Contract Tower,13,21,11,0,45,0,1,21,1,23,13,22,32,1,68,14,0,14,82
11/08/2003,FCA,MT,ANM,WE,Federal Contract Tower,9,14,8,0,31,0,2,85,5,92,9,16,93,5,123,74,0,74,197
11/09/2003,FCA,MT,ANM,WE,Federal Contract Tower,7,11,7,0,25,4,0,40,0,44,11,11,47,0,69,54,0,54,123
11/10/2003,FCA,MT,ANM,WE,Federal Contract Tower,11,18,10,0,39,0,0,9,0,9,11,18,19,0,48,0,0,0,48
11/11/2003,FCA,MT,ANM,WE,Federal Contract Tower,10,17,9,0,36,1,1,18,0,20,11,18,27,0,56,44,0,44,100
11/12/2003,FCA,MT,ANM,WE,Federal Contract Tower,13,18,10,0,41,0,0,53,1,54,13,18,63,1,95,86,0,86,181
11/13/2003,FCA,MT,ANM,WE,Federal Contract Tower,11,21,11,0,43,0,9,71,3,83,11,30,82,3,126,72,4,76,202
11/14/2003,FCA,MT,ANM,WE,Federal Contract Tower,11,20,10,0,41,0,0,8,0,8,11,20,18,0,49,6,0,6,55
11/15/2003,FCA,MT,ANM,WE,Federal Contract Tower,8,14,6,0,28,1,2,36,0,39,9,16,42,0,67,38,0,38,105
11/16/2003,FCA,MT,ANM,WE,Federal Contract Tower,10,17,8,0,35,1,3,22,0,26,11,20,30,0,61,30,0,30,91
11/17/2003,FCA,MT,ANM,WE,Federal Contract Tower,10,17,8,0,35,1,5,8,0,14,11,22,16,0,49,10,0,10,59
11/18/2003,FCA,MT,ANM,WE,Federal Contract Tower,11,22,10,0,43,0,6,8,0,14,11,28,18,0,57,28,0,28,85
11/19/2003,FCA,MT,ANM,WE,Federal Contract Tower,13,20,9,0,42,3,0,3,1,7,16,20,12,1,49,0,0,0,49
11/20/2003,FCA,MT,ANM,WE,Federal Contract Tower,12,24,11,0,47,0,3,24,0,27,12,27,35,0,74,18,0,18,92
11/21/2003,FCA,MT,ANM,WE,Federal Contract Tower,11,20,9,0,40,0,0,4,0,4,11,20,13,0,44,0,0,0,44
11/22/2003,FCA,MT,ANM,WE,Federal Contract Tower,8,13,4,0,25,1,2,0,0,3,9,15,4,0,28,0,0,0,28
11/23/2003,FCA,MT,ANM,WE,Federal Contract Tower,11,15,8,0,34,0,0,4,1,5,11,15,12,1,39,0,0,0,39
11/24/2003,FCA,MT,ANM,WE,Federal Contract Tower,11,19,8,0,38,1,7,0,0,8,12,26,8,0,46,0,0,0,46
11/25/2003,FCA,MT,ANM,WE,Federal Contract Tower,11,19,8,0,38,0,7,3,0,10,11,26,11,0,48,4,0,4,52
11/26/2003,FCA,MT,ANM,WE,Federal Contract Tower,12,22,10,0,44,0,1,9,0,10,12,23,19,0,54,0,0,0,54
11/27/2003,FCA,MT,ANM,WE,Federal Contract Tower,7,10,4,0,21,1,5,27,0,33,8,15,31,0,54,38,0,38,92
11/28/2003,FCA,MT,ANM,WE,Federal Contract Tower,8,13,6,0,27,3,3,30,2,38,11,16,36,2,65,34,6,40,105
11/29/2003,FCA,MT,ANM,WE,Federal Contract Tower,11,18,8,0,37,1,6,67,0,74,12,24,75,0,111,90,0,90,201
11/30/2003,FCA,MT,ANM,WE,Federal Contract Tower,0,0,0,0,0,0,0,0,0,0,0,0,0,0,0,0,0,0,0
12/01/2003,FCA,MT,ANM,WE,Federal Contract Tower,11,20,10,0,41,0,7,6,0,13,11,27,16,0,54,20,0,20,74
12/02/2003,FCA,MT,ANM,WE,Federal Contract Tower,11,24,13,0,48,0,0,21,0,21,11,24,34,0,69,12,0,12,81
12/03/2003,FCA,MT,ANM,WE,Federal Contract Tower,14,24,11,0,49,0,1,25,0,26,14,25,36,0,75,30,0,30,105
12/04/2003,FCA,MT,ANM,WE,Federal Contract Tower,14,26,13,0,53,0,0,91,2,93,14,26,104,2,146,94,4,98,244
12/05/2003,FCA,MT,ANM,WE,Federal Contract Tower,13,23,11,0,47,0,5,23,8,36,13,28,34,8,83,24,14,38,121
12/06/2003,FCA,MT,ANM,WE,Federal Contract Tower,8,12,3,0,23,2,1,0,0,3,10,13,3,0,26,12,0,12,38
12/07/2003,FCA,MT,ANM,WE,Federal Contract Tower,9,14,7,0,30,3,3,43,2,51,12,17,50,2,81,58,4,62,143
12/08/2003,FCA,MT,ANM,WE,Federal Contract Tower,12,18,9,0,39,0,5,5,4,14,12,23,14,4,53,4,0,4,57
12/09/2003,FCA,MT,ANM,WE,Federal Contract Tower,11,19,10,0,40,0,11,4,0,15,11,30,14,0,55,48,0,48,103
12/10/2003,FCA,MT,ANM,WE,Federal Contract Tower,14,22,11,0,47,0,11,3,2,16,14,33,14,2,63,42,0,42,105
12/11/2003,FCA,MT,ANM,WE,Federal Contract Tower,12,22,11,0,45,0,14,35,0,49,12,36,46,0,94,64,0,64,158
12/12/2003,FCA,MT,ANM,WE,Federal Contract Tower,12,21,11,0,44,0,9,38,0,47,12,30,49,0,91,60,0,60,151
12/13/2003,FCA,MT,ANM,WE,Federal Contract Tower,9,13,7,0,29,0,2,1,0,3,9,15,8,0,32,12,0,12,44
12/14/2003,FCA,MT,ANM,WE,Federal Contract Tower,8,10,7,0,25,4,0,41,0,45,12,10,48,0,70,58,0,58,128
12/15/2003,FCA,MT,ANM,WE,Federal Contract Tower,11,18,9,0,38,0,9,21,1,31,11,27,30,1,69,52,0,52,121
12/16/2003,FCA,MT,ANM,WE,Federal Contract Tower,12,22,11,0,45,0,9,30,5,44,12,31,41,5,89,42,8,50,139
12/17/2003,FCA,MT,ANM,WE,Federal Contract Tower,12,22,10,0,44,0,4,32,0,36,12,26,42,0,80,28,0,28,108
12/18/2003,FCA,MT,ANM,WE,Federal Contract Tower,14,21,9,0,44,2,11,45,0,58,16,32,54,0,102,54,0,54,156
12/19/2003,FCA,MT,ANM,WE,Federal Contract Tower,16,29,13,0,58,0,4,2,0,6,16,33,15,0,64,6,0,6,70
12/20/2003,FCA,MT,ANM,WE,Federal Contract Tower,14,18,10,0,42,1,0,3,0,4,15,18,13,0,46,0,0,0,46
12/21/2003,FCA,MT,ANM,WE,Federal Contract Tower,12,18,7,0,37,2,0,0,0,2,14,18,7,0,39,0,0,0,39
12/22/2003,FCA,MT,ANM,WE,Federal Contract Tower,13,16,10,0,39,0,0,37,0,37,13,16,47,0,76,30,0,30,106
12/23/2003,FCA,MT,ANM,WE,Federal Contract Tower,21,27,17,0,65,0,0,11,2,13,21,27,28,2,78,0,0,0,78
12/24/2003,FCA,MT,ANM,WE,Federal Contract Tower,12,19,8,0,39,1,7,9,0,17,13,26,17,0,56,30,0,30,86
12/25/2003,FCA,MT,ANM,WE,Federal Contract Tower,8,10,5,0,23,6,0,0,0,6,14,10,5,0,29,0,0,0,29
12/26/2003,FCA,MT,ANM,WE,Federal Contract Tower,14,25,11,0,50,0,5,42,0,47,14,30,53,0,97,82,0,82,179
12/27/2003,FCA,MT,ANM,WE,Federal Contract Tower,15,24,10,0,49,1,1,2,0,4,16,25,12,0,53,0,0,0,53
12/28/2003,FCA,MT,ANM,WE,Federal Contract Tower,12,15,9,0,36,6,0,25,0,31,18,15,34,0,67,30,0,30,97
12/29/2003,FCA,MT,ANM,WE,Federal Contract Tower,15,24,10,0,49,1,1,2,0,4,16,25,12,0,53,0,0,0,53
12/30/2003,FCA,MT,ANM,WE,Federal Contract Tower,17,26,11,0,54,2,0,21,0,23,19,26,32,0,77,68,0,68,145
12/31/2003,FCA,MT,ANM,WE,Federal Contract Tower,11,18,7,0,36,0,3,8,0,11,11,21,15,0,47,30,0,30,77
01/01/2004,FCA,MT,ANM,WE,Federal Contract Tower,6,14,9,0,29,7,0,15,0,22,13,14,24,0,51,42,0,42,93
01/02/2004,FCA,MT,ANM,WE,Federal Contract Tower,11,25,16,0,52,4,0,20,2,26,15,25,36,2,78,40,0,40,118
01/03/2004,FCA,MT,ANM,WE,Federal Contract Tower,10,26,9,0,45,2,2,0,1,5,12,28,9,1,50,0,0,0,50
01/04/2004,FCA,MT,ANM,WE,Federal Contract Tower,14,18,23,0,55,0,0,28,0,28,14,18,51,0,83,38,0,38,121
01/05/2004,FCA,MT,ANM,WE,Federal Contract Tower,8,21,11,0,40,4,1,31,0,36,12,22,42,0,76,108,0,108,184
01/06/2004,FCA,MT,ANM,WE,Federal Contract Tower,9,24,12,0,45,3,1,6,0,10,12,25,18,0,55,0,0,0,55
01/07/2004,FCA,MT,ANM,WE,Federal Contract Tower,3,19,4,0,26,0,12,0,0,12,3,31,4,0,38,0,0,0,38
01/08/2004,FCA,MT,ANM,WE,Federal Contract Tower,4,21,12,0,37,0,8,23,2,33,4,29,35,2,70,76,0,76,146
01/09/2004,FCA,MT,ANM,WE,Federal Contract Tower,4,20,11,0,35,0,4,41,5,50,4,24,52,5,85,92,6,98,183
01/10/2004,FCA,MT,ANM,WE,Federal Contract Tower,7,21,11,0,39,0,0,1,0,1,7,21,12,0,40,0,0,0,40
01/11/2004,FCA,MT,ANM,WE,Federal Contract Tower,5,12,7,0,24,3,6,35,2,46,8,18,42,2,70,142,0,142,212
01/12/2004,FCA,MT,ANM,WE,Federal Contract Tower,4,19,10,0,33,0,1,1,2,4,4,20,11,2,37,0,0,0,37
01/13/2004,FCA,MT,ANM,WE,Federal Contract Tower,7,24,13,0,44,0,1,1,0,2,7,25,14,0,46,0,0,0,46
01/14/2004,FCA,MT,ANM,WE,Federal Contract Tower,7,30,15,0,52,0,0,8,0,8,7,30,23,0,60,0,0,0,60
01/15/2004,FCA,MT,ANM,WE,Federal Contract Tower,10,30,11,0,51,3,1,0,0,4,13,31,11,0,55,0,0,0,55
01/16/2004,FCA,MT,ANM,WE,Federal Contract Tower,10,30,15,0,55,1,0,43,0,44,11,30,58,0,99,92,0,92,191
01/17/2004,FCA,MT,ANM,WE,Federal Contract Tower,6,18,11,0,35,0,0,6,0,6,6,18,17,0,41,0,0,0,41
01/18/2004,FCA,MT,ANM,WE,Federal Contract Tower,4,11,3,0,18,4,0,0,0,4,8,11,3,0,22,0,0,0,22
01/19/2004,FCA,MT,ANM,WE,Federal Contract Tower,6,20,9,0,35,0,1,0,0,1,6,21,9,0,36,0,0,0,36
01/20/2004,FCA,MT,ANM,WE,Federal Contract Tower,6,27,12,0,45,0,7,17,0,24,6,34,29,0,69,12,0,12,81
01/21/2004,FCA,MT,ANM,WE,Federal Contract Tower,7,27,13,0,47,0,5,29,0,34,7,32,42,0,81,52,0,52,133
01/22/2004,FCA,MT,ANM,WE,Federal Contract Tower,8,25,13,0,46,1,10,48,0,59,9,35,61,0,105,82,0,82,187
01/23/2004,FCA,MT,ANM,WE,Federal Contract Tower,8,27,14,0,49,0,3,16,0,19,8,30,30,0,68,68,0,68,136
01/24/2004,FCA,MT,ANM,WE,Federal Contract Tower,6,18,4,0,28,75,3,0,0,78,81,21,4,0,106,0,0,0,106
01/25/2004,FCA,MT,ANM,WE,Federal Contract Tower,5,15,1,0,21,2,4,0,0,6,7,19,1,0,27,0,0,0,27
01/26/2004,FCA,MT,ANM,WE,Federal Contract Tower,7,19,13,0,39,0,0,61,0,61,7,19,74,0,100,78,0,78,178
01/27/2004,FCA,MT,ANM,WE,Federal Contract Tower,8,24,12,0,44,0,4,6,9,19,8,28,18,9,63,30,0,30,93
01/28/2004,FCA,MT,ANM,WE,Federal Contract Tower,8,24,11,0,43,2,5,2,0,9,10,29,13,0,52,18,0,18,70
01/29/2004,FCA,MT,ANM,WE,Federal Contract Tower,8,26,13,0,47,0,10,32,0,42,8,36,45,0,89,68,0,68,157
01/30/2004,FCA,MT,ANM,WE,Federal Contract Tower,7,28,14,0,49,0,6,36,3,45,7,34,50,3,94,74,4,78,172
01/31/2004,FCA,MT,ANM,WE,Federal Contract Tower,7,21,11,0,39,0,4,41,0,45,7,25,52,0,84,76,0,76,160
02/01/2004,FCA,MT,ANM,WE,Federal Contract Tower,6,20,8,0,34,3,5,47,1,56,9,25,55,1,90,100,2,102,192
02/02/2004,FCA,MT,ANM,WE,Federal Contract Tower,6,22,9,0,37,0,3,58,2,63,6,25,67,2,100,140,0,140,240
02/03/2004,FCA,MT,ANM,WE,Federal Contract Tower,8,28,10,0,46,0,3,50,0,53,8,31,60,0,99,120,0,120,219
02/04/2004,FCA,MT,ANM,WE,Federal Contract Tower,9,26,10,0,45,0,0,28,0,28,9,26,38,0,73,44,0,44,117
02/05/2004,FCA,MT,ANM,WE,Federal Contract Tower,8,29,11,0,48,0,0,3,0,3,8,29,14,0,51,56,4,60,111
02/06/2004,FCA,MT,ANM,WE,Federal Contract Tower,8,27,10,0,45,0,5,41,0,46,8,32,51,0,91,80,0,80,171
02/07/2004,FCA,MT,ANM,WE,Federal Contract Tower,6,24,8,0,38,0,8,12,0,20,6,32,20,0,58,40,0,40,98
02/08/2004,FCA,MT,ANM,WE,Federal Contract Tower,7,22,9,0,38,1,3,25,0,29,8,25,34,0,67,36,0,36,103
02/09/2004,FCA,MT,ANM,WE,Federal Contract Tower,7,24,9,0,40,0,2,13,0,15,7,26,22,0,55,60,0,60,115
02/10/2004,FCA,MT,ANM,WE,Federal Contract Tower,8,31,10,0,49,0,1,0,2,3,8,32,10,2,52,20,4,24,76
02/11/2004,FCA,MT,ANM,WE,Federal Contract Tower,7,25,10,0,42,0,3,44,0,47,7,28,54,0,89,48,0,48,137
02/12/2004,FCA,MT,ANM,WE,Federal Contract Tower,8,26,9,0,43,0,11,60,0,71,8,37,69,0,114,102,0,102,216
02/13/2004,FCA,MT,ANM,WE,Federal Contract Tower,10,35,11,1,57,0,5,48,1,54,10,40,59,2,111,58,12,70,181
02/14/2004,FCA,MT,ANM,WE,Federal Contract Tower,6,24,8,0,38,1,3,1,0,5,7,27,9,0,43,16,0,16,59
02/15/2004,FCA,MT,ANM,WE,Federal Contract Tower,6,22,6,0,34,3,2,27,0,32,9,24,33,0,66,38,0,38,104
02/16/2004,FCA,MT,ANM,WE,Federal Contract Tower,7,26,9,0,42,1,2,35,0,38,8,28,44,0,80,60,0,60,140
02/17/2004,FCA,MT,ANM,WE,Federal Contract Tower,7,26,9,1,43,0,8,7,1,16,7,34,16,2,59,14,0,14,73
02/18/2004,FCA,MT,ANM,WE,Federal Contract Tower,8,32,10,0,50,0,1,2,0,3,8,33,12,0,53,0,0,0,53
02/19/2004,FCA,MT,ANM,WE,Federal Contract Tower,7,33,11,0,51,0,5,32,0,37,7,38,43,0,88,42,0,42,130
02/20/2004,FCA,MT,ANM,WE,Federal Contract Tower,7,33,12,0,52,0,1,50,5,56,7,34,62,5,108,58,18,76,184
02/21/2004,FCA,MT,ANM,WE,Federal Contract Tower,5,20,8,0,33,2,11,96,1,110,7,31,104,1,143,112,4,116,259
02/22/2004,FCA,MT,ANM,WE,Federal Contract Tower,6,24,9,0,39,2,4,85,0,91,8,28,94,0,130,122,8,130,260
02/23/2004,FCA,MT,ANM,WE,Federal Contract Tower,7,25,9,0,41,1,4,62,2,69,8,29,71,2,110,120,2,122,232
02/24/2004,FCA,MT,ANM,WE,Federal Contract Tower,8,29,10,0,47,1,9,28,2,40,9,38,38,2,87,60,0,60,147
02/25/2004,FCA,MT,ANM,WE,Federal Contract Tower,7,26,9,0,42,0,14,48,0,62,7,40,57,0,104,60,0,60,164
02/26/2004,FCA,MT,ANM,WE,Federal Contract Tower,9,34,12,0,55,1,10,67,0,78,10,44,79,0,133,98,0,98,231
02/27/2004,FCA,MT,ANM,WE,Federal Contract Tower,8,31,11,0,50,0,11,56,0,67,8,42,67,0,117,86,0,86,203
02/28/2004,FCA,MT,ANM,WE,Federal Contract Tower,5,20,8,0,33,1,7,68,0,76,6,27,76,0,109,110,0,110,219
02/29/2004,FCA,MT,ANM,WE,Federal Contract Tower,5,21,8,0,34,4,2,52,2,60,9,23,60,2,94,86,2,88,182
03/01/2004,FCA,MT,ANM,WE,Federal Contract Tower,8,25,9,0,42,0,2,30,0,32,8,27,39,0,74,46,0,46,120
03/02/2004,FCA,MT,ANM,WE,Federal Contract Tower,8,29,9,0,46,0,3,8,0,11,8,32,17,0,57,28,0,28,85
03/03/2004,FCA,MT,ANM,WE,Federal Contract Tower,7,28,9,0,44,0,0,13,0,13,7,28,22,0,57,18,0,18,75
03/04/2004,FCA,MT,ANM,WE,Federal Contract Tower,6,28,6,0,40,0,6,0,0,6,6,34,6,0,46,0,0,0,46
03/05/2004,FCA,MT,ANM,WE,Federal Contract Tower,7,22,8,0,37,1,5,18,0,24,8,27,26,0,61,38,0,38,99
03/06/2004,FCA,MT,ANM,WE,Federal Contract Tower,6,23,8,0,37,0,5,24,0,29,6,28,32,0,66,36,0,36,102
03/07/2004,FCA,MT,ANM,WE,Federal Contract Tower,8,21,12,0,41,0,0,18,0,18,8,21,30,0,59,58,0,58,117
03/08/2004,FCA,MT,ANM,WE,Federal Contract Tower,7,21,7,0,35,1,3,64,0,68,8,24,71,0,103,78,0,78,181
03/09/2004,FCA,MT,ANM,WE,Federal Contract Tower,7,27,10,0,44,0,8,19,0,27,7,35,29,0,71,44,0,44,115
03/10/2004,FCA,MT,ANM,WE,Federal Contract Tower,8,26,9,0,43,1,10,49,5,65,9,36,58,5,108,40,8,48,156
03/11/2004,FCA,MT,ANM,WE,Federal Contract Tower,6,24,9,0,39,0,15,92,4,111,6,39,101,4,150,156,10,166,316
03/12/2004,FCA,MT,ANM,WE,Federal Contract Tower,7,25,9,0,41,1,10,43,0,54,8,35,52,0,95,86,0,86,181
03/13/2004,FCA,MT,ANM,WE,Federal Contract Tower,5,20,7,0,32,2,5,49,0,56,7,25,56,0,88,78,0,78,166
03/14/2004,FCA,MT,ANM,WE,Federal Contract Tower,6,22,7,0,35,1,7,43,0,51,7,29,50,0,86,74,0,74,160
03/15/2004,FCA,MT,ANM,WE,Federal Contract Tower,6,23,7,0,36,1,4,32,0,37,7,27,39,0,73,44,0,44,117
03/16/2004,FCA,MT,ANM,WE,Federal Contract Tower,7,26,9,0,42,1,1,29,0,31,8,27,38,0,73,38,0,38,111
03/17/2004,FCA,MT,ANM,WE,Federal Contract Tower,7,31,10,0,48,0,0,15,0,15,7,31,25,0,63,64,0,64,127
03/18/2004,FCA,MT,ANM,WE,Federal Contract Tower,7,30,9,0,46,0,1,38,0,39,7,31,47,0,85,48,0,48,133
03/19/2004,FCA,MT,ANM,WE,Federal Contract Tower,7,30,10,0,47,0,13,38,0,51,7,43,48,0,98,64,0,64,162
03/20/2004,FCA,MT,ANM,WE,Federal Contract Tower,6,22,7,0,35,0,5,93,0,98,6,27,100,0,133,122,0,122,255
03/21/2004,FCA,MT,ANM,WE,Federal Contract Tower,6,24,8,0,38,2,8,65,0,75,8,32,73,0,113,108,0,108,221
03/22/2004,FCA,MT,ANM,WE,Federal Contract Tower,6,24,8,0,38,1,9,48,2,60,7,33,56,2,98,66,2,68,166
03/23/2004,FCA,MT,ANM,WE,Federal Contract Tower,8,31,11,0,50,0,3,37,0,40,8,34,48,0,90,96,0,96,186
03/24/2004,FCA,MT,ANM,WE,Federal Contract Tower,7,26,9,0,42,0,5,17,4,26,7,31,26,4,68,34,6,40,108
03/25/2004,FCA,MT,ANM,WE,Federal Contract Tower,7,29,10,0,46,1,6,59,0,66,8,35,69,0,112,78,0,78,190
03/26/2004,FCA,MT,ANM,WE,Federal Contract Tower,8,37,13,0,58,0,0,60,0,60,8,37,73,0,118,66,0,66,184
03/27/2004,FCA,MT,ANM,WE,Federal Contract Tower,6,22,7,0,35,1,11,25,0,37,7,33,32,0,72,88,0,88,160
03/28/2004,FCA,MT,ANM,WE,Federal Contract Tower,5,22,7,0,34,3,5,73,0,81,8,27,80,0,115,92,0,92,207
03/29/2004,FCA,MT,ANM,WE,Federal Contract Tower,7,26,9,0,42,1,7,64,1,73,8,33,73,1,115,88,0,88,203
03/30/2004,FCA,MT,ANM,WE,Federal Contract Tower,6,24,8,0,38,0,9,75,0,84,6,33,83,0,122,80,0,80,202
03/31/2004,FCA,MT,ANM,WE,Federal Contract Tower,0,0,0,0,0,0,0,0,0,0,0,0,0,0,0,0,0,0,0
04/01/2004,FCA,MT,ANM,WE,Federal Contract Tower,9,32,10,0,51,0,5,28,0,33,9,37,38,0,84,38,0,38,122
04/02/2004,FCA,MT,ANM,WE,Federal Contract Tower,8,27,9,0,44,0,15,82,8,105,8,42,91,8,149,100,4,104,253
04/03/2004,FCA,MT,ANM,WE,Federal Contract Tower,5,14,4,0,23,1,9,76,0,86,6,23,80,0,109,24,0,24,133
04/04/2004,FCA,MT,ANM,WE,Federal Contract Tower,6,21,7,0,34,2,4,46,1,53,8,25,53,1,87,104,2,106,193
04/05/2004,FCA,MT,ANM,WE,Federal Contract Tower,8,26,9,0,43,1,7,46,0,54,9,33,55,0,97,66,0,66,163
04/06/2004,FCA,MT,ANM,WE,Federal Contract Tower,8,31,10,0,49,0,3,60,2,65,8,34,70,2,114,68,0,68,182
04/07/2004,FCA,MT,ANM,WE,Federal Contract Tower,8,27,9,0,44,0,12,49,0,61,8,39,58,0,105,78,0,78,183
04/08/2004,FCA,MT,ANM,WE,Federal Contract Tower,8,32,10,0,50,0,3,41,0,44,8,35,51,0,94,46,0,46,140
04/09/2004,FCA,MT,ANM,WE,Federal Contract Tower,8,35,11,0,54,0,17,76,2,95,8,52,87,2,149,134,4,138,287
04/10/2004,FCA,MT,ANM,WE,Federal Contract Tower,7,22,7,0,36,0,9,66,3,78,7,31,73,3,114,108,4,112,226
04/11/2004,FCA,MT,ANM,WE,Federal Contract Tower,6,18,6,0,30,2,9,80,1,92,8,27,86,1,122,82,0,82,204
04/12/2004,FCA,MT,ANM,WE,Federal Contract Tower,7,26,9,1,43,1,10,63,0,74,8,36,72,1,117,80,0,80,197
04/13/2004,FCA,MT,ANM,WE,Federal Contract Tower,8,32,10,1,51,0,3,48,0,51,8,35,58,1,102,48,0,48,150
04/14/2004,FCA,MT,ANM,WE,Federal Contract Tower,8,34,11,1,54,0,5,45,0,50,8,39,56,1,104,72,0,72,176
04/15/2004,FCA,MT,ANM,WE,Federal Contract Tower,9,39,13,1,62,0,2,43,1,46,9,41,56,2,108,58,0,58,166
04/16/2004,FCA,MT,ANM,WE,Federal Contract Tower,7,32,11,0,50,0,9,43,0,52,7,41,54,0,102,50,0,50,152
04/17/2004,FCA,MT,ANM,WE,Federal Contract Tower,6,25,7,0,38,0,3,42,0,45,6,28,49,0,83,68,0,68,151
04/18/2004,FCA,MT,ANM,WE,Federal Contract Tower,5,20,5,0,30,3,4,41,0,48,8,24,46,0,78,64,0,64,142
04/19/2004,FCA,MT,ANM,WE,Federal Contract Tower,7,28,8,0,43,1,4,48,0,53,8,32,56,0,96,68,0,68,164
04/20/2004,FCA,MT,ANM,WE,Federal Contract Tower,7,26,7,0,40,1,4,26,0,31,8,30,33,0,71,76,0,76,147
04/21/2004,FCA,MT,ANM,WE,Federal Contract Tower,8,29,8,0,45,0,4,47,0,51,8,33,55,0,96,48,0,48,144
04/22/2004,FCA,MT,ANM,WE,Federal Contract Tower,9,37,11,0,57,0,7,87,0,94,9,44,98,0,151,84,0,84,235
04/23/2004,FCA,MT,ANM,WE,Federal Contract Tower,7,33,11,0,51,0,10,89,0,99,7,43,100,0,150,174,0,174,324
04/24/2004,FCA,MT,ANM,WE,Federal Contract Tower,5,19,6,0,30,1,15,69,0,85,6,34,75,0,115,128,0,128,243
04/25/2004,FCA,MT,ANM,WE,Federal Contract Tower,5,21,7,0,33,3,6,117,0,126,8,27,124,0,159,128,0,128,287
04/26/2004,FCA,MT,ANM,WE,Federal Contract Tower,8,28,9,0,45,0,5,72,6,83,8,33,81,6,128,96,0,96,224
04/27/2004,FCA,MT,ANM,WE,Federal Contract Tower,7,28,9,0,44,1,6,27,0,34,8,34,36,0,78,28,0,28,106
04/28/2004,FCA,MT,ANM,WE,Federal Contract Tower,8,31,10,0,49,0,0,16,0,16,8,31,26,0,65,62,0,62,127
04/29/2004,FCA,MT,ANM,WE,Federal Contract Tower,7,26,8,0,41,1,11,60,0,72,8,37,68,0,113,76,0,76,189
04/30/2004,FCA,MT,ANM,WE,Federal Contract Tower,8,32,10,0,50,0,13,89,2,104,8,45,99,2,154,122,0,122,276
05/01/2004,FCA,MT,ANM,WE,Federal Contract Tower,5,17,8,0,30,1,10,49,2,62,6,27,57,2,92,22,0,22,114
05/02/2004,FCA,MT,ANM,WE,Federal Contract Tower,8,35,31,0,74,0,0,38,0,38,8,35,69,0,112,88,0,88,200
05/03/2004,FCA,MT,ANM,WE,Federal Contract Tower,8,35,17,0,60,0,1,75,6,82,8,36,92,6,142,60,14,74,216
05/04/2004,FCA,MT,ANM,WE,Federal Contract Tower,7,27,14,0,48,0,6,67,0,73,7,33,81,0,121,86,0,86,207
05/05/2004,FCA,MT,ANM,WE,Federal Contract Tower,8,30,15,0,53,0,5,43,0,48,8,35,58,0,101,44,0,44,145
05/06/2004,FCA,MT,ANM,WE,Federal Contract Tower,8,30,15,0,53,0,20,50,1,71,8,50,65,1,124,78,0,78,202
05/07/2004,FCA,MT,ANM,WE,Federal Contract Tower,8,30,15,0,53,0,16,69,0,85,8,46,84,0,138,88,2,90,228
05/08/2004,FCA,MT,ANM,WE,Federal Contract Tower,5,18,10,0,33,1,9,39,0,49,6,27,49,0,82,80,0,80,162
05/09/2004,FCA,MT,ANM,WE,Federal Contract Tower,5,18,10,0,33,3,6,55,0,64,8,24,65,0,97,84,0,84,181
05/10/2004,FCA,MT,ANM,WE,Federal Contract Tower,8,25,14,0,47,1,0,42,2,45,9,25,56,2,92,66,2,68,160
05/11/2004,FCA,MT,ANM,WE,Federal Contract Tower,7,25,13,0,45,1,10,44,0,55,8,35,57,0,100,26,0,26,126
05/12/2004,FCA,MT,ANM,WE,Federal Contract Tower,8,34,17,0,59,0,10,52,0,62,8,44,69,0,121,72,0,72,193
05/13/2004,FCA,MT,ANM,WE,Federal Contract Tower,7,28,14,1,50,2,10,66,2,80,9,38,80,3,130,140,0,140,270
05/14/2004,FCA,MT,ANM,WE,Federal Contract Tower,7,28,14,1,50,0,20,83,2,105,7,48,97,3,155,98,4,102,257
05/15/2004,FCA,MT,ANM,WE,Federal Contract Tower,5,20,10,1,36,1,13,63,1,78,6,33,73,2,114,84,2,86,200
05/16/2004,FCA,MT,ANM,WE,Federal Contract Tower,6,23,9,0,38,4,11,0,0,15,10,34,9,0,53,96,0,96,149
05/17/2004,FCA,MT,ANM,WE,Federal Contract Tower,6,26,11,0,43,1,16,53,0,70,7,42,64,0,113,106,0,106,219
05/18/2004,FCA,MT,ANM,WE,Federal Contract Tower,7,28,12,0,47,1,4,32,0,37,8,32,44,0,84,70,0,70,154
05/19/2004,FCA,MT,ANM,WE,Federal Contract Tower,8,35,16,1,60,0,1,29,1,31,8,36,45,2,91,28,0,28,119
05/20/2004,FCA,MT,ANM,WE,Federal Contract Tower,8,39,18,0,65,0,10,62,0,72,8,49,80,0,137,74,0,74,211
05/21/2004,FCA,MT,ANM,WE,Federal Contract Tower,7,33,16,0,56,0,4,16,0,20,7,37,32,0,76,18,0,18,94
05/22/2004,FCA,MT,ANM,WE,Federal Contract Tower,5,21,9,0,35,2,16,22,0,40,7,37,31,0,75,20,0,20,95
05/23/2004,FCA,MT,ANM,WE,Federal Contract Tower,8,25,21,0,54,0,0,25,0,25,8,25,46,0,79,68,0,68,147
05/24/2004,FCA,MT,ANM,WE,Federal Contract Tower,8,32,15,1,56,0,3,54,1,58,8,35,69,2,114,88,0,88,202
05/25/2004,FCA,MT,ANM,WE,Federal Contract Tower,7,28,13,0,48,3,4,45,0,52,10,32,58,0,100,68,0,68,168
05/26/2004,FCA,MT,ANM,WE,Federal Contract Tower,8,34,17,0,59,0,15,38,0,53,8,49,55,0,112,30,0,30,142
05/27/2004,FCA,MT,ANM,WE,Federal Contract Tower,8,33,16,0,57,0,9,43,0,52,8,42,59,0,109,58,0,58,167
05/28/2004,FCA,MT,ANM,WE,Federal Contract Tower,7,39,19,0,65,0,10,40,0,50,7,49,59,0,115,68,0,68,183
05/29/2004,FCA,MT,ANM,WE,Federal Contract Tower,5,23,11,0,39,1,8,27,0,36,6,31,38,0,75,48,0,48,123
05/30/2004,FCA,MT,ANM,WE,Federal Contract Tower,4,19,10,0,33,3,9,35,0,47,7,28,45,0,80,78,0,78,158
05/31/2004,FCA,MT,ANM,WE,Federal Contract Tower,7,29,14,0,50,1,7,62,0,70,8,36,76,0,120,124,0,124,244
06/01/2004,FCA,MT,ANM,WE,Federal Contract Tower,8,32,16,0,56,0,8,49,0,57,8,40,65,0,113,54,0,54,167
06/02/2004,FCA,MT,ANM,WE,Federal Contract Tower,8,28,15,0,51,0,10,118,0,128,8,38,133,0,179,86,0,86,265
06/03/2004,FCA,MT,ANM,WE,Federal Contract Tower,6,28,15,0,49,0,20,97,0,117,6,48,112,0,166,114,0,114,280
06/04/2004,FCA,MT,ANM,WE,Federal Contract Tower,8,28,14,0,50,0,21,81,0,102,8,49,95,0,152,96,0,96,248
06/05/2004,FCA,MT,ANM,WE,Federal Contract Tower,6,18,9,0,33,0,16,83,2,101,6,34,92,2,134,84,8,92,226
06/06/2004,FCA,MT,ANM,WE,Federal Contract Tower,7,23,12,0,42,1,7,46,0,54,8,30,58,0,96,86,0,86,182
06/07/2004,FCA,MT,ANM,WE,Federal Contract Tower,10,34,17,0,61,0,7,47,0,54,10,41,64,0,115,80,0,80,195
06/08/2004,FCA,MT,ANM,WE,Federal Contract Tower,10,35,18,0,63,1,2,56,0,59,11,37,74,0,122,46,0,46,168
06/09/2004,FCA,MT,ANM,WE,Federal Contract Tower,9,32,16,0,57,0,10,36,0,46,9,42,52,0,103,40,0,40,143
06/10/2004,FCA,MT,ANM,WE,Federal Contract Tower,10,38,20,0,68,0,15,44,2,61,10,53,64,2,129,58,2,60,189
06/11/2004,FCA,MT,ANM,WE,Federal Contract Tower,9,35,18,0,62,0,4,45,0,49,9,39,63,0,111,56,0,56,167
06/12/2004,FCA,MT,ANM,WE,Federal Contract Tower,9,29,15,0,53,0,12,67,2,81,9,41,82,2,134,92,0,92,226
06/13/2004,FCA,MT,ANM,WE,Federal Contract Tower,8,27,14,0,49,3,2,39,0,44,11,29,53,0,93,66,0,66,159
06/14/2004,FCA,MT,ANM,WE,Federal Contract Tower,10,35,18,0,63,1,6,57,7,71,11,41,75,7,134,64,0,64,198
06/15/2004,FCA,MT,ANM,WE,Federal Contract Tower,8,41,18,0,67,0,12,62,0,74,8,53,80,0,141,88,0,88,229
06/16/2004,FCA,MT,ANM,WE,Federal Contract Tower,9,33,15,0,57,2,10,90,0,102,11,43,105,0,159,46,0,46,205
06/17/2004,FCA,MT,ANM,WE,Federal Contract Tower,11,48,23,1,83,0,15,92,1,108,11,63,115,2,191,96,8,104,295
06/18/2004,FCA,MT,ANM,WE,Federal Contract Tower,11,46,21,0,78,0,14,73,0,87,11,60,94,0,165,74,0,74,239
06/19/2004,FCA,MT,ANM,WE,Federal Contract Tower,9,34,16,0,59,1,10,48,0,59,10,44,64,0,118,108,0,108,226
06/20/2004,FCA,MT,ANM,WE,Federal Contract Tower,10,33,30,0,73,0,0,39,0,39,10,33,69,0,112,82,0,82,194
06/21/2004,FCA,MT,ANM,WE,Federal Contract Tower,9,33,15,1,58,2,6,78,2,88,11,39,93,3,146,108,0,108,254
06/22/2004,FCA,MT,ANM,WE,Federal Contract Tower,10,38,18,0,66,1,9,75,0,85,11,47,93,0,151,84,0,84,235
06/23/2004,FCA,MT,ANM,WE,Federal Contract Tower,10,37,18,0,65,0,9,63,0,72,10,46,81,0,137,68,0,68,205
06/24/2004,FCA,MT,ANM,WE,Federal Contract Tower,11,43,21,0,75,0,13,93,0,106,11,56,114,0,181,90,0,90,271
06/25/2004,FCA,MT,ANM,WE,Federal Contract Tower,10,41,20,0,71,0,0,84,2,86,10,41,104,2,157,44,0,44,201
06/26/2004,FCA,MT,ANM,WE,Federal Contract Tower,7,29,15,0,51,4,4,20,0,28,11,33,35,0,79,40,0,40,119
06/27/2004,FCA,MT,ANM,WE,Federal Contract Tower,9,33,16,0,58,2,0,79,0,81,11,33,95,0,139,68,0,68,207
06/28/2004,FCA,MT,ANM,WE,Federal Contract Tower,8,32,16,0,56,1,18,67,2,88,9,50,83,2,144,92,0,92,236
06/29/2004,FCA,MT,ANM,WE,Federal Contract Tower,9,36,18,0,63,2,12,55,0,69,11,48,73,0,132,118,0,118,250
06/30/2004,FCA,MT,ANM,WE,Federal Contract Tower,10,38,19,0,67,0,10,71,2,83,10,48,90,2,150,70,0,70,220
07/01/2004,FCA,MT,ANM,WE,Federal Contract Tower,11,46,31,0,88,0,22,64,0,86,11,68,95,0,174,84,0,84,258
07/02/2004,FCA,MT,ANM,WE,Federal Contract Tower,11,42,28,0,81,0,22,108,0,130,11,64,136,0,211,96,0,96,307
07/03/2004,FCA,MT,ANM,WE,Federal Contract Tower,10,33,22,0,65,0,21,89,0,110,10,54,111,0,175,102,0,102,277
07/04/2004,FCA,MT,ANM,WE,Federal Contract Tower,7,22,15,0,44,5,7,37,0,49,12,29,52,0,93,68,0,68,161
07/05/2004,FCA,MT,ANM,WE,Federal Contract Tower,12,47,30,0,89,0,7,102,0,109,12,54,132,0,198,84,0,84,282
07/06/2004,FCA,MT,ANM,WE,Federal Contract Tower,13,40,26,0,79,0,3,71,0,74,13,43,97,0,153,80,0,80,233
07/07/2004,FCA,MT,ANM,WE,Federal Contract Tower,11,33,22,0,66,0,10,14,0,24,11,43,36,0,90,11,0,11,101
07/08/2004,FCA,MT,ANM,WE,Federal Contract Tower,12,40,27,0,79,0,7,74,2,83,12,47,101,2,162,54,8,62,224
07/09/2004,FCA,MT,ANM,WE,Federal Contract Tower,13,43,29,0,85,0,13,111,4,128,13,56,140,4,213,96,0,96,309
07/10/2004,FCA,MT,ANM,WE,Federal Contract Tower,10,30,20,0,60,2,2,60,1,65,12,32,80,1,125,80,0,80,205
07/11/2004,FCA,MT,ANM,WE,Federal Contract Tower,11,35,24,0,70,1,11,58,0,70,12,46,82,0,140,78,0,78,218
07/12/2004,FCA,MT,ANM,WE,Federal Contract Tower,11,35,24,0,70,0,9,91,0,100,11,44,115,0,170,116,0,116,286
07/13/2004,FCA,MT,ANM,WE,Federal Contract Tower,11,36,24,0,71,1,3,60,2,66,12,39,84,2,137,68,40,108,245
07/14/2004,FCA,MT,ANM,WE,Federal Contract Tower,10,31,18,0,59,1,16,67,0,84,11,47,85,0,143,6,0,6,149
07/15/2004,FCA,MT,ANM,WE,Federal Contract Tower,11,37,23,0,71,0,24,98,0,122,11,61,121,0,193,94,0,94,287
07/16/2004,FCA,MT,ANM,WE,Federal Contract Tower,11,43,27,0,81,0,20,94,0,114,11,63,121,0,195,88,0,88,283
07/17/2004,FCA,MT,ANM,WE,Federal Contract Tower,11,39,24,1,75,1,12,123,3,139,12,51,147,4,214,136,4,140,354
07/18/2004,FCA,MT,ANM,WE,Federal Contract Tower,10,35,21,1,67,2,12,93,1,108,12,47,114,2,175,102,0,102,277
07/19/2004,FCA,MT,ANM,WE,Federal Contract Tower,9,33,21,0,63,3,4,63,0,70,12,37,84,0,133,62,0,62,195
07/20/2004,FCA,MT,ANM,WE,Federal Contract Tower,10,36,22,0,68,2,9,85,0,96,12,45,107,0,164,78,0,78,242
07/21/2004,FCA,MT,ANM,WE,Federal Contract Tower,11,39,24,0,74,0,2,104,0,106,11,41,128,0,180,60,0,60,240
07/22/2004,FCA,MT,ANM,WE,Federal Contract Tower,11,42,27,1,81,0,9,146,5,160,11,51,173,6,241,92,12,104,345
07/23/2004,FCA,MT,ANM,WE,Federal Contract Tower,10,51,32,1,94,0,16,150,2,168,10,67,182,3,262,106,0,106,368
07/24/2004,FCA,MT,ANM,WE,Federal Contract Tower,11,39,25,1,76,1,18,120,0,139,12,57,145,1,215,102,0,102,317
07/25/2004,FCA,MT,ANM,WE,Federal Contract Tower,11,44,28,0,83,0,7,111,0,118,11,51,139,0,201,86,0,86,287
07/26/2004,FCA,MT,ANM,WE,Federal Contract Tower,11,42,26,1,80,0,20,102,1,123,11,62,128,2,203,96,0,96,299
07/27/2004,FCA,MT,ANM,WE,Federal Contract Tower,11,39,26,0,76,1,6,73,0,80,12,45,99,0,156,62,0,62,218
07/28/2004,FCA,MT,ANM,WE,Federal Contract Tower,10,35,23,0,68,0,8,68,0,76,10,43,91,0,144,44,0,44,188
07/29/2004,FCA,MT,ANM,WE,Federal Contract Tower,11,40,26,0,77,0,16,102,6,124,11,56,128,6,201,98,0,98,299
07/30/2004,FCA,MT,ANM,WE,Federal Contract Tower,11,42,27,0,80,0,17,109,1,127,11,59,136,1,207,98,0,98,305
07/31/2004,FCA,MT,ANM,WE,Federal Contract Tower,9,33,22,0,64,2,12,97,0,111,11,45,119,0,175,86,0,86,261
08/01/2004,FCA,MT,ANM,WE,Federal Contract Tower,10,34,21,0,65,3,10,110,2,125,13,44,131,2,190,102,8,110,300
08/02/2004,FCA,MT,ANM,WE,Federal Contract Tower,11,35,20,0,66,0,7,123,0,130,11,42,143,0,196,96,0,96,292
08/03/2004,FCA,MT,ANM,WE,Federal Contract Tower,12,40,23,0,75,1,8,82,0,91,13,48,105,0,166,62,0,62,228
08/04/2004,FCA,MT,ANM,WE,Federal Contract Tower,11,41,25,0,77,0,1,105,0,106,11,42,130,0,183,54,0,54,237
08/05/2004,FCA,MT,ANM,WE,Federal Contract Tower,11,48,28,0,87,0,9,105,0,114,11,57,133,0,201,84,0,84,285
08/06/2004,FCA,MT,ANM,WE,Federal Contract Tower,10,45,27,0,82,0,26,104,4,134,10,71,131,4,216,96,0,96,312
08/07/2004,FCA,MT,ANM,WE,Federal Contract Tower,13,40,25,0,78,0,0,42,0,42,13,40,67,0,120,68,0,68,188
08/08/2004,FCA,MT,ANM,WE,Federal Contract Tower,11,46,28,0,85,0,10,145,0,155,11,56,173,0,240,114,0,114,354
08/09/2004,FCA,MT,ANM,WE,Federal Contract Tower,12,41,24,0,77,0,6,84,2,92,12,47,108,2,169,90,2,92,261
08/10/2004,FCA,MT,ANM,WE,Federal Contract Tower,11,41,24,0,76,0,16,79,0,95,11,57,103,0,171,44,0,44,215
08/11/2004,FCA,MT,ANM,WE,Federal Contract Tower,9,38,23,0,70,0,8,89,1,98,9,46,112,1,168,52,0,52,220
08/12/2004,FCA,MT,ANM,WE,Federal Contract Tower,11,44,26,0,81,0,17,119,4,140,11,61,145,4,221,122,8,130,351
08/13/2004,FCA,MT,ANM,WE,Federal Contract Tower,11,44,26,0,81,0,14,115,0,129,11,58,141,0,210,106,0,106,316
08/14/2004,FCA,MT,ANM,WE,Federal Contract Tower,13,47,28,1,89,0,10,120,1,131,13,57,148,2,220,96,40,136,356
08/15/2004,FCA,MT,ANM,WE,Federal Contract Tower,11,42,25,0,78,0,12,80,0,92,11,54,105,0,170,104,0,104,274
08/16/2004,FCA,MT,ANM,WE,Federal Contract Tower,10,35,20,0,65,1,13,82,0,96,11,48,102,0,161,100,2,102,263
08/17/2004,FCA,MT,ANM,WE,Federal Contract Tower,11,37,22,1,71,1,8,75,1,85,12,45,97,2,156,66,2,68,224
08/18/2004,FCA,MT,ANM,WE,Federal Contract Tower,10,42,23,0,75,0,2,59,0,61,10,44,82,0,136,22,0,22,158
08/19/2004,FCA,MT,ANM,WE,Federal Contract Tower,10,36,19,0,65,1,4,94,0,99,11,40,113,0,164,70,0,70,234
08/20/2004,FCA,MT,ANM,WE,Federal Contract Tower,9,35,20,1,65,1,14,61,0,76,10,49,81,1,141,58,12,70,211
08/21/2004,FCA,MT,ANM,WE,Federal Contract Tower,10,37,21,1,69,0,4,108,1,113,10,41,129,2,182,74,20,94,276
08/22/2004,FCA,MT,ANM,WE,Federal Contract Tower,9,33,18,0,60,1,3,33,0,37,10,36,51,0,97,56,0,56,153
08/23/2004,FCA,MT,ANM,WE,Federal Contract Tower,9,33,17,0,59,2,5,15,0,22,11,38,32,0,81,38,0,38,119
08/24/2004,FCA,MT,ANM,WE,Federal Contract Tower,11,43,24,0,78,0,9,30,0,39,11,52,54,0,117,36,0,36,153
08/25/2004,FCA,MT,ANM,WE,Federal Contract Tower,11,43,25,1,80,0,0,13,1,14,11,43,38,2,94,4,0,4,98
08/26/2004,FCA,MT,ANM,WE,Federal Contract Tower,10,36,19,0,65,4,13,27,0,44,14,49,46,0,109,44,0,44,153
08/27/2004,FCA,MT,ANM,WE,Federal Contract Tower,10,37,22,0,69,1,9,39,2,51,11,46,61,2,120,58,0,58,178
08/28/2004,FCA,MT,ANM,WE,Federal Contract Tower,9,34,20,0,63,3,2,60,0,65,12,36,80,0,128,90,0,90,218
08/29/2004,FCA,MT,ANM,WE,Federal Contract Tower,9,33,19,0,61,2,0,73,0,75,11,33,92,0,136,86,0,86,222
08/30/2004,FCA,MT,ANM,WE,Federal Contract Tower,9,35,21,0,65,2,8,66,0,76,11,43,87,0,141,94,0,94,235
08/31/2004,FCA,MT,ANM,WE,Federal Contract Tower,10,36,21,0,67,1,9,78,0,88,11,45,99,0,155,66,0,66,221
09/01/2004,FCA,MT,ANM,WE,Federal Contract Tower,9,32,19,0,60,2,17,43,0,62,11,49,62,0,122,14,0,14,136
09/02/2004,FCA,MT,ANM,WE,Federal Contract Tower,9,44,26,0,79,0,0,66,2,68,9,44,92,2,147,38,0,38,185
09/03/2004,FCA,MT,ANM,WE,Federal Contract Tower,10,41,25,0,76,0,11,3,0,14,10,52,28,0,90,36,0,36,126
09/04/2004,FCA,MT,ANM,WE,Federal Contract Tower,8,31,19,0,58,2,15,53,0,70,10,46,72,0,128,80,0,80,208
09/05/2004,FCA,MT,ANM,WE,Federal Contract Tower,9,34,20,0,63,0,2,61,4,67,9,36,81,4,130,88,6,94,224
09/06/2004,FCA,MT,ANM,WE,Federal Contract Tower,10,39,23,0,72,0,12,92,0,104,10,51,115,0,176,108,0,108,284
09/07/2004,FCA,MT,ANM,WE,Federal Contract Tower,8,32,19,0,59,2,9,64,0,75,10,41,83,0,134,52,0,52,186
09/08/2004,FCA,MT,ANM,WE,Federal Contract Tower,8,28,17,0,53,0,8,91,0,99,8,36,108,0,152,42,0,42,194
09/09/2004,FCA,MT,ANM,WE,Federal Contract Tower,8,32,19,0,59,2,14,75,0,91,10,46,94,0,150,96,0,96,246
09/10/2004,FCA,MT,ANM,WE,Federal Contract Tower,9,34,20,0,63,1,16,93,0,110,10,50,113,0,173,102,0,102,275
09/11/2004,FCA,MT,ANM,WE,Federal Contract Tower,8,30,19,0,57,2,12,65,0,79,10,42,84,0,136,84,0,84,220
09/12/2004,FCA,MT,ANM,WE,Federal Contract Tower,7,27,17,0,51,0,6,41,0,47,7,33,58,0,98,84,0,84,182
09/13/2004,FCA,MT,ANM,WE,Federal Contract Tower,8,29,18,0,55,0,8,34,0,42,8,37,52,0,97,50,0,50,147
09/14/2004,FCA,MT,ANM,WE,Federal Contract Tower,7,31,19,1,58,1,3,7,0,11,8,34,26,1,69,24,0,24,93
09/15/2004,FCA,MT,ANM,WE,Federal Contract Tower,7,30,11,1,49,0,8,0,3,11,7,38,11,4,60,0,0,0,60
09/16/2004,FCA,MT,ANM,WE,Federal Contract Tower,7,33,18,0,58,0,9,33,0,42,7,42,51,0,100,32,0,32,132
09/17/2004,FCA,MT,ANM,WE,Federal Contract Tower,8,35,20,1,64,0,7,31,1,39,8,42,51,2,103,36,24,60,163
09/18/2004,FCA,MT,ANM,WE,Federal Contract Tower,6,26,14,0,46,2,7,27,0,36,8,33,41,0,82,28,0,28,110
09/19/2004,FCA,MT,ANM,WE,Federal Contract Tower,7,31,17,0,55,1,8,42,0,51,8,39,59,0,106,76,0,76,182
09/20/2004,FCA,MT,ANM,WE,Federal Contract Tower,6,25,12,0,43,2,2,0,0,4,8,27,12,0,47,0,0,0,47
09/21/2004,FCA,MT,ANM,WE,Federal Contract Tower,7,34,51,0,92,0,0,72,0,72,7,34,123,0,164,70,0,70,234
09/22/2004,FCA,MT,ANM,WE,Federal Contract Tower,7,33,18,0,58,2,13,40,0,55,9,46,58,0,113,58,0,58,171
09/23/2004,FCA,MT,ANM,WE,Federal Contract Tower,8,43,25,0,76,0,8,65,0,73,8,51,90,0,149,78,0,78,227
09/24/2004,FCA,MT,ANM,WE,Federal Contract Tower,9,40,22,0,71,0,9,89,0,98,9,49,111,0,169,96,0,96,265
09/25/2004,FCA,MT,ANM,WE,Federal Contract Tower,4,17,10,0,31,2,3,77,0,82,6,20,87,0,113,80,2,82,195
09/26/2004,FCA,MT,ANM,WE,Federal Contract Tower,8,36,21,0,65,0,18,119,3,140,8,54,140,3,205,104,0,104,309
09/27/2004,FCA,MT,ANM,WE,Federal Contract Tower,8,34,20,0,62,2,12,64,0,78,10,46,84,0,140,74,0,74,214
09/28/2004,FCA,MT,ANM,WE,Federal Contract Tower,8,34,19,0,61,0,8,99,4,111,8,42,118,4,172,134,4,138,310
09/29/2004,FCA,MT,ANM,WE,Federal Contract Tower,9,36,21,0,66,0,11,93,1,105,9,47,114,1,171,100,0,100,271
09/30/2004,FCA,MT,ANM,WE,Federal Contract Tower,8,36,21,0,65,0,4,58,0,62,8,40,79,0,127,42,0,42,169
10/01/2004,FCA,MT,ANM,WE,Federal Contract Tower,8,32,10,0,50,0,8,96,0,104,8,40,106,0,154,50,0,50,204
10/02/2004,FCA,MT,ANM,WE,Federal Contract Tower,6,24,4,0,34,0,4,93,2,99,6,28,97,2,133,36,0,36,169
10/03/2004,FCA,MT,ANM,WE,Federal Contract Tower,8,20,14,1,43,0,15,62,1,78,8,35,76,2,121,66,10,76,197
10/04/2004,FCA,MT,ANM,WE,Federal Contract Tower,8,31,8,0,47,0,10,35,1,46,8,41,43,1,93,44,0,44,137
10/05/2004,FCA,MT,ANM,WE,Federal Contract Tower,8,33,6,0,47,0,10,60,0,70,8,43,66,0,117,80,0,80,197
10/06/2004,FCA,MT,ANM,WE,Federal Contract Tower,8,36,10,0,54,0,3,27,0,30,8,39,37,0,84,20,0,20,104
10/07/2004,FCA,MT,ANM,WE,Federal Contract Tower,8,31,14,0,53,0,12,58,0,70,8,43,72,0,123,76,0,76,199
10/08/2004,FCA,MT,ANM,WE,Federal Contract Tower,8,34,9,0,51,0,9,88,2,99,8,43,97,2,150,84,12,96,246
10/09/2004,FCA,MT,ANM,WE,Federal Contract Tower,7,25,2,0,34,0,8,40,0,48,7,33,42,0,82,56,0,56,138
10/10/2004,FCA,MT,ANM,WE,Federal Contract Tower,8,23,9,0,40,0,3,48,0,51,8,26,57,0,91,42,0,42,133
10/11/2004,FCA,MT,ANM,WE,Federal Contract Tower,10,26,16,0,52,0,6,40,0,46,10,32,56,0,98,58,0,58,156
10/12/2004,FCA,MT,ANM,WE,Federal Contract Tower,8,37,5,0,50,0,10,55,0,65,8,47,60,0,115,48,0,48,163
10/13/2004,FCA,MT,ANM,WE,Federal Contract Tower,8,33,16,0,57,0,10,49,0,59,8,43,65,0,116,62,0,62,178
10/14/2004,FCA,MT,ANM,WE,Federal Contract Tower,8,36,18,0,62,0,6,63,0,69,8,42,81,0,131,54,0,54,185
10/15/2004,FCA,MT,ANM,WE,Federal Contract Tower,10,32,8,0,50,1,7,44,0,52,11,39,52,0,102,38,0,38,140
10/16/2004,FCA,MT,ANM,WE,Federal Contract Tower,7,27,9,0,43,0,2,3,0,5,7,29,12,0,48,20,0,20,68
10/17/2004,FCA,MT,ANM,WE,Federal Contract Tower,8,19,9,0,36,0,3,12,0,15,8,22,21,0,51,44,0,44,95
10/18/2004,FCA,MT,ANM,WE,Federal Contract Tower,11,28,5,0,44,0,2,30,0,32,11,30,35,0,76,42,0,42,118
10/19/2004,FCA,MT,ANM,WE,Federal Contract Tower,8,38,11,0,57,0,0,58,0,58,8,38,69,0,115,72,0,72,187
10/20/2004,FCA,MT,ANM,WE,Federal Contract Tower,9,35,8,0,52,0,4,33,0,37,9,39,41,0,89,10,0,10,99
10/21/2004,FCA,MT,ANM,WE,Federal Contract Tower,8,30,7,0,45,0,6,34,0,40,8,36,41,0,85,38,0,38,123
10/22/2004,FCA,MT,ANM,WE,Federal Contract Tower,7,37,9,0,53,0,9,30,0,39,7,46,39,0,92,42,0,42,134
10/23/2004,FCA,MT,ANM,WE,Federal Contract Tower,6,29,4,2,41,0,4,20,0,24,6,33,24,2,65,46,6,52,117
10/24/2004,FCA,MT,ANM,WE,Federal Contract Tower,8,20,11,0,39,0,2,12,0,14,8,22,23,0,53,24,0,24,77
10/25/2004,FCA,MT,ANM,WE,Federal Contract Tower,7,34,14,0,55,0,0,40,0,40,7,34,54,0,95,44,0,44,139
10/26/2004,FCA,MT,ANM,WE,Federal Contract Tower,9,32,6,0,47,0,8,37,0,45,9,40,43,0,92,56,0,56,148
10/27/2004,FCA,MT,ANM,WE,Federal Contract Tower,7,32,10,0,49,0,1,62,0,63,7,33,72,0,112,44,0,44,156
10/28/2004,FCA,MT,ANM,WE,Federal Contract Tower,9,39,21,0,69,0,7,69,0,76,9,46,90,0,145,60,0,60,205
10/29/2004,FCA,MT,ANM,WE,Federal Contract Tower,9,38,11,0,58,0,2,29,1,32,9,40,40,1,90,24,0,24,114
10/30/2004,FCA,MT,ANM,WE,Federal Contract Tower,6,25,5,0,36,0,3,51,0,54,6,28,56,0,90,22,0,22,112
10/31/2004,FCA,MT,ANM,WE,Federal Contract Tower,8,23,3,0,34,0,4,20,0,24,8,27,23,0,58,44,0,44,102
11/01/2004,FCA,MT,ANM,WE,Federal Contract Tower,8,26,15,0,49,0,4,50,0,54,8,30,65,0,103,84,0,84,187
11/02/2004,FCA,MT,ANM,WE,Federal Contract Tower,8,24,6,0,38,0,0,1,0,1,8,24,7,0,39,12,0,12,51
11/03/2004,FCA,MT,ANM,WE,Federal Contract Tower,6,29,5,0,40,0,0,46,0,46,6,29,51,0,86,56,0,56,142
11/04/2004,FCA,MT,ANM,WE,Federal Contract Tower,8,37,11,0,56,0,6,44,0,50,8,43,55,0,106,48,0,48,154
11/05/2004,FCA,MT,ANM,WE,Federal Contract Tower,9,38,7,0,54,0,5,46,0,51,9,43,53,0,105,52,0,52,157
11/06/2004,FCA,MT,ANM,WE,Federal Contract Tower,6,25,6,0,37,0,3,50,0,53,6,28,56,0,90,32,0,32,122
11/07/2004,FCA,MT,ANM,WE,Federal Contract Tower,9,23,8,0,40,0,2,44,0,46,9,25,52,0,86,38,0,38,124
11/08/2004,FCA,MT,ANM,WE,Federal Contract Tower,7,28,9,0,44,0,0,30,1,31,7,28,39,1,75,40,4,44,119
11/09/2004,FCA,MT,ANM,WE,Federal Contract Tower,8,29,11,0,48,0,6,40,0,46,8,35,51,0,94,34,0,34,128
11/10/2004,FCA,MT,ANM,WE,Federal Contract Tower,7,33,4,0,44,0,4,29,0,33,7,37,33,0,77,64,0,64,141
11/11/2004,FCA,MT,ANM,WE,Federal Contract Tower,7,32,8,2,49,0,0,51,8,59,7,32,59,10,108,76,20,96,204
11/12/2004,FCA,MT,ANM,WE,Federal Contract Tower,7,36,19,0,62,0,0,14,0,14,7,36,33,0,76,0,0,0,76
11/13/2004,FCA,MT,ANM,WE,Federal Contract Tower,7,28,9,0,44,0,0,0,0,0,7,28,9,0,44,0,0,0,44
11/14/2004,FCA,MT,ANM,WE,Federal Contract Tower,7,25,10,0,42,0,3,20,0,23,7,28,30,0,65,18,0,18,83
11/15/2004,FCA,MT,ANM,WE,Federal Contract Tower,8,29,20,0,57,0,6,32,0,38,8,35,52,0,95,68,0,68,163
11/16/2004,FCA,MT,ANM,WE,Federal Contract Tower,7,36,13,0,56,0,0,20,0,20,7,36,33,0,76,20,0,20,96
11/17/2004,FCA,MT,ANM,WE,Federal Contract Tower,8,35,15,0,58,0,2,57,0,59,8,37,72,0,117,38,0,38,155
11/18/2004,FCA,MT,ANM,WE,Federal Contract Tower,6,38,13,0,57,0,6,33,0,39,6,44,46,0,96,34,0,34,130
11/19/2004,FCA,MT,ANM,WE,Federal Contract Tower,8,39,6,0,53,0,12,37,0,49,8,51,43,0,102,58,0,58,160
11/20/2004,FCA,MT,ANM,WE,Federal Contract Tower,6,25,10,0,41,0,6,57,1,64,6,31,67,1,105,68,0,68,173
11/21/2004,FCA,MT,ANM,WE,Federal Contract Tower,8,24,13,0,45,0,4,46,0,50,8,28,59,0,95,84,0,84,179
11/22/2004,FCA,MT,ANM,WE,Federal Contract Tower,8,36,6,0,50,0,5,16,0,21,8,41,22,0,71,34,0,34,105
11/23/2004,FCA,MT,ANM,WE,Federal Contract Tower,8,35,18,0,61,0,6,10,0,16,8,41,28,0,77,28,0,28,105
11/24/2004,FCA,MT,ANM,WE,Federal Contract Tower,7,32,9,2,50,0,0,0,0,0,7,32,9,2,50,0,0,0,50
11/25/2004,FCA,MT,ANM,WE,Federal Contract Tower,7,29,1,0,37,0,2,2,0,4,7,31,3,0,41,0,0,0,41
11/26/2004,FCA,MT,ANM,WE,Federal Contract Tower,8,33,7,0,48,0,4,20,0,24,8,37,27,0,72,24,0,24,96
11/27/2004,FCA,MT,ANM,WE,Federal Contract Tower,7,29,8,0,44,0,5,50,0,55,7,34,58,0,99,86,0,86,185
11/28/2004,FCA,MT,ANM,WE,Federal Contract Tower,8,29,12,0,49,0,6,32,0,38,8,35,44,0,87,48,0,48,135
11/29/2004,FCA,MT,ANM,WE,Federal Contract Tower,9,34,7,0,50,0,3,12,0,15,9,37,19,0,65,18,0,18,83
11/30/2004,FCA,MT,ANM,WE,Federal Contract Tower,9,35,3,0,47,0,0,1,0,1,9,35,4,0,48,12,0,12,60
12/01/2004,FCA,MT,ANM,WE,Federal Contract Tower,7,33,8,0,48,0,2,29,0,31,7,35,37,0,79,38,0,38,117
12/02/2004,FCA,MT,ANM,WE,Federal Contract Tower,9,34,13,0,56,0,5,23,0,28,9,39,36,0,84,36,0,36,120
12/03/2004,FCA,MT,ANM,WE,Federal Contract Tower,9,33,15,0,57,0,9,38,0,47,9,42,53,0,104,32,0,32,136
12/04/2004,FCA,MT,ANM,WE,Federal Contract Tower,6,27,3,1,37,0,5,40,0,45,6,32,43,1,82,44,6,50,132
12/05/2004,FCA,MT,ANM,WE,Federal Contract Tower,9,21,8,0,38,1,5,30,0,36,10,26,38,0,74,46,0,46,120
12/06/2004,FCA,MT,ANM,WE,Federal Contract Tower,8,36,7,0,51,0,6,0,0,6,8,42,7,0,57,12,0,12,69
12/07/2004,FCA,MT,ANM,WE,Federal Contract Tower,9,37,4,0,50,0,0,4,0,4,9,37,8,0,54,0,0,0,54
12/08/2004,FCA,MT,ANM,WE,Federal Contract Tower,7,35,8,0,50,0,0,3,0,3,7,35,11,0,53,0,0,0,53
12/09/2004,FCA,MT,ANM,WE,Federal Contract Tower,7,34,4,0,45,0,0,34,0,34,7,34,38,0,79,22,0,22,101
12/10/2004,FCA,MT,ANM,WE,Federal Contract Tower,7,30,11,0,48,0,0,0,0,0,7,30,11,0,48,0,0,0,48
12/11/2004,FCA,MT,ANM,WE,Federal Contract Tower,6,28,6,0,40,0,0,17,0,17,6,28,23,0,57,74,0,74,131
12/12/2004,FCA,MT,ANM,WE,Federal Contract Tower,8,22,8,0,38,0,8,106,0,114,8,30,114,0,152,122,0,122,274
12/13/2004,FCA,MT,ANM,WE,Federal Contract Tower,8,35,12,0,55,0,10,50,0,60,8,45,62,0,115,78,0,78,193
12/14/2004,FCA,MT,ANM,WE,Federal Contract Tower,8,38,16,0,62,0,7,10,0,17,8,45,26,0,79,24,0,24,103
12/15/2004,FCA,MT,ANM,WE,Federal Contract Tower,7,34,11,0,52,0,6,38,0,44,7,40,49,0,96,28,0,28,124
12/16/2004,FCA,MT,ANM,WE,Federal Contract Tower,9,38,13,0,60,0,9,64,0,73,9,47,77,0,133,68,0,68,201
12/17/2004,FCA,MT,ANM,WE,Federal Contract Tower,10,46,22,0,78,0,7,58,2,67,10,53,80,2,145,74,4,78,223
12/18/2004,FCA,MT,ANM,WE,Federal Contract Tower,8,27,8,0,43,0,0,0,0,0,8,27,8,0,43,0,0,0,43
12/19/2004,FCA,MT,ANM,WE,Federal Contract Tower,9,24,4,0,37,0,3,30,0,33,9,27,34,0,70,48,0,48,118
12/20/2004,FCA,MT,ANM,WE,Federal Contract Tower,8,30,16,0,54,0,5,31,0,36,8,35,47,0,90,58,0,58,148
12/21/2004,FCA,MT,ANM,WE,Federal Contract Tower,9,37,10,0,56,0,6,8,0,14,9,43,18,0,70,24,0,24,94
12/22/2004,FCA,MT,ANM,WE,Federal Contract Tower,8,36,8,0,52,0,11,7,0,18,8,47,15,0,70,16,0,16,86
12/23/2004,FCA,MT,ANM,WE,Federal Contract Tower,8,30,12,0,50,0,12,35,0,47,8,42,47,0,97,54,0,54,151
12/24/2004,FCA,MT,ANM,WE,Federal Contract Tower,10,32,5,0,47,0,2,4,0,6,10,34,9,0,53,0,0,0,53
12/25/2004,FCA,MT,ANM,WE,Federal Contract Tower,6,23,0,0,29,0,0,0,0,0,6,23,0,0,29,0,0,0,29
12/26/2004,FCA,MT,ANM,WE,Federal Contract Tower,8,40,10,1,59,0,4,40,0,44,8,44,50,1,103,68,0,68,171
12/27/2004,FCA,MT,ANM,WE,Federal Contract Tower,9,42,22,1,74,0,5,32,0,37,9,47,54,1,111,66,2,68,179
12/28/2004,FCA,MT,ANM,WE,Federal Contract Tower,10,36,14,1,61,0,6,0,0,6,10,42,14,1,67,0,0,0,67
12/29/2004,FCA,MT,ANM,WE,Federal Contract Tower,8,43,13,0,64,0,9,41,0,50,8,52,54,0,114,36,0,36,150
12/30/2004,FCA,MT,ANM,WE,Federal Contract Tower,9,41,9,0,59,0,5,14,0,19,9,46,23,0,78,22,0,22,100
12/31/2004,FCA,MT,ANM,WE,Federal Contract Tower,7,34,9,0,50,0,2,3,0,5,7,36,12,0,55,0,0,0,55
01/01/2005,FCA,MT,ANM,WE,Federal Contract Tower,8,26,17,0,51,0,4,6,0,10,8,30,23,0,61,6,0,6,67
01/02/2005,FCA,MT,ANM,WE,Federal Contract Tower,9,37,25,0,71,0,5,30,0,35,9,42,55,0,106,62,0,62,168
01/03/2005,FCA,MT,ANM,WE,Federal Contract Tower,8,30,11,0,49,0,5,10,0,15,8,35,21,0,64,8,0,8,72
01/04/2005,FCA,MT,ANM,WE,Federal Contract Tower,8,37,9,0,54,0,1,42,4,47,8,38,51,4,101,34,6,40,141
01/05/2005,FCA,MT,ANM,WE,Federal Contract Tower,9,33,17,0,59,0,1,44,0,45,9,34,61,0,104,26,0,26,130
01/06/2005,FCA,MT,ANM,WE,Federal Contract Tower,7,30,3,8,48,0,0,4,0,4,7,30,7,8,52,6,12,18,70
01/07/2005,FCA,MT,ANM,WE,Federal Contract Tower,6,32,5,0,43,0,2,2,0,4,6,34,7,0,47,2,0,2,49
01/08/2005,FCA,MT,ANM,WE,Federal Contract Tower,9,23,4,0,36,0,4,12,0,16,9,27,16,0,52,58,0,58,110
01/09/2005,FCA,MT,ANM,WE,Federal Contract Tower,8,23,3,0,34,0,2,1,0,3,8,25,4,0,37,10,0,10,47
01/10/2005,FCA,MT,ANM,WE,Federal Contract Tower,7,30,9,0,46,0,7,16,0,23,7,37,25,0,69,28,0,28,97
01/11/2005,FCA,MT,ANM,WE,Federal Contract Tower,8,33,14,0,55,0,4,5,0,9,8,37,19,0,64,18,0,18,82
01/12/2005,FCA,MT,ANM,WE,Federal Contract Tower,7,30,10,1,48,0,0,1,0,1,7,30,11,1,49,0,0,0,49
01/13/2005,FCA,MT,ANM,WE,Federal Contract Tower,8,34,8,2,52,0,7,31,2,40,8,41,39,4,92,34,4,38,130
01/14/2005,FCA,MT,ANM,WE,Federal Contract Tower,8,35,9,0,52,0,11,33,2,46,8,46,42,2,98,52,4,56,154
01/15/2005,FCA,MT,ANM,WE,Federal Contract Tower,6,26,5,2,39,0,0,14,1,15,6,26,19,3,54,12,0,12,66
01/16/2005,FCA,MT,ANM,WE,Federal Contract Tower,9,17,5,1,32,0,0,0,0,0,9,17,5,1,32,0,0,0,32
01/17/2005,FCA,MT,ANM,WE,Federal Contract Tower,7,32,7,0,46,0,5,17,0,22,7,37,24,0,68,26,0,26,94
01/18/2005,FCA,MT,ANM,WE,Federal Contract Tower,8,23,3,0,34,0,0,0,0,0,8,23,3,0,34,0,0,0,34
01/19/2005,FCA,MT,ANM,WE,Federal Contract Tower,6,38,10,0,54,0,5,19,0,24,6,43,29,0,78,24,0,24,102
01/20/2005,FCA,MT,ANM,WE,Federal Contract Tower,7,27,2,0,36,0,18,37,1,56,7,45,39,1,92,54,2,56,148
01/21/2005,FCA,MT,ANM,WE,Federal Contract Tower,6,27,10,0,43,0,13,36,0,49,6,40,46,0,92,56,0,56,148
01/22/2005,FCA,MT,ANM,WE,Federal Contract Tower,6,25,1,0,32,0,0,0,0,0,6,25,1,0,32,0,0,0,32
01/23/2005,FCA,MT,ANM,WE,Federal Contract Tower,7,18,4,0,29,0,0,20,0,20,7,18,24,0,49,26,0,26,75
01/24/2005,FCA,MT,ANM,WE,Federal Contract Tower,7,25,9,0,41,0,1,30,0,31,7,26,39,0,72,28,0,28,100
01/25/2005,FCA,MT,ANM,WE,Federal Contract Tower,9,30,8,0,47,0,1,45,0,46,9,31,53,0,93,56,0,56,149
01/26/2005,FCA,MT,ANM,WE,Federal Contract Tower,8,32,5,2,47,0,2,37,0,39,8,34,42,2,86,50,0,50,136
01/27/2005,FCA,MT,ANM,WE,Federal Contract Tower,8,31,20,0,59,0,2,30,0,32,8,33,50,0,91,32,0,32,123
01/28/2005,FCA,MT,ANM,WE,Federal Contract Tower,5,27,6,0,38,0,6,43,0,49,5,33,49,0,87,40,0,40,127
01/29/2005,FCA,MT,ANM,WE,Federal Contract Tower,5,22,0,0,27,0,0,0,0,0,5,22,0,0,27,0,0,0,27
01/30/2005,FCA,MT,ANM,WE,Federal Contract Tower,8,22,7,0,37,0,12,40,0,52,8,34,47,0,89,64,0,64,153
01/31/2005,FCA,MT,ANM,WE,Federal Contract Tower,8,27,5,0,40,0,7,26,0,33,8,34,31,0,73,38,0,38,111
02/01/2005,FCA,MT,ANM,WE,Federal Contract Tower,8,35,6,0,49,0,0,26,0,26,8,35,32,0,75,64,2,66,141
02/02/2005,FCA,MT,ANM,WE,Federal Contract Tower,7,30,6,0,43,0,12,39,0,51,7,42,45,0,94,64,0,64,158
02/03/2005,FCA,MT,ANM,WE,Federal Contract Tower,8,32,8,0,48,0,8,53,0,61,8,40,61,0,109,60,0,60,169
02/04/2005,FCA,MT,ANM,WE,Federal Contract Tower,6,32,7,2,47,0,7,58,0,65,6,39,65,2,112,62,6,68,180
02/05/2005,FCA,MT,ANM,WE,Federal Contract Tower,7,29,5,0,41,0,3,16,0,19,7,32,21,0,60,38,0,38,98
02/06/2005,FCA,MT,ANM,WE,Federal Contract Tower,8,23,5,0,36,0,14,20,0,34,8,37,25,0,70,38,0,38,108
02/07/2005,FCA,MT,ANM,WE,Federal Contract Tower,8,32,15,0,55,0,6,30,1,37,8,38,45,1,92,64,0,64,156
02/08/2005,FCA,MT,ANM,WE,Federal Contract Tower,8,33,8,0,49,0,4,24,0,28,8,37,32,0,77,56,0,56,133
02/09/2005,FCA,MT,ANM,WE,Federal Contract Tower,6,32,8,0,46,0,5,39,0,44,6,37,47,0,90,26,0,26,116
02/10/2005,FCA,MT,ANM,WE,Federal Contract Tower,8,33,3,0,44,0,8,64,0,72,8,41,67,0,116,82,0,82,198
02/11/2005,FCA,MT,ANM,WE,Federal Contract Tower,11,40,16,0,67,0,8,88,0,96,11,48,104,0,163,94,0,94,257
02/12/2005,FCA,MT,ANM,WE,Federal Contract Tower,6,24,13,0,43,0,8,80,0,88,6,32,93,0,131,118,0,118,249
02/13/2005,FCA,MT,ANM,WE,Federal Contract Tower,7,26,4,0,37,0,4,40,0,44,7,30,44,0,81,62,0,62,143
02/14/2005,FCA,MT,ANM,WE,Federal Contract Tower,9,34,9,0,52,0,8,10,0,18,9,42,19,0,70,12,0,12,82
02/15/2005,FCA,MT,ANM,WE,Federal Contract Tower,7,35,5,0,47,0,6,50,2,58,7,41,55,2,105,64,0,64,169
02/16/2005,FCA,MT,ANM,WE,Federal Contract Tower,6,35,9,3,53,0,4,73,0,77,6,39,82,3,130,44,0,44,174
02/17/2005,FCA,MT,ANM,WE,Federal Contract Tower,7,35,11,0,53,0,6,63,0,69,7,41,74,0,122,86,0,86,208
02/18/2005,FCA,MT,ANM,WE,Federal Contract Tower,8,40,12,0,60,0,8,78,0,86,8,48,90,0,146,94,0,94,240
02/19/2005,FCA,MT,ANM,WE,Federal Contract Tower,7,28,7,2,44,0,5,81,0,86,7,33,88,2,130,84,10,94,224
02/20/2005,FCA,MT,ANM,WE,Federal Contract Tower,9,38,7,0,54,0,6,55,0,61,9,44,62,0,115,94,0,94,209
02/21/2005,FCA,MT,ANM,WE,Federal Contract Tower,10,27,8,0,45,0,5,34,0,39,10,32,42,0,84,78,0,78,162
02/22/2005,FCA,MT,ANM,WE,Federal Contract Tower,8,30,6,0,44,0,2,50,0,52,8,32,56,0,96,88,0,88,184
02/23/2005,FCA,MT,ANM,WE,Federal Contract Tower,7,34,12,0,53,0,3,65,0,68,7,37,77,0,121,68,0,68,189
02/24/2005,FCA,MT,ANM,WE,Federal Contract Tower,9,44,10,0,63,0,11,56,0,67,9,55,66,0,130,78,0,78,208
02/25/2005,FCA,MT,ANM,WE,Federal Contract Tower,9,36,12,0,57,0,10,54,0,64,9,46,66,0,121,68,0,68,189
02/26/2005,FCA,MT,ANM,WE,Federal Contract Tower,8,34,3,0,45,0,12,91,2,105,8,46,94,2,150,74,0,74,224
02/27/2005,FCA,MT,ANM,WE,Federal Contract Tower,8,32,7,0,47,0,1,54,0,55,8,33,61,0,102,46,0,46,148
02/28/2005,FCA,MT,ANM,WE,Federal Contract Tower,8,32,7,0,47,0,4,36,0,40,8,36,43,0,87,38,0,38,125
03/01/2005,FCA,MT,ANM,WE,Federal Contract Tower,8,34,6,0,48,0,0,0,0,0,8,34,6,0,48,42,0,42,90
03/02/2005,FCA,MT,ANM,WE,Federal Contract Tower,8,30,11,0,49,0,5,26,0,31,8,35,37,0,80,52,0,52,132
03/03/2005,FCA,MT,ANM,WE,Federal Contract Tower,5,29,10,1,45,0,7,53,7,67,5,36,63,8,112,42,10,52,164
03/04/2005,FCA,MT,ANM,WE,Federal Contract Tower,7,35,3,0,45,0,3,60,0,63,7,38,63,0,108,24,0,24,132
03/05/2005,FCA,MT,ANM,WE,Federal Contract Tower,6,18,5,2,31,1,15,45,0,61,7,33,50,2,92,64,12,76,168
03/06/2005,FCA,MT,ANM,WE,Federal Contract Tower,8,18,7,2,35,0,5,40,3,48,8,23,47,5,83,36,12,48,131
03/07/2005,FCA,MT,ANM,WE,Federal Contract Tower,8,30,10,2,50,0,4,30,0,34,8,34,40,2,84,40,10,50,134
03/08/2005,FCA,MT,ANM,WE,Federal Contract Tower,7,30,3,0,40,0,6,30,0,36,7,36,33,0,76,80,0,80,156
03/09/2005,FCA,MT,ANM,WE,Federal Contract Tower,8,32,11,2,53,0,1,33,0,34,8,33,44,2,87,12,0,12,99
03/10/2005,FCA,MT,ANM,WE,Federal Contract Tower,8,33,11,0,52,0,7,48,0,55,8,40,59,0,107,56,0,56,163
03/11/2005,FCA,MT,ANM,WE,Federal Contract Tower,8,41,8,0,57,0,13,39,0,52,8,54,47,0,109,44,0,44,153
03/12/2005,FCA,MT,ANM,WE,Federal Contract Tower,10,30,7,0,47,0,7,41,0,48,10,37,48,0,95,34,0,34,129
03/13/2005,FCA,MT,ANM,WE,Federal Contract Tower,8,28,5,0,41,0,7,38,0,45,8,35,43,0,86,46,0,46,132
03/14/2005,FCA,MT,ANM,WE,Federal Contract Tower,7,30,7,0,44,0,11,30,1,42,7,41,37,1,86,40,0,40,126
03/15/2005,FCA,MT,ANM,WE,Federal Contract Tower,8,29,6,0,43,0,0,30,0,30,8,29,36,0,73,16,0,16,89
03/16/2005,FCA,MT,ANM,WE,Federal Contract Tower,7,32,8,0,47,0,0,21,0,21,7,32,29,0,68,24,0,24,92
03/17/2005,FCA,MT,ANM,WE,Federal Contract Tower,9,37,10,0,56,0,7,22,0,29,9,44,32,0,85,28,0,28,113
03/18/2005,FCA,MT,ANM,WE,Federal Contract Tower,7,33,9,0,49,0,3,3,0,6,7,36,12,0,55,0,0,0,55
03/19/2005,FCA,MT,ANM,WE,Federal Contract Tower,7,26,15,0,48,1,5,15,0,21,8,31,30,0,69,44,0,44,113
03/20/2005,FCA,MT,ANM,WE,Federal Contract Tower,8,28,17,0,53,0,4,36,0,40,8,32,53,0,93,54,0,54,147
03/21/2005,FCA,MT,ANM,WE,Federal Contract Tower,8,28,7,0,43,0,2,20,0,22,8,30,27,0,65,56,0,56,121
03/22/2005,FCA,MT,ANM,WE,Federal Contract Tower,10,25,16,0,51,0,1,30,0,31,10,26,46,0,82,22,0,22,104
03/23/2005,FCA,MT,ANM,WE,Federal Contract Tower,6,29,11,0,46,0,1,10,0,11,6,30,21,0,57,10,0,10,67
03/24/2005,FCA,MT,ANM,WE,Federal Contract Tower,8,35,24,0,67,0,0,0,0,0,8,35,24,0,67,44,2,46,113
03/25/2005,FCA,MT,ANM,WE,Federal Contract Tower,7,39,8,0,54,0,9,38,0,47,7,48,46,0,101,48,0,48,149
03/26/2005,FCA,MT,ANM,WE,Federal Contract Tower,7,28,5,0,40,0,8,28,0,36,7,36,33,0,76,46,0,46,122
03/27/2005,FCA,MT,ANM,WE,Federal Contract Tower,8,24,4,0,36,0,10,4,0,14,8,34,8,0,50,28,0,28,78
03/28/2005,FCA,MT,ANM,WE,Federal Contract Tower,8,36,14,0,58,0,5,30,0,35,8,41,44,0,93,28,0,28,121
03/29/2005,FCA,MT,ANM,WE,Federal Contract Tower,7,37,2,0,46,0,1,2,0,3,7,38,4,0,49,16,0,16,65
03/30/2005,FCA,MT,ANM,WE,Federal Contract Tower,6,36,10,2,54,0,1,10,0,11,6,37,20,2,65,2,6,8,73
03/31/2005,FCA,MT,ANM,WE,Federal Contract Tower,8,37,6,0,51,0,12,53,0,65,8,49,59,0,116,86,0,86,202
04/01/2005,FCA,MT,ANM,WE,Federal Contract Tower,8,31,11,0,50,0,5,11,0,16,8,36,22,0,66,0,0,0,66
04/02/2005,FCA,MT,ANM,WE,Federal Contract Tower,6,25,7,0,38,0,2,24,0,26,6,27,31,0,64,18,0,18,82
04/03/2005,FCA,MT,ANM,WE,Federal Contract Tower,8,27,8,0,43,0,5,31,0,36,8,32,39,0,79,480,0,480,559
04/04/2005,FCA,MT,ANM,WE,Federal Contract Tower,8,32,11,0,51,0,4,10,0,14,8,36,21,0,65,44,0,44,109
04/05/2005,FCA,MT,ANM,WE,Federal Contract Tower,8,32,11,0,51,0,4,10,0,14,8,36,21,0,65,90,0,90,155
04/06/2005,FCA,MT,ANM,WE,Federal Contract Tower,8,39,7,0,54,0,0,81,0,81,8,39,88,0,135,70,0,70,205
04/07/2005,FCA,MT,ANM,WE,Federal Contract Tower,8,34,13,0,55,0,9,58,1,68,8,43,71,1,123,78,2,80,203
04/08/2005,FCA,MT,ANM,WE,Federal Contract Tower,10,33,13,0,56,0,7,32,1,40,10,40,45,1,96,56,0,56,152
04/09/2005,FCA,MT,ANM,WE,Federal Contract Tower,8,26,5,0,39,0,9,38,0,47,8,35,43,0,86,52,0,52,138
04/10/2005,FCA,MT,ANM,WE,Federal Contract Tower,8,29,8,0,45,0,10,48,0,58,8,39,56,0,103,72,0,72,175
04/11/2005,FCA,MT,ANM,WE,Federal Contract Tower,8,36,5,0,49,0,5,20,0,25,8,41,25,0,74,36,0,36,110
04/12/2005,FCA,MT,ANM,WE,Federal Contract Tower,9,38,5,0,52,1,0,15,0,16,10,38,20,0,68,42,0,42,110
04/13/2005,FCA,MT,ANM,WE,Federal Contract Tower,9,38,16,0,63,0,5,15,0,20,9,43,31,0,83,22,0,22,105
04/14/2005,FCA,MT,ANM,WE,Federal Contract Tower,8,36,8,0,52,0,7,25,0,32,8,43,33,0,84,42,0,42,126
04/15/2005,FCA,MT,ANM,WE,Federal Contract Tower,9,29,9,0,47,0,5,51,0,56,9,34,60,0,103,78,0,78,181
04/16/2005,FCA,MT,ANM,WE,Federal Contract Tower,8,25,1,0,34,0,4,26,0,30,8,29,27,0,64,68,0,68,132
04/17/2005,FCA,MT,ANM,WE,Federal Contract Tower,8,28,7,0,43,0,0,0,0,0,8,28,7,0,43,78,0,78,121
04/18/2005,FCA,MT,ANM,WE,Federal Contract Tower,10,30,13,0,53,0,5,30,0,35,10,35,43,0,88,68,0,68,156
04/19/2005,FCA,MT,ANM,WE,Federal Contract Tower,8,33,15,0,56,0,0,32,0,32,8,33,47,0,88,56,0,56,144
04/20/2005,FCA,MT,ANM,WE,Federal Contract Tower,6,27,12,0,45,0,6,6,0,12,6,33,18,0,57,4,0,4,61
04/21/2005,FCA,MT,ANM,WE,Federal Contract Tower,8,34,10,0,52,0,8,44,0,52,8,42,54,0,104,48,0,48,152
04/22/2005,FCA,MT,ANM,WE,Federal Contract Tower,8,37,17,2,64,0,12,79,2,93,8,49,96,4,157,78,2,80,237
04/23/2005,FCA,MT,ANM,WE,Federal Contract Tower,8,32,12,4,56,0,6,80,2,88,8,38,92,6,144,86,24,110,254
04/24/2005,FCA,MT,ANM,WE,Federal Contract Tower,8,26,10,0,44,1,6,70,0,77,9,32,80,0,121,68,0,68,189
04/25/2005,FCA,MT,ANM,WE,Federal Contract Tower,8,30,1,0,39,0,6,3,0,9,8,36,4,0,48,88,0,88,136
04/26/2005,FCA,MT,ANM,WE,Federal Contract Tower,8,36,11,0,55,0,0,30,0,30,8,36,41,0,85,56,0,56,141
04/27/2005,FCA,MT,ANM,WE,Federal Contract Tower,8,36,14,0,58,0,0,57,0,57,8,36,71,0,115,90,0,90,205
04/28/2005,FCA,MT,ANM,WE,Federal Contract Tower,8,35,9,2,54,0,9,68,2,79,8,44,77,4,133,78,10,88,221
04/29/2005,FCA,MT,ANM,WE,Federal Contract Tower,7,30,15,0,52,0,10,78,0,88,7,40,93,0,140,110,0,110,250
04/30/2005,FCA,MT,ANM,WE,Federal Contract Tower,8,26,0,0,34,0,8,67,0,75,8,34,67,0,109,82,0,82,191
05/01/2005,FCA,MT,ANM,WE,Federal Contract Tower,8,26,9,0,43,0,6,65,0,71,8,32,74,0,114,66,0,66,180
05/02/2005,FCA,MT,ANM,WE,Federal Contract Tower,8,28,17,0,53,0,2,35,0,37,8,30,52,0,90,78,0,78,168
05/03/2005,FCA,MT,ANM,WE,Federal Contract Tower,8,40,4,2,54,0,2,38,0,40,8,42,42,2,94,58,14,72,166
05/04/2005,FCA,MT,ANM,WE,Federal Contract Tower,8,33,12,0,53,0,0,22,0,22,8,33,34,0,75,36,0,36,111
05/05/2005,FCA,MT,ANM,WE,Federal Contract Tower,8,34,14,0,56,0,8,55,2,65,8,42,69,2,121,42,0,42,163
05/06/2005,FCA,MT,ANM,WE,Federal Contract Tower,8,36,5,0,49,0,8,49,6,63,8,44,54,6,112,64,12,76,188
05/07/2005,FCA,MT,ANM,WE,Federal Contract Tower,7,26,6,0,39,0,3,22,0,25,7,29,28,0,64,18,0,18,82
05/08/2005,FCA,MT,ANM,WE,Federal Contract Tower,8,28,6,0,42,0,6,42,0,48,8,34,48,0,90,66,0,66,156
05/09/2005,FCA,MT,ANM,WE,Federal Contract Tower,8,40,17,0,65,0,4,34,0,38,8,44,51,0,103,52,0,52,155
05/10/2005,FCA,MT,ANM,WE,Federal Contract Tower,8,37,12,0,57,0,5,10,0,15,8,42,22,0,72,44,0,44,116
05/11/2005,FCA,MT,ANM,WE,Federal Contract Tower,7,35,12,0,54,0,7,32,0,39,7,42,44,0,93,40,0,40,133
05/12/2005,FCA,MT,ANM,WE,Federal Contract Tower,5,32,10,0,47,0,7,76,0,83,5,39,86,0,130,70,0,70,200
05/13/2005,FCA,MT,ANM,WE,Federal Contract Tower,8,35,15,2,60,0,8,63,0,71,8,43,78,2,131,88,6,94,225
05/14/2005,FCA,MT,ANM,WE,Federal Contract Tower,8,27,12,0,47,0,10,60,0,70,8,37,72,0,117,102,0,102,219
05/15/2005,FCA,MT,ANM,WE,Federal Contract Tower,8,29,8,0,45,0,7,70,0,77,8,36,78,0,122,98,0,98,220
05/16/2005,FCA,MT,ANM,WE,Federal Contract Tower,8,29,7,0,44,0,8,50,0,58,8,37,57,0,102,102,0,102,204
05/17/2005,FCA,MT,ANM,WE,Federal Contract Tower,8,33,5,0,46,0,2,29,0,31,8,35,34,0,77,42,0,42,119
05/18/2005,FCA,MT,ANM,WE,Federal Contract Tower,7,37,18,0,62,0,0,30,0,30,7,37,48,0,92,38,0,38,130
05/19/2005,FCA,MT,ANM,WE,Federal Contract Tower,5,32,16,0,53,0,8,33,0,41,5,40,49,0,94,38,0,38,132
05/20/2005,FCA,MT,ANM,WE,Federal Contract Tower,8,39,16,0,63,0,5,83,0,88,8,44,99,0,151,70,0,70,221
05/21/2005,FCA,MT,ANM,WE,Federal Contract Tower,6,29,15,0,50,0,7,56,0,63,6,36,71,0,113,66,0,66,179
05/22/2005,FCA,MT,ANM,WE,Federal Contract Tower,8,24,13,0,45,1,7,40,0,48,9,31,53,0,93,48,0,48,141
05/23/2005,FCA,MT,ANM,WE,Federal Contract Tower,8,35,36,0,79,0,7,70,0,77,8,42,106,0,156,88,0,88,244
05/24/2005,FCA,MT,ANM,WE,Federal Contract Tower,8,33,10,0,51,0,10,40,0,50,8,43,50,0,101,44,0,44,145
05/25/2005,FCA,MT,ANM,WE,Federal Contract Tower,10,33,14,1,58,0,9,58,2,69,10,42,72,3,127,32,0,32,159
05/26/2005,FCA,MT,ANM,WE,Federal Contract Tower,9,48,16,0,73,0,14,93,0,107,9,62,109,0,180,114,0,114,294
05/27/2005,FCA,MT,ANM,WE,Federal Contract Tower,6,33,19,3,61,0,19,108,1,128,6,52,127,4,189,108,28,136,325
05/28/2005,FCA,MT,ANM,WE,Federal Contract Tower,8,18,2,0,28,0,11,90,2,103,8,29,92,2,131,116,6,122,253
05/29/2005,FCA,MT,ANM,WE,Federal Contract Tower,6,16,8,0,30,0,12,70,0,82,6,28,78,0,112,84,0,84,196
05/30/2005,FCA,MT,ANM,WE,Federal Contract Tower,8,27,15,0,50,0,12,98,0,110,8,39,113,0,160,132,0,132,292
05/31/2005,FCA,MT,ANM,WE,Federal Contract Tower,8,29,16,0,53,0,0,30,0,30,8,29,46,0,83,50,0,50,133
06/01/2005,FCA,MT,ANM,WE,Federal Contract Tower,8,40,18,0,66,0,0,0,0,0,8,40,18,0,66,0,0,0,66
06/02/2005,FCA,MT,ANM,WE,Federal Contract Tower,6,36,15,0,57,0,5,0,0,5,6,41,15,0,62,0,0,0,62
06/03/2005,FCA,MT,ANM,WE,Federal Contract Tower,9,46,19,0,74,0,3,6,0,9,9,49,25,0,83,12,0,12,95
06/04/2005,FCA,MT,ANM,WE,Federal Contract Tower,9,28,13,0,50,0,7,51,0,58,9,35,64,0,108,62,0,62,170
06/05/2005,FCA,MT,ANM,WE,Federal Contract Tower,8,29,11,0,48,0,7,50,0,57,8,36,61,0,105,94,0,94,199
06/06/2005,FCA,MT,ANM,WE,Federal Contract Tower,8,30,14,0,52,1,5,51,0,57,9,35,65,0,109,76,0,76,185
06/07/2005,FCA,MT,ANM,WE,Federal Contract Tower,8,35,23,0,66,0,6,20,1,27,8,41,43,1,93,20,0,20,113
06/08/2005,FCA,MT,ANM,WE,Federal Contract Tower,8,33,8,0,49,0,0,15,0,15,8,33,23,0,64,0,0,0,64
06/09/2005,FCA,MT,ANM,WE,Federal Contract Tower,7,36,18,0,61,0,7,22,0,29,7,43,40,0,90,36,0,36,126
06/10/2005,FCA,MT,ANM,WE,Federal Contract Tower,7,41,13,0,61,0,7,40,0,47,7,48,53,0,108,38,0,38,146
06/11/2005,FCA,MT,ANM,WE,Federal Contract Tower,9,38,8,0,55,0,10,4,0,14,9,48,12,0,69,38,0,38,107
06/12/2005,FCA,MT,ANM,WE,Federal Contract Tower,10,28,15,0,53,0,3,25,0,28,10,31,40,0,81,48,0,48,129
06/13/2005,FCA,MT,ANM,WE,Federal Contract Tower,6,35,19,0,60,2,10,69,10,91,8,45,88,10,151,124,26,150,301
06/14/2005,FCA,MT,ANM,WE,Federal Contract Tower,10,34,17,0,61,0,8,50,0,58,10,42,67,0,119,66,0,66,185
06/15/2005,FCA,MT,ANM,WE,Federal Contract Tower,8,33,13,0,54,0,6,44,0,50,8,39,57,0,104,36,0,36,140
06/16/2005,FCA,MT,ANM,WE,Federal Contract Tower,8,37,16,0,61,0,11,77,0,88,8,48,93,0,149,96,0,96,245
06/17/2005,FCA,MT,ANM,WE,Federal Contract Tower,9,41,10,0,60,0,11,25,2,38,9,52,35,2,98,34,4,38,136
06/18/2005,FCA,MT,ANM,WE,Federal Contract Tower,9,25,6,0,40,0,8,40,0,48,9,33,46,0,88,68,0,68,156
06/19/2005,FCA,MT,ANM,WE,Federal Contract Tower,11,27,11,0,49,1,10,60,0,71,12,37,71,0,120,72,0,72,192
06/20/2005,FCA,MT,ANM,WE,Federal Contract Tower,13,24,18,0,55,0,10,70,0,80,13,34,88,0,135,62,0,62,197
06/21/2005,FCA,MT,ANM,WE,Federal Contract Tower,13,32,16,0,61,0,5,62,0,67,13,37,78,0,128,72,0,72,200
06/22/2005,FCA,MT,ANM,WE,Federal Contract Tower,12,38,14,2,66,0,9,62,1,72,12,47,76,3,138,80,6,86,224
06/23/2005,FCA,MT,ANM,WE,Federal Contract Tower,13,37,34,0,84,0,14,67,2,83,13,51,101,2,167,94,4,98,265
06/24/2005,FCA,MT,ANM,WE,Federal Contract Tower,14,37,21,2,74,0,10,74,2,86,14,47,95,4,160,102,10,112,272
06/25/2005,FCA,MT,ANM,WE,Federal Contract Tower,13,39,20,0,72,0,20,70,0,90,13,59,90,0,162,88,0,88,250
06/26/2005,FCA,MT,ANM,WE,Federal Contract Tower,14,28,15,0,57,0,7,75,0,82,14,35,90,0,139,90,0,90,229
06/27/2005,FCA,MT,ANM,WE,Federal Contract Tower,12,35,15,0,62,0,10,42,4,56,12,45,57,4,118,88,0,88,206
06/28/2005,FCA,MT,ANM,WE,Federal Contract Tower,12,30,19,1,62,0,4,30,0,34,12,34,49,1,96,12,0,12,108
06/29/2005,FCA,MT,ANM,WE,Federal Contract Tower,13,36,16,3,68,0,4,41,0,45,13,40,57,3,113,16,16,32,145
06/30/2005,FCA,MT,ANM,WE,Federal Contract Tower,13,52,30,2,97,0,13,97,0,110,13,65,127,2,207,98,0,98,305
07/01/2005,FCA,MT,ANM,WE,Federal Contract Tower,13,40,36,0,89,0,12,140,0,152,13,52,176,0,241,140,0,140,381
07/02/2005,FCA,MT,ANM,WE,Federal Contract Tower,12,30,18,2,62,0,6,80,0,86,12,36,98,2,148,102,0,102,250
07/03/2005,FCA,MT,ANM,WE,Federal Contract Tower,13,23,16,0,52,0,15,80,0,95,13,38,96,0,147,74,0,74,221
07/04/2005,FCA,MT,ANM,WE,Federal Contract Tower,11,18,7,0,36,0,5,40,0,45,11,23,47,0,81,36,0,36,117
07/05/2005,FCA,MT,ANM,WE,Federal Contract Tower,13,43,25,0,81,1,10,95,2,108,14,53,120,2,189,66,0,66,255
07/06/2005,FCA,MT,ANM,WE,Federal Contract Tower,13,44,22,0,79,0,17,99,1,117,13,61,121,1,196,82,0,82,278
07/07/2005,FCA,MT,ANM,WE,Federal Contract Tower,13,38,24,4,79,0,11,78,2,91,13,49,102,6,170,84,22,106,276
07/08/2005,FCA,MT,ANM,WE,Federal Contract Tower,13,40,22,2,77,0,10,91,1,102,13,50,113,3,179,108,0,108,287
07/09/2005,FCA,MT,ANM,WE,Federal Contract Tower,13,25,24,1,63,0,5,20,0,25,13,30,44,1,88,26,0,26,114
07/10/2005,FCA,MT,ANM,WE,Federal Contract Tower,13,30,24,2,69,0,11,71,0,82,13,41,95,2,151,84,0,84,235
07/11/2005,FCA,MT,ANM,WE,Federal Contract Tower,13,42,29,1,85,0,5,77,0,82,13,47,106,1,167,110,0,110,277
07/12/2005,FCA,MT,ANM,WE,Federal Contract Tower,13,32,19,0,64,0,2,70,2,74,13,34,89,2,138,46,0,46,184
07/13/2005,FCA,MT,ANM,WE,Federal Contract Tower,12,30,23,0,65,0,4,71,0,75,12,34,94,0,140,22,0,22,162
07/14/2005,FCA,MT,ANM,WE,Federal Contract Tower,13,31,27,2,73,0,17,126,4,147,13,48,153,6,220,100,0,100,320
07/15/2005,FCA,MT,ANM,WE,Federal Contract Tower,13,43,23,0,79,0,14,81,0,95,13,57,104,0,174,114,2,116,290
07/16/2005,FCA,MT,ANM,WE,Federal Contract Tower,13,30,7,0,50,1,7,50,0,58,14,37,57,0,108,44,0,44,152
07/17/2005,FCA,MT,ANM,WE,Federal Contract Tower,12,41,16,4,73,0,10,80,0,90,12,51,96,4,163,96,24,120,283
07/18/2005,FCA,MT,ANM,WE,Federal Contract Tower,13,30,23,2,68,0,15,75,1,91,13,45,98,3,159,98,0,98,257
07/19/2005,FCA,MT,ANM,WE,Federal Contract Tower,13,36,9,0,58,0,5,70,0,75,13,41,79,0,133,68,0,68,201
07/20/2005,FCA,MT,ANM,WE,Federal Contract Tower,11,36,15,0,62,0,15,80,0,95,11,51,95,0,157,58,0,58,215
07/21/2005,FCA,MT,ANM,WE,Federal Contract Tower,13,36,22,0,71,0,12,116,0,128,13,48,138,0,199,108,0,108,307
07/22/2005,FCA,MT,ANM,WE,Federal Contract Tower,12,40,25,0,77,0,12,86,0,98,12,52,111,0,175,78,0,78,253
07/23/2005,FCA,MT,ANM,WE,Federal Contract Tower,13,27,7,0,47,1,12,88,0,101,14,39,95,0,148,86,0,86,234
07/24/2005,FCA,MT,ANM,WE,Federal Contract Tower,13,31,30,0,74,1,4,90,4,99,14,35,120,4,173,84,12,96,269
07/25/2005,FCA,MT,ANM,WE,Federal Contract Tower,13,33,34,4,84,0,0,0,0,0,13,33,34,4,84,100,0,100,184
07/26/2005,FCA,MT,ANM,WE,Federal Contract Tower,12,39,17,2,70,0,80,100,1,181,12,119,117,3,251,60,6,66,317
07/27/2005,FCA,MT,ANM,WE,Federal Contract Tower,12,40,34,4,90,0,1,54,20,75,12,41,88,24,165,42,20,62,227
07/28/2005,FCA,MT,ANM,WE,Federal Contract Tower,13,44,19,2,78,0,14,57,8,79,13,58,76,10,157,10,74,84,241
07/29/2005,FCA,MT,ANM,WE,Federal Contract Tower,13,35,17,11,76,0,17,114,41,172,13,52,131,52,248,94,128,222,470
07/30/2005,FCA,MT,ANM,WE,Federal Contract Tower,13,34,13,0,60,0,10,120,30,160,13,44,133,30,220,108,134,242,462
07/31/2005,FCA,MT,ANM,WE,Federal Contract Tower,14,30,34,8,86,0,20,150,50,220,14,50,184,58,306,150,146,296,602
08/01/2005,FCA,MT,ANM,WE,Federal Contract Tower,13,22,6,6,47,0,23,27,114,164,13,45,33,120,211,28,13,41,252
08/02/2005,FCA,MT,ANM,WE,Federal Contract Tower,13,38,18,6,75,0,5,82,8,95,13,43,100,14,170,42,6,48,218
08/03/2005,FCA,MT,ANM,WE,Federal Contract Tower,12,49,34,0,95,0,4,107,3,114,12,53,141,3,209,60,0,60,269
08/04/2005,FCA,MT,ANM,WE,Federal Contract Tower,13,36,28,0,77,0,14,93,12,119,13,50,121,12,196,84,4,88,284
08/05/2005,FCA,MT,ANM,WE,Federal Contract Tower,12,36,35,0,83,1,16,126,6,149,13,52,161,6,232,72,0,72,304
08/06/2005,FCA,MT,ANM,WE,Federal Contract Tower,13,43,30,0,86,0,0,76,3,79,13,43,106,3,165,100,0,100,265
08/07/2005,FCA,MT,ANM,WE,Federal Contract Tower,13,46,30,0,89,0,70,120,4,194,13,116,150,4,283,144,12,156,439
08/08/2005,FCA,MT,ANM,WE,Federal Contract Tower,13,33,37,0,83,0,40,110,4,154,13,73,147,4,237,130,0,130,367
08/09/2005,FCA,MT,ANM,WE,Federal Contract Tower,15,36,22,0,73,0,19,75,0,94,15,55,97,0,167,64,0,64,231
08/10/2005,FCA,MT,ANM,WE,Federal Contract Tower,13,38,31,0,82,0,8,64,0,72,13,46,95,0,154,24,0,24,178
08/11/2005,FCA,MT,ANM,WE,Federal Contract Tower,15,40,29,0,84,0,5,96,0,101,15,45,125,0,185,30,0,30,215
08/12/2005,FCA,MT,ANM,WE,Federal Contract Tower,13,41,31,1,86,0,9,67,0,76,13,50,98,1,162,68,0,68,230
08/13/2005,FCA,MT,ANM,WE,Federal Contract Tower,13,29,18,0,60,0,9,100,0,109,13,38,118,0,169,68,0,68,237
08/14/2005,FCA,MT,ANM,WE,Federal Contract Tower,15,52,34,0,101,0,16,99,0,115,15,68,133,0,216,94,0,94,310
08/15/2005,FCA,MT,ANM,WE,Federal Contract Tower,13,45,23,0,81,0,7,82,0,89,13,52,105,0,170,48,0,48,218
08/16/2005,FCA,MT,ANM,WE,Federal Contract Tower,13,35,25,0,73,0,6,82,0,88,13,41,107,0,161,72,8,80,241
08/17/2005,FCA,MT,ANM,WE,Federal Contract Tower,12,48,21,0,81,0,4,47,0,51,12,52,68,0,132,32,0,32,164
08/18/2005,FCA,MT,ANM,WE,Federal Contract Tower,13,38,22,1,74,0,7,68,0,75,13,45,90,1,149,56,0,56,205
08/19/2005,FCA,MT,ANM,WE,Federal Contract Tower,13,45,29,0,87,0,6,102,0,108,13,51,131,0,195,98,0,98,293
08/20/2005,FCA,MT,ANM,WE,Federal Contract Tower,13,35,13,0,61,0,7,100,0,107,13,42,113,0,168,120,0,120,288
08/21/2005,FCA,MT,ANM,WE,Federal Contract Tower,14,32,22,2,70,0,5,80,0,85,14,37,102,2,155,60,0,60,215
08/22/2005,FCA,MT,ANM,WE,Federal Contract Tower,13,30,16,0,59,0,8,98,0,106,13,38,114,0,165,88,0,88,253
08/23/2005,FCA,MT,ANM,WE,Federal Contract Tower,12,37,17,0,66,0,6,52,0,58,12,43,69,0,124,40,0,40,164
08/24/2005,FCA,MT,ANM,WE,Federal Contract Tower,14,48,23,0,85,0,4,44,0,48,14,52,67,0,133,34,0,34,167
08/25/2005,FCA,MT,ANM,WE,Federal Contract Tower,14,43,38,0,95,0,15,93,0,108,14,58,131,0,203,60,0,60,263
08/26/2005,FCA,MT,ANM,WE,Federal Contract Tower,13,41,21,0,75,0,12,109,0,121,13,53,130,0,196,104,0,104,300
08/27/2005,FCA,MT,ANM,WE,Federal Contract Tower,13,42,12,0,67,0,11,130,0,141,13,53,142,0,208,102,0,102,310
08/28/2005,FCA,MT,ANM,WE,Federal Contract Tower,13,36,23,0,72,0,10,106,0,116,13,46,129,0,188,124,0,124,312
08/29/2005,FCA,MT,ANM,WE,Federal Contract Tower,13,33,14,0,60,0,54,80,0,134,13,87,94,0,194,110,0,110,304
08/30/2005,FCA,MT,ANM,WE,Federal Contract Tower,12,34,14,0,60,0,5,70,0,75,12,39,84,0,135,50,0,50,185
08/31/2005,FCA,MT,ANM,WE,Federal Contract Tower,0,5,48,4,57,13,31,13,0,57,13,36,61,4,114,66,4,70,184
09/01/2005,FCA,MT,ANM,WE,Federal Contract Tower,11,40,24,0,75,0,10,70,0,80,11,50,94,0,155,52,0,52,207
09/02/2005,FCA,MT,ANM,WE,Federal Contract Tower,13,34,23,0,70,0,15,78,0,93,13,49,101,0,163,58,0,58,221
09/03/2005,FCA,MT,ANM,WE,Federal Contract Tower,11,21,11,0,43,0,24,74,0,98,11,45,85,0,141,20,0,20,161
09/04/2005,FCA,MT,ANM,WE,Federal Contract Tower,10,22,11,0,43,0,4,61,0,65,10,26,72,0,108,34,0,34,142
09/05/2005,FCA,MT,ANM,WE,Federal Contract Tower,12,20,28,0,60,0,0,82,0,82,12,20,110,0,142,56,0,56,198
09/06/2005,FCA,MT,ANM,WE,Federal Contract Tower,12,40,16,1,69,1,8,80,4,93,13,48,96,5,162,86,0,86,248
09/07/2005,FCA,MT,ANM,WE,Federal Contract Tower,11,38,12,1,62,0,8,68,0,76,11,46,80,1,138,60,12,72,210
09/08/2005,FCA,MT,ANM,WE,Federal Contract Tower,9,31,21,0,61,0,10,72,0,82,9,41,93,0,143,40,0,40,183
09/09/2005,FCA,MT,ANM,WE,Federal Contract Tower,9,43,25,3,80,0,6,49,1,56,9,49,74,4,136,18,14,32,168
09/10/2005,FCA,MT,ANM,WE,Federal Contract Tower,9,27,14,0,50,0,4,12,0,16,9,31,26,0,66,12,0,12,78
09/11/2005,FCA,MT,ANM,WE,Federal Contract Tower,8,28,22,0,58,0,2,4,0,6,8,30,26,0,64,8,0,8,72
09/12/2005,FCA,MT,ANM,WE,Federal Contract Tower,6,36,19,0,61,0,7,0,0,7,6,43,19,0,68,2,0,2,70
09/13/2005,FCA,MT,ANM,WE,Federal Contract Tower,8,38,14,0,60,0,3,20,0,23,8,41,34,0,83,10,0,10,93
09/14/2005,FCA,MT,ANM,WE,Federal Contract Tower,8,35,14,0,57,0,0,50,0,50,8,35,64,0,107,42,0,42,149
09/15/2005,FCA,MT,ANM,WE,Federal Contract Tower,8,36,19,0,63,0,22,66,0,88,8,58,85,0,151,68,0,68,219
09/16/2005,FCA,MT,ANM,WE,Federal Contract Tower,8,33,16,0,57,0,24,41,0,65,8,57,57,0,122,32,2,34,156
09/17/2005,FCA,MT,ANM,WE,Federal Contract Tower,8,28,13,0,49,0,2,57,0,59,8,30,70,0,108,84,0,84,192
09/18/2005,FCA,MT,ANM,WE,Federal Contract Tower,8,24,15,0,47,0,0,30,0,30,8,24,45,0,77,14,0,14,91
09/19/2005,FCA,MT,ANM,WE,Federal Contract Tower,8,35,9,4,56,0,13,59,2,74,8,48,68,6,130,86,0,86,216
09/20/2005,FCA,MT,ANM,WE,Federal Contract Tower,0,0,0,0,0,0,0,0,0,0,0,0,0,0,0,0,0,0,0
09/21/2005,FCA,MT,ANM,WE,Federal Contract Tower,0,0,0,0,0,0,0,0,0,0,0,0,0,0,0,0,0,0,0
09/22/2005,FCA,MT,ANM,WE,Federal Contract Tower,0,0,0,0,0,0,0,0,0,0,0,0,0,0,0,0,0,0,0
09/23/2005,FCA,MT,ANM,WE,Federal Contract Tower,0,0,0,0,0,0,0,0,0,0,0,0,0,0,0,0,0,0,0
09/24/2005,FCA,MT,ANM,WE,Federal Contract Tower,7,28,4,0,39,0,6,22,0,28,7,34,26,0,67,36,0,36,103
09/25/2005,FCA,MT,ANM,WE,Federal Contract Tower,0,0,0,0,0,0,0,0,0,0,0,0,0,0,0,0,0,0,0
09/26/2005,FCA,MT,ANM,WE,Federal Contract Tower,8,32,11,0,51,0,6,91,0,97,8,38,102,0,148,80,0,80,228
09/27/2005,FCA,MT,ANM,WE,Federal Contract Tower,0,0,0,0,0,0,0,0,0,0,0,0,0,0,0,0,0,0,0
09/28/2005,FCA,MT,ANM,WE,Federal Contract Tower,0,0,0,0,0,0,0,0,0,0,0,0,0,0,0,0,0,0,0
09/29/2005,FCA,MT,ANM,WE,Federal Contract Tower,0,0,0,0,0,0,0,0,0,0,0,0,0,0,0,0,0,0,0
09/30/2005,FCA,MT,ANM,WE,Federal Contract Tower,0,0,0,0,0,0,0,0,0,0,0,0,0,0,0,0,0,0,0
