05/01/2012,FDK,MD,AEA,EN,Federal Contract Tower,0,5,6,0,11,0,0,110,3,113,0,5,116,3,124,244,0,244,368
05/02/2012,FDK,MD,AEA,EN,Federal Contract Tower,0,1,21,0,22,0,1,95,0,96,0,2,116,0,118,252,0,252,370
05/03/2012,FDK,MD,AEA,EN,Federal Contract Tower,0,4,22,0,26,0,0,155,0,155,0,4,177,0,181,184,0,184,365
05/04/2012,FDK,MD,AEA,EN,Federal Contract Tower,0,0,9,0,9,0,1,116,3,120,0,1,125,3,129,260,12,272,401
05/05/2012,FDK,MD,AEA,EN,Federal Contract Tower,0,2,18,1,21,0,2,185,2,189,0,4,203,3,210,263,0,263,473
05/06/2012,FDK,MD,AEA,EN,Federal Contract Tower,0,0,27,0,27,0,0,116,3,119,0,0,143,3,146,244,0,244,390
05/07/2012,FDK,MD,AEA,EN,Federal Contract Tower,0,0,18,0,18,0,0,103,2,105,0,0,121,2,123,258,0,258,381
05/08/2012,FDK,MD,AEA,EN,Federal Contract Tower,0,0,20,0,20,0,0,8,8,16,0,0,28,8,36,10,10,20,56
05/09/2012,FDK,MD,AEA,EN,Federal Contract Tower,0,0,8,1,9,0,0,75,1,76,0,0,83,2,85,186,0,186,271
05/10/2012,FDK,MD,AEA,EN,Federal Contract Tower,0,0,0,0,0,0,2,58,2,62,0,2,58,2,62,142,0,142,204
05/11/2012,FDK,MD,AEA,EN,Federal Contract Tower,0,0,12,1,13,0,0,249,2,251,0,0,261,3,264,167,0,167,431
05/12/2012,FDK,MD,AEA,EN,Federal Contract Tower,0,3,17,0,20,0,1,301,1,303,0,4,318,1,323,241,0,241,564
05/13/2012,FDK,MD,AEA,EN,Federal Contract Tower,0,3,18,2,23,0,1,177,3,181,0,4,195,5,204,216,2,218,422
05/14/2012,FDK,MD,AEA,EN,Federal Contract Tower,0,5,17,1,23,0,0,0,1,1,0,5,17,2,24,0,0,0,24
05/15/2012,FDK,MD,AEA,EN,Federal Contract Tower,0,1,22,1,24,0,0,64,8,72,0,1,86,9,96,166,0,166,262
05/16/2012,FDK,MD,AEA,EN,Federal Contract Tower,0,2,16,0,18,0,6,175,2,183,0,8,191,2,201,212,0,212,413
05/17/2012,FDK,MD,AEA,EN,Federal Contract Tower,0,0,20,0,20,0,0,179,0,179,0,0,199,0,199,294,0,294,493
05/18/2012,FDK,MD,AEA,EN,Federal Contract Tower,0,2,12,0,14,0,1,72,44,117,0,3,84,44,131,46,0,46,177
05/19/2012,FDK,MD,AEA,EN,Federal Contract Tower,0,3,29,0,32,0,4,23,47,74,0,7,52,47,106,0,6,6,112
05/20/2012,FDK,MD,AEA,EN,Federal Contract Tower,0,2,22,0,24,0,2,197,2,201,0,4,219,2,225,138,0,138,363
05/21/2012,FDK,MD,AEA,EN,Federal Contract Tower,0,1,19,0,20,0,0,6,0,6,0,1,25,0,26,30,0,30,56
05/22/2012,FDK,MD,AEA,EN,Federal Contract Tower,0,0,8,0,8,0,0,58,2,60,0,0,66,2,68,194,0,194,262
05/23/2012,FDK,MD,AEA,EN,Federal Contract Tower,0,0,17,2,19,0,0,42,7,49,0,0,59,9,68,74,0,74,142
05/24/2012,FDK,MD,AEA,EN,Federal Contract Tower,0,0,0,0,0,0,0,77,4,81,0,0,77,4,81,258,0,258,339
05/25/2012,FDK,MD,AEA,EN,Federal Contract Tower,0,5,31,0,36,0,3,165,0,168,0,8,196,0,204,220,0,220,424
05/26/2012,FDK,MD,AEA,EN,Federal Contract Tower,0,4,24,0,28,0,2,168,0,170,0,6,192,0,198,144,0,144,342
05/27/2012,FDK,MD,AEA,EN,Federal Contract Tower,0,0,13,0,13,0,0,157,3,160,0,0,170,3,173,240,0,240,413
05/28/2012,FDK,MD,AEA,EN,Federal Contract Tower,0,9,16,0,25,0,3,174,0,177,0,12,190,0,202,198,0,198,400
05/29/2012,FDK,MD,AEA,EN,Federal Contract Tower,0,1,10,0,11,0,0,57,0,57,0,1,67,0,68,108,0,108,176
05/30/2012,FDK,MD,AEA,EN,Federal Contract Tower,0,1,15,0,16,0,17,99,0,116,0,18,114,0,132,188,0,188,320
05/31/2012,FDK,MD,AEA,EN,Federal Contract Tower,0,0,19,0,19,0,0,174,0,174,0,0,193,0,193,246,0,246,439
06/01/2012,FDK,MD,AEA,EN,Federal Contract Tower,0,1,19,0,20,0,3,40,0,43,0,4,59,0,63,88,0,88,151
06/02/2012,FDK,MD,AEA,EN,Federal Contract Tower,0,2,12,0,14,0,4,400,2,406,0,6,412,2,420,84,0,84,504
06/03/2012,FDK,MD,AEA,EN,Federal Contract Tower,0,4,17,0,21,0,0,127,8,135,0,4,144,8,156,124,0,124,280
06/04/2012,FDK,MD,AEA,EN,Federal Contract Tower,0,1,11,0,12,0,3,73,8,84,0,4,84,8,96,72,0,72,168
06/05/2012,FDK,MD,AEA,EN,Federal Contract Tower,0,1,15,0,16,0,11,175,1,187,0,12,190,1,203,332,0,332,535
06/06/2012,FDK,MD,AEA,EN,Federal Contract Tower,0,0,19,2,21,0,31,143,0,174,0,31,162,2,195,114,0,114,309
06/07/2012,FDK,MD,AEA,EN,Federal Contract Tower,0,1,13,0,14,0,7,96,14,117,0,8,109,14,131,248,2,250,381
06/08/2012,FDK,MD,AEA,EN,Federal Contract Tower,0,5,22,0,27,0,3,134,5,142,0,8,156,5,169,162,2,164,333
06/09/2012,FDK,MD,AEA,EN,Federal Contract Tower,0,2,16,0,18,0,4,193,2,199,0,6,209,2,217,166,0,166,383
06/10/2012,FDK,MD,AEA,EN,Federal Contract Tower,0,0,25,0,25,0,5,234,0,239,0,5,259,0,264,194,0,194,458
06/11/2012,FDK,MD,AEA,EN,Federal Contract Tower,0,1,14,0,15,0,6,114,0,120,0,7,128,0,135,216,0,216,351
06/12/2012,FDK,MD,AEA,EN,Federal Contract Tower,0,1,19,0,20,0,0,3,0,3,0,1,22,0,23,6,0,6,29
06/13/2012,FDK,MD,AEA,EN,Federal Contract Tower,0,1,11,4,16,0,5,130,13,148,0,6,141,17,164,218,0,218,382
06/14/2012,FDK,MD,AEA,EN,Federal Contract Tower,0,5,22,0,27,0,32,126,0,158,0,37,148,0,185,232,0,232,417
06/15/2012,FDK,MD,AEA,EN,Federal Contract Tower,0,3,18,1,22,0,1,169,1,171,0,4,187,2,193,168,0,168,361
06/16/2012,FDK,MD,AEA,EN,Federal Contract Tower,0,2,13,1,16,0,58,167,1,226,0,60,180,2,242,218,0,218,460
06/17/2012,FDK,MD,AEA,EN,Federal Contract Tower,0,2,19,1,22,0,15,161,6,182,0,17,180,7,204,160,0,160,364
06/18/2012,FDK,MD,AEA,EN,Federal Contract Tower,0,0,23,0,23,0,0,36,0,36,0,0,59,0,59,58,0,58,117
06/19/2012,FDK,MD,AEA,EN,Federal Contract Tower,0,2,31,0,33,0,10,64,5,79,0,12,95,5,112,164,0,164,276
06/20/2012,FDK,MD,AEA,EN,Federal Contract Tower,0,3,20,0,23,0,15,108,2,125,0,18,128,2,148,162,0,162,310
06/21/2012,FDK,MD,AEA,EN,Federal Contract Tower,0,0,19,0,19,0,30,110,0,140,0,30,129,0,159,218,0,218,377
06/22/2012,FDK,MD,AEA,EN,Federal Contract Tower,0,3,7,0,10,0,31,95,0,126,0,34,102,0,136,94,0,94,230
06/23/2012,FDK,MD,AEA,EN,Federal Contract Tower,0,1,17,0,18,0,18,174,10,202,0,19,191,10,220,144,0,144,364
06/24/2012,FDK,MD,AEA,EN,Federal Contract Tower,0,0,12,0,12,0,4,152,2,158,0,4,164,2,170,190,0,190,360
06/25/2012,FDK,MD,AEA,EN,Federal Contract Tower,0,2,9,0,11,0,0,82,0,82,0,2,91,0,93,94,0,94,187
06/26/2012,FDK,MD,AEA,EN,Federal Contract Tower,0,2,14,0,16,0,1,105,18,124,0,3,119,18,140,188,2,190,330
06/27/2012,FDK,MD,AEA,EN,Federal Contract Tower,0,0,10,1,11,0,2,141,0,143,0,2,151,1,154,240,0,240,394
06/28/2012,FDK,MD,AEA,EN,Federal Contract Tower,0,0,30,3,33,0,14,118,4,136,0,14,148,7,169,204,2,206,375
06/29/2012,FDK,MD,AEA,EN,Federal Contract Tower,0,2,10,0,12,0,12,100,1,113,0,14,110,1,125,178,0,178,303
06/30/2012,FDK,MD,AEA,EN,Federal Contract Tower,0,0,20,0,20,0,1,127,17,145,0,1,147,17,165,40,0,40,205
07/01/2012,FDK,MD,AEA,EN,Federal Contract Tower,0,0,11,0,11,0,2,81,2,85,0,2,92,2,96,2,0,2,98
07/02/2012,FDK,MD,AEA,EN,Federal Contract Tower,0,2,14,0,16,0,1,105,1,107,0,3,119,1,123,206,0,206,329
07/03/2012,FDK,MD,AEA,EN,Federal Contract Tower,0,0,8,0,8,0,1,89,0,90,0,1,97,0,98,108,0,108,206
07/04/2012,FDK,MD,AEA,EN,Federal Contract Tower,0,0,2,0,2,0,6,89,2,97,0,6,91,2,99,76,0,76,175
07/05/2012,FDK,MD,AEA,EN,Federal Contract Tower,0,0,10,0,10,0,14,94,6,114,0,14,104,6,124,166,0,166,290
07/06/2012,FDK,MD,AEA,EN,Federal Contract Tower,0,1,17,0,18,0,22,112,5,139,0,23,129,5,157,210,0,210,367
07/07/2012,FDK,MD,AEA,EN,Federal Contract Tower,0,0,13,0,13,0,2,122,0,124,0,2,135,0,137,162,0,162,299
07/08/2012,FDK,MD,AEA,EN,Federal Contract Tower,0,1,19,0,20,0,1,127,4,132,0,2,146,4,152,234,0,234,386
07/09/2012,FDK,MD,AEA,EN,Federal Contract Tower,0,2,14,0,16,0,0,78,0,78,0,2,92,0,94,164,0,164,258
07/10/2012,FDK,MD,AEA,EN,Federal Contract Tower,0,2,27,0,29,0,3,137,3,143,0,5,164,3,172,286,0,286,458
07/11/2012,FDK,MD,AEA,EN,Federal Contract Tower,0,0,21,0,21,0,22,110,0,132,0,22,131,0,153,118,0,118,271
07/12/2012,FDK,MD,AEA,EN,Federal Contract Tower,0,1,21,0,22,0,18,122,4,144,0,19,143,4,166,132,0,132,298
07/13/2012,FDK,MD,AEA,EN,Federal Contract Tower,0,4,15,0,19,0,1,110,4,115,0,5,125,4,134,150,0,150,284
07/14/2012,FDK,MD,AEA,EN,Federal Contract Tower,0,2,23,0,25,0,5,94,0,99,0,7,117,0,124,214,4,218,342
07/15/2012,FDK,MD,AEA,EN,Federal Contract Tower,0,3,20,2,25,0,1,91,1,93,0,4,111,3,118,138,2,140,258
07/16/2012,FDK,MD,AEA,EN,Federal Contract Tower,0,3,15,0,18,0,1,128,0,129,0,4,143,0,147,94,0,94,241
07/17/2012,FDK,MD,AEA,EN,Federal Contract Tower,0,0,15,1,16,0,2,132,5,139,0,2,147,6,155,222,12,234,389
07/18/2012,FDK,MD,AEA,EN,Federal Contract Tower,0,0,10,0,10,0,13,78,0,91,0,13,88,0,101,82,0,82,183
07/19/2012,FDK,MD,AEA,EN,Federal Contract Tower,0,2,8,1,11,0,11,94,15,120,0,13,102,16,131,138,18,156,287
07/20/2012,FDK,MD,AEA,EN,Federal Contract Tower,0,0,15,2,17,0,0,2,0,2,0,0,17,2,19,10,0,10,29
07/21/2012,FDK,MD,AEA,EN,Federal Contract Tower,0,1,33,1,35,0,0,0,0,0,0,1,33,1,35,0,0,0,35
07/22/2012,FDK,MD,AEA,EN,Federal Contract Tower,0,1,21,1,23,0,2,76,3,81,0,3,97,4,104,172,10,182,286
07/23/2012,FDK,MD,AEA,EN,Federal Contract Tower,0,1,14,0,15,0,2,93,1,96,0,3,107,1,111,152,2,154,265
07/24/2012,FDK,MD,AEA,EN,Federal Contract Tower,0,0,16,0,16,0,2,81,2,85,0,2,97,2,101,118,0,118,219
07/25/2012,FDK,MD,AEA,EN,Federal Contract Tower,0,0,13,3,16,0,5,150,5,160,0,5,163,8,176,86,2,88,264
07/26/2012,FDK,MD,AEA,EN,Federal Contract Tower,0,7,0,0,7,0,2,77,2,81,0,9,77,2,88,110,0,110,198
07/27/2012,FDK,MD,AEA,EN,Federal Contract Tower,0,3,14,0,17,0,4,122,4,130,0,7,136,4,147,258,0,258,405
07/28/2012,FDK,MD,AEA,EN,Federal Contract Tower,0,4,9,0,13,0,5,120,7,132,0,9,129,7,145,206,10,216,361
07/29/2012,FDK,MD,AEA,EN,Federal Contract Tower,0,0,24,2,26,0,12,210,6,228,0,12,234,8,254,156,2,158,412
07/30/2012,FDK,MD,AEA,EN,Federal Contract Tower,0,0,7,1,8,0,19,95,1,115,0,19,102,2,123,154,0,154,277
07/31/2012,FDK,MD,AEA,EN,Federal Contract Tower,0,0,10,2,12,0,2,71,1,74,0,2,81,3,86,152,0,152,238
08/01/2012,FDK,MD,AEA,EN,Federal Contract Tower,0,0,12,0,12,0,25,74,13,112,0,25,86,13,124,170,0,170,294
08/02/2012,FDK,MD,AEA,EN,Federal Contract Tower,0,4,16,2,22,0,6,91,0,97,0,10,107,2,119,94,0,94,213
08/03/2012,FDK,MD,AEA,EN,Federal Contract Tower,0,0,12,0,12,0,13,149,0,162,0,13,161,0,174,184,0,184,358
08/04/2012,FDK,MD,AEA,EN,Federal Contract Tower,0,2,16,0,18,0,5,114,10,129,0,7,130,10,147,158,0,158,305
08/05/2012,FDK,MD,AEA,EN,Federal Contract Tower,0,6,16,0,22,0,1,79,3,83,0,7,95,3,105,140,0,140,245
08/06/2012,FDK,MD,AEA,EN,Federal Contract Tower,0,1,14,0,15,0,2,106,0,108,0,3,120,0,123,152,0,152,275
08/07/2012,FDK,MD,AEA,EN,Federal Contract Tower,0,2,17,0,19,0,6,144,2,152,0,8,161,2,171,206,0,206,377
08/08/2012,FDK,MD,AEA,EN,Federal Contract Tower,0,1,7,0,8,0,24,74,0,98,0,25,81,0,106,110,0,110,216
08/09/2012,FDK,MD,AEA,EN,Federal Contract Tower,0,0,20,2,22,0,7,52,0,59,0,7,72,2,81,102,0,102,183
08/10/2012,FDK,MD,AEA,EN,Federal Contract Tower,0,3,9,0,12,0,6,52,0,58,0,9,61,0,70,166,0,166,236
08/11/2012,FDK,MD,AEA,EN,Federal Contract Tower,0,0,19,0,19,0,0,160,9,169,0,0,179,9,188,174,0,174,362
08/12/2012,FDK,MD,AEA,EN,Federal Contract Tower,0,2,7,0,9,0,6,189,7,202,0,8,196,7,211,176,0,176,387
08/13/2012,FDK,MD,AEA,EN,Federal Contract Tower,0,2,17,0,19,0,1,103,1,105,0,3,120,1,124,114,0,114,238
08/14/2012,FDK,MD,AEA,EN,Federal Contract Tower,0,1,13,0,14,0,0,63,0,63,0,1,76,0,77,188,0,188,265
08/15/2012,FDK,MD,AEA,EN,Federal Contract Tower,0,1,16,0,17,0,7,92,7,106,0,8,108,7,123,158,2,160,283
08/16/2012,FDK,MD,AEA,EN,Federal Contract Tower,0,1,19,0,20,0,11,112,1,124,0,12,131,1,144,78,16,94,238
08/17/2012,FDK,MD,AEA,EN,Federal Contract Tower,0,1,9,1,11,0,2,66,0,68,0,3,75,1,79,68,0,68,147
08/18/2012,FDK,MD,AEA,EN,Federal Contract Tower,0,0,10,0,10,0,8,188,3,199,0,8,198,3,209,128,0,128,337
08/19/2012,FDK,MD,AEA,EN,Federal Contract Tower,0,2,17,1,20,0,1,100,0,101,0,3,117,1,121,134,0,134,255
08/20/2012,FDK,MD,AEA,EN,Federal Contract Tower,0,2,14,0,16,0,0,40,1,41,0,2,54,1,57,96,0,96,153
08/21/2012,FDK,MD,AEA,EN,Federal Contract Tower,0,0,13,0,13,0,2,102,6,110,0,2,115,6,123,160,0,160,283
08/22/2012,FDK,MD,AEA,EN,Federal Contract Tower,0,3,11,0,14,0,4,127,0,131,0,7,138,0,145,184,0,184,329
08/23/2012,FDK,MD,AEA,EN,Federal Contract Tower,0,2,12,1,15,0,1,130,2,133,0,3,142,3,148,200,0,200,348
08/24/2012,FDK,MD,AEA,EN,Federal Contract Tower,0,0,25,0,25,0,2,118,4,124,0,2,143,4,149,228,0,228,377
08/25/2012,FDK,MD,AEA,EN,Federal Contract Tower,0,2,11,0,13,0,5,120,1,126,0,7,131,1,139,150,0,150,289
08/26/2012,FDK,MD,AEA,EN,Federal Contract Tower,0,1,16,0,17,0,1,20,22,43,0,2,36,22,60,46,0,46,106
08/27/2012,FDK,MD,AEA,EN,Federal Contract Tower,0,3,15,0,18,0,1,74,0,75,0,4,89,0,93,154,0,154,247
08/28/2012,FDK,MD,AEA,EN,Federal Contract Tower,0,0,11,0,11,0,0,110,2,112,0,0,121,2,123,166,0,166,289
08/29/2012,FDK,MD,AEA,EN,Federal Contract Tower,0,2,16,0,18,0,20,125,0,145,0,22,141,0,163,150,0,150,313
08/30/2012,FDK,MD,AEA,EN,Federal Contract Tower,0,1,20,0,21,0,9,152,0,161,0,10,172,0,182,194,0,194,376
08/31/2012,FDK,MD,AEA,EN,Federal Contract Tower,0,1,8,0,9,0,5,152,0,157,0,6,160,0,166,226,0,226,392
09/01/2012,FDK,MD,AEA,EN,Federal Contract Tower,0,2,11,0,13,0,4,137,1,142,0,6,148,1,155,132,0,132,287
09/02/2012,FDK,MD,AEA,EN,Federal Contract Tower,0,1,4,0,5,0,1,61,0,62,0,2,65,0,67,120,0,120,187
09/03/2012,FDK,MD,AEA,EN,Federal Contract Tower,0,4,18,0,22,0,1,42,0,43,0,5,60,0,65,96,0,96,161
09/04/2012,FDK,MD,AEA,EN,Federal Contract Tower,0,3,25,1,29,0,3,52,0,55,0,6,77,1,84,124,0,124,208
09/05/2012,FDK,MD,AEA,EN,Federal Contract Tower,0,3,19,0,22,0,1,78,5,84,0,4,97,5,106,172,2,174,280
09/06/2012,FDK,MD,AEA,EN,Federal Contract Tower,0,2,33,4,39,0,1,68,7,76,0,3,101,11,115,204,0,204,319
09/07/2012,FDK,MD,AEA,EN,Federal Contract Tower,0,5,20,0,25,0,2,145,1,148,0,7,165,1,173,286,0,286,459
09/08/2012,FDK,MD,AEA,EN,Federal Contract Tower,0,5,8,0,13,0,2,59,0,61,0,7,67,0,74,114,0,114,188
09/09/2012,FDK,MD,AEA,EN,Federal Contract Tower,0,4,22,0,26,0,6,201,1,208,0,10,223,1,234,212,0,212,446
09/10/2012,FDK,MD,AEA,EN,Federal Contract Tower,0,4,3,0,7,0,10,138,8,156,0,14,141,8,163,224,0,224,387
09/11/2012,FDK,MD,AEA,EN,Federal Contract Tower,0,2,5,0,7,0,6,111,1,118,0,8,116,1,125,282,0,282,407
09/12/2012,FDK,MD,AEA,EN,Federal Contract Tower,0,2,9,1,12,0,4,120,3,127,0,6,129,4,139,118,0,118,257
09/13/2012,FDK,MD,AEA,EN,Federal Contract Tower,0,2,12,0,14,0,2,153,1,156,0,4,165,1,170,254,0,254,424
09/14/2012,FDK,MD,AEA,EN,Federal Contract Tower,0,1,14,1,16,0,5,142,1,148,0,6,156,2,164,215,0,215,379
09/15/2012,FDK,MD,AEA,EN,Federal Contract Tower,0,2,20,0,22,0,8,141,4,153,0,10,161,4,175,178,12,190,365
09/16/2012,FDK,MD,AEA,EN,Federal Contract Tower,0,4,16,0,20,0,2,211,2,215,0,6,227,2,235,208,0,208,443
09/17/2012,FDK,MD,AEA,EN,Federal Contract Tower,0,2,15,0,17,0,2,85,0,87,0,4,100,0,104,174,0,174,278
09/18/2012,FDK,MD,AEA,EN,Federal Contract Tower,0,2,5,0,7,0,0,0,0,0,0,2,5,0,7,0,0,0,7
09/19/2012,FDK,MD,AEA,EN,Federal Contract Tower,0,3,14,0,17,0,14,109,0,123,0,17,123,0,140,150,4,154,294
09/20/2012,FDK,MD,AEA,EN,Federal Contract Tower,0,2,14,2,18,0,20,162,0,182,0,22,176,2,200,264,2,266,466
09/21/2012,FDK,MD,AEA,EN,Federal Contract Tower,0,1,36,0,37,0,2,174,4,180,0,3,210,4,217,194,0,194,411
09/22/2012,FDK,MD,AEA,EN,Federal Contract Tower,0,1,12,0,13,0,3,132,8,143,0,4,144,8,156,132,2,134,290
09/23/2012,FDK,MD,AEA,EN,Federal Contract Tower,0,4,22,0,26,0,6,200,1,207,0,10,222,1,233,286,0,286,519
09/24/2012,FDK,MD,AEA,EN,Federal Contract Tower,0,0,11,2,13,0,3,131,0,134,0,3,142,2,147,246,0,246,393
09/25/2012,FDK,MD,AEA,EN,Federal Contract Tower,0,0,12,0,12,0,14,128,0,142,0,14,140,0,154,206,0,206,360
09/26/2012,FDK,MD,AEA,EN,Federal Contract Tower,0,1,12,0,13,0,11,113,0,124,0,12,125,0,137,236,0,236,373
09/27/2012,FDK,MD,AEA,EN,Federal Contract Tower,0,2,18,1,21,0,7,132,2,141,0,9,150,3,162,224,2,226,388
09/28/2012,FDK,MD,AEA,EN,Federal Contract Tower,0,0,16,0,16,0,1,104,0,105,0,1,120,0,121,232,0,232,353
09/29/2012,FDK,MD,AEA,EN,Federal Contract Tower,0,0,13,0,13,0,0,236,0,236,0,0,249,0,249,240,0,240,489
09/30/2012,FDK,MD,AEA,EN,Federal Contract Tower,0,4,18,0,22,0,1,138,6,145,0,5,156,6,167,214,10,224,391
10/01/2012,FDK,MD,AEA,EN,Federal Contract Tower,0,3,6,0,9,0,5,121,0,126,0,8,127,0,135,212,0,212,347
10/02/2012,FDK,MD,AEA,EN,Federal Contract Tower,0,0,18,0,18,0,0,0,0,0,0,0,18,0,18,0,0,0,18
10/03/2012,FDK,MD,AEA,EN,Federal Contract Tower,0,0,14,0,14,0,8,80,2,90,0,8,94,2,104,154,4,158,262
10/04/2012,FDK,MD,AEA,EN,Federal Contract Tower,0,2,17,0,19,0,2,116,2,120,0,4,133,2,139,224,0,224,363
10/05/2012,FDK,MD,AEA,EN,Federal Contract Tower,0,1,29,0,30,0,30,162,2,194,0,31,191,2,224,322,0,322,546
10/06/2012,FDK,MD,AEA,EN,Federal Contract Tower,0,0,10,0,10,0,3,124,5,132,0,3,134,5,142,140,0,140,282
10/07/2012,FDK,MD,AEA,EN,Federal Contract Tower,0,3,9,0,12,0,1,47,0,48,0,4,56,0,60,136,0,136,196
10/08/2012,FDK,MD,AEA,EN,Federal Contract Tower,0,0,33,0,33,0,14,122,2,138,0,14,155,2,171,262,12,274,445
10/09/2012,FDK,MD,AEA,EN,Federal Contract Tower,0,0,20,1,21,0,20,73,1,94,0,20,93,2,115,164,0,164,279
10/10/2012,FDK,MD,AEA,EN,Federal Contract Tower,0,2,24,0,26,0,8,108,4,120,0,10,132,4,146,174,0,174,320
10/11/2012,FDK,MD,AEA,EN,Federal Contract Tower,0,0,16,0,16,0,11,161,1,173,0,11,177,1,189,374,0,374,563
10/12/2012,FDK,MD,AEA,EN,Federal Contract Tower,0,1,12,0,13,0,12,94,0,106,0,13,106,0,119,184,0,184,303
10/13/2012,FDK,MD,AEA,EN,Federal Contract Tower,0,1,6,0,7,0,1,155,2,158,0,2,161,2,165,132,0,132,297
10/14/2012,FDK,MD,AEA,EN,Federal Contract Tower,0,0,13,0,13,0,4,131,6,141,0,4,144,6,154,88,0,88,242
10/15/2012,FDK,MD,AEA,EN,Federal Contract Tower,0,1,11,0,12,0,3,37,1,41,0,4,48,1,53,142,0,142,195
10/16/2012,FDK,MD,AEA,EN,Federal Contract Tower,0,0,10,0,10,0,8,113,6,127,0,8,123,6,137,172,0,172,309
10/17/2012,FDK,MD,AEA,EN,Federal Contract Tower,0,0,8,0,8,0,11,149,3,163,0,11,157,3,171,172,0,172,343
10/18/2012,FDK,MD,AEA,EN,Federal Contract Tower,0,3,1,0,4,0,2,87,0,89,0,5,88,0,93,220,0,220,313
10/19/2012,FDK,MD,AEA,EN,Federal Contract Tower,0,6,19,4,29,0,3,26,2,31,0,9,45,6,60,104,0,104,164
10/20/2012,FDK,MD,AEA,EN,Federal Contract Tower,0,0,18,0,18,0,4,154,4,162,0,4,172,4,180,218,4,222,402
10/21/2012,FDK,MD,AEA,EN,Federal Contract Tower,0,3,19,0,22,0,2,182,0,184,0,5,201,0,206,118,0,118,324
10/22/2012,FDK,MD,AEA,EN,Federal Contract Tower,0,0,13,0,13,0,1,120,0,121,0,1,133,0,134,142,0,142,276
10/23/2012,FDK,MD,AEA,EN,Federal Contract Tower,0,1,14,0,15,0,25,80,0,105,0,26,94,0,120,224,0,224,344
10/24/2012,FDK,MD,AEA,EN,Federal Contract Tower,0,0,14,0,14,0,3,110,0,113,0,3,124,0,127,316,0,316,443
10/25/2012,FDK,MD,AEA,EN,Federal Contract Tower,0,3,39,1,43,0,2,30,0,32,0,5,69,1,75,132,0,132,207
10/26/2012,FDK,MD,AEA,EN,Federal Contract Tower,0,4,25,0,29,0,0,77,0,77,0,4,102,0,106,190,0,190,296
10/27/2012,FDK,MD,AEA,EN,Federal Contract Tower,0,0,13,0,13,0,4,144,3,151,0,4,157,3,164,246,2,248,412
10/28/2012,FDK,MD,AEA,EN,Federal Contract Tower,0,2,7,0,9,0,0,21,0,21,0,2,28,0,30,30,0,30,60
10/29/2012,FDK,MD,AEA,EN,Federal Contract Tower,0,0,2,0,2,0,0,0,0,0,0,0,2,0,2,6,0,6,8
10/30/2012,FDK,MD,AEA,EN,Federal Contract Tower,0,2,4,0,6,0,0,0,0,0,0,2,4,0,6,0,0,0,6
10/31/2012,FDK,MD,AEA,EN,Federal Contract Tower,0,1,10,0,11,0,5,55,0,60,0,6,65,0,71,144,0,144,215
11/01/2012,FDK,MD,AEA,EN,Federal Contract Tower,0,1,11,0,12,0,9,67,0,76,0,10,78,0,88,164,0,164,252
11/02/2012,FDK,MD,AEA,EN,Federal Contract Tower,0,1,14,0,15,0,3,95,2,100,0,4,109,2,115,108,0,108,223
11/03/2012,FDK,MD,AEA,EN,Federal Contract Tower,0,5,7,2,14,0,0,86,0,86,0,5,93,2,100,62,0,62,162
11/04/2012,FDK,MD,AEA,EN,Federal Contract Tower,0,4,3,0,7,0,1,189,3,193,0,5,192,3,200,238,10,248,448
11/05/2012,FDK,MD,AEA,EN,Federal Contract Tower,0,0,9,0,9,0,5,100,6,111,0,5,109,6,120,146,0,146,266
11/06/2012,FDK,MD,AEA,EN,Federal Contract Tower,0,3,8,0,11,0,3,168,8,179,0,6,176,8,190,200,0,200,390
11/07/2012,FDK,MD,AEA,EN,Federal Contract Tower,0,1,4,0,5,0,0,49,4,53,0,1,53,4,58,174,0,174,232
11/08/2012,FDK,MD,AEA,EN,Federal Contract Tower,0,1,3,0,4,0,8,86,1,95,0,9,89,1,99,104,4,108,207
11/09/2012,FDK,MD,AEA,EN,Federal Contract Tower,0,2,10,0,12,0,27,164,4,195,0,29,174,4,207,346,2,348,555
11/10/2012,FDK,MD,AEA,EN,Federal Contract Tower,0,0,14,0,14,0,7,182,2,191,0,7,196,2,205,278,0,278,483
11/11/2012,FDK,MD,AEA,EN,Federal Contract Tower,0,0,20,2,22,0,8,277,0,285,0,8,297,2,307,280,0,280,587
11/12/2012,FDK,MD,AEA,EN,Federal Contract Tower,0,2,23,0,25,0,31,113,2,146,0,33,136,2,171,264,0,264,435
11/13/2012,FDK,MD,AEA,EN,Federal Contract Tower,0,0,9,0,9,0,0,71,3,74,0,0,80,3,83,148,0,148,231
11/14/2012,FDK,MD,AEA,EN,Federal Contract Tower,0,0,13,1,14,0,7,108,9,124,0,7,121,10,138,228,0,228,366
11/15/2012,FDK,MD,AEA,EN,Federal Contract Tower,0,0,13,1,14,0,13,81,5,99,0,13,94,6,113,160,0,160,273
11/16/2012,FDK,MD,AEA,EN,Federal Contract Tower,0,2,9,0,11,0,3,137,0,140,0,5,146,0,151,214,0,214,365
11/17/2012,FDK,MD,AEA,EN,Federal Contract Tower,0,1,19,0,20,0,5,252,0,257,0,6,271,0,277,250,0,250,527
11/18/2012,FDK,MD,AEA,EN,Federal Contract Tower,0,0,14,0,14,0,3,174,0,177,0,3,188,0,191,182,0,182,373
11/19/2012,FDK,MD,AEA,EN,Federal Contract Tower,0,1,21,0,22,0,25,157,0,182,0,26,178,0,204,234,0,234,438
11/20/2012,FDK,MD,AEA,EN,Federal Contract Tower,0,3,40,0,43,0,1,109,0,110,0,4,149,0,153,216,0,216,369
11/21/2012,FDK,MD,AEA,EN,Federal Contract Tower,0,0,9,0,9,0,5,125,2,132,0,5,134,2,141,208,0,208,349
11/22/2012,FDK,MD,AEA,EN,Federal Contract Tower,0,2,5,0,7,0,5,48,1,54,0,7,53,1,61,28,0,28,89
11/23/2012,FDK,MD,AEA,EN,Federal Contract Tower,0,2,22,0,24,0,4,168,1,173,0,6,190,1,197,134,0,134,331
11/24/2012,FDK,MD,AEA,EN,Federal Contract Tower,0,6,1,0,7,0,1,24,3,28,0,7,25,3,35,22,4,26,61
11/25/2012,FDK,MD,AEA,EN,Federal Contract Tower,0,0,12,1,13,0,1,132,2,135,0,1,144,3,148,92,0,92,240
11/26/2012,FDK,MD,AEA,EN,Federal Contract Tower,0,4,8,0,12,0,8,96,2,106,0,12,104,2,118,142,0,142,260
11/27/2012,FDK,MD,AEA,EN,Federal Contract Tower,0,0,8,0,8,0,0,3,0,3,0,0,11,0,11,10,0,10,21
11/28/2012,FDK,MD,AEA,EN,Federal Contract Tower,0,1,9,0,10,0,0,135,2,137,0,1,144,2,147,186,2,188,335
11/29/2012,FDK,MD,AEA,EN,Federal Contract Tower,0,0,18,0,18,0,19,105,2,126,0,19,123,2,144,134,0,134,278
11/30/2012,FDK,MD,AEA,EN,Federal Contract Tower,0,1,19,0,20,0,3,163,0,166,0,4,182,0,186,250,2,252,438
12/01/2012,FDK,MD,AEA,EN,Federal Contract Tower,0,2,18,0,20,0,1,39,2,42,0,3,57,2,62,66,2,68,130
12/02/2012,FDK,MD,AEA,EN,Federal Contract Tower,0,0,12,0,12,0,0,42,5,47,0,0,54,5,59,84,2,86,145
12/03/2012,FDK,MD,AEA,EN,Federal Contract Tower,0,1,10,0,11,0,0,0,0,0,0,1,10,0,11,296,0,296,307
12/04/2012,FDK,MD,AEA,EN,Federal Contract Tower,0,0,6,0,6,0,21,154,4,179,0,21,160,4,185,114,0,114,299
12/05/2012,FDK,MD,AEA,EN,Federal Contract Tower,0,1,12,0,13,0,0,64,2,66,0,1,76,2,79,110,0,110,189
12/06/2012,FDK,MD,AEA,EN,Federal Contract Tower,0,0,9,0,9,0,2,167,2,171,0,2,176,2,180,216,0,216,396
12/07/2012,FDK,MD,AEA,EN,Federal Contract Tower,0,3,6,4,13,0,0,32,0,32,0,3,38,4,45,68,0,68,113
12/08/2012,FDK,MD,AEA,EN,Federal Contract Tower,0,0,15,0,15,0,1,159,1,161,0,1,174,1,176,234,0,234,410
12/09/2012,FDK,MD,AEA,EN,Federal Contract Tower,0,0,20,1,21,0,0,0,0,0,0,0,20,1,21,0,0,0,21
12/10/2012,FDK,MD,AEA,EN,Federal Contract Tower,0,0,1,0,1,0,0,3,0,3,0,0,4,0,4,6,0,6,10
12/11/2012,FDK,MD,AEA,EN,Federal Contract Tower,0,2,11,0,13,0,7,79,4,90,0,9,90,4,103,130,0,130,233
12/12/2012,FDK,MD,AEA,EN,Federal Contract Tower,0,11,3,0,14,0,6,153,1,160,0,17,156,1,174,232,0,232,406
12/13/2012,FDK,MD,AEA,EN,Federal Contract Tower,0,0,8,0,8,0,5,144,4,153,0,5,152,4,161,176,0,176,337
12/14/2012,FDK,MD,AEA,EN,Federal Contract Tower,0,6,9,2,17,0,31,125,1,157,0,37,134,3,174,142,0,142,316
12/15/2012,FDK,MD,AEA,EN,Federal Contract Tower,0,2,17,2,21,0,1,284,2,287,0,3,301,4,308,198,0,198,506
12/16/2012,FDK,MD,AEA,EN,Federal Contract Tower,0,0,15,0,15,0,4,34,1,39,0,4,49,1,54,140,0,140,194
12/17/2012,FDK,MD,AEA,EN,Federal Contract Tower,0,1,21,0,22,0,0,0,0,0,0,1,21,0,22,0,0,0,22
12/18/2012,FDK,MD,AEA,EN,Federal Contract Tower,0,2,5,0,7,0,0,56,0,56,0,2,61,0,63,68,0,68,131
12/19/2012,FDK,MD,AEA,EN,Federal Contract Tower,0,1,9,0,10,0,9,89,0,98,0,10,98,0,108,180,0,180,288
12/20/2012,FDK,MD,AEA,EN,Federal Contract Tower,0,2,8,0,10,0,5,65,0,70,0,7,73,0,80,192,0,192,272
12/21/2012,FDK,MD,AEA,EN,Federal Contract Tower,0,0,7,0,7,0,1,23,0,24,0,1,30,0,31,82,0,82,113
12/22/2012,FDK,MD,AEA,EN,Federal Contract Tower,0,0,5,0,5,0,0,3,0,3,0,0,8,0,8,0,0,0,8
12/23/2012,FDK,MD,AEA,EN,Federal Contract Tower,0,0,16,0,16,0,0,200,4,204,0,0,216,4,220,208,0,208,428
12/24/2012,FDK,MD,AEA,EN,Federal Contract Tower,0,0,3,0,3,0,2,59,1,62,0,2,62,1,65,92,0,92,157
12/25/2012,FDK,MD,AEA,EN,Federal Contract Tower,0,1,3,0,4,0,0,23,2,25,0,1,26,2,29,22,0,22,51
12/26/2012,FDK,MD,AEA,EN,Federal Contract Tower,0,0,0,0,0,0,0,0,0,0,0,0,0,0,0,0,0,0,0
12/27/2012,FDK,MD,AEA,EN,Federal Contract Tower,0,2,4,0,6,0,6,16,2,24,0,8,20,2,30,14,0,14,44
12/28/2012,FDK,MD,AEA,EN,Federal Contract Tower,0,2,12,0,14,0,4,169,4,177,0,6,181,4,191,176,0,176,367
12/29/2012,FDK,MD,AEA,EN,Federal Contract Tower,0,0,0,0,0,0,3,4,0,7,0,3,4,0,7,4,0,4,11
12/30/2012,FDK,MD,AEA,EN,Federal Contract Tower,0,0,1,0,1,0,2,27,0,29,0,2,28,0,30,18,0,18,48
12/31/2012,FDK,MD,AEA,EN,Federal Contract Tower,0,0,6,0,6,0,1,137,2,140,0,1,143,2,146,144,0,144,290
01/01/2013,FDK,MD,AEA,EN,Federal Contract Tower,0,0,10,0,10,0,0,84,0,84,0,0,94,0,94,66,0,66,160
01/02/2013,FDK,MD,AEA,EN,Federal Contract Tower,0,0,10,0,10,0,2,92,0,94,0,2,102,0,104,146,0,146,250
01/03/2013,FDK,MD,AEA,EN,Federal Contract Tower,0,3,9,0,12,0,9,89,2,100,0,12,98,2,112,160,0,160,272
01/04/2013,FDK,MD,AEA,EN,Federal Contract Tower,0,1,6,0,7,0,2,67,0,69,0,3,73,0,76,50,0,50,126
01/05/2013,FDK,MD,AEA,EN,Federal Contract Tower,0,2,5,0,7,0,2,163,6,171,0,4,168,6,178,246,2,248,426
01/06/2013,FDK,MD,AEA,EN,Federal Contract Tower,0,1,5,0,6,0,5,138,5,148,0,6,143,5,154,114,0,114,268
01/07/2013,FDK,MD,AEA,EN,Federal Contract Tower,0,2,5,0,7,0,0,65,0,65,0,2,70,0,72,128,0,128,200
01/08/2013,FDK,MD,AEA,EN,Federal Contract Tower,0,2,4,0,6,0,27,106,0,133,0,29,110,0,139,108,0,108,247
01/09/2013,FDK,MD,AEA,EN,Federal Contract Tower,0,1,4,0,5,0,3,91,4,98,0,4,95,4,103,194,0,194,297
01/10/2013,FDK,MD,AEA,EN,Federal Contract Tower,0,7,4,2,13,0,11,92,2,105,0,18,96,4,118,178,0,178,296
01/11/2013,FDK,MD,AEA,EN,Federal Contract Tower,0,4,14,0,18,0,4,32,3,39,0,8,46,3,57,58,0,58,115
01/12/2013,FDK,MD,AEA,EN,Federal Contract Tower,0,4,24,0,28,0,8,126,2,136,0,12,150,2,164,166,0,166,330
01/13/2013,FDK,MD,AEA,EN,Federal Contract Tower,0,1,3,0,4,0,0,0,0,0,0,1,3,0,4,0,0,0,4
01/14/2013,FDK,MD,AEA,EN,Federal Contract Tower,0,1,6,0,7,0,3,43,0,46,0,4,49,0,53,52,0,52,105
01/15/2013,FDK,MD,AEA,EN,Federal Contract Tower,0,3,8,0,11,0,3,34,0,37,0,6,42,0,48,174,0,174,222
01/16/2013,FDK,MD,AEA,EN,Federal Contract Tower,0,3,12,0,15,0,0,3,0,3,0,3,15,0,18,10,0,10,28
01/17/2013,FDK,MD,AEA,EN,Federal Contract Tower,0,1,5,0,6,0,25,71,3,99,0,26,76,3,105,152,0,152,257
01/18/2013,FDK,MD,AEA,EN,Federal Contract Tower,0,10,12,0,22,0,3,104,3,110,0,13,116,3,132,150,2,152,284
01/19/2013,FDK,MD,AEA,EN,Federal Contract Tower,0,3,14,0,17,0,3,151,2,156,0,6,165,2,173,212,0,212,385
01/20/2013,FDK,MD,AEA,EN,Federal Contract Tower,0,1,4,0,5,0,8,88,0,96,0,9,92,0,101,142,0,142,243
01/21/2013,FDK,MD,AEA,EN,Federal Contract Tower,0,3,11,0,14,0,4,101,3,108,0,7,112,3,122,134,10,144,266
01/22/2013,FDK,MD,AEA,EN,Federal Contract Tower,0,1,9,0,10,0,0,39,0,39,0,1,48,0,49,66,0,66,115
01/23/2013,FDK,MD,AEA,EN,Federal Contract Tower,0,1,10,0,11,0,2,107,3,112,0,3,117,3,123,116,0,116,239
01/24/2013,FDK,MD,AEA,EN,Federal Contract Tower,0,2,11,0,13,0,10,33,0,43,0,12,44,0,56,44,0,44,100
01/25/2013,FDK,MD,AEA,EN,Federal Contract Tower,0,0,8,0,8,0,0,24,0,24,0,0,32,0,32,28,0,28,60
01/26/2013,FDK,MD,AEA,EN,Federal Contract Tower,0,3,15,0,18,0,2,99,5,106,0,5,114,5,124,156,0,156,280
01/27/2013,FDK,MD,AEA,EN,Federal Contract Tower,0,1,13,0,14,0,4,201,2,207,0,5,214,2,221,126,0,126,347
01/28/2013,FDK,MD,AEA,EN,Federal Contract Tower,0,1,3,0,4,0,0,0,0,0,0,1,3,0,4,0,0,0,4
01/29/2013,FDK,MD,AEA,EN,Federal Contract Tower,0,2,7,0,9,0,1,118,1,120,0,3,125,1,129,190,0,190,319
01/30/2013,FDK,MD,AEA,EN,Federal Contract Tower,0,2,5,0,7,0,1,10,2,13,0,3,15,2,20,62,0,62,82
01/31/2013,FDK,MD,AEA,EN,Federal Contract Tower,0,1,6,0,7,0,13,17,2,32,0,14,23,2,39,24,10,34,73
02/01/2013,FDK,MD,AEA,EN,Federal Contract Tower,0,2,7,0,9,0,1,20,0,21,0,3,27,0,30,0,0,0,30
02/02/2013,FDK,MD,AEA,EN,Federal Contract Tower,0,4,7,0,11,0,8,113,3,124,0,12,120,3,135,142,0,142,277
02/03/2013,FDK,MD,AEA,EN,Federal Contract Tower,0,3,5,0,8,0,10,24,4,38,0,13,29,4,46,46,0,46,92
02/04/2013,FDK,MD,AEA,EN,Federal Contract Tower,0,4,11,0,15,0,10,73,0,83,0,14,84,0,98,92,0,92,190
02/05/2013,FDK,MD,AEA,EN,Federal Contract Tower,0,3,7,1,11,0,1,75,5,81,0,4,82,6,92,150,0,150,242
02/06/2013,FDK,MD,AEA,EN,Federal Contract Tower,0,0,11,4,15,0,0,100,3,103,0,0,111,7,118,190,0,190,308
02/07/2013,FDK,MD,AEA,EN,Federal Contract Tower,0,3,11,0,14,0,5,45,2,52,0,8,56,2,66,64,0,64,130
02/08/2013,FDK,MD,AEA,EN,Federal Contract Tower,0,2,4,0,6,0,0,1,0,1,0,2,5,0,7,0,0,0,7
02/09/2013,FDK,MD,AEA,EN,Federal Contract Tower,0,1,3,2,6,0,0,19,8,27,0,1,22,10,33,12,0,12,45
02/10/2013,FDK,MD,AEA,EN,Federal Contract Tower,0,3,9,0,12,0,4,198,4,206,0,7,207,4,218,230,0,230,448
02/11/2013,FDK,MD,AEA,EN,Federal Contract Tower,0,6,8,0,14,0,6,9,0,15,0,12,17,0,29,30,0,30,59
02/12/2013,FDK,MD,AEA,EN,Federal Contract Tower,0,4,12,0,16,0,3,103,6,112,0,7,115,6,128,158,2,160,288
02/13/2013,FDK,MD,AEA,EN,Federal Contract Tower,0,2,6,0,8,0,2,69,0,71,0,4,75,0,79,176,0,176,255
02/14/2013,FDK,MD,AEA,EN,Federal Contract Tower,0,7,12,2,21,0,5,105,9,119,0,12,117,11,140,74,0,74,214
02/15/2013,FDK,MD,AEA,EN,Federal Contract Tower,0,6,10,1,17,0,0,135,3,138,0,6,145,4,155,178,0,178,333
02/16/2013,FDK,MD,AEA,EN,Federal Contract Tower,0,1,13,0,14,0,6,63,2,71,0,7,76,2,85,164,0,164,249
02/17/2013,FDK,MD,AEA,EN,Federal Contract Tower,0,1,3,0,4,0,3,22,1,26,0,4,25,1,30,18,0,18,48
02/18/2013,FDK,MD,AEA,EN,Federal Contract Tower,0,10,15,2,27,0,26,146,3,175,0,36,161,5,202,204,0,204,406
02/19/2013,FDK,MD,AEA,EN,Federal Contract Tower,0,4,7,0,11,0,0,7,0,7,0,4,14,0,18,14,0,14,32
02/20/2013,FDK,MD,AEA,EN,Federal Contract Tower,0,2,7,0,9,0,2,22,2,26,0,4,29,2,35,2,4,6,41
02/21/2013,FDK,MD,AEA,EN,Federal Contract Tower,0,3,17,2,22,0,2,117,6,125,0,5,134,8,147,116,2,118,265
02/22/2013,FDK,MD,AEA,EN,Federal Contract Tower,0,0,6,0,6,0,0,31,0,31,0,0,37,0,37,102,0,102,139
02/23/2013,FDK,MD,AEA,EN,Federal Contract Tower,0,1,0,0,1,0,0,2,0,2,0,1,2,0,3,2,0,2,5
02/24/2013,FDK,MD,AEA,EN,Federal Contract Tower,0,2,18,0,20,0,4,114,4,122,0,6,132,4,142,174,0,174,316
02/25/2013,FDK,MD,AEA,EN,Federal Contract Tower,0,0,11,0,11,0,13,145,6,164,0,13,156,6,175,198,0,198,373
02/26/2013,FDK,MD,AEA,EN,Federal Contract Tower,0,2,7,0,9,0,0,20,0,20,0,2,27,0,29,96,0,96,125
02/27/2013,FDK,MD,AEA,EN,Federal Contract Tower,0,1,11,0,12,0,1,101,0,102,0,2,112,0,114,316,0,316,430
02/28/2013,FDK,MD,AEA,EN,Federal Contract Tower,0,1,8,1,10,0,1,70,4,75,0,2,78,5,85,142,2,144,229
03/01/2013,FDK,MD,AEA,EN,Federal Contract Tower,0,4,8,0,12,0,4,104,5,113,0,8,112,5,125,198,10,208,333
03/02/2013,FDK,MD,AEA,EN,Federal Contract Tower,0,5,4,0,9,0,20,143,8,171,0,25,147,8,180,334,2,336,516
03/03/2013,FDK,MD,AEA,EN,Federal Contract Tower,0,3,9,0,12,0,0,66,0,66,0,3,75,0,78,150,0,150,228
03/04/2013,FDK,MD,AEA,EN,Federal Contract Tower,0,3,10,0,13,0,37,88,0,125,0,40,98,0,138,144,0,144,282
03/05/2013,FDK,MD,AEA,EN,Federal Contract Tower,0,4,9,0,13,0,26,184,0,210,0,30,193,0,223,194,0,194,417
03/06/2013,FDK,MD,AEA,EN,Federal Contract Tower,0,0,3,0,3,0,0,0,0,0,0,0,3,0,3,0,0,0,3
03/07/2013,FDK,MD,AEA,EN,Federal Contract Tower,0,0,3,0,3,0,2,89,0,91,0,2,92,0,94,104,0,104,198
03/08/2013,FDK,MD,AEA,EN,Federal Contract Tower,0,0,4,2,6,0,1,17,0,18,0,1,21,2,24,24,0,24,48
03/09/2013,FDK,MD,AEA,EN,Federal Contract Tower,0,3,7,0,10,0,19,646,0,665,0,22,653,0,675,76,0,76,751
03/10/2013,FDK,MD,AEA,EN,Federal Contract Tower,0,0,11,0,11,0,23,221,5,249,0,23,232,5,260,211,14,225,485
03/11/2013,FDK,MD,AEA,EN,Federal Contract Tower,0,3,5,0,8,0,9,68,1,78,0,12,73,1,86,156,0,156,242
03/12/2013,FDK,MD,AEA,EN,Federal Contract Tower,0,2,6,1,9,0,0,48,1,49,0,2,54,2,58,98,0,98,156
03/13/2013,FDK,MD,AEA,EN,Federal Contract Tower,0,1,10,2,13,0,8,109,1,118,0,9,119,3,131,248,0,248,379
03/14/2013,FDK,MD,AEA,EN,Federal Contract Tower,0,12,13,0,25,0,0,35,2,37,0,12,48,2,62,28,0,28,90
03/15/2013,FDK,MD,AEA,EN,Federal Contract Tower,0,1,7,0,8,0,12,144,4,160,0,13,151,4,168,226,0,226,394
03/16/2013,FDK,MD,AEA,EN,Federal Contract Tower,0,4,5,0,9,0,4,63,3,70,0,8,68,3,79,126,6,132,211
03/17/2013,FDK,MD,AEA,EN,Federal Contract Tower,0,2,11,0,13,0,6,121,5,132,0,8,132,5,145,190,0,190,335
03/18/2013,FDK,MD,AEA,EN,Federal Contract Tower,0,1,5,0,6,0,0,4,0,4,0,1,9,0,10,0,0,0,10
03/19/2013,FDK,MD,AEA,EN,Federal Contract Tower,0,2,8,3,13,0,0,47,4,51,0,2,55,7,64,126,2,128,192
03/20/2013,FDK,MD,AEA,EN,Federal Contract Tower,0,7,11,0,18,0,12,89,7,108,0,19,100,7,126,132,0,132,258
03/21/2013,FDK,MD,AEA,EN,Federal Contract Tower,0,0,14,2,16,0,30,96,13,139,0,30,110,15,155,184,8,192,347
03/22/2013,FDK,MD,AEA,EN,Federal Contract Tower,0,0,13,0,13,0,2,101,4,107,0,2,114,4,120,224,0,224,344
03/23/2013,FDK,MD,AEA,EN,Federal Contract Tower,0,0,10,0,10,0,1,209,3,213,0,1,219,3,223,260,0,260,483
03/24/2013,FDK,MD,AEA,EN,Federal Contract Tower,0,1,10,0,11,0,9,129,5,143,0,10,139,5,154,208,4,212,366
03/25/2013,FDK,MD,AEA,EN,Federal Contract Tower,0,0,2,0,2,0,0,0,0,0,0,0,2,0,2,0,0,0,2
03/26/2013,FDK,MD,AEA,EN,Federal Contract Tower,0,0,15,0,15,0,5,120,0,125,0,5,135,0,140,344,0,344,484
03/27/2013,FDK,MD,AEA,EN,Federal Contract Tower,0,2,8,0,10,0,3,44,7,54,0,5,52,7,64,78,6,84,148
03/28/2013,FDK,MD,AEA,EN,Federal Contract Tower,0,1,2,0,3,0,5,88,6,99,0,6,90,6,102,164,2,166,268
03/29/2013,FDK,MD,AEA,EN,Federal Contract Tower,0,2,9,0,11,0,8,147,6,161,0,10,156,6,172,276,0,276,448
03/30/2013,FDK,MD,AEA,EN,Federal Contract Tower,0,4,16,0,20,0,6,222,0,228,0,10,238,0,248,256,0,256,504
03/31/2013,FDK,MD,AEA,EN,Federal Contract Tower,0,0,11,0,11,0,0,28,0,28,0,0,39,0,39,40,0,40,79
04/01/2013,FDK,MD,AEA,EN,Federal Contract Tower,0,5,7,0,12,0,3,63,0,66,0,8,70,0,78,58,0,58,136
04/02/2013,FDK,MD,AEA,EN,Federal Contract Tower,0,0,7,0,7,0,13,133,0,146,0,13,140,0,153,194,2,196,349
04/03/2013,FDK,MD,AEA,EN,Federal Contract Tower,0,2,12,0,14,0,6,103,2,111,0,8,115,2,125,196,4,200,325
04/04/2013,FDK,MD,AEA,EN,Federal Contract Tower,0,1,8,1,10,0,3,131,2,136,0,4,139,3,146,190,2,192,338
04/05/2013,FDK,MD,AEA,EN,Federal Contract Tower,0,5,9,0,14,0,5,109,6,120,0,10,118,6,134,222,0,222,356
04/06/2013,FDK,MD,AEA,EN,Federal Contract Tower,0,3,2,0,5,0,10,175,5,190,0,13,177,5,195,274,10,284,479
04/07/2013,FDK,MD,AEA,EN,Federal Contract Tower,0,1,14,0,15,0,4,87,0,91,0,5,101,0,106,90,0,90,196
04/08/2013,FDK,MD,AEA,EN,Federal Contract Tower,0,2,3,0,5,0,25,76,1,102,0,27,79,1,107,186,0,186,293
04/09/2013,FDK,MD,AEA,EN,Federal Contract Tower,0,3,10,0,13,0,30,132,2,164,0,33,142,2,177,246,0,246,423
04/10/2013,FDK,MD,AEA,EN,Federal Contract Tower,0,6,20,0,26,0,6,107,2,115,0,12,127,2,141,226,0,226,367
04/11/2013,FDK,MD,AEA,EN,Federal Contract Tower,0,6,16,3,25,0,18,103,2,123,0,24,119,5,148,240,0,240,388
04/12/2013,FDK,MD,AEA,EN,Federal Contract Tower,0,0,9,0,9,0,0,10,0,10,0,0,19,0,19,28,0,28,47
04/13/2013,FDK,MD,AEA,EN,Federal Contract Tower,0,6,18,0,24,0,20,177,0,197,0,26,195,0,221,202,0,202,423
04/14/2013,FDK,MD,AEA,EN,Federal Contract Tower,0,6,17,0,23,0,4,160,13,177,0,10,177,13,200,200,0,200,400
04/15/2013,FDK,MD,AEA,EN,Federal Contract Tower,0,3,9,0,12,0,4,74,0,78,0,7,83,0,90,138,0,138,228
04/16/2013,FDK,MD,AEA,EN,Federal Contract Tower,0,1,7,0,8,0,20,107,2,129,0,21,114,2,137,278,0,278,415
04/17/2013,FDK,MD,AEA,EN,Federal Contract Tower,0,2,11,0,13,0,10,123,3,136,0,12,134,3,149,294,0,294,443
04/18/2013,FDK,MD,AEA,EN,Federal Contract Tower,0,0,31,1,32,0,0,20,10,30,0,0,51,11,62,22,2,24,86
04/19/2013,FDK,MD,AEA,EN,Federal Contract Tower,0,2,6,0,8,0,6,7,0,13,0,8,13,0,21,26,0,26,47
04/20/2013,FDK,MD,AEA,EN,Federal Contract Tower,0,1,8,0,9,0,15,81,2,98,0,16,89,2,107,68,0,68,175
04/21/2013,FDK,MD,AEA,EN,Federal Contract Tower,0,2,13,0,15,0,13,196,3,212,0,15,209,3,227,310,2,312,539
04/22/2013,FDK,MD,AEA,EN,Federal Contract Tower,0,2,5,0,7,0,7,116,1,124,0,9,121,1,131,150,0,150,281
04/23/2013,FDK,MD,AEA,EN,Federal Contract Tower,0,1,15,1,17,0,8,111,5,124,0,9,126,6,141,256,14,270,411
04/24/2013,FDK,MD,AEA,EN,Federal Contract Tower,0,0,11,0,11,0,17,66,0,83,0,17,77,0,94,168,0,168,262
04/25/2013,FDK,MD,AEA,EN,Federal Contract Tower,0,12,13,0,25,0,9,156,0,165,0,21,169,0,190,316,0,316,506
04/26/2013,FDK,MD,AEA,EN,Federal Contract Tower,0,0,16,0,16,0,11,178,2,191,0,11,194,2,207,312,0,312,519
04/27/2013,FDK,MD,AEA,EN,Federal Contract Tower,0,1,11,0,12,0,19,169,14,202,0,20,180,14,214,232,2,234,448
04/28/2013,FDK,MD,AEA,EN,Federal Contract Tower,0,1,15,0,16,0,0,103,0,103,0,1,118,0,119,102,0,102,221
04/29/2013,FDK,MD,AEA,EN,Federal Contract Tower,0,0,13,0,13,0,0,1,0,1,0,0,14,0,14,8,0,8,22
04/30/2013,FDK,MD,AEA,EN,Federal Contract Tower,0,1,23,0,24,0,2,10,0,12,0,3,33,0,36,100,0,100,136
05/01/2013,FDK,MD,AEA,EN,Federal Contract Tower,0,3,13,0,16,0,10,149,12,171,0,13,162,12,187,302,6,308,495
05/02/2013,FDK,MD,AEA,EN,Federal Contract Tower,0,4,16,0,20,0,23,192,0,215,0,27,208,0,235,276,0,276,511
05/03/2013,FDK,MD,AEA,EN,Federal Contract Tower,0,14,9,1,24,0,3,156,7,166,0,17,165,8,190,196,0,196,386
05/04/2013,FDK,MD,AEA,EN,Federal Contract Tower,0,2,14,0,16,0,15,136,0,151,0,17,150,0,167,210,0,210,377
05/05/2013,FDK,MD,AEA,EN,Federal Contract Tower,0,0,19,2,21,0,7,159,1,167,0,7,178,3,188,230,0,230,418
05/06/2013,FDK,MD,AEA,EN,Federal Contract Tower,0,1,20,1,22,0,1,18,0,19,0,2,38,1,41,48,0,48,89
05/07/2013,FDK,MD,AEA,EN,Federal Contract Tower,0,1,12,0,13,0,0,1,0,1,0,1,13,0,14,0,0,0,14
05/08/2013,FDK,MD,AEA,EN,Federal Contract Tower,0,2,16,0,18,0,0,31,2,33,0,2,47,2,51,72,0,72,123
05/09/2013,FDK,MD,AEA,EN,Federal Contract Tower,0,2,31,6,39,0,9,84,0,93,0,11,115,6,132,180,0,180,312
05/10/2013,FDK,MD,AEA,EN,Federal Contract Tower,0,1,20,0,21,0,13,142,5,160,0,14,162,5,181,178,2,180,361
05/11/2013,FDK,MD,AEA,EN,Federal Contract Tower,0,2,9,1,12,0,3,47,0,50,0,5,56,1,62,46,0,46,108
05/12/2013,FDK,MD,AEA,EN,Federal Contract Tower,0,4,6,0,10,0,3,50,0,53,0,7,56,0,63,58,0,58,121
05/13/2013,FDK,MD,AEA,EN,Federal Contract Tower,0,3,6,0,9,0,13,66,5,84,0,16,72,5,93,50,0,50,143
05/14/2013,FDK,MD,AEA,EN,Federal Contract Tower,0,0,8,0,8,0,9,161,0,170,0,9,169,0,178,190,0,190,368
05/15/2013,FDK,MD,AEA,EN,Federal Contract Tower,0,3,8,0,11,0,6,115,0,121,0,9,123,0,132,246,0,246,378
05/16/2013,FDK,MD,AEA,EN,Federal Contract Tower,0,3,18,0,21,0,0,134,8,142,0,3,152,8,163,272,0,272,435
05/17/2013,FDK,MD,AEA,EN,Federal Contract Tower,0,4,20,0,24,0,32,180,2,214,0,36,200,2,238,214,0,214,452
05/18/2013,FDK,MD,AEA,EN,Federal Contract Tower,0,2,28,0,30,0,7,90,0,97,0,9,118,0,127,274,0,274,401
05/19/2013,FDK,MD,AEA,EN,Federal Contract Tower,0,1,16,0,17,0,0,8,0,8,0,1,24,0,25,18,0,18,43
05/20/2013,FDK,MD,AEA,EN,Federal Contract Tower,0,3,16,0,19,0,12,62,1,75,0,15,78,1,94,146,0,146,240
05/21/2013,FDK,MD,AEA,EN,Federal Contract Tower,0,8,11,0,19,0,2,109,2,113,0,10,120,2,132,218,0,218,350
05/22/2013,FDK,MD,AEA,EN,Federal Contract Tower,0,3,24,0,27,0,17,86,2,105,0,20,110,2,132,200,2,202,334
05/23/2013,FDK,MD,AEA,EN,Federal Contract Tower,0,7,14,2,23,0,11,32,0,43,0,18,46,2,66,72,0,72,138
05/24/2013,FDK,MD,AEA,EN,Federal Contract Tower,0,3,15,0,18,0,0,34,2,36,0,3,49,2,54,34,0,34,88
05/25/2013,FDK,MD,AEA,EN,Federal Contract Tower,0,3,13,0,16,0,6,63,1,70,0,9,76,1,86,56,0,56,142
05/26/2013,FDK,MD,AEA,EN,Federal Contract Tower,0,7,10,0,17,0,4,113,1,118,0,11,123,1,135,156,0,156,291
05/27/2013,FDK,MD,AEA,EN,Federal Contract Tower,0,2,7,0,9,0,6,175,0,181,0,8,182,0,190,274,0,274,464
05/28/2013,FDK,MD,AEA,EN,Federal Contract Tower,0,6,9,0,15,0,13,114,0,127,0,19,123,0,142,294,0,294,436
05/29/2013,FDK,MD,AEA,EN,Federal Contract Tower,0,1,10,0,11,0,4,144,5,153,0,5,154,5,164,226,6,232,396
05/30/2013,FDK,MD,AEA,EN,Federal Contract Tower,0,9,11,0,20,0,20,119,3,142,0,29,130,3,162,214,0,214,376
05/31/2013,FDK,MD,AEA,EN,Federal Contract Tower,0,7,11,0,18,0,11,168,7,186,0,18,179,7,204,212,14,226,430
06/01/2013,FDK,MD,AEA,EN,Federal Contract Tower,0,2,10,0,12,0,48,163,1,212,0,50,173,1,224,212,0,212,436
06/02/2013,FDK,MD,AEA,EN,Federal Contract Tower,0,3,9,0,12,0,7,71,5,83,0,10,80,5,95,168,0,168,263
06/03/2013,FDK,MD,AEA,EN,Federal Contract Tower,0,3,8,0,11,0,9,99,0,108,0,12,107,0,119,154,0,154,273
06/04/2013,FDK,MD,AEA,EN,Federal Contract Tower,0,2,9,0,11,0,13,123,2,138,0,15,132,2,149,306,0,306,455
06/05/2013,FDK,MD,AEA,EN,Federal Contract Tower,0,4,10,0,14,0,13,168,0,181,0,17,178,0,195,234,0,234,429
06/06/2013,FDK,MD,AEA,EN,Federal Contract Tower,0,4,13,0,17,0,3,49,3,55,0,7,62,3,72,146,0,146,218
06/07/2013,FDK,MD,AEA,EN,Federal Contract Tower,0,0,3,0,3,0,0,0,0,0,0,0,3,0,3,0,0,0,3
06/08/2013,FDK,MD,AEA,EN,Federal Contract Tower,0,2,9,0,11,0,13,336,4,353,0,15,345,4,364,246,0,246,610
06/09/2013,FDK,MD,AEA,EN,Federal Contract Tower,0,2,16,1,19,0,6,166,1,173,0,8,182,2,192,282,0,282,474
06/10/2013,FDK,MD,AEA,EN,Federal Contract Tower,0,2,8,0,10,0,1,4,0,5,0,3,12,0,15,10,0,10,25
06/11/2013,FDK,MD,AEA,EN,Federal Contract Tower,0,0,14,0,14,0,21,115,6,142,0,21,129,6,156,262,0,262,418
06/12/2013,FDK,MD,AEA,EN,Federal Contract Tower,0,4,12,0,16,0,0,106,6,112,0,4,118,6,128,230,2,232,360
06/13/2013,FDK,MD,AEA,EN,Federal Contract Tower,0,0,12,0,12,0,0,39,0,39,0,0,51,0,51,58,0,58,109
06/14/2013,FDK,MD,AEA,EN,Federal Contract Tower,0,2,18,2,22,0,12,110,4,126,0,14,128,6,148,172,0,172,320
06/15/2013,FDK,MD,AEA,EN,Federal Contract Tower,0,2,20,0,22,0,36,249,0,285,0,38,269,0,307,262,0,262,569
06/16/2013,FDK,MD,AEA,EN,Federal Contract Tower,0,2,18,0,20,0,8,108,0,116,0,10,126,0,136,224,0,224,360
06/17/2013,FDK,MD,AEA,EN,Federal Contract Tower,0,3,12,0,15,0,10,105,2,117,0,13,117,2,132,208,0,208,340
06/18/2013,FDK,MD,AEA,EN,Federal Contract Tower,0,1,8,0,9,0,2,36,0,38,0,3,44,0,47,142,0,142,189
06/19/2013,FDK,MD,AEA,EN,Federal Contract Tower,0,2,19,0,21,0,23,173,4,200,0,25,192,4,221,368,0,368,589
06/20/2013,FDK,MD,AEA,EN,Federal Contract Tower,0,5,23,0,28,0,9,121,6,136,0,14,144,6,164,146,0,146,310
06/21/2013,FDK,MD,AEA,EN,Federal Contract Tower,0,3,14,0,17,0,9,165,0,174,0,12,179,0,191,268,0,268,459
06/22/2013,FDK,MD,AEA,EN,Federal Contract Tower,0,1,19,0,20,0,12,166,3,181,0,13,185,3,201,308,16,324,525
06/23/2013,FDK,MD,AEA,EN,Federal Contract Tower,0,4,33,0,37,0,2,78,2,82,0,6,111,2,119,144,0,144,263
06/24/2013,FDK,MD,AEA,EN,Federal Contract Tower,0,5,15,0,20,0,8,61,0,69,0,13,76,0,89,94,0,94,183
06/25/2013,FDK,MD,AEA,EN,Federal Contract Tower,0,2,16,0,18,0,8,124,0,132,0,10,140,0,150,242,0,242,392
06/26/2013,FDK,MD,AEA,EN,Federal Contract Tower,0,3,10,0,13,0,7,116,4,127,0,10,126,4,140,204,2,206,346
06/27/2013,FDK,MD,AEA,EN,Federal Contract Tower,0,0,11,0,11,0,1,63,0,64,0,1,74,0,75,132,0,132,207
06/28/2013,FDK,MD,AEA,EN,Federal Contract Tower,0,4,13,0,17,0,12,76,0,88,0,16,89,0,105,180,0,180,285
06/29/2013,FDK,MD,AEA,EN,Federal Contract Tower,0,5,14,0,19,0,14,136,5,155,0,19,150,5,174,216,0,216,390
06/30/2013,FDK,MD,AEA,EN,Federal Contract Tower,0,3,8,0,11,0,1,27,5,33,0,4,35,5,44,56,0,56,100
07/01/2013,FDK,MD,AEA,EN,Federal Contract Tower,0,3,8,2,13,0,0,38,0,38,0,3,46,2,51,128,0,128,179
07/02/2013,FDK,MD,AEA,EN,Federal Contract Tower,0,6,7,4,17,0,3,38,0,41,0,9,45,4,58,138,0,138,196
07/03/2013,FDK,MD,AEA,EN,Federal Contract Tower,0,8,20,0,28,0,14,33,0,47,0,22,53,0,75,84,0,84,159
07/04/2013,FDK,MD,AEA,EN,Federal Contract Tower,0,0,20,0,20,0,4,83,2,89,0,4,103,2,109,148,0,148,257
07/05/2013,FDK,MD,AEA,EN,Federal Contract Tower,0,1,13,0,14,0,2,80,16,98,0,3,93,16,112,148,10,158,270
07/06/2013,FDK,MD,AEA,EN,Federal Contract Tower,0,2,9,0,11,0,2,136,2,140,0,4,145,2,151,216,0,216,367
07/07/2013,FDK,MD,AEA,EN,Federal Contract Tower,0,2,26,0,28,0,4,80,0,84,0,6,106,0,112,98,0,98,210
07/08/2013,FDK,MD,AEA,EN,Federal Contract Tower,0,2,21,0,23,0,15,93,4,112,0,17,114,4,135,172,0,172,307
07/09/2013,FDK,MD,AEA,EN,Federal Contract Tower,0,5,6,0,11,0,54,83,6,143,0,59,89,6,154,190,0,190,344
07/10/2013,FDK,MD,AEA,EN,Federal Contract Tower,0,3,17,0,20,0,2,73,7,82,0,5,90,7,102,244,0,244,346
07/11/2013,FDK,MD,AEA,EN,Federal Contract Tower,0,10,15,0,25,0,41,83,8,132,0,51,98,8,157,220,0,220,377
07/12/2013,FDK,MD,AEA,EN,Federal Contract Tower,0,2,20,0,22,0,0,38,0,38,0,2,58,0,60,114,0,114,174
07/13/2013,FDK,MD,AEA,EN,Federal Contract Tower,0,4,23,1,28,0,0,54,0,54,0,4,77,1,82,90,0,90,172
07/14/2013,FDK,MD,AEA,EN,Federal Contract Tower,0,3,27,0,30,0,0,112,2,114,0,3,139,2,144,206,2,208,352
07/15/2013,FDK,MD,AEA,EN,Federal Contract Tower,0,6,20,0,26,0,6,93,2,101,0,12,113,2,127,94,0,94,221
07/16/2013,FDK,MD,AEA,EN,Federal Contract Tower,0,3,10,0,13,0,18,123,0,141,0,21,133,0,154,276,2,278,432
07/17/2013,FDK,MD,AEA,EN,Federal Contract Tower,0,7,9,0,16,0,0,128,5,133,0,7,137,5,149,336,0,336,485
07/18/2013,FDK,MD,AEA,EN,Federal Contract Tower,0,4,10,0,14,0,24,141,3,168,0,28,151,3,182,252,16,268,450
07/19/2013,FDK,MD,AEA,EN,Federal Contract Tower,0,5,7,0,12,0,7,89,6,102,0,12,96,6,114,184,0,184,298
07/20/2013,FDK,MD,AEA,EN,Federal Contract Tower,0,1,10,0,11,0,3,92,8,103,0,4,102,8,114,172,4,176,290
07/21/2013,FDK,MD,AEA,EN,Federal Contract Tower,0,0,11,0,11,0,6,133,0,139,0,6,144,0,150,168,0,168,318
07/22/2013,FDK,MD,AEA,EN,Federal Contract Tower,0,2,13,0,15,0,16,56,2,74,0,18,69,2,89,130,0,130,219
07/23/2013,FDK,MD,AEA,EN,Federal Contract Tower,0,3,16,0,19,0,9,83,8,100,0,12,99,8,119,216,2,218,337
07/24/2013,FDK,MD,AEA,EN,Federal Contract Tower,0,5,10,0,15,0,1,112,2,115,0,6,122,2,130,284,0,284,414
07/25/2013,FDK,MD,AEA,EN,Federal Contract Tower,0,3,22,0,25,0,9,127,5,141,0,12,149,5,166,256,2,258,424
07/26/2013,FDK,MD,AEA,EN,Federal Contract Tower,0,7,19,0,26,0,13,149,18,180,0,20,168,18,206,270,0,270,476
07/27/2013,FDK,MD,AEA,EN,Federal Contract Tower,0,3,9,0,12,0,11,85,4,100,0,14,94,4,112,88,0,88,200
07/28/2013,FDK,MD,AEA,EN,Federal Contract Tower,0,5,18,1,24,0,4,80,1,85,0,9,98,2,109,234,0,234,343
07/29/2013,FDK,MD,AEA,EN,Federal Contract Tower,0,1,20,0,21,0,13,101,0,114,0,14,121,0,135,132,14,146,281
07/30/2013,FDK,MD,AEA,EN,Federal Contract Tower,0,3,9,2,14,0,7,121,5,133,0,10,130,7,147,178,0,178,325
07/31/2013,FDK,MD,AEA,EN,Federal Contract Tower,0,4,13,0,17,0,26,101,3,130,0,30,114,3,147,210,2,212,359
08/01/2013,FDK,MD,AEA,EN,Federal Contract Tower,0,5,9,0,14,0,5,23,0,28,0,10,32,0,42,40,0,40,82
08/02/2013,FDK,MD,AEA,EN,Federal Contract Tower,0,2,12,0,14,0,8,114,10,132,0,10,126,10,146,104,6,110,256
08/03/2013,FDK,MD,AEA,EN,Federal Contract Tower,0,4,19,0,23,0,11,60,2,73,0,15,79,2,96,112,0,112,208
08/04/2013,FDK,MD,AEA,EN,Federal Contract Tower,0,4,14,1,19,0,5,114,7,126,0,9,128,8,145,126,0,126,271
08/05/2013,FDK,MD,AEA,EN,Federal Contract Tower,0,0,10,0,10,0,14,137,4,155,0,14,147,4,165,176,0,176,341
08/06/2013,FDK,MD,AEA,EN,Federal Contract Tower,0,2,23,0,25,0,19,25,0,44,0,21,48,0,69,80,0,80,149
08/07/2013,FDK,MD,AEA,EN,Federal Contract Tower,0,7,18,2,27,0,1,55,3,59,0,8,73,5,86,172,0,172,258
08/08/2013,FDK,MD,AEA,EN,Federal Contract Tower,0,2,14,0,16,0,7,63,2,72,0,9,77,2,88,172,4,176,264
08/09/2013,FDK,MD,AEA,EN,Federal Contract Tower,0,5,12,2,19,0,34,81,0,115,0,39,93,2,134,146,0,146,280
08/10/2013,FDK,MD,AEA,EN,Federal Contract Tower,0,2,21,0,23,0,28,149,10,187,0,30,170,10,210,312,6,318,528
08/11/2013,FDK,MD,AEA,EN,Federal Contract Tower,0,2,13,0,15,0,8,133,2,143,0,10,146,2,158,208,0,208,366
08/12/2013,FDK,MD,AEA,EN,Federal Contract Tower,0,3,15,2,20,0,7,136,2,145,0,10,151,4,165,239,0,239,404
08/13/2013,FDK,MD,AEA,EN,Federal Contract Tower,0,1,22,3,26,0,6,29,7,42,0,7,51,10,68,122,0,122,190
08/14/2013,FDK,MD,AEA,EN,Federal Contract Tower,0,1,11,0,12,0,7,117,6,130,0,8,128,6,142,234,2,236,378
08/15/2013,FDK,MD,AEA,EN,Federal Contract Tower,0,1,9,0,10,0,9,130,7,146,0,10,139,7,156,238,2,240,396
08/16/2013,FDK,MD,AEA,EN,Federal Contract Tower,0,1,9,0,10,0,3,145,0,148,0,4,154,0,158,176,0,176,334
08/17/2013,FDK,MD,AEA,EN,Federal Contract Tower,0,2,9,0,11,0,9,159,5,173,0,11,168,5,184,128,30,158,342
08/18/2013,FDK,MD,AEA,EN,Federal Contract Tower,0,3,9,2,14,0,12,54,3,69,0,15,63,5,83,128,0,128,211
08/19/2013,FDK,MD,AEA,EN,Federal Contract Tower,0,0,25,2,27,0,7,86,0,93,0,7,111,2,120,124,0,124,244
08/20/2013,FDK,MD,AEA,EN,Federal Contract Tower,0,3,17,1,21,0,9,158,1,168,0,12,175,2,189,328,0,328,517
08/21/2013,FDK,MD,AEA,EN,Federal Contract Tower,0,4,11,0,15,0,4,86,2,92,0,8,97,2,107,210,2,212,319
08/22/2013,FDK,MD,AEA,EN,Federal Contract Tower,0,1,9,0,10,0,6,92,10,108,0,7,101,10,118,154,0,154,272
08/23/2013,FDK,MD,AEA,EN,Federal Contract Tower,0,0,20,0,20,0,1,76,5,82,0,1,96,5,102,40,4,44,146
08/24/2013,FDK,MD,AEA,EN,Federal Contract Tower,0,2,6,0,8,0,2,215,10,227,0,4,221,10,235,102,4,106,341
08/25/2013,FDK,MD,AEA,EN,Federal Contract Tower,0,3,13,0,16,0,4,167,0,171,0,7,180,0,187,122,0,122,309
08/26/2013,FDK,MD,AEA,EN,Federal Contract Tower,0,4,17,0,21,0,29,118,0,147,0,33,135,0,168,160,0,160,328
08/27/2013,FDK,MD,AEA,EN,Federal Contract Tower,0,2,8,1,11,0,10,92,4,106,0,12,100,5,117,192,4,196,313
08/28/2013,FDK,MD,AEA,EN,Federal Contract Tower,0,6,21,2,29,0,1,17,1,19,0,7,38,3,48,70,0,70,118
08/29/2013,FDK,MD,AEA,EN,Federal Contract Tower,0,0,19,0,19,0,11,61,2,74,0,11,80,2,93,188,0,188,281
08/30/2013,FDK,MD,AEA,EN,Federal Contract Tower,0,5,33,0,38,0,5,78,4,87,0,10,111,4,125,140,0,140,265
08/31/2013,FDK,MD,AEA,EN,Federal Contract Tower,0,1,14,0,15,0,13,115,1,129,0,14,129,1,144,144,4,148,292
09/01/2013,FDK,MD,AEA,EN,Federal Contract Tower,0,0,3,0,3,0,3,66,0,69,0,3,69,0,72,126,0,126,198
09/02/2013,FDK,MD,AEA,EN,Federal Contract Tower,0,4,11,0,15,0,2,65,3,70,0,6,76,3,85,98,0,98,183
09/03/2013,FDK,MD,AEA,EN,Federal Contract Tower,0,1,10,0,11,0,12,76,0,88,0,13,86,0,99,170,0,170,269
09/04/2013,FDK,MD,AEA,EN,Federal Contract Tower,0,0,11,0,11,0,7,125,0,132,0,7,136,0,143,204,0,204,347
09/05/2013,FDK,MD,AEA,EN,Federal Contract Tower,0,2,21,0,23,0,9,103,14,126,0,11,124,14,149,142,0,142,291
09/06/2013,FDK,MD,AEA,EN,Federal Contract Tower,0,0,15,0,15,0,14,149,12,175,0,14,164,12,190,270,0,270,460
09/07/2013,FDK,MD,AEA,EN,Federal Contract Tower,0,2,13,0,15,0,12,164,3,179,0,14,177,3,194,134,0,134,328
09/08/2013,FDK,MD,AEA,EN,Federal Contract Tower,0,4,16,0,20,0,8,227,3,238,0,12,243,3,258,214,0,214,472
09/09/2013,FDK,MD,AEA,EN,Federal Contract Tower,0,1,10,0,11,0,7,65,3,75,0,8,75,3,86,138,0,138,224
09/10/2013,FDK,MD,AEA,EN,Federal Contract Tower,0,3,10,0,13,0,7,63,11,81,0,10,73,11,94,238,0,238,332
09/11/2013,FDK,MD,AEA,EN,Federal Contract Tower,0,3,9,4,16,0,3,83,2,88,0,6,92,6,104,156,0,156,260
09/12/2013,FDK,MD,AEA,EN,Federal Contract Tower,0,2,9,0,11,0,4,36,8,48,0,6,45,8,59,40,4,44,103
09/13/2013,FDK,MD,AEA,EN,Federal Contract Tower,0,2,10,2,14,0,10,93,4,107,0,12,103,6,121,48,0,48,169
09/14/2013,FDK,MD,AEA,EN,Federal Contract Tower,0,0,11,0,11,0,10,168,5,183,0,10,179,5,194,136,2,138,332
09/15/2013,FDK,MD,AEA,EN,Federal Contract Tower,0,6,16,0,22,0,17,160,0,177,0,23,176,0,199,156,0,156,355
09/16/2013,FDK,MD,AEA,EN,Federal Contract Tower,0,2,14,0,16,0,3,66,1,70,0,5,80,1,86,88,0,88,174
09/17/2013,FDK,MD,AEA,EN,Federal Contract Tower,0,4,7,1,12,0,5,140,11,156,0,9,147,12,168,174,2,176,344
09/18/2013,FDK,MD,AEA,EN,Federal Contract Tower,0,4,19,0,23,0,19,136,0,155,0,23,155,0,178,234,2,236,414
09/19/2013,FDK,MD,AEA,EN,Federal Contract Tower,0,8,18,4,30,0,2,160,6,168,0,10,178,10,198,158,16,174,372
09/20/2013,FDK,MD,AEA,EN,Federal Contract Tower,0,1,12,0,13,0,9,101,8,118,0,10,113,8,131,154,0,154,285
09/21/2013,FDK,MD,AEA,EN,Federal Contract Tower,0,3,14,0,17,0,2,77,0,79,0,5,91,0,96,46,0,46,142
09/22/2013,FDK,MD,AEA,EN,Federal Contract Tower,0,4,13,0,17,0,3,193,8,204,0,7,206,8,221,188,4,192,413
09/23/2013,FDK,MD,AEA,EN,Federal Contract Tower,0,0,14,1,15,0,4,104,0,108,0,4,118,1,123,96,0,96,219
09/24/2013,FDK,MD,AEA,EN,Federal Contract Tower,0,2,15,2,19,0,28,127,3,158,0,30,142,5,177,198,0,198,375
09/25/2013,FDK,MD,AEA,EN,Federal Contract Tower,0,3,12,0,15,0,4,125,4,133,0,7,137,4,148,236,4,240,388
09/26/2013,FDK,MD,AEA,EN,Federal Contract Tower,0,0,22,2,24,0,17,113,6,136,0,17,135,8,160,188,2,190,350
09/27/2013,FDK,MD,AEA,EN,Federal Contract Tower,0,6,25,0,31,0,7,127,0,134,0,13,152,0,165,202,0,202,367
09/28/2013,FDK,MD,AEA,EN,Federal Contract Tower,0,6,7,0,13,0,4,141,6,151,0,10,148,6,164,136,0,136,300
09/29/2013,FDK,MD,AEA,EN,Federal Contract Tower,0,1,19,0,20,0,3,125,4,132,0,4,144,4,152,202,0,202,354
09/30/2013,FDK,MD,AEA,EN,Federal Contract Tower,0,2,8,0,10,0,15,86,15,116,0,17,94,15,126,106,2,108,234
10/01/2013,FDK,MD,AEA,EN,Federal Contract Tower,0,0,14,0,14,0,20,113,2,135,0,20,127,2,149,172,0,172,321
10/02/2013,FDK,MD,AEA,EN,Federal Contract Tower,0,0,10,0,10,0,16,127,8,151,0,16,137,8,161,178,4,182,343
10/03/2013,FDK,MD,AEA,EN,Federal Contract Tower,0,2,12,0,14,0,7,129,1,137,0,9,141,1,151,154,0,154,305
10/04/2013,FDK,MD,AEA,EN,Federal Contract Tower,0,3,14,0,17,0,7,117,6,130,0,10,131,6,147,142,0,142,289
10/05/2013,FDK,MD,AEA,EN,Federal Contract Tower,0,2,18,0,20,0,10,120,0,130,0,12,138,0,150,114,0,114,264
10/06/2013,FDK,MD,AEA,EN,Federal Contract Tower,0,3,12,0,15,0,6,146,0,152,0,9,158,0,167,132,0,132,299
10/07/2013,FDK,MD,AEA,EN,Federal Contract Tower,0,4,15,0,19,0,8,8,0,16,0,12,23,0,35,22,0,22,57
10/08/2013,FDK,MD,AEA,EN,Federal Contract Tower,0,1,15,0,16,0,12,110,0,122,0,13,125,0,138,130,0,130,268
10/09/2013,FDK,MD,AEA,EN,Federal Contract Tower,0,1,11,0,12,0,4,104,0,108,0,5,115,0,120,210,0,210,330
10/10/2013,FDK,MD,AEA,EN,Federal Contract Tower,0,6,12,0,18,0,1,0,0,1,0,7,12,0,19,0,0,0,19
10/11/2013,FDK,MD,AEA,EN,Federal Contract Tower,0,6,13,1,20,0,0,0,0,0,0,6,13,1,20,0,0,0,20
10/12/2013,FDK,MD,AEA,EN,Federal Contract Tower,0,2,18,0,20,0,4,27,1,32,0,6,45,1,52,16,0,16,68
10/13/2013,FDK,MD,AEA,EN,Federal Contract Tower,0,3,25,0,28,0,1,4,0,5,0,4,29,0,33,26,0,26,59
10/14/2013,FDK,MD,AEA,EN,Federal Contract Tower,0,3,18,0,21,0,32,159,2,193,0,35,177,2,214,236,0,236,450
10/15/2013,FDK,MD,AEA,EN,Federal Contract Tower,0,5,13,0,18,0,0,128,6,134,0,5,141,6,152,174,2,176,328
10/16/2013,FDK,MD,AEA,EN,Federal Contract Tower,0,3,29,0,32,0,2,87,4,93,0,5,116,4,125,274,0,274,399
10/17/2013,FDK,MD,AEA,EN,Federal Contract Tower,0,3,25,0,28,0,2,46,0,48,0,5,71,0,76,132,0,132,208
10/18/2013,FDK,MD,AEA,EN,Federal Contract Tower,0,6,8,0,14,0,6,133,0,139,0,12,141,0,153,148,0,148,301
10/19/2013,FDK,MD,AEA,EN,Federal Contract Tower,0,0,21,0,21,0,5,115,9,129,0,5,136,9,150,222,8,230,380
10/20/2013,FDK,MD,AEA,EN,Federal Contract Tower,0,4,10,2,16,0,7,156,0,163,0,11,166,2,179,98,0,98,277
10/21/2013,FDK,MD,AEA,EN,Federal Contract Tower,0,0,15,0,15,0,16,135,0,151,0,16,150,0,166,110,0,110,276
10/22/2013,FDK,MD,AEA,EN,Federal Contract Tower,0,4,8,2,14,0,14,91,9,114,0,18,99,11,128,128,0,128,256
10/23/2013,FDK,MD,AEA,EN,Federal Contract Tower,0,2,5,0,7,0,13,90,12,115,0,15,95,12,122,192,0,192,314
10/24/2013,FDK,MD,AEA,EN,Federal Contract Tower,0,5,12,0,17,0,4,74,0,78,0,9,86,0,95,144,0,144,239
10/25/2013,FDK,MD,AEA,EN,Federal Contract Tower,0,3,7,2,12,0,3,105,0,108,0,6,112,2,120,82,0,82,202
10/26/2013,FDK,MD,AEA,EN,Federal Contract Tower,0,0,8,2,10,0,9,120,0,129,0,9,128,2,139,96,0,96,235
10/27/2013,FDK,MD,AEA,EN,Federal Contract Tower,0,0,15,0,15,0,7,153,3,163,0,7,168,3,178,206,0,206,384
10/28/2013,FDK,MD,AEA,EN,Federal Contract Tower,0,4,12,0,16,0,7,131,1,139,0,11,143,1,155,216,0,216,371
10/29/2013,FDK,MD,AEA,EN,Federal Contract Tower,0,3,6,1,10,0,24,143,1,168,0,27,149,2,178,172,0,172,350
10/30/2013,FDK,MD,AEA,EN,Federal Contract Tower,0,6,13,2,21,0,5,95,0,100,0,11,108,2,121,262,0,262,383
10/31/2013,FDK,MD,AEA,EN,Federal Contract Tower,0,2,16,2,20,0,2,23,0,25,0,4,39,2,45,16,0,16,61
11/01/2013,FDK,MD,AEA,EN,Federal Contract Tower,0,3,6,0,9,0,7,53,0,60,0,10,59,0,69,42,2,44,113
11/02/2013,FDK,MD,AEA,EN,Federal Contract Tower,0,1,22,0,23,0,14,143,8,165,0,15,165,8,188,128,2,130,318
11/03/2013,FDK,MD,AEA,EN,Federal Contract Tower,0,8,8,0,16,0,7,96,0,103,0,15,104,0,119,98,0,98,217
11/04/2013,FDK,MD,AEA,EN,Federal Contract Tower,0,0,8,2,10,0,1,107,1,109,0,1,115,3,119,142,0,142,261
11/05/2013,FDK,MD,AEA,EN,Federal Contract Tower,0,0,13,2,15,0,2,88,7,97,0,2,101,9,112,118,0,118,230
11/06/2013,FDK,MD,AEA,EN,Federal Contract Tower,0,3,19,0,22,0,19,107,2,128,0,22,126,2,150,190,2,192,342
11/07/2013,FDK,MD,AEA,EN,Federal Contract Tower,0,1,6,0,7,0,5,32,0,37,0,6,38,0,44,82,0,82,126
11/08/2013,FDK,MD,AEA,EN,Federal Contract Tower,0,2,10,0,12,0,4,90,0,94,0,6,100,0,106,106,0,106,212
11/09/2013,FDK,MD,AEA,EN,Federal Contract Tower,0,5,10,0,15,0,7,209,0,216,0,12,219,0,231,102,0,102,333
11/10/2013,FDK,MD,AEA,EN,Federal Contract Tower,0,1,5,2,8,0,12,61,0,73,0,13,66,2,81,36,0,36,117
11/11/2013,FDK,MD,AEA,EN,Federal Contract Tower,0,3,12,0,15,0,3,114,10,127,0,6,126,10,142,142,6,148,290
11/12/2013,FDK,MD,AEA,EN,Federal Contract Tower,0,3,10,0,13,0,0,28,0,28,0,3,38,0,41,62,0,62,103
11/13/2013,FDK,MD,AEA,EN,Federal Contract Tower,0,4,9,0,13,0,17,63,4,84,0,21,72,4,97,106,0,106,203
11/14/2013,FDK,MD,AEA,EN,Federal Contract Tower,0,6,9,0,15,0,7,154,2,163,0,13,163,2,178,192,0,192,370
11/15/2013,FDK,MD,AEA,EN,Federal Contract Tower,0,10,8,2,20,0,11,153,15,179,0,21,161,17,199,186,2,188,387
11/16/2013,FDK,MD,AEA,EN,Federal Contract Tower,0,0,17,0,17,0,3,114,4,121,0,3,131,4,138,268,0,268,406
11/17/2013,FDK,MD,AEA,EN,Federal Contract Tower,0,0,22,0,22,0,2,5,0,7,0,2,27,0,29,18,0,18,47
11/18/2013,FDK,MD,AEA,EN,Federal Contract Tower,0,1,4,1,6,0,2,52,6,60,0,3,56,7,66,104,4,108,174
11/19/2013,FDK,MD,AEA,EN,Federal Contract Tower,0,0,8,0,8,0,13,90,19,122,0,13,98,19,130,284,2,286,416
11/20/2013,FDK,MD,AEA,EN,Federal Contract Tower,0,2,13,0,15,0,28,123,9,160,0,30,136,9,175,184,17,201,376
11/21/2013,FDK,MD,AEA,EN,Federal Contract Tower,0,2,12,0,14,0,30,120,15,165,0,32,132,15,179,216,0,216,395
11/22/2013,FDK,MD,AEA,EN,Federal Contract Tower,0,4,13,0,17,0,5,126,1,132,0,9,139,1,149,229,0,229,378
11/23/2013,FDK,MD,AEA,EN,Federal Contract Tower,0,1,8,0,9,0,0,89,1,90,0,1,97,1,99,112,0,112,211
11/24/2013,FDK,MD,AEA,EN,Federal Contract Tower,0,2,2,0,4,0,2,28,0,30,0,4,30,0,34,8,0,8,42
11/25/2013,FDK,MD,AEA,EN,Federal Contract Tower,0,0,14,2,16,0,14,100,10,124,0,14,114,12,140,122,0,122,262
11/26/2013,FDK,MD,AEA,EN,Federal Contract Tower,0,2,5,0,7,0,0,0,0,0,0,2,5,0,7,0,0,0,7
11/27/2013,FDK,MD,AEA,EN,Federal Contract Tower,0,3,4,0,7,0,2,6,0,8,0,5,10,0,15,14,0,14,29
11/28/2013,FDK,MD,AEA,EN,Federal Contract Tower,0,2,3,0,5,0,7,44,0,51,0,9,47,0,56,58,0,58,114
11/29/2013,FDK,MD,AEA,EN,Federal Contract Tower,0,1,22,1,24,0,15,117,5,137,0,16,139,6,161,186,0,186,347
11/30/2013,FDK,MD,AEA,EN,Federal Contract Tower,0,2,9,0,11,0,7,149,3,159,0,9,158,3,170,208,0,208,378
12/01/2013,FDK,MD,AEA,EN,Federal Contract Tower,0,2,11,0,13,0,18,206,1,225,0,20,217,1,238,318,0,318,556
12/02/2013,FDK,MD,AEA,EN,Federal Contract Tower,0,1,6,0,7,0,9,65,0,74,0,10,71,0,81,166,0,166,247
12/03/2013,FDK,MD,AEA,EN,Federal Contract Tower,0,1,6,0,7,0,17,145,0,162,0,18,151,0,169,242,0,242,411
12/04/2013,FDK,MD,AEA,EN,Federal Contract Tower,0,1,16,0,17,0,20,78,10,108,0,21,94,10,125,192,4,196,321
12/05/2013,FDK,MD,AEA,EN,Federal Contract Tower,0,1,9,0,10,0,0,37,0,37,0,1,46,0,47,96,0,96,143
12/06/2013,FDK,MD,AEA,EN,Federal Contract Tower,0,3,10,0,13,0,0,0,0,0,0,3,10,0,13,0,0,0,13
12/07/2013,FDK,MD,AEA,EN,Federal Contract Tower,0,3,3,0,6,0,6,89,10,105,0,9,92,10,111,200,4,204,315
12/08/2013,FDK,MD,AEA,EN,Federal Contract Tower,0,0,1,0,1,0,3,6,0,9,0,3,7,0,10,16,0,16,26
12/09/2013,FDK,MD,AEA,EN,Federal Contract Tower,0,0,8,0,8,0,0,0,0,0,0,0,8,0,8,0,0,0,8
12/10/2013,FDK,MD,AEA,EN,Federal Contract Tower,0,3,3,0,6,0,6,2,0,8,0,9,5,0,14,2,0,2,16
12/11/2013,FDK,MD,AEA,EN,Federal Contract Tower,0,0,14,0,14,0,5,77,8,90,0,5,91,8,104,82,2,84,188
12/12/2013,FDK,MD,AEA,EN,Federal Contract Tower,0,2,20,1,23,0,44,58,10,112,0,46,78,11,135,174,0,174,309
12/13/2013,FDK,MD,AEA,EN,Federal Contract Tower,0,3,17,0,20,0,36,85,0,121,0,39,102,0,141,122,0,122,263
12/14/2013,FDK,MD,AEA,EN,Federal Contract Tower,0,0,0,0,0,0,0,4,0,4,0,0,4,0,4,4,0,4,8
12/15/2013,FDK,MD,AEA,EN,Federal Contract Tower,0,1,2,0,3,0,5,78,0,83,0,6,80,0,86,108,0,108,194
12/16/2013,FDK,MD,AEA,EN,Federal Contract Tower,0,3,10,0,13,0,14,90,2,106,0,17,100,2,119,238,6,244,363
12/17/2013,FDK,MD,AEA,EN,Federal Contract Tower,0,1,7,0,8,0,0,32,0,32,0,1,39,0,40,196,0,196,236
12/18/2013,FDK,MD,AEA,EN,Federal Contract Tower,0,3,13,0,16,0,4,103,4,111,0,7,116,4,127,152,0,152,279
12/19/2013,FDK,MD,AEA,EN,Federal Contract Tower,0,4,16,0,20,0,1,116,0,117,0,5,132,0,137,122,0,122,259
12/20/2013,FDK,MD,AEA,EN,Federal Contract Tower,0,3,6,0,9,0,12,128,0,140,0,15,134,0,149,130,0,130,279
12/21/2013,FDK,MD,AEA,EN,Federal Contract Tower,0,0,4,0,4,0,5,171,0,176,0,5,175,0,180,206,0,206,386
12/22/2013,FDK,MD,AEA,EN,Federal Contract Tower,0,2,9,0,11,0,5,38,0,43,0,7,47,0,54,14,0,14,68
12/23/2013,FDK,MD,AEA,EN,Federal Contract Tower,0,2,16,0,18,0,0,43,1,44,0,2,59,1,62,110,0,110,172
12/24/2013,FDK,MD,AEA,EN,Federal Contract Tower,0,1,2,0,3,0,6,30,2,38,0,7,32,2,41,60,0,60,101
12/25/2013,FDK,MD,AEA,EN,Federal Contract Tower,0,1,2,0,3,0,2,30,2,34,0,3,32,2,37,20,6,26,63
12/26/2013,FDK,MD,AEA,EN,Federal Contract Tower,0,4,10,2,16,0,4,78,2,84,0,8,88,4,100,124,0,124,224
12/27/2013,FDK,MD,AEA,EN,Federal Contract Tower,0,4,4,0,8,0,18,145,2,165,0,22,149,2,173,208,0,208,381
12/28/2013,FDK,MD,AEA,EN,Federal Contract Tower,0,0,16,0,16,0,8,174,2,184,0,8,190,2,200,176,0,176,376
12/29/2013,FDK,MD,AEA,EN,Federal Contract Tower,0,6,4,0,10,0,0,0,0,0,0,6,4,0,10,0,0,0,10
12/30/2013,FDK,MD,AEA,EN,Federal Contract Tower,0,2,15,2,19,0,16,79,1,96,0,18,94,3,115,142,0,142,257
12/31/2013,FDK,MD,AEA,EN,Federal Contract Tower,0,0,5,1,6,0,7,69,1,77,0,7,74,2,83,92,0,92,175
01/01/2014,FDK,MD,AEA,EN,Federal Contract Tower,0,0,5,0,5,0,2,107,0,109,0,2,112,0,114,112,0,112,226
01/02/2014,FDK,MD,AEA,EN,Federal Contract Tower,0,4,0,0,4,0,2,6,0,8,0,6,6,0,12,26,0,26,38
01/03/2014,FDK,MD,AEA,EN,Federal Contract Tower,0,0,0,0,0,0,10,4,0,14,0,10,4,0,14,24,0,24,38
01/04/2014,FDK,MD,AEA,EN,Federal Contract Tower,0,1,2,0,3,0,11,68,0,79,0,12,70,0,82,114,0,114,196
01/05/2014,FDK,MD,AEA,EN,Federal Contract Tower,0,0,1,0,1,0,0,2,0,2,0,0,3,0,3,12,0,12,15
01/06/2014,FDK,MD,AEA,EN,Federal Contract Tower,0,1,3,0,4,0,11,6,0,17,0,12,9,0,21,14,0,14,35
01/07/2014,FDK,MD,AEA,EN,Federal Contract Tower,0,0,1,0,1,0,6,31,2,39,0,6,32,2,40,90,2,92,132
01/08/2014,FDK,MD,AEA,EN,Federal Contract Tower,0,2,12,0,14,0,2,98,0,100,0,4,110,0,114,196,0,196,310
01/09/2014,FDK,MD,AEA,EN,Federal Contract Tower,0,1,6,0,7,0,6,113,1,120,0,7,119,1,127,164,0,164,291
01/10/2014,FDK,MD,AEA,EN,Federal Contract Tower,0,3,6,0,9,0,0,0,0,0,0,3,6,0,9,0,0,0,9
01/11/2014,FDK,MD,AEA,EN,Federal Contract Tower,0,0,2,0,2,0,0,0,0,0,0,0,2,0,2,0,0,0,2
01/12/2014,FDK,MD,AEA,EN,Federal Contract Tower,0,5,12,0,17,0,2,82,5,89,0,7,94,5,106,156,2,158,264
01/13/2014,FDK,MD,AEA,EN,Federal Contract Tower,0,0,2,0,2,0,4,140,2,146,0,4,142,2,148,194,0,194,342
01/14/2014,FDK,MD,AEA,EN,Federal Contract Tower,0,1,6,0,7,0,1,7,0,8,0,2,13,0,15,22,0,22,37
01/15/2014,FDK,MD,AEA,EN,Federal Contract Tower,0,1,6,0,7,0,7,39,0,46,0,8,45,0,53,96,0,96,149
01/16/2014,FDK,MD,AEA,EN,Federal Contract Tower,0,4,9,0,13,0,3,101,2,106,0,7,110,2,119,160,0,160,279
01/17/2014,FDK,MD,AEA,EN,Federal Contract Tower,0,1,16,2,19,0,15,136,3,154,0,16,152,5,173,186,0,186,359
01/18/2014,FDK,MD,AEA,EN,Federal Contract Tower,0,2,8,0,10,0,3,74,4,81,0,5,82,4,91,98,2,100,191
01/19/2014,FDK,MD,AEA,EN,Federal Contract Tower,0,5,8,0,13,0,3,79,2,84,0,8,87,2,97,114,0,114,211
01/20/2014,FDK,MD,AEA,EN,Federal Contract Tower,0,0,12,0,12,0,8,124,7,139,0,8,136,7,151,186,0,186,337
01/21/2014,FDK,MD,AEA,EN,Federal Contract Tower,0,0,1,0,1,0,0,0,0,0,0,0,1,0,1,0,0,0,1
01/22/2014,FDK,MD,AEA,EN,Federal Contract Tower,0,0,5,0,5,0,25,20,0,45,0,25,25,0,50,46,0,46,96
01/23/2014,FDK,MD,AEA,EN,Federal Contract Tower,0,8,10,0,18,0,2,16,2,20,0,10,26,2,38,64,2,66,104
01/24/2014,FDK,MD,AEA,EN,Federal Contract Tower,0,2,11,0,13,0,21,58,0,79,0,23,69,0,92,144,0,144,236
01/25/2014,FDK,MD,AEA,EN,Federal Contract Tower,0,1,12,0,13,0,14,53,1,68,0,15,65,1,81,142,0,142,223
01/26/2014,FDK,MD,AEA,EN,Federal Contract Tower,0,1,7,0,8,0,6,99,3,108,0,7,106,3,116,236,8,244,360
01/27/2014,FDK,MD,AEA,EN,Federal Contract Tower,0,7,3,0,10,0,0,17,0,17,0,7,20,0,27,14,0,14,41
01/28/2014,FDK,MD,AEA,EN,Federal Contract Tower,0,0,6,1,7,0,1,64,2,67,0,1,70,3,74,136,2,138,212
01/29/2014,FDK,MD,AEA,EN,Federal Contract Tower,0,0,5,1,6,0,6,61,14,81,0,6,66,15,87,86,2,88,175
01/30/2014,FDK,MD,AEA,EN,Federal Contract Tower,0,2,12,0,14,0,8,79,0,87,0,10,91,0,101,127,0,127,228
01/31/2014,FDK,MD,AEA,EN,Federal Contract Tower,0,0,6,0,6,0,0,109,2,111,0,0,115,2,117,216,8,224,341
02/01/2014,FDK,MD,AEA,EN,Federal Contract Tower,0,4,11,0,15,0,16,152,4,172,0,20,163,4,187,236,0,236,423
02/02/2014,FDK,MD,AEA,EN,Federal Contract Tower,0,2,2,0,4,0,11,102,0,113,0,13,104,0,117,162,0,162,279
02/03/2014,FDK,MD,AEA,EN,Federal Contract Tower,0,1,0,0,1,0,0,2,0,2,0,1,2,0,3,0,0,0,3
02/04/2014,FDK,MD,AEA,EN,Federal Contract Tower,0,1,5,2,8,0,15,69,9,93,0,16,74,11,101,80,14,94,195
02/05/2014,FDK,MD,AEA,EN,Federal Contract Tower,0,1,5,0,6,0,3,0,0,3,0,4,5,0,9,0,0,0,9
02/06/2014,FDK,MD,AEA,EN,Federal Contract Tower,0,1,7,0,8,0,2,104,2,108,0,3,111,2,116,202,2,204,320
02/07/2014,FDK,MD,AEA,EN,Federal Contract Tower,0,4,4,0,8,0,17,102,5,124,0,21,106,5,132,176,6,182,314
02/08/2014,FDK,MD,AEA,EN,Federal Contract Tower,0,0,2,0,2,0,10,68,0,78,0,10,70,0,80,220,2,222,302
02/09/2014,FDK,MD,AEA,EN,Federal Contract Tower,0,0,2,0,2,0,7,23,0,30,0,7,25,0,32,100,0,100,132
02/10/2014,FDK,MD,AEA,EN,Federal Contract Tower,0,2,10,0,12,0,5,79,0,84,0,7,89,0,96,164,0,164,260
02/11/2014,FDK,MD,AEA,EN,Federal Contract Tower,0,2,12,4,18,0,28,102,4,134,0,30,114,8,152,150,0,150,302
02/12/2014,FDK,MD,AEA,EN,Federal Contract Tower,0,1,16,0,17,0,13,46,2,61,0,14,62,2,78,60,0,60,138
02/13/2014,FDK,MD,AEA,EN,Federal Contract Tower,0,0,0,0,0,0,0,0,0,0,0,0,0,0,0,0,0,0,0
02/14/2014,FDK,MD,AEA,EN,Federal Contract Tower,0,0,7,0,7,0,3,22,0,25,0,3,29,0,32,32,0,32,64
02/15/2014,FDK,MD,AEA,EN,Federal Contract Tower,0,0,3,0,3,0,7,2,0,9,0,7,5,0,12,0,0,0,12
02/16/2014,FDK,MD,AEA,EN,Federal Contract Tower,0,0,0,0,0,0,12,59,0,71,0,12,59,0,71,116,0,116,187
02/17/2014,FDK,MD,AEA,EN,Federal Contract Tower,0,2,15,0,17,0,13,114,6,133,0,15,129,6,150,186,0,186,336
02/18/2014,FDK,MD,AEA,EN,Federal Contract Tower,0,3,3,2,8,0,5,50,1,56,0,8,53,3,64,116,0,116,180
02/19/2014,FDK,MD,AEA,EN,Federal Contract Tower,0,1,14,0,15,0,1,57,2,60,0,2,71,2,75,124,0,124,199
02/20/2014,FDK,MD,AEA,EN,Federal Contract Tower,0,3,7,3,13,0,4,73,8,85,0,7,80,11,98,174,0,174,272
02/21/2014,FDK,MD,AEA,EN,Federal Contract Tower,0,0,4,0,4,0,4,26,0,30,0,4,30,0,34,64,0,64,98
02/22/2014,FDK,MD,AEA,EN,Federal Contract Tower,0,1,6,1,8,0,21,181,7,209,0,22,187,8,217,256,26,282,499
02/23/2014,FDK,MD,AEA,EN,Federal Contract Tower,0,3,9,0,12,0,9,176,0,185,0,12,185,0,197,176,0,176,373
02/24/2014,FDK,MD,AEA,EN,Federal Contract Tower,0,1,6,0,7,0,6,40,0,46,0,7,46,0,53,90,2,92,145
02/25/2014,FDK,MD,AEA,EN,Federal Contract Tower,0,1,5,0,6,0,16,25,4,45,0,17,30,4,51,38,4,42,93
02/26/2014,FDK,MD,AEA,EN,Federal Contract Tower,0,0,2,0,2,0,5,46,0,51,0,5,48,0,53,34,0,34,87
02/27/2014,FDK,MD,AEA,EN,Federal Contract Tower,0,1,6,0,7,0,2,36,0,38,0,3,42,0,45,58,4,62,107
02/28/2014,FDK,MD,AEA,EN,Federal Contract Tower,0,1,8,0,9,0,13,118,5,136,0,14,126,5,145,226,4,230,375
03/01/2014,FDK,MD,AEA,EN,Federal Contract Tower,0,2,5,0,7,0,16,155,4,175,0,18,160,4,182,202,0,202,384
03/02/2014,FDK,MD,AEA,EN,Federal Contract Tower,0,3,5,0,8,0,0,56,2,58,0,3,61,2,66,152,16,168,234
03/03/2014,FDK,MD,AEA,EN,Federal Contract Tower,0,0,0,0,0,0,0,2,0,2,0,0,2,0,2,8,0,8,10
03/04/2014,FDK,MD,AEA,EN,Federal Contract Tower,0,3,6,4,13,0,2,49,1,52,0,5,55,5,65,140,0,140,205
03/05/2014,FDK,MD,AEA,EN,Federal Contract Tower,0,2,10,0,12,0,1,120,9,130,0,3,130,9,142,220,0,220,362
03/06/2014,FDK,MD,AEA,EN,Federal Contract Tower,0,7,4,0,11,0,24,93,8,125,0,31,97,8,136,180,0,180,316
03/07/2014,FDK,MD,AEA,EN,Federal Contract Tower,0,1,7,0,8,0,12,67,1,80,0,13,74,1,88,116,0,116,204
03/08/2014,FDK,MD,AEA,EN,Federal Contract Tower,0,1,16,1,18,0,9,395,4,408,0,10,411,5,426,100,0,100,526
03/09/2014,FDK,MD,AEA,EN,Federal Contract Tower,0,0,5,0,5,0,14,102,5,121,0,14,107,5,126,86,0,86,212
03/10/2014,FDK,MD,AEA,EN,Federal Contract Tower,0,1,3,2,6,0,5,122,0,127,0,6,125,2,133,116,0,116,249
03/11/2014,FDK,MD,AEA,EN,Federal Contract Tower,0,5,9,1,15,0,18,146,17,181,0,23,155,18,196,172,20,192,388
03/12/2014,FDK,MD,AEA,EN,Federal Contract Tower,0,4,5,0,9,0,9,25,0,34,0,13,30,0,43,24,0,24,67
03/13/2014,FDK,MD,AEA,EN,Federal Contract Tower,0,1,2,2,5,0,7,6,0,13,0,8,8,2,18,4,0,4,22
03/14/2014,FDK,MD,AEA,EN,Federal Contract Tower,0,2,6,0,8,0,20,115,2,137,0,22,121,2,145,148,0,148,293
03/15/2014,FDK,MD,AEA,EN,Federal Contract Tower,0,0,8,1,9,0,19,124,0,143,0,19,132,1,152,151,0,151,303
03/16/2014,FDK,MD,AEA,EN,Federal Contract Tower,0,2,12,0,14,0,4,111,3,118,0,6,123,3,132,212,0,212,344
03/17/2014,FDK,MD,AEA,EN,Federal Contract Tower,0,0,4,0,4,0,6,1,0,7,0,6,5,0,11,0,0,0,11
03/18/2014,FDK,MD,AEA,EN,Federal Contract Tower,0,7,3,2,12,0,32,64,10,106,0,39,67,12,118,168,6,174,292
03/19/2014,FDK,MD,AEA,EN,Federal Contract Tower,0,5,9,0,14,0,0,0,0,0,0,5,9,0,14,0,0,0,14
03/20/2014,FDK,MD,AEA,EN,Federal Contract Tower,0,3,4,0,7,0,18,55,4,77,0,21,59,4,84,158,0,158,242
03/21/2014,FDK,MD,AEA,EN,Federal Contract Tower,0,2,19,1,22,0,13,133,7,153,0,15,152,8,175,138,10,148,323
03/22/2014,FDK,MD,AEA,EN,Federal Contract Tower,0,1,7,0,8,0,11,98,0,109,0,12,105,0,117,68,0,68,185
03/23/2014,FDK,MD,AEA,EN,Federal Contract Tower,0,4,9,4,17,0,12,140,6,158,0,16,149,10,175,200,0,200,375
03/24/2014,FDK,MD,AEA,EN,Federal Contract Tower,0,0,7,0,7,0,6,108,4,118,0,6,115,4,125,150,0,150,275
03/25/2014,FDK,MD,AEA,EN,Federal Contract Tower,0,2,8,0,10,0,4,0,0,4,0,6,8,0,14,0,0,0,14
03/26/2014,FDK,MD,AEA,EN,Federal Contract Tower,0,2,8,2,12,0,19,22,0,41,0,21,30,2,53,36,0,36,89
03/27/2014,FDK,MD,AEA,EN,Federal Contract Tower,0,1,13,0,14,0,2,153,10,165,0,3,166,10,179,165,0,165,344
03/28/2014,FDK,MD,AEA,EN,Federal Contract Tower,0,4,7,0,11,0,0,10,0,10,0,4,17,0,21,46,2,48,69
03/29/2014,FDK,MD,AEA,EN,Federal Contract Tower,0,4,11,0,15,0,0,6,0,6,0,4,17,0,21,2,0,2,23
03/30/2014,FDK,MD,AEA,EN,Federal Contract Tower,0,0,6,2,8,0,0,0,0,0,0,0,6,2,8,0,0,0,8
03/31/2014,FDK,MD,AEA,EN,Federal Contract Tower,0,0,15,0,15,0,4,117,2,123,0,4,132,2,138,160,0,160,298
04/01/2014,FDK,MD,AEA,EN,Federal Contract Tower,0,1,18,2,21,0,8,134,6,148,0,9,152,8,169,188,2,190,359
04/02/2014,FDK,MD,AEA,EN,Federal Contract Tower,0,1,15,0,16,0,10,116,4,130,0,11,131,4,146,142,0,142,288
04/03/2014,FDK,MD,AEA,EN,Federal Contract Tower,0,1,9,1,11,0,20,92,1,113,0,21,101,2,124,174,2,176,300
04/04/2014,FDK,MD,AEA,EN,Federal Contract Tower,0,5,11,0,16,0,0,30,0,30,0,5,41,0,46,92,0,92,138
04/05/2014,FDK,MD,AEA,EN,Federal Contract Tower,0,0,5,0,5,0,13,77,0,90,0,13,82,0,95,62,0,62,157
04/06/2014,FDK,MD,AEA,EN,Federal Contract Tower,0,3,18,0,21,0,10,232,3,245,0,13,250,3,266,172,0,172,438
04/07/2014,FDK,MD,AEA,EN,Federal Contract Tower,0,3,10,0,13,0,0,7,0,7,0,3,17,0,20,8,0,8,28
04/08/2014,FDK,MD,AEA,EN,Federal Contract Tower,0,2,19,3,24,0,4,54,1,59,0,6,73,4,83,110,2,112,195
04/09/2014,FDK,MD,AEA,EN,Federal Contract Tower,0,3,11,0,14,0,2,111,0,113,0,5,122,0,127,130,0,130,257
04/10/2014,FDK,MD,AEA,EN,Federal Contract Tower,0,2,10,0,12,0,15,110,3,128,0,17,120,3,140,200,0,200,340
04/11/2014,FDK,MD,AEA,EN,Federal Contract Tower,0,3,6,0,9,0,8,87,1,96,0,11,93,1,105,144,4,148,253
04/12/2014,FDK,MD,AEA,EN,Federal Contract Tower,0,3,12,0,15,0,4,172,3,179,0,7,184,3,194,114,0,114,308
04/13/2014,FDK,MD,AEA,EN,Federal Contract Tower,0,2,6,0,8,0,3,124,2,129,0,5,130,2,137,162,0,162,299
04/14/2014,FDK,MD,AEA,EN,Federal Contract Tower,0,2,6,0,8,0,0,58,2,60,0,2,64,2,68,50,0,50,118
04/15/2014,FDK,MD,AEA,EN,Federal Contract Tower,0,2,12,0,14,0,0,2,0,2,0,2,14,0,16,4,0,4,20
04/16/2014,FDK,MD,AEA,EN,Federal Contract Tower,0,3,17,0,20,0,27,134,9,170,0,30,151,9,190,218,0,218,408
04/17/2014,FDK,MD,AEA,EN,Federal Contract Tower,0,3,8,2,13,0,13,113,5,131,0,16,121,7,144,128,2,130,274
04/18/2014,FDK,MD,AEA,EN,Federal Contract Tower,0,2,27,0,29,0,4,127,6,137,0,6,154,6,166,240,0,240,406
04/19/2014,FDK,MD,AEA,EN,Federal Contract Tower,0,8,12,0,20,0,2,141,1,144,0,10,153,1,164,170,0,170,334
04/20/2014,FDK,MD,AEA,EN,Federal Contract Tower,0,1,6,0,7,0,5,92,0,97,0,6,98,0,104,114,0,114,218
04/21/2014,FDK,MD,AEA,EN,Federal Contract Tower,0,1,10,0,11,0,1,127,0,128,0,2,137,0,139,150,0,150,289
04/22/2014,FDK,MD,AEA,EN,Federal Contract Tower,0,2,8,0,10,0,2,62,2,66,0,4,70,2,76,96,2,98,174
04/23/2014,FDK,MD,AEA,EN,Federal Contract Tower,0,5,16,0,21,0,4,38,2,44,0,9,54,2,65,26,4,30,95
04/24/2014,FDK,MD,AEA,EN,Federal Contract Tower,0,1,18,0,19,0,2,148,13,163,0,3,166,13,182,120,0,120,302
04/25/2014,FDK,MD,AEA,EN,Federal Contract Tower,0,1,13,0,14,0,6,63,9,78,0,7,76,9,92,56,6,62,154
04/26/2014,FDK,MD,AEA,EN,Federal Contract Tower,0,4,11,0,15,0,14,128,0,142,0,18,139,0,157,126,0,126,283
04/27/2014,FDK,MD,AEA,EN,Federal Contract Tower,0,2,15,0,17,0,5,155,4,164,0,7,170,4,181,174,0,174,355
04/28/2014,FDK,MD,AEA,EN,Federal Contract Tower,0,3,10,0,13,0,0,103,4,107,0,3,113,4,120,178,0,178,298
04/29/2014,FDK,MD,AEA,EN,Federal Contract Tower,0,1,10,0,11,0,0,0,0,0,0,1,10,0,11,0,0,0,11
04/30/2014,FDK,MD,AEA,EN,Federal Contract Tower,0,1,3,0,4,0,0,0,0,0,0,1,3,0,4,0,0,0,4
05/01/2014,FDK,MD,AEA,EN,Federal Contract Tower,0,2,16,0,18,0,3,92,4,99,0,5,108,4,117,222,8,230,347
05/02/2014,FDK,MD,AEA,EN,Federal Contract Tower,0,2,15,0,17,0,1,134,0,135,0,3,149,0,152,166,0,166,318
05/03/2014,FDK,MD,AEA,EN,Federal Contract Tower,0,2,8,0,10,0,6,154,3,163,0,8,162,3,173,200,8,208,381
05/04/2014,FDK,MD,AEA,EN,Federal Contract Tower,0,2,6,0,8,0,15,103,5,123,0,17,109,5,131,68,0,68,199
05/05/2014,FDK,MD,AEA,EN,Federal Contract Tower,0,0,11,0,11,0,1,113,11,125,0,1,124,11,136,188,0,188,324
05/06/2014,FDK,MD,AEA,EN,Federal Contract Tower,0,2,15,0,17,0,6,128,0,134,0,8,143,0,151,248,0,248,399
05/07/2014,FDK,MD,AEA,EN,Federal Contract Tower,0,2,11,0,13,0,8,85,0,93,0,10,96,0,106,124,0,124,230
05/08/2014,FDK,MD,AEA,EN,Federal Contract Tower,0,0,18,2,20,0,13,110,3,126,0,13,128,5,146,174,0,174,320
05/09/2014,FDK,MD,AEA,EN,Federal Contract Tower,0,5,23,4,32,0,2,67,7,76,0,7,90,11,108,168,0,168,276
05/10/2014,FDK,MD,AEA,EN,Federal Contract Tower,0,0,11,0,11,0,4,63,0,67,0,4,74,0,78,118,0,118,196
05/11/2014,FDK,MD,AEA,EN,Federal Contract Tower,0,1,12,0,13,0,8,168,4,180,0,9,180,4,193,196,0,196,389
05/12/2014,FDK,MD,AEA,EN,Federal Contract Tower,0,0,20,0,20,0,5,144,0,149,0,5,164,0,169,260,1,261,430
05/13/2014,FDK,MD,AEA,EN,Federal Contract Tower,0,1,16,0,17,0,8,137,4,149,0,9,153,4,166,160,0,160,326
05/14/2014,FDK,MD,AEA,EN,Federal Contract Tower,0,1,30,0,31,0,0,4,0,4,0,1,34,0,35,24,0,24,59
05/15/2014,FDK,MD,AEA,EN,Federal Contract Tower,0,3,13,0,16,0,0,52,0,52,0,3,65,0,68,144,0,144,212
05/16/2014,FDK,MD,AEA,EN,Federal Contract Tower,0,0,9,0,9,0,11,84,0,95,0,11,93,0,104,126,0,126,230
05/17/2014,FDK,MD,AEA,EN,Federal Contract Tower,0,1,21,0,22,0,12,162,12,186,0,13,183,12,208,278,0,278,486
05/18/2014,FDK,MD,AEA,EN,Federal Contract Tower,0,7,22,0,29,0,24,161,0,185,0,31,183,0,214,196,0,196,410
05/19/2014,FDK,MD,AEA,EN,Federal Contract Tower,0,2,12,0,14,0,30,153,17,200,0,32,165,17,214,198,2,200,414
05/20/2014,FDK,MD,AEA,EN,Federal Contract Tower,0,0,12,0,12,0,39,128,10,177,0,39,140,10,189,172,0,172,361
05/21/2014,FDK,MD,AEA,EN,Federal Contract Tower,0,7,24,2,33,0,24,83,3,110,0,31,107,5,143,126,0,126,269
05/22/2014,FDK,MD,AEA,EN,Federal Contract Tower,0,1,18,2,21,0,23,75,7,105,0,24,93,9,126,126,0,126,252
05/23/2014,FDK,MD,AEA,EN,Federal Contract Tower,0,2,14,0,16,0,7,129,2,138,0,9,143,2,154,192,0,192,346
05/24/2014,FDK,MD,AEA,EN,Federal Contract Tower,0,2,9,0,11,0,0,10,168,178,0,2,19,168,189,148,0,148,337
05/25/2014,FDK,MD,AEA,EN,Federal Contract Tower,0,3,10,0,13,0,12,148,3,163,0,15,158,3,176,114,0,114,290
05/26/2014,FDK,MD,AEA,EN,Federal Contract Tower,0,2,13,0,15,0,11,199,4,214,0,13,212,4,229,332,0,332,561
05/27/2014,FDK,MD,AEA,EN,Federal Contract Tower,0,2,9,2,13,0,6,81,5,92,0,8,90,7,105,96,0,96,201
05/28/2014,FDK,MD,AEA,EN,Federal Contract Tower,0,0,12,0,12,0,2,77,1,80,0,2,89,1,92,88,2,90,182
05/29/2014,FDK,MD,AEA,EN,Federal Contract Tower,0,7,29,0,36,0,0,5,0,5,0,7,34,0,41,6,0,6,47
05/30/2014,FDK,MD,AEA,EN,Federal Contract Tower,0,2,19,0,21,0,1,88,6,95,0,3,107,6,116,180,2,182,298
05/31/2014,FDK,MD,AEA,EN,Federal Contract Tower,0,1,12,0,13,0,9,214,3,226,0,10,226,3,239,285,0,285,524
06/01/2014,FDK,MD,AEA,EN,Federal Contract Tower,0,4,13,0,17,0,5,156,0,161,0,9,169,0,178,146,0,146,324
06/02/2014,FDK,MD,AEA,EN,Federal Contract Tower,0,6,6,0,12,0,10,87,0,97,0,16,93,0,109,144,0,144,253
06/03/2014,FDK,MD,AEA,EN,Federal Contract Tower,0,1,5,0,6,0,13,92,2,107,0,14,97,2,113,140,4,144,257
06/04/2014,FDK,MD,AEA,EN,Federal Contract Tower,0,3,12,0,15,0,18,116,5,139,0,21,128,5,154,180,0,180,334
06/05/2014,FDK,MD,AEA,EN,Federal Contract Tower,0,2,22,1,25,0,2,83,1,86,0,4,105,2,111,156,0,156,267
06/06/2014,FDK,MD,AEA,EN,Federal Contract Tower,0,2,16,0,18,0,8,175,8,191,0,10,191,8,209,72,4,76,285
06/07/2014,FDK,MD,AEA,EN,Federal Contract Tower,0,1,24,0,25,0,11,372,6,389,0,12,396,6,414,110,4,114,528
06/08/2014,FDK,MD,AEA,EN,Federal Contract Tower,0,4,17,0,21,0,1,128,3,132,0,5,145,3,153,68,2,70,223
06/09/2014,FDK,MD,AEA,EN,Federal Contract Tower,0,0,21,0,21,0,15,50,0,65,0,15,71,0,86,138,0,138,224
06/10/2014,FDK,MD,AEA,EN,Federal Contract Tower,0,2,16,2,20,0,10,61,4,75,0,12,77,6,95,56,0,56,151
06/11/2014,FDK,MD,AEA,EN,Federal Contract Tower,0,3,20,0,23,0,2,59,0,61,0,5,79,0,84,118,0,118,202
06/12/2014,FDK,MD,AEA,EN,Federal Contract Tower,0,6,25,0,31,0,6,13,0,19,0,12,38,0,50,18,0,18,68
06/13/2014,FDK,MD,AEA,EN,Federal Contract Tower,0,5,13,0,18,0,7,27,1,35,0,12,40,1,53,54,0,54,107
06/14/2014,FDK,MD,AEA,EN,Federal Contract Tower,0,3,24,0,27,0,9,134,4,147,0,12,158,4,174,82,0,82,256
06/15/2014,FDK,MD,AEA,EN,Federal Contract Tower,0,6,13,0,19,0,29,161,1,191,0,35,174,1,210,194,0,194,404
06/16/2014,FDK,MD,AEA,EN,Federal Contract Tower,0,2,12,0,14,0,4,125,4,133,0,6,137,4,147,142,0,142,289
06/17/2014,FDK,MD,AEA,EN,Federal Contract Tower,0,4,6,0,10,0,6,119,9,134,0,10,125,9,144,160,6,166,310
06/18/2014,FDK,MD,AEA,EN,Federal Contract Tower,0,5,11,0,16,0,15,95,9,119,0,20,106,9,135,116,4,120,255
06/19/2014,FDK,MD,AEA,EN,Federal Contract Tower,0,3,20,0,23,0,0,47,2,49,0,3,67,2,72,120,0,120,192
06/20/2014,FDK,MD,AEA,EN,Federal Contract Tower,0,1,13,0,14,0,10,142,4,156,0,11,155,4,170,170,2,172,342
06/21/2014,FDK,MD,AEA,EN,Federal Contract Tower,0,2,25,0,27,0,4,83,7,94,0,6,108,7,121,202,0,202,323
06/22/2014,FDK,MD,AEA,EN,Federal Contract Tower,0,3,27,0,30,0,9,215,6,230,0,12,242,6,260,196,0,196,456
06/23/2014,FDK,MD,AEA,EN,Federal Contract Tower,0,5,20,0,25,0,8,126,0,134,0,13,146,0,159,162,0,162,321
06/24/2014,FDK,MD,AEA,EN,Federal Contract Tower,0,8,16,0,24,0,4,106,4,114,0,12,122,4,138,106,10,116,254
06/25/2014,FDK,MD,AEA,EN,Federal Contract Tower,0,2,11,2,15,0,17,62,3,82,0,19,73,5,97,74,6,80,177
06/26/2014,FDK,MD,AEA,EN,Federal Contract Tower,0,3,12,0,15,0,7,136,6,149,0,10,148,6,164,104,0,104,268
06/27/2014,FDK,MD,AEA,EN,Federal Contract Tower,0,3,17,0,20,0,15,144,0,159,0,18,161,0,179,140,0,140,319
06/28/2014,FDK,MD,AEA,EN,Federal Contract Tower,0,1,6,0,7,0,30,132,0,162,0,31,138,0,169,148,0,148,317
06/29/2014,FDK,MD,AEA,EN,Federal Contract Tower,0,3,10,0,13,0,0,185,0,185,0,3,195,0,198,202,2,204,402
06/30/2014,FDK,MD,AEA,EN,Federal Contract Tower,0,1,15,0,16,0,4,72,0,76,0,5,87,0,92,124,0,124,216
07/01/2014,FDK,MD,AEA,EN,Federal Contract Tower,0,8,11,0,19,0,2,91,0,93,0,10,102,0,112,74,0,74,186
07/02/2014,FDK,MD,AEA,EN,Federal Contract Tower,0,5,6,0,11,0,24,51,0,75,0,29,57,0,86,32,0,32,118
07/03/2014,FDK,MD,AEA,EN,Federal Contract Tower,0,2,9,3,14,0,2,59,2,63,0,4,68,5,77,104,3,107,184
07/04/2014,FDK,MD,AEA,EN,Federal Contract Tower,0,0,8,0,8,0,6,50,0,56,0,6,58,0,64,54,0,54,118
07/05/2014,FDK,MD,AEA,EN,Federal Contract Tower,0,1,6,0,7,0,7,172,4,183,0,8,178,4,190,160,0,160,350
07/06/2014,FDK,MD,AEA,EN,Federal Contract Tower,0,2,20,0,22,0,2,179,2,183,0,4,199,2,205,166,2,168,373
07/07/2014,FDK,MD,AEA,EN,Federal Contract Tower,0,8,11,0,19,0,2,118,3,123,0,10,129,3,142,58,4,62,204
07/08/2014,FDK,MD,AEA,EN,Federal Contract Tower,0,2,9,0,11,0,5,88,0,93,0,7,97,0,104,180,2,182,286
07/09/2014,FDK,MD,AEA,EN,Federal Contract Tower,0,0,21,0,21,0,2,96,14,112,0,2,117,14,133,134,4,138,271
07/10/2014,FDK,MD,AEA,EN,Federal Contract Tower,0,4,13,0,17,0,2,75,4,81,0,6,88,4,98,132,0,132,230
07/11/2014,FDK,MD,AEA,EN,Federal Contract Tower,0,1,13,1,15,0,0,126,0,126,0,1,139,1,141,182,0,182,323
07/12/2014,FDK,MD,AEA,EN,Federal Contract Tower,0,1,16,0,17,0,3,168,29,200,0,4,184,29,217,168,6,174,391
07/13/2014,FDK,MD,AEA,EN,Federal Contract Tower,0,2,9,0,11,0,1,116,3,120,0,3,125,3,131,216,2,218,349
07/14/2014,FDK,MD,AEA,EN,Federal Contract Tower,0,4,11,0,15,0,2,63,2,67,0,6,74,2,82,92,0,92,174
07/15/2014,FDK,MD,AEA,EN,Federal Contract Tower,0,6,17,0,23,0,0,52,3,55,0,6,69,3,78,84,0,84,162
07/16/2014,FDK,MD,AEA,EN,Federal Contract Tower,0,2,21,0,23,0,7,109,3,119,0,9,130,3,142,82,2,84,226
07/17/2014,FDK,MD,AEA,EN,Federal Contract Tower,0,5,16,0,21,0,3,184,1,188,0,8,200,1,209,164,0,164,373
07/18/2014,FDK,MD,AEA,EN,Federal Contract Tower,0,1,16,0,17,0,2,153,11,166,0,3,169,11,183,258,2,260,443
07/19/2014,FDK,MD,AEA,EN,Federal Contract Tower,0,5,5,0,10,0,4,133,2,139,0,9,138,2,149,122,0,122,271
07/20/2014,FDK,MD,AEA,EN,Federal Contract Tower,0,4,16,0,20,0,5,140,0,145,0,9,156,0,165,154,2,156,321
07/21/2014,FDK,MD,AEA,EN,Federal Contract Tower,0,2,29,0,31,0,10,85,2,97,0,12,114,2,128,100,2,102,230
07/22/2014,FDK,MD,AEA,EN,Federal Contract Tower,0,2,15,0,17,0,2,72,1,75,0,4,87,1,92,166,0,166,258
07/23/2014,FDK,MD,AEA,EN,Federal Contract Tower,0,0,15,0,15,0,2,104,0,106,0,2,119,0,121,104,0,104,225
07/24/2014,FDK,MD,AEA,EN,Federal Contract Tower,0,2,20,0,22,0,1,87,0,88,0,3,107,0,110,88,0,88,198
07/25/2014,FDK,MD,AEA,EN,Federal Contract Tower,0,2,11,0,13,0,8,162,2,172,0,10,173,2,185,256,0,256,441
07/26/2014,FDK,MD,AEA,EN,Federal Contract Tower,0,1,21,0,22,0,11,178,3,192,0,12,199,3,214,200,0,200,414
07/27/2014,FDK,MD,AEA,EN,Federal Contract Tower,0,8,8,0,16,0,1,58,0,59,0,9,66,0,75,42,0,42,117
07/28/2014,FDK,MD,AEA,EN,Federal Contract Tower,0,2,8,0,10,0,6,36,1,43,0,8,44,1,53,28,0,28,81
07/29/2014,FDK,MD,AEA,EN,Federal Contract Tower,0,8,17,2,27,0,19,94,13,126,0,27,111,15,153,120,8,128,281
07/30/2014,FDK,MD,AEA,EN,Federal Contract Tower,0,3,14,2,19,0,8,169,4,181,0,11,183,6,200,166,2,168,368
07/31/2014,FDK,MD,AEA,EN,Federal Contract Tower,0,2,13,1,16,0,6,101,3,110,0,8,114,4,126,80,0,80,206
08/01/2014,FDK,MD,AEA,EN,Federal Contract Tower,0,1,12,0,13,0,1,67,6,74,0,2,79,6,87,112,0,112,199
08/02/2014,FDK,MD,AEA,EN,Federal Contract Tower,0,0,12,1,13,0,19,64,8,91,0,19,76,9,104,128,0,128,232
08/03/2014,FDK,MD,AEA,EN,Federal Contract Tower,0,4,18,3,25,0,12,40,1,53,0,16,58,4,78,50,0,50,128
08/04/2014,FDK,MD,AEA,EN,Federal Contract Tower,0,1,10,0,11,0,0,72,0,72,0,1,82,0,83,140,0,140,223
08/05/2014,FDK,MD,AEA,EN,Federal Contract Tower,0,2,14,0,16,0,14,94,4,112,0,16,108,4,128,126,0,126,254
08/06/2014,FDK,MD,AEA,EN,Federal Contract Tower,0,1,14,0,15,0,2,77,0,79,0,3,91,0,94,118,0,118,212
08/07/2014,FDK,MD,AEA,EN,Federal Contract Tower,0,0,8,0,8,0,3,132,5,140,0,3,140,5,148,102,0,102,250
08/08/2014,FDK,MD,AEA,EN,Federal Contract Tower,0,2,23,1,26,0,16,153,2,171,0,18,176,3,197,132,0,132,329
08/09/2014,FDK,MD,AEA,EN,Federal Contract Tower,0,2,15,0,17,0,11,104,7,122,0,13,119,7,139,159,0,159,298
08/10/2014,FDK,MD,AEA,EN,Federal Contract Tower,0,3,21,0,24,0,11,123,5,139,0,14,144,5,163,204,0,204,367
08/11/2014,FDK,MD,AEA,EN,Federal Contract Tower,0,0,11,0,11,0,6,91,0,97,0,6,102,0,108,76,0,76,184
08/12/2014,FDK,MD,AEA,EN,Federal Contract Tower,0,0,10,0,10,0,3,1,0,4,0,3,11,0,14,0,0,0,14
08/13/2014,FDK,MD,AEA,EN,Federal Contract Tower,0,0,14,1,15,0,1,120,7,128,0,1,134,8,143,156,0,156,299
08/14/2014,FDK,MD,AEA,EN,Federal Contract Tower,0,1,12,0,13,0,7,187,3,197,0,8,199,3,210,160,2,162,372
08/15/2014,FDK,MD,AEA,EN,Federal Contract Tower,0,1,14,0,15,0,15,99,11,125,0,16,113,11,140,86,0,86,226
08/16/2014,FDK,MD,AEA,EN,Federal Contract Tower,0,1,10,0,11,0,11,183,7,201,0,12,193,7,212,220,6,226,438
08/17/2014,FDK,MD,AEA,EN,Federal Contract Tower,0,1,17,0,18,0,1,102,5,108,0,2,119,5,126,166,0,166,292
08/18/2014,FDK,MD,AEA,EN,Federal Contract Tower,0,2,13,0,15,0,10,103,2,115,0,12,116,2,130,150,0,150,280
08/19/2014,FDK,MD,AEA,EN,Federal Contract Tower,0,0,17,4,21,0,14,100,5,119,0,14,117,9,140,130,6,136,276
08/20/2014,FDK,MD,AEA,EN,Federal Contract Tower,0,3,5,1,9,0,1,46,0,47,0,4,51,1,56,122,0,122,178
08/21/2014,FDK,MD,AEA,EN,Federal Contract Tower,0,0,11,8,19,0,3,55,2,60,0,3,66,10,79,61,0,61,140
08/22/2014,FDK,MD,AEA,EN,Federal Contract Tower,0,1,9,0,10,0,2,64,1,67,0,3,73,1,77,150,0,150,227
08/23/2014,FDK,MD,AEA,EN,Federal Contract Tower,0,3,27,0,30,0,0,0,0,0,0,3,27,0,30,0,0,0,30
08/24/2014,FDK,MD,AEA,EN,Federal Contract Tower,0,3,21,0,24,0,7,162,6,175,0,10,183,6,199,172,0,172,371
08/25/2014,FDK,MD,AEA,EN,Federal Contract Tower,0,2,6,0,8,0,10,93,2,105,0,12,99,2,113,84,0,84,197
08/26/2014,FDK,MD,AEA,EN,Federal Contract Tower,0,1,4,0,5,0,5,136,9,150,0,6,140,9,155,180,2,182,337
08/27/2014,FDK,MD,AEA,EN,Federal Contract Tower,0,0,10,2,12,0,4,126,11,141,0,4,136,13,153,140,0,140,293
08/28/2014,FDK,MD,AEA,EN,Federal Contract Tower,0,2,12,0,14,0,4,100,0,104,0,6,112,0,118,126,0,126,244
08/29/2014,FDK,MD,AEA,EN,Federal Contract Tower,0,5,15,0,20,0,16,132,2,150,0,21,147,2,170,140,0,140,310
08/30/2014,FDK,MD,AEA,EN,Federal Contract Tower,0,2,13,0,15,0,5,122,4,131,0,7,135,4,146,268,4,272,418
08/31/2014,FDK,MD,AEA,EN,Federal Contract Tower,0,0,9,0,9,0,1,66,0,67,0,1,75,0,76,130,0,130,206
09/01/2014,FDK,MD,AEA,EN,Federal Contract Tower,0,6,20,1,27,0,3,87,0,90,0,9,107,1,117,146,0,146,263
09/02/2014,FDK,MD,AEA,EN,Federal Contract Tower,0,5,9,0,14,0,8,51,1,60,0,13,60,1,74,90,0,90,164
09/03/2014,FDK,MD,AEA,EN,Federal Contract Tower,0,4,10,0,14,0,10,102,4,116,0,14,112,4,130,154,0,154,284
09/04/2014,FDK,MD,AEA,EN,Federal Contract Tower,0,3,25,0,28,0,6,94,0,100,0,9,119,0,128,124,0,124,252
09/05/2014,FDK,MD,AEA,EN,Federal Contract Tower,0,7,24,0,31,0,9,82,0,91,0,16,106,0,122,122,0,122,244
09/06/2014,FDK,MD,AEA,EN,Federal Contract Tower,0,0,7,0,7,0,18,102,3,123,0,18,109,3,130,92,0,92,222
09/07/2014,FDK,MD,AEA,EN,Federal Contract Tower,0,6,14,0,20,0,7,176,3,186,0,13,190,3,206,146,0,146,352
09/08/2014,FDK,MD,AEA,EN,Federal Contract Tower,0,4,15,0,19,0,2,82,3,87,0,6,97,3,106,136,0,136,242
09/09/2014,FDK,MD,AEA,EN,Federal Contract Tower,0,3,20,1,24,0,4,40,6,50,0,7,60,7,74,184,28,212,286
09/10/2014,FDK,MD,AEA,EN,Federal Contract Tower,0,8,16,0,24,0,16,98,0,114,0,24,114,0,138,220,0,220,358
09/11/2014,FDK,MD,AEA,EN,Federal Contract Tower,0,4,9,0,13,0,5,58,0,63,0,9,67,0,76,40,0,40,116
09/12/2014,FDK,MD,AEA,EN,Federal Contract Tower,0,7,12,0,19,0,12,122,1,135,0,19,134,1,154,156,0,156,310
09/13/2014,FDK,MD,AEA,EN,Federal Contract Tower,0,1,17,0,18,0,0,11,0,11,0,1,28,0,29,26,0,26,55
09/14/2014,FDK,MD,AEA,EN,Federal Contract Tower,0,1,19,0,20,0,11,203,3,217,0,12,222,3,237,250,2,252,489
09/15/2014,FDK,MD,AEA,EN,Federal Contract Tower,0,1,12,0,13,0,5,127,2,134,0,6,139,2,147,178,0,178,325
09/16/2014,FDK,MD,AEA,EN,Federal Contract Tower,0,0,7,0,7,0,7,139,0,146,0,7,146,0,153,128,0,128,281
09/17/2014,FDK,MD,AEA,EN,Federal Contract Tower,0,1,18,0,19,0,17,130,10,157,0,18,148,10,176,188,0,188,364
09/18/2014,FDK,MD,AEA,EN,Federal Contract Tower,0,3,13,0,16,0,15,101,6,122,0,18,114,6,138,150,0,150,288
09/19/2014,FDK,MD,AEA,EN,Federal Contract Tower,0,2,20,0,22,0,3,128,15,146,0,5,148,15,168,164,10,174,342
09/20/2014,FDK,MD,AEA,EN,Federal Contract Tower,0,4,23,0,27,0,9,109,2,120,0,13,132,2,147,86,0,86,233
09/21/2014,FDK,MD,AEA,EN,Federal Contract Tower,0,1,21,0,22,0,11,139,11,161,0,12,160,11,183,144,0,144,327
09/22/2014,FDK,MD,AEA,EN,Federal Contract Tower,0,0,6,2,8,0,12,52,2,66,0,12,58,4,74,36,0,36,110
09/23/2014,FDK,MD,AEA,EN,Federal Contract Tower,0,2,13,0,15,0,18,129,2,149,0,20,142,2,164,156,0,156,320
09/24/2014,FDK,MD,AEA,EN,Federal Contract Tower,0,0,7,0,7,0,48,76,4,128,0,48,83,4,135,180,0,180,315
09/25/2014,FDK,MD,AEA,EN,Federal Contract Tower,0,9,28,2,39,0,4,9,0,13,0,13,37,2,52,44,0,44,96
09/26/2014,FDK,MD,AEA,EN,Federal Contract Tower,0,2,21,0,23,0,9,126,0,135,0,11,147,0,158,150,0,150,308
09/27/2014,FDK,MD,AEA,EN,Federal Contract Tower,0,3,10,0,13,0,4,173,3,180,0,7,183,3,193,142,0,142,335
09/28/2014,FDK,MD,AEA,EN,Federal Contract Tower,0,1,22,0,23,0,0,182,1,183,0,1,204,1,206,228,0,228,434
09/29/2014,FDK,MD,AEA,EN,Federal Contract Tower,0,3,9,0,12,0,13,78,0,91,0,16,87,0,103,170,0,170,273
09/30/2014,FDK,MD,AEA,EN,Federal Contract Tower,0,2,28,0,30,0,10,69,2,81,0,12,97,2,111,66,0,66,177
10/01/2014,FDK,MD,AEA,EN,Federal Contract Tower,0,6,21,0,27,0,8,48,0,56,0,14,69,0,83,166,0,166,249
10/02/2014,FDK,MD,AEA,EN,Federal Contract Tower,0,3,34,0,37,0,3,92,0,95,0,6,126,0,132,168,0,168,300
10/03/2014,FDK,MD,AEA,EN,Federal Contract Tower,0,5,54,0,59,1,5,59,0,65,1,10,113,0,124,44,0,44,168
10/04/2014,FDK,MD,AEA,EN,Federal Contract Tower,0,6,142,0,148,0,2,359,0,361,0,8,501,0,509,0,0,0,509
10/05/2014,FDK,MD,AEA,EN,Federal Contract Tower,0,10,42,0,52,0,8,159,6,173,0,18,201,6,225,124,0,124,349
10/06/2014,FDK,MD,AEA,EN,Federal Contract Tower,0,3,14,1,18,0,23,100,4,127,0,26,114,5,145,128,0,128,273
10/07/2014,FDK,MD,AEA,EN,Federal Contract Tower,0,2,10,0,12,0,3,83,10,96,0,5,93,10,108,144,0,144,252
10/08/2014,FDK,MD,AEA,EN,Federal Contract Tower,0,3,4,1,8,0,12,88,4,104,0,15,92,5,112,156,0,156,268
10/09/2014,FDK,MD,AEA,EN,Federal Contract Tower,0,2,13,0,15,0,8,126,2,136,0,10,139,2,151,208,0,208,359
10/10/2014,FDK,MD,AEA,EN,Federal Contract Tower,0,4,18,1,23,0,7,70,0,77,0,11,88,1,100,150,0,150,250
10/11/2014,FDK,MD,AEA,EN,Federal Contract Tower,0,6,17,1,24,0,3,18,2,23,0,9,35,3,47,66,0,66,113
10/12/2014,FDK,MD,AEA,EN,Federal Contract Tower,0,6,18,0,24,0,22,191,0,213,0,28,209,0,237,158,0,158,395
10/13/2014,FDK,MD,AEA,EN,Federal Contract Tower,0,10,12,0,22,0,0,5,0,5,0,10,17,0,27,10,0,10,37
10/14/2014,FDK,MD,AEA,EN,Federal Contract Tower,0,4,23,0,27,0,6,32,4,42,0,10,55,4,69,108,0,108,177
10/15/2014,FDK,MD,AEA,EN,Federal Contract Tower,0,2,13,0,15,0,2,0,0,2,0,4,13,0,17,0,0,0,17
10/16/2014,FDK,MD,AEA,EN,Federal Contract Tower,0,2,48,0,50,0,0,43,2,45,0,2,91,2,95,68,1,69,164
10/17/2014,FDK,MD,AEA,EN,Federal Contract Tower,0,0,10,0,10,0,12,150,0,162,0,12,160,0,172,108,0,108,280
10/18/2014,FDK,MD,AEA,EN,Federal Contract Tower,0,0,20,3,23,0,10,117,8,135,0,10,137,11,158,114,2,116,274
10/19/2014,FDK,MD,AEA,EN,Federal Contract Tower,0,4,12,0,16,0,23,97,0,120,0,27,109,0,136,92,0,92,228
10/20/2014,FDK,MD,AEA,EN,Federal Contract Tower,0,1,8,0,9,0,18,106,0,124,0,19,114,0,133,82,0,82,215
10/21/2014,FDK,MD,AEA,EN,Federal Contract Tower,0,5,7,0,12,0,8,70,0,78,0,13,77,0,90,70,0,70,160
10/22/2014,FDK,MD,AEA,EN,Federal Contract Tower,0,6,16,2,24,0,12,12,0,24,0,18,28,2,48,30,0,30,78
10/23/2014,FDK,MD,AEA,EN,Federal Contract Tower,0,3,12,0,15,0,4,42,6,52,0,7,54,6,67,52,0,52,119
10/24/2014,FDK,MD,AEA,EN,Federal Contract Tower,0,6,25,1,32,0,5,81,6,92,0,11,106,7,124,30,0,30,154
10/25/2014,FDK,MD,AEA,EN,Federal Contract Tower,0,3,5,0,8,0,3,156,2,161,0,6,161,2,169,144,0,144,313
10/26/2014,FDK,MD,AEA,EN,Federal Contract Tower,0,8,24,0,32,0,0,83,0,83,0,8,107,0,115,26,0,26,141
10/27/2014,FDK,MD,AEA,EN,Federal Contract Tower,0,3,13,0,16,0,10,127,0,137,0,13,140,0,153,119,0,119,272
10/28/2014,FDK,MD,AEA,EN,Federal Contract Tower,0,1,2,0,3,0,29,120,2,151,0,30,122,2,154,94,2,96,250
10/29/2014,FDK,MD,AEA,EN,Federal Contract Tower,2,0,10,2,14,0,8,61,0,69,2,8,71,2,83,118,0,118,201
10/30/2014,FDK,MD,AEA,EN,Federal Contract Tower,0,2,15,1,18,0,4,114,6,124,0,6,129,7,142,122,0,122,264
10/31/2014,FDK,MD,AEA,EN,Federal Contract Tower,0,1,17,0,18,0,3,152,2,157,0,4,169,2,175,147,0,147,322
11/01/2014,FDK,MD,AEA,EN,Federal Contract Tower,0,1,7,4,12,0,6,10,0,16,0,7,17,4,28,10,0,10,38
11/02/2014,FDK,MD,AEA,EN,Federal Contract Tower,0,4,6,0,10,0,8,9,0,17,0,12,15,0,27,0,0,0,27
11/03/2014,FDK,MD,AEA,EN,Federal Contract Tower,0,3,9,0,12,0,0,100,3,103,0,3,109,3,115,106,0,106,221
11/04/2014,FDK,MD,AEA,EN,Federal Contract Tower,0,3,7,3,13,0,6,106,6,118,0,9,113,9,131,148,0,148,279
11/05/2014,FDK,MD,AEA,EN,Federal Contract Tower,0,2,11,0,13,0,4,110,2,116,0,6,121,2,129,79,0,79,208
11/06/2014,FDK,MD,AEA,EN,Federal Contract Tower,0,2,18,0,20,0,11,3,0,14,0,13,21,0,34,0,0,0,34
11/07/2014,FDK,MD,AEA,EN,Federal Contract Tower,0,3,7,0,10,0,1,34,1,36,0,4,41,1,46,10,0,10,56
11/08/2014,FDK,MD,AEA,EN,Federal Contract Tower,0,0,10,0,10,0,53,131,5,189,0,53,141,5,199,164,0,164,363
11/09/2014,FDK,MD,AEA,EN,Federal Contract Tower,0,1,13,0,14,0,29,86,2,117,0,30,99,2,131,92,0,92,223
11/10/2014,FDK,MD,AEA,EN,Federal Contract Tower,0,1,6,0,7,0,25,78,0,103,0,26,84,0,110,80,0,80,190
11/11/2014,FDK,MD,AEA,EN,Federal Contract Tower,0,1,15,4,20,0,24,120,0,144,0,25,135,4,164,158,0,158,322
11/12/2014,FDK,MD,AEA,EN,Federal Contract Tower,0,0,27,0,27,0,23,79,3,105,0,23,106,3,132,84,4,88,220
11/13/2014,FDK,MD,AEA,EN,Federal Contract Tower,0,2,8,0,10,0,6,31,0,37,0,8,39,0,47,58,6,64,111
11/14/2014,FDK,MD,AEA,EN,Federal Contract Tower,0,2,5,0,7,0,19,81,16,116,0,21,86,16,123,82,0,82,205
11/15/2014,FDK,MD,AEA,EN,Federal Contract Tower,0,2,15,0,17,0,12,142,3,157,0,14,157,3,174,118,0,118,292
11/16/2014,FDK,MD,AEA,EN,Federal Contract Tower,0,4,14,0,18,0,5,146,4,155,0,9,160,4,173,178,0,178,351
11/17/2014,FDK,MD,AEA,EN,Federal Contract Tower,0,4,10,0,14,0,7,0,0,7,0,11,10,0,21,0,2,2,23
11/18/2014,FDK,MD,AEA,EN,Federal Contract Tower,0,3,8,0,11,0,3,12,6,21,0,6,20,6,32,16,2,18,50
11/19/2014,FDK,MD,AEA,EN,Federal Contract Tower,0,0,13,0,13,0,12,99,0,111,0,12,112,0,124,78,0,78,202
11/20/2014,FDK,MD,AEA,EN,Federal Contract Tower,0,0,5,0,5,0,12,71,0,83,0,12,76,0,88,128,0,128,216
11/21/2014,FDK,MD,AEA,EN,Federal Contract Tower,0,2,13,0,15,0,20,95,0,115,0,22,108,0,130,110,0,110,240
11/22/2014,FDK,MD,AEA,EN,Federal Contract Tower,0,2,5,0,7,0,22,176,1,199,0,24,181,1,206,122,0,122,328
11/23/2014,FDK,MD,AEA,EN,Federal Contract Tower,0,4,4,0,8,0,19,113,0,132,0,23,117,0,140,172,0,172,312
11/24/2014,FDK,MD,AEA,EN,Federal Contract Tower,0,4,10,0,14,0,2,40,0,42,0,6,50,0,56,20,0,20,76
11/25/2014,FDK,MD,AEA,EN,Federal Contract Tower,0,3,16,0,19,0,28,128,0,156,0,31,144,0,175,168,0,168,343
11/26/2014,FDK,MD,AEA,EN,Federal Contract Tower,0,3,4,0,7,0,0,1,0,1,0,3,5,0,8,0,0,0,8
11/27/2014,FDK,MD,AEA,EN,Federal Contract Tower,0,3,3,0,6,0,3,22,0,25,0,6,25,0,31,20,0,20,51
11/28/2014,FDK,MD,AEA,EN,Federal Contract Tower,0,2,2,1,5,0,0,67,0,67,0,2,69,1,72,42,0,42,114
11/29/2014,FDK,MD,AEA,EN,Federal Contract Tower,0,3,12,0,15,0,13,85,2,100,0,16,97,2,115,132,0,132,247
11/30/2014,FDK,MD,AEA,EN,Federal Contract Tower,0,4,11,2,17,0,56,147,10,213,0,60,158,12,230,152,0,152,382
12/01/2014,FDK,MD,AEA,EN,Federal Contract Tower,0,2,8,2,12,0,33,49,5,87,0,35,57,7,99,52,0,52,151
12/02/2014,FDK,MD,AEA,EN,Federal Contract Tower,0,2,4,0,6,0,0,0,0,0,0,2,4,0,6,0,0,0,6
12/03/2014,FDK,MD,AEA,EN,Federal Contract Tower,0,14,12,0,26,0,12,6,2,20,0,26,18,2,46,2,0,2,48
12/04/2014,FDK,MD,AEA,EN,Federal Contract Tower,0,0,12,2,14,0,31,87,0,118,0,31,99,2,132,108,0,108,240
12/05/2014,FDK,MD,AEA,EN,Federal Contract Tower,0,2,6,2,10,0,2,18,0,20,0,4,24,2,30,34,0,34,64
12/06/2014,FDK,MD,AEA,EN,Federal Contract Tower,0,2,15,0,17,0,0,0,0,0,0,2,15,0,17,0,0,0,17
12/07/2014,FDK,MD,AEA,EN,Federal Contract Tower,0,3,12,0,15,0,3,60,1,64,0,6,72,1,79,56,0,56,135
12/08/2014,FDK,MD,AEA,EN,Federal Contract Tower,0,3,4,0,7,0,18,35,0,53,0,21,39,0,60,56,0,56,116
12/09/2014,FDK,MD,AEA,EN,Federal Contract Tower,0,1,3,0,4,0,0,0,0,0,0,1,3,0,4,20,0,20,24
12/10/2014,FDK,MD,AEA,EN,Federal Contract Tower,0,2,5,1,8,0,0,11,3,14,0,2,16,4,22,12,6,18,40
12/11/2014,FDK,MD,AEA,EN,Federal Contract Tower,0,2,5,0,7,0,2,19,2,23,0,4,24,2,30,20,0,20,50
12/12/2014,FDK,MD,AEA,EN,Federal Contract Tower,0,1,8,0,9,0,8,96,1,105,0,9,104,1,114,114,0,114,228
12/13/2014,FDK,MD,AEA,EN,Federal Contract Tower,0,2,10,0,12,0,11,132,2,145,0,13,142,2,157,96,0,96,253
12/14/2014,FDK,MD,AEA,EN,Federal Contract Tower,0,2,14,0,16,0,9,114,3,126,0,11,128,3,142,116,0,116,258
12/15/2014,FDK,MD,AEA,EN,Federal Contract Tower,0,4,11,0,15,0,21,117,6,144,0,25,128,6,159,212,6,218,377
12/16/2014,FDK,MD,AEA,EN,Federal Contract Tower,0,4,5,0,9,0,0,0,0,0,0,4,5,0,9,0,0,0,9
12/17/2014,FDK,MD,AEA,EN,Federal Contract Tower,0,0,9,0,9,0,3,83,4,90,0,3,92,4,99,64,4,68,167
12/18/2014,FDK,MD,AEA,EN,Federal Contract Tower,0,0,11,0,11,0,12,95,2,109,0,12,106,2,120,72,0,72,192
12/19/2014,FDK,MD,AEA,EN,Federal Contract Tower,0,3,9,0,12,0,23,104,9,136,0,26,113,9,148,128,0,128,276
12/20/2014,FDK,MD,AEA,EN,Federal Contract Tower,0,1,10,0,11,0,0,142,3,145,0,1,152,3,156,206,0,206,362
12/21/2014,FDK,MD,AEA,EN,Federal Contract Tower,0,2,4,1,7,0,2,159,5,166,0,4,163,6,173,170,0,170,343
12/22/2014,FDK,MD,AEA,EN,Federal Contract Tower,0,0,6,0,6,0,8,27,0,35,0,8,33,0,41,74,0,74,115
12/23/2014,FDK,MD,AEA,EN,Federal Contract Tower,0,0,6,0,6,0,0,0,0,0,0,0,6,0,6,0,0,0,6
12/24/2014,FDK,MD,AEA,EN,Federal Contract Tower,0,2,0,0,2,0,0,0,0,0,0,2,0,0,2,0,0,0,2
12/25/2014,FDK,MD,AEA,EN,Federal Contract Tower,0,0,4,0,4,0,0,13,0,13,0,0,17,0,17,8,0,8,25
12/26/2014,FDK,MD,AEA,EN,Federal Contract Tower,0,3,14,0,17,0,5,140,8,153,0,8,154,8,170,114,4,118,288
12/27/2014,FDK,MD,AEA,EN,Federal Contract Tower,0,2,16,0,18,0,26,169,3,198,0,28,185,3,216,170,0,170,386
12/28/2014,FDK,MD,AEA,EN,Federal Contract Tower,0,2,11,0,13,0,18,75,10,103,0,20,86,10,116,140,0,140,256
12/29/2014,FDK,MD,AEA,EN,Federal Contract Tower,0,2,6,0,8,0,30,79,4,113,0,32,85,4,121,78,0,78,199
12/30/2014,FDK,MD,AEA,EN,Federal Contract Tower,0,4,5,0,9,0,13,132,2,147,0,17,137,2,156,142,0,142,298
12/31/2014,FDK,MD,AEA,EN,Federal Contract Tower,0,3,6,0,9,0,9,105,1,115,0,12,111,1,124,96,0,96,220
01/01/2015,FDK,MD,AEA,EN,Federal Contract Tower,0,1,9,0,10,0,0,38,0,38,0,1,47,0,48,14,0,14,62
01/02/2015,FDK,MD,AEA,EN,Federal Contract Tower,0,4,9,0,13,0,13,145,6,164,0,17,154,6,177,122,0,122,299
01/03/2015,FDK,MD,AEA,EN,Federal Contract Tower,0,2,1,0,3,0,0,0,0,0,0,2,1,0,3,0,0,0,3
01/04/2015,FDK,MD,AEA,EN,Federal Contract Tower,0,7,11,0,18,0,0,8,0,8,0,7,19,0,26,20,0,20,46
01/05/2015,FDK,MD,AEA,EN,Federal Contract Tower,0,0,0,0,0,0,4,12,1,17,0,4,12,1,17,30,2,32,49
01/06/2015,FDK,MD,AEA,EN,Federal Contract Tower,0,0,4,0,4,0,4,0,0,4,0,4,4,0,8,0,0,0,8
01/07/2015,FDK,MD,AEA,EN,Federal Contract Tower,0,0,3,0,3,0,2,4,0,6,0,2,7,0,9,22,0,22,31
01/08/2015,FDK,MD,AEA,EN,Federal Contract Tower,0,0,1,0,1,0,12,48,3,63,0,12,49,3,64,58,0,58,122
01/09/2015,FDK,MD,AEA,EN,Federal Contract Tower,0,3,4,1,8,0,1,79,12,92,0,4,83,13,100,64,0,64,164
01/10/2015,FDK,MD,AEA,EN,Federal Contract Tower,0,1,5,0,6,0,5,95,0,100,0,6,100,0,106,22,0,22,128
01/11/2015,FDK,MD,AEA,EN,Federal Contract Tower,0,0,3,1,4,0,22,136,0,158,0,22,139,1,162,108,2,110,272
01/12/2015,FDK,MD,AEA,EN,Federal Contract Tower,0,0,0,0,0,0,0,0,0,0,0,0,0,0,0,0,0,0,0
01/13/2015,FDK,MD,AEA,EN,Federal Contract Tower,0,1,7,0,8,0,6,50,9,65,0,7,57,9,73,62,18,80,153
01/14/2015,FDK,MD,AEA,EN,Federal Contract Tower,0,2,6,0,8,0,7,13,0,20,0,9,19,0,28,70,0,70,98
01/15/2015,FDK,MD,AEA,EN,Federal Contract Tower,0,2,8,1,11,0,6,81,2,89,0,8,89,3,100,74,0,74,174
01/16/2015,FDK,MD,AEA,EN,Federal Contract Tower,0,3,16,0,19,0,2,68,0,70,0,5,84,0,89,116,0,116,205
01/17/2015,FDK,MD,AEA,EN,Federal Contract Tower,0,2,8,0,10,0,8,171,4,183,0,10,179,4,193,158,0,158,351
01/18/2015,FDK,MD,AEA,EN,Federal Contract Tower,0,0,7,0,7,0,2,7,0,9,0,2,14,0,16,2,0,2,18
01/19/2015,FDK,MD,AEA,EN,Federal Contract Tower,0,5,17,0,22,0,8,93,8,109,0,13,110,8,131,76,0,76,207
01/20/2015,FDK,MD,AEA,EN,Federal Contract Tower,0,1,3,0,4,0,8,94,2,104,0,9,97,2,108,116,0,116,224
01/21/2015,FDK,MD,AEA,EN,Federal Contract Tower,0,0,3,0,3,0,2,0,0,2,0,2,3,0,5,0,0,0,5
01/22/2015,FDK,MD,AEA,EN,Federal Contract Tower,0,1,5,2,8,0,2,44,0,46,0,3,49,2,54,28,0,28,82
01/23/2015,FDK,MD,AEA,EN,Federal Contract Tower,0,2,11,0,13,0,0,83,1,84,0,2,94,1,97,118,0,118,215
01/24/2015,FDK,MD,AEA,EN,Federal Contract Tower,0,1,4,0,5,0,2,8,2,12,0,3,12,2,17,0,0,0,17
01/25/2015,FDK,MD,AEA,EN,Federal Contract Tower,0,1,6,0,7,0,7,114,2,123,0,8,120,2,130,152,0,152,282
01/26/2015,FDK,MD,AEA,EN,Federal Contract Tower,0,0,0,0,0,0,0,0,0,0,0,0,0,0,0,0,0,0,0
01/27/2015,FDK,MD,AEA,EN,Federal Contract Tower,0,1,8,0,9,0,0,2,0,2,0,1,10,0,11,2,0,2,13
01/28/2015,FDK,MD,AEA,EN,Federal Contract Tower,0,5,4,0,9,0,16,64,3,83,0,21,68,3,92,46,20,66,158
01/29/2015,FDK,MD,AEA,EN,Federal Contract Tower,0,3,2,2,7,0,2,26,2,30,0,5,28,4,37,30,10,40,77
01/30/2015,FDK,MD,AEA,EN,Federal Contract Tower,0,0,1,2,3,0,2,4,0,6,0,2,5,2,9,0,0,0,9
01/31/2015,FDK,MD,AEA,EN,Federal Contract Tower,0,2,7,0,9,0,13,115,0,128,0,15,122,0,137,106,0,106,243
02/01/2015,FDK,MD,AEA,EN,Federal Contract Tower,0,3,3,0,6,0,5,47,0,52,0,8,50,0,58,106,0,106,164
02/02/2015,FDK,MD,AEA,EN,Federal Contract Tower,0,2,0,0,2,0,0,2,0,2,0,2,2,0,4,4,0,4,8
02/03/2015,FDK,MD,AEA,EN,Federal Contract Tower,0,0,10,2,12,0,12,66,11,89,0,12,76,13,101,18,0,18,119
02/04/2015,FDK,MD,AEA,EN,Federal Contract Tower,0,0,4,0,4,0,8,102,0,110,0,8,106,0,114,118,0,118,232
02/05/2015,FDK,MD,AEA,EN,Federal Contract Tower,0,0,1,2,3,0,8,7,2,17,0,8,8,4,20,0,0,0,20
02/06/2015,FDK,MD,AEA,EN,Federal Contract Tower,0,1,5,2,8,0,3,113,0,116,0,4,118,2,124,73,2,75,199
02/07/2015,FDK,MD,AEA,EN,Federal Contract Tower,0,1,2,1,4,0,5,117,7,129,0,6,119,8,133,192,8,200,333
02/08/2015,FDK,MD,AEA,EN,Federal Contract Tower,0,1,10,2,13,0,14,143,3,160,0,15,153,5,173,82,5,87,260
02/09/2015,FDK,MD,AEA,EN,Federal Contract Tower,0,6,0,0,6,0,0,0,0,0,0,6,0,0,6,0,0,0,6
02/10/2015,FDK,MD,AEA,EN,Federal Contract Tower,0,0,6,0,6,0,2,20,2,24,0,2,26,2,30,8,0,8,38
02/11/2015,FDK,MD,AEA,EN,Federal Contract Tower,0,0,11,0,11,0,2,125,0,127,0,2,136,0,138,90,0,90,228
02/12/2015,FDK,MD,AEA,EN,Federal Contract Tower,0,1,3,0,4,0,0,19,4,23,0,1,22,4,27,18,0,18,45
02/13/2015,FDK,MD,AEA,EN,Federal Contract Tower,0,0,14,0,14,0,3,72,0,75,0,3,86,0,89,46,0,46,135
02/14/2015,FDK,MD,AEA,EN,Federal Contract Tower,0,1,2,0,3,0,2,38,1,41,0,3,40,1,44,56,0,56,100
02/15/2015,FDK,MD,AEA,EN,Federal Contract Tower,0,0,2,0,2,0,0,2,0,2,0,0,4,0,4,0,0,0,4
02/16/2015,FDK,MD,AEA,EN,Federal Contract Tower,0,1,8,0,9,0,0,40,0,40,0,1,48,0,49,32,0,32,81
02/17/2015,FDK,MD,AEA,EN,Federal Contract Tower,0,0,1,0,1,0,10,25,0,35,0,10,26,0,36,38,0,38,74
02/18/2015,FDK,MD,AEA,EN,Federal Contract Tower,0,0,4,0,4,0,27,7,0,34,0,27,11,0,38,0,0,0,38
02/19/2015,FDK,MD,AEA,EN,Federal Contract Tower,0,4,5,0,9,0,2,13,0,15,0,6,18,0,24,6,0,6,30
02/20/2015,FDK,MD,AEA,EN,Federal Contract Tower,0,0,1,0,1,0,5,65,8,78,0,5,66,8,79,104,6,110,189
02/21/2015,FDK,MD,AEA,EN,Federal Contract Tower,0,0,1,0,1,0,0,0,0,0,0,0,1,0,1,0,0,0,1
02/22/2015,FDK,MD,AEA,EN,Federal Contract Tower,0,0,3,0,3,0,0,39,0,39,0,0,42,0,42,26,0,26,68
02/23/2015,FDK,MD,AEA,EN,Federal Contract Tower,0,2,7,0,9,0,10,40,1,51,0,12,47,1,60,28,4,32,92
02/24/2015,FDK,MD,AEA,EN,Federal Contract Tower,0,4,3,0,7,0,25,68,0,93,0,29,71,0,100,92,0,92,192
02/25/2015,FDK,MD,AEA,EN,Federal Contract Tower,0,0,1,0,1,0,1,92,3,96,0,1,93,3,97,198,4,202,299
02/26/2015,FDK,MD,AEA,EN,Federal Contract Tower,0,0,1,0,1,0,3,44,3,50,0,3,45,3,51,60,2,62,113
02/27/2015,FDK,MD,AEA,EN,Federal Contract Tower,0,3,12,0,15,0,3,68,0,71,0,6,80,0,86,82,0,82,168
02/28/2015,FDK,MD,AEA,EN,Federal Contract Tower,0,2,6,0,8,0,2,179,3,184,0,4,185,3,192,70,0,70,262
03/01/2015,FDK,MD,AEA,EN,Federal Contract Tower,0,1,3,0,4,0,0,0,0,0,0,1,3,0,4,0,0,0,4
03/02/2015,FDK,MD,AEA,EN,Federal Contract Tower,0,2,2,0,4,0,13,15,0,28,0,15,17,0,32,14,0,14,46
03/03/2015,FDK,MD,AEA,EN,Federal Contract Tower,0,0,2,0,2,0,0,10,0,10,0,0,12,0,12,12,0,12,24
03/04/2015,FDK,MD,AEA,EN,Federal Contract Tower,0,0,11,0,11,0,0,8,0,8,0,0,19,0,19,22,0,22,41
03/05/2015,FDK,MD,AEA,EN,Federal Contract Tower,0,0,2,0,2,0,0,0,0,0,0,0,2,0,2,0,0,0,2
03/06/2015,FDK,MD,AEA,EN,Federal Contract Tower,0,2,13,0,15,0,5,41,6,52,0,7,54,6,67,92,2,94,161
03/07/2015,FDK,MD,AEA,EN,Federal Contract Tower,0,1,7,0,8,0,3,72,2,77,0,4,79,2,85,124,12,136,221
03/08/2015,FDK,MD,AEA,EN,Federal Contract Tower,0,0,8,0,8,0,1,139,3,143,0,1,147,3,151,130,0,130,281
03/09/2015,FDK,MD,AEA,EN,Federal Contract Tower,0,0,5,0,5,0,3,113,2,118,0,3,118,2,123,80,3,83,206
03/10/2015,FDK,MD,AEA,EN,Federal Contract Tower,0,4,12,0,16,0,1,10,0,11,0,5,22,0,27,18,0,18,45
03/11/2015,FDK,MD,AEA,EN,Federal Contract Tower,0,1,11,1,13,0,3,60,8,71,0,4,71,9,84,142,2,144,228
03/12/2015,FDK,MD,AEA,EN,Federal Contract Tower,0,2,9,0,11,0,15,107,6,128,0,17,116,6,139,158,4,162,301
03/13/2015,FDK,MD,AEA,EN,Federal Contract Tower,0,3,7,2,12,0,9,106,0,115,0,12,113,2,127,100,0,100,227
03/14/2015,FDK,MD,AEA,EN,Federal Contract Tower,0,3,12,0,15,0,0,8,0,8,0,3,20,0,23,4,0,4,27
03/15/2015,FDK,MD,AEA,EN,Federal Contract Tower,0,1,10,0,11,0,11,28,0,39,0,12,38,0,50,20,0,20,70
03/16/2015,FDK,MD,AEA,EN,Federal Contract Tower,0,4,16,0,20,0,8,99,1,108,0,12,115,1,128,94,0,94,222
03/17/2015,FDK,MD,AEA,EN,Federal Contract Tower,0,6,8,0,14,0,3,27,0,30,0,9,35,0,44,26,0,26,70
03/18/2015,FDK,MD,AEA,EN,Federal Contract Tower,0,3,2,2,7,0,4,49,0,53,0,7,51,2,60,26,0,26,86
03/19/2015,FDK,MD,AEA,EN,Federal Contract Tower,0,2,14,0,16,0,8,108,5,121,0,10,122,5,137,230,2,232,369
03/20/2015,FDK,MD,AEA,EN,Federal Contract Tower,0,0,27,0,27,0,0,0,0,0,0,0,27,0,27,0,0,0,27
03/21/2015,FDK,MD,AEA,EN,Federal Contract Tower,0,2,31,0,33,0,8,89,5,102,0,10,120,5,135,142,0,142,277
03/22/2015,FDK,MD,AEA,EN,Federal Contract Tower,0,2,16,0,18,0,4,163,4,171,0,6,179,4,189,160,8,168,357
03/23/2015,FDK,MD,AEA,EN,Federal Contract Tower,0,0,18,0,18,0,12,108,2,122,0,12,126,2,140,114,0,114,254
03/24/2015,FDK,MD,AEA,EN,Federal Contract Tower,0,2,7,0,9,0,3,76,5,84,0,5,83,5,93,138,4,142,235
03/25/2015,FDK,MD,AEA,EN,Federal Contract Tower,0,1,11,0,12,0,11,81,2,94,0,12,92,2,106,88,0,88,194
03/26/2015,FDK,MD,AEA,EN,Federal Contract Tower,0,3,12,0,15,0,8,19,0,27,0,11,31,0,42,58,0,58,100
03/27/2015,FDK,MD,AEA,EN,Federal Contract Tower,0,6,14,2,22,0,7,70,2,79,0,13,84,4,101,102,0,102,203
03/28/2015,FDK,MD,AEA,EN,Federal Contract Tower,0,1,3,0,4,0,1,61,0,62,0,2,64,0,66,46,2,48,114
03/29/2015,FDK,MD,AEA,EN,Federal Contract Tower,0,2,23,0,25,0,2,186,8,196,0,4,209,8,221,186,2,188,409
03/30/2015,FDK,MD,AEA,EN,Federal Contract Tower,0,0,3,0,3,0,2,60,0,62,0,2,63,0,65,74,0,74,139
03/31/2015,FDK,MD,AEA,EN,Federal Contract Tower,0,2,11,0,13,0,2,46,1,49,0,4,57,1,62,46,0,46,108
04/01/2015,FDK,MD,AEA,EN,Federal Contract Tower,0,2,11,0,13,0,2,125,6,133,0,4,136,6,146,134,8,142,288
04/02/2015,FDK,MD,AEA,EN,Federal Contract Tower,0,0,16,0,16,0,6,57,5,68,0,6,73,5,84,34,0,34,118
04/03/2015,FDK,MD,AEA,EN,Federal Contract Tower,0,2,16,0,18,0,0,16,0,16,0,2,32,0,34,44,0,44,78
04/04/2015,FDK,MD,AEA,EN,Federal Contract Tower,0,3,3,0,6,0,3,14,0,17,0,6,17,0,23,8,0,8,31
04/05/2015,FDK,MD,AEA,EN,Federal Contract Tower,0,2,8,0,10,0,7,69,2,78,0,9,77,2,88,92,0,92,180
04/06/2015,FDK,MD,AEA,EN,Federal Contract Tower,0,2,12,0,14,0,8,131,2,141,0,10,143,2,155,112,2,114,269
04/07/2015,FDK,MD,AEA,EN,Federal Contract Tower,0,0,5,0,5,0,2,52,0,54,0,2,57,0,59,82,2,84,143
04/08/2015,FDK,MD,AEA,EN,Federal Contract Tower,0,2,15,0,17,0,0,1,0,1,0,2,16,0,18,2,0,2,20
04/09/2015,FDK,MD,AEA,EN,Federal Contract Tower,0,4,13,0,17,0,0,4,0,4,0,4,17,0,21,20,0,20,41
04/10/2015,FDK,MD,AEA,EN,Federal Contract Tower,0,5,1,0,6,0,0,8,0,8,0,5,9,0,14,24,0,24,38
04/11/2015,FDK,MD,AEA,EN,Federal Contract Tower,0,4,10,0,14,0,9,100,7,116,0,13,110,7,130,124,0,124,254
04/12/2015,FDK,MD,AEA,EN,Federal Contract Tower,0,5,9,0,14,0,11,197,1,209,0,16,206,1,223,166,0,166,389
04/13/2015,FDK,MD,AEA,EN,Federal Contract Tower,0,1,7,0,8,0,3,98,2,103,0,4,105,2,111,148,0,148,259
04/14/2015,FDK,MD,AEA,EN,Federal Contract Tower,0,1,13,2,16,0,0,10,2,12,0,1,23,4,28,30,2,32,60
04/15/2015,FDK,MD,AEA,EN,Federal Contract Tower,0,0,22,0,22,0,5,126,6,137,0,5,148,6,159,202,0,202,361
04/16/2015,FDK,MD,AEA,EN,Federal Contract Tower,0,1,19,0,20,0,11,123,2,136,0,12,142,2,156,158,8,166,322
04/17/2015,FDK,MD,AEA,EN,Federal Contract Tower,0,1,18,0,19,0,3,101,2,106,0,4,119,2,125,180,2,182,307
04/18/2015,FDK,MD,AEA,EN,Federal Contract Tower,0,0,8,0,8,0,19,174,2,195,0,19,182,2,203,224,0,224,427
04/19/2015,FDK,MD,AEA,EN,Federal Contract Tower,0,3,8,2,13,0,3,115,4,122,0,6,123,6,135,160,0,160,295
04/20/2015,FDK,MD,AEA,EN,Federal Contract Tower,0,1,8,0,9,0,1,24,0,25,0,2,32,0,34,68,0,68,102
04/21/2015,FDK,MD,AEA,EN,Federal Contract Tower,0,2,19,0,21,0,6,62,3,71,0,8,81,3,92,50,2,52,144
04/22/2015,FDK,MD,AEA,EN,Federal Contract Tower,0,0,10,0,10,0,2,31,0,33,0,2,41,0,43,36,0,36,79
04/23/2015,FDK,MD,AEA,EN,Federal Contract Tower,0,1,13,0,14,0,3,54,4,61,0,4,67,4,75,84,0,84,159
04/24/2015,FDK,MD,AEA,EN,Federal Contract Tower,0,2,6,0,8,0,2,42,0,44,0,4,48,0,52,42,0,42,94
04/25/2015,FDK,MD,AEA,EN,Federal Contract Tower,0,2,8,0,10,0,1,110,3,114,0,3,118,3,124,192,6,198,322
04/26/2015,FDK,MD,AEA,EN,Federal Contract Tower,0,0,9,0,9,0,12,177,3,192,0,12,186,3,201,192,0,192,393
04/27/2015,FDK,MD,AEA,EN,Federal Contract Tower,0,1,9,0,10,0,4,68,2,74,0,5,77,2,84,38,0,38,122
04/28/2015,FDK,MD,AEA,EN,Federal Contract Tower,0,3,18,0,21,0,15,98,0,113,0,18,116,0,134,72,4,76,210
04/29/2015,FDK,MD,AEA,EN,Federal Contract Tower,0,2,13,0,15,0,5,158,0,163,0,7,171,0,178,172,0,172,350
04/30/2015,FDK,MD,AEA,EN,Federal Contract Tower,0,1,6,0,7,0,2,56,1,59,0,3,62,1,66,44,0,44,110
05/01/2015,FDK,MD,AEA,EN,Federal Contract Tower,0,3,12,1,16,0,3,78,0,81,0,6,90,1,97,104,0,104,201
05/02/2015,FDK,MD,AEA,EN,Federal Contract Tower,0,2,13,4,19,0,5,143,3,151,0,7,156,7,170,152,0,152,322
05/03/2015,FDK,MD,AEA,EN,Federal Contract Tower,0,0,10,1,11,0,5,157,4,166,0,5,167,5,177,218,0,218,395
05/04/2015,FDK,MD,AEA,EN,Federal Contract Tower,0,3,10,0,13,0,8,97,0,105,0,11,107,0,118,112,0,112,230
05/05/2015,FDK,MD,AEA,EN,Federal Contract Tower,0,1,14,0,15,0,10,72,1,83,0,11,86,1,98,100,0,100,198
05/06/2015,FDK,MD,AEA,EN,Federal Contract Tower,0,2,13,0,15,0,0,51,1,52,0,2,64,1,67,32,0,32,99
05/07/2015,FDK,MD,AEA,EN,Federal Contract Tower,0,3,21,0,24,0,12,117,6,135,0,15,138,6,159,216,0,216,375
05/08/2015,FDK,MD,AEA,EN,Federal Contract Tower,0,0,16,2,18,0,7,136,2,145,0,7,152,4,163,144,10,154,317
05/09/2015,FDK,MD,AEA,EN,Federal Contract Tower,0,0,27,0,27,0,4,90,0,94,0,4,117,0,121,158,0,158,279
05/10/2015,FDK,MD,AEA,EN,Federal Contract Tower,0,2,18,0,20,0,4,78,0,82,0,6,96,0,102,116,0,116,218
05/11/2015,FDK,MD,AEA,EN,Federal Contract Tower,0,5,11,0,16,0,4,30,0,34,0,9,41,0,50,142,0,142,192
05/12/2015,FDK,MD,AEA,EN,Federal Contract Tower,0,1,12,2,15,0,4,69,0,73,0,5,81,2,88,32,0,32,120
05/13/2015,FDK,MD,AEA,EN,Federal Contract Tower,0,0,4,0,4,0,5,50,6,61,0,5,54,6,65,28,0,28,93
05/14/2015,FDK,MD,AEA,EN,Federal Contract Tower,0,9,9,0,18,0,6,173,4,183,0,15,182,4,201,92,6,98,299
05/15/2015,FDK,MD,AEA,EN,Federal Contract Tower,0,2,12,0,14,0,6,76,4,86,0,8,88,4,100,78,2,80,180
05/16/2015,FDK,MD,AEA,EN,Federal Contract Tower,0,4,9,0,13,0,2,77,2,81,0,6,86,2,94,88,0,88,182
05/17/2015,FDK,MD,AEA,EN,Federal Contract Tower,0,5,11,0,16,0,11,49,2,62,0,16,60,2,78,168,0,168,246
05/18/2015,FDK,MD,AEA,EN,Federal Contract Tower,0,7,19,0,26,0,4,68,0,72,0,11,87,0,98,64,0,64,162
05/19/2015,FDK,MD,AEA,EN,Federal Contract Tower,0,2,3,2,7,0,18,46,0,64,0,20,49,2,71,50,0,50,121
05/20/2015,FDK,MD,AEA,EN,Federal Contract Tower,0,5,13,2,20,0,4,85,4,93,0,9,98,6,113,130,0,130,243
05/21/2015,FDK,MD,AEA,EN,Federal Contract Tower,0,5,22,0,27,0,9,35,8,52,0,14,57,8,79,30,0,30,109
05/22/2015,FDK,MD,AEA,EN,Federal Contract Tower,0,2,17,0,19,0,1,74,4,79,0,3,91,4,98,52,0,52,150
05/23/2015,FDK,MD,AEA,EN,Federal Contract Tower,0,1,13,0,14,0,5,155,5,165,0,6,168,5,179,88,10,98,277
05/24/2015,FDK,MD,AEA,EN,Federal Contract Tower,0,1,5,0,6,0,2,117,4,123,0,3,122,4,129,148,0,148,277
05/25/2015,FDK,MD,AEA,EN,Federal Contract Tower,0,2,12,0,14,0,8,118,0,126,0,10,130,0,140,118,0,118,258
05/26/2015,FDK,MD,AEA,EN,Federal Contract Tower,0,0,12,0,12,0,9,132,8,149,0,9,144,8,161,58,0,58,219
05/27/2015,FDK,MD,AEA,EN,Federal Contract Tower,0,2,26,1,29,0,3,61,0,64,0,5,87,1,93,118,0,118,211
05/28/2015,FDK,MD,AEA,EN,Federal Contract Tower,0,2,7,0,9,0,0,81,0,81,0,2,88,0,90,74,0,74,164
05/29/2015,FDK,MD,AEA,EN,Federal Contract Tower,0,5,14,0,19,0,2,98,3,103,0,7,112,3,122,100,0,100,222
05/30/2015,FDK,MD,AEA,EN,Federal Contract Tower,0,1,12,2,15,0,10,94,4,108,0,11,106,6,123,120,0,120,243
05/31/2015,FDK,MD,AEA,EN,Federal Contract Tower,0,2,9,0,11,0,0,97,5,102,0,2,106,5,113,142,16,158,271
06/01/2015,FDK,MD,AEA,EN,Federal Contract Tower,0,3,8,0,11,0,0,30,3,33,0,3,38,3,44,94,8,102,146
06/02/2015,FDK,MD,AEA,EN,Federal Contract Tower,0,2,15,0,17,0,0,0,0,0,0,2,15,0,17,0,0,0,17
06/03/2015,FDK,MD,AEA,EN,Federal Contract Tower,0,5,22,0,27,0,0,13,0,13,0,5,35,0,40,8,0,8,48
06/04/2015,FDK,MD,AEA,EN,Federal Contract Tower,0,1,42,6,49,0,2,2,0,4,0,3,44,6,53,0,0,0,53
06/05/2015,FDK,MD,AEA,EN,Federal Contract Tower,0,2,95,0,97,0,0,53,0,53,0,2,148,0,150,0,0,0,150
06/06/2015,FDK,MD,AEA,EN,Federal Contract Tower,0,5,128,0,133,0,4,580,2,586,0,9,708,2,719,14,0,14,733
06/07/2015,FDK,MD,AEA,EN,Federal Contract Tower,0,8,38,0,46,0,16,159,2,177,0,24,197,2,223,198,0,198,421
06/08/2015,FDK,MD,AEA,EN,Federal Contract Tower,0,3,14,2,19,0,0,78,0,78,0,3,92,2,97,42,0,42,139
06/09/2015,FDK,MD,AEA,EN,Federal Contract Tower,0,2,11,0,13,0,4,87,0,91,0,6,98,0,104,76,0,76,180
06/10/2015,FDK,MD,AEA,EN,Federal Contract Tower,0,1,18,0,19,0,6,121,4,131,0,7,139,4,150,160,6,166,316
06/11/2015,FDK,MD,AEA,EN,Federal Contract Tower,0,0,13,0,13,0,2,92,0,94,0,2,105,0,107,116,0,116,223
06/12/2015,FDK,MD,AEA,EN,Federal Contract Tower,0,3,10,0,13,0,6,90,0,96,0,9,100,0,109,164,0,164,273
06/13/2015,FDK,MD,AEA,EN,Federal Contract Tower,0,1,7,0,8,0,6,102,2,110,0,7,109,2,118,74,0,74,192
06/14/2015,FDK,MD,AEA,EN,Federal Contract Tower,0,7,18,0,25,0,2,115,4,121,0,9,133,4,146,124,0,124,270
06/15/2015,FDK,MD,AEA,EN,Federal Contract Tower,0,2,5,0,7,0,0,53,0,53,0,2,58,0,60,48,0,48,108
06/16/2015,FDK,MD,AEA,EN,Federal Contract Tower,0,1,10,0,11,0,0,59,0,59,0,1,69,0,70,74,0,74,144
06/17/2015,FDK,MD,AEA,EN,Federal Contract Tower,0,2,29,2,33,0,4,81,1,86,0,6,110,3,119,128,0,128,247
06/18/2015,FDK,MD,AEA,EN,Federal Contract Tower,0,2,12,0,14,0,0,42,0,42,0,2,54,0,56,62,0,62,118
06/19/2015,FDK,MD,AEA,EN,Federal Contract Tower,0,1,21,0,22,0,13,92,0,105,0,14,113,0,127,180,0,180,307
06/20/2015,FDK,MD,AEA,EN,Federal Contract Tower,0,3,11,0,14,0,2,74,2,78,0,5,85,2,92,100,0,100,192
06/21/2015,FDK,MD,AEA,EN,Federal Contract Tower,0,2,5,0,7,0,1,95,0,96,0,3,100,0,103,76,0,76,179
06/22/2015,FDK,MD,AEA,EN,Federal Contract Tower,0,1,17,0,18,0,2,120,0,122,0,3,137,0,140,134,0,134,274
06/23/2015,FDK,MD,AEA,EN,Federal Contract Tower,0,2,7,0,9,0,10,49,14,73,0,12,56,14,82,58,0,58,140
06/24/2015,FDK,MD,AEA,EN,Federal Contract Tower,0,0,11,0,11,0,15,156,8,179,0,15,167,8,190,136,13,149,339
06/25/2015,FDK,MD,AEA,EN,Federal Contract Tower,0,5,9,0,14,0,2,91,2,95,0,7,100,2,109,120,0,120,229
06/26/2015,FDK,MD,AEA,EN,Federal Contract Tower,0,4,26,0,30,0,5,39,2,46,0,9,65,2,76,58,16,74,150
06/27/2015,FDK,MD,AEA,EN,Federal Contract Tower,0,2,2,0,4,0,0,0,0,0,0,2,2,0,4,0,0,0,4
06/28/2015,FDK,MD,AEA,EN,Federal Contract Tower,0,5,22,0,27,0,13,85,1,99,0,18,107,1,126,102,0,102,228
06/29/2015,FDK,MD,AEA,EN,Federal Contract Tower,0,6,15,2,23,0,4,118,1,123,0,10,133,3,146,98,0,98,244
06/30/2015,FDK,MD,AEA,EN,Federal Contract Tower,0,5,22,0,27,0,2,51,1,54,0,7,73,1,81,112,0,112,193
07/01/2015,FDK,MD,AEA,EN,Federal Contract Tower,0,6,13,0,19,0,39,134,3,176,0,45,147,3,195,148,0,148,343
07/02/2015,FDK,MD,AEA,EN,Federal Contract Tower,0,4,17,0,21,0,8,100,0,108,0,12,117,0,129,142,0,142,271
07/03/2015,FDK,MD,AEA,EN,Federal Contract Tower,0,1,15,0,16,0,6,101,3,110,0,7,116,3,126,112,0,112,238
07/04/2015,FDK,MD,AEA,EN,Federal Contract Tower,0,0,11,0,11,0,1,3,0,4,0,1,14,0,15,0,0,0,15
07/05/2015,FDK,MD,AEA,EN,Federal Contract Tower,0,4,20,0,24,0,2,77,2,81,0,6,97,2,105,114,0,114,219
07/06/2015,FDK,MD,AEA,EN,Federal Contract Tower,0,2,10,0,12,0,2,18,0,20,0,4,28,0,32,24,0,24,56
07/07/2015,FDK,MD,AEA,EN,Federal Contract Tower,0,2,16,0,18,0,3,97,4,104,0,5,113,4,122,164,4,168,290
07/08/2015,FDK,MD,AEA,EN,Federal Contract Tower,0,1,12,2,15,0,4,100,2,106,0,5,112,4,121,106,0,106,227
07/09/2015,FDK,MD,AEA,EN,Federal Contract Tower,0,1,10,0,11,0,4,94,5,103,0,5,104,5,114,124,0,124,238
07/10/2015,FDK,MD,AEA,EN,Federal Contract Tower,0,0,23,0,23,0,1,151,4,156,0,1,174,4,179,166,8,174,353
07/11/2015,FDK,MD,AEA,EN,Federal Contract Tower,0,2,14,1,17,0,5,140,7,152,0,7,154,8,169,76,0,76,245
07/12/2015,FDK,MD,AEA,EN,Federal Contract Tower,0,3,21,2,26,0,9,132,0,141,0,12,153,2,167,88,0,88,255
07/13/2015,FDK,MD,AEA,EN,Federal Contract Tower,0,5,9,0,14,0,3,55,6,64,0,8,64,6,78,48,0,48,126
07/14/2015,FDK,MD,AEA,EN,Federal Contract Tower,0,4,19,3,26,0,7,39,2,48,0,11,58,5,74,38,0,38,112
07/15/2015,FDK,MD,AEA,EN,Federal Contract Tower,0,2,14,0,16,0,3,95,2,100,0,5,109,2,116,138,2,140,256
07/16/2015,FDK,MD,AEA,EN,Federal Contract Tower,0,1,9,0,10,0,3,158,5,166,0,4,167,5,176,136,0,136,312
07/17/2015,FDK,MD,AEA,EN,Federal Contract Tower,0,0,24,0,24,0,14,96,7,117,0,14,120,7,141,142,0,142,283
07/18/2015,FDK,MD,AEA,EN,Federal Contract Tower,0,3,10,0,13,0,0,49,5,54,0,3,59,5,67,64,8,72,139
07/19/2015,FDK,MD,AEA,EN,Federal Contract Tower,0,6,18,0,24,0,1,134,4,139,0,7,152,4,163,54,0,54,217
07/20/2015,FDK,MD,AEA,EN,Federal Contract Tower,0,1,9,0,10,0,7,69,0,76,0,8,78,0,86,72,0,72,158
07/21/2015,FDK,MD,AEA,EN,Federal Contract Tower,0,2,8,2,12,0,14,80,3,97,0,16,88,5,109,78,8,86,195
07/22/2015,FDK,MD,AEA,EN,Federal Contract Tower,0,0,10,1,11,0,12,97,2,111,0,12,107,3,122,100,2,102,224
07/23/2015,FDK,MD,AEA,EN,Federal Contract Tower,0,0,12,1,13,0,7,90,1,98,0,7,102,2,111,124,0,124,235
07/24/2015,FDK,MD,AEA,EN,Federal Contract Tower,0,0,12,0,12,0,7,114,0,121,0,7,126,0,133,152,0,152,285
07/25/2015,FDK,MD,AEA,EN,Federal Contract Tower,0,2,13,0,15,0,8,127,2,137,0,10,140,2,152,96,0,96,248
07/26/2015,FDK,MD,AEA,EN,Federal Contract Tower,0,3,2,0,5,0,4,114,1,119,0,7,116,1,124,76,0,76,200
07/27/2015,FDK,MD,AEA,EN,Federal Contract Tower,0,6,20,0,26,0,15,30,0,45,0,21,50,0,71,88,0,88,159
07/28/2015,FDK,MD,AEA,EN,Federal Contract Tower,0,1,31,0,32,0,4,61,0,65,0,5,92,0,97,172,0,172,269
07/29/2015,FDK,MD,AEA,EN,Federal Contract Tower,0,1,13,0,14,0,2,68,2,72,0,3,81,2,86,64,0,64,150
07/30/2015,FDK,MD,AEA,EN,Federal Contract Tower,0,0,7,0,7,0,18,88,1,107,0,18,95,1,114,80,0,80,194
07/31/2015,FDK,MD,AEA,EN,Federal Contract Tower,0,0,19,0,19,0,10,110,0,120,0,10,129,0,139,118,0,118,257
08/01/2015,FDK,MD,AEA,EN,Federal Contract Tower,0,2,12,0,14,0,3,118,1,122,0,5,130,1,136,78,0,78,214
08/02/2015,FDK,MD,AEA,EN,Federal Contract Tower,0,2,16,0,18,0,5,100,6,111,0,7,116,6,129,112,0,112,241
08/03/2015,FDK,MD,AEA,EN,Federal Contract Tower,0,2,2,0,4,0,2,73,0,75,0,4,75,0,79,88,0,88,167
08/04/2015,FDK,MD,AEA,EN,Federal Contract Tower,0,3,11,0,14,0,13,84,0,97,0,16,95,0,111,74,0,74,185
08/05/2015,FDK,MD,AEA,EN,Federal Contract Tower,0,2,14,0,16,0,9,77,4,90,0,11,91,4,106,82,0,82,188
08/06/2015,FDK,MD,AEA,EN,Federal Contract Tower,0,5,16,0,21,0,4,135,7,146,0,9,151,7,167,106,0,106,273
08/07/2015,FDK,MD,AEA,EN,Federal Contract Tower,0,1,12,0,13,0,7,71,0,78,0,8,83,0,91,102,0,102,193
08/08/2015,FDK,MD,AEA,EN,Federal Contract Tower,0,4,12,0,16,0,16,117,3,136,0,20,129,3,152,130,6,136,288
08/09/2015,FDK,MD,AEA,EN,Federal Contract Tower,0,0,8,0,8,0,0,101,2,103,0,0,109,2,111,84,0,84,195
08/10/2015,FDK,MD,AEA,EN,Federal Contract Tower,0,4,21,0,25,0,1,12,0,13,0,5,33,0,38,16,0,16,54
08/11/2015,FDK,MD,AEA,EN,Federal Contract Tower,0,2,8,0,10,0,6,26,2,34,0,8,34,2,44,52,0,52,96
08/12/2015,FDK,MD,AEA,EN,Federal Contract Tower,0,0,13,0,13,0,7,133,2,142,0,7,146,2,155,204,2,206,361
08/13/2015,FDK,MD,AEA,EN,Federal Contract Tower,0,4,13,1,18,0,10,128,5,143,0,14,141,6,161,96,4,100,261
08/14/2015,FDK,MD,AEA,EN,Federal Contract Tower,0,3,20,0,23,0,1,138,4,143,0,4,158,4,166,104,0,104,270
08/15/2015,FDK,MD,AEA,EN,Federal Contract Tower,0,2,11,0,13,0,9,114,2,125,0,11,125,2,138,88,0,88,226
08/16/2015,FDK,MD,AEA,EN,Federal Contract Tower,0,0,18,0,18,0,7,135,0,142,0,7,153,0,160,46,0,46,206
08/17/2015,FDK,MD,AEA,EN,Federal Contract Tower,0,3,10,0,13,0,0,101,0,101,0,3,111,0,114,80,0,80,194
08/18/2015,FDK,MD,AEA,EN,Federal Contract Tower,0,4,13,0,17,0,2,72,4,78,0,6,85,4,95,108,12,120,215
08/19/2015,FDK,MD,AEA,EN,Federal Contract Tower,0,2,23,2,27,0,3,38,0,41,0,5,61,2,68,132,0,132,200
08/20/2015,FDK,MD,AEA,EN,Federal Contract Tower,0,2,6,1,9,0,1,4,1,6,0,3,10,2,15,4,0,4,19
08/21/2015,FDK,MD,AEA,EN,Federal Contract Tower,0,4,19,0,23,0,6,164,2,172,0,10,183,2,195,188,0,188,383
08/22/2015,FDK,MD,AEA,EN,Federal Contract Tower,0,5,17,0,22,0,11,175,1,187,0,16,192,1,209,68,0,68,277
08/23/2015,FDK,MD,AEA,EN,Federal Contract Tower,0,6,21,0,27,0,1,102,6,109,0,7,123,6,136,86,0,86,222
08/24/2015,FDK,MD,AEA,EN,Federal Contract Tower,0,6,8,0,14,0,3,52,0,55,0,9,60,0,69,48,0,48,117
08/25/2015,FDK,MD,AEA,EN,Federal Contract Tower,0,0,16,0,16,0,6,104,12,122,0,6,120,12,138,126,8,134,272
08/26/2015,FDK,MD,AEA,EN,Federal Contract Tower,0,0,15,0,15,0,26,109,6,141,0,26,124,6,156,122,12,134,290
08/27/2015,FDK,MD,AEA,EN,Federal Contract Tower,0,0,16,0,16,0,15,104,0,119,0,15,120,0,135,102,0,102,237
08/28/2015,FDK,MD,AEA,EN,Federal Contract Tower,0,1,18,0,19,0,14,123,2,139,0,15,141,2,158,144,0,144,302
08/30/2015,FDK,MD,AEA,EN,Federal Contract Tower,0,2,12,0,14,0,9,88,0,97,0,11,100,0,111,106,0,106,217
08/31/2015,FDK,MD,AEA,EN,Federal Contract Tower,0,1,1,0,2,0,12,58,0,70,0,13,59,0,72,46,0,46,118
09/01/2015,FDK,MD,AEA,EN,Federal Contract Tower,0,2,10,0,12,0,22,91,2,115,0,24,101,2,127,112,8,120,247
09/02/2015,FDK,MD,AEA,EN,Federal Contract Tower,0,0,4,0,4,0,8,66,0,74,0,8,70,0,78,72,0,72,150
09/03/2015,FDK,MD,AEA,EN,Federal Contract Tower,0,3,8,0,11,0,3,87,2,92,0,6,95,2,103,170,2,172,275
09/04/2015,FDK,MD,AEA,EN,Federal Contract Tower,0,1,14,0,15,0,10,60,0,70,0,11,74,0,85,67,0,67,152
09/05/2015,FDK,MD,AEA,EN,Federal Contract Tower,0,4,19,0,23,0,6,75,0,81,0,10,94,0,104,102,0,102,206
09/06/2015,FDK,MD,AEA,EN,Federal Contract Tower,0,2,6,0,8,0,13,99,9,121,0,15,105,9,129,66,0,66,195
09/07/2015,FDK,MD,AEA,EN,Federal Contract Tower,0,2,12,0,14,0,2,108,0,110,0,4,120,0,124,86,0,86,210
09/08/2015,FDK,MD,AEA,EN,Federal Contract Tower,0,2,5,2,9,0,0,79,0,79,0,2,84,2,88,64,0,64,152
09/09/2015,FDK,MD,AEA,EN,Federal Contract Tower,0,4,16,0,20,0,7,59,0,66,0,11,75,0,86,54,0,54,140
09/10/2015,FDK,MD,AEA,EN,Federal Contract Tower,0,0,17,0,17,0,0,6,0,6,0,0,23,0,23,6,0,6,29
09/11/2015,FDK,MD,AEA,EN,Federal Contract Tower,0,5,20,0,25,0,21,163,0,184,0,26,183,0,209,172,0,172,381
09/12/2015,FDK,MD,AEA,EN,Federal Contract Tower,0,4,3,0,7,0,0,13,0,13,0,4,16,0,20,22,0,22,42
09/13/2015,FDK,MD,AEA,EN,Federal Contract Tower,0,4,6,0,10,0,6,67,0,73,0,10,73,0,83,66,0,66,149
09/14/2015,FDK,MD,AEA,EN,Federal Contract Tower,0,1,9,0,10,0,11,91,4,106,0,12,100,4,116,140,0,140,256
09/15/2015,FDK,MD,AEA,EN,Federal Contract Tower,0,3,25,0,28,0,4,102,0,106,0,7,127,0,134,102,0,102,236
09/16/2015,FDK,MD,AEA,EN,Federal Contract Tower,0,2,7,0,9,0,11,103,2,116,0,13,110,2,125,160,0,160,285
09/17/2015,FDK,MD,AEA,EN,Federal Contract Tower,0,3,2,0,5,0,3,127,0,130,0,6,129,0,135,90,0,90,225
09/18/2015,FDK,MD,AEA,EN,Federal Contract Tower,0,2,8,1,11,0,3,147,0,150,0,5,155,1,161,56,0,56,217
09/19/2015,FDK,MD,AEA,EN,Federal Contract Tower,0,0,13,2,15,0,4,93,0,97,0,4,106,2,112,132,0,132,244
09/20/2015,FDK,MD,AEA,EN,Federal Contract Tower,0,2,11,0,13,0,3,85,0,88,0,5,96,0,101,104,0,104,205
09/21/2015,FDK,MD,AEA,EN,Federal Contract Tower,0,3,12,0,15,0,13,32,0,45,0,16,44,0,60,64,0,64,124
09/22/2015,FDK,MD,AEA,EN,Federal Contract Tower,0,1,21,0,22,0,4,74,4,82,0,5,95,4,104,148,10,158,262
09/23/2015,FDK,MD,AEA,EN,Federal Contract Tower,0,1,15,0,16,0,1,149,2,152,0,2,164,2,168,248,4,252,420
09/24/2015,FDK,MD,AEA,EN,Federal Contract Tower,0,5,18,0,23,0,32,115,4,151,0,37,133,4,174,70,0,70,244
09/25/2015,FDK,MD,AEA,EN,Federal Contract Tower,0,5,12,0,17,0,11,87,7,105,0,16,99,7,122,80,0,80,202
09/26/2015,FDK,MD,AEA,EN,Federal Contract Tower,0,0,13,0,13,0,5,70,2,77,0,5,83,2,90,84,0,84,174
09/27/2015,FDK,MD,AEA,EN,Federal Contract Tower,0,5,18,0,23,0,1,74,0,75,0,6,92,0,98,108,0,108,206
09/28/2015,FDK,MD,AEA,EN,Federal Contract Tower,0,2,6,0,8,0,3,14,0,17,0,5,20,0,25,22,0,22,47
09/29/2015,FDK,MD,AEA,EN,Federal Contract Tower,0,2,14,0,16,0,0,0,0,0,0,2,14,0,16,0,0,0,16
09/30/2015,FDK,MD,AEA,EN,Federal Contract Tower,0,3,19,0,22,0,6,11,2,19,0,9,30,2,41,40,0,40,81
10/01/2015,FDK,MD,AEA,EN,Federal Contract Tower,0,7,14,0,21,0,0,1,0,1,0,7,15,0,22,0,0,0,22
10/02/2015,FDK,MD,AEA,EN,Federal Contract Tower,0,6,12,0,18,0,0,0,0,0,0,6,12,0,18,0,0,0,18
10/03/2015,FDK,MD,AEA,EN,Federal Contract Tower,0,1,5,0,6,0,0,0,0,0,0,1,5,0,6,0,0,0,6
10/04/2015,FDK,MD,AEA,EN,Federal Contract Tower,0,3,11,0,14,0,4,6,0,10,0,7,17,0,24,4,0,4,28
10/05/2015,FDK,MD,AEA,EN,Federal Contract Tower,0,0,7,0,7,0,6,85,0,91,0,6,92,0,98,128,0,128,226
10/06/2015,FDK,MD,AEA,EN,Federal Contract Tower,0,2,11,0,13,0,12,118,2,132,0,14,129,2,145,174,0,174,319
10/07/2015,FDK,MD,AEA,EN,Federal Contract Tower,0,4,15,1,20,0,24,112,0,136,0,28,127,1,156,70,0,70,226
10/08/2015,FDK,MD,AEA,EN,Federal Contract Tower,0,2,16,0,18,0,3,158,2,163,0,5,174,2,181,202,0,202,383
10/09/2015,FDK,MD,AEA,EN,Federal Contract Tower,0,6,8,1,15,0,8,12,0,20,0,14,20,1,35,34,0,34,69
10/10/2015,FDK,MD,AEA,EN,Federal Contract Tower,0,3,7,0,10,0,8,130,7,145,0,11,137,7,155,142,0,142,297
10/11/2015,FDK,MD,AEA,EN,Federal Contract Tower,0,0,16,0,16,0,3,127,4,134,0,3,143,4,150,94,6,100,250
10/12/2015,FDK,MD,AEA,EN,Federal Contract Tower,0,4,19,0,23,0,7,159,1,167,0,11,178,1,190,218,0,218,408
10/13/2015,FDK,MD,AEA,EN,Federal Contract Tower,0,1,13,0,14,0,7,66,1,74,0,8,79,1,88,160,0,160,248
10/14/2015,FDK,MD,AEA,EN,Federal Contract Tower,0,0,17,1,18,0,6,88,10,104,0,6,105,11,122,120,0,120,242
10/15/2015,FDK,MD,AEA,EN,Federal Contract Tower,0,6,7,0,13,0,10,164,1,175,0,16,171,1,188,156,0,156,344
10/16/2015,FDK,MD,AEA,EN,Federal Contract Tower,0,10,14,0,24,0,3,98,0,101,0,13,112,0,125,160,0,160,285
10/17/2015,FDK,MD,AEA,EN,Federal Contract Tower,0,3,4,0,7,0,0,82,0,82,0,3,86,0,89,126,0,126,215
10/18/2015,FDK,MD,AEA,EN,Federal Contract Tower,0,8,9,0,17,0,1,91,2,94,0,9,100,2,111,84,0,84,195
10/19/2015,FDK,MD,AEA,EN,Federal Contract Tower,0,2,11,0,13,0,11,84,4,99,0,13,95,4,112,116,0,116,228
10/20/2015,FDK,MD,AEA,EN,Federal Contract Tower,0,2,12,2,16,0,0,0,0,0,0,2,12,2,16,96,2,98,114
10/21/2015,FDK,MD,AEA,EN,Federal Contract Tower,0,4,6,0,10,0,17,131,0,148,0,21,137,0,158,124,4,128,286
10/22/2015,FDK,MD,AEA,EN,Federal Contract Tower,0,4,16,1,21,0,1,132,0,133,0,5,148,1,154,206,0,206,360
10/23/2015,FDK,MD,AEA,EN,Federal Contract Tower,0,3,20,1,24,0,3,127,0,130,0,6,147,1,154,174,0,174,328
10/24/2015,FDK,MD,AEA,EN,Federal Contract Tower,0,3,5,0,8,0,0,130,3,133,0,3,135,3,141,144,0,144,285
10/25/2015,FDK,MD,AEA,EN,Federal Contract Tower,0,3,14,0,17,0,1,65,0,66,0,4,79,0,83,60,0,60,143
10/26/2015,FDK,MD,AEA,EN,Federal Contract Tower,0,5,8,0,13,0,15,86,0,101,0,20,94,0,114,74,2,76,190
10/27/2015,FDK,MD,AEA,EN,Federal Contract Tower,0,1,25,0,26,0,5,71,0,76,0,6,96,0,102,152,0,152,254
10/28/2015,FDK,MD,AEA,EN,Federal Contract Tower,0,5,20,0,25,0,0,0,0,0,0,5,20,0,25,0,0,0,25
10/29/2015,FDK,MD,AEA,EN,Federal Contract Tower,0,2,12,0,14,0,4,71,2,77,0,6,83,2,91,160,0,160,251
10/30/2015,FDK,MD,AEA,EN,Federal Contract Tower,0,2,10,0,12,0,14,89,1,104,0,16,99,1,116,96,0,96,212
10/31/2015,FDK,MD,AEA,EN,Federal Contract Tower,0,2,3,0,5,0,4,152,12,168,0,6,155,12,173,162,4,166,339
11/01/2015,FDK,MD,AEA,EN,Federal Contract Tower,0,0,12,0,12,0,0,43,0,43,0,0,55,0,55,54,0,54,109
11/02/2015,FDK,MD,AEA,EN,Federal Contract Tower,0,0,4,0,4,0,11,72,1,84,0,11,76,1,88,60,0,60,148
11/03/2015,FDK,MD,AEA,EN,Federal Contract Tower,0,5,13,1,19,0,10,89,5,104,0,15,102,6,123,64,2,66,189
11/04/2015,FDK,MD,AEA,EN,Federal Contract Tower,0,3,14,5,22,0,8,118,12,138,0,11,132,17,160,170,24,194,354
11/05/2015,FDK,MD,AEA,EN,Federal Contract Tower,0,3,18,0,21,0,5,67,2,74,0,8,85,2,95,114,2,116,211
11/06/2015,FDK,MD,AEA,EN,Federal Contract Tower,0,1,24,0,25,0,1,45,0,46,0,2,69,0,71,36,0,36,107
11/07/2015,FDK,MD,AEA,EN,Federal Contract Tower,0,0,6,0,6,0,1,69,0,70,0,1,75,0,76,138,0,138,214
11/08/2015,FDK,MD,AEA,EN,Federal Contract Tower,0,2,18,0,20,0,4,150,6,160,0,6,168,6,180,124,0,124,304
11/09/2015,FDK,MD,AEA,EN,Federal Contract Tower,0,5,13,0,18,0,15,54,1,70,0,20,67,1,88,78,0,78,166
11/10/2015,FDK,MD,AEA,EN,Federal Contract Tower,0,0,8,0,8,0,0,0,0,0,0,0,8,0,8,0,0,0,8
11/11/2015,FDK,MD,AEA,EN,Federal Contract Tower,0,1,14,0,15,0,3,90,0,93,0,4,104,0,108,154,0,154,262
11/12/2015,FDK,MD,AEA,EN,Federal Contract Tower,0,6,29,0,35,0,13,30,0,43,0,19,59,0,78,44,0,44,122
11/13/2015,FDK,MD,AEA,EN,Federal Contract Tower,0,1,6,0,7,0,11,25,0,36,0,12,31,0,43,6,0,6,49
11/14/2015,FDK,MD,AEA,EN,Federal Contract Tower,0,2,14,0,16,0,7,37,0,44,0,9,51,0,60,44,0,44,104
11/15/2015,FDK,MD,AEA,EN,Federal Contract Tower,0,4,10,0,14,0,2,118,0,120,0,6,128,0,134,174,0,174,308
11/16/2015,FDK,MD,AEA,EN,Federal Contract Tower,0,0,15,0,15,0,0,100,0,100,0,0,115,0,115,116,0,116,231
11/17/2015,FDK,MD,AEA,EN,Federal Contract Tower,0,0,11,2,13,0,2,89,0,91,0,2,100,2,104,0,78,78,182
11/18/2015,FDK,MD,AEA,EN,Federal Contract Tower,0,0,35,1,36,0,1,57,0,58,0,1,92,1,94,152,0,152,246
11/19/2015,FDK,MD,AEA,EN,Federal Contract Tower,0,3,12,0,15,0,0,0,0,0,0,3,12,0,15,0,0,0,15
11/20/2015,FDK,MD,AEA,EN,Federal Contract Tower,0,4,11,1,16,0,5,118,3,126,0,9,129,4,142,116,0,116,258
11/21/2015,FDK,MD,AEA,EN,Federal Contract Tower,0,2,20,1,23,0,12,124,5,141,0,14,144,6,164,170,0,170,334
11/22/2015,FDK,MD,AEA,EN,Federal Contract Tower,0,1,6,0,7,0,78,2,0,80,0,79,8,0,87,118,0,118,205
11/23/2015,FDK,MD,AEA,EN,Federal Contract Tower,0,1,9,0,10,0,4,68,0,72,0,5,77,0,82,78,0,78,160
11/24/2015,FDK,MD,AEA,EN,Federal Contract Tower,0,1,13,2,16,0,7,89,6,102,0,8,102,8,118,60,6,66,184
11/25/2015,FDK,MD,AEA,EN,Federal Contract Tower,0,2,19,0,21,0,16,125,3,144,0,18,144,3,165,98,0,98,263
11/26/2015,FDK,MD,AEA,EN,Federal Contract Tower,0,2,3,0,5,0,19,3,0,22,0,21,6,0,27,24,12,36,63
11/27/2015,FDK,MD,AEA,EN,Federal Contract Tower,0,0,8,0,8,0,0,117,0,117,0,0,125,0,125,130,10,140,265
11/28/2015,FDK,MD,AEA,EN,Federal Contract Tower,0,4,12,0,16,0,10,81,0,91,0,14,93,0,107,122,2,124,231
11/29/2015,FDK,MD,AEA,EN,Federal Contract Tower,0,3,18,0,21,0,0,3,0,3,0,3,21,0,24,0,0,0,24
11/30/2015,FDK,MD,AEA,EN,Federal Contract Tower,0,0,11,0,11,0,2,17,0,19,0,2,28,0,30,44,0,44,74
12/01/2015,FDK,MD,AEA,EN,Federal Contract Tower,0,3,2,0,5,0,0,0,0,0,0,3,2,0,5,0,0,0,5
12/02/2015,FDK,MD,AEA,EN,Federal Contract Tower,0,1,8,0,9,0,0,0,0,0,0,1,8,0,9,0,0,0,9
12/03/2015,FDK,MD,AEA,EN,Federal Contract Tower,0,2,2,0,4,0,7,67,2,76,0,9,69,2,80,78,2,80,160
12/04/2015,FDK,MD,AEA,EN,Federal Contract Tower,0,2,11,0,13,0,3,127,9,139,0,5,138,9,152,156,4,160,312
12/05/2015,FDK,MD,AEA,EN,Federal Contract Tower,0,1,9,0,10,0,3,115,0,118,0,4,124,0,128,128,0,128,256
12/06/2015,FDK,MD,AEA,EN,Federal Contract Tower,0,0,10,1,11,0,21,86,0,107,0,21,96,1,118,104,0,104,222
12/07/2015,FDK,MD,AEA,EN,Federal Contract Tower,0,1,16,2,19,0,5,77,2,84,0,6,93,4,103,114,2,116,219
12/08/2015,FDK,MD,AEA,EN,Federal Contract Tower,0,3,6,0,9,0,12,75,0,87,0,15,81,0,96,174,0,174,270
12/09/2015,FDK,MD,AEA,EN,Federal Contract Tower,0,3,8,0,11,0,0,0,0,0,0,3,8,0,11,0,0,0,11
12/10/2015,FDK,MD,AEA,EN,Federal Contract Tower,0,2,17,0,19,0,3,96,0,99,0,5,113,0,118,216,0,216,334
12/11/2015,FDK,MD,AEA,EN,Federal Contract Tower,0,0,17,0,17,0,5,118,0,123,0,5,135,0,140,124,0,124,264
12/12/2015,FDK,MD,AEA,EN,Federal Contract Tower,0,1,11,0,12,0,2,113,0,115,0,3,124,0,127,166,6,172,299
12/13/2015,FDK,MD,AEA,EN,Federal Contract Tower,0,0,14,0,14,0,4,91,0,95,0,4,105,0,109,80,0,80,189
12/14/2015,FDK,MD,AEA,EN,Federal Contract Tower,0,5,12,2,19,0,0,3,2,5,0,5,15,4,24,10,2,12,36
12/15/2015,FDK,MD,AEA,EN,Federal Contract Tower,0,0,8,0,8,0,2,66,0,68,0,2,74,0,76,94,0,94,170
12/16/2015,FDK,MD,AEA,EN,Federal Contract Tower,0,3,10,0,13,0,23,101,0,124,0,26,111,0,137,108,0,108,245
12/17/2015,FDK,MD,AEA,EN,Federal Contract Tower,0,4,14,0,18,0,0,0,0,0,0,4,14,0,18,0,0,0,18
12/18/2015,FDK,MD,AEA,EN,Federal Contract Tower,0,1,6,0,7,0,6,88,0,94,0,7,94,0,101,144,2,146,247
12/19/2015,FDK,MD,AEA,EN,Federal Contract Tower,0,3,6,0,9,0,2,62,1,65,0,5,68,1,74,58,0,58,132
12/20/2015,FDK,MD,AEA,EN,Federal Contract Tower,0,1,16,1,18,0,0,148,1,149,0,1,164,2,167,62,0,62,229
12/21/2015,FDK,MD,AEA,EN,Federal Contract Tower,0,0,3,0,3,0,6,103,0,109,0,6,106,0,112,138,0,138,250
12/22/2015,FDK,MD,AEA,EN,Federal Contract Tower,0,4,25,2,31,0,0,5,0,5,0,4,30,2,36,4,0,4,40
12/23/2015,FDK,MD,AEA,EN,Federal Contract Tower,0,6,6,0,12,0,0,0,0,0,0,6,6,0,12,0,0,0,12
12/24/2015,FDK,MD,AEA,EN,Federal Contract Tower,0,2,3,0,5,0,1,7,0,8,0,3,10,0,13,22,0,22,35
12/25/2015,FDK,MD,AEA,EN,Federal Contract Tower,0,0,0,0,0,0,0,0,0,0,0,0,0,0,0,0,0,0,0
12/26/2015,FDK,MD,AEA,EN,Federal Contract Tower,0,4,9,0,13,0,2,32,0,34,0,6,41,0,47,34,0,34,81
12/27/2015,FDK,MD,AEA,EN,Federal Contract Tower,0,4,13,0,17,0,2,40,0,42,0,6,53,0,59,68,0,68,127
12/28/2015,FDK,MD,AEA,EN,Federal Contract Tower,0,0,4,0,4,0,0,62,0,62,0,0,66,0,66,88,0,88,154
12/29/2015,FDK,MD,AEA,EN,Federal Contract Tower,0,3,4,0,7,0,1,27,0,28,0,4,31,0,35,14,0,14,49
12/30/2015,FDK,MD,AEA,EN,Federal Contract Tower,0,8,7,0,15,0,0,0,0,0,0,8,7,0,15,0,0,0,15
12/31/2015,FDK,MD,AEA,EN,Federal Contract Tower,0,2,10,0,12,0,1,76,0,77,0,3,86,0,89,56,0,56,145
01/01/2016,FDK,MD,AEA,EN,Federal Contract Tower,0,1,5,0,6,0,6,70,0,76,0,7,75,0,82,50,0,50,132
01/02/2016,FDK,MD,AEA,EN,Federal Contract Tower,0,2,22,0,24,0,0,102,4,106,0,2,124,4,130,60,0,60,190
01/03/2016,FDK,MD,AEA,EN,Federal Contract Tower,0,6,8,0,14,0,0,102,0,102,0,6,110,0,116,64,0,64,180
01/04/2016,FDK,MD,AEA,EN,Federal Contract Tower,0,3,1,0,4,0,0,26,0,26,0,3,27,0,30,24,0,24,54
01/05/2016,FDK,MD,AEA,EN,Federal Contract Tower,0,2,13,0,15,0,7,119,0,126,0,9,132,0,141,126,0,126,267
01/06/2016,FDK,MD,AEA,EN,Federal Contract Tower,0,5,16,0,21,0,2,105,1,108,0,7,121,1,129,90,0,90,219
01/07/2016,FDK,MD,AEA,EN,Federal Contract Tower,0,4,23,2,29,0,1,29,1,31,0,5,52,3,60,72,0,72,132
01/08/2016,FDK,MD,AEA,EN,Federal Contract Tower,0,1,4,0,5,0,0,0,0,0,0,1,4,0,5,0,0,0,5
01/10/2016,FDK,MD,AEA,EN,Federal Contract Tower,0,3,0,0,3,0,0,12,0,12,0,3,12,0,15,14,0,14,29
01/11/2016,FDK,MD,AEA,EN,Federal Contract Tower,0,2,14,0,16,0,8,54,0,62,0,10,68,0,78,50,0,50,128
01/12/2016,FDK,MD,AEA,EN,Federal Contract Tower,0,2,7,0,9,0,7,36,0,43,0,9,43,0,52,40,0,40,92
01/13/2016,FDK,MD,AEA,EN,Federal Contract Tower,0,2,3,0,5,0,18,56,2,76,0,20,59,2,81,64,0,64,145
01/14/2016,FDK,MD,AEA,EN,Federal Contract Tower,0,0,4,0,4,0,13,88,2,103,0,13,92,2,107,90,2,92,199
01/15/2016,FDK,MD,AEA,EN,Federal Contract Tower,0,1,5,0,6,0,0,104,2,106,0,1,109,2,112,118,0,118,230
01/16/2016,FDK,MD,AEA,EN,Federal Contract Tower,0,2,4,0,6,0,3,68,0,71,0,5,72,0,77,68,0,68,145
01/17/2016,FDK,MD,AEA,EN,Federal Contract Tower,0,2,2,1,5,0,1,23,0,24,0,3,25,1,29,48,0,48,77
01/18/2016,FDK,MD,AEA,EN,Federal Contract Tower,0,1,8,0,9,0,0,19,0,19,0,1,27,0,28,14,0,14,42
01/19/2016,FDK,MD,AEA,EN,Federal Contract Tower,0,3,4,0,7,0,6,26,0,32,0,9,30,0,39,14,0,14,53
01/20/2016,FDK,MD,AEA,EN,Federal Contract Tower,0,1,8,2,11,0,0,91,0,91,0,1,99,2,102,52,0,52,154
01/21/2016,FDK,MD,AEA,EN,Federal Contract Tower,0,8,2,1,11,0,2,65,1,68,0,10,67,2,79,42,0,42,121
01/22/2016,FDK,MD,AEA,EN,Federal Contract Tower,0,1,2,0,3,0,2,17,0,19,0,3,19,0,22,54,0,54,76
01/24/2016,FDK,MD,AEA,EN,Federal Contract Tower,0,0,0,0,0,0,2,0,0,2,0,2,0,0,2,0,0,0,2
01/25/2016,FDK,MD,AEA,EN,Federal Contract Tower,0,0,0,0,0,0,2,0,0,2,0,2,0,0,2,0,0,0,2
01/26/2016,FDK,MD,AEA,EN,Federal Contract Tower,0,0,0,0,0,0,0,0,0,0,0,0,0,0,0,0,0,0,0
01/27/2016,FDK,MD,AEA,EN,Federal Contract Tower,0,0,0,0,0,0,7,3,0,10,0,7,3,0,10,0,0,0,10
01/28/2016,FDK,MD,AEA,EN,Federal Contract Tower,0,4,3,0,7,0,2,8,0,10,0,6,11,0,17,10,0,10,27
01/29/2016,FDK,MD,AEA,EN,Federal Contract Tower,0,2,1,0,3,0,2,11,0,13,0,4,12,0,16,16,0,16,32
01/30/2016,FDK,MD,AEA,EN,Federal Contract Tower,0,3,9,0,12,0,3,109,3,115,0,6,118,3,127,122,0,122,249
01/31/2016,FDK,MD,AEA,EN,Federal Contract Tower,0,6,14,2,22,0,11,115,1,127,0,17,129,3,149,160,0,160,309
02/01/2016,FDK,MD,AEA,EN,Federal Contract Tower,0,1,11,0,12,0,0,14,0,14,0,1,25,0,26,14,0,14,40
02/02/2016,FDK,MD,AEA,EN,Federal Contract Tower,0,0,17,2,19,0,12,79,0,91,0,12,96,2,110,66,0,66,176
02/03/2016,FDK,MD,AEA,EN,Federal Contract Tower,0,0,0,0,0,0,0,0,0,0,0,0,0,0,0,0,0,0,0
02/04/2016,FDK,MD,AEA,EN,Federal Contract Tower,0,2,18,1,21,0,11,68,0,79,0,13,86,1,100,126,0,126,226
02/05/2016,FDK,MD,AEA,EN,Federal Contract Tower,0,7,6,0,13,0,4,65,0,69,0,11,71,0,82,64,0,64,146
02/06/2016,FDK,MD,AEA,EN,Federal Contract Tower,0,4,10,0,14,0,0,133,2,135,0,4,143,2,149,120,6,126,275
02/07/2016,FDK,MD,AEA,EN,Federal Contract Tower,0,5,11,0,16,0,2,153,3,158,0,7,164,3,174,156,0,156,330
02/08/2016,FDK,MD,AEA,EN,Federal Contract Tower,0,6,4,0,10,0,13,70,7,90,0,19,74,7,100,62,0,62,162
02/09/2016,FDK,MD,AEA,EN,Federal Contract Tower,0,1,1,0,2,0,0,0,0,0,0,1,1,0,2,0,0,0,2
02/10/2016,FDK,MD,AEA,EN,Federal Contract Tower,0,0,10,0,10,0,2,36,0,38,0,2,46,0,48,36,0,36,84
02/11/2016,FDK,MD,AEA,EN,Federal Contract Tower,0,3,5,0,8,0,0,20,10,30,0,3,25,10,38,28,4,32,70
02/12/2016,FDK,MD,AEA,EN,Federal Contract Tower,0,0,10,0,10,0,5,80,0,85,0,5,90,0,95,98,0,98,193
02/13/2016,FDK,MD,AEA,EN,Federal Contract Tower,0,0,5,0,5,0,2,4,0,6,0,2,9,0,11,0,0,0,11
02/14/2016,FDK,MD,AEA,EN,Federal Contract Tower,0,2,4,0,6,0,2,74,2,78,0,4,78,2,84,72,6,78,162
02/15/2016,FDK,MD,AEA,EN,Federal Contract Tower,0,3,0,0,3,0,0,0,0,0,0,3,0,0,3,0,0,0,3
02/16/2016,FDK,MD,AEA,EN,Federal Contract Tower,0,0,4,0,4,0,22,6,0,28,0,22,10,0,32,12,0,12,44
02/17/2016,FDK,MD,AEA,EN,Federal Contract Tower,0,4,4,0,8,0,10,86,2,98,0,14,90,2,106,112,0,112,218
02/18/2016,FDK,MD,AEA,EN,Federal Contract Tower,0,0,8,0,8,0,4,109,2,115,0,4,117,2,123,98,6,104,227
02/19/2016,FDK,MD,AEA,EN,Federal Contract Tower,0,3,13,0,16,0,15,95,0,110,0,18,108,0,126,132,0,132,258
02/20/2016,FDK,MD,AEA,EN,Federal Contract Tower,0,0,9,2,11,0,25,127,12,164,0,25,136,14,175,156,0,156,331
02/21/2016,FDK,MD,AEA,EN,Federal Contract Tower,0,1,22,0,23,0,0,38,1,39,0,1,60,1,62,76,0,76,138
02/22/2016,FDK,MD,AEA,EN,Federal Contract Tower,0,3,12,0,15,0,6,93,0,99,0,9,105,0,114,144,0,144,258
02/23/2016,FDK,MD,AEA,EN,Federal Contract Tower,0,0,2,0,2,0,2,0,0,2,0,2,2,0,4,0,0,0,4
02/24/2016,FDK,MD,AEA,EN,Federal Contract Tower,0,1,0,0,1,0,0,0,0,0,0,1,0,0,1,0,0,0,1
02/25/2016,FDK,MD,AEA,EN,Federal Contract Tower,0,1,12,0,13,0,4,11,0,15,0,5,23,0,28,6,0,6,34
02/26/2016,FDK,MD,AEA,EN,Federal Contract Tower,0,5,8,2,15,0,13,15,0,28,0,18,23,2,43,18,0,18,61
02/27/2016,FDK,MD,AEA,EN,Federal Contract Tower,0,0,5,0,5,0,6,152,3,161,0,6,157,3,166,164,0,164,330
02/28/2016,FDK,MD,AEA,EN,Federal Contract Tower,0,2,13,0,15,0,1,132,1,134,0,3,145,1,149,128,0,128,277
02/29/2016,FDK,MD,AEA,EN,Federal Contract Tower,0,5,3,0,8,0,1,28,0,29,0,6,31,0,37,80,0,80,117
03/01/2016,FDK,MD,AEA,EN,Federal Contract Tower,0,2,17,0,19,0,7,109,0,116,0,9,126,0,135,44,0,44,179
03/02/2016,FDK,MD,AEA,EN,Federal Contract Tower,0,2,9,0,11,0,3,9,0,12,0,5,18,0,23,2,0,2,25
03/03/2016,FDK,MD,AEA,EN,Federal Contract Tower,0,1,7,0,8,0,7,78,6,91,0,8,85,6,99,166,4,170,269
03/04/2016,FDK,MD,AEA,EN,Federal Contract Tower,0,3,10,0,13,0,0,17,0,17,0,3,27,0,30,70,0,70,100
03/05/2016,FDK,MD,AEA,EN,Federal Contract Tower,0,0,4,0,4,0,6,121,12,139,0,6,125,12,143,122,0,122,265
03/06/2016,FDK,MD,AEA,EN,Federal Contract Tower,0,2,17,0,19,0,7,99,4,110,0,9,116,4,129,174,0,174,303
03/07/2016,FDK,MD,AEA,EN,Federal Contract Tower,0,0,12,0,12,0,9,68,2,79,0,9,80,2,91,66,0,66,157
03/08/2016,FDK,MD,AEA,EN,Federal Contract Tower,0,2,9,2,13,0,31,150,0,181,0,33,159,2,194,86,0,86,280
03/09/2016,FDK,MD,AEA,EN,Federal Contract Tower,0,3,14,3,20,0,4,112,2,118,0,7,126,5,138,166,0,166,304
03/10/2016,FDK,MD,AEA,EN,Federal Contract Tower,0,2,9,0,11,0,4,100,1,105,0,6,109,1,116,110,0,110,226
03/11/2016,FDK,MD,AEA,EN,Federal Contract Tower,0,0,15,1,16,0,5,91,1,97,0,5,106,2,113,104,0,104,217
03/12/2016,FDK,MD,AEA,EN,Federal Contract Tower,0,0,14,0,14,0,2,140,1,143,0,2,154,1,157,102,0,102,259
03/13/2016,FDK,MD,AEA,EN,Federal Contract Tower,0,3,18,0,21,0,0,16,0,16,0,3,34,0,37,20,2,22,59
03/14/2016,FDK,MD,AEA,EN,Federal Contract Tower,0,3,6,0,9,0,0,0,0,0,0,3,6,0,9,0,0,0,9
03/15/2016,FDK,MD,AEA,EN,Federal Contract Tower,0,2,12,0,14,0,1,23,0,24,0,3,35,0,38,18,0,18,56
03/16/2016,FDK,MD,AEA,EN,Federal Contract Tower,0,2,6,2,10,0,2,133,0,135,0,4,139,2,145,150,0,150,295
03/17/2016,FDK,MD,AEA,EN,Federal Contract Tower,0,4,16,0,20,0,14,101,2,117,0,18,117,2,137,106,0,106,243
03/18/2016,FDK,MD,AEA,EN,Federal Contract Tower,0,2,17,0,19,0,9,82,1,92,0,11,99,1,111,44,0,44,155
03/19/2016,FDK,MD,AEA,EN,Federal Contract Tower,0,0,2,0,2,0,0,19,0,19,0,0,21,0,21,26,0,26,47
03/20/2016,FDK,MD,AEA,EN,Federal Contract Tower,0,1,3,0,4,0,0,50,0,50,0,1,53,0,54,30,0,30,84
03/21/2016,FDK,MD,AEA,EN,Federal Contract Tower,0,2,14,0,16,0,8,57,0,65,0,10,71,0,81,10,0,10,91
03/22/2016,FDK,MD,AEA,EN,Federal Contract Tower,0,4,8,0,12,0,6,103,0,109,0,10,111,0,121,64,0,64,185
03/23/2016,FDK,MD,AEA,EN,Federal Contract Tower,0,1,7,0,8,0,14,148,4,166,0,15,155,4,174,78,0,78,252
03/24/2016,FDK,MD,AEA,EN,Federal Contract Tower,0,4,7,0,11,0,2,86,2,90,0,6,93,2,101,70,0,70,171
03/25/2016,FDK,MD,AEA,EN,Federal Contract Tower,0,4,14,0,18,0,16,33,0,49,0,20,47,0,67,26,2,28,95
03/26/2016,FDK,MD,AEA,EN,Federal Contract Tower,0,0,7,0,7,0,5,184,6,195,0,5,191,6,202,112,12,124,326
03/27/2016,FDK,MD,AEA,EN,Federal Contract Tower,0,1,23,0,24,0,2,5,0,7,0,3,28,0,31,6,0,6,37
03/28/2016,FDK,MD,AEA,EN,Federal Contract Tower,0,4,14,0,18,0,4,17,0,21,0,8,31,0,39,2,0,2,41
03/29/2016,FDK,MD,AEA,EN,Federal Contract Tower,0,2,11,0,13,0,2,43,0,45,0,4,54,0,58,32,0,32,90
03/30/2016,FDK,MD,AEA,EN,Federal Contract Tower,0,1,13,0,14,0,1,166,1,168,0,2,179,1,182,182,0,182,364
03/31/2016,FDK,MD,AEA,EN,Federal Contract Tower,0,4,10,0,14,0,1,15,0,16,0,5,25,0,30,28,0,28,58
04/01/2016,FDK,MD,AEA,EN,Federal Contract Tower,0,3,4,0,7,0,4,29,0,33,0,7,33,0,40,48,0,48,88
04/02/2016,FDK,MD,AEA,EN,Federal Contract Tower,0,5,8,0,13,0,2,60,5,67,0,7,68,5,80,76,10,86,166
04/03/2016,FDK,MD,AEA,EN,Federal Contract Tower,0,3,9,0,12,0,0,11,0,11,0,3,20,0,23,6,0,6,29
04/04/2016,FDK,MD,AEA,EN,Federal Contract Tower,0,2,9,0,11,0,3,33,0,36,0,5,42,0,47,10,0,10,57
04/05/2016,FDK,MD,AEA,EN,Federal Contract Tower,0,2,6,0,8,0,5,57,1,63,0,7,63,1,71,30,0,30,101
04/06/2016,FDK,MD,AEA,EN,Federal Contract Tower,0,2,11,2,15,0,14,53,1,68,0,16,64,3,83,58,0,58,141
04/07/2016,FDK,MD,AEA,EN,Federal Contract Tower,0,1,5,0,6,0,8,18,0,26,0,9,23,0,32,10,0,10,42
04/08/2016,FDK,MD,AEA,EN,Federal Contract Tower,0,1,5,0,6,0,5,36,0,41,0,6,41,0,47,30,0,30,77
04/09/2016,FDK,MD,AEA,EN,Federal Contract Tower,0,3,2,0,5,0,0,18,0,18,0,3,20,0,23,14,0,14,37
04/10/2016,FDK,MD,AEA,EN,Federal Contract Tower,0,1,14,0,15,0,4,162,3,169,0,5,176,3,184,138,2,140,324
04/11/2016,FDK,MD,AEA,EN,Federal Contract Tower,0,0,14,0,14,0,8,37,1,46,0,8,51,1,60,16,0,16,76
04/12/2016,FDK,MD,AEA,EN,Federal Contract Tower,0,3,13,0,16,0,7,47,0,54,0,10,60,0,70,42,0,42,112
04/13/2016,FDK,MD,AEA,EN,Federal Contract Tower,0,2,5,0,7,0,1,130,0,131,0,3,135,0,138,222,0,222,360
04/14/2016,FDK,MD,AEA,EN,Federal Contract Tower,0,0,13,3,16,0,7,109,7,123,0,7,122,10,139,202,8,210,349
04/15/2016,FDK,MD,AEA,EN,Federal Contract Tower,0,2,9,0,11,0,6,120,2,128,0,8,129,2,139,174,0,174,313
04/16/2016,FDK,MD,AEA,EN,Federal Contract Tower,0,2,8,0,10,0,5,211,1,217,0,7,219,1,227,206,0,206,433
04/17/2016,FDK,MD,AEA,EN,Federal Contract Tower,0,6,11,0,17,0,8,210,2,220,0,14,221,2,237,160,0,160,397
04/18/2016,FDK,MD,AEA,EN,Federal Contract Tower,0,1,11,0,12,0,5,125,0,130,0,6,136,0,142,120,0,120,262
04/19/2016,FDK,MD,AEA,EN,Federal Contract Tower,0,2,11,1,14,0,4,32,2,38,0,6,43,3,52,68,0,68,120
04/20/2016,FDK,MD,AEA,EN,Federal Contract Tower,0,3,10,1,14,0,4,107,2,113,0,7,117,3,127,226,0,226,353
04/21/2016,FDK,MD,AEA,EN,Federal Contract Tower,0,3,10,0,13,0,3,53,0,56,0,6,63,0,69,142,0,142,211
04/22/2016,FDK,MD,AEA,EN,Federal Contract Tower,0,2,20,0,22,0,2,27,1,30,0,4,47,1,52,64,0,64,116
04/23/2016,FDK,MD,AEA,EN,Federal Contract Tower,0,2,11,0,13,0,1,52,0,53,0,3,63,0,66,106,0,106,172
04/24/2016,FDK,MD,AEA,EN,Federal Contract Tower,0,4,7,0,11,0,2,186,0,188,0,6,193,0,199,224,0,224,423
04/25/2016,FDK,MD,AEA,EN,Federal Contract Tower,0,0,10,1,11,0,15,90,1,106,0,15,100,2,117,124,0,124,241
04/26/2016,FDK,MD,AEA,EN,Federal Contract Tower,0,1,10,1,12,0,0,34,1,35,0,1,44,2,47,80,0,80,127
04/27/2016,FDK,MD,AEA,EN,Federal Contract Tower,0,0,46,4,50,0,0,3,0,3,0,0,49,4,53,8,0,8,61
04/28/2016,FDK,MD,AEA,EN,Federal Contract Tower,0,0,13,3,16,0,0,3,0,3,0,0,16,3,19,16,0,16,35
04/29/2016,FDK,MD,AEA,EN,Federal Contract Tower,0,8,15,0,23,0,0,0,0,0,0,8,15,0,23,2,0,2,25
04/30/2016,FDK,MD,AEA,EN,Federal Contract Tower,0,0,21,0,21,0,2,23,0,25,0,2,44,0,46,50,0,50,96
05/01/2016,FDK,MD,AEA,EN,Federal Contract Tower,0,6,8,0,14,0,0,0,0,0,0,6,8,0,14,0,0,0,14
05/02/2016,FDK,MD,AEA,EN,Federal Contract Tower,0,8,10,0,18,0,2,53,0,55,0,10,63,0,73,52,0,52,125
05/03/2016,FDK,MD,AEA,EN,Federal Contract Tower,0,6,21,0,27,0,1,13,0,14,0,7,34,0,41,16,0,16,57
05/04/2016,FDK,MD,AEA,EN,Federal Contract Tower,0,5,27,0,32,0,0,4,0,4,0,5,31,0,36,14,0,14,50
05/05/2016,FDK,MD,AEA,EN,Federal Contract Tower,0,10,26,0,36,0,0,9,0,9,0,10,35,0,45,10,0,10,55
05/06/2016,FDK,MD,AEA,EN,Federal Contract Tower,0,0,16,0,16,0,0,0,0,0,0,0,16,0,16,16,0,16,32
05/07/2016,FDK,MD,AEA,EN,Federal Contract Tower,0,2,21,0,23,0,5,64,0,69,0,7,85,0,92,68,0,68,160
05/08/2016,FDK,MD,AEA,EN,Federal Contract Tower,0,8,7,0,15,0,2,62,1,65,0,10,69,1,80,36,0,36,116
05/09/2016,FDK,MD,AEA,EN,Federal Contract Tower,0,2,5,0,7,0,0,0,0,0,0,2,5,0,7,210,6,216,223
05/10/2016,FDK,MD,AEA,EN,Federal Contract Tower,0,2,9,0,11,0,2,36,0,38,0,4,45,0,49,30,0,30,79
05/11/2016,FDK,MD,AEA,EN,Federal Contract Tower,0,2,21,2,25,0,0,4,0,4,0,2,25,2,29,12,0,12,41
05/12/2016,FDK,MD,AEA,EN,Federal Contract Tower,0,0,20,0,20,0,10,28,0,38,0,10,48,0,58,88,0,88,146
05/13/2016,FDK,MD,AEA,EN,Federal Contract Tower,0,4,14,0,18,0,1,29,0,30,0,5,43,0,48,22,4,26,74
05/14/2016,FDK,MD,AEA,EN,Federal Contract Tower,0,3,4,2,9,0,2,72,0,74,0,5,76,2,83,72,2,74,157
05/15/2016,FDK,MD,AEA,EN,Federal Contract Tower,0,1,7,0,8,0,4,28,0,32,0,5,35,0,40,10,0,10,50
05/16/2016,FDK,MD,AEA,EN,Federal Contract Tower,0,4,14,0,18,0,5,122,1,128,0,9,136,1,146,136,0,136,282
05/17/2016,FDK,MD,AEA,EN,Federal Contract Tower,0,0,7,0,7,0,2,13,0,15,0,2,20,0,22,48,0,48,70
05/18/2016,FDK,MD,AEA,EN,Federal Contract Tower,0,0,15,0,15,0,23,87,0,110,0,23,102,0,125,115,0,115,240
05/19/2016,FDK,MD,AEA,EN,Federal Contract Tower,0,1,20,0,21,0,4,128,12,144,0,5,148,12,165,128,0,128,293
05/20/2016,FDK,MD,AEA,EN,Federal Contract Tower,0,4,8,0,12,0,2,112,3,117,0,6,120,3,129,134,0,134,263
05/21/2016,FDK,MD,AEA,EN,Federal Contract Tower,0,2,7,2,11,0,0,2,0,2,0,2,9,2,13,2,0,2,15
05/22/2016,FDK,MD,AEA,EN,Federal Contract Tower,0,4,28,2,34,0,0,5,0,5,0,4,33,2,39,0,0,0,39
05/23/2016,FDK,MD,AEA,EN,Federal Contract Tower,0,0,14,0,14,0,6,68,5,79,0,6,82,5,93,130,0,130,223
05/24/2016,FDK,MD,AEA,EN,Federal Contract Tower,0,2,14,1,17,0,5,143,2,150,0,7,157,3,167,188,0,188,355
05/25/2016,FDK,MD,AEA,EN,Federal Contract Tower,0,1,8,0,9,0,0,157,16,173,0,1,165,16,182,158,0,158,340
05/26/2016,FDK,MD,AEA,EN,Federal Contract Tower,0,6,13,0,19,0,0,108,2,110,0,6,121,2,129,104,0,104,233
05/27/2016,FDK,MD,AEA,EN,Federal Contract Tower,0,4,12,0,16,0,10,107,5,122,0,14,119,5,138,92,6,98,236
05/28/2016,FDK,MD,AEA,EN,Federal Contract Tower,0,1,13,0,14,0,20,133,2,155,0,21,146,2,169,172,0,172,341
05/29/2016,FDK,MD,AEA,EN,Federal Contract Tower,0,1,7,0,8,0,5,109,0,114,0,6,116,0,122,150,0,150,272
05/30/2016,FDK,MD,AEA,EN,Federal Contract Tower,0,7,13,0,20,0,4,63,2,69,0,11,76,2,89,74,4,78,167
05/31/2016,FDK,MD,AEA,EN,Federal Contract Tower,0,3,10,2,15,0,2,102,3,107,0,5,112,5,122,94,6,100,222
06/01/2016,FDK,MD,AEA,EN,Federal Contract Tower,0,1,13,2,16,0,3,96,1,100,0,4,109,3,116,144,0,144,260
06/02/2016,FDK,MD,AEA,EN,Federal Contract Tower,0,5,16,0,21,0,0,36,0,36,0,5,52,0,57,98,0,98,155
06/03/2016,FDK,MD,AEA,EN,Federal Contract Tower,0,3,22,0,25,0,0,14,0,14,0,3,36,0,39,18,12,30,69
06/04/2016,FDK,MD,AEA,EN,Federal Contract Tower,0,5,17,0,22,0,3,52,0,55,0,8,69,0,77,90,0,90,167
06/05/2016,FDK,MD,AEA,EN,Federal Contract Tower,0,1,6,0,7,0,7,22,0,29,0,8,28,0,36,34,0,34,70
06/06/2016,FDK,MD,AEA,EN,Federal Contract Tower,0,3,11,0,14,0,9,129,0,138,0,12,140,0,152,106,2,108,260
06/07/2016,FDK,MD,AEA,EN,Federal Contract Tower,0,2,5,0,7,0,2,70,0,72,0,4,75,0,79,82,4,86,165
06/08/2016,FDK,MD,AEA,EN,Federal Contract Tower,0,3,7,0,10,0,2,41,2,45,0,5,48,2,55,26,0,26,81
06/09/2016,FDK,MD,AEA,EN,Federal Contract Tower,0,3,11,0,14,0,4,82,4,90,0,7,93,4,104,154,0,154,258
06/10/2016,FDK,MD,AEA,EN,Federal Contract Tower,0,2,11,4,17,0,3,147,2,152,0,5,158,6,169,168,0,168,337
06/11/2016,FDK,MD,AEA,EN,Federal Contract Tower,0,3,10,0,13,0,5,96,0,101,0,8,106,0,114,90,0,90,204
06/12/2016,FDK,MD,AEA,EN,Federal Contract Tower,0,1,11,0,12,0,3,42,0,45,0,4,53,0,57,22,0,22,79
06/13/2016,FDK,MD,AEA,EN,Federal Contract Tower,0,3,17,0,20,0,6,95,2,103,0,9,112,2,123,38,0,38,161
06/14/2016,FDK,MD,AEA,EN,Federal Contract Tower,0,4,7,0,11,0,1,146,5,152,0,5,153,5,163,126,0,126,289
06/15/2016,FDK,MD,AEA,EN,Federal Contract Tower,0,4,18,0,22,0,4,113,1,118,0,8,131,1,140,158,2,160,300
06/16/2016,FDK,MD,AEA,EN,Federal Contract Tower,0,5,12,0,17,0,1,8,0,9,0,6,20,0,26,14,0,14,40
06/17/2016,FDK,MD,AEA,EN,Federal Contract Tower,0,1,11,0,12,0,3,68,5,76,0,4,79,5,88,70,10,80,168
06/18/2016,FDK,MD,AEA,EN,Federal Contract Tower,0,0,12,0,12,0,5,174,7,186,0,5,186,7,198,156,4,160,358
06/19/2016,FDK,MD,AEA,EN,Federal Contract Tower,0,3,5,0,8,0,9,139,0,148,0,12,144,0,156,204,2,206,362
06/20/2016,FDK,MD,AEA,EN,Federal Contract Tower,0,0,14,0,14,0,5,95,2,102,0,5,109,2,116,114,0,114,230
06/21/2016,FDK,MD,AEA,EN,Federal Contract Tower,0,3,9,0,12,0,5,38,9,52,0,8,47,9,64,44,0,44,108
06/22/2016,FDK,MD,AEA,EN,Federal Contract Tower,0,2,14,0,16,0,4,104,0,108,0,6,118,0,124,160,0,160,284
06/23/2016,FDK,MD,AEA,EN,Federal Contract Tower,0,11,7,0,18,0,2,34,0,36,0,13,41,0,54,52,0,52,106
06/24/2016,FDK,MD,AEA,EN,Federal Contract Tower,0,4,19,0,23,0,2,70,3,75,0,6,89,3,98,92,4,96,194
06/25/2016,FDK,MD,AEA,EN,Federal Contract Tower,0,1,18,0,19,0,14,151,2,167,0,15,169,2,186,196,0,196,382
06/26/2016,FDK,MD,AEA,EN,Federal Contract Tower,0,1,21,0,22,0,12,147,1,160,0,13,168,1,182,146,0,146,328
06/27/2016,FDK,MD,AEA,EN,Federal Contract Tower,0,4,10,0,14,0,10,54,4,68,0,14,64,4,82,32,12,44,126
06/28/2016,FDK,MD,AEA,EN,Federal Contract Tower,0,3,14,0,17,0,4,67,0,71,0,7,81,0,88,94,0,94,182
06/29/2016,FDK,MD,AEA,EN,Federal Contract Tower,0,6,13,3,22,0,3,109,1,113,0,9,122,4,135,122,0,122,257
06/30/2016,FDK,MD,AEA,EN,Federal Contract Tower,0,0,33,2,35,0,5,156,0,161,0,5,189,2,196,150,0,150,346
07/01/2016,FDK,MD,AEA,EN,Federal Contract Tower,0,3,20,0,23,0,6,52,4,62,0,9,72,4,85,60,0,60,145
07/02/2016,FDK,MD,AEA,EN,Federal Contract Tower,0,1,10,0,11,0,1,120,0,121,0,2,130,0,132,180,0,180,312
07/03/2016,FDK,MD,AEA,EN,Federal Contract Tower,0,1,8,0,9,0,4,86,0,90,0,5,94,0,99,140,0,140,239
07/04/2016,FDK,MD,AEA,EN,Federal Contract Tower,0,0,14,0,14,0,1,3,0,4,0,1,17,0,18,0,0,0,18
07/05/2016,FDK,MD,AEA,EN,Federal Contract Tower,0,5,16,0,21,0,4,77,1,82,0,9,93,1,103,62,0,62,165
07/06/2016,FDK,MD,AEA,EN,Federal Contract Tower,0,0,13,0,13,0,0,94,5,99,0,0,107,5,112,102,6,108,220
07/07/2016,FDK,MD,AEA,EN,Federal Contract Tower,0,2,11,2,15,0,4,80,4,88,0,6,91,6,103,86,6,92,195
07/08/2016,FDK,MD,AEA,EN,Federal Contract Tower,0,3,13,0,16,0,6,77,0,83,0,9,90,0,99,122,0,122,221
07/09/2016,FDK,MD,AEA,EN,Federal Contract Tower,0,1,12,0,13,0,7,77,4,88,0,8,89,4,101,126,0,126,227
07/10/2016,FDK,MD,AEA,EN,Federal Contract Tower,0,5,6,0,11,0,9,99,2,110,0,14,105,2,121,106,0,106,227
07/11/2016,FDK,MD,AEA,EN,Federal Contract Tower,0,1,3,0,4,0,3,89,2,94,0,4,92,2,98,88,0,88,186
07/12/2016,FDK,MD,AEA,EN,Federal Contract Tower,0,5,4,0,9,0,5,83,0,88,0,10,87,0,97,106,2,108,205
07/13/2016,FDK,MD,AEA,EN,Federal Contract Tower,0,8,20,0,28,0,20,45,2,67,0,28,65,2,95,64,0,64,159
07/14/2016,FDK,MD,AEA,EN,Federal Contract Tower,0,2,14,0,16,0,21,56,8,85,0,23,70,8,101,66,0,66,167
07/15/2016,FDK,MD,AEA,EN,Federal Contract Tower,0,4,10,0,14,0,10,81,2,93,0,14,91,2,107,104,0,104,211
07/16/2016,FDK,MD,AEA,EN,Federal Contract Tower,0,6,9,0,15,0,10,80,2,92,0,16,89,2,107,70,0,70,177
07/17/2016,FDK,MD,AEA,EN,Federal Contract Tower,0,8,20,0,28,0,4,132,1,137,0,12,152,1,165,84,0,84,249
07/18/2016,FDK,MD,AEA,EN,Federal Contract Tower,0,1,7,0,8,0,2,49,0,51,0,3,56,0,59,60,0,60,119
07/19/2016,FDK,MD,AEA,EN,Federal Contract Tower,0,2,4,1,7,0,2,97,5,104,0,4,101,6,111,116,2,118,229
07/20/2016,FDK,MD,AEA,EN,Federal Contract Tower,0,5,11,0,16,0,18,136,5,159,0,23,147,5,175,130,0,130,305
07/21/2016,FDK,MD,AEA,EN,Federal Contract Tower,0,3,8,1,12,0,14,100,4,118,0,17,108,5,130,122,0,122,252
07/22/2016,FDK,MD,AEA,EN,Federal Contract Tower,0,5,13,0,18,0,4,85,3,92,0,9,98,3,110,118,0,118,228
07/23/2016,FDK,MD,AEA,EN,Federal Contract Tower,0,3,14,0,17,0,6,84,0,90,0,9,98,0,107,62,0,62,169
07/24/2016,FDK,MD,AEA,EN,Federal Contract Tower,0,6,8,0,14,0,9,75,3,87,0,15,83,3,101,122,0,122,223
07/25/2016,FDK,MD,AEA,EN,Federal Contract Tower,0,2,3,0,5,0,0,51,0,51,0,2,54,0,56,22,0,22,78
07/26/2016,FDK,MD,AEA,EN,Federal Contract Tower,0,3,9,2,14,0,15,76,2,93,0,18,85,4,107,80,2,82,189
07/27/2016,FDK,MD,AEA,EN,Federal Contract Tower,0,2,6,0,8,0,1,114,2,117,0,3,120,2,125,128,2,130,255
07/28/2016,FDK,MD,AEA,EN,Federal Contract Tower,0,1,6,0,7,0,0,36,2,38,0,1,42,2,45,68,0,68,113
07/29/2016,FDK,MD,AEA,EN,Federal Contract Tower,0,6,6,0,12,0,4,69,2,75,0,10,75,2,87,74,0,74,161
07/30/2016,FDK,MD,AEA,EN,Federal Contract Tower,0,6,9,0,15,0,4,29,6,39,0,10,38,6,54,34,6,40,94
07/31/2016,FDK,MD,AEA,EN,Federal Contract Tower,0,3,11,0,14,0,5,51,4,60,0,8,62,4,74,66,2,68,142
08/01/2016,FDK,MD,AEA,EN,Federal Contract Tower,0,2,9,2,13,0,7,75,0,82,0,9,84,2,95,72,0,72,167
08/02/2016,FDK,MD,AEA,EN,Federal Contract Tower,0,2,15,2,19,0,28,78,0,106,0,30,93,2,125,68,0,68,193
08/03/2016,FDK,MD,AEA,EN,Federal Contract Tower,0,3,22,0,25,0,7,94,4,105,0,10,116,4,130,94,4,98,228
08/04/2016,FDK,MD,AEA,EN,Federal Contract Tower,0,6,19,0,25,0,8,108,1,117,0,14,127,1,142,132,0,132,274
08/05/2016,FDK,MD,AEA,EN,Federal Contract Tower,0,2,15,0,17,0,1,45,0,46,0,3,60,0,63,38,0,38,101
08/06/2016,FDK,MD,AEA,EN,Federal Contract Tower,0,3,15,0,18,0,6,68,0,74,0,9,83,0,92,86,0,86,178
08/07/2016,FDK,MD,AEA,EN,Federal Contract Tower,0,3,15,0,18,0,4,140,5,149,0,7,155,5,167,102,4,106,273
08/08/2016,FDK,MD,AEA,EN,Federal Contract Tower,0,2,17,0,19,0,10,93,5,108,0,12,110,5,127,36,0,36,163
08/09/2016,FDK,MD,AEA,EN,Federal Contract Tower,0,2,16,0,18,0,2,82,2,86,0,4,98,2,104,56,0,56,160
08/10/2016,FDK,MD,AEA,EN,Federal Contract Tower,0,1,16,0,17,0,22,71,0,93,0,23,87,0,110,56,0,56,166
08/11/2016,FDK,MD,AEA,EN,Federal Contract Tower,0,3,16,2,21,0,3,90,10,103,0,6,106,12,124,62,0,62,186
08/12/2016,FDK,MD,AEA,EN,Federal Contract Tower,0,4,10,0,14,0,6,59,3,68,0,10,69,3,82,42,0,42,124
08/13/2016,FDK,MD,AEA,EN,Federal Contract Tower,0,6,6,1,13,0,0,116,11,127,0,6,122,12,140,74,0,74,214
08/14/2016,FDK,MD,AEA,EN,Federal Contract Tower,0,4,7,0,11,0,3,74,2,79,0,7,81,2,90,78,0,78,168
08/15/2016,FDK,MD,AEA,EN,Federal Contract Tower,0,3,9,0,12,0,19,60,0,79,0,22,69,0,91,60,4,64,155
08/17/2016,FDK,MD,AEA,EN,Federal Contract Tower,0,5,16,0,21,0,2,67,0,69,0,7,83,0,90,80,0,80,170
08/18/2016,FDK,MD,AEA,EN,Federal Contract Tower,0,1,19,0,20,0,9,64,2,75,0,10,83,2,95,116,0,116,211
08/19/2016,FDK,MD,AEA,EN,Federal Contract Tower,0,3,11,0,14,0,9,105,6,120,0,12,116,6,134,108,0,108,242
08/20/2016,FDK,MD,AEA,EN,Federal Contract Tower,0,2,12,0,14,0,11,110,2,123,0,13,122,2,137,121,0,121,258
08/21/2016,FDK,MD,AEA,EN,Federal Contract Tower,0,0,11,0,11,0,2,22,0,24,0,2,33,0,35,36,0,36,71
08/22/2016,FDK,MD,AEA,EN,Federal Contract Tower,0,0,14,0,14,0,1,122,0,123,0,1,136,0,137,108,0,108,245
08/23/2016,FDK,MD,AEA,EN,Federal Contract Tower,0,0,14,0,14,0,6,107,2,115,0,6,121,2,129,88,2,90,219
08/24/2016,FDK,MD,AEA,EN,Federal Contract Tower,0,2,8,0,10,0,3,106,2,111,0,5,114,2,121,162,0,162,283
08/25/2016,FDK,MD,AEA,EN,Federal Contract Tower,0,0,18,0,18,0,6,111,0,117,0,6,129,0,135,94,0,94,229
08/26/2016,FDK,MD,AEA,EN,Federal Contract Tower,0,4,14,0,18,0,3,87,0,90,0,7,101,0,108,76,0,76,184
08/27/2016,FDK,MD,AEA,EN,Federal Contract Tower,0,1,8,0,9,0,2,112,1,115,0,3,120,1,124,74,0,74,198
08/28/2016,FDK,MD,AEA,EN,Federal Contract Tower,0,3,15,0,18,0,5,96,0,101,0,8,111,0,119,56,0,56,175
08/29/2016,FDK,MD,AEA,EN,Federal Contract Tower,0,2,9,0,11,0,11,78,0,89,0,13,87,0,100,58,0,58,158
08/30/2016,FDK,MD,AEA,EN,Federal Contract Tower,0,7,8,0,15,0,1,84,6,91,0,8,92,6,106,82,0,82,188
08/31/2016,FDK,MD,AEA,EN,Federal Contract Tower,0,1,12,0,13,0,22,98,6,126,0,23,110,6,139,106,2,108,247
09/01/2016,FDK,MD,AEA,EN,Federal Contract Tower,0,2,17,0,19,0,12,42,1,55,0,14,59,1,74,90,0,90,164
09/02/2016,FDK,MD,AEA,EN,Federal Contract Tower,0,6,5,1,12,0,5,126,5,136,0,11,131,6,148,94,0,94,242
09/04/2016,FDK,MD,AEA,EN,Federal Contract Tower,0,2,4,0,6,0,9,82,6,97,0,11,86,6,103,116,0,116,219
09/05/2016,FDK,MD,AEA,EN,Federal Contract Tower,0,2,11,0,13,0,1,130,3,134,0,3,141,3,147,52,0,52,199
09/06/2016,FDK,MD,AEA,EN,Federal Contract Tower,0,0,11,2,13,0,6,71,1,78,0,6,82,3,91,30,0,30,121
09/07/2016,FDK,MD,AEA,EN,Federal Contract Tower,0,1,9,1,11,0,2,85,9,96,0,3,94,10,107,66,8,74,181
09/08/2016,FDK,MD,AEA,EN,Federal Contract Tower,0,2,8,0,10,0,0,58,1,59,0,2,66,1,69,126,16,142,211
09/09/2016,FDK,MD,AEA,EN,Federal Contract Tower,0,4,16,0,20,0,7,88,3,98,0,11,104,3,118,104,0,104,222
09/10/2016,FDK,MD,AEA,EN,Federal Contract Tower,0,1,5,0,6,0,0,96,6,102,0,1,101,6,108,74,10,84,192
09/11/2016,FDK,MD,AEA,EN,Federal Contract Tower,0,6,9,0,15,0,4,69,0,73,0,10,78,0,88,56,0,56,144
09/12/2016,FDK,MD,AEA,EN,Federal Contract Tower,0,2,8,0,10,0,3,99,2,104,0,5,107,2,114,60,0,60,174
09/13/2016,FDK,MD,AEA,EN,Federal Contract Tower,0,3,11,0,14,0,2,82,4,88,0,5,93,4,102,124,0,124,226
09/14/2016,FDK,MD,AEA,EN,Federal Contract Tower,0,0,11,0,11,0,4,91,8,103,0,4,102,8,114,174,14,188,302
09/15/2016,FDK,MD,AEA,EN,Federal Contract Tower,0,4,19,0,23,0,2,84,4,90,0,6,103,4,113,50,0,50,163
09/16/2016,FDK,MD,AEA,EN,Federal Contract Tower,0,2,14,0,16,0,7,87,0,94,0,9,101,0,110,84,0,84,194
09/17/2016,FDK,MD,AEA,EN,Federal Contract Tower,0,1,23,0,24,0,7,75,4,86,0,8,98,4,110,64,0,64,174
09/18/2016,FDK,MD,AEA,EN,Federal Contract Tower,0,3,8,4,15,0,3,37,4,44,0,6,45,8,59,96,0,96,155
09/20/2016,FDK,MD,AEA,EN,Federal Contract Tower,0,1,15,0,16,0,12,51,2,65,0,13,66,2,81,86,0,86,167
09/21/2016,FDK,MD,AEA,EN,Federal Contract Tower,0,1,21,0,22,0,6,109,14,129,0,7,130,14,151,130,0,130,281
09/22/2016,FDK,MD,AEA,EN,Federal Contract Tower,0,2,22,2,26,0,8,103,8,119,0,10,125,10,145,118,8,126,271
09/23/2016,FDK,MD,AEA,EN,Federal Contract Tower,0,2,16,1,19,0,2,96,4,102,0,4,112,5,121,162,2,164,285
09/24/2016,FDK,MD,AEA,EN,Federal Contract Tower,0,0,8,0,8,0,1,68,2,71,0,1,76,2,79,130,0,130,209
09/25/2016,FDK,MD,AEA,EN,Federal Contract Tower,0,0,16,0,16,0,2,142,4,148,0,2,158,4,164,134,2,136,300
09/26/2016,FDK,MD,AEA,EN,Federal Contract Tower,0,2,25,0,27,0,2,43,3,48,0,4,68,3,75,110,0,110,185
09/27/2016,FDK,MD,AEA,EN,Federal Contract Tower,0,5,5,1,11,0,5,113,7,125,0,10,118,8,136,104,2,106,242
09/28/2016,FDK,MD,AEA,EN,Federal Contract Tower,0,3,21,0,24,0,0,5,2,7,0,3,26,2,31,0,0,0,31
09/29/2016,FDK,MD,AEA,EN,Federal Contract Tower,0,5,15,0,20,0,0,0,0,0,0,5,15,0,20,0,0,0,20
09/30/2016,FDK,MD,AEA,EN,Federal Contract Tower,0,2,5,2,9,0,0,0,0,0,0,2,5,2,9,0,0,0,9
10/01/2016,FDK,MD,AEA,EN,Federal Contract Tower,0,4,13,0,17,0,0,0,0,0,0,4,13,0,17,0,0,0,17
10/02/2016,FDK,MD,AEA,EN,Federal Contract Tower,0,7,20,0,27,0,0,36,0,36,0,7,56,0,63,24,0,24,87
10/04/2016,FDK,MD,AEA,EN,Federal Contract Tower,0,4,11,0,15,0,14,95,0,109,0,18,106,0,124,132,0,132,256
10/05/2016,FDK,MD,AEA,EN,Federal Contract Tower,0,7,18,0,25,0,7,79,10,96,0,14,97,10,121,126,10,136,257
10/06/2016,FDK,MD,AEA,EN,Federal Contract Tower,0,1,23,0,24,0,0,57,4,61,0,1,80,4,85,100,0,100,185
10/07/2016,FDK,MD,AEA,EN,Federal Contract Tower,0,0,11,0,11,0,10,79,0,89,0,10,90,0,100,130,0,130,230
10/08/2016,FDK,MD,AEA,EN,Federal Contract Tower,0,3,12,0,15,0,0,0,0,0,0,3,12,0,15,0,0,0,15
10/09/2016,FDK,MD,AEA,EN,Federal Contract Tower,0,1,8,0,9,0,3,23,0,26,0,4,31,0,35,6,0,6,41
10/10/2016,FDK,MD,AEA,EN,Federal Contract Tower,0,1,13,0,14,0,11,112,2,125,0,12,125,2,139,70,0,70,209
10/11/2016,FDK,MD,AEA,EN,Federal Contract Tower,0,1,8,0,9,0,3,108,0,111,0,4,116,0,120,152,0,152,272
10/12/2016,FDK,MD,AEA,EN,Federal Contract Tower,0,1,16,0,17,0,6,73,4,83,0,7,89,4,100,80,6,86,186
10/13/2016,FDK,MD,AEA,EN,Federal Contract Tower,0,3,14,0,17,0,12,68,1,81,0,15,82,1,98,116,0,116,214
10/14/2016,FDK,MD,AEA,EN,Federal Contract Tower,0,1,19,2,22,0,2,134,2,138,0,3,153,4,160,128,0,128,288
10/15/2016,FDK,MD,AEA,EN,Federal Contract Tower,0,0,11,0,11,0,1,130,8,139,0,1,141,8,150,114,0,114,264
10/16/2016,FDK,MD,AEA,EN,Federal Contract Tower,0,5,15,0,20,0,0,130,6,136,0,5,145,6,156,54,0,54,210
10/17/2016,FDK,MD,AEA,EN,Federal Contract Tower,0,0,6,0,6,0,2,81,0,83,0,2,87,0,89,62,0,62,151
10/18/2016,FDK,MD,AEA,EN,Federal Contract Tower,0,2,9,0,11,0,6,114,2,122,0,8,123,2,133,108,6,114,247
10/19/2016,FDK,MD,AEA,EN,Federal Contract Tower,0,9,22,0,31,0,10,119,2,131,0,19,141,2,162,118,4,122,284
10/20/2016,FDK,MD,AEA,EN,Federal Contract Tower,0,1,8,0,9,0,11,82,0,93,0,12,90,0,102,142,0,142,244
10/21/2016,FDK,MD,AEA,EN,Federal Contract Tower,0,7,26,0,33,0,9,21,0,30,0,16,47,0,63,34,0,34,97
10/22/2016,FDK,MD,AEA,EN,Federal Contract Tower,0,1,1,0,2,0,10,18,0,28,0,11,19,0,30,0,0,0,30
10/23/2016,FDK,MD,AEA,EN,Federal Contract Tower,0,5,11,0,16,0,6,63,4,73,0,11,74,4,89,40,0,40,129
10/24/2016,FDK,MD,AEA,EN,Federal Contract Tower,0,4,23,0,27,0,9,87,0,96,0,13,110,0,123,48,0,48,171
10/25/2016,FDK,MD,AEA,EN,Federal Contract Tower,0,1,7,0,8,0,16,62,1,79,0,17,69,1,87,48,2,50,137
10/26/2016,FDK,MD,AEA,EN,Federal Contract Tower,0,1,15,0,16,0,4,109,2,115,0,5,124,2,131,102,18,120,251
10/27/2016,FDK,MD,AEA,EN,Federal Contract Tower,0,1,8,1,10,0,5,11,0,16,0,6,19,1,26,24,0,24,50
10/28/2016,FDK,MD,AEA,EN,Federal Contract Tower,0,2,8,0,10,0,9,96,2,107,0,11,104,2,117,108,0,108,225
10/29/2016,FDK,MD,AEA,EN,Federal Contract Tower,0,3,9,0,12,0,14,128,6,148,0,17,137,6,160,152,0,152,312
10/30/2016,FDK,MD,AEA,EN,Federal Contract Tower,0,5,9,0,14,0,8,98,0,106,0,13,107,0,120,102,0,102,222
10/31/2016,FDK,MD,AEA,EN,Federal Contract Tower,0,0,10,0,10,0,2,89,3,94,0,2,99,3,104,72,0,72,176
11/01/2016,FDK,MD,AEA,EN,Federal Contract Tower,0,0,5,0,5,0,9,83,2,94,0,9,88,2,99,138,0,138,237
11/02/2016,FDK,MD,AEA,EN,Federal Contract Tower,0,2,10,0,12,0,3,103,0,106,0,5,113,0,118,142,0,142,260
11/03/2016,FDK,MD,AEA,EN,Federal Contract Tower,0,2,4,0,6,0,22,65,0,87,0,24,69,0,93,52,0,52,145
11/04/2016,FDK,MD,AEA,EN,Federal Contract Tower,0,1,9,0,10,0,10,96,12,118,0,11,105,12,128,136,0,136,264
11/05/2016,FDK,MD,AEA,EN,Federal Contract Tower,0,1,6,1,8,0,9,141,9,159,0,10,147,10,167,152,0,152,319
11/07/2016,FDK,MD,AEA,EN,Federal Contract Tower,0,2,6,0,8,0,12,108,3,123,0,14,114,3,131,98,0,98,229
11/08/2016,FDK,MD,AEA,EN,Federal Contract Tower,0,7,14,0,21,0,1,90,1,92,0,8,104,1,113,100,0,100,213
11/09/2016,FDK,MD,AEA,EN,Federal Contract Tower,0,6,14,0,20,0,5,9,4,18,0,11,23,4,38,6,0,6,44
11/10/2016,FDK,MD,AEA,EN,Federal Contract Tower,0,9,14,2,25,0,2,69,3,74,0,11,83,5,99,110,2,112,211
11/11/2016,FDK,MD,AEA,EN,Federal Contract Tower,0,4,15,0,19,0,4,66,0,70,0,8,81,0,89,68,0,68,157
11/12/2016,FDK,MD,AEA,EN,Federal Contract Tower,0,1,21,0,22,0,9,121,7,137,0,10,142,7,159,146,0,146,305
11/13/2016,FDK,MD,AEA,EN,Federal Contract Tower,0,4,10,0,14,0,4,178,7,189,0,8,188,7,203,136,0,136,339
11/14/2016,FDK,MD,AEA,EN,Federal Contract Tower,0,0,9,0,9,0,2,88,0,90,0,2,97,0,99,132,0,132,231
11/15/2016,FDK,MD,AEA,EN,Federal Contract Tower,0,1,9,2,12,0,4,107,4,115,0,5,116,6,127,78,4,82,209
11/16/2016,FDK,MD,AEA,EN,Federal Contract Tower,0,4,7,1,12,0,3,97,5,105,0,7,104,6,117,98,4,102,219
11/17/2016,FDK,MD,AEA,EN,Federal Contract Tower,0,3,12,0,15,0,24,111,2,137,0,27,123,2,152,132,0,132,284
11/18/2016,FDK,MD,AEA,EN,Federal Contract Tower,0,3,20,0,23,0,0,128,3,131,0,3,148,3,154,158,0,158,312
11/19/2016,FDK,MD,AEA,EN,Federal Contract Tower,0,2,8,0,10,0,0,61,3,64,0,2,69,3,74,64,10,74,148
11/20/2016,FDK,MD,AEA,EN,Federal Contract Tower,0,5,5,0,10,0,2,3,0,5,0,7,8,0,15,8,0,8,23
11/21/2016,FDK,MD,AEA,EN,Federal Contract Tower,0,3,3,0,6,0,1,10,0,11,0,4,13,0,17,12,0,12,29
11/22/2016,FDK,MD,AEA,EN,Federal Contract Tower,0,5,5,0,10,0,3,71,2,76,0,8,76,2,86,48,2,50,136
11/23/2016,FDK,MD,AEA,EN,Federal Contract Tower,0,5,4,0,9,0,3,104,0,107,0,8,108,0,116,100,0,100,216
11/24/2016,FDK,MD,AEA,EN,Federal Contract Tower,0,0,5,0,5,0,3,15,10,28,0,3,20,10,33,22,2,24,57
11/25/2016,FDK,MD,AEA,EN,Federal Contract Tower,0,8,7,0,15,0,2,81,3,86,0,10,88,3,101,110,18,128,229
11/26/2016,FDK,MD,AEA,EN,Federal Contract Tower,0,1,4,0,5,0,13,59,2,74,0,14,63,2,79,28,4,32,111
11/27/2016,FDK,MD,AEA,EN,Federal Contract Tower,0,3,15,0,18,0,13,146,1,160,0,16,161,1,178,148,0,148,326
11/28/2016,FDK,MD,AEA,EN,Federal Contract Tower,0,0,1,0,1,0,3,112,2,117,0,3,113,2,118,48,0,48,166
11/29/2016,FDK,MD,AEA,EN,Federal Contract Tower,0,0,0,0,0,0,0,0,0,0,0,0,0,0,0,0,0,0,0
11/30/2016,FDK,MD,AEA,EN,Federal Contract Tower,0,1,1,0,2,0,0,0,0,0,0,1,1,0,2,0,0,0,2
12/01/2016,FDK,MD,AEA,EN,Federal Contract Tower,0,1,5,0,6,0,4,47,0,51,0,5,52,0,57,76,0,76,133
12/02/2016,FDK,MD,AEA,EN,Federal Contract Tower,0,0,15,0,15,0,9,60,1,70,0,9,75,1,85,22,0,22,107
12/03/2016,FDK,MD,AEA,EN,Federal Contract Tower,0,1,4,0,5,0,7,110,7,124,0,8,114,7,129,70,2,72,201
12/04/2016,FDK,MD,AEA,EN,Federal Contract Tower,0,5,7,0,12,0,8,133,11,152,0,13,140,11,164,76,0,76,240
12/05/2016,FDK,MD,AEA,EN,Federal Contract Tower,0,5,7,0,12,0,9,62,1,72,0,14,69,1,84,68,0,68,152
12/06/2016,FDK,MD,AEA,EN,Federal Contract Tower,0,3,5,0,8,0,2,8,0,10,0,5,13,0,18,32,0,32,50
12/07/2016,FDK,MD,AEA,EN,Federal Contract Tower,0,3,8,1,12,0,13,108,7,128,0,16,116,8,140,76,0,76,216
12/08/2016,FDK,MD,AEA,EN,Federal Contract Tower,0,3,6,0,9,0,12,60,0,72,0,15,66,0,81,62,0,62,143
12/09/2016,FDK,MD,AEA,EN,Federal Contract Tower,0,0,13,0,13,0,11,58,6,75,0,11,71,6,88,92,0,92,180
12/11/2016,FDK,MD,AEA,EN,Federal Contract Tower,0,7,11,0,18,0,6,75,2,83,0,13,86,2,101,62,0,62,163
12/12/2016,FDK,MD,AEA,EN,Federal Contract Tower,0,2,8,0,10,0,2,29,0,31,0,4,37,0,41,44,0,44,85
12/13/2016,FDK,MD,AEA,EN,Federal Contract Tower,0,2,5,3,10,0,11,94,2,107,0,13,99,5,117,106,0,106,223
12/14/2016,FDK,MD,AEA,EN,Federal Contract Tower,0,2,12,0,14,0,0,115,1,116,0,2,127,1,130,148,6,154,284
12/15/2016,FDK,MD,AEA,EN,Federal Contract Tower,0,0,4,0,4,0,0,2,1,3,0,0,6,1,7,2,0,2,9
12/16/2016,FDK,MD,AEA,EN,Federal Contract Tower,0,2,9,0,11,0,2,63,2,67,0,4,72,2,78,94,0,94,172
12/17/2016,FDK,MD,AEA,EN,Federal Contract Tower,0,0,3,0,3,0,0,0,0,0,0,0,3,0,3,0,0,0,3
12/18/2016,FDK,MD,AEA,EN,Federal Contract Tower,0,0,2,0,2,0,3,4,0,7,0,3,6,0,9,8,0,8,17
12/19/2016,FDK,MD,AEA,EN,Federal Contract Tower,0,0,3,0,3,0,15,114,3,132,0,15,117,3,135,90,0,90,225
12/20/2016,FDK,MD,AEA,EN,Federal Contract Tower,0,0,11,0,11,0,2,102,2,106,0,2,113,2,117,98,14,112,229
12/21/2016,FDK,MD,AEA,EN,Federal Contract Tower,0,5,16,0,21,0,4,107,1,112,0,9,123,1,133,122,0,122,255
12/22/2016,FDK,MD,AEA,EN,Federal Contract Tower,0,0,3,0,3,0,6,70,0,76,0,6,73,0,79,92,0,92,171
12/23/2016,FDK,MD,AEA,EN,Federal Contract Tower,0,0,8,0,8,0,0,95,4,99,0,0,103,4,107,50,0,50,157
12/24/2016,FDK,MD,AEA,EN,Federal Contract Tower,0,0,0,0,0,0,0,4,0,4,0,0,4,0,4,2,0,2,6
12/25/2016,FDK,MD,AEA,EN,Federal Contract Tower,0,0,3,0,3,0,2,18,2,22,0,2,21,2,25,2,2,4,29
12/26/2016,FDK,MD,AEA,EN,Federal Contract Tower,0,3,11,0,14,0,0,26,0,26,0,3,37,0,40,72,0,72,112
12/27/2016,FDK,MD,AEA,EN,Federal Contract Tower,0,5,6,0,11,0,1,27,0,28,0,6,33,0,39,4,0,4,43
12/28/2016,FDK,MD,AEA,EN,Federal Contract Tower,0,4,2,0,6,0,0,113,5,118,0,4,115,5,124,114,0,114,238
12/29/2016,FDK,MD,AEA,EN,Federal Contract Tower,0,2,3,0,5,0,0,7,0,7,0,2,10,0,12,16,0,16,28
12/30/2016,FDK,MD,AEA,EN,Federal Contract Tower,0,4,6,0,10,0,1,17,0,18,0,5,23,0,28,14,0,14,42
12/31/2016,FDK,MD,AEA,EN,Federal Contract Tower,0,2,5,0,7,0,2,116,2,120,0,4,121,2,127,104,0,104,231
01/01/2017,FDK,MD,AEA,EN,Federal Contract Tower,0,5,6,0,11,0,2,88,2,92,0,7,94,2,103,82,0,82,185
01/02/2017,FDK,MD,AEA,EN,Federal Contract Tower,0,5,3,0,8,0,0,0,0,0,0,5,3,0,8,0,0,0,8
01/03/2017,FDK,MD,AEA,EN,Federal Contract Tower,0,2,2,0,4,0,0,0,0,0,0,2,2,0,4,0,0,0,4
01/04/2017,FDK,MD,AEA,EN,Federal Contract Tower,0,1,4,0,5,0,0,59,2,61,0,1,63,2,66,86,0,86,152
01/05/2017,FDK,MD,AEA,EN,Federal Contract Tower,0,2,2,0,4,0,8,58,2,68,0,10,60,2,72,60,0,60,132
01/06/2017,FDK,MD,AEA,EN,Federal Contract Tower,0,3,5,0,8,0,4,65,2,71,0,7,70,2,79,24,0,24,103
01/07/2017,FDK,MD,AEA,EN,Federal Contract Tower,0,1,1,0,2,0,0,40,0,40,0,1,41,0,42,42,0,42,84
01/08/2017,FDK,MD,AEA,EN,Federal Contract Tower,0,2,4,0,6,0,0,14,0,14,0,2,18,0,20,12,0,12,32
01/09/2017,FDK,MD,AEA,EN,Federal Contract Tower,0,0,7,0,7,0,1,93,14,108,0,1,100,14,115,108,0,108,223
01/10/2017,FDK,MD,AEA,EN,Federal Contract Tower,0,0,2,0,2,0,0,18,0,18,0,0,20,0,20,0,0,0,20
01/11/2017,FDK,MD,AEA,EN,Federal Contract Tower,0,0,3,0,3,0,0,68,0,68,0,0,71,0,71,44,0,44,115
01/12/2017,FDK,MD,AEA,EN,Federal Contract Tower,0,2,6,0,8,0,4,40,2,46,0,6,46,2,54,64,0,64,118
01/13/2017,FDK,MD,AEA,EN,Federal Contract Tower,0,2,4,0,6,0,0,102,4,106,0,2,106,4,112,56,8,64,176
01/14/2017,FDK,MD,AEA,EN,Federal Contract Tower,0,4,0,0,4,0,0,0,0,0,0,4,0,0,4,0,0,0,4
01/15/2017,FDK,MD,AEA,EN,Federal Contract Tower,0,0,6,0,6,0,12,154,4,170,0,12,160,4,176,68,0,68,244
01/16/2017,FDK,MD,AEA,EN,Federal Contract Tower,0,3,7,2,12,0,0,63,2,65,0,3,70,4,77,168,0,168,245
01/17/2017,FDK,MD,AEA,EN,Federal Contract Tower,0,1,4,0,5,0,0,0,0,0,0,1,4,0,5,0,0,0,5
01/18/2017,FDK,MD,AEA,EN,Federal Contract Tower,0,2,3,0,5,0,1,53,2,56,0,3,56,2,61,64,1,65,126
01/19/2017,FDK,MD,AEA,EN,Federal Contract Tower,0,5,7,0,12,0,6,120,0,126,0,11,127,0,138,104,0,104,242
01/20/2017,FDK,MD,AEA,EN,Federal Contract Tower,0,5,11,0,16,0,0,2,0,2,0,5,13,0,18,12,0,12,30
01/21/2017,FDK,MD,AEA,EN,Federal Contract Tower,0,5,12,0,17,0,0,0,0,0,0,5,12,0,17,0,0,0,17
01/22/2017,FDK,MD,AEA,EN,Federal Contract Tower,0,3,9,0,12,0,0,0,0,0,0,3,9,0,12,0,0,0,12
01/23/2017,FDK,MD,AEA,EN,Federal Contract Tower,0,2,2,0,4,0,0,0,0,0,0,2,2,0,4,0,0,0,4
01/24/2017,FDK,MD,AEA,EN,Federal Contract Tower,0,0,8,0,8,0,3,32,0,35,0,3,40,0,43,14,0,14,57
01/25/2017,FDK,MD,AEA,EN,Federal Contract Tower,0,4,6,2,12,0,17,149,5,171,0,21,155,7,183,154,2,156,339
01/26/2017,FDK,MD,AEA,EN,Federal Contract Tower,0,2,3,1,6,0,2,17,1,20,0,4,20,2,26,0,0,0,26
01/27/2017,FDK,MD,AEA,EN,Federal Contract Tower,0,2,5,0,7,0,0,51,0,51,0,2,56,0,58,18,0,18,76
01/28/2017,FDK,MD,AEA,EN,Federal Contract Tower,0,1,5,0,6,0,22,68,9,99,0,23,73,9,105,80,10,90,195
01/29/2017,FDK,MD,AEA,EN,Federal Contract Tower,0,2,9,0,11,0,2,118,7,127,0,4,127,7,138,68,8,76,214
01/30/2017,FDK,MD,AEA,EN,Federal Contract Tower,0,4,3,2,9,0,12,26,0,38,0,16,29,2,47,24,0,24,71
01/31/2017,FDK,MD,AEA,EN,Federal Contract Tower,0,1,2,0,3,0,1,67,0,68,0,2,69,0,71,94,0,94,165
02/01/2017,FDK,MD,AEA,EN,Federal Contract Tower,0,0,19,2,21,0,4,91,5,100,0,4,110,7,121,90,4,94,215
02/02/2017,FDK,MD,AEA,EN,Federal Contract Tower,0,2,3,0,5,0,28,86,6,120,0,30,89,6,125,72,10,82,207
02/03/2017,FDK,MD,AEA,EN,Federal Contract Tower,0,2,6,1,9,0,5,95,0,100,0,7,101,1,109,22,0,22,131
02/04/2017,FDK,MD,AEA,EN,Federal Contract Tower,0,4,5,0,9,0,10,130,24,164,0,14,135,24,173,54,4,58,231
02/05/2017,FDK,MD,AEA,EN,Federal Contract Tower,0,5,6,0,11,0,7,91,5,103,0,12,97,5,114,88,0,88,202
02/06/2017,FDK,MD,AEA,EN,Federal Contract Tower,0,2,9,1,12,0,0,120,2,122,0,2,129,3,134,114,0,114,248
02/07/2017,FDK,MD,AEA,EN,Federal Contract Tower,0,3,2,0,5,0,5,36,1,42,0,8,38,1,47,58,0,58,105
02/08/2017,FDK,MD,AEA,EN,Federal Contract Tower,0,2,13,0,15,0,8,88,1,97,0,10,101,1,112,140,0,140,252
02/09/2017,FDK,MD,AEA,EN,Federal Contract Tower,0,0,1,0,1,0,24,8,0,32,0,24,9,0,33,0,0,0,33
02/10/2017,FDK,MD,AEA,EN,Federal Contract Tower,0,2,14,2,18,0,1,111,2,114,0,3,125,4,132,90,0,90,222
02/11/2017,FDK,MD,AEA,EN,Federal Contract Tower,0,3,4,0,7,0,2,199,2,203,0,5,203,2,210,174,0,174,384
02/12/2017,FDK,MD,AEA,EN,Federal Contract Tower,0,2,12,0,14,0,0,3,0,3,0,2,15,0,17,6,0,6,23
02/13/2017,FDK,MD,AEA,EN,Federal Contract Tower,0,0,2,0,2,0,0,5,0,5,0,0,7,0,7,0,0,0,7
02/14/2017,FDK,MD,AEA,EN,Federal Contract Tower,0,1,11,0,12,0,6,99,3,108,0,7,110,3,120,96,0,96,216
02/15/2017,FDK,MD,AEA,EN,Federal Contract Tower,0,2,6,2,10,0,2,35,0,37,0,4,41,2,47,46,0,46,93
02/16/2017,FDK,MD,AEA,EN,Federal Contract Tower,0,0,6,0,6,0,9,25,0,34,0,9,31,0,40,12,0,12,52
02/17/2017,FDK,MD,AEA,EN,Federal Contract Tower,0,2,23,0,25,0,20,131,3,154,0,22,154,3,179,130,0,130,309
02/18/2017,FDK,MD,AEA,EN,Federal Contract Tower,0,3,4,0,7,0,18,193,5,216,0,21,197,5,223,176,0,176,399
02/19/2017,FDK,MD,AEA,EN,Federal Contract Tower,0,3,6,0,9,0,19,134,4,157,0,22,140,4,166,120,0,120,286
02/20/2017,FDK,MD,AEA,EN,Federal Contract Tower,0,1,21,0,22,0,16,148,3,167,0,17,169,3,189,102,0,102,291
02/21/2017,FDK,MD,AEA,EN,Federal Contract Tower,0,6,7,0,13,0,10,100,2,112,0,16,107,2,125,92,0,92,217
02/22/2017,FDK,MD,AEA,EN,Federal Contract Tower,0,2,6,0,8,0,20,134,0,154,0,22,140,0,162,162,0,162,324
02/23/2017,FDK,MD,AEA,EN,Federal Contract Tower,0,4,13,0,17,0,5,137,9,151,0,9,150,9,168,128,4,132,300
02/24/2017,FDK,MD,AEA,EN,Federal Contract Tower,0,1,12,0,13,0,1,93,4,98,0,2,105,4,111,110,10,120,231
02/25/2017,FDK,MD,AEA,EN,Federal Contract Tower,0,0,1,0,1,0,1,9,0,10,0,1,10,0,11,16,0,16,27
02/26/2017,FDK,MD,AEA,EN,Federal Contract Tower,0,2,10,0,12,0,4,93,6,103,0,6,103,6,115,88,0,88,203
02/27/2017,FDK,MD,AEA,EN,Federal Contract Tower,0,2,3,0,5,0,3,77,0,80,0,5,80,0,85,66,0,66,151
02/28/2017,FDK,MD,AEA,EN,Federal Contract Tower,0,4,18,0,22,0,19,56,1,76,0,23,74,1,98,95,0,95,193
03/01/2017,FDK,MD,AEA,EN,Federal Contract Tower,0,0,11,0,11,0,3,6,0,9,0,3,17,0,20,18,0,18,38
03/02/2017,FDK,MD,AEA,EN,Federal Contract Tower,0,6,11,0,17,0,0,15,0,15,0,6,26,0,32,0,0,0,32
03/03/2017,FDK,MD,AEA,EN,Federal Contract Tower,0,2,4,0,6,0,0,46,4,50,0,2,50,4,56,54,0,54,110
03/04/2017,FDK,MD,AEA,EN,Federal Contract Tower,0,0,2,0,2,0,4,106,7,117,0,4,108,7,119,88,0,88,207
03/05/2017,FDK,MD,AEA,EN,Federal Contract Tower,0,2,4,0,6,0,23,131,5,159,0,25,135,5,165,150,6,156,321
03/06/2017,FDK,MD,AEA,EN,Federal Contract Tower,0,1,7,0,8,0,2,113,0,115,0,3,120,0,123,144,0,144,267
03/07/2017,FDK,MD,AEA,EN,Federal Contract Tower,0,0,10,0,10,0,4,47,0,51,0,4,57,0,61,76,0,76,137
03/08/2017,FDK,MD,AEA,EN,Federal Contract Tower,0,2,11,0,13,0,2,33,0,35,0,4,44,0,48,54,0,54,102
03/09/2017,FDK,MD,AEA,EN,Federal Contract Tower,0,0,3,0,3,0,2,56,0,58,0,2,59,0,61,46,0,46,107
03/10/2017,FDK,MD,AEA,EN,Federal Contract Tower,0,0,4,0,4,0,3,0,0,3,0,3,4,0,7,0,0,0,7
03/11/2017,FDK,MD,AEA,EN,Federal Contract Tower,0,1,3,0,4,0,0,48,3,51,0,1,51,3,55,65,0,65,120
03/12/2017,FDK,MD,AEA,EN,Federal Contract Tower,0,1,9,0,10,0,0,122,5,127,0,1,131,5,137,148,0,148,285
03/13/2017,FDK,MD,AEA,EN,Federal Contract Tower,0,1,8,0,9,0,0,97,0,97,0,1,105,0,106,100,0,100,206
03/14/2017,FDK,MD,AEA,EN,Federal Contract Tower,0,0,0,0,0,0,0,0,0,0,0,0,0,0,0,0,0,0,0
03/15/2017,FDK,MD,AEA,EN,Federal Contract Tower,0,0,3,0,3,0,0,4,0,4,0,0,7,0,7,2,0,2,9
03/16/2017,FDK,MD,AEA,EN,Federal Contract Tower,0,5,18,0,23,0,0,28,5,33,0,5,46,5,56,72,0,72,128
03/17/2017,FDK,MD,AEA,EN,Federal Contract Tower,0,0,15,0,15,0,14,105,0,119,0,14,120,0,134,154,0,154,288
03/19/2017,FDK,MD,AEA,EN,Federal Contract Tower,0,2,8,0,10,0,2,77,2,81,0,4,85,2,91,66,0,66,157
03/20/2017,FDK,MD,AEA,EN,Federal Contract Tower,0,3,9,0,12,0,4,85,4,93,0,7,94,4,105,184,12,196,301
03/21/2017,FDK,MD,AEA,EN,Federal Contract Tower,0,3,4,4,11,0,7,91,2,100,0,10,95,6,111,87,14,101,212
03/22/2017,FDK,MD,AEA,EN,Federal Contract Tower,0,2,2,0,4,0,2,19,0,21,0,4,21,0,25,2,0,2,27
03/23/2017,FDK,MD,AEA,EN,Federal Contract Tower,0,2,5,0,7,0,2,193,1,196,0,4,198,1,203,222,0,222,425
03/24/2017,FDK,MD,AEA,EN,Federal Contract Tower,0,1,9,2,12,0,0,65,9,74,0,1,74,11,86,56,2,58,144
03/25/2017,FDK,MD,AEA,EN,Federal Contract Tower,0,1,13,0,14,0,27,174,1,202,0,28,187,1,216,208,0,208,424
03/26/2017,FDK,MD,AEA,EN,Federal Contract Tower,0,7,15,0,22,0,0,15,0,15,0,7,30,0,37,6,0,6,43
03/27/2017,FDK,MD,AEA,EN,Federal Contract Tower,0,3,14,0,17,0,10,39,0,49,0,13,53,0,66,88,0,88,154
03/28/2017,FDK,MD,AEA,EN,Federal Contract Tower,0,1,2,0,3,0,0,1,3,4,0,1,3,3,7,0,0,0,7
03/29/2017,FDK,MD,AEA,EN,Federal Contract Tower,0,0,11,0,11,0,1,188,3,192,0,1,199,3,203,200,2,202,405
03/30/2017,FDK,MD,AEA,EN,Federal Contract Tower,0,3,8,0,11,0,13,121,6,140,0,16,129,6,151,156,10,166,317
03/31/2017,FDK,MD,AEA,EN,Federal Contract Tower,0,0,13,0,13,0,0,0,0,0,0,0,13,0,13,0,0,0,13
04/01/2017,FDK,MD,AEA,EN,Federal Contract Tower,0,1,20,0,21,0,4,52,0,56,0,5,72,0,77,146,0,146,223
04/02/2017,FDK,MD,AEA,EN,Federal Contract Tower,0,2,19,0,21,0,2,135,3,140,0,4,154,3,161,162,0,162,323
04/03/2017,FDK,MD,AEA,EN,Federal Contract Tower,0,3,7,0,10,0,1,88,1,90,0,4,95,1,100,142,0,142,242
04/04/2017,FDK,MD,AEA,EN,Federal Contract Tower,0,1,7,1,9,0,0,20,0,20,0,1,27,1,29,10,0,10,39
04/05/2017,FDK,MD,AEA,EN,Federal Contract Tower,0,6,12,0,18,0,12,161,2,175,0,18,173,2,193,176,0,176,369
04/06/2017,FDK,MD,AEA,EN,Federal Contract Tower,0,3,3,0,6,0,1,1,0,2,0,4,4,0,8,0,0,0,8
04/07/2017,FDK,MD,AEA,EN,Federal Contract Tower,0,2,5,0,7,0,2,8,2,12,0,4,13,2,19,0,0,0,19
04/08/2017,FDK,MD,AEA,EN,Federal Contract Tower,0,0,17,0,17,0,2,105,2,109,0,2,122,2,126,78,0,78,204
04/09/2017,FDK,MD,AEA,EN,Federal Contract Tower,0,2,24,0,26,0,3,142,3,148,0,5,166,3,174,158,2,160,334
04/10/2017,FDK,MD,AEA,EN,Federal Contract Tower,0,3,11,0,14,0,4,121,0,125,0,7,132,0,139,140,0,140,279
04/11/2017,FDK,MD,AEA,EN,Federal Contract Tower,0,4,11,0,15,0,6,115,6,127,0,10,126,6,142,190,4,194,336
04/12/2017,FDK,MD,AEA,EN,Federal Contract Tower,0,6,15,0,21,0,14,70,4,88,0,20,85,4,109,104,0,104,213
04/13/2017,FDK,MD,AEA,EN,Federal Contract Tower,0,5,13,0,18,0,4,174,2,180,0,9,187,2,198,230,0,230,428
04/14/2017,FDK,MD,AEA,EN,Federal Contract Tower,0,2,14,2,18,0,25,150,4,179,0,27,164,6,197,128,2,130,327
04/15/2017,FDK,MD,AEA,EN,Federal Contract Tower,0,5,19,0,24,0,10,136,10,156,0,15,155,10,180,264,10,274,454
04/16/2017,FDK,MD,AEA,EN,Federal Contract Tower,0,3,3,0,6,0,2,37,0,39,0,5,40,0,45,36,0,36,81
04/17/2017,FDK,MD,AEA,EN,Federal Contract Tower,0,12,6,1,19,0,5,38,2,45,0,17,44,3,64,80,0,80,144
04/18/2017,FDK,MD,AEA,EN,Federal Contract Tower,0,1,5,0,6,0,5,153,2,160,0,6,158,2,166,102,0,102,268
04/19/2017,FDK,MD,AEA,EN,Federal Contract Tower,0,2,12,2,16,0,0,61,0,61,0,2,73,2,77,68,0,68,145
04/20/2017,FDK,MD,AEA,EN,Federal Contract Tower,0,2,17,0,19,0,1,57,0,58,0,3,74,0,77,156,0,156,233
04/21/2017,FDK,MD,AEA,EN,Federal Contract Tower,0,0,17,0,17,0,2,93,2,97,0,2,110,2,114,128,8,136,250
04/22/2017,FDK,MD,AEA,EN,Federal Contract Tower,0,3,18,0,21,0,0,0,0,0,0,3,18,0,21,0,0,0,21
04/23/2017,FDK,MD,AEA,EN,Federal Contract Tower,0,5,11,0,16,0,25,106,3,134,0,30,117,3,150,198,0,198,348
04/24/2017,FDK,MD,AEA,EN,Federal Contract Tower,0,1,11,0,12,0,14,36,0,50,0,15,47,0,62,76,0,76,138
04/25/2017,FDK,MD,AEA,EN,Federal Contract Tower,0,3,8,2,13,0,0,2,0,2,0,3,10,2,15,0,0,0,15
04/26/2017,FDK,MD,AEA,EN,Federal Contract Tower,0,5,32,0,37,0,9,68,0,77,0,14,100,0,114,120,0,120,234
04/27/2017,FDK,MD,AEA,EN,Federal Contract Tower,0,4,22,4,30,0,0,40,0,40,0,4,62,4,70,82,0,82,152
04/28/2017,FDK,MD,AEA,EN,Federal Contract Tower,0,5,15,0,20,0,4,140,0,144,0,9,155,0,164,154,0,154,318
04/29/2017,FDK,MD,AEA,EN,Federal Contract Tower,0,0,8,0,8,0,1,104,0,105,0,1,112,0,113,118,0,118,231
04/30/2017,FDK,MD,AEA,EN,Federal Contract Tower,0,4,18,0,22,0,3,73,0,76,0,7,91,0,98,132,0,132,230
05/01/2017,FDK,MD,AEA,EN,Federal Contract Tower,0,0,6,0,6,0,0,19,0,19,0,0,25,0,25,14,0,14,39
05/02/2017,FDK,MD,AEA,EN,Federal Contract Tower,0,4,8,0,12,0,2,41,0,43,0,6,49,0,55,40,0,40,95
05/03/2017,FDK,MD,AEA,EN,Federal Contract Tower,0,4,28,0,32,0,2,88,2,92,0,6,116,2,124,84,0,84,208
05/04/2017,FDK,MD,AEA,EN,Federal Contract Tower,0,3,13,0,16,0,0,93,0,93,0,3,106,0,109,86,0,86,195
05/05/2017,FDK,MD,AEA,EN,Federal Contract Tower,0,2,8,0,10,0,2,15,0,17,0,4,23,0,27,4,0,4,31
05/06/2017,FDK,MD,AEA,EN,Federal Contract Tower,0,4,5,1,10,0,0,16,0,16,0,4,21,1,26,34,0,34,60
05/07/2017,FDK,MD,AEA,EN,Federal Contract Tower,0,5,10,0,15,0,4,60,0,64,0,9,70,0,79,130,0,130,209
05/08/2017,FDK,MD,AEA,EN,Federal Contract Tower,0,3,7,1,11,0,15,99,9,123,0,18,106,10,134,128,0,128,262
05/09/2017,FDK,MD,AEA,EN,Federal Contract Tower,0,1,5,0,6,0,3,131,8,142,0,4,136,8,148,120,0,120,268
05/10/2017,FDK,MD,AEA,EN,Federal Contract Tower,0,2,14,0,16,0,0,109,2,111,0,2,123,2,127,132,0,132,259
05/11/2017,FDK,MD,AEA,EN,Federal Contract Tower,0,0,14,0,14,0,0,9,0,9,0,0,23,0,23,20,0,20,43
05/12/2017,FDK,MD,AEA,EN,Federal Contract Tower,0,2,35,1,38,0,0,32,3,35,0,2,67,4,73,60,10,70,143
05/13/2017,FDK,MD,AEA,EN,Federal Contract Tower,0,2,11,0,13,0,2,7,0,9,0,4,18,0,22,22,0,22,44
05/14/2017,FDK,MD,AEA,EN,Federal Contract Tower,0,0,6,0,6,0,2,59,1,62,0,2,65,1,68,52,0,52,120
05/15/2017,FDK,MD,AEA,EN,Federal Contract Tower,0,0,13,0,13,0,6,67,0,73,0,6,80,0,86,66,0,66,152
05/16/2017,FDK,MD,AEA,EN,Federal Contract Tower,0,1,6,3,10,0,4,185,1,190,0,5,191,4,200,206,0,206,406
05/17/2017,FDK,MD,AEA,EN,Federal Contract Tower,0,4,14,0,18,0,2,113,2,117,0,6,127,2,135,180,6,186,321
05/18/2017,FDK,MD,AEA,EN,Federal Contract Tower,0,3,12,0,15,0,4,95,0,99,0,7,107,0,114,118,0,118,232
05/19/2017,FDK,MD,AEA,EN,Federal Contract Tower,0,8,13,1,22,0,0,108,1,109,0,8,121,2,131,98,0,98,229
05/20/2017,FDK,MD,AEA,EN,Federal Contract Tower,0,3,27,0,30,0,0,98,0,98,0,3,125,0,128,144,0,144,272
05/21/2017,FDK,MD,AEA,EN,Federal Contract Tower,0,5,18,0,23,0,10,96,3,109,0,15,114,3,132,112,12,124,256
05/22/2017,FDK,MD,AEA,EN,Federal Contract Tower,0,1,11,0,12,0,2,20,0,22,0,3,31,0,34,58,0,58,92
05/23/2017,FDK,MD,AEA,EN,Federal Contract Tower,0,1,15,0,16,0,2,66,0,68,0,3,81,0,84,106,0,106,190
05/24/2017,FDK,MD,AEA,EN,Federal Contract Tower,0,1,26,0,27,0,2,45,0,47,0,3,71,0,74,88,0,88,162
05/25/2017,FDK,MD,AEA,EN,Federal Contract Tower,0,2,8,0,10,0,0,11,0,11,0,2,19,0,21,8,0,8,29
05/26/2017,FDK,MD,AEA,EN,Federal Contract Tower,0,1,27,0,28,0,2,86,1,89,0,3,113,1,117,60,0,60,177
05/27/2017,FDK,MD,AEA,EN,Federal Contract Tower,0,1,12,0,13,0,9,85,0,94,0,10,97,0,107,124,0,124,231
05/28/2017,FDK,MD,AEA,EN,Federal Contract Tower,0,0,11,1,12,0,0,37,0,37,0,0,48,1,49,72,0,72,121
05/29/2017,FDK,MD,AEA,EN,Federal Contract Tower,0,2,15,0,17,0,5,68,0,73,0,7,83,0,90,50,0,50,140
05/30/2017,FDK,MD,AEA,EN,Federal Contract Tower,0,3,14,0,17,0,0,0,0,0,0,3,14,0,17,0,0,0,17
05/31/2017,FDK,MD,AEA,EN,Federal Contract Tower,0,0,18,0,18,0,6,126,1,133,0,6,144,1,151,126,2,128,279
06/01/2017,FDK,MD,AEA,EN,Federal Contract Tower,0,1,17,0,18,0,3,121,3,127,0,4,138,3,145,94,0,94,239
06/02/2017,FDK,MD,AEA,EN,Federal Contract Tower,0,0,14,0,14,0,0,103,1,104,0,0,117,1,118,94,6,100,218
06/03/2017,FDK,MD,AEA,EN,Federal Contract Tower,0,1,10,0,11,0,1,165,2,168,0,2,175,2,179,94,0,94,273
06/04/2017,FDK,MD,AEA,EN,Federal Contract Tower,0,1,20,2,23,0,2,135,4,141,0,3,155,6,164,120,0,120,284
06/05/2017,FDK,MD,AEA,EN,Federal Contract Tower,0,0,13,0,13,0,2,45,0,47,0,2,58,0,60,74,0,74,134
06/06/2017,FDK,MD,AEA,EN,Federal Contract Tower,0,4,16,1,21,0,1,57,8,66,0,5,73,9,87,98,0,98,185
06/07/2017,FDK,MD,AEA,EN,Federal Contract Tower,0,5,23,0,28,0,4,20,3,27,0,9,43,3,55,30,0,30,85
06/08/2017,FDK,MD,AEA,EN,Federal Contract Tower,0,6,18,0,24,0,6,106,3,115,0,12,124,3,139,146,0,146,285
06/09/2017,FDK,MD,AEA,EN,Federal Contract Tower,0,1,6,0,7,0,3,121,0,124,0,4,127,0,131,106,0,106,237
06/10/2017,FDK,MD,AEA,EN,Federal Contract Tower,0,2,29,0,31,0,4,199,0,203,0,6,228,0,234,48,0,48,282
06/11/2017,FDK,MD,AEA,EN,Federal Contract Tower,0,1,19,0,20,0,7,107,3,117,0,8,126,3,137,104,0,104,241
06/12/2017,FDK,MD,AEA,EN,Federal Contract Tower,0,5,8,0,13,0,7,116,0,123,0,12,124,0,136,128,0,128,264
06/13/2017,FDK,MD,AEA,EN,Federal Contract Tower,0,1,11,0,12,0,12,120,5,137,0,13,131,5,149,140,0,140,289
06/14/2017,FDK,MD,AEA,EN,Federal Contract Tower,0,2,8,0,10,0,2,108,2,112,0,4,116,2,122,88,4,92,214
06/15/2017,FDK,MD,AEA,EN,Federal Contract Tower,0,1,26,0,27,0,4,113,1,118,0,5,139,1,145,190,0,190,335
06/16/2017,FDK,MD,AEA,EN,Federal Contract Tower,5,37,0,0,42,0,9,31,0,40,5,46,31,0,82,36,0,36,118
06/17/2017,FDK,MD,AEA,EN,Federal Contract Tower,0,2,35,0,37,0,3,57,0,60,0,5,92,0,97,80,0,80,177
06/18/2017,FDK,MD,AEA,EN,Federal Contract Tower,0,1,16,0,17,0,4,41,2,47,0,5,57,2,64,54,0,54,118
06/19/2017,FDK,MD,AEA,EN,Federal Contract Tower,0,1,12,0,13,0,13,43,0,56,0,14,55,0,69,82,0,82,151
06/20/2017,FDK,MD,AEA,EN,Federal Contract Tower,0,6,12,2,20,0,5,146,8,159,0,11,158,10,179,116,0,116,295
06/21/2017,FDK,MD,AEA,EN,Federal Contract Tower,0,0,16,0,16,0,9,126,5,140,0,9,142,5,156,154,2,156,312
06/22/2017,FDK,MD,AEA,EN,Federal Contract Tower,0,0,6,3,9,0,5,139,5,149,0,5,145,8,158,154,0,154,312
06/23/2017,FDK,MD,AEA,EN,Federal Contract Tower,0,5,13,0,18,0,3,22,0,25,0,8,35,0,43,32,0,32,75
06/24/2017,FDK,MD,AEA,EN,Federal Contract Tower,0,1,4,0,5,0,4,101,3,108,0,5,105,3,113,152,0,152,265
06/25/2017,FDK,MD,AEA,EN,Federal Contract Tower,0,5,14,0,19,0,8,113,3,124,0,13,127,3,143,106,0,106,249
06/26/2017,FDK,MD,AEA,EN,Federal Contract Tower,0,2,5,1,8,0,0,0,0,0,0,2,5,1,8,170,0,170,178
06/27/2017,FDK,MD,AEA,EN,Federal Contract Tower,0,0,13,2,15,0,11,74,4,89,0,11,87,6,104,84,0,84,188
06/28/2017,FDK,MD,AEA,EN,Federal Contract Tower,0,6,8,0,14,0,5,103,3,111,0,11,111,3,125,126,0,126,251
06/29/2017,FDK,MD,AEA,EN,Federal Contract Tower,0,0,7,0,7,0,2,102,5,109,0,2,109,5,116,234,0,234,350
06/30/2017,FDK,MD,AEA,EN,Federal Contract Tower,0,4,9,0,13,0,6,114,5,125,0,10,123,5,138,84,0,84,222
07/01/2017,FDK,MD,AEA,EN,Federal Contract Tower,0,1,7,0,8,0,3,41,0,44,0,4,48,0,52,64,0,64,116
07/02/2017,FDK,MD,AEA,EN,Federal Contract Tower,0,0,5,0,5,0,3,75,5,83,0,3,80,5,88,38,0,38,126
07/03/2017,FDK,MD,AEA,EN,Federal Contract Tower,0,0,15,0,15,0,13,126,6,145,0,13,141,6,160,102,0,102,262
07/04/2017,FDK,MD,AEA,EN,Federal Contract Tower,0,3,6,0,9,0,4,58,4,66,0,7,64,4,75,130,0,130,205
07/05/2017,FDK,MD,AEA,EN,Federal Contract Tower,0,4,12,0,16,0,0,18,0,18,0,4,30,0,34,42,0,42,76
07/06/2017,FDK,MD,AEA,EN,Federal Contract Tower,0,2,16,0,18,0,0,0,0,0,0,2,16,0,18,0,0,0,18
07/07/2017,FDK,MD,AEA,EN,Federal Contract Tower,0,1,1,0,2,0,3,65,9,77,0,4,66,9,79,122,0,122,201
07/08/2017,FDK,MD,AEA,EN,Federal Contract Tower,0,0,11,2,13,0,5,120,0,125,0,5,131,2,138,76,0,76,214
07/09/2017,FDK,MD,AEA,EN,Federal Contract Tower,0,7,22,0,29,0,5,161,1,167,0,12,183,1,196,146,0,146,342
07/10/2017,FDK,MD,AEA,EN,Federal Contract Tower,0,0,7,0,7,0,4,105,0,109,0,4,112,0,116,146,0,146,262
07/11/2017,FDK,MD,AEA,EN,Federal Contract Tower,0,4,8,0,12,0,7,75,0,82,0,11,83,0,94,114,0,114,208
07/12/2017,FDK,MD,AEA,EN,Federal Contract Tower,0,2,3,3,8,0,1,133,0,134,0,3,136,3,142,178,0,178,320
07/13/2017,FDK,MD,AEA,EN,Federal Contract Tower,0,1,9,0,10,0,0,121,4,125,0,1,130,4,135,140,4,144,279
07/14/2017,FDK,MD,AEA,EN,Federal Contract Tower,0,5,12,0,17,0,3,52,0,55,0,8,64,0,72,88,0,88,160
07/15/2017,FDK,MD,AEA,EN,Federal Contract Tower,0,1,12,0,13,0,7,109,4,120,0,8,121,4,133,124,0,124,257
07/16/2017,FDK,MD,AEA,EN,Federal Contract Tower,0,1,19,0,20,0,8,152,3,163,0,9,171,3,183,122,6,128,311
07/17/2017,FDK,MD,AEA,EN,Federal Contract Tower,0,3,18,1,22,0,3,68,1,72,0,6,86,2,94,70,0,70,164
07/18/2017,FDK,MD,AEA,EN,Federal Contract Tower,0,2,18,0,20,0,5,50,0,55,0,7,68,0,75,60,0,60,135
07/19/2017,FDK,MD,AEA,EN,Federal Contract Tower,0,4,19,4,27,0,2,124,3,129,0,6,143,7,156,124,0,124,280
07/20/2017,FDK,MD,AEA,EN,Federal Contract Tower,0,1,17,0,18,0,1,103,9,113,0,2,120,9,131,56,4,60,191
07/21/2017,FDK,MD,AEA,EN,Federal Contract Tower,0,3,12,0,15,0,5,115,1,121,0,8,127,1,136,137,0,137,273
07/22/2017,FDK,MD,AEA,EN,Federal Contract Tower,0,2,4,0,6,0,3,87,4,94,0,5,91,4,100,80,4,84,184
07/23/2017,FDK,MD,AEA,EN,Federal Contract Tower,0,1,12,0,13,0,2,64,0,66,0,3,76,0,79,112,0,112,191
07/24/2017,FDK,MD,AEA,EN,Federal Contract Tower,0,4,10,0,14,0,2,79,2,83,0,6,89,2,97,92,0,92,189
07/25/2017,FDK,MD,AEA,EN,Federal Contract Tower,0,0,11,2,13,0,10,118,2,130,0,10,129,4,143,120,28,148,291
07/26/2017,FDK,MD,AEA,EN,Federal Contract Tower,0,3,10,0,13,0,1,78,2,81,0,4,88,2,94,104,2,106,200
07/27/2017,FDK,MD,AEA,EN,Federal Contract Tower,0,1,21,4,26,0,0,78,1,79,0,1,99,5,105,82,7,89,194
07/28/2017,FDK,MD,AEA,EN,Federal Contract Tower,0,3,7,0,10,0,0,1,0,1,0,3,8,0,11,0,0,0,11
07/29/2017,FDK,MD,AEA,EN,Federal Contract Tower,0,3,12,0,15,0,2,12,0,14,0,5,24,0,29,0,0,0,29
07/30/2017,FDK,MD,AEA,EN,Federal Contract Tower,0,1,6,0,7,0,11,136,8,155,0,12,142,8,162,130,6,136,298
07/31/2017,FDK,MD,AEA,EN,Federal Contract Tower,0,3,10,0,13,0,5,106,6,117,0,8,116,6,130,164,0,164,294
08/01/2017,FDK,MD,AEA,EN,Federal Contract Tower,0,1,9,0,10,0,4,115,3,122,0,5,124,3,132,128,10,138,270
08/02/2017,FDK,MD,AEA,EN,Federal Contract Tower,0,5,10,0,15,0,6,109,1,116,0,11,119,1,131,188,0,188,319
08/03/2017,FDK,MD,AEA,EN,Federal Contract Tower,0,2,17,0,19,0,1,85,4,90,0,3,102,4,109,168,1,169,278
08/04/2017,FDK,MD,AEA,EN,Federal Contract Tower,0,1,18,0,19,0,3,161,2,166,0,4,179,2,185,170,4,174,359
08/05/2017,FDK,MD,AEA,EN,Federal Contract Tower,0,5,15,0,20,0,4,117,3,124,0,9,132,3,144,46,2,48,192
08/06/2017,FDK,MD,AEA,EN,Federal Contract Tower,0,7,13,0,20,0,9,128,2,139,0,16,141,2,159,114,0,114,273
08/07/2017,FDK,MD,AEA,EN,Federal Contract Tower,0,1,13,0,14,0,0,3,0,3,0,1,16,0,17,4,0,4,21
08/08/2017,FDK,MD,AEA,EN,Federal Contract Tower,0,2,17,0,19,0,0,107,0,107,0,2,124,0,126,144,0,144,270
08/09/2017,FDK,MD,AEA,EN,Federal Contract Tower,0,6,12,0,18,0,13,162,0,175,0,19,174,0,193,248,0,248,441
08/10/2017,FDK,MD,AEA,EN,Federal Contract Tower,0,6,7,0,13,0,7,172,2,181,0,13,179,2,194,184,2,186,380
08/11/2017,FDK,MD,AEA,EN,Federal Contract Tower,0,4,4,0,8,0,0,91,1,92,0,4,95,1,100,112,12,124,224
08/12/2017,FDK,MD,AEA,EN,Federal Contract Tower,0,4,12,0,16,0,0,35,3,38,0,4,47,3,54,44,0,44,98
08/13/2017,FDK,MD,AEA,EN,Federal Contract Tower,0,3,10,0,13,1,5,174,3,183,1,8,184,3,196,158,0,158,354
08/14/2017,FDK,MD,AEA,EN,Federal Contract Tower,0,2,5,0,7,0,0,85,0,85,0,2,90,0,92,146,0,146,238
08/15/2017,FDK,MD,AEA,EN,Federal Contract Tower,0,0,9,2,11,0,0,8,1,9,0,0,17,3,20,16,0,16,36
08/16/2017,FDK,MD,AEA,EN,Federal Contract Tower,0,2,17,0,19,0,0,135,12,147,0,2,152,12,166,148,0,148,314
08/17/2017,FDK,MD,AEA,EN,Federal Contract Tower,0,2,16,3,21,0,0,44,0,44,0,2,60,3,65,74,2,76,141
08/18/2017,FDK,MD,AEA,EN,Federal Contract Tower,0,0,20,4,24,0,4,13,2,19,0,4,33,6,43,6,0,6,49
08/19/2017,FDK,MD,AEA,EN,Federal Contract Tower,0,0,16,2,18,0,1,167,7,175,0,1,183,9,193,106,12,118,311
08/20/2017,FDK,MD,AEA,EN,Federal Contract Tower,0,4,11,0,15,0,2,189,8,199,0,6,200,8,214,158,1,159,373
08/21/2017,FDK,MD,AEA,EN,Federal Contract Tower,0,3,10,0,13,0,3,88,0,91,0,6,98,0,104,134,12,146,250
08/22/2017,FDK,MD,AEA,EN,Federal Contract Tower,0,2,19,0,21,0,11,95,3,109,0,13,114,3,130,128,4,132,262
08/23/2017,FDK,MD,AEA,EN,Federal Contract Tower,0,4,15,0,19,0,4,108,0,112,0,8,123,0,131,170,0,170,301
08/24/2017,FDK,MD,AEA,EN,Federal Contract Tower,0,8,14,2,24,0,2,190,2,194,0,10,204,4,218,204,0,204,422
08/25/2017,FDK,MD,AEA,EN,Federal Contract Tower,0,2,15,0,17,0,8,137,5,150,0,10,152,5,167,156,4,160,327
08/26/2017,FDK,MD,AEA,EN,Federal Contract Tower,0,3,9,2,14,0,0,138,4,142,0,3,147,6,156,148,0,148,304
08/27/2017,FDK,MD,AEA,EN,Federal Contract Tower,0,11,8,0,19,0,7,139,5,151,0,18,147,5,170,148,6,154,324
08/28/2017,FDK,MD,AEA,EN,Federal Contract Tower,0,5,5,0,10,0,1,93,0,94,0,6,98,0,104,104,0,104,208
08/29/2017,FDK,MD,AEA,EN,Federal Contract Tower,0,4,0,0,4,0,0,2,0,2,0,4,2,0,6,0,0,0,6
08/30/2017,FDK,MD,AEA,EN,Federal Contract Tower,0,0,8,0,8,0,2,105,0,107,0,2,113,0,115,186,0,186,301
08/31/2017,FDK,MD,AEA,EN,Federal Contract Tower,0,0,8,0,8,0,3,94,0,97,0,3,102,0,105,114,0,114,219
09/01/2017,FDK,MD,AEA,EN,Federal Contract Tower,0,2,13,0,15,0,1,96,5,102,0,3,109,5,117,94,0,94,211
09/02/2017,FDK,MD,AEA,EN,Federal Contract Tower,0,1,13,0,14,0,0,6,0,6,0,1,19,0,20,16,0,16,36
09/03/2017,FDK,MD,AEA,EN,Federal Contract Tower,0,0,16,0,16,0,4,83,0,87,0,4,99,0,103,114,0,114,217
09/04/2017,FDK,MD,AEA,EN,Federal Contract Tower,0,4,14,0,18,0,0,135,4,139,0,4,149,4,157,144,19,163,320
09/05/2017,FDK,MD,AEA,EN,Federal Contract Tower,0,1,16,2,19,0,3,68,2,73,0,4,84,4,92,96,0,96,188
09/06/2017,FDK,MD,AEA,EN,Federal Contract Tower,0,2,14,0,16,0,0,8,0,8,0,2,22,0,24,24,0,24,48
09/07/2017,FDK,MD,AEA,EN,Federal Contract Tower,0,1,26,0,27,0,4,129,4,137,0,5,155,4,164,108,0,108,272
09/08/2017,FDK,MD,AEA,EN,Federal Contract Tower,0,1,17,0,18,0,20,166,4,190,0,21,183,4,208,94,0,94,302
09/09/2017,FDK,MD,AEA,EN,Federal Contract Tower,0,1,13,0,14,0,2,211,4,217,0,3,224,4,231,144,22,166,397
09/10/2017,FDK,MD,AEA,EN,Federal Contract Tower,0,2,24,0,26,0,10,151,2,163,0,12,175,2,189,166,1,167,356
09/11/2017,FDK,MD,AEA,EN,Federal Contract Tower,0,3,14,0,17,0,12,108,0,120,0,15,122,0,137,186,0,186,323
09/12/2017,FDK,MD,AEA,EN,Federal Contract Tower,0,3,8,0,11,0,2,104,0,106,0,5,112,0,117,172,2,174,291
09/13/2017,FDK,MD,AEA,EN,Federal Contract Tower,0,4,25,0,29,0,2,19,0,21,0,6,44,0,50,58,0,58,108
09/14/2017,FDK,MD,AEA,EN,Federal Contract Tower,0,9,18,0,27,0,5,78,8,91,0,14,96,8,118,148,10,158,276
09/15/2017,FDK,MD,AEA,EN,Federal Contract Tower,0,0,8,0,8,0,3,114,0,117,0,3,122,0,125,240,0,240,365
09/16/2017,FDK,MD,AEA,EN,Federal Contract Tower,0,0,13,0,13,0,0,136,2,138,0,0,149,2,151,154,0,154,305
09/17/2017,FDK,MD,AEA,EN,Federal Contract Tower,0,4,22,0,26,0,9,80,0,89,0,13,102,0,115,154,0,154,269
09/18/2017,FDK,MD,AEA,EN,Federal Contract Tower,0,1,20,0,21,0,1,53,4,58,0,2,73,4,79,92,0,92,171
09/19/2017,FDK,MD,AEA,EN,Federal Contract Tower,0,3,15,2,20,0,2,74,5,81,0,5,89,7,101,150,0,150,251
09/20/2017,FDK,MD,AEA,EN,Federal Contract Tower,0,5,7,0,12,0,8,108,13,129,0,13,115,13,141,180,0,180,321
09/21/2017,FDK,MD,AEA,EN,Federal Contract Tower,0,1,17,2,20,0,4,136,6,146,0,5,153,8,166,164,0,164,330
09/22/2017,FDK,MD,AEA,EN,Federal Contract Tower,0,0,18,0,18,0,0,117,0,117,0,0,135,0,135,150,0,150,285
09/23/2017,FDK,MD,AEA,EN,Federal Contract Tower,0,0,9,0,9,0,0,166,1,167,0,0,175,1,176,96,0,96,272
09/24/2017,FDK,MD,AEA,EN,Federal Contract Tower,0,4,15,0,19,0,4,148,0,152,0,8,163,0,171,96,0,96,267
09/25/2017,FDK,MD,AEA,EN,Federal Contract Tower,0,5,11,0,16,0,7,75,0,82,0,12,86,0,98,124,0,124,222
09/26/2017,FDK,MD,AEA,EN,Federal Contract Tower,0,2,5,0,7,0,6,95,4,105,0,8,100,4,112,136,0,136,248
09/27/2017,FDK,MD,AEA,EN,Federal Contract Tower,0,0,7,0,7,0,3,94,1,98,0,3,101,1,105,142,0,142,247
09/28/2017,FDK,MD,AEA,EN,Federal Contract Tower,0,3,4,0,7,0,6,69,2,77,0,9,73,2,84,32,0,32,116
09/29/2017,FDK,MD,AEA,EN,Federal Contract Tower,0,4,12,0,16,0,0,129,0,129,0,4,141,0,145,90,0,90,235
09/30/2017,FDK,MD,AEA,EN,Federal Contract Tower,0,2,11,0,13,0,2,98,0,100,0,4,109,0,113,56,0,56,169
10/01/2017,FDK,MD,AEA,EN,Federal Contract Tower,0,0,11,0,11,0,2,149,9,160,0,2,160,9,171,106,0,106,277
10/02/2017,FDK,MD,AEA,EN,Federal Contract Tower,0,0,15,0,15,0,0,102,4,106,0,0,117,4,121,166,20,186,307
10/03/2017,FDK,MD,AEA,EN,Federal Contract Tower,0,2,11,0,13,0,11,91,2,104,0,13,102,2,117,62,4,66,183
10/04/2017,FDK,MD,AEA,EN,Federal Contract Tower,0,5,17,2,24,0,2,137,1,140,0,7,154,3,164,146,0,146,310
10/05/2017,FDK,MD,AEA,EN,Federal Contract Tower,0,2,12,0,14,0,4,89,0,93,0,6,101,0,107,108,0,108,215
10/06/2017,FDK,MD,AEA,EN,Federal Contract Tower,0,3,18,0,21,0,0,131,2,133,0,3,149,2,154,134,4,138,292
10/07/2017,FDK,MD,AEA,EN,Federal Contract Tower,0,5,11,0,16,0,8,129,1,138,0,13,140,1,154,142,0,142,296
10/08/2017,FDK,MD,AEA,EN,Federal Contract Tower,0,2,19,0,21,0,7,10,0,17,0,9,29,0,38,10,0,10,48
10/09/2017,FDK,MD,AEA,EN,Federal Contract Tower,0,5,10,0,15,0,4,15,0,19,0,9,25,0,34,18,0,18,52
10/10/2017,FDK,MD,AEA,EN,Federal Contract Tower,0,1,11,0,12,0,4,94,0,98,0,5,105,0,110,98,0,98,208
10/11/2017,FDK,MD,AEA,EN,Federal Contract Tower,0,1,31,0,32,0,2,5,0,7,0,3,36,0,39,10,0,10,49
10/12/2017,FDK,MD,AEA,EN,Federal Contract Tower,0,2,25,0,27,0,0,1,0,1,0,2,26,0,28,2,0,2,30
10/13/2017,FDK,MD,AEA,EN,Federal Contract Tower,0,2,24,0,26,0,0,10,0,10,0,2,34,0,36,24,0,24,60
10/14/2017,FDK,MD,AEA,EN,Federal Contract Tower,0,0,35,0,35,0,1,68,0,69,0,1,103,0,104,80,0,80,184
10/15/2017,FDK,MD,AEA,EN,Federal Contract Tower,0,3,23,0,26,0,2,66,1,69,0,5,89,1,95,20,2,22,117
10/16/2017,FDK,MD,AEA,EN,Federal Contract Tower,0,3,10,0,13,0,6,50,0,56,0,9,60,0,69,46,0,46,115
10/17/2017,FDK,MD,AEA,EN,Federal Contract Tower,0,4,12,3,19,0,7,117,8,132,0,11,129,11,151,134,0,134,285
10/18/2017,FDK,MD,AEA,EN,Federal Contract Tower,0,2,12,0,14,0,14,135,1,150,0,16,147,1,164,220,4,224,388
10/19/2017,FDK,MD,AEA,EN,Federal Contract Tower,0,1,13,4,18,0,4,120,2,126,0,5,133,6,144,180,0,180,324
10/20/2017,FDK,MD,AEA,EN,Federal Contract Tower,0,1,9,0,10,0,6,140,8,154,0,7,149,8,164,204,20,224,388
10/21/2017,FDK,MD,AEA,EN,Federal Contract Tower,0,0,6,0,6,0,5,151,3,159,0,5,157,3,165,126,4,130,295
10/22/2017,FDK,MD,AEA,EN,Federal Contract Tower,0,4,3,0,7,0,6,154,4,164,0,10,157,4,171,192,12,204,375
10/23/2017,FDK,MD,AEA,EN,Federal Contract Tower,0,5,18,0,23,0,6,19,0,25,0,11,37,0,48,50,0,50,98
10/24/2017,FDK,MD,AEA,EN,Federal Contract Tower,0,2,26,0,28,0,10,63,0,73,0,12,89,0,101,62,4,66,167
10/25/2017,FDK,MD,AEA,EN,Federal Contract Tower,0,2,18,0,20,0,6,118,0,124,0,8,136,0,144,230,0,230,374
10/26/2017,FDK,MD,AEA,EN,Federal Contract Tower,0,3,22,0,25,0,3,76,0,79,0,6,98,0,104,166,0,166,270
10/27/2017,FDK,MD,AEA,EN,Federal Contract Tower,0,5,11,2,18,0,4,143,0,147,0,9,154,2,165,164,2,166,331
10/28/2017,FDK,MD,AEA,EN,Federal Contract Tower,0,4,11,0,15,0,8,84,0,92,0,12,95,0,107,130,0,130,237
10/29/2017,FDK,MD,AEA,EN,Federal Contract Tower,0,5,9,0,14,0,0,3,0,3,0,5,12,0,17,8,0,8,25
10/30/2017,FDK,MD,AEA,EN,Federal Contract Tower,0,0,3,0,3,0,6,17,0,23,0,6,20,0,26,14,0,14,40
10/31/2017,FDK,MD,AEA,EN,Federal Contract Tower,0,2,7,0,9,0,0,97,5,102,0,2,104,5,111,98,0,98,209
11/01/2017,FDK,MD,AEA,EN,Federal Contract Tower,0,6,20,0,26,0,0,58,0,58,0,6,78,0,84,123,0,123,207
11/02/2017,FDK,MD,AEA,EN,Federal Contract Tower,0,2,19,0,21,0,2,123,0,125,0,4,142,0,146,198,0,198,344
11/03/2017,FDK,MD,AEA,EN,Federal Contract Tower,0,8,23,0,31,0,2,81,0,83,0,10,104,0,114,68,0,68,182
11/04/2017,FDK,MD,AEA,EN,Federal Contract Tower,0,2,8,0,10,0,1,131,2,134,0,3,139,2,144,150,0,150,294
11/05/2017,FDK,MD,AEA,EN,Federal Contract Tower,0,2,25,0,27,0,0,0,0,0,0,2,25,0,27,0,0,0,27
11/06/2017,FDK,MD,AEA,EN,Federal Contract Tower,0,1,6,0,7,0,26,29,0,55,0,27,35,0,62,30,0,30,92
11/07/2017,FDK,MD,AEA,EN,Federal Contract Tower,0,2,13,0,15,0,0,10,0,10,0,2,23,0,25,6,0,6,31
11/08/2017,FDK,MD,AEA,EN,Federal Contract Tower,0,0,7,0,7,0,0,87,2,89,0,0,94,2,96,166,10,176,272
11/09/2017,FDK,MD,AEA,EN,Federal Contract Tower,0,1,24,0,25,0,0,0,0,0,0,1,24,0,25,0,0,0,25
11/10/2017,FDK,MD,AEA,EN,Federal Contract Tower,0,8,10,0,18,0,0,40,0,40,0,8,50,0,58,40,0,40,98
11/11/2017,FDK,MD,AEA,EN,Federal Contract Tower,0,1,8,0,9,0,1,139,1,141,0,2,147,1,150,158,0,158,308
11/12/2017,FDK,MD,AEA,EN,Federal Contract Tower,0,5,11,1,17,0,6,117,1,124,0,11,128,2,141,206,0,206,347
11/13/2017,FDK,MD,AEA,EN,Federal Contract Tower,0,1,15,0,16,0,6,47,0,53,0,7,62,0,69,102,0,102,171
11/14/2017,FDK,MD,AEA,EN,Federal Contract Tower,0,0,9,2,11,0,0,63,0,63,0,0,72,2,74,96,2,98,172
11/15/2017,FDK,MD,AEA,EN,Federal Contract Tower,0,5,16,0,21,0,6,108,4,118,0,11,124,4,139,198,0,198,337
11/16/2017,FDK,MD,AEA,EN,Federal Contract Tower,0,2,13,0,15,0,5,48,2,55,0,7,61,2,70,20,0,20,90
11/17/2017,FDK,MD,AEA,EN,Federal Contract Tower,0,1,17,0,18,0,7,133,2,142,0,8,150,2,160,162,0,162,322
11/18/2017,FDK,MD,AEA,EN,Federal Contract Tower,0,5,15,0,20,0,2,35,2,39,0,7,50,2,59,116,0,116,175
11/19/2017,FDK,MD,AEA,EN,Federal Contract Tower,0,2,14,0,16,0,2,7,2,11,0,4,21,2,27,18,0,18,45
11/20/2017,FDK,MD,AEA,EN,Federal Contract Tower,0,3,20,0,23,0,5,80,6,91,0,8,100,6,114,106,0,106,220
11/21/2017,FDK,MD,AEA,EN,Federal Contract Tower,0,5,11,0,16,0,15,129,4,148,0,20,140,4,164,210,0,210,374
11/22/2017,FDK,MD,AEA,EN,Federal Contract Tower,0,4,10,0,14,0,2,31,0,33,0,6,41,0,47,42,0,42,89
11/23/2017,FDK,MD,AEA,EN,Federal Contract Tower,0,2,4,0,6,0,3,35,0,38,0,5,39,0,44,48,0,48,92
11/24/2017,FDK,MD,AEA,EN,Federal Contract Tower,0,3,15,0,18,0,0,108,0,108,0,3,123,0,126,118,0,118,244
11/25/2017,FDK,MD,AEA,EN,Federal Contract Tower,0,5,16,0,21,0,2,149,2,153,0,7,165,2,174,190,0,190,364
11/26/2017,FDK,MD,AEA,EN,Federal Contract Tower,0,8,24,0,32,0,5,76,5,86,0,13,100,5,118,36,0,36,154
11/27/2017,FDK,MD,AEA,EN,Federal Contract Tower,0,0,10,0,10,0,4,73,0,77,0,4,83,0,87,80,2,82,169
11/28/2017,FDK,MD,AEA,EN,Federal Contract Tower,0,2,7,0,9,0,25,112,4,141,0,27,119,4,150,124,2,126,276
11/29/2017,FDK,MD,AEA,EN,Federal Contract Tower,0,4,10,0,14,0,33,73,2,108,0,37,83,2,122,132,4,136,258
11/30/2017,FDK,MD,AEA,EN,Federal Contract Tower,0,4,15,0,19,0,14,132,6,152,0,18,147,6,171,126,0,126,297
12/01/2017,FDK,MD,AEA,EN,Federal Contract Tower,0,1,15,2,18,0,6,128,1,135,0,7,143,3,153,100,2,102,255
12/02/2017,FDK,MD,AEA,EN,Federal Contract Tower,0,0,1,0,1,0,6,114,0,120,0,6,115,0,121,198,8,206,327
12/03/2017,FDK,MD,AEA,EN,Federal Contract Tower,0,0,10,0,10,0,11,126,2,139,0,11,136,2,149,140,0,140,289
12/04/2017,FDK,MD,AEA,EN,Federal Contract Tower,0,2,13,0,15,0,7,87,0,94,0,9,100,0,109,142,0,142,251
12/05/2017,FDK,MD,AEA,EN,Federal Contract Tower,0,0,1,0,1,0,4,10,0,14,0,4,11,0,15,48,0,48,63
12/06/2017,FDK,MD,AEA,EN,Federal Contract Tower,0,0,4,0,4,0,6,78,4,88,0,6,82,4,92,96,0,96,188
12/07/2017,FDK,MD,AEA,EN,Federal Contract Tower,0,1,11,0,12,0,10,88,4,102,0,11,99,4,114,122,2,124,238
12/08/2017,FDK,MD,AEA,EN,Federal Contract Tower,0,1,9,0,10,0,1,88,6,95,0,2,97,6,105,171,0,171,276
12/09/2017,FDK,MD,AEA,EN,Federal Contract Tower,0,1,1,0,2,0,0,0,0,0,0,1,1,0,2,0,0,0,2
12/10/2017,FDK,MD,AEA,EN,Federal Contract Tower,0,2,6,0,8,0,2,46,0,48,0,4,52,0,56,82,0,82,138
12/11/2017,FDK,MD,AEA,EN,Federal Contract Tower,0,5,7,3,15,0,10,65,1,76,0,15,72,4,91,70,0,70,161
12/12/2017,FDK,MD,AEA,EN,Federal Contract Tower,0,3,0,0,3,0,7,47,0,54,0,10,47,0,57,114,0,114,171
12/13/2017,FDK,MD,AEA,EN,Federal Contract Tower,0,6,4,0,10,0,0,17,0,17,0,6,21,0,27,40,0,40,67
12/14/2017,FDK,MD,AEA,EN,Federal Contract Tower,0,2,8,0,10,0,4,25,4,33,0,6,33,4,43,44,0,44,87
12/15/2017,FDK,MD,AEA,EN,Federal Contract Tower,0,7,7,0,14,0,1,42,0,43,0,8,49,0,57,138,0,138,195
12/16/2017,FDK,MD,AEA,EN,Federal Contract Tower,0,1,8,0,9,0,2,91,2,95,0,3,99,2,104,100,0,100,204
12/17/2017,FDK,MD,AEA,EN,Federal Contract Tower,0,0,8,0,8,0,3,122,3,128,0,3,130,3,136,122,16,138,274
12/18/2017,FDK,MD,AEA,EN,Federal Contract Tower,0,1,9,0,10,0,1,65,2,68,0,2,74,2,78,144,0,144,222
12/19/2017,FDK,MD,AEA,EN,Federal Contract Tower,0,3,8,2,13,0,4,114,0,118,0,7,122,2,131,138,0,138,269
12/20/2017,FDK,MD,AEA,EN,Federal Contract Tower,0,2,2,2,6,0,4,109,0,113,0,6,111,2,119,220,6,226,345
12/21/2017,FDK,MD,AEA,EN,Federal Contract Tower,0,8,4,2,14,0,8,159,6,173,0,16,163,8,187,236,2,238,425
12/22/2017,FDK,MD,AEA,EN,Federal Contract Tower,0,2,14,0,16,0,0,82,3,85,0,2,96,3,101,80,0,80,181
12/23/2017,FDK,MD,AEA,EN,Federal Contract Tower,0,0,7,0,7,0,0,0,0,0,0,0,7,0,7,0,0,0,7
12/24/2017,FDK,MD,AEA,EN,Federal Contract Tower,0,4,1,0,5,0,4,36,1,41,0,8,37,1,46,34,10,44,90
12/25/2017,FDK,MD,AEA,EN,Federal Contract Tower,0,1,1,0,2,0,2,0,0,2,0,3,1,0,4,0,0,0,4
12/26/2017,FDK,MD,AEA,EN,Federal Contract Tower,0,6,4,0,10,0,10,60,0,70,0,16,64,0,80,48,0,48,128
12/27/2017,FDK,MD,AEA,EN,Federal Contract Tower,0,2,13,2,17,0,2,64,0,66,0,4,77,2,83,108,4,112,195
12/28/2017,FDK,MD,AEA,EN,Federal Contract Tower,0,3,7,0,10,0,0,84,2,86,0,3,91,2,96,158,0,158,254
12/29/2017,FDK,MD,AEA,EN,Federal Contract Tower,0,6,10,0,16,0,2,104,2,108,0,8,114,2,124,126,2,128,252
12/30/2017,FDK,MD,AEA,EN,Federal Contract Tower,0,3,4,0,7,0,0,13,0,13,0,3,17,0,20,22,0,22,42
12/31/2017,FDK,MD,AEA,EN,Federal Contract Tower,0,0,15,0,15,0,2,31,0,33,0,2,46,0,48,42,0,42,90
01/01/2018,FDK,MD,AEA,EN,Federal Contract Tower,0,5,9,0,14,0,2,19,0,21,0,7,28,0,35,16,0,16,51
01/02/2018,FDK,MD,AEA,EN,Federal Contract Tower,0,5,3,0,8,0,2,57,0,59,0,7,60,0,67,66,0,66,133
01/03/2018,FDK,MD,AEA,EN,Federal Contract Tower,0,2,8,0,10,0,6,86,3,95,0,8,94,3,105,148,0,148,253
01/04/2018,FDK,MD,AEA,EN,Federal Contract Tower,0,0,0,0,0,0,4,1,2,7,0,4,1,2,7,0,0,0,7
01/05/2018,FDK,MD,AEA,EN,Federal Contract Tower,0,0,1,0,1,0,3,1,2,6,0,3,2,2,7,0,0,0,7
01/06/2018,FDK,MD,AEA,EN,Federal Contract Tower,0,4,4,0,8,0,0,24,2,26,0,4,28,2,34,26,6,32,66
01/07/2018,FDK,MD,AEA,EN,Federal Contract Tower,0,4,9,0,13,0,4,71,4,79,0,8,80,4,92,108,0,108,200
01/08/2018,FDK,MD,AEA,EN,Federal Contract Tower,0,0,1,0,1,0,0,18,0,18,0,0,19,0,19,40,0,40,59
01/09/2018,FDK,MD,AEA,EN,Federal Contract Tower,0,2,6,0,8,0,6,77,0,83,0,8,83,0,91,116,0,116,207
01/10/2018,FDK,MD,AEA,EN,Federal Contract Tower,0,0,6,0,6,0,7,111,0,118,0,7,117,0,124,166,0,166,290
01/11/2018,FDK,MD,AEA,EN,Federal Contract Tower,0,4,8,0,12,0,2,46,5,53,0,6,54,5,65,144,0,144,209
01/12/2018,FDK,MD,AEA,EN,Federal Contract Tower,0,1,6,0,7,0,0,2,0,2,0,1,8,0,9,6,0,6,15
01/13/2018,FDK,MD,AEA,EN,Federal Contract Tower,0,1,4,0,5,0,0,45,0,45,0,1,49,0,50,42,0,42,92
01/14/2018,FDK,MD,AEA,EN,Federal Contract Tower,0,1,12,0,13,0,2,101,0,103,0,3,113,0,116,196,0,196,312
01/15/2018,FDK,MD,AEA,EN,Federal Contract Tower,0,1,8,0,9,0,2,116,0,118,0,3,124,0,127,134,2,136,263
01/16/2018,FDK,MD,AEA,EN,Federal Contract Tower,0,2,5,0,7,0,0,15,0,15,0,2,20,0,22,84,0,84,106
01/17/2018,FDK,MD,AEA,EN,Federal Contract Tower,0,2,2,0,4,0,4,35,0,39,0,6,37,0,43,46,4,50,93
01/18/2018,FDK,MD,AEA,EN,Federal Contract Tower,0,2,11,1,14,0,7,43,6,56,0,9,54,7,70,34,0,34,104
01/19/2018,FDK,MD,AEA,EN,Federal Contract Tower,0,1,4,0,5,0,5,104,0,109,0,6,108,0,114,98,0,98,212
01/20/2018,FDK,MD,AEA,EN,Federal Contract Tower,0,5,8,0,13,0,3,141,2,146,0,8,149,2,159,158,8,166,325
01/21/2018,FDK,MD,AEA,EN,Federal Contract Tower,0,1,7,0,8,0,8,109,2,119,0,9,116,2,127,192,0,192,319
01/22/2018,FDK,MD,AEA,EN,Federal Contract Tower,0,2,3,0,5,0,1,92,0,93,0,3,95,0,98,176,0,176,274
01/23/2018,FDK,MD,AEA,EN,Federal Contract Tower,0,1,5,0,6,0,6,9,0,15,0,7,14,0,21,0,0,0,21
01/24/2018,FDK,MD,AEA,EN,Federal Contract Tower,0,3,6,4,13,0,5,52,4,61,0,8,58,8,74,84,2,86,160
01/25/2018,FDK,MD,AEA,EN,Federal Contract Tower,0,4,8,0,12,0,4,100,2,106,0,8,108,2,118,186,32,218,336
01/26/2018,FDK,MD,AEA,EN,Federal Contract Tower,0,2,11,0,13,0,6,135,5,146,0,8,146,5,159,164,12,176,335
01/27/2018,FDK,MD,AEA,EN,Federal Contract Tower,0,5,7,0,12,0,14,122,0,136,0,19,129,0,148,128,0,128,276
01/28/2018,FDK,MD,AEA,EN,Federal Contract Tower,0,3,9,0,12,0,0,1,0,1,0,3,10,0,13,0,0,0,13
01/29/2018,FDK,MD,AEA,EN,Federal Contract Tower,0,2,16,0,18,0,4,95,0,99,0,6,111,0,117,224,0,224,341
01/30/2018,FDK,MD,AEA,EN,Federal Contract Tower,0,0,2,2,4,0,4,0,0,4,0,4,2,2,8,0,0,0,8
01/31/2018,FDK,MD,AEA,EN,Federal Contract Tower,0,1,11,2,14,0,9,107,1,117,0,10,118,3,131,196,0,196,327
02/01/2018,FDK,MD,AEA,EN,Federal Contract Tower,0,0,2,0,2,0,3,92,3,98,0,3,94,3,100,232,0,232,332
02/02/2018,FDK,MD,AEA,EN,Federal Contract Tower,0,1,9,0,10,0,7,11,0,18,0,8,20,0,28,2,0,2,30
02/03/2018,FDK,MD,AEA,EN,Federal Contract Tower,0,2,7,0,9,0,4,133,4,141,0,6,140,4,150,180,0,180,330
02/04/2018,FDK,MD,AEA,EN,Federal Contract Tower,0,2,7,0,9,0,1,0,0,1,0,3,7,0,10,0,0,0,10
02/05/2018,FDK,MD,AEA,EN,Federal Contract Tower,0,1,5,0,6,0,22,0,0,22,0,23,5,0,28,22,0,22,50
02/06/2018,FDK,MD,AEA,EN,Federal Contract Tower,0,4,8,0,12,0,2,92,5,99,0,6,100,5,111,228,0,228,339
02/07/2018,FDK,MD,AEA,EN,Federal Contract Tower,0,1,1,0,2,0,0,0,0,0,0,1,1,0,2,0,0,0,2
02/08/2018,FDK,MD,AEA,EN,Federal Contract Tower,0,4,14,2,20,0,17,108,0,125,0,21,122,2,145,200,0,200,345
02/09/2018,FDK,MD,AEA,EN,Federal Contract Tower,0,3,1,1,5,0,2,133,1,136,0,5,134,2,141,182,0,182,323
02/10/2018,FDK,MD,AEA,EN,Federal Contract Tower,0,0,8,0,8,0,0,44,0,44,0,0,52,0,52,96,0,96,148
02/11/2018,FDK,MD,AEA,EN,Federal Contract Tower,0,0,12,0,12,0,0,0,0,0,0,0,12,0,12,0,0,0,12
02/12/2018,FDK,MD,AEA,EN,Federal Contract Tower,0,5,2,0,7,0,0,46,0,46,0,5,48,0,53,138,0,138,191
02/13/2018,FDK,MD,AEA,EN,Federal Contract Tower,0,2,6,0,8,0,3,127,0,130,0,5,133,0,138,170,0,170,308
02/14/2018,FDK,MD,AEA,EN,Federal Contract Tower,0,7,7,0,14,0,7,93,0,100,0,14,100,0,114,230,0,230,344
02/15/2018,FDK,MD,AEA,EN,Federal Contract Tower,0,3,10,0,13,0,3,88,8,99,0,6,98,8,112,206,0,206,318
02/16/2018,FDK,MD,AEA,EN,Federal Contract Tower,0,6,13,0,19,0,0,29,0,29,0,6,42,0,48,28,0,28,76
02/17/2018,FDK,MD,AEA,EN,Federal Contract Tower,0,1,8,0,9,0,0,71,2,73,0,1,79,2,82,134,0,134,216
02/18/2018,FDK,MD,AEA,EN,Federal Contract Tower,0,3,7,0,10,0,9,129,5,143,0,12,136,5,153,182,0,182,335
02/19/2018,FDK,MD,AEA,EN,Federal Contract Tower,0,1,16,0,17,0,29,1,0,30,0,30,17,0,47,78,6,84,131
02/20/2018,FDK,MD,AEA,EN,Federal Contract Tower,0,5,4,1,10,0,6,111,4,121,0,11,115,5,131,146,0,146,277
02/21/2018,FDK,MD,AEA,EN,Federal Contract Tower,0,4,12,4,20,0,7,92,0,99,0,11,104,4,119,152,2,154,273
02/22/2018,FDK,MD,AEA,EN,Federal Contract Tower,0,3,8,0,11,0,0,2,0,2,0,3,10,0,13,8,0,8,21
02/23/2018,FDK,MD,AEA,EN,Federal Contract Tower,0,1,26,0,27,0,0,0,0,0,0,1,26,0,27,0,0,0,27
02/24/2018,FDK,MD,AEA,EN,Federal Contract Tower,0,6,5,0,11,0,0,0,0,0,0,6,5,0,11,0,0,0,11
02/25/2018,FDK,MD,AEA,EN,Federal Contract Tower,0,3,16,0,19,0,0,0,0,0,0,3,16,0,19,0,0,0,19
02/26/2018,FDK,MD,AEA,EN,Federal Contract Tower,0,6,5,0,11,0,9,141,1,151,0,15,146,1,162,192,0,192,354
02/27/2018,FDK,MD,AEA,EN,Federal Contract Tower,0,1,16,0,17,0,23,218,2,243,0,24,234,2,260,248,0,248,508
02/28/2018,FDK,MD,AEA,EN,Federal Contract Tower,0,4,8,0,12,0,3,123,3,129,0,7,131,3,141,186,10,196,337
03/01/2018,FDK,MD,AEA,EN,Federal Contract Tower,0,6,17,0,23,0,0,31,0,31,0,6,48,0,54,104,0,104,158
03/02/2018,FDK,MD,AEA,EN,Federal Contract Tower,0,0,1,0,1,0,2,3,0,5,0,2,4,0,6,0,0,0,6
03/03/2018,FDK,MD,AEA,EN,Federal Contract Tower,0,3,4,0,7,0,0,10,0,10,0,3,14,0,17,4,0,4,21
03/04/2018,FDK,MD,AEA,EN,Federal Contract Tower,0,2,11,0,13,0,6,64,0,70,0,8,75,0,83,60,0,60,143
03/05/2018,FDK,MD,AEA,EN,Federal Contract Tower,0,0,3,0,3,0,3,109,8,120,0,3,112,8,123,102,10,112,235
03/06/2018,FDK,MD,AEA,EN,Federal Contract Tower,0,2,6,0,8,0,11,83,0,94,0,13,89,0,102,150,0,150,252
03/07/2018,FDK,MD,AEA,EN,Federal Contract Tower,0,4,1,0,5,0,0,15,0,15,0,4,16,0,20,62,0,62,82
03/08/2018,FDK,MD,AEA,EN,Federal Contract Tower,0,1,9,0,10,0,5,74,0,79,0,6,83,0,89,120,0,120,209
03/09/2018,FDK,MD,AEA,EN,Federal Contract Tower,0,1,9,0,10,0,2,26,0,28,0,3,35,0,38,44,0,44,82
03/10/2018,FDK,MD,AEA,EN,Federal Contract Tower,0,1,5,0,6,0,7,233,4,244,0,8,238,4,250,226,0,226,476
03/11/2018,FDK,MD,AEA,EN,Federal Contract Tower,0,3,7,0,10,0,0,162,2,164,0,3,169,2,174,316,0,316,490
03/12/2018,FDK,MD,AEA,EN,Federal Contract Tower,0,0,6,0,6,0,6,21,0,27,0,6,27,0,33,62,0,62,95
03/13/2018,FDK,MD,AEA,EN,Federal Contract Tower,0,2,4,0,6,0,0,36,0,36,0,2,40,0,42,46,0,46,88
03/14/2018,FDK,MD,AEA,EN,Federal Contract Tower,0,0,13,0,13,0,3,12,2,17,0,3,25,2,30,24,0,24,54
03/15/2018,FDK,MD,AEA,EN,Federal Contract Tower,0,2,9,0,11,0,4,75,0,79,0,6,84,0,90,122,0,122,212
03/16/2018,FDK,MD,AEA,EN,Federal Contract Tower,0,2,8,0,10,0,4,16,2,22,0,6,24,2,32,6,0,6,38
03/17/2018,FDK,MD,AEA,EN,Federal Contract Tower,0,8,6,0,14,0,0,114,7,121,0,8,120,7,135,236,0,236,371
03/18/2018,FDK,MD,AEA,EN,Federal Contract Tower,0,2,15,0,17,0,9,197,9,215,0,11,212,9,232,224,2,226,458
03/19/2018,FDK,MD,AEA,EN,Federal Contract Tower,0,1,16,0,17,0,4,132,0,136,0,5,148,0,153,176,0,176,329
03/20/2018,FDK,MD,AEA,EN,Federal Contract Tower,0,0,2,0,2,0,0,0,0,0,0,0,2,0,2,0,0,0,2
03/21/2018,FDK,MD,AEA,EN,Federal Contract Tower,0,0,0,0,0,0,0,0,0,0,0,0,0,0,0,0,0,0,0
03/22/2018,FDK,MD,AEA,EN,Federal Contract Tower,0,2,9,1,12,0,2,48,1,51,0,4,57,2,63,44,2,46,109
03/23/2018,FDK,MD,AEA,EN,Federal Contract Tower,0,1,6,0,7,0,3,83,0,86,0,4,89,0,93,82,0,82,175
03/24/2018,FDK,MD,AEA,EN,Federal Contract Tower,0,0,9,2,11,0,0,191,0,191,0,0,200,2,202,260,0,260,462
03/25/2018,FDK,MD,AEA,EN,Federal Contract Tower,0,0,3,0,3,0,0,88,0,88,0,0,91,0,91,168,0,168,259
03/26/2018,FDK,MD,AEA,EN,Federal Contract Tower,0,0,5,0,5,0,1,103,2,106,0,1,108,2,111,182,0,182,293
03/27/2018,FDK,MD,AEA,EN,Federal Contract Tower,0,7,8,0,15,0,0,47,0,47,0,7,55,0,62,60,0,60,122
03/28/2018,FDK,MD,AEA,EN,Federal Contract Tower,0,1,27,6,34,0,0,0,0,0,0,1,27,6,34,0,0,0,34
03/29/2018,FDK,MD,AEA,EN,Federal Contract Tower,0,5,14,0,19,0,1,63,0,64,0,6,77,0,83,122,0,122,205
03/30/2018,FDK,MD,AEA,EN,Federal Contract Tower,0,5,8,2,15,0,2,45,0,47,0,7,53,2,62,52,0,52,114
03/31/2018,FDK,MD,AEA,EN,Federal Contract Tower,0,2,7,0,9,0,2,188,0,190,0,4,195,0,199,190,0,190,389
04/01/2018,FDK,MD,AEA,EN,Federal Contract Tower,0,1,8,0,9,0,2,43,0,45,0,3,51,0,54,50,0,50,104
04/02/2018,FDK,MD,AEA,EN,Federal Contract Tower,0,3,15,0,18,0,2,43,0,45,0,5,58,0,63,146,6,152,215
04/03/2018,FDK,MD,AEA,EN,Federal Contract Tower,0,3,13,0,16,0,1,21,0,22,0,4,34,0,38,86,0,86,124
04/04/2018,FDK,MD,AEA,EN,Federal Contract Tower,0,1,8,0,9,0,4,6,0,10,0,5,14,0,19,16,0,16,35
04/05/2018,FDK,MD,AEA,EN,Federal Contract Tower,0,5,7,0,12,0,4,108,0,112,0,9,115,0,124,94,0,94,218
04/06/2018,FDK,MD,AEA,EN,Federal Contract Tower,0,2,13,0,15,0,0,79,0,79,0,2,92,0,94,174,0,174,268
04/07/2018,FDK,MD,AEA,EN,Federal Contract Tower,0,3,3,0,6,0,3,54,1,58,0,6,57,1,64,144,0,144,208
04/08/2018,FDK,MD,AEA,EN,Federal Contract Tower,0,6,16,0,22,0,4,111,0,115,0,10,127,0,137,128,0,128,265
04/09/2018,FDK,MD,AEA,EN,Federal Contract Tower,0,3,2,0,5,0,3,39,2,44,0,6,41,2,49,140,0,140,189
04/10/2018,FDK,MD,AEA,EN,Federal Contract Tower,0,5,4,0,9,0,4,118,3,125,0,9,122,3,134,154,0,154,288
04/11/2018,FDK,MD,AEA,EN,Federal Contract Tower,0,1,9,0,10,0,9,123,0,132,0,10,132,0,142,160,0,160,302
04/12/2018,FDK,MD,AEA,EN,Federal Contract Tower,0,2,11,1,14,0,17,52,0,69,0,19,63,1,83,88,0,88,171
04/13/2018,FDK,MD,AEA,EN,Federal Contract Tower,0,5,10,1,16,0,7,95,0,102,0,12,105,1,118,116,0,116,234
04/14/2018,FDK,MD,AEA,EN,Federal Contract Tower,0,3,12,0,15,0,5,125,3,133,0,8,137,3,148,218,0,218,366
04/15/2018,FDK,MD,AEA,EN,Federal Contract Tower,0,3,8,0,11,0,0,0,0,0,0,3,8,0,11,0,0,0,11
04/16/2018,FDK,MD,AEA,EN,Federal Contract Tower,0,0,5,0,5,0,0,18,0,18,0,0,23,0,23,34,0,34,57
04/17/2018,FDK,MD,AEA,EN,Federal Contract Tower,0,2,8,2,12,0,4,48,0,52,0,6,56,2,64,106,0,106,170
04/18/2018,FDK,MD,AEA,EN,Federal Contract Tower,0,3,9,0,12,0,7,181,8,196,0,10,190,8,208,268,0,268,476
04/19/2018,FDK,MD,AEA,EN,Federal Contract Tower,0,6,5,0,11,0,2,24,0,26,0,8,29,0,37,56,0,56,93
04/20/2018,FDK,MD,AEA,EN,Federal Contract Tower,0,3,19,0,22,0,2,136,1,139,0,5,155,1,161,60,2,62,223
04/21/2018,FDK,MD,AEA,EN,Federal Contract Tower,0,3,15,0,18,0,2,209,14,225,0,5,224,14,243,308,2,310,553
04/22/2018,FDK,MD,AEA,EN,Federal Contract Tower,0,1,11,0,12,0,0,182,6,188,0,1,193,6,200,282,0,282,482
04/23/2018,FDK,MD,AEA,EN,Federal Contract Tower,0,0,17,0,17,0,6,141,0,147,0,6,158,0,164,170,0,170,334
04/24/2018,FDK,MD,AEA,EN,Federal Contract Tower,0,3,10,0,13,0,0,35,0,35,0,3,45,0,48,52,0,52,100
04/25/2018,FDK,MD,AEA,EN,Federal Contract Tower,0,1,17,0,18,0,2,4,0,6,0,3,21,0,24,24,0,24,48
04/26/2018,FDK,MD,AEA,EN,Federal Contract Tower,0,1,13,2,16,0,6,166,0,172,0,7,179,2,188,252,0,252,440
04/27/2018,FDK,MD,AEA,EN,Federal Contract Tower,0,6,21,0,27,0,0,68,1,69,0,6,89,1,96,104,6,110,206
04/28/2018,FDK,MD,AEA,EN,Federal Contract Tower,0,5,18,0,23,0,6,102,1,109,0,11,120,1,132,156,0,156,288
04/29/2018,FDK,MD,AEA,EN,Federal Contract Tower,0,6,14,0,20,0,13,74,0,87,0,19,88,0,107,66,0,66,173
04/30/2018,FDK,MD,AEA,EN,Federal Contract Tower,0,2,13,0,15,0,7,66,0,73,0,9,79,0,88,76,0,76,164
05/01/2018,FDK,MD,AEA,EN,Federal Contract Tower,0,0,17,2,19,0,11,181,5,197,0,11,198,7,216,274,0,274,490
05/02/2018,FDK,MD,AEA,EN,Federal Contract Tower,0,2,12,2,16,0,10,108,0,118,0,12,120,2,134,180,0,180,314
05/03/2018,FDK,MD,AEA,EN,Federal Contract Tower,0,2,15,0,17,0,10,82,0,92,0,12,97,0,109,118,0,118,227
05/04/2018,FDK,MD,AEA,EN,Federal Contract Tower,0,3,5,2,10,0,3,103,3,109,0,6,108,5,119,154,4,158,277
05/05/2018,FDK,MD,AEA,EN,Federal Contract Tower,0,2,9,0,11,0,0,129,1,130,0,2,138,1,141,44,0,44,185
05/06/2018,FDK,MD,AEA,EN,Federal Contract Tower,0,3,15,0,18,0,3,1,0,4,0,6,16,0,22,0,0,0,22
05/07/2018,FDK,MD,AEA,EN,Federal Contract Tower,0,0,8,1,9,0,9,128,0,137,0,9,136,1,146,200,0,200,346
05/08/2018,FDK,MD,AEA,EN,Federal Contract Tower,0,6,14,0,20,0,6,156,2,164,0,12,170,2,184,184,2,186,370
05/09/2018,FDK,MD,AEA,EN,Federal Contract Tower,0,2,13,0,15,0,15,181,1,197,0,17,194,1,212,202,0,202,414
05/10/2018,FDK,MD,AEA,EN,Federal Contract Tower,0,2,5,0,7,0,0,69,5,74,0,2,74,5,81,56,12,68,149
05/11/2018,FDK,MD,AEA,EN,Federal Contract Tower,0,8,7,0,15,0,4,172,3,179,0,12,179,3,194,206,0,206,400
05/12/2018,FDK,MD,AEA,EN,Federal Contract Tower,0,5,9,0,14,0,7,132,2,141,0,12,141,2,155,128,0,128,283
05/13/2018,FDK,MD,AEA,EN,Federal Contract Tower,0,5,12,0,17,0,0,1,0,1,0,5,13,0,18,0,0,0,18
05/14/2018,FDK,MD,AEA,EN,Federal Contract Tower,0,1,15,0,16,0,2,9,0,11,0,3,24,0,27,18,0,18,45
05/15/2018,FDK,MD,AEA,EN,Federal Contract Tower,0,0,2,0,2,0,0,77,0,77,0,0,79,0,79,174,0,174,253
05/16/2018,FDK,MD,AEA,EN,Federal Contract Tower,0,2,15,0,17,0,0,0,0,0,0,2,15,0,17,0,0,0,17
05/17/2018,FDK,MD,AEA,EN,Federal Contract Tower,0,0,16,0,16,0,0,2,0,2,0,0,18,0,18,0,0,0,18
05/18/2018,FDK,MD,AEA,EN,Federal Contract Tower,0,1,15,0,16,0,0,0,0,0,0,1,15,0,16,0,0,0,16
05/19/2018,FDK,MD,AEA,EN,Federal Contract Tower,0,0,8,0,8,0,0,0,0,0,0,0,8,0,8,0,0,0,8
05/20/2018,FDK,MD,AEA,EN,Federal Contract Tower,0,1,15,0,16,0,4,112,2,118,0,5,127,2,134,158,0,158,292
05/21/2018,FDK,MD,AEA,EN,Federal Contract Tower,0,1,10,0,11,0,9,193,1,203,0,10,203,1,214,244,0,244,458
05/22/2018,FDK,MD,AEA,EN,Federal Contract Tower,0,3,16,2,21,0,5,18,1,24,0,8,34,3,45,52,0,52,97
05/23/2018,FDK,MD,AEA,EN,Federal Contract Tower,0,1,7,0,8,0,5,116,3,124,0,6,123,3,132,118,0,118,250
05/24/2018,FDK,MD,AEA,EN,Federal Contract Tower,0,0,11,1,12,0,7,222,5,234,0,7,233,6,246,312,0,312,558
05/25/2018,FDK,MD,AEA,EN,Federal Contract Tower,0,4,16,0,20,0,2,181,6,189,0,6,197,6,209,272,8,280,489
05/26/2018,FDK,MD,AEA,EN,Federal Contract Tower,0,2,12,0,14,0,8,124,4,136,0,10,136,4,150,144,0,144,294
05/27/2018,FDK,MD,AEA,EN,Federal Contract Tower,0,2,6,0,8,0,3,47,0,50,0,5,53,0,58,98,0,98,156
05/28/2018,FDK,MD,AEA,EN,Federal Contract Tower,0,3,22,0,25,0,2,9,0,11,0,5,31,0,36,20,0,20,56
05/29/2018,FDK,MD,AEA,EN,Federal Contract Tower,0,0,0,0,0,0,2,85,3,90,0,2,85,3,90,156,0,156,246
05/30/2018,FDK,MD,AEA,EN,Federal Contract Tower,0,3,25,0,28,0,11,18,0,29,0,14,43,0,57,46,0,46,103
06/01/2018,FDK,MD,AEA,EN,Federal Contract Tower,0,0,12,0,12,0,5,96,0,101,0,5,108,0,113,218,0,218,331
06/02/2018,FDK,MD,AEA,EN,Federal Contract Tower,0,1,7,0,8,0,4,48,0,52,0,5,55,0,60,146,0,146,206
06/03/2018,FDK,MD,AEA,EN,Federal Contract Tower,0,2,5,0,7,0,0,1,0,1,0,2,6,0,8,0,0,0,8
06/04/2018,FDK,MD,AEA,EN,Federal Contract Tower,0,0,11,0,11,0,2,69,0,71,0,2,80,0,82,110,0,110,192
06/05/2018,FDK,MD,AEA,EN,Federal Contract Tower,0,1,9,0,10,0,2,91,2,95,0,3,100,2,105,60,0,60,165
06/06/2018,FDK,MD,AEA,EN,Federal Contract Tower,0,2,14,0,16,0,10,178,2,190,0,12,192,2,206,248,8,256,462
06/07/2018,FDK,MD,AEA,EN,Federal Contract Tower,0,2,12,4,18,0,3,156,2,161,0,5,168,6,179,268,0,268,447
06/08/2018,FDK,MD,AEA,EN,Federal Contract Tower,0,0,23,0,23,0,6,131,2,139,0,6,154,2,162,162,0,162,324
06/09/2018,FDK,MD,AEA,EN,Federal Contract Tower,0,0,12,0,12,0,5,62,10,77,0,5,74,10,89,97,4,101,190
06/10/2018,FDK,MD,AEA,EN,Federal Contract Tower,0,3,17,0,20,0,2,4,4,10,0,5,21,4,30,10,0,10,40
06/11/2018,FDK,MD,AEA,EN,Federal Contract Tower,0,2,21,0,23,0,4,26,0,30,0,6,47,0,53,92,0,92,145
06/12/2018,FDK,MD,AEA,EN,Federal Contract Tower,0,0,13,0,13,0,8,109,6,123,0,8,122,6,136,186,8,194,330
06/13/2018,FDK,MD,AEA,EN,Federal Contract Tower,0,6,12,0,18,0,0,93,0,93,0,6,105,0,111,144,0,144,255
06/14/2018,FDK,MD,AEA,EN,Federal Contract Tower,0,2,19,4,25,0,5,122,2,129,0,7,141,6,154,178,0,178,332
06/15/2018,FDK,MD,AEA,EN,Federal Contract Tower,0,4,24,1,29,0,5,164,2,171,0,9,188,3,200,168,2,170,370
06/16/2018,FDK,MD,AEA,EN,Federal Contract Tower,0,0,10,0,10,0,5,132,4,141,0,5,142,4,151,154,0,154,305
06/17/2018,FDK,MD,AEA,EN,Federal Contract Tower,0,1,10,0,11,0,4,89,0,93,0,5,99,0,104,112,0,112,216
06/18/2018,FDK,MD,AEA,EN,Federal Contract Tower,0,0,12,0,12,0,3,70,5,78,0,3,82,5,90,140,0,140,230
06/19/2018,FDK,MD,AEA,EN,Federal Contract Tower,0,1,7,0,8,0,12,96,0,108,0,13,103,0,116,200,0,200,316
06/20/2018,FDK,MD,AEA,EN,Federal Contract Tower,0,0,4,0,4,0,0,56,0,56,0,0,60,0,60,116,0,116,176
06/21/2018,FDK,MD,AEA,EN,Federal Contract Tower,0,0,15,2,17,0,6,58,18,82,0,6,73,20,99,168,0,168,267
06/22/2018,FDK,MD,AEA,EN,Federal Contract Tower,0,2,9,0,11,0,0,17,0,17,0,2,26,0,28,14,0,14,42
06/23/2018,FDK,MD,AEA,EN,Federal Contract Tower,0,2,9,0,11,0,4,9,0,13,0,6,18,0,24,10,0,10,34
06/24/2018,FDK,MD,AEA,EN,Federal Contract Tower,0,1,20,0,21,0,2,132,2,136,0,3,152,2,157,110,0,110,267
06/25/2018,FDK,MD,AEA,EN,Federal Contract Tower,0,1,14,0,15,0,6,178,0,184,0,7,192,0,199,286,0,286,485
06/26/2018,FDK,MD,AEA,EN,Federal Contract Tower,0,4,17,0,21,0,9,158,1,168,0,13,175,1,189,294,0,294,483
06/27/2018,FDK,MD,AEA,EN,Federal Contract Tower,0,0,17,0,17,0,3,41,2,46,0,3,58,2,63,120,0,120,183
06/28/2018,FDK,MD,AEA,EN,Federal Contract Tower,0,0,19,0,19,0,5,162,3,170,0,5,181,3,189,248,0,248,437
06/29/2018,FDK,MD,AEA,EN,Federal Contract Tower,0,2,30,0,32,0,0,164,2,166,0,2,194,2,198,222,0,222,420
06/30/2018,FDK,MD,AEA,EN,Federal Contract Tower,0,2,17,0,19,0,2,163,1,166,0,4,180,1,185,194,0,194,379
07/01/2018,FDK,MD,AEA,EN,Federal Contract Tower,0,2,10,0,12,0,2,123,3,128,0,4,133,3,140,144,8,152,292
07/02/2018,FDK,MD,AEA,EN,Federal Contract Tower,0,2,7,0,9,0,3,105,6,114,0,5,112,6,123,150,0,150,273
07/03/2018,FDK,MD,AEA,EN,Federal Contract Tower,0,2,18,0,20,0,0,128,3,131,0,2,146,3,151,210,0,210,361
07/04/2018,FDK,MD,AEA,EN,Federal Contract Tower,0,4,6,0,10,0,0,64,2,66,0,4,70,2,76,86,0,86,162
07/05/2018,FDK,MD,AEA,EN,Federal Contract Tower,0,3,11,0,14,0,3,60,0,63,0,6,71,0,77,86,0,86,163
07/06/2018,FDK,MD,AEA,EN,Federal Contract Tower,0,0,8,0,8,0,2,68,3,73,0,2,76,3,81,104,6,110,191
07/07/2018,FDK,MD,AEA,EN,Federal Contract Tower,0,1,15,0,16,0,1,135,0,136,0,2,150,0,152,194,0,194,346
07/08/2018,FDK,MD,AEA,EN,Federal Contract Tower,0,2,19,0,21,0,4,155,7,166,0,6,174,7,187,272,0,272,459
07/09/2018,FDK,MD,AEA,EN,Federal Contract Tower,0,1,6,0,7,0,12,136,2,150,0,13,142,2,157,204,0,204,361
07/10/2018,FDK,MD,AEA,EN,Federal Contract Tower,0,3,18,0,21,0,1,133,6,140,0,4,151,6,161,118,16,134,295
07/11/2018,FDK,MD,AEA,EN,Federal Contract Tower,0,2,10,0,12,0,3,163,0,166,0,5,173,0,178,262,0,262,440
07/12/2018,FDK,MD,AEA,EN,Federal Contract Tower,0,3,8,1,12,0,2,134,0,136,0,5,142,1,148,252,0,252,400
07/13/2018,FDK,MD,AEA,EN,Federal Contract Tower,0,4,11,2,17,0,0,149,0,149,0,4,160,2,166,172,0,172,338
07/14/2018,FDK,MD,AEA,EN,Federal Contract Tower,0,0,11,0,11,0,0,160,2,162,0,0,171,2,173,138,0,138,311
07/15/2018,FDK,MD,AEA,EN,Federal Contract Tower,0,2,22,0,24,0,2,85,3,90,0,4,107,3,114,138,0,138,252
07/16/2018,FDK,MD,AEA,EN,Federal Contract Tower,0,0,11,0,11,0,7,107,0,114,0,7,118,0,125,128,0,128,253
07/17/2018,FDK,MD,AEA,EN,Federal Contract Tower,0,2,11,0,13,0,4,61,0,65,0,6,72,0,78,176,0,176,254
07/18/2018,FDK,MD,AEA,EN,Federal Contract Tower,0,6,17,0,23,0,2,158,0,160,0,8,175,0,183,227,0,227,410
07/19/2018,FDK,MD,AEA,EN,Federal Contract Tower,0,2,12,0,14,0,4,160,0,164,0,6,172,0,178,276,0,276,454
07/20/2018,FDK,MD,AEA,EN,Federal Contract Tower,0,3,12,0,15,0,2,157,1,160,0,5,169,1,175,174,0,174,349
07/21/2018,FDK,MD,AEA,EN,Federal Contract Tower,0,4,10,0,14,0,0,22,0,22,0,4,32,0,36,48,0,48,84
07/22/2018,FDK,MD,AEA,EN,Federal Contract Tower,0,1,18,0,19,0,0,38,0,38,0,1,56,0,57,52,0,52,109
07/23/2018,FDK,MD,AEA,EN,Federal Contract Tower,0,1,5,0,6,0,0,21,0,21,0,1,26,0,27,12,0,12,39
07/24/2018,FDK,MD,AEA,EN,Federal Contract Tower,0,3,2,0,5,0,2,0,0,2,0,5,2,0,7,0,0,0,7
07/25/2018,FDK,MD,AEA,EN,Federal Contract Tower,0,2,20,2,24,0,0,13,0,13,0,2,33,2,37,22,0,22,59
07/26/2018,FDK,MD,AEA,EN,Federal Contract Tower,0,3,15,1,19,0,1,109,8,118,0,4,124,9,137,222,0,222,359
07/27/2018,FDK,MD,AEA,EN,Federal Contract Tower,0,2,4,0,6,0,3,96,2,101,0,5,100,2,107,82,0,82,189
07/28/2018,FDK,MD,AEA,EN,Federal Contract Tower,0,3,10,0,13,0,4,177,0,181,0,7,187,0,194,124,0,124,318
07/29/2018,FDK,MD,AEA,EN,Federal Contract Tower,0,2,6,0,8,0,8,114,0,122,0,10,120,0,130,92,0,92,222
07/30/2018,FDK,MD,AEA,EN,Federal Contract Tower,0,0,10,0,10,0,2,47,0,49,0,2,57,0,59,72,0,72,131
07/31/2018,FDK,MD,AEA,EN,Federal Contract Tower,0,0,17,1,18,0,10,28,1,39,0,10,45,2,57,128,0,128,185
08/01/2018,FDK,MD,AEA,EN,Federal Contract Tower,0,7,18,0,25,0,0,44,0,44,0,7,62,0,69,102,0,102,171
08/02/2018,FDK,MD,AEA,EN,Federal Contract Tower,0,1,9,0,10,0,0,2,0,2,0,1,11,0,12,0,0,0,12
08/03/2018,FDK,MD,AEA,EN,Federal Contract Tower,0,1,13,0,14,0,0,19,0,19,0,1,32,0,33,8,0,8,41
08/04/2018,FDK,MD,AEA,EN,Federal Contract Tower,0,2,22,0,24,0,5,137,0,142,0,7,159,0,166,134,0,134,300
08/05/2018,FDK,MD,AEA,EN,Federal Contract Tower,0,1,13,0,14,0,0,208,0,208,0,1,221,0,222,216,0,216,438
08/06/2018,FDK,MD,AEA,EN,Federal Contract Tower,0,0,11,0,11,0,5,135,0,140,0,5,146,0,151,192,0,192,343
08/07/2018,FDK,MD,AEA,EN,Federal Contract Tower,0,0,15,0,15,0,3,81,0,84,0,3,96,0,99,156,0,156,255
08/08/2018,FDK,MD,AEA,EN,Federal Contract Tower,0,2,10,2,14,0,10,91,2,103,0,12,101,4,117,178,0,178,295
08/09/2018,FDK,MD,AEA,EN,Federal Contract Tower,0,0,5,0,5,0,6,162,1,169,0,6,167,1,174,212,2,214,388
08/10/2018,FDK,MD,AEA,EN,Federal Contract Tower,0,4,10,1,15,0,9,142,3,154,0,13,152,4,169,196,4,200,369
08/11/2018,FDK,MD,AEA,EN,Federal Contract Tower,0,5,14,0,19,0,26,141,3,170,0,31,155,3,189,176,0,176,365
08/12/2018,FDK,MD,AEA,EN,Federal Contract Tower,0,4,11,0,15,0,5,35,0,40,0,9,46,0,55,70,0,70,125
08/13/2018,FDK,MD,AEA,EN,Federal Contract Tower,0,3,10,0,13,0,2,39,0,41,0,5,49,0,54,30,0,30,84
08/14/2018,FDK,MD,AEA,EN,Federal Contract Tower,0,2,10,0,12,0,2,87,0,89,0,4,97,0,101,148,0,148,249
08/15/2018,FDK,MD,AEA,EN,Federal Contract Tower,0,1,13,2,16,0,8,156,2,166,0,9,169,4,182,168,8,176,358
08/16/2018,FDK,MD,AEA,EN,Federal Contract Tower,0,4,10,0,14,0,0,153,1,154,0,4,163,1,168,170,2,172,340
08/17/2018,FDK,MD,AEA,EN,Federal Contract Tower,0,5,7,0,12,0,4,69,1,74,0,9,76,1,86,76,0,76,162
08/18/2018,FDK,MD,AEA,EN,Federal Contract Tower,0,1,10,0,11,0,5,78,0,83,0,6,88,0,94,134,0,134,228
08/19/2018,FDK,MD,AEA,EN,Federal Contract Tower,0,8,30,0,38,0,2,106,0,108,0,10,136,0,146,254,0,254,400
08/20/2018,FDK,MD,AEA,EN,Federal Contract Tower,0,5,23,0,28,0,2,37,0,39,0,7,60,0,67,140,0,140,207
08/21/2018,FDK,MD,AEA,EN,Federal Contract Tower,0,3,11,0,14,0,0,5,0,5,0,3,16,0,19,38,0,38,57
08/22/2018,FDK,MD,AEA,EN,Federal Contract Tower,0,1,12,2,15,0,4,91,3,98,0,5,103,5,113,76,2,78,191
08/23/2018,FDK,MD,AEA,EN,Federal Contract Tower,0,4,2,0,6,0,4,130,1,135,0,8,132,1,141,128,4,132,273
08/24/2018,FDK,MD,AEA,EN,Federal Contract Tower,0,5,5,0,10,0,0,174,0,174,0,5,179,0,184,160,0,160,344
08/25/2018,FDK,MD,AEA,EN,Federal Contract Tower,0,2,7,0,9,0,13,162,2,177,0,15,169,2,186,156,0,156,342
08/26/2018,FDK,MD,AEA,EN,Federal Contract Tower,0,3,8,0,11,0,4,143,1,148,0,7,151,1,159,174,0,174,333
08/27/2018,FDK,MD,AEA,EN,Federal Contract Tower,0,3,13,0,16,0,7,66,2,75,0,10,79,2,91,74,4,78,169
08/28/2018,FDK,MD,AEA,EN,Federal Contract Tower,0,0,9,4,13,0,1,98,1,100,0,1,107,5,113,102,0,102,215
08/29/2018,FDK,MD,AEA,EN,Federal Contract Tower,0,2,13,0,15,0,2,120,0,122,0,4,133,0,137,144,0,144,281
08/30/2018,FDK,MD,AEA,EN,Federal Contract Tower,0,2,11,0,13,0,6,114,0,120,0,8,125,0,133,92,0,92,225
08/31/2018,FDK,MD,AEA,EN,Federal Contract Tower,0,2,17,0,19,0,1,36,0,37,0,3,53,0,56,60,0,60,116
09/01/2018,FDK,MD,AEA,EN,Federal Contract Tower,0,5,7,0,12,0,0,9,0,9,0,5,16,0,21,10,0,10,31
09/02/2018,FDK,MD,AEA,EN,Federal Contract Tower,0,2,14,0,16,0,1,69,0,70,0,3,83,0,86,152,0,152,238
09/03/2018,FDK,MD,AEA,EN,Federal Contract Tower,0,0,16,0,16,0,8,136,4,148,0,8,152,4,164,98,12,110,274
09/04/2018,FDK,MD,AEA,EN,Federal Contract Tower,0,0,4,0,4,0,3,111,0,114,0,3,115,0,118,144,0,144,262
09/05/2018,FDK,MD,AEA,EN,Federal Contract Tower,0,5,19,2,26,0,0,102,2,104,0,5,121,4,130,110,0,110,240
09/06/2018,FDK,MD,AEA,EN,Federal Contract Tower,0,5,26,0,31,0,4,107,0,111,0,9,133,0,142,140,0,140,282
09/07/2018,FDK,MD,AEA,EN,Federal Contract Tower,0,4,14,0,18,0,0,70,4,74,0,4,84,4,92,156,0,156,248
09/08/2018,FDK,MD,AEA,EN,Federal Contract Tower,0,2,19,0,21,0,0,8,0,8,0,2,27,0,29,0,0,0,29
09/09/2018,FDK,MD,AEA,EN,Federal Contract Tower,0,6,9,0,15,0,0,0,0,0,0,6,9,0,15,0,0,0,15
09/10/2018,FDK,MD,AEA,EN,Federal Contract Tower,0,4,17,0,21,0,0,0,0,0,0,4,17,0,21,0,0,0,21
09/11/2018,FDK,MD,AEA,EN,Federal Contract Tower,0,5,20,0,25,0,0,21,0,21,0,5,41,0,46,56,0,56,102
09/12/2018,FDK,MD,AEA,EN,Federal Contract Tower,0,4,27,0,31,0,2,7,0,9,0,6,34,0,40,18,0,18,58
09/13/2018,FDK,MD,AEA,EN,Federal Contract Tower,0,7,21,0,28,0,4,24,6,34,0,11,45,6,62,100,0,100,162
09/14/2018,FDK,MD,AEA,EN,Federal Contract Tower,0,1,15,0,16,0,0,2,0,2,0,1,17,0,18,6,0,6,24
09/15/2018,FDK,MD,AEA,EN,Federal Contract Tower,0,0,14,0,14,0,0,40,0,40,0,0,54,0,54,166,0,166,220
09/16/2018,FDK,MD,AEA,EN,Federal Contract Tower,0,3,18,0,21,0,0,90,1,91,0,3,108,1,112,78,6,84,196
09/17/2018,FDK,MD,AEA,EN,Federal Contract Tower,0,3,25,0,28,0,0,0,0,0,0,3,25,0,28,0,0,0,28
09/18/2018,FDK,MD,AEA,EN,Federal Contract Tower,0,2,14,0,16,0,1,23,0,24,0,3,37,0,40,46,0,46,86
09/19/2018,FDK,MD,AEA,EN,Federal Contract Tower,0,1,21,0,22,0,3,111,0,114,0,4,132,0,136,194,0,194,330
09/20/2018,FDK,MD,AEA,EN,Federal Contract Tower,0,0,23,0,23,0,5,107,0,112,0,5,130,0,135,222,0,222,357
09/21/2018,FDK,MD,AEA,EN,Federal Contract Tower,0,11,30,2,43,0,4,29,0,33,0,15,59,2,76,92,0,92,168
09/22/2018,FDK,MD,AEA,EN,Federal Contract Tower,0,3,8,0,11,0,5,193,6,204,0,8,201,6,215,214,0,214,429
09/23/2018,FDK,MD,AEA,EN,Federal Contract Tower,0,5,11,0,16,0,0,0,0,0,0,5,11,0,16,0,0,0,16
09/24/2018,FDK,MD,AEA,EN,Federal Contract Tower,0,6,22,0,28,0,0,2,0,2,0,6,24,0,30,4,0,4,34
09/25/2018,FDK,MD,AEA,EN,Federal Contract Tower,0,3,23,0,26,0,0,4,0,4,0,3,27,0,30,4,0,4,34
09/26/2018,FDK,MD,AEA,EN,Federal Contract Tower,0,2,18,4,24,0,2,50,0,52,0,4,68,4,76,124,0,124,200
09/27/2018,FDK,MD,AEA,EN,Federal Contract Tower,0,2,8,0,10,0,6,57,0,63,0,8,65,0,73,108,0,108,181
09/28/2018,FDK,MD,AEA,EN,Federal Contract Tower,0,4,20,0,24,0,14,151,2,167,0,18,171,2,191,170,10,180,371
09/29/2018,FDK,MD,AEA,EN,Federal Contract Tower,0,2,12,1,15,0,6,179,0,185,0,8,191,1,200,208,0,208,408
09/30/2018,FDK,MD,AEA,EN,Federal Contract Tower,0,2,16,0,18,0,10,170,4,184,0,12,186,4,202,106,18,124,326
10/01/2018,FDK,MD,AEA,EN,Federal Contract Tower,0,4,15,0,19,0,13,108,0,121,0,17,123,0,140,90,0,90,230
10/02/2018,FDK,MD,AEA,EN,Federal Contract Tower,0,2,23,2,27,0,3,47,0,50,0,5,70,2,77,92,2,94,171
10/03/2018,FDK,MD,AEA,EN,Federal Contract Tower,0,0,12,0,12,0,12,157,0,169,0,12,169,0,181,230,0,230,411
10/04/2018,FDK,MD,AEA,EN,Federal Contract Tower,0,5,15,0,20,0,3,111,0,114,0,8,126,0,134,118,0,118,252
10/05/2018,FDK,MD,AEA,EN,Federal Contract Tower,0,5,24,1,30,0,9,169,0,178,0,14,193,1,208,314,4,318,526
10/06/2018,FDK,MD,AEA,EN,Federal Contract Tower,0,3,24,0,27,0,0,5,0,5,0,3,29,0,32,18,0,18,50
10/07/2018,FDK,MD,AEA,EN,Federal Contract Tower,0,6,24,0,30,0,6,108,0,114,0,12,132,0,144,120,0,120,264
10/08/2018,FDK,MD,AEA,EN,Federal Contract Tower,0,4,23,0,27,0,2,55,0,57,0,6,78,0,84,70,0,70,154
10/09/2018,FDK,MD,AEA,EN,Federal Contract Tower,0,6,36,0,42,0,4,48,2,54,0,10,84,2,96,152,4,156,252
10/10/2018,FDK,MD,AEA,EN,Federal Contract Tower,0,7,25,2,34,0,2,67,2,71,0,9,92,4,105,108,0,108,213
10/11/2018,FDK,MD,AEA,EN,Federal Contract Tower,0,0,19,0,19,0,0,2,0,2,0,0,21,0,21,0,0,0,21
10/13/2018,FDK,MD,AEA,EN,Federal Contract Tower,0,4,9,0,13,0,8,82,5,95,0,12,91,5,108,66,8,74,182
10/14/2018,FDK,MD,AEA,EN,Federal Contract Tower,0,2,13,0,15,0,0,135,0,135,0,2,148,0,150,256,0,256,406
10/15/2018,FDK,MD,AEA,EN,Federal Contract Tower,0,6,17,0,23,0,0,6,0,6,0,6,23,0,29,50,0,50,79
10/16/2018,FDK,MD,AEA,EN,Federal Contract Tower,0,3,9,0,12,0,0,147,3,150,0,3,156,3,162,206,0,206,368
10/17/2018,FDK,MD,AEA,EN,Federal Contract Tower,0,5,11,0,16,0,9,50,1,60,0,14,61,1,76,34,0,34,110
10/18/2018,FDK,MD,AEA,EN,Federal Contract Tower,0,8,9,0,17,0,8,126,0,134,0,16,135,0,151,166,0,166,317
10/19/2018,FDK,MD,AEA,EN,Federal Contract Tower,0,8,11,0,19,0,4,182,1,187,0,12,193,1,206,172,0,172,378
10/20/2018,FDK,MD,AEA,EN,Federal Contract Tower,0,0,7,0,7,0,3,107,0,110,0,3,114,0,117,84,0,84,201
10/21/2018,FDK,MD,AEA,EN,Federal Contract Tower,0,3,7,1,11,0,4,23,1,28,0,7,30,2,39,24,0,24,63
10/22/2018,FDK,MD,AEA,EN,Federal Contract Tower,0,4,15,0,19,0,4,118,0,122,0,8,133,0,141,194,0,194,335
10/23/2018,FDK,MD,AEA,EN,Federal Contract Tower,0,0,17,1,18,0,6,97,0,103,0,6,114,1,121,124,2,126,247
10/24/2018,FDK,MD,AEA,EN,Federal Contract Tower,0,3,16,0,19,0,6,93,0,99,0,9,109,0,118,178,0,178,296
10/25/2018,FDK,MD,AEA,EN,Federal Contract Tower,0,10,4,0,14,0,2,113,0,115,0,12,117,0,129,180,2,182,311
10/26/2018,FDK,MD,AEA,EN,Federal Contract Tower,0,19,0,0,19,0,0,39,0,39,0,19,39,0,58,36,0,36,94
10/27/2018,FDK,MD,AEA,EN,Federal Contract Tower,0,1,8,0,9,0,0,1,0,1,0,1,9,0,10,0,0,0,10
10/28/2018,FDK,MD,AEA,EN,Federal Contract Tower,0,7,14,0,21,0,4,113,1,118,0,11,127,1,139,185,0,185,324
10/29/2018,FDK,MD,AEA,EN,Federal Contract Tower,0,2,15,0,17,0,5,41,0,46,0,7,56,0,63,64,0,64,127
10/30/2018,FDK,MD,AEA,EN,Federal Contract Tower,0,2,13,0,15,0,9,164,0,173,0,11,177,0,188,196,4,200,388
10/31/2018,FDK,MD,AEA,EN,Federal Contract Tower,0,1,12,0,13,0,2,170,2,174,0,3,182,2,187,266,8,274,461
11/01/2018,FDK,MD,AEA,EN,Federal Contract Tower,0,3,19,0,22,0,7,95,0,102,0,10,114,0,124,170,0,170,294
11/02/2018,FDK,MD,AEA,EN,Federal Contract Tower,0,3,7,0,10,0,0,32,0,32,0,3,39,0,42,115,0,115,157
11/03/2018,FDK,MD,AEA,EN,Federal Contract Tower,0,1,10,0,11,0,3,46,0,49,0,4,56,0,60,48,0,48,108
11/04/2018,FDK,MD,AEA,EN,Federal Contract Tower,0,6,14,0,20,0,4,229,0,233,0,10,243,0,253,292,0,292,545
11/05/2018,FDK,MD,AEA,EN,Federal Contract Tower,0,7,16,0,23,0,0,0,0,0,0,7,16,0,23,0,0,0,23
11/06/2018,FDK,MD,AEA,EN,Federal Contract Tower,0,2,6,0,8,0,0,3,0,3,0,2,9,0,11,0,0,0,11
11/07/2018,FDK,MD,AEA,EN,Federal Contract Tower,0,5,25,0,30,0,8,153,0,161,0,13,178,0,191,194,0,194,385
11/08/2018,FDK,MD,AEA,EN,Federal Contract Tower,0,4,9,0,13,0,1,174,9,184,0,5,183,9,197,194,16,210,407
11/09/2018,FDK,MD,AEA,EN,Federal Contract Tower,0,2,10,0,12,0,2,9,0,11,0,4,19,0,23,24,0,24,47
11/10/2018,FDK,MD,AEA,EN,Federal Contract Tower,0,1,10,0,11,0,0,10,0,10,0,1,20,0,21,34,0,34,55
11/11/2018,FDK,MD,AEA,EN,Federal Contract Tower,0,6,24,0,30,0,2,154,1,157,0,8,178,1,187,176,0,176,363
11/12/2018,FDK,MD,AEA,EN,Federal Contract Tower,0,5,17,0,22,0,1,130,2,133,0,6,147,2,155,230,0,230,385
11/13/2018,FDK,MD,AEA,EN,Federal Contract Tower,0,7,9,0,16,0,0,17,0,17,0,7,26,0,33,34,2,36,69
11/14/2018,FDK,MD,AEA,EN,Federal Contract Tower,0,6,19,0,25,0,1,165,2,168,0,7,184,2,193,200,0,200,393
11/15/2018,FDK,MD,AEA,EN,Federal Contract Tower,0,0,5,0,5,0,0,1,0,1,0,0,6,0,6,12,0,12,18
11/16/2018,FDK,MD,AEA,EN,Federal Contract Tower,0,3,21,0,24,0,7,59,0,66,0,10,80,0,90,68,0,68,158
11/17/2018,FDK,MD,AEA,EN,Federal Contract Tower,0,1,14,0,15,0,4,135,2,141,0,5,149,2,156,278,0,278,434
11/18/2018,FDK,MD,AEA,EN,Federal Contract Tower,0,8,13,0,21,0,10,132,2,144,0,18,145,2,165,244,14,258,423
11/19/2018,FDK,MD,AEA,EN,Federal Contract Tower,0,2,11,0,13,0,1,66,0,67,0,3,77,0,80,90,4,94,174
11/20/2018,FDK,MD,AEA,EN,Federal Contract Tower,0,1,21,0,22,0,11,131,2,144,0,12,152,2,166,216,2,218,384
11/21/2018,FDK,MD,AEA,EN,Federal Contract Tower,0,3,7,0,10,0,4,115,0,119,0,7,122,0,129,72,0,72,201
11/22/2018,FDK,MD,AEA,EN,Federal Contract Tower,0,1,4,0,5,0,2,44,0,46,0,3,48,0,51,64,0,64,115
11/23/2018,FDK,MD,AEA,EN,Federal Contract Tower,0,1,3,0,4,0,2,147,0,149,0,3,150,0,153,132,0,132,285
11/24/2018,FDK,MD,AEA,EN,Federal Contract Tower,0,0,1,0,1,0,0,0,0,0,0,0,1,0,1,0,0,0,1
11/25/2018,FDK,MD,AEA,EN,Federal Contract Tower,0,2,21,0,23,0,2,134,4,140,0,4,155,4,163,92,2,94,257
11/26/2018,FDK,MD,AEA,EN,Federal Contract Tower,0,5,6,0,11,0,2,1,0,3,0,7,7,0,14,0,0,0,14
11/27/2018,FDK,MD,AEA,EN,Federal Contract Tower,0,0,7,0,7,0,12,26,0,38,0,12,33,0,45,18,0,18,63
11/28/2018,FDK,MD,AEA,EN,Federal Contract Tower,0,0,0,0,0,0,2,6,0,8,0,2,6,0,8,0,0,0,8
11/29/2018,FDK,MD,AEA,EN,Federal Contract Tower,0,1,7,1,9,0,5,165,0,170,0,6,172,1,179,142,0,142,321
11/30/2018,FDK,MD,AEA,EN,Federal Contract Tower,0,0,6,0,6,0,2,103,2,107,0,2,109,2,113,196,6,202,315
12/01/2018,FDK,MD,AEA,EN,Federal Contract Tower,0,4,2,0,6,0,0,4,0,4,0,4,6,0,10,0,0,0,10
12/02/2018,FDK,MD,AEA,EN,Federal Contract Tower,0,0,5,0,5,0,0,0,0,0,0,0,5,0,5,0,0,0,5
12/03/2018,FDK,MD,AEA,EN,Federal Contract Tower,0,1,16,2,19,0,3,101,6,110,0,4,117,8,129,58,0,58,187
12/04/2018,FDK,MD,AEA,EN,Federal Contract Tower,0,1,3,1,5,0,6,80,2,88,0,7,83,3,93,140,0,140,233
12/05/2018,FDK,MD,AEA,EN,Federal Contract Tower,0,6,10,0,16,0,5,118,3,126,0,11,128,3,142,224,0,224,366
12/06/2018,FDK,MD,AEA,EN,Federal Contract Tower,0,0,12,0,12,0,3,97,2,102,0,3,109,2,114,202,0,202,316
12/07/2018,FDK,MD,AEA,EN,Federal Contract Tower,0,1,11,1,13,0,5,146,0,151,0,6,157,1,164,212,0,212,376
12/08/2018,FDK,MD,AEA,EN,Federal Contract Tower,0,2,10,0,12,0,2,121,1,124,0,4,131,1,136,178,0,178,314
12/09/2018,FDK,MD,AEA,EN,Federal Contract Tower,0,4,13,0,17,0,1,122,2,125,0,5,135,2,142,256,0,256,398
12/10/2018,FDK,MD,AEA,EN,Federal Contract Tower,0,6,5,0,11,0,8,116,4,128,0,14,121,4,139,208,16,224,363
12/11/2018,FDK,MD,AEA,EN,Federal Contract Tower,0,2,8,1,11,0,7,145,1,153,0,9,153,2,164,158,0,158,322
12/12/2018,FDK,MD,AEA,EN,Federal Contract Tower,0,2,14,2,18,0,10,148,3,161,0,12,162,5,179,318,0,318,497
12/13/2018,FDK,MD,AEA,EN,Federal Contract Tower,0,2,17,0,19,0,15,93,0,108,0,17,110,0,127,171,0,171,298
12/14/2018,FDK,MD,AEA,EN,Federal Contract Tower,0,0,11,0,11,0,0,1,0,1,0,0,12,0,12,0,0,0,12
12/15/2018,FDK,MD,AEA,EN,Federal Contract Tower,0,1,10,0,11,0,0,0,0,0,0,1,10,0,11,0,0,0,11
12/16/2018,FDK,MD,AEA,EN,Federal Contract Tower,0,3,10,0,13,0,0,0,0,0,0,3,10,0,13,0,0,0,13
12/17/2018,FDK,MD,AEA,EN,Federal Contract Tower,0,2,23,0,25,0,18,64,0,82,0,20,87,0,107,80,0,80,187
12/18/2018,FDK,MD,AEA,EN,Federal Contract Tower,0,4,13,4,21,0,6,124,0,130,0,10,137,4,151,117,0,117,268
12/19/2018,FDK,MD,AEA,EN,Federal Contract Tower,0,5,13,0,18,0,4,170,2,176,0,9,183,2,194,160,8,168,362
12/20/2018,FDK,MD,AEA,EN,Federal Contract Tower,0,0,8,0,8,0,4,9,0,13,0,4,17,0,21,34,0,34,55
12/21/2018,FDK,MD,AEA,EN,Federal Contract Tower,0,4,10,0,14,0,5,5,0,10,0,9,15,0,24,4,0,4,28
12/22/2018,FDK,MD,AEA,EN,Federal Contract Tower,0,9,7,0,16,0,5,19,0,24,0,14,26,0,40,2,0,2,42
12/23/2018,FDK,MD,AEA,EN,Federal Contract Tower,0,4,4,0,8,0,12,192,2,206,0,16,196,2,214,162,12,174,388
12/24/2018,FDK,MD,AEA,EN,Federal Contract Tower,0,1,0,0,1,0,4,31,0,35,0,5,31,0,36,16,0,16,52
12/25/2018,FDK,MD,AEA,EN,Federal Contract Tower,0,2,3,0,5,0,2,20,0,22,0,4,23,0,27,52,0,52,79
12/27/2018,FDK,MD,AEA,EN,Federal Contract Tower,0,6,13,0,19,0,0,132,2,134,0,6,145,2,153,198,0,198,351
12/28/2018,FDK,MD,AEA,EN,Federal Contract Tower,0,3,6,0,9,0,0,0,0,0,0,3,6,0,9,0,0,0,9
12/29/2018,FDK,MD,AEA,EN,Federal Contract Tower,0,6,12,0,18,0,0,90,0,90,0,6,102,0,108,92,0,92,200
12/30/2018,FDK,MD,AEA,EN,Federal Contract Tower,0,5,11,0,16,0,6,166,2,174,0,11,177,2,190,190,0,190,380
12/31/2018,FDK,MD,AEA,EN,Federal Contract Tower,0,2,1,0,3,0,0,0,0,0,0,2,1,0,3,0,0,0,3
01/01/2019,FDK,MD,AEA,EN,Federal Contract Tower,0,2,7,0,9,0,1,13,0,14,0,3,20,0,23,8,0,8,31
01/02/2019,FDK,MD,AEA,EN,Federal Contract Tower,0,6,11,0,17,0,0,62,0,62,0,6,73,0,79,172,0,172,251
01/03/2019,FDK,MD,AEA,EN,Federal Contract Tower,0,5,3,0,8,0,0,104,5,109,0,5,107,5,117,134,0,134,251
01/04/2019,FDK,MD,AEA,EN,Federal Contract Tower,0,0,12,0,12,0,2,40,0,42,0,2,52,0,54,62,0,62,116
01/05/2019,FDK,MD,AEA,EN,Federal Contract Tower,0,0,6,0,6,0,3,8,0,11,0,3,14,0,17,10,0,10,27
01/06/2019,FDK,MD,AEA,EN,Federal Contract Tower,0,0,2,0,2,0,5,109,4,118,0,5,111,4,120,136,4,140,260
01/07/2019,FDK,MD,AEA,EN,Federal Contract Tower,0,1,5,0,6,0,0,84,0,84,0,1,89,0,90,128,0,128,218
01/08/2019,FDK,MD,AEA,EN,Federal Contract Tower,0,0,2,0,2,0,0,84,2,86,0,0,86,2,88,186,0,186,274
01/09/2019,FDK,MD,AEA,EN,Federal Contract Tower,0,0,3,0,3,0,0,13,2,15,0,0,16,2,18,8,0,8,26
01/10/2019,FDK,MD,AEA,EN,Federal Contract Tower,0,0,4,0,4,0,7,12,0,19,0,7,16,0,23,14,0,14,37
01/11/2019,FDK,MD,AEA,EN,Federal Contract Tower,0,9,11,0,20,0,0,134,0,134,0,9,145,0,154,150,0,150,304
01/12/2019,FDK,MD,AEA,EN,Federal Contract Tower,0,2,7,0,9,0,1,66,0,67,0,3,73,0,76,112,0,112,188
01/13/2019,FDK,MD,AEA,EN,Federal Contract Tower,0,0,3,0,3,0,0,0,0,0,0,0,3,0,3,0,0,0,3
01/14/2019,FDK,MD,AEA,EN,Federal Contract Tower,0,1,2,0,3,0,3,84,0,87,0,4,86,0,90,178,0,178,268
01/15/2019,FDK,MD,AEA,EN,Federal Contract Tower,0,0,6,0,6,0,7,102,2,111,0,7,108,2,117,156,2,158,275
01/16/2019,FDK,MD,AEA,EN,Federal Contract Tower,0,0,8,0,8,0,2,85,0,87,0,2,93,0,95,132,0,132,227
01/17/2019,FDK,MD,AEA,EN,Federal Contract Tower,0,0,1,0,1,0,0,48,4,52,0,0,49,4,53,122,12,134,187
01/18/2019,FDK,MD,AEA,EN,Federal Contract Tower,0,0,8,0,8,0,0,60,0,60,0,0,68,0,68,104,0,104,172
01/19/2019,FDK,MD,AEA,EN,Federal Contract Tower,0,1,3,0,4,0,0,29,0,29,0,1,32,0,33,90,0,90,123
01/20/2019,FDK,MD,AEA,EN,Federal Contract Tower,0,3,3,0,6,0,0,4,0,4,0,3,7,0,10,8,0,8,18
01/21/2019,FDK,MD,AEA,EN,Federal Contract Tower,0,2,5,0,7,0,2,5,0,7,0,4,10,0,14,0,0,0,14
01/22/2019,FDK,MD,AEA,EN,Federal Contract Tower,0,2,9,1,12,0,5,114,1,120,0,7,123,2,132,154,0,154,286
01/23/2019,FDK,MD,AEA,EN,Federal Contract Tower,0,0,6,0,6,0,0,34,0,34,0,0,40,0,40,50,0,50,90
01/24/2019,FDK,MD,AEA,EN,Federal Contract Tower,0,0,9,0,9,0,0,0,0,0,0,0,9,0,9,0,0,0,9
01/25/2019,FDK,MD,AEA,EN,Federal Contract Tower,0,1,9,0,10,0,9,55,2,66,0,10,64,2,76,32,0,32,108
01/26/2019,FDK,MD,AEA,EN,Federal Contract Tower,0,2,5,0,7,0,1,167,5,173,0,3,172,5,180,104,0,104,284
01/27/2019,FDK,MD,AEA,EN,Federal Contract Tower,0,0,3,0,3,0,0,108,3,111,0,0,111,3,114,236,0,236,350
01/28/2019,FDK,MD,AEA,EN,Federal Contract Tower,0,2,14,0,16,0,2,131,2,135,0,4,145,2,151,196,0,196,347
01/30/2019,FDK,MD,AEA,EN,Federal Contract Tower,0,2,3,0,5,0,3,1,0,4,0,5,4,0,9,0,0,0,9
01/31/2019,FDK,MD,AEA,EN,Federal Contract Tower,0,4,9,0,13,0,4,29,2,35,0,8,38,2,48,24,0,24,72
02/01/2019,FDK,MD,AEA,EN,Federal Contract Tower,0,1,5,0,6,0,0,0,0,0,0,1,5,0,6,0,0,0,6
02/02/2019,FDK,MD,AEA,EN,Federal Contract Tower,0,2,5,0,7,0,5,109,0,114,0,7,114,0,121,152,0,152,273
02/03/2019,FDK,MD,AEA,EN,Federal Contract Tower,0,3,20,0,23,0,6,143,0,149,0,9,163,0,172,230,0,230,402
02/04/2019,FDK,MD,AEA,EN,Federal Contract Tower,0,1,15,0,16,0,13,106,0,119,0,14,121,0,135,134,0,134,269
02/05/2019,FDK,MD,AEA,EN,Federal Contract Tower,0,4,2,0,6,0,5,144,2,151,0,9,146,2,157,242,0,242,399
02/06/2019,FDK,MD,AEA,EN,Federal Contract Tower,0,7,6,0,13,0,2,28,0,30,0,9,34,0,43,136,0,136,179
02/07/2019,FDK,MD,AEA,EN,Federal Contract Tower,0,1,32,0,33,0,0,0,0,0,0,1,32,0,33,0,0,0,33
02/08/2019,FDK,MD,AEA,EN,Federal Contract Tower,0,1,8,1,10,0,2,15,2,19,0,3,23,3,29,6,0,6,35
02/09/2019,FDK,MD,AEA,EN,Federal Contract Tower,0,0,7,0,7,0,3,114,0,117,0,3,121,0,124,125,0,125,249
02/10/2019,FDK,MD,AEA,EN,Federal Contract Tower,0,0,12,2,14,0,0,134,1,135,0,0,146,3,149,208,0,208,357
02/11/2019,FDK,MD,AEA,EN,Federal Contract Tower,0,1,5,0,6,0,0,0,0,0,0,1,5,0,6,0,0,0,6
02/12/2019,FDK,MD,AEA,EN,Federal Contract Tower,0,0,6,0,6,0,0,0,0,0,0,0,6,0,6,0,0,0,6
02/13/2019,FDK,MD,AEA,EN,Federal Contract Tower,0,0,3,2,5,0,2,21,0,23,0,2,24,2,28,20,2,22,50
02/14/2019,FDK,MD,AEA,EN,Federal Contract Tower,0,1,13,0,14,0,4,152,2,158,0,5,165,2,172,242,0,242,414
02/15/2019,FDK,MD,AEA,EN,Federal Contract Tower,0,11,1,0,12,0,0,120,0,120,0,11,121,0,132,120,0,120,252
02/16/2019,FDK,MD,AEA,EN,Federal Contract Tower,0,2,5,0,7,0,2,170,1,173,0,4,175,1,180,266,0,266,446
02/18/2019,FDK,MD,AEA,EN,Federal Contract Tower,0,7,3,0,10,0,4,20,0,24,0,11,23,0,34,12,0,12,46
02/19/2019,FDK,MD,AEA,EN,Federal Contract Tower,0,2,9,2,13,0,9,133,4,146,0,11,142,6,159,150,0,150,309
02/20/2019,FDK,MD,AEA,EN,Federal Contract Tower,0,0,0,0,0,0,0,0,0,0,0,0,0,0,0,0,0,0,0
02/21/2019,FDK,MD,AEA,EN,Federal Contract Tower,0,1,5,1,7,0,0,77,3,80,0,1,82,4,87,142,0,142,229
02/22/2019,FDK,MD,AEA,EN,Federal Contract Tower,0,6,16,0,22,0,2,139,0,141,0,8,155,0,163,282,0,282,445
02/23/2019,FDK,MD,AEA,EN,Federal Contract Tower,0,2,2,0,4,0,0,74,0,74,0,2,76,0,78,108,0,108,186
02/24/2019,FDK,MD,AEA,EN,Federal Contract Tower,0,2,8,0,10,0,2,7,0,9,0,4,15,0,19,2,0,2,21
02/25/2019,FDK,MD,AEA,EN,Federal Contract Tower,0,0,4,0,4,0,2,13,0,15,0,2,17,0,19,0,0,0,19
02/26/2019,FDK,MD,AEA,EN,Federal Contract Tower,0,5,12,0,17,0,1,146,3,150,0,6,158,3,167,182,1,183,350
02/27/2019,FDK,MD,AEA,EN,Federal Contract Tower,0,10,0,0,10,0,1,109,2,112,0,11,109,2,122,124,2,126,248
02/28/2019,FDK,MD,AEA,EN,Federal Contract Tower,0,1,11,0,12,0,4,136,1,141,0,5,147,1,153,198,0,198,351
03/01/2019,FDK,MD,AEA,EN,Federal Contract Tower,0,0,13,0,13,0,0,0,0,0,0,0,13,0,13,0,0,0,13
03/02/2019,FDK,MD,AEA,EN,Federal Contract Tower,0,10,2,0,12,0,4,34,0,38,0,14,36,0,50,134,0,134,184
03/05/2019,FDK,MD,AEA,EN,Federal Contract Tower,0,2,15,0,17,0,1,123,1,125,0,3,138,1,142,176,0,176,318
03/06/2019,FDK,MD,AEA,EN,Federal Contract Tower,0,6,16,0,22,0,2,79,0,81,0,8,95,0,103,50,0,50,153
03/07/2019,FDK,MD,AEA,EN,Federal Contract Tower,0,6,17,0,23,0,6,109,4,119,0,12,126,4,142,170,0,170,312
03/08/2019,FDK,MD,AEA,EN,Federal Contract Tower,0,2,1,0,3,0,0,24,0,24,0,2,25,0,27,62,0,62,89
03/09/2019,FDK,MD,AEA,EN,Federal Contract Tower,0,6,14,0,20,0,0,16,0,16,0,6,30,0,36,78,0,78,114
03/10/2019,FDK,MD,AEA,EN,Federal Contract Tower,0,0,12,0,12,0,2,22,0,24,0,2,34,0,36,18,0,18,54
03/11/2019,FDK,MD,AEA,EN,Federal Contract Tower,0,2,5,0,7,0,8,86,2,96,0,10,91,2,103,98,0,98,201
03/12/2019,FDK,MD,AEA,EN,Federal Contract Tower,0,2,11,0,13,0,17,107,2,126,0,19,118,2,139,136,0,136,275
03/13/2019,FDK,MD,AEA,EN,Federal Contract Tower,0,3,8,0,11,0,6,136,2,144,0,9,144,2,155,130,0,130,285
03/14/2019,FDK,MD,AEA,EN,Federal Contract Tower,0,1,6,2,9,0,6,93,2,101,0,7,99,4,110,160,0,160,270
03/15/2019,FDK,MD,AEA,EN,Federal Contract Tower,0,0,5,0,5,0,0,56,1,57,0,0,61,1,62,78,0,78,140
03/16/2019,FDK,MD,AEA,EN,Federal Contract Tower,0,3,7,0,10,0,4,37,0,41,0,7,44,0,51,22,0,22,73
03/17/2019,FDK,MD,AEA,EN,Federal Contract Tower,0,2,8,0,10,0,1,162,1,164,0,3,170,1,174,121,0,121,295
03/18/2019,FDK,MD,AEA,EN,Federal Contract Tower,0,3,6,0,9,0,2,140,0,142,0,5,146,0,151,200,0,200,351
03/19/2019,FDK,MD,AEA,EN,Federal Contract Tower,0,4,3,2,9,0,2,128,0,130,0,6,131,2,139,194,0,194,333
03/20/2019,FDK,MD,AEA,EN,Federal Contract Tower,0,10,2,0,12,0,2,154,2,158,0,12,156,2,170,230,0,230,400
03/21/2019,FDK,MD,AEA,EN,Federal Contract Tower,0,3,13,0,16,0,0,0,0,0,0,3,13,0,16,0,0,0,16
03/22/2019,FDK,MD,AEA,EN,Federal Contract Tower,0,0,1,0,1,0,0,11,3,14,0,0,12,3,15,20,0,20,35
03/23/2019,FDK,MD,AEA,EN,Federal Contract Tower,0,1,6,0,7,0,0,18,0,18,0,1,24,0,25,2,0,2,27
03/24/2019,FDK,MD,AEA,EN,Federal Contract Tower,0,4,11,0,15,0,7,266,2,275,0,11,277,2,290,276,2,278,568
03/25/2019,FDK,MD,AEA,EN,Federal Contract Tower,0,1,12,0,13,0,7,49,0,56,0,8,61,0,69,62,0,62,131
03/26/2019,FDK,MD,AEA,EN,Federal Contract Tower,0,9,15,0,24,0,3,107,1,111,0,12,122,1,135,274,2,276,411
03/27/2019,FDK,MD,AEA,EN,Federal Contract Tower,0,2,13,0,15,0,3,175,0,178,0,5,188,0,193,286,0,286,479
03/28/2019,FDK,MD,AEA,EN,Federal Contract Tower,0,4,5,0,9,0,0,148,0,148,0,4,153,0,157,284,0,284,441
03/29/2019,FDK,MD,AEA,EN,Federal Contract Tower,0,0,15,0,15,0,0,113,0,113,0,0,128,0,128,258,0,258,386
03/30/2019,FDK,MD,AEA,EN,Federal Contract Tower,0,2,16,0,18,0,2,128,0,130,0,4,144,0,148,100,0,100,248
03/31/2019,FDK,MD,AEA,EN,Federal Contract Tower,0,1,12,0,13,0,2,22,0,24,0,3,34,0,37,12,0,12,49
04/01/2019,FDK,MD,AEA,EN,Federal Contract Tower,0,2,12,0,14,0,4,93,0,97,0,6,105,0,111,126,0,126,237
04/02/2019,FDK,MD,AEA,EN,Federal Contract Tower,0,0,4,0,4,0,5,97,0,102,0,5,101,0,106,200,0,200,306
04/03/2019,FDK,MD,AEA,EN,Federal Contract Tower,0,3,12,0,15,0,6,40,0,46,0,9,52,0,61,60,0,60,121
04/04/2019,FDK,MD,AEA,EN,Federal Contract Tower,0,3,15,0,18,0,1,211,2,214,0,4,226,2,232,330,0,330,562
04/05/2019,FDK,MD,AEA,EN,Federal Contract Tower,0,6,15,0,21,0,1,13,0,14,0,7,28,0,35,52,0,52,87
04/06/2019,FDK,MD,AEA,EN,Federal Contract Tower,0,5,11,0,16,0,7,151,1,159,0,12,162,1,175,269,0,269,444
04/07/2019,FDK,MD,AEA,EN,Federal Contract Tower,0,7,12,0,19,0,2,141,0,143,0,9,153,0,162,200,0,200,362
04/08/2019,FDK,MD,AEA,EN,Federal Contract Tower,0,1,6,0,7,0,5,57,0,62,0,6,63,0,69,130,0,130,199
04/09/2019,FDK,MD,AEA,EN,Federal Contract Tower,0,0,6,0,6,0,7,81,0,88,0,7,87,0,94,156,0,156,250
04/10/2019,FDK,MD,AEA,EN,Federal Contract Tower,0,4,10,1,15,0,5,142,0,147,0,9,152,1,162,222,0,222,384
04/11/2019,FDK,MD,AEA,EN,Federal Contract Tower,0,2,12,0,14,0,8,149,6,163,0,10,161,6,177,202,16,218,395
04/12/2019,FDK,MD,AEA,EN,Federal Contract Tower,0,4,14,0,18,0,0,6,0,6,0,4,20,0,24,12,0,12,36
04/13/2019,FDK,MD,AEA,EN,Federal Contract Tower,0,6,18,0,24,0,6,168,0,174,0,12,186,0,198,216,0,216,414
04/14/2019,FDK,MD,AEA,EN,Federal Contract Tower,0,3,3,0,6,0,0,3,2,5,0,3,6,2,11,6,0,6,17
04/15/2019,FDK,MD,AEA,EN,Federal Contract Tower,0,2,6,0,8,0,10,1,0,11,0,12,7,0,19,10,0,10,29
04/16/2019,FDK,MD,AEA,EN,Federal Contract Tower,0,6,7,0,13,0,7,129,0,136,0,13,136,0,149,232,0,232,381
04/17/2019,FDK,MD,AEA,EN,Federal Contract Tower,0,2,15,0,17,0,5,161,2,168,0,7,176,2,185,249,0,249,434
04/18/2019,FDK,MD,AEA,EN,Federal Contract Tower,0,7,22,0,29,0,3,89,1,93,0,10,111,1,122,206,10,216,338
04/20/2019,FDK,MD,AEA,EN,Federal Contract Tower,0,4,7,0,11,0,0,51,0,51,0,4,58,0,62,96,0,96,158
04/21/2019,FDK,MD,AEA,EN,Federal Contract Tower,0,6,5,0,11,0,3,119,0,122,0,9,124,0,133,232,0,232,365
04/22/2019,FDK,MD,AEA,EN,Federal Contract Tower,0,8,11,0,19,0,2,172,0,174,0,10,183,0,193,377,0,377,570
04/23/2019,FDK,MD,AEA,EN,Federal Contract Tower,0,6,12,0,18,0,15,182,0,197,0,21,194,0,215,190,0,190,405
04/24/2019,FDK,MD,AEA,EN,Federal Contract Tower,0,4,21,0,25,0,5,112,2,119,0,9,133,2,144,180,0,180,324
04/26/2019,FDK,MD,AEA,EN,Federal Contract Tower,0,6,15,21,42,0,2,1,0,3,0,8,16,21,45,0,0,0,45
04/27/2019,FDK,MD,AEA,EN,Federal Contract Tower,0,8,13,0,21,0,0,10,0,10,0,8,23,0,31,20,0,20,51
04/28/2019,FDK,MD,AEA,EN,Federal Contract Tower,0,3,28,1,32,0,1,84,1,86,0,4,112,2,118,66,0,66,184
04/29/2019,FDK,MD,AEA,EN,Federal Contract Tower,0,4,10,0,14,0,11,151,0,162,0,15,161,0,176,270,0,270,446
04/30/2019,FDK,MD,AEA,EN,Federal Contract Tower,0,2,8,0,10,0,4,115,0,119,0,6,123,0,129,268,0,268,397
05/01/2019,FDK,MD,AEA,EN,Federal Contract Tower,0,4,29,0,33,0,0,4,0,4,0,4,33,0,37,6,0,6,43
05/02/2019,FDK,MD,AEA,EN,Federal Contract Tower,0,3,10,0,13,0,1,106,0,107,0,4,116,0,120,206,0,206,326
05/03/2019,FDK,MD,AEA,EN,Federal Contract Tower,0,0,14,0,14,0,0,9,0,9,0,0,23,0,23,48,0,48,71
05/07/2019,FDK,MD,AEA,EN,Federal Contract Tower,0,2,13,0,15,0,8,197,0,205,0,10,210,0,220,183,2,185,405
05/08/2019,FDK,MD,AEA,EN,Federal Contract Tower,0,3,38,0,41,0,1,125,0,126,0,4,163,0,167,182,0,182,349
05/09/2019,FDK,MD,AEA,EN,Federal Contract Tower,0,8,71,0,79,0,0,44,0,44,0,8,115,0,123,0,0,0,123
05/10/2019,FDK,MD,AEA,EN,Federal Contract Tower,0,0,61,0,61,0,6,54,4,64,0,6,115,4,125,0,0,0,125
05/11/2019,FDK,MD,AEA,EN,Federal Contract Tower,0,3,93,0,96,0,4,443,0,447,0,7,536,0,543,2,0,2,545
05/12/2019,FDK,MD,AEA,EN,Federal Contract Tower,0,12,11,0,23,0,0,0,0,0,0,12,11,0,23,0,0,0,23
05/13/2019,FDK,MD,AEA,EN,Federal Contract Tower,0,6,23,1,30,0,4,4,0,8,0,10,27,1,38,10,0,10,48
05/14/2019,FDK,MD,AEA,EN,Federal Contract Tower,0,0,9,2,11,0,4,105,0,109,0,4,114,2,120,160,0,160,280
05/15/2019,FDK,MD,AEA,EN,Federal Contract Tower,0,3,14,0,17,0,4,269,1,274,0,7,283,1,291,398,0,398,689
05/16/2019,FDK,MD,AEA,EN,Federal Contract Tower,0,10,9,0,19,0,7,182,0,189,0,17,191,0,208,266,2,268,476
05/17/2019,FDK,MD,AEA,EN,Federal Contract Tower,0,2,7,0,9,0,4,123,2,129,0,6,130,2,138,230,6,236,374
05/18/2019,FDK,MD,AEA,EN,Federal Contract Tower,0,1,12,0,13,0,12,173,0,185,0,13,185,0,198,240,0,240,438
05/19/2019,FDK,MD,AEA,EN,Federal Contract Tower,0,1,15,0,16,0,7,87,0,94,0,8,102,0,110,0,115,115,225
05/20/2019,FDK,MD,AEA,EN,Federal Contract Tower,0,5,15,0,20,0,0,83,0,83,0,5,98,0,103,139,0,139,242
05/21/2019,FDK,MD,AEA,EN,Federal Contract Tower,0,3,7,0,10,0,15,126,2,143,0,18,133,2,153,146,0,146,299
05/22/2019,FDK,MD,AEA,EN,Federal Contract Tower,0,3,14,0,17,0,2,186,1,189,0,5,200,1,206,244,0,244,450
05/23/2019,FDK,MD,AEA,EN,Federal Contract Tower,0,3,9,0,12,0,2,93,0,95,0,5,102,0,107,194,0,194,301
05/24/2019,FDK,MD,AEA,EN,Federal Contract Tower,0,5,32,0,37,0,4,98,0,102,0,9,130,0,139,73,0,73,212
05/25/2019,FDK,MD,AEA,EN,Federal Contract Tower,0,5,7,0,12,0,4,151,1,156,0,9,158,1,168,166,0,166,334
05/26/2019,FDK,MD,AEA,EN,Federal Contract Tower,0,3,4,0,7,0,3,80,0,83,0,6,84,0,90,118,0,118,208
05/27/2019,FDK,MD,AEA,EN,Federal Contract Tower,0,7,19,0,26,0,0,195,0,195,0,7,214,0,221,294,0,294,515
05/28/2019,FDK,MD,AEA,EN,Federal Contract Tower,0,1,9,0,10,0,0,68,0,68,0,1,77,0,78,158,0,158,236
05/29/2019,FDK,MD,AEA,EN,Federal Contract Tower,0,0,17,0,17,0,12,117,0,129,0,12,134,0,146,200,0,200,346
05/30/2019,FDK,MD,AEA,EN,Federal Contract Tower,0,4,10,0,14,0,3,75,0,78,0,7,85,0,92,66,2,68,160
05/31/2019,FDK,MD,AEA,EN,Federal Contract Tower,0,0,18,2,20,0,3,157,0,160,0,3,175,2,180,244,0,244,424
06/01/2019,FDK,MD,AEA,EN,Federal Contract Tower,0,1,20,0,21,0,7,184,0,191,0,8,204,0,212,236,0,236,448
06/02/2019,FDK,MD,AEA,EN,Federal Contract Tower,0,3,12,0,15,0,1,54,0,55,0,4,66,0,70,128,0,128,198
06/03/2019,FDK,MD,AEA,EN,Federal Contract Tower,0,3,16,0,19,0,8,98,0,106,0,11,114,0,125,89,0,89,214
06/04/2019,FDK,MD,AEA,EN,Federal Contract Tower,0,4,3,0,7,0,7,234,3,244,0,11,237,3,251,256,0,256,507
06/05/2019,FDK,MD,AEA,EN,Federal Contract Tower,0,0,13,0,13,0,8,75,0,83,0,8,88,0,96,134,0,134,230
06/06/2019,FDK,MD,AEA,EN,Federal Contract Tower,0,1,8,1,10,0,7,142,0,149,0,8,150,1,159,178,0,178,337
06/07/2019,FDK,MD,AEA,EN,Federal Contract Tower,0,2,16,0,18,0,4,165,0,169,0,6,181,0,187,206,0,206,393
06/08/2019,FDK,MD,AEA,EN,Federal Contract Tower,0,4,9,0,13,0,5,147,0,152,0,9,156,0,165,126,0,126,291
06/09/2019,FDK,MD,AEA,EN,Federal Contract Tower,0,1,11,0,12,0,5,20,0,25,0,6,31,0,37,48,0,48,85
06/10/2019,FDK,MD,AEA,EN,Federal Contract Tower,0,0,13,0,13,0,0,0,0,0,0,0,13,0,13,0,0,0,13
06/11/2019,FDK,MD,AEA,EN,Federal Contract Tower,0,5,9,0,14,0,1,73,0,74,0,6,82,0,88,54,0,54,142
06/12/2019,FDK,MD,AEA,EN,Federal Contract Tower,0,1,16,4,21,0,2,209,2,213,0,3,225,6,234,220,0,220,454
06/13/2019,FDK,MD,AEA,EN,Federal Contract Tower,0,0,24,0,24,0,1,13,0,14,0,1,37,0,38,18,0,18,56
06/14/2019,FDK,MD,AEA,EN,Federal Contract Tower,0,2,24,1,27,0,3,67,2,72,0,5,91,3,99,96,0,96,195
06/15/2019,FDK,MD,AEA,EN,Federal Contract Tower,0,1,22,0,23,0,2,158,2,162,0,3,180,2,185,178,0,178,363
06/16/2019,FDK,MD,AEA,EN,Federal Contract Tower,0,3,13,0,16,0,7,80,0,87,0,10,93,0,103,226,0,226,329
06/17/2019,FDK,MD,AEA,EN,Federal Contract Tower,0,0,18,0,18,0,5,93,0,98,0,5,111,0,116,194,0,194,310
06/18/2019,FDK,MD,AEA,EN,Federal Contract Tower,0,4,4,0,8,0,21,85,0,106,0,25,89,0,114,126,4,130,244
06/19/2019,FDK,MD,AEA,EN,Federal Contract Tower,0,0,15,0,15,0,0,74,0,74,0,0,89,0,89,136,0,136,225
06/20/2019,FDK,MD,AEA,EN,Federal Contract Tower,0,4,21,1,26,0,6,40,1,47,0,10,61,2,73,76,0,76,149
06/21/2019,FDK,MD,AEA,EN,Federal Contract Tower,0,4,6,0,10,0,10,31,0,41,0,14,37,0,51,50,0,50,101
06/22/2019,FDK,MD,AEA,EN,Federal Contract Tower,0,3,18,0,21,0,3,130,3,136,0,6,148,3,157,180,4,184,341
06/23/2019,FDK,MD,AEA,EN,Federal Contract Tower,0,2,15,0,17,0,4,187,1,192,0,6,202,1,209,210,0,210,419
06/24/2019,FDK,MD,AEA,EN,Federal Contract Tower,0,3,16,0,19,0,10,77,0,87,0,13,93,0,106,228,0,228,334
06/25/2019,FDK,MD,AEA,EN,Federal Contract Tower,0,6,9,0,15,0,10,111,12,133,0,16,120,12,148,148,0,148,296
06/26/2019,FDK,MD,AEA,EN,Federal Contract Tower,0,0,13,0,13,0,0,156,0,156,0,0,169,0,169,196,0,196,365
06/27/2019,FDK,MD,AEA,EN,Federal Contract Tower,0,2,16,0,18,0,0,154,15,169,0,2,170,15,187,200,10,210,397
06/28/2019,FDK,MD,AEA,EN,Federal Contract Tower,0,1,13,0,14,0,3,160,4,167,0,4,173,4,181,218,6,224,405
06/29/2019,FDK,MD,AEA,EN,Federal Contract Tower,0,4,8,0,12,0,6,157,3,166,0,10,165,3,178,124,0,124,302
06/30/2019,FDK,MD,AEA,EN,Federal Contract Tower,0,2,14,0,16,0,10,108,0,118,0,12,122,0,134,102,0,102,236
07/01/2019,FDK,MD,AEA,EN,Federal Contract Tower,0,3,11,0,14,0,0,141,1,142,0,3,152,1,156,222,0,222,378
07/02/2019,FDK,MD,AEA,EN,Federal Contract Tower,0,0,5,0,5,0,2,87,0,89,0,2,92,0,94,238,0,238,332
07/03/2019,FDK,MD,AEA,EN,Federal Contract Tower,0,0,11,1,12,0,0,107,1,108,0,0,118,2,120,220,0,220,340
07/04/2019,FDK,MD,AEA,EN,Federal Contract Tower,0,3,7,0,10,0,2,74,0,76,0,5,81,0,86,114,0,114,200
07/05/2019,FDK,MD,AEA,EN,Federal Contract Tower,0,0,15,0,15,0,0,26,0,26,0,0,41,0,41,82,0,82,123
07/06/2019,FDK,MD,AEA,EN,Federal Contract Tower,0,0,8,0,8,0,2,103,0,105,0,2,111,0,113,234,0,234,347
07/07/2019,FDK,MD,AEA,EN,Federal Contract Tower,0,2,14,0,16,0,2,52,2,56,0,4,66,2,72,246,0,246,318
07/08/2019,FDK,MD,AEA,EN,Federal Contract Tower,0,3,16,0,19,0,3,17,0,20,0,6,33,0,39,124,0,124,163
07/09/2019,FDK,MD,AEA,EN,Federal Contract Tower,0,0,15,0,15,0,4,195,3,202,0,4,210,3,217,362,6,368,585
07/10/2019,FDK,MD,AEA,EN,Federal Contract Tower,0,2,20,0,22,0,8,164,0,172,0,10,184,0,194,206,0,206,400
07/11/2019,FDK,MD,AEA,EN,Federal Contract Tower,0,4,15,0,19,0,0,34,0,34,0,4,49,0,53,102,0,102,155
07/12/2019,FDK,MD,AEA,EN,Federal Contract Tower,0,1,16,0,17,0,4,161,1,166,0,5,177,1,183,194,0,194,377
07/13/2019,FDK,MD,AEA,EN,Federal Contract Tower,0,2,13,0,15,0,6,159,1,166,0,8,172,1,181,184,2,186,367
07/14/2019,FDK,MD,AEA,EN,Federal Contract Tower,0,4,21,0,25,0,9,129,0,138,0,13,150,0,163,192,0,192,355
07/15/2019,FDK,MD,AEA,EN,Federal Contract Tower,0,0,16,0,16,0,5,127,0,132,0,5,143,0,148,264,0,264,412
07/16/2019,FDK,MD,AEA,EN,Federal Contract Tower,0,2,5,3,10,0,4,130,2,136,0,6,135,5,146,220,2,222,368
07/17/2019,FDK,MD,AEA,EN,Federal Contract Tower,0,4,15,1,20,0,0,70,0,70,0,4,85,1,90,140,0,140,230
07/18/2019,FDK,MD,AEA,EN,Federal Contract Tower,0,5,28,2,35,0,2,126,3,131,0,7,154,5,166,312,0,312,478
07/19/2019,FDK,MD,AEA,EN,Federal Contract Tower,0,1,16,0,17,0,2,177,0,179,0,3,193,0,196,263,0,263,459
07/20/2019,FDK,MD,AEA,EN,Federal Contract Tower,0,2,8,0,10,0,4,97,0,101,0,6,105,0,111,134,0,134,245
07/21/2019,FDK,MD,AEA,EN,Federal Contract Tower,0,3,12,0,15,0,2,71,0,73,0,5,83,0,88,82,0,82,170
07/22/2019,FDK,MD,AEA,EN,Federal Contract Tower,0,4,7,0,11,0,6,51,4,61,0,10,58,4,72,80,0,80,152
07/23/2019,FDK,MD,AEA,EN,Federal Contract Tower,0,4,15,0,19,0,2,44,4,50,0,6,59,4,69,206,6,212,281
07/24/2019,FDK,MD,AEA,EN,Federal Contract Tower,0,3,9,0,12,0,5,91,0,96,0,8,100,0,108,168,0,168,276
07/25/2019,FDK,MD,AEA,EN,Federal Contract Tower,0,5,15,0,20,0,5,169,0,174,0,10,184,0,194,276,0,276,470
07/26/2019,FDK,MD,AEA,EN,Federal Contract Tower,0,2,7,0,9,0,5,140,0,145,0,7,147,0,154,224,0,224,378
07/27/2019,FDK,MD,AEA,EN,Federal Contract Tower,0,4,9,0,13,0,2,95,0,97,0,6,104,0,110,126,0,126,236
07/28/2019,FDK,MD,AEA,EN,Federal Contract Tower,0,4,14,0,18,0,4,155,0,159,0,8,169,0,177,246,0,246,423
07/29/2019,FDK,MD,AEA,EN,Federal Contract Tower,0,1,12,0,13,0,1,125,0,126,0,2,137,0,139,193,0,193,332
07/30/2019,FDK,MD,AEA,EN,Federal Contract Tower,0,4,13,0,17,0,7,137,0,144,0,11,150,0,161,206,0,206,367
07/31/2019,FDK,MD,AEA,EN,Federal Contract Tower,0,3,13,0,16,0,5,97,2,104,0,8,110,2,120,230,0,230,350
08/01/2019,FDK,MD,AEA,EN,Federal Contract Tower,0,5,17,1,23,0,5,159,0,164,0,10,176,1,187,154,0,154,341
08/02/2019,FDK,MD,AEA,EN,Federal Contract Tower,0,3,11,0,14,0,4,70,0,74,0,7,81,0,88,148,0,148,236
08/03/2019,FDK,MD,AEA,EN,Federal Contract Tower,0,2,20,1,23,0,2,69,0,71,0,4,89,1,94,94,0,94,188
08/04/2019,FDK,MD,AEA,EN,Federal Contract Tower,0,0,18,0,18,0,6,129,0,135,0,6,147,0,153,196,0,196,349
08/05/2019,FDK,MD,AEA,EN,Federal Contract Tower,0,2,20,0,22,0,2,135,2,139,0,4,155,2,161,202,0,202,363
08/06/2019,FDK,MD,AEA,EN,Federal Contract Tower,0,0,8,1,9,0,5,133,1,139,0,5,141,2,148,216,0,216,364
08/07/2019,FDK,MD,AEA,EN,Federal Contract Tower,0,2,10,0,12,0,3,66,0,69,0,5,76,0,81,228,0,228,309
08/08/2019,FDK,MD,AEA,EN,Federal Contract Tower,0,3,10,0,13,0,0,166,1,167,0,3,176,1,180,212,0,212,392
08/09/2019,FDK,MD,AEA,EN,Federal Contract Tower,0,2,14,0,16,0,5,155,1,161,0,7,169,1,177,314,6,320,497
08/10/2019,FDK,MD,AEA,EN,Federal Contract Tower,0,4,11,0,15,0,5,122,0,127,0,9,133,0,142,210,0,210,352
08/11/2019,FDK,MD,AEA,EN,Federal Contract Tower,0,2,14,0,16,0,0,175,2,177,0,2,189,2,193,243,0,243,436
08/12/2019,FDK,MD,AEA,EN,Federal Contract Tower,0,3,8,0,11,0,3,139,0,142,0,6,147,0,153,214,0,214,367
08/13/2019,FDK,MD,AEA,EN,Federal Contract Tower,0,5,22,0,27,0,2,46,2,50,0,7,68,2,77,108,0,108,185
08/14/2019,FDK,MD,AEA,EN,Federal Contract Tower,0,0,14,2,16,0,2,60,0,62,0,2,74,2,78,150,0,150,228
08/15/2019,FDK,MD,AEA,EN,Federal Contract Tower,0,2,13,0,15,0,0,28,4,32,0,2,41,4,47,40,0,40,87
08/16/2019,FDK,MD,AEA,EN,Federal Contract Tower,0,2,23,0,25,0,9,51,0,60,0,11,74,0,85,206,0,206,291
08/17/2019,FDK,MD,AEA,EN,Federal Contract Tower,0,2,17,0,19,0,8,73,0,81,0,10,90,0,100,160,0,160,260
08/18/2019,FDK,MD,AEA,EN,Federal Contract Tower,0,2,8,0,10,0,5,105,0,110,0,7,113,0,120,195,0,195,315
08/19/2019,FDK,MD,AEA,EN,Federal Contract Tower,0,0,6,0,6,0,6,133,0,139,0,6,139,0,145,158,0,158,303
08/20/2019,FDK,MD,AEA,EN,Federal Contract Tower,0,0,6,0,6,0,3,89,5,97,0,3,95,5,103,174,8,182,285
08/21/2019,FDK,MD,AEA,EN,Federal Contract Tower,0,0,8,0,8,0,0,84,2,86,0,0,92,2,94,128,0,128,222
08/22/2019,FDK,MD,AEA,EN,Federal Contract Tower,0,4,11,0,15,0,5,103,8,116,0,9,114,8,131,190,6,196,327
08/23/2019,FDK,MD,AEA,EN,Federal Contract Tower,0,6,15,0,21,0,2,11,0,13,0,8,26,0,34,55,0,55,89
08/24/2019,FDK,MD,AEA,EN,Federal Contract Tower,0,0,13,0,13,0,1,160,1,162,0,1,173,1,175,118,0,118,293
08/25/2019,FDK,MD,AEA,EN,Federal Contract Tower,0,0,3,0,3,0,2,165,1,168,0,2,168,1,171,124,0,124,295
08/26/2019,FDK,MD,AEA,EN,Federal Contract Tower,0,2,7,0,9,0,5,109,0,114,0,7,116,0,123,192,0,192,315
08/27/2019,FDK,MD,AEA,EN,Federal Contract Tower,0,1,30,0,31,0,2,43,2,47,0,3,73,2,78,142,4,146,224
08/28/2019,FDK,MD,AEA,EN,Federal Contract Tower,0,2,21,3,26,0,3,35,0,38,0,5,56,3,64,76,0,76,140
08/29/2019,FDK,MD,AEA,EN,Federal Contract Tower,0,4,8,0,12,0,2,167,1,170,0,6,175,1,182,198,0,198,380
08/30/2019,FDK,MD,AEA,EN,Federal Contract Tower,0,4,9,0,13,0,1,160,0,161,0,5,169,0,174,294,6,300,474
08/31/2019,FDK,MD,AEA,EN,Federal Contract Tower,0,2,13,0,15,0,2,137,0,139,0,4,150,0,154,174,0,174,328
09/01/2019,FDK,MD,AEA,EN,Federal Contract Tower,0,2,8,0,10,0,4,71,0,75,0,6,79,0,85,160,0,160,245
09/02/2019,FDK,MD,AEA,EN,Federal Contract Tower,0,8,16,0,24,0,2,45,0,47,0,10,61,0,71,88,0,88,159
09/03/2019,FDK,MD,AEA,EN,Federal Contract Tower,0,0,8,0,8,0,11,147,0,158,0,11,155,0,166,293,0,293,459
09/04/2019,FDK,MD,AEA,EN,Federal Contract Tower,0,1,11,0,12,0,3,96,0,99,0,4,107,0,111,121,4,125,236
09/05/2019,FDK,MD,AEA,EN,Federal Contract Tower,0,2,10,3,15,0,2,88,0,90,0,4,98,3,105,62,2,64,169
09/06/2019,FDK,MD,AEA,EN,Federal Contract Tower,0,3,6,0,9,0,4,60,0,64,0,7,66,0,73,121,0,121,194
09/07/2019,FDK,MD,AEA,EN,Federal Contract Tower,0,3,13,0,16,0,2,120,1,123,0,5,133,1,139,195,9,204,343
09/08/2019,FDK,MD,AEA,EN,Federal Contract Tower,0,7,13,0,20,0,2,164,0,166,0,9,177,0,186,258,0,258,444
09/09/2019,FDK,MD,AEA,EN,Federal Contract Tower,0,1,18,0,19,0,5,128,2,135,0,6,146,2,154,218,0,218,372
09/10/2019,FDK,MD,AEA,EN,Federal Contract Tower,0,5,13,0,18,0,13,155,2,170,0,18,168,2,188,278,0,278,466
09/11/2019,FDK,MD,AEA,EN,Federal Contract Tower,0,4,19,2,25,0,7,80,0,87,0,11,99,2,112,187,0,187,299
09/12/2019,FDK,MD,AEA,EN,Federal Contract Tower,0,4,19,0,23,0,9,109,0,118,0,13,128,0,141,116,7,123,264
09/13/2019,FDK,MD,AEA,EN,Federal Contract Tower,0,2,30,0,32,0,6,10,0,16,0,8,40,0,48,105,0,105,153
09/14/2019,FDK,MD,AEA,EN,Federal Contract Tower,0,2,13,0,15,0,5,29,0,34,0,7,42,0,49,161,0,161,210
09/15/2019,FDK,MD,AEA,EN,Federal Contract Tower,0,7,19,0,26,0,4,159,0,163,0,11,178,0,189,193,0,193,382
09/16/2019,FDK,MD,AEA,EN,Federal Contract Tower,0,0,17,3,20,0,2,173,2,177,0,2,190,5,197,236,0,236,433
09/17/2019,FDK,MD,AEA,EN,Federal Contract Tower,0,0,8,1,9,0,3,132,3,138,0,3,140,4,147,259,0,259,406
09/18/2019,FDK,MD,AEA,EN,Federal Contract Tower,0,1,13,3,17,0,4,152,2,158,0,5,165,5,175,186,0,186,361
09/19/2019,FDK,MD,AEA,EN,Federal Contract Tower,0,1,6,0,7,0,4,122,2,128,0,5,128,2,135,176,0,176,311
09/20/2019,FDK,MD,AEA,EN,Federal Contract Tower,0,5,14,0,19,0,11,157,1,169,0,16,171,1,188,190,0,190,378
09/21/2019,FDK,MD,AEA,EN,Federal Contract Tower,0,1,7,0,8,0,9,156,2,167,0,10,163,2,175,162,0,162,337
09/22/2019,FDK,MD,AEA,EN,Federal Contract Tower,0,3,25,0,28,0,0,0,0,0,0,3,25,0,28,104,0,104,132
09/23/2019,FDK,MD,AEA,EN,Federal Contract Tower,0,0,6,0,6,0,3,86,0,89,0,3,92,0,95,116,0,116,211
09/24/2019,FDK,MD,AEA,EN,Federal Contract Tower,0,2,9,0,11,0,5,75,1,81,0,7,84,1,92,82,0,82,174
09/25/2019,FDK,MD,AEA,EN,Federal Contract Tower,0,3,6,0,9,0,6,161,0,167,0,9,167,0,176,266,0,266,442
09/26/2019,FDK,MD,AEA,EN,Federal Contract Tower,0,5,10,0,15,0,8,95,0,103,0,13,105,0,118,168,0,168,286
09/27/2019,FDK,MD,AEA,EN,Federal Contract Tower,0,2,17,0,19,0,8,148,0,156,0,10,165,0,175,181,0,181,356
09/28/2019,FDK,MD,AEA,EN,Federal Contract Tower,0,0,7,0,7,0,5,51,0,56,0,5,58,0,63,126,0,126,189
09/29/2019,FDK,MD,AEA,EN,Federal Contract Tower,0,1,8,0,9,0,4,114,0,118,0,5,122,0,127,156,0,156,283
09/30/2019,FDK,MD,AEA,EN,Federal Contract Tower,0,1,16,0,17,0,2,5,0,7,0,3,21,0,24,24,0,24,48
10/01/2019,FDK,MD,AEA,EN,Federal Contract Tower,0,5,21,0,26,0,6,72,0,78,0,11,93,0,104,164,0,164,268
10/02/2019,FDK,MD,AEA,EN,Federal Contract Tower,0,0,23,0,23,0,8,81,1,90,0,8,104,1,113,125,0,125,238
10/03/2019,FDK,MD,AEA,EN,Federal Contract Tower,0,3,32,0,35,0,0,28,0,28,0,3,60,0,63,55,0,55,118
10/04/2019,FDK,MD,AEA,EN,Federal Contract Tower,0,3,13,0,16,0,6,60,0,66,0,9,73,0,82,39,0,39,121
10/05/2019,FDK,MD,AEA,EN,Federal Contract Tower,0,3,14,0,17,0,6,112,0,118,0,9,126,0,135,173,0,173,308
10/06/2019,FDK,MD,AEA,EN,Federal Contract Tower,0,1,13,0,14,0,2,14,0,16,0,3,27,0,30,90,0,90,120
10/07/2019,FDK,MD,AEA,EN,Federal Contract Tower,0,0,13,1,14,0,17,26,0,43,0,17,39,1,57,154,0,154,211
10/08/2019,FDK,MD,AEA,EN,Federal Contract Tower,0,2,9,0,11,0,4,66,0,70,0,6,75,0,81,153,0,153,234
10/09/2019,FDK,MD,AEA,EN,Federal Contract Tower,0,5,9,0,14,0,0,136,0,136,0,5,145,0,150,175,0,175,325
10/10/2019,FDK,MD,AEA,EN,Federal Contract Tower,0,5,19,2,26,0,6,172,3,181,0,11,191,5,207,249,6,255,462
10/11/2019,FDK,MD,AEA,EN,Federal Contract Tower,0,5,21,0,26,0,2,192,2,196,0,7,213,2,222,154,0,154,376
10/12/2019,FDK,MD,AEA,EN,Federal Contract Tower,0,2,9,0,11,0,4,102,1,107,0,6,111,1,118,187,0,187,305
10/13/2019,FDK,MD,AEA,EN,Federal Contract Tower,0,3,13,0,16,0,3,123,0,126,0,6,136,0,142,182,0,182,324
10/14/2019,FDK,MD,AEA,EN,Federal Contract Tower,0,2,10,0,12,0,4,98,0,102,0,6,108,0,114,138,0,138,252
10/15/2019,FDK,MD,AEA,EN,Federal Contract Tower,0,0,14,4,18,0,4,147,0,151,0,4,161,4,169,178,0,178,347
10/16/2019,FDK,MD,AEA,EN,Federal Contract Tower,0,1,6,0,7,0,0,2,0,2,0,1,8,0,9,0,0,0,9
10/17/2019,FDK,MD,AEA,EN,Federal Contract Tower,0,1,16,0,17,0,4,7,0,11,0,5,23,0,28,7,0,7,35
10/18/2019,FDK,MD,AEA,EN,Federal Contract Tower,0,2,15,0,17,0,0,93,2,95,0,2,108,2,112,142,0,142,254
10/19/2019,FDK,MD,AEA,EN,Federal Contract Tower,0,0,3,0,3,0,0,143,0,143,0,0,146,0,146,177,0,177,323
10/20/2019,FDK,MD,AEA,EN,Federal Contract Tower,0,5,23,0,28,0,0,0,0,0,0,5,23,0,28,0,0,0,28
10/21/2019,FDK,MD,AEA,EN,Federal Contract Tower,0,4,15,0,19,0,6,109,0,115,0,10,124,0,134,206,0,206,340
10/22/2019,FDK,MD,AEA,EN,Federal Contract Tower,0,1,3,0,4,0,0,0,0,0,0,1,3,0,4,0,0,0,4
10/23/2019,FDK,MD,AEA,EN,Federal Contract Tower,0,2,11,0,13,0,3,118,0,121,0,5,129,0,134,151,2,153,287
10/24/2019,FDK,MD,AEA,EN,Federal Contract Tower,0,5,8,0,13,0,4,153,2,159,0,9,161,2,172,171,0,171,343
10/25/2019,FDK,MD,AEA,EN,Federal Contract Tower,0,7,9,0,16,2,122,0,0,124,2,129,9,0,140,261,0,261,401
10/26/2019,FDK,MD,AEA,EN,Federal Contract Tower,0,0,13,0,13,0,9,73,0,82,0,9,86,0,95,164,0,164,259
10/27/2019,FDK,MD,AEA,EN,Federal Contract Tower,0,4,3,0,7,0,4,11,0,15,0,8,14,0,22,14,0,14,36
10/28/2019,FDK,MD,AEA,EN,Federal Contract Tower,0,2,16,0,18,0,2,157,1,160,0,4,173,1,178,204,0,204,382
10/29/2019,FDK,MD,AEA,EN,Federal Contract Tower,0,6,21,0,27,0,7,81,2,90,0,13,102,2,117,234,0,234,351
10/30/2019,FDK,MD,AEA,EN,Federal Contract Tower,0,2,20,2,24,0,1,29,4,34,0,3,49,6,58,216,0,216,274
10/31/2019,FDK,MD,AEA,EN,Federal Contract Tower,0,2,14,0,16,0,0,1,0,1,0,2,15,0,17,0,0,0,17
11/01/2019,FDK,MD,AEA,EN,Federal Contract Tower,0,2,7,0,9,0,3,48,2,53,0,5,55,2,62,64,0,64,126
11/02/2019,FDK,MD,AEA,EN,Federal Contract Tower,0,0,6,0,6,0,3,148,0,151,0,3,154,0,157,176,0,176,333
11/03/2019,FDK,MD,AEA,EN,Federal Contract Tower,0,1,10,0,11,0,8,103,0,111,0,9,113,0,122,130,0,130,252
11/04/2019,FDK,MD,AEA,EN,Federal Contract Tower,0,4,3,0,7,0,2,83,0,85,0,6,86,0,92,128,0,128,220
11/05/2019,FDK,MD,AEA,EN,Federal Contract Tower,0,2,7,0,9,0,2,146,2,150,0,4,153,2,159,196,6,202,361
11/06/2019,FDK,MD,AEA,EN,Federal Contract Tower,0,1,15,0,16,0,8,154,1,163,0,9,169,1,179,209,0,209,388
11/07/2019,FDK,MD,AEA,EN,Federal Contract Tower,0,2,8,0,10,0,3,47,0,50,0,5,55,0,60,120,0,120,180
11/08/2019,FDK,MD,AEA,EN,Federal Contract Tower,0,1,7,0,8,0,7,42,0,49,0,8,49,0,57,104,0,104,161
11/09/2019,FDK,MD,AEA,EN,Federal Contract Tower,0,0,4,0,4,0,5,139,2,146,0,5,143,2,150,144,0,144,294
11/10/2019,FDK,MD,AEA,EN,Federal Contract Tower,0,2,15,0,17,0,1,133,0,134,0,3,148,0,151,254,0,254,405
11/11/2019,FDK,MD,AEA,EN,Federal Contract Tower,0,2,14,0,16,0,18,121,0,139,0,20,135,0,155,240,0,240,395
11/12/2019,FDK,MD,AEA,EN,Federal Contract Tower,0,2,4,0,6,0,2,5,0,7,0,4,9,0,13,18,0,18,31
11/13/2019,FDK,MD,AEA,EN,Federal Contract Tower,0,2,15,0,17,0,3,120,0,123,0,5,135,0,140,217,0,217,357
11/14/2019,FDK,MD,AEA,EN,Federal Contract Tower,0,4,9,0,13,0,3,149,0,152,0,7,158,0,165,305,0,305,470
11/15/2019,FDK,MD,AEA,EN,Federal Contract Tower,0,3,16,0,19,0,4,126,0,130,0,7,142,0,149,248,0,248,397
11/16/2019,FDK,MD,AEA,EN,Federal Contract Tower,0,1,4,0,5,0,0,60,0,60,0,1,64,0,65,122,0,122,187
11/17/2019,FDK,MD,AEA,EN,Federal Contract Tower,0,2,12,0,14,0,0,45,0,45,0,2,57,0,59,188,0,188,247
11/18/2019,FDK,MD,AEA,EN,Federal Contract Tower,0,2,3,0,5,0,0,3,0,3,0,2,6,0,8,58,0,58,66
11/19/2019,FDK,MD,AEA,EN,Federal Contract Tower,0,7,8,0,15,0,8,130,0,138,0,15,138,0,153,312,0,312,465
11/20/2019,FDK,MD,AEA,EN,Federal Contract Tower,0,1,6,0,7,0,6,90,3,99,0,7,96,3,106,102,0,102,208
11/21/2019,FDK,MD,AEA,EN,Federal Contract Tower,0,1,5,0,6,0,2,159,5,166,0,3,164,5,172,340,0,340,512
11/22/2019,FDK,MD,AEA,EN,Federal Contract Tower,0,5,8,0,13,0,0,52,2,54,0,5,60,2,67,196,6,202,269
11/23/2019,FDK,MD,AEA,EN,Federal Contract Tower,0,0,16,0,16,0,4,113,4,121,0,4,129,4,137,242,0,242,379
11/24/2019,FDK,MD,AEA,EN,Federal Contract Tower,0,3,5,0,8,0,2,5,0,7,0,5,10,0,15,34,0,34,49
11/25/2019,FDK,MD,AEA,EN,Federal Contract Tower,0,1,7,0,8,0,2,132,0,134,0,3,139,0,142,230,4,234,376
11/26/2019,FDK,MD,AEA,EN,Federal Contract Tower,0,2,16,0,18,0,4,148,1,153,0,6,164,1,171,191,0,191,362
11/27/2019,FDK,MD,AEA,EN,Federal Contract Tower,0,6,13,1,20,0,1,24,2,27,0,7,37,3,47,70,0,70,117
11/28/2019,FDK,MD,AEA,EN,Federal Contract Tower,0,0,1,0,1,0,0,2,0,2,0,0,3,0,3,8,0,8,11
11/29/2019,FDK,MD,AEA,EN,Federal Contract Tower,0,0,4,0,4,0,3,113,0,116,0,3,117,0,120,233,0,233,353
11/30/2019,FDK,MD,AEA,EN,Federal Contract Tower,0,3,19,0,22,0,0,101,0,101,0,3,120,0,123,192,0,192,315
12/01/2019,FDK,MD,AEA,EN,Federal Contract Tower,0,4,3,0,7,0,0,0,0,0,0,4,3,0,7,0,0,0,7
12/02/2019,FDK,MD,AEA,EN,Federal Contract Tower,0,3,9,0,12,0,0,5,1,6,0,3,14,1,18,30,4,34,52
12/03/2019,FDK,MD,AEA,EN,Federal Contract Tower,0,3,7,0,10,0,4,69,2,75,0,7,76,2,85,78,0,78,163
12/04/2019,FDK,MD,AEA,EN,Federal Contract Tower,0,4,10,0,14,0,1,106,0,107,0,5,116,0,121,270,0,270,391
12/05/2019,FDK,MD,AEA,EN,Federal Contract Tower,0,3,5,0,8,0,2,49,0,51,0,5,54,0,59,30,0,30,89
12/06/2019,FDK,MD,AEA,EN,Federal Contract Tower,0,7,11,0,18,0,27,112,1,140,0,34,123,1,158,204,0,204,362
12/07/2019,FDK,MD,AEA,EN,Federal Contract Tower,0,0,7,0,7,0,0,152,2,154,0,0,159,2,161,206,0,206,367
12/08/2019,FDK,MD,AEA,EN,Federal Contract Tower,0,1,3,0,4,0,4,139,4,147,0,5,142,4,151,272,0,272,423
12/09/2019,FDK,MD,AEA,EN,Federal Contract Tower,0,5,5,0,10,0,0,0,0,0,0,5,5,0,10,0,0,0,10
12/10/2019,FDK,MD,AEA,EN,Federal Contract Tower,0,3,9,0,12,0,0,7,0,7,0,3,16,0,19,25,0,25,44
12/11/2019,FDK,MD,AEA,EN,Federal Contract Tower,0,6,9,0,15,0,2,79,0,81,0,8,88,0,96,170,0,170,266
12/12/2019,FDK,MD,AEA,EN,Federal Contract Tower,0,3,6,0,9,0,2,193,0,195,0,5,199,0,204,222,0,222,426
12/13/2019,FDK,MD,AEA,EN,Federal Contract Tower,0,0,3,0,3,0,0,0,0,0,0,0,3,0,3,0,0,0,3
12/14/2019,FDK,MD,AEA,EN,Federal Contract Tower,0,2,5,0,7,0,1,6,0,7,0,3,11,0,14,4,0,4,18
12/15/2019,FDK,MD,AEA,EN,Federal Contract Tower,0,0,5,0,5,0,2,74,0,76,0,2,79,0,81,75,0,75,156
12/16/2019,FDK,MD,AEA,EN,Federal Contract Tower,0,3,0,0,3,0,0,0,0,0,0,3,0,0,3,0,0,0,3
12/17/2019,FDK,MD,AEA,EN,Federal Contract Tower,0,4,2,0,6,0,0,0,0,0,0,4,2,0,6,0,0,0,6
12/18/2019,FDK,MD,AEA,EN,Federal Contract Tower,0,1,10,0,11,0,6,70,0,76,0,7,80,0,87,77,0,77,164
12/19/2019,FDK,MD,AEA,EN,Federal Contract Tower,0,3,5,0,8,0,4,120,5,129,0,7,125,5,137,162,0,162,299
12/20/2019,FDK,MD,AEA,EN,Federal Contract Tower,0,10,11,0,21,0,3,141,0,144,0,13,152,0,165,286,0,286,451
12/21/2019,FDK,MD,AEA,EN,Federal Contract Tower,0,2,3,0,5,0,8,110,0,118,0,10,113,0,123,224,0,224,347
12/22/2019,FDK,MD,AEA,EN,Federal Contract Tower,0,0,11,0,11,0,4,127,0,131,0,4,138,0,142,148,0,148,290
12/23/2019,FDK,MD,AEA,EN,Federal Contract Tower,0,6,13,0,19,0,3,130,0,133,0,9,143,0,152,145,0,145,297
12/24/2019,FDK,MD,AEA,EN,Federal Contract Tower,0,0,8,0,8,0,0,73,0,73,0,0,81,0,81,61,0,61,142
12/25/2019,FDK,MD,AEA,EN,Federal Contract Tower,0,2,2,0,4,0,0,24,0,24,0,2,26,0,28,36,0,36,64
12/26/2019,FDK,MD,AEA,EN,Federal Contract Tower,0,2,9,0,11,0,2,115,0,117,0,4,124,0,128,122,0,122,250
12/27/2019,FDK,MD,AEA,EN,Federal Contract Tower,0,12,12,0,24,0,5,34,0,39,0,17,46,0,63,126,0,126,189
12/28/2019,FDK,MD,AEA,EN,Federal Contract Tower,0,3,15,0,18,0,2,193,0,195,0,5,208,0,213,217,0,217,430
12/29/2019,FDK,MD,AEA,EN,Federal Contract Tower,0,7,7,0,14,0,0,0,0,0,0,7,7,0,14,0,0,0,14
12/30/2019,FDK,MD,AEA,EN,Federal Contract Tower,0,9,13,0,22,0,0,0,0,0,0,9,13,0,22,2,0,2,24
12/31/2019,FDK,MD,AEA,EN,Federal Contract Tower,0,3,13,0,16,0,0,99,0,99,0,3,112,0,115,144,0,144,259
01/01/2020,FDK,MD,AEA,EN,Federal Contract Tower,0,1,4,0,5,0,7,53,0,60,0,8,57,0,65,70,0,70,135
01/02/2020,FDK,MD,AEA,EN,Federal Contract Tower,0,4,5,0,9,0,3,168,0,171,0,7,173,0,180,221,0,221,401
01/03/2020,FDK,MD,AEA,EN,Federal Contract Tower,0,2,17,0,19,0,0,0,0,0,0,2,17,0,19,2,0,2,21
01/04/2020,FDK,MD,AEA,EN,Federal Contract Tower,0,5,6,0,11,0,1,36,0,37,0,6,42,0,48,142,0,142,190
01/05/2020,FDK,MD,AEA,EN,Federal Contract Tower,0,4,6,0,10,0,0,39,0,39,0,4,45,0,49,38,0,38,87
01/06/2020,FDK,MD,AEA,EN,Federal Contract Tower,0,0,4,0,4,0,2,70,0,72,0,2,74,0,76,134,0,134,210
01/07/2020,FDK,MD,AEA,EN,Federal Contract Tower,0,0,1,0,1,0,0,30,0,30,0,0,31,0,31,140,0,140,171
01/08/2020,FDK,MD,AEA,EN,Federal Contract Tower,0,2,6,0,8,0,3,13,0,16,0,5,19,0,24,17,0,17,41
01/09/2020,FDK,MD,AEA,EN,Federal Contract Tower,0,4,8,0,12,0,5,134,0,139,0,9,142,0,151,265,0,265,416
01/10/2020,FDK,MD,AEA,EN,Federal Contract Tower,0,0,10,0,10,0,13,63,4,80,0,13,73,4,90,271,0,271,361
01/11/2020,FDK,MD,AEA,EN,Federal Contract Tower,0,3,3,0,6,0,0,23,0,23,0,3,26,0,29,105,0,105,134
01/12/2020,FDK,MD,AEA,EN,Federal Contract Tower,0,2,5,0,7,0,3,67,0,70,0,5,72,0,77,106,0,106,183
01/13/2020,FDK,MD,AEA,EN,Federal Contract Tower,0,1,12,0,13,0,3,82,0,85,0,4,94,0,98,379,0,379,477
01/14/2020,FDK,MD,AEA,EN,Federal Contract Tower,0,2,14,0,16,0,0,0,0,0,0,2,14,0,16,0,0,0,16
01/15/2020,FDK,MD,AEA,EN,Federal Contract Tower,0,0,10,2,12,0,4,159,0,163,0,4,169,2,175,240,0,240,415
01/16/2020,FDK,MD,AEA,EN,Federal Contract Tower,0,3,8,0,11,0,3,11,0,14,0,6,19,0,25,4,0,4,29
01/17/2020,FDK,MD,AEA,EN,Federal Contract Tower,0,0,12,0,12,0,2,84,1,87,0,2,96,1,99,78,0,78,177
01/18/2020,FDK,MD,AEA,EN,Federal Contract Tower,0,1,0,0,1,0,0,5,0,5,0,1,5,0,6,20,0,20,26
01/19/2020,FDK,MD,AEA,EN,Federal Contract Tower,0,2,6,0,8,0,0,15,0,15,0,2,21,0,23,16,0,16,39
01/20/2020,FDK,MD,AEA,EN,Federal Contract Tower,0,0,14,0,14,0,3,97,0,100,0,3,111,0,114,125,0,125,239
01/21/2020,FDK,MD,AEA,EN,Federal Contract Tower,0,2,23,0,25,0,4,90,0,94,0,6,113,0,119,146,0,146,265
01/22/2020,FDK,MD,AEA,EN,Federal Contract Tower,0,1,23,3,27,0,2,135,0,137,0,3,158,3,164,325,0,325,489
01/23/2020,FDK,MD,AEA,EN,Federal Contract Tower,0,3,10,2,15,0,2,131,5,138,0,5,141,7,153,312,14,326,479
01/24/2020,FDK,MD,AEA,EN,Federal Contract Tower,0,4,19,0,23,0,1,13,0,14,0,5,32,0,37,143,0,143,180
01/25/2020,FDK,MD,AEA,EN,Federal Contract Tower,0,1,14,0,15,0,2,1,0,3,0,3,15,0,18,20,0,20,38
01/26/2020,FDK,MD,AEA,EN,Federal Contract Tower,0,3,8,0,11,0,2,109,0,111,0,5,117,0,122,172,0,172,294
01/27/2020,FDK,MD,AEA,EN,Federal Contract Tower,0,2,7,0,9,0,2,66,0,68,0,4,73,0,77,146,0,146,223
01/28/2020,FDK,MD,AEA,EN,Federal Contract Tower,0,1,16,0,17,0,3,56,2,61,0,4,72,2,78,104,0,104,182
01/29/2020,FDK,MD,AEA,EN,Federal Contract Tower,0,2,20,0,22,0,0,108,2,110,0,2,128,2,132,243,0,243,375
01/30/2020,FDK,MD,AEA,EN,Federal Contract Tower,0,2,17,1,20,0,2,120,2,124,0,4,137,3,144,291,0,291,435
01/31/2020,FDK,MD,AEA,EN,Federal Contract Tower,0,5,14,0,19,0,0,98,0,98,0,5,112,0,117,231,0,231,348
02/01/2020,FDK,MD,AEA,EN,Federal Contract Tower,0,2,9,0,11,0,0,0,0,0,0,2,9,0,11,0,0,0,11
02/02/2020,FDK,MD,AEA,EN,Federal Contract Tower,0,1,8,0,9,0,4,72,0,76,0,5,80,0,85,142,0,142,227
02/03/2020,FDK,MD,AEA,EN,Federal Contract Tower,0,1,13,0,14,0,6,128,2,136,0,7,141,2,150,213,0,213,363
02/04/2020,FDK,MD,AEA,EN,Federal Contract Tower,0,2,6,2,10,0,0,71,0,71,0,2,77,2,81,218,0,218,299
02/05/2020,FDK,MD,AEA,EN,Federal Contract Tower,0,2,3,0,5,0,4,31,0,35,0,6,34,0,40,155,0,155,195
02/06/2020,FDK,MD,AEA,EN,Federal Contract Tower,0,5,2,0,7,0,0,0,0,0,0,5,2,0,7,0,0,0,7
02/07/2020,FDK,MD,AEA,EN,Federal Contract Tower,0,1,0,0,1,0,1,6,0,7,0,2,6,0,8,0,0,0,8
02/08/2020,FDK,MD,AEA,EN,Federal Contract Tower,0,3,17,0,20,0,7,157,0,164,0,10,174,0,184,244,0,244,428
02/09/2020,FDK,MD,AEA,EN,Federal Contract Tower,0,1,14,1,16,0,4,148,5,157,0,5,162,6,173,248,0,248,421
02/10/2020,FDK,MD,AEA,EN,Federal Contract Tower,0,0,6,0,6,0,0,25,0,25,0,0,31,0,31,72,0,72,103
02/11/2020,FDK,MD,AEA,EN,Federal Contract Tower,0,0,10,0,10,0,0,2,0,2,0,0,12,0,12,24,0,24,36
02/12/2020,FDK,MD,AEA,EN,Federal Contract Tower,0,0,15,1,16,0,8,105,7,120,0,8,120,8,136,188,5,193,329
02/13/2020,FDK,MD,AEA,EN,Federal Contract Tower,0,1,10,0,11,0,2,10,0,12,0,3,20,0,23,47,0,47,70
02/14/2020,FDK,MD,AEA,EN,Federal Contract Tower,0,1,5,0,6,0,1,59,0,60,0,2,64,0,66,37,0,37,103
02/15/2020,FDK,MD,AEA,EN,Federal Contract Tower,0,4,6,0,10,0,2,157,2,161,0,6,163,2,171,244,0,244,415
02/16/2020,FDK,MD,AEA,EN,Federal Contract Tower,0,0,6,0,6,0,2,126,0,128,0,2,132,0,134,196,0,196,330
02/17/2020,FDK,MD,AEA,EN,Federal Contract Tower,0,1,5,0,6,0,2,185,0,187,0,3,190,0,193,268,0,268,461
02/18/2020,FDK,MD,AEA,EN,Federal Contract Tower,0,0,9,0,9,0,2,17,0,19,0,2,26,0,28,98,0,98,126
02/19/2020,FDK,MD,AEA,EN,Federal Contract Tower,0,2,8,0,10,0,0,42,5,47,0,2,50,5,57,134,16,150,207
02/20/2020,FDK,MD,AEA,EN,Federal Contract Tower,0,3,8,2,13,0,9,119,0,128,0,12,127,2,141,212,0,212,353
02/21/2020,FDK,MD,AEA,EN,Federal Contract Tower,0,0,7,0,7,0,3,143,0,146,0,3,150,0,153,188,0,188,341
02/22/2020,FDK,MD,AEA,EN,Federal Contract Tower,0,3,7,0,10,0,21,134,5,160,0,24,141,5,170,150,0,150,320
02/23/2020,FDK,MD,AEA,EN,Federal Contract Tower,0,3,16,0,19,0,7,180,3,190,0,10,196,3,209,192,0,192,401
02/24/2020,FDK,MD,AEA,EN,Federal Contract Tower,0,4,6,0,10,0,2,95,0,97,0,6,101,0,107,330,0,330,437
02/25/2020,FDK,MD,AEA,EN,Federal Contract Tower,0,0,8,0,8,0,0,0,0,0,0,0,8,0,8,0,0,0,8
02/26/2020,FDK,MD,AEA,EN,Federal Contract Tower,0,3,6,0,9,0,0,0,0,0,0,3,6,0,9,0,0,0,9
02/27/2020,FDK,MD,AEA,EN,Federal Contract Tower,0,0,3,0,3,0,2,4,2,8,0,2,7,2,11,2,0,2,13
02/28/2020,FDK,MD,AEA,EN,Federal Contract Tower,0,6,3,0,9,0,8,58,0,66,0,14,61,0,75,156,0,156,231
02/29/2020,FDK,MD,AEA,EN,Federal Contract Tower,0,2,6,0,8,0,0,28,0,28,0,2,34,0,36,20,0,20,56
03/01/2020,FDK,MD,AEA,EN,Federal Contract Tower,0,6,16,0,22,0,1,144,2,147,0,7,160,2,169,194,0,194,363
03/02/2020,FDK,MD,AEA,EN,Federal Contract Tower,0,4,5,0,9,0,5,93,2,100,0,9,98,2,109,150,0,150,259
03/03/2020,FDK,MD,AEA,EN,Federal Contract Tower,0,4,8,0,12,0,2,18,2,22,0,6,26,2,34,60,0,60,94
03/04/2020,FDK,MD,AEA,EN,Federal Contract Tower,0,1,13,2,16,0,4,78,2,84,0,5,91,4,100,101,0,101,201
03/05/2020,FDK,MD,AEA,EN,Federal Contract Tower,0,1,17,0,18,0,4,143,1,148,0,5,160,1,166,223,0,223,389
03/06/2020,FDK,MD,AEA,EN,Federal Contract Tower,0,5,11,0,16,0,1,30,0,31,0,6,41,0,47,140,0,140,187
03/07/2020,FDK,MD,AEA,EN,Federal Contract Tower,0,1,8,0,9,0,1,55,0,56,0,2,63,0,65,44,0,44,109
03/08/2020,FDK,MD,AEA,EN,Federal Contract Tower,0,1,19,0,20,0,4,171,6,181,0,5,190,6,201,171,0,171,372
03/09/2020,FDK,MD,AEA,EN,Federal Contract Tower,0,2,9,0,11,0,4,127,2,133,0,6,136,2,144,252,12,264,408
03/10/2020,FDK,MD,AEA,EN,Federal Contract Tower,0,1,6,2,9,0,6,22,0,28,0,7,28,2,37,80,0,80,117
03/11/2020,FDK,MD,AEA,EN,Federal Contract Tower,0,6,8,0,14,0,3,95,0,98,0,9,103,0,112,220,0,220,332
03/12/2020,FDK,MD,AEA,EN,Federal Contract Tower,0,1,16,1,18,0,11,70,2,83,0,12,86,3,101,229,3,232,333
03/13/2020,FDK,MD,AEA,EN,Federal Contract Tower,0,6,7,0,13,0,4,32,0,36,0,10,39,0,49,10,0,10,59
03/14/2020,FDK,MD,AEA,EN,Federal Contract Tower,0,4,27,0,31,0,5,133,1,139,0,9,160,1,170,233,0,233,403
03/15/2020,FDK,MD,AEA,EN,Federal Contract Tower,0,5,9,0,14,0,3,39,0,42,0,8,48,0,56,212,0,212,268
03/16/2020,FDK,MD,AEA,EN,Federal Contract Tower,0,0,12,1,13,0,2,119,3,124,0,2,131,4,137,152,0,152,289
03/17/2020,FDK,MD,AEA,EN,Federal Contract Tower,0,1,7,0,8,0,4,32,2,38,0,5,39,2,46,107,0,107,153
03/18/2020,FDK,MD,AEA,EN,Federal Contract Tower,0,1,11,0,12,0,2,133,2,137,0,3,144,2,149,140,0,140,289
03/19/2020,FDK,MD,AEA,EN,Federal Contract Tower,0,2,2,4,8,0,3,33,0,36,0,5,35,4,44,96,10,106,150
03/20/2020,FDK,MD,AEA,EN,Federal Contract Tower,0,3,4,0,7,0,0,21,0,21,0,3,25,0,28,43,0,43,71
03/21/2020,FDK,MD,AEA,EN,Federal Contract Tower,0,3,4,0,7,0,2,84,3,89,0,5,88,3,96,146,0,146,242
03/22/2020,FDK,MD,AEA,EN,Federal Contract Tower,0,2,10,0,12,0,0,104,1,105,0,2,114,1,117,136,4,140,257
03/23/2020,FDK,MD,AEA,EN,Federal Contract Tower,0,2,4,0,6,0,0,0,0,0,0,2,4,0,6,0,0,0,6
03/24/2020,FDK,MD,AEA,EN,Federal Contract Tower,0,0,6,0,6,0,0,58,0,58,0,0,64,0,64,226,1,227,291
03/25/2020,FDK,MD,AEA,EN,Federal Contract Tower,0,1,8,1,10,0,0,0,0,0,0,1,8,1,10,0,0,0,10
03/26/2020,FDK,MD,AEA,EN,Federal Contract Tower,0,2,16,0,18,0,3,94,1,98,0,5,110,1,116,117,0,117,233
03/27/2020,FDK,MD,AEA,EN,Federal Contract Tower,0,0,4,0,4,0,5,102,0,107,0,5,106,0,111,136,0,136,247
03/28/2020,FDK,MD,AEA,EN,Federal Contract Tower,0,0,6,0,6,0,0,0,0,0,0,0,6,0,6,0,0,0,6
03/29/2020,FDK,MD,AEA,EN,Federal Contract Tower,0,0,3,0,3,0,0,9,0,9,0,0,12,0,12,4,0,4,16
03/30/2020,FDK,MD,AEA,EN,Federal Contract Tower,0,0,5,0,5,0,4,50,4,58,0,4,55,4,63,22,0,22,85
03/31/2020,FDK,MD,AEA,EN,Federal Contract Tower,0,0,1,0,1,0,2,5,0,7,0,2,6,0,8,36,0,36,44
04/01/2020,FDK,MD,AEA,EN,Federal Contract Tower,0,0,3,0,3,0,2,7,0,9,0,2,10,0,12,4,0,4,16
04/02/2020,FDK,MD,AEA,EN,Federal Contract Tower,0,0,2,0,2,0,2,20,0,22,0,2,22,0,24,0,0,0,24
04/03/2020,FDK,MD,AEA,EN,Federal Contract Tower,0,0,1,2,3,0,4,25,0,29,0,4,26,2,32,2,0,2,34
04/04/2020,FDK,MD,AEA,EN,Federal Contract Tower,0,1,4,0,5,0,2,30,0,32,0,3,34,0,37,26,0,26,63
04/05/2020,FDK,MD,AEA,EN,Federal Contract Tower,0,0,1,0,1,0,0,33,0,33,0,0,34,0,34,44,0,44,78
04/06/2020,FDK,MD,AEA,EN,Federal Contract Tower,0,0,1,0,1,0,7,55,0,62,0,7,56,0,63,54,0,54,117
04/07/2020,FDK,MD,AEA,EN,Federal Contract Tower,0,2,4,1,7,0,9,12,0,21,0,11,16,1,28,18,2,20,48
04/08/2020,FDK,MD,AEA,EN,Federal Contract Tower,0,0,3,1,4,0,4,29,1,34,0,4,32,2,38,24,0,24,62
04/09/2020,FDK,MD,AEA,EN,Federal Contract Tower,0,0,3,0,3,0,0,4,0,4,0,0,7,0,7,0,0,0,7
04/11/2020,FDK,MD,AEA,EN,Federal Contract Tower,0,0,6,0,6,0,4,54,0,58,0,4,60,0,64,23,0,23,87
04/12/2020,FDK,MD,AEA,EN,Federal Contract Tower,0,0,4,0,4,0,0,15,0,15,0,0,19,0,19,10,0,10,29
04/13/2020,FDK,MD,AEA,EN,Federal Contract Tower,0,2,0,0,2,0,2,0,0,2,0,4,0,0,4,4,0,4,8
04/14/2020,FDK,MD,AEA,EN,Federal Contract Tower,0,1,3,0,4,0,2,52,0,54,0,3,55,0,58,26,0,26,84
04/15/2020,FDK,MD,AEA,EN,Federal Contract Tower,0,3,1,2,6,0,4,33,2,39,0,7,34,4,45,108,0,108,153
04/16/2020,FDK,MD,AEA,EN,Federal Contract Tower,0,0,1,0,1,0,5,20,0,25,0,5,21,0,26,4,0,4,30
04/17/2020,FDK,MD,AEA,EN,Federal Contract Tower,0,0,5,0,5,0,2,30,2,34,0,2,35,2,39,37,0,37,76
04/18/2020,FDK,MD,AEA,EN,Federal Contract Tower,0,0,1,0,1,0,2,0,0,2,0,2,1,0,3,0,0,0,3
04/19/2020,FDK,MD,AEA,EN,Federal Contract Tower,0,0,8,0,8,0,2,52,0,54,0,2,60,0,62,62,0,62,124
04/20/2020,FDK,MD,AEA,EN,Federal Contract Tower,0,0,3,0,3,0,3,60,0,63,0,3,63,0,66,48,0,48,114
04/21/2020,FDK,MD,AEA,EN,Federal Contract Tower,0,0,3,0,3,0,0,4,0,4,0,0,7,0,7,8,0,8,15
04/22/2020,FDK,MD,AEA,EN,Federal Contract Tower,0,1,2,0,3,0,5,49,1,55,0,6,51,1,58,9,4,13,71
04/23/2020,FDK,MD,AEA,EN,Federal Contract Tower,0,1,8,4,13,0,2,30,0,32,0,3,38,4,45,113,0,113,158
04/24/2020,FDK,MD,AEA,EN,Federal Contract Tower,0,0,14,1,15,0,0,0,0,0,0,0,14,1,15,0,0,0,15
04/25/2020,FDK,MD,AEA,EN,Federal Contract Tower,0,0,10,0,10,0,7,31,0,38,0,7,41,0,48,69,0,69,117
04/26/2020,FDK,MD,AEA,EN,Federal Contract Tower,0,0,7,0,7,0,0,0,0,0,0,0,7,0,7,0,0,0,7
04/27/2020,FDK,MD,AEA,EN,Federal Contract Tower,0,2,5,0,7,0,1,17,0,18,0,3,22,0,25,4,0,4,29
04/28/2020,FDK,MD,AEA,EN,Federal Contract Tower,0,0,3,0,3,0,4,33,0,37,0,4,36,0,40,70,0,70,110
04/29/2020,FDK,MD,AEA,EN,Federal Contract Tower,0,3,7,0,10,0,3,45,0,48,0,6,52,0,58,65,0,65,123
04/30/2020,FDK,MD,AEA,EN,Federal Contract Tower,0,2,6,0,8,0,0,0,0,0,0,2,6,0,8,0,0,0,8
05/01/2020,FDK,MD,AEA,EN,Federal Contract Tower,0,1,13,0,14,0,1,32,0,33,0,2,45,0,47,38,0,38,85
05/02/2020,FDK,MD,AEA,EN,Federal Contract Tower,0,1,6,0,7,0,2,85,0,87,0,3,91,0,94,110,0,110,204
05/03/2020,FDK,MD,AEA,EN,Federal Contract Tower,0,0,4,0,4,0,5,33,0,38,0,5,37,0,42,80,0,80,122
05/04/2020,FDK,MD,AEA,EN,Federal Contract Tower,0,0,0,0,0,0,6,32,2,40,0,6,32,2,40,18,0,18,58
05/05/2020,FDK,MD,AEA,EN,Federal Contract Tower,0,2,4,0,6,0,4,64,0,68,0,6,68,0,74,139,0,139,213
05/06/2020,FDK,MD,AEA,EN,Federal Contract Tower,0,0,7,0,7,0,1,3,0,4,0,1,10,0,11,24,0,24,35
05/07/2020,FDK,MD,AEA,EN,Federal Contract Tower,0,0,11,0,11,0,6,104,0,110,0,6,115,0,121,159,0,159,280
05/08/2020,FDK,MD,AEA,EN,Federal Contract Tower,0,1,3,0,4,0,0,11,0,11,0,1,14,0,15,36,0,36,51
05/09/2020,FDK,MD,AEA,EN,Federal Contract Tower,0,0,6,0,6,0,0,25,0,25,0,0,31,0,31,11,0,11,42
05/10/2020,FDK,MD,AEA,EN,Federal Contract Tower,0,0,12,0,12,0,10,87,0,97,0,10,99,0,109,115,0,115,224
05/11/2020,FDK,MD,AEA,EN,Federal Contract Tower,0,2,0,0,2,0,2,24,6,32,0,4,24,6,34,22,0,22,56
05/12/2020,FDK,MD,AEA,EN,Federal Contract Tower,0,0,8,0,8,0,0,45,2,47,0,0,53,2,55,44,0,44,99
05/13/2020,FDK,MD,AEA,EN,Federal Contract Tower,0,0,16,0,16,0,0,121,0,121,0,0,137,0,137,167,0,167,304
05/14/2020,FDK,MD,AEA,EN,Federal Contract Tower,0,0,8,0,8,0,5,80,2,87,0,5,88,2,95,188,0,188,283
05/15/2020,FDK,MD,AEA,EN,Federal Contract Tower,0,0,3,0,3,0,2,107,0,109,0,2,110,0,112,112,0,112,224
05/16/2020,FDK,MD,AEA,EN,Federal Contract Tower,0,1,4,0,5,0,4,76,0,80,0,5,80,0,85,188,0,188,273
05/17/2020,FDK,MD,AEA,EN,Federal Contract Tower,0,3,17,0,20,0,9,34,2,45,0,12,51,2,65,97,0,97,162
05/18/2020,FDK,MD,AEA,EN,Federal Contract Tower,0,2,24,0,26,0,2,26,0,28,0,4,50,0,54,76,0,76,130
05/19/2020,FDK,MD,AEA,EN,Federal Contract Tower,0,0,1,0,1,0,7,39,0,46,0,7,40,0,47,80,0,80,127
05/20/2020,FDK,MD,AEA,EN,Federal Contract Tower,0,3,5,0,8,0,9,74,5,88,0,12,79,5,96,95,0,95,191
05/21/2020,FDK,MD,AEA,EN,Federal Contract Tower,0,2,15,0,17,0,5,45,0,50,0,7,60,0,67,152,0,152,219
05/22/2020,FDK,MD,AEA,EN,Federal Contract Tower,0,1,17,0,18,0,0,1,0,1,0,1,18,0,19,0,0,0,19
05/23/2020,FDK,MD,AEA,EN,Federal Contract Tower,0,2,16,0,18,0,6,66,1,73,0,8,82,1,91,206,0,206,297
05/24/2020,FDK,MD,AEA,EN,Federal Contract Tower,0,1,16,0,17,0,3,7,0,10,0,4,23,0,27,60,0,60,87
05/25/2020,FDK,MD,AEA,EN,Federal Contract Tower,0,2,12,0,14,0,4,93,0,97,0,6,105,0,111,272,0,272,383
05/26/2020,FDK,MD,AEA,EN,Federal Contract Tower,0,0,6,0,6,0,5,149,1,155,0,5,155,1,161,140,0,140,301
05/27/2020,FDK,MD,AEA,EN,Federal Contract Tower,0,1,22,0,23,0,5,74,0,79,0,6,96,0,102,173,0,173,275
05/28/2020,FDK,MD,AEA,EN,Federal Contract Tower,0,2,5,0,7,0,0,7,0,7,0,2,12,0,14,25,0,25,39
05/29/2020,FDK,MD,AEA,EN,Federal Contract Tower,0,1,7,0,8,0,3,40,0,43,0,4,47,0,51,115,0,115,166
05/30/2020,FDK,MD,AEA,EN,Federal Contract Tower,0,2,16,0,18,0,4,145,0,149,0,6,161,0,167,192,0,192,359
05/31/2020,FDK,MD,AEA,EN,Federal Contract Tower,0,1,7,0,8,0,5,120,0,125,0,6,127,0,133,111,0,111,244
06/01/2020,FDK,MD,AEA,EN,Federal Contract Tower,0,2,6,0,8,0,5,139,0,144,0,7,145,0,152,152,2,154,306
06/02/2020,FDK,MD,AEA,EN,Federal Contract Tower,0,0,7,0,7,0,7,116,0,123,0,7,123,0,130,146,0,146,276
06/03/2020,FDK,MD,AEA,EN,Federal Contract Tower,0,2,4,0,6,0,8,79,4,91,0,10,83,4,97,34,0,34,131
06/04/2020,FDK,MD,AEA,EN,Federal Contract Tower,0,1,8,0,9,0,6,105,2,113,0,7,113,2,122,142,16,158,280
06/05/2020,FDK,MD,AEA,EN,Federal Contract Tower,0,1,19,0,20,0,3,29,0,32,0,4,48,0,52,151,0,151,203
06/06/2020,FDK,MD,AEA,EN,Federal Contract Tower,0,1,7,0,8,0,4,68,0,72,0,5,75,0,80,166,0,166,246
06/07/2020,FDK,MD,AEA,EN,Federal Contract Tower,0,0,16,1,17,0,3,171,2,176,0,3,187,3,193,152,0,152,345
06/08/2020,FDK,MD,AEA,EN,Federal Contract Tower,0,0,8,0,8,0,2,139,1,142,0,2,147,1,150,174,0,174,324
06/09/2020,FDK,MD,AEA,EN,Federal Contract Tower,0,0,12,0,12,0,7,139,0,146,0,7,151,0,158,234,0,234,392
06/10/2020,FDK,MD,AEA,EN,Federal Contract Tower,0,1,6,0,7,0,7,32,0,39,0,8,38,0,46,136,0,136,182
06/11/2020,FDK,MD,AEA,EN,Federal Contract Tower,0,1,12,2,15,0,12,81,0,93,0,13,93,2,108,200,0,200,308
06/12/2020,FDK,MD,AEA,EN,Federal Contract Tower,0,1,13,0,14,0,1,132,3,136,0,2,145,3,150,214,0,214,364
06/13/2020,FDK,MD,AEA,EN,Federal Contract Tower,0,2,13,0,15,0,0,147,0,147,0,2,160,0,162,216,0,216,378
06/14/2020,FDK,MD,AEA,EN,Federal Contract Tower,0,5,7,0,12,0,7,95,0,102,0,12,102,0,114,190,0,190,304
06/15/2020,FDK,MD,AEA,EN,Federal Contract Tower,0,1,10,0,11,0,15,115,1,131,0,16,125,1,142,262,0,262,404
06/16/2020,FDK,MD,AEA,EN,Federal Contract Tower,0,0,6,3,9,0,8,112,4,124,0,8,118,7,133,256,0,256,389
06/17/2020,FDK,MD,AEA,EN,Federal Contract Tower,0,6,18,0,24,0,2,29,0,31,0,8,47,0,55,139,0,139,194
06/18/2020,FDK,MD,AEA,EN,Federal Contract Tower,0,0,5,0,5,0,1,25,0,26,0,1,30,0,31,191,0,191,222
06/19/2020,FDK,MD,AEA,EN,Federal Contract Tower,0,0,11,2,13,0,0,25,0,25,0,0,36,2,38,153,0,153,191
06/20/2020,FDK,MD,AEA,EN,Federal Contract Tower,0,2,15,0,17,0,0,9,0,9,0,2,24,0,26,102,0,102,128
06/21/2020,FDK,MD,AEA,EN,Federal Contract Tower,0,3,11,0,14,0,0,61,0,61,0,3,72,0,75,156,0,156,231
06/22/2020,FDK,MD,AEA,EN,Federal Contract Tower,0,0,8,0,8,0,0,73,0,73,0,0,81,0,81,150,0,150,231
06/23/2020,FDK,MD,AEA,EN,Federal Contract Tower,0,4,14,0,18,0,3,27,0,30,0,7,41,0,48,117,2,119,167
06/24/2020,FDK,MD,AEA,EN,Federal Contract Tower,0,1,16,2,19,0,7,132,4,143,0,8,148,6,162,233,4,237,399
06/25/2020,FDK,MD,AEA,EN,Federal Contract Tower,0,2,6,0,8,0,0,104,1,105,0,2,110,1,113,338,0,338,451
06/26/2020,FDK,MD,AEA,EN,Federal Contract Tower,0,0,15,0,15,0,8,140,0,148,0,8,155,0,163,285,0,285,448
06/27/2020,FDK,MD,AEA,EN,Federal Contract Tower,0,5,1,0,6,0,10,76,1,87,0,15,77,1,93,49,0,49,142
06/28/2020,FDK,MD,AEA,EN,Federal Contract Tower,0,4,11,0,15,0,0,87,0,87,0,4,98,0,102,186,0,186,288
06/29/2020,FDK,MD,AEA,EN,Federal Contract Tower,0,1,17,0,18,0,5,121,0,126,0,6,138,0,144,208,0,208,352
06/30/2020,FDK,MD,AEA,EN,Federal Contract Tower,0,4,0,0,4,0,7,133,3,143,0,11,133,3,147,306,10,316,463
07/01/2020,FDK,MD,AEA,EN,Federal Contract Tower,0,4,12,2,18,0,4,112,2,118,0,8,124,4,136,320,0,320,456
07/02/2020,FDK,MD,AEA,EN,Federal Contract Tower,0,3,15,0,18,0,8,125,0,133,0,11,140,0,151,395,0,395,546
07/03/2020,FDK,MD,AEA,EN,Federal Contract Tower,0,3,8,0,11,0,2,142,1,145,0,5,150,1,156,207,0,207,363
07/04/2020,FDK,MD,AEA,EN,Federal Contract Tower,0,3,6,0,9,0,4,100,0,104,0,7,106,0,113,92,0,92,205
07/05/2020,FDK,MD,AEA,EN,Federal Contract Tower,0,2,15,0,17,0,1,61,2,64,0,3,76,2,81,160,0,160,241
07/06/2020,FDK,MD,AEA,EN,Federal Contract Tower,0,1,9,0,10,0,2,88,0,90,0,3,97,0,100,208,0,208,308
07/07/2020,FDK,MD,AEA,EN,Federal Contract Tower,0,2,17,1,20,0,4,47,1,52,0,6,64,2,72,234,2,236,308
07/08/2020,FDK,MD,AEA,EN,Federal Contract Tower,0,5,20,2,27,0,0,109,2,111,0,5,129,4,138,256,0,256,394
07/09/2020,FDK,MD,AEA,EN,Federal Contract Tower,0,8,19,0,27,0,4,122,4,130,0,12,141,4,157,258,0,258,415
07/10/2020,FDK,MD,AEA,EN,Federal Contract Tower,0,5,14,0,19,0,4,51,0,55,0,9,65,0,74,240,0,240,314
07/11/2020,FDK,MD,AEA,EN,Federal Contract Tower,0,1,14,0,15,0,3,106,1,110,0,4,120,1,125,126,0,126,251
07/12/2020,FDK,MD,AEA,EN,Federal Contract Tower,0,2,8,0,10,0,0,108,0,108,0,2,116,0,118,149,0,149,267
07/13/2020,FDK,MD,AEA,EN,Federal Contract Tower,0,2,5,0,7,0,0,109,0,109,0,2,114,0,116,176,2,178,294
07/14/2020,FDK,MD,AEA,EN,Federal Contract Tower,0,0,9,0,9,0,3,139,0,142,0,3,148,0,151,320,6,326,477
07/15/2020,FDK,MD,AEA,EN,Federal Contract Tower,0,0,12,4,16,0,1,154,3,158,0,1,166,7,174,281,0,281,455
07/16/2020,FDK,MD,AEA,EN,Federal Contract Tower,0,15,11,0,26,0,6,79,0,85,0,21,90,0,111,287,0,287,398
07/17/2020,FDK,MD,AEA,EN,Federal Contract Tower,0,1,14,0,15,0,2,75,1,78,0,3,89,1,93,281,2,283,376
07/18/2020,FDK,MD,AEA,EN,Federal Contract Tower,0,7,11,0,18,0,3,152,0,155,0,10,163,0,173,150,0,150,323
07/19/2020,FDK,MD,AEA,EN,Federal Contract Tower,0,3,16,0,19,0,2,82,0,84,0,5,98,0,103,158,0,158,261
07/20/2020,FDK,MD,AEA,EN,Federal Contract Tower,0,0,4,0,4,0,2,98,0,100,0,2,102,0,104,144,0,144,248
07/21/2020,FDK,MD,AEA,EN,Federal Contract Tower,0,0,4,0,4,0,0,82,0,82,0,0,86,0,86,254,0,254,340
07/22/2020,FDK,MD,AEA,EN,Federal Contract Tower,0,0,11,0,11,0,0,62,0,62,0,0,73,0,73,178,2,180,253
07/23/2020,FDK,MD,AEA,EN,Federal Contract Tower,0,0,7,0,7,0,8,82,0,90,0,8,89,0,97,199,0,199,296
07/24/2020,FDK,MD,AEA,EN,Federal Contract Tower,0,1,20,0,21,0,0,56,0,56,0,1,76,0,77,198,0,198,275
07/25/2020,FDK,MD,AEA,EN,Federal Contract Tower,0,4,18,0,22,0,2,118,0,120,0,6,136,0,142,333,0,333,475
07/26/2020,FDK,MD,AEA,EN,Federal Contract Tower,0,3,11,0,14,0,4,139,2,145,0,7,150,2,159,193,0,193,352
07/27/2020,FDK,MD,AEA,EN,Federal Contract Tower,0,0,12,0,12,0,3,88,0,91,0,3,100,0,103,223,0,223,326
07/28/2020,FDK,MD,AEA,EN,Federal Contract Tower,0,2,7,1,10,0,2,104,0,106,0,4,111,1,116,248,0,248,364
07/29/2020,FDK,MD,AEA,EN,Federal Contract Tower,0,5,11,0,16,0,4,190,2,196,0,9,201,2,212,284,0,284,496
07/30/2020,FDK,MD,AEA,EN,Federal Contract Tower,0,1,10,0,11,0,8,120,1,129,0,9,130,1,140,365,0,365,505
07/31/2020,FDK,MD,AEA,EN,Federal Contract Tower,0,0,18,0,18,0,0,2,0,2,0,0,20,0,20,0,0,0,20
08/01/2020,FDK,MD,AEA,EN,Federal Contract Tower,0,3,22,0,25,0,4,76,0,80,0,7,98,0,105,153,0,153,258
08/02/2020,FDK,MD,AEA,EN,Federal Contract Tower,0,0,11,0,11,0,2,49,0,51,0,2,60,0,62,147,0,147,209
08/03/2020,FDK,MD,AEA,EN,Federal Contract Tower,0,0,4,0,4,0,2,88,0,90,0,2,92,0,94,164,2,166,260
08/04/2020,FDK,MD,AEA,EN,Federal Contract Tower,0,1,0,2,3,0,0,15,0,15,0,1,15,2,18,43,0,43,61
08/05/2020,FDK,MD,AEA,EN,Federal Contract Tower,0,1,9,0,10,0,6,173,2,181,0,7,182,2,191,322,0,322,513
08/06/2020,FDK,MD,AEA,EN,Federal Contract Tower,0,0,3,0,3,0,4,66,3,73,0,4,69,3,76,199,12,211,287
08/07/2020,FDK,MD,AEA,EN,Federal Contract Tower,0,1,9,0,10,0,0,29,0,29,0,1,38,0,39,156,0,156,195
08/08/2020,FDK,MD,AEA,EN,Federal Contract Tower,0,0,15,0,15,0,1,48,1,50,0,1,63,1,65,273,0,273,338
08/09/2020,FDK,MD,AEA,EN,Federal Contract Tower,0,0,8,0,8,0,7,139,0,146,0,7,147,0,154,214,0,214,368
08/10/2020,FDK,MD,AEA,EN,Federal Contract Tower,0,0,11,0,11,0,7,152,0,159,0,7,163,0,170,316,0,316,486
08/11/2020,FDK,MD,AEA,EN,Federal Contract Tower,0,1,18,0,19,0,15,87,1,103,0,16,105,1,122,205,2,207,329
08/12/2020,FDK,MD,AEA,EN,Federal Contract Tower,1,7,0,0,8,2,101,1,0,104,3,108,1,0,112,143,0,143,255
08/13/2020,FDK,MD,AEA,EN,Federal Contract Tower,0,2,12,0,14,0,0,18,0,18,0,2,30,0,32,155,0,155,187
08/14/2020,FDK,MD,AEA,EN,Federal Contract Tower,0,2,11,0,13,0,4,35,6,45,0,6,46,6,58,230,0,230,288
08/15/2020,FDK,MD,AEA,EN,Federal Contract Tower,0,4,21,0,25,0,2,63,1,66,0,6,84,1,91,89,0,89,180
08/16/2020,FDK,MD,AEA,EN,Federal Contract Tower,0,0,7,0,7,0,1,25,0,26,0,1,32,0,33,87,0,87,120
08/17/2020,FDK,MD,AEA,EN,Federal Contract Tower,0,2,10,0,12,0,1,103,0,104,0,3,113,0,116,206,0,206,322
08/18/2020,FDK,MD,AEA,EN,Federal Contract Tower,0,1,10,0,11,0,4,149,1,154,0,5,159,1,165,197,0,197,362
08/19/2020,FDK,MD,AEA,EN,Federal Contract Tower,0,6,12,0,18,0,5,130,0,135,0,11,142,0,153,229,0,229,382
08/20/2020,FDK,MD,AEA,EN,Federal Contract Tower,0,1,12,1,14,0,1,110,0,111,0,2,122,1,125,286,0,286,411
08/21/2020,FDK,MD,AEA,EN,Federal Contract Tower,0,2,20,0,22,0,5,105,0,110,0,7,125,0,132,266,0,266,398
08/22/2020,FDK,MD,AEA,EN,Federal Contract Tower,0,0,34,0,34,0,0,60,0,60,0,0,94,0,94,122,21,143,237
08/23/2020,FDK,MD,AEA,EN,Federal Contract Tower,0,3,20,0,23,0,0,82,1,83,0,3,102,1,106,184,0,184,290
08/24/2020,FDK,MD,AEA,EN,Federal Contract Tower,0,1,6,1,8,0,3,93,0,96,0,4,99,1,104,248,0,248,352
08/25/2020,FDK,MD,AEA,EN,Federal Contract Tower,0,0,4,0,4,0,2,76,0,78,0,2,80,0,82,205,0,205,287
08/26/2020,FDK,MD,AEA,EN,Federal Contract Tower,0,2,25,0,27,0,6,193,0,199,0,8,218,0,226,221,0,221,447
08/27/2020,FDK,MD,AEA,EN,Federal Contract Tower,0,2,5,0,7,0,0,84,4,88,0,2,89,4,95,280,0,280,375
08/28/2020,FDK,MD,AEA,EN,Federal Contract Tower,0,2,11,3,16,0,4,56,0,60,0,6,67,3,76,150,0,150,226
08/29/2020,FDK,MD,AEA,EN,Federal Contract Tower,0,0,9,0,9,0,5,11,0,16,0,5,20,0,25,51,0,51,76
08/30/2020,FDK,MD,AEA,EN,Federal Contract Tower,0,0,16,0,16,0,7,157,0,164,0,7,173,0,180,161,0,161,341
08/31/2020,FDK,MD,AEA,EN,Federal Contract Tower,0,7,15,0,22,0,8,14,0,22,0,15,29,0,44,51,0,51,95
09/01/2020,FDK,MD,AEA,EN,Federal Contract Tower,0,1,37,0,38,0,1,0,0,1,0,2,37,0,39,12,2,14,53
09/02/2020,FDK,MD,AEA,EN,Federal Contract Tower,0,1,20,0,21,0,1,19,2,22,0,2,39,2,43,161,4,165,208
09/03/2020,FDK,MD,AEA,EN,Federal Contract Tower,0,0,5,0,5,0,3,69,5,77,0,3,74,5,82,142,8,150,232
09/04/2020,FDK,MD,AEA,EN,Federal Contract Tower,0,0,12,0,12,0,4,132,0,136,0,4,144,0,148,289,0,289,437
09/05/2020,FDK,MD,AEA,EN,Federal Contract Tower,0,0,10,0,10,0,2,140,1,143,0,2,150,1,153,140,0,140,293
09/06/2020,FDK,MD,AEA,EN,Federal Contract Tower,0,0,9,0,9,0,2,106,3,111,0,2,115,3,120,140,0,140,260
09/07/2020,FDK,MD,AEA,EN,Federal Contract Tower,0,0,13,0,13,0,4,140,1,145,0,4,153,1,158,211,0,211,369
09/08/2020,FDK,MD,AEA,EN,Federal Contract Tower,0,5,7,0,12,0,1,141,2,144,0,6,148,2,156,259,4,263,419
09/09/2020,FDK,MD,AEA,EN,Federal Contract Tower,0,2,23,2,27,0,7,36,0,43,0,9,59,2,70,188,0,188,258
09/10/2020,FDK,MD,AEA,EN,Federal Contract Tower,0,1,18,2,21,0,1,1,0,2,0,2,19,2,23,0,0,0,23
09/11/2020,FDK,MD,AEA,EN,Federal Contract Tower,0,1,29,2,32,0,4,65,1,70,0,5,94,3,102,275,0,275,377
09/12/2020,FDK,MD,AEA,EN,Federal Contract Tower,0,0,27,0,27,0,0,40,0,40,0,0,67,0,67,138,0,138,205
09/13/2020,FDK,MD,AEA,EN,Federal Contract Tower,0,0,6,0,6,0,3,125,0,128,0,3,131,0,134,168,0,168,302
09/14/2020,FDK,MD,AEA,EN,Federal Contract Tower,0,2,12,0,14,0,1,111,2,114,0,3,123,2,128,113,0,113,241
09/15/2020,FDK,MD,AEA,EN,Federal Contract Tower,0,0,9,0,9,0,3,149,0,152,0,3,158,0,161,225,0,225,386
09/16/2020,FDK,MD,AEA,EN,Federal Contract Tower,0,0,16,0,16,0,5,153,8,166,0,5,169,8,182,150,6,156,338
09/17/2020,FDK,MD,AEA,EN,Federal Contract Tower,0,1,21,0,22,0,1,51,0,52,0,2,72,0,74,150,0,150,224
09/18/2020,FDK,MD,AEA,EN,Federal Contract Tower,0,3,17,0,20,0,5,43,0,48,0,8,60,0,68,130,0,130,198
09/19/2020,FDK,MD,AEA,EN,Federal Contract Tower,0,0,17,0,17,0,3,106,3,112,0,3,123,3,129,131,10,141,270
09/20/2020,FDK,MD,AEA,EN,Federal Contract Tower,0,0,22,0,22,0,2,135,0,137,0,2,157,0,159,98,0,98,257
09/21/2020,FDK,MD,AEA,EN,Federal Contract Tower,0,1,15,0,16,0,0,157,0,157,0,1,172,0,173,184,0,184,357
09/22/2020,FDK,MD,AEA,EN,Federal Contract Tower,0,0,10,0,10,0,2,107,0,109,0,2,117,0,119,150,1,151,270
09/23/2020,FDK,MD,AEA,EN,Federal Contract Tower,0,1,28,0,29,0,5,138,1,144,0,6,166,1,173,180,0,180,353
09/24/2020,FDK,MD,AEA,EN,Federal Contract Tower,0,3,15,0,18,0,2,172,2,176,0,5,187,2,194,260,0,260,454
09/25/2020,FDK,MD,AEA,EN,Federal Contract Tower,0,1,24,0,25,0,0,33,0,33,0,1,57,0,58,99,0,99,157
09/26/2020,FDK,MD,AEA,EN,Federal Contract Tower,0,1,18,0,19,0,0,5,0,5,0,1,23,0,24,55,0,55,79
09/27/2020,FDK,MD,AEA,EN,Federal Contract Tower,0,0,31,0,31,0,0,44,0,44,0,0,75,0,75,186,0,186,261
09/28/2020,FDK,MD,AEA,EN,Federal Contract Tower,0,1,25,0,26,0,4,58,0,62,0,5,83,0,88,82,4,86,174
09/29/2020,FDK,MD,AEA,EN,Federal Contract Tower,0,0,13,0,13,0,0,14,0,14,0,0,27,0,27,140,0,140,167
09/30/2020,FDK,MD,AEA,EN,Federal Contract Tower,0,0,12,0,12,0,2,111,2,115,0,2,123,2,127,162,0,162,289
10/01/2020,FDK,MD,AEA,EN,Federal Contract Tower,0,1,15,0,16,0,1,151,1,153,0,2,166,1,169,270,0,270,439
10/02/2020,FDK,MD,AEA,EN,Federal Contract Tower,0,4,15,0,19,0,2,102,4,108,0,6,117,4,127,118,0,118,245
10/03/2020,FDK,MD,AEA,EN,Federal Contract Tower,0,1,8,0,9,0,1,194,0,195,0,2,202,0,204,150,0,150,354
10/04/2020,FDK,MD,AEA,EN,Federal Contract Tower,0,5,19,0,24,0,0,103,0,103,0,5,122,0,127,145,0,145,272
10/05/2020,FDK,MD,AEA,EN,Federal Contract Tower,0,1,19,0,20,0,0,74,0,74,0,1,93,0,94,88,0,88,182
10/06/2020,FDK,MD,AEA,EN,Federal Contract Tower,0,0,17,0,17,0,2,77,0,79,0,2,94,0,96,202,0,202,298
10/07/2020,FDK,MD,AEA,EN,Federal Contract Tower,0,7,12,0,19,0,4,45,0,49,0,11,57,0,68,54,0,54,122
10/08/2020,FDK,MD,AEA,EN,Federal Contract Tower,0,1,11,0,12,0,7,116,0,123,0,8,127,0,135,149,0,149,284
10/09/2020,FDK,MD,AEA,EN,Federal Contract Tower,0,0,14,0,14,0,0,111,0,111,0,0,125,0,125,212,0,212,337
10/10/2020,FDK,MD,AEA,EN,Federal Contract Tower,0,3,20,0,23,0,1,104,0,105,0,4,124,0,128,273,0,273,401
10/11/2020,FDK,MD,AEA,EN,Federal Contract Tower,0,1,16,0,17,0,0,11,0,11,0,1,27,0,28,49,0,49,77
10/12/2020,FDK,MD,AEA,EN,Federal Contract Tower,0,4,9,0,13,0,0,0,0,0,0,4,9,0,13,0,0,0,13
10/13/2020,FDK,MD,AEA,EN,Federal Contract Tower,0,0,16,0,16,0,0,14,2,16,0,0,30,2,32,83,0,83,115
10/14/2020,FDK,MD,AEA,EN,Federal Contract Tower,0,0,17,0,17,0,7,127,2,136,0,7,144,2,153,190,0,190,343
10/15/2020,FDK,MD,AEA,EN,Federal Contract Tower,0,5,10,0,15,0,3,102,2,107,0,8,112,2,122,183,0,183,305
10/16/2020,FDK,MD,AEA,EN,Federal Contract Tower,0,0,17,0,17,0,3,49,0,52,0,3,66,0,69,129,0,129,198
10/17/2020,FDK,MD,AEA,EN,Federal Contract Tower,0,0,9,0,9,0,2,146,0,148,0,2,155,0,157,202,0,202,359
10/18/2020,FDK,MD,AEA,EN,Federal Contract Tower,0,3,10,0,13,0,5,94,2,101,0,8,104,2,114,232,0,232,346
10/19/2020,FDK,MD,AEA,EN,Federal Contract Tower,0,1,34,0,35,0,4,36,6,46,0,5,70,6,81,68,0,68,149
10/20/2020,FDK,MD,AEA,EN,Federal Contract Tower,0,2,12,2,16,0,6,78,0,84,0,8,90,2,100,264,0,264,364
10/21/2020,FDK,MD,AEA,EN,Federal Contract Tower,0,5,27,4,36,0,0,78,6,84,0,5,105,10,120,195,0,195,315
10/22/2020,FDK,MD,AEA,EN,Federal Contract Tower,0,2,11,1,14,0,0,89,2,91,0,2,100,3,105,169,0,169,274
10/23/2020,FDK,MD,AEA,EN,Federal Contract Tower,0,2,16,0,18,0,1,99,0,100,0,3,115,0,118,172,0,172,290
10/24/2020,FDK,MD,AEA,EN,Federal Contract Tower,0,4,21,1,26,0,0,75,0,75,0,4,96,1,101,228,0,228,329
10/25/2020,FDK,MD,AEA,EN,Federal Contract Tower,0,0,26,0,26,0,0,17,0,17,0,0,43,0,43,40,0,40,83
10/26/2020,FDK,MD,AEA,EN,Federal Contract Tower,0,0,26,0,26,0,2,0,0,2,0,2,26,0,28,0,0,0,28
10/27/2020,FDK,MD,AEA,EN,Federal Contract Tower,0,0,29,2,31,0,4,54,2,60,0,4,83,4,91,246,0,246,337
10/28/2020,FDK,MD,AEA,EN,Federal Contract Tower,0,1,32,0,33,0,9,43,0,52,0,10,75,0,85,103,0,103,188
10/29/2020,FDK,MD,AEA,EN,Federal Contract Tower,0,1,2,0,3,0,0,0,0,0,0,1,2,0,3,0,0,0,3
10/31/2020,FDK,MD,AEA,EN,Federal Contract Tower,0,1,24,0,25,0,2,160,3,165,0,3,184,3,190,229,4,233,423
11/01/2020,FDK,MD,AEA,EN,Federal Contract Tower,0,1,17,0,18,0,0,1,0,1,0,1,18,0,19,0,0,0,19
11/02/2020,FDK,MD,AEA,EN,Federal Contract Tower,0,2,1,2,5,0,2,13,4,19,0,4,14,6,24,10,0,10,34
11/03/2020,FDK,MD,AEA,EN,Federal Contract Tower,0,3,2,6,11,0,2,53,3,58,0,5,55,9,69,104,0,104,173
11/04/2020,FDK,MD,AEA,EN,Federal Contract Tower,0,3,14,1,18,0,9,134,3,146,0,12,148,4,164,181,0,181,345
11/05/2020,FDK,MD,AEA,EN,Federal Contract Tower,0,2,18,0,20,0,4,146,0,150,0,6,164,0,170,266,0,266,436
11/06/2020,FDK,MD,AEA,EN,Federal Contract Tower,0,0,15,2,17,0,2,116,0,118,0,2,131,2,135,223,0,223,358
11/07/2020,FDK,MD,AEA,EN,Federal Contract Tower,0,1,12,0,13,0,2,178,1,181,0,3,190,1,194,289,0,289,483
11/08/2020,FDK,MD,AEA,EN,Federal Contract Tower,0,0,13,0,13,0,2,133,0,135,0,2,146,0,148,211,0,211,359
11/09/2020,FDK,MD,AEA,EN,Federal Contract Tower,0,2,12,0,14,0,2,95,2,99,0,4,107,2,113,262,0,262,375
11/10/2020,FDK,MD,AEA,EN,Federal Contract Tower,0,0,16,1,17,0,5,88,0,93,0,5,104,1,110,253,0,253,363
11/11/2020,FDK,MD,AEA,EN,Federal Contract Tower,0,4,24,0,28,0,0,0,0,0,0,4,24,0,28,0,0,0,28
11/12/2020,FDK,MD,AEA,EN,Federal Contract Tower,0,2,24,0,26,0,2,20,0,22,0,4,44,0,48,91,0,91,139
11/13/2020,FDK,MD,AEA,EN,Federal Contract Tower,0,0,10,0,10,0,2,129,0,131,0,2,139,0,141,206,0,206,347
11/14/2020,FDK,MD,AEA,EN,Federal Contract Tower,0,0,13,0,13,0,6,142,0,148,0,6,155,0,161,294,0,294,455
11/15/2020,FDK,MD,AEA,EN,Federal Contract Tower,0,0,6,0,6,0,0,3,0,3,0,0,9,0,9,10,0,10,19
11/16/2020,FDK,MD,AEA,EN,Federal Contract Tower,0,0,11,0,11,0,6,33,0,39,0,6,44,0,50,78,0,78,128
11/17/2020,FDK,MD,AEA,EN,Federal Contract Tower,0,3,10,0,13,0,3,34,0,37,0,6,44,0,50,45,0,45,95
11/18/2020,FDK,MD,AEA,EN,Federal Contract Tower,0,2,15,0,17,0,3,50,2,55,0,5,65,2,72,100,0,100,172
11/19/2020,FDK,MD,AEA,EN,Federal Contract Tower,0,6,19,0,25,0,0,111,1,112,0,6,130,1,137,181,0,181,318
11/20/2020,FDK,MD,AEA,EN,Federal Contract Tower,0,3,14,0,17,0,7,144,2,153,0,10,158,2,170,242,0,242,412
11/21/2020,FDK,MD,AEA,EN,Federal Contract Tower,0,0,23,0,23,0,4,146,0,150,0,4,169,0,173,235,0,235,408
11/22/2020,FDK,MD,AEA,EN,Federal Contract Tower,0,1,15,0,16,0,0,52,2,54,0,1,67,2,70,218,0,218,288
11/23/2020,FDK,MD,AEA,EN,Federal Contract Tower,0,5,2,3,10,0,9,9,1,19,0,14,11,4,29,6,0,6,35
11/24/2020,FDK,MD,AEA,EN,Federal Contract Tower,0,0,21,0,21,0,5,132,0,137,0,5,153,0,158,325,0,325,483
11/25/2020,FDK,MD,AEA,EN,Federal Contract Tower,0,2,16,0,18,0,3,105,2,110,0,5,121,2,128,154,0,154,282
11/26/2020,FDK,MD,AEA,EN,Federal Contract Tower,0,0,3,0,3,0,2,27,0,29,0,2,30,0,32,24,0,24,56
11/27/2020,FDK,MD,AEA,EN,Federal Contract Tower,0,2,13,0,15,0,4,125,0,129,0,6,138,0,144,251,0,251,395
11/28/2020,FDK,MD,AEA,EN,Federal Contract Tower,0,3,7,0,10,0,1,76,0,77,0,4,83,0,87,108,0,108,195
11/29/2020,FDK,MD,AEA,EN,Federal Contract Tower,0,1,18,0,19,0,11,132,0,143,0,12,150,0,162,170,0,170,332
11/30/2020,FDK,MD,AEA,EN,Federal Contract Tower,0,0,5,0,5,0,0,9,0,9,0,0,14,0,14,11,0,11,25
12/01/2020,FDK,MD,AEA,EN,Federal Contract Tower,0,4,2,0,6,0,0,18,0,18,0,4,20,0,24,51,0,51,75
12/02/2020,FDK,MD,AEA,EN,Federal Contract Tower,0,4,20,2,26,0,5,65,4,74,0,9,85,6,100,76,6,82,182
12/03/2020,FDK,MD,AEA,EN,Federal Contract Tower,0,0,15,0,15,0,2,137,3,142,0,2,152,3,157,289,0,289,446
12/04/2020,FDK,MD,AEA,EN,Federal Contract Tower,0,0,9,0,9,0,5,17,0,22,0,5,26,0,31,102,0,102,133
12/05/2020,FDK,MD,AEA,EN,Federal Contract Tower,0,0,1,0,1,0,0,7,0,7,0,0,8,0,8,34,0,34,42
12/06/2020,FDK,MD,AEA,EN,Federal Contract Tower,0,2,17,0,19,0,1,90,0,91,0,3,107,0,110,77,0,77,187
12/07/2020,FDK,MD,AEA,EN,Federal Contract Tower,0,0,2,0,2,0,4,94,0,98,0,4,96,0,100,207,0,207,307
12/08/2020,FDK,MD,AEA,EN,Federal Contract Tower,0,0,6,0,6,0,2,43,2,47,0,2,49,2,53,53,0,53,106
12/09/2020,FDK,MD,AEA,EN,Federal Contract Tower,0,2,9,0,11,0,9,109,2,120,0,11,118,2,131,209,0,209,340
12/10/2020,FDK,MD,AEA,EN,Federal Contract Tower,0,0,6,0,6,0,3,131,2,136,0,3,137,2,142,327,0,327,469
12/11/2020,FDK,MD,AEA,EN,Federal Contract Tower,0,0,9,0,9,0,2,162,0,164,0,2,171,0,173,281,0,281,454
12/12/2020,FDK,MD,AEA,EN,Federal Contract Tower,0,0,16,0,16,0,2,39,0,41,0,2,55,0,57,47,0,47,104
12/13/2020,FDK,MD,AEA,EN,Federal Contract Tower,0,0,10,0,10,0,1,114,0,115,0,1,124,0,125,251,0,251,376
12/14/2020,FDK,MD,AEA,EN,Federal Contract Tower,0,1,1,0,2,0,1,8,0,9,0,2,9,0,11,46,0,46,57
12/15/2020,FDK,MD,AEA,EN,Federal Contract Tower,0,0,7,0,7,0,2,148,0,150,0,2,155,0,157,233,0,233,390
12/16/2020,FDK,MD,AEA,EN,Federal Contract Tower,0,1,0,0,1,0,3,0,0,3,0,4,0,0,4,10,0,10,14
12/17/2020,FDK,MD,AEA,EN,Federal Contract Tower,0,0,0,0,0,0,4,17,0,21,0,4,17,0,21,14,0,14,35
12/18/2020,FDK,MD,AEA,EN,Federal Contract Tower,0,0,8,0,8,0,0,33,0,33,0,0,41,0,41,274,0,274,315
12/19/2020,FDK,MD,AEA,EN,Federal Contract Tower,0,2,8,0,10,0,0,132,0,132,0,2,140,0,142,269,0,269,411
12/20/2020,FDK,MD,AEA,EN,Federal Contract Tower,0,0,7,0,7,0,0,21,0,21,0,0,28,0,28,112,0,112,140
12/21/2020,FDK,MD,AEA,EN,Federal Contract Tower,0,0,4,0,4,0,0,6,0,6,0,0,10,0,10,4,0,4,14
12/22/2020,FDK,MD,AEA,EN,Federal Contract Tower,0,0,4,0,4,0,0,41,0,41,0,0,45,0,45,90,0,90,135
12/23/2020,FDK,MD,AEA,EN,Federal Contract Tower,0,0,12,0,12,0,0,137,7,144,0,0,149,7,156,130,0,130,286
12/24/2020,FDK,MD,AEA,EN,Federal Contract Tower,0,2,2,0,4,0,0,0,0,0,0,2,2,0,4,0,0,0,4
12/25/2020,FDK,MD,AEA,EN,Federal Contract Tower,0,0,0,0,0,0,0,3,0,3,0,0,3,0,3,0,0,0,3
12/26/2020,FDK,MD,AEA,EN,Federal Contract Tower,0,0,11,0,11,0,7,78,0,85,0,7,89,0,96,102,6,108,204
12/27/2020,FDK,MD,AEA,EN,Federal Contract Tower,0,0,10,0,10,0,0,159,0,159,0,0,169,0,169,214,0,214,383
12/28/2020,FDK,MD,AEA,EN,Federal Contract Tower,0,1,13,0,14,0,15,124,0,139,0,16,137,0,153,294,0,294,447
12/29/2020,FDK,MD,AEA,EN,Federal Contract Tower,0,2,8,0,10,0,3,69,2,74,0,5,77,2,84,107,0,107,191
12/30/2020,FDK,MD,AEA,EN,Federal Contract Tower,0,4,19,0,23,0,1,95,2,98,0,5,114,2,121,216,6,222,343
12/31/2020,FDK,MD,AEA,EN,Federal Contract Tower,0,0,5,0,5,0,2,34,0,36,0,2,39,0,41,163,0,163,204
01/01/2021,FDK,MD,AEA,EN,Federal Contract Tower,0,0,0,0,0,0,0,3,0,3,0,0,3,0,3,46,0,46,49
01/02/2021,FDK,MD,AEA,EN,Federal Contract Tower,0,5,6,0,11,0,8,88,0,96,0,13,94,0,107,173,0,173,280
01/03/2021,FDK,MD,AEA,EN,Federal Contract Tower,0,1,5,0,6,0,0,0,0,0,0,1,5,0,6,0,0,0,6
01/04/2021,FDK,MD,AEA,EN,Federal Contract Tower,0,0,12,0,12,0,0,86,0,86,0,0,98,0,98,233,0,233,331
01/05/2021,FDK,MD,AEA,EN,Federal Contract Tower,0,1,3,0,4,0,1,8,0,9,0,2,11,0,13,33,0,33,46
01/06/2021,FDK,MD,AEA,EN,Federal Contract Tower,0,3,8,0,11,0,3,47,2,52,0,6,55,2,63,156,0,156,219
01/07/2021,FDK,MD,AEA,EN,Federal Contract Tower,0,3,6,2,11,0,1,107,2,110,0,4,113,4,121,184,0,184,305
01/08/2021,FDK,MD,AEA,EN,Federal Contract Tower,0,1,2,0,3,0,2,106,4,112,0,3,108,4,115,255,2,257,372
01/09/2021,FDK,MD,AEA,EN,Federal Contract Tower,0,0,7,0,7,0,0,91,0,91,0,0,98,0,98,71,0,71,169
01/10/2021,FDK,MD,AEA,EN,Federal Contract Tower,0,0,15,0,15,0,1,119,0,120,0,1,134,0,135,168,0,168,303
01/11/2021,FDK,MD,AEA,EN,Federal Contract Tower,0,2,4,0,6,0,1,110,0,111,0,3,114,0,117,175,0,175,292
01/12/2021,FDK,MD,AEA,EN,Federal Contract Tower,0,2,11,2,15,0,0,76,2,78,0,2,87,4,93,216,0,216,309
01/13/2021,FDK,MD,AEA,EN,Federal Contract Tower,0,3,12,0,15,0,9,88,0,97,0,12,100,0,112,271,0,271,383
01/14/2021,FDK,MD,AEA,EN,Federal Contract Tower,0,1,17,0,18,0,2,120,0,122,0,3,137,0,140,183,0,183,323
01/15/2021,FDK,MD,AEA,EN,Federal Contract Tower,0,0,1,0,1,0,0,39,0,39,0,0,40,0,40,123,0,123,163
01/16/2021,FDK,MD,AEA,EN,Federal Contract Tower,0,1,7,0,8,0,2,139,0,141,0,3,146,0,149,213,0,213,362
01/17/2021,FDK,MD,AEA,EN,Federal Contract Tower,0,0,4,0,4,0,0,79,0,79,0,0,83,0,83,102,0,102,185
01/18/2021,FDK,MD,AEA,EN,Federal Contract Tower,0,0,10,0,10,0,0,53,2,55,0,0,63,2,65,92,0,92,157
01/19/2021,FDK,MD,AEA,EN,Federal Contract Tower,0,0,2,0,2,0,0,74,2,76,0,0,76,2,78,249,0,249,327
01/20/2021,FDK,MD,AEA,EN,Federal Contract Tower,0,2,7,0,9,0,0,7,0,7,0,2,14,0,16,4,0,4,20
01/21/2021,FDK,MD,AEA,EN,Federal Contract Tower,0,3,5,0,8,0,2,90,0,92,0,5,95,0,100,212,0,212,312
01/22/2021,FDK,MD,AEA,EN,Federal Contract Tower,0,0,12,0,12,0,0,56,0,56,0,0,68,0,68,51,0,51,119
01/23/2021,FDK,MD,AEA,EN,Federal Contract Tower,0,6,5,0,11,0,5,7,0,12,0,11,12,0,23,40,0,40,63
01/24/2021,FDK,MD,AEA,EN,Federal Contract Tower,0,0,9,0,9,0,6,165,0,171,0,6,174,0,180,282,0,282,462
01/25/2021,FDK,MD,AEA,EN,Federal Contract Tower,0,2,3,0,5,0,0,20,0,20,0,2,23,0,25,141,0,141,166
01/26/2021,FDK,MD,AEA,EN,Federal Contract Tower,0,0,2,0,2,0,0,0,0,0,0,0,2,0,2,0,0,0,2
01/27/2021,FDK,MD,AEA,EN,Federal Contract Tower,0,0,12,0,12,0,0,88,0,88,0,0,100,0,100,175,3,178,278
01/28/2021,FDK,MD,AEA,EN,Federal Contract Tower,0,6,3,0,9,0,3,20,0,23,0,9,23,0,32,2,0,2,34
01/29/2021,FDK,MD,AEA,EN,Federal Contract Tower,0,1,5,0,6,0,4,4,0,8,0,5,9,0,14,18,0,18,32
01/30/2021,FDK,MD,AEA,EN,Federal Contract Tower,0,1,16,0,17,0,2,213,0,215,0,3,229,0,232,289,0,289,521
01/31/2021,FDK,MD,AEA,EN,Federal Contract Tower,0,0,0,0,0,0,0,0,0,0,0,0,0,0,0,0,0,0,0
02/01/2021,FDK,MD,AEA,EN,Federal Contract Tower,0,0,0,0,0,0,0,0,0,0,0,0,0,0,0,0,0,0,0
02/02/2021,FDK,MD,AEA,EN,Federal Contract Tower,0,2,8,0,10,0,0,0,0,0,0,2,8,0,10,0,0,0,10
02/03/2021,FDK,MD,AEA,EN,Federal Contract Tower,0,0,8,0,8,0,0,17,12,29,0,0,25,12,37,30,0,30,67
02/04/2021,FDK,MD,AEA,EN,Federal Contract Tower,0,2,17,0,19,0,3,159,4,166,0,5,176,4,185,222,0,222,407
02/05/2021,FDK,MD,AEA,EN,Federal Contract Tower,0,0,12,0,12,0,0,79,0,79,0,0,91,0,91,173,0,173,264
02/06/2021,FDK,MD,AEA,EN,Federal Contract Tower,0,0,7,0,7,0,4,76,2,82,0,4,83,2,89,176,0,176,265
02/07/2021,FDK,MD,AEA,EN,Federal Contract Tower,0,0,1,0,1,0,0,5,0,5,0,0,6,0,6,30,0,30,36
02/08/2021,FDK,MD,AEA,EN,Federal Contract Tower,0,3,6,0,9,0,22,118,0,140,0,25,124,0,149,226,10,236,385
02/09/2021,FDK,MD,AEA,EN,Federal Contract Tower,0,0,8,0,8,0,0,80,0,80,0,0,88,0,88,256,0,256,344
02/10/2021,FDK,MD,AEA,EN,Federal Contract Tower,0,1,2,0,3,0,4,69,0,73,0,5,71,0,76,256,0,256,332
02/11/2021,FDK,MD,AEA,EN,Federal Contract Tower,0,0,3,0,3,0,0,0,0,0,0,0,3,0,3,0,0,0,3
02/12/2021,FDK,MD,AEA,EN,Federal Contract Tower,0,0,3,0,3,0,2,9,0,11,0,2,12,0,14,70,0,70,84
02/13/2021,FDK,MD,AEA,EN,Federal Contract Tower,0,1,1,0,2,0,0,2,0,2,0,1,3,0,4,30,0,30,34
02/14/2021,FDK,MD,AEA,EN,Federal Contract Tower,0,0,12,0,12,0,1,11,0,12,0,1,23,0,24,13,0,13,37
02/15/2021,FDK,MD,AEA,EN,Federal Contract Tower,0,0,0,0,0,0,0,0,0,0,0,0,0,0,0,8,0,8,8
02/16/2021,FDK,MD,AEA,EN,Federal Contract Tower,0,0,5,0,5,0,0,17,0,17,0,0,22,0,22,81,0,81,103
02/17/2021,FDK,MD,AEA,EN,Federal Contract Tower,0,3,9,0,12,0,8,169,4,181,0,11,178,4,193,240,14,254,447
02/18/2021,FDK,MD,AEA,EN,Federal Contract Tower,0,0,0,0,0,0,0,0,0,0,0,0,0,0,0,0,0,0,0
02/19/2021,FDK,MD,AEA,EN,Federal Contract Tower,0,0,2,0,2,0,0,3,0,3,0,0,5,0,5,43,0,43,48
02/20/2021,FDK,MD,AEA,EN,Federal Contract Tower,0,0,5,0,5,0,4,44,0,48,0,4,49,0,53,72,0,72,125
02/21/2021,FDK,MD,AEA,EN,Federal Contract Tower,0,1,7,0,8,0,8,152,3,163,0,9,159,3,171,252,0,252,423
02/22/2021,FDK,MD,AEA,EN,Federal Contract Tower,0,0,4,0,4,0,0,0,0,0,0,0,4,0,4,0,0,0,4
02/23/2021,FDK,MD,AEA,EN,Federal Contract Tower,0,0,5,0,5,0,5,37,0,42,0,5,42,0,47,108,0,108,155
02/24/2021,FDK,MD,AEA,EN,Federal Contract Tower,0,0,15,0,15,0,0,125,0,125,0,0,140,0,140,156,0,156,296
02/25/2021,FDK,MD,AEA,EN,Federal Contract Tower,0,0,13,0,13,0,4,131,0,135,0,4,144,0,148,261,0,261,409
02/26/2021,FDK,MD,AEA,EN,Federal Contract Tower,0,3,16,2,21,0,2,145,2,149,0,5,161,4,170,173,6,179,349
02/27/2021,FDK,MD,AEA,EN,Federal Contract Tower,0,0,10,0,10,0,0,47,0,47,0,0,57,0,57,112,0,112,169
02/28/2021,FDK,MD,AEA,EN,Federal Contract Tower,0,0,14,0,14,0,0,0,0,0,0,0,14,0,14,6,0,6,20
03/01/2021,FDK,MD,AEA,EN,Federal Contract Tower,0,4,11,0,15,0,3,10,0,13,0,7,21,0,28,3,0,3,31
03/02/2021,FDK,MD,AEA,EN,Federal Contract Tower,0,1,10,0,11,0,2,110,0,112,0,3,120,0,123,44,0,44,167
03/03/2021,FDK,MD,AEA,EN,Federal Contract Tower,0,4,11,4,19,0,3,127,0,130,0,7,138,4,149,315,0,315,464
03/05/2021,FDK,MD,AEA,EN,Federal Contract Tower,0,1,13,0,14,0,2,44,0,46,0,3,57,0,60,38,0,38,98
03/06/2021,FDK,MD,AEA,EN,Federal Contract Tower,0,1,11,0,12,0,2,126,0,128,0,3,137,0,140,116,0,116,256
03/07/2021,FDK,MD,AEA,EN,Federal Contract Tower,0,3,12,0,15,0,2,135,0,137,0,5,147,0,152,181,0,181,333
03/08/2021,FDK,MD,AEA,EN,Federal Contract Tower,0,9,5,0,14,0,0,130,2,132,0,9,135,2,146,205,0,205,351
03/09/2021,FDK,MD,AEA,EN,Federal Contract Tower,0,0,8,0,8,0,12,119,0,131,0,12,127,0,139,327,0,327,466
03/10/2021,FDK,MD,AEA,EN,Federal Contract Tower,0,0,19,0,19,0,4,146,0,150,0,4,165,0,169,261,0,261,430
03/11/2021,FDK,MD,AEA,EN,Federal Contract Tower,0,3,15,0,18,0,1,130,0,131,0,4,145,0,149,233,0,233,382
03/12/2021,FDK,MD,AEA,EN,Federal Contract Tower,0,1,19,0,20,0,10,51,0,61,0,11,70,0,81,188,0,188,269
03/13/2021,FDK,MD,AEA,EN,Federal Contract Tower,0,4,8,0,12,0,6,157,0,163,0,10,165,0,175,211,0,211,386
03/14/2021,FDK,MD,AEA,EN,Federal Contract Tower,0,0,4,0,4,0,1,51,0,52,0,1,55,0,56,9,0,9,65
03/15/2021,FDK,MD,AEA,EN,Federal Contract Tower,0,0,10,0,10,0,7,87,0,94,0,7,97,0,104,336,0,336,440
03/16/2021,FDK,MD,AEA,EN,Federal Contract Tower,0,0,16,0,16,0,4,10,0,14,0,4,26,0,30,118,0,118,148
03/17/2021,FDK,MD,AEA,EN,Federal Contract Tower,0,2,19,2,23,0,2,6,0,8,0,4,25,2,31,107,2,109,140
03/18/2021,FDK,MD,AEA,EN,Federal Contract Tower,0,0,10,0,10,0,0,0,0,0,0,0,10,0,10,0,0,0,10
03/19/2021,FDK,MD,AEA,EN,Federal Contract Tower,0,0,9,0,9,0,3,10,0,13,0,3,19,0,22,26,0,26,48
03/20/2021,FDK,MD,AEA,EN,Federal Contract Tower,0,1,7,0,8,0,5,181,0,186,0,6,188,0,194,293,0,293,487
03/21/2021,FDK,MD,AEA,EN,Federal Contract Tower,0,1,14,0,15,0,2,160,0,162,0,3,174,0,177,218,0,218,395
03/22/2021,FDK,MD,AEA,EN,Federal Contract Tower,0,2,7,0,9,0,8,123,0,131,0,10,130,0,140,262,0,262,402
03/23/2021,FDK,MD,AEA,EN,Federal Contract Tower,0,2,15,3,20,0,10,89,0,99,0,12,104,3,119,230,1,231,350
03/24/2021,FDK,MD,AEA,EN,Federal Contract Tower,0,2,2,0,4,0,0,0,0,0,0,2,2,0,4,0,0,0,4
03/25/2021,FDK,MD,AEA,EN,Federal Contract Tower,0,1,30,0,31,0,0,2,0,2,0,1,32,0,33,56,0,56,89
03/26/2021,FDK,MD,AEA,EN,Federal Contract Tower,0,2,7,0,9,0,0,13,0,13,0,2,20,0,22,4,0,4,26
03/27/2021,FDK,MD,AEA,EN,Federal Contract Tower,0,0,11,0,11,0,6,152,0,158,0,6,163,0,169,294,0,294,463
03/29/2021,FDK,MD,AEA,EN,Federal Contract Tower,0,0,10,0,10,0,1,70,0,71,0,1,80,0,81,191,0,191,272
03/30/2021,FDK,MD,AEA,EN,Federal Contract Tower,0,4,10,1,15,0,2,113,2,117,0,6,123,3,132,152,0,152,284
03/31/2021,FDK,MD,AEA,EN,Federal Contract Tower,0,2,16,0,18,0,1,2,0,3,0,3,18,0,21,68,0,68,89
04/01/2021,FDK,MD,AEA,EN,Federal Contract Tower,0,1,5,0,6,0,0,23,0,23,0,1,28,0,29,59,0,59,88
04/02/2021,FDK,MD,AEA,EN,Federal Contract Tower,0,0,9,0,9,0,2,31,0,33,0,2,40,0,42,22,0,22,64
04/03/2021,FDK,MD,AEA,EN,Federal Contract Tower,0,0,10,0,10,0,5,155,0,160,0,5,165,0,170,350,0,350,520
04/04/2021,FDK,MD,AEA,EN,Federal Contract Tower,0,0,6,0,6,0,6,89,0,95,0,6,95,0,101,61,0,61,162
04/05/2021,FDK,MD,AEA,EN,Federal Contract Tower,0,2,15,0,17,0,6,105,0,111,0,8,120,0,128,280,0,280,408
04/06/2021,FDK,MD,AEA,EN,Federal Contract Tower,0,3,3,0,6,0,26,132,0,158,0,29,135,0,164,248,0,248,412
04/07/2021,FDK,MD,AEA,EN,Federal Contract Tower,0,2,20,1,23,0,6,127,2,135,0,8,147,3,158,220,4,224,382
04/08/2021,FDK,MD,AEA,EN,Federal Contract Tower,0,2,9,0,11,0,20,77,0,97,0,22,86,0,108,303,0,303,411
04/09/2021,FDK,MD,AEA,EN,Federal Contract Tower,0,1,23,0,24,0,0,0,0,0,0,1,23,0,24,0,0,0,24
04/10/2021,FDK,MD,AEA,EN,Federal Contract Tower,0,0,35,0,35,0,3,13,0,16,0,3,48,0,51,174,0,174,225
04/11/2021,FDK,MD,AEA,EN,Federal Contract Tower,0,2,23,0,25,0,3,43,0,46,0,5,66,0,71,205,0,205,276
04/12/2021,FDK,MD,AEA,EN,Federal Contract Tower,0,3,29,0,32,0,0,8,0,8,0,3,37,0,40,183,0,183,223
04/13/2021,FDK,MD,AEA,EN,Federal Contract Tower,0,0,35,0,35,0,4,54,1,59,0,4,89,1,94,180,2,182,276
04/14/2021,FDK,MD,AEA,EN,Federal Contract Tower,0,5,16,0,21,0,3,27,0,30,0,8,43,0,51,113,0,113,164
04/15/2021,FDK,MD,AEA,EN,Federal Contract Tower,0,7,3,0,10,0,1,74,0,75,0,8,77,0,85,91,0,91,176
04/16/2021,FDK,MD,AEA,EN,Federal Contract Tower,0,2,11,0,13,0,8,50,0,58,0,10,61,0,71,203,0,203,274
04/17/2021,FDK,MD,AEA,EN,Federal Contract Tower,0,0,12,0,12,0,3,168,0,171,0,3,180,0,183,213,0,213,396
04/18/2021,FDK,MD,AEA,EN,Federal Contract Tower,0,0,6,0,6,0,2,160,0,162,0,2,166,0,168,166,5,171,339
04/19/2021,FDK,MD,AEA,EN,Federal Contract Tower,0,2,9,0,11,0,4,104,0,108,0,6,113,0,119,179,0,179,298
04/20/2021,FDK,MD,AEA,EN,Federal Contract Tower,0,4,11,0,15,0,2,133,2,137,0,6,144,2,152,263,0,263,415
04/21/2021,FDK,MD,AEA,EN,Federal Contract Tower,0,0,4,0,4,0,6,15,0,21,0,6,19,0,25,22,0,22,47
04/22/2021,FDK,MD,AEA,EN,Federal Contract Tower,0,3,9,0,12,0,4,20,0,24,0,7,29,0,36,0,0,0,36
04/23/2021,FDK,MD,AEA,EN,Federal Contract Tower,0,0,14,0,14,0,1,108,2,111,0,1,122,2,125,202,9,211,336
04/24/2021,FDK,MD,AEA,EN,Federal Contract Tower,0,1,9,0,10,0,2,153,0,155,0,3,162,0,165,283,0,283,448
04/25/2021,FDK,MD,AEA,EN,Federal Contract Tower,0,1,3,0,4,0,2,21,0,23,0,3,24,0,27,36,0,36,63
04/26/2021,FDK,MD,AEA,EN,Federal Contract Tower,0,0,12,1,13,0,5,110,0,115,0,5,122,1,128,148,0,148,276
04/27/2021,FDK,MD,AEA,EN,Federal Contract Tower,0,2,8,0,10,0,11,142,1,154,0,13,150,1,164,300,1,301,465
04/28/2021,FDK,MD,AEA,EN,Federal Contract Tower,0,1,9,0,10,0,8,121,0,129,0,9,130,0,139,189,0,189,328
04/30/2021,FDK,MD,AEA,EN,Federal Contract Tower,0,1,3,0,4,0,2,0,0,2,0,3,3,0,6,0,0,0,6
05/01/2021,FDK,MD,AEA,EN,Federal Contract Tower,0,1,5,0,6,0,2,98,0,100,0,3,103,0,106,164,0,164,270
05/02/2021,FDK,MD,AEA,EN,Federal Contract Tower,0,2,13,0,15,0,0,94,1,95,0,2,107,1,110,185,0,185,295
05/03/2021,FDK,MD,AEA,EN,Federal Contract Tower,0,3,8,0,11,0,6,16,0,22,0,9,24,0,33,182,0,182,215
05/04/2021,FDK,MD,AEA,EN,Federal Contract Tower,0,3,14,0,17,0,4,78,0,82,0,7,92,0,99,325,0,325,424
05/05/2021,FDK,MD,AEA,EN,Federal Contract Tower,0,4,16,0,20,0,0,22,0,22,0,4,38,0,42,94,0,94,136
05/06/2021,FDK,MD,AEA,EN,Federal Contract Tower,0,0,7,0,7,0,9,171,0,180,0,9,178,0,187,387,0,387,574
05/07/2021,FDK,MD,AEA,EN,Federal Contract Tower,0,4,12,0,16,0,2,56,0,58,0,6,68,0,74,156,0,156,230
05/08/2021,FDK,MD,AEA,EN,Federal Contract Tower,0,0,5,0,5,0,1,9,0,10,0,1,14,0,15,94,0,94,109
05/09/2021,FDK,MD,AEA,EN,Federal Contract Tower,0,0,9,0,9,0,3,56,1,60,0,3,65,1,69,197,0,197,266
05/10/2021,FDK,MD,AEA,EN,Federal Contract Tower,0,0,7,0,7,0,8,66,0,74,0,8,73,0,81,200,0,200,281
05/11/2021,FDK,MD,AEA,EN,Federal Contract Tower,0,1,15,0,16,0,3,104,0,107,0,4,119,0,123,241,0,241,364
05/12/2021,FDK,MD,AEA,EN,Federal Contract Tower,0,0,20,2,22,0,9,118,0,127,0,9,138,2,149,200,0,200,349
05/13/2021,FDK,MD,AEA,EN,Federal Contract Tower,0,1,15,0,16,0,4,113,1,118,0,5,128,1,134,271,0,271,405
05/14/2021,FDK,MD,AEA,EN,Federal Contract Tower,0,0,14,2,16,0,5,121,0,126,0,5,135,2,142,219,0,219,361
05/15/2021,FDK,MD,AEA,EN,Federal Contract Tower,0,0,11,0,11,0,2,180,0,182,0,2,191,0,193,299,0,299,492
05/16/2021,FDK,MD,AEA,EN,Federal Contract Tower,0,3,10,0,13,0,2,59,1,62,0,5,69,1,75,204,0,204,279
05/17/2021,FDK,MD,AEA,EN,Federal Contract Tower,0,1,7,0,8,0,3,96,0,99,0,4,103,0,107,208,0,208,315
05/18/2021,FDK,MD,AEA,EN,Federal Contract Tower,0,2,16,2,20,0,8,118,0,126,0,10,134,2,146,245,0,245,391
05/19/2021,FDK,MD,AEA,EN,Federal Contract Tower,0,4,15,2,21,0,2,129,1,132,0,6,144,3,153,275,0,275,428
05/20/2021,FDK,MD,AEA,EN,Federal Contract Tower,0,4,11,0,15,0,2,117,0,119,0,6,128,0,134,258,0,258,392
05/21/2021,FDK,MD,AEA,EN,Federal Contract Tower,0,0,8,0,8,0,1,89,0,90,0,1,97,0,98,214,0,214,312
05/22/2021,FDK,MD,AEA,EN,Federal Contract Tower,0,6,3,0,9,0,3,129,0,132,0,9,132,0,141,218,0,218,359
05/23/2021,FDK,MD,AEA,EN,Federal Contract Tower,0,5,10,0,15,0,6,84,1,91,0,11,94,1,106,95,0,95,201
05/24/2021,FDK,MD,AEA,EN,Federal Contract Tower,0,7,19,0,26,0,0,0,0,0,0,7,19,0,26,18,0,18,44
05/25/2021,FDK,MD,AEA,EN,Federal Contract Tower,0,7,33,0,40,0,6,50,0,56,0,13,83,0,96,215,0,215,311
05/26/2021,FDK,MD,AEA,EN,Federal Contract Tower,0,1,13,0,14,0,0,69,0,69,0,1,82,0,83,232,0,232,315
05/27/2021,FDK,MD,AEA,EN,Federal Contract Tower,0,2,11,0,13,0,0,175,0,175,0,2,186,0,188,199,0,199,387
05/28/2021,FDK,MD,AEA,EN,Federal Contract Tower,0,3,19,0,22,0,2,53,0,55,0,5,72,0,77,136,0,136,213
05/29/2021,FDK,MD,AEA,EN,Federal Contract Tower,0,2,11,0,13,0,0,0,0,0,0,2,11,0,13,0,0,0,13
05/30/2021,FDK,MD,AEA,EN,Federal Contract Tower,0,1,29,0,30,0,0,10,0,10,0,1,39,0,40,122,0,122,162
05/31/2021,FDK,MD,AEA,EN,Federal Contract Tower,0,5,7,0,12,0,2,140,2,144,0,7,147,2,156,130,0,130,286
06/01/2021,FDK,MD,AEA,EN,Federal Contract Tower,0,3,7,2,12,0,0,105,0,105,0,3,112,2,117,244,0,244,361
06/02/2021,FDK,MD,AEA,EN,Federal Contract Tower,0,3,13,2,18,0,0,124,0,124,0,3,137,2,142,260,0,260,402
06/03/2021,FDK,MD,AEA,EN,Federal Contract Tower,0,0,14,0,14,0,0,5,0,5,0,0,19,0,19,60,0,60,79
06/04/2021,FDK,MD,AEA,EN,Federal Contract Tower,0,1,19,0,20,0,0,53,0,53,0,1,72,0,73,243,0,243,316
06/05/2021,FDK,MD,AEA,EN,Federal Contract Tower,0,0,15,0,15,0,2,115,0,117,0,2,130,0,132,202,0,202,334
06/06/2021,FDK,MD,AEA,EN,Federal Contract Tower,0,0,13,0,13,0,2,124,0,126,0,2,137,0,139,260,0,260,399
06/07/2021,FDK,MD,AEA,EN,Federal Contract Tower,0,0,7,0,7,0,2,85,0,87,0,2,92,0,94,263,0,263,357
06/08/2021,FDK,MD,AEA,EN,Federal Contract Tower,0,0,9,0,9,0,1,87,0,88,0,1,96,0,97,332,0,332,429
06/09/2021,FDK,MD,AEA,EN,Federal Contract Tower,0,4,10,1,15,0,7,83,0,90,0,11,93,1,105,199,0,199,304
06/10/2021,FDK,MD,AEA,EN,Federal Contract Tower,0,1,8,0,9,0,2,48,0,50,0,3,56,0,59,216,0,216,275
06/11/2021,FDK,MD,AEA,EN,Federal Contract Tower,0,3,8,0,11,0,0,0,0,0,0,3,8,0,11,0,0,0,11
06/12/2021,FDK,MD,AEA,EN,Federal Contract Tower,0,1,28,0,29,0,3,34,0,37,0,4,62,0,66,238,0,238,304
06/13/2021,FDK,MD,AEA,EN,Federal Contract Tower,0,0,8,0,8,0,4,28,0,32,0,4,36,0,40,189,0,189,229
06/14/2021,FDK,MD,AEA,EN,Federal Contract Tower,0,5,16,0,21,0,1,96,0,97,0,6,112,0,118,244,0,244,362
06/15/2021,FDK,MD,AEA,EN,Federal Contract Tower,0,0,8,0,8,0,6,109,0,115,0,6,117,0,123,139,0,139,262
06/16/2021,FDK,MD,AEA,EN,Federal Contract Tower,0,4,14,0,18,0,2,161,1,164,0,6,175,1,182,268,16,284,466
06/17/2021,FDK,MD,AEA,EN,Federal Contract Tower,0,0,13,0,13,0,2,111,0,113,0,2,124,0,126,254,0,254,380
06/18/2021,FDK,MD,AEA,EN,Federal Contract Tower,0,3,9,1,13,0,2,154,0,156,0,5,163,1,169,217,0,217,386
06/19/2021,FDK,MD,AEA,EN,Federal Contract Tower,0,2,14,0,16,0,5,114,0,119,0,7,128,0,135,96,0,96,231
06/20/2021,FDK,MD,AEA,EN,Federal Contract Tower,0,3,10,0,13,0,0,171,0,171,0,3,181,0,184,162,0,162,346
06/21/2021,FDK,MD,AEA,EN,Federal Contract Tower,0,0,19,0,19,0,0,54,0,54,0,0,73,0,73,96,0,96,169
06/22/2021,FDK,MD,AEA,EN,Federal Contract Tower,0,5,14,0,19,0,13,16,0,29,0,18,30,0,48,14,2,16,64
06/23/2021,FDK,MD,AEA,EN,Federal Contract Tower,0,3,19,0,22,0,4,206,0,210,0,7,225,0,232,268,0,268,500
06/24/2021,FDK,MD,AEA,EN,Federal Contract Tower,0,0,17,0,17,0,2,132,2,136,0,2,149,2,153,207,0,207,360
06/25/2021,FDK,MD,AEA,EN,Federal Contract Tower,0,4,7,0,11,0,0,95,0,95,0,4,102,0,106,179,0,179,285
06/26/2021,FDK,MD,AEA,EN,Federal Contract Tower,0,4,16,0,20,0,4,51,0,55,0,8,67,0,75,214,0,214,289
06/27/2021,FDK,MD,AEA,EN,Federal Contract Tower,0,5,30,0,35,0,5,57,0,62,0,10,87,0,97,120,0,120,217
06/28/2021,FDK,MD,AEA,EN,Federal Contract Tower,0,1,9,0,10,0,7,104,0,111,0,8,113,0,121,118,0,118,239
06/29/2021,FDK,MD,AEA,EN,Federal Contract Tower,0,4,15,0,19,0,1,103,0,104,0,5,118,0,123,237,0,237,360
06/30/2021,FDK,MD,AEA,EN,Federal Contract Tower,0,4,13,0,17,0,4,112,0,116,0,8,125,0,133,204,0,204,337
07/01/2021,FDK,MD,AEA,EN,Federal Contract Tower,0,2,7,0,9,0,5,25,0,30,0,7,32,0,39,140,0,140,179
07/02/2021,FDK,MD,AEA,EN,Federal Contract Tower,0,3,24,0,27,0,1,71,0,72,0,4,95,0,99,193,0,193,292
07/03/2021,FDK,MD,AEA,EN,Federal Contract Tower,0,6,9,0,15,0,5,89,0,94,0,11,98,0,109,108,0,108,217
07/04/2021,FDK,MD,AEA,EN,Federal Contract Tower,0,0,11,0,11,0,4,78,0,82,0,4,89,0,93,99,0,99,192
07/05/2021,FDK,MD,AEA,EN,Federal Contract Tower,0,2,16,0,18,0,3,132,0,135,0,5,148,0,153,284,0,284,437
07/06/2021,FDK,MD,AEA,EN,Federal Contract Tower,0,2,6,0,8,0,3,131,0,134,0,5,137,0,142,229,0,229,371
07/07/2021,FDK,MD,AEA,EN,Federal Contract Tower,0,0,10,0,10,0,7,92,3,102,0,7,102,3,112,124,0,124,236
07/08/2021,FDK,MD,AEA,EN,Federal Contract Tower,0,4,6,0,10,0,3,59,4,66,0,7,65,4,76,137,0,137,213
07/09/2021,FDK,MD,AEA,EN,Federal Contract Tower,0,0,12,0,12,0,1,68,0,69,0,1,80,0,81,155,0,155,236
07/10/2021,FDK,MD,AEA,EN,Federal Contract Tower,0,1,12,2,15,0,1,177,0,178,0,2,189,2,193,210,0,210,403
07/11/2021,FDK,MD,AEA,EN,Federal Contract Tower,0,4,12,0,16,0,0,37,0,37,0,4,49,0,53,155,0,155,208
07/12/2021,FDK,MD,AEA,EN,Federal Contract Tower,0,0,11,0,11,0,7,62,0,69,0,7,73,0,80,202,0,202,282
07/13/2021,FDK,MD,AEA,EN,Federal Contract Tower,0,8,4,2,14,0,8,99,2,109,0,16,103,4,123,177,0,177,300
07/15/2021,FDK,MD,AEA,EN,Federal Contract Tower,0,3,9,0,12,0,2,134,0,136,0,5,143,0,148,175,0,175,323
07/16/2021,FDK,MD,AEA,EN,Federal Contract Tower,0,1,16,1,18,0,4,152,1,157,0,5,168,2,175,160,0,160,335
07/17/2021,FDK,MD,AEA,EN,Federal Contract Tower,0,3,11,0,14,0,2,52,2,56,0,5,63,2,70,211,0,211,281
07/18/2021,FDK,MD,AEA,EN,Federal Contract Tower,0,1,11,0,12,0,2,61,0,63,0,3,72,0,75,172,0,172,247
07/19/2021,FDK,MD,AEA,EN,Federal Contract Tower,0,3,8,0,11,0,10,105,0,115,0,13,113,0,126,379,0,379,505
07/20/2021,FDK,MD,AEA,EN,Federal Contract Tower,0,1,11,0,12,0,6,99,2,107,0,7,110,2,119,273,0,273,392
07/21/2021,FDK,MD,AEA,EN,Federal Contract Tower,0,6,16,0,22,0,1,48,0,49,0,7,64,0,71,192,0,192,263
07/22/2021,FDK,MD,AEA,EN,Federal Contract Tower,0,2,6,0,8,0,6,154,0,160,0,8,160,0,168,236,0,236,404
07/23/2021,FDK,MD,AEA,EN,Federal Contract Tower,0,0,9,0,9,0,4,114,0,118,0,4,123,0,127,222,0,222,349
07/24/2021,FDK,MD,AEA,EN,Federal Contract Tower,0,6,15,0,21,0,3,118,0,121,0,9,133,0,142,236,0,236,378
07/25/2021,FDK,MD,AEA,EN,Federal Contract Tower,0,2,15,0,17,0,7,86,0,93,0,9,101,0,110,162,0,162,272
08/07/2021,FDK,MD,AEA,EN,Federal Contract Tower,0,6,12,0,18,0,0,93,0,93,0,6,105,0,111,188,0,188,299
08/08/2021,FDK,MD,AEA,EN,Federal Contract Tower,0,3,8,0,11,0,9,126,0,135,0,12,134,0,146,170,0,170,316
08/09/2021,FDK,MD,AEA,EN,Federal Contract Tower,0,1,9,2,12,0,3,86,0,89,0,4,95,2,101,204,0,204,305
08/10/2021,FDK,MD,AEA,EN,Federal Contract Tower,0,4,11,0,15,0,2,92,0,94,0,6,103,0,109,238,0,238,347
08/11/2021,FDK,MD,AEA,EN,Federal Contract Tower,0,1,6,0,7,0,6,61,0,67,0,7,67,0,74,148,0,148,222
08/12/2021,FDK,MD,AEA,EN,Federal Contract Tower,0,3,8,0,11,0,0,127,2,129,0,3,135,2,140,217,0,217,357
08/13/2021,FDK,MD,AEA,EN,Federal Contract Tower,0,0,9,0,9,0,0,98,0,98,0,0,107,0,107,120,0,120,227
08/14/2021,FDK,MD,AEA,EN,Federal Contract Tower,0,1,9,0,10,0,6,112,0,118,0,7,121,0,128,144,0,144,272
08/15/2021,FDK,MD,AEA,EN,Federal Contract Tower,0,0,11,0,11,0,6,101,0,107,0,6,112,0,118,218,0,218,336
08/16/2021,FDK,MD,AEA,EN,Federal Contract Tower,0,0,18,0,18,0,6,3,0,9,0,6,21,0,27,45,0,45,72
08/17/2021,FDK,MD,AEA,EN,Federal Contract Tower,0,1,11,0,12,0,4,9,0,13,0,5,20,0,25,66,0,66,91
08/18/2021,FDK,MD,AEA,EN,Federal Contract Tower,0,2,13,0,15,0,2,3,0,5,0,4,16,0,20,4,0,4,24
08/19/2021,FDK,MD,AEA,EN,Federal Contract Tower,0,2,18,2,22,0,6,144,0,150,0,8,162,2,172,227,0,227,399
08/20/2021,FDK,MD,AEA,EN,Federal Contract Tower,0,1,5,0,6,0,0,35,0,35,0,1,40,0,41,126,0,126,167
08/21/2021,FDK,MD,AEA,EN,Federal Contract Tower,0,0,12,0,12,0,2,105,0,107,0,2,117,0,119,135,0,135,254
08/22/2021,FDK,MD,AEA,EN,Federal Contract Tower,0,0,15,0,15,0,6,80,0,86,0,6,95,0,101,199,0,199,300
08/23/2021,FDK,MD,AEA,EN,Federal Contract Tower,0,0,11,0,11,0,1,92,0,93,0,1,103,0,104,176,0,176,280
08/24/2021,FDK,MD,AEA,EN,Federal Contract Tower,0,8,11,1,20,0,0,150,1,151,0,8,161,2,171,186,0,186,357
08/25/2021,FDK,MD,AEA,EN,Federal Contract Tower,0,4,16,0,20,0,3,81,0,84,0,7,97,0,104,142,0,142,246
08/26/2021,FDK,MD,AEA,EN,Federal Contract Tower,0,2,21,0,23,0,1,129,3,133,0,3,150,3,156,224,0,224,380
08/27/2021,FDK,MD,AEA,EN,Federal Contract Tower,0,0,17,0,17,0,2,126,0,128,0,2,143,0,145,190,0,190,335
08/28/2021,FDK,MD,AEA,EN,Federal Contract Tower,0,1,20,0,21,0,2,68,0,70,0,3,88,0,91,118,0,118,209
08/29/2021,FDK,MD,AEA,EN,Federal Contract Tower,0,1,32,0,33,0,0,18,0,18,0,1,50,0,51,24,0,24,75
08/30/2021,FDK,MD,AEA,EN,Federal Contract Tower,0,0,23,0,23,0,5,70,0,75,0,5,93,0,98,142,2,144,242
08/31/2021,FDK,MD,AEA,EN,Federal Contract Tower,0,5,6,0,11,0,1,47,0,48,0,6,53,0,59,141,0,141,200
09/01/2021,FDK,MD,AEA,EN,Federal Contract Tower,0,5,3,0,8,0,0,0,0,0,0,5,3,0,8,0,0,0,8
09/02/2021,FDK,MD,AEA,EN,Federal Contract Tower,0,1,10,0,11,0,1,94,0,95,0,2,104,0,106,104,0,104,210
09/03/2021,FDK,MD,AEA,EN,Federal Contract Tower,0,1,15,0,16,0,5,167,0,172,0,6,182,0,188,170,0,170,358
09/04/2021,FDK,MD,AEA,EN,Federal Contract Tower,0,6,5,0,11,0,4,103,0,107,0,10,108,0,118,133,0,133,251
09/05/2021,FDK,MD,AEA,EN,Federal Contract Tower,0,6,15,0,21,0,2,37,0,39,0,8,52,0,60,127,0,127,187
09/06/2021,FDK,MD,AEA,EN,Federal Contract Tower,0,4,11,0,15,0,1,102,0,103,0,5,113,0,118,133,0,133,251
09/07/2021,FDK,MD,AEA,EN,Federal Contract Tower,0,0,12,2,14,0,1,92,0,93,0,1,104,2,107,142,0,142,249
09/08/2021,FDK,MD,AEA,EN,Federal Contract Tower,0,2,15,0,17,0,6,79,0,85,0,8,94,0,102,155,0,155,257
09/09/2021,FDK,MD,AEA,EN,Federal Contract Tower,0,0,7,0,7,0,2,61,0,63,0,2,68,0,70,168,0,168,238
09/10/2021,FDK,MD,AEA,EN,Federal Contract Tower,0,2,9,0,11,0,2,121,0,123,0,4,130,0,134,159,0,159,293
09/11/2021,FDK,MD,AEA,EN,Federal Contract Tower,0,0,11,0,11,0,9,123,0,132,0,9,134,0,143,198,0,198,341
09/12/2021,FDK,MD,AEA,EN,Federal Contract Tower,0,4,10,0,14,0,12,122,0,134,0,16,132,0,148,130,0,130,278
09/13/2021,FDK,MD,AEA,EN,Federal Contract Tower,0,0,16,0,16,0,2,84,0,86,0,2,100,0,102,113,0,113,215
09/14/2021,FDK,MD,AEA,EN,Federal Contract Tower,0,0,14,0,14,0,6,91,0,97,0,6,105,0,111,144,0,144,255
09/15/2021,FDK,MD,AEA,EN,Federal Contract Tower,0,3,26,0,29,0,5,93,0,98,0,8,119,0,127,74,0,74,201
09/16/2021,FDK,MD,AEA,EN,Federal Contract Tower,0,5,23,0,28,0,1,25,0,26,0,6,48,0,54,88,0,88,142
09/17/2021,FDK,MD,AEA,EN,Federal Contract Tower,0,3,30,0,33,0,4,5,0,9,0,7,35,0,42,44,0,44,86
09/18/2021,FDK,MD,AEA,EN,Federal Contract Tower,0,0,29,0,29,0,6,101,0,107,0,6,130,0,136,48,0,48,184
09/19/2021,FDK,MD,AEA,EN,Federal Contract Tower,0,1,20,0,21,0,4,176,0,180,0,5,196,0,201,86,0,86,287
09/20/2021,FDK,MD,AEA,EN,Federal Contract Tower,0,0,14,0,14,0,12,117,0,129,0,12,131,0,143,212,0,212,355
09/21/2021,FDK,MD,AEA,EN,Federal Contract Tower,0,0,20,0,20,0,9,32,0,41,0,9,52,0,61,212,0,212,273
09/22/2021,FDK,MD,AEA,EN,Federal Contract Tower,0,10,15,2,27,0,0,0,2,2,0,10,15,4,29,0,0,0,29
09/23/2021,FDK,MD,AEA,EN,Federal Contract Tower,0,5,19,1,25,0,12,63,1,76,0,17,82,2,101,98,0,98,199
09/24/2021,FDK,MD,AEA,EN,Federal Contract Tower,0,4,9,0,13,0,33,169,0,202,0,37,178,0,215,198,0,198,413
09/25/2021,FDK,MD,AEA,EN,Federal Contract Tower,0,0,23,0,23,0,2,124,0,126,0,2,147,0,149,160,0,160,309
09/26/2021,FDK,MD,AEA,EN,Federal Contract Tower,0,4,4,0,8,0,2,113,10,125,0,6,117,10,133,168,0,168,301
09/27/2021,FDK,MD,AEA,EN,Federal Contract Tower,0,1,13,0,14,0,10,112,0,122,0,11,125,0,136,164,0,164,300
09/28/2021,FDK,MD,AEA,EN,Federal Contract Tower,0,3,12,0,15,0,7,41,0,48,0,10,53,0,63,104,0,104,167
09/29/2021,FDK,MD,AEA,EN,Federal Contract Tower,0,4,17,0,21,0,13,118,0,131,0,17,135,0,152,158,0,158,310
09/30/2021,FDK,MD,AEA,EN,Federal Contract Tower,0,2,6,0,8,0,12,109,0,121,0,14,115,0,129,234,0,234,363
10/01/2021,FDK,MD,AEA,EN,Federal Contract Tower,0,5,5,0,10,0,2,178,0,180,0,7,183,0,190,186,0,186,376
10/02/2021,FDK,MD,AEA,EN,Federal Contract Tower,0,1,23,0,24,0,3,145,0,148,0,4,168,0,172,112,0,112,284
10/03/2021,FDK,MD,AEA,EN,Federal Contract Tower,0,3,8,0,11,0,7,123,0,130,0,10,131,0,141,186,0,186,327
10/04/2021,FDK,MD,AEA,EN,Federal Contract Tower,0,6,0,17,23,0,6,65,0,71,0,12,65,17,94,203,0,203,297
10/05/2021,FDK,MD,AEA,EN,Federal Contract Tower,0,4,24,0,28,0,2,12,0,14,0,6,36,0,42,56,0,56,98
10/06/2021,FDK,MD,AEA,EN,Federal Contract Tower,0,2,23,0,25,0,3,0,0,3,0,5,23,0,28,22,0,22,50
10/07/2021,FDK,MD,AEA,EN,Federal Contract Tower,0,14,10,2,26,0,9,57,10,76,0,23,67,12,102,192,0,192,294
10/08/2021,FDK,MD,AEA,EN,Federal Contract Tower,0,3,19,0,22,1,3,86,0,90,1,6,105,0,112,209,0,209,321
10/09/2021,FDK,MD,AEA,EN,Federal Contract Tower,0,4,19,0,23,0,8,50,0,58,0,12,69,0,81,136,0,136,217
10/10/2021,FDK,MD,AEA,EN,Federal Contract Tower,0,0,20,0,20,0,0,0,0,0,0,0,20,0,20,24,0,24,44
10/11/2021,FDK,MD,AEA,EN,Federal Contract Tower,0,6,13,0,19,0,5,9,0,14,0,11,22,0,33,64,0,64,97
10/12/2021,FDK,MD,AEA,EN,Federal Contract Tower,0,0,38,2,40,0,6,8,0,14,0,6,46,2,54,40,0,40,94
10/13/2021,FDK,MD,AEA,EN,Federal Contract Tower,0,5,25,0,30,0,0,39,0,39,0,5,64,0,69,192,0,192,261
10/14/2021,FDK,MD,AEA,EN,Federal Contract Tower,0,5,9,0,14,0,2,112,2,116,0,7,121,2,130,266,0,266,396
10/15/2021,FDK,MD,AEA,EN,Federal Contract Tower,0,9,9,0,18,0,3,126,0,129,0,12,135,0,147,185,0,185,332
10/16/2021,FDK,MD,AEA,EN,Federal Contract Tower,0,0,4,0,4,0,0,34,0,34,0,0,38,0,38,64,0,64,102
10/17/2021,FDK,MD,AEA,EN,Federal Contract Tower,0,3,10,2,15,0,14,51,0,65,0,17,61,2,80,47,0,47,127
10/18/2021,FDK,MD,AEA,EN,Federal Contract Tower,0,0,8,0,8,0,3,64,0,67,0,3,72,0,75,85,0,85,160
10/19/2021,FDK,MD,AEA,EN,Federal Contract Tower,0,0,7,0,7,0,7,103,0,110,0,7,110,0,117,178,0,178,295
10/20/2021,FDK,MD,AEA,EN,Federal Contract Tower,0,3,14,0,17,0,4,136,2,142,0,7,150,2,159,168,0,168,327
10/21/2021,FDK,MD,AEA,EN,Federal Contract Tower,0,2,11,0,13,0,4,138,0,142,0,6,149,0,155,262,0,262,417
10/22/2021,FDK,MD,AEA,EN,Federal Contract Tower,0,6,18,0,24,0,3,122,0,125,0,9,140,0,149,154,0,154,303
10/23/2021,FDK,MD,AEA,EN,Federal Contract Tower,0,0,7,0,7,0,1,126,0,127,0,1,133,0,134,205,0,205,339
10/24/2021,FDK,MD,AEA,EN,Federal Contract Tower,0,0,13,0,13,0,3,123,0,126,0,3,136,0,139,188,0,188,327
10/25/2021,FDK,MD,AEA,EN,Federal Contract Tower,0,5,14,0,19,0,2,84,0,86,0,7,98,0,105,108,0,108,213
10/26/2021,FDK,MD,AEA,EN,Federal Contract Tower,0,0,12,0,12,0,3,4,0,7,0,3,16,0,19,12,0,12,31
10/27/2021,FDK,MD,AEA,EN,Federal Contract Tower,0,2,10,0,12,0,2,67,0,69,0,4,77,0,81,153,0,153,234
10/28/2021,FDK,MD,AEA,EN,Federal Contract Tower,0,1,16,2,19,0,6,147,6,159,0,7,163,8,178,173,0,173,351
10/29/2021,FDK,MD,AEA,EN,Federal Contract Tower,0,2,3,0,5,0,0,0,0,0,0,2,3,0,5,0,0,0,5
10/30/2021,FDK,MD,AEA,EN,Federal Contract Tower,0,0,14,0,14,0,4,9,0,13,0,4,23,0,27,37,0,37,64
10/31/2021,FDK,MD,AEA,EN,Federal Contract Tower,0,0,10,0,10,0,0,88,0,88,0,0,98,0,98,130,0,130,228
11/01/2021,FDK,MD,AEA,EN,Federal Contract Tower,0,0,7,0,7,0,0,115,0,115,0,0,122,0,122,134,0,134,256
11/02/2021,FDK,MD,AEA,EN,Federal Contract Tower,0,2,12,0,14,0,0,13,0,13,0,2,25,0,27,142,0,142,169
11/03/2021,FDK,MD,AEA,EN,Federal Contract Tower,0,8,7,0,15,0,2,128,0,130,0,10,135,0,145,242,0,242,387
11/04/2021,FDK,MD,AEA,EN,Federal Contract Tower,0,3,8,0,11,0,1,150,0,151,0,4,158,0,162,164,2,166,328
11/05/2021,FDK,MD,AEA,EN,Federal Contract Tower,0,6,2,0,8,0,1,97,0,98,0,7,99,0,106,238,0,238,344
11/06/2021,FDK,MD,AEA,EN,Federal Contract Tower,0,0,9,0,9,0,3,136,0,139,0,3,145,0,148,128,0,128,276
11/07/2021,FDK,MD,AEA,EN,Federal Contract Tower,0,6,6,0,12,0,0,147,0,147,0,6,153,0,159,175,0,175,334
11/08/2021,FDK,MD,AEA,EN,Federal Contract Tower,0,1,4,0,5,0,1,99,0,100,0,2,103,0,105,196,0,196,301
11/09/2021,FDK,MD,AEA,EN,Federal Contract Tower,0,4,9,0,13,0,2,146,0,148,0,6,155,0,161,260,0,260,421
11/10/2021,FDK,MD,AEA,EN,Federal Contract Tower,0,5,12,0,17,0,5,103,0,108,0,10,115,0,125,204,0,204,329
11/11/2021,FDK,MD,AEA,EN,Federal Contract Tower,0,0,11,0,11,0,2,93,0,95,0,2,104,0,106,216,0,216,322
11/12/2021,FDK,MD,AEA,EN,Federal Contract Tower,0,5,10,0,15,0,0,52,0,52,0,5,62,0,67,158,0,158,225
11/13/2021,FDK,MD,AEA,EN,Federal Contract Tower,0,2,8,0,10,0,2,41,0,43,0,4,49,0,53,106,0,106,159
11/14/2021,FDK,MD,AEA,EN,Federal Contract Tower,0,8,10,0,18,0,2,166,0,168,0,10,176,0,186,193,0,193,379
11/15/2021,FDK,MD,AEA,EN,Federal Contract Tower,0,3,11,0,14,0,4,25,0,29,0,7,36,0,43,28,0,28,71
11/16/2021,FDK,MD,AEA,EN,Federal Contract Tower,0,1,6,0,7,0,0,104,0,104,0,1,110,0,111,272,0,272,383
11/17/2021,FDK,MD,AEA,EN,Federal Contract Tower,0,2,12,1,15,0,3,87,0,90,0,5,99,1,105,204,0,204,309
11/18/2021,FDK,MD,AEA,EN,Federal Contract Tower,0,8,3,0,11,0,6,72,0,78,0,14,75,0,89,159,0,159,248
11/19/2021,FDK,MD,AEA,EN,Federal Contract Tower,0,2,2,0,4,0,0,39,0,39,0,2,41,0,43,46,0,46,89
11/20/2021,FDK,MD,AEA,EN,Federal Contract Tower,0,1,12,0,13,0,2,141,0,143,0,3,153,0,156,172,0,172,328
11/21/2021,FDK,MD,AEA,EN,Federal Contract Tower,0,4,9,0,13,0,122,0,0,122,0,126,9,0,135,200,0,200,335
11/22/2021,FDK,MD,AEA,EN,Federal Contract Tower,0,3,8,2,13,0,10,55,4,69,0,13,63,6,82,139,0,139,221
11/23/2021,FDK,MD,AEA,EN,Federal Contract Tower,0,2,10,0,12,0,17,72,0,89,0,19,82,0,101,86,0,86,187
11/24/2021,FDK,MD,AEA,EN,Federal Contract Tower,0,4,18,0,22,0,10,131,0,141,0,14,149,0,163,208,0,208,371
11/25/2021,FDK,MD,AEA,EN,Federal Contract Tower,0,0,5,0,5,0,2,46,0,48,0,2,51,0,53,62,0,62,115
11/26/2021,FDK,MD,AEA,EN,Federal Contract Tower,0,1,3,0,4,0,4,7,0,11,0,5,10,0,15,0,0,0,15
11/27/2021,FDK,MD,AEA,EN,Federal Contract Tower,0,3,17,0,20,0,3,56,0,59,0,6,73,0,79,60,0,60,139
11/28/2021,FDK,MD,AEA,EN,Federal Contract Tower,0,3,12,0,15,0,4,97,0,101,0,7,109,0,116,185,0,185,301
11/29/2021,FDK,MD,AEA,EN,Federal Contract Tower,0,4,8,2,14,0,5,31,0,36,0,9,39,2,50,96,0,96,146
11/30/2021,FDK,MD,AEA,EN,Federal Contract Tower,0,2,0,0,2,0,2,66,0,68,0,4,66,0,70,162,0,162,232
12/01/2021,FDK,MD,AEA,EN,Federal Contract Tower,0,0,11,0,11,0,4,94,0,98,0,4,105,0,109,218,0,218,327
12/02/2021,FDK,MD,AEA,EN,Federal Contract Tower,0,7,7,0,14,0,5,64,0,69,0,12,71,0,83,126,2,128,211
12/03/2021,FDK,MD,AEA,EN,Federal Contract Tower,0,7,7,0,14,0,4,72,0,76,0,11,79,0,90,181,0,181,271
12/04/2021,FDK,MD,AEA,EN,Federal Contract Tower,0,0,9,0,9,0,0,132,0,132,0,0,141,0,141,200,0,200,341
12/05/2021,FDK,MD,AEA,EN,Federal Contract Tower,0,3,5,0,8,0,3,111,0,114,0,6,116,0,122,132,0,132,254
12/06/2021,FDK,MD,AEA,EN,Federal Contract Tower,0,3,10,2,15,1,3,18,0,22,1,6,28,2,37,13,0,13,50
12/07/2021,FDK,MD,AEA,EN,Federal Contract Tower,0,0,12,0,12,0,0,79,0,79,0,0,91,0,91,198,0,198,289
12/08/2021,FDK,MD,AEA,EN,Federal Contract Tower,0,2,3,0,5,0,5,40,0,45,0,7,43,0,50,217,0,217,267
12/09/2021,FDK,MD,AEA,EN,Federal Contract Tower,0,2,8,2,12,0,6,102,0,108,0,8,110,2,120,134,0,134,254
12/10/2021,FDK,MD,AEA,EN,Federal Contract Tower,0,0,7,0,7,0,0,95,0,95,0,0,102,0,102,139,0,139,241
12/11/2021,FDK,MD,AEA,EN,Federal Contract Tower,0,2,3,0,5,0,2,0,0,2,0,4,3,0,7,0,0,0,7
12/12/2021,FDK,MD,AEA,EN,Federal Contract Tower,0,0,5,0,5,0,2,151,0,153,0,2,156,0,158,140,0,140,298
12/13/2021,FDK,MD,AEA,EN,Federal Contract Tower,0,7,8,0,15,0,2,101,0,103,0,9,109,0,118,144,0,144,262
12/14/2021,FDK,MD,AEA,EN,Federal Contract Tower,0,4,4,0,8,0,1,120,0,121,0,5,124,0,129,200,0,200,329
12/15/2021,FDK,MD,AEA,EN,Federal Contract Tower,0,3,16,0,19,0,0,77,0,77,0,3,93,0,96,184,0,184,280
12/16/2021,FDK,MD,AEA,EN,Federal Contract Tower,0,5,8,0,13,0,0,109,0,109,0,5,117,0,122,146,0,146,268
12/17/2021,FDK,MD,AEA,EN,Federal Contract Tower,0,0,10,0,10,0,1,105,0,106,0,1,115,0,116,169,0,169,285
12/18/2021,FDK,MD,AEA,EN,Federal Contract Tower,0,1,15,0,16,0,0,17,0,17,0,1,32,0,33,90,0,90,123
12/19/2021,FDK,MD,AEA,EN,Federal Contract Tower,0,5,1,0,6,0,0,80,0,80,0,5,81,0,86,68,0,68,154
12/20/2021,FDK,MD,AEA,EN,Federal Contract Tower,0,4,8,0,12,0,1,122,0,123,0,5,130,0,135,182,0,182,317
12/21/2021,FDK,MD,AEA,EN,Federal Contract Tower,0,2,13,0,15,0,0,98,0,98,0,2,111,0,113,170,0,170,283
12/22/2021,FDK,MD,AEA,EN,Federal Contract Tower,0,1,4,2,7,0,1,31,0,32,0,2,35,2,39,26,0,26,65
12/23/2021,FDK,MD,AEA,EN,Federal Contract Tower,0,4,8,0,12,0,4,114,0,118,0,8,122,0,130,182,0,182,312
12/24/2021,FDK,MD,AEA,EN,Federal Contract Tower,0,1,5,0,6,0,0,75,0,75,0,1,80,0,81,64,0,64,145
12/25/2021,FDK,MD,AEA,EN,Federal Contract Tower,0,0,0,0,0,0,1,4,0,5,0,1,4,0,5,6,0,6,11
12/26/2021,FDK,MD,AEA,EN,Federal Contract Tower,0,4,8,0,12,0,0,67,0,67,0,4,75,0,79,61,0,61,140
12/27/2021,FDK,MD,AEA,EN,Federal Contract Tower,0,3,6,0,9,0,2,4,0,6,0,5,10,0,15,42,0,42,57
12/28/2021,FDK,MD,AEA,EN,Federal Contract Tower,0,9,8,0,17,0,2,74,0,76,0,11,82,0,93,141,0,141,234
12/29/2021,FDK,MD,AEA,EN,Federal Contract Tower,0,5,12,0,17,0,0,47,0,47,0,5,59,0,64,120,0,120,184
12/30/2021,FDK,MD,AEA,EN,Federal Contract Tower,0,7,16,0,23,0,0,0,0,0,0,7,16,0,23,0,0,0,23
12/31/2021,FDK,MD,AEA,EN,Federal Contract Tower,0,0,7,0,7,0,0,28,0,28,0,0,35,0,35,44,0,44,79
01/01/2022,FDK,MD,AEA,EN,Federal Contract Tower,0,2,0,0,2,0,0,0,0,0,0,2,0,0,2,0,0,0,2
01/02/2022,FDK,MD,AEA,EN,Federal Contract Tower,0,5,8,0,13,0,0,38,0,38,0,5,46,0,51,140,0,140,191
01/03/2022,FDK,MD,AEA,EN,Federal Contract Tower,0,6,1,0,7,0,2,5,0,7,0,8,6,0,14,19,0,19,33
01/04/2022,FDK,MD,AEA,EN,Federal Contract Tower,0,6,8,0,14,0,0,92,1,93,0,6,100,1,107,128,0,128,235
01/05/2022,FDK,MD,AEA,EN,Federal Contract Tower,0,1,6,0,7,0,2,39,0,41,0,3,45,0,48,90,0,90,138
01/06/2022,FDK,MD,AEA,EN,Federal Contract Tower,0,6,6,0,12,0,3,106,0,109,0,9,112,0,121,140,0,140,261
01/07/2022,FDK,MD,AEA,EN,Federal Contract Tower,0,0,0,0,0,0,1,4,0,5,0,1,4,0,5,0,0,0,5
01/08/2022,FDK,MD,AEA,EN,Federal Contract Tower,0,2,13,0,15,0,0,161,0,161,0,2,174,0,176,100,0,100,276
01/09/2022,FDK,MD,AEA,EN,Federal Contract Tower,0,0,0,0,0,0,0,0,0,0,0,0,0,0,0,0,0,0,0
01/10/2022,FDK,MD,AEA,EN,Federal Contract Tower,0,2,3,4,9,0,2,27,2,31,0,4,30,6,40,48,0,48,88
01/11/2022,FDK,MD,AEA,EN,Federal Contract Tower,0,1,4,0,5,0,0,85,0,85,0,1,89,0,90,160,0,160,250
01/12/2022,FDK,MD,AEA,EN,Federal Contract Tower,0,4,6,0,10,0,3,89,0,92,0,7,95,0,102,208,0,208,310
01/13/2022,FDK,MD,AEA,EN,Federal Contract Tower,0,1,14,0,15,0,0,110,0,110,0,1,124,0,125,244,0,244,369
01/14/2022,FDK,MD,AEA,EN,Federal Contract Tower,0,1,0,0,1,0,2,36,0,38,0,3,36,0,39,84,0,84,123
01/15/2022,FDK,MD,AEA,EN,Federal Contract Tower,0,4,7,0,11,0,1,131,0,132,0,5,138,0,143,139,0,139,282
01/16/2022,FDK,MD,AEA,EN,Federal Contract Tower,0,2,5,0,7,0,0,36,0,36,0,2,41,0,43,88,0,88,131
01/17/2022,FDK,MD,AEA,EN,Federal Contract Tower,0,2,1,0,3,0,0,1,0,1,0,2,2,0,4,0,0,0,4
01/18/2022,FDK,MD,AEA,EN,Federal Contract Tower,0,2,4,0,6,0,2,27,0,29,0,4,31,0,35,64,0,64,99
01/19/2022,FDK,MD,AEA,EN,Federal Contract Tower,0,3,6,0,9,0,2,85,0,87,0,5,91,0,96,200,0,200,296
01/20/2022,FDK,MD,AEA,EN,Federal Contract Tower,0,5,4,0,9,0,0,36,0,36,0,5,40,0,45,32,0,32,77
01/21/2022,FDK,MD,AEA,EN,Federal Contract Tower,0,2,14,0,16,0,1,102,0,103,0,3,116,0,119,184,0,184,303
01/22/2022,FDK,MD,AEA,EN,Federal Contract Tower,0,5,4,0,9,0,0,116,0,116,0,5,120,0,125,270,0,270,395
01/23/2022,FDK,MD,AEA,EN,Federal Contract Tower,0,1,16,0,17,0,2,98,0,100,0,3,114,0,117,228,0,228,345
01/24/2022,FDK,MD,AEA,EN,Federal Contract Tower,0,2,7,0,9,0,6,77,0,83,0,8,84,0,92,204,0,204,296
01/25/2022,FDK,MD,AEA,EN,Federal Contract Tower,0,4,5,0,9,0,4,70,0,74,0,8,75,0,83,150,0,150,233
01/26/2022,FDK,MD,AEA,EN,Federal Contract Tower,0,6,5,0,11,0,2,72,0,74,0,8,77,0,85,222,0,222,307
01/27/2022,FDK,MD,AEA,EN,Federal Contract Tower,0,6,23,0,29,0,2,127,0,129,0,8,150,0,158,132,0,132,290
01/28/2022,FDK,MD,AEA,EN,Federal Contract Tower,0,1,5,0,6,0,0,8,0,8,0,1,13,0,14,6,0,6,20
01/29/2022,FDK,MD,AEA,EN,Federal Contract Tower,0,0,3,0,3,0,0,1,0,1,0,0,4,0,4,0,0,0,4
01/30/2022,FDK,MD,AEA,EN,Federal Contract Tower,0,2,7,0,9,0,0,123,0,123,0,2,130,0,132,182,0,182,314
01/31/2022,FDK,MD,AEA,EN,Federal Contract Tower,0,0,9,0,9,0,1,94,0,95,0,1,103,0,104,216,0,216,320
02/01/2022,FDK,MD,AEA,EN,Federal Contract Tower,0,0,12,0,12,0,10,100,0,110,0,10,112,0,122,234,0,234,356
02/02/2022,FDK,MD,AEA,EN,Federal Contract Tower,0,2,5,0,7,0,3,60,0,63,0,5,65,0,70,196,0,196,266
02/03/2022,FDK,MD,AEA,EN,Federal Contract Tower,0,2,7,0,9,0,0,0,0,0,0,2,7,0,9,0,0,0,9
02/04/2022,FDK,MD,AEA,EN,Federal Contract Tower,0,0,2,0,2,0,0,1,0,1,0,0,3,0,3,0,0,0,3
02/05/2022,FDK,MD,AEA,EN,Federal Contract Tower,0,5,6,0,11,0,2,29,0,31,0,7,35,0,42,18,0,18,60
02/06/2022,FDK,MD,AEA,EN,Federal Contract Tower,0,0,8,0,8,0,2,118,0,120,0,2,126,0,128,242,0,242,370
02/07/2022,FDK,MD,AEA,EN,Federal Contract Tower,0,2,5,0,7,0,0,62,0,62,0,2,67,0,69,176,0,176,245
02/08/2022,FDK,MD,AEA,EN,Federal Contract Tower,0,0,8,0,8,0,3,80,0,83,0,3,88,0,91,156,0,156,247
02/09/2022,FDK,MD,AEA,EN,Federal Contract Tower,0,0,11,2,13,0,3,158,0,161,0,3,169,2,174,230,0,230,404
02/10/2022,FDK,MD,AEA,EN,Federal Contract Tower,0,1,7,1,9,0,0,71,0,71,0,1,78,1,80,114,0,114,194
02/11/2022,FDK,MD,AEA,EN,Federal Contract Tower,0,3,3,0,6,0,18,65,0,83,0,21,68,0,89,82,0,82,171
02/12/2022,FDK,MD,AEA,EN,Federal Contract Tower,0,1,5,0,6,0,2,110,0,112,0,3,115,0,118,256,0,256,374
02/13/2022,FDK,MD,AEA,EN,Federal Contract Tower,0,2,5,0,7,0,0,19,0,19,0,2,24,0,26,104,0,104,130
02/14/2022,FDK,MD,AEA,EN,Federal Contract Tower,0,1,11,0,12,0,0,40,0,40,0,1,51,0,52,74,0,74,126
02/15/2022,FDK,MD,AEA,EN,Federal Contract Tower,0,1,8,2,11,0,0,91,0,91,0,1,99,2,102,164,0,164,266
02/16/2022,FDK,MD,AEA,EN,Federal Contract Tower,0,2,11,0,13,0,0,67,0,67,0,2,78,0,80,72,0,72,152
02/17/2022,FDK,MD,AEA,EN,Federal Contract Tower,0,2,8,0,10,0,0,22,0,22,0,2,30,0,32,28,0,28,60
02/18/2022,FDK,MD,AEA,EN,Federal Contract Tower,0,4,11,0,15,0,2,3,0,5,0,6,14,0,20,6,0,6,26
02/19/2022,FDK,MD,AEA,EN,Federal Contract Tower,0,3,3,0,6,0,0,12,0,12,0,3,15,0,18,72,0,72,90
02/20/2022,FDK,MD,AEA,EN,Federal Contract Tower,0,3,18,0,21,0,1,163,0,164,0,4,181,0,185,315,0,315,500
02/21/2022,FDK,MD,AEA,EN,Federal Contract Tower,0,1,14,0,15,0,13,173,0,186,0,14,187,0,201,196,0,196,397
02/22/2022,FDK,MD,AEA,EN,Federal Contract Tower,0,4,8,0,12,0,2,2,0,4,0,6,10,0,16,8,0,8,24
02/23/2022,FDK,MD,AEA,EN,Federal Contract Tower,0,2,6,0,8,0,2,40,0,42,0,4,46,0,50,56,0,56,106
02/24/2022,FDK,MD,AEA,EN,Federal Contract Tower,0,2,5,0,7,0,0,1,2,3,0,2,6,2,10,15,0,15,25
02/25/2022,FDK,MD,AEA,EN,Federal Contract Tower,0,1,1,0,2,0,0,2,2,4,0,1,3,2,6,18,0,18,24
02/26/2022,FDK,MD,AEA,EN,Federal Contract Tower,0,3,6,0,9,0,3,127,0,130,0,6,133,0,139,214,0,214,353
02/27/2022,FDK,MD,AEA,EN,Federal Contract Tower,0,3,7,0,10,0,0,58,0,58,0,3,65,0,68,86,0,86,154
02/28/2022,FDK,MD,AEA,EN,Federal Contract Tower,0,3,11,0,14,0,4,96,0,100,0,7,107,0,114,126,0,126,240
03/01/2022,FDK,MD,AEA,EN,Federal Contract Tower,0,1,11,0,12,0,0,96,0,96,0,1,107,0,108,172,0,172,280
03/02/2022,FDK,MD,AEA,EN,Federal Contract Tower,0,7,10,0,17,0,1,127,0,128,0,8,137,0,145,158,0,158,303
03/03/2022,FDK,MD,AEA,EN,Federal Contract Tower,0,0,12,0,12,0,2,52,0,54,0,2,64,0,66,100,0,100,166
03/04/2022,FDK,MD,AEA,EN,Federal Contract Tower,0,2,11,0,13,0,8,118,0,126,0,10,129,0,139,226,0,226,365
03/05/2022,FDK,MD,AEA,EN,Federal Contract Tower,0,2,16,0,18,0,6,156,0,162,0,8,172,0,180,222,0,222,402
03/06/2022,FDK,MD,AEA,EN,Federal Contract Tower,0,0,13,0,13,0,1,28,0,29,0,1,41,0,42,28,0,28,70
03/07/2022,FDK,MD,AEA,EN,Federal Contract Tower,0,2,6,0,8,0,0,12,0,12,0,2,18,0,20,10,0,10,30
03/08/2022,FDK,MD,AEA,EN,Federal Contract Tower,0,3,13,0,16,0,4,75,0,79,0,7,88,0,95,102,0,102,197
03/09/2022,FDK,MD,AEA,EN,Federal Contract Tower,0,3,4,0,7,0,0,0,0,0,0,3,4,0,7,0,0,0,7
03/10/2022,FDK,MD,AEA,EN,Federal Contract Tower,0,3,3,0,6,0,0,120,0,120,0,3,123,0,126,228,0,228,354
03/11/2022,FDK,MD,AEA,EN,Federal Contract Tower,0,0,14,0,14,0,0,147,0,147,0,0,161,0,161,162,0,162,323
03/12/2022,FDK,MD,AEA,EN,Federal Contract Tower,0,0,0,0,0,0,2,0,0,2,0,2,0,0,2,0,0,0,2
03/13/2022,FDK,MD,AEA,EN,Federal Contract Tower,0,2,14,0,16,0,1,46,0,47,0,3,60,0,63,112,0,112,175
03/14/2022,FDK,MD,AEA,EN,Federal Contract Tower,0,1,6,0,7,0,0,106,0,106,0,1,112,0,113,138,0,138,251
03/15/2022,FDK,MD,AEA,EN,Federal Contract Tower,0,2,16,0,18,0,6,100,0,106,0,8,116,0,124,202,0,202,326
03/16/2022,FDK,MD,AEA,EN,Federal Contract Tower,0,4,6,0,10,0,11,134,0,145,0,15,140,0,155,192,0,192,347
03/17/2022,FDK,MD,AEA,EN,Federal Contract Tower,0,1,9,0,10,0,0,9,0,9,0,1,18,0,19,8,0,8,27
03/18/2022,FDK,MD,AEA,EN,Federal Contract Tower,0,4,20,0,24,0,2,140,0,142,0,6,160,0,166,176,0,176,342
03/19/2022,FDK,MD,AEA,EN,Federal Contract Tower,0,11,4,0,15,0,3,49,0,52,0,14,53,0,67,118,0,118,185
03/20/2022,FDK,MD,AEA,EN,Federal Contract Tower,0,1,5,0,6,0,0,23,0,23,0,1,28,0,29,12,0,12,41
03/21/2022,FDK,MD,AEA,EN,Federal Contract Tower,0,2,7,0,9,0,4,72,0,76,0,6,79,0,85,116,0,116,201
03/22/2022,FDK,MD,AEA,EN,Federal Contract Tower,0,4,6,0,10,0,0,99,0,99,0,4,105,0,109,298,0,298,407
03/23/2022,FDK,MD,AEA,EN,Federal Contract Tower,0,2,2,0,4,0,4,14,0,18,0,6,16,0,22,100,0,100,122
03/24/2022,FDK,MD,AEA,EN,Federal Contract Tower,0,2,21,0,23,0,0,0,0,0,0,2,21,0,23,0,0,0,23
03/25/2022,FDK,MD,AEA,EN,Federal Contract Tower,0,2,8,0,10,0,0,67,0,67,0,2,75,0,77,142,0,142,219
03/26/2022,FDK,MD,AEA,EN,Federal Contract Tower,0,3,3,0,6,0,2,21,0,23,0,5,24,0,29,52,0,52,81
03/27/2022,FDK,MD,AEA,EN,Federal Contract Tower,0,0,6,0,6,0,2,15,0,17,0,2,21,0,23,6,0,6,29
03/28/2022,FDK,MD,AEA,EN,Federal Contract Tower,0,4,9,0,13,0,3,9,0,12,0,7,18,0,25,4,0,4,29
03/29/2022,FDK,MD,AEA,EN,Federal Contract Tower,0,3,11,0,14,0,3,79,2,84,0,6,90,2,98,106,0,106,204
03/30/2022,FDK,MD,AEA,EN,Federal Contract Tower,0,10,8,0,18,0,3,52,0,55,0,13,60,0,73,59,0,59,132
03/31/2022,FDK,MD,AEA,EN,Federal Contract Tower,0,3,3,0,6,0,0,2,0,2,0,3,5,0,8,0,0,0,8
04/01/2022,FDK,MD,AEA,EN,Federal Contract Tower,0,3,13,0,16,0,0,11,0,11,0,3,24,0,27,0,0,0,27
04/02/2022,FDK,MD,AEA,EN,Federal Contract Tower,0,2,9,0,11,0,0,171,0,171,0,2,180,0,182,161,0,161,343
04/03/2022,FDK,MD,AEA,EN,Federal Contract Tower,0,0,7,0,7,0,5,32,0,37,0,5,39,0,44,62,0,62,106
04/04/2022,FDK,MD,AEA,EN,Federal Contract Tower,0,1,12,0,13,0,3,104,0,107,0,4,116,0,120,166,0,166,286
04/05/2022,FDK,MD,AEA,EN,Federal Contract Tower,0,3,9,0,12,0,0,52,0,52,0,3,61,0,64,218,0,218,282
04/06/2022,FDK,MD,AEA,EN,Federal Contract Tower,0,6,11,0,17,0,0,1,0,1,0,6,12,0,18,10,0,10,28
04/07/2022,FDK,MD,AEA,EN,Federal Contract Tower,0,1,9,0,10,0,0,0,0,0,0,1,9,0,10,0,0,0,10
04/08/2022,FDK,MD,AEA,EN,Federal Contract Tower,0,2,11,0,13,0,2,96,0,98,0,4,107,0,111,178,0,178,289
04/09/2022,FDK,MD,AEA,EN,Federal Contract Tower,0,1,4,0,5,0,3,45,0,48,0,4,49,0,53,104,0,104,157
04/10/2022,FDK,MD,AEA,EN,Federal Contract Tower,0,2,9,0,11,0,4,32,0,36,0,6,41,0,47,86,0,86,133
04/11/2022,FDK,MD,AEA,EN,Federal Contract Tower,0,2,14,0,16,0,2,115,0,117,0,4,129,0,133,152,0,152,285
04/12/2022,FDK,MD,AEA,EN,Federal Contract Tower,0,6,9,0,15,0,7,116,0,123,0,13,125,0,138,166,0,166,304
04/13/2022,FDK,MD,AEA,EN,Federal Contract Tower,0,1,4,0,5,0,5,129,2,136,0,6,133,2,141,162,0,162,303
04/14/2022,FDK,MD,AEA,EN,Federal Contract Tower,0,4,8,0,12,0,2,22,0,24,0,6,30,0,36,36,0,36,72
04/15/2022,FDK,MD,AEA,EN,Federal Contract Tower,0,3,13,0,16,0,4,96,0,100,0,7,109,0,116,138,0,138,254
04/16/2022,FDK,MD,AEA,EN,Federal Contract Tower,0,1,3,0,4,0,1,81,0,82,0,2,84,0,86,268,0,268,354
04/17/2022,FDK,MD,AEA,EN,Federal Contract Tower,0,1,7,0,8,0,2,66,0,68,0,3,73,0,76,50,0,50,126
04/18/2022,FDK,MD,AEA,EN,Federal Contract Tower,0,6,2,0,8,0,0,7,0,7,0,6,9,0,15,14,0,14,29
04/19/2022,FDK,MD,AEA,EN,Federal Contract Tower,0,3,1,0,4,0,0,20,0,20,0,3,21,0,24,56,0,56,80
04/20/2022,FDK,MD,AEA,EN,Federal Contract Tower,0,2,18,0,20,0,1,138,0,139,0,3,156,0,159,190,0,190,349
04/21/2022,FDK,MD,AEA,EN,Federal Contract Tower,0,2,4,0,6,0,1,53,0,54,0,3,57,0,60,156,0,156,216
04/22/2022,FDK,MD,AEA,EN,Federal Contract Tower,0,2,7,0,9,0,2,139,0,141,0,4,146,0,150,230,0,230,380
04/23/2022,FDK,MD,AEA,EN,Federal Contract Tower,0,3,17,0,20,0,3,163,0,166,0,6,180,0,186,290,0,290,476
04/24/2022,FDK,MD,AEA,EN,Federal Contract Tower,0,3,14,0,17,0,2,112,1,115,0,5,126,1,132,208,0,208,340
04/25/2022,FDK,MD,AEA,EN,Federal Contract Tower,0,0,20,0,20,0,4,39,1,44,0,4,59,1,64,86,0,86,150
04/26/2022,FDK,MD,AEA,EN,Federal Contract Tower,0,1,18,0,19,0,0,3,8,11,0,1,21,8,30,27,0,27,57
04/27/2022,FDK,MD,AEA,EN,Federal Contract Tower,0,2,2,0,4,0,2,26,1,29,0,4,28,1,33,32,0,32,65
04/28/2022,FDK,MD,AEA,EN,Federal Contract Tower,0,1,6,0,7,0,0,73,0,73,0,1,79,0,80,58,0,58,138
04/29/2022,FDK,MD,AEA,EN,Federal Contract Tower,0,2,14,0,16,0,0,142,1,143,0,2,156,1,159,170,0,170,329
04/30/2022,FDK,MD,AEA,EN,Federal Contract Tower,0,2,13,0,15,0,0,181,0,181,0,2,194,0,196,256,0,256,452
05/01/2022,FDK,MD,AEA,EN,Federal Contract Tower,0,2,6,0,8,0,0,46,0,46,0,2,52,0,54,78,0,78,132
05/02/2022,FDK,MD,AEA,EN,Federal Contract Tower,0,1,14,0,15,0,7,82,0,89,0,8,96,0,104,218,0,218,322
05/03/2022,FDK,MD,AEA,EN,Federal Contract Tower,0,0,27,0,27,0,6,4,0,10,0,6,31,0,37,20,0,20,57
05/04/2022,FDK,MD,AEA,EN,Federal Contract Tower,0,5,9,0,14,0,2,30,0,32,0,7,39,0,46,70,0,70,116
05/05/2022,FDK,MD,AEA,EN,Federal Contract Tower,0,2,13,0,15,0,1,161,0,162,0,3,174,0,177,186,0,186,363
05/06/2022,FDK,MD,AEA,EN,Federal Contract Tower,0,9,11,0,20,0,0,0,0,0,0,9,11,0,20,0,0,0,20
05/07/2022,FDK,MD,AEA,EN,Federal Contract Tower,0,2,3,0,5,0,0,0,0,0,0,2,3,0,5,0,0,0,5
05/08/2022,FDK,MD,AEA,EN,Federal Contract Tower,0,2,16,0,18,0,1,51,0,52,0,3,67,0,70,120,0,120,190
05/09/2022,FDK,MD,AEA,EN,Federal Contract Tower,0,0,11,0,11,0,6,127,0,133,0,6,138,0,144,242,0,242,386
05/10/2022,FDK,MD,AEA,EN,Federal Contract Tower,0,3,10,0,13,0,5,112,0,117,0,8,122,0,130,200,0,200,330
05/11/2022,FDK,MD,AEA,EN,Federal Contract Tower,0,7,15,0,22,0,7,154,0,161,0,14,169,0,183,180,0,180,363
05/12/2022,FDK,MD,AEA,EN,Federal Contract Tower,0,3,12,0,15,0,0,62,0,62,0,3,74,0,77,200,0,200,277
05/13/2022,FDK,MD,AEA,EN,Federal Contract Tower,0,8,11,0,19,0,0,0,0,0,0,8,11,0,19,0,0,0,19
05/14/2022,FDK,MD,AEA,EN,Federal Contract Tower,0,2,15,0,17,0,0,3,0,3,0,2,18,0,20,0,0,0,20
05/15/2022,FDK,MD,AEA,EN,Federal Contract Tower,0,5,12,0,17,0,1,80,0,81,0,6,92,0,98,168,0,168,266
05/16/2022,FDK,MD,AEA,EN,Federal Contract Tower,0,0,10,0,10,0,1,8,0,9,0,1,18,0,19,4,0,4,23
05/17/2022,FDK,MD,AEA,EN,Federal Contract Tower,0,5,14,0,19,0,2,92,0,94,0,7,106,0,113,200,0,200,313
05/18/2022,FDK,MD,AEA,EN,Federal Contract Tower,0,8,15,0,23,0,0,156,0,156,0,8,171,0,179,232,0,232,411
05/19/2022,FDK,MD,AEA,EN,Federal Contract Tower,0,2,16,0,18,0,0,98,0,98,0,2,114,0,116,202,0,202,318
05/20/2022,FDK,MD,AEA,EN,Federal Contract Tower,0,2,12,0,14,0,1,75,0,76,0,3,87,0,90,232,0,232,322
05/21/2022,FDK,MD,AEA,EN,Federal Contract Tower,0,0,9,0,9,0,1,76,0,77,0,1,85,0,86,162,0,162,248
05/22/2022,FDK,MD,AEA,EN,Federal Contract Tower,0,4,8,0,12,0,0,83,0,83,0,4,91,0,95,140,0,140,235
05/23/2022,FDK,MD,AEA,EN,Federal Contract Tower,0,1,13,0,14,0,4,66,3,73,0,5,79,3,87,188,0,188,275
05/24/2022,FDK,MD,AEA,EN,Federal Contract Tower,0,7,29,1,37,0,0,3,0,3,0,7,32,1,40,44,0,44,84
05/25/2022,FDK,MD,AEA,EN,Federal Contract Tower,0,9,13,0,22,0,0,142,0,142,0,9,155,0,164,320,0,320,484
05/26/2022,FDK,MD,AEA,EN,Federal Contract Tower,0,1,19,2,22,0,0,14,0,14,0,1,33,2,36,54,0,54,90
05/27/2022,FDK,MD,AEA,EN,Federal Contract Tower,0,3,8,0,11,0,0,0,0,0,0,3,8,0,11,0,0,0,11
05/28/2022,FDK,MD,AEA,EN,Federal Contract Tower,0,1,11,0,12,0,0,126,0,126,0,1,137,0,138,176,0,176,314
05/29/2022,FDK,MD,AEA,EN,Federal Contract Tower,0,2,6,0,8,0,7,118,0,125,0,9,124,0,133,102,0,102,235
05/30/2022,FDK,MD,AEA,EN,Federal Contract Tower,0,6,17,0,23,0,7,84,0,91,0,13,101,0,114,158,0,158,272
05/31/2022,FDK,MD,AEA,EN,Federal Contract Tower,0,3,11,0,14,0,4,130,0,134,0,7,141,0,148,194,0,194,342
06/01/2022,FDK,MD,AEA,EN,Federal Contract Tower,0,0,5,0,5,0,0,114,4,118,0,0,119,4,123,112,10,122,245
06/02/2022,FDK,MD,AEA,EN,Federal Contract Tower,0,4,10,0,14,0,0,36,0,36,0,4,46,0,50,98,0,98,148
06/03/2022,FDK,MD,AEA,EN,Federal Contract Tower,0,4,9,0,13,0,2,147,0,149,0,6,156,0,162,150,0,150,312
06/04/2022,FDK,MD,AEA,EN,Federal Contract Tower,0,6,4,0,10,0,0,144,0,144,0,6,148,0,154,214,0,214,368
06/05/2022,FDK,MD,AEA,EN,Federal Contract Tower,0,4,12,1,17,0,0,136,0,136,0,4,148,1,153,140,0,140,293
06/06/2022,FDK,MD,AEA,EN,Federal Contract Tower,0,0,10,0,10,0,2,91,0,93,0,2,101,0,103,212,0,212,315
06/07/2022,FDK,MD,AEA,EN,Federal Contract Tower,0,2,16,1,19,0,2,26,0,28,0,4,42,1,47,124,0,124,171
06/08/2022,FDK,MD,AEA,EN,Federal Contract Tower,0,4,26,0,30,0,1,89,0,90,0,5,115,0,120,237,0,237,357
06/09/2022,FDK,MD,AEA,EN,Federal Contract Tower,0,4,21,0,25,0,2,27,0,29,0,6,48,0,54,34,0,34,88
06/10/2022,FDK,MD,AEA,EN,Federal Contract Tower,0,10,5,0,15,0,0,142,0,142,0,10,147,0,157,186,0,186,343
06/11/2022,FDK,MD,AEA,EN,Federal Contract Tower,0,2,15,0,17,0,0,67,0,67,0,2,82,0,84,170,0,170,254
06/12/2022,FDK,MD,AEA,EN,Federal Contract Tower,0,0,16,0,16,0,5,39,0,44,0,5,55,0,60,44,2,46,106
06/13/2022,FDK,MD,AEA,EN,Federal Contract Tower,0,2,10,0,12,0,0,90,0,90,0,2,100,0,102,262,0,262,364
06/14/2022,FDK,MD,AEA,EN,Federal Contract Tower,0,6,3,0,9,0,2,45,0,47,0,8,48,0,56,156,0,156,212
06/15/2022,FDK,MD,AEA,EN,Federal Contract Tower,0,2,21,1,24,0,0,188,1,189,0,2,209,2,213,299,4,303,516
06/16/2022,FDK,MD,AEA,EN,Federal Contract Tower,0,2,18,0,20,0,0,62,0,62,0,2,80,0,82,142,0,142,224
06/17/2022,FDK,MD,AEA,EN,Federal Contract Tower,0,4,21,0,25,0,2,82,0,84,0,6,103,0,109,134,0,134,243
06/18/2022,FDK,MD,AEA,EN,Federal Contract Tower,0,4,4,0,8,0,0,34,0,34,0,4,38,0,42,26,0,26,68
06/19/2022,FDK,MD,AEA,EN,Federal Contract Tower,0,0,13,0,13,0,0,75,0,75,0,0,88,0,88,60,0,60,148
06/20/2022,FDK,MD,AEA,EN,Federal Contract Tower,0,3,13,0,16,0,2,130,0,132,0,5,143,0,148,276,0,276,424
06/21/2022,FDK,MD,AEA,EN,Federal Contract Tower,0,1,7,0,8,0,4,85,0,89,0,5,92,0,97,270,0,270,367
06/22/2022,FDK,MD,AEA,EN,Federal Contract Tower,0,0,8,0,8,0,0,38,0,38,0,0,46,0,46,34,0,34,80
06/23/2022,FDK,MD,AEA,EN,Federal Contract Tower,0,0,16,0,16,0,1,7,0,8,0,1,23,0,24,50,0,50,74
06/24/2022,FDK,MD,AEA,EN,Federal Contract Tower,0,4,24,0,28,0,3,84,0,87,0,7,108,0,115,164,0,164,279
06/25/2022,FDK,MD,AEA,EN,Federal Contract Tower,0,1,10,0,11,0,1,112,0,113,0,2,122,0,124,284,0,284,408
06/26/2022,FDK,MD,AEA,EN,Federal Contract Tower,0,4,5,0,9,0,0,97,0,97,0,4,102,0,106,174,0,174,280
06/27/2022,FDK,MD,AEA,EN,Federal Contract Tower,0,0,22,0,22,0,0,54,0,54,0,0,76,0,76,112,0,112,188
06/28/2022,FDK,MD,AEA,EN,Federal Contract Tower,0,3,7,0,10,0,2,124,0,126,0,5,131,0,136,360,0,360,496
06/29/2022,FDK,MD,AEA,EN,Federal Contract Tower,0,2,26,1,29,0,3,153,0,156,0,5,179,1,185,318,0,318,503
06/30/2022,FDK,MD,AEA,EN,Federal Contract Tower,0,5,16,0,21,0,8,166,0,174,0,13,182,0,195,223,0,223,418
07/01/2022,FDK,MD,AEA,EN,Federal Contract Tower,0,6,14,0,20,0,3,86,0,89,0,9,100,0,109,140,0,140,249
07/02/2022,FDK,MD,AEA,EN,Federal Contract Tower,0,1,4,0,5,0,0,80,0,80,0,1,84,0,85,66,0,66,151
07/03/2022,FDK,MD,AEA,EN,Federal Contract Tower,0,1,10,0,11,0,0,82,0,82,0,1,92,0,93,224,0,224,317
07/04/2022,FDK,MD,AEA,EN,Federal Contract Tower,0,2,4,0,6,0,4,113,0,117,0,6,117,0,123,132,0,132,255
07/05/2022,FDK,MD,AEA,EN,Federal Contract Tower,0,4,17,0,21,0,6,48,0,54,0,10,65,0,75,110,0,110,185
07/06/2022,FDK,MD,AEA,EN,Federal Contract Tower,0,4,7,0,11,0,2,68,2,72,0,6,75,2,83,230,0,230,313
07/07/2022,FDK,MD,AEA,EN,Federal Contract Tower,0,2,23,0,25,0,1,39,2,42,0,3,62,2,67,98,0,98,165
07/08/2022,FDK,MD,AEA,EN,Federal Contract Tower,0,1,31,0,32,0,4,57,0,61,0,5,88,0,93,252,0,252,345
07/09/2022,FDK,MD,AEA,EN,Federal Contract Tower,0,1,23,0,24,0,0,5,0,5,0,1,28,0,29,18,0,18,47
07/10/2022,FDK,MD,AEA,EN,Federal Contract Tower,0,2,20,0,22,0,6,188,0,194,0,8,208,0,216,236,0,236,452
07/11/2022,FDK,MD,AEA,EN,Federal Contract Tower,0,3,25,0,28,0,3,134,0,137,0,6,159,0,165,264,0,264,429
07/12/2022,FDK,MD,AEA,EN,Federal Contract Tower,0,5,10,0,15,0,0,77,0,77,0,5,87,0,92,126,0,126,218
07/13/2022,FDK,MD,AEA,EN,Federal Contract Tower,0,0,16,0,16,0,0,140,0,140,0,0,156,0,156,278,0,278,434
07/14/2022,FDK,MD,AEA,EN,Federal Contract Tower,0,0,20,0,20,0,5,110,0,115,0,5,130,0,135,320,0,320,455
07/15/2022,FDK,MD,AEA,EN,Federal Contract Tower,0,0,7,0,7,0,0,67,0,67,0,0,74,0,74,174,0,174,248
07/16/2022,FDK,MD,AEA,EN,Federal Contract Tower,0,0,11,0,11,0,0,98,0,98,0,0,109,0,109,244,0,244,353
07/17/2022,FDK,MD,AEA,EN,Federal Contract Tower,0,1,12,0,13,0,0,33,0,33,0,1,45,0,46,84,0,84,130
07/18/2022,FDK,MD,AEA,EN,Federal Contract Tower,0,1,13,0,14,0,0,21,0,21,0,1,34,0,35,44,0,44,79
07/19/2022,FDK,MD,AEA,EN,Federal Contract Tower,0,2,18,1,21,0,2,128,1,131,0,4,146,2,152,250,0,250,402
07/20/2022,FDK,MD,AEA,EN,Federal Contract Tower,0,2,19,0,21,0,4,159,2,165,0,6,178,2,186,198,0,198,384
07/21/2022,FDK,MD,AEA,EN,Federal Contract Tower,0,2,15,0,17,0,9,111,0,120,0,11,126,0,137,226,0,226,363
07/22/2022,FDK,MD,AEA,EN,Federal Contract Tower,0,4,13,0,17,0,2,103,0,105,0,6,116,0,122,16,0,16,138
07/23/2022,FDK,MD,AEA,EN,Federal Contract Tower,0,3,18,0,21,0,2,92,0,94,0,5,110,0,115,172,0,172,287
07/24/2022,FDK,MD,AEA,EN,Federal Contract Tower,0,1,6,0,7,0,2,116,0,118,0,3,122,0,125,250,0,250,375
07/25/2022,FDK,MD,AEA,EN,Federal Contract Tower,0,2,5,0,7,0,2,45,0,47,0,4,50,0,54,144,0,144,198
07/26/2022,FDK,MD,AEA,EN,Federal Contract Tower,0,0,14,0,14,0,2,71,0,73,0,2,85,0,87,188,0,188,275
07/27/2022,FDK,MD,AEA,EN,Federal Contract Tower,0,2,15,0,17,0,4,109,0,113,0,6,124,0,130,210,0,210,340
07/28/2022,FDK,MD,AEA,EN,Federal Contract Tower,0,0,20,0,20,0,1,100,0,101,0,1,120,0,121,156,0,156,277
07/29/2022,FDK,MD,AEA,EN,Federal Contract Tower,0,2,26,0,28,0,1,36,0,37,0,3,62,0,65,68,0,68,133
07/30/2022,FDK,MD,AEA,EN,Federal Contract Tower,0,6,16,0,22,0,120,0,0,120,0,126,16,0,142,278,0,278,420
07/31/2022,FDK,MD,AEA,EN,Federal Contract Tower,0,0,12,0,12,0,0,107,0,107,0,0,119,0,119,204,0,204,323
08/01/2022,FDK,MD,AEA,EN,Federal Contract Tower,0,1,11,0,12,0,0,60,0,60,0,1,71,0,72,118,0,118,190
08/02/2022,FDK,MD,AEA,EN,Federal Contract Tower,0,2,12,0,14,0,5,93,0,98,0,7,105,0,112,188,0,188,300
08/03/2022,FDK,MD,AEA,EN,Federal Contract Tower,0,3,22,1,26,0,6,130,0,136,0,9,152,1,162,220,0,220,382
08/04/2022,FDK,MD,AEA,EN,Federal Contract Tower,0,2,12,0,14,0,2,69,0,71,0,4,81,0,85,64,0,64,149
08/05/2022,FDK,MD,AEA,EN,Federal Contract Tower,0,5,6,0,11,0,4,94,0,98,0,9,100,0,109,146,0,146,255
08/07/2022,FDK,MD,AEA,EN,Federal Contract Tower,0,7,11,0,18,0,0,118,0,118,0,7,129,0,136,236,0,236,372
08/08/2022,FDK,MD,AEA,EN,Federal Contract Tower,0,7,12,0,19,0,7,97,0,104,0,14,109,0,123,116,0,116,239
08/09/2022,FDK,MD,AEA,EN,Federal Contract Tower,0,2,11,0,13,0,0,81,7,88,0,2,92,7,101,166,0,166,267
08/10/2022,FDK,MD,AEA,EN,Federal Contract Tower,0,2,23,0,25,0,2,68,0,70,0,4,91,0,95,132,0,132,227
08/11/2022,FDK,MD,AEA,EN,Federal Contract Tower,0,8,8,0,16,0,0,130,0,130,0,8,138,0,146,240,0,240,386
08/12/2022,FDK,MD,AEA,EN,Federal Contract Tower,0,3,18,0,21,0,6,125,0,131,0,9,143,0,152,174,0,174,326
08/13/2022,FDK,MD,AEA,EN,Federal Contract Tower,0,3,6,0,9,0,3,133,0,136,0,6,139,0,145,216,0,216,361
08/14/2022,FDK,MD,AEA,EN,Federal Contract Tower,0,1,15,0,16,0,3,109,0,112,0,4,124,0,128,186,0,186,314
08/15/2022,FDK,MD,AEA,EN,Federal Contract Tower,0,0,12,0,12,0,5,17,0,22,0,5,29,0,34,110,0,110,144
08/16/2022,FDK,MD,AEA,EN,Federal Contract Tower,0,1,10,0,11,0,1,85,0,86,0,2,95,0,97,179,0,179,276
08/18/2022,FDK,MD,AEA,EN,Federal Contract Tower,0,1,11,0,12,0,3,120,0,123,0,4,131,0,135,224,0,224,359
08/19/2022,FDK,MD,AEA,EN,Federal Contract Tower,0,4,5,0,9,0,2,121,0,123,0,6,126,0,132,156,0,156,288
08/20/2022,FDK,MD,AEA,EN,Federal Contract Tower,0,0,15,0,15,0,0,107,0,107,0,0,122,0,122,134,0,134,256
08/21/2022,FDK,MD,AEA,EN,Federal Contract Tower,0,4,12,0,16,0,2,37,0,39,0,6,49,0,55,128,0,128,183
08/22/2022,FDK,MD,AEA,EN,Federal Contract Tower,0,4,11,0,15,0,4,28,0,32,0,8,39,0,47,36,0,36,83
08/23/2022,FDK,MD,AEA,EN,Federal Contract Tower,0,0,14,0,14,0,0,74,0,74,0,0,88,0,88,174,0,174,262
08/24/2022,FDK,MD,AEA,EN,Federal Contract Tower,0,0,9,0,9,0,0,104,0,104,0,0,113,0,113,306,0,306,419
08/25/2022,FDK,MD,AEA,EN,Federal Contract Tower,0,4,12,0,16,0,2,80,0,82,0,6,92,0,98,166,0,166,264
08/26/2022,FDK,MD,AEA,EN,Federal Contract Tower,0,5,15,0,20,0,0,65,0,65,0,5,80,0,85,138,0,138,223
08/27/2022,FDK,MD,AEA,EN,Federal Contract Tower,0,1,6,0,7,0,5,99,0,104,0,6,105,0,111,202,0,202,313
08/28/2022,FDK,MD,AEA,EN,Federal Contract Tower,0,0,11,0,11,0,3,75,0,78,0,3,86,0,89,238,0,238,327
08/29/2022,FDK,MD,AEA,EN,Federal Contract Tower,0,2,16,0,18,0,4,61,0,65,0,6,77,0,83,126,0,126,209
08/30/2022,FDK,MD,AEA,EN,Federal Contract Tower,0,0,4,0,4,0,1,58,0,59,0,1,62,0,63,148,0,148,211
08/31/2022,FDK,MD,AEA,EN,Federal Contract Tower,0,6,19,0,25,0,2,71,6,79,0,8,90,6,104,242,0,242,346
09/01/2022,FDK,MD,AEA,EN,Federal Contract Tower,0,7,12,0,19,0,4,102,0,106,0,11,114,0,125,134,0,134,259
09/02/2022,FDK,MD,AEA,EN,Federal Contract Tower,0,1,15,0,16,0,0,111,0,111,0,1,126,0,127,232,0,232,359
09/03/2022,FDK,MD,AEA,EN,Federal Contract Tower,0,1,26,0,27,0,1,67,0,68,0,2,93,0,95,142,0,142,237
09/04/2022,FDK,MD,AEA,EN,Federal Contract Tower,0,2,4,0,6,0,8,86,0,94,0,10,90,0,100,156,0,156,256
09/05/2022,FDK,MD,AEA,EN,Federal Contract Tower,0,1,8,0,9,0,2,31,0,33,0,3,39,0,42,94,0,94,136
09/06/2022,FDK,MD,AEA,EN,Federal Contract Tower,0,0,11,0,11,0,4,20,0,24,0,4,31,0,35,198,0,198,233
09/07/2022,FDK,MD,AEA,EN,Federal Contract Tower,0,4,15,0,19,0,0,1,0,1,0,4,16,0,20,0,0,0,20
09/08/2022,FDK,MD,AEA,EN,Federal Contract Tower,0,0,15,0,15,0,3,71,0,74,0,3,86,0,89,174,0,174,263
09/09/2022,FDK,MD,AEA,EN,Federal Contract Tower,0,4,21,0,25,0,0,145,0,145,0,4,166,0,170,148,0,148,318
09/10/2022,FDK,MD,AEA,EN,Federal Contract Tower,0,0,21,0,21,0,3,47,0,50,0,3,68,0,71,198,0,198,269
09/11/2022,FDK,MD,AEA,EN,Federal Contract Tower,0,4,13,0,17,0,0,0,0,0,0,4,13,0,17,0,0,0,17
09/12/2022,FDK,MD,AEA,EN,Federal Contract Tower,0,1,14,0,15,0,2,13,0,15,0,3,27,0,30,48,0,48,78
09/13/2022,FDK,MD,AEA,EN,Federal Contract Tower,0,2,5,0,7,0,6,85,0,91,0,8,90,0,98,170,0,170,268
09/14/2022,FDK,MD,AEA,EN,Federal Contract Tower,0,0,18,0,18,0,2,76,0,78,0,2,94,0,96,168,0,168,264
09/15/2022,FDK,MD,AEA,EN,Federal Contract Tower,0,0,14,0,14,0,0,84,0,84,0,0,98,0,98,186,0,186,284
09/16/2022,FDK,MD,AEA,EN,Federal Contract Tower,0,0,10,0,10,0,1,94,0,95,0,1,104,0,105,198,0,198,303
09/17/2022,FDK,MD,AEA,EN,Federal Contract Tower,0,5,5,0,10,0,10,123,0,133,0,15,128,0,143,229,0,229,372
09/18/2022,FDK,MD,AEA,EN,Federal Contract Tower,0,3,9,0,12,0,2,114,0,116,0,5,123,0,128,232,0,232,360
09/19/2022,FDK,MD,AEA,EN,Federal Contract Tower,0,0,11,0,11,0,2,76,0,78,0,2,87,0,89,166,0,166,255
09/20/2022,FDK,MD,AEA,EN,Federal Contract Tower,0,11,7,0,18,0,7,53,2,62,0,18,60,2,80,220,0,220,300
09/21/2022,FDK,MD,AEA,EN,Federal Contract Tower,0,0,12,0,12,0,6,96,2,104,0,6,108,2,116,170,0,170,286
09/22/2022,FDK,MD,AEA,EN,Federal Contract Tower,0,2,16,0,18,0,0,14,0,14,0,2,30,0,32,12,0,12,44
09/23/2022,FDK,MD,AEA,EN,Federal Contract Tower,0,0,7,0,7,0,2,58,2,62,0,2,65,2,69,112,0,112,181
09/24/2022,FDK,MD,AEA,EN,Federal Contract Tower,0,0,12,0,12,0,2,124,0,126,0,2,136,0,138,229,0,229,367
09/25/2022,FDK,MD,AEA,EN,Federal Contract Tower,0,3,6,0,9,0,3,60,0,63,0,6,66,0,72,112,0,112,184
09/26/2022,FDK,MD,AEA,EN,Federal Contract Tower,0,2,7,0,9,0,4,101,0,105,0,6,108,0,114,116,0,116,230
09/27/2022,FDK,MD,AEA,EN,Federal Contract Tower,0,4,5,0,9,0,0,72,0,72,0,4,77,0,81,104,0,104,185
09/29/2022,FDK,MD,AEA,EN,Federal Contract Tower,0,3,11,0,14,0,1,111,0,112,0,4,122,0,126,182,0,182,308
09/30/2022,FDK,MD,AEA,EN,Federal Contract Tower,0,0,10,0,10,0,4,72,0,76,0,4,82,0,86,156,0,156,242
10/01/2022,FDK,MD,AEA,EN,Federal Contract Tower,0,4,5,0,9,0,0,0,0,0,0,4,5,0,9,0,0,0,9
10/02/2022,FDK,MD,AEA,EN,Federal Contract Tower,0,6,7,0,13,0,0,0,0,0,0,6,7,0,13,0,0,0,13
10/03/2022,FDK,MD,AEA,EN,Federal Contract Tower,0,0,5,0,5,0,2,35,0,37,0,2,40,0,42,104,0,104,146
10/04/2022,FDK,MD,AEA,EN,Federal Contract Tower,0,8,7,2,17,0,2,6,0,8,0,10,13,2,25,20,0,20,45
10/05/2022,FDK,MD,AEA,EN,Federal Contract Tower,0,2,40,2,44,0,0,45,0,45,0,2,85,2,89,162,0,162,251
10/06/2022,FDK,MD,AEA,EN,Federal Contract Tower,0,5,19,0,24,0,7,158,0,165,0,12,177,0,189,272,0,272,461
10/07/2022,FDK,MD,AEA,EN,Federal Contract Tower,0,4,35,0,39,0,0,77,0,77,0,4,112,0,116,174,0,174,290
10/09/2022,FDK,MD,AEA,EN,Federal Contract Tower,0,2,22,0,24,0,0,88,0,88,0,2,110,0,112,180,0,180,292
10/10/2022,FDK,MD,AEA,EN,Federal Contract Tower,0,2,18,0,20,0,7,108,0,115,0,9,126,0,135,191,0,191,326
10/11/2022,FDK,MD,AEA,EN,Federal Contract Tower,0,5,17,0,22,0,6,142,0,148,0,11,159,0,170,207,0,207,377
10/12/2022,FDK,MD,AEA,EN,Federal Contract Tower,0,1,18,0,19,0,5,100,0,105,0,6,118,0,124,274,0,274,398
10/13/2022,FDK,MD,AEA,EN,Federal Contract Tower,0,1,10,0,11,0,0,2,0,2,0,1,12,0,13,0,0,0,13
10/14/2022,FDK,MD,AEA,EN,Federal Contract Tower,0,7,15,0,22,0,3,100,0,103,0,10,115,0,125,248,0,248,373
10/15/2022,FDK,MD,AEA,EN,Federal Contract Tower,0,0,6,0,6,0,4,95,0,99,0,4,101,0,105,126,0,126,231
10/16/2022,FDK,MD,AEA,EN,Federal Contract Tower,0,2,15,0,17,0,0,150,0,150,0,2,165,0,167,144,0,144,311
10/17/2022,FDK,MD,AEA,EN,Federal Contract Tower,0,1,24,0,25,0,4,41,0,45,0,5,65,0,70,118,0,118,188
10/18/2022,FDK,MD,AEA,EN,Federal Contract Tower,0,2,12,0,14,0,0,117,0,117,0,2,129,0,131,148,0,148,279
10/19/2022,FDK,MD,AEA,EN,Federal Contract Tower,0,1,10,1,12,0,4,67,0,71,0,5,77,1,83,194,0,194,277
10/20/2022,FDK,MD,AEA,EN,Federal Contract Tower,0,5,10,0,15,0,3,107,0,110,0,8,117,0,125,168,0,168,293
10/22/2022,FDK,MD,AEA,EN,Federal Contract Tower,0,0,14,0,14,0,10,140,0,150,0,10,154,0,164,256,0,256,420
10/23/2022,FDK,MD,AEA,EN,Federal Contract Tower,0,5,13,0,18,0,0,63,0,63,0,5,76,0,81,241,0,241,322
10/24/2022,FDK,MD,AEA,EN,Federal Contract Tower,0,1,15,0,16,0,0,23,0,23,0,1,38,0,39,108,0,108,147
10/25/2022,FDK,MD,AEA,EN,Federal Contract Tower,0,3,17,0,20,0,0,0,0,0,0,3,17,0,20,0,0,0,20
10/26/2022,FDK,MD,AEA,EN,Federal Contract Tower,0,3,27,0,30,0,2,28,0,30,0,5,55,0,60,96,0,96,156
10/27/2022,FDK,MD,AEA,EN,Federal Contract Tower,0,2,14,0,16,0,0,88,0,88,0,2,102,0,104,184,0,184,288
10/28/2022,FDK,MD,AEA,EN,Federal Contract Tower,0,0,6,0,6,0,0,133,0,133,0,0,139,0,139,316,0,316,455
10/29/2022,FDK,MD,AEA,EN,Federal Contract Tower,0,0,9,0,9,0,1,136,0,137,0,1,145,0,146,282,0,282,428
10/30/2022,FDK,MD,AEA,EN,Federal Contract Tower,0,3,13,0,16,0,2,106,0,108,0,5,119,0,124,198,0,198,322
10/31/2022,FDK,MD,AEA,EN,Federal Contract Tower,0,2,15,0,17,0,0,0,0,0,0,2,15,0,17,0,0,0,17
11/01/2022,FDK,MD,AEA,EN,Federal Contract Tower,0,3,10,0,13,0,0,61,0,61,0,3,71,0,74,220,0,220,294
11/02/2022,FDK,MD,AEA,EN,Federal Contract Tower,0,5,11,0,16,0,0,111,0,111,0,5,122,0,127,240,0,240,367
11/03/2022,FDK,MD,AEA,EN,Federal Contract Tower,0,0,8,0,8,0,0,128,0,128,0,0,136,0,136,234,0,234,370
11/04/2022,FDK,MD,AEA,EN,Federal Contract Tower,0,5,22,0,27,0,0,102,0,102,0,5,124,0,129,192,0,192,321
11/05/2022,FDK,MD,AEA,EN,Federal Contract Tower,0,1,24,0,25,0,0,45,0,45,0,1,69,0,70,178,0,178,248
11/06/2022,FDK,MD,AEA,EN,Federal Contract Tower,0,0,28,0,28,0,2,20,0,22,0,2,48,0,50,164,0,164,214
11/07/2022,FDK,MD,AEA,EN,Federal Contract Tower,0,0,12,0,12,0,5,120,4,129,0,5,132,4,141,172,0,172,313
11/08/2022,FDK,MD,AEA,EN,Federal Contract Tower,0,0,6,0,6,0,6,81,0,87,0,6,87,0,93,132,0,132,225
11/09/2022,FDK,MD,AEA,EN,Federal Contract Tower,0,0,10,0,10,0,4,134,0,138,0,4,144,0,148,284,0,284,432
11/10/2022,FDK,MD,AEA,EN,Federal Contract Tower,0,4,1,0,5,0,4,103,0,107,0,8,104,0,112,178,0,178,290
11/11/2022,FDK,MD,AEA,EN,Federal Contract Tower,0,1,2,0,3,0,0,0,0,0,0,1,2,0,3,0,0,0,3
11/12/2022,FDK,MD,AEA,EN,Federal Contract Tower,0,2,15,0,17,0,1,69,0,70,0,3,84,0,87,230,0,230,317
11/13/2022,FDK,MD,AEA,EN,Federal Contract Tower,0,5,5,0,10,0,2,23,0,25,0,7,28,0,35,14,0,14,49
11/14/2022,FDK,MD,AEA,EN,Federal Contract Tower,0,1,9,0,10,0,3,74,0,77,0,4,83,0,87,238,0,238,325
11/15/2022,FDK,MD,AEA,EN,Federal Contract Tower,0,0,3,0,3,0,2,20,0,22,0,2,23,0,25,100,0,100,125
11/16/2022,FDK,MD,AEA,EN,Federal Contract Tower,0,0,13,0,13,0,5,54,0,59,0,5,67,0,72,106,0,106,178
11/18/2022,FDK,MD,AEA,EN,Federal Contract Tower,0,5,4,0,9,0,0,53,0,53,0,5,57,0,62,100,0,100,162
11/19/2022,FDK,MD,AEA,EN,Federal Contract Tower,0,2,8,0,10,0,0,148,0,148,0,2,156,0,158,254,0,254,412
11/20/2022,FDK,MD,AEA,EN,Federal Contract Tower,0,2,6,0,8,0,1,10,0,11,0,3,16,0,19,38,0,38,57
11/21/2022,FDK,MD,AEA,EN,Federal Contract Tower,0,0,6,0,6,0,6,97,0,103,0,6,103,0,109,216,0,216,325
11/22/2022,FDK,MD,AEA,EN,Federal Contract Tower,0,1,7,0,8,0,12,110,0,122,0,13,117,0,130,240,0,240,370
11/23/2022,FDK,MD,AEA,EN,Federal Contract Tower,0,0,12,2,14,0,1,133,0,134,0,1,145,2,148,228,0,228,376
11/24/2022,FDK,MD,AEA,EN,Federal Contract Tower,0,0,1,0,1,0,0,37,0,37,0,0,38,0,38,26,0,26,64
11/25/2022,FDK,MD,AEA,EN,Federal Contract Tower,0,2,2,0,4,0,2,15,0,17,0,4,17,0,21,12,0,12,33
11/26/2022,FDK,MD,AEA,EN,Federal Contract Tower,0,0,10,0,10,0,0,168,0,168,0,0,178,0,178,216,0,216,394
11/27/2022,FDK,MD,AEA,EN,Federal Contract Tower,0,10,12,0,22,0,0,16,0,16,0,10,28,0,38,30,0,30,68
11/28/2022,FDK,MD,AEA,EN,Federal Contract Tower,0,0,9,0,9,0,3,40,0,43,0,3,49,0,52,54,0,54,106
11/29/2022,FDK,MD,AEA,EN,Federal Contract Tower,0,7,9,0,16,0,0,121,0,121,0,7,130,0,137,292,0,292,429
11/30/2022,FDK,MD,AEA,EN,Federal Contract Tower,0,4,15,0,19,0,0,0,0,0,0,4,15,0,19,0,0,0,19
12/01/2022,FDK,MD,AEA,EN,Federal Contract Tower,0,1,15,0,16,0,0,72,0,72,0,1,87,0,88,106,0,106,194
12/02/2022,FDK,MD,AEA,EN,Federal Contract Tower,0,1,16,0,17,0,0,155,0,155,0,1,171,0,172,364,0,364,536
12/03/2022,FDK,MD,AEA,EN,Federal Contract Tower,0,0,7,0,7,0,3,13,0,16,0,3,20,0,23,62,0,62,85
12/04/2022,FDK,MD,AEA,EN,Federal Contract Tower,0,0,12,0,12,0,0,155,0,155,0,0,167,0,167,364,0,364,531
12/05/2022,FDK,MD,AEA,EN,Federal Contract Tower,0,0,21,0,21,0,7,97,0,104,0,7,118,0,125,228,0,228,353
12/06/2022,FDK,MD,AEA,EN,Federal Contract Tower,0,4,12,0,16,0,0,0,0,0,0,4,12,0,16,0,0,0,16
12/07/2022,FDK,MD,AEA,EN,Federal Contract Tower,0,1,13,0,14,0,0,0,0,0,0,1,13,0,14,0,0,0,14
12/08/2022,FDK,MD,AEA,EN,Federal Contract Tower,0,2,17,0,19,0,0,120,0,120,0,2,137,0,139,302,0,302,441
12/09/2022,FDK,MD,AEA,EN,Federal Contract Tower,0,3,8,1,12,0,0,129,3,132,0,3,137,4,144,232,0,232,376
12/10/2022,FDK,MD,AEA,EN,Federal Contract Tower,0,0,9,0,9,0,4,109,0,113,0,4,118,0,122,248,0,248,370
12/11/2022,FDK,MD,AEA,EN,Federal Contract Tower,0,5,6,0,11,0,0,3,0,3,0,5,9,0,14,14,0,14,28
12/12/2022,FDK,MD,AEA,EN,Federal Contract Tower,0,1,16,0,17,0,4,35,0,39,0,5,51,0,56,118,0,118,174
12/13/2022,FDK,MD,AEA,EN,Federal Contract Tower,0,4,12,0,16,0,2,91,0,93,0,6,103,0,109,330,0,330,439
12/14/2022,FDK,MD,AEA,EN,Federal Contract Tower,0,0,22,0,22,0,6,106,0,112,0,6,128,0,134,214,0,214,348
12/15/2022,FDK,MD,AEA,EN,Federal Contract Tower,0,0,0,0,0,0,0,0,0,0,0,0,0,0,0,0,0,0,0
12/16/2022,FDK,MD,AEA,EN,Federal Contract Tower,0,3,6,0,9,0,4,55,0,59,0,7,61,0,68,146,0,146,214
12/17/2022,FDK,MD,AEA,EN,Federal Contract Tower,0,0,8,0,8,0,0,76,0,76,0,0,84,0,84,206,0,206,290
12/18/2022,FDK,MD,AEA,EN,Federal Contract Tower,0,4,8,0,12,0,2,51,0,53,0,6,59,0,65,72,0,72,137
12/19/2022,FDK,MD,AEA,EN,Federal Contract Tower,0,3,15,0,18,0,0,69,0,69,0,3,84,0,87,94,0,94,181
12/20/2022,FDK,MD,AEA,EN,Federal Contract Tower,0,0,10,0,10,0,0,137,0,137,0,0,147,0,147,338,0,338,485
12/21/2022,FDK,MD,AEA,EN,Federal Contract Tower,0,0,27,0,27,0,0,133,2,135,0,0,160,2,162,218,8,226,388
12/22/2022,FDK,MD,AEA,EN,Federal Contract Tower,0,2,0,0,2,0,0,0,0,0,0,2,0,0,2,0,0,0,2
12/23/2022,FDK,MD,AEA,EN,Federal Contract Tower,0,2,0,0,2,0,0,0,0,0,0,2,0,0,2,0,0,0,2
12/24/2022,FDK,MD,AEA,EN,Federal Contract Tower,0,0,0,0,0,0,4,5,0,9,0,4,5,0,9,8,0,8,17
12/25/2022,FDK,MD,AEA,EN,Federal Contract Tower,0,0,2,0,2,0,4,9,0,13,0,4,11,0,15,4,0,4,19
12/26/2022,FDK,MD,AEA,EN,Federal Contract Tower,0,1,10,0,11,0,2,85,0,87,0,3,95,0,98,186,0,186,284
12/27/2022,FDK,MD,AEA,EN,Federal Contract Tower,0,2,15,0,17,0,2,114,0,116,0,4,129,0,133,188,0,188,321
12/28/2022,FDK,MD,AEA,EN,Federal Contract Tower,0,0,21,0,21,0,0,145,0,145,0,0,166,0,166,246,0,246,412
12/29/2022,FDK,MD,AEA,EN,Federal Contract Tower,0,2,11,0,13,0,0,171,0,171,0,2,182,0,184,248,0,248,432
12/30/2022,FDK,MD,AEA,EN,Federal Contract Tower,0,6,5,0,11,0,3,160,0,163,0,9,165,0,174,296,0,296,470
12/31/2022,FDK,MD,AEA,EN,Federal Contract Tower,0,0,2,0,2,0,0,0,0,0,0,0,2,0,2,0,0,0,2
01/01/2023,FDK,MD,AEA,EN,Federal Contract Tower,0,3,15,0,18,0,0,78,0,78,0,3,93,0,96,166,0,166,262
01/02/2023,FDK,MD,AEA,EN,Federal Contract Tower,0,2,13,0,15,0,0,118,0,118,0,2,131,0,133,306,0,306,439
01/03/2023,FDK,MD,AEA,EN,Federal Contract Tower,0,2,2,0,4,0,0,2,0,2,0,2,4,0,6,12,0,12,18
01/05/2023,FDK,MD,AEA,EN,Federal Contract Tower,0,1,16,0,17,0,1,90,0,91,0,2,106,0,108,186,0,186,294
01/06/2023,FDK,MD,AEA,EN,Federal Contract Tower,0,5,5,0,10,0,1,49,0,50,0,6,54,0,60,74,0,74,134
01/07/2023,FDK,MD,AEA,EN,Federal Contract Tower,0,0,9,0,9,0,0,83,0,83,0,0,92,0,92,168,0,168,260
01/08/2023,FDK,MD,AEA,EN,Federal Contract Tower,0,1,8,0,9,0,0,80,0,80,0,1,88,0,89,248,0,248,337
01/09/2023,FDK,MD,AEA,EN,Federal Contract Tower,0,0,12,0,12,0,2,58,0,60,0,2,70,0,72,92,0,92,164
01/10/2023,FDK,MD,AEA,EN,Federal Contract Tower,0,3,16,0,19,0,1,131,0,132,0,4,147,0,151,224,0,224,375
01/11/2023,FDK,MD,AEA,EN,Federal Contract Tower,0,1,13,0,14,0,2,100,0,102,0,3,113,0,116,214,0,214,330
01/12/2023,FDK,MD,AEA,EN,Federal Contract Tower,0,4,12,0,16,0,0,0,0,0,0,4,12,0,16,14,0,14,30
01/13/2023,FDK,MD,AEA,EN,Federal Contract Tower,0,1,16,0,17,0,1,22,0,23,0,2,38,0,40,10,0,10,50
01/14/2023,FDK,MD,AEA,EN,Federal Contract Tower,0,0,1,0,1,0,4,9,0,13,0,4,10,0,14,14,0,14,28
01/15/2023,FDK,MD,AEA,EN,Federal Contract Tower,0,0,12,0,12,0,0,64,0,64,0,0,76,0,76,124,0,124,200
01/16/2023,FDK,MD,AEA,EN,Federal Contract Tower,0,2,19,0,21,0,0,120,0,120,0,2,139,0,141,224,0,224,365
01/17/2023,FDK,MD,AEA,EN,Federal Contract Tower,0,1,9,0,10,0,1,0,0,1,0,2,9,0,11,106,0,106,117
01/18/2023,FDK,MD,AEA,EN,Federal Contract Tower,0,0,14,1,15,0,2,57,5,64,0,2,71,6,79,162,0,162,241
01/19/2023,FDK,MD,AEA,EN,Federal Contract Tower,0,0,13,0,13,0,0,4,0,4,0,0,17,0,17,4,0,4,21
01/20/2023,FDK,MD,AEA,EN,Federal Contract Tower,0,2,11,0,13,0,0,9,0,9,0,2,20,0,22,4,0,4,26
01/21/2023,FDK,MD,AEA,EN,Federal Contract Tower,0,2,9,0,11,0,0,155,0,155,0,2,164,0,166,262,0,262,428
01/22/2023,FDK,MD,AEA,EN,Federal Contract Tower,0,0,6,0,6,0,0,31,0,31,0,0,37,0,37,152,0,152,189
01/23/2023,FDK,MD,AEA,EN,Federal Contract Tower,0,2,6,0,8,0,0,7,0,7,0,2,13,0,15,8,0,8,23
01/24/2023,FDK,MD,AEA,EN,Federal Contract Tower,0,1,8,0,9,0,4,98,0,102,0,5,106,0,111,168,0,168,279
01/25/2023,FDK,MD,AEA,EN,Federal Contract Tower,0,0,1,0,1,0,0,2,0,2,0,0,3,0,3,0,0,0,3
01/26/2023,FDK,MD,AEA,EN,Federal Contract Tower,0,2,5,0,7,0,2,26,0,28,0,4,31,0,35,22,0,22,57
01/27/2023,FDK,MD,AEA,EN,Federal Contract Tower,0,2,25,0,27,0,2,92,1,95,0,4,117,1,122,100,0,100,222
01/28/2023,FDK,MD,AEA,EN,Federal Contract Tower,0,1,19,0,20,0,0,153,0,153,0,1,172,0,173,220,0,220,393
01/29/2023,FDK,MD,AEA,EN,Federal Contract Tower,0,2,17,0,19,0,5,85,0,90,0,7,102,0,109,220,0,220,329
01/30/2023,FDK,MD,AEA,EN,Federal Contract Tower,0,3,17,0,20,0,4,69,0,73,0,7,86,0,93,310,0,310,403
01/31/2023,FDK,MD,AEA,EN,Federal Contract Tower,0,0,6,0,6,0,0,26,0,26,0,0,32,0,32,106,0,106,138
02/01/2023,FDK,MD,AEA,EN,Federal Contract Tower,0,0,11,0,11,0,4,89,2,95,0,4,100,2,106,192,0,192,298
02/02/2023,FDK,MD,AEA,EN,Federal Contract Tower,0,0,11,0,11,0,5,118,2,125,0,5,129,2,136,220,0,220,356
02/03/2023,FDK,MD,AEA,EN,Federal Contract Tower,0,0,4,1,5,0,0,9,2,11,0,0,13,3,16,0,0,0,16
02/04/2023,FDK,MD,AEA,EN,Federal Contract Tower,0,0,10,0,10,0,5,72,0,77,0,5,82,0,87,132,0,132,219
02/05/2023,FDK,MD,AEA,EN,Federal Contract Tower,0,1,7,0,8,0,3,87,0,90,0,4,94,0,98,170,0,170,268
02/06/2023,FDK,MD,AEA,EN,Federal Contract Tower,0,3,7,0,10,0,1,37,0,38,0,4,44,0,48,56,0,56,104
02/07/2023,FDK,MD,AEA,EN,Federal Contract Tower,0,0,8,0,8,0,2,104,0,106,0,2,112,0,114,220,0,220,334
02/08/2023,FDK,MD,AEA,EN,Federal Contract Tower,0,1,11,0,12,0,4,122,4,130,0,5,133,4,142,266,0,266,408
02/09/2023,FDK,MD,AEA,EN,Federal Contract Tower,0,0,4,0,4,0,2,56,0,58,0,2,60,0,62,124,0,124,186
02/10/2023,FDK,MD,AEA,EN,Federal Contract Tower,0,0,2,1,3,0,1,38,0,39,0,1,40,1,42,68,0,68,110
02/11/2023,FDK,MD,AEA,EN,Federal Contract Tower,0,0,17,0,17,0,0,131,0,131,0,0,148,0,148,194,0,194,342
02/12/2023,FDK,MD,AEA,EN,Federal Contract Tower,0,2,9,0,11,0,0,54,0,54,0,2,63,0,65,180,0,180,245
02/13/2023,FDK,MD,AEA,EN,Federal Contract Tower,0,1,12,0,13,0,8,80,0,88,0,9,92,0,101,144,0,144,245
02/14/2023,FDK,MD,AEA,EN,Federal Contract Tower,0,2,10,0,12,0,1,126,0,127,0,3,136,0,139,222,0,222,361
02/15/2023,FDK,MD,AEA,EN,Federal Contract Tower,0,0,21,0,21,0,16,75,0,91,0,16,96,0,112,78,0,78,190
02/16/2023,FDK,MD,AEA,EN,Federal Contract Tower,0,1,10,0,11,0,1,27,0,28,0,2,37,0,39,88,0,88,127
02/17/2023,FDK,MD,AEA,EN,Federal Contract Tower,0,3,16,0,19,0,4,1,0,5,0,7,17,0,24,4,0,4,28
02/18/2023,FDK,MD,AEA,EN,Federal Contract Tower,0,0,15,0,15,0,0,175,0,175,0,0,190,0,190,228,0,228,418
02/19/2023,FDK,MD,AEA,EN,Federal Contract Tower,0,6,6,0,12,0,0,88,0,88,0,6,94,0,100,186,0,186,286
02/20/2023,FDK,MD,AEA,EN,Federal Contract Tower,0,1,13,0,14,0,4,115,0,119,0,5,128,0,133,176,0,176,309
02/21/2023,FDK,MD,AEA,EN,Federal Contract Tower,0,1,7,0,8,0,0,33,2,35,0,1,40,2,43,92,0,92,135
02/22/2023,FDK,MD,AEA,EN,Federal Contract Tower,0,1,11,2,14,0,2,52,0,54,0,3,63,2,68,138,0,138,206
02/23/2023,FDK,MD,AEA,EN,Federal Contract Tower,0,1,10,0,11,0,10,129,2,141,0,11,139,2,152,236,0,236,388
02/24/2023,FDK,MD,AEA,EN,Federal Contract Tower,0,8,0,0,8,0,2,22,4,28,0,10,22,4,36,14,0,14,50
02/25/2023,FDK,MD,AEA,EN,Federal Contract Tower,0,0,4,0,4,0,0,38,0,38,0,0,42,0,42,92,0,92,134
02/26/2023,FDK,MD,AEA,EN,Federal Contract Tower,0,5,15,0,20,0,3,65,0,68,0,8,80,0,88,100,0,100,188
02/27/2023,FDK,MD,AEA,EN,Federal Contract Tower,0,0,2,0,2,0,4,91,0,95,0,4,93,0,97,158,0,158,255
02/28/2023,FDK,MD,AEA,EN,Federal Contract Tower,0,0,4,0,4,0,0,55,0,55,0,0,59,0,59,128,0,128,187
03/01/2023,FDK,MD,AEA,EN,Federal Contract Tower,0,2,13,0,15,0,2,94,0,96,0,4,107,0,111,173,0,173,284
03/02/2023,FDK,MD,AEA,EN,Federal Contract Tower,0,0,11,0,11,0,3,86,0,89,0,3,97,0,100,188,0,188,288
03/03/2023,FDK,MD,AEA,EN,Federal Contract Tower,0,2,5,0,7,0,0,12,0,12,0,2,17,0,19,78,0,78,97
03/04/2023,FDK,MD,AEA,EN,Federal Contract Tower,0,0,4,0,4,0,6,2,0,8,0,6,6,0,12,0,0,0,12
03/05/2023,FDK,MD,AEA,EN,Federal Contract Tower,0,2,10,0,12,0,4,145,0,149,0,6,155,0,161,158,0,158,319
03/06/2023,FDK,MD,AEA,EN,Federal Contract Tower,0,1,14,2,17,0,4,166,0,170,0,5,180,2,187,264,0,264,451
03/07/2023,FDK,MD,AEA,EN,Federal Contract Tower,0,0,3,0,3,0,0,6,0,6,0,0,9,0,9,66,0,66,75
03/08/2023,FDK,MD,AEA,EN,Federal Contract Tower,0,0,5,0,5,0,0,69,0,69,0,0,74,0,74,34,0,34,108
03/09/2023,FDK,MD,AEA,EN,Federal Contract Tower,0,0,15,0,15,0,0,174,0,174,0,0,189,0,189,248,0,248,437
03/10/2023,FDK,MD,AEA,EN,Federal Contract Tower,0,0,0,0,0,0,0,2,0,2,0,0,2,0,2,0,0,0,2
03/11/2023,FDK,MD,AEA,EN,Federal Contract Tower,0,0,4,0,4,0,0,21,0,21,0,0,25,0,25,8,0,8,33
03/12/2023,FDK,MD,AEA,EN,Federal Contract Tower,0,0,10,0,10,0,0,117,0,117,0,0,127,0,127,160,0,160,287
03/13/2023,FDK,MD,AEA,EN,Federal Contract Tower,0,2,7,0,9,0,0,14,0,14,0,2,21,0,23,136,0,136,159
03/14/2023,FDK,MD,AEA,EN,Federal Contract Tower,0,1,0,0,1,0,4,5,0,9,0,5,5,0,10,0,0,0,10
03/15/2023,FDK,MD,AEA,EN,Federal Contract Tower,0,3,5,0,8,0,7,14,0,21,0,10,19,0,29,2,0,2,31
03/16/2023,FDK,MD,AEA,EN,Federal Contract Tower,0,0,18,0,18,0,0,210,0,210,0,0,228,0,228,310,0,310,538
03/17/2023,FDK,MD,AEA,EN,Federal Contract Tower,0,0,19,4,23,0,3,53,0,56,0,3,72,4,79,146,0,146,225
03/18/2023,FDK,MD,AEA,EN,Federal Contract Tower,0,2,9,0,11,0,0,47,0,47,0,2,56,0,58,60,2,62,120
03/19/2023,FDK,MD,AEA,EN,Federal Contract Tower,0,1,6,0,7,0,0,44,4,48,0,1,50,4,55,72,0,72,127
03/20/2023,FDK,MD,AEA,EN,Federal Contract Tower,0,1,8,0,9,0,4,137,0,141,0,5,145,0,150,262,0,262,412
03/21/2023,FDK,MD,AEA,EN,Federal Contract Tower,0,11,8,0,19,0,4,144,2,150,0,15,152,2,169,306,0,306,475
03/22/2023,FDK,MD,AEA,EN,Federal Contract Tower,0,2,16,0,18,0,2,140,0,142,0,4,156,0,160,230,0,230,390
03/23/2023,FDK,MD,AEA,EN,Federal Contract Tower,0,0,12,0,12,0,1,42,0,43,0,1,54,0,55,118,0,118,173
03/24/2023,FDK,MD,AEA,EN,Federal Contract Tower,0,0,17,0,17,0,0,10,0,10,0,0,27,0,27,46,0,46,73
03/25/2023,FDK,MD,AEA,EN,Federal Contract Tower,0,0,12,0,12,0,0,0,0,0,0,0,12,0,12,0,0,0,12
03/26/2023,FDK,MD,AEA,EN,Federal Contract Tower,0,1,11,0,12,0,0,116,0,116,0,1,127,0,128,232,0,232,360
03/27/2023,FDK,MD,AEA,EN,Federal Contract Tower,0,2,15,0,17,0,6,67,0,73,0,8,82,0,90,160,0,160,250
03/28/2023,FDK,MD,AEA,EN,Federal Contract Tower,0,1,13,0,14,0,9,99,0,108,0,10,112,0,122,212,12,224,346
03/29/2023,FDK,MD,AEA,EN,Federal Contract Tower,0,0,14,0,14,0,4,154,0,158,0,4,168,0,172,304,0,304,476
03/30/2023,FDK,MD,AEA,EN,Federal Contract Tower,0,0,11,0,11,0,6,164,0,170,0,6,175,0,181,318,0,318,499
03/31/2023,FDK,MD,AEA,EN,Federal Contract Tower,0,0,14,0,14,0,2,51,0,53,0,2,65,0,67,178,0,178,245
04/01/2023,FDK,MD,AEA,EN,Federal Contract Tower,0,0,3,0,3,0,0,8,0,8,0,0,11,0,11,24,0,24,35
04/02/2023,FDK,MD,AEA,EN,Federal Contract Tower,0,1,17,0,18,0,4,94,1,99,0,5,111,1,117,194,0,194,311
04/03/2023,FDK,MD,AEA,EN,Federal Contract Tower,0,2,7,0,9,0,6,90,5,101,0,8,97,5,110,234,0,234,344
04/04/2023,FDK,MD,AEA,EN,Federal Contract Tower,0,8,15,0,23,0,4,138,1,143,0,12,153,1,166,260,4,264,430
04/05/2023,FDK,MD,AEA,EN,Federal Contract Tower,0,0,8,0,8,0,5,92,1,98,0,5,100,1,106,176,2,178,284
04/06/2023,FDK,MD,AEA,EN,Federal Contract Tower,0,1,11,0,12,0,12,63,2,77,0,13,74,2,89,220,0,220,309
04/07/2023,FDK,MD,AEA,EN,Federal Contract Tower,0,3,17,0,20,0,0,119,1,120,0,3,136,1,140,258,0,258,398
04/08/2023,FDK,MD,AEA,EN,Federal Contract Tower,0,1,8,0,9,0,2,119,0,121,0,3,127,0,130,308,0,308,438
04/09/2023,FDK,MD,AEA,EN,Federal Contract Tower,0,2,14,0,16,0,4,96,0,100,0,6,110,0,116,200,0,200,316
04/10/2023,FDK,MD,AEA,EN,Federal Contract Tower,0,0,10,0,10,0,7,140,0,147,0,7,150,0,157,230,0,230,387
04/11/2023,FDK,MD,AEA,EN,Federal Contract Tower,0,0,4,0,4,0,3,129,0,132,0,3,133,0,136,178,0,178,314
04/12/2023,FDK,MD,AEA,EN,Federal Contract Tower,0,0,16,0,16,0,13,95,0,108,0,13,111,0,124,68,0,68,192
04/13/2023,FDK,MD,AEA,EN,Federal Contract Tower,0,0,16,0,16,0,11,180,0,191,0,11,196,0,207,286,0,286,493
04/14/2023,FDK,MD,AEA,EN,Federal Contract Tower,0,0,13,0,13,0,0,156,0,156,0,0,169,0,169,296,0,296,465
04/15/2023,FDK,MD,AEA,EN,Federal Contract Tower,0,1,4,0,5,0,2,27,0,29,0,3,31,0,34,84,0,84,118
04/16/2023,FDK,MD,AEA,EN,Federal Contract Tower,0,3,16,0,19,0,0,129,0,129,0,3,145,0,148,198,0,198,346
04/17/2023,FDK,MD,AEA,EN,Federal Contract Tower,0,3,10,0,13,0,11,48,0,59,0,14,58,0,72,60,0,60,132
04/18/2023,FDK,MD,AEA,EN,Federal Contract Tower,0,0,7,0,7,0,2,23,0,25,0,2,30,0,32,8,0,8,40
04/20/2023,FDK,MD,AEA,EN,Federal Contract Tower,0,0,18,0,18,0,5,152,0,157,0,5,170,0,175,250,0,250,425
04/21/2023,FDK,MD,AEA,EN,Federal Contract Tower,0,1,23,0,24,0,1,159,0,160,0,2,182,0,184,230,0,230,414
04/22/2023,FDK,MD,AEA,EN,Federal Contract Tower,0,0,5,0,5,0,2,17,0,19,0,2,22,0,24,46,0,46,70
04/23/2023,FDK,MD,AEA,EN,Federal Contract Tower,0,1,10,0,11,0,6,164,0,170,0,7,174,0,181,182,0,182,363
04/24/2023,FDK,MD,AEA,EN,Federal Contract Tower,0,6,16,0,22,0,1,101,0,102,0,7,117,0,124,178,0,178,302
04/25/2023,FDK,MD,AEA,EN,Federal Contract Tower,0,1,6,0,7,0,0,143,0,143,0,1,149,0,150,228,0,228,378
04/26/2023,FDK,MD,AEA,EN,Federal Contract Tower,0,4,21,0,25,0,2,97,0,99,0,6,118,0,124,254,0,254,378
04/27/2023,FDK,MD,AEA,EN,Federal Contract Tower,0,3,34,0,37,0,0,75,0,75,0,3,109,0,112,226,0,226,338
04/28/2023,FDK,MD,AEA,EN,Federal Contract Tower,0,1,16,0,17,0,0,0,0,0,0,1,16,0,17,0,0,0,17
04/29/2023,FDK,MD,AEA,EN,Federal Contract Tower,0,0,19,0,19,0,1,21,0,22,0,1,40,0,41,94,0,94,135
04/30/2023,FDK,MD,AEA,EN,Federal Contract Tower,0,0,7,0,7,0,0,0,0,0,0,0,7,0,7,0,0,0,7
05/01/2023,FDK,MD,AEA,EN,Federal Contract Tower,0,1,11,0,12,0,0,31,0,31,0,1,42,0,43,88,0,88,131
05/02/2023,FDK,MD,AEA,EN,Federal Contract Tower,0,1,11,0,12,0,6,31,0,37,0,7,42,0,49,64,0,64,113
05/03/2023,FDK,MD,AEA,EN,Federal Contract Tower,0,2,10,0,12,0,3,55,0,58,0,5,65,0,70,194,0,194,264
05/04/2023,FDK,MD,AEA,EN,Federal Contract Tower,0,2,9,0,11,0,4,130,0,134,0,6,139,0,145,364,0,364,509
05/05/2023,FDK,MD,AEA,EN,Federal Contract Tower,0,0,30,0,30,0,2,226,0,228,0,2,256,0,258,266,0,266,524
05/06/2023,FDK,MD,AEA,EN,Federal Contract Tower,0,1,13,0,14,0,0,214,0,214,0,1,227,0,228,264,0,264,492
05/07/2023,FDK,MD,AEA,EN,Federal Contract Tower,0,3,15,0,18,0,0,142,0,142,0,3,157,0,160,252,0,252,412
05/08/2023,FDK,MD,AEA,EN,Federal Contract Tower,0,1,6,0,7,0,2,102,0,104,0,3,108,0,111,308,0,308,419
05/09/2023,FDK,MD,AEA,EN,Federal Contract Tower,0,3,11,0,14,0,0,82,0,82,0,3,93,0,96,224,0,224,320
05/10/2023,FDK,MD,AEA,EN,Federal Contract Tower,0,4,18,0,22,0,3,184,2,189,0,7,202,2,211,300,0,300,511
05/11/2023,FDK,MD,AEA,EN,Federal Contract Tower,0,1,13,1,15,0,2,126,0,128,0,3,139,1,143,332,0,332,475
05/12/2023,FDK,MD,AEA,EN,Federal Contract Tower,0,1,0,20,21,0,3,144,0,147,0,4,144,20,168,272,0,272,440
05/13/2023,FDK,MD,AEA,EN,Federal Contract Tower,0,1,19,0,20,0,0,24,0,24,0,1,43,0,44,82,0,82,126
05/14/2023,FDK,MD,AEA,EN,Federal Contract Tower,0,1,8,0,9,0,4,135,0,139,0,5,143,0,148,188,0,188,336
05/15/2023,FDK,MD,AEA,EN,Federal Contract Tower,0,6,12,0,18,0,2,157,0,159,0,8,169,0,177,268,0,268,445
05/16/2023,FDK,MD,AEA,EN,Federal Contract Tower,0,2,13,0,15,0,0,120,0,120,0,2,133,0,135,192,0,192,327
05/17/2023,FDK,MD,AEA,EN,Federal Contract Tower,0,1,12,0,13,0,3,118,0,121,0,4,130,0,134,278,0,278,412
05/18/2023,FDK,MD,AEA,EN,Federal Contract Tower,0,0,4,0,4,0,4,160,0,164,0,4,164,0,168,264,0,264,432
05/19/2023,FDK,MD,AEA,EN,Federal Contract Tower,0,3,27,0,30,0,2,87,2,91,0,5,114,2,121,216,0,216,337
05/20/2023,FDK,MD,AEA,EN,Federal Contract Tower,0,0,16,0,16,0,2,70,0,72,0,2,86,0,88,148,0,148,236
05/21/2023,FDK,MD,AEA,EN,Federal Contract Tower,0,1,21,0,22,0,3,157,0,160,0,4,178,0,182,194,0,194,376
05/22/2023,FDK,MD,AEA,EN,Federal Contract Tower,0,1,12,0,13,0,5,153,0,158,0,6,165,0,171,252,0,252,423
05/23/2023,FDK,MD,AEA,EN,Federal Contract Tower,0,2,13,0,15,0,4,115,0,119,0,6,128,0,134,204,0,204,338
05/24/2023,FDK,MD,AEA,EN,Federal Contract Tower,0,2,8,0,10,0,1,127,0,128,0,3,135,0,138,258,0,258,396
05/25/2023,FDK,MD,AEA,EN,Federal Contract Tower,0,3,20,0,23,0,2,131,0,133,0,5,151,0,156,218,0,218,374
05/26/2023,FDK,MD,AEA,EN,Federal Contract Tower,0,0,13,0,13,0,3,141,0,144,0,3,154,0,157,388,0,388,545
05/27/2023,FDK,MD,AEA,EN,Federal Contract Tower,0,0,14,0,14,0,4,132,0,136,0,4,146,0,150,226,0,226,376
05/28/2023,FDK,MD,AEA,EN,Federal Contract Tower,0,0,11,0,11,0,4,120,0,124,0,4,131,0,135,252,0,252,387
05/29/2023,FDK,MD,AEA,EN,Federal Contract Tower,0,1,9,0,10,0,6,99,0,105,0,7,108,0,115,232,0,232,347
05/30/2023,FDK,MD,AEA,EN,Federal Contract Tower,0,5,16,0,21,0,2,90,0,92,0,7,106,0,113,274,0,274,387
05/31/2023,FDK,MD,AEA,EN,Federal Contract Tower,0,1,12,1,14,0,12,124,0,136,0,13,136,1,150,336,0,336,486
06/01/2023,FDK,MD,AEA,EN,Federal Contract Tower,0,0,23,0,23,0,2,143,0,145,0,2,166,0,168,286,0,286,454
06/02/2023,FDK,MD,AEA,EN,Federal Contract Tower,0,0,22,0,22,0,3,140,0,143,0,3,162,0,165,292,0,292,457
06/03/2023,FDK,MD,AEA,EN,Federal Contract Tower,0,0,13,0,13,0,2,76,0,78,0,2,89,0,91,224,0,224,315
06/04/2023,FDK,MD,AEA,EN,Federal Contract Tower,0,0,27,0,27,0,2,144,0,146,0,2,171,0,173,180,0,180,353
06/05/2023,FDK,MD,AEA,EN,Federal Contract Tower,0,0,6,0,6,0,4,98,0,102,0,4,104,0,108,276,0,276,384
06/06/2023,FDK,MD,AEA,EN,Federal Contract Tower,0,1,6,0,7,0,2,49,0,51,0,3,55,0,58,206,0,206,264
06/07/2023,FDK,MD,AEA,EN,Federal Contract Tower,0,0,23,4,27,0,0,33,0,33,0,0,56,4,60,194,0,194,254
06/08/2023,FDK,MD,AEA,EN,Federal Contract Tower,0,1,32,0,33,0,0,13,0,13,0,1,45,0,46,54,0,54,100
06/09/2023,FDK,MD,AEA,EN,Federal Contract Tower,0,0,16,0,16,0,3,69,0,72,0,3,85,0,88,238,0,238,326
06/10/2023,FDK,MD,AEA,EN,Federal Contract Tower,0,3,13,1,17,0,6,146,1,153,0,9,159,2,170,230,0,230,400
06/11/2023,FDK,MD,AEA,EN,Federal Contract Tower,0,3,13,0,16,0,0,140,0,140,0,3,153,0,156,158,0,158,314
06/12/2023,FDK,MD,AEA,EN,Federal Contract Tower,0,1,3,0,4,0,1,5,0,6,0,2,8,0,10,16,0,16,26
06/13/2023,FDK,MD,AEA,EN,Federal Contract Tower,0,1,18,0,19,0,3,106,0,109,0,4,124,0,128,195,0,195,323
06/14/2023,FDK,MD,AEA,EN,Federal Contract Tower,0,0,7,0,7,0,0,28,0,28,0,0,35,0,35,104,0,104,139
06/15/2023,FDK,MD,AEA,EN,Federal Contract Tower,0,0,13,0,13,0,0,202,0,202,0,0,215,0,215,371,6,377,592
06/16/2023,FDK,MD,AEA,EN,Federal Contract Tower,0,0,26,0,26,0,0,52,0,52,0,0,78,0,78,160,0,160,238
06/17/2023,FDK,MD,AEA,EN,Federal Contract Tower,0,0,18,0,18,0,0,76,0,76,0,0,94,0,94,110,0,110,204
06/18/2023,FDK,MD,AEA,EN,Federal Contract Tower,0,2,18,0,20,0,0,187,0,187,0,2,205,0,207,178,0,178,385
06/19/2023,FDK,MD,AEA,EN,Federal Contract Tower,0,0,10,0,10,0,2,113,0,115,0,2,123,0,125,260,0,260,385
06/20/2023,FDK,MD,AEA,EN,Federal Contract Tower,0,0,14,0,14,0,1,53,0,54,0,1,67,0,68,388,0,388,456
06/21/2023,FDK,MD,AEA,EN,Federal Contract Tower,0,0,18,0,18,0,0,23,0,23,0,0,41,0,41,124,0,124,165
06/22/2023,FDK,MD,AEA,EN,Federal Contract Tower,0,0,13,0,13,0,0,1,0,1,0,0,14,0,14,0,0,0,14
06/23/2023,FDK,MD,AEA,EN,Federal Contract Tower,0,0,9,0,9,0,0,0,0,0,0,0,9,0,9,0,0,0,9
06/24/2023,FDK,MD,AEA,EN,Federal Contract Tower,0,0,9,0,9,0,4,40,0,44,0,4,49,0,53,192,0,192,245
06/25/2023,FDK,MD,AEA,EN,Federal Contract Tower,0,2,11,0,13,0,0,112,0,112,0,2,123,0,125,260,0,260,385
06/26/2023,FDK,MD,AEA,EN,Federal Contract Tower,0,3,8,0,11,0,0,87,0,87,0,3,95,0,98,262,0,262,360
06/27/2023,FDK,MD,AEA,EN,Federal Contract Tower,0,2,6,0,8,0,3,79,0,82,0,5,85,0,90,178,0,178,268
06/28/2023,FDK,MD,AEA,EN,Federal Contract Tower,0,2,22,0,24,0,1,57,0,58,0,3,79,0,82,124,0,124,206
06/29/2023,FDK,MD,AEA,EN,Federal Contract Tower,0,1,48,0,49,0,0,3,0,3,0,1,51,0,52,30,0,30,82
06/30/2023,FDK,MD,AEA,EN,Federal Contract Tower,0,0,32,0,32,0,0,34,0,34,0,0,66,0,66,112,0,112,178
07/01/2023,FDK,MD,AEA,EN,Federal Contract Tower,0,1,24,0,25,0,4,30,0,34,0,5,54,0,59,148,0,148,207
07/02/2023,FDK,MD,AEA,EN,Federal Contract Tower,0,1,10,0,11,0,3,22,4,29,0,4,32,4,40,78,0,78,118
07/03/2023,FDK,MD,AEA,EN,Federal Contract Tower,0,1,21,0,22,0,2,54,0,56,0,3,75,0,78,144,0,144,222
07/04/2023,FDK,MD,AEA,EN,Federal Contract Tower,0,0,0,0,0,0,6,85,0,91,0,6,85,0,91,158,0,158,249
07/05/2023,FDK,MD,AEA,EN,Federal Contract Tower,0,0,7,0,7,0,2,100,0,102,0,2,107,0,109,232,0,232,341
07/06/2023,FDK,MD,AEA,EN,Federal Contract Tower,0,0,21,2,23,0,2,109,0,111,0,2,130,2,134,242,0,242,376
07/07/2023,FDK,MD,AEA,EN,Federal Contract Tower,0,1,12,0,13,0,5,86,0,91,0,6,98,0,104,234,0,234,338
07/08/2023,FDK,MD,AEA,EN,Federal Contract Tower,0,0,16,0,16,0,0,126,0,126,0,0,142,0,142,254,0,254,396
07/09/2023,FDK,MD,AEA,EN,Federal Contract Tower,0,1,24,0,25,0,0,21,0,21,0,1,45,0,46,140,0,140,186
07/10/2023,FDK,MD,AEA,EN,Federal Contract Tower,0,1,17,0,18,0,0,137,2,139,0,1,154,2,157,300,0,300,457
07/11/2023,FDK,MD,AEA,EN,Federal Contract Tower,0,4,5,0,9,0,5,136,0,141,0,9,141,0,150,374,0,374,524
07/12/2023,FDK,MD,AEA,EN,Federal Contract Tower,0,1,24,0,25,0,5,133,0,138,0,6,157,0,163,310,0,310,473
07/13/2023,FDK,MD,AEA,EN,Federal Contract Tower,0,0,15,0,15,0,4,128,0,132,0,4,143,0,147,268,0,268,415
07/14/2023,FDK,MD,AEA,EN,Federal Contract Tower,0,1,18,0,19,0,4,68,0,72,0,5,86,0,91,218,0,218,309
07/15/2023,FDK,MD,AEA,EN,Federal Contract Tower,0,0,13,0,13,0,0,119,0,119,0,0,132,0,132,248,0,248,380
07/16/2023,FDK,MD,AEA,EN,Federal Contract Tower,0,4,17,0,21,0,1,58,0,59,0,5,75,0,80,194,0,194,274
07/17/2023,FDK,MD,AEA,EN,Federal Contract Tower,0,1,16,0,17,0,4,91,0,95,0,5,107,0,112,444,0,444,556
07/18/2023,FDK,MD,AEA,EN,Federal Contract Tower,0,2,14,0,16,0,3,117,0,120,0,5,131,0,136,382,0,382,518
07/19/2023,FDK,MD,AEA,EN,Federal Contract Tower,0,1,15,0,16,0,2,104,0,106,0,3,119,0,122,274,0,274,396
07/20/2023,FDK,MD,AEA,EN,Federal Contract Tower,0,0,14,0,14,0,1,115,0,116,0,1,129,0,130,254,0,254,384
07/21/2023,FDK,MD,AEA,EN,Federal Contract Tower,0,0,10,2,12,0,0,110,2,112,0,0,120,4,124,344,0,344,468
07/22/2023,FDK,MD,AEA,EN,Federal Contract Tower,0,4,19,0,23,0,0,148,0,148,0,4,167,0,171,250,0,250,421
07/23/2023,FDK,MD,AEA,EN,Federal Contract Tower,0,0,11,0,11,0,6,121,0,127,0,6,132,0,138,250,0,250,388
07/24/2023,FDK,MD,AEA,EN,Federal Contract Tower,0,0,23,0,23,0,0,62,0,62,0,0,85,0,85,180,0,180,265
07/25/2023,FDK,MD,AEA,EN,Federal Contract Tower,0,2,17,0,19,0,4,52,5,61,0,6,69,5,80,136,0,136,216
07/26/2023,FDK,MD,AEA,EN,Federal Contract Tower,0,0,24,0,24,0,3,119,0,122,0,3,143,0,146,168,0,168,314
07/27/2023,FDK,MD,AEA,EN,Federal Contract Tower,0,0,6,0,6,0,0,63,0,63,0,0,69,0,69,96,0,96,165
07/28/2023,FDK,MD,AEA,EN,Federal Contract Tower,0,0,12,0,12,0,0,99,0,99,0,0,111,0,111,272,0,272,383
07/29/2023,FDK,MD,AEA,EN,Federal Contract Tower,0,0,13,0,13,0,4,124,0,128,0,4,137,0,141,184,0,184,325
07/30/2023,FDK,MD,AEA,EN,Federal Contract Tower,0,2,7,0,9,0,3,124,0,127,0,5,131,0,136,226,0,226,362
07/31/2023,FDK,MD,AEA,EN,Federal Contract Tower,0,0,20,0,20,0,4,164,0,168,0,4,184,0,188,196,0,196,384
08/01/2023,FDK,MD,AEA,EN,Federal Contract Tower,0,2,2,0,4,0,1,151,0,152,0,3,153,0,156,388,0,388,544
08/02/2023,FDK,MD,AEA,EN,Federal Contract Tower,0,2,10,0,12,0,8,138,0,146,0,10,148,0,158,266,0,266,424
08/03/2023,FDK,MD,AEA,EN,Federal Contract Tower,0,0,16,0,16,0,2,77,0,79,0,2,93,0,95,98,0,98,193
08/04/2023,FDK,MD,AEA,EN,Federal Contract Tower,0,0,29,0,29,0,5,60,0,65,0,5,89,0,94,178,0,178,272
08/05/2023,FDK,MD,AEA,EN,Federal Contract Tower,0,19,0,0,19,0,15,100,3,118,0,34,100,3,137,202,0,202,339
08/06/2023,FDK,MD,AEA,EN,Federal Contract Tower,0,3,17,0,20,0,0,138,0,138,0,3,155,0,158,148,0,148,306
08/07/2023,FDK,MD,AEA,EN,Federal Contract Tower,0,0,14,0,14,0,0,22,0,22,0,0,36,0,36,90,0,90,126
08/08/2023,FDK,MD,AEA,EN,Federal Contract Tower,0,1,7,0,8,0,2,39,0,41,0,3,46,0,49,152,0,152,201
08/09/2023,FDK,MD,AEA,EN,Federal Contract Tower,0,0,10,0,10,0,3,141,0,144,0,3,151,0,154,306,0,306,460
08/10/2023,FDK,MD,AEA,EN,Federal Contract Tower,0,0,22,0,22,0,2,30,0,32,0,2,52,0,54,92,0,92,146
08/11/2023,FDK,MD,AEA,EN,Federal Contract Tower,0,0,21,0,21,0,3,189,0,192,0,3,210,0,213,298,0,298,511
08/12/2023,FDK,MD,AEA,EN,Federal Contract Tower,0,0,6,0,6,0,4,128,0,132,0,4,134,0,138,240,0,240,378
08/13/2023,FDK,MD,AEA,EN,Federal Contract Tower,0,0,14,0,14,0,4,136,0,140,0,4,150,0,154,222,0,222,376
08/14/2023,FDK,MD,AEA,EN,Federal Contract Tower,0,1,20,0,21,0,1,94,0,95,0,2,114,0,116,220,0,220,336
08/15/2023,FDK,MD,AEA,EN,Federal Contract Tower,0,3,21,0,24,0,5,102,0,107,0,8,123,0,131,190,0,190,321
08/16/2023,FDK,MD,AEA,EN,Federal Contract Tower,0,0,13,0,13,1,2,135,0,138,1,2,148,0,151,186,0,186,337
08/17/2023,FDK,MD,AEA,EN,Federal Contract Tower,0,0,25,2,27,0,3,87,2,92,0,3,112,4,119,128,0,128,247
08/18/2023,FDK,MD,AEA,EN,Federal Contract Tower,0,0,13,0,13,0,0,60,11,71,0,0,73,11,84,92,0,92,176
08/19/2023,FDK,MD,AEA,EN,Federal Contract Tower,0,0,11,0,11,0,5,171,0,176,0,5,182,0,187,174,0,174,361
08/20/2023,FDK,MD,AEA,EN,Federal Contract Tower,0,1,23,0,24,0,6,132,0,138,0,7,155,0,162,182,2,184,346
08/21/2023,FDK,MD,AEA,EN,Federal Contract Tower,0,4,13,0,17,0,12,139,0,151,0,16,152,0,168,270,0,270,438
08/22/2023,FDK,MD,AEA,EN,Federal Contract Tower,0,0,5,0,5,0,0,124,0,124,0,0,129,0,129,250,0,250,379
08/23/2023,FDK,MD,AEA,EN,Federal Contract Tower,0,0,11,0,11,0,1,126,0,127,0,1,137,0,138,328,0,328,466
08/24/2023,FDK,MD,AEA,EN,Federal Contract Tower,0,0,10,0,10,0,1,71,0,72,0,1,81,0,82,298,0,298,380
08/25/2023,FDK,MD,AEA,EN,Federal Contract Tower,0,0,6,0,6,0,0,89,0,89,0,0,95,0,95,210,0,210,305
08/26/2023,FDK,MD,AEA,EN,Federal Contract Tower,0,0,17,0,17,0,2,145,0,147,0,2,162,0,164,208,0,208,372
08/27/2023,FDK,MD,AEA,EN,Federal Contract Tower,0,2,6,0,8,0,0,145,0,145,0,2,151,0,153,168,0,168,321
08/28/2023,FDK,MD,AEA,EN,Federal Contract Tower,0,3,16,2,21,0,4,58,0,62,0,7,74,2,83,242,0,242,325
08/29/2023,FDK,MD,AEA,EN,Federal Contract Tower,0,0,19,0,19,0,0,44,0,44,0,0,63,0,63,54,0,54,117
08/30/2023,FDK,MD,AEA,EN,Federal Contract Tower,0,0,13,0,13,0,2,102,0,104,0,2,115,0,117,232,0,232,349
08/31/2023,FDK,MD,AEA,EN,Federal Contract Tower,0,0,16,0,16,0,3,92,0,95,0,3,108,0,111,166,0,166,277
