01/01/2000,FFZ,AZ,AWP,WE,Towers with Display (VFR),0,1,0,0,1,0,12,222,1,235,0,13,222,1,236,164,0,164,400
01/02/2000,FFZ,AZ,AWP,WE,Towers with Display (VFR),5,3,14,0,22,9,6,137,0,152,14,9,151,0,174,120,0,120,294
01/03/2000,FFZ,AZ,AWP,WE,Towers with Display (VFR),0,0,5,0,5,0,11,237,2,250,0,11,242,2,255,267,0,267,522
01/04/2000,FFZ,AZ,AWP,WE,Towers with Display (VFR),0,0,1,0,1,0,11,244,28,283,0,11,245,28,284,295,10,305,589
01/05/2000,FFZ,AZ,AWP,WE,Towers with Display (VFR),0,0,4,0,4,0,18,317,12,347,0,18,321,12,351,450,2,452,803
01/06/2000,FFZ,AZ,AWP,WE,Towers with Display (VFR),0,0,6,0,6,0,5,313,14,332,0,5,319,14,338,288,2,290,628
01/07/2000,FFZ,AZ,AWP,WE,Towers with Display (VFR),0,0,5,0,5,0,17,346,30,393,0,17,351,30,398,428,2,430,828
01/08/2000,FFZ,AZ,AWP,WE,Towers with Display (VFR),0,0,6,0,6,0,24,523,1,548,0,24,529,1,554,504,0,504,1058
01/09/2000,FFZ,AZ,AWP,WE,Towers with Display (VFR),0,0,5,0,5,0,6,457,0,463,0,6,462,0,468,434,0,434,902
01/10/2000,FFZ,AZ,AWP,WE,Towers with Display (VFR),0,0,1,0,1,0,23,270,21,314,0,23,271,21,315,386,0,386,701
01/11/2000,FFZ,AZ,AWP,WE,Towers with Display (VFR),0,0,5,0,5,0,2,321,31,354,0,2,326,31,359,516,6,522,881
01/12/2000,FFZ,AZ,AWP,WE,Towers with Display (VFR),0,0,6,0,6,0,6,425,19,450,0,6,431,19,456,478,4,482,938
01/13/2000,FFZ,AZ,AWP,WE,Towers with Display (VFR),0,0,6,0,6,0,20,382,30,432,0,20,388,30,438,335,15,350,788
01/14/2000,FFZ,AZ,AWP,WE,Towers with Display (VFR),0,0,6,0,6,0,21,313,24,358,0,21,319,24,364,291,4,295,659
01/15/2000,FFZ,AZ,AWP,WE,Towers with Display (VFR),0,0,5,0,5,0,7,549,3,559,0,7,554,3,564,314,0,314,878
01/16/2000,FFZ,AZ,AWP,WE,Towers with Display (VFR),0,0,6,0,6,0,8,459,1,468,0,8,465,1,474,365,1,366,840
01/17/2000,FFZ,AZ,AWP,WE,Towers with Display (VFR),0,2,14,0,16,0,2,404,13,419,0,4,418,13,435,392,0,392,827
01/18/2000,FFZ,AZ,AWP,WE,Towers with Display (VFR),1,0,8,0,9,0,16,357,25,398,1,16,365,25,407,444,2,446,853
01/19/2000,FFZ,AZ,AWP,WE,Towers with Display (VFR),0,0,3,0,3,1,17,408,40,466,1,17,411,40,469,570,18,588,1057
01/20/2000,FFZ,AZ,AWP,WE,Towers with Display (VFR),0,3,12,0,15,0,21,368,32,421,0,24,380,32,436,402,8,410,846
01/21/2000,FFZ,AZ,AWP,WE,Towers with Display (VFR),0,0,7,0,7,0,32,408,19,459,0,32,415,19,466,439,8,447,913
01/22/2000,FFZ,AZ,AWP,WE,Towers with Display (VFR),0,3,8,0,11,0,4,521,0,525,0,7,529,0,536,378,0,378,914
01/23/2000,FFZ,AZ,AWP,WE,Towers with Display (VFR),0,0,2,0,2,0,4,435,0,439,0,4,437,0,441,326,0,326,767
01/24/2000,FFZ,AZ,AWP,WE,Towers with Display (VFR),0,0,1,0,1,0,12,333,16,361,0,12,334,16,362,264,0,264,626
01/25/2000,FFZ,AZ,AWP,WE,Towers with Display (VFR),0,3,8,0,11,0,3,405,9,417,0,6,413,9,428,316,12,328,756
01/26/2000,FFZ,AZ,AWP,WE,Towers with Display (VFR),1,0,6,0,7,0,12,265,8,285,1,12,271,8,292,236,4,240,532
01/27/2000,FFZ,AZ,AWP,WE,Towers with Display (VFR),0,3,8,0,11,0,37,444,36,517,0,40,452,36,528,298,26,324,852
01/28/2000,FFZ,AZ,AWP,WE,Towers with Display (VFR),0,0,7,0,7,0,16,365,18,399,0,16,372,18,406,282,0,282,688
01/29/2000,FFZ,AZ,AWP,WE,Towers with Display (VFR),0,0,6,0,6,0,6,526,0,532,0,6,532,0,538,284,0,284,822
01/30/2000,FFZ,AZ,AWP,WE,Towers with Display (VFR),2,3,8,0,13,0,6,370,0,376,2,9,378,0,389,170,0,170,559
01/31/2000,FFZ,AZ,AWP,WE,Towers with Display (VFR),0,0,6,0,6,0,17,247,35,299,0,17,253,35,305,244,2,246,551
02/01/2000,FFZ,AZ,AWP,WE,Towers with Display (VFR),0,1,1,0,2,0,2,379,35,416,0,3,380,35,418,284,4,288,706
02/02/2000,FFZ,AZ,AWP,WE,Towers with Display (VFR),0,0,6,1,7,0,20,388,17,425,0,20,394,18,432,386,0,386,818
02/03/2000,FFZ,AZ,AWP,WE,Towers with Display (VFR),0,0,7,0,7,0,14,402,18,434,0,14,409,18,441,451,9,460,901
02/04/2000,FFZ,AZ,AWP,WE,Towers with Display (VFR),0,0,10,0,10,0,21,402,31,454,0,21,412,31,464,494,0,494,958
02/05/2000,FFZ,AZ,AWP,WE,Towers with Display (VFR),0,2,7,0,9,0,6,538,3,547,0,8,545,3,556,336,4,340,896
02/06/2000,FFZ,AZ,AWP,WE,Towers with Display (VFR),0,0,9,0,9,0,17,476,0,493,0,17,485,0,502,375,0,375,877
02/07/2000,FFZ,AZ,AWP,WE,Towers with Display (VFR),0,0,10,0,10,0,25,325,10,360,0,25,335,10,370,484,1,485,855
02/08/2000,FFZ,AZ,AWP,WE,Towers with Display (VFR),0,0,5,0,5,0,8,383,27,418,0,8,388,27,423,582,0,582,1005
02/09/2000,FFZ,AZ,AWP,WE,Towers with Display (VFR),0,0,8,0,8,0,10,419,23,452,0,10,427,23,460,481,2,483,943
02/10/2000,FFZ,AZ,AWP,WE,Towers with Display (VFR),0,0,8,0,8,2,21,371,18,412,2,21,379,18,420,340,8,348,768
02/11/2000,FFZ,AZ,AWP,WE,Towers with Display (VFR),0,4,7,0,11,0,16,356,19,391,0,20,363,19,402,397,4,401,803
02/12/2000,FFZ,AZ,AWP,WE,Towers with Display (VFR),0,0,9,0,9,0,22,340,0,362,0,22,349,0,371,370,0,370,741
02/13/2000,FFZ,AZ,AWP,WE,Towers with Display (VFR),0,1,8,0,9,0,23,386,0,409,0,24,394,0,418,416,0,416,834
02/14/2000,FFZ,AZ,AWP,WE,Towers with Display (VFR),0,0,10,0,10,0,19,366,8,393,0,19,376,8,403,434,6,440,843
02/15/2000,FFZ,AZ,AWP,WE,Towers with Display (VFR),0,2,8,0,10,0,12,473,7,492,0,14,481,7,502,468,0,468,970
02/16/2000,FFZ,AZ,AWP,WE,Towers with Display (VFR),0,2,8,0,10,0,10,375,18,403,0,12,383,18,413,436,0,436,849
02/17/2000,FFZ,AZ,AWP,WE,Towers with Display (VFR),0,2,9,0,11,0,16,225,22,263,0,18,234,22,274,301,0,301,575
02/18/2000,FFZ,AZ,AWP,WE,Towers with Display (VFR),0,0,7,0,7,0,21,389,11,421,0,21,396,11,428,436,6,442,870
02/19/2000,FFZ,AZ,AWP,WE,Towers with Display (VFR),0,0,4,0,4,0,24,469,2,495,0,24,473,2,499,382,0,382,881
02/20/2000,FFZ,AZ,AWP,WE,Towers with Display (VFR),0,3,11,0,14,0,8,250,0,258,0,11,261,0,272,124,0,124,396
02/21/2000,FFZ,AZ,AWP,WE,Towers with Display (VFR),0,2,10,0,12,0,11,186,15,212,0,13,196,15,224,208,6,214,438
02/22/2000,FFZ,AZ,AWP,WE,Towers with Display (VFR),2,2,8,0,12,0,19,301,13,333,2,21,309,13,345,338,6,344,689
02/23/2000,FFZ,AZ,AWP,WE,Towers with Display (VFR),0,0,5,0,5,2,17,416,12,447,2,17,421,12,452,436,0,436,888
02/24/2000,FFZ,AZ,AWP,WE,Towers with Display (VFR),0,3,11,0,14,0,8,275,21,304,0,11,286,21,318,302,2,304,622
02/25/2000,FFZ,AZ,AWP,WE,Towers with Display (VFR),0,2,10,0,12,0,7,430,8,445,0,9,440,8,457,343,2,345,802
02/26/2000,FFZ,AZ,AWP,WE,Towers with Display (VFR),0,2,8,0,10,0,16,572,1,589,0,18,580,1,599,366,2,368,967
02/27/2000,FFZ,AZ,AWP,WE,Towers with Display (VFR),0,0,7,0,7,0,20,500,2,522,0,20,507,2,529,384,0,384,913
02/28/2000,FFZ,AZ,AWP,WE,Towers with Display (VFR),0,0,9,0,9,2,14,265,2,283,2,14,274,2,292,232,0,232,524
02/29/2000,FFZ,AZ,AWP,WE,Towers with Display (VFR),0,0,8,0,8,0,6,376,8,390,0,6,384,8,398,620,0,620,1018
03/01/2000,FFZ,AZ,AWP,WE,Towers with Display (VFR),0,1,8,0,9,0,31,291,12,334,0,32,299,12,343,398,0,398,741
03/02/2000,FFZ,AZ,AWP,WE,Towers with Display (VFR),0,1,9,0,10,0,14,438,0,452,0,15,447,0,462,420,0,420,882
03/03/2000,FFZ,AZ,AWP,WE,Towers with Display (VFR),0,1,5,0,6,0,7,443,14,464,0,8,448,14,470,298,4,302,772
03/04/2000,FFZ,AZ,AWP,WE,Towers with Display (VFR),0,1,8,0,9,0,28,493,0,521,0,29,501,0,530,310,0,310,840
03/05/2000,FFZ,AZ,AWP,WE,Towers with Display (VFR),5,1,17,0,23,7,14,112,0,133,12,15,129,0,156,108,0,108,264
03/06/2000,FFZ,AZ,AWP,WE,Towers with Display (VFR),0,0,17,1,18,0,23,63,7,93,0,23,80,8,111,72,0,72,183
03/07/2000,FFZ,AZ,AWP,WE,Towers with Display (VFR),0,4,20,1,25,0,0,175,3,178,0,4,195,4,203,290,0,290,493
03/08/2000,FFZ,AZ,AWP,WE,Towers with Display (VFR),0,0,13,1,14,0,20,454,2,476,0,20,467,3,490,596,0,596,1086
03/09/2000,FFZ,AZ,AWP,WE,Towers with Display (VFR),0,0,6,1,7,0,20,389,5,414,0,20,395,6,421,398,0,398,819
03/10/2000,FFZ,AZ,AWP,WE,Towers with Display (VFR),0,0,4,1,5,0,8,497,11,516,0,8,501,12,521,420,2,422,943
03/11/2000,FFZ,AZ,AWP,WE,Towers with Display (VFR),0,0,9,0,9,0,25,493,2,520,0,25,502,2,529,386,0,386,915
03/12/2000,FFZ,AZ,AWP,WE,Towers with Display (VFR),0,0,7,0,7,0,26,472,0,498,0,26,479,0,505,492,0,492,997
03/13/2000,FFZ,AZ,AWP,WE,Towers with Display (VFR),0,0,6,0,6,0,27,437,20,484,0,27,443,20,490,454,10,464,954
03/14/2000,FFZ,AZ,AWP,WE,Towers with Display (VFR),0,0,5,0,5,0,31,437,25,493,0,31,442,25,498,560,4,564,1062
03/15/2000,FFZ,AZ,AWP,WE,Towers with Display (VFR),2,0,9,0,11,0,18,403,17,438,2,18,412,17,449,348,4,352,801
03/16/2000,FFZ,AZ,AWP,WE,Towers with Display (VFR),0,0,12,0,12,0,22,473,9,504,0,22,485,9,516,414,12,426,942
03/17/2000,FFZ,AZ,AWP,WE,Towers with Display (VFR),0,0,6,0,6,0,19,474,28,521,0,19,480,28,527,443,0,443,970
03/18/2000,FFZ,AZ,AWP,WE,Towers with Display (VFR),0,0,5,0,5,0,23,543,5,571,0,23,548,5,576,272,0,272,848
03/19/2000,FFZ,AZ,AWP,WE,Towers with Display (VFR),0,0,7,0,7,0,20,457,10,487,0,20,464,10,494,430,0,430,924
03/20/2000,FFZ,AZ,AWP,WE,Towers with Display (VFR),3,0,12,0,15,11,11,141,16,179,14,11,153,16,194,76,0,76,270
03/21/2000,FFZ,AZ,AWP,WE,Towers with Display (VFR),0,0,5,0,5,0,7,238,8,253,0,7,243,8,258,446,2,448,706
03/22/2000,FFZ,AZ,AWP,WE,Towers with Display (VFR),0,0,10,0,10,0,14,427,12,453,0,14,437,12,463,424,0,424,887
03/23/2000,FFZ,AZ,AWP,WE,Towers with Display (VFR),0,0,5,0,5,0,1,556,16,573,0,1,561,16,578,460,8,468,1046
03/24/2000,FFZ,AZ,AWP,WE,Towers with Display (VFR),0,0,7,0,7,0,17,469,8,494,0,17,476,8,501,420,0,420,921
03/25/2000,FFZ,AZ,AWP,WE,Towers with Display (VFR),0,0,10,0,10,0,37,547,1,585,0,37,557,1,595,541,0,541,1136
03/26/2000,FFZ,AZ,AWP,WE,Towers with Display (VFR),0,0,6,0,6,0,38,353,1,392,0,38,359,1,398,366,0,366,764
03/27/2000,FFZ,AZ,AWP,WE,Towers with Display (VFR),0,0,5,0,5,0,32,327,20,379,0,32,332,20,384,362,0,362,746
03/28/2000,FFZ,AZ,AWP,WE,Towers with Display (VFR),0,0,7,0,7,0,15,295,21,331,0,15,302,21,338,452,13,465,803
03/29/2000,FFZ,AZ,AWP,WE,Towers with Display (VFR),0,0,5,0,5,0,16,466,14,496,0,16,471,14,501,476,6,482,983
03/30/2000,FFZ,AZ,AWP,WE,Towers with Display (VFR),0,0,7,0,7,0,29,298,3,330,0,29,305,3,337,373,10,383,720
03/31/2000,FFZ,AZ,AWP,WE,Towers with Display (VFR),0,0,6,0,6,0,43,223,3,269,0,43,229,3,275,392,0,392,667
04/01/2000,FFZ,AZ,AWP,WE,Towers with Display (VFR),0,1,3,0,4,0,34,326,0,360,0,35,329,0,364,418,0,418,782
04/02/2000,FFZ,AZ,AWP,WE,Towers with Display (VFR),0,0,0,0,0,0,9,388,7,404,0,9,388,7,404,348,0,348,752
04/03/2000,FFZ,AZ,AWP,WE,Towers with Display (VFR),0,1,7,0,8,0,14,339,27,380,0,15,346,27,388,480,2,482,870
04/04/2000,FFZ,AZ,AWP,WE,Towers with Display (VFR),0,1,10,0,11,0,20,432,26,478,0,21,442,26,489,524,26,550,1039
04/05/2000,FFZ,AZ,AWP,WE,Towers with Display (VFR),0,1,2,0,3,0,7,402,17,426,0,8,404,17,429,555,0,555,984
04/06/2000,FFZ,AZ,AWP,WE,Towers with Display (VFR),0,1,6,0,7,0,35,426,32,493,0,36,432,32,500,442,38,480,980
04/07/2000,FFZ,AZ,AWP,WE,Towers with Display (VFR),0,1,8,0,9,0,17,427,7,451,0,18,435,7,460,415,4,419,879
04/08/2000,FFZ,AZ,AWP,WE,Towers with Display (VFR),0,1,8,0,9,0,34,372,1,407,0,35,380,1,416,380,0,380,796
04/09/2000,FFZ,AZ,AWP,WE,Towers with Display (VFR),0,0,10,0,10,0,25,368,0,393,0,25,378,0,403,330,0,330,733
04/10/2000,FFZ,AZ,AWP,WE,Towers with Display (VFR),0,0,10,0,10,0,40,377,11,428,0,40,387,11,438,344,0,344,782
04/11/2000,FFZ,AZ,AWP,WE,Towers with Display (VFR),0,0,11,0,11,0,38,384,28,450,0,38,395,28,461,400,33,433,894
04/12/2000,FFZ,AZ,AWP,WE,Towers with Display (VFR),0,0,13,0,13,0,28,342,9,379,0,28,355,9,392,328,0,328,720
04/13/2000,FFZ,AZ,AWP,WE,Towers with Display (VFR),0,0,15,0,15,0,49,405,14,468,0,49,420,14,483,504,2,506,989
04/14/2000,FFZ,AZ,AWP,WE,Towers with Display (VFR),0,0,13,0,13,0,9,337,12,358,0,9,350,12,371,304,1,305,676
04/15/2000,FFZ,AZ,AWP,WE,Towers with Display (VFR),0,0,3,0,3,0,22,581,3,606,0,22,584,3,609,274,4,278,887
04/16/2000,FFZ,AZ,AWP,WE,Towers with Display (VFR),0,0,3,0,3,0,34,387,0,421,0,34,390,0,424,366,0,366,790
04/17/2000,FFZ,AZ,AWP,WE,Towers with Display (VFR),0,0,8,0,8,0,25,289,5,319,0,25,297,5,327,295,3,298,625
04/18/2000,FFZ,AZ,AWP,WE,Towers with Display (VFR),0,0,6,0,6,0,7,318,32,357,0,7,324,32,363,260,0,260,623
04/19/2000,FFZ,AZ,AWP,WE,Towers with Display (VFR),0,0,12,0,12,0,17,439,16,472,0,17,451,16,484,506,20,526,1010
04/20/2000,FFZ,AZ,AWP,WE,Towers with Display (VFR),0,0,14,0,14,0,26,385,30,441,0,26,399,30,455,341,8,349,804
04/21/2000,FFZ,AZ,AWP,WE,Towers with Display (VFR),0,0,8,0,8,0,17,376,11,404,0,17,384,11,412,442,2,444,856
04/22/2000,FFZ,AZ,AWP,WE,Towers with Display (VFR),0,0,5,0,5,0,25,531,0,556,0,25,536,0,561,525,0,525,1086
04/23/2000,FFZ,AZ,AWP,WE,Towers with Display (VFR),0,0,7,0,7,0,17,333,0,350,0,17,340,0,357,370,0,370,727
04/24/2000,FFZ,AZ,AWP,WE,Towers with Display (VFR),0,0,6,0,6,0,19,331,30,380,0,19,337,30,386,342,10,352,738
04/25/2000,FFZ,AZ,AWP,WE,Towers with Display (VFR),0,0,8,0,8,0,23,341,30,394,0,23,349,30,402,334,0,334,736
04/26/2000,FFZ,AZ,AWP,WE,Towers with Display (VFR),0,0,13,0,13,0,17,393,10,420,0,17,406,10,433,420,6,426,859
04/27/2000,FFZ,AZ,AWP,WE,Towers with Display (VFR),0,0,7,0,7,0,32,452,15,499,0,32,459,15,506,480,10,490,996
04/28/2000,FFZ,AZ,AWP,WE,Towers with Display (VFR),0,0,9,0,9,0,13,349,16,378,0,13,358,16,387,340,2,342,729
04/29/2000,FFZ,AZ,AWP,WE,Towers with Display (VFR),0,0,6,0,6,0,38,429,0,467,0,38,435,0,473,404,0,404,877
04/30/2000,FFZ,AZ,AWP,WE,Towers with Display (VFR),0,0,9,0,9,0,16,415,8,439,0,16,424,8,448,500,4,504,952
05/01/2000,FFZ,AZ,AWP,WE,Towers with Display (VFR),1,1,16,0,18,5,24,277,17,323,6,25,293,17,341,400,0,400,741
05/02/2000,FFZ,AZ,AWP,WE,Towers with Display (VFR),0,0,0,0,0,0,23,395,27,445,0,23,395,27,445,462,8,470,915
05/03/2000,FFZ,AZ,AWP,WE,Towers with Display (VFR),0,0,10,0,10,0,27,343,5,375,0,27,353,5,385,354,4,358,743
05/04/2000,FFZ,AZ,AWP,WE,Towers with Display (VFR),0,0,7,0,7,0,17,389,2,408,0,17,396,2,415,399,2,401,816
05/05/2000,FFZ,AZ,AWP,WE,Towers with Display (VFR),0,0,11,0,11,0,11,399,22,432,0,11,410,22,443,442,2,444,887
05/06/2000,FFZ,AZ,AWP,WE,Towers with Display (VFR),0,0,5,0,5,0,21,440,4,465,0,21,445,4,470,397,0,397,867
05/07/2000,FFZ,AZ,AWP,WE,Towers with Display (VFR),0,0,13,0,13,0,17,385,2,404,0,17,398,2,417,336,0,336,753
05/08/2000,FFZ,AZ,AWP,WE,Towers with Display (VFR),1,0,8,0,9,0,15,276,12,303,1,15,284,12,312,321,0,321,633
05/09/2000,FFZ,AZ,AWP,WE,Towers with Display (VFR),0,0,2,0,2,0,24,316,40,380,0,24,318,40,382,428,4,432,814
05/10/2000,FFZ,AZ,AWP,WE,Towers with Display (VFR),0,0,7,0,7,0,26,279,33,338,0,26,286,33,345,314,6,320,665
05/11/2000,FFZ,AZ,AWP,WE,Towers with Display (VFR),0,0,5,0,5,0,36,323,38,397,0,36,328,38,402,373,4,377,779
05/12/2000,FFZ,AZ,AWP,WE,Towers with Display (VFR),0,0,14,0,14,0,19,382,22,423,0,19,396,22,437,564,0,564,1001
05/13/2000,FFZ,AZ,AWP,WE,Towers with Display (VFR),0,0,7,0,7,0,18,464,5,487,0,18,471,5,494,396,0,396,890
05/14/2000,FFZ,AZ,AWP,WE,Towers with Display (VFR),0,0,4,0,4,0,31,299,0,330,0,31,303,0,334,224,0,224,558
05/15/2000,FFZ,AZ,AWP,WE,Towers with Display (VFR),0,1,7,0,8,0,17,276,19,312,0,18,283,19,320,334,10,344,664
05/16/2000,FFZ,AZ,AWP,WE,Towers with Display (VFR),0,1,8,0,9,0,11,308,20,339,0,12,316,20,348,366,0,366,714
05/17/2000,FFZ,AZ,AWP,WE,Towers with Display (VFR),0,1,9,0,10,2,31,323,39,395,2,32,332,39,405,323,6,329,734
05/18/2000,FFZ,AZ,AWP,WE,Towers with Display (VFR),0,1,7,0,8,0,19,398,13,430,0,20,405,13,438,462,4,466,904
05/19/2000,FFZ,AZ,AWP,WE,Towers with Display (VFR),0,1,7,0,8,0,19,343,26,388,0,20,350,26,396,380,6,386,782
05/20/2000,FFZ,AZ,AWP,WE,Towers with Display (VFR),0,1,12,0,13,0,24,394,0,418,0,25,406,0,431,282,0,282,713
05/21/2000,FFZ,AZ,AWP,WE,Towers with Display (VFR),0,1,5,0,6,0,20,352,0,372,0,21,357,0,378,412,0,412,790
05/22/2000,FFZ,AZ,AWP,WE,Towers with Display (VFR),0,1,6,0,7,0,11,281,26,318,0,12,287,26,325,238,10,248,573
05/23/2000,FFZ,AZ,AWP,WE,Towers with Display (VFR),0,1,4,0,5,0,7,330,48,385,0,8,334,48,390,442,80,522,912
05/24/2000,FFZ,AZ,AWP,WE,Towers with Display (VFR),0,1,11,0,12,0,26,348,22,396,0,27,359,22,408,312,18,330,738
05/25/2000,FFZ,AZ,AWP,WE,Towers with Display (VFR),0,1,10,0,11,0,8,303,16,327,0,9,313,16,338,399,0,399,737
05/26/2000,FFZ,AZ,AWP,WE,Towers with Display (VFR),0,1,15,0,16,1,24,367,9,401,1,25,382,9,417,406,0,406,823
05/27/2000,FFZ,AZ,AWP,WE,Towers with Display (VFR),0,1,3,0,4,0,17,365,0,382,0,18,368,0,386,300,0,300,686
05/28/2000,FFZ,AZ,AWP,WE,Towers with Display (VFR),0,1,1,0,2,0,2,290,0,292,0,3,291,0,294,160,0,160,454
05/29/2000,FFZ,AZ,AWP,WE,Towers with Display (VFR),0,0,7,0,7,0,26,382,0,408,0,26,389,0,415,334,0,334,749
05/30/2000,FFZ,AZ,AWP,WE,Towers with Display (VFR),0,0,4,0,4,0,9,275,42,326,0,9,279,42,330,360,6,366,696
05/31/2000,FFZ,AZ,AWP,WE,Towers with Display (VFR),0,0,16,0,16,0,13,264,53,330,0,13,280,53,346,260,4,264,610
06/01/2000,FFZ,AZ,AWP,WE,Towers with Display (VFR),0,0,11,0,11,0,12,296,23,331,0,12,307,23,342,262,6,268,610
06/02/2000,FFZ,AZ,AWP,WE,Towers with Display (VFR),0,0,18,0,18,0,20,322,24,366,0,20,340,24,384,412,4,416,800
06/03/2000,FFZ,AZ,AWP,WE,Towers with Display (VFR),0,0,6,0,6,0,26,385,4,415,0,26,391,4,421,448,0,448,869
06/04/2000,FFZ,AZ,AWP,WE,Towers with Display (VFR),0,0,2,0,2,0,31,344,0,375,0,31,346,0,377,326,0,326,703
06/05/2000,FFZ,AZ,AWP,WE,Towers with Display (VFR),0,0,4,0,4,0,16,284,14,314,0,16,288,14,318,268,0,268,586
06/06/2000,FFZ,AZ,AWP,WE,Towers with Display (VFR),0,1,2,0,3,0,11,290,44,345,0,12,292,44,348,420,16,436,784
06/07/2000,FFZ,AZ,AWP,WE,Towers with Display (VFR),0,1,9,0,10,0,26,343,26,395,0,27,352,26,405,358,7,365,770
06/08/2000,FFZ,AZ,AWP,WE,Towers with Display (VFR),0,1,7,0,8,0,8,351,26,385,0,9,358,26,393,520,3,523,916
06/09/2000,FFZ,AZ,AWP,WE,Towers with Display (VFR),0,1,4,0,5,0,14,315,21,350,0,15,319,21,355,472,16,488,843
06/10/2000,FFZ,AZ,AWP,WE,Towers with Display (VFR),0,1,3,0,4,2,19,385,4,410,2,20,388,4,414,432,0,432,846
06/11/2000,FFZ,AZ,AWP,WE,Towers with Display (VFR),0,1,2,0,3,0,33,319,0,352,0,34,321,0,355,310,0,310,665
06/12/2000,FFZ,AZ,AWP,WE,Towers with Display (VFR),0,1,2,0,3,0,17,315,20,352,0,18,317,20,355,496,2,498,853
06/13/2000,FFZ,AZ,AWP,WE,Towers with Display (VFR),0,0,5,1,6,0,19,322,21,362,0,19,327,22,368,496,0,496,864
06/14/2000,FFZ,AZ,AWP,WE,Towers with Display (VFR),0,0,2,0,2,0,27,357,23,407,0,27,359,23,409,498,6,504,913
06/15/2000,FFZ,AZ,AWP,WE,Towers with Display (VFR),0,0,0,0,0,0,17,357,17,391,0,17,357,17,391,484,8,492,883
06/16/2000,FFZ,AZ,AWP,WE,Towers with Display (VFR),0,0,5,0,5,0,11,279,9,299,0,11,284,9,304,492,10,502,806
06/17/2000,FFZ,AZ,AWP,WE,Towers with Display (VFR),0,0,9,0,9,0,26,407,2,435,0,26,416,2,444,324,2,326,770
06/18/2000,FFZ,AZ,AWP,WE,Towers with Display (VFR),0,0,2,0,2,0,9,257,1,267,0,9,259,1,269,232,0,232,501
06/19/2000,FFZ,AZ,AWP,WE,Towers with Display (VFR),0,0,4,0,4,0,28,289,25,342,0,28,293,25,346,368,26,394,740
06/20/2000,FFZ,AZ,AWP,WE,Towers with Display (VFR),0,0,11,0,11,0,13,321,22,356,0,13,332,22,367,461,20,481,848
06/21/2000,FFZ,AZ,AWP,WE,Towers with Display (VFR),0,0,11,0,11,0,19,323,38,380,0,19,334,38,391,714,20,734,1125
06/22/2000,FFZ,AZ,AWP,WE,Towers with Display (VFR),0,0,9,0,9,0,18,258,11,287,0,18,267,11,296,504,2,506,802
06/23/2000,FFZ,AZ,AWP,WE,Towers with Display (VFR),0,0,10,0,10,0,35,307,21,363,0,35,317,21,373,414,0,414,787
06/24/2000,FFZ,AZ,AWP,WE,Towers with Display (VFR),0,0,10,0,10,2,17,391,1,411,2,17,401,1,421,434,0,434,855
06/25/2000,FFZ,AZ,AWP,WE,Towers with Display (VFR),0,0,5,0,5,0,6,330,0,336,0,6,335,0,341,274,0,274,615
06/26/2000,FFZ,AZ,AWP,WE,Towers with Display (VFR),0,0,5,0,5,0,19,252,7,278,0,19,257,7,283,340,0,340,623
06/27/2000,FFZ,AZ,AWP,WE,Towers with Display (VFR),0,0,2,0,2,0,10,338,31,379,0,10,340,31,381,478,8,486,867
06/28/2000,FFZ,AZ,AWP,WE,Towers with Display (VFR),0,0,1,0,1,0,21,308,31,360,0,21,309,31,361,526,12,538,899
06/29/2000,FFZ,AZ,AWP,WE,Towers with Display (VFR),0,0,6,0,6,0,12,264,17,293,0,12,270,17,299,606,0,606,905
06/30/2000,FFZ,AZ,AWP,WE,Towers with Display (VFR),0,0,13,0,13,0,27,319,8,354,0,27,332,8,367,590,2,592,959
07/01/2000,FFZ,AZ,AWP,WE,Towers with Display (VFR),0,1,12,0,13,4,23,354,0,381,4,24,366,0,394,311,0,311,705
07/02/2000,FFZ,AZ,AWP,WE,Towers with Display (VFR),0,1,4,0,5,0,21,343,0,364,0,22,347,0,369,372,0,372,741
07/03/2000,FFZ,AZ,AWP,WE,Towers with Display (VFR),0,1,3,0,4,0,16,293,1,310,0,17,296,1,314,356,0,356,670
07/04/2000,FFZ,AZ,AWP,WE,Towers with Display (VFR),0,1,1,0,2,0,25,362,8,395,0,26,363,8,397,306,0,306,703
07/05/2000,FFZ,AZ,AWP,WE,Towers with Display (VFR),0,1,6,0,7,0,10,250,7,267,0,11,256,7,274,276,0,276,550
07/06/2000,FFZ,AZ,AWP,WE,Towers with Display (VFR),0,1,3,0,4,0,11,333,18,362,0,12,336,18,366,380,0,380,746
07/07/2000,FFZ,AZ,AWP,WE,Towers with Display (VFR),0,1,5,0,6,0,17,283,43,343,0,18,288,43,349,398,0,398,747
07/08/2000,FFZ,AZ,AWP,WE,Towers with Display (VFR),0,1,6,0,7,0,21,352,8,381,0,22,358,8,388,226,0,226,614
07/09/2000,FFZ,AZ,AWP,WE,Towers with Display (VFR),0,1,0,0,1,0,18,343,0,361,0,19,343,0,362,340,0,340,702
07/10/2000,FFZ,AZ,AWP,WE,Towers with Display (VFR),0,1,7,0,8,0,27,321,22,370,0,28,328,22,378,402,12,414,792
07/11/2000,FFZ,AZ,AWP,WE,Towers with Display (VFR),0,1,10,0,11,0,16,337,11,364,0,17,347,11,375,400,10,410,785
07/12/2000,FFZ,AZ,AWP,WE,Towers with Display (VFR),0,0,10,1,11,0,32,382,13,427,0,32,392,14,438,348,8,356,794
07/13/2000,FFZ,AZ,AWP,WE,Towers with Display (VFR),0,0,6,1,7,0,24,311,39,374,0,24,317,40,381,364,16,380,761
07/14/2000,FFZ,AZ,AWP,WE,Towers with Display (VFR),0,0,11,1,12,2,10,333,12,357,2,10,344,13,369,316,0,316,685
07/15/2000,FFZ,AZ,AWP,WE,Towers with Display (VFR),0,0,9,1,10,0,29,407,5,441,0,29,416,6,451,284,0,284,735
07/16/2000,FFZ,AZ,AWP,WE,Towers with Display (VFR),0,0,6,0,6,0,2,389,0,391,0,2,395,0,397,288,0,288,685
07/17/2000,FFZ,AZ,AWP,WE,Towers with Display (VFR),0,0,5,1,6,0,15,254,13,282,0,15,259,14,288,304,2,306,594
07/18/2000,FFZ,AZ,AWP,WE,Towers with Display (VFR),0,0,7,0,7,0,24,265,10,299,0,24,272,10,306,310,0,310,616
07/19/2000,FFZ,AZ,AWP,WE,Towers with Display (VFR),0,0,10,0,10,0,26,312,23,361,0,26,322,23,371,204,2,206,577
07/20/2000,FFZ,AZ,AWP,WE,Towers with Display (VFR),0,0,3,0,3,0,28,268,9,305,0,28,271,9,308,282,2,284,592
07/21/2000,FFZ,AZ,AWP,WE,Towers with Display (VFR),0,0,7,0,7,0,17,273,12,302,0,17,280,12,309,300,0,300,609
07/22/2000,FFZ,AZ,AWP,WE,Towers with Display (VFR),0,0,5,0,5,0,52,358,3,413,0,52,363,3,418,288,2,290,708
07/23/2000,FFZ,AZ,AWP,WE,Towers with Display (VFR),0,0,13,0,13,0,15,331,0,346,0,15,344,0,359,282,0,282,641
07/24/2000,FFZ,AZ,AWP,WE,Towers with Display (VFR),0,0,7,0,7,0,20,268,19,307,0,20,275,19,314,166,0,166,480
07/25/2000,FFZ,AZ,AWP,WE,Towers with Display (VFR),0,0,8,0,8,2,23,264,27,316,2,23,272,27,324,274,6,280,604
07/26/2000,FFZ,AZ,AWP,WE,Towers with Display (VFR),0,0,10,0,10,0,16,266,15,297,0,16,276,15,307,158,0,158,465
07/27/2000,FFZ,AZ,AWP,WE,Towers with Display (VFR),0,0,6,0,6,0,9,279,16,304,0,9,285,16,310,216,6,222,532
07/28/2000,FFZ,AZ,AWP,WE,Towers with Display (VFR),0,0,8,0,8,2,16,314,18,350,2,16,322,18,358,168,2,170,528
07/29/2000,FFZ,AZ,AWP,WE,Towers with Display (VFR),0,0,12,0,12,0,27,221,0,248,0,27,233,0,260,92,0,92,352
07/30/2000,FFZ,AZ,AWP,WE,Towers with Display (VFR),0,0,12,0,12,0,38,266,1,305,0,38,278,1,317,160,0,160,477
07/31/2000,FFZ,AZ,AWP,WE,Towers with Display (VFR),0,0,5,0,5,0,17,319,8,344,0,17,324,8,349,222,0,222,571
08/01/2000,FFZ,AZ,AWP,WE,Towers with Display (VFR),0,1,7,0,8,0,38,287,4,329,0,39,294,4,337,230,0,230,567
08/02/2000,FFZ,AZ,AWP,WE,Towers with Display (VFR),0,3,11,0,14,0,21,302,8,331,0,24,313,8,345,294,0,294,639
08/03/2000,FFZ,AZ,AWP,WE,Towers with Display (VFR),0,2,12,0,14,0,5,323,12,340,0,7,335,12,354,342,0,342,696
08/04/2000,FFZ,AZ,AWP,WE,Towers with Display (VFR),2,1,6,0,9,2,32,276,14,324,4,33,282,14,333,218,0,218,551
08/05/2000,FFZ,AZ,AWP,WE,Towers with Display (VFR),0,1,6,0,7,0,20,360,6,386,0,21,366,6,393,312,0,312,705
08/06/2000,FFZ,AZ,AWP,WE,Towers with Display (VFR),0,1,3,0,4,0,13,275,0,288,0,14,278,0,292,308,0,308,600
08/07/2000,FFZ,AZ,AWP,WE,Towers with Display (VFR),0,0,6,1,7,0,26,253,1,280,0,26,259,2,287,212,0,212,499
08/08/2000,FFZ,AZ,AWP,WE,Towers with Display (VFR),0,2,8,1,11,0,28,324,9,361,0,30,332,10,372,312,0,312,684
08/09/2000,FFZ,AZ,AWP,WE,Towers with Display (VFR),0,0,7,0,7,0,30,330,26,386,0,30,337,26,393,394,0,394,787
08/10/2000,FFZ,AZ,AWP,WE,Towers with Display (VFR),0,0,6,0,6,0,11,311,16,338,0,11,317,16,344,388,24,412,756
08/11/2000,FFZ,AZ,AWP,WE,Towers with Display (VFR),0,2,8,0,10,0,17,261,64,342,0,19,269,64,352,272,0,272,624
08/12/2000,FFZ,AZ,AWP,WE,Towers with Display (VFR),3,2,13,0,18,1,37,391,0,429,4,39,404,0,447,306,0,306,753
08/13/2000,FFZ,AZ,AWP,WE,Towers with Display (VFR),0,2,8,0,10,0,16,338,0,354,0,18,346,0,364,220,0,220,584
08/14/2000,FFZ,AZ,AWP,WE,Towers with Display (VFR),0,0,5,0,5,0,29,284,2,315,0,29,289,2,320,288,0,288,608
08/15/2000,FFZ,AZ,AWP,WE,Towers with Display (VFR),0,0,3,0,3,0,11,320,2,333,0,11,323,2,336,372,0,372,708
08/16/2000,FFZ,AZ,AWP,WE,Towers with Display (VFR),0,0,7,0,7,0,7,310,6,323,0,7,317,6,330,440,4,444,774
08/17/2000,FFZ,AZ,AWP,WE,Towers with Display (VFR),0,2,9,0,11,0,8,329,22,359,0,10,338,22,370,362,8,370,740
08/18/2000,FFZ,AZ,AWP,WE,Towers with Display (VFR),0,2,8,0,10,0,29,419,30,478,0,31,427,30,488,354,36,390,878
08/19/2000,FFZ,AZ,AWP,WE,Towers with Display (VFR),0,0,3,0,3,0,13,367,0,380,0,13,370,0,383,454,0,454,837
08/20/2000,FFZ,AZ,AWP,WE,Towers with Display (VFR),0,2,8,0,10,0,6,393,2,401,0,8,401,2,411,339,0,339,750
08/21/2000,FFZ,AZ,AWP,WE,Towers with Display (VFR),0,0,7,0,7,0,38,284,15,337,0,38,291,15,344,378,10,388,732
08/22/2000,FFZ,AZ,AWP,WE,Towers with Display (VFR),0,0,0,0,0,28,14,341,16,399,28,14,341,16,399,566,10,576,975
08/23/2000,FFZ,AZ,AWP,WE,Towers with Display (VFR),0,2,9,0,11,0,24,255,8,287,0,26,264,8,298,332,0,332,630
08/24/2000,FFZ,AZ,AWP,WE,Towers with Display (VFR),0,0,7,0,7,0,46,259,9,314,0,46,266,9,321,254,0,254,575
08/25/2000,FFZ,AZ,AWP,WE,Towers with Display (VFR),0,0,2,0,2,0,11,376,22,409,0,11,378,22,411,400,0,400,811
08/26/2000,FFZ,AZ,AWP,WE,Towers with Display (VFR),1,2,9,0,12,11,29,355,3,398,12,31,364,3,410,202,0,202,612
08/27/2000,FFZ,AZ,AWP,WE,Towers with Display (VFR),0,0,3,0,3,0,31,286,0,317,0,31,289,0,320,126,0,126,446
08/28/2000,FFZ,AZ,AWP,WE,Towers with Display (VFR),0,0,8,0,8,0,6,233,9,248,0,6,241,9,256,264,0,264,520
08/29/2000,FFZ,AZ,AWP,WE,Towers with Display (VFR),0,0,7,0,7,0,26,296,24,346,0,26,303,24,353,374,2,376,729
08/30/2000,FFZ,AZ,AWP,WE,Towers with Display (VFR),0,0,7,0,7,0,13,256,14,283,0,13,263,14,290,276,0,276,566
08/31/2000,FFZ,AZ,AWP,WE,Towers with Display (VFR),0,0,5,0,5,0,22,354,11,387,0,22,359,11,392,462,6,468,860
09/01/2000,FFZ,AZ,AWP,WE,Towers with Display (VFR),0,0,13,0,13,0,25,396,9,430,0,25,409,9,443,468,0,468,911
09/02/2000,FFZ,AZ,AWP,WE,Towers with Display (VFR),1,0,8,0,9,1,45,376,4,426,2,45,384,4,435,286,0,286,721
09/03/2000,FFZ,AZ,AWP,WE,Towers with Display (VFR),0,0,0,0,0,0,15,414,1,430,0,15,414,1,430,292,0,292,722
09/04/2000,FFZ,AZ,AWP,WE,Towers with Display (VFR),0,0,9,0,9,0,34,374,2,410,0,34,383,2,419,318,0,318,737
09/05/2000,FFZ,AZ,AWP,WE,Towers with Display (VFR),0,1,12,0,13,0,20,317,9,346,0,21,329,9,359,378,6,384,743
09/06/2000,FFZ,AZ,AWP,WE,Towers with Display (VFR),0,1,11,0,12,0,22,279,7,308,0,23,290,7,320,416,0,416,736
09/07/2000,FFZ,AZ,AWP,WE,Towers with Display (VFR),0,1,3,0,4,0,17,303,22,342,0,18,306,22,346,286,2,288,634
09/08/2000,FFZ,AZ,AWP,WE,Towers with Display (VFR),2,1,9,0,12,0,16,298,21,335,2,17,307,21,347,362,2,364,711
09/09/2000,FFZ,AZ,AWP,WE,Towers with Display (VFR),0,1,7,0,8,0,35,466,14,515,0,36,473,14,523,368,2,370,893
09/10/2000,FFZ,AZ,AWP,WE,Towers with Display (VFR),0,1,4,0,5,0,25,307,0,332,0,26,311,0,337,310,0,310,647
09/11/2000,FFZ,AZ,AWP,WE,Towers with Display (VFR),5,1,14,0,20,1,32,267,8,308,6,33,281,8,328,396,24,420,748
09/12/2000,FFZ,AZ,AWP,WE,Towers with Display (VFR),0,0,0,0,0,0,10,304,5,319,0,10,304,5,319,354,4,358,677
09/13/2000,FFZ,AZ,AWP,WE,Towers with Display (VFR),0,1,11,0,12,0,21,385,24,430,0,22,396,24,442,318,12,330,772
09/14/2000,FFZ,AZ,AWP,WE,Towers with Display (VFR),0,1,6,0,7,0,33,349,18,400,0,34,355,18,407,394,8,402,809
09/15/2000,FFZ,AZ,AWP,WE,Towers with Display (VFR),0,1,5,0,6,0,19,385,14,418,0,20,390,14,424,326,0,326,750
09/16/2000,FFZ,AZ,AWP,WE,Towers with Display (VFR),0,0,0,0,0,0,29,362,0,391,0,29,362,0,391,308,0,308,699
09/17/2000,FFZ,AZ,AWP,WE,Towers with Display (VFR),0,0,7,1,8,0,32,333,0,365,0,32,340,1,373,254,0,254,627
09/18/2000,FFZ,AZ,AWP,WE,Towers with Display (VFR),0,0,11,0,11,2,14,346,16,378,2,14,357,16,389,362,10,372,761
09/19/2000,FFZ,AZ,AWP,WE,Towers with Display (VFR),0,0,2,0,2,0,22,320,14,356,0,22,322,14,358,410,0,410,768
09/20/2000,FFZ,AZ,AWP,WE,Towers with Display (VFR),0,0,3,0,3,0,14,336,12,362,0,14,339,12,365,278,0,278,643
09/21/2000,FFZ,AZ,AWP,WE,Towers with Display (VFR),0,0,4,0,4,0,32,348,5,385,0,32,352,5,389,388,0,388,777
09/22/2000,FFZ,AZ,AWP,WE,Towers with Display (VFR),0,0,10,0,10,2,21,317,1,341,2,21,327,1,351,376,0,376,727
09/23/2000,FFZ,AZ,AWP,WE,Towers with Display (VFR),0,0,3,0,3,0,29,460,0,489,0,29,463,0,492,406,0,406,898
09/24/2000,FFZ,AZ,AWP,WE,Towers with Display (VFR),0,0,11,0,11,0,24,433,0,457,0,24,444,0,468,382,0,382,850
09/25/2000,FFZ,AZ,AWP,WE,Towers with Display (VFR),0,0,6,0,6,0,32,321,12,365,0,32,327,12,371,300,2,302,673
09/26/2000,FFZ,AZ,AWP,WE,Towers with Display (VFR),0,0,11,0,11,0,7,305,14,326,0,7,316,14,337,396,0,396,733
09/27/2000,FFZ,AZ,AWP,WE,Towers with Display (VFR),0,0,10,0,10,0,34,311,9,354,0,34,321,9,364,326,10,336,700
09/28/2000,FFZ,AZ,AWP,WE,Towers with Display (VFR),0,0,8,0,8,0,11,321,11,343,0,11,329,11,351,378,0,378,729
09/29/2000,FFZ,AZ,AWP,WE,Towers with Display (VFR),0,0,3,0,3,2,14,462,2,480,2,14,465,2,483,368,0,368,851
09/30/2000,FFZ,AZ,AWP,WE,Towers with Display (VFR),0,0,4,0,4,0,37,485,0,522,0,37,489,0,526,372,0,372,898
10/01/2000,FFZ,AZ,AWP,WE,Towers with Display (VFR),0,1,9,0,10,0,12,383,1,396,0,13,392,1,406,226,0,226,632
10/02/2000,FFZ,AZ,AWP,WE,Towers with Display (VFR),0,1,5,0,6,0,18,371,0,389,0,19,376,0,395,270,0,270,665
10/03/2000,FFZ,AZ,AWP,WE,Towers with Display (VFR),0,1,4,0,5,0,20,357,12,389,0,21,361,12,394,438,0,438,832
10/04/2000,FFZ,AZ,AWP,WE,Towers with Display (VFR),0,1,0,0,1,0,23,237,10,270,0,24,237,10,271,170,0,170,441
10/05/2000,FFZ,AZ,AWP,WE,Towers with Display (VFR),0,0,0,0,0,0,20,433,13,466,0,20,433,13,466,336,0,336,802
10/06/2000,FFZ,AZ,AWP,WE,Towers with Display (VFR),0,1,8,0,9,0,32,490,21,543,0,33,498,21,552,496,0,496,1048
10/07/2000,FFZ,AZ,AWP,WE,Towers with Display (VFR),0,1,2,0,3,0,40,418,0,458,0,41,420,0,461,322,0,322,783
10/08/2000,FFZ,AZ,AWP,WE,Towers with Display (VFR),0,1,5,0,6,0,16,273,1,290,0,17,278,1,296,265,4,269,565
10/09/2000,FFZ,AZ,AWP,WE,Towers with Display (VFR),0,1,5,0,6,0,32,335,18,385,0,33,340,18,391,370,0,370,761
10/10/2000,FFZ,AZ,AWP,WE,Towers with Display (VFR),0,1,7,0,8,0,11,162,12,185,0,12,169,12,193,160,4,164,357
10/11/2000,FFZ,AZ,AWP,WE,Towers with Display (VFR),0,0,6,1,7,0,23,337,20,380,0,23,343,21,387,308,4,312,699
10/12/2000,FFZ,AZ,AWP,WE,Towers with Display (VFR),0,0,5,1,6,0,28,507,7,542,0,28,512,8,548,672,0,672,1220
10/13/2000,FFZ,AZ,AWP,WE,Towers with Display (VFR),0,0,6,0,6,0,25,478,4,507,0,25,484,4,513,616,0,616,1129
10/14/2000,FFZ,AZ,AWP,WE,Towers with Display (VFR),0,0,7,0,7,0,26,669,6,701,0,26,676,6,708,364,0,364,1072
10/15/2000,FFZ,AZ,AWP,WE,Towers with Display (VFR),0,0,7,0,7,0,12,454,0,466,0,12,461,0,473,454,0,454,927
10/16/2000,FFZ,AZ,AWP,WE,Towers with Display (VFR),0,0,3,0,3,0,15,336,4,355,0,15,339,4,358,326,18,344,702
10/17/2000,FFZ,AZ,AWP,WE,Towers with Display (VFR),0,0,6,0,6,0,17,368,17,402,0,17,374,17,408,396,0,396,804
10/18/2000,FFZ,AZ,AWP,WE,Towers with Display (VFR),2,0,9,0,11,0,13,379,16,408,2,13,388,16,419,400,6,406,825
10/19/2000,FFZ,AZ,AWP,WE,Towers with Display (VFR),0,0,5,0,5,0,10,255,1,266,0,10,260,1,271,334,0,334,605
10/20/2000,FFZ,AZ,AWP,WE,Towers with Display (VFR),0,0,7,0,7,0,18,430,12,460,0,18,437,12,467,460,0,460,927
10/21/2000,FFZ,AZ,AWP,WE,Towers with Display (VFR),0,0,8,0,8,0,16,305,0,321,0,16,313,0,329,372,0,372,701
10/22/2000,FFZ,AZ,AWP,WE,Towers with Display (VFR),3,4,12,0,19,6,0,45,1,52,9,4,57,1,71,88,0,88,159
10/23/2000,FFZ,AZ,AWP,WE,Towers with Display (VFR),0,0,7,0,7,0,26,193,15,234,0,26,200,15,241,160,0,160,401
10/24/2000,FFZ,AZ,AWP,WE,Towers with Display (VFR),0,0,7,0,7,0,15,310,6,331,0,15,317,6,338,265,0,265,603
10/25/2000,FFZ,AZ,AWP,WE,Towers with Display (VFR),0,0,4,0,4,0,18,444,17,479,0,18,448,17,483,412,0,412,895
10/26/2000,FFZ,AZ,AWP,WE,Towers with Display (VFR),0,0,2,0,2,0,21,436,15,472,0,21,438,15,474,460,10,470,944
10/27/2000,FFZ,AZ,AWP,WE,Towers with Display (VFR),2,0,9,0,11,3,5,118,2,128,5,5,127,2,139,198,0,198,337
10/28/2000,FFZ,AZ,AWP,WE,Towers with Display (VFR),0,0,11,0,11,0,21,262,11,294,0,21,273,11,305,190,6,196,501
10/29/2000,FFZ,AZ,AWP,WE,Towers with Display (VFR),0,0,5,0,5,0,14,466,1,481,0,14,471,1,486,260,0,260,746
10/30/2000,FFZ,AZ,AWP,WE,Towers with Display (VFR),0,0,12,0,12,0,7,207,18,232,0,7,219,18,244,176,8,184,428
10/31/2000,FFZ,AZ,AWP,WE,Towers with Display (VFR),0,0,5,0,5,0,7,376,18,401,0,7,381,18,406,536,4,540,946
11/01/2000,FFZ,AZ,AWP,WE,Towers with Display (VFR),0,1,6,0,7,0,10,382,7,399,0,11,388,7,406,300,0,300,706
11/02/2000,FFZ,AZ,AWP,WE,Towers with Display (VFR),0,1,3,0,4,0,18,437,19,474,0,19,440,19,478,242,6,248,726
11/03/2000,FFZ,AZ,AWP,WE,Towers with Display (VFR),0,1,8,0,9,0,18,378,3,399,0,19,386,3,408,334,0,334,742
11/04/2000,FFZ,AZ,AWP,WE,Towers with Display (VFR),0,1,3,0,4,0,12,263,0,275,0,13,266,0,279,244,0,244,523
11/05/2000,FFZ,AZ,AWP,WE,Towers with Display (VFR),11,8,35,1,55,27,8,290,1,326,38,16,325,2,381,286,0,286,667
11/06/2000,FFZ,AZ,AWP,WE,Towers with Display (VFR),0,0,3,1,4,0,24,216,14,254,0,24,219,15,258,258,14,272,530
11/07/2000,FFZ,AZ,AWP,WE,Towers with Display (VFR),0,0,2,1,3,0,5,332,6,343,0,5,334,7,346,351,2,353,699
11/08/2000,FFZ,AZ,AWP,WE,Towers with Display (VFR),0,0,6,0,6,0,17,380,11,408,0,17,386,11,414,478,2,480,894
11/09/2000,FFZ,AZ,AWP,WE,Towers with Display (VFR),0,0,5,0,5,0,18,397,10,425,0,18,402,10,430,362,2,364,794
11/10/2000,FFZ,AZ,AWP,WE,Towers with Display (VFR),0,0,6,0,6,0,59,302,16,377,0,59,308,16,383,344,0,344,727
11/11/2000,FFZ,AZ,AWP,WE,Towers with Display (VFR),0,0,4,0,4,0,20,535,1,556,0,20,539,1,560,276,0,276,836
11/12/2000,FFZ,AZ,AWP,WE,Towers with Display (VFR),0,0,4,0,4,0,15,452,0,467,0,15,456,0,471,314,0,314,785
11/13/2000,FFZ,AZ,AWP,WE,Towers with Display (VFR),0,0,5,0,5,0,25,345,3,373,0,25,350,3,378,332,0,332,710
11/14/2000,FFZ,AZ,AWP,WE,Towers with Display (VFR),0,0,6,0,6,0,35,424,30,489,0,35,430,30,495,364,1,365,860
11/15/2000,FFZ,AZ,AWP,WE,Towers with Display (VFR),0,0,5,0,5,0,35,378,24,437,0,35,383,24,442,272,0,272,714
11/16/2000,FFZ,AZ,AWP,WE,Towers with Display (VFR),0,0,5,0,5,0,12,420,17,449,0,12,425,17,454,364,0,364,818
11/17/2000,FFZ,AZ,AWP,WE,Towers with Display (VFR),0,0,13,0,13,0,17,471,15,503,0,17,484,15,516,362,2,364,880
11/18/2000,FFZ,AZ,AWP,WE,Towers with Display (VFR),0,0,5,0,5,0,10,466,0,476,0,10,471,0,481,402,0,402,883
11/19/2000,FFZ,AZ,AWP,WE,Towers with Display (VFR),0,0,5,0,5,0,2,435,3,440,0,2,440,3,445,346,0,346,791
11/20/2000,FFZ,AZ,AWP,WE,Towers with Display (VFR),0,0,5,0,5,0,20,368,8,396,0,20,373,8,401,374,0,374,775
11/21/2000,FFZ,AZ,AWP,WE,Towers with Display (VFR),0,0,5,0,5,0,15,332,24,371,0,15,337,24,376,250,14,264,640
11/22/2000,FFZ,AZ,AWP,WE,Towers with Display (VFR),4,0,14,0,18,4,13,403,4,424,8,13,417,4,442,208,0,208,650
11/23/2000,FFZ,AZ,AWP,WE,Towers with Display (VFR),1,0,6,0,7,0,0,247,0,247,1,0,253,0,254,148,0,148,402
11/24/2000,FFZ,AZ,AWP,WE,Towers with Display (VFR),0,0,7,0,7,0,10,465,2,477,0,10,472,2,484,220,20,240,724
11/25/2000,FFZ,AZ,AWP,WE,Towers with Display (VFR),0,0,6,0,6,0,10,689,0,699,0,10,695,0,705,342,2,344,1049
11/26/2000,FFZ,AZ,AWP,WE,Towers with Display (VFR),0,0,7,0,7,0,7,418,4,429,0,7,425,4,436,250,0,250,686
11/27/2000,FFZ,AZ,AWP,WE,Towers with Display (VFR),0,0,5,0,5,0,7,337,10,354,0,7,342,10,359,206,2,208,567
11/28/2000,FFZ,AZ,AWP,WE,Towers with Display (VFR),0,0,4,0,4,0,23,448,19,490,0,23,452,19,494,352,0,352,846
11/29/2000,FFZ,AZ,AWP,WE,Towers with Display (VFR),0,0,5,0,5,0,10,376,12,398,0,10,381,12,403,214,0,214,617
11/30/2000,FFZ,AZ,AWP,WE,Towers with Display (VFR),0,0,3,0,3,0,11,370,14,395,0,11,373,14,398,272,0,272,670
12/01/2000,FFZ,AZ,AWP,WE,Towers with Display (VFR),0,2,15,0,17,0,10,450,19,479,0,12,465,19,496,282,0,282,778
12/02/2000,FFZ,AZ,AWP,WE,Towers with Display (VFR),0,0,5,0,5,0,28,493,2,523,0,28,498,2,528,405,0,405,933
12/03/2000,FFZ,AZ,AWP,WE,Towers with Display (VFR),0,0,8,0,8,0,13,430,2,445,0,13,438,2,453,328,0,328,781
12/04/2000,FFZ,AZ,AWP,WE,Towers with Display (VFR),0,0,7,0,7,0,28,355,15,398,0,28,362,15,405,393,2,395,800
12/05/2000,FFZ,AZ,AWP,WE,Towers with Display (VFR),1,0,8,0,9,1,13,348,43,405,2,13,356,43,414,348,0,348,762
12/06/2000,FFZ,AZ,AWP,WE,Towers with Display (VFR),0,0,7,0,7,0,5,391,22,418,0,5,398,22,425,243,0,243,668
12/07/2000,FFZ,AZ,AWP,WE,Towers with Display (VFR),0,5,12,0,17,0,2,381,22,405,0,7,393,22,422,298,4,302,724
12/08/2000,FFZ,AZ,AWP,WE,Towers with Display (VFR),0,5,13,0,18,0,6,359,5,370,0,11,372,5,388,384,0,384,772
12/09/2000,FFZ,AZ,AWP,WE,Towers with Display (VFR),0,0,10,0,10,0,30,469,6,505,0,30,479,6,515,294,0,294,809
12/10/2000,FFZ,AZ,AWP,WE,Towers with Display (VFR),0,0,8,0,8,0,8,334,0,342,0,8,342,0,350,298,0,298,648
12/11/2000,FFZ,AZ,AWP,WE,Towers with Display (VFR),0,0,6,0,6,0,25,387,3,415,0,25,393,3,421,382,0,382,803
12/12/2000,FFZ,AZ,AWP,WE,Towers with Display (VFR),1,4,13,0,18,9,11,289,3,312,10,15,302,3,330,188,0,188,518
12/13/2000,FFZ,AZ,AWP,WE,Towers with Display (VFR),0,0,11,0,11,0,34,399,20,453,0,34,410,20,464,510,0,510,974
12/14/2000,FFZ,AZ,AWP,WE,Towers with Display (VFR),0,0,0,0,0,0,3,351,4,358,0,3,351,4,358,364,0,364,722
12/15/2000,FFZ,AZ,AWP,WE,Towers with Display (VFR),0,1,11,0,12,0,9,415,2,426,0,10,426,2,438,436,0,436,874
12/16/2000,FFZ,AZ,AWP,WE,Towers with Display (VFR),0,1,6,0,7,0,23,693,1,717,0,24,699,1,724,286,0,286,1010
12/17/2000,FFZ,AZ,AWP,WE,Towers with Display (VFR),0,0,0,0,0,0,7,386,44,437,0,7,386,44,437,296,0,296,733
12/18/2000,FFZ,AZ,AWP,WE,Towers with Display (VFR),0,0,8,0,8,0,8,357,0,365,0,8,365,0,373,329,2,331,704
12/19/2000,FFZ,AZ,AWP,WE,Towers with Display (VFR),0,0,3,0,3,0,19,394,10,423,0,19,397,10,426,272,6,278,704
12/20/2000,FFZ,AZ,AWP,WE,Towers with Display (VFR),0,0,13,0,13,0,25,405,3,433,0,25,418,3,446,408,0,408,854
12/21/2000,FFZ,AZ,AWP,WE,Towers with Display (VFR),0,0,12,0,12,0,40,381,40,461,0,40,393,40,473,328,0,328,801
12/22/2000,FFZ,AZ,AWP,WE,Towers with Display (VFR),0,0,1,0,1,0,9,385,16,410,0,9,386,16,411,248,0,248,659
12/23/2000,FFZ,AZ,AWP,WE,Towers with Display (VFR),0,0,4,0,4,0,16,509,13,538,0,16,513,13,542,348,10,358,900
12/24/2000,FFZ,AZ,AWP,WE,Towers with Display (VFR),0,0,1,0,1,0,48,284,0,332,0,48,285,0,333,108,0,108,441
12/25/2000,FFZ,AZ,AWP,WE,Towers with Display (VFR),0,0,1,0,1,0,10,85,0,95,0,10,86,0,96,34,0,34,130
12/26/2000,FFZ,AZ,AWP,WE,Towers with Display (VFR),0,0,11,0,11,0,15,350,0,365,0,15,361,0,376,250,0,250,626
12/27/2000,FFZ,AZ,AWP,WE,Towers with Display (VFR),0,0,14,0,14,0,11,398,0,409,0,11,412,0,423,276,0,276,699
12/28/2000,FFZ,AZ,AWP,WE,Towers with Display (VFR),0,0,11,0,11,0,11,413,2,426,0,11,424,2,437,280,0,280,717
12/29/2000,FFZ,AZ,AWP,WE,Towers with Display (VFR),0,0,13,0,13,0,5,404,0,409,0,5,417,0,422,352,0,352,774
12/30/2000,FFZ,AZ,AWP,WE,Towers with Display (VFR),0,0,14,0,14,0,6,490,0,496,0,6,504,0,510,266,0,266,776
12/31/2000,FFZ,AZ,AWP,WE,Towers with Display (VFR),0,0,2,0,2,0,6,321,0,327,0,6,323,0,329,146,0,146,475
01/01/2001,FFZ,AZ,AWP,WE,Towers with Display (VFR),0,1,5,0,6,0,12,368,0,380,0,13,373,0,386,132,0,132,518
01/02/2001,FFZ,AZ,AWP,WE,Towers with Display (VFR),0,1,9,0,10,0,19,293,0,312,0,20,302,0,322,240,0,240,562
01/03/2001,FFZ,AZ,AWP,WE,Towers with Display (VFR),0,1,4,0,5,0,9,299,6,314,0,10,303,6,319,226,0,226,545
01/04/2001,FFZ,AZ,AWP,WE,Towers with Display (VFR),0,3,10,1,14,0,0,331,6,337,0,3,341,7,351,405,2,407,758
01/05/2001,FFZ,AZ,AWP,WE,Towers with Display (VFR),0,0,9,1,10,0,21,421,25,467,0,21,430,26,477,394,2,396,873
01/06/2001,FFZ,AZ,AWP,WE,Towers with Display (VFR),0,0,4,0,4,0,11,379,0,390,0,11,383,0,394,446,0,446,840
01/07/2001,FFZ,AZ,AWP,WE,Towers with Display (VFR),0,0,7,0,7,0,13,354,2,369,0,13,361,2,376,330,0,330,706
01/08/2001,FFZ,AZ,AWP,WE,Towers with Display (VFR),0,0,7,0,7,0,17,313,6,336,0,17,320,6,343,270,2,272,615
01/09/2001,FFZ,AZ,AWP,WE,Towers with Display (VFR),0,0,6,0,6,0,9,238,5,252,0,9,244,5,258,440,4,444,702
01/10/2001,FFZ,AZ,AWP,WE,Towers with Display (VFR),0,0,10,0,10,0,29,352,1,382,0,29,362,1,392,368,0,368,760
01/11/2001,FFZ,AZ,AWP,WE,Towers with Display (VFR),0,0,4,0,4,0,21,267,14,302,0,21,271,14,306,304,12,316,622
01/12/2001,FFZ,AZ,AWP,WE,Towers with Display (VFR),0,3,18,0,21,0,13,62,2,77,0,16,80,2,98,112,2,114,212
01/13/2001,FFZ,AZ,AWP,WE,Towers with Display (VFR),0,0,5,0,5,4,28,392,1,425,4,28,397,1,430,586,0,586,1016
01/14/2001,FFZ,AZ,AWP,WE,Towers with Display (VFR),0,0,7,0,7,0,1,414,0,415,0,1,421,0,422,420,0,420,842
01/15/2001,FFZ,AZ,AWP,WE,Towers with Display (VFR),0,0,7,0,7,0,12,389,24,425,0,12,396,24,432,414,4,418,850
01/16/2001,FFZ,AZ,AWP,WE,Towers with Display (VFR),0,0,5,0,5,2,22,175,20,219,2,22,180,20,224,330,0,330,554
01/17/2001,FFZ,AZ,AWP,WE,Towers with Display (VFR),0,0,8,0,8,0,13,371,25,409,0,13,379,25,417,406,0,406,823
01/18/2001,FFZ,AZ,AWP,WE,Towers with Display (VFR),0,0,5,0,5,0,9,386,10,405,0,9,391,10,410,342,0,342,752
01/19/2001,FFZ,AZ,AWP,WE,Towers with Display (VFR),0,0,5,0,5,0,3,432,11,446,0,3,437,11,451,430,0,430,881
01/20/2001,FFZ,AZ,AWP,WE,Towers with Display (VFR),0,0,10,0,10,0,16,537,0,553,0,16,547,0,563,322,0,322,885
01/21/2001,FFZ,AZ,AWP,WE,Towers with Display (VFR),0,0,7,0,7,0,11,430,1,442,0,11,437,1,449,278,0,278,727
01/22/2001,FFZ,AZ,AWP,WE,Towers with Display (VFR),0,0,6,0,6,0,19,332,28,379,0,19,338,28,385,474,0,474,859
01/23/2001,FFZ,AZ,AWP,WE,Towers with Display (VFR),0,0,12,0,12,0,8,394,12,414,0,8,406,12,426,484,6,490,916
01/24/2001,FFZ,AZ,AWP,WE,Towers with Display (VFR),0,3,15,0,18,0,11,347,26,384,0,14,362,26,402,494,4,498,900
01/25/2001,FFZ,AZ,AWP,WE,Towers with Display (VFR),0,0,4,0,4,0,9,300,40,349,0,9,304,40,353,372,0,372,725
01/26/2001,FFZ,AZ,AWP,WE,Towers with Display (VFR),0,0,7,0,7,0,25,410,14,449,0,25,417,14,456,402,0,402,858
01/27/2001,FFZ,AZ,AWP,WE,Towers with Display (VFR),10,6,52,0,68,0,6,46,0,52,10,12,98,0,120,170,0,170,290
01/28/2001,FFZ,AZ,AWP,WE,Towers with Display (VFR),3,3,12,0,18,7,48,236,10,301,10,51,248,10,319,356,0,356,675
01/29/2001,FFZ,AZ,AWP,WE,Towers with Display (VFR),0,0,9,0,9,0,48,259,3,310,0,48,268,3,319,434,0,434,753
01/30/2001,FFZ,AZ,AWP,WE,Towers with Display (VFR),0,3,11,0,14,0,35,389,5,429,0,38,400,5,443,552,2,554,997
01/31/2001,FFZ,AZ,AWP,WE,Towers with Display (VFR),0,0,11,0,11,0,22,376,2,400,0,22,387,2,411,492,0,492,903
02/01/2001,FFZ,AZ,AWP,WE,Towers with Display (VFR),0,1,9,0,10,0,2,414,10,426,0,3,423,10,436,428,0,428,864
02/02/2001,FFZ,AZ,AWP,WE,Towers with Display (VFR),3,1,11,0,15,7,17,486,9,519,10,18,497,9,534,474,0,474,1008
02/03/2001,FFZ,AZ,AWP,WE,Towers with Display (VFR),0,1,8,0,9,0,23,654,6,683,0,24,662,6,692,308,0,308,1000
02/04/2001,FFZ,AZ,AWP,WE,Towers with Display (VFR),0,1,1,0,2,0,19,472,0,491,0,20,473,0,493,250,0,250,743
02/05/2001,FFZ,AZ,AWP,WE,Towers with Display (VFR),0,1,3,0,4,2,15,405,22,444,2,16,408,22,448,444,0,444,892
02/06/2001,FFZ,AZ,AWP,WE,Towers with Display (VFR),0,1,11,0,12,0,19,368,70,457,0,20,379,70,469,476,14,490,959
02/07/2001,FFZ,AZ,AWP,WE,Towers with Display (VFR),0,1,7,0,8,0,7,229,1,237,0,8,236,1,245,134,0,134,379
02/08/2001,FFZ,AZ,AWP,WE,Towers with Display (VFR),0,1,3,0,4,0,28,233,11,272,0,29,236,11,276,322,0,322,598
02/09/2001,FFZ,AZ,AWP,WE,Towers with Display (VFR),0,1,6,0,7,0,20,472,13,505,0,21,478,13,512,462,0,462,974
02/10/2001,FFZ,AZ,AWP,WE,Towers with Display (VFR),0,1,11,0,12,0,25,597,5,627,0,26,608,5,639,424,0,424,1063
02/11/2001,FFZ,AZ,AWP,WE,Towers with Display (VFR),0,0,3,1,4,0,15,405,3,423,0,15,408,4,427,348,0,348,775
02/12/2001,FFZ,AZ,AWP,WE,Towers with Display (VFR),0,0,8,0,8,0,19,370,7,396,0,19,378,7,404,258,0,258,662
02/13/2001,FFZ,AZ,AWP,WE,Towers with Display (VFR),0,0,8,0,8,0,1,179,14,194,0,1,187,14,202,150,0,150,352
02/14/2001,FFZ,AZ,AWP,WE,Towers with Display (VFR),0,0,7,0,7,0,3,180,3,186,0,3,187,3,193,172,0,172,365
02/15/2001,FFZ,AZ,AWP,WE,Towers with Display (VFR),0,0,8,0,8,0,27,410,17,454,0,27,418,17,462,514,0,514,976
02/16/2001,FFZ,AZ,AWP,WE,Towers with Display (VFR),0,0,12,0,12,0,15,495,10,520,0,15,507,10,532,470,0,470,1002
02/17/2001,FFZ,AZ,AWP,WE,Towers with Display (VFR),0,0,8,0,8,0,22,553,5,580,0,22,561,5,588,392,0,392,980
02/18/2001,FFZ,AZ,AWP,WE,Towers with Display (VFR),0,0,8,0,8,0,21,478,0,499,0,21,486,0,507,278,0,278,785
02/19/2001,FFZ,AZ,AWP,WE,Towers with Display (VFR),0,0,7,0,7,0,11,441,3,455,0,11,448,3,462,464,0,464,926
02/20/2001,FFZ,AZ,AWP,WE,Towers with Display (VFR),0,0,10,0,10,0,4,466,14,484,0,4,476,14,494,522,0,522,1016
02/21/2001,FFZ,AZ,AWP,WE,Towers with Display (VFR),0,0,17,0,17,0,6,547,12,565,0,6,564,12,582,502,0,502,1084
02/22/2001,FFZ,AZ,AWP,WE,Towers with Display (VFR),0,0,11,0,11,0,10,408,19,437,0,10,419,19,448,552,0,552,1000
02/23/2001,FFZ,AZ,AWP,WE,Towers with Display (VFR),0,0,19,0,19,0,27,364,27,418,0,27,383,27,437,486,3,489,926
02/24/2001,FFZ,AZ,AWP,WE,Towers with Display (VFR),0,0,6,0,6,2,11,507,1,521,2,11,513,1,527,458,0,458,985
02/25/2001,FFZ,AZ,AWP,WE,Towers with Display (VFR),0,0,12,0,12,0,15,383,0,398,0,15,395,0,410,342,0,342,752
02/26/2001,FFZ,AZ,AWP,WE,Towers with Display (VFR),0,0,13,0,13,0,11,325,10,346,0,11,338,10,359,372,7,379,738
02/27/2001,FFZ,AZ,AWP,WE,Towers with Display (VFR),0,0,5,0,5,0,10,276,13,299,0,10,281,13,304,344,0,344,648
02/28/2001,FFZ,AZ,AWP,WE,Towers with Display (VFR),0,0,6,0,6,0,29,190,33,252,0,29,196,33,258,270,8,278,536
03/01/2001,FFZ,AZ,AWP,WE,Towers with Display (VFR),0,0,8,0,8,0,22,458,19,499,0,22,466,19,507,674,0,674,1181
03/02/2001,FFZ,AZ,AWP,WE,Towers with Display (VFR),0,0,24,0,24,0,18,465,31,514,0,18,489,31,538,484,2,486,1024
03/03/2001,FFZ,AZ,AWP,WE,Towers with Display (VFR),0,0,8,0,8,0,28,524,0,552,0,28,532,0,560,310,0,310,870
03/04/2001,FFZ,AZ,AWP,WE,Towers with Display (VFR),0,0,8,0,8,0,23,457,0,480,0,23,465,0,488,324,0,324,812
03/05/2001,FFZ,AZ,AWP,WE,Towers with Display (VFR),0,0,2,0,2,0,16,370,0,386,0,16,372,0,388,418,0,418,806
03/06/2001,FFZ,AZ,AWP,WE,Towers with Display (VFR),0,0,5,0,5,0,12,348,10,370,0,12,353,10,375,552,0,552,927
03/07/2001,FFZ,AZ,AWP,WE,Towers with Display (VFR),0,0,4,0,4,0,14,103,0,117,0,14,107,0,121,244,2,246,367
03/08/2001,FFZ,AZ,AWP,WE,Towers with Display (VFR),0,1,12,0,13,0,14,324,3,341,0,15,336,3,354,648,0,648,1002
03/09/2001,FFZ,AZ,AWP,WE,Towers with Display (VFR),0,1,14,0,15,0,24,421,7,452,0,25,435,7,467,490,0,490,957
03/10/2001,FFZ,AZ,AWP,WE,Towers with Display (VFR),0,1,3,0,4,0,19,304,0,323,0,20,307,0,327,274,0,274,601
03/11/2001,FFZ,AZ,AWP,WE,Towers with Display (VFR),0,1,16,0,17,0,25,324,0,349,0,26,340,0,366,402,0,402,768
03/12/2001,FFZ,AZ,AWP,WE,Towers with Display (VFR),0,1,13,0,14,0,21,379,8,408,0,22,392,8,422,296,0,296,718
03/13/2001,FFZ,AZ,AWP,WE,Towers with Display (VFR),0,1,3,0,4,0,14,430,15,459,0,15,433,15,463,562,4,566,1029
03/14/2001,FFZ,AZ,AWP,WE,Towers with Display (VFR),0,0,10,0,10,0,7,462,13,482,0,7,472,13,492,572,0,572,1064
03/15/2001,FFZ,AZ,AWP,WE,Towers with Display (VFR),0,0,9,0,9,0,23,418,26,467,0,23,427,26,476,568,3,571,1047
03/16/2001,FFZ,AZ,AWP,WE,Towers with Display (VFR),0,0,17,0,17,0,23,467,13,503,0,23,484,13,520,466,16,482,1002
03/17/2001,FFZ,AZ,AWP,WE,Towers with Display (VFR),0,0,9,0,9,0,22,460,0,482,0,22,469,0,491,388,0,388,879
03/18/2001,FFZ,AZ,AWP,WE,Towers with Display (VFR),0,0,14,0,14,0,21,468,0,489,0,21,482,0,503,350,0,350,853
03/19/2001,FFZ,AZ,AWP,WE,Towers with Display (VFR),0,0,11,0,11,0,21,349,7,377,0,21,360,7,388,434,0,434,822
03/20/2001,FFZ,AZ,AWP,WE,Towers with Display (VFR),0,0,8,0,8,0,10,437,15,462,0,10,445,15,470,336,0,336,806
03/21/2001,FFZ,AZ,AWP,WE,Towers with Display (VFR),0,0,7,0,7,0,17,394,17,428,0,17,401,17,435,442,0,442,877
03/22/2001,FFZ,AZ,AWP,WE,Towers with Display (VFR),0,0,11,0,11,0,36,458,8,502,0,36,469,8,513,524,0,524,1037
03/23/2001,FFZ,AZ,AWP,WE,Towers with Display (VFR),0,0,13,0,13,0,24,461,4,489,0,24,474,4,502,654,0,654,1156
03/24/2001,FFZ,AZ,AWP,WE,Towers with Display (VFR),0,0,10,0,10,0,47,471,1,519,0,47,481,1,529,487,0,487,1016
03/25/2001,FFZ,AZ,AWP,WE,Towers with Display (VFR),0,0,6,0,6,0,22,436,0,458,0,22,442,0,464,312,0,312,776
03/26/2001,FFZ,AZ,AWP,WE,Towers with Display (VFR),0,0,6,0,6,0,10,401,1,412,0,10,407,1,418,444,0,444,862
03/27/2001,FFZ,AZ,AWP,WE,Towers with Display (VFR),0,0,12,0,12,0,19,422,20,461,0,19,434,20,473,590,1,591,1064
03/28/2001,FFZ,AZ,AWP,WE,Towers with Display (VFR),0,0,3,0,3,0,15,385,13,413,0,15,388,13,416,418,10,428,844
03/29/2001,FFZ,AZ,AWP,WE,Towers with Display (VFR),0,0,2,0,2,0,11,374,13,398,0,11,376,13,400,358,0,358,758
03/30/2001,FFZ,AZ,AWP,WE,Towers with Display (VFR),0,0,6,0,6,0,19,476,15,510,0,19,482,15,516,458,0,458,974
03/31/2001,FFZ,AZ,AWP,WE,Towers with Display (VFR),0,0,6,0,6,0,36,471,2,509,0,36,477,2,515,324,0,324,839
04/01/2001,FFZ,AZ,AWP,WE,Towers with Display (VFR),0,0,6,0,6,0,8,360,0,368,0,8,366,0,374,220,0,220,594
04/02/2001,FFZ,AZ,AWP,WE,Towers with Display (VFR),0,0,6,0,6,0,34,324,8,366,0,34,330,8,372,294,0,294,666
04/03/2001,FFZ,AZ,AWP,WE,Towers with Display (VFR),0,2,16,0,18,0,24,318,8,350,0,26,334,8,368,497,0,497,865
04/04/2001,FFZ,AZ,AWP,WE,Towers with Display (VFR),0,0,6,0,6,0,10,399,11,420,0,10,405,11,426,498,2,500,926
04/05/2001,FFZ,AZ,AWP,WE,Towers with Display (VFR),0,2,10,0,12,0,13,232,9,254,0,15,242,9,266,312,13,325,591
04/06/2001,FFZ,AZ,AWP,WE,Towers with Display (VFR),0,1,21,1,23,0,21,189,0,210,0,22,210,1,233,242,0,242,475
04/07/2001,FFZ,AZ,AWP,WE,Towers with Display (VFR),0,0,9,0,9,0,10,455,2,467,0,10,464,2,476,322,0,322,798
04/08/2001,FFZ,AZ,AWP,WE,Towers with Display (VFR),0,1,5,0,6,0,2,349,0,351,0,3,354,0,357,306,0,306,663
04/09/2001,FFZ,AZ,AWP,WE,Towers with Display (VFR),0,2,23,0,25,0,19,442,11,472,0,21,465,11,497,434,0,434,931
04/10/2001,FFZ,AZ,AWP,WE,Towers with Display (VFR),22,2,8,0,32,22,15,195,12,244,44,17,203,12,276,224,0,224,500
04/11/2001,FFZ,AZ,AWP,WE,Towers with Display (VFR),0,0,7,0,7,0,14,406,57,477,0,14,413,57,484,408,0,408,892
04/12/2001,FFZ,AZ,AWP,WE,Towers with Display (VFR),0,0,19,0,19,0,0,406,31,437,0,0,425,31,456,486,12,498,954
04/13/2001,FFZ,AZ,AWP,WE,Towers with Display (VFR),0,0,5,0,5,0,6,448,11,465,0,6,453,11,470,497,0,497,967
04/14/2001,FFZ,AZ,AWP,WE,Towers with Display (VFR),0,0,4,0,4,0,17,536,0,553,0,17,540,0,557,483,0,483,1040
04/15/2001,FFZ,AZ,AWP,WE,Towers with Display (VFR),0,0,6,0,6,0,2,385,0,387,0,2,391,0,393,304,0,304,697
04/16/2001,FFZ,AZ,AWP,WE,Towers with Display (VFR),0,0,4,0,4,0,28,365,29,422,0,28,369,29,426,364,0,364,790
04/17/2001,FFZ,AZ,AWP,WE,Towers with Display (VFR),0,1,7,0,8,0,18,394,6,418,0,19,401,6,426,328,0,328,754
04/18/2001,FFZ,AZ,AWP,WE,Towers with Display (VFR),0,0,4,0,4,0,3,273,7,283,0,3,277,7,287,286,0,286,573
04/19/2001,FFZ,AZ,AWP,WE,Towers with Display (VFR),0,0,8,0,8,0,4,392,20,416,0,4,400,20,424,448,0,448,872
04/20/2001,FFZ,AZ,AWP,WE,Towers with Display (VFR),0,0,19,0,19,0,15,348,8,371,0,15,367,8,390,456,0,456,846
04/21/2001,FFZ,AZ,AWP,WE,Towers with Display (VFR),0,0,8,0,8,0,23,423,0,446,0,23,431,0,454,132,0,132,586
04/22/2001,FFZ,AZ,AWP,WE,Towers with Display (VFR),0,0,12,0,12,0,4,482,1,487,0,4,494,1,499,340,0,340,839
04/23/2001,FFZ,AZ,AWP,WE,Towers with Display (VFR),0,3,4,2,9,0,24,389,6,419,0,27,393,8,428,300,2,302,730
04/24/2001,FFZ,AZ,AWP,WE,Towers with Display (VFR),0,0,6,0,6,0,8,360,6,374,0,8,366,6,380,368,0,368,748
04/25/2001,FFZ,AZ,AWP,WE,Towers with Display (VFR),0,0,9,0,9,0,20,352,16,388,0,20,361,16,397,422,0,422,819
04/26/2001,FFZ,AZ,AWP,WE,Towers with Display (VFR),0,0,3,0,3,0,28,435,10,473,0,28,438,10,476,502,0,502,978
04/27/2001,FFZ,AZ,AWP,WE,Towers with Display (VFR),0,0,9,0,9,0,6,392,11,409,0,6,401,11,418,496,0,496,914
04/28/2001,FFZ,AZ,AWP,WE,Towers with Display (VFR),0,0,2,0,2,0,9,476,0,485,0,9,478,0,487,280,0,280,767
04/29/2001,FFZ,AZ,AWP,WE,Towers with Display (VFR),0,2,9,0,11,0,8,381,0,389,0,10,390,0,400,220,0,220,620
04/30/2001,FFZ,AZ,AWP,WE,Towers with Display (VFR),0,1,7,0,8,0,26,376,13,415,0,27,383,13,423,236,2,238,661
05/01/2001,FFZ,AZ,AWP,WE,Towers with Display (VFR),0,2,15,0,17,0,15,336,18,369,0,17,351,18,386,416,20,436,822
05/02/2001,FFZ,AZ,AWP,WE,Towers with Display (VFR),0,0,0,0,0,0,15,270,10,295,0,15,270,10,295,232,0,232,527
05/03/2001,FFZ,AZ,AWP,WE,Towers with Display (VFR),0,0,6,0,6,0,10,318,0,328,0,10,324,0,334,470,0,470,804
05/04/2001,FFZ,AZ,AWP,WE,Towers with Display (VFR),0,2,28,0,30,0,22,432,9,463,0,24,460,9,493,366,2,368,861
05/05/2001,FFZ,AZ,AWP,WE,Towers with Display (VFR),0,0,7,0,7,0,3,456,4,463,0,3,463,4,470,378,0,378,848
05/06/2001,FFZ,AZ,AWP,WE,Towers with Display (VFR),0,0,7,0,7,0,10,396,0,406,0,10,403,0,413,272,0,272,685
05/07/2001,FFZ,AZ,AWP,WE,Towers with Display (VFR),0,0,12,0,12,0,19,316,9,344,0,19,328,9,356,278,10,288,644
05/08/2001,FFZ,AZ,AWP,WE,Towers with Display (VFR),0,0,12,0,12,0,22,352,15,389,0,22,364,15,401,374,0,374,775
05/09/2001,FFZ,AZ,AWP,WE,Towers with Display (VFR),0,0,6,0,6,0,13,422,8,443,0,13,428,8,449,418,0,418,867
05/10/2001,FFZ,AZ,AWP,WE,Towers with Display (VFR),0,0,5,0,5,0,4,365,29,398,0,4,370,29,403,378,8,386,789
05/11/2001,FFZ,AZ,AWP,WE,Towers with Display (VFR),0,0,5,0,5,0,23,323,13,359,0,23,328,13,364,298,0,298,662
05/12/2001,FFZ,AZ,AWP,WE,Towers with Display (VFR),0,0,0,0,0,0,25,377,1,403,0,25,377,1,403,287,0,287,690
05/13/2001,FFZ,AZ,AWP,WE,Towers with Display (VFR),0,0,4,0,4,0,14,340,0,354,0,14,344,0,358,178,0,178,536
05/14/2001,FFZ,AZ,AWP,WE,Towers with Display (VFR),0,0,7,0,7,0,17,275,2,294,0,17,282,2,301,303,8,311,612
05/15/2001,FFZ,AZ,AWP,WE,Towers with Display (VFR),0,0,3,0,3,0,23,380,24,427,0,23,383,24,430,416,0,416,846
05/16/2001,FFZ,AZ,AWP,WE,Towers with Display (VFR),0,0,7,0,7,0,20,358,7,385,0,20,365,7,392,421,11,432,824
05/17/2001,FFZ,AZ,AWP,WE,Towers with Display (VFR),0,1,8,0,9,0,13,412,13,438,0,14,420,13,447,564,0,564,1011
05/18/2001,FFZ,AZ,AWP,WE,Towers with Display (VFR),0,0,13,0,13,0,10,302,11,323,0,10,315,11,336,342,0,342,678
05/19/2001,FFZ,AZ,AWP,WE,Towers with Display (VFR),0,0,3,0,3,0,11,292,2,305,0,11,295,2,308,354,0,354,662
05/20/2001,FFZ,AZ,AWP,WE,Towers with Display (VFR),0,0,8,0,8,0,22,351,1,374,0,22,359,1,382,222,0,222,604
05/21/2001,FFZ,AZ,AWP,WE,Towers with Display (VFR),0,0,4,0,4,0,8,348,0,356,0,8,352,0,360,352,0,352,712
05/22/2001,FFZ,AZ,AWP,WE,Towers with Display (VFR),0,0,11,0,11,0,13,306,18,337,0,13,317,18,348,360,0,360,708
05/23/2001,FFZ,AZ,AWP,WE,Towers with Display (VFR),0,0,4,0,4,0,10,308,26,344,0,10,312,26,348,346,2,348,696
05/24/2001,FFZ,AZ,AWP,WE,Towers with Display (VFR),0,0,8,0,8,0,20,382,16,418,0,20,390,16,426,536,0,536,962
05/25/2001,FFZ,AZ,AWP,WE,Towers with Display (VFR),0,0,16,0,16,0,6,396,0,402,0,6,412,0,418,348,0,348,766
05/26/2001,FFZ,AZ,AWP,WE,Towers with Display (VFR),0,0,4,0,4,0,31,431,2,464,0,31,435,2,468,340,0,340,808
05/27/2001,FFZ,AZ,AWP,WE,Towers with Display (VFR),0,0,2,0,2,0,9,278,5,292,0,9,280,5,294,134,2,136,430
05/28/2001,FFZ,AZ,AWP,WE,Towers with Display (VFR),0,0,3,0,3,0,20,362,0,382,0,20,365,0,385,210,0,210,595
05/29/2001,FFZ,AZ,AWP,WE,Towers with Display (VFR),2,0,6,0,8,6,15,361,9,391,8,15,367,9,399,320,0,320,719
05/30/2001,FFZ,AZ,AWP,WE,Towers with Display (VFR),0,0,3,0,3,0,12,324,12,348,0,12,327,12,351,338,4,342,693
05/31/2001,FFZ,AZ,AWP,WE,Towers with Display (VFR),0,0,11,0,11,0,31,380,14,425,0,31,391,14,436,318,4,322,758
06/01/2001,FFZ,AZ,AWP,WE,Towers with Display (VFR),0,0,17,0,17,0,42,348,21,411,0,42,365,21,428,154,2,156,584
06/02/2001,FFZ,AZ,AWP,WE,Towers with Display (VFR),1,0,2,0,3,1,4,441,2,448,2,4,443,2,451,298,0,298,749
06/03/2001,FFZ,AZ,AWP,WE,Towers with Display (VFR),0,0,3,0,3,0,6,301,2,309,0,6,304,2,312,220,0,220,532
06/04/2001,FFZ,AZ,AWP,WE,Towers with Display (VFR),0,0,2,0,2,0,10,304,1,315,0,10,306,1,317,306,0,306,623
06/05/2001,FFZ,AZ,AWP,WE,Towers with Display (VFR),0,0,11,0,11,0,31,367,28,426,0,31,378,28,437,342,10,352,789
06/06/2001,FFZ,AZ,AWP,WE,Towers with Display (VFR),0,0,4,0,4,0,13,353,34,400,0,13,357,34,404,408,0,408,812
06/07/2001,FFZ,AZ,AWP,WE,Towers with Display (VFR),0,0,9,0,9,0,19,334,14,367,0,19,343,14,376,342,0,342,718
06/08/2001,FFZ,AZ,AWP,WE,Towers with Display (VFR),0,2,6,0,8,0,12,336,19,367,0,14,342,19,375,336,0,336,711
06/09/2001,FFZ,AZ,AWP,WE,Towers with Display (VFR),0,0,4,1,5,0,28,436,1,465,0,28,440,2,470,220,0,220,690
06/10/2001,FFZ,AZ,AWP,WE,Towers with Display (VFR),0,1,3,0,4,0,13,324,0,337,0,14,327,0,341,214,0,214,555
06/11/2001,FFZ,AZ,AWP,WE,Towers with Display (VFR),0,0,9,0,9,0,8,258,10,276,0,8,267,10,285,266,0,266,551
06/12/2001,FFZ,AZ,AWP,WE,Towers with Display (VFR),0,0,8,0,8,0,13,312,20,345,0,13,320,20,353,296,0,296,649
06/13/2001,FFZ,AZ,AWP,WE,Towers with Display (VFR),0,14,0,0,14,0,0,293,7,300,0,14,293,7,314,278,0,278,592
06/14/2001,FFZ,AZ,AWP,WE,Towers with Display (VFR),0,0,8,2,10,0,35,366,36,437,0,35,374,38,447,362,14,376,823
06/15/2001,FFZ,AZ,AWP,WE,Towers with Display (VFR),0,0,15,0,15,0,22,381,13,416,0,22,396,13,431,246,0,246,677
06/16/2001,FFZ,AZ,AWP,WE,Towers with Display (VFR),0,2,6,0,8,0,17,429,0,446,0,19,435,0,454,326,0,326,780
06/17/2001,FFZ,AZ,AWP,WE,Towers with Display (VFR),0,0,2,0,2,0,22,275,0,297,0,22,277,0,299,190,2,192,491
06/18/2001,FFZ,AZ,AWP,WE,Towers with Display (VFR),0,0,17,0,17,0,7,247,3,257,0,7,264,3,274,439,0,439,713
06/19/2001,FFZ,AZ,AWP,WE,Towers with Display (VFR),2,0,12,0,14,2,14,320,17,353,4,14,332,17,367,492,0,492,859
06/20/2001,FFZ,AZ,AWP,WE,Towers with Display (VFR),0,3,5,0,8,0,0,311,10,321,0,3,316,10,329,416,0,416,745
06/21/2001,FFZ,AZ,AWP,WE,Towers with Display (VFR),0,0,39,0,39,0,34,409,15,458,0,34,448,15,497,322,0,322,819
06/22/2001,FFZ,AZ,AWP,WE,Towers with Display (VFR),0,2,6,0,8,0,12,318,23,353,0,14,324,23,361,180,0,180,541
06/23/2001,FFZ,AZ,AWP,WE,Towers with Display (VFR),0,0,6,0,6,0,7,410,1,418,0,7,416,1,424,426,0,426,850
06/24/2001,FFZ,AZ,AWP,WE,Towers with Display (VFR),0,0,6,0,6,0,1,350,0,351,0,1,356,0,357,212,0,212,569
06/25/2001,FFZ,AZ,AWP,WE,Towers with Display (VFR),0,1,8,0,9,0,11,245,16,272,0,12,253,16,281,298,0,298,579
06/26/2001,FFZ,AZ,AWP,WE,Towers with Display (VFR),0,1,19,0,20,0,68,332,52,452,0,69,351,52,472,450,0,450,922
06/27/2001,FFZ,AZ,AWP,WE,Towers with Display (VFR),0,0,7,0,7,0,15,367,16,398,0,15,374,16,405,492,0,492,897
06/28/2001,FFZ,AZ,AWP,WE,Towers with Display (VFR),1,1,7,0,9,1,7,404,12,424,2,8,411,12,433,402,0,402,835
06/29/2001,FFZ,AZ,AWP,WE,Towers with Display (VFR),0,0,10,0,10,0,5,357,4,366,0,5,367,4,376,284,0,284,660
06/30/2001,FFZ,AZ,AWP,WE,Towers with Display (VFR),0,0,7,0,7,0,10,359,0,369,0,10,366,0,376,306,0,306,682
07/01/2001,FFZ,AZ,AWP,WE,Towers with Display (VFR),0,0,8,0,8,0,11,335,0,346,0,11,343,0,354,110,0,110,464
07/02/2001,FFZ,AZ,AWP,WE,Towers with Display (VFR),0,2,3,0,5,0,15,235,9,259,0,17,238,9,264,154,8,162,426
07/03/2001,FFZ,AZ,AWP,WE,Towers with Display (VFR),0,2,8,0,10,0,6,289,19,314,0,8,297,19,324,232,10,242,566
07/04/2001,FFZ,AZ,AWP,WE,Towers with Display (VFR),0,0,3,0,3,0,9,308,0,317,0,9,311,0,320,168,0,168,488
07/05/2001,FFZ,AZ,AWP,WE,Towers with Display (VFR),0,0,10,0,10,0,11,254,22,287,0,11,264,22,297,258,0,258,555
07/06/2001,FFZ,AZ,AWP,WE,Towers with Display (VFR),0,0,8,0,8,0,14,304,16,334,0,14,312,16,342,300,0,300,642
07/07/2001,FFZ,AZ,AWP,WE,Towers with Display (VFR),0,0,7,0,7,0,27,468,0,495,0,27,475,0,502,464,0,464,966
07/08/2001,FFZ,AZ,AWP,WE,Towers with Display (VFR),0,0,4,0,4,0,12,239,0,251,0,12,243,0,255,136,0,136,391
07/09/2001,FFZ,AZ,AWP,WE,Towers with Display (VFR),0,0,9,0,9,0,30,306,15,351,0,30,315,15,360,244,0,244,604
07/10/2001,FFZ,AZ,AWP,WE,Towers with Display (VFR),0,2,9,0,11,0,6,306,8,320,0,8,315,8,331,384,0,384,715
07/11/2001,FFZ,AZ,AWP,WE,Towers with Display (VFR),0,0,2,0,2,0,31,305,16,352,0,31,307,16,354,266,0,266,620
07/12/2001,FFZ,AZ,AWP,WE,Towers with Display (VFR),0,2,10,0,12,0,22,448,22,492,0,24,458,22,504,552,0,552,1056
07/13/2001,FFZ,AZ,AWP,WE,Towers with Display (VFR),0,0,6,0,6,0,13,403,4,420,0,13,409,4,426,510,0,510,936
07/14/2001,FFZ,AZ,AWP,WE,Towers with Display (VFR),0,0,5,0,5,0,16,377,0,393,0,16,382,0,398,352,0,352,750
07/15/2001,FFZ,AZ,AWP,WE,Towers with Display (VFR),0,0,2,0,2,0,15,307,0,322,0,15,309,0,324,174,0,174,498
07/16/2001,FFZ,AZ,AWP,WE,Towers with Display (VFR),0,0,0,0,0,0,16,236,14,266,0,16,236,14,266,212,0,212,478
07/17/2001,FFZ,AZ,AWP,WE,Towers with Display (VFR),0,0,4,0,4,0,20,259,8,287,0,20,263,8,291,490,0,490,781
07/18/2001,FFZ,AZ,AWP,WE,Towers with Display (VFR),0,0,4,0,4,0,21,276,13,310,0,21,280,13,314,316,0,316,630
07/19/2001,FFZ,AZ,AWP,WE,Towers with Display (VFR),0,0,4,0,4,0,20,341,7,368,0,20,345,7,372,426,17,443,815
07/20/2001,FFZ,AZ,AWP,WE,Towers with Display (VFR),0,0,34,0,34,0,25,387,16,428,0,25,421,16,462,556,0,556,1018
07/21/2001,FFZ,AZ,AWP,WE,Towers with Display (VFR),0,0,10,0,10,0,39,355,0,394,0,39,365,0,404,342,0,342,746
07/22/2001,FFZ,AZ,AWP,WE,Towers with Display (VFR),0,1,6,2,9,0,15,330,4,349,0,16,336,6,358,192,0,192,550
07/23/2001,FFZ,AZ,AWP,WE,Towers with Display (VFR),0,0,9,0,9,0,24,292,26,342,0,24,301,26,351,218,0,218,569
07/24/2001,FFZ,AZ,AWP,WE,Towers with Display (VFR),0,0,5,0,5,0,13,294,26,333,0,13,299,26,338,274,28,302,640
07/25/2001,FFZ,AZ,AWP,WE,Towers with Display (VFR),0,0,12,0,12,0,22,260,17,299,0,22,272,17,311,354,2,356,667
07/26/2001,FFZ,AZ,AWP,WE,Towers with Display (VFR),0,1,9,0,10,0,19,269,4,292,0,20,278,4,302,218,0,218,520
07/27/2001,FFZ,AZ,AWP,WE,Towers with Display (VFR),0,2,12,0,14,0,18,316,8,342,0,20,328,8,356,308,0,308,664
07/28/2001,FFZ,AZ,AWP,WE,Towers with Display (VFR),0,0,3,0,3,0,31,357,42,430,0,31,360,42,433,398,4,402,835
07/29/2001,FFZ,AZ,AWP,WE,Towers with Display (VFR),0,0,2,0,2,0,6,307,0,313,0,6,309,0,315,164,0,164,479
07/30/2001,FFZ,AZ,AWP,WE,Towers with Display (VFR),0,0,11,0,11,0,19,277,13,309,0,19,288,13,320,318,0,318,638
07/31/2001,FFZ,AZ,AWP,WE,Towers with Display (VFR),0,0,6,0,6,0,19,268,6,293,0,19,274,6,299,206,0,206,505
08/01/2001,FFZ,AZ,AWP,WE,Towers with Display (VFR),0,1,7,1,9,0,14,293,8,315,0,15,300,9,324,298,4,302,626
08/02/2001,FFZ,AZ,AWP,WE,Towers with Display (VFR),0,0,10,0,10,0,20,313,9,342,0,20,323,9,352,212,2,214,566
08/03/2001,FFZ,AZ,AWP,WE,Towers with Display (VFR),0,0,13,0,13,0,9,242,1,252,0,9,255,1,265,264,0,264,529
08/04/2001,FFZ,AZ,AWP,WE,Towers with Display (VFR),0,0,0,0,0,0,17,260,0,277,0,17,260,0,277,140,0,140,417
08/05/2001,FFZ,AZ,AWP,WE,Towers with Display (VFR),0,0,1,0,1,0,12,296,0,308,0,12,297,0,309,90,8,98,407
08/06/2001,FFZ,AZ,AWP,WE,Towers with Display (VFR),0,1,9,0,10,0,19,313,14,346,0,20,322,14,356,248,88,336,692
08/07/2001,FFZ,AZ,AWP,WE,Towers with Display (VFR),0,0,8,0,8,0,3,257,8,268,0,3,265,8,276,206,4,210,486
08/08/2001,FFZ,AZ,AWP,WE,Towers with Display (VFR),0,1,5,0,6,0,11,270,23,304,0,12,275,23,310,304,6,310,620
08/09/2001,FFZ,AZ,AWP,WE,Towers with Display (VFR),0,0,17,0,17,0,30,315,10,355,0,30,332,10,372,376,0,376,748
08/10/2001,FFZ,AZ,AWP,WE,Towers with Display (VFR),0,0,12,0,12,0,8,289,9,306,0,8,301,9,318,218,2,220,538
08/11/2001,FFZ,AZ,AWP,WE,Towers with Display (VFR),0,0,3,0,3,0,14,342,0,356,0,14,345,0,359,258,0,258,617
08/12/2001,FFZ,AZ,AWP,WE,Towers with Display (VFR),0,0,7,0,7,0,21,378,0,399,0,21,385,0,406,178,0,178,584
08/13/2001,FFZ,AZ,AWP,WE,Towers with Display (VFR),0,0,0,0,0,0,13,212,7,232,0,13,212,7,232,158,2,160,392
08/14/2001,FFZ,AZ,AWP,WE,Towers with Display (VFR),0,0,10,0,10,0,16,346,8,370,0,16,356,8,380,284,0,284,664
08/15/2001,FFZ,AZ,AWP,WE,Towers with Display (VFR),0,1,4,0,5,0,9,268,3,280,0,10,272,3,285,306,2,308,593
08/16/2001,FFZ,AZ,AWP,WE,Towers with Display (VFR),0,0,11,0,11,0,14,344,7,365,0,14,355,7,376,314,2,316,692
08/17/2001,FFZ,AZ,AWP,WE,Towers with Display (VFR),0,4,15,0,19,0,17,265,7,289,0,21,280,7,308,250,90,340,648
08/18/2001,FFZ,AZ,AWP,WE,Towers with Display (VFR),1,0,5,0,6,1,21,420,2,444,2,21,425,2,450,326,0,326,776
08/19/2001,FFZ,AZ,AWP,WE,Towers with Display (VFR),0,0,5,0,5,0,28,314,0,342,0,28,319,0,347,184,0,184,531
08/20/2001,FFZ,AZ,AWP,WE,Towers with Display (VFR),0,2,6,0,8,0,19,333,8,360,0,21,339,8,368,266,4,270,638
08/21/2001,FFZ,AZ,AWP,WE,Towers with Display (VFR),0,0,3,0,3,0,16,295,5,316,0,16,298,5,319,256,0,256,575
08/22/2001,FFZ,AZ,AWP,WE,Towers with Display (VFR),0,0,13,0,13,0,15,298,11,324,0,15,311,11,337,398,2,400,737
08/23/2001,FFZ,AZ,AWP,WE,Towers with Display (VFR),0,0,3,0,3,0,30,361,14,405,0,30,364,14,408,416,0,416,824
08/24/2001,FFZ,AZ,AWP,WE,Towers with Display (VFR),0,0,13,0,13,0,34,323,24,381,0,34,336,24,394,350,4,354,748
08/25/2001,FFZ,AZ,AWP,WE,Towers with Display (VFR),0,0,3,0,3,0,24,413,3,440,0,24,416,3,443,196,0,196,639
08/26/2001,FFZ,AZ,AWP,WE,Towers with Display (VFR),0,1,6,0,7,0,26,378,6,410,0,27,384,6,417,250,4,254,671
08/27/2001,FFZ,AZ,AWP,WE,Towers with Display (VFR),0,0,2,0,2,0,11,183,17,211,0,11,185,17,213,142,0,142,355
08/28/2001,FFZ,AZ,AWP,WE,Towers with Display (VFR),0,2,0,0,2,0,15,229,20,264,0,17,229,20,266,342,16,358,624
08/29/2001,FFZ,AZ,AWP,WE,Towers with Display (VFR),0,0,14,0,14,0,29,251,15,295,0,29,265,15,309,298,0,298,607
08/30/2001,FFZ,AZ,AWP,WE,Towers with Display (VFR),0,0,9,0,9,0,18,296,2,316,0,18,305,2,325,290,2,292,617
08/31/2001,FFZ,AZ,AWP,WE,Towers with Display (VFR),0,0,11,0,11,0,24,356,4,384,0,24,367,4,395,366,16,382,777
09/01/2001,FFZ,AZ,AWP,WE,Towers with Display (VFR),0,0,4,0,4,0,31,408,1,440,0,31,412,1,444,214,0,214,658
09/02/2001,FFZ,AZ,AWP,WE,Towers with Display (VFR),0,0,2,0,2,0,14,323,0,337,0,14,325,0,339,186,0,186,525
09/03/2001,FFZ,AZ,AWP,WE,Towers with Display (VFR),0,0,17,0,17,0,40,370,1,411,0,40,387,1,428,316,0,316,744
09/04/2001,FFZ,AZ,AWP,WE,Towers with Display (VFR),0,0,9,0,9,0,48,275,12,335,0,48,284,12,344,260,10,270,614
09/05/2001,FFZ,AZ,AWP,WE,Towers with Display (VFR),0,0,4,0,4,0,40,257,15,312,0,40,261,15,316,294,2,296,612
09/06/2001,FFZ,AZ,AWP,WE,Towers with Display (VFR),0,0,8,0,8,0,34,258,12,304,0,34,266,12,312,300,0,300,612
09/07/2001,FFZ,AZ,AWP,WE,Towers with Display (VFR),0,1,12,0,13,0,14,336,8,358,0,15,348,8,371,518,0,518,889
09/08/2001,FFZ,AZ,AWP,WE,Towers with Display (VFR),0,1,7,0,8,0,53,442,3,498,0,54,449,3,506,426,0,426,932
09/09/2001,FFZ,AZ,AWP,WE,Towers with Display (VFR),0,0,4,0,4,0,22,387,0,409,0,22,391,0,413,308,0,308,721
09/10/2001,FFZ,AZ,AWP,WE,Towers with Display (VFR),0,0,5,0,5,0,106,283,5,394,0,106,288,5,399,374,0,374,773
09/11/2001,FFZ,AZ,AWP,WE,Towers with Display (VFR),0,0,0,0,0,0,5,13,0,18,0,5,13,0,18,8,0,8,26
09/12/2001,FFZ,AZ,AWP,WE,Towers with Display (VFR),0,2,0,0,2,0,7,3,0,10,0,9,3,0,12,0,0,0,12
09/13/2001,FFZ,AZ,AWP,WE,Towers with Display (VFR),0,2,0,0,2,0,4,3,0,7,0,6,3,0,9,0,10,10,19
09/14/2001,FFZ,AZ,AWP,WE,Towers with Display (VFR),0,5,1,0,6,0,12,5,0,17,0,17,6,0,23,0,0,0,23
09/15/2001,FFZ,AZ,AWP,WE,Towers with Display (VFR),0,0,29,0,29,0,3,34,1,38,0,3,63,1,67,0,0,0,67
09/16/2001,FFZ,AZ,AWP,WE,Towers with Display (VFR),0,2,15,0,17,0,2,20,0,22,0,4,35,0,39,0,0,0,39
09/17/2001,FFZ,AZ,AWP,WE,Towers with Display (VFR),0,6,22,0,28,0,8,37,0,45,0,14,59,0,73,0,0,0,73
09/18/2001,FFZ,AZ,AWP,WE,Towers with Display (VFR),0,4,33,0,37,0,8,30,0,38,0,12,63,0,75,0,0,0,75
09/19/2001,FFZ,AZ,AWP,WE,Towers with Display (VFR),0,0,33,1,34,0,8,12,14,34,0,8,45,15,68,0,0,0,68
09/20/2001,FFZ,AZ,AWP,WE,Towers with Display (VFR),0,0,21,1,22,0,8,25,13,46,0,8,46,14,68,0,2,2,70
09/21/2001,FFZ,AZ,AWP,WE,Towers with Display (VFR),0,1,47,1,49,0,25,4,11,40,0,26,51,12,89,2,0,2,91
09/22/2001,FFZ,AZ,AWP,WE,Towers with Display (VFR),0,0,30,0,30,0,0,121,8,129,0,0,151,8,159,170,0,170,329
09/23/2001,FFZ,AZ,AWP,WE,Towers with Display (VFR),0,0,21,0,21,0,7,92,0,99,0,7,113,0,120,192,0,192,312
09/24/2001,FFZ,AZ,AWP,WE,Towers with Display (VFR),0,2,9,0,11,0,23,174,13,210,0,25,183,13,221,66,0,66,287
09/25/2001,FFZ,AZ,AWP,WE,Towers with Display (VFR),0,0,28,2,30,0,26,185,7,218,0,26,213,9,248,160,0,160,408
09/26/2001,FFZ,AZ,AWP,WE,Towers with Display (VFR),0,0,17,0,17,0,25,195,13,233,0,25,212,13,250,214,0,214,464
09/27/2001,FFZ,AZ,AWP,WE,Towers with Display (VFR),0,1,29,0,30,0,12,194,12,218,0,13,223,12,248,180,0,180,428
09/28/2001,FFZ,AZ,AWP,WE,Towers with Display (VFR),0,0,24,0,24,0,60,197,5,262,0,60,221,5,286,258,7,265,551
09/29/2001,FFZ,AZ,AWP,WE,Towers with Display (VFR),0,0,40,0,40,0,21,206,4,231,0,21,246,4,271,148,0,148,419
09/30/2001,FFZ,AZ,AWP,WE,Towers with Display (VFR),0,0,25,0,25,0,17,67,0,84,0,17,92,0,109,112,0,112,221
10/01/2001,FFZ,AZ,AWP,WE,Towers with Display (VFR),0,0,17,0,17,0,19,143,0,162,0,19,160,0,179,146,0,146,325
10/02/2001,FFZ,AZ,AWP,WE,Towers with Display (VFR),0,0,27,0,27,0,23,181,4,208,0,23,208,4,235,406,0,406,641
10/03/2001,FFZ,AZ,AWP,WE,Towers with Display (VFR),0,0,28,0,28,0,19,143,31,193,0,19,171,31,221,314,0,314,535
10/04/2001,FFZ,AZ,AWP,WE,Towers with Display (VFR),0,0,28,0,28,0,11,214,8,233,0,11,242,8,261,260,0,260,521
10/05/2001,FFZ,AZ,AWP,WE,Towers with Display (VFR),0,0,49,0,49,0,25,205,16,246,0,25,254,16,295,174,2,176,471
10/06/2001,FFZ,AZ,AWP,WE,Towers with Display (VFR),1,17,0,0,18,0,0,208,0,208,1,17,208,0,226,198,0,198,424
10/07/2001,FFZ,AZ,AWP,WE,Towers with Display (VFR),0,2,19,0,21,0,12,171,0,183,0,14,190,0,204,224,0,224,428
10/08/2001,FFZ,AZ,AWP,WE,Towers with Display (VFR),0,0,25,0,25,0,12,153,5,170,0,12,178,5,195,182,0,182,377
10/09/2001,FFZ,AZ,AWP,WE,Towers with Display (VFR),0,4,26,4,34,0,10,203,19,232,0,14,229,23,266,252,0,252,518
10/10/2001,FFZ,AZ,AWP,WE,Towers with Display (VFR),0,0,31,0,31,0,15,168,14,197,0,15,199,14,228,348,0,348,576
10/11/2001,FFZ,AZ,AWP,WE,Towers with Display (VFR),0,0,43,0,43,0,28,149,17,194,0,28,192,17,237,306,0,306,543
10/12/2001,FFZ,AZ,AWP,WE,Towers with Display (VFR),0,0,49,0,49,0,24,196,25,245,0,24,245,25,294,192,0,192,486
10/13/2001,FFZ,AZ,AWP,WE,Towers with Display (VFR),0,1,24,0,25,0,29,208,2,239,0,30,232,2,264,342,0,342,606
10/14/2001,FFZ,AZ,AWP,WE,Towers with Display (VFR),0,1,42,0,43,0,7,185,0,192,0,8,227,0,235,264,0,264,499
10/15/2001,FFZ,AZ,AWP,WE,Towers with Display (VFR),0,0,29,0,29,0,16,190,9,215,0,16,219,9,244,196,0,196,440
10/16/2001,FFZ,AZ,AWP,WE,Towers with Display (VFR),0,2,23,0,25,0,19,318,9,346,0,21,341,9,371,498,0,498,869
10/17/2001,FFZ,AZ,AWP,WE,Towers with Display (VFR),0,0,15,0,15,0,2,310,6,318,0,2,325,6,333,360,2,362,695
10/18/2001,FFZ,AZ,AWP,WE,Towers with Display (VFR),0,0,15,0,15,0,11,356,11,378,0,11,371,11,393,346,0,346,739
10/19/2001,FFZ,AZ,AWP,WE,Towers with Display (VFR),0,2,12,0,14,0,14,378,11,403,0,16,390,11,417,312,4,316,733
10/20/2001,FFZ,AZ,AWP,WE,Towers with Display (VFR),0,0,12,0,12,0,21,453,2,476,0,21,465,2,488,380,0,380,868
10/21/2001,FFZ,AZ,AWP,WE,Towers with Display (VFR),0,0,11,0,11,0,10,381,0,391,0,10,392,0,402,282,0,282,684
10/22/2001,FFZ,AZ,AWP,WE,Towers with Display (VFR),0,1,7,0,8,0,12,306,4,322,0,13,313,4,330,376,0,376,706
10/23/2001,FFZ,AZ,AWP,WE,Towers with Display (VFR),0,0,15,0,15,0,34,296,14,344,0,34,311,14,359,380,5,385,744
10/24/2001,FFZ,AZ,AWP,WE,Towers with Display (VFR),0,0,6,0,6,0,20,315,11,346,0,20,321,11,352,392,0,392,744
10/25/2001,FFZ,AZ,AWP,WE,Towers with Display (VFR),0,0,20,0,20,0,33,324,2,359,0,33,344,2,379,290,0,290,669
10/26/2001,FFZ,AZ,AWP,WE,Towers with Display (VFR),0,0,14,0,14,0,20,345,10,375,0,20,359,10,389,358,8,366,755
10/27/2001,FFZ,AZ,AWP,WE,Towers with Display (VFR),0,0,15,0,15,0,13,324,0,337,0,13,339,0,352,256,0,256,608
10/28/2001,FFZ,AZ,AWP,WE,Towers with Display (VFR),0,0,22,0,22,0,22,322,0,344,0,22,344,0,366,274,0,274,640
10/29/2001,FFZ,AZ,AWP,WE,Towers with Display (VFR),0,0,21,0,21,0,14,334,13,361,0,14,355,13,382,458,0,458,840
10/30/2001,FFZ,AZ,AWP,WE,Towers with Display (VFR),0,0,15,1,16,0,13,324,16,353,0,13,339,17,369,448,2,450,819
10/31/2001,FFZ,AZ,AWP,WE,Towers with Display (VFR),0,5,10,0,15,0,6,289,20,315,0,11,299,20,330,482,0,482,812
11/01/2001,FFZ,AZ,AWP,WE,Towers with Display (VFR),0,0,16,0,16,0,16,315,3,334,0,16,331,3,350,360,0,360,710
11/02/2001,FFZ,AZ,AWP,WE,Towers with Display (VFR),0,0,25,0,25,0,11,339,6,356,0,11,364,6,381,258,0,258,639
11/03/2001,FFZ,AZ,AWP,WE,Towers with Display (VFR),0,0,16,0,16,0,9,320,1,330,0,9,336,1,346,406,0,406,752
11/04/2001,FFZ,AZ,AWP,WE,Towers with Display (VFR),0,0,15,0,15,0,19,222,2,243,0,19,237,2,258,80,0,80,338
11/05/2001,FFZ,AZ,AWP,WE,Towers with Display (VFR),0,0,17,0,17,0,13,193,4,210,0,13,210,4,227,204,0,204,431
11/06/2001,FFZ,AZ,AWP,WE,Towers with Display (VFR),0,0,22,4,26,0,32,334,16,382,0,32,356,20,408,392,0,392,800
11/07/2001,FFZ,AZ,AWP,WE,Towers with Display (VFR),0,1,9,0,10,0,14,352,8,374,0,15,361,8,384,404,0,404,788
11/08/2001,FFZ,AZ,AWP,WE,Towers with Display (VFR),0,0,11,0,11,0,13,364,12,389,0,13,375,12,400,434,0,434,834
11/09/2001,FFZ,AZ,AWP,WE,Towers with Display (VFR),0,0,15,0,15,0,26,356,6,388,0,26,371,6,403,330,0,330,733
11/10/2001,FFZ,AZ,AWP,WE,Towers with Display (VFR),0,0,6,0,6,0,19,402,0,421,0,19,408,0,427,348,0,348,775
11/11/2001,FFZ,AZ,AWP,WE,Towers with Display (VFR),0,0,13,0,13,0,25,371,0,396,0,25,384,0,409,468,0,468,877
11/12/2001,FFZ,AZ,AWP,WE,Towers with Display (VFR),0,2,19,0,21,0,8,297,0,305,0,10,316,0,326,400,0,400,726
11/13/2001,FFZ,AZ,AWP,WE,Towers with Display (VFR),0,0,18,0,18,0,16,287,5,308,0,16,305,5,326,644,0,644,970
11/14/2001,FFZ,AZ,AWP,WE,Towers with Display (VFR),0,1,19,1,21,0,17,376,13,406,0,18,395,14,427,514,0,514,941
11/15/2001,FFZ,AZ,AWP,WE,Towers with Display (VFR),0,1,18,0,19,0,29,376,15,420,0,30,394,15,439,400,8,408,847
11/16/2001,FFZ,AZ,AWP,WE,Towers with Display (VFR),0,2,17,0,19,0,24,369,11,404,0,26,386,11,423,386,0,386,809
11/17/2001,FFZ,AZ,AWP,WE,Towers with Display (VFR),0,2,14,0,16,0,3,476,9,488,0,5,490,9,504,434,0,434,938
11/18/2001,FFZ,AZ,AWP,WE,Towers with Display (VFR),0,2,9,0,11,0,14,400,0,414,0,16,409,0,425,266,0,266,691
11/19/2001,FFZ,AZ,AWP,WE,Towers with Display (VFR),0,4,27,0,31,0,16,313,8,337,0,20,340,8,368,268,4,272,640
11/20/2001,FFZ,AZ,AWP,WE,Towers with Display (VFR),0,1,13,0,14,0,2,356,18,376,0,3,369,18,390,416,0,416,806
11/21/2001,FFZ,AZ,AWP,WE,Towers with Display (VFR),0,3,20,0,23,0,11,379,4,394,0,14,399,4,417,380,0,380,797
11/22/2001,FFZ,AZ,AWP,WE,Towers with Display (VFR),0,1,6,0,7,0,3,195,0,198,0,4,201,0,205,106,0,106,311
11/23/2001,FFZ,AZ,AWP,WE,Towers with Display (VFR),0,0,13,0,13,0,10,351,0,361,0,10,364,0,374,198,0,198,572
11/24/2001,FFZ,AZ,AWP,WE,Towers with Display (VFR),0,0,12,0,12,0,22,391,0,413,0,22,403,0,425,320,0,320,745
11/25/2001,FFZ,AZ,AWP,WE,Towers with Display (VFR),0,2,10,0,12,0,9,159,0,168,0,11,169,0,180,120,0,120,300
11/26/2001,FFZ,AZ,AWP,WE,Towers with Display (VFR),0,2,14,0,16,0,29,256,0,285,0,31,270,0,301,242,0,242,543
11/27/2001,FFZ,AZ,AWP,WE,Towers with Display (VFR),0,0,6,0,6,0,7,276,26,309,0,7,282,26,315,520,8,528,843
11/28/2001,FFZ,AZ,AWP,WE,Towers with Display (VFR),0,0,13,0,13,0,15,244,21,280,0,15,257,21,293,388,0,388,681
11/29/2001,FFZ,AZ,AWP,WE,Towers with Display (VFR),0,0,9,0,9,0,25,240,12,277,0,25,249,12,286,384,0,384,670
11/30/2001,FFZ,AZ,AWP,WE,Towers with Display (VFR),0,0,17,0,17,0,31,326,13,370,0,31,343,13,387,330,0,330,717
12/01/2001,FFZ,AZ,AWP,WE,Towers with Display (VFR),0,0,13,0,13,0,33,406,7,446,0,33,419,7,459,364,0,364,823
12/02/2001,FFZ,AZ,AWP,WE,Towers with Display (VFR),0,0,11,0,11,0,12,445,20,477,0,12,456,20,488,370,0,370,858
12/03/2001,FFZ,AZ,AWP,WE,Towers with Display (VFR),0,4,31,0,35,0,12,260,2,274,0,16,291,2,309,348,0,348,657
12/04/2001,FFZ,AZ,AWP,WE,Towers with Display (VFR),0,0,12,0,12,0,11,89,0,100,0,11,101,0,112,90,0,90,202
12/05/2001,FFZ,AZ,AWP,WE,Towers with Display (VFR),0,0,10,0,10,0,21,321,10,352,0,21,331,10,362,432,2,434,796
12/06/2001,FFZ,AZ,AWP,WE,Towers with Display (VFR),0,0,10,0,10,0,22,345,23,390,0,22,355,23,400,530,14,544,944
12/07/2001,FFZ,AZ,AWP,WE,Towers with Display (VFR),0,0,9,0,9,0,25,429,12,466,0,25,438,12,475,320,0,320,795
12/08/2001,FFZ,AZ,AWP,WE,Towers with Display (VFR),0,0,11,0,11,0,16,317,1,334,0,16,328,1,345,274,0,274,619
12/09/2001,FFZ,AZ,AWP,WE,Towers with Display (VFR),0,0,10,0,10,0,4,352,0,356,0,4,362,0,366,272,0,272,638
12/10/2001,FFZ,AZ,AWP,WE,Towers with Display (VFR),1,2,17,0,20,0,30,208,10,248,1,32,225,10,268,194,0,194,462
12/11/2001,FFZ,AZ,AWP,WE,Towers with Display (VFR),0,2,12,0,14,0,17,113,14,144,0,19,125,14,158,192,0,192,350
12/12/2001,FFZ,AZ,AWP,WE,Towers with Display (VFR),0,0,8,0,8,0,21,175,13,209,0,21,183,13,217,346,6,352,569
12/13/2001,FFZ,AZ,AWP,WE,Towers with Display (VFR),0,0,12,0,12,0,6,394,7,407,0,6,406,7,419,414,0,414,833
12/14/2001,FFZ,AZ,AWP,WE,Towers with Display (VFR),0,0,11,0,11,0,18,367,22,407,0,18,378,22,418,282,0,282,700
12/15/2001,FFZ,AZ,AWP,WE,Towers with Display (VFR),0,2,8,0,10,0,25,402,0,427,0,27,410,0,437,342,0,342,779
12/16/2001,FFZ,AZ,AWP,WE,Towers with Display (VFR),0,0,9,0,9,0,21,352,4,377,0,21,361,4,386,366,0,366,752
12/17/2001,FFZ,AZ,AWP,WE,Towers with Display (VFR),0,0,17,0,17,0,15,374,15,404,0,15,391,15,421,416,0,416,837
12/18/2001,FFZ,AZ,AWP,WE,Towers with Display (VFR),0,1,17,0,18,0,20,366,12,398,0,21,383,12,416,324,12,336,752
12/19/2001,FFZ,AZ,AWP,WE,Towers with Display (VFR),0,0,14,0,14,0,48,401,48,497,0,48,415,48,511,358,0,358,869
12/20/2001,FFZ,AZ,AWP,WE,Towers with Display (VFR),0,2,16,0,18,0,6,289,0,295,0,8,305,0,313,254,0,254,567
12/21/2001,FFZ,AZ,AWP,WE,Towers with Display (VFR),0,0,20,0,20,0,8,288,8,304,0,8,308,8,324,264,0,264,588
12/22/2001,FFZ,AZ,AWP,WE,Towers with Display (VFR),0,0,5,0,5,0,32,436,0,468,0,32,441,0,473,358,0,358,831
12/23/2001,FFZ,AZ,AWP,WE,Towers with Display (VFR),0,0,0,0,0,0,18,302,6,326,0,18,302,6,326,274,2,276,602
12/24/2001,FFZ,AZ,AWP,WE,Towers with Display (VFR),0,0,8,0,8,0,19,291,0,310,0,19,299,0,318,218,0,218,536
12/25/2001,FFZ,AZ,AWP,WE,Towers with Display (VFR),0,0,5,0,5,0,7,135,0,142,0,7,140,0,147,38,0,38,185
12/26/2001,FFZ,AZ,AWP,WE,Towers with Display (VFR),0,0,14,0,14,0,7,341,6,354,0,7,355,6,368,314,0,314,682
12/27/2001,FFZ,AZ,AWP,WE,Towers with Display (VFR),0,0,14,0,14,0,22,394,0,416,0,22,408,0,430,390,0,390,820
12/28/2001,FFZ,AZ,AWP,WE,Towers with Display (VFR),0,1,24,0,25,0,16,363,7,386,0,17,387,7,411,278,0,278,689
12/29/2001,FFZ,AZ,AWP,WE,Towers with Display (VFR),0,0,9,0,9,0,14,338,0,352,0,14,347,0,361,425,0,425,786
12/30/2001,FFZ,AZ,AWP,WE,Towers with Display (VFR),0,0,10,0,10,0,10,291,4,305,0,10,301,4,315,194,0,194,509
12/31/2001,FFZ,AZ,AWP,WE,Towers with Display (VFR),0,3,20,0,23,0,30,315,2,347,0,33,335,2,370,258,0,258,628
01/01/2002,FFZ,AZ,AWP,WE,Towers with Display (VFR),0,0,7,0,7,0,10,324,2,336,0,10,331,2,343,134,0,134,477
01/02/2002,FFZ,AZ,AWP,WE,Towers with Display (VFR),0,0,7,0,7,0,4,273,4,281,0,4,280,4,288,306,0,306,594
01/03/2002,FFZ,AZ,AWP,WE,Towers with Display (VFR),0,0,3,0,3,0,27,312,7,346,0,27,315,7,349,381,10,391,740
01/04/2002,FFZ,AZ,AWP,WE,Towers with Display (VFR),0,0,13,0,13,0,22,328,5,355,0,22,341,5,368,302,0,302,670
01/05/2002,FFZ,AZ,AWP,WE,Towers with Display (VFR),0,0,11,0,11,0,31,416,0,447,0,31,427,0,458,342,0,342,800
01/06/2002,FFZ,AZ,AWP,WE,Towers with Display (VFR),0,0,7,0,7,0,23,365,0,388,0,23,372,0,395,360,0,360,755
01/07/2002,FFZ,AZ,AWP,WE,Towers with Display (VFR),1,3,8,0,12,1,34,325,3,363,2,37,333,3,375,296,0,296,671
01/08/2002,FFZ,AZ,AWP,WE,Towers with Display (VFR),0,0,6,0,6,0,30,382,14,426,0,30,388,14,432,288,2,290,722
01/09/2002,FFZ,AZ,AWP,WE,Towers with Display (VFR),0,0,10,0,10,0,16,331,18,365,0,16,341,18,375,210,0,210,585
01/10/2002,FFZ,AZ,AWP,WE,Towers with Display (VFR),0,0,12,0,12,0,9,301,24,334,0,9,313,24,346,249,0,249,595
01/11/2002,FFZ,AZ,AWP,WE,Towers with Display (VFR),0,0,8,0,8,0,38,337,14,389,0,38,345,14,397,288,0,288,685
01/12/2002,FFZ,AZ,AWP,WE,Towers with Display (VFR),0,0,4,0,4,0,25,496,3,524,0,25,500,3,528,332,0,332,860
01/13/2002,FFZ,AZ,AWP,WE,Towers with Display (VFR),0,0,7,0,7,0,8,428,0,436,0,8,435,0,443,300,0,300,743
01/14/2002,FFZ,AZ,AWP,WE,Towers with Display (VFR),0,1,10,0,11,0,22,361,6,389,0,23,371,6,400,264,0,264,664
01/15/2002,FFZ,AZ,AWP,WE,Towers with Display (VFR),0,0,17,0,17,0,31,361,19,411,0,31,378,19,428,342,0,342,770
01/16/2002,FFZ,AZ,AWP,WE,Towers with Display (VFR),0,2,14,0,16,0,29,279,15,323,0,31,293,15,339,322,0,322,661
01/17/2002,FFZ,AZ,AWP,WE,Towers with Display (VFR),0,0,12,0,12,0,21,433,22,476,0,21,445,22,488,308,10,318,806
01/18/2002,FFZ,AZ,AWP,WE,Towers with Display (VFR),0,0,9,0,9,0,13,357,21,391,0,13,366,21,400,364,0,364,764
01/19/2002,FFZ,AZ,AWP,WE,Towers with Display (VFR),0,0,11,0,11,0,21,428,6,455,0,21,439,6,466,396,0,396,862
01/20/2002,FFZ,AZ,AWP,WE,Towers with Display (VFR),0,0,8,0,8,0,12,385,0,397,0,12,393,0,405,150,0,150,555
01/21/2002,FFZ,AZ,AWP,WE,Towers with Display (VFR),0,0,24,0,24,0,17,431,15,463,0,17,455,15,487,278,0,278,765
01/22/2002,FFZ,AZ,AWP,WE,Towers with Display (VFR),0,0,19,0,19,0,15,299,10,324,0,15,318,10,343,280,0,280,623
01/23/2002,FFZ,AZ,AWP,WE,Towers with Display (VFR),0,0,6,0,6,0,11,276,7,294,0,11,282,7,300,350,0,350,650
01/24/2002,FFZ,AZ,AWP,WE,Towers with Display (VFR),0,0,9,0,9,0,14,307,12,333,0,14,316,12,342,334,0,334,676
01/25/2002,FFZ,AZ,AWP,WE,Towers with Display (VFR),0,0,14,0,14,0,7,449,18,474,0,7,463,18,488,522,0,522,1010
01/26/2002,FFZ,AZ,AWP,WE,Towers with Display (VFR),0,1,12,0,13,0,45,544,1,590,0,46,556,1,603,408,0,408,1011
01/27/2002,FFZ,AZ,AWP,WE,Towers with Display (VFR),0,3,8,0,11,0,16,427,1,444,0,19,435,1,455,284,0,284,739
01/28/2002,FFZ,AZ,AWP,WE,Towers with Display (VFR),0,0,18,0,18,0,19,258,15,292,0,19,276,15,310,236,0,236,546
01/29/2002,FFZ,AZ,AWP,WE,Towers with Display (VFR),0,0,16,1,17,0,16,248,2,266,0,16,264,3,283,314,0,314,597
01/30/2002,FFZ,AZ,AWP,WE,Towers with Display (VFR),246,3,20,0,269,24,10,94,3,131,270,13,114,3,400,190,0,190,590
01/31/2002,FFZ,AZ,AWP,WE,Towers with Display (VFR),0,0,10,0,10,0,12,356,13,381,0,12,366,13,391,438,0,438,829
02/01/2002,FFZ,AZ,AWP,WE,Towers with Display (VFR),0,2,8,0,10,0,18,407,0,425,0,20,415,0,435,346,0,346,781
02/02/2002,FFZ,AZ,AWP,WE,Towers with Display (VFR),0,0,14,0,14,0,17,391,0,408,0,17,405,0,422,420,0,420,842
02/03/2002,FFZ,AZ,AWP,WE,Towers with Display (VFR),0,0,15,0,15,0,15,396,0,411,0,15,411,0,426,290,0,290,716
02/04/2002,FFZ,AZ,AWP,WE,Towers with Display (VFR),0,0,14,0,14,0,26,327,5,358,0,26,341,5,372,228,0,228,600
02/05/2002,FFZ,AZ,AWP,WE,Towers with Display (VFR),0,1,5,0,6,0,15,319,5,339,0,16,324,5,345,280,0,280,625
02/06/2002,FFZ,AZ,AWP,WE,Towers with Display (VFR),0,2,9,0,11,0,29,400,17,446,0,31,409,17,457,440,0,440,897
02/07/2002,FFZ,AZ,AWP,WE,Towers with Display (VFR),0,1,12,0,13,0,15,428,29,472,0,16,440,29,485,406,3,409,894
02/08/2002,FFZ,AZ,AWP,WE,Towers with Display (VFR),0,0,21,0,21,0,28,488,21,537,0,28,509,21,558,248,0,248,806
02/09/2002,FFZ,AZ,AWP,WE,Towers with Display (VFR),0,0,7,0,7,0,14,429,2,445,0,14,436,2,452,366,0,366,818
02/10/2002,FFZ,AZ,AWP,WE,Towers with Display (VFR),0,0,14,2,16,0,8,245,0,253,0,8,259,2,269,178,0,178,447
02/11/2002,FFZ,AZ,AWP,WE,Towers with Display (VFR),0,2,15,0,17,0,16,292,15,323,0,18,307,15,340,250,0,250,590
02/12/2002,FFZ,AZ,AWP,WE,Towers with Display (VFR),0,1,18,2,21,0,4,316,7,327,0,5,334,9,348,386,0,386,734
02/13/2002,FFZ,AZ,AWP,WE,Towers with Display (VFR),0,4,5,0,9,0,10,419,18,447,0,14,424,18,456,374,0,374,830
02/14/2002,FFZ,AZ,AWP,WE,Towers with Display (VFR),0,0,12,0,12,0,32,381,17,430,0,32,393,17,442,436,38,474,916
02/15/2002,FFZ,AZ,AWP,WE,Towers with Display (VFR),0,0,12,0,12,0,8,425,23,456,0,8,437,23,468,296,16,312,780
02/16/2002,FFZ,AZ,AWP,WE,Towers with Display (VFR),0,0,7,0,7,0,20,532,0,552,0,20,539,0,559,361,0,361,920
02/17/2002,FFZ,AZ,AWP,WE,Towers with Display (VFR),0,0,11,0,11,0,14,373,2,389,0,14,384,2,400,244,0,244,644
02/18/2002,FFZ,AZ,AWP,WE,Towers with Display (VFR),0,1,10,0,11,0,10,306,26,342,0,11,316,26,353,280,0,280,633
02/19/2002,FFZ,AZ,AWP,WE,Towers with Display (VFR),0,1,18,0,19,0,7,350,27,384,0,8,368,27,403,349,2,351,754
02/20/2002,FFZ,AZ,AWP,WE,Towers with Display (VFR),0,1,11,0,12,0,28,356,3,387,0,29,367,3,399,358,0,358,757
02/21/2002,FFZ,AZ,AWP,WE,Towers with Display (VFR),0,1,10,0,11,0,26,432,16,474,0,27,442,16,485,446,0,446,931
02/22/2002,FFZ,AZ,AWP,WE,Towers with Display (VFR),0,1,16,0,17,0,30,527,18,575,0,31,543,18,592,454,0,454,1046
02/23/2002,FFZ,AZ,AWP,WE,Towers with Display (VFR),2,0,15,0,17,0,51,550,8,609,2,51,565,8,626,364,0,364,990
02/24/2002,FFZ,AZ,AWP,WE,Towers with Display (VFR),0,0,18,0,18,0,15,528,0,543,0,15,546,0,561,310,0,310,871
02/25/2002,FFZ,AZ,AWP,WE,Towers with Display (VFR),0,0,14,0,14,0,16,336,37,389,0,16,350,37,403,240,0,240,643
02/26/2002,FFZ,AZ,AWP,WE,Towers with Display (VFR),0,0,17,0,17,0,38,390,12,440,0,38,407,12,457,334,12,346,803
02/27/2002,FFZ,AZ,AWP,WE,Towers with Display (VFR),0,1,15,0,16,0,30,365,8,403,0,31,380,8,419,466,2,468,887
02/28/2002,FFZ,AZ,AWP,WE,Towers with Display (VFR),0,0,5,0,5,0,28,383,12,423,0,28,388,12,428,438,0,438,866
03/01/2002,FFZ,AZ,AWP,WE,Towers with Display (VFR),0,1,12,2,15,0,18,367,4,389,0,19,379,6,404,360,0,360,764
03/02/2002,FFZ,AZ,AWP,WE,Towers with Display (VFR),0,2,9,0,11,2,6,396,1,405,2,8,405,1,416,368,0,368,784
03/03/2002,FFZ,AZ,AWP,WE,Towers with Display (VFR),0,0,12,0,12,0,9,348,1,358,0,9,360,1,370,398,0,398,768
03/04/2002,FFZ,AZ,AWP,WE,Towers with Display (VFR),0,1,7,0,8,0,37,340,14,391,0,38,347,14,399,285,0,285,684
03/05/2002,FFZ,AZ,AWP,WE,Towers with Display (VFR),0,0,13,0,13,0,41,416,32,489,0,41,429,32,502,502,1,503,1005
03/06/2002,FFZ,AZ,AWP,WE,Towers with Display (VFR),0,2,19,0,21,0,28,379,5,412,0,30,398,5,433,448,0,448,881
03/07/2002,FFZ,AZ,AWP,WE,Towers with Display (VFR),0,3,20,1,24,0,24,356,27,407,0,27,376,28,431,416,0,416,847
03/08/2002,FFZ,AZ,AWP,WE,Towers with Display (VFR),0,0,16,0,16,0,34,354,15,403,0,34,370,15,419,278,0,278,697
03/09/2002,FFZ,AZ,AWP,WE,Towers with Display (VFR),0,0,4,0,4,0,28,672,5,705,0,28,676,5,709,450,0,450,1159
03/10/2002,FFZ,AZ,AWP,WE,Towers with Display (VFR),0,0,11,0,11,0,18,399,0,417,0,18,410,0,428,260,0,260,688
03/11/2002,FFZ,AZ,AWP,WE,Towers with Display (VFR),0,2,33,0,35,0,38,281,13,332,0,40,314,13,367,290,0,290,657
03/12/2002,FFZ,AZ,AWP,WE,Towers with Display (VFR),0,0,13,2,15,0,19,392,26,437,0,19,405,28,452,398,0,398,850
03/13/2002,FFZ,AZ,AWP,WE,Towers with Display (VFR),0,0,12,0,12,0,27,356,17,400,0,27,368,17,412,299,0,299,711
03/14/2002,FFZ,AZ,AWP,WE,Towers with Display (VFR),1,1,11,2,15,1,15,318,15,349,2,16,329,17,364,484,0,484,848
03/15/2002,FFZ,AZ,AWP,WE,Towers with Display (VFR),0,2,8,0,10,0,18,366,0,384,0,20,374,0,394,232,0,232,626
03/16/2002,FFZ,AZ,AWP,WE,Towers with Display (VFR),0,0,2,0,2,0,13,330,0,343,0,13,332,0,345,322,0,322,667
03/17/2002,FFZ,AZ,AWP,WE,Towers with Display (VFR),2,0,11,0,13,0,37,365,0,402,2,37,376,0,415,402,0,402,817
03/18/2002,FFZ,AZ,AWP,WE,Towers with Display (VFR),0,6,22,0,28,0,23,281,2,306,0,29,303,2,334,370,0,370,704
03/19/2002,FFZ,AZ,AWP,WE,Towers with Display (VFR),0,2,24,0,26,0,12,412,19,443,0,14,436,19,469,506,24,530,999
03/20/2002,FFZ,AZ,AWP,WE,Towers with Display (VFR),0,1,11,0,12,0,11,448,11,470,0,12,459,11,482,490,4,494,976
03/21/2002,FFZ,AZ,AWP,WE,Towers with Display (VFR),0,0,15,0,15,0,26,344,25,395,0,26,359,25,410,228,0,228,638
03/22/2002,FFZ,AZ,AWP,WE,Towers with Display (VFR),0,2,16,0,18,0,42,437,23,502,0,44,453,23,520,502,6,508,1028
03/23/2002,FFZ,AZ,AWP,WE,Towers with Display (VFR),0,0,9,0,9,0,26,477,7,510,0,26,486,7,519,362,0,362,881
03/24/2002,FFZ,AZ,AWP,WE,Towers with Display (VFR),0,0,10,0,10,0,38,360,0,398,0,38,370,0,408,526,0,526,934
03/25/2002,FFZ,AZ,AWP,WE,Towers with Display (VFR),0,0,8,0,8,0,26,386,7,419,0,26,394,7,427,354,0,354,781
03/26/2002,FFZ,AZ,AWP,WE,Towers with Display (VFR),0,1,15,0,16,0,12,444,4,460,0,13,459,4,476,526,0,526,1002
03/27/2002,FFZ,AZ,AWP,WE,Towers with Display (VFR),0,1,17,2,20,0,13,478,8,499,0,14,495,10,519,608,0,608,1127
03/28/2002,FFZ,AZ,AWP,WE,Towers with Display (VFR),0,0,17,0,17,0,18,389,12,419,0,18,406,12,436,366,0,366,802
03/29/2002,FFZ,AZ,AWP,WE,Towers with Display (VFR),0,0,20,0,20,0,28,421,40,489,0,28,441,40,509,492,3,495,1004
03/30/2002,FFZ,AZ,AWP,WE,Towers with Display (VFR),0,1,10,0,11,0,40,589,3,632,0,41,599,3,643,396,0,396,1039
03/31/2002,FFZ,AZ,AWP,WE,Towers with Display (VFR),0,0,9,0,9,0,39,352,0,391,0,39,361,0,400,294,0,294,694
04/01/2002,FFZ,AZ,AWP,WE,Towers with Display (VFR),0,3,30,0,33,0,37,416,23,476,0,40,446,23,509,410,0,410,919
04/02/2002,FFZ,AZ,AWP,WE,Towers with Display (VFR),0,2,16,1,19,0,11,413,25,449,0,13,429,26,468,554,16,570,1038
04/03/2002,FFZ,AZ,AWP,WE,Towers with Display (VFR),0,0,8,0,8,0,31,396,9,436,0,31,404,9,444,544,0,544,988
04/04/2002,FFZ,AZ,AWP,WE,Towers with Display (VFR),0,0,17,0,17,0,21,463,26,510,0,21,480,26,527,496,2,498,1025
04/05/2002,FFZ,AZ,AWP,WE,Towers with Display (VFR),0,0,7,0,7,0,36,495,23,554,0,36,502,23,561,526,0,526,1087
04/06/2002,FFZ,AZ,AWP,WE,Towers with Display (VFR),0,0,7,0,7,0,11,234,1,246,0,11,241,1,253,254,0,254,507
04/07/2002,FFZ,AZ,AWP,WE,Towers with Display (VFR),0,0,11,0,11,0,17,408,0,425,0,17,419,0,436,296,0,296,732
04/08/2002,FFZ,AZ,AWP,WE,Towers with Display (VFR),0,2,21,0,23,0,25,375,27,427,0,27,396,27,450,392,0,392,842
04/09/2002,FFZ,AZ,AWP,WE,Towers with Display (VFR),0,2,17,0,19,0,18,469,24,511,0,20,486,24,530,660,0,660,1190
04/10/2002,FFZ,AZ,AWP,WE,Towers with Display (VFR),0,3,10,0,13,0,13,393,11,417,0,16,403,11,430,492,0,492,922
04/11/2002,FFZ,AZ,AWP,WE,Towers with Display (VFR),0,1,15,0,16,0,26,416,27,469,0,27,431,27,485,464,0,464,949
04/12/2002,FFZ,AZ,AWP,WE,Towers with Display (VFR),0,0,19,0,19,0,31,429,19,479,0,31,448,19,498,406,0,406,904
04/13/2002,FFZ,AZ,AWP,WE,Towers with Display (VFR),0,0,7,0,7,0,27,512,4,543,0,27,519,4,550,304,0,304,854
04/14/2002,FFZ,AZ,AWP,WE,Towers with Display (VFR),0,2,13,0,15,0,30,477,0,507,0,32,490,0,522,284,0,284,806
04/15/2002,FFZ,AZ,AWP,WE,Towers with Display (VFR),0,0,6,0,6,0,23,272,16,311,0,23,278,16,317,318,0,318,635
04/16/2002,FFZ,AZ,AWP,WE,Towers with Display (VFR),0,0,20,0,20,0,27,439,19,485,0,27,459,19,505,872,0,872,1377
04/17/2002,FFZ,AZ,AWP,WE,Towers with Display (VFR),0,0,12,0,12,0,25,453,17,495,0,25,465,17,507,562,2,564,1071
04/18/2002,FFZ,AZ,AWP,WE,Towers with Display (VFR),0,0,12,0,12,0,30,416,16,462,0,30,428,16,474,322,0,322,796
04/19/2002,FFZ,AZ,AWP,WE,Towers with Display (VFR),0,7,18,0,25,0,20,382,22,424,0,27,400,22,449,376,0,376,825
04/20/2002,FFZ,AZ,AWP,WE,Towers with Display (VFR),0,0,6,0,6,0,28,726,1,755,0,28,732,1,761,152,0,152,913
04/21/2002,FFZ,AZ,AWP,WE,Towers with Display (VFR),4,0,13,0,17,0,11,378,2,391,4,11,391,2,408,280,0,280,688
04/22/2002,FFZ,AZ,AWP,WE,Towers with Display (VFR),0,0,9,0,9,0,34,322,22,378,0,34,331,22,387,474,0,474,861
04/23/2002,FFZ,AZ,AWP,WE,Towers with Display (VFR),2,1,16,0,19,0,20,420,24,464,2,21,436,24,483,502,0,502,985
04/24/2002,FFZ,AZ,AWP,WE,Towers with Display (VFR),0,0,9,0,9,0,8,383,21,412,0,8,392,21,421,586,0,586,1007
04/25/2002,FFZ,AZ,AWP,WE,Towers with Display (VFR),0,0,12,0,12,0,16,473,9,498,0,16,485,9,510,459,0,459,969
04/26/2002,FFZ,AZ,AWP,WE,Towers with Display (VFR),8,2,16,0,26,0,26,214,14,254,8,28,230,14,280,154,0,154,434
04/27/2002,FFZ,AZ,AWP,WE,Towers with Display (VFR),0,0,9,0,9,0,31,485,10,526,0,31,494,10,535,400,0,400,935
04/28/2002,FFZ,AZ,AWP,WE,Towers with Display (VFR),0,5,7,0,12,0,13,438,1,452,0,18,445,1,464,458,0,458,922
04/29/2002,FFZ,AZ,AWP,WE,Towers with Display (VFR),0,2,27,0,29,0,32,338,5,375,0,34,365,5,404,524,0,524,928
04/30/2002,FFZ,AZ,AWP,WE,Towers with Display (VFR),1,1,13,0,15,1,26,320,22,369,2,27,333,22,384,382,2,384,768
05/01/2002,FFZ,AZ,AWP,WE,Towers with Display (VFR),0,0,7,2,9,0,45,359,10,414,0,45,366,12,423,532,0,532,955
05/02/2002,FFZ,AZ,AWP,WE,Towers with Display (VFR),0,0,5,0,5,0,27,467,26,520,0,27,472,26,525,556,0,556,1081
05/03/2002,FFZ,AZ,AWP,WE,Towers with Display (VFR),0,0,14,0,14,0,23,429,23,475,0,23,443,23,489,360,0,360,849
05/04/2002,FFZ,AZ,AWP,WE,Towers with Display (VFR),0,0,7,0,7,0,27,366,0,393,0,27,373,0,400,378,2,380,780
05/05/2002,FFZ,AZ,AWP,WE,Towers with Display (VFR),0,0,5,0,5,0,8,409,18,435,0,8,414,18,440,426,0,426,866
05/06/2002,FFZ,AZ,AWP,WE,Towers with Display (VFR),0,1,9,0,10,0,25,384,15,424,0,26,393,15,434,380,0,380,814
05/07/2002,FFZ,AZ,AWP,WE,Towers with Display (VFR),4,0,21,0,25,0,11,341,14,366,4,11,362,14,391,436,8,444,835
05/08/2002,FFZ,AZ,AWP,WE,Towers with Display (VFR),0,8,10,0,18,0,0,443,12,455,0,8,453,12,473,578,12,590,1063
05/09/2002,FFZ,AZ,AWP,WE,Towers with Display (VFR),0,0,7,0,7,0,32,420,12,464,0,32,427,12,471,586,0,586,1057
05/10/2002,FFZ,AZ,AWP,WE,Towers with Display (VFR),0,2,10,0,12,0,14,373,10,397,0,16,383,10,409,292,0,292,701
05/11/2002,FFZ,AZ,AWP,WE,Towers with Display (VFR),0,0,6,0,6,0,32,371,1,404,0,32,377,1,410,374,0,374,784
05/12/2002,FFZ,AZ,AWP,WE,Towers with Display (VFR),0,0,10,0,10,0,22,360,0,382,0,22,370,0,392,266,0,266,658
05/13/2002,FFZ,AZ,AWP,WE,Towers with Display (VFR),0,2,11,0,13,0,62,315,28,405,0,64,326,28,418,424,0,424,842
05/14/2002,FFZ,AZ,AWP,WE,Towers with Display (VFR),0,1,8,0,9,0,36,386,17,439,0,37,394,17,448,404,0,404,852
05/15/2002,FFZ,AZ,AWP,WE,Towers with Display (VFR),0,3,22,0,25,0,37,385,15,437,0,40,407,15,462,474,0,474,936
05/16/2002,FFZ,AZ,AWP,WE,Towers with Display (VFR),0,1,9,0,10,0,31,484,21,536,0,32,493,21,546,490,4,494,1040
05/17/2002,FFZ,AZ,AWP,WE,Towers with Display (VFR),0,5,30,0,35,0,22,357,11,390,0,27,387,11,425,460,8,468,893
05/18/2002,FFZ,AZ,AWP,WE,Towers with Display (VFR),2,2,8,0,12,0,34,506,6,546,2,36,514,6,558,388,0,388,946
05/19/2002,FFZ,AZ,AWP,WE,Towers with Display (VFR),0,0,5,0,5,0,17,449,1,467,0,17,454,1,472,326,0,326,798
05/20/2002,FFZ,AZ,AWP,WE,Towers with Display (VFR),0,0,21,0,21,0,32,327,18,377,0,32,348,18,398,282,0,282,680
05/21/2002,FFZ,AZ,AWP,WE,Towers with Display (VFR),0,1,3,0,4,0,20,342,15,377,0,21,345,15,381,468,0,468,849
05/22/2002,FFZ,AZ,AWP,WE,Towers with Display (VFR),0,2,11,0,13,0,13,443,14,470,0,15,454,14,483,570,0,570,1053
05/23/2002,FFZ,AZ,AWP,WE,Towers with Display (VFR),0,0,11,0,11,0,45,411,29,485,0,45,422,29,496,518,0,518,1014
05/24/2002,FFZ,AZ,AWP,WE,Towers with Display (VFR),0,0,9,0,9,0,25,360,14,399,0,25,369,14,408,492,2,494,902
05/25/2002,FFZ,AZ,AWP,WE,Towers with Display (VFR),0,0,7,0,7,0,41,483,0,524,0,41,490,0,531,450,0,450,981
05/26/2002,FFZ,AZ,AWP,WE,Towers with Display (VFR),0,0,3,0,3,0,25,371,0,396,0,25,374,0,399,402,0,402,801
05/27/2002,FFZ,AZ,AWP,WE,Towers with Display (VFR),0,0,11,0,11,0,31,490,0,521,0,31,501,0,532,404,0,404,936
05/28/2002,FFZ,AZ,AWP,WE,Towers with Display (VFR),0,1,5,0,6,0,31,380,22,433,0,32,385,22,439,322,0,322,761
05/29/2002,FFZ,AZ,AWP,WE,Towers with Display (VFR),0,2,5,0,7,0,34,357,19,410,0,36,362,19,417,400,2,402,819
05/30/2002,FFZ,AZ,AWP,WE,Towers with Display (VFR),0,18,9,0,27,0,56,421,12,489,0,74,430,12,516,362,0,362,878
05/31/2002,FFZ,AZ,AWP,WE,Towers with Display (VFR),0,0,21,0,21,0,26,366,9,401,0,26,387,9,422,486,0,486,908
06/01/2002,FFZ,AZ,AWP,WE,Towers with Display (VFR),0,0,4,0,4,0,29,434,0,463,0,29,438,0,467,412,0,412,879
06/02/2002,FFZ,AZ,AWP,WE,Towers with Display (VFR),0,0,4,0,4,0,23,295,1,319,0,23,299,1,323,282,0,282,605
06/03/2002,FFZ,AZ,AWP,WE,Towers with Display (VFR),0,1,10,0,11,0,39,299,6,344,0,40,309,6,355,276,0,276,631
06/04/2002,FFZ,AZ,AWP,WE,Towers with Display (VFR),6,1,4,0,11,0,25,387,11,423,6,26,391,11,434,492,2,494,928
06/05/2002,FFZ,AZ,AWP,WE,Towers with Display (VFR),0,0,7,0,7,0,19,413,3,435,0,19,420,3,442,335,0,335,777
06/06/2002,FFZ,AZ,AWP,WE,Towers with Display (VFR),0,0,9,0,9,0,29,361,14,404,0,29,370,14,413,376,0,376,789
06/07/2002,FFZ,AZ,AWP,WE,Towers with Display (VFR),0,29,31,0,60,0,13,344,13,370,0,42,375,13,430,458,0,458,888
06/08/2002,FFZ,AZ,AWP,WE,Towers with Display (VFR),0,5,12,0,17,0,43,363,0,406,0,48,375,0,423,362,0,362,785
06/09/2002,FFZ,AZ,AWP,WE,Towers with Display (VFR),0,0,5,0,5,0,27,277,0,304,0,27,282,0,309,312,0,312,621
06/10/2002,FFZ,AZ,AWP,WE,Towers with Display (VFR),0,3,10,0,13,0,30,288,12,330,0,33,298,12,343,386,2,388,731
06/11/2002,FFZ,AZ,AWP,WE,Towers with Display (VFR),0,1,17,2,20,0,29,341,24,394,0,30,358,26,414,346,2,348,762
06/12/2002,FFZ,AZ,AWP,WE,Towers with Display (VFR),2,0,6,0,8,0,15,350,32,397,2,15,356,32,405,364,0,364,769
06/13/2002,FFZ,AZ,AWP,WE,Towers with Display (VFR),0,0,11,0,11,0,26,365,37,428,0,26,376,37,439,412,4,416,855
06/14/2002,FFZ,AZ,AWP,WE,Towers with Display (VFR),0,0,10,0,10,0,36,414,9,459,0,36,424,9,469,510,0,510,979
06/15/2002,FFZ,AZ,AWP,WE,Towers with Display (VFR),0,0,5,0,5,0,23,466,2,491,0,23,471,2,496,360,0,360,856
06/16/2002,FFZ,AZ,AWP,WE,Towers with Display (VFR),0,0,10,0,10,0,21,330,0,351,0,21,340,0,361,144,0,144,505
06/17/2002,FFZ,AZ,AWP,WE,Towers with Display (VFR),0,0,23,0,23,0,17,262,19,298,0,17,285,19,321,300,0,300,621
06/18/2002,FFZ,AZ,AWP,WE,Towers with Display (VFR),0,4,9,0,13,2,16,331,29,378,2,20,340,29,391,404,0,404,795
06/19/2002,FFZ,AZ,AWP,WE,Towers with Display (VFR),0,0,12,0,12,0,21,372,17,410,0,21,384,17,422,322,8,330,752
06/20/2002,FFZ,AZ,AWP,WE,Towers with Display (VFR),0,0,11,0,11,0,13,293,9,315,0,13,304,9,326,154,0,154,480
06/21/2002,FFZ,AZ,AWP,WE,Towers with Display (VFR),0,0,14,0,14,0,21,309,5,335,0,21,323,5,349,282,0,282,631
06/22/2002,FFZ,AZ,AWP,WE,Towers with Display (VFR),0,0,11,0,11,0,40,340,4,384,0,40,351,4,395,290,0,290,685
06/23/2002,FFZ,AZ,AWP,WE,Towers with Display (VFR),1,0,15,0,16,1,18,367,0,386,2,18,382,0,402,282,0,282,684
06/24/2002,FFZ,AZ,AWP,WE,Towers with Display (VFR),4,1,10,0,15,2,17,238,18,275,6,18,248,18,290,222,0,222,512
06/25/2002,FFZ,AZ,AWP,WE,Towers with Display (VFR),8,0,2,0,10,0,20,343,31,394,8,20,345,31,404,462,0,462,866
06/26/2002,FFZ,AZ,AWP,WE,Towers with Display (VFR),0,0,4,0,4,0,12,313,15,340,0,12,317,15,344,412,4,416,760
06/27/2002,FFZ,AZ,AWP,WE,Towers with Display (VFR),0,0,10,0,10,0,21,339,13,373,0,21,349,13,383,408,0,408,791
06/28/2002,FFZ,AZ,AWP,WE,Towers with Display (VFR),0,0,24,0,24,0,22,315,10,347,0,22,339,10,371,322,0,322,693
06/29/2002,FFZ,AZ,AWP,WE,Towers with Display (VFR),0,0,15,0,15,0,38,411,1,450,0,38,426,1,465,302,0,302,767
06/30/2002,FFZ,AZ,AWP,WE,Towers with Display (VFR),0,0,8,0,8,0,13,346,6,365,0,13,354,6,373,276,0,276,649
07/01/2002,FFZ,AZ,AWP,WE,Towers with Display (VFR),0,0,12,0,12,0,20,232,4,256,0,20,244,4,268,166,0,166,434
07/02/2002,FFZ,AZ,AWP,WE,Towers with Display (VFR),0,0,11,0,11,0,18,282,7,307,0,18,293,7,318,312,6,318,636
07/03/2002,FFZ,AZ,AWP,WE,Towers with Display (VFR),2,4,19,0,25,0,20,303,10,333,2,24,322,10,358,426,0,426,784
07/04/2002,FFZ,AZ,AWP,WE,Towers with Display (VFR),0,0,13,0,13,0,7,314,0,321,0,7,327,0,334,284,0,284,618
07/05/2002,FFZ,AZ,AWP,WE,Towers with Display (VFR),0,2,15,0,17,0,30,272,0,302,0,32,287,0,319,366,10,376,695
07/06/2002,FFZ,AZ,AWP,WE,Towers with Display (VFR),0,0,6,0,6,0,26,268,4,298,0,26,274,4,304,232,0,232,536
07/07/2002,FFZ,AZ,AWP,WE,Towers with Display (VFR),0,0,5,0,5,0,7,353,0,360,0,7,358,0,365,260,0,260,625
07/08/2002,FFZ,AZ,AWP,WE,Towers with Display (VFR),0,0,12,0,12,0,19,230,4,253,0,19,242,4,265,140,0,140,405
07/09/2002,FFZ,AZ,AWP,WE,Towers with Display (VFR),2,0,13,3,18,2,18,281,6,307,4,18,294,9,325,444,0,444,769
07/10/2002,FFZ,AZ,AWP,WE,Towers with Display (VFR),0,1,15,0,16,0,10,401,26,437,0,11,416,26,453,320,2,322,775
07/11/2002,FFZ,AZ,AWP,WE,Towers with Display (VFR),0,0,14,0,14,0,18,263,8,289,0,18,277,8,303,336,0,336,639
07/12/2002,FFZ,AZ,AWP,WE,Towers with Display (VFR),0,2,22,2,26,0,28,259,21,308,0,30,281,23,334,279,0,279,613
07/13/2002,FFZ,AZ,AWP,WE,Towers with Display (VFR),0,0,12,0,12,0,18,397,6,421,0,18,409,6,433,270,0,270,703
07/14/2002,FFZ,AZ,AWP,WE,Towers with Display (VFR),0,0,7,1,8,0,29,320,13,362,0,29,327,14,370,284,0,284,654
07/15/2002,FFZ,AZ,AWP,WE,Towers with Display (VFR),0,0,13,0,13,0,19,317,17,353,0,19,330,17,366,198,0,198,564
07/16/2002,FFZ,AZ,AWP,WE,Towers with Display (VFR),2,0,14,0,16,0,21,252,14,287,2,21,266,14,303,318,14,332,635
07/17/2002,FFZ,AZ,AWP,WE,Towers with Display (VFR),0,0,14,0,14,0,24,332,9,365,0,24,346,9,379,302,0,302,681
07/18/2002,FFZ,AZ,AWP,WE,Towers with Display (VFR),0,0,13,0,13,0,20,282,8,310,0,20,295,8,323,378,2,380,703
07/19/2002,FFZ,AZ,AWP,WE,Towers with Display (VFR),0,0,10,0,10,0,25,296,4,325,0,25,306,4,335,436,0,436,771
07/20/2002,FFZ,AZ,AWP,WE,Towers with Display (VFR),0,0,6,0,6,0,11,329,0,340,0,11,335,0,346,268,0,268,614
07/21/2002,FFZ,AZ,AWP,WE,Towers with Display (VFR),0,0,6,0,6,0,23,376,0,399,0,23,382,0,405,360,0,360,765
07/22/2002,FFZ,AZ,AWP,WE,Towers with Display (VFR),6,0,20,0,26,0,41,245,9,295,6,41,265,9,321,240,0,240,561
07/23/2002,FFZ,AZ,AWP,WE,Towers with Display (VFR),0,4,11,2,17,0,6,273,12,291,0,10,284,14,308,282,2,284,592
07/24/2002,FFZ,AZ,AWP,WE,Towers with Display (VFR),0,3,9,0,12,0,28,318,14,360,0,31,327,14,372,384,14,398,770
07/25/2002,FFZ,AZ,AWP,WE,Towers with Display (VFR),0,1,12,0,13,0,26,333,4,363,0,27,345,4,376,354,0,354,730
07/26/2002,FFZ,AZ,AWP,WE,Towers with Display (VFR),0,0,17,0,17,0,20,325,12,357,0,20,342,12,374,458,0,458,832
07/27/2002,FFZ,AZ,AWP,WE,Towers with Display (VFR),0,1,9,1,11,0,14,324,43,381,0,15,333,44,392,158,0,158,550
07/28/2002,FFZ,AZ,AWP,WE,Towers with Display (VFR),0,0,17,0,17,0,16,396,5,417,0,16,413,5,434,312,0,312,746
07/29/2002,FFZ,AZ,AWP,WE,Towers with Display (VFR),0,0,7,0,7,0,25,296,3,324,0,25,303,3,331,336,0,336,667
07/30/2002,FFZ,AZ,AWP,WE,Towers with Display (VFR),0,2,29,0,31,0,32,398,11,441,0,34,427,11,472,408,8,416,888
07/31/2002,FFZ,AZ,AWP,WE,Towers with Display (VFR),0,2,16,0,18,0,25,347,10,382,0,27,363,10,400,312,0,312,712
08/01/2002,FFZ,AZ,AWP,WE,Towers with Display (VFR),0,0,11,0,11,0,24,342,18,384,0,24,353,18,395,344,0,344,739
08/02/2002,FFZ,AZ,AWP,WE,Towers with Display (VFR),0,0,17,0,17,0,24,295,7,326,0,24,312,7,343,384,0,384,727
08/03/2002,FFZ,AZ,AWP,WE,Towers with Display (VFR),0,1,6,0,7,0,34,319,2,355,0,35,325,2,362,272,0,272,634
08/04/2002,FFZ,AZ,AWP,WE,Towers with Display (VFR),0,0,8,0,8,0,28,327,0,355,0,28,335,0,363,342,0,342,705
08/05/2002,FFZ,AZ,AWP,WE,Towers with Display (VFR),0,2,9,0,11,0,31,250,18,299,0,33,259,18,310,262,0,262,572
08/06/2002,FFZ,AZ,AWP,WE,Towers with Display (VFR),0,2,13,2,17,0,33,404,15,452,0,35,417,17,469,492,0,492,961
08/07/2002,FFZ,AZ,AWP,WE,Towers with Display (VFR),0,0,18,0,18,0,21,368,7,396,0,21,386,7,414,404,0,404,818
08/08/2002,FFZ,AZ,AWP,WE,Towers with Display (VFR),0,0,3,0,3,0,24,403,16,443,0,24,406,16,446,398,0,398,844
08/09/2002,FFZ,AZ,AWP,WE,Towers with Display (VFR),0,1,6,0,7,0,22,286,8,316,0,23,292,8,323,354,0,354,677
08/10/2002,FFZ,AZ,AWP,WE,Towers with Display (VFR),0,1,8,0,9,0,19,410,20,449,0,20,418,20,458,486,0,486,944
08/11/2002,FFZ,AZ,AWP,WE,Towers with Display (VFR),2,0,4,0,6,0,21,299,2,322,2,21,303,2,328,276,0,276,604
08/12/2002,FFZ,AZ,AWP,WE,Towers with Display (VFR),0,2,9,0,11,0,6,224,12,242,0,8,233,12,253,156,0,156,409
08/13/2002,FFZ,AZ,AWP,WE,Towers with Display (VFR),0,0,12,0,12,0,15,278,16,309,0,15,290,16,321,314,2,316,637
08/14/2002,FFZ,AZ,AWP,WE,Towers with Display (VFR),0,1,17,0,18,0,21,322,11,354,0,22,339,11,372,350,0,350,722
08/15/2002,FFZ,AZ,AWP,WE,Towers with Display (VFR),0,0,10,0,10,0,33,320,9,362,0,33,330,9,372,448,0,448,820
08/16/2002,FFZ,AZ,AWP,WE,Towers with Display (VFR),0,1,24,0,25,0,44,374,11,429,0,45,398,11,454,428,0,428,882
08/17/2002,FFZ,AZ,AWP,WE,Towers with Display (VFR),0,1,7,0,8,0,48,403,2,453,0,49,410,2,461,340,0,340,801
08/18/2002,FFZ,AZ,AWP,WE,Towers with Display (VFR),0,0,5,0,5,0,24,395,0,419,0,24,400,0,424,322,0,322,746
08/19/2002,FFZ,AZ,AWP,WE,Towers with Display (VFR),0,0,14,0,14,0,54,260,17,331,0,54,274,17,345,292,0,292,637
08/20/2002,FFZ,AZ,AWP,WE,Towers with Display (VFR),0,0,3,1,4,0,15,357,13,385,0,15,360,14,389,434,14,448,837
08/21/2002,FFZ,AZ,AWP,WE,Towers with Display (VFR),0,0,12,0,12,0,23,300,12,335,0,23,312,12,347,638,0,638,985
08/22/2002,FFZ,AZ,AWP,WE,Towers with Display (VFR),0,2,2,0,4,0,24,307,10,341,0,26,309,10,345,364,0,364,709
08/23/2002,FFZ,AZ,AWP,WE,Towers with Display (VFR),0,0,9,0,9,0,40,360,19,419,0,40,369,19,428,360,4,364,792
08/24/2002,FFZ,AZ,AWP,WE,Towers with Display (VFR),0,0,9,0,9,0,35,342,0,377,0,35,351,0,386,278,0,278,664
08/25/2002,FFZ,AZ,AWP,WE,Towers with Display (VFR),0,1,13,0,14,0,34,299,1,334,0,35,312,1,348,246,0,246,594
08/26/2002,FFZ,AZ,AWP,WE,Towers with Display (VFR),4,0,20,2,26,0,35,335,18,388,4,35,355,20,414,327,6,333,747
08/27/2002,FFZ,AZ,AWP,WE,Towers with Display (VFR),2,0,16,1,19,0,6,269,19,294,2,6,285,20,313,386,0,386,699
08/28/2002,FFZ,AZ,AWP,WE,Towers with Display (VFR),0,0,6,0,6,0,31,242,10,283,0,31,248,10,289,320,0,320,609
08/29/2002,FFZ,AZ,AWP,WE,Towers with Display (VFR),0,0,13,0,13,0,20,224,19,263,0,20,237,19,276,358,0,358,634
08/30/2002,FFZ,AZ,AWP,WE,Towers with Display (VFR),0,4,18,0,22,0,9,350,10,369,0,13,368,10,391,390,0,390,781
08/31/2002,FFZ,AZ,AWP,WE,Towers with Display (VFR),0,0,8,0,8,0,17,380,4,401,0,17,388,4,409,328,0,328,737
09/01/2002,FFZ,AZ,AWP,WE,Towers with Display (VFR),0,2,7,0,9,0,33,299,0,332,0,35,306,0,341,208,0,208,549
09/02/2002,FFZ,AZ,AWP,WE,Towers with Display (VFR),0,1,9,0,10,0,42,398,2,442,0,43,407,2,452,382,0,382,834
09/03/2002,FFZ,AZ,AWP,WE,Towers with Display (VFR),2,2,13,0,17,0,8,264,7,279,2,10,277,7,296,300,0,300,596
09/04/2002,FFZ,AZ,AWP,WE,Towers with Display (VFR),0,0,7,0,7,0,32,249,18,299,0,32,256,18,306,430,0,430,736
09/05/2002,FFZ,AZ,AWP,WE,Towers with Display (VFR),0,0,19,0,19,0,27,276,18,321,0,27,295,18,340,300,0,300,640
09/06/2002,FFZ,AZ,AWP,WE,Towers with Display (VFR),0,2,9,2,13,0,35,210,6,251,0,37,219,8,264,224,0,224,488
09/07/2002,FFZ,AZ,AWP,WE,Towers with Display (VFR),0,0,6,0,6,0,28,222,1,251,0,28,228,1,257,470,0,470,727
09/08/2002,FFZ,AZ,AWP,WE,Towers with Display (VFR),0,0,5,0,5,0,14,271,0,285,0,14,276,0,290,290,0,290,580
09/09/2002,FFZ,AZ,AWP,WE,Towers with Display (VFR),0,0,6,0,6,0,49,245,7,301,0,49,251,7,307,376,0,376,683
09/10/2002,FFZ,AZ,AWP,WE,Towers with Display (VFR),0,0,19,0,19,0,27,212,15,254,0,27,231,15,273,370,0,370,643
09/11/2002,FFZ,AZ,AWP,WE,Towers with Display (VFR),0,0,32,0,32,0,37,276,5,318,0,37,308,5,350,384,0,384,734
09/12/2002,FFZ,AZ,AWP,WE,Towers with Display (VFR),0,0,5,0,5,0,41,305,8,354,0,41,310,8,359,464,0,464,823
09/13/2002,FFZ,AZ,AWP,WE,Towers with Display (VFR),0,0,7,0,7,0,35,308,6,349,0,35,315,6,356,306,0,306,662
09/14/2002,FFZ,AZ,AWP,WE,Towers with Display (VFR),0,0,1,0,1,0,11,343,2,356,0,11,344,2,357,402,0,402,759
09/15/2002,FFZ,AZ,AWP,WE,Towers with Display (VFR),0,0,5,0,5,0,12,305,0,317,0,12,310,0,322,186,0,186,508
09/16/2002,FFZ,AZ,AWP,WE,Towers with Display (VFR),4,0,9,0,13,0,38,273,23,334,4,38,282,23,347,314,0,314,661
09/17/2002,FFZ,AZ,AWP,WE,Towers with Display (VFR),2,0,18,0,20,0,67,313,9,389,2,67,331,9,409,428,0,428,837
09/18/2002,FFZ,AZ,AWP,WE,Towers with Display (VFR),0,1,10,0,11,0,28,273,19,320,0,29,283,19,331,436,0,436,767
09/19/2002,FFZ,AZ,AWP,WE,Towers with Display (VFR),0,0,13,0,13,0,51,406,4,461,0,51,419,4,474,506,0,506,980
09/20/2002,FFZ,AZ,AWP,WE,Towers with Display (VFR),0,0,15,0,15,0,18,369,20,407,0,18,384,20,422,282,0,282,704
09/21/2002,FFZ,AZ,AWP,WE,Towers with Display (VFR),0,1,9,0,10,0,36,448,0,484,0,37,457,0,494,400,0,400,894
09/22/2002,FFZ,AZ,AWP,WE,Towers with Display (VFR),0,0,11,0,11,0,20,323,2,345,0,20,334,2,356,278,0,278,634
09/23/2002,FFZ,AZ,AWP,WE,Towers with Display (VFR),0,1,11,2,14,0,29,323,10,362,0,30,334,12,376,166,12,178,554
09/24/2002,FFZ,AZ,AWP,WE,Towers with Display (VFR),0,2,10,0,12,0,22,291,6,319,0,24,301,6,331,388,10,398,729
09/25/2002,FFZ,AZ,AWP,WE,Towers with Display (VFR),0,4,12,0,16,0,32,382,3,417,0,36,394,3,433,416,0,416,849
09/26/2002,FFZ,AZ,AWP,WE,Towers with Display (VFR),0,0,17,0,17,0,31,366,32,429,0,31,383,32,446,314,0,314,760
09/27/2002,FFZ,AZ,AWP,WE,Towers with Display (VFR),0,0,6,0,6,0,21,324,13,358,0,21,330,13,364,402,0,402,766
09/28/2002,FFZ,AZ,AWP,WE,Towers with Display (VFR),1,0,7,0,8,1,14,408,0,423,2,14,415,0,431,282,0,282,713
09/29/2002,FFZ,AZ,AWP,WE,Towers with Display (VFR),0,0,8,0,8,0,21,307,0,328,0,21,315,0,336,212,0,212,548
09/30/2002,FFZ,AZ,AWP,WE,Towers with Display (VFR),2,0,27,0,29,0,22,362,16,400,2,22,389,16,429,428,0,428,857
10/01/2002,FFZ,AZ,AWP,WE,Towers with Display (VFR),0,0,16,0,16,0,44,295,17,356,0,44,311,17,372,472,0,472,844
10/02/2002,FFZ,AZ,AWP,WE,Towers with Display (VFR),0,3,18,0,21,0,8,232,33,273,0,11,250,33,294,422,2,424,718
10/03/2002,FFZ,AZ,AWP,WE,Towers with Display (VFR),0,1,15,0,16,0,31,404,20,455,0,32,419,20,471,718,2,720,1191
10/04/2002,FFZ,AZ,AWP,WE,Towers with Display (VFR),0,0,14,0,14,0,23,437,26,486,0,23,451,26,500,494,16,510,1010
10/05/2002,FFZ,AZ,AWP,WE,Towers with Display (VFR),0,0,4,0,4,0,31,444,0,475,0,31,448,0,479,385,0,385,864
10/06/2002,FFZ,AZ,AWP,WE,Towers with Display (VFR),0,0,8,0,8,0,26,425,0,451,0,26,433,0,459,396,0,396,855
10/07/2002,FFZ,AZ,AWP,WE,Towers with Display (VFR),0,2,12,1,15,0,31,374,11,416,0,33,386,12,431,392,0,392,823
10/08/2002,FFZ,AZ,AWP,WE,Towers with Display (VFR),0,2,16,0,18,0,24,419,11,454,0,26,435,11,472,538,0,538,1010
10/09/2002,FFZ,AZ,AWP,WE,Towers with Display (VFR),0,0,10,0,10,0,72,363,6,441,0,72,373,6,451,492,0,492,943
10/10/2002,FFZ,AZ,AWP,WE,Towers with Display (VFR),0,1,17,0,18,0,24,438,14,476,0,25,455,14,494,418,2,420,914
10/11/2002,FFZ,AZ,AWP,WE,Towers with Display (VFR),0,0,14,0,14,0,36,471,2,509,0,36,485,2,523,510,0,510,1033
10/12/2002,FFZ,AZ,AWP,WE,Towers with Display (VFR),0,0,6,0,6,0,26,455,0,481,0,26,461,0,487,410,0,410,897
10/13/2002,FFZ,AZ,AWP,WE,Towers with Display (VFR),0,0,6,0,6,0,32,389,0,421,0,32,395,0,427,316,0,316,743
10/14/2002,FFZ,AZ,AWP,WE,Towers with Display (VFR),0,1,11,2,14,0,18,341,2,361,0,19,352,4,375,528,0,528,903
10/15/2002,FFZ,AZ,AWP,WE,Towers with Display (VFR),0,2,16,0,18,0,14,373,16,403,0,16,389,16,421,600,0,600,1021
10/16/2002,FFZ,AZ,AWP,WE,Towers with Display (VFR),0,3,14,0,17,0,40,382,6,428,0,43,396,6,445,536,0,536,981
10/17/2002,FFZ,AZ,AWP,WE,Towers with Display (VFR),0,0,14,0,14,0,9,330,11,350,0,9,344,11,364,376,4,380,744
10/18/2002,FFZ,AZ,AWP,WE,Towers with Display (VFR),0,2,27,0,29,0,32,385,14,431,0,34,412,14,460,454,0,454,914
10/19/2002,FFZ,AZ,AWP,WE,Towers with Display (VFR),0,0,11,0,11,0,13,444,0,457,0,13,455,0,468,314,0,314,782
10/20/2002,FFZ,AZ,AWP,WE,Towers with Display (VFR),0,0,6,0,6,0,35,434,0,469,0,35,440,0,475,298,0,298,773
10/21/2002,FFZ,AZ,AWP,WE,Towers with Display (VFR),0,0,10,0,10,0,32,356,6,394,0,32,366,6,404,386,16,402,806
10/22/2002,FFZ,AZ,AWP,WE,Towers with Display (VFR),0,0,10,2,12,0,13,405,18,436,0,13,415,20,448,478,0,478,926
10/23/2002,FFZ,AZ,AWP,WE,Towers with Display (VFR),0,0,13,0,13,2,34,361,9,406,2,34,374,9,419,610,12,622,1041
10/24/2002,FFZ,AZ,AWP,WE,Towers with Display (VFR),0,2,10,0,12,2,33,382,40,457,2,35,392,40,469,466,0,466,935
10/25/2002,FFZ,AZ,AWP,WE,Towers with Display (VFR),0,0,12,0,12,0,35,432,14,481,0,35,444,14,493,320,6,326,819
10/26/2002,FFZ,AZ,AWP,WE,Towers with Display (VFR),0,0,4,0,4,0,25,259,2,286,0,25,263,2,290,298,0,298,588
10/27/2002,FFZ,AZ,AWP,WE,Towers with Display (VFR),0,0,4,0,4,0,22,266,0,288,0,22,270,0,292,116,0,116,408
10/28/2002,FFZ,AZ,AWP,WE,Towers with Display (VFR),0,0,17,0,17,0,26,316,10,352,0,26,333,10,369,409,2,411,780
10/29/2002,FFZ,AZ,AWP,WE,Towers with Display (VFR),0,2,22,0,24,0,16,337,14,367,0,18,359,14,391,412,0,412,803
10/30/2002,FFZ,AZ,AWP,WE,Towers with Display (VFR),0,4,11,0,15,0,44,336,14,394,0,48,347,14,409,598,0,598,1007
10/31/2002,FFZ,AZ,AWP,WE,Towers with Display (VFR),0,2,8,0,10,0,27,420,8,455,0,29,428,8,465,536,0,536,1001
11/01/2002,FFZ,AZ,AWP,WE,Towers with Display (VFR),0,0,11,0,11,0,47,372,5,424,0,47,383,5,435,290,0,290,725
11/02/2002,FFZ,AZ,AWP,WE,Towers with Display (VFR),0,0,11,0,11,0,25,480,6,511,0,25,491,6,522,380,0,380,902
11/03/2002,FFZ,AZ,AWP,WE,Towers with Display (VFR),0,0,7,0,7,0,23,427,3,453,0,23,434,3,460,270,0,270,730
11/04/2002,FFZ,AZ,AWP,WE,Towers with Display (VFR),0,0,10,0,10,0,48,356,4,408,0,48,366,4,418,368,0,368,786
11/05/2002,FFZ,AZ,AWP,WE,Towers with Display (VFR),0,0,12,0,12,0,55,424,10,489,0,55,436,10,501,490,0,490,991
11/06/2002,FFZ,AZ,AWP,WE,Towers with Display (VFR),0,2,10,0,12,0,36,393,7,436,0,38,403,7,448,700,0,700,1148
11/07/2002,FFZ,AZ,AWP,WE,Towers with Display (VFR),0,1,7,0,8,0,50,391,9,450,0,51,398,9,458,636,10,646,1104
11/08/2002,FFZ,AZ,AWP,WE,Towers with Display (VFR),0,0,17,0,17,0,41,332,21,394,0,41,349,21,411,464,2,466,877
11/09/2002,FFZ,AZ,AWP,WE,Towers with Display (VFR),0,0,7,0,7,0,7,486,2,495,0,7,493,2,502,468,0,468,970
11/10/2002,FFZ,AZ,AWP,WE,Towers with Display (VFR),2,2,10,0,14,0,10,577,2,589,2,12,587,2,603,358,0,358,961
11/11/2002,FFZ,AZ,AWP,WE,Towers with Display (VFR),0,0,9,0,9,0,42,478,31,551,0,42,487,31,560,528,0,528,1088
11/12/2002,FFZ,AZ,AWP,WE,Towers with Display (VFR),0,0,7,0,7,0,27,352,16,395,0,27,359,16,402,516,0,516,918
11/13/2002,FFZ,AZ,AWP,WE,Towers with Display (VFR),0,2,11,2,15,0,43,365,22,430,0,45,376,24,445,640,0,640,1085
11/14/2002,FFZ,AZ,AWP,WE,Towers with Display (VFR),0,1,12,0,13,0,22,390,17,429,0,23,402,17,442,660,0,660,1102
11/15/2002,FFZ,AZ,AWP,WE,Towers with Display (VFR),0,3,16,0,19,5,34,399,2,440,5,37,415,2,459,516,0,516,975
11/16/2002,FFZ,AZ,AWP,WE,Towers with Display (VFR),0,0,11,0,11,0,28,471,0,499,0,28,482,0,510,442,0,442,952
11/17/2002,FFZ,AZ,AWP,WE,Towers with Display (VFR),0,2,7,0,9,0,20,553,0,573,0,22,560,0,582,472,0,472,1054
11/18/2002,FFZ,AZ,AWP,WE,Towers with Display (VFR),0,1,12,0,13,0,30,367,4,401,0,31,379,4,414,438,0,438,852
11/19/2002,FFZ,AZ,AWP,WE,Towers with Display (VFR),0,0,16,0,16,0,17,361,8,386,0,17,377,8,402,378,0,378,780
11/20/2002,FFZ,AZ,AWP,WE,Towers with Display (VFR),0,0,10,2,12,0,18,343,44,405,0,18,353,46,417,386,0,386,803
11/21/2002,FFZ,AZ,AWP,WE,Towers with Display (VFR),0,0,12,0,12,0,47,408,24,479,0,47,420,24,491,582,14,596,1087
11/22/2002,FFZ,AZ,AWP,WE,Towers with Display (VFR),0,0,10,0,10,0,31,446,4,481,0,31,456,4,491,430,0,430,921
11/23/2002,FFZ,AZ,AWP,WE,Towers with Display (VFR),0,0,9,0,9,0,31,450,2,483,0,31,459,2,492,357,0,357,849
11/24/2002,FFZ,AZ,AWP,WE,Towers with Display (VFR),0,1,2,0,3,0,24,468,0,492,0,25,470,0,495,256,0,256,751
11/25/2002,FFZ,AZ,AWP,WE,Towers with Display (VFR),0,0,14,0,14,0,67,438,16,521,0,67,452,16,535,454,0,454,989
11/26/2002,FFZ,AZ,AWP,WE,Towers with Display (VFR),0,1,8,0,9,0,43,277,11,331,0,44,285,11,340,276,8,284,624
11/27/2002,FFZ,AZ,AWP,WE,Towers with Display (VFR),0,0,22,0,22,0,23,365,18,406,0,23,387,18,428,426,0,426,854
11/28/2002,FFZ,AZ,AWP,WE,Towers with Display (VFR),0,0,7,0,7,0,33,198,0,231,0,33,205,0,238,120,0,120,358
11/29/2002,FFZ,AZ,AWP,WE,Towers with Display (VFR),0,0,10,0,10,0,10,352,0,362,0,10,362,0,372,376,0,376,748
11/30/2002,FFZ,AZ,AWP,WE,Towers with Display (VFR),0,0,10,0,10,0,9,588,0,597,0,9,598,0,607,280,0,280,887
12/01/2002,FFZ,AZ,AWP,WE,Towers with Display (VFR),0,2,5,0,7,0,23,353,0,376,0,25,358,0,383,386,0,386,769
12/02/2002,FFZ,AZ,AWP,WE,Towers with Display (VFR),0,2,22,0,24,0,64,271,30,365,0,66,293,30,389,362,0,362,751
12/03/2002,FFZ,AZ,AWP,WE,Towers with Display (VFR),0,0,14,0,14,0,26,301,8,335,0,26,315,8,349,366,2,368,717
12/04/2002,FFZ,AZ,AWP,WE,Towers with Display (VFR),0,0,19,0,19,0,37,391,10,438,0,37,410,10,457,510,0,510,967
12/05/2002,FFZ,AZ,AWP,WE,Towers with Display (VFR),0,0,15,0,15,0,29,408,20,457,0,29,423,20,472,466,2,468,940
12/06/2002,FFZ,AZ,AWP,WE,Towers with Display (VFR),0,0,11,0,11,0,35,482,32,549,0,35,493,32,560,530,3,533,1093
12/07/2002,FFZ,AZ,AWP,WE,Towers with Display (VFR),2,0,9,0,11,0,24,496,3,523,2,24,505,3,534,468,0,468,1002
12/08/2002,FFZ,AZ,AWP,WE,Towers with Display (VFR),0,0,8,0,8,0,40,471,2,513,0,40,479,2,521,286,0,286,807
12/09/2002,FFZ,AZ,AWP,WE,Towers with Display (VFR),0,2,10,0,12,0,40,357,19,416,0,42,367,19,428,468,4,472,900
12/10/2002,FFZ,AZ,AWP,WE,Towers with Display (VFR),0,2,5,0,7,0,9,330,14,353,0,11,335,14,360,514,0,514,874
12/11/2002,FFZ,AZ,AWP,WE,Towers with Display (VFR),0,2,15,0,17,0,44,373,8,425,0,46,388,8,442,462,0,462,904
12/12/2002,FFZ,AZ,AWP,WE,Towers with Display (VFR),0,0,10,0,10,0,46,369,17,432,0,46,379,17,442,644,0,644,1086
12/13/2002,FFZ,AZ,AWP,WE,Towers with Display (VFR),2,0,22,0,24,0,40,387,0,427,2,40,409,0,451,508,0,508,959
12/14/2002,FFZ,AZ,AWP,WE,Towers with Display (VFR),0,0,12,0,12,0,22,503,0,525,0,22,515,0,537,460,0,460,997
12/15/2002,FFZ,AZ,AWP,WE,Towers with Display (VFR),0,0,17,0,17,0,28,329,0,357,0,28,346,0,374,340,0,340,714
12/16/2002,FFZ,AZ,AWP,WE,Towers with Display (VFR),0,1,15,0,16,0,37,371,14,422,0,38,386,14,438,418,0,418,856
12/17/2002,FFZ,AZ,AWP,WE,Towers with Display (VFR),0,0,20,0,20,0,32,250,22,304,0,32,270,22,324,308,16,324,648
12/18/2002,FFZ,AZ,AWP,WE,Towers with Display (VFR),0,0,17,0,17,0,25,320,7,352,0,25,337,7,369,614,0,614,983
12/19/2002,FFZ,AZ,AWP,WE,Towers with Display (VFR),0,0,12,0,12,0,22,413,5,440,0,22,425,5,452,382,0,382,834
12/20/2002,FFZ,AZ,AWP,WE,Towers with Display (VFR),0,0,6,0,6,0,37,296,6,339,0,37,302,6,345,414,0,414,759
12/21/2002,FFZ,AZ,AWP,WE,Towers with Display (VFR),0,0,9,0,9,0,14,324,0,338,0,14,333,0,347,364,0,364,711
12/22/2002,FFZ,AZ,AWP,WE,Towers with Display (VFR),0,0,1,0,1,0,13,210,0,223,0,13,211,0,224,120,0,120,344
12/23/2002,FFZ,AZ,AWP,WE,Towers with Display (VFR),0,0,6,0,6,0,11,62,1,74,0,11,68,1,80,130,0,130,210
12/24/2002,FFZ,AZ,AWP,WE,Towers with Display (VFR),2,0,2,0,4,0,12,280,0,292,2,12,282,0,296,166,0,166,462
12/25/2002,FFZ,AZ,AWP,WE,Towers with Display (VFR),0,2,1,0,3,0,15,114,0,129,0,17,115,0,132,54,0,54,186
12/26/2002,FFZ,AZ,AWP,WE,Towers with Display (VFR),0,0,8,0,8,0,18,397,4,419,0,18,405,4,427,190,0,190,617
12/27/2002,FFZ,AZ,AWP,WE,Towers with Display (VFR),0,0,11,1,12,0,12,403,5,420,0,12,414,6,432,398,0,398,830
12/28/2002,FFZ,AZ,AWP,WE,Towers with Display (VFR),0,0,17,0,17,0,18,468,4,490,0,18,485,4,507,426,0,426,933
12/29/2002,FFZ,AZ,AWP,WE,Towers with Display (VFR),0,0,8,0,8,0,25,320,0,345,0,25,328,0,353,314,0,314,667
12/30/2002,FFZ,AZ,AWP,WE,Towers with Display (VFR),0,0,5,0,5,0,39,368,0,407,0,39,373,0,412,340,0,340,752
12/31/2002,FFZ,AZ,AWP,WE,Towers with Display (VFR),0,0,10,0,10,0,18,319,0,337,0,18,329,0,347,248,0,248,595
01/01/2003,FFZ,AZ,AWP,WE,Towers with Display (VFR),0,0,3,0,3,0,3,366,0,369,0,3,369,0,372,202,0,202,574
01/02/2003,FFZ,AZ,AWP,WE,Towers with Display (VFR),0,0,10,0,10,0,25,360,2,387,0,25,370,2,397,342,0,342,739
01/03/2003,FFZ,AZ,AWP,WE,Towers with Display (VFR),0,0,17,0,17,0,27,403,1,431,0,27,420,1,448,342,0,342,790
01/04/2003,FFZ,AZ,AWP,WE,Towers with Display (VFR),0,0,13,2,15,0,12,503,4,519,0,12,516,6,534,368,0,368,902
01/05/2003,FFZ,AZ,AWP,WE,Towers with Display (VFR),0,0,12,0,12,0,23,441,0,464,0,23,453,0,476,268,0,268,744
01/06/2003,FFZ,AZ,AWP,WE,Towers with Display (VFR),0,0,13,0,13,0,28,207,0,235,0,28,220,0,248,308,0,308,556
01/07/2003,FFZ,AZ,AWP,WE,Towers with Display (VFR),0,1,8,2,11,0,36,325,23,384,0,37,333,25,395,474,0,474,869
01/08/2003,FFZ,AZ,AWP,WE,Towers with Display (VFR),0,0,23,0,23,0,22,195,5,222,0,22,218,5,245,280,0,280,525
01/09/2003,FFZ,AZ,AWP,WE,Towers with Display (VFR),0,0,16,0,16,4,29,288,0,321,4,29,304,0,337,546,0,546,883
01/10/2003,FFZ,AZ,AWP,WE,Towers with Display (VFR),0,2,19,0,21,0,45,415,4,464,0,47,434,4,485,516,0,516,1001
01/11/2003,FFZ,AZ,AWP,WE,Towers with Display (VFR),0,0,7,0,7,0,35,462,6,503,0,35,469,6,510,384,0,384,894
01/12/2003,FFZ,AZ,AWP,WE,Towers with Display (VFR),0,1,15,0,16,0,30,403,0,433,0,31,418,0,449,396,0,396,845
01/13/2003,FFZ,AZ,AWP,WE,Towers with Display (VFR),0,0,9,0,9,0,37,500,26,563,0,37,509,26,572,504,0,504,1076
01/14/2003,FFZ,AZ,AWP,WE,Towers with Display (VFR),0,0,21,0,21,0,23,469,20,512,0,23,490,20,533,542,4,546,1079
01/15/2003,FFZ,AZ,AWP,WE,Towers with Display (VFR),0,0,7,0,7,0,24,396,8,428,0,24,403,8,435,606,0,606,1041
01/16/2003,FFZ,AZ,AWP,WE,Towers with Display (VFR),0,0,9,0,9,0,14,436,6,456,0,14,445,6,465,578,0,578,1043
01/17/2003,FFZ,AZ,AWP,WE,Towers with Display (VFR),0,0,20,0,20,0,41,450,10,501,0,41,470,10,521,480,2,482,1003
01/18/2003,FFZ,AZ,AWP,WE,Towers with Display (VFR),0,0,7,0,7,0,19,478,0,497,0,19,485,0,504,424,2,426,930
01/19/2003,FFZ,AZ,AWP,WE,Towers with Display (VFR),0,0,19,0,19,0,5,474,0,479,0,5,493,0,498,174,0,174,672
01/20/2003,FFZ,AZ,AWP,WE,Towers with Display (VFR),0,1,13,0,14,0,40,334,8,382,0,41,347,8,396,344,0,344,740
01/21/2003,FFZ,AZ,AWP,WE,Towers with Display (VFR),0,2,16,0,18,0,29,305,2,336,0,31,321,2,354,518,0,518,872
01/22/2003,FFZ,AZ,AWP,WE,Towers with Display (VFR),0,0,7,0,7,0,32,370,2,404,0,32,377,2,411,621,0,621,1032
01/23/2003,FFZ,AZ,AWP,WE,Towers with Display (VFR),0,0,19,0,19,0,18,429,17,464,0,18,448,17,483,588,0,588,1071
01/24/2003,FFZ,AZ,AWP,WE,Towers with Display (VFR),0,0,25,0,25,0,31,467,26,524,0,31,492,26,549,678,0,678,1227
01/25/2003,FFZ,AZ,AWP,WE,Towers with Display (VFR),0,1,12,0,13,0,29,534,0,563,0,30,546,0,576,466,0,466,1042
01/26/2003,FFZ,AZ,AWP,WE,Towers with Display (VFR),0,0,16,0,16,0,38,374,0,412,0,38,390,0,428,258,0,258,686
01/27/2003,FFZ,AZ,AWP,WE,Towers with Display (VFR),0,1,16,0,17,0,32,367,9,408,0,33,383,9,425,326,0,326,751
01/28/2003,FFZ,AZ,AWP,WE,Towers with Display (VFR),0,1,27,0,28,0,28,383,11,422,0,29,410,11,450,688,0,688,1138
01/29/2003,FFZ,AZ,AWP,WE,Towers with Display (VFR),2,0,22,0,24,0,24,422,12,458,2,24,444,12,482,496,0,496,978
01/30/2003,FFZ,AZ,AWP,WE,Towers with Display (VFR),0,3,6,10,19,0,22,494,1,517,0,25,500,11,536,542,0,542,1078
01/31/2003,FFZ,AZ,AWP,WE,Towers with Display (VFR),0,1,9,2,12,0,25,531,11,567,0,26,540,13,579,638,0,638,1217
02/01/2003,FFZ,AZ,AWP,WE,Towers with Display (VFR),0,1,6,0,7,0,12,506,0,518,0,13,512,0,525,480,0,480,1005
02/02/2003,FFZ,AZ,AWP,WE,Towers with Display (VFR),16,0,10,0,26,2,22,293,0,317,18,22,303,0,343,298,0,298,641
02/03/2003,FFZ,AZ,AWP,WE,Towers with Display (VFR),0,2,17,1,20,2,31,357,11,401,2,33,374,12,421,422,0,422,843
02/04/2003,FFZ,AZ,AWP,WE,Towers with Display (VFR),0,2,10,0,12,0,25,306,19,350,0,27,316,19,362,358,0,358,720
02/05/2003,FFZ,AZ,AWP,WE,Towers with Display (VFR),0,3,23,0,26,0,29,385,7,421,0,32,408,7,447,302,0,302,749
02/06/2003,FFZ,AZ,AWP,WE,Towers with Display (VFR),0,0,10,0,10,0,30,479,7,516,0,30,489,7,526,498,0,498,1024
02/07/2003,FFZ,AZ,AWP,WE,Towers with Display (VFR),0,5,14,0,19,0,3,405,20,428,0,8,419,20,447,364,0,364,811
02/08/2003,FFZ,AZ,AWP,WE,Towers with Display (VFR),0,2,12,0,14,0,26,296,0,322,0,28,308,0,336,384,0,384,720
02/09/2003,FFZ,AZ,AWP,WE,Towers with Display (VFR),0,1,11,0,12,0,17,485,2,504,0,18,496,2,516,300,0,300,816
02/10/2003,FFZ,AZ,AWP,WE,Towers with Display (VFR),0,2,14,2,18,0,23,359,9,391,0,25,373,11,409,384,2,386,795
02/11/2003,FFZ,AZ,AWP,WE,Towers with Display (VFR),3,5,27,0,35,1,26,337,9,373,4,31,364,9,408,442,0,442,850
02/12/2003,FFZ,AZ,AWP,WE,Towers with Display (VFR),0,4,13,0,17,0,22,229,13,264,0,26,242,13,281,300,0,300,581
02/13/2003,FFZ,AZ,AWP,WE,Towers with Display (VFR),0,0,15,0,15,0,20,124,17,161,0,20,139,17,176,146,0,146,322
02/14/2003,FFZ,AZ,AWP,WE,Towers with Display (VFR),0,1,11,0,12,0,40,269,7,316,0,41,280,7,328,402,0,402,730
02/15/2003,FFZ,AZ,AWP,WE,Towers with Display (VFR),97,0,13,0,110,1,28,479,0,508,98,28,492,0,618,452,0,452,1070
02/16/2003,FFZ,AZ,AWP,WE,Towers with Display (VFR),0,2,8,0,10,0,30,416,0,446,0,32,424,0,456,452,0,452,908
02/17/2003,FFZ,AZ,AWP,WE,Towers with Display (VFR),0,0,14,0,14,0,22,417,13,452,0,22,431,13,466,550,0,550,1016
02/18/2003,FFZ,AZ,AWP,WE,Towers with Display (VFR),0,6,14,0,20,0,35,371,11,417,0,41,385,11,437,334,0,334,771
02/19/2003,FFZ,AZ,AWP,WE,Towers with Display (VFR),0,1,15,0,16,0,14,486,15,515,0,15,501,15,531,342,8,350,881
02/20/2003,FFZ,AZ,AWP,WE,Towers with Display (VFR),0,0,16,0,16,0,12,412,6,430,0,12,428,6,446,420,0,420,866
02/21/2003,FFZ,AZ,AWP,WE,Towers with Display (VFR),0,0,9,0,9,0,29,454,8,491,0,29,463,8,500,484,0,484,984
02/22/2003,FFZ,AZ,AWP,WE,Towers with Display (VFR),0,0,14,0,14,0,44,674,2,720,0,44,688,2,734,646,0,646,1380
02/23/2003,FFZ,AZ,AWP,WE,Towers with Display (VFR),0,0,14,0,14,0,27,462,0,489,0,27,476,0,503,288,0,288,791
02/24/2003,FFZ,AZ,AWP,WE,Towers with Display (VFR),0,0,7,0,7,0,12,330,6,348,0,12,337,6,355,432,0,432,787
02/25/2003,FFZ,AZ,AWP,WE,Towers with Display (VFR),1,1,5,0,7,1,6,79,0,86,2,7,84,0,93,210,0,210,303
02/26/2003,FFZ,AZ,AWP,WE,Towers with Display (VFR),105,6,5,0,116,1,15,154,5,175,106,21,159,5,291,332,0,332,623
02/27/2003,FFZ,AZ,AWP,WE,Towers with Display (VFR),0,0,17,0,17,0,28,170,9,207,0,28,187,9,224,290,0,290,514
02/28/2003,FFZ,AZ,AWP,WE,Towers with Display (VFR),0,1,11,0,12,0,21,281,32,334,0,22,292,32,346,372,0,372,718
03/01/2003,FFZ,AZ,AWP,WE,Towers with Display (VFR),0,0,9,0,9,0,22,374,0,396,0,22,383,0,405,498,0,498,903
03/02/2003,FFZ,AZ,AWP,WE,Towers with Display (VFR),0,0,10,0,10,0,25,362,0,387,0,25,372,0,397,382,0,382,779
03/03/2003,FFZ,AZ,AWP,WE,Towers with Display (VFR),0,2,19,0,21,0,27,373,20,420,0,29,392,20,441,488,0,488,929
03/04/2003,FFZ,AZ,AWP,WE,Towers with Display (VFR),0,1,20,0,21,0,38,405,19,462,0,39,425,19,483,423,0,423,906
03/05/2003,FFZ,AZ,AWP,WE,Towers with Display (VFR),0,1,8,0,9,0,30,357,7,394,0,31,365,7,403,534,0,534,937
03/06/2003,FFZ,AZ,AWP,WE,Towers with Display (VFR),0,4,13,0,17,0,28,372,13,413,0,32,385,13,430,596,18,614,1044
03/07/2003,FFZ,AZ,AWP,WE,Towers with Display (VFR),0,0,13,0,13,0,26,442,10,478,0,26,455,10,491,588,0,588,1079
03/08/2003,FFZ,AZ,AWP,WE,Towers with Display (VFR),0,0,6,0,6,0,34,687,0,721,0,34,693,0,727,419,0,419,1146
03/09/2003,FFZ,AZ,AWP,WE,Towers with Display (VFR),0,0,10,0,10,0,48,458,0,506,0,48,468,0,516,302,0,302,818
03/10/2003,FFZ,AZ,AWP,WE,Towers with Display (VFR),2,1,12,0,15,0,35,335,20,390,2,36,347,20,405,426,0,426,831
03/11/2003,FFZ,AZ,AWP,WE,Towers with Display (VFR),0,3,37,0,40,0,7,372,5,384,0,10,409,5,424,496,2,498,922
03/12/2003,FFZ,AZ,AWP,WE,Towers with Display (VFR),2,3,19,0,24,0,23,365,6,394,2,26,384,6,418,426,0,426,844
03/13/2003,FFZ,AZ,AWP,WE,Towers with Display (VFR),0,0,12,0,12,2,40,375,8,425,2,40,387,8,437,274,10,284,721
03/14/2003,FFZ,AZ,AWP,WE,Towers with Display (VFR),0,4,13,0,17,0,16,435,16,467,0,20,448,16,484,405,0,405,889
03/15/2003,FFZ,AZ,AWP,WE,Towers with Display (VFR),0,0,7,0,7,0,40,483,0,523,0,40,490,0,530,456,0,456,986
03/16/2003,FFZ,AZ,AWP,WE,Towers with Display (VFR),0,0,7,0,7,0,5,119,0,124,0,5,126,0,131,104,0,104,235
03/17/2003,FFZ,AZ,AWP,WE,Towers with Display (VFR),0,0,6,0,6,0,18,139,0,157,0,18,145,0,163,118,0,118,281
03/18/2003,FFZ,AZ,AWP,WE,Towers with Display (VFR),0,1,3,2,6,0,10,233,10,253,0,11,236,12,259,374,0,374,633
03/19/2003,FFZ,AZ,AWP,WE,Towers with Display (VFR),0,2,13,0,15,0,20,424,7,451,0,22,437,7,466,488,0,488,954
03/20/2003,FFZ,AZ,AWP,WE,Towers with Display (VFR),0,2,18,0,20,0,23,430,27,480,0,25,448,27,500,636,0,636,1136
03/21/2003,FFZ,AZ,AWP,WE,Towers with Display (VFR),0,0,10,0,10,0,24,489,7,520,0,24,499,7,530,508,0,508,1038
03/22/2003,FFZ,AZ,AWP,WE,Towers with Display (VFR),0,0,12,0,12,0,20,683,0,703,0,20,695,0,715,501,0,501,1216
03/23/2003,FFZ,AZ,AWP,WE,Towers with Display (VFR),0,0,7,0,7,0,35,410,0,445,0,35,417,0,452,298,0,298,750
03/24/2003,FFZ,AZ,AWP,WE,Towers with Display (VFR),0,2,11,0,13,0,17,350,11,378,0,19,361,11,391,376,0,376,767
03/25/2003,FFZ,AZ,AWP,WE,Towers with Display (VFR),4,0,12,0,16,0,12,360,15,387,4,12,372,15,403,472,0,472,875
03/26/2003,FFZ,AZ,AWP,WE,Towers with Display (VFR),0,0,14,2,16,0,24,397,15,436,0,24,411,17,452,476,0,476,928
03/27/2003,FFZ,AZ,AWP,WE,Towers with Display (VFR),0,1,10,0,11,0,19,352,10,381,0,20,362,10,392,240,4,244,636
03/28/2003,FFZ,AZ,AWP,WE,Towers with Display (VFR),0,2,12,0,14,0,15,273,11,299,0,17,285,11,313,355,0,355,668
03/29/2003,FFZ,AZ,AWP,WE,Towers with Display (VFR),0,1,7,0,8,0,14,347,0,361,0,15,354,0,369,404,0,404,773
03/30/2003,FFZ,AZ,AWP,WE,Towers with Display (VFR),0,1,16,0,17,0,15,417,0,432,0,16,433,0,449,366,0,366,815
03/31/2003,FFZ,AZ,AWP,WE,Towers with Display (VFR),0,2,13,1,16,0,23,283,10,316,0,25,296,11,332,300,0,300,632
04/01/2003,FFZ,AZ,AWP,WE,Towers with Display (VFR),0,4,4,0,8,0,7,359,10,376,0,11,363,10,384,354,4,358,742
04/02/2003,FFZ,AZ,AWP,WE,Towers with Display (VFR),0,4,10,0,14,0,29,297,8,334,0,33,307,8,348,418,10,428,776
04/03/2003,FFZ,AZ,AWP,WE,Towers with Display (VFR),0,1,16,0,17,0,20,339,5,364,0,21,355,5,381,424,0,424,805
04/04/2003,FFZ,AZ,AWP,WE,Towers with Display (VFR),0,2,12,0,14,0,26,387,7,420,0,28,399,7,434,398,0,398,832
04/05/2003,FFZ,AZ,AWP,WE,Towers with Display (VFR),0,0,6,0,6,0,29,316,0,345,0,29,322,0,351,424,0,424,775
04/06/2003,FFZ,AZ,AWP,WE,Towers with Display (VFR),0,2,5,0,7,0,21,433,0,454,0,23,438,0,461,411,0,411,872
04/07/2003,FFZ,AZ,AWP,WE,Towers with Display (VFR),0,2,5,0,7,0,22,344,7,373,0,24,349,7,380,492,0,492,872
04/08/2003,FFZ,AZ,AWP,WE,Towers with Display (VFR),0,0,20,0,20,0,36,362,17,415,0,36,382,17,435,432,4,436,871
04/09/2003,FFZ,AZ,AWP,WE,Towers with Display (VFR),0,0,11,0,11,0,20,402,9,431,0,20,413,9,442,440,0,440,882
04/10/2003,FFZ,AZ,AWP,WE,Towers with Display (VFR),0,1,11,0,12,0,26,385,14,425,0,27,396,14,437,440,0,440,877
04/11/2003,FFZ,AZ,AWP,WE,Towers with Display (VFR),0,0,5,0,5,0,27,378,21,426,0,27,383,21,431,534,14,548,979
04/12/2003,FFZ,AZ,AWP,WE,Towers with Display (VFR),0,0,5,0,5,0,33,742,5,780,0,33,747,5,785,416,0,416,1201
04/13/2003,FFZ,AZ,AWP,WE,Towers with Display (VFR),0,0,1,0,1,0,23,369,0,392,0,23,370,0,393,188,0,188,581
04/14/2003,FFZ,AZ,AWP,WE,Towers with Display (VFR),0,0,11,0,11,0,35,282,26,343,0,35,293,26,354,338,0,338,692
04/15/2003,FFZ,AZ,AWP,WE,Towers with Display (VFR),0,0,7,0,7,0,28,315,18,361,0,28,322,18,368,434,0,434,802
04/16/2003,FFZ,AZ,AWP,WE,Towers with Display (VFR),0,0,7,0,7,0,42,391,16,449,0,42,398,16,456,578,0,578,1034
04/17/2003,FFZ,AZ,AWP,WE,Towers with Display (VFR),0,4,10,0,14,0,29,331,15,375,0,33,341,15,389,330,0,330,719
04/18/2003,FFZ,AZ,AWP,WE,Towers with Display (VFR),0,1,17,0,18,0,31,398,10,439,0,32,415,10,457,532,0,532,989
04/19/2003,FFZ,AZ,AWP,WE,Towers with Display (VFR),0,0,7,0,7,0,36,424,0,460,0,36,431,0,467,394,0,394,861
04/20/2003,FFZ,AZ,AWP,WE,Towers with Display (VFR),0,0,10,0,10,0,19,290,0,309,0,19,300,0,319,256,0,256,575
04/21/2003,FFZ,AZ,AWP,WE,Towers with Display (VFR),0,0,5,0,5,0,28,375,4,407,0,28,380,4,412,392,0,392,804
04/22/2003,FFZ,AZ,AWP,WE,Towers with Display (VFR),0,1,11,2,14,0,15,247,9,271,0,16,258,11,285,200,6,206,491
04/23/2003,FFZ,AZ,AWP,WE,Towers with Display (VFR),0,0,22,0,22,0,18,430,13,461,0,18,452,13,483,458,0,458,941
04/24/2003,FFZ,AZ,AWP,WE,Towers with Display (VFR),0,1,19,0,20,0,32,430,16,478,0,33,449,16,498,646,0,646,1144
04/25/2003,FFZ,AZ,AWP,WE,Towers with Display (VFR),0,0,13,0,13,0,33,389,9,431,0,33,402,9,444,460,0,460,904
04/26/2003,FFZ,AZ,AWP,WE,Towers with Display (VFR),0,0,5,0,5,0,31,515,0,546,0,31,520,0,551,424,0,424,975
04/27/2003,FFZ,AZ,AWP,WE,Towers with Display (VFR),0,0,6,2,8,0,23,435,2,460,0,23,441,4,468,442,0,442,910
04/28/2003,FFZ,AZ,AWP,WE,Towers with Display (VFR),0,0,8,0,8,0,26,300,1,327,0,26,308,1,335,438,0,438,773
04/29/2003,FFZ,AZ,AWP,WE,Towers with Display (VFR),0,0,20,0,20,0,19,314,18,351,0,19,334,18,371,412,12,424,795
04/30/2003,FFZ,AZ,AWP,WE,Towers with Display (VFR),0,0,10,0,10,0,25,437,11,473,0,25,447,11,483,728,0,728,1211
05/01/2003,FFZ,AZ,AWP,WE,Towers with Display (VFR),0,1,11,0,12,0,41,393,10,444,0,42,404,10,456,496,0,496,952
05/02/2003,FFZ,AZ,AWP,WE,Towers with Display (VFR),0,0,18,0,18,0,32,432,12,476,0,32,450,12,494,530,0,530,1024
05/03/2003,FFZ,AZ,AWP,WE,Towers with Display (VFR),0,3,8,0,11,0,27,369,0,396,0,30,377,0,407,389,0,389,796
05/04/2003,FFZ,AZ,AWP,WE,Towers with Display (VFR),0,2,10,0,12,0,7,434,5,446,0,9,444,5,458,250,0,250,708
05/05/2003,FFZ,AZ,AWP,WE,Towers with Display (VFR),0,2,12,0,14,0,11,360,12,383,0,13,372,12,397,532,8,540,937
05/06/2003,FFZ,AZ,AWP,WE,Towers with Display (VFR),0,0,9,0,9,0,12,390,16,418,0,12,399,16,427,466,0,466,893
05/07/2003,FFZ,AZ,AWP,WE,Towers with Display (VFR),0,1,6,0,7,0,30,348,18,396,0,31,354,18,403,466,0,466,869
05/08/2003,FFZ,AZ,AWP,WE,Towers with Display (VFR),0,0,18,0,18,0,38,383,18,439,0,38,401,18,457,536,0,536,993
05/09/2003,FFZ,AZ,AWP,WE,Towers with Display (VFR),0,0,16,0,16,0,13,338,28,379,0,13,354,28,395,401,0,401,796
05/10/2003,FFZ,AZ,AWP,WE,Towers with Display (VFR),0,0,8,0,8,0,19,520,0,539,0,19,528,0,547,370,0,370,917
05/11/2003,FFZ,AZ,AWP,WE,Towers with Display (VFR),0,0,5,0,5,0,16,383,0,399,0,16,388,0,404,264,0,264,668
05/12/2003,FFZ,AZ,AWP,WE,Towers with Display (VFR),0,1,12,0,13,0,19,348,20,387,0,20,360,20,400,365,0,365,765
05/13/2003,FFZ,AZ,AWP,WE,Towers with Display (VFR),0,1,30,0,31,0,24,384,6,414,0,25,414,6,445,580,0,580,1025
05/14/2003,FFZ,AZ,AWP,WE,Towers with Display (VFR),0,0,24,0,24,2,28,398,22,450,2,28,422,22,474,552,0,552,1026
05/15/2003,FFZ,AZ,AWP,WE,Towers with Display (VFR),1,0,14,0,15,1,43,376,20,440,2,43,390,20,455,466,25,491,946
05/16/2003,FFZ,AZ,AWP,WE,Towers with Display (VFR),0,0,13,0,13,0,26,342,4,372,0,26,355,4,385,254,0,254,639
05/17/2003,FFZ,AZ,AWP,WE,Towers with Display (VFR),0,0,18,0,18,0,23,380,8,411,0,23,398,8,429,366,0,366,795
05/18/2003,FFZ,AZ,AWP,WE,Towers with Display (VFR),0,1,8,0,9,0,29,339,0,368,0,30,347,0,377,316,0,316,693
05/19/2003,FFZ,AZ,AWP,WE,Towers with Display (VFR),0,0,14,0,14,0,38,265,6,309,0,38,279,6,323,364,28,392,715
05/20/2003,FFZ,AZ,AWP,WE,Towers with Display (VFR),0,0,15,0,15,0,29,383,9,421,0,29,398,9,436,404,14,418,854
05/21/2003,FFZ,AZ,AWP,WE,Towers with Display (VFR),0,0,17,0,17,0,30,358,10,398,0,30,375,10,415,442,14,456,871
05/22/2003,FFZ,AZ,AWP,WE,Towers with Display (VFR),0,4,30,4,38,0,13,414,21,448,0,17,444,25,486,574,0,574,1060
05/23/2003,FFZ,AZ,AWP,WE,Towers with Display (VFR),0,0,13,0,13,0,27,385,2,414,0,27,398,2,427,354,0,354,781
05/24/2003,FFZ,AZ,AWP,WE,Towers with Display (VFR),0,0,7,0,7,0,32,408,2,442,0,32,415,2,449,336,0,336,785
05/25/2003,FFZ,AZ,AWP,WE,Towers with Display (VFR),0,0,9,0,9,0,25,293,0,318,0,25,302,0,327,226,0,226,553
05/26/2003,FFZ,AZ,AWP,WE,Towers with Display (VFR),0,0,5,0,5,0,30,375,0,405,0,30,380,0,410,212,0,212,622
05/27/2003,FFZ,AZ,AWP,WE,Towers with Display (VFR),3,0,23,0,26,0,22,268,18,308,3,22,291,18,334,376,0,376,710
05/28/2003,FFZ,AZ,AWP,WE,Towers with Display (VFR),0,0,21,0,21,0,27,277,25,329,0,27,298,25,350,366,0,366,716
05/29/2003,FFZ,AZ,AWP,WE,Towers with Display (VFR),0,0,20,0,20,0,13,315,9,337,0,13,335,9,357,248,0,248,605
05/30/2003,FFZ,AZ,AWP,WE,Towers with Display (VFR),0,0,10,0,10,2,31,288,6,327,2,31,298,6,337,264,0,264,601
05/31/2003,FFZ,AZ,AWP,WE,Towers with Display (VFR),0,0,7,0,7,0,17,408,1,426,0,17,415,1,433,313,0,313,746
06/01/2003,FFZ,AZ,AWP,WE,Towers with Display (VFR),0,0,7,0,7,0,24,350,0,374,0,24,357,0,381,262,0,262,643
06/02/2003,FFZ,AZ,AWP,WE,Towers with Display (VFR),0,0,12,0,12,0,14,262,9,285,0,14,274,9,297,274,0,274,571
06/03/2003,FFZ,AZ,AWP,WE,Towers with Display (VFR),0,2,20,0,22,0,20,291,24,335,0,22,311,24,357,294,0,294,651
06/04/2003,FFZ,AZ,AWP,WE,Towers with Display (VFR),0,4,12,0,16,0,17,382,9,408,0,21,394,9,424,349,0,349,773
06/05/2003,FFZ,AZ,AWP,WE,Towers with Display (VFR),0,1,5,0,6,0,46,370,19,435,0,47,375,19,441,512,0,512,953
06/06/2003,FFZ,AZ,AWP,WE,Towers with Display (VFR),0,2,11,0,13,0,9,324,10,343,0,11,335,10,356,422,0,422,778
06/07/2003,FFZ,AZ,AWP,WE,Towers with Display (VFR),0,1,14,0,15,0,24,381,0,405,0,25,395,0,420,326,0,326,746
06/08/2003,FFZ,AZ,AWP,WE,Towers with Display (VFR),0,1,5,0,6,0,12,309,0,321,0,13,314,0,327,303,0,303,630
06/09/2003,FFZ,AZ,AWP,WE,Towers with Display (VFR),0,2,7,0,9,0,29,214,6,249,0,31,221,6,258,266,6,272,530
06/10/2003,FFZ,AZ,AWP,WE,Towers with Display (VFR),2,0,12,0,14,0,24,337,10,371,2,24,349,10,385,386,0,386,771
06/11/2003,FFZ,AZ,AWP,WE,Towers with Display (VFR),2,0,12,0,14,0,50,357,30,437,2,50,369,30,451,490,0,490,941
06/12/2003,FFZ,AZ,AWP,WE,Towers with Display (VFR),0,0,10,2,12,0,43,379,7,429,0,43,389,9,441,388,0,388,829
06/13/2003,FFZ,AZ,AWP,WE,Towers with Display (VFR),1,0,10,0,11,1,30,380,10,421,2,30,390,10,432,542,0,542,974
06/14/2003,FFZ,AZ,AWP,WE,Towers with Display (VFR),0,0,8,0,8,0,28,362,0,390,0,28,370,0,398,396,0,396,794
06/15/2003,FFZ,AZ,AWP,WE,Towers with Display (VFR),0,0,10,0,10,0,30,321,2,353,0,30,331,2,363,190,0,190,553
06/16/2003,FFZ,AZ,AWP,WE,Towers with Display (VFR),0,3,10,0,13,0,21,264,2,287,0,24,274,2,300,300,1,301,601
06/17/2003,FFZ,AZ,AWP,WE,Towers with Display (VFR),2,0,19,0,21,0,5,318,10,333,2,5,337,10,354,354,0,354,708
06/18/2003,FFZ,AZ,AWP,WE,Towers with Display (VFR),0,3,8,0,11,0,25,374,20,419,0,28,382,20,430,360,0,360,790
06/19/2003,FFZ,AZ,AWP,WE,Towers with Display (VFR),0,1,6,0,7,0,26,363,7,396,0,27,369,7,403,350,0,350,753
06/20/2003,FFZ,AZ,AWP,WE,Towers with Display (VFR),0,0,12,0,12,0,14,356,18,388,0,14,368,18,400,328,0,328,728
06/21/2003,FFZ,AZ,AWP,WE,Towers with Display (VFR),0,0,10,0,10,0,21,314,2,337,0,21,324,2,347,328,0,328,675
06/22/2003,FFZ,AZ,AWP,WE,Towers with Display (VFR),0,0,8,0,8,0,64,332,0,396,0,64,340,0,404,193,0,193,597
06/23/2003,FFZ,AZ,AWP,WE,Towers with Display (VFR),0,0,17,0,17,0,39,281,23,343,0,39,298,23,360,354,6,360,720
06/24/2003,FFZ,AZ,AWP,WE,Towers with Display (VFR),2,0,13,0,15,0,23,288,8,319,2,23,301,8,334,338,0,338,672
06/25/2003,FFZ,AZ,AWP,WE,Towers with Display (VFR),0,0,13,0,13,0,27,335,12,374,0,27,348,12,387,436,0,436,823
06/26/2003,FFZ,AZ,AWP,WE,Towers with Display (VFR),0,2,7,0,9,0,41,338,12,391,0,43,345,12,400,486,0,486,886
06/27/2003,FFZ,AZ,AWP,WE,Towers with Display (VFR),0,0,13,0,13,0,18,260,5,283,0,18,273,5,296,404,0,404,700
06/28/2003,FFZ,AZ,AWP,WE,Towers with Display (VFR),0,1,15,0,16,2,28,328,3,361,2,29,343,3,377,366,0,366,743
06/29/2003,FFZ,AZ,AWP,WE,Towers with Display (VFR),0,0,2,0,2,0,37,255,1,293,0,37,257,1,295,126,0,126,421
06/30/2003,FFZ,AZ,AWP,WE,Towers with Display (VFR),0,0,10,0,10,0,40,272,6,318,0,40,282,6,328,222,0,222,550
07/01/2003,FFZ,AZ,AWP,WE,Towers with Display (VFR),0,2,16,0,18,0,53,294,7,354,0,55,310,7,372,316,0,316,688
07/02/2003,FFZ,AZ,AWP,WE,Towers with Display (VFR),0,1,6,0,7,0,14,308,25,347,0,15,314,25,354,368,0,368,722
07/03/2003,FFZ,AZ,AWP,WE,Towers with Display (VFR),0,1,3,0,4,0,33,318,4,355,0,34,321,4,359,304,0,304,663
07/04/2003,FFZ,AZ,AWP,WE,Towers with Display (VFR),0,0,9,0,9,0,6,217,0,223,0,6,226,0,232,136,0,136,368
07/05/2003,FFZ,AZ,AWP,WE,Towers with Display (VFR),0,0,3,0,3,0,25,273,0,298,0,25,276,0,301,276,0,276,577
07/06/2003,FFZ,AZ,AWP,WE,Towers with Display (VFR),0,0,8,0,8,0,13,268,0,281,0,13,276,0,289,134,0,134,423
07/07/2003,FFZ,AZ,AWP,WE,Towers with Display (VFR),0,0,7,0,7,0,6,228,5,239,0,6,235,5,246,264,0,264,510
07/08/2003,FFZ,AZ,AWP,WE,Towers with Display (VFR),0,0,9,0,9,0,19,275,11,305,0,19,284,11,314,214,0,214,528
07/09/2003,FFZ,AZ,AWP,WE,Towers with Display (VFR),0,0,5,0,5,0,33,279,13,325,0,33,284,13,330,268,0,268,598
07/10/2003,FFZ,AZ,AWP,WE,Towers with Display (VFR),0,0,10,0,10,0,54,279,6,339,0,54,289,6,349,415,0,415,764
07/11/2003,FFZ,AZ,AWP,WE,Towers with Display (VFR),0,0,9,0,9,0,22,285,24,331,0,22,294,24,340,368,0,368,708
07/12/2003,FFZ,AZ,AWP,WE,Towers with Display (VFR),0,0,2,0,2,0,20,302,0,322,0,20,304,0,324,322,0,322,646
07/13/2003,FFZ,AZ,AWP,WE,Towers with Display (VFR),0,0,11,0,11,0,13,233,1,247,0,13,244,1,258,102,0,102,360
07/14/2003,FFZ,AZ,AWP,WE,Towers with Display (VFR),0,3,6,0,9,0,34,202,23,259,0,37,208,23,268,246,0,246,514
07/15/2003,FFZ,AZ,AWP,WE,Towers with Display (VFR),0,0,10,0,10,0,36,178,16,230,0,36,188,16,240,298,0,298,538
07/16/2003,FFZ,AZ,AWP,WE,Towers with Display (VFR),0,1,6,0,7,0,38,313,19,370,0,39,319,19,377,480,0,480,857
07/17/2003,FFZ,AZ,AWP,WE,Towers with Display (VFR),0,1,10,0,11,0,29,228,14,271,0,30,238,14,282,424,0,424,706
07/18/2003,FFZ,AZ,AWP,WE,Towers with Display (VFR),0,0,9,0,9,0,24,249,11,284,0,24,258,11,293,484,0,484,777
07/19/2003,FFZ,AZ,AWP,WE,Towers with Display (VFR),0,0,6,0,6,0,10,281,2,293,0,10,287,2,299,374,0,374,673
07/20/2003,FFZ,AZ,AWP,WE,Towers with Display (VFR),0,0,6,0,6,0,22,267,0,289,0,22,273,0,295,322,0,322,617
07/21/2003,FFZ,AZ,AWP,WE,Towers with Display (VFR),0,0,8,0,8,0,12,229,14,255,0,12,237,14,263,238,14,252,515
07/22/2003,FFZ,AZ,AWP,WE,Towers with Display (VFR),0,0,17,0,17,0,57,245,12,314,0,57,262,12,331,348,0,348,679
07/23/2003,FFZ,AZ,AWP,WE,Towers with Display (VFR),2,1,14,0,17,0,28,314,8,350,2,29,328,8,367,444,0,444,811
07/24/2003,FFZ,AZ,AWP,WE,Towers with Display (VFR),0,0,12,0,12,0,30,289,34,353,0,30,301,34,365,578,0,578,943
07/25/2003,FFZ,AZ,AWP,WE,Towers with Display (VFR),1,0,12,0,13,1,38,312,11,362,2,38,324,11,375,380,0,380,755
07/26/2003,FFZ,AZ,AWP,WE,Towers with Display (VFR),0,0,11,0,11,0,25,343,2,370,0,25,354,2,381,402,0,402,783
07/27/2003,FFZ,AZ,AWP,WE,Towers with Display (VFR),0,0,10,0,10,0,25,237,5,267,0,25,247,5,277,172,0,172,449
07/28/2003,FFZ,AZ,AWP,WE,Towers with Display (VFR),0,8,9,0,17,0,21,254,3,278,0,29,263,3,295,214,0,214,509
07/29/2003,FFZ,AZ,AWP,WE,Towers with Display (VFR),0,1,11,0,12,0,17,224,36,277,0,18,235,36,289,364,0,364,653
07/30/2003,FFZ,AZ,AWP,WE,Towers with Display (VFR),0,0,15,0,15,0,26,308,0,334,0,26,323,0,349,358,0,358,707
07/31/2003,FFZ,AZ,AWP,WE,Towers with Display (VFR),0,3,16,0,19,0,53,343,23,419,0,56,359,23,438,462,0,462,900
08/01/2003,FFZ,AZ,AWP,WE,Towers with Display (VFR),0,0,12,0,12,0,27,236,10,273,0,27,248,10,285,506,0,506,791
08/02/2003,FFZ,AZ,AWP,WE,Towers with Display (VFR),2,2,8,0,12,0,21,270,0,291,2,23,278,0,303,354,0,354,657
08/03/2003,FFZ,AZ,AWP,WE,Towers with Display (VFR),0,1,10,0,11,0,14,328,0,342,0,15,338,0,353,295,0,295,648
08/04/2003,FFZ,AZ,AWP,WE,Towers with Display (VFR),0,0,11,0,11,0,55,255,21,331,0,55,266,21,342,310,0,310,652
08/05/2003,FFZ,AZ,AWP,WE,Towers with Display (VFR),0,0,21,0,21,0,36,295,9,340,0,36,316,9,361,334,0,334,695
08/06/2003,FFZ,AZ,AWP,WE,Towers with Display (VFR),0,0,10,0,10,0,54,304,7,365,0,54,314,7,375,302,0,302,677
08/07/2003,FFZ,AZ,AWP,WE,Towers with Display (VFR),0,0,3,0,3,0,40,297,31,368,0,40,300,31,371,376,0,376,747
08/08/2003,FFZ,AZ,AWP,WE,Towers with Display (VFR),1,3,11,0,15,1,36,283,11,331,2,39,294,11,346,228,0,228,574
08/09/2003,FFZ,AZ,AWP,WE,Towers with Display (VFR),0,0,1,0,1,0,39,319,0,358,0,39,320,0,359,316,0,316,675
08/10/2003,FFZ,AZ,AWP,WE,Towers with Display (VFR),0,0,7,0,7,0,15,235,0,250,0,15,242,0,257,160,0,160,417
08/11/2003,FFZ,AZ,AWP,WE,Towers with Display (VFR),0,11,9,0,20,0,5,274,23,302,0,16,283,23,322,306,0,306,628
08/12/2003,FFZ,AZ,AWP,WE,Towers with Display (VFR),0,0,9,2,11,0,32,260,7,299,0,32,269,9,310,304,0,304,614
08/13/2003,FFZ,AZ,AWP,WE,Towers with Display (VFR),2,1,19,0,22,0,16,290,6,312,2,17,309,6,334,260,0,260,594
08/14/2003,FFZ,AZ,AWP,WE,Towers with Display (VFR),1,4,14,0,19,1,28,246,19,294,2,32,260,19,313,268,0,268,581
08/15/2003,FFZ,AZ,AWP,WE,Towers with Display (VFR),0,0,11,1,12,0,31,247,37,315,0,31,258,38,327,376,0,376,703
08/16/2003,FFZ,AZ,AWP,WE,Towers with Display (VFR),0,0,5,0,5,0,22,328,1,351,0,22,333,1,356,436,0,436,792
08/17/2003,FFZ,AZ,AWP,WE,Towers with Display (VFR),0,0,8,0,8,0,21,263,2,286,0,21,271,2,294,300,0,300,594
08/18/2003,FFZ,AZ,AWP,WE,Towers with Display (VFR),0,10,7,0,17,0,34,180,26,240,0,44,187,26,257,192,2,194,451
08/19/2003,FFZ,AZ,AWP,WE,Towers with Display (VFR),0,0,11,0,11,0,24,205,24,253,0,24,216,24,264,216,2,218,482
08/20/2003,FFZ,AZ,AWP,WE,Towers with Display (VFR),0,0,11,0,11,0,31,280,10,321,0,31,291,10,332,500,0,500,832
08/21/2003,FFZ,AZ,AWP,WE,Towers with Display (VFR),0,3,13,0,16,0,21,322,6,349,0,24,335,6,365,288,1,289,654
08/22/2003,FFZ,AZ,AWP,WE,Towers with Display (VFR),0,3,9,0,12,0,22,262,13,297,0,25,271,13,309,290,0,290,599
08/23/2003,FFZ,AZ,AWP,WE,Towers with Display (VFR),0,3,12,0,15,0,21,372,7,400,0,24,384,7,415,356,0,356,771
08/24/2003,FFZ,AZ,AWP,WE,Towers with Display (VFR),0,4,7,0,11,0,27,303,0,330,0,31,310,0,341,206,0,206,547
08/25/2003,FFZ,AZ,AWP,WE,Towers with Display (VFR),0,4,7,0,11,0,14,230,10,254,0,18,237,10,265,242,6,248,513
08/26/2003,FFZ,AZ,AWP,WE,Towers with Display (VFR),2,7,12,0,21,0,10,263,28,301,2,17,275,28,322,340,0,340,662
08/27/2003,FFZ,AZ,AWP,WE,Towers with Display (VFR),2,1,6,0,9,0,29,236,26,291,2,30,242,26,300,483,0,483,783
08/28/2003,FFZ,AZ,AWP,WE,Towers with Display (VFR),1,0,6,0,7,1,24,233,0,258,2,24,239,0,265,354,0,354,619
08/29/2003,FFZ,AZ,AWP,WE,Towers with Display (VFR),0,0,8,0,8,0,29,295,8,332,0,29,303,8,340,389,0,389,729
08/30/2003,FFZ,AZ,AWP,WE,Towers with Display (VFR),2,2,6,0,10,0,16,332,0,348,2,18,338,0,358,354,0,354,712
08/31/2003,FFZ,AZ,AWP,WE,Towers with Display (VFR),0,0,4,0,4,0,19,245,10,274,0,19,249,10,278,198,0,198,476
09/01/2003,FFZ,AZ,AWP,WE,Towers with Display (VFR),0,0,8,0,8,0,22,279,0,301,0,22,287,0,309,366,0,366,675
09/02/2003,FFZ,AZ,AWP,WE,Towers with Display (VFR),0,0,18,0,18,0,34,232,10,276,0,34,250,10,294,308,0,308,602
09/03/2003,FFZ,AZ,AWP,WE,Towers with Display (VFR),0,0,12,2,14,0,16,292,10,318,0,16,304,12,332,384,0,384,716
09/04/2003,FFZ,AZ,AWP,WE,Towers with Display (VFR),0,3,7,0,10,0,27,250,11,288,0,30,257,11,298,302,0,302,600
09/05/2003,FFZ,AZ,AWP,WE,Towers with Display (VFR),0,0,8,0,8,0,27,297,2,326,0,27,305,2,334,312,0,312,646
09/06/2003,FFZ,AZ,AWP,WE,Towers with Display (VFR),0,2,9,0,11,0,18,310,6,334,0,20,319,6,345,227,0,227,572
09/07/2003,FFZ,AZ,AWP,WE,Towers with Display (VFR),0,1,9,0,10,0,32,266,1,299,0,33,275,1,309,284,0,284,593
09/08/2003,FFZ,AZ,AWP,WE,Towers with Display (VFR),0,3,6,0,9,0,15,202,12,229,0,18,208,12,238,222,0,222,460
09/09/2003,FFZ,AZ,AWP,WE,Towers with Display (VFR),1,2,11,0,14,1,22,218,1,242,2,24,229,1,256,190,0,190,446
09/10/2003,FFZ,AZ,AWP,WE,Towers with Display (VFR),0,1,9,0,10,0,46,282,3,331,0,47,291,3,341,390,0,390,731
09/11/2003,FFZ,AZ,AWP,WE,Towers with Display (VFR),0,1,2,0,3,0,33,324,2,359,0,34,326,2,362,370,0,370,732
09/12/2003,FFZ,AZ,AWP,WE,Towers with Display (VFR),0,0,12,0,12,0,26,295,8,329,0,26,307,8,341,328,0,328,669
09/13/2003,FFZ,AZ,AWP,WE,Towers with Display (VFR),0,0,4,0,4,0,14,374,35,423,0,14,378,35,427,374,0,374,801
09/14/2003,FFZ,AZ,AWP,WE,Towers with Display (VFR),0,0,11,0,11,0,30,339,0,369,0,30,350,0,380,328,0,328,708
09/15/2003,FFZ,AZ,AWP,WE,Towers with Display (VFR),0,0,5,0,5,0,23,250,20,293,0,23,255,20,298,312,0,312,610
09/16/2003,FFZ,AZ,AWP,WE,Towers with Display (VFR),0,0,14,0,14,0,15,206,13,234,0,15,220,13,248,181,0,181,429
09/17/2003,FFZ,AZ,AWP,WE,Towers with Display (VFR),0,1,8,0,9,0,28,318,18,364,0,29,326,18,373,305,0,305,678
09/18/2003,FFZ,AZ,AWP,WE,Towers with Display (VFR),0,0,5,0,5,0,34,317,14,365,0,34,322,14,370,375,0,375,745
09/19/2003,FFZ,AZ,AWP,WE,Towers with Display (VFR),0,1,15,0,16,0,32,366,18,416,0,33,381,18,432,428,0,428,860
09/20/2003,FFZ,AZ,AWP,WE,Towers with Display (VFR),0,0,6,0,6,0,56,412,0,468,0,56,418,0,474,490,0,490,964
09/21/2003,FFZ,AZ,AWP,WE,Towers with Display (VFR),0,0,6,0,6,0,31,322,0,353,0,31,328,0,359,304,0,304,663
09/22/2003,FFZ,AZ,AWP,WE,Towers with Display (VFR),0,4,13,0,17,0,84,252,16,352,0,88,265,16,369,384,2,386,755
09/23/2003,FFZ,AZ,AWP,WE,Towers with Display (VFR),0,0,17,0,17,0,40,252,14,306,0,40,269,14,323,404,0,404,727
09/24/2003,FFZ,AZ,AWP,WE,Towers with Display (VFR),0,0,11,0,11,0,18,244,17,279,0,18,255,17,290,462,0,462,752
09/25/2003,FFZ,AZ,AWP,WE,Towers with Display (VFR),0,0,5,0,5,0,44,336,21,401,0,44,341,21,406,266,0,266,672
09/26/2003,FFZ,AZ,AWP,WE,Towers with Display (VFR),0,0,9,0,9,0,49,369,11,429,0,49,378,11,438,328,0,328,766
09/27/2003,FFZ,AZ,AWP,WE,Towers with Display (VFR),0,1,6,0,7,0,35,423,0,458,0,36,429,0,465,337,0,337,802
09/28/2003,FFZ,AZ,AWP,WE,Towers with Display (VFR),0,0,11,0,11,0,37,348,0,385,0,37,359,0,396,220,0,220,616
09/29/2003,FFZ,AZ,AWP,WE,Towers with Display (VFR),0,0,12,0,12,0,22,276,4,302,0,22,288,4,314,285,5,290,604
09/30/2003,FFZ,AZ,AWP,WE,Towers with Display (VFR),2,0,6,0,8,2,16,293,21,332,4,16,299,21,340,434,0,434,774
10/01/2003,FFZ,AZ,AWP,WE,Towers with Display (VFR),0,0,9,0,9,0,38,374,6,418,0,38,383,6,427,676,0,676,1103
10/02/2003,FFZ,AZ,AWP,WE,Towers with Display (VFR),0,0,10,0,10,0,28,311,19,358,0,28,321,19,368,420,0,420,788
10/03/2003,FFZ,AZ,AWP,WE,Towers with Display (VFR),0,0,16,0,16,0,42,286,16,344,0,42,302,16,360,284,0,284,644
10/04/2003,FFZ,AZ,AWP,WE,Towers with Display (VFR),0,0,6,0,6,0,14,356,0,370,0,14,362,0,376,226,0,226,602
10/05/2003,FFZ,AZ,AWP,WE,Towers with Display (VFR),0,0,3,0,3,0,27,372,0,399,0,27,375,0,402,390,0,390,792
10/06/2003,FFZ,AZ,AWP,WE,Towers with Display (VFR),0,0,5,0,5,0,13,267,19,299,0,13,272,19,304,244,10,254,558
10/07/2003,FFZ,AZ,AWP,WE,Towers with Display (VFR),0,0,12,0,12,0,29,279,17,325,0,29,291,17,337,364,0,364,701
10/08/2003,FFZ,AZ,AWP,WE,Towers with Display (VFR),0,1,9,0,10,0,19,307,22,348,0,20,316,22,358,514,0,514,872
10/09/2003,FFZ,AZ,AWP,WE,Towers with Display (VFR),0,1,8,0,9,0,18,279,10,307,0,19,287,10,316,266,0,266,582
10/10/2003,FFZ,AZ,AWP,WE,Towers with Display (VFR),0,1,20,0,21,0,28,241,7,276,0,29,261,7,297,242,0,242,539
10/11/2003,FFZ,AZ,AWP,WE,Towers with Display (VFR),0,1,3,0,4,0,20,376,0,396,0,21,379,0,400,334,0,334,734
10/12/2003,FFZ,AZ,AWP,WE,Towers with Display (VFR),0,1,9,0,10,0,32,322,0,354,0,33,331,0,364,300,0,300,664
10/13/2003,FFZ,AZ,AWP,WE,Towers with Display (VFR),0,1,9,0,10,0,23,319,11,353,0,24,328,11,363,300,0,300,663
10/14/2003,FFZ,AZ,AWP,WE,Towers with Display (VFR),0,1,9,0,10,0,27,335,12,374,0,28,344,12,384,536,0,536,920
10/15/2003,FFZ,AZ,AWP,WE,Towers with Display (VFR),0,1,8,0,9,0,18,323,20,361,0,19,331,20,370,402,10,412,782
10/16/2003,FFZ,AZ,AWP,WE,Towers with Display (VFR),0,1,18,0,19,0,36,371,13,420,0,37,389,13,439,462,0,462,901
10/17/2003,FFZ,AZ,AWP,WE,Towers with Display (VFR),0,1,10,0,11,0,18,352,9,379,0,19,362,9,390,370,0,370,760
10/18/2003,FFZ,AZ,AWP,WE,Towers with Display (VFR),0,1,6,0,7,2,10,373,0,385,2,11,379,0,392,238,2,240,632
10/19/2003,FFZ,AZ,AWP,WE,Towers with Display (VFR),0,1,7,0,8,0,27,323,0,350,0,28,330,0,358,287,0,287,645
10/20/2003,FFZ,AZ,AWP,WE,Towers with Display (VFR),0,0,4,1,5,0,25,296,9,330,0,25,300,10,335,328,0,328,663
10/21/2003,FFZ,AZ,AWP,WE,Towers with Display (VFR),0,0,16,0,16,2,44,313,21,380,2,44,329,21,396,350,4,354,750
10/22/2003,FFZ,AZ,AWP,WE,Towers with Display (VFR),0,0,10,0,10,0,35,335,22,392,0,35,345,22,402,418,2,420,822
10/23/2003,FFZ,AZ,AWP,WE,Towers with Display (VFR),0,0,11,0,11,0,65,409,22,496,0,65,420,22,507,432,2,434,941
10/24/2003,FFZ,AZ,AWP,WE,Towers with Display (VFR),0,0,12,0,12,2,45,382,31,460,2,45,394,31,472,364,0,364,836
10/25/2003,FFZ,AZ,AWP,WE,Towers with Display (VFR),0,0,9,0,9,0,31,422,0,453,0,31,431,0,462,346,0,346,808
10/26/2003,FFZ,AZ,AWP,WE,Towers with Display (VFR),0,0,2,0,2,0,28,341,1,370,0,28,343,1,372,182,0,182,554
10/27/2003,FFZ,AZ,AWP,WE,Towers with Display (VFR),0,0,8,0,8,0,19,288,14,321,0,19,296,14,329,204,0,204,533
10/28/2003,FFZ,AZ,AWP,WE,Towers with Display (VFR),0,0,17,0,17,4,24,409,21,458,4,24,426,21,475,714,18,732,1207
10/29/2003,FFZ,AZ,AWP,WE,Towers with Display (VFR),0,0,15,0,15,0,35,421,8,464,0,35,436,8,479,430,0,430,909
10/30/2003,FFZ,AZ,AWP,WE,Towers with Display (VFR),0,0,14,0,14,0,33,259,1,293,0,33,273,1,307,298,0,298,605
10/31/2003,FFZ,AZ,AWP,WE,Towers with Display (VFR),0,0,11,0,11,0,24,289,6,319,0,24,300,6,330,312,0,312,642
11/01/2003,FFZ,AZ,AWP,WE,Towers with Display (VFR),0,1,9,0,10,0,31,370,7,408,0,32,379,7,418,434,0,434,852
11/02/2003,FFZ,AZ,AWP,WE,Towers with Display (VFR),0,3,8,0,11,0,6,283,0,289,0,9,291,0,300,166,0,166,466
11/03/2003,FFZ,AZ,AWP,WE,Towers with Display (VFR),0,3,13,0,16,0,9,333,7,349,0,12,346,7,365,472,0,472,837
11/04/2003,FFZ,AZ,AWP,WE,Towers with Display (VFR),0,4,17,0,21,0,1,372,15,388,0,5,389,15,409,458,5,463,872
11/05/2003,FFZ,AZ,AWP,WE,Towers with Display (VFR),0,4,21,0,25,0,38,421,9,468,0,42,442,9,493,444,0,444,937
11/06/2003,FFZ,AZ,AWP,WE,Towers with Display (VFR),0,3,12,0,15,0,36,418,20,474,0,39,430,20,489,554,2,556,1045
11/07/2003,FFZ,AZ,AWP,WE,Towers with Display (VFR),0,2,10,0,12,0,38,413,13,464,0,40,423,13,476,508,0,508,984
11/08/2003,FFZ,AZ,AWP,WE,Towers with Display (VFR),0,1,7,0,8,1,17,686,4,708,1,18,693,4,716,328,0,328,1044
11/09/2003,FFZ,AZ,AWP,WE,Towers with Display (VFR),0,2,10,0,12,0,24,539,0,563,0,26,549,0,575,142,0,142,717
11/10/2003,FFZ,AZ,AWP,WE,Towers with Display (VFR),0,1,12,1,14,0,28,288,5,321,0,29,300,6,335,398,0,398,733
11/11/2003,FFZ,AZ,AWP,WE,Towers with Display (VFR),0,1,10,0,11,0,25,407,10,442,0,26,417,10,453,258,0,258,711
11/12/2003,FFZ,AZ,AWP,WE,Towers with Display (VFR),0,1,9,0,10,0,22,148,8,178,0,23,157,8,188,154,0,154,342
11/13/2003,FFZ,AZ,AWP,WE,Towers with Display (VFR),0,2,17,0,19,0,22,344,36,402,0,24,361,36,421,469,6,475,896
11/14/2003,FFZ,AZ,AWP,WE,Towers with Display (VFR),0,1,14,0,15,0,52,495,49,596,0,53,509,49,611,510,0,510,1121
11/15/2003,FFZ,AZ,AWP,WE,Towers with Display (VFR),0,1,13,0,14,0,31,716,1,748,0,32,729,1,762,359,0,359,1121
11/16/2003,FFZ,AZ,AWP,WE,Towers with Display (VFR),0,0,8,0,8,0,21,371,0,392,0,21,379,0,400,352,0,352,752
11/17/2003,FFZ,AZ,AWP,WE,Towers with Display (VFR),0,1,9,0,10,0,8,359,27,394,0,9,368,27,404,297,0,297,701
11/18/2003,FFZ,AZ,AWP,WE,Towers with Display (VFR),0,1,10,0,11,0,27,369,49,445,0,28,379,49,456,318,0,318,774
11/19/2003,FFZ,AZ,AWP,WE,Towers with Display (VFR),0,0,9,0,9,0,33,413,19,465,0,33,422,19,474,516,0,516,990
11/20/2003,FFZ,AZ,AWP,WE,Towers with Display (VFR),0,2,17,0,19,0,31,421,24,476,0,33,438,24,495,412,0,412,907
11/21/2003,FFZ,AZ,AWP,WE,Towers with Display (VFR),0,3,24,0,27,0,28,406,12,446,0,31,430,12,473,396,0,396,869
11/22/2003,FFZ,AZ,AWP,WE,Towers with Display (VFR),0,1,11,0,12,0,15,224,3,242,0,16,235,3,254,218,0,218,472
11/23/2003,FFZ,AZ,AWP,WE,Towers with Display (VFR),0,1,12,0,13,0,7,323,6,336,0,8,335,6,349,322,0,322,671
11/24/2003,FFZ,AZ,AWP,WE,Towers with Display (VFR),0,2,19,0,21,0,29,361,7,397,0,31,380,7,418,434,0,434,852
11/25/2003,FFZ,AZ,AWP,WE,Towers with Display (VFR),0,1,15,0,16,0,24,205,13,242,0,25,220,13,258,294,0,294,552
11/26/2003,FFZ,AZ,AWP,WE,Towers with Display (VFR),0,2,19,0,21,0,24,481,22,527,0,26,500,22,548,592,0,592,1140
11/27/2003,FFZ,AZ,AWP,WE,Towers with Display (VFR),0,0,6,0,6,0,29,248,0,277,0,29,254,0,283,150,0,150,433
11/28/2003,FFZ,AZ,AWP,WE,Towers with Display (VFR),0,0,7,0,7,0,36,367,0,403,0,36,374,0,410,330,0,330,740
11/29/2003,FFZ,AZ,AWP,WE,Towers with Display (VFR),0,0,7,0,7,0,28,496,0,524,0,28,503,0,531,378,0,378,909
11/30/2003,FFZ,AZ,AWP,WE,Towers with Display (VFR),0,2,24,0,26,0,21,431,0,452,0,23,455,0,478,268,0,268,746
12/01/2003,FFZ,AZ,AWP,WE,Towers with Display (VFR),0,1,9,0,10,0,11,348,21,380,0,12,357,21,390,544,0,544,934
12/02/2003,FFZ,AZ,AWP,WE,Towers with Display (VFR),0,2,5,0,7,0,17,342,12,371,0,19,347,12,378,476,0,476,854
12/03/2003,FFZ,AZ,AWP,WE,Towers with Display (VFR),1,5,18,0,24,1,24,430,24,479,2,29,448,24,503,372,0,372,875
12/04/2003,FFZ,AZ,AWP,WE,Towers with Display (VFR),0,4,16,0,20,0,48,425,13,486,0,52,441,13,506,548,4,552,1058
12/05/2003,FFZ,AZ,AWP,WE,Towers with Display (VFR),0,2,8,0,10,0,45,435,26,506,0,47,443,26,516,542,0,542,1058
12/06/2003,FFZ,AZ,AWP,WE,Towers with Display (VFR),0,2,7,0,9,0,33,501,0,534,0,35,508,0,543,412,0,412,955
12/07/2003,FFZ,AZ,AWP,WE,Towers with Display (VFR),0,2,7,0,9,0,34,396,2,432,0,36,403,2,441,322,0,322,763
12/08/2003,FFZ,AZ,AWP,WE,Towers with Display (VFR),0,3,11,0,14,0,16,317,14,347,0,19,328,14,361,466,0,466,827
12/09/2003,FFZ,AZ,AWP,WE,Towers with Display (VFR),0,3,14,1,18,0,10,400,10,420,0,13,414,11,438,494,0,494,932
12/10/2003,FFZ,AZ,AWP,WE,Towers with Display (VFR),0,4,19,1,24,0,21,412,11,444,0,25,431,12,468,586,0,586,1054
12/11/2003,FFZ,AZ,AWP,WE,Towers with Display (VFR),0,1,9,0,10,0,11,337,12,360,0,12,346,12,370,574,0,574,944
12/12/2003,FFZ,AZ,AWP,WE,Towers with Display (VFR),0,1,10,0,11,0,37,381,7,425,0,38,391,7,436,608,0,608,1044
12/13/2003,FFZ,AZ,AWP,WE,Towers with Display (VFR),0,1,7,0,8,2,29,403,0,434,2,30,410,0,442,394,0,394,836
12/14/2003,FFZ,AZ,AWP,WE,Towers with Display (VFR),0,0,4,0,4,0,26,376,0,402,0,26,380,0,406,322,0,322,728
12/15/2003,FFZ,AZ,AWP,WE,Towers with Display (VFR),0,1,10,0,11,0,40,276,13,329,0,41,286,13,340,310,6,316,656
12/16/2003,FFZ,AZ,AWP,WE,Towers with Display (VFR),0,3,16,0,19,0,31,284,18,333,0,34,300,18,352,486,10,496,848
12/17/2003,FFZ,AZ,AWP,WE,Towers with Display (VFR),0,4,21,0,25,0,27,430,22,479,0,31,451,22,504,736,26,762,1266
12/18/2003,FFZ,AZ,AWP,WE,Towers with Display (VFR),0,2,14,0,16,0,26,377,19,422,0,28,391,19,438,470,2,472,910
12/19/2003,FFZ,AZ,AWP,WE,Towers with Display (VFR),0,2,13,0,15,0,23,356,26,405,0,25,369,26,420,430,0,430,850
12/20/2003,FFZ,AZ,AWP,WE,Towers with Display (VFR),0,1,8,0,9,0,15,428,0,443,0,16,436,0,452,222,0,222,674
12/21/2003,FFZ,AZ,AWP,WE,Towers with Display (VFR),0,1,8,0,9,0,8,336,0,344,0,9,344,0,353,309,0,309,662
12/22/2003,FFZ,AZ,AWP,WE,Towers with Display (VFR),0,1,10,0,11,0,33,354,0,387,0,34,364,0,398,344,0,344,742
12/23/2003,FFZ,AZ,AWP,WE,Towers with Display (VFR),0,3,16,0,19,0,34,391,5,430,0,37,407,5,449,312,0,312,761
12/24/2003,FFZ,AZ,AWP,WE,Towers with Display (VFR),0,1,6,0,7,0,45,360,0,405,0,46,366,0,412,340,0,340,752
12/25/2003,FFZ,AZ,AWP,WE,Towers with Display (VFR),0,0,0,0,0,0,20,128,0,148,0,20,128,0,148,40,0,40,188
12/26/2003,FFZ,AZ,AWP,WE,Towers with Display (VFR),0,2,12,0,14,0,7,274,0,281,0,9,286,0,295,190,0,190,485
12/27/2003,FFZ,AZ,AWP,WE,Towers with Display (VFR),0,2,15,0,17,0,28,441,1,470,0,30,456,1,487,320,0,320,807
12/28/2003,FFZ,AZ,AWP,WE,Towers with Display (VFR),0,2,12,0,14,0,23,349,0,372,0,25,361,0,386,194,0,194,580
12/29/2003,FFZ,AZ,AWP,WE,Towers with Display (VFR),0,2,14,0,16,0,34,394,0,428,0,36,408,0,444,457,0,457,901
12/30/2003,FFZ,AZ,AWP,WE,Towers with Display (VFR),0,3,17,0,20,0,21,292,2,315,0,24,309,2,335,500,0,500,835
12/31/2003,FFZ,AZ,AWP,WE,Towers with Display (VFR),0,2,11,0,13,0,37,351,0,388,0,39,362,0,401,508,0,508,909
01/01/2004,FFZ,AZ,AWP,WE,Towers with Display (VFR),0,0,10,0,10,0,29,247,0,276,0,29,257,0,286,124,0,124,410
01/02/2004,FFZ,AZ,AWP,WE,Towers with Display (VFR),0,4,14,1,19,0,16,438,1,455,0,20,452,2,474,458,0,458,932
01/03/2004,FFZ,AZ,AWP,WE,Towers with Display (VFR),0,3,19,0,22,0,11,284,0,295,0,14,303,0,317,212,0,212,529
01/04/2004,FFZ,AZ,AWP,WE,Towers with Display (VFR),0,1,6,0,7,0,30,382,0,412,0,31,388,0,419,322,0,322,741
01/05/2004,FFZ,AZ,AWP,WE,Towers with Display (VFR),0,2,13,1,16,0,21,291,3,315,0,23,304,4,331,452,0,452,783
01/06/2004,FFZ,AZ,AWP,WE,Towers with Display (VFR),0,3,16,1,20,0,43,385,23,451,0,46,401,24,471,408,0,408,879
01/07/2004,FFZ,AZ,AWP,WE,Towers with Display (VFR),0,3,18,1,22,0,15,375,6,396,0,18,393,7,418,434,0,434,852
01/08/2004,FFZ,AZ,AWP,WE,Towers with Display (VFR),0,2,15,1,18,0,40,406,10,456,0,42,421,11,474,534,0,534,1008
01/09/2004,FFZ,AZ,AWP,WE,Towers with Display (VFR),0,2,13,1,16,0,30,432,13,475,0,32,445,14,491,506,0,506,997
01/10/2004,FFZ,AZ,AWP,WE,Towers with Display (VFR),0,2,11,1,14,0,14,456,1,471,0,16,467,2,485,512,0,512,997
01/11/2004,FFZ,AZ,AWP,WE,Towers with Display (VFR),0,1,10,0,11,0,31,359,0,390,0,32,369,0,401,264,0,264,665
01/12/2004,FFZ,AZ,AWP,WE,Towers with Display (VFR),0,3,19,1,23,0,29,342,12,383,0,32,361,13,406,474,0,474,880
01/13/2004,FFZ,AZ,AWP,WE,Towers with Display (VFR),0,3,19,1,23,0,13,344,11,368,0,16,363,12,391,518,66,584,975
01/14/2004,FFZ,AZ,AWP,WE,Towers with Display (VFR),0,3,18,1,22,0,24,356,12,392,0,27,374,13,414,456,0,456,870
01/15/2004,FFZ,AZ,AWP,WE,Towers with Display (VFR),0,3,16,1,20,0,10,289,24,323,0,13,305,25,343,300,0,300,643
01/16/2004,FFZ,AZ,AWP,WE,Towers with Display (VFR),0,3,18,1,22,0,25,442,11,478,0,28,460,12,500,434,0,434,934
01/17/2004,FFZ,AZ,AWP,WE,Towers with Display (VFR),0,2,14,1,17,0,25,463,0,488,0,27,477,1,505,469,0,469,974
01/18/2004,FFZ,AZ,AWP,WE,Towers with Display (VFR),0,2,13,0,15,0,34,380,0,414,0,36,393,0,429,272,0,272,701
01/19/2004,FFZ,AZ,AWP,WE,Towers with Display (VFR),0,4,22,0,26,0,22,382,15,419,0,26,404,15,445,390,0,390,835
01/20/2004,FFZ,AZ,AWP,WE,Towers with Display (VFR),0,2,15,0,17,0,42,410,10,462,0,44,425,10,479,516,14,530,1009
01/21/2004,FFZ,AZ,AWP,WE,Towers with Display (VFR),0,2,14,0,16,0,8,118,9,135,0,10,132,9,151,240,0,240,391
01/22/2004,FFZ,AZ,AWP,WE,Towers with Display (VFR),0,2,11,0,13,0,10,236,10,256,0,12,247,10,269,358,0,358,627
01/23/2004,FFZ,AZ,AWP,WE,Towers with Display (VFR),0,1,9,0,10,0,40,351,10,401,0,41,360,10,411,728,0,728,1139
01/24/2004,FFZ,AZ,AWP,WE,Towers with Display (VFR),0,2,13,0,15,0,20,295,0,315,0,22,308,0,330,376,0,376,706
01/25/2004,FFZ,AZ,AWP,WE,Towers with Display (VFR),0,2,15,0,17,0,22,164,0,186,0,24,179,0,203,206,0,206,409
01/26/2004,FFZ,AZ,AWP,WE,Towers with Display (VFR),0,2,14,0,16,0,23,349,8,380,0,25,363,8,396,581,0,581,977
01/27/2004,FFZ,AZ,AWP,WE,Towers with Display (VFR),0,3,18,0,21,0,28,429,18,475,0,31,447,18,496,618,2,620,1116
01/28/2004,FFZ,AZ,AWP,WE,Towers with Display (VFR),0,3,17,0,20,0,42,352,9,403,0,45,369,9,423,714,0,714,1137
01/29/2004,FFZ,AZ,AWP,WE,Towers with Display (VFR),0,2,14,0,16,0,12,443,13,468,0,14,457,13,484,554,0,554,1038
01/30/2004,FFZ,AZ,AWP,WE,Towers with Display (VFR),0,2,13,0,15,0,36,478,13,527,0,38,491,13,542,510,0,510,1052
01/31/2004,FFZ,AZ,AWP,WE,Towers with Display (VFR),0,1,7,0,8,0,33,399,0,432,0,34,406,0,440,468,0,468,908
02/01/2004,FFZ,AZ,AWP,WE,Towers with Display (VFR),0,0,11,0,11,0,31,386,0,417,0,31,397,0,428,408,0,408,836
02/02/2004,FFZ,AZ,AWP,WE,Towers with Display (VFR),0,2,17,0,19,0,18,421,10,449,0,20,438,10,468,576,0,576,1044
02/03/2004,FFZ,AZ,AWP,WE,Towers with Display (VFR),0,3,13,0,16,0,15,199,7,221,0,18,212,7,237,510,0,510,747
02/04/2004,FFZ,AZ,AWP,WE,Towers with Display (VFR),0,3,18,0,21,0,26,340,18,384,0,29,358,18,405,506,4,510,915
02/05/2004,FFZ,AZ,AWP,WE,Towers with Display (VFR),0,3,14,0,17,0,8,395,29,432,0,11,409,29,449,438,0,438,887
02/06/2004,FFZ,AZ,AWP,WE,Towers with Display (VFR),0,3,15,0,18,0,22,504,16,542,0,25,519,16,560,596,4,600,1160
02/07/2004,FFZ,AZ,AWP,WE,Towers with Display (VFR),0,1,9,0,10,0,36,649,0,685,0,37,658,0,695,440,0,440,1135
02/08/2004,FFZ,AZ,AWP,WE,Towers with Display (VFR),0,1,10,0,11,0,26,409,2,437,0,27,419,2,448,334,0,334,782
02/09/2004,FFZ,AZ,AWP,WE,Towers with Display (VFR),0,0,10,1,11,0,41,432,8,481,0,41,442,9,492,532,0,532,1024
02/10/2004,FFZ,AZ,AWP,WE,Towers with Display (VFR),0,2,10,1,13,0,42,376,32,450,0,44,386,33,463,394,0,394,857
02/11/2004,FFZ,AZ,AWP,WE,Towers with Display (VFR),0,0,11,1,12,0,39,403,14,456,0,39,414,15,468,454,0,454,922
02/12/2004,FFZ,AZ,AWP,WE,Towers with Display (VFR),0,2,16,1,19,0,11,411,7,429,0,13,427,8,448,500,6,506,954
02/13/2004,FFZ,AZ,AWP,WE,Towers with Display (VFR),0,1,16,0,17,0,29,384,24,437,0,30,400,24,454,384,0,384,838
02/14/2004,FFZ,AZ,AWP,WE,Towers with Display (VFR),0,1,12,0,13,0,34,496,14,544,0,35,508,14,557,406,0,406,963
02/15/2004,FFZ,AZ,AWP,WE,Towers with Display (VFR),0,1,17,0,18,0,15,445,0,460,0,16,462,0,478,458,0,458,936
02/16/2004,FFZ,AZ,AWP,WE,Towers with Display (VFR),0,0,11,0,11,0,28,478,12,518,0,28,489,12,529,582,0,582,1111
02/17/2004,FFZ,AZ,AWP,WE,Towers with Display (VFR),0,1,12,0,13,0,34,445,20,499,0,35,457,20,512,566,14,580,1092
02/18/2004,FFZ,AZ,AWP,WE,Towers with Display (VFR),0,1,13,0,14,0,51,396,15,462,0,52,409,15,476,476,8,484,960
02/19/2004,FFZ,AZ,AWP,WE,Towers with Display (VFR),0,1,12,0,13,0,27,358,10,395,0,28,370,10,408,388,0,388,796
02/20/2004,FFZ,AZ,AWP,WE,Towers with Display (VFR),0,0,9,0,9,0,28,424,25,477,0,28,433,25,486,466,0,466,952
02/21/2004,FFZ,AZ,AWP,WE,Towers with Display (VFR),0,0,9,0,9,0,38,472,0,510,0,38,481,0,519,402,0,402,921
02/22/2004,FFZ,AZ,AWP,WE,Towers with Display (VFR),0,1,17,0,18,0,20,252,0,272,0,21,269,0,290,186,0,186,476
02/23/2004,FFZ,AZ,AWP,WE,Towers with Display (VFR),0,0,11,0,11,4,23,154,5,186,4,23,165,5,197,306,0,306,503
02/24/2004,FFZ,AZ,AWP,WE,Towers with Display (VFR),0,1,21,0,22,0,19,375,10,404,0,20,396,10,426,482,6,488,914
02/25/2004,FFZ,AZ,AWP,WE,Towers with Display (VFR),0,3,31,0,34,0,12,449,14,475,0,15,480,14,509,482,0,482,991
02/26/2004,FFZ,AZ,AWP,WE,Towers with Display (VFR),0,2,26,0,28,0,19,409,15,443,0,21,435,15,471,574,0,574,1045
02/27/2004,FFZ,AZ,AWP,WE,Towers with Display (VFR),0,2,21,0,23,2,24,320,5,351,2,26,341,5,374,398,8,406,780
02/28/2004,FFZ,AZ,AWP,WE,Towers with Display (VFR),0,1,19,0,20,0,40,485,0,525,0,41,504,0,545,470,0,470,1015
02/29/2004,FFZ,AZ,AWP,WE,Towers with Display (VFR),0,0,10,0,10,0,40,487,1,528,0,40,497,1,538,206,0,206,744
03/01/2004,FFZ,AZ,AWP,WE,Towers with Display (VFR),0,5,30,0,35,0,40,449,1,490,0,45,479,1,525,406,0,406,931
03/02/2004,FFZ,AZ,AWP,WE,Towers with Display (VFR),0,1,7,0,8,0,28,288,10,326,0,29,295,10,334,450,0,450,784
03/03/2004,FFZ,AZ,AWP,WE,Towers with Display (VFR),0,2,9,0,11,0,18,326,0,344,0,20,335,0,355,548,0,548,903
03/04/2004,FFZ,AZ,AWP,WE,Towers with Display (VFR),0,4,21,0,25,0,2,56,3,61,0,6,77,3,86,12,0,12,98
03/05/2004,FFZ,AZ,AWP,WE,Towers with Display (VFR),0,2,12,0,14,0,33,362,2,397,0,35,374,2,411,420,0,420,831
03/06/2004,FFZ,AZ,AWP,WE,Towers with Display (VFR),0,3,19,0,22,0,7,560,0,567,0,10,579,0,589,472,0,472,1061
03/07/2004,FFZ,AZ,AWP,WE,Towers with Display (VFR),0,2,11,0,13,0,27,460,3,490,0,29,471,3,503,312,0,312,815
03/08/2004,FFZ,AZ,AWP,WE,Towers with Display (VFR),0,3,17,0,20,0,21,420,26,467,0,24,437,26,487,594,0,594,1081
03/09/2004,FFZ,AZ,AWP,WE,Towers with Display (VFR),0,3,14,0,17,0,26,458,20,504,0,29,472,20,521,566,0,566,1087
03/10/2004,FFZ,AZ,AWP,WE,Towers with Display (VFR),0,3,17,0,20,0,26,406,24,456,0,29,423,24,476,398,0,398,874
03/11/2004,FFZ,AZ,AWP,WE,Towers with Display (VFR),0,3,17,0,20,0,18,323,16,357,0,21,340,16,377,352,0,352,729
03/12/2004,FFZ,AZ,AWP,WE,Towers with Display (VFR),0,2,13,0,15,0,24,437,16,477,0,26,450,16,492,416,0,416,908
03/13/2004,FFZ,AZ,AWP,WE,Towers with Display (VFR),0,3,14,0,17,0,19,312,0,331,0,22,326,0,348,290,0,290,638
03/14/2004,FFZ,AZ,AWP,WE,Towers with Display (VFR),0,2,8,0,10,0,14,467,0,481,0,16,475,0,491,256,0,256,747
03/15/2004,FFZ,AZ,AWP,WE,Towers with Display (VFR),0,1,12,1,14,0,20,310,10,340,0,21,322,11,354,339,0,339,693
03/16/2004,FFZ,AZ,AWP,WE,Towers with Display (VFR),0,2,14,1,17,0,27,471,17,515,0,29,485,18,532,374,0,374,906
03/17/2004,FFZ,AZ,AWP,WE,Towers with Display (VFR),0,2,14,1,17,0,19,414,27,460,0,21,428,28,477,426,0,426,903
03/18/2004,FFZ,AZ,AWP,WE,Towers with Display (VFR),0,2,18,1,21,0,35,376,14,425,0,37,394,15,446,436,0,436,882
03/19/2004,FFZ,AZ,AWP,WE,Towers with Display (VFR),0,2,18,1,21,0,8,427,15,450,0,10,445,16,471,404,0,404,875
03/20/2004,FFZ,AZ,AWP,WE,Towers with Display (VFR),0,2,20,0,22,0,45,511,24,580,0,47,531,24,602,403,0,403,1005
03/21/2004,FFZ,AZ,AWP,WE,Towers with Display (VFR),0,3,21,0,24,0,32,363,18,413,0,35,384,18,437,184,0,184,621
03/22/2004,FFZ,AZ,AWP,WE,Towers with Display (VFR),0,2,19,0,21,0,28,384,7,419,0,30,403,7,440,406,0,406,846
03/23/2004,FFZ,AZ,AWP,WE,Towers with Display (VFR),0,3,20,0,23,0,31,405,15,451,0,34,425,15,474,672,0,672,1146
03/24/2004,FFZ,AZ,AWP,WE,Towers with Display (VFR),0,3,20,0,23,0,13,400,18,431,0,16,420,18,454,376,0,376,830
03/25/2004,FFZ,AZ,AWP,WE,Towers with Display (VFR),0,2,18,0,20,0,22,418,10,450,0,24,436,10,470,464,10,474,944
03/26/2004,FFZ,AZ,AWP,WE,Towers with Display (VFR),0,2,18,0,20,0,23,316,12,351,0,25,334,12,371,244,0,244,615
03/27/2004,FFZ,AZ,AWP,WE,Towers with Display (VFR),0,1,13,0,14,0,48,458,3,509,0,49,471,3,523,302,0,302,825
03/28/2004,FFZ,AZ,AWP,WE,Towers with Display (VFR),0,2,17,0,19,0,34,339,0,373,0,36,356,0,392,190,0,190,582
03/29/2004,FFZ,AZ,AWP,WE,Towers with Display (VFR),0,1,13,0,14,0,36,309,18,363,0,37,322,18,377,414,0,414,791
03/30/2004,FFZ,AZ,AWP,WE,Towers with Display (VFR),0,1,14,0,15,0,58,343,13,414,0,59,357,13,429,502,6,508,937
03/31/2004,FFZ,AZ,AWP,WE,Towers with Display (VFR),0,2,16,0,18,0,22,312,8,342,0,24,328,8,360,412,10,422,782
04/01/2004,FFZ,AZ,AWP,WE,Towers with Display (VFR),0,1,13,0,14,0,17,312,26,355,0,18,325,26,369,372,0,372,741
04/02/2004,FFZ,AZ,AWP,WE,Towers with Display (VFR),1,3,16,0,20,11,35,79,6,131,12,38,95,6,151,46,0,46,197
04/03/2004,FFZ,AZ,AWP,WE,Towers with Display (VFR),0,2,14,0,16,0,28,319,0,347,0,30,333,0,363,308,0,308,671
04/04/2004,FFZ,AZ,AWP,WE,Towers with Display (VFR),0,0,9,0,9,0,25,313,0,338,0,25,322,0,347,346,0,346,693
04/05/2004,FFZ,AZ,AWP,WE,Towers with Display (VFR),0,4,25,0,29,0,25,322,20,367,0,29,347,20,396,570,0,570,966
04/06/2004,FFZ,AZ,AWP,WE,Towers with Display (VFR),0,2,13,0,15,0,18,422,16,456,0,20,435,16,471,376,6,382,853
04/07/2004,FFZ,AZ,AWP,WE,Towers with Display (VFR),0,3,18,0,21,0,26,422,9,457,0,29,440,9,478,402,0,402,880
04/08/2004,FFZ,AZ,AWP,WE,Towers with Display (VFR),0,3,20,0,23,1,37,501,6,545,1,40,521,6,568,446,0,446,1014
04/09/2004,FFZ,AZ,AWP,WE,Towers with Display (VFR),0,2,13,0,15,0,31,428,18,477,0,33,441,18,492,356,0,356,848
04/10/2004,FFZ,AZ,AWP,WE,Towers with Display (VFR),0,1,8,0,9,0,23,461,3,487,0,24,469,3,496,178,0,178,674
04/11/2004,FFZ,AZ,AWP,WE,Towers with Display (VFR),0,0,9,0,9,0,15,276,0,291,0,15,285,0,300,142,0,142,442
04/12/2004,FFZ,AZ,AWP,WE,Towers with Display (VFR),0,1,15,1,17,0,24,392,13,429,0,25,407,14,446,351,0,351,797
04/13/2004,FFZ,AZ,AWP,WE,Towers with Display (VFR),0,0,9,1,10,0,40,456,21,517,0,40,465,22,527,446,6,452,979
04/14/2004,FFZ,AZ,AWP,WE,Towers with Display (VFR),0,1,11,1,13,0,18,335,14,367,0,19,346,15,380,312,0,312,692
04/15/2004,FFZ,AZ,AWP,WE,Towers with Display (VFR),0,3,24,0,27,0,31,378,34,443,0,34,402,34,470,278,2,280,750
04/16/2004,FFZ,AZ,AWP,WE,Towers with Display (VFR),0,1,16,0,17,0,35,363,30,428,0,36,379,30,445,332,0,332,777
04/17/2004,FFZ,AZ,AWP,WE,Towers with Display (VFR),0,0,10,0,10,0,27,269,9,305,0,27,279,9,315,194,0,194,509
04/18/2004,FFZ,AZ,AWP,WE,Towers with Display (VFR),0,1,11,0,12,0,20,404,0,424,0,21,415,0,436,296,0,296,732
04/19/2004,FFZ,AZ,AWP,WE,Towers with Display (VFR),0,1,15,0,16,0,10,312,12,334,0,11,327,12,350,414,0,414,764
04/20/2004,FFZ,AZ,AWP,WE,Towers with Display (VFR),0,2,16,0,18,0,19,337,9,365,0,21,353,9,383,458,0,458,841
04/21/2004,FFZ,AZ,AWP,WE,Towers with Display (VFR),0,1,14,0,15,0,34,337,13,384,0,35,351,13,399,526,0,526,925
04/22/2004,FFZ,AZ,AWP,WE,Towers with Display (VFR),0,0,4,0,4,0,23,185,34,242,0,23,189,34,246,168,0,168,414
04/23/2004,FFZ,AZ,AWP,WE,Towers with Display (VFR),0,1,14,0,15,0,31,401,14,446,0,32,415,14,461,418,0,418,879
04/24/2004,FFZ,AZ,AWP,WE,Towers with Display (VFR),0,2,17,0,19,0,35,633,0,668,0,37,650,0,687,478,0,478,1165
04/25/2004,FFZ,AZ,AWP,WE,Towers with Display (VFR),0,1,16,0,17,0,36,380,0,416,0,37,396,0,433,178,0,178,611
04/26/2004,FFZ,AZ,AWP,WE,Towers with Display (VFR),0,1,12,0,13,4,24,369,13,410,4,25,381,13,423,244,0,244,667
04/27/2004,FFZ,AZ,AWP,WE,Towers with Display (VFR),0,1,15,0,16,0,39,422,28,489,0,40,437,28,505,534,0,534,1039
04/28/2004,FFZ,AZ,AWP,WE,Towers with Display (VFR),0,0,8,0,8,0,48,272,12,332,0,48,280,12,340,288,0,288,628
04/29/2004,FFZ,AZ,AWP,WE,Towers with Display (VFR),0,1,12,0,13,0,5,165,4,174,0,6,177,4,187,110,12,122,309
04/30/2004,FFZ,AZ,AWP,WE,Towers with Display (VFR),0,2,16,0,18,0,19,362,14,395,0,21,378,14,413,422,0,422,835
05/01/2004,FFZ,AZ,AWP,WE,Towers with Display (VFR),0,0,8,0,8,0,23,352,0,375,0,23,360,0,383,294,0,294,677
05/02/2004,FFZ,AZ,AWP,WE,Towers with Display (VFR),0,2,5,0,7,0,45,373,6,424,0,47,378,6,431,220,0,220,651
05/03/2004,FFZ,AZ,AWP,WE,Towers with Display (VFR),0,2,8,0,10,0,52,421,10,483,0,54,429,10,493,440,2,442,935
05/04/2004,FFZ,AZ,AWP,WE,Towers with Display (VFR),0,3,15,1,19,0,34,378,7,419,0,37,393,8,438,470,0,470,908
05/05/2004,FFZ,AZ,AWP,WE,Towers with Display (VFR),0,1,8,1,10,0,28,332,6,366,0,29,340,7,376,620,0,620,996
05/06/2004,FFZ,AZ,AWP,WE,Towers with Display (VFR),0,1,8,1,10,0,20,360,14,394,0,21,368,15,404,482,4,486,890
05/07/2004,FFZ,AZ,AWP,WE,Towers with Display (VFR),0,2,13,1,16,0,19,398,11,428,0,21,411,12,444,438,0,438,882
05/08/2004,FFZ,AZ,AWP,WE,Towers with Display (VFR),0,2,12,0,14,0,19,384,0,403,0,21,396,0,417,319,0,319,736
05/09/2004,FFZ,AZ,AWP,WE,Towers with Display (VFR),0,1,6,0,7,0,15,290,0,305,0,16,296,0,312,162,0,162,474
05/10/2004,FFZ,AZ,AWP,WE,Towers with Display (VFR),0,2,9,0,11,0,15,295,9,319,0,17,304,9,330,328,0,328,658
05/11/2004,FFZ,AZ,AWP,WE,Towers with Display (VFR),0,4,22,0,26,4,7,337,15,363,4,11,359,15,389,338,0,338,727
05/12/2004,FFZ,AZ,AWP,WE,Towers with Display (VFR),0,3,18,0,21,4,18,314,23,359,4,21,332,23,380,310,6,316,696
05/13/2004,FFZ,AZ,AWP,WE,Towers with Display (VFR),0,6,26,0,32,0,10,428,27,465,0,16,454,27,497,338,10,348,845
05/14/2004,FFZ,AZ,AWP,WE,Towers with Display (VFR),0,2,11,0,13,0,32,429,13,474,0,34,440,13,487,318,18,336,823
05/15/2004,FFZ,AZ,AWP,WE,Towers with Display (VFR),0,2,9,0,11,0,8,345,1,354,0,10,354,1,365,308,0,308,673
05/16/2004,FFZ,AZ,AWP,WE,Towers with Display (VFR),0,1,9,0,10,0,12,364,0,376,0,13,373,0,386,194,0,194,580
05/17/2004,FFZ,AZ,AWP,WE,Towers with Display (VFR),0,3,17,0,20,0,5,310,16,331,0,8,327,16,351,242,0,242,593
05/18/2004,FFZ,AZ,AWP,WE,Towers with Display (VFR),0,2,10,0,12,0,32,327,18,377,0,34,337,18,389,280,0,280,669
05/19/2004,FFZ,AZ,AWP,WE,Towers with Display (VFR),0,4,18,0,22,0,21,328,16,365,0,25,346,16,387,304,0,304,691
05/20/2004,FFZ,AZ,AWP,WE,Towers with Display (VFR),0,2,13,0,15,0,26,334,5,365,0,28,347,5,380,320,0,320,700
05/21/2004,FFZ,AZ,AWP,WE,Towers with Display (VFR),0,2,13,0,15,0,11,314,13,338,0,13,327,13,353,370,0,370,723
05/22/2004,FFZ,AZ,AWP,WE,Towers with Display (VFR),0,2,10,0,12,0,31,355,0,386,0,33,365,0,398,289,0,289,687
05/23/2004,FFZ,AZ,AWP,WE,Towers with Display (VFR),0,2,12,0,14,0,18,300,0,318,0,20,312,0,332,344,0,344,676
05/24/2004,FFZ,AZ,AWP,WE,Towers with Display (VFR),0,2,13,0,15,0,24,375,23,422,0,26,388,23,437,456,4,460,897
05/25/2004,FFZ,AZ,AWP,WE,Towers with Display (VFR),0,4,22,0,26,0,23,388,34,445,0,27,410,34,471,448,2,450,921
05/26/2004,FFZ,AZ,AWP,WE,Towers with Display (VFR),0,3,16,0,19,0,13,304,32,349,0,16,320,32,368,386,0,386,754
05/27/2004,FFZ,AZ,AWP,WE,Towers with Display (VFR),0,2,12,0,14,0,34,380,30,444,0,36,392,30,458,306,8,314,772
05/28/2004,FFZ,AZ,AWP,WE,Towers with Display (VFR),0,2,14,0,16,0,26,372,16,414,0,28,386,16,430,318,0,318,748
05/29/2004,FFZ,AZ,AWP,WE,Towers with Display (VFR),0,1,6,0,7,0,13,353,0,366,0,14,359,0,373,300,0,300,673
05/30/2004,FFZ,AZ,AWP,WE,Towers with Display (VFR),0,0,3,0,3,0,43,241,4,288,0,43,244,4,291,262,14,276,567
05/31/2004,FFZ,AZ,AWP,WE,Towers with Display (VFR),0,4,22,0,26,6,30,404,0,440,6,34,426,0,466,316,0,316,782
06/01/2004,FFZ,AZ,AWP,WE,Towers with Display (VFR),0,1,10,0,11,0,21,298,10,329,0,22,308,10,340,226,0,226,566
06/02/2004,FFZ,AZ,AWP,WE,Towers with Display (VFR),0,0,8,0,8,0,12,277,34,323,0,12,285,34,331,178,0,178,509
06/03/2004,FFZ,AZ,AWP,WE,Towers with Display (VFR),0,1,15,0,16,0,32,361,21,414,0,33,376,21,430,288,0,288,718
06/04/2004,FFZ,AZ,AWP,WE,Towers with Display (VFR),0,1,11,0,12,0,32,294,7,333,0,33,305,7,345,262,0,262,607
06/05/2004,FFZ,AZ,AWP,WE,Towers with Display (VFR),0,2,11,0,13,0,33,304,0,337,0,35,315,0,350,224,0,224,574
06/06/2004,FFZ,AZ,AWP,WE,Towers with Display (VFR),0,0,7,0,7,0,14,291,0,305,0,14,298,0,312,270,0,270,582
06/07/2004,FFZ,AZ,AWP,WE,Towers with Display (VFR),0,2,12,0,14,0,29,269,13,311,0,31,281,13,325,236,0,236,561
06/08/2004,FFZ,AZ,AWP,WE,Towers with Display (VFR),0,2,14,0,16,0,11,322,13,346,0,13,336,13,362,308,0,308,670
06/09/2004,FFZ,AZ,AWP,WE,Towers with Display (VFR),0,1,8,0,9,0,21,300,8,329,0,22,308,8,338,274,0,274,612
06/10/2004,FFZ,AZ,AWP,WE,Towers with Display (VFR),1,3,16,0,20,1,31,372,16,420,2,34,388,16,440,384,0,384,824
06/11/2004,FFZ,AZ,AWP,WE,Towers with Display (VFR),0,1,9,0,10,0,28,354,11,393,0,29,363,11,403,372,0,372,775
06/12/2004,FFZ,AZ,AWP,WE,Towers with Display (VFR),1,2,10,0,13,1,27,395,1,424,2,29,405,1,437,288,0,288,725
06/13/2004,FFZ,AZ,AWP,WE,Towers with Display (VFR),0,2,9,0,11,0,20,304,0,324,0,22,313,0,335,110,0,110,445
06/14/2004,FFZ,AZ,AWP,WE,Towers with Display (VFR),1,2,15,0,18,5,16,284,6,311,6,18,299,6,329,416,0,416,745
06/15/2004,FFZ,AZ,AWP,WE,Towers with Display (VFR),0,2,13,0,15,0,11,310,23,344,0,13,323,23,359,360,0,360,719
06/16/2004,FFZ,AZ,AWP,WE,Towers with Display (VFR),0,2,13,0,15,0,23,382,20,425,0,25,395,20,440,345,0,345,785
06/17/2004,FFZ,AZ,AWP,WE,Towers with Display (VFR),0,2,14,0,16,0,14,345,12,371,0,16,359,12,387,364,0,364,751
06/18/2004,FFZ,AZ,AWP,WE,Towers with Display (VFR),0,1,9,0,10,0,51,345,16,412,0,52,354,16,422,486,6,492,914
06/19/2004,FFZ,AZ,AWP,WE,Towers with Display (VFR),0,1,8,0,9,0,21,394,0,415,0,22,402,0,424,480,0,480,904
06/20/2004,FFZ,AZ,AWP,WE,Towers with Display (VFR),0,0,8,1,9,2,21,251,0,274,2,21,259,1,283,268,0,268,551
06/21/2004,FFZ,AZ,AWP,WE,Towers with Display (VFR),0,0,5,1,6,0,17,234,7,258,0,17,239,8,264,302,0,302,566
06/22/2004,FFZ,AZ,AWP,WE,Towers with Display (VFR),0,2,13,1,16,0,26,384,9,419,0,28,397,10,435,468,0,468,903
06/23/2004,FFZ,AZ,AWP,WE,Towers with Display (VFR),0,2,9,1,12,0,44,294,7,345,0,46,303,8,357,344,0,344,701
06/24/2004,FFZ,AZ,AWP,WE,Towers with Display (VFR),0,2,15,1,18,0,29,337,22,388,0,31,352,23,406,344,0,344,750
06/25/2004,FFZ,AZ,AWP,WE,Towers with Display (VFR),0,0,8,0,8,0,20,326,14,360,0,20,334,14,368,310,0,310,678
06/26/2004,FFZ,AZ,AWP,WE,Towers with Display (VFR),0,0,4,0,4,0,18,299,0,317,0,18,303,0,321,244,0,244,565
06/27/2004,FFZ,AZ,AWP,WE,Towers with Display (VFR),0,0,5,0,5,0,27,293,0,320,0,27,298,0,325,190,0,190,515
06/28/2004,FFZ,AZ,AWP,WE,Towers with Display (VFR),0,3,18,0,21,4,18,297,10,329,4,21,315,10,350,388,0,388,738
06/29/2004,FFZ,AZ,AWP,WE,Towers with Display (VFR),0,3,16,0,19,2,28,330,20,380,2,31,346,20,399,308,0,308,707
06/30/2004,FFZ,AZ,AWP,WE,Towers with Display (VFR),0,2,14,0,16,2,26,344,24,396,2,28,358,24,412,432,0,432,844
07/01/2004,FFZ,AZ,AWP,WE,Towers with Display (VFR),0,1,13,0,14,0,10,306,22,338,0,11,319,22,352,396,0,396,748
07/02/2004,FFZ,AZ,AWP,WE,Towers with Display (VFR),0,2,10,0,12,0,25,297,10,332,0,27,307,10,344,496,0,496,840
07/03/2004,FFZ,AZ,AWP,WE,Towers with Display (VFR),0,1,4,0,5,0,23,326,0,349,0,24,330,0,354,256,0,256,610
07/04/2004,FFZ,AZ,AWP,WE,Towers with Display (VFR),0,1,3,0,4,0,20,263,0,283,0,21,266,0,287,200,0,200,487
07/05/2004,FFZ,AZ,AWP,WE,Towers with Display (VFR),0,3,9,0,12,0,36,328,0,364,0,39,337,0,376,324,0,324,700
07/06/2004,FFZ,AZ,AWP,WE,Towers with Display (VFR),0,3,7,0,10,0,20,281,17,318,0,23,288,17,328,320,0,320,648
07/07/2004,FFZ,AZ,AWP,WE,Towers with Display (VFR),0,3,7,0,10,0,33,341,16,390,0,36,348,16,400,356,0,356,756
07/08/2004,FFZ,AZ,AWP,WE,Towers with Display (VFR),0,1,6,0,7,0,16,321,34,371,0,17,327,34,378,226,0,226,604
07/09/2004,FFZ,AZ,AWP,WE,Towers with Display (VFR),0,1,6,0,7,0,39,367,4,410,0,40,373,4,417,368,0,368,785
07/10/2004,FFZ,AZ,AWP,WE,Towers with Display (VFR),0,2,7,0,9,0,12,393,0,405,0,14,400,0,414,170,0,170,584
07/11/2004,FFZ,AZ,AWP,WE,Towers with Display (VFR),0,2,7,0,9,0,22,292,0,314,0,24,299,0,323,144,0,144,467
07/12/2004,FFZ,AZ,AWP,WE,Towers with Display (VFR),0,2,11,0,13,0,42,212,5,259,0,44,223,5,272,252,0,252,524
07/13/2004,FFZ,AZ,AWP,WE,Towers with Display (VFR),0,1,7,0,8,0,28,287,18,333,0,29,294,18,341,356,18,374,715
07/14/2004,FFZ,AZ,AWP,WE,Towers with Display (VFR),0,3,14,0,17,0,37,302,24,363,0,40,316,24,380,440,0,440,820
07/15/2004,FFZ,AZ,AWP,WE,Towers with Display (VFR),0,1,14,0,15,0,25,303,13,341,0,26,317,13,356,332,0,332,688
07/16/2004,FFZ,AZ,AWP,WE,Towers with Display (VFR),0,1,11,0,12,0,40,274,13,327,0,41,285,13,339,318,6,324,663
07/17/2004,FFZ,AZ,AWP,WE,Towers with Display (VFR),0,0,7,0,7,0,36,346,0,382,0,36,353,0,389,272,0,272,661
07/18/2004,FFZ,AZ,AWP,WE,Towers with Display (VFR),0,0,7,0,7,0,31,351,2,384,0,31,358,2,391,162,0,162,553
07/19/2004,FFZ,AZ,AWP,WE,Towers with Display (VFR),0,0,6,0,6,0,30,354,8,392,0,30,360,8,398,268,0,268,666
07/20/2004,FFZ,AZ,AWP,WE,Towers with Display (VFR),0,2,16,0,18,0,32,270,18,320,0,34,286,18,338,380,0,380,718
07/21/2004,FFZ,AZ,AWP,WE,Towers with Display (VFR),0,1,10,0,11,0,10,334,14,358,0,11,344,14,369,285,0,285,654
07/22/2004,FFZ,AZ,AWP,WE,Towers with Display (VFR),0,1,12,0,13,0,11,246,15,272,0,12,258,15,285,260,0,260,545
07/23/2004,FFZ,AZ,AWP,WE,Towers with Display (VFR),0,2,15,0,17,0,8,323,13,344,0,10,338,13,361,472,0,472,833
07/24/2004,FFZ,AZ,AWP,WE,Towers with Display (VFR),0,1,10,0,11,0,24,325,0,349,0,25,335,0,360,390,0,390,750
07/25/2004,FFZ,AZ,AWP,WE,Towers with Display (VFR),0,0,7,0,7,0,15,280,0,295,0,15,287,0,302,190,0,190,492
07/26/2004,FFZ,AZ,AWP,WE,Towers with Display (VFR),0,0,6,0,6,0,24,258,4,286,0,24,264,4,292,352,0,352,644
07/27/2004,FFZ,AZ,AWP,WE,Towers with Display (VFR),0,1,11,0,12,0,13,293,10,316,0,14,304,10,328,330,0,330,658
07/28/2004,FFZ,AZ,AWP,WE,Towers with Display (VFR),0,3,24,0,27,2,35,265,6,308,2,38,289,6,335,390,2,392,727
07/29/2004,FFZ,AZ,AWP,WE,Towers with Display (VFR),0,2,14,0,16,0,20,309,19,348,0,22,323,19,364,268,0,268,632
07/30/2004,FFZ,AZ,AWP,WE,Towers with Display (VFR),0,1,13,0,14,0,31,321,7,359,0,32,334,7,373,500,0,500,873
07/31/2004,FFZ,AZ,AWP,WE,Towers with Display (VFR),0,0,3,0,3,0,41,332,9,382,0,41,335,9,385,292,0,292,677
08/01/2004,FFZ,AZ,AWP,WE,Towers with Display (VFR),0,1,11,0,12,0,26,306,0,332,0,27,317,0,344,166,0,166,510
08/02/2004,FFZ,AZ,AWP,WE,Towers with Display (VFR),0,2,11,0,13,0,35,232,7,274,0,37,243,7,287,280,4,284,571
08/03/2004,FFZ,AZ,AWP,WE,Towers with Display (VFR),0,3,7,0,10,0,16,325,13,354,0,19,332,13,364,380,0,380,744
08/04/2004,FFZ,AZ,AWP,WE,Towers with Display (VFR),4,3,14,0,21,2,39,349,5,395,6,42,363,5,416,354,0,354,770
08/05/2004,FFZ,AZ,AWP,WE,Towers with Display (VFR),1,3,11,0,15,5,17,303,18,343,6,20,314,18,358,266,0,266,624
08/06/2004,FFZ,AZ,AWP,WE,Towers with Display (VFR),0,2,6,0,8,0,27,217,3,247,0,29,223,3,255,220,0,220,475
08/07/2004,FFZ,AZ,AWP,WE,Towers with Display (VFR),0,0,4,0,4,0,40,325,0,365,0,40,329,0,369,214,0,214,583
08/08/2004,FFZ,AZ,AWP,WE,Towers with Display (VFR),0,1,6,0,7,0,18,323,0,341,0,19,329,0,348,180,0,180,528
08/09/2004,FFZ,AZ,AWP,WE,Towers with Display (VFR),0,1,6,1,8,0,26,223,5,254,0,27,229,6,262,242,0,242,504
08/10/2004,FFZ,AZ,AWP,WE,Towers with Display (VFR),0,1,8,1,10,0,21,309,5,335,0,22,317,6,345,246,0,246,591
08/11/2004,FFZ,AZ,AWP,WE,Towers with Display (VFR),0,3,14,1,18,0,12,236,2,250,0,15,250,3,268,254,0,254,522
08/12/2004,FFZ,AZ,AWP,WE,Towers with Display (VFR),0,2,12,1,15,0,16,175,17,208,0,18,187,18,223,66,0,66,289
08/13/2004,FFZ,AZ,AWP,WE,Towers with Display (VFR),0,1,6,1,8,0,12,229,14,255,0,13,235,15,263,264,0,264,527
08/14/2004,FFZ,AZ,AWP,WE,Towers with Display (VFR),0,0,6,0,6,0,21,298,0,319,0,21,304,0,325,232,0,232,557
08/15/2004,FFZ,AZ,AWP,WE,Towers with Display (VFR),0,0,4,0,4,0,27,259,2,288,0,27,263,2,292,130,0,130,422
08/16/2004,FFZ,AZ,AWP,WE,Towers with Display (VFR),2,2,15,0,19,0,27,248,20,295,2,29,263,20,314,264,0,264,578
08/17/2004,FFZ,AZ,AWP,WE,Towers with Display (VFR),0,1,9,0,10,0,26,249,22,297,0,27,258,22,307,280,2,282,589
08/18/2004,FFZ,AZ,AWP,WE,Towers with Display (VFR),0,2,12,0,14,2,19,246,24,291,2,21,258,24,305,318,0,318,623
08/19/2004,FFZ,AZ,AWP,WE,Towers with Display (VFR),0,2,11,0,13,0,20,287,13,320,0,22,298,13,333,302,10,312,645
08/20/2004,FFZ,AZ,AWP,WE,Towers with Display (VFR),0,2,10,0,12,0,12,294,7,313,0,14,304,7,325,348,0,348,673
08/21/2004,FFZ,AZ,AWP,WE,Towers with Display (VFR),0,0,7,0,7,0,20,364,0,384,0,20,371,0,391,266,0,266,657
08/22/2004,FFZ,AZ,AWP,WE,Towers with Display (VFR),0,0,6,0,6,2,24,327,4,357,2,24,333,4,363,210,0,210,573
08/23/2004,FFZ,AZ,AWP,WE,Towers with Display (VFR),0,2,12,0,14,0,14,300,23,337,0,16,312,23,351,360,0,360,711
08/24/2004,FFZ,AZ,AWP,WE,Towers with Display (VFR),0,3,14,0,17,2,18,302,20,342,2,21,316,20,359,420,0,420,779
08/25/2004,FFZ,AZ,AWP,WE,Towers with Display (VFR),2,3,20,0,25,0,30,270,13,313,2,33,290,13,338,230,0,230,568
08/26/2004,FFZ,AZ,AWP,WE,Towers with Display (VFR),0,3,14,0,17,0,30,376,26,432,0,33,390,26,449,386,0,386,835
08/27/2004,FFZ,AZ,AWP,WE,Towers with Display (VFR),0,3,14,0,17,0,17,358,13,388,0,20,372,13,405,392,0,392,797
08/28/2004,FFZ,AZ,AWP,WE,Towers with Display (VFR),0,0,4,0,4,0,8,338,3,349,0,8,342,3,353,198,0,198,551
08/29/2004,FFZ,AZ,AWP,WE,Towers with Display (VFR),0,0,5,0,5,0,21,324,0,345,0,21,329,0,350,176,0,176,526
08/30/2004,FFZ,AZ,AWP,WE,Towers with Display (VFR),0,1,9,0,10,0,33,231,10,274,0,34,240,10,284,322,0,322,606
08/31/2004,FFZ,AZ,AWP,WE,Towers with Display (VFR),0,2,12,0,14,0,31,357,9,397,0,33,369,9,411,316,0,316,727
09/01/2004,FFZ,AZ,AWP,WE,Towers with Display (VFR),0,0,14,0,14,0,24,312,30,366,0,24,326,30,380,376,0,376,756
09/02/2004,FFZ,AZ,AWP,WE,Towers with Display (VFR),0,0,15,0,15,0,28,284,14,326,0,28,299,14,341,378,0,378,719
09/03/2004,FFZ,AZ,AWP,WE,Towers with Display (VFR),0,0,6,0,6,0,44,269,10,323,0,44,275,10,329,200,0,200,529
09/04/2004,FFZ,AZ,AWP,WE,Towers with Display (VFR),0,0,13,0,13,0,26,258,2,286,0,26,271,2,299,258,0,258,557
09/05/2004,FFZ,AZ,AWP,WE,Towers with Display (VFR),0,0,9,0,9,0,50,270,1,321,0,50,279,1,330,206,0,206,536
09/06/2004,FFZ,AZ,AWP,WE,Towers with Display (VFR),0,0,15,0,15,0,13,416,0,429,0,13,431,0,444,306,0,306,750
09/07/2004,FFZ,AZ,AWP,WE,Towers with Display (VFR),0,1,14,0,15,0,30,276,14,320,0,31,290,14,335,254,0,254,589
09/08/2004,FFZ,AZ,AWP,WE,Towers with Display (VFR),0,1,13,0,14,0,31,315,23,369,0,32,328,23,383,302,0,302,685
09/09/2004,FFZ,AZ,AWP,WE,Towers with Display (VFR),0,1,12,0,13,0,23,266,29,318,0,24,278,29,331,336,0,336,667
09/10/2004,FFZ,AZ,AWP,WE,Towers with Display (VFR),0,1,8,0,9,0,15,308,6,329,0,16,316,6,338,336,0,336,674
09/11/2004,FFZ,AZ,AWP,WE,Towers with Display (VFR),0,1,5,0,6,0,20,356,0,376,0,21,361,0,382,380,0,380,762
09/12/2004,FFZ,AZ,AWP,WE,Towers with Display (VFR),0,1,8,0,9,0,18,251,0,269,0,19,259,0,278,156,0,156,434
09/13/2004,FFZ,AZ,AWP,WE,Towers with Display (VFR),0,1,13,0,14,4,31,242,6,283,4,32,255,6,297,306,0,306,603
09/14/2004,FFZ,AZ,AWP,WE,Towers with Display (VFR),0,1,7,0,8,2,28,279,6,315,2,29,286,6,323,274,0,274,597
09/15/2004,FFZ,AZ,AWP,WE,Towers with Display (VFR),0,1,17,0,18,0,16,263,8,287,0,17,280,8,305,240,2,242,547
09/16/2004,FFZ,AZ,AWP,WE,Towers with Display (VFR),0,1,12,0,13,0,13,293,16,322,0,14,305,16,335,252,0,252,587
09/17/2004,FFZ,AZ,AWP,WE,Towers with Display (VFR),0,1,7,0,8,0,34,374,14,422,0,35,381,14,430,354,0,354,784
09/18/2004,FFZ,AZ,AWP,WE,Towers with Display (VFR),0,1,3,0,4,0,27,261,0,288,0,28,264,0,292,146,0,146,438
09/19/2004,FFZ,AZ,AWP,WE,Towers with Display (VFR),0,1,5,0,6,0,24,80,2,106,0,25,85,2,112,58,0,58,170
09/20/2004,FFZ,AZ,AWP,WE,Towers with Display (VFR),0,1,19,0,20,0,48,265,11,324,0,49,284,11,344,222,0,222,566
09/21/2004,FFZ,AZ,AWP,WE,Towers with Display (VFR),0,0,15,0,15,0,31,328,20,379,0,31,343,20,394,316,0,316,710
09/22/2004,FFZ,AZ,AWP,WE,Towers with Display (VFR),0,0,15,0,15,0,23,279,10,312,0,23,294,10,327,300,0,300,627
09/23/2004,FFZ,AZ,AWP,WE,Towers with Display (VFR),0,0,5,0,5,0,35,330,45,410,0,35,335,45,415,382,0,382,797
09/24/2004,FFZ,AZ,AWP,WE,Towers with Display (VFR),0,0,10,0,10,0,31,368,17,416,0,31,378,17,426,384,0,384,810
09/25/2004,FFZ,AZ,AWP,WE,Towers with Display (VFR),0,0,6,0,6,0,39,434,5,478,0,39,440,5,484,330,0,330,814
09/26/2004,FFZ,AZ,AWP,WE,Towers with Display (VFR),0,0,13,0,13,0,34,312,12,358,0,34,325,12,371,160,0,160,531
09/27/2004,FFZ,AZ,AWP,WE,Towers with Display (VFR),0,0,17,0,17,0,49,297,19,365,0,49,314,19,382,282,0,282,664
09/28/2004,FFZ,AZ,AWP,WE,Towers with Display (VFR),0,0,13,0,13,0,27,290,6,323,0,27,303,6,336,322,0,322,658
09/29/2004,FFZ,AZ,AWP,WE,Towers with Display (VFR),0,0,10,0,10,0,31,222,7,260,0,31,232,7,270,246,0,246,516
09/30/2004,FFZ,AZ,AWP,WE,Towers with Display (VFR),0,0,12,0,12,0,32,310,3,345,0,32,322,3,357,384,0,384,741
10/01/2004,FFZ,AZ,AWP,WE,Towers with Display (VFR),0,0,16,0,16,0,14,429,13,456,0,14,445,13,472,412,8,420,892
10/02/2004,FFZ,AZ,AWP,WE,Towers with Display (VFR),0,0,6,0,6,0,38,344,1,383,0,38,350,1,389,354,0,354,743
10/03/2004,FFZ,AZ,AWP,WE,Towers with Display (VFR),0,0,0,0,0,0,17,335,4,356,0,17,335,4,356,210,0,210,566
10/04/2004,FFZ,AZ,AWP,WE,Towers with Display (VFR),0,0,4,0,4,0,32,311,3,346,0,32,315,3,350,280,2,282,632
10/05/2004,FFZ,AZ,AWP,WE,Towers with Display (VFR),0,0,11,0,11,0,22,322,9,353,0,22,333,9,364,428,0,428,792
10/06/2004,FFZ,AZ,AWP,WE,Towers with Display (VFR),0,0,7,0,7,0,29,313,8,350,0,29,320,8,357,310,0,310,667
10/07/2004,FFZ,AZ,AWP,WE,Towers with Display (VFR),0,2,14,0,16,0,18,283,9,310,0,20,297,9,326,306,0,306,632
10/08/2004,FFZ,AZ,AWP,WE,Towers with Display (VFR),0,0,11,0,11,0,39,413,7,459,0,39,424,7,470,374,0,374,844
10/09/2004,FFZ,AZ,AWP,WE,Towers with Display (VFR),0,0,9,0,9,0,17,320,0,337,0,17,329,0,346,343,0,343,689
10/10/2004,FFZ,AZ,AWP,WE,Towers with Display (VFR),0,0,12,0,12,0,19,322,0,341,0,19,334,0,353,262,0,262,615
10/11/2004,FFZ,AZ,AWP,WE,Towers with Display (VFR),0,1,15,0,16,0,24,360,11,395,0,25,375,11,411,482,0,482,893
10/12/2004,FFZ,AZ,AWP,WE,Towers with Display (VFR),0,2,18,2,22,0,27,181,5,213,0,29,199,7,235,164,0,164,399
10/13/2004,FFZ,AZ,AWP,WE,Towers with Display (VFR),0,14,20,6,40,0,20,64,8,92,0,34,84,14,132,0,0,0,132
10/14/2004,FFZ,AZ,AWP,WE,Towers with Display (VFR),0,2,18,0,20,0,27,276,22,325,0,29,294,22,345,230,0,230,575
10/15/2004,FFZ,AZ,AWP,WE,Towers with Display (VFR),0,3,16,0,19,0,16,383,12,411,0,19,399,12,430,364,0,364,794
10/16/2004,FFZ,AZ,AWP,WE,Towers with Display (VFR),0,2,10,0,12,0,16,401,0,417,0,18,411,0,429,366,0,366,795
10/17/2004,FFZ,AZ,AWP,WE,Towers with Display (VFR),0,2,14,0,16,0,32,281,0,313,0,34,295,0,329,138,0,138,467
10/18/2004,FFZ,AZ,AWP,WE,Towers with Display (VFR),0,6,7,0,13,0,10,306,11,327,0,16,313,11,340,232,0,232,572
10/19/2004,FFZ,AZ,AWP,WE,Towers with Display (VFR),0,0,10,0,10,0,12,287,11,310,0,12,297,11,320,378,0,378,698
10/20/2004,FFZ,AZ,AWP,WE,Towers with Display (VFR),0,0,14,0,14,0,3,236,15,254,0,3,250,15,268,318,0,318,586
10/21/2004,FFZ,AZ,AWP,WE,Towers with Display (VFR),2,0,12,0,14,2,15,115,22,154,4,15,127,22,168,154,2,156,324
10/22/2004,FFZ,AZ,AWP,WE,Towers with Display (VFR),0,1,17,0,18,0,14,374,10,398,0,15,391,10,416,400,0,400,816
10/23/2004,FFZ,AZ,AWP,WE,Towers with Display (VFR),0,1,10,0,11,0,31,459,22,512,0,32,469,22,523,340,0,340,863
10/24/2004,FFZ,AZ,AWP,WE,Towers with Display (VFR),0,0,8,0,8,0,25,357,0,382,0,25,365,0,390,200,0,200,590
10/25/2004,FFZ,AZ,AWP,WE,Towers with Display (VFR),0,2,16,0,18,0,48,342,25,415,0,50,358,25,433,250,8,258,691
10/26/2004,FFZ,AZ,AWP,WE,Towers with Display (VFR),3,4,9,0,16,5,27,312,19,363,8,31,321,19,379,286,0,286,665
10/27/2004,FFZ,AZ,AWP,WE,Towers with Display (VFR),2,2,7,0,11,0,32,231,8,271,2,34,238,8,282,266,0,266,548
10/28/2004,FFZ,AZ,AWP,WE,Towers with Display (VFR),0,0,15,0,15,0,9,33,0,42,0,9,48,0,57,44,0,44,101
10/29/2004,FFZ,AZ,AWP,WE,Towers with Display (VFR),0,0,17,0,17,0,27,389,16,432,0,27,406,16,449,404,0,404,853
10/30/2004,FFZ,AZ,AWP,WE,Towers with Display (VFR),0,0,8,0,8,0,46,536,1,583,0,46,544,1,591,432,0,432,1023
10/31/2004,FFZ,AZ,AWP,WE,Towers with Display (VFR),0,0,11,0,11,0,18,353,0,371,0,18,364,0,382,210,0,210,592
11/01/2004,FFZ,AZ,AWP,WE,Towers with Radar,0,6,15,0,21,0,24,313,16,353,0,30,328,16,374,152,0,152,526
11/02/2004,FFZ,AZ,AWP,WE,Towers with Radar,0,2,11,0,13,0,23,311,10,344,0,25,322,10,357,404,0,404,761
11/03/2004,FFZ,AZ,AWP,WE,Towers with Radar,0,1,16,0,17,0,13,324,3,340,0,14,340,3,357,364,0,364,721
11/04/2004,FFZ,AZ,AWP,WE,Towers with Radar,0,2,17,0,19,0,10,362,9,381,0,12,379,9,400,350,0,350,750
11/05/2004,FFZ,AZ,AWP,WE,Towers with Radar,0,0,17,0,17,0,10,340,35,385,0,10,357,35,402,282,0,282,684
11/06/2004,FFZ,AZ,AWP,WE,Towers with Radar,0,1,5,0,6,0,22,363,3,388,0,23,368,3,394,148,2,150,544
11/07/2004,FFZ,AZ,AWP,WE,Towers with Radar,0,0,8,0,8,0,18,239,0,257,0,18,247,0,265,144,0,144,409
11/08/2004,FFZ,AZ,AWP,WE,Towers with Radar,0,1,18,0,19,0,5,204,16,225,0,6,222,16,244,262,0,262,506
11/09/2004,FFZ,AZ,AWP,WE,Towers with Radar,0,0,11,0,11,0,35,339,21,395,0,35,350,21,406,466,0,466,872
11/10/2004,FFZ,AZ,AWP,WE,Towers with Radar,0,2,15,0,17,0,20,378,16,414,0,22,393,16,431,376,4,380,811
11/11/2004,FFZ,AZ,AWP,WE,Towers with Radar,0,0,8,0,8,0,20,374,30,424,0,20,382,30,432,488,0,488,920
11/12/2004,FFZ,AZ,AWP,WE,Towers with Radar,0,2,14,0,16,0,18,318,3,339,0,20,332,3,355,316,0,316,671
11/13/2004,FFZ,AZ,AWP,WE,Towers with Radar,0,1,10,0,11,0,14,335,0,349,0,15,345,0,360,304,0,304,664
11/14/2004,FFZ,AZ,AWP,WE,Towers with Radar,0,0,9,0,9,0,21,211,0,232,0,21,220,0,241,174,0,174,415
11/15/2004,FFZ,AZ,AWP,WE,Towers with Radar,0,1,12,0,13,0,10,233,11,254,0,11,245,11,267,284,0,284,551
11/16/2004,FFZ,AZ,AWP,WE,Towers with Radar,0,1,19,0,20,0,12,391,30,433,0,13,410,30,453,466,4,470,923
11/17/2004,FFZ,AZ,AWP,WE,Towers with Radar,0,0,15,0,15,0,19,427,36,482,0,19,442,36,497,396,0,396,893
11/18/2004,FFZ,AZ,AWP,WE,Towers with Radar,0,0,21,1,22,0,16,374,22,412,0,16,395,23,434,642,0,642,1076
11/19/2004,FFZ,AZ,AWP,WE,Towers with Radar,0,2,19,0,21,0,16,403,32,451,0,18,422,32,472,492,0,492,964
11/20/2004,FFZ,AZ,AWP,WE,Towers with Radar,0,2,11,0,13,0,24,445,8,477,0,26,456,8,490,392,0,392,882
11/21/2004,FFZ,AZ,AWP,WE,Towers with Radar,0,2,8,0,10,0,6,132,1,139,0,8,140,1,149,102,0,102,251
11/22/2004,FFZ,AZ,AWP,WE,Towers with Radar,5,0,14,0,19,5,6,95,2,108,10,6,109,2,127,80,0,80,207
11/23/2004,FFZ,AZ,AWP,WE,Towers with Radar,0,0,13,0,13,0,21,260,33,314,0,21,273,33,327,288,0,288,615
11/24/2004,FFZ,AZ,AWP,WE,Towers with Radar,0,6,22,0,28,0,22,353,10,385,0,28,375,10,413,372,0,372,785
11/25/2004,FFZ,AZ,AWP,WE,Towers with Radar,0,0,7,0,7,0,12,209,0,221,0,12,216,0,228,74,0,74,302
11/26/2004,FFZ,AZ,AWP,WE,Towers with Radar,0,1,17,0,18,0,11,437,2,450,0,12,454,2,468,306,0,306,774
11/27/2004,FFZ,AZ,AWP,WE,Towers with Radar,0,0,6,0,6,0,34,391,0,425,0,34,397,0,431,324,0,324,755
11/28/2004,FFZ,AZ,AWP,WE,Towers with Radar,0,2,21,0,23,0,27,157,0,184,0,29,178,0,207,236,0,236,443
11/29/2004,FFZ,AZ,AWP,WE,Towers with Radar,0,1,10,0,11,0,21,276,7,304,0,22,286,7,315,376,0,376,691
11/30/2004,FFZ,AZ,AWP,WE,Towers with Radar,0,0,24,0,24,0,39,324,7,370,0,39,348,7,394,296,0,296,690
12/01/2004,FFZ,AZ,AWP,WE,Towers with Radar,0,2,13,0,15,0,12,331,12,355,0,14,344,12,370,282,0,282,652
12/02/2004,FFZ,AZ,AWP,WE,Towers with Radar,0,0,14,0,14,0,13,305,12,330,0,13,319,12,344,338,0,338,682
12/03/2004,FFZ,AZ,AWP,WE,Towers with Radar,0,0,19,0,19,0,16,372,18,406,0,16,391,18,425,410,0,410,835
12/04/2004,FFZ,AZ,AWP,WE,Towers with Radar,0,0,14,0,14,0,17,323,0,340,0,17,337,0,354,152,0,152,506
12/05/2004,FFZ,AZ,AWP,WE,Towers with Radar,0,0,8,2,10,0,9,176,0,185,0,9,184,2,195,182,0,182,377
12/06/2004,FFZ,AZ,AWP,WE,Towers with Radar,0,2,19,0,21,0,17,136,6,159,0,19,155,6,180,238,0,238,418
12/07/2004,FFZ,AZ,AWP,WE,Towers with Radar,0,0,18,0,18,0,26,362,17,405,0,26,380,17,423,578,0,578,1001
12/08/2004,FFZ,AZ,AWP,WE,Towers with Radar,4,0,21,0,25,0,14,350,14,378,4,14,371,14,403,410,0,410,813
12/09/2004,FFZ,AZ,AWP,WE,Towers with Radar,0,2,13,0,15,0,20,395,5,420,0,22,408,5,435,348,0,348,783
12/10/2004,FFZ,AZ,AWP,WE,Towers with Radar,0,4,15,0,19,0,18,328,10,356,0,22,343,10,375,404,0,404,779
12/11/2004,FFZ,AZ,AWP,WE,Towers with Radar,0,3,7,0,10,0,26,457,13,496,0,29,464,13,506,304,0,304,810
12/12/2004,FFZ,AZ,AWP,WE,Towers with Radar,0,0,10,0,10,0,34,434,3,471,0,34,444,3,481,286,0,286,767
12/13/2004,FFZ,AZ,AWP,WE,Towers with Radar,0,0,27,0,27,0,20,323,57,400,0,20,350,57,427,460,0,460,887
12/14/2004,FFZ,AZ,AWP,WE,Towers with Radar,0,0,18,0,18,0,38,389,23,450,0,38,407,23,468,336,0,336,804
12/15/2004,FFZ,AZ,AWP,WE,Towers with Radar,0,0,13,0,13,0,15,278,27,320,0,15,291,27,333,450,4,454,787
12/16/2004,FFZ,AZ,AWP,WE,Towers with Radar,0,2,20,0,22,0,13,312,17,342,0,15,332,17,364,236,0,236,600
12/17/2004,FFZ,AZ,AWP,WE,Towers with Radar,0,2,13,0,15,0,29,285,6,320,0,31,298,6,335,316,0,316,651
12/18/2004,FFZ,AZ,AWP,WE,Towers with Radar,0,0,8,0,8,0,6,355,0,361,0,6,363,0,369,294,0,294,663
12/19/2004,FFZ,AZ,AWP,WE,Towers with Radar,0,0,9,0,9,0,20,270,0,290,0,20,279,0,299,166,0,166,465
12/20/2004,FFZ,AZ,AWP,WE,Towers with Radar,0,0,8,0,8,0,31,320,8,359,0,31,328,8,367,236,0,236,603
12/21/2004,FFZ,AZ,AWP,WE,Towers with Radar,2,0,11,0,13,0,23,375,7,405,2,23,386,7,418,264,0,264,682
12/22/2004,FFZ,AZ,AWP,WE,Towers with Radar,2,3,16,0,21,0,33,340,8,381,2,36,356,8,402,340,0,340,742
12/23/2004,FFZ,AZ,AWP,WE,Towers with Radar,0,1,19,0,20,0,10,275,1,286,0,11,294,1,306,170,0,170,476
12/24/2004,FFZ,AZ,AWP,WE,Towers with Radar,0,0,10,0,10,0,26,261,0,287,0,26,271,0,297,296,0,296,593
12/25/2004,FFZ,AZ,AWP,WE,Towers with Radar,0,2,2,0,4,0,28,131,0,159,0,30,133,0,163,50,0,50,213
12/26/2004,FFZ,AZ,AWP,WE,Towers with Radar,0,0,15,0,15,0,19,355,0,374,0,19,370,0,389,214,0,214,603
12/27/2004,FFZ,AZ,AWP,WE,Towers with Radar,0,4,11,0,15,0,19,291,0,310,0,23,302,0,325,304,0,304,629
12/28/2004,FFZ,AZ,AWP,WE,Towers with Radar,0,2,12,0,14,0,23,237,0,260,0,25,249,0,274,232,0,232,506
12/29/2004,FFZ,AZ,AWP,WE,Towers with Radar,0,3,4,0,7,0,2,72,0,74,0,5,76,0,81,26,0,26,107
12/30/2004,FFZ,AZ,AWP,WE,Towers with Radar,0,0,12,0,12,0,16,291,3,310,0,16,303,3,322,310,0,310,632
12/31/2004,FFZ,AZ,AWP,WE,Towers with Radar,0,0,7,0,7,0,15,399,0,414,0,15,406,0,421,338,0,338,759
01/01/2005,FFZ,AZ,AWP,WE,Towers with Radar,0,1,10,0,11,0,8,349,0,357,0,9,359,0,368,200,0,200,568
01/02/2005,FFZ,AZ,AWP,WE,Towers with Radar,0,3,17,0,20,0,16,331,1,348,0,19,348,1,368,308,0,308,676
01/03/2005,FFZ,AZ,AWP,WE,Towers with Radar,0,1,8,0,9,0,3,93,0,96,0,4,101,0,105,112,0,112,217
01/04/2005,FFZ,AZ,AWP,WE,Towers with Radar,0,0,5,0,5,0,19,106,0,125,0,19,111,0,130,36,0,36,166
01/05/2005,FFZ,AZ,AWP,WE,Towers with Radar,0,5,16,0,21,0,19,345,6,370,0,24,361,6,391,460,0,460,851
01/06/2005,FFZ,AZ,AWP,WE,Towers with Radar,0,2,20,0,22,0,23,395,25,443,0,25,415,25,465,350,0,350,815
01/07/2005,FFZ,AZ,AWP,WE,Towers with Radar,0,0,12,0,12,0,11,229,7,247,0,11,241,7,259,276,0,276,535
01/08/2005,FFZ,AZ,AWP,WE,Towers with Radar,0,0,7,0,7,0,8,289,28,325,0,8,296,28,332,302,0,302,634
01/09/2005,FFZ,AZ,AWP,WE,Towers with Radar,0,0,5,0,5,0,11,316,0,327,0,11,321,0,332,236,0,236,568
01/10/2005,FFZ,AZ,AWP,WE,Towers with Radar,0,0,10,0,10,0,25,244,12,281,0,25,254,12,291,234,12,246,537
01/11/2005,FFZ,AZ,AWP,WE,Towers with Radar,6,0,19,0,25,0,14,179,11,204,6,14,198,11,229,104,2,106,335
01/12/2005,FFZ,AZ,AWP,WE,Towers with Radar,0,3,21,0,24,0,21,347,6,374,0,24,368,6,398,460,0,460,858
01/13/2005,FFZ,AZ,AWP,WE,Towers with Radar,0,3,20,0,23,0,10,381,6,397,0,13,401,6,420,452,0,452,872
01/14/2005,FFZ,AZ,AWP,WE,Towers with Radar,0,1,22,0,23,0,34,399,7,440,0,35,421,7,463,270,0,270,733
01/15/2005,FFZ,AZ,AWP,WE,Towers with Radar,0,0,14,0,14,0,42,488,14,544,0,42,502,14,558,424,0,424,982
01/16/2005,FFZ,AZ,AWP,WE,Towers with Radar,0,0,14,0,14,0,13,346,0,359,0,13,360,0,373,274,0,274,647
01/17/2005,FFZ,AZ,AWP,WE,Towers with Radar,0,1,12,0,13,0,33,322,26,381,0,34,334,26,394,396,0,396,790
01/18/2005,FFZ,AZ,AWP,WE,Towers with Radar,0,0,18,0,18,0,33,377,23,433,0,33,395,23,451,336,0,336,787
01/19/2005,FFZ,AZ,AWP,WE,Towers with Radar,0,0,21,0,21,0,41,359,27,427,0,41,380,27,448,332,8,340,788
01/20/2005,FFZ,AZ,AWP,WE,Towers with Radar,0,0,18,0,18,0,41,294,25,360,0,41,312,25,378,438,0,438,816
01/21/2005,FFZ,AZ,AWP,WE,Towers with Radar,0,0,11,0,11,0,20,339,11,370,0,20,350,11,381,420,0,420,801
01/22/2005,FFZ,AZ,AWP,WE,Towers with Radar,0,0,12,0,12,0,25,447,14,486,0,25,459,14,498,414,0,414,912
01/23/2005,FFZ,AZ,AWP,WE,Towers with Radar,0,0,16,0,16,0,38,393,0,431,0,38,409,0,447,282,0,282,729
01/24/2005,FFZ,AZ,AWP,WE,Towers with Radar,0,0,14,0,14,0,43,270,11,324,0,43,284,11,338,200,0,200,538
01/25/2005,FFZ,AZ,AWP,WE,Towers with Radar,0,1,16,0,17,0,20,358,15,393,0,21,374,15,410,378,0,378,788
01/26/2005,FFZ,AZ,AWP,WE,Towers with Radar,4,5,12,0,21,0,22,111,17,150,4,27,123,17,171,168,0,168,339
01/27/2005,FFZ,AZ,AWP,WE,Towers with Radar,0,2,24,0,26,0,16,151,4,171,0,18,175,4,197,320,0,320,517
01/28/2005,FFZ,AZ,AWP,WE,Towers with Radar,0,1,23,0,24,0,14,406,30,450,0,15,429,30,474,556,0,556,1030
01/29/2005,FFZ,AZ,AWP,WE,Towers with Radar,0,0,7,0,7,0,20,214,8,242,0,20,221,8,249,254,0,254,503
01/30/2005,FFZ,AZ,AWP,WE,Towers with Radar,0,0,16,0,16,0,10,366,1,377,0,10,382,1,393,232,0,232,625
01/31/2005,FFZ,AZ,AWP,WE,Towers with Radar,0,0,14,0,14,0,13,298,5,316,0,13,312,5,330,278,0,278,608
02/01/2005,FFZ,AZ,AWP,WE,Towers with Radar,0,0,20,1,21,0,29,303,4,336,0,29,323,5,357,348,4,352,709
02/02/2005,FFZ,AZ,AWP,WE,Towers with Radar,0,0,18,0,18,0,20,318,7,345,0,20,336,7,363,312,0,312,675
02/03/2005,FFZ,AZ,AWP,WE,Towers with Radar,0,1,21,0,22,0,19,306,15,340,0,20,327,15,362,388,0,388,750
02/04/2005,FFZ,AZ,AWP,WE,Towers with Radar,0,1,16,0,17,0,33,350,10,393,0,34,366,10,410,368,0,368,778
02/05/2005,FFZ,AZ,AWP,WE,Towers with Radar,0,0,8,0,8,0,10,497,4,511,0,10,505,4,519,338,0,338,857
02/06/2005,FFZ,AZ,AWP,WE,Towers with Radar,0,0,10,0,10,0,19,341,2,362,0,19,351,2,372,218,0,218,590
02/07/2005,FFZ,AZ,AWP,WE,Towers with Radar,0,2,11,0,13,0,40,290,3,333,0,42,301,3,346,288,0,288,634
02/08/2005,FFZ,AZ,AWP,WE,Towers with Radar,0,2,13,0,15,0,13,351,17,381,0,15,364,17,396,548,0,548,944
02/09/2005,FFZ,AZ,AWP,WE,Towers with Radar,0,3,12,1,16,0,27,433,28,488,0,30,445,29,504,386,0,386,890
02/10/2005,FFZ,AZ,AWP,WE,Towers with Radar,0,3,7,0,10,0,9,287,24,320,0,12,294,24,330,304,66,370,700
02/11/2005,FFZ,AZ,AWP,WE,Towers with Radar,0,1,9,0,10,0,8,86,5,99,0,9,95,5,109,198,18,216,325
02/12/2005,FFZ,AZ,AWP,WE,Towers with Radar,0,2,15,0,17,0,17,61,0,78,0,19,76,0,95,106,0,106,201
02/13/2005,FFZ,AZ,AWP,WE,Towers with Radar,0,0,13,0,13,0,19,370,0,389,0,19,383,0,402,270,0,270,672
02/14/2005,FFZ,AZ,AWP,WE,Towers with Radar,0,0,10,0,10,0,9,398,13,420,0,9,408,13,430,500,0,500,930
02/15/2005,FFZ,AZ,AWP,WE,Towers with Radar,0,2,19,0,21,0,32,335,9,376,0,34,354,9,397,332,6,338,735
02/16/2005,FFZ,AZ,AWP,WE,Towers with Radar,0,0,24,0,24,0,28,443,2,473,0,28,467,2,497,484,0,484,981
02/17/2005,FFZ,AZ,AWP,WE,Towers with Radar,0,2,11,0,13,0,12,387,16,415,0,14,398,16,428,454,0,454,882
02/18/2005,FFZ,AZ,AWP,WE,Towers with Radar,0,0,11,0,11,0,13,258,16,287,0,13,269,16,298,290,0,290,588
02/19/2005,FFZ,AZ,AWP,WE,Towers with Radar,0,1,13,0,14,0,26,94,13,133,0,27,107,13,147,142,0,142,289
02/20/2005,FFZ,AZ,AWP,WE,Towers with Radar,0,1,13,0,14,0,18,282,0,300,0,19,295,0,314,256,0,256,570
02/21/2005,FFZ,AZ,AWP,WE,Towers with Radar,0,1,20,0,21,0,20,336,0,356,0,21,356,0,377,378,0,378,755
02/22/2005,FFZ,AZ,AWP,WE,Towers with Radar,0,2,16,0,18,0,29,238,27,294,0,31,254,27,312,200,0,200,512
02/23/2005,FFZ,AZ,AWP,WE,Towers with Radar,0,3,9,0,12,0,33,335,23,391,0,36,344,23,403,500,0,500,903
02/24/2005,FFZ,AZ,AWP,WE,Towers with Radar,0,0,17,0,17,0,22,399,16,437,0,22,416,16,454,450,0,450,904
02/25/2005,FFZ,AZ,AWP,WE,Towers with Radar,0,1,11,0,12,0,18,421,14,453,0,19,432,14,465,484,0,484,949
02/26/2005,FFZ,AZ,AWP,WE,Towers with Radar,0,2,12,0,14,0,8,442,20,470,0,10,454,20,484,360,0,360,844
02/27/2005,FFZ,AZ,AWP,WE,Towers with Radar,0,0,22,0,22,0,22,415,2,439,0,22,437,2,461,358,0,358,819
02/28/2005,FFZ,AZ,AWP,WE,Towers with Radar,0,0,16,0,16,0,34,350,24,408,0,34,366,24,424,294,2,296,720
03/01/2005,FFZ,AZ,AWP,WE,Towers with Radar,2,0,10,0,12,0,27,396,6,429,2,27,406,6,441,406,12,418,859
03/02/2005,FFZ,AZ,AWP,WE,Towers with Radar,0,1,11,0,12,0,40,392,6,438,0,41,403,6,450,494,0,494,944
03/03/2005,FFZ,AZ,AWP,WE,Towers with Radar,0,0,26,0,26,0,19,418,20,457,0,19,444,20,483,410,0,410,893
03/04/2005,FFZ,AZ,AWP,WE,Towers with Radar,0,0,11,0,11,0,14,435,11,460,0,14,446,11,471,422,10,432,903
03/05/2005,FFZ,AZ,AWP,WE,Towers with Radar,0,0,7,0,7,0,3,311,16,330,0,3,318,16,337,184,0,184,521
03/06/2005,FFZ,AZ,AWP,WE,Towers with Radar,0,3,10,0,13,0,7,213,7,227,0,10,223,7,240,196,0,196,436
03/07/2005,FFZ,AZ,AWP,WE,Towers with Radar,0,0,20,2,22,0,32,363,29,424,0,32,383,31,446,600,24,624,1070
03/08/2005,FFZ,AZ,AWP,WE,Towers with Radar,0,2,15,0,17,0,18,471,16,505,0,20,486,16,522,386,8,394,916
03/09/2005,FFZ,AZ,AWP,WE,Towers with Radar,0,10,0,0,10,0,19,454,12,485,0,29,454,12,495,390,0,390,885
03/10/2005,FFZ,AZ,AWP,WE,Towers with Radar,0,0,22,0,22,0,21,406,11,438,0,21,428,11,460,596,0,596,1056
03/11/2005,FFZ,AZ,AWP,WE,Towers with Radar,0,1,21,0,22,0,20,467,14,501,0,21,488,14,523,434,0,434,957
03/12/2005,FFZ,AZ,AWP,WE,Towers with Radar,0,0,11,0,11,0,10,521,11,542,0,10,532,11,553,314,0,314,867
03/13/2005,FFZ,AZ,AWP,WE,Towers with Radar,0,0,11,0,11,0,18,421,1,440,0,18,432,1,451,374,0,374,825
03/14/2005,FFZ,AZ,AWP,WE,Towers with Radar,0,1,7,0,8,0,17,258,16,291,0,18,265,16,299,180,2,182,481
03/15/2005,FFZ,AZ,AWP,WE,Towers with Radar,0,2,21,0,23,0,10,286,10,306,0,12,307,10,329,218,0,218,547
03/16/2005,FFZ,AZ,AWP,WE,Towers with Radar,0,0,28,0,28,0,15,446,12,473,0,15,474,12,501,416,0,416,917
03/17/2005,FFZ,AZ,AWP,WE,Towers with Radar,0,1,30,0,31,0,17,438,19,474,0,18,468,19,505,454,0,454,959
03/18/2005,FFZ,AZ,AWP,WE,Towers with Radar,0,0,15,0,15,0,23,339,21,383,0,23,354,21,398,380,0,380,778
03/19/2005,FFZ,AZ,AWP,WE,Towers with Radar,0,0,19,0,19,0,18,284,12,314,0,18,303,12,333,254,0,254,587
03/20/2005,FFZ,AZ,AWP,WE,Towers with Radar,0,0,15,0,15,0,18,319,0,337,0,18,334,0,352,176,0,176,528
03/21/2005,FFZ,AZ,AWP,WE,Towers with Radar,0,2,29,0,31,0,30,361,18,409,0,32,390,18,440,318,0,318,758
03/22/2005,FFZ,AZ,AWP,WE,Towers with Radar,1,11,26,0,38,1,22,446,15,484,2,33,472,15,522,432,0,432,954
03/23/2005,FFZ,AZ,AWP,WE,Towers with Radar,0,2,12,0,14,0,14,209,7,230,0,16,221,7,244,496,0,496,740
03/24/2005,FFZ,AZ,AWP,WE,Towers with Radar,0,2,19,0,21,0,15,353,3,371,0,17,372,3,392,502,0,502,894
03/25/2005,FFZ,AZ,AWP,WE,Towers with Radar,0,3,24,0,27,0,9,357,19,385,0,12,381,19,412,345,0,345,757
03/26/2005,FFZ,AZ,AWP,WE,Towers with Radar,0,2,12,0,14,0,28,475,8,511,0,30,487,8,525,320,0,320,845
03/27/2005,FFZ,AZ,AWP,WE,Towers with Radar,0,5,11,0,16,0,22,334,0,356,0,27,345,0,372,288,0,288,660
03/28/2005,FFZ,AZ,AWP,WE,Towers with Radar,0,1,16,0,17,0,28,314,18,360,0,29,330,18,377,466,0,466,843
03/29/2005,FFZ,AZ,AWP,WE,Towers with Radar,0,0,11,0,11,0,29,443,14,486,0,29,454,14,497,674,0,674,1171
03/30/2005,FFZ,AZ,AWP,WE,Towers with Radar,0,2,14,0,16,0,31,389,15,435,0,33,403,15,451,458,34,492,943
03/31/2005,FFZ,AZ,AWP,WE,Towers with Radar,0,5,12,0,17,0,8,313,19,340,0,13,325,19,357,246,0,246,603
04/01/2005,FFZ,AZ,AWP,WE,Towers with Radar,0,2,15,0,17,0,15,351,5,371,0,17,366,5,388,272,0,272,660
04/02/2005,FFZ,AZ,AWP,WE,Towers with Radar,0,1,7,0,8,0,38,406,7,451,0,39,413,7,459,360,0,360,819
04/03/2005,FFZ,AZ,AWP,WE,Towers with Radar,0,0,13,1,14,0,20,355,3,378,0,20,368,4,392,318,0,318,710
04/04/2005,FFZ,AZ,AWP,WE,Towers with Radar,0,0,10,0,10,0,16,245,2,263,0,16,255,2,273,178,0,178,451
04/05/2005,FFZ,AZ,AWP,WE,Towers with Radar,0,0,20,0,20,0,12,428,12,452,0,12,448,12,472,522,10,532,1004
04/06/2005,FFZ,AZ,AWP,WE,Towers with Radar,0,0,10,0,10,0,22,377,2,401,0,22,387,2,411,504,0,504,915
04/07/2005,FFZ,AZ,AWP,WE,Towers with Radar,0,0,22,0,22,0,15,356,4,375,0,15,378,4,397,506,0,506,903
04/08/2005,FFZ,AZ,AWP,WE,Towers with Radar,0,0,10,0,10,0,22,328,7,357,0,22,338,7,367,530,0,530,897
04/09/2005,FFZ,AZ,AWP,WE,Towers with Radar,0,2,10,0,12,2,22,303,3,330,2,24,313,3,342,370,0,370,712
04/10/2005,FFZ,AZ,AWP,WE,Towers with Radar,0,0,10,0,10,0,32,343,3,378,0,32,353,3,388,344,0,344,732
04/11/2005,FFZ,AZ,AWP,WE,Towers with Radar,0,3,15,0,18,0,31,337,3,371,0,34,352,3,389,646,0,646,1035
04/12/2005,FFZ,AZ,AWP,WE,Towers with Radar,0,0,19,0,19,0,34,477,13,524,0,34,496,13,543,770,0,770,1313
04/13/2005,FFZ,AZ,AWP,WE,Towers with Radar,0,6,22,0,28,0,9,487,10,506,0,15,509,10,534,742,0,742,1276
04/14/2005,FFZ,AZ,AWP,WE,Towers with Radar,3,0,22,0,25,3,47,318,5,373,6,47,340,5,398,314,0,314,712
04/15/2005,FFZ,AZ,AWP,WE,Towers with Radar,0,2,13,0,15,0,17,354,6,377,0,19,367,6,392,354,0,354,746
04/16/2005,FFZ,AZ,AWP,WE,Towers with Radar,0,0,7,0,7,2,28,449,4,483,2,28,456,4,490,448,0,448,938
04/17/2005,FFZ,AZ,AWP,WE,Towers with Radar,0,0,15,0,15,0,22,379,3,404,0,22,394,3,419,275,2,277,696
04/18/2005,FFZ,AZ,AWP,WE,Towers with Radar,0,0,18,0,18,0,33,313,26,372,0,33,331,26,390,324,0,324,714
04/19/2005,FFZ,AZ,AWP,WE,Towers with Radar,0,0,19,0,19,0,17,328,12,357,0,17,347,12,376,412,0,412,788
04/20/2005,FFZ,AZ,AWP,WE,Towers with Radar,0,0,22,0,22,0,18,424,9,451,0,18,446,9,473,430,2,432,905
04/21/2005,FFZ,AZ,AWP,WE,Towers with Radar,0,3,21,0,24,0,19,465,6,490,0,22,486,6,514,610,0,610,1124
04/22/2005,FFZ,AZ,AWP,WE,Towers with Radar,0,0,12,0,12,0,11,390,20,421,0,11,402,20,433,370,0,370,803
04/23/2005,FFZ,AZ,AWP,WE,Towers with Radar,0,0,13,0,13,0,16,385,12,413,0,16,398,12,426,314,0,314,740
04/24/2005,FFZ,AZ,AWP,WE,Towers with Radar,0,2,8,0,10,0,10,295,2,307,0,12,303,2,317,208,0,208,525
04/25/2005,FFZ,AZ,AWP,WE,Towers with Radar,0,0,9,0,9,0,24,340,7,371,0,24,349,7,380,468,2,470,850
04/26/2005,FFZ,AZ,AWP,WE,Towers with Radar,0,2,14,0,16,0,19,426,25,470,0,21,440,25,486,518,0,518,1004
04/27/2005,FFZ,AZ,AWP,WE,Towers with Radar,0,0,15,0,15,0,29,411,33,473,0,29,426,33,488,404,4,408,896
04/28/2005,FFZ,AZ,AWP,WE,Towers with Radar,0,1,11,0,12,0,26,328,16,370,0,27,339,16,382,422,4,426,808
04/29/2005,FFZ,AZ,AWP,WE,Towers with Radar,0,2,12,0,14,0,11,458,15,484,0,13,470,15,498,386,10,396,894
04/30/2005,FFZ,AZ,AWP,WE,Towers with Radar,0,2,11,0,13,0,13,533,0,546,0,15,544,0,559,514,0,514,1073
05/01/2005,FFZ,AZ,AWP,WE,Towers with Radar,0,2,4,0,6,0,11,357,5,373,0,13,361,5,379,234,2,236,615
05/02/2005,FFZ,AZ,AWP,WE,Towers with Radar,0,0,15,0,15,0,32,316,2,350,0,32,331,2,365,500,0,500,865
05/03/2005,FFZ,AZ,AWP,WE,Towers with Radar,0,3,15,0,18,0,20,387,16,423,0,23,402,16,441,480,0,480,921
05/04/2005,FFZ,AZ,AWP,WE,Towers with Radar,0,3,12,0,15,0,20,332,15,367,0,23,344,15,382,482,2,484,866
05/05/2005,FFZ,AZ,AWP,WE,Towers with Radar,1,2,12,0,15,1,14,282,22,319,2,16,294,22,334,230,0,230,564
05/06/2005,FFZ,AZ,AWP,WE,Towers with Radar,0,0,21,0,21,0,21,346,3,370,0,21,367,3,391,388,0,388,779
05/07/2005,FFZ,AZ,AWP,WE,Towers with Radar,0,2,14,0,16,0,8,421,0,429,0,10,435,0,445,318,0,318,763
05/08/2005,FFZ,AZ,AWP,WE,Towers with Radar,0,4,7,0,11,0,32,322,0,354,0,36,329,0,365,192,0,192,557
05/09/2005,FFZ,AZ,AWP,WE,Towers with Radar,0,3,15,0,18,0,20,338,15,373,0,23,353,15,391,392,0,392,783
05/10/2005,FFZ,AZ,AWP,WE,Towers with Radar,0,1,17,0,18,0,35,324,22,381,0,36,341,22,399,382,0,382,781
05/11/2005,FFZ,AZ,AWP,WE,Towers with Radar,0,3,13,0,16,2,21,345,13,381,2,24,358,13,397,418,0,418,815
05/12/2005,FFZ,AZ,AWP,WE,Towers with Radar,0,1,12,0,13,0,19,286,30,335,0,20,298,30,348,338,0,338,686
05/13/2005,FFZ,AZ,AWP,WE,Towers with Radar,0,0,27,0,27,0,12,324,17,353,0,12,351,17,380,472,0,472,852
05/14/2005,FFZ,AZ,AWP,WE,Towers with Radar,0,0,5,0,5,0,22,498,7,527,0,22,503,7,532,380,0,380,912
05/15/2005,FFZ,AZ,AWP,WE,Towers with Radar,0,0,9,0,9,0,13,483,2,498,0,13,492,2,507,206,0,206,713
05/16/2005,FFZ,AZ,AWP,WE,Towers with Radar,0,1,13,0,14,0,31,291,3,325,0,32,304,3,339,384,0,384,723
05/17/2005,FFZ,AZ,AWP,WE,Towers with Radar,0,1,14,0,15,0,32,326,23,381,0,33,340,23,396,434,0,434,830
05/18/2005,FFZ,AZ,AWP,WE,Towers with Radar,0,0,13,0,13,0,12,334,19,365,0,12,347,19,378,386,0,386,764
05/19/2005,FFZ,AZ,AWP,WE,Towers with Radar,0,0,6,1,7,0,27,307,6,340,0,27,313,7,347,209,0,209,556
05/20/2005,FFZ,AZ,AWP,WE,Towers with Radar,0,1,16,0,17,0,29,334,6,369,0,30,350,6,386,348,0,348,734
05/21/2005,FFZ,AZ,AWP,WE,Towers with Radar,0,0,10,0,10,0,27,388,6,421,0,27,398,6,431,294,0,294,725
05/22/2005,FFZ,AZ,AWP,WE,Towers with Radar,0,0,12,0,12,0,17,243,36,296,0,17,255,36,308,150,0,150,458
05/23/2005,FFZ,AZ,AWP,WE,Towers with Radar,0,1,8,0,9,0,27,244,5,276,0,28,252,5,285,222,0,222,507
05/24/2005,FFZ,AZ,AWP,WE,Towers with Radar,0,0,11,0,11,0,32,358,13,403,0,32,369,13,414,442,2,444,858
05/25/2005,FFZ,AZ,AWP,WE,Towers with Radar,0,0,10,0,10,0,19,236,8,263,0,19,246,8,273,208,0,208,481
05/26/2005,FFZ,AZ,AWP,WE,Towers with Radar,0,0,17,0,17,0,25,349,12,386,0,25,366,12,403,348,0,348,751
05/27/2005,FFZ,AZ,AWP,WE,Towers with Radar,0,0,12,0,12,0,18,367,5,390,0,18,379,5,402,412,0,412,814
05/28/2005,FFZ,AZ,AWP,WE,Towers with Radar,0,0,10,0,10,0,23,364,0,387,0,23,374,0,397,374,0,374,771
05/29/2005,FFZ,AZ,AWP,WE,Towers with Radar,1,0,5,0,6,1,27,272,1,301,2,27,277,1,307,162,0,162,469
05/30/2005,FFZ,AZ,AWP,WE,Towers with Radar,0,2,10,0,12,0,60,298,0,358,0,62,308,0,370,238,0,238,608
05/31/2005,FFZ,AZ,AWP,WE,Towers with Radar,0,0,14,0,14,0,20,284,13,317,0,20,298,13,331,336,0,336,667
06/01/2005,FFZ,AZ,AWP,WE,Towers with Radar,0,0,10,0,10,0,17,257,3,277,0,17,267,3,287,398,0,398,685
06/02/2005,FFZ,AZ,AWP,WE,Towers with Radar,0,1,13,0,14,0,29,246,6,281,0,30,259,6,295,308,0,308,603
06/03/2005,FFZ,AZ,AWP,WE,Towers with Radar,0,4,13,0,17,3,28,328,8,367,3,32,341,8,384,600,0,600,984
06/04/2005,FFZ,AZ,AWP,WE,Towers with Radar,0,1,10,0,11,0,20,336,0,356,0,21,346,0,367,584,0,584,951
06/05/2005,FFZ,AZ,AWP,WE,Towers with Radar,0,0,15,0,15,0,24,279,0,303,0,24,294,0,318,204,0,204,522
06/06/2005,FFZ,AZ,AWP,WE,Towers with Radar,0,2,12,0,14,0,35,324,15,374,0,37,336,15,388,656,0,656,1044
06/07/2005,FFZ,AZ,AWP,WE,Towers with Radar,0,0,11,0,11,0,24,356,8,388,0,24,367,8,399,562,0,562,961
06/08/2005,FFZ,AZ,AWP,WE,Towers with Radar,0,4,25,0,29,4,27,299,26,356,4,31,324,26,385,444,0,444,829
06/09/2005,FFZ,AZ,AWP,WE,Towers with Radar,1,0,8,1,10,1,11,279,13,304,2,11,287,14,314,378,0,378,692
06/10/2005,FFZ,AZ,AWP,WE,Towers with Radar,0,2,13,0,15,0,20,330,15,365,0,22,343,15,380,464,0,464,844
06/11/2005,FFZ,AZ,AWP,WE,Towers with Radar,0,0,12,0,12,0,14,345,0,359,0,14,357,0,371,312,0,312,683
06/12/2005,FFZ,AZ,AWP,WE,Towers with Radar,0,0,11,0,11,0,27,322,0,349,0,27,333,0,360,220,0,220,580
06/13/2005,FFZ,AZ,AWP,WE,Towers with Radar,0,0,12,0,12,0,31,294,2,327,0,31,306,2,339,498,0,498,837
06/14/2005,FFZ,AZ,AWP,WE,Towers with Radar,0,0,20,0,20,0,24,311,6,341,0,24,331,6,361,476,0,476,837
06/15/2005,FFZ,AZ,AWP,WE,Towers with Radar,0,0,14,0,14,0,11,298,8,317,0,11,312,8,331,390,0,390,721
06/16/2005,FFZ,AZ,AWP,WE,Towers with Radar,0,0,15,0,15,0,27,324,6,357,0,27,339,6,372,432,0,432,804
06/17/2005,FFZ,AZ,AWP,WE,Towers with Radar,0,2,12,0,14,0,9,303,20,332,0,11,315,20,346,538,0,538,884
06/18/2005,FFZ,AZ,AWP,WE,Towers with Radar,0,2,9,0,11,0,15,332,5,352,0,17,341,5,363,414,0,414,777
06/19/2005,FFZ,AZ,AWP,WE,Towers with Radar,0,0,11,0,11,0,17,307,0,324,0,17,318,0,335,270,0,270,605
06/20/2005,FFZ,AZ,AWP,WE,Towers with Radar,0,0,11,2,13,0,23,239,3,265,0,23,250,5,278,245,0,245,523
06/21/2005,FFZ,AZ,AWP,WE,Towers with Radar,0,0,14,0,14,0,17,254,26,297,0,17,268,26,311,230,0,230,541
06/22/2005,FFZ,AZ,AWP,WE,Towers with Radar,0,0,14,0,14,0,15,397,4,416,0,15,411,4,430,470,0,470,900
06/23/2005,FFZ,AZ,AWP,WE,Towers with Radar,0,1,9,0,10,0,12,314,40,366,0,13,323,40,376,452,0,452,828
06/24/2005,FFZ,AZ,AWP,WE,Towers with Radar,0,0,9,0,9,0,31,393,22,446,0,31,402,22,455,417,0,417,872
06/25/2005,FFZ,AZ,AWP,WE,Towers with Radar,0,0,5,0,5,0,46,313,8,367,0,46,318,8,372,304,0,304,676
06/26/2005,FFZ,AZ,AWP,WE,Towers with Radar,0,0,14,0,14,0,45,355,0,400,0,45,369,0,414,166,0,166,580
06/27/2005,FFZ,AZ,AWP,WE,Towers with Radar,0,0,16,2,18,0,23,393,8,424,0,23,409,10,442,367,0,367,809
06/28/2005,FFZ,AZ,AWP,WE,Towers with Radar,0,3,12,0,15,0,63,385,7,455,0,66,397,7,470,456,0,456,926
06/29/2005,FFZ,AZ,AWP,WE,Towers with Radar,0,1,13,0,14,0,34,405,1,440,0,35,418,1,454,514,0,514,968
06/30/2005,FFZ,AZ,AWP,WE,Towers with Radar,0,0,12,0,12,0,18,365,13,396,0,18,377,13,408,472,0,472,880
07/01/2005,FFZ,AZ,AWP,WE,Towers with Radar,0,2,13,0,15,0,24,439,5,468,0,26,452,5,483,386,0,386,869
07/02/2005,FFZ,AZ,AWP,WE,Towers with Radar,0,0,10,0,10,0,12,433,0,445,0,12,443,0,455,158,0,158,613
07/03/2005,FFZ,AZ,AWP,WE,Towers with Radar,0,2,3,0,5,2,23,281,0,306,2,25,284,0,311,216,0,216,527
07/04/2005,FFZ,AZ,AWP,WE,Towers with Radar,0,0,8,0,8,0,22,253,0,275,0,22,261,0,283,148,0,148,431
07/05/2005,FFZ,AZ,AWP,WE,Towers with Radar,0,0,12,0,12,0,8,261,3,272,0,8,273,3,284,354,0,354,638
07/06/2005,FFZ,AZ,AWP,WE,Towers with Radar,0,0,5,0,5,0,44,359,13,416,0,44,364,13,421,601,0,601,1022
07/07/2005,FFZ,AZ,AWP,WE,Towers with Radar,0,0,14,0,14,0,13,309,18,340,0,13,323,18,354,348,0,348,702
07/08/2005,FFZ,AZ,AWP,WE,Towers with Radar,0,1,12,0,13,0,16,296,27,339,0,17,308,27,352,298,0,298,650
07/09/2005,FFZ,AZ,AWP,WE,Towers with Radar,0,0,6,0,6,0,31,299,0,330,0,31,305,0,336,300,0,300,636
07/10/2005,FFZ,AZ,AWP,WE,Towers with Radar,0,0,15,0,15,0,13,305,0,318,0,13,320,0,333,246,0,246,579
07/11/2005,FFZ,AZ,AWP,WE,Towers with Radar,0,2,7,0,9,0,8,254,4,266,0,10,261,4,275,276,0,276,551
07/12/2005,FFZ,AZ,AWP,WE,Towers with Radar,0,2,7,0,9,0,19,297,3,319,0,21,304,3,328,536,0,536,864
07/13/2005,FFZ,AZ,AWP,WE,Towers with Radar,0,2,7,0,9,0,27,282,9,318,0,29,289,9,327,342,0,342,669
07/14/2005,FFZ,AZ,AWP,WE,Towers with Radar,0,1,19,0,20,0,30,310,13,353,0,31,329,13,373,377,0,377,750
07/15/2005,FFZ,AZ,AWP,WE,Towers with Radar,0,0,14,0,14,0,10,259,21,290,0,10,273,21,304,316,0,316,620
07/16/2005,FFZ,AZ,AWP,WE,Towers with Radar,0,0,10,0,10,0,19,208,10,237,0,19,218,10,247,166,0,166,413
07/17/2005,FFZ,AZ,AWP,WE,Towers with Radar,0,0,8,0,8,0,37,233,0,270,0,37,241,0,278,80,0,80,358
07/18/2005,FFZ,AZ,AWP,WE,Towers with Radar,0,2,8,0,10,0,26,182,5,213,0,28,190,5,223,316,0,316,539
07/19/2005,FFZ,AZ,AWP,WE,Towers with Radar,0,1,12,0,13,0,45,305,6,356,0,46,317,6,369,532,0,532,901
07/20/2005,FFZ,AZ,AWP,WE,Towers with Radar,0,0,13,1,14,0,17,339,21,377,0,17,352,22,391,496,4,500,891
07/21/2005,FFZ,AZ,AWP,WE,Towers with Radar,0,0,12,0,12,0,26,340,9,375,0,26,352,9,387,394,0,394,781
07/22/2005,FFZ,AZ,AWP,WE,Towers with Radar,0,0,13,0,13,0,25,281,14,320,0,25,294,14,333,385,0,385,718
07/23/2005,FFZ,AZ,AWP,WE,Towers with Radar,0,0,9,0,9,0,32,269,0,301,0,32,278,0,310,200,0,200,510
07/24/2005,FFZ,AZ,AWP,WE,Towers with Radar,0,0,5,0,5,0,19,269,0,288,0,19,274,0,293,240,0,240,533
07/25/2005,FFZ,AZ,AWP,WE,Towers with Radar,0,0,9,0,9,0,23,245,8,276,0,23,254,8,285,320,0,320,605
07/26/2005,FFZ,AZ,AWP,WE,Towers with Radar,0,1,9,0,10,0,19,321,3,343,0,20,330,3,353,452,0,452,805
07/27/2005,FFZ,AZ,AWP,WE,Towers with Radar,0,0,10,0,10,0,12,247,25,284,0,12,257,25,294,364,2,366,660
07/28/2005,FFZ,AZ,AWP,WE,Towers with Radar,0,0,5,0,5,0,73,321,4,398,0,73,326,4,403,228,0,228,631
07/29/2005,FFZ,AZ,AWP,WE,Towers with Radar,0,0,11,0,11,0,1,261,2,264,0,1,272,2,275,272,0,272,547
07/30/2005,FFZ,AZ,AWP,WE,Towers with Radar,0,0,6,0,6,0,29,276,5,310,0,29,282,5,316,254,8,262,578
07/31/2005,FFZ,AZ,AWP,WE,Towers with Radar,0,0,16,0,16,0,24,291,0,315,0,24,307,0,331,230,0,230,561
08/01/2005,FFZ,AZ,AWP,WE,Towers with Radar,0,2,17,0,19,0,21,311,8,340,0,23,328,8,359,318,0,318,677
08/02/2005,FFZ,AZ,AWP,WE,Towers with Radar,0,0,9,0,9,0,32,275,4,311,0,32,284,4,320,376,0,376,696
08/03/2005,FFZ,AZ,AWP,WE,Towers with Radar,0,0,19,0,19,0,23,295,15,333,0,23,314,15,352,488,0,488,840
08/04/2005,FFZ,AZ,AWP,WE,Towers with Radar,0,0,12,0,12,0,16,305,16,337,0,16,317,16,349,390,0,390,739
08/05/2005,FFZ,AZ,AWP,WE,Towers with Radar,0,0,7,0,7,0,33,261,5,299,0,33,268,5,306,282,0,282,588
08/06/2005,FFZ,AZ,AWP,WE,Towers with Radar,0,0,8,0,8,0,22,369,6,397,0,22,377,6,405,344,14,358,763
08/07/2005,FFZ,AZ,AWP,WE,Towers with Radar,0,0,16,0,16,0,11,244,9,264,0,11,260,9,280,208,0,208,488
08/08/2005,FFZ,AZ,AWP,WE,Towers with Radar,0,1,14,0,15,0,24,239,11,274,0,25,253,11,289,326,0,326,615
08/09/2005,FFZ,AZ,AWP,WE,Towers with Radar,0,2,7,0,9,0,21,226,10,257,0,23,233,10,266,350,0,350,616
08/10/2005,FFZ,AZ,AWP,WE,Towers with Radar,0,0,13,0,13,0,32,288,36,356,0,32,301,36,369,384,0,384,753
08/11/2005,FFZ,AZ,AWP,WE,Towers with Radar,0,1,13,0,14,0,22,299,8,329,0,23,312,8,343,332,0,332,675
08/12/2005,FFZ,AZ,AWP,WE,Towers with Radar,0,2,19,0,21,0,10,255,8,273,0,12,274,8,294,328,0,328,622
08/13/2005,FFZ,AZ,AWP,WE,Towers with Radar,0,0,19,0,19,0,14,333,0,347,0,14,352,0,366,248,0,248,614
08/14/2005,FFZ,AZ,AWP,WE,Towers with Radar,0,0,4,0,4,0,27,191,0,218,0,27,195,0,222,108,0,108,330
08/15/2005,FFZ,AZ,AWP,WE,Towers with Radar,0,0,17,0,17,0,28,349,8,385,0,28,366,8,402,348,0,348,750
08/16/2005,FFZ,AZ,AWP,WE,Towers with Radar,0,0,12,0,12,0,16,312,8,336,0,16,324,8,348,288,0,288,636
08/17/2005,FFZ,AZ,AWP,WE,Towers with Radar,0,0,10,0,10,0,25,311,4,340,0,25,321,4,350,350,0,350,700
08/18/2005,FFZ,AZ,AWP,WE,Towers with Radar,0,2,16,0,18,0,10,339,6,355,0,12,355,6,373,492,0,492,865
08/19/2005,FFZ,AZ,AWP,WE,Towers with Radar,0,0,13,0,13,0,12,267,18,297,0,12,280,18,310,232,16,248,558
08/20/2005,FFZ,AZ,AWP,WE,Towers with Radar,0,1,8,0,9,0,27,393,2,422,0,28,401,2,431,464,0,464,895
08/21/2005,FFZ,AZ,AWP,WE,Towers with Radar,0,1,4,0,5,0,9,325,0,334,0,10,329,0,339,250,0,250,589
08/22/2005,FFZ,AZ,AWP,WE,Towers with Radar,0,0,9,0,9,0,18,273,12,303,0,18,282,12,312,226,0,226,538
08/23/2005,FFZ,AZ,AWP,WE,Towers with Radar,0,0,4,0,4,0,37,267,8,312,0,37,271,8,316,318,0,318,634
08/24/2005,FFZ,AZ,AWP,WE,Towers with Radar,0,2,19,1,22,0,15,321,14,350,0,17,340,15,372,388,0,388,760
08/25/2005,FFZ,AZ,AWP,WE,Towers with Radar,0,1,9,0,10,0,14,287,8,309,0,15,296,8,319,362,0,362,681
08/26/2005,FFZ,AZ,AWP,WE,Towers with Radar,0,0,19,0,19,0,28,301,12,341,0,28,320,12,360,332,0,332,692
08/27/2005,FFZ,AZ,AWP,WE,Towers with Radar,0,2,5,0,7,0,16,340,15,371,0,18,345,15,378,150,0,150,528
08/28/2005,FFZ,AZ,AWP,WE,Towers with Radar,0,0,4,0,4,0,31,240,0,271,0,31,244,0,275,206,0,206,481
08/29/2005,FFZ,AZ,AWP,WE,Towers with Radar,0,0,11,0,11,0,24,246,13,283,0,24,257,13,294,164,0,164,458
08/30/2005,FFZ,AZ,AWP,WE,Towers with Radar,0,0,5,0,5,0,25,253,27,305,0,25,258,27,310,348,6,354,664
08/31/2005,FFZ,AZ,AWP,WE,Towers with Radar,2,0,8,0,10,0,13,286,43,342,2,13,294,43,352,330,0,330,682
09/01/2005,FFZ,AZ,AWP,WE,Towers with Radar,1,0,14,1,16,1,11,310,1,323,2,11,324,2,339,286,0,286,625
09/02/2005,FFZ,AZ,AWP,WE,Towers with Radar,0,1,17,0,18,0,20,341,5,366,0,21,358,5,384,370,0,370,754
09/03/2005,FFZ,AZ,AWP,WE,Towers with Radar,0,0,6,0,6,0,12,325,2,339,0,12,331,2,345,256,0,256,601
09/04/2005,FFZ,AZ,AWP,WE,Towers with Radar,0,1,14,0,15,0,16,206,0,222,0,17,220,0,237,148,0,148,385
09/05/2005,FFZ,AZ,AWP,WE,Towers with Radar,0,0,15,0,15,0,45,293,0,338,0,45,308,0,353,236,0,236,589
09/06/2005,FFZ,AZ,AWP,WE,Towers with Radar,0,0,2,0,2,0,30,281,6,317,0,30,283,6,319,332,0,332,651
09/07/2005,FFZ,AZ,AWP,WE,Towers with Radar,0,0,4,0,4,0,53,297,11,361,0,53,301,11,365,408,0,408,773
09/08/2005,FFZ,AZ,AWP,WE,Towers with Radar,0,1,14,0,15,0,21,289,6,316,0,22,303,6,331,394,0,394,725
09/09/2005,FFZ,AZ,AWP,WE,Towers with Radar,0,0,7,0,7,0,43,203,0,246,0,43,210,0,253,296,0,296,549
09/10/2005,FFZ,AZ,AWP,WE,Towers with Radar,0,0,10,0,10,0,12,290,0,302,0,12,300,0,312,274,0,274,586
09/11/2005,FFZ,AZ,AWP,WE,Towers with Radar,0,0,10,0,10,0,41,273,0,314,0,41,283,0,324,192,0,192,516
09/12/2005,FFZ,AZ,AWP,WE,Towers with Radar,0,2,7,0,9,0,27,284,1,312,0,29,291,1,321,320,0,320,641
09/13/2005,FFZ,AZ,AWP,WE,Towers with Radar,0,1,10,0,11,0,6,294,10,310,0,7,304,10,321,338,0,338,659
09/14/2005,FFZ,AZ,AWP,WE,Towers with Radar,0,0,14,0,14,0,34,301,15,350,0,34,315,15,364,452,0,452,816
09/15/2005,FFZ,AZ,AWP,WE,Towers with Radar,0,0,13,0,13,0,25,283,7,315,0,25,296,7,328,312,0,312,640
09/16/2005,FFZ,AZ,AWP,WE,Towers with Radar,0,0,6,0,6,0,20,322,11,353,0,20,328,11,359,280,0,280,639
09/17/2005,FFZ,AZ,AWP,WE,Towers with Radar,0,0,5,0,5,0,23,340,9,372,0,23,345,9,377,364,0,364,741
09/18/2005,FFZ,AZ,AWP,WE,Towers with Radar,0,2,9,0,11,0,18,253,0,271,0,20,262,0,282,230,0,230,512
09/19/2005,FFZ,AZ,AWP,WE,Towers with Radar,0,2,12,0,14,0,10,251,3,264,0,12,263,3,278,366,0,366,644
09/20/2005,FFZ,AZ,AWP,WE,Towers with Radar,0,1,19,0,20,0,35,241,19,295,0,36,260,19,315,344,0,344,659
09/21/2005,FFZ,AZ,AWP,WE,Towers with Radar,0,1,8,0,9,0,17,278,17,312,0,18,286,17,321,268,0,268,589
09/22/2005,FFZ,AZ,AWP,WE,Towers with Radar,0,0,26,0,26,0,13,299,15,327,0,13,325,15,353,272,0,272,625
09/23/2005,FFZ,AZ,AWP,WE,Towers with Radar,0,0,10,0,10,0,9,310,6,325,0,9,320,6,335,292,0,292,627
09/24/2005,FFZ,AZ,AWP,WE,Towers with Radar,0,0,6,0,6,0,25,338,16,379,0,25,344,16,385,376,0,376,761
09/25/2005,FFZ,AZ,AWP,WE,Towers with Radar,0,0,6,0,6,0,19,244,0,263,0,19,250,0,269,237,0,237,506
09/26/2005,FFZ,AZ,AWP,WE,Towers with Radar,0,0,14,0,14,0,21,272,13,306,0,21,286,13,320,324,0,324,644
09/27/2005,FFZ,AZ,AWP,WE,Towers with Radar,0,0,15,0,15,0,10,335,6,351,0,10,350,6,366,470,0,470,836
09/28/2005,FFZ,AZ,AWP,WE,Towers with Radar,0,4,18,0,22,0,20,338,5,363,0,24,356,5,385,472,0,472,857
09/29/2005,FFZ,AZ,AWP,WE,Towers with Radar,0,1,28,0,29,0,17,318,12,347,0,18,346,12,376,410,0,410,786
09/30/2005,FFZ,AZ,AWP,WE,Towers with Radar,0,0,17,0,17,0,11,452,34,497,0,11,469,34,514,424,0,424,938
10/01/2005,FFZ,AZ,AWP,WE,Towers with Radar,0,2,13,0,15,0,25,400,0,425,0,27,413,0,440,362,0,362,802
10/02/2005,FFZ,AZ,AWP,WE,Towers with Radar,0,0,14,0,14,0,19,275,0,294,0,19,289,0,308,248,0,248,556
10/03/2005,FFZ,AZ,AWP,WE,Towers with Radar,0,0,28,0,28,0,11,302,8,321,0,11,330,8,349,432,0,432,781
10/04/2005,FFZ,AZ,AWP,WE,Towers with Radar,0,1,16,0,17,0,8,293,15,316,0,9,309,15,333,560,0,560,893
10/05/2005,FFZ,AZ,AWP,WE,Towers with Radar,0,0,27,0,27,0,44,372,3,419,0,44,399,3,446,566,0,566,1012
10/06/2005,FFZ,AZ,AWP,WE,Towers with Radar,0,0,18,0,18,0,43,385,13,441,0,43,403,13,459,429,0,429,888
10/07/2005,FFZ,AZ,AWP,WE,Towers with Radar,0,2,13,0,15,0,27,382,16,425,0,29,395,16,440,484,0,484,924
10/08/2005,FFZ,AZ,AWP,WE,Towers with Radar,0,0,4,0,4,0,16,251,9,276,0,16,255,9,280,248,2,250,530
10/09/2005,FFZ,AZ,AWP,WE,Towers with Radar,0,4,12,0,16,0,13,240,0,253,0,17,252,0,269,284,0,284,553
10/10/2005,FFZ,AZ,AWP,WE,Towers with Radar,0,2,22,0,24,0,32,333,13,378,0,34,355,13,402,410,0,410,812
10/11/2005,FFZ,AZ,AWP,WE,Towers with Radar,0,2,16,0,18,0,14,335,10,359,0,16,351,10,377,384,0,384,761
10/12/2005,FFZ,AZ,AWP,WE,Towers with Radar,0,0,19,0,19,0,18,340,19,377,0,18,359,19,396,652,4,656,1052
10/13/2005,FFZ,AZ,AWP,WE,Towers with Radar,0,1,14,0,15,0,15,312,17,344,0,16,326,17,359,432,0,432,791
10/14/2005,FFZ,AZ,AWP,WE,Towers with Radar,0,0,12,0,12,0,20,346,13,379,0,20,358,13,391,374,0,374,765
10/15/2005,FFZ,AZ,AWP,WE,Towers with Radar,0,0,8,0,8,0,36,325,2,363,0,36,333,2,371,314,0,314,685
10/16/2005,FFZ,AZ,AWP,WE,Towers with Radar,0,2,8,0,10,0,8,267,0,275,0,10,275,0,285,130,0,130,415
10/17/2005,FFZ,AZ,AWP,WE,Towers with Radar,0,0,5,0,5,0,22,204,5,231,0,22,209,5,236,312,0,312,548
10/18/2005,FFZ,AZ,AWP,WE,Towers with Radar,0,2,7,0,9,0,18,137,6,161,0,20,144,6,170,160,0,160,330
10/19/2005,FFZ,AZ,AWP,WE,Towers with Radar,0,0,11,0,11,0,29,386,6,421,0,29,397,6,432,494,0,494,926
10/20/2005,FFZ,AZ,AWP,WE,Towers with Radar,0,4,13,0,17,0,30,362,9,401,0,34,375,9,418,508,0,508,926
10/21/2005,FFZ,AZ,AWP,WE,Towers with Radar,0,3,19,0,22,0,34,394,17,445,0,37,413,17,467,550,0,550,1017
10/22/2005,FFZ,AZ,AWP,WE,Towers with Radar,0,0,19,0,19,0,15,411,8,434,0,15,430,8,453,352,0,352,805
10/23/2005,FFZ,AZ,AWP,WE,Towers with Radar,0,2,17,0,19,0,19,301,0,320,0,21,318,0,339,134,0,134,473
10/24/2005,FFZ,AZ,AWP,WE,Towers with Radar,0,0,8,0,8,0,28,275,11,314,0,28,283,11,322,366,0,366,688
10/25/2005,FFZ,AZ,AWP,WE,Towers with Radar,0,1,14,0,15,0,28,297,21,346,0,29,311,21,361,572,0,572,933
10/26/2005,FFZ,AZ,AWP,WE,Towers with Radar,0,1,15,0,16,0,18,345,22,385,0,19,360,22,401,620,0,620,1021
10/27/2005,FFZ,AZ,AWP,WE,Towers with Radar,1,0,9,0,10,1,12,346,5,364,2,12,355,5,374,342,0,342,716
10/28/2005,FFZ,AZ,AWP,WE,Towers with Radar,0,0,12,0,12,0,17,286,15,318,0,17,298,15,330,496,0,496,826
10/29/2005,FFZ,AZ,AWP,WE,Towers with Radar,0,0,7,0,7,0,6,320,8,334,0,6,327,8,341,360,0,360,701
10/30/2005,FFZ,AZ,AWP,WE,Towers with Radar,0,0,6,0,6,0,7,341,6,354,0,7,347,6,360,254,0,254,614
10/31/2005,FFZ,AZ,AWP,WE,Towers with Radar,0,0,9,0,9,0,25,312,8,345,0,25,321,8,354,356,0,356,710
11/01/2005,FFZ,AZ,AWP,WE,Towers with Radar,0,3,7,0,10,0,31,368,18,417,0,34,375,18,427,474,0,474,901
11/02/2005,FFZ,AZ,AWP,WE,Towers with Radar,0,3,19,0,22,0,27,373,8,408,0,30,392,8,430,454,0,454,884
11/03/2005,FFZ,AZ,AWP,WE,Towers with Radar,0,0,7,0,7,0,20,380,22,422,0,20,387,22,429,514,1,515,944
11/04/2005,FFZ,AZ,AWP,WE,Towers with Radar,0,2,9,0,11,0,10,381,16,407,0,12,390,16,418,682,2,684,1102
11/05/2005,FFZ,AZ,AWP,WE,Towers with Radar,0,0,6,0,6,0,18,439,0,457,0,18,445,0,463,416,0,416,879
11/06/2005,FFZ,AZ,AWP,WE,Towers with Radar,0,0,15,0,15,0,19,343,0,362,0,19,358,0,377,278,0,278,655
11/07/2005,FFZ,AZ,AWP,WE,Towers with Radar,0,1,19,0,20,0,11,290,19,320,0,12,309,19,340,476,0,476,816
11/08/2005,FFZ,AZ,AWP,WE,Towers with Radar,0,0,21,0,21,0,10,363,13,386,0,10,384,13,407,468,2,470,877
11/09/2005,FFZ,AZ,AWP,WE,Towers with Radar,0,0,11,0,11,0,35,375,17,427,0,35,386,17,438,704,0,704,1142
11/10/2005,FFZ,AZ,AWP,WE,Towers with Radar,0,0,15,0,15,0,28,350,4,382,0,28,365,4,397,651,0,651,1048
11/11/2005,FFZ,AZ,AWP,WE,Towers with Radar,0,0,11,0,11,0,32,320,13,365,0,32,331,13,376,486,0,486,862
11/12/2005,FFZ,AZ,AWP,WE,Towers with Radar,0,0,15,0,15,0,45,361,7,413,0,45,376,7,428,388,0,388,816
11/13/2005,FFZ,AZ,AWP,WE,Towers with Radar,0,1,13,0,14,0,33,430,0,463,0,34,443,0,477,318,2,320,797
11/14/2005,FFZ,AZ,AWP,WE,Towers with Radar,0,0,18,0,18,0,24,326,9,359,0,24,344,9,377,550,0,550,927
11/15/2005,FFZ,AZ,AWP,WE,Towers with Radar,0,0,8,0,8,0,5,318,18,341,0,5,326,18,349,468,0,468,817
11/16/2005,FFZ,AZ,AWP,WE,Towers with Radar,0,0,20,0,20,0,23,419,19,461,0,23,439,19,481,722,0,722,1203
11/17/2005,FFZ,AZ,AWP,WE,Towers with Radar,0,1,20,0,21,0,11,411,14,436,0,12,431,14,457,420,0,420,877
11/18/2005,FFZ,AZ,AWP,WE,Towers with Radar,0,0,7,0,7,0,8,368,21,397,0,8,375,21,404,576,6,582,986
11/19/2005,FFZ,AZ,AWP,WE,Towers with Radar,0,3,12,0,15,0,25,478,11,514,0,28,490,11,529,646,0,646,1175
11/20/2005,FFZ,AZ,AWP,WE,Towers with Radar,0,3,17,0,20,0,24,325,0,349,0,27,342,0,369,236,0,236,605
11/21/2005,FFZ,AZ,AWP,WE,Towers with Radar,0,0,12,0,12,0,19,357,23,399,0,19,369,23,411,594,0,594,1005
11/22/2005,FFZ,AZ,AWP,WE,Towers with Radar,0,0,15,0,15,0,26,380,14,420,0,26,395,14,435,436,0,436,871
11/23/2005,FFZ,AZ,AWP,WE,Towers with Radar,0,0,24,0,24,0,15,374,10,399,0,15,398,10,423,482,0,482,905
11/24/2005,FFZ,AZ,AWP,WE,Towers with Radar,0,4,9,0,13,0,11,187,0,198,0,15,196,0,211,64,0,64,275
11/25/2005,FFZ,AZ,AWP,WE,Towers with Radar,0,0,20,0,20,0,17,379,2,398,0,17,399,2,418,252,0,252,670
11/26/2005,FFZ,AZ,AWP,WE,Towers with Radar,0,0,19,0,19,0,26,307,3,336,0,26,326,3,355,200,0,200,555
11/27/2005,FFZ,AZ,AWP,WE,Towers with Radar,0,1,9,0,10,0,24,167,0,191,0,25,176,0,201,110,0,110,311
11/28/2005,FFZ,AZ,AWP,WE,Towers with Radar,0,0,15,0,15,0,18,246,8,272,0,18,261,8,287,340,0,340,627
11/29/2005,FFZ,AZ,AWP,WE,Towers with Radar,0,0,17,0,17,0,14,358,20,392,0,14,375,20,409,496,4,500,909
11/30/2005,FFZ,AZ,AWP,WE,Towers with Radar,0,1,4,0,5,0,11,400,17,428,0,12,404,17,433,448,0,448,881
12/01/2005,FFZ,AZ,AWP,WE,Towers with Radar,0,2,15,0,17,0,20,423,12,455,0,22,438,12,472,546,0,546,1018
12/02/2005,FFZ,AZ,AWP,WE,Towers with Radar,0,0,11,0,11,0,13,393,27,433,0,13,404,27,444,568,20,588,1032
12/03/2005,FFZ,AZ,AWP,WE,Towers with Radar,0,3,12,0,15,0,17,352,7,376,0,20,364,7,391,398,0,398,789
12/04/2005,FFZ,AZ,AWP,WE,Towers with Radar,0,1,7,0,8,0,13,329,0,342,0,14,336,0,350,256,0,256,606
12/05/2005,FFZ,AZ,AWP,WE,Towers with Radar,0,0,12,0,12,0,4,331,8,343,0,4,343,8,355,520,0,520,875
12/06/2005,FFZ,AZ,AWP,WE,Towers with Radar,0,1,13,0,14,0,23,335,12,370,0,24,348,12,384,444,2,446,830
12/07/2005,FFZ,AZ,AWP,WE,Towers with Radar,0,1,15,0,16,0,20,409,16,445,0,21,424,16,461,572,4,576,1037
12/08/2005,FFZ,AZ,AWP,WE,Towers with Radar,0,0,13,0,13,0,15,338,43,396,0,15,351,43,409,240,0,240,649
12/09/2005,FFZ,AZ,AWP,WE,Towers with Radar,0,0,18,0,18,0,14,413,17,444,0,14,431,17,462,494,0,494,956
12/10/2005,FFZ,AZ,AWP,WE,Towers with Radar,0,0,11,0,11,0,10,412,19,441,0,10,423,19,452,546,0,546,998
12/11/2005,FFZ,AZ,AWP,WE,Towers with Radar,0,0,11,0,11,0,16,369,0,385,0,16,380,0,396,230,0,230,626
12/12/2005,FFZ,AZ,AWP,WE,Towers with Radar,0,0,17,0,17,0,12,286,9,307,0,12,303,9,324,466,0,466,790
12/13/2005,FFZ,AZ,AWP,WE,Towers with Radar,0,1,17,0,18,0,23,371,13,407,0,24,388,13,425,447,0,447,872
12/14/2005,FFZ,AZ,AWP,WE,Towers with Radar,0,0,15,0,15,0,45,329,36,410,0,45,344,36,425,554,0,554,979
12/15/2005,FFZ,AZ,AWP,WE,Towers with Radar,0,0,17,0,17,0,18,336,16,370,0,18,353,16,387,548,2,550,937
12/16/2005,FFZ,AZ,AWP,WE,Towers with Radar,0,0,21,0,21,0,16,335,30,381,0,16,356,30,402,388,0,388,790
12/17/2005,FFZ,AZ,AWP,WE,Towers with Radar,0,0,20,0,20,0,15,392,5,412,0,15,412,5,432,412,0,412,844
12/18/2005,FFZ,AZ,AWP,WE,Towers with Radar,0,1,9,0,10,0,11,381,1,393,0,12,390,1,403,278,0,278,681
12/19/2005,FFZ,AZ,AWP,WE,Towers with Radar,0,0,10,0,10,0,24,386,18,428,0,24,396,18,438,594,0,594,1032
12/20/2005,FFZ,AZ,AWP,WE,Towers with Radar,0,2,22,0,24,0,25,307,17,349,0,27,329,17,373,410,18,428,801
12/21/2005,FFZ,AZ,AWP,WE,Towers with Radar,0,1,15,0,16,0,11,411,10,432,0,12,426,10,448,340,0,340,788
12/22/2005,FFZ,AZ,AWP,WE,Towers with Radar,0,0,11,0,11,0,11,349,4,364,0,11,360,4,375,522,0,522,897
12/23/2005,FFZ,AZ,AWP,WE,Towers with Radar,0,2,11,0,13,0,25,327,0,352,0,27,338,0,365,286,0,286,651
12/24/2005,FFZ,AZ,AWP,WE,Towers with Radar,0,0,9,0,9,0,21,282,0,303,0,21,291,0,312,228,0,228,540
12/25/2005,FFZ,AZ,AWP,WE,Towers with Radar,0,0,5,0,5,0,24,107,0,131,0,24,112,0,136,14,0,14,150
12/26/2005,FFZ,AZ,AWP,WE,Towers with Radar,0,2,18,0,20,0,30,314,2,346,0,32,332,2,366,0,248,248,614
12/27/2005,FFZ,AZ,AWP,WE,Towers with Radar,0,5,17,2,24,0,21,302,0,323,0,26,319,2,347,380,0,380,727
12/28/2005,FFZ,AZ,AWP,WE,Towers with Radar,0,1,21,0,22,0,19,354,0,373,0,20,375,0,395,310,2,312,707
12/29/2005,FFZ,AZ,AWP,WE,Towers with Radar,0,1,14,0,15,0,11,347,0,358,0,12,361,0,373,408,0,408,781
12/30/2005,FFZ,AZ,AWP,WE,Towers with Radar,0,0,10,0,10,0,23,369,0,392,0,23,379,0,402,290,0,290,692
12/31/2005,FFZ,AZ,AWP,WE,Towers with Radar,0,0,17,0,17,0,34,327,0,361,0,34,344,0,378,242,0,242,620
01/01/2006,FFZ,AZ,AWP,WE,Towers with Radar,0,0,7,0,7,0,11,165,0,176,0,11,172,0,183,94,0,94,277
01/02/2006,FFZ,AZ,AWP,WE,Towers with Radar,0,0,16,0,16,0,9,257,0,266,0,9,273,0,282,342,0,342,624
01/03/2006,FFZ,AZ,AWP,WE,Towers with Radar,0,2,21,0,23,3,10,295,2,310,3,12,316,2,333,329,0,329,662
01/04/2006,FFZ,AZ,AWP,WE,Towers with Radar,0,3,19,0,22,0,17,322,7,346,0,20,341,7,368,400,0,400,768
01/05/2006,FFZ,AZ,AWP,WE,Towers with Radar,0,2,8,0,10,0,30,343,4,377,0,32,351,4,387,414,0,414,801
01/06/2006,FFZ,AZ,AWP,WE,Towers with Radar,0,0,13,0,13,0,20,298,16,334,0,20,311,16,347,318,0,318,665
01/07/2006,FFZ,AZ,AWP,WE,Towers with Radar,0,0,10,0,10,0,9,383,25,417,0,9,393,25,427,402,0,402,829
01/08/2006,FFZ,AZ,AWP,WE,Towers with Radar,0,0,14,0,14,0,11,350,0,361,0,11,364,0,375,242,0,242,617
01/09/2006,FFZ,AZ,AWP,WE,Towers with Radar,0,0,13,0,13,0,24,250,15,289,0,24,263,15,302,480,2,482,784
01/10/2006,FFZ,AZ,AWP,WE,Towers with Radar,0,0,21,0,21,0,10,361,26,397,0,10,382,26,418,630,6,636,1054
01/11/2006,FFZ,AZ,AWP,WE,Towers with Radar,0,0,13,0,13,0,38,366,27,431,0,38,379,27,444,678,4,682,1126
01/12/2006,FFZ,AZ,AWP,WE,Towers with Radar,0,0,16,0,16,0,7,391,20,418,0,7,407,20,434,670,0,670,1104
01/13/2006,FFZ,AZ,AWP,WE,Towers with Radar,0,2,21,0,23,0,24,416,9,449,0,26,437,9,472,530,0,530,1002
01/14/2006,FFZ,AZ,AWP,WE,Towers with Radar,0,0,15,0,15,0,37,452,0,489,0,37,467,0,504,466,0,466,970
01/15/2006,FFZ,AZ,AWP,WE,Towers with Radar,0,0,11,0,11,0,18,221,0,239,0,18,232,0,250,266,0,266,516
01/16/2006,FFZ,AZ,AWP,WE,Towers with Radar,0,0,14,0,14,0,18,313,6,337,0,18,327,6,351,412,0,412,763
01/17/2006,FFZ,AZ,AWP,WE,Towers with Radar,0,0,19,0,19,0,16,318,3,337,0,16,337,3,356,634,0,634,990
01/18/2006,FFZ,AZ,AWP,WE,Towers with Radar,0,2,3,0,5,0,13,378,8,399,0,15,381,8,404,620,0,620,1024
01/19/2006,FFZ,AZ,AWP,WE,Towers with Radar,0,0,12,0,12,0,13,252,6,271,0,13,264,6,283,284,0,284,567
01/20/2006,FFZ,AZ,AWP,WE,Towers with Radar,0,0,11,0,11,0,10,425,15,450,0,10,436,15,461,602,0,602,1063
01/21/2006,FFZ,AZ,AWP,WE,Towers with Radar,0,0,11,0,11,0,16,390,12,418,0,16,401,12,429,384,0,384,813
01/22/2006,FFZ,AZ,AWP,WE,Towers with Radar,0,1,9,0,10,0,17,353,0,370,0,18,362,0,380,180,0,180,560
01/23/2006,FFZ,AZ,AWP,WE,Towers with Radar,0,0,10,0,10,0,16,231,2,249,0,16,241,2,259,256,4,260,519
01/24/2006,FFZ,AZ,AWP,WE,Towers with Radar,0,1,15,0,16,0,13,267,15,295,0,14,282,15,311,488,0,488,799
01/25/2006,FFZ,AZ,AWP,WE,Towers with Radar,0,0,23,0,23,0,22,290,24,336,0,22,313,24,359,352,0,352,711
01/26/2006,FFZ,AZ,AWP,WE,Towers with Radar,0,2,20,0,22,0,9,338,19,366,0,11,358,19,388,360,12,372,760
01/27/2006,FFZ,AZ,AWP,WE,Towers with Radar,0,2,20,0,22,2,18,382,18,420,2,20,402,18,442,658,0,658,1100
01/28/2006,FFZ,AZ,AWP,WE,Towers with Radar,0,0,12,0,12,0,22,468,9,499,0,22,480,9,511,498,0,498,1009
01/29/2006,FFZ,AZ,AWP,WE,Towers with Radar,0,0,17,0,17,0,75,443,0,518,0,75,460,0,535,360,0,360,895
01/30/2006,FFZ,AZ,AWP,WE,Towers with Radar,0,1,11,0,12,0,13,363,7,383,0,14,374,7,395,498,0,498,893
01/31/2006,FFZ,AZ,AWP,WE,Towers with Radar,0,2,16,1,19,0,12,358,4,374,0,14,374,5,393,536,0,536,929
02/01/2006,FFZ,AZ,AWP,WE,Towers with Radar,0,3,9,0,12,0,31,401,25,457,0,34,410,25,469,512,0,512,981
02/02/2006,FFZ,AZ,AWP,WE,Towers with Radar,0,2,19,0,21,0,11,391,21,423,0,13,410,21,444,580,2,582,1026
02/03/2006,FFZ,AZ,AWP,WE,Towers with Radar,0,4,13,0,17,0,16,506,20,542,0,20,519,20,559,458,4,462,1021
02/04/2006,FFZ,AZ,AWP,WE,Towers with Radar,0,0,12,0,12,0,33,540,3,576,0,33,552,3,588,566,0,566,1154
02/05/2006,FFZ,AZ,AWP,WE,Towers with Radar,0,6,10,0,16,0,27,315,0,342,0,33,325,0,358,204,0,204,562
02/06/2006,FFZ,AZ,AWP,WE,Towers with Radar,0,0,13,0,13,0,20,284,23,327,0,20,297,23,340,370,0,370,710
02/07/2006,FFZ,AZ,AWP,WE,Towers with Radar,0,0,15,0,15,0,26,346,28,400,0,26,361,28,415,474,0,474,889
02/08/2006,FFZ,AZ,AWP,WE,Towers with Radar,0,2,23,0,25,0,1,411,23,435,0,3,434,23,460,278,0,278,738
02/09/2006,FFZ,AZ,AWP,WE,Towers with Radar,0,0,20,0,20,0,6,369,5,380,0,6,389,5,400,386,0,386,786
02/10/2006,FFZ,AZ,AWP,WE,Towers with Radar,0,0,7,0,7,0,17,454,9,480,0,17,461,9,487,646,30,676,1163
02/11/2006,FFZ,AZ,AWP,WE,Towers with Radar,0,2,15,0,17,0,13,405,7,425,0,15,420,7,442,310,4,314,756
02/12/2006,FFZ,AZ,AWP,WE,Towers with Radar,0,2,21,0,23,0,14,341,0,355,0,16,362,0,378,192,0,192,570
02/13/2006,FFZ,AZ,AWP,WE,Towers with Radar,0,4,11,0,15,0,22,347,22,391,0,26,358,22,406,452,0,452,858
02/14/2006,FFZ,AZ,AWP,WE,Towers with Radar,0,0,12,1,13,0,19,393,21,433,0,19,405,22,446,462,10,472,918
02/15/2006,FFZ,AZ,AWP,WE,Towers with Radar,0,4,19,0,23,0,16,298,5,319,0,20,317,5,342,356,0,356,698
02/16/2006,FFZ,AZ,AWP,WE,Towers with Radar,0,3,30,0,33,0,3,392,26,421,0,6,422,26,454,574,0,574,1028
02/17/2006,FFZ,AZ,AWP,WE,Towers with Radar,0,1,27,0,28,0,7,364,9,380,0,8,391,9,408,630,0,630,1038
02/18/2006,FFZ,AZ,AWP,WE,Towers with Radar,0,3,14,0,17,0,22,599,3,624,0,25,613,3,641,366,0,366,1007
02/19/2006,FFZ,AZ,AWP,WE,Towers with Radar,0,3,13,0,16,0,29,427,0,456,0,32,440,0,472,262,0,262,734
02/20/2006,FFZ,AZ,AWP,WE,Towers with Radar,0,1,13,0,14,0,23,349,32,404,0,24,362,32,418,348,0,348,766
02/21/2006,FFZ,AZ,AWP,WE,Towers with Radar,0,1,8,0,9,0,13,311,16,340,0,14,319,16,349,328,0,328,677
02/22/2006,FFZ,AZ,AWP,WE,Towers with Radar,0,2,16,0,18,0,17,338,5,360,0,19,354,5,378,422,14,436,814
02/23/2006,FFZ,AZ,AWP,WE,Towers with Radar,0,0,15,0,15,0,30,406,23,459,0,30,421,23,474,514,16,530,1004
02/24/2006,FFZ,AZ,AWP,WE,Towers with Radar,0,0,15,0,15,0,16,434,9,459,0,16,449,9,474,628,0,628,1102
02/25/2006,FFZ,AZ,AWP,WE,Towers with Radar,0,0,10,0,10,0,23,424,6,453,0,23,434,6,463,412,0,412,875
02/26/2006,FFZ,AZ,AWP,WE,Towers with Radar,0,2,7,0,9,0,26,324,0,350,0,28,331,0,359,156,0,156,515
02/27/2006,FFZ,AZ,AWP,WE,Towers with Radar,0,3,7,0,10,0,27,296,16,339,0,30,303,16,349,352,0,352,701
02/28/2006,FFZ,AZ,AWP,WE,Towers with Radar,0,0,7,0,7,0,18,348,17,383,0,18,355,17,390,342,0,342,732
03/01/2006,FFZ,AZ,AWP,WE,Towers with Radar,0,2,11,0,13,0,26,403,12,441,0,28,414,12,454,492,0,492,946
03/02/2006,FFZ,AZ,AWP,WE,Towers with Radar,0,1,21,0,22,0,6,395,6,407,0,7,416,6,429,600,0,600,1029
03/03/2006,FFZ,AZ,AWP,WE,Towers with Radar,0,0,14,0,14,0,26,378,2,406,0,26,392,2,420,438,0,438,858
03/04/2006,FFZ,AZ,AWP,WE,Towers with Radar,0,1,7,0,8,0,22,496,0,518,0,23,503,0,526,508,0,508,1034
03/05/2006,FFZ,AZ,AWP,WE,Towers with Radar,0,1,7,0,8,0,25,400,0,425,0,26,407,0,433,206,0,206,639
03/06/2006,FFZ,AZ,AWP,WE,Towers with Radar,0,2,9,0,11,0,31,306,15,352,0,33,315,15,363,346,0,346,709
03/07/2006,FFZ,AZ,AWP,WE,Towers with Radar,0,2,21,0,23,0,27,371,25,423,0,29,392,25,446,568,2,570,1016
03/08/2006,FFZ,AZ,AWP,WE,Towers with Radar,0,0,8,0,8,0,37,319,4,360,0,37,327,4,368,486,0,486,854
03/09/2006,FFZ,AZ,AWP,WE,Towers with Radar,0,5,14,0,19,0,21,370,28,419,0,26,384,28,438,462,0,462,900
03/10/2006,FFZ,AZ,AWP,WE,Towers with Radar,0,4,9,0,13,0,11,179,7,197,0,15,188,7,210,176,0,176,386
03/11/2006,FFZ,AZ,AWP,WE,Towers with Radar,0,0,4,0,4,0,0,16,2,18,0,0,20,2,22,10,0,10,32
03/12/2006,FFZ,AZ,AWP,WE,Towers with Radar,0,1,10,0,11,0,24,276,44,344,0,25,286,44,355,209,0,209,564
03/13/2006,FFZ,AZ,AWP,WE,Towers with Radar,0,3,13,0,16,0,32,458,26,516,0,35,471,26,532,617,0,617,1149
03/14/2006,FFZ,AZ,AWP,WE,Towers with Radar,0,1,13,0,14,0,25,456,3,484,0,26,469,3,498,529,0,529,1027
03/15/2006,FFZ,AZ,AWP,WE,Towers with Radar,0,0,16,0,16,0,5,438,8,451,0,5,454,8,467,620,0,620,1087
03/16/2006,FFZ,AZ,AWP,WE,Towers with Radar,0,0,17,0,17,0,9,538,9,556,0,9,555,9,573,608,0,608,1181
03/17/2006,FFZ,AZ,AWP,WE,Towers with Radar,0,0,16,0,16,0,10,343,7,360,0,10,359,7,376,590,0,590,966
03/18/2006,FFZ,AZ,AWP,WE,Towers with Radar,0,2,12,0,14,0,25,323,0,348,0,27,335,0,362,410,0,410,772
03/19/2006,FFZ,AZ,AWP,WE,Towers with Radar,0,2,12,0,14,0,16,106,8,130,0,18,118,8,144,8,0,8,152
03/20/2006,FFZ,AZ,AWP,WE,Towers with Radar,0,0,18,0,18,0,8,272,8,288,0,8,290,8,306,390,2,392,698
03/21/2006,FFZ,AZ,AWP,WE,Towers with Radar,0,1,18,1,20,0,9,257,13,279,0,10,275,14,299,402,0,402,701
03/22/2006,FFZ,AZ,AWP,WE,Towers with Radar,0,0,10,0,10,0,17,395,21,433,0,17,405,21,443,634,0,634,1077
03/23/2006,FFZ,AZ,AWP,WE,Towers with Radar,0,1,11,0,12,0,21,398,10,429,0,22,409,10,441,686,0,686,1127
03/24/2006,FFZ,AZ,AWP,WE,Towers with Radar,0,0,16,0,16,0,16,426,18,460,0,16,442,18,476,602,0,602,1078
03/25/2006,FFZ,AZ,AWP,WE,Towers with Radar,0,0,15,0,15,0,11,524,8,543,0,11,539,8,558,496,0,496,1054
03/26/2006,FFZ,AZ,AWP,WE,Towers with Radar,0,0,14,0,14,0,26,390,0,416,0,26,404,0,430,348,0,348,778
03/27/2006,FFZ,AZ,AWP,WE,Towers with Radar,0,4,12,1,17,0,16,272,17,305,0,20,284,18,322,398,0,398,720
03/28/2006,FFZ,AZ,AWP,WE,Towers with Radar,0,1,18,0,19,0,5,226,9,240,0,6,244,9,259,272,0,272,531
03/29/2006,FFZ,AZ,AWP,WE,Towers with Radar,0,1,13,0,14,0,4,226,15,245,0,5,239,15,259,320,0,320,579
03/30/2006,FFZ,AZ,AWP,WE,Towers with Radar,0,2,22,0,24,0,15,415,21,451,0,17,437,21,475,718,0,718,1193
03/31/2006,FFZ,AZ,AWP,WE,Towers with Radar,0,2,19,0,21,0,29,444,16,489,0,31,463,16,510,484,0,484,994
04/01/2006,FFZ,AZ,AWP,WE,Towers with Radar,0,1,18,0,19,0,30,450,3,483,0,31,468,3,502,406,0,406,908
04/02/2006,FFZ,AZ,AWP,WE,Towers with Radar,0,1,12,0,13,0,16,351,0,367,0,17,363,0,380,212,0,212,592
04/03/2006,FFZ,AZ,AWP,WE,Towers with Radar,0,2,21,0,23,0,31,355,5,391,0,33,376,5,414,460,0,460,874
04/04/2006,FFZ,AZ,AWP,WE,Towers with Radar,0,3,10,0,13,0,25,363,8,396,0,28,373,8,409,589,0,589,998
04/05/2006,FFZ,AZ,AWP,WE,Towers with Radar,0,2,15,0,17,0,8,158,0,166,0,10,173,0,183,242,0,242,425
04/06/2006,FFZ,AZ,AWP,WE,Towers with Radar,0,0,10,0,10,0,9,377,1,387,0,9,387,1,397,558,0,558,955
04/07/2006,FFZ,AZ,AWP,WE,Towers with Radar,0,0,13,0,13,0,14,355,15,384,0,14,368,15,397,518,0,518,915
04/08/2006,FFZ,AZ,AWP,WE,Towers with Radar,0,2,8,0,10,0,35,442,10,487,0,37,450,10,497,374,0,374,871
04/09/2006,FFZ,AZ,AWP,WE,Towers with Radar,0,1,13,0,14,0,16,354,0,370,0,17,367,0,384,154,0,154,538
04/10/2006,FFZ,AZ,AWP,WE,Towers with Radar,0,2,12,0,14,0,11,233,17,261,0,13,245,17,275,464,1,465,740
04/11/2006,FFZ,AZ,AWP,WE,Towers with Radar,0,0,14,0,14,0,10,312,20,342,0,10,326,20,356,547,0,547,903
04/12/2006,FFZ,AZ,AWP,WE,Towers with Radar,0,2,10,0,12,0,14,317,39,370,0,16,327,39,382,598,2,600,982
04/13/2006,FFZ,AZ,AWP,WE,Towers with Radar,0,2,18,0,20,0,11,297,42,350,0,13,315,42,370,444,0,444,814
04/14/2006,FFZ,AZ,AWP,WE,Towers with Radar,0,0,11,0,11,0,38,225,34,297,0,38,236,34,308,336,0,336,644
04/15/2006,FFZ,AZ,AWP,WE,Towers with Radar,0,0,10,0,10,0,10,407,0,417,0,10,417,0,427,358,0,358,785
04/16/2006,FFZ,AZ,AWP,WE,Towers with Radar,0,0,6,0,6,0,6,247,0,253,0,6,253,0,259,72,0,72,331
04/17/2006,FFZ,AZ,AWP,WE,Towers with Radar,0,0,16,0,16,0,22,296,26,344,0,22,312,26,360,478,0,478,838
04/18/2006,FFZ,AZ,AWP,WE,Towers with Radar,0,0,14,0,14,0,10,365,8,383,0,10,379,8,397,564,6,570,967
04/19/2006,FFZ,AZ,AWP,WE,Towers with Radar,0,0,13,0,13,0,17,336,17,370,0,17,349,17,383,472,0,472,855
04/20/2006,FFZ,AZ,AWP,WE,Towers with Radar,0,1,5,0,6,0,4,393,9,406,0,5,398,9,412,594,0,594,1006
04/21/2006,FFZ,AZ,AWP,WE,Towers with Radar,0,1,21,0,22,0,5,464,10,479,0,6,485,10,501,622,2,624,1125
04/22/2006,FFZ,AZ,AWP,WE,Towers with Radar,0,1,12,0,13,0,13,381,4,398,0,14,393,4,411,175,0,175,586
04/23/2006,FFZ,AZ,AWP,WE,Towers with Radar,0,2,8,0,10,0,14,269,0,283,0,16,277,0,293,87,0,87,380
04/24/2006,FFZ,AZ,AWP,WE,Towers with Radar,0,0,9,0,9,0,9,253,16,278,0,9,262,16,287,406,0,406,693
04/25/2006,FFZ,AZ,AWP,WE,Towers with Radar,0,0,10,0,10,0,26,333,13,372,0,26,343,13,382,515,12,527,909
04/26/2006,FFZ,AZ,AWP,WE,Towers with Radar,0,2,15,2,19,0,11,307,7,325,0,13,322,9,344,420,0,420,764
04/27/2006,FFZ,AZ,AWP,WE,Towers with Radar,0,0,16,0,16,0,19,278,7,304,0,19,294,7,320,326,3,329,649
04/28/2006,FFZ,AZ,AWP,WE,Towers with Radar,0,0,20,0,20,0,23,363,2,388,0,23,383,2,408,418,0,418,826
04/29/2006,FFZ,AZ,AWP,WE,Towers with Radar,0,2,5,0,7,0,53,459,0,512,0,55,464,0,519,446,0,446,965
04/30/2006,FFZ,AZ,AWP,WE,Towers with Radar,0,0,9,0,9,0,8,375,0,383,0,8,384,0,392,210,0,210,602
05/01/2006,FFZ,AZ,AWP,WE,Towers with Radar,0,2,10,0,12,0,11,280,4,295,0,13,290,4,307,402,0,402,709
05/02/2006,FFZ,AZ,AWP,WE,Towers with Radar,0,0,14,0,14,0,12,303,3,318,0,12,317,3,332,468,0,468,800
05/03/2006,FFZ,AZ,AWP,WE,Towers with Radar,0,0,14,0,14,0,31,324,0,355,0,31,338,0,369,360,0,360,729
05/04/2006,FFZ,AZ,AWP,WE,Towers with Radar,0,1,12,0,13,0,9,317,8,334,0,10,329,8,347,378,0,378,725
05/05/2006,FFZ,AZ,AWP,WE,Towers with Radar,0,1,6,0,7,0,39,352,6,397,0,40,358,6,404,568,2,570,974
05/06/2006,FFZ,AZ,AWP,WE,Towers with Radar,0,0,5,0,5,0,46,322,4,372,0,46,327,4,377,350,0,350,727
05/07/2006,FFZ,AZ,AWP,WE,Towers with Radar,0,0,5,0,5,0,19,319,0,338,0,19,324,0,343,226,0,226,569
05/08/2006,FFZ,AZ,AWP,WE,Towers with Radar,0,0,15,0,15,0,17,312,1,330,0,17,327,1,345,274,0,274,619
05/09/2006,FFZ,AZ,AWP,WE,Towers with Radar,0,0,9,0,9,0,13,274,1,288,0,13,283,1,297,466,0,466,763
05/10/2006,FFZ,AZ,AWP,WE,Towers with Radar,0,2,12,0,14,0,9,346,3,358,0,11,358,3,372,418,0,418,790
05/11/2006,FFZ,AZ,AWP,WE,Towers with Radar,0,2,15,0,17,0,5,379,6,390,0,7,394,6,407,342,0,342,749
05/12/2006,FFZ,AZ,AWP,WE,Towers with Radar,0,2,3,0,5,0,21,362,4,387,0,23,365,4,392,376,0,376,768
05/13/2006,FFZ,AZ,AWP,WE,Towers with Radar,0,2,6,0,8,0,25,317,1,343,0,27,323,1,351,214,0,214,565
05/14/2006,FFZ,AZ,AWP,WE,Towers with Radar,0,2,5,0,7,0,7,232,2,241,0,9,237,2,248,98,0,98,346
05/15/2006,FFZ,AZ,AWP,WE,Towers with Radar,0,4,11,0,15,0,6,369,2,377,0,10,380,2,392,463,0,463,855
05/16/2006,FFZ,AZ,AWP,WE,Towers with Radar,0,0,7,0,7,0,24,237,10,271,0,24,244,10,278,288,0,288,566
05/17/2006,FFZ,AZ,AWP,WE,Towers with Radar,0,1,17,0,18,0,25,289,1,315,0,26,306,1,333,310,30,340,673
05/18/2006,FFZ,AZ,AWP,WE,Towers with Radar,0,4,12,0,16,0,6,354,18,378,0,10,366,18,394,618,0,618,1012
05/19/2006,FFZ,AZ,AWP,WE,Towers with Radar,0,3,9,0,12,0,7,333,5,345,0,10,342,5,357,450,0,450,807
05/20/2006,FFZ,AZ,AWP,WE,Towers with Radar,0,2,8,0,10,0,12,327,9,348,0,14,335,9,358,260,0,260,618
05/21/2006,FFZ,AZ,AWP,WE,Towers with Radar,0,0,15,0,15,0,16,245,13,274,0,16,260,13,289,60,0,60,349
05/22/2006,FFZ,AZ,AWP,WE,Towers with Radar,0,3,12,0,15,0,6,216,13,235,0,9,228,13,250,208,0,208,458
05/23/2006,FFZ,AZ,AWP,WE,Towers with Radar,0,2,14,1,17,0,8,308,14,330,0,10,322,15,347,430,0,430,777
05/24/2006,FFZ,AZ,AWP,WE,Towers with Radar,0,2,10,0,12,0,12,351,10,373,0,14,361,10,385,723,0,723,1108
05/25/2006,FFZ,AZ,AWP,WE,Towers with Radar,0,2,9,0,11,0,16,352,8,376,0,18,361,8,387,502,0,502,889
05/26/2006,FFZ,AZ,AWP,WE,Towers with Radar,0,0,17,0,17,0,18,304,6,328,0,18,321,6,345,386,0,386,731
05/27/2006,FFZ,AZ,AWP,WE,Towers with Radar,0,0,4,0,4,0,68,249,0,317,0,68,253,0,321,148,0,148,469
05/28/2006,FFZ,AZ,AWP,WE,Towers with Radar,0,0,7,0,7,0,25,243,0,268,0,25,250,0,275,188,0,188,463
05/29/2006,FFZ,AZ,AWP,WE,Towers with Radar,0,0,12,0,12,0,26,315,20,361,0,26,327,20,373,268,0,268,641
05/30/2006,FFZ,AZ,AWP,WE,Towers with Radar,0,0,9,0,9,0,18,272,23,313,0,18,281,23,322,460,0,460,782
05/31/2006,FFZ,AZ,AWP,WE,Towers with Radar,0,0,8,0,8,0,14,312,22,348,0,14,320,22,356,506,0,506,862
06/01/2006,FFZ,AZ,AWP,WE,Towers with Radar,0,0,20,0,20,0,6,302,1,309,0,6,322,1,329,562,0,562,891
06/02/2006,FFZ,AZ,AWP,WE,Towers with Radar,0,0,10,0,10,0,19,210,10,239,0,19,220,10,249,316,0,316,565
06/03/2006,FFZ,AZ,AWP,WE,Towers with Radar,0,0,10,0,10,0,8,291,22,321,0,8,301,22,331,276,0,276,607
06/04/2006,FFZ,AZ,AWP,WE,Towers with Radar,0,0,6,0,6,0,28,182,0,210,0,28,188,0,216,56,0,56,272
06/05/2006,FFZ,AZ,AWP,WE,Towers with Radar,0,1,8,0,9,0,12,242,6,260,0,13,250,6,269,202,0,202,471
06/06/2006,FFZ,AZ,AWP,WE,Towers with Radar,0,0,15,0,15,0,27,253,12,292,0,27,268,12,307,274,0,274,581
06/07/2006,FFZ,AZ,AWP,WE,Towers with Radar,0,2,13,0,15,0,16,238,2,256,0,18,251,2,271,212,0,212,483
06/08/2006,FFZ,AZ,AWP,WE,Towers with Radar,0,0,6,0,6,0,4,248,5,257,0,4,254,5,263,278,0,278,541
06/09/2006,FFZ,AZ,AWP,WE,Towers with Radar,0,0,11,0,11,0,9,264,1,274,0,9,275,1,285,320,0,320,605
06/10/2006,FFZ,AZ,AWP,WE,Towers with Radar,0,1,15,0,16,0,24,255,2,281,0,25,270,2,297,248,0,248,545
06/11/2006,FFZ,AZ,AWP,WE,Towers with Radar,0,0,9,0,9,0,13,276,0,289,0,13,285,0,298,120,0,120,418
06/12/2006,FFZ,AZ,AWP,WE,Towers with Radar,0,0,13,0,13,0,5,232,3,240,0,5,245,3,253,238,0,238,491
06/13/2006,FFZ,AZ,AWP,WE,Towers with Radar,0,0,12,0,12,0,14,285,13,312,0,14,297,13,324,459,0,459,783
06/14/2006,FFZ,AZ,AWP,WE,Towers with Radar,0,0,13,0,13,0,2,275,9,286,0,2,288,9,299,316,0,316,615
06/15/2006,FFZ,AZ,AWP,WE,Towers with Radar,0,0,13,0,13,0,9,267,6,282,0,9,280,6,295,318,0,318,613
06/16/2006,FFZ,AZ,AWP,WE,Towers with Radar,0,0,20,0,20,0,11,386,13,410,0,11,406,13,430,490,0,490,920
06/17/2006,FFZ,AZ,AWP,WE,Towers with Radar,0,0,8,0,8,0,13,323,6,342,0,13,331,6,350,228,0,228,578
06/18/2006,FFZ,AZ,AWP,WE,Towers with Radar,0,0,12,0,12,0,0,260,0,260,0,0,272,0,272,122,0,122,394
06/19/2006,FFZ,AZ,AWP,WE,Towers with Radar,0,0,9,0,9,0,11,264,19,294,0,11,273,19,303,254,0,254,557
06/20/2006,FFZ,AZ,AWP,WE,Towers with Radar,0,2,13,0,15,0,4,294,23,321,0,6,307,23,336,404,0,404,740
06/21/2006,FFZ,AZ,AWP,WE,Towers with Radar,0,0,20,0,20,0,10,258,15,283,0,10,278,15,303,564,0,564,867
06/22/2006,FFZ,AZ,AWP,WE,Towers with Radar,0,0,9,0,9,0,24,292,29,345,0,24,301,29,354,464,0,464,818
06/23/2006,FFZ,AZ,AWP,WE,Towers with Radar,0,0,14,0,14,0,14,258,26,298,0,14,272,26,312,304,0,304,616
06/24/2006,FFZ,AZ,AWP,WE,Towers with Radar,0,0,5,0,5,0,6,272,12,290,0,6,277,12,295,250,0,250,545
06/25/2006,FFZ,AZ,AWP,WE,Towers with Radar,0,1,11,0,12,0,5,211,0,216,0,6,222,0,228,80,0,80,308
06/26/2006,FFZ,AZ,AWP,WE,Towers with Radar,0,0,0,0,0,0,13,174,11,198,0,13,174,11,198,330,2,332,530
06/27/2006,FFZ,AZ,AWP,WE,Towers with Radar,0,2,12,0,14,0,21,225,29,275,0,23,237,29,289,306,0,306,595
06/28/2006,FFZ,AZ,AWP,WE,Towers with Radar,0,0,8,0,8,0,13,266,28,307,0,13,274,28,315,460,0,460,775
06/29/2006,FFZ,AZ,AWP,WE,Towers with Radar,0,1,4,0,5,0,1,232,7,240,0,2,236,7,245,240,12,252,497
06/30/2006,FFZ,AZ,AWP,WE,Towers with Radar,0,0,13,0,13,0,17,308,14,339,0,17,321,14,352,302,0,302,654
07/01/2006,FFZ,AZ,AWP,WE,Towers with Radar,0,0,17,0,17,0,9,239,0,248,0,9,256,0,265,196,0,196,461
07/02/2006,FFZ,AZ,AWP,WE,Towers with Radar,0,0,8,0,8,0,44,144,0,188,0,44,152,0,196,60,0,60,256
07/03/2006,FFZ,AZ,AWP,WE,Towers with Radar,0,0,2,0,2,0,30,190,0,220,0,30,192,0,222,300,0,300,522
07/04/2006,FFZ,AZ,AWP,WE,Towers with Radar,0,0,7,0,7,0,17,199,0,216,0,17,206,0,223,102,0,102,325
07/05/2006,FFZ,AZ,AWP,WE,Towers with Radar,0,1,20,0,21,0,8,181,15,204,0,9,201,15,225,116,18,134,359
07/06/2006,FFZ,AZ,AWP,WE,Towers with Radar,0,1,10,0,11,0,12,248,13,273,0,13,258,13,284,278,0,278,562
07/07/2006,FFZ,AZ,AWP,WE,Towers with Radar,0,0,12,0,12,0,31,186,8,225,0,31,198,8,237,144,0,144,381
07/08/2006,FFZ,AZ,AWP,WE,Towers with Radar,0,0,13,0,13,0,17,275,1,293,0,17,288,1,306,270,0,270,576
07/09/2006,FFZ,AZ,AWP,WE,Towers with Radar,0,0,5,0,5,0,13,240,0,253,0,13,245,0,258,100,0,100,358
07/10/2006,FFZ,AZ,AWP,WE,Towers with Radar,0,2,9,0,11,0,21,198,2,221,0,23,207,2,232,132,0,132,364
07/11/2006,FFZ,AZ,AWP,WE,Towers with Radar,0,0,15,0,15,0,18,205,11,234,0,18,220,11,249,299,0,299,548
07/12/2006,FFZ,AZ,AWP,WE,Towers with Radar,0,0,23,0,23,0,26,274,26,326,0,26,297,26,349,424,0,424,773
07/13/2006,FFZ,AZ,AWP,WE,Towers with Radar,0,0,21,0,21,0,11,243,8,262,0,11,264,8,283,408,0,408,691
07/14/2006,FFZ,AZ,AWP,WE,Towers with Radar,0,0,19,0,19,0,12,192,7,211,0,12,211,7,230,136,0,136,366
07/15/2006,FFZ,AZ,AWP,WE,Towers with Radar,0,0,8,0,8,0,17,245,4,266,0,17,253,4,274,160,0,160,434
07/16/2006,FFZ,AZ,AWP,WE,Towers with Radar,0,0,12,0,12,0,11,229,0,240,0,11,241,0,252,144,0,144,396
07/17/2006,FFZ,AZ,AWP,WE,Towers with Radar,0,0,16,0,16,0,11,250,16,277,0,11,266,16,293,144,0,144,437
07/18/2006,FFZ,AZ,AWP,WE,Towers with Radar,0,1,13,0,14,0,16,243,15,274,0,17,256,15,288,201,0,201,489
07/19/2006,FFZ,AZ,AWP,WE,Towers with Radar,0,0,14,0,14,0,13,238,17,268,0,13,252,17,282,124,0,124,406
07/20/2006,FFZ,AZ,AWP,WE,Towers with Radar,0,2,17,0,19,0,14,210,9,233,0,16,227,9,252,264,0,264,516
07/21/2006,FFZ,AZ,AWP,WE,Towers with Radar,0,0,9,0,9,0,20,253,20,293,0,20,262,20,302,236,0,236,538
07/22/2006,FFZ,AZ,AWP,WE,Towers with Radar,0,0,9,0,9,0,32,211,2,245,0,32,220,2,254,84,0,84,338
07/23/2006,FFZ,AZ,AWP,WE,Towers with Radar,0,0,14,0,14,0,18,223,2,243,0,18,237,2,257,116,0,116,373
07/24/2006,FFZ,AZ,AWP,WE,Towers with Radar,0,1,19,0,20,0,18,236,20,274,0,19,255,20,294,238,0,238,532
07/25/2006,FFZ,AZ,AWP,WE,Towers with Radar,0,0,14,0,14,0,15,261,31,307,0,15,275,31,321,280,0,280,601
07/26/2006,FFZ,AZ,AWP,WE,Towers with Radar,0,0,18,0,18,0,13,289,10,312,0,13,307,10,330,334,0,334,664
07/27/2006,FFZ,AZ,AWP,WE,Towers with Radar,0,1,17,0,18,0,6,167,5,178,0,7,184,5,196,250,0,250,446
07/28/2006,FFZ,AZ,AWP,WE,Towers with Radar,0,1,16,0,17,0,26,185,18,229,0,27,201,18,246,356,12,368,614
07/29/2006,FFZ,AZ,AWP,WE,Towers with Radar,0,0,16,0,16,0,35,189,6,230,0,35,205,6,246,96,0,96,342
07/30/2006,FFZ,AZ,AWP,WE,Towers with Radar,0,3,14,0,17,0,14,214,1,229,0,17,228,1,246,170,0,170,416
07/31/2006,FFZ,AZ,AWP,WE,Towers with Radar,0,0,15,0,15,0,10,235,17,262,0,10,250,17,277,350,0,350,627
08/01/2006,FFZ,AZ,AWP,WE,Towers with Radar,0,0,8,6,14,0,17,273,31,321,0,17,281,37,335,202,0,202,537
08/02/2006,FFZ,AZ,AWP,WE,Towers with Radar,0,0,17,0,17,0,29,293,24,346,0,29,310,24,363,372,0,372,735
08/03/2006,FFZ,AZ,AWP,WE,Towers with Radar,0,0,21,0,21,0,16,331,20,367,0,16,352,20,388,310,0,310,698
08/04/2006,FFZ,AZ,AWP,WE,Towers with Radar,0,0,13,0,13,0,27,262,22,311,0,27,275,22,324,332,0,332,656
08/05/2006,FFZ,AZ,AWP,WE,Towers with Radar,0,2,2,0,4,0,17,331,2,350,0,19,333,2,354,192,0,192,546
08/06/2006,FFZ,AZ,AWP,WE,Towers with Radar,0,2,9,0,11,0,20,235,0,255,0,22,244,0,266,112,0,112,378
08/07/2006,FFZ,AZ,AWP,WE,Towers with Radar,0,0,11,0,11,0,19,230,7,256,0,19,241,7,267,188,0,188,455
08/08/2006,FFZ,AZ,AWP,WE,Towers with Radar,0,0,18,0,18,0,15,272,19,306,0,15,290,19,324,426,0,426,750
08/09/2006,FFZ,AZ,AWP,WE,Towers with Radar,0,0,18,0,18,0,22,190,17,229,0,22,208,17,247,288,2,290,537
08/10/2006,FFZ,AZ,AWP,WE,Towers with Radar,0,0,26,0,26,0,6,246,11,263,0,6,272,11,289,280,0,280,569
08/11/2006,FFZ,AZ,AWP,WE,Towers with Radar,0,0,29,0,29,0,21,298,10,329,0,21,327,10,358,288,0,288,646
08/12/2006,FFZ,AZ,AWP,WE,Towers with Radar,0,0,12,0,12,0,35,302,2,339,0,35,314,2,351,358,0,358,709
08/13/2006,FFZ,AZ,AWP,WE,Towers with Radar,0,0,19,0,19,0,14,236,0,250,0,14,255,0,269,56,0,56,325
08/14/2006,FFZ,AZ,AWP,WE,Towers with Radar,0,2,22,0,24,0,28,210,4,242,0,30,232,4,266,136,0,136,402
08/15/2006,FFZ,AZ,AWP,WE,Towers with Radar,0,0,17,0,17,0,12,325,12,349,0,12,342,12,366,506,0,506,872
08/16/2006,FFZ,AZ,AWP,WE,Towers with Radar,0,0,25,0,25,0,17,260,5,282,0,17,285,5,307,208,0,208,515
08/17/2006,FFZ,AZ,AWP,WE,Towers with Radar,0,0,25,0,25,0,6,264,23,293,0,6,289,23,318,332,2,334,652
08/18/2006,FFZ,AZ,AWP,WE,Towers with Radar,0,1,21,0,22,0,12,292,19,323,0,13,313,19,345,308,0,308,653
08/19/2006,FFZ,AZ,AWP,WE,Towers with Radar,0,0,14,0,14,0,15,250,5,270,0,15,264,5,284,166,2,168,452
08/20/2006,FFZ,AZ,AWP,WE,Towers with Radar,0,0,13,0,13,0,14,263,0,277,0,14,276,0,290,88,0,88,378
08/21/2006,FFZ,AZ,AWP,WE,Towers with Radar,0,0,10,0,10,0,22,215,32,269,0,22,225,32,279,228,4,232,511
08/22/2006,FFZ,AZ,AWP,WE,Towers with Radar,0,0,16,0,16,0,36,234,7,277,0,36,250,7,293,214,0,214,507
08/23/2006,FFZ,AZ,AWP,WE,Towers with Radar,0,1,13,0,14,0,13,260,18,291,0,14,273,18,305,446,0,446,751
08/24/2006,FFZ,AZ,AWP,WE,Towers with Radar,0,1,16,0,17,0,14,197,0,211,0,15,213,0,228,78,0,78,306
08/25/2006,FFZ,AZ,AWP,WE,Towers with Radar,0,0,15,0,15,0,22,209,18,249,0,22,224,18,264,275,2,277,541
08/26/2006,FFZ,AZ,AWP,WE,Towers with Radar,0,3,5,2,10,0,27,318,9,354,0,30,323,11,364,190,0,190,554
08/27/2006,FFZ,AZ,AWP,WE,Towers with Radar,0,0,19,0,19,0,17,277,7,301,0,17,296,7,320,104,0,104,424
08/28/2006,FFZ,AZ,AWP,WE,Towers with Radar,0,0,18,0,18,0,12,276,10,298,0,12,294,10,316,332,0,332,648
08/29/2006,FFZ,AZ,AWP,WE,Towers with Radar,0,2,16,0,18,0,17,287,8,312,0,19,303,8,330,271,0,271,601
08/30/2006,FFZ,AZ,AWP,WE,Towers with Radar,0,0,18,0,18,0,27,307,12,346,0,27,325,12,364,330,0,330,694
08/31/2006,FFZ,AZ,AWP,WE,Towers with Radar,0,0,29,0,29,0,17,251,7,275,0,17,280,7,304,450,0,450,754
09/01/2006,FFZ,AZ,AWP,WE,Towers with Radar,0,4,23,0,27,0,23,304,2,329,0,27,327,2,356,480,0,480,836
09/02/2006,FFZ,AZ,AWP,WE,Towers with Radar,0,0,13,0,13,0,11,216,0,227,0,11,229,0,240,208,0,208,448
09/03/2006,FFZ,AZ,AWP,WE,Towers with Radar,0,0,12,0,12,0,7,160,0,167,0,7,172,0,179,78,0,78,257
09/04/2006,FFZ,AZ,AWP,WE,Towers with Radar,0,0,18,0,18,0,9,336,4,349,0,9,354,4,367,200,0,200,567
09/05/2006,FFZ,AZ,AWP,WE,Towers with Radar,0,0,19,0,19,0,20,230,4,254,0,20,249,4,273,244,0,244,517
09/06/2006,FFZ,AZ,AWP,WE,Towers with Radar,0,1,14,0,15,0,27,237,2,266,0,28,251,2,281,382,0,382,663
09/07/2006,FFZ,AZ,AWP,WE,Towers with Radar,0,0,15,0,15,0,16,311,9,336,0,16,326,9,351,430,0,430,781
09/08/2006,FFZ,AZ,AWP,WE,Towers with Radar,0,0,12,0,12,0,10,318,2,330,0,10,330,2,342,460,0,460,802
09/09/2006,FFZ,AZ,AWP,WE,Towers with Radar,0,0,11,0,11,0,20,262,0,282,0,20,273,0,293,312,0,312,605
09/10/2006,FFZ,AZ,AWP,WE,Towers with Radar,0,0,8,0,8,0,21,249,0,270,0,21,257,0,278,178,0,178,456
09/11/2006,FFZ,AZ,AWP,WE,Towers with Radar,0,0,18,0,18,0,6,270,10,286,0,6,288,10,304,286,0,286,590
09/12/2006,FFZ,AZ,AWP,WE,Towers with Radar,0,0,14,0,14,0,14,210,6,230,0,14,224,6,244,250,0,250,494
09/13/2006,FFZ,AZ,AWP,WE,Towers with Radar,0,1,27,0,28,0,16,275,9,300,0,17,302,9,328,340,0,340,668
09/14/2006,FFZ,AZ,AWP,WE,Towers with Radar,0,0,25,0,25,0,8,323,4,335,0,8,348,4,360,272,0,272,632
09/15/2006,FFZ,AZ,AWP,WE,Towers with Radar,0,0,13,0,13,0,17,256,9,282,0,17,269,9,295,252,0,252,547
09/16/2006,FFZ,AZ,AWP,WE,Towers with Radar,0,0,15,0,15,0,2,341,0,343,0,2,356,0,358,244,0,244,602
09/17/2006,FFZ,AZ,AWP,WE,Towers with Radar,0,0,13,0,13,0,8,266,0,274,0,8,279,0,287,212,0,212,499
09/18/2006,FFZ,AZ,AWP,WE,Towers with Radar,0,0,17,0,17,0,28,229,16,273,0,28,246,16,290,320,0,320,610
09/19/2006,FFZ,AZ,AWP,WE,Towers with Radar,0,0,13,0,13,0,16,313,10,339,0,16,326,10,352,548,4,552,904
09/20/2006,FFZ,AZ,AWP,WE,Towers with Radar,0,0,16,0,16,0,15,217,5,237,0,15,233,5,253,352,0,352,605
09/21/2006,FFZ,AZ,AWP,WE,Towers with Radar,0,4,27,0,31,0,12,368,16,396,0,16,395,16,427,522,0,522,949
09/22/2006,FFZ,AZ,AWP,WE,Towers with Radar,0,0,29,0,29,0,20,271,12,303,0,20,300,12,332,261,0,261,593
09/23/2006,FFZ,AZ,AWP,WE,Towers with Radar,0,0,28,0,28,0,15,336,2,353,0,15,364,2,381,224,0,224,605
09/24/2006,FFZ,AZ,AWP,WE,Towers with Radar,0,2,15,0,17,0,5,300,0,305,0,7,315,0,322,132,0,132,454
09/25/2006,FFZ,AZ,AWP,WE,Towers with Radar,0,3,22,2,27,0,3,304,22,329,0,6,326,24,356,450,0,450,806
09/26/2006,FFZ,AZ,AWP,WE,Towers with Radar,0,1,18,0,19,0,4,338,15,357,0,5,356,15,376,494,0,494,870
09/27/2006,FFZ,AZ,AWP,WE,Towers with Radar,0,2,22,0,24,0,12,345,14,371,0,14,367,14,395,448,0,448,843
09/28/2006,FFZ,AZ,AWP,WE,Towers with Radar,0,1,18,0,19,0,12,371,10,393,0,13,389,10,412,554,0,554,966
09/29/2006,FFZ,AZ,AWP,WE,Towers with Radar,0,0,28,0,28,0,8,325,7,340,0,8,353,7,368,463,6,469,837
09/30/2006,FFZ,AZ,AWP,WE,Towers with Radar,0,0,19,0,19,0,13,297,0,310,0,13,316,0,329,384,0,384,713
10/01/2006,FFZ,AZ,AWP,WE,Towers with Radar,0,0,11,0,11,0,19,344,0,363,0,19,355,0,374,184,0,184,558
10/02/2006,FFZ,AZ,AWP,WE,Towers with Radar,0,0,17,0,17,0,36,253,0,289,0,36,270,0,306,353,0,353,659
10/03/2006,FFZ,AZ,AWP,WE,Towers with Radar,0,0,19,2,21,0,25,263,0,288,0,25,282,2,309,352,2,354,663
10/04/2006,FFZ,AZ,AWP,WE,Towers with Radar,0,3,16,0,19,0,6,220,2,228,0,9,236,2,247,238,0,238,485
10/05/2006,FFZ,AZ,AWP,WE,Towers with Radar,0,1,18,0,19,0,12,295,6,313,0,13,313,6,332,422,0,422,754
10/06/2006,FFZ,AZ,AWP,WE,Towers with Radar,0,0,8,0,8,0,23,169,2,194,0,23,177,2,202,142,0,142,344
10/07/2006,FFZ,AZ,AWP,WE,Towers with Radar,0,0,7,0,7,0,21,350,3,374,0,21,357,3,381,446,0,446,827
10/08/2006,FFZ,AZ,AWP,WE,Towers with Radar,0,1,17,0,18,0,14,271,0,285,0,15,288,0,303,208,0,208,511
10/09/2006,FFZ,AZ,AWP,WE,Towers with Radar,0,0,11,0,11,0,12,257,0,269,0,12,268,0,280,266,0,266,546
10/10/2006,FFZ,AZ,AWP,WE,Towers with Radar,0,0,22,0,22,0,7,344,8,359,0,7,366,8,381,366,6,372,753
10/11/2006,FFZ,AZ,AWP,WE,Towers with Radar,0,0,22,0,22,0,5,323,5,333,0,5,345,5,355,494,0,494,849
10/12/2006,FFZ,AZ,AWP,WE,Towers with Radar,0,0,18,0,18,0,19,310,3,332,0,19,328,3,350,394,2,396,746
10/13/2006,FFZ,AZ,AWP,WE,Towers with Radar,0,0,35,0,35,0,23,306,2,331,0,23,341,2,366,281,0,281,647
10/14/2006,FFZ,AZ,AWP,WE,Towers with Radar,0,0,10,0,10,0,31,173,0,204,0,31,183,0,214,178,0,178,392
10/15/2006,FFZ,AZ,AWP,WE,Towers with Radar,0,2,22,0,24,0,21,330,0,351,0,23,352,0,375,162,0,162,537
10/16/2006,FFZ,AZ,AWP,WE,Towers with Radar,0,3,14,0,17,0,4,282,5,291,0,7,296,5,308,322,0,322,630
10/17/2006,FFZ,AZ,AWP,WE,Towers with Radar,0,0,19,0,19,0,11,259,10,280,0,11,278,10,299,424,0,424,723
10/18/2006,FFZ,AZ,AWP,WE,Towers with Radar,0,2,12,0,14,0,12,356,2,370,0,14,368,2,384,580,0,580,964
10/19/2006,FFZ,AZ,AWP,WE,Towers with Radar,0,0,23,0,23,0,7,322,10,339,0,7,345,10,362,278,0,278,640
10/20/2006,FFZ,AZ,AWP,WE,Towers with Radar,0,2,23,0,25,0,12,360,5,377,0,14,383,5,402,384,0,384,786
10/21/2006,FFZ,AZ,AWP,WE,Towers with Radar,0,0,18,0,18,0,8,294,0,302,0,8,312,0,320,260,0,260,580
10/22/2006,FFZ,AZ,AWP,WE,Towers with Radar,0,0,8,0,8,0,6,268,0,274,0,6,276,0,282,128,0,128,410
10/23/2006,FFZ,AZ,AWP,WE,Towers with Radar,0,0,10,0,10,0,12,293,4,309,0,12,303,4,319,266,0,266,585
10/24/2006,FFZ,AZ,AWP,WE,Towers with Radar,0,2,11,0,13,0,19,224,16,259,0,21,235,16,272,278,4,282,554
10/25/2006,FFZ,AZ,AWP,WE,Towers with Radar,0,0,17,2,19,0,10,328,6,344,0,10,345,8,363,403,0,403,766
10/26/2006,FFZ,AZ,AWP,WE,Towers with Radar,0,0,22,0,22,0,11,395,6,412,0,11,417,6,434,392,0,392,826
10/27/2006,FFZ,AZ,AWP,WE,Towers with Radar,0,2,15,0,17,0,13,400,3,416,0,15,415,3,433,328,0,328,761
10/28/2006,FFZ,AZ,AWP,WE,Towers with Radar,0,0,12,0,12,0,22,333,0,355,0,22,345,0,367,316,0,316,683
10/29/2006,FFZ,AZ,AWP,WE,Towers with Radar,0,0,18,0,18,0,21,298,3,322,0,21,316,3,340,220,0,220,560
10/30/2006,FFZ,AZ,AWP,WE,Towers with Radar,0,0,17,0,17,0,5,330,0,335,0,5,347,0,352,372,0,372,724
10/31/2006,FFZ,AZ,AWP,WE,Towers with Radar,0,2,18,0,20,0,14,341,10,365,0,16,359,10,385,464,2,466,851
11/01/2006,FFZ,AZ,AWP,WE,Towers with Radar,0,4,25,0,29,0,13,366,0,379,0,17,391,0,408,446,0,446,854
11/02/2006,FFZ,AZ,AWP,WE,Towers with Radar,0,2,21,0,23,0,9,365,6,380,0,11,386,6,403,634,0,634,1037
11/03/2006,FFZ,AZ,AWP,WE,Towers with Radar,0,2,13,0,15,0,11,284,16,311,0,13,297,16,326,566,2,568,894
11/04/2006,FFZ,AZ,AWP,WE,Towers with Radar,0,2,7,0,9,0,14,393,0,407,0,16,400,0,416,362,0,362,778
11/05/2006,FFZ,AZ,AWP,WE,Towers with Radar,0,0,13,0,13,0,15,281,0,296,0,15,294,0,309,220,0,220,529
11/06/2006,FFZ,AZ,AWP,WE,Towers with Radar,0,1,15,0,16,0,16,272,2,290,0,17,287,2,306,374,0,374,680
11/07/2006,FFZ,AZ,AWP,WE,Towers with Radar,0,3,24,0,27,0,14,341,0,355,0,17,365,0,382,536,0,536,918
11/08/2006,FFZ,AZ,AWP,WE,Towers with Radar,0,1,19,0,20,0,22,348,5,375,0,23,367,5,395,374,0,374,769
11/09/2006,FFZ,AZ,AWP,WE,Towers with Radar,0,1,26,0,27,0,14,403,11,428,0,15,429,11,455,519,3,522,977
11/10/2006,FFZ,AZ,AWP,WE,Towers with Radar,0,0,16,6,22,0,17,327,8,352,0,17,343,14,374,376,0,376,750
11/11/2006,FFZ,AZ,AWP,WE,Towers with Radar,0,0,8,0,8,0,22,364,0,386,0,22,372,0,394,340,0,340,734
11/12/2006,FFZ,AZ,AWP,WE,Towers with Radar,0,1,13,0,14,0,20,272,18,310,0,21,285,18,324,264,0,264,588
11/13/2006,FFZ,AZ,AWP,WE,Towers with Radar,0,0,22,0,22,0,30,299,6,335,0,30,321,6,357,300,0,300,657
11/14/2006,FFZ,AZ,AWP,WE,Towers with Radar,0,1,27,0,28,0,43,263,5,311,0,44,290,5,339,432,4,436,775
11/15/2006,FFZ,AZ,AWP,WE,Towers with Radar,0,3,21,0,24,0,16,332,29,377,0,19,353,29,401,536,0,536,937
11/16/2006,FFZ,AZ,AWP,WE,Towers with Radar,0,0,16,0,16,0,14,315,3,332,0,14,331,3,348,450,0,450,798
11/17/2006,FFZ,AZ,AWP,WE,Towers with Radar,0,1,11,0,12,0,10,382,3,395,0,11,393,3,407,412,0,412,819
11/18/2006,FFZ,AZ,AWP,WE,Towers with Radar,0,2,10,0,12,0,15,363,0,378,0,17,373,0,390,324,0,324,714
11/19/2006,FFZ,AZ,AWP,WE,Towers with Radar,0,2,13,0,15,0,15,368,2,385,0,17,381,2,400,160,0,160,560
11/20/2006,FFZ,AZ,AWP,WE,Towers with Radar,0,2,6,0,8,0,9,271,3,283,0,11,277,3,291,332,0,332,623
11/21/2006,FFZ,AZ,AWP,WE,Towers with Radar,0,2,14,0,16,0,17,350,6,373,0,19,364,6,389,379,0,379,768
11/22/2006,FFZ,AZ,AWP,WE,Towers with Radar,0,0,23,0,23,0,7,366,0,373,0,7,389,0,396,538,0,538,934
11/23/2006,FFZ,AZ,AWP,WE,Towers with Radar,0,0,8,0,8,0,9,190,0,199,0,9,198,0,207,146,0,146,353
11/24/2006,FFZ,AZ,AWP,WE,Towers with Radar,0,0,9,0,9,0,18,328,3,349,0,18,337,3,358,252,0,252,610
11/25/2006,FFZ,AZ,AWP,WE,Towers with Radar,0,0,17,0,17,0,12,331,2,345,0,12,348,2,362,182,0,182,544
11/26/2006,FFZ,AZ,AWP,WE,Towers with Radar,0,2,13,0,15,0,5,286,0,291,0,7,299,0,306,208,0,208,514
11/27/2006,FFZ,AZ,AWP,WE,Towers with Radar,0,3,6,0,9,0,6,256,7,269,0,9,262,7,278,222,0,222,500
11/28/2006,FFZ,AZ,AWP,WE,Towers with Radar,0,1,11,0,12,0,25,271,19,315,0,26,282,19,327,338,20,358,685
11/29/2006,FFZ,AZ,AWP,WE,Towers with Radar,0,2,14,0,16,0,18,158,5,181,0,20,172,5,197,54,0,54,251
11/30/2006,FFZ,AZ,AWP,WE,Towers with Radar,0,2,7,0,9,0,17,323,5,345,0,19,330,5,354,416,0,416,770
12/01/2006,FFZ,AZ,AWP,WE,Towers with Radar,0,0,17,0,17,2,5,292,2,301,2,5,309,2,318,462,0,462,780
12/02/2006,FFZ,AZ,AWP,WE,Towers with Radar,0,0,14,0,14,0,14,336,0,350,0,14,350,0,364,224,0,224,588
12/03/2006,FFZ,AZ,AWP,WE,Towers with Radar,0,1,10,0,11,0,13,208,0,221,0,14,218,0,232,84,0,84,316
12/04/2006,FFZ,AZ,AWP,WE,Towers with Radar,0,0,15,0,15,0,20,241,2,263,0,20,256,2,278,216,0,216,494
12/05/2006,FFZ,AZ,AWP,WE,Towers with Radar,0,1,15,0,16,0,14,317,4,335,0,15,332,4,351,310,0,310,661
12/06/2006,FFZ,AZ,AWP,WE,Towers with Radar,0,0,4,0,4,0,21,328,1,350,0,21,332,1,354,370,0,370,724
12/07/2006,FFZ,AZ,AWP,WE,Towers with Radar,0,0,14,0,14,0,17,294,3,314,0,17,308,3,328,190,0,190,518
12/08/2006,FFZ,AZ,AWP,WE,Towers with Radar,0,0,18,0,18,0,11,331,3,345,0,11,349,3,363,216,0,216,579
12/09/2006,FFZ,AZ,AWP,WE,Towers with Radar,0,2,6,0,8,0,9,342,0,351,0,11,348,0,359,208,0,208,567
12/10/2006,FFZ,AZ,AWP,WE,Towers with Radar,0,2,16,0,18,0,18,204,0,222,0,20,220,0,240,114,0,114,354
12/11/2006,FFZ,AZ,AWP,WE,Towers with Radar,0,2,6,0,8,0,10,241,11,262,0,12,247,11,270,346,0,346,616
12/12/2006,FFZ,AZ,AWP,WE,Towers with Radar,0,0,13,1,14,0,24,309,8,341,0,24,322,9,355,365,2,367,722
12/13/2006,FFZ,AZ,AWP,WE,Towers with Radar,0,1,13,1,15,0,10,347,1,358,0,11,360,2,373,230,0,230,603
12/14/2006,FFZ,AZ,AWP,WE,Towers with Radar,0,0,19,0,19,0,17,330,15,362,0,17,349,15,381,280,2,282,663
12/15/2006,FFZ,AZ,AWP,WE,Towers with Radar,1,0,14,0,15,1,18,323,3,345,2,18,337,3,360,206,0,206,566
12/16/2006,FFZ,AZ,AWP,WE,Towers with Radar,0,0,6,0,6,0,8,307,2,317,0,8,313,2,323,258,0,258,581
12/17/2006,FFZ,AZ,AWP,WE,Towers with Radar,0,0,9,0,9,0,7,218,1,226,0,7,227,1,235,136,0,136,371
12/18/2006,FFZ,AZ,AWP,WE,Towers with Radar,0,0,11,0,11,0,27,188,8,223,0,27,199,8,234,334,0,334,568
12/19/2006,FFZ,AZ,AWP,WE,Towers with Radar,0,1,16,0,17,0,18,279,5,302,0,19,295,5,319,332,0,332,651
12/20/2006,FFZ,AZ,AWP,WE,Towers with Radar,0,0,9,0,9,0,30,353,0,383,0,30,362,0,392,372,0,372,764
12/21/2006,FFZ,AZ,AWP,WE,Towers with Radar,0,0,19,0,19,0,11,330,0,341,0,11,349,0,360,274,0,274,634
12/22/2006,FFZ,AZ,AWP,WE,Towers with Radar,0,0,11,0,11,0,10,226,2,238,0,10,237,2,249,254,0,254,503
12/23/2006,FFZ,AZ,AWP,WE,Towers with Radar,0,4,18,0,22,0,6,236,2,244,0,10,254,2,266,148,0,148,414
12/24/2006,FFZ,AZ,AWP,WE,Towers with Radar,0,2,5,0,7,0,15,224,0,239,0,17,229,0,246,178,0,178,424
12/25/2006,FFZ,AZ,AWP,WE,Towers with Radar,0,1,2,0,3,0,14,123,0,137,0,15,125,0,140,88,0,88,228
12/26/2006,FFZ,AZ,AWP,WE,Towers with Radar,0,2,28,0,30,0,6,248,28,282,0,8,276,28,312,194,0,194,506
12/27/2006,FFZ,AZ,AWP,WE,Towers with Radar,0,3,16,0,19,0,6,240,0,246,0,9,256,0,265,184,0,184,449
12/28/2006,FFZ,AZ,AWP,WE,Towers with Radar,0,5,9,0,14,0,3,175,0,178,0,8,184,0,192,248,0,248,440
12/29/2006,FFZ,AZ,AWP,WE,Towers with Radar,0,1,13,0,14,0,3,322,0,325,0,4,335,0,339,434,0,434,773
12/30/2006,FFZ,AZ,AWP,WE,Towers with Radar,0,0,16,0,16,0,28,330,0,358,0,28,346,0,374,308,0,308,682
12/31/2006,FFZ,AZ,AWP,WE,Towers with Radar,0,1,17,0,18,0,8,288,0,296,0,9,305,0,314,152,0,152,466
01/01/2007,FFZ,AZ,AWP,WE,Towers with Radar,0,5,11,0,16,0,4,250,0,254,0,9,261,0,270,134,0,134,404
01/02/2007,FFZ,AZ,AWP,WE,Towers with Radar,0,1,22,0,23,0,13,260,0,273,0,14,282,0,296,210,0,210,506
01/03/2007,FFZ,AZ,AWP,WE,Towers with Radar,0,2,18,0,20,0,4,301,4,309,0,6,319,4,329,254,0,254,583
01/04/2007,FFZ,AZ,AWP,WE,Towers with Radar,0,1,24,0,25,0,26,355,2,383,0,27,379,2,408,408,0,408,816
01/05/2007,FFZ,AZ,AWP,WE,Towers with Radar,0,0,19,0,19,0,7,223,4,234,0,7,242,4,253,322,0,322,575
01/06/2007,FFZ,AZ,AWP,WE,Towers with Radar,0,0,10,0,10,0,13,277,0,290,0,13,287,0,300,296,0,296,596
01/07/2007,FFZ,AZ,AWP,WE,Towers with Radar,0,2,2,0,4,0,6,317,0,323,0,8,319,0,327,196,0,196,523
01/08/2007,FFZ,AZ,AWP,WE,Towers with Radar,0,0,11,0,11,0,0,265,4,269,0,0,276,4,280,318,0,318,598
01/09/2007,FFZ,AZ,AWP,WE,Towers with Radar,0,0,11,0,11,0,9,326,5,340,0,9,337,5,351,472,0,472,823
01/10/2007,FFZ,AZ,AWP,WE,Towers with Radar,0,2,11,0,13,0,10,319,9,338,0,12,330,9,351,368,0,368,719
01/11/2007,FFZ,AZ,AWP,WE,Towers with Radar,0,1,7,0,8,0,13,272,3,288,0,14,279,3,296,316,0,316,612
01/12/2007,FFZ,AZ,AWP,WE,Towers with Radar,0,3,7,0,10,0,7,179,3,189,0,10,186,3,199,380,0,380,579
01/13/2007,FFZ,AZ,AWP,WE,Towers with Radar,0,0,17,0,17,0,19,288,0,307,0,19,305,0,324,318,0,318,642
01/14/2007,FFZ,AZ,AWP,WE,Towers with Radar,0,0,12,0,12,0,31,299,0,330,0,31,311,0,342,170,0,170,512
01/15/2007,FFZ,AZ,AWP,WE,Towers with Radar,0,0,15,0,15,0,11,258,2,271,0,11,273,2,286,332,0,332,618
01/16/2007,FFZ,AZ,AWP,WE,Towers with Radar,0,1,19,0,20,0,35,273,5,313,0,36,292,5,333,356,0,356,689
01/17/2007,FFZ,AZ,AWP,WE,Towers with Radar,0,0,18,0,18,0,10,325,6,341,0,10,343,6,359,426,0,426,785
01/18/2007,FFZ,AZ,AWP,WE,Towers with Radar,0,1,24,0,25,0,22,306,1,329,0,23,330,1,354,422,0,422,776
01/19/2007,FFZ,AZ,AWP,WE,Towers with Radar,0,0,12,0,12,0,10,120,2,132,0,10,132,2,144,234,0,234,378
01/20/2007,FFZ,AZ,AWP,WE,Towers with Radar,0,0,11,0,11,2,12,186,0,200,2,12,197,0,211,182,0,182,393
01/21/2007,FFZ,AZ,AWP,WE,Towers with Radar,0,0,9,0,9,0,2,99,1,102,0,2,108,1,111,50,0,50,161
01/22/2007,FFZ,AZ,AWP,WE,Towers with Radar,0,0,22,0,22,0,29,254,10,293,0,29,276,10,315,454,0,454,769
01/23/2007,FFZ,AZ,AWP,WE,Towers with Radar,0,2,15,0,17,0,8,324,5,337,0,10,339,5,354,404,0,404,758
01/24/2007,FFZ,AZ,AWP,WE,Towers with Radar,0,0,19,2,21,0,15,384,8,407,0,15,403,10,428,630,0,630,1058
01/25/2007,FFZ,AZ,AWP,WE,Towers with Radar,0,2,21,0,23,0,50,291,26,367,0,52,312,26,390,482,0,482,872
01/26/2007,FFZ,AZ,AWP,WE,Towers with Radar,0,0,12,0,12,0,17,324,7,348,0,17,336,7,360,722,0,722,1082
01/27/2007,FFZ,AZ,AWP,WE,Towers with Radar,0,0,5,0,5,0,12,383,0,395,0,12,388,0,400,390,0,390,790
01/28/2007,FFZ,AZ,AWP,WE,Towers with Radar,0,4,18,0,22,0,3,345,0,348,0,7,363,0,370,332,0,332,702
01/29/2007,FFZ,AZ,AWP,WE,Towers with Radar,0,0,8,0,8,0,15,316,2,333,0,15,324,2,341,494,0,494,835
01/30/2007,FFZ,AZ,AWP,WE,Towers with Radar,0,2,12,0,14,0,13,142,4,159,0,15,154,4,173,324,0,324,497
01/31/2007,FFZ,AZ,AWP,WE,Towers with Radar,0,2,6,0,8,0,9,146,0,155,0,11,152,0,163,184,0,184,347
02/01/2007,FFZ,AZ,AWP,WE,Towers with Radar,0,1,16,0,17,2,26,330,3,361,2,27,346,3,378,666,0,666,1044
02/02/2007,FFZ,AZ,AWP,WE,Towers with Radar,0,2,15,0,17,0,16,403,3,422,0,18,418,3,439,944,0,944,1383
02/03/2007,FFZ,AZ,AWP,WE,Towers with Radar,0,2,12,0,14,0,7,478,0,485,0,9,490,0,499,352,0,352,851
02/04/2007,FFZ,AZ,AWP,WE,Towers with Radar,0,1,14,0,15,0,12,337,0,349,0,13,351,0,364,294,0,294,658
02/05/2007,FFZ,AZ,AWP,WE,Towers with Radar,0,0,18,0,18,0,4,391,0,395,0,4,409,0,413,546,0,546,959
02/06/2007,FFZ,AZ,AWP,WE,Towers with Radar,0,0,21,0,21,0,31,314,12,357,0,31,335,12,378,348,10,358,736
02/07/2007,FFZ,AZ,AWP,WE,Towers with Radar,0,0,14,0,14,0,15,432,4,451,0,15,446,4,465,516,2,518,983
02/08/2007,FFZ,AZ,AWP,WE,Towers with Radar,0,0,32,0,32,0,11,356,30,397,0,11,388,30,429,474,0,474,903
02/09/2007,FFZ,AZ,AWP,WE,Towers with Radar,0,1,20,0,21,0,34,370,2,406,0,35,390,2,427,496,0,496,923
02/10/2007,FFZ,AZ,AWP,WE,Towers with Radar,0,2,11,0,13,0,3,383,0,386,0,5,394,0,399,240,2,242,641
02/11/2007,FFZ,AZ,AWP,WE,Towers with Radar,0,0,15,0,15,0,11,223,2,236,0,11,238,2,251,154,0,154,405
02/12/2007,FFZ,AZ,AWP,WE,Towers with Radar,0,0,19,0,19,0,18,332,4,354,0,18,351,4,373,546,0,546,919
02/13/2007,FFZ,AZ,AWP,WE,Towers with Radar,0,3,26,0,29,0,10,339,8,357,0,13,365,8,386,676,0,676,1062
02/14/2007,FFZ,AZ,AWP,WE,Towers with Radar,0,0,38,0,38,0,9,354,1,364,0,9,392,1,402,508,0,508,910
02/15/2007,FFZ,AZ,AWP,WE,Towers with Radar,0,0,21,0,21,0,15,558,0,573,0,15,579,0,594,614,0,614,1208
02/16/2007,FFZ,AZ,AWP,WE,Towers with Radar,0,0,22,0,22,0,28,445,0,473,0,28,467,0,495,534,0,534,1029
02/17/2007,FFZ,AZ,AWP,WE,Towers with Radar,0,0,30,0,30,0,9,354,7,370,0,9,384,7,400,340,0,340,740
02/18/2007,FFZ,AZ,AWP,WE,Towers with Radar,0,0,16,0,16,0,8,307,0,315,0,8,323,0,331,344,0,344,675
02/19/2007,FFZ,AZ,AWP,WE,Towers with Radar,0,0,18,0,18,0,11,196,2,209,0,11,214,2,227,124,0,124,351
02/20/2007,FFZ,AZ,AWP,WE,Towers with Radar,0,0,34,0,34,0,13,397,9,419,0,13,431,9,453,654,0,654,1107
02/21/2007,FFZ,AZ,AWP,WE,Towers with Radar,0,0,31,0,31,0,11,503,6,520,0,11,534,6,551,738,0,738,1289
02/22/2007,FFZ,AZ,AWP,WE,Towers with Radar,0,2,22,0,24,0,24,459,0,483,0,26,481,0,507,834,0,834,1341
02/23/2007,FFZ,AZ,AWP,WE,Towers with Radar,0,0,14,0,14,0,11,228,0,239,0,11,242,0,253,274,0,274,527
02/24/2007,FFZ,AZ,AWP,WE,Towers with Radar,0,0,20,0,20,0,18,398,6,422,0,18,418,6,442,308,0,308,750
02/25/2007,FFZ,AZ,AWP,WE,Towers with Radar,0,0,18,0,18,0,19,367,0,386,0,19,385,0,404,286,0,286,690
02/26/2007,FFZ,AZ,AWP,WE,Towers with Radar,0,1,22,0,23,0,16,387,0,403,0,17,409,0,426,482,0,482,908
02/27/2007,FFZ,AZ,AWP,WE,Towers with Radar,0,1,21,0,22,0,8,339,3,350,0,9,360,3,372,478,2,480,852
02/28/2007,FFZ,AZ,AWP,WE,Towers with Radar,0,0,28,0,28,0,14,298,5,317,0,14,326,5,345,362,2,364,709
03/01/2007,FFZ,AZ,AWP,WE,Towers with Radar,0,0,22,0,22,0,12,413,3,428,0,12,435,3,450,456,0,456,906
03/02/2007,FFZ,AZ,AWP,WE,Towers with Radar,0,3,16,0,19,0,2,449,1,452,0,5,465,1,471,556,0,556,1027
03/03/2007,FFZ,AZ,AWP,WE,Towers with Radar,0,0,12,0,12,0,14,346,0,360,0,14,358,0,372,340,0,340,712
03/04/2007,FFZ,AZ,AWP,WE,Towers with Radar,0,0,21,0,21,0,16,259,21,296,0,16,280,21,317,280,0,280,597
03/05/2007,FFZ,AZ,AWP,WE,Towers with Radar,0,2,31,0,33,0,22,418,0,440,0,24,449,0,473,764,0,764,1237
03/06/2007,FFZ,AZ,AWP,WE,Towers with Radar,0,2,32,0,34,0,8,361,7,376,0,10,393,7,410,575,0,575,985
03/07/2007,FFZ,AZ,AWP,WE,Towers with Radar,0,0,23,0,23,0,32,477,18,527,0,32,500,18,550,562,0,562,1112
03/08/2007,FFZ,AZ,AWP,WE,Towers with Radar,0,1,24,0,25,0,14,356,32,402,0,15,380,32,427,606,0,606,1033
03/09/2007,FFZ,AZ,AWP,WE,Towers with Radar,0,1,18,0,19,0,12,466,5,483,0,13,484,5,502,746,3,749,1251
03/10/2007,FFZ,AZ,AWP,WE,Towers with Radar,0,0,16,0,16,0,14,425,2,441,0,14,441,2,457,456,2,458,915
03/11/2007,FFZ,AZ,AWP,WE,Towers with Radar,0,3,12,0,15,0,10,323,0,333,0,13,335,0,348,242,0,242,590
03/12/2007,FFZ,AZ,AWP,WE,Towers with Radar,0,3,14,0,17,0,20,396,0,416,0,23,410,0,433,534,0,534,967
03/13/2007,FFZ,AZ,AWP,WE,Towers with Radar,0,1,25,0,26,0,15,364,5,384,0,16,389,5,410,690,0,690,1100
03/14/2007,FFZ,AZ,AWP,WE,Towers with Radar,0,0,18,0,18,0,34,422,10,466,0,34,440,10,484,606,0,606,1090
03/15/2007,FFZ,AZ,AWP,WE,Towers with Radar,0,0,17,0,17,0,23,416,4,443,0,23,433,4,460,584,4,588,1048
03/16/2007,FFZ,AZ,AWP,WE,Towers with Radar,0,0,23,0,23,0,4,346,2,352,0,4,369,2,375,443,0,443,818
03/17/2007,FFZ,AZ,AWP,WE,Towers with Radar,0,1,14,0,15,0,19,294,0,313,0,20,308,0,328,286,0,286,614
03/18/2007,FFZ,AZ,AWP,WE,Towers with Radar,0,1,25,0,26,0,6,313,0,319,0,7,338,0,345,212,0,212,557
03/19/2007,FFZ,AZ,AWP,WE,Towers with Radar,0,0,22,0,22,0,8,372,5,385,0,8,394,5,407,510,0,510,917
03/20/2007,FFZ,AZ,AWP,WE,Towers with Radar,0,2,20,0,22,0,4,404,4,412,0,6,424,4,434,576,0,576,1010
03/21/2007,FFZ,AZ,AWP,WE,Towers with Radar,0,0,30,0,30,0,27,328,0,355,0,27,358,0,385,630,0,630,1015
03/22/2007,FFZ,AZ,AWP,WE,Towers with Radar,0,1,27,0,28,0,9,148,3,160,0,10,175,3,188,142,0,142,330
03/23/2007,FFZ,AZ,AWP,WE,Towers with Radar,0,1,22,0,23,0,18,266,10,294,0,19,288,10,317,448,6,454,771
03/24/2007,FFZ,AZ,AWP,WE,Towers with Radar,0,1,24,0,25,0,16,411,18,445,0,17,435,18,470,474,0,474,944
03/25/2007,FFZ,AZ,AWP,WE,Towers with Radar,0,0,25,0,25,0,17,342,0,359,0,17,367,0,384,390,0,390,774
03/26/2007,FFZ,AZ,AWP,WE,Towers with Radar,0,0,20,0,20,0,27,461,2,490,0,27,481,2,510,428,0,428,938
03/27/2007,FFZ,AZ,AWP,WE,Towers with Radar,0,1,31,0,32,1,36,197,0,234,1,37,228,0,266,328,2,330,596
03/28/2007,FFZ,AZ,AWP,WE,Towers with Radar,0,0,24,0,24,0,27,415,6,448,0,27,439,6,472,372,0,372,844
03/29/2007,FFZ,AZ,AWP,WE,Towers with Radar,0,0,29,0,29,0,26,344,5,375,0,26,373,5,404,588,0,588,992
03/30/2007,FFZ,AZ,AWP,WE,Towers with Radar,0,0,28,0,28,0,12,369,3,384,0,12,397,3,412,420,2,422,834
03/31/2007,FFZ,AZ,AWP,WE,Towers with Radar,0,0,21,0,21,0,27,567,4,598,0,27,588,4,619,258,0,258,877
04/01/2007,FFZ,AZ,AWP,WE,Towers with Radar,0,0,18,0,18,0,17,314,2,333,0,17,332,2,351,224,0,224,575
04/02/2007,FFZ,AZ,AWP,WE,Towers with Radar,0,2,18,0,20,0,1,395,4,400,0,3,413,4,420,380,0,380,800
04/03/2007,FFZ,AZ,AWP,WE,Towers with Radar,0,0,25,0,25,0,15,414,4,433,0,15,439,4,458,488,0,488,946
04/04/2007,FFZ,AZ,AWP,WE,Towers with Radar,0,0,32,0,32,0,37,392,1,430,0,37,424,1,462,710,0,710,1172
04/05/2007,FFZ,AZ,AWP,WE,Towers with Radar,0,0,31,0,31,0,27,325,8,360,0,27,356,8,391,432,0,432,823
04/06/2007,FFZ,AZ,AWP,WE,Towers with Radar,0,4,28,0,32,0,13,417,4,434,0,17,445,4,466,632,2,634,1100
04/07/2007,FFZ,AZ,AWP,WE,Towers with Radar,0,0,13,0,13,0,8,513,2,523,0,8,526,2,536,548,0,548,1084
04/08/2007,FFZ,AZ,AWP,WE,Towers with Radar,0,0,12,0,12,0,5,165,0,170,0,5,177,0,182,100,0,100,282
04/09/2007,FFZ,AZ,AWP,WE,Towers with Radar,0,2,23,0,25,0,24,411,4,439,0,26,434,4,464,700,0,700,1164
04/10/2007,FFZ,AZ,AWP,WE,Towers with Radar,1,0,17,1,19,1,15,409,7,432,2,15,426,8,451,666,0,666,1117
04/11/2007,FFZ,AZ,AWP,WE,Towers with Radar,0,3,26,0,29,0,28,342,1,371,0,31,368,1,400,504,0,504,904
04/12/2007,FFZ,AZ,AWP,WE,Towers with Radar,0,0,12,0,12,0,16,140,2,158,0,16,152,2,170,218,0,218,388
04/13/2007,FFZ,AZ,AWP,WE,Towers with Radar,0,0,27,0,27,0,13,442,4,459,0,13,469,4,486,738,4,742,1228
04/14/2007,FFZ,AZ,AWP,WE,Towers with Radar,0,1,11,0,12,0,19,514,10,543,0,20,525,10,555,544,2,546,1101
04/15/2007,FFZ,AZ,AWP,WE,Towers with Radar,0,0,8,0,8,0,8,174,4,186,0,8,182,4,194,114,0,114,308
04/16/2007,FFZ,AZ,AWP,WE,Towers with Radar,0,0,16,0,16,0,16,400,1,417,0,16,416,1,433,652,0,652,1085
04/17/2007,FFZ,AZ,AWP,WE,Towers with Radar,0,2,21,0,23,0,25,480,18,523,0,27,501,18,546,756,1,757,1303
04/18/2007,FFZ,AZ,AWP,WE,Towers with Radar,0,2,15,0,17,0,7,403,10,420,0,9,418,10,437,520,2,522,959
04/19/2007,FFZ,AZ,AWP,WE,Towers with Radar,0,2,26,0,28,0,23,388,4,415,0,25,414,4,443,800,1,801,1244
04/20/2007,FFZ,AZ,AWP,WE,Towers with Radar,0,0,20,0,20,0,23,278,3,304,0,23,298,3,324,558,4,562,886
04/21/2007,FFZ,AZ,AWP,WE,Towers with Radar,0,0,210,0,210,0,24,52,3,79,0,24,262,3,289,626,0,626,915
04/22/2007,FFZ,AZ,AWP,WE,Towers with Radar,0,1,19,0,20,0,6,289,0,295,0,7,308,0,315,214,0,214,529
04/23/2007,FFZ,AZ,AWP,WE,Towers with Radar,0,1,24,0,25,0,11,292,17,320,0,12,316,17,345,544,0,544,889
04/24/2007,FFZ,AZ,AWP,WE,Towers with Radar,0,4,30,0,34,0,17,437,8,462,0,21,467,8,496,610,0,610,1106
04/25/2007,FFZ,AZ,AWP,WE,Towers with Radar,0,2,11,0,13,0,12,468,8,488,0,14,479,8,501,627,0,627,1128
04/26/2007,FFZ,AZ,AWP,WE,Towers with Radar,0,3,33,0,36,0,13,461,0,474,0,16,494,0,510,632,0,632,1142
04/27/2007,FFZ,AZ,AWP,WE,Towers with Radar,0,0,23,0,23,0,20,419,11,450,0,20,442,11,473,534,0,534,1007
04/28/2007,FFZ,AZ,AWP,WE,Towers with Radar,0,1,15,0,16,0,14,405,22,441,0,15,420,22,457,330,0,330,787
04/29/2007,FFZ,AZ,AWP,WE,Towers with Radar,0,0,13,0,13,0,19,299,4,322,0,19,312,4,335,320,0,320,655
04/30/2007,FFZ,AZ,AWP,WE,Towers with Radar,0,1,23,0,24,0,30,437,10,477,0,31,460,10,501,604,0,604,1105
05/01/2007,FFZ,AZ,AWP,WE,Towers with Radar,0,0,25,0,25,0,22,347,5,374,0,22,372,5,399,554,0,554,953
05/02/2007,FFZ,AZ,AWP,WE,Towers with Radar,0,2,23,0,25,0,20,470,6,496,0,22,493,6,521,726,0,726,1247
05/03/2007,FFZ,AZ,AWP,WE,Towers with Radar,0,0,27,0,27,0,7,410,3,420,0,7,437,3,447,626,0,626,1073
05/04/2007,FFZ,AZ,AWP,WE,Towers with Radar,0,3,13,0,16,4,29,280,4,317,4,32,293,4,333,476,0,476,809
05/05/2007,FFZ,AZ,AWP,WE,Towers with Radar,0,3,15,0,18,0,5,294,0,299,0,8,309,0,317,216,0,216,533
05/06/2007,FFZ,AZ,AWP,WE,Towers with Radar,0,4,16,0,20,0,16,297,0,313,0,20,313,0,333,272,0,272,605
05/07/2007,FFZ,AZ,AWP,WE,Towers with Radar,0,0,23,0,23,0,24,400,9,433,0,24,423,9,456,618,18,636,1092
05/08/2007,FFZ,AZ,AWP,WE,Towers with Radar,0,4,18,0,22,0,18,379,7,404,0,22,397,7,426,616,0,616,1042
05/09/2007,FFZ,AZ,AWP,WE,Towers with Radar,0,5,26,0,31,0,5,424,8,437,0,10,450,8,468,694,0,694,1162
05/10/2007,FFZ,AZ,AWP,WE,Towers with Radar,0,2,23,0,25,0,23,499,6,528,0,25,522,6,553,800,0,800,1353
05/11/2007,FFZ,AZ,AWP,WE,Towers with Radar,0,0,19,0,19,0,25,408,8,441,0,25,427,8,460,562,0,562,1022
05/12/2007,FFZ,AZ,AWP,WE,Towers with Radar,0,0,18,0,18,0,24,383,2,409,0,24,401,2,427,508,0,508,935
05/13/2007,FFZ,AZ,AWP,WE,Towers with Radar,0,0,17,0,17,0,16,258,0,274,0,16,275,0,291,180,0,180,471
05/14/2007,FFZ,AZ,AWP,WE,Towers with Radar,0,0,24,0,24,0,13,382,11,406,0,13,406,11,430,428,44,472,902
05/15/2007,FFZ,AZ,AWP,WE,Towers with Radar,0,1,12,0,13,0,18,426,13,457,0,19,438,13,470,698,0,698,1168
05/16/2007,FFZ,AZ,AWP,WE,Towers with Radar,0,1,22,0,23,0,51,285,9,345,0,52,307,9,368,538,0,538,906
05/17/2007,FFZ,AZ,AWP,WE,Towers with Radar,0,0,19,0,19,0,14,397,8,419,0,14,416,8,438,490,4,494,932
05/18/2007,FFZ,AZ,AWP,WE,Towers with Radar,0,0,29,0,29,0,23,442,6,471,0,23,471,6,500,484,0,484,984
05/19/2007,FFZ,AZ,AWP,WE,Towers with Radar,0,0,7,0,7,0,7,390,0,397,0,7,397,0,404,354,0,354,758
05/20/2007,FFZ,AZ,AWP,WE,Towers with Radar,0,0,18,0,18,0,19,265,0,284,0,19,283,0,302,248,0,248,550
05/21/2007,FFZ,AZ,AWP,WE,Towers with Radar,0,0,18,0,18,0,8,403,5,416,0,8,421,5,434,416,0,416,850
05/22/2007,FFZ,AZ,AWP,WE,Towers with Radar,0,0,16,0,16,0,16,381,15,412,0,16,397,15,428,554,2,556,984
05/23/2007,FFZ,AZ,AWP,WE,Towers with Radar,0,0,16,12,28,0,13,398,0,411,0,13,414,12,439,822,10,832,1271
05/24/2007,FFZ,AZ,AWP,WE,Towers with Radar,0,2,25,0,27,0,30,382,11,423,0,32,407,11,450,388,4,392,842
05/25/2007,FFZ,AZ,AWP,WE,Towers with Radar,0,0,19,0,19,0,18,345,7,370,0,18,364,7,389,424,4,428,817
05/26/2007,FFZ,AZ,AWP,WE,Towers with Radar,0,0,15,0,15,0,4,271,0,275,0,4,286,0,290,318,0,318,608
05/27/2007,FFZ,AZ,AWP,WE,Towers with Radar,0,0,13,0,13,0,4,265,0,269,0,4,278,0,282,136,0,136,418
05/28/2007,FFZ,AZ,AWP,WE,Towers with Radar,0,2,16,0,18,0,23,269,0,292,0,25,285,0,310,142,0,142,452
05/29/2007,FFZ,AZ,AWP,WE,Towers with Radar,0,1,17,0,18,0,26,317,3,346,0,27,334,3,364,585,0,585,949
05/30/2007,FFZ,AZ,AWP,WE,Towers with Radar,0,4,12,0,16,0,9,346,6,361,0,13,358,6,377,584,0,584,961
05/31/2007,FFZ,AZ,AWP,WE,Towers with Radar,0,1,17,0,18,0,26,384,4,414,0,27,401,4,432,704,0,704,1136
06/01/2007,FFZ,AZ,AWP,WE,Towers with Radar,0,2,9,0,11,0,28,365,2,395,0,30,374,2,406,604,0,604,1010
06/02/2007,FFZ,AZ,AWP,WE,Towers with Radar,0,1,9,0,10,0,16,330,13,359,0,17,339,13,369,472,0,472,841
06/03/2007,FFZ,AZ,AWP,WE,Towers with Radar,0,1,13,0,14,0,17,246,0,263,0,18,259,0,277,171,0,171,448
06/04/2007,FFZ,AZ,AWP,WE,Towers with Radar,0,0,11,0,11,0,24,361,6,391,0,24,372,6,402,444,0,444,846
06/05/2007,FFZ,AZ,AWP,WE,Towers with Radar,0,4,24,0,28,0,13,320,4,337,0,17,344,4,365,504,0,504,869
06/06/2007,FFZ,AZ,AWP,WE,Towers with Radar,0,3,13,0,16,0,9,219,0,228,0,12,232,0,244,208,0,208,452
06/07/2007,FFZ,AZ,AWP,WE,Towers with Radar,0,0,18,0,18,0,18,450,9,477,0,18,468,9,495,656,2,658,1153
06/08/2007,FFZ,AZ,AWP,WE,Towers with Radar,0,1,11,0,12,0,26,431,3,460,0,27,442,3,472,654,0,654,1126
06/09/2007,FFZ,AZ,AWP,WE,Towers with Radar,0,2,8,0,10,0,22,319,0,341,0,24,327,0,351,256,0,256,607
06/10/2007,FFZ,AZ,AWP,WE,Towers with Radar,0,0,11,0,11,0,6,295,0,301,0,6,306,0,312,240,0,240,552
06/11/2007,FFZ,AZ,AWP,WE,Towers with Radar,0,0,16,0,16,0,7,355,5,367,0,7,371,5,383,430,0,430,813
06/12/2007,FFZ,AZ,AWP,WE,Towers with Radar,0,2,12,0,14,0,31,454,13,498,0,33,466,13,512,594,0,594,1106
06/13/2007,FFZ,AZ,AWP,WE,Towers with Radar,0,0,12,0,12,0,17,412,3,432,0,17,424,3,444,504,1,505,949
06/14/2007,FFZ,AZ,AWP,WE,Towers with Radar,0,2,13,0,15,2,17,384,5,408,2,19,397,5,423,578,0,578,1001
06/15/2007,FFZ,AZ,AWP,WE,Towers with Radar,0,0,17,0,17,0,27,355,8,390,0,27,372,8,407,446,0,446,853
06/16/2007,FFZ,AZ,AWP,WE,Towers with Radar,0,0,14,0,14,0,21,298,0,319,0,21,312,0,333,374,0,374,707
06/17/2007,FFZ,AZ,AWP,WE,Towers with Radar,0,0,6,0,6,0,25,193,20,238,0,25,199,20,244,142,0,142,386
06/18/2007,FFZ,AZ,AWP,WE,Towers with Radar,0,0,15,0,15,0,15,353,7,375,0,15,368,7,390,312,0,312,702
06/19/2007,FFZ,AZ,AWP,WE,Towers with Radar,0,0,15,0,15,0,35,359,4,398,0,35,374,4,413,479,0,479,892
06/20/2007,FFZ,AZ,AWP,WE,Towers with Radar,0,0,15,0,15,0,34,320,6,360,0,34,335,6,375,496,0,496,871
06/21/2007,FFZ,AZ,AWP,WE,Towers with Radar,0,2,13,0,15,0,28,326,6,360,0,30,339,6,375,284,0,284,659
06/22/2007,FFZ,AZ,AWP,WE,Towers with Radar,0,0,20,0,20,0,18,338,3,359,0,18,358,3,379,476,0,476,855
06/23/2007,FFZ,AZ,AWP,WE,Towers with Radar,0,2,13,0,15,0,14,323,1,338,0,16,336,1,353,304,0,304,657
06/24/2007,FFZ,AZ,AWP,WE,Towers with Radar,0,0,10,0,10,0,12,233,0,245,0,12,243,0,255,207,0,207,462
06/25/2007,FFZ,AZ,AWP,WE,Towers with Radar,0,1,20,0,21,0,3,306,0,309,0,4,326,0,330,397,0,397,727
06/26/2007,FFZ,AZ,AWP,WE,Towers with Radar,0,1,13,0,14,0,19,304,15,338,0,20,317,15,352,400,0,400,752
06/27/2007,FFZ,AZ,AWP,WE,Towers with Radar,0,2,15,0,17,0,16,359,9,384,0,18,374,9,401,322,0,322,723
06/28/2007,FFZ,AZ,AWP,WE,Towers with Radar,0,0,20,0,20,0,20,324,19,363,0,20,344,19,383,452,0,452,835
06/29/2007,FFZ,AZ,AWP,WE,Towers with Radar,0,2,26,0,28,0,7,375,9,391,0,9,401,9,419,304,0,304,723
06/30/2007,FFZ,AZ,AWP,WE,Towers with Radar,0,2,16,0,18,0,17,262,5,284,0,19,278,5,302,236,0,236,538
07/01/2007,FFZ,AZ,AWP,WE,Towers with Radar,0,1,7,0,8,0,25,148,0,173,0,26,155,0,181,155,0,155,336
07/02/2007,FFZ,AZ,AWP,WE,Towers with Radar,0,0,14,0,14,0,18,314,9,341,0,18,328,9,355,324,0,324,679
07/03/2007,FFZ,AZ,AWP,WE,Towers with Radar,0,0,16,0,16,0,28,364,0,392,0,28,380,0,408,320,0,320,728
07/04/2007,FFZ,AZ,AWP,WE,Towers with Radar,0,0,5,0,5,0,25,220,0,245,0,25,225,0,250,190,0,190,440
07/05/2007,FFZ,AZ,AWP,WE,Towers with Radar,0,2,24,0,26,0,12,225,2,239,0,14,249,2,265,194,0,194,459
07/06/2007,FFZ,AZ,AWP,WE,Towers with Radar,0,0,21,0,21,0,20,259,8,287,0,20,280,8,308,260,0,260,568
07/07/2007,FFZ,AZ,AWP,WE,Towers with Radar,0,0,14,0,14,0,9,302,0,311,0,9,316,0,325,354,0,354,679
07/08/2007,FFZ,AZ,AWP,WE,Towers with Radar,0,0,12,0,12,0,12,201,6,219,0,12,213,6,231,118,0,118,349
07/09/2007,FFZ,AZ,AWP,WE,Towers with Radar,0,0,22,0,22,0,32,298,7,337,0,32,320,7,359,413,4,417,776
07/10/2007,FFZ,AZ,AWP,WE,Towers with Radar,0,0,12,0,12,0,16,307,5,328,0,16,319,5,340,572,0,572,912
07/11/2007,FFZ,AZ,AWP,WE,Towers with Radar,0,0,26,0,26,0,18,280,4,302,0,18,306,4,328,388,0,388,716
07/12/2007,FFZ,AZ,AWP,WE,Towers with Radar,0,0,15,0,15,0,38,319,3,360,0,38,334,3,375,346,0,346,721
07/13/2007,FFZ,AZ,AWP,WE,Towers with Radar,0,0,12,0,12,0,19,299,4,322,0,19,311,4,334,356,0,356,690
07/14/2007,FFZ,AZ,AWP,WE,Towers with Radar,0,0,6,0,6,0,18,262,0,280,0,18,268,0,286,305,0,305,591
07/15/2007,FFZ,AZ,AWP,WE,Towers with Radar,0,0,11,0,11,0,6,222,8,236,0,6,233,8,247,266,0,266,513
07/16/2007,FFZ,AZ,AWP,WE,Towers with Radar,0,0,16,0,16,0,24,310,0,334,0,24,326,0,350,338,0,338,688
07/17/2007,FFZ,AZ,AWP,WE,Towers with Radar,0,0,22,0,22,0,41,283,4,328,0,41,305,4,350,590,0,590,940
07/18/2007,FFZ,AZ,AWP,WE,Towers with Radar,0,2,17,0,19,0,34,315,4,353,0,36,332,4,372,464,0,464,836
07/19/2007,FFZ,AZ,AWP,WE,Towers with Radar,0,0,29,0,29,0,13,277,7,297,0,13,306,7,326,466,0,466,792
07/20/2007,FFZ,AZ,AWP,WE,Towers with Radar,0,4,13,0,17,0,5,331,17,353,0,9,344,17,370,616,2,618,988
07/21/2007,FFZ,AZ,AWP,WE,Towers with Radar,0,2,14,0,16,0,14,260,4,278,0,16,274,4,294,280,0,280,574
07/22/2007,FFZ,AZ,AWP,WE,Towers with Radar,0,0,14,0,14,0,19,221,0,240,0,19,235,0,254,140,0,140,394
07/23/2007,FFZ,AZ,AWP,WE,Towers with Radar,0,0,6,0,6,0,14,268,2,284,0,14,274,2,290,438,0,438,728
07/24/2007,FFZ,AZ,AWP,WE,Towers with Radar,0,0,11,0,11,0,17,311,6,334,0,17,322,6,345,534,0,534,879
07/25/2007,FFZ,AZ,AWP,WE,Towers with Radar,0,0,13,0,13,0,31,375,10,416,0,31,388,10,429,694,0,694,1123
07/26/2007,FFZ,AZ,AWP,WE,Towers with Radar,0,2,23,0,25,0,24,389,14,427,0,26,412,14,452,790,2,792,1244
07/27/2007,FFZ,AZ,AWP,WE,Towers with Radar,0,1,19,0,20,0,6,337,4,347,0,7,356,4,367,674,0,674,1041
07/28/2007,FFZ,AZ,AWP,WE,Towers with Radar,0,0,12,0,12,0,7,313,0,320,0,7,325,0,332,422,0,422,754
07/29/2007,FFZ,AZ,AWP,WE,Towers with Radar,0,5,15,0,20,0,9,213,0,222,0,14,228,0,242,274,0,274,516
07/30/2007,FFZ,AZ,AWP,WE,Towers with Radar,0,0,7,0,7,0,24,271,8,303,0,24,278,8,310,432,0,432,742
07/31/2007,FFZ,AZ,AWP,WE,Towers with Radar,0,1,7,10,18,0,11,305,0,316,0,12,312,10,334,555,0,555,889
08/01/2007,FFZ,AZ,AWP,WE,Towers with Radar,0,2,14,0,16,0,32,321,4,357,0,34,335,4,373,618,0,618,991
08/02/2007,FFZ,AZ,AWP,WE,Towers with Radar,0,4,11,0,15,0,25,385,2,412,0,29,396,2,427,829,0,829,1256
08/03/2007,FFZ,AZ,AWP,WE,Towers with Radar,0,1,13,0,14,0,18,423,0,441,0,19,436,0,455,847,0,847,1302
08/04/2007,FFZ,AZ,AWP,WE,Towers with Radar,0,1,16,0,17,0,14,294,0,308,0,15,310,0,325,400,0,400,725
08/05/2007,FFZ,AZ,AWP,WE,Towers with Radar,0,1,18,0,19,0,17,250,0,267,0,18,268,0,286,260,0,260,546
08/06/2007,FFZ,AZ,AWP,WE,Towers with Radar,0,0,16,0,16,0,41,311,6,358,0,41,327,6,374,736,0,736,1110
08/07/2007,FFZ,AZ,AWP,WE,Towers with Radar,0,0,25,0,25,0,13,417,13,443,0,13,442,13,468,637,0,637,1105
08/08/2007,FFZ,AZ,AWP,WE,Towers with Radar,0,2,24,0,26,0,20,443,6,469,0,22,467,6,495,646,0,646,1141
08/09/2007,FFZ,AZ,AWP,WE,Towers with Radar,0,4,20,0,24,0,22,443,2,467,0,26,463,2,491,484,0,484,975
08/10/2007,FFZ,AZ,AWP,WE,Towers with Radar,0,0,12,0,12,0,21,400,10,431,0,21,412,10,443,599,0,599,1042
08/11/2007,FFZ,AZ,AWP,WE,Towers with Radar,0,0,15,0,15,0,15,334,0,349,0,15,349,0,364,501,0,501,865
08/12/2007,FFZ,AZ,AWP,WE,Towers with Radar,0,0,15,0,15,0,15,245,0,260,0,15,260,0,275,130,0,130,405
08/13/2007,FFZ,AZ,AWP,WE,Towers with Radar,0,0,14,0,14,0,25,324,14,363,0,25,338,14,377,320,0,320,697
08/14/2007,FFZ,AZ,AWP,WE,Towers with Radar,0,1,15,0,16,0,14,387,4,405,0,15,402,4,421,640,0,640,1061
08/15/2007,FFZ,AZ,AWP,WE,Towers with Radar,0,0,15,0,15,0,24,363,2,389,0,24,378,2,404,530,0,530,934
08/16/2007,FFZ,AZ,AWP,WE,Towers with Radar,0,1,22,0,23,0,0,361,3,364,0,1,383,3,387,393,0,393,780
08/17/2007,FFZ,AZ,AWP,WE,Towers with Radar,0,1,27,0,28,0,24,400,5,429,0,25,427,5,457,483,0,483,940
08/18/2007,FFZ,AZ,AWP,WE,Towers with Radar,0,1,6,0,7,0,20,332,0,352,0,21,338,0,359,388,0,388,747
08/19/2007,FFZ,AZ,AWP,WE,Towers with Radar,0,0,10,0,10,0,15,218,0,233,0,15,228,0,243,120,0,120,363
08/20/2007,FFZ,AZ,AWP,WE,Towers with Radar,0,0,16,0,16,0,5,360,0,365,0,5,376,0,381,597,0,597,978
08/21/2007,FFZ,AZ,AWP,WE,Towers with Radar,0,2,29,0,31,0,27,407,9,443,0,29,436,9,474,540,0,540,1014
08/22/2007,FFZ,AZ,AWP,WE,Towers with Radar,0,2,16,0,18,0,31,378,0,409,0,33,394,0,427,524,0,524,951
08/23/2007,FFZ,AZ,AWP,WE,Towers with Radar,0,3,8,0,11,0,26,426,2,454,0,29,434,2,465,544,0,544,1009
08/24/2007,FFZ,AZ,AWP,WE,Towers with Radar,0,1,15,0,16,0,21,357,6,384,0,22,372,6,400,554,0,554,954
08/25/2007,FFZ,AZ,AWP,WE,Towers with Radar,0,1,12,0,13,0,14,228,1,243,0,15,240,1,256,422,0,422,678
08/26/2007,FFZ,AZ,AWP,WE,Towers with Radar,0,1,8,0,9,0,28,287,3,318,0,29,295,3,327,258,0,258,585
08/27/2007,FFZ,AZ,AWP,WE,Towers with Radar,0,0,18,0,18,0,25,346,6,377,0,25,364,6,395,552,0,552,947
08/28/2007,FFZ,AZ,AWP,WE,Towers with Radar,0,3,19,0,22,0,17,356,10,383,0,20,375,10,405,585,0,585,990
08/29/2007,FFZ,AZ,AWP,WE,Towers with Radar,0,1,11,0,12,0,26,366,10,402,0,27,377,10,414,506,2,508,922
08/30/2007,FFZ,AZ,AWP,WE,Towers with Radar,0,3,19,0,22,0,23,353,8,384,0,26,372,8,406,398,0,398,804
08/31/2007,FFZ,AZ,AWP,WE,Towers with Radar,0,3,24,0,27,0,8,372,4,384,0,11,396,4,411,500,0,500,911
09/01/2007,FFZ,AZ,AWP,WE,Towers with Radar,0,0,15,0,15,0,21,253,4,278,0,21,268,4,293,326,0,326,619
09/02/2007,FFZ,AZ,AWP,WE,Towers with Radar,0,0,9,0,9,0,9,180,2,191,0,9,189,2,200,138,0,138,338
09/03/2007,FFZ,AZ,AWP,WE,Towers with Radar,0,0,25,0,25,0,15,230,0,245,0,15,255,0,270,136,0,136,406
09/04/2007,FFZ,AZ,AWP,WE,Towers with Radar,0,3,7,0,10,0,19,389,14,422,0,22,396,14,432,445,0,445,877
09/05/2007,FFZ,AZ,AWP,WE,Towers with Radar,0,0,13,0,13,0,17,424,2,443,0,17,437,2,456,496,0,496,952
09/06/2007,FFZ,AZ,AWP,WE,Towers with Radar,0,6,19,0,25,0,18,352,7,377,0,24,371,7,402,476,0,476,878
09/07/2007,FFZ,AZ,AWP,WE,Towers with Radar,0,6,8,0,14,0,22,427,3,452,0,28,435,3,466,648,0,648,1114
09/08/2007,FFZ,AZ,AWP,WE,Towers with Radar,0,0,10,0,10,0,28,334,2,364,0,28,344,2,374,496,0,496,870
09/09/2007,FFZ,AZ,AWP,WE,Towers with Radar,0,6,11,0,17,0,13,207,0,220,0,19,218,0,237,130,0,130,367
09/10/2007,FFZ,AZ,AWP,WE,Towers with Radar,0,3,12,0,15,0,17,316,5,338,0,20,328,5,353,350,0,350,703
09/11/2007,FFZ,AZ,AWP,WE,Towers with Radar,0,4,21,0,25,0,50,303,9,362,0,54,324,9,387,364,0,364,751
09/12/2007,FFZ,AZ,AWP,WE,Towers with Radar,0,5,12,0,17,0,16,304,8,328,0,21,316,8,345,450,0,450,795
09/13/2007,FFZ,AZ,AWP,WE,Towers with Radar,0,2,11,0,13,0,15,434,6,455,0,17,445,6,468,480,0,480,948
09/14/2007,FFZ,AZ,AWP,WE,Towers with Radar,0,4,22,0,26,0,14,472,8,494,0,18,494,8,520,566,0,566,1086
09/15/2007,FFZ,AZ,AWP,WE,Towers with Radar,0,0,20,0,20,0,20,338,0,358,0,20,358,0,378,251,0,251,629
09/16/2007,FFZ,AZ,AWP,WE,Towers with Radar,0,0,9,0,9,0,22,229,0,251,0,22,238,0,260,479,0,479,739
09/17/2007,FFZ,AZ,AWP,WE,Towers with Radar,0,2,20,0,22,0,12,364,10,386,0,14,384,10,408,302,0,302,710
09/18/2007,FFZ,AZ,AWP,WE,Towers with Radar,0,0,19,0,19,0,25,490,10,525,0,25,509,10,544,631,0,631,1175
09/19/2007,FFZ,AZ,AWP,WE,Towers with Radar,0,0,24,0,24,0,21,456,3,480,0,21,480,3,504,643,0,643,1147
09/20/2007,FFZ,AZ,AWP,WE,Towers with Radar,0,2,22,0,24,0,5,403,13,421,0,7,425,13,445,446,0,446,891
09/21/2007,FFZ,AZ,AWP,WE,Towers with Radar,0,0,31,0,31,0,20,422,6,448,0,20,453,6,479,669,0,669,1148
09/22/2007,FFZ,AZ,AWP,WE,Towers with Radar,0,0,16,0,16,0,19,297,0,316,0,19,313,0,332,420,0,420,752
09/23/2007,FFZ,AZ,AWP,WE,Towers with Radar,0,0,16,0,16,0,12,294,0,306,0,12,310,0,322,380,0,380,702
09/24/2007,FFZ,AZ,AWP,WE,Towers with Radar,0,0,21,0,21,0,27,360,4,391,0,27,381,4,412,790,0,790,1202
09/25/2007,FFZ,AZ,AWP,WE,Towers with Radar,0,2,30,0,32,0,22,499,15,536,0,24,529,15,568,936,0,936,1504
09/26/2007,FFZ,AZ,AWP,WE,Towers with Radar,0,0,24,0,24,0,20,454,21,495,0,20,478,21,519,814,0,814,1333
09/27/2007,FFZ,AZ,AWP,WE,Towers with Radar,0,1,19,0,20,0,15,461,4,480,0,16,480,4,500,772,0,772,1272
09/28/2007,FFZ,AZ,AWP,WE,Towers with Radar,0,0,19,0,19,0,29,437,3,469,0,29,456,3,488,604,0,604,1092
09/29/2007,FFZ,AZ,AWP,WE,Towers with Radar,0,0,15,0,15,0,22,380,0,402,0,22,395,0,417,662,0,662,1079
09/30/2007,FFZ,AZ,AWP,WE,Towers with Radar,0,0,12,0,12,0,9,306,0,315,0,9,318,0,327,486,0,486,813
10/01/2007,FFZ,AZ,AWP,WE,Towers with Radar,0,0,34,0,34,0,29,329,0,358,0,29,363,0,392,672,0,672,1064
10/02/2007,FFZ,AZ,AWP,WE,Towers with Radar,0,1,26,0,27,0,21,395,0,416,0,22,421,0,443,660,0,660,1103
10/03/2007,FFZ,AZ,AWP,WE,Towers with Radar,0,1,6,0,7,0,41,498,7,546,0,42,504,7,553,816,0,816,1369
10/04/2007,FFZ,AZ,AWP,WE,Towers with Radar,0,4,14,0,18,0,16,420,6,442,0,20,434,6,460,468,15,483,943
10/05/2007,FFZ,AZ,AWP,WE,Towers with Radar,0,0,24,0,24,0,15,262,2,279,0,15,286,2,303,355,0,355,658
10/06/2007,FFZ,AZ,AWP,WE,Towers with Radar,0,0,13,0,13,0,7,330,0,337,0,7,343,0,350,428,0,428,778
10/07/2007,FFZ,AZ,AWP,WE,Towers with Radar,0,2,11,0,13,0,17,308,0,325,0,19,319,0,338,313,0,313,651
10/08/2007,FFZ,AZ,AWP,WE,Towers with Radar,0,0,16,0,16,0,32,398,1,431,0,32,414,1,447,434,0,434,881
10/09/2007,FFZ,AZ,AWP,WE,Towers with Radar,0,1,9,0,10,0,19,456,2,477,0,20,465,2,487,699,0,699,1186
10/10/2007,FFZ,AZ,AWP,WE,Towers with Radar,0,3,13,0,16,0,42,422,6,470,0,45,435,6,486,802,0,802,1288
10/11/2007,FFZ,AZ,AWP,WE,Towers with Radar,0,3,13,0,16,0,15,435,7,457,0,18,448,7,473,531,0,531,1004
10/12/2007,FFZ,AZ,AWP,WE,Towers with Radar,0,1,24,0,25,0,21,426,10,457,0,22,450,10,482,606,0,606,1088
10/13/2007,FFZ,AZ,AWP,WE,Towers with Radar,0,0,9,0,9,0,27,345,1,373,0,27,354,1,382,501,0,501,883
10/14/2007,FFZ,AZ,AWP,WE,Towers with Radar,0,2,15,0,17,0,17,366,6,389,0,19,381,6,406,216,0,216,622
10/15/2007,FFZ,AZ,AWP,WE,Towers with Radar,0,0,14,0,14,0,19,374,13,406,0,19,388,13,420,434,0,434,854
10/16/2007,FFZ,AZ,AWP,WE,Towers with Radar,0,0,16,0,16,0,8,363,7,378,0,8,379,7,394,412,0,412,806
10/17/2007,FFZ,AZ,AWP,WE,Towers with Radar,0,0,16,0,16,0,63,329,5,397,0,63,345,5,413,371,0,371,784
10/18/2007,FFZ,AZ,AWP,WE,Towers with Radar,0,0,17,0,17,0,24,435,2,461,0,24,452,2,478,574,0,574,1052
10/19/2007,FFZ,AZ,AWP,WE,Towers with Radar,0,0,12,0,12,0,17,500,6,523,0,17,512,6,535,476,1,477,1012
10/20/2007,FFZ,AZ,AWP,WE,Towers with Radar,0,0,14,0,14,0,19,435,0,454,0,19,449,0,468,436,0,436,904
10/21/2007,FFZ,AZ,AWP,WE,Towers with Radar,0,0,8,0,8,0,16,139,0,155,0,16,147,0,163,28,0,28,191
10/22/2007,FFZ,AZ,AWP,WE,Towers with Radar,0,0,18,0,18,0,24,322,6,352,0,24,340,6,370,347,0,347,717
10/23/2007,FFZ,AZ,AWP,WE,Towers with Radar,0,0,28,0,28,0,30,414,4,448,0,30,442,4,476,542,2,544,1020
10/24/2007,FFZ,AZ,AWP,WE,Towers with Radar,0,2,13,0,15,0,28,357,9,394,0,30,370,9,409,0,492,492,901
10/25/2007,FFZ,AZ,AWP,WE,Towers with Radar,0,1,13,0,14,0,36,505,3,544,0,37,518,3,558,728,0,728,1286
10/26/2007,FFZ,AZ,AWP,WE,Towers with Radar,0,0,15,0,15,0,14,536,4,554,0,14,551,4,569,658,0,658,1227
10/27/2007,FFZ,AZ,AWP,WE,Towers with Radar,0,0,13,0,13,0,15,370,6,391,0,15,383,6,404,392,0,392,796
10/28/2007,FFZ,AZ,AWP,WE,Towers with Radar,0,2,11,0,13,0,7,310,1,318,0,9,321,1,331,385,0,385,716
10/29/2007,FFZ,AZ,AWP,WE,Towers with Radar,0,4,17,0,21,0,20,377,1,398,0,24,394,1,419,558,0,558,977
10/30/2007,FFZ,AZ,AWP,WE,Towers with Radar,0,0,14,0,14,0,22,448,7,477,0,22,462,7,491,764,0,764,1255
10/31/2007,FFZ,AZ,AWP,WE,Towers with Radar,0,0,17,0,17,0,25,483,0,508,0,25,500,0,525,862,0,862,1387
11/01/2007,FFZ,AZ,AWP,WE,Towers with Radar,0,4,13,0,17,0,8,458,4,470,0,12,471,4,487,657,0,657,1144
11/02/2007,FFZ,AZ,AWP,WE,Towers with Radar,0,0,13,0,13,0,28,466,8,502,0,28,479,8,515,734,0,734,1249
11/03/2007,FFZ,AZ,AWP,WE,Towers with Radar,0,1,18,0,19,0,22,456,2,480,0,23,474,2,499,392,0,392,891
11/04/2007,FFZ,AZ,AWP,WE,Towers with Radar,0,0,14,0,14,0,17,332,4,353,0,17,346,4,367,278,0,278,645
11/05/2007,FFZ,AZ,AWP,WE,Towers with Radar,0,0,24,0,24,0,19,413,1,433,0,19,437,1,457,548,0,548,1005
11/06/2007,FFZ,AZ,AWP,WE,Towers with Radar,0,1,30,0,31,0,25,461,15,501,0,26,491,15,532,854,0,854,1386
11/07/2007,FFZ,AZ,AWP,WE,Towers with Radar,0,2,27,0,29,0,33,464,1,498,0,35,491,1,527,788,0,788,1315
11/08/2007,FFZ,AZ,AWP,WE,Towers with Radar,0,0,18,0,18,0,19,498,14,531,0,19,516,14,549,638,0,638,1187
11/09/2007,FFZ,AZ,AWP,WE,Towers with Radar,0,0,24,0,24,0,17,499,6,522,0,17,523,6,546,726,0,726,1272
11/10/2007,FFZ,AZ,AWP,WE,Towers with Radar,0,0,10,0,10,0,28,478,0,506,0,28,488,0,516,440,0,440,956
11/11/2007,FFZ,AZ,AWP,WE,Towers with Radar,0,0,12,0,12,0,8,365,1,374,0,8,377,1,386,354,0,354,740
11/12/2007,FFZ,AZ,AWP,WE,Towers with Radar,0,2,37,0,39,0,24,458,2,484,0,26,495,2,523,602,0,602,1125
11/13/2007,FFZ,AZ,AWP,WE,Towers with Radar,0,0,16,0,16,0,30,469,12,511,0,30,485,12,527,842,0,842,1369
11/14/2007,FFZ,AZ,AWP,WE,Towers with Radar,0,0,20,0,20,0,26,513,3,542,0,26,533,3,562,773,2,775,1337
11/15/2007,FFZ,AZ,AWP,WE,Towers with Radar,1,0,12,0,13,2,15,261,9,287,3,15,273,9,300,402,0,402,702
11/16/2007,FFZ,AZ,AWP,WE,Towers with Radar,0,2,21,0,23,0,19,515,6,540,0,21,536,6,563,558,0,558,1121
11/17/2007,FFZ,AZ,AWP,WE,Towers with Radar,0,0,14,0,14,0,17,535,7,559,0,17,549,7,573,558,0,558,1131
11/18/2007,FFZ,AZ,AWP,WE,Towers with Radar,0,0,12,0,12,0,12,373,0,385,0,12,385,0,397,190,0,190,587
11/19/2007,FFZ,AZ,AWP,WE,Towers with Radar,0,0,24,0,24,0,26,489,4,519,0,26,513,4,543,566,0,566,1109
11/20/2007,FFZ,AZ,AWP,WE,Towers with Radar,0,0,42,0,42,0,28,559,14,601,0,28,601,14,643,824,0,824,1467
11/21/2007,FFZ,AZ,AWP,WE,Towers with Radar,0,1,34,0,35,0,33,564,9,606,0,34,598,9,641,614,0,614,1255
11/22/2007,FFZ,AZ,AWP,WE,Towers with Radar,0,0,4,0,4,0,16,145,0,161,0,16,149,0,165,69,0,69,234
11/23/2007,FFZ,AZ,AWP,WE,Towers with Radar,0,1,15,0,16,1,23,452,0,476,1,24,467,0,492,394,0,394,886
11/24/2007,FFZ,AZ,AWP,WE,Towers with Radar,0,3,15,0,18,0,13,306,0,319,0,16,321,0,337,207,0,207,544
11/25/2007,FFZ,AZ,AWP,WE,Towers with Radar,0,0,15,0,15,0,8,320,0,328,0,8,335,0,343,262,0,262,605
11/26/2007,FFZ,AZ,AWP,WE,Towers with Radar,0,0,26,0,26,0,25,425,3,453,0,25,451,3,479,540,0,540,1019
11/27/2007,FFZ,AZ,AWP,WE,Towers with Radar,0,0,18,0,18,0,34,531,4,569,0,34,549,4,587,769,0,769,1356
11/28/2007,FFZ,AZ,AWP,WE,Towers with Radar,0,0,20,0,20,0,3,491,5,499,0,3,511,5,519,700,0,700,1219
11/29/2007,FFZ,AZ,AWP,WE,Towers with Radar,0,0,16,0,16,0,19,568,6,593,0,19,584,6,609,733,0,733,1342
11/30/2007,FFZ,AZ,AWP,WE,Towers with Radar,0,0,20,0,20,2,17,145,0,164,2,17,165,0,184,356,0,356,540
12/01/2007,FFZ,AZ,AWP,WE,Towers with Radar,0,0,10,0,10,0,4,44,0,48,0,4,54,0,58,44,0,44,102
12/02/2007,FFZ,AZ,AWP,WE,Towers with Radar,0,0,13,0,13,0,31,391,1,423,0,31,404,1,436,602,0,602,1038
12/03/2007,FFZ,AZ,AWP,WE,Towers with Radar,0,0,19,1,20,0,10,368,3,381,0,10,387,4,401,701,2,703,1104
12/04/2007,FFZ,AZ,AWP,WE,Towers with Radar,0,1,26,0,27,0,6,497,10,513,0,7,523,10,540,842,0,842,1382
12/05/2007,FFZ,AZ,AWP,WE,Towers with Radar,0,1,11,0,12,0,27,607,10,644,0,28,618,10,656,977,2,979,1635
12/06/2007,FFZ,AZ,AWP,WE,Towers with Radar,0,2,23,0,25,0,13,491,9,513,0,15,514,9,538,674,0,674,1212
12/07/2007,FFZ,AZ,AWP,WE,Towers with Radar,0,0,5,0,5,0,14,131,7,152,0,14,136,7,157,262,0,262,419
12/08/2007,FFZ,AZ,AWP,WE,Towers with Radar,0,4,9,0,13,0,3,183,1,187,0,7,192,1,200,416,0,416,616
12/09/2007,FFZ,AZ,AWP,WE,Towers with Radar,0,1,15,0,16,0,12,140,0,152,0,13,155,0,168,139,0,139,307
12/10/2007,FFZ,AZ,AWP,WE,Towers with Radar,0,1,10,0,11,0,12,158,1,171,0,13,168,1,182,400,0,400,582
12/11/2007,FFZ,AZ,AWP,WE,Towers with Radar,0,1,9,0,10,0,15,226,18,259,0,16,235,18,269,490,0,490,759
12/12/2007,FFZ,AZ,AWP,WE,Towers with Radar,0,0,25,0,25,0,25,437,18,480,0,25,462,18,505,813,0,813,1318
12/13/2007,FFZ,AZ,AWP,WE,Towers with Radar,0,0,22,0,22,0,22,576,14,612,0,22,598,14,634,789,0,789,1423
12/14/2007,FFZ,AZ,AWP,WE,Towers with Radar,0,2,21,0,23,0,10,431,4,445,0,12,452,4,468,706,0,706,1174
12/15/2007,FFZ,AZ,AWP,WE,Towers with Radar,0,2,11,0,13,0,15,449,0,464,0,17,460,0,477,530,0,530,1007
12/16/2007,FFZ,AZ,AWP,WE,Towers with Radar,0,2,9,0,11,0,0,374,0,374,0,2,383,0,385,418,0,418,803
12/17/2007,FFZ,AZ,AWP,WE,Towers with Radar,0,3,25,0,28,0,6,431,2,439,0,9,456,2,467,618,0,618,1085
12/18/2007,FFZ,AZ,AWP,WE,Towers with Radar,0,5,23,0,28,0,15,406,5,426,0,20,429,5,454,720,2,722,1176
12/19/2007,FFZ,AZ,AWP,WE,Towers with Radar,0,6,20,0,26,0,16,429,14,459,0,22,449,14,485,671,0,671,1156
12/20/2007,FFZ,AZ,AWP,WE,Towers with Radar,0,6,28,0,34,0,14,506,6,526,0,20,534,6,560,695,0,695,1255
12/21/2007,FFZ,AZ,AWP,WE,Towers with Radar,0,0,19,0,19,0,4,203,1,208,0,4,222,1,227,422,0,422,649
12/22/2007,FFZ,AZ,AWP,WE,Towers with Radar,0,0,11,0,11,0,7,355,3,365,0,7,366,3,376,420,0,420,796
12/23/2007,FFZ,AZ,AWP,WE,Towers with Radar,0,3,12,0,15,0,12,299,0,311,0,15,311,0,326,406,0,406,732
12/24/2007,FFZ,AZ,AWP,WE,Towers with Radar,0,0,8,0,8,0,8,204,0,212,0,8,212,0,220,182,0,182,402
12/25/2007,FFZ,AZ,AWP,WE,Towers with Radar,0,0,0,0,0,0,15,43,0,58,0,15,43,0,58,2,0,2,60
12/26/2007,FFZ,AZ,AWP,WE,Towers with Radar,0,2,20,0,22,0,6,413,1,420,0,8,433,1,442,326,0,326,768
12/27/2007,FFZ,AZ,AWP,WE,Towers with Radar,0,2,27,0,29,0,24,343,5,372,0,26,370,5,401,444,2,446,847
12/28/2007,FFZ,AZ,AWP,WE,Towers with Radar,0,0,17,0,17,0,24,422,0,446,0,24,439,0,463,422,0,422,885
12/29/2007,FFZ,AZ,AWP,WE,Towers with Radar,0,0,8,0,8,0,24,386,0,410,0,24,394,0,418,352,0,352,770
12/30/2007,FFZ,AZ,AWP,WE,Towers with Radar,0,0,6,0,6,0,13,298,2,313,0,13,304,2,319,320,0,320,639
12/31/2007,FFZ,AZ,AWP,WE,Towers with Radar,1,0,15,0,16,0,16,219,1,236,1,16,234,1,252,146,0,146,398
01/01/2008,FFZ,AZ,AWP,WE,Towers with Radar,0,0,7,0,7,0,16,84,0,100,0,16,91,0,107,64,0,64,171
01/02/2008,FFZ,AZ,AWP,WE,Towers with Radar,0,0,30,0,30,0,25,246,4,275,0,25,276,4,305,424,0,424,729
01/03/2008,FFZ,AZ,AWP,WE,Towers with Radar,0,1,26,0,27,0,36,458,8,502,0,37,484,8,529,590,0,590,1119
01/04/2008,FFZ,AZ,AWP,WE,Towers with Radar,0,0,19,0,19,0,30,386,8,424,0,30,405,8,443,656,4,660,1103
01/05/2008,FFZ,AZ,AWP,WE,Towers with Radar,0,4,11,0,15,0,13,334,0,347,0,17,345,0,362,540,0,540,902
01/06/2008,FFZ,AZ,AWP,WE,Towers with Radar,3,2,10,0,15,0,8,85,0,93,3,10,95,0,108,92,0,92,200
01/07/2008,FFZ,AZ,AWP,WE,Towers with Radar,0,0,6,0,6,0,9,73,0,82,0,9,79,0,88,144,0,144,232
01/08/2008,FFZ,AZ,AWP,WE,Towers with Radar,0,0,25,0,25,0,32,488,6,526,0,32,513,6,551,564,0,564,1115
01/09/2008,FFZ,AZ,AWP,WE,Towers with Radar,0,0,18,0,18,0,34,442,9,485,0,34,460,9,503,713,0,713,1216
01/10/2008,FFZ,AZ,AWP,WE,Towers with Radar,0,1,13,0,14,0,20,458,11,489,0,21,471,11,503,814,3,817,1320
01/11/2008,FFZ,AZ,AWP,WE,Towers with Radar,0,0,9,0,9,0,11,475,9,495,0,11,484,9,504,630,2,632,1136
01/12/2008,FFZ,AZ,AWP,WE,Towers with Radar,0,1,7,0,8,0,20,466,0,486,0,21,473,0,494,566,0,566,1060
01/13/2008,FFZ,AZ,AWP,WE,Towers with Radar,0,0,7,0,7,0,26,358,1,385,0,26,365,1,392,408,0,408,800
01/14/2008,FFZ,AZ,AWP,WE,Towers with Radar,0,0,20,0,20,0,68,215,8,291,0,68,235,8,311,266,0,266,577
01/15/2008,FFZ,AZ,AWP,WE,Towers with Radar,0,0,20,0,20,0,35,517,16,568,0,35,537,16,588,738,6,744,1332
01/16/2008,FFZ,AZ,AWP,WE,Towers with Radar,0,1,18,0,19,0,15,438,7,460,0,16,456,7,479,673,0,673,1152
01/17/2008,FFZ,AZ,AWP,WE,Towers with Radar,0,3,20,0,23,0,12,419,3,434,0,15,439,3,457,582,0,582,1039
01/18/2008,FFZ,AZ,AWP,WE,Towers with Radar,0,2,12,0,14,0,8,449,0,457,0,10,461,0,471,611,0,611,1082
01/19/2008,FFZ,AZ,AWP,WE,Towers with Radar,0,1,16,0,17,0,5,447,0,452,0,6,463,0,469,596,0,596,1065
01/20/2008,FFZ,AZ,AWP,WE,Towers with Radar,0,2,14,0,16,0,9,305,0,314,0,11,319,0,330,342,0,342,672
01/21/2008,FFZ,AZ,AWP,WE,Towers with Radar,0,2,20,0,22,0,21,448,12,481,0,23,468,12,503,810,0,810,1313
01/22/2008,FFZ,AZ,AWP,WE,Towers with Radar,0,3,21,0,24,0,14,446,3,463,0,17,467,3,487,729,0,729,1216
01/23/2008,FFZ,AZ,AWP,WE,Towers with Radar,0,0,22,0,22,0,11,430,6,447,0,11,452,6,469,848,0,848,1317
01/24/2008,FFZ,AZ,AWP,WE,Towers with Radar,0,6,19,0,25,0,8,340,6,354,0,14,359,6,379,987,0,987,1366
01/25/2008,FFZ,AZ,AWP,WE,Towers with Radar,0,1,10,0,11,0,16,449,9,474,0,17,459,9,485,805,0,805,1290
01/26/2008,FFZ,AZ,AWP,WE,Towers with Radar,0,1,25,0,26,0,13,446,4,463,0,14,471,4,489,693,0,693,1182
01/27/2008,FFZ,AZ,AWP,WE,Towers with Radar,0,0,7,0,7,0,0,16,0,16,0,0,23,0,23,40,0,40,63
01/28/2008,FFZ,AZ,AWP,WE,Towers with Radar,0,0,9,0,9,0,7,288,14,309,0,7,297,14,318,643,0,643,961
01/29/2008,FFZ,AZ,AWP,WE,Towers with Radar,0,0,28,0,28,0,7,415,8,430,0,7,443,8,458,936,0,936,1394
01/30/2008,FFZ,AZ,AWP,WE,Towers with Radar,0,0,17,0,17,0,24,370,10,404,0,24,387,10,421,542,4,546,967
01/31/2008,FFZ,AZ,AWP,WE,Towers with Radar,0,0,28,0,28,0,11,523,2,536,0,11,551,2,564,638,0,638,1202
02/01/2008,FFZ,AZ,AWP,WE,Towers with Radar,0,0,13,0,13,0,19,418,19,456,0,19,431,19,469,654,0,654,1123
02/02/2008,FFZ,AZ,AWP,WE,Towers with Radar,0,4,12,0,16,0,11,387,0,398,0,15,399,0,414,536,0,536,950
02/03/2008,FFZ,AZ,AWP,WE,Towers with Radar,0,8,35,0,43,0,6,75,0,81,0,14,110,0,124,105,0,105,229
02/04/2008,FFZ,AZ,AWP,WE,Towers with Radar,0,7,40,0,47,0,1,49,2,52,0,8,89,2,99,220,0,220,319
02/05/2008,FFZ,AZ,AWP,WE,Towers with Radar,0,0,20,0,20,0,20,388,5,413,0,20,408,5,433,707,0,707,1140
02/06/2008,FFZ,AZ,AWP,WE,Towers with Radar,0,0,22,0,22,0,35,451,2,488,0,35,473,2,510,636,0,636,1146
02/07/2008,FFZ,AZ,AWP,WE,Towers with Radar,0,2,17,0,19,0,29,475,4,508,0,31,492,4,527,594,1,595,1122
02/08/2008,FFZ,AZ,AWP,WE,Towers with Radar,0,0,22,0,22,0,11,385,4,400,0,11,407,4,422,568,0,568,990
02/09/2008,FFZ,AZ,AWP,WE,Towers with Radar,0,3,11,0,14,0,21,495,0,516,0,24,506,0,530,563,0,563,1093
02/10/2008,FFZ,AZ,AWP,WE,Towers with Radar,0,2,15,0,17,0,5,351,0,356,0,7,366,0,373,580,0,580,953
02/11/2008,FFZ,AZ,AWP,WE,Towers with Radar,0,4,21,0,25,1,20,399,5,425,1,24,420,5,450,656,0,656,1106
02/12/2008,FFZ,AZ,AWP,WE,Towers with Radar,0,6,11,2,19,0,34,431,5,470,0,40,442,7,489,506,5,511,1000
02/13/2008,FFZ,AZ,AWP,WE,Towers with Radar,0,1,25,0,26,0,14,419,6,439,0,15,444,6,465,794,0,794,1259
02/14/2008,FFZ,AZ,AWP,WE,Towers with Radar,0,1,20,0,21,0,12,334,14,360,0,13,354,14,381,604,0,604,985
02/15/2008,FFZ,AZ,AWP,WE,Towers with Radar,0,1,19,0,20,0,28,89,10,127,0,29,108,10,147,404,0,404,551
02/16/2008,FFZ,AZ,AWP,WE,Towers with Radar,0,2,13,0,15,0,12,345,2,359,0,14,358,2,374,577,2,579,953
02/17/2008,FFZ,AZ,AWP,WE,Towers with Radar,0,1,10,1,12,0,11,358,1,370,0,12,368,2,382,280,0,280,662
02/18/2008,FFZ,AZ,AWP,WE,Towers with Radar,0,0,18,0,18,0,21,468,21,510,0,21,486,21,528,580,0,580,1108
02/19/2008,FFZ,AZ,AWP,WE,Towers with Radar,0,0,13,0,13,0,19,461,11,491,0,19,474,11,504,662,0,662,1166
02/20/2008,FFZ,AZ,AWP,WE,Towers with Radar,0,0,27,0,27,0,19,416,6,441,0,19,443,6,468,777,0,777,1245
02/21/2008,FFZ,AZ,AWP,WE,Towers with Radar,0,2,15,0,17,0,34,436,2,472,0,36,451,2,489,755,3,758,1247
02/22/2008,FFZ,AZ,AWP,WE,Towers with Radar,0,0,17,0,17,0,9,325,4,338,0,9,342,4,355,534,0,534,889
02/23/2008,FFZ,AZ,AWP,WE,Towers with Radar,0,1,18,0,19,0,19,393,0,412,0,20,411,0,431,657,0,657,1088
02/24/2008,FFZ,AZ,AWP,WE,Towers with Radar,0,0,16,0,16,0,6,294,0,300,0,6,310,0,316,534,0,534,850
02/25/2008,FFZ,AZ,AWP,WE,Towers with Radar,0,1,30,0,31,0,15,404,8,427,0,16,434,8,458,697,0,697,1155
02/26/2008,FFZ,AZ,AWP,WE,Towers with Radar,0,0,13,0,13,0,20,408,5,433,0,20,421,5,446,560,5,565,1011
02/27/2008,FFZ,AZ,AWP,WE,Towers with Radar,0,1,15,0,16,0,27,473,7,507,0,28,488,7,523,679,3,682,1205
02/28/2008,FFZ,AZ,AWP,WE,Towers with Radar,0,0,7,0,7,0,16,601,9,626,0,16,608,9,633,835,1,836,1469
02/29/2008,FFZ,AZ,AWP,WE,Towers with Radar,0,0,17,0,17,0,21,541,8,570,0,21,558,8,587,676,3,679,1266
03/01/2008,FFZ,AZ,AWP,WE,Towers with Radar,0,1,10,0,11,0,3,564,2,569,0,4,574,2,580,601,0,601,1181
03/02/2008,FFZ,AZ,AWP,WE,Towers with Radar,0,4,8,0,12,0,1,260,0,261,0,5,268,0,273,224,0,224,497
03/03/2008,FFZ,AZ,AWP,WE,Towers with Radar,0,0,12,0,12,0,5,286,2,293,0,5,298,2,305,400,0,400,705
03/04/2008,FFZ,AZ,AWP,WE,Towers with Radar,0,0,14,2,16,0,13,516,5,534,0,13,530,7,550,879,1,880,1430
03/05/2008,FFZ,AZ,AWP,WE,Towers with Radar,0,0,17,0,17,0,22,478,5,505,0,22,495,5,522,680,0,680,1202
03/06/2008,FFZ,AZ,AWP,WE,Towers with Radar,0,0,17,0,17,0,14,552,7,573,0,14,569,7,590,786,0,786,1376
03/07/2008,FFZ,AZ,AWP,WE,Towers with Radar,0,0,25,0,25,0,12,505,7,524,0,12,530,7,549,741,0,741,1290
03/08/2008,FFZ,AZ,AWP,WE,Towers with Radar,0,0,18,0,18,0,16,488,0,504,0,16,506,0,522,501,0,501,1023
03/09/2008,FFZ,AZ,AWP,WE,Towers with Radar,0,2,19,0,21,0,0,362,0,362,0,2,381,0,383,477,0,477,860
03/10/2008,FFZ,AZ,AWP,WE,Towers with Radar,0,0,18,0,18,0,19,490,4,513,0,19,508,4,531,522,0,522,1053
03/11/2008,FFZ,AZ,AWP,WE,Towers with Radar,0,4,16,0,20,0,0,515,8,523,0,4,531,8,543,799,0,799,1342
03/12/2008,FFZ,AZ,AWP,WE,Towers with Radar,0,0,31,0,31,0,14,475,2,491,0,14,506,2,522,602,0,602,1124
03/13/2008,FFZ,AZ,AWP,WE,Towers with Radar,0,2,17,0,19,0,12,540,6,558,0,14,557,6,577,516,0,516,1093
03/14/2008,FFZ,AZ,AWP,WE,Towers with Radar,0,5,15,0,20,0,4,485,2,491,0,9,500,2,511,373,0,373,884
03/15/2008,FFZ,AZ,AWP,WE,Towers with Radar,0,0,9,0,9,0,15,368,7,390,0,15,377,7,399,361,0,361,760
03/16/2008,FFZ,AZ,AWP,WE,Towers with Radar,0,3,12,0,15,0,19,139,0,158,0,22,151,0,173,180,0,180,353
03/17/2008,FFZ,AZ,AWP,WE,Towers with Radar,0,1,17,0,18,0,10,495,0,505,0,11,512,0,523,708,0,708,1231
03/18/2008,FFZ,AZ,AWP,WE,Towers with Radar,0,0,22,0,22,0,18,465,3,486,0,18,487,3,508,589,0,589,1097
03/19/2008,FFZ,AZ,AWP,WE,Towers with Radar,0,3,26,0,29,0,13,644,16,673,0,16,670,16,702,728,0,728,1430
03/20/2008,FFZ,AZ,AWP,WE,Towers with Radar,0,0,34,0,34,0,14,582,21,617,0,14,616,21,651,616,6,622,1273
03/21/2008,FFZ,AZ,AWP,WE,Towers with Radar,0,4,20,0,24,0,16,596,23,635,0,20,616,23,659,454,0,454,1113
03/22/2008,FFZ,AZ,AWP,WE,Towers with Radar,0,3,18,0,21,1,23,521,22,567,1,26,539,22,588,474,0,474,1062
03/23/2008,FFZ,AZ,AWP,WE,Towers with Radar,0,1,16,0,17,0,15,247,0,262,0,16,263,0,279,267,0,267,546
03/24/2008,FFZ,AZ,AWP,WE,Towers with Radar,0,0,26,0,26,1,10,520,9,540,1,10,546,9,566,610,0,610,1176
03/25/2008,FFZ,AZ,AWP,WE,Towers with Radar,0,2,24,0,26,0,21,569,22,612,0,23,593,22,638,693,0,693,1331
03/26/2008,FFZ,AZ,AWP,WE,Towers with Radar,0,0,17,0,17,0,9,582,7,598,0,9,599,7,615,619,2,621,1236
03/27/2008,FFZ,AZ,AWP,WE,Towers with Radar,0,3,17,0,20,0,18,579,7,604,0,21,596,7,624,528,0,528,1152
03/28/2008,FFZ,AZ,AWP,WE,Towers with Radar,0,2,28,0,30,0,15,712,26,753,0,17,740,26,783,622,0,622,1405
03/29/2008,FFZ,AZ,AWP,WE,Towers with Radar,0,0,10,0,10,0,19,439,6,464,0,19,449,6,474,403,0,403,877
03/30/2008,FFZ,AZ,AWP,WE,Towers with Radar,0,4,19,0,23,0,12,323,4,339,0,16,342,4,362,315,2,317,679
03/31/2008,FFZ,AZ,AWP,WE,Towers with Radar,0,2,19,0,21,0,20,474,2,496,0,22,493,2,517,735,0,735,1252
04/01/2008,FFZ,AZ,AWP,WE,Towers with Radar,0,2,6,0,8,0,35,594,10,639,0,37,600,10,647,667,3,670,1317
04/02/2008,FFZ,AZ,AWP,WE,Towers with Radar,0,1,13,0,14,0,13,568,4,585,0,14,581,4,599,697,0,697,1296
04/03/2008,FFZ,AZ,AWP,WE,Towers with Radar,0,0,20,0,20,0,11,608,1,620,0,11,628,1,640,749,0,749,1389
04/04/2008,FFZ,AZ,AWP,WE,Towers with Radar,0,2,18,0,20,0,15,612,1,628,0,17,630,1,648,674,0,674,1322
04/05/2008,FFZ,AZ,AWP,WE,Towers with Radar,0,2,8,0,10,0,12,462,5,479,0,14,470,5,489,522,0,522,1011
04/06/2008,FFZ,AZ,AWP,WE,Towers with Radar,0,2,12,0,14,0,17,362,2,381,0,19,374,2,395,407,0,407,802
04/07/2008,FFZ,AZ,AWP,WE,Towers with Radar,0,2,19,0,21,0,12,461,0,473,0,14,480,0,494,508,0,508,1002
04/08/2008,FFZ,AZ,AWP,WE,Towers with Radar,0,0,29,0,29,0,17,517,9,543,0,17,546,9,572,648,0,648,1220
04/09/2008,FFZ,AZ,AWP,WE,Towers with Radar,0,1,18,0,19,0,8,395,14,417,0,9,413,14,436,454,0,454,890
04/10/2008,FFZ,AZ,AWP,WE,Towers with Radar,0,0,17,0,17,0,19,456,10,485,0,19,473,10,502,419,2,421,923
04/11/2008,FFZ,AZ,AWP,WE,Towers with Radar,0,2,15,0,17,0,20,618,8,646,0,22,633,8,663,736,1,737,1400
04/12/2008,FFZ,AZ,AWP,WE,Towers with Radar,0,4,20,0,24,0,7,425,1,433,0,11,445,1,457,310,0,310,767
04/13/2008,FFZ,AZ,AWP,WE,Towers with Radar,0,3,23,0,26,0,11,332,0,343,0,14,355,0,369,372,0,372,741
04/14/2008,FFZ,AZ,AWP,WE,Towers with Radar,0,2,18,0,20,0,10,502,5,517,0,12,520,5,537,539,0,539,1076
04/15/2008,FFZ,AZ,AWP,WE,Towers with Radar,0,3,18,0,21,0,17,403,12,432,0,20,421,12,453,462,0,462,915
04/16/2008,FFZ,AZ,AWP,WE,Towers with Radar,0,3,17,0,20,0,12,432,11,455,0,15,449,11,475,508,2,510,985
04/17/2008,FFZ,AZ,AWP,WE,Towers with Radar,0,2,20,0,22,0,19,544,11,574,0,21,564,11,596,634,0,634,1230
04/18/2008,FFZ,AZ,AWP,WE,Towers with Radar,0,0,19,0,19,0,16,587,3,606,0,16,606,3,625,606,6,612,1237
04/19/2008,FFZ,AZ,AWP,WE,Towers with Radar,0,1,10,0,11,0,5,466,2,473,0,6,476,2,484,437,0,437,921
04/20/2008,FFZ,AZ,AWP,WE,Towers with Radar,0,2,12,0,14,0,6,329,0,335,0,8,341,0,349,312,0,312,661
04/21/2008,FFZ,AZ,AWP,WE,Towers with Radar,0,1,18,0,19,0,3,401,6,410,0,4,419,6,429,536,2,538,967
04/22/2008,FFZ,AZ,AWP,WE,Towers with Radar,0,0,14,0,14,0,11,474,6,491,0,11,488,6,505,616,0,616,1121
04/23/2008,FFZ,AZ,AWP,WE,Towers with Radar,0,0,10,0,10,0,13,326,3,342,0,13,336,3,352,4,0,4,356
04/24/2008,FFZ,AZ,AWP,WE,Towers with Radar,0,1,24,0,25,0,10,472,12,494,0,11,496,12,519,566,0,566,1085
04/25/2008,FFZ,AZ,AWP,WE,Towers with Radar,0,0,18,0,18,0,6,428,12,446,0,6,446,12,464,457,0,457,921
04/26/2008,FFZ,AZ,AWP,WE,Towers with Radar,0,0,9,0,9,0,6,403,15,424,0,6,412,15,433,425,1,426,859
04/27/2008,FFZ,AZ,AWP,WE,Towers with Radar,0,2,9,0,11,0,22,164,1,187,0,24,173,1,198,246,0,246,444
04/28/2008,FFZ,AZ,AWP,WE,Towers with Radar,0,1,16,0,17,0,12,415,11,438,0,13,431,11,455,468,6,474,929
04/29/2008,FFZ,AZ,AWP,WE,Towers with Radar,0,2,18,0,20,0,10,4314,20,4344,0,12,4332,20,4364,568,0,568,4932
04/30/2008,FFZ,AZ,AWP,WE,Towers with Radar,0,0,19,0,19,0,9,291,10,310,0,9,310,10,329,341,0,341,670
05/01/2008,FFZ,AZ,AWP,WE,Towers with Radar,0,0,26,0,26,0,12,280,3,295,0,12,306,3,321,297,0,297,618
05/02/2008,FFZ,AZ,AWP,WE,Towers with Radar,0,0,22,0,22,0,1,491,9,501,0,1,513,9,523,701,0,701,1224
05/03/2008,FFZ,AZ,AWP,WE,Towers with Radar,0,1,16,0,17,0,8,345,1,354,0,9,361,1,371,653,0,653,1024
05/04/2008,FFZ,AZ,AWP,WE,Towers with Radar,0,2,9,0,11,0,7,255,3,265,0,9,264,3,276,422,0,422,698
05/05/2008,FFZ,AZ,AWP,WE,Towers with Radar,0,0,17,0,17,0,6,329,3,338,0,6,346,3,355,408,0,408,763
05/06/2008,FFZ,AZ,AWP,WE,Towers with Radar,0,2,22,0,24,0,14,381,11,406,0,16,403,11,430,842,0,842,1272
05/07/2008,FFZ,AZ,AWP,WE,Towers with Radar,0,2,22,0,24,0,12,433,9,454,0,14,455,9,478,668,2,670,1148
05/08/2008,FFZ,AZ,AWP,WE,Towers with Radar,0,3,14,0,17,0,11,498,4,513,0,14,512,4,530,846,0,846,1376
05/09/2008,FFZ,AZ,AWP,WE,Towers with Radar,0,2,15,0,17,0,5,365,5,375,0,7,380,5,392,761,0,761,1153
05/10/2008,FFZ,AZ,AWP,WE,Towers with Radar,0,0,12,0,12,0,10,333,1,344,0,10,345,1,356,555,0,555,911
05/11/2008,FFZ,AZ,AWP,WE,Towers with Radar,0,2,16,0,18,0,9,243,0,252,0,11,259,0,270,445,0,445,715
05/12/2008,FFZ,AZ,AWP,WE,Towers with Radar,0,0,17,0,17,0,6,361,1,368,0,6,378,1,385,482,0,482,867
05/13/2008,FFZ,AZ,AWP,WE,Towers with Radar,0,0,18,0,18,0,5,239,3,247,0,5,257,3,265,359,0,359,624
05/14/2008,FFZ,AZ,AWP,WE,Towers with Radar,0,2,16,0,18,0,12,485,9,506,0,14,501,9,524,809,0,809,1333
05/15/2008,FFZ,AZ,AWP,WE,Towers with Radar,0,2,8,0,10,0,12,375,14,401,0,14,383,14,411,426,0,426,837
05/16/2008,FFZ,AZ,AWP,WE,Towers with Radar,0,0,19,0,19,0,4,370,1,375,0,4,389,1,394,654,8,662,1056
05/17/2008,FFZ,AZ,AWP,WE,Towers with Radar,0,2,11,0,13,0,5,400,1,406,0,7,411,1,419,621,0,621,1040
05/18/2008,FFZ,AZ,AWP,WE,Towers with Radar,0,4,15,0,19,0,11,299,2,312,0,15,314,2,331,449,0,449,780
05/19/2008,FFZ,AZ,AWP,WE,Towers with Radar,0,0,19,0,19,0,12,295,12,319,0,12,314,12,338,490,0,490,828
05/20/2008,FFZ,AZ,AWP,WE,Towers with Radar,0,0,18,0,18,0,25,303,5,333,0,25,321,5,351,553,0,553,904
05/21/2008,FFZ,AZ,AWP,WE,Towers with Radar,0,1,11,0,12,0,12,167,3,182,0,13,178,3,194,228,0,228,422
05/22/2008,FFZ,AZ,AWP,WE,Towers with Radar,0,2,11,0,13,0,13,104,3,120,0,15,115,3,133,226,0,226,359
05/23/2008,FFZ,AZ,AWP,WE,Towers with Radar,0,2,15,0,17,0,3,84,14,101,0,5,99,14,118,323,0,323,441
05/24/2008,FFZ,AZ,AWP,WE,Towers with Radar,0,0,16,0,16,0,7,185,0,192,0,7,201,0,208,406,0,406,614
05/25/2008,FFZ,AZ,AWP,WE,Towers with Radar,0,0,11,0,11,0,9,286,1,296,0,9,297,1,307,328,0,328,635
05/26/2008,FFZ,AZ,AWP,WE,Towers with Radar,0,0,12,0,12,0,12,203,0,215,0,12,215,0,227,326,0,326,553
05/27/2008,FFZ,AZ,AWP,WE,Towers with Radar,0,4,21,0,25,0,11,236,0,247,0,15,257,0,272,308,0,308,580
05/28/2008,FFZ,AZ,AWP,WE,Towers with Radar,0,3,24,0,27,0,7,429,0,436,0,10,453,0,463,657,8,665,1128
05/30/2008,FFZ,AZ,AWP,WE,Towers with Radar,0,2,12,0,14,0,8,443,4,455,0,10,455,4,469,500,0,500,969
05/31/2008,FFZ,AZ,AWP,WE,Towers with Radar,0,0,7,0,7,0,3,358,3,364,0,3,365,3,371,342,0,342,713
06/01/2008,FFZ,AZ,AWP,WE,Towers with Radar,0,2,11,0,13,0,6,242,1,249,0,8,253,1,262,277,0,277,539
06/02/2008,FFZ,AZ,AWP,WE,Towers with Radar,0,0,12,0,12,0,5,309,5,319,0,5,321,5,331,311,0,311,642
06/03/2008,FFZ,AZ,AWP,WE,Towers with Radar,0,0,22,0,22,0,4,376,3,383,0,4,398,3,405,513,0,513,918
06/04/2008,FFZ,AZ,AWP,WE,Towers with Radar,0,1,12,0,13,0,15,247,5,267,0,16,259,5,280,280,0,280,560
06/05/2008,FFZ,AZ,AWP,WE,Towers with Radar,0,0,35,0,35,0,10,401,6,417,0,10,436,6,452,629,0,629,1081
06/06/2008,FFZ,AZ,AWP,WE,Towers with Radar,0,1,17,0,18,0,6,364,10,380,0,7,381,10,398,650,0,650,1048
06/07/2008,FFZ,AZ,AWP,WE,Towers with Radar,0,2,13,0,15,0,8,254,0,262,0,10,267,0,277,364,0,364,641
06/08/2008,FFZ,AZ,AWP,WE,Towers with Radar,0,0,10,0,10,0,6,228,0,234,0,6,238,0,244,239,0,239,483
06/09/2008,FFZ,AZ,AWP,WE,Towers with Radar,0,3,13,0,16,0,4,255,1,260,0,7,268,1,276,342,0,342,618
06/10/2008,FFZ,AZ,AWP,WE,Towers with Radar,0,1,16,0,17,0,12,309,3,324,0,13,325,3,341,552,0,552,893
06/11/2008,FFZ,AZ,AWP,WE,Towers with Radar,0,1,13,0,14,0,2,315,6,323,0,3,328,6,337,453,0,453,790
06/12/2008,FFZ,AZ,AWP,WE,Towers with Radar,0,1,24,0,25,0,6,345,9,360,0,7,369,9,385,652,0,652,1037
06/13/2008,FFZ,AZ,AWP,WE,Towers with Radar,0,0,16,0,16,0,4,344,16,364,0,4,360,16,380,533,0,533,913
06/14/2008,FFZ,AZ,AWP,WE,Towers with Radar,0,1,16,0,17,0,8,349,2,359,0,9,365,2,376,415,0,415,791
06/15/2008,FFZ,AZ,AWP,WE,Towers with Radar,0,3,13,0,16,0,7,233,0,240,0,10,246,0,256,241,0,241,497
06/16/2008,FFZ,AZ,AWP,WE,Towers with Radar,0,1,11,0,12,0,5,283,5,293,0,6,294,5,305,445,0,445,750
06/17/2008,FFZ,AZ,AWP,WE,Towers with Radar,0,1,8,0,9,0,3,321,14,338,0,4,329,14,347,402,0,402,749
06/18/2008,FFZ,AZ,AWP,WE,Towers with Radar,0,4,12,0,16,0,10,313,4,327,0,14,325,4,343,374,0,374,717
06/19/2008,FFZ,AZ,AWP,WE,Towers with Radar,0,4,12,0,16,0,5,350,2,357,0,9,362,2,373,489,0,489,862
06/20/2008,FFZ,AZ,AWP,WE,Towers with Radar,0,2,14,0,16,0,2,301,8,311,0,4,315,8,327,322,0,322,649
06/21/2008,FFZ,AZ,AWP,WE,Towers with Radar,0,1,8,0,9,0,9,289,7,305,0,10,297,7,314,247,0,247,561
06/22/2008,FFZ,AZ,AWP,WE,Towers with Radar,0,2,11,0,13,0,1,197,0,198,0,3,208,0,211,198,0,198,409
06/23/2008,FFZ,AZ,AWP,WE,Towers with Radar,0,6,8,0,14,0,4,277,10,291,0,10,285,10,305,279,0,279,584
06/24/2008,FFZ,AZ,AWP,WE,Towers with Radar,0,0,15,0,15,0,10,330,13,353,0,10,345,13,368,387,0,387,755
06/25/2008,FFZ,AZ,AWP,WE,Towers with Radar,0,1,15,0,16,0,10,314,11,335,0,11,329,11,351,456,0,456,807
06/26/2008,FFZ,AZ,AWP,WE,Towers with Radar,0,0,12,0,12,0,4,368,5,377,0,4,380,5,389,470,0,470,859
06/27/2008,FFZ,AZ,AWP,WE,Towers with Radar,0,0,12,0,12,0,8,388,5,401,0,8,400,5,413,455,0,455,868
06/28/2008,FFZ,AZ,AWP,WE,Towers with Radar,0,0,12,0,12,0,3,266,0,269,0,3,278,0,281,545,0,545,826
06/29/2008,FFZ,AZ,AWP,WE,Towers with Radar,0,6,5,0,11,0,4,209,0,213,0,10,214,0,224,271,0,271,495
06/30/2008,FFZ,AZ,AWP,WE,Towers with Radar,0,0,8,0,8,0,4,283,2,289,0,4,291,2,297,405,9,414,711
07/01/2008,FFZ,AZ,AWP,WE,Towers with Radar,0,0,14,0,14,0,24,272,1,297,0,24,286,1,311,291,0,291,602
07/02/2008,FFZ,AZ,AWP,WE,Towers with Radar,0,0,13,0,13,0,5,296,0,301,0,5,309,0,314,382,0,382,696
07/03/2008,FFZ,AZ,AWP,WE,Towers with Radar,0,0,11,0,11,0,11,324,1,336,0,11,335,1,347,407,0,407,754
07/04/2008,FFZ,AZ,AWP,WE,Towers with Radar,0,1,10,0,11,0,14,147,0,161,0,15,157,0,172,164,0,164,336
07/05/2008,FFZ,AZ,AWP,WE,Towers with Radar,0,0,5,0,5,0,22,180,2,204,0,22,185,2,209,396,0,396,605
07/06/2008,FFZ,AZ,AWP,WE,Towers with Radar,0,0,9,0,9,0,9,179,0,188,0,9,188,0,197,287,0,287,484
07/07/2008,FFZ,AZ,AWP,WE,Towers with Radar,0,0,11,0,11,0,8,250,10,268,0,8,261,10,279,333,0,333,612
07/08/2008,FFZ,AZ,AWP,WE,Towers with Radar,0,0,8,0,8,0,2,320,9,331,0,2,328,9,339,442,0,442,781
07/09/2008,FFZ,AZ,AWP,WE,Towers with Radar,0,0,12,0,12,0,7,346,2,355,0,7,358,2,367,340,0,340,707
07/10/2008,FFZ,AZ,AWP,WE,Towers with Radar,0,0,13,0,13,0,6,307,7,320,0,6,320,7,333,383,6,389,722
07/11/2008,FFZ,AZ,AWP,WE,Towers with Radar,0,0,14,0,14,0,6,143,1,150,0,6,157,1,164,362,0,362,526
07/12/2008,FFZ,AZ,AWP,WE,Towers with Radar,0,1,5,0,6,0,8,247,0,255,0,9,252,0,261,428,0,428,689
07/13/2008,FFZ,AZ,AWP,WE,Towers with Radar,0,2,7,0,9,0,7,190,2,199,0,9,197,2,208,233,0,233,441
07/14/2008,FFZ,AZ,AWP,WE,Towers with Radar,0,0,15,0,15,0,10,267,2,279,0,10,282,2,294,293,1,294,588
07/15/2008,FFZ,AZ,AWP,WE,Towers with Radar,0,0,14,0,14,0,2,341,9,352,0,2,355,9,366,211,0,211,577
07/16/2008,FFZ,AZ,AWP,WE,Towers with Radar,0,1,7,0,8,0,14,369,14,397,0,15,376,14,405,412,0,412,817
07/17/2008,FFZ,AZ,AWP,WE,Towers with Radar,0,0,12,0,12,0,6,375,10,391,0,6,387,10,403,607,0,607,1010
07/18/2008,FFZ,AZ,AWP,WE,Towers with Radar,0,1,18,0,19,0,1,377,9,387,0,2,395,9,406,462,0,462,868
07/19/2008,FFZ,AZ,AWP,WE,Towers with Radar,0,2,5,0,7,0,11,269,2,282,0,13,274,2,289,368,0,368,657
07/20/2008,FFZ,AZ,AWP,WE,Towers with Radar,0,6,13,0,19,0,7,194,0,201,0,13,207,0,220,430,0,430,650
07/21/2008,FFZ,AZ,AWP,WE,Towers with Radar,0,0,14,1,15,0,7,288,9,304,0,7,302,10,319,442,0,442,761
07/22/2008,FFZ,AZ,AWP,WE,Towers with Radar,0,1,10,0,11,0,4,275,15,294,0,5,285,15,305,570,0,570,875
07/23/2008,FFZ,AZ,AWP,WE,Towers with Radar,0,2,14,0,16,0,4,395,13,412,0,6,409,13,428,741,0,741,1169
07/24/2008,FFZ,AZ,AWP,WE,Towers with Radar,0,2,18,0,20,0,1,356,15,372,0,3,374,15,392,459,0,459,851
07/25/2008,FFZ,AZ,AWP,WE,Towers with Radar,0,0,17,0,17,0,6,360,4,370,0,6,377,4,387,538,0,538,925
07/26/2008,FFZ,AZ,AWP,WE,Towers with Radar,0,0,9,0,9,0,9,247,7,263,0,9,256,7,272,387,0,387,659
07/27/2008,FFZ,AZ,AWP,WE,Towers with Radar,0,4,5,0,9,0,5,208,0,213,0,9,213,0,222,175,0,175,397
07/28/2008,FFZ,AZ,AWP,WE,Towers with Radar,0,0,12,0,12,0,2,359,4,365,0,2,371,4,377,284,0,284,661
07/29/2008,FFZ,AZ,AWP,WE,Towers with Radar,0,0,14,0,14,0,3,353,17,373,0,3,367,17,387,575,0,575,962
07/30/2008,FFZ,AZ,AWP,WE,Towers with Radar,0,0,12,0,12,0,6,317,8,331,0,6,329,8,343,375,0,375,718
07/31/2008,FFZ,AZ,AWP,WE,Towers with Radar,0,1,15,0,16,0,5,303,5,313,0,6,318,5,329,324,0,324,653
08/01/2008,FFZ,AZ,AWP,WE,Towers with Radar,0,1,7,0,8,0,2,278,1,281,0,3,285,1,289,446,0,446,735
08/02/2008,FFZ,AZ,AWP,WE,Towers with Radar,0,1,17,0,18,0,3,24,0,27,0,4,41,0,45,294,0,294,339
08/03/2008,FFZ,AZ,AWP,WE,Towers with Radar,0,4,12,0,16,0,5,156,0,161,0,9,168,0,177,128,0,128,305
08/04/2008,FFZ,AZ,AWP,WE,Towers with Radar,0,0,12,0,12,0,3,318,1,322,0,3,330,1,334,414,0,414,748
08/05/2008,FFZ,AZ,AWP,WE,Towers with Radar,0,0,15,0,15,0,9,379,0,388,0,9,394,0,403,394,0,394,797
08/06/2008,FFZ,AZ,AWP,WE,Towers with Radar,0,0,14,0,14,0,10,385,5,400,0,10,399,5,414,475,0,475,889
08/07/2008,FFZ,AZ,AWP,WE,Towers with Radar,0,1,16,0,17,0,6,303,4,313,0,7,319,4,330,372,2,374,704
08/08/2008,FFZ,AZ,AWP,WE,Towers with Radar,0,0,21,0,21,0,2,333,0,335,0,2,354,0,356,324,0,324,680
08/09/2008,FFZ,AZ,AWP,WE,Towers with Radar,0,1,17,0,18,0,2,296,0,298,0,3,313,0,316,296,0,296,612
08/10/2008,FFZ,AZ,AWP,WE,Towers with Radar,0,2,10,0,12,0,12,197,0,209,0,14,207,0,221,229,0,229,450
08/11/2008,FFZ,AZ,AWP,WE,Towers with Radar,0,2,17,0,19,0,5,397,9,411,0,7,414,9,430,290,0,290,720
08/12/2008,FFZ,AZ,AWP,WE,Towers with Radar,0,3,13,0,16,0,10,414,2,426,0,13,427,2,442,513,0,513,955
08/13/2008,FFZ,AZ,AWP,WE,Towers with Radar,0,2,10,0,12,0,7,374,2,383,0,9,384,2,395,387,0,387,782
08/14/2008,FFZ,AZ,AWP,WE,Towers with Radar,0,0,15,0,15,0,4,384,4,392,0,4,399,4,407,411,0,411,818
08/15/2008,FFZ,AZ,AWP,WE,Towers with Radar,0,3,20,0,23,0,5,412,9,426,0,8,432,9,449,479,0,479,928
08/16/2008,FFZ,AZ,AWP,WE,Towers with Radar,0,1,4,0,5,0,13,293,4,310,0,14,297,4,315,313,0,313,628
08/17/2008,FFZ,AZ,AWP,WE,Towers with Radar,0,1,11,0,12,0,4,218,1,223,0,5,229,1,235,308,0,308,543
08/18/2008,FFZ,AZ,AWP,WE,Towers with Radar,0,0,13,0,13,0,6,376,11,393,0,6,389,11,406,505,0,505,911
08/19/2008,FFZ,AZ,AWP,WE,Towers with Radar,0,0,22,0,22,0,7,462,9,478,0,7,484,9,500,758,0,758,1258
08/20/2008,FFZ,AZ,AWP,WE,Towers with Radar,0,0,18,0,18,0,12,368,6,386,0,12,386,6,404,553,0,553,957
08/21/2008,FFZ,AZ,AWP,WE,Towers with Radar,0,0,7,0,7,0,9,381,10,400,0,9,388,10,407,637,0,637,1044
08/22/2008,FFZ,AZ,AWP,WE,Towers with Radar,0,0,23,0,23,0,13,413,20,446,0,13,436,20,469,398,0,398,867
08/23/2008,FFZ,AZ,AWP,WE,Towers with Radar,0,5,6,0,11,0,4,314,12,330,0,9,320,12,341,305,0,305,646
08/24/2008,FFZ,AZ,AWP,WE,Towers with Radar,0,0,12,0,12,0,4,217,1,222,0,4,229,1,234,194,0,194,428
08/25/2008,FFZ,AZ,AWP,WE,Towers with Radar,0,0,13,0,13,0,2,281,11,294,0,2,294,11,307,346,0,346,653
08/26/2008,FFZ,AZ,AWP,WE,Towers with Radar,0,0,36,0,36,0,5,338,15,358,0,5,374,15,394,727,0,727,1121
08/27/2008,FFZ,AZ,AWP,WE,Towers with Radar,0,1,21,0,22,0,4,288,15,307,0,5,309,15,329,650,0,650,979
08/28/2008,FFZ,AZ,AWP,WE,Towers with Radar,0,2,26,0,28,0,5,347,13,365,0,7,373,13,393,669,0,669,1062
08/29/2008,FFZ,AZ,AWP,WE,Towers with Radar,0,2,9,0,11,0,3,365,15,383,0,5,374,15,394,593,0,593,987
08/30/2008,FFZ,AZ,AWP,WE,Towers with Radar,0,0,11,0,11,0,3,217,0,220,0,3,228,0,231,209,0,209,440
08/31/2008,FFZ,AZ,AWP,WE,Towers with Radar,0,0,8,0,8,0,3,152,0,155,0,3,160,0,163,254,0,254,417
09/01/2008,FFZ,AZ,AWP,WE,Towers with Radar,0,2,10,0,12,0,5,181,0,186,0,7,191,0,198,167,0,167,365
09/02/2008,FFZ,AZ,AWP,WE,Towers with Radar,0,0,15,0,15,0,0,345,0,345,0,0,360,0,360,772,0,772,1132
09/03/2008,FFZ,AZ,AWP,WE,Towers with Radar,0,0,20,0,20,0,0,303,4,307,0,0,323,4,327,567,0,567,894
09/04/2008,FFZ,AZ,AWP,WE,Towers with Radar,0,2,24,0,26,0,5,485,10,500,0,7,509,10,526,555,0,555,1081
09/05/2008,FFZ,AZ,AWP,WE,Towers with Radar,0,0,18,0,18,0,10,342,3,355,0,10,360,3,373,553,1,554,927
09/06/2008,FFZ,AZ,AWP,WE,Towers with Radar,0,1,14,0,15,0,3,279,0,282,0,4,293,0,297,338,0,338,635
09/07/2008,FFZ,AZ,AWP,WE,Towers with Radar,0,1,12,1,14,0,4,188,0,192,0,5,200,1,206,106,1,107,313
09/08/2008,FFZ,AZ,AWP,WE,Towers with Radar,0,0,16,0,16,0,8,313,1,322,0,8,329,1,338,560,0,560,898
09/09/2008,FFZ,AZ,AWP,WE,Towers with Radar,0,0,11,0,11,0,9,303,0,312,0,9,314,0,323,547,0,547,870
09/10/2008,FFZ,AZ,AWP,WE,Towers with Radar,0,0,10,1,11,0,5,309,5,319,0,5,319,6,330,563,0,563,893
09/11/2008,FFZ,AZ,AWP,WE,Towers with Radar,0,1,22,0,23,0,8,344,4,356,0,9,366,4,379,456,0,456,835
09/12/2008,FFZ,AZ,AWP,WE,Towers with Radar,0,0,21,0,21,0,0,392,2,394,0,0,413,2,415,426,0,426,841
09/13/2008,FFZ,AZ,AWP,WE,Towers with Radar,0,2,12,0,14,0,3,299,0,302,0,5,311,0,316,268,0,268,584
09/14/2008,FFZ,AZ,AWP,WE,Towers with Radar,0,0,15,0,15,0,5,254,1,260,0,5,269,1,275,142,0,142,417
09/15/2008,FFZ,AZ,AWP,WE,Towers with Radar,0,0,17,0,17,0,12,260,4,276,0,12,277,4,293,206,0,206,499
09/16/2008,FFZ,AZ,AWP,WE,Towers with Radar,0,0,24,0,24,0,15,317,0,332,0,15,341,0,356,421,0,421,777
09/17/2008,FFZ,AZ,AWP,WE,Towers with Radar,0,0,23,0,23,0,6,343,14,363,0,6,366,14,386,586,0,586,972
09/18/2008,FFZ,AZ,AWP,WE,Towers with Radar,0,1,16,0,17,0,5,374,9,388,0,6,390,9,405,445,0,445,850
09/19/2008,FFZ,AZ,AWP,WE,Towers with Radar,0,1,13,0,14,0,10,362,9,381,0,11,375,9,395,459,0,459,854
09/20/2008,FFZ,AZ,AWP,WE,Towers with Radar,0,0,13,0,13,0,3,318,9,330,0,3,331,9,343,257,0,257,600
09/21/2008,FFZ,AZ,AWP,WE,Towers with Radar,0,0,10,0,10,0,3,215,0,218,0,3,225,0,228,174,0,174,402
09/22/2008,FFZ,AZ,AWP,WE,Towers with Radar,0,0,17,0,17,0,4,289,4,297,0,4,306,4,314,272,0,272,586
09/23/2008,FFZ,AZ,AWP,WE,Towers with Radar,0,0,16,0,16,0,12,349,13,374,0,12,365,13,390,490,8,498,888
09/24/2008,FFZ,AZ,AWP,WE,Towers with Radar,0,0,18,0,18,0,5,371,6,382,0,5,389,6,400,462,0,462,862
09/25/2008,FFZ,AZ,AWP,WE,Towers with Radar,0,0,22,0,22,0,3,276,12,291,0,3,298,12,313,367,0,367,680
09/26/2008,FFZ,AZ,AWP,WE,Towers with Radar,0,0,13,0,13,0,7,367,11,385,0,7,380,11,398,602,0,602,1000
09/27/2008,FFZ,AZ,AWP,WE,Towers with Radar,0,0,10,0,10,0,5,324,5,334,0,5,334,5,344,492,0,492,836
09/28/2008,FFZ,AZ,AWP,WE,Towers with Radar,0,0,7,0,7,0,2,224,7,233,0,2,231,7,240,431,0,431,671
09/29/2008,FFZ,AZ,AWP,WE,Towers with Radar,0,0,26,0,26,0,0,250,10,260,0,0,276,10,286,527,0,527,813
09/30/2008,FFZ,AZ,AWP,WE,Towers with Radar,0,0,20,0,20,0,11,343,6,360,0,11,363,6,380,684,0,684,1064
10/01/2008,FFZ,AZ,AWP,WE,Towers with Radar,0,0,16,0,16,0,9,385,2,396,0,9,401,2,412,707,0,707,1119
10/02/2008,FFZ,AZ,AWP,WE,Towers with Radar,0,0,24,0,24,0,2,386,0,388,0,2,410,0,412,758,0,758,1170
10/03/2008,FFZ,AZ,AWP,WE,Towers with Radar,0,2,26,0,28,0,9,312,0,321,0,11,338,0,349,691,0,691,1040
10/04/2008,FFZ,AZ,AWP,WE,Towers with Radar,0,0,11,0,11,0,7,214,2,223,0,7,225,2,234,466,0,466,700
10/05/2008,FFZ,AZ,AWP,WE,Towers with Radar,0,0,8,0,8,0,7,208,0,215,0,7,216,0,223,348,0,348,571
10/06/2008,FFZ,AZ,AWP,WE,Towers with Radar,0,2,22,0,24,0,0,320,0,320,0,2,342,0,344,714,0,714,1058
10/07/2008,FFZ,AZ,AWP,WE,Towers with Radar,0,0,17,0,17,0,1,368,1,370,0,1,385,1,387,698,0,698,1085
10/08/2008,FFZ,AZ,AWP,WE,Towers with Radar,0,1,19,0,20,0,3,412,2,417,0,4,431,2,437,785,0,785,1222
10/09/2008,FFZ,AZ,AWP,WE,Towers with Radar,0,0,16,0,16,0,13,355,0,368,0,13,371,0,384,610,0,610,994
10/10/2008,FFZ,AZ,AWP,WE,Towers with Radar,0,0,19,0,19,0,6,238,11,255,0,6,257,11,274,338,0,338,612
10/11/2008,FFZ,AZ,AWP,WE,Towers with Radar,0,2,12,0,14,0,4,87,0,91,0,6,99,0,105,103,0,103,208
10/12/2008,FFZ,AZ,AWP,WE,Towers with Radar,0,4,14,0,18,0,6,250,0,256,0,10,264,0,274,300,0,300,574
10/13/2008,FFZ,AZ,AWP,WE,Towers with Radar,0,2,9,0,11,0,9,302,12,323,0,11,311,12,334,536,0,536,870
10/14/2008,FFZ,AZ,AWP,WE,Towers with Radar,0,0,23,0,23,0,11,329,10,350,0,11,352,10,373,632,0,632,1005
10/15/2008,FFZ,AZ,AWP,WE,Towers with Radar,0,2,15,0,17,0,10,344,4,358,0,12,359,4,375,564,0,564,939
10/16/2008,FFZ,AZ,AWP,WE,Towers with Radar,0,2,23,0,25,0,7,414,11,432,0,9,437,11,457,641,0,641,1098
10/17/2008,FFZ,AZ,AWP,WE,Towers with Radar,0,1,11,0,12,0,12,369,6,387,0,13,380,6,399,595,2,597,996
10/18/2008,FFZ,AZ,AWP,WE,Towers with Radar,0,0,11,0,11,0,10,324,0,334,0,10,335,0,345,545,0,545,890
10/19/2008,FFZ,AZ,AWP,WE,Towers with Radar,0,1,14,0,15,0,2,227,0,229,0,3,241,0,244,396,0,396,640
10/20/2008,FFZ,AZ,AWP,WE,Towers with Radar,0,0,21,0,21,0,3,392,9,404,0,3,413,9,425,668,10,678,1103
10/21/2008,FFZ,AZ,AWP,WE,Towers with Radar,0,1,11,0,12,0,16,373,12,401,0,17,384,12,413,647,0,647,1060
10/22/2008,FFZ,AZ,AWP,WE,Towers with Radar,0,1,10,0,11,0,16,316,9,341,0,17,326,9,352,657,3,660,1012
10/23/2008,FFZ,AZ,AWP,WE,Towers with Radar,0,4,24,0,28,0,2,437,14,453,0,6,461,14,481,837,0,837,1318
10/24/2008,FFZ,AZ,AWP,WE,Towers with Radar,0,0,30,0,30,0,7,427,22,456,0,7,457,22,486,840,0,840,1326
10/25/2008,FFZ,AZ,AWP,WE,Towers with Radar,0,0,16,0,16,0,5,379,23,407,0,5,395,23,423,523,0,523,946
10/26/2008,FFZ,AZ,AWP,WE,Towers with Radar,0,2,9,0,11,0,4,274,0,278,0,6,283,0,289,303,0,303,592
10/27/2008,FFZ,AZ,AWP,WE,Towers with Radar,0,0,25,0,25,0,9,258,2,269,0,9,283,2,294,409,0,409,703
10/28/2008,FFZ,AZ,AWP,WE,Towers with Radar,0,0,29,2,31,0,17,413,16,446,0,17,442,18,477,728,1,729,1206
10/29/2008,FFZ,AZ,AWP,WE,Towers with Radar,0,2,25,0,27,0,12,367,5,384,0,14,392,5,411,775,0,775,1186
10/30/2008,FFZ,AZ,AWP,WE,Towers with Radar,0,0,19,0,19,0,11,394,8,413,0,11,413,8,432,1068,0,1068,1500
10/31/2008,FFZ,AZ,AWP,WE,Towers with Radar,0,0,15,0,15,0,10,390,12,412,0,10,405,12,427,889,0,889,1316
11/01/2008,FFZ,AZ,AWP,WE,Towers with Radar,0,0,8,0,8,0,5,337,0,342,0,5,345,0,350,337,0,337,687
11/02/2008,FFZ,AZ,AWP,WE,Towers with Radar,0,0,10,0,10,0,5,223,0,228,0,5,233,0,238,162,0,162,400
11/03/2008,FFZ,AZ,AWP,WE,Towers with Radar,0,0,15,0,15,0,7,370,2,379,0,7,385,2,394,622,0,622,1016
11/04/2008,FFZ,AZ,AWP,WE,Towers with Radar,0,0,20,0,20,0,5,341,0,346,0,5,361,0,366,635,0,635,1001
11/05/2008,FFZ,AZ,AWP,WE,Towers with Radar,0,2,23,0,25,0,1,357,4,362,0,3,380,4,387,578,0,578,965
11/06/2008,FFZ,AZ,AWP,WE,Towers with Radar,0,0,19,0,19,0,10,409,22,441,0,10,428,22,460,558,0,558,1018
11/07/2008,FFZ,AZ,AWP,WE,Towers with Radar,0,0,24,0,24,0,6,404,9,419,0,6,428,9,443,552,0,552,995
11/08/2008,FFZ,AZ,AWP,WE,Towers with Radar,0,1,9,0,10,0,11,344,0,355,0,12,353,0,365,493,0,493,858
11/09/2008,FFZ,AZ,AWP,WE,Towers with Radar,0,0,1,3,4,0,5,129,0,134,0,5,130,3,138,116,0,116,254
11/10/2008,FFZ,AZ,AWP,WE,Towers with Radar,0,1,14,0,15,0,2,328,3,333,0,3,342,3,348,490,0,490,838
11/11/2008,FFZ,AZ,AWP,WE,Towers with Radar,0,0,18,0,18,0,3,391,15,409,0,3,409,15,427,563,4,567,994
11/12/2008,FFZ,AZ,AWP,WE,Towers with Radar,0,0,17,0,17,0,6,372,13,391,0,6,389,13,408,388,0,388,796
11/13/2008,FFZ,AZ,AWP,WE,Towers with Radar,0,1,5,0,6,0,7,359,8,374,0,8,364,8,380,606,0,606,986
11/14/2008,FFZ,AZ,AWP,WE,Towers with Radar,0,0,26,0,26,0,9,353,8,370,0,9,379,8,396,547,0,547,943
11/15/2008,FFZ,AZ,AWP,WE,Towers with Radar,0,1,12,0,13,0,4,156,2,162,0,5,168,2,175,134,0,134,309
11/16/2008,FFZ,AZ,AWP,WE,Towers with Radar,0,0,14,0,14,0,5,218,0,223,0,5,232,0,237,245,0,245,482
11/17/2008,FFZ,AZ,AWP,WE,Towers with Radar,0,1,21,0,22,0,18,320,7,345,0,19,341,7,367,517,0,517,884
11/18/2008,FFZ,AZ,AWP,WE,Towers with Radar,0,0,16,0,16,0,2,319,8,329,0,2,335,8,345,563,0,563,908
11/19/2008,FFZ,AZ,AWP,WE,Towers with Radar,0,0,19,0,19,0,5,322,5,332,0,5,341,5,351,667,0,667,1018
11/20/2008,FFZ,AZ,AWP,WE,Towers with Radar,0,4,19,0,23,0,5,337,5,347,0,9,356,5,370,652,0,652,1022
11/21/2008,FFZ,AZ,AWP,WE,Towers with Radar,0,0,15,0,15,0,3,368,6,377,0,3,383,6,392,500,0,500,892
11/22/2008,FFZ,AZ,AWP,WE,Towers with Radar,0,0,12,0,12,0,11,354,0,365,0,11,366,0,377,503,0,503,880
11/23/2008,FFZ,AZ,AWP,WE,Towers with Radar,0,2,15,0,17,0,4,234,0,238,0,6,249,0,255,356,0,356,611
11/24/2008,FFZ,AZ,AWP,WE,Towers with Radar,0,1,23,0,24,0,5,390,4,399,0,6,413,4,423,658,0,658,1081
11/25/2008,FFZ,AZ,AWP,WE,Towers with Radar,0,1,23,0,24,0,5,390,4,399,0,6,413,4,423,658,0,658,1081
11/26/2008,FFZ,AZ,AWP,WE,Towers with Radar,0,3,14,0,17,0,1,145,2,148,0,4,159,2,165,191,0,191,356
11/27/2008,FFZ,AZ,AWP,WE,Towers with Radar,0,0,2,0,2,0,5,29,0,34,0,5,31,0,36,69,0,69,105
11/28/2008,FFZ,AZ,AWP,WE,Towers with Radar,0,0,16,0,16,0,2,297,0,299,0,2,313,0,315,558,0,558,873
11/29/2008,FFZ,AZ,AWP,WE,Towers with Radar,0,2,12,0,14,0,0,343,0,343,0,2,355,0,357,515,0,515,872
11/30/2008,FFZ,AZ,AWP,WE,Towers with Radar,0,2,21,0,23,0,0,317,0,317,0,2,338,0,340,458,0,458,798
12/01/2008,FFZ,AZ,AWP,WE,Towers with Radar,0,3,24,0,27,0,0,387,4,391,0,3,411,4,418,532,0,532,950
12/02/2008,FFZ,AZ,AWP,WE,Towers with Radar,0,2,20,0,22,0,1,363,0,364,0,3,383,0,386,602,0,602,988
12/03/2008,FFZ,AZ,AWP,WE,Towers with Radar,0,0,19,0,19,0,19,393,0,412,0,19,412,0,431,600,0,600,1031
12/04/2008,FFZ,AZ,AWP,WE,Towers with Radar,0,0,14,0,14,0,2,400,2,404,0,2,414,2,418,616,0,616,1034
12/05/2008,FFZ,AZ,AWP,WE,Towers with Radar,0,1,20,0,21,0,5,379,2,386,0,6,399,2,407,659,0,659,1066
12/06/2008,FFZ,AZ,AWP,WE,Towers with Radar,0,0,21,0,21,0,6,387,0,393,0,6,408,0,414,544,0,544,958
12/07/2008,FFZ,AZ,AWP,WE,Towers with Radar,0,0,15,0,15,0,0,255,0,255,0,0,270,0,270,301,0,301,571
12/08/2008,FFZ,AZ,AWP,WE,Towers with Radar,0,3,24,0,27,0,4,313,12,329,0,7,337,12,356,693,0,693,1049
12/09/2008,FFZ,AZ,AWP,WE,Towers with Radar,0,0,21,0,21,0,2,279,27,308,0,2,300,27,329,594,0,594,923
12/10/2008,FFZ,AZ,AWP,WE,Towers with Radar,0,0,25,0,25,0,3,338,22,363,0,3,363,22,388,521,0,521,909
12/11/2008,FFZ,AZ,AWP,WE,Towers with Radar,0,1,21,0,22,0,7,382,9,398,0,8,403,9,420,586,0,586,1006
12/12/2008,FFZ,AZ,AWP,WE,Towers with Radar,0,6,17,0,23,0,4,381,10,395,0,10,398,10,418,681,0,681,1099
12/13/2008,FFZ,AZ,AWP,WE,Towers with Radar,0,0,12,0,12,0,0,267,1,268,0,0,279,1,280,330,0,330,610
12/14/2008,FFZ,AZ,AWP,WE,Towers with Radar,0,1,10,0,11,0,11,221,0,232,0,12,231,0,243,440,0,440,683
12/15/2008,FFZ,AZ,AWP,WE,Towers with Radar,0,3,4,0,7,0,2,264,9,275,0,5,268,9,282,444,0,444,726
12/16/2008,FFZ,AZ,AWP,WE,Towers with Radar,0,0,10,0,10,0,2,60,0,62,0,2,70,0,72,204,4,208,280
12/17/2008,FFZ,AZ,AWP,WE,Towers with Radar,0,0,22,0,22,0,1,286,5,292,0,1,308,5,314,580,0,580,894
12/18/2008,FFZ,AZ,AWP,WE,Towers with Radar,0,1,15,0,16,0,0,330,13,343,0,1,345,13,359,593,0,593,952
12/19/2008,FFZ,AZ,AWP,WE,Towers with Radar,0,0,25,0,25,0,6,482,5,493,0,6,507,5,518,687,0,687,1205
12/20/2008,FFZ,AZ,AWP,WE,Towers with Radar,0,0,22,0,22,0,2,434,0,436,0,2,456,0,458,602,0,602,1060
12/21/2008,FFZ,AZ,AWP,WE,Towers with Radar,0,0,17,0,17,0,3,210,0,213,0,3,227,0,230,146,0,146,376
12/22/2008,FFZ,AZ,AWP,WE,Towers with Radar,0,2,18,0,20,0,4,142,11,157,0,6,160,11,177,147,0,147,324
12/23/2008,FFZ,AZ,AWP,WE,Towers with Radar,0,1,12,0,13,0,11,244,1,256,0,12,256,1,269,352,0,352,621
12/24/2008,FFZ,AZ,AWP,WE,Towers with Radar,0,1,4,0,5,0,3,125,0,128,0,4,129,0,133,114,0,114,247
12/25/2008,FFZ,AZ,AWP,WE,Towers with Radar,0,1,2,0,3,0,0,10,0,10,0,1,12,0,13,12,0,12,25
12/26/2008,FFZ,AZ,AWP,WE,Towers with Radar,0,9,12,0,21,0,2,212,0,214,0,11,224,0,235,271,0,271,506
12/27/2008,FFZ,AZ,AWP,WE,Towers with Radar,0,0,18,0,18,0,4,359,0,363,0,4,377,0,381,466,0,466,847
12/28/2008,FFZ,AZ,AWP,WE,Towers with Radar,0,0,7,0,7,0,5,297,0,302,0,5,304,0,309,373,0,373,682
12/29/2008,FFZ,AZ,AWP,WE,Towers with Radar,0,0,13,0,13,0,2,337,1,340,0,2,350,1,353,455,0,455,808
12/30/2008,FFZ,AZ,AWP,WE,Towers with Radar,0,0,21,0,21,0,0,352,0,352,0,0,373,0,373,466,0,466,839
12/31/2008,FFZ,AZ,AWP,WE,Towers with Radar,0,0,12,0,12,0,1,187,0,188,0,1,199,0,200,140,0,140,340
01/01/2009,FFZ,AZ,AWP,WE,Towers with Radar,0,0,7,0,7,0,6,131,0,137,0,6,138,0,144,106,0,106,250
01/02/2009,FFZ,AZ,AWP,WE,Towers with Radar,0,0,14,0,14,0,0,364,0,364,0,0,378,0,378,480,0,480,858
01/03/2009,FFZ,AZ,AWP,WE,Towers with Radar,0,0,26,0,26,0,9,385,5,399,0,9,411,5,425,435,0,435,860
01/04/2009,FFZ,AZ,AWP,WE,Towers with Radar,0,3,15,0,18,0,2,113,0,115,0,5,128,0,133,314,0,314,447
01/05/2009,FFZ,AZ,AWP,WE,Towers with Radar,0,1,14,0,15,0,5,234,1,240,0,6,248,1,255,394,0,394,649
01/06/2009,FFZ,AZ,AWP,WE,Towers with Radar,0,0,12,0,12,0,7,338,7,352,0,7,350,7,364,592,0,592,956
01/07/2009,FFZ,AZ,AWP,WE,Towers with Radar,0,1,17,1,19,0,1,395,6,402,0,2,412,7,421,606,0,606,1027
01/08/2009,FFZ,AZ,AWP,WE,Towers with Radar,0,0,10,0,10,0,5,373,3,381,0,5,383,3,391,560,0,560,951
01/09/2009,FFZ,AZ,AWP,WE,Towers with Radar,0,0,12,0,12,0,3,380,3,386,0,3,392,3,398,804,0,804,1202
01/10/2009,FFZ,AZ,AWP,WE,Towers with Radar,0,0,15,0,15,0,4,358,2,364,0,4,373,2,379,412,0,412,791
01/11/2009,FFZ,AZ,AWP,WE,Towers with Radar,0,1,12,0,13,0,1,288,0,289,0,2,300,0,302,374,0,374,676
01/12/2009,FFZ,AZ,AWP,WE,Towers with Radar,0,0,16,0,16,0,1,351,4,356,0,1,367,4,372,376,0,376,748
01/13/2009,FFZ,AZ,AWP,WE,Towers with Radar,0,0,9,0,9,0,2,365,18,385,0,2,374,18,394,359,0,359,753
01/14/2009,FFZ,AZ,AWP,WE,Towers with Radar,0,0,15,0,15,0,5,440,3,448,0,5,455,3,463,641,0,641,1104
01/15/2009,FFZ,AZ,AWP,WE,Towers with Radar,0,0,16,1,17,0,7,385,3,395,0,7,401,4,412,406,0,406,818
01/16/2009,FFZ,AZ,AWP,WE,Towers with Radar,0,0,18,0,18,0,2,417,9,428,0,2,435,9,446,601,0,601,1047
01/17/2009,FFZ,AZ,AWP,WE,Towers with Radar,0,1,15,0,16,0,1,343,13,357,0,2,358,13,373,444,0,444,817
01/18/2009,FFZ,AZ,AWP,WE,Towers with Radar,0,0,5,0,5,0,2,212,1,215,0,2,217,1,220,317,0,317,537
01/19/2009,FFZ,AZ,AWP,WE,Towers with Radar,0,0,26,0,26,0,9,334,5,348,0,9,360,5,374,388,0,388,762
01/20/2009,FFZ,AZ,AWP,WE,Towers with Radar,0,0,25,0,25,0,2,360,7,369,0,2,385,7,394,540,0,540,934
01/21/2009,FFZ,AZ,AWP,WE,Towers with Radar,0,0,21,0,21,0,8,406,3,417,0,8,427,3,438,634,0,634,1072
01/22/2009,FFZ,AZ,AWP,WE,Towers with Radar,0,1,25,0,26,0,9,289,4,302,0,10,314,4,328,674,0,674,1002
01/23/2009,FFZ,AZ,AWP,WE,Towers with Radar,0,0,20,0,20,0,0,276,9,285,0,0,296,9,305,762,0,762,1067
01/24/2009,FFZ,AZ,AWP,WE,Towers with Radar,0,0,11,0,11,0,7,298,6,311,0,7,309,6,322,368,0,368,690
01/25/2009,FFZ,AZ,AWP,WE,Towers with Radar,0,0,22,0,22,0,7,277,0,284,0,7,299,0,306,250,0,250,556
01/26/2009,FFZ,AZ,AWP,WE,Towers with Radar,0,0,6,0,6,0,3,233,11,247,0,3,239,11,253,498,0,498,751
01/27/2009,FFZ,AZ,AWP,WE,Towers with Radar,0,0,22,0,22,0,4,403,0,407,0,4,425,0,429,656,0,656,1085
01/28/2009,FFZ,AZ,AWP,WE,Towers with Radar,0,2,17,0,19,0,1,389,0,390,0,3,406,0,409,775,0,775,1184
01/29/2009,FFZ,AZ,AWP,WE,Towers with Radar,0,1,14,0,15,0,6,362,8,376,0,7,376,8,391,715,0,715,1106
01/30/2009,FFZ,AZ,AWP,WE,Towers with Radar,0,3,19,0,22,0,5,389,10,404,0,8,408,10,426,801,0,801,1227
01/31/2009,FFZ,AZ,AWP,WE,Towers with Radar,0,0,20,0,20,0,4,392,4,400,0,4,412,4,420,508,0,508,928
02/01/2009,FFZ,AZ,AWP,WE,Towers with Radar,0,0,10,0,10,0,0,223,0,223,0,0,233,0,233,381,0,381,614
02/02/2009,FFZ,AZ,AWP,WE,Towers with Radar,0,1,19,0,20,0,6,328,10,344,0,7,347,10,364,386,0,386,750
02/03/2009,FFZ,AZ,AWP,WE,Towers with Radar,0,2,21,1,24,0,11,389,11,411,0,13,410,12,435,433,0,433,868
02/04/2009,FFZ,AZ,AWP,WE,Towers with Radar,0,0,28,0,28,0,2,334,5,341,0,2,362,5,369,640,0,640,1009
02/05/2009,FFZ,AZ,AWP,WE,Towers with Radar,0,0,26,0,26,0,6,379,20,405,0,6,405,20,431,506,0,506,937
02/06/2009,FFZ,AZ,AWP,WE,Towers with Radar,0,1,24,0,25,0,11,381,32,424,0,12,405,32,449,450,0,450,899
02/07/2009,FFZ,AZ,AWP,WE,Towers with Radar,0,0,12,0,12,0,3,283,3,289,0,3,295,3,301,214,0,214,515
02/08/2009,FFZ,AZ,AWP,WE,Towers with Radar,0,0,11,0,11,0,1,57,0,58,0,1,68,0,69,56,0,56,125
02/09/2009,FFZ,AZ,AWP,WE,Towers with Radar,0,1,8,2,11,0,1,110,4,115,0,2,118,6,126,100,6,106,232
02/10/2009,FFZ,AZ,AWP,WE,Towers with Radar,0,4,26,0,30,0,2,353,1,356,0,6,379,1,386,626,0,626,1012
02/11/2009,FFZ,AZ,AWP,WE,Towers with Radar,0,0,17,0,17,0,4,413,1,418,0,4,430,1,435,571,0,571,1006
02/12/2009,FFZ,AZ,AWP,WE,Towers with Radar,0,0,17,0,17,0,17,393,13,423,0,17,410,13,440,401,0,401,841
02/13/2009,FFZ,AZ,AWP,WE,Towers with Radar,0,0,20,0,20,0,6,339,16,361,0,6,359,16,381,431,0,431,812
02/14/2009,FFZ,AZ,AWP,WE,Towers with Radar,0,14,0,0,14,0,6,289,2,297,0,20,289,2,311,299,0,299,610
02/15/2009,FFZ,AZ,AWP,WE,Towers with Radar,0,0,12,0,12,0,5,234,0,239,0,5,246,0,251,312,0,312,563
02/16/2009,FFZ,AZ,AWP,WE,Towers with Radar,0,1,18,0,19,0,6,332,9,347,0,7,350,9,366,322,0,322,688
02/17/2009,FFZ,AZ,AWP,WE,Towers with Radar,0,4,16,0,20,0,2,180,1,183,0,6,196,1,203,356,0,356,559
02/18/2009,FFZ,AZ,AWP,WE,Towers with Radar,0,0,22,0,22,0,10,218,6,234,0,10,240,6,256,244,0,244,500
02/19/2009,FFZ,AZ,AWP,WE,Towers with Radar,0,0,17,0,17,0,12,440,16,468,0,12,457,16,485,563,0,563,1048
02/20/2009,FFZ,AZ,AWP,WE,Towers with Radar,0,1,23,4,28,0,9,438,4,451,0,10,461,8,479,520,0,520,999
02/21/2009,FFZ,AZ,AWP,WE,Towers with Radar,0,1,10,0,11,0,11,460,9,480,0,12,470,9,491,391,0,391,882
02/22/2009,FFZ,AZ,AWP,WE,Towers with Radar,0,1,18,0,19,0,9,308,1,318,0,10,326,1,337,280,0,280,617
02/23/2009,FFZ,AZ,AWP,WE,Towers with Radar,0,0,22,0,22,0,18,363,8,389,0,18,385,8,411,456,1,457,868
02/24/2009,FFZ,AZ,AWP,WE,Towers with Radar,0,0,20,0,20,0,9,390,8,407,0,9,410,8,427,618,1,619,1046
02/25/2009,FFZ,AZ,AWP,WE,Towers with Radar,0,0,23,0,23,0,3,363,13,379,0,3,386,13,402,511,0,511,913
02/26/2009,FFZ,AZ,AWP,WE,Towers with Radar,0,0,24,0,24,0,10,408,9,427,0,10,432,9,451,578,1,579,1030
02/27/2009,FFZ,AZ,AWP,WE,Towers with Radar,0,0,33,0,33,0,8,466,3,477,0,8,499,3,510,742,0,742,1252
02/28/2009,FFZ,AZ,AWP,WE,Towers with Radar,0,1,17,0,18,0,9,391,0,400,0,10,408,0,418,343,0,343,761
03/01/2009,FFZ,AZ,AWP,WE,Towers with Radar,0,1,34,0,35,0,4,286,0,290,0,5,320,0,325,332,0,332,657
03/02/2009,FFZ,AZ,AWP,WE,Towers with Radar,0,1,31,0,32,0,3,390,5,398,0,4,421,5,430,404,0,404,834
03/03/2009,FFZ,AZ,AWP,WE,Towers with Radar,0,1,22,0,23,0,8,444,10,462,0,9,466,10,485,656,0,656,1141
03/04/2009,FFZ,AZ,AWP,WE,Towers with Radar,0,1,34,0,35,0,5,440,9,454,0,6,474,9,489,734,0,734,1223
03/05/2009,FFZ,AZ,AWP,WE,Towers with Radar,0,1,16,0,17,0,4,430,15,449,0,5,446,15,466,780,0,780,1246
03/06/2009,FFZ,AZ,AWP,WE,Towers with Radar,0,0,24,0,24,0,14,375,10,399,0,14,399,10,423,608,0,608,1031
03/07/2009,FFZ,AZ,AWP,WE,Towers with Radar,0,0,13,0,13,0,3,424,2,429,0,3,437,2,442,485,0,485,927
03/08/2009,FFZ,AZ,AWP,WE,Towers with Radar,0,0,21,0,21,0,7,291,0,298,0,7,312,0,319,284,0,284,603
03/09/2009,FFZ,AZ,AWP,WE,Towers with Radar,0,0,19,0,19,0,4,251,10,265,0,4,270,10,284,447,0,447,731
03/10/2009,FFZ,AZ,AWP,WE,Towers with Radar,0,2,33,0,35,0,10,453,6,469,0,12,486,6,504,686,0,686,1190
03/11/2009,FFZ,AZ,AWP,WE,Towers with Radar,0,0,13,0,13,0,0,373,14,387,0,0,386,14,400,757,0,757,1157
03/12/2009,FFZ,AZ,AWP,WE,Towers with Radar,0,0,27,0,27,0,6,323,11,340,0,6,350,11,367,579,0,579,946
03/13/2009,FFZ,AZ,AWP,WE,Towers with Radar,0,5,34,0,39,0,10,416,11,437,0,15,450,11,476,607,0,607,1083
03/14/2009,FFZ,AZ,AWP,WE,Towers with Radar,0,0,11,0,11,0,10,339,0,349,0,10,350,0,360,515,0,515,875
03/15/2009,FFZ,AZ,AWP,WE,Towers with Radar,0,1,19,0,20,0,6,299,1,306,0,7,318,1,326,316,0,316,642
03/16/2009,FFZ,AZ,AWP,WE,Towers with Radar,0,2,23,0,25,0,4,382,9,395,0,6,405,9,420,561,0,561,981
03/17/2009,FFZ,AZ,AWP,WE,Towers with Radar,0,1,22,0,23,0,4,348,13,365,0,5,370,13,388,693,0,693,1081
03/18/2009,FFZ,AZ,AWP,WE,Towers with Radar,0,0,15,0,15,0,6,399,15,420,0,6,414,15,435,683,0,683,1118
03/19/2009,FFZ,AZ,AWP,WE,Towers with Radar,0,1,21,0,22,0,3,406,5,414,0,4,427,5,436,520,0,520,956
03/20/2009,FFZ,AZ,AWP,WE,Towers with Radar,0,1,16,0,17,0,13,374,15,402,0,14,390,15,419,690,0,690,1109
03/21/2009,FFZ,AZ,AWP,WE,Towers with Radar,0,4,8,0,12,0,13,271,0,284,0,17,279,0,296,193,0,193,489
03/22/2009,FFZ,AZ,AWP,WE,Towers with Radar,0,2,8,0,10,0,5,109,0,114,0,7,117,0,124,105,0,105,229
03/23/2009,FFZ,AZ,AWP,WE,Towers with Radar,0,2,11,0,13,0,5,349,4,358,0,7,360,4,371,344,0,344,715
03/24/2009,FFZ,AZ,AWP,WE,Towers with Radar,0,0,6,0,6,0,6,439,13,458,0,6,445,13,464,538,0,538,1002
03/25/2009,FFZ,AZ,AWP,WE,Towers with Radar,0,0,11,0,11,0,5,432,3,440,0,5,443,3,451,570,0,570,1021
03/26/2009,FFZ,AZ,AWP,WE,Towers with Radar,0,0,10,0,10,0,4,216,4,224,0,4,226,4,234,273,0,273,507
03/27/2009,FFZ,AZ,AWP,WE,Towers with Radar,0,0,18,0,18,0,5,387,8,400,0,5,405,8,418,636,0,636,1054
03/28/2009,FFZ,AZ,AWP,WE,Towers with Radar,0,1,4,0,5,0,3,327,8,338,0,4,331,8,343,320,0,320,663
03/29/2009,FFZ,AZ,AWP,WE,Towers with Radar,0,2,16,0,18,0,6,209,2,217,0,8,225,2,235,181,0,181,416
03/30/2009,FFZ,AZ,AWP,WE,Towers with Radar,0,1,12,0,13,0,7,337,9,353,0,8,349,9,366,728,0,728,1094
03/31/2009,FFZ,AZ,AWP,WE,Towers with Radar,0,1,10,1,12,0,4,371,20,395,0,5,381,21,407,578,0,578,985
04/01/2009,FFZ,AZ,AWP,WE,Towers with Radar,0,0,13,0,13,0,6,296,4,306,0,6,309,4,319,610,0,610,929
04/02/2009,FFZ,AZ,AWP,WE,Towers with Radar,0,0,7,0,7,0,10,330,18,358,0,10,337,18,365,664,2,666,1031
04/03/2009,FFZ,AZ,AWP,WE,Towers with Radar,0,0,11,0,11,0,5,240,2,247,0,5,251,2,258,226,0,226,484
04/04/2009,FFZ,AZ,AWP,WE,Towers with Radar,0,0,9,0,9,0,3,299,9,311,0,3,308,9,320,356,0,356,676
04/05/2009,FFZ,AZ,AWP,WE,Towers with Radar,0,0,8,0,8,0,11,250,5,266,0,11,258,5,274,184,0,184,458
04/06/2009,FFZ,AZ,AWP,WE,Towers with Radar,0,0,10,0,10,0,3,284,2,289,0,3,294,2,299,363,0,363,662
04/07/2009,FFZ,AZ,AWP,WE,Towers with Radar,0,0,14,0,14,0,9,464,8,481,0,9,478,8,495,498,0,498,993
04/08/2009,FFZ,AZ,AWP,WE,Towers with Radar,0,3,2,0,5,0,4,256,3,263,0,7,258,3,268,426,0,426,694
04/09/2009,FFZ,AZ,AWP,WE,Towers with Radar,0,0,16,0,16,0,7,418,10,435,0,7,434,10,451,550,0,550,1001
04/10/2009,FFZ,AZ,AWP,WE,Towers with Radar,0,1,13,0,14,0,14,194,14,222,0,15,207,14,236,306,0,306,542
04/11/2009,FFZ,AZ,AWP,WE,Towers with Radar,0,2,4,0,6,0,4,132,5,141,0,6,136,5,147,184,0,184,331
04/12/2009,FFZ,AZ,AWP,WE,Towers with Radar,0,0,8,0,8,0,10,188,0,198,0,10,196,0,206,124,0,124,330
04/13/2009,FFZ,AZ,AWP,WE,Towers with Radar,0,1,12,0,13,0,5,400,3,408,0,6,412,3,421,596,0,596,1017
04/14/2009,FFZ,AZ,AWP,WE,Towers with Radar,0,0,12,0,12,0,2,258,5,265,0,2,270,5,277,373,0,373,650
04/15/2009,FFZ,AZ,AWP,WE,Towers with Radar,0,4,8,0,12,0,8,187,7,202,0,12,195,7,214,240,0,240,454
04/16/2009,FFZ,AZ,AWP,WE,Towers with Radar,0,0,9,0,9,0,7,377,4,388,0,7,386,4,397,622,0,622,1019
04/17/2009,FFZ,AZ,AWP,WE,Towers with Radar,0,1,17,0,18,0,10,370,12,392,0,11,387,12,410,550,0,550,960
04/18/2009,FFZ,AZ,AWP,WE,Towers with Radar,0,1,7,0,8,0,3,381,17,401,0,4,388,17,409,401,0,401,810
04/19/2009,FFZ,AZ,AWP,WE,Towers with Radar,0,2,13,0,15,0,10,252,2,264,0,12,265,2,279,192,0,192,471
04/20/2009,FFZ,AZ,AWP,WE,Towers with Radar,0,0,16,0,16,0,4,353,11,368,0,4,369,11,384,540,0,540,924
04/21/2009,FFZ,AZ,AWP,WE,Towers with Radar,0,1,6,0,7,0,3,378,7,388,0,4,384,7,395,516,0,516,911
04/22/2009,FFZ,AZ,AWP,WE,Towers with Radar,0,1,13,0,14,0,4,455,6,465,0,5,468,6,479,550,0,550,1029
04/23/2009,FFZ,AZ,AWP,WE,Towers with Radar,0,1,13,0,14,0,8,421,2,431,0,9,434,2,445,545,0,545,990
04/24/2009,FFZ,AZ,AWP,WE,Towers with Radar,0,3,20,0,23,0,12,440,8,460,0,15,460,8,483,485,0,485,968
04/25/2009,FFZ,AZ,AWP,WE,Towers with Radar,0,1,6,0,7,0,4,337,2,343,0,5,343,2,350,265,0,265,615
04/26/2009,FFZ,AZ,AWP,WE,Towers with Radar,0,2,14,0,16,0,5,316,0,321,0,7,330,0,337,316,0,316,653
04/27/2009,FFZ,AZ,AWP,WE,Towers with Radar,0,2,11,0,13,0,9,422,2,433,0,11,433,2,446,716,0,716,1162
04/28/2009,FFZ,AZ,AWP,WE,Towers with Radar,0,0,13,0,13,0,8,417,4,429,0,8,430,4,442,608,0,608,1050
04/29/2009,FFZ,AZ,AWP,WE,Towers with Radar,0,3,12,0,15,0,10,428,10,448,0,13,440,10,463,558,0,558,1021
04/30/2009,FFZ,AZ,AWP,WE,Towers with Radar,0,2,6,0,8,0,2,438,7,447,0,4,444,7,455,596,0,596,1051
05/01/2009,FFZ,AZ,AWP,WE,Towers with Radar,0,3,22,0,25,0,4,383,9,396,0,7,405,9,421,598,0,598,1019
05/02/2009,FFZ,AZ,AWP,WE,Towers with Radar,0,3,8,0,11,0,8,241,2,251,0,11,249,2,262,127,0,127,389
05/03/2009,FFZ,AZ,AWP,WE,Towers with Radar,0,1,9,0,10,0,4,274,0,278,0,5,283,0,288,265,0,265,553
05/04/2009,FFZ,AZ,AWP,WE,Towers with Radar,0,0,11,0,11,0,4,320,4,328,0,4,331,4,339,106,8,114,453
05/05/2009,FFZ,AZ,AWP,WE,Towers with Radar,0,1,13,0,14,0,5,330,0,335,0,6,343,0,349,180,0,180,529
05/06/2009,FFZ,AZ,AWP,WE,Towers with Radar,0,0,5,0,5,0,13,384,1,398,0,13,389,1,403,166,0,166,569
05/07/2009,FFZ,AZ,AWP,WE,Towers with Radar,0,0,11,1,12,0,4,313,17,334,0,4,324,18,346,229,0,229,575
05/08/2009,FFZ,AZ,AWP,WE,Towers with Radar,0,0,13,0,13,0,13,315,8,336,0,13,328,8,349,88,0,88,437
05/09/2009,FFZ,AZ,AWP,WE,Towers with Radar,0,0,10,0,10,0,3,288,0,291,0,3,298,0,301,107,0,107,408
05/10/2009,FFZ,AZ,AWP,WE,Towers with Radar,0,0,6,0,6,0,10,206,0,216,0,10,212,0,222,71,0,71,293
05/11/2009,FFZ,AZ,AWP,WE,Towers with Radar,0,0,18,0,18,0,4,311,6,321,0,4,329,6,339,170,2,172,511
05/12/2009,FFZ,AZ,AWP,WE,Towers with Radar,0,0,9,0,9,0,1,378,5,384,0,1,387,5,393,104,0,104,497
05/13/2009,FFZ,AZ,AWP,WE,Towers with Radar,0,0,14,0,14,0,7,296,2,305,0,7,310,2,319,84,0,84,403
05/14/2009,FFZ,AZ,AWP,WE,Towers with Radar,0,0,4,0,4,0,7,378,8,393,0,7,382,8,397,80,0,80,477
05/15/2009,FFZ,AZ,AWP,WE,Towers with Radar,0,0,6,0,6,0,11,355,22,388,0,11,361,22,394,104,0,104,498
05/16/2009,FFZ,AZ,AWP,WE,Towers with Radar,0,0,6,0,6,0,8,298,12,318,0,8,304,12,324,54,0,54,378
05/17/2009,FFZ,AZ,AWP,WE,Towers with Radar,0,0,4,0,4,0,12,211,0,223,0,12,215,0,227,274,0,274,501
05/18/2009,FFZ,AZ,AWP,WE,Towers with Radar,0,0,9,0,9,0,6,300,14,320,0,6,309,14,329,448,0,448,777
05/19/2009,FFZ,AZ,AWP,WE,Towers with Radar,0,0,5,0,5,0,10,290,10,310,0,10,295,10,315,369,0,369,684
05/20/2009,FFZ,AZ,AWP,WE,Towers with Radar,0,0,12,0,12,0,2,223,2,227,0,2,235,2,239,242,0,242,481
05/21/2009,FFZ,AZ,AWP,WE,Towers with Radar,0,0,19,0,19,0,2,329,31,362,0,2,348,31,381,463,0,463,844
05/22/2009,FFZ,AZ,AWP,WE,Towers with Radar,0,2,11,2,15,0,6,206,15,227,0,8,217,17,242,345,0,345,587
05/23/2009,FFZ,AZ,AWP,WE,Towers with Radar,0,2,15,0,17,0,7,290,7,304,0,9,305,7,321,354,0,354,675
05/24/2009,FFZ,AZ,AWP,WE,Towers with Radar,0,0,5,0,5,0,0,243,0,243,0,0,248,0,248,297,0,297,545
05/25/2009,FFZ,AZ,AWP,WE,Towers with Radar,0,1,6,0,7,0,7,168,0,175,0,8,174,0,182,154,0,154,336
05/26/2009,FFZ,AZ,AWP,WE,Towers with Radar,0,0,7,0,7,0,5,302,2,309,0,5,309,2,316,309,0,309,625
05/27/2009,FFZ,AZ,AWP,WE,Towers with Radar,0,0,3,0,3,0,12,330,1,343,0,12,333,1,346,131,0,131,477
05/28/2009,FFZ,AZ,AWP,WE,Towers with Radar,0,0,9,0,9,0,8,349,7,364,0,8,358,7,373,275,0,275,648
05/29/2009,FFZ,AZ,AWP,WE,Towers with Radar,0,0,5,0,5,0,11,404,16,431,0,11,409,16,436,322,0,322,758
05/30/2009,FFZ,AZ,AWP,WE,Towers with Radar,0,1,5,0,6,0,7,285,5,297,0,8,290,5,303,176,0,176,479
05/31/2009,FFZ,AZ,AWP,WE,Towers with Radar,0,1,10,0,11,0,4,234,0,238,0,5,244,0,249,416,0,416,665
06/01/2009,FFZ,AZ,AWP,WE,Towers with Radar,0,0,4,0,4,0,4,284,4,292,0,4,288,4,296,206,0,206,502
06/02/2009,FFZ,AZ,AWP,WE,Towers with Radar,0,0,8,0,8,0,1,358,9,368,0,1,366,9,376,410,10,420,796
06/03/2009,FFZ,AZ,AWP,WE,Towers with Radar,0,2,16,0,18,0,0,331,8,339,0,2,347,8,357,424,0,424,781
06/04/2009,FFZ,AZ,AWP,WE,Towers with Radar,0,0,8,0,8,0,4,320,4,328,0,4,328,4,336,264,1,265,601
06/05/2009,FFZ,AZ,AWP,WE,Towers with Radar,0,0,11,0,11,0,3,196,6,205,0,3,207,6,216,191,0,191,407
06/06/2009,FFZ,AZ,AWP,WE,Towers with Radar,0,2,13,0,15,0,12,262,0,274,0,14,275,0,289,338,0,338,627
06/07/2009,FFZ,AZ,AWP,WE,Towers with Radar,0,0,10,0,10,0,9,278,0,287,0,9,288,0,297,181,0,181,478
06/08/2009,FFZ,AZ,AWP,WE,Towers with Radar,0,0,18,0,18,0,5,289,15,309,0,5,307,15,327,356,0,356,683
06/09/2009,FFZ,AZ,AWP,WE,Towers with Radar,0,1,14,0,15,0,8,282,7,297,0,9,296,7,312,374,0,374,686
06/10/2009,FFZ,AZ,AWP,WE,Towers with Radar,0,1,10,0,11,0,15,361,7,383,0,16,371,7,394,522,0,522,916
06/11/2009,FFZ,AZ,AWP,WE,Towers with Radar,0,0,18,0,18,0,20,328,26,374,0,20,346,26,392,416,4,420,812
06/12/2009,FFZ,AZ,AWP,WE,Towers with Radar,0,1,10,0,11,0,8,330,15,353,0,9,340,15,364,374,0,374,738
06/13/2009,FFZ,AZ,AWP,WE,Towers with Radar,0,1,4,0,5,0,1,280,7,288,0,2,284,7,293,361,0,361,654
06/14/2009,FFZ,AZ,AWP,WE,Towers with Radar,0,0,11,0,11,0,3,252,0,255,0,3,263,0,266,151,0,151,417
06/15/2009,FFZ,AZ,AWP,WE,Towers with Radar,0,1,16,0,17,0,5,228,16,249,0,6,244,16,266,250,0,250,516
06/16/2009,FFZ,AZ,AWP,WE,Towers with Radar,0,0,18,3,21,0,9,316,14,339,0,9,334,17,360,480,0,480,840
06/17/2009,FFZ,AZ,AWP,WE,Towers with Radar,0,0,12,0,12,0,6,332,11,349,0,6,344,11,361,631,0,631,992
06/18/2009,FFZ,AZ,AWP,WE,Towers with Radar,0,0,11,0,11,0,4,328,9,341,0,4,339,9,352,521,0,521,873
06/19/2009,FFZ,AZ,AWP,WE,Towers with Radar,0,3,7,0,10,0,6,292,5,303,0,9,299,5,313,437,0,437,750
06/20/2009,FFZ,AZ,AWP,WE,Towers with Radar,0,1,6,0,7,0,8,277,8,293,0,9,283,8,300,201,0,201,501
06/21/2009,FFZ,AZ,AWP,WE,Towers with Radar,0,0,3,0,3,0,8,222,0,230,0,8,225,0,233,214,0,214,447
06/22/2009,FFZ,AZ,AWP,WE,Towers with Radar,0,0,12,0,12,0,3,276,17,296,0,3,288,17,308,366,0,366,674
06/23/2009,FFZ,AZ,AWP,WE,Towers with Radar,0,0,5,0,5,0,7,345,10,362,0,7,350,10,367,471,0,471,838
06/24/2009,FFZ,AZ,AWP,WE,Towers with Radar,0,0,7,0,7,0,4,331,13,348,0,4,338,13,355,410,0,410,765
06/25/2009,FFZ,AZ,AWP,WE,Towers with Radar,0,1,23,0,24,0,5,336,12,353,0,6,359,12,377,440,0,440,817
06/26/2009,FFZ,AZ,AWP,WE,Towers with Radar,0,0,5,0,5,0,7,340,8,355,0,7,345,8,360,303,0,303,663
06/27/2009,FFZ,AZ,AWP,WE,Towers with Radar,0,0,6,0,6,0,4,315,3,322,0,4,321,3,328,296,0,296,624
06/28/2009,FFZ,AZ,AWP,WE,Towers with Radar,0,0,4,0,4,0,6,207,0,213,0,6,211,0,217,163,0,163,380
06/29/2009,FFZ,AZ,AWP,WE,Towers with Radar,0,1,7,0,8,0,8,244,1,253,0,9,251,1,261,212,0,212,473
06/30/2009,FFZ,AZ,AWP,WE,Towers with Radar,0,0,15,0,15,0,6,330,3,339,0,6,345,3,354,320,0,320,674
07/01/2009,FFZ,AZ,AWP,WE,Towers with Radar,0,0,11,0,11,0,14,261,4,279,0,14,272,4,290,339,0,339,629
07/02/2009,FFZ,AZ,AWP,WE,Towers with Radar,0,0,8,0,8,0,3,317,6,326,0,3,325,6,334,246,2,248,582
07/03/2009,FFZ,AZ,AWP,WE,Towers with Radar,0,1,9,0,10,0,9,348,0,357,0,10,357,0,367,267,0,267,634
07/04/2009,FFZ,AZ,AWP,WE,Towers with Radar,0,0,1,0,1,0,6,105,1,112,0,6,106,1,113,135,0,135,248
07/05/2009,FFZ,AZ,AWP,WE,Towers with Radar,0,1,3,0,4,0,6,198,1,205,0,7,201,1,209,244,0,244,453
07/06/2009,FFZ,AZ,AWP,WE,Towers with Radar,0,0,3,0,3,0,7,280,4,291,0,7,283,4,294,296,0,296,590
07/07/2009,FFZ,AZ,AWP,WE,Towers with Radar,0,1,7,0,8,0,3,332,16,351,0,4,339,16,359,436,0,436,795
07/08/2009,FFZ,AZ,AWP,WE,Towers with Radar,0,1,9,3,13,0,2,317,2,321,0,3,326,5,334,400,0,400,734
07/09/2009,FFZ,AZ,AWP,WE,Towers with Radar,0,2,13,0,15,0,9,319,24,352,0,11,332,24,367,396,0,396,763
07/10/2009,FFZ,AZ,AWP,WE,Towers with Radar,0,0,8,0,8,0,11,326,9,346,0,11,334,9,354,384,0,384,738
07/11/2009,FFZ,AZ,AWP,WE,Towers with Radar,0,1,1,0,2,0,9,227,0,236,0,10,228,0,238,306,0,306,544
07/12/2009,FFZ,AZ,AWP,WE,Towers with Radar,0,2,6,0,8,0,7,176,0,183,0,9,182,0,191,169,0,169,360
07/13/2009,FFZ,AZ,AWP,WE,Towers with Radar,0,0,1,0,1,0,7,275,5,287,0,7,276,5,288,344,0,344,632
07/14/2009,FFZ,AZ,AWP,WE,Towers with Radar,0,0,6,0,6,0,3,242,5,250,0,3,248,5,256,458,0,458,714
07/15/2009,FFZ,AZ,AWP,WE,Towers with Radar,0,4,6,0,10,0,11,330,2,343,0,15,336,2,353,630,0,630,983
07/16/2009,FFZ,AZ,AWP,WE,Towers with Radar,0,0,11,0,11,0,11,346,11,368,0,11,357,11,379,646,0,646,1025
07/17/2009,FFZ,AZ,AWP,WE,Towers with Radar,0,0,6,0,6,0,7,286,4,297,0,7,292,4,303,452,0,452,755
07/18/2009,FFZ,AZ,AWP,WE,Towers with Radar,0,2,5,0,7,0,4,255,8,267,0,6,260,8,274,347,0,347,621
07/19/2009,FFZ,AZ,AWP,WE,Towers with Radar,0,1,4,0,5,0,8,213,0,221,0,9,217,0,226,134,0,134,360
07/20/2009,FFZ,AZ,AWP,WE,Towers with Radar,0,5,3,0,8,0,3,301,14,318,0,8,304,14,326,540,0,540,866
07/21/2009,FFZ,AZ,AWP,WE,Towers with Radar,0,1,9,0,10,0,9,254,9,272,0,10,263,9,282,524,0,524,806
07/22/2009,FFZ,AZ,AWP,WE,Towers with Radar,0,0,12,0,12,0,2,291,11,304,0,2,303,11,316,623,0,623,939
07/23/2009,FFZ,AZ,AWP,WE,Towers with Radar,0,0,13,0,13,0,5,319,10,334,0,5,332,10,347,550,0,550,897
07/24/2009,FFZ,AZ,AWP,WE,Towers with Radar,0,2,8,0,10,0,2,319,16,337,0,4,327,16,347,490,0,490,837
07/25/2009,FFZ,AZ,AWP,WE,Towers with Radar,0,1,2,0,3,0,8,245,0,253,0,9,247,0,256,382,0,382,638
07/26/2009,FFZ,AZ,AWP,WE,Towers with Radar,0,3,1,0,4,0,3,168,0,171,0,6,169,0,175,113,0,113,288
07/27/2009,FFZ,AZ,AWP,WE,Towers with Radar,0,0,15,0,15,0,0,239,2,241,0,0,254,2,256,336,0,336,592
07/28/2009,FFZ,AZ,AWP,WE,Towers with Radar,0,0,5,0,5,0,9,307,20,336,0,9,312,20,341,458,0,458,799
07/29/2009,FFZ,AZ,AWP,WE,Towers with Radar,0,0,4,0,4,0,5,333,2,340,0,5,337,2,344,461,0,461,805
07/30/2009,FFZ,AZ,AWP,WE,Towers with Radar,0,0,5,0,5,0,12,313,12,337,0,12,318,12,342,390,0,390,732
07/31/2009,FFZ,AZ,AWP,WE,Towers with Radar,0,0,11,0,11,0,8,344,9,361,0,8,355,9,372,369,0,369,741
08/01/2009,FFZ,AZ,AWP,WE,Towers with Radar,0,0,3,0,3,0,15,244,4,263,0,15,247,4,266,245,0,245,511
08/02/2009,FFZ,AZ,AWP,WE,Towers with Radar,0,0,4,0,4,0,2,199,1,202,0,2,203,1,206,200,0,200,406
08/03/2009,FFZ,AZ,AWP,WE,Towers with Radar,0,0,10,0,10,0,3,288,2,293,0,3,298,2,303,302,0,302,605
08/04/2009,FFZ,AZ,AWP,WE,Towers with Radar,0,0,11,0,11,0,6,305,11,322,0,6,316,11,333,323,0,323,656
08/05/2009,FFZ,AZ,AWP,WE,Towers with Radar,0,0,9,0,9,0,2,348,9,359,0,2,357,9,368,348,0,348,716
08/06/2009,FFZ,AZ,AWP,WE,Towers with Radar,0,0,6,0,6,0,11,318,7,336,0,11,324,7,342,332,0,332,674
08/07/2009,FFZ,AZ,AWP,WE,Towers with Radar,0,1,7,0,8,0,6,335,10,351,0,7,342,10,359,313,0,313,672
08/08/2009,FFZ,AZ,AWP,WE,Towers with Radar,0,2,3,0,5,0,8,304,0,312,0,10,307,0,317,373,0,373,690
08/09/2009,FFZ,AZ,AWP,WE,Towers with Radar,0,0,8,0,8,0,0,187,0,187,0,0,195,0,195,327,0,327,522
08/10/2009,FFZ,AZ,AWP,WE,Towers with Radar,0,2,12,0,14,0,5,288,8,301,0,7,300,8,315,286,0,286,601
08/11/2009,FFZ,AZ,AWP,WE,Towers with Radar,0,0,6,0,6,0,10,322,6,338,0,10,328,6,344,302,0,302,646
08/12/2009,FFZ,AZ,AWP,WE,Towers with Radar,0,0,9,0,9,0,10,320,8,338,0,10,329,8,347,234,0,234,581
08/13/2009,FFZ,AZ,AWP,WE,Towers with Radar,0,0,3,0,3,0,13,258,11,282,0,13,261,11,285,370,0,370,655
08/14/2009,FFZ,AZ,AWP,WE,Towers with Radar,0,0,11,0,11,0,6,329,8,343,0,6,340,8,354,502,0,502,856
08/15/2009,FFZ,AZ,AWP,WE,Towers with Radar,0,0,6,0,6,0,9,271,17,297,0,9,277,17,303,328,0,328,631
08/16/2009,FFZ,AZ,AWP,WE,Towers with Radar,0,0,7,0,7,0,4,76,0,80,0,4,83,0,87,95,0,95,182
08/17/2009,FFZ,AZ,AWP,WE,Towers with Radar,0,0,9,0,9,0,7,200,12,219,0,7,209,12,228,132,0,132,360
08/18/2009,FFZ,AZ,AWP,WE,Towers with Radar,0,0,9,0,9,0,7,359,11,377,0,7,368,11,386,566,0,566,952
08/19/2009,FFZ,AZ,AWP,WE,Towers with Radar,0,2,8,0,10,0,20,330,24,374,0,22,338,24,384,432,0,432,816
08/20/2009,FFZ,AZ,AWP,WE,Towers with Radar,0,0,9,0,9,0,5,268,14,287,0,5,277,14,296,376,0,376,672
08/21/2009,FFZ,AZ,AWP,WE,Towers with Radar,0,0,11,0,11,0,1,275,14,290,0,1,286,14,301,629,0,629,930
08/22/2009,FFZ,AZ,AWP,WE,Towers with Radar,0,0,7,0,7,0,7,189,2,198,0,7,196,2,205,308,0,308,513
08/23/2009,FFZ,AZ,AWP,WE,Towers with Radar,0,1,5,0,6,0,10,209,0,219,0,11,214,0,225,182,0,182,407
08/24/2009,FFZ,AZ,AWP,WE,Towers with Radar,0,4,6,0,10,0,5,299,4,308,0,9,305,4,318,344,0,344,662
08/25/2009,FFZ,AZ,AWP,WE,Towers with Radar,0,0,15,0,15,0,8,365,21,394,0,8,380,21,409,418,3,421,830
08/26/2009,FFZ,AZ,AWP,WE,Towers with Radar,0,0,3,0,3,0,11,389,7,407,0,11,392,7,410,510,10,520,930
08/27/2009,FFZ,AZ,AWP,WE,Towers with Radar,0,1,11,0,12,0,3,319,6,328,0,4,330,6,340,497,0,497,837
08/28/2009,FFZ,AZ,AWP,WE,Towers with Radar,0,0,5,0,5,0,1,270,2,273,0,1,275,2,278,436,0,436,714
08/29/2009,FFZ,AZ,AWP,WE,Towers with Radar,0,0,4,0,4,0,12,270,3,285,0,12,274,3,289,279,0,279,568
08/30/2009,FFZ,AZ,AWP,WE,Towers with Radar,0,0,7,0,7,0,7,214,0,221,0,7,221,0,228,145,0,145,373
08/31/2009,FFZ,AZ,AWP,WE,Towers with Radar,0,0,6,0,6,0,10,322,5,337,0,10,328,5,343,395,0,395,738
09/01/2009,FFZ,AZ,AWP,WE,Towers with Radar,0,0,8,0,8,0,11,348,13,372,0,11,356,13,380,630,0,630,1010
09/02/2009,FFZ,AZ,AWP,WE,Towers with Radar,0,0,13,0,13,0,13,388,9,410,0,13,401,9,423,628,2,630,1053
09/03/2009,FFZ,AZ,AWP,WE,Towers with Radar,0,0,7,0,7,0,5,335,4,344,0,5,342,4,351,627,0,627,978
09/04/2009,FFZ,AZ,AWP,WE,Towers with Radar,0,1,13,0,14,0,3,334,0,337,0,4,347,0,351,565,0,565,916
09/05/2009,FFZ,AZ,AWP,WE,Towers with Radar,0,0,6,0,6,0,10,65,0,75,0,10,71,0,81,121,0,121,202
09/06/2009,FFZ,AZ,AWP,WE,Towers with Radar,0,0,5,0,5,0,7,144,0,151,0,7,149,0,156,200,0,200,356
09/07/2009,FFZ,AZ,AWP,WE,Towers with Radar,0,0,8,0,8,0,10,173,0,183,0,10,181,0,191,129,0,129,320
09/08/2009,FFZ,AZ,AWP,WE,Towers with Radar,0,0,9,0,9,0,8,288,15,311,0,8,297,15,320,555,0,555,875
09/09/2009,FFZ,AZ,AWP,WE,Towers with Radar,0,0,11,0,11,0,8,349,11,368,0,8,360,11,379,366,0,366,745
09/10/2009,FFZ,AZ,AWP,WE,Towers with Radar,0,2,7,0,9,0,13,401,1,415,0,15,408,1,424,561,0,561,985
09/11/2009,FFZ,AZ,AWP,WE,Towers with Radar,0,3,10,0,13,0,8,346,5,359,0,11,356,5,372,547,0,547,919
09/12/2009,FFZ,AZ,AWP,WE,Towers with Radar,0,0,7,0,7,0,9,245,4,258,0,9,252,4,265,332,0,332,597
09/13/2009,FFZ,AZ,AWP,WE,Towers with Radar,0,1,7,0,8,0,1,253,0,254,0,2,260,0,262,231,0,231,493
09/14/2009,FFZ,AZ,AWP,WE,Towers with Radar,0,0,11,0,11,0,5,273,16,294,0,5,284,16,305,259,0,259,564
09/15/2009,FFZ,AZ,AWP,WE,Towers with Radar,0,1,9,0,10,0,17,350,23,390,0,18,359,23,400,358,0,358,758
09/16/2009,FFZ,AZ,AWP,WE,Towers with Radar,0,0,13,0,13,0,4,385,6,395,0,4,398,6,408,546,0,546,954
09/17/2009,FFZ,AZ,AWP,WE,Towers with Radar,0,1,8,0,9,0,9,346,13,368,0,10,354,13,377,383,0,383,760
09/18/2009,FFZ,AZ,AWP,WE,Towers with Radar,0,2,13,0,15,0,9,384,4,397,0,11,397,4,412,497,0,497,909
09/19/2009,FFZ,AZ,AWP,WE,Towers with Radar,0,0,12,0,12,0,12,224,0,236,0,12,236,0,248,181,0,181,429
09/20/2009,FFZ,AZ,AWP,WE,Towers with Radar,0,1,11,0,12,0,20,216,1,237,0,21,227,1,249,398,0,398,647
09/21/2009,FFZ,AZ,AWP,WE,Towers with Radar,0,2,8,0,10,0,7,287,9,303,0,9,295,9,313,468,0,468,781
09/22/2009,FFZ,AZ,AWP,WE,Towers with Radar,0,3,13,0,16,0,5,275,7,287,0,8,288,7,303,446,0,446,749
09/23/2009,FFZ,AZ,AWP,WE,Towers with Radar,0,1,19,0,20,0,13,285,3,301,0,14,304,3,321,350,12,362,683
09/24/2009,FFZ,AZ,AWP,WE,Towers with Radar,0,0,10,0,10,0,12,335,19,366,0,12,345,19,376,410,2,412,788
09/25/2009,FFZ,AZ,AWP,WE,Towers with Radar,0,0,7,0,7,0,12,340,7,359,0,12,347,7,366,494,0,494,860
09/26/2009,FFZ,AZ,AWP,WE,Towers with Radar,0,0,3,0,3,0,7,273,3,283,0,7,276,3,286,378,0,378,664
09/27/2009,FFZ,AZ,AWP,WE,Towers with Radar,0,0,4,0,4,0,5,192,0,197,0,5,196,0,201,128,0,128,329
09/28/2009,FFZ,AZ,AWP,WE,Towers with Radar,0,3,8,0,11,0,10,276,4,290,0,13,284,4,301,514,0,514,815
09/29/2009,FFZ,AZ,AWP,WE,Towers with Radar,0,0,15,0,15,0,5,328,6,339,0,5,343,6,354,444,0,444,798
09/30/2009,FFZ,AZ,AWP,WE,Towers with Radar,0,0,7,0,7,0,4,299,7,310,0,4,306,7,317,605,1,606,923
10/01/2009,FFZ,AZ,AWP,WE,Towers with Radar,0,2,9,0,11,0,12,408,6,426,0,14,417,6,437,625,0,625,1062
10/02/2009,FFZ,AZ,AWP,WE,Towers with Radar,0,4,14,0,18,0,15,323,4,342,0,19,337,4,360,669,0,669,1029
10/03/2009,FFZ,AZ,AWP,WE,Towers with Radar,0,0,3,0,3,0,5,260,13,278,0,5,263,13,281,443,0,443,724
10/04/2009,FFZ,AZ,AWP,WE,Towers with Radar,0,0,16,0,16,0,3,111,0,114,0,3,127,0,130,212,0,212,342
10/05/2009,FFZ,AZ,AWP,WE,Towers with Radar,0,2,16,0,18,0,5,250,9,264,0,7,266,9,282,394,0,394,676
10/06/2009,FFZ,AZ,AWP,WE,Towers with Radar,0,0,6,0,6,0,4,320,15,339,0,4,326,15,345,632,0,632,977
10/07/2009,FFZ,AZ,AWP,WE,Towers with Radar,0,0,8,0,8,0,7,337,5,349,0,7,345,5,357,528,0,528,885
10/08/2009,FFZ,AZ,AWP,WE,Towers with Radar,1,0,9,0,10,0,3,344,15,362,1,3,353,15,372,502,0,502,874
10/09/2009,FFZ,AZ,AWP,WE,Towers with Radar,0,1,13,0,14,0,8,393,6,407,0,9,406,6,421,626,0,626,1047
10/10/2009,FFZ,AZ,AWP,WE,Towers with Radar,0,0,4,0,4,0,6,303,18,327,0,6,307,18,331,388,0,388,719
10/11/2009,FFZ,AZ,AWP,WE,Towers with Radar,0,5,5,0,10,0,3,201,5,209,0,8,206,5,219,111,0,111,330
10/12/2009,FFZ,AZ,AWP,WE,Towers with Radar,0,1,6,0,7,0,13,281,12,306,0,14,287,12,313,395,2,397,710
10/13/2009,FFZ,AZ,AWP,WE,Towers with Radar,0,0,10,0,10,0,4,340,9,353,0,4,350,9,363,450,0,450,813
10/14/2009,FFZ,AZ,AWP,WE,Towers with Radar,0,3,6,0,9,0,11,379,8,398,0,14,385,8,407,364,0,364,771
10/15/2009,FFZ,AZ,AWP,WE,Towers with Radar,0,1,10,0,11,0,9,386,14,409,0,10,396,14,420,512,0,512,932
10/16/2009,FFZ,AZ,AWP,WE,Towers with Radar,0,2,15,0,17,0,3,380,10,393,0,5,395,10,410,394,0,394,804
10/17/2009,FFZ,AZ,AWP,WE,Towers with Radar,0,0,3,0,3,0,1,303,0,304,0,1,306,0,307,299,0,299,606
10/18/2009,FFZ,AZ,AWP,WE,Towers with Radar,0,1,16,0,17,0,8,243,4,255,0,9,259,4,272,270,2,272,544
10/19/2009,FFZ,AZ,AWP,WE,Towers with Radar,0,0,13,0,13,0,7,369,13,389,0,7,382,13,402,488,0,488,890
10/20/2009,FFZ,AZ,AWP,WE,Towers with Radar,0,0,3,0,3,0,4,311,22,337,0,4,314,22,340,304,0,304,644
10/21/2009,FFZ,AZ,AWP,WE,Towers with Radar,0,1,12,0,13,0,6,369,8,383,0,7,381,8,396,214,0,214,610
10/22/2009,FFZ,AZ,AWP,WE,Towers with Radar,0,1,7,0,8,0,1,397,5,403,0,2,404,5,411,320,0,320,731
10/23/2009,FFZ,AZ,AWP,WE,Towers with Radar,0,0,8,0,8,0,7,347,4,358,0,7,355,4,366,166,0,166,532
10/24/2009,FFZ,AZ,AWP,WE,Towers with Radar,0,0,5,0,5,0,19,311,12,342,0,19,316,12,347,153,0,153,500
10/25/2009,FFZ,AZ,AWP,WE,Towers with Radar,0,0,4,0,4,0,23,230,0,253,0,23,234,0,257,142,0,142,399
10/26/2009,FFZ,AZ,AWP,WE,Towers with Radar,0,1,12,0,13,0,5,224,12,241,0,6,236,12,254,241,0,241,495
10/27/2009,FFZ,AZ,AWP,WE,Towers with Radar,0,0,4,0,4,0,3,193,4,200,0,3,197,4,204,127,0,127,331
10/28/2009,FFZ,AZ,AWP,WE,Towers with Radar,0,0,15,0,15,0,4,235,4,243,0,4,250,4,258,200,0,200,458
10/29/2009,FFZ,AZ,AWP,WE,Towers with Radar,0,2,20,0,22,0,4,349,6,359,0,6,369,6,381,260,1,261,642
10/30/2009,FFZ,AZ,AWP,WE,Towers with Radar,0,0,11,0,11,0,6,331,9,346,0,6,342,9,357,298,0,298,655
10/31/2009,FFZ,AZ,AWP,WE,Towers with Radar,0,0,5,0,5,0,14,238,10,262,0,14,243,10,267,260,1,261,528
11/01/2009,FFZ,AZ,AWP,WE,Towers with Radar,0,0,2,0,2,0,0,187,0,187,0,0,189,0,189,137,0,137,326
11/02/2009,FFZ,AZ,AWP,WE,Towers with Radar,0,0,12,0,12,0,14,301,2,317,0,14,313,2,329,110,0,110,439
11/03/2009,FFZ,AZ,AWP,WE,Towers with Radar,0,3,13,0,16,0,3,311,10,324,0,6,324,10,340,224,0,224,564
11/04/2009,FFZ,AZ,AWP,WE,Towers with Radar,0,2,8,0,10,0,7,343,5,355,0,9,351,5,365,284,0,284,649
11/05/2009,FFZ,AZ,AWP,WE,Towers with Radar,0,0,9,0,9,0,7,284,3,294,0,7,293,3,303,409,0,409,712
11/06/2009,FFZ,AZ,AWP,WE,Towers with Radar,0,0,11,0,11,0,15,286,11,312,0,15,297,11,323,293,0,293,616
11/07/2009,FFZ,AZ,AWP,WE,Towers with Radar,0,0,9,0,9,0,6,269,0,275,0,6,278,0,284,94,0,94,378
11/08/2009,FFZ,AZ,AWP,WE,Towers with Radar,0,0,2,0,2,0,2,224,0,226,0,2,226,0,228,131,0,131,359
11/09/2009,FFZ,AZ,AWP,WE,Towers with Radar,0,0,6,0,6,0,2,244,5,251,0,2,250,5,257,272,0,272,529
11/10/2009,FFZ,AZ,AWP,WE,Towers with Radar,0,0,9,0,9,0,2,355,7,364,0,2,364,7,373,270,0,270,643
11/11/2009,FFZ,AZ,AWP,WE,Towers with Radar,0,0,4,0,4,0,1,316,17,334,0,1,320,17,338,272,0,272,610
11/12/2009,FFZ,AZ,AWP,WE,Towers with Radar,0,1,16,0,17,0,1,261,6,268,0,2,277,6,285,427,3,430,715
11/13/2009,FFZ,AZ,AWP,WE,Towers with Radar,0,0,12,0,12,0,8,266,9,283,0,8,278,9,295,290,0,290,585
11/14/2009,FFZ,AZ,AWP,WE,Towers with Radar,0,0,8,0,8,0,4,264,1,269,0,4,272,1,277,115,2,117,394
11/15/2009,FFZ,AZ,AWP,WE,Towers with Radar,0,0,11,0,11,0,3,217,0,220,0,3,228,0,231,87,0,87,318
11/16/2009,FFZ,AZ,AWP,WE,Towers with Radar,0,1,9,0,10,0,13,287,10,310,0,14,296,10,320,172,0,172,492
11/17/2009,FFZ,AZ,AWP,WE,Towers with Radar,0,0,9,0,9,0,7,347,20,374,0,7,356,20,383,83,0,83,466
11/18/2009,FFZ,AZ,AWP,WE,Towers with Radar,0,0,17,0,17,0,2,340,18,360,0,2,357,18,377,309,0,309,686
11/19/2009,FFZ,AZ,AWP,WE,Towers with Radar,0,0,15,0,15,0,7,346,12,365,0,7,361,12,380,306,0,306,686
11/20/2009,FFZ,AZ,AWP,WE,Towers with Radar,0,0,7,0,7,0,1,412,5,418,0,1,419,5,425,376,0,376,801
11/21/2009,FFZ,AZ,AWP,WE,Towers with Radar,0,0,11,0,11,0,2,330,1,333,0,2,341,1,344,143,2,145,489
11/22/2009,FFZ,AZ,AWP,WE,Towers with Radar,0,0,10,0,10,0,13,293,0,306,0,13,303,0,316,171,0,171,487
11/23/2009,FFZ,AZ,AWP,WE,Towers with Radar,0,0,3,0,3,0,13,315,9,337,0,13,318,9,340,306,0,306,646
11/24/2009,FFZ,AZ,AWP,WE,Towers with Radar,0,0,12,0,12,0,13,317,6,336,0,13,329,6,348,242,0,242,590
11/25/2009,FFZ,AZ,AWP,WE,Towers with Radar,0,1,8,0,9,0,28,399,1,428,0,29,407,1,437,312,0,312,749
11/26/2009,FFZ,AZ,AWP,WE,Towers with Radar,0,1,4,0,5,0,3,82,0,85,0,4,86,0,90,44,0,44,134
11/27/2009,FFZ,AZ,AWP,WE,Towers with Radar,0,0,7,0,7,0,9,298,0,307,0,9,305,0,314,213,0,213,527
11/28/2009,FFZ,AZ,AWP,WE,Towers with Radar,0,1,11,0,12,0,16,191,0,207,0,17,202,0,219,134,0,134,353
11/29/2009,FFZ,AZ,AWP,WE,Towers with Radar,0,2,13,0,15,0,4,179,0,183,0,6,192,0,198,103,0,103,301
11/30/2009,FFZ,AZ,AWP,WE,Towers with Radar,0,1,9,0,10,0,1,264,4,269,0,2,273,4,279,148,0,148,427
12/01/2009,FFZ,AZ,AWP,WE,Towers with Radar,0,2,12,0,14,0,6,361,7,374,0,8,373,7,388,444,0,444,832
12/02/2009,FFZ,AZ,AWP,WE,Towers with Radar,0,0,4,0,4,0,4,321,2,327,0,4,325,2,331,365,0,365,696
12/03/2009,FFZ,AZ,AWP,WE,Towers with Radar,0,2,10,0,12,0,11,329,3,343,0,13,339,3,355,582,0,582,937
12/04/2009,FFZ,AZ,AWP,WE,Towers with Radar,0,0,8,0,8,0,7,208,0,215,0,7,216,0,223,348,0,348,571
12/05/2009,FFZ,AZ,AWP,WE,Towers with Radar,0,3,5,0,8,0,13,305,0,318,0,16,310,0,326,426,0,426,752
12/06/2009,FFZ,AZ,AWP,WE,Towers with Radar,0,3,10,0,13,0,4,129,0,133,0,7,139,0,146,123,0,123,269
12/07/2009,FFZ,AZ,AWP,WE,Towers with Radar,0,0,9,0,9,0,2,100,8,110,0,2,109,8,119,312,0,312,431
12/08/2009,FFZ,AZ,AWP,WE,Towers with Radar,0,0,8,0,8,0,5,277,9,291,0,5,285,9,299,504,0,504,803
12/09/2009,FFZ,AZ,AWP,WE,Towers with Radar,0,1,12,0,13,0,5,310,11,326,0,6,322,11,339,618,0,618,957
12/10/2009,FFZ,AZ,AWP,WE,Towers with Radar,0,2,11,0,13,0,11,318,22,351,0,13,329,22,364,571,0,571,935
12/11/2009,FFZ,AZ,AWP,WE,Towers with Radar,0,0,2,0,2,0,1,280,6,287,0,1,282,6,289,516,0,516,805
12/12/2009,FFZ,AZ,AWP,WE,Towers with Radar,0,0,8,0,8,0,6,239,13,258,0,6,247,13,266,395,0,395,661
12/13/2009,FFZ,AZ,AWP,WE,Towers with Radar,0,2,5,0,7,0,5,147,1,153,0,7,152,1,160,92,0,92,252
12/14/2009,FFZ,AZ,AWP,WE,Towers with Radar,0,1,10,0,11,0,3,335,9,347,0,4,345,9,358,472,0,472,830
12/15/2009,FFZ,AZ,AWP,WE,Towers with Radar,0,1,5,0,6,0,3,311,21,335,0,4,316,21,341,294,0,294,635
12/16/2009,FFZ,AZ,AWP,WE,Towers with Radar,0,0,8,0,8,0,8,355,8,371,0,8,363,8,379,262,0,262,641
12/17/2009,FFZ,AZ,AWP,WE,Towers with Radar,0,3,12,0,15,0,1,378,9,388,0,4,390,9,403,538,0,538,941
12/18/2009,FFZ,AZ,AWP,WE,Towers with Radar,0,0,15,0,15,0,2,344,9,355,0,2,359,9,370,333,0,333,703
12/19/2009,FFZ,AZ,AWP,WE,Towers with Radar,0,0,5,0,5,0,3,230,0,233,0,3,235,0,238,165,0,165,403
12/20/2009,FFZ,AZ,AWP,WE,Towers with Radar,0,0,2,0,2,0,8,217,2,227,0,8,219,2,229,384,0,384,613
12/21/2009,FFZ,AZ,AWP,WE,Towers with Radar,0,0,11,0,11,0,4,238,0,242,0,4,249,0,253,246,0,246,499
12/22/2009,FFZ,AZ,AWP,WE,Towers with Radar,0,0,13,0,13,0,4,135,0,139,0,4,148,0,152,174,0,174,326
12/23/2009,FFZ,AZ,AWP,WE,Towers with Radar,0,1,13,0,14,0,1,258,0,259,0,2,271,0,273,252,0,252,525
12/24/2009,FFZ,AZ,AWP,WE,Towers with Radar,0,1,2,0,3,0,4,110,0,114,0,5,112,0,117,42,0,42,159
12/25/2009,FFZ,AZ,AWP,WE,Towers with Radar,0,0,0,0,0,0,1,52,0,53,0,1,52,0,53,35,0,35,88
12/26/2009,FFZ,AZ,AWP,WE,Towers with Radar,0,4,9,0,13,0,15,184,1,200,0,19,193,1,213,229,0,229,442
12/27/2009,FFZ,AZ,AWP,WE,Towers with Radar,0,2,8,0,10,0,6,176,0,182,0,8,184,0,192,146,0,146,338
12/28/2009,FFZ,AZ,AWP,WE,Towers with Radar,0,2,5,0,7,0,7,187,0,194,0,9,192,0,201,202,0,202,403
12/29/2009,FFZ,AZ,AWP,WE,Towers with Radar,0,1,9,0,10,0,0,262,1,263,0,1,271,1,273,428,0,428,701
12/30/2009,FFZ,AZ,AWP,WE,Towers with Radar,0,0,11,0,11,0,4,262,1,267,0,4,273,1,278,316,0,316,594
12/31/2009,FFZ,AZ,AWP,WE,Towers with Radar,0,0,6,0,6,0,2,160,0,162,0,2,166,0,168,127,0,127,295
01/01/2010,FFZ,AZ,AWP,WE,Towers with Radar,0,2,8,0,10,0,12,116,0,128,0,14,124,0,138,92,0,92,230
01/02/2010,FFZ,AZ,AWP,WE,Towers with Radar,0,1,11,0,12,0,7,301,0,308,0,8,312,0,320,230,0,230,550
01/03/2010,FFZ,AZ,AWP,WE,Towers with Radar,0,2,15,0,17,0,14,187,0,201,0,16,202,0,218,143,0,143,361
01/04/2010,FFZ,AZ,AWP,WE,Towers with Radar,0,0,13,0,13,0,4,232,0,236,0,4,245,0,249,238,0,238,487
01/05/2010,FFZ,AZ,AWP,WE,Towers with Radar,0,0,20,0,20,0,5,303,3,311,0,5,323,3,331,256,2,258,589
01/06/2010,FFZ,AZ,AWP,WE,Towers with Radar,0,2,21,0,23,0,7,311,6,324,0,9,332,6,347,302,0,302,649
01/07/2010,FFZ,AZ,AWP,WE,Towers with Radar,0,1,13,0,14,0,0,307,8,315,0,1,320,8,329,375,0,375,704
01/08/2010,FFZ,AZ,AWP,WE,Towers with Radar,0,0,14,0,14,0,2,307,6,315,0,2,321,6,329,216,0,216,545
01/09/2010,FFZ,AZ,AWP,WE,Towers with Radar,0,0,4,0,4,0,4,292,6,302,0,4,296,6,306,193,0,193,499
01/10/2010,FFZ,AZ,AWP,WE,Towers with Radar,0,0,1,0,1,0,15,239,0,254,0,15,240,0,255,130,0,130,385
01/11/2010,FFZ,AZ,AWP,WE,Towers with Radar,0,2,8,0,10,0,9,338,11,358,0,11,346,11,368,208,0,208,576
01/12/2010,FFZ,AZ,AWP,WE,Towers with Radar,0,0,12,0,12,0,14,396,6,416,0,14,408,6,428,414,0,414,842
01/13/2010,FFZ,AZ,AWP,WE,Towers with Radar,0,0,10,0,10,0,4,319,7,330,0,4,329,7,340,519,0,519,859
01/14/2010,FFZ,AZ,AWP,WE,Towers with Radar,0,1,5,0,6,0,3,315,5,323,0,4,320,5,329,395,0,395,724
01/15/2010,FFZ,AZ,AWP,WE,Towers with Radar,0,2,13,0,15,0,4,345,9,358,0,6,358,9,373,479,2,481,854
01/16/2010,FFZ,AZ,AWP,WE,Towers with Radar,0,0,6,0,6,0,8,334,2,344,0,8,340,2,350,365,0,365,715
01/17/2010,FFZ,AZ,AWP,WE,Towers with Radar,0,1,10,0,11,0,1,231,0,232,0,2,241,0,243,336,0,336,579
01/18/2010,FFZ,AZ,AWP,WE,Towers with Radar,0,4,9,0,13,0,6,233,14,253,0,10,242,14,266,288,0,288,554
01/19/2010,FFZ,AZ,AWP,WE,Towers with Radar,0,2,11,0,13,0,3,210,9,222,0,5,221,9,235,220,0,220,455
01/20/2010,FFZ,AZ,AWP,WE,Towers with Radar,0,0,21,0,21,0,4,294,14,312,0,4,315,14,333,382,0,382,715
01/21/2010,FFZ,AZ,AWP,WE,Towers with Radar,0,0,5,0,5,0,0,8,0,8,0,0,13,0,13,0,0,0,13
01/22/2010,FFZ,AZ,AWP,WE,Towers with Radar,0,0,6,0,6,0,0,65,2,67,0,0,71,2,73,372,0,372,445
01/23/2010,FFZ,AZ,AWP,WE,Towers with Radar,0,1,11,0,12,0,1,263,16,280,0,2,274,16,292,375,0,375,667
01/24/2010,FFZ,AZ,AWP,WE,Towers with Radar,0,0,13,0,13,0,3,302,0,305,0,3,315,0,318,324,0,324,642
01/25/2010,FFZ,AZ,AWP,WE,Towers with Radar,0,0,16,0,16,0,5,323,10,338,0,5,339,10,354,358,0,358,712
01/26/2010,FFZ,AZ,AWP,WE,Towers with Radar,0,4,13,0,17,0,5,367,13,385,0,9,380,13,402,506,0,506,908
01/27/2010,FFZ,AZ,AWP,WE,Towers with Radar,0,4,14,0,18,0,10,239,14,263,0,14,253,14,281,272,0,272,553
01/28/2010,FFZ,AZ,AWP,WE,Towers with Radar,0,1,20,0,21,0,7,159,2,168,0,8,179,2,189,273,0,273,462
01/29/2010,FFZ,AZ,AWP,WE,Towers with Radar,0,0,13,0,13,0,8,393,15,416,0,8,406,15,429,552,0,552,981
01/30/2010,FFZ,AZ,AWP,WE,Towers with Radar,0,0,15,0,15,0,5,337,0,342,0,5,352,0,357,320,0,320,677
01/31/2010,FFZ,AZ,AWP,WE,Towers with Radar,0,4,10,0,14,0,2,315,0,317,0,6,325,0,331,189,0,189,520
02/01/2010,FFZ,AZ,AWP,WE,Towers with Radar,0,0,21,0,21,0,4,356,3,363,0,4,377,3,384,357,0,357,741
02/02/2010,FFZ,AZ,AWP,WE,Towers with Radar,0,0,13,0,13,0,3,388,9,400,0,3,401,9,413,576,0,576,989
02/03/2010,FFZ,AZ,AWP,WE,Towers with Radar,0,0,8,0,8,0,8,304,8,320,0,8,312,8,328,666,0,666,994
02/04/2010,FFZ,AZ,AWP,WE,Towers with Radar,0,0,13,0,13,0,11,368,3,382,0,11,381,3,395,549,0,549,944
02/05/2010,FFZ,AZ,AWP,WE,Towers with Radar,0,4,14,0,18,0,5,427,9,441,0,9,441,9,459,672,0,672,1131
02/06/2010,FFZ,AZ,AWP,WE,Towers with Radar,0,0,4,0,4,0,9,361,1,371,0,9,365,1,375,428,0,428,803
02/07/2010,FFZ,AZ,AWP,WE,Towers with Radar,0,0,2,0,2,0,14,113,0,127,0,14,115,0,129,226,0,226,355
02/08/2010,FFZ,AZ,AWP,WE,Towers with Radar,0,3,14,0,17,0,2,337,0,339,0,5,351,0,356,342,0,342,698
02/09/2010,FFZ,AZ,AWP,WE,Towers with Radar,0,0,16,0,16,0,18,386,0,404,0,18,402,0,420,430,0,430,850
02/10/2010,FFZ,AZ,AWP,WE,Towers with Radar,0,1,8,0,9,0,7,322,1,330,0,8,330,1,339,502,0,502,841
02/11/2010,FFZ,AZ,AWP,WE,Towers with Radar,0,2,21,0,23,0,16,377,7,400,0,18,398,7,423,522,0,522,945
02/12/2010,FFZ,AZ,AWP,WE,Towers with Radar,0,2,21,0,23,0,15,507,23,545,0,17,528,23,568,323,0,323,891
02/13/2010,FFZ,AZ,AWP,WE,Towers with Radar,0,0,8,0,8,0,8,425,5,438,0,8,433,5,446,315,0,315,761
02/14/2010,FFZ,AZ,AWP,WE,Towers with Radar,0,0,9,0,9,0,10,305,0,315,0,10,314,0,324,342,0,342,666
02/15/2010,FFZ,AZ,AWP,WE,Towers with Radar,0,1,29,0,30,0,4,327,4,335,0,5,356,4,365,349,0,349,714
02/16/2010,FFZ,AZ,AWP,WE,Towers with Radar,0,2,15,0,17,0,9,395,12,416,0,11,410,12,433,494,0,494,927
02/17/2010,FFZ,AZ,AWP,WE,Towers with Radar,0,2,19,0,21,0,7,423,3,433,0,9,442,3,454,470,0,470,924
02/18/2010,FFZ,AZ,AWP,WE,Towers with Radar,0,0,13,0,13,0,4,447,0,451,0,4,460,0,464,513,0,513,977
02/19/2010,FFZ,AZ,AWP,WE,Towers with Radar,0,2,25,0,27,0,5,452,8,465,0,7,477,8,492,415,0,415,907
02/20/2010,FFZ,AZ,AWP,WE,Towers with Radar,0,0,7,0,7,0,2,192,0,194,0,2,199,0,201,175,0,175,376
02/21/2010,FFZ,AZ,AWP,WE,Towers with Radar,0,2,9,0,11,0,1,71,0,72,0,3,80,0,83,216,0,216,299
02/22/2010,FFZ,AZ,AWP,WE,Towers with Radar,0,0,8,0,8,9,4,130,10,153,9,4,138,10,161,235,14,249,410
02/23/2010,FFZ,AZ,AWP,WE,Towers with Radar,0,0,5,0,5,0,2,436,8,446,0,2,441,8,451,644,0,644,1095
02/24/2010,FFZ,AZ,AWP,WE,Towers with Radar,0,0,15,0,15,0,10,481,14,505,0,10,496,14,520,660,0,660,1180
02/25/2010,FFZ,AZ,AWP,WE,Towers with Radar,0,3,13,0,16,0,5,423,8,436,0,8,436,8,452,479,0,479,931
02/26/2010,FFZ,AZ,AWP,WE,Towers with Radar,0,0,19,0,19,0,7,404,10,421,0,7,423,10,440,715,4,719,1159
02/27/2010,FFZ,AZ,AWP,WE,Towers with Radar,0,0,5,0,5,0,6,338,3,347,0,6,343,3,352,328,0,328,680
02/28/2010,FFZ,AZ,AWP,WE,Towers with Radar,0,0,8,0,8,0,0,22,0,22,0,0,30,0,30,23,2,25,55
03/01/2010,FFZ,AZ,AWP,WE,Towers with Radar,0,0,10,0,10,0,6,429,4,439,0,6,439,4,449,539,0,539,988
03/02/2010,FFZ,AZ,AWP,WE,Towers with Radar,0,1,9,0,10,0,8,425,0,433,0,9,434,0,443,503,0,503,946
03/03/2010,FFZ,AZ,AWP,WE,Towers with Radar,0,1,8,0,9,0,7,405,5,417,0,8,413,5,426,817,0,817,1243
03/04/2010,FFZ,AZ,AWP,WE,Towers with Radar,0,1,19,0,20,0,13,340,19,372,0,14,359,19,392,494,0,494,886
03/05/2010,FFZ,AZ,AWP,WE,Towers with Radar,0,1,13,0,14,0,10,462,5,477,0,11,475,5,491,553,0,553,1044
03/06/2010,FFZ,AZ,AWP,WE,Towers with Radar,0,2,7,0,9,0,5,347,2,354,0,7,354,2,363,277,0,277,640
03/07/2010,FFZ,AZ,AWP,WE,Towers with Radar,0,0,7,0,7,0,0,33,0,33,0,0,40,0,40,43,0,43,83
03/08/2010,FFZ,AZ,AWP,WE,Towers with Radar,0,1,3,0,4,0,0,123,4,127,0,1,126,4,131,298,0,298,429
03/09/2010,FFZ,AZ,AWP,WE,Towers with Radar,0,0,9,0,9,0,0,217,4,221,0,0,226,4,230,336,0,336,566
03/10/2010,FFZ,AZ,AWP,WE,Towers with Radar,0,7,8,0,15,0,8,329,5,342,0,15,337,5,357,662,0,662,1019
03/11/2010,FFZ,AZ,AWP,WE,Towers with Radar,0,2,9,0,11,0,1,390,5,396,0,3,399,5,407,622,0,622,1029
03/12/2010,FFZ,AZ,AWP,WE,Towers with Radar,0,0,17,0,17,0,9,456,6,471,0,9,473,6,488,576,0,576,1064
03/13/2010,FFZ,AZ,AWP,WE,Towers with Radar,0,2,16,0,18,0,3,405,2,410,0,5,421,2,428,397,0,397,825
03/14/2010,FFZ,AZ,AWP,WE,Towers with Radar,0,2,15,0,17,0,4,253,0,257,0,6,268,0,274,329,0,329,603
03/15/2010,FFZ,AZ,AWP,WE,Towers with Radar,0,0,15,0,15,0,11,364,5,380,0,11,379,5,395,618,0,618,1013
03/16/2010,FFZ,AZ,AWP,WE,Towers with Radar,0,0,6,0,6,0,12,431,9,452,0,12,437,9,458,444,1,445,903
03/17/2010,FFZ,AZ,AWP,WE,Towers with Radar,0,2,14,0,16,0,7,382,15,404,0,9,396,15,420,507,0,507,927
03/18/2010,FFZ,AZ,AWP,WE,Towers with Radar,0,0,11,0,11,0,11,358,9,378,0,11,369,9,389,591,0,591,980
03/19/2010,FFZ,AZ,AWP,WE,Towers with Radar,0,2,12,0,14,0,11,364,8,383,0,13,376,8,397,652,0,652,1049
03/20/2010,FFZ,AZ,AWP,WE,Towers with Radar,0,0,7,0,7,0,2,338,3,343,0,2,345,3,350,225,0,225,575
03/21/2010,FFZ,AZ,AWP,WE,Towers with Radar,0,1,13,0,14,0,15,256,0,271,0,16,269,0,285,235,0,235,520
03/22/2010,FFZ,AZ,AWP,WE,Towers with Radar,0,0,13,0,13,0,8,334,5,347,0,8,347,5,360,485,8,493,853
03/23/2010,FFZ,AZ,AWP,WE,Towers with Radar,0,0,17,0,17,0,2,280,3,285,0,2,297,3,302,406,0,406,708
03/24/2010,FFZ,AZ,AWP,WE,Towers with Radar,0,3,19,0,22,0,6,417,16,439,0,9,436,16,461,336,0,336,797
03/25/2010,FFZ,AZ,AWP,WE,Towers with Radar,0,1,23,0,24,0,6,432,4,442,0,7,455,4,466,504,0,504,970
03/26/2010,FFZ,AZ,AWP,WE,Towers with Radar,0,3,17,1,21,0,1,323,6,330,0,4,340,7,351,336,0,336,687
03/27/2010,FFZ,AZ,AWP,WE,Towers with Radar,0,2,9,0,11,0,9,391,1,401,0,11,400,1,412,291,0,291,703
03/28/2010,FFZ,AZ,AWP,WE,Towers with Radar,0,0,18,0,18,0,12,242,0,254,0,12,260,0,272,240,0,240,512
03/29/2010,FFZ,AZ,AWP,WE,Towers with Radar,0,0,21,0,21,0,3,372,13,388,0,3,393,13,409,354,0,354,763
03/30/2010,FFZ,AZ,AWP,WE,Towers with Radar,0,0,14,0,14,0,10,439,2,451,0,10,453,2,465,430,0,430,895
03/31/2010,FFZ,AZ,AWP,WE,Towers with Radar,0,0,15,0,15,0,7,229,6,242,0,7,244,6,257,172,0,172,429
04/01/2010,FFZ,AZ,AWP,WE,Towers with Radar,0,2,9,0,11,0,6,267,10,283,0,8,276,10,294,407,0,407,701
04/02/2010,FFZ,AZ,AWP,WE,Towers with Radar,0,2,11,0,13,0,14,433,12,459,0,16,444,12,472,373,0,373,845
04/03/2010,FFZ,AZ,AWP,WE,Towers with Radar,0,0,3,0,3,0,0,23,0,23,0,0,26,0,26,410,0,410,436
04/04/2010,FFZ,AZ,AWP,WE,Towers with Radar,0,0,3,0,3,0,3,132,0,135,0,3,135,0,138,214,0,214,352
04/05/2010,FFZ,AZ,AWP,WE,Towers with Radar,0,0,16,0,16,0,2,231,15,248,0,2,247,15,264,265,0,265,529
04/06/2010,FFZ,AZ,AWP,WE,Towers with Radar,0,2,8,0,10,0,1,381,27,409,0,3,389,27,419,262,0,262,681
04/07/2010,FFZ,AZ,AWP,WE,Towers with Radar,0,1,12,0,13,0,7,320,8,335,0,8,332,8,348,344,0,344,692
04/08/2010,FFZ,AZ,AWP,WE,Towers with Radar,0,0,14,0,14,0,10,398,13,421,0,10,412,13,435,404,0,404,839
04/09/2010,FFZ,AZ,AWP,WE,Towers with Radar,0,0,13,0,13,0,8,395,10,413,0,8,408,10,426,402,0,402,828
04/10/2010,FFZ,AZ,AWP,WE,Towers with Radar,0,0,6,0,6,0,3,297,1,301,0,3,303,1,307,231,0,231,538
04/11/2010,FFZ,AZ,AWP,WE,Towers with Radar,0,0,9,0,9,0,3,258,0,261,0,3,267,0,270,201,0,201,471
04/12/2010,FFZ,AZ,AWP,WE,Towers with Radar,0,0,13,0,13,0,1,250,13,264,0,1,263,13,277,228,0,228,505
04/13/2010,FFZ,AZ,AWP,WE,Towers with Radar,0,8,0,0,8,0,2,381,13,396,0,10,381,13,404,451,0,451,855
04/14/2010,FFZ,AZ,AWP,WE,Towers with Radar,0,0,8,0,8,0,11,358,29,398,0,11,366,29,406,528,0,528,934
04/15/2010,FFZ,AZ,AWP,WE,Towers with Radar,0,0,15,0,15,0,5,345,0,350,0,5,360,0,365,439,0,439,804
04/16/2010,FFZ,AZ,AWP,WE,Towers with Radar,0,2,4,0,6,0,3,394,5,402,0,5,398,5,408,520,0,520,928
04/17/2010,FFZ,AZ,AWP,WE,Towers with Radar,0,0,8,0,8,0,4,562,0,566,0,4,570,0,574,301,0,301,875
04/18/2010,FFZ,AZ,AWP,WE,Towers with Radar,0,0,12,0,12,0,4,261,0,265,0,4,273,0,277,229,0,229,506
04/19/2010,FFZ,AZ,AWP,WE,Towers with Radar,0,0,5,0,5,0,4,282,8,294,0,4,287,8,299,373,0,373,672
04/20/2010,FFZ,AZ,AWP,WE,Towers with Radar,0,2,10,0,12,0,6,400,15,421,0,8,410,15,433,578,0,578,1011
04/21/2010,FFZ,AZ,AWP,WE,Towers with Radar,0,0,13,0,13,0,8,172,8,188,0,8,185,8,201,269,0,269,470
04/22/2010,FFZ,AZ,AWP,WE,Towers with Radar,0,0,11,0,11,0,3,253,4,260,0,3,264,4,271,434,0,434,705
04/23/2010,FFZ,AZ,AWP,WE,Towers with Radar,0,0,5,0,5,0,4,298,11,313,0,4,303,11,318,611,0,611,929
04/24/2010,FFZ,AZ,AWP,WE,Towers with Radar,0,0,3,0,3,0,7,329,8,344,0,7,332,8,347,377,0,377,724
04/25/2010,FFZ,AZ,AWP,WE,Towers with Radar,0,0,6,0,6,0,12,274,0,286,0,12,280,0,292,386,0,386,678
04/26/2010,FFZ,AZ,AWP,WE,Towers with Radar,0,0,12,0,12,0,7,297,10,314,0,7,309,10,326,567,0,567,893
04/27/2010,FFZ,AZ,AWP,WE,Towers with Radar,0,0,9,0,9,0,6,343,10,359,0,6,352,10,368,526,2,528,896
04/28/2010,FFZ,AZ,AWP,WE,Towers with Radar,0,1,9,0,10,0,6,193,2,201,0,7,202,2,211,379,0,379,590
04/29/2010,FFZ,AZ,AWP,WE,Towers with Radar,0,1,11,0,12,0,6,188,3,197,0,7,199,3,209,316,0,316,525
04/30/2010,FFZ,AZ,AWP,WE,Towers with Radar,0,0,12,0,12,0,6,314,22,342,0,6,326,22,354,422,0,422,776
05/01/2010,FFZ,AZ,AWP,WE,Towers with Radar,0,0,13,0,13,0,12,236,0,248,0,12,249,0,261,270,0,270,531
05/02/2010,FFZ,AZ,AWP,WE,Towers with Radar,0,0,6,0,6,0,9,125,3,137,0,9,131,3,143,153,0,153,296
05/03/2010,FFZ,AZ,AWP,WE,Towers with Radar,0,0,12,0,12,0,1,294,5,300,0,1,306,5,312,496,0,496,808
05/04/2010,FFZ,AZ,AWP,WE,Towers with Radar,0,0,15,0,15,0,5,309,2,316,0,5,324,2,331,352,0,352,683
05/05/2010,FFZ,AZ,AWP,WE,Towers with Radar,0,0,8,0,8,0,11,281,10,302,0,11,289,10,310,425,0,425,735
05/06/2010,FFZ,AZ,AWP,WE,Towers with Radar,0,1,20,0,21,0,3,278,6,287,0,4,298,6,308,173,0,173,481
05/07/2010,FFZ,AZ,AWP,WE,Towers with Radar,0,1,13,0,14,0,15,314,21,350,0,16,327,21,364,374,0,374,738
05/08/2010,FFZ,AZ,AWP,WE,Towers with Radar,0,1,5,0,6,0,15,225,1,241,0,16,230,1,247,242,0,242,489
05/09/2010,FFZ,AZ,AWP,WE,Towers with Radar,0,2,13,0,15,0,12,169,0,181,0,14,182,0,196,188,0,188,384
05/10/2010,FFZ,AZ,AWP,WE,Towers with Radar,0,0,6,0,6,0,2,273,2,277,0,2,279,2,283,390,0,390,673
05/11/2010,FFZ,AZ,AWP,WE,Towers with Radar,0,0,4,0,4,0,2,204,15,221,0,2,208,15,225,224,0,224,449
05/12/2010,FFZ,AZ,AWP,WE,Towers with Radar,0,0,13,0,13,0,20,370,15,405,0,20,383,15,418,364,0,364,782
05/13/2010,FFZ,AZ,AWP,WE,Towers with Radar,0,0,10,0,10,0,6,288,11,305,0,6,298,11,315,390,2,392,707
05/14/2010,FFZ,AZ,AWP,WE,Towers with Radar,0,0,6,0,6,0,8,279,3,290,0,8,285,3,296,366,0,366,662
05/15/2010,FFZ,AZ,AWP,WE,Towers with Radar,0,0,1,0,1,0,4,308,0,312,0,4,309,0,313,292,0,292,605
05/16/2010,FFZ,AZ,AWP,WE,Towers with Radar,0,0,3,0,3,0,6,216,1,223,0,6,219,1,226,140,0,140,366
05/17/2010,FFZ,AZ,AWP,WE,Towers with Radar,0,0,4,0,4,0,5,233,17,255,0,5,237,17,259,211,0,211,470
05/18/2010,FFZ,AZ,AWP,WE,Towers with Radar,0,0,10,0,10,0,1,278,11,290,0,1,288,11,300,352,0,352,652
05/19/2010,FFZ,AZ,AWP,WE,Towers with Radar,0,0,10,0,10,0,3,302,5,310,0,3,312,5,320,608,0,608,928
05/20/2010,FFZ,AZ,AWP,WE,Towers with Radar,0,0,5,0,5,0,9,323,14,346,0,9,328,14,351,435,0,435,786
05/21/2010,FFZ,AZ,AWP,WE,Towers with Radar,0,0,8,0,8,0,9,235,13,257,0,9,243,13,265,482,1,483,748
05/22/2010,FFZ,AZ,AWP,WE,Towers with Radar,0,0,8,0,8,0,13,168,0,181,0,13,176,0,189,178,0,178,367
05/23/2010,FFZ,AZ,AWP,WE,Towers with Radar,0,0,4,0,4,0,14,117,0,131,0,14,121,0,135,234,0,234,369
05/24/2010,FFZ,AZ,AWP,WE,Towers with Radar,0,0,7,0,7,0,9,262,6,277,0,9,269,6,284,311,0,311,595
05/25/2010,FFZ,AZ,AWP,WE,Towers with Radar,0,0,6,0,6,0,8,336,0,344,0,8,342,0,350,502,0,502,852
05/26/2010,FFZ,AZ,AWP,WE,Towers with Radar,0,0,10,0,10,0,11,412,8,431,0,11,422,8,441,482,3,485,926
05/27/2010,FFZ,AZ,AWP,WE,Towers with Radar,0,0,15,0,15,0,12,333,8,353,0,12,348,8,368,356,0,356,724
05/28/2010,FFZ,AZ,AWP,WE,Towers with Radar,0,0,3,0,3,0,11,305,20,336,0,11,308,20,339,224,2,226,565
05/29/2010,FFZ,AZ,AWP,WE,Towers with Radar,0,0,3,0,3,0,12,322,0,334,0,12,325,0,337,175,0,175,512
05/30/2010,FFZ,AZ,AWP,WE,Towers with Radar,0,1,3,0,4,0,13,231,0,244,0,14,234,0,248,163,0,163,411
05/31/2010,FFZ,AZ,AWP,WE,Towers with Radar,0,0,5,0,5,0,8,163,0,171,0,8,168,0,176,144,0,144,320
06/01/2010,FFZ,AZ,AWP,WE,Towers with Radar,0,1,5,0,6,0,6,264,0,270,0,7,269,0,276,252,0,252,528
06/02/2010,FFZ,AZ,AWP,WE,Towers with Radar,0,0,3,0,3,0,8,264,7,279,0,8,267,7,282,330,10,340,622
06/03/2010,FFZ,AZ,AWP,WE,Towers with Radar,0,0,4,0,4,0,11,289,1,301,0,11,293,1,305,333,0,333,638
06/04/2010,FFZ,AZ,AWP,WE,Towers with Radar,0,2,9,0,11,0,7,307,12,326,0,9,316,12,337,374,0,374,711
06/05/2010,FFZ,AZ,AWP,WE,Towers with Radar,0,0,4,0,4,0,1,262,0,263,0,1,266,0,267,145,0,145,412
06/06/2010,FFZ,AZ,AWP,WE,Towers with Radar,0,1,5,0,6,0,7,184,1,192,0,8,189,1,198,121,0,121,319
06/07/2010,FFZ,AZ,AWP,WE,Towers with Radar,0,1,10,0,11,0,6,269,10,285,0,7,279,10,296,188,0,188,484
06/08/2010,FFZ,AZ,AWP,WE,Towers with Radar,0,2,14,0,16,0,13,304,10,327,0,15,318,10,343,256,0,256,599
06/09/2010,FFZ,AZ,AWP,WE,Towers with Radar,0,1,14,0,15,0,12,263,9,284,0,13,277,9,299,258,0,258,557
06/10/2010,FFZ,AZ,AWP,WE,Towers with Radar,0,3,10,0,13,0,12,284,11,307,0,15,294,11,320,249,0,249,569
06/11/2010,FFZ,AZ,AWP,WE,Towers with Radar,0,2,13,0,15,0,7,194,6,207,0,9,207,6,222,188,0,188,410
06/12/2010,FFZ,AZ,AWP,WE,Towers with Radar,0,0,1,0,1,0,3,201,1,205,0,3,202,1,206,157,0,157,363
06/13/2010,FFZ,AZ,AWP,WE,Towers with Radar,0,0,7,0,7,0,13,273,1,287,0,13,280,1,294,179,0,179,473
06/14/2010,FFZ,AZ,AWP,WE,Towers with Radar,0,2,10,0,12,0,12,262,2,276,0,14,272,2,288,232,0,232,520
06/15/2010,FFZ,AZ,AWP,WE,Towers with Radar,0,3,12,0,15,0,9,227,9,245,0,12,239,9,260,208,0,208,468
06/16/2010,FFZ,AZ,AWP,WE,Towers with Radar,0,0,5,0,5,0,11,215,4,230,0,11,220,4,235,341,0,341,576
06/17/2010,FFZ,AZ,AWP,WE,Towers with Radar,0,2,6,0,8,0,6,288,1,295,0,8,294,1,303,352,0,352,655
06/18/2010,FFZ,AZ,AWP,WE,Towers with Radar,0,3,8,0,11,0,9,285,1,295,0,12,293,1,306,268,0,268,574
06/19/2010,FFZ,AZ,AWP,WE,Towers with Radar,0,1,1,0,2,0,11,316,0,327,0,12,317,0,329,260,0,260,589
06/20/2010,FFZ,AZ,AWP,WE,Towers with Radar,0,1,6,0,7,0,10,243,1,254,0,11,249,1,261,144,0,144,405
06/21/2010,FFZ,AZ,AWP,WE,Towers with Radar,0,1,11,0,12,0,5,255,6,266,0,6,266,6,278,267,0,267,545
06/22/2010,FFZ,AZ,AWP,WE,Towers with Radar,0,3,6,0,9,0,1,282,6,289,0,4,288,6,298,300,4,304,602
06/23/2010,FFZ,AZ,AWP,WE,Towers with Radar,0,2,6,0,8,0,10,238,9,257,0,12,244,9,265,359,0,359,624
06/24/2010,FFZ,AZ,AWP,WE,Towers with Radar,0,0,12,0,12,0,14,257,14,285,0,14,269,14,297,325,0,325,622
06/25/2010,FFZ,AZ,AWP,WE,Towers with Radar,0,2,4,0,6,0,26,276,7,309,0,28,280,7,315,310,0,310,625
06/26/2010,FFZ,AZ,AWP,WE,Towers with Radar,0,0,8,0,8,0,1,270,4,275,0,1,278,4,283,354,0,354,637
06/27/2010,FFZ,AZ,AWP,WE,Towers with Radar,0,0,6,0,6,0,7,215,0,222,0,7,221,0,228,265,0,265,493
06/28/2010,FFZ,AZ,AWP,WE,Towers with Radar,0,0,6,0,6,0,4,250,14,268,0,4,256,14,274,241,1,242,516
06/29/2010,FFZ,AZ,AWP,WE,Towers with Radar,0,2,3,0,5,0,4,278,8,290,0,6,281,8,295,314,0,314,609
06/30/2010,FFZ,AZ,AWP,WE,Towers with Radar,0,0,8,0,8,0,5,206,12,223,0,5,214,12,231,188,10,198,429
07/01/2010,FFZ,AZ,AWP,WE,Towers with Radar,0,0,6,0,6,0,9,208,10,227,0,9,214,10,233,238,0,238,471
07/02/2010,FFZ,AZ,AWP,WE,Towers with Radar,0,2,5,0,7,0,11,224,7,242,0,13,229,7,249,205,0,205,454
07/03/2010,FFZ,AZ,AWP,WE,Towers with Radar,0,0,6,0,6,0,10,209,1,220,0,10,215,1,226,274,0,274,500
07/04/2010,FFZ,AZ,AWP,WE,Towers with Radar,0,0,3,0,3,0,5,95,0,100,0,5,98,0,103,42,0,42,145
07/05/2010,FFZ,AZ,AWP,WE,Towers with Radar,0,0,8,0,8,0,6,283,1,290,0,6,291,1,298,222,0,222,520
07/06/2010,FFZ,AZ,AWP,WE,Towers with Radar,0,4,9,0,13,0,8,236,2,246,0,12,245,2,259,254,0,254,513
07/07/2010,FFZ,AZ,AWP,WE,Towers with Radar,0,0,9,0,9,0,6,251,11,268,0,6,260,11,277,276,0,276,553
07/08/2010,FFZ,AZ,AWP,WE,Towers with Radar,0,0,8,0,8,0,7,187,8,202,0,7,195,8,210,164,0,164,374
07/09/2010,FFZ,AZ,AWP,WE,Towers with Radar,0,2,6,0,8,0,7,214,9,230,0,9,220,9,238,379,0,379,617
07/10/2010,FFZ,AZ,AWP,WE,Towers with Radar,0,0,3,0,3,0,6,203,0,209,0,6,206,0,212,211,0,211,423
07/11/2010,FFZ,AZ,AWP,WE,Towers with Radar,0,1,3,0,4,0,5,198,0,203,0,6,201,0,207,174,0,174,381
07/12/2010,FFZ,AZ,AWP,WE,Towers with Radar,0,0,9,0,9,0,4,250,10,264,0,4,259,10,273,281,12,293,566
07/13/2010,FFZ,AZ,AWP,WE,Towers with Radar,0,4,11,0,15,0,2,249,6,257,0,6,260,6,272,296,0,296,568
07/14/2010,FFZ,AZ,AWP,WE,Towers with Radar,0,2,8,0,10,0,2,272,6,280,0,4,280,6,290,282,0,282,572
07/15/2010,FFZ,AZ,AWP,WE,Towers with Radar,0,0,8,0,8,0,6,219,15,240,0,6,227,15,248,226,0,226,474
07/16/2010,FFZ,AZ,AWP,WE,Towers with Radar,0,4,7,0,11,0,3,177,14,194,0,7,184,14,205,226,0,226,431
07/17/2010,FFZ,AZ,AWP,WE,Towers with Radar,0,2,6,0,8,0,8,174,0,182,0,10,180,0,190,139,0,139,329
07/18/2010,FFZ,AZ,AWP,WE,Towers with Radar,0,1,8,0,9,0,8,141,0,149,0,9,149,0,158,118,0,118,276
07/19/2010,FFZ,AZ,AWP,WE,Towers with Radar,0,0,8,0,8,0,5,203,5,213,0,5,211,5,221,193,0,193,414
07/20/2010,FFZ,AZ,AWP,WE,Towers with Radar,0,2,6,0,8,0,4,198,3,205,0,6,204,3,213,346,0,346,559
07/21/2010,FFZ,AZ,AWP,WE,Towers with Radar,0,0,9,0,9,0,9,147,5,161,0,9,156,5,170,232,0,232,402
07/22/2010,FFZ,AZ,AWP,WE,Towers with Radar,0,0,3,0,3,0,5,190,5,200,0,5,193,5,203,302,0,302,505
07/23/2010,FFZ,AZ,AWP,WE,Towers with Radar,0,2,7,0,9,0,10,241,2,253,0,12,248,2,262,322,0,322,584
07/24/2010,FFZ,AZ,AWP,WE,Towers with Radar,0,1,5,0,6,0,15,216,0,231,0,16,221,0,237,200,0,200,437
07/25/2010,FFZ,AZ,AWP,WE,Towers with Radar,0,1,8,0,9,0,10,177,0,187,0,11,185,0,196,110,0,110,306
07/26/2010,FFZ,AZ,AWP,WE,Towers with Radar,0,3,8,0,11,0,8,208,6,222,0,11,216,6,233,211,0,211,444
07/27/2010,FFZ,AZ,AWP,WE,Towers with Radar,0,3,6,0,9,0,4,218,7,229,0,7,224,7,238,280,0,280,518
07/28/2010,FFZ,AZ,AWP,WE,Towers with Radar,0,0,8,0,8,0,8,207,5,220,0,8,215,5,228,296,0,296,524
07/29/2010,FFZ,AZ,AWP,WE,Towers with Radar,0,1,3,0,4,0,2,244,1,247,0,3,247,1,251,307,0,307,558
07/30/2010,FFZ,AZ,AWP,WE,Towers with Radar,0,4,9,0,13,0,6,211,9,226,0,10,220,9,239,149,0,149,388
07/31/2010,FFZ,AZ,AWP,WE,Towers with Radar,0,0,2,0,2,0,9,150,2,161,0,9,152,2,163,165,0,165,328
08/01/2010,FFZ,AZ,AWP,WE,Towers with Radar,0,2,3,0,5,0,3,180,0,183,0,5,183,0,188,109,0,109,297
08/02/2010,FFZ,AZ,AWP,WE,Towers with Radar,0,0,6,0,6,0,8,246,3,257,0,8,252,3,263,242,0,242,505
08/03/2010,FFZ,AZ,AWP,WE,Towers with Radar,0,3,5,0,8,0,10,281,10,301,0,13,286,10,309,220,0,220,529
08/04/2010,FFZ,AZ,AWP,WE,Towers with Radar,0,1,4,0,5,0,4,234,10,248,0,5,238,10,253,402,0,402,655
08/05/2010,FFZ,AZ,AWP,WE,Towers with Radar,0,1,2,0,3,0,9,269,17,295,0,10,271,17,298,154,0,154,452
08/06/2010,FFZ,AZ,AWP,WE,Towers with Radar,0,3,6,0,9,0,5,224,6,235,0,8,230,6,244,136,0,136,380
08/07/2010,FFZ,AZ,AWP,WE,Towers with Radar,0,0,6,0,6,0,9,152,0,161,0,9,158,0,167,116,0,116,283
08/08/2010,FFZ,AZ,AWP,WE,Towers with Radar,0,1,6,0,7,0,4,231,0,235,0,5,237,0,242,100,0,100,342
08/09/2010,FFZ,AZ,AWP,WE,Towers with Radar,0,2,2,1,5,0,5,254,6,265,0,7,256,7,270,275,0,275,545
08/10/2010,FFZ,AZ,AWP,WE,Towers with Radar,0,4,5,0,9,0,3,296,12,311,0,7,301,12,320,328,0,328,648
08/11/2010,FFZ,AZ,AWP,WE,Towers with Radar,0,1,9,6,16,0,5,305,8,318,0,6,314,14,334,170,0,170,504
08/12/2010,FFZ,AZ,AWP,WE,Towers with Radar,0,0,7,0,7,0,3,267,20,290,0,3,274,20,297,319,0,319,616
08/13/2010,FFZ,AZ,AWP,WE,Towers with Radar,0,2,4,0,6,0,3,270,3,276,0,5,274,3,282,244,0,244,526
08/14/2010,FFZ,AZ,AWP,WE,Towers with Radar,0,0,7,0,7,0,10,258,0,268,0,10,265,0,275,189,0,189,464
08/15/2010,FFZ,AZ,AWP,WE,Towers with Radar,0,0,6,0,6,0,8,210,0,218,0,8,216,0,224,231,0,231,455
08/16/2010,FFZ,AZ,AWP,WE,Towers with Radar,0,0,3,0,3,0,1,293,0,294,0,1,296,0,297,309,0,309,606
08/17/2010,FFZ,AZ,AWP,WE,Towers with Radar,0,2,4,0,6,0,3,311,6,320,0,5,315,6,326,350,0,350,676
08/18/2010,FFZ,AZ,AWP,WE,Towers with Radar,0,1,9,0,10,0,2,310,5,317,0,3,319,5,327,468,0,468,795
08/19/2010,FFZ,AZ,AWP,WE,Towers with Radar,0,2,13,0,15,0,0,285,4,289,0,2,298,4,304,468,0,468,772
08/20/2010,FFZ,AZ,AWP,WE,Towers with Radar,0,2,3,0,5,0,3,321,3,327,0,5,324,3,332,381,0,381,713
08/21/2010,FFZ,AZ,AWP,WE,Towers with Radar,0,2,5,0,7,0,23,245,0,268,0,25,250,0,275,320,0,320,595
08/22/2010,FFZ,AZ,AWP,WE,Towers with Radar,0,4,11,0,15,0,10,195,0,205,0,14,206,0,220,247,0,247,467
08/23/2010,FFZ,AZ,AWP,WE,Towers with Radar,0,1,8,0,9,0,12,251,8,271,0,13,259,8,280,528,0,528,808
08/24/2010,FFZ,AZ,AWP,WE,Towers with Radar,0,2,6,0,8,0,10,235,2,247,0,12,241,2,255,265,0,265,520
08/25/2010,FFZ,AZ,AWP,WE,Towers with Radar,0,0,9,0,9,0,16,259,0,275,0,16,268,0,284,453,0,453,737
08/26/2010,FFZ,AZ,AWP,WE,Towers with Radar,0,3,7,0,10,0,4,188,2,194,0,7,195,2,204,344,0,344,548
08/27/2010,FFZ,AZ,AWP,WE,Towers with Radar,0,3,10,0,13,0,3,234,13,250,0,6,244,13,263,316,0,316,579
08/28/2010,FFZ,AZ,AWP,WE,Towers with Radar,0,0,7,0,7,0,9,241,0,250,0,9,248,0,257,231,0,231,488
08/29/2010,FFZ,AZ,AWP,WE,Towers with Radar,0,1,7,0,8,0,8,188,0,196,0,9,195,0,204,194,0,194,398
08/30/2010,FFZ,AZ,AWP,WE,Towers with Radar,0,1,7,0,8,0,6,278,3,287,0,7,285,3,295,302,0,302,597
08/31/2010,FFZ,AZ,AWP,WE,Towers with Radar,0,1,11,0,12,0,6,345,8,359,0,7,356,8,371,502,0,502,873
09/01/2010,FFZ,AZ,AWP,WE,Towers with Radar,0,2,10,0,12,0,0,293,0,293,0,2,303,0,305,456,2,458,763
09/02/2010,FFZ,AZ,AWP,WE,Towers with Radar,0,1,9,0,10,0,11,322,9,342,0,12,331,9,352,448,0,448,800
09/03/2010,FFZ,AZ,AWP,WE,Towers with Radar,0,2,9,0,11,0,8,264,14,286,0,10,273,14,297,287,0,287,584
09/04/2010,FFZ,AZ,AWP,WE,Towers with Radar,0,0,4,0,4,0,8,259,0,267,0,8,263,0,271,227,0,227,498
09/05/2010,FFZ,AZ,AWP,WE,Towers with Radar,0,1,7,0,8,0,13,216,1,230,0,14,223,1,238,162,0,162,400
09/06/2010,FFZ,AZ,AWP,WE,Towers with Radar,0,0,3,0,3,0,5,123,0,128,0,5,126,0,131,106,0,106,237
09/07/2010,FFZ,AZ,AWP,WE,Towers with Radar,0,3,12,0,15,0,6,281,3,290,0,9,293,3,305,217,0,217,522
09/08/2010,FFZ,AZ,AWP,WE,Towers with Radar,0,1,5,0,6,0,4,239,3,246,0,5,244,3,252,281,0,281,533
09/09/2010,FFZ,AZ,AWP,WE,Towers with Radar,0,0,4,0,4,0,8,288,12,308,0,8,292,12,312,452,0,452,764
09/10/2010,FFZ,AZ,AWP,WE,Towers with Radar,0,2,8,0,10,0,8,279,10,297,0,10,287,10,307,342,0,342,649
09/11/2010,FFZ,AZ,AWP,WE,Towers with Radar,0,2,8,0,10,0,8,271,1,280,0,10,279,1,290,300,0,300,590
09/12/2010,FFZ,AZ,AWP,WE,Towers with Radar,0,1,3,0,4,0,11,239,0,250,0,12,242,0,254,237,0,237,491
09/13/2010,FFZ,AZ,AWP,WE,Towers with Radar,0,0,3,0,3,0,5,254,9,268,0,5,257,9,271,303,0,303,574
09/14/2010,FFZ,AZ,AWP,WE,Towers with Radar,0,1,11,0,12,0,2,279,5,286,0,3,290,5,298,378,0,378,676
09/15/2010,FFZ,AZ,AWP,WE,Towers with Radar,0,0,6,0,6,0,8,267,10,285,0,8,273,10,291,355,0,355,646
09/16/2010,FFZ,AZ,AWP,WE,Towers with Radar,0,0,7,0,7,0,19,264,29,312,0,19,271,29,319,342,1,343,662
09/17/2010,FFZ,AZ,AWP,WE,Towers with Radar,0,2,8,0,10,0,6,244,13,263,0,8,252,13,273,301,0,301,574
09/18/2010,FFZ,AZ,AWP,WE,Towers with Radar,0,0,5,0,5,0,4,259,0,263,0,4,264,0,268,200,0,200,468
09/19/2010,FFZ,AZ,AWP,WE,Towers with Radar,0,1,12,0,13,0,6,168,0,174,0,7,180,0,187,238,0,238,425
09/20/2010,FFZ,AZ,AWP,WE,Towers with Radar,0,0,3,0,3,0,2,214,17,233,0,2,217,17,236,358,0,358,594
09/21/2010,FFZ,AZ,AWP,WE,Towers with Radar,0,1,9,0,10,0,4,333,20,357,0,5,342,20,367,455,0,455,822
09/22/2010,FFZ,AZ,AWP,WE,Towers with Radar,0,1,5,0,6,0,5,202,7,214,0,6,207,7,220,220,0,220,440
09/23/2010,FFZ,AZ,AWP,WE,Towers with Radar,0,0,11,0,11,0,8,384,13,405,0,8,395,13,416,325,0,325,741
09/24/2010,FFZ,AZ,AWP,WE,Towers with Radar,0,2,8,0,10,0,15,333,5,353,0,17,341,5,363,298,0,298,661
09/25/2010,FFZ,AZ,AWP,WE,Towers with Radar,0,0,8,0,8,0,3,311,0,314,0,3,319,0,322,241,0,241,563
09/26/2010,FFZ,AZ,AWP,WE,Towers with Radar,0,0,8,0,8,0,5,201,0,206,0,5,209,0,214,203,0,203,417
09/27/2010,FFZ,AZ,AWP,WE,Towers with Radar,0,0,11,0,11,0,8,260,5,273,0,8,271,5,284,286,0,286,570
09/28/2010,FFZ,AZ,AWP,WE,Towers with Radar,0,5,10,0,15,0,4,345,14,363,0,9,355,14,378,340,0,340,718
09/29/2010,FFZ,AZ,AWP,WE,Towers with Radar,0,2,7,0,9,0,1,285,5,291,0,3,292,5,300,436,0,436,736
09/30/2010,FFZ,AZ,AWP,WE,Towers with Radar,0,0,7,0,7,0,8,294,11,313,0,8,301,11,320,317,0,317,637
10/01/2010,FFZ,AZ,AWP,WE,Towers with Radar,0,4,5,0,9,0,11,243,23,277,0,15,248,23,286,400,0,400,686
10/02/2010,FFZ,AZ,AWP,WE,Towers with Radar,0,2,4,0,6,0,7,245,0,252,0,9,249,0,258,177,0,177,435
10/03/2010,FFZ,AZ,AWP,WE,Towers with Radar,0,2,7,0,9,0,0,232,0,232,0,2,239,0,241,129,0,129,370
10/04/2010,FFZ,AZ,AWP,WE,Towers with Radar,0,0,3,0,3,0,1,178,7,186,0,1,181,7,189,195,0,195,384
10/05/2010,FFZ,AZ,AWP,WE,Towers with Radar,0,0,6,0,6,0,1,104,0,105,0,1,110,0,111,138,0,138,249
10/06/2010,FFZ,AZ,AWP,WE,Towers with Radar,0,0,6,0,6,0,6,225,17,248,0,6,231,17,254,261,0,261,515
10/07/2010,FFZ,AZ,AWP,WE,Towers with Radar,0,0,9,0,9,0,3,260,11,274,0,3,269,11,283,268,0,268,551
10/08/2010,FFZ,AZ,AWP,WE,Towers with Radar,0,2,13,0,15,0,3,310,8,321,0,5,323,8,336,245,0,245,581
10/09/2010,FFZ,AZ,AWP,WE,Towers with Radar,0,0,4,0,4,0,1,277,0,278,0,1,281,0,282,165,0,165,447
10/10/2010,FFZ,AZ,AWP,WE,Towers with Radar,0,0,5,0,5,0,4,210,0,214,0,4,215,0,219,162,0,162,381
10/11/2010,FFZ,AZ,AWP,WE,Towers with Radar,0,0,7,0,7,0,7,270,11,288,0,7,277,11,295,238,0,238,533
10/12/2010,FFZ,AZ,AWP,WE,Towers with Radar,0,1,9,0,10,0,11,285,12,308,0,12,294,12,318,290,0,290,608
10/13/2010,FFZ,AZ,AWP,WE,Towers with Radar,0,2,6,0,8,0,6,284,4,294,0,8,290,4,302,250,0,250,552
10/14/2010,FFZ,AZ,AWP,WE,Towers with Radar,0,0,8,0,8,0,14,259,17,290,0,14,267,17,298,303,0,303,601
10/15/2010,FFZ,AZ,AWP,WE,Towers with Radar,0,2,7,0,9,0,5,265,18,288,0,7,272,18,297,238,0,238,535
10/16/2010,FFZ,AZ,AWP,WE,Towers with Radar,0,0,5,0,5,0,2,308,0,310,0,2,313,0,315,210,0,210,525
10/17/2010,FFZ,AZ,AWP,WE,Towers with Radar,0,0,7,0,7,0,0,252,0,252,0,0,259,0,259,192,0,192,451
10/18/2010,FFZ,AZ,AWP,WE,Towers with Radar,0,0,8,0,8,0,8,249,5,262,0,8,257,5,270,246,0,246,516
10/19/2010,FFZ,AZ,AWP,WE,Towers with Radar,0,2,12,0,14,0,17,253,19,289,0,19,265,19,303,291,5,296,599
10/20/2010,FFZ,AZ,AWP,WE,Towers with Radar,0,1,8,0,9,0,8,204,7,219,0,9,212,7,228,324,0,324,552
10/21/2010,FFZ,AZ,AWP,WE,Towers with Radar,0,0,14,0,14,0,4,187,5,196,0,4,201,5,210,265,0,265,475
10/22/2010,FFZ,AZ,AWP,WE,Towers with Radar,0,2,10,0,12,0,2,329,16,347,0,4,339,16,359,375,0,375,734
10/23/2010,FFZ,AZ,AWP,WE,Towers with Radar,0,0,3,0,3,0,1,319,0,320,0,1,322,0,323,237,0,237,560
10/24/2010,FFZ,AZ,AWP,WE,Towers with Radar,0,0,8,0,8,0,11,260,0,271,0,11,268,0,279,225,0,225,504
10/25/2010,FFZ,AZ,AWP,WE,Towers with Radar,0,0,6,0,6,0,8,237,11,256,0,8,243,11,262,240,0,240,502
10/26/2010,FFZ,AZ,AWP,WE,Towers with Radar,0,0,15,0,15,0,0,308,7,315,0,0,323,7,330,304,0,304,634
10/27/2010,FFZ,AZ,AWP,WE,Towers with Radar,0,1,8,0,9,0,5,309,15,329,0,6,317,15,338,312,0,312,650
10/28/2010,FFZ,AZ,AWP,WE,Towers with Radar,0,0,10,0,10,0,4,269,13,286,0,4,279,13,296,165,0,165,461
10/29/2010,FFZ,AZ,AWP,WE,Towers with Radar,0,0,11,0,11,0,17,271,7,295,0,17,282,7,306,127,0,127,433
10/30/2010,FFZ,AZ,AWP,WE,Towers with Radar,0,2,7,0,9,0,8,245,0,253,0,10,252,0,262,99,0,99,361
10/31/2010,FFZ,AZ,AWP,WE,Towers with Radar,0,0,9,0,9,0,6,218,0,224,0,6,227,0,233,160,0,160,393
11/01/2010,FFZ,AZ,AWP,WE,Towers with Radar,0,0,9,0,9,0,15,230,7,252,0,15,239,7,261,109,0,109,370
11/02/2010,FFZ,AZ,AWP,WE,Towers with Radar,0,1,6,0,7,0,4,249,10,263,0,5,255,10,270,212,0,212,482
11/03/2010,FFZ,AZ,AWP,WE,Towers with Radar,0,0,10,0,10,0,6,286,11,303,0,6,296,11,313,218,0,218,531
11/04/2010,FFZ,AZ,AWP,WE,Towers with Radar,0,0,9,0,9,0,8,288,15,311,0,8,297,15,320,126,1,127,447
11/05/2010,FFZ,AZ,AWP,WE,Towers with Radar,0,2,14,0,16,0,4,255,7,266,0,6,269,7,282,142,0,142,424
11/06/2010,FFZ,AZ,AWP,WE,Towers with Radar,0,0,6,0,6,0,14,297,0,311,0,14,303,0,317,103,0,103,420
11/07/2010,FFZ,AZ,AWP,WE,Towers with Radar,0,0,4,0,4,0,9,238,0,247,0,9,242,0,251,105,0,105,356
11/08/2010,FFZ,AZ,AWP,WE,Towers with Radar,0,0,8,0,8,0,5,216,4,225,0,5,224,4,233,198,0,198,431
11/09/2010,FFZ,AZ,AWP,WE,Towers with Radar,0,0,11,0,11,0,12,319,12,343,0,12,330,12,354,200,0,200,554
11/10/2010,FFZ,AZ,AWP,WE,Towers with Radar,0,0,10,0,10,0,4,252,17,273,0,4,262,17,283,268,4,272,555
11/11/2010,FFZ,AZ,AWP,WE,Towers with Radar,0,2,8,0,10,0,6,267,8,281,0,8,275,8,291,144,0,144,435
11/12/2010,FFZ,AZ,AWP,WE,Towers with Radar,0,2,8,0,10,0,10,321,10,341,0,12,329,10,351,205,0,205,556
11/13/2010,FFZ,AZ,AWP,WE,Towers with Radar,0,0,6,0,6,0,1,312,1,314,0,1,318,1,320,122,0,122,442
11/14/2010,FFZ,AZ,AWP,WE,Towers with Radar,0,2,9,0,11,0,9,307,0,316,0,11,316,0,327,185,0,185,512
11/15/2010,FFZ,AZ,AWP,WE,Towers with Radar,0,2,8,0,10,0,4,266,13,283,0,6,274,13,293,148,0,148,441
11/16/2010,FFZ,AZ,AWP,WE,Towers with Radar,0,3,9,0,12,0,9,269,11,289,0,12,278,11,301,168,0,168,469
11/17/2010,FFZ,AZ,AWP,WE,Towers with Radar,0,0,14,0,14,0,4,288,5,297,0,4,302,5,311,196,0,196,507
11/18/2010,FFZ,AZ,AWP,WE,Towers with Radar,0,1,13,0,14,0,8,307,6,321,0,9,320,6,335,162,0,162,497
11/19/2010,FFZ,AZ,AWP,WE,Towers with Radar,0,2,7,0,9,0,2,262,8,272,0,4,269,8,281,199,0,199,480
11/20/2010,FFZ,AZ,AWP,WE,Towers with Radar,0,0,5,0,5,0,2,224,0,226,0,2,229,0,231,130,0,130,361
11/21/2010,FFZ,AZ,AWP,WE,Towers with Radar,0,2,11,0,13,0,3,92,0,95,0,5,103,0,108,108,0,108,216
11/22/2010,FFZ,AZ,AWP,WE,Towers with Radar,0,2,21,0,23,0,2,276,19,297,0,4,297,19,320,262,0,262,582
11/23/2010,FFZ,AZ,AWP,WE,Towers with Radar,0,0,10,0,10,0,21,299,10,330,0,21,309,10,340,94,0,94,434
11/24/2010,FFZ,AZ,AWP,WE,Towers with Radar,0,0,16,0,16,0,8,290,12,310,0,8,306,12,326,199,0,199,525
11/25/2010,FFZ,AZ,AWP,WE,Towers with Radar,0,0,4,0,4,0,4,83,0,87,0,4,87,0,91,58,0,58,149
11/26/2010,FFZ,AZ,AWP,WE,Towers with Radar,0,0,12,0,12,0,9,327,1,337,0,9,339,1,349,147,0,147,496
11/27/2010,FFZ,AZ,AWP,WE,Towers with Radar,0,0,12,0,12,0,9,345,0,354,0,9,357,0,366,89,0,89,455
11/28/2010,FFZ,AZ,AWP,WE,Towers with Radar,0,0,10,0,10,0,5,161,0,166,0,5,171,0,176,69,0,69,245
11/29/2010,FFZ,AZ,AWP,WE,Towers with Radar,0,0,13,0,13,0,6,227,1,234,0,6,240,1,247,94,0,94,341
11/30/2010,FFZ,AZ,AWP,WE,Towers with Radar,0,2,12,0,14,0,13,284,3,300,0,15,296,3,314,86,0,86,400
12/01/2010,FFZ,AZ,AWP,WE,Towers with Radar,0,1,12,0,13,0,13,282,10,305,0,14,294,10,318,90,0,90,408
12/02/2010,FFZ,AZ,AWP,WE,Towers with Radar,0,0,5,0,5,0,7,239,13,259,0,7,244,13,264,163,0,163,427
12/03/2010,FFZ,AZ,AWP,WE,Towers with Radar,0,8,8,0,16,0,11,292,21,324,0,19,300,21,340,191,0,191,531
12/04/2010,FFZ,AZ,AWP,WE,Towers with Radar,0,0,7,0,7,0,6,292,2,300,0,6,299,2,307,126,0,126,433
12/05/2010,FFZ,AZ,AWP,WE,Towers with Radar,0,0,6,0,6,0,8,244,0,252,0,8,250,0,258,183,0,183,441
12/06/2010,FFZ,AZ,AWP,WE,Towers with Radar,0,0,6,0,6,0,8,271,4,283,0,8,277,4,289,104,0,104,393
12/07/2010,FFZ,AZ,AWP,WE,Towers with Radar,0,1,10,0,11,0,8,295,6,309,0,9,305,6,320,129,0,129,449
12/08/2010,FFZ,AZ,AWP,WE,Towers with Radar,0,0,15,0,15,0,23,290,7,320,0,23,305,7,335,182,0,182,517
12/09/2010,FFZ,AZ,AWP,WE,Towers with Radar,0,0,3,0,3,0,10,282,8,300,0,10,285,8,303,179,0,179,482
12/10/2010,FFZ,AZ,AWP,WE,Towers with Radar,0,2,8,0,10,0,12,297,3,312,0,14,305,3,322,145,0,145,467
12/11/2010,FFZ,AZ,AWP,WE,Towers with Radar,0,0,6,0,6,0,8,350,1,359,0,8,356,1,365,138,0,138,503
12/12/2010,FFZ,AZ,AWP,WE,Towers with Radar,0,0,5,0,5,0,3,336,0,339,0,3,341,0,344,132,0,132,476
12/13/2010,FFZ,AZ,AWP,WE,Towers with Radar,0,0,13,0,13,0,11,293,4,308,0,11,306,4,321,175,0,175,496
12/14/2010,FFZ,AZ,AWP,WE,Towers with Radar,0,1,10,0,11,0,3,323,3,329,0,4,333,3,340,248,0,248,588
12/15/2010,FFZ,AZ,AWP,WE,Towers with Radar,0,1,18,0,19,0,3,262,1,266,0,4,280,1,285,276,0,276,561
12/16/2010,FFZ,AZ,AWP,WE,Towers with Radar,0,2,7,0,9,0,3,170,0,173,0,5,177,0,182,142,0,142,324
12/17/2010,FFZ,AZ,AWP,WE,Towers with Radar,0,1,31,0,32,0,6,172,15,193,0,7,203,15,225,266,0,266,491
12/18/2010,FFZ,AZ,AWP,WE,Towers with Radar,0,2,5,0,7,0,6,300,2,308,0,8,305,2,315,355,0,355,670
12/19/2010,FFZ,AZ,AWP,WE,Towers with Radar,0,1,2,0,3,0,3,293,0,296,0,4,295,0,299,278,0,278,577
12/20/2010,FFZ,AZ,AWP,WE,Towers with Radar,0,0,7,0,7,0,4,316,14,334,0,4,323,14,341,400,0,400,741
12/21/2010,FFZ,AZ,AWP,WE,Towers with Radar,0,1,14,0,15,0,3,284,6,293,0,4,298,6,308,340,0,340,648
12/22/2010,FFZ,AZ,AWP,WE,Towers with Radar,0,0,10,0,10,0,9,188,20,217,0,9,198,20,227,330,0,330,557
12/23/2010,FFZ,AZ,AWP,WE,Towers with Radar,0,2,11,0,13,0,4,254,1,259,0,6,265,1,272,441,0,441,713
12/24/2010,FFZ,AZ,AWP,WE,Towers with Radar,0,2,3,0,5,0,1,158,0,159,0,3,161,0,164,72,0,72,236
12/25/2010,FFZ,AZ,AWP,WE,Towers with Radar,0,0,2,0,2,0,9,50,0,59,0,9,52,0,61,36,0,36,97
12/26/2010,FFZ,AZ,AWP,WE,Towers with Radar,0,5,17,0,22,0,2,276,0,278,0,7,293,0,300,285,0,285,585
12/27/2010,FFZ,AZ,AWP,WE,Towers with Radar,0,2,9,0,11,0,0,284,1,285,0,2,293,1,296,267,0,267,563
12/28/2010,FFZ,AZ,AWP,WE,Towers with Radar,0,1,17,0,18,0,5,374,0,379,0,6,391,0,397,419,0,419,816
12/29/2010,FFZ,AZ,AWP,WE,Towers with Radar,0,0,9,0,9,0,0,146,0,146,0,0,155,0,155,194,0,194,349
12/30/2010,FFZ,AZ,AWP,WE,Towers with Radar,0,1,16,0,17,0,2,88,0,90,0,3,104,0,107,33,0,33,140
12/31/2010,FFZ,AZ,AWP,WE,Towers with Radar,0,6,12,0,18,0,3,199,0,202,0,9,211,0,220,249,0,249,469
01/01/2011,FFZ,AZ,AWP,WE,Towers with Radar,0,0,5,0,5,0,8,121,0,129,0,8,126,0,134,37,0,37,171
01/02/2011,FFZ,AZ,AWP,WE,Towers with Radar,0,1,9,0,10,0,2,241,1,244,0,3,250,1,254,236,0,236,490
01/03/2011,FFZ,AZ,AWP,WE,Towers with Radar,0,1,2,1,4,0,17,224,0,241,0,18,226,1,245,296,0,296,541
01/04/2011,FFZ,AZ,AWP,WE,Towers with Radar,0,1,11,0,12,0,6,235,5,246,0,7,246,5,258,270,0,270,528
01/05/2011,FFZ,AZ,AWP,WE,Towers with Radar,0,0,8,0,8,0,9,325,22,356,0,9,333,22,364,276,0,276,640
01/06/2011,FFZ,AZ,AWP,WE,Towers with Radar,0,0,7,0,7,0,7,320,14,341,0,7,327,14,348,286,0,286,634
01/07/2011,FFZ,AZ,AWP,WE,Towers with Radar,0,2,13,0,15,0,7,279,23,309,0,9,292,23,324,441,0,441,765
01/08/2011,FFZ,AZ,AWP,WE,Towers with Radar,0,0,8,0,8,0,10,335,0,345,0,10,343,0,353,385,0,385,738
01/09/2011,FFZ,AZ,AWP,WE,Towers with Radar,0,1,9,0,10,0,4,261,0,265,0,5,270,0,275,248,0,248,523
01/10/2011,FFZ,AZ,AWP,WE,Towers with Radar,0,0,6,0,6,0,18,316,7,341,0,18,322,7,347,307,0,307,654
01/11/2011,FFZ,AZ,AWP,WE,Towers with Radar,0,1,16,0,17,0,11,309,6,326,0,12,325,6,343,268,0,268,611
01/12/2011,FFZ,AZ,AWP,WE,Towers with Radar,0,0,9,0,9,0,3,322,9,334,0,3,331,9,343,366,0,366,709
01/13/2011,FFZ,AZ,AWP,WE,Towers with Radar,0,0,9,0,9,0,11,313,4,328,0,11,322,4,337,159,0,159,496
01/14/2011,FFZ,AZ,AWP,WE,Towers with Radar,0,2,12,0,14,0,4,357,7,368,0,6,369,7,382,436,0,436,818
01/15/2011,FFZ,AZ,AWP,WE,Towers with Radar,0,0,7,0,7,0,5,304,0,309,0,5,311,0,316,305,0,305,621
01/16/2011,FFZ,AZ,AWP,WE,Towers with Radar,0,2,11,0,13,0,7,298,1,306,0,9,309,1,319,273,2,275,594
01/17/2011,FFZ,AZ,AWP,WE,Towers with Radar,0,1,16,0,17,0,7,357,8,372,0,8,373,8,389,360,0,360,749
01/18/2011,FFZ,AZ,AWP,WE,Towers with Radar,0,1,10,0,11,0,11,288,40,339,0,12,298,40,350,453,0,453,803
01/19/2011,FFZ,AZ,AWP,WE,Towers with Radar,0,0,9,0,9,0,6,312,8,326,0,6,321,8,335,460,0,460,795
01/20/2011,FFZ,AZ,AWP,WE,Towers with Radar,0,0,8,0,8,0,8,200,9,217,0,8,208,9,225,224,6,230,455
01/21/2011,FFZ,AZ,AWP,WE,Towers with Radar,0,3,15,0,18,0,6,324,8,338,0,9,339,8,356,472,0,472,828
01/22/2011,FFZ,AZ,AWP,WE,Towers with Radar,0,1,5,0,6,0,1,405,6,412,0,2,410,6,418,401,0,401,819
01/23/2011,FFZ,AZ,AWP,WE,Towers with Radar,0,4,5,0,9,0,1,218,0,219,0,5,223,0,228,96,0,96,324
01/24/2011,FFZ,AZ,AWP,WE,Towers with Radar,0,0,9,0,9,0,5,286,9,300,0,5,295,9,309,493,0,493,802
01/25/2011,FFZ,AZ,AWP,WE,Towers with Radar,0,6,16,0,22,0,7,319,12,338,0,13,335,12,360,413,0,413,773
01/26/2011,FFZ,AZ,AWP,WE,Towers with Radar,0,1,14,0,15,0,5,314,14,333,0,6,328,14,348,527,0,527,875
01/27/2011,FFZ,AZ,AWP,WE,Towers with Radar,0,0,5,0,5,0,12,312,8,332,0,12,317,8,337,527,0,527,864
01/28/2011,FFZ,AZ,AWP,WE,Towers with Radar,0,2,15,0,17,0,12,419,11,442,0,14,434,11,459,444,0,444,903
01/29/2011,FFZ,AZ,AWP,WE,Towers with Radar,0,0,9,0,9,0,10,398,0,408,0,10,407,0,417,351,0,351,768
01/30/2011,FFZ,AZ,AWP,WE,Towers with Radar,0,0,5,0,5,0,9,275,0,284,0,9,280,0,289,257,0,257,546
01/31/2011,FFZ,AZ,AWP,WE,Towers with Radar,0,0,5,0,5,0,4,190,2,196,0,4,195,2,201,306,0,306,507
02/01/2011,FFZ,AZ,AWP,WE,Towers with Radar,0,2,7,0,9,0,4,191,26,221,0,6,198,26,230,186,0,186,416
02/02/2011,FFZ,AZ,AWP,WE,Towers with Radar,0,1,5,0,6,0,0,76,0,76,0,1,81,0,82,82,0,82,164
02/03/2011,FFZ,AZ,AWP,WE,Towers with Radar,0,1,15,0,16,0,9,274,3,286,0,10,289,3,302,396,0,396,698
02/04/2011,FFZ,AZ,AWP,WE,Towers with Radar,0,4,11,0,15,0,5,275,10,290,0,9,286,10,305,325,0,325,630
02/05/2011,FFZ,AZ,AWP,WE,Towers with Radar,0,0,7,0,7,0,8,392,3,403,0,8,399,3,410,332,0,332,742
02/06/2011,FFZ,AZ,AWP,WE,Towers with Radar,0,3,7,0,10,0,3,253,0,256,0,6,260,0,266,338,0,338,604
02/07/2011,FFZ,AZ,AWP,WE,Towers with Radar,0,0,8,0,8,0,5,306,5,316,0,5,314,5,324,464,0,464,788
02/08/2011,FFZ,AZ,AWP,WE,Towers with Radar,0,2,12,0,14,0,10,250,14,274,0,12,262,14,288,224,0,224,512
02/09/2011,FFZ,AZ,AWP,WE,Towers with Radar,0,2,12,0,14,0,5,309,14,328,0,7,321,14,342,444,0,444,786
02/10/2011,FFZ,AZ,AWP,WE,Towers with Radar,0,0,11,0,11,0,3,374,10,387,0,3,385,10,398,432,0,432,830
02/11/2011,FFZ,AZ,AWP,WE,Towers with Radar,0,6,15,0,21,0,11,359,2,372,0,17,374,2,393,366,0,366,759
02/12/2011,FFZ,AZ,AWP,WE,Towers with Radar,0,0,6,0,6,0,11,409,0,420,0,11,415,0,426,477,0,477,903
02/13/2011,FFZ,AZ,AWP,WE,Towers with Radar,0,1,10,0,11,0,6,370,0,376,0,7,380,0,387,371,0,371,758
02/14/2011,FFZ,AZ,AWP,WE,Towers with Radar,0,0,8,0,8,0,8,325,2,335,0,8,333,2,343,446,0,446,789
02/15/2011,FFZ,AZ,AWP,WE,Towers with Radar,0,7,20,0,27,0,9,392,12,413,0,16,412,12,440,574,38,612,1052
02/16/2011,FFZ,AZ,AWP,WE,Towers with Radar,0,2,14,0,16,0,8,399,4,411,0,10,413,4,427,458,0,458,885
02/17/2011,FFZ,AZ,AWP,WE,Towers with Radar,0,1,17,0,18,0,3,377,17,397,0,4,394,17,415,512,0,512,927
02/18/2011,FFZ,AZ,AWP,WE,Towers with Radar,0,3,8,0,11,0,3,355,3,361,0,6,363,3,372,530,0,530,902
02/19/2011,FFZ,AZ,AWP,WE,Towers with Radar,0,1,6,0,7,0,3,82,0,85,0,4,88,0,92,170,0,170,262
02/20/2011,FFZ,AZ,AWP,WE,Towers with Radar,0,2,5,0,7,0,1,129,0,130,0,3,134,0,137,239,0,239,376
02/21/2011,FFZ,AZ,AWP,WE,Towers with Radar,0,0,9,0,9,0,7,363,0,370,0,7,372,0,379,502,0,502,881
02/22/2011,FFZ,AZ,AWP,WE,Towers with Radar,0,3,16,0,19,0,7,337,21,365,0,10,353,21,384,601,0,601,985
02/23/2011,FFZ,AZ,AWP,WE,Towers with Radar,0,4,12,0,16,0,9,394,0,403,0,13,406,0,419,460,0,460,879
02/24/2011,FFZ,AZ,AWP,WE,Towers with Radar,0,1,15,0,16,0,7,325,8,340,0,8,340,8,356,502,5,507,863
02/25/2011,FFZ,AZ,AWP,WE,Towers with Radar,0,4,13,0,17,0,4,406,15,425,0,8,419,15,442,540,0,540,982
02/26/2011,FFZ,AZ,AWP,WE,Towers with Radar,0,0,5,0,5,0,4,283,0,287,0,4,288,0,292,267,0,267,559
02/27/2011,FFZ,AZ,AWP,WE,Towers with Radar,0,0,7,0,7,0,4,144,0,148,0,4,151,0,155,154,0,154,309
02/28/2011,FFZ,AZ,AWP,WE,Towers with Radar,0,5,13,0,18,0,4,341,4,349,0,9,354,4,367,344,0,344,711
03/01/2011,FFZ,AZ,AWP,WE,Towers with Radar,0,3,24,1,28,0,5,361,11,377,0,8,385,12,405,582,0,582,987
03/02/2011,FFZ,AZ,AWP,WE,Towers with Radar,0,2,14,1,17,0,18,360,2,380,0,20,374,3,397,595,0,595,992
03/03/2011,FFZ,AZ,AWP,WE,Towers with Radar,0,2,10,0,12,0,4,444,5,453,0,6,454,5,465,441,0,441,906
03/04/2011,FFZ,AZ,AWP,WE,Towers with Radar,0,5,15,0,20,0,4,413,22,439,0,9,428,22,459,350,0,350,809
03/05/2011,FFZ,AZ,AWP,WE,Towers with Radar,0,0,4,0,4,0,4,429,0,433,0,4,433,0,437,217,0,217,654
03/06/2011,FFZ,AZ,AWP,WE,Towers with Radar,0,1,7,0,8,0,9,311,0,320,0,10,318,0,328,266,0,266,594
03/07/2011,FFZ,AZ,AWP,WE,Towers with Radar,0,1,12,0,13,0,0,120,2,122,0,1,132,2,135,83,0,83,218
03/08/2011,FFZ,AZ,AWP,WE,Towers with Radar,0,5,15,0,20,0,8,363,22,393,0,13,378,22,413,539,0,539,952
03/09/2011,FFZ,AZ,AWP,WE,Towers with Radar,0,2,9,0,11,0,6,418,19,443,0,8,427,19,454,438,0,438,892
03/10/2011,FFZ,AZ,AWP,WE,Towers with Radar,0,0,18,2,20,0,13,387,6,406,0,13,405,8,426,401,0,401,827
03/11/2011,FFZ,AZ,AWP,WE,Towers with Radar,0,7,5,0,12,0,17,418,16,451,0,24,423,16,463,539,0,539,1002
03/12/2011,FFZ,AZ,AWP,WE,Towers with Radar,0,1,7,0,8,0,5,419,7,431,0,6,426,7,439,456,0,456,895
03/13/2011,FFZ,AZ,AWP,WE,Towers with Radar,0,2,12,0,14,0,1,363,0,364,0,3,375,0,378,356,0,356,734
03/14/2011,FFZ,AZ,AWP,WE,Towers with Radar,0,2,5,0,7,0,7,344,16,367,0,9,349,16,374,542,0,542,916
03/15/2011,FFZ,AZ,AWP,WE,Towers with Radar,0,2,8,0,10,0,4,387,3,394,0,6,395,3,404,466,0,466,870
03/16/2011,FFZ,AZ,AWP,WE,Towers with Radar,0,1,13,0,14,0,12,371,19,402,0,13,384,19,416,488,0,488,904
03/17/2011,FFZ,AZ,AWP,WE,Towers with Radar,0,1,1,0,2,0,5,394,9,408,0,6,395,9,410,418,0,418,828
03/18/2011,FFZ,AZ,AWP,WE,Towers with Radar,0,2,13,0,15,0,5,330,11,346,0,7,343,11,361,416,0,416,777
03/19/2011,FFZ,AZ,AWP,WE,Towers with Radar,0,1,13,0,14,0,6,359,4,369,0,7,372,4,383,445,0,445,828
03/20/2011,FFZ,AZ,AWP,WE,Towers with Radar,0,4,10,0,14,0,3,269,0,272,0,7,279,0,286,432,0,432,718
03/21/2011,FFZ,AZ,AWP,WE,Towers with Radar,0,2,9,0,11,0,2,28,0,30,0,4,37,0,41,16,0,16,57
03/22/2011,FFZ,AZ,AWP,WE,Towers with Radar,0,2,10,0,12,0,3,374,17,394,0,5,384,17,406,522,6,528,934
03/23/2011,FFZ,AZ,AWP,WE,Towers with Radar,0,2,10,0,12,0,7,388,18,413,0,9,398,18,425,555,0,555,980
03/24/2011,FFZ,AZ,AWP,WE,Towers with Radar,0,5,18,0,23,0,7,385,12,404,0,12,403,12,427,599,0,599,1026
03/25/2011,FFZ,AZ,AWP,WE,Towers with Radar,0,3,6,0,9,0,1,351,17,369,0,4,357,17,378,602,0,602,980
03/26/2011,FFZ,AZ,AWP,WE,Towers with Radar,0,0,8,0,8,0,0,392,0,392,0,0,400,0,400,454,0,454,854
03/27/2011,FFZ,AZ,AWP,WE,Towers with Radar,0,0,12,0,12,0,4,361,0,365,0,4,373,0,377,384,0,384,761
03/28/2011,FFZ,AZ,AWP,WE,Towers with Radar,0,0,4,0,4,0,6,336,11,353,0,6,340,11,357,536,0,536,893
03/29/2011,FFZ,AZ,AWP,WE,Towers with Radar,0,1,10,0,11,0,4,366,17,387,0,5,376,17,398,490,0,490,888
03/30/2011,FFZ,AZ,AWP,WE,Towers with Radar,0,2,11,0,13,0,13,327,11,351,0,15,338,11,364,659,0,659,1023
03/31/2011,FFZ,AZ,AWP,WE,Towers with Radar,0,3,12,0,15,0,4,355,17,376,0,7,367,17,391,490,0,490,881
04/01/2011,FFZ,AZ,AWP,WE,Towers with Radar,0,3,10,0,13,0,27,340,14,381,0,30,350,14,394,436,0,436,830
04/02/2011,FFZ,AZ,AWP,WE,Towers with Radar,0,0,4,0,4,0,9,379,0,388,0,9,383,0,392,230,0,230,622
04/03/2011,FFZ,AZ,AWP,WE,Towers with Radar,0,0,10,0,10,0,3,228,0,231,0,3,238,0,241,185,0,185,426
04/04/2011,FFZ,AZ,AWP,WE,Towers with Radar,0,0,9,0,9,0,7,225,11,243,0,7,234,11,252,234,0,234,486
04/05/2011,FFZ,AZ,AWP,WE,Towers with Radar,0,3,4,0,7,0,7,294,9,310,0,10,298,9,317,292,0,292,609
04/06/2011,FFZ,AZ,AWP,WE,Towers with Radar,0,2,7,0,9,0,7,246,2,255,0,9,253,2,264,524,0,524,788
04/07/2011,FFZ,AZ,AWP,WE,Towers with Radar,0,0,5,0,5,0,2,296,2,300,0,2,301,2,305,353,0,353,658
04/08/2011,FFZ,AZ,AWP,WE,Towers with Radar,0,2,11,0,13,0,20,235,11,266,0,22,246,11,279,273,0,273,552
04/09/2011,FFZ,AZ,AWP,WE,Towers with Radar,0,0,4,0,4,0,1,21,0,22,0,1,25,0,26,127,0,127,153
04/10/2011,FFZ,AZ,AWP,WE,Towers with Radar,0,0,9,0,9,0,5,405,0,410,0,5,414,0,419,411,0,411,830
04/11/2011,FFZ,AZ,AWP,WE,Towers with Radar,0,1,3,0,4,0,5,368,10,383,0,6,371,10,387,486,0,486,873
04/12/2011,FFZ,AZ,AWP,WE,Towers with Radar,0,2,7,0,9,0,5,318,10,333,0,7,325,10,342,585,0,585,927
04/13/2011,FFZ,AZ,AWP,WE,Towers with Radar,0,0,4,0,4,0,6,273,14,293,0,6,277,14,297,509,0,509,806
04/14/2011,FFZ,AZ,AWP,WE,Towers with Radar,0,0,12,0,12,0,11,298,7,316,0,11,310,7,328,452,2,454,782
04/15/2011,FFZ,AZ,AWP,WE,Towers with Radar,0,2,10,0,12,0,1,422,4,427,0,3,432,4,439,518,0,518,957
04/16/2011,FFZ,AZ,AWP,WE,Towers with Radar,0,0,5,0,5,0,0,457,0,457,0,0,462,0,462,369,0,369,831
04/17/2011,FFZ,AZ,AWP,WE,Towers with Radar,0,2,4,0,6,0,5,315,0,320,0,7,319,0,326,299,0,299,625
04/18/2011,FFZ,AZ,AWP,WE,Towers with Radar,0,2,4,0,6,0,1,246,4,251,0,3,250,4,257,318,0,318,575
04/19/2011,FFZ,AZ,AWP,WE,Towers with Radar,0,1,11,0,12,0,7,274,10,291,0,8,285,10,303,462,6,468,771
04/20/2011,FFZ,AZ,AWP,WE,Towers with Radar,0,1,10,0,11,0,4,354,11,369,0,5,364,11,380,500,0,500,880
04/21/2011,FFZ,AZ,AWP,WE,Towers with Radar,0,5,6,0,11,0,7,373,23,403,0,12,379,23,414,466,0,466,880
04/22/2011,FFZ,AZ,AWP,WE,Towers with Radar,0,3,10,0,13,0,5,322,9,336,0,8,332,9,349,470,0,470,819
04/23/2011,FFZ,AZ,AWP,WE,Towers with Radar,0,3,5,0,8,0,11,328,0,339,0,14,333,0,347,271,0,271,618
04/24/2011,FFZ,AZ,AWP,WE,Towers with Radar,0,0,9,0,9,0,1,144,0,145,0,1,153,0,154,127,0,127,281
04/25/2011,FFZ,AZ,AWP,WE,Towers with Radar,0,0,11,0,11,0,5,282,6,293,0,5,293,6,304,295,0,295,599
04/26/2011,FFZ,AZ,AWP,WE,Towers with Radar,0,4,4,0,8,0,7,172,2,181,0,11,176,2,189,180,0,180,369
04/27/2011,FFZ,AZ,AWP,WE,Towers with Radar,0,0,2,0,2,0,8,304,29,341,0,8,306,29,343,365,2,367,710
04/28/2011,FFZ,AZ,AWP,WE,Towers with Radar,0,3,2,0,5,0,8,308,15,331,0,11,310,15,336,328,0,328,664
04/29/2011,FFZ,AZ,AWP,WE,Towers with Radar,0,5,7,0,12,0,4,241,7,252,0,9,248,7,264,238,0,238,502
04/30/2011,FFZ,AZ,AWP,WE,Towers with Radar,0,0,7,0,7,0,4,201,0,205,0,4,208,0,212,230,0,230,442
05/01/2011,FFZ,AZ,AWP,WE,Towers with Radar,0,2,15,0,17,0,9,241,0,250,0,11,256,0,267,301,0,301,568
05/02/2011,FFZ,AZ,AWP,WE,Towers with Radar,0,2,5,0,7,0,2,283,4,289,0,4,288,4,296,356,0,356,652
05/03/2011,FFZ,AZ,AWP,WE,Towers with Radar,0,1,4,0,5,0,8,280,2,290,0,9,284,2,295,413,0,413,708
05/04/2011,FFZ,AZ,AWP,WE,Towers with Radar,0,3,9,0,12,0,0,319,9,328,0,3,328,9,340,254,0,254,594
05/05/2011,FFZ,AZ,AWP,WE,Towers with Radar,0,1,7,2,10,0,5,303,21,329,0,6,310,23,339,372,0,372,711
05/06/2011,FFZ,AZ,AWP,WE,Towers with Radar,0,2,13,0,15,0,8,311,10,329,0,10,324,10,344,400,0,400,744
05/07/2011,FFZ,AZ,AWP,WE,Towers with Radar,0,2,5,0,7,0,7,341,2,350,0,9,346,2,357,389,0,389,746
05/08/2011,FFZ,AZ,AWP,WE,Towers with Radar,0,1,3,0,4,0,0,183,1,184,0,1,186,1,188,175,0,175,363
05/09/2011,FFZ,AZ,AWP,WE,Towers with Radar,0,2,6,2,10,0,3,192,5,200,0,5,198,7,210,297,0,297,507
05/10/2011,FFZ,AZ,AWP,WE,Towers with Radar,0,4,6,0,10,0,3,289,8,300,0,7,295,8,310,310,0,310,620
05/11/2011,FFZ,AZ,AWP,WE,Towers with Radar,0,1,7,0,8,0,3,250,24,277,0,4,257,24,285,377,0,377,662
05/12/2011,FFZ,AZ,AWP,WE,Towers with Radar,0,0,4,0,4,0,11,306,9,326,0,11,310,9,330,444,0,444,774
05/13/2011,FFZ,AZ,AWP,WE,Towers with Radar,0,4,8,0,12,0,11,306,12,329,0,15,314,12,341,408,0,408,749
05/14/2011,FFZ,AZ,AWP,WE,Towers with Radar,0,0,1,0,1,0,6,336,7,349,0,6,337,7,350,254,0,254,604
05/15/2011,FFZ,AZ,AWP,WE,Towers with Radar,0,0,8,0,8,0,11,225,0,236,0,11,233,0,244,161,0,161,405
05/16/2011,FFZ,AZ,AWP,WE,Towers with Radar,0,2,8,0,10,0,10,212,11,233,0,12,220,11,243,281,0,281,524
05/17/2011,FFZ,AZ,AWP,WE,Towers with Radar,0,2,8,0,10,0,9,241,6,256,0,11,249,6,266,290,0,290,556
05/18/2011,FFZ,AZ,AWP,WE,Towers with Radar,0,4,4,0,8,0,2,135,10,147,0,6,139,10,155,250,0,250,405
05/19/2011,FFZ,AZ,AWP,WE,Towers with Radar,0,0,9,0,9,0,4,266,8,278,0,4,275,8,287,512,0,512,799
05/20/2011,FFZ,AZ,AWP,WE,Towers with Radar,0,2,11,0,13,0,7,308,12,327,0,9,319,12,340,413,0,413,753
05/21/2011,FFZ,AZ,AWP,WE,Towers with Radar,0,0,8,0,8,0,8,333,9,350,0,8,341,9,358,324,0,324,682
05/22/2011,FFZ,AZ,AWP,WE,Towers with Radar,0,0,3,0,3,0,0,254,0,254,0,0,257,0,257,157,0,157,414
05/23/2011,FFZ,AZ,AWP,WE,Towers with Radar,0,0,7,2,9,0,8,196,9,213,0,8,203,11,222,262,2,264,486
05/24/2011,FFZ,AZ,AWP,WE,Towers with Radar,0,2,8,0,10,0,13,249,10,272,0,15,257,10,282,332,0,332,614
05/25/2011,FFZ,AZ,AWP,WE,Towers with Radar,0,1,15,0,16,0,4,233,11,248,0,5,248,11,264,446,1,447,711
05/26/2011,FFZ,AZ,AWP,WE,Towers with Radar,0,0,8,0,8,0,3,268,13,284,0,3,276,13,292,290,0,290,582
05/27/2011,FFZ,AZ,AWP,WE,Towers with Radar,0,2,16,0,18,0,17,299,7,323,0,19,315,7,341,338,0,338,679
05/28/2011,FFZ,AZ,AWP,WE,Towers with Radar,0,0,4,0,4,0,10,211,0,221,0,10,215,0,225,119,0,119,344
05/29/2011,FFZ,AZ,AWP,WE,Towers with Radar,0,1,3,0,4,0,16,123,0,139,0,17,126,0,143,177,0,177,320
05/30/2011,FFZ,AZ,AWP,WE,Towers with Radar,0,1,7,0,8,0,10,191,0,201,0,11,198,0,209,193,0,193,402
05/31/2011,FFZ,AZ,AWP,WE,Towers with Radar,0,0,13,0,13,0,6,218,5,229,0,6,231,5,242,176,2,178,420
06/01/2011,FFZ,AZ,AWP,WE,Towers with Radar,0,1,13,0,14,0,0,223,14,237,0,1,236,14,251,224,0,224,475
06/02/2011,FFZ,AZ,AWP,WE,Towers with Radar,0,0,13,0,13,0,18,259,15,292,0,18,272,15,305,163,0,163,468
06/03/2011,FFZ,AZ,AWP,WE,Towers with Radar,0,1,5,0,6,0,6,250,4,260,0,7,255,4,266,288,0,288,554
06/04/2011,FFZ,AZ,AWP,WE,Towers with Radar,0,0,3,0,3,0,3,212,0,215,0,3,215,0,218,201,0,201,419
06/05/2011,FFZ,AZ,AWP,WE,Towers with Radar,0,0,6,0,6,0,5,184,0,189,0,5,190,0,195,182,0,182,377
06/06/2011,FFZ,AZ,AWP,WE,Towers with Radar,0,0,9,0,9,0,3,182,9,194,0,3,191,9,203,223,1,224,427
06/07/2011,FFZ,AZ,AWP,WE,Towers with Radar,0,1,9,0,10,0,8,205,7,220,0,9,214,7,230,267,0,267,497
06/08/2011,FFZ,AZ,AWP,WE,Towers with Radar,0,1,8,0,9,0,8,222,2,232,0,9,230,2,241,304,0,304,545
06/09/2011,FFZ,AZ,AWP,WE,Towers with Radar,0,2,2,0,4,0,3,252,9,264,0,5,254,9,268,318,0,318,586
06/10/2011,FFZ,AZ,AWP,WE,Towers with Radar,0,2,7,0,9,0,13,270,23,306,0,15,277,23,315,339,0,339,654
06/11/2011,FFZ,AZ,AWP,WE,Towers with Radar,0,1,4,0,5,0,6,274,0,280,0,7,278,0,285,302,0,302,587
06/12/2011,FFZ,AZ,AWP,WE,Towers with Radar,0,4,9,0,13,0,12,177,0,189,0,16,186,0,202,223,0,223,425
06/13/2011,FFZ,AZ,AWP,WE,Towers with Radar,0,0,7,0,7,0,13,299,4,316,0,13,306,4,323,382,0,382,705
06/14/2011,FFZ,AZ,AWP,WE,Towers with Radar,0,1,12,0,13,0,12,282,3,297,0,13,294,3,310,374,0,374,684
06/15/2011,FFZ,AZ,AWP,WE,Towers with Radar,0,0,7,0,7,0,5,264,4,273,0,5,271,4,280,328,0,328,608
06/16/2011,FFZ,AZ,AWP,WE,Towers with Radar,0,1,12,0,13,0,17,195,12,224,0,18,207,12,237,251,0,251,488
06/17/2011,FFZ,AZ,AWP,WE,Towers with Radar,0,4,12,0,16,0,2,235,9,246,0,6,247,9,262,237,2,239,501
06/18/2011,FFZ,AZ,AWP,WE,Towers with Radar,0,1,12,0,13,0,15,235,0,250,0,16,247,0,263,260,0,260,523
06/19/2011,FFZ,AZ,AWP,WE,Towers with Radar,0,4,6,0,10,0,13,175,0,188,0,17,181,0,198,204,0,204,402
06/20/2011,FFZ,AZ,AWP,WE,Towers with Radar,0,0,5,0,5,0,5,211,6,222,0,5,216,6,227,332,0,332,559
06/21/2011,FFZ,AZ,AWP,WE,Towers with Radar,0,1,3,0,4,0,8,217,7,232,0,9,220,7,236,459,2,461,697
06/22/2011,FFZ,AZ,AWP,WE,Towers with Radar,0,1,9,0,10,0,11,236,2,249,0,12,245,2,259,330,0,330,589
06/23/2011,FFZ,AZ,AWP,WE,Towers with Radar,0,0,6,0,6,0,16,260,13,289,0,16,266,13,295,372,6,378,673
06/24/2011,FFZ,AZ,AWP,WE,Towers with Radar,0,2,8,0,10,0,9,282,12,303,0,11,290,12,313,335,2,337,650
06/25/2011,FFZ,AZ,AWP,WE,Towers with Radar,0,0,8,0,8,0,6,344,0,350,0,6,352,0,358,305,0,305,663
06/26/2011,FFZ,AZ,AWP,WE,Towers with Radar,0,0,3,0,3,0,8,203,0,211,0,8,206,0,214,206,0,206,420
06/27/2011,FFZ,AZ,AWP,WE,Towers with Radar,0,2,8,0,10,0,2,245,6,253,0,4,253,6,263,265,0,265,528
06/28/2011,FFZ,AZ,AWP,WE,Towers with Radar,0,2,9,0,11,0,1,296,9,306,0,3,305,9,317,294,0,294,611
06/29/2011,FFZ,AZ,AWP,WE,Towers with Radar,0,0,7,0,7,0,4,253,11,268,0,4,260,11,275,354,0,354,629
06/30/2011,FFZ,AZ,AWP,WE,Towers with Radar,0,0,8,0,8,0,2,215,15,232,0,2,223,15,240,258,0,258,498
07/01/2011,FFZ,AZ,AWP,WE,Towers with Radar,0,2,3,0,5,0,2,248,2,252,0,4,251,2,257,233,0,233,490
07/02/2011,FFZ,AZ,AWP,WE,Towers with Radar,0,10,0,0,10,0,16,181,1,198,0,26,181,1,208,216,0,216,424
07/03/2011,FFZ,AZ,AWP,WE,Towers with Radar,0,0,1,0,1,0,17,151,0,168,0,17,152,0,169,213,0,213,382
07/04/2011,FFZ,AZ,AWP,WE,Towers with Radar,0,0,3,0,3,0,8,83,0,91,0,8,86,0,94,64,0,64,158
07/05/2011,FFZ,AZ,AWP,WE,Towers with Radar,0,1,4,0,5,0,12,258,1,271,0,13,262,1,276,303,0,303,579
07/06/2011,FFZ,AZ,AWP,WE,Towers with Radar,0,0,9,0,9,0,2,212,3,217,0,2,221,3,226,364,0,364,590
07/07/2011,FFZ,AZ,AWP,WE,Towers with Radar,0,0,8,0,8,0,7,227,8,242,0,7,235,8,250,359,0,359,609
07/08/2011,FFZ,AZ,AWP,WE,Towers with Radar,0,2,6,0,8,0,9,227,16,252,0,11,233,16,260,357,0,357,617
07/09/2011,FFZ,AZ,AWP,WE,Towers with Radar,0,0,3,0,3,0,11,239,0,250,0,11,242,0,253,215,0,215,468
07/10/2011,FFZ,AZ,AWP,WE,Towers with Radar,0,2,5,0,7,0,10,204,0,214,0,12,209,0,221,310,0,310,531
07/11/2011,FFZ,AZ,AWP,WE,Towers with Radar,0,0,5,0,5,0,2,216,3,221,0,2,221,3,226,210,0,210,436
07/12/2011,FFZ,AZ,AWP,WE,Towers with Radar,0,1,7,0,8,0,10,289,5,304,0,11,296,5,312,252,0,252,564
07/13/2011,FFZ,AZ,AWP,WE,Towers with Radar,0,0,5,0,5,0,3,237,13,253,0,3,242,13,258,318,0,318,576
07/14/2011,FFZ,AZ,AWP,WE,Towers with Radar,0,1,4,0,5,0,7,306,5,318,0,8,310,5,323,417,0,417,740
07/15/2011,FFZ,AZ,AWP,WE,Towers with Radar,0,2,5,0,7,0,3,266,8,277,0,5,271,8,284,438,0,438,722
07/16/2011,FFZ,AZ,AWP,WE,Towers with Radar,0,2,11,0,13,0,17,280,0,297,0,19,291,0,310,274,0,274,584
07/17/2011,FFZ,AZ,AWP,WE,Towers with Radar,0,0,9,0,9,0,5,175,0,180,0,5,184,0,189,310,0,310,499
07/18/2011,FFZ,AZ,AWP,WE,Towers with Radar,0,2,0,0,2,0,1,198,5,204,0,3,198,5,206,371,0,371,577
07/19/2011,FFZ,AZ,AWP,WE,Towers with Radar,0,1,8,0,9,0,8,265,9,282,0,9,273,9,291,373,0,373,664
07/20/2011,FFZ,AZ,AWP,WE,Towers with Radar,0,0,9,0,9,0,3,244,8,255,0,3,253,8,264,380,0,380,644
07/21/2011,FFZ,AZ,AWP,WE,Towers with Radar,0,0,9,0,9,0,11,211,5,227,0,11,220,5,236,296,0,296,532
07/22/2011,FFZ,AZ,AWP,WE,Towers with Radar,0,2,10,0,12,0,16,217,5,238,0,18,227,5,250,364,0,364,614
07/23/2011,FFZ,AZ,AWP,WE,Towers with Radar,0,0,6,0,6,0,1,263,9,273,0,1,269,9,279,390,0,390,669
07/24/2011,FFZ,AZ,AWP,WE,Towers with Radar,0,0,10,0,10,0,3,177,2,182,0,3,187,2,192,264,0,264,456
07/25/2011,FFZ,AZ,AWP,WE,Towers with Radar,0,3,9,0,12,0,7,211,9,227,0,10,220,9,239,304,0,304,543
07/26/2011,FFZ,AZ,AWP,WE,Towers with Radar,0,0,10,0,10,0,6,201,0,207,0,6,211,0,217,500,0,500,717
07/27/2011,FFZ,AZ,AWP,WE,Towers with Radar,0,0,8,0,8,0,14,244,7,265,0,14,252,7,273,348,0,348,621
07/28/2011,FFZ,AZ,AWP,WE,Towers with Radar,0,0,5,0,5,0,5,228,4,237,0,5,233,4,242,273,3,276,518
07/29/2011,FFZ,AZ,AWP,WE,Towers with Radar,0,0,12,0,12,0,9,203,11,223,0,9,215,11,235,353,0,353,588
07/30/2011,FFZ,AZ,AWP,WE,Towers with Radar,0,0,4,0,4,0,5,230,3,238,0,5,234,3,242,282,0,282,524
07/31/2011,FFZ,AZ,AWP,WE,Towers with Radar,0,0,6,0,6,0,4,206,1,211,0,4,212,1,217,150,0,150,367
08/01/2011,FFZ,AZ,AWP,WE,Towers with Radar,0,0,6,0,6,0,5,207,6,218,0,5,213,6,224,271,0,271,495
08/02/2011,FFZ,AZ,AWP,WE,Towers with Radar,0,1,8,3,12,0,1,218,13,232,0,2,226,16,244,229,0,229,473
08/03/2011,FFZ,AZ,AWP,WE,Towers with Radar,0,0,2,1,3,0,1,217,4,222,0,1,219,5,225,275,0,275,500
08/04/2011,FFZ,AZ,AWP,WE,Towers with Radar,0,3,6,0,9,0,4,215,2,221,0,7,221,2,230,219,0,219,449
08/05/2011,FFZ,AZ,AWP,WE,Towers with Radar,0,0,6,0,6,0,2,260,2,264,0,2,266,2,270,279,0,279,549
08/06/2011,FFZ,AZ,AWP,WE,Towers with Radar,0,0,3,0,3,0,8,231,0,239,0,8,234,0,242,225,0,225,467
08/07/2011,FFZ,AZ,AWP,WE,Towers with Radar,0,0,3,0,3,0,3,174,0,177,0,3,177,0,180,162,0,162,342
08/08/2011,FFZ,AZ,AWP,WE,Towers with Radar,0,0,1,0,1,0,6,202,2,210,0,6,203,2,211,159,0,159,370
08/09/2011,FFZ,AZ,AWP,WE,Towers with Radar,0,1,10,0,11,0,3,209,6,218,0,4,219,6,229,310,4,314,543
08/10/2011,FFZ,AZ,AWP,WE,Towers with Radar,0,2,3,0,5,0,2,268,7,277,0,4,271,7,282,273,0,273,555
08/11/2011,FFZ,AZ,AWP,WE,Towers with Radar,0,1,9,0,10,0,3,254,8,265,0,4,263,8,275,287,0,287,562
08/12/2011,FFZ,AZ,AWP,WE,Towers with Radar,0,3,8,0,11,0,6,262,10,278,0,9,270,10,289,354,0,354,643
08/13/2011,FFZ,AZ,AWP,WE,Towers with Radar,0,0,1,0,1,0,7,265,2,274,0,7,266,2,275,357,0,357,632
08/14/2011,FFZ,AZ,AWP,WE,Towers with Radar,0,0,6,0,6,0,7,228,3,238,0,7,234,3,244,174,0,174,418
08/15/2011,FFZ,AZ,AWP,WE,Towers with Radar,0,0,6,2,8,0,13,188,3,204,0,13,194,5,212,257,0,257,469
08/16/2011,FFZ,AZ,AWP,WE,Towers with Radar,0,1,8,0,9,0,9,199,6,214,0,10,207,6,223,236,0,236,459
08/17/2011,FFZ,AZ,AWP,WE,Towers with Radar,0,0,7,0,7,0,5,234,4,243,0,5,241,4,250,407,1,408,658
08/18/2011,FFZ,AZ,AWP,WE,Towers with Radar,0,0,12,0,12,0,2,200,4,206,0,2,212,4,218,200,0,200,418
08/19/2011,FFZ,AZ,AWP,WE,Towers with Radar,0,3,6,0,9,0,0,247,12,259,0,3,253,12,268,256,0,256,524
08/20/2011,FFZ,AZ,AWP,WE,Towers with Radar,0,3,1,0,4,0,3,282,2,287,0,6,283,2,291,288,0,288,579
08/21/2011,FFZ,AZ,AWP,WE,Towers with Radar,0,2,5,0,7,0,4,236,1,241,0,6,241,1,248,301,0,301,549
08/22/2011,FFZ,AZ,AWP,WE,Towers with Radar,0,0,5,0,5,0,7,198,8,213,0,7,203,8,218,326,4,330,548
08/23/2011,FFZ,AZ,AWP,WE,Towers with Radar,0,0,12,0,12,0,2,189,5,196,0,2,201,5,208,379,8,387,595
08/24/2011,FFZ,AZ,AWP,WE,Towers with Radar,0,0,7,0,7,0,0,215,4,219,0,0,222,4,226,400,2,402,628
08/25/2011,FFZ,AZ,AWP,WE,Towers with Radar,0,2,5,0,7,0,5,246,6,257,0,7,251,6,264,299,0,299,563
08/26/2011,FFZ,AZ,AWP,WE,Towers with Radar,0,0,10,0,10,0,5,236,7,248,0,5,246,7,258,204,0,204,462
08/27/2011,FFZ,AZ,AWP,WE,Towers with Radar,0,1,4,0,5,0,6,252,0,258,0,7,256,0,263,326,0,326,589
08/28/2011,FFZ,AZ,AWP,WE,Towers with Radar,0,0,2,0,2,0,10,192,0,202,0,10,194,0,204,260,0,260,464
08/29/2011,FFZ,AZ,AWP,WE,Towers with Radar,0,0,5,0,5,0,2,177,5,184,0,2,182,5,189,347,0,347,536
08/30/2011,FFZ,AZ,AWP,WE,Towers with Radar,0,4,3,0,7,0,2,264,2,268,0,6,267,2,275,298,1,299,574
08/31/2011,FFZ,AZ,AWP,WE,Towers with Radar,0,2,6,0,8,0,3,245,5,253,0,5,251,5,261,323,27,350,611
09/01/2011,FFZ,AZ,AWP,WE,Towers with Radar,0,0,7,0,7,0,2,278,1,281,0,2,285,1,288,220,0,220,508
09/02/2011,FFZ,AZ,AWP,WE,Towers with Radar,0,2,6,0,8,0,10,222,3,235,0,12,228,3,243,307,0,307,550
09/03/2011,FFZ,AZ,AWP,WE,Towers with Radar,0,1,6,0,7,0,9,258,0,267,0,10,264,0,274,236,0,236,510
09/04/2011,FFZ,AZ,AWP,WE,Towers with Radar,0,0,6,0,6,0,10,197,0,207,0,10,203,0,213,284,0,284,497
09/05/2011,FFZ,AZ,AWP,WE,Towers with Radar,0,1,3,0,4,0,7,119,0,126,0,8,122,0,130,86,0,86,216
09/06/2011,FFZ,AZ,AWP,WE,Towers with Radar,0,0,8,0,8,0,10,224,8,242,0,10,232,8,250,274,2,276,526
09/07/2011,FFZ,AZ,AWP,WE,Towers with Radar,0,2,5,0,7,0,6,246,12,264,0,8,251,12,271,206,0,206,477
09/08/2011,FFZ,AZ,AWP,WE,Towers with Radar,0,1,8,0,9,0,2,235,5,242,0,3,243,5,251,254,0,254,505
09/09/2011,FFZ,AZ,AWP,WE,Towers with Radar,0,2,2,0,4,0,5,215,10,230,0,7,217,10,234,279,0,279,513
09/10/2011,FFZ,AZ,AWP,WE,Towers with Radar,1,0,4,0,5,0,4,247,2,253,1,4,251,2,258,219,0,219,477
09/11/2011,FFZ,AZ,AWP,WE,Towers with Radar,0,0,3,0,3,0,3,209,3,215,0,3,212,3,218,184,0,184,402
09/12/2011,FFZ,AZ,AWP,WE,Towers with Radar,0,1,4,2,7,0,6,207,11,224,0,7,211,13,231,169,0,169,400
09/13/2011,FFZ,AZ,AWP,WE,Towers with Radar,0,1,5,0,6,0,11,267,18,296,0,12,272,18,302,220,0,220,522
09/14/2011,FFZ,AZ,AWP,WE,Towers with Radar,0,0,6,0,6,0,4,254,13,271,0,4,260,13,277,105,13,118,395
09/15/2011,FFZ,AZ,AWP,WE,Towers with Radar,0,0,10,0,10,0,10,321,7,338,0,10,331,7,348,191,2,193,541
09/16/2011,FFZ,AZ,AWP,WE,Towers with Radar,0,2,6,0,8,1,7,263,3,274,1,9,269,3,282,332,0,332,614
09/17/2011,FFZ,AZ,AWP,WE,Towers with Radar,0,0,5,0,5,0,5,275,0,280,0,5,280,0,285,201,0,201,486
09/18/2011,FFZ,AZ,AWP,WE,Towers with Radar,0,0,6,0,6,0,5,239,2,246,0,5,245,2,252,210,0,210,462
09/19/2011,FFZ,AZ,AWP,WE,Towers with Radar,0,0,2,1,3,0,1,188,2,191,0,1,190,3,194,326,0,326,520
09/20/2011,FFZ,AZ,AWP,WE,Towers with Radar,0,0,7,1,8,0,2,258,19,279,0,2,265,20,287,241,1,242,529
09/21/2011,FFZ,AZ,AWP,WE,Towers with Radar,0,0,8,0,8,0,4,274,53,331,0,4,282,53,339,196,4,200,539
09/22/2011,FFZ,AZ,AWP,WE,Towers with Radar,0,0,7,0,7,0,5,257,12,274,0,5,264,12,281,267,0,267,548
09/23/2011,FFZ,AZ,AWP,WE,Towers with Radar,0,0,3,0,3,0,11,283,14,308,0,11,286,14,311,309,0,309,620
09/24/2011,FFZ,AZ,AWP,WE,Towers with Radar,0,0,3,0,3,0,3,280,0,283,0,3,283,0,286,401,0,401,687
09/25/2011,FFZ,AZ,AWP,WE,Towers with Radar,0,0,6,0,6,0,12,227,2,241,0,12,233,2,247,193,0,193,440
09/26/2011,FFZ,AZ,AWP,WE,Towers with Radar,0,0,2,0,2,1,10,236,8,255,1,10,238,8,257,246,0,246,503
09/27/2011,FFZ,AZ,AWP,WE,Towers with Radar,0,2,3,0,5,0,3,289,15,307,0,5,292,15,312,292,0,292,604
09/28/2011,FFZ,AZ,AWP,WE,Towers with Radar,0,1,11,0,12,0,0,310,13,323,0,1,321,13,335,296,7,303,638
09/29/2011,FFZ,AZ,AWP,WE,Towers with Radar,0,1,6,0,7,0,31,288,16,335,0,32,294,16,342,261,0,261,603
09/30/2011,FFZ,AZ,AWP,WE,Towers with Radar,0,3,9,0,12,0,8,189,4,201,0,11,198,4,213,87,2,89,302
10/01/2011,FFZ,AZ,AWP,WE,Towers with Radar,0,3,5,0,8,0,4,267,0,271,0,7,272,0,279,260,0,260,539
10/02/2011,FFZ,AZ,AWP,WE,Towers with Radar,0,0,0,0,0,0,5,194,0,199,0,5,194,0,199,183,0,183,382
10/03/2011,FFZ,AZ,AWP,WE,Towers with Radar,0,1,6,0,7,0,9,194,9,212,0,10,200,9,219,147,0,147,366
10/04/2011,FFZ,AZ,AWP,WE,Towers with Radar,0,0,7,0,7,0,6,137,27,170,0,6,144,27,177,199,10,209,386
10/05/2011,FFZ,AZ,AWP,WE,Towers with Radar,0,2,11,0,13,0,1,260,11,272,0,3,271,11,285,325,0,325,610
10/06/2011,FFZ,AZ,AWP,WE,Towers with Radar,0,0,12,0,12,0,1,202,9,212,0,1,214,9,224,283,0,283,507
10/07/2011,FFZ,AZ,AWP,WE,Towers with Radar,0,1,9,0,10,0,2,249,16,267,0,3,258,16,277,427,27,454,731
10/08/2011,FFZ,AZ,AWP,WE,Towers with Radar,0,0,6,0,6,0,6,269,1,276,0,6,275,1,282,335,0,335,617
10/09/2011,FFZ,AZ,AWP,WE,Towers with Radar,0,1,6,0,7,0,6,256,1,263,0,7,262,1,270,310,0,310,580
10/10/2011,FFZ,AZ,AWP,WE,Towers with Radar,0,2,7,0,9,0,17,198,12,227,0,19,205,12,236,272,2,274,510
10/11/2011,FFZ,AZ,AWP,WE,Towers with Radar,0,2,1,1,4,0,2,230,8,240,0,4,231,9,244,262,5,267,511
10/12/2011,FFZ,AZ,AWP,WE,Towers with Radar,0,3,9,0,12,0,5,299,7,311,0,8,308,7,323,304,2,306,629
10/13/2011,FFZ,AZ,AWP,WE,Towers with Radar,0,1,5,0,6,0,6,260,14,280,0,7,265,14,286,275,4,279,565
10/14/2011,FFZ,AZ,AWP,WE,Towers with Radar,0,0,9,1,10,0,8,280,12,300,0,8,289,13,310,181,2,183,493
10/15/2011,FFZ,AZ,AWP,WE,Towers with Radar,0,1,5,0,6,0,4,322,0,326,0,5,327,0,332,166,0,166,498
10/16/2011,FFZ,AZ,AWP,WE,Towers with Radar,0,0,11,1,12,0,2,210,0,212,0,2,221,1,224,196,0,196,420
10/17/2011,FFZ,AZ,AWP,WE,Towers with Radar,0,1,10,1,12,0,1,261,25,287,0,2,271,26,299,188,0,188,487
10/18/2011,FFZ,AZ,AWP,WE,Towers with Radar,0,0,3,0,3,0,3,263,10,276,0,3,266,10,279,215,0,215,494
10/19/2011,FFZ,AZ,AWP,WE,Towers with Radar,0,1,11,0,12,0,5,218,15,238,0,6,229,15,250,257,0,257,507
10/20/2011,FFZ,AZ,AWP,WE,Towers with Radar,0,0,5,0,5,0,9,332,15,356,0,9,337,15,361,230,0,230,591
10/21/2011,FFZ,AZ,AWP,WE,Towers with Radar,0,0,4,0,4,0,5,310,9,324,0,5,314,9,328,247,0,247,575
10/22/2011,FFZ,AZ,AWP,WE,Towers with Radar,0,1,2,0,3,0,6,265,3,274,0,7,267,3,277,238,4,242,519
10/23/2011,FFZ,AZ,AWP,WE,Towers with Radar,0,0,9,0,9,0,8,231,0,239,0,8,240,0,248,322,0,322,570
10/24/2011,FFZ,AZ,AWP,WE,Towers with Radar,0,1,4,0,5,0,4,197,7,208,0,5,201,7,213,190,0,190,403
10/25/2011,FFZ,AZ,AWP,WE,Towers with Radar,0,3,6,0,9,0,13,240,17,270,0,16,246,17,279,230,0,230,509
10/26/2011,FFZ,AZ,AWP,WE,Towers with Radar,0,1,9,0,10,0,2,203,11,216,0,3,212,11,226,261,0,261,487
10/27/2011,FFZ,AZ,AWP,WE,Towers with Radar,0,0,7,0,7,0,5,286,12,303,0,5,293,12,310,355,0,355,665
10/28/2011,FFZ,AZ,AWP,WE,Towers with Radar,0,0,7,0,7,0,6,276,3,285,0,6,283,3,292,412,0,412,704
10/29/2011,FFZ,AZ,AWP,WE,Towers with Radar,0,2,3,0,5,0,6,308,0,314,0,8,311,0,319,228,0,228,547
10/30/2011,FFZ,AZ,AWP,WE,Towers with Radar,0,0,14,0,14,0,5,252,0,257,0,5,266,0,271,190,0,190,461
10/31/2011,FFZ,AZ,AWP,WE,Towers with Radar,0,3,9,0,12,0,3,226,7,236,0,6,235,7,248,325,2,327,575
11/01/2011,FFZ,AZ,AWP,WE,Towers with Radar,0,3,5,0,8,0,4,298,11,313,0,7,303,11,321,392,18,410,731
11/02/2011,FFZ,AZ,AWP,WE,Towers with Radar,0,2,8,0,10,0,3,204,23,230,0,5,212,23,240,249,7,256,496
11/03/2011,FFZ,AZ,AWP,WE,Towers with Radar,0,1,5,0,6,0,2,350,23,375,0,3,355,23,381,484,0,484,865
11/04/2011,FFZ,AZ,AWP,WE,Towers with Radar,0,1,4,0,5,0,2,97,18,117,0,3,101,18,122,90,0,90,212
11/05/2011,FFZ,AZ,AWP,WE,Towers with Radar,0,0,9,0,9,0,9,282,0,291,0,9,291,0,300,363,0,363,663
11/06/2011,FFZ,AZ,AWP,WE,Towers with Radar,0,0,2,0,2,0,7,262,1,270,0,7,264,1,272,380,0,380,652
11/07/2011,FFZ,AZ,AWP,WE,Towers with Radar,0,0,5,2,7,0,1,142,20,163,0,1,147,22,170,405,0,405,575
11/08/2011,FFZ,AZ,AWP,WE,Towers with Radar,0,0,15,0,15,0,11,270,10,291,0,11,285,10,306,346,0,346,652
11/09/2011,FFZ,AZ,AWP,WE,Towers with Radar,0,1,20,0,21,0,7,276,14,297,0,8,296,14,318,278,14,292,610
11/10/2011,FFZ,AZ,AWP,WE,Towers with Radar,0,0,16,0,16,0,3,250,11,264,0,3,266,11,280,386,0,386,666
11/11/2011,FFZ,AZ,AWP,WE,Towers with Radar,0,0,14,0,14,0,3,384,4,391,0,3,398,4,405,374,0,374,779
11/12/2011,FFZ,AZ,AWP,WE,Towers with Radar,0,0,8,0,8,0,6,266,1,273,0,6,274,1,281,336,0,336,617
11/13/2011,FFZ,AZ,AWP,WE,Towers with Radar,0,3,21,0,24,0,7,130,0,137,0,10,151,0,161,274,0,274,435
11/14/2011,FFZ,AZ,AWP,WE,Towers with Radar,0,5,9,0,14,0,7,280,4,291,0,12,289,4,305,424,0,424,729
11/15/2011,FFZ,AZ,AWP,WE,Towers with Radar,0,2,12,0,14,0,3,264,7,274,0,5,276,7,288,431,0,431,719
11/16/2011,FFZ,AZ,AWP,WE,Towers with Radar,0,1,9,0,10,0,1,297,7,305,0,2,306,7,315,458,8,466,781
11/17/2011,FFZ,AZ,AWP,WE,Towers with Radar,0,0,8,0,8,0,5,301,8,314,0,5,309,8,322,254,1,255,577
11/18/2011,FFZ,AZ,AWP,WE,Towers with Radar,0,1,12,0,13,0,1,264,3,268,0,2,276,3,281,226,0,226,507
11/19/2011,FFZ,AZ,AWP,WE,Towers with Radar,0,0,4,0,4,0,6,274,2,282,0,6,278,2,286,359,0,359,645
11/20/2011,FFZ,AZ,AWP,WE,Towers with Radar,0,0,7,0,7,0,5,235,0,240,0,5,242,0,247,316,0,316,563
11/21/2011,FFZ,AZ,AWP,WE,Towers with Radar,0,1,7,0,8,0,7,211,12,230,0,8,218,12,238,391,0,391,629
11/22/2011,FFZ,AZ,AWP,WE,Towers with Radar,0,1,7,0,8,0,4,294,15,313,0,5,301,15,321,440,0,440,761
11/23/2011,FFZ,AZ,AWP,WE,Towers with Radar,0,1,7,0,8,1,10,304,4,319,1,11,311,4,327,434,0,434,761
11/24/2011,FFZ,AZ,AWP,WE,Towers with Radar,0,3,1,0,4,0,4,81,0,85,0,7,82,0,89,102,0,102,191
11/25/2011,FFZ,AZ,AWP,WE,Towers with Radar,0,1,5,0,6,0,5,263,0,268,0,6,268,0,274,323,0,323,597
11/26/2011,FFZ,AZ,AWP,WE,Towers with Radar,0,0,7,0,7,0,5,244,1,250,0,5,251,1,257,241,0,241,498
11/27/2011,FFZ,AZ,AWP,WE,Towers with Radar,0,0,9,0,9,0,0,260,0,260,0,0,269,0,269,176,0,176,445
11/28/2011,FFZ,AZ,AWP,WE,Towers with Radar,0,2,9,0,11,0,8,262,6,276,0,10,271,6,287,435,0,435,722
11/29/2011,FFZ,AZ,AWP,WE,Towers with Radar,0,2,6,0,8,0,8,287,16,311,0,10,293,16,319,405,0,405,724
11/30/2011,FFZ,AZ,AWP,WE,Towers with Radar,0,0,6,0,6,0,8,256,14,278,0,8,262,14,284,447,8,455,739
12/01/2011,FFZ,AZ,AWP,WE,Towers with Radar,0,3,8,0,11,0,3,140,0,143,0,6,148,0,154,507,0,507,661
12/02/2011,FFZ,AZ,AWP,WE,Towers with Radar,0,1,12,0,13,0,0,189,13,202,0,1,201,13,215,368,0,368,583
12/03/2011,FFZ,AZ,AWP,WE,Towers with Radar,0,0,7,0,7,0,7,122,0,129,0,7,129,0,136,413,0,413,549
12/04/2011,FFZ,AZ,AWP,WE,Towers with Radar,0,2,4,0,6,0,5,98,0,103,0,7,102,0,109,114,0,114,223
12/05/2011,FFZ,AZ,AWP,WE,Towers with Radar,0,1,6,0,7,0,3,165,3,171,0,4,171,3,178,387,0,387,565
12/06/2011,FFZ,AZ,AWP,WE,Towers with Radar,0,2,11,0,13,0,5,294,19,318,0,7,305,19,331,458,0,458,789
12/07/2011,FFZ,AZ,AWP,WE,Towers with Radar,0,2,8,0,10,0,21,257,25,303,0,23,265,25,313,342,0,342,655
12/08/2011,FFZ,AZ,AWP,WE,Towers with Radar,0,0,17,0,17,0,5,354,21,380,0,5,371,21,397,293,7,300,697
12/09/2011,FFZ,AZ,AWP,WE,Towers with Radar,0,1,10,0,11,0,3,243,23,269,0,4,253,23,280,419,0,419,699
12/10/2011,FFZ,AZ,AWP,WE,Towers with Radar,0,0,8,0,8,0,4,287,2,293,0,4,295,2,301,371,0,371,672
12/11/2011,FFZ,AZ,AWP,WE,Towers with Radar,0,1,16,0,17,0,1,258,2,261,0,2,274,2,278,260,0,260,538
12/12/2011,FFZ,AZ,AWP,WE,Towers with Radar,0,2,6,0,8,0,0,51,2,53,0,2,57,2,61,100,0,100,161
12/13/2011,FFZ,AZ,AWP,WE,Towers with Radar,0,1,5,0,6,0,0,41,8,49,0,1,46,8,55,154,6,160,215
12/14/2011,FFZ,AZ,AWP,WE,Towers with Radar,0,0,14,0,14,0,2,245,19,266,0,2,259,19,280,486,0,486,766
12/15/2011,FFZ,AZ,AWP,WE,Towers with Radar,0,0,14,0,14,0,5,351,8,364,0,5,365,8,378,506,0,506,884
12/16/2011,FFZ,AZ,AWP,WE,Towers with Radar,0,0,3,0,3,0,1,251,3,255,0,1,254,3,258,370,0,370,628
12/17/2011,FFZ,AZ,AWP,WE,Towers with Radar,0,0,6,0,6,0,10,265,6,281,0,10,271,6,287,429,0,429,716
12/18/2011,FFZ,AZ,AWP,WE,Towers with Radar,0,0,11,0,11,0,8,75,0,83,0,8,86,0,94,105,0,105,199
12/19/2011,FFZ,AZ,AWP,WE,Towers with Radar,0,1,10,0,11,0,5,126,7,138,0,6,136,7,149,172,0,172,321
12/20/2011,FFZ,AZ,AWP,WE,Towers with Radar,0,1,10,0,11,0,5,284,13,302,0,6,294,13,313,478,0,478,791
12/21/2011,FFZ,AZ,AWP,WE,Towers with Radar,0,0,7,0,7,0,7,316,8,331,0,7,323,8,338,465,0,465,803
12/22/2011,FFZ,AZ,AWP,WE,Towers with Radar,0,0,9,0,9,0,0,268,3,271,0,0,277,3,280,292,0,292,572
12/23/2011,FFZ,AZ,AWP,WE,Towers with Radar,1,4,14,0,19,0,2,224,0,226,1,6,238,0,245,144,0,144,389
12/24/2011,FFZ,AZ,AWP,WE,Towers with Radar,0,1,5,0,6,0,1,135,0,136,0,2,140,0,142,50,0,50,192
12/25/2011,FFZ,AZ,AWP,WE,Towers with Radar,0,3,3,0,6,0,5,48,0,53,0,8,51,0,59,11,0,11,70
12/26/2011,FFZ,AZ,AWP,WE,Towers with Radar,0,2,14,0,16,0,15,198,0,213,0,17,212,0,229,309,0,309,538
12/27/2011,FFZ,AZ,AWP,WE,Towers with Radar,0,0,6,0,6,0,4,259,0,263,0,4,265,0,269,312,0,312,581
12/28/2011,FFZ,AZ,AWP,WE,Towers with Radar,0,0,13,0,13,0,4,261,1,266,0,4,274,1,279,311,0,311,590
12/29/2011,FFZ,AZ,AWP,WE,Towers with Radar,0,0,8,0,8,0,2,279,0,281,0,2,287,0,289,214,0,214,503
12/30/2011,FFZ,AZ,AWP,WE,Towers with Radar,0,0,10,0,10,0,1,248,0,249,0,1,258,0,259,288,0,288,547
12/31/2011,FFZ,AZ,AWP,WE,Towers with Radar,0,1,3,0,4,0,31,174,0,205,0,32,177,0,209,153,0,153,362
01/01/2012,FFZ,AZ,AWP,WE,Towers with Radar,0,0,5,0,5,0,6,122,1,129,0,6,127,1,134,128,0,128,262
01/02/2012,FFZ,AZ,AWP,WE,Towers with Radar,0,2,8,0,10,0,8,257,0,265,0,10,265,0,275,361,0,361,636
01/03/2012,FFZ,AZ,AWP,WE,Towers with Radar,0,1,8,0,9,0,4,275,2,281,0,5,283,2,290,429,0,429,719
01/04/2012,FFZ,AZ,AWP,WE,Towers with Radar,0,1,8,0,9,0,16,236,6,258,0,17,244,6,267,308,0,308,575
01/05/2012,FFZ,AZ,AWP,WE,Towers with Radar,0,0,2,0,2,0,21,278,3,302,0,21,280,3,304,391,0,391,695
01/06/2012,FFZ,AZ,AWP,WE,Towers with Radar,0,0,2,0,2,0,7,242,0,249,0,7,244,0,251,387,0,387,638
01/07/2012,FFZ,AZ,AWP,WE,Towers with Radar,1,0,2,0,3,0,7,356,0,363,1,7,358,0,366,368,0,368,734
01/08/2012,FFZ,AZ,AWP,WE,Towers with Radar,0,2,6,0,8,0,3,176,0,179,0,5,182,0,187,242,0,242,429
01/09/2012,FFZ,AZ,AWP,WE,Towers with Radar,0,0,1,0,1,0,11,211,4,226,0,11,212,4,227,86,0,86,313
01/10/2012,FFZ,AZ,AWP,WE,Towers with Radar,0,0,10,0,10,0,11,217,14,242,0,11,227,14,252,186,1,187,439
01/11/2012,FFZ,AZ,AWP,WE,Towers with Radar,0,0,6,0,6,0,3,270,6,279,0,3,276,6,285,328,7,335,620
01/12/2012,FFZ,AZ,AWP,WE,Towers with Radar,0,1,12,0,13,0,9,226,6,241,0,10,238,6,254,127,0,127,381
01/13/2012,FFZ,AZ,AWP,WE,Towers with Radar,0,1,11,0,12,0,8,272,10,290,0,9,283,10,302,180,0,180,482
01/14/2012,FFZ,AZ,AWP,WE,Towers with Radar,0,0,9,0,9,0,4,273,3,280,0,4,282,3,289,104,0,104,393
01/15/2012,FFZ,AZ,AWP,WE,Towers with Radar,0,0,8,0,8,0,9,177,0,186,0,9,185,0,194,62,0,62,256
01/16/2012,FFZ,AZ,AWP,WE,Towers with Radar,0,0,7,0,7,0,7,197,16,220,0,7,204,16,227,110,0,110,337
01/17/2012,FFZ,AZ,AWP,WE,Towers with Radar,0,0,6,0,6,0,23,310,15,348,0,23,316,15,354,164,0,164,518
01/18/2012,FFZ,AZ,AWP,WE,Towers with Radar,0,0,3,0,3,0,3,262,15,280,0,3,265,15,283,136,0,136,419
01/19/2012,FFZ,AZ,AWP,WE,Towers with Radar,0,0,35,3,38,0,10,242,8,260,0,10,277,11,298,112,0,112,410
01/20/2012,FFZ,AZ,AWP,WE,Towers with Radar,0,0,20,0,20,0,7,283,1,291,0,7,303,1,311,155,0,155,466
01/21/2012,FFZ,AZ,AWP,WE,Towers with Radar,0,1,5,0,6,0,1,270,3,274,0,2,275,3,280,52,0,52,332
01/22/2012,FFZ,AZ,AWP,WE,Towers with Radar,0,0,7,0,7,0,2,125,1,128,0,2,132,1,135,81,0,81,216
01/23/2012,FFZ,AZ,AWP,WE,Towers with Radar,0,1,6,0,7,0,5,144,9,158,0,6,150,9,165,121,0,121,286
01/24/2012,FFZ,AZ,AWP,WE,Towers with Radar,0,0,2,0,2,0,14,244,5,263,0,14,246,5,265,194,0,194,459
01/25/2012,FFZ,AZ,AWP,WE,Towers with Radar,0,0,1,0,1,0,5,234,3,242,0,5,235,3,243,85,0,85,328
01/26/2012,FFZ,AZ,AWP,WE,Towers with Radar,0,0,3,0,3,0,4,257,5,266,0,4,260,5,269,143,6,149,418
01/27/2012,FFZ,AZ,AWP,WE,Towers with Radar,0,0,11,0,11,0,17,255,5,277,0,17,266,5,288,209,0,209,497
01/28/2012,FFZ,AZ,AWP,WE,Towers with Radar,0,0,5,0,5,0,2,261,7,270,0,2,266,7,275,103,0,103,378
01/29/2012,FFZ,AZ,AWP,WE,Towers with Radar,0,0,2,0,2,0,5,211,7,223,0,5,213,7,225,106,0,106,331
01/30/2012,FFZ,AZ,AWP,WE,Towers with Radar,0,0,5,0,5,0,11,195,16,222,0,11,200,16,227,115,2,117,344
01/31/2012,FFZ,AZ,AWP,WE,Towers with Radar,0,0,9,0,9,0,9,224,12,245,0,9,233,12,254,138,0,138,392
02/01/2012,FFZ,AZ,AWP,WE,Towers with Radar,0,0,16,0,16,0,2,237,32,271,0,2,253,32,287,215,2,217,504
02/02/2012,FFZ,AZ,AWP,WE,Towers with Radar,0,0,10,0,10,0,5,256,5,266,0,5,266,5,276,149,0,149,425
02/03/2012,FFZ,AZ,AWP,WE,Towers with Radar,0,0,12,0,12,0,2,258,5,265,0,2,270,5,277,141,0,141,418
02/04/2012,FFZ,AZ,AWP,WE,Towers with Radar,0,0,4,0,4,0,0,299,0,299,0,0,303,0,303,116,0,116,419
02/05/2012,FFZ,AZ,AWP,WE,Towers with Radar,0,0,11,0,11,0,3,176,0,179,0,3,187,0,190,106,0,106,296
02/06/2012,FFZ,AZ,AWP,WE,Towers with Radar,0,0,8,0,8,0,12,192,1,205,0,12,200,1,213,162,2,164,377
02/07/2012,FFZ,AZ,AWP,WE,Towers with Radar,0,0,9,0,9,0,9,238,23,270,0,9,247,23,279,132,0,132,411
02/08/2012,FFZ,AZ,AWP,WE,Towers with Radar,0,0,8,0,8,0,2,290,32,324,0,2,298,32,332,176,0,176,508
02/09/2012,FFZ,AZ,AWP,WE,Towers with Radar,0,0,12,0,12,0,0,290,21,311,0,0,302,21,323,168,0,168,491
02/10/2012,FFZ,AZ,AWP,WE,Towers with Radar,0,2,9,0,11,0,12,290,29,331,0,14,299,29,342,144,4,148,490
02/11/2012,FFZ,AZ,AWP,WE,Towers with Radar,0,0,10,0,10,0,8,324,0,332,0,8,334,0,342,138,0,138,480
02/12/2012,FFZ,AZ,AWP,WE,Towers with Radar,0,0,5,0,5,0,6,151,0,157,0,6,156,0,162,100,0,100,262
02/13/2012,FFZ,AZ,AWP,WE,Towers with Radar,0,2,2,0,4,0,5,194,25,224,0,7,196,25,228,144,0,144,372
02/14/2012,FFZ,AZ,AWP,WE,Towers with Radar,0,0,15,0,15,0,4,159,15,178,0,4,174,15,193,121,0,121,314
02/15/2012,FFZ,AZ,AWP,WE,Towers with Radar,0,0,6,0,6,0,2,270,24,296,0,2,276,24,302,208,0,208,510
02/16/2012,FFZ,AZ,AWP,WE,Towers with Radar,0,0,14,0,14,0,5,246,21,272,0,5,260,21,286,250,1,251,537
02/17/2012,FFZ,AZ,AWP,WE,Towers with Radar,0,0,10,0,10,0,5,250,8,263,0,5,260,8,273,237,0,237,510
02/18/2012,FFZ,AZ,AWP,WE,Towers with Radar,0,0,33,0,33,0,7,278,2,287,0,7,311,2,320,78,0,78,398
02/19/2012,FFZ,AZ,AWP,WE,Towers with Radar,0,0,5,0,5,0,3,187,1,191,0,3,192,1,196,127,0,127,323
02/20/2012,FFZ,AZ,AWP,WE,Towers with Radar,0,0,10,0,10,0,13,285,9,307,0,13,295,9,317,186,2,188,505
02/21/2012,FFZ,AZ,AWP,WE,Towers with Radar,0,0,7,0,7,0,16,223,13,252,0,16,230,13,259,117,0,117,376
02/22/2012,FFZ,AZ,AWP,WE,Towers with Radar,0,0,12,0,12,0,8,279,12,299,0,8,291,12,311,278,0,278,589
02/23/2012,FFZ,AZ,AWP,WE,Towers with Radar,0,0,6,0,6,0,2,290,5,297,0,2,296,5,303,138,12,150,453
02/24/2012,FFZ,AZ,AWP,WE,Towers with Radar,0,0,11,2,13,0,6,232,13,251,0,6,243,15,264,198,0,198,462
02/25/2012,FFZ,AZ,AWP,WE,Towers with Radar,0,0,12,0,12,0,1,282,2,285,0,1,294,2,297,122,0,122,419
02/26/2012,FFZ,AZ,AWP,WE,Towers with Radar,0,0,7,0,7,0,6,234,0,240,0,6,241,0,247,104,0,104,351
02/27/2012,FFZ,AZ,AWP,WE,Towers with Radar,0,0,5,0,5,0,10,128,8,146,0,10,133,8,151,88,0,88,239
02/28/2012,FFZ,AZ,AWP,WE,Towers with Radar,0,1,7,0,8,0,4,273,6,283,0,5,280,6,291,135,0,135,426
02/29/2012,FFZ,AZ,AWP,WE,Towers with Radar,0,0,12,0,12,0,8,241,18,267,0,8,253,18,279,199,0,199,478
03/01/2012,FFZ,AZ,AWP,WE,Towers with Radar,0,0,9,0,9,0,8,262,3,273,0,8,271,3,282,140,0,140,422
03/02/2012,FFZ,AZ,AWP,WE,Towers with Radar,0,0,5,0,5,0,14,171,2,187,0,14,176,2,192,65,0,65,257
03/03/2012,FFZ,AZ,AWP,WE,Towers with Radar,0,3,7,0,10,0,2,321,0,323,0,5,328,0,333,257,0,257,590
03/04/2012,FFZ,AZ,AWP,WE,Towers with Radar,0,2,7,0,9,0,8,272,3,283,0,10,279,3,292,335,0,335,627
03/05/2012,FFZ,AZ,AWP,WE,Towers with Radar,0,2,7,0,9,0,7,273,2,282,0,9,280,2,291,261,0,261,552
03/06/2012,FFZ,AZ,AWP,WE,Towers with Radar,0,0,7,0,7,0,6,210,9,225,0,6,217,9,232,137,0,137,369
03/07/2012,FFZ,AZ,AWP,WE,Towers with Radar,0,0,8,0,8,0,4,185,11,200,0,4,193,11,208,233,0,233,441
03/08/2012,FFZ,AZ,AWP,WE,Towers with Radar,0,0,10,0,10,0,2,325,7,334,0,2,335,7,344,202,0,202,546
03/09/2012,FFZ,AZ,AWP,WE,Towers with Radar,0,1,14,0,15,0,14,272,5,291,0,15,286,5,306,224,0,224,530
03/10/2012,FFZ,AZ,AWP,WE,Towers with Radar,0,1,6,0,7,0,7,274,2,283,0,8,280,2,290,182,0,182,472
03/11/2012,FFZ,AZ,AWP,WE,Towers with Radar,0,4,11,0,15,0,13,236,0,249,0,17,247,0,264,257,0,257,521
03/12/2012,FFZ,AZ,AWP,WE,Towers with Radar,0,1,7,0,8,0,6,258,15,279,0,7,265,15,287,109,0,109,396
03/13/2012,FFZ,AZ,AWP,WE,Towers with Radar,0,0,9,0,9,0,6,249,21,276,0,6,258,21,285,177,0,177,462
03/14/2012,FFZ,AZ,AWP,WE,Towers with Radar,0,1,7,0,8,0,0,278,27,305,0,1,285,27,313,182,1,183,496
03/15/2012,FFZ,AZ,AWP,WE,Towers with Radar,0,1,7,0,8,0,3,281,8,292,0,4,288,8,300,89,4,93,393
03/16/2012,FFZ,AZ,AWP,WE,Towers with Radar,0,0,13,0,13,0,2,329,0,331,0,2,342,0,344,267,0,267,611
03/17/2012,FFZ,AZ,AWP,WE,Towers with Radar,0,2,9,0,11,0,7,161,2,170,0,9,170,2,181,50,1,51,232
03/18/2012,FFZ,AZ,AWP,WE,Towers with Radar,0,2,1,0,3,0,0,15,0,15,0,2,16,0,18,7,0,7,25
03/19/2012,FFZ,AZ,AWP,WE,Towers with Radar,0,1,8,0,9,0,2,159,13,174,0,3,167,13,183,125,0,125,308
03/20/2012,FFZ,AZ,AWP,WE,Towers with Radar,0,1,6,0,7,0,4,296,25,325,0,5,302,25,332,110,2,112,444
03/21/2012,FFZ,AZ,AWP,WE,Towers with Radar,0,3,15,0,18,0,7,330,14,351,0,10,345,14,369,160,4,164,533
03/22/2012,FFZ,AZ,AWP,WE,Towers with Radar,0,7,9,0,16,0,3,360,8,371,0,10,369,8,387,241,0,241,628
03/23/2012,FFZ,AZ,AWP,WE,Towers with Radar,0,1,13,0,14,0,5,319,12,336,0,6,332,12,350,144,0,144,494
03/24/2012,FFZ,AZ,AWP,WE,Towers with Radar,0,2,8,0,10,0,4,294,2,300,0,6,302,2,310,107,0,107,417
03/25/2012,FFZ,AZ,AWP,WE,Towers with Radar,0,0,8,0,8,0,3,179,0,182,0,3,187,0,190,143,0,143,333
03/26/2012,FFZ,AZ,AWP,WE,Towers with Radar,0,5,7,0,12,0,4,283,8,295,0,9,290,8,307,141,0,141,448
03/27/2012,FFZ,AZ,AWP,WE,Towers with Radar,0,0,9,0,9,0,11,274,6,291,0,11,283,6,300,188,0,188,488
03/28/2012,FFZ,AZ,AWP,WE,Towers with Radar,0,3,4,0,7,0,5,279,10,294,0,8,283,10,301,223,0,223,524
03/29/2012,FFZ,AZ,AWP,WE,Towers with Radar,0,1,8,0,9,0,13,272,6,291,0,14,280,6,300,183,0,183,483
03/30/2012,FFZ,AZ,AWP,WE,Towers with Radar,0,3,15,0,18,0,22,280,2,304,0,25,295,2,322,192,0,192,514
03/31/2012,FFZ,AZ,AWP,WE,Towers with Radar,0,2,14,0,16,0,13,308,0,321,0,15,322,0,337,145,0,145,482
04/01/2012,FFZ,AZ,AWP,WE,Towers with Radar,0,1,6,0,7,0,9,131,0,140,0,10,137,0,147,95,0,95,242
04/02/2012,FFZ,AZ,AWP,WE,Towers with Radar,0,2,12,0,14,0,11,119,8,138,0,13,131,8,152,96,0,96,248
04/03/2012,FFZ,AZ,AWP,WE,Towers with Radar,0,0,10,0,10,0,9,297,4,310,0,9,307,4,320,164,0,164,484
04/04/2012,FFZ,AZ,AWP,WE,Towers with Radar,0,3,10,0,13,0,4,266,14,284,0,7,276,14,297,255,0,255,552
04/05/2012,FFZ,AZ,AWP,WE,Towers with Radar,0,0,4,0,4,0,3,259,13,275,0,3,263,13,279,255,0,255,534
04/06/2012,FFZ,AZ,AWP,WE,Towers with Radar,0,3,7,0,10,0,4,275,34,313,0,7,282,34,323,182,0,182,505
04/07/2012,FFZ,AZ,AWP,WE,Towers with Radar,0,0,1,0,1,0,19,276,5,300,0,19,277,5,301,131,0,131,432
04/08/2012,FFZ,AZ,AWP,WE,Towers with Radar,0,2,3,0,5,0,2,127,3,132,0,4,130,3,137,71,0,71,208
04/09/2012,FFZ,AZ,AWP,WE,Towers with Radar,0,0,6,0,6,0,8,231,12,251,0,8,237,12,257,166,0,166,423
04/10/2012,FFZ,AZ,AWP,WE,Towers with Radar,0,1,7,0,8,0,4,251,8,263,0,5,258,8,271,172,0,172,443
04/11/2012,FFZ,AZ,AWP,WE,Towers with Radar,0,0,6,0,6,0,10,201,7,218,0,10,207,7,224,160,0,160,384
04/12/2012,FFZ,AZ,AWP,WE,Towers with Radar,0,0,13,0,13,0,8,246,0,254,0,8,259,0,267,181,0,181,448
04/13/2012,FFZ,AZ,AWP,WE,Towers with Radar,0,0,7,0,7,0,4,216,19,239,0,4,223,19,246,179,0,179,425
04/14/2012,FFZ,AZ,AWP,WE,Towers with Radar,0,0,7,0,7,0,5,90,0,95,0,5,97,0,102,76,0,76,178
04/15/2012,FFZ,AZ,AWP,WE,Towers with Radar,0,0,11,0,11,0,11,200,0,211,0,11,211,0,222,79,0,79,301
04/16/2012,FFZ,AZ,AWP,WE,Towers with Radar,0,0,13,0,13,0,3,229,7,239,0,3,242,7,252,90,0,90,342
04/17/2012,FFZ,AZ,AWP,WE,Towers with Radar,1,0,13,0,14,0,8,268,36,312,1,8,281,36,326,124,1,125,451
04/18/2012,FFZ,AZ,AWP,WE,Towers with Radar,0,1,11,0,12,0,4,246,29,279,0,5,257,29,291,230,0,230,521
04/19/2012,FFZ,AZ,AWP,WE,Towers with Radar,0,1,8,0,9,0,5,316,18,339,0,6,324,18,348,116,6,122,470
04/20/2012,FFZ,AZ,AWP,WE,Towers with Radar,1,2,6,0,9,0,7,301,8,316,1,9,307,8,325,206,0,206,531
04/21/2012,FFZ,AZ,AWP,WE,Towers with Radar,0,1,10,0,11,0,13,274,6,293,0,14,284,6,304,132,0,132,436
04/22/2012,FFZ,AZ,AWP,WE,Towers with Radar,0,0,7,0,7,0,1,243,0,244,0,1,250,0,251,73,0,73,324
04/23/2012,FFZ,AZ,AWP,WE,Towers with Radar,0,4,7,0,11,0,7,232,3,242,0,11,239,3,253,102,2,104,357
04/24/2012,FFZ,AZ,AWP,WE,Towers with Radar,0,0,8,0,8,0,8,295,10,313,0,8,303,10,321,140,0,140,461
04/25/2012,FFZ,AZ,AWP,WE,Towers with Radar,0,1,11,0,12,0,3,321,20,344,0,4,332,20,356,169,0,169,525
04/26/2012,FFZ,AZ,AWP,WE,Towers with Radar,0,0,9,0,9,0,6,166,3,175,0,6,175,3,184,113,0,113,297
04/27/2012,FFZ,AZ,AWP,WE,Towers with Radar,0,0,10,0,10,0,2,310,12,324,0,2,320,12,334,261,0,261,595
04/28/2012,FFZ,AZ,AWP,WE,Towers with Radar,0,1,2,0,3,0,10,363,3,376,0,11,365,3,379,122,0,122,501
04/29/2012,FFZ,AZ,AWP,WE,Towers with Radar,0,0,11,0,11,0,5,239,1,245,0,5,250,1,256,112,0,112,368
04/30/2012,FFZ,AZ,AWP,WE,Towers with Radar,0,0,9,0,9,0,11,232,2,245,0,11,241,2,254,77,0,77,331
05/01/2012,FFZ,AZ,AWP,WE,Towers with Radar,0,0,12,0,12,0,3,339,5,347,0,3,351,5,359,237,0,237,596
05/02/2012,FFZ,AZ,AWP,WE,Towers with Radar,0,0,4,0,4,0,9,323,7,339,0,9,327,7,343,478,0,478,821
05/03/2012,FFZ,AZ,AWP,WE,Towers with Radar,0,0,7,0,7,0,3,316,4,323,0,3,323,4,330,423,34,457,787
05/04/2012,FFZ,AZ,AWP,WE,Towers with Radar,0,0,48,0,48,0,9,251,3,263,0,9,299,3,311,397,0,397,708
05/05/2012,FFZ,AZ,AWP,WE,Towers with Radar,0,0,6,0,6,0,13,346,2,361,0,13,352,2,367,308,0,308,675
05/06/2012,FFZ,AZ,AWP,WE,Towers with Radar,0,0,8,0,8,0,16,201,0,217,0,16,209,0,225,312,1,313,538
05/07/2012,FFZ,AZ,AWP,WE,Towers with Radar,0,0,6,0,6,0,7,226,11,244,0,7,232,11,250,338,0,338,588
05/08/2012,FFZ,AZ,AWP,WE,Towers with Radar,0,0,10,0,10,0,5,291,7,303,0,5,301,7,313,478,0,478,791
05/09/2012,FFZ,AZ,AWP,WE,Towers with Radar,0,0,5,0,5,0,4,197,12,213,0,4,202,12,218,460,0,460,678
05/10/2012,FFZ,AZ,AWP,WE,Towers with Radar,0,2,4,0,6,0,1,349,17,367,0,3,353,17,373,546,0,546,919
05/11/2012,FFZ,AZ,AWP,WE,Towers with Radar,0,2,3,0,5,0,5,294,17,316,0,7,297,17,321,239,1,240,561
05/12/2012,FFZ,AZ,AWP,WE,Towers with Radar,0,0,3,0,3,0,8,262,1,271,0,8,265,1,274,346,2,348,622
05/13/2012,FFZ,AZ,AWP,WE,Towers with Radar,0,2,3,0,5,0,6,218,0,224,0,8,221,0,229,250,0,250,479
05/14/2012,FFZ,AZ,AWP,WE,Towers with Radar,0,2,8,0,10,0,6,227,5,238,0,8,235,5,248,354,0,354,602
05/15/2012,FFZ,AZ,AWP,WE,Towers with Radar,0,1,7,0,8,0,12,221,14,247,0,13,228,14,255,347,4,351,606
05/16/2012,FFZ,AZ,AWP,WE,Towers with Radar,0,0,9,0,9,0,6,292,20,318,0,6,301,20,327,506,0,506,833
05/17/2012,FFZ,AZ,AWP,WE,Towers with Radar,0,0,4,0,4,0,5,309,13,327,0,5,313,13,331,683,0,683,1014
05/18/2012,FFZ,AZ,AWP,WE,Towers with Radar,0,0,4,0,4,0,0,211,21,232,0,0,215,21,236,305,0,305,541
05/19/2012,FFZ,AZ,AWP,WE,Towers with Radar,0,0,4,0,4,0,4,271,0,275,0,4,275,0,279,327,0,327,606
05/20/2012,FFZ,AZ,AWP,WE,Towers with Radar,0,2,6,0,8,0,13,189,0,202,0,15,195,0,210,169,0,169,379
05/21/2012,FFZ,AZ,AWP,WE,Towers with Radar,0,0,10,0,10,0,6,211,29,246,0,6,221,29,256,218,0,218,474
05/22/2012,FFZ,AZ,AWP,WE,Towers with Radar,0,0,11,0,11,0,7,295,35,337,0,7,306,35,348,491,0,491,839
05/23/2012,FFZ,AZ,AWP,WE,Towers with Radar,0,2,12,0,14,0,23,234,24,281,0,25,246,24,295,459,0,459,754
05/24/2012,FFZ,AZ,AWP,WE,Towers with Radar,0,2,12,0,14,0,3,267,13,283,0,5,279,13,297,415,0,415,712
05/25/2012,FFZ,AZ,AWP,WE,Towers with Radar,0,0,8,0,8,0,0,190,5,195,0,0,198,5,203,251,0,251,454
05/26/2012,FFZ,AZ,AWP,WE,Towers with Radar,0,0,2,0,2,0,11,202,0,213,0,11,204,0,215,196,0,196,411
05/27/2012,FFZ,AZ,AWP,WE,Towers with Radar,0,1,4,0,5,0,11,219,0,230,0,12,223,0,235,165,0,165,400
05/28/2012,FFZ,AZ,AWP,WE,Towers with Radar,1,1,7,0,9,0,7,208,0,215,1,8,215,0,224,98,0,98,322
05/29/2012,FFZ,AZ,AWP,WE,Towers with Radar,0,0,9,0,9,0,9,260,4,273,0,9,269,4,282,461,0,461,743
05/30/2012,FFZ,AZ,AWP,WE,Towers with Radar,0,3,8,0,11,0,2,251,12,265,0,5,259,12,276,356,2,358,634
05/31/2012,FFZ,AZ,AWP,WE,Towers with Radar,0,0,6,0,6,0,9,303,5,317,0,9,309,5,323,361,0,361,684
06/01/2012,FFZ,AZ,AWP,WE,Towers with Radar,0,0,8,0,8,0,14,220,7,241,0,14,228,7,249,294,0,294,543
06/02/2012,FFZ,AZ,AWP,WE,Towers with Radar,0,0,2,0,2,0,15,205,1,221,0,15,207,1,223,144,0,144,367
06/03/2012,FFZ,AZ,AWP,WE,Towers with Radar,0,0,6,0,6,0,6,152,0,158,0,6,158,0,164,146,0,146,310
06/04/2012,FFZ,AZ,AWP,WE,Towers with Radar,0,1,4,0,5,0,10,209,4,223,0,11,213,4,228,156,0,156,384
06/05/2012,FFZ,AZ,AWP,WE,Towers with Radar,0,0,2,0,2,0,8,261,8,277,0,8,263,8,279,187,6,193,472
06/06/2012,FFZ,AZ,AWP,WE,Towers with Radar,0,1,7,0,8,0,0,303,27,330,0,1,310,27,338,383,0,383,721
06/07/2012,FFZ,AZ,AWP,WE,Towers with Radar,0,1,5,0,6,0,4,303,18,325,0,5,308,18,331,403,0,403,734
06/08/2012,FFZ,AZ,AWP,WE,Towers with Radar,0,2,7,2,11,0,4,262,20,286,0,6,269,22,297,551,1,552,849
06/09/2012,FFZ,AZ,AWP,WE,Towers with Radar,0,0,2,0,2,0,7,264,0,271,0,7,266,0,273,326,0,326,599
06/10/2012,FFZ,AZ,AWP,WE,Towers with Radar,0,0,5,0,5,0,10,189,0,199,0,10,194,0,204,250,0,250,454
06/11/2012,FFZ,AZ,AWP,WE,Towers with Radar,0,2,4,0,6,0,7,240,22,269,0,9,244,22,275,302,0,302,577
06/12/2012,FFZ,AZ,AWP,WE,Towers with Radar,0,0,2,0,2,0,12,333,34,379,0,12,335,34,381,557,0,557,938
06/13/2012,FFZ,AZ,AWP,WE,Towers with Radar,0,1,2,0,3,0,8,285,28,321,0,9,287,28,324,572,2,574,898
06/14/2012,FFZ,AZ,AWP,WE,Towers with Radar,0,5,6,0,11,0,6,289,31,326,0,11,295,31,337,490,0,490,827
06/15/2012,FFZ,AZ,AWP,WE,Towers with Radar,0,2,5,0,7,0,6,270,27,303,0,8,275,27,310,384,0,384,694
06/16/2012,FFZ,AZ,AWP,WE,Towers with Radar,0,1,2,0,3,0,4,249,13,266,0,5,251,13,269,315,0,315,584
06/17/2012,FFZ,AZ,AWP,WE,Towers with Radar,0,2,5,0,7,0,9,188,0,197,0,11,193,0,204,188,0,188,392
06/18/2012,FFZ,AZ,AWP,WE,Towers with Radar,0,0,4,0,4,0,1,182,15,198,0,1,186,15,202,229,0,229,431
06/19/2012,FFZ,AZ,AWP,WE,Towers with Radar,0,0,0,0,0,0,11,329,20,360,0,11,329,20,360,445,0,445,805
06/20/2012,FFZ,AZ,AWP,WE,Towers with Radar,0,2,2,0,4,0,12,328,19,359,0,14,330,19,363,371,15,386,749
06/21/2012,FFZ,AZ,AWP,WE,Towers with Radar,0,0,4,0,4,0,2,300,9,311,0,2,304,9,315,437,0,437,752
06/22/2012,FFZ,AZ,AWP,WE,Towers with Radar,0,0,6,0,6,0,8,257,8,273,0,8,263,8,279,329,0,329,608
06/23/2012,FFZ,AZ,AWP,WE,Towers with Radar,0,0,3,0,3,0,4,303,5,312,0,4,306,5,315,178,0,178,493
06/24/2012,FFZ,AZ,AWP,WE,Towers with Radar,0,0,4,0,4,0,3,202,0,205,0,3,206,0,209,118,0,118,327
06/25/2012,FFZ,AZ,AWP,WE,Towers with Radar,0,0,5,0,5,0,7,209,8,224,0,7,214,8,229,151,0,151,380
06/26/2012,FFZ,AZ,AWP,WE,Towers with Radar,0,1,4,0,5,0,2,247,3,252,0,3,251,3,257,318,2,320,577
06/27/2012,FFZ,AZ,AWP,WE,Towers with Radar,0,7,4,0,11,0,7,272,21,300,0,14,276,21,311,451,0,451,762
06/28/2012,FFZ,AZ,AWP,WE,Towers with Radar,0,0,8,0,8,0,7,231,14,252,0,7,239,14,260,357,8,365,625
06/29/2012,FFZ,AZ,AWP,WE,Towers with Radar,0,2,11,0,13,0,10,238,16,264,0,12,249,16,277,380,2,382,659
06/30/2012,FFZ,AZ,AWP,WE,Towers with Radar,0,0,5,0,5,0,10,280,4,294,0,10,285,4,299,240,0,240,539
07/01/2012,FFZ,AZ,AWP,WE,Towers with Radar,0,0,8,0,8,0,7,200,0,207,0,7,208,0,215,249,0,249,464
07/02/2012,FFZ,AZ,AWP,WE,Towers with Radar,0,0,4,0,4,0,7,224,20,251,0,7,228,20,255,186,3,189,444
07/03/2012,FFZ,AZ,AWP,WE,Towers with Radar,0,0,3,0,3,0,4,204,14,222,0,4,207,14,225,177,0,177,402
07/04/2012,FFZ,AZ,AWP,WE,Towers with Radar,0,0,1,0,1,0,9,75,1,85,0,9,76,1,86,110,0,110,196
07/05/2012,FFZ,AZ,AWP,WE,Towers with Radar,0,0,6,0,6,0,6,212,18,236,0,6,218,18,242,264,1,265,507
07/06/2012,FFZ,AZ,AWP,WE,Towers with Radar,0,0,8,0,8,0,6,207,12,225,0,6,215,12,233,171,0,171,404
07/07/2012,FFZ,AZ,AWP,WE,Towers with Radar,0,0,2,0,2,0,4,216,6,226,0,4,218,6,228,185,0,185,413
07/08/2012,FFZ,AZ,AWP,WE,Towers with Radar,0,0,4,0,4,0,10,154,0,164,0,10,158,0,168,172,0,172,340
07/09/2012,FFZ,AZ,AWP,WE,Towers with Radar,0,0,3,0,3,0,5,180,3,188,0,5,183,3,191,220,1,221,412
07/10/2012,FFZ,AZ,AWP,WE,Towers with Radar,0,0,4,0,4,0,5,230,5,240,0,5,234,5,244,199,1,200,444
07/11/2012,FFZ,AZ,AWP,WE,Towers with Radar,0,0,4,0,4,0,8,224,18,250,0,8,228,18,254,253,0,253,507
07/12/2012,FFZ,AZ,AWP,WE,Towers with Radar,0,3,5,0,8,0,6,227,9,242,0,9,232,9,250,251,0,251,501
07/13/2012,FFZ,AZ,AWP,WE,Towers with Radar,0,1,6,0,7,0,9,174,2,185,0,10,180,2,192,246,0,246,438
07/14/2012,FFZ,AZ,AWP,WE,Towers with Radar,0,0,4,0,4,0,0,167,2,169,0,0,171,2,173,267,0,267,440
07/15/2012,FFZ,AZ,AWP,WE,Towers with Radar,0,0,6,0,6,0,5,171,1,177,0,5,177,1,183,215,0,215,398
07/16/2012,FFZ,AZ,AWP,WE,Towers with Radar,0,0,11,0,11,0,2,164,9,175,0,2,175,9,186,188,0,188,374
07/17/2012,FFZ,AZ,AWP,WE,Towers with Radar,0,0,4,0,4,0,19,247,5,271,0,19,251,5,275,207,2,209,484
07/18/2012,FFZ,AZ,AWP,WE,Towers with Radar,0,2,3,0,5,0,3,230,13,246,0,5,233,13,251,226,0,226,477
07/19/2012,FFZ,AZ,AWP,WE,Towers with Radar,0,0,6,0,6,0,4,278,18,300,0,4,284,18,306,331,0,331,637
07/20/2012,FFZ,AZ,AWP,WE,Towers with Radar,0,0,1,0,1,0,10,252,36,298,0,10,253,36,299,371,0,371,670
07/21/2012,FFZ,AZ,AWP,WE,Towers with Radar,0,1,2,0,3,0,2,222,7,231,0,3,224,7,234,296,0,296,530
07/22/2012,FFZ,AZ,AWP,WE,Towers with Radar,0,1,8,0,9,0,2,165,0,167,0,3,173,0,176,346,0,346,522
07/23/2012,FFZ,AZ,AWP,WE,Towers with Radar,0,2,3,0,5,0,5,194,16,215,0,7,197,16,220,161,0,161,381
07/24/2012,FFZ,AZ,AWP,WE,Towers with Radar,0,1,3,0,4,0,0,240,33,273,0,1,243,33,277,256,0,256,533
07/25/2012,FFZ,AZ,AWP,WE,Towers with Radar,0,0,3,0,3,0,5,310,28,343,0,5,313,28,346,305,0,305,651
07/26/2012,FFZ,AZ,AWP,WE,Towers with Radar,0,0,5,0,5,0,2,240,24,266,0,2,245,24,271,342,0,342,613
07/27/2012,FFZ,AZ,AWP,WE,Towers with Radar,0,0,9,0,9,0,8,219,17,244,0,8,228,17,253,314,0,314,567
07/28/2012,FFZ,AZ,AWP,WE,Towers with Radar,0,0,5,0,5,0,7,202,5,214,0,7,207,5,219,307,0,307,526
07/29/2012,FFZ,AZ,AWP,WE,Towers with Radar,0,0,5,0,5,0,6,158,3,167,0,6,163,3,172,203,0,203,375
07/30/2012,FFZ,AZ,AWP,WE,Towers with Radar,0,0,5,0,5,0,12,185,10,207,0,12,190,10,212,158,0,158,370
07/31/2012,FFZ,AZ,AWP,WE,Towers with Radar,0,0,10,1,11,0,10,276,5,291,0,10,286,6,302,364,0,364,666
08/01/2012,FFZ,AZ,AWP,WE,Towers with Radar,0,1,6,0,7,0,3,285,9,297,0,4,291,9,304,229,0,229,533
08/02/2012,FFZ,AZ,AWP,WE,Towers with Radar,0,3,11,0,14,0,9,260,7,276,0,12,271,7,290,185,0,185,475
08/03/2012,FFZ,AZ,AWP,WE,Towers with Radar,0,1,6,0,7,0,6,236,8,250,0,7,242,8,257,181,1,182,439
08/04/2012,FFZ,AZ,AWP,WE,Towers with Radar,0,1,5,0,6,0,14,205,2,221,0,15,210,2,227,133,0,133,360
08/05/2012,FFZ,AZ,AWP,WE,Towers with Radar,0,3,2,0,5,0,9,168,0,177,0,12,170,0,182,202,0,202,384
08/06/2012,FFZ,AZ,AWP,WE,Towers with Radar,0,0,5,0,5,0,4,196,9,209,0,4,201,9,214,224,0,224,438
08/07/2012,FFZ,AZ,AWP,WE,Towers with Radar,0,2,7,0,9,0,13,243,16,272,0,15,250,16,281,254,0,254,535
08/08/2012,FFZ,AZ,AWP,WE,Towers with Radar,0,0,4,0,4,0,5,241,10,256,0,5,245,10,260,119,0,119,379
08/09/2012,FFZ,AZ,AWP,WE,Towers with Radar,0,1,4,0,5,0,11,219,14,244,0,12,223,14,249,197,0,197,446
08/10/2012,FFZ,AZ,AWP,WE,Towers with Radar,0,0,4,0,4,0,9,197,29,235,0,9,201,29,239,205,0,205,444
08/11/2012,FFZ,AZ,AWP,WE,Towers with Radar,0,0,5,0,5,0,4,230,10,244,0,4,235,10,249,230,0,230,479
08/12/2012,FFZ,AZ,AWP,WE,Towers with Radar,0,0,2,0,2,0,4,185,0,189,0,4,187,0,191,152,0,152,343
08/13/2012,FFZ,AZ,AWP,WE,Towers with Radar,0,0,6,0,6,0,4,219,23,246,0,4,225,23,252,163,6,169,421
08/14/2012,FFZ,AZ,AWP,WE,Towers with Radar,0,0,5,2,7,0,10,256,19,285,0,10,261,21,292,256,0,256,548
08/15/2012,FFZ,AZ,AWP,WE,Towers with Radar,0,2,3,0,5,0,2,252,20,274,0,4,255,20,279,236,0,236,515
08/16/2012,FFZ,AZ,AWP,WE,Towers with Radar,2,1,13,0,16,0,4,242,29,275,2,5,255,29,291,403,0,403,694
08/17/2012,FFZ,AZ,AWP,WE,Towers with Radar,0,1,12,0,13,0,6,206,20,232,0,7,218,20,245,237,0,237,482
08/18/2012,FFZ,AZ,AWP,WE,Towers with Radar,0,0,8,0,8,0,7,238,7,252,0,7,246,7,260,205,0,205,465
08/19/2012,FFZ,AZ,AWP,WE,Towers with Radar,0,0,10,0,10,0,5,211,4,220,0,5,221,4,230,125,0,125,355
08/20/2012,FFZ,AZ,AWP,WE,Towers with Radar,0,1,8,0,9,0,6,207,12,225,0,7,215,12,234,217,3,220,454
08/21/2012,FFZ,AZ,AWP,WE,Towers with Radar,0,0,4,0,4,0,8,237,15,260,0,8,241,15,264,289,0,289,553
08/22/2012,FFZ,AZ,AWP,WE,Towers with Radar,0,1,10,0,11,0,4,191,20,215,0,5,201,20,226,210,10,220,446
08/23/2012,FFZ,AZ,AWP,WE,Towers with Radar,0,0,7,0,7,0,6,224,10,240,0,6,231,10,247,238,0,238,485
08/24/2012,FFZ,AZ,AWP,WE,Towers with Radar,0,0,6,0,6,0,16,205,8,229,0,16,211,8,235,144,0,144,379
08/25/2012,FFZ,AZ,AWP,WE,Towers with Radar,0,0,5,0,5,0,5,211,0,216,0,5,216,0,221,137,0,137,358
08/26/2012,FFZ,AZ,AWP,WE,Towers with Radar,0,1,4,0,5,0,5,211,1,217,0,6,215,1,222,177,0,177,399
08/27/2012,FFZ,AZ,AWP,WE,Towers with Radar,0,1,4,0,5,0,5,166,9,180,0,6,170,9,185,157,0,157,342
08/28/2012,FFZ,AZ,AWP,WE,Towers with Radar,0,1,3,0,4,0,7,245,7,259,0,8,248,7,263,230,0,230,493
08/29/2012,FFZ,AZ,AWP,WE,Towers with Radar,0,3,9,0,12,0,4,267,7,278,0,7,276,7,290,219,0,219,509
08/30/2012,FFZ,AZ,AWP,WE,Towers with Radar,0,2,7,0,9,0,9,287,29,325,0,11,294,29,334,326,0,326,660
08/31/2012,FFZ,AZ,AWP,WE,Towers with Radar,0,0,7,0,7,0,9,302,40,351,0,9,309,40,358,284,0,284,642
09/01/2012,FFZ,AZ,AWP,WE,Towers with Radar,0,0,5,0,5,0,0,178,0,178,0,0,183,0,183,168,0,168,351
09/02/2012,FFZ,AZ,AWP,WE,Towers with Radar,0,0,3,0,3,0,9,157,0,166,0,9,160,0,169,211,0,211,380
09/03/2012,FFZ,AZ,AWP,WE,Towers with Radar,0,3,5,0,8,0,9,118,0,127,0,12,123,0,135,117,0,117,252
09/04/2012,FFZ,AZ,AWP,WE,Towers with Radar,0,1,15,0,16,0,10,221,29,260,0,11,236,29,276,267,2,269,545
09/05/2012,FFZ,AZ,AWP,WE,Towers with Radar,0,0,6,0,6,0,15,235,29,279,0,15,241,29,285,165,1,166,451
09/06/2012,FFZ,AZ,AWP,WE,Towers with Radar,0,0,10,0,10,0,14,260,16,290,0,14,270,16,300,261,0,261,561
09/07/2012,FFZ,AZ,AWP,WE,Towers with Radar,0,0,9,0,9,0,5,126,2,133,0,5,135,2,142,253,0,253,395
09/08/2012,FFZ,AZ,AWP,WE,Towers with Radar,0,0,9,0,9,0,14,235,0,249,0,14,244,0,258,294,0,294,552
09/09/2012,FFZ,AZ,AWP,WE,Towers with Radar,0,2,10,0,12,0,10,210,0,220,0,12,220,0,232,213,0,213,445
09/10/2012,FFZ,AZ,AWP,WE,Towers with Radar,0,2,1,0,3,0,4,183,32,219,0,6,184,32,222,235,0,235,457
09/11/2012,FFZ,AZ,AWP,WE,Towers with Radar,0,0,9,0,9,0,8,215,28,251,0,8,224,28,260,330,0,330,590
09/12/2012,FFZ,AZ,AWP,WE,Towers with Radar,0,2,12,0,14,0,18,326,21,365,0,20,338,21,379,344,0,344,723
09/13/2012,FFZ,AZ,AWP,WE,Towers with Radar,0,0,7,0,7,0,6,318,28,352,0,6,325,28,359,236,0,236,595
09/14/2012,FFZ,AZ,AWP,WE,Towers with Radar,0,0,9,2,11,0,5,163,18,186,0,5,172,20,197,249,0,249,446
09/15/2012,FFZ,AZ,AWP,WE,Towers with Radar,0,1,4,0,5,0,8,170,6,184,0,9,174,6,189,108,0,108,297
09/16/2012,FFZ,AZ,AWP,WE,Towers with Radar,0,0,6,0,6,0,3,134,0,137,0,3,140,0,143,91,0,91,234
09/17/2012,FFZ,AZ,AWP,WE,Towers with Radar,0,2,4,0,6,0,7,105,21,133,0,9,109,21,139,177,0,177,316
09/18/2012,FFZ,AZ,AWP,WE,Towers with Radar,0,1,7,0,8,0,5,176,14,195,0,6,183,14,203,259,0,259,462
09/19/2012,FFZ,AZ,AWP,WE,Towers with Radar,0,1,5,0,6,0,9,231,11,251,0,10,236,11,257,259,0,259,516
09/20/2012,FFZ,AZ,AWP,WE,Towers with Radar,0,0,2,0,2,0,3,257,18,278,0,3,259,18,280,366,0,366,646
09/21/2012,FFZ,AZ,AWP,WE,Towers with Radar,0,1,12,0,13,0,5,256,6,267,0,6,268,6,280,241,0,241,521
09/22/2012,FFZ,AZ,AWP,WE,Towers with Radar,0,0,7,0,7,0,13,259,10,282,0,13,266,10,289,209,0,209,498
09/23/2012,FFZ,AZ,AWP,WE,Towers with Radar,0,1,5,0,6,0,11,209,2,222,0,12,214,2,228,153,0,153,381
09/24/2012,FFZ,AZ,AWP,WE,Towers with Radar,0,3,7,0,10,0,9,209,19,237,0,12,216,19,247,229,4,233,480
09/25/2012,FFZ,AZ,AWP,WE,Towers with Radar,0,1,7,0,8,0,8,236,30,274,0,9,243,30,282,259,0,259,541
09/26/2012,FFZ,AZ,AWP,WE,Towers with Radar,0,2,9,0,11,0,2,245,26,273,0,4,254,26,284,371,0,371,655
09/27/2012,FFZ,AZ,AWP,WE,Towers with Radar,0,2,5,0,7,0,13,297,31,341,0,15,302,31,348,394,26,420,768
09/28/2012,FFZ,AZ,AWP,WE,Towers with Radar,0,3,8,0,11,0,8,276,34,318,0,11,284,34,329,205,0,205,534
09/29/2012,FFZ,AZ,AWP,WE,Towers with Radar,0,0,5,0,5,0,6,247,4,257,0,6,252,4,262,219,0,219,481
09/30/2012,FFZ,AZ,AWP,WE,Towers with Radar,0,0,6,0,6,0,11,229,2,242,0,11,235,2,248,167,0,167,415
10/01/2012,FFZ,AZ,AWP,WE,Towers with Radar,0,0,7,0,7,0,6,228,22,256,0,6,235,22,263,411,0,411,674
10/02/2012,FFZ,AZ,AWP,WE,Towers with Radar,0,0,9,0,9,0,15,229,31,275,0,15,238,31,284,386,0,386,670
10/03/2012,FFZ,AZ,AWP,WE,Towers with Radar,0,0,7,0,7,0,8,327,21,356,0,8,334,21,363,458,15,473,836
10/04/2012,FFZ,AZ,AWP,WE,Towers with Radar,0,0,7,0,7,0,2,287,14,303,0,2,294,14,310,523,0,523,833
10/05/2012,FFZ,AZ,AWP,WE,Towers with Radar,0,2,8,0,10,0,4,210,15,229,0,6,218,15,239,343,0,343,582
10/06/2012,FFZ,AZ,AWP,WE,Towers with Radar,0,0,2,0,2,0,12,221,1,234,0,12,223,1,236,132,0,132,368
10/07/2012,FFZ,AZ,AWP,WE,Towers with Radar,0,1,5,0,6,0,16,99,0,115,0,17,104,0,121,25,0,25,146
10/08/2012,FFZ,AZ,AWP,WE,Towers with Radar,0,2,7,0,9,0,0,108,3,111,0,2,115,3,120,22,0,22,142
10/09/2012,FFZ,AZ,AWP,WE,Towers with Radar,0,0,6,0,6,0,20,261,10,291,0,20,267,10,297,375,0,375,672
10/10/2012,FFZ,AZ,AWP,WE,Towers with Radar,0,0,8,0,8,0,12,274,15,301,0,12,282,15,309,349,11,360,669
10/11/2012,FFZ,AZ,AWP,WE,Towers with Radar,0,1,10,0,11,0,4,146,1,151,0,5,156,1,162,277,0,277,439
10/12/2012,FFZ,AZ,AWP,WE,Towers with Radar,0,2,15,0,17,0,25,197,14,236,0,27,212,14,253,283,0,283,536
10/13/2012,FFZ,AZ,AWP,WE,Towers with Radar,0,0,5,0,5,0,13,271,1,285,0,13,276,1,290,204,0,204,494
10/14/2012,FFZ,AZ,AWP,WE,Towers with Radar,0,0,10,0,10,0,12,232,0,244,0,12,242,0,254,269,0,269,523
10/15/2012,FFZ,AZ,AWP,WE,Towers with Radar,0,0,1,0,1,0,8,209,25,242,0,8,210,25,243,296,0,296,539
10/16/2012,FFZ,AZ,AWP,WE,Towers with Radar,0,0,7,0,7,0,10,260,21,291,0,10,267,21,298,498,0,498,796
10/17/2012,FFZ,AZ,AWP,WE,Towers with Radar,0,0,0,0,0,0,10,286,7,303,0,10,286,7,303,436,0,436,739
10/18/2012,FFZ,AZ,AWP,WE,Towers with Radar,0,1,11,0,12,0,5,270,15,290,0,6,281,15,302,475,0,475,777
10/19/2012,FFZ,AZ,AWP,WE,Towers with Radar,0,1,5,0,6,0,11,236,17,264,0,12,241,17,270,375,0,375,645
10/20/2012,FFZ,AZ,AWP,WE,Towers with Radar,0,0,4,0,4,0,12,261,5,278,0,12,265,5,282,398,0,398,680
10/21/2012,FFZ,AZ,AWP,WE,Towers with Radar,0,0,6,0,6,0,9,225,0,234,0,9,231,0,240,199,0,199,439
10/22/2012,FFZ,AZ,AWP,WE,Towers with Radar,0,0,4,0,4,0,11,209,14,234,0,11,213,14,238,224,0,224,462
10/23/2012,FFZ,AZ,AWP,WE,Towers with Radar,0,0,6,0,6,0,9,289,26,324,0,9,295,26,330,313,0,313,643
10/24/2012,FFZ,AZ,AWP,WE,Towers with Radar,0,0,6,0,6,0,11,302,24,337,0,11,308,24,343,357,10,367,710
10/25/2012,FFZ,AZ,AWP,WE,Towers with Radar,0,1,4,0,5,0,3,349,21,373,0,4,353,21,378,420,14,434,812
10/26/2012,FFZ,AZ,AWP,WE,Towers with Radar,0,0,7,0,7,0,5,234,10,249,0,5,241,10,256,444,0,444,700
10/27/2012,FFZ,AZ,AWP,WE,Towers with Radar,0,0,4,0,4,0,12,304,0,316,0,12,308,0,320,304,0,304,624
10/28/2012,FFZ,AZ,AWP,WE,Towers with Radar,0,0,7,0,7,0,2,252,0,254,0,2,259,0,261,236,0,236,497
10/29/2012,FFZ,AZ,AWP,WE,Towers with Radar,0,0,7,0,7,0,12,259,9,280,0,12,266,9,287,445,0,445,732
10/30/2012,FFZ,AZ,AWP,WE,Towers with Radar,0,1,6,0,7,0,24,584,20,628,0,25,590,20,635,919,8,927,1562
10/31/2012,FFZ,AZ,AWP,WE,Towers with Radar,0,0,4,0,4,0,14,310,16,340,0,14,314,16,344,451,8,459,803
11/01/2012,FFZ,AZ,AWP,WE,Towers with Radar,0,0,5,0,5,0,2,324,12,338,0,2,329,12,343,543,0,543,886
11/02/2012,FFZ,AZ,AWP,WE,Towers with Radar,0,1,10,0,11,0,18,240,15,273,0,19,250,15,284,459,8,467,751
11/03/2012,FFZ,AZ,AWP,WE,Towers with Radar,0,0,5,0,5,0,7,294,1,302,0,7,299,1,307,516,0,516,823
11/04/2012,FFZ,AZ,AWP,WE,Towers with Radar,0,0,7,0,7,0,7,220,0,227,0,7,227,0,234,283,0,283,517
11/05/2012,FFZ,AZ,AWP,WE,Towers with Radar,0,0,7,0,7,0,6,244,17,267,0,6,251,17,274,412,0,412,686
11/06/2012,FFZ,AZ,AWP,WE,Towers with Radar,0,0,6,0,6,0,10,264,9,283,0,10,270,9,289,616,1,617,906
11/07/2012,FFZ,AZ,AWP,WE,Towers with Radar,0,0,10,0,10,0,1,243,11,255,0,1,253,11,265,534,0,534,799
11/08/2012,FFZ,AZ,AWP,WE,Towers with Radar,0,0,5,0,5,0,5,231,18,254,0,5,236,18,259,486,0,486,745
11/09/2012,FFZ,AZ,AWP,WE,Towers with Radar,0,0,7,0,7,0,3,153,16,172,0,3,160,16,179,314,0,314,493
11/10/2012,FFZ,AZ,AWP,WE,Towers with Radar,0,0,6,0,6,0,5,260,9,274,0,5,266,9,280,323,0,323,603
11/11/2012,FFZ,AZ,AWP,WE,Towers with Radar,0,1,6,0,7,0,11,254,1,266,0,12,260,1,273,275,0,275,548
11/12/2012,FFZ,AZ,AWP,WE,Towers with Radar,0,0,14,0,14,0,10,250,13,273,0,10,264,13,287,401,0,401,688
11/13/2012,FFZ,AZ,AWP,WE,Towers with Radar,0,1,3,0,4,0,6,217,10,233,0,7,220,10,237,291,0,291,528
11/14/2012,FFZ,AZ,AWP,WE,Towers with Radar,0,3,24,0,27,0,2,307,31,340,0,5,331,31,367,431,0,431,798
11/15/2012,FFZ,AZ,AWP,WE,Towers with Radar,0,0,4,0,4,0,3,289,18,310,0,3,293,18,314,507,0,507,821
11/16/2012,FFZ,AZ,AWP,WE,Towers with Radar,0,2,6,0,8,0,10,297,15,322,0,12,303,15,330,510,0,510,840
11/17/2012,FFZ,AZ,AWP,WE,Towers with Radar,0,2,10,0,12,0,10,297,14,321,0,12,307,14,333,336,0,336,669
11/18/2012,FFZ,AZ,AWP,WE,Towers with Radar,0,0,9,0,9,0,12,303,0,315,0,12,312,0,324,428,0,428,752
11/19/2012,FFZ,AZ,AWP,WE,Towers with Radar,0,2,7,0,9,0,9,273,8,290,0,11,280,8,299,374,0,374,673
11/20/2012,FFZ,AZ,AWP,WE,Towers with Radar,0,0,11,0,11,0,15,321,6,342,0,15,332,6,353,480,1,481,834
11/21/2012,FFZ,AZ,AWP,WE,Towers with Radar,0,2,9,0,11,0,8,310,5,323,0,10,319,5,334,424,0,424,758
11/22/2012,FFZ,AZ,AWP,WE,Towers with Radar,0,0,3,0,3,0,11,74,0,85,0,11,77,0,88,58,0,58,146
11/23/2012,FFZ,AZ,AWP,WE,Towers with Radar,0,0,12,0,12,0,4,173,3,180,0,4,185,3,192,173,0,173,365
11/24/2012,FFZ,AZ,AWP,WE,Towers with Radar,0,1,4,0,5,0,3,300,0,303,0,4,304,0,308,436,0,436,744
11/25/2012,FFZ,AZ,AWP,WE,Towers with Radar,0,2,10,0,12,0,6,293,0,299,0,8,303,0,311,264,0,264,575
11/26/2012,FFZ,AZ,AWP,WE,Towers with Radar,0,0,5,0,5,0,8,226,10,244,0,8,231,10,249,275,4,279,528
11/27/2012,FFZ,AZ,AWP,WE,Towers with Radar,0,0,5,0,5,0,1,276,16,293,0,1,281,16,298,392,0,392,690
11/28/2012,FFZ,AZ,AWP,WE,Towers with Radar,0,0,9,0,9,0,6,308,5,319,0,6,317,5,328,381,0,381,709
11/29/2012,FFZ,AZ,AWP,WE,Towers with Radar,0,0,3,0,3,0,8,347,9,364,0,8,350,9,367,367,0,367,734
11/30/2012,FFZ,AZ,AWP,WE,Towers with Radar,0,0,4,0,4,0,6,337,9,352,0,6,341,9,356,454,6,460,816
12/01/2012,FFZ,AZ,AWP,WE,Towers with Radar,0,0,3,0,3,0,7,319,0,326,0,7,322,0,329,332,0,332,661
12/02/2012,FFZ,AZ,AWP,WE,Towers with Radar,0,0,8,0,8,0,6,278,0,284,0,6,286,0,292,267,0,267,559
12/03/2012,FFZ,AZ,AWP,WE,Towers with Radar,0,4,5,0,9,0,6,229,7,242,0,10,234,7,251,246,0,246,497
12/04/2012,FFZ,AZ,AWP,WE,Towers with Radar,0,0,1,0,1,0,2,291,31,324,0,2,292,31,325,304,0,304,629
12/05/2012,FFZ,AZ,AWP,WE,Towers with Radar,0,0,9,0,9,0,7,265,8,280,0,7,274,8,289,289,0,289,578
12/06/2012,FFZ,AZ,AWP,WE,Towers with Radar,0,0,8,0,8,0,12,308,14,334,0,12,316,14,342,437,12,449,791
12/07/2012,FFZ,AZ,AWP,WE,Towers with Radar,0,0,16,0,16,0,5,287,3,295,0,5,303,3,311,430,2,432,743
12/08/2012,FFZ,AZ,AWP,WE,Towers with Radar,0,0,8,0,8,0,0,309,2,311,0,0,317,2,319,213,1,214,533
12/09/2012,FFZ,AZ,AWP,WE,Towers with Radar,0,0,4,0,4,0,1,250,0,251,0,1,254,0,255,285,0,285,540
12/10/2012,FFZ,AZ,AWP,WE,Towers with Radar,0,0,7,0,7,0,8,236,14,258,0,8,243,14,265,305,0,305,570
12/11/2012,FFZ,AZ,AWP,WE,Towers with Radar,0,0,13,0,13,0,15,285,8,308,0,15,298,8,321,354,0,354,675
12/12/2012,FFZ,AZ,AWP,WE,Towers with Radar,0,0,9,0,9,0,10,366,8,384,0,10,375,8,393,377,1,378,771
12/13/2012,FFZ,AZ,AWP,WE,Towers with Radar,0,0,4,0,4,0,8,199,11,218,0,8,203,11,222,404,14,418,640
12/14/2012,FFZ,AZ,AWP,WE,Towers with Radar,0,3,8,0,11,0,8,136,22,166,0,11,144,22,177,324,0,324,501
12/15/2012,FFZ,AZ,AWP,WE,Towers with Radar,0,0,10,0,10,0,3,134,15,152,0,3,144,15,162,226,0,226,388
12/16/2012,FFZ,AZ,AWP,WE,Towers with Radar,0,0,11,0,11,0,14,231,0,245,0,14,242,0,256,309,0,309,565
12/17/2012,FFZ,AZ,AWP,WE,Towers with Radar,0,0,8,2,10,0,17,262,22,301,0,17,270,24,311,381,8,389,700
12/18/2012,FFZ,AZ,AWP,WE,Towers with Radar,0,0,5,0,5,0,8,287,30,325,0,8,292,30,330,461,0,461,791
12/19/2012,FFZ,AZ,AWP,WE,Towers with Radar,0,1,10,0,11,0,1,270,27,298,0,2,280,27,309,447,0,447,756
12/20/2012,FFZ,AZ,AWP,WE,Towers with Radar,0,1,5,0,6,0,5,273,11,289,0,6,278,11,295,317,19,336,631
12/21/2012,FFZ,AZ,AWP,WE,Towers with Radar,0,1,11,0,12,0,13,263,10,286,0,14,274,10,298,266,0,266,564
12/22/2012,FFZ,AZ,AWP,WE,Towers with Radar,0,0,5,0,5,0,7,343,0,350,0,7,348,0,355,270,0,270,625
12/23/2012,FFZ,AZ,AWP,WE,Towers with Radar,0,3,4,0,7,0,2,203,0,205,0,5,207,0,212,250,0,250,462
12/24/2012,FFZ,AZ,AWP,WE,Towers with Radar,0,0,3,0,3,0,1,85,0,86,0,1,88,0,89,65,0,65,154
12/25/2012,FFZ,AZ,AWP,WE,Towers with Radar,0,1,1,0,2,0,6,28,0,34,0,7,29,0,36,1,0,1,37
12/26/2012,FFZ,AZ,AWP,WE,Towers with Radar,0,2,7,0,9,0,9,181,0,190,0,11,188,0,199,169,0,169,368
12/27/2012,FFZ,AZ,AWP,WE,Towers with Radar,0,0,9,0,9,0,1,178,0,179,0,1,187,0,188,165,0,165,353
12/28/2012,FFZ,AZ,AWP,WE,Towers with Radar,0,0,6,0,6,0,6,289,0,295,0,6,295,0,301,274,0,274,575
12/29/2012,FFZ,AZ,AWP,WE,Towers with Radar,0,0,5,0,5,0,10,255,0,265,0,10,260,0,270,161,1,162,432
12/30/2012,FFZ,AZ,AWP,WE,Towers with Radar,0,0,5,0,5,0,0,174,0,174,0,0,179,0,179,98,0,98,277
12/31/2012,FFZ,AZ,AWP,WE,Towers with Radar,0,1,4,0,5,0,2,115,0,117,0,3,119,0,122,97,0,97,219
01/01/2013,FFZ,AZ,AWP,WE,Towers with Radar,0,0,7,0,7,0,3,90,0,93,0,3,97,0,100,84,0,84,184
01/02/2013,FFZ,AZ,AWP,WE,Towers with Radar,0,0,6,0,6,0,7,282,0,289,0,7,288,0,295,228,0,228,523
01/03/2013,FFZ,AZ,AWP,WE,Towers with Radar,0,2,5,0,7,0,5,214,10,229,0,7,219,10,236,228,0,228,464
01/04/2013,FFZ,AZ,AWP,WE,Towers with Radar,0,0,7,0,7,0,7,256,7,270,0,7,263,7,277,227,0,227,504
01/05/2013,FFZ,AZ,AWP,WE,Towers with Radar,0,0,5,0,5,0,2,338,5,345,0,2,343,5,350,272,0,272,622
01/06/2013,FFZ,AZ,AWP,WE,Towers with Radar,0,2,3,0,5,0,7,248,1,256,0,9,251,1,261,136,0,136,397
01/07/2013,FFZ,AZ,AWP,WE,Towers with Radar,0,1,8,0,9,0,6,230,19,255,0,7,238,19,264,242,0,242,506
01/08/2013,FFZ,AZ,AWP,WE,Towers with Radar,0,0,6,0,6,0,8,208,21,237,0,8,214,21,243,238,11,249,492
01/09/2013,FFZ,AZ,AWP,WE,Towers with Radar,0,0,10,0,10,0,7,332,18,357,0,7,342,18,367,314,0,314,681
01/10/2013,FFZ,AZ,AWP,WE,Towers with Radar,0,0,4,0,4,0,4,233,12,249,0,4,237,12,253,301,0,301,554
01/11/2013,FFZ,AZ,AWP,WE,Towers with Radar,0,3,10,0,13,0,18,222,14,254,0,21,232,14,267,288,15,303,570
01/12/2013,FFZ,AZ,AWP,WE,Towers with Radar,0,0,4,0,4,0,2,251,3,256,0,2,255,3,260,372,0,372,632
01/13/2013,FFZ,AZ,AWP,WE,Towers with Radar,0,1,5,0,6,0,4,226,0,230,0,5,231,0,236,234,0,234,470
01/14/2013,FFZ,AZ,AWP,WE,Towers with Radar,0,1,6,0,7,0,3,230,9,242,0,4,236,9,249,314,0,314,563
01/15/2013,FFZ,AZ,AWP,WE,Towers with Radar,0,2,3,0,5,0,17,282,12,311,0,19,285,12,316,344,0,344,660
01/16/2013,FFZ,AZ,AWP,WE,Towers with Radar,0,0,7,0,7,0,13,279,17,309,0,13,286,17,316,409,0,409,725
01/17/2013,FFZ,AZ,AWP,WE,Towers with Radar,0,0,18,0,18,0,2,331,36,369,0,2,349,36,387,347,0,347,734
01/18/2013,FFZ,AZ,AWP,WE,Towers with Radar,0,0,11,0,11,0,11,266,15,292,0,11,277,15,303,464,0,464,767
01/19/2013,FFZ,AZ,AWP,WE,Towers with Radar,0,0,6,0,6,0,4,285,15,304,0,4,291,15,310,439,0,439,749
01/20/2013,FFZ,AZ,AWP,WE,Towers with Radar,0,1,8,0,9,0,5,219,0,224,0,6,227,0,233,417,0,417,650
01/21/2013,FFZ,AZ,AWP,WE,Towers with Radar,0,1,6,0,7,0,1,238,11,250,0,2,244,11,257,324,0,324,581
01/22/2013,FFZ,AZ,AWP,WE,Towers with Radar,0,0,8,0,8,0,8,286,20,314,0,8,294,20,322,486,7,493,815
01/23/2013,FFZ,AZ,AWP,WE,Towers with Radar,0,2,5,0,7,0,9,283,25,317,0,11,288,25,324,474,23,497,821
01/24/2013,FFZ,AZ,AWP,WE,Towers with Radar,0,2,7,0,9,0,2,216,34,252,0,4,223,34,261,553,0,553,814
01/25/2013,FFZ,AZ,AWP,WE,Towers with Radar,0,3,6,0,9,0,6,231,23,260,0,9,237,23,269,565,0,565,834
01/26/2013,FFZ,AZ,AWP,WE,Towers with Radar,0,1,9,0,10,0,1,4,0,5,0,2,13,0,15,0,0,0,15
01/27/2013,FFZ,AZ,AWP,WE,Towers with Radar,0,3,10,0,13,0,3,80,0,83,0,6,90,0,96,154,0,154,250
01/28/2013,FFZ,AZ,AWP,WE,Towers with Radar,0,3,8,0,11,0,4,159,8,171,0,7,167,8,182,264,0,264,446
01/29/2013,FFZ,AZ,AWP,WE,Towers with Radar,0,0,14,0,14,0,6,266,18,290,0,6,280,18,304,444,0,444,748
01/30/2013,FFZ,AZ,AWP,WE,Towers with Radar,0,1,12,0,13,0,2,348,13,363,0,3,360,13,376,496,0,496,872
01/31/2013,FFZ,AZ,AWP,WE,Towers with Radar,0,1,12,0,13,0,2,310,3,315,0,3,322,3,328,649,0,649,977
02/01/2013,FFZ,AZ,AWP,WE,Towers with Radar,0,3,9,1,13,0,7,313,7,327,0,10,322,8,340,479,0,479,819
02/02/2013,FFZ,AZ,AWP,WE,Towers with Radar,0,0,12,0,12,0,8,347,0,355,0,8,359,0,367,281,0,281,648
02/03/2013,FFZ,AZ,AWP,WE,Towers with Radar,0,0,9,0,9,0,9,159,0,168,0,9,168,0,177,270,0,270,447
02/04/2013,FFZ,AZ,AWP,WE,Towers with Radar,0,1,7,0,8,0,11,232,5,248,0,12,239,5,256,292,0,292,548
02/05/2013,FFZ,AZ,AWP,WE,Towers with Radar,0,1,15,0,16,0,6,330,10,346,0,7,345,10,362,483,0,483,845
02/06/2013,FFZ,AZ,AWP,WE,Towers with Radar,0,1,14,0,15,0,4,284,19,307,0,5,298,19,322,433,0,433,755
02/07/2013,FFZ,AZ,AWP,WE,Towers with Radar,0,1,6,2,9,0,11,306,14,331,0,12,312,16,340,398,0,398,738
02/08/2013,FFZ,AZ,AWP,WE,Towers with Radar,0,0,7,2,9,0,12,237,41,290,0,12,244,43,299,329,0,329,628
02/09/2013,FFZ,AZ,AWP,WE,Towers with Radar,0,0,3,0,3,0,3,217,10,230,0,3,220,10,233,280,0,280,513
02/10/2013,FFZ,AZ,AWP,WE,Towers with Radar,0,0,3,0,3,0,0,232,0,232,0,0,235,0,235,348,0,348,583
02/11/2013,FFZ,AZ,AWP,WE,Towers with Radar,0,0,9,0,9,0,6,92,28,126,0,6,101,28,135,286,0,286,421
02/12/2013,FFZ,AZ,AWP,WE,Towers with Radar,0,1,13,0,14,0,5,267,32,304,0,6,280,32,318,425,7,432,750
02/13/2013,FFZ,AZ,AWP,WE,Towers with Radar,0,0,15,0,15,0,12,394,35,441,0,12,409,35,456,524,0,524,980
02/14/2013,FFZ,AZ,AWP,WE,Towers with Radar,0,2,12,0,14,0,6,336,38,380,0,8,348,38,394,502,0,502,896
02/15/2013,FFZ,AZ,AWP,WE,Towers with Radar,0,0,10,0,10,0,2,261,37,300,0,2,271,37,310,385,0,385,695
02/16/2013,FFZ,AZ,AWP,WE,Towers with Radar,0,3,5,0,8,0,2,404,11,417,0,5,409,11,425,316,0,316,741
02/17/2013,FFZ,AZ,AWP,WE,Towers with Radar,0,3,15,0,18,0,10,267,0,277,0,13,282,0,295,210,0,210,505
02/18/2013,FFZ,AZ,AWP,WE,Towers with Radar,0,0,9,0,9,0,11,300,23,334,0,11,309,23,343,438,0,438,781
02/19/2013,FFZ,AZ,AWP,WE,Towers with Radar,0,2,11,0,13,0,17,266,17,300,0,19,277,17,313,449,8,457,770
02/20/2013,FFZ,AZ,AWP,WE,Towers with Radar,0,5,5,0,10,0,2,83,2,87,0,7,88,2,97,251,0,251,348
02/21/2013,FFZ,AZ,AWP,WE,Towers with Radar,0,2,11,0,13,0,6,333,30,369,0,8,344,30,382,499,0,499,881
02/22/2013,FFZ,AZ,AWP,WE,Towers with Radar,0,2,4,0,6,0,5,366,12,383,0,7,370,12,389,341,11,352,741
02/23/2013,FFZ,AZ,AWP,WE,Towers with Radar,0,1,8,0,9,0,6,320,6,332,0,7,328,6,341,379,0,379,720
02/24/2013,FFZ,AZ,AWP,WE,Towers with Radar,0,2,11,0,13,0,10,85,0,95,0,12,96,0,108,89,0,89,197
02/25/2013,FFZ,AZ,AWP,WE,Towers with Radar,0,1,10,0,11,0,9,256,19,284,0,10,266,19,295,393,0,393,688
02/26/2013,FFZ,AZ,AWP,WE,Towers with Radar,0,0,13,0,13,0,5,275,14,294,0,5,288,14,307,422,1,423,730
02/27/2013,FFZ,AZ,AWP,WE,Towers with Radar,0,2,14,0,16,0,5,378,13,396,0,7,392,13,412,439,0,439,851
02/28/2013,FFZ,AZ,AWP,WE,Towers with Radar,0,0,10,0,10,0,7,350,10,367,0,7,360,10,377,446,0,446,823
03/01/2013,FFZ,AZ,AWP,WE,Towers with Radar,0,0,13,0,13,0,8,362,10,380,0,8,375,10,393,356,0,356,749
03/02/2013,FFZ,AZ,AWP,WE,Towers with Radar,0,0,6,0,6,0,9,422,3,434,0,9,428,3,440,330,0,330,770
03/03/2013,FFZ,AZ,AWP,WE,Towers with Radar,0,2,6,0,8,0,5,247,0,252,0,7,253,0,260,242,6,248,508
03/04/2013,FFZ,AZ,AWP,WE,Towers with Radar,0,0,5,0,5,0,26,272,11,309,0,26,277,11,314,307,3,310,624
03/05/2013,FFZ,AZ,AWP,WE,Towers with Radar,0,0,9,0,9,0,20,356,32,408,0,20,365,32,417,353,0,353,770
03/06/2013,FFZ,AZ,AWP,WE,Towers with Radar,0,0,3,0,3,0,11,365,40,416,0,11,368,40,419,318,1,319,738
03/07/2013,FFZ,AZ,AWP,WE,Towers with Radar,0,0,5,0,5,0,8,333,33,374,0,8,338,33,379,347,0,347,726
03/08/2013,FFZ,AZ,AWP,WE,Towers with Radar,0,0,3,0,3,0,0,34,28,62,0,0,37,28,65,116,16,132,197
03/09/2013,FFZ,AZ,AWP,WE,Towers with Radar,0,0,9,0,9,0,1,215,11,227,0,1,224,11,236,212,0,212,448
03/10/2013,FFZ,AZ,AWP,WE,Towers with Radar,0,0,10,0,10,0,9,318,0,327,0,9,328,0,337,223,0,223,560
03/11/2013,FFZ,AZ,AWP,WE,Towers with Radar,0,0,13,0,13,0,5,298,36,339,0,5,311,36,352,234,0,234,586
03/12/2013,FFZ,AZ,AWP,WE,Towers with Radar,0,0,12,0,12,0,6,288,47,341,0,6,300,47,353,376,0,376,729
03/13/2013,FFZ,AZ,AWP,WE,Towers with Radar,0,0,9,0,9,0,4,379,19,402,0,4,388,19,411,461,0,461,872
03/14/2013,FFZ,AZ,AWP,WE,Towers with Radar,0,3,15,0,18,0,9,357,12,378,0,12,372,12,396,310,14,324,720
03/15/2013,FFZ,AZ,AWP,WE,Towers with Radar,0,3,20,0,23,0,6,347,19,372,0,9,367,19,395,336,0,336,731
03/16/2013,FFZ,AZ,AWP,WE,Towers with Radar,0,0,11,0,11,0,11,349,5,365,0,11,360,5,376,247,0,247,623
03/17/2013,FFZ,AZ,AWP,WE,Towers with Radar,0,2,12,0,14,0,8,275,2,285,0,10,287,2,299,272,0,272,571
03/18/2013,FFZ,AZ,AWP,WE,Towers with Radar,0,0,5,0,5,0,4,284,7,295,0,4,289,7,300,423,0,423,723
03/19/2013,FFZ,AZ,AWP,WE,Towers with Radar,0,0,4,0,4,0,10,359,22,391,0,10,363,22,395,381,3,384,779
03/20/2013,FFZ,AZ,AWP,WE,Towers with Radar,0,0,5,1,6,0,9,385,15,409,0,9,390,16,415,498,0,498,913
03/21/2013,FFZ,AZ,AWP,WE,Towers with Radar,0,1,12,0,13,0,7,387,30,424,0,8,399,30,437,515,0,515,952
03/22/2013,FFZ,AZ,AWP,WE,Towers with Radar,0,0,10,0,10,0,15,331,16,362,0,15,341,16,372,488,0,488,860
03/23/2013,FFZ,AZ,AWP,WE,Towers with Radar,0,1,3,0,4,0,3,524,0,527,0,4,527,0,531,182,0,182,713
03/24/2013,FFZ,AZ,AWP,WE,Towers with Radar,0,0,6,0,6,0,7,373,17,397,0,7,379,17,403,490,0,490,893
03/25/2013,FFZ,AZ,AWP,WE,Towers with Radar,0,0,45,0,45,0,29,284,11,324,0,29,329,11,369,463,0,463,832
03/26/2013,FFZ,AZ,AWP,WE,Towers with Radar,0,2,8,0,10,0,13,273,26,312,0,15,281,26,322,329,0,329,651
03/27/2013,FFZ,AZ,AWP,WE,Towers with Radar,0,1,19,0,20,0,13,342,37,392,0,14,361,37,412,364,0,364,776
03/28/2013,FFZ,AZ,AWP,WE,Towers with Radar,0,1,7,0,8,0,5,346,34,385,0,6,353,34,393,425,8,433,826
03/29/2013,FFZ,AZ,AWP,WE,Towers with Radar,0,2,15,0,17,0,6,399,31,436,0,8,414,31,453,508,0,508,961
03/30/2013,FFZ,AZ,AWP,WE,Towers with Radar,0,2,7,0,9,0,8,377,4,389,0,10,384,4,398,408,0,408,806
03/31/2013,FFZ,AZ,AWP,WE,Towers with Radar,0,0,6,0,6,0,3,245,1,249,0,3,251,1,255,189,0,189,444
04/01/2013,FFZ,AZ,AWP,WE,Towers with Radar,0,0,14,0,14,0,10,211,31,252,0,10,225,31,266,264,0,264,530
04/02/2013,FFZ,AZ,AWP,WE,Towers with Radar,0,0,17,0,17,0,16,269,30,315,0,16,286,30,332,495,0,495,827
04/03/2013,FFZ,AZ,AWP,WE,Towers with Radar,0,2,15,0,17,0,8,376,11,395,0,10,391,11,412,469,0,469,881
04/04/2013,FFZ,AZ,AWP,WE,Towers with Radar,0,5,5,1,11,0,17,326,9,352,0,22,331,10,363,519,0,519,882
04/05/2013,FFZ,AZ,AWP,WE,Towers with Radar,0,1,14,0,15,0,12,336,5,353,0,13,350,5,368,492,0,492,860
04/06/2013,FFZ,AZ,AWP,WE,Towers with Radar,0,0,10,0,10,0,8,318,10,336,0,8,328,10,346,372,0,372,718
04/07/2013,FFZ,AZ,AWP,WE,Towers with Radar,0,0,15,0,15,0,12,223,0,235,0,12,238,0,250,212,0,212,462
04/08/2013,FFZ,AZ,AWP,WE,Towers with Radar,0,0,4,0,4,0,1,43,5,49,0,1,47,5,53,102,0,102,155
04/09/2013,FFZ,AZ,AWP,WE,Towers with Radar,0,0,9,0,9,0,7,196,7,210,0,7,205,7,219,507,0,507,726
04/10/2013,FFZ,AZ,AWP,WE,Towers with Radar,0,0,15,0,15,0,1,312,15,328,0,1,327,15,343,587,49,636,979
04/11/2013,FFZ,AZ,AWP,WE,Towers with Radar,0,0,14,0,14,0,8,377,17,402,0,8,391,17,416,535,0,535,951
04/12/2013,FFZ,AZ,AWP,WE,Towers with Radar,0,0,5,0,5,0,6,278,24,308,0,6,283,24,313,472,0,472,785
04/13/2013,FFZ,AZ,AWP,WE,Towers with Radar,0,0,11,0,11,0,7,299,11,317,0,7,310,11,328,239,0,239,567
04/14/2013,FFZ,AZ,AWP,WE,Towers with Radar,0,0,10,0,10,0,12,189,0,201,0,12,199,0,211,283,0,283,494
04/15/2013,FFZ,AZ,AWP,WE,Towers with Radar,0,1,9,0,10,0,3,144,9,156,0,4,153,9,166,226,0,226,392
04/16/2013,FFZ,AZ,AWP,WE,Towers with Radar,0,1,14,0,15,0,7,215,21,243,0,8,229,21,258,225,0,225,483
04/17/2013,FFZ,AZ,AWP,WE,Towers with Radar,0,1,9,0,10,0,13,188,32,233,0,14,197,32,243,361,14,375,618
04/18/2013,FFZ,AZ,AWP,WE,Towers with Radar,0,0,14,0,14,0,6,339,11,356,0,6,353,11,370,425,0,425,795
04/19/2013,FFZ,AZ,AWP,WE,Towers with Radar,0,1,6,0,7,0,4,269,26,299,0,5,275,26,306,298,0,298,604
04/20/2013,FFZ,AZ,AWP,WE,Towers with Radar,0,2,8,0,10,0,3,284,3,290,0,5,292,3,300,236,0,236,536
04/21/2013,FFZ,AZ,AWP,WE,Towers with Radar,0,0,7,0,7,0,4,226,0,230,0,4,233,0,237,235,0,235,472
04/22/2013,FFZ,AZ,AWP,WE,Towers with Radar,0,0,11,0,11,0,6,247,12,265,0,6,258,12,276,316,0,316,592
04/23/2013,FFZ,AZ,AWP,WE,Towers with Radar,0,0,6,0,6,0,8,291,38,337,0,8,297,38,343,385,27,412,755
04/24/2013,FFZ,AZ,AWP,WE,Towers with Radar,0,0,7,0,7,0,9,256,16,281,0,9,263,16,288,443,0,443,731
04/25/2013,FFZ,AZ,AWP,WE,Towers with Radar,0,2,9,0,11,0,5,246,22,273,0,7,255,22,284,280,11,291,575
04/26/2013,FFZ,AZ,AWP,WE,Towers with Radar,0,0,20,0,20,0,10,253,12,275,0,10,273,12,295,392,0,392,687
04/27/2013,FFZ,AZ,AWP,WE,Towers with Radar,0,0,6,0,6,0,7,300,14,321,0,7,306,14,327,328,0,328,655
04/28/2013,FFZ,AZ,AWP,WE,Towers with Radar,0,2,11,0,13,0,9,262,0,271,0,11,273,0,284,265,0,265,549
04/29/2013,FFZ,AZ,AWP,WE,Towers with Radar,0,0,6,0,6,0,7,254,1,262,0,7,260,1,268,287,0,287,555
04/30/2013,FFZ,AZ,AWP,WE,Towers with Radar,0,0,4,0,4,0,6,259,12,277,0,6,263,12,281,293,0,293,574
05/01/2013,FFZ,AZ,AWP,WE,Towers with Radar,0,2,10,0,12,0,10,292,0,302,0,12,302,0,314,399,0,399,713
05/02/2013,FFZ,AZ,AWP,WE,Towers with Radar,0,0,9,0,9,0,15,221,8,244,0,15,230,8,253,372,0,372,625
05/03/2013,FFZ,AZ,AWP,WE,Towers with Radar,0,2,13,0,15,0,4,230,7,241,0,6,243,7,256,398,0,398,654
05/04/2013,FFZ,AZ,AWP,WE,Towers with Radar,0,1,9,0,10,0,4,341,8,353,0,5,350,8,363,295,0,295,658
05/05/2013,FFZ,AZ,AWP,WE,Towers with Radar,0,4,11,0,15,0,3,192,0,195,0,7,203,0,210,318,0,318,528
05/06/2013,FFZ,AZ,AWP,WE,Towers with Radar,0,0,14,0,14,0,8,209,20,237,0,8,223,20,251,324,4,328,579
05/07/2013,FFZ,AZ,AWP,WE,Towers with Radar,0,0,6,0,6,0,11,262,15,288,0,11,268,15,294,407,1,408,702
05/08/2013,FFZ,AZ,AWP,WE,Towers with Radar,0,2,9,0,11,0,8,322,7,337,0,10,331,7,348,517,0,517,865
05/09/2013,FFZ,AZ,AWP,WE,Towers with Radar,0,2,4,0,6,0,15,232,14,261,0,17,236,14,267,465,1,466,733
05/10/2013,FFZ,AZ,AWP,WE,Towers with Radar,0,3,4,0,7,0,9,254,15,278,0,12,258,15,285,473,2,475,760
05/11/2013,FFZ,AZ,AWP,WE,Towers with Radar,0,1,19,0,20,0,8,271,18,297,0,9,290,18,317,335,4,339,656
05/12/2013,FFZ,AZ,AWP,WE,Towers with Radar,0,0,19,0,19,0,6,183,0,189,0,6,202,0,208,310,0,310,518
05/13/2013,FFZ,AZ,AWP,WE,Towers with Radar,0,2,4,0,6,0,8,196,6,210,0,10,200,6,216,442,0,442,658
05/14/2013,FFZ,AZ,AWP,WE,Towers with Radar,0,3,6,0,9,0,4,267,20,291,0,7,273,20,300,438,0,438,738
05/15/2013,FFZ,AZ,AWP,WE,Towers with Radar,0,0,3,0,3,0,9,285,24,318,0,9,288,24,321,476,2,478,799
05/16/2013,FFZ,AZ,AWP,WE,Towers with Radar,0,0,2,0,2,0,10,275,20,305,0,10,277,20,307,382,1,383,690
05/17/2013,FFZ,AZ,AWP,WE,Towers with Radar,0,0,7,0,7,0,6,252,25,283,0,6,259,25,290,283,0,283,573
05/18/2013,FFZ,AZ,AWP,WE,Towers with Radar,0,0,7,0,7,0,12,342,23,377,0,12,349,23,384,526,0,526,910
05/19/2013,FFZ,AZ,AWP,WE,Towers with Radar,0,0,7,0,7,0,18,266,1,285,0,18,273,1,292,584,0,584,876
05/20/2013,FFZ,AZ,AWP,WE,Towers with Radar,0,0,4,0,4,0,15,210,15,240,0,15,214,15,244,362,1,363,607
05/21/2013,FFZ,AZ,AWP,WE,Towers with Radar,1,3,2,0,6,0,11,305,13,329,1,14,307,13,335,583,1,584,919
05/22/2013,FFZ,AZ,AWP,WE,Towers with Radar,0,0,7,0,7,0,0,269,13,282,0,0,276,13,289,488,0,488,777
05/23/2013,FFZ,AZ,AWP,WE,Towers with Radar,0,0,9,0,9,0,12,264,9,285,0,12,273,9,294,559,0,559,853
05/24/2013,FFZ,AZ,AWP,WE,Towers with Radar,0,0,11,0,11,0,8,265,12,285,0,8,276,12,296,474,0,474,770
05/25/2013,FFZ,AZ,AWP,WE,Towers with Radar,0,0,4,0,4,0,8,317,0,325,0,8,321,0,329,375,0,375,704
05/26/2013,FFZ,AZ,AWP,WE,Towers with Radar,0,0,0,0,0,0,5,246,0,251,0,5,246,0,251,418,0,418,669
05/27/2013,FFZ,AZ,AWP,WE,Towers with Radar,0,1,5,0,6,0,7,139,0,146,0,8,144,0,152,101,0,101,253
05/28/2013,FFZ,AZ,AWP,WE,Towers with Radar,0,4,6,0,10,0,12,222,12,246,0,16,228,12,256,354,0,354,610
05/29/2013,FFZ,AZ,AWP,WE,Towers with Radar,0,0,6,0,6,0,5,308,1,314,0,5,314,1,320,607,0,607,927
05/30/2013,FFZ,AZ,AWP,WE,Towers with Radar,0,0,10,0,10,0,12,259,4,275,0,12,269,4,285,474,0,474,759
05/31/2013,FFZ,AZ,AWP,WE,Towers with Radar,0,0,4,0,4,0,8,286,3,297,0,8,290,3,301,413,0,413,714
06/01/2013,FFZ,AZ,AWP,WE,Towers with Radar,0,0,4,0,4,0,12,275,9,296,0,12,279,9,300,359,0,359,659
06/02/2013,FFZ,AZ,AWP,WE,Towers with Radar,0,0,2,0,2,0,4,246,0,250,0,4,248,0,252,279,0,279,531
06/03/2013,FFZ,AZ,AWP,WE,Towers with Radar,0,0,5,0,5,0,8,221,6,235,0,8,226,6,240,313,1,314,554
06/04/2013,FFZ,AZ,AWP,WE,Towers with Radar,0,0,6,0,6,0,15,268,16,299,0,15,274,16,305,349,0,349,654
06/05/2013,FFZ,AZ,AWP,WE,Towers with Radar,0,0,7,0,7,0,11,244,14,269,0,11,251,14,276,322,2,324,600
06/06/2013,FFZ,AZ,AWP,WE,Towers with Radar,0,2,15,0,17,0,10,310,11,331,0,12,325,11,348,345,0,345,693
06/07/2013,FFZ,AZ,AWP,WE,Towers with Radar,0,0,6,0,6,0,4,271,9,284,0,4,277,9,290,279,2,281,571
06/08/2013,FFZ,AZ,AWP,WE,Towers with Radar,0,0,10,0,10,0,10,298,9,317,0,10,308,9,327,296,0,296,623
06/09/2013,FFZ,AZ,AWP,WE,Towers with Radar,0,0,6,0,6,0,10,246,0,256,0,10,252,0,262,164,0,164,426
06/10/2013,FFZ,AZ,AWP,WE,Towers with Radar,0,0,9,0,9,0,11,229,8,248,0,11,238,8,257,285,0,285,542
06/11/2013,FFZ,AZ,AWP,WE,Towers with Radar,0,0,5,0,5,0,15,203,18,236,0,15,208,18,241,280,0,280,521
06/12/2013,FFZ,AZ,AWP,WE,Towers with Radar,0,0,8,0,8,0,4,249,33,286,0,4,257,33,294,289,0,289,583
06/13/2013,FFZ,AZ,AWP,WE,Towers with Radar,0,0,9,0,9,0,4,267,11,282,0,4,276,11,291,232,6,238,529
06/14/2013,FFZ,AZ,AWP,WE,Towers with Radar,0,0,4,0,4,0,1,249,14,264,0,1,253,14,268,251,0,251,519
06/15/2013,FFZ,AZ,AWP,WE,Towers with Radar,0,0,5,0,5,0,2,322,12,336,0,2,327,12,341,330,0,330,671
06/16/2013,FFZ,AZ,AWP,WE,Towers with Radar,0,0,10,0,10,0,21,229,3,253,0,21,239,3,263,229,0,229,492
06/17/2013,FFZ,AZ,AWP,WE,Towers with Radar,0,0,5,0,5,0,16,196,27,239,0,16,201,27,244,344,8,352,596
06/18/2013,FFZ,AZ,AWP,WE,Towers with Radar,0,0,7,0,7,0,11,225,20,256,0,11,232,20,263,342,1,343,606
06/19/2013,FFZ,AZ,AWP,WE,Towers with Radar,0,0,6,0,6,0,5,274,19,298,0,5,280,19,304,300,0,300,604
06/20/2013,FFZ,AZ,AWP,WE,Towers with Radar,0,0,4,0,4,0,4,262,19,285,0,4,266,19,289,386,0,386,675
06/21/2013,FFZ,AZ,AWP,WE,Towers with Radar,0,2,8,0,10,0,7,277,8,292,0,9,285,8,302,429,0,429,731
06/22/2013,FFZ,AZ,AWP,WE,Towers with Radar,0,2,8,0,10,0,4,274,13,291,0,6,282,13,301,295,0,295,596
06/23/2013,FFZ,AZ,AWP,WE,Towers with Radar,0,0,8,0,8,0,18,225,0,243,0,18,233,0,251,237,0,237,488
06/24/2013,FFZ,AZ,AWP,WE,Towers with Radar,0,2,5,0,7,0,11,254,13,278,0,13,259,13,285,314,0,314,599
06/25/2013,FFZ,AZ,AWP,WE,Towers with Radar,0,0,1,0,1,0,5,302,18,325,0,5,303,18,326,205,0,205,531
06/26/2013,FFZ,AZ,AWP,WE,Towers with Radar,0,3,2,0,5,0,14,234,22,270,0,17,236,22,275,268,0,268,543
06/27/2013,FFZ,AZ,AWP,WE,Towers with Radar,0,4,0,0,4,0,14,229,13,256,0,18,229,13,260,344,0,344,604
06/28/2013,FFZ,AZ,AWP,WE,Towers with Radar,0,2,8,0,10,0,3,208,6,217,0,5,216,6,227,347,0,347,574
06/29/2013,FFZ,AZ,AWP,WE,Towers with Radar,0,4,3,0,7,0,7,205,0,212,0,11,208,0,219,305,0,305,524
06/30/2013,FFZ,AZ,AWP,WE,Towers with Radar,0,0,1,0,1,0,5,162,0,167,0,5,163,0,168,179,0,179,347
07/01/2013,FFZ,AZ,AWP,WE,Towers with Radar,0,0,5,0,5,0,4,195,8,207,0,4,200,8,212,411,0,411,623
07/02/2013,FFZ,AZ,AWP,WE,Towers with Radar,0,0,1,0,1,0,5,201,5,211,0,5,202,5,212,411,0,411,623
07/03/2013,FFZ,AZ,AWP,WE,Towers with Radar,1,0,9,0,10,0,20,255,16,291,1,20,264,16,301,563,0,563,864
07/04/2013,FFZ,AZ,AWP,WE,Towers with Radar,0,0,13,0,13,0,3,102,0,105,0,3,115,0,118,74,0,74,192
07/05/2013,FFZ,AZ,AWP,WE,Towers with Radar,0,0,3,0,3,0,7,228,0,235,0,7,231,0,238,464,0,464,702
07/06/2013,FFZ,AZ,AWP,WE,Towers with Radar,0,0,1,0,1,0,5,259,0,264,0,5,260,0,265,402,0,402,667
07/07/2013,FFZ,AZ,AWP,WE,Towers with Radar,0,0,6,0,6,0,9,201,0,210,0,9,207,0,216,321,0,321,537
07/08/2013,FFZ,AZ,AWP,WE,Towers with Radar,0,0,4,0,4,0,5,205,18,228,0,5,209,18,232,376,0,376,608
07/09/2013,FFZ,AZ,AWP,WE,Towers with Radar,0,0,2,0,2,0,13,209,4,226,0,13,211,4,228,384,0,384,612
07/10/2013,FFZ,AZ,AWP,WE,Towers with Radar,0,0,6,0,6,0,14,199,8,221,0,14,205,8,227,489,0,489,716
07/11/2013,FFZ,AZ,AWP,WE,Towers with Radar,0,0,7,0,7,0,38,264,13,315,0,38,271,13,322,572,0,572,894
07/12/2013,FFZ,AZ,AWP,WE,Towers with Radar,0,0,8,0,8,0,7,293,9,309,0,7,301,9,317,450,0,450,767
07/13/2013,FFZ,AZ,AWP,WE,Towers with Radar,0,0,3,0,3,0,6,242,11,259,0,6,245,11,262,512,0,512,774
07/14/2013,FFZ,AZ,AWP,WE,Towers with Radar,0,0,2,0,2,0,2,222,0,224,0,2,224,0,226,298,0,298,524
07/15/2013,FFZ,AZ,AWP,WE,Towers with Radar,0,0,2,0,2,0,12,168,8,188,0,12,170,8,190,417,0,417,607
07/16/2013,FFZ,AZ,AWP,WE,Towers with Radar,0,0,1,0,1,0,15,260,10,285,0,15,261,10,286,511,0,511,797
07/17/2013,FFZ,AZ,AWP,WE,Towers with Radar,0,0,3,0,3,0,0,218,17,235,0,0,221,17,238,588,0,588,826
07/18/2013,FFZ,AZ,AWP,WE,Towers with Radar,0,0,2,0,2,0,13,278,15,306,0,13,280,15,308,710,0,710,1018
07/19/2013,FFZ,AZ,AWP,WE,Towers with Radar,0,0,4,0,4,0,3,260,15,278,0,3,264,15,282,465,0,465,747
07/20/2013,FFZ,AZ,AWP,WE,Towers with Radar,0,0,5,0,5,0,6,253,3,262,0,6,258,3,267,235,0,235,502
07/21/2013,FFZ,AZ,AWP,WE,Towers with Radar,0,0,4,0,4,0,5,124,0,129,0,5,128,0,133,257,0,257,390
07/22/2013,FFZ,AZ,AWP,WE,Towers with Radar,0,0,6,0,6,0,9,204,10,223,0,9,210,10,229,466,3,469,698
07/23/2013,FFZ,AZ,AWP,WE,Towers with Radar,0,0,5,0,5,0,5,267,15,287,0,5,272,15,292,375,2,377,669
07/24/2013,FFZ,AZ,AWP,WE,Towers with Radar,0,2,7,0,9,0,10,287,19,316,0,12,294,19,325,546,0,546,871
07/25/2013,FFZ,AZ,AWP,WE,Towers with Radar,0,0,5,1,6,0,7,228,12,247,0,7,233,13,253,514,0,514,767
07/26/2013,FFZ,AZ,AWP,WE,Towers with Radar,0,0,4,1,5,0,7,292,15,314,0,7,296,16,319,547,0,547,866
07/27/2013,FFZ,AZ,AWP,WE,Towers with Radar,0,0,4,0,4,0,5,251,6,262,0,5,255,6,266,432,0,432,698
07/28/2013,FFZ,AZ,AWP,WE,Towers with Radar,0,2,3,0,5,0,60,187,0,247,0,62,190,0,252,385,0,385,637
07/29/2013,FFZ,AZ,AWP,WE,Towers with Radar,0,2,6,0,8,0,5,246,7,258,0,7,252,7,266,415,0,415,681
07/30/2013,FFZ,AZ,AWP,WE,Towers with Radar,1,0,4,0,5,0,4,317,9,330,1,4,321,9,335,520,1,521,856
07/31/2013,FFZ,AZ,AWP,WE,Towers with Radar,0,2,10,0,12,0,21,314,14,349,0,23,324,14,361,445,0,445,806
08/01/2013,FFZ,AZ,AWP,WE,Towers with Radar,0,2,6,0,8,0,4,243,27,274,0,6,249,27,282,304,0,304,586
08/02/2013,FFZ,AZ,AWP,WE,Towers with Radar,0,0,4,0,4,0,9,245,14,268,0,9,249,14,272,482,1,483,755
08/03/2013,FFZ,AZ,AWP,WE,Towers with Radar,0,0,6,0,6,0,2,258,14,274,0,2,264,14,280,277,0,277,557
08/04/2013,FFZ,AZ,AWP,WE,Towers with Radar,0,0,6,0,6,0,14,204,0,218,0,14,210,0,224,231,0,231,455
08/05/2013,FFZ,AZ,AWP,WE,Towers with Radar,0,0,2,0,2,0,17,211,17,245,0,17,213,17,247,342,0,342,589
08/06/2013,FFZ,AZ,AWP,WE,Towers with Radar,0,0,6,0,6,0,1,157,12,170,0,1,163,12,176,153,0,153,329
08/07/2013,FFZ,AZ,AWP,WE,Towers with Radar,0,0,6,0,6,0,7,385,9,401,0,7,391,9,407,456,0,456,863
08/08/2013,FFZ,AZ,AWP,WE,Towers with Radar,0,0,3,0,3,0,6,281,6,293,0,6,284,6,296,326,15,341,637
08/09/2013,FFZ,AZ,AWP,WE,Towers with Radar,0,0,8,0,8,0,11,266,12,289,0,11,274,12,297,344,0,344,641
08/10/2013,FFZ,AZ,AWP,WE,Towers with Radar,0,0,5,0,5,0,9,330,6,345,0,9,335,6,350,215,0,215,565
08/11/2013,FFZ,AZ,AWP,WE,Towers with Radar,0,0,4,0,4,0,9,278,0,287,0,9,282,0,291,260,0,260,551
08/12/2013,FFZ,AZ,AWP,WE,Towers with Radar,0,0,6,0,6,0,2,262,6,270,0,2,268,6,276,268,1,269,545
08/13/2013,FFZ,AZ,AWP,WE,Towers with Radar,1,0,5,0,6,0,6,308,5,319,1,6,313,5,325,319,0,319,644
08/14/2013,FFZ,AZ,AWP,WE,Towers with Radar,0,0,8,0,8,0,7,316,20,343,0,7,324,20,351,361,0,361,712
08/15/2013,FFZ,AZ,AWP,WE,Towers with Radar,0,1,9,0,10,0,6,287,8,301,0,7,296,8,311,212,0,212,523
08/16/2013,FFZ,AZ,AWP,WE,Towers with Radar,0,0,6,0,6,0,5,280,5,290,0,5,286,5,296,260,0,260,556
08/17/2013,FFZ,AZ,AWP,WE,Towers with Radar,0,0,3,0,3,0,7,243,26,276,0,7,246,26,279,280,0,280,559
08/18/2013,FFZ,AZ,AWP,WE,Towers with Radar,0,0,6,0,6,0,5,209,0,214,0,5,215,0,220,354,0,354,574
08/19/2013,FFZ,AZ,AWP,WE,Towers with Radar,0,0,9,0,9,0,9,217,9,235,0,9,226,9,244,277,0,277,521
08/20/2013,FFZ,AZ,AWP,WE,Towers with Radar,0,0,4,0,4,0,15,262,10,287,0,15,266,10,291,415,2,417,708
08/21/2013,FFZ,AZ,AWP,WE,Towers with Radar,0,0,7,0,7,0,15,313,6,334,0,15,320,6,341,602,0,602,943
08/22/2013,FFZ,AZ,AWP,WE,Towers with Radar,0,0,7,0,7,0,6,256,15,277,0,6,263,15,284,585,0,585,869
08/23/2013,FFZ,AZ,AWP,WE,Towers with Radar,0,1,6,0,7,0,7,283,20,310,0,8,289,20,317,746,0,746,1063
08/24/2013,FFZ,AZ,AWP,WE,Towers with Radar,0,0,5,0,5,0,3,275,10,288,0,3,280,10,293,746,0,746,1039
08/25/2013,FFZ,AZ,AWP,WE,Towers with Radar,0,0,2,0,2,0,2,165,0,167,0,2,167,0,169,606,0,606,775
08/26/2013,FFZ,AZ,AWP,WE,Towers with Radar,0,0,2,0,2,0,3,200,8,211,0,3,202,8,213,385,0,385,598
08/27/2013,FFZ,AZ,AWP,WE,Towers with Radar,0,0,8,0,8,0,22,294,5,321,0,22,302,5,329,643,0,643,972
08/28/2013,FFZ,AZ,AWP,WE,Towers with Radar,0,0,8,0,8,0,8,302,16,326,0,8,310,16,334,685,0,685,1019
08/29/2013,FFZ,AZ,AWP,WE,Towers with Radar,0,2,3,0,5,0,5,294,10,309,0,7,297,10,314,794,0,794,1108
08/30/2013,FFZ,AZ,AWP,WE,Towers with Radar,0,2,4,0,6,0,2,274,43,319,0,4,278,43,325,574,0,574,899
08/31/2013,FFZ,AZ,AWP,WE,Towers with Radar,0,0,4,0,4,0,11,240,3,254,0,11,244,3,258,642,0,642,900
09/01/2013,FFZ,AZ,AWP,WE,Towers with Radar,0,0,1,0,1,0,10,250,0,260,0,10,251,0,261,534,0,534,795
09/02/2013,FFZ,AZ,AWP,WE,Towers with Radar,0,0,8,0,8,0,20,122,0,142,0,20,130,0,150,68,0,68,218
09/03/2013,FFZ,AZ,AWP,WE,Towers with Radar,0,1,5,0,6,0,4,293,15,312,0,5,298,15,318,540,0,540,858
09/04/2013,FFZ,AZ,AWP,WE,Towers with Radar,0,1,5,0,6,0,12,344,7,363,0,13,349,7,369,652,0,652,1021
09/05/2013,FFZ,AZ,AWP,WE,Towers with Radar,0,0,6,0,6,0,12,283,16,311,0,12,289,16,317,623,0,623,940
09/06/2013,FFZ,AZ,AWP,WE,Towers with Radar,0,0,4,0,4,0,2,294,10,306,0,2,298,10,310,511,0,511,821
09/07/2013,FFZ,AZ,AWP,WE,Towers with Radar,0,0,4,0,4,0,5,308,10,323,0,5,312,10,327,597,0,597,924
09/08/2013,FFZ,AZ,AWP,WE,Towers with Radar,0,0,9,0,9,0,0,113,0,113,0,0,122,0,122,339,0,339,461
09/09/2013,FFZ,AZ,AWP,WE,Towers with Radar,0,2,7,0,9,0,6,131,10,147,0,8,138,10,156,353,0,353,509
09/10/2013,FFZ,AZ,AWP,WE,Towers with Radar,0,1,4,0,5,0,4,263,7,274,0,5,267,7,279,592,0,592,871
09/11/2013,FFZ,AZ,AWP,WE,Towers with Radar,0,1,7,0,8,0,12,329,24,365,0,13,336,24,373,732,0,732,1105
09/12/2013,FFZ,AZ,AWP,WE,Towers with Radar,0,1,2,0,3,0,12,275,14,301,0,13,277,14,304,457,0,457,761
09/13/2013,FFZ,AZ,AWP,WE,Towers with Radar,0,0,3,0,3,0,4,235,5,244,0,4,238,5,247,485,0,485,732
09/14/2013,FFZ,AZ,AWP,WE,Towers with Radar,0,1,1,0,2,0,16,315,6,337,0,17,316,6,339,528,0,528,867
09/15/2013,FFZ,AZ,AWP,WE,Towers with Radar,0,2,3,0,5,0,14,263,0,277,0,16,266,0,282,501,0,501,783
09/16/2013,FFZ,AZ,AWP,WE,Towers with Radar,0,3,8,0,11,0,7,216,17,240,0,10,224,17,251,393,0,393,644
09/17/2013,FFZ,AZ,AWP,WE,Towers with Radar,0,2,8,0,10,0,9,288,25,322,0,11,296,25,332,555,0,555,887
09/18/2013,FFZ,AZ,AWP,WE,Towers with Radar,0,0,1,0,1,0,10,253,18,281,0,10,254,18,282,591,0,591,873
09/19/2013,FFZ,AZ,AWP,WE,Towers with Radar,0,0,6,0,6,0,11,343,11,365,0,11,349,11,371,640,0,640,1011
09/20/2013,FFZ,AZ,AWP,WE,Towers with Radar,0,1,4,0,5,0,13,381,12,406,0,14,385,12,411,490,0,490,901
09/21/2013,FFZ,AZ,AWP,WE,Towers with Radar,0,0,3,0,3,0,12,337,2,351,0,12,340,2,354,527,0,527,881
09/22/2013,FFZ,AZ,AWP,WE,Towers with Radar,0,0,6,0,6,0,4,253,9,266,0,4,259,9,272,399,0,399,671
09/23/2013,FFZ,AZ,AWP,WE,Towers with Radar,0,3,4,0,7,0,18,352,10,380,0,21,356,10,387,540,2,542,929
09/24/2013,FFZ,AZ,AWP,WE,Towers with Radar,0,0,11,0,11,0,10,416,17,443,0,10,427,17,454,698,0,698,1152
09/25/2013,FFZ,AZ,AWP,WE,Towers with Radar,0,0,8,0,8,0,10,345,21,376,0,10,353,21,384,541,5,546,930
09/26/2013,FFZ,AZ,AWP,WE,Towers with Radar,0,2,3,0,5,0,0,285,8,293,0,2,288,8,298,445,0,445,743
09/27/2013,FFZ,AZ,AWP,WE,Towers with Radar,0,1,9,0,10,0,5,360,16,381,0,6,369,16,391,457,0,457,848
09/28/2013,FFZ,AZ,AWP,WE,Towers with Radar,0,0,5,0,5,0,19,390,3,412,0,19,395,3,417,510,0,510,927
09/29/2013,FFZ,AZ,AWP,WE,Towers with Radar,0,0,5,0,5,0,6,263,0,269,0,6,268,0,274,396,0,396,670
09/30/2013,FFZ,AZ,AWP,WE,Towers with Radar,0,0,3,0,3,0,11,303,3,317,0,11,306,3,320,658,0,658,978
10/01/2013,FFZ,AZ,AWP,WE,Towers with Radar,0,1,9,0,10,0,12,355,13,380,0,13,364,13,390,629,0,629,1019
10/02/2013,FFZ,AZ,AWP,WE,Towers with Radar,0,0,7,0,7,0,4,427,5,436,0,4,434,5,443,781,0,781,1224
10/03/2013,FFZ,AZ,AWP,WE,Towers with Radar,0,2,5,0,7,0,6,345,9,360,0,8,350,9,367,708,0,708,1075
10/04/2013,FFZ,AZ,AWP,WE,Towers with Radar,0,0,4,0,4,0,4,289,14,307,0,4,293,14,311,639,1,640,951
10/05/2013,FFZ,AZ,AWP,WE,Towers with Radar,0,0,1,0,1,0,9,305,0,314,0,9,306,0,315,397,0,397,712
10/06/2013,FFZ,AZ,AWP,WE,Towers with Radar,0,0,16,0,16,0,0,285,0,285,0,0,301,0,301,571,0,571,872
10/07/2013,FFZ,AZ,AWP,WE,Towers with Radar,0,0,17,0,17,0,11,276,7,294,0,11,293,7,311,619,0,619,930
10/08/2013,FFZ,AZ,AWP,WE,Towers with Radar,0,0,12,0,12,0,7,323,7,337,0,7,335,7,349,604,0,604,953
10/09/2013,FFZ,AZ,AWP,WE,Towers with Radar,0,0,12,0,12,0,3,191,2,196,0,3,203,2,208,328,0,328,536
10/10/2013,FFZ,AZ,AWP,WE,Towers with Radar,0,0,38,0,38,0,2,283,13,298,0,2,321,13,336,556,0,556,892
10/11/2013,FFZ,AZ,AWP,WE,Towers with Radar,0,1,20,0,21,0,4,390,10,404,0,5,410,10,425,740,0,740,1165
10/12/2013,FFZ,AZ,AWP,WE,Towers with Radar,0,1,22,0,23,0,4,395,1,400,0,5,417,1,423,479,0,479,902
10/13/2013,FFZ,AZ,AWP,WE,Towers with Radar,0,0,19,0,19,0,12,266,0,278,0,12,285,0,297,387,0,387,684
10/14/2013,FFZ,AZ,AWP,WE,Towers with Radar,0,1,24,0,25,0,11,331,12,354,0,12,355,12,379,548,0,548,927
10/15/2013,FFZ,AZ,AWP,WE,Towers with Radar,0,4,36,0,40,0,6,347,4,357,0,10,383,4,397,533,0,533,930
10/16/2013,FFZ,AZ,AWP,WE,Towers with Radar,0,1,26,0,27,0,9,395,6,410,0,10,421,6,437,421,0,421,858
10/17/2013,FFZ,AZ,AWP,WE,Towers with Radar,0,1,40,0,41,0,6,380,5,391,0,7,420,5,432,678,0,678,1110
10/18/2013,FFZ,AZ,AWP,WE,Towers with Radar,0,1,45,0,46,0,5,457,5,467,0,6,502,5,513,535,4,539,1052
10/19/2013,FFZ,AZ,AWP,WE,Towers with Radar,0,0,21,0,21,0,2,443,0,445,0,2,464,0,466,353,0,353,819
10/20/2013,FFZ,AZ,AWP,WE,Towers with Radar,0,0,29,0,29,0,3,284,0,287,0,3,313,0,316,315,0,315,631
10/21/2013,FFZ,AZ,AWP,WE,Towers with Radar,0,3,30,0,33,0,7,319,10,336,0,10,349,10,369,439,17,456,825
10/22/2013,FFZ,AZ,AWP,WE,Towers with Radar,0,1,24,0,25,0,9,452,8,469,0,10,476,8,494,612,0,612,1106
10/23/2013,FFZ,AZ,AWP,WE,Towers with Radar,0,6,26,0,32,0,8,445,7,460,0,14,471,7,492,630,3,633,1125
10/24/2013,FFZ,AZ,AWP,WE,Towers with Radar,0,2,32,0,34,0,9,398,3,410,0,11,430,3,444,608,0,608,1052
10/25/2013,FFZ,AZ,AWP,WE,Towers with Radar,0,2,34,0,36,0,21,464,4,489,0,23,498,4,525,537,0,537,1062
10/26/2013,FFZ,AZ,AWP,WE,Towers with Radar,0,0,41,3,44,0,6,362,4,372,0,6,403,7,416,424,2,426,842
10/27/2013,FFZ,AZ,AWP,WE,Towers with Radar,0,0,30,0,30,0,7,286,0,293,0,7,316,0,323,315,0,315,638
10/28/2013,FFZ,AZ,AWP,WE,Towers with Radar,0,3,28,0,31,0,18,297,18,333,0,21,325,18,364,380,0,380,744
10/29/2013,FFZ,AZ,AWP,WE,Towers with Radar,0,2,30,0,32,0,18,364,23,405,0,20,394,23,437,577,3,580,1017
10/30/2013,FFZ,AZ,AWP,WE,Towers with Radar,0,2,31,0,33,0,4,371,12,387,0,6,402,12,420,724,0,724,1144
10/31/2013,FFZ,AZ,AWP,WE,Towers with Radar,0,4,25,0,29,0,2,416,4,422,0,6,441,4,451,472,0,472,923
11/01/2013,FFZ,AZ,AWP,WE,Towers with Radar,0,2,32,0,34,0,6,382,7,395,0,8,414,7,429,447,0,447,876
11/02/2013,FFZ,AZ,AWP,WE,Towers with Radar,0,0,23,0,23,0,4,369,0,373,0,4,392,0,396,385,0,385,781
11/03/2013,FFZ,AZ,AWP,WE,Towers with Radar,0,0,22,0,22,0,0,276,0,276,0,0,298,0,298,441,0,441,739
11/04/2013,FFZ,AZ,AWP,WE,Towers with Radar,0,3,23,0,26,0,7,270,11,288,0,10,293,11,314,453,0,453,767
11/05/2013,FFZ,AZ,AWP,WE,Towers with Radar,0,1,31,0,32,0,9,326,4,339,0,10,357,4,371,523,1,524,895
11/06/2013,FFZ,AZ,AWP,WE,Towers with Radar,0,1,17,0,18,0,6,372,7,385,0,7,389,7,403,577,0,577,980
11/07/2013,FFZ,AZ,AWP,WE,Towers with Radar,0,2,14,1,17,0,2,341,2,345,0,4,355,3,362,579,2,581,943
11/08/2013,FFZ,AZ,AWP,WE,Towers with Radar,0,2,31,0,33,0,9,376,10,395,0,11,407,10,428,505,6,511,939
11/09/2013,FFZ,AZ,AWP,WE,Towers with Radar,0,0,25,0,25,0,15,469,0,484,0,15,494,0,509,359,0,359,868
11/10/2013,FFZ,AZ,AWP,WE,Towers with Radar,0,0,25,0,25,0,8,304,0,312,0,8,329,0,337,493,0,493,830
11/11/2013,FFZ,AZ,AWP,WE,Towers with Radar,0,2,31,0,33,0,11,365,9,385,0,13,396,9,418,516,0,516,934
11/12/2013,FFZ,AZ,AWP,WE,Towers with Radar,0,2,32,0,34,0,8,276,12,296,0,10,308,12,330,433,0,433,763
11/13/2013,FFZ,AZ,AWP,WE,Towers with Radar,0,1,23,0,24,0,5,346,22,373,0,6,369,22,397,524,9,533,930
11/14/2013,FFZ,AZ,AWP,WE,Towers with Radar,0,1,20,0,21,0,9,393,13,415,0,10,413,13,436,573,0,573,1009
11/15/2013,FFZ,AZ,AWP,WE,Towers with Radar,0,3,28,0,31,0,3,235,6,244,0,6,263,6,275,322,0,322,597
11/16/2013,FFZ,AZ,AWP,WE,Towers with Radar,0,0,30,0,30,0,8,489,2,499,0,8,519,2,529,356,0,356,885
11/17/2013,FFZ,AZ,AWP,WE,Towers with Radar,0,0,24,0,24,0,9,292,0,301,0,9,316,0,325,257,0,257,582
11/18/2013,FFZ,AZ,AWP,WE,Towers with Radar,0,1,33,0,34,0,11,325,8,344,0,12,358,8,378,415,2,417,795
11/19/2013,FFZ,AZ,AWP,WE,Towers with Radar,0,1,27,0,28,0,11,327,9,347,0,12,354,9,375,483,1,484,859
11/20/2013,FFZ,AZ,AWP,WE,Towers with Radar,0,2,25,0,27,0,8,358,24,390,0,10,383,24,417,474,2,476,893
11/21/2013,FFZ,AZ,AWP,WE,Towers with Radar,0,1,24,0,25,0,3,347,10,360,0,4,371,10,385,638,6,644,1029
11/22/2013,FFZ,AZ,AWP,WE,Towers with Radar,0,1,8,0,9,0,0,30,2,32,0,1,38,2,41,60,3,63,104
11/23/2013,FFZ,AZ,AWP,WE,Towers with Radar,0,1,21,0,22,0,5,145,5,155,0,6,166,5,177,99,0,99,276
11/24/2013,FFZ,AZ,AWP,WE,Towers with Radar,0,0,26,0,26,0,6,215,0,221,0,6,241,0,247,387,0,387,634
11/25/2013,FFZ,AZ,AWP,WE,Towers with Radar,0,5,20,0,25,0,6,403,11,420,0,11,423,11,445,551,0,551,996
11/26/2013,FFZ,AZ,AWP,WE,Towers with Radar,0,1,21,0,22,0,6,373,8,387,0,7,394,8,409,380,6,386,795
11/27/2013,FFZ,AZ,AWP,WE,Towers with Radar,0,6,13,0,19,0,9,293,10,312,0,15,306,10,331,285,0,285,616
11/28/2013,FFZ,AZ,AWP,WE,Towers with Radar,0,3,0,0,3,0,10,66,0,76,0,13,66,0,79,80,0,80,159
11/29/2013,FFZ,AZ,AWP,WE,Towers with Radar,0,4,12,0,16,0,8,181,0,189,0,12,193,0,205,171,0,171,376
11/30/2013,FFZ,AZ,AWP,WE,Towers with Radar,0,1,24,0,25,0,9,408,0,417,0,10,432,0,442,444,0,444,886
12/01/2013,FFZ,AZ,AWP,WE,Towers with Radar,0,0,19,0,19,0,7,343,0,350,0,7,362,0,369,343,0,343,712
12/02/2013,FFZ,AZ,AWP,WE,Towers with Radar,0,3,29,0,32,0,4,345,13,362,0,7,374,13,394,484,0,484,878
12/03/2013,FFZ,AZ,AWP,WE,Towers with Radar,0,1,34,0,35,0,14,320,10,344,0,15,354,10,379,576,10,586,965
12/04/2013,FFZ,AZ,AWP,WE,Towers with Radar,0,1,18,0,19,0,4,281,11,296,0,5,299,11,315,575,1,576,891
12/05/2013,FFZ,AZ,AWP,WE,Towers with Radar,0,1,22,0,23,0,7,342,1,350,0,8,364,1,373,517,1,518,891
12/06/2013,FFZ,AZ,AWP,WE,Towers with Radar,0,3,32,0,35,0,5,367,11,383,0,8,399,11,418,415,1,416,834
12/07/2013,FFZ,AZ,AWP,WE,Towers with Radar,0,0,24,0,24,0,6,395,3,404,0,6,419,3,428,414,0,414,842
12/08/2013,FFZ,AZ,AWP,WE,Towers with Radar,0,2,28,0,30,0,5,312,3,320,0,7,340,3,350,338,0,338,688
12/09/2013,FFZ,AZ,AWP,WE,Towers with Radar,0,1,24,0,25,0,8,290,3,301,0,9,314,3,326,313,0,313,639
12/10/2013,FFZ,AZ,AWP,WE,Towers with Radar,0,2,23,0,25,0,1,362,1,364,0,3,385,1,389,424,0,424,813
12/11/2013,FFZ,AZ,AWP,WE,Towers with Radar,0,3,38,0,41,1,7,381,0,389,1,10,419,0,430,574,0,574,1004
12/12/2013,FFZ,AZ,AWP,WE,Towers with Radar,0,1,32,0,33,0,7,372,2,381,0,8,404,2,414,632,0,632,1046
12/13/2013,FFZ,AZ,AWP,WE,Towers with Radar,0,2,28,0,30,0,12,356,1,369,0,14,384,1,399,770,0,770,1169
12/14/2013,FFZ,AZ,AWP,WE,Towers with Radar,0,0,24,0,24,0,9,411,1,421,0,9,435,1,445,640,0,640,1085
12/15/2013,FFZ,AZ,AWP,WE,Towers with Radar,0,0,22,0,22,0,11,327,0,338,0,11,349,0,360,398,0,398,758
12/16/2013,FFZ,AZ,AWP,WE,Towers with Radar,0,0,23,0,23,0,1,303,1,305,0,1,326,1,328,680,0,680,1008
12/17/2013,FFZ,AZ,AWP,WE,Towers with Radar,0,1,24,0,25,0,10,421,4,435,0,11,445,4,460,708,0,708,1168
12/18/2013,FFZ,AZ,AWP,WE,Towers with Radar,0,1,28,0,29,0,2,389,1,392,0,3,417,1,421,600,0,600,1021
12/19/2013,FFZ,AZ,AWP,WE,Towers with Radar,0,1,19,0,20,0,23,328,4,355,0,24,347,4,375,630,0,630,1005
12/20/2013,FFZ,AZ,AWP,WE,Towers with Radar,0,1,10,0,11,0,2,226,2,230,0,3,236,2,241,682,0,682,923
12/21/2013,FFZ,AZ,AWP,WE,Towers with Radar,0,1,16,0,17,0,4,328,0,332,0,5,344,0,349,699,0,699,1048
12/22/2013,FFZ,AZ,AWP,WE,Towers with Radar,0,2,8,0,10,0,11,322,5,338,0,13,330,5,348,702,0,702,1050
12/23/2013,FFZ,AZ,AWP,WE,Towers with Radar,0,5,12,0,17,0,8,282,2,292,0,13,294,2,309,519,0,519,828
12/24/2013,FFZ,AZ,AWP,WE,Towers with Radar,0,1,3,0,4,0,20,111,0,131,0,21,114,0,135,126,0,126,261
12/25/2013,FFZ,AZ,AWP,WE,Towers with Radar,0,0,1,0,1,0,2,51,0,53,0,2,52,0,54,4,0,4,58
12/26/2013,FFZ,AZ,AWP,WE,Towers with Radar,0,3,10,0,13,0,3,114,1,118,0,6,124,1,131,101,0,101,232
12/27/2013,FFZ,AZ,AWP,WE,Towers with Radar,0,5,17,0,22,0,4,327,0,331,0,9,344,0,353,588,0,588,941
12/28/2013,FFZ,AZ,AWP,WE,Towers with Radar,0,0,13,0,13,0,9,391,0,400,0,9,404,0,413,590,0,590,1003
12/29/2013,FFZ,AZ,AWP,WE,Towers with Radar,0,0,12,0,12,0,15,278,0,293,0,15,290,0,305,668,0,668,973
12/30/2013,FFZ,AZ,AWP,WE,Towers with Radar,0,1,22,0,23,0,12,281,0,293,0,13,303,0,316,509,0,509,825
12/31/2013,FFZ,AZ,AWP,WE,Towers with Radar,0,2,20,0,22,0,11,140,0,151,0,13,160,0,173,117,0,117,290
01/01/2014,FFZ,AZ,AWP,WE,Towers with Radar,0,1,7,0,8,0,13,126,0,139,0,14,133,0,147,47,0,47,194
01/02/2014,FFZ,AZ,AWP,WE,Towers with Radar,0,1,16,0,17,0,4,313,0,317,0,5,329,0,334,427,0,427,761
01/03/2014,FFZ,AZ,AWP,WE,Towers with Radar,1,1,25,0,27,0,10,344,1,355,1,11,369,1,382,585,2,587,969
01/04/2014,FFZ,AZ,AWP,WE,Towers with Radar,0,2,28,0,30,0,13,365,1,379,0,15,393,1,409,544,0,544,953
01/05/2014,FFZ,AZ,AWP,WE,Towers with Radar,0,1,30,0,31,0,7,319,1,327,0,8,349,1,358,602,0,602,960
01/06/2014,FFZ,AZ,AWP,WE,Towers with Radar,0,3,21,0,24,0,13,291,16,320,0,16,312,16,344,498,0,498,842
01/07/2014,FFZ,AZ,AWP,WE,Towers with Radar,0,1,30,0,31,0,14,335,14,363,0,15,365,14,394,605,6,611,1005
01/08/2014,FFZ,AZ,AWP,WE,Towers with Radar,0,1,39,1,41,0,7,333,20,360,0,8,372,21,401,437,4,441,842
01/09/2014,FFZ,AZ,AWP,WE,Towers with Radar,0,4,24,0,28,0,7,355,16,378,0,11,379,16,406,725,0,725,1131
01/10/2014,FFZ,AZ,AWP,WE,Towers with Radar,0,2,19,0,21,0,10,351,3,364,0,12,370,3,385,632,3,635,1020
01/11/2014,FFZ,AZ,AWP,WE,Towers with Radar,0,0,29,0,29,0,13,412,4,429,0,13,441,4,458,536,0,536,994
01/12/2014,FFZ,AZ,AWP,WE,Towers with Radar,0,0,25,0,25,0,6,302,0,308,0,6,327,0,333,417,0,417,750
01/13/2014,FFZ,AZ,AWP,WE,Towers with Radar,0,3,21,0,24,0,11,273,22,306,0,14,294,22,330,479,7,486,816
01/14/2014,FFZ,AZ,AWP,WE,Towers with Radar,0,1,32,0,33,0,6,340,20,366,0,7,372,20,399,393,0,393,792
01/15/2014,FFZ,AZ,AWP,WE,Towers with Radar,0,1,27,0,28,0,6,342,18,366,0,7,369,18,394,485,2,487,881
01/16/2014,FFZ,AZ,AWP,WE,Towers with Radar,0,1,19,0,20,0,3,300,10,313,0,4,319,10,333,472,6,478,811
01/17/2014,FFZ,AZ,AWP,WE,Towers with Radar,0,1,33,2,36,0,3,373,4,380,0,4,406,6,416,590,0,590,1006
01/18/2014,FFZ,AZ,AWP,WE,Towers with Radar,0,0,25,0,25,0,4,437,0,441,0,4,462,0,466,528,0,528,994
01/19/2014,FFZ,AZ,AWP,WE,Towers with Radar,0,0,23,0,23,0,5,311,0,316,0,5,334,0,339,399,0,399,738
01/20/2014,FFZ,AZ,AWP,WE,Towers with Radar,0,1,27,0,28,0,5,384,13,402,0,6,411,13,430,401,5,406,836
01/21/2014,FFZ,AZ,AWP,WE,Towers with Radar,0,3,29,0,32,0,8,340,15,363,0,11,369,15,395,503,2,505,900
01/22/2014,FFZ,AZ,AWP,WE,Towers with Radar,0,1,30,0,31,0,5,354,7,366,0,6,384,7,397,506,2,508,905
01/23/2014,FFZ,AZ,AWP,WE,Towers with Radar,0,1,36,0,37,0,14,372,13,399,0,15,408,13,436,332,1,333,769
01/24/2014,FFZ,AZ,AWP,WE,Towers with Radar,0,1,30,0,31,0,12,348,3,363,0,13,378,3,394,328,0,328,722
01/25/2014,FFZ,AZ,AWP,WE,Towers with Radar,0,2,28,0,30,0,10,435,3,448,0,12,463,3,478,303,0,303,781
01/26/2014,FFZ,AZ,AWP,WE,Towers with Radar,0,0,22,0,22,0,7,332,0,339,0,7,354,0,361,279,0,279,640
01/27/2014,FFZ,AZ,AWP,WE,Towers with Radar,0,1,33,0,34,0,9,294,22,325,0,10,327,22,359,435,0,435,794
01/28/2014,FFZ,AZ,AWP,WE,Towers with Radar,0,1,46,0,47,0,8,353,5,366,0,9,399,5,413,496,0,496,909
01/29/2014,FFZ,AZ,AWP,WE,Towers with Radar,0,1,40,0,41,0,2,412,6,420,0,3,452,6,461,483,0,483,944
01/30/2014,FFZ,AZ,AWP,WE,Towers with Radar,0,1,27,0,28,0,3,334,8,345,0,4,361,8,373,640,0,640,1013
01/31/2014,FFZ,AZ,AWP,WE,Towers with Radar,0,2,28,0,30,0,12,311,0,323,0,14,339,0,353,681,0,681,1034
02/01/2014,FFZ,AZ,AWP,WE,Towers with Radar,0,3,17,0,20,0,7,389,0,396,0,10,406,0,416,516,0,516,932
02/02/2014,FFZ,AZ,AWP,WE,Towers with Radar,0,2,11,0,13,0,4,241,0,245,0,6,252,0,258,488,0,488,746
02/03/2014,FFZ,AZ,AWP,WE,Towers with Radar,0,2,23,0,25,0,17,283,0,300,0,19,306,0,325,462,0,462,787
02/04/2014,FFZ,AZ,AWP,WE,Towers with Radar,0,2,9,0,11,0,8,397,15,420,0,10,406,15,431,659,0,659,1090
02/05/2014,FFZ,AZ,AWP,WE,Towers with Radar,0,3,16,0,19,0,8,355,14,377,0,11,371,14,396,655,0,655,1051
02/06/2014,FFZ,AZ,AWP,WE,Towers with Radar,0,1,22,0,23,0,8,339,17,364,0,9,361,17,387,581,1,582,969
02/07/2014,FFZ,AZ,AWP,WE,Towers with Radar,0,1,23,0,24,0,7,357,22,386,0,8,380,22,410,486,0,486,896
02/08/2014,FFZ,AZ,AWP,WE,Towers with Radar,0,0,10,0,10,0,9,405,1,415,0,9,415,1,425,370,0,370,795
02/09/2014,FFZ,AZ,AWP,WE,Towers with Radar,0,3,23,0,26,0,25,368,0,393,0,28,391,0,419,407,0,407,826
02/10/2014,FFZ,AZ,AWP,WE,Towers with Radar,0,1,18,0,19,0,14,318,20,352,0,15,336,20,371,512,0,512,883
02/11/2014,FFZ,AZ,AWP,WE,Towers with Radar,0,1,34,0,35,0,13,350,8,371,0,14,384,8,406,390,7,397,803
02/12/2014,FFZ,AZ,AWP,WE,Towers with Radar,0,1,25,0,26,0,5,366,18,389,0,6,391,18,415,595,0,595,1010
02/13/2014,FFZ,AZ,AWP,WE,Towers with Radar,0,1,21,0,22,0,8,351,1,360,0,9,372,1,382,259,0,259,641
02/14/2014,FFZ,AZ,AWP,WE,Towers with Radar,0,1,22,0,23,0,1,425,4,430,0,2,447,4,453,391,0,391,844
02/15/2014,FFZ,AZ,AWP,WE,Towers with Radar,0,0,14,0,14,0,6,444,0,450,0,6,458,0,464,370,0,370,834
02/16/2014,FFZ,AZ,AWP,WE,Towers with Radar,0,0,13,0,13,0,6,352,0,358,0,6,365,0,371,332,0,332,703
02/17/2014,FFZ,AZ,AWP,WE,Towers with Radar,0,1,34,0,35,0,2,376,3,381,0,3,410,3,416,247,2,249,665
02/18/2014,FFZ,AZ,AWP,WE,Towers with Radar,0,1,28,0,29,0,8,408,17,433,0,9,436,17,462,389,4,393,855
02/19/2014,FFZ,AZ,AWP,WE,Towers with Radar,0,1,16,0,17,0,8,394,6,408,0,9,410,6,425,479,0,479,904
02/20/2014,FFZ,AZ,AWP,WE,Towers with Radar,0,1,14,0,15,0,6,365,11,382,0,7,379,11,397,359,2,361,758
02/21/2014,FFZ,AZ,AWP,WE,Towers with Radar,0,1,22,0,23,0,12,412,12,436,0,13,434,12,459,348,0,348,807
02/22/2014,FFZ,AZ,AWP,WE,Towers with Radar,0,0,11,0,11,0,12,468,2,482,0,12,479,2,493,320,0,320,813
02/23/2014,FFZ,AZ,AWP,WE,Towers with Radar,0,2,23,0,25,0,12,346,0,358,0,14,369,0,383,456,0,456,839
02/24/2014,FFZ,AZ,AWP,WE,Towers with Radar,0,5,21,0,26,0,10,352,19,381,0,15,373,19,407,565,22,587,994
02/25/2014,FFZ,AZ,AWP,WE,Towers with Radar,0,4,16,0,20,0,18,342,18,378,0,22,358,18,398,564,0,564,962
02/26/2014,FFZ,AZ,AWP,WE,Towers with Radar,0,1,16,0,17,0,17,404,24,445,0,18,420,24,462,532,1,533,995
02/27/2014,FFZ,AZ,AWP,WE,Towers with Radar,1,2,20,2,25,0,4,348,17,369,1,6,368,19,394,526,9,535,929
02/28/2014,FFZ,AZ,AWP,WE,Towers with Radar,0,1,8,0,9,0,1,315,7,323,0,2,323,7,332,473,0,473,805
03/01/2014,FFZ,AZ,AWP,WE,Towers with Radar,0,0,7,0,7,0,1,56,0,57,0,1,63,0,64,166,0,166,230
03/02/2014,FFZ,AZ,AWP,WE,Towers with Radar,0,3,18,0,21,0,7,207,0,214,0,10,225,0,235,484,0,484,719
03/03/2014,FFZ,AZ,AWP,WE,Towers with Radar,0,1,21,0,22,2,10,318,14,344,2,11,339,14,366,408,5,413,779
03/04/2014,FFZ,AZ,AWP,WE,Towers with Radar,0,1,23,0,24,0,13,354,11,378,0,14,377,11,402,640,0,640,1042
03/05/2014,FFZ,AZ,AWP,WE,Towers with Radar,0,1,14,0,15,0,14,358,3,375,0,15,372,3,390,532,7,539,929
03/06/2014,FFZ,AZ,AWP,WE,Towers with Radar,0,2,17,0,19,0,13,349,8,370,0,15,366,8,389,578,22,600,989
03/07/2014,FFZ,AZ,AWP,WE,Towers with Radar,0,1,24,1,26,0,12,373,25,410,0,13,397,26,436,523,0,523,959
03/08/2014,FFZ,AZ,AWP,WE,Towers with Radar,0,0,13,0,13,0,11,328,1,340,0,11,341,1,353,281,0,281,634
03/09/2014,FFZ,AZ,AWP,WE,Towers with Radar,0,0,13,1,14,0,7,311,0,318,0,7,324,1,332,491,0,491,823
03/10/2014,FFZ,AZ,AWP,WE,Towers with Radar,0,5,20,0,25,1,5,251,7,264,1,10,271,7,289,589,0,589,878
03/11/2014,FFZ,AZ,AWP,WE,Towers with Radar,0,2,21,0,23,0,4,293,17,314,0,6,314,17,337,615,3,618,955
03/12/2014,FFZ,AZ,AWP,WE,Towers with Radar,0,1,39,0,40,0,12,353,12,377,0,13,392,12,417,617,0,617,1034
03/13/2014,FFZ,AZ,AWP,WE,Towers with Radar,0,1,18,0,19,0,11,374,10,395,0,12,392,10,414,611,0,611,1025
03/14/2014,FFZ,AZ,AWP,WE,Towers with Radar,0,1,18,0,19,0,12,352,13,377,0,13,370,13,396,461,0,461,857
03/15/2014,FFZ,AZ,AWP,WE,Towers with Radar,0,0,6,0,6,0,12,270,0,282,0,12,276,0,288,242,0,242,530
03/16/2014,FFZ,AZ,AWP,WE,Towers with Radar,0,4,24,0,28,0,10,277,0,287,0,14,301,0,315,436,0,436,751
03/17/2014,FFZ,AZ,AWP,WE,Towers with Radar,0,1,11,0,12,0,12,291,7,310,0,13,302,7,322,408,0,408,730
03/18/2014,FFZ,AZ,AWP,WE,Towers with Radar,0,1,28,0,29,0,11,303,12,326,0,12,331,12,355,359,0,359,714
03/19/2014,FFZ,AZ,AWP,WE,Towers with Radar,0,2,24,0,26,0,8,394,34,436,0,10,418,34,462,548,0,548,1010
03/20/2014,FFZ,AZ,AWP,WE,Towers with Radar,0,2,20,0,22,0,19,342,11,372,0,21,362,11,394,504,4,508,902
03/21/2014,FFZ,AZ,AWP,WE,Towers with Radar,0,2,20,0,22,0,12,392,16,420,0,14,412,16,442,432,0,432,874
03/22/2014,FFZ,AZ,AWP,WE,Towers with Radar,0,0,16,0,16,0,8,403,0,411,0,8,419,0,427,412,0,412,839
03/23/2014,FFZ,AZ,AWP,WE,Towers with Radar,0,2,12,0,14,0,6,270,1,277,0,8,282,1,291,418,0,418,709
03/24/2014,FFZ,AZ,AWP,WE,Towers with Radar,0,2,22,2,26,0,10,296,18,324,0,12,318,20,350,518,0,518,868
03/25/2014,FFZ,AZ,AWP,WE,Towers with Radar,0,4,15,0,19,0,7,300,9,316,0,11,315,9,335,396,0,396,731
03/26/2014,FFZ,AZ,AWP,WE,Towers with Radar,0,3,10,0,13,0,5,180,11,196,0,8,190,11,209,250,0,250,459
03/27/2014,FFZ,AZ,AWP,WE,Towers with Radar,0,1,14,0,15,0,2,334,11,347,0,3,348,11,362,500,0,500,862
03/28/2014,FFZ,AZ,AWP,WE,Towers with Radar,0,1,21,0,22,0,0,350,13,363,0,1,371,13,385,667,0,667,1052
03/29/2014,FFZ,AZ,AWP,WE,Towers with Radar,0,0,14,0,14,0,4,419,0,423,0,4,433,0,437,355,0,355,792
03/30/2014,FFZ,AZ,AWP,WE,Towers with Radar,0,0,21,0,21,0,3,184,0,187,0,3,205,0,208,315,0,315,523
03/31/2014,FFZ,AZ,AWP,WE,Towers with Radar,0,2,20,0,22,0,1,241,18,260,0,3,261,18,282,480,0,480,762
04/01/2014,FFZ,AZ,AWP,WE,Towers with Radar,0,1,11,0,12,0,4,251,13,268,0,5,262,13,280,545,0,545,825
04/02/2014,FFZ,AZ,AWP,WE,Towers with Radar,0,4,14,0,18,0,4,269,11,284,0,8,283,11,302,436,0,436,738
04/03/2014,FFZ,AZ,AWP,WE,Towers with Radar,0,3,14,0,17,0,5,306,15,326,0,8,320,15,343,540,0,540,883
04/04/2014,FFZ,AZ,AWP,WE,Towers with Radar,1,3,10,0,14,0,6,256,7,269,1,9,266,7,283,532,0,532,815
04/05/2014,FFZ,AZ,AWP,WE,Towers with Radar,0,0,16,0,16,0,11,343,0,354,0,11,359,0,370,312,0,312,682
04/06/2014,FFZ,AZ,AWP,WE,Towers with Radar,0,0,16,0,16,0,9,207,0,216,0,9,223,0,232,561,0,561,793
04/07/2014,FFZ,AZ,AWP,WE,Towers with Radar,0,1,15,0,16,0,11,234,10,255,0,12,249,10,271,491,0,491,762
04/08/2014,FFZ,AZ,AWP,WE,Towers with Radar,0,2,21,2,25,0,166,143,0,309,0,168,164,2,334,551,0,551,885
04/09/2014,FFZ,AZ,AWP,WE,Towers with Radar,0,3,8,0,11,0,143,144,21,308,0,146,152,21,319,379,0,379,698
04/10/2014,FFZ,AZ,AWP,WE,Towers with Radar,1,1,9,0,11,0,185,153,10,348,1,186,162,10,359,448,0,448,807
04/11/2014,FFZ,AZ,AWP,WE,Towers with Radar,1,1,11,1,14,0,150,144,22,316,1,151,155,23,330,442,0,442,772
04/12/2014,FFZ,AZ,AWP,WE,Towers with Radar,0,0,8,0,8,0,121,157,0,278,0,121,165,0,286,185,0,185,471
04/13/2014,FFZ,AZ,AWP,WE,Towers with Radar,0,2,8,1,11,0,73,134,0,207,0,75,142,1,218,280,0,280,498
04/14/2014,FFZ,AZ,AWP,WE,Towers with Radar,0,1,22,0,23,0,98,116,8,222,0,99,138,8,245,279,0,279,524
04/15/2014,FFZ,AZ,AWP,WE,Towers with Radar,0,1,20,0,21,0,185,132,24,341,0,186,152,24,362,438,0,438,800
04/16/2014,FFZ,AZ,AWP,WE,Towers with Radar,0,1,38,0,39,0,118,126,7,251,0,119,164,7,290,431,0,431,721
04/17/2014,FFZ,AZ,AWP,WE,Towers with Radar,0,1,29,0,30,0,169,148,4,321,0,170,177,4,351,435,0,435,786
04/18/2014,FFZ,AZ,AWP,WE,Towers with Radar,0,2,15,0,17,0,122,134,2,258,0,124,149,2,275,338,0,338,613
04/19/2014,FFZ,AZ,AWP,WE,Towers with Radar,0,13,8,0,21,0,97,176,0,273,0,110,184,0,294,320,0,320,614
04/20/2014,FFZ,AZ,AWP,WE,Towers with Radar,0,0,6,0,6,0,88,97,0,185,0,88,103,0,191,351,0,351,542
04/21/2014,FFZ,AZ,AWP,WE,Towers with Radar,0,1,12,2,15,0,153,103,11,267,0,154,115,13,282,522,0,522,804
04/22/2014,FFZ,AZ,AWP,WE,Towers with Radar,0,1,16,0,17,0,146,103,15,264,0,147,119,15,281,451,0,451,732
04/23/2014,FFZ,AZ,AWP,WE,Towers with Radar,0,1,8,0,9,0,171,148,12,331,0,172,156,12,340,370,0,370,710
04/24/2014,FFZ,AZ,AWP,WE,Towers with Radar,0,2,14,2,18,0,177,154,17,348,0,179,168,19,366,439,0,439,805
04/25/2014,FFZ,AZ,AWP,WE,Towers with Radar,0,3,5,0,8,0,106,104,13,223,0,109,109,13,231,498,0,498,729
04/26/2014,FFZ,AZ,AWP,WE,Towers with Radar,0,2,3,0,5,0,19,54,1,74,0,21,57,1,79,89,0,89,168
04/27/2014,FFZ,AZ,AWP,WE,Towers with Radar,0,0,5,0,5,0,127,162,0,289,0,127,167,0,294,402,0,402,696
04/28/2014,FFZ,AZ,AWP,WE,Towers with Radar,0,1,7,0,8,0,130,139,2,271,0,131,146,2,279,401,0,401,680
04/29/2014,FFZ,AZ,AWP,WE,Towers with Radar,0,1,7,0,8,0,67,76,11,154,0,68,83,11,162,173,0,173,335
04/30/2014,FFZ,AZ,AWP,WE,Towers with Radar,0,1,4,0,5,0,85,93,15,193,0,86,97,15,198,299,0,299,497
05/01/2014,FFZ,AZ,AWP,WE,Towers with Radar,0,3,4,0,7,0,109,98,9,216,0,112,102,9,223,329,0,329,552
05/02/2014,FFZ,AZ,AWP,WE,Towers with Radar,0,3,5,0,8,0,207,170,12,389,0,210,175,12,397,782,0,782,1179
05/03/2014,FFZ,AZ,AWP,WE,Towers with Radar,0,0,4,0,4,0,155,194,0,349,0,155,198,0,353,492,0,492,845
05/04/2014,FFZ,AZ,AWP,WE,Towers with Radar,0,0,12,0,12,0,103,125,0,228,0,103,137,0,240,400,0,400,640
05/05/2014,FFZ,AZ,AWP,WE,Towers with Radar,0,3,4,0,7,0,126,104,13,243,0,129,108,13,250,522,0,522,772
05/06/2014,FFZ,AZ,AWP,WE,Towers with Radar,0,2,11,0,13,0,96,82,9,187,0,98,93,9,200,282,8,290,490
05/07/2014,FFZ,AZ,AWP,WE,Towers with Radar,0,3,5,0,8,0,160,110,6,276,0,163,115,6,284,507,0,507,791
05/08/2014,FFZ,AZ,AWP,WE,Towers with Radar,0,1,7,0,8,0,152,129,6,287,0,153,136,6,295,432,0,432,727
05/09/2014,FFZ,AZ,AWP,WE,Towers with Radar,0,1,7,0,8,0,152,133,6,291,0,153,140,6,299,501,0,501,800
05/10/2014,FFZ,AZ,AWP,WE,Towers with Radar,0,1,4,0,5,0,162,168,0,330,0,163,172,0,335,335,0,335,670
05/11/2014,FFZ,AZ,AWP,WE,Towers with Radar,0,3,5,0,8,0,10,35,0,45,0,13,40,0,53,25,0,25,78
05/12/2014,FFZ,AZ,AWP,WE,Towers with Radar,0,1,6,0,7,0,136,116,4,256,0,137,122,4,263,446,0,446,709
05/13/2014,FFZ,AZ,AWP,WE,Towers with Radar,0,1,4,0,5,0,86,72,9,167,0,87,76,9,172,131,0,131,303
05/14/2014,FFZ,AZ,AWP,WE,Towers with Radar,0,3,1,0,4,0,99,74,6,179,0,102,75,6,183,337,0,337,520
05/15/2014,FFZ,AZ,AWP,WE,Towers with Radar,0,1,10,0,11,0,177,132,8,317,0,178,142,8,328,486,0,486,814
05/16/2014,FFZ,AZ,AWP,WE,Towers with Radar,0,1,5,0,6,0,141,100,20,261,0,142,105,20,267,399,0,399,666
05/17/2014,FFZ,AZ,AWP,WE,Towers with Radar,0,0,2,0,2,0,191,155,0,346,0,191,157,0,348,366,0,366,714
05/18/2014,FFZ,AZ,AWP,WE,Towers with Radar,0,0,6,0,6,0,117,148,0,265,0,117,154,0,271,277,0,277,548
05/19/2014,FFZ,AZ,AWP,WE,Towers with Radar,0,1,6,0,7,0,162,92,11,265,0,163,98,11,272,472,0,472,744
05/20/2014,FFZ,AZ,AWP,WE,Towers with Radar,0,4,8,0,12,0,160,95,19,274,0,164,103,19,286,252,0,252,538
05/21/2014,FFZ,AZ,AWP,WE,Towers with Radar,0,2,7,0,9,0,202,109,15,326,0,204,116,15,335,191,0,191,526
05/22/2014,FFZ,AZ,AWP,WE,Towers with Radar,0,1,5,0,6,0,164,104,14,282,0,165,109,14,288,114,0,114,402
05/23/2014,FFZ,AZ,AWP,WE,Towers with Radar,0,1,12,0,13,0,148,96,4,248,0,149,108,4,261,126,0,126,387
05/24/2014,FFZ,AZ,AWP,WE,Towers with Radar,0,0,7,0,7,0,153,149,0,302,0,153,156,0,309,479,0,479,788
05/25/2014,FFZ,AZ,AWP,WE,Towers with Radar,0,0,4,0,4,0,121,107,1,229,0,121,111,1,233,266,0,266,499
05/26/2014,FFZ,AZ,AWP,WE,Towers with Radar,0,1,6,0,7,0,5,153,0,158,0,6,159,0,165,158,0,158,323
05/27/2014,FFZ,AZ,AWP,WE,Towers with Radar,0,3,4,0,7,0,149,96,5,250,0,152,100,5,257,124,0,124,381
05/28/2014,FFZ,AZ,AWP,WE,Towers with Radar,0,1,5,0,6,0,171,99,14,284,0,172,104,14,290,199,0,199,489
05/29/2014,FFZ,AZ,AWP,WE,Towers with Radar,0,1,4,0,5,0,159,110,19,288,0,160,114,19,293,184,0,184,477
05/30/2014,FFZ,AZ,AWP,WE,Towers with Radar,0,1,2,0,3,0,163,98,3,264,0,164,100,3,267,159,0,159,426
05/31/2014,FFZ,AZ,AWP,WE,Towers with Radar,0,0,4,0,4,0,138,152,0,290,0,138,156,0,294,466,0,466,760
06/01/2014,FFZ,AZ,AWP,WE,Towers with Radar,0,0,5,0,5,0,117,118,0,235,0,117,123,0,240,415,0,415,655
06/02/2014,FFZ,AZ,AWP,WE,Towers with Radar,0,3,3,0,6,0,148,85,8,241,0,151,88,8,247,209,0,209,456
06/03/2014,FFZ,AZ,AWP,WE,Towers with Radar,0,2,5,3,10,0,189,107,8,304,0,191,112,11,314,287,0,287,601
06/04/2014,FFZ,AZ,AWP,WE,Towers with Radar,0,2,5,0,7,0,166,84,6,256,0,168,89,6,263,255,0,255,518
06/05/2014,FFZ,AZ,AWP,WE,Towers with Radar,0,2,3,0,5,0,189,123,13,325,0,191,126,13,330,347,0,347,677
06/06/2014,FFZ,AZ,AWP,WE,Towers with Radar,0,1,4,0,5,0,132,115,7,254,0,133,119,7,259,300,0,300,559
06/07/2014,FFZ,AZ,AWP,WE,Towers with Radar,0,2,1,0,3,0,168,118,4,290,0,170,119,4,293,229,0,229,522
06/08/2014,FFZ,AZ,AWP,WE,Towers with Radar,0,0,5,0,5,0,140,90,0,230,0,140,95,0,235,263,0,263,498
06/09/2014,FFZ,AZ,AWP,WE,Towers with Radar,0,1,5,0,6,0,163,81,7,251,0,164,86,7,257,248,0,248,505
06/10/2014,FFZ,AZ,AWP,WE,Towers with Radar,0,1,12,0,13,0,194,69,13,276,0,195,81,13,289,174,0,174,463
06/11/2014,FFZ,AZ,AWP,WE,Towers with Radar,0,1,4,0,5,0,161,97,8,266,0,162,101,8,271,276,0,276,547
06/12/2014,FFZ,AZ,AWP,WE,Towers with Radar,0,1,9,0,10,0,173,97,2,272,0,174,106,2,282,181,0,181,463
06/13/2014,FFZ,AZ,AWP,WE,Towers with Radar,0,1,4,0,5,0,153,99,9,261,0,154,103,9,266,246,0,246,512
06/14/2014,FFZ,AZ,AWP,WE,Towers with Radar,0,0,5,0,5,0,173,159,4,336,0,173,164,4,341,264,0,264,605
06/15/2014,FFZ,AZ,AWP,WE,Towers with Radar,0,0,1,0,1,0,136,89,0,225,0,136,90,0,226,193,0,193,419
06/16/2014,FFZ,AZ,AWP,WE,Towers with Radar,0,1,4,0,5,0,177,57,7,241,0,178,61,7,246,98,0,98,344
06/17/2014,FFZ,AZ,AWP,WE,Towers with Radar,0,1,1,0,2,0,145,71,15,231,0,146,72,15,233,169,0,169,402
06/18/2014,FFZ,AZ,AWP,WE,Towers with Radar,0,1,6,1,8,0,184,92,15,291,0,185,98,16,299,122,0,122,421
06/19/2014,FFZ,AZ,AWP,WE,Towers with Radar,0,3,11,1,15,0,176,110,5,291,0,179,121,6,306,199,0,199,505
06/20/2014,FFZ,AZ,AWP,WE,Towers with Radar,0,1,3,0,4,0,166,92,8,266,0,167,95,8,270,141,0,141,411
06/21/2014,FFZ,AZ,AWP,WE,Towers with Radar,0,0,3,0,3,0,168,123,4,295,0,168,126,4,298,295,0,295,593
06/22/2014,FFZ,AZ,AWP,WE,Towers with Radar,0,0,7,0,7,0,149,103,0,252,0,149,110,0,259,295,0,295,554
06/23/2014,FFZ,AZ,AWP,WE,Towers with Radar,0,1,3,0,4,0,188,76,7,271,0,189,79,7,275,200,0,200,475
06/24/2014,FFZ,AZ,AWP,WE,Towers with Radar,0,1,3,0,4,0,172,78,14,264,0,173,81,14,268,265,0,265,533
06/25/2014,FFZ,AZ,AWP,WE,Towers with Radar,0,1,3,0,4,0,148,73,12,233,0,149,76,12,237,287,0,287,524
06/26/2014,FFZ,AZ,AWP,WE,Towers with Radar,0,2,4,0,6,0,160,84,13,257,0,162,88,13,263,348,0,348,611
06/27/2014,FFZ,AZ,AWP,WE,Towers with Radar,0,1,1,0,2,0,161,85,2,248,0,162,86,2,250,399,0,399,649
06/28/2014,FFZ,AZ,AWP,WE,Towers with Radar,0,1,3,0,4,0,143,135,0,278,0,144,138,0,282,567,0,567,849
06/29/2014,FFZ,AZ,AWP,WE,Towers with Radar,0,0,3,0,3,0,108,96,2,206,0,108,99,2,209,299,0,299,508
06/30/2014,FFZ,AZ,AWP,WE,Towers with Radar,0,3,7,0,10,0,157,71,10,238,0,160,78,10,248,310,0,310,558
07/01/2014,FFZ,AZ,AWP,WE,Towers with Radar,0,1,2,0,3,0,161,86,9,256,0,162,88,9,259,340,0,340,599
07/02/2014,FFZ,AZ,AWP,WE,Towers with Radar,0,1,6,0,7,0,124,87,12,223,0,125,93,12,230,383,0,383,613
07/03/2014,FFZ,AZ,AWP,WE,Towers with Radar,0,1,2,0,3,0,113,67,9,189,0,114,69,9,192,336,0,336,528
07/04/2014,FFZ,AZ,AWP,WE,Towers with Radar,0,0,0,0,0,0,0,88,0,88,0,0,88,0,88,101,0,101,189
07/05/2014,FFZ,AZ,AWP,WE,Towers with Radar,0,0,3,0,3,0,130,89,1,220,0,130,92,1,223,462,0,462,685
07/06/2014,FFZ,AZ,AWP,WE,Towers with Radar,0,0,2,0,2,0,109,59,0,168,0,109,61,0,170,362,0,362,532
07/07/2014,FFZ,AZ,AWP,WE,Towers with Radar,0,2,8,0,10,0,107,78,8,193,0,109,86,8,203,251,0,251,454
07/08/2014,FFZ,AZ,AWP,WE,Towers with Radar,0,2,8,0,10,0,155,101,14,270,0,157,109,14,280,311,0,311,591
07/09/2014,FFZ,AZ,AWP,WE,Towers with Radar,0,1,5,0,6,0,133,80,12,225,0,134,85,12,231,339,0,339,570
07/10/2014,FFZ,AZ,AWP,WE,Towers with Radar,0,1,6,0,7,0,174,112,5,291,0,175,118,5,298,335,0,335,633
07/11/2014,FFZ,AZ,AWP,WE,Towers with Radar,0,1,5,0,6,0,145,81,11,237,0,146,86,11,243,318,0,318,561
07/12/2014,FFZ,AZ,AWP,WE,Towers with Radar,0,0,2,0,2,0,138,99,1,238,0,138,101,1,240,295,0,295,535
07/13/2014,FFZ,AZ,AWP,WE,Towers with Radar,0,0,6,0,6,0,166,73,1,240,0,166,79,1,246,363,0,363,609
07/14/2014,FFZ,AZ,AWP,WE,Towers with Radar,0,1,4,0,5,0,152,52,4,208,0,153,56,4,213,301,0,301,514
07/15/2014,FFZ,AZ,AWP,WE,Towers with Radar,0,1,8,0,9,0,151,81,11,243,0,152,89,11,252,180,0,180,432
07/16/2014,FFZ,AZ,AWP,WE,Towers with Radar,0,1,7,0,8,0,163,70,10,243,0,164,77,10,251,203,0,203,454
07/17/2014,FFZ,AZ,AWP,WE,Towers with Radar,0,1,7,0,8,0,170,99,16,285,0,171,106,16,293,294,0,294,587
07/18/2014,FFZ,AZ,AWP,WE,Towers with Radar,0,1,4,0,5,0,177,88,11,276,0,178,92,11,281,294,0,294,575
07/19/2014,FFZ,AZ,AWP,WE,Towers with Radar,0,0,6,0,6,0,204,123,0,327,0,204,129,0,333,486,0,486,819
07/20/2014,FFZ,AZ,AWP,WE,Towers with Radar,0,0,5,0,5,0,143,117,0,260,0,143,122,0,265,334,0,334,599
07/21/2014,FFZ,AZ,AWP,WE,Towers with Radar,0,1,3,0,4,0,163,69,9,241,0,164,72,9,245,296,0,296,541
07/22/2014,FFZ,AZ,AWP,WE,Towers with Radar,0,2,4,0,6,0,163,80,10,253,0,165,84,10,259,401,0,401,660
07/23/2014,FFZ,AZ,AWP,WE,Towers with Radar,0,1,1,0,2,0,140,78,10,228,0,141,79,10,230,146,5,151,381
07/24/2014,FFZ,AZ,AWP,WE,Towers with Radar,0,1,6,0,7,0,99,71,17,187,0,100,77,17,194,172,0,172,366
07/25/2014,FFZ,AZ,AWP,WE,Towers with Radar,0,1,6,0,7,0,165,77,19,261,0,166,83,19,268,277,0,277,545
07/26/2014,FFZ,AZ,AWP,WE,Towers with Radar,0,0,0,0,0,0,161,105,0,266,0,161,105,0,266,386,0,386,652
07/27/2014,FFZ,AZ,AWP,WE,Towers with Radar,0,0,3,0,3,0,61,77,0,138,0,61,80,0,141,374,0,374,515
07/28/2014,FFZ,AZ,AWP,WE,Towers with Radar,0,2,3,0,5,0,169,87,12,268,0,171,90,12,273,270,0,270,543
07/29/2014,FFZ,AZ,AWP,WE,Towers with Radar,0,1,0,0,1,0,160,88,13,261,0,161,88,13,262,273,0,273,535
07/30/2014,FFZ,AZ,AWP,WE,Towers with Radar,0,1,4,0,5,0,154,86,9,249,0,155,90,9,254,313,0,313,567
07/31/2014,FFZ,AZ,AWP,WE,Towers with Radar,0,1,5,0,6,0,150,69,6,225,0,151,74,6,231,254,0,254,485
08/01/2014,FFZ,AZ,AWP,WE,Towers with Radar,0,1,5,0,6,0,106,86,17,209,0,107,91,17,215,398,0,398,613
08/02/2014,FFZ,AZ,AWP,WE,Towers with Radar,0,0,4,0,4,0,127,117,6,250,0,127,121,6,254,361,0,361,615
08/03/2014,FFZ,AZ,AWP,WE,Towers with Radar,0,0,7,0,7,0,97,111,1,209,0,97,118,1,216,358,0,358,574
08/04/2014,FFZ,AZ,AWP,WE,Towers with Radar,0,1,6,0,7,0,141,81,12,234,0,142,87,12,241,296,0,296,537
08/05/2014,FFZ,AZ,AWP,WE,Towers with Radar,0,2,2,0,4,0,155,89,13,257,0,157,91,13,261,331,0,331,592
08/06/2014,FFZ,AZ,AWP,WE,Towers with Radar,0,2,11,1,14,0,184,109,10,303,0,186,120,11,317,294,0,294,611
08/07/2014,FFZ,AZ,AWP,WE,Towers with Radar,0,2,3,0,5,0,146,105,5,256,0,148,108,5,261,309,0,309,570
08/08/2014,FFZ,AZ,AWP,WE,Towers with Radar,0,2,6,1,9,0,144,79,15,238,0,146,85,16,247,361,0,361,608
08/09/2014,FFZ,AZ,AWP,WE,Towers with Radar,0,0,8,0,8,0,110,99,0,209,0,110,107,0,217,335,0,335,552
08/10/2014,FFZ,AZ,AWP,WE,Towers with Radar,0,0,1,0,1,0,139,98,0,237,0,139,99,0,238,276,0,276,514
08/11/2014,FFZ,AZ,AWP,WE,Towers with Radar,0,2,4,0,6,0,123,76,18,217,0,125,80,18,223,232,0,232,455
08/12/2014,FFZ,AZ,AWP,WE,Towers with Radar,0,2,1,0,3,0,119,85,20,224,0,121,86,20,227,206,11,217,444
08/13/2014,FFZ,AZ,AWP,WE,Towers with Radar,0,3,5,0,8,0,95,47,12,154,0,98,52,12,162,248,0,248,410
08/14/2014,FFZ,AZ,AWP,WE,Towers with Radar,0,2,4,0,6,0,168,78,11,257,0,170,82,11,263,287,0,287,550
08/15/2014,FFZ,AZ,AWP,WE,Towers with Radar,0,3,3,1,7,0,185,83,6,274,0,188,86,7,281,212,0,212,493
08/16/2014,FFZ,AZ,AWP,WE,Towers with Radar,0,0,4,0,4,0,144,122,3,269,0,144,126,3,273,294,0,294,567
08/17/2014,FFZ,AZ,AWP,WE,Towers with Radar,0,0,4,0,4,0,136,88,0,224,0,136,92,0,228,272,0,272,500
08/18/2014,FFZ,AZ,AWP,WE,Towers with Radar,0,3,3,0,6,0,182,79,15,276,0,185,82,15,282,194,0,194,476
08/19/2014,FFZ,AZ,AWP,WE,Towers with Radar,0,1,1,0,2,0,58,41,0,99,0,59,42,0,101,157,0,157,258
08/20/2014,FFZ,AZ,AWP,WE,Towers with Radar,0,0,2,0,2,0,175,112,12,299,0,175,114,12,301,234,0,234,535
08/21/2014,FFZ,AZ,AWP,WE,Towers with Radar,2,2,10,0,14,0,136,82,12,230,2,138,92,12,244,258,0,258,502
08/22/2014,FFZ,AZ,AWP,WE,Towers with Radar,0,1,5,0,6,0,177,102,9,288,0,178,107,9,294,287,0,287,581
08/23/2014,FFZ,AZ,AWP,WE,Towers with Radar,0,0,2,0,2,0,116,112,5,233,0,116,114,5,235,285,0,285,520
08/24/2014,FFZ,AZ,AWP,WE,Towers with Radar,0,0,3,0,3,0,127,98,0,225,0,127,101,0,228,300,0,300,528
08/25/2014,FFZ,AZ,AWP,WE,Towers with Radar,0,1,0,0,1,0,163,72,6,241,0,164,72,6,242,190,0,190,432
08/26/2014,FFZ,AZ,AWP,WE,Towers with Radar,0,1,6,0,7,0,167,68,23,258,0,168,74,23,265,207,2,209,474
08/27/2014,FFZ,AZ,AWP,WE,Towers with Radar,0,1,4,0,5,0,181,83,27,291,0,182,87,27,296,202,0,202,498
08/28/2014,FFZ,AZ,AWP,WE,Towers with Radar,0,1,3,0,4,0,182,106,8,296,0,183,109,8,300,109,0,109,409
08/29/2014,FFZ,AZ,AWP,WE,Towers with Radar,0,1,2,0,3,0,151,118,9,278,0,152,120,9,281,221,0,221,502
08/30/2014,FFZ,AZ,AWP,WE,Towers with Radar,0,0,5,0,5,0,139,103,0,242,0,139,108,0,247,365,0,365,612
08/31/2014,FFZ,AZ,AWP,WE,Towers with Radar,0,0,1,0,1,0,95,90,0,185,0,95,91,0,186,316,0,316,502
09/01/2014,FFZ,AZ,AWP,WE,Towers with Radar,0,1,4,0,5,0,6,108,0,114,0,7,112,0,119,88,0,88,207
09/02/2014,FFZ,AZ,AWP,WE,Towers with Radar,0,2,7,0,9,0,158,100,4,262,0,160,107,4,271,194,0,194,465
09/03/2014,FFZ,AZ,AWP,WE,Towers with Radar,0,1,5,0,6,0,194,96,3,293,0,195,101,3,299,258,0,258,557
09/04/2014,FFZ,AZ,AWP,WE,Towers with Radar,0,1,4,0,5,0,171,84,9,264,0,172,88,9,269,193,0,193,462
09/05/2014,FFZ,AZ,AWP,WE,Towers with Radar,0,2,1,0,3,0,133,100,13,246,0,135,101,13,249,236,0,236,485
09/06/2014,FFZ,AZ,AWP,WE,Towers with Radar,0,0,0,0,0,0,117,87,5,209,0,117,87,5,209,68,0,68,277
09/07/2014,FFZ,AZ,AWP,WE,Towers with Radar,0,0,2,0,2,0,118,76,0,194,0,118,78,0,196,131,0,131,327
09/08/2014,FFZ,AZ,AWP,WE,Towers with Radar,0,2,4,0,6,0,25,19,0,44,0,27,23,0,50,83,0,83,133
09/09/2014,FFZ,AZ,AWP,WE,Towers with Radar,0,2,4,0,6,0,154,61,13,228,0,156,65,13,234,347,0,347,581
09/10/2014,FFZ,AZ,AWP,WE,Towers with Radar,0,2,3,0,5,0,192,121,29,342,0,194,124,29,347,203,0,203,550
09/11/2014,FFZ,AZ,AWP,WE,Towers with Radar,0,2,1,0,3,0,158,79,11,248,0,160,80,11,251,217,0,217,468
09/12/2014,FFZ,AZ,AWP,WE,Towers with Radar,0,2,6,0,8,0,138,91,16,245,0,140,97,16,253,340,0,340,593
09/13/2014,FFZ,AZ,AWP,WE,Towers with Radar,0,0,2,0,2,0,121,95,1,217,0,121,97,1,219,135,0,135,354
09/14/2014,FFZ,AZ,AWP,WE,Towers with Radar,0,0,5,0,5,0,132,87,0,219,0,132,92,0,224,156,0,156,380
09/15/2014,FFZ,AZ,AWP,WE,Towers with Radar,0,1,10,0,11,0,164,68,7,239,0,165,78,7,250,272,0,272,522
09/16/2014,FFZ,AZ,AWP,WE,Towers with Radar,0,3,11,0,14,0,112,86,21,219,0,115,97,21,233,288,0,288,521
09/17/2014,FFZ,AZ,AWP,WE,Towers with Radar,0,3,6,0,9,0,124,65,5,194,0,127,71,5,203,174,0,174,377
09/18/2014,FFZ,AZ,AWP,WE,Towers with Radar,0,2,6,0,8,0,203,84,16,303,0,205,90,16,311,291,0,291,602
09/19/2014,FFZ,AZ,AWP,WE,Towers with Radar,0,2,10,0,12,0,170,80,8,258,0,172,90,8,270,243,0,243,513
09/20/2014,FFZ,AZ,AWP,WE,Towers with Radar,0,0,1,0,1,0,147,141,7,295,0,147,142,7,296,298,0,298,594
09/21/2014,FFZ,AZ,AWP,WE,Towers with Radar,0,0,6,0,6,0,103,103,0,206,0,103,109,0,212,267,0,267,479
09/22/2014,FFZ,AZ,AWP,WE,Towers with Radar,0,1,0,1,2,0,163,79,11,253,0,164,79,12,255,211,0,211,466
09/23/2014,FFZ,AZ,AWP,WE,Towers with Radar,0,2,2,0,4,0,175,90,22,287,0,177,92,22,291,261,0,261,552
09/24/2014,FFZ,AZ,AWP,WE,Towers with Radar,0,5,4,0,9,0,212,132,3,347,0,217,136,3,356,304,0,304,660
09/25/2014,FFZ,AZ,AWP,WE,Towers with Radar,0,4,2,0,6,0,179,90,9,278,0,183,92,9,284,159,0,159,443
09/26/2014,FFZ,AZ,AWP,WE,Towers with Radar,0,2,3,0,5,0,125,89,9,223,0,127,92,9,228,307,0,307,535
09/27/2014,FFZ,AZ,AWP,WE,Towers with Radar,0,0,2,0,2,0,44,78,1,123,0,44,80,1,125,205,0,205,330
09/28/2014,FFZ,AZ,AWP,WE,Towers with Radar,0,0,2,0,2,0,153,112,0,265,0,153,114,0,267,463,0,463,730
09/29/2014,FFZ,AZ,AWP,WE,Towers with Radar,0,3,4,0,7,0,146,107,7,260,0,149,111,7,267,311,0,311,578
09/30/2014,FFZ,AZ,AWP,WE,Towers with Radar,0,2,6,0,8,0,174,104,10,288,0,176,110,10,296,371,0,371,667
10/01/2014,FFZ,AZ,AWP,WE,Towers with Radar,0,2,9,0,11,0,190,100,9,299,0,192,109,9,310,248,0,248,558
10/02/2014,FFZ,AZ,AWP,WE,Towers with Radar,0,3,3,0,6,0,165,113,9,287,0,168,116,9,293,222,0,222,515
10/03/2014,FFZ,AZ,AWP,WE,Towers with Radar,0,5,7,0,12,0,163,116,4,283,0,168,123,4,295,377,0,377,672
10/04/2014,FFZ,AZ,AWP,WE,Towers with Radar,0,1,4,0,5,0,134,148,0,282,0,135,152,0,287,246,0,246,533
10/05/2014,FFZ,AZ,AWP,WE,Towers with Radar,0,2,5,0,7,0,121,91,0,212,0,123,96,0,219,256,0,256,475
10/06/2014,FFZ,AZ,AWP,WE,Towers with Radar,0,2,7,0,9,0,128,86,0,214,0,130,93,0,223,374,0,374,597
10/07/2014,FFZ,AZ,AWP,WE,Towers with Radar,0,2,9,0,11,0,169,112,1,282,0,171,121,1,293,459,0,459,752
10/08/2014,FFZ,AZ,AWP,WE,Towers with Radar,0,4,10,0,14,0,113,52,3,168,0,117,62,3,182,353,0,353,535
10/09/2014,FFZ,AZ,AWP,WE,Towers with Radar,0,4,4,0,8,0,101,81,10,192,0,105,85,10,200,572,0,572,772
10/10/2014,FFZ,AZ,AWP,WE,Towers with Radar,0,4,7,0,11,0,178,115,17,310,0,182,122,17,321,367,0,367,688
10/11/2014,FFZ,AZ,AWP,WE,Towers with Radar,0,1,6,0,7,0,148,127,1,276,0,149,133,1,283,265,0,265,548
10/12/2014,FFZ,AZ,AWP,WE,Towers with Radar,0,1,5,0,6,0,114,112,0,226,0,115,117,0,232,278,0,278,510
10/13/2014,FFZ,AZ,AWP,WE,Towers with Radar,0,2,5,0,7,0,151,101,4,256,0,153,106,4,263,402,0,402,665
10/14/2014,FFZ,AZ,AWP,WE,Towers with Radar,0,2,11,0,13,0,167,136,27,330,0,169,147,27,343,544,0,544,887
10/15/2014,FFZ,AZ,AWP,WE,Towers with Radar,0,2,13,0,15,0,158,135,13,306,0,160,148,13,321,596,0,596,917
10/16/2014,FFZ,AZ,AWP,WE,Towers with Radar,0,3,4,0,7,0,179,140,3,322,0,182,144,3,329,435,0,435,764
10/17/2014,FFZ,AZ,AWP,WE,Towers with Radar,0,3,6,0,9,0,166,141,10,317,0,169,147,10,326,375,0,375,701
10/18/2014,FFZ,AZ,AWP,WE,Towers with Radar,0,0,4,0,4,0,136,165,9,310,0,136,169,9,314,500,0,500,814
10/19/2014,FFZ,AZ,AWP,WE,Towers with Radar,0,0,5,0,5,0,123,147,0,270,0,123,152,0,275,411,0,411,686
10/20/2014,FFZ,AZ,AWP,WE,Towers with Radar,0,2,4,0,6,0,152,131,4,287,0,154,135,4,293,597,0,597,890
10/21/2014,FFZ,AZ,AWP,WE,Towers with Radar,0,2,1,0,3,0,189,128,15,332,0,191,129,15,335,556,0,556,891
10/22/2014,FFZ,AZ,AWP,WE,Towers with Radar,0,3,15,0,18,0,179,107,7,293,0,182,122,7,311,377,11,388,699
10/23/2014,FFZ,AZ,AWP,WE,Towers with Radar,0,1,9,0,10,0,172,164,3,339,0,173,173,3,349,477,0,477,826
10/24/2014,FFZ,AZ,AWP,WE,Towers with Radar,0,4,12,0,16,0,147,123,13,283,0,151,135,13,299,449,0,449,748
10/25/2014,FFZ,AZ,AWP,WE,Towers with Radar,0,1,2,0,3,0,127,165,5,297,0,128,167,5,300,475,0,475,775
10/26/2014,FFZ,AZ,AWP,WE,Towers with Radar,0,1,6,0,7,0,138,149,0,287,0,139,155,0,294,448,0,448,742
10/27/2014,FFZ,AZ,AWP,WE,Towers with Radar,0,3,5,0,8,0,141,106,16,263,0,144,111,16,271,496,0,496,767
10/28/2014,FFZ,AZ,AWP,WE,Towers with Radar,0,3,3,0,6,0,175,102,20,297,0,178,105,20,303,486,0,486,789
10/29/2014,FFZ,AZ,AWP,WE,Towers with Radar,0,4,10,0,14,0,165,142,7,314,0,169,152,7,328,489,0,489,817
10/30/2014,FFZ,AZ,AWP,WE,Towers with Radar,0,3,5,0,8,0,163,134,16,313,0,166,139,16,321,549,0,549,870
10/31/2014,FFZ,AZ,AWP,WE,Towers with Radar,0,2,6,0,8,0,143,104,24,271,0,145,110,24,279,422,0,422,701
11/01/2014,FFZ,AZ,AWP,WE,Towers with Radar,0,0,5,0,5,0,77,215,1,293,0,77,220,1,298,158,0,158,456
11/02/2014,FFZ,AZ,AWP,WE,Towers with Radar,0,2,4,0,6,0,79,119,0,198,0,81,123,0,204,400,0,400,604
11/03/2014,FFZ,AZ,AWP,WE,Towers with Radar,0,1,4,0,5,0,135,116,18,269,0,136,120,18,274,463,0,463,737
11/04/2014,FFZ,AZ,AWP,WE,Towers with Radar,0,1,7,0,8,0,159,104,21,284,0,160,111,21,292,458,5,463,755
11/05/2014,FFZ,AZ,AWP,WE,Towers with Radar,0,0,6,0,6,0,170,130,19,319,0,170,136,19,325,562,0,562,887
11/06/2014,FFZ,AZ,AWP,WE,Towers with Radar,0,3,5,0,8,8,176,121,21,326,8,179,126,21,334,434,0,434,768
11/07/2014,FFZ,AZ,AWP,WE,Towers with Radar,0,1,7,0,8,0,150,123,6,279,0,151,130,6,287,519,0,519,806
11/08/2014,FFZ,AZ,AWP,WE,Towers with Radar,0,0,9,0,9,0,127,194,1,322,0,127,203,1,331,337,0,337,668
11/09/2014,FFZ,AZ,AWP,WE,Towers with Radar,0,0,4,0,4,0,133,170,0,303,0,133,174,0,307,145,0,145,452
11/10/2014,FFZ,AZ,AWP,WE,Towers with Radar,0,2,6,0,8,0,142,111,8,261,0,144,117,8,269,313,3,316,585
11/11/2014,FFZ,AZ,AWP,WE,Towers with Radar,0,2,4,0,6,0,146,156,4,306,0,148,160,4,312,333,0,333,645
11/12/2014,FFZ,AZ,AWP,WE,Towers with Radar,0,2,12,0,14,0,160,106,12,278,0,162,118,12,292,442,0,442,734
11/13/2014,FFZ,AZ,AWP,WE,Towers with Radar,0,1,9,0,10,0,188,128,9,325,0,189,137,9,335,408,0,408,743
11/14/2014,FFZ,AZ,AWP,WE,Towers with Radar,0,1,8,0,9,0,128,125,6,259,0,129,133,6,268,296,0,296,564
11/15/2014,FFZ,AZ,AWP,WE,Towers with Radar,0,0,3,0,3,0,124,179,3,306,0,124,182,3,309,190,0,190,499
11/16/2014,FFZ,AZ,AWP,WE,Towers with Radar,0,2,6,0,8,0,61,79,0,140,0,63,85,0,148,103,0,103,251
11/17/2014,FFZ,AZ,AWP,WE,Towers with Radar,0,2,13,0,15,0,140,123,3,266,0,142,136,3,281,232,0,232,513
11/18/2014,FFZ,AZ,AWP,WE,Towers with Radar,0,2,9,0,11,0,160,156,16,332,0,162,165,16,343,257,0,257,600
11/19/2014,FFZ,AZ,AWP,WE,Towers with Radar,0,2,6,0,8,0,165,151,23,339,0,167,157,23,347,402,0,402,749
11/20/2014,FFZ,AZ,AWP,WE,Towers with Radar,0,4,12,1,17,0,172,137,10,319,0,176,149,11,336,359,0,359,695
11/21/2014,FFZ,AZ,AWP,WE,Towers with Radar,0,2,11,2,15,0,155,128,4,287,0,157,139,6,302,344,0,344,646
11/22/2014,FFZ,AZ,AWP,WE,Towers with Radar,0,0,5,0,5,0,143,149,2,294,0,143,154,2,299,255,0,255,554
11/23/2014,FFZ,AZ,AWP,WE,Towers with Radar,0,0,4,0,4,0,104,149,0,253,0,104,153,0,257,390,0,390,647
11/24/2014,FFZ,AZ,AWP,WE,Towers with Radar,0,1,9,0,10,0,134,121,3,258,0,135,130,3,268,582,0,582,850
11/25/2014,FFZ,AZ,AWP,WE,Towers with Radar,0,1,6,0,7,0,145,125,17,287,0,146,131,17,294,345,4,349,643
11/26/2014,FFZ,AZ,AWP,WE,Towers with Radar,0,3,14,0,17,0,169,133,12,314,0,172,147,12,331,423,0,423,754
11/27/2014,FFZ,AZ,AWP,WE,Towers with Radar,0,2,0,0,2,0,4,57,0,61,0,6,57,0,63,91,0,91,154
11/28/2014,FFZ,AZ,AWP,WE,Towers with Radar,0,3,2,0,5,0,5,139,0,144,0,8,141,0,149,158,0,158,307
11/29/2014,FFZ,AZ,AWP,WE,Towers with Radar,0,0,2,0,2,0,113,177,0,290,0,113,179,0,292,376,0,376,668
11/30/2014,FFZ,AZ,AWP,WE,Towers with Radar,0,0,8,0,8,0,115,109,0,224,0,115,117,0,232,318,0,318,550
12/01/2014,FFZ,AZ,AWP,WE,Towers with Radar,0,2,9,0,11,0,126,95,2,223,0,128,104,2,234,329,0,329,563
12/02/2014,FFZ,AZ,AWP,WE,Towers with Radar,0,1,6,0,7,0,162,130,14,306,0,163,136,14,313,330,0,330,643
12/03/2014,FFZ,AZ,AWP,WE,Towers with Radar,0,2,0,0,2,0,166,91,5,262,0,168,91,5,264,417,0,417,681
12/04/2014,FFZ,AZ,AWP,WE,Towers with Radar,0,2,6,0,8,0,26,31,9,66,0,28,37,9,74,190,0,190,264
12/05/2014,FFZ,AZ,AWP,WE,Towers with Radar,0,2,7,0,9,0,178,112,3,293,0,180,119,3,302,288,0,288,590
12/06/2014,FFZ,AZ,AWP,WE,Towers with Radar,0,0,3,0,3,0,129,190,4,323,0,129,193,4,326,357,0,357,683
12/07/2014,FFZ,AZ,AWP,WE,Towers with Radar,0,0,8,0,8,0,130,157,0,287,0,130,165,0,295,296,0,296,591
12/08/2014,FFZ,AZ,AWP,WE,Towers with Radar,0,2,2,0,4,0,155,117,10,282,0,157,119,10,286,434,0,434,720
12/09/2014,FFZ,AZ,AWP,WE,Towers with Radar,0,2,9,1,12,0,169,150,10,329,0,171,159,11,341,445,0,445,786
12/10/2014,FFZ,AZ,AWP,WE,Towers with Radar,0,2,8,0,10,0,172,128,14,314,0,174,136,14,324,364,0,364,688
12/11/2014,FFZ,AZ,AWP,WE,Towers with Radar,0,4,6,0,10,0,172,165,18,355,0,176,171,18,365,389,0,389,754
12/12/2014,FFZ,AZ,AWP,WE,Towers with Radar,0,2,8,0,10,0,134,108,11,253,0,136,116,11,263,242,0,242,505
12/13/2014,FFZ,AZ,AWP,WE,Towers with Radar,0,0,4,0,4,0,88,27,0,115,0,88,31,0,119,216,0,216,335
12/14/2014,FFZ,AZ,AWP,WE,Towers with Radar,0,0,6,0,6,0,124,167,0,291,0,124,173,0,297,326,0,326,623
12/15/2014,FFZ,AZ,AWP,WE,Towers with Radar,0,2,8,0,10,0,172,126,1,299,0,174,134,1,309,438,0,438,747
12/16/2014,FFZ,AZ,AWP,WE,Towers with Radar,0,4,10,0,14,0,134,136,7,277,0,138,146,7,291,457,0,457,748
12/17/2014,FFZ,AZ,AWP,WE,Towers with Radar,0,2,9,0,11,0,82,62,20,164,0,84,71,20,175,429,6,435,610
12/18/2014,FFZ,AZ,AWP,WE,Towers with Radar,0,2,4,0,6,0,163,108,8,279,0,165,112,8,285,444,0,444,729
12/19/2014,FFZ,AZ,AWP,WE,Towers with Radar,0,2,5,0,7,0,202,159,4,365,0,204,164,4,372,353,0,353,725
12/20/2014,FFZ,AZ,AWP,WE,Towers with Radar,0,1,4,0,5,0,162,163,0,325,0,163,167,0,330,313,0,313,643
12/21/2014,FFZ,AZ,AWP,WE,Towers with Radar,0,1,3,0,4,0,158,124,0,282,0,159,127,0,286,266,0,266,552
12/22/2014,FFZ,AZ,AWP,WE,Towers with Radar,0,4,9,2,15,0,145,141,10,296,0,149,150,12,311,449,0,449,760
12/23/2014,FFZ,AZ,AWP,WE,Towers with Radar,0,8,5,0,13,0,133,91,0,224,0,141,96,0,237,277,0,277,514
12/24/2014,FFZ,AZ,AWP,WE,Towers with Radar,0,2,5,0,7,0,0,96,0,96,0,2,101,0,103,118,0,118,221
12/25/2014,FFZ,AZ,AWP,WE,Towers with Radar,0,1,0,0,1,0,2,16,0,18,0,3,16,0,19,56,0,56,75
12/26/2014,FFZ,AZ,AWP,WE,Towers with Radar,0,7,6,0,13,0,0,149,0,149,0,7,155,0,162,186,0,186,348
12/27/2014,FFZ,AZ,AWP,WE,Towers with Radar,0,4,6,0,10,0,163,173,0,336,0,167,179,0,346,381,0,381,727
12/28/2014,FFZ,AZ,AWP,WE,Towers with Radar,0,2,5,0,7,0,160,100,2,262,0,162,105,2,269,369,0,369,638
12/29/2014,FFZ,AZ,AWP,WE,Towers with Radar,0,2,10,0,12,0,128,127,0,255,0,130,137,0,267,396,0,396,663
12/30/2014,FFZ,AZ,AWP,WE,Towers with Radar,0,2,8,0,10,0,119,152,1,272,0,121,160,1,282,174,0,174,456
12/31/2014,FFZ,AZ,AWP,WE,Towers with Radar,0,8,4,0,12,0,55,8,0,63,0,63,12,0,75,184,0,184,259
01/01/2015,FFZ,AZ,AWP,WE,Towers with Radar,0,1,2,0,3,0,2,82,0,84,0,3,84,0,87,123,0,123,210
01/02/2015,FFZ,AZ,AWP,WE,Towers with Radar,0,3,3,0,6,0,138,144,0,282,0,141,147,0,288,370,0,370,658
01/03/2015,FFZ,AZ,AWP,WE,Towers with Radar,0,0,6,0,6,0,147,169,0,316,0,147,175,0,322,463,0,463,785
01/04/2015,FFZ,AZ,AWP,WE,Towers with Radar,0,0,4,0,4,0,123,140,0,263,0,123,144,0,267,372,0,372,639
01/05/2015,FFZ,AZ,AWP,WE,Towers with Radar,0,2,3,0,5,0,137,127,1,265,0,139,130,1,270,485,0,485,755
01/06/2015,FFZ,AZ,AWP,WE,Towers with Radar,0,3,6,0,9,0,180,133,5,318,0,183,139,5,327,654,0,654,981
01/07/2015,FFZ,AZ,AWP,WE,Towers with Radar,0,3,13,0,16,0,168,149,7,324,0,171,162,7,340,521,0,521,861
01/08/2015,FFZ,AZ,AWP,WE,Towers with Radar,0,6,15,2,23,0,124,61,17,202,0,130,76,19,225,364,0,364,589
01/09/2015,FFZ,AZ,AWP,WE,Towers with Radar,0,3,4,0,7,0,161,157,7,325,0,164,161,7,332,609,0,609,941
01/10/2015,FFZ,AZ,AWP,WE,Towers with Radar,0,0,12,0,12,0,194,179,0,373,0,194,191,0,385,521,0,521,906
01/11/2015,FFZ,AZ,AWP,WE,Towers with Radar,0,3,7,0,10,0,136,121,1,258,0,139,128,1,268,543,0,543,811
01/12/2015,FFZ,AZ,AWP,WE,Towers with Radar,0,2,4,0,6,0,154,71,8,233,0,156,75,8,239,647,0,647,886
01/13/2015,FFZ,AZ,AWP,WE,Towers with Radar,0,4,6,0,10,0,118,59,1,178,0,122,65,1,188,391,0,391,579
01/14/2015,FFZ,AZ,AWP,WE,Towers with Radar,0,3,10,0,13,0,169,158,15,342,0,172,168,15,355,582,0,582,937
01/15/2015,FFZ,AZ,AWP,WE,Towers with Radar,0,2,4,0,6,0,179,172,7,358,0,181,176,7,364,550,0,550,914
01/16/2015,FFZ,AZ,AWP,WE,Towers with Radar,0,2,14,0,16,0,176,150,10,336,0,178,164,10,352,650,0,650,1002
01/17/2015,FFZ,AZ,AWP,WE,Towers with Radar,0,0,3,0,3,0,180,195,0,375,0,180,198,0,378,247,0,247,625
01/18/2015,FFZ,AZ,AWP,WE,Towers with Radar,0,0,8,0,8,0,138,140,0,278,0,138,148,0,286,347,0,347,633
01/19/2015,FFZ,AZ,AWP,WE,Towers with Radar,0,1,6,0,7,0,123,125,1,249,0,124,131,1,256,520,0,520,776
01/20/2015,FFZ,AZ,AWP,WE,Towers with Radar,0,1,6,0,7,0,150,142,8,300,0,151,148,8,307,422,0,422,729
01/21/2015,FFZ,AZ,AWP,WE,Towers with Radar,0,5,3,0,8,0,141,134,8,283,0,146,137,8,291,426,0,426,717
01/22/2015,FFZ,AZ,AWP,WE,Towers with Radar,0,2,6,0,8,0,109,86,7,202,0,111,92,7,210,192,0,192,402
01/23/2015,FFZ,AZ,AWP,WE,Towers with Radar,0,4,11,0,15,0,171,133,11,315,0,175,144,11,330,430,0,430,760
01/24/2015,FFZ,AZ,AWP,WE,Towers with Radar,0,0,6,0,6,0,105,147,2,254,0,105,153,2,260,212,0,212,472
01/25/2015,FFZ,AZ,AWP,WE,Towers with Radar,0,3,7,0,10,0,136,205,1,342,0,139,212,1,352,496,0,496,848
01/26/2015,FFZ,AZ,AWP,WE,Towers with Radar,0,3,11,0,14,0,135,119,4,258,0,138,130,4,272,377,0,377,649
01/27/2015,FFZ,AZ,AWP,WE,Towers with Radar,0,1,5,0,6,0,129,121,5,255,0,130,126,5,261,459,2,461,722
01/28/2015,FFZ,AZ,AWP,WE,Towers with Radar,0,1,10,0,11,0,150,174,9,333,0,151,184,9,344,369,0,369,713
01/29/2015,FFZ,AZ,AWP,WE,Towers with Radar,0,3,7,0,10,0,162,91,8,261,0,165,98,8,271,362,0,362,633
01/30/2015,FFZ,AZ,AWP,WE,Towers with Radar,0,3,15,0,18,0,0,1,0,1,0,3,16,0,19,0,0,0,19
01/31/2015,FFZ,AZ,AWP,WE,Towers with Radar,0,5,8,0,13,0,65,45,0,110,0,70,53,0,123,550,0,550,673
02/01/2015,FFZ,AZ,AWP,WE,Towers with Radar,0,3,17,0,20,0,33,54,0,87,0,36,71,0,107,380,0,380,487
02/02/2015,FFZ,AZ,AWP,WE,Towers with Radar,0,15,15,2,32,0,163,131,11,305,0,178,146,13,337,329,0,329,666
02/03/2015,FFZ,AZ,AWP,WE,Towers with Radar,0,3,11,0,14,0,188,198,17,403,0,191,209,17,417,413,2,415,832
02/04/2015,FFZ,AZ,AWP,WE,Towers with Radar,0,2,6,0,8,0,207,161,10,378,0,209,167,10,386,408,0,408,794
02/05/2015,FFZ,AZ,AWP,WE,Towers with Radar,0,3,5,0,8,0,182,143,4,329,0,185,148,4,337,615,0,615,952
02/06/2015,FFZ,AZ,AWP,WE,Towers with Radar,0,2,4,0,6,0,161,185,12,358,0,163,189,12,364,539,0,539,903
02/07/2015,FFZ,AZ,AWP,WE,Towers with Radar,0,0,5,0,5,0,140,207,0,347,0,140,212,0,352,506,0,506,858
02/08/2015,FFZ,AZ,AWP,WE,Towers with Radar,0,1,8,0,9,0,122,173,0,295,0,123,181,0,304,424,0,424,728
02/09/2015,FFZ,AZ,AWP,WE,Towers with Radar,0,1,4,0,5,0,167,132,8,307,0,168,136,8,312,465,0,465,777
02/10/2015,FFZ,AZ,AWP,WE,Towers with Radar,0,1,7,0,8,0,168,197,4,369,0,169,204,4,377,450,4,454,831
02/11/2015,FFZ,AZ,AWP,WE,Towers with Radar,0,1,5,0,6,0,160,132,14,306,0,161,137,14,312,366,0,366,678
02/12/2015,FFZ,AZ,AWP,WE,Towers with Radar,0,1,5,0,6,0,158,137,7,302,0,159,142,7,308,323,0,323,631
02/13/2015,FFZ,AZ,AWP,WE,Towers with Radar,0,2,3,0,5,0,181,169,4,354,0,183,172,4,359,479,0,479,838
02/14/2015,FFZ,AZ,AWP,WE,Towers with Radar,0,0,8,0,8,0,172,210,0,382,0,172,218,0,390,420,0,420,810
02/15/2015,FFZ,AZ,AWP,WE,Towers with Radar,0,0,4,0,4,0,125,213,0,338,0,125,217,0,342,425,0,425,767
02/16/2015,FFZ,AZ,AWP,WE,Towers with Radar,0,2,10,0,12,0,155,137,10,302,0,157,147,10,314,399,0,399,713
02/17/2015,FFZ,AZ,AWP,WE,Towers with Radar,0,1,5,0,6,0,170,150,6,326,0,171,155,6,332,415,0,415,747
02/18/2015,FFZ,AZ,AWP,WE,Towers with Radar,0,2,7,0,9,0,190,180,3,373,0,192,187,3,382,458,0,458,840
02/19/2015,FFZ,AZ,AWP,WE,Towers with Radar,0,2,9,0,11,0,153,155,11,319,0,155,164,11,330,473,0,473,803
02/20/2015,FFZ,AZ,AWP,WE,Towers with Radar,0,2,9,0,11,0,124,169,14,307,0,126,178,14,318,547,0,547,865
02/21/2015,FFZ,AZ,AWP,WE,Towers with Radar,0,0,10,0,10,0,108,206,0,314,0,108,216,0,324,423,0,423,747
02/22/2015,FFZ,AZ,AWP,WE,Towers with Radar,0,0,5,0,5,0,121,160,0,281,0,121,165,0,286,259,0,259,545
02/23/2015,FFZ,AZ,AWP,WE,Towers with Radar,0,1,10,0,11,0,103,75,2,180,0,104,85,2,191,290,0,290,481
02/24/2015,FFZ,AZ,AWP,WE,Towers with Radar,0,2,9,0,11,0,113,176,2,291,0,115,185,2,302,318,9,327,629
02/25/2015,FFZ,AZ,AWP,WE,Towers with Radar,0,3,9,0,12,0,164,222,4,390,0,167,231,4,402,421,0,421,823
02/26/2015,FFZ,AZ,AWP,WE,Towers with Radar,0,2,11,0,13,0,146,180,1,327,0,148,191,1,340,467,0,467,807
02/27/2015,FFZ,AZ,AWP,WE,Towers with Radar,0,1,9,0,10,0,147,189,5,341,0,148,198,5,351,438,0,438,789
02/28/2015,FFZ,AZ,AWP,WE,Towers with Radar,0,0,8,0,8,0,75,88,2,165,0,75,96,2,173,405,0,405,578
03/01/2015,FFZ,AZ,AWP,WE,Towers with Radar,0,1,7,0,8,0,70,83,0,153,0,71,90,0,161,226,0,226,387
03/02/2015,FFZ,AZ,AWP,WE,Towers with Radar,0,1,13,0,14,0,16,13,0,29,0,17,26,0,43,102,0,102,145
03/03/2015,FFZ,AZ,AWP,WE,Towers with Radar,0,1,9,0,10,0,142,128,8,278,0,143,137,8,288,324,0,324,612
03/04/2015,FFZ,AZ,AWP,WE,Towers with Radar,0,1,8,0,9,0,179,158,15,352,0,180,166,15,361,532,0,532,893
03/05/2015,FFZ,AZ,AWP,WE,Towers with Radar,0,1,8,0,9,0,140,183,2,325,0,141,191,2,334,497,0,497,831
03/06/2015,FFZ,AZ,AWP,WE,Towers with Radar,0,2,11,2,15,0,127,115,4,246,0,129,126,6,261,358,0,358,619
03/07/2015,FFZ,AZ,AWP,WE,Towers with Radar,0,0,4,0,4,0,132,282,2,416,0,132,286,2,420,465,0,465,885
03/08/2015,FFZ,AZ,AWP,WE,Towers with Radar,0,1,10,0,11,0,140,206,0,346,0,141,216,0,357,329,0,329,686
03/09/2015,FFZ,AZ,AWP,WE,Towers with Radar,0,2,7,0,9,0,181,157,7,345,0,183,164,7,354,441,0,441,795
03/10/2015,FFZ,AZ,AWP,WE,Towers with Radar,0,2,6,0,8,0,177,163,11,351,0,179,169,11,359,509,0,509,868
03/11/2015,FFZ,AZ,AWP,WE,Towers with Radar,0,2,11,0,13,0,170,187,10,367,0,172,198,10,380,458,0,458,838
03/12/2015,FFZ,AZ,AWP,WE,Towers with Radar,0,2,13,0,15,0,212,162,14,388,0,214,175,14,403,468,0,468,871
03/13/2015,FFZ,AZ,AWP,WE,Towers with Radar,0,1,8,0,9,0,100,101,5,206,0,101,109,5,215,428,0,428,643
03/14/2015,FFZ,AZ,AWP,WE,Towers with Radar,0,1,11,0,12,0,157,201,0,358,0,158,212,0,370,624,0,624,994
03/15/2015,FFZ,AZ,AWP,WE,Towers with Radar,0,3,9,0,12,0,138,179,0,317,0,141,188,0,329,365,0,365,694
03/16/2015,FFZ,AZ,AWP,WE,Towers with Radar,0,1,7,0,8,0,143,133,8,284,0,144,140,8,292,461,0,461,753
03/17/2015,FFZ,AZ,AWP,WE,Towers with Radar,0,3,9,0,12,0,202,158,6,366,0,205,167,6,378,582,0,582,960
03/18/2015,FFZ,AZ,AWP,WE,Towers with Radar,0,2,11,0,13,0,180,129,17,326,0,182,140,17,339,531,0,531,870
03/19/2015,FFZ,AZ,AWP,WE,Towers with Radar,0,6,9,0,15,0,154,124,7,285,0,160,133,7,300,729,8,737,1037
03/20/2015,FFZ,AZ,AWP,WE,Towers with Radar,0,1,12,0,13,0,158,184,8,350,0,159,196,8,363,665,0,665,1028
03/21/2015,FFZ,AZ,AWP,WE,Towers with Radar,0,0,12,0,12,0,157,220,0,377,0,157,232,0,389,635,0,635,1024
03/22/2015,FFZ,AZ,AWP,WE,Towers with Radar,0,2,13,0,15,0,159,195,1,355,0,161,208,1,370,497,0,497,867
03/23/2015,FFZ,AZ,AWP,WE,Towers with Radar,0,0,7,0,7,0,168,154,5,327,0,168,161,5,334,426,0,426,760
03/24/2015,FFZ,AZ,AWP,WE,Towers with Radar,0,1,5,0,6,0,189,192,7,388,0,190,197,7,394,589,0,589,983
03/25/2015,FFZ,AZ,AWP,WE,Towers with Radar,0,1,8,0,9,0,170,179,6,355,0,171,187,6,364,598,0,598,962
03/26/2015,FFZ,AZ,AWP,WE,Towers with Radar,0,1,10,0,11,0,179,170,16,365,0,180,180,16,376,624,0,624,1000
03/27/2015,FFZ,AZ,AWP,WE,Towers with Radar,0,3,18,0,21,0,167,206,5,378,0,170,224,5,399,733,0,733,1132
03/28/2015,FFZ,AZ,AWP,WE,Towers with Radar,0,2,6,0,8,0,156,181,0,337,0,158,187,0,345,473,0,473,818
03/29/2015,FFZ,AZ,AWP,WE,Towers with Radar,0,3,12,0,15,0,161,176,0,337,0,164,188,0,352,424,0,424,776
03/30/2015,FFZ,AZ,AWP,WE,Towers with Radar,0,2,4,0,6,0,165,107,1,273,0,167,111,1,279,330,0,330,609
03/31/2015,FFZ,AZ,AWP,WE,Towers with Radar,0,1,2,0,3,0,182,150,3,335,0,183,152,3,338,500,0,500,838
04/01/2015,FFZ,AZ,AWP,WE,Towers with Radar,0,1,16,1,18,0,131,138,3,272,0,132,154,4,290,277,0,277,567
04/02/2015,FFZ,AZ,AWP,WE,Towers with Radar,0,6,6,1,13,0,145,142,13,300,0,151,148,14,313,436,0,436,749
04/03/2015,FFZ,AZ,AWP,WE,Towers with Radar,0,1,11,0,12,0,149,142,12,303,0,150,153,12,315,457,0,457,772
04/04/2015,FFZ,AZ,AWP,WE,Towers with Radar,0,1,8,0,9,0,146,203,0,349,0,147,211,0,358,329,0,329,687
04/05/2015,FFZ,AZ,AWP,WE,Towers with Radar,0,1,5,0,6,0,70,104,0,174,0,71,109,0,180,252,0,252,432
04/06/2015,FFZ,AZ,AWP,WE,Towers with Radar,1,1,10,0,12,0,164,144,13,321,1,165,154,13,333,382,0,382,715
04/07/2015,FFZ,AZ,AWP,WE,Towers with Radar,0,3,4,0,7,0,135,100,13,248,0,138,104,13,255,400,2,402,657
04/08/2015,FFZ,AZ,AWP,WE,Towers with Radar,0,2,6,0,8,0,163,149,8,320,0,165,155,8,328,557,0,557,885
04/09/2015,FFZ,AZ,AWP,WE,Towers with Radar,0,2,7,0,9,0,154,169,15,338,0,156,176,15,347,488,0,488,835
04/10/2015,FFZ,AZ,AWP,WE,Towers with Radar,0,2,8,0,10,0,180,148,3,331,0,182,156,3,341,540,0,540,881
04/11/2015,FFZ,AZ,AWP,WE,Towers with Radar,0,0,2,0,2,0,166,224,0,390,0,166,226,0,392,295,0,295,687
04/12/2015,FFZ,AZ,AWP,WE,Towers with Radar,0,0,6,0,6,0,95,137,0,232,0,95,143,0,238,315,0,315,553
04/13/2015,FFZ,AZ,AWP,WE,Towers with Radar,0,1,4,0,5,0,142,116,2,260,0,143,120,2,265,404,0,404,669
04/14/2015,FFZ,AZ,AWP,WE,Towers with Radar,0,3,5,0,8,0,167,105,12,284,0,170,110,12,292,349,0,349,641
04/15/2015,FFZ,AZ,AWP,WE,Towers with Radar,0,1,9,0,10,0,162,85,7,254,0,163,94,7,264,301,0,301,565
04/16/2015,FFZ,AZ,AWP,WE,Towers with Radar,0,1,3,0,4,0,135,150,2,287,0,136,153,2,291,418,0,418,709
04/17/2015,FFZ,AZ,AWP,WE,Towers with Radar,0,1,7,0,8,0,200,152,0,352,0,201,159,0,360,474,0,474,834
04/18/2015,FFZ,AZ,AWP,WE,Towers with Radar,0,0,2,0,2,0,143,184,2,329,0,143,186,2,331,413,0,413,744
04/19/2015,FFZ,AZ,AWP,WE,Towers with Radar,0,0,5,0,5,0,131,167,0,298,0,131,172,0,303,506,0,506,809
04/20/2015,FFZ,AZ,AWP,WE,Towers with Radar,0,2,6,0,8,0,145,132,0,277,0,147,138,0,285,455,0,455,740
04/21/2015,FFZ,AZ,AWP,WE,Towers with Radar,0,4,8,0,12,0,170,134,1,305,0,174,142,1,317,410,0,410,727
04/22/2015,FFZ,AZ,AWP,WE,Towers with Radar,0,3,6,0,9,0,156,131,6,293,0,159,137,6,302,605,0,605,907
04/23/2015,FFZ,AZ,AWP,WE,Towers with Radar,0,2,5,0,7,0,165,126,7,298,0,167,131,7,305,414,0,414,719
04/24/2015,FFZ,AZ,AWP,WE,Towers with Radar,0,2,7,0,9,0,134,81,7,222,0,136,88,7,231,401,0,401,632
04/25/2015,FFZ,AZ,AWP,WE,Towers with Radar,0,0,5,0,5,0,129,155,1,285,0,129,160,1,290,422,0,422,712
04/26/2015,FFZ,AZ,AWP,WE,Towers with Radar,0,3,17,0,20,0,72,83,0,155,0,75,100,0,175,306,0,306,481
04/27/2015,FFZ,AZ,AWP,WE,Towers with Radar,0,2,7,0,9,0,161,151,10,322,0,163,158,10,331,321,0,321,652
04/28/2015,FFZ,AZ,AWP,WE,Towers with Radar,0,1,6,0,7,0,154,112,14,280,0,155,118,14,287,424,0,424,711
04/29/2015,FFZ,AZ,AWP,WE,Towers with Radar,0,1,5,0,6,0,182,141,13,336,0,183,146,13,342,487,0,487,829
04/30/2015,FFZ,AZ,AWP,WE,Towers with Radar,0,1,13,0,14,0,179,162,13,354,0,180,175,13,368,462,0,462,830
05/01/2015,FFZ,AZ,AWP,WE,Towers with Radar,0,1,11,0,12,0,138,146,5,289,0,139,157,5,301,369,0,369,670
05/02/2015,FFZ,AZ,AWP,WE,Towers with Radar,0,0,12,0,12,0,106,180,0,286,0,106,192,0,298,335,0,335,633
05/03/2015,FFZ,AZ,AWP,WE,Towers with Radar,0,0,6,0,6,0,115,152,0,267,0,115,158,0,273,314,0,314,587
05/04/2015,FFZ,AZ,AWP,WE,Towers with Radar,0,1,8,0,9,0,110,73,10,193,0,111,81,10,202,226,0,226,428
05/05/2015,FFZ,AZ,AWP,WE,Towers with Radar,0,0,8,0,8,0,150,150,10,310,0,150,158,10,318,396,0,396,714
05/06/2015,FFZ,AZ,AWP,WE,Towers with Radar,0,1,5,0,6,0,152,156,10,318,0,153,161,10,324,439,0,439,763
05/07/2015,FFZ,AZ,AWP,WE,Towers with Radar,0,3,5,0,8,0,169,128,5,302,0,172,133,5,310,328,0,328,638
05/08/2015,FFZ,AZ,AWP,WE,Towers with Radar,0,1,9,0,10,0,135,101,5,241,0,136,110,5,251,456,0,456,707
05/09/2015,FFZ,AZ,AWP,WE,Towers with Radar,0,0,2,0,2,0,134,171,0,305,0,134,173,0,307,423,0,423,730
05/10/2015,FFZ,AZ,AWP,WE,Towers with Radar,0,0,3,0,3,0,121,110,0,231,0,121,113,0,234,193,0,193,427
05/11/2015,FFZ,AZ,AWP,WE,Towers with Radar,0,1,1,0,2,0,147,125,9,281,0,148,126,9,283,256,0,256,539
05/12/2015,FFZ,AZ,AWP,WE,Towers with Radar,0,1,2,0,3,0,128,115,6,249,0,129,117,6,252,308,0,308,560
05/13/2015,FFZ,AZ,AWP,WE,Towers with Radar,0,3,6,0,9,0,172,137,18,327,0,175,143,18,336,249,0,249,585
05/14/2015,FFZ,AZ,AWP,WE,Towers with Radar,1,3,8,0,12,0,133,134,4,271,1,136,142,4,283,205,0,205,488
05/15/2015,FFZ,AZ,AWP,WE,Towers with Radar,0,6,3,0,9,0,118,63,16,197,0,124,66,16,206,361,0,361,567
05/16/2015,FFZ,AZ,AWP,WE,Towers with Radar,0,1,1,0,2,0,104,102,0,206,0,105,103,0,208,475,0,475,683
05/17/2015,FFZ,AZ,AWP,WE,Towers with Radar,0,1,9,0,10,0,150,198,0,348,0,151,207,0,358,292,0,292,650
05/18/2015,FFZ,AZ,AWP,WE,Towers with Radar,2,1,4,0,7,0,140,140,12,292,2,141,144,12,299,479,0,479,778
05/19/2015,FFZ,AZ,AWP,WE,Towers with Radar,0,1,11,0,12,0,176,97,5,278,0,177,108,5,290,361,0,361,651
05/20/2015,FFZ,AZ,AWP,WE,Towers with Radar,0,2,9,0,11,0,186,144,7,337,0,188,153,7,348,376,0,376,724
05/21/2015,FFZ,AZ,AWP,WE,Towers with Radar,0,2,3,0,5,0,138,94,7,239,0,140,97,7,244,616,0,616,860
05/22/2015,FFZ,AZ,AWP,WE,Towers with Radar,0,4,5,0,9,0,116,95,1,212,0,120,100,1,221,514,0,514,735
05/23/2015,FFZ,AZ,AWP,WE,Towers with Radar,0,0,5,0,5,0,146,167,0,313,0,146,172,0,318,356,0,356,674
05/24/2015,FFZ,AZ,AWP,WE,Towers with Radar,0,0,1,0,1,0,122,122,0,244,0,122,123,0,245,466,0,466,711
05/25/2015,FFZ,AZ,AWP,WE,Towers with Radar,0,1,4,0,5,0,4,130,0,134,0,5,134,0,139,94,0,94,233
05/26/2015,FFZ,AZ,AWP,WE,Towers with Radar,0,2,3,0,5,0,120,128,5,253,0,122,131,5,258,332,0,332,590
05/27/2015,FFZ,AZ,AWP,WE,Towers with Radar,0,1,4,0,5,0,154,133,4,291,0,155,137,4,296,771,0,771,1067
05/28/2015,FFZ,AZ,AWP,WE,Towers with Radar,0,1,3,0,4,0,131,123,3,257,0,132,126,3,261,671,0,671,932
05/29/2015,FFZ,AZ,AWP,WE,Towers with Radar,0,1,8,0,9,0,143,118,5,266,0,144,126,5,275,745,0,745,1020
05/30/2015,FFZ,AZ,AWP,WE,Towers with Radar,0,0,3,0,3,0,104,146,0,250,0,104,149,0,253,494,0,494,747
05/31/2015,FFZ,AZ,AWP,WE,Towers with Radar,0,0,6,0,6,0,86,115,0,201,0,86,121,0,207,338,0,338,545
06/01/2015,FFZ,AZ,AWP,WE,Towers with Radar,0,2,3,0,5,0,118,118,1,237,0,120,121,1,242,504,0,504,746
06/02/2015,FFZ,AZ,AWP,WE,Towers with Radar,0,3,3,0,6,0,120,159,13,292,0,123,162,13,298,549,0,549,847
06/03/2015,FFZ,AZ,AWP,WE,Towers with Radar,0,3,8,0,11,0,116,112,19,247,0,119,120,19,258,618,0,618,876
06/04/2015,FFZ,AZ,AWP,WE,Towers with Radar,0,1,2,0,3,4,99,112,9,224,4,100,114,9,227,520,0,520,747
06/05/2015,FFZ,AZ,AWP,WE,Towers with Radar,0,6,6,0,12,0,51,54,12,117,0,57,60,12,129,333,0,333,462
06/06/2015,FFZ,AZ,AWP,WE,Towers with Radar,0,0,1,0,1,0,107,139,0,246,0,107,140,0,247,380,0,380,627
06/07/2015,FFZ,AZ,AWP,WE,Towers with Radar,0,1,3,0,4,0,69,109,0,178,0,70,112,0,182,365,0,365,547
06/08/2015,FFZ,AZ,AWP,WE,Towers with Radar,0,2,5,0,7,0,139,105,6,250,0,141,110,6,257,337,0,337,594
06/09/2015,FFZ,AZ,AWP,WE,Towers with Radar,0,1,6,0,7,0,140,71,9,220,0,141,77,9,227,426,9,435,662
06/10/2015,FFZ,AZ,AWP,WE,Towers with Radar,0,1,7,0,8,0,122,127,4,253,0,123,134,4,261,458,0,458,719
06/11/2015,FFZ,AZ,AWP,WE,Towers with Radar,0,1,5,0,6,0,115,106,3,224,0,116,111,3,230,377,0,377,607
06/12/2015,FFZ,AZ,AWP,WE,Towers with Radar,0,1,2,0,3,0,116,112,12,240,0,117,114,12,243,497,0,497,740
06/13/2015,FFZ,AZ,AWP,WE,Towers with Radar,0,0,2,0,2,0,109,131,2,242,0,109,133,2,244,468,0,468,712
06/14/2015,FFZ,AZ,AWP,WE,Towers with Radar,0,0,5,0,5,0,102,116,0,218,0,102,121,0,223,191,0,191,414
06/15/2015,FFZ,AZ,AWP,WE,Towers with Radar,0,2,4,0,6,0,107,93,13,213,0,109,97,13,219,183,0,183,402
06/16/2015,FFZ,AZ,AWP,WE,Towers with Radar,0,4,2,0,6,0,134,108,21,263,0,138,110,21,269,287,0,287,556
06/17/2015,FFZ,AZ,AWP,WE,Towers with Radar,0,7,9,0,16,0,128,109,16,253,0,135,118,16,269,325,0,325,594
06/18/2015,FFZ,AZ,AWP,WE,Towers with Radar,0,1,15,0,16,0,131,80,4,215,0,132,95,4,231,267,0,267,498
06/19/2015,FFZ,AZ,AWP,WE,Towers with Radar,0,1,7,0,8,0,131,107,6,244,0,132,114,6,252,225,0,225,477
06/20/2015,FFZ,AZ,AWP,WE,Towers with Radar,0,0,1,0,1,0,130,101,0,231,0,130,102,0,232,198,0,198,430
06/21/2015,FFZ,AZ,AWP,WE,Towers with Radar,0,0,9,0,9,0,84,84,0,168,0,84,93,0,177,166,0,166,343
06/22/2015,FFZ,AZ,AWP,WE,Towers with Radar,0,3,6,2,11,0,108,83,5,196,0,111,89,7,207,218,0,218,425
06/23/2015,FFZ,AZ,AWP,WE,Towers with Radar,0,1,3,0,4,0,140,86,4,230,0,141,89,4,234,212,0,212,446
06/24/2015,FFZ,AZ,AWP,WE,Towers with Radar,0,1,5,0,6,0,132,72,14,218,0,133,77,14,224,259,0,259,483
06/25/2015,FFZ,AZ,AWP,WE,Towers with Radar,0,1,7,0,8,0,146,103,6,255,0,147,110,6,263,258,0,258,521
06/26/2015,FFZ,AZ,AWP,WE,Towers with Radar,0,4,11,0,15,0,141,86,10,237,0,145,97,10,252,283,0,283,535
06/27/2015,FFZ,AZ,AWP,WE,Towers with Radar,0,0,3,0,3,0,88,110,0,198,0,88,113,0,201,228,0,228,429
06/28/2015,FFZ,AZ,AWP,WE,Towers with Radar,0,0,3,0,3,0,106,74,0,180,0,106,77,0,183,124,0,124,307
06/29/2015,FFZ,AZ,AWP,WE,Towers with Radar,0,2,7,0,9,0,112,86,6,204,0,114,93,6,213,343,0,343,556
06/30/2015,FFZ,AZ,AWP,WE,Towers with Radar,0,1,2,0,3,0,82,91,7,180,0,83,93,7,183,200,0,200,383
07/01/2015,FFZ,AZ,AWP,WE,Towers with Radar,0,2,3,0,5,0,132,109,2,243,0,134,112,2,248,206,0,206,454
07/02/2015,FFZ,AZ,AWP,WE,Towers with Radar,0,1,8,0,9,0,152,116,9,277,0,153,124,9,286,342,0,342,628
07/03/2015,FFZ,AZ,AWP,WE,Towers with Radar,0,2,5,0,7,0,77,98,0,175,0,79,103,0,182,370,0,370,552
07/04/2015,FFZ,AZ,AWP,WE,Towers with Radar,0,0,3,0,3,0,3,112,0,115,0,3,115,0,118,98,0,98,216
07/05/2015,FFZ,AZ,AWP,WE,Towers with Radar,0,0,3,0,3,0,77,72,0,149,0,77,75,0,152,169,0,169,321
07/06/2015,FFZ,AZ,AWP,WE,Towers with Radar,0,3,10,0,13,0,81,99,9,189,0,84,109,9,202,221,0,221,423
07/07/2015,FFZ,AZ,AWP,WE,Towers with Radar,0,3,5,0,8,0,101,107,8,216,0,104,112,8,224,392,0,392,616
07/08/2015,FFZ,AZ,AWP,WE,Towers with Radar,0,1,10,0,11,0,131,95,11,237,0,132,105,11,248,328,0,328,576
07/09/2015,FFZ,AZ,AWP,WE,Towers with Radar,0,2,5,0,7,0,105,91,14,210,0,107,96,14,217,345,0,345,562
07/10/2015,FFZ,AZ,AWP,WE,Towers with Radar,0,1,8,0,9,0,86,84,19,189,0,87,92,19,198,433,0,433,631
07/11/2015,FFZ,AZ,AWP,WE,Towers with Radar,0,0,7,0,7,0,99,139,0,238,0,99,146,0,245,368,0,368,613
07/12/2015,FFZ,AZ,AWP,WE,Towers with Radar,0,2,8,0,10,0,75,107,0,182,0,77,115,0,192,473,0,473,665
07/13/2015,FFZ,AZ,AWP,WE,Towers with Radar,0,1,4,0,5,0,82,90,1,173,0,83,94,1,178,463,0,463,641
07/14/2015,FFZ,AZ,AWP,WE,Towers with Radar,0,1,2,0,3,0,113,103,4,220,0,114,105,4,223,315,0,315,538
07/15/2015,FFZ,AZ,AWP,WE,Towers with Radar,0,1,9,0,10,0,122,77,6,205,0,123,86,6,215,349,0,349,564
07/16/2015,FFZ,AZ,AWP,WE,Towers with Radar,0,1,4,0,5,0,120,100,9,229,0,121,104,9,234,554,0,554,788
07/17/2015,FFZ,AZ,AWP,WE,Towers with Radar,0,2,7,0,9,0,105,86,13,204,0,107,93,13,213,560,0,560,773
07/18/2015,FFZ,AZ,AWP,WE,Towers with Radar,0,0,13,0,13,0,77,98,3,178,0,77,111,3,191,388,0,388,579
07/19/2015,FFZ,AZ,AWP,WE,Towers with Radar,0,0,8,0,8,0,113,63,0,176,0,113,71,0,184,428,0,428,612
07/20/2015,FFZ,AZ,AWP,WE,Towers with Radar,0,3,5,0,8,0,115,118,5,238,0,118,123,5,246,475,0,475,721
07/21/2015,FFZ,AZ,AWP,WE,Towers with Radar,0,2,7,0,9,0,124,142,4,270,0,126,149,4,279,596,0,596,875
07/22/2015,FFZ,AZ,AWP,WE,Towers with Radar,0,1,9,0,10,0,153,121,5,279,0,154,130,5,289,591,0,591,880
07/23/2015,FFZ,AZ,AWP,WE,Towers with Radar,0,1,7,0,8,0,129,124,12,265,0,130,131,12,273,390,0,390,663
07/24/2015,FFZ,AZ,AWP,WE,Towers with Radar,0,2,6,0,8,0,128,97,5,230,0,130,103,5,238,322,0,322,560
07/25/2015,FFZ,AZ,AWP,WE,Towers with Radar,0,0,3,0,3,0,112,93,0,205,0,112,96,0,208,326,0,326,534
07/26/2015,FFZ,AZ,AWP,WE,Towers with Radar,0,0,8,0,8,0,112,90,1,203,0,112,98,1,211,258,0,258,469
07/27/2015,FFZ,AZ,AWP,WE,Towers with Radar,0,1,7,0,8,0,131,74,0,205,0,132,81,0,213,469,0,469,682
07/28/2015,FFZ,AZ,AWP,WE,Towers with Radar,0,1,4,0,5,0,130,113,2,245,0,131,117,2,250,478,9,487,737
07/29/2015,FFZ,AZ,AWP,WE,Towers with Radar,0,1,6,0,7,0,131,75,4,210,0,132,81,4,217,391,0,391,608
07/30/2015,FFZ,AZ,AWP,WE,Towers with Radar,0,1,4,0,5,0,125,96,7,228,0,126,100,7,233,438,0,438,671
07/31/2015,FFZ,AZ,AWP,WE,Towers with Radar,0,1,4,0,5,0,96,111,0,207,0,97,115,0,212,305,0,305,517
08/01/2015,FFZ,AZ,AWP,WE,Towers with Radar,0,0,13,0,13,0,103,123,0,226,0,103,136,0,239,416,0,416,655
08/02/2015,FFZ,AZ,AWP,WE,Towers with Radar,0,0,8,0,8,0,103,90,0,193,0,103,98,0,201,258,0,258,459
08/03/2015,FFZ,AZ,AWP,WE,Towers with Radar,0,1,7,0,8,0,85,112,2,199,0,86,119,2,207,232,0,232,439
08/04/2015,FFZ,AZ,AWP,WE,Towers with Radar,0,2,5,0,7,0,88,95,17,200,0,90,100,17,207,226,0,226,433
08/05/2015,FFZ,AZ,AWP,WE,Towers with Radar,0,1,7,0,8,0,129,117,8,254,0,130,124,8,262,339,0,339,601
08/06/2015,FFZ,AZ,AWP,WE,Towers with Radar,0,1,5,0,6,0,115,103,5,223,0,116,108,5,229,368,0,368,597
08/07/2015,FFZ,AZ,AWP,WE,Towers with Radar,0,1,11,0,12,0,106,65,4,175,0,107,76,4,187,376,0,376,563
08/08/2015,FFZ,AZ,AWP,WE,Towers with Radar,0,0,7,0,7,0,132,119,0,251,0,132,126,0,258,407,0,407,665
08/09/2015,FFZ,AZ,AWP,WE,Towers with Radar,0,0,5,0,5,0,118,96,1,215,0,118,101,1,220,311,0,311,531
08/10/2015,FFZ,AZ,AWP,WE,Towers with Radar,0,8,6,0,14,0,97,76,10,183,0,105,82,10,197,312,0,312,509
08/11/2015,FFZ,AZ,AWP,WE,Towers with Radar,0,3,6,0,9,0,92,69,6,167,0,95,75,6,176,169,0,169,345
08/12/2015,FFZ,AZ,AWP,WE,Towers with Radar,0,1,10,0,11,0,142,91,9,242,0,143,101,9,253,300,0,300,553
08/13/2015,FFZ,AZ,AWP,WE,Towers with Radar,0,1,6,0,7,0,109,90,24,223,0,110,96,24,230,287,0,287,517
08/14/2015,FFZ,AZ,AWP,WE,Towers with Radar,0,1,3,0,4,0,129,71,6,206,0,130,74,6,210,201,0,201,411
08/15/2015,FFZ,AZ,AWP,WE,Towers with Radar,0,0,10,0,10,0,110,124,0,234,0,110,134,0,244,266,0,266,510
08/16/2015,FFZ,AZ,AWP,WE,Towers with Radar,0,0,4,0,4,0,110,74,0,184,0,110,78,0,188,233,0,233,421
08/17/2015,FFZ,AZ,AWP,WE,Towers with Radar,0,1,5,0,6,0,112,72,7,191,0,113,77,7,197,295,0,295,492
08/18/2015,FFZ,AZ,AWP,WE,Towers with Radar,0,3,4,0,7,0,158,107,18,283,0,161,111,18,290,465,0,465,755
08/19/2015,FFZ,AZ,AWP,WE,Towers with Radar,0,2,9,0,11,0,137,96,13,246,0,139,105,13,257,495,0,495,752
08/20/2015,FFZ,AZ,AWP,WE,Towers with Radar,0,2,11,0,13,0,144,107,7,258,0,146,118,7,271,519,0,519,790
08/21/2015,FFZ,AZ,AWP,WE,Towers with Radar,0,1,8,0,9,0,141,104,15,260,0,142,112,15,269,390,0,390,659
08/22/2015,FFZ,AZ,AWP,WE,Towers with Radar,0,0,8,0,8,0,116,131,0,247,0,116,139,0,255,414,0,414,669
08/23/2015,FFZ,AZ,AWP,WE,Towers with Radar,0,0,10,0,10,0,115,99,0,214,0,115,109,0,224,413,0,413,637
08/24/2015,FFZ,AZ,AWP,WE,Towers with Radar,0,1,6,0,7,0,153,90,12,255,0,154,96,12,262,270,0,270,532
08/25/2015,FFZ,AZ,AWP,WE,Towers with Radar,0,4,1,0,5,0,147,85,6,238,0,151,86,6,243,483,0,483,726
08/26/2015,FFZ,AZ,AWP,WE,Towers with Radar,0,1,10,0,11,0,135,124,10,269,0,136,134,10,280,369,0,369,649
08/27/2015,FFZ,AZ,AWP,WE,Towers with Radar,0,1,5,0,6,0,146,98,10,254,0,147,103,10,260,307,0,307,567
08/28/2015,FFZ,AZ,AWP,WE,Towers with Radar,0,1,3,0,4,0,172,131,7,310,0,173,134,7,314,435,0,435,749
08/29/2015,FFZ,AZ,AWP,WE,Towers with Radar,0,1,3,0,4,0,125,97,0,222,0,126,100,0,226,303,0,303,529
08/30/2015,FFZ,AZ,AWP,WE,Towers with Radar,0,1,5,0,6,0,112,88,1,201,0,113,93,1,207,294,0,294,501
08/31/2015,FFZ,AZ,AWP,WE,Towers with Radar,0,2,11,0,13,0,124,91,10,225,0,126,102,10,238,372,0,372,610
09/01/2015,FFZ,AZ,AWP,WE,Towers with Radar,0,9,5,0,14,0,153,103,16,272,0,162,108,16,286,446,0,446,732
09/02/2015,FFZ,AZ,AWP,WE,Towers with Radar,0,3,4,0,7,0,149,122,8,279,0,152,126,8,286,508,0,508,794
09/03/2015,FFZ,AZ,AWP,WE,Towers with Radar,0,3,8,0,11,0,124,91,8,223,0,127,99,8,234,287,0,287,521
09/04/2015,FFZ,AZ,AWP,WE,Towers with Radar,0,2,8,0,10,0,132,129,10,271,0,134,137,10,281,467,0,467,748
09/05/2015,FFZ,AZ,AWP,WE,Towers with Radar,0,0,5,0,5,0,97,106,0,203,0,97,111,0,208,248,0,248,456
09/06/2015,FFZ,AZ,AWP,WE,Towers with Radar,0,2,3,0,5,0,126,113,0,239,0,128,116,0,244,452,0,452,696
09/07/2015,FFZ,AZ,AWP,WE,Towers with Radar,0,0,8,0,8,0,3,97,0,100,0,3,105,0,108,49,0,49,157
09/08/2015,FFZ,AZ,AWP,WE,Towers with Radar,0,2,4,0,6,0,127,105,8,240,0,129,109,8,246,444,0,444,690
09/09/2015,FFZ,AZ,AWP,WE,Towers with Radar,0,2,5,0,7,0,171,116,8,295,0,173,121,8,302,469,0,469,771
09/10/2015,FFZ,AZ,AWP,WE,Towers with Radar,0,2,11,0,13,0,179,125,4,308,0,181,136,4,321,590,0,590,911
09/11/2015,FFZ,AZ,AWP,WE,Towers with Radar,0,2,4,0,6,0,154,131,10,295,0,156,135,10,301,524,6,530,831
09/12/2015,FFZ,AZ,AWP,WE,Towers with Radar,0,0,7,0,7,0,148,111,0,259,0,148,118,0,266,571,0,571,837
09/13/2015,FFZ,AZ,AWP,WE,Towers with Radar,0,1,11,0,12,0,122,82,0,204,0,123,93,0,216,458,0,458,674
09/14/2015,FFZ,AZ,AWP,WE,Towers with Radar,0,2,6,0,8,0,126,79,3,208,0,128,85,3,216,409,0,409,625
09/15/2015,FFZ,AZ,AWP,WE,Towers with Radar,0,2,12,0,14,0,166,93,17,276,0,168,105,17,290,401,0,401,691
09/16/2015,FFZ,AZ,AWP,WE,Towers with Radar,0,1,8,0,9,0,161,109,6,276,0,162,117,6,285,455,0,455,740
09/17/2015,FFZ,AZ,AWP,WE,Towers with Radar,0,2,8,0,10,0,158,134,13,305,0,160,142,13,315,476,0,476,791
09/18/2015,FFZ,AZ,AWP,WE,Towers with Radar,0,4,7,0,11,0,138,169,9,316,0,142,176,9,327,590,0,590,917
09/19/2015,FFZ,AZ,AWP,WE,Towers with Radar,0,0,5,0,5,0,165,151,0,316,0,165,156,0,321,482,0,482,803
09/20/2015,FFZ,AZ,AWP,WE,Towers with Radar,0,1,12,0,13,0,136,127,0,263,0,137,139,0,276,497,0,497,773
09/21/2015,FFZ,AZ,AWP,WE,Towers with Radar,0,2,14,0,16,0,122,108,7,237,0,124,122,7,253,466,0,466,719
09/22/2015,FFZ,AZ,AWP,WE,Towers with Radar,0,1,11,0,12,0,118,72,3,193,0,119,83,3,205,645,0,645,850
09/23/2015,FFZ,AZ,AWP,WE,Towers with Radar,0,1,10,0,11,0,175,132,13,320,0,176,142,13,331,553,0,553,884
09/24/2015,FFZ,AZ,AWP,WE,Towers with Radar,0,1,8,0,9,0,154,130,9,293,0,155,138,9,302,574,0,574,876
09/25/2015,FFZ,AZ,AWP,WE,Towers with Radar,0,3,12,0,15,0,115,104,4,223,0,118,116,4,238,332,0,332,570
09/26/2015,FFZ,AZ,AWP,WE,Towers with Radar,0,0,7,0,7,0,120,130,0,250,0,120,137,0,257,428,0,428,685
09/27/2015,FFZ,AZ,AWP,WE,Towers with Radar,0,0,6,0,6,0,130,113,0,243,0,130,119,0,249,507,0,507,756
09/28/2015,FFZ,AZ,AWP,WE,Towers with Radar,0,1,5,0,6,0,153,116,5,274,0,154,121,5,280,492,0,492,772
09/29/2015,FFZ,AZ,AWP,WE,Towers with Radar,0,1,7,0,8,0,148,116,16,280,0,149,123,16,288,452,0,452,740
09/30/2015,FFZ,AZ,AWP,WE,Towers with Radar,0,1,9,0,10,0,163,108,10,281,0,164,117,10,291,599,0,599,890
10/01/2015,FFZ,AZ,AWP,WE,Towers with Radar,0,1,5,0,6,0,174,110,12,296,0,175,115,12,302,535,0,535,837
10/02/2015,FFZ,AZ,AWP,WE,Towers with Radar,0,3,7,0,10,0,141,162,4,307,0,144,169,4,317,564,0,564,881
10/03/2015,FFZ,AZ,AWP,WE,Towers with Radar,0,0,8,0,8,0,119,176,2,297,0,119,184,2,305,345,0,345,650
10/04/2015,FFZ,AZ,AWP,WE,Towers with Radar,0,2,6,0,8,0,62,57,0,119,0,64,63,0,127,275,0,275,402
10/05/2015,FFZ,AZ,AWP,WE,Towers with Radar,0,3,13,0,16,0,77,91,2,170,0,80,104,2,186,384,0,384,570
10/06/2015,FFZ,AZ,AWP,WE,Towers with Radar,0,3,8,0,11,0,109,66,4,179,0,112,74,4,190,467,0,467,657
10/07/2015,FFZ,AZ,AWP,WE,Towers with Radar,0,4,16,0,20,0,164,142,9,315,0,168,158,9,335,648,9,657,992
10/08/2015,FFZ,AZ,AWP,WE,Towers with Radar,0,2,9,0,11,0,152,137,5,294,0,154,146,5,305,575,0,575,880
10/09/2015,FFZ,AZ,AWP,WE,Towers with Radar,0,2,5,0,7,0,116,126,5,247,0,118,131,5,254,380,0,380,634
10/10/2015,FFZ,AZ,AWP,WE,Towers with Radar,0,0,7,0,7,0,155,167,0,322,0,155,174,0,329,382,0,382,711
10/11/2015,FFZ,AZ,AWP,WE,Towers with Radar,0,1,6,0,7,0,179,133,1,313,0,180,139,1,320,545,0,545,865
10/12/2015,FFZ,AZ,AWP,WE,Towers with Radar,0,1,6,0,7,0,182,135,16,333,0,183,141,16,340,498,0,498,838
10/13/2015,FFZ,AZ,AWP,WE,Towers with Radar,0,5,10,0,15,0,164,145,8,317,0,169,155,8,332,561,0,561,893
10/14/2015,FFZ,AZ,AWP,WE,Towers with Radar,0,2,12,0,14,0,174,145,9,328,0,176,157,9,342,413,0,413,755
10/15/2015,FFZ,AZ,AWP,WE,Towers with Radar,0,4,3,0,7,0,142,137,1,280,0,146,140,1,287,499,0,499,786
10/16/2015,FFZ,AZ,AWP,WE,Towers with Radar,0,2,9,0,11,0,89,74,3,166,0,91,83,3,177,310,0,310,487
10/17/2015,FFZ,AZ,AWP,WE,Towers with Radar,0,0,3,0,3,0,108,117,1,226,0,108,120,1,229,352,0,352,581
10/18/2015,FFZ,AZ,AWP,WE,Towers with Radar,0,0,10,0,10,0,117,75,0,192,0,117,85,0,202,254,0,254,456
10/19/2015,FFZ,AZ,AWP,WE,Towers with Radar,0,3,16,0,19,0,150,97,4,251,0,153,113,4,270,538,0,538,808
10/20/2015,FFZ,AZ,AWP,WE,Towers with Radar,0,1,8,0,9,0,119,90,7,216,0,120,98,7,225,375,0,375,600
10/21/2015,FFZ,AZ,AWP,WE,Towers with Radar,0,1,7,0,8,0,128,97,3,228,0,129,104,3,236,438,0,438,674
10/22/2015,FFZ,AZ,AWP,WE,Towers with Radar,0,3,7,0,10,0,206,195,9,410,0,209,202,9,420,521,4,525,945
10/23/2015,FFZ,AZ,AWP,WE,Towers with Radar,0,2,13,0,15,0,196,220,13,429,0,198,233,13,444,537,0,537,981
10/24/2015,FFZ,AZ,AWP,WE,Towers with Radar,0,2,4,0,6,0,165,210,4,379,0,167,214,4,385,255,0,255,640
10/25/2015,FFZ,AZ,AWP,WE,Towers with Radar,0,0,7,0,7,0,114,139,0,253,0,114,146,0,260,326,0,326,586
10/26/2015,FFZ,AZ,AWP,WE,Towers with Radar,0,2,3,0,5,0,158,131,10,299,0,160,134,10,304,508,0,508,812
10/27/2015,FFZ,AZ,AWP,WE,Towers with Radar,0,0,9,0,9,0,180,139,5,324,0,180,148,5,333,708,0,708,1041
10/28/2015,FFZ,AZ,AWP,WE,Towers with Radar,0,2,9,0,11,0,151,122,7,280,0,153,131,7,291,476,0,476,767
10/29/2015,FFZ,AZ,AWP,WE,Towers with Radar,0,2,6,0,8,0,91,82,3,176,0,93,88,3,184,349,0,349,533
10/30/2015,FFZ,AZ,AWP,WE,Towers with Radar,0,1,9,0,10,0,137,162,11,310,0,138,171,11,320,585,0,585,905
10/31/2015,FFZ,AZ,AWP,WE,Towers with Radar,0,0,7,0,7,0,130,204,1,335,0,130,211,1,342,313,0,313,655
11/01/2015,FFZ,AZ,AWP,WE,Towers with Radar,2,0,11,0,13,0,141,128,0,269,2,141,139,0,282,461,0,461,743
11/02/2015,FFZ,AZ,AWP,WE,Towers with Radar,0,2,9,0,11,0,165,139,10,314,0,167,148,10,325,342,0,342,667
11/03/2015,FFZ,AZ,AWP,WE,Towers with Radar,0,2,13,0,15,0,115,121,2,238,0,117,134,2,253,315,0,315,568
11/04/2015,FFZ,AZ,AWP,WE,Towers with Radar,0,2,3,0,5,0,184,80,4,268,0,186,83,4,273,419,0,419,692
11/05/2015,FFZ,AZ,AWP,WE,Towers with Radar,0,1,11,0,12,0,211,193,11,415,0,212,204,11,427,676,0,676,1103
11/06/2015,FFZ,AZ,AWP,WE,Towers with Radar,0,1,11,0,12,0,130,186,12,328,0,131,197,12,340,705,0,705,1045
11/07/2015,FFZ,AZ,AWP,WE,Towers with Radar,0,0,8,0,8,0,112,221,4,337,0,112,229,4,345,287,0,287,632
11/08/2015,FFZ,AZ,AWP,WE,Towers with Radar,0,0,13,0,13,0,119,104,0,223,0,119,117,0,236,322,0,322,558
11/09/2015,FFZ,AZ,AWP,WE,Towers with Radar,0,2,9,2,13,0,138,131,8,277,0,140,140,10,290,558,0,558,848
11/10/2015,FFZ,AZ,AWP,WE,Towers with Radar,0,2,13,0,15,0,139,130,10,279,0,141,143,10,294,372,6,378,672
11/11/2015,FFZ,AZ,AWP,WE,Towers with Radar,0,3,13,0,16,0,213,181,10,404,0,216,194,10,420,561,0,561,981
11/12/2015,FFZ,AZ,AWP,WE,Towers with Radar,0,2,9,0,11,0,202,151,8,361,0,204,160,8,372,334,0,334,706
11/13/2015,FFZ,AZ,AWP,WE,Towers with Radar,0,2,10,0,12,0,135,168,5,308,0,137,178,5,320,361,3,364,684
11/14/2015,FFZ,AZ,AWP,WE,Towers with Radar,0,1,8,0,9,0,169,205,0,374,0,170,213,0,383,316,0,316,699
11/15/2015,FFZ,AZ,AWP,WE,Towers with Radar,0,1,11,0,12,0,89,67,0,156,0,90,78,0,168,221,0,221,389
11/16/2015,FFZ,AZ,AWP,WE,Towers with Radar,0,2,7,0,9,0,76,59,9,144,0,78,66,9,153,163,0,163,316
11/17/2015,FFZ,AZ,AWP,WE,Towers with Radar,0,2,8,0,10,0,150,151,12,313,0,152,159,12,323,332,8,340,663
11/18/2015,FFZ,AZ,AWP,WE,Towers with Radar,0,2,9,0,11,0,186,167,9,362,0,188,176,9,373,535,0,535,908
11/19/2015,FFZ,AZ,AWP,WE,Towers with Radar,0,1,7,0,8,0,171,175,10,356,0,172,182,10,364,354,0,354,718
11/20/2015,FFZ,AZ,AWP,WE,Towers with Radar,0,1,5,0,6,0,154,173,5,332,0,155,178,5,338,480,0,480,818
11/21/2015,FFZ,AZ,AWP,WE,Towers with Radar,0,0,6,0,6,0,141,179,0,320,0,141,185,0,326,153,0,153,479
11/22/2015,FFZ,AZ,AWP,WE,Towers with Radar,0,0,10,0,10,0,183,143,0,326,0,183,153,0,336,273,0,273,609
11/23/2015,FFZ,AZ,AWP,WE,Towers with Radar,0,1,5,0,6,0,156,134,10,300,0,157,139,10,306,329,0,329,635
11/24/2015,FFZ,AZ,AWP,WE,Towers with Radar,0,1,10,0,11,0,161,187,11,359,0,162,197,11,370,412,0,412,782
11/25/2015,FFZ,AZ,AWP,WE,Towers with Radar,0,4,13,0,17,0,147,121,9,277,0,151,134,9,294,334,0,334,628
11/26/2015,FFZ,AZ,AWP,WE,Towers with Radar,0,0,1,0,1,0,1,62,0,63,0,1,63,0,64,65,0,65,129
11/27/2015,FFZ,AZ,AWP,WE,Towers with Radar,0,1,5,0,6,0,5,151,0,156,0,6,156,0,162,239,0,239,401
11/28/2015,FFZ,AZ,AWP,WE,Towers with Radar,0,1,6,0,7,0,133,200,1,334,0,134,206,1,341,331,0,331,672
11/29/2015,FFZ,AZ,AWP,WE,Towers with Radar,0,1,12,0,13,0,164,126,0,290,0,165,138,0,303,320,0,320,623
11/30/2015,FFZ,AZ,AWP,WE,Towers with Radar,0,3,7,2,12,0,174,125,5,304,0,177,132,7,316,416,0,416,732
12/01/2015,FFZ,AZ,AWP,WE,Towers with Radar,0,1,9,0,10,0,195,138,11,344,0,196,147,11,354,376,0,376,730
12/02/2015,FFZ,AZ,AWP,WE,Towers with Radar,0,1,11,0,12,0,190,162,4,356,0,191,173,4,368,428,0,428,796
12/03/2015,FFZ,AZ,AWP,WE,Towers with Radar,0,1,14,0,15,0,226,168,10,404,0,227,182,10,419,462,0,462,881
12/04/2015,FFZ,AZ,AWP,WE,Towers with Radar,0,2,6,0,8,0,164,161,1,326,0,166,167,1,334,588,0,588,922
12/05/2015,FFZ,AZ,AWP,WE,Towers with Radar,0,0,5,0,5,0,168,229,5,402,0,168,234,5,407,461,0,461,868
12/06/2015,FFZ,AZ,AWP,WE,Towers with Radar,0,3,4,0,7,0,151,143,3,297,0,154,147,3,304,551,0,551,855
12/07/2015,FFZ,AZ,AWP,WE,Towers with Radar,0,3,16,0,19,0,196,136,12,344,0,199,152,12,363,391,0,391,754
12/08/2015,FFZ,AZ,AWP,WE,Towers with Radar,0,4,8,0,12,0,177,147,9,333,0,181,155,9,345,529,0,529,874
12/09/2015,FFZ,AZ,AWP,WE,Towers with Radar,0,3,6,0,9,0,159,146,6,311,0,162,152,6,320,626,0,626,946
12/10/2015,FFZ,AZ,AWP,WE,Towers with Radar,0,3,9,0,12,0,210,168,4,382,0,213,177,4,394,584,0,584,978
12/11/2015,FFZ,AZ,AWP,WE,Towers with Radar,0,3,7,0,10,0,135,138,8,281,0,138,145,8,291,520,0,520,811
12/12/2015,FFZ,AZ,AWP,WE,Towers with Radar,0,0,11,0,11,0,147,108,0,255,0,147,119,0,266,413,0,413,679
12/13/2015,FFZ,AZ,AWP,WE,Towers with Radar,0,0,8,0,8,0,164,168,0,332,0,164,176,0,340,454,0,454,794
12/14/2015,FFZ,AZ,AWP,WE,Towers with Radar,0,1,6,0,7,0,85,50,0,135,0,86,56,0,142,203,0,203,345
12/15/2015,FFZ,AZ,AWP,WE,Towers with Radar,0,1,6,0,7,0,184,124,7,315,0,185,130,7,322,483,0,483,805
12/16/2015,FFZ,AZ,AWP,WE,Towers with Radar,0,1,9,0,10,0,176,129,7,312,0,177,138,7,322,543,0,543,865
12/17/2015,FFZ,AZ,AWP,WE,Towers with Radar,0,1,8,0,9,0,153,178,2,333,0,154,186,2,342,551,0,551,893
12/18/2015,FFZ,AZ,AWP,WE,Towers with Radar,0,3,11,0,14,0,172,163,5,340,0,175,174,5,354,653,0,653,1007
12/19/2015,FFZ,AZ,AWP,WE,Towers with Radar,0,0,3,0,3,0,145,192,2,339,0,145,195,2,342,660,0,660,1002
12/20/2015,FFZ,AZ,AWP,WE,Towers with Radar,0,0,14,0,14,0,133,150,0,283,0,133,164,0,297,591,0,591,888
12/21/2015,FFZ,AZ,AWP,WE,Towers with Radar,0,2,9,0,11,0,129,117,3,249,0,131,126,3,260,549,0,549,809
12/22/2015,FFZ,AZ,AWP,WE,Towers with Radar,0,5,6,0,11,0,133,86,0,219,0,138,92,0,230,510,0,510,740
12/23/2015,FFZ,AZ,AWP,WE,Towers with Radar,0,2,5,0,7,0,77,91,1,169,0,79,96,1,176,534,0,534,710
12/24/2015,FFZ,AZ,AWP,WE,Towers with Radar,0,1,5,0,6,0,55,80,0,135,0,56,85,0,141,198,0,198,339
12/25/2015,FFZ,AZ,AWP,WE,Towers with Radar,0,2,0,0,2,0,0,17,0,17,0,2,17,0,19,21,0,21,40
12/26/2015,FFZ,AZ,AWP,WE,Towers with Radar,0,3,7,0,10,0,27,79,0,106,0,30,86,0,116,63,0,63,179
12/27/2015,FFZ,AZ,AWP,WE,Towers with Radar,0,1,6,0,7,0,127,133,0,260,0,128,139,0,267,392,0,392,659
12/28/2015,FFZ,AZ,AWP,WE,Towers with Radar,0,3,1,0,4,0,96,112,2,210,0,99,113,2,214,377,0,377,591
12/29/2015,FFZ,AZ,AWP,WE,Towers with Radar,0,1,8,0,9,0,118,138,7,263,0,119,146,7,272,410,0,410,682
12/30/2015,FFZ,AZ,AWP,WE,Towers with Radar,0,1,7,0,8,0,120,196,2,318,0,121,203,2,326,524,0,524,850
12/31/2015,FFZ,AZ,AWP,WE,Towers with Radar,0,1,7,0,8,0,79,144,0,223,0,80,151,0,231,311,0,311,542
01/01/2016,FFZ,AZ,AWP,WE,Towers with Radar,0,1,3,0,4,0,2,81,0,83,0,3,84,0,87,84,0,84,171
01/02/2016,FFZ,AZ,AWP,WE,Towers with Radar,0,0,14,0,14,0,75,182,0,257,0,75,196,0,271,312,0,312,583
01/03/2016,FFZ,AZ,AWP,WE,Towers with Radar,0,0,14,0,14,0,122,107,0,229,0,122,121,0,243,371,0,371,614
01/04/2016,FFZ,AZ,AWP,WE,Towers with Radar,0,4,13,0,17,0,70,30,2,102,0,74,43,2,119,297,0,297,416
01/05/2016,FFZ,AZ,AWP,WE,Towers with Radar,0,3,16,0,19,0,14,53,0,67,0,17,69,0,86,278,0,278,364
01/06/2016,FFZ,AZ,AWP,WE,Towers with Radar,2,4,4,0,10,0,123,106,3,232,2,127,110,3,242,476,0,476,718
01/07/2016,FFZ,AZ,AWP,WE,Towers with Radar,0,2,1,0,3,0,35,18,1,54,0,37,19,1,57,115,0,115,172
01/08/2016,FFZ,AZ,AWP,WE,Towers with Radar,0,8,3,0,11,0,88,91,1,180,0,96,94,1,191,403,0,403,594
01/09/2016,FFZ,AZ,AWP,WE,Towers with Radar,0,2,4,0,6,0,98,198,2,298,0,100,202,2,304,479,0,479,783
01/10/2016,FFZ,AZ,AWP,WE,Towers with Radar,0,1,4,0,5,0,133,107,0,240,0,134,111,0,245,509,0,509,754
01/11/2016,FFZ,AZ,AWP,WE,Towers with Radar,0,1,5,0,6,0,113,145,4,262,0,114,150,4,268,353,45,398,666
01/12/2016,FFZ,AZ,AWP,WE,Towers with Radar,0,1,6,0,7,0,102,129,2,233,0,103,135,2,240,461,0,461,701
01/13/2016,FFZ,AZ,AWP,WE,Towers with Radar,0,1,6,0,7,0,140,151,1,292,0,141,157,1,299,480,0,480,779
01/14/2016,FFZ,AZ,AWP,WE,Towers with Radar,0,3,4,0,7,0,144,135,2,281,0,147,139,2,288,590,0,590,878
01/15/2016,FFZ,AZ,AWP,WE,Towers with Radar,0,1,11,0,12,0,154,148,2,304,0,155,159,2,316,597,0,597,913
01/16/2016,FFZ,AZ,AWP,WE,Towers with Radar,0,0,5,0,5,0,143,202,1,346,0,143,207,1,351,405,0,405,756
01/17/2016,FFZ,AZ,AWP,WE,Towers with Radar,0,0,3,0,3,0,131,102,1,234,0,131,105,1,237,387,0,387,624
01/18/2016,FFZ,AZ,AWP,WE,Towers with Radar,0,2,11,0,13,0,145,120,1,266,0,147,131,1,279,514,0,514,793
01/19/2016,FFZ,AZ,AWP,WE,Towers with Radar,0,2,4,0,6,0,178,187,1,366,0,180,191,1,372,458,0,458,830
01/20/2016,FFZ,AZ,AWP,WE,Towers with Radar,0,1,1,0,2,0,165,157,2,324,0,166,158,2,326,654,0,654,980
01/21/2016,FFZ,AZ,AWP,WE,Towers with Radar,0,1,6,0,7,0,149,134,6,289,0,150,140,6,296,437,0,437,733
01/22/2016,FFZ,AZ,AWP,WE,Towers with Radar,0,4,6,0,10,0,143,136,6,285,0,147,142,6,295,447,0,447,742
01/23/2016,FFZ,AZ,AWP,WE,Towers with Radar,0,2,12,0,14,0,127,180,4,311,0,129,192,4,325,493,0,493,818
01/24/2016,FFZ,AZ,AWP,WE,Towers with Radar,0,0,12,0,12,0,139,142,0,281,0,139,154,0,293,394,0,394,687
01/25/2016,FFZ,AZ,AWP,WE,Towers with Radar,0,1,3,0,4,0,146,106,12,264,0,147,109,12,268,552,0,552,820
01/26/2016,FFZ,AZ,AWP,WE,Towers with Radar,0,1,9,0,10,0,143,135,18,296,0,144,144,18,306,489,0,489,795
01/27/2016,FFZ,AZ,AWP,WE,Towers with Radar,0,3,6,0,9,0,168,175,17,360,0,171,181,17,369,627,0,627,996
01/28/2016,FFZ,AZ,AWP,WE,Towers with Radar,0,3,12,0,15,0,143,165,17,325,0,146,177,17,340,581,0,581,921
01/29/2016,FFZ,AZ,AWP,WE,Towers with Radar,0,2,13,2,17,0,167,178,13,358,0,169,191,15,375,766,0,766,1141
01/30/2016,FFZ,AZ,AWP,WE,Towers with Radar,0,2,8,0,10,0,100,211,5,316,0,102,219,5,326,441,0,441,767
01/31/2016,FFZ,AZ,AWP,WE,Towers with Radar,0,2,6,0,8,0,108,116,0,224,0,110,122,0,232,375,0,375,607
02/01/2016,FFZ,AZ,AWP,WE,Towers with Radar,0,2,1,0,3,0,65,31,4,100,0,67,32,4,103,280,0,280,383
02/02/2016,FFZ,AZ,AWP,WE,Towers with Radar,0,2,6,0,8,0,135,131,11,277,0,137,137,11,285,573,0,573,858
02/03/2016,FFZ,AZ,AWP,WE,Towers with Radar,0,4,5,0,9,0,177,147,8,332,0,181,152,8,341,690,0,690,1031
02/04/2016,FFZ,AZ,AWP,WE,Towers with Radar,0,2,2,0,4,0,121,141,4,266,0,123,143,4,270,579,0,579,849
02/05/2016,FFZ,AZ,AWP,WE,Towers with Radar,0,2,11,0,13,0,167,137,10,314,0,169,148,10,327,729,0,729,1056
02/06/2016,FFZ,AZ,AWP,WE,Towers with Radar,0,0,4,0,4,0,157,194,1,352,0,157,198,1,356,454,0,454,810
02/07/2016,FFZ,AZ,AWP,WE,Towers with Radar,0,0,6,0,6,0,119,81,0,200,0,119,87,0,206,299,0,299,505
02/08/2016,FFZ,AZ,AWP,WE,Towers with Radar,0,5,17,2,24,0,104,93,12,209,0,109,110,14,233,323,0,323,556
02/09/2016,FFZ,AZ,AWP,WE,Towers with Radar,0,0,7,0,7,0,166,119,9,294,0,166,126,9,301,305,0,305,606
02/10/2016,FFZ,AZ,AWP,WE,Towers with Radar,1,2,6,0,9,0,137,139,13,289,1,139,145,13,298,299,0,299,597
02/11/2016,FFZ,AZ,AWP,WE,Towers with Radar,0,0,2,0,2,0,213,154,12,379,0,213,156,12,381,368,0,368,749
02/12/2016,FFZ,AZ,AWP,WE,Towers with Radar,0,0,12,0,12,0,157,177,11,345,0,157,189,11,357,532,33,565,922
02/13/2016,FFZ,AZ,AWP,WE,Towers with Radar,0,2,8,0,10,0,136,178,2,316,0,138,186,2,326,493,0,493,819
02/14/2016,FFZ,AZ,AWP,WE,Towers with Radar,0,1,5,0,6,0,141,129,0,270,0,142,134,0,276,472,0,472,748
02/15/2016,FFZ,AZ,AWP,WE,Towers with Radar,0,0,3,0,3,0,166,194,13,373,0,166,197,13,376,638,0,638,1014
02/16/2016,FFZ,AZ,AWP,WE,Towers with Radar,0,0,5,0,5,0,190,153,13,356,0,190,158,13,361,402,0,402,763
02/17/2016,FFZ,AZ,AWP,WE,Towers with Radar,0,1,6,0,7,0,141,169,10,320,0,142,175,10,327,324,0,324,651
02/18/2016,FFZ,AZ,AWP,WE,Towers with Radar,0,0,8,0,8,0,163,154,4,321,0,163,162,4,329,363,0,363,692
02/19/2016,FFZ,AZ,AWP,WE,Towers with Radar,0,0,9,0,9,0,152,142,6,300,0,152,151,6,309,458,0,458,767
02/20/2016,FFZ,AZ,AWP,WE,Towers with Radar,0,0,8,0,8,0,142,204,8,354,0,142,212,8,362,273,0,273,635
02/21/2016,FFZ,AZ,AWP,WE,Towers with Radar,0,0,5,0,5,0,158,142,0,300,0,158,147,0,305,310,0,310,615
02/22/2016,FFZ,AZ,AWP,WE,Towers with Radar,0,0,6,1,7,0,105,98,6,209,0,105,104,7,216,345,0,345,561
02/23/2016,FFZ,AZ,AWP,WE,Towers with Radar,0,0,8,0,8,0,148,151,14,313,0,148,159,14,321,200,0,200,521
02/24/2016,FFZ,AZ,AWP,WE,Towers with Radar,0,0,8,0,8,0,151,128,10,289,0,151,136,10,297,406,0,406,703
02/25/2016,FFZ,AZ,AWP,WE,Towers with Radar,0,2,10,0,12,0,162,180,11,353,0,164,190,11,365,417,0,417,782
02/26/2016,FFZ,AZ,AWP,WE,Towers with Radar,0,0,11,0,11,0,158,181,10,349,0,158,192,10,360,710,0,710,1070
02/27/2016,FFZ,AZ,AWP,WE,Towers with Radar,0,0,9,0,9,0,118,184,0,302,0,118,193,0,311,531,0,531,842
02/28/2016,FFZ,AZ,AWP,WE,Towers with Radar,0,2,8,0,10,0,154,139,0,293,0,156,147,0,303,384,0,384,687
02/29/2016,FFZ,AZ,AWP,WE,Towers with Radar,0,1,10,0,11,0,125,121,6,252,0,126,131,6,263,273,0,273,536
03/01/2016,FFZ,AZ,AWP,WE,Towers with Radar,0,1,3,0,4,0,188,151,6,345,0,189,154,6,349,269,0,269,618
03/02/2016,FFZ,AZ,AWP,WE,Towers with Radar,0,2,12,0,14,0,159,119,3,281,0,161,131,3,295,383,0,383,678
03/03/2016,FFZ,AZ,AWP,WE,Towers with Radar,0,0,10,0,10,0,124,201,1,326,0,124,211,1,336,270,0,270,606
03/04/2016,FFZ,AZ,AWP,WE,Towers with Radar,0,0,11,0,11,0,152,155,12,319,0,152,166,12,330,214,0,214,544
03/05/2016,FFZ,AZ,AWP,WE,Towers with Radar,0,1,11,0,12,0,141,217,4,362,0,142,228,4,374,112,0,112,486
03/06/2016,FFZ,AZ,AWP,WE,Towers with Radar,0,1,9,0,10,0,115,86,0,201,0,116,95,0,211,184,0,184,395
03/07/2016,FFZ,AZ,AWP,WE,Towers with Radar,0,2,10,0,12,0,153,126,8,287,0,155,136,8,299,331,0,331,630
03/08/2016,FFZ,AZ,AWP,WE,Towers with Radar,0,0,5,2,7,0,165,83,9,257,0,165,88,11,264,361,0,361,625
03/09/2016,FFZ,AZ,AWP,WE,Towers with Radar,0,0,11,0,11,0,157,141,2,300,0,157,152,2,311,440,0,440,751
03/10/2016,FFZ,AZ,AWP,WE,Towers with Radar,0,0,4,0,4,0,171,162,8,341,0,171,166,8,345,263,0,263,608
03/11/2016,FFZ,AZ,AWP,WE,Towers with Radar,0,1,10,0,11,0,119,138,1,258,0,120,148,1,269,248,0,248,517
03/12/2016,FFZ,AZ,AWP,WE,Towers with Radar,0,0,9,0,9,0,121,140,9,270,0,121,149,9,279,198,0,198,477
03/13/2016,FFZ,AZ,AWP,WE,Towers with Radar,0,7,14,0,21,0,134,130,0,264,0,141,144,0,285,144,0,144,429
03/14/2016,FFZ,AZ,AWP,WE,Towers with Radar,0,27,23,0,50,0,151,118,6,275,0,178,141,6,325,379,0,379,704
03/15/2016,FFZ,AZ,AWP,WE,Towers with Radar,0,0,8,0,8,0,153,158,12,323,0,153,166,12,331,255,0,255,586
03/16/2016,FFZ,AZ,AWP,WE,Towers with Radar,0,0,3,0,3,0,162,201,6,369,0,162,204,6,372,281,0,281,653
03/17/2016,FFZ,AZ,AWP,WE,Towers with Radar,1,0,10,0,11,0,163,194,6,363,1,163,204,6,374,262,0,262,636
03/18/2016,FFZ,AZ,AWP,WE,Towers with Radar,0,2,12,0,14,0,158,150,4,312,0,160,162,4,326,455,0,455,781
03/19/2016,FFZ,AZ,AWP,WE,Towers with Radar,0,1,13,0,14,0,141,185,8,334,0,142,198,8,348,402,0,402,750
03/20/2016,FFZ,AZ,AWP,WE,Towers with Radar,0,0,14,0,14,0,143,142,0,285,0,143,156,0,299,349,0,349,648
03/21/2016,FFZ,AZ,AWP,WE,Towers with Radar,0,0,10,0,10,0,171,123,7,301,0,171,133,7,311,448,0,448,759
03/22/2016,FFZ,AZ,AWP,WE,Towers with Radar,0,0,13,0,13,0,143,75,19,237,0,143,88,19,250,284,0,284,534
03/23/2016,FFZ,AZ,AWP,WE,Towers with Radar,0,0,16,0,16,0,146,104,14,264,0,146,120,14,280,339,0,339,619
03/24/2016,FFZ,AZ,AWP,WE,Towers with Radar,0,2,17,0,19,0,204,164,6,374,0,206,181,6,393,594,0,594,987
03/25/2016,FFZ,AZ,AWP,WE,Towers with Radar,0,1,14,0,15,0,146,163,4,313,0,147,177,4,328,464,0,464,792
03/26/2016,FFZ,AZ,AWP,WE,Towers with Radar,0,2,17,0,19,0,182,385,0,567,0,184,402,0,586,292,0,292,878
03/27/2016,FFZ,AZ,AWP,WE,Towers with Radar,0,2,10,0,12,0,136,108,0,244,0,138,118,0,256,348,0,348,604
03/28/2016,FFZ,AZ,AWP,WE,Towers with Radar,0,3,9,0,12,0,117,83,8,208,0,120,92,8,220,311,0,311,531
03/29/2016,FFZ,AZ,AWP,WE,Towers with Radar,0,1,15,0,16,0,111,105,5,221,0,112,120,5,237,590,0,590,827
03/30/2016,FFZ,AZ,AWP,WE,Towers with Radar,0,0,7,0,7,0,156,160,9,325,0,156,167,9,332,539,0,539,871
03/31/2016,FFZ,AZ,AWP,WE,Towers with Radar,0,1,9,0,10,0,149,197,17,363,0,150,206,17,373,511,0,511,884
04/01/2016,FFZ,AZ,AWP,WE,Towers with Radar,0,1,8,0,9,0,125,180,9,314,0,126,188,9,323,470,0,470,793
04/02/2016,FFZ,AZ,AWP,WE,Towers with Radar,0,1,7,0,8,0,141,170,6,317,0,142,177,6,325,483,0,483,808
04/03/2016,FFZ,AZ,AWP,WE,Towers with Radar,0,0,11,0,11,0,147,133,3,283,0,147,144,3,294,234,0,234,528
04/04/2016,FFZ,AZ,AWP,WE,Towers with Radar,0,6,19,0,25,0,125,136,0,261,0,131,155,0,286,559,0,559,845
04/05/2016,FFZ,AZ,AWP,WE,Towers with Radar,0,0,10,0,10,0,158,141,8,307,0,158,151,8,317,470,0,470,787
04/06/2016,FFZ,AZ,AWP,WE,Towers with Radar,0,1,7,0,8,0,166,166,6,338,0,167,173,6,346,592,0,592,938
04/07/2016,FFZ,AZ,AWP,WE,Towers with Radar,0,2,6,0,8,0,156,130,5,291,0,158,136,5,299,587,0,587,886
04/08/2016,FFZ,AZ,AWP,WE,Towers with Radar,0,3,12,0,15,0,138,80,4,222,0,141,92,4,237,391,0,391,628
04/09/2016,FFZ,AZ,AWP,WE,Towers with Radar,0,0,7,0,7,0,166,164,3,333,0,166,171,3,340,277,0,277,617
04/10/2016,FFZ,AZ,AWP,WE,Towers with Radar,0,0,7,0,7,0,50,32,0,82,0,50,39,0,89,165,0,165,254
04/11/2016,FFZ,AZ,AWP,WE,Towers with Radar,0,4,9,0,13,0,149,122,4,275,0,153,131,4,288,728,0,728,1016
04/12/2016,FFZ,AZ,AWP,WE,Towers with Radar,0,0,13,0,13,0,183,152,0,335,0,183,165,0,348,698,0,698,1046
04/13/2016,FFZ,AZ,AWP,WE,Towers with Radar,0,2,8,0,10,0,190,160,4,354,0,192,168,4,364,574,0,574,938
04/14/2016,FFZ,AZ,AWP,WE,Towers with Radar,0,2,8,0,10,0,136,136,2,274,0,138,144,2,284,579,0,579,863
04/15/2016,FFZ,AZ,AWP,WE,Towers with Radar,0,4,3,0,7,0,115,94,5,214,0,119,97,5,221,306,0,306,527
04/16/2016,FFZ,AZ,AWP,WE,Towers with Radar,0,0,7,0,7,0,142,156,3,301,0,142,163,3,308,529,0,529,837
04/17/2016,FFZ,AZ,AWP,WE,Towers with Radar,0,0,6,0,6,0,145,122,0,267,0,145,128,0,273,356,0,356,629
04/18/2016,FFZ,AZ,AWP,WE,Towers with Radar,0,2,6,0,8,0,158,151,8,317,0,160,157,8,325,538,0,538,863
04/19/2016,FFZ,AZ,AWP,WE,Towers with Radar,0,4,12,0,16,0,191,130,13,334,0,195,142,13,350,537,0,537,887
04/20/2016,FFZ,AZ,AWP,WE,Towers with Radar,0,2,4,0,6,0,180,155,7,342,0,182,159,7,348,639,0,639,987
04/21/2016,FFZ,AZ,AWP,WE,Towers with Radar,0,2,13,0,15,0,165,164,9,338,0,167,177,9,353,771,0,771,1124
04/22/2016,FFZ,AZ,AWP,WE,Towers with Radar,0,4,8,0,12,0,153,133,3,289,0,157,141,3,301,610,0,610,911
04/23/2016,FFZ,AZ,AWP,WE,Towers with Radar,0,0,6,0,6,0,99,169,2,270,0,99,175,2,276,311,0,311,587
04/24/2016,FFZ,AZ,AWP,WE,Towers with Radar,0,0,8,0,8,0,109,122,8,239,0,109,130,8,247,539,0,539,786
04/25/2016,FFZ,AZ,AWP,WE,Towers with Radar,0,1,6,0,7,0,67,48,0,115,0,68,54,0,122,168,0,168,290
04/26/2016,FFZ,AZ,AWP,WE,Towers with Radar,0,0,9,0,9,0,207,143,7,357,0,207,152,7,366,719,0,719,1085
04/27/2016,FFZ,AZ,AWP,WE,Towers with Radar,0,4,18,0,22,0,213,132,5,350,0,217,150,5,372,945,0,945,1317
04/28/2016,FFZ,AZ,AWP,WE,Towers with Radar,0,2,6,0,8,0,162,94,18,274,0,164,100,18,282,589,0,589,871
04/29/2016,FFZ,AZ,AWP,WE,Towers with Radar,0,2,6,0,8,0,139,112,19,270,0,141,118,19,278,584,0,584,862
04/30/2016,FFZ,AZ,AWP,WE,Towers with Radar,0,0,2,0,2,0,92,131,15,238,0,92,133,15,240,212,0,212,452
05/01/2016,FFZ,AZ,AWP,WE,Towers with Radar,0,0,6,0,6,0,157,93,1,251,0,157,99,1,257,448,0,448,705
05/02/2016,FFZ,AZ,AWP,WE,Towers with Radar,0,2,8,0,10,0,143,105,32,280,0,145,113,32,290,665,0,665,955
05/03/2016,FFZ,AZ,AWP,WE,Towers with Radar,0,2,12,0,14,0,150,129,26,305,0,152,141,26,319,670,0,670,989
05/04/2016,FFZ,AZ,AWP,WE,Towers with Radar,0,1,7,0,8,0,150,103,20,273,0,151,110,20,281,503,0,503,784
05/05/2016,FFZ,AZ,AWP,WE,Towers with Radar,0,1,12,0,13,0,107,68,19,194,0,108,80,19,207,381,0,381,588
05/06/2016,FFZ,AZ,AWP,WE,Towers with Radar,0,1,8,0,9,0,133,102,10,245,0,134,110,10,254,352,0,352,606
05/07/2016,FFZ,AZ,AWP,WE,Towers with Radar,0,3,9,0,12,0,134,178,1,313,0,137,187,1,325,646,0,646,971
05/08/2016,FFZ,AZ,AWP,WE,Towers with Radar,0,1,7,0,8,0,179,130,3,312,0,180,137,3,320,663,0,663,983
05/09/2016,FFZ,AZ,AWP,WE,Towers with Radar,0,1,5,3,9,0,148,112,5,265,0,149,117,8,274,650,0,650,924
05/10/2016,FFZ,AZ,AWP,WE,Towers with Radar,0,2,2,0,4,0,216,130,13,359,0,218,132,13,363,549,0,549,912
05/11/2016,FFZ,AZ,AWP,WE,Towers with Radar,0,0,16,2,18,0,194,134,14,342,0,194,150,16,360,521,0,521,881
05/12/2016,FFZ,AZ,AWP,WE,Towers with Radar,0,1,10,0,11,0,182,117,6,305,0,183,127,6,316,473,0,473,789
05/13/2016,FFZ,AZ,AWP,WE,Towers with Radar,0,2,3,0,5,0,179,150,7,336,0,181,153,7,341,618,0,618,959
05/14/2016,FFZ,AZ,AWP,WE,Towers with Radar,0,1,9,0,10,0,162,205,0,367,0,163,214,0,377,602,0,602,979
05/15/2016,FFZ,AZ,AWP,WE,Towers with Radar,0,2,8,0,10,0,123,100,0,223,0,125,108,0,233,367,0,367,600
05/16/2016,FFZ,AZ,AWP,WE,Towers with Radar,0,3,5,0,8,0,180,129,1,310,0,183,134,1,318,799,0,799,1117
05/17/2016,FFZ,AZ,AWP,WE,Towers with Radar,0,3,4,0,7,0,218,117,5,340,0,221,121,5,347,513,0,513,860
05/18/2016,FFZ,AZ,AWP,WE,Towers with Radar,0,2,4,0,6,0,171,73,4,248,0,173,77,4,254,769,0,769,1023
05/19/2016,FFZ,AZ,AWP,WE,Towers with Radar,0,2,5,0,7,0,163,127,16,306,0,165,132,16,313,553,0,553,866
05/20/2016,FFZ,AZ,AWP,WE,Towers with Radar,0,2,3,0,5,0,124,78,2,204,0,126,81,2,209,413,2,415,624
05/21/2016,FFZ,AZ,AWP,WE,Towers with Radar,0,1,5,0,6,0,92,90,5,187,0,93,95,5,193,185,0,185,378
05/22/2016,FFZ,AZ,AWP,WE,Towers with Radar,0,0,5,0,5,0,162,131,0,293,0,162,136,0,298,482,0,482,780
05/23/2016,FFZ,AZ,AWP,WE,Towers with Radar,0,2,5,0,7,0,166,103,13,282,0,168,108,13,289,568,0,568,857
05/24/2016,FFZ,AZ,AWP,WE,Towers with Radar,0,1,9,1,11,0,176,115,9,300,0,177,124,10,311,709,0,709,1020
05/25/2016,FFZ,AZ,AWP,WE,Towers with Radar,0,2,12,0,14,0,183,104,10,297,0,185,116,10,311,539,0,539,850
05/26/2016,FFZ,AZ,AWP,WE,Towers with Radar,0,1,11,0,12,0,192,132,5,329,0,193,143,5,341,572,0,572,913
05/27/2016,FFZ,AZ,AWP,WE,Towers with Radar,0,2,15,0,17,0,162,133,2,297,0,164,148,2,314,578,0,578,892
05/28/2016,FFZ,AZ,AWP,WE,Towers with Radar,0,0,2,0,2,0,130,136,1,267,0,130,138,1,269,439,0,439,708
05/29/2016,FFZ,AZ,AWP,WE,Towers with Radar,0,0,5,0,5,0,143,77,0,220,0,143,82,0,225,413,0,413,638
05/30/2016,FFZ,AZ,AWP,WE,Towers with Radar,0,2,10,0,12,0,4,156,0,160,0,6,166,0,172,132,0,132,304
05/31/2016,FFZ,AZ,AWP,WE,Towers with Radar,0,2,7,0,9,0,154,91,10,255,0,156,98,10,264,500,0,500,764
06/01/2016,FFZ,AZ,AWP,WE,Towers with Radar,0,2,4,0,6,0,147,101,20,268,0,149,105,20,274,611,0,611,885
06/02/2016,FFZ,AZ,AWP,WE,Towers with Radar,0,1,7,0,8,0,174,131,10,315,0,175,138,10,323,567,0,567,890
06/03/2016,FFZ,AZ,AWP,WE,Towers with Radar,0,0,4,0,4,0,135,110,12,257,0,135,114,12,261,511,0,511,772
06/04/2016,FFZ,AZ,AWP,WE,Towers with Radar,0,1,1,0,2,0,100,113,13,226,0,101,114,13,228,274,0,274,502
06/05/2016,FFZ,AZ,AWP,WE,Towers with Radar,0,1,2,0,3,0,107,79,2,188,0,108,81,2,191,372,0,372,563
06/06/2016,FFZ,AZ,AWP,WE,Towers with Radar,0,0,2,0,2,0,143,79,9,231,0,143,81,9,233,469,0,469,702
06/07/2016,FFZ,AZ,AWP,WE,Towers with Radar,0,0,2,0,2,0,187,106,8,301,0,187,108,8,303,694,0,694,997
06/08/2016,FFZ,AZ,AWP,WE,Towers with Radar,0,1,6,0,7,0,169,104,15,288,0,170,110,15,295,798,0,798,1093
06/09/2016,FFZ,AZ,AWP,WE,Towers with Radar,0,0,3,0,3,0,180,107,10,297,0,180,110,10,300,473,0,473,773
06/10/2016,FFZ,AZ,AWP,WE,Towers with Radar,0,0,4,0,4,0,172,98,8,278,0,172,102,8,282,611,0,611,893
06/11/2016,FFZ,AZ,AWP,WE,Towers with Radar,0,2,3,0,5,0,154,206,7,367,0,156,209,7,372,377,0,377,749
06/12/2016,FFZ,AZ,AWP,WE,Towers with Radar,0,0,7,0,7,0,131,108,0,239,0,131,115,0,246,435,0,435,681
06/13/2016,FFZ,AZ,AWP,WE,Towers with Radar,0,0,4,0,4,0,151,109,6,266,0,151,113,6,270,695,0,695,965
06/14/2016,FFZ,AZ,AWP,WE,Towers with Radar,0,4,8,0,12,0,188,100,13,301,0,192,108,13,313,603,0,603,916
06/15/2016,FFZ,AZ,AWP,WE,Towers with Radar,0,0,11,0,11,0,208,108,18,334,0,208,119,18,345,636,0,636,981
06/16/2016,FFZ,AZ,AWP,WE,Towers with Radar,0,0,5,0,5,0,154,114,8,276,0,154,119,8,281,512,0,512,793
06/17/2016,FFZ,AZ,AWP,WE,Towers with Radar,0,0,4,0,4,0,184,119,6,309,0,184,123,6,313,536,0,536,849
06/18/2016,FFZ,AZ,AWP,WE,Towers with Radar,0,0,3,0,3,0,130,102,3,235,0,130,105,3,238,409,0,409,647
06/19/2016,FFZ,AZ,AWP,WE,Towers with Radar,0,0,9,0,9,0,92,40,0,132,0,92,49,0,141,243,0,243,384
06/20/2016,FFZ,AZ,AWP,WE,Towers with Radar,0,0,7,0,7,0,130,93,10,233,0,130,100,10,240,240,0,240,480
06/21/2016,FFZ,AZ,AWP,WE,Towers with Radar,0,0,10,0,10,0,182,98,9,289,0,182,108,9,299,390,10,400,699
06/22/2016,FFZ,AZ,AWP,WE,Towers with Radar,0,0,5,0,5,0,174,73,3,250,0,174,78,3,255,575,0,575,830
06/23/2016,FFZ,AZ,AWP,WE,Towers with Radar,0,0,10,0,10,0,168,98,12,278,0,168,108,12,288,454,0,454,742
06/24/2016,FFZ,AZ,AWP,WE,Towers with Radar,0,1,6,0,7,0,142,81,8,231,0,143,87,8,238,512,1,513,751
06/25/2016,FFZ,AZ,AWP,WE,Towers with Radar,0,0,9,0,9,0,132,137,3,272,0,132,146,3,281,545,0,545,826
06/26/2016,FFZ,AZ,AWP,WE,Towers with Radar,0,0,4,0,4,0,140,85,0,225,0,140,89,0,229,518,0,518,747
06/27/2016,FFZ,AZ,AWP,WE,Towers with Radar,0,1,4,0,5,0,151,101,6,258,0,152,105,6,263,505,0,505,768
06/28/2016,FFZ,AZ,AWP,WE,Towers with Radar,0,1,14,0,15,0,155,106,14,275,0,156,120,14,290,409,6,415,705
06/29/2016,FFZ,AZ,AWP,WE,Towers with Radar,0,2,2,0,4,0,194,113,6,313,0,196,115,6,317,613,0,613,930
06/30/2016,FFZ,AZ,AWP,WE,Towers with Radar,0,3,12,0,15,0,172,118,4,294,0,175,130,4,309,674,0,674,983
07/01/2016,FFZ,AZ,AWP,WE,Towers with Radar,0,5,4,0,9,0,144,91,6,241,0,149,95,6,250,500,0,500,750
07/02/2016,FFZ,AZ,AWP,WE,Towers with Radar,0,3,4,0,7,0,135,110,0,245,0,138,114,0,252,412,0,412,664
07/03/2016,FFZ,AZ,AWP,WE,Towers with Radar,0,1,0,0,1,0,142,89,0,231,0,143,89,0,232,401,0,401,633
07/04/2016,FFZ,AZ,AWP,WE,Towers with Radar,0,0,2,0,2,0,5,86,0,91,0,5,88,0,93,53,0,53,146
07/05/2016,FFZ,AZ,AWP,WE,Towers with Radar,0,1,8,0,9,0,164,83,11,258,0,165,91,11,267,605,20,625,892
07/06/2016,FFZ,AZ,AWP,WE,Towers with Radar,0,1,7,0,8,0,165,84,7,256,0,166,91,7,264,475,0,475,739
07/07/2016,FFZ,AZ,AWP,WE,Towers with Radar,0,1,1,0,2,0,167,98,7,272,0,168,99,7,274,509,0,509,783
07/08/2016,FFZ,AZ,AWP,WE,Towers with Radar,0,1,15,0,16,0,150,115,2,267,0,151,130,2,283,487,0,487,770
07/09/2016,FFZ,AZ,AWP,WE,Towers with Radar,0,1,14,0,15,0,151,136,2,289,0,152,150,2,304,500,0,500,804
07/10/2016,FFZ,AZ,AWP,WE,Towers with Radar,0,0,7,0,7,0,131,72,1,204,0,131,79,1,211,360,0,360,571
07/11/2016,FFZ,AZ,AWP,WE,Towers with Radar,0,1,10,0,11,0,157,73,8,238,0,158,83,8,249,343,0,343,592
07/12/2016,FFZ,AZ,AWP,WE,Towers with Radar,0,2,8,0,10,22,175,86,9,292,22,177,94,9,302,652,0,652,954
07/13/2016,FFZ,AZ,AWP,WE,Towers with Radar,0,4,9,0,13,0,208,98,23,329,0,212,107,23,342,569,0,569,911
07/14/2016,FFZ,AZ,AWP,WE,Towers with Radar,0,1,6,0,7,0,205,86,27,318,0,206,92,27,325,489,0,489,814
07/15/2016,FFZ,AZ,AWP,WE,Towers with Radar,0,1,15,0,16,0,155,116,9,280,0,156,131,9,296,588,0,588,884
07/16/2016,FFZ,AZ,AWP,WE,Towers with Radar,0,0,10,0,10,0,152,118,1,271,0,152,128,1,281,348,0,348,629
07/17/2016,FFZ,AZ,AWP,WE,Towers with Radar,0,0,13,0,13,0,132,82,0,214,0,132,95,0,227,246,0,246,473
07/18/2016,FFZ,AZ,AWP,WE,Towers with Radar,0,2,14,0,16,0,175,66,9,250,0,177,80,9,266,362,0,362,628
07/19/2016,FFZ,AZ,AWP,WE,Towers with Radar,0,1,4,0,5,0,215,89,4,308,0,216,93,4,313,532,0,532,845
07/20/2016,FFZ,AZ,AWP,WE,Towers with Radar,0,2,18,0,20,0,205,97,13,315,0,207,115,13,335,491,0,491,826
07/21/2016,FFZ,AZ,AWP,WE,Towers with Radar,0,1,22,0,23,0,171,89,15,275,0,172,111,15,298,480,0,480,778
07/22/2016,FFZ,AZ,AWP,WE,Towers with Radar,0,1,13,0,14,0,129,77,7,213,0,130,90,7,227,393,11,404,631
07/23/2016,FFZ,AZ,AWP,WE,Towers with Radar,0,0,7,0,7,0,155,99,8,262,0,155,106,8,269,476,0,476,745
07/24/2016,FFZ,AZ,AWP,WE,Towers with Radar,0,0,19,0,19,0,171,79,0,250,0,171,98,0,269,327,0,327,596
07/25/2016,FFZ,AZ,AWP,WE,Towers with Radar,0,2,9,0,11,0,172,73,12,257,0,174,82,12,268,444,0,444,712
07/26/2016,FFZ,AZ,AWP,WE,Towers with Radar,0,3,16,0,19,0,229,72,22,323,0,232,88,22,342,408,26,434,776
07/27/2016,FFZ,AZ,AWP,WE,Towers with Radar,0,1,15,0,16,0,212,78,11,301,0,213,93,11,317,449,0,449,766
07/28/2016,FFZ,AZ,AWP,WE,Towers with Radar,0,1,12,0,13,0,210,94,11,315,0,211,106,11,328,523,0,523,851
07/29/2016,FFZ,AZ,AWP,WE,Towers with Radar,0,2,14,0,16,0,189,106,19,314,0,191,120,19,330,429,0,429,759
07/30/2016,FFZ,AZ,AWP,WE,Towers with Radar,0,0,20,0,20,0,139,89,2,230,0,139,109,2,250,438,0,438,688
07/31/2016,FFZ,AZ,AWP,WE,Towers with Radar,0,4,15,0,19,0,111,58,0,169,0,115,73,0,188,272,0,272,460
08/01/2016,FFZ,AZ,AWP,WE,Towers with Radar,0,2,16,0,18,0,181,66,3,250,0,183,82,3,268,441,0,441,709
08/02/2016,FFZ,AZ,AWP,WE,Towers with Radar,0,1,12,0,13,0,181,65,3,249,0,182,77,3,262,388,0,388,650
08/03/2016,FFZ,AZ,AWP,WE,Towers with Radar,0,1,17,0,18,0,209,118,10,337,0,210,135,10,355,402,0,402,757
08/04/2016,FFZ,AZ,AWP,WE,Towers with Radar,0,2,7,2,11,0,181,88,13,282,0,183,95,15,293,580,0,580,873
08/05/2016,FFZ,AZ,AWP,WE,Towers with Radar,0,1,11,0,12,0,156,96,13,265,0,157,107,13,277,458,0,458,735
08/06/2016,FFZ,AZ,AWP,WE,Towers with Radar,0,0,12,0,12,0,158,91,0,249,0,158,103,0,261,373,0,373,634
08/07/2016,FFZ,AZ,AWP,WE,Towers with Radar,0,1,11,0,12,0,192,89,0,281,0,193,100,0,293,400,0,400,693
08/08/2016,FFZ,AZ,AWP,WE,Towers with Radar,0,3,21,0,24,0,173,72,9,254,0,176,93,9,278,357,0,357,635
08/09/2016,FFZ,AZ,AWP,WE,Towers with Radar,0,3,14,0,17,0,183,60,11,254,0,186,74,11,271,343,12,355,626
08/10/2016,FFZ,AZ,AWP,WE,Towers with Radar,0,10,15,0,25,0,169,54,4,227,0,179,69,4,252,391,0,391,643
08/11/2016,FFZ,AZ,AWP,WE,Towers with Radar,0,7,10,0,17,0,187,83,9,279,0,194,93,9,296,478,0,478,774
08/12/2016,FFZ,AZ,AWP,WE,Towers with Radar,0,4,17,0,21,0,197,120,15,332,0,201,137,15,353,396,0,396,749
08/13/2016,FFZ,AZ,AWP,WE,Towers with Radar,0,4,8,0,12,0,154,108,1,263,0,158,116,1,275,316,0,316,591
08/14/2016,FFZ,AZ,AWP,WE,Towers with Radar,0,2,8,0,10,0,217,88,2,307,0,219,96,2,317,417,0,417,734
08/15/2016,FFZ,AZ,AWP,WE,Towers with Radar,0,6,11,0,17,0,198,81,17,296,0,204,92,17,313,564,0,564,877
08/16/2016,FFZ,AZ,AWP,WE,Towers with Radar,0,4,8,0,12,0,188,104,16,308,0,192,112,16,320,369,0,369,689
08/17/2016,FFZ,AZ,AWP,WE,Towers with Radar,0,8,17,0,25,0,236,113,14,363,0,244,130,14,388,533,0,533,921
08/18/2016,FFZ,AZ,AWP,WE,Towers with Radar,0,16,10,0,26,0,236,98,2,336,0,252,108,2,362,557,0,557,919
08/19/2016,FFZ,AZ,AWP,WE,Towers with Radar,0,12,17,0,29,0,199,94,11,304,0,211,111,11,333,536,1,537,870
08/20/2016,FFZ,AZ,AWP,WE,Towers with Radar,0,4,9,0,13,0,122,92,6,220,0,126,101,6,233,315,0,315,548
08/21/2016,FFZ,AZ,AWP,WE,Towers with Radar,0,11,16,0,27,0,146,102,0,248,0,157,118,0,275,461,0,461,736
08/22/2016,FFZ,AZ,AWP,WE,Towers with Radar,0,8,10,0,18,0,199,73,2,274,0,207,83,2,292,577,0,577,869
08/23/2016,FFZ,AZ,AWP,WE,Towers with Radar,0,6,12,0,18,0,231,73,15,319,0,237,85,15,337,480,0,480,817
08/24/2016,FFZ,AZ,AWP,WE,Towers with Radar,0,8,8,0,16,0,188,86,12,286,0,196,94,12,302,499,0,499,801
08/25/2016,FFZ,AZ,AWP,WE,Towers with Radar,0,12,17,0,29,0,223,96,12,331,0,235,113,12,360,557,0,557,917
08/26/2016,FFZ,AZ,AWP,WE,Towers with Radar,0,8,6,0,14,0,205,88,8,301,0,213,94,8,315,483,0,483,798
08/27/2016,FFZ,AZ,AWP,WE,Towers with Radar,0,13,18,0,31,0,152,93,3,248,0,165,111,3,279,342,0,342,621
08/28/2016,FFZ,AZ,AWP,WE,Towers with Radar,0,9,6,0,15,0,214,117,1,332,0,223,123,1,347,484,0,484,831
08/29/2016,FFZ,AZ,AWP,WE,Towers with Radar,0,8,9,0,17,0,196,81,16,293,0,204,90,16,310,508,0,508,818
08/30/2016,FFZ,AZ,AWP,WE,Towers with Radar,0,5,13,0,18,0,229,112,8,349,0,234,125,8,367,452,0,452,819
08/31/2016,FFZ,AZ,AWP,WE,Towers with Radar,0,4,18,1,23,0,166,73,24,263,0,170,91,25,286,473,0,473,759
09/01/2016,FFZ,AZ,AWP,WE,Towers with Radar,0,1,14,0,15,0,206,87,5,298,0,207,101,5,313,521,0,521,834
09/02/2016,FFZ,AZ,AWP,WE,Towers with Radar,0,9,12,0,21,0,160,113,7,280,0,169,125,7,301,478,0,478,779
09/03/2016,FFZ,AZ,AWP,WE,Towers with Radar,0,9,9,0,18,0,158,130,0,288,0,167,139,0,306,310,0,310,616
09/04/2016,FFZ,AZ,AWP,WE,Towers with Radar,0,16,12,0,28,0,130,74,0,204,0,146,86,0,232,168,0,168,400
09/05/2016,FFZ,AZ,AWP,WE,Towers with Radar,0,11,8,0,19,0,8,85,0,93,0,19,93,0,112,60,0,60,172
09/06/2016,FFZ,AZ,AWP,WE,Towers with Radar,0,8,9,0,17,0,192,87,10,289,0,200,96,10,306,436,0,436,742
09/07/2016,FFZ,AZ,AWP,WE,Towers with Radar,0,10,16,0,26,0,192,54,19,265,0,202,70,19,291,458,0,458,749
09/08/2016,FFZ,AZ,AWP,WE,Towers with Radar,0,7,15,0,22,0,211,125,3,339,0,218,140,3,361,495,0,495,856
09/09/2016,FFZ,AZ,AWP,WE,Towers with Radar,0,4,13,0,17,0,224,122,3,349,0,228,135,3,366,474,0,474,840
09/10/2016,FFZ,AZ,AWP,WE,Towers with Radar,0,11,6,0,17,0,193,180,0,373,0,204,186,0,390,321,0,321,711
09/11/2016,FFZ,AZ,AWP,WE,Towers with Radar,0,9,8,0,17,0,149,81,0,230,0,158,89,0,247,219,0,219,466
09/12/2016,FFZ,AZ,AWP,WE,Towers with Radar,0,18,11,0,29,0,191,80,12,283,0,209,91,12,312,399,0,399,711
09/13/2016,FFZ,AZ,AWP,WE,Towers with Radar,0,4,12,0,16,0,180,79,13,272,0,184,91,13,288,296,6,302,590
09/14/2016,FFZ,AZ,AWP,WE,Towers with Radar,0,7,12,0,19,0,226,105,22,353,0,233,117,22,372,562,0,562,934
09/15/2016,FFZ,AZ,AWP,WE,Towers with Radar,0,10,4,0,14,0,211,111,18,340,0,221,115,18,354,534,6,540,894
09/16/2016,FFZ,AZ,AWP,WE,Towers with Radar,0,11,7,0,18,0,188,104,12,304,0,199,111,12,322,609,0,609,931
09/17/2016,FFZ,AZ,AWP,WE,Towers with Radar,0,3,11,0,14,0,161,168,8,337,0,164,179,8,351,458,0,458,809
09/18/2016,FFZ,AZ,AWP,WE,Towers with Radar,0,5,9,0,14,0,136,115,0,251,0,141,124,0,265,333,0,333,598
09/19/2016,FFZ,AZ,AWP,WE,Towers with Radar,0,8,10,0,18,0,166,94,13,273,0,174,104,13,291,495,0,495,786
09/20/2016,FFZ,AZ,AWP,WE,Towers with Radar,0,9,13,0,22,0,219,65,15,299,0,228,78,15,321,455,0,455,776
09/21/2016,FFZ,AZ,AWP,WE,Towers with Radar,0,2,13,0,15,0,239,168,10,417,0,241,181,10,432,462,0,462,894
09/22/2016,FFZ,AZ,AWP,WE,Towers with Radar,0,4,9,0,13,0,158,96,5,259,0,162,105,5,272,573,0,573,845
09/23/2016,FFZ,AZ,AWP,WE,Towers with Radar,0,9,17,0,26,0,182,114,18,314,0,191,131,18,340,578,0,578,918
09/24/2016,FFZ,AZ,AWP,WE,Towers with Radar,0,6,13,0,19,0,164,161,15,340,0,170,174,15,359,535,0,535,894
09/25/2016,FFZ,AZ,AWP,WE,Towers with Radar,0,3,6,0,9,0,144,100,0,244,0,147,106,0,253,355,0,355,608
09/26/2016,FFZ,AZ,AWP,WE,Towers with Radar,0,1,9,0,10,0,109,65,17,191,0,110,74,17,201,425,0,425,626
09/27/2016,FFZ,AZ,AWP,WE,Towers with Radar,0,5,10,0,15,0,173,77,11,261,0,178,87,11,276,297,0,297,573
09/28/2016,FFZ,AZ,AWP,WE,Towers with Radar,0,5,18,0,23,0,211,105,24,340,0,216,123,24,363,514,0,514,877
09/29/2016,FFZ,AZ,AWP,WE,Towers with Radar,0,7,13,0,20,0,168,95,2,265,0,175,108,2,285,573,13,586,871
09/30/2016,FFZ,AZ,AWP,WE,Towers with Radar,0,5,12,0,17,0,194,143,25,362,0,199,155,25,379,617,8,625,1004
10/01/2016,FFZ,AZ,AWP,WE,Towers with Radar,0,8,15,0,23,0,152,196,2,350,0,160,211,2,373,388,0,388,761
10/02/2016,FFZ,AZ,AWP,WE,Towers with Radar,0,2,6,0,8,0,118,68,0,186,0,120,74,0,194,320,0,320,514
10/03/2016,FFZ,AZ,AWP,WE,Towers with Radar,0,8,13,0,21,0,204,118,8,330,0,212,131,8,351,686,0,686,1037
10/04/2016,FFZ,AZ,AWP,WE,Towers with Radar,0,2,13,0,15,0,218,124,19,361,0,220,137,19,376,726,0,726,1102
10/05/2016,FFZ,AZ,AWP,WE,Towers with Radar,0,6,16,0,22,0,243,143,19,405,0,249,159,19,427,698,0,698,1125
10/06/2016,FFZ,AZ,AWP,WE,Towers with Radar,0,9,10,0,19,0,183,138,8,329,0,192,148,8,348,614,0,614,962
10/07/2016,FFZ,AZ,AWP,WE,Towers with Radar,0,4,5,0,9,0,188,115,4,307,0,192,120,4,316,524,40,564,880
10/08/2016,FFZ,AZ,AWP,WE,Towers with Radar,0,3,2,0,5,0,153,109,0,262,0,156,111,0,267,394,0,394,661
10/09/2016,FFZ,AZ,AWP,WE,Towers with Radar,0,3,7,0,10,0,175,105,1,281,0,178,112,1,291,429,0,429,720
10/10/2016,FFZ,AZ,AWP,WE,Towers with Radar,0,7,8,0,15,0,176,115,8,299,0,183,123,8,314,494,0,494,808
10/11/2016,FFZ,AZ,AWP,WE,Towers with Radar,0,4,9,0,13,0,218,118,7,343,0,222,127,7,356,540,0,540,896
10/12/2016,FFZ,AZ,AWP,WE,Towers with Radar,0,3,13,0,16,0,251,174,14,439,0,254,187,14,455,886,0,886,1341
10/13/2016,FFZ,AZ,AWP,WE,Towers with Radar,0,3,9,0,12,0,155,129,12,296,0,158,138,12,308,488,0,488,796
10/14/2016,FFZ,AZ,AWP,WE,Towers with Radar,0,7,7,0,14,0,145,152,8,305,0,152,159,8,319,562,0,562,881
10/15/2016,FFZ,AZ,AWP,WE,Towers with Radar,0,11,10,0,21,0,165,183,1,349,0,176,193,1,370,586,0,586,956
10/16/2016,FFZ,AZ,AWP,WE,Towers with Radar,0,2,6,0,8,0,151,120,0,271,0,153,126,0,279,334,0,334,613
10/17/2016,FFZ,AZ,AWP,WE,Towers with Radar,0,2,17,0,19,0,172,143,9,324,0,174,160,9,343,501,0,501,844
10/18/2016,FFZ,AZ,AWP,WE,Towers with Radar,0,13,7,0,20,0,194,145,13,352,0,207,152,13,372,697,0,697,1069
10/19/2016,FFZ,AZ,AWP,WE,Towers with Radar,0,8,13,0,21,0,202,169,21,392,0,210,182,21,413,566,0,566,979
10/20/2016,FFZ,AZ,AWP,WE,Towers with Radar,0,10,6,0,16,0,142,104,10,256,0,152,110,10,272,585,0,585,857
10/21/2016,FFZ,AZ,AWP,WE,Towers with Radar,0,6,11,0,17,0,136,122,10,268,0,142,133,10,285,485,0,485,770
10/22/2016,FFZ,AZ,AWP,WE,Towers with Radar,0,4,14,0,18,0,151,170,7,328,0,155,184,7,346,434,0,434,780
10/23/2016,FFZ,AZ,AWP,WE,Towers with Radar,0,9,11,0,20,0,195,156,0,351,0,204,167,0,371,399,0,399,770
10/24/2016,FFZ,AZ,AWP,WE,Towers with Radar,0,15,18,0,33,0,190,99,8,297,0,205,117,8,330,593,0,593,923
10/25/2016,FFZ,AZ,AWP,WE,Towers with Radar,0,10,12,0,22,0,202,115,18,335,0,212,127,18,357,599,0,599,956
10/26/2016,FFZ,AZ,AWP,WE,Towers with Radar,0,8,13,0,21,0,196,140,11,347,0,204,153,11,368,404,0,404,772
10/27/2016,FFZ,AZ,AWP,WE,Towers with Radar,0,5,5,0,10,0,211,218,4,433,0,216,223,4,443,23,0,23,466
10/28/2016,FFZ,AZ,AWP,WE,Towers with Radar,0,1,8,0,9,0,167,341,27,535,0,168,349,27,544,53,0,53,597
10/29/2016,FFZ,AZ,AWP,WE,Towers with Radar,0,4,6,0,10,0,139,329,30,498,0,143,335,30,508,129,0,129,637
10/30/2016,FFZ,AZ,AWP,WE,Towers with Radar,0,0,4,0,4,0,122,151,1,274,0,122,155,1,278,87,0,87,365
10/31/2016,FFZ,AZ,AWP,WE,Towers with Radar,0,9,10,0,19,0,213,117,20,350,0,222,127,20,369,339,0,339,708
11/01/2016,FFZ,AZ,AWP,WE,Towers with Radar,0,13,19,0,32,0,179,144,19,342,0,192,163,19,374,260,0,260,634
11/02/2016,FFZ,AZ,AWP,WE,Towers with Radar,0,11,13,0,24,0,176,177,13,366,0,187,190,13,390,271,0,271,661
11/03/2016,FFZ,AZ,AWP,WE,Towers with Radar,0,5,13,0,18,0,102,55,13,170,0,107,68,13,188,204,0,204,392
11/04/2016,FFZ,AZ,AWP,WE,Towers with Radar,0,12,9,2,23,0,141,126,26,293,0,153,135,28,316,245,6,251,567
11/05/2016,FFZ,AZ,AWP,WE,Towers with Radar,0,16,6,0,22,0,164,202,23,389,0,180,208,23,411,210,0,210,621
11/06/2016,FFZ,AZ,AWP,WE,Towers with Radar,0,12,10,0,22,0,136,122,2,260,0,148,132,2,282,181,0,181,463
11/07/2016,FFZ,AZ,AWP,WE,Towers with Radar,0,15,11,0,26,0,180,131,31,342,0,195,142,31,368,303,23,326,694
11/08/2016,FFZ,AZ,AWP,WE,Towers with Radar,0,7,10,0,17,0,185,140,21,346,0,192,150,21,363,165,4,169,532
11/09/2016,FFZ,AZ,AWP,WE,Towers with Radar,0,6,7,0,13,0,130,102,19,251,0,136,109,19,264,243,0,243,507
11/10/2016,FFZ,AZ,AWP,WE,Towers with Radar,0,5,13,0,18,0,155,145,6,306,0,160,158,6,324,265,0,265,589
11/11/2016,FFZ,AZ,AWP,WE,Towers with Radar,0,7,4,0,11,0,134,129,34,297,0,141,133,34,308,215,12,227,535
11/12/2016,FFZ,AZ,AWP,WE,Towers with Radar,0,8,6,0,14,0,185,211,19,415,0,193,217,19,429,168,0,168,597
11/13/2016,FFZ,AZ,AWP,WE,Towers with Radar,0,22,23,0,45,0,163,105,0,268,0,185,128,0,313,103,0,103,416
11/14/2016,FFZ,AZ,AWP,WE,Towers with Radar,0,18,21,0,39,0,171,120,27,318,0,189,141,27,357,184,0,184,541
11/15/2016,FFZ,AZ,AWP,WE,Towers with Radar,0,12,12,0,24,0,208,145,36,389,0,220,157,36,413,170,10,180,593
11/16/2016,FFZ,AZ,AWP,WE,Towers with Radar,0,10,3,0,13,0,208,136,20,364,0,218,139,20,377,305,0,305,682
11/17/2016,FFZ,AZ,AWP,WE,Towers with Radar,0,15,24,0,39,0,171,145,29,345,0,186,169,29,384,302,27,329,713
11/18/2016,FFZ,AZ,AWP,WE,Towers with Radar,0,9,17,0,26,0,210,136,31,377,0,219,153,31,403,365,12,377,780
11/19/2016,FFZ,AZ,AWP,WE,Towers with Radar,0,9,10,0,19,0,169,173,22,364,0,178,183,22,383,176,0,176,559
11/20/2016,FFZ,AZ,AWP,WE,Towers with Radar,0,12,10,0,22,0,107,118,1,226,0,119,128,1,248,96,0,96,344
11/21/2016,FFZ,AZ,AWP,WE,Towers with Radar,0,13,7,0,20,0,112,57,10,179,0,125,64,10,199,275,0,275,474
11/22/2016,FFZ,AZ,AWP,WE,Towers with Radar,0,15,12,2,29,0,180,168,17,365,0,195,180,19,394,352,0,352,746
11/23/2016,FFZ,AZ,AWP,WE,Towers with Radar,0,9,15,0,24,0,216,182,15,413,0,225,197,15,437,190,14,204,641
11/24/2016,FFZ,AZ,AWP,WE,Towers with Radar,1,0,2,0,3,0,0,57,0,57,1,0,59,0,60,100,0,100,160
11/25/2016,FFZ,AZ,AWP,WE,Towers with Radar,0,1,9,0,10,0,8,114,1,123,0,9,123,1,133,122,0,122,255
11/26/2016,FFZ,AZ,AWP,WE,Towers with Radar,0,9,5,0,14,0,142,107,1,250,0,151,112,1,264,294,0,294,558
11/27/2016,FFZ,AZ,AWP,WE,Towers with Radar,0,5,11,0,16,0,113,84,1,198,0,118,95,1,214,207,0,207,421
11/28/2016,FFZ,AZ,AWP,WE,Towers with Radar,0,9,9,0,18,0,168,88,18,274,0,177,97,18,292,141,16,157,449
11/29/2016,FFZ,AZ,AWP,WE,Towers with Radar,0,9,14,1,24,0,195,127,24,346,0,204,141,25,370,223,0,223,593
11/30/2016,FFZ,AZ,AWP,WE,Towers with Radar,0,9,9,0,18,0,213,147,23,383,0,222,156,23,401,190,0,190,591
12/01/2016,FFZ,AZ,AWP,WE,Towers with Radar,0,11,9,0,20,0,184,149,16,349,0,195,158,16,369,300,0,300,669
12/02/2016,FFZ,AZ,AWP,WE,Towers with Radar,0,11,13,0,24,0,179,79,16,274,0,190,92,16,298,232,0,232,530
12/03/2016,FFZ,AZ,AWP,WE,Towers with Radar,0,11,10,0,21,0,170,180,8,358,0,181,190,8,379,308,0,308,687
12/04/2016,FFZ,AZ,AWP,WE,Towers with Radar,0,9,13,0,22,0,117,155,1,273,0,126,168,1,295,266,0,266,561
12/05/2016,FFZ,AZ,AWP,WE,Towers with Radar,0,12,6,0,18,0,165,108,25,298,0,177,114,25,316,91,0,91,407
12/06/2016,FFZ,AZ,AWP,WE,Towers with Radar,0,17,13,0,30,0,193,137,13,343,0,210,150,13,373,133,0,133,506
12/07/2016,FFZ,AZ,AWP,WE,Towers with Radar,0,4,10,0,14,0,224,120,21,365,0,228,130,21,379,243,0,243,622
12/08/2016,FFZ,AZ,AWP,WE,Towers with Radar,0,14,9,0,23,0,182,140,28,350,0,196,149,28,373,190,0,190,563
12/09/2016,FFZ,AZ,AWP,WE,Towers with Radar,0,16,19,0,35,0,187,144,25,356,0,203,163,25,391,250,0,250,641
12/10/2016,FFZ,AZ,AWP,WE,Towers with Radar,0,10,6,0,16,0,179,194,10,383,0,189,200,10,399,154,0,154,553
12/11/2016,FFZ,AZ,AWP,WE,Towers with Radar,0,3,11,0,14,0,166,107,0,273,0,169,118,0,287,112,0,112,399
12/12/2016,FFZ,AZ,AWP,WE,Towers with Radar,0,9,9,0,18,0,179,101,29,309,0,188,110,29,327,247,0,247,574
12/13/2016,FFZ,AZ,AWP,WE,Towers with Radar,0,28,16,4,48,0,161,134,24,319,0,189,150,28,367,233,0,233,600
12/14/2016,FFZ,AZ,AWP,WE,Towers with Radar,0,2,9,0,11,0,171,149,51,371,0,173,158,51,382,341,0,341,723
12/15/2016,FFZ,AZ,AWP,WE,Towers with Radar,0,8,14,0,22,0,188,151,24,363,0,196,165,24,385,270,0,270,655
12/16/2016,FFZ,AZ,AWP,WE,Towers with Radar,0,10,10,0,20,0,172,67,13,252,0,182,77,13,272,308,0,308,580
12/17/2016,FFZ,AZ,AWP,WE,Towers with Radar,0,8,11,0,19,0,151,143,1,295,0,159,154,1,314,360,0,360,674
12/18/2016,FFZ,AZ,AWP,WE,Towers with Radar,0,8,10,0,18,0,169,150,1,320,0,177,160,1,338,409,0,409,747
12/19/2016,FFZ,AZ,AWP,WE,Towers with Radar,0,22,8,0,30,0,189,117,29,335,0,211,125,29,365,202,0,202,567
12/20/2016,FFZ,AZ,AWP,WE,Towers with Radar,0,23,7,1,31,0,179,163,13,355,0,202,170,14,386,326,0,326,712
12/21/2016,FFZ,AZ,AWP,WE,Towers with Radar,0,6,10,0,16,0,155,127,10,292,0,161,137,10,308,175,0,175,483
12/22/2016,FFZ,AZ,AWP,WE,Towers with Radar,0,6,9,0,15,0,126,48,1,175,0,132,57,1,190,360,0,360,550
12/23/2016,FFZ,AZ,AWP,WE,Towers with Radar,0,12,15,0,27,0,74,60,0,134,0,86,75,0,161,456,0,456,617
12/24/2016,FFZ,AZ,AWP,WE,Towers with Radar,0,1,0,0,1,0,1,39,0,40,0,2,39,0,41,37,0,37,78
12/25/2016,FFZ,AZ,AWP,WE,Towers with Radar,0,0,2,0,2,0,2,33,0,35,0,2,35,0,37,46,0,46,83
12/26/2016,FFZ,AZ,AWP,WE,Towers with Radar,0,2,11,0,13,0,4,172,0,176,0,6,183,0,189,174,0,174,363
12/27/2016,FFZ,AZ,AWP,WE,Towers with Radar,0,11,13,0,24,0,168,188,3,359,0,179,201,3,383,378,0,378,761
12/28/2016,FFZ,AZ,AWP,WE,Towers with Radar,0,2,7,0,9,0,148,185,0,333,0,150,192,0,342,107,0,107,449
12/29/2016,FFZ,AZ,AWP,WE,Towers with Radar,0,5,7,0,12,0,196,167,7,370,0,201,174,7,382,185,0,185,567
12/30/2016,FFZ,AZ,AWP,WE,Towers with Radar,0,6,10,0,16,0,177,169,5,351,0,183,179,5,367,546,0,546,913
12/31/2016,FFZ,AZ,AWP,WE,Towers with Radar,0,1,3,0,4,0,3,24,0,27,0,4,27,0,31,83,0,83,114
01/01/2017,FFZ,AZ,AWP,WE,Towers with Radar,0,0,7,0,7,0,1,9,0,10,0,1,16,0,17,36,0,36,53
01/02/2017,FFZ,AZ,AWP,WE,Towers with Radar,2,4,11,0,17,0,163,123,0,286,2,167,134,0,303,375,0,375,678
01/03/2017,FFZ,AZ,AWP,WE,Towers with Radar,0,10,14,0,24,0,178,103,1,282,0,188,117,1,306,336,0,336,642
01/04/2017,FFZ,AZ,AWP,WE,Towers with Radar,0,5,11,0,16,0,196,193,15,404,0,201,204,15,420,515,0,515,935
01/05/2017,FFZ,AZ,AWP,WE,Towers with Radar,0,3,8,0,11,0,179,122,15,316,0,182,130,15,327,451,12,463,790
01/06/2017,FFZ,AZ,AWP,WE,Towers with Radar,0,5,13,0,18,0,180,146,14,340,0,185,159,14,358,339,9,348,706
01/07/2017,FFZ,AZ,AWP,WE,Towers with Radar,0,16,12,0,28,0,168,218,0,386,0,184,230,0,414,368,0,368,782
01/08/2017,FFZ,AZ,AWP,WE,Towers with Radar,0,26,9,0,35,0,168,142,1,311,0,194,151,1,346,420,0,420,766
01/09/2017,FFZ,AZ,AWP,WE,Towers with Radar,0,13,8,0,21,0,162,125,13,300,0,175,133,13,321,471,0,471,792
01/10/2017,FFZ,AZ,AWP,WE,Towers with Radar,0,5,10,0,15,0,207,141,26,374,0,212,151,26,389,472,0,472,861
01/11/2017,FFZ,AZ,AWP,WE,Towers with Radar,0,13,14,0,27,0,173,138,22,333,0,186,152,22,360,282,0,282,642
01/12/2017,FFZ,AZ,AWP,WE,Towers with Radar,0,9,18,0,27,0,152,129,20,301,0,161,147,20,328,372,0,372,700
01/13/2017,FFZ,AZ,AWP,WE,Towers with Radar,0,18,15,0,33,0,156,96,18,270,0,174,111,18,303,503,0,503,806
01/14/2017,FFZ,AZ,AWP,WE,Towers with Radar,0,8,4,0,12,0,132,100,9,241,0,140,104,9,253,567,0,567,820
01/15/2017,FFZ,AZ,AWP,WE,Towers with Radar,0,11,8,0,19,0,81,37,0,118,0,92,45,0,137,624,0,624,761
01/16/2017,FFZ,AZ,AWP,WE,Towers with Radar,0,5,6,0,11,0,150,121,27,298,0,155,127,27,309,512,0,512,821
01/17/2017,FFZ,AZ,AWP,WE,Towers with Radar,0,21,15,0,36,0,184,153,30,367,0,205,168,30,403,605,12,617,1020
01/18/2017,FFZ,AZ,AWP,WE,Towers with Radar,0,19,8,0,27,0,179,182,15,376,0,198,190,15,403,407,0,407,810
01/19/2017,FFZ,AZ,AWP,WE,Towers with Radar,0,4,7,0,11,0,159,64,34,257,0,163,71,34,268,595,0,595,863
01/20/2017,FFZ,AZ,AWP,WE,Towers with Radar,0,5,1,2,8,0,79,40,14,133,0,84,41,16,141,431,0,431,572
01/21/2017,FFZ,AZ,AWP,WE,Towers with Radar,0,14,9,0,23,0,137,60,0,197,0,151,69,0,220,238,0,238,458
01/22/2017,FFZ,AZ,AWP,WE,Towers with Radar,0,16,13,0,29,0,164,144,0,308,0,180,157,0,337,602,0,602,939
01/23/2017,FFZ,AZ,AWP,WE,Towers with Radar,0,7,5,0,12,0,144,61,29,234,0,151,66,29,246,536,0,536,782
01/24/2017,FFZ,AZ,AWP,WE,Towers with Radar,0,9,16,0,25,0,182,145,33,360,0,191,161,33,385,800,0,800,1185
01/25/2017,FFZ,AZ,AWP,WE,Towers with Radar,0,9,11,0,20,0,224,180,21,425,0,233,191,21,445,687,0,687,1132
01/26/2017,FFZ,AZ,AWP,WE,Towers with Radar,0,9,12,0,21,0,188,151,21,360,0,197,163,21,381,834,0,834,1215
01/27/2017,FFZ,AZ,AWP,WE,Towers with Radar,0,3,7,0,10,0,160,118,11,289,0,163,125,11,299,406,0,406,705
01/28/2017,FFZ,AZ,AWP,WE,Towers with Radar,0,15,9,0,24,0,154,206,3,363,0,169,215,3,387,605,0,605,992
01/29/2017,FFZ,AZ,AWP,WE,Towers with Radar,0,15,12,0,27,0,116,145,0,261,0,131,157,0,288,342,0,342,630
01/30/2017,FFZ,AZ,AWP,WE,Towers with Radar,0,13,10,0,23,0,170,169,9,348,0,183,179,9,371,578,0,578,949
01/31/2017,FFZ,AZ,AWP,WE,Towers with Radar,0,12,10,4,26,0,205,164,21,390,0,217,174,25,416,679,0,679,1095
02/01/2017,FFZ,AZ,AWP,WE,Towers with Radar,0,5,8,0,13,0,189,161,20,370,0,194,169,20,383,687,0,687,1070
02/02/2017,FFZ,AZ,AWP,WE,Towers with Radar,0,6,5,0,11,0,185,173,27,385,0,191,178,27,396,632,0,632,1028
02/03/2017,FFZ,AZ,AWP,WE,Towers with Radar,0,8,18,0,26,0,173,149,22,344,0,181,167,22,370,731,0,731,1101
02/04/2017,FFZ,AZ,AWP,WE,Towers with Radar,0,11,11,0,22,0,150,244,11,405,0,161,255,11,427,409,0,409,836
02/05/2017,FFZ,AZ,AWP,WE,Towers with Radar,0,8,9,0,17,0,156,120,5,281,0,164,129,5,298,407,0,407,705
02/06/2017,FFZ,AZ,AWP,WE,Towers with Radar,0,7,8,0,15,0,206,144,29,379,0,213,152,29,394,457,0,457,851
02/07/2017,FFZ,AZ,AWP,WE,Towers with Radar,0,10,9,0,19,0,197,172,35,404,0,207,181,35,423,552,0,552,975
02/08/2017,FFZ,AZ,AWP,WE,Towers with Radar,0,5,21,0,26,0,154,150,28,332,0,159,171,28,358,496,0,496,854
02/09/2017,FFZ,AZ,AWP,WE,Towers with Radar,0,11,13,0,24,0,187,188,24,399,0,198,201,24,423,475,5,480,903
02/10/2017,FFZ,AZ,AWP,WE,Towers with Radar,0,6,9,0,15,0,184,162,24,370,0,190,171,24,385,723,0,723,1108
02/11/2017,FFZ,AZ,AWP,WE,Towers with Radar,0,5,9,0,14,0,179,165,6,350,0,184,174,6,364,705,0,705,1069
02/12/2017,FFZ,AZ,AWP,WE,Towers with Radar,0,22,10,0,32,0,152,76,3,231,0,174,86,3,263,258,0,258,521
02/13/2017,FFZ,AZ,AWP,WE,Towers with Radar,0,12,7,0,19,0,180,114,16,310,0,192,121,16,329,452,0,452,781
02/14/2017,FFZ,AZ,AWP,WE,Towers with Radar,0,7,18,0,25,0,185,135,22,342,0,192,153,22,367,518,0,518,885
02/15/2017,FFZ,AZ,AWP,WE,Towers with Radar,0,6,13,0,19,0,158,143,19,320,0,164,156,19,339,646,0,646,985
02/16/2017,FFZ,AZ,AWP,WE,Towers with Radar,0,15,21,0,36,0,196,178,24,398,0,211,199,24,434,731,0,731,1165
02/17/2017,FFZ,AZ,AWP,WE,Towers with Radar,0,7,14,0,21,0,154,113,11,278,0,161,127,11,299,570,0,570,869
02/18/2017,FFZ,AZ,AWP,WE,Towers with Radar,0,6,3,0,9,0,74,15,0,89,0,80,18,0,98,353,0,353,451
02/19/2017,FFZ,AZ,AWP,WE,Towers with Radar,0,4,13,0,17,0,11,14,0,25,0,15,27,0,42,92,0,92,134
02/20/2017,FFZ,AZ,AWP,WE,Towers with Radar,0,13,15,0,28,0,186,219,35,440,0,199,234,35,468,792,0,792,1260
02/21/2017,FFZ,AZ,AWP,WE,Towers with Radar,0,15,11,0,26,0,206,165,38,409,0,221,176,38,435,600,0,600,1035
02/22/2017,FFZ,AZ,AWP,WE,Towers with Radar,0,16,23,0,39,0,187,183,24,394,0,203,206,24,433,577,0,577,1010
02/23/2017,FFZ,AZ,AWP,WE,Towers with Radar,0,12,15,0,27,0,204,106,13,323,0,216,121,13,350,858,0,858,1208
02/24/2017,FFZ,AZ,AWP,WE,Towers with Radar,0,10,18,0,28,0,165,198,19,382,0,175,216,19,410,928,0,928,1338
02/25/2017,FFZ,AZ,AWP,WE,Towers with Radar,0,18,9,0,27,0,178,240,0,418,0,196,249,0,445,553,0,553,998
02/26/2017,FFZ,AZ,AWP,WE,Towers with Radar,0,5,18,0,23,0,156,121,0,277,0,161,139,0,300,412,0,412,712
02/27/2017,FFZ,AZ,AWP,WE,Towers with Radar,0,7,8,0,15,0,150,106,11,267,0,157,114,11,282,383,0,383,665
02/28/2017,FFZ,AZ,AWP,WE,Towers with Radar,0,10,7,0,17,0,124,68,7,199,0,134,75,7,216,454,0,454,670
03/01/2017,FFZ,AZ,AWP,WE,Towers with Radar,0,13,12,0,25,0,172,191,10,373,0,185,203,10,398,791,0,791,1189
03/02/2017,FFZ,AZ,AWP,WE,Towers with Radar,0,6,20,0,26,0,162,201,8,371,0,168,221,8,397,226,0,226,623
03/03/2017,FFZ,AZ,AWP,WE,Towers with Radar,0,20,10,0,30,0,173,186,11,370,0,193,196,11,400,498,0,498,898
03/04/2017,FFZ,AZ,AWP,WE,Towers with Radar,0,13,14,0,27,0,182,312,13,507,0,195,326,13,534,523,0,523,1057
03/05/2017,FFZ,AZ,AWP,WE,Towers with Radar,0,11,14,0,25,0,125,131,0,256,0,136,145,0,281,551,0,551,832
03/06/2017,FFZ,AZ,AWP,WE,Towers with Radar,0,21,15,0,36,0,191,144,9,344,0,212,159,9,380,638,0,638,1018
03/07/2017,FFZ,AZ,AWP,WE,Towers with Radar,0,15,16,0,31,0,185,156,6,347,0,200,172,6,378,856,0,856,1234
03/08/2017,FFZ,AZ,AWP,WE,Towers with Radar,0,9,14,0,23,0,231,160,13,404,0,240,174,13,427,840,0,840,1267
03/09/2017,FFZ,AZ,AWP,WE,Towers with Radar,0,4,22,0,26,0,205,182,5,392,0,209,204,5,418,773,0,773,1191
03/10/2017,FFZ,AZ,AWP,WE,Towers with Radar,0,11,20,0,31,0,174,160,7,341,0,185,180,7,372,830,0,830,1202
03/11/2017,FFZ,AZ,AWP,WE,Towers with Radar,0,11,10,0,21,0,158,217,0,375,0,169,227,0,396,460,0,460,856
03/12/2017,FFZ,AZ,AWP,WE,Towers with Radar,0,7,8,0,15,0,129,157,0,286,0,136,165,0,301,450,0,450,751
03/13/2017,FFZ,AZ,AWP,WE,Towers with Radar,0,9,12,1,22,0,180,168,6,354,0,189,180,7,376,615,0,615,991
03/14/2017,FFZ,AZ,AWP,WE,Towers with Radar,0,13,11,0,24,0,158,151,11,320,0,171,162,11,344,573,0,573,917
03/15/2017,FFZ,AZ,AWP,WE,Towers with Radar,0,5,8,0,13,0,191,166,10,367,0,196,174,10,380,673,0,673,1053
03/16/2017,FFZ,AZ,AWP,WE,Towers with Radar,0,5,10,0,15,0,170,131,11,312,0,175,141,11,327,488,0,488,815
03/17/2017,FFZ,AZ,AWP,WE,Towers with Radar,0,7,15,0,22,0,181,148,9,338,0,188,163,9,360,669,0,669,1029
03/18/2017,FFZ,AZ,AWP,WE,Towers with Radar,0,4,9,0,13,0,217,180,8,405,0,221,189,8,418,653,0,653,1071
03/19/2017,FFZ,AZ,AWP,WE,Towers with Radar,0,7,7,0,14,0,199,143,1,343,0,206,150,1,357,420,0,420,777
03/20/2017,FFZ,AZ,AWP,WE,Towers with Radar,0,14,16,0,30,0,187,105,7,299,0,201,121,7,329,562,0,562,891
03/21/2017,FFZ,AZ,AWP,WE,Towers with Radar,0,11,14,0,25,0,231,159,19,409,0,242,173,19,434,474,0,474,908
03/22/2017,FFZ,AZ,AWP,WE,Towers with Radar,0,7,13,0,20,0,203,164,47,414,0,210,177,47,434,624,0,624,1058
03/23/2017,FFZ,AZ,AWP,WE,Towers with Radar,0,8,13,0,21,0,175,97,23,295,0,183,110,23,316,473,0,473,789
03/24/2017,FFZ,AZ,AWP,WE,Towers with Radar,0,7,10,0,17,0,186,202,15,403,0,193,212,15,420,644,0,644,1064
03/25/2017,FFZ,AZ,AWP,WE,Towers with Radar,0,7,18,0,25,0,219,397,1,617,0,226,415,1,642,470,0,470,1112
03/26/2017,FFZ,AZ,AWP,WE,Towers with Radar,0,7,9,0,16,0,192,181,0,373,0,199,190,0,389,450,0,450,839
03/27/2017,FFZ,AZ,AWP,WE,Towers with Radar,0,8,13,0,21,0,191,127,13,331,0,199,140,13,352,555,0,555,907
03/28/2017,FFZ,AZ,AWP,WE,Towers with Radar,0,9,15,0,24,0,192,139,19,350,0,201,154,19,374,485,0,485,859
03/29/2017,FFZ,AZ,AWP,WE,Towers with Radar,0,5,17,0,22,0,187,185,14,386,0,192,202,14,408,581,0,581,989
03/30/2017,FFZ,AZ,AWP,WE,Towers with Radar,0,9,7,0,16,0,174,110,12,296,0,183,117,12,312,463,0,463,775
03/31/2017,FFZ,AZ,AWP,WE,Towers with Radar,0,5,12,0,17,0,153,91,22,266,0,158,103,22,283,377,0,377,660
04/01/2017,FFZ,AZ,AWP,WE,Towers with Radar,0,9,15,0,24,0,170,206,5,381,0,179,221,5,405,401,0,401,806
04/02/2017,FFZ,AZ,AWP,WE,Towers with Radar,0,5,15,0,20,0,174,158,1,333,0,179,173,1,353,364,0,364,717
04/03/2017,FFZ,AZ,AWP,WE,Towers with Radar,0,10,24,0,34,0,193,104,16,313,0,203,128,16,347,502,0,502,849
04/04/2017,FFZ,AZ,AWP,WE,Towers with Radar,0,7,12,0,19,0,165,132,32,329,0,172,144,32,348,577,16,593,941
04/05/2017,FFZ,AZ,AWP,WE,Towers with Radar,0,11,20,0,31,0,201,181,21,403,0,212,201,21,434,574,0,574,1008
04/06/2017,FFZ,AZ,AWP,WE,Towers with Radar,0,2,17,0,19,0,225,183,18,426,0,227,200,18,445,779,0,779,1224
04/07/2017,FFZ,AZ,AWP,WE,Towers with Radar,0,7,15,0,22,0,204,163,23,390,0,211,178,23,412,508,0,508,920
04/08/2017,FFZ,AZ,AWP,WE,Towers with Radar,0,16,12,0,28,0,175,185,8,368,0,191,197,8,396,493,0,493,889
04/09/2017,FFZ,AZ,AWP,WE,Towers with Radar,0,9,13,0,22,0,190,172,1,363,0,199,185,1,385,488,0,488,873
04/10/2017,FFZ,AZ,AWP,WE,Towers with Radar,0,8,12,0,20,0,170,168,5,343,0,178,180,5,363,698,0,698,1061
04/11/2017,FFZ,AZ,AWP,WE,Towers with Radar,0,7,19,0,26,0,154,147,7,308,0,161,166,7,334,560,0,560,894
04/12/2017,FFZ,AZ,AWP,WE,Towers with Radar,0,9,14,0,23,0,215,171,11,397,0,224,185,11,420,519,0,519,939
04/13/2017,FFZ,AZ,AWP,WE,Towers with Radar,0,5,20,0,25,0,192,183,5,380,0,197,203,5,405,526,11,537,942
04/14/2017,FFZ,AZ,AWP,WE,Towers with Radar,0,5,11,0,16,0,217,186,20,423,0,222,197,20,439,367,0,367,806
04/15/2017,FFZ,AZ,AWP,WE,Towers with Radar,0,4,11,0,15,0,183,188,3,374,0,187,199,3,389,497,0,497,886
04/16/2017,FFZ,AZ,AWP,WE,Towers with Radar,0,8,4,0,12,0,177,92,0,269,0,185,96,0,281,509,0,509,790
04/17/2017,FFZ,AZ,AWP,WE,Towers with Radar,0,9,12,0,21,0,177,153,12,342,0,186,165,12,363,548,0,548,911
04/18/2017,FFZ,AZ,AWP,WE,Towers with Radar,0,8,13,0,21,0,188,111,12,311,0,196,124,12,332,681,0,681,1013
04/19/2017,FFZ,AZ,AWP,WE,Towers with Radar,0,3,13,0,16,0,174,164,11,349,0,177,177,11,365,721,0,721,1086
04/20/2017,FFZ,AZ,AWP,WE,Towers with Radar,0,12,10,0,22,0,168,170,4,342,0,180,180,4,364,672,0,672,1036
04/21/2017,FFZ,AZ,AWP,WE,Towers with Radar,0,6,13,0,19,0,194,155,8,357,0,200,168,8,376,768,0,768,1144
04/22/2017,FFZ,AZ,AWP,WE,Towers with Radar,0,7,11,0,18,0,210,179,1,390,0,217,190,1,408,553,0,553,961
04/23/2017,FFZ,AZ,AWP,WE,Towers with Radar,0,5,11,0,16,0,198,138,0,336,0,203,149,0,352,442,0,442,794
04/24/2017,FFZ,AZ,AWP,WE,Towers with Radar,0,13,8,0,21,0,158,92,6,256,0,171,100,6,277,506,0,506,783
04/25/2017,FFZ,AZ,AWP,WE,Towers with Radar,0,4,5,0,9,0,129,77,6,212,0,133,82,6,221,577,0,577,798
04/26/2017,FFZ,AZ,AWP,WE,Towers with Radar,0,4,20,0,24,0,197,153,12,362,0,201,173,12,386,763,0,763,1149
04/27/2017,FFZ,AZ,AWP,WE,Towers with Radar,0,9,12,0,21,0,161,115,10,286,0,170,127,10,307,584,0,584,891
04/28/2017,FFZ,AZ,AWP,WE,Towers with Radar,0,7,8,0,15,0,120,80,12,212,0,127,88,12,227,417,0,417,644
04/29/2017,FFZ,AZ,AWP,WE,Towers with Radar,0,13,7,1,21,0,122,132,0,254,0,135,139,1,275,403,0,403,678
04/30/2017,FFZ,AZ,AWP,WE,Towers with Radar,0,11,7,0,18,0,177,144,1,322,0,188,151,1,340,558,0,558,898
05/01/2017,FFZ,AZ,AWP,WE,Towers with Radar,0,12,17,0,29,0,157,130,16,303,0,169,147,16,332,615,0,615,947
05/02/2017,FFZ,AZ,AWP,WE,Towers with Radar,0,8,5,0,13,0,141,119,11,271,0,149,124,11,284,711,0,711,995
05/03/2017,FFZ,AZ,AWP,WE,Towers with Radar,0,5,14,0,19,0,184,119,10,313,0,189,133,10,332,504,0,504,836
05/04/2017,FFZ,AZ,AWP,WE,Towers with Radar,0,4,13,0,17,0,161,125,6,292,0,165,138,6,309,467,0,467,776
05/05/2017,FFZ,AZ,AWP,WE,Towers with Radar,0,7,12,0,19,0,118,136,12,266,0,125,148,12,285,367,0,367,652
05/06/2017,FFZ,AZ,AWP,WE,Towers with Radar,0,5,2,0,7,0,72,94,0,166,0,77,96,0,173,202,0,202,375
05/07/2017,FFZ,AZ,AWP,WE,Towers with Radar,0,7,11,0,18,0,113,82,3,198,0,120,93,3,216,289,0,289,505
05/08/2017,FFZ,AZ,AWP,WE,Towers with Radar,0,8,14,0,22,0,157,107,33,297,0,165,121,33,319,439,0,439,758
05/09/2017,FFZ,AZ,AWP,WE,Towers with Radar,0,10,12,0,22,0,131,113,19,263,0,141,125,19,285,527,0,527,812
05/10/2017,FFZ,AZ,AWP,WE,Towers with Radar,0,12,13,0,25,0,167,122,7,296,0,179,135,7,321,209,0,209,530
05/11/2017,FFZ,AZ,AWP,WE,Towers with Radar,0,13,13,0,26,0,140,150,7,297,0,153,163,7,323,366,0,366,689
05/12/2017,FFZ,AZ,AWP,WE,Towers with Radar,0,8,16,0,24,0,156,180,7,343,0,164,196,7,367,301,0,301,668
05/13/2017,FFZ,AZ,AWP,WE,Towers with Radar,1,10,3,0,14,0,129,136,3,268,1,139,139,3,282,330,0,330,612
05/14/2017,FFZ,AZ,AWP,WE,Towers with Radar,0,6,5,0,11,0,88,77,0,165,0,94,82,0,176,284,0,284,460
05/15/2017,FFZ,AZ,AWP,WE,Towers with Radar,0,4,10,0,14,0,93,84,20,197,0,97,94,20,211,115,0,115,326
05/16/2017,FFZ,AZ,AWP,WE,Towers with Radar,0,12,12,0,24,0,157,146,18,321,0,169,158,18,345,400,0,400,745
05/17/2017,FFZ,AZ,AWP,WE,Towers with Radar,0,13,3,0,16,0,144,128,29,301,0,157,131,29,317,365,6,371,688
05/18/2017,FFZ,AZ,AWP,WE,Towers with Radar,0,12,13,1,26,0,162,102,14,278,0,174,115,15,304,408,0,408,712
05/19/2017,FFZ,AZ,AWP,WE,Towers with Radar,0,12,17,0,29,0,207,179,13,399,0,219,196,13,428,472,0,472,900
05/20/2017,FFZ,AZ,AWP,WE,Towers with Radar,0,13,6,0,19,0,191,186,6,383,0,204,192,6,402,424,0,424,826
05/21/2017,FFZ,AZ,AWP,WE,Towers with Radar,0,11,11,0,22,0,167,133,1,301,0,178,144,1,323,336,0,336,659
05/22/2017,FFZ,AZ,AWP,WE,Towers with Radar,0,13,9,0,22,0,146,132,18,296,0,159,141,18,318,506,0,506,824
05/23/2017,FFZ,AZ,AWP,WE,Towers with Radar,0,7,8,0,15,0,207,145,34,386,0,214,153,34,401,334,0,334,735
05/24/2017,FFZ,AZ,AWP,WE,Towers with Radar,0,10,14,0,24,0,185,122,29,336,0,195,136,29,360,441,0,441,801
05/25/2017,FFZ,AZ,AWP,WE,Towers with Radar,0,18,14,0,32,0,164,105,18,287,0,182,119,18,319,410,0,410,729
05/26/2017,FFZ,AZ,AWP,WE,Towers with Radar,0,12,12,0,24,0,155,117,8,280,0,167,129,8,304,451,0,451,755
05/27/2017,FFZ,AZ,AWP,WE,Towers with Radar,0,14,6,0,20,0,175,137,0,312,0,189,143,0,332,433,0,433,765
05/28/2017,FFZ,AZ,AWP,WE,Towers with Radar,0,13,3,0,16,0,178,89,2,269,0,191,92,2,285,471,0,471,756
05/29/2017,FFZ,AZ,AWP,WE,Towers with Radar,0,8,9,0,17,0,10,125,0,135,0,18,134,0,152,69,0,69,221
05/30/2017,FFZ,AZ,AWP,WE,Towers with Radar,0,14,14,0,28,0,172,156,11,339,0,186,170,11,367,358,0,358,725
05/31/2017,FFZ,AZ,AWP,WE,Towers with Radar,0,12,9,0,21,0,201,98,12,311,0,213,107,12,332,457,0,457,789
06/01/2017,FFZ,AZ,AWP,WE,Towers with Radar,0,14,5,0,19,0,166,92,27,285,0,180,97,27,304,499,0,499,803
06/02/2017,FFZ,AZ,AWP,WE,Towers with Radar,0,13,8,0,21,0,168,126,12,306,0,181,134,12,327,556,0,556,883
06/03/2017,FFZ,AZ,AWP,WE,Towers with Radar,0,9,12,1,22,0,177,141,3,321,0,186,153,4,343,318,0,318,661
06/04/2017,FFZ,AZ,AWP,WE,Towers with Radar,0,10,6,0,16,0,165,97,0,262,0,175,103,0,278,387,0,387,665
06/05/2017,FFZ,AZ,AWP,WE,Towers with Radar,0,9,14,0,23,0,151,98,13,262,0,160,112,13,285,656,0,656,941
06/06/2017,FFZ,AZ,AWP,WE,Towers with Radar,0,11,11,0,22,0,193,101,20,314,0,204,112,20,336,522,0,522,858
06/07/2017,FFZ,AZ,AWP,WE,Towers with Radar,0,15,11,0,26,0,175,108,0,283,0,190,119,0,309,677,0,677,986
06/08/2017,FFZ,AZ,AWP,WE,Towers with Radar,0,8,17,0,25,0,182,141,9,332,0,190,158,9,357,610,0,610,967
06/09/2017,FFZ,AZ,AWP,WE,Towers with Radar,0,12,17,0,29,0,169,102,15,286,0,181,119,15,315,481,0,481,796
06/10/2017,FFZ,AZ,AWP,WE,Towers with Radar,0,13,7,0,20,0,177,153,0,330,0,190,160,0,350,486,0,486,836
06/11/2017,FFZ,AZ,AWP,WE,Towers with Radar,0,10,6,0,16,0,138,91,1,230,0,148,97,1,246,409,0,409,655
06/12/2017,FFZ,AZ,AWP,WE,Towers with Radar,0,20,12,0,32,0,173,117,12,302,0,193,129,12,334,651,0,651,985
06/13/2017,FFZ,AZ,AWP,WE,Towers with Radar,0,17,8,0,25,0,202,144,25,371,0,219,152,25,396,730,0,730,1126
06/14/2017,FFZ,AZ,AWP,WE,Towers with Radar,0,13,19,0,32,0,220,124,16,360,0,233,143,16,392,712,0,712,1104
06/15/2017,FFZ,AZ,AWP,WE,Towers with Radar,0,13,15,0,28,0,209,108,14,331,0,222,123,14,359,562,0,562,921
06/16/2017,FFZ,AZ,AWP,WE,Towers with Radar,0,17,11,0,28,0,189,88,3,280,0,206,99,3,308,653,0,653,961
06/17/2017,FFZ,AZ,AWP,WE,Towers with Radar,0,12,13,0,25,0,166,153,3,322,0,178,166,3,347,589,0,589,936
06/18/2017,FFZ,AZ,AWP,WE,Towers with Radar,0,7,13,0,20,0,184,72,1,257,0,191,85,1,277,290,0,290,567
06/19/2017,FFZ,AZ,AWP,WE,Towers with Radar,0,2,11,0,13,0,127,106,4,237,0,129,117,4,250,379,0,379,629
06/20/2017,FFZ,AZ,AWP,WE,Towers with Radar,0,2,3,0,5,0,99,84,7,190,0,101,87,7,195,217,0,217,412
06/21/2017,FFZ,AZ,AWP,WE,Towers with Radar,0,10,8,0,18,0,167,93,25,285,0,177,101,25,303,356,0,356,659
06/22/2017,FFZ,AZ,AWP,WE,Towers with Radar,0,6,12,0,18,0,169,98,10,277,0,175,110,10,295,403,0,403,698
06/23/2017,FFZ,AZ,AWP,WE,Towers with Radar,0,9,10,0,19,0,192,106,4,302,0,201,116,4,321,393,0,393,714
06/24/2017,FFZ,AZ,AWP,WE,Towers with Radar,0,11,7,0,18,0,138,75,12,225,0,149,82,12,243,521,0,521,764
06/25/2017,FFZ,AZ,AWP,WE,Towers with Radar,0,6,3,0,9,0,99,70,0,169,0,105,73,0,178,261,0,261,439
06/26/2017,FFZ,AZ,AWP,WE,Towers with Radar,0,9,7,0,16,0,170,60,7,237,0,179,67,7,253,566,0,566,819
06/27/2017,FFZ,AZ,AWP,WE,Towers with Radar,0,11,11,0,22,0,168,96,2,266,0,179,107,2,288,563,0,563,851
06/28/2017,FFZ,AZ,AWP,WE,Towers with Radar,0,11,12,0,23,0,197,119,7,323,0,208,131,7,346,682,0,682,1028
06/29/2017,FFZ,AZ,AWP,WE,Towers with Radar,0,10,17,6,33,0,214,100,2,316,0,224,117,8,349,566,3,569,918
06/30/2017,FFZ,AZ,AWP,WE,Towers with Radar,0,15,14,0,29,0,187,118,6,311,0,202,132,6,340,628,0,628,968
07/01/2017,FFZ,AZ,AWP,WE,Towers with Radar,0,18,4,0,22,0,161,90,1,252,0,179,94,1,274,527,0,527,801
07/02/2017,FFZ,AZ,AWP,WE,Towers with Radar,0,5,1,0,6,0,151,84,1,236,0,156,85,1,242,483,0,483,725
07/03/2017,FFZ,AZ,AWP,WE,Towers with Radar,0,12,11,0,23,0,149,76,0,225,0,161,87,0,248,465,0,465,713
07/04/2017,FFZ,AZ,AWP,WE,Towers with Radar,0,10,9,0,19,0,13,63,0,76,0,23,72,0,95,97,0,97,192
07/05/2017,FFZ,AZ,AWP,WE,Towers with Radar,0,10,11,0,21,0,131,69,14,214,0,141,80,14,235,324,31,355,590
07/06/2017,FFZ,AZ,AWP,WE,Towers with Radar,0,9,6,0,15,0,173,80,8,261,0,182,86,8,276,376,1,377,653
07/07/2017,FFZ,AZ,AWP,WE,Towers with Radar,0,7,7,0,14,0,108,69,12,189,0,115,76,12,203,311,0,311,514
07/08/2017,FFZ,AZ,AWP,WE,Towers with Radar,0,7,4,0,11,0,115,72,1,188,0,122,76,1,199,302,0,302,501
07/09/2017,FFZ,AZ,AWP,WE,Towers with Radar,0,9,5,0,14,0,186,80,3,269,0,195,85,3,283,506,0,506,789
07/10/2017,FFZ,AZ,AWP,WE,Towers with Radar,0,16,14,0,30,0,157,89,4,250,0,173,103,4,280,430,0,430,710
07/11/2017,FFZ,AZ,AWP,WE,Towers with Radar,1,8,9,0,18,0,142,127,6,275,1,150,136,6,293,385,0,385,678
07/12/2017,FFZ,AZ,AWP,WE,Towers with Radar,0,9,9,0,18,0,199,101,10,310,0,208,110,10,328,508,0,508,836
07/13/2017,FFZ,AZ,AWP,WE,Towers with Radar,0,7,4,0,11,0,194,83,11,288,0,201,87,11,299,453,0,453,752
07/14/2017,FFZ,AZ,AWP,WE,Towers with Radar,0,13,8,0,21,0,163,95,14,272,0,176,103,14,293,527,0,527,820
07/15/2017,FFZ,AZ,AWP,WE,Towers with Radar,0,2,6,0,8,0,175,143,0,318,0,177,149,0,326,361,0,361,687
07/16/2017,FFZ,AZ,AWP,WE,Towers with Radar,0,11,6,0,17,0,128,104,0,232,0,139,110,0,249,308,0,308,557
07/17/2017,FFZ,AZ,AWP,WE,Towers with Radar,0,20,9,0,29,0,182,90,13,285,0,202,99,13,314,530,0,530,844
07/18/2017,FFZ,AZ,AWP,WE,Towers with Radar,0,12,6,0,18,0,168,108,4,280,0,180,114,4,298,550,0,550,848
07/19/2017,FFZ,AZ,AWP,WE,Towers with Radar,0,10,10,0,20,0,140,101,6,247,0,150,111,6,267,444,0,444,711
07/20/2017,FFZ,AZ,AWP,WE,Towers with Radar,0,14,12,0,26,0,177,140,18,335,0,191,152,18,361,460,0,460,821
07/21/2017,FFZ,AZ,AWP,WE,Towers with Radar,0,10,3,0,13,0,190,109,16,315,0,200,112,16,328,538,9,547,875
07/22/2017,FFZ,AZ,AWP,WE,Towers with Radar,0,13,6,0,19,0,147,118,0,265,0,160,124,0,284,315,0,315,599
07/23/2017,FFZ,AZ,AWP,WE,Towers with Radar,0,10,5,0,15,0,136,73,1,210,0,146,78,1,225,377,0,377,602
07/24/2017,FFZ,AZ,AWP,WE,Towers with Radar,0,14,6,0,20,0,86,41,2,129,0,100,47,2,149,362,0,362,511
07/25/2017,FFZ,AZ,AWP,WE,Towers with Radar,0,32,15,3,50,0,178,102,18,298,0,210,117,21,348,440,8,448,796
07/26/2017,FFZ,AZ,AWP,WE,Towers with Radar,0,21,8,0,29,0,214,111,29,354,0,235,119,29,383,354,0,354,737
07/27/2017,FFZ,AZ,AWP,WE,Towers with Radar,0,14,5,0,19,0,197,100,19,316,0,211,105,19,335,497,56,553,888
07/28/2017,FFZ,AZ,AWP,WE,Towers with Radar,0,6,5,0,11,0,185,82,30,297,0,191,87,30,308,333,0,333,641
07/29/2017,FFZ,AZ,AWP,WE,Towers with Radar,0,5,4,2,11,0,171,93,0,264,0,176,97,2,275,392,0,392,667
07/30/2017,FFZ,AZ,AWP,WE,Towers with Radar,0,5,0,0,5,0,143,84,0,227,0,148,84,0,232,290,0,290,522
07/31/2017,FFZ,AZ,AWP,WE,Towers with Radar,0,10,6,0,16,0,174,116,15,305,0,184,122,15,321,521,0,521,842
08/01/2017,FFZ,AZ,AWP,WE,Towers with Radar,0,4,5,0,9,0,153,101,2,256,0,157,106,2,265,481,0,481,746
08/02/2017,FFZ,AZ,AWP,WE,Towers with Radar,0,4,4,0,8,0,213,89,10,312,0,217,93,10,320,451,0,451,771
08/03/2017,FFZ,AZ,AWP,WE,Towers with Radar,0,4,7,0,11,0,146,98,20,264,0,150,105,20,275,453,27,480,755
08/04/2017,FFZ,AZ,AWP,WE,Towers with Radar,0,12,10,0,22,0,172,127,12,311,0,184,137,12,333,465,36,501,834
08/05/2017,FFZ,AZ,AWP,WE,Towers with Radar,0,13,7,0,20,0,183,132,2,317,0,196,139,2,337,435,0,435,772
08/06/2017,FFZ,AZ,AWP,WE,Towers with Radar,0,8,6,0,14,0,157,109,0,266,0,165,115,0,280,251,0,251,531
08/07/2017,FFZ,AZ,AWP,WE,Towers with Radar,0,11,11,0,22,0,188,103,25,316,0,199,114,25,338,425,30,455,793
08/08/2017,FFZ,AZ,AWP,WE,Towers with Radar,0,16,11,0,27,0,188,110,39,337,0,204,121,39,364,387,21,408,772
08/09/2017,FFZ,AZ,AWP,WE,Towers with Radar,0,5,6,0,11,0,200,153,22,375,0,205,159,22,386,291,22,313,699
08/10/2017,FFZ,AZ,AWP,WE,Towers with Radar,0,18,12,0,30,0,180,115,25,320,0,198,127,25,350,273,18,291,641
08/11/2017,FFZ,AZ,AWP,WE,Towers with Radar,0,17,14,0,31,0,207,122,14,343,0,224,136,14,374,265,20,285,659
08/12/2017,FFZ,AZ,AWP,WE,Towers with Radar,0,14,10,0,24,0,180,109,0,289,0,194,119,0,313,471,0,471,784
08/13/2017,FFZ,AZ,AWP,WE,Towers with Radar,0,5,10,0,15,0,169,98,1,268,0,174,108,1,283,475,0,475,758
08/14/2017,FFZ,AZ,AWP,WE,Towers with Radar,0,5,15,0,20,0,205,100,16,321,0,210,115,16,341,413,0,413,754
08/15/2017,FFZ,AZ,AWP,WE,Towers with Radar,0,4,11,0,15,0,195,112,32,339,0,199,123,32,354,536,0,536,890
08/16/2017,FFZ,AZ,AWP,WE,Towers with Radar,0,17,9,0,26,0,175,144,23,342,0,192,153,23,368,289,0,289,657
08/17/2017,FFZ,AZ,AWP,WE,Towers with Radar,0,15,8,0,23,0,188,144,18,350,0,203,152,18,373,323,0,323,696
08/18/2017,FFZ,AZ,AWP,WE,Towers with Radar,0,20,13,0,33,0,199,127,16,342,0,219,140,16,375,496,0,496,871
08/19/2017,FFZ,AZ,AWP,WE,Towers with Radar,0,14,4,0,18,0,196,138,13,347,0,210,142,13,365,377,0,377,742
08/20/2017,FFZ,AZ,AWP,WE,Towers with Radar,0,10,9,0,19,0,178,91,0,269,0,188,100,0,288,426,0,426,714
08/21/2017,FFZ,AZ,AWP,WE,Towers with Radar,0,9,7,0,16,0,206,104,16,326,0,215,111,16,342,404,0,404,746
08/22/2017,FFZ,AZ,AWP,WE,Towers with Radar,0,10,13,0,23,0,179,87,17,283,0,189,100,17,306,304,0,304,610
08/23/2017,FFZ,AZ,AWP,WE,Towers with Radar,0,15,12,0,27,0,139,73,11,223,0,154,85,11,250,295,0,295,545
08/24/2017,FFZ,AZ,AWP,WE,Towers with Radar,0,9,7,0,16,0,206,138,16,360,0,215,145,16,376,450,0,450,826
08/25/2017,FFZ,AZ,AWP,WE,Towers with Radar,0,16,9,0,25,0,200,141,15,356,0,216,150,15,381,381,12,393,774
08/26/2017,FFZ,AZ,AWP,WE,Towers with Radar,0,7,4,0,11,0,185,131,8,324,0,192,135,8,335,418,0,418,753
08/27/2017,FFZ,AZ,AWP,WE,Towers with Radar,0,8,9,0,17,0,165,120,9,294,0,173,129,9,311,401,0,401,712
08/28/2017,FFZ,AZ,AWP,WE,Towers with Radar,0,6,9,0,15,0,166,70,24,260,0,172,79,24,275,424,0,424,699
08/29/2017,FFZ,AZ,AWP,WE,Towers with Radar,0,9,4,0,13,0,189,114,22,325,0,198,118,22,338,388,0,388,726
08/30/2017,FFZ,AZ,AWP,WE,Towers with Radar,0,10,8,0,18,0,225,152,28,405,0,235,160,28,423,443,0,443,866
08/31/2017,FFZ,AZ,AWP,WE,Towers with Radar,0,9,6,0,15,0,161,118,29,308,0,170,124,29,323,322,0,322,645
09/01/2017,FFZ,AZ,AWP,WE,Towers with Radar,0,15,17,0,32,0,211,115,13,339,0,226,132,13,371,423,0,423,794
09/02/2017,FFZ,AZ,AWP,WE,Towers with Radar,0,13,9,0,22,0,195,122,0,317,0,208,131,0,339,386,0,386,725
09/03/2017,FFZ,AZ,AWP,WE,Towers with Radar,0,8,4,0,12,0,154,84,0,238,0,162,88,0,250,451,0,451,701
09/04/2017,FFZ,AZ,AWP,WE,Towers with Radar,0,8,16,0,24,1,7,112,0,120,1,15,128,0,144,71,0,71,215
09/05/2017,FFZ,AZ,AWP,WE,Towers with Radar,0,11,5,0,16,0,232,114,4,350,0,243,119,4,366,538,0,538,904
09/06/2017,FFZ,AZ,AWP,WE,Towers with Radar,0,22,6,0,28,0,214,143,28,385,0,236,149,28,413,508,0,508,921
09/07/2017,FFZ,AZ,AWP,WE,Towers with Radar,1,14,12,0,27,0,206,122,8,336,1,220,134,8,363,346,0,346,709
09/08/2017,FFZ,AZ,AWP,WE,Towers with Radar,0,13,8,0,21,0,167,140,19,326,0,180,148,19,347,403,0,403,750
09/09/2017,FFZ,AZ,AWP,WE,Towers with Radar,0,26,7,0,33,0,164,141,5,310,0,190,148,5,343,443,0,443,786
09/10/2017,FFZ,AZ,AWP,WE,Towers with Radar,0,17,7,0,24,0,141,97,0,238,0,158,104,0,262,379,0,379,641
09/11/2017,FFZ,AZ,AWP,WE,Towers with Radar,0,8,10,0,18,0,159,101,7,267,0,167,111,7,285,301,3,304,589
09/12/2017,FFZ,AZ,AWP,WE,Towers with Radar,0,5,4,0,9,0,175,82,12,269,0,180,86,12,278,502,0,502,780
09/13/2017,FFZ,AZ,AWP,WE,Towers with Radar,0,5,8,0,13,0,221,127,11,359,0,226,135,11,372,591,0,591,963
09/14/2017,FFZ,AZ,AWP,WE,Towers with Radar,0,14,9,0,23,0,182,111,14,307,0,196,120,14,330,473,0,473,803
09/15/2017,FFZ,AZ,AWP,WE,Towers with Radar,0,12,10,0,22,0,152,96,11,259,0,164,106,11,281,440,0,440,721
09/16/2017,FFZ,AZ,AWP,WE,Towers with Radar,0,19,4,0,23,0,155,111,3,269,0,174,115,3,292,405,0,405,697
09/17/2017,FFZ,AZ,AWP,WE,Towers with Radar,0,10,8,0,18,0,134,95,0,229,0,144,103,0,247,426,0,426,673
09/18/2017,FFZ,AZ,AWP,WE,Towers with Radar,1,8,11,0,20,0,153,116,10,279,1,161,127,10,299,457,0,457,756
09/19/2017,FFZ,AZ,AWP,WE,Towers with Radar,0,4,14,0,18,0,147,104,19,270,0,151,118,19,288,500,0,500,788
09/20/2017,FFZ,AZ,AWP,WE,Towers with Radar,0,15,7,0,22,0,190,138,7,335,0,205,145,7,357,583,0,583,940
09/21/2017,FFZ,AZ,AWP,WE,Towers with Radar,0,18,6,0,24,0,162,131,18,311,0,180,137,18,335,493,0,493,828
09/22/2017,FFZ,AZ,AWP,WE,Towers with Radar,0,17,13,0,30,0,140,134,6,280,0,157,147,6,310,442,0,442,752
09/23/2017,FFZ,AZ,AWP,WE,Towers with Radar,0,17,9,0,26,0,147,147,0,294,0,164,156,0,320,588,0,588,908
09/24/2017,FFZ,AZ,AWP,WE,Towers with Radar,0,19,8,0,27,0,124,113,1,238,0,143,121,1,265,404,0,404,669
09/25/2017,FFZ,AZ,AWP,WE,Towers with Radar,0,13,8,0,21,0,193,118,6,317,0,206,126,6,338,503,0,503,841
09/26/2017,FFZ,AZ,AWP,WE,Towers with Radar,0,12,6,0,18,0,153,133,4,290,0,165,139,4,308,412,0,412,720
09/27/2017,FFZ,AZ,AWP,WE,Towers with Radar,0,15,12,0,27,0,169,129,9,307,0,184,141,9,334,554,0,554,888
09/28/2017,FFZ,AZ,AWP,WE,Towers with Radar,0,12,12,0,24,0,174,145,8,327,0,186,157,8,351,578,0,578,929
09/29/2017,FFZ,AZ,AWP,WE,Towers with Radar,0,14,13,0,27,0,188,134,11,333,0,202,147,11,360,453,0,453,813
09/30/2017,FFZ,AZ,AWP,WE,Towers with Radar,0,15,6,0,21,0,169,167,0,336,0,184,173,0,357,438,0,438,795
10/01/2017,FFZ,AZ,AWP,WE,Towers with Radar,0,16,4,0,20,0,184,103,0,287,0,200,107,0,307,345,0,345,652
10/02/2017,FFZ,AZ,AWP,WE,Towers with Radar,0,11,10,0,21,0,174,102,8,284,0,185,112,8,305,440,0,440,745
10/03/2017,FFZ,AZ,AWP,WE,Towers with Radar,0,8,7,0,15,0,180,135,18,333,0,188,142,18,348,532,0,532,880
10/04/2017,FFZ,AZ,AWP,WE,Towers with Radar,0,14,5,0,19,0,185,149,7,341,0,199,154,7,360,528,0,528,888
10/05/2017,FFZ,AZ,AWP,WE,Towers with Radar,0,11,8,0,19,0,177,169,3,349,0,188,177,3,368,627,0,627,995
10/06/2017,FFZ,AZ,AWP,WE,Towers with Radar,0,11,7,0,18,0,149,119,7,275,0,160,126,7,293,452,0,452,745
10/07/2017,FFZ,AZ,AWP,WE,Towers with Radar,0,11,6,0,17,0,181,140,1,322,0,192,146,1,339,351,0,351,690
10/08/2017,FFZ,AZ,AWP,WE,Towers with Radar,0,7,7,0,14,0,161,78,1,240,0,168,85,1,254,352,0,352,606
10/09/2017,FFZ,AZ,AWP,WE,Towers with Radar,0,14,10,0,24,0,152,128,5,285,0,166,138,5,309,496,0,496,805
10/10/2017,FFZ,AZ,AWP,WE,Towers with Radar,0,6,5,0,11,0,151,111,5,267,0,157,116,5,278,480,0,480,758
10/11/2017,FFZ,AZ,AWP,WE,Towers with Radar,0,11,5,0,16,0,179,99,2,280,0,190,104,2,296,320,0,320,616
10/12/2017,FFZ,AZ,AWP,WE,Towers with Radar,0,9,7,0,16,0,186,154,10,350,0,195,161,10,366,619,0,619,985
10/13/2017,FFZ,AZ,AWP,WE,Towers with Radar,0,14,10,0,24,0,190,137,5,332,0,204,147,5,356,691,0,691,1047
10/14/2017,FFZ,AZ,AWP,WE,Towers with Radar,0,28,4,0,32,0,169,158,0,327,0,197,162,0,359,418,0,418,777
10/15/2017,FFZ,AZ,AWP,WE,Towers with Radar,0,8,1,0,9,0,155,102,0,257,0,163,103,0,266,401,0,401,667
10/16/2017,FFZ,AZ,AWP,WE,Towers with Radar,0,16,12,0,28,0,155,102,6,263,0,171,114,6,291,493,0,493,784
10/17/2017,FFZ,AZ,AWP,WE,Towers with Radar,0,10,10,0,20,0,164,151,5,320,0,174,161,5,340,589,0,589,929
10/18/2017,FFZ,AZ,AWP,WE,Towers with Radar,0,17,10,0,27,0,192,138,22,352,0,209,148,22,379,576,0,576,955
10/19/2017,FFZ,AZ,AWP,WE,Towers with Radar,0,13,7,0,20,0,187,132,15,334,0,200,139,15,354,604,0,604,958
10/20/2017,FFZ,AZ,AWP,WE,Towers with Radar,0,14,10,0,24,0,174,130,14,318,0,188,140,14,342,364,0,364,706
10/21/2017,FFZ,AZ,AWP,WE,Towers with Radar,0,5,7,0,12,0,156,113,0,269,0,161,120,0,281,497,0,497,778
10/22/2017,FFZ,AZ,AWP,WE,Towers with Radar,0,15,8,0,23,0,181,119,0,300,0,196,127,0,323,434,0,434,757
10/23/2017,FFZ,AZ,AWP,WE,Towers with Radar,1,13,9,0,23,0,174,120,5,299,1,187,129,5,322,385,0,385,707
10/24/2017,FFZ,AZ,AWP,WE,Towers with Radar,0,12,7,0,19,0,168,94,6,268,0,180,101,6,287,453,0,453,740
10/25/2017,FFZ,AZ,AWP,WE,Towers with Radar,0,5,12,0,17,0,200,127,10,337,0,205,139,10,354,543,0,543,897
10/26/2017,FFZ,AZ,AWP,WE,Towers with Radar,0,7,11,0,18,0,234,182,13,429,0,241,193,13,447,479,0,479,926
10/27/2017,FFZ,AZ,AWP,WE,Towers with Radar,0,3,5,0,8,0,207,308,7,522,0,210,313,7,530,222,0,222,752
10/28/2017,FFZ,AZ,AWP,WE,Towers with Radar,1,7,7,0,15,0,149,397,8,554,1,156,404,8,569,127,0,127,696
10/29/2017,FFZ,AZ,AWP,WE,Towers with Radar,0,10,9,0,19,0,167,191,0,358,0,177,200,0,377,316,0,316,693
10/30/2017,FFZ,AZ,AWP,WE,Towers with Radar,0,10,10,0,20,0,183,137,8,328,0,193,147,8,348,507,0,507,855
10/31/2017,FFZ,AZ,AWP,WE,Towers with Radar,0,10,9,0,19,0,181,157,6,344,0,191,166,6,363,615,0,615,978
11/01/2017,FFZ,AZ,AWP,WE,Towers with Radar,0,11,7,0,18,0,208,145,10,363,0,219,152,10,381,621,0,621,1002
11/02/2017,FFZ,AZ,AWP,WE,Towers with Radar,0,17,10,0,27,0,182,131,7,320,0,199,141,7,347,764,0,764,1111
11/03/2017,FFZ,AZ,AWP,WE,Towers with Radar,0,9,7,0,16,0,197,144,3,344,0,206,151,3,360,638,0,638,998
11/04/2017,FFZ,AZ,AWP,WE,Towers with Radar,0,9,1,0,10,0,137,188,0,325,0,146,189,0,335,458,0,458,793
11/05/2017,FFZ,AZ,AWP,WE,Towers with Radar,0,17,7,0,24,0,159,165,0,324,0,176,172,0,348,386,0,386,734
11/06/2017,FFZ,AZ,AWP,WE,Towers with Radar,0,13,10,0,23,0,176,114,8,298,0,189,124,8,321,536,0,536,857
11/07/2017,FFZ,AZ,AWP,WE,Towers with Radar,0,9,10,0,19,0,209,154,8,371,0,218,164,8,390,475,0,475,865
11/08/2017,FFZ,AZ,AWP,WE,Towers with Radar,0,14,12,0,26,0,187,147,15,349,0,201,159,15,375,457,8,465,840
11/09/2017,FFZ,AZ,AWP,WE,Towers with Radar,0,17,18,0,35,0,199,148,12,359,0,216,166,12,394,512,0,512,906
11/10/2017,FFZ,AZ,AWP,WE,Towers with Radar,0,17,12,0,29,0,190,145,2,337,0,207,157,2,366,348,0,348,714
11/11/2017,FFZ,AZ,AWP,WE,Towers with Radar,0,15,7,0,22,0,151,196,0,347,0,166,203,0,369,337,0,337,706
11/12/2017,FFZ,AZ,AWP,WE,Towers with Radar,0,16,9,0,25,0,155,103,1,259,0,171,112,1,284,235,0,235,519
11/13/2017,FFZ,AZ,AWP,WE,Towers with Radar,0,11,8,0,19,0,158,106,0,264,0,169,114,0,283,419,0,419,702
11/14/2017,FFZ,AZ,AWP,WE,Towers with Radar,0,22,10,0,32,0,218,143,9,370,0,240,153,9,402,400,0,400,802
11/15/2017,FFZ,AZ,AWP,WE,Towers with Radar,0,7,10,0,17,0,218,153,4,375,0,225,163,4,392,475,0,475,867
11/16/2017,FFZ,AZ,AWP,WE,Towers with Radar,0,20,10,0,30,0,213,155,8,376,0,233,165,8,406,404,0,404,810
11/17/2017,FFZ,AZ,AWP,WE,Towers with Radar,0,19,12,0,31,0,200,117,4,321,0,219,129,4,352,432,0,432,784
11/18/2017,FFZ,AZ,AWP,WE,Towers with Radar,0,17,10,0,27,0,147,211,17,375,0,164,221,17,402,405,0,405,807
11/19/2017,FFZ,AZ,AWP,WE,Towers with Radar,0,14,12,0,26,0,195,126,4,325,0,209,138,4,351,240,0,240,591
11/20/2017,FFZ,AZ,AWP,WE,Towers with Radar,0,13,16,0,29,0,187,138,8,333,0,200,154,8,362,479,0,479,841
11/21/2017,FFZ,AZ,AWP,WE,Towers with Radar,0,11,15,0,26,0,178,153,25,356,0,189,168,25,382,312,0,312,694
11/22/2017,FFZ,AZ,AWP,WE,Towers with Radar,0,17,20,0,37,0,169,155,7,331,0,186,175,7,368,351,0,351,719
11/23/2017,FFZ,AZ,AWP,WE,Towers with Radar,0,0,2,0,2,0,9,71,0,80,0,9,73,0,82,96,0,96,178
11/24/2017,FFZ,AZ,AWP,WE,Towers with Radar,0,13,7,0,20,0,89,96,1,186,0,102,103,1,206,188,1,189,395
11/25/2017,FFZ,AZ,AWP,WE,Towers with Radar,0,16,11,0,27,0,139,172,0,311,0,155,183,0,338,297,0,297,635
11/26/2017,FFZ,AZ,AWP,WE,Towers with Radar,0,16,9,0,25,0,159,126,0,285,0,175,135,0,310,356,0,356,666
11/27/2017,FFZ,AZ,AWP,WE,Towers with Radar,0,11,9,0,20,0,200,123,19,342,0,211,132,19,362,431,0,431,793
11/28/2017,FFZ,AZ,AWP,WE,Towers with Radar,0,9,15,0,24,0,202,134,10,346,0,211,149,10,370,534,0,534,904
11/29/2017,FFZ,AZ,AWP,WE,Towers with Radar,0,15,11,0,26,0,182,139,4,325,0,197,150,4,351,417,0,417,768
11/30/2017,FFZ,AZ,AWP,WE,Towers with Radar,0,17,19,0,36,0,179,140,8,327,0,196,159,8,363,411,0,411,774
12/01/2017,FFZ,AZ,AWP,WE,Towers with Radar,0,12,16,0,28,0,211,161,10,382,0,223,177,10,410,454,0,454,864
12/02/2017,FFZ,AZ,AWP,WE,Towers with Radar,0,21,5,0,26,0,203,156,2,361,0,224,161,2,387,297,0,297,684
12/03/2017,FFZ,AZ,AWP,WE,Towers with Radar,0,10,9,0,19,0,166,122,1,289,0,176,131,1,308,388,0,388,696
12/04/2017,FFZ,AZ,AWP,WE,Towers with Radar,0,9,17,0,26,0,188,150,15,353,0,197,167,15,379,407,0,407,786
12/05/2017,FFZ,AZ,AWP,WE,Towers with Radar,0,8,17,0,25,0,208,133,10,351,0,216,150,10,376,480,0,480,856
12/06/2017,FFZ,AZ,AWP,WE,Towers with Radar,0,10,7,0,17,0,175,148,7,330,0,185,155,7,347,473,0,473,820
12/07/2017,FFZ,AZ,AWP,WE,Towers with Radar,0,14,5,0,19,0,153,106,7,266,0,167,111,7,285,395,0,395,680
12/08/2017,FFZ,AZ,AWP,WE,Towers with Radar,0,11,13,0,24,0,248,182,11,441,0,259,195,11,465,587,0,587,1052
12/09/2017,FFZ,AZ,AWP,WE,Towers with Radar,0,17,15,0,32,0,177,163,5,345,0,194,178,5,377,483,0,483,860
12/10/2017,FFZ,AZ,AWP,WE,Towers with Radar,0,5,8,0,13,0,148,139,0,287,0,153,147,0,300,428,0,428,728
12/11/2017,FFZ,AZ,AWP,WE,Towers with Radar,0,11,15,0,26,0,207,151,13,371,0,218,166,13,397,404,0,404,801
12/12/2017,FFZ,AZ,AWP,WE,Towers with Radar,0,5,9,0,14,0,210,141,13,364,0,215,150,13,378,419,0,419,797
12/13/2017,FFZ,AZ,AWP,WE,Towers with Radar,0,19,15,0,34,0,192,151,22,365,0,211,166,22,399,433,0,433,832
12/14/2017,FFZ,AZ,AWP,WE,Towers with Radar,0,14,21,0,35,0,207,178,9,394,0,221,199,9,429,587,0,587,1016
12/15/2017,FFZ,AZ,AWP,WE,Towers with Radar,0,14,20,0,34,0,237,143,7,387,0,251,163,7,421,474,0,474,895
12/16/2017,FFZ,AZ,AWP,WE,Towers with Radar,0,17,9,0,26,0,160,167,1,328,0,177,176,1,354,438,0,438,792
12/17/2017,FFZ,AZ,AWP,WE,Towers with Radar,0,11,12,0,23,0,120,57,0,177,0,131,69,0,200,366,0,366,566
12/18/2017,FFZ,AZ,AWP,WE,Towers with Radar,0,15,11,0,26,0,202,153,5,360,0,217,164,5,386,479,0,479,865
12/19/2017,FFZ,AZ,AWP,WE,Towers with Radar,0,15,9,0,24,0,237,173,10,420,0,252,182,10,444,611,4,615,1059
12/20/2017,FFZ,AZ,AWP,WE,Towers with Radar,0,12,8,0,20,0,227,188,12,427,0,239,196,12,447,528,0,528,975
12/21/2017,FFZ,AZ,AWP,WE,Towers with Radar,0,22,8,0,30,0,166,149,7,322,0,188,157,7,352,389,0,389,741
12/22/2017,FFZ,AZ,AWP,WE,Towers with Radar,0,12,13,0,25,0,222,156,2,380,0,234,169,2,405,652,0,652,1057
12/23/2017,FFZ,AZ,AWP,WE,Towers with Radar,0,13,20,0,33,0,136,189,5,330,0,149,209,5,363,380,0,380,743
12/24/2017,FFZ,AZ,AWP,WE,Towers with Radar,0,18,0,0,18,0,83,93,0,176,0,101,93,0,194,146,0,146,340
12/25/2017,FFZ,AZ,AWP,WE,Towers with Radar,0,3,0,0,3,0,7,52,0,59,0,10,52,0,62,42,0,42,104
12/26/2017,FFZ,AZ,AWP,WE,Towers with Radar,0,8,13,0,21,0,77,144,2,223,0,85,157,2,244,225,0,225,469
12/27/2017,FFZ,AZ,AWP,WE,Towers with Radar,0,7,6,0,13,0,154,165,2,321,0,161,171,2,334,420,0,420,754
12/28/2017,FFZ,AZ,AWP,WE,Towers with Radar,0,9,10,0,19,0,170,174,2,346,0,179,184,2,365,481,0,481,846
12/29/2017,FFZ,AZ,AWP,WE,Towers with Radar,0,17,10,0,27,0,162,146,2,310,0,179,156,2,337,386,0,386,723
12/30/2017,FFZ,AZ,AWP,WE,Towers with Radar,0,6,6,0,12,0,121,194,0,315,0,127,200,0,327,327,0,327,654
12/31/2017,FFZ,AZ,AWP,WE,Towers with Radar,0,11,3,0,14,0,72,78,1,151,0,83,81,1,165,170,0,170,335
01/01/2018,FFZ,AZ,AWP,WE,Towers with Radar,0,2,6,0,8,0,4,98,0,102,0,6,104,0,110,146,0,146,256
01/02/2018,FFZ,AZ,AWP,WE,Towers with Radar,0,9,9,0,18,0,113,105,2,220,0,122,114,2,238,293,0,293,531
01/03/2018,FFZ,AZ,AWP,WE,Towers with Radar,0,14,7,0,21,0,156,118,9,283,0,170,125,9,304,376,0,376,680
01/04/2018,FFZ,AZ,AWP,WE,Towers with Radar,0,11,15,0,26,0,163,162,7,332,0,174,177,7,358,391,4,395,753
01/05/2018,FFZ,AZ,AWP,WE,Towers with Radar,0,12,13,0,25,0,163,150,9,322,0,175,163,9,347,546,0,546,893
01/06/2018,FFZ,AZ,AWP,WE,Towers with Radar,0,11,9,0,20,0,181,189,0,370,0,192,198,0,390,373,0,373,763
01/07/2018,FFZ,AZ,AWP,WE,Towers with Radar,0,13,5,0,18,0,125,138,0,263,0,138,143,0,281,230,0,230,511
01/08/2018,FFZ,AZ,AWP,WE,Towers with Radar,0,9,8,0,17,0,131,132,8,271,0,140,140,8,288,401,0,401,689
01/09/2018,FFZ,AZ,AWP,WE,Towers with Radar,0,9,5,0,14,0,130,77,5,212,0,139,82,5,226,292,0,292,518
01/10/2018,FFZ,AZ,AWP,WE,Towers with Radar,0,12,6,0,18,0,128,107,6,241,0,140,113,6,259,302,0,302,561
01/11/2018,FFZ,AZ,AWP,WE,Towers with Radar,0,15,9,0,24,0,195,163,14,372,0,210,172,14,396,497,16,513,909
01/12/2018,FFZ,AZ,AWP,WE,Towers with Radar,0,13,12,0,25,0,209,177,14,400,0,222,189,14,425,534,0,534,959
01/13/2018,FFZ,AZ,AWP,WE,Towers with Radar,0,19,11,0,30,0,172,173,6,351,0,191,184,6,381,459,0,459,840
01/14/2018,FFZ,AZ,AWP,WE,Towers with Radar,0,14,10,0,24,0,141,157,0,298,0,155,167,0,322,264,0,264,586
01/15/2018,FFZ,AZ,AWP,WE,Towers with Radar,0,17,11,0,28,0,155,137,25,317,0,172,148,25,345,471,0,471,816
01/16/2018,FFZ,AZ,AWP,WE,Towers with Radar,0,11,8,0,19,0,152,130,12,294,0,163,138,12,313,417,0,417,730
01/17/2018,FFZ,AZ,AWP,WE,Towers with Radar,0,21,9,0,30,0,190,148,18,356,0,211,157,18,386,512,0,512,898
01/18/2018,FFZ,AZ,AWP,WE,Towers with Radar,0,18,11,2,31,0,217,174,10,401,0,235,185,12,432,495,0,495,927
01/19/2018,FFZ,AZ,AWP,WE,Towers with Radar,0,15,11,0,26,0,194,206,21,421,0,209,217,21,447,493,0,493,940
01/20/2018,FFZ,AZ,AWP,WE,Towers with Radar,0,6,8,0,14,0,140,108,0,248,0,146,116,0,262,262,0,262,524
01/21/2018,FFZ,AZ,AWP,WE,Towers with Radar,0,6,6,0,12,0,144,148,1,293,0,150,154,1,305,428,0,428,733
01/22/2018,FFZ,AZ,AWP,WE,Towers with Radar,0,13,12,0,25,0,188,127,15,330,0,201,139,15,355,448,0,448,803
01/23/2018,FFZ,AZ,AWP,WE,Towers with Radar,0,8,12,0,20,0,220,118,9,347,0,228,130,9,367,366,0,366,733
01/24/2018,FFZ,AZ,AWP,WE,Towers with Radar,0,24,16,3,43,0,178,138,7,323,0,202,154,10,366,389,0,389,755
01/25/2018,FFZ,AZ,AWP,WE,Towers with Radar,0,16,20,0,36,0,185,110,9,304,0,201,130,9,340,526,0,526,866
01/26/2018,FFZ,AZ,AWP,WE,Towers with Radar,0,21,13,0,34,0,190,192,16,398,0,211,205,16,432,536,0,536,968
01/27/2018,FFZ,AZ,AWP,WE,Towers with Radar,0,7,8,0,15,0,155,207,9,371,0,162,215,9,386,531,0,531,917
01/28/2018,FFZ,AZ,AWP,WE,Towers with Radar,0,17,7,0,24,0,159,139,1,299,0,176,146,1,323,364,0,364,687
01/29/2018,FFZ,AZ,AWP,WE,Towers with Radar,0,13,7,0,20,0,168,105,9,282,0,181,112,9,302,313,0,313,615
01/30/2018,FFZ,AZ,AWP,WE,Towers with Radar,0,20,7,0,27,0,228,191,9,428,0,248,198,9,455,455,0,455,910
01/31/2018,FFZ,AZ,AWP,WE,Towers with Radar,0,12,13,0,25,0,176,192,11,379,0,188,205,11,404,480,0,480,884
02/01/2018,FFZ,AZ,AWP,WE,Towers with Radar,0,16,13,0,29,0,183,170,18,371,0,199,183,18,400,488,0,488,888
02/02/2018,FFZ,AZ,AWP,WE,Towers with Radar,0,10,14,0,24,0,202,212,12,426,0,212,226,12,450,683,0,683,1133
02/03/2018,FFZ,AZ,AWP,WE,Towers with Radar,0,17,10,0,27,0,139,217,3,359,0,156,227,3,386,415,0,415,801
02/04/2018,FFZ,AZ,AWP,WE,Towers with Radar,0,7,7,0,14,0,165,188,0,353,0,172,195,0,367,408,0,408,775
02/05/2018,FFZ,AZ,AWP,WE,Towers with Radar,0,11,10,0,21,0,155,161,4,320,0,166,171,4,341,566,0,566,907
02/06/2018,FFZ,AZ,AWP,WE,Towers with Radar,0,11,11,0,22,0,186,177,13,376,0,197,188,13,398,423,0,423,821
02/07/2018,FFZ,AZ,AWP,WE,Towers with Radar,0,10,11,0,21,0,213,147,9,369,0,223,158,9,390,558,0,558,948
02/08/2018,FFZ,AZ,AWP,WE,Towers with Radar,0,11,8,0,19,0,204,156,8,368,0,215,164,8,387,511,0,511,898
02/09/2018,FFZ,AZ,AWP,WE,Towers with Radar,0,10,12,0,22,0,182,186,6,374,0,192,198,6,396,477,0,477,873
02/10/2018,FFZ,AZ,AWP,WE,Towers with Radar,0,5,6,0,11,0,165,174,0,339,0,170,180,0,350,344,0,344,694
02/11/2018,FFZ,AZ,AWP,WE,Towers with Radar,0,3,6,0,9,0,167,123,1,291,0,170,129,1,300,424,0,424,724
02/12/2018,FFZ,AZ,AWP,WE,Towers with Radar,1,10,5,0,16,0,159,72,6,237,1,169,77,6,253,258,0,258,511
02/13/2018,FFZ,AZ,AWP,WE,Towers with Radar,0,14,15,0,29,0,212,115,9,336,0,226,130,9,365,477,0,477,842
02/14/2018,FFZ,AZ,AWP,WE,Towers with Radar,0,16,17,0,33,0,179,98,5,282,0,195,115,5,315,505,0,505,820
02/15/2018,FFZ,AZ,AWP,WE,Towers with Radar,0,10,12,0,22,0,88,75,20,183,0,98,87,20,205,633,0,633,838
02/16/2018,FFZ,AZ,AWP,WE,Towers with Radar,0,10,26,0,36,0,157,174,11,342,0,167,200,11,378,617,0,617,995
02/17/2018,FFZ,AZ,AWP,WE,Towers with Radar,0,8,5,0,13,0,144,187,8,339,0,152,192,8,352,690,0,690,1042
02/18/2018,FFZ,AZ,AWP,WE,Towers with Radar,0,11,14,0,25,0,161,130,0,291,0,172,144,0,316,426,0,426,742
02/19/2018,FFZ,AZ,AWP,WE,Towers with Radar,0,4,6,0,10,0,97,31,0,128,0,101,37,0,138,127,0,127,265
02/20/2018,FFZ,AZ,AWP,WE,Towers with Radar,0,17,8,0,25,0,206,169,6,381,0,223,177,6,406,549,0,549,955
02/21/2018,FFZ,AZ,AWP,WE,Towers with Radar,0,10,15,0,25,0,211,160,6,377,0,221,175,6,402,583,0,583,985
02/22/2018,FFZ,AZ,AWP,WE,Towers with Radar,0,12,21,0,33,0,190,187,8,385,0,202,208,8,418,596,0,596,1014
02/23/2018,FFZ,AZ,AWP,WE,Towers with Radar,0,11,16,0,27,0,169,147,10,326,0,180,163,10,353,303,0,303,656
02/24/2018,FFZ,AZ,AWP,WE,Towers with Radar,0,16,13,0,29,0,174,200,4,378,0,190,213,4,407,453,0,453,860
02/25/2018,FFZ,AZ,AWP,WE,Towers with Radar,0,13,11,0,24,0,172,172,1,345,0,185,183,1,369,513,0,513,882
02/26/2018,FFZ,AZ,AWP,WE,Towers with Radar,0,11,9,2,22,0,191,136,13,340,0,202,145,15,362,654,0,654,1016
02/27/2018,FFZ,AZ,AWP,WE,Towers with Radar,0,11,9,0,20,0,190,128,4,322,0,201,137,4,342,369,0,369,711
02/28/2018,FFZ,AZ,AWP,WE,Towers with Radar,0,8,7,0,15,0,206,107,6,319,0,214,114,6,334,670,0,670,1004
03/01/2018,FFZ,AZ,AWP,WE,Towers with Radar,0,12,20,0,32,0,198,181,6,385,0,210,201,6,417,517,0,517,934
03/02/2018,FFZ,AZ,AWP,WE,Towers with Radar,0,7,6,0,13,0,185,183,4,372,0,192,189,4,385,492,0,492,877
03/03/2018,FFZ,AZ,AWP,WE,Towers with Radar,0,12,8,0,20,0,138,229,5,372,0,150,237,5,392,505,0,505,897
03/04/2018,FFZ,AZ,AWP,WE,Towers with Radar,0,11,20,0,31,0,182,144,1,327,0,193,164,1,358,446,0,446,804
03/05/2018,FFZ,AZ,AWP,WE,Towers with Radar,0,9,12,0,21,0,221,134,6,361,0,230,146,6,382,483,0,483,865
03/06/2018,FFZ,AZ,AWP,WE,Towers with Radar,0,11,17,0,28,0,200,151,2,353,0,211,168,2,381,679,0,679,1060
03/07/2018,FFZ,AZ,AWP,WE,Towers with Radar,0,10,11,0,21,0,251,185,5,441,0,261,196,5,462,566,0,566,1028
03/08/2018,FFZ,AZ,AWP,WE,Towers with Radar,0,14,15,0,29,0,236,218,2,456,0,250,233,2,485,575,0,575,1060
03/09/2018,FFZ,AZ,AWP,WE,Towers with Radar,0,9,20,0,29,0,202,161,1,364,0,211,181,1,393,639,0,639,1032
03/10/2018,FFZ,AZ,AWP,WE,Towers with Radar,0,4,10,0,14,0,120,162,2,284,0,124,172,2,298,425,11,436,734
03/11/2018,FFZ,AZ,AWP,WE,Towers with Radar,0,11,10,0,21,0,127,106,0,233,0,138,116,0,254,347,0,347,601
03/12/2018,FFZ,AZ,AWP,WE,Towers with Radar,0,11,12,0,23,0,217,155,17,389,0,228,167,17,412,434,0,434,846
03/13/2018,FFZ,AZ,AWP,WE,Towers with Radar,0,12,24,0,36,0,179,167,11,357,0,191,191,11,393,628,0,628,1021
03/14/2018,FFZ,AZ,AWP,WE,Towers with Radar,0,9,13,0,22,0,202,160,7,369,0,211,173,7,391,312,0,312,703
03/15/2018,FFZ,AZ,AWP,WE,Towers with Radar,0,13,15,0,28,0,162,88,8,258,0,175,103,8,286,474,0,474,760
03/16/2018,FFZ,AZ,AWP,WE,Towers with Radar,0,3,8,0,11,0,183,174,10,367,0,186,182,10,378,494,0,494,872
03/17/2018,FFZ,AZ,AWP,WE,Towers with Radar,0,7,12,0,19,0,160,165,0,325,0,167,177,0,344,288,0,288,632
03/18/2018,FFZ,AZ,AWP,WE,Towers with Radar,0,6,14,0,20,0,179,124,0,303,0,185,138,0,323,335,0,335,658
03/19/2018,FFZ,AZ,AWP,WE,Towers with Radar,0,10,25,0,35,0,220,163,4,387,0,230,188,4,422,626,0,626,1048
03/20/2018,FFZ,AZ,AWP,WE,Towers with Radar,0,13,13,0,26,0,197,174,0,371,0,210,187,0,397,645,0,645,1042
03/21/2018,FFZ,AZ,AWP,WE,Towers with Radar,0,4,10,0,14,0,172,191,8,371,0,176,201,8,385,362,0,362,747
03/22/2018,FFZ,AZ,AWP,WE,Towers with Radar,0,14,9,0,23,0,186,139,6,331,0,200,148,6,354,459,0,459,813
03/23/2018,FFZ,AZ,AWP,WE,Towers with Radar,0,9,13,0,22,0,178,139,5,322,0,187,152,5,344,398,0,398,742
03/24/2018,FFZ,AZ,AWP,WE,Towers with Radar,0,5,5,0,10,0,106,161,12,279,0,111,166,12,289,196,0,196,485
03/25/2018,FFZ,AZ,AWP,WE,Towers with Radar,0,5,7,0,12,0,137,151,0,288,0,142,158,0,300,451,0,451,751
03/26/2018,FFZ,AZ,AWP,WE,Towers with Radar,0,10,11,0,21,0,183,125,9,317,0,193,136,9,338,601,0,601,939
03/27/2018,FFZ,AZ,AWP,WE,Towers with Radar,0,6,19,0,25,0,163,175,11,349,0,169,194,11,374,603,0,603,977
03/28/2018,FFZ,AZ,AWP,WE,Towers with Radar,0,6,12,0,18,0,190,180,17,387,0,196,192,17,405,582,0,582,987
03/29/2018,FFZ,AZ,AWP,WE,Towers with Radar,0,7,17,0,24,0,176,178,10,364,0,183,195,10,388,770,0,770,1158
03/30/2018,FFZ,AZ,AWP,WE,Towers with Radar,0,6,8,0,14,0,161,251,9,421,0,167,259,9,435,634,0,634,1069
03/31/2018,FFZ,AZ,AWP,WE,Towers with Radar,0,10,4,0,14,0,152,236,0,388,0,162,240,0,402,587,0,587,989
04/01/2018,FFZ,AZ,AWP,WE,Towers with Radar,0,5,8,0,13,0,137,102,0,239,0,142,110,0,252,396,0,396,648
04/02/2018,FFZ,AZ,AWP,WE,Towers with Radar,0,11,9,0,20,0,167,121,7,295,0,178,130,7,315,502,0,502,817
04/03/2018,FFZ,AZ,AWP,WE,Towers with Radar,0,9,9,0,18,0,172,155,1,328,0,181,164,1,346,717,0,717,1063
04/04/2018,FFZ,AZ,AWP,WE,Towers with Radar,0,5,11,0,16,0,166,198,2,366,0,171,209,2,382,555,0,555,937
04/05/2018,FFZ,AZ,AWP,WE,Towers with Radar,0,5,7,0,12,0,160,162,10,332,0,165,169,10,344,491,0,491,835
04/06/2018,FFZ,AZ,AWP,WE,Towers with Radar,0,7,17,0,24,0,143,178,13,334,0,150,195,13,358,657,0,657,1015
04/07/2018,FFZ,AZ,AWP,WE,Towers with Radar,0,0,9,0,9,0,142,174,2,318,0,142,183,2,327,508,0,508,835
04/08/2018,FFZ,AZ,AWP,WE,Towers with Radar,0,12,5,0,17,0,155,125,0,280,0,167,130,0,297,435,0,435,732
04/09/2018,FFZ,AZ,AWP,WE,Towers with Radar,0,7,14,0,21,0,166,134,2,302,0,173,148,2,323,517,0,517,840
04/10/2018,FFZ,AZ,AWP,WE,Towers with Radar,0,9,9,0,18,0,182,159,4,345,0,191,168,4,363,599,0,599,962
04/11/2018,FFZ,AZ,AWP,WE,Towers with Radar,0,10,13,0,23,0,174,184,15,373,0,184,197,15,396,359,0,359,755
04/12/2018,FFZ,AZ,AWP,WE,Towers with Radar,0,3,5,0,8,0,57,77,2,136,0,60,82,2,144,230,0,230,374
04/13/2018,FFZ,AZ,AWP,WE,Towers with Radar,0,3,7,0,10,0,139,130,9,278,0,142,137,9,288,205,0,205,493
04/14/2018,FFZ,AZ,AWP,WE,Towers with Radar,0,7,9,0,16,0,148,239,3,390,0,155,248,3,406,451,0,451,857
04/15/2018,FFZ,AZ,AWP,WE,Towers with Radar,0,10,8,0,18,0,173,146,0,319,0,183,154,0,337,459,0,459,796
04/16/2018,FFZ,AZ,AWP,WE,Towers with Radar,0,5,15,0,20,0,173,146,11,330,0,178,161,11,350,637,0,637,987
04/17/2018,FFZ,AZ,AWP,WE,Towers with Radar,0,12,16,0,28,0,146,141,8,295,0,158,157,8,323,478,0,478,801
04/18/2018,FFZ,AZ,AWP,WE,Towers with Radar,0,10,12,0,22,0,199,195,4,398,0,209,207,4,420,685,0,685,1105
04/19/2018,FFZ,AZ,AWP,WE,Towers with Radar,0,5,9,0,14,0,125,105,3,233,0,130,114,3,247,417,0,417,664
04/20/2018,FFZ,AZ,AWP,WE,Towers with Radar,0,3,13,1,17,0,140,160,5,305,0,143,173,6,322,670,0,670,992
04/21/2018,FFZ,AZ,AWP,WE,Towers with Radar,0,7,6,0,13,0,160,211,2,373,0,167,217,2,386,549,0,549,935
04/22/2018,FFZ,AZ,AWP,WE,Towers with Radar,0,14,11,0,25,0,147,171,0,318,0,161,182,0,343,478,0,478,821
04/23/2018,FFZ,AZ,AWP,WE,Towers with Radar,0,7,16,0,23,0,157,114,3,274,0,164,130,3,297,561,0,561,858
04/24/2018,FFZ,AZ,AWP,WE,Towers with Radar,0,5,8,2,15,0,161,135,4,300,0,166,143,6,315,706,0,706,1021
04/25/2018,FFZ,AZ,AWP,WE,Towers with Radar,0,4,11,0,15,0,165,154,5,324,0,169,165,5,339,559,0,559,898
04/26/2018,FFZ,AZ,AWP,WE,Towers with Radar,0,1,8,1,10,0,149,111,3,263,0,150,119,4,273,734,0,734,1007
04/27/2018,FFZ,AZ,AWP,WE,Towers with Radar,0,1,9,0,10,0,136,150,3,289,0,137,159,3,299,605,0,605,904
04/28/2018,FFZ,AZ,AWP,WE,Towers with Radar,0,3,9,0,12,0,123,167,0,290,0,126,176,0,302,506,0,506,808
04/29/2018,FFZ,AZ,AWP,WE,Towers with Radar,0,3,9,0,12,0,146,130,0,276,0,149,139,0,288,402,0,402,690
04/30/2018,FFZ,AZ,AWP,WE,Towers with Radar,0,4,6,0,10,0,171,126,4,301,0,175,132,4,311,597,0,597,908
05/01/2018,FFZ,AZ,AWP,WE,Towers with Radar,0,5,6,0,11,0,124,100,2,226,0,129,106,2,237,568,0,568,805
05/02/2018,FFZ,AZ,AWP,WE,Towers with Radar,0,2,13,0,15,0,142,117,6,265,0,144,130,6,280,444,0,444,724
05/03/2018,FFZ,AZ,AWP,WE,Towers with Radar,0,6,4,0,10,0,186,171,14,371,0,192,175,14,381,488,0,488,869
05/04/2018,FFZ,AZ,AWP,WE,Towers with Radar,0,8,17,0,25,0,168,170,15,353,0,176,187,15,378,530,0,530,908
05/05/2018,FFZ,AZ,AWP,WE,Towers with Radar,0,9,6,0,15,0,127,115,1,243,0,136,121,1,258,280,0,280,538
05/06/2018,FFZ,AZ,AWP,WE,Towers with Radar,0,5,8,0,13,0,116,142,0,258,0,121,150,0,271,393,0,393,664
05/07/2018,FFZ,AZ,AWP,WE,Towers with Radar,0,5,13,0,18,0,173,120,10,303,0,178,133,10,321,523,1,524,845
05/08/2018,FFZ,AZ,AWP,WE,Towers with Radar,0,9,9,0,18,0,130,135,8,273,0,139,144,8,291,488,0,488,779
05/09/2018,FFZ,AZ,AWP,WE,Towers with Radar,0,7,6,0,13,0,181,127,9,317,0,188,133,9,330,653,0,653,983
05/10/2018,FFZ,AZ,AWP,WE,Towers with Radar,0,8,9,0,17,0,162,110,6,278,0,170,119,6,295,370,0,370,665
05/11/2018,FFZ,AZ,AWP,WE,Towers with Radar,0,1,6,0,7,0,99,106,1,206,0,100,112,1,213,227,0,227,440
05/12/2018,FFZ,AZ,AWP,WE,Towers with Radar,0,7,11,0,18,0,84,107,0,191,0,91,118,0,209,281,0,281,490
05/13/2018,FFZ,AZ,AWP,WE,Towers with Radar,0,7,7,0,14,0,124,113,4,241,0,131,120,4,255,322,0,322,577
05/14/2018,FFZ,AZ,AWP,WE,Towers with Radar,0,15,6,0,21,0,155,166,3,324,0,170,172,3,345,427,0,427,772
05/15/2018,FFZ,AZ,AWP,WE,Towers with Radar,0,6,10,0,16,0,178,132,12,322,0,184,142,12,338,428,0,428,766
05/16/2018,FFZ,AZ,AWP,WE,Towers with Radar,0,3,8,0,11,0,152,96,9,257,0,155,104,9,268,344,0,344,612
05/17/2018,FFZ,AZ,AWP,WE,Towers with Radar,0,10,10,0,20,0,138,122,4,264,0,148,132,4,284,305,30,335,619
05/18/2018,FFZ,AZ,AWP,WE,Towers with Radar,0,14,7,0,21,0,136,149,12,297,0,150,156,12,318,472,0,472,790
05/19/2018,FFZ,AZ,AWP,WE,Towers with Radar,0,10,4,0,14,0,111,182,0,293,0,121,186,0,307,560,0,560,867
05/20/2018,FFZ,AZ,AWP,WE,Towers with Radar,0,7,13,0,20,0,142,128,0,270,0,149,141,0,290,324,0,324,614
05/21/2018,FFZ,AZ,AWP,WE,Towers with Radar,0,8,8,0,16,0,155,95,6,256,0,163,103,6,272,419,0,419,691
05/22/2018,FFZ,AZ,AWP,WE,Towers with Radar,0,9,6,0,15,0,158,134,13,305,0,167,140,13,320,501,0,501,821
05/23/2018,FFZ,AZ,AWP,WE,Towers with Radar,0,10,16,0,26,0,150,131,5,286,0,160,147,5,312,482,0,482,794
05/24/2018,FFZ,AZ,AWP,WE,Towers with Radar,0,8,6,0,14,0,117,168,7,292,0,125,174,7,306,506,0,506,812
05/25/2018,FFZ,AZ,AWP,WE,Towers with Radar,0,9,13,0,22,0,121,154,6,281,0,130,167,6,303,492,0,492,795
05/26/2018,FFZ,AZ,AWP,WE,Towers with Radar,0,7,8,0,15,0,121,149,0,270,0,128,157,0,285,249,0,249,534
05/27/2018,FFZ,AZ,AWP,WE,Towers with Radar,0,8,6,0,14,0,144,122,0,266,0,152,128,0,280,391,0,391,671
05/28/2018,FFZ,AZ,AWP,WE,Towers with Radar,0,6,3,0,9,0,15,117,0,132,0,21,120,0,141,126,0,126,267
05/29/2018,FFZ,AZ,AWP,WE,Towers with Radar,0,8,6,0,14,0,157,126,8,291,0,165,132,8,305,595,0,595,900
05/30/2018,FFZ,AZ,AWP,WE,Towers with Radar,0,14,7,0,21,0,168,155,6,329,0,182,162,6,350,447,0,447,797
05/31/2018,FFZ,AZ,AWP,WE,Towers with Radar,0,15,4,0,19,0,178,120,4,302,0,193,124,4,321,445,0,445,766
06/01/2018,FFZ,AZ,AWP,WE,Towers with Radar,0,2,10,0,12,0,174,133,6,313,0,176,143,6,325,483,0,483,808
06/02/2018,FFZ,AZ,AWP,WE,Towers with Radar,0,11,5,0,16,0,131,149,0,280,0,142,154,0,296,512,0,512,808
06/03/2018,FFZ,AZ,AWP,WE,Towers with Radar,0,6,6,0,12,0,139,94,0,233,0,145,100,0,245,308,0,308,553
06/04/2018,FFZ,AZ,AWP,WE,Towers with Radar,0,9,2,0,11,0,181,113,10,304,0,190,115,10,315,449,0,449,764
06/05/2018,FFZ,AZ,AWP,WE,Towers with Radar,0,10,12,0,22,0,165,117,5,287,0,175,129,5,309,432,16,448,757
06/06/2018,FFZ,AZ,AWP,WE,Towers with Radar,0,1,9,0,10,0,117,126,6,249,0,118,135,6,259,439,0,439,698
06/07/2018,FFZ,AZ,AWP,WE,Towers with Radar,0,10,11,0,21,0,139,110,7,256,0,149,121,7,277,349,0,349,626
06/08/2018,FFZ,AZ,AWP,WE,Towers with Radar,0,6,9,0,15,0,97,103,6,206,0,103,112,6,221,317,0,317,538
06/09/2018,FFZ,AZ,AWP,WE,Towers with Radar,0,7,10,0,17,0,116,184,0,300,0,123,194,0,317,311,0,311,628
06/10/2018,FFZ,AZ,AWP,WE,Towers with Radar,0,12,11,0,23,0,115,123,0,238,0,127,134,0,261,397,0,397,658
06/11/2018,FFZ,AZ,AWP,WE,Towers with Radar,0,4,5,0,9,0,159,91,5,255,0,163,96,5,264,452,0,452,716
06/12/2018,FFZ,AZ,AWP,WE,Towers with Radar,0,13,8,0,21,0,115,114,4,233,0,128,122,4,254,408,0,408,662
06/13/2018,FFZ,AZ,AWP,WE,Towers with Radar,0,10,8,0,18,0,150,106,4,260,0,160,114,4,278,387,0,387,665
06/14/2018,FFZ,AZ,AWP,WE,Towers with Radar,0,11,11,0,22,0,146,97,6,249,0,157,108,6,271,258,0,258,529
06/15/2018,FFZ,AZ,AWP,WE,Towers with Radar,0,5,8,0,13,0,122,100,1,223,0,127,108,1,236,313,0,313,549
06/16/2018,FFZ,AZ,AWP,WE,Towers with Radar,0,12,6,0,18,0,43,64,0,107,0,55,70,0,125,216,0,216,341
06/17/2018,FFZ,AZ,AWP,WE,Towers with Radar,0,9,9,0,18,0,102,102,0,204,0,111,111,0,222,305,0,305,527
06/18/2018,FFZ,AZ,AWP,WE,Towers with Radar,0,20,12,0,32,0,152,116,3,271,0,172,128,3,303,411,0,411,714
06/19/2018,FFZ,AZ,AWP,WE,Towers with Radar,0,16,7,0,23,0,150,126,8,284,0,166,133,8,307,583,0,583,890
06/20/2018,FFZ,AZ,AWP,WE,Towers with Radar,0,9,8,0,17,0,183,147,3,333,0,192,155,3,350,459,0,459,809
06/21/2018,FFZ,AZ,AWP,WE,Towers with Radar,0,8,9,0,17,0,136,122,13,271,0,144,131,13,288,384,0,384,672
06/22/2018,FFZ,AZ,AWP,WE,Towers with Radar,0,14,7,0,21,0,138,87,7,232,0,152,94,7,253,463,0,463,716
06/23/2018,FFZ,AZ,AWP,WE,Towers with Radar,0,11,10,0,21,0,117,133,0,250,0,128,143,0,271,389,0,389,660
06/24/2018,FFZ,AZ,AWP,WE,Towers with Radar,0,14,9,0,23,0,121,124,0,245,0,135,133,0,268,316,0,316,584
06/25/2018,FFZ,AZ,AWP,WE,Towers with Radar,0,9,10,0,19,0,158,103,4,265,0,167,113,4,284,368,0,368,652
06/26/2018,FFZ,AZ,AWP,WE,Towers with Radar,0,7,8,0,15,0,188,100,14,302,0,195,108,14,317,322,0,322,639
06/27/2018,FFZ,AZ,AWP,WE,Towers with Radar,0,10,8,0,18,0,161,139,3,303,0,171,147,3,321,402,0,402,723
06/28/2018,FFZ,AZ,AWP,WE,Towers with Radar,0,13,3,0,16,0,170,98,10,278,0,183,101,10,294,348,0,348,642
06/29/2018,FFZ,AZ,AWP,WE,Towers with Radar,0,14,9,0,23,0,158,123,7,288,0,172,132,7,311,389,0,389,700
06/30/2018,FFZ,AZ,AWP,WE,Towers with Radar,0,19,5,0,24,0,149,121,0,270,0,168,126,0,294,350,0,350,644
07/01/2018,FFZ,AZ,AWP,WE,Towers with Radar,0,14,8,0,22,0,136,104,0,240,0,150,112,0,262,447,0,447,709
07/02/2018,FFZ,AZ,AWP,WE,Towers with Radar,0,10,6,0,16,0,156,110,6,272,0,166,116,6,288,485,0,485,773
07/03/2018,FFZ,AZ,AWP,WE,Towers with Radar,0,16,8,0,24,0,206,117,6,329,0,222,125,6,353,440,0,440,793
07/04/2018,FFZ,AZ,AWP,WE,Towers with Radar,0,6,6,0,12,0,7,86,0,93,0,13,92,0,105,188,0,188,293
07/05/2018,FFZ,AZ,AWP,WE,Towers with Radar,0,3,4,0,7,0,115,60,2,177,0,118,64,2,184,166,0,166,350
07/06/2018,FFZ,AZ,AWP,WE,Towers with Radar,0,9,6,0,15,0,108,65,0,173,0,117,71,0,188,176,0,176,364
07/07/2018,FFZ,AZ,AWP,WE,Towers with Radar,0,10,3,0,13,0,105,95,1,201,0,115,98,1,214,253,0,253,467
07/08/2018,FFZ,AZ,AWP,WE,Towers with Radar,0,18,20,0,38,0,125,90,0,215,0,143,110,0,253,276,0,276,529
07/09/2018,FFZ,AZ,AWP,WE,Towers with Radar,0,6,5,0,11,0,173,90,1,264,0,179,95,1,275,462,0,462,737
07/10/2018,FFZ,AZ,AWP,WE,Towers with Radar,0,8,5,0,13,0,132,59,6,197,0,140,64,6,210,266,0,266,476
07/11/2018,FFZ,AZ,AWP,WE,Towers with Radar,0,5,5,0,10,0,145,80,7,232,0,150,85,7,242,245,0,245,487
07/12/2018,FFZ,AZ,AWP,WE,Towers with Radar,0,6,5,0,11,0,182,79,5,266,0,188,84,5,277,475,0,475,752
07/13/2018,FFZ,AZ,AWP,WE,Towers with Radar,0,10,12,0,22,0,195,103,9,307,0,205,115,9,329,459,0,459,788
07/14/2018,FFZ,AZ,AWP,WE,Towers with Radar,0,8,7,0,15,0,145,104,0,249,0,153,111,0,264,380,0,380,644
07/15/2018,FFZ,AZ,AWP,WE,Towers with Radar,0,6,11,0,17,0,128,74,1,203,0,134,85,1,220,245,0,245,465
07/16/2018,FFZ,AZ,AWP,WE,Towers with Radar,0,10,9,0,19,0,186,80,15,281,0,196,89,15,300,514,0,514,814
07/17/2018,FFZ,AZ,AWP,WE,Towers with Radar,0,9,13,0,22,0,185,115,3,303,0,194,128,3,325,501,0,501,826
07/18/2018,FFZ,AZ,AWP,WE,Towers with Radar,0,10,19,0,29,0,200,100,3,303,0,210,119,3,332,555,0,555,887
07/19/2018,FFZ,AZ,AWP,WE,Towers with Radar,0,17,9,0,26,0,185,123,2,310,0,202,132,2,336,452,0,452,788
07/20/2018,FFZ,AZ,AWP,WE,Towers with Radar,0,9,15,0,24,0,171,94,2,267,0,180,109,2,291,443,0,443,734
07/21/2018,FFZ,AZ,AWP,WE,Towers with Radar,0,6,8,0,14,0,102,94,0,196,0,108,102,0,210,347,0,347,557
07/22/2018,FFZ,AZ,AWP,WE,Towers with Radar,0,18,9,0,27,0,147,102,0,249,0,165,111,0,276,406,0,406,682
07/23/2018,FFZ,AZ,AWP,WE,Towers with Radar,0,3,6,0,9,0,172,104,11,287,0,175,110,11,296,419,0,419,715
07/24/2018,FFZ,AZ,AWP,WE,Towers with Radar,0,2,1,0,3,0,157,90,2,249,0,159,91,2,252,429,0,429,681
07/25/2018,FFZ,AZ,AWP,WE,Towers with Radar,0,13,12,0,25,0,155,74,1,230,0,168,86,1,255,334,0,334,589
07/26/2018,FFZ,AZ,AWP,WE,Towers with Radar,0,17,9,0,26,0,161,68,3,232,0,178,77,3,258,317,0,317,575
07/27/2018,FFZ,AZ,AWP,WE,Towers with Radar,0,12,3,0,15,0,129,59,2,190,0,141,62,2,205,209,0,209,414
07/28/2018,FFZ,AZ,AWP,WE,Towers with Radar,0,7,8,0,15,0,135,102,1,238,0,142,110,1,253,529,0,529,782
07/29/2018,FFZ,AZ,AWP,WE,Towers with Radar,0,20,11,0,31,0,137,105,0,242,0,157,116,0,273,597,0,597,870
07/30/2018,FFZ,AZ,AWP,WE,Towers with Radar,0,8,8,0,16,0,190,75,4,269,0,198,83,4,285,552,0,552,837
07/31/2018,FFZ,AZ,AWP,WE,Towers with Radar,0,12,7,0,19,0,228,107,4,339,0,240,114,4,358,568,0,568,926
08/01/2018,FFZ,AZ,AWP,WE,Towers with Radar,0,12,10,0,22,0,218,107,4,329,0,230,117,4,351,583,0,583,934
08/02/2018,FFZ,AZ,AWP,WE,Towers with Radar,0,15,8,0,23,0,199,86,6,291,0,214,94,6,314,440,0,440,754
08/03/2018,FFZ,AZ,AWP,WE,Towers with Radar,0,15,11,0,26,0,167,125,3,295,0,182,136,3,321,454,0,454,775
08/04/2018,FFZ,AZ,AWP,WE,Towers with Radar,0,14,7,0,21,0,152,102,1,255,0,166,109,1,276,323,0,323,599
08/05/2018,FFZ,AZ,AWP,WE,Towers with Radar,0,14,12,0,26,0,171,95,0,266,0,185,107,0,292,484,0,484,776
08/06/2018,FFZ,AZ,AWP,WE,Towers with Radar,0,13,10,0,23,0,179,107,3,289,0,192,117,3,312,409,0,409,721
08/07/2018,FFZ,AZ,AWP,WE,Towers with Radar,0,8,6,0,14,0,207,121,1,329,0,215,127,1,343,435,0,435,778
08/08/2018,FFZ,AZ,AWP,WE,Towers with Radar,0,6,4,0,10,0,183,82,9,274,0,189,86,9,284,520,0,520,804
08/09/2018,FFZ,AZ,AWP,WE,Towers with Radar,0,12,16,0,28,0,173,83,3,259,0,185,99,3,287,439,0,439,726
08/10/2018,FFZ,AZ,AWP,WE,Towers with Radar,0,4,7,0,11,0,168,109,6,283,0,172,116,6,294,493,0,493,787
08/11/2018,FFZ,AZ,AWP,WE,Towers with Radar,0,18,1,0,19,0,142,150,0,292,0,160,151,0,311,452,0,452,763
08/12/2018,FFZ,AZ,AWP,WE,Towers with Radar,0,8,4,0,12,0,141,107,0,248,0,149,111,0,260,426,0,426,686
08/13/2018,FFZ,AZ,AWP,WE,Towers with Radar,0,16,5,0,21,0,203,94,7,304,0,219,99,7,325,595,0,595,920
08/14/2018,FFZ,AZ,AWP,WE,Towers with Radar,0,10,10,1,21,0,162,109,5,276,0,172,119,6,297,538,0,538,835
08/15/2018,FFZ,AZ,AWP,WE,Towers with Radar,0,20,10,1,31,0,194,136,9,339,0,214,146,10,370,604,0,604,974
08/16/2018,FFZ,AZ,AWP,WE,Towers with Radar,0,14,10,0,24,0,168,112,8,288,0,182,122,8,312,309,0,309,621
08/17/2018,FFZ,AZ,AWP,WE,Towers with Radar,0,6,9,0,15,0,164,123,7,294,0,170,132,7,309,357,0,357,666
08/18/2018,FFZ,AZ,AWP,WE,Towers with Radar,0,5,3,0,8,0,121,94,1,216,0,126,97,1,224,350,0,350,574
08/19/2018,FFZ,AZ,AWP,WE,Towers with Radar,0,24,8,0,32,0,171,101,0,272,0,195,109,0,304,540,0,540,844
08/20/2018,FFZ,AZ,AWP,WE,Towers with Radar,0,25,13,0,38,0,190,91,2,283,0,215,104,2,321,474,0,474,795
08/21/2018,FFZ,AZ,AWP,WE,Towers with Radar,0,13,15,0,28,0,197,107,3,307,0,210,122,3,335,523,0,523,858
08/22/2018,FFZ,AZ,AWP,WE,Towers with Radar,0,2,4,0,6,0,153,114,1,268,0,155,118,1,274,483,0,483,757
08/23/2018,FFZ,AZ,AWP,WE,Towers with Radar,0,9,7,0,16,0,146,109,7,262,0,155,116,7,278,381,0,381,659
08/24/2018,FFZ,AZ,AWP,WE,Towers with Radar,0,9,9,0,18,0,177,100,2,279,0,186,109,2,297,383,0,383,680
08/25/2018,FFZ,AZ,AWP,WE,Towers with Radar,0,5,5,0,10,0,127,142,1,270,0,132,147,1,280,397,0,397,677
08/26/2018,FFZ,AZ,AWP,WE,Towers with Radar,0,16,10,0,26,0,184,119,1,304,0,200,129,1,330,456,0,456,786
08/27/2018,FFZ,AZ,AWP,WE,Towers with Radar,0,11,14,0,25,0,227,110,14,351,0,238,124,14,376,556,0,556,932
08/28/2018,FFZ,AZ,AWP,WE,Towers with Radar,0,10,9,0,19,0,171,111,5,287,0,181,120,5,306,518,0,518,824
08/29/2018,FFZ,AZ,AWP,WE,Towers with Radar,0,8,9,0,17,0,223,113,4,340,0,231,122,4,357,538,0,538,895
08/30/2018,FFZ,AZ,AWP,WE,Towers with Radar,0,16,9,0,25,0,172,112,7,291,0,188,121,7,316,415,0,415,731
08/31/2018,FFZ,AZ,AWP,WE,Towers with Radar,0,8,7,0,15,0,169,136,7,312,0,177,143,7,327,508,0,508,835
09/01/2018,FFZ,AZ,AWP,WE,Towers with Radar,0,9,8,0,17,0,148,129,0,277,0,157,137,0,294,470,0,470,764
09/02/2018,FFZ,AZ,AWP,WE,Towers with Radar,0,4,2,0,6,0,132,87,0,219,0,136,89,0,225,392,0,392,617
09/03/2018,FFZ,AZ,AWP,WE,Towers with Radar,0,18,10,0,28,0,19,143,0,162,0,37,153,0,190,151,0,151,341
09/04/2018,FFZ,AZ,AWP,WE,Towers with Radar,0,17,9,0,26,0,194,145,10,349,0,211,154,10,375,521,0,521,896
09/05/2018,FFZ,AZ,AWP,WE,Towers with Radar,0,14,4,0,18,0,186,100,6,292,0,200,104,6,310,445,0,445,755
09/06/2018,FFZ,AZ,AWP,WE,Towers with Radar,0,33,17,2,52,0,178,104,5,287,0,211,121,7,339,605,0,605,944
09/07/2018,FFZ,AZ,AWP,WE,Towers with Radar,0,17,14,0,31,0,162,131,8,301,0,179,145,8,332,512,0,512,844
09/08/2018,FFZ,AZ,AWP,WE,Towers with Radar,0,11,4,0,15,0,142,134,3,279,0,153,138,3,294,421,0,421,715
09/09/2018,FFZ,AZ,AWP,WE,Towers with Radar,0,24,8,0,32,0,193,144,0,337,0,217,152,0,369,521,0,521,890
09/10/2018,FFZ,AZ,AWP,WE,Towers with Radar,0,20,7,0,27,0,185,110,15,310,0,205,117,15,337,374,0,374,711
09/11/2018,FFZ,AZ,AWP,WE,Towers with Radar,0,7,9,0,16,0,185,147,5,337,0,192,156,5,353,502,0,502,855
09/12/2018,FFZ,AZ,AWP,WE,Towers with Radar,0,12,17,0,29,0,205,183,8,396,0,217,200,8,425,417,0,417,842
09/13/2018,FFZ,AZ,AWP,WE,Towers with Radar,0,16,6,0,22,0,205,135,6,346,0,221,141,6,368,572,0,572,940
09/14/2018,FFZ,AZ,AWP,WE,Towers with Radar,0,13,11,0,24,0,165,111,8,284,0,178,122,8,308,493,0,493,801
09/15/2018,FFZ,AZ,AWP,WE,Towers with Radar,0,9,8,1,18,0,137,140,1,278,0,146,148,2,296,483,0,483,779
09/16/2018,FFZ,AZ,AWP,WE,Towers with Radar,0,13,14,0,27,0,126,111,0,237,0,139,125,0,264,418,0,418,682
09/17/2018,FFZ,AZ,AWP,WE,Towers with Radar,0,12,20,0,32,0,186,104,14,304,0,198,124,14,336,414,0,414,750
09/18/2018,FFZ,AZ,AWP,WE,Towers with Radar,0,9,11,0,20,0,204,125,7,336,0,213,136,7,356,534,0,534,890
09/19/2018,FFZ,AZ,AWP,WE,Towers with Radar,0,9,6,0,15,0,113,79,9,201,0,122,85,9,216,509,0,509,725
09/20/2018,FFZ,AZ,AWP,WE,Towers with Radar,0,14,12,0,26,0,196,112,15,323,0,210,124,15,349,498,0,498,847
09/21/2018,FFZ,AZ,AWP,WE,Towers with Radar,0,20,15,0,35,0,209,107,6,322,0,229,122,6,357,465,18,483,840
09/22/2018,FFZ,AZ,AWP,WE,Towers with Radar,0,14,8,0,22,0,98,141,0,239,0,112,149,0,261,399,0,399,660
09/23/2018,FFZ,AZ,AWP,WE,Towers with Radar,0,11,9,0,20,0,126,149,1,276,0,137,158,1,296,440,0,440,736
09/24/2018,FFZ,AZ,AWP,WE,Towers with Radar,0,10,8,0,18,0,203,125,12,340,0,213,133,12,358,635,0,635,993
09/25/2018,FFZ,AZ,AWP,WE,Towers with Radar,0,23,10,0,33,0,184,173,10,367,0,207,183,10,400,612,0,612,1012
09/26/2018,FFZ,AZ,AWP,WE,Towers with Radar,0,10,8,0,18,0,189,135,7,331,0,199,143,7,349,501,0,501,850
09/27/2018,FFZ,AZ,AWP,WE,Towers with Radar,0,15,9,0,24,0,176,137,2,315,0,191,146,2,339,510,0,510,849
09/28/2018,FFZ,AZ,AWP,WE,Towers with Radar,0,17,5,0,22,0,160,128,2,290,0,177,133,2,312,544,0,544,856
09/29/2018,FFZ,AZ,AWP,WE,Towers with Radar,0,13,3,0,16,0,146,172,0,318,0,159,175,0,334,401,0,401,735
09/30/2018,FFZ,AZ,AWP,WE,Towers with Radar,0,2,10,0,12,0,132,153,0,285,0,134,163,0,297,369,0,369,666
10/01/2018,FFZ,AZ,AWP,WE,Towers with Radar,0,19,6,0,25,0,65,45,0,110,0,84,51,0,135,315,0,315,450
10/02/2018,FFZ,AZ,AWP,WE,Towers with Radar,0,22,5,1,28,0,20,25,2,47,0,42,30,3,75,83,0,83,158
10/03/2018,FFZ,AZ,AWP,WE,Towers with Radar,0,24,14,1,39,0,52,86,6,144,0,76,100,7,183,513,0,513,696
10/04/2018,FFZ,AZ,AWP,WE,Towers with Radar,0,21,16,0,37,0,230,176,9,415,0,251,192,9,452,576,0,576,1028
10/05/2018,FFZ,AZ,AWP,WE,Towers with Radar,0,24,11,0,35,0,172,156,18,346,0,196,167,18,381,704,13,717,1098
10/06/2018,FFZ,AZ,AWP,WE,Towers with Radar,0,15,18,0,33,0,119,169,0,288,0,134,187,0,321,476,0,476,797
10/07/2018,FFZ,AZ,AWP,WE,Towers with Radar,0,7,5,0,12,0,67,53,0,120,0,74,58,0,132,418,0,418,550
10/08/2018,FFZ,AZ,AWP,WE,Towers with Radar,0,14,12,0,26,0,179,140,6,325,0,193,152,6,351,571,0,571,922
10/09/2018,FFZ,AZ,AWP,WE,Towers with Radar,0,14,16,0,30,0,212,181,5,398,0,226,197,5,428,712,0,712,1140
10/10/2018,FFZ,AZ,AWP,WE,Towers with Radar,0,13,14,0,27,0,214,177,8,399,0,227,191,8,426,587,0,587,1013
10/11/2018,FFZ,AZ,AWP,WE,Towers with Radar,0,18,11,0,29,0,168,121,7,296,0,186,132,7,325,534,0,534,859
10/12/2018,FFZ,AZ,AWP,WE,Towers with Radar,0,16,16,0,32,0,115,107,10,232,0,131,123,10,264,553,0,553,817
10/13/2018,FFZ,AZ,AWP,WE,Towers with Radar,0,8,6,0,14,0,8,25,0,33,0,16,31,0,47,62,0,62,109
10/14/2018,FFZ,AZ,AWP,WE,Towers with Radar,0,13,19,0,32,0,132,117,4,253,0,145,136,4,285,474,0,474,759
10/15/2018,FFZ,AZ,AWP,WE,Towers with Radar,0,5,15,0,20,0,208,117,5,330,0,213,132,5,350,507,0,507,857
10/16/2018,FFZ,AZ,AWP,WE,Towers with Radar,0,8,8,0,16,0,188,120,12,320,0,196,128,12,336,360,5,365,701
10/17/2018,FFZ,AZ,AWP,WE,Towers with Radar,0,4,14,0,18,0,193,119,11,323,0,197,133,11,341,385,11,396,737
10/18/2018,FFZ,AZ,AWP,WE,Towers with Radar,0,16,17,0,33,0,141,113,2,256,0,157,130,2,289,354,0,354,643
10/19/2018,FFZ,AZ,AWP,WE,Towers with Radar,0,1,17,0,18,0,3,9,0,12,0,4,26,0,30,0,0,0,30
10/20/2018,FFZ,AZ,AWP,WE,Towers with Radar,0,7,10,0,17,0,93,112,0,205,0,100,122,0,222,208,0,208,430
10/21/2018,FFZ,AZ,AWP,WE,Towers with Radar,0,7,14,0,21,0,130,128,0,258,0,137,142,0,279,399,0,399,678
10/22/2018,FFZ,AZ,AWP,WE,Towers with Radar,0,11,19,0,30,0,211,181,5,397,0,222,200,5,427,523,0,523,950
10/23/2018,FFZ,AZ,AWP,WE,Towers with Radar,0,8,13,0,21,0,157,107,8,272,0,165,120,8,293,516,0,516,809
10/24/2018,FFZ,AZ,AWP,WE,Towers with Radar,0,14,11,0,25,0,242,244,10,496,0,256,255,10,521,697,0,697,1218
10/25/2018,FFZ,AZ,AWP,WE,Towers with Radar,0,7,11,0,18,0,268,242,14,524,0,275,253,14,542,613,0,613,1155
10/26/2018,FFZ,AZ,AWP,WE,Towers with Radar,0,22,15,0,37,0,212,212,12,436,0,234,227,12,473,678,0,678,1151
10/27/2018,FFZ,AZ,AWP,WE,Towers with Radar,0,17,13,0,30,0,178,208,1,387,0,195,221,1,417,568,0,568,985
10/28/2018,FFZ,AZ,AWP,WE,Towers with Radar,0,20,14,0,34,0,201,169,0,370,0,221,183,0,404,601,0,601,1005
10/29/2018,FFZ,AZ,AWP,WE,Towers with Radar,0,16,20,0,36,0,220,136,7,363,0,236,156,7,399,557,0,557,956
10/30/2018,FFZ,AZ,AWP,WE,Towers with Radar,0,11,10,0,21,0,201,121,4,326,0,212,131,4,347,415,0,415,762
10/31/2018,FFZ,AZ,AWP,WE,Towers with Radar,0,11,11,0,22,0,198,167,14,379,0,209,178,14,401,492,1,493,894
11/01/2018,FFZ,AZ,AWP,WE,Towers with Radar,0,8,19,0,27,0,218,201,5,424,0,226,220,5,451,463,0,463,914
11/02/2018,FFZ,AZ,AWP,WE,Towers with Radar,0,21,12,0,33,0,207,213,2,422,0,228,225,2,455,553,4,557,1012
11/03/2018,FFZ,AZ,AWP,WE,Towers with Radar,0,17,10,0,27,0,207,199,0,406,0,224,209,0,433,575,0,575,1008
11/04/2018,FFZ,AZ,AWP,WE,Towers with Radar,0,17,13,0,30,0,163,164,1,328,0,180,177,1,358,418,0,418,776
11/05/2018,FFZ,AZ,AWP,WE,Towers with Radar,0,15,14,0,29,0,223,142,10,375,0,238,156,10,404,494,0,494,898
11/06/2018,FFZ,AZ,AWP,WE,Towers with Radar,0,17,10,0,27,0,224,171,8,403,0,241,181,8,430,526,0,526,956
11/07/2018,FFZ,AZ,AWP,WE,Towers with Radar,0,6,10,0,16,0,211,197,5,413,0,217,207,5,429,654,0,654,1083
11/08/2018,FFZ,AZ,AWP,WE,Towers with Radar,0,16,16,0,32,0,158,166,9,333,0,174,182,9,365,470,0,470,835
11/09/2018,FFZ,AZ,AWP,WE,Towers with Radar,0,6,14,0,20,0,186,148,12,346,0,192,162,12,366,501,0,501,867
11/10/2018,FFZ,AZ,AWP,WE,Towers with Radar,0,8,2,0,10,0,157,190,0,347,0,165,192,0,357,500,0,500,857
11/11/2018,FFZ,AZ,AWP,WE,Towers with Radar,0,18,6,0,24,0,187,163,0,350,0,205,169,0,374,289,0,289,663
11/12/2018,FFZ,AZ,AWP,WE,Towers with Radar,0,11,8,0,19,0,174,151,4,329,0,185,159,4,348,488,0,488,836
11/13/2018,FFZ,AZ,AWP,WE,Towers with Radar,0,7,12,0,19,0,202,137,12,351,0,209,149,12,370,436,0,436,806
11/14/2018,FFZ,AZ,AWP,WE,Towers with Radar,0,14,11,0,25,0,197,145,7,349,0,211,156,7,374,618,0,618,992
11/15/2018,FFZ,AZ,AWP,WE,Towers with Radar,0,9,19,0,28,0,201,148,12,361,0,210,167,12,389,524,0,524,913
11/16/2018,FFZ,AZ,AWP,WE,Towers with Radar,0,20,16,0,36,0,213,173,0,386,0,233,189,0,422,558,0,558,980
11/17/2018,FFZ,AZ,AWP,WE,Towers with Radar,0,15,11,0,26,0,182,213,0,395,0,197,224,0,421,582,0,582,1003
11/18/2018,FFZ,AZ,AWP,WE,Towers with Radar,0,14,9,0,23,0,202,168,1,371,0,216,177,1,394,452,0,452,846
11/19/2018,FFZ,AZ,AWP,WE,Towers with Radar,0,17,17,0,34,0,194,176,10,380,0,211,193,10,414,621,0,621,1035
11/20/2018,FFZ,AZ,AWP,WE,Towers with Radar,0,16,23,0,39,0,252,201,18,471,0,268,224,18,510,431,0,431,941
11/21/2018,FFZ,AZ,AWP,WE,Towers with Radar,0,4,9,0,13,0,240,168,8,416,0,244,177,8,429,525,0,525,954
11/22/2018,FFZ,AZ,AWP,WE,Towers with Radar,0,0,0,0,0,0,2,45,0,47,0,2,45,0,47,37,0,37,84
11/23/2018,FFZ,AZ,AWP,WE,Towers with Radar,0,6,9,0,15,0,101,199,0,300,0,107,208,0,315,278,0,278,593
11/24/2018,FFZ,AZ,AWP,WE,Towers with Radar,0,15,10,0,25,0,187,188,1,376,0,202,198,1,401,477,0,477,878
11/25/2018,FFZ,AZ,AWP,WE,Towers with Radar,0,20,12,0,32,0,160,134,0,294,0,180,146,0,326,371,0,371,697
11/26/2018,FFZ,AZ,AWP,WE,Towers with Radar,0,15,12,0,27,0,209,153,3,365,0,224,165,3,392,619,0,619,1011
11/27/2018,FFZ,AZ,AWP,WE,Towers with Radar,0,6,13,1,20,0,230,143,6,379,0,236,156,7,399,477,0,477,876
11/28/2018,FFZ,AZ,AWP,WE,Towers with Radar,0,9,14,4,27,0,240,191,6,437,0,249,205,10,464,614,0,614,1078
11/29/2018,FFZ,AZ,AWP,WE,Towers with Radar,0,7,11,0,18,0,201,178,6,385,0,208,189,6,403,688,0,688,1091
11/30/2018,FFZ,AZ,AWP,WE,Towers with Radar,0,8,10,0,18,0,198,98,5,301,0,206,108,5,319,666,0,666,985
12/01/2018,FFZ,AZ,AWP,WE,Towers with Radar,1,10,13,0,24,0,163,229,0,392,1,173,242,0,416,494,0,494,910
12/02/2018,FFZ,AZ,AWP,WE,Towers with Radar,1,15,17,0,33,0,164,168,1,333,1,179,185,1,366,392,0,392,758
12/03/2018,FFZ,AZ,AWP,WE,Towers with Radar,0,16,13,0,29,0,240,160,12,412,0,256,173,12,441,456,0,456,897
12/04/2018,FFZ,AZ,AWP,WE,Towers with Radar,0,19,19,0,38,0,192,164,6,362,0,211,183,6,400,676,0,676,1076
12/05/2018,FFZ,AZ,AWP,WE,Towers with Radar,0,11,9,0,20,0,209,162,16,387,0,220,171,16,407,799,0,799,1206
12/06/2018,FFZ,AZ,AWP,WE,Towers with Radar,0,12,7,0,19,0,119,88,10,217,0,131,95,10,236,647,0,647,883
12/07/2018,FFZ,AZ,AWP,WE,Towers with Radar,0,15,15,0,30,0,180,148,3,331,0,195,163,3,361,449,0,449,810
12/08/2018,FFZ,AZ,AWP,WE,Towers with Radar,0,10,12,0,22,0,98,181,0,279,0,108,193,0,301,417,0,417,718
12/09/2018,FFZ,AZ,AWP,WE,Towers with Radar,0,15,14,0,29,0,171,154,0,325,0,186,168,0,354,516,0,516,870
12/10/2018,FFZ,AZ,AWP,WE,Towers with Radar,0,15,17,0,32,0,192,141,17,350,0,207,158,17,382,644,0,644,1026
12/11/2018,FFZ,AZ,AWP,WE,Towers with Radar,0,17,20,0,37,0,220,155,12,387,0,237,175,12,424,542,0,542,966
12/12/2018,FFZ,AZ,AWP,WE,Towers with Radar,0,12,10,0,22,0,198,163,4,365,0,210,173,4,387,481,0,481,868
12/13/2018,FFZ,AZ,AWP,WE,Towers with Radar,0,12,14,1,27,0,220,192,2,414,0,232,206,3,441,505,0,505,946
12/14/2018,FFZ,AZ,AWP,WE,Towers with Radar,0,10,28,0,38,0,222,153,4,379,0,232,181,4,417,500,0,500,917
12/15/2018,FFZ,AZ,AWP,WE,Towers with Radar,0,18,11,0,29,0,158,204,58,420,0,176,215,58,449,414,0,414,863
12/16/2018,FFZ,AZ,AWP,WE,Towers with Radar,0,19,10,0,29,0,189,150,3,342,0,208,160,3,371,592,0,592,963
12/17/2018,FFZ,AZ,AWP,WE,Towers with Radar,0,22,15,0,37,0,219,153,3,375,0,241,168,3,412,631,0,631,1043
12/18/2018,FFZ,AZ,AWP,WE,Towers with Radar,0,13,10,0,23,0,197,137,8,342,0,210,147,8,365,438,0,438,803
12/19/2018,FFZ,AZ,AWP,WE,Towers with Radar,0,8,9,0,17,0,175,187,10,372,0,183,196,10,389,584,0,584,973
12/20/2018,FFZ,AZ,AWP,WE,Towers with Radar,0,11,15,2,28,0,207,168,3,378,0,218,183,5,406,340,0,340,746
12/21/2018,FFZ,AZ,AWP,WE,Towers with Radar,0,19,18,0,37,0,168,165,14,347,0,187,183,14,384,459,0,459,843
12/22/2018,FFZ,AZ,AWP,WE,Towers with Radar,0,19,14,0,33,0,158,201,2,361,0,177,215,2,394,413,0,413,807
12/23/2018,FFZ,AZ,AWP,WE,Towers with Radar,0,7,6,0,13,0,179,170,0,349,0,186,176,0,362,328,0,328,690
12/24/2018,FFZ,AZ,AWP,WE,Towers with Radar,0,5,2,0,7,0,90,94,0,184,0,95,96,0,191,242,0,242,433
12/25/2018,FFZ,AZ,AWP,WE,Towers with Radar,0,0,1,0,1,0,6,45,0,51,0,6,46,0,52,29,0,29,81
12/26/2018,FFZ,AZ,AWP,WE,Towers with Radar,0,6,11,0,17,0,44,154,0,198,0,50,165,0,215,262,0,262,477
12/27/2018,FFZ,AZ,AWP,WE,Towers with Radar,0,10,11,0,21,0,172,154,3,329,0,182,165,3,350,491,0,491,841
12/28/2018,FFZ,AZ,AWP,WE,Towers with Radar,0,9,15,0,24,0,141,188,1,330,0,150,203,1,354,367,0,367,721
12/29/2018,FFZ,AZ,AWP,WE,Towers with Radar,0,17,7,0,24,0,142,152,0,294,0,159,159,0,318,281,0,281,599
12/30/2018,FFZ,AZ,AWP,WE,Towers with Radar,0,15,8,0,23,0,165,113,0,278,0,180,121,0,301,408,0,408,709
12/31/2018,FFZ,AZ,AWP,WE,Towers with Radar,0,5,5,0,10,0,66,55,0,121,0,71,60,0,131,221,0,221,352
01/01/2019,FFZ,AZ,AWP,WE,Towers with Radar,0,0,4,0,4,0,0,72,1,73,0,0,76,1,77,44,0,44,121
01/02/2019,FFZ,AZ,AWP,WE,Towers with Radar,0,8,11,0,19,0,131,170,0,301,0,139,181,0,320,347,0,347,667
01/03/2019,FFZ,AZ,AWP,WE,Towers with Radar,0,13,21,0,34,0,139,122,3,264,0,152,143,3,298,367,0,367,665
01/04/2019,FFZ,AZ,AWP,WE,Towers with Radar,0,7,8,0,15,0,174,154,2,330,0,181,162,2,345,516,0,516,861
01/05/2019,FFZ,AZ,AWP,WE,Towers with Radar,0,7,8,0,15,0,182,205,0,387,0,189,213,0,402,419,0,419,821
01/06/2019,FFZ,AZ,AWP,WE,Towers with Radar,0,13,8,0,21,0,20,10,0,30,0,33,18,0,51,158,0,158,209
01/07/2019,FFZ,AZ,AWP,WE,Towers with Radar,0,17,13,0,30,0,178,163,4,345,0,195,176,4,375,463,0,463,838
01/08/2019,FFZ,AZ,AWP,WE,Towers with Radar,0,12,11,0,23,0,191,161,10,362,0,203,172,10,385,566,7,573,958
01/09/2019,FFZ,AZ,AWP,WE,Towers with Radar,0,9,13,0,22,0,186,140,8,334,0,195,153,8,356,673,0,673,1029
01/10/2019,FFZ,AZ,AWP,WE,Towers with Radar,0,10,11,0,21,0,208,139,7,354,0,218,150,7,375,730,0,730,1105
01/11/2019,FFZ,AZ,AWP,WE,Towers with Radar,0,7,14,0,21,0,169,175,3,347,0,176,189,3,368,593,0,593,961
01/12/2019,FFZ,AZ,AWP,WE,Towers with Radar,0,13,8,0,21,0,180,209,1,390,0,193,217,1,411,699,0,699,1110
01/13/2019,FFZ,AZ,AWP,WE,Towers with Radar,0,7,7,0,14,0,109,111,0,220,0,116,118,0,234,650,0,650,884
01/14/2019,FFZ,AZ,AWP,WE,Towers with Radar,0,10,13,0,23,0,184,114,8,306,0,194,127,8,329,659,0,659,988
01/15/2019,FFZ,AZ,AWP,WE,Towers with Radar,0,4,15,0,19,0,128,80,7,215,0,132,95,7,234,638,0,638,872
01/16/2019,FFZ,AZ,AWP,WE,Towers with Radar,0,7,9,0,16,0,183,160,7,350,0,190,169,7,366,730,0,730,1096
01/17/2019,FFZ,AZ,AWP,WE,Towers with Radar,0,8,17,0,25,0,210,163,6,379,0,218,180,6,404,587,0,587,991
01/18/2019,FFZ,AZ,AWP,WE,Towers with Radar,0,13,20,0,33,0,164,148,7,319,0,177,168,7,352,661,0,661,1013
01/19/2019,FFZ,AZ,AWP,WE,Towers with Radar,0,12,8,0,20,0,157,216,5,378,0,169,224,5,398,539,0,539,937
01/20/2019,FFZ,AZ,AWP,WE,Towers with Radar,0,3,8,0,11,0,193,148,0,341,0,196,156,0,352,553,0,553,905
01/21/2019,FFZ,AZ,AWP,WE,Towers with Radar,0,2,11,0,13,0,162,113,3,278,0,164,124,3,291,354,0,354,645
01/22/2019,FFZ,AZ,AWP,WE,Towers with Radar,0,3,7,0,10,0,194,206,1,401,0,197,213,1,411,801,0,801,1212
01/23/2019,FFZ,AZ,AWP,WE,Towers with Radar,0,9,8,0,17,0,234,175,3,412,0,243,183,3,429,795,0,795,1224
01/24/2019,FFZ,AZ,AWP,WE,Towers with Radar,0,10,12,0,22,0,216,163,7,386,0,226,175,7,408,857,0,857,1265
01/25/2019,FFZ,AZ,AWP,WE,Towers with Radar,0,6,21,0,27,0,269,216,14,499,0,275,237,14,526,778,0,778,1304
01/26/2019,FFZ,AZ,AWP,WE,Towers with Radar,0,6,7,0,13,0,199,267,6,472,0,205,274,6,485,601,6,607,1092
01/27/2019,FFZ,AZ,AWP,WE,Towers with Radar,0,5,13,0,18,0,186,197,4,387,0,191,210,4,405,707,0,707,1112
01/28/2019,FFZ,AZ,AWP,WE,Towers with Radar,0,11,11,0,22,0,246,164,13,423,0,257,175,13,445,704,0,704,1149
01/29/2019,FFZ,AZ,AWP,WE,Towers with Radar,0,11,10,0,21,0,239,159,7,405,0,250,169,7,426,902,0,902,1328
01/30/2019,FFZ,AZ,AWP,WE,Towers with Radar,0,10,21,0,31,0,212,178,11,401,0,222,199,11,432,787,0,787,1219
01/31/2019,FFZ,AZ,AWP,WE,Towers with Radar,0,6,16,0,22,0,247,188,6,441,0,253,204,6,463,883,0,883,1346
02/01/2019,FFZ,AZ,AWP,WE,Towers with Radar,0,9,10,0,19,0,238,172,4,414,0,247,182,4,433,697,0,697,1130
02/02/2019,FFZ,AZ,AWP,WE,Towers with Radar,0,5,13,0,18,0,204,177,0,381,0,209,190,0,399,451,0,451,850
02/03/2019,FFZ,AZ,AWP,WE,Towers with Radar,4,6,4,0,14,0,0,3,0,3,4,6,7,0,17,0,0,0,17
02/04/2019,FFZ,AZ,AWP,WE,Towers with Radar,0,9,11,0,20,0,90,104,6,200,0,99,115,6,220,637,0,637,857
02/05/2019,FFZ,AZ,AWP,WE,Towers with Radar,0,6,7,0,13,0,113,83,3,199,0,119,90,3,212,458,0,458,670
02/06/2019,FFZ,AZ,AWP,WE,Towers with Radar,0,9,8,0,17,0,195,129,2,326,0,204,137,2,343,606,0,606,949
02/07/2019,FFZ,AZ,AWP,WE,Towers with Radar,0,3,19,0,22,0,241,195,6,442,0,244,214,6,464,776,0,776,1240
02/08/2019,FFZ,AZ,AWP,WE,Towers with Radar,0,15,15,0,30,0,174,185,3,362,0,189,200,3,392,590,0,590,982
02/09/2019,FFZ,AZ,AWP,WE,Towers with Radar,0,13,14,0,27,0,183,214,6,403,0,196,228,6,430,622,0,622,1052
02/10/2019,FFZ,AZ,AWP,WE,Towers with Radar,0,6,18,0,24,0,177,150,1,328,0,183,168,1,352,670,0,670,1022
02/11/2019,FFZ,AZ,AWP,WE,Towers with Radar,0,7,11,0,18,0,218,165,3,386,0,225,176,3,404,745,0,745,1149
02/12/2019,FFZ,AZ,AWP,WE,Towers with Radar,0,9,8,0,17,0,223,180,4,407,0,232,188,4,424,853,0,853,1277
02/13/2019,FFZ,AZ,AWP,WE,Towers with Radar,0,6,20,0,26,0,194,178,8,380,0,200,198,8,406,743,0,743,1149
02/14/2019,FFZ,AZ,AWP,WE,Towers with Radar,0,17,15,0,32,0,64,41,4,109,0,81,56,4,141,411,0,411,552
02/15/2019,FFZ,AZ,AWP,WE,Towers with Radar,0,17,25,0,42,0,144,160,3,307,0,161,185,3,349,632,0,632,981
02/16/2019,FFZ,AZ,AWP,WE,Towers with Radar,0,6,9,0,15,0,177,156,3,336,0,183,165,3,351,448,0,448,799
02/17/2019,FFZ,AZ,AWP,WE,Towers with Radar,0,7,12,0,19,0,174,135,0,309,0,181,147,0,328,569,0,569,897
02/18/2019,FFZ,AZ,AWP,WE,Towers with Radar,0,1,11,0,12,0,53,73,3,129,0,54,84,3,141,440,0,440,581
02/19/2019,FFZ,AZ,AWP,WE,Towers with Radar,0,9,17,0,26,0,195,189,17,401,0,204,206,17,427,735,0,735,1162
02/20/2019,FFZ,AZ,AWP,WE,Towers with Radar,0,6,8,0,14,0,208,238,19,465,0,214,246,19,479,950,0,950,1429
02/21/2019,FFZ,AZ,AWP,WE,Towers with Radar,0,3,1,0,4,0,0,1,3,4,0,3,2,3,8,28,0,28,36
02/22/2019,FFZ,AZ,AWP,WE,Towers with Radar,0,1,7,0,8,0,3,16,5,24,0,4,23,5,32,107,0,107,139
02/23/2019,FFZ,AZ,AWP,WE,Towers with Radar,0,6,15,0,21,0,204,243,8,455,0,210,258,8,476,548,0,548,1024
02/24/2019,FFZ,AZ,AWP,WE,Towers with Radar,0,9,22,0,31,0,243,189,0,432,0,252,211,0,463,554,0,554,1017
02/25/2019,FFZ,AZ,AWP,WE,Towers with Radar,0,6,24,0,30,0,271,189,19,479,0,277,213,19,509,760,0,760,1269
02/26/2019,FFZ,AZ,AWP,WE,Towers with Radar,0,4,20,0,24,0,226,193,11,430,0,230,213,11,454,852,0,852,1306
02/27/2019,FFZ,AZ,AWP,WE,Towers with Radar,0,5,17,0,22,0,223,198,9,430,0,228,215,9,452,864,0,864,1316
02/28/2019,FFZ,AZ,AWP,WE,Towers with Radar,0,10,23,0,33,0,228,198,7,433,0,238,221,7,466,776,0,776,1242
03/01/2019,FFZ,AZ,AWP,WE,Towers with Radar,0,7,28,0,35,0,218,218,9,445,0,225,246,9,480,640,0,640,1120
03/02/2019,FFZ,AZ,AWP,WE,Towers with Radar,0,8,19,0,27,0,141,200,0,341,0,149,219,0,368,500,0,500,868
03/03/2019,FFZ,AZ,AWP,WE,Towers with Radar,0,11,5,0,16,0,154,182,1,337,0,165,187,1,353,499,0,499,852
03/04/2019,FFZ,AZ,AWP,WE,Towers with Radar,0,7,20,0,27,0,216,162,7,385,0,223,182,7,412,769,0,769,1181
03/05/2019,FFZ,AZ,AWP,WE,Towers with Radar,0,10,21,0,31,0,206,164,7,377,0,216,185,7,408,513,0,513,921
03/06/2019,FFZ,AZ,AWP,WE,Towers with Radar,0,7,15,0,22,0,191,151,9,351,0,198,166,9,373,456,0,456,829
03/07/2019,FFZ,AZ,AWP,WE,Towers with Radar,0,11,23,0,34,0,187,163,9,359,0,198,186,9,393,605,0,605,998
03/08/2019,FFZ,AZ,AWP,WE,Towers with Radar,0,6,16,0,22,0,155,131,2,288,0,161,147,2,310,563,0,563,873
03/09/2019,FFZ,AZ,AWP,WE,Towers with Radar,0,7,20,0,27,0,181,237,1,419,0,188,257,1,446,549,0,549,995
03/10/2019,FFZ,AZ,AWP,WE,Towers with Radar,0,4,17,0,21,0,157,182,0,339,0,161,199,0,360,454,0,454,814
03/11/2019,FFZ,AZ,AWP,WE,Towers with Radar,0,12,13,0,25,0,166,110,2,278,0,178,123,2,303,493,0,493,796
03/12/2019,FFZ,AZ,AWP,WE,Towers with Radar,0,5,7,0,12,0,40,49,7,96,0,45,56,7,108,368,0,368,476
03/13/2019,FFZ,AZ,AWP,WE,Towers with Radar,0,2,6,0,8,0,72,36,14,122,0,74,42,14,130,144,0,144,274
03/14/2019,FFZ,AZ,AWP,WE,Towers with Radar,0,12,22,0,34,0,256,250,12,518,0,268,272,12,552,721,0,721,1273
03/15/2019,FFZ,AZ,AWP,WE,Towers with Radar,0,2,18,0,20,0,182,175,10,367,0,184,193,10,387,508,0,508,895
03/16/2019,FFZ,AZ,AWP,WE,Towers with Radar,0,5,11,0,16,0,130,164,0,294,0,135,175,0,310,437,0,437,747
03/17/2019,FFZ,AZ,AWP,WE,Towers with Radar,0,8,17,0,25,0,203,192,0,395,0,211,209,0,420,537,0,537,957
03/18/2019,FFZ,AZ,AWP,WE,Towers with Radar,0,12,19,0,31,0,243,207,3,453,0,255,226,3,484,711,0,711,1195
03/19/2019,FFZ,AZ,AWP,WE,Towers with Radar,0,7,19,0,26,0,232,215,11,458,0,239,234,11,484,639,0,639,1123
03/20/2019,FFZ,AZ,AWP,WE,Towers with Radar,0,8,24,0,32,0,189,163,11,363,0,197,187,11,395,512,0,512,907
03/21/2019,FFZ,AZ,AWP,WE,Towers with Radar,0,12,17,0,29,0,225,118,16,359,0,237,135,16,388,614,0,614,1002
03/22/2019,FFZ,AZ,AWP,WE,Towers with Radar,0,2,31,0,33,0,300,180,2,482,0,302,211,2,515,788,0,788,1303
03/23/2019,FFZ,AZ,AWP,WE,Towers with Radar,0,6,27,0,33,0,230,232,3,465,0,236,259,3,498,617,0,617,1115
03/24/2019,FFZ,AZ,AWP,WE,Towers with Radar,0,14,11,0,25,0,178,214,0,392,0,192,225,0,417,579,0,579,996
03/25/2019,FFZ,AZ,AWP,WE,Towers with Radar,0,6,18,0,24,0,281,179,5,465,0,287,197,5,489,603,0,603,1092
03/26/2019,FFZ,AZ,AWP,WE,Towers with Radar,0,12,7,0,19,0,276,183,14,473,0,288,190,14,492,719,0,719,1211
03/27/2019,FFZ,AZ,AWP,WE,Towers with Radar,0,3,20,0,23,0,261,196,3,460,0,264,216,3,483,753,0,753,1236
03/28/2019,FFZ,AZ,AWP,WE,Towers with Radar,0,6,18,0,24,0,256,201,7,464,0,262,219,7,488,670,0,670,1158
03/29/2019,FFZ,AZ,AWP,WE,Towers with Radar,0,2,14,2,18,0,217,204,17,438,0,219,218,19,456,583,0,583,1039
03/30/2019,FFZ,AZ,AWP,WE,Towers with Radar,0,8,18,0,26,0,194,308,12,514,0,202,326,12,540,354,0,354,894
03/31/2019,FFZ,AZ,AWP,WE,Towers with Radar,0,8,19,0,27,0,164,181,0,345,0,172,200,0,372,506,0,506,878
04/01/2019,FFZ,AZ,AWP,WE,Towers with Radar,0,2,17,0,19,0,195,159,9,363,0,197,176,9,382,541,0,541,923
04/02/2019,FFZ,AZ,AWP,WE,Towers with Radar,0,8,16,0,24,0,202,154,2,358,0,210,170,2,382,617,0,617,999
04/03/2019,FFZ,AZ,AWP,WE,Towers with Radar,0,10,30,0,40,0,228,192,1,421,0,238,222,1,461,715,0,715,1176
04/04/2019,FFZ,AZ,AWP,WE,Towers with Radar,0,8,15,0,23,0,207,162,5,374,0,215,177,5,397,690,0,690,1087
04/05/2019,FFZ,AZ,AWP,WE,Towers with Radar,0,4,17,0,21,0,161,214,1,376,0,165,231,1,397,660,0,660,1057
04/06/2019,FFZ,AZ,AWP,WE,Towers with Radar,0,7,14,0,21,0,117,175,0,292,0,124,189,0,313,569,0,569,882
04/07/2019,FFZ,AZ,AWP,WE,Towers with Radar,0,5,17,0,22,0,120,177,0,297,0,125,194,0,319,558,0,558,877
04/08/2019,FFZ,AZ,AWP,WE,Towers with Radar,0,5,17,0,22,0,182,188,2,372,0,187,205,2,394,761,0,761,1155
04/09/2019,FFZ,AZ,AWP,WE,Towers with Radar,0,8,16,0,24,0,159,90,8,257,0,167,106,8,281,542,0,542,823
04/10/2019,FFZ,AZ,AWP,WE,Towers with Radar,0,4,7,0,11,0,62,50,1,113,0,66,57,1,124,187,0,187,311
04/11/2019,FFZ,AZ,AWP,WE,Towers with Radar,0,13,22,0,35,0,237,157,5,399,0,250,179,5,434,537,0,537,971
04/12/2019,FFZ,AZ,AWP,WE,Towers with Radar,0,5,22,0,27,0,219,197,2,418,0,224,219,2,445,745,0,745,1190
04/13/2019,FFZ,AZ,AWP,WE,Towers with Radar,0,10,15,0,25,0,227,257,8,492,0,237,272,8,517,561,0,561,1078
04/14/2019,FFZ,AZ,AWP,WE,Towers with Radar,0,3,16,0,19,0,202,156,0,358,0,205,172,0,377,562,0,562,939
04/15/2019,FFZ,AZ,AWP,WE,Towers with Radar,0,7,8,0,15,0,192,122,3,317,0,199,130,3,332,596,0,596,928
04/16/2019,FFZ,AZ,AWP,WE,Towers with Radar,0,8,7,0,15,0,132,106,0,238,0,140,113,0,253,395,0,395,648
04/17/2019,FFZ,AZ,AWP,WE,Towers with Radar,0,10,5,0,15,0,171,139,11,321,0,181,144,11,336,663,0,663,999
04/18/2019,FFZ,AZ,AWP,WE,Towers with Radar,0,5,11,2,18,0,234,183,8,425,0,239,194,10,443,768,0,768,1211
04/19/2019,FFZ,AZ,AWP,WE,Towers with Radar,0,6,19,0,25,0,211,191,2,404,0,217,210,2,429,581,0,581,1010
04/20/2019,FFZ,AZ,AWP,WE,Towers with Radar,0,4,13,0,17,0,169,176,4,349,0,173,189,4,366,341,0,341,707
04/21/2019,FFZ,AZ,AWP,WE,Towers with Radar,0,7,16,0,23,0,198,132,0,330,0,205,148,0,353,304,0,304,657
04/22/2019,FFZ,AZ,AWP,WE,Towers with Radar,0,3,19,0,22,0,179,157,3,339,0,182,176,3,361,456,0,456,817
04/23/2019,FFZ,AZ,AWP,WE,Towers with Radar,0,4,14,0,18,0,145,111,3,259,0,149,125,3,277,420,0,420,697
04/24/2019,FFZ,AZ,AWP,WE,Towers with Radar,0,4,17,0,21,0,239,205,6,450,0,243,222,6,471,645,0,645,1116
04/25/2019,FFZ,AZ,AWP,WE,Towers with Radar,0,8,11,0,19,0,221,184,4,409,0,229,195,4,428,563,0,563,991
04/26/2019,FFZ,AZ,AWP,WE,Towers with Radar,0,9,23,0,32,0,215,160,11,386,0,224,183,11,418,503,0,503,921
04/27/2019,FFZ,AZ,AWP,WE,Towers with Radar,0,10,8,0,18,0,175,188,8,371,0,185,196,8,389,434,0,434,823
04/28/2019,FFZ,AZ,AWP,WE,Towers with Radar,0,5,14,0,19,0,203,172,1,376,0,208,186,1,395,490,0,490,885
04/29/2019,FFZ,AZ,AWP,WE,Towers with Radar,0,4,5,0,9,0,109,61,7,177,0,113,66,7,186,217,0,217,403
04/30/2019,FFZ,AZ,AWP,WE,Towers with Radar,0,9,24,0,33,0,179,150,9,338,0,188,174,9,371,789,0,789,1160
05/01/2019,FFZ,AZ,AWP,WE,Towers with Radar,0,17,19,2,38,0,190,169,5,364,0,207,188,7,402,619,0,619,1021
05/02/2019,FFZ,AZ,AWP,WE,Towers with Radar,0,9,17,0,26,0,208,156,4,368,0,217,173,4,394,681,0,681,1075
05/03/2019,FFZ,AZ,AWP,WE,Towers with Radar,0,13,11,0,24,0,200,144,14,358,0,213,155,14,382,687,0,687,1069
05/04/2019,FFZ,AZ,AWP,WE,Towers with Radar,0,14,15,1,30,0,208,172,0,380,0,222,187,1,410,767,0,767,1177
05/05/2019,FFZ,AZ,AWP,WE,Towers with Radar,0,6,18,0,24,0,196,117,0,313,0,202,135,0,337,619,0,619,956
05/06/2019,FFZ,AZ,AWP,WE,Towers with Radar,0,11,17,0,28,0,209,130,22,361,0,220,147,22,389,710,0,710,1099
05/07/2019,FFZ,AZ,AWP,WE,Towers with Radar,0,11,17,2,30,0,197,129,13,339,0,208,146,15,369,823,0,823,1192
05/08/2019,FFZ,AZ,AWP,WE,Towers with Radar,0,5,6,0,11,0,165,109,7,281,0,170,115,7,292,506,0,506,798
05/09/2019,FFZ,AZ,AWP,WE,Towers with Radar,0,10,19,0,29,0,206,160,3,369,0,216,179,3,398,733,0,733,1131
05/10/2019,FFZ,AZ,AWP,WE,Towers with Radar,0,10,21,0,31,0,231,151,3,385,0,241,172,3,416,674,0,674,1090
05/11/2019,FFZ,AZ,AWP,WE,Towers with Radar,0,4,12,0,16,0,166,150,2,318,0,170,162,2,334,708,0,708,1042
05/12/2019,FFZ,AZ,AWP,WE,Towers with Radar,0,6,14,0,20,0,131,111,0,242,0,137,125,0,262,507,0,507,769
05/13/2019,FFZ,AZ,AWP,WE,Towers with Radar,0,9,20,0,29,0,224,161,3,388,0,233,181,3,417,642,0,642,1059
05/14/2019,FFZ,AZ,AWP,WE,Towers with Radar,0,12,26,0,38,0,206,148,4,358,0,218,174,4,396,695,0,695,1091
05/15/2019,FFZ,AZ,AWP,WE,Towers with Radar,0,7,18,0,25,0,213,146,12,371,0,220,164,12,396,658,0,658,1054
05/16/2019,FFZ,AZ,AWP,WE,Towers with Radar,0,2,10,0,12,0,114,70,5,189,0,116,80,5,201,170,0,170,371
05/17/2019,FFZ,AZ,AWP,WE,Towers with Radar,0,15,15,1,31,0,270,145,4,419,0,285,160,5,450,521,0,521,971
05/18/2019,FFZ,AZ,AWP,WE,Towers with Radar,0,6,14,0,20,0,189,184,12,385,0,195,198,12,405,680,10,690,1095
05/19/2019,FFZ,AZ,AWP,WE,Towers with Radar,0,10,10,0,20,0,205,111,4,320,0,215,121,4,340,447,0,447,787
05/20/2019,FFZ,AZ,AWP,WE,Towers with Radar,0,7,7,0,14,0,149,98,4,251,0,156,105,4,265,362,0,362,627
05/21/2019,FFZ,AZ,AWP,WE,Towers with Radar,0,11,9,0,20,0,165,83,8,256,0,176,92,8,276,382,0,382,658
05/22/2019,FFZ,AZ,AWP,WE,Towers with Radar,0,12,21,0,33,0,191,112,12,315,0,203,133,12,348,407,0,407,755
05/23/2019,FFZ,AZ,AWP,WE,Towers with Radar,0,9,22,0,31,0,242,137,2,381,0,251,159,2,412,742,0,742,1154
05/24/2019,FFZ,AZ,AWP,WE,Towers with Radar,0,11,20,0,31,0,244,184,8,436,0,255,204,8,467,592,0,592,1059
05/25/2019,FFZ,AZ,AWP,WE,Towers with Radar,0,10,15,0,25,0,210,144,3,357,0,220,159,3,382,538,0,538,920
05/26/2019,FFZ,AZ,AWP,WE,Towers with Radar,0,7,4,0,11,0,199,106,0,305,0,206,110,0,316,345,0,345,661
05/27/2019,FFZ,AZ,AWP,WE,Towers with Radar,0,10,18,0,28,0,177,167,3,347,0,187,185,3,375,451,0,451,826
05/28/2019,FFZ,AZ,AWP,WE,Towers with Radar,0,8,28,0,36,0,227,153,0,380,0,235,181,0,416,574,0,574,990
05/29/2019,FFZ,AZ,AWP,WE,Towers with Radar,0,18,23,0,41,0,205,182,5,392,0,223,205,5,433,619,0,619,1052
05/30/2019,FFZ,AZ,AWP,WE,Towers with Radar,0,11,14,0,25,0,236,149,6,391,0,247,163,6,416,652,0,652,1068
05/31/2019,FFZ,AZ,AWP,WE,Towers with Radar,0,2,17,0,19,0,270,143,7,420,0,272,160,7,439,604,0,604,1043
06/01/2019,FFZ,AZ,AWP,WE,Towers with Radar,0,9,6,0,15,0,221,147,5,373,0,230,153,5,388,497,0,497,885
06/02/2019,FFZ,AZ,AWP,WE,Towers with Radar,0,2,15,0,17,0,213,136,0,349,0,215,151,0,366,462,0,462,828
06/03/2019,FFZ,AZ,AWP,WE,Towers with Radar,0,19,20,0,39,0,245,123,9,377,0,264,143,9,416,555,0,555,971
06/04/2019,FFZ,AZ,AWP,WE,Towers with Radar,0,8,14,0,22,0,254,124,10,388,0,262,138,10,410,479,0,479,889
06/05/2019,FFZ,AZ,AWP,WE,Towers with Radar,0,12,8,0,20,0,227,132,7,366,0,239,140,7,386,630,0,630,1016
06/06/2019,FFZ,AZ,AWP,WE,Towers with Radar,0,8,15,0,23,0,230,136,10,376,0,238,151,10,399,594,0,594,993
06/07/2019,FFZ,AZ,AWP,WE,Towers with Radar,0,5,14,0,19,0,227,146,10,383,0,232,160,10,402,614,0,614,1016
06/08/2019,FFZ,AZ,AWP,WE,Towers with Radar,0,6,10,0,16,0,241,192,0,433,0,247,202,0,449,714,0,714,1163
06/09/2019,FFZ,AZ,AWP,WE,Towers with Radar,0,9,7,0,16,0,204,120,0,324,0,213,127,0,340,595,0,595,935
06/10/2019,FFZ,AZ,AWP,WE,Towers with Radar,0,11,14,0,25,0,230,118,6,354,0,241,132,6,379,616,0,616,995
06/11/2019,FFZ,AZ,AWP,WE,Towers with Radar,0,8,12,0,20,0,257,146,14,417,0,265,158,14,437,452,0,452,889
06/12/2019,FFZ,AZ,AWP,WE,Towers with Radar,0,8,22,0,30,0,185,139,8,332,0,193,161,8,362,547,0,547,909
06/13/2019,FFZ,AZ,AWP,WE,Towers with Radar,0,12,8,0,20,0,221,172,12,405,0,233,180,12,425,596,0,596,1021
06/14/2019,FFZ,AZ,AWP,WE,Towers with Radar,0,9,10,0,19,0,176,163,4,343,0,185,173,4,362,505,0,505,867
06/15/2019,FFZ,AZ,AWP,WE,Towers with Radar,0,10,14,0,24,0,195,160,3,358,0,205,174,3,382,648,0,648,1030
06/16/2019,FFZ,AZ,AWP,WE,Towers with Radar,0,11,12,0,23,0,165,123,0,288,0,176,135,0,311,670,0,670,981
06/17/2019,FFZ,AZ,AWP,WE,Towers with Radar,0,11,17,1,29,0,260,158,4,422,0,271,175,5,451,660,0,660,1111
06/18/2019,FFZ,AZ,AWP,WE,Towers with Radar,0,8,13,0,21,0,184,155,9,348,0,192,168,9,369,735,0,735,1104
06/19/2019,FFZ,AZ,AWP,WE,Towers with Radar,0,6,14,0,20,0,248,179,4,431,0,254,193,4,451,625,0,625,1076
06/20/2019,FFZ,AZ,AWP,WE,Towers with Radar,1,7,11,0,19,0,217,160,4,381,1,224,171,4,400,605,2,607,1007
06/21/2019,FFZ,AZ,AWP,WE,Towers with Radar,0,17,13,0,30,0,197,138,9,344,0,214,151,9,374,492,0,492,866
06/22/2019,FFZ,AZ,AWP,WE,Towers with Radar,0,8,14,0,22,0,196,191,2,389,0,204,205,2,411,581,0,581,992
06/23/2019,FFZ,AZ,AWP,WE,Towers with Radar,0,9,25,0,34,0,181,174,1,356,0,190,199,1,390,452,0,452,842
06/24/2019,FFZ,AZ,AWP,WE,Towers with Radar,0,10,24,0,34,0,241,140,11,392,0,251,164,11,426,693,0,693,1119
06/25/2019,FFZ,AZ,AWP,WE,Towers with Radar,0,10,13,0,23,0,196,162,13,371,0,206,175,13,394,638,0,638,1032
06/26/2019,FFZ,AZ,AWP,WE,Towers with Radar,0,4,9,0,13,0,260,134,13,407,0,264,143,13,420,594,0,594,1014
06/27/2019,FFZ,AZ,AWP,WE,Towers with Radar,0,12,17,0,29,0,203,132,9,344,0,215,149,9,373,607,0,607,980
06/28/2019,FFZ,AZ,AWP,WE,Towers with Radar,1,4,7,0,12,0,194,152,6,352,1,198,159,6,364,691,0,691,1055
06/29/2019,FFZ,AZ,AWP,WE,Towers with Radar,0,6,12,0,18,0,221,164,4,389,0,227,176,4,407,524,0,524,931
06/30/2019,FFZ,AZ,AWP,WE,Towers with Radar,0,3,11,0,14,0,195,100,2,297,0,198,111,2,311,464,0,464,775
07/01/2019,FFZ,AZ,AWP,WE,Towers with Radar,0,4,16,0,20,0,177,105,8,290,0,181,121,8,310,528,0,528,838
07/02/2019,FFZ,AZ,AWP,WE,Towers with Radar,0,7,18,0,25,0,188,98,13,299,0,195,116,13,324,536,0,536,860
07/03/2019,FFZ,AZ,AWP,WE,Towers with Radar,0,4,14,0,18,0,204,129,4,337,0,208,143,4,355,559,0,559,914
07/04/2019,FFZ,AZ,AWP,WE,Towers with Radar,0,5,16,0,21,0,6,120,0,126,0,11,136,0,147,82,0,82,229
07/05/2019,FFZ,AZ,AWP,WE,Towers with Radar,0,0,15,0,15,0,209,116,4,329,0,209,131,4,344,540,0,540,884
07/06/2019,FFZ,AZ,AWP,WE,Towers with Radar,0,6,18,0,24,0,214,134,0,348,0,220,152,0,372,547,0,547,919
07/07/2019,FFZ,AZ,AWP,WE,Towers with Radar,0,1,8,0,9,0,173,102,0,275,0,174,110,0,284,369,0,369,653
07/08/2019,FFZ,AZ,AWP,WE,Towers with Radar,0,4,17,0,21,0,168,114,12,294,0,172,131,12,315,494,0,494,809
07/09/2019,FFZ,AZ,AWP,WE,Towers with Radar,0,7,13,0,20,0,241,144,9,394,0,248,157,9,414,608,0,608,1022
07/10/2019,FFZ,AZ,AWP,WE,Towers with Radar,0,6,10,0,16,0,195,163,8,366,0,201,173,8,382,614,0,614,996
07/11/2019,FFZ,AZ,AWP,WE,Towers with Radar,0,2,8,0,10,0,151,98,9,258,0,153,106,9,268,572,0,572,840
07/12/2019,FFZ,AZ,AWP,WE,Towers with Radar,0,5,10,0,15,0,203,129,10,342,0,208,139,10,357,597,0,597,954
07/13/2019,FFZ,AZ,AWP,WE,Towers with Radar,0,7,5,0,12,0,200,120,5,325,0,207,125,5,337,624,0,624,961
07/14/2019,FFZ,AZ,AWP,WE,Towers with Radar,0,5,14,0,19,0,201,120,0,321,0,206,134,0,340,436,0,436,776
07/15/2019,FFZ,AZ,AWP,WE,Towers with Radar,0,10,9,0,19,0,187,103,12,302,0,197,112,12,321,457,0,457,778
07/16/2019,FFZ,AZ,AWP,WE,Towers with Radar,0,9,17,0,26,0,193,93,3,289,0,202,110,3,315,403,0,403,718
07/17/2019,FFZ,AZ,AWP,WE,Towers with Radar,0,11,28,0,39,0,224,101,11,336,0,235,129,11,375,690,0,690,1065
07/18/2019,FFZ,AZ,AWP,WE,Towers with Radar,0,9,22,0,31,0,202,94,9,305,0,211,116,9,336,596,0,596,932
07/19/2019,FFZ,AZ,AWP,WE,Towers with Radar,0,6,6,0,12,0,240,114,9,363,0,246,120,9,375,529,0,529,904
07/20/2019,FFZ,AZ,AWP,WE,Towers with Radar,0,12,8,0,20,0,202,130,2,334,0,214,138,2,354,660,0,660,1014
07/21/2019,FFZ,AZ,AWP,WE,Towers with Radar,0,11,8,0,19,0,191,121,2,314,0,202,129,2,333,515,0,515,848
07/22/2019,FFZ,AZ,AWP,WE,Towers with Radar,0,9,14,0,23,0,172,114,12,298,0,181,128,12,321,468,0,468,789
07/23/2019,FFZ,AZ,AWP,WE,Towers with Radar,0,7,8,0,15,0,201,98,5,304,0,208,106,5,319,507,0,507,826
07/24/2019,FFZ,AZ,AWP,WE,Towers with Radar,0,19,15,0,34,0,196,102,13,311,0,215,117,13,345,500,0,500,845
07/25/2019,FFZ,AZ,AWP,WE,Towers with Radar,0,17,15,0,32,0,225,111,9,345,0,242,126,9,377,498,0,498,875
07/26/2019,FFZ,AZ,AWP,WE,Towers with Radar,0,32,25,2,59,0,207,113,15,335,0,239,138,17,394,544,0,544,938
07/27/2019,FFZ,AZ,AWP,WE,Towers with Radar,0,12,7,0,19,0,209,121,7,337,0,221,128,7,356,506,0,506,862
07/28/2019,FFZ,AZ,AWP,WE,Towers with Radar,0,11,5,0,16,0,206,103,10,319,0,217,108,10,335,462,0,462,797
07/29/2019,FFZ,AZ,AWP,WE,Towers with Radar,0,11,16,0,27,0,208,92,4,304,0,219,108,4,331,599,0,599,930
07/30/2019,FFZ,AZ,AWP,WE,Towers with Radar,0,3,15,0,18,0,182,88,17,287,0,185,103,17,305,500,0,500,805
07/31/2019,FFZ,AZ,AWP,WE,Towers with Radar,1,16,14,1,32,0,120,89,15,224,1,136,103,16,256,598,0,598,854
08/01/2019,FFZ,AZ,AWP,WE,Towers with Radar,0,14,4,0,18,0,227,119,10,356,0,241,123,10,374,562,4,566,940
08/02/2019,FFZ,AZ,AWP,WE,Towers with Radar,0,14,5,0,19,0,238,130,5,373,0,252,135,5,392,597,0,597,989
08/03/2019,FFZ,AZ,AWP,WE,Towers with Radar,0,7,6,0,13,0,165,141,5,311,0,172,147,5,324,394,0,394,718
08/04/2019,FFZ,AZ,AWP,WE,Towers with Radar,0,7,10,0,17,0,168,123,1,292,0,175,133,1,309,584,0,584,893
08/05/2019,FFZ,AZ,AWP,WE,Towers with Radar,0,3,6,0,9,0,142,90,5,237,0,145,96,5,246,456,0,456,702
08/06/2019,FFZ,AZ,AWP,WE,Towers with Radar,0,10,12,0,22,0,201,105,7,313,0,211,117,7,335,555,0,555,890
08/07/2019,FFZ,AZ,AWP,WE,Towers with Radar,0,7,10,0,17,0,169,128,4,301,0,176,138,4,318,507,0,507,825
08/08/2019,FFZ,AZ,AWP,WE,Towers with Radar,0,11,15,0,26,0,212,156,6,374,0,223,171,6,400,642,0,642,1042
08/09/2019,FFZ,AZ,AWP,WE,Towers with Radar,0,9,11,0,20,0,235,123,6,364,0,244,134,6,384,697,0,697,1081
08/10/2019,FFZ,AZ,AWP,WE,Towers with Radar,0,6,10,0,16,0,183,144,4,331,0,189,154,4,347,414,0,414,761
08/11/2019,FFZ,AZ,AWP,WE,Towers with Radar,0,11,11,0,22,0,193,117,0,310,0,204,128,0,332,519,0,519,851
08/12/2019,FFZ,AZ,AWP,WE,Towers with Radar,0,16,17,0,33,0,178,105,6,289,0,194,122,6,322,588,0,588,910
08/13/2019,FFZ,AZ,AWP,WE,Towers with Radar,0,15,17,0,32,0,215,103,11,329,0,230,120,11,361,503,0,503,864
08/14/2019,FFZ,AZ,AWP,WE,Towers with Radar,0,11,15,0,26,0,224,150,9,383,0,235,165,9,409,503,0,503,912
08/15/2019,FFZ,AZ,AWP,WE,Towers with Radar,0,13,10,0,23,0,205,125,6,336,0,218,135,6,359,413,0,413,772
08/16/2019,FFZ,AZ,AWP,WE,Towers with Radar,0,9,8,0,17,0,225,104,12,341,0,234,112,12,358,507,0,507,865
08/17/2019,FFZ,AZ,AWP,WE,Towers with Radar,0,7,13,0,20,0,163,158,1,322,0,170,171,1,342,604,0,604,946
08/18/2019,FFZ,AZ,AWP,WE,Towers with Radar,0,10,17,0,27,0,169,118,1,288,0,179,135,1,315,517,0,517,832
08/19/2019,FFZ,AZ,AWP,WE,Towers with Radar,0,9,13,0,22,0,228,135,10,373,0,237,148,10,395,392,0,392,787
08/20/2019,FFZ,AZ,AWP,WE,Towers with Radar,0,10,15,0,25,0,197,136,8,341,0,207,151,8,366,535,0,535,901
08/21/2019,FFZ,AZ,AWP,WE,Towers with Radar,0,13,12,0,25,0,214,93,4,311,0,227,105,4,336,536,0,536,872
08/22/2019,FFZ,AZ,AWP,WE,Towers with Radar,0,9,8,0,17,0,210,112,5,327,0,219,120,5,344,531,0,531,875
08/23/2019,FFZ,AZ,AWP,WE,Towers with Radar,0,11,8,0,19,0,240,126,5,371,0,251,134,5,390,571,0,571,961
08/24/2019,FFZ,AZ,AWP,WE,Towers with Radar,0,18,12,0,30,0,196,134,4,334,0,214,146,4,364,498,0,498,862
08/25/2019,FFZ,AZ,AWP,WE,Towers with Radar,0,20,17,0,37,0,186,111,1,298,0,206,128,1,335,446,0,446,781
08/26/2019,FFZ,AZ,AWP,WE,Towers with Radar,0,5,19,0,24,0,230,105,5,340,0,235,124,5,364,580,0,580,944
08/27/2019,FFZ,AZ,AWP,WE,Towers with Radar,0,13,9,0,22,0,223,110,5,338,0,236,119,5,360,438,0,438,798
08/28/2019,FFZ,AZ,AWP,WE,Towers with Radar,0,15,12,0,27,0,210,145,2,357,0,225,157,2,384,431,0,431,815
08/29/2019,FFZ,AZ,AWP,WE,Towers with Radar,0,29,20,0,49,0,214,113,3,330,0,243,133,3,379,445,0,445,824
08/30/2019,FFZ,AZ,AWP,WE,Towers with Radar,0,9,10,0,19,0,184,109,7,300,0,193,119,7,319,511,0,511,830
08/31/2019,FFZ,AZ,AWP,WE,Towers with Radar,0,15,9,0,24,0,201,119,0,320,0,216,128,0,344,521,0,521,865
09/01/2019,FFZ,AZ,AWP,WE,Towers with Radar,1,5,5,0,11,0,149,106,0,255,1,154,111,0,266,414,0,414,680
09/02/2019,FFZ,AZ,AWP,WE,Towers with Radar,0,6,11,0,17,0,142,136,0,278,0,148,147,0,295,442,0,442,737
09/03/2019,FFZ,AZ,AWP,WE,Towers with Radar,0,15,8,0,23,0,205,121,4,330,0,220,129,4,353,530,0,530,883
09/04/2019,FFZ,AZ,AWP,WE,Towers with Radar,0,5,10,0,15,0,210,121,12,343,0,215,131,12,358,519,0,519,877
09/05/2019,FFZ,AZ,AWP,WE,Towers with Radar,0,7,4,0,11,0,214,129,15,358,0,221,133,15,369,371,0,371,740
09/06/2019,FFZ,AZ,AWP,WE,Towers with Radar,0,16,6,0,22,0,198,141,4,343,0,214,147,4,365,505,0,505,870
09/07/2019,FFZ,AZ,AWP,WE,Towers with Radar,0,10,8,0,18,0,226,129,3,358,0,236,137,3,376,573,0,573,949
09/08/2019,FFZ,AZ,AWP,WE,Towers with Radar,0,11,11,0,22,0,216,113,0,329,0,227,124,0,351,558,0,558,909
09/09/2019,FFZ,AZ,AWP,WE,Towers with Radar,0,16,23,0,39,0,203,105,5,313,0,219,128,5,352,585,0,585,937
09/10/2019,FFZ,AZ,AWP,WE,Towers with Radar,0,13,8,0,21,0,156,107,2,265,0,169,115,2,286,524,0,524,810
09/11/2019,FFZ,AZ,AWP,WE,Towers with Radar,0,23,15,0,38,0,189,117,5,311,0,212,132,5,349,749,0,749,1098
09/12/2019,FFZ,AZ,AWP,WE,Towers with Radar,0,8,12,0,20,0,214,116,3,333,0,222,128,3,353,578,0,578,931
09/13/2019,FFZ,AZ,AWP,WE,Towers with Radar,0,17,17,0,34,0,242,155,10,407,0,259,172,10,441,566,0,566,1007
09/14/2019,FFZ,AZ,AWP,WE,Towers with Radar,0,4,5,0,9,0,110,103,0,213,0,114,108,0,222,311,0,311,533
09/15/2019,FFZ,AZ,AWP,WE,Towers with Radar,0,7,9,0,16,0,73,103,0,176,0,80,112,0,192,385,0,385,577
09/16/2019,FFZ,AZ,AWP,WE,Towers with Radar,0,3,9,0,12,0,73,105,7,185,0,76,114,7,197,225,0,225,422
09/17/2019,FFZ,AZ,AWP,WE,Towers with Radar,0,9,19,0,28,0,133,145,9,287,0,142,164,9,315,371,0,371,686
09/18/2019,FFZ,AZ,AWP,WE,Towers with Radar,0,16,17,0,33,0,79,139,6,224,0,95,156,6,257,381,0,381,638
09/19/2019,FFZ,AZ,AWP,WE,Towers with Radar,0,14,11,0,25,0,109,129,8,246,0,123,140,8,271,297,0,297,568
09/20/2019,FFZ,AZ,AWP,WE,Towers with Radar,0,11,13,0,24,0,110,143,4,257,0,121,156,4,281,463,0,463,744
09/21/2019,FFZ,AZ,AWP,WE,Towers with Radar,0,16,10,0,26,0,113,165,3,281,0,129,175,3,307,327,0,327,634
09/22/2019,FFZ,AZ,AWP,WE,Towers with Radar,0,13,13,0,26,0,103,152,0,255,0,116,165,0,281,235,0,235,516
09/23/2019,FFZ,AZ,AWP,WE,Towers with Radar,0,1,6,0,7,0,12,19,0,31,0,13,25,0,38,20,0,20,58
09/24/2019,FFZ,AZ,AWP,WE,Towers with Radar,0,15,10,0,25,0,119,103,14,236,0,134,113,14,261,417,0,417,678
09/25/2019,FFZ,AZ,AWP,WE,Towers with Radar,0,6,18,0,24,0,166,120,10,296,0,172,138,10,320,566,0,566,886
09/26/2019,FFZ,AZ,AWP,WE,Towers with Radar,0,13,12,0,25,0,199,99,0,298,0,212,111,0,323,531,0,531,854
09/27/2019,FFZ,AZ,AWP,WE,Towers with Radar,0,22,9,0,31,0,232,146,9,387,0,254,155,9,418,486,0,486,904
09/28/2019,FFZ,AZ,AWP,WE,Towers with Radar,0,27,7,0,34,0,252,155,2,409,0,279,162,2,443,702,0,702,1145
09/29/2019,FFZ,AZ,AWP,WE,Towers with Radar,0,19,10,0,29,0,224,121,0,345,0,243,131,0,374,544,0,544,918
09/30/2019,FFZ,AZ,AWP,WE,Towers with Radar,0,9,23,0,32,0,238,132,12,382,0,247,155,12,414,292,0,292,706
10/01/2019,FFZ,AZ,AWP,WE,Towers with Radar,0,5,19,0,24,0,276,153,12,441,0,281,172,12,465,793,0,793,1258
10/02/2019,FFZ,AZ,AWP,WE,Towers with Radar,0,11,15,0,26,0,270,145,4,419,0,281,160,4,445,753,0,753,1198
10/03/2019,FFZ,AZ,AWP,WE,Towers with Radar,0,16,19,0,35,0,290,123,2,415,0,306,142,2,450,544,0,544,994
10/04/2019,FFZ,AZ,AWP,WE,Towers with Radar,0,14,19,0,33,0,255,166,2,423,0,269,185,2,456,602,0,602,1058
10/05/2019,FFZ,AZ,AWP,WE,Towers with Radar,0,13,12,0,25,0,237,160,0,397,0,250,172,0,422,485,0,485,907
10/06/2019,FFZ,AZ,AWP,WE,Towers with Radar,0,13,16,0,29,0,215,122,0,337,0,228,138,0,366,483,0,483,849
10/07/2019,FFZ,AZ,AWP,WE,Towers with Radar,0,21,9,0,30,0,243,128,2,373,0,264,137,2,403,593,0,593,996
10/08/2019,FFZ,AZ,AWP,WE,Towers with Radar,0,15,10,0,25,0,244,140,9,393,0,259,150,9,418,512,0,512,930
10/09/2019,FFZ,AZ,AWP,WE,Towers with Radar,0,11,8,0,19,0,247,130,4,381,0,258,138,4,400,647,0,647,1047
10/10/2019,FFZ,AZ,AWP,WE,Towers with Radar,0,16,13,0,29,0,248,152,3,403,0,264,165,3,432,783,0,783,1215
10/11/2019,FFZ,AZ,AWP,WE,Towers with Radar,0,13,7,0,20,0,238,100,3,341,0,251,107,3,361,442,0,442,803
10/12/2019,FFZ,AZ,AWP,WE,Towers with Radar,0,17,8,0,25,0,233,176,3,412,0,250,184,3,437,675,0,675,1112
10/13/2019,FFZ,AZ,AWP,WE,Towers with Radar,0,14,10,0,24,0,246,130,0,376,0,260,140,0,400,629,0,629,1029
10/14/2019,FFZ,AZ,AWP,WE,Towers with Radar,0,24,9,0,33,0,238,145,4,387,0,262,154,4,420,613,0,613,1033
10/15/2019,FFZ,AZ,AWP,WE,Towers with Radar,0,20,16,0,36,0,234,155,7,396,0,254,171,7,432,727,0,727,1159
10/16/2019,FFZ,AZ,AWP,WE,Towers with Radar,0,9,6,0,15,0,254,126,11,391,0,263,132,11,406,794,0,794,1200
10/17/2019,FFZ,AZ,AWP,WE,Towers with Radar,0,14,14,1,29,0,227,197,11,435,0,241,211,12,464,545,0,545,1009
10/18/2019,FFZ,AZ,AWP,WE,Towers with Radar,0,8,7,0,15,0,235,195,0,430,0,243,202,0,445,605,0,605,1050
10/19/2019,FFZ,AZ,AWP,WE,Towers with Radar,0,18,9,0,27,0,214,161,3,378,0,232,170,3,405,394,0,394,799
10/20/2019,FFZ,AZ,AWP,WE,Towers with Radar,0,15,8,1,24,0,212,152,1,365,0,227,160,2,389,541,0,541,930
10/21/2019,FFZ,AZ,AWP,WE,Towers with Radar,0,16,8,0,24,0,206,118,7,331,0,222,126,7,355,635,0,635,990
10/22/2019,FFZ,AZ,AWP,WE,Towers with Radar,1,9,17,1,28,0,250,168,8,426,1,259,185,9,454,502,0,502,956
10/23/2019,FFZ,AZ,AWP,WE,Towers with Radar,0,9,8,0,17,0,221,156,3,380,0,230,164,3,397,623,0,623,1020
10/24/2019,FFZ,AZ,AWP,WE,Towers with Radar,0,7,8,0,15,0,222,100,10,332,0,229,108,10,347,558,0,558,905
10/25/2019,FFZ,AZ,AWP,WE,Towers with Radar,0,5,6,0,11,0,226,129,2,357,0,231,135,2,368,465,0,465,833
10/26/2019,FFZ,AZ,AWP,WE,Towers with Radar,0,15,8,0,23,0,213,194,10,417,0,228,202,10,440,593,0,593,1033
10/27/2019,FFZ,AZ,AWP,WE,Towers with Radar,0,10,12,0,22,0,182,104,0,286,0,192,116,0,308,343,0,343,651
10/28/2019,FFZ,AZ,AWP,WE,Towers with Radar,0,9,23,0,32,0,228,122,13,363,0,237,145,13,395,568,0,568,963
10/29/2019,FFZ,AZ,AWP,WE,Towers with Radar,0,9,20,0,29,0,246,147,12,405,0,255,167,12,434,607,0,607,1041
10/30/2019,FFZ,AZ,AWP,WE,Towers with Radar,0,3,10,0,13,0,200,133,8,341,0,203,143,8,354,437,0,437,791
10/31/2019,FFZ,AZ,AWP,WE,Towers with Radar,0,10,9,0,19,0,205,140,7,352,0,215,149,7,371,554,0,554,925
11/01/2019,FFZ,AZ,AWP,WE,Towers with Radar,0,6,18,0,24,0,181,196,3,380,0,187,214,3,404,652,0,652,1056
11/02/2019,FFZ,AZ,AWP,WE,Towers with Radar,0,6,8,0,14,0,178,243,5,426,0,184,251,5,440,625,0,625,1065
11/03/2019,FFZ,AZ,AWP,WE,Towers with Radar,0,10,11,0,21,0,218,144,0,362,0,228,155,0,383,680,0,680,1063
11/04/2019,FFZ,AZ,AWP,WE,Towers with Radar,0,14,24,0,38,0,219,150,6,375,0,233,174,6,413,574,0,574,987
11/05/2019,FFZ,AZ,AWP,WE,Towers with Radar,0,3,14,0,17,0,222,142,8,372,0,225,156,8,389,752,0,752,1141
11/06/2019,FFZ,AZ,AWP,WE,Towers with Radar,0,9,10,0,19,0,194,149,9,352,0,203,159,9,371,807,0,807,1178
11/07/2019,FFZ,AZ,AWP,WE,Towers with Radar,0,8,8,0,16,0,206,159,4,369,0,214,167,4,385,636,0,636,1021
11/08/2019,FFZ,AZ,AWP,WE,Towers with Radar,0,7,5,0,12,0,204,162,6,372,0,211,167,6,384,494,0,494,878
11/09/2019,FFZ,AZ,AWP,WE,Towers with Radar,0,11,3,0,14,0,233,241,1,475,0,244,244,1,489,695,0,695,1184
11/10/2019,FFZ,AZ,AWP,WE,Towers with Radar,0,18,8,0,26,0,234,169,2,405,0,252,177,2,431,683,0,683,1114
11/11/2019,FFZ,AZ,AWP,WE,Towers with Radar,0,12,8,0,20,0,224,197,4,425,0,236,205,4,445,682,0,682,1127
11/12/2019,FFZ,AZ,AWP,WE,Towers with Radar,0,5,11,0,16,0,215,161,15,391,0,220,172,15,407,876,0,876,1283
11/13/2019,FFZ,AZ,AWP,WE,Towers with Radar,0,4,7,0,11,0,208,171,6,385,0,212,178,6,396,839,0,839,1235
11/14/2019,FFZ,AZ,AWP,WE,Towers with Radar,1,14,4,0,19,0,219,150,9,378,1,233,154,9,397,722,0,722,1119
11/15/2019,FFZ,AZ,AWP,WE,Towers with Radar,0,16,11,0,27,0,218,186,14,418,0,234,197,14,445,789,0,789,1234
11/16/2019,FFZ,AZ,AWP,WE,Towers with Radar,0,13,3,0,16,0,194,195,5,394,0,207,198,5,410,745,0,745,1155
11/17/2019,FFZ,AZ,AWP,WE,Towers with Radar,0,9,3,0,12,0,199,178,1,378,0,208,181,1,390,553,0,553,943
11/18/2019,FFZ,AZ,AWP,WE,Towers with Radar,0,13,13,0,26,0,211,195,12,418,0,224,208,12,444,629,0,629,1073
11/19/2019,FFZ,AZ,AWP,WE,Towers with Radar,0,4,7,0,11,0,141,125,5,271,0,145,132,5,282,389,0,389,671
11/20/2019,FFZ,AZ,AWP,WE,Towers with Radar,0,16,3,0,19,0,20,16,4,40,0,36,19,4,59,46,0,46,105
11/21/2019,FFZ,AZ,AWP,WE,Towers with Radar,0,3,3,0,6,0,81,59,6,146,0,84,62,6,152,430,0,430,582
11/22/2019,FFZ,AZ,AWP,WE,Towers with Radar,0,8,18,0,26,0,245,160,11,416,0,253,178,11,442,542,0,542,984
11/23/2019,FFZ,AZ,AWP,WE,Towers with Radar,0,8,12,0,20,0,212,237,2,451,0,220,249,2,471,658,0,658,1129
11/24/2019,FFZ,AZ,AWP,WE,Towers with Radar,0,10,13,0,23,0,220,148,0,368,0,230,161,0,391,511,0,511,902
11/25/2019,FFZ,AZ,AWP,WE,Towers with Radar,0,9,6,0,15,0,198,149,12,359,0,207,155,12,374,736,0,736,1110
11/26/2019,FFZ,AZ,AWP,WE,Towers with Radar,0,15,19,0,34,0,243,199,15,457,0,258,218,15,491,681,0,681,1172
11/27/2019,FFZ,AZ,AWP,WE,Towers with Radar,0,1,8,0,9,0,213,137,3,353,0,214,145,3,362,799,0,799,1161
11/28/2019,FFZ,AZ,AWP,WE,Towers with Radar,2,0,4,0,6,0,5,23,0,28,2,5,27,0,34,31,0,31,65
11/29/2019,FFZ,AZ,AWP,WE,Towers with Radar,0,0,4,0,4,0,1,23,2,26,0,1,27,2,30,13,0,13,43
11/30/2019,FFZ,AZ,AWP,WE,Towers with Radar,0,9,14,0,23,0,201,188,8,397,0,210,202,8,420,605,0,605,1025
12/01/2019,FFZ,AZ,AWP,WE,Towers with Radar,0,8,17,0,25,0,206,146,1,353,0,214,163,1,378,685,0,685,1063
12/02/2019,FFZ,AZ,AWP,WE,Towers with Radar,0,6,14,0,20,0,274,156,3,433,0,280,170,3,453,645,0,645,1098
12/03/2019,FFZ,AZ,AWP,WE,Towers with Radar,0,6,5,0,11,0,280,160,13,453,0,286,165,13,464,782,0,782,1246
12/04/2019,FFZ,AZ,AWP,WE,Towers with Radar,0,14,8,0,22,0,234,114,7,355,0,248,122,7,377,693,0,693,1070
12/05/2019,FFZ,AZ,AWP,WE,Towers with Radar,0,12,15,1,28,0,223,180,8,411,0,235,195,9,439,877,0,877,1316
12/06/2019,FFZ,AZ,AWP,WE,Towers with Radar,0,7,26,0,33,0,191,127,5,323,0,198,153,5,356,558,0,558,914
12/07/2019,FFZ,AZ,AWP,WE,Towers with Radar,0,8,11,0,19,0,216,180,5,401,0,224,191,5,420,754,0,754,1174
12/08/2019,FFZ,AZ,AWP,WE,Towers with Radar,0,12,3,0,15,0,82,29,1,112,0,94,32,1,127,804,0,804,931
12/09/2019,FFZ,AZ,AWP,WE,Towers with Radar,0,6,9,0,15,0,37,59,5,101,0,43,68,5,116,256,0,256,372
12/10/2019,FFZ,AZ,AWP,WE,Towers with Radar,0,12,14,0,26,0,295,177,9,481,0,307,191,9,507,797,0,797,1304
12/11/2019,FFZ,AZ,AWP,WE,Towers with Radar,0,9,7,0,16,0,260,163,9,432,0,269,170,9,448,852,0,852,1300
12/12/2019,FFZ,AZ,AWP,WE,Towers with Radar,0,6,9,0,15,0,259,174,12,445,0,265,183,12,460,964,2,966,1426
12/13/2019,FFZ,AZ,AWP,WE,Towers with Radar,0,12,13,0,25,0,251,175,5,431,0,263,188,5,456,794,0,794,1250
12/14/2019,FFZ,AZ,AWP,WE,Towers with Radar,0,11,10,0,21,0,267,161,4,432,0,278,171,4,453,859,0,859,1312
12/15/2019,FFZ,AZ,AWP,WE,Towers with Radar,0,8,6,0,14,0,209,154,1,364,0,217,160,1,378,795,0,795,1173
12/16/2019,FFZ,AZ,AWP,WE,Towers with Radar,0,12,8,0,20,0,234,135,10,379,0,246,143,10,399,774,0,774,1173
12/17/2019,FFZ,AZ,AWP,WE,Towers with Radar,0,3,8,0,11,0,227,122,5,354,0,230,130,5,365,589,0,589,954
12/18/2019,FFZ,AZ,AWP,WE,Towers with Radar,0,12,11,0,23,0,245,142,11,398,0,257,153,11,421,782,0,782,1203
12/19/2019,FFZ,AZ,AWP,WE,Towers with Radar,0,4,5,0,9,0,257,140,16,413,0,261,145,16,422,901,0,901,1323
12/20/2019,FFZ,AZ,AWP,WE,Towers with Radar,0,17,15,0,32,0,257,154,6,417,0,274,169,6,449,889,0,889,1338
12/21/2019,FFZ,AZ,AWP,WE,Towers with Radar,0,7,13,0,20,0,255,227,2,484,0,262,240,2,504,835,0,835,1339
12/22/2019,FFZ,AZ,AWP,WE,Towers with Radar,0,5,3,0,8,0,163,184,0,347,0,168,187,0,355,888,0,888,1243
12/23/2019,FFZ,AZ,AWP,WE,Towers with Radar,0,8,8,0,16,0,180,147,10,337,0,188,155,10,353,785,0,785,1138
12/24/2019,FFZ,AZ,AWP,WE,Towers with Radar,0,0,0,0,0,0,0,16,0,16,0,0,16,0,16,10,0,10,26
12/25/2019,FFZ,AZ,AWP,WE,Towers with Radar,0,2,1,0,3,0,1,11,0,12,0,3,12,0,15,33,0,33,48
12/26/2019,FFZ,AZ,AWP,WE,Towers with Radar,0,2,9,0,11,0,108,124,3,235,0,110,133,3,246,275,0,275,521
12/27/2019,FFZ,AZ,AWP,WE,Towers with Radar,0,5,9,0,14,0,1,2,0,3,0,6,11,0,17,53,0,53,70
12/28/2019,FFZ,AZ,AWP,WE,Towers with Radar,0,5,11,0,16,0,111,115,0,226,0,116,126,0,242,694,0,694,936
12/29/2019,FFZ,AZ,AWP,WE,Towers with Radar,0,5,12,0,17,0,171,185,4,360,0,176,197,4,377,723,0,723,1100
12/30/2019,FFZ,AZ,AWP,WE,Towers with Radar,0,19,14,0,33,0,234,133,0,367,0,253,147,0,400,747,0,747,1147
12/31/2019,FFZ,AZ,AWP,WE,Towers with Radar,0,6,18,0,24,0,131,142,0,273,0,137,160,0,297,380,0,380,677
01/01/2020,FFZ,AZ,AWP,WE,Towers with Radar,0,2,8,0,10,0,3,124,0,127,0,5,132,0,137,143,0,143,280
01/02/2020,FFZ,AZ,AWP,WE,Towers with Radar,0,14,8,0,22,0,242,148,6,396,0,256,156,6,418,789,0,789,1207
01/03/2020,FFZ,AZ,AWP,WE,Towers with Radar,0,9,8,0,17,0,248,187,5,440,0,257,195,5,457,839,0,839,1296
01/04/2020,FFZ,AZ,AWP,WE,Towers with Radar,0,12,6,0,18,0,219,202,0,421,0,231,208,0,439,937,0,937,1376
01/05/2020,FFZ,AZ,AWP,WE,Towers with Radar,0,10,11,0,21,0,191,145,1,337,0,201,156,1,358,859,0,859,1217
01/06/2020,FFZ,AZ,AWP,WE,Towers with Radar,0,8,15,0,23,0,196,152,1,349,0,204,167,1,372,592,0,592,964
01/07/2020,FFZ,AZ,AWP,WE,Towers with Radar,0,11,10,0,21,0,243,125,7,375,0,254,135,7,396,801,0,801,1197
01/08/2020,FFZ,AZ,AWP,WE,Towers with Radar,0,7,12,0,19,0,248,179,9,436,0,255,191,9,455,746,0,746,1201
01/09/2020,FFZ,AZ,AWP,WE,Towers with Radar,0,16,11,0,27,0,271,157,15,443,0,287,168,15,470,779,25,804,1274
01/10/2020,FFZ,AZ,AWP,WE,Towers with Radar,0,11,12,0,23,0,287,193,2,482,0,298,205,2,505,700,22,722,1227
01/11/2020,FFZ,AZ,AWP,WE,Towers with Radar,0,9,7,1,17,0,209,163,0,372,0,218,170,1,389,553,0,553,942
01/12/2020,FFZ,AZ,AWP,WE,Towers with Radar,0,7,14,0,21,0,239,131,0,370,0,246,145,0,391,732,0,732,1123
01/13/2020,FFZ,AZ,AWP,WE,Towers with Radar,0,15,16,0,31,0,220,163,10,393,0,235,179,10,424,604,0,604,1028
01/14/2020,FFZ,AZ,AWP,WE,Towers with Radar,0,15,4,0,19,0,237,152,19,408,0,252,156,19,427,568,0,568,995
01/15/2020,FFZ,AZ,AWP,WE,Towers with Radar,0,14,13,0,27,0,289,161,7,457,0,303,174,7,484,770,0,770,1254
01/16/2020,FFZ,AZ,AWP,WE,Towers with Radar,0,9,12,0,21,0,207,105,5,317,0,216,117,5,338,432,0,432,770
01/17/2020,FFZ,AZ,AWP,WE,Towers with Radar,0,15,14,0,29,0,221,174,3,398,0,236,188,3,427,937,0,937,1364
01/18/2020,FFZ,AZ,AWP,WE,Towers with Radar,0,11,9,0,20,0,238,214,3,455,0,249,223,3,475,644,0,644,1119
01/19/2020,FFZ,AZ,AWP,WE,Towers with Radar,0,13,10,0,23,0,204,137,0,341,0,217,147,0,364,515,0,515,879
01/20/2020,FFZ,AZ,AWP,WE,Towers with Radar,0,6,11,0,17,0,214,140,1,355,0,220,151,1,372,699,0,699,1071
01/21/2020,FFZ,AZ,AWP,WE,Towers with Radar,0,18,9,0,27,0,48,26,4,78,0,66,35,4,105,342,0,342,447
01/22/2020,FFZ,AZ,AWP,WE,Towers with Radar,0,22,7,0,29,0,108,121,12,241,0,130,128,12,270,659,20,679,949
01/23/2020,FFZ,AZ,AWP,WE,Towers with Radar,0,10,17,0,27,0,299,216,2,517,0,309,233,2,544,787,0,787,1331
01/24/2020,FFZ,AZ,AWP,WE,Towers with Radar,0,15,13,0,28,0,276,172,5,453,0,291,185,5,481,820,18,838,1319
01/25/2020,FFZ,AZ,AWP,WE,Towers with Radar,0,5,10,0,15,0,240,191,0,431,0,245,201,0,446,652,0,652,1098
01/26/2020,FFZ,AZ,AWP,WE,Towers with Radar,0,6,13,0,19,0,246,159,0,405,0,252,172,0,424,656,0,656,1080
01/27/2020,FFZ,AZ,AWP,WE,Towers with Radar,0,11,10,0,21,0,242,116,5,363,0,253,126,5,384,197,0,197,581
01/28/2020,FFZ,AZ,AWP,WE,Towers with Radar,0,19,19,0,38,0,288,152,10,450,0,307,171,10,488,694,0,694,1182
01/29/2020,FFZ,AZ,AWP,WE,Towers with Radar,0,17,11,1,29,0,275,111,6,392,0,292,122,7,421,723,6,729,1150
01/30/2020,FFZ,AZ,AWP,WE,Towers with Radar,0,15,11,0,26,0,278,148,4,430,0,293,159,4,456,728,1,729,1185
01/31/2020,FFZ,AZ,AWP,WE,Towers with Radar,0,15,6,0,21,0,278,182,2,462,0,293,188,2,483,810,2,812,1295
02/01/2020,FFZ,AZ,AWP,CE,Towers with Radar,0,11,7,0,18,0,275,183,0,458,0,286,190,0,476,164,0,164,640
02/02/2020,FFZ,AZ,AWP,CE,Towers with Radar,0,8,7,0,15,0,235,148,0,383,0,243,155,0,398,653,0,653,1051
02/03/2020,FFZ,AZ,AWP,CE,Towers with Radar,0,7,14,0,21,0,211,54,2,267,0,218,68,2,288,594,0,594,882
02/04/2020,FFZ,AZ,AWP,CE,Towers with Radar,0,6,6,0,12,0,270,142,7,419,0,276,148,7,431,758,2,760,1191
02/05/2020,FFZ,AZ,AWP,CE,Towers with Radar,0,6,10,0,16,0,285,165,6,456,0,291,175,6,472,774,0,774,1246
02/06/2020,FFZ,AZ,AWP,CE,Towers with Radar,0,10,14,1,25,0,316,175,9,500,0,326,189,10,525,93,0,93,618
02/07/2020,FFZ,AZ,AWP,CE,Towers with Radar,0,14,6,0,20,0,284,171,9,464,0,298,177,9,484,738,0,738,1222
02/08/2020,FFZ,AZ,AWP,CE,Towers with Radar,0,12,8,0,20,0,226,190,1,417,0,238,198,1,437,690,0,690,1127
02/09/2020,FFZ,AZ,AWP,CE,Towers with Radar,0,13,6,0,19,0,209,135,2,346,0,222,141,2,365,519,0,519,884
02/10/2020,FFZ,AZ,AWP,CE,Towers with Radar,0,5,8,0,13,0,198,114,0,312,0,203,122,0,325,815,0,815,1140
02/11/2020,FFZ,AZ,AWP,CE,Towers with Radar,0,13,8,0,21,0,137,78,0,215,0,150,86,0,236,644,0,644,880
02/12/2020,FFZ,AZ,AWP,CE,Towers with Radar,0,14,12,0,26,0,304,202,5,511,0,318,214,5,537,802,0,802,1339
02/13/2020,FFZ,AZ,AWP,CE,Towers with Radar,0,14,14,0,28,0,283,199,10,492,0,297,213,10,520,642,0,642,1162
02/14/2020,FFZ,AZ,AWP,CE,Towers with Radar,0,8,6,0,14,0,318,219,6,543,0,326,225,6,557,293,0,293,850
02/15/2020,FFZ,AZ,AWP,CE,Towers with Radar,0,11,6,0,17,0,268,218,1,487,0,279,224,1,504,671,0,671,1175
02/16/2020,FFZ,AZ,AWP,CE,Towers with Radar,0,2,6,0,8,0,209,140,0,349,0,211,146,0,357,702,0,702,1059
02/17/2020,FFZ,AZ,AWP,CE,Towers with Radar,0,6,10,0,16,0,247,199,1,447,0,253,209,1,463,728,0,728,1191
02/18/2020,FFZ,AZ,AWP,CE,Towers with Radar,0,12,11,0,23,0,281,182,7,470,0,293,193,7,493,659,0,659,1152
02/19/2020,FFZ,AZ,AWP,CE,Towers with Radar,0,13,15,0,28,0,211,138,14,363,0,224,153,14,391,281,0,281,672
02/20/2020,FFZ,AZ,AWP,CE,Towers with Radar,0,7,13,0,20,0,326,197,0,523,0,333,210,0,543,742,0,742,1285
02/21/2020,FFZ,AZ,AWP,CE,Towers with Radar,0,8,8,0,16,0,245,175,10,430,0,253,183,10,446,243,0,243,689
02/22/2020,FFZ,AZ,AWP,CE,Towers with Radar,0,4,8,0,12,0,2,1,0,3,0,6,9,0,15,20,0,20,35
02/23/2020,FFZ,AZ,AWP,CE,Towers with Radar,0,16,15,0,31,0,229,145,2,376,0,245,160,2,407,686,0,686,1093
02/24/2020,FFZ,AZ,AWP,CE,Towers with Radar,0,18,14,0,32,0,281,176,7,464,0,299,190,7,496,667,0,667,1163
02/25/2020,FFZ,AZ,AWP,CE,Towers with Radar,0,7,11,0,18,0,203,103,9,315,0,210,114,9,333,418,0,418,751
02/26/2020,FFZ,AZ,AWP,CE,Towers with Radar,0,11,7,0,18,0,306,175,10,491,0,317,182,10,509,140,0,140,649
02/27/2020,FFZ,AZ,AWP,CE,Towers with Radar,0,7,12,0,19,0,331,194,8,533,0,338,206,8,552,632,0,632,1184
02/28/2020,FFZ,AZ,AWP,CE,Towers with Radar,0,16,13,0,29,0,288,171,9,468,0,304,184,9,497,686,0,686,1183
02/29/2020,FFZ,AZ,AWP,CE,Towers with Radar,0,8,6,0,14,0,266,195,0,461,0,274,201,0,475,578,0,578,1053
03/01/2020,FFZ,AZ,AWP,CE,Towers with Radar,0,6,12,0,18,0,236,131,0,367,0,242,143,0,385,454,0,454,839
03/02/2020,FFZ,AZ,AWP,CE,Towers with Radar,0,8,8,0,16,0,296,120,2,418,0,304,128,2,434,646,0,646,1080
03/03/2020,FFZ,AZ,AWP,CE,Towers with Radar,0,10,7,0,17,0,312,172,1,485,0,322,179,1,502,785,0,785,1287
03/04/2020,FFZ,AZ,AWP,CE,Towers with Radar,0,8,7,0,15,0,269,201,3,473,0,277,208,3,488,891,0,891,1379
03/05/2020,FFZ,AZ,AWP,CE,Towers with Radar,0,10,10,0,20,0,308,182,3,493,0,318,192,3,513,602,10,612,1125
03/06/2020,FFZ,AZ,AWP,CE,Towers with Radar,0,12,10,0,22,0,239,194,13,446,0,251,204,13,468,599,0,599,1067
03/07/2020,FFZ,AZ,AWP,CE,Towers with Radar,0,12,6,0,18,0,200,180,8,388,0,212,186,8,406,527,0,527,933
03/08/2020,FFZ,AZ,AWP,CE,Towers with Radar,0,8,16,0,24,0,250,162,2,414,0,258,178,2,438,646,0,646,1084
03/09/2020,FFZ,AZ,AWP,CE,Towers with Radar,0,7,13,0,20,0,297,159,16,472,0,304,172,16,492,660,0,660,1152
03/10/2020,FFZ,AZ,AWP,CE,Towers with Radar,0,8,9,0,17,0,156,75,10,241,0,164,84,10,258,673,4,677,935
03/11/2020,FFZ,AZ,AWP,CE,Towers with Radar,0,33,11,0,44,0,20,15,0,35,0,53,26,0,79,140,0,140,219
03/12/2020,FFZ,AZ,AWP,CE,Towers with Radar,0,7,11,0,18,0,34,32,7,73,0,41,43,7,91,424,0,424,515
03/13/2020,FFZ,AZ,AWP,CE,Towers with Radar,0,4,7,0,11,0,95,60,2,157,0,99,67,2,168,689,0,689,857
03/14/2020,FFZ,AZ,AWP,CE,Towers with Radar,0,11,9,0,20,0,279,214,5,498,0,290,223,5,518,713,0,713,1231
03/15/2020,FFZ,AZ,AWP,CE,Towers with Radar,0,10,13,0,23,0,261,148,0,409,0,271,161,0,432,588,0,588,1020
03/16/2020,FFZ,AZ,AWP,CE,Towers with Radar,0,11,6,0,17,0,273,159,10,442,0,284,165,10,459,616,0,616,1075
03/17/2020,FFZ,AZ,AWP,CE,Towers with Radar,0,11,10,0,21,0,274,130,7,411,0,285,140,7,432,680,0,680,1112
03/18/2020,FFZ,AZ,AWP,CE,Towers with Radar,0,7,9,0,16,0,74,29,1,104,0,81,38,1,120,275,0,275,395
03/19/2020,FFZ,AZ,AWP,CE,Towers with Radar,0,19,7,0,26,0,134,88,3,225,0,153,95,3,251,586,0,586,837
03/20/2020,FFZ,AZ,AWP,CE,Towers with Radar,0,11,9,0,20,0,275,206,11,492,0,286,215,11,512,750,0,750,1262
03/21/2020,FFZ,AZ,AWP,CE,Towers with Radar,0,7,7,0,14,0,221,191,5,417,0,228,198,5,431,695,0,695,1126
03/22/2020,FFZ,AZ,AWP,CE,Towers with Radar,0,14,3,0,17,0,230,152,0,382,0,244,155,0,399,662,0,662,1061
03/23/2020,FFZ,AZ,AWP,CE,Towers with Radar,0,9,8,0,17,0,239,101,6,346,0,248,109,6,363,611,2,613,976
03/24/2020,FFZ,AZ,AWP,CE,Towers with Radar,0,13,15,1,29,0,320,139,14,473,0,333,154,15,502,573,0,573,1075
03/25/2020,FFZ,AZ,AWP,CE,Towers with Radar,0,13,13,0,26,0,326,139,7,472,0,339,152,7,498,708,0,708,1206
03/26/2020,FFZ,AZ,AWP,CE,Towers with Radar,0,18,9,0,27,0,281,144,6,431,0,299,153,6,458,561,0,561,1019
03/27/2020,FFZ,AZ,AWP,CE,Towers with Radar,0,7,8,0,15,0,267,79,4,350,0,274,87,4,365,305,0,305,670
03/28/2020,FFZ,AZ,AWP,CE,Towers with Radar,0,10,13,0,23,0,221,195,9,425,0,231,208,9,448,408,0,408,856
03/29/2020,FFZ,AZ,AWP,CE,Towers with Radar,0,4,5,0,9,0,217,101,1,319,0,221,106,1,328,347,0,347,675
03/30/2020,FFZ,AZ,AWP,CE,Towers with Radar,0,12,6,0,18,0,223,132,4,359,0,235,138,4,377,443,0,443,820
03/31/2020,FFZ,AZ,AWP,CE,Towers with Radar,0,6,10,0,16,0,261,147,4,412,0,267,157,4,428,486,0,486,914
04/01/2020,FFZ,AZ,AWP,CE,Towers with Radar,0,8,6,0,14,0,251,96,0,347,0,259,102,0,361,432,0,432,793
04/02/2020,FFZ,AZ,AWP,CE,Towers with Radar,0,4,3,0,7,0,214,108,3,325,0,218,111,3,332,515,0,515,847
04/03/2020,FFZ,AZ,AWP,CE,Towers with Radar,0,6,5,0,11,0,220,142,1,363,0,226,147,1,374,517,0,517,891
04/04/2020,FFZ,AZ,AWP,CE,Towers with Radar,0,2,7,0,9,0,91,132,4,227,0,93,139,4,236,417,0,417,653
04/05/2020,FFZ,AZ,AWP,CE,Towers with Radar,0,8,0,0,8,0,107,85,0,192,0,115,85,0,200,375,0,375,575
04/06/2020,FFZ,AZ,AWP,CE,Towers with Radar,0,13,5,0,18,0,140,109,10,259,0,153,114,10,277,385,0,385,662
04/07/2020,FFZ,AZ,AWP,CE,Towers with Radar,0,12,2,0,14,0,142,101,8,251,0,154,103,8,265,547,0,547,812
04/08/2020,FFZ,AZ,AWP,CE,Towers with Radar,0,5,3,0,8,0,79,63,8,150,0,84,66,8,158,177,0,177,335
04/09/2020,FFZ,AZ,AWP,CE,Towers with Radar,0,4,3,0,7,0,174,141,6,321,0,178,144,6,328,431,0,431,759
04/10/2020,FFZ,AZ,AWP,CE,Towers with Radar,0,27,29,0,56,0,176,106,6,288,0,203,135,6,344,421,0,421,765
04/11/2020,FFZ,AZ,AWP,CE,Towers with Radar,0,2,3,0,5,0,72,100,5,177,0,74,103,5,182,490,0,490,672
04/12/2020,FFZ,AZ,AWP,CE,Towers with Radar,0,5,1,0,6,0,109,73,0,182,0,114,74,0,188,301,0,301,489
04/13/2020,FFZ,AZ,AWP,CE,Towers with Radar,0,9,10,0,19,0,170,76,1,247,0,179,86,1,266,395,0,395,661
04/14/2020,FFZ,AZ,AWP,CE,Towers with Radar,0,14,6,0,20,0,211,118,6,335,0,225,124,6,355,325,0,325,680
04/15/2020,FFZ,AZ,AWP,CE,Towers with Radar,0,10,7,0,17,0,203,147,6,356,0,213,154,6,373,629,3,632,1005
04/16/2020,FFZ,AZ,AWP,CE,Towers with Radar,0,14,11,0,25,0,203,145,8,356,0,217,156,8,381,452,3,455,836
04/17/2020,FFZ,AZ,AWP,CE,Towers with Radar,0,8,5,0,13,0,161,84,10,255,0,169,89,10,268,339,0,339,607
04/18/2020,FFZ,AZ,AWP,CE,Towers with Radar,0,21,12,0,33,0,153,129,4,286,0,174,141,4,319,325,0,325,644
04/19/2020,FFZ,AZ,AWP,CE,Towers with Radar,0,7,6,0,13,0,176,112,0,288,0,183,118,0,301,359,0,359,660
04/20/2020,FFZ,AZ,AWP,CE,Towers with Radar,0,4,10,0,14,0,203,104,2,309,0,207,114,2,323,427,0,427,750
04/21/2020,FFZ,AZ,AWP,CE,Towers with Radar,0,10,5,0,15,0,131,98,4,233,0,141,103,4,248,342,0,342,590
04/22/2020,FFZ,AZ,AWP,CE,Towers with Radar,0,13,2,0,15,0,162,115,4,281,0,175,117,4,296,442,0,442,738
04/23/2020,FFZ,AZ,AWP,CE,Towers with Radar,0,5,5,0,10,0,165,141,4,310,0,170,146,4,320,305,1,306,626
04/24/2020,FFZ,AZ,AWP,CE,Towers with Radar,0,10,1,0,11,0,174,136,2,312,0,184,137,2,323,640,0,640,963
04/25/2020,FFZ,AZ,AWP,CE,Towers with Radar,0,9,11,0,20,0,158,186,13,357,0,167,197,13,377,357,0,357,734
04/26/2020,FFZ,AZ,AWP,CE,Towers with Radar,0,6,5,0,11,0,149,130,2,281,0,155,135,2,292,313,0,313,605
04/27/2020,FFZ,AZ,AWP,CE,Towers with Radar,0,1,9,0,10,0,190,111,0,301,0,191,120,0,311,442,0,442,753
04/28/2020,FFZ,AZ,AWP,CE,Towers with Radar,0,8,9,0,17,0,179,126,4,309,0,187,135,4,326,563,0,563,889
04/29/2020,FFZ,AZ,AWP,CE,Towers with Radar,0,6,3,0,9,0,172,108,10,290,0,178,111,10,299,427,0,427,726
04/30/2020,FFZ,AZ,AWP,CE,Towers with Radar,0,7,7,0,14,0,172,148,5,325,0,179,155,5,339,357,0,357,696
05/01/2020,FFZ,AZ,AWP,CE,Towers with Radar,0,5,10,0,15,0,149,118,11,278,0,154,128,11,293,453,0,453,746
05/02/2020,FFZ,AZ,AWP,CE,Towers with Radar,0,5,9,0,14,0,128,156,1,285,0,133,165,1,299,360,0,360,659
05/03/2020,FFZ,AZ,AWP,CE,Towers with Radar,0,9,5,0,14,0,162,121,0,283,0,171,126,0,297,281,0,281,578
05/04/2020,FFZ,AZ,AWP,CE,Towers with Radar,0,13,4,0,17,0,182,103,7,292,0,195,107,7,309,441,0,441,750
05/05/2020,FFZ,AZ,AWP,CE,Towers with Radar,0,8,5,0,13,0,116,103,0,219,0,124,108,0,232,353,0,353,585
05/06/2020,FFZ,AZ,AWP,CE,Towers with Radar,0,12,7,0,19,0,199,160,5,364,0,211,167,5,383,637,0,637,1020
05/07/2020,FFZ,AZ,AWP,CE,Towers with Radar,0,9,11,0,20,0,183,149,5,337,0,192,160,5,357,408,0,408,765
05/08/2020,FFZ,AZ,AWP,CE,Towers with Radar,0,5,8,0,13,0,189,167,13,369,0,194,175,13,382,258,0,258,640
05/09/2020,FFZ,AZ,AWP,CE,Towers with Radar,0,1,6,0,7,0,116,162,5,283,0,117,168,5,290,397,0,397,687
05/10/2020,FFZ,AZ,AWP,CE,Towers with Radar,1,5,5,0,11,0,66,69,1,136,1,71,74,1,147,322,0,322,469
05/11/2020,FFZ,AZ,AWP,CE,Towers with Radar,0,11,9,0,20,0,163,117,2,282,0,174,126,2,302,471,0,471,773
05/12/2020,FFZ,AZ,AWP,CE,Towers with Radar,0,10,6,0,16,0,269,126,3,398,0,279,132,3,414,451,0,451,865
05/13/2020,FFZ,AZ,AWP,CE,Towers with Radar,0,11,9,0,20,0,214,152,2,368,0,225,161,2,388,441,0,441,829
05/14/2020,FFZ,AZ,AWP,CE,Towers with Radar,0,10,12,2,24,0,234,159,10,403,0,244,171,12,427,469,0,469,896
05/15/2020,FFZ,AZ,AWP,CE,Towers with Radar,0,3,8,0,11,0,192,159,15,366,0,195,167,15,377,657,0,657,1034
05/16/2020,FFZ,AZ,AWP,CE,Towers with Radar,0,7,5,0,12,0,172,176,7,355,0,179,181,7,367,353,0,353,720
05/17/2020,FFZ,AZ,AWP,CE,Towers with Radar,0,6,3,0,9,0,171,135,0,306,0,177,138,0,315,495,0,495,810
05/18/2020,FFZ,AZ,AWP,CE,Towers with Radar,0,6,10,0,16,0,184,116,4,304,0,190,126,4,320,341,0,341,661
05/19/2020,FFZ,AZ,AWP,CE,Towers with Radar,0,8,8,0,16,0,141,127,8,276,0,149,135,8,292,307,0,307,599
05/20/2020,FFZ,AZ,AWP,CE,Towers with Radar,0,7,8,0,15,0,260,170,6,436,0,267,178,6,451,591,0,591,1042
05/21/2020,FFZ,AZ,AWP,CE,Towers with Radar,0,10,6,0,16,0,246,142,9,397,0,256,148,9,413,584,0,584,997
05/22/2020,FFZ,AZ,AWP,CE,Towers with Radar,0,6,5,0,11,0,183,141,4,328,0,189,146,4,339,454,0,454,793
05/23/2020,FFZ,AZ,AWP,CE,Towers with Radar,0,4,6,0,10,0,173,186,10,369,0,177,192,10,379,357,0,357,736
05/24/2020,FFZ,AZ,AWP,CE,Towers with Radar,0,5,4,0,9,0,177,117,0,294,0,182,121,0,303,296,0,296,599
05/25/2020,FFZ,AZ,AWP,CE,Towers with Radar,0,4,2,0,6,0,161,169,0,330,0,165,171,0,336,456,0,456,792
05/26/2020,FFZ,AZ,AWP,CE,Towers with Radar,0,14,7,0,21,0,224,134,9,367,0,238,141,9,388,435,0,435,823
05/27/2020,FFZ,AZ,AWP,CE,Towers with Radar,0,3,8,0,11,0,260,160,6,426,0,263,168,6,437,485,0,485,922
05/28/2020,FFZ,AZ,AWP,CE,Towers with Radar,0,8,7,1,16,0,207,137,6,350,0,215,144,7,366,393,0,393,759
05/29/2020,FFZ,AZ,AWP,CE,Towers with Radar,0,6,9,0,15,0,166,117,11,294,0,172,126,11,309,347,0,347,656
05/30/2020,FFZ,AZ,AWP,CE,Towers with Radar,0,9,14,0,23,0,141,126,3,270,0,150,140,3,293,281,0,281,574
05/31/2020,FFZ,AZ,AWP,CE,Towers with Radar,0,7,6,0,13,0,152,124,5,281,0,159,130,5,294,364,0,364,658
06/01/2020,FFZ,AZ,AWP,CE,Towers with Radar,0,5,8,0,13,0,195,138,8,341,0,200,146,8,354,366,0,366,720
06/02/2020,FFZ,AZ,AWP,CE,Towers with Radar,0,13,9,0,22,0,198,130,7,335,0,211,139,7,357,670,0,670,1027
06/03/2020,FFZ,AZ,AWP,CE,Towers with Radar,0,13,6,0,19,0,194,163,2,359,0,207,169,2,378,458,0,458,836
06/04/2020,FFZ,AZ,AWP,CE,Towers with Radar,0,10,8,0,18,0,217,128,1,346,0,227,136,1,364,465,0,465,829
06/05/2020,FFZ,AZ,AWP,CE,Towers with Radar,0,10,7,0,17,0,197,135,15,347,0,207,142,15,364,490,0,490,854
06/06/2020,FFZ,AZ,AWP,CE,Towers with Radar,0,10,7,0,17,0,173,189,10,372,0,183,196,10,389,285,0,285,674
06/07/2020,FFZ,AZ,AWP,CE,Towers with Radar,0,6,2,0,8,0,170,133,1,304,0,176,135,1,312,326,0,326,638
06/08/2020,FFZ,AZ,AWP,CE,Towers with Radar,0,11,12,0,23,0,164,108,3,275,0,175,120,3,298,304,0,304,602
06/09/2020,FFZ,AZ,AWP,CE,Towers with Radar,0,8,4,0,12,0,324,153,4,481,0,332,157,4,493,520,0,520,1013
06/10/2020,FFZ,AZ,AWP,CE,Towers with Radar,0,3,14,0,17,0,242,167,2,411,0,245,181,2,428,500,0,500,928
06/11/2020,FFZ,AZ,AWP,CE,Towers with Radar,0,6,8,0,14,0,224,170,12,406,0,230,178,12,420,477,0,477,897
06/12/2020,FFZ,AZ,AWP,CE,Towers with Radar,0,13,5,0,18,0,167,138,9,314,0,180,143,9,332,373,0,373,705
06/13/2020,FFZ,AZ,AWP,CE,Towers with Radar,0,2,6,0,8,0,119,120,0,239,0,121,126,0,247,307,0,307,554
06/14/2020,FFZ,AZ,AWP,CE,Towers with Radar,0,3,3,0,6,0,146,133,0,279,0,149,136,0,285,343,0,343,628
06/15/2020,FFZ,AZ,AWP,CE,Towers with Radar,0,8,6,0,14,0,172,126,4,302,0,180,132,4,316,293,0,293,609
06/16/2020,FFZ,AZ,AWP,CE,Towers with Radar,0,9,6,0,15,0,200,131,6,337,0,209,137,6,352,395,0,395,747
06/17/2020,FFZ,AZ,AWP,CE,Towers with Radar,0,8,9,0,17,0,223,157,5,385,0,231,166,5,402,381,0,381,783
06/18/2020,FFZ,AZ,AWP,CE,Towers with Radar,0,16,11,0,27,0,226,196,16,438,0,242,207,16,465,437,0,437,902
06/19/2020,FFZ,AZ,AWP,CE,Towers with Radar,0,3,6,0,9,0,244,169,12,425,0,247,175,12,434,383,0,383,817
06/20/2020,FFZ,AZ,AWP,CE,Towers with Radar,0,11,17,0,28,0,152,301,7,460,0,163,318,7,488,332,0,332,820
06/21/2020,FFZ,AZ,AWP,CE,Towers with Radar,0,9,10,0,19,0,146,122,0,268,0,155,132,0,287,211,0,211,498
06/22/2020,FFZ,AZ,AWP,CE,Towers with Radar,0,5,4,0,9,0,168,87,3,258,0,173,91,3,267,49,0,49,316
06/23/2020,FFZ,AZ,AWP,CE,Towers with Radar,0,7,5,0,12,0,155,97,10,262,0,162,102,10,274,14,0,14,288
06/24/2020,FFZ,AZ,AWP,CE,Towers with Radar,0,7,5,0,12,0,177,94,6,277,0,184,99,6,289,14,0,14,303
06/25/2020,FFZ,AZ,AWP,CE,Towers with Radar,0,2,4,0,6,0,176,118,1,295,0,178,122,1,301,38,0,38,339
06/26/2020,FFZ,AZ,AWP,CE,Towers with Radar,0,9,7,1,17,0,165,103,7,275,0,174,110,8,292,60,0,60,352
06/27/2020,FFZ,AZ,AWP,CE,Towers with Radar,0,5,4,0,9,0,106,100,3,209,0,111,104,3,218,59,0,59,277
06/28/2020,FFZ,AZ,AWP,CE,Towers with Radar,0,5,7,0,12,0,96,93,0,189,0,101,100,0,201,2,0,2,203
06/29/2020,FFZ,AZ,AWP,CE,Towers with Radar,0,2,3,0,5,0,105,86,7,198,0,107,89,7,203,81,0,81,284
06/30/2020,FFZ,AZ,AWP,CE,Towers with Radar,0,7,4,0,11,0,183,93,13,289,0,190,97,13,300,168,0,168,468
07/01/2020,FFZ,AZ,AWP,CE,Towers with Radar,0,11,4,0,15,0,190,106,8,304,0,201,110,8,319,97,0,97,416
07/02/2020,FFZ,AZ,AWP,CE,Towers with Radar,0,8,4,0,12,0,180,116,5,301,0,188,120,5,313,144,0,144,457
07/03/2020,FFZ,AZ,AWP,CE,Towers with Radar,0,7,0,0,7,0,160,104,0,264,0,167,104,0,271,138,0,138,409
07/04/2020,FFZ,AZ,AWP,CE,Towers with Radar,0,12,1,0,13,0,94,100,0,194,0,106,101,0,207,148,0,148,355
07/05/2020,FFZ,AZ,AWP,CE,Towers with Radar,0,3,5,0,8,0,106,108,0,214,0,109,113,0,222,161,0,161,383
07/06/2020,FFZ,AZ,AWP,CE,Towers with Radar,0,9,6,0,15,0,171,101,9,281,0,180,107,9,296,231,0,231,527
07/07/2020,FFZ,AZ,AWP,CE,Towers with Radar,0,13,7,0,20,0,192,111,16,319,0,205,118,16,339,361,0,361,700
07/08/2020,FFZ,AZ,AWP,CE,Towers with Radar,0,9,5,0,14,0,211,129,17,357,0,220,134,17,371,354,0,354,725
07/09/2020,FFZ,AZ,AWP,CE,Towers with Radar,0,10,2,0,12,0,193,129,12,334,0,203,131,12,346,386,0,386,732
07/10/2020,FFZ,AZ,AWP,CE,Towers with Radar,0,10,2,0,12,0,198,131,10,339,0,208,133,10,351,377,0,377,728
07/11/2020,FFZ,AZ,AWP,CE,Towers with Radar,0,2,2,0,4,0,115,93,3,211,0,117,95,3,215,210,0,210,425
07/12/2020,FFZ,AZ,AWP,CE,Towers with Radar,0,11,3,0,14,0,119,111,0,230,0,130,114,0,244,186,0,186,430
07/13/2020,FFZ,AZ,AWP,CE,Towers with Radar,0,7,6,0,13,0,130,65,1,196,0,137,71,1,209,342,0,342,551
07/14/2020,FFZ,AZ,AWP,CE,Towers with Radar,0,16,8,0,24,0,246,136,6,388,0,262,144,6,412,322,0,322,734
07/15/2020,FFZ,AZ,AWP,CE,Towers with Radar,0,11,4,0,15,0,209,132,9,350,0,220,136,9,365,391,0,391,756
07/16/2020,FFZ,AZ,AWP,CE,Towers with Radar,0,11,5,0,16,0,211,131,4,346,0,222,136,4,362,368,0,368,730
07/17/2020,FFZ,AZ,AWP,CE,Towers with Radar,0,18,4,0,22,0,234,154,9,397,0,252,158,9,419,385,0,385,804
07/18/2020,FFZ,AZ,AWP,CE,Towers with Radar,0,8,5,0,13,0,229,160,4,393,0,237,165,4,406,331,0,331,737
07/19/2020,FFZ,AZ,AWP,CE,Towers with Radar,0,9,5,0,14,0,153,104,0,257,0,162,109,0,271,310,0,310,581
07/20/2020,FFZ,AZ,AWP,CE,Towers with Radar,0,11,8,2,21,0,216,118,6,340,0,227,126,8,361,211,0,211,572
07/21/2020,FFZ,AZ,AWP,CE,Towers with Radar,0,10,8,1,19,0,230,95,3,328,0,240,103,4,347,393,0,393,740
07/22/2020,FFZ,AZ,AWP,CE,Towers with Radar,0,10,4,0,14,0,221,135,7,363,0,231,139,7,377,392,0,392,769
07/23/2020,FFZ,AZ,AWP,CE,Towers with Radar,0,12,10,0,22,0,120,92,11,223,0,132,102,11,245,280,0,280,525
07/24/2020,FFZ,AZ,AWP,CE,Towers with Radar,0,13,6,0,19,0,202,139,9,350,0,215,145,9,369,439,0,439,808
07/25/2020,FFZ,AZ,AWP,CE,Towers with Radar,0,16,10,0,26,0,188,140,3,331,0,204,150,3,357,379,0,379,736
07/26/2020,FFZ,AZ,AWP,CE,Towers with Radar,0,5,6,0,11,0,189,125,0,314,0,194,131,0,325,298,0,298,623
07/27/2020,FFZ,AZ,AWP,CE,Towers with Radar,0,11,9,0,20,0,201,100,2,303,0,212,109,2,323,410,0,410,733
07/28/2020,FFZ,AZ,AWP,CE,Towers with Radar,0,23,7,0,30,0,210,113,7,330,0,233,120,7,360,511,0,511,871
07/29/2020,FFZ,AZ,AWP,CE,Towers with Radar,0,18,2,0,20,0,235,128,7,370,0,253,130,7,390,354,0,354,744
07/30/2020,FFZ,AZ,AWP,CE,Towers with Radar,0,16,8,0,24,0,204,99,9,312,0,220,107,9,336,321,0,321,657
07/31/2020,FFZ,AZ,AWP,CE,Towers with Radar,0,16,5,0,21,0,191,145,7,343,0,207,150,7,364,429,0,429,793
08/01/2020,FFZ,AZ,AWP,CE,Towers with Radar,0,15,6,0,21,0,145,116,1,262,0,160,122,1,283,305,0,305,588
08/02/2020,FFZ,AZ,AWP,CE,Towers with Radar,0,18,4,0,22,0,169,109,0,278,0,187,113,0,300,361,0,361,661
08/03/2020,FFZ,AZ,AWP,CE,Towers with Radar,0,16,6,0,22,0,220,111,2,333,0,236,117,2,355,377,0,377,732
08/04/2020,FFZ,AZ,AWP,CE,Towers with Radar,0,42,13,0,55,0,239,140,16,395,0,281,153,16,450,348,0,348,798
08/05/2020,FFZ,AZ,AWP,CE,Towers with Radar,0,16,10,0,26,0,247,126,10,383,0,263,136,10,409,355,0,355,764
08/06/2020,FFZ,AZ,AWP,CE,Towers with Radar,0,18,9,0,27,0,241,120,14,375,0,259,129,14,402,442,0,442,844
08/07/2020,FFZ,AZ,AWP,CE,Towers with Radar,0,26,8,0,34,0,243,165,8,416,0,269,173,8,450,498,0,498,948
08/08/2020,FFZ,AZ,AWP,CE,Towers with Radar,0,21,7,0,28,0,187,154,2,343,0,208,161,2,371,330,0,330,701
08/09/2020,FFZ,AZ,AWP,CE,Towers with Radar,0,14,8,0,22,0,149,119,0,268,0,163,127,0,290,420,0,420,710
08/10/2020,FFZ,AZ,AWP,CE,Towers with Radar,0,16,3,0,19,0,153,110,8,271,0,169,113,8,290,315,0,315,605
08/11/2020,FFZ,AZ,AWP,CE,Towers with Radar,0,19,6,0,25,0,218,149,6,373,0,237,155,6,398,344,0,344,742
08/12/2020,FFZ,AZ,AWP,CE,Towers with Radar,0,16,9,0,25,0,212,147,8,367,0,228,156,8,392,373,0,373,765
08/13/2020,FFZ,AZ,AWP,CE,Towers with Radar,0,13,10,0,23,0,200,101,14,315,0,213,111,14,338,344,0,344,682
08/14/2020,FFZ,AZ,AWP,CE,Towers with Radar,0,16,7,0,23,0,198,140,8,346,0,214,147,8,369,266,0,266,635
08/15/2020,FFZ,AZ,AWP,CE,Towers with Radar,0,14,7,0,21,0,175,142,4,321,0,189,149,4,342,342,0,342,684
08/16/2020,FFZ,AZ,AWP,CE,Towers with Radar,0,5,5,0,10,0,142,95,0,237,0,147,100,0,247,264,0,264,511
08/17/2020,FFZ,AZ,AWP,CE,Towers with Radar,0,12,4,0,16,0,201,92,13,306,0,213,96,13,322,275,0,275,597
08/18/2020,FFZ,AZ,AWP,CE,Towers with Radar,0,10,10,0,20,0,230,125,5,360,0,240,135,5,380,425,0,425,805
08/19/2020,FFZ,AZ,AWP,CE,Towers with Radar,0,15,8,0,23,0,230,106,9,345,0,245,114,9,368,527,0,527,895
08/20/2020,FFZ,AZ,AWP,CE,Towers with Radar,0,10,9,0,19,0,171,122,11,304,0,181,131,11,323,385,0,385,708
08/21/2020,FFZ,AZ,AWP,CE,Towers with Radar,0,18,5,0,23,0,207,147,5,359,0,225,152,5,382,491,0,491,873
08/22/2020,FFZ,AZ,AWP,CE,Towers with Radar,0,18,6,0,24,0,169,164,4,337,0,187,170,4,361,299,0,299,660
08/23/2020,FFZ,AZ,AWP,CE,Towers with Radar,2,12,6,0,20,0,152,102,1,255,2,164,108,1,275,285,0,285,560
08/24/2020,FFZ,AZ,AWP,CE,Towers with Radar,0,10,4,0,14,0,144,158,2,304,0,154,162,2,318,351,0,351,669
08/25/2020,FFZ,AZ,AWP,CE,Towers with Radar,0,14,6,0,20,0,191,109,6,306,0,205,115,6,326,334,0,334,660
08/26/2020,FFZ,AZ,AWP,CE,Towers with Radar,0,17,10,0,27,0,225,127,9,361,0,242,137,9,388,543,0,543,931
08/27/2020,FFZ,AZ,AWP,CE,Towers with Radar,0,17,11,0,28,0,212,145,7,364,0,229,156,7,392,541,0,541,933
08/28/2020,FFZ,AZ,AWP,CE,Towers with Radar,0,18,5,0,23,0,191,142,6,339,0,209,147,6,362,510,0,510,872
08/29/2020,FFZ,AZ,AWP,CE,Towers with Radar,0,8,1,0,9,0,152,207,7,366,0,160,208,7,375,526,0,526,901
08/30/2020,FFZ,AZ,AWP,CE,Towers with Radar,0,13,7,0,20,0,135,168,2,305,0,148,175,2,325,415,0,415,740
08/31/2020,FFZ,AZ,AWP,CE,Towers with Radar,0,19,7,0,26,0,187,147,5,339,0,206,154,5,365,386,0,386,751
09/01/2020,FFZ,AZ,AWP,CE,Towers with Radar,0,23,17,0,40,0,238,120,4,362,0,261,137,4,402,521,0,521,923
09/02/2020,FFZ,AZ,AWP,CE,Towers with Radar,0,22,7,0,29,0,230,160,9,399,0,252,167,9,428,455,0,455,883
09/03/2020,FFZ,AZ,AWP,CE,Towers with Radar,0,12,9,0,21,0,249,142,4,395,0,261,151,4,416,429,0,429,845
09/04/2020,FFZ,AZ,AWP,CE,Towers with Radar,0,13,6,0,19,0,171,135,4,310,0,184,141,4,329,414,0,414,743
09/05/2020,FFZ,AZ,AWP,CE,Towers with Radar,0,5,1,0,6,0,115,155,3,273,0,120,156,3,279,255,0,255,534
09/06/2020,FFZ,AZ,AWP,CE,Towers with Radar,0,13,3,0,16,0,150,90,0,240,0,163,93,0,256,307,0,307,563
09/07/2020,FFZ,AZ,AWP,CE,Towers with Radar,0,10,13,0,23,0,122,138,0,260,0,132,151,0,283,383,0,383,666
09/08/2020,FFZ,AZ,AWP,CE,Towers with Radar,0,13,9,0,22,0,140,108,9,257,0,153,117,9,279,358,0,358,637
09/09/2020,FFZ,AZ,AWP,CE,Towers with Radar,0,14,11,0,25,0,244,149,25,418,0,258,160,25,443,553,0,553,996
09/10/2020,FFZ,AZ,AWP,CE,Towers with Radar,0,17,9,0,26,0,253,187,1,441,0,270,196,1,467,513,0,513,980
09/11/2020,FFZ,AZ,AWP,CE,Towers with Radar,0,13,11,0,24,0,277,176,5,458,0,290,187,5,482,670,0,670,1152
09/12/2020,FFZ,AZ,AWP,CE,Towers with Radar,0,9,7,0,16,0,187,142,7,336,0,196,149,7,352,466,0,466,818
09/13/2020,FFZ,AZ,AWP,CE,Towers with Radar,0,11,5,0,16,0,168,124,1,293,0,179,129,1,309,442,0,442,751
09/14/2020,FFZ,AZ,AWP,CE,Towers with Radar,0,12,11,0,23,0,118,84,4,206,0,130,95,4,229,329,0,329,558
09/15/2020,FFZ,AZ,AWP,CE,Towers with Radar,0,13,5,0,18,0,281,158,6,445,0,294,163,6,463,699,0,699,1162
09/16/2020,FFZ,AZ,AWP,CE,Towers with Radar,0,14,7,0,21,0,278,145,3,426,0,292,152,3,447,546,0,546,993
09/17/2020,FFZ,AZ,AWP,CE,Towers with Radar,0,6,7,0,13,0,285,152,4,441,0,291,159,4,454,602,0,602,1056
09/18/2020,FFZ,AZ,AWP,CE,Towers with Radar,0,13,8,0,21,0,288,155,2,445,0,301,163,2,466,529,0,529,995
09/19/2020,FFZ,AZ,AWP,CE,Towers with Radar,0,8,5,0,13,0,165,134,1,300,0,173,139,1,313,391,0,391,704
09/20/2020,FFZ,AZ,AWP,CE,Towers with Radar,0,7,3,0,10,0,134,113,0,247,0,141,116,0,257,343,0,343,600
09/21/2020,FFZ,AZ,AWP,CE,Towers with Radar,0,16,9,0,25,0,225,112,1,338,0,241,121,1,363,517,0,517,880
09/22/2020,FFZ,AZ,AWP,CE,Towers with Radar,0,19,7,0,26,0,234,145,6,385,0,253,152,6,411,632,0,632,1043
09/23/2020,FFZ,AZ,AWP,CE,Towers with Radar,0,16,11,0,27,0,289,153,4,446,0,305,164,4,473,548,0,548,1021
09/24/2020,FFZ,AZ,AWP,CE,Towers with Radar,0,19,7,0,26,0,249,147,9,405,0,268,154,9,431,477,0,477,908
09/25/2020,FFZ,AZ,AWP,CE,Towers with Radar,0,15,9,0,24,0,269,141,2,412,0,284,150,2,436,675,0,675,1111
09/26/2020,FFZ,AZ,AWP,CE,Towers with Radar,0,19,6,0,25,0,193,165,0,358,0,212,171,0,383,556,0,556,939
09/27/2020,FFZ,AZ,AWP,CE,Towers with Radar,0,13,6,0,19,0,168,130,0,298,0,181,136,0,317,465,0,465,782
09/28/2020,FFZ,AZ,AWP,CE,Towers with Radar,0,15,7,0,22,0,200,149,2,351,0,215,156,2,373,606,0,606,979
09/29/2020,FFZ,AZ,AWP,CE,Towers with Radar,0,15,16,0,31,0,227,154,1,382,0,242,170,1,413,525,0,525,938
09/30/2020,FFZ,AZ,AWP,CE,Towers with Radar,0,21,4,0,25,0,215,173,6,394,0,236,177,6,419,600,0,600,1019
10/01/2020,FFZ,AZ,AWP,CE,Towers with Radar,1,15,11,0,27,0,245,155,3,403,1,260,166,3,430,402,0,402,832
10/02/2020,FFZ,AZ,AWP,CE,Towers with Radar,0,7,7,0,14,0,193,200,2,395,0,200,207,2,409,649,0,649,1058
10/03/2020,FFZ,AZ,AWP,CE,Towers with Radar,2,11,2,0,15,0,194,152,0,346,2,205,154,0,361,435,0,435,796
10/04/2020,FFZ,AZ,AWP,CE,Towers with Radar,0,10,6,0,16,0,161,132,0,293,0,171,138,0,309,413,0,413,722
10/05/2020,FFZ,AZ,AWP,CE,Towers with Radar,0,10,9,0,19,0,157,129,0,286,0,167,138,0,305,597,0,597,902
10/06/2020,FFZ,AZ,AWP,CE,Towers with Radar,0,14,10,0,24,0,217,147,3,367,0,231,157,3,391,536,0,536,927
10/07/2020,FFZ,AZ,AWP,CE,Towers with Radar,0,16,8,0,24,0,242,172,2,416,0,258,180,2,440,564,0,564,1004
10/08/2020,FFZ,AZ,AWP,CE,Towers with Radar,0,14,6,0,20,0,250,150,1,401,0,264,156,1,421,615,0,615,1036
10/09/2020,FFZ,AZ,AWP,CE,Towers with Radar,0,17,8,0,25,0,211,189,3,403,0,228,197,3,428,714,0,714,1142
10/10/2020,FFZ,AZ,AWP,CE,Towers with Radar,0,5,9,0,14,0,158,207,1,366,0,163,216,1,380,437,0,437,817
10/11/2020,FFZ,AZ,AWP,CE,Towers with Radar,0,8,16,0,24,0,124,114,0,238,0,132,130,0,262,317,0,317,579
10/12/2020,FFZ,AZ,AWP,CE,Towers with Radar,0,20,5,0,25,0,192,129,1,322,0,212,134,1,347,560,0,560,907
10/13/2020,FFZ,AZ,AWP,CE,Towers with Radar,0,13,18,0,31,0,218,180,2,400,0,231,198,2,431,633,0,633,1064
10/14/2020,FFZ,AZ,AWP,CE,Towers with Radar,0,15,10,0,25,0,253,201,3,457,0,268,211,3,482,752,0,752,1234
10/15/2020,FFZ,AZ,AWP,CE,Towers with Radar,0,10,13,0,23,0,254,189,5,448,0,264,202,5,471,593,0,593,1064
10/16/2020,FFZ,AZ,AWP,CE,Towers with Radar,0,20,9,0,29,0,181,168,1,350,0,201,177,1,379,500,0,500,879
10/17/2020,FFZ,AZ,AWP,CE,Towers with Radar,0,7,3,0,10,0,178,216,2,396,0,185,219,2,406,472,0,472,878
10/18/2020,FFZ,AZ,AWP,CE,Towers with Radar,0,4,12,0,16,0,146,144,0,290,0,150,156,0,306,362,0,362,668
10/19/2020,FFZ,AZ,AWP,CE,Towers with Radar,0,15,15,0,30,0,100,93,0,193,0,115,108,0,223,344,0,344,567
10/20/2020,FFZ,AZ,AWP,CE,Towers with Radar,0,8,15,0,23,0,285,192,6,483,0,293,207,6,506,472,0,472,978
10/21/2020,FFZ,AZ,AWP,CE,Towers with Radar,0,10,16,0,26,0,187,176,4,367,0,197,192,4,393,471,0,471,864
10/22/2020,FFZ,AZ,AWP,CE,Towers with Radar,0,10,16,0,26,0,235,189,8,432,0,245,205,8,458,466,0,466,924
10/23/2020,FFZ,AZ,AWP,CE,Towers with Radar,0,25,13,0,38,0,197,235,19,451,0,222,248,19,489,501,3,504,993
10/24/2020,FFZ,AZ,AWP,CE,Towers with Radar,0,5,3,0,8,0,189,193,1,383,0,194,196,1,391,459,0,459,850
10/25/2020,FFZ,AZ,AWP,CE,Towers with Radar,0,7,11,0,18,0,183,115,0,298,0,190,126,0,316,353,0,353,669
10/26/2020,FFZ,AZ,AWP,CE,Towers with Radar,0,9,10,0,19,0,126,104,11,241,0,135,114,11,260,386,0,386,646
10/27/2020,FFZ,AZ,AWP,CE,Towers with Radar,0,19,12,0,31,0,180,128,3,311,0,199,140,3,342,546,0,546,888
10/28/2020,FFZ,AZ,AWP,CE,Towers with Radar,0,14,4,0,18,0,186,172,4,362,0,200,176,4,380,636,0,636,1016
10/29/2020,FFZ,AZ,AWP,CE,Towers with Radar,1,10,7,0,18,0,226,214,5,445,1,236,221,5,463,540,0,540,1003
10/30/2020,FFZ,AZ,AWP,CE,Towers with Radar,0,3,14,1,18,0,285,198,2,485,0,288,212,3,503,444,0,444,947
10/31/2020,FFZ,AZ,AWP,CE,Towers with Radar,0,8,6,0,14,0,185,202,10,397,0,193,208,10,411,548,0,548,959
11/01/2020,FFZ,AZ,AWP,CE,Towers with Radar,0,3,9,0,12,0,151,134,0,285,0,154,143,0,297,337,0,337,634
11/02/2020,FFZ,AZ,AWP,CE,Towers with Radar,0,8,11,0,19,0,205,126,12,343,0,213,137,12,362,341,0,341,703
11/03/2020,FFZ,AZ,AWP,CE,Towers with Radar,0,6,16,0,22,0,240,155,5,400,0,246,171,5,422,608,0,608,1030
11/04/2020,FFZ,AZ,AWP,CE,Towers with Radar,0,11,13,0,24,0,284,212,5,501,0,295,225,5,525,465,0,465,990
11/05/2020,FFZ,AZ,AWP,CE,Towers with Radar,0,7,11,0,18,0,235,163,12,410,0,242,174,12,428,479,0,479,907
11/06/2020,FFZ,AZ,AWP,CE,Towers with Radar,0,8,18,0,26,0,226,166,9,401,0,234,184,9,427,433,0,433,860
11/07/2020,FFZ,AZ,AWP,CE,Towers with Radar,0,4,3,0,7,0,71,69,1,141,0,75,72,1,148,312,0,312,460
11/08/2020,FFZ,AZ,AWP,CE,Towers with Radar,0,3,9,0,12,0,117,116,0,233,0,120,125,0,245,387,0,387,632
11/09/2020,FFZ,AZ,AWP,CE,Towers with Radar,0,4,13,2,19,0,194,127,5,326,0,198,140,7,345,460,0,460,805
11/10/2020,FFZ,AZ,AWP,CE,Towers with Radar,0,9,13,0,22,0,241,164,15,420,0,250,177,15,442,619,0,619,1061
11/11/2020,FFZ,AZ,AWP,CE,Towers with Radar,0,3,9,0,12,0,270,220,6,496,0,273,229,6,508,596,0,596,1104
11/12/2020,FFZ,AZ,AWP,CE,Towers with Radar,0,6,16,0,22,0,254,156,15,425,0,260,172,15,447,553,0,553,1000
11/13/2020,FFZ,AZ,AWP,CE,Towers with Radar,0,13,11,0,24,0,294,197,2,493,0,307,208,2,517,528,0,528,1045
11/14/2020,FFZ,AZ,AWP,CE,Towers with Radar,0,5,9,0,14,0,216,189,2,407,0,221,198,2,421,458,0,458,879
11/15/2020,FFZ,AZ,AWP,CE,Towers with Radar,0,3,7,0,10,0,179,186,0,365,0,182,193,0,375,682,0,682,1057
11/16/2020,FFZ,AZ,AWP,CE,Towers with Radar,0,7,6,0,13,0,253,155,5,413,0,260,161,5,426,625,0,625,1051
11/17/2020,FFZ,AZ,AWP,CE,Towers with Radar,0,10,9,0,19,0,248,168,1,417,0,258,177,1,436,685,0,685,1121
11/18/2020,FFZ,AZ,AWP,CE,Towers with Radar,0,12,14,0,26,0,276,203,5,484,0,288,217,5,510,625,0,625,1135
11/19/2020,FFZ,AZ,AWP,CE,Towers with Radar,0,7,8,0,15,0,272,198,7,477,0,279,206,7,492,629,0,629,1121
11/20/2020,FFZ,AZ,AWP,CE,Towers with Radar,0,12,11,0,23,0,267,182,5,454,0,279,193,5,477,826,0,826,1303
11/21/2020,FFZ,AZ,AWP,CE,Towers with Radar,0,4,11,0,15,0,235,235,5,475,0,239,246,5,490,552,0,552,1042
11/22/2020,FFZ,AZ,AWP,CE,Towers with Radar,0,4,9,0,13,0,175,171,1,347,0,179,180,1,360,512,0,512,872
11/23/2020,FFZ,AZ,AWP,CE,Towers with Radar,0,4,15,0,19,0,229,185,4,418,0,233,200,4,437,647,4,651,1088
11/24/2020,FFZ,AZ,AWP,CE,Towers with Radar,0,5,17,0,22,0,248,142,5,395,0,253,159,5,417,829,0,829,1246
11/25/2020,FFZ,AZ,AWP,CE,Towers with Radar,0,13,8,0,21,0,214,201,0,415,0,227,209,0,436,773,0,773,1209
11/26/2020,FFZ,AZ,AWP,CE,Towers with Radar,0,0,3,0,3,0,8,80,0,88,0,8,83,0,91,36,0,36,127
11/27/2020,FFZ,AZ,AWP,CE,Towers with Radar,0,6,8,0,14,0,162,148,0,310,0,168,156,0,324,504,0,504,828
11/28/2020,FFZ,AZ,AWP,CE,Towers with Radar,0,5,12,0,17,0,110,156,0,266,0,115,168,0,283,514,0,514,797
11/29/2020,FFZ,AZ,AWP,CE,Towers with Radar,0,8,9,0,17,0,156,131,0,287,0,164,140,0,304,569,0,569,873
11/30/2020,FFZ,AZ,AWP,CE,Towers with Radar,0,3,14,0,17,0,180,134,0,314,0,183,148,0,331,582,0,582,913
12/01/2020,FFZ,AZ,AWP,CE,Towers with Radar,0,19,11,0,30,0,278,158,6,442,0,297,169,6,472,671,0,671,1143
12/02/2020,FFZ,AZ,AWP,CE,Towers with Radar,0,11,22,0,33,0,224,156,10,390,0,235,178,10,423,559,0,559,982
12/03/2020,FFZ,AZ,AWP,CE,Towers with Radar,0,11,15,0,26,0,202,147,4,353,0,213,162,4,379,537,0,537,916
12/04/2020,FFZ,AZ,AWP,CE,Towers with Radar,0,9,6,0,15,0,206,176,5,387,0,215,182,5,402,528,0,528,930
12/05/2020,FFZ,AZ,AWP,CE,Towers with Radar,0,2,3,0,5,0,178,187,1,366,0,180,190,1,371,513,0,513,884
12/06/2020,FFZ,AZ,AWP,CE,Towers with Radar,0,2,7,0,9,0,202,153,0,355,0,204,160,0,364,535,0,535,899
12/07/2020,FFZ,AZ,AWP,CE,Towers with Radar,0,3,9,0,12,0,181,164,4,349,0,184,173,4,361,375,0,375,736
12/08/2020,FFZ,AZ,AWP,CE,Towers with Radar,0,11,11,0,22,0,268,195,12,475,0,279,206,12,497,688,0,688,1185
12/09/2020,FFZ,AZ,AWP,CE,Towers with Radar,0,11,11,0,22,0,250,207,4,461,0,261,218,4,483,790,0,790,1273
12/10/2020,FFZ,AZ,AWP,CE,Towers with Radar,0,31,12,0,43,0,31,40,4,75,0,62,52,4,118,172,0,172,290
12/11/2020,FFZ,AZ,AWP,CE,Towers with Radar,0,16,19,0,35,0,221,163,15,399,0,237,182,15,434,778,0,778,1212
12/12/2020,FFZ,AZ,AWP,CE,Towers with Radar,0,2,6,0,8,0,190,206,2,398,0,192,212,2,406,595,0,595,1001
12/13/2020,FFZ,AZ,AWP,CE,Towers with Radar,0,10,4,0,14,0,198,154,0,352,0,208,158,0,366,458,0,458,824
12/14/2020,FFZ,AZ,AWP,CE,Towers with Radar,0,8,9,0,17,0,254,191,9,454,0,262,200,9,471,753,0,753,1224
12/15/2020,FFZ,AZ,AWP,CE,Towers with Radar,0,10,8,0,18,0,252,168,10,430,0,262,176,10,448,825,0,825,1273
12/16/2020,FFZ,AZ,AWP,CE,Towers with Radar,0,16,12,0,28,0,262,218,13,493,0,278,230,13,521,895,0,895,1416
12/17/2020,FFZ,AZ,AWP,CE,Towers with Radar,0,5,13,0,18,0,244,146,2,392,0,249,159,2,410,842,0,842,1252
12/18/2020,FFZ,AZ,AWP,CE,Towers with Radar,0,9,8,0,17,0,212,146,7,365,0,221,154,7,382,752,0,752,1134
12/19/2020,FFZ,AZ,AWP,CE,Towers with Radar,0,1,7,0,8,0,199,199,2,400,0,200,206,2,408,329,0,329,737
12/20/2020,FFZ,AZ,AWP,CE,Towers with Radar,0,2,8,0,10,0,164,124,0,288,0,166,132,0,298,605,0,605,903
12/21/2020,FFZ,AZ,AWP,CE,Towers with Radar,0,7,7,0,14,0,213,153,7,373,0,220,160,7,387,626,0,626,1013
12/22/2020,FFZ,AZ,AWP,CE,Towers with Radar,0,8,6,0,14,0,230,156,1,387,0,238,162,1,401,545,0,545,946
12/23/2020,FFZ,AZ,AWP,CE,Towers with Radar,0,3,12,0,15,0,167,126,5,298,0,170,138,5,313,473,0,473,786
12/24/2020,FFZ,AZ,AWP,CE,Towers with Radar,0,4,12,0,16,0,85,58,1,144,0,89,70,1,160,214,0,214,374
12/25/2020,FFZ,AZ,AWP,CE,Towers with Radar,0,2,2,0,4,0,2,34,0,36,0,4,36,0,40,31,0,31,71
12/26/2020,FFZ,AZ,AWP,CE,Towers with Radar,0,2,3,0,5,0,67,154,2,223,0,69,157,2,228,266,0,266,494
12/27/2020,FFZ,AZ,AWP,CE,Towers with Radar,0,5,12,0,17,0,108,160,0,268,0,113,172,0,285,451,0,451,736
12/28/2020,FFZ,AZ,AWP,CE,Towers with Radar,0,2,9,0,11,0,74,105,1,180,0,76,114,1,191,356,0,356,547
12/29/2020,FFZ,AZ,AWP,CE,Towers with Radar,0,6,7,0,13,0,174,152,3,329,0,180,159,3,342,575,0,575,917
12/30/2020,FFZ,AZ,AWP,CE,Towers with Radar,0,5,7,0,12,0,131,165,4,300,0,136,172,4,312,496,0,496,808
12/31/2020,FFZ,AZ,AWP,CE,Towers with Radar,0,8,9,0,17,0,151,172,0,323,0,159,181,0,340,336,0,336,676
01/01/2021,FFZ,AZ,AWP,CE,Towers with Radar,0,3,7,0,10,0,80,101,0,181,0,83,108,0,191,214,0,214,405
01/02/2021,FFZ,AZ,AWP,CE,Towers with Radar,0,3,9,0,12,0,112,229,0,341,0,115,238,0,353,361,0,361,714
01/03/2021,FFZ,AZ,AWP,CE,Towers with Radar,0,11,9,0,20,0,116,150,0,266,0,127,159,0,286,461,0,461,747
01/04/2021,FFZ,AZ,AWP,CE,Towers with Radar,0,6,9,0,15,0,193,146,3,342,0,199,155,3,357,636,0,636,993
01/05/2021,FFZ,AZ,AWP,CE,Towers with Radar,0,7,8,0,15,0,246,135,5,386,0,253,143,5,401,660,0,660,1061
01/06/2021,FFZ,AZ,AWP,CE,Towers with Radar,0,4,10,0,14,0,220,200,6,426,0,224,210,6,440,752,0,752,1192
01/07/2021,FFZ,AZ,AWP,CE,Towers with Radar,0,5,6,0,11,0,264,219,6,489,0,269,225,6,500,772,0,772,1272
01/08/2021,FFZ,AZ,AWP,CE,Towers with Radar,0,6,7,0,13,17,166,200,11,394,17,172,207,11,407,693,0,693,1100
01/09/2021,FFZ,AZ,AWP,CE,Towers with Radar,0,10,9,0,19,0,146,215,2,363,0,156,224,2,382,490,0,490,872
01/10/2021,FFZ,AZ,AWP,CE,Towers with Radar,0,8,11,0,19,0,176,125,0,301,0,184,136,0,320,500,0,500,820
01/11/2021,FFZ,AZ,AWP,CE,Towers with Radar,0,4,5,0,9,0,170,172,7,349,0,174,177,7,358,409,0,409,767
01/12/2021,FFZ,AZ,AWP,CE,Towers with Radar,0,8,10,0,18,0,228,170,12,410,0,236,180,12,428,683,0,683,1111
01/13/2021,FFZ,AZ,AWP,CE,Towers with Radar,0,6,12,0,18,0,240,180,5,425,0,246,192,5,443,700,0,700,1143
01/14/2021,FFZ,AZ,AWP,CE,Towers with Radar,0,7,13,0,20,0,191,187,5,383,0,198,200,5,403,638,0,638,1041
01/15/2021,FFZ,AZ,AWP,CE,Towers with Radar,0,7,10,0,17,0,156,180,0,336,0,163,190,0,353,629,0,629,982
01/16/2021,FFZ,AZ,AWP,CE,Towers with Radar,0,6,3,0,9,0,166,213,9,388,0,172,216,9,397,688,0,688,1085
01/17/2021,FFZ,AZ,AWP,CE,Towers with Radar,0,3,10,0,13,0,187,157,0,344,0,190,167,0,357,550,0,550,907
01/18/2021,FFZ,AZ,AWP,CE,Towers with Radar,0,7,18,0,25,0,227,194,5,426,0,234,212,5,451,744,0,744,1195
01/19/2021,FFZ,AZ,AWP,CE,Towers with Radar,0,2,9,0,11,0,152,94,4,250,0,154,103,4,261,531,0,531,792
01/20/2021,FFZ,AZ,AWP,CE,Towers with Radar,0,6,11,0,17,0,150,124,17,291,0,156,135,17,308,550,0,550,858
01/21/2021,FFZ,AZ,AWP,CE,Towers with Radar,0,4,19,0,23,0,188,154,10,352,0,192,173,10,375,787,0,787,1162
01/22/2021,FFZ,AZ,AWP,CE,Towers with Radar,0,11,9,0,20,0,135,132,9,276,0,146,141,9,296,482,0,482,778
01/23/2021,FFZ,AZ,AWP,CE,Towers with Radar,0,9,7,0,16,0,80,113,3,196,0,89,120,3,212,625,0,625,837
01/24/2021,FFZ,AZ,AWP,CE,Towers with Radar,0,7,9,0,16,0,7,11,1,19,0,14,20,1,35,81,0,81,116
01/25/2021,FFZ,AZ,AWP,CE,Towers with Radar,0,0,5,0,5,0,5,3,0,8,0,5,8,0,13,46,0,46,59
01/26/2021,FFZ,AZ,AWP,CE,Towers with Radar,0,3,5,0,8,0,79,76,3,158,0,82,81,3,166,468,0,468,634
01/27/2021,FFZ,AZ,AWP,CE,Towers with Radar,0,11,8,0,19,0,261,223,6,490,0,272,231,6,509,672,0,672,1181
01/28/2021,FFZ,AZ,AWP,CE,Towers with Radar,0,7,6,0,13,0,259,206,14,479,0,266,212,14,492,707,0,707,1199
01/29/2021,FFZ,AZ,AWP,CE,Towers with Radar,0,5,4,0,9,0,102,111,6,219,0,107,115,6,228,532,0,532,760
01/30/2021,FFZ,AZ,AWP,CE,Towers with Radar,0,9,5,0,14,0,169,207,6,382,0,178,212,6,396,695,0,695,1091
01/31/2021,FFZ,AZ,AWP,CE,Towers with Radar,0,4,12,0,16,0,221,184,0,405,0,225,196,0,421,479,0,479,900
02/01/2021,FFZ,AZ,AWP,CE,Towers with Radar,0,6,10,0,16,0,166,160,7,333,0,172,170,7,349,527,0,527,876
02/02/2021,FFZ,AZ,AWP,CE,Towers with Radar,0,5,16,0,21,0,239,183,5,427,0,244,199,5,448,682,0,682,1130
02/03/2021,FFZ,AZ,AWP,CE,Towers with Radar,0,4,14,0,18,0,249,158,5,412,0,253,172,5,430,587,0,587,1017
02/04/2021,FFZ,AZ,AWP,CE,Towers with Radar,0,7,15,0,22,0,224,212,4,440,0,231,227,4,462,686,0,686,1148
02/05/2021,FFZ,AZ,AWP,CE,Towers with Radar,0,5,14,0,19,0,205,217,0,422,0,210,231,0,441,764,0,764,1205
02/06/2021,FFZ,AZ,AWP,CE,Towers with Radar,0,5,10,0,15,0,147,280,2,429,0,152,290,2,444,484,0,484,928
02/07/2021,FFZ,AZ,AWP,CE,Towers with Radar,0,4,13,0,17,0,248,135,0,383,0,252,148,0,400,527,0,527,927
02/08/2021,FFZ,AZ,AWP,CE,Towers with Radar,0,1,10,0,11,0,202,151,1,354,0,203,161,1,365,784,0,784,1149
02/09/2021,FFZ,AZ,AWP,CE,Towers with Radar,0,16,10,0,26,0,262,143,10,415,0,278,153,10,441,777,0,777,1218
02/10/2021,FFZ,AZ,AWP,CE,Towers with Radar,0,1,8,0,9,0,265,176,10,451,0,266,184,10,460,842,0,842,1302
02/11/2021,FFZ,AZ,AWP,CE,Towers with Radar,0,6,18,0,24,0,243,205,13,461,0,249,223,13,485,775,0,775,1260
02/12/2021,FFZ,AZ,AWP,CE,Towers with Radar,0,8,14,0,22,0,205,169,0,374,0,213,183,0,396,649,0,649,1045
02/13/2021,FFZ,AZ,AWP,CE,Towers with Radar,0,7,9,0,16,0,101,154,1,256,0,108,163,1,272,404,0,404,676
02/14/2021,FFZ,AZ,AWP,CE,Towers with Radar,0,8,5,0,13,0,148,111,0,259,0,156,116,0,272,752,0,752,1024
02/15/2021,FFZ,AZ,AWP,CE,Towers with Radar,0,7,17,0,24,0,228,157,1,386,0,235,174,1,410,702,0,702,1112
02/16/2021,FFZ,AZ,AWP,CE,Towers with Radar,0,6,7,0,13,0,194,137,5,336,0,200,144,5,349,503,0,503,852
02/17/2021,FFZ,AZ,AWP,CE,Towers with Radar,0,7,12,0,19,0,238,189,4,431,0,245,201,4,450,366,0,366,816
02/18/2021,FFZ,AZ,AWP,CE,Towers with Radar,0,9,13,0,22,0,285,242,2,529,0,294,255,2,551,761,0,761,1312
02/19/2021,FFZ,AZ,AWP,CE,Towers with Radar,0,7,10,0,17,0,260,193,6,459,0,267,203,6,476,793,0,793,1269
02/20/2021,FFZ,AZ,AWP,CE,Towers with Radar,0,3,9,0,12,0,134,189,0,323,0,137,198,0,335,533,0,533,868
02/21/2021,FFZ,AZ,AWP,CE,Towers with Radar,0,7,11,0,18,0,179,169,0,348,0,186,180,0,366,668,0,668,1034
02/22/2021,FFZ,AZ,AWP,CE,Towers with Radar,0,2,7,0,9,0,201,174,4,379,0,203,181,4,388,657,0,657,1045
02/23/2021,FFZ,AZ,AWP,CE,Towers with Radar,0,4,8,0,12,0,221,220,3,444,0,225,228,3,456,642,0,642,1098
02/24/2021,FFZ,AZ,AWP,CE,Towers with Radar,0,9,9,0,18,0,242,212,12,466,0,251,221,12,484,724,0,724,1208
02/25/2021,FFZ,AZ,AWP,CE,Towers with Radar,0,10,8,0,18,0,212,193,7,412,0,222,201,7,430,710,0,710,1140
02/26/2021,FFZ,AZ,AWP,CE,Towers with Radar,0,9,15,0,24,0,231,219,2,452,0,240,234,2,476,677,0,677,1153
02/27/2021,FFZ,AZ,AWP,CE,Towers with Radar,0,12,3,0,15,0,219,231,0,450,0,231,234,0,465,768,0,768,1233
02/28/2021,FFZ,AZ,AWP,CE,Towers with Radar,0,4,9,0,13,0,95,98,0,193,0,99,107,0,206,318,0,318,524
03/01/2021,FFZ,AZ,AWP,CE,Towers with Radar,0,5,6,0,11,0,246,215,11,472,0,251,221,11,483,740,0,740,1223
03/02/2021,FFZ,AZ,AWP,CE,Towers with Radar,0,8,10,0,18,0,246,184,5,435,0,254,194,5,453,573,0,573,1026
03/03/2021,FFZ,AZ,AWP,CE,Towers with Radar,0,2,10,0,12,0,123,105,3,231,0,125,115,3,243,505,0,505,748
03/04/2021,FFZ,AZ,AWP,CE,Towers with Radar,0,10,15,0,25,0,303,156,16,475,0,313,171,16,500,809,0,809,1309
03/05/2021,FFZ,AZ,AWP,CE,Towers with Radar,0,10,18,0,28,0,284,245,4,533,0,294,263,4,561,820,0,820,1381
03/06/2021,FFZ,AZ,AWP,CE,Towers with Radar,0,7,12,0,19,0,179,212,2,393,0,186,224,2,412,586,0,586,998
03/07/2021,FFZ,AZ,AWP,CE,Towers with Radar,0,2,16,0,18,0,226,175,1,402,0,228,191,1,420,674,0,674,1094
03/08/2021,FFZ,AZ,AWP,CE,Towers with Radar,0,4,10,0,14,0,251,163,10,424,0,255,173,10,438,688,0,688,1126
03/09/2021,FFZ,AZ,AWP,CE,Towers with Radar,0,10,12,0,22,0,180,104,2,286,0,190,116,2,308,398,0,398,706
03/10/2021,FFZ,AZ,AWP,CE,Towers with Radar,0,10,18,0,28,0,267,187,11,465,0,277,205,11,493,821,0,821,1314
03/11/2021,FFZ,AZ,AWP,CE,Towers with Radar,0,8,9,0,17,0,254,187,6,447,0,262,196,6,464,910,0,910,1374
03/12/2021,FFZ,AZ,AWP,CE,Towers with Radar,0,10,11,0,21,0,99,83,4,186,0,109,94,4,207,813,0,813,1020
03/13/2021,FFZ,AZ,AWP,CE,Towers with Radar,0,5,14,0,19,0,102,109,6,217,0,107,123,6,236,630,0,630,866
03/14/2021,FFZ,AZ,AWP,CE,Towers with Radar,1,7,12,0,20,0,189,189,0,378,1,196,201,0,398,741,0,741,1139
03/15/2021,FFZ,AZ,AWP,CE,Towers with Radar,0,9,7,0,16,0,243,153,4,400,0,252,160,4,416,770,0,770,1186
03/16/2021,FFZ,AZ,AWP,CE,Towers with Radar,0,12,22,0,34,0,215,151,5,371,0,227,173,5,405,854,0,854,1259
03/17/2021,FFZ,AZ,AWP,CE,Towers with Radar,0,4,15,0,19,0,270,201,2,473,0,274,216,2,492,859,0,859,1351
03/18/2021,FFZ,AZ,AWP,CE,Towers with Radar,0,10,16,0,26,0,236,217,5,458,0,246,233,5,484,728,0,728,1212
03/19/2021,FFZ,AZ,AWP,CE,Towers with Radar,0,4,13,0,17,0,238,244,8,490,0,242,257,8,507,782,0,782,1289
03/20/2021,FFZ,AZ,AWP,CE,Towers with Radar,0,2,8,0,10,0,237,240,2,479,0,239,248,2,489,712,0,712,1201
03/21/2021,FFZ,AZ,AWP,CE,Towers with Radar,0,2,12,0,14,0,238,151,0,389,0,240,163,0,403,543,0,543,946
03/22/2021,FFZ,AZ,AWP,CE,Towers with Radar,0,2,5,0,7,0,189,130,0,319,0,191,135,0,326,550,0,550,876
03/23/2021,FFZ,AZ,AWP,CE,Towers with Radar,0,5,10,0,15,0,177,116,4,297,0,182,126,4,312,570,0,570,882
03/24/2021,FFZ,AZ,AWP,CE,Towers with Radar,0,6,21,0,27,0,226,262,6,494,0,232,283,6,521,950,0,950,1471
03/25/2021,FFZ,AZ,AWP,CE,Towers with Radar,0,3,8,0,11,0,92,111,6,209,0,95,119,6,220,382,0,382,602
03/26/2021,FFZ,AZ,AWP,CE,Towers with Radar,0,3,13,0,16,0,188,160,4,352,0,191,173,4,368,990,0,990,1358
03/27/2021,FFZ,AZ,AWP,CE,Towers with Radar,0,6,11,0,17,0,177,256,7,440,0,183,267,7,457,717,0,717,1174
03/28/2021,FFZ,AZ,AWP,CE,Towers with Radar,0,8,19,0,27,0,164,189,1,354,0,172,208,1,381,800,0,800,1181
03/29/2021,FFZ,AZ,AWP,CE,Towers with Radar,0,7,12,0,19,0,197,184,10,391,0,204,196,10,410,919,0,919,1329
03/30/2021,FFZ,AZ,AWP,CE,Towers with Radar,0,6,10,1,17,0,300,192,3,495,0,306,202,4,512,947,0,947,1459
03/31/2021,FFZ,AZ,AWP,CE,Towers with Radar,0,5,22,0,27,0,194,157,2,353,0,199,179,2,380,697,0,697,1077
04/01/2021,FFZ,AZ,AWP,CE,Towers with Radar,0,5,11,0,16,0,150,138,5,293,0,155,149,5,309,826,0,826,1135
04/02/2021,FFZ,AZ,AWP,CE,Towers with Radar,0,8,19,0,27,0,187,203,2,392,0,195,222,2,419,998,0,998,1417
04/03/2021,FFZ,AZ,AWP,CE,Towers with Radar,0,5,15,0,20,0,162,242,5,409,0,167,257,5,429,759,0,759,1188
04/04/2021,FFZ,AZ,AWP,CE,Towers with Radar,0,4,7,0,11,0,169,113,1,283,0,173,120,1,294,514,0,514,808
04/05/2021,FFZ,AZ,AWP,CE,Towers with Radar,0,10,12,0,22,0,253,184,7,444,0,263,196,7,466,848,0,848,1314
04/06/2021,FFZ,AZ,AWP,CE,Towers with Radar,0,2,12,0,14,0,273,177,9,459,0,275,189,9,473,1032,0,1032,1505
04/07/2021,FFZ,AZ,AWP,CE,Towers with Radar,0,6,12,0,18,0,279,218,6,503,0,285,230,6,521,951,0,951,1472
04/08/2021,FFZ,AZ,AWP,CE,Towers with Radar,0,7,12,2,21,0,206,197,3,406,0,213,209,5,427,758,0,758,1185
04/09/2021,FFZ,AZ,AWP,CE,Towers with Radar,0,7,16,0,23,0,249,222,8,479,0,256,238,8,502,739,0,739,1241
04/10/2021,FFZ,AZ,AWP,CE,Towers with Radar,0,10,9,0,19,0,205,198,5,408,0,215,207,5,427,680,0,680,1107
04/11/2021,FFZ,AZ,AWP,CE,Towers with Radar,0,4,5,0,9,0,174,166,0,340,0,178,171,0,349,640,0,640,989
04/12/2021,FFZ,AZ,AWP,CE,Towers with Radar,0,7,15,0,22,0,265,171,3,439,0,272,186,3,461,562,0,562,1023
04/13/2021,FFZ,AZ,AWP,CE,Towers with Radar,0,8,18,0,26,0,257,200,8,465,0,265,218,8,491,849,0,849,1340
04/14/2021,FFZ,AZ,AWP,CE,Towers with Radar,0,5,13,0,18,0,252,141,6,399,0,257,154,6,417,751,0,751,1168
04/15/2021,FFZ,AZ,AWP,CE,Towers with Radar,0,6,17,0,23,0,199,177,7,383,0,205,194,7,406,613,0,613,1019
04/16/2021,FFZ,AZ,AWP,CE,Towers with Radar,0,8,6,0,14,0,222,223,6,451,0,230,229,6,465,783,0,783,1248
04/17/2021,FFZ,AZ,AWP,CE,Towers with Radar,0,12,7,0,19,0,179,203,5,387,0,191,210,5,406,452,0,452,858
04/18/2021,FFZ,AZ,AWP,CE,Towers with Radar,0,8,14,0,22,0,104,116,1,221,0,112,130,1,243,447,0,447,690
04/19/2021,FFZ,AZ,AWP,CE,Towers with Radar,0,10,7,0,17,0,212,190,4,406,0,222,197,4,423,741,0,741,1164
04/20/2021,FFZ,AZ,AWP,CE,Towers with Radar,0,5,16,0,21,0,274,172,10,456,0,279,188,10,477,760,0,760,1237
04/21/2021,FFZ,AZ,AWP,CE,Towers with Radar,0,5,12,0,17,0,116,75,2,193,0,121,87,2,210,244,0,244,454
04/22/2021,FFZ,AZ,AWP,CE,Towers with Radar,0,6,16,0,22,0,271,198,12,481,0,277,214,12,503,603,0,603,1106
04/23/2021,FFZ,AZ,AWP,CE,Towers with Radar,0,12,13,0,25,0,220,195,3,418,0,232,208,3,443,616,0,616,1059
04/24/2021,FFZ,AZ,AWP,CE,Towers with Radar,0,7,10,0,17,0,187,244,7,438,0,194,254,7,455,436,0,436,891
04/25/2021,FFZ,AZ,AWP,CE,Towers with Radar,0,3,6,0,9,0,161,149,0,310,0,164,155,0,319,546,0,546,865
04/26/2021,FFZ,AZ,AWP,CE,Towers with Radar,0,14,13,0,27,0,190,122,5,317,0,204,135,5,344,538,0,538,882
04/27/2021,FFZ,AZ,AWP,CE,Towers with Radar,0,4,11,0,15,0,234,123,0,357,0,238,134,0,372,625,0,625,997
04/28/2021,FFZ,AZ,AWP,CE,Towers with Radar,0,7,10,0,17,0,271,177,12,460,0,278,187,12,477,564,0,564,1041
04/29/2021,FFZ,AZ,AWP,CE,Towers with Radar,0,9,16,0,25,0,216,197,6,419,0,225,213,6,444,542,0,542,986
04/30/2021,FFZ,AZ,AWP,CE,Towers with Radar,0,7,10,0,17,0,223,213,11,447,0,230,223,11,464,633,0,633,1097
05/01/2021,FFZ,AZ,AWP,CE,Towers with Radar,0,6,8,0,14,0,144,192,6,342,0,150,200,6,356,472,0,472,828
05/02/2021,FFZ,AZ,AWP,CE,Towers with Radar,0,4,7,0,11,0,158,115,0,273,0,162,122,0,284,380,0,380,664
05/03/2021,FFZ,AZ,AWP,CE,Towers with Radar,0,7,10,0,17,0,226,180,2,408,0,233,190,2,425,644,0,644,1069
05/04/2021,FFZ,AZ,AWP,CE,Towers with Radar,0,9,9,0,18,0,281,194,1,476,0,290,203,1,494,531,0,531,1025
05/05/2021,FFZ,AZ,AWP,CE,Towers with Radar,0,8,10,0,18,0,285,207,5,497,0,293,217,5,515,578,0,578,1093
05/06/2021,FFZ,AZ,AWP,CE,Towers with Radar,0,7,8,1,16,0,239,201,4,444,0,246,209,5,460,529,0,529,989
05/07/2021,FFZ,AZ,AWP,CE,Towers with Radar,0,11,7,0,18,0,181,207,1,389,0,192,214,1,407,549,0,549,956
05/08/2021,FFZ,AZ,AWP,CE,Towers with Radar,0,11,13,0,24,0,195,162,1,358,0,206,175,1,382,536,0,536,918
05/09/2021,FFZ,AZ,AWP,CE,Towers with Radar,0,8,3,0,11,0,173,122,0,295,0,181,125,0,306,446,0,446,752
05/10/2021,FFZ,AZ,AWP,CE,Towers with Radar,1,8,12,0,21,0,200,155,4,359,1,208,167,4,380,547,0,547,927
05/11/2021,FFZ,AZ,AWP,CE,Towers with Radar,0,9,7,0,16,0,238,189,2,429,0,247,196,2,445,734,0,734,1179
05/12/2021,FFZ,AZ,AWP,CE,Towers with Radar,0,8,13,0,21,0,241,196,7,444,0,249,209,7,465,687,0,687,1152
05/13/2021,FFZ,AZ,AWP,CE,Towers with Radar,0,9,9,0,18,0,224,166,3,393,0,233,175,3,411,504,0,504,915
05/14/2021,FFZ,AZ,AWP,CE,Towers with Radar,0,16,10,0,26,0,221,157,3,381,0,237,167,3,407,605,0,605,1012
05/15/2021,FFZ,AZ,AWP,CE,Towers with Radar,0,5,9,0,14,0,138,153,1,292,0,143,162,1,306,365,0,365,671
05/16/2021,FFZ,AZ,AWP,CE,Towers with Radar,0,6,8,0,14,0,144,129,1,274,0,150,137,1,288,288,0,288,576
05/17/2021,FFZ,AZ,AWP,CE,Towers with Radar,0,16,15,0,31,0,196,141,2,339,0,212,156,2,370,472,6,478,848
05/18/2021,FFZ,AZ,AWP,CE,Towers with Radar,0,9,5,0,14,0,237,148,6,391,0,246,153,6,405,669,0,669,1074
05/19/2021,FFZ,AZ,AWP,CE,Towers with Radar,0,12,6,0,18,0,209,156,1,366,0,221,162,1,384,648,0,648,1032
05/20/2021,FFZ,AZ,AWP,CE,Towers with Radar,0,11,14,0,25,0,236,159,6,401,0,247,173,6,426,466,0,466,892
05/21/2021,FFZ,AZ,AWP,CE,Towers with Radar,0,13,11,0,24,0,195,139,6,340,0,208,150,6,364,324,0,324,688
05/22/2021,FFZ,AZ,AWP,CE,Towers with Radar,0,7,16,0,23,0,183,185,9,377,0,190,201,9,400,424,0,424,824
05/23/2021,FFZ,AZ,AWP,CE,Towers with Radar,0,11,9,0,20,0,143,151,0,294,0,154,160,0,314,370,0,370,684
05/24/2021,FFZ,AZ,AWP,CE,Towers with Radar,0,14,11,0,25,0,209,178,2,389,0,223,189,2,414,666,0,666,1080
05/25/2021,FFZ,AZ,AWP,CE,Towers with Radar,0,13,5,0,18,0,281,172,2,455,0,294,177,2,473,707,0,707,1180
05/26/2021,FFZ,AZ,AWP,CE,Towers with Radar,0,14,5,0,19,0,293,186,5,484,0,307,191,5,503,660,0,660,1163
05/27/2021,FFZ,AZ,AWP,CE,Towers with Radar,0,15,12,0,27,0,270,179,12,461,0,285,191,12,488,550,0,550,1038
05/28/2021,FFZ,AZ,AWP,CE,Towers with Radar,0,11,14,0,25,0,242,177,3,422,0,253,191,3,447,702,0,702,1149
05/29/2021,FFZ,AZ,AWP,CE,Towers with Radar,0,11,7,0,18,0,172,129,13,314,0,183,136,13,332,396,0,396,728
05/30/2021,FFZ,AZ,AWP,CE,Towers with Radar,0,8,9,0,17,0,157,123,0,280,0,165,132,0,297,418,0,418,715
05/31/2021,FFZ,AZ,AWP,CE,Towers with Radar,0,5,9,0,14,0,163,125,1,289,0,168,134,1,303,449,0,449,752
06/01/2021,FFZ,AZ,AWP,CE,Towers with Radar,0,13,11,0,24,0,227,148,13,388,0,240,159,13,412,530,0,530,942
06/02/2021,FFZ,AZ,AWP,CE,Towers with Radar,0,18,11,0,29,0,235,140,2,377,0,253,151,2,406,486,0,486,892
06/03/2021,FFZ,AZ,AWP,CE,Towers with Radar,0,7,15,0,22,0,287,134,0,421,0,294,149,0,443,502,0,502,945
06/04/2021,FFZ,AZ,AWP,CE,Towers with Radar,0,11,17,0,28,0,230,147,6,383,0,241,164,6,411,663,0,663,1074
06/05/2021,FFZ,AZ,AWP,CE,Towers with Radar,0,5,8,0,13,0,185,196,6,387,0,190,204,6,400,299,0,299,699
06/06/2021,FFZ,AZ,AWP,CE,Towers with Radar,0,2,8,0,10,0,182,118,0,300,0,184,126,0,310,370,0,370,680
06/07/2021,FFZ,AZ,AWP,CE,Towers with Radar,0,16,9,0,25,0,206,116,7,329,0,222,125,7,354,413,0,413,767
06/08/2021,FFZ,AZ,AWP,CE,Towers with Radar,0,7,5,0,12,0,206,232,3,441,0,213,237,3,453,490,0,490,943
06/09/2021,FFZ,AZ,AWP,CE,Towers with Radar,0,7,17,0,24,0,291,184,12,487,0,298,201,12,511,561,0,561,1072
06/10/2021,FFZ,AZ,AWP,CE,Towers with Radar,0,10,16,0,26,0,324,199,11,534,0,334,215,11,560,573,0,573,1133
06/11/2021,FFZ,AZ,AWP,CE,Towers with Radar,0,4,9,0,13,0,261,165,7,433,0,265,174,7,446,539,0,539,985
06/12/2021,FFZ,AZ,AWP,CE,Towers with Radar,0,11,5,0,16,0,206,171,13,390,0,217,176,13,406,438,0,438,844
06/13/2021,FFZ,AZ,AWP,CE,Towers with Radar,0,5,3,0,8,0,181,125,0,306,0,186,128,0,314,320,0,320,634
06/14/2021,FFZ,AZ,AWP,CE,Towers with Radar,0,2,5,0,7,0,213,131,0,344,0,215,136,0,351,468,0,468,819
06/15/2021,FFZ,AZ,AWP,CE,Towers with Radar,0,9,8,0,17,0,227,160,5,392,0,236,168,5,409,399,0,399,808
06/16/2021,FFZ,AZ,AWP,CE,Towers with Radar,0,14,6,0,20,0,237,134,19,390,0,251,140,19,410,481,0,481,891
06/17/2021,FFZ,AZ,AWP,CE,Towers with Radar,0,3,9,0,12,0,228,138,27,393,0,231,147,27,405,351,0,351,756
06/18/2021,FFZ,AZ,AWP,CE,Towers with Radar,0,8,20,0,28,0,193,149,11,353,0,201,169,11,381,381,0,381,762
06/19/2021,FFZ,AZ,AWP,CE,Towers with Radar,0,5,1,0,6,0,139,123,7,269,0,144,124,7,275,308,0,308,583
06/20/2021,FFZ,AZ,AWP,CE,Towers with Radar,0,7,6,0,13,0,160,95,6,261,0,167,101,6,274,284,0,284,558
06/21/2021,FFZ,AZ,AWP,CE,Towers with Radar,0,8,11,0,19,0,232,144,3,379,0,240,155,3,398,418,0,418,816
06/22/2021,FFZ,AZ,AWP,CE,Towers with Radar,0,8,16,0,24,0,234,138,6,378,0,242,154,6,402,407,0,407,809
06/23/2021,FFZ,AZ,AWP,CE,Towers with Radar,0,5,6,0,11,0,75,109,10,194,0,80,115,10,205,412,0,412,617
06/24/2021,FFZ,AZ,AWP,CE,Towers with Radar,0,11,7,0,18,0,258,191,7,456,0,269,198,7,474,540,0,540,1014
06/25/2021,FFZ,AZ,AWP,CE,Towers with Radar,0,9,4,1,14,0,235,166,8,409,0,244,170,9,423,500,0,500,923
06/26/2021,FFZ,AZ,AWP,CE,Towers with Radar,0,4,6,0,10,0,215,120,7,342,0,219,126,7,352,210,0,210,562
06/27/2021,FFZ,AZ,AWP,CE,Towers with Radar,0,6,4,0,10,0,204,110,1,315,0,210,114,1,325,346,0,346,671
06/28/2021,FFZ,AZ,AWP,CE,Towers with Radar,0,9,9,0,18,0,184,87,6,277,0,193,96,6,295,425,0,425,720
06/29/2021,FFZ,AZ,AWP,CE,Towers with Radar,0,8,6,0,14,0,195,140,8,343,0,203,146,8,357,438,0,438,795
06/30/2021,FFZ,AZ,AWP,CE,Towers with Radar,2,2,9,0,13,0,226,153,5,384,2,228,162,5,397,482,0,482,879
07/01/2021,FFZ,AZ,AWP,CE,Towers with Radar,0,9,14,0,23,0,238,171,2,411,0,247,185,2,434,580,0,580,1014
07/02/2021,FFZ,AZ,AWP,CE,Towers with Radar,0,9,25,3,37,0,160,148,1,309,0,169,173,4,346,440,0,440,786
07/03/2021,FFZ,AZ,AWP,CE,Towers with Radar,0,1,3,0,4,0,147,120,0,267,0,148,123,0,271,388,0,388,659
07/04/2021,FFZ,AZ,AWP,CE,Towers with Radar,0,12,7,0,19,0,122,69,0,191,0,134,76,0,210,355,0,355,565
07/05/2021,FFZ,AZ,AWP,CE,Towers with Radar,0,9,12,0,21,0,113,127,0,240,0,122,139,0,261,306,0,306,567
07/06/2021,FFZ,AZ,AWP,CE,Towers with Radar,0,13,6,0,19,0,187,135,2,324,0,200,141,2,343,345,0,345,688
07/07/2021,FFZ,AZ,AWP,CE,Towers with Radar,0,5,13,0,18,0,212,160,4,376,0,217,173,4,394,609,0,609,1003
07/08/2021,FFZ,AZ,AWP,CE,Towers with Radar,0,6,6,1,13,0,211,135,7,353,0,217,141,8,366,540,0,540,906
07/09/2021,FFZ,AZ,AWP,CE,Towers with Radar,0,7,8,0,15,0,177,126,9,312,0,184,134,9,327,554,0,554,881
07/10/2021,FFZ,AZ,AWP,CE,Towers with Radar,2,4,7,0,13,0,137,117,4,258,2,141,124,4,271,396,0,396,667
07/11/2021,FFZ,AZ,AWP,CE,Towers with Radar,0,3,13,0,16,0,131,98,0,229,0,134,111,0,245,354,0,354,599
07/12/2021,FFZ,AZ,AWP,CE,Towers with Radar,0,7,9,0,16,0,197,109,1,307,0,204,118,1,323,622,0,622,945
07/13/2021,FFZ,AZ,AWP,CE,Towers with Radar,0,4,9,0,13,0,206,128,3,337,0,210,137,3,350,636,0,636,986
07/14/2021,FFZ,AZ,AWP,CE,Towers with Radar,0,2,8,0,10,0,68,55,0,123,0,70,63,0,133,267,0,267,400
07/15/2021,FFZ,AZ,AWP,CE,Towers with Radar,0,7,9,0,16,0,175,139,10,324,0,182,148,10,340,728,0,728,1068
07/16/2021,FFZ,AZ,AWP,CE,Towers with Radar,0,6,8,0,14,0,123,66,0,189,0,129,74,0,203,420,0,420,623
07/17/2021,FFZ,AZ,AWP,CE,Towers with Radar,0,6,10,0,16,0,167,165,2,334,0,173,175,2,350,617,0,617,967
07/18/2021,FFZ,AZ,AWP,CE,Towers with Radar,0,3,14,0,17,0,122,99,0,221,0,125,113,0,238,453,0,453,691
07/19/2021,FFZ,AZ,AWP,CE,Towers with Radar,0,8,12,0,20,0,215,130,7,352,0,223,142,7,372,652,0,652,1024
07/20/2021,FFZ,AZ,AWP,CE,Towers with Radar,0,9,15,0,24,0,241,141,8,390,0,250,156,8,414,602,0,602,1016
07/21/2021,FFZ,AZ,AWP,CE,Towers with Radar,0,8,10,0,18,0,218,143,14,375,0,226,153,14,393,483,0,483,876
07/22/2021,FFZ,AZ,AWP,CE,Towers with Radar,0,10,12,0,22,0,234,141,2,377,0,244,153,2,399,535,0,535,934
07/23/2021,FFZ,AZ,AWP,CE,Towers with Radar,0,10,13,0,23,0,13,28,0,41,0,23,41,0,64,123,0,123,187
07/24/2021,FFZ,AZ,AWP,CE,Towers with Radar,0,25,12,0,37,0,11,37,2,50,0,36,49,2,87,190,0,190,277
07/25/2021,FFZ,AZ,AWP,CE,Towers with Radar,0,19,13,0,32,0,22,17,0,39,0,41,30,0,71,206,0,206,277
07/26/2021,FFZ,AZ,AWP,CE,Towers with Radar,0,6,16,0,22,0,241,139,8,388,0,247,155,8,410,622,0,622,1032
07/27/2021,FFZ,AZ,AWP,CE,Towers with Radar,0,9,11,0,20,0,251,158,3,412,0,260,169,3,432,495,0,495,927
07/28/2021,FFZ,AZ,AWP,CE,Towers with Radar,0,13,11,0,24,0,227,142,3,372,0,240,153,3,396,590,0,590,986
07/29/2021,FFZ,AZ,AWP,CE,Towers with Radar,0,10,16,0,26,0,213,172,0,385,0,223,188,0,411,409,0,409,820
07/30/2021,FFZ,AZ,AWP,CE,Towers with Radar,0,8,13,0,21,0,227,110,4,341,0,235,123,4,362,453,0,453,815
07/31/2021,FFZ,AZ,AWP,CE,Towers with Radar,0,7,10,0,17,0,175,149,0,324,0,182,159,0,341,361,0,361,702
08/01/2021,FFZ,AZ,AWP,CE,Towers with Radar,0,7,13,0,20,0,152,119,0,271,0,159,132,0,291,304,0,304,595
08/02/2021,FFZ,AZ,AWP,CE,Towers with Radar,0,5,3,0,8,0,189,161,3,353,0,194,164,3,361,318,0,318,679
08/03/2021,FFZ,AZ,AWP,CE,Towers with Radar,0,5,9,0,14,0,174,178,6,358,0,179,187,6,372,545,0,545,917
08/04/2021,FFZ,AZ,AWP,CE,Towers with Radar,0,9,11,0,20,0,184,131,6,321,0,193,142,6,341,645,0,645,986
08/05/2021,FFZ,AZ,AWP,CE,Towers with Radar,0,6,8,0,14,0,160,126,5,291,0,166,134,5,305,441,0,441,746
08/06/2021,FFZ,AZ,AWP,CE,Towers with Radar,1,6,14,0,21,0,195,127,1,323,1,201,141,1,344,260,0,260,604
08/07/2021,FFZ,AZ,AWP,CE,Towers with Radar,0,5,6,0,11,0,178,147,2,327,0,183,153,2,338,371,0,371,709
08/08/2021,FFZ,AZ,AWP,CE,Towers with Radar,0,10,13,0,23,0,133,108,0,241,0,143,121,0,264,540,0,540,804
08/09/2021,FFZ,AZ,AWP,CE,Towers with Radar,0,8,10,0,18,0,136,90,6,232,0,144,100,6,250,583,0,583,833
08/10/2021,FFZ,AZ,AWP,CE,Towers with Radar,0,14,15,0,29,0,94,77,2,173,0,108,92,2,202,426,0,426,628
08/11/2021,FFZ,AZ,AWP,CE,Towers with Radar,0,12,14,0,26,0,145,102,5,252,0,157,116,5,278,572,0,572,850
08/12/2021,FFZ,AZ,AWP,CE,Towers with Radar,0,9,22,0,31,0,182,128,6,316,0,191,150,6,347,472,0,472,819
08/13/2021,FFZ,AZ,AWP,CE,Towers with Radar,0,14,9,0,23,0,243,156,4,403,0,257,165,4,426,595,0,595,1021
08/14/2021,FFZ,AZ,AWP,CE,Towers with Radar,0,10,8,0,18,0,147,140,3,290,0,157,148,3,308,301,0,301,609
08/15/2021,FFZ,AZ,AWP,CE,Towers with Radar,0,6,9,0,15,0,170,118,0,288,0,176,127,0,303,441,0,441,744
08/16/2021,FFZ,AZ,AWP,CE,Towers with Radar,0,5,3,0,8,0,208,117,2,327,0,213,120,2,335,549,0,549,884
08/17/2021,FFZ,AZ,AWP,CE,Towers with Radar,0,7,6,0,13,0,226,118,16,360,0,233,124,16,373,449,0,449,822
08/18/2021,FFZ,AZ,AWP,CE,Towers with Radar,0,6,11,0,17,0,138,88,4,230,0,144,99,4,247,277,0,277,524
08/19/2021,FFZ,AZ,AWP,CE,Towers with Radar,0,7,11,0,18,0,219,165,2,386,0,226,176,2,404,492,0,492,896
08/20/2021,FFZ,AZ,AWP,CE,Towers with Radar,0,7,5,0,12,0,182,153,2,337,0,189,158,2,349,409,0,409,758
08/21/2021,FFZ,AZ,AWP,CE,Towers with Radar,0,7,10,0,17,0,193,149,3,345,0,200,159,3,362,340,0,340,702
08/22/2021,FFZ,AZ,AWP,CE,Towers with Radar,0,9,8,0,17,0,156,130,2,288,0,165,138,2,305,365,0,365,670
08/23/2021,FFZ,AZ,AWP,CE,Towers with Radar,0,3,10,0,13,0,246,139,7,392,0,249,149,7,405,538,0,538,943
08/24/2021,FFZ,AZ,AWP,CE,Towers with Radar,0,1,7,0,8,0,281,156,6,443,0,282,163,6,451,609,0,609,1060
08/25/2021,FFZ,AZ,AWP,CE,Towers with Radar,0,12,7,0,19,0,234,136,18,388,0,246,143,18,407,555,0,555,962
08/26/2021,FFZ,AZ,AWP,CE,Towers with Radar,0,4,8,0,12,0,213,141,4,358,0,217,149,4,370,658,0,658,1028
08/27/2021,FFZ,AZ,AWP,CE,Towers with Radar,1,5,12,0,18,0,212,115,4,331,1,217,127,4,349,486,0,486,835
08/28/2021,FFZ,AZ,AWP,CE,Towers with Radar,2,3,12,0,17,0,152,118,4,274,2,155,130,4,291,175,0,175,466
08/29/2021,FFZ,AZ,AWP,CE,Towers with Radar,0,3,2,0,5,0,153,92,0,245,0,156,94,0,250,404,0,404,654
08/30/2021,FFZ,AZ,AWP,CE,Towers with Radar,0,5,7,0,12,0,203,94,7,304,0,208,101,7,316,471,0,471,787
08/31/2021,FFZ,AZ,AWP,CE,Towers with Radar,0,14,9,0,23,0,183,107,0,290,0,197,116,0,313,506,0,506,819
09/01/2021,FFZ,AZ,AWP,CE,Towers with Radar,1,13,6,0,20,0,148,75,6,229,1,161,81,6,249,518,0,518,767
09/02/2021,FFZ,AZ,AWP,CE,Towers with Radar,0,10,8,0,18,0,264,156,6,426,0,274,164,6,444,473,0,473,917
09/03/2021,FFZ,AZ,AWP,CE,Towers with Radar,0,6,8,0,14,0,230,161,7,398,0,236,169,7,412,572,0,572,984
09/04/2021,FFZ,AZ,AWP,CE,Towers with Radar,0,12,8,0,20,0,149,159,12,320,0,161,167,12,340,397,0,397,737
09/05/2021,FFZ,AZ,AWP,CE,Towers with Radar,0,4,2,0,6,0,136,85,0,221,0,140,87,0,227,340,0,340,567
09/06/2021,FFZ,AZ,AWP,CE,Towers with Radar,0,7,11,0,18,0,155,145,1,301,0,162,156,1,319,345,0,345,664
09/07/2021,FFZ,AZ,AWP,CE,Towers with Radar,0,7,5,0,12,0,222,147,3,372,0,229,152,3,384,441,0,441,825
09/08/2021,FFZ,AZ,AWP,CE,Towers with Radar,0,8,8,0,16,0,203,142,1,346,0,211,150,1,362,672,0,672,1034
09/09/2021,FFZ,AZ,AWP,CE,Towers with Radar,0,13,7,0,20,0,192,134,3,329,0,205,141,3,349,505,0,505,854
09/10/2021,FFZ,AZ,AWP,CE,Towers with Radar,0,12,8,0,20,0,202,166,1,369,0,214,174,1,389,464,0,464,853
09/11/2021,FFZ,AZ,AWP,CE,Towers with Radar,0,10,7,0,17,0,149,153,3,305,0,159,160,3,322,305,0,305,627
09/12/2021,FFZ,AZ,AWP,CE,Towers with Radar,0,7,10,0,17,0,149,108,1,258,0,156,118,1,275,303,0,303,578
09/13/2021,FFZ,AZ,AWP,CE,Towers with Radar,0,7,8,0,15,0,175,114,9,298,0,182,122,9,313,422,0,422,735
09/14/2021,FFZ,AZ,AWP,CE,Towers with Radar,0,7,5,0,12,0,235,170,3,408,0,242,175,3,420,555,0,555,975
09/15/2021,FFZ,AZ,AWP,CE,Towers with Radar,0,11,4,1,16,0,224,141,11,376,0,235,145,12,392,523,0,523,915
09/16/2021,FFZ,AZ,AWP,CE,Towers with Radar,0,5,7,0,12,0,240,147,3,390,0,245,154,3,402,655,0,655,1057
09/17/2021,FFZ,AZ,AWP,CE,Towers with Radar,0,10,12,0,22,0,165,118,6,289,0,175,130,6,311,513,8,521,832
09/18/2021,FFZ,AZ,AWP,CE,Towers with Radar,0,7,4,0,11,0,139,104,0,243,0,146,108,0,254,423,0,423,677
09/19/2021,FFZ,AZ,AWP,CE,Towers with Radar,0,5,7,0,12,0,128,92,0,220,0,133,99,0,232,263,0,263,495
09/20/2021,FFZ,AZ,AWP,CE,Towers with Radar,0,10,9,0,19,0,142,125,6,273,0,152,134,6,292,519,0,519,811
09/21/2021,FFZ,AZ,AWP,CE,Towers with Radar,0,6,6,2,14,0,231,145,7,383,0,237,151,9,397,561,0,561,958
09/22/2021,FFZ,AZ,AWP,CE,Towers with Radar,0,2,5,0,7,0,193,160,7,360,0,195,165,7,367,470,0,470,837
09/23/2021,FFZ,AZ,AWP,CE,Towers with Radar,0,12,10,0,22,0,224,153,4,381,0,236,163,4,403,546,0,546,949
09/24/2021,FFZ,AZ,AWP,CE,Towers with Radar,0,2,7,0,9,0,99,107,5,211,0,101,114,5,220,517,0,517,737
09/25/2021,FFZ,AZ,AWP,CE,Towers with Radar,0,8,6,0,14,0,132,135,7,274,0,140,141,7,288,453,0,453,741
09/26/2021,FFZ,AZ,AWP,CE,Towers with Radar,0,7,8,0,15,0,40,14,2,56,0,47,22,2,71,150,0,150,221
09/27/2021,FFZ,AZ,AWP,CE,Towers with Radar,0,12,6,2,20,0,213,139,3,355,0,225,145,5,375,540,0,540,915
09/28/2021,FFZ,AZ,AWP,CE,Towers with Radar,0,9,11,0,20,0,255,145,5,405,0,264,156,5,425,702,0,702,1127
09/29/2021,FFZ,AZ,AWP,CE,Towers with Radar,0,7,16,0,23,0,264,188,1,453,0,271,204,1,476,774,0,774,1250
09/30/2021,FFZ,AZ,AWP,CE,Towers with Radar,0,4,9,0,13,0,193,181,12,386,0,197,190,12,399,339,0,339,738
10/01/2021,FFZ,AZ,AWP,CE,Towers with Radar,0,8,11,0,19,0,200,179,4,383,0,208,190,4,402,465,0,465,867
10/02/2021,FFZ,AZ,AWP,CE,Towers with Radar,0,5,6,0,11,0,184,189,0,373,0,189,195,0,384,372,0,372,756
10/03/2021,FFZ,AZ,AWP,CE,Towers with Radar,0,9,12,0,21,0,144,146,0,290,0,153,158,0,311,312,0,312,623
10/04/2021,FFZ,AZ,AWP,CE,Towers with Radar,0,6,4,0,10,0,160,139,2,301,0,166,143,2,311,307,0,307,618
10/05/2021,FFZ,AZ,AWP,CE,Towers with Radar,0,4,9,0,13,0,94,87,5,186,0,98,96,5,199,148,0,148,347
10/06/2021,FFZ,AZ,AWP,CE,Towers with Radar,0,17,12,0,29,0,192,204,6,402,0,209,216,6,431,740,0,740,1171
10/07/2021,FFZ,AZ,AWP,CE,Towers with Radar,0,6,8,0,14,0,211,224,6,441,0,217,232,6,455,405,0,405,860
10/08/2021,FFZ,AZ,AWP,CE,Towers with Radar,0,9,8,0,17,0,178,167,3,348,0,187,175,3,365,430,0,430,795
10/09/2021,FFZ,AZ,AWP,CE,Towers with Radar,0,11,9,0,20,0,180,167,0,347,0,191,176,0,367,302,0,302,669
10/10/2021,FFZ,AZ,AWP,CE,Towers with Radar,0,2,14,0,16,0,136,149,0,285,0,138,163,0,301,267,0,267,568
10/11/2021,FFZ,AZ,AWP,CE,Towers with Radar,1,4,11,0,16,0,128,113,4,245,1,132,124,4,261,349,0,349,610
10/12/2021,FFZ,AZ,AWP,CE,Towers with Radar,0,4,12,0,16,0,128,115,2,245,0,132,127,2,261,648,0,648,909
10/13/2021,FFZ,AZ,AWP,CE,Towers with Radar,0,13,8,0,21,0,211,197,8,416,0,224,205,8,437,749,0,749,1186
10/14/2021,FFZ,AZ,AWP,CE,Towers with Radar,0,8,15,0,23,0,182,159,3,344,0,190,174,3,367,672,0,672,1039
10/15/2021,FFZ,AZ,AWP,CE,Towers with Radar,0,8,11,0,19,0,177,177,6,360,0,185,188,6,379,329,0,329,708
10/16/2021,FFZ,AZ,AWP,CE,Towers with Radar,0,4,9,0,13,0,109,208,2,319,0,113,217,2,332,297,0,297,629
10/17/2021,FFZ,AZ,AWP,CE,Towers with Radar,0,5,18,0,23,0,158,144,0,302,0,163,162,0,325,349,0,349,674
10/18/2021,FFZ,AZ,AWP,CE,Towers with Radar,0,9,18,0,27,0,158,130,9,297,0,167,148,9,324,501,0,501,825
10/19/2021,FFZ,AZ,AWP,CE,Towers with Radar,0,5,12,0,17,0,201,204,7,412,0,206,216,7,429,523,8,531,960
10/20/2021,FFZ,AZ,AWP,CE,Towers with Radar,0,10,8,0,18,0,299,225,2,526,0,309,233,2,544,768,0,768,1312
10/21/2021,FFZ,AZ,AWP,CE,Towers with Radar,0,8,9,0,17,0,251,204,3,458,0,259,213,3,475,684,0,684,1159
10/22/2021,FFZ,AZ,AWP,CE,Towers with Radar,0,7,9,0,16,0,207,181,4,392,0,214,190,4,408,452,0,452,860
10/23/2021,FFZ,AZ,AWP,CE,Towers with Radar,0,9,4,0,13,0,184,184,0,368,0,193,188,0,381,480,0,480,861
10/24/2021,FFZ,AZ,AWP,CE,Towers with Radar,1,6,12,0,19,0,149,163,0,312,1,155,175,0,331,543,0,543,874
10/25/2021,FFZ,AZ,AWP,CE,Towers with Radar,2,9,10,0,21,0,218,135,0,353,2,227,145,0,374,565,0,565,939
10/26/2021,FFZ,AZ,AWP,CE,Towers with Radar,0,4,6,0,10,0,253,135,0,388,0,257,141,0,398,572,0,572,970
10/27/2021,FFZ,AZ,AWP,CE,Towers with Radar,0,8,7,0,15,0,291,190,0,481,0,299,197,0,496,692,0,692,1188
10/28/2021,FFZ,AZ,AWP,CE,Towers with Radar,0,9,7,0,16,0,263,161,1,425,0,272,168,1,441,764,0,764,1205
10/29/2021,FFZ,AZ,AWP,CE,Towers with Radar,0,14,6,0,20,0,193,130,4,327,0,207,136,4,347,455,0,455,802
10/30/2021,FFZ,AZ,AWP,CE,Towers with Radar,0,13,13,0,26,0,181,201,3,385,0,194,214,3,411,234,0,234,645
10/31/2021,FFZ,AZ,AWP,CE,Towers with Radar,0,8,8,0,16,0,153,141,0,294,0,161,149,0,310,332,0,332,642
11/01/2021,FFZ,AZ,AWP,CE,Towers with Radar,0,6,8,0,14,0,214,159,6,379,0,220,167,6,393,431,0,431,824
11/02/2021,FFZ,AZ,AWP,CE,Towers with Radar,0,7,17,0,24,0,293,144,6,443,0,300,161,6,467,592,0,592,1059
11/03/2021,FFZ,AZ,AWP,CE,Towers with Radar,0,10,5,0,15,0,290,173,0,463,0,300,178,0,478,769,0,769,1247
11/04/2021,FFZ,AZ,AWP,CE,Towers with Radar,1,9,10,0,20,0,249,154,0,403,1,258,164,0,423,562,0,562,985
11/05/2021,FFZ,AZ,AWP,CE,Towers with Radar,0,13,12,0,25,0,223,168,2,393,0,236,180,2,418,607,0,607,1025
11/06/2021,FFZ,AZ,AWP,CE,Towers with Radar,0,4,4,0,8,0,173,159,4,336,0,177,163,4,344,549,0,549,893
11/07/2021,FFZ,AZ,AWP,CE,Towers with Radar,0,3,9,0,12,0,144,150,0,294,0,147,159,0,306,413,0,413,719
11/08/2021,FFZ,AZ,AWP,CE,Towers with Radar,0,8,18,0,26,0,184,154,4,342,0,192,172,4,368,426,0,426,794
11/09/2021,FFZ,AZ,AWP,CE,Towers with Radar,0,14,14,0,28,0,264,161,4,429,0,278,175,4,457,640,0,640,1097
11/10/2021,FFZ,AZ,AWP,CE,Towers with Radar,0,14,4,0,18,0,240,202,5,447,0,254,206,5,465,607,0,607,1072
11/11/2021,FFZ,AZ,AWP,CE,Towers with Radar,0,15,10,0,25,0,231,235,5,471,0,246,245,5,496,575,0,575,1071
11/12/2021,FFZ,AZ,AWP,CE,Towers with Radar,0,12,10,0,22,0,232,218,5,455,0,244,228,5,477,669,0,669,1146
11/13/2021,FFZ,AZ,AWP,CE,Towers with Radar,0,1,11,0,12,0,167,165,2,334,0,168,176,2,346,542,0,542,888
11/14/2021,FFZ,AZ,AWP,CE,Towers with Radar,0,8,6,0,14,0,135,141,1,277,0,143,147,1,291,356,0,356,647
11/15/2021,FFZ,AZ,AWP,CE,Towers with Radar,0,10,11,0,21,0,194,126,6,326,0,204,137,6,347,497,0,497,844
11/16/2021,FFZ,AZ,AWP,CE,Towers with Radar,0,8,10,0,18,0,259,182,5,446,0,267,192,5,464,696,0,696,1160
11/17/2021,FFZ,AZ,AWP,CE,Towers with Radar,0,16,10,0,26,0,297,177,0,474,0,313,187,0,500,580,0,580,1080
11/18/2021,FFZ,AZ,AWP,CE,Towers with Radar,1,10,10,0,21,0,225,160,0,385,1,235,170,0,406,595,0,595,1001
11/19/2021,FFZ,AZ,AWP,CE,Towers with Radar,0,8,9,0,17,0,255,179,3,437,0,263,188,3,454,404,0,404,858
11/20/2021,FFZ,AZ,AWP,CE,Towers with Radar,0,5,17,0,22,0,200,218,2,420,0,205,235,2,442,604,0,604,1046
11/21/2021,FFZ,AZ,AWP,CE,Towers with Radar,0,5,8,0,13,0,170,108,0,278,0,175,116,0,291,218,0,218,509
11/22/2021,FFZ,AZ,AWP,CE,Towers with Radar,0,8,10,0,18,0,205,131,6,342,0,213,141,6,360,479,0,479,839
11/23/2021,FFZ,AZ,AWP,CE,Towers with Radar,0,8,8,0,16,0,291,155,2,448,0,299,163,2,464,555,0,555,1019
11/24/2021,FFZ,AZ,AWP,CE,Towers with Radar,0,6,11,0,17,0,227,187,7,421,0,233,198,7,438,497,0,497,935
11/25/2021,FFZ,AZ,AWP,CE,Towers with Radar,0,0,1,0,1,0,1,47,0,48,0,1,48,0,49,39,0,39,88
11/26/2021,FFZ,AZ,AWP,CE,Towers with Radar,0,3,10,0,13,0,154,101,3,258,0,157,111,3,271,366,0,366,637
11/27/2021,FFZ,AZ,AWP,CE,Towers with Radar,0,4,12,0,16,0,144,196,5,345,0,148,208,5,361,379,0,379,740
11/28/2021,FFZ,AZ,AWP,CE,Towers with Radar,0,11,20,0,31,0,160,126,0,286,0,171,146,0,317,379,0,379,696
11/29/2021,FFZ,AZ,AWP,CE,Towers with Radar,0,9,8,0,17,0,207,158,5,370,0,216,166,5,387,594,0,594,981
11/30/2021,FFZ,AZ,AWP,CE,Towers with Radar,0,10,23,0,33,0,210,149,14,373,0,220,172,14,406,645,0,645,1051
12/01/2021,FFZ,AZ,AWP,CE,Towers with Radar,0,12,13,0,25,0,250,185,0,435,0,262,198,0,460,677,0,677,1137
12/02/2021,FFZ,AZ,AWP,CE,Towers with Radar,0,2,12,0,14,0,210,204,0,414,0,212,216,0,428,631,0,631,1059
12/03/2021,FFZ,AZ,AWP,CE,Towers with Radar,0,8,16,0,24,0,248,176,7,431,0,256,192,7,455,511,0,511,966
12/04/2021,FFZ,AZ,AWP,CE,Towers with Radar,0,15,9,0,24,0,174,238,4,416,0,189,247,4,440,528,0,528,968
12/05/2021,FFZ,AZ,AWP,CE,Towers with Radar,0,14,10,0,24,0,180,126,0,306,0,194,136,0,330,295,0,295,625
12/06/2021,FFZ,AZ,AWP,CE,Towers with Radar,0,5,15,0,20,0,201,109,1,311,0,206,124,1,331,603,0,603,934
12/07/2021,FFZ,AZ,AWP,CE,Towers with Radar,0,8,10,0,18,0,247,144,5,396,0,255,154,5,414,561,0,561,975
12/08/2021,FFZ,AZ,AWP,CE,Towers with Radar,0,11,6,0,17,0,266,188,4,458,0,277,194,4,475,642,0,642,1117
12/09/2021,FFZ,AZ,AWP,CE,Towers with Radar,0,7,10,0,17,0,221,144,3,368,0,228,154,3,385,506,0,506,891
12/10/2021,FFZ,AZ,AWP,CE,Towers with Radar,0,10,15,0,25,0,170,159,6,335,0,180,174,6,360,501,0,501,861
12/11/2021,FFZ,AZ,AWP,CE,Towers with Radar,0,9,6,0,15,0,187,197,2,386,0,196,203,2,401,455,0,455,856
12/12/2021,FFZ,AZ,AWP,CE,Towers with Radar,0,5,8,0,13,0,127,140,0,267,0,132,148,0,280,285,0,285,565
12/13/2021,FFZ,AZ,AWP,CE,Towers with Radar,0,7,6,0,13,0,184,119,10,313,0,191,125,10,326,392,0,392,718
12/14/2021,FFZ,AZ,AWP,CE,Towers with Radar,0,3,7,0,10,0,199,118,11,328,0,202,125,11,338,334,0,334,672
12/15/2021,FFZ,AZ,AWP,CE,Towers with Radar,0,13,12,0,25,0,212,140,9,361,0,225,152,9,386,619,0,619,1005
12/16/2021,FFZ,AZ,AWP,CE,Towers with Radar,0,11,17,0,28,0,231,181,8,420,0,242,198,8,448,579,0,579,1027
12/17/2021,FFZ,AZ,AWP,CE,Towers with Radar,0,3,18,0,21,0,218,167,5,390,0,221,185,5,411,598,0,598,1009
12/18/2021,FFZ,AZ,AWP,CE,Towers with Radar,0,2,13,0,15,0,141,157,3,301,0,143,170,3,316,339,0,339,655
12/19/2021,FFZ,AZ,AWP,CE,Towers with Radar,0,1,15,0,16,0,135,139,2,276,0,136,154,2,292,393,0,393,685
12/20/2021,FFZ,AZ,AWP,CE,Towers with Radar,0,3,7,0,10,0,204,138,2,344,0,207,145,2,354,397,0,397,751
12/21/2021,FFZ,AZ,AWP,CE,Towers with Radar,0,14,11,0,25,0,243,121,3,367,0,257,132,3,392,443,0,443,835
12/22/2021,FFZ,AZ,AWP,CE,Towers with Radar,1,12,12,0,25,0,226,206,3,435,1,238,218,3,460,472,0,472,932
12/23/2021,FFZ,AZ,AWP,CE,Towers with Radar,0,5,17,0,22,0,174,161,2,337,0,179,178,2,359,362,0,362,721
12/24/2021,FFZ,AZ,AWP,CE,Towers with Radar,0,4,2,0,6,0,0,2,0,2,0,4,4,0,8,2,0,2,10
12/25/2021,FFZ,AZ,AWP,CE,Towers with Radar,0,6,7,0,13,0,4,15,0,19,0,10,22,0,32,31,0,31,63
12/26/2021,FFZ,AZ,AWP,CE,Towers with Radar,0,6,7,0,13,0,68,85,0,153,0,74,92,0,166,313,0,313,479
12/27/2021,FFZ,AZ,AWP,CE,Towers with Radar,0,9,12,0,21,0,124,85,0,209,0,133,97,0,230,307,0,307,537
12/28/2021,FFZ,AZ,AWP,CE,Towers with Radar,0,2,11,0,13,0,70,48,5,123,0,72,59,5,136,287,0,287,423
12/29/2021,FFZ,AZ,AWP,CE,Towers with Radar,0,5,20,0,25,0,139,134,2,275,0,144,154,2,300,453,0,453,753
12/30/2021,FFZ,AZ,AWP,CE,Towers with Radar,0,2,9,0,11,0,163,137,6,306,0,165,146,6,317,245,0,245,562
12/31/2021,FFZ,AZ,AWP,CE,Towers with Radar,0,13,1,0,14,0,18,18,0,36,0,31,19,0,50,171,0,171,221
01/01/2022,FFZ,AZ,AWP,CE,Towers with Radar,0,5,7,0,12,0,35,50,0,85,0,40,57,0,97,39,0,39,136
01/02/2022,FFZ,AZ,AWP,CE,Towers with Radar,2,5,19,0,26,0,113,95,0,208,2,118,114,0,234,266,0,266,500
01/03/2022,FFZ,AZ,AWP,CE,Towers with Radar,0,7,12,0,19,0,214,160,0,374,0,221,172,0,393,401,0,401,794
01/04/2022,FFZ,AZ,AWP,CE,Towers with Radar,0,10,17,0,27,0,199,127,0,326,0,209,144,0,353,500,0,500,853
01/05/2022,FFZ,AZ,AWP,CE,Towers with Radar,0,16,5,0,21,0,226,161,2,389,0,242,166,2,410,428,0,428,838
01/06/2022,FFZ,AZ,AWP,CE,Towers with Radar,0,6,12,0,18,0,254,178,2,434,0,260,190,2,452,521,0,521,973
01/07/2022,FFZ,AZ,AWP,CE,Towers with Radar,0,3,6,0,9,0,222,177,8,407,0,225,183,8,416,388,0,388,804
01/08/2022,FFZ,AZ,AWP,CE,Towers with Radar,0,1,10,0,11,0,201,218,0,419,0,202,228,0,430,392,0,392,822
01/09/2022,FFZ,AZ,AWP,CE,Towers with Radar,0,2,8,0,10,0,140,149,0,289,0,142,157,0,299,247,0,247,546
01/10/2022,FFZ,AZ,AWP,CE,Towers with Radar,3,6,5,0,14,0,166,105,7,278,3,172,110,7,292,347,0,347,639
01/11/2022,FFZ,AZ,AWP,CE,Towers with Radar,0,4,7,0,11,0,207,161,3,371,0,211,168,3,382,469,0,469,851
01/12/2022,FFZ,AZ,AWP,CE,Towers with Radar,0,6,8,0,14,0,272,222,7,501,0,278,230,7,515,629,0,629,1144
01/13/2022,FFZ,AZ,AWP,CE,Towers with Radar,0,5,9,0,14,0,260,182,9,451,0,265,191,9,465,598,0,598,1063
01/14/2022,FFZ,AZ,AWP,CE,Towers with Radar,0,13,9,0,22,0,246,196,1,443,0,259,205,1,465,554,0,554,1019
01/15/2022,FFZ,AZ,AWP,CE,Towers with Radar,0,6,9,0,15,0,180,158,4,342,0,186,167,4,357,459,0,459,816
01/16/2022,FFZ,AZ,AWP,CE,Towers with Radar,0,0,8,0,8,0,161,172,1,334,0,161,180,1,342,528,0,528,870
01/17/2022,FFZ,AZ,AWP,CE,Towers with Radar,0,7,8,0,15,0,194,183,1,378,0,201,191,1,393,590,0,590,983
01/18/2022,FFZ,AZ,AWP,CE,Towers with Radar,0,3,15,0,18,0,223,141,1,365,0,226,156,1,383,633,0,633,1016
01/19/2022,FFZ,AZ,AWP,CE,Towers with Radar,0,6,11,0,17,0,249,177,9,435,0,255,188,9,452,684,0,684,1136
01/20/2022,FFZ,AZ,AWP,CE,Towers with Radar,0,10,7,0,17,0,224,182,6,412,0,234,189,6,429,653,0,653,1082
01/21/2022,FFZ,AZ,AWP,CE,Towers with Radar,0,9,7,0,16,0,242,174,8,424,0,251,181,8,440,821,0,821,1261
01/22/2022,FFZ,AZ,AWP,CE,Towers with Radar,0,5,6,0,11,0,139,114,0,253,0,144,120,0,264,356,0,356,620
01/23/2022,FFZ,AZ,AWP,CE,Towers with Radar,0,5,10,0,15,0,151,156,5,312,0,156,166,5,327,410,0,410,737
01/24/2022,FFZ,AZ,AWP,CE,Towers with Radar,0,9,12,0,21,0,209,188,2,399,0,218,200,2,420,651,0,651,1071
01/25/2022,FFZ,AZ,AWP,CE,Towers with Radar,0,5,12,0,17,0,251,174,9,434,0,256,186,9,451,714,0,714,1165
01/26/2022,FFZ,AZ,AWP,CE,Towers with Radar,0,5,17,0,22,0,213,187,6,406,0,218,204,6,428,675,0,675,1103
01/27/2022,FFZ,AZ,AWP,CE,Towers with Radar,0,9,16,0,25,0,258,193,8,459,0,267,209,8,484,453,0,453,937
01/28/2022,FFZ,AZ,AWP,CE,Towers with Radar,0,7,6,0,13,0,76,86,4,166,0,83,92,4,179,259,0,259,438
01/29/2022,FFZ,AZ,AWP,CE,Towers with Radar,0,2,18,0,20,0,173,193,0,366,0,175,211,0,386,354,0,354,740
01/30/2022,FFZ,AZ,AWP,CE,Towers with Radar,0,7,18,0,25,0,175,193,0,368,0,182,211,0,393,373,0,373,766
01/31/2022,FFZ,AZ,AWP,CE,Towers with Radar,0,1,18,0,19,0,228,192,4,424,0,229,210,4,443,608,0,608,1051
02/01/2022,FFZ,AZ,AWP,CE,Towers with Radar,0,6,16,0,22,0,263,196,6,465,0,269,212,6,487,566,0,566,1053
02/02/2022,FFZ,AZ,AWP,CE,Towers with Radar,0,8,7,0,15,0,252,164,7,423,0,260,171,7,438,611,0,611,1049
02/03/2022,FFZ,AZ,AWP,CE,Towers with Radar,0,9,12,0,21,0,281,233,3,517,0,290,245,3,538,577,0,577,1115
02/04/2022,FFZ,AZ,AWP,CE,Towers with Radar,1,9,17,0,27,0,209,180,1,390,1,218,197,1,417,438,0,438,855
02/05/2022,FFZ,AZ,AWP,CE,Towers with Radar,1,8,9,0,18,0,231,234,3,468,1,239,243,3,486,655,0,655,1141
02/06/2022,FFZ,AZ,AWP,CE,Towers with Radar,0,4,16,1,21,0,216,177,0,393,0,220,193,1,414,544,0,544,958
02/07/2022,FFZ,AZ,AWP,CE,Towers with Radar,0,5,9,0,14,0,220,148,3,371,0,225,157,3,385,620,0,620,1005
02/08/2022,FFZ,AZ,AWP,CE,Towers with Radar,0,11,14,0,25,0,304,161,2,467,0,315,175,2,492,611,0,611,1103
02/09/2022,FFZ,AZ,AWP,CE,Towers with Radar,0,8,14,0,22,0,259,245,7,511,0,267,259,7,533,727,0,727,1260
02/10/2022,FFZ,AZ,AWP,CE,Towers with Radar,0,4,13,0,17,0,269,176,2,447,0,273,189,2,464,523,0,523,987
02/11/2022,FFZ,AZ,AWP,CE,Towers with Radar,0,11,3,0,14,0,261,223,10,494,0,272,226,10,508,630,0,630,1138
02/12/2022,FFZ,AZ,AWP,CE,Towers with Radar,0,12,6,0,18,0,194,199,3,396,0,206,205,3,414,487,0,487,901
02/13/2022,FFZ,AZ,AWP,CE,Towers with Radar,0,0,5,0,5,0,168,173,1,342,0,168,178,1,347,529,0,529,876
02/14/2022,FFZ,AZ,AWP,CE,Towers with Radar,0,3,15,0,18,0,204,144,2,350,0,207,159,2,368,415,0,415,783
02/15/2022,FFZ,AZ,AWP,CE,Towers with Radar,0,7,11,0,18,0,194,163,2,359,0,201,174,2,377,456,0,456,833
02/16/2022,FFZ,AZ,AWP,CE,Towers with Radar,0,3,10,0,13,0,193,114,1,308,0,196,124,1,321,492,1,493,814
02/17/2022,FFZ,AZ,AWP,CE,Towers with Radar,0,6,16,0,22,0,292,219,6,517,0,298,235,6,539,631,0,631,1170
02/18/2022,FFZ,AZ,AWP,CE,Towers with Radar,0,15,17,0,32,0,187,230,3,420,0,202,247,3,452,573,0,573,1025
02/19/2022,FFZ,AZ,AWP,CE,Towers with Radar,0,9,7,0,16,0,162,222,4,388,0,171,229,4,404,409,0,409,813
02/20/2022,FFZ,AZ,AWP,CE,Towers with Radar,0,5,11,0,16,0,176,224,0,400,0,181,235,0,416,480,0,480,896
02/21/2022,FFZ,AZ,AWP,CE,Towers with Radar,0,6,16,0,22,0,141,115,7,263,0,147,131,7,285,407,0,407,692
02/22/2022,FFZ,AZ,AWP,CE,Towers with Radar,0,6,8,0,14,0,198,149,5,352,0,204,157,5,366,539,3,542,908
02/23/2022,FFZ,AZ,AWP,CE,Towers with Radar,0,9,5,0,14,0,10,27,2,39,0,19,32,2,53,76,0,76,129
02/24/2022,FFZ,AZ,AWP,CE,Towers with Radar,0,13,21,0,34,0,294,218,4,516,0,307,239,4,550,545,1,546,1096
02/25/2022,FFZ,AZ,AWP,CE,Towers with Radar,0,5,10,0,15,0,245,271,3,519,0,250,281,3,534,714,0,714,1248
02/26/2022,FFZ,AZ,AWP,CE,Towers with Radar,0,10,11,0,21,0,247,239,1,487,0,257,250,1,508,520,0,520,1028
02/27/2022,FFZ,AZ,AWP,CE,Towers with Radar,0,4,17,0,21,0,197,181,0,378,0,201,198,0,399,392,0,392,791
02/28/2022,FFZ,AZ,AWP,CE,Towers with Radar,0,6,14,0,20,0,238,180,6,424,0,244,194,6,444,310,0,310,754
03/01/2022,FFZ,AZ,AWP,CE,Towers with Radar,0,11,16,0,27,0,299,241,3,543,0,310,257,3,570,542,0,542,1112
03/02/2022,FFZ,AZ,AWP,CE,Towers with Radar,0,8,15,0,23,0,325,233,1,559,0,333,248,1,582,626,0,626,1208
03/03/2022,FFZ,AZ,AWP,CE,Towers with Radar,0,8,12,0,20,0,245,218,4,467,0,253,230,4,487,605,0,605,1092
03/04/2022,FFZ,AZ,AWP,CE,Towers with Radar,0,8,12,0,20,0,135,111,4,250,0,143,123,4,270,300,0,300,570
03/05/2022,FFZ,AZ,AWP,CE,Towers with Radar,0,11,13,0,24,0,179,178,2,359,0,190,191,2,383,295,0,295,678
03/06/2022,FFZ,AZ,AWP,CE,Towers with Radar,0,6,15,0,21,0,234,178,0,412,0,240,193,0,433,558,0,558,991
03/07/2022,FFZ,AZ,AWP,CE,Towers with Radar,0,6,17,0,23,0,245,147,6,398,0,251,164,6,421,596,0,596,1017
03/08/2022,FFZ,AZ,AWP,CE,Towers with Radar,0,4,16,0,20,0,308,182,3,493,0,312,198,3,513,631,0,631,1144
03/09/2022,FFZ,AZ,AWP,CE,Towers with Radar,0,11,10,0,21,0,295,217,0,512,0,306,227,0,533,581,0,581,1114
03/10/2022,FFZ,AZ,AWP,CE,Towers with Radar,1,9,12,0,22,0,217,182,6,405,1,226,194,6,427,339,0,339,766
03/11/2022,FFZ,AZ,AWP,CE,Towers with Radar,0,10,21,0,31,0,267,251,0,518,0,277,272,0,549,475,0,475,1024
03/12/2022,FFZ,AZ,AWP,CE,Towers with Radar,0,4,13,0,17,0,241,221,0,462,0,245,234,0,479,414,0,414,893
03/13/2022,FFZ,AZ,AWP,CE,Towers with Radar,0,7,21,0,28,0,184,166,2,352,0,191,187,2,380,517,0,517,897
03/14/2022,FFZ,AZ,AWP,CE,Towers with Radar,0,5,15,0,20,0,257,208,3,468,0,262,223,3,488,491,0,491,979
03/15/2022,FFZ,AZ,AWP,CE,Towers with Radar,0,5,7,0,12,0,270,222,1,493,0,275,229,1,505,730,0,730,1235
03/16/2022,FFZ,AZ,AWP,CE,Towers with Radar,0,9,34,0,43,0,251,176,5,432,0,260,210,5,475,446,0,446,921
03/17/2022,FFZ,AZ,AWP,CE,Towers with Radar,0,8,9,0,17,0,241,265,3,509,0,249,274,3,526,508,0,508,1034
03/18/2022,FFZ,AZ,AWP,CE,Towers with Radar,0,7,9,0,16,0,242,272,0,514,0,249,281,0,530,703,0,703,1233
03/19/2022,FFZ,AZ,AWP,CE,Towers with Radar,0,6,15,0,21,0,181,257,2,440,0,187,272,2,461,475,0,475,936
03/20/2022,FFZ,AZ,AWP,CE,Towers with Radar,0,2,7,0,9,0,166,130,0,296,0,168,137,0,305,417,0,417,722
03/21/2022,FFZ,AZ,AWP,CE,Towers with Radar,0,12,4,0,16,0,276,153,2,431,0,288,157,2,447,496,0,496,943
03/22/2022,FFZ,AZ,AWP,CE,Towers with Radar,0,8,9,0,17,0,237,193,5,435,0,245,202,5,452,545,0,545,997
03/23/2022,FFZ,AZ,AWP,CE,Towers with Radar,0,9,7,0,16,0,255,207,12,474,0,264,214,12,490,691,0,691,1181
03/24/2022,FFZ,AZ,AWP,CE,Towers with Radar,0,7,19,0,26,0,286,256,11,553,0,293,275,11,579,567,0,567,1146
03/25/2022,FFZ,AZ,AWP,CE,Towers with Radar,0,9,15,0,24,0,250,231,4,485,0,259,246,4,509,629,0,629,1138
03/26/2022,FFZ,AZ,AWP,CE,Towers with Radar,0,13,9,0,22,0,241,287,1,529,0,254,296,1,551,486,0,486,1037
03/27/2022,FFZ,AZ,AWP,CE,Towers with Radar,0,7,9,0,16,0,174,183,0,357,0,181,192,0,373,297,0,297,670
03/28/2022,FFZ,AZ,AWP,CE,Towers with Radar,0,12,18,0,30,0,191,141,8,340,0,203,159,8,370,418,0,418,788
03/29/2022,FFZ,AZ,AWP,CE,Towers with Radar,0,4,7,0,11,0,89,61,10,160,0,93,68,10,171,415,0,415,586
03/30/2022,FFZ,AZ,AWP,CE,Towers with Radar,0,11,10,0,21,0,326,214,6,546,0,337,224,6,567,595,0,595,1162
03/31/2022,FFZ,AZ,AWP,CE,Towers with Radar,0,18,11,0,29,0,261,215,7,483,0,279,226,7,512,573,0,573,1085
04/01/2022,FFZ,AZ,AWP,CE,Towers with Radar,0,10,11,0,21,0,235,220,5,460,0,245,231,5,481,515,0,515,996
04/02/2022,FFZ,AZ,AWP,CE,Towers with Radar,0,3,7,0,10,0,236,252,0,488,0,239,259,0,498,390,0,390,888
04/03/2022,FFZ,AZ,AWP,CE,Towers with Radar,0,7,18,0,25,0,272,187,1,460,0,279,205,1,485,508,0,508,993
04/04/2022,FFZ,AZ,AWP,CE,Towers with Radar,0,8,7,0,15,0,264,156,12,432,0,272,163,12,447,623,0,623,1070
04/05/2022,FFZ,AZ,AWP,CE,Towers with Radar,0,6,10,0,16,0,273,160,9,442,0,279,170,9,458,647,0,647,1105
04/06/2022,FFZ,AZ,AWP,CE,Towers with Radar,0,8,10,0,18,0,250,188,4,442,0,258,198,4,460,624,0,624,1084
04/07/2022,FFZ,AZ,AWP,CE,Towers with Radar,0,11,15,0,26,0,270,175,10,455,0,281,190,10,481,538,0,538,1019
04/08/2022,FFZ,AZ,AWP,CE,Towers with Radar,0,6,8,0,14,0,245,203,4,452,0,251,211,4,466,506,0,506,972
04/09/2022,FFZ,AZ,AWP,CE,Towers with Radar,0,0,1,0,1,0,181,197,1,379,0,181,198,1,380,556,0,556,936
04/10/2022,FFZ,AZ,AWP,CE,Towers with Radar,0,5,9,0,14,0,170,137,2,309,0,175,146,2,323,622,0,622,945
04/11/2022,FFZ,AZ,AWP,CE,Towers with Radar,0,10,7,0,17,0,233,114,2,349,0,243,121,2,366,481,0,481,847
04/12/2022,FFZ,AZ,AWP,CE,Towers with Radar,0,7,8,0,15,0,162,102,2,266,0,169,110,2,281,381,0,381,662
04/13/2022,FFZ,AZ,AWP,CE,Towers with Radar,0,10,6,0,16,0,300,180,7,487,0,310,186,7,503,725,0,725,1228
04/14/2022,FFZ,AZ,AWP,CE,Towers with Radar,0,9,11,0,20,0,275,223,7,505,0,284,234,7,525,819,0,819,1344
04/15/2022,FFZ,AZ,AWP,CE,Towers with Radar,0,5,9,0,14,0,249,199,7,455,0,254,208,7,469,702,0,702,1171
04/16/2022,FFZ,AZ,AWP,CE,Towers with Radar,0,7,4,0,11,0,211,210,1,422,0,218,214,1,433,671,0,671,1104
04/17/2022,FFZ,AZ,AWP,CE,Towers with Radar,0,7,11,0,18,0,176,150,1,327,0,183,161,1,345,549,0,549,894
04/18/2022,FFZ,AZ,AWP,CE,Towers with Radar,0,6,9,0,15,0,213,135,6,354,0,219,144,6,369,671,0,671,1040
04/19/2022,FFZ,AZ,AWP,CE,Towers with Radar,0,11,4,0,15,0,248,155,11,414,0,259,159,11,429,771,0,771,1200
04/20/2022,FFZ,AZ,AWP,CE,Towers with Radar,0,9,7,0,16,0,257,184,16,457,0,266,191,16,473,728,0,728,1201
04/21/2022,FFZ,AZ,AWP,CE,Towers with Radar,0,11,13,0,24,0,271,203,4,478,0,282,216,4,502,853,0,853,1355
04/22/2022,FFZ,AZ,AWP,CE,Towers with Radar,0,4,8,0,12,0,133,125,3,261,0,137,133,3,273,298,0,298,571
04/23/2022,FFZ,AZ,AWP,CE,Towers with Radar,0,2,5,0,7,0,275,207,4,486,0,277,212,4,493,521,0,521,1014
04/24/2022,FFZ,AZ,AWP,CE,Towers with Radar,0,4,9,0,13,0,206,149,2,357,0,210,158,2,370,450,0,450,820
04/25/2022,FFZ,AZ,AWP,CE,Towers with Radar,0,12,6,0,18,0,266,114,2,382,0,278,120,2,400,578,0,578,978
04/26/2022,FFZ,AZ,AWP,CE,Towers with Radar,0,11,11,0,22,0,261,136,1,398,0,272,147,1,420,605,0,605,1025
04/27/2022,FFZ,AZ,AWP,CE,Towers with Radar,0,11,8,0,19,0,251,154,2,407,0,262,162,2,426,736,0,736,1162
04/28/2022,FFZ,AZ,AWP,CE,Towers with Radar,0,9,10,0,19,0,233,155,10,398,0,242,165,10,417,471,0,471,888
04/29/2022,FFZ,AZ,AWP,CE,Towers with Radar,0,9,9,0,18,0,276,204,1,481,0,285,213,1,499,705,0,705,1204
04/30/2022,FFZ,AZ,AWP,CE,Towers with Radar,0,6,3,0,9,0,201,196,2,399,0,207,199,2,408,462,0,462,870
05/01/2022,FFZ,AZ,AWP,CE,Towers with Radar,0,10,1,0,11,0,166,113,1,280,0,176,114,1,291,335,0,335,626
05/02/2022,FFZ,AZ,AWP,CE,Towers with Radar,0,7,9,0,16,0,243,114,2,359,0,250,123,2,375,560,0,560,935
05/03/2022,FFZ,AZ,AWP,CE,Towers with Radar,0,3,3,0,6,0,273,151,5,429,0,276,154,5,435,727,0,727,1162
05/04/2022,FFZ,AZ,AWP,CE,Towers with Radar,0,2,10,0,12,0,314,193,7,514,0,316,203,7,526,653,0,653,1179
05/05/2022,FFZ,AZ,AWP,CE,Towers with Radar,0,7,13,0,20,0,249,169,7,425,0,256,182,7,445,795,0,795,1240
05/06/2022,FFZ,AZ,AWP,CE,Towers with Radar,0,6,18,0,24,0,240,159,20,419,0,246,177,20,443,573,0,573,1016
05/07/2022,FFZ,AZ,AWP,CE,Towers with Radar,0,9,6,0,15,0,198,183,1,382,0,207,189,1,397,501,0,501,898
05/08/2022,FFZ,AZ,AWP,CE,Towers with Radar,0,4,7,0,11,0,154,70,0,224,0,158,77,0,235,376,0,376,611
05/09/2022,FFZ,AZ,AWP,CE,Towers with Radar,0,9,5,0,14,0,241,126,3,370,0,250,131,3,384,605,0,605,989
05/10/2022,FFZ,AZ,AWP,CE,Towers with Radar,0,8,3,0,11,0,268,150,3,421,0,276,153,3,432,802,0,802,1234
05/11/2022,FFZ,AZ,AWP,CE,Towers with Radar,0,5,11,0,16,0,258,144,2,404,0,263,155,2,420,478,0,478,898
05/12/2022,FFZ,AZ,AWP,CE,Towers with Radar,0,8,14,2,24,0,286,160,10,456,0,294,174,12,480,791,0,791,1271
05/13/2022,FFZ,AZ,AWP,CE,Towers with Radar,0,11,8,1,20,0,283,170,3,456,0,294,178,4,476,740,0,740,1216
05/14/2022,FFZ,AZ,AWP,CE,Towers with Radar,0,8,8,0,16,0,206,137,0,343,0,214,145,0,359,476,0,476,835
05/15/2022,FFZ,AZ,AWP,CE,Towers with Radar,0,4,6,0,10,0,184,136,0,320,0,188,142,0,330,415,0,415,745
05/16/2022,FFZ,AZ,AWP,CE,Towers with Radar,0,9,9,0,18,0,231,108,5,344,0,240,117,5,362,700,0,700,1062
05/17/2022,FFZ,AZ,AWP,CE,Towers with Radar,0,8,3,0,11,0,275,109,9,393,0,283,112,9,404,682,0,682,1086
05/18/2022,FFZ,AZ,AWP,CE,Towers with Radar,0,11,5,0,16,0,261,150,1,412,0,272,155,1,428,704,0,704,1132
05/19/2022,FFZ,AZ,AWP,CE,Towers with Radar,1,10,10,1,22,0,248,157,6,411,1,258,167,7,433,539,0,539,972
05/20/2022,FFZ,AZ,AWP,CE,Towers with Radar,0,12,7,0,19,0,196,111,4,311,0,208,118,4,330,264,0,264,594
05/21/2022,FFZ,AZ,AWP,CE,Towers with Radar,0,6,3,0,9,0,199,183,1,383,0,205,186,1,392,409,0,409,801
05/22/2022,FFZ,AZ,AWP,CE,Towers with Radar,0,6,5,0,11,0,181,113,2,296,0,187,118,2,307,299,0,299,606
05/23/2022,FFZ,AZ,AWP,CE,Towers with Radar,0,9,6,1,16,0,234,93,7,334,0,243,99,8,350,454,0,454,804
05/24/2022,FFZ,AZ,AWP,CE,Towers with Radar,0,6,8,0,14,0,279,140,8,427,0,285,148,8,441,658,0,658,1099
05/25/2022,FFZ,AZ,AWP,CE,Towers with Radar,2,12,7,0,21,0,241,126,11,378,2,253,133,11,399,747,0,747,1146
05/26/2022,FFZ,AZ,AWP,CE,Towers with Radar,0,9,5,0,14,0,272,136,4,412,0,281,141,4,426,711,0,711,1137
05/27/2022,FFZ,AZ,AWP,CE,Towers with Radar,1,4,9,0,14,0,217,174,1,392,1,221,183,1,406,499,0,499,905
05/28/2022,FFZ,AZ,AWP,CE,Towers with Radar,0,7,6,0,13,0,168,151,0,319,0,175,157,0,332,345,0,345,677
05/29/2022,FFZ,AZ,AWP,CE,Towers with Radar,0,5,4,0,9,0,133,82,1,216,0,138,86,1,225,420,0,420,645
05/30/2022,FFZ,AZ,AWP,CE,Towers with Radar,0,4,7,0,11,0,159,128,0,287,0,163,135,0,298,272,0,272,570
05/31/2022,FFZ,AZ,AWP,CE,Towers with Radar,0,8,15,0,23,0,269,149,5,423,0,277,164,5,446,532,0,532,978
06/01/2022,FFZ,AZ,AWP,CE,Towers with Radar,0,12,10,2,24,0,283,151,6,440,0,295,161,8,464,758,0,758,1222
06/02/2022,FFZ,AZ,AWP,CE,Towers with Radar,0,12,6,0,18,0,254,155,1,410,0,266,161,1,428,601,0,601,1029
06/03/2022,FFZ,AZ,AWP,CE,Towers with Radar,0,9,8,0,17,0,261,153,11,425,0,270,161,11,442,523,0,523,965
06/04/2022,FFZ,AZ,AWP,CE,Towers with Radar,0,11,2,0,13,0,227,173,0,400,0,238,175,0,413,343,0,343,756
06/05/2022,FFZ,AZ,AWP,CE,Towers with Radar,0,8,3,0,11,0,172,124,0,296,0,180,127,0,307,341,0,341,648
06/06/2022,FFZ,AZ,AWP,CE,Towers with Radar,0,6,9,0,15,0,200,126,2,328,0,206,135,2,343,503,0,503,846
06/07/2022,FFZ,AZ,AWP,CE,Towers with Radar,0,15,10,0,25,0,270,107,4,381,0,285,117,4,406,620,0,620,1026
06/08/2022,FFZ,AZ,AWP,CE,Towers with Radar,0,11,11,0,22,0,296,121,1,418,0,307,132,1,440,536,0,536,976
06/09/2022,FFZ,AZ,AWP,CE,Towers with Radar,0,4,4,0,8,0,258,145,8,411,0,262,149,8,419,253,0,253,672
06/10/2022,FFZ,AZ,AWP,CE,Towers with Radar,0,9,7,0,16,0,227,138,1,366,0,236,145,1,382,486,0,486,868
06/11/2022,FFZ,AZ,AWP,CE,Towers with Radar,0,3,3,0,6,0,225,129,0,354,0,228,132,0,360,374,0,374,734
06/12/2022,FFZ,AZ,AWP,CE,Towers with Radar,0,8,1,0,9,0,166,79,0,245,0,174,80,0,254,284,0,284,538
06/13/2022,FFZ,AZ,AWP,CE,Towers with Radar,0,4,4,0,8,0,200,97,2,299,0,204,101,2,307,315,0,315,622
06/14/2022,FFZ,AZ,AWP,CE,Towers with Radar,0,5,12,0,17,0,213,159,2,374,0,218,171,2,391,445,0,445,836
06/15/2022,FFZ,AZ,AWP,CE,Towers with Radar,0,7,5,0,12,0,238,159,1,398,0,245,164,1,410,684,0,684,1094
06/16/2022,FFZ,AZ,AWP,CE,Towers with Radar,0,7,9,0,16,0,255,180,4,439,0,262,189,4,455,485,0,485,940
06/17/2022,FFZ,AZ,AWP,CE,Towers with Radar,0,6,13,0,19,0,234,136,8,378,0,240,149,8,397,484,0,484,881
06/18/2022,FFZ,AZ,AWP,CE,Towers with Radar,0,5,5,0,10,0,84,93,2,179,0,89,98,2,189,242,0,242,431
06/19/2022,FFZ,AZ,AWP,CE,Towers with Radar,0,4,5,0,9,0,154,114,1,269,0,158,119,1,278,337,0,337,615
06/20/2022,FFZ,AZ,AWP,CE,Towers with Radar,0,6,7,0,13,0,243,156,2,401,0,249,163,2,414,527,0,527,941
06/21/2022,FFZ,AZ,AWP,CE,Towers with Radar,0,6,6,0,12,0,284,131,7,422,0,290,137,7,434,576,0,576,1010
06/22/2022,FFZ,AZ,AWP,CE,Towers with Radar,1,10,9,0,20,0,242,152,6,400,1,252,161,6,420,645,0,645,1065
06/23/2022,FFZ,AZ,AWP,CE,Towers with Radar,0,4,9,0,13,0,190,123,6,319,0,194,132,6,332,54,0,54,386
06/24/2022,FFZ,AZ,AWP,CE,Towers with Radar,0,7,6,0,13,0,186,102,4,292,0,193,108,4,305,108,0,108,413
06/25/2022,FFZ,AZ,AWP,CE,Towers with Radar,0,3,1,0,4,0,219,131,0,350,0,222,132,0,354,114,0,114,468
06/26/2022,FFZ,AZ,AWP,CE,Towers with Radar,0,3,4,0,7,0,152,91,0,243,0,155,95,0,250,78,0,78,328
06/27/2022,FFZ,AZ,AWP,CE,Towers with Radar,0,5,5,0,10,0,225,118,4,347,0,230,123,4,357,114,0,114,471
06/28/2022,FFZ,AZ,AWP,CE,Towers with Radar,1,8,4,0,13,0,256,130,5,391,1,264,134,5,404,88,0,88,492
06/29/2022,FFZ,AZ,AWP,CE,Towers with Radar,0,8,6,0,14,0,201,109,6,316,0,209,115,6,330,53,0,53,383
06/30/2022,FFZ,AZ,AWP,CE,Towers with Radar,0,14,9,0,23,0,288,134,7,429,0,302,143,7,452,109,0,109,561
07/01/2022,FFZ,AZ,AWP,CE,Towers with Radar,0,5,9,0,14,0,220,142,0,362,0,225,151,0,376,94,0,94,470
07/02/2022,FFZ,AZ,AWP,CE,Towers with Radar,0,8,2,0,10,0,212,117,0,329,0,220,119,0,339,108,0,108,447
07/03/2022,FFZ,AZ,AWP,CE,Towers with Radar,0,0,3,0,3,0,160,82,0,242,0,160,85,0,245,73,0,73,318
07/04/2022,FFZ,AZ,AWP,CE,Towers with Radar,0,3,3,0,6,0,143,66,0,209,0,146,69,0,215,92,0,92,307
07/05/2022,FFZ,AZ,AWP,CE,Towers with Radar,0,5,12,0,17,0,211,129,4,344,0,216,141,4,361,145,0,145,506
07/06/2022,FFZ,AZ,AWP,CE,Towers with Radar,1,5,0,0,6,0,250,148,5,403,1,255,148,5,409,222,0,222,631
07/07/2022,FFZ,AZ,AWP,CE,Towers with Radar,0,6,5,0,11,0,276,168,12,456,0,282,173,12,467,492,0,492,959
07/08/2022,FFZ,AZ,AWP,CE,Towers with Radar,0,12,10,0,22,0,219,139,13,371,0,231,149,13,393,569,0,569,962
07/09/2022,FFZ,AZ,AWP,CE,Towers with Radar,0,4,3,0,7,0,174,122,0,296,0,178,125,0,303,272,0,272,575
07/10/2022,FFZ,AZ,AWP,CE,Towers with Radar,0,4,9,0,13,0,166,111,0,277,0,170,120,0,290,290,0,290,580
07/11/2022,FFZ,AZ,AWP,CE,Towers with Radar,0,4,6,0,10,0,192,116,4,312,0,196,122,4,322,372,0,372,694
07/12/2022,FFZ,AZ,AWP,CE,Towers with Radar,1,6,8,0,15,0,226,132,12,370,1,232,140,12,385,468,0,468,853
07/13/2022,FFZ,AZ,AWP,CE,Towers with Radar,0,11,4,0,15,0,230,147,7,384,0,241,151,7,399,480,0,480,879
07/14/2022,FFZ,AZ,AWP,CE,Towers with Radar,1,10,8,0,19,0,249,151,6,406,1,259,159,6,425,506,0,506,931
07/15/2022,FFZ,AZ,AWP,CE,Towers with Radar,0,6,7,0,13,0,226,125,3,354,0,232,132,3,367,455,0,455,822
07/16/2022,FFZ,AZ,AWP,CE,Towers with Radar,0,13,7,0,20,0,173,122,0,295,0,186,129,0,315,300,0,300,615
07/17/2022,FFZ,AZ,AWP,CE,Towers with Radar,0,11,8,0,19,0,141,92,0,233,0,152,100,0,252,247,0,247,499
07/18/2022,FFZ,AZ,AWP,CE,Towers with Radar,0,12,9,0,21,0,230,158,1,389,0,242,167,1,410,396,0,396,806
07/19/2022,FFZ,AZ,AWP,CE,Towers with Radar,0,8,8,0,16,0,225,128,6,359,0,233,136,6,375,224,0,224,599
07/20/2022,FFZ,AZ,AWP,CE,Towers with Radar,0,11,5,0,16,0,204,143,4,351,0,215,148,4,367,239,0,239,606
07/21/2022,FFZ,AZ,AWP,CE,Towers with Radar,0,5,7,0,12,0,213,135,4,352,0,218,142,4,364,416,0,416,780
07/22/2022,FFZ,AZ,AWP,CE,Towers with Radar,0,4,6,0,10,0,244,154,0,398,0,248,160,0,408,458,0,458,866
07/23/2022,FFZ,AZ,AWP,CE,Towers with Radar,0,7,1,0,8,0,155,74,4,233,0,162,75,4,241,378,0,378,619
07/24/2022,FFZ,AZ,AWP,CE,Towers with Radar,0,2,4,0,6,0,78,66,0,144,0,80,70,0,150,301,0,301,451
07/25/2022,FFZ,AZ,AWP,CE,Towers with Radar,0,8,9,0,17,0,205,106,2,313,0,213,115,2,330,400,0,400,730
07/26/2022,FFZ,AZ,AWP,CE,Towers with Radar,0,13,8,0,21,0,238,128,6,372,0,251,136,6,393,694,0,694,1087
07/27/2022,FFZ,AZ,AWP,CE,Towers with Radar,0,9,4,0,13,0,222,100,5,327,0,231,104,5,340,624,0,624,964
07/28/2022,FFZ,AZ,AWP,CE,Towers with Radar,0,3,9,0,12,0,134,102,3,239,0,137,111,3,251,510,0,510,761
07/29/2022,FFZ,AZ,AWP,CE,Towers with Radar,0,13,10,0,23,0,225,120,4,349,0,238,130,4,372,558,0,558,930
07/30/2022,FFZ,AZ,AWP,CE,Towers with Radar,0,12,4,0,16,0,174,111,0,285,0,186,115,0,301,398,0,398,699
07/31/2022,FFZ,AZ,AWP,CE,Towers with Radar,0,11,11,0,22,0,137,114,0,251,0,148,125,0,273,301,0,301,574
08/01/2022,FFZ,AZ,AWP,CE,Towers with Radar,0,7,1,0,8,0,196,121,3,320,0,203,122,3,328,530,0,530,858
08/02/2022,FFZ,AZ,AWP,CE,Towers with Radar,0,13,13,0,26,0,220,118,6,344,0,233,131,6,370,785,0,785,1155
08/03/2022,FFZ,AZ,AWP,CE,Towers with Radar,0,13,7,0,20,0,202,141,0,343,0,215,148,0,363,568,0,568,931
08/04/2022,FFZ,AZ,AWP,CE,Towers with Radar,0,12,9,0,21,0,276,128,0,404,0,288,137,0,425,775,0,775,1200
08/05/2022,FFZ,AZ,AWP,CE,Towers with Radar,0,14,12,0,26,0,229,131,1,361,0,243,143,1,387,524,0,524,911
08/06/2022,FFZ,AZ,AWP,CE,Towers with Radar,0,7,5,0,12,0,234,146,0,380,0,241,151,0,392,605,0,605,997
08/07/2022,FFZ,AZ,AWP,CE,Towers with Radar,0,14,8,0,22,0,134,86,0,220,0,148,94,0,242,441,0,441,683
08/08/2022,FFZ,AZ,AWP,CE,Towers with Radar,0,7,10,0,17,0,233,132,4,369,0,240,142,4,386,690,0,690,1076
08/09/2022,FFZ,AZ,AWP,CE,Towers with Radar,0,10,10,0,20,0,244,136,5,385,0,254,146,5,405,619,0,619,1024
08/10/2022,FFZ,AZ,AWP,CE,Towers with Radar,0,11,8,0,19,0,242,133,1,376,0,253,141,1,395,558,0,558,953
08/11/2022,FFZ,AZ,AWP,CE,Towers with Radar,0,10,10,0,20,0,216,118,0,334,0,226,128,0,354,817,0,817,1171
08/12/2022,FFZ,AZ,AWP,CE,Towers with Radar,0,15,7,0,22,0,162,97,4,263,0,177,104,4,285,465,0,465,750
08/13/2022,FFZ,AZ,AWP,CE,Towers with Radar,0,14,10,0,24,0,206,132,0,338,0,220,142,0,362,385,0,385,747
08/14/2022,FFZ,AZ,AWP,CE,Towers with Radar,0,6,8,0,14,0,133,113,0,246,0,139,121,0,260,460,0,460,720
08/15/2022,FFZ,AZ,AWP,CE,Towers with Radar,0,14,8,0,22,0,258,180,10,448,0,272,188,10,470,671,0,671,1141
08/16/2022,FFZ,AZ,AWP,CE,Towers with Radar,0,9,13,0,22,0,241,198,5,444,0,250,211,5,466,697,0,697,1163
08/17/2022,FFZ,AZ,AWP,CE,Towers with Radar,0,10,5,0,15,0,274,145,3,422,0,284,150,3,437,583,0,583,1020
08/18/2022,FFZ,AZ,AWP,CE,Towers with Radar,0,5,12,2,19,0,246,115,3,364,0,251,127,5,383,582,0,582,965
08/19/2022,FFZ,AZ,AWP,CE,Towers with Radar,0,5,9,0,14,0,163,100,6,269,0,168,109,6,283,486,0,486,769
08/20/2022,FFZ,AZ,AWP,CE,Towers with Radar,0,19,8,0,27,0,150,101,0,251,0,169,109,0,278,552,0,552,830
08/21/2022,FFZ,AZ,AWP,CE,Towers with Radar,0,13,14,0,27,0,157,104,0,261,0,170,118,0,288,559,0,559,847
08/22/2022,FFZ,AZ,AWP,CE,Towers with Radar,0,9,8,0,17,0,257,173,5,435,0,266,181,5,452,644,0,644,1096
08/23/2022,FFZ,AZ,AWP,CE,Towers with Radar,0,7,5,0,12,0,255,132,4,391,0,262,137,4,403,669,0,669,1072
08/24/2022,FFZ,AZ,AWP,CE,Towers with Radar,0,12,7,0,19,0,255,147,7,409,0,267,154,7,428,672,0,672,1100
08/25/2022,FFZ,AZ,AWP,CE,Towers with Radar,0,11,6,0,17,0,253,181,2,436,0,264,187,2,453,725,0,725,1178
08/26/2022,FFZ,AZ,AWP,CE,Towers with Radar,0,9,12,0,21,0,254,169,13,436,0,263,181,13,457,683,0,683,1140
08/27/2022,FFZ,AZ,AWP,CE,Towers with Radar,0,9,5,0,14,0,208,135,0,343,0,217,140,0,357,506,0,506,863
08/28/2022,FFZ,AZ,AWP,CE,Towers with Radar,0,4,9,0,13,0,153,121,0,274,0,157,130,0,287,456,0,456,743
08/29/2022,FFZ,AZ,AWP,CE,Towers with Radar,0,15,5,0,20,0,236,176,2,414,0,251,181,2,434,577,0,577,1011
08/30/2022,FFZ,AZ,AWP,CE,Towers with Radar,2,8,7,0,17,0,260,156,3,419,2,268,163,3,436,840,0,840,1276
08/31/2022,FFZ,AZ,AWP,CE,Towers with Radar,0,7,6,0,13,0,295,170,8,473,0,302,176,8,486,767,0,767,1253
09/01/2022,FFZ,AZ,AWP,CE,Towers with Radar,0,12,11,0,23,0,248,159,3,410,0,260,170,3,433,706,2,708,1141
09/02/2022,FFZ,AZ,AWP,CE,Towers with Radar,0,8,5,0,13,0,191,153,0,344,0,199,158,0,357,565,2,567,924
09/03/2022,FFZ,AZ,AWP,CE,Towers with Radar,0,8,3,0,11,0,140,123,0,263,0,148,126,0,274,272,0,272,546
09/04/2022,FFZ,AZ,AWP,CE,Towers with Radar,0,3,7,0,10,0,159,99,0,258,0,162,106,0,268,471,0,471,739
09/05/2022,FFZ,AZ,AWP,CE,Towers with Radar,0,6,12,0,18,0,254,167,0,421,0,260,179,0,439,545,0,545,984
09/06/2022,FFZ,AZ,AWP,CE,Towers with Radar,0,8,8,0,16,0,289,124,6,419,0,297,132,6,435,668,0,668,1103
09/07/2022,FFZ,AZ,AWP,CE,Towers with Radar,0,17,4,0,21,0,298,164,4,466,0,315,168,4,487,869,0,869,1356
09/08/2022,FFZ,AZ,AWP,CE,Towers with Radar,0,4,7,0,11,0,241,145,4,390,0,245,152,4,401,751,0,751,1152
09/09/2022,FFZ,AZ,AWP,CE,Towers with Radar,0,5,6,0,11,0,208,147,4,359,0,213,153,4,370,708,0,708,1078
09/10/2022,FFZ,AZ,AWP,CE,Towers with Radar,0,7,3,0,10,0,184,132,1,317,0,191,135,1,327,615,0,615,942
09/11/2022,FFZ,AZ,AWP,CE,Towers with Radar,0,6,10,0,16,0,181,93,0,274,0,187,103,0,290,534,0,534,824
09/12/2022,FFZ,AZ,AWP,CE,Towers with Radar,0,6,3,2,11,0,170,115,1,286,0,176,118,3,297,708,0,708,1005
09/13/2022,FFZ,AZ,AWP,CE,Towers with Radar,0,11,5,0,16,0,300,131,5,436,0,311,136,5,452,832,0,832,1284
09/14/2022,FFZ,AZ,AWP,CE,Towers with Radar,0,7,9,0,16,0,305,184,5,494,0,312,193,5,510,964,0,964,1474
09/15/2022,FFZ,AZ,AWP,CE,Towers with Radar,0,8,12,0,20,0,271,140,5,416,0,279,152,5,436,737,0,737,1173
09/16/2022,FFZ,AZ,AWP,CE,Towers with Radar,0,7,6,0,13,0,243,155,2,400,0,250,161,2,413,724,0,724,1137
09/17/2022,FFZ,AZ,AWP,CE,Towers with Radar,0,10,7,0,17,0,208,156,0,364,0,218,163,0,381,627,0,627,1008
09/18/2022,FFZ,AZ,AWP,CE,Towers with Radar,0,5,8,0,13,0,185,104,0,289,0,190,112,0,302,486,0,486,788
09/19/2022,FFZ,AZ,AWP,CE,Towers with Radar,0,7,14,1,22,0,256,142,2,400,0,263,156,3,422,569,0,569,991
09/20/2022,FFZ,AZ,AWP,CE,Towers with Radar,0,7,8,0,15,0,212,136,1,349,0,219,144,1,364,769,0,769,1133
09/21/2022,FFZ,AZ,AWP,CE,Towers with Radar,0,7,14,1,22,0,171,121,4,296,0,178,135,5,318,769,0,769,1087
09/22/2022,FFZ,AZ,AWP,CE,Towers with Radar,0,8,11,0,19,0,265,158,3,426,0,273,169,3,445,756,0,756,1201
09/23/2022,FFZ,AZ,AWP,CE,Towers with Radar,0,10,7,0,17,0,270,175,0,445,0,280,182,0,462,656,0,656,1118
09/24/2022,FFZ,AZ,AWP,CE,Towers with Radar,0,4,4,0,8,0,276,228,0,504,0,280,232,0,512,718,0,718,1230
09/25/2022,FFZ,AZ,AWP,CE,Towers with Radar,0,5,12,0,17,0,153,133,1,287,0,158,145,1,304,472,0,472,776
09/26/2022,FFZ,AZ,AWP,CE,Towers with Radar,0,6,11,0,17,0,195,120,21,336,0,201,131,21,353,540,0,540,893
09/27/2022,FFZ,AZ,AWP,CE,Towers with Radar,1,4,12,0,17,0,274,142,2,418,1,278,154,2,435,491,0,491,926
09/28/2022,FFZ,AZ,AWP,CE,Towers with Radar,0,8,8,0,16,0,178,153,2,333,0,186,161,2,349,600,0,600,949
09/29/2022,FFZ,AZ,AWP,CE,Towers with Radar,0,12,10,0,22,0,246,206,7,459,0,258,216,7,481,868,0,868,1349
09/30/2022,FFZ,AZ,AWP,CE,Towers with Radar,0,5,6,0,11,0,273,173,7,453,0,278,179,7,464,804,0,804,1268
10/01/2022,FFZ,AZ,AWP,CE,Towers with Radar,0,16,4,0,20,0,200,130,0,330,0,216,134,0,350,577,0,577,927
10/02/2022,FFZ,AZ,AWP,CE,Towers with Radar,0,9,9,0,18,0,194,105,0,299,0,203,114,0,317,486,0,486,803
10/03/2022,FFZ,AZ,AWP,CE,Towers with Radar,0,6,4,0,10,0,194,87,5,286,0,200,91,5,296,570,0,570,866
10/04/2022,FFZ,AZ,AWP,CE,Towers with Radar,0,6,11,0,17,0,277,139,4,420,0,283,150,4,437,775,0,775,1212
10/05/2022,FFZ,AZ,AWP,CE,Towers with Radar,0,6,12,0,18,0,357,157,7,521,0,363,169,7,539,730,0,730,1269
10/06/2022,FFZ,AZ,AWP,CE,Towers with Radar,0,6,15,0,21,0,185,136,7,328,0,191,151,7,349,740,0,740,1089
10/07/2022,FFZ,AZ,AWP,CE,Towers with Radar,1,8,10,0,19,0,225,160,6,391,1,233,170,6,410,541,0,541,951
10/08/2022,FFZ,AZ,AWP,CE,Towers with Radar,1,12,8,0,21,0,172,146,0,318,1,184,154,0,339,336,0,336,675
10/09/2022,FFZ,AZ,AWP,CE,Towers with Radar,0,8,13,0,21,0,215,123,0,338,0,223,136,0,359,382,0,382,741
10/10/2022,FFZ,AZ,AWP,CE,Towers with Radar,0,5,5,0,10,0,229,123,2,354,0,234,128,2,364,576,0,576,940
10/11/2022,FFZ,AZ,AWP,CE,Towers with Radar,0,12,6,2,20,0,290,134,1,425,0,302,140,3,445,691,0,691,1136
10/12/2022,FFZ,AZ,AWP,CE,Towers with Radar,0,7,15,0,22,0,365,186,8,559,0,372,201,8,581,642,0,642,1223
10/13/2022,FFZ,AZ,AWP,CE,Towers with Radar,0,6,5,2,13,0,290,163,2,455,0,296,168,4,468,545,0,545,1013
10/14/2022,FFZ,AZ,AWP,CE,Towers with Radar,0,20,11,0,31,0,294,172,10,476,0,314,183,10,507,663,0,663,1170
10/15/2022,FFZ,AZ,AWP,CE,Towers with Radar,0,2,6,0,8,0,89,52,0,141,0,91,58,0,149,220,0,220,369
10/16/2022,FFZ,AZ,AWP,CE,Towers with Radar,0,21,14,2,37,0,81,58,0,139,0,102,72,2,176,210,0,210,386
10/17/2022,FFZ,AZ,AWP,CE,Towers with Radar,0,9,8,4,21,0,298,172,8,478,0,307,180,12,499,692,0,692,1191
10/18/2022,FFZ,AZ,AWP,CE,Towers with Radar,0,13,8,2,23,0,411,129,4,544,0,424,137,6,567,484,0,484,1051
10/19/2022,FFZ,AZ,AWP,CE,Towers with Radar,0,11,7,4,22,0,259,169,6,434,0,270,176,10,456,598,0,598,1054
10/20/2022,FFZ,AZ,AWP,CE,Towers with Radar,0,14,9,1,24,0,315,187,2,504,0,329,196,3,528,756,0,756,1284
10/21/2022,FFZ,AZ,AWP,CE,Towers with Radar,0,8,8,0,16,0,342,232,1,575,0,350,240,1,591,579,0,579,1170
10/22/2022,FFZ,AZ,AWP,CE,Towers with Radar,0,6,9,0,15,0,198,136,0,334,0,204,145,0,349,403,0,403,752
10/23/2022,FFZ,AZ,AWP,CE,Towers with Radar,0,13,18,0,31,0,145,67,0,212,0,158,85,0,243,358,0,358,601
10/24/2022,FFZ,AZ,AWP,CE,Towers with Radar,0,9,10,0,19,0,304,155,9,468,0,313,165,9,487,684,0,684,1171
10/25/2022,FFZ,AZ,AWP,CE,Towers with Radar,0,3,4,0,7,0,310,172,7,489,0,313,176,7,496,699,0,699,1195
10/26/2022,FFZ,AZ,AWP,CE,Towers with Radar,0,10,9,0,19,0,274,201,5,480,0,284,210,5,499,728,0,728,1227
10/27/2022,FFZ,AZ,AWP,CE,Towers with Radar,0,15,14,2,31,0,294,164,4,462,0,309,178,6,493,675,0,675,1168
10/28/2022,FFZ,AZ,AWP,CE,Towers with Radar,0,4,12,0,16,0,292,237,6,535,0,296,249,6,551,777,0,777,1328
10/29/2022,FFZ,AZ,AWP,CE,Towers with Radar,0,4,8,0,12,0,257,194,0,451,0,261,202,0,463,690,0,690,1153
10/30/2022,FFZ,AZ,AWP,CE,Towers with Radar,0,7,14,0,21,0,236,165,0,401,0,243,179,0,422,637,0,637,1059
10/31/2022,FFZ,AZ,AWP,CE,Towers with Radar,0,4,10,0,14,0,332,182,2,516,0,336,192,2,530,675,0,675,1205
11/01/2022,FFZ,AZ,AWP,CE,Towers with Radar,0,6,14,0,20,0,325,185,1,511,0,331,199,1,531,678,0,678,1209
11/02/2022,FFZ,AZ,AWP,CE,Towers with Radar,0,10,11,0,21,0,265,155,1,421,0,275,166,1,442,816,0,816,1258
11/03/2022,FFZ,AZ,AWP,CE,Towers with Radar,0,6,16,0,22,0,129,85,1,215,0,135,101,1,237,446,0,446,683
11/04/2022,FFZ,AZ,AWP,CE,Towers with Radar,0,15,16,0,31,0,319,214,3,536,0,334,230,3,567,839,0,839,1406
11/05/2022,FFZ,AZ,AWP,CE,Towers with Radar,0,9,7,0,16,0,214,216,5,435,0,223,223,5,451,713,0,713,1164
11/06/2022,FFZ,AZ,AWP,CE,Towers with Radar,2,5,8,0,15,0,198,137,0,335,2,203,145,0,350,594,0,594,944
11/07/2022,FFZ,AZ,AWP,CE,Towers with Radar,0,5,7,0,12,0,275,189,6,470,0,280,196,6,482,713,0,713,1195
11/08/2022,FFZ,AZ,AWP,CE,Towers with Radar,0,7,7,0,14,0,308,198,2,508,0,315,205,2,522,700,0,700,1222
11/09/2022,FFZ,AZ,AWP,CE,Towers with Radar,0,21,13,0,34,0,105,71,6,182,0,126,84,6,216,434,0,434,650
11/10/2022,FFZ,AZ,AWP,CE,Towers with Radar,0,18,9,0,27,0,329,228,4,561,0,347,237,4,588,729,0,729,1317
11/11/2022,FFZ,AZ,AWP,CE,Towers with Radar,0,5,7,0,12,0,269,226,5,500,0,274,233,5,512,726,0,726,1238
11/12/2022,FFZ,AZ,AWP,CE,Towers with Radar,0,5,6,0,11,0,252,238,1,491,0,257,244,1,502,528,0,528,1030
11/13/2022,FFZ,AZ,AWP,CE,Towers with Radar,0,6,9,0,15,0,222,173,1,396,0,228,182,1,411,421,0,421,832
11/14/2022,FFZ,AZ,AWP,CE,Towers with Radar,0,10,6,0,16,0,292,180,2,474,0,302,186,2,490,779,0,779,1269
11/15/2022,FFZ,AZ,AWP,CE,Towers with Radar,0,12,9,0,21,0,273,216,3,492,0,285,225,3,513,812,0,812,1325
11/16/2022,FFZ,AZ,AWP,CE,Towers with Radar,0,10,13,0,23,0,301,134,4,439,0,311,147,4,462,773,0,773,1235
11/17/2022,FFZ,AZ,AWP,CE,Towers with Radar,0,15,14,0,29,0,274,224,3,501,0,289,238,3,530,1110,8,1118,1648
11/18/2022,FFZ,AZ,AWP,CE,Towers with Radar,0,9,6,0,15,0,241,219,7,467,0,250,225,7,482,761,0,761,1243
11/19/2022,FFZ,AZ,AWP,CE,Towers with Radar,0,3,16,0,19,0,226,234,0,460,0,229,250,0,479,645,0,645,1124
11/20/2022,FFZ,AZ,AWP,CE,Towers with Radar,0,4,5,0,9,0,174,145,1,320,0,178,150,1,329,574,0,574,903
11/21/2022,FFZ,AZ,AWP,CE,Towers with Radar,0,5,5,0,10,0,275,144,0,419,0,280,149,0,429,627,0,627,1056
11/22/2022,FFZ,AZ,AWP,CE,Towers with Radar,0,10,25,0,35,0,256,171,12,439,0,266,196,12,474,703,0,703,1177
11/23/2022,FFZ,AZ,AWP,CE,Towers with Radar,0,15,12,0,27,0,291,156,2,449,0,306,168,2,476,671,0,671,1147
11/24/2022,FFZ,AZ,AWP,CE,Towers with Radar,0,1,3,0,4,0,4,25,0,29,0,5,28,0,33,12,0,12,45
11/25/2022,FFZ,AZ,AWP,CE,Towers with Radar,1,2,6,0,9,0,143,144,0,287,1,145,150,0,296,377,0,377,673
11/26/2022,FFZ,AZ,AWP,CE,Towers with Radar,0,2,4,0,6,0,189,177,0,366,0,191,181,0,372,534,0,534,906
11/27/2022,FFZ,AZ,AWP,CE,Towers with Radar,0,7,17,0,24,0,173,185,0,358,0,180,202,0,382,580,0,580,962
11/28/2022,FFZ,AZ,AWP,CE,Towers with Radar,0,15,13,0,28,0,228,148,1,377,0,243,161,1,405,787,0,787,1192
11/29/2022,FFZ,AZ,AWP,CE,Towers with Radar,0,11,13,0,24,0,293,166,0,459,0,304,179,0,483,832,0,832,1315
11/30/2022,FFZ,AZ,AWP,CE,Towers with Radar,0,6,12,0,18,0,330,211,6,547,0,336,223,6,565,828,0,828,1393
12/01/2022,FFZ,AZ,AWP,CE,Towers with Radar,0,5,12,0,17,0,293,192,0,485,0,298,204,0,502,906,0,906,1408
12/02/2022,FFZ,AZ,AWP,CE,Towers with Radar,0,5,11,0,16,0,259,193,4,456,0,264,204,4,472,745,0,745,1217
12/03/2022,FFZ,AZ,AWP,CE,Towers with Radar,0,14,9,0,23,0,67,103,0,170,0,81,112,0,193,251,0,251,444
12/04/2022,FFZ,AZ,AWP,CE,Towers with Radar,0,24,14,1,39,0,8,25,0,33,0,32,39,1,72,166,0,166,238
12/05/2022,FFZ,AZ,AWP,CE,Towers with Radar,0,41,7,0,48,0,72,57,8,137,0,113,64,8,185,371,0,371,556
12/06/2022,FFZ,AZ,AWP,CE,Towers with Radar,0,34,7,0,41,0,167,108,11,286,0,201,115,11,327,669,0,669,996
12/07/2022,FFZ,AZ,AWP,CE,Towers with Radar,0,11,15,0,26,0,257,164,13,434,0,268,179,13,460,808,0,808,1268
12/08/2022,FFZ,AZ,AWP,CE,Towers with Radar,0,9,20,0,29,0,304,207,3,514,0,313,227,3,543,619,0,619,1162
12/09/2022,FFZ,AZ,AWP,CE,Towers with Radar,0,6,11,0,17,0,297,212,3,512,0,303,223,3,529,675,0,675,1204
12/10/2022,FFZ,AZ,AWP,CE,Towers with Radar,0,7,8,0,15,0,225,168,1,394,0,232,176,1,409,708,0,708,1117
12/11/2022,FFZ,AZ,AWP,CE,Towers with Radar,0,6,8,0,14,0,200,265,0,465,0,206,273,0,479,503,0,503,982
12/12/2022,FFZ,AZ,AWP,CE,Towers with Radar,0,3,5,0,8,0,105,62,4,171,0,108,67,4,179,449,0,449,628
12/13/2022,FFZ,AZ,AWP,CE,Towers with Radar,0,3,11,0,14,0,186,127,7,320,0,189,138,7,334,801,0,801,1135
12/14/2022,FFZ,AZ,AWP,CE,Towers with Radar,0,7,6,2,15,0,308,171,3,482,0,315,177,5,497,434,0,434,931
12/15/2022,FFZ,AZ,AWP,CE,Towers with Radar,0,11,8,0,19,0,288,209,6,503,0,299,217,6,522,636,0,636,1158
12/16/2022,FFZ,AZ,AWP,CE,Towers with Radar,0,7,18,2,27,0,349,190,5,544,0,356,208,7,571,603,0,603,1174
12/17/2022,FFZ,AZ,AWP,CE,Towers with Radar,0,6,9,0,15,0,260,216,0,476,0,266,225,0,491,577,0,577,1068
12/18/2022,FFZ,AZ,AWP,CE,Towers with Radar,0,5,11,0,16,0,214,158,1,373,0,219,169,1,389,613,0,613,1002
12/19/2022,FFZ,AZ,AWP,CE,Towers with Radar,0,2,15,0,17,0,290,163,3,456,0,292,178,3,473,661,0,661,1134
12/20/2022,FFZ,AZ,AWP,CE,Towers with Radar,0,9,17,0,26,0,292,163,0,455,0,301,180,0,481,551,0,551,1032
12/21/2022,FFZ,AZ,AWP,CE,Towers with Radar,0,15,11,0,26,0,291,170,4,465,0,306,181,4,491,581,0,581,1072
12/22/2022,FFZ,AZ,AWP,CE,Towers with Radar,0,7,4,0,11,0,258,164,9,431,0,265,168,9,442,403,0,403,845
12/23/2022,FFZ,AZ,AWP,CE,Towers with Radar,0,12,10,0,22,0,203,156,0,359,0,215,166,0,381,437,0,437,818
12/24/2022,FFZ,AZ,AWP,CE,Towers with Radar,0,4,4,0,8,0,106,137,1,244,0,110,141,1,252,247,0,247,499
12/25/2022,FFZ,AZ,AWP,CE,Towers with Radar,0,3,0,0,3,0,2,30,0,32,0,5,30,0,35,21,0,21,56
12/26/2022,FFZ,AZ,AWP,CE,Towers with Radar,0,2,12,0,14,0,126,160,1,287,0,128,172,1,301,248,0,248,549
12/27/2022,FFZ,AZ,AWP,CE,Towers with Radar,0,6,13,0,19,0,162,167,0,329,0,168,180,0,348,494,0,494,842
12/28/2022,FFZ,AZ,AWP,CE,Towers with Radar,0,9,6,0,15,0,10,5,0,15,0,19,11,0,30,5,0,5,35
12/29/2022,FFZ,AZ,AWP,CE,Towers with Radar,0,12,17,0,29,0,233,117,0,350,0,245,134,0,379,661,0,661,1040
12/30/2022,FFZ,AZ,AWP,CE,Towers with Radar,0,35,21,0,56,0,35,38,1,74,0,70,59,1,130,465,0,465,595
12/31/2022,FFZ,AZ,AWP,CE,Towers with Radar,0,9,9,0,18,0,199,181,0,380,0,208,190,0,398,586,0,586,984
01/01/2023,FFZ,AZ,AWP,CE,Towers with Radar,0,1,3,0,4,0,0,3,0,3,0,1,6,0,7,0,0,0,7
01/02/2023,FFZ,AZ,AWP,CE,Towers with Radar,0,3,18,0,21,0,164,78,0,242,0,167,96,0,263,593,0,593,856
01/03/2023,FFZ,AZ,AWP,CE,Towers with Radar,0,8,7,0,15,0,242,99,0,341,0,250,106,0,356,732,0,732,1088
01/04/2023,FFZ,AZ,AWP,CE,Towers with Radar,0,21,11,3,35,0,323,220,3,546,0,344,231,6,581,807,0,807,1388
01/05/2023,FFZ,AZ,AWP,CE,Towers with Radar,0,16,8,0,24,0,330,208,6,544,0,346,216,6,568,701,0,701,1269
01/06/2023,FFZ,AZ,AWP,CE,Towers with Radar,0,16,7,0,23,0,262,214,0,476,0,278,221,0,499,781,0,781,1280
01/07/2023,FFZ,AZ,AWP,CE,Towers with Radar,0,4,15,0,19,0,277,275,2,554,0,281,290,2,573,626,0,626,1199
01/08/2023,FFZ,AZ,AWP,CE,Towers with Radar,0,9,16,0,25,0,236,162,0,398,0,245,178,0,423,759,0,759,1182
01/09/2023,FFZ,AZ,AWP,CE,Towers with Radar,1,15,10,0,26,0,262,173,1,436,1,277,183,1,462,750,0,750,1212
01/10/2023,FFZ,AZ,AWP,CE,Towers with Radar,0,14,6,1,21,0,317,226,3,546,0,331,232,4,567,787,0,787,1354
01/11/2023,FFZ,AZ,AWP,CE,Towers with Radar,0,14,18,0,32,0,321,198,3,522,0,335,216,3,554,800,0,800,1354
01/12/2023,FFZ,AZ,AWP,CE,Towers with Radar,0,13,16,0,29,0,296,206,3,505,0,309,222,3,534,725,0,725,1259
01/13/2023,FFZ,AZ,AWP,CE,Towers with Radar,0,10,11,0,21,0,320,229,10,559,0,330,240,10,580,694,0,694,1274
01/14/2023,FFZ,AZ,AWP,CE,Towers with Radar,0,11,5,0,16,0,277,252,8,537,0,288,257,8,553,600,0,600,1153
01/15/2023,FFZ,AZ,AWP,CE,Towers with Radar,0,12,9,0,21,0,31,14,0,45,0,43,23,0,66,327,0,327,393
01/16/2023,FFZ,AZ,AWP,CE,Towers with Radar,0,11,12,0,23,0,34,24,3,61,0,45,36,3,84,232,0,232,316
01/17/2023,FFZ,AZ,AWP,CE,Towers with Radar,0,4,11,0,15,0,298,132,3,433,0,302,143,3,448,756,0,756,1204
01/18/2023,FFZ,AZ,AWP,CE,Towers with Radar,0,14,15,0,29,0,331,231,1,563,0,345,246,1,592,727,0,727,1319
01/19/2023,FFZ,AZ,AWP,CE,Towers with Radar,0,4,19,0,23,0,349,246,10,605,0,353,265,10,628,705,0,705,1333
01/20/2023,FFZ,AZ,AWP,CE,Towers with Radar,0,7,23,0,30,0,298,221,7,526,0,305,244,7,556,764,0,764,1320
01/21/2023,FFZ,AZ,AWP,CE,Towers with Radar,0,8,13,0,21,0,261,280,0,541,0,269,293,0,562,439,0,439,1001
01/22/2023,FFZ,AZ,AWP,CE,Towers with Radar,0,4,14,0,18,0,204,161,1,366,0,208,175,1,384,441,0,441,825
01/23/2023,FFZ,AZ,AWP,CE,Towers with Radar,0,6,11,0,17,0,260,115,3,378,0,266,126,3,395,680,0,680,1075
01/24/2023,FFZ,AZ,AWP,CE,Towers with Radar,0,8,12,0,20,0,272,205,1,478,0,280,217,1,498,633,0,633,1131
01/25/2023,FFZ,AZ,AWP,CE,Towers with Radar,0,11,16,0,27,0,288,191,1,480,0,299,207,1,507,728,0,728,1235
01/26/2023,FFZ,AZ,AWP,CE,Towers with Radar,0,15,11,0,26,0,241,142,8,391,0,256,153,8,417,435,0,435,852
01/27/2023,FFZ,AZ,AWP,CE,Towers with Radar,0,7,15,1,23,0,331,244,9,584,0,338,259,10,607,656,0,656,1263
01/28/2023,FFZ,AZ,AWP,CE,Towers with Radar,0,14,14,0,28,0,262,244,1,507,0,276,258,1,535,573,0,573,1108
01/29/2023,FFZ,AZ,AWP,CE,Towers with Radar,0,11,18,0,29,0,233,178,0,411,0,244,196,0,440,347,0,347,787
01/30/2023,FFZ,AZ,AWP,CE,Towers with Radar,0,3,10,0,13,0,223,132,5,360,0,226,142,5,373,601,0,601,974
01/31/2023,FFZ,AZ,AWP,CE,Towers with Radar,0,2,12,0,14,0,228,141,9,378,0,230,153,9,392,639,0,639,1031
02/01/2023,FFZ,AZ,AWP,CE,Towers with Radar,0,13,5,0,18,0,321,199,1,521,0,334,204,1,539,806,0,806,1345
02/02/2023,FFZ,AZ,AWP,CE,Towers with Radar,0,7,14,0,21,0,321,212,4,537,0,328,226,4,558,946,0,946,1504
02/03/2023,FFZ,AZ,AWP,CE,Towers with Radar,0,10,14,0,24,0,236,226,3,465,0,246,240,3,489,648,0,648,1137
02/04/2023,FFZ,AZ,AWP,CE,Towers with Radar,0,16,6,0,22,0,236,317,1,554,0,252,323,1,576,571,0,571,1147
02/05/2023,FFZ,AZ,AWP,CE,Towers with Radar,0,9,13,1,23,0,208,164,1,373,0,217,177,2,396,697,0,697,1093
02/06/2023,FFZ,AZ,AWP,CE,Towers with Radar,0,12,7,1,20,0,275,153,2,430,0,287,160,3,450,764,0,764,1214
02/07/2023,FFZ,AZ,AWP,CE,Towers with Radar,0,4,9,0,13,0,264,225,2,491,0,268,234,2,504,748,0,748,1252
02/08/2023,FFZ,AZ,AWP,CE,Towers with Radar,0,4,22,0,26,0,306,242,0,548,0,310,264,0,574,704,0,704,1278
02/09/2023,FFZ,AZ,AWP,CE,Towers with Radar,0,14,16,0,30,0,212,133,3,348,0,226,149,3,378,566,0,566,944
02/10/2023,FFZ,AZ,AWP,CE,Towers with Radar,0,8,24,0,32,0,137,109,6,252,0,145,133,6,284,284,0,284,568
02/11/2023,FFZ,AZ,AWP,CE,Towers with Radar,0,10,14,0,24,0,141,148,0,289,0,151,162,0,313,438,0,438,751
02/12/2023,FFZ,AZ,AWP,CE,Towers with Radar,1,5,19,0,25,0,97,68,0,165,1,102,87,0,190,296,0,296,486
02/13/2023,FFZ,AZ,AWP,CE,Towers with Radar,0,11,39,1,51,0,58,66,0,124,0,69,105,1,175,498,0,498,673
02/14/2023,FFZ,AZ,AWP,CE,Towers with Radar,0,1,13,0,14,0,51,55,3,109,0,52,68,3,123,315,0,315,438
02/15/2023,FFZ,AZ,AWP,CE,Towers with Radar,0,11,9,0,20,0,285,212,7,504,0,296,221,7,524,173,0,173,697
02/16/2023,FFZ,AZ,AWP,CE,Towers with Radar,0,10,13,0,23,0,327,261,5,593,0,337,274,5,616,148,0,148,764
02/17/2023,FFZ,AZ,AWP,CE,Towers with Radar,0,8,19,1,28,0,161,178,8,347,0,169,197,9,375,132,0,132,507
02/18/2023,FFZ,AZ,AWP,CE,Towers with Radar,3,12,11,1,27,0,287,250,7,544,3,299,261,8,571,52,0,52,623
02/19/2023,FFZ,AZ,AWP,CE,Towers with Radar,0,6,10,0,16,0,211,192,0,403,0,217,202,0,419,28,0,28,447
02/20/2023,FFZ,AZ,AWP,CE,Towers with Radar,0,8,10,0,18,0,245,190,4,439,0,253,200,4,457,31,0,31,488
02/21/2023,FFZ,AZ,AWP,CE,Towers with Radar,0,13,13,0,26,0,110,107,3,220,0,123,120,3,246,79,0,79,325
02/22/2023,FFZ,AZ,AWP,CE,Towers with Radar,0,3,8,0,11,0,5,8,0,13,0,8,16,0,24,8,0,8,32
02/23/2023,FFZ,AZ,AWP,CE,Towers with Radar,0,3,9,0,12,0,303,173,6,482,0,306,182,6,494,109,0,109,603
02/24/2023,FFZ,AZ,AWP,CE,Towers with Radar,0,3,8,0,11,0,317,242,3,562,0,320,250,3,573,61,0,61,634
02/25/2023,FFZ,AZ,AWP,CE,Towers with Radar,0,10,6,0,16,0,251,164,2,417,0,261,170,2,433,8,0,8,441
02/26/2023,FFZ,AZ,AWP,CE,Towers with Radar,0,3,3,0,6,0,82,57,0,139,0,85,60,0,145,12,0,12,157
02/27/2023,FFZ,AZ,AWP,CE,Towers with Radar,0,6,13,0,19,0,275,203,0,478,0,281,216,0,497,79,0,79,576
02/28/2023,FFZ,AZ,AWP,CE,Towers with Radar,0,15,8,0,23,0,309,203,2,514,0,324,211,2,537,66,0,66,603
03/01/2023,FFZ,AZ,AWP,CE,Towers with Radar,0,3,4,0,7,0,144,90,3,237,0,147,94,3,244,98,0,98,342
03/02/2023,FFZ,AZ,AWP,CE,Towers with Radar,0,3,9,0,12,0,216,138,2,356,0,219,147,2,368,68,0,68,436
03/03/2023,FFZ,AZ,AWP,CE,Towers with Radar,0,13,14,0,27,0,297,214,6,517,0,310,228,6,544,82,0,82,626
03/04/2023,FFZ,AZ,AWP,CE,Towers with Radar,0,9,12,0,21,0,245,244,3,492,0,254,256,3,513,13,0,13,526
03/05/2023,FFZ,AZ,AWP,CE,Towers with Radar,1,9,8,0,18,0,148,185,0,333,1,157,193,0,351,201,0,201,552
03/06/2023,FFZ,AZ,AWP,CE,Towers with Radar,0,14,18,0,32,0,271,207,4,482,0,285,225,4,514,579,0,579,1093
03/07/2023,FFZ,AZ,AWP,CE,Towers with Radar,0,16,12,0,28,0,271,205,6,482,0,287,217,6,510,829,0,829,1339
03/08/2023,FFZ,AZ,AWP,CE,Towers with Radar,0,12,8,0,20,0,308,213,9,530,0,320,221,9,550,729,0,729,1279
03/09/2023,FFZ,AZ,AWP,CE,Towers with Radar,0,16,11,1,28,0,321,215,9,545,0,337,226,10,573,556,0,556,1129
03/10/2023,FFZ,AZ,AWP,CE,Towers with Radar,0,14,16,0,30,0,290,226,8,524,0,304,242,8,554,543,0,543,1097
03/11/2023,FFZ,AZ,AWP,CE,Towers with Radar,0,8,9,0,17,0,204,180,1,385,0,212,189,1,402,486,0,486,888
03/12/2023,FFZ,AZ,AWP,CE,Towers with Radar,0,16,13,0,29,0,170,165,1,336,0,186,178,1,365,450,0,450,815
03/13/2023,FFZ,AZ,AWP,CE,Towers with Radar,0,18,14,0,32,0,269,208,5,482,0,287,222,5,514,332,0,332,846
03/14/2023,FFZ,AZ,AWP,CE,Towers with Radar,0,11,11,0,22,0,284,202,1,487,0,295,213,1,509,582,0,582,1091
03/15/2023,FFZ,AZ,AWP,CE,Towers with Radar,0,9,14,0,23,0,52,35,4,91,0,61,49,4,114,355,0,355,469
03/16/2023,FFZ,AZ,AWP,CE,Towers with Radar,0,18,18,0,36,0,226,181,6,413,0,244,199,6,449,729,0,729,1178
03/17/2023,FFZ,AZ,AWP,CE,Towers with Radar,0,6,9,0,15,0,204,186,3,393,0,210,195,3,408,407,0,407,815
03/18/2023,FFZ,AZ,AWP,CE,Towers with Radar,0,12,12,0,24,0,204,302,4,510,0,216,314,4,534,411,0,411,945
03/19/2023,FFZ,AZ,AWP,CE,Towers with Radar,0,7,5,0,12,0,159,126,0,285,0,166,131,0,297,414,0,414,711
03/20/2023,FFZ,AZ,AWP,CE,Towers with Radar,1,16,17,0,34,0,286,177,2,465,1,302,194,2,499,84,0,84,583
03/21/2023,FFZ,AZ,AWP,CE,Towers with Radar,0,5,13,1,19,0,155,83,4,242,0,160,96,5,261,370,0,370,631
03/22/2023,FFZ,AZ,AWP,CE,Towers with Radar,0,13,8,1,22,0,145,96,1,242,0,158,104,2,264,509,0,509,773
03/23/2023,FFZ,AZ,AWP,CE,Towers with Radar,0,7,13,2,22,0,334,252,2,588,0,341,265,4,610,185,0,185,795
03/24/2023,FFZ,AZ,AWP,CE,Towers with Radar,0,13,17,2,32,0,275,202,4,481,0,288,219,6,513,558,0,558,1071
03/25/2023,FFZ,AZ,AWP,CE,Towers with Radar,0,13,17,0,30,0,276,269,9,554,0,289,286,9,584,463,0,463,1047
03/26/2023,FFZ,AZ,AWP,CE,Towers with Radar,0,6,19,0,25,0,167,175,0,342,0,173,194,0,367,427,0,427,794
03/27/2023,FFZ,AZ,AWP,CE,Towers with Radar,0,10,13,1,24,0,275,182,5,462,0,285,195,6,486,686,0,686,1172
03/28/2023,FFZ,AZ,AWP,CE,Towers with Radar,0,11,11,1,23,0,312,241,6,559,0,323,252,7,582,582,0,582,1164
03/29/2023,FFZ,AZ,AWP,CE,Towers with Radar,0,16,15,2,33,0,344,215,3,562,0,360,230,5,595,687,0,687,1282
03/30/2023,FFZ,AZ,AWP,CE,Towers with Radar,0,9,12,0,21,0,188,107,7,302,0,197,119,7,323,343,0,343,666
03/31/2023,FFZ,AZ,AWP,CE,Towers with Radar,0,20,15,0,35,0,303,246,5,554,0,323,261,5,589,616,0,616,1205
04/01/2023,FFZ,AZ,AWP,CE,Towers with Radar,0,8,12,0,20,0,230,247,1,478,0,238,259,1,498,554,0,554,1052
04/02/2023,FFZ,AZ,AWP,CE,Towers with Radar,0,11,16,0,27,0,235,161,0,396,0,246,177,0,423,414,0,414,837
04/03/2023,FFZ,AZ,AWP,CE,Towers with Radar,0,3,7,0,10,0,182,76,3,261,0,185,83,3,271,515,0,515,786
04/04/2023,FFZ,AZ,AWP,CE,Towers with Radar,0,6,5,0,11,0,170,98,16,284,0,176,103,16,295,494,0,494,789
04/05/2023,FFZ,AZ,AWP,CE,Towers with Radar,0,9,13,0,22,0,372,220,3,595,0,381,233,3,617,584,0,584,1201
04/06/2023,FFZ,AZ,AWP,CE,Towers with Radar,0,12,17,1,30,0,265,234,6,505,0,277,251,7,535,860,0,860,1395
04/07/2023,FFZ,AZ,AWP,CE,Towers with Radar,0,14,9,2,25,0,289,256,6,551,0,303,265,8,576,672,0,672,1248
04/08/2023,FFZ,AZ,AWP,CE,Towers with Radar,0,9,7,0,16,0,190,241,0,431,0,199,248,0,447,533,0,533,980
04/09/2023,FFZ,AZ,AWP,CE,Towers with Radar,0,7,3,0,10,0,177,106,0,283,0,184,109,0,293,413,0,413,706
04/10/2023,FFZ,AZ,AWP,CE,Towers with Radar,0,13,11,0,24,0,237,204,12,453,0,250,215,12,477,505,0,505,982
04/11/2023,FFZ,AZ,AWP,CE,Towers with Radar,0,11,13,0,24,0,227,192,14,433,0,238,205,14,457,753,0,753,1210
04/12/2023,FFZ,AZ,AWP,CE,Towers with Radar,0,12,20,4,36,0,283,230,5,518,0,295,250,9,554,510,0,510,1064
04/13/2023,FFZ,AZ,AWP,CE,Towers with Radar,0,6,4,1,11,0,239,151,10,400,0,245,155,11,411,516,0,516,927
04/14/2023,FFZ,AZ,AWP,CE,Towers with Radar,0,13,11,0,24,0,302,237,3,542,0,315,248,3,566,207,0,207,773
04/15/2023,FFZ,AZ,AWP,CE,Towers with Radar,0,8,4,0,12,0,244,223,1,468,0,252,227,1,480,203,0,203,683
04/16/2023,FFZ,AZ,AWP,CE,Towers with Radar,0,9,9,1,19,0,186,161,0,347,0,195,170,1,366,200,0,200,566
04/17/2023,FFZ,AZ,AWP,CE,Towers with Radar,0,11,7,0,18,0,235,190,5,430,0,246,197,5,448,636,0,636,1084
04/18/2023,FFZ,AZ,AWP,CE,Towers with Radar,0,12,8,0,20,0,296,223,3,522,0,308,231,3,542,716,0,716,1258
04/19/2023,FFZ,AZ,AWP,CE,Towers with Radar,0,11,10,0,21,0,256,186,5,447,0,267,196,5,468,599,0,599,1067
04/20/2023,FFZ,AZ,AWP,CE,Towers with Radar,0,11,15,0,26,0,284,223,3,510,0,295,238,3,536,757,0,757,1293
04/21/2023,FFZ,AZ,AWP,CE,Towers with Radar,0,15,18,0,33,0,308,233,2,543,0,323,251,2,576,615,0,615,1191
04/22/2023,FFZ,AZ,AWP,CE,Towers with Radar,0,5,11,0,16,0,215,295,0,510,0,220,306,0,526,375,0,375,901
04/23/2023,FFZ,AZ,AWP,CE,Towers with Radar,0,8,13,0,21,0,181,163,0,344,0,189,176,0,365,470,0,470,835
04/24/2023,FFZ,AZ,AWP,CE,Towers with Radar,0,11,20,0,31,0,271,170,5,446,0,282,190,5,477,734,0,734,1211
04/25/2023,FFZ,AZ,AWP,CE,Towers with Radar,0,12,12,1,25,0,289,170,3,462,0,301,182,4,487,672,0,672,1159
04/26/2023,FFZ,AZ,AWP,CE,Towers with Radar,0,9,11,2,22,0,310,178,0,488,0,319,189,2,510,843,0,843,1353
04/27/2023,FFZ,AZ,AWP,CE,Towers with Radar,0,8,14,3,25,0,252,212,5,469,0,260,226,8,494,716,0,716,1210
04/28/2023,FFZ,AZ,AWP,CE,Towers with Radar,1,8,15,0,24,0,263,202,2,467,1,271,217,2,491,430,0,430,921
04/29/2023,FFZ,AZ,AWP,CE,Towers with Radar,0,10,7,0,17,0,199,214,0,413,0,209,221,0,430,209,0,209,639
04/30/2023,FFZ,AZ,AWP,CE,Towers with Radar,0,5,9,0,14,0,243,144,0,387,0,248,153,0,401,157,0,157,558
05/01/2023,FFZ,AZ,AWP,CE,Towers with Radar,1,7,3,0,11,0,184,105,0,289,1,191,108,0,300,590,0,590,890
05/02/2023,FFZ,AZ,AWP,CE,Towers with Radar,0,8,11,0,19,0,260,192,10,462,0,268,203,10,481,801,0,801,1282
05/03/2023,FFZ,AZ,AWP,CE,Towers with Radar,0,10,9,3,22,0,271,146,6,423,0,281,155,9,445,696,0,696,1141
05/04/2023,FFZ,AZ,AWP,CE,Towers with Radar,0,7,12,0,19,0,259,180,7,446,0,266,192,7,465,656,0,656,1121
05/05/2023,FFZ,AZ,AWP,CE,Towers with Radar,0,5,16,2,23,0,234,233,4,471,0,239,249,6,494,865,0,865,1359
05/06/2023,FFZ,AZ,AWP,CE,Towers with Radar,0,6,9,1,16,0,164,210,0,374,0,170,219,1,390,503,0,503,893
05/07/2023,FFZ,AZ,AWP,CE,Towers with Radar,0,8,11,2,21,0,145,114,4,263,0,153,125,6,284,421,0,421,705
05/08/2023,FFZ,AZ,AWP,CE,Towers with Radar,0,5,6,0,11,0,219,130,1,350,0,224,136,1,361,679,0,679,1040
05/09/2023,FFZ,AZ,AWP,CE,Towers with Radar,0,9,6,1,16,0,187,171,3,361,0,196,177,4,377,794,0,794,1171
05/10/2023,FFZ,AZ,AWP,CE,Towers with Radar,0,3,11,0,14,0,172,137,7,316,0,175,148,7,330,680,0,680,1010
05/11/2023,FFZ,AZ,AWP,CE,Towers with Radar,0,6,10,1,17,0,230,171,6,407,0,236,181,7,424,728,0,728,1152
05/12/2023,FFZ,AZ,AWP,CE,Towers with Radar,0,8,10,1,19,0,190,133,0,323,0,198,143,1,342,719,0,719,1061
05/13/2023,FFZ,AZ,AWP,CE,Towers with Radar,0,7,12,0,19,0,95,137,6,238,0,102,149,6,257,497,0,497,754
05/14/2023,FFZ,AZ,AWP,CE,Towers with Radar,0,3,5,0,8,0,92,51,0,143,0,95,56,0,151,334,0,334,485
05/15/2023,FFZ,AZ,AWP,CE,Towers with Radar,0,10,6,0,16,0,154,98,5,257,0,164,104,5,273,645,0,645,918
05/16/2023,FFZ,AZ,AWP,CE,Towers with Radar,0,2,4,0,6,0,215,123,7,345,0,217,127,7,351,814,0,814,1165
05/17/2023,FFZ,AZ,AWP,CE,Towers with Radar,0,5,9,0,14,0,258,136,2,396,0,263,145,2,410,721,0,721,1131
05/18/2023,FFZ,AZ,AWP,CE,Towers with Radar,0,4,9,1,14,0,243,138,2,383,0,247,147,3,397,737,0,737,1134
05/19/2023,FFZ,AZ,AWP,CE,Towers with Radar,0,10,8,0,18,0,193,156,7,356,0,203,164,7,374,629,0,629,1003
05/20/2023,FFZ,AZ,AWP,CE,Towers with Radar,0,8,2,0,10,0,165,140,2,307,0,173,142,2,317,499,0,499,816
05/21/2023,FFZ,AZ,AWP,CE,Towers with Radar,0,8,5,0,13,0,178,123,1,302,0,186,128,1,315,538,0,538,853
05/22/2023,FFZ,AZ,AWP,CE,Towers with Radar,0,12,7,0,19,0,229,112,0,341,0,241,119,0,360,534,0,534,894
05/23/2023,FFZ,AZ,AWP,CE,Towers with Radar,0,12,11,2,25,0,233,122,0,355,0,245,133,2,380,635,0,635,1015
05/24/2023,FFZ,AZ,AWP,CE,Towers with Radar,0,11,13,0,24,0,265,144,8,417,0,276,157,8,441,531,0,531,972
05/25/2023,FFZ,AZ,AWP,CE,Towers with Radar,0,6,10,0,16,0,245,121,6,372,0,251,131,6,388,632,0,632,1020
05/26/2023,FFZ,AZ,AWP,CE,Towers with Radar,0,9,8,0,17,0,202,160,8,370,0,211,168,8,387,558,0,558,945
05/27/2023,FFZ,AZ,AWP,CE,Towers with Radar,0,7,5,0,12,0,196,135,1,332,0,203,140,1,344,462,0,462,806
05/28/2023,FFZ,AZ,AWP,CE,Towers with Radar,0,7,6,0,13,0,157,80,0,237,0,164,86,0,250,351,0,351,601
05/29/2023,FFZ,AZ,AWP,CE,Towers with Radar,0,10,11,0,21,0,205,138,1,344,0,215,149,1,365,394,0,394,759
05/30/2023,FFZ,AZ,AWP,CE,Towers with Radar,0,10,9,0,19,0,244,125,7,376,0,254,134,7,395,466,0,466,861
05/31/2023,FFZ,AZ,AWP,CE,Towers with Radar,0,11,9,2,22,0,199,120,10,329,0,210,129,12,351,472,0,472,823
06/01/2023,FFZ,AZ,AWP,CE,Towers with Radar,0,3,7,1,11,0,177,119,4,300,0,180,126,5,311,497,0,497,808
06/02/2023,FFZ,AZ,AWP,CE,Towers with Radar,2,12,7,0,21,0,188,120,19,327,2,200,127,19,348,525,0,525,873
06/03/2023,FFZ,AZ,AWP,CE,Towers with Radar,0,8,3,1,12,0,166,196,0,362,0,174,199,1,374,256,0,256,630
06/04/2023,FFZ,AZ,AWP,CE,Towers with Radar,0,9,6,1,16,0,179,88,0,267,0,188,94,1,283,401,0,401,684
06/05/2023,FFZ,AZ,AWP,CE,Towers with Radar,0,12,6,0,18,0,222,128,6,356,0,234,134,6,374,534,0,534,908
06/06/2023,FFZ,AZ,AWP,CE,Towers with Radar,0,5,9,0,14,0,223,128,5,356,0,228,137,5,370,534,0,534,904
06/07/2023,FFZ,AZ,AWP,CE,Towers with Radar,0,11,13,1,25,0,260,142,6,408,0,271,155,7,433,721,0,721,1154
06/08/2023,FFZ,AZ,AWP,CE,Towers with Radar,0,10,10,0,20,0,264,141,0,405,0,274,151,0,425,558,0,558,983
06/09/2023,FFZ,AZ,AWP,CE,Towers with Radar,0,6,7,0,13,0,202,152,3,357,0,208,159,3,370,542,0,542,912
06/10/2023,FFZ,AZ,AWP,CE,Towers with Radar,0,8,3,0,11,0,169,121,5,295,0,177,124,5,306,366,0,366,672
06/11/2023,FFZ,AZ,AWP,CE,Towers with Radar,0,4,5,0,9,0,123,73,1,197,0,127,78,1,206,302,0,302,508
06/12/2023,FFZ,AZ,AWP,CE,Towers with Radar,0,7,11,1,19,0,208,125,3,336,0,215,136,4,355,498,0,498,853
06/13/2023,FFZ,AZ,AWP,CE,Towers with Radar,0,11,6,1,18,0,245,135,0,380,0,256,141,1,398,603,0,603,1001
06/14/2023,FFZ,AZ,AWP,CE,Towers with Radar,0,16,7,0,23,0,237,146,6,389,0,253,153,6,412,634,0,634,1046
06/15/2023,FFZ,AZ,AWP,CE,Towers with Radar,1,18,5,0,24,0,240,156,7,403,1,258,161,7,427,665,0,665,1092
06/16/2023,FFZ,AZ,AWP,CE,Towers with Radar,0,13,9,0,22,0,199,147,7,353,0,212,156,7,375,485,0,485,860
06/17/2023,FFZ,AZ,AWP,CE,Towers with Radar,0,13,7,0,20,0,158,131,2,291,0,171,138,2,311,435,0,435,746
06/18/2023,FFZ,AZ,AWP,CE,Towers with Radar,0,10,6,0,16,0,164,73,0,237,0,174,79,0,253,526,0,526,779
06/19/2023,FFZ,AZ,AWP,CE,Towers with Radar,0,11,9,0,20,0,178,103,4,285,0,189,112,4,305,450,0,450,755
06/20/2023,FFZ,AZ,AWP,CE,Towers with Radar,0,13,7,1,21,0,284,141,4,429,0,297,148,5,450,696,0,696,1146
06/21/2023,FFZ,AZ,AWP,CE,Towers with Radar,0,8,14,1,23,0,261,143,7,411,0,269,157,8,434,619,0,619,1053
06/22/2023,FFZ,AZ,AWP,CE,Towers with Radar,0,6,8,0,14,0,236,155,8,399,0,242,163,8,413,638,0,638,1051
06/23/2023,FFZ,AZ,AWP,CE,Towers with Radar,0,39,14,0,53,0,225,147,6,378,0,264,161,6,431,621,0,621,1052
06/24/2023,FFZ,AZ,AWP,CE,Towers with Radar,0,6,10,0,16,0,194,165,0,359,0,200,175,0,375,492,0,492,867
06/25/2023,FFZ,AZ,AWP,CE,Towers with Radar,0,6,4,1,11,0,183,70,5,258,0,189,74,6,269,337,0,337,606
06/26/2023,FFZ,AZ,AWP,CE,Towers with Radar,1,5,5,0,11,0,261,126,11,398,1,266,131,11,409,453,0,453,862
06/27/2023,FFZ,AZ,AWP,CE,Towers with Radar,0,7,4,0,11,0,268,137,9,414,0,275,141,9,425,757,0,757,1182
06/28/2023,FFZ,AZ,AWP,CE,Towers with Radar,0,9,3,1,13,0,221,126,3,350,0,230,129,4,363,527,0,527,890
06/29/2023,FFZ,AZ,AWP,CE,Towers with Radar,0,6,5,1,12,0,250,138,9,397,0,256,143,10,409,599,0,599,1008
06/30/2023,FFZ,AZ,AWP,CE,Towers with Radar,0,9,7,0,16,0,193,127,4,324,0,202,134,4,340,646,0,646,986
07/01/2023,FFZ,AZ,AWP,CE,Towers with Radar,0,9,6,0,15,0,137,108,1,246,0,146,114,1,261,472,0,472,733
07/02/2023,FFZ,AZ,AWP,CE,Towers with Radar,0,7,4,0,11,0,120,63,1,184,0,127,67,1,195,222,0,222,417
07/03/2023,FFZ,AZ,AWP,CE,Towers with Radar,0,6,6,0,12,0,149,119,3,271,0,155,125,3,283,551,0,551,834
07/04/2023,FFZ,AZ,AWP,CE,Towers with Radar,0,4,1,0,5,0,138,90,0,228,0,142,91,0,233,442,0,442,675
07/05/2023,FFZ,AZ,AWP,CE,Towers with Radar,0,10,8,2,20,0,230,130,3,363,0,240,138,5,383,580,0,580,963
07/06/2023,FFZ,AZ,AWP,CE,Towers with Radar,1,2,6,0,9,0,224,122,6,352,1,226,128,6,361,582,0,582,943
07/07/2023,FFZ,AZ,AWP,CE,Towers with Radar,0,5,7,2,14,0,251,122,2,375,0,256,129,4,389,649,0,649,1038
07/08/2023,FFZ,AZ,AWP,CE,Towers with Radar,0,5,5,0,10,0,189,119,0,308,0,194,124,0,318,418,0,418,736
07/09/2023,FFZ,AZ,AWP,CE,Towers with Radar,0,4,5,1,10,0,153,77,2,232,0,157,82,3,242,435,0,435,677
07/10/2023,FFZ,AZ,AWP,CE,Towers with Radar,0,7,12,0,19,0,219,89,6,314,0,226,101,6,333,514,0,514,847
07/11/2023,FFZ,AZ,AWP,CE,Towers with Radar,0,7,10,0,17,0,249,127,2,378,0,256,137,2,395,728,0,728,1123
07/12/2023,FFZ,AZ,AWP,CE,Towers with Radar,0,10,7,2,19,0,267,95,1,363,0,277,102,3,382,684,0,684,1066
07/13/2023,FFZ,AZ,AWP,CE,Towers with Radar,0,6,7,0,13,0,267,91,2,360,0,273,98,2,373,734,0,734,1107
07/14/2023,FFZ,AZ,AWP,CE,Towers with Radar,0,11,6,2,19,0,250,90,3,343,0,261,96,5,362,627,0,627,989
07/15/2023,FFZ,AZ,AWP,CE,Towers with Radar,0,6,8,0,14,0,179,108,0,287,0,185,116,0,301,462,0,462,763
07/16/2023,FFZ,AZ,AWP,CE,Towers with Radar,1,4,11,0,16,0,157,80,0,237,1,161,91,0,253,350,0,350,603
07/17/2023,FFZ,AZ,AWP,CE,Towers with Radar,0,5,9,1,15,0,246,124,3,373,0,251,133,4,388,524,0,524,912
07/18/2023,FFZ,AZ,AWP,CE,Towers with Radar,0,6,4,0,10,0,264,117,5,386,0,270,121,5,396,557,0,557,953
07/19/2023,FFZ,AZ,AWP,CE,Towers with Radar,0,6,3,0,9,0,193,114,4,311,0,199,117,4,320,506,0,506,826
07/20/2023,FFZ,AZ,AWP,CE,Towers with Radar,0,5,4,1,10,0,219,121,1,341,0,224,125,2,351,597,0,597,948
07/21/2023,FFZ,AZ,AWP,CE,Towers with Radar,0,6,2,2,10,0,196,99,0,295,0,202,101,2,305,569,0,569,874
07/22/2023,FFZ,AZ,AWP,CE,Towers with Radar,0,3,4,0,7,0,153,109,2,264,0,156,113,2,271,486,0,486,757
07/23/2023,FFZ,AZ,AWP,CE,Towers with Radar,0,3,4,0,7,0,120,63,1,184,0,123,67,1,191,466,0,466,657
07/24/2023,FFZ,AZ,AWP,CE,Towers with Radar,0,5,4,0,9,0,179,116,5,300,0,184,120,5,309,557,0,557,866
07/25/2023,FFZ,AZ,AWP,CE,Towers with Radar,0,15,3,0,18,0,188,116,5,309,0,203,119,5,327,481,0,481,808
07/26/2023,FFZ,AZ,AWP,CE,Towers with Radar,0,9,8,0,17,0,247,127,4,378,0,256,135,4,395,429,0,429,824
07/27/2023,FFZ,AZ,AWP,CE,Towers with Radar,0,9,7,0,16,0,219,123,3,345,0,228,130,3,361,495,0,495,856
07/28/2023,FFZ,AZ,AWP,CE,Towers with Radar,0,7,11,0,18,0,183,136,3,322,0,190,147,3,340,490,0,490,830
07/29/2023,FFZ,AZ,AWP,CE,Towers with Radar,0,11,5,0,16,0,165,123,0,288,0,176,128,0,304,537,0,537,841
07/30/2023,FFZ,AZ,AWP,CE,Towers with Radar,0,7,5,0,12,0,141,92,0,233,0,148,97,0,245,386,0,386,631
07/31/2023,FFZ,AZ,AWP,CE,Towers with Radar,0,3,8,0,11,0,227,160,1,388,0,230,168,1,399,799,0,799,1198
08/01/2023,FFZ,AZ,AWP,CE,Towers with Radar,0,4,7,0,11,0,269,153,11,433,0,273,160,11,444,620,4,624,1068
08/02/2023,FFZ,AZ,AWP,CE,Towers with Radar,0,10,12,0,22,0,251,174,3,428,0,261,186,3,450,491,0,491,941
08/03/2023,FFZ,AZ,AWP,CE,Towers with Radar,0,13,5,0,18,0,247,117,3,367,0,260,122,3,385,674,0,674,1059
08/04/2023,FFZ,AZ,AWP,CE,Towers with Radar,0,7,5,0,12,0,196,135,5,336,0,203,140,5,348,549,0,549,897
08/05/2023,FFZ,AZ,AWP,CE,Towers with Radar,0,4,8,0,12,0,189,142,2,333,0,193,150,2,345,539,0,539,884
08/06/2023,FFZ,AZ,AWP,CE,Towers with Radar,0,7,3,0,10,0,149,107,1,257,0,156,110,1,267,387,0,387,654
08/07/2023,FFZ,AZ,AWP,CE,Towers with Radar,0,12,9,0,21,0,201,138,6,345,0,213,147,6,366,789,0,789,1155
08/08/2023,FFZ,AZ,AWP,CE,Towers with Radar,0,7,8,2,17,0,185,86,3,274,0,192,94,5,291,536,0,536,827
08/09/2023,FFZ,AZ,AWP,CE,Towers with Radar,0,13,11,0,24,0,169,142,6,317,0,182,153,6,341,573,0,573,914
08/10/2023,FFZ,AZ,AWP,CE,Towers with Radar,0,9,9,0,18,0,183,148,5,336,0,192,157,5,354,669,0,669,1023
08/11/2023,FFZ,AZ,AWP,CE,Towers with Radar,0,5,8,0,13,0,186,152,9,347,0,191,160,9,360,542,0,542,902
08/12/2023,FFZ,AZ,AWP,CE,Towers with Radar,0,9,6,1,16,0,154,171,2,327,0,163,177,3,343,502,0,502,845
08/13/2023,FFZ,AZ,AWP,CE,Towers with Radar,0,8,12,0,20,0,145,88,2,235,0,153,100,2,255,564,0,564,819
08/14/2023,FFZ,AZ,AWP,CE,Towers with Radar,0,10,9,0,19,0,189,132,3,324,0,199,141,3,343,771,0,771,1114
08/15/2023,FFZ,AZ,AWP,CE,Towers with Radar,0,5,5,0,10,0,233,127,4,364,0,238,132,4,374,542,0,542,916
08/16/2023,FFZ,AZ,AWP,CE,Towers with Radar,0,5,7,0,12,0,205,131,7,343,0,210,138,7,355,570,0,570,925
08/17/2023,FFZ,AZ,AWP,CE,Towers with Radar,0,8,11,0,19,0,199,123,3,325,0,207,134,3,344,677,0,677,1021
08/18/2023,FFZ,AZ,AWP,CE,Towers with Radar,0,6,8,0,14,0,198,116,5,319,0,204,124,5,333,760,0,760,1093
08/19/2023,FFZ,AZ,AWP,CE,Towers with Radar,0,1,2,0,3,0,150,114,1,265,0,151,116,1,268,410,0,410,678
08/20/2023,FFZ,AZ,AWP,CE,Towers with Radar,0,4,2,0,6,0,124,58,0,182,0,128,60,0,188,474,0,474,662
08/21/2023,FFZ,AZ,AWP,CE,Towers with Radar,0,5,9,0,14,0,163,82,6,251,0,168,91,6,265,733,0,733,998
08/22/2023,FFZ,AZ,AWP,CE,Towers with Radar,0,10,9,1,20,0,235,144,1,380,0,245,153,2,400,746,0,746,1146
08/23/2023,FFZ,AZ,AWP,CE,Towers with Radar,0,10,6,1,17,0,160,110,1,271,0,170,116,2,288,482,0,482,770
08/24/2023,FFZ,AZ,AWP,CE,Towers with Radar,0,14,10,0,24,0,247,132,0,379,0,261,142,0,403,693,0,693,1096
08/25/2023,FFZ,AZ,AWP,CE,Towers with Radar,0,15,9,0,24,0,184,142,1,327,0,199,151,1,351,603,0,603,954
08/26/2023,FFZ,AZ,AWP,CE,Towers with Radar,0,12,6,1,19,0,172,128,0,300,0,184,134,1,319,474,0,474,793
08/27/2023,FFZ,AZ,AWP,CE,Towers with Radar,0,6,3,0,9,0,132,83,1,216,0,138,86,1,225,487,0,487,712
08/28/2023,FFZ,AZ,AWP,CE,Towers with Radar,0,10,5,0,15,0,223,143,0,366,0,233,148,0,381,618,0,618,999
08/29/2023,FFZ,AZ,AWP,CE,Towers with Radar,0,9,10,0,19,0,223,159,6,388,0,232,169,6,407,478,0,478,885
08/30/2023,FFZ,AZ,AWP,CE,Towers with Radar,0,10,5,0,15,0,225,157,3,385,0,235,162,3,400,676,0,676,1076
08/31/2023,FFZ,AZ,AWP,CE,Towers with Radar,0,8,7,0,15,0,212,157,4,373,0,220,164,4,388,730,0,730,1118
