01/01/2000,FLG,AZ,AWP,WE,Federal Contract Tower,0,5,5,0,10,0,0,11,0,11,0,5,16,0,21,0,0,0,21
01/02/2000,FLG,AZ,AWP,WE,Federal Contract Tower,0,10,7,0,17,0,0,13,0,13,0,10,20,0,30,6,0,6,36
01/03/2000,FLG,AZ,AWP,WE,Federal Contract Tower,0,8,6,0,14,0,11,48,0,59,0,19,54,0,73,50,0,50,123
01/04/2000,FLG,AZ,AWP,WE,Federal Contract Tower,0,10,7,0,17,0,16,59,0,75,0,26,66,0,92,88,0,88,180
01/05/2000,FLG,AZ,AWP,WE,Federal Contract Tower,0,10,6,0,16,0,9,52,0,61,0,19,58,0,77,36,0,36,113
01/06/2000,FLG,AZ,AWP,WE,Federal Contract Tower,0,11,5,0,16,0,6,27,0,33,0,17,32,0,49,6,0,6,55
01/07/2000,FLG,AZ,AWP,WE,Federal Contract Tower,0,13,5,0,18,0,5,31,0,36,0,18,36,0,54,32,0,32,86
01/08/2000,FLG,AZ,AWP,WE,Federal Contract Tower,0,6,3,0,9,0,3,45,0,48,0,9,48,0,57,42,0,42,99
01/09/2000,FLG,AZ,AWP,WE,Federal Contract Tower,0,8,4,0,12,0,2,69,0,71,0,10,73,0,83,28,0,28,111
01/10/2000,FLG,AZ,AWP,WE,Federal Contract Tower,0,10,4,0,14,0,10,55,0,65,0,20,59,0,79,88,0,88,167
01/11/2000,FLG,AZ,AWP,WE,Federal Contract Tower,0,10,4,0,14,0,7,51,0,58,0,17,55,0,72,50,0,50,122
01/12/2000,FLG,AZ,AWP,WE,Federal Contract Tower,0,14,6,0,20,0,7,60,0,67,0,21,66,0,87,60,0,60,147
01/13/2000,FLG,AZ,AWP,WE,Federal Contract Tower,0,11,4,0,15,0,12,73,0,85,0,23,77,0,100,32,2,34,134
01/14/2000,FLG,AZ,AWP,WE,Federal Contract Tower,0,15,6,0,21,0,7,63,2,72,0,22,69,2,93,10,6,16,109
01/15/2000,FLG,AZ,AWP,WE,Federal Contract Tower,0,9,4,0,13,0,4,82,0,86,0,13,86,0,99,72,0,72,171
01/16/2000,FLG,AZ,AWP,WE,Federal Contract Tower,0,12,5,0,17,0,1,45,0,46,0,13,50,0,63,16,0,16,79
01/17/2000,FLG,AZ,AWP,WE,Federal Contract Tower,0,16,7,0,23,0,5,64,0,69,0,21,71,0,92,48,0,48,140
01/18/2000,FLG,AZ,AWP,WE,Federal Contract Tower,0,15,6,0,21,0,7,60,0,67,0,22,66,0,88,50,0,50,138
01/19/2000,FLG,AZ,AWP,WE,Federal Contract Tower,0,12,4,0,16,0,10,56,0,66,0,22,60,0,82,30,0,30,112
01/20/2000,FLG,AZ,AWP,WE,Federal Contract Tower,0,15,6,0,21,0,7,69,1,77,0,22,75,1,98,60,0,60,158
01/21/2000,FLG,AZ,AWP,WE,Federal Contract Tower,0,12,5,0,17,0,6,37,0,43,0,18,42,0,60,4,0,4,64
01/22/2000,FLG,AZ,AWP,WE,Federal Contract Tower,0,12,4,0,16,0,4,71,3,78,0,16,75,3,94,24,0,24,118
01/23/2000,FLG,AZ,AWP,WE,Federal Contract Tower,0,8,3,0,11,0,2,54,2,58,0,10,57,2,69,28,0,28,97
01/24/2000,FLG,AZ,AWP,WE,Federal Contract Tower,0,15,6,0,21,0,7,45,0,52,0,22,51,0,73,36,0,36,109
01/25/2000,FLG,AZ,AWP,WE,Federal Contract Tower,0,17,9,0,26,0,0,56,0,56,0,17,65,0,82,34,0,34,116
01/26/2000,FLG,AZ,AWP,WE,Federal Contract Tower,0,30,13,0,43,0,0,8,2,10,0,30,21,2,53,10,0,10,63
01/27/2000,FLG,AZ,AWP,WE,Federal Contract Tower,0,16,6,0,22,0,6,57,0,63,0,22,63,0,85,28,0,28,113
01/28/2000,FLG,AZ,AWP,WE,Federal Contract Tower,0,14,6,0,20,0,12,58,0,70,0,26,64,0,90,26,0,26,116
01/29/2000,FLG,AZ,AWP,WE,Federal Contract Tower,0,6,2,0,8,0,5,64,0,69,0,11,66,0,77,72,10,82,159
01/30/2000,FLG,AZ,AWP,WE,Federal Contract Tower,0,8,3,0,11,0,5,62,0,67,0,13,65,0,78,18,0,18,96
01/31/2000,FLG,AZ,AWP,WE,Federal Contract Tower,0,14,6,0,20,0,8,29,0,37,0,22,35,0,57,22,0,22,79
02/01/2000,FLG,AZ,AWP,WE,Federal Contract Tower,0,9,5,0,14,0,14,32,0,46,0,23,37,0,60,48,0,48,108
02/02/2000,FLG,AZ,AWP,WE,Federal Contract Tower,0,13,8,0,21,0,8,71,4,83,0,21,79,4,104,58,0,58,162
02/03/2000,FLG,AZ,AWP,WE,Federal Contract Tower,0,12,7,1,20,0,9,67,1,77,0,21,74,2,97,40,2,42,139
02/04/2000,FLG,AZ,AWP,WE,Federal Contract Tower,0,14,8,1,23,0,11,67,0,78,0,25,75,1,101,40,0,40,141
02/05/2000,FLG,AZ,AWP,WE,Federal Contract Tower,0,7,3,0,10,0,2,69,0,71,0,9,72,0,81,34,0,34,115
02/06/2000,FLG,AZ,AWP,WE,Federal Contract Tower,0,9,5,1,15,0,3,61,7,71,0,12,66,8,86,40,2,42,128
02/07/2000,FLG,AZ,AWP,WE,Federal Contract Tower,0,13,6,0,19,0,8,60,0,68,0,21,66,0,87,96,0,96,183
02/08/2000,FLG,AZ,AWP,WE,Federal Contract Tower,0,12,6,1,19,0,10,62,0,72,0,22,68,1,91,52,0,52,143
02/09/2000,FLG,AZ,AWP,WE,Federal Contract Tower,0,9,5,1,15,0,14,67,1,82,0,23,72,2,97,92,2,94,191
02/10/2000,FLG,AZ,AWP,WE,Federal Contract Tower,0,23,11,0,34,0,5,42,0,47,0,28,53,0,81,58,20,78,159
02/11/2000,FLG,AZ,AWP,WE,Federal Contract Tower,0,17,7,1,25,0,12,59,0,71,0,29,66,1,96,0,6,6,102
02/12/2000,FLG,AZ,AWP,WE,Federal Contract Tower,0,10,4,0,14,0,1,1,0,2,0,11,5,0,16,2,0,2,18
02/13/2000,FLG,AZ,AWP,WE,Federal Contract Tower,0,10,4,0,14,0,0,24,0,24,0,10,28,0,38,4,0,4,42
02/14/2000,FLG,AZ,AWP,WE,Federal Contract Tower,0,17,7,0,24,0,7,35,0,42,0,24,42,0,66,46,0,46,112
02/15/2000,FLG,AZ,AWP,WE,Federal Contract Tower,0,11,4,0,15,0,12,67,0,79,0,23,71,0,94,80,0,80,174
02/16/2000,FLG,AZ,AWP,WE,Federal Contract Tower,0,14,6,0,20,0,10,49,3,62,0,24,55,3,82,36,0,36,118
02/17/2000,FLG,AZ,AWP,WE,Federal Contract Tower,0,20,11,0,31,0,0,19,1,20,0,20,30,1,51,0,0,0,51
02/18/2000,FLG,AZ,AWP,WE,Federal Contract Tower,0,12,5,0,17,0,9,56,0,65,0,21,61,0,82,46,0,46,128
02/19/2000,FLG,AZ,AWP,WE,Federal Contract Tower,0,8,4,0,12,0,1,65,1,67,0,9,69,1,79,42,0,42,121
02/20/2000,FLG,AZ,AWP,WE,Federal Contract Tower,0,8,3,0,11,0,3,27,0,30,0,11,30,0,41,4,0,4,45
02/21/2000,FLG,AZ,AWP,WE,Federal Contract Tower,0,14,7,0,21,0,4,7,0,11,0,18,14,0,32,0,0,0,32
02/22/2000,FLG,AZ,AWP,WE,Federal Contract Tower,0,20,9,0,29,0,1,32,0,33,0,21,41,0,62,18,0,18,80
02/23/2000,FLG,AZ,AWP,WE,Federal Contract Tower,0,26,12,0,38,0,2,31,0,33,0,28,43,0,71,50,0,50,121
02/24/2000,FLG,AZ,AWP,WE,Federal Contract Tower,0,17,8,0,25,1,8,20,0,29,1,25,28,0,54,10,0,10,64
02/25/2000,FLG,AZ,AWP,WE,Federal Contract Tower,0,14,7,0,21,1,12,35,0,48,1,26,42,0,69,20,0,20,89
02/26/2000,FLG,AZ,AWP,WE,Federal Contract Tower,0,10,5,0,15,0,2,87,0,89,0,12,92,0,104,36,0,36,140
02/27/2000,FLG,AZ,AWP,WE,Federal Contract Tower,0,13,6,0,19,0,0,55,0,55,0,13,61,0,74,34,0,34,108
02/28/2000,FLG,AZ,AWP,WE,Federal Contract Tower,0,17,8,0,25,0,3,18,0,21,0,20,26,0,46,32,0,32,78
02/29/2000,FLG,AZ,AWP,WE,Federal Contract Tower,0,10,4,0,14,0,8,39,0,47,0,18,43,0,61,85,0,85,146
03/01/2000,FLG,AZ,AWP,WE,Federal Contract Tower,0,28,15,0,43,0,2,0,0,2,0,30,15,0,45,0,0,0,45
03/02/2000,FLG,AZ,AWP,WE,Federal Contract Tower,0,12,7,0,19,0,12,65,0,77,0,24,72,0,96,60,0,60,156
03/03/2000,FLG,AZ,AWP,WE,Federal Contract Tower,0,14,8,0,22,0,12,71,0,83,0,26,79,0,105,38,0,38,143
03/04/2000,FLG,AZ,AWP,WE,Federal Contract Tower,0,7,5,0,12,0,5,61,0,66,0,12,66,0,78,36,0,36,114
03/05/2000,FLG,AZ,AWP,WE,Federal Contract Tower,0,10,5,0,15,0,1,0,0,1,0,11,5,0,16,0,0,0,16
03/06/2000,FLG,AZ,AWP,WE,Federal Contract Tower,0,16,10,0,26,0,1,1,0,2,0,17,11,0,28,0,0,0,28
03/07/2000,FLG,AZ,AWP,WE,Federal Contract Tower,0,14,8,0,22,0,7,16,0,23,0,21,24,0,45,18,0,18,63
03/08/2000,FLG,AZ,AWP,WE,Federal Contract Tower,0,22,13,0,35,0,8,9,0,17,0,30,22,0,52,16,0,16,68
03/09/2000,FLG,AZ,AWP,WE,Federal Contract Tower,0,16,9,0,25,0,13,54,0,67,0,29,63,0,92,54,0,54,146
03/10/2000,FLG,AZ,AWP,WE,Federal Contract Tower,0,12,8,0,20,0,10,62,0,72,0,22,70,0,92,124,0,124,216
03/11/2000,FLG,AZ,AWP,WE,Federal Contract Tower,0,9,5,0,14,0,6,69,2,77,0,15,74,2,91,12,0,12,103
03/12/2000,FLG,AZ,AWP,WE,Federal Contract Tower,0,9,5,0,14,0,1,67,0,68,0,10,72,0,82,70,0,70,152
03/13/2000,FLG,AZ,AWP,WE,Federal Contract Tower,0,14,7,0,21,0,8,59,0,67,0,22,66,0,88,52,0,52,140
03/14/2000,FLG,AZ,AWP,WE,Federal Contract Tower,0,10,5,0,15,0,14,62,0,76,0,24,67,0,91,72,0,72,163
03/15/2000,FLG,AZ,AWP,WE,Federal Contract Tower,0,9,5,0,14,0,16,44,0,60,0,25,49,0,74,48,0,48,122
03/16/2000,FLG,AZ,AWP,WE,Federal Contract Tower,0,13,7,0,20,0,21,82,0,103,0,34,89,0,123,80,0,80,203
03/17/2000,FLG,AZ,AWP,WE,Federal Contract Tower,0,17,8,0,25,0,4,69,0,73,0,21,77,0,98,8,0,8,106
03/18/2000,FLG,AZ,AWP,WE,Federal Contract Tower,0,8,4,0,12,0,2,60,0,62,0,10,64,0,74,42,0,42,116
03/19/2000,FLG,AZ,AWP,WE,Federal Contract Tower,0,8,5,0,13,0,0,60,0,60,0,8,65,0,73,68,0,68,141
03/20/2000,FLG,AZ,AWP,WE,Federal Contract Tower,0,18,9,0,27,0,0,0,0,0,0,18,9,0,27,0,0,0,27
03/21/2000,FLG,AZ,AWP,WE,Federal Contract Tower,0,19,10,0,29,0,8,8,0,16,0,27,18,0,45,0,0,0,45
03/22/2000,FLG,AZ,AWP,WE,Federal Contract Tower,0,21,11,0,32,0,3,24,6,33,0,24,35,6,65,22,2,24,89
03/23/2000,FLG,AZ,AWP,WE,Federal Contract Tower,0,19,9,0,28,0,4,81,0,85,0,23,90,0,113,76,0,76,189
03/24/2000,FLG,AZ,AWP,WE,Federal Contract Tower,0,17,8,0,25,0,8,78,0,86,0,25,86,0,111,56,0,56,167
03/25/2000,FLG,AZ,AWP,WE,Federal Contract Tower,0,10,5,0,15,0,5,61,0,66,0,15,66,0,81,18,0,18,99
03/26/2000,FLG,AZ,AWP,WE,Federal Contract Tower,0,9,4,0,13,0,2,75,0,77,0,11,79,0,90,40,0,40,130
03/27/2000,FLG,AZ,AWP,WE,Federal Contract Tower,0,12,5,0,17,0,13,60,0,73,0,25,65,0,90,56,0,56,146
03/28/2000,FLG,AZ,AWP,WE,Federal Contract Tower,0,26,13,0,39,0,4,8,0,12,0,30,21,0,51,0,0,0,51
03/29/2000,FLG,AZ,AWP,WE,Federal Contract Tower,0,17,9,0,26,0,7,32,0,39,0,24,41,0,65,24,0,24,89
03/30/2000,FLG,AZ,AWP,WE,Federal Contract Tower,0,17,8,0,25,0,5,43,0,48,0,22,51,0,73,18,0,18,91
03/31/2000,FLG,AZ,AWP,WE,Federal Contract Tower,0,26,13,0,39,0,6,18,0,24,0,32,31,0,63,0,0,0,63
04/01/2000,FLG,AZ,AWP,WE,Federal Contract Tower,0,10,7,0,17,0,1,17,0,18,0,11,24,0,35,16,0,16,51
04/02/2000,FLG,AZ,AWP,WE,Federal Contract Tower,0,9,7,0,16,0,2,53,0,55,0,11,60,0,71,62,0,62,133
04/03/2000,FLG,AZ,AWP,WE,Federal Contract Tower,0,13,9,0,22,0,4,66,0,70,0,17,75,0,92,76,0,76,168
04/04/2000,FLG,AZ,AWP,WE,Federal Contract Tower,0,10,8,0,18,0,15,83,0,98,0,25,91,0,116,58,0,58,174
04/05/2000,FLG,AZ,AWP,WE,Federal Contract Tower,0,15,9,0,24,0,10,57,0,67,0,25,66,0,91,58,0,58,149
04/06/2000,FLG,AZ,AWP,WE,Federal Contract Tower,0,11,6,0,17,0,22,61,0,83,0,33,67,0,100,44,0,44,144
04/07/2000,FLG,AZ,AWP,WE,Federal Contract Tower,0,15,8,0,23,0,7,96,0,103,0,22,104,0,126,84,0,84,210
04/08/2000,FLG,AZ,AWP,WE,Federal Contract Tower,0,8,4,0,12,0,8,106,0,114,0,16,110,0,126,114,0,114,240
04/09/2000,FLG,AZ,AWP,WE,Federal Contract Tower,0,10,6,0,16,0,6,70,0,76,0,16,76,0,92,16,0,16,108
04/10/2000,FLG,AZ,AWP,WE,Federal Contract Tower,0,14,8,0,22,0,6,60,0,66,0,20,68,0,88,24,0,24,112
04/11/2000,FLG,AZ,AWP,WE,Federal Contract Tower,0,16,9,0,25,0,7,85,0,92,0,23,94,0,117,88,0,88,205
04/12/2000,FLG,AZ,AWP,WE,Federal Contract Tower,0,20,10,0,30,0,2,81,0,83,0,22,91,0,113,94,0,94,207
04/13/2000,FLG,AZ,AWP,WE,Federal Contract Tower,0,19,10,0,29,0,15,78,0,93,0,34,88,0,122,48,0,48,170
04/14/2000,FLG,AZ,AWP,WE,Federal Contract Tower,0,17,8,0,25,0,7,39,2,48,0,24,47,2,73,8,2,10,83
04/15/2000,FLG,AZ,AWP,WE,Federal Contract Tower,0,8,4,0,12,0,10,39,0,49,0,18,43,0,61,32,0,32,93
04/16/2000,FLG,AZ,AWP,WE,Federal Contract Tower,0,13,7,0,20,0,0,69,0,69,0,13,76,0,89,36,0,36,125
04/17/2000,FLG,AZ,AWP,WE,Federal Contract Tower,0,15,8,0,23,0,4,49,0,53,0,19,57,0,76,24,0,24,100
04/18/2000,FLG,AZ,AWP,WE,Federal Contract Tower,0,20,11,0,31,0,4,32,0,36,0,24,43,0,67,56,0,56,123
04/19/2000,FLG,AZ,AWP,WE,Federal Contract Tower,0,17,8,0,25,0,8,85,1,94,0,25,93,1,119,92,0,92,211
04/20/2000,FLG,AZ,AWP,WE,Federal Contract Tower,0,15,8,0,23,0,9,88,4,101,0,24,96,4,124,30,2,32,156
04/21/2000,FLG,AZ,AWP,WE,Federal Contract Tower,0,16,8,0,24,0,18,47,0,65,0,34,55,0,89,54,0,54,143
04/22/2000,FLG,AZ,AWP,WE,Federal Contract Tower,0,15,8,0,23,0,1,58,0,59,0,16,66,0,82,60,0,60,142
04/23/2000,FLG,AZ,AWP,WE,Federal Contract Tower,0,10,5,0,15,0,5,85,0,90,0,15,90,0,105,42,0,42,147
04/24/2000,FLG,AZ,AWP,WE,Federal Contract Tower,0,13,7,0,20,0,5,64,1,70,0,18,71,1,90,40,0,40,130
04/25/2000,FLG,AZ,AWP,WE,Federal Contract Tower,0,14,7,0,21,0,16,76,0,92,0,30,83,0,113,68,0,68,181
04/26/2000,FLG,AZ,AWP,WE,Federal Contract Tower,0,17,9,0,26,0,12,64,0,76,0,29,73,0,102,88,0,88,190
04/27/2000,FLG,AZ,AWP,WE,Federal Contract Tower,0,13,7,0,20,0,16,86,1,103,0,29,93,1,123,114,0,114,237
04/28/2000,FLG,AZ,AWP,WE,Federal Contract Tower,0,17,9,0,26,0,18,62,0,80,0,35,71,0,106,38,0,38,144
04/29/2000,FLG,AZ,AWP,WE,Federal Contract Tower,0,12,6,0,18,0,1,48,2,51,0,13,54,2,69,30,0,30,99
04/30/2000,FLG,AZ,AWP,WE,Federal Contract Tower,0,9,4,0,13,0,6,80,0,86,0,15,84,0,99,30,0,30,129
05/01/2000,FLG,AZ,AWP,WE,Federal Contract Tower,0,15,9,0,24,0,6,60,2,68,0,21,69,2,92,40,0,40,132
05/02/2000,FLG,AZ,AWP,WE,Federal Contract Tower,0,15,8,0,23,0,16,63,0,79,0,31,71,0,102,102,0,102,204
05/03/2000,FLG,AZ,AWP,WE,Federal Contract Tower,0,18,10,0,28,0,6,77,0,83,0,24,87,0,111,70,0,70,181
05/04/2000,FLG,AZ,AWP,WE,Federal Contract Tower,0,14,8,0,22,0,11,60,0,71,0,25,68,0,93,78,24,102,195
05/05/2000,FLG,AZ,AWP,WE,Federal Contract Tower,0,13,8,0,21,0,16,61,2,79,0,29,69,2,100,46,2,48,148
05/06/2000,FLG,AZ,AWP,WE,Federal Contract Tower,0,9,5,0,14,0,3,60,0,63,0,12,65,0,77,30,0,30,107
05/07/2000,FLG,AZ,AWP,WE,Federal Contract Tower,0,9,6,0,15,0,3,58,0,61,0,12,64,0,76,24,0,24,100
05/08/2000,FLG,AZ,AWP,WE,Federal Contract Tower,0,14,8,0,22,0,7,49,0,56,0,21,57,0,78,12,2,14,92
05/09/2000,FLG,AZ,AWP,WE,Federal Contract Tower,0,15,9,0,24,0,8,67,0,75,0,23,76,0,99,80,0,80,179
05/10/2000,FLG,AZ,AWP,WE,Federal Contract Tower,0,16,9,0,25,0,6,53,0,59,0,22,62,0,84,58,0,58,142
05/11/2000,FLG,AZ,AWP,WE,Federal Contract Tower,0,13,8,0,21,0,15,46,0,61,0,28,54,0,82,32,0,32,114
05/12/2000,FLG,AZ,AWP,WE,Federal Contract Tower,0,18,11,0,29,0,7,56,0,63,0,25,67,0,92,18,0,18,110
05/13/2000,FLG,AZ,AWP,WE,Federal Contract Tower,0,9,5,0,14,0,3,71,0,74,0,12,76,0,88,34,2,36,124
05/14/2000,FLG,AZ,AWP,WE,Federal Contract Tower,0,12,7,0,19,0,2,73,0,75,0,14,80,0,94,22,0,22,116
05/15/2000,FLG,AZ,AWP,WE,Federal Contract Tower,0,17,8,0,25,0,3,56,0,59,0,20,64,0,84,24,0,24,108
05/16/2000,FLG,AZ,AWP,WE,Federal Contract Tower,0,17,9,0,26,0,7,65,0,72,0,24,74,0,98,18,0,18,116
05/17/2000,FLG,AZ,AWP,WE,Federal Contract Tower,0,14,6,0,20,0,10,54,0,64,0,24,60,0,84,46,0,46,130
05/18/2000,FLG,AZ,AWP,WE,Federal Contract Tower,0,16,7,0,23,0,12,73,0,85,0,28,80,0,108,46,0,46,154
05/19/2000,FLG,AZ,AWP,WE,Federal Contract Tower,0,17,8,0,25,0,4,80,0,84,0,21,88,0,109,48,0,48,157
05/20/2000,FLG,AZ,AWP,WE,Federal Contract Tower,0,13,6,0,19,0,1,79,0,80,0,14,85,0,99,56,4,60,159
05/21/2000,FLG,AZ,AWP,WE,Federal Contract Tower,0,12,5,0,17,0,1,89,0,90,0,13,94,0,107,56,0,56,163
05/22/2000,FLG,AZ,AWP,WE,Federal Contract Tower,0,18,9,0,27,0,1,73,0,74,0,19,82,0,101,82,0,82,183
05/23/2000,FLG,AZ,AWP,WE,Federal Contract Tower,0,20,10,0,30,0,6,83,0,89,0,26,93,0,119,78,0,78,197
05/24/2000,FLG,AZ,AWP,WE,Federal Contract Tower,0,19,10,0,29,0,8,87,0,95,0,27,97,0,124,98,0,98,222
05/25/2000,FLG,AZ,AWP,WE,Federal Contract Tower,0,20,10,0,30,0,19,75,2,96,0,39,85,2,126,54,0,54,180
05/26/2000,FLG,AZ,AWP,WE,Federal Contract Tower,0,20,10,0,30,0,15,96,0,111,0,35,106,0,141,82,0,82,223
05/27/2000,FLG,AZ,AWP,WE,Federal Contract Tower,0,12,5,0,17,0,3,81,0,84,0,15,86,0,101,42,0,42,143
05/28/2000,FLG,AZ,AWP,WE,Federal Contract Tower,0,9,4,0,13,0,4,89,0,93,0,13,93,0,106,30,0,30,136
05/29/2000,FLG,AZ,AWP,WE,Federal Contract Tower,0,14,7,0,21,0,0,105,0,105,0,14,112,0,126,20,0,20,146
05/30/2000,FLG,AZ,AWP,WE,Federal Contract Tower,0,12,6,0,18,0,14,57,0,71,0,26,63,0,89,34,0,34,123
05/31/2000,FLG,AZ,AWP,WE,Federal Contract Tower,0,12,6,0,18,0,16,67,0,83,0,28,73,0,101,24,0,24,125
06/01/2000,FLG,AZ,AWP,WE,Federal Contract Tower,0,23,13,0,36,0,7,89,0,96,0,30,102,0,132,38,0,38,170
06/02/2000,FLG,AZ,AWP,WE,Federal Contract Tower,0,14,9,0,23,0,13,65,0,78,0,27,74,0,101,32,0,32,133
06/03/2000,FLG,AZ,AWP,WE,Federal Contract Tower,0,9,6,0,15,0,9,80,1,90,0,18,86,1,105,44,0,44,149
06/04/2000,FLG,AZ,AWP,WE,Federal Contract Tower,0,9,5,1,15,0,3,95,0,98,0,12,100,1,113,40,0,40,153
06/05/2000,FLG,AZ,AWP,WE,Federal Contract Tower,0,14,7,0,21,0,11,104,0,115,0,25,111,0,136,68,8,76,212
06/06/2000,FLG,AZ,AWP,WE,Federal Contract Tower,0,12,7,0,19,0,12,106,0,118,0,24,113,0,137,54,0,54,191
06/07/2000,FLG,AZ,AWP,WE,Federal Contract Tower,0,15,8,0,23,0,9,81,0,90,0,24,89,0,113,56,0,56,169
06/08/2000,FLG,AZ,AWP,WE,Federal Contract Tower,0,18,10,0,28,0,18,70,0,88,0,36,80,0,116,28,0,28,144
06/09/2000,FLG,AZ,AWP,WE,Federal Contract Tower,0,18,10,1,29,0,3,39,1,43,0,21,49,2,72,8,4,12,84
06/10/2000,FLG,AZ,AWP,WE,Federal Contract Tower,0,10,5,0,15,0,3,63,0,66,0,13,68,0,81,4,2,6,87
06/11/2000,FLG,AZ,AWP,WE,Federal Contract Tower,0,14,7,1,22,0,2,90,1,93,0,16,97,2,115,62,2,64,179
06/12/2000,FLG,AZ,AWP,WE,Federal Contract Tower,0,14,7,0,21,0,11,63,0,74,0,25,70,0,95,54,0,54,149
06/13/2000,FLG,AZ,AWP,WE,Federal Contract Tower,0,16,8,0,24,0,10,104,0,114,0,26,112,0,138,84,0,84,222
06/14/2000,FLG,AZ,AWP,WE,Federal Contract Tower,0,16,8,0,24,0,8,83,0,91,0,24,91,0,115,24,0,24,139
06/15/2000,FLG,AZ,AWP,WE,Federal Contract Tower,0,16,8,0,24,0,15,83,2,100,0,31,91,2,124,32,0,32,156
06/16/2000,FLG,AZ,AWP,WE,Federal Contract Tower,0,15,8,0,23,0,17,72,5,94,0,32,80,5,117,36,0,36,153
06/17/2000,FLG,AZ,AWP,WE,Federal Contract Tower,0,12,5,0,17,0,5,60,1,66,0,17,65,1,83,26,0,26,109
06/18/2000,FLG,AZ,AWP,WE,Federal Contract Tower,0,12,6,0,18,0,1,74,0,75,0,13,80,0,93,44,2,46,139
06/19/2000,FLG,AZ,AWP,WE,Federal Contract Tower,0,17,9,0,26,0,8,82,0,90,0,25,91,0,116,54,0,54,170
06/20/2000,FLG,AZ,AWP,WE,Federal Contract Tower,0,14,7,0,21,0,14,66,0,80,0,28,73,0,101,34,0,34,135
06/21/2000,FLG,AZ,AWP,WE,Federal Contract Tower,0,18,9,0,27,0,8,89,0,97,0,26,98,0,124,110,0,110,234
06/22/2000,FLG,AZ,AWP,WE,Federal Contract Tower,0,14,7,0,21,0,17,58,0,75,0,31,65,0,96,24,0,24,120
06/23/2000,FLG,AZ,AWP,WE,Federal Contract Tower,0,17,9,0,26,0,11,48,4,63,0,28,57,4,89,60,0,60,149
06/24/2000,FLG,AZ,AWP,WE,Federal Contract Tower,0,13,7,0,20,0,3,48,0,51,0,16,55,0,71,8,0,8,79
06/25/2000,FLG,AZ,AWP,WE,Federal Contract Tower,0,10,4,0,14,0,2,34,0,36,0,12,38,0,50,12,0,12,62
06/26/2000,FLG,AZ,AWP,WE,Federal Contract Tower,0,23,11,0,34,0,5,58,1,64,0,28,69,1,98,48,0,48,146
06/27/2000,FLG,AZ,AWP,WE,Federal Contract Tower,0,13,7,0,20,0,13,63,2,78,0,26,70,2,98,92,8,100,198
06/28/2000,FLG,AZ,AWP,WE,Federal Contract Tower,0,15,7,0,22,0,4,48,0,52,0,19,55,0,74,36,0,36,110
06/29/2000,FLG,AZ,AWP,WE,Federal Contract Tower,0,16,8,0,24,0,21,63,0,84,0,37,71,0,108,38,0,38,146
06/30/2000,FLG,AZ,AWP,WE,Federal Contract Tower,0,13,6,0,19,0,10,71,4,85,0,23,77,4,104,28,0,28,132
07/01/2000,FLG,AZ,AWP,WE,Federal Contract Tower,0,9,6,0,15,0,12,69,0,81,0,21,75,0,96,30,0,30,126
07/02/2000,FLG,AZ,AWP,WE,Federal Contract Tower,0,8,8,0,16,0,4,79,0,83,0,12,87,0,99,18,0,18,117
07/03/2000,FLG,AZ,AWP,WE,Federal Contract Tower,0,13,11,0,24,0,10,59,2,71,0,23,70,2,95,10,0,10,105
07/04/2000,FLG,AZ,AWP,WE,Federal Contract Tower,0,9,9,0,18,0,5,64,0,69,0,14,73,0,87,36,0,36,123
07/05/2000,FLG,AZ,AWP,WE,Federal Contract Tower,0,15,11,0,26,0,4,68,0,72,0,19,79,0,98,52,0,52,150
07/06/2000,FLG,AZ,AWP,WE,Federal Contract Tower,0,8,7,0,15,0,24,86,0,110,0,32,93,0,125,22,0,22,147
07/07/2000,FLG,AZ,AWP,WE,Federal Contract Tower,0,16,12,0,28,0,3,81,0,84,0,19,93,0,112,64,0,64,176
07/08/2000,FLG,AZ,AWP,WE,Federal Contract Tower,0,8,6,0,14,0,15,39,0,54,0,23,45,0,68,24,0,24,92
07/09/2000,FLG,AZ,AWP,WE,Federal Contract Tower,0,9,5,0,14,0,4,64,0,68,0,13,69,0,82,18,0,18,100
07/10/2000,FLG,AZ,AWP,WE,Federal Contract Tower,0,13,9,1,23,0,13,95,1,109,0,26,104,2,132,54,0,54,186
07/11/2000,FLG,AZ,AWP,WE,Federal Contract Tower,0,13,7,0,20,0,9,81,0,90,0,22,88,0,110,72,0,72,182
07/12/2000,FLG,AZ,AWP,WE,Federal Contract Tower,0,14,9,0,23,0,7,80,0,87,0,21,89,0,110,51,0,51,161
07/13/2000,FLG,AZ,AWP,WE,Federal Contract Tower,0,13,7,0,20,0,10,98,0,108,0,23,105,0,128,50,0,50,178
07/14/2000,FLG,AZ,AWP,WE,Federal Contract Tower,0,22,13,0,35,0,5,107,4,116,0,27,120,4,151,54,4,58,209
07/15/2000,FLG,AZ,AWP,WE,Federal Contract Tower,0,10,5,0,15,0,6,95,0,101,0,16,100,0,116,26,0,26,142
07/16/2000,FLG,AZ,AWP,WE,Federal Contract Tower,0,11,6,0,17,0,5,104,0,109,0,16,110,0,126,60,0,60,186
07/17/2000,FLG,AZ,AWP,WE,Federal Contract Tower,0,16,9,0,25,0,11,91,0,102,0,27,100,0,127,24,0,24,151
07/18/2000,FLG,AZ,AWP,WE,Federal Contract Tower,0,14,8,0,22,0,6,73,2,81,0,20,81,2,103,42,0,42,145
07/19/2000,FLG,AZ,AWP,WE,Federal Contract Tower,0,14,8,0,22,0,6,63,0,69,0,20,71,0,91,36,0,36,127
07/20/2000,FLG,AZ,AWP,WE,Federal Contract Tower,0,14,8,0,22,0,9,124,3,136,0,23,132,3,158,66,0,66,224
07/21/2000,FLG,AZ,AWP,WE,Federal Contract Tower,0,16,9,0,25,0,14,78,2,94,0,30,87,2,119,40,0,40,159
07/22/2000,FLG,AZ,AWP,WE,Federal Contract Tower,0,10,5,0,15,0,5,142,2,149,0,15,147,2,164,44,0,44,208
07/23/2000,FLG,AZ,AWP,WE,Federal Contract Tower,0,9,5,0,14,0,0,122,0,122,0,9,127,0,136,14,0,14,150
07/24/2000,FLG,AZ,AWP,WE,Federal Contract Tower,0,14,9,0,23,0,9,96,0,105,0,23,105,0,128,62,0,62,190
07/25/2000,FLG,AZ,AWP,WE,Federal Contract Tower,0,17,10,0,27,0,6,107,0,113,0,23,117,0,140,72,0,72,212
07/26/2000,FLG,AZ,AWP,WE,Federal Contract Tower,0,16,9,0,25,0,9,76,0,85,0,25,85,0,110,70,0,70,180
07/27/2000,FLG,AZ,AWP,WE,Federal Contract Tower,0,14,9,0,23,0,1,83,2,86,0,15,92,2,109,48,0,48,157
07/28/2000,FLG,AZ,AWP,WE,Federal Contract Tower,0,19,12,0,31,0,14,109,0,123,0,33,121,0,154,64,0,64,218
07/29/2000,FLG,AZ,AWP,WE,Federal Contract Tower,0,13,8,0,21,0,9,79,1,89,0,22,87,1,110,76,0,76,186
07/30/2000,FLG,AZ,AWP,WE,Federal Contract Tower,0,14,8,0,22,0,0,100,2,102,0,14,108,2,124,28,0,28,152
07/31/2000,FLG,AZ,AWP,WE,Federal Contract Tower,0,21,12,0,33,0,7,84,0,91,0,28,96,0,124,46,0,46,170
08/01/2000,FLG,AZ,AWP,WE,Federal Contract Tower,0,17,12,0,29,0,8,59,0,67,0,25,71,0,96,62,0,62,158
08/02/2000,FLG,AZ,AWP,WE,Federal Contract Tower,0,10,7,0,17,0,13,68,1,82,0,23,75,1,99,68,0,68,167
08/03/2000,FLG,AZ,AWP,WE,Federal Contract Tower,0,13,9,0,22,0,11,78,0,89,0,24,87,0,111,38,0,38,149
08/04/2000,FLG,AZ,AWP,WE,Federal Contract Tower,0,13,9,0,22,0,12,87,2,101,0,25,96,2,123,56,6,62,185
08/05/2000,FLG,AZ,AWP,WE,Federal Contract Tower,0,7,6,0,13,0,11,47,0,58,0,18,53,0,71,38,0,38,109
08/06/2000,FLG,AZ,AWP,WE,Federal Contract Tower,0,10,8,1,19,0,0,51,1,52,0,10,59,2,71,31,0,31,102
08/07/2000,FLG,AZ,AWP,WE,Federal Contract Tower,0,14,10,0,24,2,2,63,0,67,2,16,73,0,91,56,0,56,147
08/08/2000,FLG,AZ,AWP,WE,Federal Contract Tower,0,13,10,0,23,0,13,92,0,105,0,26,102,0,128,98,0,98,226
08/09/2000,FLG,AZ,AWP,WE,Federal Contract Tower,0,12,9,0,21,2,15,79,0,96,2,27,88,0,117,86,0,86,203
08/10/2000,FLG,AZ,AWP,WE,Federal Contract Tower,0,13,9,0,22,0,20,60,0,80,0,33,69,0,102,38,0,38,140
08/11/2000,FLG,AZ,AWP,WE,Federal Contract Tower,0,13,9,1,23,0,12,63,1,76,0,25,72,2,99,58,2,60,159
08/12/2000,FLG,AZ,AWP,WE,Federal Contract Tower,0,6,4,0,10,0,11,79,0,90,0,17,83,0,100,70,0,70,170
08/13/2000,FLG,AZ,AWP,WE,Federal Contract Tower,0,10,8,0,18,0,8,64,0,72,0,18,72,0,90,34,0,34,124
08/14/2000,FLG,AZ,AWP,WE,Federal Contract Tower,0,10,8,1,19,0,12,55,1,68,0,22,63,2,87,46,0,46,133
08/15/2000,FLG,AZ,AWP,WE,Federal Contract Tower,0,13,10,1,24,0,9,76,1,86,0,22,86,2,110,84,0,84,194
08/16/2000,FLG,AZ,AWP,WE,Federal Contract Tower,0,10,6,0,16,0,13,73,0,86,0,23,79,0,102,88,0,88,190
08/17/2000,FLG,AZ,AWP,WE,Federal Contract Tower,0,13,8,0,21,0,24,71,0,95,0,37,79,0,116,76,0,76,192
08/18/2000,FLG,AZ,AWP,WE,Federal Contract Tower,0,16,11,0,27,0,7,70,2,79,0,23,81,2,106,66,0,66,172
08/19/2000,FLG,AZ,AWP,WE,Federal Contract Tower,0,9,5,0,14,0,9,100,0,109,0,18,105,0,123,80,0,80,203
08/20/2000,FLG,AZ,AWP,WE,Federal Contract Tower,0,9,5,0,14,0,3,110,0,113,0,12,115,0,127,68,0,68,195
08/21/2000,FLG,AZ,AWP,WE,Federal Contract Tower,0,16,11,0,27,0,11,70,0,81,0,27,81,0,108,76,0,76,184
08/22/2000,FLG,AZ,AWP,WE,Federal Contract Tower,0,16,11,0,27,0,11,77,0,88,0,27,88,0,115,90,0,90,205
08/23/2000,FLG,AZ,AWP,WE,Federal Contract Tower,0,14,10,0,24,0,11,72,2,85,0,25,82,2,109,94,0,94,203
08/24/2000,FLG,AZ,AWP,WE,Federal Contract Tower,0,13,9,0,22,0,18,68,0,86,0,31,77,0,108,48,0,48,156
08/25/2000,FLG,AZ,AWP,WE,Federal Contract Tower,0,17,11,0,28,0,5,57,0,62,0,22,68,0,90,64,0,64,154
08/26/2000,FLG,AZ,AWP,WE,Federal Contract Tower,0,10,7,0,17,0,1,60,2,63,0,11,67,2,80,126,2,128,208
08/27/2000,FLG,AZ,AWP,WE,Federal Contract Tower,0,7,4,0,11,0,5,80,0,85,0,12,84,0,96,42,0,42,138
08/28/2000,FLG,AZ,AWP,WE,Federal Contract Tower,0,13,8,0,21,0,10,46,0,56,0,23,54,0,77,48,0,48,125
08/29/2000,FLG,AZ,AWP,WE,Federal Contract Tower,0,24,19,0,43,0,0,28,0,28,0,24,47,0,71,28,0,28,99
08/30/2000,FLG,AZ,AWP,WE,Federal Contract Tower,0,21,15,0,36,0,7,58,0,65,0,28,73,0,101,64,0,64,165
08/31/2000,FLG,AZ,AWP,WE,Federal Contract Tower,0,18,13,0,31,0,13,60,1,74,0,31,73,1,105,68,2,70,175
09/01/2000,FLG,AZ,AWP,WE,Federal Contract Tower,0,16,14,0,30,0,7,74,2,83,0,23,88,2,113,36,0,36,149
09/02/2000,FLG,AZ,AWP,WE,Federal Contract Tower,0,10,11,0,21,0,5,76,0,81,0,15,87,0,102,54,0,54,156
09/03/2000,FLG,AZ,AWP,WE,Federal Contract Tower,0,8,7,0,15,0,5,95,0,100,0,13,102,0,115,38,0,38,153
09/04/2000,FLG,AZ,AWP,WE,Federal Contract Tower,0,11,10,0,21,0,3,107,0,110,0,14,117,0,131,16,0,16,147
09/05/2000,FLG,AZ,AWP,WE,Federal Contract Tower,0,16,15,0,31,0,9,89,0,98,0,25,104,0,129,72,0,72,201
09/06/2000,FLG,AZ,AWP,WE,Federal Contract Tower,0,12,11,0,23,0,17,71,0,88,0,29,82,0,111,98,0,98,209
09/07/2000,FLG,AZ,AWP,WE,Federal Contract Tower,0,10,9,0,19,0,14,71,1,86,0,24,80,1,105,56,0,56,161
09/08/2000,FLG,AZ,AWP,WE,Federal Contract Tower,0,11,11,0,22,0,17,40,2,59,0,28,51,2,81,58,2,60,141
09/09/2000,FLG,AZ,AWP,WE,Federal Contract Tower,0,13,12,0,25,0,6,94,0,100,0,19,106,0,125,96,2,98,223
09/10/2000,FLG,AZ,AWP,WE,Federal Contract Tower,0,8,7,0,15,0,3,96,0,99,0,11,103,0,114,32,0,32,146
09/11/2000,FLG,AZ,AWP,WE,Federal Contract Tower,0,13,11,0,24,0,9,51,0,60,0,22,62,0,84,62,0,62,146
09/12/2000,FLG,AZ,AWP,WE,Federal Contract Tower,0,14,12,0,26,0,10,81,0,91,0,24,93,0,117,74,0,74,191
09/13/2000,FLG,AZ,AWP,WE,Federal Contract Tower,0,14,13,0,27,0,14,97,0,111,0,28,110,0,138,106,0,106,244
09/14/2000,FLG,AZ,AWP,WE,Federal Contract Tower,0,12,10,1,23,0,11,68,1,80,0,23,78,2,103,52,2,54,157
09/15/2000,FLG,AZ,AWP,WE,Federal Contract Tower,0,11,10,0,21,0,15,139,0,154,0,26,149,0,175,62,0,62,237
09/16/2000,FLG,AZ,AWP,WE,Federal Contract Tower,0,8,6,0,14,0,3,78,0,81,0,11,84,0,95,68,2,70,165
09/17/2000,FLG,AZ,AWP,WE,Federal Contract Tower,0,8,6,0,14,0,4,90,0,94,0,12,96,0,108,94,0,94,202
09/18/2000,FLG,AZ,AWP,WE,Federal Contract Tower,0,13,10,0,23,0,8,58,0,66,0,21,68,0,89,36,0,36,125
09/19/2000,FLG,AZ,AWP,WE,Federal Contract Tower,0,16,13,0,29,0,5,48,0,53,0,21,61,0,82,66,0,66,148
09/20/2000,FLG,AZ,AWP,WE,Federal Contract Tower,0,15,13,0,28,0,3,71,0,74,0,18,84,0,102,84,0,84,186
09/21/2000,FLG,AZ,AWP,WE,Federal Contract Tower,0,14,11,0,25,0,12,79,0,91,0,26,90,0,116,38,0,38,154
09/22/2000,FLG,AZ,AWP,WE,Federal Contract Tower,0,13,10,0,23,0,11,63,0,74,0,24,73,0,97,50,0,50,147
09/23/2000,FLG,AZ,AWP,WE,Federal Contract Tower,0,9,7,0,16,0,10,48,0,58,0,19,55,0,74,14,4,18,92
09/24/2000,FLG,AZ,AWP,WE,Federal Contract Tower,0,12,9,0,21,0,3,100,0,103,0,15,109,0,124,32,4,36,160
09/25/2000,FLG,AZ,AWP,WE,Federal Contract Tower,0,10,8,0,18,0,14,52,0,66,0,24,60,0,84,4,0,4,88
09/26/2000,FLG,AZ,AWP,WE,Federal Contract Tower,0,13,11,0,24,0,11,57,0,68,0,24,68,0,92,80,0,80,172
09/27/2000,FLG,AZ,AWP,WE,Federal Contract Tower,0,16,13,0,29,0,8,78,2,88,0,24,91,2,117,72,4,76,193
09/28/2000,FLG,AZ,AWP,WE,Federal Contract Tower,0,11,9,0,20,0,17,74,0,91,0,28,83,0,111,54,0,54,165
09/29/2000,FLG,AZ,AWP,WE,Federal Contract Tower,0,15,12,0,27,0,7,69,0,76,0,22,81,0,103,46,0,46,149
09/30/2000,FLG,AZ,AWP,WE,Federal Contract Tower,0,13,11,0,24,0,5,56,2,63,0,18,67,2,87,32,0,32,119
10/01/2000,FLG,AZ,AWP,WE,Federal Contract Tower,0,7,8,0,15,0,0,108,0,108,0,7,116,0,123,32,0,32,155
10/02/2000,FLG,AZ,AWP,WE,Federal Contract Tower,0,12,10,0,22,0,8,53,0,61,0,20,63,0,83,38,0,38,121
10/03/2000,FLG,AZ,AWP,WE,Federal Contract Tower,0,11,9,0,20,0,9,67,0,76,0,20,76,0,96,58,0,58,154
10/04/2000,FLG,AZ,AWP,WE,Federal Contract Tower,0,15,15,0,30,0,5,47,0,52,0,20,62,0,82,60,0,60,142
10/05/2000,FLG,AZ,AWP,WE,Federal Contract Tower,0,14,14,0,28,0,4,70,0,74,0,18,84,0,102,90,0,90,192
10/06/2000,FLG,AZ,AWP,WE,Federal Contract Tower,0,10,9,1,20,0,10,119,3,132,0,20,128,4,152,52,0,52,204
10/07/2000,FLG,AZ,AWP,WE,Federal Contract Tower,0,9,7,0,16,0,2,89,0,91,0,11,96,0,107,82,0,82,189
10/08/2000,FLG,AZ,AWP,WE,Federal Contract Tower,0,9,8,0,17,0,3,68,0,71,0,12,76,0,88,40,0,40,128
10/09/2000,FLG,AZ,AWP,WE,Federal Contract Tower,0,9,10,0,19,0,14,71,0,85,0,23,81,0,104,26,0,26,130
10/10/2000,FLG,AZ,AWP,WE,Federal Contract Tower,0,13,16,0,29,0,3,10,0,13,0,16,26,0,42,4,0,4,46
10/11/2000,FLG,AZ,AWP,WE,Federal Contract Tower,0,11,14,0,25,0,5,47,1,53,0,16,61,1,78,42,0,42,120
10/12/2000,FLG,AZ,AWP,WE,Federal Contract Tower,0,11,13,0,24,0,14,71,0,85,0,25,84,0,109,54,0,54,163
10/13/2000,FLG,AZ,AWP,WE,Federal Contract Tower,0,7,9,0,16,0,21,90,0,111,0,28,99,0,127,70,0,70,197
10/14/2000,FLG,AZ,AWP,WE,Federal Contract Tower,0,9,11,0,20,0,7,83,0,90,0,16,94,0,110,80,0,80,190
10/15/2000,FLG,AZ,AWP,WE,Federal Contract Tower,0,4,5,0,9,0,8,95,0,103,0,12,100,0,112,62,0,62,174
10/16/2000,FLG,AZ,AWP,WE,Federal Contract Tower,0,8,10,0,18,0,14,75,0,89,0,22,85,0,107,30,0,30,137
10/17/2000,FLG,AZ,AWP,WE,Federal Contract Tower,0,8,9,0,17,0,16,61,2,79,0,24,70,2,96,60,2,62,158
10/18/2000,FLG,AZ,AWP,WE,Federal Contract Tower,0,9,11,0,20,0,13,74,0,87,0,22,85,0,107,62,0,62,169
10/19/2000,FLG,AZ,AWP,WE,Federal Contract Tower,0,11,14,0,25,0,18,60,0,78,0,29,74,0,103,40,0,40,143
10/20/2000,FLG,AZ,AWP,WE,Federal Contract Tower,0,11,13,0,24,0,10,69,4,83,0,21,82,4,107,58,0,58,165
10/21/2000,FLG,AZ,AWP,WE,Federal Contract Tower,0,6,8,0,14,0,4,33,0,37,0,10,41,0,51,16,0,16,67
10/22/2000,FLG,AZ,AWP,WE,Federal Contract Tower,0,7,10,0,17,0,0,1,0,1,0,7,11,0,18,4,0,4,22
10/23/2000,FLG,AZ,AWP,WE,Federal Contract Tower,0,10,13,0,23,0,11,9,0,20,0,21,22,0,43,6,0,6,49
10/24/2000,FLG,AZ,AWP,WE,Federal Contract Tower,0,13,16,0,29,0,7,4,0,11,0,20,20,0,40,2,0,2,42
10/25/2000,FLG,AZ,AWP,WE,Federal Contract Tower,0,14,16,0,30,0,6,81,2,89,0,20,97,2,119,72,2,74,193
10/26/2000,FLG,AZ,AWP,WE,Federal Contract Tower,0,13,15,0,28,0,4,53,1,58,0,17,68,1,86,14,0,14,100
10/27/2000,FLG,AZ,AWP,WE,Federal Contract Tower,0,13,15,0,28,0,1,3,0,4,0,14,18,0,32,6,0,6,38
10/28/2000,FLG,AZ,AWP,WE,Federal Contract Tower,0,12,15,0,27,0,2,14,0,16,0,14,29,0,43,22,0,22,65
10/29/2000,FLG,AZ,AWP,WE,Federal Contract Tower,0,7,8,0,15,0,3,37,0,40,0,10,45,0,55,40,0,40,95
10/30/2000,FLG,AZ,AWP,WE,Federal Contract Tower,0,12,16,0,28,0,0,7,0,7,0,12,23,0,35,0,0,0,35
10/31/2000,FLG,AZ,AWP,WE,Federal Contract Tower,0,11,13,0,24,0,13,11,0,24,0,24,24,0,48,14,0,14,62
11/01/2000,FLG,AZ,AWP,WE,Federal Contract Tower,0,9,9,0,18,0,12,75,0,87,0,21,84,0,105,74,0,74,179
11/02/2000,FLG,AZ,AWP,WE,Federal Contract Tower,0,10,12,0,22,0,20,88,0,108,0,30,100,0,130,120,0,120,250
11/03/2000,FLG,AZ,AWP,WE,Federal Contract Tower,0,20,20,0,40,0,2,19,0,21,0,22,39,0,61,0,0,0,61
11/04/2000,FLG,AZ,AWP,WE,Federal Contract Tower,0,5,3,0,8,0,5,0,0,5,0,10,3,0,13,0,0,0,13
11/05/2000,FLG,AZ,AWP,WE,Federal Contract Tower,0,6,8,0,14,2,8,32,0,42,2,14,40,0,56,70,0,70,126
11/06/2000,FLG,AZ,AWP,WE,Federal Contract Tower,0,9,10,0,19,0,2,10,0,12,0,11,20,0,31,0,0,0,31
11/07/2000,FLG,AZ,AWP,WE,Federal Contract Tower,0,10,12,0,22,0,16,36,0,52,0,26,48,0,74,24,0,24,98
11/08/2000,FLG,AZ,AWP,WE,Federal Contract Tower,0,13,13,0,26,0,5,81,0,86,0,18,94,0,112,56,0,56,168
11/09/2000,FLG,AZ,AWP,WE,Federal Contract Tower,0,9,9,0,18,0,14,58,0,72,0,23,67,0,90,72,0,72,162
11/10/2000,FLG,AZ,AWP,WE,Federal Contract Tower,0,12,7,0,19,0,4,0,0,4,0,16,7,0,23,0,0,0,23
11/11/2000,FLG,AZ,AWP,WE,Federal Contract Tower,0,9,7,0,16,0,2,5,0,7,0,11,12,0,23,0,0,0,23
11/12/2000,FLG,AZ,AWP,WE,Federal Contract Tower,0,5,3,0,8,0,1,57,0,58,0,6,60,0,66,52,0,52,118
11/13/2000,FLG,AZ,AWP,WE,Federal Contract Tower,0,12,10,0,22,0,13,105,0,118,0,25,115,0,140,88,0,88,228
11/14/2000,FLG,AZ,AWP,WE,Federal Contract Tower,0,8,6,0,14,0,14,77,0,91,0,22,83,0,105,100,0,100,205
11/15/2000,FLG,AZ,AWP,WE,Federal Contract Tower,0,11,8,0,19,0,11,70,0,81,0,22,78,0,100,82,0,82,182
11/16/2000,FLG,AZ,AWP,WE,Federal Contract Tower,0,12,10,0,22,0,14,78,0,92,0,26,88,0,114,90,0,90,204
11/17/2000,FLG,AZ,AWP,WE,Federal Contract Tower,0,11,8,0,19,0,6,77,0,83,0,17,85,0,102,98,0,98,200
11/18/2000,FLG,AZ,AWP,WE,Federal Contract Tower,0,5,4,0,9,0,6,30,0,36,0,11,34,0,45,18,0,18,63
11/19/2000,FLG,AZ,AWP,WE,Federal Contract Tower,0,6,4,0,10,0,0,99,0,99,0,6,103,0,109,34,6,40,149
11/20/2000,FLG,AZ,AWP,WE,Federal Contract Tower,0,8,6,0,14,0,14,65,0,79,0,22,71,0,93,116,0,116,209
11/21/2000,FLG,AZ,AWP,WE,Federal Contract Tower,0,9,8,0,17,0,15,85,0,100,0,24,93,0,117,53,2,55,172
11/22/2000,FLG,AZ,AWP,WE,Federal Contract Tower,0,12,9,0,21,0,8,69,0,77,0,20,78,0,98,72,0,72,170
11/23/2000,FLG,AZ,AWP,WE,Federal Contract Tower,0,3,2,0,5,0,7,29,0,36,0,10,31,0,41,10,0,10,51
11/24/2000,FLG,AZ,AWP,WE,Federal Contract Tower,0,5,4,0,9,0,11,52,0,63,0,16,56,0,72,20,0,20,92
11/25/2000,FLG,AZ,AWP,WE,Federal Contract Tower,0,7,6,0,13,0,4,61,0,65,0,11,67,0,78,38,0,38,116
11/26/2000,FLG,AZ,AWP,WE,Federal Contract Tower,0,7,6,0,13,0,0,94,0,94,0,7,100,0,107,40,0,40,147
11/27/2000,FLG,AZ,AWP,WE,Federal Contract Tower,0,11,9,0,20,0,13,72,0,85,0,24,81,0,105,108,0,108,213
11/28/2000,FLG,AZ,AWP,WE,Federal Contract Tower,0,9,7,0,16,0,9,56,0,65,0,18,63,0,81,80,0,80,161
11/29/2000,FLG,AZ,AWP,WE,Federal Contract Tower,0,12,10,0,22,0,10,96,1,107,0,22,106,1,129,114,4,118,247
11/30/2000,FLG,AZ,AWP,WE,Federal Contract Tower,0,12,10,0,22,0,19,82,0,101,0,31,92,0,123,82,0,82,205
12/01/2000,FLG,AZ,AWP,WE,Federal Contract Tower,0,9,6,0,15,0,15,95,0,110,0,24,101,0,125,88,0,88,213
12/02/2000,FLG,AZ,AWP,WE,Federal Contract Tower,0,4,4,0,8,0,8,106,0,114,0,12,110,0,122,100,0,100,222
12/03/2000,FLG,AZ,AWP,WE,Federal Contract Tower,0,6,7,0,13,0,3,91,0,94,0,9,98,0,107,102,0,102,209
12/04/2000,FLG,AZ,AWP,WE,Federal Contract Tower,0,8,8,0,16,0,12,102,0,114,0,20,110,0,130,60,0,60,190
12/05/2000,FLG,AZ,AWP,WE,Federal Contract Tower,0,8,8,0,16,0,12,68,0,80,0,20,76,0,96,38,0,38,134
12/06/2000,FLG,AZ,AWP,WE,Federal Contract Tower,0,9,8,0,17,0,11,79,0,90,0,20,87,0,107,134,0,134,241
12/07/2000,FLG,AZ,AWP,WE,Federal Contract Tower,0,10,9,1,20,0,14,70,3,87,0,24,79,4,107,58,0,58,165
12/08/2000,FLG,AZ,AWP,WE,Federal Contract Tower,0,7,7,0,14,0,10,72,0,82,0,17,79,0,96,70,0,70,166
12/09/2000,FLG,AZ,AWP,WE,Federal Contract Tower,0,4,2,0,6,0,8,74,0,82,0,12,76,0,88,38,0,38,126
12/10/2000,FLG,AZ,AWP,WE,Federal Contract Tower,0,9,6,0,15,0,0,47,0,47,0,9,53,0,62,36,0,36,98
12/11/2000,FLG,AZ,AWP,WE,Federal Contract Tower,0,9,5,0,14,0,8,81,0,89,0,17,86,0,103,80,0,80,183
12/12/2000,FLG,AZ,AWP,WE,Federal Contract Tower,0,14,8,0,22,0,6,26,0,32,0,20,34,0,54,32,0,32,86
12/13/2000,FLG,AZ,AWP,WE,Federal Contract Tower,0,13,8,0,21,0,7,66,0,73,0,20,74,0,94,24,0,24,118
12/14/2000,FLG,AZ,AWP,WE,Federal Contract Tower,0,10,6,0,16,0,15,66,0,81,0,25,72,0,97,60,0,60,157
12/15/2000,FLG,AZ,AWP,WE,Federal Contract Tower,0,10,6,0,16,0,9,44,1,54,0,19,50,1,70,24,2,26,96
12/16/2000,FLG,AZ,AWP,WE,Federal Contract Tower,0,8,4,0,12,0,1,87,0,88,0,9,91,0,100,86,0,86,186
12/17/2000,FLG,AZ,AWP,WE,Federal Contract Tower,0,6,3,0,9,0,0,52,0,52,0,6,55,0,61,60,2,62,123
12/18/2000,FLG,AZ,AWP,WE,Federal Contract Tower,0,9,6,0,15,0,10,67,0,77,0,19,73,0,92,70,0,70,162
12/19/2000,FLG,AZ,AWP,WE,Federal Contract Tower,0,11,6,0,17,0,10,70,0,80,0,21,76,0,97,114,0,114,211
12/20/2000,FLG,AZ,AWP,WE,Federal Contract Tower,0,8,5,0,13,0,14,68,0,82,0,22,73,0,95,106,0,106,201
12/21/2000,FLG,AZ,AWP,WE,Federal Contract Tower,0,9,6,0,15,0,16,66,0,82,0,25,72,0,97,28,0,28,125
12/22/2000,FLG,AZ,AWP,WE,Federal Contract Tower,0,9,6,0,15,2,23,42,0,67,2,32,48,0,82,54,0,54,136
12/23/2000,FLG,AZ,AWP,WE,Federal Contract Tower,0,8,4,0,12,0,7,62,0,69,0,15,66,0,81,30,0,30,111
12/24/2000,FLG,AZ,AWP,WE,Federal Contract Tower,0,5,2,0,7,0,1,73,0,74,0,6,75,0,81,16,0,16,97
12/25/2000,FLG,AZ,AWP,WE,Federal Contract Tower,0,6,4,0,10,0,1,20,0,21,0,7,24,0,31,0,0,0,31
12/26/2000,FLG,AZ,AWP,WE,Federal Contract Tower,0,6,4,0,10,0,12,30,0,42,0,18,34,0,52,20,0,20,72
12/27/2000,FLG,AZ,AWP,WE,Federal Contract Tower,0,11,6,0,17,0,10,71,0,81,0,21,77,0,98,44,0,44,142
12/28/2000,FLG,AZ,AWP,WE,Federal Contract Tower,0,8,4,0,12,0,16,49,0,65,0,24,53,0,77,22,0,22,99
12/29/2000,FLG,AZ,AWP,WE,Federal Contract Tower,0,11,6,0,17,0,9,61,0,70,0,20,67,0,87,52,0,52,139
12/30/2000,FLG,AZ,AWP,WE,Federal Contract Tower,0,7,4,0,11,0,5,69,0,74,0,12,73,0,85,66,0,66,151
12/31/2000,FLG,AZ,AWP,WE,Federal Contract Tower,0,6,3,0,9,0,1,81,0,82,0,7,84,0,91,44,0,44,135
01/01/2001,FLG,AZ,AWP,WE,Federal Contract Tower,0,3,3,0,6,0,4,57,0,61,0,7,60,0,67,28,0,28,95
01/02/2001,FLG,AZ,AWP,WE,Federal Contract Tower,0,5,6,0,11,0,11,40,0,51,0,16,46,0,62,34,0,34,96
01/03/2001,FLG,AZ,AWP,WE,Federal Contract Tower,0,5,6,0,11,0,16,50,0,66,0,21,56,0,77,32,0,32,109
01/04/2001,FLG,AZ,AWP,WE,Federal Contract Tower,0,8,7,0,15,0,16,55,0,71,0,24,62,0,86,62,0,62,148
01/05/2001,FLG,AZ,AWP,WE,Federal Contract Tower,0,7,6,0,13,0,11,77,0,88,0,18,83,0,101,60,0,60,161
01/06/2001,FLG,AZ,AWP,WE,Federal Contract Tower,0,10,8,0,18,0,1,54,0,55,0,11,62,0,73,76,0,76,149
01/07/2001,FLG,AZ,AWP,WE,Federal Contract Tower,0,5,5,0,10,0,1,86,0,87,0,6,91,0,97,36,0,36,133
01/08/2001,FLG,AZ,AWP,WE,Federal Contract Tower,0,9,7,0,16,0,12,48,0,60,0,21,55,0,76,60,0,60,136
01/09/2001,FLG,AZ,AWP,WE,Federal Contract Tower,0,11,10,0,21,0,4,8,0,12,0,15,18,0,33,8,0,8,41
01/10/2001,FLG,AZ,AWP,WE,Federal Contract Tower,0,14,12,0,26,0,6,32,0,38,0,20,44,0,64,44,0,44,108
01/11/2001,FLG,AZ,AWP,WE,Federal Contract Tower,0,18,15,0,33,0,8,5,0,13,0,26,20,0,46,10,0,10,56
01/12/2001,FLG,AZ,AWP,WE,Federal Contract Tower,0,7,7,0,14,0,1,0,0,1,0,8,7,0,15,0,0,0,15
01/13/2001,FLG,AZ,AWP,WE,Federal Contract Tower,0,8,6,0,14,0,2,24,0,26,0,10,30,0,40,22,0,22,62
01/14/2001,FLG,AZ,AWP,WE,Federal Contract Tower,0,7,5,0,12,0,2,70,0,72,0,9,75,0,84,58,0,58,142
01/15/2001,FLG,AZ,AWP,WE,Federal Contract Tower,0,14,16,0,30,0,0,15,0,15,0,14,31,0,45,0,0,0,45
01/16/2001,FLG,AZ,AWP,WE,Federal Contract Tower,0,7,6,0,13,0,0,5,0,5,0,7,11,0,18,0,0,0,18
01/17/2001,FLG,AZ,AWP,WE,Federal Contract Tower,0,11,8,0,19,0,8,25,0,33,0,19,33,0,52,22,0,22,74
01/18/2001,FLG,AZ,AWP,WE,Federal Contract Tower,0,7,5,0,12,0,18,44,2,64,0,25,49,2,76,46,6,52,128
01/19/2001,FLG,AZ,AWP,WE,Federal Contract Tower,0,8,5,0,13,0,13,50,0,63,0,21,55,0,76,32,0,32,108
01/20/2001,FLG,AZ,AWP,WE,Federal Contract Tower,0,6,4,0,10,0,6,71,0,77,0,12,75,0,87,72,0,72,159
01/21/2001,FLG,AZ,AWP,WE,Federal Contract Tower,0,6,3,0,9,0,1,110,2,113,0,7,113,2,122,30,0,30,152
01/22/2001,FLG,AZ,AWP,WE,Federal Contract Tower,0,10,6,0,16,0,12,45,0,57,0,22,51,0,73,38,0,38,111
01/23/2001,FLG,AZ,AWP,WE,Federal Contract Tower,0,11,7,0,18,0,10,23,2,35,0,21,30,2,53,22,0,22,75
01/24/2001,FLG,AZ,AWP,WE,Federal Contract Tower,0,11,8,0,19,0,9,43,0,52,0,20,51,0,71,64,0,64,135
01/25/2001,FLG,AZ,AWP,WE,Federal Contract Tower,0,11,7,0,18,0,20,33,0,53,0,31,40,0,71,26,0,26,97
01/26/2001,FLG,AZ,AWP,WE,Federal Contract Tower,0,8,6,0,14,0,13,56,1,70,0,21,62,1,84,68,2,70,154
01/27/2001,FLG,AZ,AWP,WE,Federal Contract Tower,0,5,3,0,8,0,0,1,0,1,0,5,4,0,9,4,0,4,13
01/28/2001,FLG,AZ,AWP,WE,Federal Contract Tower,0,6,4,0,10,0,0,8,0,8,0,6,12,0,18,0,0,0,18
01/29/2001,FLG,AZ,AWP,WE,Federal Contract Tower,0,15,10,0,25,0,2,36,0,38,0,17,46,0,63,14,0,14,77
01/30/2001,FLG,AZ,AWP,WE,Federal Contract Tower,0,11,8,0,19,0,10,54,0,64,0,21,62,0,83,28,0,28,111
01/31/2001,FLG,AZ,AWP,WE,Federal Contract Tower,0,12,8,0,20,0,7,72,0,79,0,19,80,0,99,108,0,108,207
02/01/2001,FLG,AZ,AWP,WE,Federal Contract Tower,0,11,9,0,20,0,16,52,0,68,0,27,61,0,88,62,0,62,150
02/02/2001,FLG,AZ,AWP,WE,Federal Contract Tower,0,9,10,0,19,0,7,68,0,75,0,16,78,0,94,62,0,62,156
02/03/2001,FLG,AZ,AWP,WE,Federal Contract Tower,0,5,7,0,12,0,8,70,0,78,0,13,77,0,90,74,6,80,170
02/04/2001,FLG,AZ,AWP,WE,Federal Contract Tower,0,6,6,0,12,0,0,86,0,86,0,6,92,0,98,50,0,50,148
02/05/2001,FLG,AZ,AWP,WE,Federal Contract Tower,0,13,10,0,23,0,4,77,0,81,0,17,87,0,104,58,0,58,162
02/06/2001,FLG,AZ,AWP,WE,Federal Contract Tower,0,9,8,0,17,0,15,66,0,81,0,24,74,0,98,66,0,66,164
02/07/2001,FLG,AZ,AWP,WE,Federal Contract Tower,0,10,9,0,19,0,11,20,0,31,0,21,29,0,50,14,0,14,64
02/08/2001,FLG,AZ,AWP,WE,Federal Contract Tower,0,19,15,0,34,0,6,3,0,9,0,25,18,0,43,0,0,0,43
02/09/2001,FLG,AZ,AWP,WE,Federal Contract Tower,0,13,11,0,24,0,12,64,0,76,0,25,75,0,100,46,0,46,146
02/10/2001,FLG,AZ,AWP,WE,Federal Contract Tower,0,6,4,0,10,0,6,53,0,59,0,12,57,0,69,72,0,72,141
02/11/2001,FLG,AZ,AWP,WE,Federal Contract Tower,0,3,3,0,6,0,4,54,0,58,0,7,57,0,64,40,0,40,104
02/12/2001,FLG,AZ,AWP,WE,Federal Contract Tower,0,8,6,0,14,0,10,66,0,76,0,18,72,0,90,60,0,60,150
02/13/2001,FLG,AZ,AWP,WE,Federal Contract Tower,0,9,6,0,15,0,6,24,0,30,0,15,30,0,45,8,0,8,53
02/14/2001,FLG,AZ,AWP,WE,Federal Contract Tower,0,11,6,0,17,0,9,0,0,9,0,20,6,0,26,0,0,0,26
02/15/2001,FLG,AZ,AWP,WE,Federal Contract Tower,0,8,5,0,13,0,17,52,0,69,0,25,57,0,82,18,0,18,100
02/16/2001,FLG,AZ,AWP,WE,Federal Contract Tower,0,15,10,0,25,0,4,97,0,101,0,19,107,0,126,46,2,48,174
02/17/2001,FLG,AZ,AWP,WE,Federal Contract Tower,0,6,3,0,9,0,6,110,0,116,0,12,113,0,125,86,0,86,211
02/18/2001,FLG,AZ,AWP,WE,Federal Contract Tower,0,7,5,0,12,0,2,70,0,72,0,9,75,0,84,30,0,30,114
02/19/2001,FLG,AZ,AWP,WE,Federal Contract Tower,0,11,7,0,18,0,6,71,0,77,0,17,78,0,95,46,0,46,141
02/20/2001,FLG,AZ,AWP,WE,Federal Contract Tower,0,8,6,0,14,0,19,47,0,66,0,27,53,0,80,72,0,72,152
02/21/2001,FLG,AZ,AWP,WE,Federal Contract Tower,0,11,7,0,18,0,12,62,0,74,0,23,69,0,92,57,0,57,149
02/22/2001,FLG,AZ,AWP,WE,Federal Contract Tower,0,10,6,0,16,0,18,66,0,84,0,28,72,0,100,42,0,42,142
02/23/2001,FLG,AZ,AWP,WE,Federal Contract Tower,0,18,12,0,30,0,0,12,0,12,0,18,24,0,42,12,0,12,54
02/24/2001,FLG,AZ,AWP,WE,Federal Contract Tower,0,7,5,0,12,0,5,40,2,47,0,12,45,2,59,56,2,58,117
02/25/2001,FLG,AZ,AWP,WE,Federal Contract Tower,0,6,4,0,10,0,3,34,0,37,0,9,38,0,47,34,0,34,81
02/26/2001,FLG,AZ,AWP,WE,Federal Contract Tower,0,15,10,0,25,0,1,6,0,7,0,16,16,0,32,0,0,0,32
02/27/2001,FLG,AZ,AWP,WE,Federal Contract Tower,0,18,13,0,31,0,0,15,0,15,0,18,28,0,46,30,0,30,76
02/28/2001,FLG,AZ,AWP,WE,Federal Contract Tower,0,18,12,0,30,0,2,12,0,14,0,20,24,0,44,4,0,4,48
03/01/2001,FLG,AZ,AWP,WE,Federal Contract Tower,0,14,15,0,29,0,12,34,2,48,0,26,49,2,77,40,0,40,117
03/02/2001,FLG,AZ,AWP,WE,Federal Contract Tower,0,12,14,0,26,0,16,85,2,103,0,28,99,2,129,78,8,86,215
03/03/2001,FLG,AZ,AWP,WE,Federal Contract Tower,0,8,11,0,19,0,3,41,2,46,0,11,52,2,65,56,0,56,121
03/04/2001,FLG,AZ,AWP,WE,Federal Contract Tower,0,5,6,0,11,0,4,67,0,71,0,9,73,0,82,62,0,62,144
03/05/2001,FLG,AZ,AWP,WE,Federal Contract Tower,0,10,11,0,21,0,16,55,0,71,0,26,66,0,92,70,0,70,162
03/06/2001,FLG,AZ,AWP,WE,Federal Contract Tower,0,11,12,0,23,0,19,32,0,51,0,30,44,0,74,52,0,52,126
03/07/2001,FLG,AZ,AWP,WE,Federal Contract Tower,0,17,18,0,35,0,6,0,0,6,0,23,18,0,41,0,0,0,41
03/08/2001,FLG,AZ,AWP,WE,Federal Contract Tower,0,11,11,0,22,0,10,38,0,48,0,21,49,0,70,28,0,28,98
03/09/2001,FLG,AZ,AWP,WE,Federal Contract Tower,0,15,14,0,29,0,6,35,0,41,0,21,49,0,70,28,0,28,98
03/10/2001,FLG,AZ,AWP,WE,Federal Contract Tower,0,9,8,0,17,0,0,1,0,1,0,9,9,0,18,0,0,0,18
03/11/2001,FLG,AZ,AWP,WE,Federal Contract Tower,0,6,6,0,12,0,0,1,0,1,0,6,7,0,13,0,0,0,13
03/12/2001,FLG,AZ,AWP,WE,Federal Contract Tower,0,11,11,0,22,0,5,42,0,47,0,16,53,0,69,40,0,40,109
03/13/2001,FLG,AZ,AWP,WE,Federal Contract Tower,0,7,6,0,13,0,20,87,0,107,0,27,93,0,120,108,0,108,228
03/14/2001,FLG,AZ,AWP,WE,Federal Contract Tower,0,7,6,0,13,0,15,70,0,85,0,22,76,0,98,56,0,56,154
03/15/2001,FLG,AZ,AWP,WE,Federal Contract Tower,0,9,8,0,17,0,12,87,0,99,0,21,95,0,116,90,0,90,206
03/16/2001,FLG,AZ,AWP,WE,Federal Contract Tower,0,12,10,0,22,0,17,73,4,94,0,29,83,4,116,38,0,38,154
03/17/2001,FLG,AZ,AWP,WE,Federal Contract Tower,0,7,5,0,12,0,1,55,0,56,0,8,60,0,68,36,0,36,104
03/18/2001,FLG,AZ,AWP,WE,Federal Contract Tower,0,5,4,0,9,0,1,89,0,90,0,6,93,0,99,84,0,84,183
03/19/2001,FLG,AZ,AWP,WE,Federal Contract Tower,0,9,8,0,17,0,13,77,2,92,0,22,85,2,109,52,2,54,163
03/20/2001,FLG,AZ,AWP,WE,Federal Contract Tower,0,9,8,0,17,0,13,75,2,90,0,22,83,2,107,102,0,102,209
03/21/2001,FLG,AZ,AWP,WE,Federal Contract Tower,0,9,8,0,17,0,11,78,0,89,0,20,86,0,106,96,0,96,202
03/22/2001,FLG,AZ,AWP,WE,Federal Contract Tower,0,12,10,0,22,0,15,66,0,81,0,27,76,0,103,74,0,74,177
03/23/2001,FLG,AZ,AWP,WE,Federal Contract Tower,0,9,7,0,16,0,13,68,3,84,0,22,75,3,100,78,2,80,180
03/24/2001,FLG,AZ,AWP,WE,Federal Contract Tower,0,10,9,0,19,0,2,74,0,76,0,12,83,0,95,60,2,62,157
03/25/2001,FLG,AZ,AWP,WE,Federal Contract Tower,0,5,7,0,12,0,0,99,0,99,0,5,106,0,111,40,0,40,151
03/26/2001,FLG,AZ,AWP,WE,Federal Contract Tower,0,10,8,0,18,0,7,91,2,100,0,17,99,2,118,46,0,46,164
03/27/2001,FLG,AZ,AWP,WE,Federal Contract Tower,0,11,10,0,21,0,9,86,0,95,0,20,96,0,116,40,0,40,156
03/28/2001,FLG,AZ,AWP,WE,Federal Contract Tower,0,11,9,0,20,0,15,73,1,89,0,26,82,1,109,44,0,44,153
03/29/2001,FLG,AZ,AWP,WE,Federal Contract Tower,0,8,7,0,15,0,10,50,1,61,0,18,57,1,76,30,0,30,106
03/30/2001,FLG,AZ,AWP,WE,Federal Contract Tower,0,11,10,0,21,0,13,68,0,81,0,24,78,0,102,32,2,34,136
03/31/2001,FLG,AZ,AWP,WE,Federal Contract Tower,0,6,4,0,10,0,2,122,4,128,0,8,126,4,138,90,0,90,228
04/01/2001,FLG,AZ,AWP,WE,Federal Contract Tower,0,13,10,1,24,0,2,89,1,92,0,15,99,2,116,40,0,40,156
04/02/2001,FLG,AZ,AWP,WE,Federal Contract Tower,0,14,4,0,18,0,12,46,0,58,0,26,50,0,76,32,0,32,108
04/03/2001,FLG,AZ,AWP,WE,Federal Contract Tower,0,21,23,0,44,0,11,41,0,52,0,32,64,0,96,20,0,20,116
04/04/2001,FLG,AZ,AWP,WE,Federal Contract Tower,0,20,22,0,42,0,10,51,0,61,0,30,73,0,103,38,0,38,141
04/05/2001,FLG,AZ,AWP,WE,Federal Contract Tower,0,22,19,0,41,0,3,16,0,19,0,25,35,0,60,2,0,2,62
04/06/2001,FLG,AZ,AWP,WE,Federal Contract Tower,0,24,20,0,44,0,10,23,0,33,0,34,43,0,77,0,0,0,77
04/07/2001,FLG,AZ,AWP,WE,Federal Contract Tower,0,13,2,0,15,0,3,15,1,19,0,16,17,1,34,4,0,4,38
04/08/2001,FLG,AZ,AWP,WE,Federal Contract Tower,0,12,4,0,16,0,2,55,0,57,0,14,59,0,73,20,0,20,93
04/09/2001,FLG,AZ,AWP,WE,Federal Contract Tower,0,13,8,0,21,0,11,70,0,81,0,24,78,0,102,28,2,30,132
04/10/2001,FLG,AZ,AWP,WE,Federal Contract Tower,0,27,18,0,45,0,0,4,0,4,0,27,22,0,49,0,0,0,49
04/11/2001,FLG,AZ,AWP,WE,Federal Contract Tower,0,24,13,0,37,0,6,62,0,68,0,30,75,0,105,46,0,46,151
04/12/2001,FLG,AZ,AWP,WE,Federal Contract Tower,0,24,12,0,36,0,8,33,0,41,0,32,45,0,77,50,0,50,127
04/13/2001,FLG,AZ,AWP,WE,Federal Contract Tower,0,14,4,0,18,0,11,101,2,114,0,25,105,2,132,90,2,92,224
04/14/2001,FLG,AZ,AWP,WE,Federal Contract Tower,0,14,8,2,24,0,4,100,0,104,0,18,108,2,128,114,4,118,246
04/15/2001,FLG,AZ,AWP,WE,Federal Contract Tower,0,10,0,0,10,0,1,73,0,74,0,11,73,0,84,66,0,66,150
04/16/2001,FLG,AZ,AWP,WE,Federal Contract Tower,0,16,9,2,27,0,8,62,0,70,0,24,71,2,97,56,0,56,153
04/17/2001,FLG,AZ,AWP,WE,Federal Contract Tower,0,15,7,1,23,0,14,81,13,108,0,29,88,14,131,84,2,86,217
04/18/2001,FLG,AZ,AWP,WE,Federal Contract Tower,0,13,8,0,21,0,20,66,12,98,0,33,74,12,119,70,14,84,203
04/19/2001,FLG,AZ,AWP,WE,Federal Contract Tower,0,18,8,0,26,0,17,57,0,74,0,35,65,0,100,46,0,46,146
04/20/2001,FLG,AZ,AWP,WE,Federal Contract Tower,0,14,11,1,26,0,8,60,1,69,0,22,71,2,95,16,0,16,111
04/21/2001,FLG,AZ,AWP,WE,Federal Contract Tower,0,10,7,0,17,0,2,21,0,23,0,12,28,0,40,10,0,10,50
04/22/2001,FLG,AZ,AWP,WE,Federal Contract Tower,0,8,13,0,21,0,3,51,2,56,0,11,64,2,77,10,0,10,87
04/23/2001,FLG,AZ,AWP,WE,Federal Contract Tower,0,13,10,0,23,0,11,74,22,107,0,24,84,22,130,40,0,40,170
04/24/2001,FLG,AZ,AWP,WE,Federal Contract Tower,0,16,10,0,26,0,13,104,24,141,0,29,114,24,167,46,0,46,213
04/25/2001,FLG,AZ,AWP,WE,Federal Contract Tower,0,17,3,0,20,0,11,80,0,91,0,28,83,0,111,48,0,48,159
04/26/2001,FLG,AZ,AWP,WE,Federal Contract Tower,0,16,9,0,25,0,10,70,0,80,0,26,79,0,105,34,0,34,139
04/27/2001,FLG,AZ,AWP,WE,Federal Contract Tower,0,17,13,0,30,0,5,47,0,52,0,22,60,0,82,64,0,64,146
04/28/2001,FLG,AZ,AWP,WE,Federal Contract Tower,0,11,5,0,16,0,8,74,0,82,0,19,79,0,98,46,0,46,144
04/29/2001,FLG,AZ,AWP,WE,Federal Contract Tower,0,10,2,0,12,0,1,58,0,59,0,11,60,0,71,18,0,18,89
04/30/2001,FLG,AZ,AWP,WE,Federal Contract Tower,0,13,13,0,26,0,12,89,0,101,0,25,102,0,127,74,0,74,201
05/01/2001,FLG,AZ,AWP,WE,Federal Contract Tower,0,16,12,0,28,0,8,73,2,83,0,24,85,2,111,38,2,40,151
05/02/2001,FLG,AZ,AWP,WE,Federal Contract Tower,0,20,11,0,31,0,13,49,0,62,0,33,60,0,93,20,0,20,113
05/03/2001,FLG,AZ,AWP,WE,Federal Contract Tower,0,22,12,0,34,0,11,42,0,53,0,33,54,0,87,24,0,24,111
05/04/2001,FLG,AZ,AWP,WE,Federal Contract Tower,0,18,6,1,25,0,1,61,0,62,0,19,67,1,87,14,0,14,101
05/05/2001,FLG,AZ,AWP,WE,Federal Contract Tower,0,8,7,1,16,0,6,74,0,80,0,14,81,1,96,16,0,16,112
05/06/2001,FLG,AZ,AWP,WE,Federal Contract Tower,0,14,5,0,19,0,1,43,0,44,0,15,48,0,63,32,0,32,95
05/07/2001,FLG,AZ,AWP,WE,Federal Contract Tower,0,17,6,0,23,0,13,69,0,82,0,30,75,0,105,56,0,56,161
05/08/2001,FLG,AZ,AWP,WE,Federal Contract Tower,0,18,3,0,21,0,9,99,0,108,0,27,102,0,129,46,0,46,175
05/09/2001,FLG,AZ,AWP,WE,Federal Contract Tower,0,18,5,0,23,0,10,84,0,94,0,28,89,0,117,64,0,64,181
05/10/2001,FLG,AZ,AWP,WE,Federal Contract Tower,0,18,5,0,23,0,15,72,0,87,0,33,77,0,110,26,0,26,136
05/11/2001,FLG,AZ,AWP,WE,Federal Contract Tower,0,13,10,0,23,0,12,91,0,103,0,25,101,0,126,32,0,32,158
05/12/2001,FLG,AZ,AWP,WE,Federal Contract Tower,0,9,1,0,10,0,5,94,0,99,0,14,95,0,109,54,0,54,163
05/13/2001,FLG,AZ,AWP,WE,Federal Contract Tower,0,13,5,0,18,0,1,88,0,89,0,14,93,0,107,56,0,56,163
05/14/2001,FLG,AZ,AWP,WE,Federal Contract Tower,0,13,0,0,13,0,14,0,75,89,0,27,0,75,102,32,28,60,162
05/15/2001,FLG,AZ,AWP,WE,Federal Contract Tower,0,14,7,0,21,0,17,96,22,135,0,31,103,22,156,72,0,72,228
05/16/2001,FLG,AZ,AWP,WE,Federal Contract Tower,0,13,3,0,16,0,14,101,2,117,0,27,104,2,133,134,4,138,271
05/17/2001,FLG,AZ,AWP,WE,Federal Contract Tower,0,16,6,2,24,0,13,98,0,111,0,29,104,2,135,116,2,118,253
05/18/2001,FLG,AZ,AWP,WE,Federal Contract Tower,0,17,8,1,26,0,9,80,6,95,0,26,88,7,121,56,6,62,183
05/19/2001,FLG,AZ,AWP,WE,Federal Contract Tower,0,13,8,1,22,0,1,15,0,16,0,14,23,1,38,8,0,8,46
05/20/2001,FLG,AZ,AWP,WE,Federal Contract Tower,0,10,1,0,11,0,2,89,0,91,0,12,90,0,102,36,0,36,138
05/21/2001,FLG,AZ,AWP,WE,Federal Contract Tower,0,13,14,0,27,0,13,50,0,63,0,26,64,0,90,62,0,62,152
05/22/2001,FLG,AZ,AWP,WE,Federal Contract Tower,0,11,12,0,23,0,17,84,0,101,0,28,96,0,124,80,0,80,204
05/23/2001,FLG,AZ,AWP,WE,Federal Contract Tower,0,13,6,0,19,0,14,82,0,96,0,27,88,0,115,42,0,42,157
05/24/2001,FLG,AZ,AWP,WE,Federal Contract Tower,0,18,10,0,28,0,30,97,1,128,0,48,107,1,156,86,0,86,242
05/25/2001,FLG,AZ,AWP,WE,Federal Contract Tower,0,15,14,0,29,0,15,123,4,142,0,30,137,4,171,72,0,72,243
05/26/2001,FLG,AZ,AWP,WE,Federal Contract Tower,0,8,7,1,16,0,7,16,0,23,0,15,23,1,39,28,0,28,67
05/27/2001,FLG,AZ,AWP,WE,Federal Contract Tower,0,7,8,1,16,0,1,58,0,59,0,8,66,1,75,37,0,37,112
05/28/2001,FLG,AZ,AWP,WE,Federal Contract Tower,0,11,6,0,17,0,4,88,0,92,0,15,94,0,109,42,0,42,151
05/29/2001,FLG,AZ,AWP,WE,Federal Contract Tower,0,14,8,0,22,0,12,78,0,90,0,26,86,0,112,106,0,106,218
05/30/2001,FLG,AZ,AWP,WE,Federal Contract Tower,0,17,5,0,22,0,14,77,0,91,0,31,82,0,113,52,0,52,165
05/31/2001,FLG,AZ,AWP,WE,Federal Contract Tower,0,20,3,0,23,0,14,55,0,69,0,34,58,0,92,44,2,46,138
06/01/2001,FLG,AZ,AWP,WE,Federal Contract Tower,0,13,5,2,20,0,15,77,0,92,0,28,82,2,112,52,18,70,182
06/02/2001,FLG,AZ,AWP,WE,Federal Contract Tower,0,7,5,0,12,0,8,69,0,77,0,15,74,0,89,48,2,50,139
06/03/2001,FLG,AZ,AWP,WE,Federal Contract Tower,0,10,5,0,15,0,0,71,0,71,0,10,76,0,86,20,0,20,106
06/04/2001,FLG,AZ,AWP,WE,Federal Contract Tower,0,12,9,0,21,0,13,86,14,113,0,25,95,14,134,64,0,64,198
06/05/2001,FLG,AZ,AWP,WE,Federal Contract Tower,0,13,7,0,20,0,14,86,2,102,0,27,93,2,122,110,0,110,232
06/06/2001,FLG,AZ,AWP,WE,Federal Contract Tower,0,14,2,1,17,0,17,94,0,111,0,31,96,1,128,62,2,64,192
06/07/2001,FLG,AZ,AWP,WE,Federal Contract Tower,0,18,9,1,28,0,23,74,1,98,0,41,83,2,126,58,0,58,184
06/08/2001,FLG,AZ,AWP,WE,Federal Contract Tower,0,19,10,0,29,0,22,84,0,106,0,41,94,0,135,40,0,40,175
06/09/2001,FLG,AZ,AWP,WE,Federal Contract Tower,0,7,5,0,12,0,10,90,0,100,0,17,95,0,112,34,0,34,146
06/10/2001,FLG,AZ,AWP,WE,Federal Contract Tower,0,8,4,0,12,0,0,66,0,66,0,8,70,0,78,2,0,2,80
06/11/2001,FLG,AZ,AWP,WE,Federal Contract Tower,0,12,8,0,20,0,13,101,2,116,0,25,109,2,136,54,0,54,190
06/12/2001,FLG,AZ,AWP,WE,Federal Contract Tower,0,13,8,0,21,0,16,118,2,136,0,29,126,2,157,56,0,56,213
06/13/2001,FLG,AZ,AWP,WE,Federal Contract Tower,0,13,3,0,16,0,16,85,0,101,0,29,88,0,117,32,0,32,149
06/14/2001,FLG,AZ,AWP,WE,Federal Contract Tower,0,16,8,2,26,0,17,116,1,134,0,33,124,3,160,62,0,62,222
06/15/2001,FLG,AZ,AWP,WE,Federal Contract Tower,0,14,9,0,23,0,24,116,0,140,0,38,125,0,163,24,0,24,187
06/16/2001,FLG,AZ,AWP,WE,Federal Contract Tower,0,8,1,0,9,0,14,104,0,118,0,22,105,0,127,26,0,26,153
06/17/2001,FLG,AZ,AWP,WE,Federal Contract Tower,0,8,4,0,12,0,5,121,0,126,0,13,125,0,138,28,6,34,172
06/18/2001,FLG,AZ,AWP,WE,Federal Contract Tower,0,14,9,0,23,0,14,125,0,139,0,28,134,0,162,48,2,50,212
06/19/2001,FLG,AZ,AWP,WE,Federal Contract Tower,0,12,10,0,22,0,14,81,2,97,0,26,91,2,119,76,4,80,199
06/20/2001,FLG,AZ,AWP,WE,Federal Contract Tower,0,13,4,0,17,0,25,138,6,169,0,38,142,6,186,72,4,76,262
06/21/2001,FLG,AZ,AWP,WE,Federal Contract Tower,0,16,7,0,23,0,10,69,0,79,0,26,76,0,102,28,0,28,130
06/22/2001,FLG,AZ,AWP,WE,Federal Contract Tower,0,13,6,0,19,0,13,70,0,83,0,26,76,0,102,54,0,54,156
06/23/2001,FLG,AZ,AWP,WE,Federal Contract Tower,0,7,1,0,8,0,9,87,0,96,0,16,88,0,104,66,0,66,170
06/24/2001,FLG,AZ,AWP,WE,Federal Contract Tower,0,14,19,0,33,0,2,77,0,79,0,16,96,0,112,40,0,40,152
06/25/2001,FLG,AZ,AWP,WE,Federal Contract Tower,0,16,17,0,33,0,9,76,0,85,0,25,93,0,118,54,0,54,172
06/26/2001,FLG,AZ,AWP,WE,Federal Contract Tower,0,17,8,0,25,0,9,76,4,89,0,26,84,4,114,92,0,92,206
06/27/2001,FLG,AZ,AWP,WE,Federal Contract Tower,0,13,12,0,25,0,15,89,2,106,0,28,101,2,131,88,0,88,219
06/28/2001,FLG,AZ,AWP,WE,Federal Contract Tower,0,13,6,0,19,0,11,70,1,82,0,24,76,1,101,62,0,62,163
06/29/2001,FLG,AZ,AWP,WE,Federal Contract Tower,0,15,13,1,29,0,16,96,1,113,0,31,109,2,142,86,4,90,232
06/30/2001,FLG,AZ,AWP,WE,Federal Contract Tower,0,5,8,0,13,0,5,80,1,86,0,10,88,1,99,66,0,66,165
07/01/2001,FLG,AZ,AWP,WE,Federal Contract Tower,0,7,6,0,13,0,2,80,0,82,0,9,86,0,95,40,2,42,137
07/02/2001,FLG,AZ,AWP,WE,Federal Contract Tower,0,13,4,0,17,0,4,45,0,49,0,17,49,0,66,40,6,46,112
07/03/2001,FLG,AZ,AWP,WE,Federal Contract Tower,0,12,2,0,14,0,11,89,0,100,0,23,91,0,114,58,0,58,172
07/04/2001,FLG,AZ,AWP,WE,Federal Contract Tower,0,11,0,0,11,0,3,94,0,97,0,14,94,0,108,62,0,62,170
07/05/2001,FLG,AZ,AWP,WE,Federal Contract Tower,0,16,6,0,22,0,9,90,0,99,0,25,96,0,121,38,0,38,159
07/06/2001,FLG,AZ,AWP,WE,Federal Contract Tower,0,16,8,0,24,0,6,64,0,70,0,22,72,0,94,46,0,46,140
07/07/2001,FLG,AZ,AWP,WE,Federal Contract Tower,0,7,2,1,10,0,2,56,3,61,0,9,58,4,71,46,2,48,119
07/08/2001,FLG,AZ,AWP,WE,Federal Contract Tower,0,9,7,1,17,0,0,80,1,81,0,9,87,2,98,14,0,14,112
07/09/2001,FLG,AZ,AWP,WE,Federal Contract Tower,0,12,6,0,18,0,14,68,2,84,0,26,74,2,102,36,0,36,138
07/10/2001,FLG,AZ,AWP,WE,Federal Contract Tower,0,15,6,0,21,0,12,79,0,91,0,27,85,0,112,72,0,72,184
07/11/2001,FLG,AZ,AWP,WE,Federal Contract Tower,0,11,5,0,16,0,15,90,0,105,0,26,95,0,121,60,0,60,181
07/12/2001,FLG,AZ,AWP,WE,Federal Contract Tower,0,12,7,1,20,0,13,74,1,88,0,25,81,2,108,36,0,36,144
07/13/2001,FLG,AZ,AWP,WE,Federal Contract Tower,0,24,44,1,69,0,0,46,1,47,0,24,90,2,116,64,0,64,180
07/14/2001,FLG,AZ,AWP,WE,Federal Contract Tower,0,15,6,0,21,0,2,71,0,73,0,17,77,0,94,40,0,40,134
07/15/2001,FLG,AZ,AWP,WE,Federal Contract Tower,0,10,3,0,13,0,1,73,0,74,0,11,76,0,87,10,0,10,97
07/16/2001,FLG,AZ,AWP,WE,Federal Contract Tower,0,19,8,0,27,0,9,80,0,89,0,28,88,0,116,84,0,84,200
07/17/2001,FLG,AZ,AWP,WE,Federal Contract Tower,0,15,12,1,28,0,13,105,1,119,0,28,117,2,147,58,2,60,207
07/18/2001,FLG,AZ,AWP,WE,Federal Contract Tower,0,12,8,0,20,0,10,101,0,111,0,22,109,0,131,82,0,82,213
07/19/2001,FLG,AZ,AWP,WE,Federal Contract Tower,0,17,10,2,29,0,11,87,1,99,0,28,97,3,128,84,8,92,220
07/20/2001,FLG,AZ,AWP,WE,Federal Contract Tower,0,11,16,1,28,0,8,65,1,74,0,19,81,2,102,58,0,58,160
07/21/2001,FLG,AZ,AWP,WE,Federal Contract Tower,0,7,5,0,12,0,4,91,0,95,0,11,96,0,107,80,0,80,187
07/22/2001,FLG,AZ,AWP,WE,Federal Contract Tower,0,6,7,0,13,0,0,98,0,98,0,6,105,0,111,52,0,52,163
07/23/2001,FLG,AZ,AWP,WE,Federal Contract Tower,0,12,11,0,23,0,12,76,0,88,0,24,87,0,111,110,0,110,221
07/24/2001,FLG,AZ,AWP,WE,Federal Contract Tower,0,14,9,0,23,0,22,84,2,108,0,36,93,2,131,74,0,74,205
07/25/2001,FLG,AZ,AWP,WE,Federal Contract Tower,0,18,10,0,28,0,13,38,3,54,0,31,48,3,82,44,0,44,126
07/26/2001,FLG,AZ,AWP,WE,Federal Contract Tower,0,15,4,0,19,0,11,85,0,96,0,26,89,0,115,62,0,62,177
07/27/2001,FLG,AZ,AWP,WE,Federal Contract Tower,0,13,7,0,20,0,14,98,0,112,0,27,105,0,132,66,0,66,198
07/28/2001,FLG,AZ,AWP,WE,Federal Contract Tower,0,8,4,0,12,0,0,99,2,101,0,8,103,2,113,78,0,78,191
07/29/2001,FLG,AZ,AWP,WE,Federal Contract Tower,0,9,5,0,14,0,1,83,2,86,0,10,88,2,100,74,0,74,174
07/30/2001,FLG,AZ,AWP,WE,Federal Contract Tower,0,13,13,0,26,0,9,60,0,69,0,22,73,0,95,30,0,30,125
07/31/2001,FLG,AZ,AWP,WE,Federal Contract Tower,0,15,5,0,20,0,8,87,0,95,0,23,92,0,115,82,0,82,197
08/01/2001,FLG,AZ,AWP,WE,Federal Contract Tower,0,16,3,0,19,0,9,66,0,75,0,25,69,0,94,78,0,78,172
08/02/2001,FLG,AZ,AWP,WE,Federal Contract Tower,0,13,4,0,17,0,16,92,2,110,0,29,96,2,127,74,0,74,201
08/03/2001,FLG,AZ,AWP,WE,Federal Contract Tower,0,12,11,0,23,0,13,106,0,119,0,25,117,0,142,94,0,94,236
08/04/2001,FLG,AZ,AWP,WE,Federal Contract Tower,0,6,8,0,14,0,2,62,0,64,0,8,70,0,78,40,4,44,122
08/05/2001,FLG,AZ,AWP,WE,Federal Contract Tower,0,9,11,0,20,0,3,122,0,125,0,12,133,0,145,54,0,54,199
08/06/2001,FLG,AZ,AWP,WE,Federal Contract Tower,0,12,6,1,19,0,14,71,11,96,0,26,77,12,115,56,0,56,171
08/07/2001,FLG,AZ,AWP,WE,Federal Contract Tower,0,13,8,0,21,0,10,72,0,82,0,23,80,0,103,76,0,76,179
08/08/2001,FLG,AZ,AWP,WE,Federal Contract Tower,0,15,9,0,24,0,26,92,0,118,0,41,101,0,142,36,0,36,178
08/09/2001,FLG,AZ,AWP,WE,Federal Contract Tower,0,20,9,0,29,0,22,75,0,97,0,42,84,0,126,76,0,76,202
08/10/2001,FLG,AZ,AWP,WE,Federal Contract Tower,0,18,8,0,26,0,25,78,0,103,0,43,86,0,129,54,0,54,183
08/11/2001,FLG,AZ,AWP,WE,Federal Contract Tower,0,7,6,0,13,0,9,74,0,83,0,16,80,0,96,40,0,40,136
08/12/2001,FLG,AZ,AWP,WE,Federal Contract Tower,0,8,6,0,14,0,2,84,0,86,0,10,90,0,100,44,0,44,144
08/13/2001,FLG,AZ,AWP,WE,Federal Contract Tower,0,14,15,0,29,0,12,65,0,77,0,26,80,0,106,52,0,52,158
08/14/2001,FLG,AZ,AWP,WE,Federal Contract Tower,0,11,10,0,21,0,14,75,0,89,0,25,85,0,110,48,0,48,158
08/15/2001,FLG,AZ,AWP,WE,Federal Contract Tower,0,12,13,0,25,0,10,72,0,82,0,22,85,0,107,64,0,64,171
08/16/2001,FLG,AZ,AWP,WE,Federal Contract Tower,0,14,8,0,22,0,20,99,0,119,0,34,107,0,141,88,0,88,229
08/17/2001,FLG,AZ,AWP,WE,Federal Contract Tower,0,12,8,0,20,0,29,66,0,95,0,41,74,0,115,86,0,86,201
08/18/2001,FLG,AZ,AWP,WE,Federal Contract Tower,0,5,5,0,10,0,16,86,0,102,0,21,91,0,112,80,0,80,192
08/19/2001,FLG,AZ,AWP,WE,Federal Contract Tower,0,5,2,0,7,0,0,72,0,72,0,5,74,0,79,36,0,36,115
08/20/2001,FLG,AZ,AWP,WE,Federal Contract Tower,0,11,9,0,20,0,16,67,0,83,0,27,76,0,103,46,0,46,149
08/21/2001,FLG,AZ,AWP,WE,Federal Contract Tower,0,13,12,0,25,0,16,73,0,89,0,29,85,0,114,82,0,82,196
08/22/2001,FLG,AZ,AWP,WE,Federal Contract Tower,0,10,3,0,13,0,19,71,0,90,0,29,74,0,103,54,0,54,157
08/23/2001,FLG,AZ,AWP,WE,Federal Contract Tower,0,18,9,0,27,0,25,80,0,105,0,43,89,0,132,68,0,68,200
08/24/2001,FLG,AZ,AWP,WE,Federal Contract Tower,0,12,4,0,16,0,21,83,0,104,0,33,87,0,120,56,0,56,176
08/25/2001,FLG,AZ,AWP,WE,Federal Contract Tower,0,5,7,0,12,0,11,86,0,97,0,16,93,0,109,38,0,38,147
08/26/2001,FLG,AZ,AWP,WE,Federal Contract Tower,0,7,2,1,10,0,7,123,0,130,0,14,125,1,140,36,2,38,178
08/27/2001,FLG,AZ,AWP,WE,Federal Contract Tower,0,10,13,0,23,0,21,70,0,91,0,31,83,0,114,106,8,114,228
08/28/2001,FLG,AZ,AWP,WE,Federal Contract Tower,0,10,7,0,17,0,13,70,0,83,0,23,77,0,100,50,0,50,150
08/29/2001,FLG,AZ,AWP,WE,Federal Contract Tower,0,13,12,0,25,0,10,80,0,90,0,23,92,0,115,84,0,84,199
08/30/2001,FLG,AZ,AWP,WE,Federal Contract Tower,0,13,8,0,21,0,16,64,0,80,0,29,72,0,101,56,0,56,157
08/31/2001,FLG,AZ,AWP,WE,Federal Contract Tower,0,14,10,2,26,0,17,72,2,91,0,31,82,4,117,46,6,52,169
09/01/2001,FLG,AZ,AWP,WE,Federal Contract Tower,0,9,4,0,13,0,6,105,0,111,0,15,109,0,124,40,0,40,164
09/02/2001,FLG,AZ,AWP,WE,Federal Contract Tower,0,5,4,0,9,0,4,87,0,91,0,9,91,0,100,66,0,66,166
09/03/2001,FLG,AZ,AWP,WE,Federal Contract Tower,0,9,5,0,14,0,0,95,0,95,0,9,100,0,109,38,10,48,157
09/04/2001,FLG,AZ,AWP,WE,Federal Contract Tower,0,14,12,0,26,0,21,88,0,109,0,35,100,0,135,88,0,88,223
09/05/2001,FLG,AZ,AWP,WE,Federal Contract Tower,0,14,5,0,19,0,14,47,0,61,0,28,52,0,80,66,4,70,150
09/06/2001,FLG,AZ,AWP,WE,Federal Contract Tower,0,14,11,0,25,0,24,48,0,72,0,38,59,0,97,42,0,42,139
09/07/2001,FLG,AZ,AWP,WE,Federal Contract Tower,0,12,10,0,22,0,21,84,0,105,0,33,94,0,127,98,0,98,225
09/08/2001,FLG,AZ,AWP,WE,Federal Contract Tower,0,7,1,0,8,0,7,74,0,81,0,14,75,0,89,48,0,48,137
09/09/2001,FLG,AZ,AWP,WE,Federal Contract Tower,0,10,3,0,13,0,4,107,0,111,0,14,110,0,124,82,0,82,206
09/10/2001,FLG,AZ,AWP,WE,Federal Contract Tower,0,11,6,2,19,0,24,51,1,76,0,35,57,3,95,66,2,68,163
09/11/2001,FLG,AZ,AWP,WE,Federal Contract Tower,0,8,0,0,8,0,12,0,0,12,0,20,0,0,20,0,0,0,20
09/12/2001,FLG,AZ,AWP,WE,Federal Contract Tower,0,11,0,0,11,0,0,0,2,2,0,11,0,2,13,0,0,0,13
09/13/2001,FLG,AZ,AWP,WE,Federal Contract Tower,0,16,0,0,16,0,0,0,0,0,0,16,0,0,16,0,0,0,16
09/14/2001,FLG,AZ,AWP,WE,Federal Contract Tower,0,24,6,1,31,0,23,0,0,23,0,47,6,1,54,0,2,2,56
09/15/2001,FLG,AZ,AWP,WE,Federal Contract Tower,0,22,13,0,35,0,6,11,0,17,0,28,24,0,52,0,0,0,52
09/16/2001,FLG,AZ,AWP,WE,Federal Contract Tower,0,13,14,0,27,0,3,4,0,7,0,16,18,0,34,0,0,0,34
09/17/2001,FLG,AZ,AWP,WE,Federal Contract Tower,0,28,23,0,51,0,0,1,0,1,0,28,24,0,52,10,0,10,62
09/18/2001,FLG,AZ,AWP,WE,Federal Contract Tower,0,20,34,0,54,0,11,13,0,24,0,31,47,0,78,10,0,10,88
09/19/2001,FLG,AZ,AWP,WE,Federal Contract Tower,0,18,37,1,56,0,15,7,1,23,0,33,44,2,79,2,0,2,81
09/20/2001,FLG,AZ,AWP,WE,Federal Contract Tower,0,21,24,0,45,0,33,33,1,67,0,54,57,1,112,2,0,2,114
09/21/2001,FLG,AZ,AWP,WE,Federal Contract Tower,0,22,26,0,48,0,20,51,0,71,0,42,77,0,119,8,0,8,127
09/22/2001,FLG,AZ,AWP,WE,Federal Contract Tower,0,10,9,0,19,0,2,42,0,44,0,12,51,0,63,18,0,18,81
09/23/2001,FLG,AZ,AWP,WE,Federal Contract Tower,0,11,10,0,21,0,5,84,0,89,0,16,94,0,110,46,0,46,156
09/24/2001,FLG,AZ,AWP,WE,Federal Contract Tower,0,15,12,0,27,0,21,66,0,87,0,36,78,0,114,56,2,58,172
09/25/2001,FLG,AZ,AWP,WE,Federal Contract Tower,0,14,9,0,23,0,22,55,0,77,0,36,64,0,100,62,0,62,162
09/26/2001,FLG,AZ,AWP,WE,Federal Contract Tower,0,13,17,0,30,0,29,92,0,121,0,42,109,0,151,108,0,108,259
09/27/2001,FLG,AZ,AWP,WE,Federal Contract Tower,0,14,16,3,33,0,26,73,1,100,0,40,89,4,133,66,2,68,201
09/28/2001,FLG,AZ,AWP,WE,Federal Contract Tower,0,13,20,0,33,0,20,87,0,107,0,33,107,0,140,144,0,144,284
09/29/2001,FLG,AZ,AWP,WE,Federal Contract Tower,0,8,11,0,19,0,4,70,0,74,0,12,81,0,93,76,4,80,173
09/30/2001,FLG,AZ,AWP,WE,Federal Contract Tower,0,12,10,0,22,0,6,60,0,66,0,18,70,0,88,24,0,24,112
10/01/2001,FLG,AZ,AWP,WE,Federal Contract Tower,0,15,9,0,24,0,13,43,0,56,0,28,52,0,80,66,0,66,146
10/02/2001,FLG,AZ,AWP,WE,Federal Contract Tower,0,10,11,0,21,0,6,54,2,62,0,16,65,2,83,96,0,96,179
10/03/2001,FLG,AZ,AWP,WE,Federal Contract Tower,0,10,4,0,14,0,11,52,0,63,0,21,56,0,77,22,0,22,99
10/04/2001,FLG,AZ,AWP,WE,Federal Contract Tower,0,11,8,2,21,0,23,60,2,85,0,34,68,4,106,26,2,28,134
10/05/2001,FLG,AZ,AWP,WE,Federal Contract Tower,0,16,14,0,30,0,14,58,0,72,0,30,72,0,102,34,0,34,136
10/06/2001,FLG,AZ,AWP,WE,Federal Contract Tower,0,16,6,0,22,0,8,40,0,48,0,24,46,0,70,62,0,62,132
10/07/2001,FLG,AZ,AWP,WE,Federal Contract Tower,0,6,3,0,9,0,4,33,0,37,0,10,36,0,46,42,0,42,88
10/08/2001,FLG,AZ,AWP,WE,Federal Contract Tower,0,14,9,0,23,0,8,38,0,46,0,22,47,0,69,42,0,42,111
10/09/2001,FLG,AZ,AWP,WE,Federal Contract Tower,0,17,6,0,23,0,15,42,0,57,0,32,48,0,80,48,0,48,128
10/10/2001,FLG,AZ,AWP,WE,Federal Contract Tower,0,11,10,0,21,0,13,73,0,86,0,24,83,0,107,80,4,84,191
10/11/2001,FLG,AZ,AWP,WE,Federal Contract Tower,0,14,23,0,37,0,15,75,0,90,0,29,98,0,127,132,0,132,259
10/12/2001,FLG,AZ,AWP,WE,Federal Contract Tower,0,12,13,1,26,0,16,49,0,65,0,28,62,1,91,52,2,54,145
10/13/2001,FLG,AZ,AWP,WE,Federal Contract Tower,0,8,10,0,18,0,8,56,0,64,0,16,66,0,82,58,0,58,140
10/14/2001,FLG,AZ,AWP,WE,Federal Contract Tower,0,10,11,0,21,0,4,80,0,84,0,14,91,0,105,42,0,42,147
10/15/2001,FLG,AZ,AWP,WE,Federal Contract Tower,0,10,15,5,30,0,15,58,1,74,0,25,73,6,104,106,16,122,226
10/16/2001,FLG,AZ,AWP,WE,Federal Contract Tower,0,14,9,0,23,0,29,96,0,125,0,43,105,0,148,116,0,116,264
10/17/2001,FLG,AZ,AWP,WE,Federal Contract Tower,0,9,2,2,13,0,17,46,0,63,0,26,48,2,76,62,22,84,160
10/18/2001,FLG,AZ,AWP,WE,Federal Contract Tower,0,11,9,0,20,0,21,68,0,89,0,32,77,0,109,146,0,146,255
10/19/2001,FLG,AZ,AWP,WE,Federal Contract Tower,0,10,13,0,23,0,18,85,0,103,0,28,98,0,126,114,0,114,240
10/20/2001,FLG,AZ,AWP,WE,Federal Contract Tower,0,11,5,0,16,0,3,62,0,65,0,14,67,0,81,12,0,12,93
10/21/2001,FLG,AZ,AWP,WE,Federal Contract Tower,0,6,2,1,9,0,4,81,2,87,0,10,83,3,96,74,2,76,172
10/22/2001,FLG,AZ,AWP,WE,Federal Contract Tower,0,11,10,0,21,0,16,47,0,63,0,27,57,0,84,82,0,82,166
10/23/2001,FLG,AZ,AWP,WE,Federal Contract Tower,0,9,13,0,22,0,26,68,0,94,0,35,81,0,116,80,0,80,196
10/24/2001,FLG,AZ,AWP,WE,Federal Contract Tower,0,9,12,0,21,0,19,57,0,76,0,28,69,0,97,80,0,80,177
10/25/2001,FLG,AZ,AWP,WE,Federal Contract Tower,0,13,16,0,29,0,24,80,0,104,0,37,96,0,133,54,0,54,187
10/26/2001,FLG,AZ,AWP,WE,Federal Contract Tower,0,12,8,1,21,0,19,74,2,95,0,31,82,3,116,44,6,50,166
10/27/2001,FLG,AZ,AWP,WE,Federal Contract Tower,0,6,4,0,10,0,7,80,0,87,0,13,84,0,97,72,0,72,169
10/28/2001,FLG,AZ,AWP,WE,Federal Contract Tower,0,7,7,2,16,0,5,72,0,77,0,12,79,2,93,32,0,32,125
10/29/2001,FLG,AZ,AWP,WE,Federal Contract Tower,0,8,10,0,18,0,20,61,0,81,0,28,71,0,99,72,0,72,171
10/30/2001,FLG,AZ,AWP,WE,Federal Contract Tower,0,10,13,0,23,0,9,44,0,53,0,19,57,0,76,60,0,60,136
10/31/2001,FLG,AZ,AWP,WE,Federal Contract Tower,0,11,11,1,23,0,12,25,1,38,0,23,36,2,61,36,0,36,97
11/01/2001,FLG,AZ,AWP,WE,Federal Contract Tower,0,13,8,0,21,0,19,70,0,89,0,32,78,0,110,72,0,72,182
11/02/2001,FLG,AZ,AWP,WE,Federal Contract Tower,0,10,10,0,20,0,13,78,0,91,0,23,88,0,111,76,0,76,187
11/03/2001,FLG,AZ,AWP,WE,Federal Contract Tower,0,10,8,0,18,0,11,79,0,90,0,21,87,0,108,22,0,22,130
11/04/2001,FLG,AZ,AWP,WE,Federal Contract Tower,0,9,10,0,19,0,4,52,0,56,0,13,62,0,75,32,0,32,107
11/05/2001,FLG,AZ,AWP,WE,Federal Contract Tower,0,14,20,2,36,0,16,49,0,65,0,30,69,2,101,52,2,54,155
11/06/2001,FLG,AZ,AWP,WE,Federal Contract Tower,0,17,10,0,27,0,11,58,0,69,0,28,68,0,96,54,0,54,150
11/07/2001,FLG,AZ,AWP,WE,Federal Contract Tower,0,11,12,3,26,0,12,57,0,69,0,23,69,3,95,72,0,72,167
11/08/2001,FLG,AZ,AWP,WE,Federal Contract Tower,0,9,17,0,26,0,14,81,0,95,0,23,98,0,121,68,0,68,189
11/09/2001,FLG,AZ,AWP,WE,Federal Contract Tower,0,13,8,0,21,0,14,101,0,115,0,27,109,0,136,56,0,56,192
11/10/2001,FLG,AZ,AWP,WE,Federal Contract Tower,0,8,8,0,16,0,13,79,0,92,0,21,87,0,108,36,0,36,144
11/11/2001,FLG,AZ,AWP,WE,Federal Contract Tower,0,9,3,1,13,0,4,75,0,79,0,13,78,1,92,38,6,44,136
11/12/2001,FLG,AZ,AWP,WE,Federal Contract Tower,0,10,10,0,20,0,11,68,0,79,0,21,78,0,99,54,0,54,153
11/13/2001,FLG,AZ,AWP,WE,Federal Contract Tower,0,13,7,0,20,0,10,36,0,46,0,23,43,0,66,14,0,14,80
11/14/2001,FLG,AZ,AWP,WE,Federal Contract Tower,0,12,7,0,19,0,24,51,0,75,0,36,58,0,94,42,0,42,136
11/15/2001,FLG,AZ,AWP,WE,Federal Contract Tower,0,11,8,0,19,0,12,54,0,66,0,23,62,0,85,76,0,76,161
11/16/2001,FLG,AZ,AWP,WE,Federal Contract Tower,0,12,8,0,20,0,12,69,0,81,0,24,77,0,101,58,0,58,159
11/17/2001,FLG,AZ,AWP,WE,Federal Contract Tower,0,6,7,0,13,0,7,99,0,106,0,13,106,0,119,40,0,40,159
11/18/2001,FLG,AZ,AWP,WE,Federal Contract Tower,0,7,5,0,12,0,3,58,0,61,0,10,63,0,73,58,0,58,131
11/19/2001,FLG,AZ,AWP,WE,Federal Contract Tower,0,14,11,0,25,0,26,56,0,82,0,40,67,0,107,40,0,40,147
11/20/2001,FLG,AZ,AWP,WE,Federal Contract Tower,0,8,2,0,10,0,16,44,0,60,0,24,46,0,70,78,0,78,148
11/21/2001,FLG,AZ,AWP,WE,Federal Contract Tower,0,12,14,0,26,0,20,78,0,98,0,32,92,0,124,72,0,72,196
11/22/2001,FLG,AZ,AWP,WE,Federal Contract Tower,0,5,4,0,9,0,1,24,0,25,0,6,28,0,34,14,0,14,48
11/23/2001,FLG,AZ,AWP,WE,Federal Contract Tower,0,12,3,0,15,0,15,35,0,50,0,27,38,0,65,32,0,32,97
11/24/2001,FLG,AZ,AWP,WE,Federal Contract Tower,0,7,5,0,12,0,5,69,0,74,0,12,74,0,86,46,0,46,132
11/25/2001,FLG,AZ,AWP,WE,Federal Contract Tower,0,7,15,0,22,0,2,21,0,23,0,9,36,0,45,6,0,6,51
11/26/2001,FLG,AZ,AWP,WE,Federal Contract Tower,0,13,14,0,27,0,23,50,0,73,0,36,64,0,100,77,0,77,177
11/27/2001,FLG,AZ,AWP,WE,Federal Contract Tower,0,18,8,0,26,0,13,37,3,53,0,31,45,3,79,22,0,22,101
11/28/2001,FLG,AZ,AWP,WE,Federal Contract Tower,0,10,12,0,22,0,22,51,2,75,0,32,63,2,97,48,0,48,145
11/29/2001,FLG,AZ,AWP,WE,Federal Contract Tower,0,16,11,2,29,0,7,7,1,15,0,23,18,3,44,2,0,2,46
11/30/2001,FLG,AZ,AWP,WE,Federal Contract Tower,0,17,9,0,26,0,9,25,0,34,0,26,34,0,60,22,0,22,82
12/01/2001,FLG,AZ,AWP,WE,Federal Contract Tower,0,10,12,0,22,0,8,56,1,65,0,18,68,1,87,62,0,62,149
12/02/2001,FLG,AZ,AWP,WE,Federal Contract Tower,0,7,8,0,15,0,3,57,0,60,0,10,65,0,75,40,0,40,115
12/03/2001,FLG,AZ,AWP,WE,Federal Contract Tower,0,11,3,0,14,0,19,39,0,58,0,30,42,0,72,44,0,44,116
12/04/2001,FLG,AZ,AWP,WE,Federal Contract Tower,0,13,8,0,21,0,1,0,0,1,0,14,8,0,22,0,0,0,22
12/05/2001,FLG,AZ,AWP,WE,Federal Contract Tower,0,10,11,0,21,0,25,29,0,54,0,35,40,0,75,48,0,48,123
12/06/2001,FLG,AZ,AWP,WE,Federal Contract Tower,0,11,12,4,27,0,16,86,0,102,0,27,98,4,129,82,0,82,211
12/07/2001,FLG,AZ,AWP,WE,Federal Contract Tower,0,12,6,1,19,0,14,70,2,86,0,26,76,3,105,28,4,32,137
12/08/2001,FLG,AZ,AWP,WE,Federal Contract Tower,0,7,0,0,7,0,4,48,0,52,0,11,48,0,59,20,0,20,79
12/09/2001,FLG,AZ,AWP,WE,Federal Contract Tower,0,9,6,0,15,0,2,82,0,84,0,11,88,0,99,48,2,50,149
12/10/2001,FLG,AZ,AWP,WE,Federal Contract Tower,0,11,7,0,18,0,1,7,0,8,0,12,14,0,26,0,2,2,28
12/11/2001,FLG,AZ,AWP,WE,Federal Contract Tower,0,17,12,0,29,0,0,0,0,0,0,17,12,0,29,0,0,0,29
12/12/2001,FLG,AZ,AWP,WE,Federal Contract Tower,0,15,7,2,24,0,14,15,0,29,0,29,22,2,53,2,0,2,55
12/13/2001,FLG,AZ,AWP,WE,Federal Contract Tower,0,11,9,0,20,0,15,93,0,108,0,26,102,0,128,48,0,48,176
12/14/2001,FLG,AZ,AWP,WE,Federal Contract Tower,0,15,8,1,24,0,15,45,0,60,0,30,53,1,84,60,2,62,146
12/15/2001,FLG,AZ,AWP,WE,Federal Contract Tower,0,10,17,0,27,0,0,5,0,5,0,10,22,0,32,0,0,0,32
12/16/2001,FLG,AZ,AWP,WE,Federal Contract Tower,0,7,1,0,8,0,6,53,0,59,0,13,54,0,67,32,0,32,99
12/17/2001,FLG,AZ,AWP,WE,Federal Contract Tower,0,12,7,0,19,0,18,60,0,78,0,30,67,0,97,94,0,94,191
12/18/2001,FLG,AZ,AWP,WE,Federal Contract Tower,0,11,10,0,21,0,19,63,0,82,0,30,73,0,103,74,1,75,178
12/19/2001,FLG,AZ,AWP,WE,Federal Contract Tower,0,12,12,2,26,0,13,74,2,89,0,25,86,4,115,56,0,56,171
12/20/2001,FLG,AZ,AWP,WE,Federal Contract Tower,0,10,4,0,14,0,26,55,2,83,0,36,59,2,97,58,0,58,155
12/21/2001,FLG,AZ,AWP,WE,Federal Contract Tower,0,13,11,0,24,0,4,10,0,14,0,17,21,0,38,0,0,0,38
12/22/2001,FLG,AZ,AWP,WE,Federal Contract Tower,0,8,4,0,12,0,1,30,0,31,0,9,34,0,43,14,0,14,57
12/23/2001,FLG,AZ,AWP,WE,Federal Contract Tower,0,5,6,0,11,0,0,16,0,16,0,5,22,0,27,2,0,2,29
12/24/2001,FLG,AZ,AWP,WE,Federal Contract Tower,0,7,3,0,10,0,12,32,0,44,0,19,35,0,54,10,0,10,64
12/25/2001,FLG,AZ,AWP,WE,Federal Contract Tower,0,6,0,0,6,0,6,32,0,38,0,12,32,0,44,2,0,2,46
12/26/2001,FLG,AZ,AWP,WE,Federal Contract Tower,0,17,7,0,24,0,14,77,0,91,0,31,84,0,115,78,0,78,193
12/27/2001,FLG,AZ,AWP,WE,Federal Contract Tower,0,15,4,0,19,0,10,98,0,108,0,25,102,0,127,96,0,96,223
12/28/2001,FLG,AZ,AWP,WE,Federal Contract Tower,0,13,10,0,23,0,9,81,4,94,0,22,91,4,117,110,0,110,227
12/29/2001,FLG,AZ,AWP,WE,Federal Contract Tower,0,11,8,0,19,0,7,11,0,18,0,18,19,0,37,36,0,36,73
12/30/2001,FLG,AZ,AWP,WE,Federal Contract Tower,0,8,7,0,15,0,1,8,0,9,0,9,15,0,24,20,0,20,44
12/31/2001,FLG,AZ,AWP,WE,Federal Contract Tower,0,14,9,0,23,0,0,1,0,1,0,14,10,0,24,0,0,0,24
01/01/2002,FLG,AZ,AWP,WE,Federal Contract Tower,0,6,18,0,24,0,4,7,0,11,0,10,25,0,35,18,0,18,53
01/02/2002,FLG,AZ,AWP,WE,Federal Contract Tower,0,16,13,0,29,0,7,23,0,30,0,23,36,0,59,72,0,72,131
01/03/2002,FLG,AZ,AWP,WE,Federal Contract Tower,0,16,11,0,27,0,15,33,0,48,0,31,44,0,75,28,2,30,105
01/04/2002,FLG,AZ,AWP,WE,Federal Contract Tower,0,18,13,3,34,0,39,38,1,78,0,57,51,4,112,32,10,42,154
01/05/2002,FLG,AZ,AWP,WE,Federal Contract Tower,0,8,8,0,16,0,3,72,0,75,0,11,80,0,91,74,0,74,165
01/06/2002,FLG,AZ,AWP,WE,Federal Contract Tower,0,8,8,0,16,0,6,94,0,100,0,14,102,0,116,72,0,72,188
01/07/2002,FLG,AZ,AWP,WE,Federal Contract Tower,0,11,7,0,18,0,21,68,0,89,0,32,75,0,107,74,0,74,181
01/08/2002,FLG,AZ,AWP,WE,Federal Contract Tower,0,12,7,0,19,0,12,66,0,78,0,24,73,0,97,90,6,96,193
01/09/2002,FLG,AZ,AWP,WE,Federal Contract Tower,0,18,7,0,25,0,10,54,0,64,0,28,61,0,89,84,0,84,173
01/10/2002,FLG,AZ,AWP,WE,Federal Contract Tower,0,13,8,1,22,0,11,46,1,58,0,24,54,2,80,12,0,12,92
01/11/2002,FLG,AZ,AWP,WE,Federal Contract Tower,0,17,6,0,23,0,9,66,0,75,0,26,72,0,98,74,0,74,172
01/12/2002,FLG,AZ,AWP,WE,Federal Contract Tower,0,8,4,0,12,0,6,80,0,86,0,14,84,0,98,52,0,52,150
01/13/2002,FLG,AZ,AWP,WE,Federal Contract Tower,0,7,1,2,10,0,3,92,0,95,0,10,93,2,105,72,0,72,177
01/14/2002,FLG,AZ,AWP,WE,Federal Contract Tower,0,11,13,0,24,0,15,97,3,115,0,26,110,3,139,36,8,44,183
01/15/2002,FLG,AZ,AWP,WE,Federal Contract Tower,0,14,7,1,22,0,20,42,1,63,0,34,49,2,85,20,0,20,105
01/16/2002,FLG,AZ,AWP,WE,Federal Contract Tower,0,16,8,0,24,0,13,15,0,28,0,29,23,0,52,2,2,4,56
01/17/2002,FLG,AZ,AWP,WE,Federal Contract Tower,0,12,9,0,21,0,22,62,0,84,0,34,71,0,105,54,0,54,159
01/18/2002,FLG,AZ,AWP,WE,Federal Contract Tower,0,13,9,0,22,0,12,54,0,66,0,25,63,0,88,42,0,42,130
01/19/2002,FLG,AZ,AWP,WE,Federal Contract Tower,0,9,3,0,12,0,7,78,0,85,0,16,81,0,97,76,0,76,173
01/20/2002,FLG,AZ,AWP,WE,Federal Contract Tower,0,8,4,0,12,0,2,89,0,91,0,10,93,0,103,82,0,82,185
01/21/2002,FLG,AZ,AWP,WE,Federal Contract Tower,0,17,11,0,28,0,6,100,0,106,0,23,111,0,134,34,0,34,168
01/22/2002,FLG,AZ,AWP,WE,Federal Contract Tower,0,13,8,0,21,0,9,40,0,49,0,22,48,0,70,32,0,32,102
01/23/2002,FLG,AZ,AWP,WE,Federal Contract Tower,0,17,9,0,26,0,12,17,0,29,0,29,26,0,55,32,0,32,87
01/24/2002,FLG,AZ,AWP,WE,Federal Contract Tower,0,13,9,0,22,0,20,39,0,59,0,33,48,0,81,12,0,12,93
01/25/2002,FLG,AZ,AWP,WE,Federal Contract Tower,0,14,9,0,23,0,11,84,0,95,0,25,93,0,118,48,0,48,166
01/26/2002,FLG,AZ,AWP,WE,Federal Contract Tower,0,10,6,0,16,0,4,63,4,71,0,14,69,4,87,46,0,46,133
01/27/2002,FLG,AZ,AWP,WE,Federal Contract Tower,0,7,7,0,14,0,2,54,0,56,0,9,61,0,70,30,0,30,100
01/28/2002,FLG,AZ,AWP,WE,Federal Contract Tower,0,13,7,0,20,0,13,20,0,33,0,26,27,0,53,30,0,30,83
01/29/2002,FLG,AZ,AWP,WE,Federal Contract Tower,0,19,7,0,26,0,2,16,0,18,0,21,23,0,44,0,1,1,45
01/30/2002,FLG,AZ,AWP,WE,Federal Contract Tower,0,19,8,0,27,0,0,4,0,4,0,19,12,0,31,8,0,8,39
01/31/2002,FLG,AZ,AWP,WE,Federal Contract Tower,0,11,5,0,16,0,12,59,0,71,0,23,64,0,87,48,0,48,135
02/01/2002,FLG,AZ,AWP,WE,Federal Contract Tower,0,11,8,0,19,0,18,59,1,78,0,29,67,1,97,26,0,26,123
02/02/2002,FLG,AZ,AWP,WE,Federal Contract Tower,0,13,11,0,24,0,18,45,2,65,0,31,56,2,89,48,0,48,137
02/03/2002,FLG,AZ,AWP,WE,Federal Contract Tower,0,6,7,0,13,0,8,77,0,85,0,14,84,0,98,48,0,48,146
02/04/2002,FLG,AZ,AWP,WE,Federal Contract Tower,0,10,5,0,15,0,0,112,0,112,0,10,117,0,127,36,0,36,163
02/05/2002,FLG,AZ,AWP,WE,Federal Contract Tower,0,11,7,0,18,0,17,49,0,66,0,28,56,0,84,70,0,70,154
02/06/2002,FLG,AZ,AWP,WE,Federal Contract Tower,0,13,6,0,19,0,11,57,0,68,0,24,63,0,87,28,0,28,115
02/07/2002,FLG,AZ,AWP,WE,Federal Contract Tower,0,15,12,0,27,0,14,53,0,67,0,29,65,0,94,62,0,62,156
02/08/2002,FLG,AZ,AWP,WE,Federal Contract Tower,0,10,10,0,20,0,17,79,0,96,0,27,89,0,116,74,0,74,190
02/09/2002,FLG,AZ,AWP,WE,Federal Contract Tower,0,7,2,0,9,0,16,83,6,105,0,23,85,6,114,42,6,48,162
02/10/2002,FLG,AZ,AWP,WE,Federal Contract Tower,0,7,2,0,9,0,6,27,0,33,0,13,29,0,42,10,0,10,52
02/11/2002,FLG,AZ,AWP,WE,Federal Contract Tower,0,7,8,0,15,0,3,35,0,38,0,10,43,0,53,18,0,18,71
02/12/2002,FLG,AZ,AWP,WE,Federal Contract Tower,0,11,11,0,22,0,17,79,0,96,0,28,90,0,118,60,0,60,178
02/13/2002,FLG,AZ,AWP,WE,Federal Contract Tower,0,15,5,2,22,0,8,66,0,74,0,23,71,2,96,56,0,56,152
02/14/2002,FLG,AZ,AWP,WE,Federal Contract Tower,0,12,9,0,21,0,21,52,3,76,0,33,61,3,97,44,0,44,141
02/15/2002,FLG,AZ,AWP,WE,Federal Contract Tower,0,12,10,0,22,0,13,57,0,70,0,25,67,0,92,32,0,32,124
02/16/2002,FLG,AZ,AWP,WE,Federal Contract Tower,0,11,5,0,16,0,15,84,8,107,0,26,89,8,123,54,4,58,181
02/17/2002,FLG,AZ,AWP,WE,Federal Contract Tower,0,7,8,0,15,0,9,84,0,93,0,16,92,0,108,82,8,90,198
02/18/2002,FLG,AZ,AWP,WE,Federal Contract Tower,0,8,11,0,19,0,0,48,0,48,0,8,59,0,67,12,0,12,79
02/19/2002,FLG,AZ,AWP,WE,Federal Contract Tower,0,13,4,0,17,0,11,18,0,29,0,24,22,0,46,4,0,4,50
02/20/2002,FLG,AZ,AWP,WE,Federal Contract Tower,0,12,3,0,15,0,18,71,0,89,0,30,74,0,104,56,6,62,166
02/21/2002,FLG,AZ,AWP,WE,Federal Contract Tower,0,11,6,0,17,0,16,62,0,78,0,27,68,0,95,48,0,48,143
02/22/2002,FLG,AZ,AWP,WE,Federal Contract Tower,0,12,9,1,22,0,15,35,1,51,0,27,44,2,73,12,8,20,93
02/23/2002,FLG,AZ,AWP,WE,Federal Contract Tower,0,8,3,0,11,0,19,76,2,97,0,27,79,2,108,36,4,40,148
02/24/2002,FLG,AZ,AWP,WE,Federal Contract Tower,0,7,8,0,15,0,5,50,0,55,0,12,58,0,70,54,0,54,124
02/25/2002,FLG,AZ,AWP,WE,Federal Contract Tower,0,11,9,0,20,0,0,85,0,85,0,11,94,0,105,36,0,36,141
02/26/2002,FLG,AZ,AWP,WE,Federal Contract Tower,0,12,8,0,20,0,12,40,1,53,0,24,48,1,73,58,2,60,133
02/27/2002,FLG,AZ,AWP,WE,Federal Contract Tower,0,10,7,0,17,0,32,74,1,107,0,42,81,1,124,68,0,68,192
02/28/2002,FLG,AZ,AWP,WE,Federal Contract Tower,0,7,10,0,17,0,19,54,0,73,0,26,64,0,90,30,0,30,120
03/01/2002,FLG,AZ,AWP,WE,Federal Contract Tower,0,9,7,0,16,0,8,61,0,69,0,17,68,0,85,46,0,46,131
03/02/2002,FLG,AZ,AWP,WE,Federal Contract Tower,0,8,2,4,14,0,5,33,0,38,0,13,35,4,52,26,0,26,78
03/03/2002,FLG,AZ,AWP,WE,Federal Contract Tower,0,5,3,0,8,0,4,28,0,32,0,9,31,0,40,40,0,40,80
03/04/2002,FLG,AZ,AWP,WE,Federal Contract Tower,0,12,10,0,22,0,15,72,0,87,0,27,82,0,109,68,0,68,177
03/05/2002,FLG,AZ,AWP,WE,Federal Contract Tower,0,11,12,0,23,0,17,74,2,93,0,28,86,2,116,34,0,34,150
03/06/2002,FLG,AZ,AWP,WE,Federal Contract Tower,0,10,8,1,19,0,17,66,8,91,0,27,74,9,110,88,0,88,198
03/07/2002,FLG,AZ,AWP,WE,Federal Contract Tower,0,15,9,0,24,0,12,52,0,64,0,27,61,0,88,54,0,54,142
03/08/2002,FLG,AZ,AWP,WE,Federal Contract Tower,0,18,16,1,35,0,7,31,1,39,0,25,47,2,74,16,2,18,92
03/09/2002,FLG,AZ,AWP,WE,Federal Contract Tower,0,12,7,0,19,0,4,63,0,67,0,16,70,0,86,38,0,38,124
03/10/2002,FLG,AZ,AWP,WE,Federal Contract Tower,0,9,5,0,14,0,7,71,0,78,0,16,76,0,92,44,0,44,136
03/11/2002,FLG,AZ,AWP,WE,Federal Contract Tower,0,9,8,0,17,0,21,86,0,107,0,30,94,0,124,52,0,52,176
03/12/2002,FLG,AZ,AWP,WE,Federal Contract Tower,0,10,7,0,17,0,17,65,4,86,0,27,72,4,103,66,0,66,169
03/13/2002,FLG,AZ,AWP,WE,Federal Contract Tower,0,10,7,0,17,0,23,56,0,79,0,33,63,0,96,24,0,24,120
03/14/2002,FLG,AZ,AWP,WE,Federal Contract Tower,0,13,8,0,21,0,15,57,0,72,0,28,65,0,93,54,0,54,147
03/15/2002,FLG,AZ,AWP,WE,Federal Contract Tower,0,12,12,0,24,0,15,55,0,70,0,27,67,0,94,68,0,68,162
03/16/2002,FLG,AZ,AWP,WE,Federal Contract Tower,0,7,3,0,10,0,4,4,0,8,0,11,7,0,18,2,0,2,20
03/17/2002,FLG,AZ,AWP,WE,Federal Contract Tower,0,9,3,0,12,0,2,30,0,32,0,11,33,0,44,20,0,20,64
03/18/2002,FLG,AZ,AWP,WE,Federal Contract Tower,0,18,12,0,30,0,7,8,0,15,0,25,20,0,45,4,0,4,49
03/19/2002,FLG,AZ,AWP,WE,Federal Contract Tower,0,12,7,0,19,0,16,67,0,83,0,28,74,0,102,74,0,74,176
03/20/2002,FLG,AZ,AWP,WE,Federal Contract Tower,0,12,5,0,17,0,13,88,0,101,0,25,93,0,118,68,2,70,188
03/21/2002,FLG,AZ,AWP,WE,Federal Contract Tower,0,10,10,2,22,0,24,75,0,99,0,34,85,2,121,90,4,94,215
03/22/2002,FLG,AZ,AWP,WE,Federal Contract Tower,0,12,3,0,15,0,27,76,1,104,0,39,79,1,119,68,4,72,191
03/23/2002,FLG,AZ,AWP,WE,Federal Contract Tower,0,10,6,0,16,0,7,39,2,48,0,17,45,2,64,14,0,14,78
03/24/2002,FLG,AZ,AWP,WE,Federal Contract Tower,0,7,4,1,12,0,1,17,2,20,0,8,21,3,32,40,0,40,72
03/25/2002,FLG,AZ,AWP,WE,Federal Contract Tower,0,13,11,3,27,0,11,62,0,73,0,24,73,3,100,46,0,46,146
03/26/2002,FLG,AZ,AWP,WE,Federal Contract Tower,0,12,7,0,19,0,28,72,5,105,0,40,79,5,124,46,0,46,170
03/27/2002,FLG,AZ,AWP,WE,Federal Contract Tower,0,11,6,0,17,0,13,114,6,133,0,24,120,6,150,102,12,114,264
03/28/2002,FLG,AZ,AWP,WE,Federal Contract Tower,0,12,10,0,22,0,16,68,0,84,0,28,78,0,106,56,0,56,162
03/29/2002,FLG,AZ,AWP,WE,Federal Contract Tower,0,20,5,0,25,0,4,52,0,56,0,24,57,0,81,24,0,24,105
03/30/2002,FLG,AZ,AWP,WE,Federal Contract Tower,0,7,2,0,9,0,8,65,0,73,0,15,67,0,82,48,0,48,130
03/31/2002,FLG,AZ,AWP,WE,Federal Contract Tower,0,7,5,0,12,0,0,74,0,74,0,7,79,0,86,86,0,86,172
04/01/2002,FLG,AZ,AWP,WE,Federal Contract Tower,0,12,14,0,26,0,19,71,0,90,0,31,85,0,116,40,0,40,156
04/02/2002,FLG,AZ,AWP,WE,Federal Contract Tower,0,13,5,0,18,0,17,78,4,99,0,30,83,4,117,54,0,54,171
04/03/2002,FLG,AZ,AWP,WE,Federal Contract Tower,0,19,5,0,24,0,15,71,0,86,0,34,76,0,110,50,0,50,160
04/04/2002,FLG,AZ,AWP,WE,Federal Contract Tower,0,16,14,0,30,0,13,70,2,85,0,29,84,2,115,58,0,58,173
04/05/2002,FLG,AZ,AWP,WE,Federal Contract Tower,0,20,13,0,33,0,10,70,1,81,0,30,83,1,114,76,0,76,190
04/06/2002,FLG,AZ,AWP,WE,Federal Contract Tower,0,12,6,0,18,0,4,28,0,32,0,16,34,0,50,0,0,0,50
04/07/2002,FLG,AZ,AWP,WE,Federal Contract Tower,0,14,5,0,19,0,2,75,0,77,0,16,80,0,96,30,0,30,126
04/08/2002,FLG,AZ,AWP,WE,Federal Contract Tower,0,16,12,0,28,0,11,63,0,74,0,27,75,0,102,48,0,48,150
04/09/2002,FLG,AZ,AWP,WE,Federal Contract Tower,0,13,9,0,22,0,16,66,0,82,0,29,75,0,104,60,0,60,164
04/10/2002,FLG,AZ,AWP,WE,Federal Contract Tower,0,12,7,0,19,0,21,46,0,67,0,33,53,0,86,66,0,66,152
04/11/2002,FLG,AZ,AWP,WE,Federal Contract Tower,0,15,9,0,24,0,24,73,0,97,0,39,82,0,121,42,0,42,163
04/12/2002,FLG,AZ,AWP,WE,Federal Contract Tower,0,14,7,0,21,0,16,71,2,89,0,30,78,2,110,48,0,48,158
04/13/2002,FLG,AZ,AWP,WE,Federal Contract Tower,0,8,6,0,14,0,12,81,2,95,0,20,87,2,109,42,0,42,151
04/14/2002,FLG,AZ,AWP,WE,Federal Contract Tower,0,9,3,0,12,0,6,101,0,107,0,15,104,0,119,70,0,70,189
04/15/2002,FLG,AZ,AWP,WE,Federal Contract Tower,0,14,7,1,22,0,18,29,1,48,0,32,36,2,70,8,0,8,78
04/16/2002,FLG,AZ,AWP,WE,Federal Contract Tower,0,16,6,0,22,0,21,45,0,66,0,37,51,0,88,40,0,40,128
04/17/2002,FLG,AZ,AWP,WE,Federal Contract Tower,0,16,8,0,24,0,13,37,0,50,0,29,45,0,74,14,0,14,88
04/18/2002,FLG,AZ,AWP,WE,Federal Contract Tower,0,12,6,0,18,0,16,53,0,69,0,28,59,0,87,10,0,10,97
04/19/2002,FLG,AZ,AWP,WE,Federal Contract Tower,0,13,10,0,23,0,19,44,6,69,0,32,54,6,92,20,0,20,112
04/20/2002,FLG,AZ,AWP,WE,Federal Contract Tower,0,13,12,3,28,0,5,42,5,52,0,18,54,8,80,26,0,26,106
04/21/2002,FLG,AZ,AWP,WE,Federal Contract Tower,0,10,7,0,17,0,3,113,1,117,0,13,120,1,134,68,4,72,206
04/22/2002,FLG,AZ,AWP,WE,Federal Contract Tower,0,12,8,0,20,0,23,71,0,94,0,35,79,0,114,84,0,84,198
04/23/2002,FLG,AZ,AWP,WE,Federal Contract Tower,0,13,8,0,21,0,10,57,3,70,0,23,65,3,91,72,0,72,163
04/24/2002,FLG,AZ,AWP,WE,Federal Contract Tower,0,12,12,1,25,0,9,80,1,90,0,21,92,2,115,68,2,70,185
04/25/2002,FLG,AZ,AWP,WE,Federal Contract Tower,0,16,7,0,23,0,11,71,0,82,0,27,78,0,105,44,0,44,149
04/26/2002,FLG,AZ,AWP,WE,Federal Contract Tower,0,11,8,0,19,0,7,40,0,47,0,18,48,0,66,26,0,26,92
04/27/2002,FLG,AZ,AWP,WE,Federal Contract Tower,0,12,3,0,15,0,3,28,0,31,0,15,31,0,46,12,0,12,58
04/28/2002,FLG,AZ,AWP,WE,Federal Contract Tower,0,10,7,0,17,0,5,92,16,113,0,15,99,16,130,40,0,40,170
04/29/2002,FLG,AZ,AWP,WE,Federal Contract Tower,0,13,9,0,22,0,20,53,0,73,0,33,62,0,95,36,0,36,131
04/30/2002,FLG,AZ,AWP,WE,Federal Contract Tower,0,14,7,0,21,0,17,38,0,55,0,31,45,0,76,0,0,0,76
05/01/2002,FLG,AZ,AWP,WE,Federal Contract Tower,0,12,10,0,22,0,13,49,0,62,0,25,59,0,84,36,0,36,120
05/02/2002,FLG,AZ,AWP,WE,Federal Contract Tower,0,12,15,0,27,0,17,82,0,99,0,29,97,0,126,76,0,76,202
05/03/2002,FLG,AZ,AWP,WE,Federal Contract Tower,0,13,10,0,23,0,15,123,0,138,0,28,133,0,161,36,0,36,197
05/04/2002,FLG,AZ,AWP,WE,Federal Contract Tower,0,11,7,0,18,0,6,68,0,74,0,17,75,0,92,38,0,38,130
05/05/2002,FLG,AZ,AWP,WE,Federal Contract Tower,0,9,8,0,17,0,0,86,4,90,0,9,94,4,107,46,0,46,153
05/06/2002,FLG,AZ,AWP,WE,Federal Contract Tower,0,12,13,0,25,0,16,46,4,66,0,28,59,4,91,22,0,22,113
05/07/2002,FLG,AZ,AWP,WE,Federal Contract Tower,0,13,9,0,22,0,11,49,2,62,0,24,58,2,84,34,0,34,118
05/08/2002,FLG,AZ,AWP,WE,Federal Contract Tower,0,12,15,0,27,0,18,78,2,98,0,30,93,2,125,70,0,70,195
05/09/2002,FLG,AZ,AWP,WE,Federal Contract Tower,0,13,13,0,26,0,14,78,0,92,0,27,91,0,118,72,0,72,190
05/10/2002,FLG,AZ,AWP,WE,Federal Contract Tower,0,15,16,1,32,0,18,59,3,80,0,33,75,4,112,14,2,16,128
05/11/2002,FLG,AZ,AWP,WE,Federal Contract Tower,0,8,5,0,13,0,9,59,4,72,0,17,64,4,85,48,0,48,133
05/12/2002,FLG,AZ,AWP,WE,Federal Contract Tower,0,9,7,0,16,0,1,64,4,69,0,10,71,4,85,68,4,72,157
05/13/2002,FLG,AZ,AWP,WE,Federal Contract Tower,0,11,16,0,27,0,14,53,3,70,0,25,69,3,97,72,0,72,169
05/14/2002,FLG,AZ,AWP,WE,Federal Contract Tower,0,14,12,0,26,0,21,62,3,86,0,35,74,3,112,46,0,46,158
05/15/2002,FLG,AZ,AWP,WE,Federal Contract Tower,0,14,12,0,26,0,23,83,0,106,0,37,95,0,132,54,0,54,186
05/16/2002,FLG,AZ,AWP,WE,Federal Contract Tower,0,13,10,0,23,0,18,91,0,109,0,31,101,0,132,36,0,36,168
05/17/2002,FLG,AZ,AWP,WE,Federal Contract Tower,2,15,10,0,27,0,19,95,0,114,2,34,105,0,141,22,0,22,163
05/18/2002,FLG,AZ,AWP,WE,Federal Contract Tower,0,9,8,0,17,0,9,115,0,124,0,18,123,0,141,32,0,32,173
05/19/2002,FLG,AZ,AWP,WE,Federal Contract Tower,0,8,7,0,15,0,3,106,0,109,0,11,113,0,124,34,0,34,158
05/20/2002,FLG,AZ,AWP,WE,Federal Contract Tower,0,13,14,0,27,0,20,63,0,83,0,33,77,0,110,38,0,38,148
05/21/2002,FLG,AZ,AWP,WE,Federal Contract Tower,0,18,8,0,26,0,21,78,0,99,0,39,86,0,125,20,0,20,145
05/22/2002,FLG,AZ,AWP,WE,Federal Contract Tower,0,15,6,0,21,0,15,77,0,92,0,30,83,0,113,62,0,62,175
05/23/2002,FLG,AZ,AWP,WE,Federal Contract Tower,0,13,8,0,21,0,12,86,2,100,0,25,94,2,121,14,0,14,135
05/24/2002,FLG,AZ,AWP,WE,Federal Contract Tower,0,16,12,0,28,0,22,109,0,131,0,38,121,0,159,26,0,26,185
05/25/2002,FLG,AZ,AWP,WE,Federal Contract Tower,0,9,6,0,15,0,9,82,0,91,0,18,88,0,106,80,4,84,190
05/26/2002,FLG,AZ,AWP,WE,Federal Contract Tower,0,8,6,0,14,0,4,81,4,89,0,12,87,4,103,54,0,54,157
05/27/2002,FLG,AZ,AWP,WE,Federal Contract Tower,0,12,10,0,22,0,2,105,0,107,0,14,115,0,129,44,4,48,177
05/28/2002,FLG,AZ,AWP,WE,Federal Contract Tower,0,21,7,0,28,0,15,61,0,76,0,36,68,0,104,40,0,40,144
05/29/2002,FLG,AZ,AWP,WE,Federal Contract Tower,0,13,10,0,23,0,18,65,1,84,0,31,75,1,107,26,0,26,133
05/30/2002,FLG,AZ,AWP,WE,Federal Contract Tower,0,10,9,0,19,0,8,74,1,83,0,18,83,1,102,22,0,22,124
05/31/2002,FLG,AZ,AWP,WE,Federal Contract Tower,0,13,7,0,20,0,17,77,1,95,0,30,84,1,115,44,0,44,159
06/01/2002,FLG,AZ,AWP,WE,Federal Contract Tower,0,9,6,0,15,0,6,55,9,70,0,15,61,9,85,18,8,26,111
06/02/2002,FLG,AZ,AWP,WE,Federal Contract Tower,0,8,4,0,12,0,2,77,7,86,0,10,81,7,98,14,0,14,112
06/03/2002,FLG,AZ,AWP,WE,Federal Contract Tower,0,14,10,0,24,0,23,73,0,96,0,37,83,0,120,42,4,46,166
06/04/2002,FLG,AZ,AWP,WE,Federal Contract Tower,0,17,5,0,22,0,23,71,0,94,0,40,76,0,116,40,0,40,156
06/05/2002,FLG,AZ,AWP,WE,Federal Contract Tower,0,15,6,0,21,0,27,74,0,101,0,42,80,0,122,48,0,48,170
06/06/2002,FLG,AZ,AWP,WE,Federal Contract Tower,0,17,7,0,24,0,18,95,0,113,0,35,102,0,137,90,0,90,227
06/07/2002,FLG,AZ,AWP,WE,Federal Contract Tower,0,12,15,0,27,0,28,91,2,121,0,40,106,2,148,40,4,44,192
06/08/2002,FLG,AZ,AWP,WE,Federal Contract Tower,0,9,5,0,14,0,9,62,0,71,0,18,67,0,85,30,0,30,115
06/09/2002,FLG,AZ,AWP,WE,Federal Contract Tower,0,11,4,0,15,0,4,45,1,50,0,15,49,1,65,16,0,16,81
06/10/2002,FLG,AZ,AWP,WE,Federal Contract Tower,0,11,13,0,24,0,17,75,1,93,0,28,88,1,117,58,0,58,175
06/11/2002,FLG,AZ,AWP,WE,Federal Contract Tower,0,14,5,0,19,0,9,77,0,86,0,23,82,0,105,78,0,78,183
06/12/2002,FLG,AZ,AWP,WE,Federal Contract Tower,0,13,5,0,18,0,17,77,0,94,0,30,82,0,112,121,0,121,233
06/13/2002,FLG,AZ,AWP,WE,Federal Contract Tower,0,14,10,2,26,0,22,75,1,98,0,36,85,3,124,82,6,88,212
06/14/2002,FLG,AZ,AWP,WE,Federal Contract Tower,0,11,12,2,25,0,16,80,13,109,0,27,92,15,134,30,4,34,168
06/15/2002,FLG,AZ,AWP,WE,Federal Contract Tower,0,10,11,0,21,0,11,120,0,131,0,21,131,0,152,36,0,36,188
06/16/2002,FLG,AZ,AWP,WE,Federal Contract Tower,0,8,10,0,18,0,2,73,0,75,0,10,83,0,93,42,0,42,135
06/17/2002,FLG,AZ,AWP,WE,Federal Contract Tower,0,16,12,1,29,0,16,86,0,102,0,32,98,1,131,30,2,32,163
06/18/2002,FLG,AZ,AWP,WE,Federal Contract Tower,0,16,16,0,32,0,21,73,1,95,0,37,89,1,127,42,0,42,169
06/19/2002,FLG,AZ,AWP,WE,Federal Contract Tower,0,15,10,2,27,0,23,73,20,116,0,38,83,22,143,62,14,76,219
06/20/2002,FLG,AZ,AWP,WE,Federal Contract Tower,0,17,23,0,40,0,24,93,2,119,0,41,116,2,159,42,0,42,201
06/21/2002,FLG,AZ,AWP,WE,Federal Contract Tower,0,13,9,1,23,0,323,76,0,399,0,336,85,1,422,36,8,44,466
06/22/2002,FLG,AZ,AWP,WE,Federal Contract Tower,0,10,7,0,17,0,15,74,4,93,0,25,81,4,110,40,0,40,150
06/23/2002,FLG,AZ,AWP,WE,Federal Contract Tower,0,9,4,0,13,0,7,128,0,135,0,16,132,0,148,30,0,30,178
06/24/2002,FLG,AZ,AWP,WE,Federal Contract Tower,0,16,9,2,27,0,18,73,0,91,0,34,82,2,118,34,6,40,158
06/25/2002,FLG,AZ,AWP,WE,Federal Contract Tower,0,12,10,0,22,0,16,95,0,111,0,28,105,0,133,64,0,64,197
06/26/2002,FLG,AZ,AWP,WE,Federal Contract Tower,0,14,16,0,30,0,17,105,0,122,0,31,121,0,152,64,0,64,216
06/27/2002,FLG,AZ,AWP,WE,Federal Contract Tower,0,12,16,0,28,0,23,81,0,104,0,35,97,0,132,36,0,36,168
06/28/2002,FLG,AZ,AWP,WE,Federal Contract Tower,0,11,13,1,25,0,20,114,1,135,0,31,127,2,160,36,6,42,202
06/29/2002,FLG,AZ,AWP,WE,Federal Contract Tower,0,8,6,1,15,0,5,107,0,112,0,13,113,1,127,58,0,58,185
06/30/2002,FLG,AZ,AWP,WE,Federal Contract Tower,0,11,6,0,17,0,6,101,0,107,0,17,107,0,124,68,0,68,192
07/01/2002,FLG,AZ,AWP,WE,Federal Contract Tower,0,11,12,1,24,0,23,84,3,110,0,34,96,4,134,62,0,62,196
07/02/2002,FLG,AZ,AWP,WE,Federal Contract Tower,0,13,4,0,17,0,16,126,0,142,0,29,130,0,159,58,0,58,217
07/03/2002,FLG,AZ,AWP,WE,Federal Contract Tower,0,17,10,0,27,0,23,101,0,124,0,40,111,0,151,48,0,48,199
07/04/2002,FLG,AZ,AWP,WE,Federal Contract Tower,0,6,7,0,13,0,5,52,0,57,0,11,59,0,70,24,0,24,94
07/05/2002,FLG,AZ,AWP,WE,Federal Contract Tower,0,8,5,0,13,0,19,63,0,82,0,27,68,0,95,18,0,18,113
07/06/2002,FLG,AZ,AWP,WE,Federal Contract Tower,0,10,4,0,14,0,16,68,0,84,0,26,72,0,98,26,0,26,124
07/07/2002,FLG,AZ,AWP,WE,Federal Contract Tower,0,8,6,0,14,0,5,91,0,96,0,13,97,0,110,32,0,32,142
07/08/2002,FLG,AZ,AWP,WE,Federal Contract Tower,0,12,18,1,31,0,17,69,0,86,0,29,87,1,117,88,2,90,207
07/09/2002,FLG,AZ,AWP,WE,Federal Contract Tower,0,12,7,0,19,0,16,79,1,96,0,28,86,1,115,52,0,52,167
07/10/2002,FLG,AZ,AWP,WE,Federal Contract Tower,0,12,8,0,20,0,16,80,1,97,0,28,88,1,117,44,0,44,161
07/11/2002,FLG,AZ,AWP,WE,Federal Contract Tower,0,12,7,0,19,0,18,82,0,100,0,30,89,0,119,36,0,36,155
07/12/2002,FLG,AZ,AWP,WE,Federal Contract Tower,0,11,5,0,16,0,21,132,0,153,0,32,137,0,169,30,0,30,199
07/13/2002,FLG,AZ,AWP,WE,Federal Contract Tower,0,13,9,0,22,0,6,65,0,71,0,19,74,0,93,54,0,54,147
07/14/2002,FLG,AZ,AWP,WE,Federal Contract Tower,0,10,4,0,14,0,6,74,0,80,0,16,78,0,94,40,0,40,134
07/15/2002,FLG,AZ,AWP,WE,Federal Contract Tower,0,9,8,0,17,0,17,61,0,78,0,26,69,0,95,20,0,20,115
07/16/2002,FLG,AZ,AWP,WE,Federal Contract Tower,0,14,13,1,28,0,11,74,3,88,0,25,87,4,116,92,0,92,208
07/17/2002,FLG,AZ,AWP,WE,Federal Contract Tower,0,12,6,0,18,0,16,55,0,71,0,28,61,0,89,50,2,52,141
07/18/2002,FLG,AZ,AWP,WE,Federal Contract Tower,0,16,9,0,25,0,15,67,1,83,0,31,76,1,108,30,2,32,140
07/19/2002,FLG,AZ,AWP,WE,Federal Contract Tower,0,15,13,0,28,0,16,85,1,102,0,31,98,1,130,48,0,48,178
07/20/2002,FLG,AZ,AWP,WE,Federal Contract Tower,0,11,9,0,20,0,10,71,5,86,0,21,80,5,106,28,2,30,136
07/21/2002,FLG,AZ,AWP,WE,Federal Contract Tower,0,8,7,0,15,0,12,91,1,104,0,20,98,1,119,110,0,110,229
07/22/2002,FLG,AZ,AWP,WE,Federal Contract Tower,0,13,6,0,19,0,11,73,0,84,0,24,79,0,103,46,0,46,149
07/23/2002,FLG,AZ,AWP,WE,Federal Contract Tower,0,12,9,0,21,0,16,79,0,95,0,28,88,0,116,98,0,98,214
07/24/2002,FLG,AZ,AWP,WE,Federal Contract Tower,0,14,7,0,21,0,12,67,2,81,0,26,74,2,102,110,0,110,212
07/25/2002,FLG,AZ,AWP,WE,Federal Contract Tower,0,14,13,0,27,0,16,84,0,100,0,30,97,0,127,40,0,40,167
07/26/2002,FLG,AZ,AWP,WE,Federal Contract Tower,0,12,7,0,19,0,16,86,0,102,0,28,93,0,121,94,0,94,215
07/27/2002,FLG,AZ,AWP,WE,Federal Contract Tower,0,9,4,0,13,0,40,76,0,116,0,49,80,0,129,34,0,34,163
07/28/2002,FLG,AZ,AWP,WE,Federal Contract Tower,0,5,6,0,11,0,23,83,0,106,0,28,89,0,117,72,0,72,189
07/29/2002,FLG,AZ,AWP,WE,Federal Contract Tower,0,13,13,2,28,0,14,79,0,93,0,27,92,2,121,56,12,68,189
07/30/2002,FLG,AZ,AWP,WE,Federal Contract Tower,0,14,11,0,25,0,13,110,0,123,0,27,121,0,148,66,0,66,214
07/31/2002,FLG,AZ,AWP,WE,Federal Contract Tower,0,14,14,0,28,0,13,86,0,99,0,27,100,0,127,90,0,90,217
08/01/2002,FLG,AZ,AWP,WE,Federal Contract Tower,0,15,11,0,26,0,14,87,0,101,0,29,98,0,127,60,0,60,187
08/02/2002,FLG,AZ,AWP,WE,Federal Contract Tower,2,18,11,1,32,0,13,68,1,82,2,31,79,2,114,42,4,46,160
08/03/2002,FLG,AZ,AWP,WE,Federal Contract Tower,0,7,5,0,12,0,12,77,0,89,0,19,82,0,101,56,0,56,157
08/04/2002,FLG,AZ,AWP,WE,Federal Contract Tower,0,11,5,1,17,0,6,77,1,84,0,17,82,2,101,44,0,44,145
08/05/2002,FLG,AZ,AWP,WE,Federal Contract Tower,0,16,10,1,27,0,18,73,1,92,0,34,83,2,119,52,0,52,171
08/06/2002,FLG,AZ,AWP,WE,Federal Contract Tower,0,8,15,0,23,0,24,65,1,90,0,32,80,1,113,42,0,42,155
08/07/2002,FLG,AZ,AWP,WE,Federal Contract Tower,0,13,10,0,23,0,20,82,0,102,0,33,92,0,125,74,0,74,199
08/08/2002,FLG,AZ,AWP,WE,Federal Contract Tower,0,12,16,0,28,1,16,66,0,83,1,28,82,0,111,46,0,46,157
08/09/2002,FLG,AZ,AWP,WE,Federal Contract Tower,2,12,13,0,27,0,24,91,0,115,2,36,104,0,142,58,0,58,200
08/10/2002,FLG,AZ,AWP,WE,Federal Contract Tower,0,8,2,0,10,0,7,87,0,94,0,15,89,0,104,88,0,88,192
08/11/2002,FLG,AZ,AWP,WE,Federal Contract Tower,2,8,3,0,13,0,3,90,0,93,2,11,93,0,106,60,0,60,166
08/12/2002,FLG,AZ,AWP,WE,Federal Contract Tower,0,17,13,0,30,0,20,116,0,136,0,37,129,0,166,62,0,62,228
08/13/2002,FLG,AZ,AWP,WE,Federal Contract Tower,0,16,10,0,26,0,16,78,2,96,0,32,88,2,122,30,2,32,154
08/14/2002,FLG,AZ,AWP,WE,Federal Contract Tower,0,11,8,0,19,0,19,74,0,93,0,30,82,0,112,22,0,22,134
08/15/2002,FLG,AZ,AWP,WE,Federal Contract Tower,0,12,8,1,21,0,8,60,0,68,0,20,68,1,89,32,10,42,131
08/16/2002,FLG,AZ,AWP,WE,Federal Contract Tower,0,14,10,0,24,1,19,84,22,126,1,33,94,22,150,20,0,20,170
08/17/2002,FLG,AZ,AWP,WE,Federal Contract Tower,0,11,2,0,13,0,3,103,7,113,0,14,105,7,126,50,2,52,178
08/18/2002,FLG,AZ,AWP,WE,Federal Contract Tower,0,11,6,0,17,0,3,82,2,87,0,14,88,2,104,16,0,16,120
08/19/2002,FLG,AZ,AWP,WE,Federal Contract Tower,0,10,9,0,19,0,15,66,0,81,0,25,75,0,100,58,0,58,158
08/20/2002,FLG,AZ,AWP,WE,Federal Contract Tower,0,15,13,0,28,0,8,69,1,78,0,23,82,1,106,28,0,28,134
08/21/2002,FLG,AZ,AWP,WE,Federal Contract Tower,0,11,2,0,13,0,17,74,0,91,0,28,76,0,104,78,0,78,182
08/22/2002,FLG,AZ,AWP,WE,Federal Contract Tower,0,19,9,0,28,0,18,95,0,113,0,37,104,0,141,28,0,28,169
08/23/2002,FLG,AZ,AWP,WE,Federal Contract Tower,0,13,7,0,20,0,13,102,2,117,0,26,109,2,137,42,4,46,183
08/24/2002,FLG,AZ,AWP,WE,Federal Contract Tower,0,8,2,0,10,0,7,128,0,135,0,15,130,0,145,70,0,70,215
08/25/2002,FLG,AZ,AWP,WE,Federal Contract Tower,0,9,3,0,12,0,2,114,0,116,0,11,117,0,128,36,0,36,164
08/26/2002,FLG,AZ,AWP,WE,Federal Contract Tower,0,13,3,0,16,0,18,87,0,105,0,31,90,0,121,70,0,70,191
08/27/2002,FLG,AZ,AWP,WE,Federal Contract Tower,0,15,12,0,27,0,11,84,1,96,0,26,96,1,123,64,1,65,188
08/28/2002,FLG,AZ,AWP,WE,Federal Contract Tower,0,11,8,0,19,0,17,78,0,95,0,28,86,0,114,60,0,60,174
08/29/2002,FLG,AZ,AWP,WE,Federal Contract Tower,0,15,5,0,20,0,15,86,0,101,0,30,91,0,121,104,0,104,225
08/30/2002,FLG,AZ,AWP,WE,Federal Contract Tower,0,17,6,0,23,0,21,110,0,131,0,38,116,0,154,62,2,64,218
08/31/2002,FLG,AZ,AWP,WE,Federal Contract Tower,0,8,4,0,12,0,10,84,0,94,0,18,88,0,106,12,0,12,118
09/01/2002,FLG,AZ,AWP,WE,Federal Contract Tower,0,6,6,0,12,0,0,91,0,91,0,6,97,0,103,34,0,34,137
09/02/2002,FLG,AZ,AWP,WE,Federal Contract Tower,0,9,2,0,11,0,6,93,0,99,0,15,95,0,110,26,0,26,136
09/03/2002,FLG,AZ,AWP,WE,Federal Contract Tower,0,9,9,0,18,0,22,96,0,118,0,31,105,0,136,52,0,52,188
09/04/2002,FLG,AZ,AWP,WE,Federal Contract Tower,0,12,10,2,24,0,12,67,2,81,0,24,77,4,105,94,6,100,205
09/05/2002,FLG,AZ,AWP,WE,Federal Contract Tower,0,13,10,2,25,0,15,93,2,110,0,28,103,4,135,96,6,102,237
09/06/2002,FLG,AZ,AWP,WE,Federal Contract Tower,0,15,6,0,21,0,12,52,0,64,0,27,58,0,85,34,0,34,119
09/07/2002,FLG,AZ,AWP,WE,Federal Contract Tower,0,16,12,0,28,0,1,17,0,18,0,17,29,0,46,12,0,12,58
09/08/2002,FLG,AZ,AWP,WE,Federal Contract Tower,0,10,12,0,22,0,3,33,0,36,0,13,45,0,58,32,0,32,90
09/09/2002,FLG,AZ,AWP,WE,Federal Contract Tower,0,18,16,0,34,0,14,59,0,73,0,32,75,0,107,96,0,96,203
09/10/2002,FLG,AZ,AWP,WE,Federal Contract Tower,0,21,11,0,32,0,8,59,30,97,0,29,70,30,129,32,0,32,161
09/11/2002,FLG,AZ,AWP,WE,Federal Contract Tower,0,16,10,0,26,0,9,35,32,76,0,25,45,32,102,4,18,22,124
09/12/2002,FLG,AZ,AWP,WE,Federal Contract Tower,0,13,13,0,26,0,11,91,3,105,0,24,104,3,131,24,2,26,157
09/13/2002,FLG,AZ,AWP,WE,Federal Contract Tower,0,16,9,0,25,0,14,98,2,114,0,30,107,2,139,28,0,28,167
09/14/2002,FLG,AZ,AWP,WE,Federal Contract Tower,0,11,7,0,18,0,9,78,0,87,0,20,85,0,105,24,0,24,129
09/15/2002,FLG,AZ,AWP,WE,Federal Contract Tower,0,8,7,2,17,0,4,76,1,81,0,12,83,3,98,26,0,26,124
09/16/2002,FLG,AZ,AWP,WE,Federal Contract Tower,0,12,6,0,18,0,23,82,3,108,0,35,88,3,126,66,0,66,192
09/17/2002,FLG,AZ,AWP,WE,Federal Contract Tower,0,14,10,0,24,0,18,79,0,97,0,32,89,0,121,32,0,32,153
09/18/2002,FLG,AZ,AWP,WE,Federal Contract Tower,0,16,24,0,40,0,9,86,1,96,0,25,110,1,136,88,0,88,224
09/19/2002,FLG,AZ,AWP,WE,Federal Contract Tower,0,10,12,0,22,0,13,72,0,85,0,23,84,0,107,20,0,20,127
09/20/2002,FLG,AZ,AWP,WE,Federal Contract Tower,0,12,9,2,23,0,21,66,1,88,0,33,75,3,111,36,8,44,155
09/21/2002,FLG,AZ,AWP,WE,Federal Contract Tower,0,9,6,0,15,0,9,94,0,103,0,18,100,0,118,40,0,40,158
09/22/2002,FLG,AZ,AWP,WE,Federal Contract Tower,0,10,9,0,19,0,11,91,0,102,0,21,100,0,121,50,0,50,171
09/23/2002,FLG,AZ,AWP,WE,Federal Contract Tower,0,12,10,0,22,0,22,84,2,108,0,34,94,2,130,56,0,56,186
09/24/2002,FLG,AZ,AWP,WE,Federal Contract Tower,0,15,9,2,26,0,17,75,0,92,0,32,84,2,118,82,4,86,204
09/25/2002,FLG,AZ,AWP,WE,Federal Contract Tower,0,15,8,0,23,0,10,457,21,488,0,25,465,21,511,84,4,88,599
09/26/2002,FLG,AZ,AWP,WE,Federal Contract Tower,0,13,16,1,30,0,13,82,0,95,0,26,98,1,125,82,0,82,207
09/27/2002,FLG,AZ,AWP,WE,Federal Contract Tower,2,15,17,2,36,2,27,77,0,106,4,42,94,2,142,22,4,26,168
09/28/2002,FLG,AZ,AWP,WE,Federal Contract Tower,0,11,7,2,20,0,3,72,0,75,0,14,79,2,95,16,0,16,111
09/29/2002,FLG,AZ,AWP,WE,Federal Contract Tower,0,7,9,0,16,0,3,71,0,74,0,10,80,0,90,14,0,14,104
09/30/2002,FLG,AZ,AWP,WE,Federal Contract Tower,0,8,11,0,19,0,20,90,0,110,0,28,101,0,129,46,0,46,175
10/01/2002,FLG,AZ,AWP,WE,Federal Contract Tower,0,10,5,0,15,0,16,52,0,68,0,26,57,0,83,28,0,28,111
10/02/2002,FLG,AZ,AWP,WE,Federal Contract Tower,0,9,7,0,16,0,7,22,0,29,0,16,29,0,45,0,0,0,45
10/03/2002,FLG,AZ,AWP,WE,Federal Contract Tower,0,8,11,0,19,0,17,54,0,71,0,25,65,0,90,64,0,64,154
10/04/2002,FLG,AZ,AWP,WE,Federal Contract Tower,0,10,11,0,21,0,16,85,0,101,0,26,96,0,122,68,0,68,190
10/05/2002,FLG,AZ,AWP,WE,Federal Contract Tower,0,8,2,0,10,0,10,95,0,105,0,18,97,0,115,50,2,52,167
10/06/2002,FLG,AZ,AWP,WE,Federal Contract Tower,0,11,8,0,19,0,0,108,0,108,0,11,116,0,127,36,0,36,163
10/07/2002,FLG,AZ,AWP,WE,Federal Contract Tower,0,7,6,2,15,0,26,46,0,72,0,33,52,2,87,32,0,32,119
10/08/2002,FLG,AZ,AWP,WE,Federal Contract Tower,0,9,3,0,12,0,19,59,0,78,0,28,62,0,90,40,0,40,130
10/09/2002,FLG,AZ,AWP,WE,Federal Contract Tower,0,11,7,1,19,0,25,98,1,124,0,36,105,2,143,36,0,36,179
10/10/2002,FLG,AZ,AWP,WE,Federal Contract Tower,0,11,4,0,15,0,23,81,0,104,0,34,85,0,119,72,0,72,191
10/11/2002,FLG,AZ,AWP,WE,Federal Contract Tower,0,11,3,0,14,0,19,63,0,82,0,30,66,0,96,32,0,32,128
10/12/2002,FLG,AZ,AWP,WE,Federal Contract Tower,0,6,4,0,10,0,6,75,0,81,0,12,79,0,91,72,2,74,165
10/13/2002,FLG,AZ,AWP,WE,Federal Contract Tower,0,5,11,0,16,0,6,105,0,111,0,11,116,0,127,66,0,66,193
10/14/2002,FLG,AZ,AWP,WE,Federal Contract Tower,0,9,6,0,15,0,19,74,0,93,0,28,80,0,108,70,0,70,178
10/15/2002,FLG,AZ,AWP,WE,Federal Contract Tower,0,8,9,2,19,0,22,62,0,84,0,30,71,2,103,56,0,56,159
10/16/2002,FLG,AZ,AWP,WE,Federal Contract Tower,0,9,4,0,13,0,15,46,0,61,0,24,50,0,74,46,0,46,120
10/17/2002,FLG,AZ,AWP,WE,Federal Contract Tower,0,5,13,0,18,0,18,55,0,73,0,23,68,0,91,16,0,16,107
10/18/2002,FLG,AZ,AWP,WE,Federal Contract Tower,0,8,5,1,14,0,16,52,1,69,0,24,57,2,83,42,0,42,125
10/19/2002,FLG,AZ,AWP,WE,Federal Contract Tower,0,6,4,0,10,0,11,71,0,82,0,17,75,0,92,58,0,58,150
10/20/2002,FLG,AZ,AWP,WE,Federal Contract Tower,0,11,2,0,13,0,4,72,0,76,0,15,74,0,89,52,0,52,141
10/21/2002,FLG,AZ,AWP,WE,Federal Contract Tower,0,9,8,0,17,0,16,53,0,69,0,25,61,0,86,20,0,20,106
10/22/2002,FLG,AZ,AWP,WE,Federal Contract Tower,0,14,4,0,18,0,16,57,0,73,0,30,61,0,91,20,0,20,111
10/23/2002,FLG,AZ,AWP,WE,Federal Contract Tower,0,7,16,0,23,0,11,20,0,31,0,18,36,0,54,8,0,8,62
10/24/2002,FLG,AZ,AWP,WE,Federal Contract Tower,0,12,5,1,18,0,14,48,0,62,0,26,53,1,80,42,2,44,124
10/25/2002,FLG,AZ,AWP,WE,Federal Contract Tower,0,11,8,1,20,0,22,71,0,93,0,33,79,1,113,28,0,28,141
10/26/2002,FLG,AZ,AWP,WE,Federal Contract Tower,0,13,7,1,21,0,10,21,0,31,0,23,28,1,52,22,0,22,74
10/27/2002,FLG,AZ,AWP,WE,Federal Contract Tower,0,11,10,0,21,0,3,14,0,17,0,14,24,0,38,6,0,6,44
10/28/2002,FLG,AZ,AWP,WE,Federal Contract Tower,0,13,10,0,23,0,17,59,0,76,0,30,69,0,99,44,0,44,143
10/29/2002,FLG,AZ,AWP,WE,Federal Contract Tower,0,23,9,0,32,0,6,46,0,52,0,29,55,0,84,18,0,18,102
10/30/2002,FLG,AZ,AWP,WE,Federal Contract Tower,0,13,8,0,21,0,10,48,2,60,0,23,56,2,81,18,0,18,99
10/31/2002,FLG,AZ,AWP,WE,Federal Contract Tower,0,13,5,1,19,0,20,60,1,81,0,33,65,2,100,46,8,54,154
11/01/2002,FLG,AZ,AWP,WE,Federal Contract Tower,0,10,4,1,15,0,14,75,1,90,0,24,79,2,105,42,0,42,147
11/02/2002,FLG,AZ,AWP,WE,Federal Contract Tower,0,8,4,0,12,0,4,69,0,73,0,12,73,0,85,42,0,42,127
11/03/2002,FLG,AZ,AWP,WE,Federal Contract Tower,0,9,2,0,11,0,1,78,1,80,0,10,80,1,91,52,0,52,143
11/04/2002,FLG,AZ,AWP,WE,Federal Contract Tower,0,13,9,0,22,0,18,60,0,78,0,31,69,0,100,76,3,79,179
11/05/2002,FLG,AZ,AWP,WE,Federal Contract Tower,0,11,8,0,19,0,9,47,0,56,0,20,55,0,75,10,0,10,85
11/06/2002,FLG,AZ,AWP,WE,Federal Contract Tower,0,10,9,0,19,0,13,81,0,94,0,23,90,0,113,48,0,48,161
11/07/2002,FLG,AZ,AWP,WE,Federal Contract Tower,0,13,3,0,16,0,15,52,1,68,0,28,55,1,84,8,2,10,94
11/08/2002,FLG,AZ,AWP,WE,Federal Contract Tower,0,17,17,0,34,0,9,17,0,26,0,26,34,0,60,4,0,4,64
11/09/2002,FLG,AZ,AWP,WE,Federal Contract Tower,0,10,13,0,23,0,3,0,0,3,0,13,13,0,26,12,0,12,38
11/10/2002,FLG,AZ,AWP,WE,Federal Contract Tower,0,7,3,0,10,0,1,36,1,38,0,8,39,1,48,28,0,28,76
11/11/2002,FLG,AZ,AWP,WE,Federal Contract Tower,0,7,4,0,11,0,6,30,1,37,0,13,34,1,48,28,0,28,76
11/12/2002,FLG,AZ,AWP,WE,Federal Contract Tower,0,10,11,0,21,0,3,28,0,31,0,13,39,0,52,42,0,42,94
11/13/2002,FLG,AZ,AWP,WE,Federal Contract Tower,0,8,3,0,11,0,26,32,1,59,0,34,35,1,70,82,0,82,152
11/14/2002,FLG,AZ,AWP,WE,Federal Contract Tower,0,11,8,0,19,0,17,79,2,98,0,28,87,2,117,46,0,46,163
11/15/2002,FLG,AZ,AWP,WE,Federal Contract Tower,0,12,10,0,22,0,18,32,0,50,0,30,42,0,72,16,2,18,90
11/16/2002,FLG,AZ,AWP,WE,Federal Contract Tower,0,7,3,0,10,0,6,97,0,103,0,13,100,0,113,34,0,34,147
11/17/2002,FLG,AZ,AWP,WE,Federal Contract Tower,0,7,7,0,14,0,8,85,0,93,0,15,92,0,107,64,0,64,171
11/18/2002,FLG,AZ,AWP,WE,Federal Contract Tower,0,9,5,4,18,0,19,48,1,68,0,28,53,5,86,40,0,40,126
11/19/2002,FLG,AZ,AWP,WE,Federal Contract Tower,0,12,4,2,18,0,23,90,0,113,0,35,94,2,131,24,0,24,155
11/20/2002,FLG,AZ,AWP,WE,Federal Contract Tower,0,12,2,0,14,0,22,58,2,82,0,34,60,2,96,34,0,34,130
11/21/2002,FLG,AZ,AWP,WE,Federal Contract Tower,0,9,3,2,14,0,18,66,0,84,0,27,69,2,98,74,4,78,176
11/22/2002,FLG,AZ,AWP,WE,Federal Contract Tower,0,11,6,2,19,0,20,66,0,86,0,31,72,2,105,36,0,36,141
11/23/2002,FLG,AZ,AWP,WE,Federal Contract Tower,0,9,0,0,9,0,5,63,0,68,0,14,63,0,77,34,0,34,111
11/24/2002,FLG,AZ,AWP,WE,Federal Contract Tower,0,9,0,0,9,0,7,79,1,87,0,16,79,1,96,80,0,80,176
11/25/2002,FLG,AZ,AWP,WE,Federal Contract Tower,0,13,7,0,20,0,12,21,0,33,0,25,28,0,53,24,0,24,77
11/26/2002,FLG,AZ,AWP,WE,Federal Contract Tower,0,14,7,0,21,0,16,62,1,79,0,30,69,1,100,24,0,24,124
11/27/2002,FLG,AZ,AWP,WE,Federal Contract Tower,0,15,9,0,24,0,17,57,4,78,0,32,66,4,102,42,0,42,144
11/28/2002,FLG,AZ,AWP,WE,Federal Contract Tower,0,4,0,0,4,0,1,26,0,27,0,5,26,0,31,22,0,22,53
11/29/2002,FLG,AZ,AWP,WE,Federal Contract Tower,0,8,1,0,9,0,23,42,0,65,0,31,43,0,74,42,0,42,116
11/30/2002,FLG,AZ,AWP,WE,Federal Contract Tower,0,10,7,0,17,0,1,0,0,1,0,11,7,0,18,0,0,0,18
12/01/2002,FLG,AZ,AWP,WE,Federal Contract Tower,0,9,1,1,11,0,3,76,1,80,0,12,77,2,91,60,0,60,151
12/02/2002,FLG,AZ,AWP,WE,Federal Contract Tower,0,16,9,1,26,0,9,18,0,27,0,25,27,1,53,14,0,14,67
12/03/2002,FLG,AZ,AWP,WE,Federal Contract Tower,0,20,12,0,32,0,7,18,0,25,0,27,30,0,57,8,0,8,65
12/04/2002,FLG,AZ,AWP,WE,Federal Contract Tower,0,10,3,0,13,0,28,86,0,114,0,38,89,0,127,60,0,60,187
12/05/2002,FLG,AZ,AWP,WE,Federal Contract Tower,0,10,4,0,14,0,12,72,0,84,0,22,76,0,98,28,0,28,126
12/06/2002,FLG,AZ,AWP,WE,Federal Contract Tower,0,11,11,2,24,0,12,71,0,83,0,23,82,2,107,54,0,54,161
12/07/2002,FLG,AZ,AWP,WE,Federal Contract Tower,0,5,9,0,14,0,5,34,0,39,0,10,43,0,53,64,0,64,117
12/08/2002,FLG,AZ,AWP,WE,Federal Contract Tower,0,6,3,0,9,0,6,76,0,82,0,12,79,0,91,48,0,48,139
12/09/2002,FLG,AZ,AWP,WE,Federal Contract Tower,0,10,7,0,17,0,17,36,0,53,0,27,43,0,70,22,0,22,92
12/10/2002,FLG,AZ,AWP,WE,Federal Contract Tower,0,10,8,0,18,0,20,67,0,87,0,30,75,0,105,50,2,52,157
12/11/2002,FLG,AZ,AWP,WE,Federal Contract Tower,0,9,6,5,20,0,14,44,3,61,0,23,50,8,81,42,4,46,127
12/12/2002,FLG,AZ,AWP,WE,Federal Contract Tower,0,11,3,0,14,0,20,71,0,91,0,31,74,0,105,48,0,48,153
12/13/2002,FLG,AZ,AWP,WE,Federal Contract Tower,0,11,5,1,17,0,11,85,1,97,0,22,90,2,114,72,6,78,192
12/14/2002,FLG,AZ,AWP,WE,Federal Contract Tower,0,7,3,0,10,0,5,93,0,98,0,12,96,0,108,40,2,42,150
12/15/2002,FLG,AZ,AWP,WE,Federal Contract Tower,0,7,6,0,13,0,7,83,0,90,0,14,89,0,103,58,0,58,161
12/16/2002,FLG,AZ,AWP,WE,Federal Contract Tower,0,12,9,0,21,0,21,41,0,62,0,33,50,0,83,24,2,26,109
12/17/2002,FLG,AZ,AWP,WE,Federal Contract Tower,0,15,18,1,34,0,13,7,1,21,0,28,25,2,55,0,0,0,55
12/18/2002,FLG,AZ,AWP,WE,Federal Contract Tower,0,22,12,0,34,0,6,10,0,16,0,28,22,0,50,0,0,0,50
12/19/2002,FLG,AZ,AWP,WE,Federal Contract Tower,0,11,4,0,15,0,23,74,3,100,0,34,78,3,115,38,2,40,155
12/20/2002,FLG,AZ,AWP,WE,Federal Contract Tower,0,7,10,0,17,0,16,26,0,42,0,23,36,0,59,34,2,36,95
12/21/2002,FLG,AZ,AWP,WE,Federal Contract Tower,0,16,6,0,22,0,6,16,0,22,0,22,22,0,44,22,0,22,66
12/22/2002,FLG,AZ,AWP,WE,Federal Contract Tower,0,7,7,0,14,0,0,2,0,2,0,7,9,0,16,4,0,4,20
12/23/2002,FLG,AZ,AWP,WE,Federal Contract Tower,0,18,7,0,25,0,2,0,0,2,0,20,7,0,27,0,0,0,27
12/24/2002,FLG,AZ,AWP,WE,Federal Contract Tower,0,22,7,0,29,0,7,6,0,13,0,29,13,0,42,0,0,0,42
12/25/2002,FLG,AZ,AWP,WE,Federal Contract Tower,0,7,2,0,9,0,0,21,0,21,0,7,23,0,30,8,0,8,38
12/26/2002,FLG,AZ,AWP,WE,Federal Contract Tower,0,11,6,0,17,0,17,67,1,85,0,28,73,1,102,36,2,38,140
12/27/2002,FLG,AZ,AWP,WE,Federal Contract Tower,0,13,8,0,21,0,19,64,0,83,0,32,72,0,104,62,0,62,166
12/28/2002,FLG,AZ,AWP,WE,Federal Contract Tower,0,7,3,0,10,0,7,64,0,71,0,14,67,0,81,54,0,54,135
12/29/2002,FLG,AZ,AWP,WE,Federal Contract Tower,0,8,6,0,14,0,2,13,0,15,0,10,19,0,29,10,0,10,39
12/30/2002,FLG,AZ,AWP,WE,Federal Contract Tower,0,10,4,2,16,0,18,53,0,71,0,28,57,2,87,30,0,30,117
12/31/2002,FLG,AZ,AWP,WE,Federal Contract Tower,0,12,5,2,19,0,13,37,2,52,0,25,42,4,71,14,4,18,89
01/01/2003,FLG,AZ,AWP,WE,Federal Contract Tower,0,4,1,0,5,0,3,24,0,27,0,7,25,0,32,6,0,6,38
01/02/2003,FLG,AZ,AWP,WE,Federal Contract Tower,0,11,4,2,17,0,19,35,0,54,0,30,39,2,71,30,0,30,101
01/03/2003,FLG,AZ,AWP,WE,Federal Contract Tower,0,10,2,3,15,0,13,57,1,71,0,23,59,4,86,62,6,68,154
01/04/2003,FLG,AZ,AWP,WE,Federal Contract Tower,0,7,5,0,12,0,10,76,0,86,0,17,81,0,98,46,0,46,144
01/05/2003,FLG,AZ,AWP,WE,Federal Contract Tower,0,7,4,0,11,0,7,75,0,82,0,14,79,0,93,58,0,58,151
01/06/2003,FLG,AZ,AWP,WE,Federal Contract Tower,0,11,7,0,18,0,8,4,0,12,0,19,11,0,30,0,0,0,30
01/07/2003,FLG,AZ,AWP,WE,Federal Contract Tower,0,12,3,0,15,0,17,29,0,46,0,29,32,0,61,34,0,34,95
01/08/2003,FLG,AZ,AWP,WE,Federal Contract Tower,0,13,9,0,22,0,9,14,0,23,0,22,23,0,45,14,0,14,59
01/09/2003,FLG,AZ,AWP,WE,Federal Contract Tower,0,20,15,1,36,0,6,15,0,21,0,26,30,1,57,12,2,14,71
01/10/2003,FLG,AZ,AWP,WE,Federal Contract Tower,0,19,10,0,29,0,11,54,4,69,0,30,64,4,98,34,0,34,132
01/11/2003,FLG,AZ,AWP,WE,Federal Contract Tower,0,9,4,0,13,0,7,81,2,90,0,16,85,2,103,58,2,60,163
01/12/2003,FLG,AZ,AWP,WE,Federal Contract Tower,0,8,7,4,19,0,10,112,0,122,0,18,119,4,141,76,10,86,227
01/13/2003,FLG,AZ,AWP,WE,Federal Contract Tower,0,12,5,0,17,0,16,66,0,82,0,28,71,0,99,42,0,42,141
01/14/2003,FLG,AZ,AWP,WE,Federal Contract Tower,0,12,13,0,25,0,14,85,2,101,0,26,98,2,126,48,0,48,174
01/15/2003,FLG,AZ,AWP,WE,Federal Contract Tower,0,12,6,1,19,0,16,55,12,83,0,28,61,13,102,50,0,50,152
01/16/2003,FLG,AZ,AWP,WE,Federal Contract Tower,0,13,4,0,17,0,22,52,7,81,0,35,56,7,98,60,0,60,158
01/17/2003,FLG,AZ,AWP,WE,Federal Contract Tower,0,11,5,0,16,0,9,87,0,96,0,20,92,0,112,74,0,74,186
01/18/2003,FLG,AZ,AWP,WE,Federal Contract Tower,0,8,4,0,12,0,13,104,24,141,0,21,108,24,153,48,0,48,201
01/19/2003,FLG,AZ,AWP,WE,Federal Contract Tower,0,5,2,0,7,0,4,99,6,109,0,9,101,6,116,68,0,68,184
01/20/2003,FLG,AZ,AWP,WE,Federal Contract Tower,0,13,7,0,20,0,6,44,2,52,0,19,51,2,72,74,0,74,146
01/21/2003,FLG,AZ,AWP,WE,Federal Contract Tower,0,14,7,0,21,0,13,45,1,59,0,27,52,1,80,8,0,8,88
01/22/2003,FLG,AZ,AWP,WE,Federal Contract Tower,0,12,6,0,18,0,10,51,0,61,0,22,57,0,79,100,0,100,179
01/23/2003,FLG,AZ,AWP,WE,Federal Contract Tower,0,11,5,0,16,0,22,68,0,90,0,33,73,0,106,86,0,86,192
01/24/2003,FLG,AZ,AWP,WE,Federal Contract Tower,0,14,7,0,21,0,17,97,0,114,0,31,104,0,135,86,0,86,221
01/25/2003,FLG,AZ,AWP,WE,Federal Contract Tower,0,8,4,0,12,0,5,102,2,109,0,13,106,2,121,88,2,90,211
01/26/2003,FLG,AZ,AWP,WE,Federal Contract Tower,0,10,5,0,15,0,5,65,3,73,0,15,70,3,88,34,4,38,126
01/27/2003,FLG,AZ,AWP,WE,Federal Contract Tower,0,13,6,0,19,0,14,76,2,92,0,27,82,2,111,72,0,72,183
01/28/2003,FLG,AZ,AWP,WE,Federal Contract Tower,0,19,10,0,29,0,21,55,0,76,0,40,65,0,105,56,0,56,161
01/29/2003,FLG,AZ,AWP,WE,Federal Contract Tower,0,11,6,0,17,0,15,47,0,62,0,26,53,0,79,24,0,24,103
01/30/2003,FLG,AZ,AWP,WE,Federal Contract Tower,0,11,6,0,17,0,16,60,3,79,0,27,66,3,96,68,4,72,168
01/31/2003,FLG,AZ,AWP,WE,Federal Contract Tower,0,12,6,0,18,0,15,96,0,111,0,27,102,0,129,84,0,84,213
02/01/2003,FLG,AZ,AWP,WE,Federal Contract Tower,0,7,0,2,9,0,4,73,0,77,0,11,73,2,86,90,0,90,176
02/02/2003,FLG,AZ,AWP,WE,Federal Contract Tower,0,8,3,0,11,0,4,22,0,26,0,12,25,0,37,6,0,6,43
02/03/2003,FLG,AZ,AWP,WE,Federal Contract Tower,0,12,6,0,18,0,14,66,0,80,0,26,72,0,98,52,0,52,150
02/04/2003,FLG,AZ,AWP,WE,Federal Contract Tower,0,16,7,0,23,0,16,70,0,86,0,32,77,0,109,80,0,80,189
02/05/2003,FLG,AZ,AWP,WE,Federal Contract Tower,0,10,9,0,19,0,19,54,0,73,0,29,63,0,92,48,0,48,140
02/06/2003,FLG,AZ,AWP,WE,Federal Contract Tower,0,10,9,0,19,0,20,56,0,76,0,30,65,0,95,72,2,74,169
02/07/2003,FLG,AZ,AWP,WE,Federal Contract Tower,0,13,10,0,23,0,9,48,0,57,0,22,58,0,80,20,0,20,100
02/08/2003,FLG,AZ,AWP,WE,Federal Contract Tower,0,12,5,0,17,0,0,7,0,7,0,12,12,0,24,4,0,4,28
02/09/2003,FLG,AZ,AWP,WE,Federal Contract Tower,0,7,2,0,9,0,6,107,0,113,0,13,109,0,122,38,0,38,160
02/10/2003,FLG,AZ,AWP,WE,Federal Contract Tower,0,10,4,2,16,0,12,71,0,83,0,22,75,2,99,76,0,76,175
02/11/2003,FLG,AZ,AWP,WE,Federal Contract Tower,0,12,9,0,21,0,12,34,2,48,0,24,43,2,69,48,0,48,117
02/12/2003,FLG,AZ,AWP,WE,Federal Contract Tower,0,13,10,0,23,0,15,19,0,34,0,28,29,0,57,14,0,14,71
02/13/2003,FLG,AZ,AWP,WE,Federal Contract Tower,0,26,16,0,42,0,1,0,0,1,0,27,16,0,43,0,0,0,43
02/14/2003,FLG,AZ,AWP,WE,Federal Contract Tower,0,20,13,0,33,0,5,1,0,6,0,25,14,0,39,8,0,8,47
02/15/2003,FLG,AZ,AWP,WE,Federal Contract Tower,0,10,9,0,19,0,4,41,0,45,0,14,50,0,64,20,0,20,84
02/16/2003,FLG,AZ,AWP,WE,Federal Contract Tower,0,5,3,0,8,0,1,70,2,73,0,6,73,2,81,54,4,58,139
02/17/2003,FLG,AZ,AWP,WE,Federal Contract Tower,0,10,11,0,21,0,11,63,0,74,0,21,74,0,95,92,0,92,187
02/18/2003,FLG,AZ,AWP,WE,Federal Contract Tower,0,11,13,0,24,0,22,28,1,51,0,33,41,1,75,42,2,44,119
02/19/2003,FLG,AZ,AWP,WE,Federal Contract Tower,0,12,6,0,18,0,15,82,1,98,0,27,88,1,116,84,4,88,204
02/20/2003,FLG,AZ,AWP,WE,Federal Contract Tower,0,14,9,0,23,0,23,44,0,67,0,37,53,0,90,28,0,28,118
02/21/2003,FLG,AZ,AWP,WE,Federal Contract Tower,0,12,8,0,20,0,19,65,1,85,0,31,73,1,105,72,2,74,179
02/22/2003,FLG,AZ,AWP,WE,Federal Contract Tower,0,11,3,0,14,0,7,35,1,43,0,18,38,1,57,10,0,10,67
02/23/2003,FLG,AZ,AWP,WE,Federal Contract Tower,0,8,2,0,10,0,5,61,0,66,0,13,63,0,76,50,0,50,126
02/24/2003,FLG,AZ,AWP,WE,Federal Contract Tower,0,11,7,0,18,0,17,20,0,37,0,28,27,0,55,12,0,12,67
02/25/2003,FLG,AZ,AWP,WE,Federal Contract Tower,0,14,6,0,20,0,1,3,0,4,0,15,9,0,24,0,0,0,24
02/26/2003,FLG,AZ,AWP,WE,Federal Contract Tower,0,25,13,0,38,0,1,2,0,3,0,26,15,0,41,0,0,0,41
02/27/2003,FLG,AZ,AWP,WE,Federal Contract Tower,0,11,4,0,15,0,0,0,0,0,0,11,4,0,15,0,0,0,15
02/28/2003,FLG,AZ,AWP,WE,Federal Contract Tower,0,17,16,0,33,0,6,0,0,6,0,23,16,0,39,8,0,8,47
03/01/2003,FLG,AZ,AWP,WE,Federal Contract Tower,0,8,9,0,17,0,2,1,0,3,0,10,10,0,20,10,0,10,30
03/02/2003,FLG,AZ,AWP,WE,Federal Contract Tower,0,9,0,0,9,10,14,0,33,57,10,23,0,33,66,8,0,8,74
03/03/2003,FLG,AZ,AWP,WE,Federal Contract Tower,0,10,5,0,15,0,14,57,0,71,0,24,62,0,86,80,0,80,166
03/04/2003,FLG,AZ,AWP,WE,Federal Contract Tower,0,21,19,0,40,0,9,9,0,18,0,30,28,0,58,12,0,12,70
03/05/2003,FLG,AZ,AWP,WE,Federal Contract Tower,0,11,13,0,24,0,11,24,0,35,0,22,37,0,59,22,0,22,81
03/06/2003,FLG,AZ,AWP,WE,Federal Contract Tower,0,12,3,0,15,0,23,86,3,112,0,35,89,3,127,40,2,42,169
03/07/2003,FLG,AZ,AWP,WE,Federal Contract Tower,0,15,7,1,23,0,19,86,2,107,0,34,93,3,130,56,0,56,186
03/08/2003,FLG,AZ,AWP,WE,Federal Contract Tower,0,6,4,2,12,0,7,77,0,84,0,13,81,2,96,24,2,26,122
03/09/2003,FLG,AZ,AWP,WE,Federal Contract Tower,0,7,3,0,10,0,3,82,0,85,0,10,85,0,95,42,0,42,137
03/10/2003,FLG,AZ,AWP,WE,Federal Contract Tower,0,9,6,0,15,0,14,36,0,50,0,23,42,0,65,32,0,32,97
03/11/2003,FLG,AZ,AWP,WE,Federal Contract Tower,0,10,0,0,10,40,65,0,0,105,40,75,0,0,115,76,0,76,191
03/12/2003,FLG,AZ,AWP,WE,Federal Contract Tower,0,10,5,0,15,0,27,64,2,93,0,37,69,2,108,66,6,72,180
03/13/2003,FLG,AZ,AWP,WE,Federal Contract Tower,0,15,3,2,20,0,20,65,2,87,0,35,68,4,107,80,22,102,209
03/14/2003,FLG,AZ,AWP,WE,Federal Contract Tower,0,16,10,1,27,0,26,63,7,96,0,42,73,8,123,86,14,100,223
03/15/2003,FLG,AZ,AWP,WE,Federal Contract Tower,0,10,7,0,17,0,5,42,2,49,0,15,49,2,66,10,4,14,80
03/16/2003,FLG,AZ,AWP,WE,Federal Contract Tower,0,7,15,0,22,0,0,0,0,0,0,7,15,0,22,0,0,0,22
03/17/2003,FLG,AZ,AWP,WE,Federal Contract Tower,0,15,13,0,28,0,3,0,0,3,0,18,13,0,31,0,0,0,31
03/18/2003,FLG,AZ,AWP,WE,Federal Contract Tower,0,14,13,0,27,0,7,11,0,18,0,21,24,0,45,2,0,2,47
03/19/2003,FLG,AZ,AWP,WE,Federal Contract Tower,0,11,16,0,27,0,14,45,0,59,0,25,61,0,86,44,0,44,130
03/20/2003,FLG,AZ,AWP,WE,Federal Contract Tower,0,11,16,0,27,0,22,54,1,77,0,33,70,1,104,34,2,36,140
03/21/2003,FLG,AZ,AWP,WE,Federal Contract Tower,0,13,9,0,22,0,15,43,0,58,0,28,52,0,80,22,0,22,102
03/22/2003,FLG,AZ,AWP,WE,Federal Contract Tower,0,5,3,0,8,0,7,64,0,71,0,12,67,0,79,44,0,44,123
03/23/2003,FLG,AZ,AWP,WE,Federal Contract Tower,0,8,2,0,10,0,2,81,0,83,0,10,83,0,93,46,0,46,139
03/24/2003,FLG,AZ,AWP,WE,Federal Contract Tower,0,11,7,2,20,0,16,56,0,72,0,27,63,2,92,58,0,58,150
03/25/2003,FLG,AZ,AWP,WE,Federal Contract Tower,0,9,5,1,15,0,30,45,1,76,0,39,50,2,91,66,4,70,161
03/26/2003,FLG,AZ,AWP,WE,Federal Contract Tower,0,11,7,0,18,0,16,40,0,56,0,27,47,0,74,14,0,14,88
03/27/2003,FLG,AZ,AWP,WE,Federal Contract Tower,0,10,6,0,16,0,17,46,0,63,0,27,52,0,79,28,0,28,107
03/28/2003,FLG,AZ,AWP,WE,Federal Contract Tower,0,8,8,0,16,0,24,38,1,63,0,32,46,1,79,52,2,54,133
03/29/2003,FLG,AZ,AWP,WE,Federal Contract Tower,0,8,5,0,13,0,5,61,0,66,0,13,66,0,79,30,0,30,109
03/30/2003,FLG,AZ,AWP,WE,Federal Contract Tower,0,7,5,0,12,0,0,117,0,117,0,7,122,0,129,42,0,42,171
03/31/2003,FLG,AZ,AWP,WE,Federal Contract Tower,0,11,3,0,14,0,17,83,0,100,0,28,86,0,114,92,0,92,206
04/01/2003,FLG,AZ,AWP,WE,Federal Contract Tower,0,10,3,2,15,0,23,40,0,63,0,33,43,2,78,34,2,36,114
04/02/2003,FLG,AZ,AWP,WE,Federal Contract Tower,0,14,8,0,22,0,19,20,0,39,0,33,28,0,61,18,0,18,79
04/03/2003,FLG,AZ,AWP,WE,Federal Contract Tower,0,16,17,0,33,0,22,52,1,75,0,38,69,1,108,10,0,10,118
04/04/2003,FLG,AZ,AWP,WE,Federal Contract Tower,0,10,4,0,14,0,24,34,1,59,0,34,38,1,73,12,0,12,85
04/05/2003,FLG,AZ,AWP,WE,Federal Contract Tower,0,11,2,0,13,0,3,15,0,18,0,14,17,0,31,10,0,10,41
04/06/2003,FLG,AZ,AWP,WE,Federal Contract Tower,0,8,5,0,13,0,6,75,0,81,0,14,80,0,94,48,0,48,142
04/07/2003,FLG,AZ,AWP,WE,Federal Contract Tower,0,11,7,0,18,0,15,55,0,70,0,26,62,0,88,76,0,76,164
04/08/2003,FLG,AZ,AWP,WE,Federal Contract Tower,0,12,10,0,22,0,26,66,0,92,0,38,76,0,114,56,0,56,170
04/09/2003,FLG,AZ,AWP,WE,Federal Contract Tower,0,13,8,0,21,0,23,74,0,97,0,36,82,0,118,92,0,92,210
04/10/2003,FLG,AZ,AWP,WE,Federal Contract Tower,0,16,10,0,26,0,18,93,9,120,0,34,103,9,146,84,24,108,254
04/11/2003,FLG,AZ,AWP,WE,Federal Contract Tower,0,16,11,0,27,0,22,68,2,92,0,38,79,2,119,32,0,32,151
04/12/2003,FLG,AZ,AWP,WE,Federal Contract Tower,0,11,3,1,15,0,11,70,3,84,0,22,73,4,99,38,8,46,145
04/13/2003,FLG,AZ,AWP,WE,Federal Contract Tower,0,8,6,0,14,0,5,88,0,93,0,13,94,0,107,22,0,22,129
04/14/2003,FLG,AZ,AWP,WE,Federal Contract Tower,0,14,7,0,21,0,14,41,0,55,0,28,48,0,76,22,0,22,98
04/15/2003,FLG,AZ,AWP,WE,Federal Contract Tower,0,20,22,1,43,0,5,5,1,11,0,25,27,2,54,0,0,0,54
04/16/2003,FLG,AZ,AWP,WE,Federal Contract Tower,0,15,5,0,20,0,21,91,0,112,0,36,96,0,132,96,0,96,228
04/17/2003,FLG,AZ,AWP,WE,Federal Contract Tower,0,13,11,0,24,0,23,56,2,81,0,36,67,2,105,42,0,42,147
04/18/2003,FLG,AZ,AWP,WE,Federal Contract Tower,0,21,5,0,26,0,22,25,0,47,0,43,30,0,73,12,0,12,85
04/19/2003,FLG,AZ,AWP,WE,Federal Contract Tower,0,11,7,0,18,0,7,22,0,29,0,18,29,0,47,10,0,10,57
04/20/2003,FLG,AZ,AWP,WE,Federal Contract Tower,0,8,2,0,10,0,3,61,0,64,0,11,63,0,74,38,0,38,112
04/21/2003,FLG,AZ,AWP,WE,Federal Contract Tower,0,10,7,0,17,0,20,77,0,97,0,30,84,0,114,66,0,66,180
04/22/2003,FLG,AZ,AWP,WE,Federal Contract Tower,0,20,11,0,31,0,9,16,0,25,0,29,27,0,56,8,0,8,64
04/23/2003,FLG,AZ,AWP,WE,Federal Contract Tower,0,16,10,1,27,0,12,33,5,50,0,28,43,6,77,36,0,36,113
04/24/2003,FLG,AZ,AWP,WE,Federal Contract Tower,0,16,3,0,19,0,20,100,2,122,0,36,103,2,141,112,2,114,255
04/25/2003,FLG,AZ,AWP,WE,Federal Contract Tower,0,13,10,0,23,0,28,75,0,103,0,41,85,0,126,56,0,56,182
04/26/2003,FLG,AZ,AWP,WE,Federal Contract Tower,0,8,4,0,12,0,13,74,1,88,0,21,78,1,100,22,0,22,122
04/27/2003,FLG,AZ,AWP,WE,Federal Contract Tower,0,8,4,0,12,0,2,91,0,93,0,10,95,0,105,20,0,20,125
04/28/2003,FLG,AZ,AWP,WE,Federal Contract Tower,0,10,11,0,21,0,20,68,0,88,0,30,79,0,109,16,6,22,131
04/29/2003,FLG,AZ,AWP,WE,Federal Contract Tower,0,12,12,0,24,0,21,72,0,93,0,33,84,0,117,22,0,22,139
04/30/2003,FLG,AZ,AWP,WE,Federal Contract Tower,0,14,5,0,19,0,14,56,0,70,0,28,61,0,89,58,0,58,147
05/01/2003,FLG,AZ,AWP,WE,Federal Contract Tower,0,14,8,0,22,0,21,80,4,105,0,35,88,4,127,62,14,76,203
05/02/2003,FLG,AZ,AWP,WE,Federal Contract Tower,0,16,5,0,21,0,20,71,0,91,0,36,76,0,112,46,0,46,158
05/03/2003,FLG,AZ,AWP,WE,Federal Contract Tower,0,8,4,0,12,0,9,31,0,40,0,17,35,0,52,40,0,40,92
05/04/2003,FLG,AZ,AWP,WE,Federal Contract Tower,0,9,3,0,12,0,1,78,0,79,0,10,81,0,91,50,0,50,141
05/05/2003,FLG,AZ,AWP,WE,Federal Contract Tower,0,13,7,0,20,0,13,57,0,70,0,26,64,0,90,44,2,46,136
05/06/2003,FLG,AZ,AWP,WE,Federal Contract Tower,0,14,8,0,22,0,22,65,2,89,0,36,73,2,111,54,22,76,187
05/07/2003,FLG,AZ,AWP,WE,Federal Contract Tower,0,14,15,0,29,0,18,65,10,93,0,32,80,10,122,28,0,28,150
05/08/2003,FLG,AZ,AWP,WE,Federal Contract Tower,0,12,10,0,22,0,23,32,0,55,0,35,42,0,77,12,0,12,89
05/09/2003,FLG,AZ,AWP,WE,Federal Contract Tower,0,12,12,0,24,0,25,36,2,63,0,37,48,2,87,18,2,20,107
05/10/2003,FLG,AZ,AWP,WE,Federal Contract Tower,0,8,9,0,17,0,6,91,0,97,0,14,100,0,114,42,0,42,156
05/11/2003,FLG,AZ,AWP,WE,Federal Contract Tower,0,11,2,0,13,0,10,75,0,85,0,21,77,0,98,80,0,80,178
05/12/2003,FLG,AZ,AWP,WE,Federal Contract Tower,0,11,10,0,21,0,19,62,0,81,0,30,72,0,102,50,0,50,152
05/13/2003,FLG,AZ,AWP,WE,Federal Contract Tower,0,15,9,0,24,0,21,96,0,117,0,36,105,0,141,60,0,60,201
05/14/2003,FLG,AZ,AWP,WE,Federal Contract Tower,0,18,7,0,25,0,19,55,0,74,0,37,62,0,99,88,2,90,189
05/15/2003,FLG,AZ,AWP,WE,Federal Contract Tower,0,13,7,2,22,0,26,65,0,91,0,39,72,2,113,54,2,56,169
05/16/2003,FLG,AZ,AWP,WE,Federal Contract Tower,0,17,6,0,23,0,19,96,2,117,0,36,102,2,140,62,4,66,206
05/17/2003,FLG,AZ,AWP,WE,Federal Contract Tower,0,13,6,0,19,0,6,72,5,83,0,19,78,5,102,36,2,38,140
05/18/2003,FLG,AZ,AWP,WE,Federal Contract Tower,0,9,3,0,12,0,6,44,0,50,0,15,47,0,62,28,0,28,90
05/19/2003,FLG,AZ,AWP,WE,Federal Contract Tower,0,11,9,0,20,0,15,63,0,78,0,26,72,0,98,42,0,42,140
05/20/2003,FLG,AZ,AWP,WE,Federal Contract Tower,0,12,8,0,20,0,31,81,0,112,0,43,89,0,132,60,0,60,192
05/21/2003,FLG,AZ,AWP,WE,Federal Contract Tower,0,10,4,0,14,0,22,99,0,121,0,32,103,0,135,42,2,44,179
05/22/2003,FLG,AZ,AWP,WE,Federal Contract Tower,0,12,12,0,24,0,20,95,3,118,0,32,107,3,142,54,4,58,200
05/23/2003,FLG,AZ,AWP,WE,Federal Contract Tower,0,17,7,1,25,0,23,11,1,35,0,40,18,2,60,50,2,52,112
05/24/2003,FLG,AZ,AWP,WE,Federal Contract Tower,0,8,3,0,11,0,12,92,2,106,0,20,95,2,117,16,0,16,133
05/25/2003,FLG,AZ,AWP,WE,Federal Contract Tower,0,7,6,0,13,0,6,84,0,90,0,13,90,0,103,42,0,42,145
05/26/2003,FLG,AZ,AWP,WE,Federal Contract Tower,0,11,13,0,24,0,10,104,0,114,0,21,117,0,138,77,0,77,215
05/27/2003,FLG,AZ,AWP,WE,Federal Contract Tower,0,12,12,0,24,0,18,46,1,65,0,30,58,1,89,66,0,66,155
05/28/2003,FLG,AZ,AWP,WE,Federal Contract Tower,0,13,4,0,17,0,20,71,0,91,0,33,75,0,108,50,0,50,158
05/29/2003,FLG,AZ,AWP,WE,Federal Contract Tower,0,15,6,2,23,0,23,92,0,115,0,38,98,2,138,62,4,66,204
05/30/2003,FLG,AZ,AWP,WE,Federal Contract Tower,0,19,9,0,28,0,13,73,0,86,0,32,82,0,114,32,8,40,154
05/31/2003,FLG,AZ,AWP,WE,Federal Contract Tower,0,9,8,0,17,0,5,65,4,74,0,14,73,4,91,36,6,42,133
06/01/2003,FLG,AZ,AWP,WE,Federal Contract Tower,0,9,11,0,20,0,6,82,0,88,0,15,93,0,108,72,4,76,184
06/02/2003,FLG,AZ,AWP,WE,Federal Contract Tower,0,11,9,0,20,0,24,67,0,91,0,35,76,0,111,36,0,36,147
06/03/2003,FLG,AZ,AWP,WE,Federal Contract Tower,0,16,10,0,26,0,13,70,1,84,0,29,80,1,110,30,0,30,140
06/04/2003,FLG,AZ,AWP,WE,Federal Contract Tower,0,9,6,3,18,0,22,75,0,97,0,31,81,3,115,50,6,56,171
06/05/2003,FLG,AZ,AWP,WE,Federal Contract Tower,0,15,4,0,19,0,27,63,0,90,0,42,67,0,109,18,0,18,127
06/06/2003,FLG,AZ,AWP,WE,Federal Contract Tower,0,13,10,0,23,0,16,76,0,92,0,29,86,0,115,42,0,42,157
06/07/2003,FLG,AZ,AWP,WE,Federal Contract Tower,0,8,3,0,11,0,9,87,3,99,0,17,90,3,110,26,0,26,136
06/08/2003,FLG,AZ,AWP,WE,Federal Contract Tower,0,9,4,2,15,0,5,87,3,95,0,14,91,5,110,46,8,54,164
06/09/2003,FLG,AZ,AWP,WE,Federal Contract Tower,0,9,4,0,13,0,20,56,0,76,0,29,60,0,89,40,0,40,129
06/10/2003,FLG,AZ,AWP,WE,Federal Contract Tower,0,12,7,0,19,0,21,100,0,121,0,33,107,0,140,106,0,106,246
06/11/2003,FLG,AZ,AWP,WE,Federal Contract Tower,0,12,4,0,16,0,23,64,0,87,0,35,68,0,103,24,0,24,127
06/12/2003,FLG,AZ,AWP,WE,Federal Contract Tower,0,15,6,0,21,0,17,81,0,98,0,32,87,0,119,32,0,32,151
06/13/2003,FLG,AZ,AWP,WE,Federal Contract Tower,0,15,5,0,20,0,33,78,0,111,0,48,83,0,131,48,0,48,179
06/14/2003,FLG,AZ,AWP,WE,Federal Contract Tower,0,11,5,1,17,0,12,97,0,109,0,23,102,1,126,44,2,46,172
06/15/2003,FLG,AZ,AWP,WE,Federal Contract Tower,0,7,6,0,13,0,6,71,0,77,0,13,77,0,90,32,0,32,122
06/16/2003,FLG,AZ,AWP,WE,Federal Contract Tower,0,12,8,0,20,0,17,72,4,93,0,29,80,4,113,44,8,52,165
06/17/2003,FLG,AZ,AWP,WE,Federal Contract Tower,0,15,5,0,20,0,24,66,0,90,0,39,71,0,110,42,0,42,152
06/18/2003,FLG,AZ,AWP,WE,Federal Contract Tower,0,16,5,0,21,0,12,51,0,63,0,28,56,0,84,64,0,64,148
06/19/2003,FLG,AZ,AWP,WE,Federal Contract Tower,0,14,6,0,20,0,16,62,0,78,0,30,68,0,98,42,0,42,140
06/20/2003,FLG,AZ,AWP,WE,Federal Contract Tower,0,13,10,0,23,0,24,75,1,100,0,37,85,1,123,26,0,26,149
06/21/2003,FLG,AZ,AWP,WE,Federal Contract Tower,0,10,10,0,20,0,12,81,0,93,0,22,91,0,113,12,0,12,125
06/22/2003,FLG,AZ,AWP,WE,Federal Contract Tower,0,8,3,0,11,0,6,84,4,94,0,14,87,4,105,16,8,24,129
06/23/2003,FLG,AZ,AWP,WE,Federal Contract Tower,0,16,11,0,27,0,20,93,0,113,0,36,104,0,140,32,0,32,172
06/24/2003,FLG,AZ,AWP,WE,Federal Contract Tower,0,13,12,0,25,0,18,44,0,62,0,31,56,0,87,22,0,22,109
06/25/2003,FLG,AZ,AWP,WE,Federal Contract Tower,0,15,3,2,20,0,16,74,0,90,0,31,77,2,110,10,6,16,126
06/26/2003,FLG,AZ,AWP,WE,Federal Contract Tower,0,10,7,2,19,0,18,78,1,97,0,28,85,3,116,36,4,40,156
06/27/2003,FLG,AZ,AWP,WE,Federal Contract Tower,0,13,7,0,20,0,24,89,2,115,0,37,96,2,135,42,0,42,177
06/28/2003,FLG,AZ,AWP,WE,Federal Contract Tower,0,13,8,0,21,0,8,74,5,87,0,21,82,5,108,4,0,4,112
06/29/2003,FLG,AZ,AWP,WE,Federal Contract Tower,0,7,3,0,10,0,1,80,5,86,0,8,83,5,96,24,4,28,124
06/30/2003,FLG,AZ,AWP,WE,Federal Contract Tower,0,14,8,0,22,0,15,78,0,93,0,29,86,0,115,42,0,42,157
07/01/2003,FLG,AZ,AWP,WE,Federal Contract Tower,0,14,5,0,19,0,24,86,0,110,0,38,91,0,129,40,0,40,169
07/02/2003,FLG,AZ,AWP,WE,Federal Contract Tower,0,12,5,0,17,0,16,87,0,103,0,28,92,0,120,32,0,32,152
07/03/2003,FLG,AZ,AWP,WE,Federal Contract Tower,0,11,12,0,23,0,24,83,2,109,0,35,95,2,132,34,0,34,166
07/04/2003,FLG,AZ,AWP,WE,Federal Contract Tower,0,7,4,0,11,0,9,87,0,96,0,16,91,0,107,26,0,26,133
07/05/2003,FLG,AZ,AWP,WE,Federal Contract Tower,0,13,5,0,18,0,5,83,2,90,0,18,88,2,108,36,0,36,144
07/06/2003,FLG,AZ,AWP,WE,Federal Contract Tower,0,9,6,0,15,0,0,94,0,94,0,9,100,0,109,52,0,52,161
07/07/2003,FLG,AZ,AWP,WE,Federal Contract Tower,0,10,12,0,22,0,19,75,0,94,0,29,87,0,116,40,0,40,156
07/08/2003,FLG,AZ,AWP,WE,Federal Contract Tower,0,9,8,0,17,0,15,91,0,106,0,24,99,0,123,32,4,36,159
07/09/2003,FLG,AZ,AWP,WE,Federal Contract Tower,0,10,13,0,23,0,22,69,1,92,0,32,82,1,115,56,10,66,181
07/10/2003,FLG,AZ,AWP,WE,Federal Contract Tower,0,11,6,0,17,0,20,72,0,92,0,31,78,0,109,34,0,34,143
07/11/2003,FLG,AZ,AWP,WE,Federal Contract Tower,0,13,18,0,31,0,24,68,0,92,0,37,86,0,123,48,2,50,173
07/12/2003,FLG,AZ,AWP,WE,Federal Contract Tower,0,10,8,2,20,0,9,87,0,96,0,19,95,2,116,38,0,38,154
07/13/2003,FLG,AZ,AWP,WE,Federal Contract Tower,0,9,7,0,16,0,3,79,0,82,0,12,86,0,98,52,0,52,150
07/14/2003,FLG,AZ,AWP,WE,Federal Contract Tower,0,12,11,0,23,0,20,80,0,100,0,32,91,0,123,40,8,48,171
07/15/2003,FLG,AZ,AWP,WE,Federal Contract Tower,0,8,11,0,19,0,21,93,0,114,0,29,104,0,133,40,0,40,173
07/16/2003,FLG,AZ,AWP,WE,Federal Contract Tower,0,13,8,0,21,0,14,66,1,81,0,27,74,1,102,46,0,46,148
07/17/2003,FLG,AZ,AWP,WE,Federal Contract Tower,0,11,10,0,21,0,32,71,0,103,0,43,81,0,124,62,0,62,186
07/18/2003,FLG,AZ,AWP,WE,Federal Contract Tower,0,14,11,0,25,0,15,53,2,70,0,29,64,2,95,24,4,28,123
07/19/2003,FLG,AZ,AWP,WE,Federal Contract Tower,0,10,9,0,19,0,13,89,0,102,0,23,98,0,121,66,0,66,187
07/20/2003,FLG,AZ,AWP,WE,Federal Contract Tower,0,11,6,0,17,0,4,65,0,69,0,15,71,0,86,24,8,32,118
07/21/2003,FLG,AZ,AWP,WE,Federal Contract Tower,0,14,8,0,22,0,14,56,0,70,0,28,64,0,92,54,0,54,146
07/22/2003,FLG,AZ,AWP,WE,Federal Contract Tower,0,10,11,0,21,0,30,63,1,94,0,40,74,1,115,44,0,44,159
07/23/2003,FLG,AZ,AWP,WE,Federal Contract Tower,0,12,11,2,25,0,20,64,0,84,0,32,75,2,109,58,4,62,171
07/24/2003,FLG,AZ,AWP,WE,Federal Contract Tower,1,12,10,0,23,1,27,62,1,91,2,39,72,1,114,64,2,66,180
07/25/2003,FLG,AZ,AWP,WE,Federal Contract Tower,0,13,3,0,16,0,23,58,0,81,0,36,61,0,97,14,0,14,111
07/26/2003,FLG,AZ,AWP,WE,Federal Contract Tower,0,13,7,0,20,0,8,75,0,83,0,21,82,0,103,66,0,66,169
07/27/2003,FLG,AZ,AWP,WE,Federal Contract Tower,0,10,2,0,12,0,2,73,2,77,0,12,75,2,89,38,0,38,127
07/28/2003,FLG,AZ,AWP,WE,Federal Contract Tower,0,13,18,0,31,0,14,77,0,91,0,27,95,0,122,32,0,32,154
07/29/2003,FLG,AZ,AWP,WE,Federal Contract Tower,0,11,9,0,20,0,13,75,0,88,0,24,84,0,108,54,0,54,162
07/30/2003,FLG,AZ,AWP,WE,Federal Contract Tower,0,19,12,0,31,0,17,54,0,71,0,36,66,0,102,10,0,10,112
07/31/2003,FLG,AZ,AWP,WE,Federal Contract Tower,0,14,5,0,19,0,15,67,0,82,0,29,72,0,101,56,0,56,157
08/01/2003,FLG,AZ,AWP,WE,Federal Contract Tower,0,17,15,1,33,0,22,52,5,79,0,39,67,6,112,24,0,24,136
08/02/2003,FLG,AZ,AWP,WE,Federal Contract Tower,0,9,13,2,24,0,10,66,1,77,0,19,79,3,101,40,2,42,143
08/03/2003,FLG,AZ,AWP,WE,Federal Contract Tower,0,10,9,0,19,0,4,99,2,105,0,14,108,2,124,54,4,58,182
08/04/2003,FLG,AZ,AWP,WE,Federal Contract Tower,0,11,7,0,18,0,18,64,0,82,0,29,71,0,100,48,0,48,148
08/05/2003,FLG,AZ,AWP,WE,Federal Contract Tower,0,13,14,0,27,0,25,145,0,170,0,38,159,0,197,104,0,104,301
08/06/2003,FLG,AZ,AWP,WE,Federal Contract Tower,0,14,6,0,20,0,18,86,0,104,0,32,92,0,124,46,0,46,170
08/07/2003,FLG,AZ,AWP,WE,Federal Contract Tower,0,12,16,0,28,0,21,67,0,88,0,33,83,0,116,38,0,38,154
08/08/2003,FLG,AZ,AWP,WE,Federal Contract Tower,0,11,7,0,18,0,17,76,0,93,0,28,83,0,111,24,4,28,139
08/09/2003,FLG,AZ,AWP,WE,Federal Contract Tower,0,15,7,0,22,0,8,89,2,99,0,23,96,2,121,18,0,18,139
08/10/2003,FLG,AZ,AWP,WE,Federal Contract Tower,0,7,6,0,13,0,7,106,0,113,0,14,112,0,126,38,0,38,164
08/11/2003,FLG,AZ,AWP,WE,Federal Contract Tower,0,15,6,0,21,0,16,49,0,65,0,31,55,0,86,8,0,8,94
08/12/2003,FLG,AZ,AWP,WE,Federal Contract Tower,0,12,11,0,23,0,30,73,1,104,0,42,84,1,127,38,6,44,171
08/13/2003,FLG,AZ,AWP,WE,Federal Contract Tower,0,13,6,0,19,0,17,76,1,94,0,30,82,1,113,42,0,42,155
08/14/2003,FLG,AZ,AWP,WE,Federal Contract Tower,0,13,7,0,20,0,35,49,2,86,0,48,56,2,106,46,2,48,154
08/15/2003,FLG,AZ,AWP,WE,Federal Contract Tower,0,12,14,0,26,0,15,89,0,104,0,27,103,0,130,42,0,42,172
08/16/2003,FLG,AZ,AWP,WE,Federal Contract Tower,0,9,8,0,17,0,7,72,3,82,0,16,80,3,99,50,10,60,159
08/17/2003,FLG,AZ,AWP,WE,Federal Contract Tower,0,10,2,0,12,0,1,95,0,96,0,11,97,0,108,26,0,26,134
08/18/2003,FLG,AZ,AWP,WE,Federal Contract Tower,0,12,4,0,16,0,22,54,0,76,0,34,58,0,92,36,0,36,128
08/19/2003,FLG,AZ,AWP,WE,Federal Contract Tower,0,9,22,0,31,0,25,56,0,81,0,34,78,0,112,62,0,62,174
08/20/2003,FLG,AZ,AWP,WE,Federal Contract Tower,0,13,22,0,35,0,22,32,0,54,0,35,54,0,89,24,0,24,113
08/21/2003,FLG,AZ,AWP,WE,Federal Contract Tower,0,14,12,0,26,0,27,76,2,105,0,41,88,2,131,34,0,34,165
08/22/2003,FLG,AZ,AWP,WE,Federal Contract Tower,0,9,9,1,19,0,18,70,0,88,0,27,79,1,107,36,4,40,147
08/23/2003,FLG,AZ,AWP,WE,Federal Contract Tower,0,7,5,0,12,0,9,54,0,63,0,16,59,0,75,30,0,30,105
08/24/2003,FLG,AZ,AWP,WE,Federal Contract Tower,0,8,3,0,11,0,4,67,2,73,0,12,70,2,84,22,0,22,106
08/25/2003,FLG,AZ,AWP,WE,Federal Contract Tower,0,8,5,0,13,0,16,24,4,44,0,24,29,4,57,24,6,30,87
08/26/2003,FLG,AZ,AWP,WE,Federal Contract Tower,0,11,7,0,18,0,19,40,0,59,0,30,47,0,77,32,0,32,109
08/27/2003,FLG,AZ,AWP,WE,Federal Contract Tower,0,12,10,0,22,0,13,36,0,49,0,25,46,0,71,16,0,16,87
08/28/2003,FLG,AZ,AWP,WE,Federal Contract Tower,0,12,11,0,23,0,11,54,0,65,0,23,65,0,88,48,14,62,150
08/29/2003,FLG,AZ,AWP,WE,Federal Contract Tower,0,6,11,5,22,0,16,59,0,75,0,22,70,5,97,18,0,18,115
08/30/2003,FLG,AZ,AWP,WE,Federal Contract Tower,0,4,3,0,7,0,7,128,6,141,0,11,131,6,148,52,4,56,204
08/31/2003,FLG,AZ,AWP,WE,Federal Contract Tower,0,4,6,0,10,0,13,79,1,93,0,17,85,1,103,54,1,55,158
09/01/2003,FLG,AZ,AWP,WE,Federal Contract Tower,0,11,2,0,13,0,3,68,0,71,0,14,70,0,84,42,0,42,126
09/02/2003,FLG,AZ,AWP,WE,Federal Contract Tower,0,10,9,0,19,0,31,57,0,88,0,41,66,0,107,42,0,42,149
09/03/2003,FLG,AZ,AWP,WE,Federal Contract Tower,0,9,7,0,16,0,22,64,0,86,0,31,71,0,102,30,0,30,132
09/04/2003,FLG,AZ,AWP,WE,Federal Contract Tower,0,12,10,1,23,0,15,63,1,79,0,27,73,2,102,18,0,18,120
09/05/2003,FLG,AZ,AWP,WE,Federal Contract Tower,0,18,11,1,30,0,21,57,0,78,0,39,68,1,108,40,2,42,150
09/06/2003,FLG,AZ,AWP,WE,Federal Contract Tower,0,15,12,0,27,0,5,73,0,78,0,20,85,0,105,58,0,58,163
09/07/2003,FLG,AZ,AWP,WE,Federal Contract Tower,0,13,12,1,26,0,5,82,1,88,0,18,94,2,114,34,0,34,148
09/08/2003,FLG,AZ,AWP,WE,Federal Contract Tower,0,17,7,0,24,0,18,43,0,61,0,35,50,0,85,68,0,68,153
09/09/2003,FLG,AZ,AWP,WE,Federal Contract Tower,0,25,15,0,40,0,7,1,0,8,0,32,16,0,48,2,0,2,50
09/10/2003,FLG,AZ,AWP,WE,Federal Contract Tower,0,16,8,0,24,0,22,55,0,77,0,38,63,0,101,20,0,20,121
09/11/2003,FLG,AZ,AWP,WE,Federal Contract Tower,0,15,15,0,30,0,24,86,2,112,0,39,101,2,142,92,6,98,240
09/12/2003,FLG,AZ,AWP,WE,Federal Contract Tower,0,11,10,2,23,0,21,95,2,118,0,32,105,4,141,40,4,44,185
09/13/2003,FLG,AZ,AWP,WE,Federal Contract Tower,0,9,3,0,12,0,16,86,0,102,0,25,89,0,114,78,0,78,192
09/14/2003,FLG,AZ,AWP,WE,Federal Contract Tower,0,10,4,0,14,0,5,82,0,87,0,15,86,0,101,82,0,82,183
09/15/2003,FLG,AZ,AWP,WE,Federal Contract Tower,0,15,9,0,24,0,15,67,0,82,0,30,76,0,106,68,0,68,174
09/16/2003,FLG,AZ,AWP,WE,Federal Contract Tower,0,11,9,0,20,0,20,89,0,109,0,31,98,0,129,74,0,74,203
09/17/2003,FLG,AZ,AWP,WE,Federal Contract Tower,0,13,6,0,19,0,19,70,0,89,0,32,76,0,108,40,4,44,152
09/18/2003,FLG,AZ,AWP,WE,Federal Contract Tower,0,14,12,0,26,0,23,77,0,100,0,37,89,0,126,48,0,48,174
09/19/2003,FLG,AZ,AWP,WE,Federal Contract Tower,0,16,10,0,26,0,18,88,0,106,0,34,98,0,132,54,0,54,186
09/20/2003,FLG,AZ,AWP,WE,Federal Contract Tower,0,12,5,0,17,0,9,118,0,127,0,21,123,0,144,56,0,56,200
09/21/2003,FLG,AZ,AWP,WE,Federal Contract Tower,0,9,2,0,11,0,3,121,0,124,0,12,123,0,135,76,0,76,211
09/22/2003,FLG,AZ,AWP,WE,Federal Contract Tower,0,16,12,0,28,0,21,90,4,115,0,37,102,4,143,70,6,76,219
09/23/2003,FLG,AZ,AWP,WE,Federal Contract Tower,0,13,12,0,25,0,35,69,0,104,0,48,81,0,129,58,0,58,187
09/24/2003,FLG,AZ,AWP,WE,Federal Contract Tower,0,15,11,0,26,0,22,44,0,66,0,37,55,0,92,46,0,46,138
09/25/2003,FLG,AZ,AWP,WE,Federal Contract Tower,0,18,8,0,26,0,21,63,0,84,0,39,71,0,110,48,0,48,158
09/26/2003,FLG,AZ,AWP,WE,Federal Contract Tower,0,18,12,0,30,0,22,96,1,119,0,40,108,1,149,52,0,52,201
09/27/2003,FLG,AZ,AWP,WE,Federal Contract Tower,0,16,8,2,26,0,12,95,0,107,0,28,103,2,133,72,0,72,205
09/28/2003,FLG,AZ,AWP,WE,Federal Contract Tower,0,15,5,0,20,0,3,93,0,96,0,18,98,0,116,10,0,10,126
09/29/2003,FLG,AZ,AWP,WE,Federal Contract Tower,2,11,4,0,17,0,20,68,0,88,2,31,72,0,105,66,0,66,171
09/30/2003,FLG,AZ,AWP,WE,Federal Contract Tower,0,13,2,0,15,0,15,75,0,90,0,28,77,0,105,46,0,46,151
10/01/2003,FLG,AZ,AWP,WE,Federal Contract Tower,0,9,5,0,14,0,17,48,0,65,0,26,53,0,79,56,0,56,135
10/02/2003,FLG,AZ,AWP,WE,Federal Contract Tower,0,10,8,0,18,0,30,64,1,95,0,40,72,1,113,32,0,32,145
10/03/2003,FLG,AZ,AWP,WE,Federal Contract Tower,0,21,16,0,37,0,14,31,1,46,0,35,47,1,83,2,0,2,85
10/04/2003,FLG,AZ,AWP,WE,Federal Contract Tower,0,6,5,0,11,0,9,83,0,92,0,15,88,0,103,38,0,38,141
10/05/2003,FLG,AZ,AWP,WE,Federal Contract Tower,0,7,6,0,13,0,5,66,0,71,0,12,72,0,84,40,0,40,124
10/06/2003,FLG,AZ,AWP,WE,Federal Contract Tower,0,10,8,0,18,0,24,86,0,110,0,34,94,0,128,34,0,34,162
10/07/2003,FLG,AZ,AWP,WE,Federal Contract Tower,0,11,9,0,20,0,16,34,0,50,0,27,43,0,70,26,2,28,98
10/08/2003,FLG,AZ,AWP,WE,Federal Contract Tower,0,11,6,0,17,0,16,63,0,79,0,27,69,0,96,36,0,36,132
10/09/2003,FLG,AZ,AWP,WE,Federal Contract Tower,0,14,8,1,23,0,21,80,0,101,0,35,88,1,124,46,0,46,170
10/10/2003,FLG,AZ,AWP,WE,Federal Contract Tower,0,20,13,0,33,0,2,27,0,29,0,22,40,0,62,4,0,4,66
10/11/2003,FLG,AZ,AWP,WE,Federal Contract Tower,0,10,5,0,15,0,3,86,0,89,0,13,91,0,104,52,0,52,156
10/12/2003,FLG,AZ,AWP,WE,Federal Contract Tower,0,9,5,0,14,0,2,95,0,97,0,11,100,0,111,40,0,40,151
10/13/2003,FLG,AZ,AWP,WE,Federal Contract Tower,0,13,7,0,20,0,15,74,2,91,0,28,81,2,111,42,0,42,153
10/14/2003,FLG,AZ,AWP,WE,Federal Contract Tower,0,13,7,0,20,0,12,87,3,102,0,25,94,3,122,42,6,48,170
10/15/2003,FLG,AZ,AWP,WE,Federal Contract Tower,0,11,6,0,17,0,16,65,1,82,0,27,71,1,99,30,2,32,131
10/16/2003,FLG,AZ,AWP,WE,Federal Contract Tower,0,16,9,0,25,0,17,98,4,119,0,33,107,4,144,54,6,60,204
10/17/2003,FLG,AZ,AWP,WE,Federal Contract Tower,0,13,8,0,21,0,15,94,0,109,0,28,102,0,130,76,0,76,206
10/18/2003,FLG,AZ,AWP,WE,Federal Contract Tower,0,12,7,0,19,0,4,106,0,110,0,16,113,0,129,50,0,50,179
10/19/2003,FLG,AZ,AWP,WE,Federal Contract Tower,0,8,5,0,13,0,11,99,0,110,0,19,104,0,123,56,0,56,179
10/20/2003,FLG,AZ,AWP,WE,Federal Contract Tower,0,12,6,0,18,0,13,105,0,118,0,25,111,0,136,34,0,34,170
10/21/2003,FLG,AZ,AWP,WE,Federal Contract Tower,0,15,9,0,24,0,16,66,0,82,0,31,75,0,106,70,2,72,178
10/22/2003,FLG,AZ,AWP,WE,Federal Contract Tower,0,16,10,0,26,0,15,74,2,91,0,31,84,2,117,38,6,44,161
10/23/2003,FLG,AZ,AWP,WE,Federal Contract Tower,0,10,5,0,15,0,31,78,0,109,0,41,83,0,124,62,0,62,186
10/24/2003,FLG,AZ,AWP,WE,Federal Contract Tower,0,13,8,0,21,0,14,87,1,102,0,27,95,1,123,80,4,84,207
10/25/2003,FLG,AZ,AWP,WE,Federal Contract Tower,0,11,6,0,17,0,8,71,0,79,0,19,77,0,96,44,0,44,140
10/26/2003,FLG,AZ,AWP,WE,Federal Contract Tower,0,6,3,0,9,0,4,60,0,64,0,10,63,0,73,32,0,32,105
10/27/2003,FLG,AZ,AWP,WE,Federal Contract Tower,0,10,5,0,15,0,14,59,0,73,0,24,64,0,88,78,0,78,166
10/28/2003,FLG,AZ,AWP,WE,Federal Contract Tower,0,10,6,0,16,0,13,84,0,97,0,23,90,0,113,78,0,78,191
10/29/2003,FLG,AZ,AWP,WE,Federal Contract Tower,0,15,9,0,24,0,12,68,0,80,0,27,77,0,104,42,0,42,146
10/30/2003,FLG,AZ,AWP,WE,Federal Contract Tower,0,11,6,0,17,0,15,17,0,32,0,26,23,0,49,4,0,4,53
10/31/2003,FLG,AZ,AWP,WE,Federal Contract Tower,0,15,8,0,23,0,9,19,0,28,0,24,27,0,51,6,0,6,57
11/01/2003,FLG,AZ,AWP,WE,Federal Contract Tower,0,17,13,0,30,0,3,3,2,8,0,20,16,2,38,2,0,2,40
11/02/2003,FLG,AZ,AWP,WE,Federal Contract Tower,0,9,11,0,20,0,0,20,0,20,0,9,31,0,40,8,0,8,48
11/03/2003,FLG,AZ,AWP,WE,Federal Contract Tower,0,14,10,0,24,0,10,14,0,24,0,24,24,0,48,4,0,4,52
11/04/2003,FLG,AZ,AWP,WE,Federal Contract Tower,0,7,5,0,12,0,19,63,1,83,0,26,68,1,95,64,0,64,159
11/05/2003,FLG,AZ,AWP,WE,Federal Contract Tower,0,8,6,0,14,0,15,83,0,98,0,23,89,0,112,70,2,72,184
11/06/2003,FLG,AZ,AWP,WE,Federal Contract Tower,0,11,7,1,19,0,14,65,3,82,0,25,72,4,101,42,4,46,147
11/07/2003,FLG,AZ,AWP,WE,Federal Contract Tower,0,13,8,0,21,0,15,46,0,61,0,28,54,0,82,26,0,26,108
11/08/2003,FLG,AZ,AWP,WE,Federal Contract Tower,0,7,5,1,13,0,5,94,2,101,0,12,99,3,114,68,4,72,186
11/09/2003,FLG,AZ,AWP,WE,Federal Contract Tower,0,9,6,1,16,0,3,72,1,76,0,12,78,2,92,52,0,52,144
11/10/2003,FLG,AZ,AWP,WE,Federal Contract Tower,0,11,7,0,18,0,11,48,0,59,0,22,55,0,77,72,0,72,149
11/11/2003,FLG,AZ,AWP,WE,Federal Contract Tower,0,14,10,0,24,0,4,20,0,24,0,18,30,0,48,70,4,74,122
11/12/2003,FLG,AZ,AWP,WE,Federal Contract Tower,0,22,11,0,33,0,4,0,0,4,0,26,11,0,37,2,0,2,39
11/13/2003,FLG,AZ,AWP,WE,Federal Contract Tower,0,20,13,0,33,0,13,30,0,43,0,33,43,0,76,12,0,12,88
11/14/2003,FLG,AZ,AWP,WE,Federal Contract Tower,0,20,13,1,34,0,13,66,4,83,0,33,79,5,117,22,6,28,145
11/15/2003,FLG,AZ,AWP,WE,Federal Contract Tower,0,10,6,0,16,0,6,67,5,78,0,16,73,5,94,44,4,48,142
11/16/2003,FLG,AZ,AWP,WE,Federal Contract Tower,0,3,3,0,6,0,0,9,2,11,0,3,12,2,17,2,0,2,19
11/17/2003,FLG,AZ,AWP,WE,Federal Contract Tower,0,14,8,0,22,0,10,38,0,48,0,24,46,0,70,44,0,44,114
11/18/2003,FLG,AZ,AWP,WE,Federal Contract Tower,0,14,8,0,22,0,27,77,1,105,0,41,85,1,127,34,0,34,161
11/19/2003,FLG,AZ,AWP,WE,Federal Contract Tower,0,13,8,0,21,0,18,65,2,85,0,31,73,2,106,62,0,62,168
11/20/2003,FLG,AZ,AWP,WE,Federal Contract Tower,0,11,7,0,18,0,20,69,2,91,0,31,76,2,109,84,0,84,193
11/21/2003,FLG,AZ,AWP,WE,Federal Contract Tower,0,13,8,0,21,0,14,74,6,94,0,27,82,6,115,22,0,22,137
11/22/2003,FLG,AZ,AWP,WE,Federal Contract Tower,0,9,5,0,14,0,6,25,0,31,0,15,30,0,45,28,0,28,73
11/23/2003,FLG,AZ,AWP,WE,Federal Contract Tower,0,7,4,0,11,0,4,57,1,62,0,11,61,1,73,22,0,22,95
11/24/2003,FLG,AZ,AWP,WE,Federal Contract Tower,0,11,7,0,18,0,17,76,0,93,0,28,83,0,111,68,0,68,179
11/25/2003,FLG,AZ,AWP,WE,Federal Contract Tower,0,14,8,0,22,0,9,49,0,58,0,23,57,0,80,38,0,38,118
11/26/2003,FLG,AZ,AWP,WE,Federal Contract Tower,0,12,8,0,20,0,8,85,0,93,0,20,93,0,113,36,0,36,149
11/27/2003,FLG,AZ,AWP,WE,Federal Contract Tower,0,3,2,0,5,0,3,25,0,28,0,6,27,0,33,8,0,8,41
11/28/2003,FLG,AZ,AWP,WE,Federal Contract Tower,0,3,2,0,5,0,23,44,0,67,0,26,46,0,72,30,0,30,102
11/29/2003,FLG,AZ,AWP,WE,Federal Contract Tower,0,11,6,0,17,0,4,81,4,89,0,15,87,4,106,32,0,32,138
11/30/2003,FLG,AZ,AWP,WE,Federal Contract Tower,0,9,5,0,14,0,2,114,4,120,0,11,119,4,134,50,4,54,188
12/01/2003,FLG,AZ,AWP,WE,Federal Contract Tower,0,9,5,1,15,0,11,55,1,67,0,20,60,2,82,52,0,52,134
12/02/2003,FLG,AZ,AWP,WE,Federal Contract Tower,0,8,6,1,15,0,19,57,3,79,0,27,63,4,94,66,10,76,170
12/03/2003,FLG,AZ,AWP,WE,Federal Contract Tower,0,11,7,1,19,0,15,96,0,111,0,26,103,1,130,70,2,72,202
12/04/2003,FLG,AZ,AWP,WE,Federal Contract Tower,0,6,5,0,11,0,26,66,0,92,0,32,71,0,103,48,0,48,151
12/05/2003,FLG,AZ,AWP,WE,Federal Contract Tower,0,9,7,1,17,0,25,87,1,113,0,34,94,2,130,44,10,54,184
12/06/2003,FLG,AZ,AWP,WE,Federal Contract Tower,0,11,6,0,17,0,0,64,0,64,0,11,70,0,81,62,0,62,143
12/07/2003,FLG,AZ,AWP,WE,Federal Contract Tower,0,5,2,0,7,0,4,51,0,55,0,9,53,0,62,54,2,56,118
12/08/2003,FLG,AZ,AWP,WE,Federal Contract Tower,0,15,9,1,25,0,4,16,5,25,0,19,25,6,50,2,24,26,76
12/09/2003,FLG,AZ,AWP,WE,Federal Contract Tower,0,10,6,1,17,0,23,55,3,81,0,33,61,4,98,60,0,60,158
12/10/2003,FLG,AZ,AWP,WE,Federal Contract Tower,0,8,4,0,12,0,22,60,0,82,0,30,64,0,94,22,0,22,116
12/11/2003,FLG,AZ,AWP,WE,Federal Contract Tower,0,18,8,0,26,0,8,54,0,62,0,26,62,0,88,8,0,8,96
12/12/2003,FLG,AZ,AWP,WE,Federal Contract Tower,0,11,4,1,16,0,19,53,0,72,0,30,57,1,88,46,2,48,136
12/13/2003,FLG,AZ,AWP,WE,Federal Contract Tower,0,9,4,0,13,0,8,57,0,65,0,17,61,0,78,42,0,42,120
12/14/2003,FLG,AZ,AWP,WE,Federal Contract Tower,0,9,5,0,14,0,1,80,1,82,0,10,85,1,96,34,6,40,136
12/15/2003,FLG,AZ,AWP,WE,Federal Contract Tower,0,11,6,0,17,0,25,51,0,76,0,36,57,0,93,30,12,42,135
12/16/2003,FLG,AZ,AWP,WE,Federal Contract Tower,0,13,7,0,20,0,27,41,0,68,0,40,48,0,88,36,0,36,124
12/17/2003,FLG,AZ,AWP,WE,Federal Contract Tower,0,14,7,0,21,0,16,50,0,66,0,30,57,0,87,40,0,40,127
12/18/2003,FLG,AZ,AWP,WE,Federal Contract Tower,0,17,9,0,26,0,17,83,0,100,0,34,92,0,126,76,0,76,202
12/19/2003,FLG,AZ,AWP,WE,Federal Contract Tower,0,15,7,0,22,0,17,76,0,93,0,32,83,0,115,94,0,94,209
12/20/2003,FLG,AZ,AWP,WE,Federal Contract Tower,0,6,3,0,9,0,7,82,0,89,0,13,85,0,98,62,0,62,160
12/21/2003,FLG,AZ,AWP,WE,Federal Contract Tower,0,7,5,0,12,0,0,30,0,30,0,7,35,0,42,34,0,34,76
12/22/2003,FLG,AZ,AWP,WE,Federal Contract Tower,0,8,3,0,11,0,13,45,0,58,0,21,48,0,69,28,0,28,97
12/23/2003,FLG,AZ,AWP,WE,Federal Contract Tower,0,9,5,0,14,0,24,64,0,88,0,33,69,0,102,54,0,54,156
12/24/2003,FLG,AZ,AWP,WE,Federal Contract Tower,0,13,6,0,19,0,15,25,0,40,0,28,31,0,59,20,0,20,79
12/25/2003,FLG,AZ,AWP,WE,Federal Contract Tower,0,2,3,0,5,0,0,4,0,4,0,2,7,0,9,0,0,0,9
12/26/2003,FLG,AZ,AWP,WE,Federal Contract Tower,0,17,9,0,26,0,5,17,0,22,0,22,26,0,48,0,0,0,48
12/27/2003,FLG,AZ,AWP,WE,Federal Contract Tower,0,11,6,0,17,0,4,53,0,57,0,15,59,0,74,10,0,10,84
12/28/2003,FLG,AZ,AWP,WE,Federal Contract Tower,0,6,3,0,9,0,5,59,2,66,0,11,62,2,75,34,8,42,117
12/29/2003,FLG,AZ,AWP,WE,Federal Contract Tower,0,11,6,0,17,0,8,47,3,58,0,19,53,3,75,84,2,86,161
12/30/2003,FLG,AZ,AWP,WE,Federal Contract Tower,0,8,3,0,11,0,17,69,0,86,0,25,72,0,97,54,0,54,151
12/31/2003,FLG,AZ,AWP,WE,Federal Contract Tower,0,11,5,0,16,0,24,50,0,74,0,35,55,0,90,38,0,38,128
01/01/2004,FLG,AZ,AWP,WE,Federal Contract Tower,0,6,3,0,9,0,2,17,0,19,0,8,20,0,28,14,0,14,42
01/02/2004,FLG,AZ,AWP,WE,Federal Contract Tower,0,16,11,0,27,0,9,3,0,12,0,25,14,0,39,2,0,2,41
01/03/2004,FLG,AZ,AWP,WE,Federal Contract Tower,0,6,5,0,11,0,0,3,0,3,0,6,8,0,14,0,0,0,14
01/04/2004,FLG,AZ,AWP,WE,Federal Contract Tower,0,4,4,0,8,0,4,64,0,68,0,8,68,0,76,58,0,58,134
01/05/2004,FLG,AZ,AWP,WE,Federal Contract Tower,0,4,4,0,8,0,17,60,0,77,0,21,64,0,85,50,0,50,135
01/06/2004,FLG,AZ,AWP,WE,Federal Contract Tower,0,8,7,1,16,0,22,76,1,99,0,30,83,2,115,52,6,58,173
01/07/2004,FLG,AZ,AWP,WE,Federal Contract Tower,0,8,5,1,14,0,14,33,1,48,0,22,38,2,62,40,0,40,102
01/08/2004,FLG,AZ,AWP,WE,Federal Contract Tower,0,8,3,1,12,0,17,73,0,90,0,25,76,1,102,76,4,80,182
01/09/2004,FLG,AZ,AWP,WE,Federal Contract Tower,0,16,8,1,25,0,15,77,4,96,0,31,85,5,121,74,4,78,199
01/10/2004,FLG,AZ,AWP,WE,Federal Contract Tower,0,10,4,1,15,0,1,87,5,93,0,11,91,6,108,106,2,108,216
01/11/2004,FLG,AZ,AWP,WE,Federal Contract Tower,0,6,3,0,9,0,4,83,0,87,0,10,86,0,96,88,0,88,184
01/12/2004,FLG,AZ,AWP,WE,Federal Contract Tower,0,11,7,0,18,0,15,58,0,73,0,26,65,0,91,58,0,58,149
01/13/2004,FLG,AZ,AWP,WE,Federal Contract Tower,0,7,4,0,11,0,18,68,0,86,0,25,72,0,97,78,0,78,175
01/14/2004,FLG,AZ,AWP,WE,Federal Contract Tower,0,9,5,0,14,0,16,55,2,73,0,25,60,2,87,50,2,52,139
01/15/2004,FLG,AZ,AWP,WE,Federal Contract Tower,0,16,9,0,25,0,4,17,0,21,0,20,26,0,46,0,0,0,46
01/16/2004,FLG,AZ,AWP,WE,Federal Contract Tower,0,7,4,0,11,0,14,59,2,75,0,21,63,2,86,58,4,62,148
01/17/2004,FLG,AZ,AWP,WE,Federal Contract Tower,0,10,5,0,15,0,1,65,6,72,0,11,70,6,87,38,6,44,131
01/18/2004,FLG,AZ,AWP,WE,Federal Contract Tower,0,8,5,0,13,0,7,109,3,119,0,15,114,3,132,82,0,82,214
01/19/2004,FLG,AZ,AWP,WE,Federal Contract Tower,0,13,8,0,21,0,0,58,0,58,0,13,66,0,79,102,0,102,181
01/20/2004,FLG,AZ,AWP,WE,Federal Contract Tower,0,24,15,0,39,0,0,13,0,13,0,24,28,0,52,12,0,12,64
01/21/2004,FLG,AZ,AWP,WE,Federal Contract Tower,0,24,14,0,38,0,3,6,0,9,0,27,20,0,47,4,4,8,55
01/22/2004,FLG,AZ,AWP,WE,Federal Contract Tower,0,14,8,0,22,0,18,45,0,63,0,32,53,0,85,34,0,34,119
01/23/2004,FLG,AZ,AWP,WE,Federal Contract Tower,0,11,7,0,18,0,24,70,4,98,0,35,77,4,116,96,4,100,216
01/24/2004,FLG,AZ,AWP,WE,Federal Contract Tower,0,8,5,0,13,0,2,18,2,22,0,10,23,2,35,16,0,16,51
01/25/2004,FLG,AZ,AWP,WE,Federal Contract Tower,0,7,5,0,12,0,0,4,0,4,0,7,9,0,16,0,0,0,16
01/26/2004,FLG,AZ,AWP,WE,Federal Contract Tower,0,8,5,0,13,0,10,82,1,93,0,18,87,1,106,50,4,54,160
01/27/2004,FLG,AZ,AWP,WE,Federal Contract Tower,0,7,3,0,10,0,19,74,4,97,0,26,77,4,107,58,14,72,179
01/28/2004,FLG,AZ,AWP,WE,Federal Contract Tower,0,11,7,0,18,0,21,38,1,60,0,32,45,1,78,96,0,96,174
01/29/2004,FLG,AZ,AWP,WE,Federal Contract Tower,0,9,5,0,14,0,17,63,4,84,0,26,68,4,98,46,0,46,144
01/30/2004,FLG,AZ,AWP,WE,Federal Contract Tower,0,13,8,0,21,0,10,86,3,99,0,23,94,3,120,74,0,74,194
01/31/2004,FLG,AZ,AWP,WE,Federal Contract Tower,0,8,4,0,12,0,2,11,2,15,0,10,15,2,27,16,4,20,47
02/01/2004,FLG,AZ,AWP,WE,Federal Contract Tower,0,8,6,0,14,0,4,79,4,87,0,12,85,4,101,74,0,74,175
02/02/2004,FLG,AZ,AWP,WE,Federal Contract Tower,0,11,10,0,21,0,10,58,1,69,0,21,68,1,90,58,2,60,150
02/03/2004,FLG,AZ,AWP,WE,Federal Contract Tower,0,13,11,0,24,0,1,2,0,3,0,14,13,0,27,0,0,0,27
02/04/2004,FLG,AZ,AWP,WE,Federal Contract Tower,0,15,12,0,27,0,9,5,0,14,0,24,17,0,41,6,0,6,47
02/05/2004,FLG,AZ,AWP,WE,Federal Contract Tower,0,13,11,0,24,0,14,24,0,38,0,27,35,0,62,8,0,8,70
02/06/2004,FLG,AZ,AWP,WE,Federal Contract Tower,0,10,10,0,20,0,10,69,2,81,0,20,79,2,101,48,8,56,157
02/07/2004,FLG,AZ,AWP,WE,Federal Contract Tower,0,6,5,1,12,0,10,62,4,76,0,16,67,5,88,24,0,24,112
02/08/2004,FLG,AZ,AWP,WE,Federal Contract Tower,0,5,4,1,10,0,9,103,1,113,0,14,107,2,123,62,6,68,191
02/09/2004,FLG,AZ,AWP,WE,Federal Contract Tower,0,9,6,0,15,0,13,57,0,70,0,22,63,0,85,34,0,34,119
02/10/2004,FLG,AZ,AWP,WE,Federal Contract Tower,0,11,7,0,18,0,15,63,0,78,0,26,70,0,96,58,0,58,154
02/11/2004,FLG,AZ,AWP,WE,Federal Contract Tower,0,8,5,0,13,0,21,71,4,96,0,29,76,4,109,76,0,76,185
02/12/2004,FLG,AZ,AWP,WE,Federal Contract Tower,0,12,7,0,19,0,21,45,0,66,0,33,52,0,85,34,0,34,119
02/13/2004,FLG,AZ,AWP,WE,Federal Contract Tower,0,12,7,0,19,0,15,52,0,67,0,27,59,0,86,40,0,40,126
02/14/2004,FLG,AZ,AWP,WE,Federal Contract Tower,0,6,4,0,10,0,4,73,0,77,0,10,77,0,87,26,0,26,113
02/15/2004,FLG,AZ,AWP,WE,Federal Contract Tower,0,6,3,0,9,0,2,87,0,89,0,8,90,0,98,42,0,42,140
02/16/2004,FLG,AZ,AWP,WE,Federal Contract Tower,0,9,6,0,15,0,13,73,0,86,0,22,79,0,101,68,0,68,169
02/17/2004,FLG,AZ,AWP,WE,Federal Contract Tower,0,14,8,0,22,0,18,84,0,102,0,32,92,0,124,68,0,68,192
02/18/2004,FLG,AZ,AWP,WE,Federal Contract Tower,0,8,5,0,13,0,16,71,0,87,0,24,76,0,100,60,0,60,160
02/19/2004,FLG,AZ,AWP,WE,Federal Contract Tower,0,14,8,0,22,0,16,51,0,67,0,30,59,0,89,34,0,34,123
02/20/2004,FLG,AZ,AWP,WE,Federal Contract Tower,0,15,10,0,25,0,14,45,0,59,0,29,55,0,84,74,0,74,158
02/21/2004,FLG,AZ,AWP,WE,Federal Contract Tower,0,6,5,0,11,0,0,7,0,7,0,6,12,0,18,6,0,6,24
02/22/2004,FLG,AZ,AWP,WE,Federal Contract Tower,0,6,2,0,8,0,2,0,0,2,0,8,2,0,10,0,0,0,10
02/23/2004,FLG,AZ,AWP,WE,Federal Contract Tower,0,10,10,0,20,0,0,7,0,7,0,10,17,0,27,0,0,0,27
02/24/2004,FLG,AZ,AWP,WE,Federal Contract Tower,0,20,12,0,32,0,6,20,0,26,0,26,32,0,58,56,0,56,114
02/25/2004,FLG,AZ,AWP,WE,Federal Contract Tower,0,5,3,0,8,0,17,98,1,116,0,22,101,1,124,88,0,88,212
02/26/2004,FLG,AZ,AWP,WE,Federal Contract Tower,0,14,8,0,22,0,20,29,2,51,0,34,37,2,73,32,0,32,105
02/27/2004,FLG,AZ,AWP,WE,Federal Contract Tower,0,21,14,0,35,0,0,0,0,0,0,21,14,0,35,0,0,0,35
02/28/2004,FLG,AZ,AWP,WE,Federal Contract Tower,0,8,6,0,14,0,0,5,0,5,0,8,11,0,19,8,0,8,27
02/29/2004,FLG,AZ,AWP,WE,Federal Contract Tower,0,9,6,0,15,0,0,34,0,34,0,9,40,0,49,30,0,30,79
03/01/2004,FLG,AZ,AWP,WE,Federal Contract Tower,0,9,7,0,16,0,11,50,2,63,0,20,57,2,79,68,0,68,147
03/02/2004,FLG,AZ,AWP,WE,Federal Contract Tower,0,16,13,0,29,0,5,16,0,21,0,21,29,0,50,6,0,6,56
03/03/2004,FLG,AZ,AWP,WE,Federal Contract Tower,0,13,11,0,24,0,7,8,2,17,0,20,19,2,41,8,0,8,49
03/04/2004,FLG,AZ,AWP,WE,Federal Contract Tower,0,14,11,0,25,0,20,9,0,29,0,34,20,0,54,10,0,10,64
03/05/2004,FLG,AZ,AWP,WE,Federal Contract Tower,0,16,12,0,28,0,17,56,2,75,0,33,68,2,103,62,4,66,169
03/06/2004,FLG,AZ,AWP,WE,Federal Contract Tower,0,7,7,0,14,0,6,70,0,76,0,13,77,0,90,46,4,50,140
03/07/2004,FLG,AZ,AWP,WE,Federal Contract Tower,0,7,6,0,13,0,3,73,0,76,0,10,79,0,89,38,0,38,127
03/08/2004,FLG,AZ,AWP,WE,Federal Contract Tower,0,8,5,0,13,0,17,65,0,82,0,25,70,0,95,56,0,56,151
03/09/2004,FLG,AZ,AWP,WE,Federal Contract Tower,0,11,6,1,18,0,28,80,1,109,0,39,86,2,127,66,0,66,193
03/10/2004,FLG,AZ,AWP,WE,Federal Contract Tower,0,10,6,0,16,0,20,105,0,125,0,30,111,0,141,102,0,102,243
03/11/2004,FLG,AZ,AWP,WE,Federal Contract Tower,0,9,5,0,14,0,21,62,0,83,0,30,67,0,97,96,0,96,193
03/12/2004,FLG,AZ,AWP,WE,Federal Contract Tower,0,14,8,0,22,0,12,65,0,77,0,26,73,0,99,42,0,42,141
03/13/2004,FLG,AZ,AWP,WE,Federal Contract Tower,0,10,6,0,16,0,6,58,0,64,0,16,64,0,80,40,8,48,128
03/14/2004,FLG,AZ,AWP,WE,Federal Contract Tower,0,8,4,0,12,0,5,87,4,96,0,13,91,4,108,62,4,66,174
03/15/2004,FLG,AZ,AWP,WE,Federal Contract Tower,0,10,6,0,16,0,18,56,4,78,0,28,62,4,94,52,8,60,154
03/16/2004,FLG,AZ,AWP,WE,Federal Contract Tower,0,13,7,0,20,0,18,65,2,85,0,31,72,2,105,54,0,54,159
03/17/2004,FLG,AZ,AWP,WE,Federal Contract Tower,0,18,10,0,28,0,16,80,1,97,0,34,90,1,125,50,0,50,175
03/18/2004,FLG,AZ,AWP,WE,Federal Contract Tower,0,13,7,0,20,0,24,55,0,79,0,37,62,0,99,42,0,42,141
03/19/2004,FLG,AZ,AWP,WE,Federal Contract Tower,0,11,6,0,17,0,15,87,2,104,0,26,93,2,121,58,8,66,187
03/20/2004,FLG,AZ,AWP,WE,Federal Contract Tower,0,10,5,0,15,0,2,85,0,87,0,12,90,0,102,54,0,54,156
03/21/2004,FLG,AZ,AWP,WE,Federal Contract Tower,0,8,4,0,12,0,3,66,0,69,0,11,70,0,81,28,0,28,109
03/22/2004,FLG,AZ,AWP,WE,Federal Contract Tower,0,12,7,0,19,0,8,76,0,84,0,20,83,0,103,52,0,52,155
03/23/2004,FLG,AZ,AWP,WE,Federal Contract Tower,0,11,6,0,17,0,25,58,0,83,0,36,64,0,100,62,0,62,162
03/24/2004,FLG,AZ,AWP,WE,Federal Contract Tower,0,8,4,0,12,0,11,79,2,92,0,19,83,2,104,54,2,56,160
03/25/2004,FLG,AZ,AWP,WE,Federal Contract Tower,0,7,4,0,11,0,20,60,0,80,0,27,64,0,91,48,0,48,139
03/26/2004,FLG,AZ,AWP,WE,Federal Contract Tower,0,12,6,0,18,0,13,61,0,74,0,25,67,0,92,26,0,26,118
03/27/2004,FLG,AZ,AWP,WE,Federal Contract Tower,0,7,4,0,11,0,4,85,0,89,0,11,89,0,100,46,1,47,147
03/28/2004,FLG,AZ,AWP,WE,Federal Contract Tower,0,7,4,0,11,0,3,64,0,67,0,10,68,0,78,14,0,14,92
03/29/2004,FLG,AZ,AWP,WE,Federal Contract Tower,0,12,7,0,19,0,19,53,2,74,0,31,60,2,93,66,18,84,177
03/30/2004,FLG,AZ,AWP,WE,Federal Contract Tower,0,11,6,0,17,0,19,86,1,106,0,30,92,1,123,52,0,52,175
03/31/2004,FLG,AZ,AWP,WE,Federal Contract Tower,0,9,5,0,14,0,18,48,1,67,0,27,53,1,81,58,0,58,139
04/01/2004,FLG,AZ,AWP,WE,Federal Contract Tower,0,16,7,0,23,0,18,54,0,72,0,34,61,0,95,16,0,16,111
04/02/2004,FLG,AZ,AWP,WE,Federal Contract Tower,0,29,16,0,45,1,3,1,4,9,1,32,17,4,54,2,6,8,62
04/03/2004,FLG,AZ,AWP,WE,Federal Contract Tower,0,13,9,0,22,0,3,10,2,15,0,16,19,2,37,10,0,10,47
04/04/2004,FLG,AZ,AWP,WE,Federal Contract Tower,0,12,8,0,20,0,7,22,0,29,0,19,30,0,49,16,0,16,65
04/05/2004,FLG,AZ,AWP,WE,Federal Contract Tower,0,23,13,0,36,0,3,11,0,14,0,26,24,0,50,0,0,0,50
04/06/2004,FLG,AZ,AWP,WE,Federal Contract Tower,0,26,14,1,41,0,6,63,9,78,0,32,77,10,119,42,0,42,161
04/07/2004,FLG,AZ,AWP,WE,Federal Contract Tower,0,21,10,0,31,0,6,65,0,71,0,27,75,0,102,68,0,68,170
04/08/2004,FLG,AZ,AWP,WE,Federal Contract Tower,0,17,8,0,25,0,14,70,0,84,0,31,78,0,109,92,0,92,201
04/09/2004,FLG,AZ,AWP,WE,Federal Contract Tower,0,18,8,1,27,0,20,68,5,93,0,38,76,6,120,84,0,84,204
04/10/2004,FLG,AZ,AWP,WE,Federal Contract Tower,0,10,4,1,15,0,8,56,1,65,0,18,60,2,80,44,6,50,130
04/11/2004,FLG,AZ,AWP,WE,Federal Contract Tower,0,10,4,0,14,0,6,42,0,48,0,16,46,0,62,24,0,24,86
04/12/2004,FLG,AZ,AWP,WE,Federal Contract Tower,0,15,7,1,23,0,16,91,1,108,0,31,98,2,131,68,0,68,199
04/13/2004,FLG,AZ,AWP,WE,Federal Contract Tower,0,15,7,0,22,0,24,68,0,92,0,39,75,0,114,120,0,120,234
04/14/2004,FLG,AZ,AWP,WE,Federal Contract Tower,0,14,6,0,20,0,20,79,0,99,0,34,85,0,119,92,2,94,213
04/15/2004,FLG,AZ,AWP,WE,Federal Contract Tower,0,10,5,0,15,0,23,63,0,86,0,33,68,0,101,22,0,22,123
04/16/2004,FLG,AZ,AWP,WE,Federal Contract Tower,0,14,6,1,21,0,14,57,2,73,0,28,63,3,94,36,4,40,134
04/17/2004,FLG,AZ,AWP,WE,Federal Contract Tower,0,14,6,0,20,0,1,34,0,35,0,15,40,0,55,48,4,52,107
04/18/2004,FLG,AZ,AWP,WE,Federal Contract Tower,0,9,3,0,12,0,6,58,0,64,0,15,61,0,76,30,2,32,108
04/19/2004,FLG,AZ,AWP,WE,Federal Contract Tower,0,16,7,0,23,0,9,48,0,57,0,25,55,0,80,54,0,54,134
04/20/2004,FLG,AZ,AWP,WE,Federal Contract Tower,0,16,7,0,23,0,25,77,0,102,0,41,84,0,125,70,0,70,195
04/21/2004,FLG,AZ,AWP,WE,Federal Contract Tower,0,11,4,0,15,0,16,53,2,71,0,27,57,2,86,36,2,38,124
04/22/2004,FLG,AZ,AWP,WE,Federal Contract Tower,0,12,5,0,17,0,16,38,0,54,0,28,43,0,71,12,0,12,83
04/23/2004,FLG,AZ,AWP,WE,Federal Contract Tower,0,23,10,0,33,0,7,73,3,83,0,30,83,3,116,28,4,32,148
04/24/2004,FLG,AZ,AWP,WE,Federal Contract Tower,0,9,4,0,13,0,7,89,2,98,0,16,93,2,111,44,6,50,161
04/25/2004,FLG,AZ,AWP,WE,Federal Contract Tower,0,9,4,0,13,0,8,87,2,97,0,17,91,2,110,64,2,66,176
04/26/2004,FLG,AZ,AWP,WE,Federal Contract Tower,0,16,7,0,23,0,20,74,2,96,0,36,81,2,119,122,0,122,241
04/27/2004,FLG,AZ,AWP,WE,Federal Contract Tower,0,14,6,0,20,0,15,102,0,117,0,29,108,0,137,72,0,72,209
04/28/2004,FLG,AZ,AWP,WE,Federal Contract Tower,0,13,6,0,19,0,14,52,0,66,0,27,58,0,85,36,0,36,121
04/29/2004,FLG,AZ,AWP,WE,Federal Contract Tower,0,14,6,0,20,0,13,19,2,34,0,27,25,2,54,14,0,14,68
04/30/2004,FLG,AZ,AWP,WE,Federal Contract Tower,0,15,7,0,22,0,10,75,0,85,0,25,82,0,107,34,0,34,141
05/01/2004,FLG,AZ,AWP,WE,Federal Contract Tower,0,10,6,0,16,0,9,80,0,89,0,19,86,0,105,60,0,60,165
05/02/2004,FLG,AZ,AWP,WE,Federal Contract Tower,0,11,8,1,20,0,3,82,2,87,0,14,90,3,107,30,0,30,137
05/03/2004,FLG,AZ,AWP,WE,Federal Contract Tower,0,10,8,1,19,0,16,63,3,82,0,26,71,4,101,62,0,62,163
05/04/2004,FLG,AZ,AWP,WE,Federal Contract Tower,0,10,7,1,18,0,15,59,0,74,0,25,66,1,92,62,0,62,154
05/05/2004,FLG,AZ,AWP,WE,Federal Contract Tower,0,14,9,0,23,0,7,87,0,94,0,21,96,0,117,64,0,64,181
05/06/2004,FLG,AZ,AWP,WE,Federal Contract Tower,0,13,8,1,22,0,13,59,0,72,0,26,67,1,94,52,2,54,148
05/07/2004,FLG,AZ,AWP,WE,Federal Contract Tower,0,14,9,1,24,0,18,74,3,95,0,32,83,4,119,68,0,68,187
05/08/2004,FLG,AZ,AWP,WE,Federal Contract Tower,0,8,4,1,13,0,10,103,1,114,0,18,107,2,127,56,6,62,189
05/09/2004,FLG,AZ,AWP,WE,Federal Contract Tower,0,9,5,0,14,0,3,89,0,92,0,12,94,0,106,16,0,16,122
05/10/2004,FLG,AZ,AWP,WE,Federal Contract Tower,0,11,7,0,18,0,15,39,0,54,0,26,46,0,72,52,0,52,124
05/11/2004,FLG,AZ,AWP,WE,Federal Contract Tower,0,11,6,1,18,0,15,49,1,65,0,26,55,2,83,14,2,16,99
05/12/2004,FLG,AZ,AWP,WE,Federal Contract Tower,0,17,8,0,25,0,9,47,0,56,0,26,55,0,81,46,0,46,127
05/13/2004,FLG,AZ,AWP,WE,Federal Contract Tower,0,17,8,1,26,0,18,87,1,106,0,35,95,2,132,62,0,62,194
05/14/2004,FLG,AZ,AWP,WE,Federal Contract Tower,0,9,4,1,14,1,17,69,0,87,1,26,73,1,101,28,0,28,129
05/15/2004,FLG,AZ,AWP,WE,Federal Contract Tower,0,9,4,1,14,0,11,76,1,88,0,20,80,2,102,24,0,24,126
05/16/2004,FLG,AZ,AWP,WE,Federal Contract Tower,0,9,4,0,13,0,4,71,0,75,0,13,75,0,88,40,0,40,128
05/17/2004,FLG,AZ,AWP,WE,Federal Contract Tower,0,13,7,0,20,0,13,62,0,75,0,26,69,0,95,40,0,40,135
05/18/2004,FLG,AZ,AWP,WE,Federal Contract Tower,0,11,6,0,17,0,21,70,0,91,0,32,76,0,108,28,0,28,136
05/19/2004,FLG,AZ,AWP,WE,Federal Contract Tower,0,14,8,0,22,0,18,85,0,103,0,32,93,0,125,58,0,58,183
05/20/2004,FLG,AZ,AWP,WE,Federal Contract Tower,0,15,9,0,24,0,20,55,2,77,0,35,64,2,101,22,10,32,133
05/21/2004,FLG,AZ,AWP,WE,Federal Contract Tower,0,15,8,0,23,0,12,74,2,88,0,27,82,2,111,36,0,36,147
05/22/2004,FLG,AZ,AWP,WE,Federal Contract Tower,0,9,4,0,13,0,2,69,0,71,0,11,73,0,84,46,0,46,130
05/23/2004,FLG,AZ,AWP,WE,Federal Contract Tower,0,11,6,0,17,0,3,84,0,87,0,14,90,0,104,40,0,40,144
05/24/2004,FLG,AZ,AWP,WE,Federal Contract Tower,0,9,5,0,14,0,17,83,0,100,0,26,88,0,114,44,0,44,158
05/25/2004,FLG,AZ,AWP,WE,Federal Contract Tower,0,13,7,0,20,0,15,76,2,93,0,28,83,2,113,52,0,52,165
05/26/2004,FLG,AZ,AWP,WE,Federal Contract Tower,0,11,6,0,17,0,13,55,0,68,0,24,61,0,85,46,0,46,131
05/27/2004,FLG,AZ,AWP,WE,Federal Contract Tower,0,15,9,0,24,0,33,70,0,103,0,48,79,0,127,40,2,42,169
05/28/2004,FLG,AZ,AWP,WE,Federal Contract Tower,0,17,10,0,27,0,15,73,0,88,0,32,83,0,115,62,0,62,177
05/29/2004,FLG,AZ,AWP,WE,Federal Contract Tower,0,12,6,0,18,0,10,94,1,105,0,22,100,1,123,30,0,30,153
05/30/2004,FLG,AZ,AWP,WE,Federal Contract Tower,0,5,3,0,8,0,7,123,0,130,0,12,126,0,138,32,0,32,170
05/31/2004,FLG,AZ,AWP,WE,Federal Contract Tower,0,13,9,0,22,0,0,104,0,104,0,13,113,0,126,48,4,52,178
06/01/2004,FLG,AZ,AWP,WE,Federal Contract Tower,0,13,6,0,19,0,16,80,0,96,0,29,86,0,115,58,0,58,173
06/02/2004,FLG,AZ,AWP,WE,Federal Contract Tower,0,8,6,0,14,0,23,99,0,122,0,31,105,0,136,40,0,40,176
06/03/2004,FLG,AZ,AWP,WE,Federal Contract Tower,0,7,3,1,11,0,24,65,0,89,0,31,68,1,100,38,2,40,140
06/04/2004,FLG,AZ,AWP,WE,Federal Contract Tower,0,16,8,0,24,0,18,104,0,122,0,34,112,0,146,42,0,42,188
06/05/2004,FLG,AZ,AWP,WE,Federal Contract Tower,0,9,5,0,14,0,6,75,0,81,0,15,80,0,95,16,0,16,111
06/06/2004,FLG,AZ,AWP,WE,Federal Contract Tower,0,11,6,1,18,0,6,122,0,128,0,17,128,1,146,18,2,20,166
06/07/2004,FLG,AZ,AWP,WE,Federal Contract Tower,0,13,7,1,21,0,13,45,1,59,0,26,52,2,80,18,4,22,102
06/08/2004,FLG,AZ,AWP,WE,Federal Contract Tower,0,15,7,1,23,0,14,82,1,97,0,29,89,2,120,32,0,32,152
06/09/2004,FLG,AZ,AWP,WE,Federal Contract Tower,0,13,6,1,20,0,16,52,4,72,0,29,58,5,92,24,0,24,116
06/10/2004,FLG,AZ,AWP,WE,Federal Contract Tower,0,16,8,1,25,0,16,79,2,97,0,32,87,3,122,28,8,36,158
06/11/2004,FLG,AZ,AWP,WE,Federal Contract Tower,0,13,7,1,21,0,17,109,0,126,0,30,116,1,147,60,8,68,215
06/12/2004,FLG,AZ,AWP,WE,Federal Contract Tower,0,15,8,1,24,0,0,115,0,115,0,15,123,1,139,32,0,32,171
06/13/2004,FLG,AZ,AWP,WE,Federal Contract Tower,0,12,6,0,18,0,1,88,0,89,0,13,94,0,107,44,0,44,151
06/14/2004,FLG,AZ,AWP,WE,Federal Contract Tower,0,13,6,0,19,0,22,97,0,119,0,35,103,0,138,60,0,60,198
06/15/2004,FLG,AZ,AWP,WE,Federal Contract Tower,0,19,8,1,28,0,32,69,1,102,0,51,77,2,130,36,0,36,166
06/16/2004,FLG,AZ,AWP,WE,Federal Contract Tower,0,15,7,0,22,0,13,74,2,89,0,28,81,2,111,42,14,56,167
06/17/2004,FLG,AZ,AWP,WE,Federal Contract Tower,0,14,7,0,21,0,31,68,0,99,0,45,75,0,120,46,0,46,166
06/18/2004,FLG,AZ,AWP,WE,Federal Contract Tower,0,14,7,0,21,0,13,90,0,103,0,27,97,0,124,58,0,58,182
06/19/2004,FLG,AZ,AWP,WE,Federal Contract Tower,0,16,7,0,23,0,6,62,2,70,0,22,69,2,93,32,0,32,125
06/20/2004,FLG,AZ,AWP,WE,Federal Contract Tower,0,12,6,0,18,0,4,86,0,90,0,16,92,0,108,52,0,52,160
06/21/2004,FLG,AZ,AWP,WE,Federal Contract Tower,0,18,8,0,26,0,22,74,0,96,0,40,82,0,122,44,0,44,166
06/22/2004,FLG,AZ,AWP,WE,Federal Contract Tower,0,13,6,0,19,0,22,90,0,112,0,35,96,0,131,32,0,32,163
06/23/2004,FLG,AZ,AWP,WE,Federal Contract Tower,0,14,6,0,20,0,16,95,0,111,0,30,101,0,131,32,0,32,163
06/24/2004,FLG,AZ,AWP,WE,Federal Contract Tower,0,17,8,0,25,0,29,69,2,100,0,46,77,2,125,46,10,56,181
06/25/2004,FLG,AZ,AWP,WE,Federal Contract Tower,0,14,7,0,21,0,18,105,1,124,0,32,112,1,145,24,2,26,171
06/26/2004,FLG,AZ,AWP,WE,Federal Contract Tower,0,14,9,0,23,0,0,120,1,121,0,14,129,1,144,2,0,2,146
06/27/2004,FLG,AZ,AWP,WE,Federal Contract Tower,0,12,5,0,17,0,7,122,0,129,0,19,127,0,146,10,0,10,156
06/28/2004,FLG,AZ,AWP,WE,Federal Contract Tower,0,17,8,0,25,0,14,91,7,112,0,31,99,7,137,52,0,52,189
06/29/2004,FLG,AZ,AWP,WE,Federal Contract Tower,0,18,9,0,27,0,17,99,0,116,0,35,108,0,143,66,0,66,209
06/30/2004,FLG,AZ,AWP,WE,Federal Contract Tower,0,20,9,0,29,0,16,88,2,106,0,36,97,2,135,38,2,40,175
07/01/2004,FLG,AZ,AWP,WE,Federal Contract Tower,0,20,9,1,30,0,25,104,1,130,0,45,113,2,160,26,0,26,186
07/02/2004,FLG,AZ,AWP,WE,Federal Contract Tower,0,13,6,1,20,0,20,90,1,111,0,33,96,2,131,52,0,52,183
07/03/2004,FLG,AZ,AWP,WE,Federal Contract Tower,0,13,5,0,18,0,11,80,0,91,0,24,85,0,109,20,0,20,129
07/04/2004,FLG,AZ,AWP,WE,Federal Contract Tower,0,8,3,0,11,0,9,87,0,96,0,17,90,0,107,18,0,18,125
07/05/2004,FLG,AZ,AWP,WE,Federal Contract Tower,0,14,6,0,20,0,3,130,0,133,0,17,136,0,153,40,0,40,193
07/06/2004,FLG,AZ,AWP,WE,Federal Contract Tower,0,16,7,1,24,0,22,93,3,118,0,38,100,4,142,20,4,24,166
07/07/2004,FLG,AZ,AWP,WE,Federal Contract Tower,0,15,6,1,22,0,7,62,1,70,0,22,68,2,92,36,0,36,128
07/08/2004,FLG,AZ,AWP,WE,Federal Contract Tower,0,16,7,0,23,0,21,89,0,110,0,37,96,0,133,68,0,68,201
07/09/2004,FLG,AZ,AWP,WE,Federal Contract Tower,0,19,8,0,27,0,16,77,0,93,0,35,85,0,120,24,0,24,144
07/10/2004,FLG,AZ,AWP,WE,Federal Contract Tower,0,15,8,1,24,0,0,85,5,90,0,15,93,6,114,40,0,40,154
07/11/2004,FLG,AZ,AWP,WE,Federal Contract Tower,0,10,4,0,14,0,8,88,0,96,0,18,92,0,110,18,0,18,128
07/12/2004,FLG,AZ,AWP,WE,Federal Contract Tower,0,16,7,1,24,0,12,84,1,97,0,28,91,2,121,56,0,56,177
07/13/2004,FLG,AZ,AWP,WE,Federal Contract Tower,0,10,4,0,14,0,19,73,0,92,0,29,77,0,106,40,0,40,146
07/14/2004,FLG,AZ,AWP,WE,Federal Contract Tower,0,17,7,0,24,0,17,50,0,67,0,34,57,0,91,26,0,26,117
07/15/2004,FLG,AZ,AWP,WE,Federal Contract Tower,0,17,7,0,24,0,22,61,3,86,0,39,68,3,110,42,2,44,154
07/16/2004,FLG,AZ,AWP,WE,Federal Contract Tower,0,17,7,0,24,0,16,68,2,86,0,33,75,2,110,28,4,32,142
07/17/2004,FLG,AZ,AWP,WE,Federal Contract Tower,0,18,7,0,25,0,19,84,4,107,0,37,91,4,132,12,4,16,148
07/18/2004,FLG,AZ,AWP,WE,Federal Contract Tower,0,14,6,0,20,0,9,110,0,119,0,23,116,0,139,40,0,40,179
07/19/2004,FLG,AZ,AWP,WE,Federal Contract Tower,0,14,6,0,20,0,13,45,0,58,0,27,51,0,78,10,0,10,88
07/20/2004,FLG,AZ,AWP,WE,Federal Contract Tower,0,18,7,0,25,0,9,46,0,55,0,27,53,0,80,22,0,22,102
07/21/2004,FLG,AZ,AWP,WE,Federal Contract Tower,0,16,6,0,22,0,5,68,2,75,0,21,74,2,97,22,0,22,119
07/22/2004,FLG,AZ,AWP,WE,Federal Contract Tower,0,20,8,0,28,0,26,79,4,109,0,46,87,4,137,32,22,54,191
07/23/2004,FLG,AZ,AWP,WE,Federal Contract Tower,0,11,4,0,15,0,17,58,2,77,0,28,62,2,92,6,4,10,102
07/24/2004,FLG,AZ,AWP,WE,Federal Contract Tower,0,13,5,0,18,0,19,86,0,105,0,32,91,0,123,22,0,22,145
07/25/2004,FLG,AZ,AWP,WE,Federal Contract Tower,0,12,4,0,16,0,2,65,0,67,0,14,69,0,83,18,0,18,101
07/26/2004,FLG,AZ,AWP,WE,Federal Contract Tower,0,19,7,0,26,0,17,76,0,93,0,36,83,0,119,54,0,54,173
07/27/2004,FLG,AZ,AWP,WE,Federal Contract Tower,0,19,8,0,27,0,19,65,0,84,0,38,73,0,111,60,0,60,171
07/28/2004,FLG,AZ,AWP,WE,Federal Contract Tower,0,17,7,0,24,0,29,73,0,102,0,46,80,0,126,30,0,30,156
07/29/2004,FLG,AZ,AWP,WE,Federal Contract Tower,0,15,6,0,21,0,19,76,3,98,0,34,82,3,119,52,0,52,171
07/30/2004,FLG,AZ,AWP,WE,Federal Contract Tower,0,17,6,0,23,0,19,83,3,105,0,36,89,3,128,58,6,64,192
07/31/2004,FLG,AZ,AWP,WE,Federal Contract Tower,0,13,5,0,18,0,17,86,1,104,0,30,91,1,122,22,0,22,144
08/01/2004,FLG,AZ,AWP,WE,Federal Contract Tower,0,14,7,0,21,0,3,100,0,103,0,17,107,0,124,50,0,50,174
08/02/2004,FLG,AZ,AWP,WE,Federal Contract Tower,0,14,8,0,22,0,8,64,0,72,0,22,72,0,94,46,0,46,140
08/03/2004,FLG,AZ,AWP,WE,Federal Contract Tower,0,14,7,0,21,0,20,96,0,116,0,34,103,0,137,64,0,64,201
08/04/2004,FLG,AZ,AWP,WE,Federal Contract Tower,0,21,9,0,30,0,16,40,2,58,0,37,49,2,88,32,0,32,120
08/05/2004,FLG,AZ,AWP,WE,Federal Contract Tower,0,14,6,0,20,0,20,75,0,95,0,34,81,0,115,44,0,44,159
08/06/2004,FLG,AZ,AWP,WE,Federal Contract Tower,0,14,7,0,21,0,18,61,0,79,0,32,68,0,100,12,0,12,112
08/07/2004,FLG,AZ,AWP,WE,Federal Contract Tower,0,12,6,0,18,0,14,67,4,85,0,26,73,4,103,28,6,34,137
08/08/2004,FLG,AZ,AWP,WE,Federal Contract Tower,0,16,8,0,24,0,9,92,2,103,0,25,100,2,127,40,6,46,173
08/09/2004,FLG,AZ,AWP,WE,Federal Contract Tower,0,14,6,0,20,0,14,66,0,80,0,28,72,0,100,40,0,40,140
08/10/2004,FLG,AZ,AWP,WE,Federal Contract Tower,0,16,7,0,23,0,20,62,0,82,0,36,69,0,105,48,0,48,153
08/11/2004,FLG,AZ,AWP,WE,Federal Contract Tower,0,16,7,0,23,0,23,82,4,109,0,39,89,4,132,46,4,50,182
08/12/2004,FLG,AZ,AWP,WE,Federal Contract Tower,0,14,6,1,21,0,27,52,3,82,0,41,58,4,103,16,4,20,123
08/13/2004,FLG,AZ,AWP,WE,Federal Contract Tower,0,19,7,1,27,0,21,98,3,122,0,40,105,4,149,56,6,62,211
08/14/2004,FLG,AZ,AWP,WE,Federal Contract Tower,0,12,4,1,17,0,5,82,1,88,0,17,86,2,105,48,0,48,153
08/15/2004,FLG,AZ,AWP,WE,Federal Contract Tower,0,13,5,0,18,0,5,44,0,49,0,18,49,0,67,22,0,22,89
08/16/2004,FLG,AZ,AWP,WE,Federal Contract Tower,0,15,5,0,20,0,8,56,2,66,0,23,61,2,86,32,0,32,118
08/17/2004,FLG,AZ,AWP,WE,Federal Contract Tower,0,17,6,0,23,0,21,69,0,90,0,38,75,0,113,40,0,40,153
08/18/2004,FLG,AZ,AWP,WE,Federal Contract Tower,0,20,7,0,27,0,5,48,2,55,0,25,55,2,82,28,0,28,110
08/19/2004,FLG,AZ,AWP,WE,Federal Contract Tower,0,15,5,0,20,0,13,77,2,92,0,28,82,2,112,20,4,24,136
08/20/2004,FLG,AZ,AWP,WE,Federal Contract Tower,0,16,6,0,22,0,10,79,2,91,0,26,85,2,113,24,4,28,141
08/21/2004,FLG,AZ,AWP,WE,Federal Contract Tower,0,13,5,0,18,0,2,68,8,78,0,15,73,8,96,50,20,70,166
08/22/2004,FLG,AZ,AWP,WE,Federal Contract Tower,0,11,4,0,15,0,2,94,4,100,0,13,98,4,115,48,0,48,163
08/23/2004,FLG,AZ,AWP,WE,Federal Contract Tower,0,13,5,0,18,0,9,53,0,62,0,22,58,0,80,44,0,44,124
08/24/2004,FLG,AZ,AWP,WE,Federal Contract Tower,0,18,7,0,25,0,12,53,0,65,0,30,60,0,90,58,0,58,148
08/25/2004,FLG,AZ,AWP,WE,Federal Contract Tower,0,15,6,0,21,0,18,92,0,110,0,33,98,0,131,34,0,34,165
08/26/2004,FLG,AZ,AWP,WE,Federal Contract Tower,0,13,5,0,18,0,21,96,2,119,0,34,101,2,137,22,6,28,165
08/27/2004,FLG,AZ,AWP,WE,Federal Contract Tower,0,20,8,0,28,0,11,101,2,114,0,31,109,2,142,40,8,48,190
08/28/2004,FLG,AZ,AWP,WE,Federal Contract Tower,0,14,5,0,19,0,9,66,0,75,0,23,71,0,94,50,0,50,144
08/29/2004,FLG,AZ,AWP,WE,Federal Contract Tower,0,8,2,0,10,0,6,91,0,97,0,14,93,0,107,48,0,48,155
08/30/2004,FLG,AZ,AWP,WE,Federal Contract Tower,0,14,5,0,19,0,8,74,0,82,0,22,79,0,101,60,0,60,161
08/31/2004,FLG,AZ,AWP,WE,Federal Contract Tower,0,18,7,0,25,0,15,71,0,86,0,33,78,0,111,30,0,30,141
09/01/2004,FLG,AZ,AWP,WE,Federal Contract Tower,0,13,6,0,19,0,21,69,0,90,0,34,75,0,109,54,0,54,163
09/02/2004,FLG,AZ,AWP,WE,Federal Contract Tower,0,8,6,0,14,0,24,62,0,86,0,32,68,0,100,26,0,26,126
09/03/2004,FLG,AZ,AWP,WE,Federal Contract Tower,0,13,7,0,20,0,15,48,3,66,0,28,55,3,86,12,0,12,98
09/04/2004,FLG,AZ,AWP,WE,Federal Contract Tower,0,12,6,0,18,0,2,56,0,58,0,14,62,0,76,50,0,50,126
09/05/2004,FLG,AZ,AWP,WE,Federal Contract Tower,0,8,5,0,13,0,14,92,0,106,0,22,97,0,119,76,0,76,195
09/06/2004,FLG,AZ,AWP,WE,Federal Contract Tower,0,15,6,1,22,0,6,97,0,103,0,21,103,1,125,56,0,56,181
09/07/2004,FLG,AZ,AWP,WE,Federal Contract Tower,0,13,5,0,18,0,15,93,0,108,0,28,98,0,126,70,0,70,196
09/08/2004,FLG,AZ,AWP,WE,Federal Contract Tower,0,20,8,1,29,0,17,83,1,101,0,37,91,2,130,66,4,70,200
09/09/2004,FLG,AZ,AWP,WE,Federal Contract Tower,0,11,5,1,17,0,26,53,1,80,0,37,58,2,97,86,6,92,189
09/10/2004,FLG,AZ,AWP,WE,Federal Contract Tower,0,18,8,1,27,0,21,84,0,105,0,39,92,1,132,8,0,8,140
09/11/2004,FLG,AZ,AWP,WE,Federal Contract Tower,0,12,5,0,17,0,9,79,0,88,0,21,84,0,105,58,0,58,163
09/12/2004,FLG,AZ,AWP,WE,Federal Contract Tower,0,11,4,1,16,0,5,82,3,90,0,16,86,4,106,46,2,48,154
09/13/2004,FLG,AZ,AWP,WE,Federal Contract Tower,0,12,5,0,17,0,11,47,0,58,0,23,52,0,75,50,0,50,125
09/14/2004,FLG,AZ,AWP,WE,Federal Contract Tower,0,15,6,1,22,0,21,133,0,154,0,36,139,1,176,80,0,80,256
09/15/2004,FLG,AZ,AWP,WE,Federal Contract Tower,0,14,5,0,19,0,11,76,1,88,0,25,81,1,107,68,2,70,177
09/16/2004,FLG,AZ,AWP,WE,Federal Contract Tower,0,21,8,0,29,0,14,86,1,101,0,35,94,1,130,16,0,16,146
09/17/2004,FLG,AZ,AWP,WE,Federal Contract Tower,0,12,5,0,17,0,9,77,1,87,0,21,82,1,104,22,0,22,126
09/18/2004,FLG,AZ,AWP,WE,Federal Contract Tower,0,8,3,0,11,0,6,85,4,95,0,14,88,4,106,32,2,34,140
09/19/2004,FLG,AZ,AWP,WE,Federal Contract Tower,0,13,7,0,20,0,0,5,0,5,0,13,12,0,25,0,0,0,25
09/20/2004,FLG,AZ,AWP,WE,Federal Contract Tower,0,16,6,0,22,0,7,35,0,42,0,23,41,0,64,34,0,34,98
09/21/2004,FLG,AZ,AWP,WE,Federal Contract Tower,0,12,5,0,17,0,15,87,3,105,0,27,92,3,122,48,2,50,172
09/22/2004,FLG,AZ,AWP,WE,Federal Contract Tower,0,12,4,0,16,0,18,90,0,108,0,30,94,0,124,58,0,58,182
09/23/2004,FLG,AZ,AWP,WE,Federal Contract Tower,0,13,5,0,18,0,19,80,8,107,0,32,85,8,125,52,4,56,181
09/24/2004,FLG,AZ,AWP,WE,Federal Contract Tower,0,21,8,0,29,0,16,96,6,118,0,37,104,6,147,46,4,50,197
09/25/2004,FLG,AZ,AWP,WE,Federal Contract Tower,0,14,6,0,20,0,7,84,1,92,0,21,90,1,112,32,0,32,144
09/26/2004,FLG,AZ,AWP,WE,Federal Contract Tower,0,16,6,0,22,0,6,88,0,94,0,22,94,0,116,52,0,52,168
09/27/2004,FLG,AZ,AWP,WE,Federal Contract Tower,0,21,9,0,30,0,8,71,2,81,0,29,80,2,111,30,2,32,143
09/28/2004,FLG,AZ,AWP,WE,Federal Contract Tower,0,18,8,0,26,0,18,69,2,89,0,36,77,2,115,26,0,26,141
09/29/2004,FLG,AZ,AWP,WE,Federal Contract Tower,0,0,0,0,0,0,24,35,0,59,0,24,35,0,59,6,0,6,65
09/30/2004,FLG,AZ,AWP,WE,Federal Contract Tower,0,0,0,0,0,0,32,72,0,104,0,32,72,0,104,40,0,40,144
10/01/2004,FLG,AZ,AWP,WE,Federal Contract Tower,2,16,9,0,27,0,13,59,1,73,2,29,68,1,100,42,0,42,142
10/02/2004,FLG,AZ,AWP,WE,Federal Contract Tower,0,11,1,0,12,0,5,82,0,87,0,16,83,0,99,32,0,32,131
10/03/2004,FLG,AZ,AWP,WE,Federal Contract Tower,0,10,5,0,15,0,4,69,0,73,0,14,74,0,88,30,0,30,118
10/04/2004,FLG,AZ,AWP,WE,Federal Contract Tower,0,15,6,0,21,0,10,69,0,79,0,25,75,0,100,46,0,46,146
10/05/2004,FLG,AZ,AWP,WE,Federal Contract Tower,0,8,4,0,12,0,21,68,0,89,0,29,72,0,101,54,0,54,155
10/06/2004,FLG,AZ,AWP,WE,Federal Contract Tower,0,12,6,0,18,0,18,94,0,112,0,30,100,0,130,62,2,64,194
10/07/2004,FLG,AZ,AWP,WE,Federal Contract Tower,0,13,9,0,22,0,17,83,0,100,0,30,92,0,122,44,0,44,166
10/08/2004,FLG,AZ,AWP,WE,Federal Contract Tower,0,13,11,0,24,0,19,85,0,104,0,32,96,0,128,26,0,26,154
10/09/2004,FLG,AZ,AWP,WE,Federal Contract Tower,0,15,5,0,20,0,9,78,6,93,0,24,83,6,113,62,0,62,175
10/10/2004,FLG,AZ,AWP,WE,Federal Contract Tower,0,10,7,0,17,0,3,61,0,64,0,13,68,0,81,10,0,10,91
10/11/2004,FLG,AZ,AWP,WE,Federal Contract Tower,0,12,8,0,20,0,11,54,0,65,0,23,62,0,85,56,0,56,141
10/12/2004,FLG,AZ,AWP,WE,Federal Contract Tower,0,20,5,0,25,0,14,100,2,116,0,34,105,2,141,54,10,64,205
10/13/2004,FLG,AZ,AWP,WE,Federal Contract Tower,0,16,7,0,23,0,8,37,0,45,0,24,44,0,68,12,0,12,80
10/14/2004,FLG,AZ,AWP,WE,Federal Contract Tower,0,14,13,0,27,0,19,60,4,83,0,33,73,4,110,64,8,72,182
10/15/2004,FLG,AZ,AWP,WE,Federal Contract Tower,0,11,12,0,23,0,12,73,0,85,0,23,85,0,108,38,0,38,146
10/16/2004,FLG,AZ,AWP,WE,Federal Contract Tower,0,7,3,0,10,0,5,65,6,76,0,12,68,6,86,58,0,58,144
10/17/2004,FLG,AZ,AWP,WE,Federal Contract Tower,0,12,3,1,16,0,0,31,0,31,0,12,34,1,47,10,2,12,59
10/18/2004,FLG,AZ,AWP,WE,Federal Contract Tower,0,18,7,0,25,0,3,36,0,39,0,21,43,0,64,30,0,30,94
10/19/2004,FLG,AZ,AWP,WE,Federal Contract Tower,0,25,17,0,42,0,10,22,0,32,0,35,39,0,74,8,0,8,82
10/20/2004,FLG,AZ,AWP,WE,Federal Contract Tower,0,15,8,0,23,0,7,17,0,24,0,22,25,0,47,8,0,8,55
10/21/2004,FLG,AZ,AWP,WE,Federal Contract Tower,0,15,10,0,25,0,1,6,0,7,0,16,16,0,32,0,0,0,32
10/22/2004,FLG,AZ,AWP,WE,Federal Contract Tower,0,17,14,2,33,0,10,34,0,44,0,27,48,2,77,18,0,18,95
10/23/2004,FLG,AZ,AWP,WE,Federal Contract Tower,0,12,2,1,15,0,5,103,1,109,0,17,105,2,124,52,4,56,180
10/24/2004,FLG,AZ,AWP,WE,Federal Contract Tower,0,14,4,0,18,0,5,72,0,77,0,19,76,0,95,50,0,50,145
10/25/2004,FLG,AZ,AWP,WE,Federal Contract Tower,0,12,11,0,23,0,11,69,0,80,0,23,80,0,103,50,0,50,153
10/26/2004,FLG,AZ,AWP,WE,Federal Contract Tower,0,18,13,2,33,0,14,27,0,41,0,32,40,2,74,14,2,16,90
10/27/2004,FLG,AZ,AWP,WE,Federal Contract Tower,0,22,6,0,28,0,2,1,1,4,0,24,7,1,32,0,0,0,32
10/28/2004,FLG,AZ,AWP,WE,Federal Contract Tower,0,4,0,0,4,0,0,0,0,0,0,4,0,0,4,0,0,0,4
10/29/2004,FLG,AZ,AWP,WE,Federal Contract Tower,0,12,10,0,22,0,12,88,0,100,0,24,98,0,122,94,0,94,216
10/30/2004,FLG,AZ,AWP,WE,Federal Contract Tower,0,9,3,0,12,0,11,86,8,105,0,20,89,8,117,62,0,62,179
10/31/2004,FLG,AZ,AWP,WE,Federal Contract Tower,0,5,2,0,7,0,0,67,2,69,0,5,69,2,76,30,20,50,126
11/01/2004,FLG,AZ,AWP,WE,Federal Contract Tower,0,11,5,0,16,0,11,31,0,42,0,22,36,0,58,6,0,6,64
11/02/2004,FLG,AZ,AWP,WE,Federal Contract Tower,0,9,7,0,16,0,11,73,0,84,0,20,80,0,100,32,0,32,132
11/03/2004,FLG,AZ,AWP,WE,Federal Contract Tower,0,9,7,0,16,0,11,82,0,93,0,20,89,0,109,94,0,94,203
11/04/2004,FLG,AZ,AWP,WE,Federal Contract Tower,0,9,8,0,17,0,19,59,0,78,0,28,67,0,95,60,0,60,155
11/05/2004,FLG,AZ,AWP,WE,Federal Contract Tower,0,7,8,1,16,0,14,64,1,79,0,21,72,2,95,52,4,56,151
11/06/2004,FLG,AZ,AWP,WE,Federal Contract Tower,0,8,0,0,8,0,3,80,0,83,0,11,80,0,91,44,0,44,135
11/07/2004,FLG,AZ,AWP,WE,Federal Contract Tower,0,7,4,0,11,0,0,21,0,21,0,7,25,0,32,14,2,16,48
11/08/2004,FLG,AZ,AWP,WE,Federal Contract Tower,0,12,11,0,23,0,4,6,0,10,0,16,17,0,33,0,0,0,33
11/09/2004,FLG,AZ,AWP,WE,Federal Contract Tower,0,20,15,0,35,0,16,31,0,47,0,36,46,0,82,60,0,60,142
11/10/2004,FLG,AZ,AWP,WE,Federal Contract Tower,0,10,10,0,20,0,19,118,1,138,0,29,128,1,158,78,0,78,236
11/11/2004,FLG,AZ,AWP,WE,Federal Contract Tower,0,8,5,0,13,0,16,92,4,112,0,24,97,4,125,64,8,72,197
11/12/2004,FLG,AZ,AWP,WE,Federal Contract Tower,0,8,14,0,22,0,11,29,0,40,0,19,43,0,62,28,0,28,90
11/13/2004,FLG,AZ,AWP,WE,Federal Contract Tower,0,12,2,0,14,0,0,4,0,4,0,12,6,0,18,0,0,0,18
11/14/2004,FLG,AZ,AWP,WE,Federal Contract Tower,0,6,8,0,14,0,3,6,2,11,0,9,14,2,25,6,1,7,32
11/15/2004,FLG,AZ,AWP,WE,Federal Contract Tower,0,12,15,0,27,0,10,49,0,59,0,22,64,0,86,16,0,16,102
11/16/2004,FLG,AZ,AWP,WE,Federal Contract Tower,0,12,11,0,23,0,15,59,0,74,0,27,70,0,97,20,0,20,117
11/17/2004,FLG,AZ,AWP,WE,Federal Contract Tower,0,12,4,2,18,0,16,103,0,119,0,28,107,2,137,64,0,64,201
11/18/2004,FLG,AZ,AWP,WE,Federal Contract Tower,0,12,8,0,20,0,30,94,2,126,0,42,102,2,146,50,0,50,196
11/19/2004,FLG,AZ,AWP,WE,Federal Contract Tower,0,9,7,0,16,0,14,76,0,90,0,23,83,0,106,108,0,108,214
11/20/2004,FLG,AZ,AWP,WE,Federal Contract Tower,2,10,5,0,17,0,1,5,1,7,2,11,10,1,24,0,0,0,24
11/21/2004,FLG,AZ,AWP,WE,Federal Contract Tower,0,0,4,0,4,0,0,0,0,0,0,0,4,0,4,0,0,0,4
11/22/2004,FLG,AZ,AWP,WE,Federal Contract Tower,0,13,6,0,19,0,1,1,0,2,0,14,7,0,21,0,0,0,21
11/23/2004,FLG,AZ,AWP,WE,Federal Contract Tower,0,16,8,0,24,0,10,74,1,85,0,26,82,1,109,44,0,44,153
11/24/2004,FLG,AZ,AWP,WE,Federal Contract Tower,0,14,11,0,25,0,22,86,0,108,0,36,97,0,133,56,0,56,189
11/25/2004,FLG,AZ,AWP,WE,Federal Contract Tower,0,8,3,0,11,0,9,45,0,54,0,17,48,0,65,24,0,24,89
11/26/2004,FLG,AZ,AWP,WE,Federal Contract Tower,0,11,8,0,19,0,10,44,0,54,0,21,52,0,73,46,0,46,119
11/27/2004,FLG,AZ,AWP,WE,Federal Contract Tower,0,16,5,0,21,0,4,26,0,30,0,20,31,0,51,2,0,2,53
11/28/2004,FLG,AZ,AWP,WE,Federal Contract Tower,0,8,3,0,11,0,3,11,0,14,0,11,14,0,25,8,0,8,33
11/29/2004,FLG,AZ,AWP,WE,Federal Contract Tower,0,11,4,0,15,0,10,37,0,47,0,21,41,0,62,28,0,28,90
11/30/2004,FLG,AZ,AWP,WE,Federal Contract Tower,0,11,8,0,19,0,14,58,0,72,0,25,66,0,91,40,0,40,131
12/01/2004,FLG,AZ,AWP,WE,Federal Contract Tower,0,10,11,0,21,0,13,75,0,88,0,23,86,0,109,60,0,60,169
12/02/2004,FLG,AZ,AWP,WE,Federal Contract Tower,0,12,9,0,21,0,18,73,0,91,0,30,82,0,112,32,0,32,144
12/03/2004,FLG,AZ,AWP,WE,Federal Contract Tower,0,8,7,0,15,0,18,56,0,74,0,26,63,0,89,34,0,34,123
12/04/2004,FLG,AZ,AWP,WE,Federal Contract Tower,0,7,5,0,12,0,0,45,2,47,0,7,50,2,59,22,0,22,81
12/05/2004,FLG,AZ,AWP,WE,Federal Contract Tower,0,5,4,2,11,0,0,0,4,4,0,5,4,6,15,0,0,0,15
12/06/2004,FLG,AZ,AWP,WE,Federal Contract Tower,0,17,11,0,28,0,0,7,3,10,0,17,18,3,38,0,0,0,38
12/07/2004,FLG,AZ,AWP,WE,Federal Contract Tower,0,19,16,2,37,0,0,0,0,0,0,19,16,2,37,0,0,0,37
12/08/2004,FLG,AZ,AWP,WE,Federal Contract Tower,0,24,8,0,32,0,1,6,0,7,0,25,14,0,39,10,0,10,49
12/09/2004,FLG,AZ,AWP,WE,Federal Contract Tower,0,10,4,2,16,0,16,78,0,94,0,26,82,2,110,58,0,58,168
12/10/2004,FLG,AZ,AWP,WE,Federal Contract Tower,0,13,4,0,17,0,14,70,2,86,0,27,74,2,103,52,4,56,159
12/11/2004,FLG,AZ,AWP,WE,Federal Contract Tower,0,10,5,0,15,0,6,81,3,90,0,16,86,3,105,68,6,74,179
12/12/2004,FLG,AZ,AWP,WE,Federal Contract Tower,0,5,2,1,8,0,4,97,2,103,0,9,99,3,111,32,0,32,143
12/13/2004,FLG,AZ,AWP,WE,Federal Contract Tower,0,10,3,0,13,0,10,78,8,96,0,20,81,8,109,102,0,102,211
12/14/2004,FLG,AZ,AWP,WE,Federal Contract Tower,0,11,7,0,18,0,17,64,0,81,0,28,71,0,99,52,2,54,153
12/15/2004,FLG,AZ,AWP,WE,Federal Contract Tower,0,11,8,0,19,0,12,63,1,76,0,23,71,1,95,50,6,56,151
12/16/2004,FLG,AZ,AWP,WE,Federal Contract Tower,0,8,4,0,12,0,17,34,0,51,0,25,38,0,63,12,0,12,75
12/17/2004,FLG,AZ,AWP,WE,Federal Contract Tower,0,9,7,0,16,0,17,58,0,75,0,26,65,0,91,34,0,34,125
12/18/2004,FLG,AZ,AWP,WE,Federal Contract Tower,0,7,2,0,9,0,3,44,2,49,0,10,46,2,58,22,0,22,80
12/19/2004,FLG,AZ,AWP,WE,Federal Contract Tower,0,7,3,0,10,0,3,113,0,116,0,10,116,0,126,38,0,38,164
12/20/2004,FLG,AZ,AWP,WE,Federal Contract Tower,0,8,5,0,13,0,11,82,2,95,0,19,87,2,108,100,0,100,208
12/21/2004,FLG,AZ,AWP,WE,Federal Contract Tower,0,14,10,0,24,0,15,79,0,94,0,29,89,0,118,64,0,64,182
12/22/2004,FLG,AZ,AWP,WE,Federal Contract Tower,0,8,4,0,12,0,8,56,0,64,0,16,60,0,76,50,0,50,126
12/23/2004,FLG,AZ,AWP,WE,Federal Contract Tower,0,10,5,0,15,0,19,40,0,59,0,29,45,0,74,18,0,18,92
12/24/2004,FLG,AZ,AWP,WE,Federal Contract Tower,0,8,0,0,8,0,18,32,0,50,0,26,32,0,58,0,0,0,58
12/25/2004,FLG,AZ,AWP,WE,Federal Contract Tower,0,8,0,0,8,0,3,28,0,31,0,11,28,0,39,10,0,10,49
12/26/2004,FLG,AZ,AWP,WE,Federal Contract Tower,0,11,4,0,15,0,4,84,0,88,0,15,88,0,103,50,0,50,153
12/27/2004,FLG,AZ,AWP,WE,Federal Contract Tower,0,12,2,0,14,0,12,29,0,41,0,24,31,0,55,14,0,14,69
12/28/2004,FLG,AZ,AWP,WE,Federal Contract Tower,0,12,7,0,19,0,6,16,0,22,0,18,23,0,41,4,0,4,45
12/29/2004,FLG,AZ,AWP,WE,Federal Contract Tower,0,12,9,0,21,0,0,0,0,0,0,12,9,0,21,0,0,0,21
12/30/2004,FLG,AZ,AWP,WE,Federal Contract Tower,0,17,5,0,22,0,15,53,2,70,0,32,58,2,92,32,4,36,128
12/31/2004,FLG,AZ,AWP,WE,Federal Contract Tower,0,20,9,0,29,0,7,22,0,29,0,27,31,0,58,0,0,0,58
01/01/2005,FLG,AZ,AWP,WE,Federal Contract Tower,0,11,2,0,13,0,6,31,0,37,0,17,33,0,50,8,0,8,58
01/02/2005,FLG,AZ,AWP,WE,Federal Contract Tower,0,8,2,0,10,0,1,29,0,30,0,9,31,0,40,6,0,6,46
01/03/2005,FLG,AZ,AWP,WE,Federal Contract Tower,0,5,3,0,8,0,0,1,0,1,0,5,4,0,9,0,0,0,9
01/04/2005,FLG,AZ,AWP,WE,Federal Contract Tower,0,2,0,0,2,0,0,0,0,0,0,2,0,0,2,0,0,0,2
01/05/2005,FLG,AZ,AWP,WE,Federal Contract Tower,0,10,6,0,16,0,3,16,0,19,0,13,22,0,35,0,0,0,35
01/06/2005,FLG,AZ,AWP,WE,Federal Contract Tower,0,16,7,0,23,0,18,51,0,69,0,34,58,0,92,26,0,26,118
01/07/2005,FLG,AZ,AWP,WE,Federal Contract Tower,0,3,5,0,8,0,5,17,1,23,0,8,22,1,31,20,0,20,51
01/08/2005,FLG,AZ,AWP,WE,Federal Contract Tower,0,1,0,0,1,0,0,4,0,4,0,1,4,0,5,2,0,2,7
01/09/2005,FLG,AZ,AWP,WE,Federal Contract Tower,0,0,0,0,0,0,0,4,0,4,0,0,4,0,4,0,0,0,4
01/10/2005,FLG,AZ,AWP,WE,Federal Contract Tower,0,12,3,0,15,0,6,9,0,15,0,18,12,0,30,0,0,0,30
01/11/2005,FLG,AZ,AWP,WE,Federal Contract Tower,0,7,7,0,14,0,0,0,0,0,0,7,7,0,14,0,0,0,14
01/12/2005,FLG,AZ,AWP,WE,Federal Contract Tower,0,11,1,2,14,0,15,67,0,82,0,26,68,2,96,22,0,22,118
01/13/2005,FLG,AZ,AWP,WE,Federal Contract Tower,0,7,5,1,13,0,17,71,5,93,0,24,76,6,106,46,4,50,156
01/14/2005,FLG,AZ,AWP,WE,Federal Contract Tower,0,9,12,0,21,0,13,95,0,108,0,22,107,0,129,90,0,90,219
01/15/2005,FLG,AZ,AWP,WE,Federal Contract Tower,0,7,2,0,9,0,2,74,1,77,0,9,76,1,86,56,0,56,142
01/16/2005,FLG,AZ,AWP,WE,Federal Contract Tower,0,7,8,0,15,0,2,107,0,109,0,9,115,0,124,54,0,54,178
01/17/2005,FLG,AZ,AWP,WE,Federal Contract Tower,0,6,10,0,16,0,7,68,0,75,0,13,78,0,91,60,0,60,151
01/18/2005,FLG,AZ,AWP,WE,Federal Contract Tower,0,10,8,0,18,0,21,85,0,106,0,31,93,0,124,24,0,24,148
01/19/2005,FLG,AZ,AWP,WE,Federal Contract Tower,0,11,8,0,19,0,10,58,6,74,0,21,66,6,93,40,6,46,139
01/20/2005,FLG,AZ,AWP,WE,Federal Contract Tower,0,8,4,0,12,0,17,64,0,81,0,25,68,0,93,44,0,44,137
01/21/2005,FLG,AZ,AWP,WE,Federal Contract Tower,0,10,5,0,15,0,13,74,0,87,0,23,79,0,102,48,0,48,150
01/22/2005,FLG,AZ,AWP,WE,Federal Contract Tower,0,11,2,0,13,0,2,83,0,85,0,13,85,0,98,52,0,52,150
01/23/2005,FLG,AZ,AWP,WE,Federal Contract Tower,0,5,2,0,7,0,2,93,0,95,0,7,95,0,102,52,0,52,154
01/24/2005,FLG,AZ,AWP,WE,Federal Contract Tower,0,18,6,0,24,0,3,30,0,33,0,21,36,0,57,28,0,28,85
01/25/2005,FLG,AZ,AWP,WE,Federal Contract Tower,0,10,6,0,16,0,11,53,0,64,0,21,59,0,80,43,0,43,123
01/26/2005,FLG,AZ,AWP,WE,Federal Contract Tower,0,13,11,0,24,0,0,5,0,5,0,13,16,0,29,0,0,0,29
01/27/2005,FLG,AZ,AWP,WE,Federal Contract Tower,0,15,6,0,21,0,1,10,0,11,0,16,16,0,32,0,0,0,32
01/28/2005,FLG,AZ,AWP,WE,Federal Contract Tower,0,15,8,0,23,0,10,54,4,68,0,25,62,4,91,38,6,44,135
01/29/2005,FLG,AZ,AWP,WE,Federal Contract Tower,0,5,0,0,5,0,0,0,0,0,0,5,0,0,5,0,0,0,5
01/30/2005,FLG,AZ,AWP,WE,Federal Contract Tower,0,5,4,0,9,0,0,45,0,45,0,5,49,0,54,10,0,10,64
01/31/2005,FLG,AZ,AWP,WE,Federal Contract Tower,0,15,6,1,22,0,12,25,0,37,0,27,31,1,59,16,0,16,75
02/01/2005,FLG,AZ,AWP,WE,Federal Contract Tower,0,13,7,0,20,0,10,48,6,64,0,23,55,6,84,14,0,14,98
02/02/2005,FLG,AZ,AWP,WE,Federal Contract Tower,0,11,1,0,12,0,10,35,6,51,0,21,36,6,63,8,0,8,71
02/03/2005,FLG,AZ,AWP,WE,Federal Contract Tower,0,11,3,1,15,0,22,30,2,54,0,33,33,3,69,20,2,22,91
02/04/2005,FLG,AZ,AWP,WE,Federal Contract Tower,0,9,4,0,13,0,22,70,0,92,0,31,74,0,105,58,0,58,163
02/05/2005,FLG,AZ,AWP,WE,Federal Contract Tower,0,8,6,0,14,0,6,96,3,105,0,14,102,3,119,52,8,60,179
02/06/2005,FLG,AZ,AWP,WE,Federal Contract Tower,0,9,1,0,10,0,4,23,0,27,0,13,24,0,37,26,0,26,63
02/07/2005,FLG,AZ,AWP,WE,Federal Contract Tower,0,11,9,0,20,0,0,0,0,0,0,11,9,0,20,2,0,2,22
02/08/2005,FLG,AZ,AWP,WE,Federal Contract Tower,0,9,12,0,21,0,16,45,2,63,0,25,57,2,84,32,12,44,128
02/09/2005,FLG,AZ,AWP,WE,Federal Contract Tower,0,10,8,0,18,0,19,56,4,79,0,29,64,4,97,18,2,20,117
02/10/2005,FLG,AZ,AWP,WE,Federal Contract Tower,0,10,6,0,16,0,14,40,0,54,0,24,46,0,70,48,0,48,118
02/11/2005,FLG,AZ,AWP,WE,Federal Contract Tower,0,12,7,0,19,0,0,3,0,3,0,12,10,0,22,0,0,0,22
02/12/2005,FLG,AZ,AWP,WE,Federal Contract Tower,0,9,5,0,14,0,0,2,0,2,0,9,7,0,16,0,0,0,16
02/13/2005,FLG,AZ,AWP,WE,Federal Contract Tower,0,5,4,0,9,0,5,58,6,69,0,10,62,6,78,32,0,32,110
02/14/2005,FLG,AZ,AWP,WE,Federal Contract Tower,0,17,9,0,26,0,10,62,0,72,0,27,71,0,98,58,0,58,156
02/15/2005,FLG,AZ,AWP,WE,Federal Contract Tower,0,16,18,0,34,0,7,52,0,59,0,23,70,0,93,42,0,42,135
02/16/2005,FLG,AZ,AWP,WE,Federal Contract Tower,0,11,9,0,20,0,14,42,1,57,0,25,51,1,77,22,0,22,99
02/17/2005,FLG,AZ,AWP,WE,Federal Contract Tower,0,12,4,0,16,0,25,45,1,71,0,37,49,1,87,36,0,36,123
02/18/2005,FLG,AZ,AWP,WE,Federal Contract Tower,0,19,14,0,33,0,0,0,0,0,0,19,14,0,33,0,0,0,33
02/19/2005,FLG,AZ,AWP,WE,Federal Contract Tower,0,5,3,0,8,0,2,1,0,3,0,7,4,0,11,0,0,0,11
02/20/2005,FLG,AZ,AWP,WE,Federal Contract Tower,0,10,5,0,15,0,0,6,0,6,0,10,11,0,21,0,0,0,21
02/21/2005,FLG,AZ,AWP,WE,Federal Contract Tower,0,12,9,1,22,0,4,25,1,30,0,16,34,2,52,28,0,28,80
02/22/2005,FLG,AZ,AWP,WE,Federal Contract Tower,0,15,7,0,22,0,3,5,0,8,0,18,12,0,30,2,0,2,32
02/23/2005,FLG,AZ,AWP,WE,Federal Contract Tower,0,13,10,0,23,0,4,8,0,12,0,17,18,0,35,0,0,0,35
02/24/2005,FLG,AZ,AWP,WE,Federal Contract Tower,0,16,13,0,29,0,3,12,0,15,0,19,25,0,44,0,0,0,44
02/25/2005,FLG,AZ,AWP,WE,Federal Contract Tower,0,18,19,0,37,0,14,26,0,40,0,32,45,0,77,14,0,14,91
02/26/2005,FLG,AZ,AWP,WE,Federal Contract Tower,0,12,3,0,15,0,4,18,0,22,0,16,21,0,37,4,0,4,41
02/27/2005,FLG,AZ,AWP,WE,Federal Contract Tower,0,5,1,1,7,0,2,78,3,83,0,7,79,4,90,44,4,48,138
02/28/2005,FLG,AZ,AWP,WE,Federal Contract Tower,0,9,5,0,14,0,11,70,0,81,0,20,75,0,95,48,0,48,143
03/01/2005,FLG,AZ,AWP,WE,Federal Contract Tower,0,10,3,0,13,0,13,64,0,77,0,23,67,0,90,70,0,70,160
03/02/2005,FLG,AZ,AWP,WE,Federal Contract Tower,0,9,6,0,15,0,15,73,2,90,0,24,79,2,105,36,6,42,147
03/03/2005,FLG,AZ,AWP,WE,Federal Contract Tower,0,18,17,0,35,0,8,38,0,46,0,26,55,0,81,24,0,24,105
03/04/2005,FLG,AZ,AWP,WE,Federal Contract Tower,0,16,7,0,23,0,12,105,3,120,0,28,112,3,143,92,6,98,241
03/05/2005,FLG,AZ,AWP,WE,Federal Contract Tower,0,6,3,0,9,0,1,8,0,9,0,7,11,0,18,2,0,2,20
03/06/2005,FLG,AZ,AWP,WE,Federal Contract Tower,0,6,8,0,14,0,6,15,0,21,0,12,23,0,35,4,0,4,39
03/07/2005,FLG,AZ,AWP,WE,Federal Contract Tower,0,11,8,0,19,0,14,76,2,92,0,25,84,2,111,42,0,42,153
03/08/2005,FLG,AZ,AWP,WE,Federal Contract Tower,0,12,3,0,15,0,12,76,3,91,0,24,79,3,106,46,4,50,156
03/09/2005,FLG,AZ,AWP,WE,Federal Contract Tower,0,8,7,0,15,0,11,87,4,102,0,19,94,4,117,20,4,24,141
03/10/2005,FLG,AZ,AWP,WE,Federal Contract Tower,0,14,4,0,18,0,15,58,1,74,0,29,62,1,92,42,0,42,134
03/11/2005,FLG,AZ,AWP,WE,Federal Contract Tower,0,10,3,0,13,0,13,53,3,69,0,23,56,3,82,29,0,29,111
03/12/2005,FLG,AZ,AWP,WE,Federal Contract Tower,0,6,3,0,9,0,4,69,3,76,0,10,72,3,85,30,0,30,115
03/13/2005,FLG,AZ,AWP,WE,Federal Contract Tower,0,6,3,0,9,0,6,66,5,77,0,12,69,5,86,24,0,24,110
03/14/2005,FLG,AZ,AWP,WE,Federal Contract Tower,0,8,4,0,12,0,0,2,0,2,0,8,6,0,14,0,0,0,14
03/15/2005,FLG,AZ,AWP,WE,Federal Contract Tower,0,15,11,0,26,0,15,39,0,54,0,30,50,0,80,14,0,14,94
03/16/2005,FLG,AZ,AWP,WE,Federal Contract Tower,0,8,11,1,20,0,20,67,5,92,0,28,78,6,112,30,6,36,148
03/17/2005,FLG,AZ,AWP,WE,Federal Contract Tower,0,13,6,0,19,0,21,55,0,76,0,34,61,0,95,50,0,50,145
03/18/2005,FLG,AZ,AWP,WE,Federal Contract Tower,0,10,10,1,21,0,4,56,0,60,0,14,66,1,81,36,4,40,121
03/19/2005,FLG,AZ,AWP,WE,Federal Contract Tower,0,7,7,0,14,0,0,1,0,1,0,7,8,0,15,0,0,0,15
03/20/2005,FLG,AZ,AWP,WE,Federal Contract Tower,0,6,0,0,6,0,3,6,0,9,0,9,6,0,15,0,0,0,15
03/21/2005,FLG,AZ,AWP,WE,Federal Contract Tower,0,10,11,0,21,0,15,59,0,74,0,25,70,0,95,20,0,20,115
03/22/2005,FLG,AZ,AWP,WE,Federal Contract Tower,0,10,10,2,22,0,16,52,4,72,0,26,62,6,94,52,6,58,152
03/23/2005,FLG,AZ,AWP,WE,Federal Contract Tower,0,9,8,0,17,0,5,7,0,12,0,14,15,0,29,0,0,0,29
03/24/2005,FLG,AZ,AWP,WE,Federal Contract Tower,0,16,6,3,25,0,8,12,1,21,0,24,18,4,46,18,0,18,64
03/25/2005,FLG,AZ,AWP,WE,Federal Contract Tower,0,16,12,0,28,0,2,11,0,13,0,18,23,0,41,0,0,0,41
03/26/2005,FLG,AZ,AWP,WE,Federal Contract Tower,0,6,4,0,10,0,6,69,0,75,0,12,73,0,85,22,0,22,107
03/27/2005,FLG,AZ,AWP,WE,Federal Contract Tower,0,5,0,0,5,0,6,82,2,90,0,11,82,2,95,63,0,63,158
03/28/2005,FLG,AZ,AWP,WE,Federal Contract Tower,0,15,4,2,21,0,13,40,0,53,0,28,44,2,74,16,0,16,90
03/29/2005,FLG,AZ,AWP,WE,Federal Contract Tower,0,12,2,0,14,0,19,34,0,53,0,31,36,0,67,10,0,10,77
03/30/2005,FLG,AZ,AWP,WE,Federal Contract Tower,0,9,3,0,12,0,12,70,0,82,0,21,73,0,94,20,0,20,114
03/31/2005,FLG,AZ,AWP,WE,Federal Contract Tower,0,15,7,2,24,0,17,39,0,56,0,32,46,2,80,26,2,28,108
04/01/2005,FLG,AZ,AWP,WE,Federal Contract Tower,0,17,5,0,22,0,16,63,0,79,0,33,68,0,101,64,0,64,165
04/02/2005,FLG,AZ,AWP,WE,Federal Contract Tower,0,8,2,0,10,0,4,103,0,107,0,12,105,0,117,34,0,34,151
04/03/2005,FLG,AZ,AWP,WE,Federal Contract Tower,0,12,7,0,19,0,13,68,0,81,0,25,75,0,100,64,0,64,164
04/04/2005,FLG,AZ,AWP,WE,Federal Contract Tower,0,15,3,0,18,0,9,32,0,41,0,24,35,0,59,22,0,22,81
04/05/2005,FLG,AZ,AWP,WE,Federal Contract Tower,0,14,7,0,21,0,15,72,0,87,0,29,79,0,108,32,0,32,140
04/06/2005,FLG,AZ,AWP,WE,Federal Contract Tower,0,14,6,0,20,0,24,82,0,106,0,38,88,0,126,30,0,30,156
04/07/2005,FLG,AZ,AWP,WE,Federal Contract Tower,0,14,5,0,19,0,24,58,2,84,0,38,63,2,103,28,0,28,131
04/08/2005,FLG,AZ,AWP,WE,Federal Contract Tower,0,16,8,0,24,0,18,60,0,78,0,34,68,0,102,14,0,14,116
04/09/2005,FLG,AZ,AWP,WE,Federal Contract Tower,0,18,6,0,24,0,0,4,0,4,0,18,10,0,28,0,0,0,28
04/10/2005,FLG,AZ,AWP,WE,Federal Contract Tower,0,13,7,2,22,0,7,58,2,67,0,20,65,4,89,48,0,48,137
04/11/2005,FLG,AZ,AWP,WE,Federal Contract Tower,0,16,12,0,28,0,6,93,0,99,0,22,105,0,127,96,0,96,223
04/12/2005,FLG,AZ,AWP,WE,Federal Contract Tower,0,12,5,0,17,0,24,89,0,113,0,36,94,0,130,50,0,50,180
04/13/2005,FLG,AZ,AWP,WE,Federal Contract Tower,0,12,4,0,16,0,20,76,0,96,0,32,80,0,112,32,0,32,144
04/14/2005,FLG,AZ,AWP,WE,Federal Contract Tower,0,16,8,0,24,0,16,79,2,97,0,32,87,2,121,20,0,20,141
04/15/2005,FLG,AZ,AWP,WE,Federal Contract Tower,0,15,9,3,27,0,24,73,0,97,0,39,82,3,124,54,8,62,186
04/16/2005,FLG,AZ,AWP,WE,Federal Contract Tower,0,11,6,0,17,0,4,106,3,113,0,15,112,3,130,30,0,30,160
04/17/2005,FLG,AZ,AWP,WE,Federal Contract Tower,0,15,5,0,20,0,4,97,0,101,0,19,102,0,121,34,0,34,155
04/18/2005,FLG,AZ,AWP,WE,Federal Contract Tower,0,14,8,0,22,0,14,50,0,64,0,28,58,0,86,22,0,22,108
04/19/2005,FLG,AZ,AWP,WE,Federal Contract Tower,0,15,6,0,21,0,14,39,0,53,0,29,45,0,74,12,0,12,86
04/20/2005,FLG,AZ,AWP,WE,Federal Contract Tower,0,12,4,1,17,0,14,43,0,57,0,26,47,1,74,18,4,22,96
04/21/2005,FLG,AZ,AWP,WE,Federal Contract Tower,0,13,7,0,20,0,23,95,0,118,0,36,102,0,138,64,0,64,202
04/22/2005,FLG,AZ,AWP,WE,Federal Contract Tower,0,24,17,2,43,0,13,68,1,82,0,37,85,3,125,46,4,50,175
04/23/2005,FLG,AZ,AWP,WE,Federal Contract Tower,0,9,1,0,10,0,5,51,1,57,0,14,52,1,67,16,0,16,83
04/24/2005,FLG,AZ,AWP,WE,Federal Contract Tower,0,12,10,0,22,0,1,4,0,5,0,13,14,0,27,6,0,6,33
04/25/2005,FLG,AZ,AWP,WE,Federal Contract Tower,0,15,10,0,25,0,9,30,1,40,0,24,40,1,65,10,0,10,75
04/26/2005,FLG,AZ,AWP,WE,Federal Contract Tower,0,22,8,0,30,0,12,105,0,117,0,34,113,0,147,72,0,72,219
04/27/2005,FLG,AZ,AWP,WE,Federal Contract Tower,0,14,9,0,23,0,18,59,2,79,0,32,68,2,102,26,0,26,128
04/28/2005,FLG,AZ,AWP,WE,Federal Contract Tower,0,22,10,0,32,0,7,22,0,29,0,29,32,0,61,8,0,8,69
04/29/2005,FLG,AZ,AWP,WE,Federal Contract Tower,0,15,6,0,21,0,8,51,0,59,0,23,57,0,80,44,0,44,124
04/30/2005,FLG,AZ,AWP,WE,Federal Contract Tower,0,13,9,0,22,0,5,112,1,118,0,18,121,1,140,52,0,52,192
05/01/2005,FLG,AZ,AWP,WE,Federal Contract Tower,0,11,7,1,19,0,7,62,0,69,0,18,69,1,88,26,2,28,116
05/02/2005,FLG,AZ,AWP,WE,Federal Contract Tower,0,18,8,0,26,0,14,51,2,67,0,32,59,2,93,37,0,37,130
05/03/2005,FLG,AZ,AWP,WE,Federal Contract Tower,0,14,6,0,20,0,15,66,0,81,0,29,72,0,101,24,0,24,125
05/04/2005,FLG,AZ,AWP,WE,Federal Contract Tower,0,14,4,1,19,0,5,63,4,72,0,19,67,5,91,28,8,36,127
05/05/2005,FLG,AZ,AWP,WE,Federal Contract Tower,0,16,11,0,27,0,27,50,0,77,0,43,61,0,104,24,0,24,128
05/06/2005,FLG,AZ,AWP,WE,Federal Contract Tower,0,22,20,0,42,0,14,32,0,46,0,36,52,0,88,2,0,2,90
05/07/2005,FLG,AZ,AWP,WE,Federal Contract Tower,0,18,4,0,22,0,4,81,0,85,0,22,85,0,107,56,0,56,163
05/08/2005,FLG,AZ,AWP,WE,Federal Contract Tower,0,11,1,2,14,0,1,69,0,70,0,12,70,2,84,38,0,38,122
05/09/2005,FLG,AZ,AWP,WE,Federal Contract Tower,0,13,7,0,20,0,10,52,0,62,0,23,59,0,82,44,2,46,128
05/10/2005,FLG,AZ,AWP,WE,Federal Contract Tower,0,18,5,0,23,0,12,40,0,52,0,30,45,0,75,18,4,22,97
05/11/2005,FLG,AZ,AWP,WE,Federal Contract Tower,0,12,6,2,20,0,16,49,0,65,0,28,55,2,85,22,0,22,107
05/12/2005,FLG,AZ,AWP,WE,Federal Contract Tower,0,13,8,0,21,0,17,86,0,103,0,30,94,0,124,52,0,52,176
05/13/2005,FLG,AZ,AWP,WE,Federal Contract Tower,0,16,12,2,30,0,15,76,0,91,0,31,88,2,121,32,4,36,157
05/14/2005,FLG,AZ,AWP,WE,Federal Contract Tower,0,14,7,0,21,0,8,76,2,86,0,22,83,2,107,72,4,76,183
05/15/2005,FLG,AZ,AWP,WE,Federal Contract Tower,0,12,9,0,21,0,7,66,2,75,0,19,75,2,96,54,5,59,155
05/16/2005,FLG,AZ,AWP,WE,Federal Contract Tower,0,12,6,0,18,0,10,44,0,54,0,22,50,0,72,14,0,14,86
05/17/2005,FLG,AZ,AWP,WE,Federal Contract Tower,0,16,3,0,19,0,11,58,1,70,0,27,61,1,89,36,0,36,125
05/18/2005,FLG,AZ,AWP,WE,Federal Contract Tower,0,12,4,1,17,0,13,72,1,86,0,25,76,2,103,22,8,30,133
05/19/2005,FLG,AZ,AWP,WE,Federal Contract Tower,0,10,5,0,15,0,17,89,0,106,0,27,94,0,121,88,0,88,209
05/20/2005,FLG,AZ,AWP,WE,Federal Contract Tower,0,15,8,2,25,0,13,64,5,82,0,28,72,7,107,22,6,28,135
05/21/2005,FLG,AZ,AWP,WE,Federal Contract Tower,0,10,3,0,13,0,2,85,2,89,0,12,88,2,102,38,7,45,147
05/22/2005,FLG,AZ,AWP,WE,Federal Contract Tower,0,13,4,0,17,0,3,87,0,90,0,16,91,0,107,14,0,14,121
05/23/2005,FLG,AZ,AWP,WE,Federal Contract Tower,0,12,12,2,26,0,7,67,0,74,0,19,79,2,100,58,0,58,158
05/24/2005,FLG,AZ,AWP,WE,Federal Contract Tower,0,9,10,0,19,0,18,91,0,109,0,27,101,0,128,16,0,16,144
05/25/2005,FLG,AZ,AWP,WE,Federal Contract Tower,0,9,15,0,24,0,12,91,0,103,0,21,106,0,127,38,0,38,165
05/26/2005,FLG,AZ,AWP,WE,Federal Contract Tower,0,9,10,0,19,0,25,69,2,96,0,34,79,2,115,18,2,20,135
05/27/2005,FLG,AZ,AWP,WE,Federal Contract Tower,0,13,11,0,24,0,14,83,0,97,0,27,94,0,121,44,0,44,165
05/28/2005,FLG,AZ,AWP,WE,Federal Contract Tower,0,8,5,0,13,0,4,58,1,63,0,12,63,1,76,22,0,22,98
05/29/2005,FLG,AZ,AWP,WE,Federal Contract Tower,0,11,5,0,16,0,6,84,0,90,0,17,89,0,106,12,0,12,118
05/30/2005,FLG,AZ,AWP,WE,Federal Contract Tower,0,6,4,0,10,0,12,60,5,77,0,18,64,5,87,31,12,43,130
05/31/2005,FLG,AZ,AWP,WE,Federal Contract Tower,0,10,6,0,16,0,18,103,0,121,0,28,109,0,137,40,0,40,177
06/01/2005,FLG,AZ,AWP,WE,Federal Contract Tower,0,12,10,0,22,0,18,69,0,87,0,30,79,0,109,18,0,18,127
06/02/2005,FLG,AZ,AWP,WE,Federal Contract Tower,0,15,6,0,21,0,17,48,3,68,0,32,54,3,89,22,0,22,111
06/03/2005,FLG,AZ,AWP,WE,Federal Contract Tower,0,13,5,0,18,0,20,59,6,85,0,33,64,6,103,34,4,38,141
06/04/2005,FLG,AZ,AWP,WE,Federal Contract Tower,0,10,7,0,17,0,6,73,2,81,0,16,80,2,98,40,0,40,138
06/05/2005,FLG,AZ,AWP,WE,Federal Contract Tower,0,9,3,0,12,0,11,88,0,99,0,20,91,0,111,33,0,33,144
06/06/2005,FLG,AZ,AWP,WE,Federal Contract Tower,0,12,4,0,16,0,10,41,0,51,0,22,45,0,67,24,0,24,91
06/07/2005,FLG,AZ,AWP,WE,Federal Contract Tower,0,14,10,0,24,0,14,79,0,93,0,28,89,0,117,10,0,10,127
06/08/2005,FLG,AZ,AWP,WE,Federal Contract Tower,0,12,6,6,24,0,19,56,0,75,0,31,62,6,99,10,6,16,115
06/09/2005,FLG,AZ,AWP,WE,Federal Contract Tower,0,16,13,0,29,0,8,58,0,66,0,24,71,0,95,22,0,22,117
06/10/2005,FLG,AZ,AWP,WE,Federal Contract Tower,0,17,8,0,25,0,7,71,0,78,0,24,79,0,103,18,0,18,121
06/11/2005,FLG,AZ,AWP,WE,Federal Contract Tower,0,17,5,0,22,0,0,73,1,74,0,17,78,1,96,18,0,18,114
06/12/2005,FLG,AZ,AWP,WE,Federal Contract Tower,0,9,11,0,20,0,8,95,0,103,0,17,106,0,123,40,0,40,163
06/13/2005,FLG,AZ,AWP,WE,Federal Contract Tower,0,13,6,0,19,0,29,68,0,97,0,42,74,0,116,36,0,36,152
06/14/2005,FLG,AZ,AWP,WE,Federal Contract Tower,0,18,7,0,25,0,14,75,0,89,0,32,82,0,114,68,0,68,182
06/15/2005,FLG,AZ,AWP,WE,Federal Contract Tower,0,16,17,0,33,0,14,75,2,91,0,30,92,2,124,36,0,36,160
06/16/2005,FLG,AZ,AWP,WE,Federal Contract Tower,0,14,7,0,21,0,22,75,0,97,0,36,82,0,118,44,0,44,162
06/17/2005,FLG,AZ,AWP,WE,Federal Contract Tower,0,17,11,0,28,0,11,100,0,111,0,28,111,0,139,50,0,50,189
06/18/2005,FLG,AZ,AWP,WE,Federal Contract Tower,0,14,3,0,17,0,11,51,0,62,0,25,54,0,79,22,0,22,101
06/19/2005,FLG,AZ,AWP,WE,Federal Contract Tower,0,11,13,0,24,0,6,73,0,79,0,17,86,0,103,22,0,22,125
06/20/2005,FLG,AZ,AWP,WE,Federal Contract Tower,0,12,13,0,25,0,17,56,0,73,0,29,69,0,98,52,0,52,150
06/21/2005,FLG,AZ,AWP,WE,Federal Contract Tower,0,15,10,4,29,0,18,90,1,109,0,33,100,5,138,12,2,14,152
06/22/2005,FLG,AZ,AWP,WE,Federal Contract Tower,0,15,12,0,27,0,12,96,1,109,0,27,108,1,136,42,0,42,178
06/23/2005,FLG,AZ,AWP,WE,Federal Contract Tower,0,21,1,0,22,0,9,44,0,53,0,30,45,0,75,2,0,2,77
06/24/2005,FLG,AZ,AWP,WE,Federal Contract Tower,0,15,16,0,31,0,7,95,2,104,0,22,111,2,135,34,0,34,169
06/25/2005,FLG,AZ,AWP,WE,Federal Contract Tower,0,11,8,0,19,0,3,76,0,79,0,14,84,0,98,32,0,32,130
06/26/2005,FLG,AZ,AWP,WE,Federal Contract Tower,0,13,7,0,20,0,1,78,0,79,0,14,85,0,99,30,0,30,129
06/27/2005,FLG,AZ,AWP,WE,Federal Contract Tower,0,15,6,0,21,0,13,41,0,54,0,28,47,0,75,12,0,12,87
06/28/2005,FLG,AZ,AWP,WE,Federal Contract Tower,0,13,5,1,19,0,8,52,2,62,0,21,57,3,81,16,0,16,97
06/29/2005,FLG,AZ,AWP,WE,Federal Contract Tower,0,16,3,0,19,0,10,72,0,82,0,26,75,0,101,20,0,20,121
06/30/2005,FLG,AZ,AWP,WE,Federal Contract Tower,0,14,10,2,26,0,15,84,0,99,0,29,94,2,125,28,0,28,153
07/01/2005,FLG,AZ,AWP,WE,Federal Contract Tower,0,19,15,0,34,0,7,129,0,136,0,26,144,0,170,46,0,46,216
07/02/2005,FLG,AZ,AWP,WE,Federal Contract Tower,0,14,4,0,18,0,2,83,0,85,0,16,87,0,103,46,0,46,149
07/03/2005,FLG,AZ,AWP,WE,Federal Contract Tower,0,12,4,0,16,0,7,76,2,85,0,19,80,2,101,16,0,16,117
07/04/2005,FLG,AZ,AWP,WE,Federal Contract Tower,0,12,3,0,15,0,12,72,0,84,0,24,75,0,99,8,0,8,107
07/05/2005,FLG,AZ,AWP,WE,Federal Contract Tower,0,12,7,0,19,0,10,58,0,68,0,22,65,0,87,36,0,36,123
07/06/2005,FLG,AZ,AWP,WE,Federal Contract Tower,0,14,12,0,26,0,7,55,0,62,0,21,67,0,88,36,0,36,124
07/07/2005,FLG,AZ,AWP,WE,Federal Contract Tower,0,11,7,0,18,0,17,68,0,85,0,28,75,0,103,18,0,18,121
07/08/2005,FLG,AZ,AWP,WE,Federal Contract Tower,0,19,6,2,27,0,8,105,0,113,0,27,111,2,140,32,2,34,174
07/09/2005,FLG,AZ,AWP,WE,Federal Contract Tower,0,11,9,0,20,0,0,99,2,101,0,11,108,2,121,52,2,54,175
07/10/2005,FLG,AZ,AWP,WE,Federal Contract Tower,0,16,4,2,22,0,3,94,0,97,0,19,98,2,119,36,10,46,165
07/11/2005,FLG,AZ,AWP,WE,Federal Contract Tower,0,17,4,3,24,0,12,84,1,97,0,29,88,4,121,34,6,40,161
07/12/2005,FLG,AZ,AWP,WE,Federal Contract Tower,0,15,6,0,21,0,12,96,0,108,0,27,102,0,129,40,0,40,169
07/13/2005,FLG,AZ,AWP,WE,Federal Contract Tower,0,19,6,0,25,0,14,79,0,93,0,33,85,0,118,40,0,40,158
07/14/2005,FLG,AZ,AWP,WE,Federal Contract Tower,0,15,6,0,21,0,14,69,8,91,0,29,75,8,112,58,12,70,182
07/15/2005,FLG,AZ,AWP,WE,Federal Contract Tower,0,20,6,0,26,0,12,97,0,109,0,32,103,0,135,48,0,48,183
07/16/2005,FLG,AZ,AWP,WE,Federal Contract Tower,0,14,3,0,17,0,0,60,0,60,0,14,63,0,77,64,0,64,141
07/17/2005,FLG,AZ,AWP,WE,Federal Contract Tower,0,13,6,0,19,0,4,91,0,95,0,17,97,0,114,70,0,70,184
07/18/2005,FLG,AZ,AWP,WE,Federal Contract Tower,0,14,14,0,28,0,16,64,0,80,0,30,78,0,108,21,0,21,129
07/19/2005,FLG,AZ,AWP,WE,Federal Contract Tower,0,12,4,0,16,0,20,78,0,98,0,32,82,0,114,40,0,40,154
07/20/2005,FLG,AZ,AWP,WE,Federal Contract Tower,0,18,8,0,26,0,9,70,1,80,0,27,78,1,106,22,2,24,130
07/21/2005,FLG,AZ,AWP,WE,Federal Contract Tower,0,16,9,0,25,0,18,78,0,96,0,34,87,0,121,38,0,38,159
07/22/2005,FLG,AZ,AWP,WE,Federal Contract Tower,0,12,7,0,19,0,10,85,0,95,0,22,92,0,114,42,0,42,156
07/23/2005,FLG,AZ,AWP,WE,Federal Contract Tower,0,11,5,0,16,0,13,51,1,65,0,24,56,1,81,20,0,20,101
07/24/2005,FLG,AZ,AWP,WE,Federal Contract Tower,0,11,6,0,17,0,7,47,0,54,0,18,53,0,71,30,0,30,101
07/25/2005,FLG,AZ,AWP,WE,Federal Contract Tower,0,17,9,0,26,0,10,48,0,58,0,27,57,0,84,46,0,46,130
07/26/2005,FLG,AZ,AWP,WE,Federal Contract Tower,0,12,9,0,21,0,14,54,0,68,0,26,63,0,89,50,0,50,139
07/27/2005,FLG,AZ,AWP,WE,Federal Contract Tower,0,16,1,6,23,0,12,74,0,86,0,28,75,6,109,18,12,30,139
07/28/2005,FLG,AZ,AWP,WE,Federal Contract Tower,0,15,6,0,21,0,4,81,0,85,0,19,87,0,106,36,0,36,142
07/29/2005,FLG,AZ,AWP,WE,Federal Contract Tower,0,15,15,0,30,0,14,64,0,78,0,29,79,0,108,36,0,36,144
07/30/2005,FLG,AZ,AWP,WE,Federal Contract Tower,0,11,11,0,22,0,15,61,4,80,0,26,72,4,102,24,0,24,126
07/31/2005,FLG,AZ,AWP,WE,Federal Contract Tower,0,17,10,0,27,0,2,60,0,62,0,19,70,0,89,8,0,8,97
08/01/2005,FLG,AZ,AWP,WE,Federal Contract Tower,0,13,8,0,21,0,6,48,1,55,0,19,56,1,76,48,0,48,124
08/02/2005,FLG,AZ,AWP,WE,Federal Contract Tower,0,17,2,0,19,0,8,52,0,60,0,25,54,0,79,16,0,16,95
08/03/2005,FLG,AZ,AWP,WE,Federal Contract Tower,0,15,14,0,29,0,12,47,0,59,0,27,61,0,88,22,0,22,110
08/04/2005,FLG,AZ,AWP,WE,Federal Contract Tower,0,12,10,2,24,0,12,66,2,80,0,24,76,4,104,46,2,48,152
08/05/2005,FLG,AZ,AWP,WE,Federal Contract Tower,0,20,14,0,34,0,15,68,0,83,0,35,82,0,117,48,0,48,165
08/06/2005,FLG,AZ,AWP,WE,Federal Contract Tower,0,10,6,0,16,0,3,36,0,39,0,13,42,0,55,18,0,18,73
08/07/2005,FLG,AZ,AWP,WE,Federal Contract Tower,0,15,1,0,16,0,9,103,0,112,0,24,104,0,128,32,0,32,160
08/08/2005,FLG,AZ,AWP,WE,Federal Contract Tower,0,17,9,0,26,0,12,34,1,47,0,29,43,1,73,18,0,18,91
08/09/2005,FLG,AZ,AWP,WE,Federal Contract Tower,0,18,11,0,29,0,5,39,0,44,0,23,50,0,73,12,0,12,85
08/10/2005,FLG,AZ,AWP,WE,Federal Contract Tower,0,17,19,0,36,0,7,15,0,22,0,24,34,0,58,2,0,2,60
08/11/2005,FLG,AZ,AWP,WE,Federal Contract Tower,0,21,13,0,34,0,5,21,2,28,0,26,34,2,62,0,0,0,62
08/12/2005,FLG,AZ,AWP,WE,Federal Contract Tower,0,19,16,0,35,0,5,48,2,55,0,24,64,2,90,48,0,48,138
08/13/2005,FLG,AZ,AWP,WE,Federal Contract Tower,0,10,3,0,13,0,4,84,0,88,0,14,87,0,101,20,0,20,121
08/14/2005,FLG,AZ,AWP,WE,Federal Contract Tower,0,12,3,1,16,0,3,68,0,71,0,15,71,1,87,24,0,24,111
08/15/2005,FLG,AZ,AWP,WE,Federal Contract Tower,0,12,7,1,20,0,15,49,0,64,0,27,56,1,84,60,1,61,145
08/16/2005,FLG,AZ,AWP,WE,Federal Contract Tower,0,0,0,0,0,0,3,16,0,19,0,3,16,0,19,20,0,20,39
08/17/2005,FLG,AZ,AWP,WE,Federal Contract Tower,0,0,1,0,1,0,5,7,0,12,0,5,8,0,13,16,0,16,29
08/18/2005,FLG,AZ,AWP,WE,Federal Contract Tower,0,3,0,0,3,0,2,21,0,23,0,5,21,0,26,20,0,20,46
08/19/2005,FLG,AZ,AWP,WE,Federal Contract Tower,0,4,1,0,5,0,0,23,0,23,0,4,24,0,28,10,0,10,38
08/20/2005,FLG,AZ,AWP,WE,Federal Contract Tower,0,12,9,0,21,0,3,47,2,52,0,15,56,2,73,38,0,38,111
08/21/2005,FLG,AZ,AWP,WE,Federal Contract Tower,0,13,3,0,16,0,7,73,0,80,0,20,76,0,96,22,0,22,118
08/22/2005,FLG,AZ,AWP,WE,Federal Contract Tower,0,2,4,0,6,0,11,24,0,35,0,13,28,0,41,4,0,4,45
08/23/2005,FLG,AZ,AWP,WE,Federal Contract Tower,0,14,3,0,17,0,11,39,4,54,0,25,42,4,71,98,0,98,169
08/24/2005,FLG,AZ,AWP,WE,Federal Contract Tower,0,10,4,0,14,0,14,49,2,65,0,24,53,2,79,118,0,118,197
08/25/2005,FLG,AZ,AWP,WE,Federal Contract Tower,0,16,9,0,25,0,20,68,0,88,0,36,77,0,113,28,0,28,141
08/26/2005,FLG,AZ,AWP,WE,Federal Contract Tower,0,13,8,1,22,0,13,94,5,112,0,26,102,6,134,44,4,48,182
08/27/2005,FLG,AZ,AWP,WE,Federal Contract Tower,0,10,8,1,19,0,6,87,4,97,0,16,95,5,116,44,8,52,168
08/28/2005,FLG,AZ,AWP,WE,Federal Contract Tower,0,9,6,0,15,0,10,116,2,128,0,19,122,2,143,42,0,42,185
08/29/2005,FLG,AZ,AWP,WE,Federal Contract Tower,0,13,10,0,23,0,14,58,0,72,0,27,68,0,95,22,0,22,117
08/30/2005,FLG,AZ,AWP,WE,Federal Contract Tower,0,12,8,2,22,0,24,54,0,78,0,36,62,2,100,46,20,66,166
08/31/2005,FLG,AZ,AWP,WE,Federal Contract Tower,0,8,2,0,10,0,12,32,2,46,0,20,34,2,56,14,0,14,70
09/01/2005,FLG,AZ,AWP,WE,Federal Contract Tower,0,14,12,1,27,0,15,68,1,84,0,29,80,2,111,40,0,40,151
09/02/2005,FLG,AZ,AWP,WE,Federal Contract Tower,0,24,14,0,38,0,12,66,0,78,0,36,80,0,116,24,0,24,140
09/03/2005,FLG,AZ,AWP,WE,Federal Contract Tower,0,11,6,0,17,0,4,80,0,84,0,15,86,0,101,28,0,28,129
09/04/2005,FLG,AZ,AWP,WE,Federal Contract Tower,0,11,5,0,16,0,8,56,0,64,0,19,61,0,80,102,0,102,182
09/05/2005,FLG,AZ,AWP,WE,Federal Contract Tower,0,10,7,0,17,0,2,125,0,127,0,12,132,0,144,49,0,49,193
09/06/2005,FLG,AZ,AWP,WE,Federal Contract Tower,0,12,4,0,16,0,14,52,2,68,0,26,56,2,84,12,4,16,100
09/07/2005,FLG,AZ,AWP,WE,Federal Contract Tower,0,12,12,0,24,0,12,58,0,70,0,24,70,0,94,16,0,16,110
09/08/2005,FLG,AZ,AWP,WE,Federal Contract Tower,0,13,11,0,24,0,15,36,3,54,0,28,47,3,78,24,6,30,108
09/09/2005,FLG,AZ,AWP,WE,Federal Contract Tower,0,13,4,0,17,0,12,29,3,44,0,25,33,3,61,32,16,48,109
09/10/2005,FLG,AZ,AWP,WE,Federal Contract Tower,0,10,6,0,16,0,2,59,2,63,0,12,65,2,79,28,0,28,107
09/11/2005,FLG,AZ,AWP,WE,Federal Contract Tower,0,9,7,0,16,0,17,70,0,87,0,26,77,0,103,30,0,30,133
09/12/2005,FLG,AZ,AWP,WE,Federal Contract Tower,0,12,6,0,18,0,11,46,0,57,0,23,52,0,75,40,0,40,115
09/13/2005,FLG,AZ,AWP,WE,Federal Contract Tower,0,12,9,0,21,0,14,63,0,77,0,26,72,0,98,39,0,39,137
09/14/2005,FLG,AZ,AWP,WE,Federal Contract Tower,0,17,15,0,32,0,17,42,2,61,0,34,57,2,93,32,0,32,125
09/15/2005,FLG,AZ,AWP,WE,Federal Contract Tower,0,14,9,0,23,0,16,69,0,85,0,30,78,0,108,50,0,50,158
09/16/2005,FLG,AZ,AWP,WE,Federal Contract Tower,0,11,10,0,21,0,17,77,0,94,0,28,87,0,115,30,0,30,145
09/17/2005,FLG,AZ,AWP,WE,Federal Contract Tower,0,14,4,0,18,0,7,76,0,83,0,21,80,0,101,52,0,52,153
09/18/2005,FLG,AZ,AWP,WE,Federal Contract Tower,0,10,6,0,16,0,16,67,0,83,0,26,73,0,99,20,0,20,119
09/19/2005,FLG,AZ,AWP,WE,Federal Contract Tower,0,11,12,0,23,0,15,62,5,82,0,26,74,5,105,68,0,68,173
09/20/2005,FLG,AZ,AWP,WE,Federal Contract Tower,0,13,8,0,21,0,26,77,0,103,0,39,85,0,124,14,0,14,138
09/21/2005,FLG,AZ,AWP,WE,Federal Contract Tower,0,16,7,0,23,0,15,44,4,63,0,31,51,4,86,58,14,72,158
09/22/2005,FLG,AZ,AWP,WE,Federal Contract Tower,0,23,16,0,39,0,26,61,0,87,0,49,77,0,126,14,0,14,140
09/23/2005,FLG,AZ,AWP,WE,Federal Contract Tower,0,13,8,0,21,0,12,61,0,73,0,25,69,0,94,18,0,18,112
09/24/2005,FLG,AZ,AWP,WE,Federal Contract Tower,0,10,3,0,13,0,7,62,1,70,0,17,65,1,83,44,0,44,127
09/25/2005,FLG,AZ,AWP,WE,Federal Contract Tower,0,8,8,0,16,0,7,84,1,92,0,15,92,1,108,70,0,70,178
09/26/2005,FLG,AZ,AWP,WE,Federal Contract Tower,0,11,8,0,19,0,13,70,1,84,0,24,78,1,103,24,0,24,127
09/27/2005,FLG,AZ,AWP,WE,Federal Contract Tower,0,13,10,0,23,0,19,49,1,69,0,32,59,1,92,18,0,18,110
09/28/2005,FLG,AZ,AWP,WE,Federal Contract Tower,0,13,6,1,20,0,14,66,1,81,0,27,72,2,101,98,0,98,199
09/29/2005,FLG,AZ,AWP,WE,Federal Contract Tower,0,17,3,0,20,0,30,85,2,117,0,47,88,2,137,59,0,59,196
09/30/2005,FLG,AZ,AWP,WE,Federal Contract Tower,0,11,12,0,23,0,20,77,1,98,0,31,89,1,121,64,1,65,186
10/01/2005,FLG,AZ,AWP,WE,Federal Contract Tower,0,9,3,0,12,0,3,57,2,62,0,12,60,2,74,51,2,53,127
10/02/2005,FLG,AZ,AWP,WE,Federal Contract Tower,0,8,5,0,13,0,5,67,0,72,0,13,72,0,85,48,0,48,133
10/03/2005,FLG,AZ,AWP,WE,Federal Contract Tower,0,14,4,1,19,0,11,42,1,54,0,25,46,2,73,0,0,0,73
10/04/2005,FLG,AZ,AWP,WE,Federal Contract Tower,0,12,14,1,27,0,8,27,0,35,0,20,41,1,62,16,2,18,80
10/05/2005,FLG,AZ,AWP,WE,Federal Contract Tower,0,14,5,1,20,0,7,48,9,64,0,21,53,10,84,26,22,48,132
10/06/2005,FLG,AZ,AWP,WE,Federal Contract Tower,0,17,7,0,24,0,19,72,0,91,0,36,79,0,115,51,0,51,166
10/07/2005,FLG,AZ,AWP,WE,Federal Contract Tower,0,16,11,2,29,0,10,74,0,84,0,26,85,2,113,61,0,61,174
10/08/2005,FLG,AZ,AWP,WE,Federal Contract Tower,0,10,6,0,16,0,6,45,0,51,0,16,51,0,67,46,0,46,113
10/09/2005,FLG,AZ,AWP,WE,Federal Contract Tower,0,11,10,0,21,0,4,62,0,66,0,15,72,0,87,12,0,12,99
10/10/2005,FLG,AZ,AWP,WE,Federal Contract Tower,0,18,13,0,31,0,13,47,1,61,0,31,60,1,92,38,0,38,130
10/11/2005,FLG,AZ,AWP,WE,Federal Contract Tower,0,12,8,0,20,0,9,69,1,79,0,21,77,1,99,64,2,66,165
10/12/2005,FLG,AZ,AWP,WE,Federal Contract Tower,0,14,10,0,24,0,16,77,0,93,0,30,87,0,117,70,0,70,187
10/13/2005,FLG,AZ,AWP,WE,Federal Contract Tower,0,12,4,6,22,0,6,53,0,59,0,18,57,6,81,44,2,46,127
10/14/2005,FLG,AZ,AWP,WE,Federal Contract Tower,0,15,4,0,19,0,7,61,0,68,0,22,65,0,87,30,0,30,117
10/15/2005,FLG,AZ,AWP,WE,Federal Contract Tower,0,9,8,0,17,0,3,64,0,67,0,12,72,0,84,52,0,52,136
10/16/2005,FLG,AZ,AWP,WE,Federal Contract Tower,0,8,9,0,17,0,11,47,0,58,0,19,56,0,75,54,0,54,129
10/17/2005,FLG,AZ,AWP,WE,Federal Contract Tower,0,13,13,0,26,0,5,52,0,57,0,18,65,0,83,24,0,24,107
10/18/2005,FLG,AZ,AWP,WE,Federal Contract Tower,0,18,9,0,27,0,0,3,0,3,0,18,12,0,30,6,0,6,36
10/19/2005,FLG,AZ,AWP,WE,Federal Contract Tower,0,21,9,0,30,0,5,41,0,46,0,26,50,0,76,22,0,22,98
10/20/2005,FLG,AZ,AWP,WE,Federal Contract Tower,0,16,4,0,20,0,12,54,0,66,0,28,58,0,86,54,0,54,140
10/21/2005,FLG,AZ,AWP,WE,Federal Contract Tower,0,10,10,0,20,0,14,73,2,89,0,24,83,2,109,47,0,47,156
10/22/2005,FLG,AZ,AWP,WE,Federal Contract Tower,0,8,7,0,15,0,5,92,0,97,0,13,99,0,112,24,0,24,136
10/23/2005,FLG,AZ,AWP,WE,Federal Contract Tower,0,7,3,2,12,0,3,103,1,107,0,10,106,3,119,37,20,57,176
10/24/2005,FLG,AZ,AWP,WE,Federal Contract Tower,0,18,10,0,28,0,6,54,0,60,0,24,64,0,88,22,0,22,110
10/25/2005,FLG,AZ,AWP,WE,Federal Contract Tower,0,11,2,0,13,0,11,54,6,71,0,22,56,6,84,44,8,52,136
10/26/2005,FLG,AZ,AWP,WE,Federal Contract Tower,0,13,6,0,19,0,10,49,1,60,0,23,55,1,79,38,0,38,117
10/27/2005,FLG,AZ,AWP,WE,Federal Contract Tower,0,14,2,0,16,0,16,85,3,104,0,30,87,3,120,20,4,24,144
10/28/2005,FLG,AZ,AWP,WE,Federal Contract Tower,0,12,16,0,28,0,12,53,0,65,0,24,69,0,93,48,0,48,141
10/29/2005,FLG,AZ,AWP,WE,Federal Contract Tower,1,9,2,0,12,0,7,58,1,66,1,16,60,1,78,26,0,26,104
10/30/2005,FLG,AZ,AWP,WE,Federal Contract Tower,0,7,6,0,13,0,3,81,0,84,0,10,87,0,97,26,0,26,123
10/31/2005,FLG,AZ,AWP,WE,Federal Contract Tower,0,8,8,0,16,0,14,52,0,66,0,22,60,0,82,28,0,28,110
11/01/2005,FLG,AZ,AWP,WE,Federal Contract Tower,0,13,2,0,15,0,15,44,0,59,0,28,46,0,74,12,0,12,86
11/02/2005,FLG,AZ,AWP,WE,Federal Contract Tower,0,14,10,2,26,0,15,29,0,44,0,29,39,2,70,8,2,10,80
11/03/2005,FLG,AZ,AWP,WE,Federal Contract Tower,0,9,5,0,14,0,20,39,0,59,0,29,44,0,73,18,0,18,91
11/04/2005,FLG,AZ,AWP,WE,Federal Contract Tower,2,16,6,1,25,0,8,75,0,83,2,24,81,1,108,22,2,24,132
11/05/2005,FLG,AZ,AWP,WE,Federal Contract Tower,0,8,5,0,13,0,9,77,2,88,0,17,82,2,101,58,0,58,159
11/06/2005,FLG,AZ,AWP,WE,Federal Contract Tower,0,7,3,0,10,0,1,96,0,97,0,8,99,0,107,24,0,24,131
11/07/2005,FLG,AZ,AWP,WE,Federal Contract Tower,0,15,7,0,22,0,7,55,0,62,0,22,62,0,84,42,0,42,126
11/08/2005,FLG,AZ,AWP,WE,Federal Contract Tower,0,13,6,0,19,0,7,73,0,80,0,20,79,0,99,74,0,74,173
11/09/2005,FLG,AZ,AWP,WE,Federal Contract Tower,0,15,7,0,22,0,17,60,0,77,0,32,67,0,99,62,0,62,161
11/10/2005,FLG,AZ,AWP,WE,Federal Contract Tower,0,16,7,0,23,0,6,79,0,85,0,22,86,0,108,22,0,22,130
11/11/2005,FLG,AZ,AWP,WE,Federal Contract Tower,0,20,9,2,31,0,10,10,0,20,0,30,19,2,51,6,0,6,57
11/12/2005,FLG,AZ,AWP,WE,Federal Contract Tower,0,12,3,0,15,0,5,55,2,62,0,17,58,2,77,60,4,64,141
11/13/2005,FLG,AZ,AWP,WE,Federal Contract Tower,0,8,5,0,13,0,3,75,0,78,0,11,80,0,91,78,0,78,169
11/14/2005,FLG,AZ,AWP,WE,Federal Contract Tower,0,12,14,0,26,0,10,64,0,74,0,22,78,0,100,22,0,22,122
11/15/2005,FLG,AZ,AWP,WE,Federal Contract Tower,0,13,6,0,19,0,13,34,0,47,0,26,40,0,66,14,0,14,80
11/16/2005,FLG,AZ,AWP,WE,Federal Contract Tower,0,13,4,0,17,0,7,60,3,70,0,20,64,3,87,82,4,86,173
11/17/2005,FLG,AZ,AWP,WE,Federal Contract Tower,0,12,6,2,20,0,28,64,0,92,0,40,70,2,112,54,6,60,172
11/18/2005,FLG,AZ,AWP,WE,Federal Contract Tower,0,11,16,0,27,0,15,26,1,42,0,26,42,1,69,29,0,29,98
11/19/2005,FLG,AZ,AWP,WE,Federal Contract Tower,0,13,3,1,17,0,9,88,1,98,0,22,91,2,115,50,0,50,165
11/20/2005,FLG,AZ,AWP,WE,Federal Contract Tower,0,8,4,0,12,0,8,67,0,75,0,16,71,0,87,14,0,14,101
11/21/2005,FLG,AZ,AWP,WE,Federal Contract Tower,0,12,3,0,15,0,12,61,2,75,0,24,64,2,90,50,0,50,140
11/22/2005,FLG,AZ,AWP,WE,Federal Contract Tower,0,11,6,0,17,0,9,50,0,59,0,20,56,0,76,36,0,36,112
11/23/2005,FLG,AZ,AWP,WE,Federal Contract Tower,0,11,10,0,21,0,9,82,0,91,0,20,92,0,112,36,0,36,148
11/24/2005,FLG,AZ,AWP,WE,Federal Contract Tower,0,5,1,0,6,0,1,31,0,32,0,6,32,0,38,6,0,6,44
11/25/2005,FLG,AZ,AWP,WE,Federal Contract Tower,0,9,2,0,11,0,10,58,0,68,0,19,60,0,79,65,0,65,144
11/26/2005,FLG,AZ,AWP,WE,Federal Contract Tower,0,8,3,0,11,0,3,36,0,39,0,11,39,0,50,8,0,8,58
11/27/2005,FLG,AZ,AWP,WE,Federal Contract Tower,0,8,4,0,12,0,5,64,0,69,0,13,68,0,81,48,0,48,129
11/28/2005,FLG,AZ,AWP,WE,Federal Contract Tower,0,11,2,0,13,0,16,31,0,47,0,27,33,0,60,26,0,26,86
11/29/2005,FLG,AZ,AWP,WE,Federal Contract Tower,0,13,4,0,17,0,14,36,2,52,0,27,40,2,69,14,14,28,97
11/30/2005,FLG,AZ,AWP,WE,Federal Contract Tower,0,10,6,0,16,0,9,55,0,64,0,19,61,0,80,8,0,8,88
12/01/2005,FLG,AZ,AWP,WE,Federal Contract Tower,0,12,3,0,15,0,8,43,3,54,0,20,46,3,69,18,0,18,87
12/02/2005,FLG,AZ,AWP,WE,Federal Contract Tower,0,11,7,0,18,0,11,26,2,39,0,22,33,2,57,4,0,4,61
12/03/2005,FLG,AZ,AWP,WE,Federal Contract Tower,0,6,7,0,13,0,2,50,3,55,0,8,57,3,68,54,0,54,122
12/04/2005,FLG,AZ,AWP,WE,Federal Contract Tower,0,6,7,0,13,0,8,45,0,53,0,14,52,0,66,58,0,58,124
12/05/2005,FLG,AZ,AWP,WE,Federal Contract Tower,0,9,8,0,17,0,10,46,2,58,0,19,54,2,75,22,0,22,97
12/06/2005,FLG,AZ,AWP,WE,Federal Contract Tower,0,10,5,0,15,0,12,61,2,75,0,22,66,2,90,72,4,76,166
12/07/2005,FLG,AZ,AWP,WE,Federal Contract Tower,0,7,4,2,13,0,1,69,0,70,0,8,73,2,83,50,0,50,133
12/08/2005,FLG,AZ,AWP,WE,Federal Contract Tower,0,10,10,0,20,0,11,51,0,62,0,21,61,0,82,94,0,94,176
12/09/2005,FLG,AZ,AWP,WE,Federal Contract Tower,0,9,12,0,21,0,10,71,10,91,0,19,83,10,112,84,9,93,205
12/10/2005,FLG,AZ,AWP,WE,Federal Contract Tower,0,6,3,3,12,0,18,70,1,89,0,24,73,4,101,37,6,43,144
12/11/2005,FLG,AZ,AWP,WE,Federal Contract Tower,1,4,1,0,6,0,1,74,4,79,1,5,75,4,85,56,0,56,141
12/12/2005,FLG,AZ,AWP,WE,Federal Contract Tower,0,10,7,0,17,0,12,42,2,56,0,22,49,2,73,48,0,48,121
12/13/2005,FLG,AZ,AWP,WE,Federal Contract Tower,0,15,4,0,19,0,24,32,4,60,0,39,36,4,79,26,0,26,105
12/14/2005,FLG,AZ,AWP,WE,Federal Contract Tower,0,11,14,0,25,0,14,53,3,70,0,25,67,3,95,40,0,40,135
12/15/2005,FLG,AZ,AWP,WE,Federal Contract Tower,0,8,5,2,15,0,18,49,4,71,0,26,54,6,86,40,0,40,126
12/16/2005,FLG,AZ,AWP,WE,Federal Contract Tower,0,10,7,3,20,0,6,48,3,57,0,16,55,6,77,38,28,66,143
12/17/2005,FLG,AZ,AWP,WE,Federal Contract Tower,0,7,4,0,11,0,5,54,2,61,0,12,58,2,72,26,0,26,98
12/18/2005,FLG,AZ,AWP,WE,Federal Contract Tower,0,7,2,0,9,0,2,54,0,56,0,9,56,0,65,42,0,42,107
12/19/2005,FLG,AZ,AWP,WE,Federal Contract Tower,0,13,9,0,22,0,11,42,2,55,0,24,51,2,77,72,0,72,149
12/20/2005,FLG,AZ,AWP,WE,Federal Contract Tower,0,12,2,0,14,0,31,59,4,94,0,43,61,4,108,50,0,50,158
12/21/2005,FLG,AZ,AWP,WE,Federal Contract Tower,0,10,9,0,19,0,10,34,2,46,0,20,43,2,65,22,6,28,93
12/22/2005,FLG,AZ,AWP,WE,Federal Contract Tower,0,11,3,0,14,0,10,72,0,82,0,21,75,0,96,26,0,26,122
12/23/2005,FLG,AZ,AWP,WE,Federal Contract Tower,0,14,5,0,19,0,13,45,0,58,0,27,50,0,77,16,4,20,97
12/24/2005,FLG,AZ,AWP,WE,Federal Contract Tower,0,6,3,0,9,0,2,37,2,41,0,8,40,2,50,20,0,20,70
12/25/2005,FLG,AZ,AWP,WE,Federal Contract Tower,0,5,0,0,5,0,1,40,0,41,0,6,40,0,46,2,0,2,48
12/26/2005,FLG,AZ,AWP,WE,Federal Contract Tower,0,3,2,0,5,0,10,47,2,59,0,13,49,2,64,8,0,8,72
12/27/2005,FLG,AZ,AWP,WE,Federal Contract Tower,0,9,3,0,12,0,16,54,4,74,0,25,57,4,86,8,2,10,96
12/28/2005,FLG,AZ,AWP,WE,Federal Contract Tower,0,10,9,1,20,0,12,71,1,84,0,22,80,2,104,32,0,32,136
12/29/2005,FLG,AZ,AWP,WE,Federal Contract Tower,0,14,2,0,16,0,17,51,0,68,0,31,53,0,84,22,0,22,106
12/30/2005,FLG,AZ,AWP,WE,Federal Contract Tower,0,12,13,0,25,0,21,42,3,66,0,33,55,3,91,14,0,14,105
12/31/2005,FLG,AZ,AWP,WE,Federal Contract Tower,0,12,2,0,14,0,5,32,0,37,0,17,34,0,51,46,1,47,98
01/01/2006,FLG,AZ,AWP,WE,Federal Contract Tower,0,5,5,0,10,0,6,48,2,56,0,11,53,2,66,60,0,60,126
01/02/2006,FLG,AZ,AWP,WE,Federal Contract Tower,0,8,4,0,12,0,4,20,1,25,0,12,24,1,37,4,0,4,41
01/03/2006,FLG,AZ,AWP,WE,Federal Contract Tower,0,7,12,0,19,0,9,33,1,43,0,16,45,1,62,0,0,0,62
01/04/2006,FLG,AZ,AWP,WE,Federal Contract Tower,0,9,7,0,16,0,8,45,0,53,0,17,52,0,69,16,0,16,85
01/05/2006,FLG,AZ,AWP,WE,Federal Contract Tower,0,8,13,0,21,0,25,41,1,67,0,33,54,1,88,28,0,28,116
01/06/2006,FLG,AZ,AWP,WE,Federal Contract Tower,0,9,12,0,21,0,16,67,0,83,0,25,79,0,104,34,0,34,138
01/07/2006,FLG,AZ,AWP,WE,Federal Contract Tower,0,7,4,2,13,0,1,69,0,70,0,8,73,2,83,56,0,56,139
01/08/2006,FLG,AZ,AWP,WE,Federal Contract Tower,0,7,4,0,11,0,0,87,0,87,0,7,91,0,98,44,0,44,142
01/09/2006,FLG,AZ,AWP,WE,Federal Contract Tower,0,10,9,0,19,0,7,33,0,40,0,17,42,0,59,4,0,4,63
01/10/2006,FLG,AZ,AWP,WE,Federal Contract Tower,0,12,3,0,15,0,13,37,0,50,0,25,40,0,65,18,0,18,83
01/11/2006,FLG,AZ,AWP,WE,Federal Contract Tower,0,10,3,0,13,0,14,52,0,66,0,24,55,0,79,36,0,36,115
01/12/2006,FLG,AZ,AWP,WE,Federal Contract Tower,0,9,4,0,13,0,19,53,0,72,0,28,57,0,85,16,0,16,101
01/13/2006,FLG,AZ,AWP,WE,Federal Contract Tower,0,11,10,0,21,0,11,68,0,79,0,22,78,0,100,40,2,42,142
01/14/2006,FLG,AZ,AWP,WE,Federal Contract Tower,0,6,1,0,7,0,7,55,0,62,0,13,56,0,69,76,0,76,145
01/15/2006,FLG,AZ,AWP,WE,Federal Contract Tower,0,8,4,0,12,0,1,41,0,42,0,9,45,0,54,12,0,12,66
01/16/2006,FLG,AZ,AWP,WE,Federal Contract Tower,0,8,7,2,17,0,2,52,0,54,0,10,59,2,71,52,0,52,123
01/17/2006,FLG,AZ,AWP,WE,Federal Contract Tower,0,8,4,0,12,0,26,68,0,94,0,34,72,0,106,24,0,24,130
01/18/2006,FLG,AZ,AWP,WE,Federal Contract Tower,0,11,4,0,15,0,11,40,0,51,0,22,44,0,66,26,2,28,94
01/19/2006,FLG,AZ,AWP,WE,Federal Contract Tower,0,15,11,0,26,0,10,20,0,30,0,25,31,0,56,4,0,4,60
01/20/2006,FLG,AZ,AWP,WE,Federal Contract Tower,0,10,10,0,20,0,20,78,1,99,0,30,88,1,119,33,0,33,152
01/21/2006,FLG,AZ,AWP,WE,Federal Contract Tower,0,5,3,2,10,0,1,64,0,65,0,6,67,2,75,58,0,58,133
01/22/2006,FLG,AZ,AWP,WE,Federal Contract Tower,0,6,0,0,6,0,3,52,0,55,0,9,52,0,61,88,0,88,149
01/23/2006,FLG,AZ,AWP,WE,Federal Contract Tower,0,11,7,0,18,0,15,45,2,62,0,26,52,2,80,42,12,54,134
01/24/2006,FLG,AZ,AWP,WE,Federal Contract Tower,0,11,1,0,12,0,16,41,2,59,0,27,42,2,71,14,2,16,87
01/25/2006,FLG,AZ,AWP,WE,Federal Contract Tower,0,22,11,0,33,0,1,14,0,15,0,23,25,0,48,6,0,6,54
01/26/2006,FLG,AZ,AWP,WE,Federal Contract Tower,0,10,6,0,16,0,20,66,0,86,0,30,72,0,102,50,14,64,166
01/27/2006,FLG,AZ,AWP,WE,Federal Contract Tower,0,10,8,0,18,0,11,46,2,59,0,21,54,2,77,14,0,14,91
01/28/2006,FLG,AZ,AWP,WE,Federal Contract Tower,0,9,3,1,13,0,4,40,6,50,0,13,43,7,63,40,0,40,103
01/29/2006,FLG,AZ,AWP,WE,Federal Contract Tower,0,5,1,0,6,0,5,87,0,92,0,10,88,0,98,72,0,72,170
01/30/2006,FLG,AZ,AWP,WE,Federal Contract Tower,0,9,4,0,13,0,16,39,2,57,0,25,43,2,70,16,0,16,86
01/31/2006,FLG,AZ,AWP,WE,Federal Contract Tower,0,10,3,0,13,0,30,52,2,84,0,40,55,2,97,28,0,28,125
02/01/2006,FLG,AZ,AWP,WE,Federal Contract Tower,0,14,4,0,18,0,9,45,0,54,0,23,49,0,72,20,0,20,92
02/02/2006,FLG,AZ,AWP,WE,Federal Contract Tower,0,13,6,0,19,0,14,57,1,72,0,27,63,1,91,24,2,26,117
02/03/2006,FLG,AZ,AWP,WE,Federal Contract Tower,0,12,7,0,19,0,19,53,1,73,0,31,60,1,92,12,0,12,104
02/04/2006,FLG,AZ,AWP,WE,Federal Contract Tower,0,7,3,2,12,0,9,67,0,76,0,16,70,2,88,50,0,50,138
02/05/2006,FLG,AZ,AWP,WE,Federal Contract Tower,0,6,2,0,8,0,10,46,0,56,0,16,48,0,64,28,0,28,92
02/06/2006,FLG,AZ,AWP,WE,Federal Contract Tower,0,10,13,0,23,0,17,39,0,56,0,27,52,0,79,2,0,2,81
02/07/2006,FLG,AZ,AWP,WE,Federal Contract Tower,0,12,2,0,14,0,26,43,0,69,0,38,45,0,83,30,0,30,113
02/08/2006,FLG,AZ,AWP,WE,Federal Contract Tower,0,11,4,0,15,0,12,37,2,51,0,23,41,2,66,20,2,22,88
02/09/2006,FLG,AZ,AWP,WE,Federal Contract Tower,0,11,2,0,13,0,26,62,0,88,0,37,64,0,101,28,2,30,131
02/10/2006,FLG,AZ,AWP,WE,Federal Contract Tower,0,13,3,0,16,0,12,63,2,77,0,25,66,2,93,46,2,48,141
02/11/2006,FLG,AZ,AWP,WE,Federal Contract Tower,0,6,5,0,11,0,7,33,6,46,0,13,38,6,57,30,2,32,89
02/12/2006,FLG,AZ,AWP,WE,Federal Contract Tower,0,5,4,0,9,0,11,81,8,100,0,16,85,8,109,38,0,38,147
02/13/2006,FLG,AZ,AWP,WE,Federal Contract Tower,0,8,4,0,12,0,10,42,0,52,0,18,46,0,64,24,0,24,88
02/14/2006,FLG,AZ,AWP,WE,Federal Contract Tower,0,9,1,0,10,0,12,57,4,73,0,21,58,4,83,22,0,22,105
02/15/2006,FLG,AZ,AWP,WE,Federal Contract Tower,0,10,6,0,16,0,5,16,0,21,0,15,22,0,37,6,0,6,43
02/16/2006,FLG,AZ,AWP,WE,Federal Contract Tower,0,10,6,0,16,0,25,42,5,72,0,35,48,5,88,28,2,30,118
02/17/2006,FLG,AZ,AWP,WE,Federal Contract Tower,0,9,10,0,19,0,11,34,2,47,0,20,44,2,66,2,0,2,68
02/18/2006,FLG,AZ,AWP,WE,Federal Contract Tower,0,7,11,0,18,0,15,17,3,35,0,22,28,3,53,34,0,34,87
02/19/2006,FLG,AZ,AWP,WE,Federal Contract Tower,0,7,6,1,14,0,4,34,3,41,0,11,40,4,55,16,0,16,71
02/20/2006,FLG,AZ,AWP,WE,Federal Contract Tower,0,12,4,0,16,0,10,37,1,48,0,22,41,1,64,24,0,24,88
02/21/2006,FLG,AZ,AWP,WE,Federal Contract Tower,0,11,5,0,16,0,16,51,2,69,0,27,56,2,85,38,0,38,123
02/22/2006,FLG,AZ,AWP,WE,Federal Contract Tower,0,12,7,1,20,0,18,51,2,71,0,30,58,3,91,14,2,16,107
02/23/2006,FLG,AZ,AWP,WE,Federal Contract Tower,0,9,9,3,21,0,12,67,1,80,0,21,76,4,101,40,16,56,157
02/24/2006,FLG,AZ,AWP,WE,Federal Contract Tower,0,11,5,2,18,0,6,63,4,73,0,17,68,6,91,24,12,36,127
02/25/2006,FLG,AZ,AWP,WE,Federal Contract Tower,0,7,5,0,12,0,3,103,4,110,0,10,108,4,122,80,0,80,202
02/26/2006,FLG,AZ,AWP,WE,Federal Contract Tower,0,6,3,0,9,0,5,76,0,81,0,11,79,0,90,36,0,36,126
02/27/2006,FLG,AZ,AWP,WE,Federal Contract Tower,0,8,5,0,13,0,9,39,6,54,0,17,44,6,67,12,0,12,79
02/28/2006,FLG,AZ,AWP,WE,Federal Contract Tower,0,22,19,0,41,0,10,20,0,30,0,32,39,0,71,4,0,4,75
03/01/2006,FLG,AZ,AWP,WE,Federal Contract Tower,0,16,7,0,23,0,9,31,0,40,0,25,38,0,63,6,0,6,69
03/02/2006,FLG,AZ,AWP,WE,Federal Contract Tower,0,9,5,0,14,0,20,64,4,88,0,29,69,4,102,22,0,22,124
03/03/2006,FLG,AZ,AWP,WE,Federal Contract Tower,0,12,5,0,17,0,6,64,0,70,0,18,69,0,87,39,0,39,126
03/04/2006,FLG,AZ,AWP,WE,Federal Contract Tower,0,6,3,0,9,0,13,59,0,72,0,19,62,0,81,48,0,48,129
03/05/2006,FLG,AZ,AWP,WE,Federal Contract Tower,0,5,1,0,6,0,8,73,0,81,0,13,74,0,87,72,0,72,159
03/06/2006,FLG,AZ,AWP,WE,Federal Contract Tower,0,9,6,0,15,0,15,37,8,60,0,24,43,8,75,6,0,6,81
03/07/2006,FLG,AZ,AWP,WE,Federal Contract Tower,0,12,9,2,23,0,18,17,3,38,0,30,26,5,61,6,0,6,67
03/08/2006,FLG,AZ,AWP,WE,Federal Contract Tower,0,21,12,0,33,0,4,6,2,12,0,25,18,2,45,0,0,0,45
03/09/2006,FLG,AZ,AWP,WE,Federal Contract Tower,0,9,8,0,17,0,11,45,2,58,0,20,53,2,75,20,0,20,95
03/10/2006,FLG,AZ,AWP,WE,Federal Contract Tower,0,10,11,0,21,0,7,1,0,8,0,17,12,0,29,0,0,0,29
03/11/2006,FLG,AZ,AWP,WE,Federal Contract Tower,0,3,0,0,3,0,0,0,0,0,0,3,0,0,3,0,0,0,3
03/12/2006,FLG,AZ,AWP,WE,Federal Contract Tower,0,4,4,0,8,0,1,2,2,5,0,5,6,2,13,0,0,0,13
03/13/2006,FLG,AZ,AWP,WE,Federal Contract Tower,0,15,3,0,18,0,9,35,0,44,0,24,38,0,62,12,0,12,74
03/14/2006,FLG,AZ,AWP,WE,Federal Contract Tower,0,14,6,2,22,0,13,48,4,65,0,27,54,6,87,32,4,36,123
03/15/2006,FLG,AZ,AWP,WE,Federal Contract Tower,0,12,3,2,17,0,7,65,0,72,0,19,68,2,89,46,0,46,135
03/16/2006,FLG,AZ,AWP,WE,Federal Contract Tower,0,9,10,0,19,0,14,61,2,77,0,23,71,2,96,6,0,6,102
03/17/2006,FLG,AZ,AWP,WE,Federal Contract Tower,0,13,11,0,24,0,10,68,0,78,0,23,79,0,102,12,1,13,115
03/18/2006,FLG,AZ,AWP,WE,Federal Contract Tower,0,12,4,0,16,0,2,15,0,17,0,14,19,0,33,6,0,6,39
03/19/2006,FLG,AZ,AWP,WE,Federal Contract Tower,0,6,7,0,13,0,0,11,0,11,0,6,18,0,24,22,0,22,46
03/20/2006,FLG,AZ,AWP,WE,Federal Contract Tower,0,11,16,0,27,0,4,18,0,22,0,15,34,0,49,16,0,16,65
03/21/2006,FLG,AZ,AWP,WE,Federal Contract Tower,0,11,13,4,28,0,0,3,2,5,0,11,16,6,33,0,0,0,33
03/22/2006,FLG,AZ,AWP,WE,Federal Contract Tower,0,14,7,0,21,0,25,51,0,76,0,39,58,0,97,21,0,21,118
03/23/2006,FLG,AZ,AWP,WE,Federal Contract Tower,0,14,7,0,21,0,9,48,3,60,0,23,55,3,81,54,2,56,137
03/24/2006,FLG,AZ,AWP,WE,Federal Contract Tower,0,10,13,0,23,0,5,81,2,88,0,15,94,2,111,80,0,80,191
03/25/2006,FLG,AZ,AWP,WE,Federal Contract Tower,0,8,5,0,13,0,7,35,1,43,0,15,40,1,56,64,0,64,120
03/26/2006,FLG,AZ,AWP,WE,Federal Contract Tower,0,5,1,0,6,0,5,66,0,71,0,10,67,0,77,78,0,78,155
03/27/2006,FLG,AZ,AWP,WE,Federal Contract Tower,0,3,8,0,11,0,11,54,2,67,0,14,62,2,78,64,0,64,142
03/28/2006,FLG,AZ,AWP,WE,Federal Contract Tower,0,20,16,0,36,0,10,15,0,25,0,30,31,0,61,12,0,12,73
03/29/2006,FLG,AZ,AWP,WE,Federal Contract Tower,0,11,15,0,26,0,2,1,0,3,0,13,16,0,29,0,0,0,29
03/30/2006,FLG,AZ,AWP,WE,Federal Contract Tower,0,11,10,2,23,0,17,51,6,74,0,28,61,8,97,24,20,44,141
03/31/2006,FLG,AZ,AWP,WE,Federal Contract Tower,0,10,12,0,22,0,12,57,0,69,0,22,69,0,91,36,0,36,127
04/01/2006,FLG,AZ,AWP,WE,Federal Contract Tower,0,9,2,0,11,0,7,42,0,49,0,16,44,0,60,32,0,32,92
04/02/2006,FLG,AZ,AWP,WE,Federal Contract Tower,0,9,7,2,18,0,8,87,3,98,0,17,94,5,116,55,17,72,188
04/03/2006,FLG,AZ,AWP,WE,Federal Contract Tower,0,13,10,0,23,0,17,47,4,68,0,30,57,4,91,28,0,28,119
04/04/2006,FLG,AZ,AWP,WE,Federal Contract Tower,0,13,8,0,21,0,30,37,3,70,0,43,45,3,91,38,6,44,135
04/05/2006,FLG,AZ,AWP,WE,Federal Contract Tower,0,23,6,0,29,0,3,2,0,5,0,26,8,0,34,0,0,0,34
04/06/2006,FLG,AZ,AWP,WE,Federal Contract Tower,0,11,9,0,20,0,12,58,0,70,0,23,67,0,90,34,0,34,124
04/07/2006,FLG,AZ,AWP,WE,Federal Contract Tower,0,15,14,2,31,0,10,93,0,103,0,25,107,2,134,58,0,58,192
04/08/2006,FLG,AZ,AWP,WE,Federal Contract Tower,0,10,7,0,17,0,10,62,5,77,0,20,69,5,94,84,5,89,183
04/09/2006,FLG,AZ,AWP,WE,Federal Contract Tower,0,11,11,0,22,0,9,62,2,73,0,20,73,2,95,54,0,54,149
04/10/2006,FLG,AZ,AWP,WE,Federal Contract Tower,0,25,4,0,29,0,18,47,0,65,0,43,51,0,94,20,0,20,114
04/11/2006,FLG,AZ,AWP,WE,Federal Contract Tower,0,13,5,0,18,0,17,70,0,87,0,30,75,0,105,22,0,22,127
04/12/2006,FLG,AZ,AWP,WE,Federal Contract Tower,0,13,9,0,22,0,23,73,2,98,0,36,82,2,120,40,4,44,164
04/13/2006,FLG,AZ,AWP,WE,Federal Contract Tower,0,13,12,0,25,0,15,81,2,98,0,28,93,2,123,42,0,42,165
04/14/2006,FLG,AZ,AWP,WE,Federal Contract Tower,0,20,4,0,24,0,8,33,2,43,0,28,37,2,67,14,0,14,81
04/15/2006,FLG,AZ,AWP,WE,Federal Contract Tower,0,16,6,0,22,0,2,66,0,68,0,18,72,0,90,74,0,74,164
04/16/2006,FLG,AZ,AWP,WE,Federal Contract Tower,0,9,5,0,14,0,5,70,1,76,0,14,75,1,90,66,0,66,156
04/17/2006,FLG,AZ,AWP,WE,Federal Contract Tower,0,13,4,0,17,0,19,44,1,64,0,32,48,1,81,6,0,6,87
04/18/2006,FLG,AZ,AWP,WE,Federal Contract Tower,0,15,9,0,24,0,22,73,1,96,0,37,82,1,120,34,0,34,154
04/19/2006,FLG,AZ,AWP,WE,Federal Contract Tower,0,12,6,0,18,0,20,62,0,82,0,32,68,0,100,68,0,68,168
04/20/2006,FLG,AZ,AWP,WE,Federal Contract Tower,0,10,7,0,17,0,19,79,0,98,0,29,86,0,115,72,0,72,187
04/21/2006,FLG,AZ,AWP,WE,Federal Contract Tower,0,18,6,0,24,0,16,72,0,88,0,34,78,0,112,48,0,48,160
04/22/2006,FLG,AZ,AWP,WE,Federal Contract Tower,0,11,2,0,13,0,4,54,8,66,0,15,56,8,79,40,0,40,119
04/23/2006,FLG,AZ,AWP,WE,Federal Contract Tower,0,10,6,0,16,0,10,48,0,58,0,20,54,0,74,22,0,22,96
04/24/2006,FLG,AZ,AWP,WE,Federal Contract Tower,0,13,4,1,18,0,17,74,5,96,0,30,78,6,114,20,0,20,134
04/25/2006,FLG,AZ,AWP,WE,Federal Contract Tower,0,15,4,2,21,0,26,75,9,110,0,41,79,11,131,68,2,70,201
04/26/2006,FLG,AZ,AWP,WE,Federal Contract Tower,0,12,7,0,19,0,13,74,1,88,0,25,81,1,107,38,0,38,145
04/27/2006,FLG,AZ,AWP,WE,Federal Contract Tower,0,16,5,0,21,0,29,54,3,86,0,45,59,3,107,38,0,38,145
04/28/2006,FLG,AZ,AWP,WE,Federal Contract Tower,0,18,10,0,28,0,4,66,0,70,0,22,76,0,98,32,0,32,130
04/29/2006,FLG,AZ,AWP,WE,Federal Contract Tower,0,11,1,0,12,0,6,83,0,89,0,17,84,0,101,76,0,76,177
04/30/2006,FLG,AZ,AWP,WE,Federal Contract Tower,0,11,4,2,17,0,5,80,2,87,0,16,84,4,104,48,0,48,152
05/01/2006,FLG,AZ,AWP,WE,Federal Contract Tower,0,10,10,0,20,0,13,33,0,46,0,23,43,0,66,34,0,34,100
05/02/2006,FLG,AZ,AWP,WE,Federal Contract Tower,0,14,6,1,21,0,16,35,3,54,0,30,41,4,75,10,0,10,85
05/03/2006,FLG,AZ,AWP,WE,Federal Contract Tower,0,16,8,0,24,0,11,65,2,78,0,27,73,2,102,48,0,48,150
05/04/2006,FLG,AZ,AWP,WE,Federal Contract Tower,0,15,3,6,24,0,10,44,2,56,0,25,47,8,80,20,16,36,116
05/05/2006,FLG,AZ,AWP,WE,Federal Contract Tower,0,13,14,0,27,0,6,88,4,98,0,19,102,4,125,78,0,78,203
05/06/2006,FLG,AZ,AWP,WE,Federal Contract Tower,0,11,5,0,16,0,4,68,9,81,0,15,73,9,97,84,2,86,183
05/07/2006,FLG,AZ,AWP,WE,Federal Contract Tower,0,10,7,0,17,0,6,107,0,113,0,16,114,0,130,38,0,38,168
05/08/2006,FLG,AZ,AWP,WE,Federal Contract Tower,0,13,8,2,23,0,13,51,0,64,0,26,59,2,87,14,18,32,119
05/09/2006,FLG,AZ,AWP,WE,Federal Contract Tower,0,13,4,0,17,0,20,47,0,67,0,33,51,0,84,20,0,20,104
05/10/2006,FLG,AZ,AWP,WE,Federal Contract Tower,0,12,13,0,25,0,14,50,2,66,0,26,63,2,91,40,0,40,131
05/11/2006,FLG,AZ,AWP,WE,Federal Contract Tower,0,17,27,0,44,0,31,75,0,106,0,48,102,0,150,58,0,58,208
05/12/2006,FLG,AZ,AWP,WE,Federal Contract Tower,0,18,10,0,28,0,13,113,0,126,0,31,123,0,154,24,6,30,184
05/13/2006,FLG,AZ,AWP,WE,Federal Contract Tower,0,9,5,1,15,0,10,80,3,93,0,19,85,4,108,40,4,44,152
05/14/2006,FLG,AZ,AWP,WE,Federal Contract Tower,0,7,15,0,22,0,7,111,2,120,0,14,126,2,142,60,0,60,202
05/15/2006,FLG,AZ,AWP,WE,Federal Contract Tower,0,11,4,2,17,0,13,44,0,57,0,24,48,2,74,18,4,22,96
05/16/2006,FLG,AZ,AWP,WE,Federal Contract Tower,0,16,5,0,21,0,21,86,0,107,0,37,91,0,128,46,0,46,174
05/17/2006,FLG,AZ,AWP,WE,Federal Contract Tower,0,14,10,0,24,0,19,65,0,84,0,33,75,0,108,73,0,73,181
05/18/2006,FLG,AZ,AWP,WE,Federal Contract Tower,0,14,10,0,24,0,15,62,4,81,0,29,72,4,105,50,0,50,155
05/19/2006,FLG,AZ,AWP,WE,Federal Contract Tower,0,10,3,0,13,0,14,61,1,76,0,24,64,1,89,42,4,46,135
05/20/2006,FLG,AZ,AWP,WE,Federal Contract Tower,0,10,5,2,17,0,7,83,1,91,0,17,88,3,108,26,0,26,134
05/21/2006,FLG,AZ,AWP,WE,Federal Contract Tower,0,9,2,0,11,19,67,1,0,87,19,76,3,0,98,40,0,40,138
05/22/2006,FLG,AZ,AWP,WE,Federal Contract Tower,0,8,12,0,20,0,16,20,0,36,0,24,32,0,56,7,0,7,63
05/23/2006,FLG,AZ,AWP,WE,Federal Contract Tower,0,12,10,0,22,0,12,77,2,91,0,24,87,2,113,30,0,30,143
05/24/2006,FLG,AZ,AWP,WE,Federal Contract Tower,0,15,7,0,22,0,13,81,0,94,0,28,88,0,116,62,0,62,178
05/25/2006,FLG,AZ,AWP,WE,Federal Contract Tower,0,15,7,0,22,0,25,75,0,100,0,40,82,0,122,60,0,60,182
05/26/2006,FLG,AZ,AWP,WE,Federal Contract Tower,0,17,9,0,26,0,13,101,0,114,0,30,110,0,140,34,0,34,174
05/27/2006,FLG,AZ,AWP,WE,Federal Contract Tower,0,12,10,0,22,0,0,53,0,53,0,12,63,0,75,28,0,28,103
05/28/2006,FLG,AZ,AWP,WE,Federal Contract Tower,0,12,3,2,17,0,12,71,0,83,0,24,74,2,100,22,0,22,122
05/29/2006,FLG,AZ,AWP,WE,Federal Contract Tower,0,11,7,0,18,0,11,77,4,92,0,22,84,4,110,59,1,60,170
05/30/2006,FLG,AZ,AWP,WE,Federal Contract Tower,0,12,5,0,17,0,14,82,0,96,0,26,87,0,113,76,0,76,189
05/31/2006,FLG,AZ,AWP,WE,Federal Contract Tower,0,9,6,0,15,0,13,68,7,88,0,22,74,7,103,62,0,62,165
06/01/2006,FLG,AZ,AWP,WE,Federal Contract Tower,0,18,5,0,23,0,15,78,2,95,0,33,83,2,118,82,0,82,200
06/02/2006,FLG,AZ,AWP,WE,Federal Contract Tower,0,12,8,0,20,0,12,95,0,107,0,24,103,0,127,82,8,90,217
06/03/2006,FLG,AZ,AWP,WE,Federal Contract Tower,0,14,6,0,20,0,3,88,3,94,0,17,94,3,114,38,4,42,156
06/04/2006,FLG,AZ,AWP,WE,Federal Contract Tower,0,9,3,0,12,0,8,107,0,115,0,17,110,0,127,32,0,32,159
06/05/2006,FLG,AZ,AWP,WE,Federal Contract Tower,0,13,5,0,18,0,11,65,0,76,0,24,70,0,94,38,0,38,132
06/06/2006,FLG,AZ,AWP,WE,Federal Contract Tower,0,12,4,0,16,0,16,50,0,66,0,28,54,0,82,36,0,36,118
06/07/2006,FLG,AZ,AWP,WE,Federal Contract Tower,0,15,5,0,20,0,9,46,0,55,0,24,51,0,75,26,0,26,101
06/08/2006,FLG,AZ,AWP,WE,Federal Contract Tower,0,17,6,0,23,0,18,56,1,75,0,35,62,1,98,32,0,32,130
06/09/2006,FLG,AZ,AWP,WE,Federal Contract Tower,0,16,8,0,24,0,10,84,0,94,0,26,92,0,118,16,0,16,134
06/10/2006,FLG,AZ,AWP,WE,Federal Contract Tower,0,12,2,0,14,0,12,83,2,97,0,24,85,2,111,16,0,16,127
06/11/2006,FLG,AZ,AWP,WE,Federal Contract Tower,0,9,6,0,15,0,5,96,0,101,0,14,102,0,116,64,0,64,180
06/12/2006,FLG,AZ,AWP,WE,Federal Contract Tower,0,15,5,0,20,0,13,78,0,91,0,28,83,0,111,30,1,31,142
06/13/2006,FLG,AZ,AWP,WE,Federal Contract Tower,0,16,7,0,23,0,15,66,0,81,0,31,73,0,104,20,0,20,124
06/14/2006,FLG,AZ,AWP,WE,Federal Contract Tower,0,12,8,1,21,0,22,63,0,85,0,34,71,1,106,0,4,4,110
06/15/2006,FLG,AZ,AWP,WE,Federal Contract Tower,0,12,7,0,19,0,21,59,2,82,0,33,66,2,101,32,0,32,133
06/16/2006,FLG,AZ,AWP,WE,Federal Contract Tower,0,14,9,0,23,0,17,79,0,96,0,31,88,0,119,38,0,38,157
06/17/2006,FLG,AZ,AWP,WE,Federal Contract Tower,0,14,5,0,19,0,8,82,0,90,0,22,87,0,109,30,0,30,139
06/18/2006,FLG,AZ,AWP,WE,Federal Contract Tower,0,10,3,0,13,0,9,102,0,111,0,19,105,0,124,32,0,32,156
06/19/2006,FLG,AZ,AWP,WE,Federal Contract Tower,0,14,14,0,28,0,18,72,0,90,0,32,86,0,118,18,0,18,136
06/20/2006,FLG,AZ,AWP,WE,Federal Contract Tower,0,12,6,0,18,0,24,74,0,98,0,36,80,0,116,16,0,16,132
06/21/2006,FLG,AZ,AWP,WE,Federal Contract Tower,0,18,20,0,38,0,19,52,1,72,0,37,72,1,110,60,0,60,170
06/22/2006,FLG,AZ,AWP,WE,Federal Contract Tower,0,17,11,0,28,0,17,67,0,84,0,34,78,0,112,94,0,94,206
06/23/2006,FLG,AZ,AWP,WE,Federal Contract Tower,0,17,11,0,28,0,14,63,0,77,0,31,74,0,105,16,0,16,121
06/24/2006,FLG,AZ,AWP,WE,Federal Contract Tower,0,12,5,0,17,0,0,69,0,69,0,12,74,0,86,28,1,29,115
06/25/2006,FLG,AZ,AWP,WE,Federal Contract Tower,0,9,7,0,16,0,8,84,0,92,0,17,91,0,108,61,0,61,169
06/26/2006,FLG,AZ,AWP,WE,Federal Contract Tower,0,11,6,0,17,0,15,58,0,73,0,26,64,0,90,30,6,36,126
06/27/2006,FLG,AZ,AWP,WE,Federal Contract Tower,0,14,7,0,21,0,19,38,0,57,0,33,45,0,78,28,0,28,106
06/28/2006,FLG,AZ,AWP,WE,Federal Contract Tower,0,9,6,0,15,0,35,60,1,96,0,44,66,1,111,18,0,18,129
06/29/2006,FLG,AZ,AWP,WE,Federal Contract Tower,0,19,8,0,27,0,11,54,0,65,0,30,62,0,92,18,0,18,110
06/30/2006,FLG,AZ,AWP,WE,Federal Contract Tower,0,19,12,0,31,0,5,86,0,91,0,24,98,0,122,32,0,32,154
07/01/2006,FLG,AZ,AWP,WE,Federal Contract Tower,0,11,2,0,13,0,7,94,0,101,0,18,96,0,114,42,0,42,156
07/02/2006,FLG,AZ,AWP,WE,Federal Contract Tower,0,13,3,0,16,0,4,86,0,90,0,17,89,0,106,40,0,40,146
07/03/2006,FLG,AZ,AWP,WE,Federal Contract Tower,0,12,2,0,14,0,14,92,0,106,0,26,94,0,120,30,0,30,150
07/04/2006,FLG,AZ,AWP,WE,Federal Contract Tower,0,10,8,0,18,0,10,82,0,92,0,20,90,0,110,30,0,30,140
07/05/2006,FLG,AZ,AWP,WE,Federal Contract Tower,0,13,15,0,28,0,24,40,2,66,0,37,55,2,94,40,0,40,134
07/06/2006,FLG,AZ,AWP,WE,Federal Contract Tower,0,14,9,0,23,0,21,54,0,75,0,35,63,0,98,54,0,54,152
07/07/2006,FLG,AZ,AWP,WE,Federal Contract Tower,0,20,6,0,26,0,14,40,0,54,0,34,46,0,80,30,0,30,110
07/08/2006,FLG,AZ,AWP,WE,Federal Contract Tower,0,14,6,0,20,0,3,58,0,61,0,17,64,0,81,50,0,50,131
07/09/2006,FLG,AZ,AWP,WE,Federal Contract Tower,0,9,5,0,14,0,7,75,2,84,0,16,80,2,98,26,2,28,126
07/10/2006,FLG,AZ,AWP,WE,Federal Contract Tower,0,11,12,3,26,0,26,48,0,74,0,37,60,3,100,38,12,50,150
07/11/2006,FLG,AZ,AWP,WE,Federal Contract Tower,0,20,13,0,33,0,28,68,0,96,0,48,81,0,129,48,0,48,177
07/12/2006,FLG,AZ,AWP,WE,Federal Contract Tower,0,14,4,0,18,0,21,72,0,93,0,35,76,0,111,40,0,40,151
07/13/2006,FLG,AZ,AWP,WE,Federal Contract Tower,0,11,11,2,24,0,24,73,2,99,0,35,84,4,123,72,8,80,203
07/14/2006,FLG,AZ,AWP,WE,Federal Contract Tower,0,10,13,0,23,0,14,69,0,83,0,24,82,0,106,40,0,40,146
07/15/2006,FLG,AZ,AWP,WE,Federal Contract Tower,0,13,4,0,17,0,8,54,0,62,0,21,58,0,79,32,0,32,111
07/16/2006,FLG,AZ,AWP,WE,Federal Contract Tower,0,12,6,0,18,0,10,89,0,99,0,22,95,0,117,38,0,38,155
07/17/2006,FLG,AZ,AWP,WE,Federal Contract Tower,0,12,4,0,16,0,9,68,0,77,0,21,72,0,93,54,2,56,149
07/18/2006,FLG,AZ,AWP,WE,Federal Contract Tower,0,16,12,0,28,0,16,69,0,85,0,32,81,0,113,20,0,20,133
07/19/2006,FLG,AZ,AWP,WE,Federal Contract Tower,0,20,7,0,27,0,8,63,2,73,0,28,70,2,100,62,0,62,162
07/20/2006,FLG,AZ,AWP,WE,Federal Contract Tower,0,13,12,0,25,0,16,80,0,96,0,29,92,0,121,74,0,74,195
07/21/2006,FLG,AZ,AWP,WE,Federal Contract Tower,0,14,12,0,26,0,16,69,0,85,0,30,81,0,111,48,0,48,159
07/22/2006,FLG,AZ,AWP,WE,Federal Contract Tower,0,10,4,2,16,0,8,56,0,64,0,18,60,2,80,14,0,14,94
07/23/2006,FLG,AZ,AWP,WE,Federal Contract Tower,0,9,5,0,14,0,5,75,0,80,0,14,80,0,94,36,0,36,130
07/24/2006,FLG,AZ,AWP,WE,Federal Contract Tower,0,12,7,0,19,0,16,49,0,65,0,28,56,0,84,10,0,10,94
07/25/2006,FLG,AZ,AWP,WE,Federal Contract Tower,0,18,8,0,26,0,15,46,0,61,0,33,54,0,87,4,0,4,91
07/26/2006,FLG,AZ,AWP,WE,Federal Contract Tower,0,17,16,0,33,0,14,37,0,51,0,31,53,0,84,18,0,18,102
07/27/2006,FLG,AZ,AWP,WE,Federal Contract Tower,0,23,7,0,30,0,14,38,0,52,0,37,45,0,82,4,0,4,86
07/28/2006,FLG,AZ,AWP,WE,Federal Contract Tower,0,25,13,0,38,0,3,40,0,43,0,28,53,0,81,4,0,4,85
07/29/2006,FLG,AZ,AWP,WE,Federal Contract Tower,0,11,4,0,15,0,9,54,0,63,0,20,58,0,78,20,0,20,98
07/30/2006,FLG,AZ,AWP,WE,Federal Contract Tower,0,13,17,1,31,0,9,31,2,42,0,22,48,3,73,20,0,20,93
07/31/2006,FLG,AZ,AWP,WE,Federal Contract Tower,0,10,13,1,24,0,11,32,1,44,0,21,45,2,68,24,14,38,106
08/01/2006,FLG,AZ,AWP,WE,Federal Contract Tower,0,18,13,0,31,0,12,33,0,45,0,30,46,0,76,23,0,23,99
08/02/2006,FLG,AZ,AWP,WE,Federal Contract Tower,0,18,10,0,28,0,12,43,2,57,0,30,53,2,85,20,0,20,105
08/03/2006,FLG,AZ,AWP,WE,Federal Contract Tower,0,19,9,0,28,0,11,65,0,76,0,30,74,0,104,18,0,18,122
08/04/2006,FLG,AZ,AWP,WE,Federal Contract Tower,0,16,15,0,31,0,9,29,0,38,0,25,44,0,69,24,0,24,93
08/05/2006,FLG,AZ,AWP,WE,Federal Contract Tower,0,9,3,0,12,0,7,64,2,73,0,16,67,2,85,28,0,28,113
08/06/2006,FLG,AZ,AWP,WE,Federal Contract Tower,0,9,8,0,17,0,9,84,0,93,0,18,92,0,110,76,0,76,186
08/07/2006,FLG,AZ,AWP,WE,Federal Contract Tower,0,16,11,0,27,0,20,73,0,93,0,36,84,0,120,20,0,20,140
08/08/2006,FLG,AZ,AWP,WE,Federal Contract Tower,0,17,19,0,36,0,30,79,0,109,0,47,98,0,145,86,2,88,233
08/09/2006,FLG,AZ,AWP,WE,Federal Contract Tower,0,13,11,0,24,0,15,60,0,75,0,28,71,0,99,10,0,10,109
08/10/2006,FLG,AZ,AWP,WE,Federal Contract Tower,0,15,21,0,36,0,16,59,0,75,0,31,80,0,111,14,0,14,125
08/11/2006,FLG,AZ,AWP,WE,Federal Contract Tower,0,13,7,4,24,0,11,61,0,72,0,24,68,4,96,18,14,32,128
08/12/2006,FLG,AZ,AWP,WE,Federal Contract Tower,0,13,8,0,21,0,6,45,2,53,0,19,53,2,74,6,0,6,80
08/13/2006,FLG,AZ,AWP,WE,Federal Contract Tower,0,12,6,0,18,0,12,74,0,86,0,24,80,0,104,26,0,26,130
08/14/2006,FLG,AZ,AWP,WE,Federal Contract Tower,0,11,5,0,16,0,14,65,0,79,0,25,70,0,95,70,0,70,165
08/15/2006,FLG,AZ,AWP,WE,Federal Contract Tower,0,18,11,0,29,0,15,56,1,72,0,33,67,1,101,85,0,85,186
08/16/2006,FLG,AZ,AWP,WE,Federal Contract Tower,0,17,7,0,24,0,14,56,0,70,0,31,63,0,94,96,0,96,190
08/17/2006,FLG,AZ,AWP,WE,Federal Contract Tower,0,8,6,0,14,0,16,80,0,96,0,24,86,0,110,66,0,66,176
08/18/2006,FLG,AZ,AWP,WE,Federal Contract Tower,0,16,9,0,25,0,8,88,9,105,0,24,97,9,130,48,12,60,190
08/19/2006,FLG,AZ,AWP,WE,Federal Contract Tower,0,15,6,0,21,0,11,65,0,76,0,26,71,0,97,60,0,60,157
08/20/2006,FLG,AZ,AWP,WE,Federal Contract Tower,0,11,4,0,15,0,5,75,0,80,0,16,79,0,95,56,0,56,151
08/21/2006,FLG,AZ,AWP,WE,Federal Contract Tower,0,13,13,0,26,0,22,42,0,64,0,35,55,0,90,28,0,28,118
08/22/2006,FLG,AZ,AWP,WE,Federal Contract Tower,0,13,10,1,24,0,27,47,1,75,0,40,57,2,99,32,0,32,131
08/23/2006,FLG,AZ,AWP,WE,Federal Contract Tower,0,17,11,0,28,0,16,73,2,91,0,33,84,2,119,48,0,48,167
08/24/2006,FLG,AZ,AWP,WE,Federal Contract Tower,0,17,9,0,26,0,11,32,0,43,0,28,41,0,69,34,0,34,103
08/25/2006,FLG,AZ,AWP,WE,Federal Contract Tower,0,20,7,0,27,0,9,72,0,81,0,29,79,0,108,48,0,48,156
08/26/2006,FLG,AZ,AWP,WE,Federal Contract Tower,0,17,13,0,30,0,7,66,0,73,0,24,79,0,103,42,0,42,145
08/27/2006,FLG,AZ,AWP,WE,Federal Contract Tower,0,11,3,0,14,0,9,83,2,94,0,20,86,2,108,40,0,40,148
08/28/2006,FLG,AZ,AWP,WE,Federal Contract Tower,0,12,6,0,18,0,18,44,0,62,0,30,50,0,80,20,0,20,100
08/29/2006,FLG,AZ,AWP,WE,Federal Contract Tower,0,12,8,0,20,0,16,62,0,78,0,28,70,0,98,28,2,30,128
08/30/2006,FLG,AZ,AWP,WE,Federal Contract Tower,0,14,9,0,23,0,20,60,0,80,0,34,69,0,103,24,0,24,127
08/31/2006,FLG,AZ,AWP,WE,Federal Contract Tower,0,12,4,0,16,0,25,42,0,67,0,37,46,0,83,12,0,12,95
09/01/2006,FLG,AZ,AWP,WE,Federal Contract Tower,0,17,10,0,27,0,11,102,0,113,0,28,112,0,140,48,0,48,188
09/02/2006,FLG,AZ,AWP,WE,Federal Contract Tower,0,15,4,0,19,0,9,66,4,79,0,24,70,4,98,20,0,20,118
09/03/2006,FLG,AZ,AWP,WE,Federal Contract Tower,0,10,2,0,12,0,9,88,1,98,0,19,90,1,110,18,0,18,128
09/04/2006,FLG,AZ,AWP,WE,Federal Contract Tower,0,10,8,0,18,0,10,60,2,72,0,20,68,2,90,8,0,8,98
09/05/2006,FLG,AZ,AWP,WE,Federal Contract Tower,0,13,6,1,20,0,16,59,1,76,0,29,65,2,96,44,4,48,144
09/06/2006,FLG,AZ,AWP,WE,Federal Contract Tower,0,17,8,0,25,0,9,33,0,42,0,26,41,0,67,22,0,22,89
09/07/2006,FLG,AZ,AWP,WE,Federal Contract Tower,0,13,18,0,31,0,19,38,0,57,0,32,56,0,88,26,0,26,114
09/08/2006,FLG,AZ,AWP,WE,Federal Contract Tower,0,18,16,0,34,0,13,72,2,87,0,31,88,2,121,30,2,32,153
09/09/2006,FLG,AZ,AWP,WE,Federal Contract Tower,0,10,11,0,21,0,9,51,0,60,0,19,62,0,81,26,0,26,107
09/10/2006,FLG,AZ,AWP,WE,Federal Contract Tower,0,8,5,0,13,0,12,75,0,87,0,20,80,0,100,30,6,36,136
09/11/2006,FLG,AZ,AWP,WE,Federal Contract Tower,0,14,3,0,17,0,8,69,1,78,0,22,72,1,95,22,0,22,117
09/12/2006,FLG,AZ,AWP,WE,Federal Contract Tower,0,9,9,0,18,0,11,64,0,75,0,20,73,0,93,38,0,38,131
09/13/2006,FLG,AZ,AWP,WE,Federal Contract Tower,0,16,7,0,23,0,13,47,0,60,0,29,54,0,83,28,0,28,111
09/14/2006,FLG,AZ,AWP,WE,Federal Contract Tower,0,12,25,0,37,0,17,26,2,45,0,29,51,2,82,6,0,6,88
09/15/2006,FLG,AZ,AWP,WE,Federal Contract Tower,0,22,15,0,37,0,12,57,5,74,0,34,72,5,111,12,0,12,123
09/16/2006,FLG,AZ,AWP,WE,Federal Contract Tower,0,16,9,0,25,0,4,61,4,69,0,20,70,4,94,20,0,20,114
09/17/2006,FLG,AZ,AWP,WE,Federal Contract Tower,0,11,6,0,17,0,19,84,0,103,0,30,90,0,120,37,0,37,157
09/18/2006,FLG,AZ,AWP,WE,Federal Contract Tower,0,14,13,2,29,0,14,77,0,91,0,28,90,2,120,62,10,72,192
09/19/2006,FLG,AZ,AWP,WE,Federal Contract Tower,0,19,10,0,29,0,23,76,0,99,0,42,86,0,128,38,0,38,166
09/20/2006,FLG,AZ,AWP,WE,Federal Contract Tower,0,16,14,0,30,0,13,33,0,46,0,29,47,0,76,4,0,4,80
09/21/2006,FLG,AZ,AWP,WE,Federal Contract Tower,0,19,8,0,27,0,31,80,2,113,0,50,88,2,140,48,0,48,188
09/22/2006,FLG,AZ,AWP,WE,Federal Contract Tower,0,15,10,0,25,0,4,47,10,61,0,19,57,10,86,20,6,26,112
09/23/2006,FLG,AZ,AWP,WE,Federal Contract Tower,0,10,7,0,17,0,4,73,2,79,0,14,80,2,96,10,0,10,106
09/24/2006,FLG,AZ,AWP,WE,Federal Contract Tower,0,9,16,0,25,0,16,69,0,85,0,25,85,0,110,60,0,60,170
09/25/2006,FLG,AZ,AWP,WE,Federal Contract Tower,0,10,5,0,15,0,17,53,5,75,0,27,58,5,90,30,10,40,130
09/26/2006,FLG,AZ,AWP,WE,Federal Contract Tower,0,15,7,0,22,0,26,76,3,105,0,41,83,3,127,40,0,40,167
09/27/2006,FLG,AZ,AWP,WE,Federal Contract Tower,0,16,9,0,25,0,17,75,2,94,0,33,84,2,119,36,0,36,155
09/28/2006,FLG,AZ,AWP,WE,Federal Contract Tower,0,9,6,2,17,0,13,70,2,85,0,22,76,4,102,34,0,34,136
09/29/2006,FLG,AZ,AWP,WE,Federal Contract Tower,2,11,4,0,17,0,8,82,3,93,2,19,86,3,110,24,6,30,140
09/30/2006,FLG,AZ,AWP,WE,Federal Contract Tower,0,9,7,0,16,0,12,93,11,116,0,21,100,11,132,38,0,38,170
10/01/2006,FLG,AZ,AWP,WE,Federal Contract Tower,0,6,7,0,13,0,8,87,2,97,0,14,94,2,110,20,0,20,130
10/02/2006,FLG,AZ,AWP,WE,Federal Contract Tower,0,10,7,0,17,0,10,43,0,53,0,20,50,0,70,20,0,20,90
10/03/2006,FLG,AZ,AWP,WE,Federal Contract Tower,0,14,5,0,19,0,8,61,4,73,0,22,66,4,92,36,4,40,132
10/04/2006,FLG,AZ,AWP,WE,Federal Contract Tower,0,17,9,0,26,0,20,26,2,48,0,37,35,2,74,10,0,10,84
10/05/2006,FLG,AZ,AWP,WE,Federal Contract Tower,0,14,11,0,25,0,3,31,0,34,0,17,42,0,59,8,0,8,67
10/06/2006,FLG,AZ,AWP,WE,Federal Contract Tower,0,16,3,0,19,0,3,30,0,33,0,19,33,0,52,0,0,0,52
10/07/2006,FLG,AZ,AWP,WE,Federal Contract Tower,0,12,7,0,19,0,1,73,0,74,0,13,80,0,93,26,0,26,119
10/08/2006,FLG,AZ,AWP,WE,Federal Contract Tower,0,6,6,0,12,0,5,88,2,95,0,11,94,2,107,36,0,36,143
10/09/2006,FLG,AZ,AWP,WE,Federal Contract Tower,0,10,7,2,19,0,12,45,2,59,0,22,52,4,78,24,0,24,102
10/10/2006,FLG,AZ,AWP,WE,Federal Contract Tower,0,13,4,0,17,0,9,55,2,66,0,22,59,2,83,34,0,34,117
10/11/2006,FLG,AZ,AWP,WE,Federal Contract Tower,0,13,7,0,20,0,22,70,3,95,0,35,77,3,115,42,0,42,157
10/12/2006,FLG,AZ,AWP,WE,Federal Contract Tower,0,15,10,0,25,0,12,76,4,92,0,27,86,4,117,28,0,28,145
10/13/2006,FLG,AZ,AWP,WE,Federal Contract Tower,0,16,17,0,33,0,2,67,0,69,0,18,84,0,102,38,0,38,140
10/14/2006,FLG,AZ,AWP,WE,Federal Contract Tower,0,15,15,0,30,0,3,11,0,14,0,18,26,0,44,22,0,22,66
10/15/2006,FLG,AZ,AWP,WE,Federal Contract Tower,0,8,16,0,24,0,15,62,0,77,0,23,78,0,101,39,0,39,140
10/16/2006,FLG,AZ,AWP,WE,Federal Contract Tower,0,18,11,0,29,0,9,39,0,48,0,27,50,0,77,20,0,20,97
10/17/2006,FLG,AZ,AWP,WE,Federal Contract Tower,0,16,12,0,28,0,9,15,0,24,0,25,27,0,52,8,0,8,60
10/18/2006,FLG,AZ,AWP,WE,Federal Contract Tower,0,12,5,0,17,0,11,47,2,60,0,23,52,2,77,30,0,30,107
10/19/2006,FLG,AZ,AWP,WE,Federal Contract Tower,0,15,5,0,20,0,18,96,0,114,0,33,101,0,134,48,0,48,182
10/20/2006,FLG,AZ,AWP,WE,Federal Contract Tower,0,18,14,0,32,0,7,95,0,102,0,25,109,0,134,44,0,44,178
10/21/2006,FLG,AZ,AWP,WE,Federal Contract Tower,0,6,1,0,7,0,7,81,3,91,0,13,82,3,98,44,0,44,142
10/22/2006,FLG,AZ,AWP,WE,Federal Contract Tower,0,7,11,0,18,0,11,89,3,103,0,18,100,3,121,65,0,65,186
10/23/2006,FLG,AZ,AWP,WE,Federal Contract Tower,0,12,5,0,17,0,9,60,0,69,0,21,65,0,86,60,0,60,146
10/24/2006,FLG,AZ,AWP,WE,Federal Contract Tower,0,17,8,0,25,0,10,29,0,39,0,27,37,0,64,25,0,25,89
10/25/2006,FLG,AZ,AWP,WE,Federal Contract Tower,0,19,13,0,32,0,4,24,0,28,0,23,37,0,60,6,0,6,66
10/26/2006,FLG,AZ,AWP,WE,Federal Contract Tower,0,10,3,0,13,0,16,46,2,64,0,26,49,2,77,8,6,14,91
10/27/2006,FLG,AZ,AWP,WE,Federal Contract Tower,0,13,6,0,19,0,9,94,0,103,0,22,100,0,122,32,0,32,154
10/28/2006,FLG,AZ,AWP,WE,Federal Contract Tower,0,11,1,0,12,0,3,96,7,106,0,14,97,7,118,30,0,30,148
10/29/2006,FLG,AZ,AWP,WE,Federal Contract Tower,0,8,5,0,13,0,14,83,0,97,0,22,88,0,110,10,0,10,120
10/30/2006,FLG,AZ,AWP,WE,Federal Contract Tower,0,10,8,0,18,0,14,45,2,61,0,24,53,2,79,0,0,0,79
10/31/2006,FLG,AZ,AWP,WE,Federal Contract Tower,0,16,4,0,20,0,13,44,0,57,0,29,48,0,77,5,0,5,82
11/01/2006,FLG,AZ,AWP,WE,Federal Contract Tower,0,14,8,0,22,0,21,59,1,81,0,35,67,1,103,26,6,32,135
11/02/2006,FLG,AZ,AWP,WE,Federal Contract Tower,0,12,8,0,20,0,12,74,4,90,0,24,82,4,110,26,12,38,148
11/03/2006,FLG,AZ,AWP,WE,Federal Contract Tower,0,16,3,1,20,0,5,79,0,84,0,21,82,1,104,50,6,56,160
11/04/2006,FLG,AZ,AWP,WE,Federal Contract Tower,0,9,3,0,12,0,7,61,4,72,0,16,64,4,84,38,0,38,122
11/05/2006,FLG,AZ,AWP,WE,Federal Contract Tower,0,9,3,0,12,0,5,79,0,84,0,14,82,0,96,18,0,18,114
11/06/2006,FLG,AZ,AWP,WE,Federal Contract Tower,0,19,5,0,24,0,12,46,0,58,0,31,51,0,82,10,0,10,92
11/07/2006,FLG,AZ,AWP,WE,Federal Contract Tower,0,11,4,0,15,0,27,61,0,88,0,38,65,0,103,28,0,28,131
11/08/2006,FLG,AZ,AWP,WE,Federal Contract Tower,0,12,3,0,15,0,12,44,0,56,0,24,47,0,71,24,0,24,95
11/09/2006,FLG,AZ,AWP,WE,Federal Contract Tower,0,10,14,1,25,0,12,61,4,77,0,22,75,5,102,12,2,14,116
11/10/2006,FLG,AZ,AWP,WE,Federal Contract Tower,0,10,13,1,24,0,9,69,0,78,0,19,82,1,102,26,2,28,130
11/11/2006,FLG,AZ,AWP,WE,Federal Contract Tower,0,11,3,0,14,0,2,45,0,47,0,13,48,0,61,14,0,14,75
11/12/2006,FLG,AZ,AWP,WE,Federal Contract Tower,0,7,5,0,12,0,9,75,3,87,0,16,80,3,99,10,0,10,109
11/13/2006,FLG,AZ,AWP,WE,Federal Contract Tower,0,13,11,0,24,0,23,79,2,104,0,36,90,2,128,46,0,46,174
11/14/2006,FLG,AZ,AWP,WE,Federal Contract Tower,0,15,9,0,24,0,19,41,1,61,0,34,50,1,85,8,0,8,93
11/15/2006,FLG,AZ,AWP,WE,Federal Contract Tower,0,15,6,0,21,0,9,52,0,61,0,24,58,0,82,14,0,14,96
11/16/2006,FLG,AZ,AWP,WE,Federal Contract Tower,0,16,6,0,22,0,7,48,0,55,0,23,54,0,77,26,0,26,103
11/17/2006,FLG,AZ,AWP,WE,Federal Contract Tower,0,13,10,2,25,0,14,63,0,77,0,27,73,2,102,42,4,46,148
11/18/2006,FLG,AZ,AWP,WE,Federal Contract Tower,0,8,5,0,13,0,6,61,4,71,0,14,66,4,84,54,0,54,138
11/19/2006,FLG,AZ,AWP,WE,Federal Contract Tower,0,7,6,0,13,0,8,76,5,89,0,15,82,5,102,18,0,18,120
11/20/2006,FLG,AZ,AWP,WE,Federal Contract Tower,0,11,8,0,19,0,20,61,3,84,0,31,69,3,103,30,0,30,133
11/21/2006,FLG,AZ,AWP,WE,Federal Contract Tower,0,12,14,0,26,0,16,64,4,84,0,28,78,4,110,48,16,64,174
11/22/2006,FLG,AZ,AWP,WE,Federal Contract Tower,0,14,13,0,27,0,8,83,0,91,0,22,96,0,118,60,4,64,182
11/23/2006,FLG,AZ,AWP,WE,Federal Contract Tower,0,6,7,0,13,0,6,39,0,45,0,12,46,0,58,10,0,10,68
11/24/2006,FLG,AZ,AWP,WE,Federal Contract Tower,0,13,4,0,17,0,2,66,0,68,0,15,70,0,85,48,0,48,133
11/25/2006,FLG,AZ,AWP,WE,Federal Contract Tower,0,8,7,0,15,0,8,63,6,77,0,16,70,6,92,38,4,42,134
11/26/2006,FLG,AZ,AWP,WE,Federal Contract Tower,0,9,17,0,26,0,9,75,0,84,0,18,92,0,110,8,0,8,118
11/27/2006,FLG,AZ,AWP,WE,Federal Contract Tower,0,8,10,0,18,0,8,15,4,27,0,16,25,4,45,0,0,0,45
11/28/2006,FLG,AZ,AWP,WE,Federal Contract Tower,0,14,13,0,27,0,14,1,0,15,0,28,14,0,42,0,0,0,42
11/29/2006,FLG,AZ,AWP,WE,Federal Contract Tower,0,12,7,0,19,0,20,16,0,36,0,32,23,0,55,12,0,12,67
11/30/2006,FLG,AZ,AWP,WE,Federal Contract Tower,0,12,5,0,17,0,14,45,6,65,0,26,50,6,82,42,8,50,132
12/01/2006,FLG,AZ,AWP,WE,Federal Contract Tower,0,11,6,0,17,0,5,51,0,56,0,16,57,0,73,38,0,38,111
12/02/2006,FLG,AZ,AWP,WE,Federal Contract Tower,0,7,5,0,12,0,5,45,2,52,0,12,50,2,64,22,0,22,86
12/03/2006,FLG,AZ,AWP,WE,Federal Contract Tower,0,6,0,0,6,0,4,45,0,49,0,10,45,0,55,11,0,11,66
12/04/2006,FLG,AZ,AWP,WE,Federal Contract Tower,0,13,7,0,20,0,6,35,0,41,0,19,42,0,61,0,0,0,61
12/05/2006,FLG,AZ,AWP,WE,Federal Contract Tower,0,12,11,0,23,0,7,43,3,53,0,19,54,3,76,22,0,22,98
12/06/2006,FLG,AZ,AWP,WE,Federal Contract Tower,0,12,11,0,23,0,11,55,0,66,0,23,66,0,89,18,0,18,107
12/07/2006,FLG,AZ,AWP,WE,Federal Contract Tower,0,12,3,0,15,0,13,46,4,63,0,25,49,4,78,16,0,16,94
12/08/2006,FLG,AZ,AWP,WE,Federal Contract Tower,0,13,5,1,19,0,7,57,1,65,0,20,62,2,84,26,0,26,110
12/09/2006,FLG,AZ,AWP,WE,Federal Contract Tower,0,9,1,3,13,0,6,44,1,51,0,15,45,4,64,20,4,24,88
12/10/2006,FLG,AZ,AWP,WE,Federal Contract Tower,0,13,4,0,17,0,3,8,0,11,0,16,12,0,28,0,0,0,28
12/11/2006,FLG,AZ,AWP,WE,Federal Contract Tower,0,11,6,0,17,0,6,43,0,49,0,17,49,0,66,26,0,26,92
12/12/2006,FLG,AZ,AWP,WE,Federal Contract Tower,0,13,3,0,16,0,7,54,2,63,0,20,57,2,79,96,0,96,175
12/13/2006,FLG,AZ,AWP,WE,Federal Contract Tower,0,12,9,0,21,0,11,44,0,55,0,23,53,0,76,41,0,41,117
12/14/2006,FLG,AZ,AWP,WE,Federal Contract Tower,0,12,4,2,18,0,6,50,1,57,0,18,54,3,75,18,4,22,97
12/15/2006,FLG,AZ,AWP,WE,Federal Contract Tower,0,13,7,0,20,0,6,62,0,68,0,19,69,0,88,38,0,38,126
12/16/2006,FLG,AZ,AWP,WE,Federal Contract Tower,0,9,1,0,10,0,6,59,0,65,0,15,60,0,75,44,0,44,119
12/17/2006,FLG,AZ,AWP,WE,Federal Contract Tower,0,13,3,0,16,0,5,15,0,20,0,18,18,0,36,0,0,0,36
12/18/2006,FLG,AZ,AWP,WE,Federal Contract Tower,0,9,8,0,17,0,6,9,0,15,0,15,17,0,32,2,0,2,34
12/19/2006,FLG,AZ,AWP,WE,Federal Contract Tower,0,20,5,2,27,0,5,6,0,11,0,25,11,2,38,0,14,14,52
12/20/2006,FLG,AZ,AWP,WE,Federal Contract Tower,0,16,1,0,17,0,8,29,2,39,0,24,30,2,56,14,0,14,70
12/21/2006,FLG,AZ,AWP,WE,Federal Contract Tower,0,7,0,2,9,0,11,44,2,57,0,18,44,4,66,16,16,32,98
12/22/2006,FLG,AZ,AWP,WE,Federal Contract Tower,0,16,9,0,25,0,5,11,0,16,0,21,20,0,41,14,0,14,55
12/23/2006,FLG,AZ,AWP,WE,Federal Contract Tower,0,11,4,0,15,0,7,50,2,59,0,18,54,2,74,18,0,18,92
12/24/2006,FLG,AZ,AWP,WE,Federal Contract Tower,0,11,0,0,11,0,9,34,0,43,0,20,34,0,54,4,0,4,58
12/25/2006,FLG,AZ,AWP,WE,Federal Contract Tower,0,8,2,0,10,0,6,24,0,30,0,14,26,0,40,13,0,13,53
12/26/2006,FLG,AZ,AWP,WE,Federal Contract Tower,0,12,7,0,19,0,8,48,0,56,0,20,55,0,75,6,0,6,81
12/27/2006,FLG,AZ,AWP,WE,Federal Contract Tower,0,13,11,0,24,0,5,14,0,19,0,18,25,0,43,12,0,12,55
12/28/2006,FLG,AZ,AWP,WE,Federal Contract Tower,0,13,2,0,15,0,2,0,0,2,0,15,2,0,17,0,0,0,17
12/29/2006,FLG,AZ,AWP,WE,Federal Contract Tower,0,17,9,0,26,0,4,19,3,26,0,21,28,3,52,16,0,16,68
12/30/2006,FLG,AZ,AWP,WE,Federal Contract Tower,0,12,3,0,15,0,3,42,0,45,0,15,45,0,60,14,0,14,74
12/31/2006,FLG,AZ,AWP,WE,Federal Contract Tower,0,7,1,0,8,0,10,71,0,81,0,17,72,0,89,44,0,44,133
01/01/2007,FLG,AZ,AWP,WE,Federal Contract Tower,0,8,1,0,9,0,7,32,0,39,0,15,33,0,48,0,0,0,48
01/02/2007,FLG,AZ,AWP,WE,Federal Contract Tower,0,9,3,0,12,0,8,46,0,54,0,17,49,0,66,18,0,18,84
01/03/2007,FLG,AZ,AWP,WE,Federal Contract Tower,0,10,4,0,14,0,6,52,0,58,0,16,56,0,72,24,0,24,96
01/04/2007,FLG,AZ,AWP,WE,Federal Contract Tower,0,10,7,0,17,0,14,50,0,64,0,24,57,0,81,14,0,14,95
01/05/2007,FLG,AZ,AWP,WE,Federal Contract Tower,0,13,7,0,20,0,0,4,0,4,0,13,11,0,24,0,0,0,24
01/06/2007,FLG,AZ,AWP,WE,Federal Contract Tower,0,11,3,0,14,0,5,53,1,59,0,16,56,1,73,42,0,42,115
01/07/2007,FLG,AZ,AWP,WE,Federal Contract Tower,0,9,1,0,10,0,11,48,1,60,0,20,49,1,70,4,0,4,74
01/08/2007,FLG,AZ,AWP,WE,Federal Contract Tower,0,8,5,0,13,0,14,49,0,63,0,22,54,0,76,40,0,40,116
01/09/2007,FLG,AZ,AWP,WE,Federal Contract Tower,0,13,0,0,13,0,21,65,0,86,0,34,65,0,99,66,0,66,165
01/10/2007,FLG,AZ,AWP,WE,Federal Contract Tower,0,13,6,1,20,0,19,36,1,56,0,32,42,2,76,16,2,18,94
01/11/2007,FLG,AZ,AWP,WE,Federal Contract Tower,0,13,6,0,19,0,12,33,0,45,0,25,39,0,64,20,0,20,84
01/12/2007,FLG,AZ,AWP,WE,Federal Contract Tower,0,8,1,0,9,0,0,0,0,0,0,8,1,0,9,0,0,0,9
01/13/2007,FLG,AZ,AWP,WE,Federal Contract Tower,0,13,4,0,17,0,2,13,0,15,0,15,17,0,32,0,0,0,32
01/14/2007,FLG,AZ,AWP,WE,Federal Contract Tower,0,8,4,0,12,0,7,36,0,43,0,15,40,0,55,10,0,10,65
01/15/2007,FLG,AZ,AWP,WE,Federal Contract Tower,0,7,11,0,18,0,7,38,2,47,0,14,49,2,65,14,4,18,83
01/16/2007,FLG,AZ,AWP,WE,Federal Contract Tower,0,13,6,0,19,0,13,43,0,56,0,26,49,0,75,32,0,32,107
01/17/2007,FLG,AZ,AWP,WE,Federal Contract Tower,0,10,3,0,13,0,4,51,1,56,0,14,54,1,69,14,0,14,83
01/18/2007,FLG,AZ,AWP,WE,Federal Contract Tower,0,11,8,0,19,0,18,50,5,73,0,29,58,5,92,28,0,28,120
01/19/2007,FLG,AZ,AWP,WE,Federal Contract Tower,0,16,9,0,25,0,7,13,0,20,0,23,22,0,45,12,0,12,57
01/20/2007,FLG,AZ,AWP,WE,Federal Contract Tower,0,8,2,0,10,0,0,6,0,6,0,8,8,0,16,4,0,4,20
01/21/2007,FLG,AZ,AWP,WE,Federal Contract Tower,0,10,7,0,17,0,8,11,0,19,0,18,18,0,36,0,0,0,36
01/22/2007,FLG,AZ,AWP,WE,Federal Contract Tower,0,11,7,0,18,0,11,23,0,34,0,22,30,0,52,12,0,12,64
01/23/2007,FLG,AZ,AWP,WE,Federal Contract Tower,0,11,6,0,17,0,6,41,3,50,0,17,47,3,67,14,0,14,81
01/24/2007,FLG,AZ,AWP,WE,Federal Contract Tower,0,10,4,0,14,0,13,51,0,64,0,23,55,0,78,0,4,4,82
01/25/2007,FLG,AZ,AWP,WE,Federal Contract Tower,0,7,7,0,14,0,16,49,5,70,0,23,56,5,84,22,8,30,114
01/26/2007,FLG,AZ,AWP,WE,Federal Contract Tower,0,16,4,0,20,0,9,76,2,87,0,25,80,2,107,18,0,18,125
01/27/2007,FLG,AZ,AWP,WE,Federal Contract Tower,0,10,4,0,14,0,4,57,1,62,0,14,61,1,76,10,0,10,86
01/28/2007,FLG,AZ,AWP,WE,Federal Contract Tower,0,8,4,0,12,0,7,78,3,88,0,15,82,3,100,14,0,14,114
01/29/2007,FLG,AZ,AWP,WE,Federal Contract Tower,0,11,1,0,12,0,13,27,6,46,0,24,28,6,58,16,10,26,84
01/30/2007,FLG,AZ,AWP,WE,Federal Contract Tower,0,17,18,0,35,0,6,2,0,8,0,23,20,0,43,8,0,8,51
01/31/2007,FLG,AZ,AWP,WE,Federal Contract Tower,0,13,6,0,19,0,2,9,0,11,0,15,15,0,30,0,0,0,30
02/01/2007,FLG,AZ,AWP,WE,Federal Contract Tower,0,11,11,4,26,0,2,4,0,6,0,13,15,4,32,0,14,14,46
02/02/2007,FLG,AZ,AWP,WE,Federal Contract Tower,0,8,5,1,14,0,12,44,1,57,0,20,49,2,71,18,0,18,89
02/03/2007,FLG,AZ,AWP,WE,Federal Contract Tower,0,7,1,0,8,0,7,56,3,66,0,14,57,3,74,2,0,2,76
02/04/2007,FLG,AZ,AWP,WE,Federal Contract Tower,0,7,0,0,7,0,11,60,3,74,0,18,60,3,81,20,0,20,101
02/05/2007,FLG,AZ,AWP,WE,Federal Contract Tower,0,12,4,0,16,0,18,46,0,64,0,30,50,0,80,22,0,22,102
02/06/2007,FLG,AZ,AWP,WE,Federal Contract Tower,0,6,7,0,13,0,7,43,2,52,0,13,50,2,65,6,0,6,71
02/07/2007,FLG,AZ,AWP,WE,Federal Contract Tower,0,9,7,0,16,0,10,52,0,62,0,19,59,0,78,24,0,24,102
02/08/2007,FLG,AZ,AWP,WE,Federal Contract Tower,0,12,11,0,23,0,7,44,0,51,0,19,55,0,74,32,0,32,106
02/09/2007,FLG,AZ,AWP,WE,Federal Contract Tower,0,11,11,0,22,0,10,57,0,67,0,21,68,0,89,48,0,48,137
02/10/2007,FLG,AZ,AWP,WE,Federal Contract Tower,0,9,1,0,10,0,7,58,2,67,0,16,59,2,77,26,0,26,103
02/11/2007,FLG,AZ,AWP,WE,Federal Contract Tower,0,11,3,0,14,0,2,17,0,19,0,13,20,0,33,0,0,0,33
02/12/2007,FLG,AZ,AWP,WE,Federal Contract Tower,0,13,10,0,23,0,18,19,0,37,0,31,29,0,60,8,0,8,68
02/13/2007,FLG,AZ,AWP,WE,Federal Contract Tower,0,16,14,2,32,0,4,8,0,12,0,20,22,2,44,0,0,0,44
02/14/2007,FLG,AZ,AWP,WE,Federal Contract Tower,0,16,6,0,22,0,8,12,0,20,0,24,18,0,42,16,0,16,58
02/15/2007,FLG,AZ,AWP,WE,Federal Contract Tower,0,10,5,0,15,0,11,44,0,55,0,21,49,0,70,22,0,22,92
02/16/2007,FLG,AZ,AWP,WE,Federal Contract Tower,0,12,9,0,21,0,7,69,4,80,0,19,78,4,101,42,0,42,143
02/17/2007,FLG,AZ,AWP,WE,Federal Contract Tower,0,11,7,0,18,0,4,82,2,88,0,15,89,2,106,96,0,96,202
02/18/2007,FLG,AZ,AWP,WE,Federal Contract Tower,0,8,3,1,12,0,15,63,5,83,0,23,66,6,95,34,0,34,129
02/19/2007,FLG,AZ,AWP,WE,Federal Contract Tower,0,13,13,1,27,0,5,6,1,12,0,18,19,2,39,2,0,2,41
02/20/2007,FLG,AZ,AWP,WE,Federal Contract Tower,0,15,3,0,18,0,3,27,0,30,0,18,30,0,48,0,0,0,48
02/21/2007,FLG,AZ,AWP,WE,Federal Contract Tower,0,11,6,0,17,0,13,50,3,66,0,24,56,3,83,28,4,32,115
02/22/2007,FLG,AZ,AWP,WE,Federal Contract Tower,0,11,9,4,24,0,9,52,0,61,0,20,61,4,85,26,0,26,111
02/23/2007,FLG,AZ,AWP,WE,Federal Contract Tower,0,16,12,1,29,0,1,3,1,5,0,17,15,2,34,2,0,2,36
02/24/2007,FLG,AZ,AWP,WE,Federal Contract Tower,0,8,0,0,8,0,7,53,6,66,0,15,53,6,74,50,0,50,124
02/25/2007,FLG,AZ,AWP,WE,Federal Contract Tower,2,9,9,0,20,0,9,43,0,52,2,18,52,0,72,4,0,4,76
02/26/2007,FLG,AZ,AWP,WE,Federal Contract Tower,0,9,11,1,21,0,16,47,1,64,0,25,58,2,85,30,20,50,135
02/27/2007,FLG,AZ,AWP,WE,Federal Contract Tower,0,15,6,0,21,0,6,25,0,31,0,21,31,0,52,0,0,0,52
02/28/2007,FLG,AZ,AWP,WE,Federal Contract Tower,0,19,7,0,26,0,5,3,0,8,0,24,10,0,34,6,0,6,40
03/01/2007,FLG,AZ,AWP,WE,Federal Contract Tower,0,16,2,0,18,0,8,30,1,39,0,24,32,1,57,12,0,12,69
03/02/2007,FLG,AZ,AWP,WE,Federal Contract Tower,0,13,4,2,19,0,9,62,5,76,0,22,66,7,95,6,2,8,103
03/03/2007,FLG,AZ,AWP,WE,Federal Contract Tower,0,8,3,0,11,0,2,51,2,55,0,10,54,2,66,10,2,12,78
03/04/2007,FLG,AZ,AWP,WE,Federal Contract Tower,0,6,3,0,9,0,19,70,0,89,0,25,73,0,98,28,0,28,126
03/05/2007,FLG,AZ,AWP,WE,Federal Contract Tower,0,11,5,0,16,0,17,55,0,72,0,28,60,0,88,20,0,20,108
03/06/2007,FLG,AZ,AWP,WE,Federal Contract Tower,0,10,14,0,24,0,17,45,4,66,0,27,59,4,90,10,0,10,100
03/07/2007,FLG,AZ,AWP,WE,Federal Contract Tower,0,12,4,0,16,0,11,32,1,44,0,23,36,1,60,22,0,22,82
03/08/2007,FLG,AZ,AWP,WE,Federal Contract Tower,0,12,7,1,20,0,6,68,2,76,0,18,75,3,96,26,4,30,126
03/09/2007,FLG,AZ,AWP,WE,Federal Contract Tower,0,10,8,0,18,0,8,81,0,89,0,18,89,0,107,14,0,14,121
03/10/2007,FLG,AZ,AWP,WE,Federal Contract Tower,0,10,3,1,14,0,9,73,9,91,0,19,76,10,105,32,0,32,137
03/11/2007,FLG,AZ,AWP,WE,Federal Contract Tower,0,10,8,0,18,0,7,37,0,44,0,17,45,0,62,2,0,2,64
03/12/2007,FLG,AZ,AWP,WE,Federal Contract Tower,0,9,4,0,13,0,25,52,0,77,0,34,56,0,90,18,0,18,108
03/13/2007,FLG,AZ,AWP,WE,Federal Contract Tower,0,11,5,0,16,0,13,60,1,74,0,24,65,1,90,44,0,44,134
03/14/2007,FLG,AZ,AWP,WE,Federal Contract Tower,0,10,4,0,14,0,12,64,3,79,0,22,68,3,93,48,2,50,143
03/15/2007,FLG,AZ,AWP,WE,Federal Contract Tower,0,15,9,2,26,0,5,85,0,90,0,20,94,2,116,58,2,60,176
03/16/2007,FLG,AZ,AWP,WE,Federal Contract Tower,0,9,6,1,16,0,16,84,6,106,0,25,90,7,122,70,6,76,198
03/17/2007,FLG,AZ,AWP,WE,Federal Contract Tower,0,9,5,0,14,0,9,98,2,109,0,18,103,2,123,38,0,38,161
03/18/2007,FLG,AZ,AWP,WE,Federal Contract Tower,0,9,8,0,17,0,21,72,0,93,0,30,80,0,110,12,0,12,122
03/19/2007,FLG,AZ,AWP,WE,Federal Contract Tower,0,14,7,0,21,0,16,59,2,77,0,30,66,2,98,0,0,0,98
03/20/2007,FLG,AZ,AWP,WE,Federal Contract Tower,0,15,6,2,23,0,9,44,0,53,0,24,50,2,76,30,0,30,106
03/21/2007,FLG,AZ,AWP,WE,Federal Contract Tower,0,13,9,0,22,0,8,35,0,43,0,21,44,0,65,12,0,12,77
03/22/2007,FLG,AZ,AWP,WE,Federal Contract Tower,0,19,13,0,32,0,2,14,0,16,0,21,27,0,48,0,0,0,48
03/23/2007,FLG,AZ,AWP,WE,Federal Contract Tower,0,14,17,0,31,0,4,2,0,6,0,18,19,0,37,0,0,0,37
03/24/2007,FLG,AZ,AWP,WE,Federal Contract Tower,0,11,7,0,18,0,4,26,1,31,0,15,33,1,49,44,0,44,93
03/25/2007,FLG,AZ,AWP,WE,Federal Contract Tower,0,12,11,0,23,0,11,59,4,74,0,23,70,4,97,35,5,40,137
03/26/2007,FLG,AZ,AWP,WE,Federal Contract Tower,0,14,13,0,27,0,10,33,0,43,0,24,46,0,70,0,0,0,70
03/27/2007,FLG,AZ,AWP,WE,Federal Contract Tower,0,10,9,0,19,0,12,19,0,31,0,22,28,0,50,2,0,2,52
03/28/2007,FLG,AZ,AWP,WE,Federal Contract Tower,0,14,5,0,19,0,5,12,0,17,0,19,17,0,36,6,0,6,42
03/29/2007,FLG,AZ,AWP,WE,Federal Contract Tower,0,11,7,1,19,0,1,48,0,49,0,12,55,1,68,28,0,28,96
03/30/2007,FLG,AZ,AWP,WE,Federal Contract Tower,0,16,7,2,25,0,0,32,6,38,0,16,39,8,63,26,8,34,97
03/31/2007,FLG,AZ,AWP,WE,Federal Contract Tower,0,9,7,0,16,0,11,71,2,84,0,20,78,2,100,66,0,66,166
04/01/2007,FLG,AZ,AWP,WE,Federal Contract Tower,0,13,7,0,20,0,12,101,2,115,0,25,108,2,135,20,8,28,163
04/02/2007,FLG,AZ,AWP,WE,Federal Contract Tower,0,13,4,0,17,0,11,42,4,57,0,24,46,4,74,20,0,20,94
04/03/2007,FLG,AZ,AWP,WE,Federal Contract Tower,0,20,3,1,24,0,7,65,1,73,0,27,68,2,97,62,0,62,159
04/04/2007,FLG,AZ,AWP,WE,Federal Contract Tower,0,18,13,0,31,0,7,77,3,87,0,25,90,3,118,40,0,40,158
04/05/2007,FLG,AZ,AWP,WE,Federal Contract Tower,0,18,9,1,28,0,6,54,0,60,0,24,63,1,88,14,0,14,102
04/06/2007,FLG,AZ,AWP,WE,Federal Contract Tower,0,19,7,0,26,0,19,62,0,81,0,38,69,0,107,40,0,40,147
04/07/2007,FLG,AZ,AWP,WE,Federal Contract Tower,0,11,6,2,19,0,15,62,2,79,0,26,68,4,98,98,0,98,196
04/08/2007,FLG,AZ,AWP,WE,Federal Contract Tower,0,16,4,0,20,0,17,42,2,61,0,33,46,2,81,14,4,18,99
04/09/2007,FLG,AZ,AWP,WE,Federal Contract Tower,0,12,15,0,27,0,12,25,2,39,0,24,40,2,66,2,0,2,68
04/10/2007,FLG,AZ,AWP,WE,Federal Contract Tower,0,16,2,0,18,0,14,42,6,62,0,30,44,6,80,6,0,6,86
04/11/2007,FLG,AZ,AWP,WE,Federal Contract Tower,0,14,10,4,28,0,8,42,2,52,0,22,52,6,80,24,10,34,114
04/12/2007,FLG,AZ,AWP,WE,Federal Contract Tower,0,18,12,0,30,0,16,22,0,38,0,34,34,0,68,6,0,6,74
04/13/2007,FLG,AZ,AWP,WE,Federal Contract Tower,0,18,12,0,30,0,12,26,4,42,0,30,38,4,72,4,12,16,88
04/14/2007,FLG,AZ,AWP,WE,Federal Contract Tower,0,12,4,0,16,0,10,78,6,94,0,22,82,6,110,60,12,72,182
04/15/2007,FLG,AZ,AWP,WE,Federal Contract Tower,0,14,5,0,19,0,14,39,8,61,0,28,44,8,80,0,0,0,80
04/16/2007,FLG,AZ,AWP,WE,Federal Contract Tower,0,15,9,0,24,0,11,29,0,40,0,26,38,0,64,12,0,12,76
04/17/2007,FLG,AZ,AWP,WE,Federal Contract Tower,0,15,13,0,28,0,15,53,0,68,0,30,66,0,96,38,0,38,134
04/18/2007,FLG,AZ,AWP,WE,Federal Contract Tower,0,12,11,2,25,0,8,24,0,32,0,20,35,2,57,2,0,2,59
04/19/2007,FLG,AZ,AWP,WE,Federal Contract Tower,0,13,11,0,24,0,21,47,0,68,0,34,58,0,92,11,0,11,103
04/20/2007,FLG,AZ,AWP,WE,Federal Contract Tower,0,19,10,0,29,0,9,39,0,48,0,28,49,0,77,10,0,10,87
04/21/2007,FLG,AZ,AWP,WE,Federal Contract Tower,0,20,12,0,32,0,5,16,2,23,0,25,28,2,55,8,2,10,65
04/22/2007,FLG,AZ,AWP,WE,Federal Contract Tower,0,11,5,0,16,0,16,57,1,74,0,27,62,1,90,64,16,80,170
04/23/2007,FLG,AZ,AWP,WE,Federal Contract Tower,0,14,13,0,27,0,14,9,0,23,0,28,22,0,50,0,0,0,50
04/24/2007,FLG,AZ,AWP,WE,Federal Contract Tower,0,13,4,2,19,0,23,41,0,64,0,36,45,2,83,14,10,24,107
04/25/2007,FLG,AZ,AWP,WE,Federal Contract Tower,0,17,6,0,23,0,7,58,3,68,0,24,64,3,91,16,12,28,119
04/26/2007,FLG,AZ,AWP,WE,Federal Contract Tower,0,15,15,0,30,0,10,55,3,68,0,25,70,3,98,48,10,58,156
04/27/2007,FLG,AZ,AWP,WE,Federal Contract Tower,0,9,8,1,18,0,16,67,7,90,0,25,75,8,108,26,14,40,148
04/28/2007,FLG,AZ,AWP,WE,Federal Contract Tower,0,18,3,0,21,0,18,49,2,69,0,36,52,2,90,34,0,34,124
04/29/2007,FLG,AZ,AWP,WE,Federal Contract Tower,0,14,6,0,20,0,22,58,2,82,0,36,64,2,102,24,0,24,126
04/30/2007,FLG,AZ,AWP,WE,Federal Contract Tower,0,15,9,0,24,0,13,31,0,44,0,28,40,0,68,34,0,34,102
05/01/2007,FLG,AZ,AWP,WE,Federal Contract Tower,0,18,14,0,32,0,12,42,0,54,0,30,56,0,86,28,0,28,114
05/02/2007,FLG,AZ,AWP,WE,Federal Contract Tower,0,17,14,0,31,0,4,42,0,46,0,21,56,0,77,50,0,50,127
05/03/2007,FLG,AZ,AWP,WE,Federal Contract Tower,0,15,8,0,23,0,6,44,0,50,0,21,52,0,73,6,0,6,79
05/04/2007,FLG,AZ,AWP,WE,Federal Contract Tower,0,16,11,0,27,0,6,28,2,36,0,22,39,2,63,20,0,20,83
05/05/2007,FLG,AZ,AWP,WE,Federal Contract Tower,0,12,9,0,21,0,14,25,0,39,0,26,34,0,60,20,0,20,80
05/06/2007,FLG,AZ,AWP,WE,Federal Contract Tower,0,12,7,0,19,0,12,44,11,67,0,24,51,11,86,14,0,14,100
05/07/2007,FLG,AZ,AWP,WE,Federal Contract Tower,0,13,9,0,22,0,21,47,0,68,0,34,56,0,90,14,0,14,104
05/08/2007,FLG,AZ,AWP,WE,Federal Contract Tower,0,15,8,1,24,0,8,74,5,87,0,23,82,6,111,10,8,18,129
05/09/2007,FLG,AZ,AWP,WE,Federal Contract Tower,0,11,7,0,18,0,9,57,0,66,0,20,64,0,84,26,0,26,110
05/10/2007,FLG,AZ,AWP,WE,Federal Contract Tower,0,14,6,0,20,0,7,69,1,77,0,21,75,1,97,14,2,16,113
05/11/2007,FLG,AZ,AWP,WE,Federal Contract Tower,0,11,12,0,23,0,11,75,0,86,0,22,87,0,109,34,6,40,149
05/12/2007,FLG,AZ,AWP,WE,Federal Contract Tower,0,14,3,0,17,0,16,71,6,93,0,30,74,6,110,4,0,4,114
05/13/2007,FLG,AZ,AWP,WE,Federal Contract Tower,0,12,3,0,15,0,16,64,5,85,0,28,67,5,100,18,4,22,122
05/14/2007,FLG,AZ,AWP,WE,Federal Contract Tower,0,12,2,2,16,0,8,36,0,44,0,20,38,2,60,38,0,38,98
05/15/2007,FLG,AZ,AWP,WE,Federal Contract Tower,0,9,15,0,24,0,14,56,2,72,0,23,71,2,96,28,0,28,124
05/16/2007,FLG,AZ,AWP,WE,Federal Contract Tower,0,17,13,0,30,0,10,48,2,60,0,27,61,2,90,16,2,18,108
05/17/2007,FLG,AZ,AWP,WE,Federal Contract Tower,0,15,8,0,23,0,12,33,4,49,0,27,41,4,72,22,0,22,94
05/18/2007,FLG,AZ,AWP,WE,Federal Contract Tower,0,14,7,0,21,0,12,62,6,80,0,26,69,6,101,2,0,2,103
05/19/2007,FLG,AZ,AWP,WE,Federal Contract Tower,0,8,8,0,16,0,22,63,11,96,0,30,71,11,112,48,0,48,160
05/20/2007,FLG,AZ,AWP,WE,Federal Contract Tower,0,10,2,0,12,0,6,78,4,88,0,16,80,4,100,72,2,74,174
05/21/2007,FLG,AZ,AWP,WE,Federal Contract Tower,0,13,14,0,27,0,9,47,0,56,0,22,61,0,83,4,0,4,87
05/22/2007,FLG,AZ,AWP,WE,Federal Contract Tower,0,23,3,0,26,0,16,47,1,64,0,39,50,1,90,12,4,16,106
05/23/2007,FLG,AZ,AWP,WE,Federal Contract Tower,0,15,19,0,34,0,15,41,0,56,0,30,60,0,90,50,0,50,140
05/24/2007,FLG,AZ,AWP,WE,Federal Contract Tower,0,15,9,2,26,0,5,57,0,62,0,20,66,2,88,36,24,60,148
05/25/2007,FLG,AZ,AWP,WE,Federal Contract Tower,0,17,13,0,30,0,11,63,1,75,0,28,76,1,105,28,4,32,137
05/26/2007,FLG,AZ,AWP,WE,Federal Contract Tower,0,11,4,0,15,0,9,78,3,90,0,20,82,3,105,30,0,30,135
05/27/2007,FLG,AZ,AWP,WE,Federal Contract Tower,0,13,6,0,19,0,17,82,2,101,0,30,88,2,120,12,0,12,132
05/28/2007,FLG,AZ,AWP,WE,Federal Contract Tower,0,12,10,1,23,0,13,74,0,87,0,25,84,1,110,8,0,8,118
05/29/2007,FLG,AZ,AWP,WE,Federal Contract Tower,0,13,16,1,30,0,19,72,0,91,0,32,88,1,121,40,0,40,161
05/30/2007,FLG,AZ,AWP,WE,Federal Contract Tower,0,13,6,0,19,0,7,52,4,63,0,20,58,4,82,36,0,36,118
05/31/2007,FLG,AZ,AWP,WE,Federal Contract Tower,0,13,5,0,18,0,19,38,0,57,0,32,43,0,75,17,0,17,92
06/01/2007,FLG,AZ,AWP,WE,Federal Contract Tower,0,14,5,0,19,0,11,59,0,70,0,25,64,0,89,29,0,29,118
06/02/2007,FLG,AZ,AWP,WE,Federal Contract Tower,0,10,5,0,15,0,14,64,2,80,0,24,69,2,95,6,19,25,120
06/03/2007,FLG,AZ,AWP,WE,Federal Contract Tower,0,11,5,0,16,0,15,67,2,84,0,26,72,2,100,14,0,14,114
06/04/2007,FLG,AZ,AWP,WE,Federal Contract Tower,0,15,9,0,24,0,20,44,2,66,0,35,53,2,90,20,0,20,110
06/05/2007,FLG,AZ,AWP,WE,Federal Contract Tower,0,13,4,2,19,0,14,41,7,62,0,27,45,9,81,16,10,26,107
06/06/2007,FLG,AZ,AWP,WE,Federal Contract Tower,0,15,5,0,20,0,14,24,0,38,0,29,29,0,58,0,0,0,58
06/07/2007,FLG,AZ,AWP,WE,Federal Contract Tower,0,17,11,1,29,0,11,57,1,69,0,28,68,2,98,16,0,16,114
06/08/2007,FLG,AZ,AWP,WE,Federal Contract Tower,0,16,16,1,33,0,14,55,3,72,0,30,71,4,105,4,0,4,109
06/09/2007,FLG,AZ,AWP,WE,Federal Contract Tower,0,13,6,0,19,0,17,64,0,81,0,30,70,0,100,30,0,30,130
06/10/2007,FLG,AZ,AWP,WE,Federal Contract Tower,0,12,8,0,20,0,20,60,12,92,0,32,68,12,112,10,8,18,130
06/11/2007,FLG,AZ,AWP,WE,Federal Contract Tower,0,15,12,0,27,0,14,44,5,63,0,29,56,5,90,32,0,32,122
06/12/2007,FLG,AZ,AWP,WE,Federal Contract Tower,0,14,11,0,25,0,12,52,0,64,0,26,63,0,89,36,0,36,125
06/13/2007,FLG,AZ,AWP,WE,Federal Contract Tower,0,16,14,0,30,0,10,50,0,60,0,26,64,0,90,34,0,34,124
06/14/2007,FLG,AZ,AWP,WE,Federal Contract Tower,0,17,8,0,25,0,11,49,8,68,0,28,57,8,93,10,0,10,103
06/15/2007,FLG,AZ,AWP,WE,Federal Contract Tower,0,16,14,0,30,0,17,58,1,76,0,33,72,1,106,16,1,17,123
06/16/2007,FLG,AZ,AWP,WE,Federal Contract Tower,0,18,3,0,21,0,25,81,0,106,0,43,84,0,127,12,0,12,139
06/17/2007,FLG,AZ,AWP,WE,Federal Contract Tower,0,11,13,0,24,0,19,65,2,86,0,30,78,2,110,19,0,19,129
06/18/2007,FLG,AZ,AWP,WE,Federal Contract Tower,0,17,10,0,27,0,11,46,0,57,0,28,56,0,84,44,0,44,128
06/19/2007,FLG,AZ,AWP,WE,Federal Contract Tower,0,20,10,2,32,0,14,74,0,88,0,34,84,2,120,32,0,32,152
06/20/2007,FLG,AZ,AWP,WE,Federal Contract Tower,0,13,10,0,23,0,13,15,2,30,0,26,25,2,53,24,2,26,79
06/21/2007,FLG,AZ,AWP,WE,Federal Contract Tower,0,13,11,0,24,0,15,52,0,67,0,28,63,0,91,14,0,14,105
06/22/2007,FLG,AZ,AWP,WE,Federal Contract Tower,0,17,15,0,32,0,15,75,1,91,0,32,90,1,123,8,0,8,131
06/23/2007,FLG,AZ,AWP,WE,Federal Contract Tower,0,20,3,0,23,0,23,71,4,98,0,43,74,4,121,13,0,13,134
06/24/2007,FLG,AZ,AWP,WE,Federal Contract Tower,0,12,10,0,22,0,10,54,2,66,0,22,64,2,88,27,2,29,117
06/25/2007,FLG,AZ,AWP,WE,Federal Contract Tower,0,21,9,0,30,0,22,48,0,70,0,43,57,0,100,4,0,4,104
06/26/2007,FLG,AZ,AWP,WE,Federal Contract Tower,0,13,14,0,27,0,21,62,0,83,0,34,76,0,110,40,0,40,150
06/27/2007,FLG,AZ,AWP,WE,Federal Contract Tower,0,15,15,0,30,0,11,69,0,80,0,26,84,0,110,28,0,28,138
06/28/2007,FLG,AZ,AWP,WE,Federal Contract Tower,0,17,11,0,28,0,14,60,0,74,0,31,71,0,102,22,0,22,124
06/29/2007,FLG,AZ,AWP,WE,Federal Contract Tower,0,15,12,0,27,0,21,60,0,81,0,36,72,0,108,18,0,18,126
06/30/2007,FLG,AZ,AWP,WE,Federal Contract Tower,0,10,5,0,15,0,16,57,2,75,0,26,62,2,90,16,0,16,106
07/01/2007,FLG,AZ,AWP,WE,Federal Contract Tower,0,13,3,1,17,0,13,71,1,85,0,26,74,2,102,48,0,48,150
07/02/2007,FLG,AZ,AWP,WE,Federal Contract Tower,0,9,10,0,19,0,12,60,0,72,0,21,70,0,91,12,0,12,103
07/03/2007,FLG,AZ,AWP,WE,Federal Contract Tower,0,17,7,0,24,0,15,52,0,67,0,32,59,0,91,10,0,10,101
07/04/2007,FLG,AZ,AWP,WE,Federal Contract Tower,0,12,2,0,14,0,9,48,4,61,0,21,50,4,75,38,0,38,113
07/05/2007,FLG,AZ,AWP,WE,Federal Contract Tower,0,17,7,0,24,0,10,64,2,76,0,27,71,2,100,11,0,11,111
07/06/2007,FLG,AZ,AWP,WE,Federal Contract Tower,0,15,10,0,25,0,11,86,0,97,0,26,96,0,122,14,0,14,136
07/07/2007,FLG,AZ,AWP,WE,Federal Contract Tower,0,16,3,0,19,0,9,102,0,111,0,25,105,0,130,24,0,24,154
07/08/2007,FLG,AZ,AWP,WE,Federal Contract Tower,0,19,6,0,25,0,9,112,4,125,0,28,118,4,150,12,0,12,162
07/09/2007,FLG,AZ,AWP,WE,Federal Contract Tower,0,18,6,0,24,0,15,69,2,86,0,33,75,2,110,18,6,24,134
07/10/2007,FLG,AZ,AWP,WE,Federal Contract Tower,0,13,3,1,17,0,27,70,4,101,0,40,73,5,118,6,16,22,140
07/11/2007,FLG,AZ,AWP,WE,Federal Contract Tower,0,13,5,0,18,0,15,70,2,87,0,28,75,2,105,48,0,48,153
07/12/2007,FLG,AZ,AWP,WE,Federal Contract Tower,0,15,8,0,23,0,22,73,0,95,0,37,81,0,118,26,0,26,144
07/13/2007,FLG,AZ,AWP,WE,Federal Contract Tower,0,16,13,0,29,0,11,74,5,90,0,27,87,5,119,12,0,12,131
07/14/2007,FLG,AZ,AWP,WE,Federal Contract Tower,0,15,2,2,19,0,13,72,2,87,0,28,74,4,106,12,0,12,118
07/15/2007,FLG,AZ,AWP,WE,Federal Contract Tower,0,15,5,0,20,0,19,61,0,80,0,34,66,0,100,16,0,16,116
07/16/2007,FLG,AZ,AWP,WE,Federal Contract Tower,0,19,7,0,26,0,20,64,0,84,0,39,71,0,110,30,0,30,140
07/17/2007,FLG,AZ,AWP,WE,Federal Contract Tower,0,19,6,0,25,0,17,38,0,55,0,36,44,0,80,78,0,78,158
07/18/2007,FLG,AZ,AWP,WE,Federal Contract Tower,0,14,6,0,20,0,15,57,0,72,0,29,63,0,92,24,0,24,116
07/19/2007,FLG,AZ,AWP,WE,Federal Contract Tower,0,15,16,0,31,0,9,66,2,77,0,24,82,2,108,10,0,10,118
07/20/2007,FLG,AZ,AWP,WE,Federal Contract Tower,0,16,10,0,26,0,10,66,2,78,0,26,76,2,104,10,0,10,114
07/21/2007,FLG,AZ,AWP,WE,Federal Contract Tower,0,15,13,0,28,0,11,61,0,72,0,26,74,0,100,18,0,18,118
07/22/2007,FLG,AZ,AWP,WE,Federal Contract Tower,0,14,5,0,19,0,13,78,0,91,0,27,83,0,110,26,0,26,136
07/23/2007,FLG,AZ,AWP,WE,Federal Contract Tower,0,16,15,0,31,0,14,35,0,49,0,30,50,0,80,10,0,10,90
07/24/2007,FLG,AZ,AWP,WE,Federal Contract Tower,0,14,12,0,26,0,12,39,5,56,0,26,51,5,82,26,4,30,112
07/25/2007,FLG,AZ,AWP,WE,Federal Contract Tower,0,23,3,0,26,0,7,70,0,77,0,30,73,0,103,22,0,22,125
07/26/2007,FLG,AZ,AWP,WE,Federal Contract Tower,0,20,7,0,27,0,14,43,0,57,0,34,50,0,84,6,0,6,90
07/27/2007,FLG,AZ,AWP,WE,Federal Contract Tower,0,13,12,0,25,0,11,42,0,53,0,24,54,0,78,2,0,2,80
07/28/2007,FLG,AZ,AWP,WE,Federal Contract Tower,0,14,6,0,20,0,4,68,0,72,0,18,74,0,92,26,0,26,118
07/29/2007,FLG,AZ,AWP,WE,Federal Contract Tower,0,17,10,0,27,0,21,62,0,83,0,38,72,0,110,5,0,5,115
07/30/2007,FLG,AZ,AWP,WE,Federal Contract Tower,0,18,8,0,26,0,13,61,2,76,0,31,69,2,102,8,0,8,110
07/31/2007,FLG,AZ,AWP,WE,Federal Contract Tower,0,20,9,0,29,0,15,55,4,74,0,35,64,4,103,28,8,36,139
08/01/2007,FLG,AZ,AWP,WE,Federal Contract Tower,0,16,6,0,22,0,16,38,1,55,0,32,44,1,77,20,0,20,97
08/02/2007,FLG,AZ,AWP,WE,Federal Contract Tower,0,15,6,0,21,0,14,69,3,86,0,29,75,3,107,22,4,26,133
08/03/2007,FLG,AZ,AWP,WE,Federal Contract Tower,0,16,14,0,30,0,13,45,0,58,0,29,59,0,88,12,1,13,101
08/04/2007,FLG,AZ,AWP,WE,Federal Contract Tower,0,18,2,0,20,0,2,65,4,71,0,20,67,4,91,4,0,4,95
08/05/2007,FLG,AZ,AWP,WE,Federal Contract Tower,0,15,8,0,23,0,15,62,0,77,0,30,70,0,100,38,2,40,140
08/06/2007,FLG,AZ,AWP,WE,Federal Contract Tower,0,16,14,0,30,0,10,50,0,60,0,26,64,0,90,34,2,36,126
08/07/2007,FLG,AZ,AWP,WE,Federal Contract Tower,0,18,11,0,29,0,14,53,1,68,0,32,64,1,97,28,0,28,125
08/08/2007,FLG,AZ,AWP,WE,Federal Contract Tower,0,17,12,0,29,0,17,60,2,79,0,34,72,2,108,14,0,14,122
08/09/2007,FLG,AZ,AWP,WE,Federal Contract Tower,0,14,9,0,23,0,22,68,0,90,0,36,77,0,113,22,0,22,135
08/10/2007,FLG,AZ,AWP,WE,Federal Contract Tower,0,16,5,0,21,0,9,104,0,113,0,25,109,0,134,27,0,27,161
08/11/2007,FLG,AZ,AWP,WE,Federal Contract Tower,0,12,6,0,18,0,14,82,0,96,0,26,88,0,114,30,0,30,144
08/12/2007,FLG,AZ,AWP,WE,Federal Contract Tower,0,11,8,0,19,0,20,87,2,109,0,31,95,2,128,13,0,13,141
08/13/2007,FLG,AZ,AWP,WE,Federal Contract Tower,0,15,5,0,20,0,16,76,0,92,0,31,81,0,112,22,0,22,134
08/14/2007,FLG,AZ,AWP,WE,Federal Contract Tower,0,17,5,0,22,0,5,75,2,82,0,22,80,2,104,68,0,68,172
08/15/2007,FLG,AZ,AWP,WE,Federal Contract Tower,0,15,11,1,27,0,32,72,2,106,0,47,83,3,133,61,10,71,204
08/16/2007,FLG,AZ,AWP,WE,Federal Contract Tower,0,21,9,0,30,0,38,77,2,117,0,59,86,2,147,19,0,19,166
08/17/2007,FLG,AZ,AWP,WE,Federal Contract Tower,0,17,5,0,22,0,13,103,0,116,0,30,108,0,138,10,4,14,152
08/18/2007,FLG,AZ,AWP,WE,Federal Contract Tower,0,14,3,2,19,0,5,122,2,129,0,19,125,4,148,34,0,34,182
08/19/2007,FLG,AZ,AWP,WE,Federal Contract Tower,0,10,11,0,21,0,23,113,0,136,0,33,124,0,157,18,0,18,175
08/20/2007,FLG,AZ,AWP,WE,Federal Contract Tower,0,13,7,0,20,0,21,81,4,106,0,34,88,4,126,8,0,8,134
08/21/2007,FLG,AZ,AWP,WE,Federal Contract Tower,0,18,16,0,34,0,10,81,3,94,0,28,97,3,128,65,6,71,199
08/22/2007,FLG,AZ,AWP,WE,Federal Contract Tower,0,15,9,1,25,0,5,73,0,78,0,20,82,1,103,46,0,46,149
08/23/2007,FLG,AZ,AWP,WE,Federal Contract Tower,0,24,4,0,28,0,42,74,2,118,0,66,78,2,146,40,0,40,186
08/24/2007,FLG,AZ,AWP,WE,Federal Contract Tower,0,14,6,0,20,0,27,107,1,135,0,41,113,1,155,14,0,14,169
08/25/2007,FLG,AZ,AWP,WE,Federal Contract Tower,0,21,4,0,25,0,8,61,1,70,0,29,65,1,95,18,0,18,113
08/26/2007,FLG,AZ,AWP,WE,Federal Contract Tower,0,15,4,1,20,0,10,92,2,104,0,25,96,3,124,4,0,4,128
08/27/2007,FLG,AZ,AWP,WE,Federal Contract Tower,0,18,22,0,40,0,13,45,6,64,0,31,67,6,104,6,0,6,110
08/28/2007,FLG,AZ,AWP,WE,Federal Contract Tower,0,16,5,0,21,0,12,60,0,72,0,28,65,0,93,26,0,26,119
08/29/2007,FLG,AZ,AWP,WE,Federal Contract Tower,0,17,2,0,19,0,12,57,0,69,0,29,59,0,88,52,0,52,140
08/30/2007,FLG,AZ,AWP,WE,Federal Contract Tower,0,19,8,0,27,0,36,57,0,93,0,55,65,0,120,49,0,49,169
08/31/2007,FLG,AZ,AWP,WE,Federal Contract Tower,0,18,4,0,22,0,18,80,2,100,0,36,84,2,122,6,0,6,128
09/01/2007,FLG,AZ,AWP,WE,Federal Contract Tower,0,12,8,0,20,0,16,77,2,95,0,28,85,2,115,14,0,14,129
09/02/2007,FLG,AZ,AWP,WE,Federal Contract Tower,0,12,6,0,18,0,22,76,0,98,0,34,82,0,116,0,0,0,116
09/03/2007,FLG,AZ,AWP,WE,Federal Contract Tower,0,14,9,0,23,0,19,113,4,136,0,33,122,4,159,6,0,6,165
09/04/2007,FLG,AZ,AWP,WE,Federal Contract Tower,0,17,11,0,28,0,7,47,0,54,0,24,58,0,82,18,0,18,100
09/05/2007,FLG,AZ,AWP,WE,Federal Contract Tower,0,23,7,0,30,0,1,44,0,45,0,24,51,0,75,8,0,8,83
09/06/2007,FLG,AZ,AWP,WE,Federal Contract Tower,0,12,10,0,22,0,24,68,2,94,0,36,78,2,116,35,0,35,151
09/07/2007,FLG,AZ,AWP,WE,Federal Contract Tower,0,17,7,0,24,0,10,70,1,81,0,27,77,1,105,8,0,8,113
09/08/2007,FLG,AZ,AWP,WE,Federal Contract Tower,0,15,4,0,19,0,10,63,8,81,0,25,67,8,100,18,0,18,118
09/09/2007,FLG,AZ,AWP,WE,Federal Contract Tower,0,16,7,0,23,0,20,94,2,116,0,36,101,2,139,23,8,31,170
09/10/2007,FLG,AZ,AWP,WE,Federal Contract Tower,0,16,7,0,23,0,27,70,0,97,0,43,77,0,120,10,0,10,130
09/11/2007,FLG,AZ,AWP,WE,Federal Contract Tower,0,22,6,0,28,0,1,69,2,72,0,23,75,2,100,4,10,14,114
09/12/2007,FLG,AZ,AWP,WE,Federal Contract Tower,0,17,7,0,24,0,2,33,0,35,0,19,40,0,59,18,0,18,77
09/13/2007,FLG,AZ,AWP,WE,Federal Contract Tower,0,15,10,0,25,0,38,73,0,111,0,53,83,0,136,12,0,12,148
09/14/2007,FLG,AZ,AWP,WE,Federal Contract Tower,0,17,4,3,24,0,25,61,0,86,0,42,65,3,110,8,0,8,118
09/15/2007,FLG,AZ,AWP,WE,Federal Contract Tower,1,13,14,0,28,0,33,81,4,118,1,46,95,4,146,20,8,28,174
09/16/2007,FLG,AZ,AWP,WE,Federal Contract Tower,1,21,6,0,28,0,21,55,0,76,1,42,61,0,104,13,0,13,117
09/17/2007,FLG,AZ,AWP,WE,Federal Contract Tower,0,20,16,0,36,0,16,47,5,68,0,36,63,5,104,0,0,0,104
09/18/2007,FLG,AZ,AWP,WE,Federal Contract Tower,0,15,7,0,22,0,0,85,4,89,0,15,92,4,111,2,0,2,113
09/19/2007,FLG,AZ,AWP,WE,Federal Contract Tower,0,18,16,0,34,0,4,55,1,60,0,22,71,1,94,4,0,4,98
09/20/2007,FLG,AZ,AWP,WE,Federal Contract Tower,0,21,8,0,29,0,19,77,0,96,0,40,85,0,125,18,0,18,143
09/21/2007,FLG,AZ,AWP,WE,Federal Contract Tower,0,20,9,0,29,0,21,68,0,89,0,41,77,0,118,10,0,10,128
09/22/2007,FLG,AZ,AWP,WE,Federal Contract Tower,0,14,5,0,19,0,7,29,0,36,0,21,34,0,55,18,0,18,73
09/23/2007,FLG,AZ,AWP,WE,Federal Contract Tower,0,27,12,0,39,0,16,51,2,69,0,43,63,2,108,2,0,2,110
09/24/2007,FLG,AZ,AWP,WE,Federal Contract Tower,0,24,3,0,27,0,18,55,0,73,0,42,58,0,100,15,0,15,115
09/25/2007,FLG,AZ,AWP,WE,Federal Contract Tower,0,19,7,0,26,0,2,76,0,78,0,21,83,0,104,41,0,41,145
09/26/2007,FLG,AZ,AWP,WE,Federal Contract Tower,0,11,5,0,16,0,19,57,0,76,0,30,62,0,92,42,0,42,134
09/27/2007,FLG,AZ,AWP,WE,Federal Contract Tower,0,12,19,1,32,0,23,94,1,118,0,35,113,2,150,16,0,16,166
09/28/2007,FLG,AZ,AWP,WE,Federal Contract Tower,0,14,16,0,30,0,19,73,0,92,0,33,89,0,122,14,0,14,136
09/29/2007,FLG,AZ,AWP,WE,Federal Contract Tower,0,14,5,0,19,0,8,33,1,42,0,22,38,1,61,6,0,6,67
09/30/2007,FLG,AZ,AWP,WE,Federal Contract Tower,0,13,1,0,14,0,18,90,0,108,0,31,91,0,122,34,0,34,156
10/01/2007,FLG,AZ,AWP,WE,Federal Contract Tower,0,17,8,0,25,0,15,47,0,62,0,32,55,0,87,27,0,27,114
10/02/2007,FLG,AZ,AWP,WE,Federal Contract Tower,0,17,5,0,22,0,26,81,2,109,0,43,86,2,131,30,0,30,161
10/03/2007,FLG,AZ,AWP,WE,Federal Contract Tower,0,13,6,0,19,0,18,63,0,81,0,31,69,0,100,18,0,18,118
10/04/2007,FLG,AZ,AWP,WE,Federal Contract Tower,0,12,10,0,22,0,12,48,0,60,0,24,58,0,82,24,0,24,106
10/05/2007,FLG,AZ,AWP,WE,Federal Contract Tower,0,14,17,0,31,0,12,22,0,34,0,26,39,0,65,0,0,0,65
10/06/2007,FLG,AZ,AWP,WE,Federal Contract Tower,0,13,9,0,22,0,19,66,2,87,0,32,75,2,109,10,0,10,119
10/07/2007,FLG,AZ,AWP,WE,Federal Contract Tower,0,9,4,0,13,0,11,89,1,101,0,20,93,1,114,56,0,56,170
10/08/2007,FLG,AZ,AWP,WE,Federal Contract Tower,0,14,7,0,21,0,16,62,2,80,0,30,69,2,101,0,0,0,101
10/09/2007,FLG,AZ,AWP,WE,Federal Contract Tower,0,15,10,0,25,0,23,62,1,86,0,38,72,1,111,30,0,30,141
10/10/2007,FLG,AZ,AWP,WE,Federal Contract Tower,0,12,3,0,15,0,21,45,1,67,0,33,48,1,82,26,0,26,108
10/11/2007,FLG,AZ,AWP,WE,Federal Contract Tower,0,17,6,0,23,0,2,60,0,62,0,19,66,0,85,38,0,38,123
10/12/2007,FLG,AZ,AWP,WE,Federal Contract Tower,0,11,8,0,19,0,9,48,0,57,0,20,56,0,76,4,0,4,80
10/13/2007,FLG,AZ,AWP,WE,Federal Contract Tower,0,13,5,2,20,0,10,48,1,59,0,23,53,3,79,8,2,10,89
10/14/2007,FLG,AZ,AWP,WE,Federal Contract Tower,0,15,2,1,18,0,32,80,7,119,0,47,82,8,137,28,2,30,167
10/15/2007,FLG,AZ,AWP,WE,Federal Contract Tower,0,16,2,0,18,0,12,68,8,88,0,28,70,8,106,17,6,23,129
10/16/2007,FLG,AZ,AWP,WE,Federal Contract Tower,0,15,10,0,25,0,24,59,0,83,0,39,69,0,108,2,0,2,110
10/17/2007,FLG,AZ,AWP,WE,Federal Contract Tower,0,15,4,0,19,0,15,35,4,54,0,30,39,4,73,6,0,6,79
10/18/2007,FLG,AZ,AWP,WE,Federal Contract Tower,0,13,8,0,21,0,15,57,4,76,0,28,65,4,97,16,0,16,113
10/19/2007,FLG,AZ,AWP,WE,Federal Contract Tower,0,18,12,4,34,0,26,60,4,90,0,44,72,8,124,16,8,24,148
10/20/2007,FLG,AZ,AWP,WE,Federal Contract Tower,0,9,6,1,16,0,14,41,1,56,0,23,47,2,72,0,0,0,72
10/21/2007,FLG,AZ,AWP,WE,Federal Contract Tower,0,10,9,0,19,0,7,44,0,51,0,17,53,0,70,12,0,12,82
10/22/2007,FLG,AZ,AWP,WE,Federal Contract Tower,0,10,3,0,13,0,4,21,0,25,0,14,24,0,38,6,0,6,44
10/23/2007,FLG,AZ,AWP,WE,Federal Contract Tower,0,11,3,0,14,0,10,51,0,61,0,21,54,0,75,15,0,15,90
10/24/2007,FLG,AZ,AWP,WE,Federal Contract Tower,0,10,3,0,13,0,18,58,6,82,0,28,61,6,95,21,0,21,116
10/25/2007,FLG,AZ,AWP,WE,Federal Contract Tower,0,7,5,0,12,0,0,81,0,81,0,7,86,0,93,24,0,24,117
10/26/2007,FLG,AZ,AWP,WE,Federal Contract Tower,0,10,8,0,18,0,13,76,8,97,0,23,84,8,115,14,0,14,129
10/27/2007,FLG,AZ,AWP,WE,Federal Contract Tower,0,10,6,0,16,0,22,57,0,79,0,32,63,0,95,18,0,18,113
10/28/2007,FLG,AZ,AWP,WE,Federal Contract Tower,0,12,6,0,18,0,11,71,2,84,0,23,77,2,102,27,0,27,129
10/29/2007,FLG,AZ,AWP,WE,Federal Contract Tower,0,11,4,0,15,0,13,46,2,61,0,24,50,2,76,12,6,18,94
10/30/2007,FLG,AZ,AWP,WE,Federal Contract Tower,0,14,3,0,17,0,14,71,1,86,0,28,74,1,103,24,0,24,127
10/31/2007,FLG,AZ,AWP,WE,Federal Contract Tower,0,8,4,0,12,0,14,52,4,70,0,22,56,4,82,50,4,54,136
11/01/2007,FLG,AZ,AWP,WE,Federal Contract Tower,0,11,3,0,14,0,11,64,2,77,0,22,67,2,91,26,8,34,125
11/02/2007,FLG,AZ,AWP,WE,Federal Contract Tower,0,11,13,0,24,0,19,71,2,92,0,30,84,2,116,28,0,28,144
11/03/2007,FLG,AZ,AWP,WE,Federal Contract Tower,0,12,4,0,16,0,12,71,11,94,0,24,75,11,110,26,2,28,138
11/04/2007,FLG,AZ,AWP,WE,Federal Contract Tower,0,12,3,0,15,0,7,62,0,69,0,19,65,0,84,12,9,21,105
11/05/2007,FLG,AZ,AWP,WE,Federal Contract Tower,0,15,9,0,24,0,15,49,0,64,0,30,58,0,88,6,0,6,94
11/06/2007,FLG,AZ,AWP,WE,Federal Contract Tower,0,10,12,0,22,0,16,53,7,76,0,26,65,7,98,8,0,8,106
11/07/2007,FLG,AZ,AWP,WE,Federal Contract Tower,0,17,10,0,27,0,7,54,0,61,0,24,64,0,88,13,0,13,101
11/08/2007,FLG,AZ,AWP,WE,Federal Contract Tower,0,18,13,0,31,0,6,59,0,65,0,24,72,0,96,20,0,20,116
11/09/2007,FLG,AZ,AWP,WE,Federal Contract Tower,0,13,6,0,19,0,10,65,1,76,0,23,71,1,95,44,0,44,139
11/10/2007,FLG,AZ,AWP,WE,Federal Contract Tower,0,11,5,0,16,0,9,56,2,67,0,20,61,2,83,24,0,24,107
11/11/2007,FLG,AZ,AWP,WE,Federal Contract Tower,0,13,3,0,16,0,14,64,0,78,0,27,67,0,94,16,0,16,110
11/12/2007,FLG,AZ,AWP,WE,Federal Contract Tower,0,11,16,0,27,0,29,69,0,98,0,40,85,0,125,10,0,10,135
11/13/2007,FLG,AZ,AWP,WE,Federal Contract Tower,0,11,11,0,22,0,27,65,0,92,0,38,76,0,114,8,0,8,122
11/14/2007,FLG,AZ,AWP,WE,Federal Contract Tower,0,12,5,2,19,0,18,64,0,82,0,30,69,2,101,20,0,20,121
11/15/2007,FLG,AZ,AWP,WE,Federal Contract Tower,0,11,8,0,19,0,20,56,2,78,0,31,64,2,97,26,0,26,123
11/16/2007,FLG,AZ,AWP,WE,Federal Contract Tower,0,14,7,2,23,0,6,92,2,100,0,20,99,4,123,14,10,24,147
11/17/2007,FLG,AZ,AWP,WE,Federal Contract Tower,0,14,8,0,22,0,11,68,1,80,0,25,76,1,102,52,0,52,154
11/18/2007,FLG,AZ,AWP,WE,Federal Contract Tower,0,10,5,0,15,0,16,79,3,98,0,26,84,3,113,44,0,44,157
11/19/2007,FLG,AZ,AWP,WE,Federal Contract Tower,0,13,1,0,14,0,19,75,0,94,0,32,76,0,108,20,0,20,128
11/20/2007,FLG,AZ,AWP,WE,Federal Contract Tower,0,10,14,0,24,0,35,73,0,108,0,45,87,0,132,18,0,18,150
11/21/2007,FLG,AZ,AWP,WE,Federal Contract Tower,0,13,7,0,20,0,8,102,0,110,0,21,109,0,130,32,0,32,162
11/22/2007,FLG,AZ,AWP,WE,Federal Contract Tower,0,5,2,0,7,0,13,31,0,44,0,18,33,0,51,4,0,4,55
11/23/2007,FLG,AZ,AWP,WE,Federal Contract Tower,0,10,2,0,12,0,11,39,0,50,0,21,41,0,62,6,0,6,68
11/24/2007,FLG,AZ,AWP,WE,Federal Contract Tower,0,8,4,0,12,0,9,29,0,38,0,17,33,0,50,4,0,4,54
11/25/2007,FLG,AZ,AWP,WE,Federal Contract Tower,0,5,16,0,21,0,10,94,0,104,0,15,110,0,125,22,0,22,147
11/26/2007,FLG,AZ,AWP,WE,Federal Contract Tower,0,12,13,0,25,0,23,42,0,65,0,35,55,0,90,0,0,0,90
11/27/2007,FLG,AZ,AWP,WE,Federal Contract Tower,0,18,3,0,21,0,15,56,0,71,0,33,59,0,92,20,10,30,122
11/28/2007,FLG,AZ,AWP,WE,Federal Contract Tower,0,15,8,2,25,0,9,53,5,67,0,24,61,7,92,58,0,58,150
11/29/2007,FLG,AZ,AWP,WE,Federal Contract Tower,0,14,8,0,22,0,12,53,4,69,0,26,61,4,91,20,6,26,117
11/30/2007,FLG,AZ,AWP,WE,Federal Contract Tower,0,6,2,0,8,0,0,1,0,1,0,6,3,0,9,0,0,0,9
12/01/2007,FLG,AZ,AWP,WE,Federal Contract Tower,0,5,1,0,6,0,1,4,0,5,0,6,5,0,11,0,0,0,11
12/02/2007,FLG,AZ,AWP,WE,Federal Contract Tower,0,14,3,0,17,0,11,72,5,88,0,25,75,5,105,8,4,12,117
12/03/2007,FLG,AZ,AWP,WE,Federal Contract Tower,0,13,6,1,20,0,15,78,0,93,0,28,84,1,113,28,0,28,141
12/04/2007,FLG,AZ,AWP,WE,Federal Contract Tower,0,14,12,1,27,0,26,81,2,109,0,40,93,3,136,27,0,27,163
12/05/2007,FLG,AZ,AWP,WE,Federal Contract Tower,0,11,5,2,18,0,13,67,0,80,0,24,72,2,98,24,0,24,122
12/06/2007,FLG,AZ,AWP,WE,Federal Contract Tower,0,10,2,0,12,0,9,30,0,39,0,19,32,0,51,6,0,6,57
12/07/2007,FLG,AZ,AWP,WE,Federal Contract Tower,0,8,9,0,17,0,0,0,0,0,0,8,9,0,17,0,0,0,17
12/08/2007,FLG,AZ,AWP,WE,Federal Contract Tower,0,13,9,0,22,0,1,0,0,1,0,14,9,0,23,0,0,0,23
12/09/2007,FLG,AZ,AWP,WE,Federal Contract Tower,0,10,15,0,25,0,2,1,0,3,0,12,16,0,28,12,0,12,40
12/10/2007,FLG,AZ,AWP,WE,Federal Contract Tower,0,6,13,0,19,0,0,0,0,0,0,6,13,0,19,0,0,0,19
12/11/2007,FLG,AZ,AWP,WE,Federal Contract Tower,0,11,13,0,24,0,0,4,0,4,0,11,17,0,28,0,0,0,28
12/12/2007,FLG,AZ,AWP,WE,Federal Contract Tower,0,10,6,2,18,0,9,33,2,44,0,19,39,4,62,0,0,0,62
12/13/2007,FLG,AZ,AWP,WE,Federal Contract Tower,0,14,14,0,28,0,8,40,0,48,0,22,54,0,76,8,0,8,84
12/14/2007,FLG,AZ,AWP,WE,Federal Contract Tower,0,12,9,0,21,0,7,56,2,65,0,19,65,2,86,38,0,38,124
12/15/2007,FLG,AZ,AWP,WE,Federal Contract Tower,0,12,2,0,14,0,3,55,0,58,0,15,57,0,72,38,0,38,110
12/16/2007,FLG,AZ,AWP,WE,Federal Contract Tower,0,8,6,0,14,0,2,77,4,83,0,10,83,4,97,6,0,6,103
12/17/2007,FLG,AZ,AWP,WE,Federal Contract Tower,0,12,5,0,17,0,20,75,0,95,0,32,80,0,112,2,0,2,114
12/18/2007,FLG,AZ,AWP,WE,Federal Contract Tower,0,16,4,0,20,0,15,87,0,102,0,31,91,0,122,4,0,4,126
12/19/2007,FLG,AZ,AWP,WE,Federal Contract Tower,0,16,12,0,28,0,13,41,0,54,0,29,53,0,82,34,0,34,116
12/20/2007,FLG,AZ,AWP,WE,Federal Contract Tower,0,11,1,0,12,0,7,62,0,69,0,18,63,0,81,17,0,17,98
12/21/2007,FLG,AZ,AWP,WE,Federal Contract Tower,0,12,7,0,19,0,5,18,0,23,0,17,25,0,42,0,0,0,42
12/22/2007,FLG,AZ,AWP,WE,Federal Contract Tower,0,10,3,0,13,0,7,37,4,48,0,17,40,4,61,26,8,34,95
12/23/2007,FLG,AZ,AWP,WE,Federal Contract Tower,0,8,4,0,12,0,8,63,5,76,0,16,67,5,88,21,20,41,129
12/24/2007,FLG,AZ,AWP,WE,Federal Contract Tower,0,8,0,0,8,0,18,83,0,101,0,26,83,0,109,24,0,24,133
12/25/2007,FLG,AZ,AWP,WE,Federal Contract Tower,0,6,1,0,7,0,6,19,0,25,0,12,20,0,32,0,0,0,32
12/26/2007,FLG,AZ,AWP,WE,Federal Contract Tower,0,8,7,0,15,0,4,56,0,60,0,12,63,0,75,21,0,21,96
12/27/2007,FLG,AZ,AWP,WE,Federal Contract Tower,0,10,11,0,21,0,17,48,0,65,0,27,59,0,86,26,0,26,112
12/28/2007,FLG,AZ,AWP,WE,Federal Contract Tower,0,14,3,0,17,0,19,71,0,90,0,33,74,0,107,40,0,40,147
12/29/2007,FLG,AZ,AWP,WE,Federal Contract Tower,0,8,7,0,15,0,5,25,17,47,0,13,32,17,62,25,8,33,95
12/30/2007,FLG,AZ,AWP,WE,Federal Contract Tower,0,8,6,0,14,0,4,56,4,64,0,12,62,4,78,22,4,26,104
12/31/2007,FLG,AZ,AWP,WE,Federal Contract Tower,0,10,0,0,10,0,15,41,0,56,0,25,41,0,66,6,0,6,72
01/01/2008,FLG,AZ,AWP,WE,Federal Contract Tower,0,6,2,0,8,0,3,34,0,37,0,9,36,0,45,10,0,10,55
01/02/2008,FLG,AZ,AWP,WE,Federal Contract Tower,0,12,4,0,16,0,8,24,0,32,0,20,28,0,48,12,0,12,60
01/03/2008,FLG,AZ,AWP,WE,Federal Contract Tower,0,13,4,2,19,0,7,46,0,53,0,20,50,2,72,9,0,9,81
01/04/2008,FLG,AZ,AWP,WE,Federal Contract Tower,0,14,4,0,18,0,2,16,3,21,0,16,20,3,39,0,0,0,39
01/05/2008,FLG,AZ,AWP,WE,Federal Contract Tower,0,2,1,0,3,0,0,0,0,0,0,2,1,0,3,0,0,0,3
01/06/2008,FLG,AZ,AWP,WE,Federal Contract Tower,0,3,9,0,12,0,0,0,0,0,0,3,9,0,12,0,0,0,12
01/07/2008,FLG,AZ,AWP,WE,Federal Contract Tower,0,11,3,0,14,0,12,1,0,13,0,23,4,0,27,0,0,0,27
01/08/2008,FLG,AZ,AWP,WE,Federal Contract Tower,0,13,5,0,18,0,23,42,0,65,0,36,47,0,83,14,0,14,97
01/09/2008,FLG,AZ,AWP,WE,Federal Contract Tower,0,12,4,0,16,0,6,28,0,34,0,18,32,0,50,12,4,16,66
01/10/2008,FLG,AZ,AWP,WE,Federal Contract Tower,0,14,8,0,22,0,14,44,0,58,0,28,52,0,80,20,0,20,100
01/11/2008,FLG,AZ,AWP,WE,Federal Contract Tower,0,15,10,3,28,0,9,57,4,70,0,24,67,7,98,20,6,26,124
01/12/2008,FLG,AZ,AWP,WE,Federal Contract Tower,0,9,0,1,10,0,6,59,1,66,0,15,59,2,76,52,2,54,130
01/13/2008,FLG,AZ,AWP,WE,Federal Contract Tower,0,11,1,0,12,0,8,59,2,69,0,19,60,2,81,12,14,26,107
01/14/2008,FLG,AZ,AWP,WE,Federal Contract Tower,0,7,7,0,14,0,20,23,0,43,0,27,30,0,57,8,0,8,65
01/15/2008,FLG,AZ,AWP,WE,Federal Contract Tower,0,14,14,0,28,0,21,60,0,81,0,35,74,0,109,10,0,10,119
01/16/2008,FLG,AZ,AWP,WE,Federal Contract Tower,0,14,4,0,18,0,11,20,5,36,0,25,24,5,54,0,20,20,74
01/17/2008,FLG,AZ,AWP,WE,Federal Contract Tower,0,14,2,0,16,0,13,29,0,42,0,27,31,0,58,28,10,38,96
01/18/2008,FLG,AZ,AWP,WE,Federal Contract Tower,0,12,11,1,24,0,8,58,10,76,0,20,69,11,100,0,0,0,100
01/19/2008,FLG,AZ,AWP,WE,Federal Contract Tower,0,7,1,1,9,0,9,81,0,90,0,16,82,1,99,31,0,31,130
01/20/2008,FLG,AZ,AWP,WE,Federal Contract Tower,0,10,6,0,16,0,10,82,0,92,0,20,88,0,108,27,0,27,135
01/21/2008,FLG,AZ,AWP,WE,Federal Contract Tower,0,10,10,0,20,0,11,36,0,47,0,21,46,0,67,6,0,6,73
01/22/2008,FLG,AZ,AWP,WE,Federal Contract Tower,0,10,9,2,21,0,14,42,2,58,0,24,51,4,79,41,0,41,120
01/23/2008,FLG,AZ,AWP,WE,Federal Contract Tower,0,15,11,2,28,0,20,57,0,77,0,35,68,2,105,32,0,32,137
01/24/2008,FLG,AZ,AWP,WE,Federal Contract Tower,0,6,11,0,17,0,0,0,0,0,0,6,11,0,17,0,0,0,17
01/25/2008,FLG,AZ,AWP,WE,Federal Contract Tower,0,15,13,0,28,0,4,24,3,31,0,19,37,3,59,4,0,4,63
01/26/2008,FLG,AZ,AWP,WE,Federal Contract Tower,0,7,4,0,11,0,1,48,2,51,0,8,52,2,62,32,8,40,102
01/27/2008,FLG,AZ,AWP,WE,Federal Contract Tower,0,8,2,0,10,0,0,0,0,0,0,8,2,0,10,0,0,0,10
01/28/2008,FLG,AZ,AWP,WE,Federal Contract Tower,0,8,9,0,17,0,0,0,0,0,0,8,9,0,17,0,0,0,17
01/29/2008,FLG,AZ,AWP,WE,Federal Contract Tower,0,11,3,0,14,0,30,73,0,103,0,41,76,0,117,12,12,24,141
01/30/2008,FLG,AZ,AWP,WE,Federal Contract Tower,0,17,5,0,22,0,4,2,0,6,0,21,7,0,28,0,0,0,28
01/31/2008,FLG,AZ,AWP,WE,Federal Contract Tower,0,12,1,0,13,0,11,53,1,65,0,23,54,1,78,20,8,28,106
02/01/2008,FLG,AZ,AWP,WE,Federal Contract Tower,0,16,17,0,33,0,13,42,0,55,0,29,59,0,88,12,0,12,100
02/02/2008,FLG,AZ,AWP,WE,Federal Contract Tower,0,9,12,0,21,0,3,17,0,20,0,12,29,0,41,30,0,30,71
02/03/2008,FLG,AZ,AWP,WE,Federal Contract Tower,0,1,3,0,4,0,0,0,0,0,0,1,3,0,4,0,0,0,4
02/04/2008,FLG,AZ,AWP,WE,Federal Contract Tower,0,17,8,0,25,0,5,6,1,12,0,22,14,1,37,0,0,0,37
02/05/2008,FLG,AZ,AWP,WE,Federal Contract Tower,0,12,6,0,18,0,15,33,1,49,0,27,39,1,67,0,0,0,67
02/06/2008,FLG,AZ,AWP,WE,Federal Contract Tower,0,15,4,0,19,0,20,45,0,65,0,35,49,0,84,14,0,14,98
02/07/2008,FLG,AZ,AWP,WE,Federal Contract Tower,0,13,6,0,19,0,10,50,0,60,0,23,56,0,79,8,0,8,87
02/08/2008,FLG,AZ,AWP,WE,Federal Contract Tower,0,5,10,0,15,0,11,87,4,102,0,16,97,4,117,23,0,23,140
02/09/2008,FLG,AZ,AWP,WE,Federal Contract Tower,0,8,8,0,16,0,6,57,2,65,0,14,65,2,81,24,0,24,105
02/10/2008,FLG,AZ,AWP,WE,Federal Contract Tower,0,9,4,0,13,0,2,66,2,70,0,11,70,2,83,8,0,8,91
02/11/2008,FLG,AZ,AWP,WE,Federal Contract Tower,0,11,12,0,23,0,22,44,0,66,0,33,56,0,89,16,0,16,105
02/12/2008,FLG,AZ,AWP,WE,Federal Contract Tower,0,10,5,0,15,0,25,72,1,98,0,35,77,1,113,69,0,69,182
02/13/2008,FLG,AZ,AWP,WE,Federal Contract Tower,0,10,7,0,17,0,16,46,1,63,0,26,53,1,80,4,0,4,84
02/14/2008,FLG,AZ,AWP,WE,Federal Contract Tower,0,11,7,4,22,0,0,0,0,0,0,11,7,4,22,0,0,0,22
02/15/2008,FLG,AZ,AWP,WE,Federal Contract Tower,0,17,8,0,25,0,1,4,0,5,0,18,12,0,30,0,0,0,30
02/16/2008,FLG,AZ,AWP,WE,Federal Contract Tower,0,16,3,0,19,0,1,50,2,53,0,17,53,2,72,26,0,26,98
02/17/2008,FLG,AZ,AWP,WE,Federal Contract Tower,0,15,6,0,21,0,7,81,0,88,0,22,87,0,109,42,2,44,153
02/18/2008,FLG,AZ,AWP,WE,Federal Contract Tower,0,6,13,0,19,0,12,55,0,67,0,18,68,0,86,4,0,4,90
02/19/2008,FLG,AZ,AWP,WE,Federal Contract Tower,0,11,3,0,14,0,16,69,0,85,0,27,72,0,99,4,0,4,103
02/20/2008,FLG,AZ,AWP,WE,Federal Contract Tower,0,16,14,0,30,0,8,18,0,26,0,24,32,0,56,4,0,4,60
02/21/2008,FLG,AZ,AWP,WE,Federal Contract Tower,0,18,15,0,33,0,3,4,0,7,0,21,19,0,40,0,0,0,40
02/22/2008,FLG,AZ,AWP,WE,Federal Contract Tower,0,4,9,0,13,0,0,0,0,0,0,4,9,0,13,0,0,0,13
02/23/2008,FLG,AZ,AWP,WE,Federal Contract Tower,0,11,10,0,21,0,4,28,0,32,0,15,38,0,53,6,0,6,59
02/24/2008,FLG,AZ,AWP,WE,Federal Contract Tower,0,6,6,0,12,0,4,9,0,13,0,10,15,0,25,0,0,0,25
02/25/2008,FLG,AZ,AWP,WE,Federal Contract Tower,0,14,2,1,17,0,7,66,4,77,0,21,68,5,94,4,13,17,111
02/26/2008,FLG,AZ,AWP,WE,Federal Contract Tower,0,12,5,0,17,0,26,46,0,72,0,38,51,0,89,22,0,22,111
02/27/2008,FLG,AZ,AWP,WE,Federal Contract Tower,0,10,10,1,21,0,27,42,4,73,0,37,52,5,94,31,2,33,127
02/28/2008,FLG,AZ,AWP,WE,Federal Contract Tower,0,15,7,0,22,0,10,63,3,76,0,25,70,3,98,23,0,23,121
02/29/2008,FLG,AZ,AWP,WE,Federal Contract Tower,0,11,2,0,13,0,3,68,11,82,0,14,70,11,95,18,4,22,117
03/01/2008,FLG,AZ,AWP,WE,Federal Contract Tower,0,7,2,0,9,0,3,79,0,82,0,10,81,0,91,43,0,43,134
03/02/2008,FLG,AZ,AWP,WE,Federal Contract Tower,0,12,3,0,15,0,7,52,0,59,0,19,55,0,74,8,0,8,82
03/03/2008,FLG,AZ,AWP,WE,Federal Contract Tower,0,17,4,0,21,0,9,39,0,48,0,26,43,0,69,28,0,28,97
03/04/2008,FLG,AZ,AWP,WE,Federal Contract Tower,0,12,2,0,14,0,18,46,0,64,0,30,48,0,78,49,0,49,127
03/05/2008,FLG,AZ,AWP,WE,Federal Contract Tower,0,15,8,3,26,0,11,28,1,40,0,26,36,4,66,51,0,51,117
03/06/2008,FLG,AZ,AWP,WE,Federal Contract Tower,0,12,12,0,24,0,11,49,0,60,0,23,61,0,84,14,0,14,98
03/07/2008,FLG,AZ,AWP,WE,Federal Contract Tower,0,10,7,0,17,0,12,61,0,73,0,22,68,0,90,35,0,35,125
03/08/2008,FLG,AZ,AWP,WE,Federal Contract Tower,0,5,9,0,14,0,8,65,0,73,0,13,74,0,87,42,0,42,129
03/09/2008,FLG,AZ,AWP,WE,Federal Contract Tower,0,14,8,0,22,0,11,71,4,86,0,25,79,4,108,71,0,71,179
03/10/2008,FLG,AZ,AWP,WE,Federal Contract Tower,0,9,6,0,15,0,11,55,2,68,0,20,61,2,83,87,0,87,170
03/11/2008,FLG,AZ,AWP,WE,Federal Contract Tower,0,13,4,0,17,0,14,79,5,98,0,27,83,5,115,44,11,55,170
03/12/2008,FLG,AZ,AWP,WE,Federal Contract Tower,0,11,4,0,15,0,15,58,0,73,0,26,62,0,88,38,0,38,126
03/13/2008,FLG,AZ,AWP,WE,Federal Contract Tower,0,12,3,5,20,0,15,51,1,67,0,27,54,6,87,6,12,18,105
03/14/2008,FLG,AZ,AWP,WE,Federal Contract Tower,0,11,14,1,26,0,9,46,1,56,0,20,60,2,82,14,10,24,106
03/15/2008,FLG,AZ,AWP,WE,Federal Contract Tower,0,5,2,0,7,0,4,16,0,20,0,9,18,0,27,6,0,6,33
03/16/2008,FLG,AZ,AWP,WE,Federal Contract Tower,0,10,8,0,18,0,2,0,0,2,0,12,8,0,20,0,0,0,20
03/17/2008,FLG,AZ,AWP,WE,Federal Contract Tower,0,11,8,0,19,0,4,24,0,28,0,15,32,0,47,4,0,4,51
03/18/2008,FLG,AZ,AWP,WE,Federal Contract Tower,0,12,6,0,18,0,15,91,0,106,0,27,97,0,124,65,0,65,189
03/19/2008,FLG,AZ,AWP,WE,Federal Contract Tower,0,9,5,0,14,0,13,55,5,73,0,22,60,5,87,137,16,153,240
03/20/2008,FLG,AZ,AWP,WE,Federal Contract Tower,0,15,7,3,25,0,5,53,1,59,0,20,60,4,84,42,4,46,130
03/21/2008,FLG,AZ,AWP,WE,Federal Contract Tower,0,12,5,0,17,0,7,91,0,98,0,19,96,0,115,32,0,32,147
03/22/2008,FLG,AZ,AWP,WE,Federal Contract Tower,0,10,7,4,21,0,8,67,8,83,0,18,74,12,104,30,0,30,134
03/23/2008,FLG,AZ,AWP,WE,Federal Contract Tower,0,8,5,0,13,0,8,55,1,64,0,16,60,1,77,16,14,30,107
03/24/2008,FLG,AZ,AWP,WE,Federal Contract Tower,0,18,7,1,26,0,19,61,1,81,0,37,68,2,107,0,0,0,107
03/25/2008,FLG,AZ,AWP,WE,Federal Contract Tower,0,12,3,0,15,0,16,58,2,76,0,28,61,2,91,46,0,46,137
03/26/2008,FLG,AZ,AWP,WE,Federal Contract Tower,0,18,3,0,21,0,20,31,0,51,0,38,34,0,72,12,0,12,84
03/27/2008,FLG,AZ,AWP,WE,Federal Contract Tower,0,16,9,0,25,0,18,70,2,90,0,34,79,2,115,20,0,20,135
03/28/2008,FLG,AZ,AWP,WE,Federal Contract Tower,0,13,6,1,20,0,10,64,4,78,0,23,70,5,98,11,4,15,113
03/29/2008,FLG,AZ,AWP,WE,Federal Contract Tower,0,11,13,0,24,0,12,49,3,64,0,23,62,3,88,12,0,12,100
03/30/2008,FLG,AZ,AWP,WE,Federal Contract Tower,0,3,10,0,13,0,19,42,0,61,0,22,52,0,74,18,8,26,100
03/31/2008,FLG,AZ,AWP,WE,Federal Contract Tower,0,16,6,5,27,0,16,53,10,79,0,32,59,15,106,39,15,54,160
04/01/2008,FLG,AZ,AWP,WE,Federal Contract Tower,0,15,8,1,24,0,13,55,3,71,0,28,63,4,95,72,20,92,187
04/02/2008,FLG,AZ,AWP,WE,Federal Contract Tower,0,14,12,0,26,0,17,50,2,69,0,31,62,2,95,39,8,47,142
04/03/2008,FLG,AZ,AWP,WE,Federal Contract Tower,0,12,6,0,18,0,17,73,0,90,0,29,79,0,108,0,0,0,108
04/04/2008,FLG,AZ,AWP,WE,Federal Contract Tower,0,13,9,0,22,0,12,69,8,89,0,25,78,8,111,16,4,20,131
04/05/2008,FLG,AZ,AWP,WE,Federal Contract Tower,0,8,3,0,11,0,4,49,0,53,0,12,52,0,64,18,0,18,82
04/06/2008,FLG,AZ,AWP,WE,Federal Contract Tower,0,10,9,0,19,0,6,70,2,78,0,16,79,2,97,29,0,29,126
04/07/2008,FLG,AZ,AWP,WE,Federal Contract Tower,0,16,5,0,21,0,14,35,0,49,0,30,40,0,70,15,4,19,89
04/08/2008,FLG,AZ,AWP,WE,Federal Contract Tower,0,10,5,3,18,0,14,36,8,58,0,24,41,11,76,8,6,14,90
04/09/2008,FLG,AZ,AWP,WE,Federal Contract Tower,0,19,5,0,24,0,11,13,2,26,0,30,18,2,50,4,0,4,54
04/10/2008,FLG,AZ,AWP,WE,Federal Contract Tower,0,12,12,0,24,0,23,47,0,70,0,35,59,0,94,27,0,27,121
04/11/2008,FLG,AZ,AWP,WE,Federal Contract Tower,0,13,10,0,23,0,11,55,0,66,0,24,65,0,89,2,0,2,91
04/12/2008,FLG,AZ,AWP,WE,Federal Contract Tower,0,13,8,0,21,0,8,39,4,51,0,21,47,4,72,19,6,25,97
04/13/2008,FLG,AZ,AWP,WE,Federal Contract Tower,0,13,3,0,16,0,5,89,0,94,0,18,92,0,110,41,0,41,151
04/14/2008,FLG,AZ,AWP,WE,Federal Contract Tower,0,15,8,0,23,0,13,69,0,82,0,28,77,0,105,43,0,43,148
04/15/2008,FLG,AZ,AWP,WE,Federal Contract Tower,0,16,9,0,25,0,6,39,0,45,0,22,48,0,70,0,0,0,70
04/16/2008,FLG,AZ,AWP,WE,Federal Contract Tower,0,19,5,1,25,0,15,32,1,48,0,34,37,2,73,5,3,8,81
04/17/2008,FLG,AZ,AWP,WE,Federal Contract Tower,0,14,1,0,15,0,29,85,1,115,0,43,86,1,130,22,0,22,152
04/18/2008,FLG,AZ,AWP,WE,Federal Contract Tower,0,19,6,0,25,0,18,86,4,108,0,37,92,4,133,18,0,18,151
04/19/2008,FLG,AZ,AWP,WE,Federal Contract Tower,0,13,4,0,17,0,5,29,3,37,0,18,33,3,54,20,0,20,74
04/20/2008,FLG,AZ,AWP,WE,Federal Contract Tower,0,18,8,0,26,0,10,48,0,58,0,28,56,0,84,6,0,6,90
04/21/2008,FLG,AZ,AWP,WE,Federal Contract Tower,0,20,5,0,25,0,13,52,2,67,0,33,57,2,92,0,2,2,94
04/22/2008,FLG,AZ,AWP,WE,Federal Contract Tower,0,18,4,0,22,0,17,69,2,88,0,35,73,2,110,26,3,29,139
04/23/2008,FLG,AZ,AWP,WE,Federal Contract Tower,0,16,5,0,21,0,16,50,0,66,0,32,55,0,87,59,0,59,146
04/24/2008,FLG,AZ,AWP,WE,Federal Contract Tower,0,16,7,0,23,0,20,49,0,69,0,36,56,0,92,16,0,16,108
04/25/2008,FLG,AZ,AWP,WE,Federal Contract Tower,0,13,8,0,21,0,14,54,0,68,0,27,62,0,89,16,0,16,105
04/26/2008,FLG,AZ,AWP,WE,Federal Contract Tower,0,14,11,1,26,0,17,70,6,93,0,31,81,7,119,78,2,80,199
04/27/2008,FLG,AZ,AWP,WE,Federal Contract Tower,0,18,5,0,23,0,14,54,0,68,0,32,59,0,91,29,0,29,120
04/28/2008,FLG,AZ,AWP,WE,Federal Contract Tower,0,15,4,0,19,0,14,71,2,87,0,29,75,2,106,38,16,54,160
04/29/2008,FLG,AZ,AWP,WE,Federal Contract Tower,0,17,5,6,28,0,19,73,3,95,0,36,78,9,123,12,0,12,135
04/30/2008,FLG,AZ,AWP,WE,Federal Contract Tower,0,15,8,0,23,0,12,32,1,45,0,27,40,1,68,0,0,0,68
05/01/2008,FLG,AZ,AWP,WE,Federal Contract Tower,0,17,10,0,27,0,22,52,2,76,0,39,62,2,103,29,0,29,132
05/02/2008,FLG,AZ,AWP,WE,Federal Contract Tower,0,16,9,0,25,0,12,48,2,62,0,28,57,2,87,18,0,18,105
05/03/2008,FLG,AZ,AWP,WE,Federal Contract Tower,0,13,10,0,23,0,25,79,2,106,0,38,89,2,129,34,0,34,163
05/04/2008,FLG,AZ,AWP,WE,Federal Contract Tower,0,13,13,0,26,0,7,57,0,64,0,20,70,0,90,12,0,12,102
05/05/2008,FLG,AZ,AWP,WE,Federal Contract Tower,0,18,8,0,26,0,20,76,3,99,0,38,84,3,125,27,0,27,152
05/06/2008,FLG,AZ,AWP,WE,Federal Contract Tower,0,16,4,0,20,0,5,38,0,43,0,21,42,0,63,4,0,4,67
05/07/2008,FLG,AZ,AWP,WE,Federal Contract Tower,0,17,4,0,21,0,20,52,4,76,0,37,56,4,97,2,0,2,99
05/08/2008,FLG,AZ,AWP,WE,Federal Contract Tower,0,10,5,1,16,0,15,86,1,102,0,25,91,2,118,48,0,48,166
05/09/2008,FLG,AZ,AWP,WE,Federal Contract Tower,0,16,12,1,29,0,6,72,0,78,0,22,84,1,107,34,0,34,141
05/10/2008,FLG,AZ,AWP,WE,Federal Contract Tower,0,8,4,0,12,0,12,65,0,77,0,20,69,0,89,44,0,44,133
05/11/2008,FLG,AZ,AWP,WE,Federal Contract Tower,0,14,7,1,22,0,12,54,0,66,0,26,61,1,88,22,0,22,110
05/12/2008,FLG,AZ,AWP,WE,Federal Contract Tower,0,14,3,1,18,0,17,62,1,80,0,31,65,2,98,14,0,14,112
05/13/2008,FLG,AZ,AWP,WE,Federal Contract Tower,0,19,5,0,24,0,6,2,0,8,0,25,7,0,32,2,0,2,34
05/14/2008,FLG,AZ,AWP,WE,Federal Contract Tower,0,17,12,0,29,0,11,57,0,68,0,28,69,0,97,20,0,20,117
05/15/2008,FLG,AZ,AWP,WE,Federal Contract Tower,0,16,16,0,32,0,10,56,2,68,0,26,72,2,100,36,0,36,136
05/16/2008,FLG,AZ,AWP,WE,Federal Contract Tower,0,16,4,2,22,0,7,55,4,66,0,23,59,6,88,8,0,8,96
05/17/2008,FLG,AZ,AWP,WE,Federal Contract Tower,0,10,4,0,14,0,11,61,9,81,0,21,65,9,95,49,0,49,144
05/18/2008,FLG,AZ,AWP,WE,Federal Contract Tower,0,16,3,0,19,0,9,90,6,105,0,25,93,6,124,52,0,52,176
05/19/2008,FLG,AZ,AWP,WE,Federal Contract Tower,0,19,10,2,31,0,15,88,3,106,0,34,98,5,137,42,0,42,179
05/20/2008,FLG,AZ,AWP,WE,Federal Contract Tower,0,26,8,0,34,0,19,59,1,79,0,45,67,1,113,16,0,16,129
05/21/2008,FLG,AZ,AWP,WE,Federal Contract Tower,0,22,8,0,30,0,5,14,4,23,0,27,22,4,53,0,0,0,53
05/22/2008,FLG,AZ,AWP,WE,Federal Contract Tower,0,23,19,0,42,0,11,23,0,34,0,34,42,0,76,5,0,5,81
05/23/2008,FLG,AZ,AWP,WE,Federal Contract Tower,0,12,6,0,18,0,2,4,0,6,0,14,10,0,24,0,0,0,24
05/24/2008,FLG,AZ,AWP,WE,Federal Contract Tower,0,18,9,0,27,0,2,15,0,17,0,20,24,0,44,2,0,2,46
05/25/2008,FLG,AZ,AWP,WE,Federal Contract Tower,0,12,8,1,21,0,5,52,8,65,0,17,60,9,86,20,9,29,115
05/26/2008,FLG,AZ,AWP,WE,Federal Contract Tower,0,15,6,0,21,0,7,65,2,74,0,22,71,2,95,34,0,34,129
05/27/2008,FLG,AZ,AWP,WE,Federal Contract Tower,0,18,12,4,34,0,15,43,6,64,0,33,55,10,98,50,16,66,164
05/28/2008,FLG,AZ,AWP,WE,Federal Contract Tower,0,18,8,0,26,0,15,68,6,89,0,33,76,6,115,49,0,49,164
05/29/2008,FLG,AZ,AWP,WE,Federal Contract Tower,0,18,8,0,26,0,12,68,1,81,0,30,76,1,107,28,22,50,157
05/30/2008,FLG,AZ,AWP,WE,Federal Contract Tower,0,15,6,0,21,0,7,86,6,99,0,22,92,6,120,28,4,32,152
05/31/2008,FLG,AZ,AWP,WE,Federal Contract Tower,0,13,5,0,18,0,4,78,3,85,0,17,83,3,103,17,0,17,120
06/01/2008,FLG,AZ,AWP,WE,Federal Contract Tower,0,14,9,0,23,0,17,79,0,96,0,31,88,0,119,85,0,85,204
06/02/2008,FLG,AZ,AWP,WE,Federal Contract Tower,0,18,6,1,25,0,19,60,1,80,0,37,66,2,105,4,16,20,125
06/03/2008,FLG,AZ,AWP,WE,Federal Contract Tower,0,23,2,0,25,0,13,59,0,72,0,36,61,0,97,40,0,40,137
06/04/2008,FLG,AZ,AWP,WE,Federal Contract Tower,0,19,10,0,29,0,9,26,1,36,0,28,36,1,65,4,0,4,69
06/05/2008,FLG,AZ,AWP,WE,Federal Contract Tower,0,22,13,0,35,0,13,58,5,76,0,35,71,5,111,10,8,18,129
06/06/2008,FLG,AZ,AWP,WE,Federal Contract Tower,0,16,8,0,24,0,14,55,24,93,0,30,63,24,117,31,0,31,148
06/07/2008,FLG,AZ,AWP,WE,Federal Contract Tower,0,12,5,0,17,0,14,46,0,60,0,26,51,0,77,4,1,5,82
06/08/2008,FLG,AZ,AWP,WE,Federal Contract Tower,0,16,10,2,28,0,17,93,3,113,0,33,103,5,141,54,9,63,204
06/09/2008,FLG,AZ,AWP,WE,Federal Contract Tower,0,18,7,0,25,0,19,52,5,76,0,37,59,5,101,32,20,52,153
06/10/2008,FLG,AZ,AWP,WE,Federal Contract Tower,0,14,3,0,17,0,16,56,6,78,0,30,59,6,95,0,2,2,97
06/11/2008,FLG,AZ,AWP,WE,Federal Contract Tower,0,16,7,0,23,0,13,44,4,61,0,29,51,4,84,18,6,24,108
06/12/2008,FLG,AZ,AWP,WE,Federal Contract Tower,0,13,5,0,18,0,10,61,1,72,0,23,66,1,90,16,0,16,106
06/13/2008,FLG,AZ,AWP,WE,Federal Contract Tower,0,12,9,1,22,0,10,81,0,91,0,22,90,1,113,26,0,26,139
06/14/2008,FLG,AZ,AWP,WE,Federal Contract Tower,0,14,5,0,19,0,13,63,0,76,0,27,68,0,95,18,0,18,113
06/15/2008,FLG,AZ,AWP,WE,Federal Contract Tower,0,6,7,1,14,0,3,60,0,63,0,9,67,1,77,16,0,16,93
06/16/2008,FLG,AZ,AWP,WE,Federal Contract Tower,0,17,8,2,27,0,5,71,0,76,0,22,79,2,103,20,0,20,123
06/17/2008,FLG,AZ,AWP,WE,Federal Contract Tower,2,16,5,1,24,0,6,56,1,63,2,22,61,2,87,29,2,31,118
06/18/2008,FLG,AZ,AWP,WE,Federal Contract Tower,0,19,8,1,28,0,15,74,0,89,0,34,82,1,117,42,2,44,161
06/19/2008,FLG,AZ,AWP,WE,Federal Contract Tower,0,11,6,1,18,0,11,114,3,128,0,22,120,4,146,21,4,25,171
06/20/2008,FLG,AZ,AWP,WE,Federal Contract Tower,2,13,12,2,29,0,21,61,3,85,2,34,73,5,114,13,2,15,129
06/21/2008,FLG,AZ,AWP,WE,Federal Contract Tower,0,12,3,0,15,0,9,69,0,78,0,21,72,0,93,36,0,36,129
06/22/2008,FLG,AZ,AWP,WE,Federal Contract Tower,0,16,5,0,21,0,7,73,2,82,0,23,78,2,103,50,0,50,153
06/23/2008,FLG,AZ,AWP,WE,Federal Contract Tower,2,17,16,0,35,0,16,47,0,63,2,33,63,0,98,30,0,30,128
06/24/2008,FLG,AZ,AWP,WE,Federal Contract Tower,3,18,23,0,44,0,27,60,3,90,3,45,83,3,134,25,0,25,159
06/25/2008,FLG,AZ,AWP,WE,Federal Contract Tower,3,17,11,3,34,0,24,55,3,82,3,41,66,6,116,25,0,25,141
06/26/2008,FLG,AZ,AWP,WE,Federal Contract Tower,2,11,12,0,25,0,18,83,0,101,2,29,95,0,126,27,0,27,153
06/27/2008,FLG,AZ,AWP,WE,Federal Contract Tower,0,3,14,0,17,0,0,7,83,90,0,3,21,83,107,10,0,10,117
06/28/2008,FLG,AZ,AWP,WE,Federal Contract Tower,3,16,4,0,23,0,15,74,6,95,3,31,78,6,118,10,2,12,130
06/29/2008,FLG,AZ,AWP,WE,Federal Contract Tower,1,16,6,0,23,0,20,97,4,121,1,36,103,4,144,25,0,25,169
06/30/2008,FLG,AZ,AWP,WE,Federal Contract Tower,4,18,18,0,40,0,14,45,4,63,4,32,63,4,103,47,0,47,150
07/01/2008,FLG,AZ,AWP,WE,Federal Contract Tower,3,13,6,1,23,1,16,49,2,68,4,29,55,3,91,58,2,60,151
07/02/2008,FLG,AZ,AWP,WE,Federal Contract Tower,3,23,6,0,32,0,21,47,0,68,3,44,53,0,100,26,0,26,126
07/03/2008,FLG,AZ,AWP,WE,Federal Contract Tower,3,15,13,0,31,0,18,52,14,84,3,33,65,14,115,14,2,16,131
07/04/2008,FLG,AZ,AWP,WE,Federal Contract Tower,2,9,9,0,20,0,7,61,2,70,2,16,70,2,90,0,0,0,90
07/05/2008,FLG,AZ,AWP,WE,Federal Contract Tower,2,9,2,0,13,0,11,45,4,60,2,20,47,4,73,12,0,12,85
07/06/2008,FLG,AZ,AWP,WE,Federal Contract Tower,4,15,9,1,29,0,28,55,4,87,4,43,64,5,116,20,20,40,156
07/07/2008,FLG,AZ,AWP,WE,Federal Contract Tower,3,12,12,0,27,0,19,42,0,61,3,31,54,0,88,50,0,50,138
07/08/2008,FLG,AZ,AWP,WE,Federal Contract Tower,3,17,17,2,39,0,34,78,10,122,3,51,95,12,161,48,4,52,213
07/09/2008,FLG,AZ,AWP,WE,Federal Contract Tower,3,19,5,0,27,0,15,72,0,87,3,34,77,0,114,52,0,52,166
07/10/2008,FLG,AZ,AWP,WE,Federal Contract Tower,3,19,9,0,31,0,11,58,4,73,3,30,67,4,104,50,0,50,154
07/11/2008,FLG,AZ,AWP,WE,Federal Contract Tower,4,16,11,2,33,0,20,50,0,70,4,36,61,2,103,26,6,32,135
07/12/2008,FLG,AZ,AWP,WE,Federal Contract Tower,4,16,5,0,25,0,10,45,0,55,4,26,50,0,80,16,0,16,96
07/13/2008,FLG,AZ,AWP,WE,Federal Contract Tower,3,14,6,0,23,0,9,48,0,57,3,23,54,0,80,44,0,44,124
07/14/2008,FLG,AZ,AWP,WE,Federal Contract Tower,3,15,19,0,37,3,21,42,7,73,6,36,61,7,110,10,11,21,131
07/15/2008,FLG,AZ,AWP,WE,Federal Contract Tower,4,15,13,0,32,0,7,30,2,39,4,22,43,2,71,17,0,17,88
07/16/2008,FLG,AZ,AWP,WE,Federal Contract Tower,3,9,5,0,17,0,9,60,0,69,3,18,65,0,86,35,0,35,121
07/17/2008,FLG,AZ,AWP,WE,Federal Contract Tower,3,15,20,1,39,0,11,73,1,85,3,26,93,2,124,52,0,52,176
07/18/2008,FLG,AZ,AWP,WE,Federal Contract Tower,2,12,16,3,33,0,4,83,3,90,2,16,99,6,123,63,0,63,186
07/19/2008,FLG,AZ,AWP,WE,Federal Contract Tower,3,10,2,0,15,0,7,39,2,48,3,17,41,2,63,38,0,38,101
07/20/2008,FLG,AZ,AWP,WE,Federal Contract Tower,3,16,32,0,51,0,13,31,0,44,3,29,63,0,95,32,0,32,127
07/21/2008,FLG,AZ,AWP,WE,Federal Contract Tower,3,17,18,3,41,0,15,54,1,70,3,32,72,4,111,37,0,37,148
07/22/2008,FLG,AZ,AWP,WE,Federal Contract Tower,3,20,5,0,28,0,28,43,1,72,3,48,48,1,100,64,0,64,164
07/23/2008,FLG,AZ,AWP,WE,Federal Contract Tower,40,16,7,0,63,0,12,45,1,58,40,28,52,1,121,30,0,30,151
07/24/2008,FLG,AZ,AWP,WE,Federal Contract Tower,3,22,17,0,42,0,26,58,6,90,3,48,75,6,132,55,0,55,187
07/25/2008,FLG,AZ,AWP,WE,Federal Contract Tower,3,21,10,0,34,0,13,55,3,71,3,34,65,3,105,28,2,30,135
07/26/2008,FLG,AZ,AWP,WE,Federal Contract Tower,4,16,3,0,23,0,5,56,8,69,4,21,59,8,92,32,0,32,124
07/27/2008,FLG,AZ,AWP,WE,Federal Contract Tower,3,16,10,0,29,0,23,61,4,88,3,39,71,4,117,8,0,8,125
07/28/2008,FLG,AZ,AWP,WE,Federal Contract Tower,4,16,7,0,27,0,14,50,2,66,4,30,57,2,93,66,0,66,159
07/29/2008,FLG,AZ,AWP,WE,Federal Contract Tower,4,20,16,0,40,0,16,57,2,75,4,36,73,2,115,38,2,40,155
07/30/2008,FLG,AZ,AWP,WE,Federal Contract Tower,3,18,13,1,35,0,15,46,9,70,3,33,59,10,105,43,8,51,156
07/31/2008,FLG,AZ,AWP,WE,Federal Contract Tower,3,24,8,0,35,0,16,59,2,77,3,40,67,2,112,39,0,39,151
08/01/2008,FLG,AZ,AWP,WE,Federal Contract Tower,3,15,10,0,28,0,6,49,1,56,3,21,59,1,84,28,6,34,118
08/02/2008,FLG,AZ,AWP,WE,Federal Contract Tower,4,15,2,0,21,0,9,97,0,106,4,24,99,0,127,81,0,81,208
08/03/2008,FLG,AZ,AWP,WE,Federal Contract Tower,4,14,8,0,26,0,14,61,0,75,4,28,69,0,101,28,0,28,129
08/04/2008,FLG,AZ,AWP,WE,Federal Contract Tower,4,17,13,0,34,0,26,51,0,77,4,43,64,0,111,6,12,18,129
08/05/2008,FLG,AZ,AWP,WE,Federal Contract Tower,4,14,12,0,30,0,16,41,2,59,4,30,53,2,89,94,2,96,185
08/06/2008,FLG,AZ,AWP,WE,Federal Contract Tower,3,13,4,0,20,0,6,28,1,35,3,19,32,1,55,116,0,116,171
08/07/2008,FLG,AZ,AWP,WE,Federal Contract Tower,3,15,12,0,30,0,25,87,3,115,3,40,99,3,145,157,2,159,304
08/08/2008,FLG,AZ,AWP,WE,Federal Contract Tower,3,21,12,0,36,0,9,71,1,81,3,30,83,1,117,46,0,46,163
08/09/2008,FLG,AZ,AWP,WE,Federal Contract Tower,4,12,10,1,27,0,9,38,2,49,4,21,48,3,76,24,0,24,100
08/10/2008,FLG,AZ,AWP,WE,Federal Contract Tower,4,23,28,0,55,0,13,70,0,83,4,36,98,0,138,10,0,10,148
08/11/2008,FLG,AZ,AWP,WE,Federal Contract Tower,4,16,7,0,27,0,20,52,0,72,4,36,59,0,99,2,0,2,101
08/12/2008,FLG,AZ,AWP,WE,Federal Contract Tower,4,22,9,2,37,0,13,71,0,84,4,35,80,2,121,20,0,20,141
08/13/2008,FLG,AZ,AWP,WE,Federal Contract Tower,3,15,6,0,24,0,19,55,2,76,3,34,61,2,100,28,0,28,128
08/14/2008,FLG,AZ,AWP,WE,Federal Contract Tower,5,19,10,0,34,0,13,70,4,87,5,32,80,4,121,58,0,58,179
08/15/2008,FLG,AZ,AWP,WE,Federal Contract Tower,3,14,12,0,29,0,12,37,0,49,3,26,49,0,78,0,0,0,78
08/16/2008,FLG,AZ,AWP,WE,Federal Contract Tower,2,12,4,0,18,0,4,24,2,30,2,16,28,2,48,8,0,8,56
08/17/2008,FLG,AZ,AWP,WE,Federal Contract Tower,4,12,5,0,21,0,12,65,0,77,4,24,70,0,98,26,0,26,124
08/18/2008,FLG,AZ,AWP,WE,Federal Contract Tower,3,18,15,0,36,0,17,48,3,68,3,35,63,3,104,14,6,20,124
08/19/2008,FLG,AZ,AWP,WE,Federal Contract Tower,4,14,6,0,24,0,16,62,0,78,4,30,68,0,102,16,0,16,118
08/20/2008,FLG,AZ,AWP,WE,Federal Contract Tower,5,19,11,2,37,0,11,73,4,88,5,30,84,6,125,38,6,44,169
08/21/2008,FLG,AZ,AWP,WE,Federal Contract Tower,3,16,9,0,28,0,17,60,2,79,3,33,69,2,107,47,0,47,154
08/22/2008,FLG,AZ,AWP,WE,Federal Contract Tower,3,16,14,2,35,0,14,58,0,72,3,30,72,2,107,18,4,22,129
08/23/2008,FLG,AZ,AWP,WE,Federal Contract Tower,4,18,4,0,26,0,8,58,1,67,4,26,62,1,93,59,0,59,152
08/24/2008,FLG,AZ,AWP,WE,Federal Contract Tower,4,18,9,0,31,0,11,73,4,88,4,29,82,4,119,47,0,47,166
08/25/2008,FLG,AZ,AWP,WE,Federal Contract Tower,3,20,10,0,33,0,7,39,2,48,3,27,49,2,81,10,0,10,91
08/26/2008,FLG,AZ,AWP,WE,Federal Contract Tower,3,2,11,0,16,0,11,53,2,66,3,13,64,2,82,34,0,34,116
08/27/2008,FLG,AZ,AWP,WE,Federal Contract Tower,3,13,11,2,29,0,17,73,3,93,3,30,84,5,122,66,4,70,192
08/28/2008,FLG,AZ,AWP,WE,Federal Contract Tower,3,20,8,1,32,0,18,79,9,106,3,38,87,10,138,28,26,54,192
08/29/2008,FLG,AZ,AWP,WE,Federal Contract Tower,3,17,12,0,32,0,7,54,1,62,3,24,66,1,94,10,2,12,106
08/30/2008,FLG,AZ,AWP,WE,Federal Contract Tower,2,15,3,0,20,0,21,38,1,60,2,36,41,1,80,55,0,55,135
08/31/2008,FLG,AZ,AWP,WE,Federal Contract Tower,2,12,10,0,24,0,4,13,1,18,2,16,23,1,42,0,0,0,42
09/01/2008,FLG,AZ,AWP,WE,Federal Contract Tower,3,15,18,0,36,0,1,63,0,64,3,16,81,0,100,26,0,26,126
09/02/2008,FLG,AZ,AWP,WE,Federal Contract Tower,3,15,5,1,24,0,14,56,7,77,3,29,61,8,101,9,2,11,112
09/03/2008,FLG,AZ,AWP,WE,Federal Contract Tower,3,12,8,2,25,0,17,66,3,86,3,29,74,5,111,28,0,28,139
09/04/2008,FLG,AZ,AWP,WE,Federal Contract Tower,3,16,14,2,35,0,13,62,1,76,3,29,76,3,111,22,0,22,133
09/05/2008,FLG,AZ,AWP,WE,Federal Contract Tower,3,19,12,0,34,0,9,56,10,75,3,28,68,10,109,4,0,4,113
09/06/2008,FLG,AZ,AWP,WE,Federal Contract Tower,8,7,11,0,26,0,4,56,2,62,8,11,67,2,88,34,0,34,122
09/07/2008,FLG,AZ,AWP,WE,Federal Contract Tower,3,12,10,0,25,0,13,83,4,100,3,25,93,4,125,54,0,54,179
09/08/2008,FLG,AZ,AWP,WE,Federal Contract Tower,3,15,11,0,29,0,8,41,2,51,3,23,52,2,80,38,11,49,129
09/09/2008,FLG,AZ,AWP,WE,Federal Contract Tower,3,13,7,0,23,0,18,40,0,58,3,31,47,0,81,20,0,20,101
09/10/2008,FLG,AZ,AWP,WE,Federal Contract Tower,3,18,11,0,32,0,6,37,0,43,3,24,48,0,75,0,0,0,75
09/11/2008,FLG,AZ,AWP,WE,Federal Contract Tower,3,19,6,0,28,0,13,59,5,77,3,32,65,5,105,12,14,26,131
09/12/2008,FLG,AZ,AWP,WE,Federal Contract Tower,3,15,8,2,28,0,6,65,3,74,3,21,73,5,102,20,0,20,122
09/13/2008,FLG,AZ,AWP,WE,Federal Contract Tower,2,12,8,0,22,0,11,77,8,96,2,23,85,8,118,31,0,31,149
09/14/2008,FLG,AZ,AWP,WE,Federal Contract Tower,31,15,8,0,54,0,9,56,5,70,31,24,64,5,124,19,6,25,149
09/15/2008,FLG,AZ,AWP,WE,Federal Contract Tower,3,14,8,0,25,0,11,75,0,86,3,25,83,0,111,30,0,30,141
09/16/2008,FLG,AZ,AWP,WE,Federal Contract Tower,3,15,10,2,30,0,15,62,6,83,3,30,72,8,113,42,0,42,155
09/17/2008,FLG,AZ,AWP,WE,Federal Contract Tower,3,14,13,0,30,0,8,55,2,65,3,22,68,2,95,24,14,38,133
09/18/2008,FLG,AZ,AWP,WE,Federal Contract Tower,3,20,6,0,29,0,5,59,0,64,3,25,65,0,93,22,0,22,115
09/19/2008,FLG,AZ,AWP,WE,Federal Contract Tower,3,12,6,2,23,0,23,52,0,75,3,35,58,2,98,12,2,14,112
09/20/2008,FLG,AZ,AWP,WE,Federal Contract Tower,1,10,12,0,23,0,9,59,2,70,1,19,71,2,93,18,0,18,111
09/21/2008,FLG,AZ,AWP,WE,Federal Contract Tower,3,14,4,0,21,0,11,80,0,91,3,25,84,0,112,18,0,18,130
09/22/2008,FLG,AZ,AWP,WE,Federal Contract Tower,3,16,10,0,29,0,15,46,2,63,3,31,56,2,92,6,0,6,98
09/23/2008,FLG,AZ,AWP,WE,Federal Contract Tower,3,12,5,0,20,0,15,69,0,84,3,27,74,0,104,24,0,24,128
09/24/2008,FLG,AZ,AWP,WE,Federal Contract Tower,3,13,7,0,23,0,16,83,0,99,3,29,90,0,122,20,0,20,142
09/25/2008,FLG,AZ,AWP,WE,Federal Contract Tower,3,15,8,0,26,0,10,48,5,63,3,25,56,5,89,45,6,51,140
09/26/2008,FLG,AZ,AWP,WE,Federal Contract Tower,3,18,6,0,27,0,5,67,0,72,3,23,73,0,99,40,0,40,139
09/27/2008,FLG,AZ,AWP,WE,Federal Contract Tower,2,7,3,0,12,0,9,69,0,78,2,16,72,0,90,24,0,24,114
09/28/2008,FLG,AZ,AWP,WE,Federal Contract Tower,2,16,9,1,28,0,11,84,3,98,2,27,93,4,126,22,0,22,148
09/29/2008,FLG,AZ,AWP,WE,Federal Contract Tower,3,15,8,4,30,0,6,67,7,80,3,21,75,11,110,45,4,49,159
09/30/2008,FLG,AZ,AWP,WE,Federal Contract Tower,3,16,7,2,28,0,15,64,3,82,3,31,71,5,110,26,18,44,154
10/01/2008,FLG,AZ,AWP,WE,Federal Contract Tower,3,14,2,0,19,0,6,60,1,67,3,20,62,1,86,30,0,30,116
10/02/2008,FLG,AZ,AWP,WE,Federal Contract Tower,6,16,10,1,33,0,9,58,0,67,6,25,68,1,100,34,0,34,134
10/03/2008,FLG,AZ,AWP,WE,Federal Contract Tower,5,17,8,2,32,0,9,64,1,74,5,26,72,3,106,18,12,30,136
10/04/2008,FLG,AZ,AWP,WE,Federal Contract Tower,1,12,4,0,17,0,2,16,0,18,1,14,20,0,35,8,0,8,43
10/05/2008,FLG,AZ,AWP,WE,Federal Contract Tower,2,13,3,0,18,0,9,64,3,76,2,22,67,3,94,32,0,32,126
10/06/2008,FLG,AZ,AWP,WE,Federal Contract Tower,4,15,2,0,21,2,8,39,0,49,6,23,41,0,70,8,0,8,78
10/07/2008,FLG,AZ,AWP,WE,Federal Contract Tower,2,15,13,0,30,1,8,62,0,71,3,23,75,0,101,48,0,48,149
10/08/2008,FLG,AZ,AWP,WE,Federal Contract Tower,2,18,10,2,32,0,11,53,2,66,2,29,63,4,98,46,7,53,151
10/09/2008,FLG,AZ,AWP,WE,Federal Contract Tower,2,21,6,0,29,0,13,38,4,55,2,34,44,4,84,24,3,27,111
10/10/2008,FLG,AZ,AWP,WE,Federal Contract Tower,1,13,4,2,20,0,0,0,0,0,1,13,4,2,20,0,0,0,20
10/11/2008,FLG,AZ,AWP,WE,Federal Contract Tower,1,10,4,0,15,0,0,0,0,0,1,10,4,0,15,0,0,0,15
10/12/2008,FLG,AZ,AWP,WE,Federal Contract Tower,2,15,6,0,23,0,5,63,0,68,2,20,69,0,91,50,0,50,141
10/13/2008,FLG,AZ,AWP,WE,Federal Contract Tower,3,17,9,2,31,0,10,57,0,67,3,27,66,2,98,10,0,10,108
10/14/2008,FLG,AZ,AWP,WE,Federal Contract Tower,2,16,7,0,25,0,5,47,0,52,2,21,54,0,77,43,0,43,120
10/15/2008,FLG,AZ,AWP,WE,Federal Contract Tower,2,16,7,0,25,0,7,68,2,77,2,23,75,2,102,42,0,42,144
10/16/2008,FLG,AZ,AWP,WE,Federal Contract Tower,2,15,7,0,24,0,7,55,0,62,2,22,62,0,86,32,0,32,118
10/17/2008,FLG,AZ,AWP,WE,Federal Contract Tower,4,14,7,0,25,0,13,59,2,74,4,27,66,2,99,34,0,34,133
10/18/2008,FLG,AZ,AWP,WE,Federal Contract Tower,1,6,8,0,15,0,2,76,6,84,1,8,84,6,99,66,0,66,165
10/19/2008,FLG,AZ,AWP,WE,Federal Contract Tower,2,15,11,0,28,0,4,73,2,79,2,19,84,2,107,53,0,53,160
10/20/2008,FLG,AZ,AWP,WE,Federal Contract Tower,1,9,10,0,20,0,7,36,1,44,1,16,46,1,64,35,0,35,99
10/21/2008,FLG,AZ,AWP,WE,Federal Contract Tower,2,12,10,2,26,0,6,61,4,71,2,18,71,6,97,45,44,89,186
10/22/2008,FLG,AZ,AWP,WE,Federal Contract Tower,2,13,3,0,18,0,6,18,0,24,2,19,21,0,42,46,0,46,88
10/23/2008,FLG,AZ,AWP,WE,Federal Contract Tower,2,11,4,0,17,0,8,72,0,80,2,19,76,0,97,78,0,78,175
10/24/2008,FLG,AZ,AWP,WE,Federal Contract Tower,2,15,5,0,22,0,6,50,4,60,2,21,55,4,82,49,0,49,131
10/25/2008,FLG,AZ,AWP,WE,Federal Contract Tower,1,13,9,0,23,0,3,59,6,68,1,16,68,6,91,57,6,63,154
10/26/2008,FLG,AZ,AWP,WE,Federal Contract Tower,3,17,6,0,26,0,10,64,0,74,3,27,70,0,100,20,0,20,120
10/27/2008,FLG,AZ,AWP,WE,Federal Contract Tower,2,11,11,0,24,0,8,41,2,51,2,19,52,2,75,52,0,52,127
10/28/2008,FLG,AZ,AWP,WE,Federal Contract Tower,2,16,8,0,26,0,23,54,0,77,2,39,62,0,103,31,0,31,134
10/29/2008,FLG,AZ,AWP,WE,Federal Contract Tower,2,16,7,0,25,0,13,62,2,77,2,29,69,2,102,12,0,12,114
10/30/2008,FLG,AZ,AWP,WE,Federal Contract Tower,2,16,8,0,26,0,5,59,2,66,2,21,67,2,92,24,2,26,118
10/31/2008,FLG,AZ,AWP,WE,Federal Contract Tower,4,15,7,0,26,0,7,48,0,55,4,22,55,0,81,62,0,62,143
11/01/2008,FLG,AZ,AWP,WE,Federal Contract Tower,2,11,10,0,23,0,4,66,4,74,2,15,76,4,97,50,0,50,147
11/02/2008,FLG,AZ,AWP,WE,Federal Contract Tower,3,14,6,0,23,0,5,59,6,70,3,19,65,6,93,28,0,28,121
11/03/2008,FLG,AZ,AWP,WE,Federal Contract Tower,3,12,5,0,20,1,9,48,0,58,4,21,53,0,78,41,0,41,119
11/04/2008,FLG,AZ,AWP,WE,Federal Contract Tower,3,13,2,0,18,0,14,43,4,61,3,27,45,4,79,6,0,6,85
11/05/2008,FLG,AZ,AWP,WE,Federal Contract Tower,2,11,9,3,25,1,19,37,7,64,3,30,46,10,89,26,0,26,115
11/06/2008,FLG,AZ,AWP,WE,Federal Contract Tower,3,15,8,0,26,0,7,56,0,63,3,22,64,0,89,20,0,20,109
11/07/2008,FLG,AZ,AWP,WE,Federal Contract Tower,5,17,4,0,26,0,2,49,0,51,5,19,53,0,77,12,0,12,89
11/08/2008,FLG,AZ,AWP,WE,Federal Contract Tower,2,10,2,2,16,0,3,73,0,76,2,13,75,2,92,59,8,67,159
11/09/2008,FLG,AZ,AWP,WE,Federal Contract Tower,2,15,3,0,20,0,4,26,0,30,2,19,29,0,50,0,0,0,50
11/10/2008,FLG,AZ,AWP,WE,Federal Contract Tower,3,15,10,0,28,0,0,20,2,22,3,15,30,2,50,16,0,16,66
11/11/2008,FLG,AZ,AWP,WE,Federal Contract Tower,3,11,3,0,17,0,9,62,4,75,3,20,65,4,92,63,0,63,155
11/12/2008,FLG,AZ,AWP,WE,Federal Contract Tower,3,10,6,2,21,0,11,48,6,65,3,21,54,8,86,15,0,15,101
11/13/2008,FLG,AZ,AWP,WE,Federal Contract Tower,3,14,6,0,23,0,6,50,0,56,3,20,56,0,79,12,0,12,91
11/14/2008,FLG,AZ,AWP,WE,Federal Contract Tower,3,13,5,3,24,0,10,53,0,63,3,23,58,3,87,32,16,48,135
11/15/2008,FLG,AZ,AWP,WE,Federal Contract Tower,2,9,3,0,14,0,4,47,4,55,2,13,50,4,69,26,0,26,95
11/16/2008,FLG,AZ,AWP,WE,Federal Contract Tower,3,16,2,0,21,0,6,55,0,61,3,22,57,0,82,27,0,27,109
11/17/2008,FLG,AZ,AWP,WE,Federal Contract Tower,3,11,9,3,26,0,10,51,6,67,3,21,60,9,93,28,6,34,127
11/18/2008,FLG,AZ,AWP,WE,Federal Contract Tower,3,14,8,0,25,0,9,69,1,79,3,23,77,1,104,63,5,68,172
11/19/2008,FLG,AZ,AWP,WE,Federal Contract Tower,3,14,11,0,28,0,15,73,0,88,3,29,84,0,116,8,0,8,124
11/20/2008,FLG,AZ,AWP,WE,Federal Contract Tower,3,10,15,5,33,0,15,74,6,95,3,25,89,11,128,46,2,48,176
11/21/2008,FLG,AZ,AWP,WE,Federal Contract Tower,3,14,11,0,28,0,6,43,2,51,3,20,54,2,79,16,2,18,97
11/22/2008,FLG,AZ,AWP,WE,Federal Contract Tower,2,11,6,0,19,0,5,69,2,76,2,16,75,2,95,45,0,45,140
11/23/2008,FLG,AZ,AWP,WE,Federal Contract Tower,3,12,5,0,20,0,5,72,2,79,3,17,77,2,99,10,13,23,122
11/24/2008,FLG,AZ,AWP,WE,Federal Contract Tower,3,13,8,1,25,0,7,55,3,65,3,20,63,4,90,14,0,14,104
11/25/2008,FLG,AZ,AWP,WE,Federal Contract Tower,3,13,13,0,29,0,8,58,2,68,3,21,71,2,97,0,4,4,101
11/26/2008,FLG,AZ,AWP,WE,Federal Contract Tower,3,23,28,2,56,0,3,9,0,12,3,26,37,2,68,4,0,4,72
11/27/2008,FLG,AZ,AWP,WE,Federal Contract Tower,2,4,1,0,7,0,0,0,0,0,2,4,1,0,7,0,0,0,7
11/28/2008,FLG,AZ,AWP,WE,Federal Contract Tower,1,11,3,0,15,0,3,15,0,18,1,14,18,0,33,6,0,6,39
11/29/2008,FLG,AZ,AWP,WE,Federal Contract Tower,3,10,8,0,21,0,6,53,1,60,3,16,61,1,81,31,13,44,125
11/30/2008,FLG,AZ,AWP,WE,Federal Contract Tower,3,13,14,0,30,9,60,2,0,71,12,73,16,0,101,8,0,8,109
12/01/2008,FLG,AZ,AWP,WE,Federal Contract Tower,3,11,7,0,21,0,8,43,3,54,3,19,50,3,75,29,0,29,104
12/02/2008,FLG,AZ,AWP,WE,Federal Contract Tower,2,13,6,0,21,0,9,62,2,73,2,22,68,2,94,27,0,27,121
12/03/2008,FLG,AZ,AWP,WE,Federal Contract Tower,2,12,5,0,19,0,19,42,0,61,2,31,47,0,80,32,0,32,112
12/04/2008,FLG,AZ,AWP,WE,Federal Contract Tower,2,12,7,0,21,0,9,39,0,48,2,21,46,0,69,34,0,34,103
12/05/2008,FLG,AZ,AWP,WE,Federal Contract Tower,3,14,6,0,23,0,5,51,6,62,3,19,57,6,85,6,0,6,91
12/06/2008,FLG,AZ,AWP,WE,Federal Contract Tower,2,12,5,0,19,0,1,67,6,74,2,13,72,6,93,14,0,14,107
12/07/2008,FLG,AZ,AWP,WE,Federal Contract Tower,3,13,3,0,19,0,8,44,0,52,3,21,47,0,71,43,0,43,114
12/08/2008,FLG,AZ,AWP,WE,Federal Contract Tower,3,12,6,0,21,0,5,21,2,28,3,17,27,2,49,0,0,0,49
12/09/2008,FLG,AZ,AWP,WE,Federal Contract Tower,2,17,8,0,27,0,8,32,0,40,2,25,40,0,67,0,0,0,67
12/10/2008,FLG,AZ,AWP,WE,Federal Contract Tower,2,12,5,0,19,0,11,29,0,40,2,23,34,0,59,12,0,12,71
12/11/2008,FLG,AZ,AWP,WE,Federal Contract Tower,3,12,5,0,20,0,11,62,2,75,3,23,67,2,95,66,0,66,161
12/12/2008,FLG,AZ,AWP,WE,Federal Contract Tower,1,18,15,0,34,0,12,59,0,71,1,30,74,0,105,28,0,28,133
12/13/2008,FLG,AZ,AWP,WE,Federal Contract Tower,2,10,5,0,17,0,0,4,0,4,2,10,9,0,21,0,0,0,21
12/14/2008,FLG,AZ,AWP,WE,Federal Contract Tower,3,10,9,0,22,0,2,19,0,21,3,12,28,0,43,0,0,0,43
12/15/2008,FLG,AZ,AWP,WE,Federal Contract Tower,2,16,9,0,27,0,2,7,0,9,2,18,16,0,36,4,0,4,40
12/16/2008,FLG,AZ,AWP,WE,Federal Contract Tower,3,11,6,0,20,0,0,0,0,0,3,11,6,0,20,0,0,0,20
12/17/2008,FLG,AZ,AWP,WE,Federal Contract Tower,1,10,5,0,16,0,0,0,0,0,1,10,5,0,16,0,0,0,16
12/18/2008,FLG,AZ,AWP,WE,Federal Contract Tower,2,13,4,0,19,0,0,0,0,0,2,13,4,0,19,0,0,0,19
12/19/2008,FLG,AZ,AWP,WE,Federal Contract Tower,2,13,13,0,28,0,3,33,4,40,2,16,46,4,68,14,6,20,88
12/20/2008,FLG,AZ,AWP,WE,Federal Contract Tower,1,7,6,0,14,0,2,55,2,59,1,9,61,2,73,40,0,40,113
12/21/2008,FLG,AZ,AWP,WE,Federal Contract Tower,0,11,7,0,18,0,3,47,0,50,0,14,54,0,68,0,0,0,68
12/22/2008,FLG,AZ,AWP,WE,Federal Contract Tower,1,6,7,0,14,0,0,8,0,8,1,6,15,0,22,0,0,0,22
12/23/2008,FLG,AZ,AWP,WE,Federal Contract Tower,1,12,8,0,21,0,5,2,0,7,1,17,10,0,28,0,0,0,28
12/24/2008,FLG,AZ,AWP,WE,Federal Contract Tower,1,12,4,0,17,0,0,19,0,19,1,12,23,0,36,8,0,8,44
12/25/2008,FLG,AZ,AWP,WE,Federal Contract Tower,2,6,0,0,8,0,0,0,0,0,2,6,0,0,8,0,0,0,8
12/26/2008,FLG,AZ,AWP,WE,Federal Contract Tower,2,15,6,0,23,0,7,6,0,13,2,22,12,0,36,0,0,0,36
12/27/2008,FLG,AZ,AWP,WE,Federal Contract Tower,3,6,3,0,12,0,3,42,0,45,3,9,45,0,57,10,0,10,67
12/28/2008,FLG,AZ,AWP,WE,Federal Contract Tower,3,11,3,0,17,0,9,91,0,100,3,20,94,0,117,20,0,20,137
12/29/2008,FLG,AZ,AWP,WE,Federal Contract Tower,3,12,3,0,18,0,8,60,0,68,3,20,63,0,86,28,0,28,114
12/30/2008,FLG,AZ,AWP,WE,Federal Contract Tower,3,16,7,2,28,0,8,58,0,66,3,24,65,2,94,26,0,26,120
12/31/2008,FLG,AZ,AWP,WE,Federal Contract Tower,2,9,0,0,11,0,5,68,0,73,2,14,68,0,84,0,0,0,84
01/01/2009,FLG,AZ,AWP,WE,Federal Contract Tower,3,7,7,0,17,0,2,43,2,47,3,9,50,2,64,2,28,30,94
01/02/2009,FLG,AZ,AWP,WE,Federal Contract Tower,3,12,5,0,20,0,1,84,2,87,3,13,89,2,107,58,30,88,195
01/03/2009,FLG,AZ,AWP,WE,Federal Contract Tower,2,8,7,0,17,0,2,23,0,25,2,10,30,0,42,24,0,24,66
01/04/2009,FLG,AZ,AWP,WE,Federal Contract Tower,2,9,3,0,14,0,0,2,0,2,2,9,5,0,16,0,0,0,16
01/05/2009,FLG,AZ,AWP,WE,Federal Contract Tower,3,16,6,0,25,0,0,13,0,13,3,16,19,0,38,0,0,0,38
01/06/2009,FLG,AZ,AWP,WE,Federal Contract Tower,3,15,2,0,20,0,15,48,0,63,3,30,50,0,83,0,0,0,83
01/07/2009,FLG,AZ,AWP,WE,Federal Contract Tower,3,11,10,0,24,0,10,42,0,52,3,21,52,0,76,20,0,20,96
01/08/2009,FLG,AZ,AWP,WE,Federal Contract Tower,3,12,4,1,20,0,4,55,0,59,3,16,59,1,79,22,2,24,103
01/09/2009,FLG,AZ,AWP,WE,Federal Contract Tower,2,12,4,0,18,0,10,42,0,52,2,22,46,0,70,8,2,10,80
01/10/2009,FLG,AZ,AWP,WE,Federal Contract Tower,1,7,2,0,10,0,5,39,4,48,1,12,41,4,58,15,19,34,92
01/11/2009,FLG,AZ,AWP,WE,Federal Contract Tower,3,11,9,0,23,0,3,68,4,75,3,14,77,4,98,18,0,18,116
01/12/2009,FLG,AZ,AWP,WE,Federal Contract Tower,1,12,5,0,18,0,13,57,0,70,1,25,62,0,88,35,0,35,123
01/13/2009,FLG,AZ,AWP,WE,Federal Contract Tower,3,13,5,0,21,0,16,50,3,69,3,29,55,3,90,30,4,34,124
01/14/2009,FLG,AZ,AWP,WE,Federal Contract Tower,3,10,2,0,15,0,8,49,1,58,3,18,51,1,73,28,3,31,104
01/15/2009,FLG,AZ,AWP,WE,Federal Contract Tower,3,11,5,0,19,0,9,66,6,81,3,20,71,6,100,37,6,43,143
01/16/2009,FLG,AZ,AWP,WE,Federal Contract Tower,1,8,3,0,12,0,5,53,0,58,1,13,56,0,70,2,0,2,72
01/17/2009,FLG,AZ,AWP,WE,Federal Contract Tower,0,6,6,0,12,0,6,54,2,62,0,12,60,2,74,30,0,30,104
01/18/2009,FLG,AZ,AWP,WE,Federal Contract Tower,2,11,2,0,15,0,8,50,2,60,2,19,52,2,75,10,0,10,85
01/19/2009,FLG,AZ,AWP,WE,Federal Contract Tower,2,10,5,2,19,0,9,79,1,89,2,19,84,3,108,33,0,33,141
01/20/2009,FLG,AZ,AWP,WE,Federal Contract Tower,2,12,4,0,18,0,16,58,2,76,2,28,62,2,94,6,0,6,100
01/21/2009,FLG,AZ,AWP,WE,Federal Contract Tower,2,12,5,0,19,0,8,56,1,65,2,20,61,1,84,12,0,12,96
01/22/2009,FLG,AZ,AWP,WE,Federal Contract Tower,3,12,7,2,24,0,2,13,0,15,3,14,20,2,39,6,0,6,45
01/23/2009,FLG,AZ,AWP,WE,Federal Contract Tower,1,21,11,0,33,0,0,2,0,2,1,21,13,0,35,0,0,0,35
01/24/2009,FLG,AZ,AWP,WE,Federal Contract Tower,1,11,9,0,21,0,1,7,2,10,1,12,16,2,31,0,0,0,31
01/25/2009,FLG,AZ,AWP,WE,Federal Contract Tower,3,13,10,0,26,0,1,14,0,15,3,14,24,0,41,0,0,0,41
01/26/2009,FLG,AZ,AWP,WE,Federal Contract Tower,3,9,2,0,14,0,1,0,0,1,3,10,2,0,15,0,0,0,15
01/27/2009,FLG,AZ,AWP,WE,Federal Contract Tower,0,14,6,0,20,0,13,33,2,48,0,27,39,2,68,22,13,35,103
01/28/2009,FLG,AZ,AWP,WE,Federal Contract Tower,0,6,8,0,14,0,10,59,5,74,0,16,67,5,88,34,0,34,122
01/29/2009,FLG,AZ,AWP,WE,Federal Contract Tower,0,9,4,2,15,0,10,30,4,44,0,19,34,6,59,6,4,10,69
01/30/2009,FLG,AZ,AWP,WE,Federal Contract Tower,2,13,6,0,21,0,3,53,3,59,2,16,59,3,80,6,0,6,86
01/31/2009,FLG,AZ,AWP,WE,Federal Contract Tower,1,8,3,0,12,0,8,76,1,85,1,16,79,1,97,85,0,85,182
02/01/2009,FLG,AZ,AWP,WE,Federal Contract Tower,2,7,4,1,14,0,0,54,0,54,2,7,58,1,68,41,0,41,109
02/02/2009,FLG,AZ,AWP,WE,Federal Contract Tower,2,14,4,4,24,0,7,51,2,60,2,21,55,6,84,8,0,8,92
02/03/2009,FLG,AZ,AWP,WE,Federal Contract Tower,3,10,2,1,16,0,9,61,6,76,3,19,63,7,92,8,0,8,100
02/04/2009,FLG,AZ,AWP,WE,Federal Contract Tower,2,13,6,0,21,0,13,66,1,80,2,26,72,1,101,42,1,43,144
02/05/2009,FLG,AZ,AWP,WE,Federal Contract Tower,2,10,2,0,14,0,7,41,0,48,2,17,43,0,62,6,0,6,68
02/06/2009,FLG,AZ,AWP,WE,Federal Contract Tower,3,16,7,0,26,0,0,2,0,2,3,16,9,0,28,2,0,2,30
02/07/2009,FLG,AZ,AWP,WE,Federal Contract Tower,1,5,5,0,11,0,1,17,0,18,1,6,22,0,29,35,0,35,64
02/08/2009,FLG,AZ,AWP,WE,Federal Contract Tower,3,5,6,0,14,0,0,0,0,0,3,5,6,0,14,0,0,0,14
02/09/2009,FLG,AZ,AWP,WE,Federal Contract Tower,1,3,2,0,6,0,0,0,0,0,1,3,2,0,6,0,0,0,6
02/10/2009,FLG,AZ,AWP,WE,Federal Contract Tower,2,9,3,0,14,0,3,4,0,7,2,12,7,0,21,0,0,0,21
02/11/2009,FLG,AZ,AWP,WE,Federal Contract Tower,3,10,5,1,19,0,16,46,0,62,3,26,51,1,81,6,0,6,87
02/12/2009,FLG,AZ,AWP,WE,Federal Contract Tower,3,14,5,0,22,0,5,34,0,39,3,19,39,0,61,10,0,10,71
02/13/2009,FLG,AZ,AWP,WE,Federal Contract Tower,2,11,5,0,18,0,4,47,4,55,2,15,52,4,73,10,1,11,84
02/14/2009,FLG,AZ,AWP,WE,Federal Contract Tower,2,15,4,0,21,0,9,23,0,32,2,24,27,0,53,16,0,16,69
02/15/2009,FLG,AZ,AWP,WE,Federal Contract Tower,3,11,5,0,19,0,1,42,4,47,3,12,47,4,66,38,0,38,104
02/16/2009,FLG,AZ,AWP,WE,Federal Contract Tower,3,14,7,0,24,0,8,25,0,33,3,22,32,0,57,2,0,2,59
02/17/2009,FLG,AZ,AWP,WE,Federal Contract Tower,1,11,6,0,18,0,4,25,4,33,1,15,31,4,51,8,0,8,59
02/18/2009,FLG,AZ,AWP,WE,Federal Contract Tower,3,11,7,2,23,0,13,43,0,56,3,24,50,2,79,14,0,14,93
02/19/2009,FLG,AZ,AWP,WE,Federal Contract Tower,3,11,3,0,17,0,7,65,6,78,3,18,68,6,95,28,0,28,123
02/20/2009,FLG,AZ,AWP,WE,Federal Contract Tower,2,9,4,0,15,1,8,63,2,74,3,17,67,2,89,28,2,30,119
02/21/2009,FLG,AZ,AWP,WE,Federal Contract Tower,2,8,3,0,13,0,2,70,2,74,2,10,73,2,87,34,0,34,121
02/22/2009,FLG,AZ,AWP,WE,Federal Contract Tower,2,6,1,0,9,0,0,52,4,56,2,6,53,4,65,14,0,14,79
02/23/2009,FLG,AZ,AWP,WE,Federal Contract Tower,2,12,4,0,18,0,11,36,1,48,2,23,40,1,66,16,7,23,89
02/24/2009,FLG,AZ,AWP,WE,Federal Contract Tower,2,10,2,0,14,1,8,52,0,61,3,18,54,0,75,20,0,20,95
02/25/2009,FLG,AZ,AWP,WE,Federal Contract Tower,2,10,3,0,15,0,9,36,1,46,2,19,39,1,61,6,0,6,67
02/26/2009,FLG,AZ,AWP,WE,Federal Contract Tower,2,8,10,0,20,0,14,61,1,76,2,22,71,1,96,26,0,26,122
02/27/2009,FLG,AZ,AWP,WE,Federal Contract Tower,4,6,11,0,21,0,15,66,2,83,4,21,77,2,104,37,5,42,146
02/28/2009,FLG,AZ,AWP,WE,Federal Contract Tower,1,6,6,0,13,1,8,72,0,81,2,14,78,0,94,4,0,4,98
03/01/2009,FLG,AZ,AWP,WE,Federal Contract Tower,2,12,7,0,21,0,8,75,2,85,2,20,82,2,106,10,6,16,122
03/02/2009,FLG,AZ,AWP,WE,Federal Contract Tower,2,8,5,0,15,0,15,41,2,58,2,23,46,2,73,29,0,29,102
03/03/2009,FLG,AZ,AWP,WE,Federal Contract Tower,2,12,2,1,17,0,15,59,0,74,2,27,61,1,91,30,0,30,121
03/04/2009,FLG,AZ,AWP,WE,Federal Contract Tower,1,8,4,0,13,0,12,53,0,65,1,20,57,0,78,6,0,6,84
03/05/2009,FLG,AZ,AWP,WE,Federal Contract Tower,2,12,4,1,19,0,9,48,0,57,2,21,52,1,76,15,0,15,91
03/06/2009,FLG,AZ,AWP,WE,Federal Contract Tower,2,12,6,2,22,0,10,38,2,50,2,22,44,4,72,20,8,28,100
03/07/2009,FLG,AZ,AWP,WE,Federal Contract Tower,0,11,4,0,15,0,4,27,0,31,0,15,31,0,46,2,0,2,48
03/08/2009,FLG,AZ,AWP,WE,Federal Contract Tower,3,10,1,0,14,0,9,51,0,60,3,19,52,0,74,42,0,42,116
03/09/2009,FLG,AZ,AWP,WE,Federal Contract Tower,2,17,10,1,30,0,3,2,1,6,2,20,12,2,36,0,0,0,36
03/10/2009,FLG,AZ,AWP,WE,Federal Contract Tower,2,12,5,0,19,0,9,49,6,64,2,21,54,6,83,29,0,29,112
03/11/2009,FLG,AZ,AWP,WE,Federal Contract Tower,2,9,3,3,17,0,15,49,0,64,2,24,52,3,81,8,4,12,93
03/12/2009,FLG,AZ,AWP,WE,Federal Contract Tower,2,11,10,0,23,0,4,24,0,28,2,15,34,0,51,16,0,16,67
03/13/2009,FLG,AZ,AWP,WE,Federal Contract Tower,2,13,5,0,20,0,0,22,0,22,2,13,27,0,42,14,0,14,56
03/14/2009,FLG,AZ,AWP,WE,Federal Contract Tower,1,8,7,0,16,0,4,38,0,42,1,12,45,0,58,46,0,46,104
03/15/2009,FLG,AZ,AWP,WE,Federal Contract Tower,2,10,6,0,18,0,4,48,2,54,2,14,54,2,72,16,0,16,88
03/16/2009,FLG,AZ,AWP,WE,Federal Contract Tower,2,10,8,0,20,0,11,55,0,66,2,21,63,0,86,58,0,58,144
03/17/2009,FLG,AZ,AWP,WE,Federal Contract Tower,2,15,8,0,25,0,13,74,6,93,2,28,82,6,118,42,0,42,160
03/18/2009,FLG,AZ,AWP,WE,Federal Contract Tower,2,9,8,0,19,0,13,44,0,57,2,22,52,0,76,0,0,0,76
03/19/2009,FLG,AZ,AWP,WE,Federal Contract Tower,2,10,1,0,13,0,11,48,0,59,2,21,49,0,72,14,0,14,86
03/20/2009,FLG,AZ,AWP,WE,Federal Contract Tower,2,10,3,0,15,0,11,41,6,58,2,21,44,6,73,72,0,72,145
03/21/2009,FLG,AZ,AWP,WE,Federal Contract Tower,1,10,3,0,14,0,5,35,2,42,1,15,38,2,56,4,0,4,60
03/22/2009,FLG,AZ,AWP,WE,Federal Contract Tower,1,7,1,0,9,0,3,21,2,26,1,10,22,2,35,0,0,0,35
03/23/2009,FLG,AZ,AWP,WE,Federal Contract Tower,2,10,8,1,21,0,7,37,5,49,2,17,45,6,70,6,0,6,76
03/24/2009,FLG,AZ,AWP,WE,Federal Contract Tower,2,11,3,0,16,0,15,87,2,104,2,26,90,2,120,34,0,34,154
03/25/2009,FLG,AZ,AWP,WE,Federal Contract Tower,2,8,11,2,23,0,11,48,2,61,2,19,59,4,84,2,0,2,86
03/26/2009,FLG,AZ,AWP,WE,Federal Contract Tower,0,10,6,1,17,0,6,10,0,16,0,16,16,1,33,18,0,18,51
03/27/2009,FLG,AZ,AWP,WE,Federal Contract Tower,2,10,5,1,18,0,7,38,0,45,2,17,43,1,63,16,0,16,79
03/28/2009,FLG,AZ,AWP,WE,Federal Contract Tower,1,6,3,0,10,0,5,74,0,79,1,11,77,0,89,41,0,41,130
03/29/2009,FLG,AZ,AWP,WE,Federal Contract Tower,2,8,8,0,18,0,3,42,0,45,2,11,50,0,63,37,0,37,100
03/30/2009,FLG,AZ,AWP,WE,Federal Contract Tower,2,10,7,0,19,0,9,48,0,57,2,19,55,0,76,6,0,6,82
03/31/2009,FLG,AZ,AWP,WE,Federal Contract Tower,2,10,9,2,23,0,8,71,4,83,2,18,80,6,106,18,7,25,131
04/01/2009,FLG,AZ,AWP,WE,Federal Contract Tower,2,9,2,3,16,0,13,25,1,39,2,22,27,4,55,0,0,0,55
04/02/2009,FLG,AZ,AWP,WE,Federal Contract Tower,3,11,4,0,18,0,9,46,0,55,3,20,50,0,73,4,0,4,77
04/03/2009,FLG,AZ,AWP,WE,Federal Contract Tower,3,15,4,0,22,0,2,6,0,8,3,17,10,0,30,0,0,0,30
04/04/2009,FLG,AZ,AWP,WE,Federal Contract Tower,2,15,4,0,21,0,8,43,0,51,2,23,47,0,72,4,0,4,76
04/05/2009,FLG,AZ,AWP,WE,Federal Contract Tower,3,12,3,0,18,0,9,72,1,82,3,21,75,1,100,26,0,26,126
04/06/2009,FLG,AZ,AWP,WE,Federal Contract Tower,3,15,8,1,27,0,10,65,3,78,3,25,73,4,105,44,0,44,149
04/07/2009,FLG,AZ,AWP,WE,Federal Contract Tower,3,11,4,0,18,0,9,72,2,83,3,20,76,2,101,5,0,5,106
04/08/2009,FLG,AZ,AWP,WE,Federal Contract Tower,3,10,7,0,20,0,4,48,2,54,3,14,55,2,74,6,0,6,80
04/09/2009,FLG,AZ,AWP,WE,Federal Contract Tower,1,14,11,0,26,0,19,50,3,72,1,33,61,3,98,0,0,0,98
04/10/2009,FLG,AZ,AWP,WE,Federal Contract Tower,2,17,13,0,32,0,9,45,4,58,2,26,58,4,90,6,0,6,96
04/11/2009,FLG,AZ,AWP,WE,Federal Contract Tower,2,10,4,0,16,0,1,0,0,1,2,11,4,0,17,0,0,0,17
04/12/2009,FLG,AZ,AWP,WE,Federal Contract Tower,3,14,1,0,18,0,5,33,2,40,3,19,34,2,58,30,0,30,88
04/13/2009,FLG,AZ,AWP,WE,Federal Contract Tower,3,21,7,0,31,0,11,76,2,89,3,32,83,2,120,64,20,84,204
04/14/2009,FLG,AZ,AWP,WE,Federal Contract Tower,3,14,3,0,20,0,7,32,4,43,3,21,35,4,63,23,7,30,93
04/15/2009,FLG,AZ,AWP,WE,Federal Contract Tower,3,8,5,0,16,0,1,0,0,1,3,9,5,0,17,0,0,0,17
04/16/2009,FLG,AZ,AWP,WE,Federal Contract Tower,3,18,7,0,28,0,6,37,0,43,3,24,44,0,71,12,0,12,83
04/17/2009,FLG,AZ,AWP,WE,Federal Contract Tower,4,13,12,0,29,0,7,65,6,78,4,20,77,6,107,12,2,14,121
04/18/2009,FLG,AZ,AWP,WE,Federal Contract Tower,2,12,2,0,16,0,4,54,4,62,2,16,56,4,78,33,1,34,112
04/19/2009,FLG,AZ,AWP,WE,Federal Contract Tower,3,16,5,0,24,0,6,66,4,76,3,22,71,4,100,24,0,24,124
04/20/2009,FLG,AZ,AWP,WE,Federal Contract Tower,3,15,5,0,23,0,20,57,3,80,3,35,62,3,103,54,0,54,157
04/21/2009,FLG,AZ,AWP,WE,Federal Contract Tower,1,11,3,0,15,0,19,59,5,83,1,30,62,5,98,15,4,19,117
04/22/2009,FLG,AZ,AWP,WE,Federal Contract Tower,3,13,12,0,28,0,18,65,0,83,3,31,77,0,111,29,0,29,140
04/23/2009,FLG,AZ,AWP,WE,Federal Contract Tower,3,16,5,0,24,0,9,62,0,71,3,25,67,0,95,6,0,6,101
04/24/2009,FLG,AZ,AWP,WE,Federal Contract Tower,3,12,5,0,20,0,10,26,2,38,3,22,31,2,58,14,0,14,72
04/25/2009,FLG,AZ,AWP,WE,Federal Contract Tower,2,9,8,0,19,0,1,37,4,42,2,10,45,4,61,8,6,14,75
04/26/2009,FLG,AZ,AWP,WE,Federal Contract Tower,3,13,12,0,28,0,6,60,3,69,3,19,72,3,97,12,0,12,109
04/27/2009,FLG,AZ,AWP,WE,Federal Contract Tower,3,14,8,0,25,0,10,51,5,66,3,24,59,5,91,8,0,8,99
04/28/2009,FLG,AZ,AWP,WE,Federal Contract Tower,3,10,4,2,19,0,12,26,4,42,3,22,30,6,61,8,4,12,73
04/29/2009,FLG,AZ,AWP,WE,Federal Contract Tower,3,8,9,0,20,0,13,55,2,70,3,21,64,2,90,1,10,11,101
04/30/2009,FLG,AZ,AWP,WE,Federal Contract Tower,3,11,12,1,27,0,4,52,0,56,3,15,64,1,83,18,0,18,101
05/01/2009,FLG,AZ,AWP,WE,Federal Contract Tower,3,14,7,0,24,0,8,58,7,73,3,22,65,7,97,8,6,14,111
05/02/2009,FLG,AZ,AWP,WE,Federal Contract Tower,2,13,9,0,24,0,9,26,4,39,2,22,35,4,63,7,0,7,70
05/03/2009,FLG,AZ,AWP,WE,Federal Contract Tower,3,16,7,0,26,0,7,84,0,91,3,23,91,0,117,14,0,14,131
05/04/2009,FLG,AZ,AWP,WE,Federal Contract Tower,4,17,11,0,32,0,7,51,3,61,4,24,62,3,93,10,0,10,103
05/05/2009,FLG,AZ,AWP,WE,Federal Contract Tower,3,11,5,0,19,0,5,59,2,66,3,16,64,2,85,6,0,6,91
05/06/2009,FLG,AZ,AWP,WE,Federal Contract Tower,3,10,13,0,26,0,3,65,1,69,3,13,78,1,95,8,0,8,103
05/07/2009,FLG,AZ,AWP,WE,Federal Contract Tower,3,11,14,1,29,0,10,79,2,91,3,21,93,3,120,35,0,35,155
05/08/2009,FLG,AZ,AWP,WE,Federal Contract Tower,4,13,6,0,23,0,13,78,4,95,4,26,84,4,118,34,0,34,152
05/09/2009,FLG,AZ,AWP,WE,Federal Contract Tower,2,12,4,0,18,0,4,64,0,68,2,16,68,0,86,10,0,10,96
05/10/2009,FLG,AZ,AWP,WE,Federal Contract Tower,4,11,8,0,23,0,10,58,0,68,4,21,66,0,91,8,0,8,99
05/11/2009,FLG,AZ,AWP,WE,Federal Contract Tower,3,12,9,0,24,0,4,65,0,69,3,16,74,0,93,35,0,35,128
05/12/2009,FLG,AZ,AWP,WE,Federal Contract Tower,3,10,3,1,17,0,14,45,0,59,3,24,48,1,76,0,16,16,92
05/13/2009,FLG,AZ,AWP,WE,Federal Contract Tower,4,14,12,0,30,0,14,49,0,63,4,28,61,0,93,21,0,21,114
05/14/2009,FLG,AZ,AWP,WE,Federal Contract Tower,3,9,6,0,18,0,8,61,1,70,3,17,67,1,88,28,0,28,116
05/15/2009,FLG,AZ,AWP,WE,Federal Contract Tower,3,11,4,1,19,0,11,60,0,71,3,22,64,1,90,20,4,24,114
05/16/2009,FLG,AZ,AWP,WE,Federal Contract Tower,1,9,2,1,13,0,4,113,2,119,1,13,115,3,132,68,2,70,202
05/17/2009,FLG,AZ,AWP,WE,Federal Contract Tower,3,17,9,0,29,0,8,73,2,83,3,25,82,2,112,4,2,6,118
05/18/2009,FLG,AZ,AWP,WE,Federal Contract Tower,2,15,5,0,22,0,11,50,3,64,2,26,55,3,86,8,2,10,96
05/19/2009,FLG,AZ,AWP,WE,Federal Contract Tower,3,12,4,0,19,0,17,44,0,61,3,29,48,0,80,32,0,32,112
05/20/2009,FLG,AZ,AWP,WE,Federal Contract Tower,2,12,8,0,22,0,15,39,0,54,2,27,47,0,76,13,0,13,89
05/21/2009,FLG,AZ,AWP,WE,Federal Contract Tower,3,14,8,1,26,0,7,35,1,43,3,21,43,2,69,6,2,8,77
05/22/2009,FLG,AZ,AWP,WE,Federal Contract Tower,3,13,22,0,38,0,2,11,0,13,3,15,33,0,51,0,0,0,51
05/23/2009,FLG,AZ,AWP,WE,Federal Contract Tower,2,14,17,0,33,0,3,22,0,25,2,17,39,0,58,6,0,6,64
05/24/2009,FLG,AZ,AWP,WE,Federal Contract Tower,3,9,5,0,17,0,11,44,0,55,3,20,49,0,72,9,14,23,95
05/25/2009,FLG,AZ,AWP,WE,Federal Contract Tower,3,14,5,0,22,0,18,38,0,56,3,32,43,0,78,4,10,14,92
05/26/2009,FLG,AZ,AWP,WE,Federal Contract Tower,3,12,2,1,18,0,12,28,0,40,3,24,30,1,58,0,0,0,58
05/27/2009,FLG,AZ,AWP,WE,Federal Contract Tower,3,11,5,0,19,0,7,33,0,40,3,18,38,0,59,11,0,11,70
05/28/2009,FLG,AZ,AWP,WE,Federal Contract Tower,3,10,10,0,23,0,6,46,2,54,3,16,56,2,77,8,0,8,85
05/29/2009,FLG,AZ,AWP,WE,Federal Contract Tower,2,6,16,0,24,0,8,59,0,67,2,14,75,0,91,14,0,14,105
05/30/2009,FLG,AZ,AWP,WE,Federal Contract Tower,2,9,4,2,17,0,4,43,0,47,2,13,47,2,64,0,0,0,64
05/31/2009,FLG,AZ,AWP,WE,Federal Contract Tower,3,14,3,0,20,0,4,60,2,66,3,18,63,2,86,14,0,14,100
06/01/2009,FLG,AZ,AWP,WE,Federal Contract Tower,6,14,11,0,31,0,11,47,0,58,6,25,58,0,89,8,0,8,97
06/02/2009,FLG,AZ,AWP,WE,Federal Contract Tower,6,10,1,0,17,0,12,40,0,52,6,22,41,0,69,12,0,12,81
06/03/2009,FLG,AZ,AWP,WE,Federal Contract Tower,4,13,10,0,27,0,9,34,4,47,4,22,44,4,74,9,0,9,83
06/04/2009,FLG,AZ,AWP,WE,Federal Contract Tower,3,12,9,0,24,0,10,58,0,68,3,22,67,0,92,5,0,5,97
06/05/2009,FLG,AZ,AWP,WE,Federal Contract Tower,3,12,17,1,33,0,3,26,0,29,3,15,43,1,62,0,0,0,62
06/06/2009,FLG,AZ,AWP,WE,Federal Contract Tower,2,9,3,0,14,0,3,41,0,44,2,12,44,0,58,2,0,2,60
06/07/2009,FLG,AZ,AWP,WE,Federal Contract Tower,3,14,11,2,30,0,7,64,4,75,3,21,75,6,105,2,18,20,125
06/08/2009,FLG,AZ,AWP,WE,Federal Contract Tower,3,11,9,0,23,0,6,42,6,54,3,17,51,6,77,10,0,10,87
06/09/2009,FLG,AZ,AWP,WE,Federal Contract Tower,3,15,4,0,22,0,10,27,0,37,3,25,31,0,59,10,0,10,69
06/10/2009,FLG,AZ,AWP,WE,Federal Contract Tower,3,11,8,1,23,0,13,42,0,55,3,24,50,1,78,4,0,4,82
06/11/2009,FLG,AZ,AWP,WE,Federal Contract Tower,7,12,4,2,25,0,4,62,0,66,7,16,66,2,91,36,2,38,129
06/12/2009,FLG,AZ,AWP,WE,Federal Contract Tower,2,15,14,0,31,0,10,72,0,82,2,25,86,0,113,2,0,2,115
06/13/2009,FLG,AZ,AWP,WE,Federal Contract Tower,3,15,6,0,24,0,7,59,0,66,3,22,65,0,90,41,0,41,131
06/14/2009,FLG,AZ,AWP,WE,Federal Contract Tower,5,9,9,0,23,0,7,51,0,58,5,16,60,0,81,38,0,38,119
06/15/2009,FLG,AZ,AWP,WE,Federal Contract Tower,3,12,3,0,18,0,5,46,0,51,3,17,49,0,69,32,0,32,101
06/16/2009,FLG,AZ,AWP,WE,Federal Contract Tower,3,16,8,0,27,0,11,41,1,53,3,27,49,1,80,32,0,32,112
06/17/2009,FLG,AZ,AWP,WE,Federal Contract Tower,3,14,4,0,21,0,8,34,0,42,3,22,38,0,63,20,0,20,83
06/18/2009,FLG,AZ,AWP,WE,Federal Contract Tower,3,10,6,0,19,0,9,46,2,57,3,19,52,2,76,36,0,36,112
06/19/2009,FLG,AZ,AWP,WE,Federal Contract Tower,3,12,10,1,26,0,5,59,1,65,3,17,69,2,91,18,0,18,109
06/20/2009,FLG,AZ,AWP,WE,Federal Contract Tower,1,14,16,1,32,0,12,56,2,70,1,26,72,3,102,32,0,32,134
06/21/2009,FLG,AZ,AWP,WE,Federal Contract Tower,3,12,6,1,22,0,29,35,0,64,3,41,41,1,86,14,0,14,100
06/22/2009,FLG,AZ,AWP,WE,Federal Contract Tower,3,11,3,4,21,0,7,60,3,70,3,18,63,7,91,48,22,70,161
06/23/2009,FLG,AZ,AWP,WE,Federal Contract Tower,3,14,11,0,28,0,5,46,1,52,3,19,57,1,80,45,0,45,125
06/24/2009,FLG,AZ,AWP,WE,Federal Contract Tower,3,17,3,0,23,0,10,44,1,55,3,27,47,1,78,21,0,21,99
06/25/2009,FLG,AZ,AWP,WE,Federal Contract Tower,4,17,14,4,39,0,10,77,0,87,4,27,91,4,126,40,7,47,173
06/26/2009,FLG,AZ,AWP,WE,Federal Contract Tower,2,16,8,0,26,0,5,37,0,42,2,21,45,0,68,4,0,4,72
06/27/2009,FLG,AZ,AWP,WE,Federal Contract Tower,2,13,1,0,16,0,4,59,0,63,2,17,60,0,79,58,0,58,137
06/28/2009,FLG,AZ,AWP,WE,Federal Contract Tower,3,14,13,0,30,0,14,89,2,105,3,28,102,2,135,27,0,27,162
06/29/2009,FLG,AZ,AWP,WE,Federal Contract Tower,3,11,4,0,18,0,7,57,0,64,3,18,61,0,82,47,0,47,129
06/30/2009,FLG,AZ,AWP,WE,Federal Contract Tower,4,9,7,1,21,0,12,52,3,67,4,21,59,4,88,33,3,36,124
07/01/2009,FLG,AZ,AWP,WE,Federal Contract Tower,1,12,5,1,19,0,8,37,4,49,1,20,42,5,68,14,0,14,82
07/02/2009,FLG,AZ,AWP,WE,Federal Contract Tower,4,9,17,0,30,0,4,46,0,50,4,13,63,0,80,22,0,22,102
07/03/2009,FLG,AZ,AWP,WE,Federal Contract Tower,3,11,4,0,18,0,3,57,0,60,3,14,61,0,78,14,0,14,92
07/04/2009,FLG,AZ,AWP,WE,Federal Contract Tower,2,12,4,0,18,0,9,47,0,56,2,21,51,0,74,4,0,4,78
07/05/2009,FLG,AZ,AWP,WE,Federal Contract Tower,3,18,6,0,27,0,8,53,0,61,3,26,59,0,88,12,0,12,100
07/06/2009,FLG,AZ,AWP,WE,Federal Contract Tower,2,18,11,0,31,0,9,55,0,64,2,27,66,0,95,20,0,20,115
07/07/2009,FLG,AZ,AWP,WE,Federal Contract Tower,3,14,6,0,23,0,8,24,0,32,3,22,30,0,55,30,0,30,85
07/08/2009,FLG,AZ,AWP,WE,Federal Contract Tower,3,13,3,2,21,0,9,51,1,61,3,22,54,3,82,10,0,10,92
07/09/2009,FLG,AZ,AWP,WE,Federal Contract Tower,3,14,11,0,28,0,10,51,0,61,3,24,62,0,89,22,0,22,111
07/10/2009,FLG,AZ,AWP,WE,Federal Contract Tower,2,18,6,0,26,0,5,56,0,61,2,23,62,0,87,10,0,10,97
07/11/2009,FLG,AZ,AWP,WE,Federal Contract Tower,3,12,6,0,21,0,9,32,2,43,3,21,38,2,64,6,2,8,72
07/12/2009,FLG,AZ,AWP,WE,Federal Contract Tower,3,12,2,0,17,0,1,57,0,58,3,13,59,0,75,12,0,12,87
07/13/2009,FLG,AZ,AWP,WE,Federal Contract Tower,3,9,10,0,22,0,9,26,0,35,3,18,36,0,57,20,2,22,79
07/14/2009,FLG,AZ,AWP,WE,Federal Contract Tower,5,9,8,0,22,0,5,47,0,52,5,14,55,0,74,21,0,21,95
07/15/2009,FLG,AZ,AWP,WE,Federal Contract Tower,3,12,7,0,22,0,13,42,2,57,3,25,49,2,79,20,0,20,99
07/16/2009,FLG,AZ,AWP,WE,Federal Contract Tower,3,15,2,0,20,0,5,42,0,47,3,20,44,0,67,25,0,25,92
07/17/2009,FLG,AZ,AWP,WE,Federal Contract Tower,3,15,7,0,25,0,11,67,2,80,3,26,74,2,105,20,0,20,125
07/18/2009,FLG,AZ,AWP,WE,Federal Contract Tower,2,12,3,0,17,0,7,41,0,48,2,19,44,0,65,35,0,35,100
07/19/2009,FLG,AZ,AWP,WE,Federal Contract Tower,3,14,8,0,25,0,10,51,0,61,3,24,59,0,86,10,0,10,96
07/20/2009,FLG,AZ,AWP,WE,Federal Contract Tower,3,15,6,0,24,0,4,39,0,43,3,19,45,0,67,6,0,6,73
07/21/2009,FLG,AZ,AWP,WE,Federal Contract Tower,3,17,8,0,28,0,10,45,0,55,3,27,53,0,83,29,12,41,124
07/22/2009,FLG,AZ,AWP,WE,Federal Contract Tower,3,10,2,1,16,0,14,40,1,55,3,24,42,2,71,34,0,34,105
07/23/2009,FLG,AZ,AWP,WE,Federal Contract Tower,2,13,11,0,26,0,12,58,0,70,2,25,69,0,96,2,0,2,98
07/24/2009,FLG,AZ,AWP,WE,Federal Contract Tower,2,17,9,0,28,0,10,53,0,63,2,27,62,0,91,0,0,0,91
07/25/2009,FLG,AZ,AWP,WE,Federal Contract Tower,2,14,5,0,21,0,11,76,3,90,2,25,81,3,111,2,0,2,113
07/26/2009,FLG,AZ,AWP,WE,Federal Contract Tower,3,13,6,0,22,0,7,65,3,75,3,20,71,3,97,14,0,14,111
07/27/2009,FLG,AZ,AWP,WE,Federal Contract Tower,2,18,6,0,26,0,3,37,2,42,2,21,43,2,68,3,6,9,77
07/28/2009,FLG,AZ,AWP,WE,Federal Contract Tower,3,17,13,0,33,0,16,69,1,86,3,33,82,1,119,18,0,18,137
07/29/2009,FLG,AZ,AWP,WE,Federal Contract Tower,3,13,6,0,22,0,11,66,0,77,3,24,72,0,99,0,0,0,99
07/30/2009,FLG,AZ,AWP,WE,Federal Contract Tower,2,13,6,0,21,0,15,61,0,76,2,28,67,0,97,8,0,8,105
07/31/2009,FLG,AZ,AWP,WE,Federal Contract Tower,3,15,10,0,28,0,8,59,0,67,3,23,69,0,95,34,0,34,129
08/01/2009,FLG,AZ,AWP,WE,Federal Contract Tower,3,9,3,0,15,0,10,43,3,56,3,19,46,3,71,22,2,24,95
08/02/2009,FLG,AZ,AWP,WE,Federal Contract Tower,4,14,7,0,25,1,5,95,0,101,5,19,102,0,126,25,0,25,151
08/03/2009,FLG,AZ,AWP,WE,Federal Contract Tower,3,15,9,0,27,0,10,63,0,73,3,25,72,0,100,12,0,12,112
08/04/2009,FLG,AZ,AWP,WE,Federal Contract Tower,3,14,5,0,22,0,16,40,2,58,3,30,45,2,80,34,0,34,114
08/05/2009,FLG,AZ,AWP,WE,Federal Contract Tower,3,12,12,0,27,0,10,47,1,58,3,22,59,1,85,31,0,31,116
08/06/2009,FLG,AZ,AWP,WE,Federal Contract Tower,3,18,9,0,30,0,6,49,3,58,3,24,58,3,88,29,6,35,123
08/07/2009,FLG,AZ,AWP,WE,Federal Contract Tower,4,26,17,0,47,0,11,42,0,53,4,37,59,0,100,0,0,0,100
08/08/2009,FLG,AZ,AWP,WE,Federal Contract Tower,2,12,12,0,26,0,7,54,0,61,2,19,66,0,87,22,0,22,109
08/09/2009,FLG,AZ,AWP,WE,Federal Contract Tower,3,11,9,0,23,0,14,96,0,110,3,25,105,0,133,23,0,23,156
08/10/2009,FLG,AZ,AWP,WE,Federal Contract Tower,3,14,6,0,23,0,16,61,0,77,3,30,67,0,100,24,0,24,124
08/11/2009,FLG,AZ,AWP,WE,Federal Contract Tower,3,14,7,1,25,0,13,52,3,68,3,27,59,4,93,41,0,41,134
08/12/2009,FLG,AZ,AWP,WE,Federal Contract Tower,2,14,12,0,28,0,8,43,0,51,2,22,55,0,79,6,0,6,85
08/13/2009,FLG,AZ,AWP,WE,Federal Contract Tower,1,17,8,0,26,0,7,37,8,52,1,24,45,8,78,34,0,34,112
08/14/2009,FLG,AZ,AWP,WE,Federal Contract Tower,3,15,8,0,26,0,16,50,0,66,3,31,58,0,92,8,0,8,100
08/15/2009,FLG,AZ,AWP,WE,Federal Contract Tower,2,11,12,0,25,0,4,85,2,91,2,15,97,2,116,16,0,16,132
08/16/2009,FLG,AZ,AWP,WE,Federal Contract Tower,3,14,7,0,24,0,12,67,0,79,3,26,74,0,103,0,0,0,103
08/17/2009,FLG,AZ,AWP,WE,Federal Contract Tower,3,15,10,0,28,0,8,44,0,52,3,23,54,0,80,28,0,28,108
08/18/2009,FLG,AZ,AWP,WE,Federal Contract Tower,3,13,11,0,27,0,17,69,0,86,3,30,80,0,113,12,0,12,125
08/19/2009,FLG,AZ,AWP,WE,Federal Contract Tower,3,11,9,0,23,0,10,45,0,55,3,21,54,0,78,10,0,10,88
08/20/2009,FLG,AZ,AWP,WE,Federal Contract Tower,3,14,8,0,25,0,17,90,0,107,3,31,98,0,132,10,0,10,142
08/21/2009,FLG,AZ,AWP,WE,Federal Contract Tower,3,10,13,1,27,0,12,54,6,72,3,22,67,7,99,18,6,24,123
08/22/2009,FLG,AZ,AWP,WE,Federal Contract Tower,3,12,6,0,21,0,11,45,0,56,3,23,51,0,77,26,0,26,103
08/23/2009,FLG,AZ,AWP,WE,Federal Contract Tower,5,11,7,0,23,0,9,53,4,66,5,20,60,4,89,10,0,10,99
08/24/2009,FLG,AZ,AWP,WE,Federal Contract Tower,4,17,12,0,33,0,12,59,4,75,4,29,71,4,108,22,0,22,130
08/25/2009,FLG,AZ,AWP,WE,Federal Contract Tower,4,13,11,1,29,0,6,44,4,54,4,19,55,5,83,32,11,43,126
08/26/2009,FLG,AZ,AWP,WE,Federal Contract Tower,4,13,9,0,26,0,0,0,0,0,4,13,9,0,26,6,0,6,32
08/27/2009,FLG,AZ,AWP,WE,Federal Contract Tower,4,13,9,2,28,0,15,57,2,74,4,28,66,4,102,13,6,19,121
08/28/2009,FLG,AZ,AWP,WE,Federal Contract Tower,2,11,4,0,17,0,10,65,0,75,2,21,69,0,92,24,0,24,116
08/29/2009,FLG,AZ,AWP,WE,Federal Contract Tower,2,13,3,0,18,0,1,70,0,71,2,14,73,0,89,4,0,4,93
08/30/2009,FLG,AZ,AWP,WE,Federal Contract Tower,4,15,5,0,24,0,11,53,0,64,4,26,58,0,88,32,0,32,120
08/31/2009,FLG,AZ,AWP,WE,Federal Contract Tower,4,19,5,0,28,0,11,58,3,72,4,30,63,3,100,50,0,50,150
09/01/2009,FLG,AZ,AWP,WE,Federal Contract Tower,4,16,5,2,27,0,14,42,1,57,4,30,47,3,84,22,0,22,106
09/02/2009,FLG,AZ,AWP,WE,Federal Contract Tower,4,10,6,0,20,0,0,0,0,0,4,10,6,0,20,39,0,39,59
09/03/2009,FLG,AZ,AWP,WE,Federal Contract Tower,4,12,10,0,26,0,12,39,1,52,4,24,49,1,78,0,0,0,78
09/04/2009,FLG,AZ,AWP,WE,Federal Contract Tower,4,10,7,0,21,0,5,54,0,59,4,15,61,0,80,10,0,10,90
09/05/2009,FLG,AZ,AWP,WE,Federal Contract Tower,2,10,7,0,19,0,0,36,0,36,2,10,43,0,55,8,0,8,63
09/06/2009,FLG,AZ,AWP,WE,Federal Contract Tower,2,19,4,0,25,0,3,62,0,65,2,22,66,0,90,12,0,12,102
09/07/2009,FLG,AZ,AWP,WE,Federal Contract Tower,2,17,2,3,24,0,9,60,4,73,2,26,62,7,97,16,6,22,119
09/08/2009,FLG,AZ,AWP,WE,Federal Contract Tower,4,9,7,0,20,0,0,0,0,0,4,9,7,0,20,14,0,14,34
09/09/2009,FLG,AZ,AWP,WE,Federal Contract Tower,4,11,1,0,16,0,10,52,1,63,4,21,53,1,79,26,0,26,105
09/10/2009,FLG,AZ,AWP,WE,Federal Contract Tower,4,11,5,0,20,0,16,39,0,55,4,27,44,0,75,30,0,30,105
09/11/2009,FLG,AZ,AWP,WE,Federal Contract Tower,4,13,11,0,28,0,2,59,0,61,4,15,70,0,89,16,0,16,105
09/12/2009,FLG,AZ,AWP,WE,Federal Contract Tower,2,12,9,0,23,0,4,66,14,84,2,16,75,14,107,6,0,6,113
09/13/2009,FLG,AZ,AWP,WE,Federal Contract Tower,4,16,4,0,24,0,4,59,6,69,4,20,63,6,93,29,0,29,122
09/14/2009,FLG,AZ,AWP,WE,Federal Contract Tower,4,18,11,0,33,0,20,42,1,63,4,38,53,1,96,2,0,2,98
09/15/2009,FLG,AZ,AWP,WE,Federal Contract Tower,4,16,13,0,33,0,14,52,1,67,4,30,65,1,100,16,0,16,116
09/16/2009,FLG,AZ,AWP,WE,Federal Contract Tower,4,14,15,1,34,0,10,37,7,54,4,24,52,8,88,16,0,16,104
09/17/2009,FLG,AZ,AWP,WE,Federal Contract Tower,4,12,7,0,23,0,9,40,0,49,4,21,47,0,72,20,0,20,92
09/18/2009,FLG,AZ,AWP,WE,Federal Contract Tower,4,15,4,0,23,0,16,54,0,70,4,31,58,0,93,0,0,0,93
09/19/2009,FLG,AZ,AWP,WE,Federal Contract Tower,2,16,0,0,18,0,14,48,0,62,2,30,48,0,80,0,0,0,80
09/20/2009,FLG,AZ,AWP,WE,Federal Contract Tower,4,14,2,0,20,0,9,50,0,59,4,23,52,0,79,14,0,14,93
09/21/2009,FLG,AZ,AWP,WE,Federal Contract Tower,4,19,8,0,31,0,10,69,3,82,4,29,77,3,113,8,0,8,121
09/22/2009,FLG,AZ,AWP,WE,Federal Contract Tower,4,11,2,0,17,0,6,25,0,31,4,17,27,0,48,0,0,0,48
09/23/2009,FLG,AZ,AWP,WE,Federal Contract Tower,4,12,9,0,25,0,9,52,0,61,4,21,61,0,86,0,0,0,86
09/24/2009,FLG,AZ,AWP,WE,Federal Contract Tower,4,11,8,0,23,0,12,49,0,61,4,23,57,0,84,28,0,28,112
09/25/2009,FLG,AZ,AWP,WE,Federal Contract Tower,5,10,11,2,28,0,6,45,3,54,5,16,56,5,82,0,4,4,86
09/26/2009,FLG,AZ,AWP,WE,Federal Contract Tower,2,9,2,0,13,0,8,63,0,71,2,17,65,0,84,39,0,39,123
09/27/2009,FLG,AZ,AWP,WE,Federal Contract Tower,4,15,6,0,25,0,9,77,3,89,4,24,83,3,114,19,12,31,145
09/28/2009,FLG,AZ,AWP,WE,Federal Contract Tower,4,16,8,0,28,0,8,48,2,58,4,24,56,2,86,18,2,20,106
09/29/2009,FLG,AZ,AWP,WE,Federal Contract Tower,4,11,5,0,20,0,10,53,0,63,4,21,58,0,83,16,0,16,99
09/30/2009,FLG,AZ,AWP,WE,Federal Contract Tower,4,10,4,0,18,0,7,15,0,22,4,17,19,0,40,26,0,26,66
10/01/2009,FLG,AZ,AWP,WE,Federal Contract Tower,4,15,9,0,28,0,10,62,3,75,4,25,71,3,103,26,0,26,129
10/02/2009,FLG,AZ,AWP,WE,Federal Contract Tower,6,17,14,0,37,0,8,42,5,55,6,25,56,5,92,2,0,2,94
10/03/2009,FLG,AZ,AWP,WE,Federal Contract Tower,2,8,8,0,18,0,4,80,1,85,2,12,88,1,103,4,0,4,107
10/04/2009,FLG,AZ,AWP,WE,Federal Contract Tower,4,14,6,0,24,0,2,6,0,8,4,16,12,0,32,0,0,0,32
10/05/2009,FLG,AZ,AWP,WE,Federal Contract Tower,4,16,9,0,29,0,5,37,1,43,4,21,46,1,72,7,0,7,79
10/06/2009,FLG,AZ,AWP,WE,Federal Contract Tower,4,15,8,0,27,0,10,46,5,61,4,25,54,5,88,52,6,58,146
10/07/2009,FLG,AZ,AWP,WE,Federal Contract Tower,4,12,8,1,25,0,13,30,1,44,4,25,38,2,69,20,0,20,89
10/08/2009,FLG,AZ,AWP,WE,Federal Contract Tower,4,9,4,2,19,0,5,44,3,52,4,14,48,5,71,32,6,38,109
10/09/2009,FLG,AZ,AWP,WE,Federal Contract Tower,5,14,12,0,31,0,6,84,5,95,5,20,96,5,126,2,0,2,128
10/10/2009,FLG,AZ,AWP,WE,Federal Contract Tower,3,7,2,0,12,0,6,47,0,53,3,13,49,0,65,18,0,18,83
10/11/2009,FLG,AZ,AWP,WE,Federal Contract Tower,4,15,4,0,23,0,4,50,1,55,4,19,54,1,78,0,0,0,78
10/12/2009,FLG,AZ,AWP,WE,Federal Contract Tower,4,14,4,2,24,0,6,41,5,52,4,20,45,7,76,12,0,12,88
10/13/2009,FLG,AZ,AWP,WE,Federal Contract Tower,4,14,7,0,25,0,8,32,2,42,4,22,39,2,67,0,0,0,67
10/14/2009,FLG,AZ,AWP,WE,Federal Contract Tower,2,13,8,1,24,0,8,42,3,53,2,21,50,4,77,2,4,6,83
10/15/2009,FLG,AZ,AWP,WE,Federal Contract Tower,4,9,2,1,16,0,13,58,1,72,4,22,60,2,88,30,6,36,124
10/16/2009,FLG,AZ,AWP,WE,Federal Contract Tower,4,17,2,0,23,0,7,62,4,73,4,24,64,4,96,19,0,19,115
10/17/2009,FLG,AZ,AWP,WE,Federal Contract Tower,2,3,8,0,13,0,5,52,2,59,2,8,60,2,72,4,0,4,76
10/18/2009,FLG,AZ,AWP,WE,Federal Contract Tower,4,9,6,0,19,0,6,46,0,52,4,15,52,0,71,0,0,0,71
10/19/2009,FLG,AZ,AWP,WE,Federal Contract Tower,4,18,7,3,32,0,6,32,11,49,4,24,39,14,81,0,44,44,125
10/20/2009,FLG,AZ,AWP,WE,Federal Contract Tower,4,17,4,2,27,0,10,42,4,56,4,27,46,6,83,0,0,0,83
10/21/2009,FLG,AZ,AWP,WE,Federal Contract Tower,4,10,6,0,20,0,12,44,0,56,4,22,50,0,76,0,0,0,76
10/22/2009,FLG,AZ,AWP,WE,Federal Contract Tower,4,14,10,0,28,0,6,72,3,81,4,20,82,3,109,22,0,22,131
10/23/2009,FLG,AZ,AWP,WE,Federal Contract Tower,4,12,3,3,22,0,5,52,2,59,4,17,55,5,81,30,4,34,115
10/24/2009,FLG,AZ,AWP,WE,Federal Contract Tower,2,7,3,0,12,0,5,60,4,69,2,12,63,4,81,10,4,14,95
10/25/2009,FLG,AZ,AWP,WE,Federal Contract Tower,4,19,3,0,26,0,7,69,10,86,4,26,72,10,112,18,0,18,130
10/26/2009,FLG,AZ,AWP,WE,Federal Contract Tower,4,12,2,2,20,0,8,54,0,62,4,20,56,2,82,7,4,11,93
10/27/2009,FLG,AZ,AWP,WE,Federal Contract Tower,4,19,5,0,28,0,6,17,0,23,4,25,22,0,51,0,0,0,51
10/28/2009,FLG,AZ,AWP,WE,Federal Contract Tower,4,12,12,0,28,0,1,15,0,16,4,13,27,0,44,0,0,0,44
10/29/2009,FLG,AZ,AWP,WE,Federal Contract Tower,4,13,5,2,24,0,6,27,0,33,4,19,32,2,57,22,0,22,79
10/30/2009,FLG,AZ,AWP,WE,Federal Contract Tower,4,8,6,0,18,0,6,51,2,59,4,14,57,2,77,6,0,6,83
10/31/2009,FLG,AZ,AWP,WE,Federal Contract Tower,1,9,8,0,18,1,3,34,0,38,2,12,42,0,56,24,0,24,80
11/01/2009,FLG,AZ,AWP,WE,Federal Contract Tower,3,12,3,0,18,0,5,49,0,54,3,17,52,0,72,14,0,14,86
11/02/2009,FLG,AZ,AWP,WE,Federal Contract Tower,1,19,11,0,31,0,12,35,0,47,1,31,46,0,78,20,0,20,98
11/03/2009,FLG,AZ,AWP,WE,Federal Contract Tower,3,9,6,1,19,0,10,39,3,52,3,19,45,4,71,2,0,2,73
11/04/2009,FLG,AZ,AWP,WE,Federal Contract Tower,4,10,3,0,17,0,8,47,0,55,4,18,50,0,72,18,0,18,90
11/05/2009,FLG,AZ,AWP,WE,Federal Contract Tower,4,12,3,0,19,0,11,46,1,58,4,23,49,1,77,20,0,20,97
11/06/2009,FLG,AZ,AWP,WE,Federal Contract Tower,5,7,7,0,19,0,10,52,0,62,5,17,59,0,81,4,0,4,85
11/07/2009,FLG,AZ,AWP,WE,Federal Contract Tower,2,11,3,1,17,0,7,23,1,31,2,18,26,2,48,10,0,10,58
11/08/2009,FLG,AZ,AWP,WE,Federal Contract Tower,4,14,9,0,27,0,13,59,0,72,4,27,68,0,99,6,0,6,105
11/09/2009,FLG,AZ,AWP,WE,Federal Contract Tower,4,14,5,1,24,0,14,33,1,48,4,28,38,2,72,12,0,12,84
11/10/2009,FLG,AZ,AWP,WE,Federal Contract Tower,2,15,6,0,23,0,12,37,4,53,2,27,43,4,76,4,0,4,80
11/11/2009,FLG,AZ,AWP,WE,Federal Contract Tower,4,11,2,0,17,0,5,50,1,56,4,16,52,1,73,28,0,28,101
11/12/2009,FLG,AZ,AWP,WE,Federal Contract Tower,3,14,4,0,21,0,3,31,4,38,3,17,35,4,59,26,0,26,85
11/13/2009,FLG,AZ,AWP,WE,Federal Contract Tower,3,19,13,0,35,0,0,0,2,2,3,19,13,2,37,0,0,0,37
11/14/2009,FLG,AZ,AWP,WE,Federal Contract Tower,2,10,11,0,23,0,3,10,2,15,2,13,21,2,38,4,0,4,42
11/15/2009,FLG,AZ,AWP,WE,Federal Contract Tower,4,12,4,0,20,0,3,33,0,36,4,15,37,0,56,4,0,4,60
11/16/2009,FLG,AZ,AWP,WE,Federal Contract Tower,1,12,4,0,17,0,4,41,0,45,1,16,45,0,62,18,0,18,80
11/17/2009,FLG,AZ,AWP,WE,Federal Contract Tower,4,15,6,0,25,0,18,60,5,83,4,33,66,5,108,14,0,14,122
11/18/2009,FLG,AZ,AWP,WE,Federal Contract Tower,6,10,4,0,20,0,0,0,0,0,6,10,4,0,20,12,0,12,32
11/19/2009,FLG,AZ,AWP,WE,Federal Contract Tower,4,10,6,0,20,0,7,37,1,45,4,17,43,1,65,11,0,11,76
11/20/2009,FLG,AZ,AWP,WE,Federal Contract Tower,3,11,6,2,22,0,7,47,3,57,3,18,53,5,79,6,0,6,85
11/21/2009,FLG,AZ,AWP,WE,Federal Contract Tower,2,10,8,3,23,0,7,44,1,52,2,17,52,4,75,43,5,48,123
11/22/2009,FLG,AZ,AWP,WE,Federal Contract Tower,4,12,10,2,28,0,8,62,0,70,4,20,72,2,98,30,0,30,128
11/23/2009,FLG,AZ,AWP,WE,Federal Contract Tower,4,12,6,0,22,0,1,51,5,57,4,13,57,5,79,26,6,32,111
11/24/2009,FLG,AZ,AWP,WE,Federal Contract Tower,2,13,9,0,24,0,6,25,2,33,2,19,34,2,57,13,0,13,70
11/25/2009,FLG,AZ,AWP,WE,Federal Contract Tower,5,12,11,0,28,0,7,65,0,72,5,19,76,0,100,12,0,12,112
11/26/2009,FLG,AZ,AWP,WE,Federal Contract Tower,3,5,2,0,10,0,3,29,0,32,3,8,31,0,42,6,0,6,48
11/27/2009,FLG,AZ,AWP,WE,Federal Contract Tower,2,12,5,0,19,0,5,48,0,53,2,17,53,0,72,31,0,31,103
11/28/2009,FLG,AZ,AWP,WE,Federal Contract Tower,3,7,1,0,11,0,1,46,0,47,3,8,47,0,58,33,0,33,91
11/29/2009,FLG,AZ,AWP,WE,Federal Contract Tower,2,18,10,0,30,0,0,8,0,8,2,18,18,0,38,0,0,0,38
11/30/2009,FLG,AZ,AWP,WE,Federal Contract Tower,3,13,9,0,25,0,3,19,5,27,3,16,28,5,52,0,0,0,52
12/01/2009,FLG,AZ,AWP,WE,Federal Contract Tower,4,16,11,0,31,0,8,41,3,52,4,24,52,3,83,4,0,4,87
12/02/2009,FLG,AZ,AWP,WE,Federal Contract Tower,4,15,8,0,27,0,9,42,9,60,4,24,50,9,87,25,0,25,112
12/03/2009,FLG,AZ,AWP,WE,Federal Contract Tower,4,15,14,9,42,0,45,5,0,50,4,60,19,9,92,10,0,10,102
12/04/2009,FLG,AZ,AWP,WE,Federal Contract Tower,4,12,7,0,23,0,40,2,0,42,4,52,9,0,65,18,0,18,83
12/05/2009,FLG,AZ,AWP,WE,Federal Contract Tower,2,8,5,0,15,0,1,56,0,57,2,9,61,0,72,24,0,24,96
12/06/2009,FLG,AZ,AWP,WE,Federal Contract Tower,3,18,4,0,25,0,2,13,0,15,3,20,17,0,40,0,0,0,40
12/07/2009,FLG,AZ,AWP,WE,Federal Contract Tower,0,3,2,0,5,0,0,0,0,0,0,3,2,0,5,0,0,0,5
12/08/2009,FLG,AZ,AWP,WE,Federal Contract Tower,0,6,2,0,8,0,6,5,0,11,0,12,7,0,19,0,0,0,19
12/09/2009,FLG,AZ,AWP,WE,Federal Contract Tower,3,13,3,0,19,0,13,26,4,43,3,26,29,4,62,2,2,4,66
12/10/2009,FLG,AZ,AWP,WE,Federal Contract Tower,4,14,5,0,23,0,6,44,3,53,4,20,49,3,76,4,0,4,80
12/11/2009,FLG,AZ,AWP,WE,Federal Contract Tower,3,13,8,0,24,0,9,21,0,30,3,22,29,0,54,0,0,0,54
12/12/2009,FLG,AZ,AWP,WE,Federal Contract Tower,2,11,8,0,21,0,0,0,0,0,2,11,8,0,21,0,0,0,21
12/13/2009,FLG,AZ,AWP,WE,Federal Contract Tower,2,5,1,0,8,0,0,2,0,2,2,5,3,0,10,0,0,0,10
12/14/2009,FLG,AZ,AWP,WE,Federal Contract Tower,4,12,5,4,25,0,7,31,6,44,4,19,36,10,69,0,20,20,89
12/15/2009,FLG,AZ,AWP,WE,Federal Contract Tower,3,14,10,0,27,0,11,42,1,54,3,25,52,1,81,2,0,2,83
12/16/2009,FLG,AZ,AWP,WE,Federal Contract Tower,4,10,12,0,26,0,8,49,0,57,4,18,61,0,83,8,0,8,91
12/17/2009,FLG,AZ,AWP,WE,Federal Contract Tower,2,12,8,2,24,0,7,53,0,60,2,19,61,2,84,4,0,4,88
12/18/2009,FLG,AZ,AWP,WE,Federal Contract Tower,2,10,11,2,25,0,5,60,2,67,2,15,71,4,92,46,0,46,138
12/19/2009,FLG,AZ,AWP,WE,Federal Contract Tower,2,14,4,1,21,0,9,45,2,56,2,23,49,3,77,16,0,16,93
12/20/2009,FLG,AZ,AWP,WE,Federal Contract Tower,2,12,3,0,17,0,5,54,0,59,2,17,57,0,76,16,0,16,92
12/21/2009,FLG,AZ,AWP,WE,Federal Contract Tower,2,15,3,0,20,0,14,54,2,70,2,29,57,2,90,8,0,8,98
12/22/2009,FLG,AZ,AWP,WE,Federal Contract Tower,2,6,6,0,14,0,2,3,0,5,2,8,9,0,19,0,0,0,19
12/23/2009,FLG,AZ,AWP,WE,Federal Contract Tower,2,12,5,0,19,0,2,18,0,20,2,14,23,0,39,0,0,0,39
12/24/2009,FLG,AZ,AWP,WE,Federal Contract Tower,2,13,2,0,17,0,6,25,0,31,2,19,27,0,48,10,0,10,58
12/25/2009,FLG,AZ,AWP,WE,Federal Contract Tower,2,9,2,0,13,0,1,19,0,20,2,10,21,0,33,0,0,0,33
12/26/2009,FLG,AZ,AWP,WE,Federal Contract Tower,2,7,2,0,11,0,3,28,0,31,2,10,30,0,42,8,0,8,50
12/27/2009,FLG,AZ,AWP,WE,Federal Contract Tower,2,18,3,0,23,0,6,76,0,82,2,24,79,0,105,16,2,18,123
12/28/2009,FLG,AZ,AWP,WE,Federal Contract Tower,2,13,3,0,18,0,5,22,0,27,2,18,25,0,45,14,0,14,59
12/29/2009,FLG,AZ,AWP,WE,Federal Contract Tower,2,18,11,0,31,0,1,1,0,2,2,19,12,0,33,0,0,0,33
12/30/2009,FLG,AZ,AWP,WE,Federal Contract Tower,2,17,6,0,25,0,0,0,0,0,2,17,6,0,25,0,0,0,25
12/31/2009,FLG,AZ,AWP,WE,Federal Contract Tower,2,13,9,0,24,0,4,54,0,58,2,17,63,0,82,2,0,2,84
01/01/2010,FLG,AZ,AWP,WE,Federal Contract Tower,2,10,0,0,12,0,2,45,0,47,2,12,45,0,59,18,0,18,77
01/02/2010,FLG,AZ,AWP,WE,Federal Contract Tower,2,9,6,0,17,0,3,50,0,53,2,12,56,0,70,15,0,15,85
01/03/2010,FLG,AZ,AWP,WE,Federal Contract Tower,2,12,5,0,19,0,8,64,0,72,2,20,69,0,91,7,0,7,98
01/04/2010,FLG,AZ,AWP,WE,Federal Contract Tower,2,16,2,0,20,0,11,34,3,48,2,27,36,3,68,8,0,8,76
01/05/2010,FLG,AZ,AWP,WE,Federal Contract Tower,0,16,3,0,19,0,4,48,0,52,0,20,51,0,71,22,0,22,93
01/06/2010,FLG,AZ,AWP,WE,Federal Contract Tower,0,11,7,3,21,0,9,24,2,35,0,20,31,5,56,6,4,10,66
01/07/2010,FLG,AZ,AWP,WE,Federal Contract Tower,1,14,6,0,21,0,5,23,0,28,1,19,29,0,49,24,0,24,73
01/08/2010,FLG,AZ,AWP,WE,Federal Contract Tower,2,11,5,0,18,0,8,44,0,52,2,19,49,0,70,10,0,10,80
01/09/2010,FLG,AZ,AWP,WE,Federal Contract Tower,2,11,12,3,28,0,4,39,0,43,2,15,51,3,71,46,4,50,121
01/10/2010,FLG,AZ,AWP,WE,Federal Contract Tower,2,13,6,0,21,0,6,54,0,60,2,19,60,0,81,17,4,21,102
01/11/2010,FLG,AZ,AWP,WE,Federal Contract Tower,0,11,3,4,18,0,5,30,17,52,0,16,33,21,70,4,0,4,74
01/12/2010,FLG,AZ,AWP,WE,Federal Contract Tower,0,16,6,0,22,0,6,36,2,44,0,22,42,2,66,21,0,21,87
01/13/2010,FLG,AZ,AWP,WE,Federal Contract Tower,0,11,5,0,16,0,4,12,2,18,0,15,17,2,34,6,0,6,40
01/14/2010,FLG,AZ,AWP,WE,Federal Contract Tower,2,13,10,0,25,0,3,30,0,33,2,16,40,0,58,0,0,0,58
01/15/2010,FLG,AZ,AWP,WE,Federal Contract Tower,2,9,10,2,23,0,9,42,0,51,2,18,52,2,74,20,0,20,94
01/16/2010,FLG,AZ,AWP,WE,Federal Contract Tower,2,10,13,4,29,0,2,49,2,53,2,12,62,6,82,50,0,50,132
01/17/2010,FLG,AZ,AWP,WE,Federal Contract Tower,2,14,7,0,23,0,6,54,2,62,2,20,61,2,85,20,6,26,111
01/18/2010,FLG,AZ,AWP,WE,Federal Contract Tower,2,8,6,0,16,0,1,1,0,2,2,9,7,0,18,0,0,0,18
01/19/2010,FLG,AZ,AWP,WE,Federal Contract Tower,2,14,14,0,30,0,2,3,0,5,2,16,17,0,35,0,0,0,35
01/20/2010,FLG,AZ,AWP,WE,Federal Contract Tower,2,17,10,0,29,0,5,6,0,11,2,22,16,0,40,0,0,0,40
01/21/2010,FLG,AZ,AWP,WE,Federal Contract Tower,0,0,0,0,0,0,0,0,0,0,0,0,0,0,0,0,0,0,0
01/22/2010,FLG,AZ,AWP,WE,Federal Contract Tower,0,1,0,0,1,0,0,0,0,0,0,1,0,0,1,0,0,0,1
01/23/2010,FLG,AZ,AWP,WE,Federal Contract Tower,2,7,5,1,15,0,1,1,2,4,2,8,6,3,19,0,0,0,19
01/24/2010,FLG,AZ,AWP,WE,Federal Contract Tower,2,17,4,0,23,0,6,53,2,61,2,23,57,2,84,16,0,16,100
01/25/2010,FLG,AZ,AWP,WE,Federal Contract Tower,2,10,8,0,20,0,9,52,5,66,2,19,60,5,86,12,0,12,98
01/26/2010,FLG,AZ,AWP,WE,Federal Contract Tower,0,14,2,2,18,0,15,42,8,65,0,29,44,10,83,0,2,2,85
01/27/2010,FLG,AZ,AWP,WE,Federal Contract Tower,0,14,5,0,19,0,3,3,3,9,0,17,8,3,28,0,0,0,28
01/28/2010,FLG,AZ,AWP,WE,Federal Contract Tower,2,9,8,6,25,0,0,11,5,16,2,9,19,11,41,0,0,0,41
01/29/2010,FLG,AZ,AWP,WE,Federal Contract Tower,2,11,4,0,17,0,0,26,5,31,2,11,30,5,48,8,0,8,56
01/30/2010,FLG,AZ,AWP,WE,Federal Contract Tower,2,8,4,1,15,0,4,29,7,40,2,12,33,8,55,0,0,0,55
01/31/2010,FLG,AZ,AWP,WE,Federal Contract Tower,2,13,7,0,22,0,4,40,7,51,2,17,47,7,73,3,18,21,94
02/01/2010,FLG,AZ,AWP,WE,Federal Contract Tower,2,13,3,0,18,0,14,39,2,55,2,27,42,2,73,8,0,8,81
02/02/2010,FLG,AZ,AWP,WE,Federal Contract Tower,0,18,1,0,19,0,12,44,0,56,0,30,45,0,75,69,0,69,144
02/03/2010,FLG,AZ,AWP,WE,Federal Contract Tower,0,10,3,2,15,0,3,19,0,22,0,13,22,2,37,5,0,5,42
02/04/2010,FLG,AZ,AWP,WE,Federal Contract Tower,2,14,6,0,22,0,5,22,0,27,2,19,28,0,49,12,0,12,61
02/05/2010,FLG,AZ,AWP,WE,Federal Contract Tower,2,12,11,0,25,0,1,22,4,27,2,13,33,4,52,18,0,18,70
02/06/2010,FLG,AZ,AWP,WE,Federal Contract Tower,2,8,3,0,13,0,0,5,0,5,2,8,8,0,18,8,0,8,26
02/07/2010,FLG,AZ,AWP,WE,Federal Contract Tower,2,9,7,0,18,0,0,1,0,1,2,9,8,0,19,2,0,2,21
02/08/2010,FLG,AZ,AWP,WE,Federal Contract Tower,2,13,6,0,21,0,0,7,0,7,2,13,13,0,28,10,0,10,38
02/09/2010,FLG,AZ,AWP,WE,Federal Contract Tower,0,17,7,3,27,0,5,4,1,10,0,22,11,4,37,10,0,10,47
02/10/2010,FLG,AZ,AWP,WE,Federal Contract Tower,0,13,4,0,17,0,1,2,0,3,0,14,6,0,20,0,0,0,20
02/11/2010,FLG,AZ,AWP,WE,Federal Contract Tower,2,10,10,0,22,0,7,66,4,77,2,17,76,4,99,4,4,8,107
02/12/2010,FLG,AZ,AWP,WE,Federal Contract Tower,2,10,2,0,14,0,6,40,2,48,2,16,42,2,62,6,0,6,68
02/13/2010,FLG,AZ,AWP,WE,Federal Contract Tower,2,11,11,0,24,0,10,57,0,67,2,21,68,0,91,34,0,34,125
02/14/2010,FLG,AZ,AWP,WE,Federal Contract Tower,2,11,5,0,18,0,8,59,0,67,2,19,64,0,85,0,0,0,85
02/15/2010,FLG,AZ,AWP,WE,Federal Contract Tower,2,11,7,0,20,0,8,52,2,62,2,19,59,2,82,24,0,24,106
02/16/2010,FLG,AZ,AWP,WE,Federal Contract Tower,2,12,7,0,21,0,13,44,4,61,2,25,51,4,82,4,0,4,86
02/17/2010,FLG,AZ,AWP,WE,Federal Contract Tower,4,9,3,0,16,0,16,25,0,41,4,25,28,0,57,0,0,0,57
02/18/2010,FLG,AZ,AWP,WE,Federal Contract Tower,2,10,3,0,15,0,4,44,0,48,2,14,47,0,63,53,0,53,116
02/19/2010,FLG,AZ,AWP,WE,Federal Contract Tower,2,13,6,0,21,0,7,48,2,57,2,20,54,2,78,15,2,17,95
02/20/2010,FLG,AZ,AWP,WE,Federal Contract Tower,2,8,4,0,14,0,1,2,0,3,2,9,6,0,17,0,0,0,17
02/21/2010,FLG,AZ,AWP,WE,Federal Contract Tower,2,15,6,0,23,0,0,0,0,0,2,15,6,0,23,0,0,0,23
02/22/2010,FLG,AZ,AWP,WE,Federal Contract Tower,2,8,3,0,13,0,0,0,0,0,2,8,3,0,13,0,0,0,13
02/23/2010,FLG,AZ,AWP,WE,Federal Contract Tower,2,13,2,1,18,0,5,44,2,51,2,18,46,3,69,0,0,0,69
02/24/2010,FLG,AZ,AWP,WE,Federal Contract Tower,2,10,7,2,21,0,7,18,0,25,2,17,25,2,46,18,0,18,64
02/25/2010,FLG,AZ,AWP,WE,Federal Contract Tower,2,12,4,2,20,0,7,47,2,56,2,19,51,4,76,10,12,22,98
02/26/2010,FLG,AZ,AWP,WE,Federal Contract Tower,2,11,2,2,17,0,13,49,5,67,2,24,51,7,84,36,24,60,144
02/27/2010,FLG,AZ,AWP,WE,Federal Contract Tower,2,11,4,0,17,0,3,40,5,48,2,14,44,5,65,4,0,4,69
02/28/2010,FLG,AZ,AWP,WE,Federal Contract Tower,2,10,2,0,14,0,0,3,0,3,2,10,5,0,17,0,0,0,17
03/01/2010,FLG,AZ,AWP,WE,Federal Contract Tower,2,11,4,0,17,0,5,39,0,44,2,16,43,0,61,32,0,32,93
03/02/2010,FLG,AZ,AWP,WE,Federal Contract Tower,2,13,8,0,23,0,15,57,0,72,2,28,65,0,95,23,0,23,118
03/03/2010,FLG,AZ,AWP,WE,Federal Contract Tower,2,14,5,1,22,0,10,50,4,64,2,24,55,5,86,4,0,4,90
03/04/2010,FLG,AZ,AWP,WE,Federal Contract Tower,2,13,8,0,23,0,14,0,0,14,2,27,8,0,37,2,0,2,39
03/05/2010,FLG,AZ,AWP,WE,Federal Contract Tower,2,9,5,0,16,0,5,56,4,65,2,14,61,4,81,8,0,8,89
03/06/2010,FLG,AZ,AWP,WE,Federal Contract Tower,2,10,1,0,13,0,11,35,1,47,2,21,36,1,60,9,0,9,69
03/07/2010,FLG,AZ,AWP,WE,Federal Contract Tower,2,7,3,0,12,0,0,2,0,2,2,7,5,0,14,0,0,0,14
03/08/2010,FLG,AZ,AWP,WE,Federal Contract Tower,2,10,5,0,17,0,2,6,0,8,2,12,11,0,25,0,0,0,25
03/09/2010,FLG,AZ,AWP,WE,Federal Contract Tower,0,4,5,0,9,0,0,0,0,0,0,4,5,0,9,0,0,0,9
03/10/2010,FLG,AZ,AWP,WE,Federal Contract Tower,0,14,11,0,25,0,0,0,0,0,0,14,11,0,25,2,0,2,27
03/11/2010,FLG,AZ,AWP,WE,Federal Contract Tower,2,7,7,0,16,0,6,45,0,51,2,13,52,0,67,8,0,8,75
03/12/2010,FLG,AZ,AWP,WE,Federal Contract Tower,3,10,6,1,20,0,2,69,3,74,3,12,75,4,94,18,0,18,112
03/13/2010,FLG,AZ,AWP,WE,Federal Contract Tower,2,9,6,2,19,0,6,44,0,50,2,15,50,2,69,30,0,30,99
03/14/2010,FLG,AZ,AWP,WE,Federal Contract Tower,2,11,8,0,21,0,4,34,2,40,2,15,42,2,61,18,0,18,79
03/15/2010,FLG,AZ,AWP,WE,Federal Contract Tower,2,13,4,0,19,0,7,35,0,42,2,20,39,0,61,4,0,4,65
03/16/2010,FLG,AZ,AWP,WE,Federal Contract Tower,2,17,9,0,28,0,9,56,4,69,2,26,65,4,97,28,0,28,125
03/17/2010,FLG,AZ,AWP,WE,Federal Contract Tower,3,16,14,0,33,0,12,56,0,68,3,28,70,0,101,2,0,2,103
03/18/2010,FLG,AZ,AWP,WE,Federal Contract Tower,2,11,6,0,19,0,7,54,2,63,2,18,60,2,82,16,0,16,98
03/19/2010,FLG,AZ,AWP,WE,Federal Contract Tower,2,15,6,0,23,0,2,45,0,47,2,17,51,0,70,4,0,4,74
03/20/2010,FLG,AZ,AWP,WE,Federal Contract Tower,2,16,4,0,22,0,11,39,4,54,2,27,43,4,76,4,0,4,80
03/21/2010,FLG,AZ,AWP,WE,Federal Contract Tower,2,13,9,0,24,0,14,69,1,84,2,27,78,1,108,30,0,30,138
03/22/2010,FLG,AZ,AWP,WE,Federal Contract Tower,2,13,4,0,19,0,5,48,0,53,2,18,52,0,72,12,0,12,84
03/23/2010,FLG,AZ,AWP,WE,Federal Contract Tower,2,17,7,0,26,0,4,19,0,23,2,21,26,0,49,8,0,8,57
03/24/2010,FLG,AZ,AWP,WE,Federal Contract Tower,2,8,11,0,21,0,4,46,0,50,2,12,57,0,71,30,0,30,101
03/25/2010,FLG,AZ,AWP,WE,Federal Contract Tower,2,9,1,0,12,0,5,44,1,50,2,14,45,1,62,6,0,6,68
03/26/2010,FLG,AZ,AWP,WE,Federal Contract Tower,2,9,6,0,17,0,6,36,1,43,2,15,42,1,60,6,0,6,66
03/27/2010,FLG,AZ,AWP,WE,Federal Contract Tower,2,9,0,0,11,0,7,35,2,44,2,16,35,2,55,32,0,32,87
03/28/2010,FLG,AZ,AWP,WE,Federal Contract Tower,2,14,6,0,22,0,9,62,1,72,2,23,68,1,94,4,0,4,98
03/29/2010,FLG,AZ,AWP,WE,Federal Contract Tower,2,13,5,0,20,0,8,49,0,57,2,21,54,0,77,32,0,32,109
03/30/2010,FLG,AZ,AWP,WE,Federal Contract Tower,2,13,5,0,20,0,10,39,2,51,2,23,44,2,71,0,0,0,71
03/31/2010,FLG,AZ,AWP,WE,Federal Contract Tower,2,9,0,0,11,0,4,6,0,10,2,13,6,0,21,0,0,0,21
04/01/2010,FLG,AZ,AWP,WE,Federal Contract Tower,2,19,6,0,27,0,7,17,0,24,2,26,23,0,51,0,0,0,51
04/02/2010,FLG,AZ,AWP,WE,Federal Contract Tower,2,9,7,0,18,0,9,64,0,73,2,18,71,0,91,6,0,6,97
04/03/2010,FLG,AZ,AWP,WE,Federal Contract Tower,2,17,6,0,25,0,8,55,0,63,2,25,61,0,88,29,0,29,117
04/04/2010,FLG,AZ,AWP,WE,Federal Contract Tower,2,15,4,0,21,0,9,27,1,37,2,24,31,1,58,2,0,2,60
04/05/2010,FLG,AZ,AWP,WE,Federal Contract Tower,4,18,6,0,28,0,2,18,0,20,4,20,24,0,48,0,0,0,48
04/06/2010,FLG,AZ,AWP,WE,Federal Contract Tower,2,10,8,0,20,0,8,40,5,53,2,18,48,5,73,4,0,4,77
04/07/2010,FLG,AZ,AWP,WE,Federal Contract Tower,2,10,11,2,25,0,5,35,2,42,2,15,46,4,67,8,0,8,75
04/08/2010,FLG,AZ,AWP,WE,Federal Contract Tower,2,9,5,0,16,0,6,67,0,73,2,15,72,0,89,8,0,8,97
04/09/2010,FLG,AZ,AWP,WE,Federal Contract Tower,2,13,5,2,22,0,5,49,4,58,2,18,54,6,80,6,0,6,86
04/10/2010,FLG,AZ,AWP,WE,Federal Contract Tower,2,16,4,2,24,0,5,54,8,67,2,21,58,10,91,40,2,42,133
04/11/2010,FLG,AZ,AWP,WE,Federal Contract Tower,2,15,0,2,19,0,5,48,1,54,2,20,48,3,73,16,0,16,89
04/12/2010,FLG,AZ,AWP,WE,Federal Contract Tower,2,19,8,0,29,0,6,32,0,38,2,25,40,0,67,0,0,0,67
04/13/2010,FLG,AZ,AWP,WE,Federal Contract Tower,2,10,9,2,23,0,4,35,2,41,2,14,44,4,64,26,0,26,90
04/14/2010,FLG,AZ,AWP,WE,Federal Contract Tower,2,12,3,0,17,0,16,33,0,49,2,28,36,0,66,26,0,26,92
04/15/2010,FLG,AZ,AWP,WE,Federal Contract Tower,2,9,8,3,22,0,8,71,0,79,2,17,79,3,101,45,0,45,146
04/16/2010,FLG,AZ,AWP,WE,Federal Contract Tower,2,12,12,0,26,0,5,67,0,72,2,17,79,0,98,14,0,14,112
04/17/2010,FLG,AZ,AWP,WE,Federal Contract Tower,2,7,5,0,14,0,6,49,1,56,2,13,54,1,70,39,0,39,109
04/18/2010,FLG,AZ,AWP,WE,Federal Contract Tower,2,13,10,0,25,0,5,59,1,65,2,18,69,1,90,8,0,8,98
04/19/2010,FLG,AZ,AWP,WE,Federal Contract Tower,2,16,8,0,26,0,6,36,0,42,2,22,44,0,68,18,0,18,86
04/20/2010,FLG,AZ,AWP,WE,Federal Contract Tower,2,12,7,0,21,0,8,33,0,41,2,20,40,0,62,10,0,10,72
04/21/2010,FLG,AZ,AWP,WE,Federal Contract Tower,2,16,6,0,24,0,0,4,0,4,2,16,10,0,28,0,0,0,28
04/22/2010,FLG,AZ,AWP,WE,Federal Contract Tower,2,16,8,2,28,0,5,18,0,23,2,21,26,2,51,6,0,6,57
04/23/2010,FLG,AZ,AWP,WE,Federal Contract Tower,2,17,10,1,30,0,6,22,0,28,2,23,32,1,58,0,0,0,58
04/24/2010,FLG,AZ,AWP,WE,Federal Contract Tower,1,12,8,1,22,1,9,61,7,78,2,21,69,8,100,21,6,27,127
04/25/2010,FLG,AZ,AWP,WE,Federal Contract Tower,2,15,3,0,20,0,2,48,1,51,2,17,51,1,71,36,0,36,107
04/26/2010,FLG,AZ,AWP,WE,Federal Contract Tower,2,15,8,0,25,0,16,41,1,58,2,31,49,1,83,34,0,34,117
04/27/2010,FLG,AZ,AWP,WE,Federal Contract Tower,2,12,7,0,21,0,13,41,2,56,2,25,48,2,77,10,0,10,87
04/28/2010,FLG,AZ,AWP,WE,Federal Contract Tower,0,10,3,1,14,0,6,14,0,20,0,16,17,1,34,0,0,0,34
04/29/2010,FLG,AZ,AWP,WE,Federal Contract Tower,2,13,8,0,23,0,8,4,0,12,2,21,12,0,35,0,0,0,35
04/30/2010,FLG,AZ,AWP,WE,Federal Contract Tower,2,18,10,0,30,0,4,51,0,55,2,22,61,0,85,30,0,30,115
05/01/2010,FLG,AZ,AWP,WE,Federal Contract Tower,2,13,6,0,21,0,5,47,4,56,2,18,53,4,77,14,4,18,95
05/02/2010,FLG,AZ,AWP,WE,Federal Contract Tower,2,14,6,0,22,0,6,9,0,15,2,20,15,0,37,0,0,0,37
05/03/2010,FLG,AZ,AWP,WE,Federal Contract Tower,2,17,5,0,24,0,6,26,0,32,2,23,31,0,56,0,0,0,56
05/04/2010,FLG,AZ,AWP,WE,Federal Contract Tower,2,12,6,0,20,0,25,59,2,86,2,37,65,2,106,24,0,24,130
05/05/2010,FLG,AZ,AWP,WE,Federal Contract Tower,2,11,7,0,20,0,5,32,0,37,2,16,39,0,57,14,0,14,71
05/06/2010,FLG,AZ,AWP,WE,Federal Contract Tower,2,15,15,0,32,0,6,57,0,63,2,21,72,0,95,4,0,4,99
05/07/2010,FLG,AZ,AWP,WE,Federal Contract Tower,2,19,14,0,35,0,13,48,1,62,2,32,62,1,97,10,0,10,107
05/08/2010,FLG,AZ,AWP,WE,Federal Contract Tower,3,9,8,0,20,0,3,40,0,43,3,12,48,0,63,30,0,30,93
05/09/2010,FLG,AZ,AWP,WE,Federal Contract Tower,2,16,10,0,28,0,5,36,0,41,2,21,46,0,69,20,0,20,89
05/10/2010,FLG,AZ,AWP,WE,Federal Contract Tower,2,19,6,0,27,0,10,38,0,48,2,29,44,0,75,0,0,0,75
05/11/2010,FLG,AZ,AWP,WE,Federal Contract Tower,2,12,1,0,15,0,6,12,0,18,2,18,13,0,33,0,0,0,33
05/12/2010,FLG,AZ,AWP,WE,Federal Contract Tower,2,14,8,0,24,0,9,30,0,39,2,23,38,0,63,4,0,4,67
05/13/2010,FLG,AZ,AWP,WE,Federal Contract Tower,2,10,11,0,23,0,11,29,1,41,2,21,40,1,64,19,0,19,83
05/14/2010,FLG,AZ,AWP,WE,Federal Contract Tower,2,15,6,1,24,0,4,42,4,50,2,19,48,5,74,22,0,22,96
05/15/2010,FLG,AZ,AWP,WE,Federal Contract Tower,2,11,5,2,20,0,3,98,3,104,2,14,103,5,124,164,6,170,294
05/16/2010,FLG,AZ,AWP,WE,Federal Contract Tower,2,25,7,2,36,0,5,63,14,82,2,30,70,16,118,16,0,16,134
05/17/2010,FLG,AZ,AWP,WE,Federal Contract Tower,2,20,4,0,26,0,13,37,0,50,2,33,41,0,76,4,4,8,84
05/18/2010,FLG,AZ,AWP,WE,Federal Contract Tower,2,15,2,0,19,0,18,33,0,51,2,33,35,0,70,10,0,10,80
05/19/2010,FLG,AZ,AWP,WE,Federal Contract Tower,2,16,9,0,27,0,9,47,3,59,2,25,56,3,86,6,4,10,96
05/20/2010,FLG,AZ,AWP,WE,Federal Contract Tower,2,17,2,0,21,0,7,64,1,72,2,24,66,1,93,32,2,34,127
05/21/2010,FLG,AZ,AWP,WE,Federal Contract Tower,2,15,9,0,26,0,9,37,0,46,2,24,46,0,72,12,0,12,84
05/22/2010,FLG,AZ,AWP,WE,Federal Contract Tower,2,12,6,0,20,0,6,13,2,21,2,18,19,2,41,0,0,0,41
05/23/2010,FLG,AZ,AWP,WE,Federal Contract Tower,2,18,8,0,28,0,5,10,0,15,2,23,18,0,43,0,0,0,43
05/24/2010,FLG,AZ,AWP,WE,Federal Contract Tower,2,22,14,0,38,0,9,64,0,73,2,31,78,0,111,42,0,42,153
05/25/2010,FLG,AZ,AWP,WE,Federal Contract Tower,2,16,8,0,26,0,14,66,4,84,2,30,74,4,110,38,2,40,150
05/26/2010,FLG,AZ,AWP,WE,Federal Contract Tower,2,17,5,0,24,0,13,75,4,92,2,30,80,4,116,16,0,16,132
05/27/2010,FLG,AZ,AWP,WE,Federal Contract Tower,2,16,9,0,27,0,6,41,0,47,2,22,50,0,74,58,0,58,132
05/28/2010,FLG,AZ,AWP,WE,Federal Contract Tower,2,13,13,2,30,0,12,71,4,87,2,25,84,6,117,16,0,16,133
05/29/2010,FLG,AZ,AWP,WE,Federal Contract Tower,2,15,3,0,20,0,8,42,1,51,2,23,45,1,71,4,0,4,75
05/30/2010,FLG,AZ,AWP,WE,Federal Contract Tower,2,19,5,0,26,0,12,52,2,66,2,31,57,2,92,0,0,0,92
05/31/2010,FLG,AZ,AWP,WE,Federal Contract Tower,2,20,8,0,30,0,7,56,0,63,2,27,64,0,93,24,0,24,117
06/01/2010,FLG,AZ,AWP,WE,Federal Contract Tower,2,19,10,0,31,0,13,62,0,75,2,32,72,0,106,2,0,2,108
06/02/2010,FLG,AZ,AWP,WE,Federal Contract Tower,2,18,5,0,25,0,10,41,0,51,2,28,46,0,76,28,0,28,104
06/03/2010,FLG,AZ,AWP,WE,Federal Contract Tower,2,12,16,0,30,0,7,74,0,81,2,19,90,0,111,14,0,14,125
06/04/2010,FLG,AZ,AWP,WE,Federal Contract Tower,2,12,11,0,25,0,7,65,0,72,2,19,76,0,97,14,0,14,111
06/05/2010,FLG,AZ,AWP,WE,Federal Contract Tower,2,13,8,0,23,0,11,44,2,57,2,24,52,2,80,12,0,12,92
06/06/2010,FLG,AZ,AWP,WE,Federal Contract Tower,2,14,3,0,19,0,9,53,0,62,2,23,56,0,81,16,0,16,97
06/07/2010,FLG,AZ,AWP,WE,Federal Contract Tower,4,11,2,0,17,0,9,39,0,48,4,20,41,0,65,0,0,0,65
06/08/2010,FLG,AZ,AWP,WE,Federal Contract Tower,2,11,9,2,24,0,9,44,0,53,2,20,53,2,77,0,0,0,77
06/09/2010,FLG,AZ,AWP,WE,Federal Contract Tower,2,18,6,0,26,0,24,62,0,86,2,42,68,0,112,16,0,16,128
06/10/2010,FLG,AZ,AWP,WE,Federal Contract Tower,2,18,4,0,24,0,9,47,4,60,2,27,51,4,84,24,2,26,110
06/11/2010,FLG,AZ,AWP,WE,Federal Contract Tower,2,14,7,0,23,0,6,44,0,50,2,20,51,0,73,38,0,38,111
06/12/2010,FLG,AZ,AWP,WE,Federal Contract Tower,2,17,9,0,28,0,11,26,0,37,2,28,35,0,65,6,0,6,71
06/13/2010,FLG,AZ,AWP,WE,Federal Contract Tower,2,24,9,0,35,1,8,81,0,90,3,32,90,0,125,36,0,36,161
06/14/2010,FLG,AZ,AWP,WE,Federal Contract Tower,2,19,8,0,29,0,15,48,0,63,2,34,56,0,92,66,0,66,158
06/15/2010,FLG,AZ,AWP,WE,Federal Contract Tower,2,18,5,0,25,0,11,50,0,61,2,29,55,0,86,18,0,18,104
06/16/2010,FLG,AZ,AWP,WE,Federal Contract Tower,2,13,4,0,19,0,8,48,0,56,2,21,52,0,75,24,0,24,99
06/17/2010,FLG,AZ,AWP,WE,Federal Contract Tower,2,14,12,1,29,0,9,80,0,89,2,23,92,1,118,46,0,46,164
06/18/2010,FLG,AZ,AWP,WE,Federal Contract Tower,2,15,10,1,28,0,11,80,2,93,2,26,90,3,121,48,0,48,169
06/19/2010,FLG,AZ,AWP,WE,Federal Contract Tower,2,12,9,0,23,0,8,51,1,60,2,20,60,1,83,16,0,16,99
06/20/2010,FLG,AZ,AWP,WE,Federal Contract Tower,2,13,8,0,23,0,2,103,0,105,2,15,111,0,128,8,0,8,136
06/21/2010,FLG,AZ,AWP,WE,Federal Contract Tower,2,15,6,0,23,0,2,100,1,103,2,17,106,1,126,26,0,26,152
06/22/2010,FLG,AZ,AWP,WE,Federal Contract Tower,4,16,3,0,23,0,10,109,0,119,4,26,112,0,142,3,0,3,145
06/23/2010,FLG,AZ,AWP,WE,Federal Contract Tower,3,12,4,0,19,0,5,86,0,91,3,17,90,0,110,18,2,20,130
06/24/2010,FLG,AZ,AWP,WE,Federal Contract Tower,6,13,2,0,21,0,6,102,0,108,6,19,104,0,129,40,0,40,169
06/25/2010,FLG,AZ,AWP,WE,Federal Contract Tower,3,17,5,1,26,0,7,78,3,88,3,24,83,4,114,71,0,71,185
06/26/2010,FLG,AZ,AWP,WE,Federal Contract Tower,6,8,2,0,16,0,3,47,1,51,6,11,49,1,67,40,0,40,107
06/27/2010,FLG,AZ,AWP,WE,Federal Contract Tower,3,11,4,0,18,0,2,56,0,58,3,13,60,0,76,2,0,2,78
06/28/2010,FLG,AZ,AWP,WE,Federal Contract Tower,2,17,3,1,23,0,13,53,1,67,2,30,56,2,90,26,0,26,116
06/29/2010,FLG,AZ,AWP,WE,Federal Contract Tower,2,19,5,0,26,0,9,32,0,41,2,28,37,0,67,15,0,15,82
06/30/2010,FLG,AZ,AWP,WE,Federal Contract Tower,2,19,6,0,27,0,17,45,1,63,2,36,51,1,90,20,0,20,110
07/01/2010,FLG,AZ,AWP,WE,Federal Contract Tower,4,14,6,0,24,0,9,57,4,70,4,23,63,4,94,30,0,30,124
07/02/2010,FLG,AZ,AWP,WE,Federal Contract Tower,6,12,7,0,25,0,6,72,14,92,6,18,79,14,117,2,0,2,119
07/03/2010,FLG,AZ,AWP,WE,Federal Contract Tower,2,10,2,0,14,0,8,39,1,48,2,18,41,1,62,6,0,6,68
07/04/2010,FLG,AZ,AWP,WE,Federal Contract Tower,2,14,6,0,22,0,9,76,2,87,2,23,82,2,109,2,0,2,111
07/05/2010,FLG,AZ,AWP,WE,Federal Contract Tower,2,15,5,0,22,0,13,59,2,74,2,28,64,2,96,6,0,6,102
07/06/2010,FLG,AZ,AWP,WE,Federal Contract Tower,2,15,3,0,20,0,10,39,1,50,2,25,42,1,70,5,2,7,77
07/07/2010,FLG,AZ,AWP,WE,Federal Contract Tower,2,13,6,2,23,0,9,48,0,57,2,22,54,2,80,14,0,14,94
07/08/2010,FLG,AZ,AWP,WE,Federal Contract Tower,2,13,6,2,23,0,8,61,0,69,2,21,67,2,92,49,0,49,141
07/09/2010,FLG,AZ,AWP,WE,Federal Contract Tower,2,16,5,3,26,0,6,54,2,62,2,22,59,5,88,22,6,28,116
07/10/2010,FLG,AZ,AWP,WE,Federal Contract Tower,2,13,0,0,15,0,7,36,0,43,2,20,36,0,58,14,0,14,72
07/11/2010,FLG,AZ,AWP,WE,Federal Contract Tower,2,16,7,0,25,0,10,65,4,79,2,26,72,4,104,24,19,43,147
07/12/2010,FLG,AZ,AWP,WE,Federal Contract Tower,2,16,7,0,25,0,6,32,0,38,2,22,39,0,63,16,0,16,79
07/13/2010,FLG,AZ,AWP,WE,Federal Contract Tower,2,17,6,0,25,0,10,47,11,68,2,27,53,11,93,0,0,0,93
07/14/2010,FLG,AZ,AWP,WE,Federal Contract Tower,2,16,8,0,26,0,10,49,22,81,2,26,57,22,107,0,0,0,107
07/15/2010,FLG,AZ,AWP,WE,Federal Contract Tower,2,17,8,0,27,0,14,51,11,76,2,31,59,11,103,24,0,24,127
07/16/2010,FLG,AZ,AWP,WE,Federal Contract Tower,2,15,5,2,24,0,14,44,5,63,2,29,49,7,87,12,0,12,99
07/17/2010,FLG,AZ,AWP,WE,Federal Contract Tower,2,19,2,0,23,0,12,49,0,61,2,31,51,0,84,12,0,12,96
07/18/2010,FLG,AZ,AWP,WE,Federal Contract Tower,0,21,4,0,25,0,8,68,1,77,0,29,72,1,102,10,0,10,112
07/19/2010,FLG,AZ,AWP,WE,Federal Contract Tower,2,20,13,0,35,0,12,49,1,62,2,32,62,1,97,32,0,32,129
07/20/2010,FLG,AZ,AWP,WE,Federal Contract Tower,2,19,4,0,25,0,13,50,0,63,2,32,54,0,88,30,0,30,118
07/21/2010,FLG,AZ,AWP,WE,Federal Contract Tower,4,12,2,0,18,0,7,37,0,44,4,19,39,0,62,17,0,17,79
07/22/2010,FLG,AZ,AWP,WE,Federal Contract Tower,2,19,11,0,32,0,2,35,0,37,2,21,46,0,69,30,0,30,99
07/23/2010,FLG,AZ,AWP,WE,Federal Contract Tower,2,15,11,1,29,0,4,42,0,46,2,19,53,1,75,6,0,6,81
07/24/2010,FLG,AZ,AWP,WE,Federal Contract Tower,2,16,5,1,24,0,20,61,1,82,2,36,66,2,106,16,0,16,122
07/25/2010,FLG,AZ,AWP,WE,Federal Contract Tower,1,8,3,0,12,0,7,34,6,47,1,15,37,6,59,26,0,26,85
07/26/2010,FLG,AZ,AWP,WE,Federal Contract Tower,4,14,5,0,23,0,9,52,0,61,4,23,57,0,84,16,0,16,100
07/27/2010,FLG,AZ,AWP,WE,Federal Contract Tower,2,20,4,0,26,0,8,39,8,55,2,28,43,8,81,12,0,12,93
07/28/2010,FLG,AZ,AWP,WE,Federal Contract Tower,2,18,8,0,28,0,8,31,0,39,2,26,39,0,67,8,0,8,75
07/29/2010,FLG,AZ,AWP,WE,Federal Contract Tower,2,19,10,0,31,0,6,47,3,56,2,25,57,3,87,31,0,31,118
07/30/2010,FLG,AZ,AWP,WE,Federal Contract Tower,3,19,10,0,32,0,6,47,2,55,3,25,57,2,87,32,0,32,119
07/31/2010,FLG,AZ,AWP,WE,Federal Contract Tower,2,20,10,4,36,0,9,16,0,25,2,29,26,4,61,0,0,0,61
08/01/2010,FLG,AZ,AWP,WE,Federal Contract Tower,2,19,10,4,35,0,0,0,0,0,2,19,10,4,35,0,0,0,35
08/02/2010,FLG,AZ,AWP,WE,Federal Contract Tower,2,21,16,2,41,0,2,21,0,23,2,23,37,2,64,14,0,14,78
08/03/2010,FLG,AZ,AWP,WE,Federal Contract Tower,2,16,1,0,19,0,14,48,1,63,2,30,49,1,82,20,0,20,102
08/04/2010,FLG,AZ,AWP,WE,Federal Contract Tower,2,12,6,0,20,0,16,36,0,52,2,28,42,0,72,28,0,28,100
08/05/2010,FLG,AZ,AWP,WE,Federal Contract Tower,2,21,13,0,36,0,7,64,3,74,2,28,77,3,110,26,0,26,136
08/06/2010,FLG,AZ,AWP,WE,Federal Contract Tower,2,14,11,0,27,0,8,81,3,92,2,22,92,3,119,12,0,12,131
08/07/2010,FLG,AZ,AWP,WE,Federal Contract Tower,3,23,7,2,35,0,2,3,1,6,3,25,10,3,41,0,8,8,49
08/08/2010,FLG,AZ,AWP,WE,Federal Contract Tower,2,15,18,0,35,0,7,56,0,63,2,22,74,0,98,21,24,45,143
08/09/2010,FLG,AZ,AWP,WE,Federal Contract Tower,2,20,2,0,24,0,6,53,2,61,2,26,55,2,85,12,0,12,97
08/10/2010,FLG,AZ,AWP,WE,Federal Contract Tower,3,12,1,1,17,0,7,54,3,64,3,19,55,4,81,2,0,2,83
08/11/2010,FLG,AZ,AWP,WE,Federal Contract Tower,2,16,5,0,23,0,14,66,2,82,2,30,71,2,105,20,6,26,131
08/12/2010,FLG,AZ,AWP,WE,Federal Contract Tower,4,17,2,0,23,0,14,64,6,84,4,31,66,6,107,14,0,14,121
08/13/2010,FLG,AZ,AWP,WE,Federal Contract Tower,2,22,15,2,41,0,6,62,3,71,2,28,77,5,112,13,2,15,127
08/14/2010,FLG,AZ,AWP,WE,Federal Contract Tower,2,14,7,0,23,0,11,59,2,72,2,25,66,2,95,12,0,12,107
08/15/2010,FLG,AZ,AWP,WE,Federal Contract Tower,2,17,6,1,26,0,4,60,1,65,2,21,66,2,91,34,0,34,125
08/16/2010,FLG,AZ,AWP,WE,Federal Contract Tower,2,17,5,0,24,0,6,49,1,56,2,23,54,1,80,25,0,25,105
08/17/2010,FLG,AZ,AWP,WE,Federal Contract Tower,2,14,10,0,26,0,20,42,2,64,2,34,52,2,90,15,0,15,105
08/18/2010,FLG,AZ,AWP,WE,Federal Contract Tower,2,14,6,0,22,0,9,47,2,58,2,23,53,2,80,12,0,12,92
08/19/2010,FLG,AZ,AWP,WE,Federal Contract Tower,2,16,7,0,25,0,9,79,0,88,2,25,86,0,113,23,0,23,136
08/20/2010,FLG,AZ,AWP,WE,Federal Contract Tower,2,15,8,1,26,0,5,67,3,75,2,20,75,4,101,16,0,16,117
08/21/2010,FLG,AZ,AWP,WE,Federal Contract Tower,2,17,13,4,36,0,12,45,2,59,2,29,58,6,95,6,4,10,105
08/22/2010,FLG,AZ,AWP,WE,Federal Contract Tower,0,18,7,1,26,0,0,52,0,52,0,18,59,1,78,20,0,20,98
08/23/2010,FLG,AZ,AWP,WE,Federal Contract Tower,2,14,4,0,20,0,6,43,0,49,2,20,47,0,69,48,0,48,117
08/24/2010,FLG,AZ,AWP,WE,Federal Contract Tower,0,15,5,0,20,0,4,44,0,48,0,19,49,0,68,10,0,10,78
08/25/2010,FLG,AZ,AWP,WE,Federal Contract Tower,0,15,6,0,21,0,10,62,1,73,0,25,68,1,94,18,0,18,112
08/26/2010,FLG,AZ,AWP,WE,Federal Contract Tower,0,17,8,0,25,0,6,76,1,83,0,23,84,1,108,13,0,13,121
08/27/2010,FLG,AZ,AWP,WE,Federal Contract Tower,0,16,11,5,32,0,12,60,8,80,0,28,71,13,112,6,0,6,118
08/28/2010,FLG,AZ,AWP,WE,Federal Contract Tower,0,16,14,1,31,0,7,44,5,56,0,23,58,6,87,0,2,2,89
08/29/2010,FLG,AZ,AWP,WE,Federal Contract Tower,0,20,11,1,32,0,4,36,2,42,0,24,47,3,74,6,0,6,80
08/30/2010,FLG,AZ,AWP,WE,Federal Contract Tower,0,19,16,0,35,0,5,33,0,38,0,24,49,0,73,10,0,10,83
08/31/2010,FLG,AZ,AWP,WE,Federal Contract Tower,0,12,8,0,20,0,6,53,1,60,0,18,61,1,80,26,0,26,106
09/01/2010,FLG,AZ,AWP,WE,Federal Contract Tower,0,15,7,0,22,0,4,41,0,45,0,19,48,0,67,16,0,16,83
09/02/2010,FLG,AZ,AWP,WE,Federal Contract Tower,0,13,7,0,20,0,11,57,3,71,0,24,64,3,91,18,4,22,113
09/03/2010,FLG,AZ,AWP,WE,Federal Contract Tower,0,16,4,2,22,0,8,72,2,82,0,24,76,4,104,2,0,2,106
09/04/2010,FLG,AZ,AWP,WE,Federal Contract Tower,0,16,4,1,21,0,7,60,3,70,0,23,64,4,91,6,0,6,97
09/05/2010,FLG,AZ,AWP,WE,Federal Contract Tower,0,18,3,0,21,0,7,56,0,63,0,25,59,0,84,0,0,0,84
09/06/2010,FLG,AZ,AWP,WE,Federal Contract Tower,0,20,3,0,23,0,8,59,0,67,0,28,62,0,90,20,0,20,110
09/07/2010,FLG,AZ,AWP,WE,Federal Contract Tower,0,15,6,3,24,0,15,38,0,53,0,30,44,3,77,17,0,17,94
09/08/2010,FLG,AZ,AWP,WE,Federal Contract Tower,0,16,12,0,28,0,0,0,0,0,0,16,12,0,28,0,0,0,28
09/09/2010,FLG,AZ,AWP,WE,Federal Contract Tower,0,14,11,4,29,0,3,39,3,45,0,17,50,7,74,2,0,2,76
09/10/2010,FLG,AZ,AWP,WE,Federal Contract Tower,0,15,2,0,17,0,4,50,2,56,0,19,52,2,73,28,0,28,101
09/11/2010,FLG,AZ,AWP,WE,Federal Contract Tower,0,12,3,0,15,0,7,46,0,53,0,19,49,0,68,20,0,20,88
09/12/2010,FLG,AZ,AWP,WE,Federal Contract Tower,0,14,1,0,15,0,6,77,4,87,0,20,78,4,102,8,0,8,110
09/13/2010,FLG,AZ,AWP,WE,Federal Contract Tower,0,12,4,1,17,0,4,41,3,48,0,16,45,4,65,6,8,14,79
09/14/2010,FLG,AZ,AWP,WE,Federal Contract Tower,0,19,2,7,28,0,8,51,0,59,0,27,53,7,87,30,0,30,117
09/15/2010,FLG,AZ,AWP,WE,Federal Contract Tower,0,16,12,1,29,0,0,0,0,0,0,16,12,1,29,24,0,24,53
09/16/2010,FLG,AZ,AWP,WE,Federal Contract Tower,2,14,7,2,25,0,5,53,0,58,2,19,60,2,83,8,0,8,91
09/17/2010,FLG,AZ,AWP,WE,Federal Contract Tower,0,17,6,1,24,0,11,58,0,69,0,28,64,1,93,2,0,2,95
09/18/2010,FLG,AZ,AWP,WE,Federal Contract Tower,0,14,4,0,18,0,12,51,1,64,0,26,55,1,82,2,0,2,84
09/19/2010,FLG,AZ,AWP,WE,Federal Contract Tower,0,21,5,0,26,0,14,53,2,69,0,35,58,2,95,2,0,2,97
09/20/2010,FLG,AZ,AWP,WE,Federal Contract Tower,0,18,7,2,27,0,12,51,2,65,0,30,58,4,92,38,0,38,130
09/21/2010,FLG,AZ,AWP,WE,Federal Contract Tower,0,13,5,0,18,0,8,43,0,51,0,21,48,0,69,2,0,2,71
09/22/2010,FLG,AZ,AWP,WE,Federal Contract Tower,0,21,14,2,37,0,1,12,0,13,0,22,26,2,50,0,4,4,54
09/23/2010,FLG,AZ,AWP,WE,Federal Contract Tower,2,12,7,0,21,0,25,51,0,76,2,37,58,0,97,10,0,10,107
09/24/2010,FLG,AZ,AWP,WE,Federal Contract Tower,2,17,3,0,22,0,10,51,0,61,2,27,54,0,83,48,0,48,131
09/25/2010,FLG,AZ,AWP,WE,Federal Contract Tower,1,16,6,2,25,0,10,63,1,74,1,26,69,3,99,16,0,16,115
09/26/2010,FLG,AZ,AWP,WE,Federal Contract Tower,0,14,11,2,27,0,12,63,1,76,0,26,74,3,103,18,0,18,121
09/27/2010,FLG,AZ,AWP,WE,Federal Contract Tower,0,19,4,2,25,0,10,46,4,60,0,29,50,6,85,28,4,32,117
09/28/2010,FLG,AZ,AWP,WE,Federal Contract Tower,0,17,3,2,22,0,5,52,11,68,0,22,55,13,90,6,0,6,96
09/29/2010,FLG,AZ,AWP,WE,Federal Contract Tower,0,21,9,0,30,0,9,45,0,54,0,30,54,0,84,20,0,20,104
09/30/2010,FLG,AZ,AWP,WE,Federal Contract Tower,2,14,3,1,20,0,9,45,0,54,2,23,48,1,74,20,18,38,112
10/01/2010,FLG,AZ,AWP,WE,Federal Contract Tower,2,15,8,0,25,0,7,71,2,80,2,22,79,2,105,24,0,24,129
10/02/2010,FLG,AZ,AWP,WE,Federal Contract Tower,0,14,3,2,19,0,4,42,2,48,0,18,45,4,67,10,6,16,83
10/03/2010,FLG,AZ,AWP,WE,Federal Contract Tower,2,14,5,1,22,0,5,53,3,61,2,19,58,4,83,8,0,8,91
10/04/2010,FLG,AZ,AWP,WE,Federal Contract Tower,2,17,5,0,24,0,12,16,0,28,2,29,21,0,52,16,0,16,68
10/05/2010,FLG,AZ,AWP,WE,Federal Contract Tower,0,19,7,0,26,0,3,3,0,6,0,22,10,0,32,0,0,0,32
10/06/2010,FLG,AZ,AWP,WE,Federal Contract Tower,0,23,6,0,29,0,0,7,0,7,0,23,13,0,36,0,0,0,36
10/07/2010,FLG,AZ,AWP,WE,Federal Contract Tower,2,17,5,0,24,0,10,57,0,67,2,27,62,0,91,12,0,12,103
10/08/2010,FLG,AZ,AWP,WE,Federal Contract Tower,2,18,4,0,24,0,5,83,4,92,2,23,87,4,116,43,0,43,159
10/09/2010,FLG,AZ,AWP,WE,Federal Contract Tower,0,19,4,0,23,0,8,55,0,63,0,27,59,0,86,20,0,20,106
10/10/2010,FLG,AZ,AWP,WE,Federal Contract Tower,0,18,4,0,22,0,4,70,4,78,0,22,74,4,100,12,0,12,112
10/11/2010,FLG,AZ,AWP,WE,Federal Contract Tower,0,17,4,0,21,0,6,61,2,69,0,23,65,2,90,29,14,43,133
10/12/2010,FLG,AZ,AWP,WE,Federal Contract Tower,0,17,3,0,20,0,13,63,0,76,0,30,66,0,96,13,0,13,109
10/13/2010,FLG,AZ,AWP,WE,Federal Contract Tower,2,12,4,0,18,0,10,34,2,46,2,22,38,2,64,14,0,14,78
10/14/2010,FLG,AZ,AWP,WE,Federal Contract Tower,0,13,4,0,17,0,3,38,6,47,0,16,42,6,64,36,0,36,100
10/15/2010,FLG,AZ,AWP,WE,Federal Contract Tower,4,13,4,1,22,0,5,51,3,59,4,18,55,4,81,18,0,18,99
10/16/2010,FLG,AZ,AWP,WE,Federal Contract Tower,0,12,8,2,22,0,1,75,3,79,0,13,83,5,101,10,0,10,111
10/17/2010,FLG,AZ,AWP,WE,Federal Contract Tower,1,18,5,0,24,0,2,41,0,43,1,20,46,0,67,0,0,0,67
10/18/2010,FLG,AZ,AWP,WE,Federal Contract Tower,0,17,3,0,20,0,5,14,1,20,0,22,17,1,40,14,0,14,54
10/19/2010,FLG,AZ,AWP,WE,Federal Contract Tower,0,22,12,1,35,0,12,21,1,34,0,34,33,2,69,4,0,4,73
10/20/2010,FLG,AZ,AWP,WE,Federal Contract Tower,0,15,7,0,22,0,9,25,0,34,0,24,32,0,56,0,0,0,56
10/21/2010,FLG,AZ,AWP,WE,Federal Contract Tower,0,20,7,0,27,0,7,6,0,13,0,27,13,0,40,0,0,0,40
10/22/2010,FLG,AZ,AWP,WE,Federal Contract Tower,0,2,22,15,39,0,0,0,0,0,0,2,22,15,39,14,0,14,53
10/23/2010,FLG,AZ,AWP,WE,Federal Contract Tower,1,13,6,0,20,0,0,28,2,30,1,13,34,2,50,4,12,16,66
10/24/2010,FLG,AZ,AWP,WE,Federal Contract Tower,0,18,4,0,22,0,8,46,0,54,0,26,50,0,76,20,0,20,96
10/25/2010,FLG,AZ,AWP,WE,Federal Contract Tower,0,19,10,0,29,0,3,6,0,9,0,22,16,0,38,0,0,0,38
10/26/2010,FLG,AZ,AWP,WE,Federal Contract Tower,0,21,6,0,27,0,12,62,5,79,0,33,68,5,106,0,0,0,106
10/27/2010,FLG,AZ,AWP,WE,Federal Contract Tower,0,13,9,3,25,0,9,44,0,53,0,22,53,3,78,6,7,13,91
10/28/2010,FLG,AZ,AWP,WE,Federal Contract Tower,0,18,8,0,26,0,11,70,0,81,0,29,78,0,107,4,0,4,111
10/29/2010,FLG,AZ,AWP,WE,Federal Contract Tower,0,17,3,0,20,0,4,41,12,57,0,21,44,12,77,18,0,18,95
10/30/2010,FLG,AZ,AWP,WE,Federal Contract Tower,0,17,2,0,19,0,7,40,3,50,0,24,42,3,69,9,0,9,78
10/31/2010,FLG,AZ,AWP,WE,Federal Contract Tower,0,17,2,0,19,0,4,46,1,51,0,21,48,1,70,12,0,12,82
11/01/2010,FLG,AZ,AWP,WE,Federal Contract Tower,0,18,6,1,25,0,7,36,0,43,0,25,42,1,68,0,0,0,68
11/02/2010,FLG,AZ,AWP,WE,Federal Contract Tower,0,23,6,0,29,0,13,58,0,71,0,36,64,0,100,50,0,50,150
11/03/2010,FLG,AZ,AWP,WE,Federal Contract Tower,0,13,1,0,14,0,6,35,0,41,0,19,36,0,55,55,0,55,110
11/04/2010,FLG,AZ,AWP,WE,Federal Contract Tower,0,14,3,0,17,0,7,36,0,43,0,21,39,0,60,20,0,20,80
11/05/2010,FLG,AZ,AWP,WE,Federal Contract Tower,0,18,6,1,25,0,10,61,9,80,0,28,67,10,105,12,0,12,117
11/06/2010,FLG,AZ,AWP,WE,Federal Contract Tower,0,15,4,1,20,0,5,31,1,37,0,20,35,2,57,6,0,6,63
11/07/2010,FLG,AZ,AWP,WE,Federal Contract Tower,0,18,4,0,22,0,3,67,0,70,0,21,71,0,92,24,0,24,116
11/08/2010,FLG,AZ,AWP,WE,Federal Contract Tower,0,18,2,0,20,0,10,26,0,36,0,28,28,0,56,0,0,0,56
11/09/2010,FLG,AZ,AWP,WE,Federal Contract Tower,1,19,12,1,33,0,13,49,1,63,1,32,61,2,96,11,0,11,107
11/10/2010,FLG,AZ,AWP,WE,Federal Contract Tower,0,16,2,0,18,0,7,35,3,45,0,23,37,3,63,32,0,32,95
11/11/2010,FLG,AZ,AWP,WE,Federal Contract Tower,0,16,6,0,22,0,10,43,0,53,0,26,49,0,75,17,0,17,92
11/12/2010,FLG,AZ,AWP,WE,Federal Contract Tower,0,15,3,0,18,0,3,51,0,54,0,18,54,0,72,52,0,52,124
11/13/2010,FLG,AZ,AWP,WE,Federal Contract Tower,0,0,0,0,0,0,4,51,0,55,0,4,51,0,55,24,0,24,79
11/14/2010,FLG,AZ,AWP,WE,Federal Contract Tower,0,18,4,0,22,0,6,49,3,58,0,24,53,3,80,16,0,16,96
11/15/2010,FLG,AZ,AWP,WE,Federal Contract Tower,0,18,13,0,31,0,8,42,0,50,0,26,55,0,81,0,0,0,81
11/16/2010,FLG,AZ,AWP,WE,Federal Contract Tower,0,22,10,3,35,0,17,52,4,73,0,39,62,7,108,8,0,8,116
11/17/2010,FLG,AZ,AWP,WE,Federal Contract Tower,0,14,6,1,21,0,6,33,7,46,0,20,39,8,67,16,0,16,83
11/18/2010,FLG,AZ,AWP,WE,Federal Contract Tower,0,14,7,0,21,0,4,35,3,42,0,18,42,3,63,27,0,27,90
11/19/2010,FLG,AZ,AWP,WE,Federal Contract Tower,0,20,7,0,27,0,12,50,5,67,0,32,57,5,94,26,0,26,120
11/20/2010,FLG,AZ,AWP,WE,Federal Contract Tower,0,21,6,0,27,0,7,23,2,32,0,28,29,2,59,0,0,0,59
11/21/2010,FLG,AZ,AWP,WE,Federal Contract Tower,0,14,7,0,21,0,0,0,0,0,0,14,7,0,21,0,0,0,21
11/22/2010,FLG,AZ,AWP,WE,Federal Contract Tower,0,19,9,0,28,0,8,10,1,19,0,27,19,1,47,0,0,0,47
11/23/2010,FLG,AZ,AWP,WE,Federal Contract Tower,0,14,3,0,17,0,4,53,5,62,0,18,56,5,79,34,0,34,113
11/24/2010,FLG,AZ,AWP,WE,Federal Contract Tower,0,21,10,0,31,0,5,7,0,12,0,26,17,0,43,0,0,0,43
11/25/2010,FLG,AZ,AWP,WE,Federal Contract Tower,0,10,1,0,11,0,3,22,0,25,0,13,23,0,36,0,0,0,36
11/26/2010,FLG,AZ,AWP,WE,Federal Contract Tower,0,14,1,0,15,0,3,43,0,46,0,17,44,0,61,22,0,22,83
11/27/2010,FLG,AZ,AWP,WE,Federal Contract Tower,0,19,2,0,21,0,10,63,0,73,0,29,65,0,94,16,0,16,110
11/28/2010,FLG,AZ,AWP,WE,Federal Contract Tower,0,5,3,0,8,0,0,0,0,0,0,5,3,0,8,0,0,0,8
11/29/2010,FLG,AZ,AWP,WE,Federal Contract Tower,0,17,6,0,23,0,2,20,6,28,0,19,26,6,51,0,0,0,51
11/30/2010,FLG,AZ,AWP,WE,Federal Contract Tower,0,19,8,0,27,0,11,40,5,56,0,30,48,5,83,56,0,56,139
12/01/2010,FLG,AZ,AWP,WE,Federal Contract Tower,0,15,3,0,18,0,3,42,0,45,0,18,45,0,63,53,0,53,116
12/02/2010,FLG,AZ,AWP,WE,Federal Contract Tower,0,19,7,0,26,0,15,70,0,85,0,34,77,0,111,30,0,30,141
12/03/2010,FLG,AZ,AWP,WE,Federal Contract Tower,0,15,4,0,19,0,4,50,2,56,0,19,54,2,75,68,0,68,143
12/04/2010,FLG,AZ,AWP,WE,Federal Contract Tower,0,13,4,0,17,0,6,42,0,48,0,19,46,0,65,28,0,28,93
12/05/2010,FLG,AZ,AWP,WE,Federal Contract Tower,0,19,1,0,20,0,4,50,4,58,0,23,51,4,78,36,0,36,114
12/06/2010,FLG,AZ,AWP,WE,Federal Contract Tower,0,17,5,1,23,0,10,38,2,50,0,27,43,3,73,0,0,0,73
12/07/2010,FLG,AZ,AWP,WE,Federal Contract Tower,0,22,2,1,25,0,9,45,1,55,0,31,47,2,80,23,0,23,103
12/08/2010,FLG,AZ,AWP,WE,Federal Contract Tower,0,15,6,1,22,0,13,45,2,60,0,28,51,3,82,42,0,42,124
12/09/2010,FLG,AZ,AWP,WE,Federal Contract Tower,0,15,3,0,18,0,6,35,0,41,0,21,38,0,59,13,0,13,72
12/10/2010,FLG,AZ,AWP,WE,Federal Contract Tower,0,13,7,1,21,0,7,51,3,61,0,20,58,4,82,14,0,14,96
12/11/2010,FLG,AZ,AWP,WE,Federal Contract Tower,0,13,6,0,19,0,1,32,4,37,0,14,38,4,56,24,10,34,90
12/12/2010,FLG,AZ,AWP,WE,Federal Contract Tower,0,13,2,0,15,0,2,45,2,49,0,15,47,2,64,20,0,20,84
12/13/2010,FLG,AZ,AWP,WE,Federal Contract Tower,0,21,1,0,22,0,1,58,1,60,0,22,59,1,82,6,0,6,88
12/14/2010,FLG,AZ,AWP,WE,Federal Contract Tower,2,18,10,0,30,0,6,51,0,57,2,24,61,0,87,14,0,14,101
12/15/2010,FLG,AZ,AWP,WE,Federal Contract Tower,0,22,15,0,37,0,4,19,0,23,0,26,34,0,60,12,0,12,72
12/16/2010,FLG,AZ,AWP,WE,Federal Contract Tower,0,9,7,0,16,0,0,0,0,0,0,9,7,0,16,0,0,0,16
12/17/2010,FLG,AZ,AWP,WE,Federal Contract Tower,0,14,21,0,35,0,0,11,1,12,0,14,32,1,47,4,0,4,51
12/18/2010,FLG,AZ,AWP,WE,Federal Contract Tower,0,13,7,0,20,0,0,0,0,0,0,13,7,0,20,0,0,0,20
12/19/2010,FLG,AZ,AWP,WE,Federal Contract Tower,0,10,1,0,11,0,0,0,0,0,0,10,1,0,11,0,0,0,11
12/20/2010,FLG,AZ,AWP,WE,Federal Contract Tower,0,21,14,0,35,0,2,1,0,3,0,23,15,0,38,0,0,0,38
12/21/2010,FLG,AZ,AWP,WE,Federal Contract Tower,0,24,6,0,30,0,0,0,0,0,0,24,6,0,30,0,0,0,30
12/22/2010,FLG,AZ,AWP,WE,Federal Contract Tower,0,17,6,2,25,0,3,11,0,14,0,20,17,2,39,0,0,0,39
12/23/2010,FLG,AZ,AWP,WE,Federal Contract Tower,0,16,12,0,28,0,1,2,0,3,0,17,14,0,31,0,0,0,31
12/24/2010,FLG,AZ,AWP,WE,Federal Contract Tower,0,16,7,0,23,0,0,0,0,0,0,16,7,0,23,6,0,6,29
12/25/2010,FLG,AZ,AWP,WE,Federal Contract Tower,0,12,4,0,16,0,0,11,0,11,0,12,15,0,27,0,0,0,27
12/26/2010,FLG,AZ,AWP,WE,Federal Contract Tower,0,16,8,0,24,0,0,0,0,0,0,16,8,0,24,18,0,18,42
12/27/2010,FLG,AZ,AWP,WE,Federal Contract Tower,1,16,3,2,22,0,0,0,0,0,1,16,3,2,22,34,14,48,70
12/28/2010,FLG,AZ,AWP,WE,Federal Contract Tower,1,19,7,0,27,0,0,0,0,0,1,19,7,0,27,16,2,18,45
12/29/2010,FLG,AZ,AWP,WE,Federal Contract Tower,0,2,2,0,4,0,0,0,0,0,0,2,2,0,4,0,0,0,4
12/30/2010,FLG,AZ,AWP,WE,Federal Contract Tower,0,0,2,0,2,0,0,0,0,0,0,0,2,0,2,0,0,0,2
12/31/2010,FLG,AZ,AWP,WE,Federal Contract Tower,0,0,0,0,0,0,8,26,0,34,0,8,26,0,34,0,0,0,34
01/01/2011,FLG,AZ,AWP,WE,Federal Contract Tower,1,9,2,0,12,0,4,30,0,34,1,13,32,0,46,2,0,2,48
01/02/2011,FLG,AZ,AWP,WE,Federal Contract Tower,0,17,4,0,21,0,3,38,7,48,0,20,42,7,69,18,0,18,87
01/03/2011,FLG,AZ,AWP,WE,Federal Contract Tower,0,17,3,0,20,0,7,18,0,25,0,24,21,0,45,0,0,0,45
01/04/2011,FLG,AZ,AWP,WE,Federal Contract Tower,0,14,7,0,21,0,14,34,6,54,0,28,41,6,75,14,0,14,89
01/05/2011,FLG,AZ,AWP,WE,Federal Contract Tower,0,14,4,1,19,0,9,27,2,38,0,23,31,3,57,0,0,0,57
01/06/2011,FLG,AZ,AWP,WE,Federal Contract Tower,0,12,10,0,22,9,4,41,4,58,9,16,51,4,80,2,6,8,88
01/07/2011,FLG,AZ,AWP,WE,Federal Contract Tower,0,19,2,0,21,0,8,38,7,53,0,27,40,7,74,0,0,0,74
01/08/2011,FLG,AZ,AWP,WE,Federal Contract Tower,0,14,2,0,16,0,2,34,7,43,0,16,36,7,59,4,7,11,70
01/09/2011,FLG,AZ,AWP,WE,Federal Contract Tower,0,21,4,0,25,0,6,67,3,76,0,27,71,3,101,2,10,12,113
01/10/2011,FLG,AZ,AWP,WE,Federal Contract Tower,0,18,11,0,29,0,10,33,0,43,0,28,44,0,72,6,0,6,78
01/11/2011,FLG,AZ,AWP,WE,Federal Contract Tower,0,17,4,0,21,0,11,45,2,58,0,28,49,2,79,6,0,6,85
01/12/2011,FLG,AZ,AWP,WE,Federal Contract Tower,0,21,6,0,27,0,2,50,0,52,0,23,56,0,79,12,0,12,91
01/13/2011,FLG,AZ,AWP,WE,Federal Contract Tower,0,12,2,0,14,0,7,46,0,53,0,19,48,0,67,6,0,6,73
01/14/2011,FLG,AZ,AWP,WE,Federal Contract Tower,0,15,8,3,26,0,10,49,4,63,0,25,57,7,89,2,2,4,93
01/15/2011,FLG,AZ,AWP,WE,Federal Contract Tower,0,8,2,2,12,0,5,48,0,53,0,13,50,2,65,10,0,10,75
01/16/2011,FLG,AZ,AWP,WE,Federal Contract Tower,0,18,6,1,25,0,5,56,2,63,0,23,62,3,88,7,0,7,95
01/17/2011,FLG,AZ,AWP,WE,Federal Contract Tower,0,17,7,0,24,0,7,40,0,47,0,24,47,0,71,0,0,0,71
01/18/2011,FLG,AZ,AWP,WE,Federal Contract Tower,0,21,6,6,33,0,13,52,0,65,0,34,58,6,98,20,0,20,118
01/19/2011,FLG,AZ,AWP,WE,Federal Contract Tower,0,16,7,0,23,0,10,34,0,44,0,26,41,0,67,6,0,6,73
01/20/2011,FLG,AZ,AWP,WE,Federal Contract Tower,0,18,4,0,22,0,4,38,0,42,0,22,42,0,64,16,0,16,80
01/21/2011,FLG,AZ,AWP,WE,Federal Contract Tower,0,12,10,0,22,0,6,34,1,41,0,18,44,1,63,30,0,30,93
01/22/2011,FLG,AZ,AWP,WE,Federal Contract Tower,0,8,2,0,10,0,4,49,1,54,0,12,51,1,64,5,0,5,69
01/23/2011,FLG,AZ,AWP,WE,Federal Contract Tower,0,15,3,0,18,0,8,24,0,32,0,23,27,0,50,0,0,0,50
01/24/2011,FLG,AZ,AWP,WE,Federal Contract Tower,0,20,8,0,28,0,9,36,1,46,0,29,44,1,74,0,4,4,78
01/25/2011,FLG,AZ,AWP,WE,Federal Contract Tower,0,15,6,0,21,0,12,46,0,58,0,27,52,0,79,26,0,26,105
01/26/2011,FLG,AZ,AWP,WE,Federal Contract Tower,0,16,6,0,22,0,11,29,2,42,0,27,35,2,64,0,0,0,64
01/27/2011,FLG,AZ,AWP,WE,Federal Contract Tower,0,13,10,2,25,0,19,48,3,70,0,32,58,5,95,14,0,14,109
01/28/2011,FLG,AZ,AWP,WE,Federal Contract Tower,0,14,7,0,21,0,5,34,6,45,0,19,41,6,66,2,0,2,68
01/29/2011,FLG,AZ,AWP,WE,Federal Contract Tower,0,12,3,0,15,0,3,32,9,44,0,15,35,9,59,12,2,14,73
01/30/2011,FLG,AZ,AWP,WE,Federal Contract Tower,0,17,3,0,20,0,9,54,2,65,0,26,57,2,85,10,0,10,95
01/31/2011,FLG,AZ,AWP,WE,Federal Contract Tower,0,24,7,0,31,0,3,5,0,8,0,27,12,0,39,0,0,0,39
02/01/2011,FLG,AZ,AWP,WE,Federal Contract Tower,0,17,8,0,25,0,8,18,0,26,0,25,26,0,51,0,0,0,51
02/02/2011,FLG,AZ,AWP,WE,Federal Contract Tower,0,20,4,0,24,0,3,18,1,22,0,23,22,1,46,0,0,0,46
02/03/2011,FLG,AZ,AWP,WE,Federal Contract Tower,0,18,5,3,26,0,6,38,11,55,0,24,43,14,81,4,0,4,85
02/04/2011,FLG,AZ,AWP,WE,Federal Contract Tower,2,11,15,0,28,0,9,59,11,79,2,20,74,11,107,8,8,16,123
02/05/2011,FLG,AZ,AWP,WE,Federal Contract Tower,0,14,3,5,22,0,11,23,3,37,0,25,26,8,59,6,2,8,67
02/06/2011,FLG,AZ,AWP,WE,Federal Contract Tower,0,19,3,0,22,0,4,29,0,33,0,23,32,0,55,18,0,18,73
02/07/2011,FLG,AZ,AWP,WE,Federal Contract Tower,0,18,8,2,28,0,9,35,3,47,0,27,43,5,75,41,0,41,116
02/08/2011,FLG,AZ,AWP,WE,Federal Contract Tower,0,19,6,0,25,0,10,20,0,30,0,29,26,0,55,42,0,42,97
02/09/2011,FLG,AZ,AWP,WE,Federal Contract Tower,0,12,2,2,16,0,4,20,2,26,0,16,22,4,42,6,2,8,50
02/10/2011,FLG,AZ,AWP,WE,Federal Contract Tower,0,12,5,0,17,0,6,38,0,44,0,18,43,0,61,0,0,0,61
02/11/2011,FLG,AZ,AWP,WE,Federal Contract Tower,0,11,3,0,14,0,7,44,2,53,0,18,47,2,67,8,0,8,75
02/12/2011,FLG,AZ,AWP,WE,Federal Contract Tower,0,20,5,0,25,0,5,51,10,66,0,25,56,10,91,29,0,29,120
02/13/2011,FLG,AZ,AWP,WE,Federal Contract Tower,0,0,0,0,0,0,3,50,0,53,0,3,50,0,53,8,0,8,61
02/14/2011,FLG,AZ,AWP,WE,Federal Contract Tower,0,21,1,0,22,0,11,46,0,57,0,32,47,0,79,0,0,0,79
02/15/2011,FLG,AZ,AWP,WE,Federal Contract Tower,0,15,5,1,21,0,15,31,2,48,0,30,36,3,69,6,22,28,97
02/16/2011,FLG,AZ,AWP,WE,Federal Contract Tower,0,15,11,0,26,0,6,23,0,29,0,21,34,0,55,6,0,6,61
02/17/2011,FLG,AZ,AWP,WE,Federal Contract Tower,0,11,9,0,20,0,4,21,0,25,0,15,30,0,45,6,0,6,51
02/18/2011,FLG,AZ,AWP,WE,Federal Contract Tower,0,15,11,0,26,0,10,38,0,48,0,25,49,0,74,0,0,0,74
02/19/2011,FLG,AZ,AWP,WE,Federal Contract Tower,0,5,1,0,6,0,0,0,0,0,0,5,1,0,6,0,0,0,6
02/20/2011,FLG,AZ,AWP,WE,Federal Contract Tower,0,6,0,0,6,0,0,0,0,0,0,6,0,0,6,0,0,0,6
02/21/2011,FLG,AZ,AWP,WE,Federal Contract Tower,0,16,4,0,20,0,2,33,0,35,0,18,37,0,55,12,0,12,67
02/22/2011,FLG,AZ,AWP,WE,Federal Contract Tower,0,17,5,2,24,0,16,36,4,56,0,33,41,6,80,8,0,8,88
02/23/2011,FLG,AZ,AWP,WE,Federal Contract Tower,0,17,7,1,25,0,10,22,3,35,0,27,29,4,60,10,0,10,70
02/24/2011,FLG,AZ,AWP,WE,Federal Contract Tower,0,20,10,0,30,0,3,25,0,28,0,23,35,0,58,10,0,10,68
02/25/2011,FLG,AZ,AWP,WE,Federal Contract Tower,0,17,10,0,27,0,6,12,0,18,0,23,22,0,45,8,0,8,53
02/26/2011,FLG,AZ,AWP,WE,Federal Contract Tower,0,16,3,0,19,0,4,12,0,16,0,20,15,0,35,0,0,0,35
02/27/2011,FLG,AZ,AWP,WE,Federal Contract Tower,0,11,0,0,11,0,2,2,0,4,0,13,2,0,15,0,0,0,15
02/28/2011,FLG,AZ,AWP,WE,Federal Contract Tower,0,18,6,0,24,0,13,20,1,34,0,31,26,1,58,8,0,8,66
03/01/2011,FLG,AZ,AWP,WE,Federal Contract Tower,0,13,1,0,14,0,11,49,1,61,0,24,50,1,75,0,0,0,75
03/02/2011,FLG,AZ,AWP,WE,Federal Contract Tower,0,18,1,0,19,0,12,50,0,62,0,30,51,0,81,4,0,4,85
03/03/2011,FLG,AZ,AWP,WE,Federal Contract Tower,0,12,6,0,18,0,2,34,2,38,0,14,40,2,56,20,4,24,80
03/04/2011,FLG,AZ,AWP,WE,Federal Contract Tower,0,16,2,0,18,0,6,57,2,65,0,22,59,2,83,6,0,6,89
03/05/2011,FLG,AZ,AWP,WE,Federal Contract Tower,0,19,7,2,28,0,17,55,4,76,0,36,62,6,104,20,0,20,124
03/06/2011,FLG,AZ,AWP,WE,Federal Contract Tower,0,13,3,2,18,0,18,49,0,67,0,31,52,2,85,6,0,6,91
03/07/2011,FLG,AZ,AWP,WE,Federal Contract Tower,0,14,4,0,18,0,6,0,0,6,0,20,4,0,24,0,0,0,24
03/08/2011,FLG,AZ,AWP,WE,Federal Contract Tower,0,16,2,0,18,0,10,45,0,55,0,26,47,0,73,7,0,7,80
03/09/2011,FLG,AZ,AWP,WE,Federal Contract Tower,0,11,9,0,20,0,8,52,2,62,0,19,61,2,82,44,0,44,126
03/10/2011,FLG,AZ,AWP,WE,Federal Contract Tower,0,14,1,0,15,0,9,49,1,59,0,23,50,1,74,22,2,24,98
03/11/2011,FLG,AZ,AWP,WE,Federal Contract Tower,0,13,10,0,23,0,7,57,0,64,0,20,67,0,87,24,0,24,111
03/12/2011,FLG,AZ,AWP,WE,Federal Contract Tower,0,10,6,0,16,0,6,51,2,59,0,16,57,2,75,6,0,6,81
03/13/2011,FLG,AZ,AWP,WE,Federal Contract Tower,0,14,2,0,16,0,9,51,0,60,0,23,53,0,76,6,0,6,82
03/14/2011,FLG,AZ,AWP,WE,Federal Contract Tower,0,17,3,0,20,0,9,42,0,51,0,26,45,0,71,6,0,6,77
03/15/2011,FLG,AZ,AWP,WE,Federal Contract Tower,0,13,3,0,16,0,7,36,0,43,0,20,39,0,59,14,0,14,73
03/16/2011,FLG,AZ,AWP,WE,Federal Contract Tower,0,10,1,1,12,0,16,53,1,70,0,26,54,2,82,14,4,18,100
03/17/2011,FLG,AZ,AWP,WE,Federal Contract Tower,0,15,2,0,17,0,3,35,1,39,0,18,37,1,56,2,2,4,60
03/18/2011,FLG,AZ,AWP,WE,Federal Contract Tower,0,16,4,0,20,0,8,46,2,56,0,24,50,2,76,14,2,16,92
03/19/2011,FLG,AZ,AWP,WE,Federal Contract Tower,0,10,4,0,14,0,11,37,0,48,0,21,41,0,62,0,0,0,62
03/20/2011,FLG,AZ,AWP,WE,Federal Contract Tower,0,11,0,0,11,0,6,28,0,34,0,17,28,0,45,11,0,11,56
03/21/2011,FLG,AZ,AWP,WE,Federal Contract Tower,0,5,2,0,7,0,0,0,0,0,0,5,2,0,7,0,0,0,7
03/22/2011,FLG,AZ,AWP,WE,Federal Contract Tower,0,21,13,0,34,0,11,21,0,32,0,32,34,0,66,10,0,10,76
03/23/2011,FLG,AZ,AWP,WE,Federal Contract Tower,0,14,10,0,24,0,10,61,0,71,0,24,71,0,95,38,0,38,133
03/24/2011,FLG,AZ,AWP,WE,Federal Contract Tower,0,14,6,0,20,0,5,30,0,35,0,19,36,0,55,2,0,2,57
03/25/2011,FLG,AZ,AWP,WE,Federal Contract Tower,0,14,2,0,16,0,5,31,0,36,0,19,33,0,52,8,0,8,60
03/26/2011,FLG,AZ,AWP,WE,Federal Contract Tower,0,15,4,0,19,0,2,18,0,20,0,17,22,0,39,0,0,0,39
03/27/2011,FLG,AZ,AWP,WE,Federal Contract Tower,0,19,1,0,20,0,8,57,2,67,0,27,58,2,87,4,0,4,91
03/28/2011,FLG,AZ,AWP,WE,Federal Contract Tower,0,15,2,0,17,0,8,35,4,47,0,23,37,4,64,10,0,10,74
03/29/2011,FLG,AZ,AWP,WE,Federal Contract Tower,0,17,8,0,25,0,10,58,0,68,0,27,66,0,93,10,0,10,103
03/30/2011,FLG,AZ,AWP,WE,Federal Contract Tower,0,12,8,1,21,0,11,53,0,64,0,23,61,1,85,16,24,40,125
03/31/2011,FLG,AZ,AWP,WE,Federal Contract Tower,0,19,8,0,27,0,3,49,2,54,0,22,57,2,81,8,0,8,89
04/01/2011,FLG,AZ,AWP,WE,Federal Contract Tower,0,17,3,0,20,0,11,66,0,77,0,28,69,0,97,22,0,22,119
04/02/2011,FLG,AZ,AWP,WE,Federal Contract Tower,0,14,3,0,17,0,9,56,2,67,0,23,59,2,84,4,0,4,88
04/03/2011,FLG,AZ,AWP,WE,Federal Contract Tower,0,13,2,0,15,0,2,18,0,20,0,15,20,0,35,2,0,2,37
04/04/2011,FLG,AZ,AWP,WE,Federal Contract Tower,0,20,3,0,23,0,16,58,0,74,0,36,61,0,97,4,0,4,101
04/05/2011,FLG,AZ,AWP,WE,Federal Contract Tower,0,17,9,0,26,0,12,74,2,88,0,29,83,2,114,42,0,42,156
04/06/2011,FLG,AZ,AWP,WE,Federal Contract Tower,0,24,11,0,35,0,18,39,0,57,0,42,50,0,92,10,0,10,102
04/07/2011,FLG,AZ,AWP,WE,Federal Contract Tower,0,22,13,0,35,0,17,37,2,56,0,39,50,2,91,0,0,0,91
04/08/2011,FLG,AZ,AWP,WE,Federal Contract Tower,0,21,9,0,30,0,4,1,0,5,0,25,10,0,35,0,0,0,35
04/09/2011,FLG,AZ,AWP,WE,Federal Contract Tower,0,7,1,0,8,0,0,0,0,0,0,7,1,0,8,0,0,0,8
04/10/2011,FLG,AZ,AWP,WE,Federal Contract Tower,0,17,7,0,24,0,4,37,2,43,0,21,44,2,67,4,0,4,71
04/11/2011,FLG,AZ,AWP,WE,Federal Contract Tower,0,21,6,1,28,0,18,60,0,78,0,39,66,1,106,22,2,24,130
04/12/2011,FLG,AZ,AWP,WE,Federal Contract Tower,0,22,9,0,31,0,9,64,2,75,0,31,73,2,106,24,0,24,130
04/13/2011,FLG,AZ,AWP,WE,Federal Contract Tower,0,23,7,0,30,0,23,57,0,80,0,46,64,0,110,0,0,0,110
04/14/2011,FLG,AZ,AWP,WE,Federal Contract Tower,0,21,6,2,29,0,8,50,0,58,0,29,56,2,87,18,0,18,105
04/15/2011,FLG,AZ,AWP,WE,Federal Contract Tower,0,15,10,0,25,0,11,49,0,60,0,26,59,0,85,30,0,30,115
04/16/2011,FLG,AZ,AWP,WE,Federal Contract Tower,0,17,8,0,25,0,6,68,2,76,0,23,76,2,101,28,0,28,129
04/17/2011,FLG,AZ,AWP,WE,Federal Contract Tower,0,13,7,0,20,0,0,56,2,58,0,13,63,2,78,20,0,20,98
04/18/2011,FLG,AZ,AWP,WE,Federal Contract Tower,0,22,3,0,25,0,10,28,0,38,0,32,31,0,63,0,0,0,63
04/19/2011,FLG,AZ,AWP,WE,Federal Contract Tower,0,18,11,3,32,0,13,52,2,67,0,31,63,5,99,34,0,34,133
04/20/2011,FLG,AZ,AWP,WE,Federal Contract Tower,0,17,6,2,25,0,17,49,0,66,0,34,55,2,91,14,0,14,105
04/21/2011,FLG,AZ,AWP,WE,Federal Contract Tower,0,21,7,2,30,0,13,56,0,69,0,34,63,2,99,14,0,14,113
04/22/2011,FLG,AZ,AWP,WE,Federal Contract Tower,0,20,6,0,26,0,9,50,0,59,0,29,56,0,85,20,0,20,105
04/23/2011,FLG,AZ,AWP,WE,Federal Contract Tower,0,11,2,0,13,0,7,27,4,38,0,18,29,4,51,10,0,10,61
04/24/2011,FLG,AZ,AWP,WE,Federal Contract Tower,0,13,3,0,16,0,0,24,2,26,0,13,27,2,42,4,0,4,46
04/25/2011,FLG,AZ,AWP,WE,Federal Contract Tower,0,27,13,2,42,0,11,60,5,76,0,38,73,7,118,16,0,16,134
04/26/2011,FLG,AZ,AWP,WE,Federal Contract Tower,0,20,4,0,24,0,17,46,5,68,0,37,50,5,92,2,22,24,116
04/27/2011,FLG,AZ,AWP,WE,Federal Contract Tower,0,20,7,1,28,0,14,61,2,77,0,34,68,3,105,46,4,50,155
04/28/2011,FLG,AZ,AWP,WE,Federal Contract Tower,0,23,7,0,30,0,14,74,2,90,0,37,81,2,120,10,0,10,130
04/29/2011,FLG,AZ,AWP,WE,Federal Contract Tower,0,18,6,0,24,0,15,17,0,32,0,33,23,0,56,0,0,0,56
04/30/2011,FLG,AZ,AWP,WE,Federal Contract Tower,0,10,5,0,15,0,20,26,6,52,0,30,31,6,67,12,4,16,83
05/01/2011,FLG,AZ,AWP,WE,Federal Contract Tower,0,15,5,0,20,0,7,51,0,58,0,22,56,0,78,8,0,8,86
05/02/2011,FLG,AZ,AWP,WE,Federal Contract Tower,0,22,8,2,32,0,13,50,1,64,0,35,58,3,96,0,0,0,96
05/03/2011,FLG,AZ,AWP,WE,Federal Contract Tower,0,25,6,0,31,0,17,61,0,78,0,42,67,0,109,22,0,22,131
05/04/2011,FLG,AZ,AWP,WE,Federal Contract Tower,0,20,6,2,28,0,14,58,1,73,0,34,64,3,101,22,0,22,123
05/05/2011,FLG,AZ,AWP,WE,Federal Contract Tower,1,27,8,3,39,0,19,65,1,85,1,46,73,4,124,26,0,26,150
05/06/2011,FLG,AZ,AWP,WE,Federal Contract Tower,1,15,5,0,21,0,17,37,0,54,1,32,42,0,75,18,0,18,93
05/07/2011,FLG,AZ,AWP,WE,Federal Contract Tower,0,18,5,6,29,0,9,50,2,61,0,27,55,8,90,12,8,20,110
05/08/2011,FLG,AZ,AWP,WE,Federal Contract Tower,0,17,4,0,21,0,8,28,5,41,0,25,32,5,62,0,0,0,62
05/09/2011,FLG,AZ,AWP,WE,Federal Contract Tower,0,23,9,0,32,0,9,16,0,25,0,32,25,0,57,0,0,0,57
05/10/2011,FLG,AZ,AWP,WE,Federal Contract Tower,0,31,6,0,37,0,12,52,0,64,0,43,58,0,101,16,0,16,117
05/11/2011,FLG,AZ,AWP,WE,Federal Contract Tower,0,20,13,0,33,0,12,44,0,56,0,32,57,0,89,42,0,42,131
05/12/2011,FLG,AZ,AWP,WE,Federal Contract Tower,0,24,2,1,27,0,16,47,4,67,0,40,49,5,94,8,0,8,102
05/13/2011,FLG,AZ,AWP,WE,Federal Contract Tower,0,18,5,4,27,0,3,70,6,79,0,21,75,10,106,16,2,18,124
05/14/2011,FLG,AZ,AWP,WE,Federal Contract Tower,0,17,3,0,20,0,6,52,1,59,0,23,55,1,79,12,0,12,91
05/15/2011,FLG,AZ,AWP,WE,Federal Contract Tower,0,15,3,1,19,0,2,28,5,35,0,17,31,6,54,12,0,12,66
05/16/2011,FLG,AZ,AWP,WE,Federal Contract Tower,0,23,4,0,27,0,11,33,0,44,0,34,37,0,71,0,0,0,71
05/17/2011,FLG,AZ,AWP,WE,Federal Contract Tower,0,19,10,0,29,0,15,41,2,58,0,34,51,2,87,6,0,6,93
05/18/2011,FLG,AZ,AWP,WE,Federal Contract Tower,0,24,14,0,38,0,0,5,0,5,0,24,19,0,43,0,0,0,43
05/19/2011,FLG,AZ,AWP,WE,Federal Contract Tower,0,19,11,0,30,0,6,15,0,21,0,25,26,0,51,0,0,0,51
05/20/2011,FLG,AZ,AWP,WE,Federal Contract Tower,0,19,6,3,28,0,10,37,9,56,0,29,43,12,84,0,18,18,102
05/21/2011,FLG,AZ,AWP,WE,Federal Contract Tower,0,13,3,0,16,0,7,143,5,155,0,20,146,5,171,22,2,24,195
05/22/2011,FLG,AZ,AWP,WE,Federal Contract Tower,2,9,2,0,13,0,7,61,2,70,2,16,63,2,83,16,0,16,99
05/23/2011,FLG,AZ,AWP,WE,Federal Contract Tower,0,25,2,4,31,0,5,49,3,57,0,30,51,7,88,8,16,24,112
05/24/2011,FLG,AZ,AWP,WE,Federal Contract Tower,0,23,6,0,29,0,25,37,2,64,0,48,43,2,93,12,0,12,105
05/25/2011,FLG,AZ,AWP,WE,Federal Contract Tower,0,23,5,0,28,0,17,60,3,80,0,40,65,3,108,0,0,0,108
05/26/2011,FLG,AZ,AWP,WE,Federal Contract Tower,0,18,4,1,23,0,13,49,6,68,0,31,53,7,91,4,0,4,95
05/27/2011,FLG,AZ,AWP,WE,Federal Contract Tower,0,24,6,0,30,0,5,68,2,75,0,29,74,2,105,4,0,4,109
05/28/2011,FLG,AZ,AWP,WE,Federal Contract Tower,0,11,3,1,15,0,6,30,1,37,0,17,33,2,52,6,2,8,60
05/29/2011,FLG,AZ,AWP,WE,Federal Contract Tower,0,15,2,0,17,0,2,6,0,8,0,17,8,0,25,2,0,2,27
05/30/2011,FLG,AZ,AWP,WE,Federal Contract Tower,0,21,4,0,25,0,12,89,0,101,0,33,93,0,126,20,0,20,146
05/31/2011,FLG,AZ,AWP,WE,Federal Contract Tower,0,23,8,0,31,0,18,71,0,89,0,41,79,0,120,72,0,72,192
06/01/2011,FLG,AZ,AWP,WE,Federal Contract Tower,0,21,2,0,23,0,25,68,0,93,0,46,70,0,116,48,0,48,164
06/02/2011,FLG,AZ,AWP,WE,Federal Contract Tower,0,21,4,0,25,0,14,71,0,85,0,35,75,0,110,24,0,24,134
06/03/2011,FLG,AZ,AWP,WE,Federal Contract Tower,0,16,8,0,24,0,12,54,0,66,0,28,62,0,90,18,0,18,108
06/04/2011,FLG,AZ,AWP,WE,Federal Contract Tower,0,14,9,0,23,0,8,47,2,57,0,22,56,2,80,12,0,12,92
06/05/2011,FLG,AZ,AWP,WE,Federal Contract Tower,0,19,6,1,26,0,2,59,2,63,0,21,65,3,89,14,2,16,105
06/06/2011,FLG,AZ,AWP,WE,Federal Contract Tower,0,22,5,2,29,0,12,41,4,57,0,34,46,6,86,2,0,2,88
06/07/2011,FLG,AZ,AWP,WE,Federal Contract Tower,0,22,6,0,28,0,20,65,19,104,0,42,71,19,132,8,0,8,140
06/08/2011,FLG,AZ,AWP,WE,Federal Contract Tower,0,26,5,2,33,0,17,76,18,111,0,43,81,20,144,20,0,20,164
06/09/2011,FLG,AZ,AWP,WE,Federal Contract Tower,0,2,21,12,35,0,16,46,2,64,0,18,67,14,99,52,0,52,151
06/10/2011,FLG,AZ,AWP,WE,Federal Contract Tower,2,19,5,0,26,0,8,66,3,77,2,27,71,3,103,42,4,46,149
06/11/2011,FLG,AZ,AWP,WE,Federal Contract Tower,1,15,1,0,17,1,8,60,0,69,2,23,61,0,86,10,0,10,96
06/12/2011,FLG,AZ,AWP,WE,Federal Contract Tower,0,18,2,2,22,0,5,65,4,74,0,23,67,6,96,16,0,16,112
06/13/2011,FLG,AZ,AWP,WE,Federal Contract Tower,0,24,6,2,32,0,17,50,0,67,0,41,56,2,99,30,0,30,129
06/14/2011,FLG,AZ,AWP,WE,Federal Contract Tower,0,22,6,0,28,0,16,77,6,99,0,38,83,6,127,28,1,29,156
06/15/2011,FLG,AZ,AWP,WE,Federal Contract Tower,0,24,9,2,35,0,22,70,0,92,0,46,79,2,127,30,0,30,157
06/16/2011,FLG,AZ,AWP,WE,Federal Contract Tower,0,21,7,0,28,0,16,50,0,66,0,37,57,0,94,0,0,0,94
06/17/2011,FLG,AZ,AWP,WE,Federal Contract Tower,0,21,8,0,29,0,14,42,0,56,0,35,50,0,85,12,0,12,97
06/18/2011,FLG,AZ,AWP,WE,Federal Contract Tower,0,14,7,0,21,0,3,51,0,54,0,17,58,0,75,4,0,4,79
06/19/2011,FLG,AZ,AWP,WE,Federal Contract Tower,0,11,8,0,19,0,8,35,3,46,0,19,43,3,65,0,0,0,65
06/20/2011,FLG,AZ,AWP,WE,Federal Contract Tower,0,17,6,1,24,0,21,64,2,87,0,38,70,3,111,38,16,54,165
06/21/2011,FLG,AZ,AWP,WE,Federal Contract Tower,0,17,9,0,26,0,21,57,3,81,0,38,66,3,107,16,0,16,123
06/22/2011,FLG,AZ,AWP,WE,Federal Contract Tower,0,23,4,0,27,0,11,62,3,76,0,34,66,3,103,2,0,2,105
06/23/2011,FLG,AZ,AWP,WE,Federal Contract Tower,0,20,4,0,24,0,10,59,0,69,0,30,63,0,93,46,0,46,139
06/24/2011,FLG,AZ,AWP,WE,Federal Contract Tower,0,15,3,0,18,0,9,67,0,76,0,24,70,0,94,12,0,12,106
06/25/2011,FLG,AZ,AWP,WE,Federal Contract Tower,0,9,1,0,10,0,4,55,0,59,0,13,56,0,69,16,0,16,85
06/26/2011,FLG,AZ,AWP,WE,Federal Contract Tower,0,12,2,0,14,0,13,43,0,56,0,25,45,0,70,10,0,10,80
06/27/2011,FLG,AZ,AWP,WE,Federal Contract Tower,0,14,2,0,16,0,20,49,0,69,0,34,51,0,85,20,0,20,105
06/28/2011,FLG,AZ,AWP,WE,Federal Contract Tower,0,20,9,1,30,0,17,60,1,78,0,37,69,2,108,18,0,18,126
06/29/2011,FLG,AZ,AWP,WE,Federal Contract Tower,0,30,6,0,36,0,15,65,1,81,0,45,71,1,117,16,0,16,133
06/30/2011,FLG,AZ,AWP,WE,Federal Contract Tower,0,22,21,1,44,0,11,61,5,77,0,33,82,6,121,6,0,6,127
07/01/2011,FLG,AZ,AWP,WE,Federal Contract Tower,0,15,12,0,27,0,26,79,2,107,0,41,91,2,134,42,2,44,178
07/02/2011,FLG,AZ,AWP,WE,Federal Contract Tower,0,15,4,0,19,0,7,59,0,66,0,22,63,0,85,38,0,38,123
07/03/2011,FLG,AZ,AWP,WE,Federal Contract Tower,0,11,5,0,16,0,3,40,1,44,0,14,45,1,60,6,0,6,66
07/04/2011,FLG,AZ,AWP,WE,Federal Contract Tower,0,18,1,0,19,0,11,45,0,56,0,29,46,0,75,16,0,16,91
07/05/2011,FLG,AZ,AWP,WE,Federal Contract Tower,0,29,11,0,40,0,20,66,2,88,0,49,77,2,128,62,0,62,190
07/06/2011,FLG,AZ,AWP,WE,Federal Contract Tower,0,22,6,0,28,0,25,83,0,108,0,47,89,0,136,18,0,18,154
07/07/2011,FLG,AZ,AWP,WE,Federal Contract Tower,0,18,4,1,23,0,16,39,0,55,0,34,43,1,78,22,0,22,100
07/08/2011,FLG,AZ,AWP,WE,Federal Contract Tower,0,19,9,2,30,0,7,52,4,63,0,26,61,6,93,26,12,38,131
07/09/2011,FLG,AZ,AWP,WE,Federal Contract Tower,0,14,9,0,23,0,11,46,2,59,0,25,55,2,82,6,0,6,88
07/10/2011,FLG,AZ,AWP,WE,Federal Contract Tower,0,18,7,0,25,0,4,49,0,53,0,22,56,0,78,14,0,14,92
07/11/2011,FLG,AZ,AWP,WE,Federal Contract Tower,0,22,10,2,34,0,16,26,0,42,0,38,36,2,76,0,6,6,82
07/12/2011,FLG,AZ,AWP,WE,Federal Contract Tower,0,33,6,1,40,0,18,41,0,59,0,51,47,1,99,8,0,8,107
07/13/2011,FLG,AZ,AWP,WE,Federal Contract Tower,0,20,11,0,31,0,14,40,0,54,0,34,51,0,85,30,0,30,115
07/14/2011,FLG,AZ,AWP,WE,Federal Contract Tower,0,16,5,1,22,0,15,61,2,78,0,31,66,3,100,66,0,66,166
07/15/2011,FLG,AZ,AWP,WE,Federal Contract Tower,0,21,9,0,30,0,5,62,3,70,0,26,71,3,100,46,0,46,146
07/16/2011,FLG,AZ,AWP,WE,Federal Contract Tower,0,13,8,0,21,0,7,44,1,52,0,20,52,1,73,8,0,8,81
07/17/2011,FLG,AZ,AWP,WE,Federal Contract Tower,0,11,3,0,14,0,4,62,0,66,0,15,65,0,80,18,0,18,98
07/18/2011,FLG,AZ,AWP,WE,Federal Contract Tower,0,26,3,0,29,0,6,41,2,49,0,32,44,2,78,10,0,10,88
07/19/2011,FLG,AZ,AWP,WE,Federal Contract Tower,0,21,5,0,26,0,15,49,0,64,0,36,54,0,90,18,0,18,108
07/20/2011,FLG,AZ,AWP,WE,Federal Contract Tower,0,22,6,0,28,0,17,59,0,76,0,39,65,0,104,22,0,22,126
07/21/2011,FLG,AZ,AWP,WE,Federal Contract Tower,0,21,11,0,32,0,15,80,2,97,0,36,91,2,129,38,0,38,167
07/22/2011,FLG,AZ,AWP,WE,Federal Contract Tower,0,18,12,0,30,0,13,64,0,77,0,31,76,0,107,16,0,16,123
07/23/2011,FLG,AZ,AWP,WE,Federal Contract Tower,0,15,5,0,20,0,19,55,0,74,0,34,60,0,94,50,0,50,144
07/24/2011,FLG,AZ,AWP,WE,Federal Contract Tower,0,19,3,0,22,0,17,64,2,83,0,36,67,2,105,30,0,30,135
07/25/2011,FLG,AZ,AWP,WE,Federal Contract Tower,0,27,11,0,38,0,14,65,0,79,0,41,76,0,117,24,0,24,141
07/26/2011,FLG,AZ,AWP,WE,Federal Contract Tower,0,24,1,1,26,0,10,51,0,61,0,34,52,1,87,12,0,12,99
07/27/2011,FLG,AZ,AWP,WE,Federal Contract Tower,0,25,3,0,28,0,13,39,0,52,0,38,42,0,80,8,0,8,88
07/28/2011,FLG,AZ,AWP,WE,Federal Contract Tower,0,26,7,0,33,0,14,39,6,59,0,40,46,6,92,16,6,22,114
07/29/2011,FLG,AZ,AWP,WE,Federal Contract Tower,0,17,4,2,23,0,16,54,0,70,0,33,58,2,93,2,0,2,95
07/30/2011,FLG,AZ,AWP,WE,Federal Contract Tower,0,16,5,0,21,0,9,51,1,61,0,25,56,1,82,16,0,16,98
07/31/2011,FLG,AZ,AWP,WE,Federal Contract Tower,0,18,11,0,29,0,12,68,2,82,0,30,79,2,111,14,6,20,131
08/01/2011,FLG,AZ,AWP,WE,Federal Contract Tower,0,18,7,1,26,0,4,40,4,48,0,22,47,5,74,14,0,14,88
08/02/2011,FLG,AZ,AWP,WE,Federal Contract Tower,0,15,6,0,21,0,15,62,0,77,0,30,68,0,98,24,0,24,122
08/03/2011,FLG,AZ,AWP,WE,Federal Contract Tower,0,28,17,0,45,0,20,77,0,97,0,48,94,0,142,22,0,22,164
08/04/2011,FLG,AZ,AWP,WE,Federal Contract Tower,0,27,13,0,40,0,22,98,0,120,0,49,111,0,160,26,4,30,190
08/05/2011,FLG,AZ,AWP,WE,Federal Contract Tower,0,18,6,0,24,0,17,76,0,93,0,35,82,0,117,22,0,22,139
08/06/2011,FLG,AZ,AWP,WE,Federal Contract Tower,0,20,2,0,22,0,13,104,0,117,0,33,106,0,139,4,0,4,143
08/07/2011,FLG,AZ,AWP,WE,Federal Contract Tower,0,21,7,0,28,0,19,76,3,98,0,40,83,3,126,2,0,2,128
08/08/2011,FLG,AZ,AWP,WE,Federal Contract Tower,0,16,4,0,20,0,15,81,1,97,0,31,85,1,117,14,0,14,131
08/09/2011,FLG,AZ,AWP,WE,Federal Contract Tower,0,19,7,0,26,0,9,64,0,73,0,28,71,0,99,2,0,2,101
08/10/2011,FLG,AZ,AWP,WE,Federal Contract Tower,0,26,6,0,32,0,17,68,3,88,0,43,74,3,120,10,2,12,132
08/11/2011,FLG,AZ,AWP,WE,Federal Contract Tower,0,26,8,1,35,0,23,67,0,90,0,49,75,1,125,18,0,18,143
08/12/2011,FLG,AZ,AWP,WE,Federal Contract Tower,0,15,9,2,26,0,17,63,9,89,0,32,72,11,115,28,0,28,143
08/13/2011,FLG,AZ,AWP,WE,Federal Contract Tower,0,15,6,0,21,0,19,53,0,72,0,34,59,0,93,0,0,0,93
08/14/2011,FLG,AZ,AWP,WE,Federal Contract Tower,0,23,10,0,33,0,22,66,0,88,0,45,76,0,121,14,0,14,135
08/15/2011,FLG,AZ,AWP,WE,Federal Contract Tower,0,27,4,1,32,0,22,88,2,112,0,49,92,3,144,16,2,18,162
08/16/2011,FLG,AZ,AWP,WE,Federal Contract Tower,0,26,6,1,33,0,21,59,4,84,0,47,65,5,117,40,4,44,161
08/17/2011,FLG,AZ,AWP,WE,Federal Contract Tower,0,13,10,1,24,0,16,44,3,63,0,29,54,4,87,6,2,8,95
08/18/2011,FLG,AZ,AWP,WE,Federal Contract Tower,0,27,9,0,36,0,0,0,0,0,0,27,9,0,36,16,10,26,62
08/19/2011,FLG,AZ,AWP,WE,Federal Contract Tower,0,22,7,2,31,0,10,45,0,55,0,32,52,2,86,18,0,18,104
08/20/2011,FLG,AZ,AWP,WE,Federal Contract Tower,0,17,5,0,22,0,18,50,0,68,0,35,55,0,90,0,0,0,90
08/21/2011,FLG,AZ,AWP,WE,Federal Contract Tower,2,20,7,1,30,0,18,76,1,95,2,38,83,2,125,10,2,12,137
08/22/2011,FLG,AZ,AWP,WE,Federal Contract Tower,0,27,4,0,31,0,14,76,2,92,0,41,80,2,123,20,0,20,143
08/23/2011,FLG,AZ,AWP,WE,Federal Contract Tower,0,28,4,0,32,0,11,65,0,76,0,39,69,0,108,32,0,32,140
08/24/2011,FLG,AZ,AWP,WE,Federal Contract Tower,0,18,4,0,22,0,11,54,2,67,0,29,58,2,89,16,0,16,105
08/25/2011,FLG,AZ,AWP,WE,Federal Contract Tower,0,23,4,2,29,0,4,78,0,82,0,27,82,2,111,20,0,20,131
08/26/2011,FLG,AZ,AWP,WE,Federal Contract Tower,0,18,5,2,25,0,19,67,0,86,0,37,72,2,111,4,0,4,115
08/27/2011,FLG,AZ,AWP,WE,Federal Contract Tower,0,17,6,0,23,0,11,87,0,98,0,28,93,0,121,40,0,40,161
08/28/2011,FLG,AZ,AWP,WE,Federal Contract Tower,0,24,7,0,31,0,25,84,0,109,0,49,91,0,140,10,0,10,150
08/29/2011,FLG,AZ,AWP,WE,Federal Contract Tower,0,28,8,0,36,0,17,84,0,101,0,45,92,0,137,8,0,8,145
08/30/2011,FLG,AZ,AWP,WE,Federal Contract Tower,0,24,10,0,34,0,15,70,2,87,0,39,80,2,121,28,0,28,149
08/31/2011,FLG,AZ,AWP,WE,Federal Contract Tower,0,22,6,0,28,0,25,60,0,85,0,47,66,0,113,14,0,14,127
09/01/2011,FLG,AZ,AWP,WE,Federal Contract Tower,0,27,7,0,34,0,22,53,1,76,0,49,60,1,110,0,0,0,110
09/02/2011,FLG,AZ,AWP,WE,Federal Contract Tower,0,20,12,0,32,0,23,54,0,77,0,43,66,0,109,4,0,4,113
09/03/2011,FLG,AZ,AWP,WE,Federal Contract Tower,0,16,7,1,24,0,39,62,0,101,0,55,69,1,125,8,0,8,133
09/04/2011,FLG,AZ,AWP,WE,Federal Contract Tower,0,20,7,0,27,0,30,64,2,96,0,50,71,2,123,2,0,2,125
09/05/2011,FLG,AZ,AWP,WE,Federal Contract Tower,0,23,14,0,37,0,18,79,0,97,0,41,93,0,134,10,0,10,144
09/06/2011,FLG,AZ,AWP,WE,Federal Contract Tower,0,20,13,0,33,0,7,67,0,74,0,27,80,0,107,12,0,12,119
09/07/2011,FLG,AZ,AWP,WE,Federal Contract Tower,0,19,2,0,21,0,4,54,0,58,0,23,56,0,79,42,4,46,125
09/08/2011,FLG,AZ,AWP,WE,Federal Contract Tower,0,17,5,0,22,0,7,63,2,72,0,24,68,2,94,10,0,10,104
09/09/2011,FLG,AZ,AWP,WE,Federal Contract Tower,0,23,4,0,27,0,5,46,2,53,0,28,50,2,80,18,0,18,98
09/10/2011,FLG,AZ,AWP,WE,Federal Contract Tower,0,23,9,0,32,0,14,55,2,71,0,37,64,2,103,18,0,18,121
09/11/2011,FLG,AZ,AWP,WE,Federal Contract Tower,0,23,10,0,33,0,11,55,3,69,0,34,65,3,102,24,0,24,126
09/12/2011,FLG,AZ,AWP,WE,Federal Contract Tower,0,27,15,1,43,0,8,49,3,60,0,35,64,4,103,12,16,28,131
09/13/2011,FLG,AZ,AWP,WE,Federal Contract Tower,0,28,10,0,38,0,20,60,0,80,0,48,70,0,118,26,6,32,150
09/14/2011,FLG,AZ,AWP,WE,Federal Contract Tower,0,20,10,0,30,0,17,49,0,66,0,37,59,0,96,14,0,14,110
09/15/2011,FLG,AZ,AWP,WE,Federal Contract Tower,0,17,15,0,32,0,6,56,0,62,0,23,71,0,94,12,0,12,106
09/16/2011,FLG,AZ,AWP,WE,Federal Contract Tower,2,21,9,0,32,0,8,59,6,73,2,29,68,6,105,16,8,24,129
09/17/2011,FLG,AZ,AWP,WE,Federal Contract Tower,0,27,9,0,36,0,24,61,0,85,0,51,70,0,121,4,0,4,125
09/18/2011,FLG,AZ,AWP,WE,Federal Contract Tower,0,22,10,0,32,0,31,62,0,93,0,53,72,0,125,38,0,38,163
09/19/2011,FLG,AZ,AWP,WE,Federal Contract Tower,0,22,13,1,36,0,14,78,0,92,0,36,91,1,128,12,0,12,140
09/20/2011,FLG,AZ,AWP,WE,Federal Contract Tower,0,21,9,5,35,0,6,66,3,75,0,27,75,8,110,8,0,8,118
09/21/2011,FLG,AZ,AWP,WE,Federal Contract Tower,0,25,23,2,50,0,11,47,0,58,0,36,70,2,108,4,0,4,112
09/22/2011,FLG,AZ,AWP,WE,Federal Contract Tower,0,26,7,1,34,0,22,62,2,86,0,48,69,3,120,28,2,30,150
09/23/2011,FLG,AZ,AWP,WE,Federal Contract Tower,2,19,8,3,32,0,9,83,0,92,2,28,91,3,124,12,0,12,136
09/24/2011,FLG,AZ,AWP,WE,Federal Contract Tower,1,22,7,0,30,0,19,62,0,81,1,41,69,0,111,16,0,16,127
09/25/2011,FLG,AZ,AWP,WE,Federal Contract Tower,0,21,8,0,29,0,25,92,0,117,0,46,100,0,146,18,0,18,164
09/26/2011,FLG,AZ,AWP,WE,Federal Contract Tower,0,23,9,0,32,0,17,61,4,82,0,40,70,4,114,26,0,26,140
09/27/2011,FLG,AZ,AWP,WE,Federal Contract Tower,0,22,6,0,28,0,13,81,0,94,0,35,87,0,122,44,0,44,166
09/28/2011,FLG,AZ,AWP,WE,Federal Contract Tower,0,19,6,2,27,0,8,80,4,92,0,27,86,6,119,22,0,22,141
09/29/2011,FLG,AZ,AWP,WE,Federal Contract Tower,0,21,11,0,32,0,23,66,0,89,0,44,77,0,121,8,0,8,129
09/30/2011,FLG,AZ,AWP,WE,Federal Contract Tower,0,19,4,2,25,0,25,76,4,105,0,44,80,6,130,30,2,32,162
10/01/2011,FLG,AZ,AWP,WE,Federal Contract Tower,0,12,3,0,15,0,23,77,0,100,0,35,80,0,115,20,0,20,135
10/02/2011,FLG,AZ,AWP,WE,Federal Contract Tower,0,18,2,0,20,0,8,63,0,71,0,26,65,0,91,2,0,2,93
10/03/2011,FLG,AZ,AWP,WE,Federal Contract Tower,0,21,3,0,24,0,14,64,0,78,0,35,67,0,102,6,0,6,108
10/04/2011,FLG,AZ,AWP,WE,Federal Contract Tower,0,24,13,0,37,0,18,44,0,62,0,42,57,0,99,0,0,0,99
10/05/2011,FLG,AZ,AWP,WE,Federal Contract Tower,0,21,7,2,30,0,22,22,0,44,0,43,29,2,74,0,0,0,74
10/06/2011,FLG,AZ,AWP,WE,Federal Contract Tower,0,23,2,0,25,0,12,29,0,41,0,35,31,0,66,34,0,34,100
10/07/2011,FLG,AZ,AWP,WE,Federal Contract Tower,0,21,7,0,28,0,6,54,0,60,0,27,61,0,88,16,0,16,104
10/08/2011,FLG,AZ,AWP,WE,Federal Contract Tower,0,15,7,0,22,0,14,100,0,114,0,29,107,0,136,48,0,48,184
10/09/2011,FLG,AZ,AWP,WE,Federal Contract Tower,0,16,5,0,21,0,16,76,0,92,0,32,81,0,113,34,0,34,147
10/10/2011,FLG,AZ,AWP,WE,Federal Contract Tower,0,21,6,0,27,0,13,61,0,74,0,34,67,0,101,0,0,0,101
10/11/2011,FLG,AZ,AWP,WE,Federal Contract Tower,0,20,3,0,23,0,27,63,0,90,0,47,66,0,113,0,0,0,113
10/12/2011,FLG,AZ,AWP,WE,Federal Contract Tower,0,21,2,2,25,0,27,79,2,108,0,48,81,4,133,6,4,10,143
10/13/2011,FLG,AZ,AWP,WE,Federal Contract Tower,0,17,4,1,22,0,23,61,17,101,0,40,65,18,123,0,0,0,123
10/14/2011,FLG,AZ,AWP,WE,Federal Contract Tower,2,17,8,0,27,0,27,95,7,129,2,44,103,7,156,8,4,12,168
10/15/2011,FLG,AZ,AWP,WE,Federal Contract Tower,1,14,5,0,20,0,17,73,0,90,1,31,78,0,110,10,0,10,120
10/16/2011,FLG,AZ,AWP,WE,Federal Contract Tower,0,22,8,0,30,0,12,79,0,91,0,34,87,0,121,6,0,6,127
10/17/2011,FLG,AZ,AWP,WE,Federal Contract Tower,0,23,8,0,31,0,15,56,0,71,0,38,64,0,102,2,0,2,104
10/18/2011,FLG,AZ,AWP,WE,Federal Contract Tower,0,20,3,1,24,0,21,72,1,94,0,41,75,2,118,36,0,36,154
10/19/2011,FLG,AZ,AWP,WE,Federal Contract Tower,0,23,6,0,29,0,26,91,5,122,0,49,97,5,151,56,0,56,207
10/20/2011,FLG,AZ,AWP,WE,Federal Contract Tower,0,15,6,0,21,0,15,65,0,80,0,30,71,0,101,10,0,10,111
10/21/2011,FLG,AZ,AWP,WE,Federal Contract Tower,1,16,10,0,27,0,13,78,4,95,1,29,88,4,122,24,0,24,146
10/22/2011,FLG,AZ,AWP,WE,Federal Contract Tower,1,11,4,0,16,0,10,77,0,87,1,21,81,0,103,22,0,22,125
10/23/2011,FLG,AZ,AWP,WE,Federal Contract Tower,0,21,10,0,31,0,19,91,2,112,0,40,101,2,143,34,2,36,179
10/24/2011,FLG,AZ,AWP,WE,Federal Contract Tower,0,22,8,0,30,0,12,59,0,71,0,34,67,0,101,4,0,4,105
10/25/2011,FLG,AZ,AWP,WE,Federal Contract Tower,0,26,4,0,30,0,19,41,0,60,0,45,45,0,90,12,0,12,102
10/26/2011,FLG,AZ,AWP,WE,Federal Contract Tower,0,23,9,0,32,0,8,21,0,29,0,31,30,0,61,0,0,0,61
10/27/2011,FLG,AZ,AWP,WE,Federal Contract Tower,0,18,2,1,21,0,20,69,4,93,0,38,71,5,114,4,0,4,118
10/28/2011,FLG,AZ,AWP,WE,Federal Contract Tower,0,26,3,0,29,0,19,81,7,107,0,45,84,7,136,8,0,8,144
10/29/2011,FLG,AZ,AWP,WE,Federal Contract Tower,2,12,3,0,17,0,7,64,14,85,2,19,67,14,102,14,4,18,120
10/30/2011,FLG,AZ,AWP,WE,Federal Contract Tower,0,20,5,3,28,0,11,81,3,95,0,31,86,6,123,38,0,38,161
10/31/2011,FLG,AZ,AWP,WE,Federal Contract Tower,0,17,9,0,26,0,17,71,0,88,0,34,80,0,114,0,0,0,114
11/01/2011,FLG,AZ,AWP,WE,Federal Contract Tower,0,24,12,0,36,0,20,64,0,84,0,44,76,0,120,6,0,6,126
11/02/2011,FLG,AZ,AWP,WE,Federal Contract Tower,0,17,8,2,27,0,12,43,0,55,0,29,51,2,82,40,0,40,122
11/03/2011,FLG,AZ,AWP,WE,Federal Contract Tower,0,15,4,0,19,0,6,60,0,66,0,21,64,0,85,62,0,62,147
11/04/2011,FLG,AZ,AWP,WE,Federal Contract Tower,2,16,4,0,22,0,18,38,0,56,2,34,42,0,78,0,0,0,78
11/05/2011,FLG,AZ,AWP,WE,Federal Contract Tower,1,15,0,0,16,0,4,3,0,7,1,19,3,0,23,0,0,0,23
11/06/2011,FLG,AZ,AWP,WE,Federal Contract Tower,0,21,8,0,29,0,13,15,0,28,0,34,23,0,57,0,0,0,57
11/07/2011,FLG,AZ,AWP,WE,Federal Contract Tower,0,22,8,0,30,0,0,0,0,0,0,22,8,0,30,0,0,0,30
11/08/2011,FLG,AZ,AWP,WE,Federal Contract Tower,0,20,7,2,29,0,22,47,0,69,0,42,54,2,98,24,0,24,122
11/09/2011,FLG,AZ,AWP,WE,Federal Contract Tower,0,20,7,0,27,0,31,76,2,109,0,51,83,2,136,36,0,36,172
11/10/2011,FLG,AZ,AWP,WE,Federal Contract Tower,0,15,12,4,31,0,13,68,6,87,0,28,80,10,118,48,44,92,210
11/11/2011,FLG,AZ,AWP,WE,Federal Contract Tower,0,17,6,1,24,0,13,44,4,61,0,30,50,5,85,8,4,12,97
11/12/2011,FLG,AZ,AWP,WE,Federal Contract Tower,0,13,2,0,15,0,4,51,0,55,0,17,53,0,70,16,0,16,86
11/13/2011,FLG,AZ,AWP,WE,Federal Contract Tower,0,24,8,0,32,0,2,2,0,4,0,26,10,0,36,0,0,0,36
11/14/2011,FLG,AZ,AWP,WE,Federal Contract Tower,0,22,7,0,29,0,10,37,0,47,0,32,44,0,76,12,0,12,88
11/15/2011,FLG,AZ,AWP,WE,Federal Contract Tower,0,25,11,0,36,0,22,61,0,83,0,47,72,0,119,36,0,36,155
11/16/2011,FLG,AZ,AWP,WE,Federal Contract Tower,0,16,4,0,20,0,16,64,0,80,0,32,68,0,100,50,0,50,150
11/17/2011,FLG,AZ,AWP,WE,Federal Contract Tower,0,18,10,0,28,0,14,61,0,75,0,32,71,0,103,36,0,36,139
11/18/2011,FLG,AZ,AWP,WE,Federal Contract Tower,0,18,7,0,25,0,19,51,0,70,0,37,58,0,95,8,0,8,103
11/19/2011,FLG,AZ,AWP,WE,Federal Contract Tower,0,14,4,0,18,0,13,36,0,49,0,27,40,0,67,2,0,2,69
11/20/2011,FLG,AZ,AWP,WE,Federal Contract Tower,0,21,4,0,25,0,9,29,0,38,0,30,33,0,63,22,0,22,85
11/21/2011,FLG,AZ,AWP,WE,Federal Contract Tower,0,17,12,2,31,0,7,19,0,26,0,24,31,2,57,10,0,10,67
11/22/2011,FLG,AZ,AWP,WE,Federal Contract Tower,0,25,5,2,32,0,25,82,0,107,0,50,87,2,139,36,0,36,175
11/23/2011,FLG,AZ,AWP,WE,Federal Contract Tower,0,16,6,0,22,0,39,84,0,123,0,55,90,0,145,4,0,4,149
11/24/2011,FLG,AZ,AWP,WE,Federal Contract Tower,0,11,0,0,11,0,2,36,0,38,0,13,36,0,49,0,0,0,49
11/25/2011,FLG,AZ,AWP,WE,Federal Contract Tower,0,19,5,0,24,0,17,48,0,65,0,36,53,0,89,16,0,16,105
11/26/2011,FLG,AZ,AWP,WE,Federal Contract Tower,0,11,5,0,16,0,11,37,0,48,0,22,42,0,64,4,0,4,68
11/27/2011,FLG,AZ,AWP,WE,Federal Contract Tower,0,18,2,0,20,0,15,88,0,103,0,33,90,0,123,40,0,40,163
11/28/2011,FLG,AZ,AWP,WE,Federal Contract Tower,0,22,2,1,25,0,18,51,2,71,0,40,53,3,96,2,2,4,100
11/29/2011,FLG,AZ,AWP,WE,Federal Contract Tower,0,31,0,0,31,0,14,54,4,72,0,45,54,4,103,12,0,12,115
11/30/2011,FLG,AZ,AWP,WE,Federal Contract Tower,0,25,6,0,31,0,21,60,0,81,0,46,66,0,112,28,0,28,140
12/01/2011,FLG,AZ,AWP,WE,Federal Contract Tower,0,15,4,0,19,0,2,5,0,7,0,17,9,0,26,0,0,0,26
12/02/2011,FLG,AZ,AWP,WE,Federal Contract Tower,0,20,0,5,25,0,2,2,0,4,0,22,2,5,29,0,0,0,29
12/03/2011,FLG,AZ,AWP,WE,Federal Contract Tower,0,14,2,0,16,0,0,0,0,0,0,14,2,0,16,0,0,0,16
12/04/2011,FLG,AZ,AWP,WE,Federal Contract Tower,0,21,4,0,25,0,7,19,0,26,0,28,23,0,51,6,0,6,57
12/05/2011,FLG,AZ,AWP,WE,Federal Contract Tower,0,24,1,2,27,0,9,20,0,29,0,33,21,2,56,0,2,2,58
12/06/2011,FLG,AZ,AWP,WE,Federal Contract Tower,0,26,3,1,30,0,13,46,1,60,0,39,49,2,90,0,2,2,92
12/07/2011,FLG,AZ,AWP,WE,Federal Contract Tower,0,23,8,0,31,0,21,59,6,86,0,44,67,6,117,44,0,44,161
12/08/2011,FLG,AZ,AWP,WE,Federal Contract Tower,0,14,0,0,14,0,14,52,0,66,0,28,52,0,80,46,0,46,126
12/09/2011,FLG,AZ,AWP,WE,Federal Contract Tower,0,19,5,0,24,0,14,41,0,55,0,33,46,0,79,24,0,24,103
12/10/2011,FLG,AZ,AWP,WE,Federal Contract Tower,0,10,7,0,17,0,8,46,8,62,0,18,53,8,79,28,8,36,115
12/11/2011,FLG,AZ,AWP,WE,Federal Contract Tower,0,24,7,0,31,0,7,72,6,85,0,31,79,6,116,34,20,54,170
12/12/2011,FLG,AZ,AWP,WE,Federal Contract Tower,0,25,11,0,36,0,0,4,0,4,0,25,15,0,40,0,0,0,40
12/13/2011,FLG,AZ,AWP,WE,Federal Contract Tower,0,20,1,0,21,0,0,0,0,0,0,20,1,0,21,0,0,0,21
12/14/2011,FLG,AZ,AWP,WE,Federal Contract Tower,0,21,6,0,27,0,6,12,0,18,0,27,18,0,45,0,0,0,45
12/15/2011,FLG,AZ,AWP,WE,Federal Contract Tower,0,18,7,2,27,0,25,53,1,79,0,43,60,3,106,4,2,6,112
12/16/2011,FLG,AZ,AWP,WE,Federal Contract Tower,0,18,7,1,26,0,16,20,2,38,0,34,27,3,64,2,0,2,66
12/17/2011,FLG,AZ,AWP,WE,Federal Contract Tower,0,13,7,0,20,0,12,32,1,45,0,25,39,1,65,18,0,18,83
12/18/2011,FLG,AZ,AWP,WE,Federal Contract Tower,0,19,5,0,24,0,0,0,0,0,0,19,5,0,24,0,0,0,24
12/19/2011,FLG,AZ,AWP,WE,Federal Contract Tower,0,19,5,0,24,0,11,26,1,38,0,30,31,1,62,2,0,2,64
12/20/2011,FLG,AZ,AWP,WE,Federal Contract Tower,0,21,7,0,28,0,7,41,0,48,0,28,48,0,76,30,0,30,106
12/21/2011,FLG,AZ,AWP,WE,Federal Contract Tower,0,18,5,1,24,0,14,81,2,97,0,32,86,3,121,22,0,22,143
12/22/2011,FLG,AZ,AWP,WE,Federal Contract Tower,0,16,3,0,19,0,14,39,0,53,0,30,42,0,72,20,0,20,92
12/23/2011,FLG,AZ,AWP,WE,Federal Contract Tower,0,18,4,0,22,0,22,28,0,50,0,40,32,0,72,9,0,9,81
12/24/2011,FLG,AZ,AWP,WE,Federal Contract Tower,0,20,3,0,23,0,16,38,0,54,0,36,41,0,77,0,0,0,77
12/25/2011,FLG,AZ,AWP,WE,Federal Contract Tower,0,15,2,0,17,0,17,14,0,31,0,32,16,0,48,0,0,0,48
12/26/2011,FLG,AZ,AWP,WE,Federal Contract Tower,0,22,1,0,23,0,10,61,3,74,0,32,62,3,97,24,0,24,121
12/27/2011,FLG,AZ,AWP,WE,Federal Contract Tower,0,22,5,0,27,0,20,69,0,89,0,42,74,0,116,40,0,40,156
12/28/2011,FLG,AZ,AWP,WE,Federal Contract Tower,0,17,5,1,23,0,36,65,4,105,0,53,70,5,128,44,0,44,172
12/29/2011,FLG,AZ,AWP,WE,Federal Contract Tower,0,17,3,0,20,0,10,63,2,75,0,27,66,2,95,30,4,34,129
12/30/2011,FLG,AZ,AWP,WE,Federal Contract Tower,0,12,3,0,15,0,22,75,0,97,0,34,78,0,112,10,0,10,122
12/31/2011,FLG,AZ,AWP,WE,Federal Contract Tower,0,13,4,0,17,0,15,32,0,47,0,28,36,0,64,36,0,36,100
01/01/2012,FLG,AZ,AWP,WE,Federal Contract Tower,0,20,2,0,22,0,22,49,0,71,0,42,51,0,93,0,0,0,93
01/02/2012,FLG,AZ,AWP,WE,Federal Contract Tower,0,22,3,0,25,0,14,69,0,83,0,36,72,0,108,62,0,62,170
01/03/2012,FLG,AZ,AWP,WE,Federal Contract Tower,0,24,3,0,27,0,19,64,0,83,0,43,67,0,110,28,0,28,138
01/04/2012,FLG,AZ,AWP,WE,Federal Contract Tower,0,18,2,5,25,0,18,56,2,76,0,36,58,7,101,76,20,96,197
01/05/2012,FLG,AZ,AWP,WE,Federal Contract Tower,0,19,5,0,24,0,22,64,4,90,0,41,69,4,114,50,0,50,164
01/06/2012,FLG,AZ,AWP,WE,Federal Contract Tower,0,15,2,1,18,0,14,41,2,57,0,29,43,3,75,50,2,52,127
01/07/2012,FLG,AZ,AWP,WE,Federal Contract Tower,0,14,5,0,19,0,17,56,0,73,0,31,61,0,92,28,0,28,120
01/08/2012,FLG,AZ,AWP,WE,Federal Contract Tower,0,19,6,3,28,0,8,34,2,44,0,27,40,5,72,14,2,16,88
01/09/2012,FLG,AZ,AWP,WE,Federal Contract Tower,0,22,5,4,31,0,21,52,0,73,0,43,57,4,104,14,10,24,128
01/10/2012,FLG,AZ,AWP,WE,Federal Contract Tower,0,20,6,0,26,0,16,64,0,80,0,36,70,0,106,32,0,32,138
01/11/2012,FLG,AZ,AWP,WE,Federal Contract Tower,0,13,2,2,17,0,18,60,0,78,0,31,62,2,95,46,0,46,141
01/12/2012,FLG,AZ,AWP,WE,Federal Contract Tower,0,12,3,4,19,0,10,47,0,57,0,22,50,4,76,22,0,22,98
01/13/2012,FLG,AZ,AWP,WE,Federal Contract Tower,0,15,6,0,21,0,11,44,0,55,0,26,50,0,76,12,0,12,88
01/14/2012,FLG,AZ,AWP,WE,Federal Contract Tower,0,14,4,0,18,0,5,58,4,67,0,19,62,4,85,26,0,26,111
01/15/2012,FLG,AZ,AWP,WE,Federal Contract Tower,0,11,1,0,12,0,5,46,0,51,0,16,47,0,63,56,0,56,119
01/16/2012,FLG,AZ,AWP,WE,Federal Contract Tower,0,21,8,0,29,0,6,4,0,10,0,27,12,0,39,0,0,0,39
01/17/2012,FLG,AZ,AWP,WE,Federal Contract Tower,0,23,9,0,32,0,12,49,0,61,0,35,58,0,93,38,0,38,131
01/18/2012,FLG,AZ,AWP,WE,Federal Contract Tower,0,16,4,2,22,0,9,64,2,75,0,25,68,4,97,14,12,26,123
01/19/2012,FLG,AZ,AWP,WE,Federal Contract Tower,0,17,5,3,25,0,11,64,0,75,0,28,69,3,100,18,24,42,142
01/20/2012,FLG,AZ,AWP,WE,Federal Contract Tower,0,15,4,0,19,0,17,63,2,82,0,32,67,2,101,34,0,34,135
01/21/2012,FLG,AZ,AWP,WE,Federal Contract Tower,0,15,4,0,19,0,5,19,0,24,0,20,23,0,43,8,0,8,51
01/22/2012,FLG,AZ,AWP,WE,Federal Contract Tower,0,16,3,0,19,0,10,34,1,45,0,26,37,1,64,0,0,0,64
01/23/2012,FLG,AZ,AWP,WE,Federal Contract Tower,0,20,5,2,27,0,8,7,1,16,0,28,12,3,43,0,0,0,43
01/24/2012,FLG,AZ,AWP,WE,Federal Contract Tower,0,18,3,0,21,0,16,29,1,46,0,34,32,1,67,20,0,20,87
01/25/2012,FLG,AZ,AWP,WE,Federal Contract Tower,0,13,3,4,20,0,15,48,0,63,0,28,51,4,83,18,24,42,125
01/26/2012,FLG,AZ,AWP,WE,Federal Contract Tower,0,14,1,0,15,0,19,47,0,66,0,33,48,0,81,56,0,56,137
01/27/2012,FLG,AZ,AWP,WE,Federal Contract Tower,0,16,8,3,27,0,14,59,2,75,0,30,67,5,102,2,4,6,108
01/28/2012,FLG,AZ,AWP,WE,Federal Contract Tower,0,11,4,0,15,0,17,65,0,82,0,28,69,0,97,38,0,38,135
01/29/2012,FLG,AZ,AWP,WE,Federal Contract Tower,0,15,0,0,15,0,10,43,0,53,0,25,43,0,68,40,0,40,108
01/30/2012,FLG,AZ,AWP,WE,Federal Contract Tower,0,15,4,1,20,0,9,44,1,54,0,24,48,2,74,39,2,41,115
01/31/2012,FLG,AZ,AWP,WE,Federal Contract Tower,0,21,3,4,28,0,19,34,0,53,0,40,37,4,81,44,8,52,133
02/01/2012,FLG,AZ,AWP,WE,Federal Contract Tower,0,17,0,0,17,0,23,56,0,79,0,40,56,0,96,70,0,70,166
02/02/2012,FLG,AZ,AWP,WE,Federal Contract Tower,0,17,7,7,31,0,9,39,0,48,0,26,46,7,79,30,0,30,109
02/03/2012,FLG,AZ,AWP,WE,Federal Contract Tower,0,13,9,0,22,0,16,54,2,72,0,29,63,2,94,20,0,20,114
02/04/2012,FLG,AZ,AWP,WE,Federal Contract Tower,0,14,5,0,19,0,15,52,0,67,0,29,57,0,86,4,0,4,90
02/05/2012,FLG,AZ,AWP,WE,Federal Contract Tower,0,16,5,0,21,0,16,50,4,70,0,32,55,4,91,14,0,14,105
02/06/2012,FLG,AZ,AWP,WE,Federal Contract Tower,0,21,6,0,27,0,22,46,0,68,0,43,52,0,95,26,0,26,121
02/07/2012,FLG,AZ,AWP,WE,Federal Contract Tower,0,21,6,0,27,0,12,56,0,68,0,33,62,0,95,0,0,0,95
02/08/2012,FLG,AZ,AWP,WE,Federal Contract Tower,0,28,6,0,34,0,20,57,3,80,0,48,63,3,114,12,2,14,128
02/09/2012,FLG,AZ,AWP,WE,Federal Contract Tower,0,17,2,2,21,0,17,36,2,55,0,34,38,4,76,22,8,30,106
02/10/2012,FLG,AZ,AWP,WE,Federal Contract Tower,0,14,5,0,19,0,12,55,0,67,0,26,60,0,86,24,0,24,110
02/11/2012,FLG,AZ,AWP,WE,Federal Contract Tower,0,13,4,0,17,0,10,61,0,71,0,23,65,0,88,28,0,28,116
02/12/2012,FLG,AZ,AWP,WE,Federal Contract Tower,0,20,6,0,26,0,5,22,0,27,0,25,28,0,53,0,0,0,53
02/13/2012,FLG,AZ,AWP,WE,Federal Contract Tower,0,22,6,0,28,0,6,1,0,7,0,28,7,0,35,0,0,0,35
02/14/2012,FLG,AZ,AWP,WE,Federal Contract Tower,0,22,11,0,33,0,2,0,0,2,0,24,11,0,35,0,0,0,35
02/15/2012,FLG,AZ,AWP,WE,Federal Contract Tower,0,35,13,2,50,0,0,3,0,3,0,35,16,2,53,0,0,0,53
02/16/2012,FLG,AZ,AWP,WE,Federal Contract Tower,0,17,0,1,18,0,13,54,1,68,0,30,54,2,86,0,0,0,86
02/17/2012,FLG,AZ,AWP,WE,Federal Contract Tower,0,18,5,0,23,0,23,77,0,100,0,41,82,0,123,34,0,34,157
02/18/2012,FLG,AZ,AWP,WE,Federal Contract Tower,0,17,6,0,23,0,7,65,0,72,0,24,71,0,95,14,0,14,109
02/19/2012,FLG,AZ,AWP,WE,Federal Contract Tower,0,18,7,0,25,0,6,9,0,15,0,24,16,0,40,0,0,0,40
02/20/2012,FLG,AZ,AWP,WE,Federal Contract Tower,0,23,2,0,25,0,18,84,0,102,0,41,86,0,127,26,0,26,153
02/21/2012,FLG,AZ,AWP,WE,Federal Contract Tower,0,26,4,1,31,0,12,54,4,70,0,38,58,5,101,16,4,20,121
02/22/2012,FLG,AZ,AWP,WE,Federal Contract Tower,0,21,1,0,22,0,13,78,0,91,0,34,79,0,113,44,0,44,157
02/23/2012,FLG,AZ,AWP,WE,Federal Contract Tower,0,13,0,1,14,0,11,58,0,69,0,24,58,1,83,20,2,22,105
02/24/2012,FLG,AZ,AWP,WE,Federal Contract Tower,0,15,2,0,17,0,12,60,0,72,0,27,62,0,89,16,0,16,105
02/25/2012,FLG,AZ,AWP,WE,Federal Contract Tower,0,11,1,0,12,0,10,67,0,77,0,21,68,0,89,34,0,34,123
02/26/2012,FLG,AZ,AWP,WE,Federal Contract Tower,0,17,7,2,26,0,19,83,35,137,0,36,90,37,163,76,2,78,241
02/27/2012,FLG,AZ,AWP,WE,Federal Contract Tower,0,18,2,0,20,0,7,18,0,25,0,25,20,0,45,0,0,0,45
02/28/2012,FLG,AZ,AWP,WE,Federal Contract Tower,0,17,1,0,18,0,1,17,0,18,0,18,18,0,36,2,0,2,38
02/29/2012,FLG,AZ,AWP,WE,Federal Contract Tower,0,22,5,0,27,0,23,70,6,99,0,45,75,6,126,6,2,8,134
03/01/2012,FLG,AZ,AWP,WE,Federal Contract Tower,0,18,3,0,21,0,10,44,0,54,0,28,47,0,75,20,0,20,95
03/02/2012,FLG,AZ,AWP,WE,Federal Contract Tower,0,14,4,0,18,0,10,53,0,63,0,24,57,0,81,2,0,2,83
03/03/2012,FLG,AZ,AWP,WE,Federal Contract Tower,0,15,2,2,19,0,5,67,6,78,0,20,69,8,97,20,0,20,117
03/04/2012,FLG,AZ,AWP,WE,Federal Contract Tower,0,18,2,0,20,0,12,54,4,70,0,30,56,4,90,18,0,18,108
03/05/2012,FLG,AZ,AWP,WE,Federal Contract Tower,0,16,1,0,17,0,16,63,6,85,0,32,64,6,102,46,8,54,156
03/06/2012,FLG,AZ,AWP,WE,Federal Contract Tower,0,21,6,0,27,0,14,20,2,36,0,35,26,2,63,2,6,8,71
03/07/2012,FLG,AZ,AWP,WE,Federal Contract Tower,0,20,5,0,25,0,5,16,0,21,0,25,21,0,46,10,0,10,56
03/08/2012,FLG,AZ,AWP,WE,Federal Contract Tower,0,18,3,0,21,0,4,52,0,56,0,22,55,0,77,26,0,26,103
03/09/2012,FLG,AZ,AWP,WE,Federal Contract Tower,0,16,4,0,20,0,17,79,0,96,0,33,83,0,116,12,0,12,128
03/10/2012,FLG,AZ,AWP,WE,Federal Contract Tower,0,11,1,0,12,0,11,84,2,97,0,22,85,2,109,48,2,50,159
03/11/2012,FLG,AZ,AWP,WE,Federal Contract Tower,0,13,1,0,14,0,8,59,0,67,0,21,60,0,81,8,0,8,89
03/12/2012,FLG,AZ,AWP,WE,Federal Contract Tower,0,16,3,4,23,0,9,67,5,81,0,25,70,9,104,81,6,87,191
03/13/2012,FLG,AZ,AWP,WE,Federal Contract Tower,0,15,7,1,23,0,15,61,5,81,0,30,68,6,104,20,4,24,128
03/14/2012,FLG,AZ,AWP,WE,Federal Contract Tower,0,17,5,0,22,0,20,60,0,80,0,37,65,0,102,38,0,38,140
03/15/2012,FLG,AZ,AWP,WE,Federal Contract Tower,0,13,7,2,22,0,18,61,5,84,0,31,68,7,106,85,2,87,193
03/16/2012,FLG,AZ,AWP,WE,Federal Contract Tower,0,17,5,1,23,0,8,57,1,66,0,25,62,2,89,42,2,44,133
03/17/2012,FLG,AZ,AWP,WE,Federal Contract Tower,0,12,5,0,17,0,15,31,0,46,0,27,36,0,63,44,0,44,107
03/18/2012,FLG,AZ,AWP,WE,Federal Contract Tower,0,2,0,0,2,0,0,0,0,0,0,2,0,0,2,0,0,0,2
03/19/2012,FLG,AZ,AWP,WE,Federal Contract Tower,0,13,3,0,16,0,3,7,0,10,0,16,10,0,26,0,0,0,26
03/20/2012,FLG,AZ,AWP,WE,Federal Contract Tower,0,16,5,0,21,0,26,46,1,73,0,42,51,1,94,58,2,60,154
03/21/2012,FLG,AZ,AWP,WE,Federal Contract Tower,0,20,5,0,25,0,28,69,0,97,0,48,74,0,122,34,0,34,156
03/22/2012,FLG,AZ,AWP,WE,Federal Contract Tower,0,17,10,0,27,0,19,75,0,94,0,36,85,0,121,70,0,70,191
03/23/2012,FLG,AZ,AWP,WE,Federal Contract Tower,0,17,3,2,22,0,17,88,2,107,0,34,91,4,129,32,2,34,163
03/24/2012,FLG,AZ,AWP,WE,Federal Contract Tower,0,12,2,0,14,0,14,75,0,89,0,26,77,0,103,30,0,30,133
03/25/2012,FLG,AZ,AWP,WE,Federal Contract Tower,0,20,3,2,25,0,17,46,2,65,0,37,49,4,90,10,0,10,100
03/26/2012,FLG,AZ,AWP,WE,Federal Contract Tower,0,15,6,0,21,0,12,38,0,50,0,27,44,0,71,34,0,34,105
03/27/2012,FLG,AZ,AWP,WE,Federal Contract Tower,0,17,5,0,22,0,18,52,4,74,0,35,57,4,96,20,0,20,116
03/28/2012,FLG,AZ,AWP,WE,Federal Contract Tower,0,17,2,2,21,0,16,74,8,98,0,33,76,10,119,56,8,64,183
03/29/2012,FLG,AZ,AWP,WE,Federal Contract Tower,0,15,4,0,19,0,14,62,4,80,0,29,66,4,99,50,4,54,153
03/30/2012,FLG,AZ,AWP,WE,Federal Contract Tower,0,15,1,0,16,0,16,68,0,84,0,31,69,0,100,34,0,34,134
03/31/2012,FLG,AZ,AWP,WE,Federal Contract Tower,0,10,0,0,10,0,20,59,0,79,0,30,59,0,89,22,0,22,111
04/01/2012,FLG,AZ,AWP,WE,Federal Contract Tower,0,14,5,0,19,0,7,41,0,48,0,21,46,0,67,4,0,4,71
04/02/2012,FLG,AZ,AWP,WE,Federal Contract Tower,0,23,1,0,24,0,31,52,4,87,0,54,53,4,111,16,0,16,127
04/03/2012,FLG,AZ,AWP,WE,Federal Contract Tower,0,22,11,0,33,0,21,69,0,90,0,43,80,0,123,16,0,16,139
04/04/2012,FLG,AZ,AWP,WE,Federal Contract Tower,0,23,7,2,32,0,14,72,0,86,0,37,79,2,118,44,0,44,162
04/05/2012,FLG,AZ,AWP,WE,Federal Contract Tower,0,26,5,0,31,0,6,59,0,65,0,32,64,0,96,12,0,12,108
04/06/2012,FLG,AZ,AWP,WE,Federal Contract Tower,0,17,4,0,21,0,29,75,0,104,0,46,79,0,125,20,0,20,145
04/07/2012,FLG,AZ,AWP,WE,Federal Contract Tower,0,11,7,0,18,0,16,86,0,102,0,27,93,0,120,38,0,38,158
04/08/2012,FLG,AZ,AWP,WE,Federal Contract Tower,0,18,0,0,18,0,10,63,0,73,0,28,63,0,91,32,0,32,123
04/09/2012,FLG,AZ,AWP,WE,Federal Contract Tower,0,22,8,1,31,0,10,65,7,82,0,32,73,8,113,48,0,48,161
04/10/2012,FLG,AZ,AWP,WE,Federal Contract Tower,0,21,8,0,29,0,26,55,6,87,0,47,63,6,116,18,0,18,134
04/11/2012,FLG,AZ,AWP,WE,Federal Contract Tower,0,20,10,0,30,0,9,16,0,25,0,29,26,0,55,6,0,6,61
04/12/2012,FLG,AZ,AWP,WE,Federal Contract Tower,0,19,3,0,22,0,5,71,12,88,0,24,74,12,110,22,0,22,132
04/13/2012,FLG,AZ,AWP,WE,Federal Contract Tower,0,15,10,2,27,0,16,35,0,51,0,31,45,2,78,10,2,12,90
04/14/2012,FLG,AZ,AWP,WE,Federal Contract Tower,0,8,0,0,8,0,0,0,0,0,0,8,0,0,8,0,0,0,8
04/15/2012,FLG,AZ,AWP,WE,Federal Contract Tower,0,22,4,0,26,0,11,35,0,46,0,33,39,0,72,0,0,0,72
04/16/2012,FLG,AZ,AWP,WE,Federal Contract Tower,0,24,3,0,27,0,12,55,2,69,0,36,58,2,96,38,0,38,134
04/17/2012,FLG,AZ,AWP,WE,Federal Contract Tower,0,19,6,3,28,0,33,67,5,105,0,52,73,8,133,38,4,42,175
04/18/2012,FLG,AZ,AWP,WE,Federal Contract Tower,0,20,5,0,25,0,19,65,0,84,0,39,70,0,109,56,0,56,165
04/19/2012,FLG,AZ,AWP,WE,Federal Contract Tower,0,19,1,0,20,0,13,88,1,102,0,32,89,1,122,52,0,52,174
04/20/2012,FLG,AZ,AWP,WE,Federal Contract Tower,0,15,4,0,19,0,29,86,0,115,0,44,90,0,134,58,0,58,192
04/21/2012,FLG,AZ,AWP,WE,Federal Contract Tower,0,20,1,0,21,0,16,84,0,100,0,36,85,0,121,70,0,70,191
04/22/2012,FLG,AZ,AWP,WE,Federal Contract Tower,0,17,1,1,19,0,19,84,0,103,0,36,85,1,122,4,0,4,126
04/23/2012,FLG,AZ,AWP,WE,Federal Contract Tower,0,19,4,0,23,0,14,69,0,83,0,33,73,0,106,2,0,2,108
04/24/2012,FLG,AZ,AWP,WE,Federal Contract Tower,0,19,8,3,30,0,18,77,2,97,0,37,85,5,127,22,6,28,155
04/25/2012,FLG,AZ,AWP,WE,Federal Contract Tower,0,20,7,2,29,0,16,55,3,74,0,36,62,5,103,44,2,46,149
04/26/2012,FLG,AZ,AWP,WE,Federal Contract Tower,0,20,4,0,24,0,18,16,0,34,0,38,20,0,58,0,0,0,58
04/27/2012,FLG,AZ,AWP,WE,Federal Contract Tower,0,17,2,1,20,0,25,55,2,82,0,42,57,3,102,28,2,30,132
04/28/2012,FLG,AZ,AWP,WE,Federal Contract Tower,0,14,2,1,17,0,10,64,0,74,0,24,66,1,91,2,0,2,93
04/29/2012,FLG,AZ,AWP,WE,Federal Contract Tower,0,18,5,0,23,0,15,83,0,98,0,33,88,0,121,0,0,0,121
04/30/2012,FLG,AZ,AWP,WE,Federal Contract Tower,0,19,3,0,22,0,19,54,0,73,0,38,57,0,95,14,0,14,109
05/01/2012,FLG,AZ,AWP,WE,Federal Contract Tower,0,24,4,0,28,0,17,56,0,73,0,41,60,0,101,32,0,32,133
05/02/2012,FLG,AZ,AWP,WE,Federal Contract Tower,0,23,5,0,28,0,27,65,2,94,0,50,70,2,122,12,0,12,134
05/03/2012,FLG,AZ,AWP,WE,Federal Contract Tower,0,20,9,0,29,0,28,77,0,105,0,48,86,0,134,84,0,84,218
05/04/2012,FLG,AZ,AWP,WE,Federal Contract Tower,0,19,9,0,28,0,17,75,0,92,0,36,84,0,120,22,0,22,142
05/05/2012,FLG,AZ,AWP,WE,Federal Contract Tower,0,17,3,0,20,0,14,69,0,83,0,31,72,0,103,0,0,0,103
05/06/2012,FLG,AZ,AWP,WE,Federal Contract Tower,0,22,1,0,23,0,14,89,2,105,0,36,90,2,128,18,0,18,146
05/07/2012,FLG,AZ,AWP,WE,Federal Contract Tower,0,17,5,0,22,0,21,51,0,72,0,38,56,0,94,20,0,20,114
05/08/2012,FLG,AZ,AWP,WE,Federal Contract Tower,0,20,4,1,25,0,20,43,4,67,0,40,47,5,92,12,0,12,104
05/09/2012,FLG,AZ,AWP,WE,Federal Contract Tower,2,26,6,0,34,0,26,59,0,85,2,52,65,0,119,32,0,32,151
05/10/2012,FLG,AZ,AWP,WE,Federal Contract Tower,0,19,5,0,24,0,34,79,0,113,0,53,84,0,137,58,0,58,195
05/11/2012,FLG,AZ,AWP,WE,Federal Contract Tower,0,26,9,2,37,0,29,120,1,150,0,55,129,3,187,98,2,100,287
05/12/2012,FLG,AZ,AWP,WE,Federal Contract Tower,0,19,0,0,19,0,30,74,0,104,0,49,74,0,123,8,0,8,131
05/13/2012,FLG,AZ,AWP,WE,Federal Contract Tower,0,19,2,0,21,0,9,75,0,84,0,28,77,0,105,6,0,6,111
05/14/2012,FLG,AZ,AWP,WE,Federal Contract Tower,0,23,3,1,27,0,33,46,1,80,0,56,49,2,107,0,0,0,107
05/15/2012,FLG,AZ,AWP,WE,Federal Contract Tower,0,23,2,2,27,0,18,68,0,86,0,41,70,2,113,4,0,4,117
05/16/2012,FLG,AZ,AWP,WE,Federal Contract Tower,0,19,5,0,24,0,22,63,0,85,0,41,68,0,109,10,0,10,119
05/17/2012,FLG,AZ,AWP,WE,Federal Contract Tower,0,26,4,0,30,0,30,87,0,117,0,56,91,0,147,44,0,44,191
05/18/2012,FLG,AZ,AWP,WE,Federal Contract Tower,0,26,7,3,36,0,9,52,10,71,0,35,59,13,107,0,0,0,107
05/19/2012,FLG,AZ,AWP,WE,Federal Contract Tower,0,13,6,0,19,0,18,191,12,221,0,31,197,12,240,86,2,88,328
05/20/2012,FLG,AZ,AWP,WE,Federal Contract Tower,0,17,0,1,18,0,18,100,8,126,0,35,100,9,144,40,8,48,192
05/21/2012,FLG,AZ,AWP,WE,Federal Contract Tower,0,21,1,2,24,0,19,72,1,92,0,40,73,3,116,34,0,34,150
05/22/2012,FLG,AZ,AWP,WE,Federal Contract Tower,0,23,7,0,30,0,15,74,0,89,0,38,81,0,119,14,0,14,133
05/23/2012,FLG,AZ,AWP,WE,Federal Contract Tower,0,18,4,0,22,0,20,51,0,71,0,38,55,0,93,4,0,4,97
05/24/2012,FLG,AZ,AWP,WE,Federal Contract Tower,0,20,4,3,27,0,16,77,3,96,0,36,81,6,123,2,0,2,125
05/25/2012,FLG,AZ,AWP,WE,Federal Contract Tower,0,18,4,0,22,0,15,33,0,48,0,33,37,0,70,0,0,0,70
05/26/2012,FLG,AZ,AWP,WE,Federal Contract Tower,0,16,8,0,24,0,16,35,0,51,0,32,43,0,75,0,0,0,75
05/27/2012,FLG,AZ,AWP,WE,Federal Contract Tower,0,21,5,0,26,0,28,99,0,127,0,49,104,0,153,12,0,12,165
05/28/2012,FLG,AZ,AWP,WE,Federal Contract Tower,0,21,8,0,29,0,23,100,0,123,0,44,108,0,152,12,0,12,164
05/29/2012,FLG,AZ,AWP,WE,Federal Contract Tower,0,28,4,0,32,0,16,56,0,72,0,44,60,0,104,4,0,4,108
05/30/2012,FLG,AZ,AWP,WE,Federal Contract Tower,0,19,3,0,22,0,31,78,2,111,0,50,81,2,133,30,0,30,163
05/31/2012,FLG,AZ,AWP,WE,Federal Contract Tower,0,17,5,0,22,0,22,86,0,108,0,39,91,0,130,2,0,2,132
06/01/2012,FLG,AZ,AWP,WE,Federal Contract Tower,0,22,3,0,25,0,18,85,0,103,0,40,88,0,128,4,0,4,132
06/02/2012,FLG,AZ,AWP,WE,Federal Contract Tower,0,13,4,1,18,0,9,70,4,83,0,22,74,5,101,2,2,4,105
06/03/2012,FLG,AZ,AWP,WE,Federal Contract Tower,0,17,4,0,21,0,10,83,1,94,0,27,87,1,115,40,0,40,155
06/04/2012,FLG,AZ,AWP,WE,Federal Contract Tower,0,21,4,0,25,0,14,53,1,68,0,35,57,1,93,6,0,6,99
06/05/2012,FLG,AZ,AWP,WE,Federal Contract Tower,0,19,2,1,22,0,24,52,1,77,0,43,54,2,99,16,2,18,117
06/06/2012,FLG,AZ,AWP,WE,Federal Contract Tower,0,20,4,0,24,0,27,79,2,108,0,47,83,2,132,24,0,24,156
06/07/2012,FLG,AZ,AWP,WE,Federal Contract Tower,0,23,9,0,32,0,23,89,7,119,0,46,98,7,151,18,0,18,169
06/08/2012,FLG,AZ,AWP,WE,Federal Contract Tower,0,21,5,0,26,0,17,71,3,91,0,38,76,3,117,8,0,8,125
06/09/2012,FLG,AZ,AWP,WE,Federal Contract Tower,0,13,5,0,18,0,16,59,3,78,0,29,64,3,96,0,0,0,96
06/10/2012,FLG,AZ,AWP,WE,Federal Contract Tower,0,22,5,1,28,0,17,95,0,112,0,39,100,1,140,16,0,16,156
06/11/2012,FLG,AZ,AWP,WE,Federal Contract Tower,0,18,5,0,23,0,19,64,2,85,0,37,69,2,108,16,0,16,124
06/12/2012,FLG,AZ,AWP,WE,Federal Contract Tower,0,18,4,0,22,0,13,59,0,72,0,31,63,0,94,10,0,10,104
06/13/2012,FLG,AZ,AWP,WE,Federal Contract Tower,0,21,7,0,28,0,30,82,0,112,0,51,89,0,140,36,0,36,176
06/14/2012,FLG,AZ,AWP,WE,Federal Contract Tower,0,18,6,0,24,0,19,54,0,73,0,37,60,0,97,18,0,18,115
06/15/2012,FLG,AZ,AWP,WE,Federal Contract Tower,4,21,2,0,27,1,7,80,8,96,5,28,82,8,123,6,2,8,131
06/16/2012,FLG,AZ,AWP,WE,Federal Contract Tower,0,11,2,0,13,0,29,71,0,100,0,40,73,0,113,16,0,16,129
06/17/2012,FLG,AZ,AWP,WE,Federal Contract Tower,0,17,11,0,28,0,11,82,0,93,0,28,93,0,121,28,0,28,149
06/18/2012,FLG,AZ,AWP,WE,Federal Contract Tower,0,21,2,0,23,0,20,59,0,79,0,41,61,0,102,0,0,0,102
06/19/2012,FLG,AZ,AWP,WE,Federal Contract Tower,0,21,3,2,26,0,25,72,1,98,0,46,75,3,124,46,0,46,170
06/20/2012,FLG,AZ,AWP,WE,Federal Contract Tower,0,19,5,0,24,0,23,90,4,117,0,42,95,4,141,52,0,52,193
06/21/2012,FLG,AZ,AWP,WE,Federal Contract Tower,0,23,1,0,24,0,17,77,3,97,0,40,78,3,121,18,0,18,139
06/22/2012,FLG,AZ,AWP,WE,Federal Contract Tower,0,18,7,0,25,0,16,75,5,96,0,34,82,5,121,2,0,2,123
06/23/2012,FLG,AZ,AWP,WE,Federal Contract Tower,0,14,1,0,15,0,14,62,0,76,0,28,63,0,91,22,0,22,113
06/24/2012,FLG,AZ,AWP,WE,Federal Contract Tower,0,24,3,0,27,0,6,95,0,101,0,30,98,0,128,16,0,16,144
06/25/2012,FLG,AZ,AWP,WE,Federal Contract Tower,0,20,4,0,24,0,11,71,0,82,0,31,75,0,106,8,0,8,114
06/26/2012,FLG,AZ,AWP,WE,Federal Contract Tower,0,22,9,0,31,0,11,59,0,70,0,33,68,0,101,16,0,16,117
06/27/2012,FLG,AZ,AWP,WE,Federal Contract Tower,0,20,4,2,26,0,21,99,0,120,0,41,103,2,146,36,0,36,182
06/28/2012,FLG,AZ,AWP,WE,Federal Contract Tower,0,16,7,0,23,0,18,82,0,100,0,34,89,0,123,60,0,60,183
06/29/2012,FLG,AZ,AWP,WE,Federal Contract Tower,0,18,0,1,19,0,15,71,0,86,0,33,71,1,105,34,2,36,141
06/30/2012,FLG,AZ,AWP,WE,Federal Contract Tower,0,15,4,0,19,0,14,89,4,107,0,29,93,4,126,20,0,20,146
07/01/2012,FLG,AZ,AWP,WE,Federal Contract Tower,0,21,4,0,25,0,26,90,0,116,0,47,94,0,141,20,0,20,161
07/02/2012,FLG,AZ,AWP,WE,Federal Contract Tower,0,24,5,2,31,0,21,68,0,89,0,45,73,2,120,34,0,34,154
07/03/2012,FLG,AZ,AWP,WE,Federal Contract Tower,0,20,2,0,22,0,14,54,1,69,0,34,56,1,91,42,0,42,133
07/04/2012,FLG,AZ,AWP,WE,Federal Contract Tower,0,17,3,0,20,0,20,37,0,57,0,37,40,0,77,22,0,22,99
07/05/2012,FLG,AZ,AWP,WE,Federal Contract Tower,0,20,12,0,32,0,21,53,0,74,0,41,65,0,106,40,0,40,146
07/06/2012,FLG,AZ,AWP,WE,Federal Contract Tower,0,18,7,3,28,0,21,66,3,90,0,39,73,6,118,18,16,34,152
07/07/2012,FLG,AZ,AWP,WE,Federal Contract Tower,0,13,1,1,15,0,19,71,3,93,0,32,72,4,108,50,0,50,158
07/08/2012,FLG,AZ,AWP,WE,Federal Contract Tower,0,11,7,0,18,0,24,92,0,116,0,35,99,0,134,32,0,32,166
07/09/2012,FLG,AZ,AWP,WE,Federal Contract Tower,0,21,1,0,22,0,17,63,1,81,0,38,64,1,103,24,0,24,127
07/10/2012,FLG,AZ,AWP,WE,Federal Contract Tower,0,26,2,0,28,0,30,48,0,78,0,56,50,0,106,26,0,26,132
07/11/2012,FLG,AZ,AWP,WE,Federal Contract Tower,0,19,3,2,24,0,26,82,2,110,0,45,85,4,134,12,0,12,146
07/12/2012,FLG,AZ,AWP,WE,Federal Contract Tower,0,17,3,0,20,0,19,59,0,78,0,36,62,0,98,8,0,8,106
07/13/2012,FLG,AZ,AWP,WE,Federal Contract Tower,0,12,7,0,19,0,9,64,4,77,0,21,71,4,96,62,0,62,158
07/14/2012,FLG,AZ,AWP,WE,Federal Contract Tower,0,15,8,0,23,0,13,27,0,40,0,28,35,0,63,10,0,10,73
07/15/2012,FLG,AZ,AWP,WE,Federal Contract Tower,0,13,9,0,22,0,8,55,0,63,0,21,64,0,85,16,0,16,101
07/16/2012,FLG,AZ,AWP,WE,Federal Contract Tower,0,11,0,0,11,0,13,42,4,59,0,24,42,4,70,48,2,50,120
07/17/2012,FLG,AZ,AWP,WE,Federal Contract Tower,0,17,3,0,20,0,22,66,0,88,0,39,69,0,108,42,0,42,150
07/18/2012,FLG,AZ,AWP,WE,Federal Contract Tower,0,17,8,2,27,0,14,83,9,106,0,31,91,11,133,56,14,70,203
07/19/2012,FLG,AZ,AWP,WE,Federal Contract Tower,0,17,4,0,21,0,27,82,0,109,0,44,86,0,130,14,0,14,144
07/20/2012,FLG,AZ,AWP,WE,Federal Contract Tower,0,16,4,0,20,0,6,73,2,81,0,22,77,2,101,24,0,24,125
07/21/2012,FLG,AZ,AWP,WE,Federal Contract Tower,1,17,3,0,21,0,11,74,0,85,1,28,77,0,106,28,0,28,134
07/22/2012,FLG,AZ,AWP,WE,Federal Contract Tower,1,14,9,2,26,0,6,96,7,109,1,20,105,9,135,10,0,10,145
07/23/2012,FLG,AZ,AWP,WE,Federal Contract Tower,0,26,5,0,31,0,24,40,2,66,0,50,45,2,97,24,10,34,131
07/24/2012,FLG,AZ,AWP,WE,Federal Contract Tower,0,23,17,0,40,0,2,34,0,36,0,25,51,0,76,10,0,10,86
07/25/2012,FLG,AZ,AWP,WE,Federal Contract Tower,0,17,6,0,23,0,35,76,0,111,0,52,82,0,134,50,2,52,186
07/26/2012,FLG,AZ,AWP,WE,Federal Contract Tower,0,21,5,0,26,0,18,67,5,90,0,39,72,5,116,12,4,16,132
07/27/2012,FLG,AZ,AWP,WE,Federal Contract Tower,2,26,9,0,37,0,14,62,0,76,2,40,71,0,113,14,0,14,127
07/28/2012,FLG,AZ,AWP,WE,Federal Contract Tower,0,20,6,0,26,0,7,39,0,46,0,27,45,0,72,2,0,2,74
07/29/2012,FLG,AZ,AWP,WE,Federal Contract Tower,0,26,6,0,32,0,9,59,0,68,0,35,65,0,100,18,0,18,118
07/30/2012,FLG,AZ,AWP,WE,Federal Contract Tower,0,19,5,0,24,0,11,50,0,61,0,30,55,0,85,0,0,0,85
07/31/2012,FLG,AZ,AWP,WE,Federal Contract Tower,0,19,14,0,33,0,6,38,2,46,0,25,52,2,79,0,0,0,79
08/01/2012,FLG,AZ,AWP,WE,Federal Contract Tower,0,23,8,0,31,0,17,72,0,89,0,40,80,0,120,40,0,40,160
08/02/2012,FLG,AZ,AWP,WE,Federal Contract Tower,0,24,10,2,36,0,29,67,0,96,0,53,77,2,132,62,0,62,194
08/03/2012,FLG,AZ,AWP,WE,Federal Contract Tower,0,15,7,0,22,0,15,78,0,93,0,30,85,0,115,22,0,22,137
08/04/2012,FLG,AZ,AWP,WE,Federal Contract Tower,0,23,7,0,30,0,16,52,0,68,0,39,59,0,98,36,0,36,134
08/05/2012,FLG,AZ,AWP,WE,Federal Contract Tower,0,19,13,0,32,0,8,61,0,69,0,27,74,0,101,12,0,12,113
08/06/2012,FLG,AZ,AWP,WE,Federal Contract Tower,0,18,8,0,26,0,22,64,0,86,0,40,72,0,112,8,0,8,120
08/07/2012,FLG,AZ,AWP,WE,Federal Contract Tower,0,20,9,0,29,0,19,47,8,74,0,39,56,8,103,6,8,14,117
08/08/2012,FLG,AZ,AWP,WE,Federal Contract Tower,0,15,4,0,19,0,14,51,0,65,0,29,55,0,84,44,0,44,128
08/09/2012,FLG,AZ,AWP,WE,Federal Contract Tower,0,15,9,0,24,0,12,67,4,83,0,27,76,4,107,32,6,38,145
08/10/2012,FLG,AZ,AWP,WE,Federal Contract Tower,0,17,8,0,25,0,18,71,3,92,0,35,79,3,117,24,4,28,145
08/11/2012,FLG,AZ,AWP,WE,Federal Contract Tower,0,14,5,0,19,0,14,49,2,65,0,28,54,2,84,10,2,12,96
08/12/2012,FLG,AZ,AWP,WE,Federal Contract Tower,0,16,11,1,28,0,17,68,0,85,0,33,79,1,113,30,0,30,143
08/13/2012,FLG,AZ,AWP,WE,Federal Contract Tower,0,20,7,0,27,0,21,71,0,92,0,41,78,0,119,24,2,26,145
08/14/2012,FLG,AZ,AWP,WE,Federal Contract Tower,0,16,0,0,16,0,31,54,0,85,0,47,54,0,101,32,0,32,133
08/15/2012,FLG,AZ,AWP,WE,Federal Contract Tower,0,21,6,0,27,0,17,70,2,89,0,38,76,2,116,28,0,28,144
08/16/2012,FLG,AZ,AWP,WE,Federal Contract Tower,0,19,9,0,28,0,14,44,0,58,0,33,53,0,86,16,0,16,102
08/17/2012,FLG,AZ,AWP,WE,Federal Contract Tower,0,21,11,0,32,0,22,77,0,99,0,43,88,0,131,32,0,32,163
08/18/2012,FLG,AZ,AWP,WE,Federal Contract Tower,0,17,4,0,21,0,12,40,0,52,0,29,44,0,73,32,0,32,105
08/19/2012,FLG,AZ,AWP,WE,Federal Contract Tower,0,18,5,0,23,0,19,69,0,88,0,37,74,0,111,6,0,6,117
08/20/2012,FLG,AZ,AWP,WE,Federal Contract Tower,0,15,4,1,20,0,8,61,2,71,0,23,65,3,91,26,0,26,117
08/21/2012,FLG,AZ,AWP,WE,Federal Contract Tower,0,18,6,0,24,0,22,43,2,67,0,40,49,2,91,6,6,12,103
08/22/2012,FLG,AZ,AWP,WE,Federal Contract Tower,0,20,6,0,26,0,10,39,4,53,0,30,45,4,79,36,0,36,115
08/23/2012,FLG,AZ,AWP,WE,Federal Contract Tower,0,33,8,0,41,0,13,60,6,79,0,46,68,6,120,6,0,6,126
08/24/2012,FLG,AZ,AWP,WE,Federal Contract Tower,0,18,10,2,30,0,30,70,9,109,0,48,80,11,139,6,4,10,149
08/25/2012,FLG,AZ,AWP,WE,Federal Contract Tower,0,12,2,0,14,0,6,54,10,70,0,18,56,10,84,2,2,4,88
08/26/2012,FLG,AZ,AWP,WE,Federal Contract Tower,0,18,2,0,20,0,10,84,0,94,0,28,86,0,114,24,0,24,138
08/27/2012,FLG,AZ,AWP,WE,Federal Contract Tower,0,18,4,0,22,0,17,50,5,72,0,35,54,5,94,16,0,16,110
08/28/2012,FLG,AZ,AWP,WE,Federal Contract Tower,0,16,6,0,22,0,20,57,1,78,0,36,63,1,100,4,0,4,104
08/29/2012,FLG,AZ,AWP,WE,Federal Contract Tower,0,18,6,2,26,0,24,86,2,112,0,42,92,4,138,12,0,12,150
08/30/2012,FLG,AZ,AWP,WE,Federal Contract Tower,0,20,3,2,25,0,28,80,0,108,0,48,83,2,133,34,0,34,167
08/31/2012,FLG,AZ,AWP,WE,Federal Contract Tower,0,14,2,2,18,0,33,50,2,85,0,47,52,4,103,2,4,6,109
09/01/2012,FLG,AZ,AWP,WE,Federal Contract Tower,0,9,7,0,16,0,17,69,0,86,0,26,76,0,102,2,0,2,104
09/02/2012,FLG,AZ,AWP,WE,Federal Contract Tower,0,23,4,0,27,0,15,53,0,68,0,38,57,0,95,0,0,0,95
09/03/2012,FLG,AZ,AWP,WE,Federal Contract Tower,0,20,15,0,35,0,24,84,0,108,0,44,99,0,143,6,0,6,149
09/04/2012,FLG,AZ,AWP,WE,Federal Contract Tower,0,16,6,0,22,0,18,52,0,70,0,34,58,0,92,32,0,32,124
09/05/2012,FLG,AZ,AWP,WE,Federal Contract Tower,0,16,11,2,29,0,14,54,1,69,0,30,65,3,98,12,8,20,118
09/06/2012,FLG,AZ,AWP,WE,Federal Contract Tower,0,19,7,0,26,0,16,71,1,88,0,35,78,1,114,28,6,34,148
09/07/2012,FLG,AZ,AWP,WE,Federal Contract Tower,0,18,9,0,27,0,20,46,0,66,0,38,55,0,93,4,0,4,97
09/08/2012,FLG,AZ,AWP,WE,Federal Contract Tower,0,12,5,0,17,0,35,55,0,90,0,47,60,0,107,24,0,24,131
09/09/2012,FLG,AZ,AWP,WE,Federal Contract Tower,0,20,7,0,27,0,13,78,0,91,0,33,85,0,118,18,0,18,136
09/10/2012,FLG,AZ,AWP,WE,Federal Contract Tower,0,19,8,1,28,0,14,68,1,83,0,33,76,2,111,8,0,8,119
09/11/2012,FLG,AZ,AWP,WE,Federal Contract Tower,0,26,15,3,44,0,5,37,0,42,0,31,52,3,86,0,0,0,86
09/12/2012,FLG,AZ,AWP,WE,Federal Contract Tower,0,22,5,2,29,0,17,45,3,65,0,39,50,5,94,6,4,10,104
09/13/2012,FLG,AZ,AWP,WE,Federal Contract Tower,0,20,2,0,22,0,12,63,0,75,0,32,65,0,97,16,0,16,113
09/14/2012,FLG,AZ,AWP,WE,Federal Contract Tower,0,15,5,0,20,0,25,61,0,86,0,40,66,0,106,30,8,38,144
09/15/2012,FLG,AZ,AWP,WE,Federal Contract Tower,0,14,3,0,17,0,26,51,0,77,0,40,54,0,94,0,0,0,94
09/16/2012,FLG,AZ,AWP,WE,Federal Contract Tower,0,22,4,0,26,0,15,82,0,97,0,37,86,0,123,2,0,2,125
09/17/2012,FLG,AZ,AWP,WE,Federal Contract Tower,0,20,3,0,23,0,10,52,2,64,0,30,55,2,87,22,0,22,109
09/18/2012,FLG,AZ,AWP,WE,Federal Contract Tower,0,18,2,0,20,0,13,45,6,64,0,31,47,6,84,18,0,18,102
09/19/2012,FLG,AZ,AWP,WE,Federal Contract Tower,0,19,8,1,28,0,9,56,10,75,0,28,64,11,103,2,0,2,105
09/20/2012,FLG,AZ,AWP,WE,Federal Contract Tower,0,16,6,0,22,0,23,85,0,108,0,39,91,0,130,42,0,42,172
09/21/2012,FLG,AZ,AWP,WE,Federal Contract Tower,0,14,4,0,18,0,21,74,0,95,0,35,78,0,113,14,2,16,129
09/22/2012,FLG,AZ,AWP,WE,Federal Contract Tower,2,14,3,0,19,0,15,64,0,79,2,29,67,0,98,16,0,16,114
09/23/2012,FLG,AZ,AWP,WE,Federal Contract Tower,0,17,11,0,28,0,10,82,8,100,0,27,93,8,128,16,0,16,144
09/24/2012,FLG,AZ,AWP,WE,Federal Contract Tower,0,20,9,0,29,0,17,62,0,79,0,37,71,0,108,10,0,10,118
09/25/2012,FLG,AZ,AWP,WE,Federal Contract Tower,0,24,3,0,27,0,20,62,1,83,0,44,65,1,110,32,0,32,142
09/26/2012,FLG,AZ,AWP,WE,Federal Contract Tower,0,18,4,0,22,0,16,59,3,78,0,34,63,3,100,30,0,30,130
09/27/2012,FLG,AZ,AWP,WE,Federal Contract Tower,0,18,8,2,28,0,43,62,2,107,0,61,70,4,135,6,10,16,151
09/28/2012,FLG,AZ,AWP,WE,Federal Contract Tower,2,19,8,0,29,0,13,50,3,66,2,32,58,3,95,20,0,20,115
09/29/2012,FLG,AZ,AWP,WE,Federal Contract Tower,2,18,8,0,28,0,13,50,3,66,2,31,58,3,94,12,0,12,106
09/30/2012,FLG,AZ,AWP,WE,Federal Contract Tower,0,20,9,0,29,0,12,64,0,76,0,32,73,0,105,6,0,6,111
10/01/2012,FLG,AZ,AWP,WE,Federal Contract Tower,0,18,10,0,28,0,12,49,0,61,0,30,59,0,89,2,0,2,91
10/02/2012,FLG,AZ,AWP,WE,Federal Contract Tower,0,17,9,0,26,0,15,68,0,83,0,32,77,0,109,28,0,28,137
10/03/2012,FLG,AZ,AWP,WE,Federal Contract Tower,0,19,12,0,31,0,17,57,3,77,0,36,69,3,108,54,0,54,162
10/04/2012,FLG,AZ,AWP,WE,Federal Contract Tower,0,17,6,0,23,0,9,57,1,67,0,26,63,1,90,22,0,22,112
10/05/2012,FLG,AZ,AWP,WE,Federal Contract Tower,0,15,10,0,25,0,6,62,2,70,0,21,72,2,95,26,0,26,121
10/06/2012,FLG,AZ,AWP,WE,Federal Contract Tower,0,8,2,0,10,0,17,35,0,52,0,25,37,0,62,12,0,12,74
10/07/2012,FLG,AZ,AWP,WE,Federal Contract Tower,0,12,5,0,17,0,14,85,0,99,0,26,90,0,116,46,0,46,162
10/08/2012,FLG,AZ,AWP,WE,Federal Contract Tower,0,20,3,0,23,0,24,63,1,88,0,44,66,1,111,12,0,12,123
10/09/2012,FLG,AZ,AWP,WE,Federal Contract Tower,0,16,8,0,24,0,14,54,0,68,0,30,62,0,92,30,0,30,122
10/10/2012,FLG,AZ,AWP,WE,Federal Contract Tower,0,16,7,0,23,0,27,54,5,86,0,43,61,5,109,28,6,34,143
10/11/2012,FLG,AZ,AWP,WE,Federal Contract Tower,0,21,2,0,23,0,17,37,1,55,0,38,39,1,78,10,0,10,88
10/12/2012,FLG,AZ,AWP,WE,Federal Contract Tower,0,18,6,0,24,0,7,0,0,7,0,25,6,0,31,0,0,0,31
10/13/2012,FLG,AZ,AWP,WE,Federal Contract Tower,0,12,4,0,16,0,14,35,8,57,0,26,39,8,73,30,0,30,103
10/14/2012,FLG,AZ,AWP,WE,Federal Contract Tower,0,14,12,0,26,0,9,72,6,87,0,23,84,6,113,2,0,2,115
10/15/2012,FLG,AZ,AWP,WE,Federal Contract Tower,0,18,12,0,30,0,17,59,9,85,0,35,71,9,115,16,0,16,131
10/16/2012,FLG,AZ,AWP,WE,Federal Contract Tower,0,20,6,1,27,0,20,54,2,76,0,40,60,3,103,18,0,18,121
10/17/2012,FLG,AZ,AWP,WE,Federal Contract Tower,0,19,6,0,25,0,17,52,3,72,0,36,58,3,97,16,0,16,113
10/18/2012,FLG,AZ,AWP,WE,Federal Contract Tower,0,20,7,1,28,0,9,61,10,80,0,29,68,11,108,10,6,16,124
10/19/2012,FLG,AZ,AWP,WE,Federal Contract Tower,0,13,8,0,21,0,19,70,20,109,0,32,78,20,130,24,0,24,154
10/20/2012,FLG,AZ,AWP,WE,Federal Contract Tower,0,11,5,0,16,0,19,50,10,79,0,30,55,10,95,14,0,14,109
10/21/2012,FLG,AZ,AWP,WE,Federal Contract Tower,0,11,3,0,14,0,12,51,0,63,0,23,54,0,77,2,0,2,79
10/22/2012,FLG,AZ,AWP,WE,Federal Contract Tower,0,19,4,0,23,0,9,49,6,64,0,28,53,6,87,0,0,0,87
10/23/2012,FLG,AZ,AWP,WE,Federal Contract Tower,0,22,4,0,26,0,11,56,4,71,0,33,60,4,97,8,0,8,105
10/24/2012,FLG,AZ,AWP,WE,Federal Contract Tower,0,18,2,1,21,0,18,53,2,73,0,36,55,3,94,22,2,24,118
10/25/2012,FLG,AZ,AWP,WE,Federal Contract Tower,0,19,3,0,22,0,12,53,8,73,0,31,56,8,95,4,14,18,113
10/26/2012,FLG,AZ,AWP,WE,Federal Contract Tower,1,16,1,0,18,0,22,42,0,64,1,38,43,0,82,0,10,10,92
10/27/2012,FLG,AZ,AWP,WE,Federal Contract Tower,0,15,8,0,23,0,14,63,2,79,0,29,71,2,102,40,0,40,142
10/28/2012,FLG,AZ,AWP,WE,Federal Contract Tower,0,11,7,0,18,0,8,85,0,93,0,19,92,0,111,28,0,28,139
10/29/2012,FLG,AZ,AWP,WE,Federal Contract Tower,0,21,5,0,26,0,18,56,0,74,0,39,61,0,100,24,0,24,124
10/30/2012,FLG,AZ,AWP,WE,Federal Contract Tower,0,24,3,0,27,0,20,53,3,76,0,44,56,3,103,20,0,20,123
10/31/2012,FLG,AZ,AWP,WE,Federal Contract Tower,0,16,4,1,21,0,18,54,2,74,0,34,58,3,95,10,0,10,105
11/01/2012,FLG,AZ,AWP,WE,Federal Contract Tower,0,17,4,0,21,0,17,50,1,68,0,34,54,1,89,24,0,24,113
11/02/2012,FLG,AZ,AWP,WE,Federal Contract Tower,3,13,5,1,22,0,6,52,3,61,3,19,57,4,83,32,4,36,119
11/03/2012,FLG,AZ,AWP,WE,Federal Contract Tower,0,8,0,0,8,0,11,41,2,54,0,19,41,2,62,6,0,6,68
11/04/2012,FLG,AZ,AWP,WE,Federal Contract Tower,0,11,6,0,17,0,15,57,0,72,0,26,63,0,89,30,0,30,119
11/05/2012,FLG,AZ,AWP,WE,Federal Contract Tower,0,20,7,0,27,0,22,51,2,75,0,42,58,2,102,0,0,0,102
11/06/2012,FLG,AZ,AWP,WE,Federal Contract Tower,0,20,2,0,22,0,18,53,0,71,0,38,55,0,93,0,0,0,93
11/07/2012,FLG,AZ,AWP,WE,Federal Contract Tower,0,19,0,0,19,0,15,44,0,59,0,34,44,0,78,0,0,0,78
11/08/2012,FLG,AZ,AWP,WE,Federal Contract Tower,0,16,5,0,21,0,18,27,0,45,0,34,32,0,66,22,0,22,88
11/09/2012,FLG,AZ,AWP,WE,Federal Contract Tower,0,25,5,0,30,0,1,5,0,6,0,26,10,0,36,0,0,0,36
11/10/2012,FLG,AZ,AWP,WE,Federal Contract Tower,0,11,3,0,14,0,5,11,0,16,0,16,14,0,30,0,0,0,30
11/11/2012,FLG,AZ,AWP,WE,Federal Contract Tower,0,16,1,0,17,0,14,43,0,57,0,30,44,0,74,8,0,8,82
11/12/2012,FLG,AZ,AWP,WE,Federal Contract Tower,0,19,4,0,23,0,15,47,0,62,0,34,51,0,85,0,0,0,85
11/13/2012,FLG,AZ,AWP,WE,Federal Contract Tower,0,19,4,1,24,0,16,53,2,71,0,35,57,3,95,46,20,66,161
11/14/2012,FLG,AZ,AWP,WE,Federal Contract Tower,0,17,2,1,20,0,21,64,4,89,0,38,66,5,109,52,0,52,161
11/15/2012,FLG,AZ,AWP,WE,Federal Contract Tower,0,22,5,0,27,0,23,43,0,66,0,45,48,0,93,28,0,28,121
11/16/2012,FLG,AZ,AWP,WE,Federal Contract Tower,0,12,1,2,15,0,8,50,0,58,0,20,51,2,73,14,0,14,87
11/17/2012,FLG,AZ,AWP,WE,Federal Contract Tower,0,17,12,0,29,0,6,46,4,56,0,23,58,4,85,24,0,24,109
11/18/2012,FLG,AZ,AWP,WE,Federal Contract Tower,0,10,3,0,13,0,4,55,3,62,0,14,58,3,75,6,0,6,81
11/19/2012,FLG,AZ,AWP,WE,Federal Contract Tower,0,20,2,1,23,0,14,59,0,73,0,34,61,1,96,40,0,40,136
11/20/2012,FLG,AZ,AWP,WE,Federal Contract Tower,0,19,2,1,22,0,15,55,1,71,0,34,57,2,93,36,18,54,147
11/21/2012,FLG,AZ,AWP,WE,Federal Contract Tower,0,16,5,0,21,0,25,44,1,70,0,41,49,1,91,24,0,24,115
11/22/2012,FLG,AZ,AWP,WE,Federal Contract Tower,0,9,4,0,13,0,15,27,0,42,0,24,31,0,55,0,0,0,55
11/23/2012,FLG,AZ,AWP,WE,Federal Contract Tower,0,10,10,0,20,0,6,47,0,53,0,16,57,0,73,20,0,20,93
11/24/2012,FLG,AZ,AWP,WE,Federal Contract Tower,0,14,1,0,15,0,5,56,0,61,0,19,57,0,76,8,0,8,84
11/25/2012,FLG,AZ,AWP,WE,Federal Contract Tower,0,12,5,0,17,0,7,75,0,82,0,19,80,0,99,6,0,6,105
11/26/2012,FLG,AZ,AWP,WE,Federal Contract Tower,0,15,6,0,21,0,20,46,0,66,0,35,52,0,87,12,0,12,99
11/27/2012,FLG,AZ,AWP,WE,Federal Contract Tower,0,19,4,2,25,0,16,68,0,84,0,35,72,2,109,28,38,66,175
11/28/2012,FLG,AZ,AWP,WE,Federal Contract Tower,0,13,6,0,19,0,9,39,2,50,0,22,45,2,69,26,0,26,95
11/29/2012,FLG,AZ,AWP,WE,Federal Contract Tower,0,16,10,2,28,0,25,55,1,81,0,41,65,3,109,10,4,14,123
11/30/2012,FLG,AZ,AWP,WE,Federal Contract Tower,0,18,1,0,19,0,24,59,2,85,0,42,60,2,104,14,0,14,118
12/01/2012,FLG,AZ,AWP,WE,Federal Contract Tower,0,12,2,0,14,0,12,67,0,79,0,24,69,0,93,16,0,16,109
12/02/2012,FLG,AZ,AWP,WE,Federal Contract Tower,0,10,2,0,12,0,13,76,4,93,0,23,78,4,105,14,0,14,119
12/03/2012,FLG,AZ,AWP,WE,Federal Contract Tower,0,18,1,1,20,0,23,50,0,73,0,41,51,1,93,2,0,2,95
12/04/2012,FLG,AZ,AWP,WE,Federal Contract Tower,0,20,6,0,26,0,16,54,4,74,0,36,60,4,100,10,14,24,124
12/05/2012,FLG,AZ,AWP,WE,Federal Contract Tower,0,14,8,0,22,0,14,48,0,62,0,28,56,0,84,30,0,30,114
12/06/2012,FLG,AZ,AWP,WE,Federal Contract Tower,0,27,6,0,33,0,15,48,2,65,0,42,54,2,98,2,4,6,104
12/07/2012,FLG,AZ,AWP,WE,Federal Contract Tower,0,16,8,2,26,0,14,50,1,65,0,30,58,3,91,10,4,14,105
12/08/2012,FLG,AZ,AWP,WE,Federal Contract Tower,0,9,8,0,17,0,12,76,1,89,0,21,84,1,106,36,0,36,142
12/09/2012,FLG,AZ,AWP,WE,Federal Contract Tower,0,11,3,0,14,0,4,58,0,62,0,15,61,0,76,14,0,14,90
12/10/2012,FLG,AZ,AWP,WE,Federal Contract Tower,0,24,2,0,26,0,15,65,2,82,0,39,67,2,108,24,0,24,132
12/11/2012,FLG,AZ,AWP,WE,Federal Contract Tower,0,19,8,4,31,0,18,64,6,88,0,37,72,10,119,20,4,24,143
12/12/2012,FLG,AZ,AWP,WE,Federal Contract Tower,0,14,3,0,17,0,25,35,0,60,0,39,38,0,77,18,0,18,95
12/13/2012,FLG,AZ,AWP,WE,Federal Contract Tower,0,22,6,3,31,0,14,38,1,53,0,36,44,4,84,22,0,22,106
12/14/2012,FLG,AZ,AWP,WE,Federal Contract Tower,0,14,4,0,18,0,0,0,0,0,0,14,4,0,18,0,0,0,18
12/15/2012,FLG,AZ,AWP,WE,Federal Contract Tower,0,0,2,0,2,0,0,0,0,0,0,0,2,0,2,0,0,0,2
12/16/2012,FLG,AZ,AWP,WE,Federal Contract Tower,0,11,4,0,15,0,1,33,2,36,0,12,37,2,51,12,0,12,63
12/17/2012,FLG,AZ,AWP,WE,Federal Contract Tower,0,21,15,2,38,0,9,7,0,16,0,30,22,2,54,0,0,0,54
12/18/2012,FLG,AZ,AWP,WE,Federal Contract Tower,0,25,7,1,33,0,4,2,0,6,0,29,9,1,39,0,0,0,39
12/19/2012,FLG,AZ,AWP,WE,Federal Contract Tower,0,10,2,0,12,0,13,11,0,24,0,23,13,0,36,0,0,0,36
12/20/2012,FLG,AZ,AWP,WE,Federal Contract Tower,0,13,0,0,13,0,22,42,0,64,0,35,42,0,77,24,0,24,101
12/21/2012,FLG,AZ,AWP,WE,Federal Contract Tower,0,10,3,0,13,0,12,25,2,39,0,22,28,2,52,2,4,6,58
12/22/2012,FLG,AZ,AWP,WE,Federal Contract Tower,0,10,1,0,11,0,4,32,0,36,0,14,33,0,47,18,0,18,65
12/23/2012,FLG,AZ,AWP,WE,Federal Contract Tower,0,17,3,0,20,0,9,56,0,65,0,26,59,0,85,6,0,6,91
12/24/2012,FLG,AZ,AWP,WE,Federal Contract Tower,0,13,1,0,14,0,2,3,0,5,0,15,4,0,19,0,0,0,19
12/25/2012,FLG,AZ,AWP,WE,Federal Contract Tower,0,9,0,0,9,0,4,5,0,9,0,13,5,0,18,0,0,0,18
12/26/2012,FLG,AZ,AWP,WE,Federal Contract Tower,0,17,8,0,25,0,5,25,2,32,0,22,33,2,57,18,0,18,75
12/27/2012,FLG,AZ,AWP,WE,Federal Contract Tower,0,12,5,0,17,0,1,0,0,1,0,13,5,0,18,0,0,0,18
12/28/2012,FLG,AZ,AWP,WE,Federal Contract Tower,0,15,2,0,17,0,7,47,0,54,0,22,49,0,71,8,4,12,83
12/29/2012,FLG,AZ,AWP,WE,Federal Contract Tower,0,9,7,0,16,0,9,46,0,55,0,18,53,0,71,42,0,42,113
12/30/2012,FLG,AZ,AWP,WE,Federal Contract Tower,0,14,1,0,15,0,2,36,0,38,0,16,37,0,53,24,0,24,77
12/31/2012,FLG,AZ,AWP,WE,Federal Contract Tower,0,15,9,0,24,0,0,10,0,10,0,15,19,0,34,0,0,0,34
01/01/2013,FLG,AZ,AWP,WE,Federal Contract Tower,0,15,7,0,22,0,2,29,0,31,0,17,36,0,53,12,0,12,65
01/02/2013,FLG,AZ,AWP,WE,Federal Contract Tower,0,15,2,0,17,0,18,54,2,74,0,33,56,2,91,18,0,18,109
01/03/2013,FLG,AZ,AWP,WE,Federal Contract Tower,0,12,6,3,21,0,18,29,1,48,0,30,35,4,69,16,0,16,85
01/04/2013,FLG,AZ,AWP,WE,Federal Contract Tower,0,15,4,0,19,0,15,52,0,67,0,30,56,0,86,28,0,28,114
01/05/2013,FLG,AZ,AWP,WE,Federal Contract Tower,0,9,2,0,11,0,5,35,6,46,0,14,37,6,57,62,0,62,119
01/06/2013,FLG,AZ,AWP,WE,Federal Contract Tower,0,11,2,0,13,0,7,61,2,70,0,18,63,2,83,40,0,40,123
01/07/2013,FLG,AZ,AWP,WE,Federal Contract Tower,0,19,4,0,23,0,16,54,0,70,0,35,58,0,93,4,0,4,97
01/08/2013,FLG,AZ,AWP,WE,Federal Contract Tower,0,15,0,2,17,0,27,95,0,122,0,42,95,2,139,6,0,6,145
01/09/2013,FLG,AZ,AWP,WE,Federal Contract Tower,0,17,0,0,17,0,14,45,0,59,0,31,45,0,76,8,0,8,84
01/10/2013,FLG,AZ,AWP,WE,Federal Contract Tower,0,18,1,0,19,0,8,27,0,35,0,26,28,0,54,18,0,18,72
01/11/2013,FLG,AZ,AWP,WE,Federal Contract Tower,0,11,4,0,15,0,5,26,0,31,0,16,30,0,46,2,0,2,48
01/12/2013,FLG,AZ,AWP,WE,Federal Contract Tower,0,11,0,0,11,0,0,20,0,20,0,11,20,0,31,4,0,4,35
01/13/2013,FLG,AZ,AWP,WE,Federal Contract Tower,0,7,1,0,8,0,9,53,0,62,0,16,54,0,70,14,0,14,84
01/14/2013,FLG,AZ,AWP,WE,Federal Contract Tower,0,15,1,0,16,0,15,33,0,48,0,30,34,0,64,0,0,0,64
01/15/2013,FLG,AZ,AWP,WE,Federal Contract Tower,0,12,2,1,15,0,30,41,1,72,0,42,43,2,87,8,0,8,95
01/16/2013,FLG,AZ,AWP,WE,Federal Contract Tower,0,16,1,2,19,0,15,39,0,54,0,31,40,2,73,54,2,56,129
01/17/2013,FLG,AZ,AWP,WE,Federal Contract Tower,0,15,1,0,16,0,23,42,4,69,0,38,43,4,85,52,0,52,137
01/18/2013,FLG,AZ,AWP,WE,Federal Contract Tower,0,15,3,1,19,0,7,60,5,72,0,22,63,6,91,26,4,30,121
01/19/2013,FLG,AZ,AWP,WE,Federal Contract Tower,0,8,0,0,8,0,5,55,0,60,0,13,55,0,68,8,0,8,76
01/20/2013,FLG,AZ,AWP,WE,Federal Contract Tower,0,7,0,0,7,0,4,61,0,65,0,11,61,0,72,20,0,20,92
01/21/2013,FLG,AZ,AWP,WE,Federal Contract Tower,0,19,2,0,21,0,7,57,1,65,0,26,59,1,86,18,0,18,104
01/22/2013,FLG,AZ,AWP,WE,Federal Contract Tower,0,15,0,1,16,0,16,56,4,76,0,31,56,5,92,36,0,36,128
01/23/2013,FLG,AZ,AWP,WE,Federal Contract Tower,0,18,5,2,25,0,13,40,2,55,0,31,45,4,80,22,0,22,102
01/24/2013,FLG,AZ,AWP,WE,Federal Contract Tower,0,21,14,2,37,0,10,24,0,34,0,31,38,2,71,8,0,8,79
01/25/2013,FLG,AZ,AWP,WE,Federal Contract Tower,0,15,3,0,18,0,5,6,0,11,0,20,9,0,29,0,0,0,29
01/26/2013,FLG,AZ,AWP,WE,Federal Contract Tower,0,12,3,0,15,0,0,0,0,0,0,12,3,0,15,0,0,0,15
01/27/2013,FLG,AZ,AWP,WE,Federal Contract Tower,0,10,7,2,19,0,0,0,0,0,0,10,7,2,19,0,0,0,19
01/28/2013,FLG,AZ,AWP,WE,Federal Contract Tower,0,17,7,0,24,0,2,0,0,2,0,19,7,0,26,0,0,0,26
01/29/2013,FLG,AZ,AWP,WE,Federal Contract Tower,0,16,6,0,22,0,17,24,0,41,0,33,30,0,63,4,0,4,67
01/30/2013,FLG,AZ,AWP,WE,Federal Contract Tower,0,19,11,1,31,0,16,45,1,62,0,35,56,2,93,10,2,12,105
01/31/2013,FLG,AZ,AWP,WE,Federal Contract Tower,0,14,6,0,20,0,16,53,0,69,0,30,59,0,89,18,0,18,107
02/01/2013,FLG,AZ,AWP,WE,Federal Contract Tower,0,14,2,0,16,0,11,53,0,64,0,25,55,0,80,16,0,16,96
02/02/2013,FLG,AZ,AWP,WE,Federal Contract Tower,0,8,7,0,15,0,16,46,0,62,0,24,53,0,77,30,0,30,107
02/03/2013,FLG,AZ,AWP,WE,Federal Contract Tower,0,7,3,0,10,0,2,33,0,35,0,9,36,0,45,8,0,8,53
02/04/2013,FLG,AZ,AWP,WE,Federal Contract Tower,0,15,0,1,16,0,24,56,1,81,0,39,56,2,97,12,0,12,109
02/05/2013,FLG,AZ,AWP,WE,Federal Contract Tower,0,14,0,0,14,0,24,56,1,81,0,38,56,1,95,34,6,40,135
02/06/2013,FLG,AZ,AWP,WE,Federal Contract Tower,0,14,6,0,20,0,15,40,0,55,0,29,46,0,75,24,0,24,99
02/07/2013,FLG,AZ,AWP,WE,Federal Contract Tower,0,21,5,0,26,0,24,42,1,67,0,45,47,1,93,52,0,52,145
02/08/2013,FLG,AZ,AWP,WE,Federal Contract Tower,0,12,5,0,17,0,14,23,0,37,0,26,28,0,54,0,0,0,54
02/09/2013,FLG,AZ,AWP,WE,Federal Contract Tower,0,13,2,0,15,0,0,0,0,0,0,13,2,0,15,0,0,0,15
02/10/2013,FLG,AZ,AWP,WE,Federal Contract Tower,0,6,3,0,9,0,0,0,0,0,0,6,3,0,9,0,0,0,9
02/11/2013,FLG,AZ,AWP,WE,Federal Contract Tower,0,15,2,0,17,0,3,15,0,18,0,18,17,0,35,2,0,2,37
02/12/2013,FLG,AZ,AWP,WE,Federal Contract Tower,0,14,2,0,16,0,15,45,2,62,0,29,47,2,78,2,0,2,80
02/13/2013,FLG,AZ,AWP,WE,Federal Contract Tower,0,16,1,0,17,0,30,40,0,70,0,46,41,0,87,48,0,48,135
02/14/2013,FLG,AZ,AWP,WE,Federal Contract Tower,0,21,2,2,25,0,30,45,0,75,0,51,47,2,100,10,0,10,110
02/15/2013,FLG,AZ,AWP,WE,Federal Contract Tower,0,13,4,0,17,0,14,55,0,69,0,27,59,0,86,24,0,24,110
02/16/2013,FLG,AZ,AWP,WE,Federal Contract Tower,0,8,7,0,15,0,12,47,0,59,0,20,54,0,74,18,0,18,92
02/17/2013,FLG,AZ,AWP,WE,Federal Contract Tower,0,8,5,0,13,0,21,57,0,78,0,29,62,0,91,16,0,16,107
02/18/2013,FLG,AZ,AWP,WE,Federal Contract Tower,0,16,4,2,22,0,22,55,0,77,0,38,59,2,99,4,0,4,103
02/19/2013,FLG,AZ,AWP,WE,Federal Contract Tower,0,17,1,3,21,0,19,41,1,61,0,36,42,4,82,4,10,14,96
02/20/2013,FLG,AZ,AWP,WE,Federal Contract Tower,0,9,2,0,11,0,0,0,0,0,0,9,2,0,11,0,0,0,11
02/21/2013,FLG,AZ,AWP,WE,Federal Contract Tower,0,12,7,0,19,0,0,1,0,1,0,12,8,0,20,0,0,0,20
02/22/2013,FLG,AZ,AWP,WE,Federal Contract Tower,0,12,4,0,16,0,9,46,4,59,0,21,50,4,75,16,2,18,93
02/23/2013,FLG,AZ,AWP,WE,Federal Contract Tower,0,10,2,0,12,0,8,50,2,60,0,18,52,2,72,40,0,40,112
02/24/2013,FLG,AZ,AWP,WE,Federal Contract Tower,0,13,2,0,15,0,6,35,0,41,0,19,37,0,56,8,0,8,64
02/25/2013,FLG,AZ,AWP,WE,Federal Contract Tower,0,12,1,2,15,0,11,48,0,59,0,23,49,2,74,30,0,30,104
02/26/2013,FLG,AZ,AWP,WE,Federal Contract Tower,0,15,0,1,16,0,18,53,1,72,0,33,53,2,88,18,0,18,106
02/27/2013,FLG,AZ,AWP,WE,Federal Contract Tower,0,14,7,0,21,0,28,38,0,66,0,42,45,0,87,26,0,26,113
02/28/2013,FLG,AZ,AWP,WE,Federal Contract Tower,0,18,5,0,23,0,17,50,8,75,0,35,55,8,98,12,2,14,112
03/01/2013,FLG,AZ,AWP,WE,Federal Contract Tower,0,16,0,0,16,0,19,57,0,76,0,35,57,0,92,8,0,8,100
03/02/2013,FLG,AZ,AWP,WE,Federal Contract Tower,0,9,0,0,9,0,16,76,2,94,0,25,76,2,103,80,0,80,183
03/03/2013,FLG,AZ,AWP,WE,Federal Contract Tower,0,8,2,0,10,0,6,53,19,78,0,14,55,19,88,18,0,18,106
03/04/2013,FLG,AZ,AWP,WE,Federal Contract Tower,0,18,4,0,22,0,20,36,11,67,0,38,40,11,89,18,0,18,107
03/05/2013,FLG,AZ,AWP,WE,Federal Contract Tower,0,19,5,0,24,0,24,66,0,90,0,43,71,0,114,40,0,40,154
03/06/2013,FLG,AZ,AWP,WE,Federal Contract Tower,0,17,4,0,21,0,18,35,0,53,0,35,39,0,74,6,0,6,80
03/07/2013,FLG,AZ,AWP,WE,Federal Contract Tower,0,16,4,2,22,0,31,45,1,77,0,47,49,3,99,34,2,36,135
03/08/2013,FLG,AZ,AWP,WE,Federal Contract Tower,0,1,4,0,5,0,0,0,0,0,0,1,4,0,5,0,0,0,5
03/09/2013,FLG,AZ,AWP,WE,Federal Contract Tower,0,12,5,0,17,0,0,0,0,0,0,12,5,0,17,0,0,0,17
03/10/2013,FLG,AZ,AWP,WE,Federal Contract Tower,0,5,3,0,8,0,9,46,0,55,0,14,49,0,63,14,0,14,77
03/11/2013,FLG,AZ,AWP,WE,Federal Contract Tower,0,20,4,0,24,0,26,52,0,78,0,46,56,0,102,4,0,4,106
03/12/2013,FLG,AZ,AWP,WE,Federal Contract Tower,0,15,2,0,17,0,27,49,3,79,0,42,51,3,96,12,0,12,108
03/13/2013,FLG,AZ,AWP,WE,Federal Contract Tower,0,16,6,0,22,0,22,37,0,59,0,38,43,0,81,46,4,50,131
03/14/2013,FLG,AZ,AWP,WE,Federal Contract Tower,0,14,6,0,20,0,23,64,0,87,0,37,70,0,107,60,0,60,167
03/15/2013,FLG,AZ,AWP,WE,Federal Contract Tower,0,12,4,0,16,0,14,49,2,65,0,26,53,2,81,60,0,60,141
03/16/2013,FLG,AZ,AWP,WE,Federal Contract Tower,0,9,0,0,9,0,17,49,4,70,0,26,49,4,79,44,2,46,125
03/17/2013,FLG,AZ,AWP,WE,Federal Contract Tower,0,8,2,0,10,0,9,59,2,70,0,17,61,2,80,6,2,8,88
03/18/2013,FLG,AZ,AWP,WE,Federal Contract Tower,0,13,5,0,18,0,7,56,0,63,0,20,61,0,81,16,0,16,97
03/19/2013,FLG,AZ,AWP,WE,Federal Contract Tower,0,12,2,0,14,0,14,61,0,75,0,26,63,0,89,42,0,42,131
03/20/2013,FLG,AZ,AWP,WE,Federal Contract Tower,0,11,4,0,15,0,19,24,0,43,0,30,28,0,58,18,0,18,76
03/21/2013,FLG,AZ,AWP,WE,Federal Contract Tower,0,17,5,1,23,0,23,28,1,52,0,40,33,2,75,26,0,26,101
03/22/2013,FLG,AZ,AWP,WE,Federal Contract Tower,0,13,4,0,17,0,13,41,2,56,0,26,45,2,73,18,0,18,91
03/23/2013,FLG,AZ,AWP,WE,Federal Contract Tower,0,8,4,0,12,0,7,29,0,36,0,15,33,0,48,0,0,0,48
03/24/2013,FLG,AZ,AWP,WE,Federal Contract Tower,0,10,6,0,16,0,9,48,0,57,0,19,54,0,73,12,0,12,85
03/25/2013,FLG,AZ,AWP,WE,Federal Contract Tower,0,12,3,0,15,0,10,65,0,75,0,22,68,0,90,70,0,70,160
03/26/2013,FLG,AZ,AWP,WE,Federal Contract Tower,0,14,2,1,17,0,16,58,3,77,0,30,60,4,94,20,0,20,114
03/27/2013,FLG,AZ,AWP,WE,Federal Contract Tower,0,10,3,2,15,0,18,41,0,59,0,28,44,2,74,44,0,44,118
03/28/2013,FLG,AZ,AWP,WE,Federal Contract Tower,0,17,2,0,19,0,16,50,2,68,0,33,52,2,87,0,0,0,87
03/29/2013,FLG,AZ,AWP,WE,Federal Contract Tower,0,14,4,0,18,0,23,62,1,86,0,37,66,1,104,38,0,38,142
03/30/2013,FLG,AZ,AWP,WE,Federal Contract Tower,0,6,7,0,13,0,14,53,0,67,0,20,60,0,80,42,0,42,122
03/31/2013,FLG,AZ,AWP,WE,Federal Contract Tower,0,12,4,0,16,0,4,57,0,61,0,16,61,0,77,22,0,22,99
04/01/2013,FLG,AZ,AWP,WE,Federal Contract Tower,0,20,5,0,25,0,20,52,0,72,0,40,57,0,97,22,0,22,119
04/02/2013,FLG,AZ,AWP,WE,Federal Contract Tower,0,20,5,0,25,0,11,40,0,51,0,31,45,0,76,54,0,54,130
04/03/2013,FLG,AZ,AWP,WE,Federal Contract Tower,0,15,6,1,22,0,19,55,6,80,0,34,61,7,102,34,20,54,156
04/04/2013,FLG,AZ,AWP,WE,Federal Contract Tower,0,17,8,0,25,0,27,72,2,101,0,44,80,2,126,22,4,26,152
04/05/2013,FLG,AZ,AWP,WE,Federal Contract Tower,0,20,3,0,23,0,26,55,3,84,0,46,58,3,107,16,0,16,123
04/06/2013,FLG,AZ,AWP,WE,Federal Contract Tower,0,12,4,0,16,0,16,43,1,60,0,28,47,1,76,28,2,30,106
04/07/2013,FLG,AZ,AWP,WE,Federal Contract Tower,0,14,3,0,17,0,19,92,0,111,0,33,95,0,128,30,0,30,158
04/08/2013,FLG,AZ,AWP,WE,Federal Contract Tower,0,16,1,0,17,0,4,5,0,9,0,20,6,0,26,0,0,0,26
04/09/2013,FLG,AZ,AWP,WE,Federal Contract Tower,0,26,2,0,28,0,18,8,0,26,0,44,10,0,54,14,0,14,68
04/10/2013,FLG,AZ,AWP,WE,Federal Contract Tower,0,17,2,0,19,0,15,51,0,66,0,32,53,0,85,32,0,32,117
04/11/2013,FLG,AZ,AWP,WE,Federal Contract Tower,0,20,9,0,29,0,18,48,0,66,0,38,57,0,95,14,0,14,109
04/12/2013,FLG,AZ,AWP,WE,Federal Contract Tower,0,18,5,0,23,0,21,49,1,71,0,39,54,1,94,42,0,42,136
04/13/2013,FLG,AZ,AWP,WE,Federal Contract Tower,0,11,6,3,20,0,4,48,1,53,0,15,54,4,73,18,0,18,91
04/14/2013,FLG,AZ,AWP,WE,Federal Contract Tower,0,20,2,0,22,0,10,50,0,60,0,30,52,0,82,20,0,20,102
04/15/2013,FLG,AZ,AWP,WE,Federal Contract Tower,0,20,4,0,24,0,19,45,0,64,0,39,49,0,88,2,0,2,90
04/16/2013,FLG,AZ,AWP,WE,Federal Contract Tower,0,17,2,6,25,0,11,17,2,30,0,28,19,8,55,2,0,2,57
04/17/2013,FLG,AZ,AWP,WE,Federal Contract Tower,0,15,7,0,22,0,17,46,0,63,0,32,53,0,85,20,0,20,105
04/18/2013,FLG,AZ,AWP,WE,Federal Contract Tower,0,18,6,0,24,0,32,67,0,99,0,50,73,0,123,20,0,20,143
04/19/2013,FLG,AZ,AWP,WE,Federal Contract Tower,0,15,3,0,18,0,18,68,0,86,0,33,71,0,104,22,0,22,126
04/20/2013,FLG,AZ,AWP,WE,Federal Contract Tower,0,12,4,0,16,0,14,36,4,54,0,26,40,4,70,22,0,22,92
04/21/2013,FLG,AZ,AWP,WE,Federal Contract Tower,0,14,1,0,15,0,9,91,0,100,0,23,92,0,115,12,0,12,127
04/22/2013,FLG,AZ,AWP,WE,Federal Contract Tower,0,22,8,0,30,0,23,68,0,91,0,45,76,0,121,14,0,14,135
04/23/2013,FLG,AZ,AWP,WE,Federal Contract Tower,0,21,7,0,28,0,12,74,0,86,0,33,81,0,114,28,0,28,142
04/24/2013,FLG,AZ,AWP,WE,Federal Contract Tower,0,15,4,0,19,0,11,46,1,58,0,26,50,1,77,24,0,24,101
04/25/2013,FLG,AZ,AWP,WE,Federal Contract Tower,0,19,9,3,31,0,28,50,3,81,0,47,59,6,112,8,0,8,120
04/26/2013,FLG,AZ,AWP,WE,Federal Contract Tower,0,20,7,1,28,0,27,35,0,62,0,47,42,1,90,0,0,0,90
04/27/2013,FLG,AZ,AWP,WE,Federal Contract Tower,0,11,2,0,13,0,19,46,0,65,0,30,48,0,78,8,0,8,86
04/28/2013,FLG,AZ,AWP,WE,Federal Contract Tower,0,18,8,5,31,0,29,57,0,86,0,47,65,5,117,20,0,20,137
04/29/2013,FLG,AZ,AWP,WE,Federal Contract Tower,0,20,2,0,22,0,19,60,2,81,0,39,62,2,103,22,0,22,125
04/30/2013,FLG,AZ,AWP,WE,Federal Contract Tower,0,18,10,0,28,0,26,50,0,76,0,44,60,0,104,20,0,20,124
05/01/2013,FLG,AZ,AWP,WE,Federal Contract Tower,1,18,3,0,22,8,23,60,0,91,9,41,63,0,113,46,0,46,159
05/02/2013,FLG,AZ,AWP,WE,Federal Contract Tower,1,14,2,1,18,0,22,30,2,54,1,36,32,3,72,10,12,22,94
05/03/2013,FLG,AZ,AWP,WE,Federal Contract Tower,0,19,4,1,24,0,24,52,3,79,0,43,56,4,103,56,0,56,159
05/04/2013,FLG,AZ,AWP,WE,Federal Contract Tower,0,15,2,0,17,0,36,51,0,87,0,51,53,0,104,22,0,22,126
05/05/2013,FLG,AZ,AWP,WE,Federal Contract Tower,0,22,10,0,32,0,26,48,0,74,0,48,58,0,106,24,0,24,130
05/06/2013,FLG,AZ,AWP,WE,Federal Contract Tower,0,18,13,0,31,0,20,38,0,58,0,38,51,0,89,0,0,0,89
05/07/2013,FLG,AZ,AWP,WE,Federal Contract Tower,1,20,11,0,32,0,12,33,0,45,1,32,44,0,77,4,0,4,81
05/08/2013,FLG,AZ,AWP,WE,Federal Contract Tower,1,16,6,0,23,6,20,41,0,67,7,36,47,0,90,72,0,72,162
05/09/2013,FLG,AZ,AWP,WE,Federal Contract Tower,0,16,6,1,23,0,23,44,0,67,0,39,50,1,90,14,48,62,152
05/10/2013,FLG,AZ,AWP,WE,Federal Contract Tower,0,17,8,0,25,0,28,65,3,96,0,45,73,3,121,0,20,20,141
05/11/2013,FLG,AZ,AWP,WE,Federal Contract Tower,0,11,4,0,15,0,7,44,1,52,0,18,48,1,67,28,0,28,95
05/12/2013,FLG,AZ,AWP,WE,Federal Contract Tower,0,18,2,0,20,0,24,64,0,88,0,42,66,0,108,2,0,2,110
05/13/2013,FLG,AZ,AWP,WE,Federal Contract Tower,0,18,3,0,21,0,22,50,0,72,0,40,53,0,93,0,0,0,93
05/14/2013,FLG,AZ,AWP,WE,Federal Contract Tower,0,16,7,0,23,0,18,35,0,53,0,34,42,0,76,0,0,0,76
05/15/2013,FLG,AZ,AWP,WE,Federal Contract Tower,0,16,1,2,19,0,13,38,3,54,0,29,39,5,73,2,6,8,81
05/16/2013,FLG,AZ,AWP,WE,Federal Contract Tower,0,18,3,2,23,0,15,48,2,65,0,33,51,4,88,22,12,34,122
05/17/2013,FLG,AZ,AWP,WE,Federal Contract Tower,0,14,4,0,18,0,24,61,4,89,0,38,65,4,107,38,0,38,145
05/18/2013,FLG,AZ,AWP,WE,Federal Contract Tower,0,9,7,0,16,0,15,52,6,73,0,24,59,6,89,8,0,8,97
05/19/2013,FLG,AZ,AWP,WE,Federal Contract Tower,0,20,7,0,27,0,18,77,3,98,0,38,84,3,125,8,0,8,133
05/20/2013,FLG,AZ,AWP,WE,Federal Contract Tower,0,15,8,0,23,0,23,69,5,97,0,38,77,5,120,16,0,16,136
05/21/2013,FLG,AZ,AWP,WE,Federal Contract Tower,0,15,0,5,20,0,39,64,1,104,0,54,64,6,124,22,0,22,146
05/22/2013,FLG,AZ,AWP,WE,Federal Contract Tower,0,19,3,0,22,0,8,45,0,53,0,27,48,0,75,8,0,8,83
05/23/2013,FLG,AZ,AWP,WE,Federal Contract Tower,0,15,5,0,20,0,19,42,0,61,0,34,47,0,81,22,0,22,103
05/24/2013,FLG,AZ,AWP,WE,Federal Contract Tower,0,13,8,0,21,0,26,56,0,82,0,39,64,0,103,34,0,34,137
05/25/2013,FLG,AZ,AWP,WE,Federal Contract Tower,0,10,3,0,13,0,17,78,0,95,0,27,81,0,108,48,0,48,156
05/26/2013,FLG,AZ,AWP,WE,Federal Contract Tower,0,19,2,0,21,0,12,71,0,83,0,31,73,0,104,6,0,6,110
05/27/2013,FLG,AZ,AWP,WE,Federal Contract Tower,0,18,6,0,24,0,6,59,0,65,0,24,65,0,89,36,0,36,125
05/28/2013,FLG,AZ,AWP,WE,Federal Contract Tower,0,15,4,0,19,0,31,45,0,76,0,46,49,0,95,2,0,2,97
05/29/2013,FLG,AZ,AWP,WE,Federal Contract Tower,0,19,5,0,24,0,22,47,2,71,0,41,52,2,95,6,0,6,101
05/30/2013,FLG,AZ,AWP,WE,Federal Contract Tower,0,21,15,0,36,0,24,54,0,78,0,45,69,0,114,22,0,22,136
05/31/2013,FLG,AZ,AWP,WE,Federal Contract Tower,0,9,7,0,16,0,27,62,4,93,0,36,69,4,109,18,0,18,127
06/01/2013,FLG,AZ,AWP,WE,Federal Contract Tower,0,10,7,0,17,0,15,51,0,66,0,25,58,0,83,12,0,12,95
06/02/2013,FLG,AZ,AWP,WE,Federal Contract Tower,0,19,8,0,27,0,20,76,1,97,0,39,84,1,124,18,0,18,142
06/03/2013,FLG,AZ,AWP,WE,Federal Contract Tower,0,21,12,0,33,0,18,59,1,78,0,39,71,1,111,16,0,16,127
06/04/2013,FLG,AZ,AWP,WE,Federal Contract Tower,0,23,5,0,28,0,25,63,3,91,0,48,68,3,119,0,0,0,119
06/05/2013,FLG,AZ,AWP,WE,Federal Contract Tower,0,19,8,6,33,0,29,57,1,87,0,48,65,7,120,12,0,12,132
06/06/2013,FLG,AZ,AWP,WE,Federal Contract Tower,0,21,19,0,40,0,36,86,4,126,0,57,105,4,166,2,0,2,168
06/07/2013,FLG,AZ,AWP,WE,Federal Contract Tower,0,20,8,0,28,0,20,78,0,98,0,40,86,0,126,0,0,0,126
06/08/2013,FLG,AZ,AWP,WE,Federal Contract Tower,0,15,5,0,20,0,10,55,13,78,0,25,60,13,98,8,0,8,106
06/09/2013,FLG,AZ,AWP,WE,Federal Contract Tower,0,14,4,0,18,0,13,78,1,92,0,27,82,1,110,6,0,6,116
06/10/2013,FLG,AZ,AWP,WE,Federal Contract Tower,0,18,9,0,27,0,21,80,0,101,0,39,89,0,128,0,0,0,128
06/11/2013,FLG,AZ,AWP,WE,Federal Contract Tower,0,14,9,2,25,0,14,67,0,81,0,28,76,2,106,10,6,16,122
06/12/2013,FLG,AZ,AWP,WE,Federal Contract Tower,0,10,8,0,18,0,20,66,11,97,0,30,74,11,115,22,0,22,137
06/13/2013,FLG,AZ,AWP,WE,Federal Contract Tower,0,16,9,2,27,0,18,74,0,92,0,34,83,2,119,8,2,10,129
06/14/2013,FLG,AZ,AWP,WE,Federal Contract Tower,0,17,5,0,22,0,21,79,4,104,0,38,84,4,126,42,0,42,168
06/15/2013,FLG,AZ,AWP,WE,Federal Contract Tower,0,10,7,0,17,0,12,77,1,90,0,22,84,1,107,22,0,22,129
06/16/2013,FLG,AZ,AWP,WE,Federal Contract Tower,0,14,9,0,23,0,20,58,3,81,0,34,67,3,104,0,0,0,104
06/17/2013,FLG,AZ,AWP,WE,Federal Contract Tower,0,13,2,0,15,0,26,66,0,92,0,39,68,0,107,14,0,14,121
06/18/2013,FLG,AZ,AWP,WE,Federal Contract Tower,0,16,12,0,28,0,22,61,1,84,0,38,73,1,112,8,18,26,138
06/19/2013,FLG,AZ,AWP,WE,Federal Contract Tower,0,23,0,0,23,0,20,64,2,86,0,43,64,2,109,8,0,8,117
06/20/2013,FLG,AZ,AWP,WE,Federal Contract Tower,0,23,8,1,32,0,35,48,2,85,0,58,56,3,117,10,0,10,127
06/21/2013,FLG,AZ,AWP,WE,Federal Contract Tower,0,20,6,0,26,0,21,55,0,76,0,41,61,0,102,34,0,34,136
06/22/2013,FLG,AZ,AWP,WE,Federal Contract Tower,0,12,4,3,19,0,14,52,0,66,0,26,56,3,85,10,0,10,95
06/23/2013,FLG,AZ,AWP,WE,Federal Contract Tower,0,23,10,0,33,20,79,0,0,99,20,102,10,0,132,38,0,38,170
06/24/2013,FLG,AZ,AWP,WE,Federal Contract Tower,0,21,4,0,25,0,20,63,1,84,0,41,67,1,109,40,0,40,149
06/25/2013,FLG,AZ,AWP,WE,Federal Contract Tower,0,22,7,0,29,0,30,88,0,118,0,52,95,0,147,30,0,30,177
06/26/2013,FLG,AZ,AWP,WE,Federal Contract Tower,0,20,10,0,30,0,26,66,1,93,0,46,76,1,123,10,0,10,133
06/27/2013,FLG,AZ,AWP,WE,Federal Contract Tower,0,17,6,0,23,0,22,65,0,87,0,39,71,0,110,28,0,28,138
06/28/2013,FLG,AZ,AWP,WE,Federal Contract Tower,0,18,7,0,25,0,18,62,2,82,0,36,69,2,107,32,0,32,139
06/29/2013,FLG,AZ,AWP,WE,Federal Contract Tower,0,12,3,0,15,0,10,54,0,64,0,22,57,0,79,22,0,22,101
06/30/2013,FLG,AZ,AWP,WE,Federal Contract Tower,0,18,1,0,19,0,17,65,0,82,0,35,66,0,101,2,0,2,103
07/01/2013,FLG,AZ,AWP,WE,Federal Contract Tower,0,18,4,0,22,0,23,51,0,74,0,41,55,0,96,16,0,16,112
07/02/2013,FLG,AZ,AWP,WE,Federal Contract Tower,0,26,8,1,35,0,17,42,0,59,0,43,50,1,94,50,6,56,150
07/03/2013,FLG,AZ,AWP,WE,Federal Contract Tower,0,17,2,0,19,0,16,52,0,68,0,33,54,0,87,34,0,34,121
07/04/2013,FLG,AZ,AWP,WE,Federal Contract Tower,0,13,2,0,15,0,16,45,0,61,0,29,47,0,76,12,0,12,88
07/05/2013,FLG,AZ,AWP,WE,Federal Contract Tower,0,14,3,0,17,0,20,64,0,84,0,34,67,0,101,18,0,18,119
07/06/2013,FLG,AZ,AWP,WE,Federal Contract Tower,0,14,2,0,16,0,15,43,0,58,0,29,45,0,74,18,0,18,92
07/07/2013,FLG,AZ,AWP,WE,Federal Contract Tower,0,21,1,0,22,0,18,71,0,89,0,39,72,0,111,16,8,24,135
07/08/2013,FLG,AZ,AWP,WE,Federal Contract Tower,0,17,3,2,22,0,26,66,1,93,0,43,69,3,115,4,0,4,119
07/09/2013,FLG,AZ,AWP,WE,Federal Contract Tower,0,16,6,0,22,0,20,64,0,84,0,36,70,0,106,16,6,22,128
07/10/2013,FLG,AZ,AWP,WE,Federal Contract Tower,0,17,3,3,23,0,11,40,0,51,0,28,43,3,74,40,0,40,114
07/11/2013,FLG,AZ,AWP,WE,Federal Contract Tower,0,15,1,0,16,0,11,63,0,74,0,26,64,0,90,68,0,68,158
07/12/2013,FLG,AZ,AWP,WE,Federal Contract Tower,0,19,10,0,29,0,24,65,0,89,0,43,75,0,118,6,0,6,124
07/13/2013,FLG,AZ,AWP,WE,Federal Contract Tower,0,10,5,0,15,0,11,70,0,81,0,21,75,0,96,34,0,34,130
07/14/2013,FLG,AZ,AWP,WE,Federal Contract Tower,0,16,7,0,23,0,24,70,0,94,0,40,77,0,117,22,0,22,139
07/15/2013,FLG,AZ,AWP,WE,Federal Contract Tower,0,18,5,0,23,0,25,51,0,76,0,43,56,0,99,10,0,10,109
07/16/2013,FLG,AZ,AWP,WE,Federal Contract Tower,0,23,4,2,29,0,10,43,0,53,0,33,47,2,82,6,14,20,102
07/17/2013,FLG,AZ,AWP,WE,Federal Contract Tower,0,17,3,2,22,0,14,69,0,83,0,31,72,2,105,8,0,8,113
07/18/2013,FLG,AZ,AWP,WE,Federal Contract Tower,0,14,0,0,14,0,19,63,0,82,0,33,63,0,96,38,10,48,144
07/19/2013,FLG,AZ,AWP,WE,Federal Contract Tower,0,12,2,0,14,0,21,61,0,82,0,33,63,0,96,6,0,6,102
07/20/2013,FLG,AZ,AWP,WE,Federal Contract Tower,0,16,3,0,19,0,20,79,0,99,0,36,82,0,118,0,0,0,118
07/21/2013,FLG,AZ,AWP,WE,Federal Contract Tower,0,17,6,0,23,0,7,71,0,78,0,24,77,0,101,8,0,8,109
07/22/2013,FLG,AZ,AWP,WE,Federal Contract Tower,0,23,16,0,39,0,7,51,0,58,0,30,67,0,97,0,0,0,97
07/23/2013,FLG,AZ,AWP,WE,Federal Contract Tower,0,18,2,0,20,0,17,53,0,70,0,35,55,0,90,10,0,10,100
07/24/2013,FLG,AZ,AWP,WE,Federal Contract Tower,0,19,7,0,26,0,21,67,3,91,0,40,74,3,117,64,0,64,181
07/25/2013,FLG,AZ,AWP,WE,Federal Contract Tower,0,12,5,0,17,0,16,46,8,70,0,28,51,8,87,40,0,40,127
07/26/2013,FLG,AZ,AWP,WE,Federal Contract Tower,0,16,5,0,21,0,25,36,2,63,0,41,41,2,84,4,2,6,90
07/27/2013,FLG,AZ,AWP,WE,Federal Contract Tower,0,13,1,0,14,0,22,37,0,59,0,35,38,0,73,36,0,36,109
07/28/2013,FLG,AZ,AWP,WE,Federal Contract Tower,1,19,7,0,27,0,27,50,0,77,1,46,57,0,104,32,0,32,136
07/29/2013,FLG,AZ,AWP,WE,Federal Contract Tower,0,26,3,1,30,0,32,56,0,88,0,58,59,1,118,28,0,28,146
07/30/2013,FLG,AZ,AWP,WE,Federal Contract Tower,0,19,4,0,23,0,33,61,0,94,0,52,65,0,117,14,0,14,131
07/31/2013,FLG,AZ,AWP,WE,Federal Contract Tower,0,19,4,0,23,0,33,61,0,94,0,52,65,0,117,14,0,14,131
08/01/2013,FLG,AZ,AWP,WE,Federal Contract Tower,0,10,6,0,16,0,18,75,0,93,0,28,81,0,109,34,0,34,143
08/02/2013,FLG,AZ,AWP,WE,Federal Contract Tower,0,16,4,0,20,0,13,75,0,88,0,29,79,0,108,14,0,14,122
08/03/2013,FLG,AZ,AWP,WE,Federal Contract Tower,0,9,3,0,12,0,26,57,0,83,0,35,60,0,95,42,0,42,137
08/04/2013,FLG,AZ,AWP,WE,Federal Contract Tower,0,20,2,0,22,0,18,83,3,104,0,38,85,3,126,24,0,24,150
08/05/2013,FLG,AZ,AWP,WE,Federal Contract Tower,0,24,11,2,37,0,23,79,0,102,0,47,90,2,139,32,0,32,171
08/06/2013,FLG,AZ,AWP,WE,Federal Contract Tower,0,24,5,1,30,0,18,47,0,65,0,42,52,1,95,10,0,10,105
08/07/2013,FLG,AZ,AWP,WE,Federal Contract Tower,0,17,4,0,21,0,27,68,0,95,0,44,72,0,116,24,0,24,140
08/08/2013,FLG,AZ,AWP,WE,Federal Contract Tower,0,26,5,1,32,0,28,62,1,91,0,54,67,2,123,20,0,20,143
08/09/2013,FLG,AZ,AWP,WE,Federal Contract Tower,0,20,7,1,28,0,10,92,2,104,0,30,99,3,132,30,0,30,162
08/10/2013,FLG,AZ,AWP,WE,Federal Contract Tower,0,11,4,0,15,0,11,65,0,76,0,22,69,0,91,30,0,30,121
08/11/2013,FLG,AZ,AWP,WE,Federal Contract Tower,0,13,4,0,17,0,12,84,0,96,0,25,88,0,113,44,0,44,157
08/12/2013,FLG,AZ,AWP,WE,Federal Contract Tower,0,17,5,0,22,0,29,92,0,121,0,46,97,0,143,42,0,42,185
08/13/2013,FLG,AZ,AWP,WE,Federal Contract Tower,0,13,2,0,15,0,12,66,4,82,0,25,68,4,97,55,0,55,152
08/14/2013,FLG,AZ,AWP,WE,Federal Contract Tower,0,18,6,0,24,0,26,69,5,100,0,44,75,5,124,42,0,42,166
08/15/2013,FLG,AZ,AWP,WE,Federal Contract Tower,0,20,6,0,26,0,27,53,0,80,0,47,59,0,106,30,0,30,136
08/16/2013,FLG,AZ,AWP,WE,Federal Contract Tower,0,12,7,3,22,0,12,53,5,70,0,24,60,8,92,22,0,22,114
08/17/2013,FLG,AZ,AWP,WE,Federal Contract Tower,0,14,0,0,14,0,14,19,9,42,0,28,19,9,56,2,0,2,58
08/18/2013,FLG,AZ,AWP,WE,Federal Contract Tower,0,19,2,0,21,34,70,2,0,106,34,89,4,0,127,6,0,6,133
08/19/2013,FLG,AZ,AWP,WE,Federal Contract Tower,0,18,5,0,23,0,21,47,2,70,0,39,52,2,93,0,0,0,93
08/20/2013,FLG,AZ,AWP,WE,Federal Contract Tower,0,17,5,0,22,0,17,78,0,95,0,34,83,0,117,46,0,46,163
08/21/2013,FLG,AZ,AWP,WE,Federal Contract Tower,0,19,7,0,26,0,15,63,0,78,0,34,70,0,104,34,0,34,138
08/22/2013,FLG,AZ,AWP,WE,Federal Contract Tower,0,15,7,0,22,0,26,55,2,83,0,41,62,2,105,18,0,18,123
08/23/2013,FLG,AZ,AWP,WE,Federal Contract Tower,0,18,5,2,25,0,16,63,3,82,0,34,68,5,107,20,10,30,137
08/24/2013,FLG,AZ,AWP,WE,Federal Contract Tower,0,9,4,0,13,0,21,23,3,47,0,30,27,3,60,70,0,70,130
08/25/2013,FLG,AZ,AWP,WE,Federal Contract Tower,0,19,8,2,29,0,18,0,0,18,0,37,8,2,47,4,0,4,51
08/26/2013,FLG,AZ,AWP,WE,Federal Contract Tower,0,17,11,2,30,0,7,5,0,12,0,24,16,2,42,0,0,0,42
08/27/2013,FLG,AZ,AWP,WE,Federal Contract Tower,0,19,2,0,21,0,7,34,0,41,0,26,36,0,62,0,0,0,62
08/28/2013,FLG,AZ,AWP,WE,Federal Contract Tower,0,19,12,0,31,0,20,80,0,100,0,39,92,0,131,66,0,66,197
08/29/2013,FLG,AZ,AWP,WE,Federal Contract Tower,0,17,2,3,22,0,18,59,1,78,0,35,61,4,100,20,0,20,120
08/30/2013,FLG,AZ,AWP,WE,Federal Contract Tower,0,21,14,0,35,0,16,62,0,78,0,37,76,0,113,10,0,10,123
08/31/2013,FLG,AZ,AWP,WE,Federal Contract Tower,0,9,3,0,12,0,10,27,0,37,0,19,30,0,49,12,0,12,61
09/01/2013,FLG,AZ,AWP,WE,Federal Contract Tower,0,17,3,0,20,0,17,67,0,84,0,34,70,0,104,44,0,44,148
09/02/2013,FLG,AZ,AWP,WE,Federal Contract Tower,0,19,4,0,23,0,15,79,0,94,0,34,83,0,117,76,0,76,193
09/03/2013,FLG,AZ,AWP,WE,Federal Contract Tower,0,20,2,3,25,0,17,62,0,79,0,37,64,3,104,20,0,20,124
09/04/2013,FLG,AZ,AWP,WE,Federal Contract Tower,0,16,7,1,24,0,25,63,2,90,0,41,70,3,114,52,2,54,168
09/05/2013,FLG,AZ,AWP,WE,Federal Contract Tower,0,17,7,0,24,0,25,58,0,83,0,42,65,0,107,40,0,40,147
09/06/2013,FLG,AZ,AWP,WE,Federal Contract Tower,0,13,5,0,18,0,21,64,6,91,0,34,69,6,109,40,0,40,149
09/07/2013,FLG,AZ,AWP,WE,Federal Contract Tower,0,14,3,0,17,0,14,36,0,50,0,28,39,0,67,28,0,28,95
09/08/2013,FLG,AZ,AWP,WE,Federal Contract Tower,0,18,5,0,23,0,10,15,0,25,0,28,20,0,48,2,0,2,50
09/09/2013,FLG,AZ,AWP,WE,Federal Contract Tower,0,17,12,2,31,0,1,1,0,2,0,18,13,2,33,0,0,0,33
09/10/2013,FLG,AZ,AWP,WE,Federal Contract Tower,0,23,15,0,38,0,12,6,0,18,0,35,21,0,56,2,0,2,58
09/11/2013,FLG,AZ,AWP,WE,Federal Contract Tower,0,26,10,1,37,0,18,15,1,34,0,44,25,2,71,0,8,8,79
09/12/2013,FLG,AZ,AWP,WE,Federal Contract Tower,0,19,6,2,27,0,27,73,2,102,0,46,79,4,129,52,10,62,191
09/13/2013,FLG,AZ,AWP,WE,Federal Contract Tower,2,21,14,0,37,0,14,81,0,95,2,35,95,0,132,28,0,28,160
09/14/2013,FLG,AZ,AWP,WE,Federal Contract Tower,0,16,3,0,19,0,16,83,0,99,0,32,86,0,118,24,0,24,142
09/15/2013,FLG,AZ,AWP,WE,Federal Contract Tower,0,18,6,0,24,0,23,98,0,121,0,41,104,0,145,32,0,32,177
09/16/2013,FLG,AZ,AWP,WE,Federal Contract Tower,0,17,6,1,24,0,24,68,2,94,0,41,74,3,118,6,2,8,126
09/17/2013,FLG,AZ,AWP,WE,Federal Contract Tower,0,19,12,0,31,0,23,49,0,72,0,42,61,0,103,0,0,0,103
09/18/2013,FLG,AZ,AWP,WE,Federal Contract Tower,0,18,7,2,27,0,18,62,0,80,0,36,69,2,107,0,0,0,107
09/19/2013,FLG,AZ,AWP,WE,Federal Contract Tower,0,17,0,2,19,0,16,65,0,81,0,33,65,2,100,18,0,18,118
09/20/2013,FLG,AZ,AWP,WE,Federal Contract Tower,1,10,5,0,16,0,24,66,2,92,1,34,71,2,108,24,2,26,134
09/21/2013,FLG,AZ,AWP,WE,Federal Contract Tower,2,9,1,0,12,0,23,49,0,72,2,32,50,0,84,18,0,18,102
09/22/2013,FLG,AZ,AWP,WE,Federal Contract Tower,0,16,10,0,26,0,29,50,0,79,0,45,60,0,105,4,0,4,109
09/23/2013,FLG,AZ,AWP,WE,Federal Contract Tower,0,20,5,0,25,0,26,65,7,98,0,46,70,7,123,52,0,52,175
09/24/2013,FLG,AZ,AWP,WE,Federal Contract Tower,0,16,10,5,31,0,17,64,4,85,0,33,74,9,116,22,26,48,164
09/25/2013,FLG,AZ,AWP,WE,Federal Contract Tower,0,22,12,0,34,0,17,64,1,82,0,39,76,1,116,44,0,44,160
09/26/2013,FLG,AZ,AWP,WE,Federal Contract Tower,0,21,8,1,30,0,15,28,0,43,0,36,36,1,73,2,0,2,75
09/27/2013,FLG,AZ,AWP,WE,Federal Contract Tower,2,19,8,0,29,0,26,52,0,78,2,45,60,0,107,24,0,24,131
09/28/2013,FLG,AZ,AWP,WE,Federal Contract Tower,0,13,7,0,20,0,15,49,0,64,0,28,56,0,84,30,0,30,114
09/29/2013,FLG,AZ,AWP,WE,Federal Contract Tower,0,18,6,0,24,0,18,84,0,102,0,36,90,0,126,22,0,22,148
09/30/2013,FLG,AZ,AWP,WE,Federal Contract Tower,0,20,9,0,29,0,18,91,0,109,0,38,100,0,138,34,0,34,172
10/01/2013,FLG,AZ,AWP,WE,Federal Contract Tower,0,19,5,0,24,0,23,79,0,102,0,42,84,0,126,56,0,56,182
10/02/2013,FLG,AZ,AWP,WE,Federal Contract Tower,0,14,8,0,22,0,16,60,0,76,0,30,68,0,98,34,0,34,132
10/03/2013,FLG,AZ,AWP,WE,Federal Contract Tower,0,17,2,0,19,0,12,39,0,51,0,29,41,0,70,6,0,6,76
10/04/2013,FLG,AZ,AWP,WE,Federal Contract Tower,0,21,13,0,34,0,9,50,0,59,0,30,63,0,93,40,0,40,133
10/05/2013,FLG,AZ,AWP,WE,Federal Contract Tower,0,9,6,0,15,0,6,53,0,59,0,15,59,0,74,16,0,16,90
10/06/2013,FLG,AZ,AWP,WE,Federal Contract Tower,0,11,3,0,14,0,2,58,0,60,0,13,61,0,74,10,0,10,84
10/07/2013,FLG,AZ,AWP,WE,Federal Contract Tower,0,16,8,0,24,0,10,55,0,65,0,26,63,0,89,76,0,76,165
10/08/2013,FLG,AZ,AWP,WE,Federal Contract Tower,0,18,2,2,22,0,21,53,1,75,0,39,55,3,97,52,0,52,149
10/09/2013,FLG,AZ,AWP,WE,Federal Contract Tower,0,14,6,0,20,0,18,27,0,45,0,32,33,0,65,0,0,0,65
10/10/2013,FLG,AZ,AWP,WE,Federal Contract Tower,0,16,4,0,20,0,2,2,0,4,0,18,6,0,24,2,1,3,27
10/11/2013,FLG,AZ,AWP,WE,Federal Contract Tower,0,12,4,0,16,0,15,78,0,93,0,27,82,0,109,42,0,42,151
10/12/2013,FLG,AZ,AWP,WE,Federal Contract Tower,0,15,5,0,20,0,19,48,0,67,0,34,53,0,87,30,0,30,117
10/13/2013,FLG,AZ,AWP,WE,Federal Contract Tower,0,10,7,1,18,0,30,45,0,75,0,40,52,1,93,0,0,0,93
10/14/2013,FLG,AZ,AWP,WE,Federal Contract Tower,0,17,10,0,27,0,16,67,0,83,0,33,77,0,110,14,0,14,124
10/15/2013,FLG,AZ,AWP,WE,Federal Contract Tower,0,15,9,2,26,0,35,71,1,107,0,50,80,3,133,18,12,30,163
10/16/2013,FLG,AZ,AWP,WE,Federal Contract Tower,0,21,6,1,28,0,17,50,2,69,0,38,56,3,97,64,0,64,161
10/17/2013,FLG,AZ,AWP,WE,Federal Contract Tower,0,16,3,2,21,0,17,56,0,73,0,33,59,2,94,34,10,44,138
10/18/2013,FLG,AZ,AWP,WE,Federal Contract Tower,2,10,6,3,21,0,19,45,1,65,2,29,51,4,86,24,0,24,110
10/19/2013,FLG,AZ,AWP,WE,Federal Contract Tower,1,12,1,1,15,0,12,53,1,66,1,24,54,2,81,24,0,24,105
10/20/2013,FLG,AZ,AWP,WE,Federal Contract Tower,0,10,7,1,18,0,20,90,0,110,0,30,97,1,128,28,2,30,158
10/21/2013,FLG,AZ,AWP,WE,Federal Contract Tower,0,17,2,0,19,0,19,52,2,73,0,36,54,2,92,22,0,22,114
10/22/2013,FLG,AZ,AWP,WE,Federal Contract Tower,0,16,9,0,25,0,26,51,1,78,0,42,60,1,103,28,0,28,131
10/23/2013,FLG,AZ,AWP,WE,Federal Contract Tower,0,23,0,0,23,0,25,42,0,67,0,48,42,0,90,14,0,14,104
10/24/2013,FLG,AZ,AWP,WE,Federal Contract Tower,0,16,1,0,17,0,12,53,0,65,0,28,54,0,82,44,0,44,126
10/25/2013,FLG,AZ,AWP,WE,Federal Contract Tower,2,15,5,1,23,0,23,49,1,73,2,38,54,2,96,30,4,34,130
10/26/2013,FLG,AZ,AWP,WE,Federal Contract Tower,0,11,1,0,12,0,14,73,0,87,0,25,74,0,99,36,0,36,135
10/27/2013,FLG,AZ,AWP,WE,Federal Contract Tower,0,10,7,0,17,0,14,69,0,83,0,24,76,0,100,12,0,12,112
10/28/2013,FLG,AZ,AWP,WE,Federal Contract Tower,0,18,3,2,23,0,14,27,5,46,0,32,30,7,69,10,4,14,83
10/29/2013,FLG,AZ,AWP,WE,Federal Contract Tower,0,22,4,1,27,0,14,3,0,17,0,36,7,1,44,0,0,0,44
10/30/2013,FLG,AZ,AWP,WE,Federal Contract Tower,0,20,2,3,25,0,9,28,2,39,0,29,30,5,64,12,0,12,76
10/31/2013,FLG,AZ,AWP,WE,Federal Contract Tower,0,18,2,0,20,0,0,0,0,0,0,18,2,0,20,14,0,14,34
11/01/2013,FLG,AZ,AWP,WE,Federal Contract Tower,0,23,7,0,30,0,16,53,0,69,0,39,60,0,99,40,0,40,139
11/02/2013,FLG,AZ,AWP,WE,Federal Contract Tower,0,11,6,0,17,0,15,47,4,66,0,26,53,4,83,44,0,44,127
11/03/2013,FLG,AZ,AWP,WE,Federal Contract Tower,0,21,5,0,26,0,9,43,2,54,0,30,48,2,80,22,2,24,104
11/04/2013,FLG,AZ,AWP,WE,Federal Contract Tower,0,22,8,0,30,0,13,48,0,61,0,35,56,0,91,10,0,10,101
11/05/2013,FLG,AZ,AWP,WE,Federal Contract Tower,0,19,11,1,31,0,12,41,0,53,0,31,52,1,84,20,0,20,104
11/06/2013,FLG,AZ,AWP,WE,Federal Contract Tower,19,7,0,0,26,0,19,50,0,69,19,26,50,0,95,34,0,34,129
11/07/2013,FLG,AZ,AWP,WE,Federal Contract Tower,0,14,5,2,21,0,15,63,1,79,0,29,68,3,100,14,0,14,114
11/08/2013,FLG,AZ,AWP,WE,Federal Contract Tower,0,13,4,0,17,0,15,52,2,69,0,28,56,2,86,60,0,60,146
11/09/2013,FLG,AZ,AWP,WE,Federal Contract Tower,0,13,5,0,18,0,8,43,1,52,0,21,48,1,70,12,0,12,82
11/10/2013,FLG,AZ,AWP,WE,Federal Contract Tower,0,9,1,0,10,0,4,41,1,46,0,13,42,1,56,16,0,16,72
11/11/2013,FLG,AZ,AWP,WE,Federal Contract Tower,0,14,5,0,19,0,18,55,0,73,0,32,60,0,92,42,0,42,134
11/12/2013,FLG,AZ,AWP,WE,Federal Contract Tower,0,19,7,0,26,0,16,53,0,69,0,35,60,0,95,36,0,36,131
11/13/2013,FLG,AZ,AWP,WE,Federal Contract Tower,0,17,13,0,30,0,21,43,2,66,0,38,56,2,96,12,2,14,110
11/14/2013,FLG,AZ,AWP,WE,Federal Contract Tower,0,17,18,1,36,0,26,54,0,80,0,43,72,1,116,40,0,40,156
11/15/2013,FLG,AZ,AWP,WE,Federal Contract Tower,2,13,5,0,20,0,24,35,0,59,2,37,40,0,79,4,0,4,83
11/16/2013,FLG,AZ,AWP,WE,Federal Contract Tower,0,13,9,5,27,0,5,11,0,16,0,18,20,5,43,0,2,2,45
11/17/2013,FLG,AZ,AWP,WE,Federal Contract Tower,0,10,5,0,15,0,7,42,0,49,0,17,47,0,64,6,0,6,70
11/18/2013,FLG,AZ,AWP,WE,Federal Contract Tower,0,21,3,1,25,0,15,64,4,83,0,36,67,5,108,42,2,44,152
11/19/2013,FLG,AZ,AWP,WE,Federal Contract Tower,0,21,2,9,32,0,28,52,2,82,0,49,54,11,114,22,10,32,146
11/20/2013,FLG,AZ,AWP,WE,Federal Contract Tower,0,14,7,0,21,0,3,6,4,13,0,17,13,4,34,0,0,0,34
11/21/2013,FLG,AZ,AWP,WE,Federal Contract Tower,0,18,12,0,30,0,0,0,0,0,0,18,12,0,30,0,0,0,30
11/22/2013,FLG,AZ,AWP,WE,Federal Contract Tower,0,14,1,0,15,0,0,0,0,0,0,14,1,0,15,0,0,0,15
11/23/2013,FLG,AZ,AWP,WE,Federal Contract Tower,0,0,0,0,0,0,0,0,0,0,0,0,0,0,0,0,0,0,0
11/24/2013,FLG,AZ,AWP,WE,Federal Contract Tower,0,8,5,0,13,0,0,0,0,0,0,8,5,0,13,0,0,0,13
11/25/2013,FLG,AZ,AWP,WE,Federal Contract Tower,0,16,2,2,20,0,16,61,0,77,0,32,63,2,97,50,0,50,147
11/26/2013,FLG,AZ,AWP,WE,Federal Contract Tower,2,21,7,1,31,0,29,91,2,122,2,50,98,3,153,94,2,96,249
11/27/2013,FLG,AZ,AWP,WE,Federal Contract Tower,0,24,9,0,33,0,13,52,0,65,0,37,61,0,98,28,0,28,126
11/28/2013,FLG,AZ,AWP,WE,Federal Contract Tower,0,8,1,0,9,0,7,24,0,31,0,15,25,0,40,14,0,14,54
11/29/2013,FLG,AZ,AWP,WE,Federal Contract Tower,2,12,6,0,20,0,15,56,0,71,2,27,62,0,91,50,0,50,141
11/30/2013,FLG,AZ,AWP,WE,Federal Contract Tower,0,8,7,0,15,0,2,18,0,20,0,10,25,0,35,2,0,2,37
12/01/2013,FLG,AZ,AWP,WE,Federal Contract Tower,0,7,6,0,13,0,0,21,0,21,0,7,27,0,34,4,0,4,38
12/02/2013,FLG,AZ,AWP,WE,Federal Contract Tower,2,17,8,0,27,0,19,78,0,97,2,36,86,0,124,70,0,70,194
12/03/2013,FLG,AZ,AWP,WE,Federal Contract Tower,0,16,13,1,30,0,18,47,4,69,0,34,60,5,99,28,0,28,127
12/04/2013,FLG,AZ,AWP,WE,Federal Contract Tower,0,9,1,0,10,0,0,3,0,3,0,9,4,0,13,0,0,0,13
12/05/2013,FLG,AZ,AWP,WE,Federal Contract Tower,0,15,4,0,19,0,15,43,0,58,0,30,47,0,77,60,0,60,137
12/06/2013,FLG,AZ,AWP,WE,Federal Contract Tower,0,15,5,0,20,0,19,56,0,75,0,34,61,0,95,22,0,22,117
12/07/2013,FLG,AZ,AWP,WE,Federal Contract Tower,0,9,5,0,14,0,5,14,2,21,0,14,19,2,35,6,0,6,41
12/08/2013,FLG,AZ,AWP,WE,Federal Contract Tower,0,7,9,0,16,0,11,7,1,19,0,18,16,1,35,10,0,10,45
12/09/2013,FLG,AZ,AWP,WE,Federal Contract Tower,0,21,6,0,27,0,17,66,0,83,0,38,72,0,110,48,0,48,158
12/10/2013,FLG,AZ,AWP,WE,Federal Contract Tower,0,17,4,0,21,0,25,67,5,97,0,42,71,5,118,64,0,64,182
12/11/2013,FLG,AZ,AWP,WE,Federal Contract Tower,0,18,4,0,22,0,9,44,0,53,0,27,48,0,75,38,0,38,113
12/12/2013,FLG,AZ,AWP,WE,Federal Contract Tower,0,19,4,1,24,0,14,43,1,58,0,33,47,2,82,56,0,56,138
12/13/2013,FLG,AZ,AWP,WE,Federal Contract Tower,0,12,6,0,18,0,16,63,0,79,0,28,69,0,97,36,0,36,133
12/14/2013,FLG,AZ,AWP,WE,Federal Contract Tower,0,7,2,1,10,0,15,51,0,66,0,22,53,1,76,22,0,22,98
12/15/2013,FLG,AZ,AWP,WE,Federal Contract Tower,0,11,4,0,15,0,9,56,0,65,0,20,60,0,80,10,0,10,90
12/16/2013,FLG,AZ,AWP,WE,Federal Contract Tower,0,18,4,0,22,0,19,53,2,74,0,37,57,2,96,22,0,22,118
12/17/2013,FLG,AZ,AWP,WE,Federal Contract Tower,0,14,2,0,16,0,23,68,2,93,0,37,70,2,109,56,0,56,165
12/18/2013,FLG,AZ,AWP,WE,Federal Contract Tower,0,19,3,0,22,0,24,54,0,78,0,43,57,0,100,30,10,40,140
12/19/2013,FLG,AZ,AWP,WE,Federal Contract Tower,0,17,6,1,24,0,12,37,1,50,0,29,43,2,74,22,0,22,96
12/20/2013,FLG,AZ,AWP,WE,Federal Contract Tower,0,19,8,0,27,0,4,3,0,7,0,23,11,0,34,0,0,0,34
12/21/2013,FLG,AZ,AWP,WE,Federal Contract Tower,0,12,4,2,18,0,6,37,1,44,0,18,41,3,62,0,0,0,62
12/22/2013,FLG,AZ,AWP,WE,Federal Contract Tower,0,10,2,3,15,0,3,53,1,57,0,13,55,4,72,20,0,20,92
12/23/2013,FLG,AZ,AWP,WE,Federal Contract Tower,0,18,7,2,27,0,16,48,0,64,0,34,55,2,91,20,0,20,111
12/24/2013,FLG,AZ,AWP,WE,Federal Contract Tower,0,15,3,0,18,0,24,57,0,81,0,39,60,0,99,24,0,24,123
12/25/2013,FLG,AZ,AWP,WE,Federal Contract Tower,0,8,1,0,9,0,9,14,0,23,0,17,15,0,32,0,0,0,32
12/26/2013,FLG,AZ,AWP,WE,Federal Contract Tower,0,16,0,0,16,0,19,49,0,68,0,35,49,0,84,42,0,42,126
12/27/2013,FLG,AZ,AWP,WE,Federal Contract Tower,0,12,2,0,14,0,19,44,2,65,0,31,46,2,79,20,2,22,101
12/28/2013,FLG,AZ,AWP,WE,Federal Contract Tower,0,11,4,0,15,0,18,57,0,75,0,29,61,0,90,30,0,30,120
12/29/2013,FLG,AZ,AWP,WE,Federal Contract Tower,0,9,2,0,11,0,15,44,0,59,0,24,46,0,70,0,0,0,70
12/30/2013,FLG,AZ,AWP,WE,Federal Contract Tower,0,20,0,0,20,0,16,69,0,85,0,36,69,0,105,32,0,32,137
12/31/2013,FLG,AZ,AWP,WE,Federal Contract Tower,0,17,4,0,21,0,25,62,0,87,0,42,66,0,108,48,0,48,156
01/01/2014,FLG,AZ,AWP,WE,Federal Contract Tower,0,13,1,0,14,0,12,38,0,50,0,25,39,0,64,12,0,12,76
01/02/2014,FLG,AZ,AWP,WE,Federal Contract Tower,0,15,4,1,20,0,17,54,0,71,0,32,58,1,91,18,4,22,113
01/03/2014,FLG,AZ,AWP,WE,Federal Contract Tower,0,13,4,0,17,0,20,40,0,60,0,33,44,0,77,22,0,22,99
01/04/2014,FLG,AZ,AWP,WE,Federal Contract Tower,0,9,1,0,10,0,14,55,0,69,0,23,56,0,79,16,0,16,95
01/05/2014,FLG,AZ,AWP,WE,Federal Contract Tower,0,10,1,0,11,0,8,56,0,64,0,18,57,0,75,10,0,10,85
01/06/2014,FLG,AZ,AWP,WE,Federal Contract Tower,0,10,4,0,14,0,19,62,0,81,0,29,66,0,95,12,0,12,107
01/07/2014,FLG,AZ,AWP,WE,Federal Contract Tower,0,15,8,1,24,0,22,57,2,81,0,37,65,3,105,36,8,44,149
01/08/2014,FLG,AZ,AWP,WE,Federal Contract Tower,0,19,2,3,24,0,18,54,0,72,0,37,56,3,96,46,8,54,150
01/09/2014,FLG,AZ,AWP,WE,Federal Contract Tower,0,15,6,2,23,0,16,48,1,65,0,31,54,3,88,36,10,46,134
01/10/2014,FLG,AZ,AWP,WE,Federal Contract Tower,0,15,4,1,20,0,12,57,1,70,0,27,61,2,90,12,2,14,104
01/11/2014,FLG,AZ,AWP,WE,Federal Contract Tower,0,8,4,0,12,0,13,60,0,73,0,21,64,0,85,28,0,28,113
01/12/2014,FLG,AZ,AWP,WE,Federal Contract Tower,0,11,2,0,13,0,24,75,0,99,0,35,77,0,112,18,0,18,130
01/13/2014,FLG,AZ,AWP,WE,Federal Contract Tower,0,15,6,0,21,0,12,53,0,65,0,27,59,0,86,2,0,2,88
01/14/2014,FLG,AZ,AWP,WE,Federal Contract Tower,0,17,3,2,22,0,25,49,3,77,0,42,52,5,99,44,0,44,143
01/15/2014,FLG,AZ,AWP,WE,Federal Contract Tower,0,18,7,0,25,0,19,63,5,87,0,37,70,5,112,68,0,68,180
01/16/2014,FLG,AZ,AWP,WE,Federal Contract Tower,0,10,3,0,13,0,29,47,6,82,0,39,50,6,95,24,0,24,119
01/17/2014,FLG,AZ,AWP,WE,Federal Contract Tower,0,13,0,0,13,0,27,54,5,86,0,40,54,5,99,40,0,40,139
01/18/2014,FLG,AZ,AWP,WE,Federal Contract Tower,0,6,6,3,15,0,10,52,8,70,0,16,58,11,85,52,0,52,137
01/19/2014,FLG,AZ,AWP,WE,Federal Contract Tower,0,10,1,0,11,0,14,46,0,60,0,24,47,0,71,48,0,48,119
01/20/2014,FLG,AZ,AWP,WE,Federal Contract Tower,0,17,2,0,19,0,22,64,0,86,0,39,66,0,105,18,0,18,123
01/21/2014,FLG,AZ,AWP,WE,Federal Contract Tower,0,15,2,0,17,0,25,64,0,89,0,40,66,0,106,40,0,40,146
01/22/2014,FLG,AZ,AWP,WE,Federal Contract Tower,0,14,1,0,15,0,22,47,0,69,0,36,48,0,84,48,0,48,132
01/23/2014,FLG,AZ,AWP,WE,Federal Contract Tower,0,9,3,2,14,0,24,37,10,71,0,33,40,12,85,8,0,8,93
01/24/2014,FLG,AZ,AWP,WE,Federal Contract Tower,0,12,4,1,17,0,22,45,0,67,0,34,49,1,84,44,6,50,134
01/25/2014,FLG,AZ,AWP,WE,Federal Contract Tower,0,12,8,0,20,0,14,52,0,66,0,26,60,0,86,56,0,56,142
01/26/2014,FLG,AZ,AWP,WE,Federal Contract Tower,0,15,3,0,18,0,11,93,0,104,0,26,96,0,122,18,0,18,140
01/27/2014,FLG,AZ,AWP,WE,Federal Contract Tower,0,19,5,0,24,0,18,52,0,70,0,37,57,0,94,12,0,12,106
01/28/2014,FLG,AZ,AWP,WE,Federal Contract Tower,0,14,0,0,14,0,14,52,0,66,0,28,52,0,80,12,0,12,92
01/29/2014,FLG,AZ,AWP,WE,Federal Contract Tower,0,12,2,0,14,0,25,46,0,71,0,37,48,0,85,38,0,38,123
01/30/2014,FLG,AZ,AWP,WE,Federal Contract Tower,0,8,4,0,12,0,22,33,3,58,0,30,37,3,70,14,0,14,84
01/31/2014,FLG,AZ,AWP,WE,Federal Contract Tower,0,17,9,0,26,0,2,6,0,8,0,19,15,0,34,0,0,0,34
02/01/2014,FLG,AZ,AWP,WE,Federal Contract Tower,0,7,0,0,7,0,8,33,0,41,0,15,33,0,48,8,0,8,56
02/02/2014,FLG,AZ,AWP,WE,Federal Contract Tower,0,11,5,0,16,0,5,38,0,43,0,16,43,0,59,42,0,42,101
02/03/2014,FLG,AZ,AWP,WE,Federal Contract Tower,0,19,10,0,29,0,23,0,0,23,0,42,10,0,52,4,0,4,56
02/04/2014,FLG,AZ,AWP,WE,Federal Contract Tower,0,23,11,0,34,0,15,39,0,54,0,38,50,0,88,10,0,10,98
02/05/2014,FLG,AZ,AWP,WE,Federal Contract Tower,0,12,4,0,16,0,11,24,0,35,0,23,28,0,51,18,0,18,69
02/06/2014,FLG,AZ,AWP,WE,Federal Contract Tower,0,11,3,0,14,0,14,21,0,35,0,25,24,0,49,0,0,0,49
02/07/2014,FLG,AZ,AWP,WE,Federal Contract Tower,0,23,10,0,33,0,21,10,0,31,0,44,20,0,64,0,0,0,64
02/08/2014,FLG,AZ,AWP,WE,Federal Contract Tower,0,9,2,2,13,0,8,41,0,49,0,17,43,2,62,30,0,30,92
02/09/2014,FLG,AZ,AWP,WE,Federal Contract Tower,0,11,3,0,14,0,14,53,3,70,0,25,56,3,84,18,0,18,102
02/10/2014,FLG,AZ,AWP,WE,Federal Contract Tower,0,21,1,0,22,0,11,30,5,46,0,32,31,5,68,8,0,8,76
02/11/2014,FLG,AZ,AWP,WE,Federal Contract Tower,0,20,5,2,27,0,19,56,0,75,0,39,61,2,102,8,10,18,120
02/12/2014,FLG,AZ,AWP,WE,Federal Contract Tower,0,10,5,0,15,0,23,38,0,61,0,33,43,0,76,28,0,28,104
02/13/2014,FLG,AZ,AWP,WE,Federal Contract Tower,0,13,1,0,14,0,17,45,0,62,0,30,46,0,76,12,0,12,88
02/14/2014,FLG,AZ,AWP,WE,Federal Contract Tower,0,14,3,0,17,0,11,32,0,43,0,25,35,0,60,38,0,38,98
02/15/2014,FLG,AZ,AWP,WE,Federal Contract Tower,0,8,4,0,12,0,10,38,0,48,0,18,42,0,60,20,0,20,80
02/16/2014,FLG,AZ,AWP,WE,Federal Contract Tower,0,15,2,0,17,0,12,48,0,60,0,27,50,0,77,6,0,6,83
02/17/2014,FLG,AZ,AWP,WE,Federal Contract Tower,0,15,5,0,20,0,14,59,0,73,0,29,64,0,93,12,0,12,105
02/18/2014,FLG,AZ,AWP,WE,Federal Contract Tower,0,16,3,0,19,0,20,46,0,66,0,36,49,0,85,22,0,22,107
02/19/2014,FLG,AZ,AWP,WE,Federal Contract Tower,0,14,1,0,15,0,18,35,0,53,0,32,36,0,68,24,0,24,92
02/20/2014,FLG,AZ,AWP,WE,Federal Contract Tower,0,14,9,0,23,0,25,47,2,74,0,39,56,2,97,0,0,0,97
02/21/2014,FLG,AZ,AWP,WE,Federal Contract Tower,0,14,4,2,20,0,22,41,3,66,0,36,45,5,86,58,0,58,144
02/22/2014,FLG,AZ,AWP,WE,Federal Contract Tower,0,9,6,0,15,0,12,57,2,71,0,21,63,2,86,34,0,34,120
02/23/2014,FLG,AZ,AWP,WE,Federal Contract Tower,0,9,6,0,15,0,10,61,4,75,0,19,67,4,90,22,0,22,112
02/24/2014,FLG,AZ,AWP,WE,Federal Contract Tower,0,21,6,0,27,0,7,49,2,58,0,28,55,2,85,0,0,0,85
02/25/2014,FLG,AZ,AWP,WE,Federal Contract Tower,0,19,3,0,22,0,14,53,0,67,0,33,56,0,89,54,0,54,143
02/26/2014,FLG,AZ,AWP,WE,Federal Contract Tower,0,16,3,0,19,0,25,44,6,75,0,41,47,6,94,18,6,24,118
02/27/2014,FLG,AZ,AWP,WE,Federal Contract Tower,0,13,6,0,19,0,11,20,0,31,0,24,26,0,50,2,0,2,52
02/28/2014,FLG,AZ,AWP,WE,Federal Contract Tower,0,17,6,2,25,0,3,2,0,5,0,20,8,2,30,0,0,0,30
03/01/2014,FLG,AZ,AWP,WE,Federal Contract Tower,0,9,2,0,11,0,0,0,0,0,0,9,2,0,11,0,0,0,11
03/02/2014,FLG,AZ,AWP,WE,Federal Contract Tower,0,13,6,0,19,0,7,24,2,33,0,20,30,2,52,26,0,26,78
03/03/2014,FLG,AZ,AWP,WE,Federal Contract Tower,0,18,3,0,21,0,22,50,1,73,0,40,53,1,94,42,0,42,136
03/04/2014,FLG,AZ,AWP,WE,Federal Contract Tower,0,16,8,0,24,0,15,54,0,69,0,31,62,0,93,28,0,28,121
03/05/2014,FLG,AZ,AWP,WE,Federal Contract Tower,0,16,4,0,20,0,24,61,2,87,0,40,65,2,107,76,0,76,183
03/06/2014,FLG,AZ,AWP,WE,Federal Contract Tower,0,17,5,0,22,0,23,45,2,70,0,40,50,2,92,36,0,36,128
03/07/2014,FLG,AZ,AWP,WE,Federal Contract Tower,0,17,4,0,21,0,21,29,0,50,0,38,33,0,71,32,0,32,103
03/08/2014,FLG,AZ,AWP,WE,Federal Contract Tower,0,10,0,5,15,0,13,44,3,60,0,23,44,8,75,6,0,6,81
03/09/2014,FLG,AZ,AWP,WE,Federal Contract Tower,0,12,1,0,13,0,13,45,0,58,0,25,46,0,71,50,8,58,129
03/10/2014,FLG,AZ,AWP,WE,Federal Contract Tower,0,17,1,2,20,0,21,51,0,72,0,38,52,2,92,30,0,30,122
03/11/2014,FLG,AZ,AWP,WE,Federal Contract Tower,0,16,5,2,23,0,21,45,3,69,0,37,50,5,92,36,2,38,130
03/12/2014,FLG,AZ,AWP,WE,Federal Contract Tower,0,14,3,0,17,0,23,37,6,66,0,37,40,6,83,56,0,56,139
03/13/2014,FLG,AZ,AWP,WE,Federal Contract Tower,0,16,6,0,22,0,10,35,0,45,0,26,41,0,67,58,0,58,125
03/14/2014,FLG,AZ,AWP,WE,Federal Contract Tower,0,11,7,0,18,0,26,34,0,60,0,37,41,0,78,32,0,32,110
03/15/2014,FLG,AZ,AWP,WE,Federal Contract Tower,0,8,3,1,12,0,20,49,2,71,0,28,52,3,83,16,0,16,99
03/16/2014,FLG,AZ,AWP,WE,Federal Contract Tower,0,15,3,0,18,0,5,34,0,39,0,20,37,0,57,0,0,0,57
03/17/2014,FLG,AZ,AWP,WE,Federal Contract Tower,0,17,7,0,24,0,11,42,0,53,0,28,49,0,77,4,0,4,81
03/18/2014,FLG,AZ,AWP,WE,Federal Contract Tower,0,21,5,1,27,0,23,53,0,76,0,44,58,1,103,40,0,40,143
03/19/2014,FLG,AZ,AWP,WE,Federal Contract Tower,0,21,6,0,27,0,25,67,0,92,0,46,73,0,119,26,0,26,145
03/20/2014,FLG,AZ,AWP,WE,Federal Contract Tower,0,18,10,0,28,0,16,56,0,72,0,34,66,0,100,30,0,30,130
03/21/2014,FLG,AZ,AWP,WE,Federal Contract Tower,0,19,7,3,29,0,16,42,1,59,0,35,49,4,88,32,2,34,122
03/22/2014,FLG,AZ,AWP,WE,Federal Contract Tower,0,9,3,0,12,0,28,58,4,90,0,37,61,4,102,14,0,14,116
03/23/2014,FLG,AZ,AWP,WE,Federal Contract Tower,0,14,4,0,18,0,8,81,0,89,0,22,85,0,107,4,0,4,111
03/24/2014,FLG,AZ,AWP,WE,Federal Contract Tower,0,18,7,0,25,0,15,53,0,68,0,33,60,0,93,26,0,26,119
03/25/2014,FLG,AZ,AWP,WE,Federal Contract Tower,0,20,2,1,23,0,21,56,2,79,0,41,58,3,102,34,0,34,136
03/26/2014,FLG,AZ,AWP,WE,Federal Contract Tower,0,14,4,0,18,0,4,19,0,23,0,18,23,0,41,0,0,0,41
03/27/2014,FLG,AZ,AWP,WE,Federal Contract Tower,0,22,2,4,28,0,19,46,2,67,0,41,48,6,95,0,0,0,95
03/28/2014,FLG,AZ,AWP,WE,Federal Contract Tower,0,14,7,0,21,0,28,57,0,85,0,42,64,0,106,34,0,34,140
03/29/2014,FLG,AZ,AWP,WE,Federal Contract Tower,0,7,5,1,13,0,21,57,0,78,0,28,62,1,91,22,4,26,117
03/30/2014,FLG,AZ,AWP,WE,Federal Contract Tower,0,9,8,2,19,0,19,41,3,63,0,28,49,5,82,6,2,8,90
03/31/2014,FLG,AZ,AWP,WE,Federal Contract Tower,0,20,3,2,25,0,14,36,5,55,0,34,39,7,80,0,0,0,80
04/01/2014,FLG,AZ,AWP,WE,Federal Contract Tower,0,13,0,0,13,0,12,33,0,45,0,25,33,0,58,10,0,10,68
04/02/2014,FLG,AZ,AWP,WE,Federal Contract Tower,0,20,2,0,22,0,15,26,0,41,0,35,28,0,63,18,0,18,81
04/03/2014,FLG,AZ,AWP,WE,Federal Contract Tower,0,19,3,1,23,0,16,54,6,76,0,35,57,7,99,60,0,60,159
04/04/2014,FLG,AZ,AWP,WE,Federal Contract Tower,0,19,6,0,25,0,18,45,1,64,0,37,51,1,89,6,0,6,95
04/05/2014,FLG,AZ,AWP,WE,Federal Contract Tower,0,14,0,0,14,0,6,41,0,47,0,20,41,0,61,0,0,0,61
04/06/2014,FLG,AZ,AWP,WE,Federal Contract Tower,0,22,4,4,30,0,12,73,2,87,0,34,77,6,117,30,2,32,149
04/07/2014,FLG,AZ,AWP,WE,Federal Contract Tower,0,21,2,0,23,0,13,57,1,71,0,34,59,1,94,20,0,20,114
04/08/2014,FLG,AZ,AWP,WE,Federal Contract Tower,0,16,9,1,26,0,28,64,1,93,0,44,73,2,119,106,0,106,225
04/09/2014,FLG,AZ,AWP,WE,Federal Contract Tower,0,17,5,0,22,0,30,52,0,82,0,47,57,0,104,48,0,48,152
04/10/2014,FLG,AZ,AWP,WE,Federal Contract Tower,0,16,4,1,21,0,22,51,0,73,0,38,55,1,94,26,0,26,120
04/11/2014,FLG,AZ,AWP,WE,Federal Contract Tower,0,20,6,1,27,0,14,62,0,76,0,34,68,1,103,42,2,44,147
04/12/2014,FLG,AZ,AWP,WE,Federal Contract Tower,0,15,0,0,15,0,19,43,4,66,0,34,43,4,81,8,0,8,89
04/13/2014,FLG,AZ,AWP,WE,Federal Contract Tower,0,21,4,0,25,0,15,54,0,69,0,36,58,0,94,0,0,0,94
04/14/2014,FLG,AZ,AWP,WE,Federal Contract Tower,0,20,2,0,22,0,17,51,0,68,0,37,53,0,90,6,0,6,96
04/15/2014,FLG,AZ,AWP,WE,Federal Contract Tower,0,17,2,3,22,0,27,61,2,90,0,44,63,5,112,0,0,0,112
04/16/2014,FLG,AZ,AWP,WE,Federal Contract Tower,0,19,8,0,27,0,23,69,0,92,0,42,77,0,119,20,0,20,139
04/17/2014,FLG,AZ,AWP,WE,Federal Contract Tower,0,14,4,0,18,0,13,77,6,96,0,27,81,6,114,36,6,42,156
04/18/2014,FLG,AZ,AWP,WE,Federal Contract Tower,0,19,3,0,22,0,17,60,0,77,0,36,63,0,99,14,0,14,113
04/19/2014,FLG,AZ,AWP,WE,Federal Contract Tower,0,12,8,0,20,0,14,54,0,68,0,26,62,0,88,4,0,4,92
04/20/2014,FLG,AZ,AWP,WE,Federal Contract Tower,0,16,2,0,18,0,8,59,0,67,0,24,61,0,85,30,0,30,115
04/21/2014,FLG,AZ,AWP,WE,Federal Contract Tower,0,20,10,0,30,0,26,72,0,98,0,46,82,0,128,2,0,2,130
04/22/2014,FLG,AZ,AWP,WE,Federal Contract Tower,0,22,5,0,27,0,21,47,0,68,0,43,52,0,95,24,0,24,119
04/23/2014,FLG,AZ,AWP,WE,Federal Contract Tower,0,15,10,0,25,0,22,44,0,66,0,37,54,0,91,12,0,12,103
04/24/2014,FLG,AZ,AWP,WE,Federal Contract Tower,0,15,14,0,29,0,43,54,0,97,0,58,68,0,126,50,0,50,176
04/25/2014,FLG,AZ,AWP,WE,Federal Contract Tower,0,17,10,2,29,0,18,41,0,59,0,35,51,2,88,0,2,2,90
04/26/2014,FLG,AZ,AWP,WE,Federal Contract Tower,0,10,5,0,15,0,1,0,0,1,0,11,5,0,16,0,0,0,16
04/27/2014,FLG,AZ,AWP,WE,Federal Contract Tower,0,20,7,0,27,0,16,48,0,64,0,36,55,0,91,4,0,4,95
04/28/2014,FLG,AZ,AWP,WE,Federal Contract Tower,0,21,7,0,28,0,24,56,0,80,0,45,63,0,108,14,0,14,122
04/29/2014,FLG,AZ,AWP,WE,Federal Contract Tower,0,14,0,1,15,0,25,53,0,78,0,39,53,1,93,0,14,14,107
04/30/2014,FLG,AZ,AWP,WE,Federal Contract Tower,0,23,1,2,26,0,13,36,0,49,0,36,37,2,75,0,0,0,75
05/01/2014,FLG,AZ,AWP,WE,Federal Contract Tower,0,17,5,1,23,0,18,72,0,90,0,35,77,1,113,10,32,42,155
05/02/2014,FLG,AZ,AWP,WE,Federal Contract Tower,0,16,4,9,29,0,25,76,4,105,0,41,80,13,134,56,2,58,192
05/03/2014,FLG,AZ,AWP,WE,Federal Contract Tower,0,11,6,1,18,0,22,56,0,78,0,33,62,1,96,26,0,26,122
05/04/2014,FLG,AZ,AWP,WE,Federal Contract Tower,0,17,3,0,20,0,20,72,0,92,0,37,75,0,112,0,0,0,112
05/05/2014,FLG,AZ,AWP,WE,Federal Contract Tower,0,20,4,6,30,0,19,54,10,83,0,39,58,16,113,8,8,16,129
05/06/2014,FLG,AZ,AWP,WE,Federal Contract Tower,0,17,5,5,27,0,36,40,14,90,0,53,45,19,117,4,8,12,129
05/07/2014,FLG,AZ,AWP,WE,Federal Contract Tower,2,16,10,5,33,0,29,44,2,75,2,45,54,7,108,8,0,8,116
05/08/2014,FLG,AZ,AWP,WE,Federal Contract Tower,0,20,10,5,35,0,23,65,4,92,0,43,75,9,127,26,20,46,173
05/09/2014,FLG,AZ,AWP,WE,Federal Contract Tower,0,17,7,11,35,0,28,78,61,167,0,45,85,72,202,24,0,24,226
05/10/2014,FLG,AZ,AWP,WE,Federal Contract Tower,0,12,6,7,25,0,42,70,62,174,0,54,76,69,199,15,0,15,214
05/11/2014,FLG,AZ,AWP,WE,Federal Contract Tower,0,15,2,1,18,0,6,47,2,55,0,21,49,3,73,0,0,0,73
05/12/2014,FLG,AZ,AWP,WE,Federal Contract Tower,0,26,10,11,47,0,22,77,8,107,0,48,87,19,154,0,0,0,154
05/13/2014,FLG,AZ,AWP,WE,Federal Contract Tower,0,18,8,5,31,0,19,37,3,59,0,37,45,8,90,0,0,0,90
05/14/2014,FLG,AZ,AWP,WE,Federal Contract Tower,0,19,6,5,30,0,19,46,2,67,0,38,52,7,97,28,0,28,125
05/15/2014,FLG,AZ,AWP,WE,Federal Contract Tower,0,16,3,8,27,0,25,61,6,92,0,41,64,14,119,35,0,35,154
05/16/2014,FLG,AZ,AWP,WE,Federal Contract Tower,0,14,6,3,23,0,9,55,8,72,0,23,61,11,95,18,0,18,113
05/17/2014,FLG,AZ,AWP,WE,Federal Contract Tower,0,16,2,3,21,0,20,54,3,77,0,36,56,6,98,6,0,6,104
05/18/2014,FLG,AZ,AWP,WE,Federal Contract Tower,0,17,3,0,20,0,7,48,1,56,0,24,51,1,76,30,0,30,106
05/19/2014,FLG,AZ,AWP,WE,Federal Contract Tower,0,16,5,0,21,0,20,58,2,80,0,36,63,2,101,12,0,12,113
05/20/2014,FLG,AZ,AWP,WE,Federal Contract Tower,0,14,5,2,21,0,14,59,0,73,0,28,64,2,94,10,2,12,106
05/21/2014,FLG,AZ,AWP,WE,Federal Contract Tower,0,11,8,0,19,0,33,51,0,84,0,44,59,0,103,0,0,0,103
05/22/2014,FLG,AZ,AWP,WE,Federal Contract Tower,0,18,7,0,25,0,22,53,0,75,0,40,60,0,100,12,0,12,112
05/23/2014,FLG,AZ,AWP,WE,Federal Contract Tower,0,17,3,0,20,0,33,58,0,91,0,50,61,0,111,2,0,2,113
05/24/2014,FLG,AZ,AWP,WE,Federal Contract Tower,0,10,8,0,18,0,14,46,2,62,0,24,54,2,80,2,0,2,82
05/25/2014,FLG,AZ,AWP,WE,Federal Contract Tower,0,17,2,0,19,0,22,65,0,87,0,39,67,0,106,12,0,12,118
05/26/2014,FLG,AZ,AWP,WE,Federal Contract Tower,0,15,1,0,16,0,9,89,0,98,0,24,90,0,114,32,0,32,146
05/27/2014,FLG,AZ,AWP,WE,Federal Contract Tower,0,17,3,1,21,0,19,47,0,66,0,36,50,1,87,20,0,20,107
05/28/2014,FLG,AZ,AWP,WE,Federal Contract Tower,0,20,3,0,23,0,24,58,0,82,0,44,61,0,105,18,0,18,123
05/29/2014,FLG,AZ,AWP,WE,Federal Contract Tower,0,20,9,0,29,0,17,65,2,84,0,37,74,2,113,24,0,24,137
05/30/2014,FLG,AZ,AWP,WE,Federal Contract Tower,0,18,7,2,27,0,28,68,2,98,0,46,75,4,125,30,0,30,155
05/31/2014,FLG,AZ,AWP,WE,Federal Contract Tower,0,16,5,0,21,0,23,59,0,82,0,39,64,0,103,80,0,80,183
06/01/2014,FLG,AZ,AWP,WE,Federal Contract Tower,0,24,3,0,27,0,21,87,2,110,0,45,90,2,137,10,0,10,147
06/02/2014,FLG,AZ,AWP,WE,Federal Contract Tower,0,18,3,0,21,0,29,57,10,96,0,47,60,10,117,10,0,10,127
06/03/2014,FLG,AZ,AWP,WE,Federal Contract Tower,2,19,5,0,26,0,31,56,2,89,2,50,61,2,115,26,6,32,147
06/04/2014,FLG,AZ,AWP,WE,Federal Contract Tower,0,18,1,0,19,0,33,55,1,89,0,51,56,1,108,20,0,20,128
06/05/2014,FLG,AZ,AWP,WE,Federal Contract Tower,0,12,7,0,19,0,18,66,0,84,0,30,73,0,103,8,0,8,111
06/06/2014,FLG,AZ,AWP,WE,Federal Contract Tower,0,16,3,0,19,0,19,71,0,90,0,35,74,0,109,8,0,8,117
06/07/2014,FLG,AZ,AWP,WE,Federal Contract Tower,0,20,5,0,25,0,33,55,0,88,0,53,60,0,113,10,0,10,123
06/08/2014,FLG,AZ,AWP,WE,Federal Contract Tower,0,20,8,0,28,0,23,71,0,94,0,43,79,0,122,10,0,10,132
06/09/2014,FLG,AZ,AWP,WE,Federal Contract Tower,0,20,8,0,28,0,13,60,0,73,0,33,68,0,101,6,0,6,107
06/10/2014,FLG,AZ,AWP,WE,Federal Contract Tower,0,17,6,0,23,0,16,63,4,83,0,33,69,4,106,26,0,26,132
06/11/2014,FLG,AZ,AWP,WE,Federal Contract Tower,0,19,2,0,21,0,26,62,4,92,0,45,64,4,113,32,0,32,145
06/12/2014,FLG,AZ,AWP,WE,Federal Contract Tower,0,19,10,1,30,0,31,73,0,104,0,50,83,1,134,8,0,8,142
06/13/2014,FLG,AZ,AWP,WE,Federal Contract Tower,0,14,5,0,19,0,27,58,2,87,0,41,63,2,106,0,0,0,106
06/14/2014,FLG,AZ,AWP,WE,Federal Contract Tower,0,11,3,1,15,0,65,33,1,99,0,76,36,2,114,4,0,4,118
06/15/2014,FLG,AZ,AWP,WE,Federal Contract Tower,0,20,4,0,24,0,27,58,0,85,0,47,62,0,109,26,0,26,135
06/16/2014,FLG,AZ,AWP,WE,Federal Contract Tower,0,14,2,1,17,0,16,45,4,65,0,30,47,5,82,2,0,2,84
06/17/2014,FLG,AZ,AWP,WE,Federal Contract Tower,0,15,2,4,21,0,18,34,1,53,0,33,36,5,74,0,0,0,74
06/18/2014,FLG,AZ,AWP,WE,Federal Contract Tower,0,22,1,0,23,0,20,58,0,78,0,42,59,0,101,0,0,0,101
06/19/2014,FLG,AZ,AWP,WE,Federal Contract Tower,0,18,4,2,24,0,21,76,17,114,0,39,80,19,138,20,0,20,158
06/20/2014,FLG,AZ,AWP,WE,Federal Contract Tower,0,16,6,0,22,0,35,70,2,107,0,51,76,2,129,28,0,28,157
06/21/2014,FLG,AZ,AWP,WE,Federal Contract Tower,0,23,4,0,27,0,26,62,0,88,0,49,66,0,115,4,0,4,119
06/22/2014,FLG,AZ,AWP,WE,Federal Contract Tower,0,20,8,0,28,0,17,68,0,85,0,37,76,0,113,4,0,4,117
06/23/2014,FLG,AZ,AWP,WE,Federal Contract Tower,0,23,4,3,30,0,17,56,2,75,0,40,60,5,105,2,2,4,109
06/24/2014,FLG,AZ,AWP,WE,Federal Contract Tower,0,21,7,2,30,0,29,64,0,93,0,50,71,2,123,36,0,36,159
06/25/2014,FLG,AZ,AWP,WE,Federal Contract Tower,0,17,7,1,25,0,28,60,0,88,0,45,67,1,113,38,0,38,151
06/26/2014,FLG,AZ,AWP,WE,Federal Contract Tower,0,22,2,0,24,0,24,72,4,100,0,46,74,4,124,24,4,28,152
06/27/2014,FLG,AZ,AWP,WE,Federal Contract Tower,0,20,7,0,27,0,26,86,2,114,0,46,93,2,141,16,0,16,157
06/28/2014,FLG,AZ,AWP,WE,Federal Contract Tower,0,19,6,0,25,0,24,86,8,118,0,43,92,8,143,8,0,8,151
06/29/2014,FLG,AZ,AWP,WE,Federal Contract Tower,0,19,4,0,23,0,15,81,0,96,0,34,85,0,119,4,0,4,123
06/30/2014,FLG,AZ,AWP,WE,Federal Contract Tower,0,25,5,0,30,0,26,68,0,94,0,51,73,0,124,12,0,12,136
07/01/2014,FLG,AZ,AWP,WE,Federal Contract Tower,0,15,4,0,19,0,26,39,3,68,0,41,43,3,87,2,0,2,89
07/02/2014,FLG,AZ,AWP,WE,Federal Contract Tower,0,18,9,0,27,0,30,62,1,93,0,48,71,1,120,4,0,4,124
07/03/2014,FLG,AZ,AWP,WE,Federal Contract Tower,0,16,8,0,24,0,17,58,0,75,0,33,66,0,99,24,0,24,123
07/04/2014,FLG,AZ,AWP,WE,Federal Contract Tower,0,11,4,0,15,0,22,42,0,64,0,33,46,0,79,8,0,8,87
07/05/2014,FLG,AZ,AWP,WE,Federal Contract Tower,0,16,2,0,18,0,37,37,0,74,0,53,39,0,92,0,0,0,92
07/06/2014,FLG,AZ,AWP,WE,Federal Contract Tower,0,24,1,0,25,0,20,55,0,75,0,44,56,0,100,32,0,32,132
07/07/2014,FLG,AZ,AWP,WE,Federal Contract Tower,0,28,4,0,32,0,31,47,3,81,0,59,51,3,113,2,0,2,115
07/08/2014,FLG,AZ,AWP,WE,Federal Contract Tower,0,15,3,0,18,0,0,0,0,0,0,15,3,0,18,32,0,32,50
07/09/2014,FLG,AZ,AWP,WE,Federal Contract Tower,0,16,9,0,25,0,28,50,0,78,0,44,59,0,103,16,2,18,121
07/10/2014,FLG,AZ,AWP,WE,Federal Contract Tower,0,15,9,2,26,0,19,64,8,91,0,34,73,10,117,32,0,32,149
07/11/2014,FLG,AZ,AWP,WE,Federal Contract Tower,0,12,5,2,19,0,34,62,2,98,0,46,67,4,117,34,4,38,155
07/12/2014,FLG,AZ,AWP,WE,Federal Contract Tower,0,17,8,0,25,0,50,63,8,121,0,67,71,8,146,2,0,2,148
07/13/2014,FLG,AZ,AWP,WE,Federal Contract Tower,0,20,3,0,23,0,18,74,4,96,0,38,77,4,119,0,0,0,119
07/14/2014,FLG,AZ,AWP,WE,Federal Contract Tower,0,21,8,0,29,0,17,55,4,76,0,38,63,4,105,18,0,18,123
07/15/2014,FLG,AZ,AWP,WE,Federal Contract Tower,0,16,6,0,22,0,32,57,7,96,0,48,63,7,118,2,22,24,142
07/16/2014,FLG,AZ,AWP,WE,Federal Contract Tower,0,14,3,0,17,0,24,52,4,80,0,38,55,4,97,0,14,14,111
07/17/2014,FLG,AZ,AWP,WE,Federal Contract Tower,0,15,3,0,18,0,33,65,5,103,0,48,68,5,121,8,0,8,129
07/18/2014,FLG,AZ,AWP,WE,Federal Contract Tower,0,15,3,2,20,0,12,63,7,82,0,27,66,9,102,8,2,10,112
07/19/2014,FLG,AZ,AWP,WE,Federal Contract Tower,0,18,4,1,23,0,33,61,2,96,0,51,65,3,119,30,0,30,149
07/20/2014,FLG,AZ,AWP,WE,Federal Contract Tower,0,20,4,0,24,0,23,64,1,88,0,43,68,1,112,42,0,42,154
07/21/2014,FLG,AZ,AWP,WE,Federal Contract Tower,0,21,6,0,27,0,38,73,0,111,0,59,79,0,138,4,0,4,142
07/22/2014,FLG,AZ,AWP,WE,Federal Contract Tower,0,16,7,0,23,0,39,72,0,111,0,55,79,0,134,24,0,24,158
07/23/2014,FLG,AZ,AWP,WE,Federal Contract Tower,0,16,9,0,25,0,39,67,2,108,0,55,76,2,133,18,2,20,153
07/24/2014,FLG,AZ,AWP,WE,Federal Contract Tower,0,25,9,1,35,0,29,62,0,91,0,54,71,1,126,22,2,24,150
07/25/2014,FLG,AZ,AWP,WE,Federal Contract Tower,0,14,8,1,23,0,21,64,0,85,0,35,72,1,108,18,0,18,126
07/26/2014,FLG,AZ,AWP,WE,Federal Contract Tower,0,16,7,0,23,0,40,43,0,83,0,56,50,0,106,12,0,12,118
07/27/2014,FLG,AZ,AWP,WE,Federal Contract Tower,0,20,4,0,24,0,26,48,0,74,0,46,52,0,98,24,0,24,122
07/28/2014,FLG,AZ,AWP,WE,Federal Contract Tower,0,26,7,0,33,0,24,59,0,83,0,50,66,0,116,6,0,6,122
07/29/2014,FLG,AZ,AWP,WE,Federal Contract Tower,0,23,3,1,27,0,28,58,2,88,0,51,61,3,115,26,0,26,141
07/30/2014,FLG,AZ,AWP,WE,Federal Contract Tower,0,21,9,1,31,0,0,0,0,0,0,21,9,1,31,20,2,22,53
07/31/2014,FLG,AZ,AWP,WE,Federal Contract Tower,0,17,4,1,22,0,20,30,1,51,0,37,34,2,73,18,0,18,91
08/01/2014,FLG,AZ,AWP,WE,Federal Contract Tower,0,16,5,0,21,0,18,46,0,64,0,34,51,0,85,12,0,12,97
08/02/2014,FLG,AZ,AWP,WE,Federal Contract Tower,0,19,3,0,22,0,27,60,0,87,0,46,63,0,109,8,0,8,117
08/03/2014,FLG,AZ,AWP,WE,Federal Contract Tower,0,22,3,0,25,0,14,15,8,37,0,36,18,8,62,4,0,4,66
08/04/2014,FLG,AZ,AWP,WE,Federal Contract Tower,0,18,3,0,21,0,20,49,4,73,0,38,52,4,94,6,0,6,100
08/05/2014,FLG,AZ,AWP,WE,Federal Contract Tower,0,16,7,2,25,0,31,51,1,83,0,47,58,3,108,0,0,0,108
08/06/2014,FLG,AZ,AWP,WE,Federal Contract Tower,0,19,1,0,20,0,14,42,3,59,0,33,43,3,79,20,0,20,99
08/07/2014,FLG,AZ,AWP,WE,Federal Contract Tower,0,16,7,0,23,0,27,69,0,96,0,43,76,0,119,40,2,42,161
08/08/2014,FLG,AZ,AWP,WE,Federal Contract Tower,0,16,9,6,31,0,18,63,1,82,0,34,72,7,113,6,6,12,125
08/09/2014,FLG,AZ,AWP,WE,Federal Contract Tower,0,17,4,0,21,0,21,55,0,76,0,38,59,0,97,16,0,16,113
08/10/2014,FLG,AZ,AWP,WE,Federal Contract Tower,0,18,5,0,23,0,29,95,0,124,0,47,100,0,147,26,0,26,173
08/11/2014,FLG,AZ,AWP,WE,Federal Contract Tower,0,41,7,1,49,0,17,66,2,85,0,58,73,3,134,16,0,16,150
08/12/2014,FLG,AZ,AWP,WE,Federal Contract Tower,0,19,3,0,22,0,14,32,0,46,0,33,35,0,68,26,0,26,94
08/13/2014,FLG,AZ,AWP,WE,Federal Contract Tower,0,19,8,2,29,0,1,5,0,6,0,20,13,2,35,0,0,0,35
08/14/2014,FLG,AZ,AWP,WE,Federal Contract Tower,0,19,4,0,23,0,27,39,0,66,0,46,43,0,89,14,0,14,103
08/15/2014,FLG,AZ,AWP,WE,Federal Contract Tower,0,15,10,2,27,0,21,39,0,60,0,36,49,2,87,10,0,10,97
08/16/2014,FLG,AZ,AWP,WE,Federal Contract Tower,0,13,2,2,17,0,20,59,0,79,0,33,61,2,96,76,0,76,172
08/17/2014,FLG,AZ,AWP,WE,Federal Contract Tower,0,17,4,0,21,0,15,67,0,82,0,32,71,0,103,22,0,22,125
08/18/2014,FLG,AZ,AWP,WE,Federal Contract Tower,0,18,6,5,29,0,13,53,0,66,0,31,59,5,95,4,2,6,101
08/19/2014,FLG,AZ,AWP,WE,Federal Contract Tower,0,28,11,0,39,0,2,0,0,2,0,30,11,0,41,0,0,0,41
08/20/2014,FLG,AZ,AWP,WE,Federal Contract Tower,0,23,10,2,35,0,29,41,6,76,0,52,51,8,111,82,12,94,205
08/21/2014,FLG,AZ,AWP,WE,Federal Contract Tower,0,20,12,0,32,0,12,42,0,54,0,32,54,0,86,6,0,6,92
08/22/2014,FLG,AZ,AWP,WE,Federal Contract Tower,0,14,7,0,21,0,18,67,1,86,0,32,74,1,107,30,0,30,137
08/23/2014,FLG,AZ,AWP,WE,Federal Contract Tower,0,18,11,0,29,0,28,72,0,100,0,46,83,0,129,34,0,34,163
08/24/2014,FLG,AZ,AWP,WE,Federal Contract Tower,0,21,7,0,28,0,12,80,2,94,0,33,87,2,122,8,0,8,130
08/25/2014,FLG,AZ,AWP,WE,Federal Contract Tower,0,23,7,0,30,0,27,61,0,88,0,50,68,0,118,32,0,32,150
08/26/2014,FLG,AZ,AWP,WE,Federal Contract Tower,0,22,10,0,32,0,10,28,2,40,0,32,38,2,72,0,0,0,72
08/27/2014,FLG,AZ,AWP,WE,Federal Contract Tower,0,20,12,8,40,0,19,35,0,54,0,39,47,8,94,0,0,0,94
08/28/2014,FLG,AZ,AWP,WE,Federal Contract Tower,0,11,8,0,19,0,32,66,3,101,0,43,74,3,120,2,0,2,122
08/29/2014,FLG,AZ,AWP,WE,Federal Contract Tower,0,17,10,0,27,0,34,80,4,118,0,51,90,4,145,24,4,28,173
08/30/2014,FLG,AZ,AWP,WE,Federal Contract Tower,0,13,2,0,15,0,37,51,0,88,0,50,53,0,103,50,0,50,153
08/31/2014,FLG,AZ,AWP,WE,Federal Contract Tower,0,19,6,0,25,0,20,64,0,84,0,39,70,0,109,2,0,2,111
09/01/2014,FLG,AZ,AWP,WE,Federal Contract Tower,0,20,13,2,35,0,22,87,0,109,0,42,100,2,144,42,0,42,186
09/02/2014,FLG,AZ,AWP,WE,Federal Contract Tower,0,17,4,0,21,0,24,56,0,80,0,41,60,0,101,16,0,16,117
09/03/2014,FLG,AZ,AWP,WE,Federal Contract Tower,0,15,3,0,18,0,22,40,0,62,0,37,43,0,80,0,0,0,80
09/04/2014,FLG,AZ,AWP,WE,Federal Contract Tower,0,13,4,0,17,0,28,50,0,78,0,41,54,0,95,22,0,22,117
09/05/2014,FLG,AZ,AWP,WE,Federal Contract Tower,2,16,2,1,21,0,27,52,1,80,2,43,54,2,101,10,0,10,111
09/06/2014,FLG,AZ,AWP,WE,Federal Contract Tower,0,7,5,0,12,0,19,50,5,74,0,26,55,5,86,2,12,14,100
09/07/2014,FLG,AZ,AWP,WE,Federal Contract Tower,0,20,3,0,23,0,22,32,0,54,0,42,35,0,77,14,0,14,91
09/08/2014,FLG,AZ,AWP,WE,Federal Contract Tower,0,25,8,0,33,0,12,16,0,28,0,37,24,0,61,6,0,6,67
09/09/2014,FLG,AZ,AWP,WE,Federal Contract Tower,0,23,17,0,40,0,8,16,0,24,0,31,33,0,64,0,0,0,64
09/10/2014,FLG,AZ,AWP,WE,Federal Contract Tower,0,16,1,3,20,0,12,40,0,52,0,28,41,3,72,16,0,16,88
09/11/2014,FLG,AZ,AWP,WE,Federal Contract Tower,0,18,6,0,24,0,37,85,1,123,0,55,91,1,147,32,0,32,179
09/12/2014,FLG,AZ,AWP,WE,Federal Contract Tower,0,15,3,0,18,0,20,78,0,98,0,35,81,0,116,26,0,26,142
09/13/2014,FLG,AZ,AWP,WE,Federal Contract Tower,0,13,6,5,24,0,24,72,15,111,0,37,78,20,135,22,30,52,187
09/14/2014,FLG,AZ,AWP,WE,Federal Contract Tower,0,18,6,0,24,0,29,88,2,119,0,47,94,2,143,30,0,30,173
09/15/2014,FLG,AZ,AWP,WE,Federal Contract Tower,0,23,6,0,29,0,21,62,0,83,0,44,68,0,112,48,0,48,160
09/16/2014,FLG,AZ,AWP,WE,Federal Contract Tower,0,24,8,0,32,0,22,39,0,61,0,46,47,0,93,32,0,32,125
09/17/2014,FLG,AZ,AWP,WE,Federal Contract Tower,0,20,13,0,33,0,14,11,2,27,0,34,24,2,60,20,0,20,80
09/18/2014,FLG,AZ,AWP,WE,Federal Contract Tower,0,23,9,0,32,0,32,50,0,82,0,55,59,0,114,40,0,40,154
09/19/2014,FLG,AZ,AWP,WE,Federal Contract Tower,2,17,3,0,22,0,24,46,0,70,2,41,49,0,92,78,0,78,170
09/20/2014,FLG,AZ,AWP,WE,Federal Contract Tower,2,12,6,4,24,0,12,51,6,69,2,24,57,10,93,24,12,36,129
09/21/2014,FLG,AZ,AWP,WE,Federal Contract Tower,0,21,9,0,30,0,18,62,0,80,0,39,71,0,110,14,0,14,124
09/22/2014,FLG,AZ,AWP,WE,Federal Contract Tower,0,20,5,2,27,0,21,56,5,82,0,41,61,7,109,14,16,30,139
09/23/2014,FLG,AZ,AWP,WE,Federal Contract Tower,0,16,11,2,29,0,22,56,0,78,0,38,67,2,107,26,0,26,133
09/24/2014,FLG,AZ,AWP,WE,Federal Contract Tower,0,15,6,2,23,0,27,69,0,96,0,42,75,2,119,68,0,68,187
09/25/2014,FLG,AZ,AWP,WE,Federal Contract Tower,0,15,4,0,19,0,30,55,0,85,0,45,59,0,104,18,0,18,122
09/26/2014,FLG,AZ,AWP,WE,Federal Contract Tower,0,17,7,0,24,0,26,74,0,100,0,43,81,0,124,18,0,18,142
09/27/2014,FLG,AZ,AWP,WE,Federal Contract Tower,0,12,9,0,21,0,0,0,0,0,0,12,9,0,21,2,0,2,23
09/28/2014,FLG,AZ,AWP,WE,Federal Contract Tower,0,17,17,0,34,0,14,31,1,46,0,31,48,1,80,4,0,4,84
09/29/2014,FLG,AZ,AWP,WE,Federal Contract Tower,0,24,4,6,34,0,17,63,5,85,0,41,67,11,119,10,6,16,135
09/30/2014,FLG,AZ,AWP,WE,Federal Contract Tower,0,22,0,0,22,0,27,56,1,84,0,49,56,1,106,60,0,60,166
10/01/2014,FLG,AZ,AWP,WE,Federal Contract Tower,0,19,4,6,29,0,17,52,2,71,0,36,56,8,100,22,0,22,122
10/02/2014,FLG,AZ,AWP,WE,Federal Contract Tower,0,12,4,0,16,0,16,41,0,57,0,28,45,0,73,4,0,4,77
10/03/2014,FLG,AZ,AWP,WE,Federal Contract Tower,2,16,5,1,24,0,26,71,1,98,2,42,76,2,122,22,6,28,150
10/04/2014,FLG,AZ,AWP,WE,Federal Contract Tower,0,11,2,0,13,0,11,57,0,68,0,22,59,0,81,40,0,40,121
10/05/2014,FLG,AZ,AWP,WE,Federal Contract Tower,0,10,5,0,15,0,4,63,0,67,0,14,68,0,82,14,0,14,96
10/06/2014,FLG,AZ,AWP,WE,Federal Contract Tower,0,18,3,0,21,0,21,72,3,96,0,39,75,3,117,12,0,12,129
10/07/2014,FLG,AZ,AWP,WE,Federal Contract Tower,0,17,2,0,19,0,13,50,0,63,0,30,52,0,82,16,0,16,98
10/08/2014,FLG,AZ,AWP,WE,Federal Contract Tower,0,18,5,1,24,0,8,26,0,34,0,26,31,1,58,22,0,22,80
10/09/2014,FLG,AZ,AWP,WE,Federal Contract Tower,0,18,6,1,25,0,15,28,1,44,0,33,34,2,69,26,0,26,95
10/10/2014,FLG,AZ,AWP,WE,Federal Contract Tower,0,14,8,0,22,0,24,50,1,75,0,38,58,1,97,26,0,26,123
10/11/2014,FLG,AZ,AWP,WE,Federal Contract Tower,0,14,4,0,18,0,12,60,0,72,0,26,64,0,90,38,0,38,128
10/12/2014,FLG,AZ,AWP,WE,Federal Contract Tower,0,15,8,0,23,0,8,35,2,45,0,23,43,2,68,8,0,8,76
10/13/2014,FLG,AZ,AWP,WE,Federal Contract Tower,0,9,6,0,15,0,7,52,0,59,0,16,58,0,74,10,0,10,84
10/14/2014,FLG,AZ,AWP,WE,Federal Contract Tower,0,10,3,0,13,0,14,65,1,80,0,24,68,1,93,22,0,22,115
10/15/2014,FLG,AZ,AWP,WE,Federal Contract Tower,0,15,6,1,22,0,13,49,0,62,0,28,55,1,84,16,0,16,100
10/16/2014,FLG,AZ,AWP,WE,Federal Contract Tower,0,11,7,0,18,0,23,62,4,89,0,34,69,4,107,14,0,14,121
10/17/2014,FLG,AZ,AWP,WE,Federal Contract Tower,2,15,10,8,35,0,18,53,8,79,2,33,63,16,114,12,2,14,128
10/18/2014,FLG,AZ,AWP,WE,Federal Contract Tower,0,12,0,0,12,0,9,63,0,72,0,21,63,0,84,26,0,26,110
10/19/2014,FLG,AZ,AWP,WE,Federal Contract Tower,0,13,8,0,21,0,0,61,2,63,0,13,69,2,84,10,0,10,94
10/20/2014,FLG,AZ,AWP,WE,Federal Contract Tower,0,12,9,0,21,0,9,46,0,55,0,21,55,0,76,2,0,2,78
10/21/2014,FLG,AZ,AWP,WE,Federal Contract Tower,0,15,4,0,19,0,0,0,0,0,0,15,4,0,19,10,0,10,29
10/22/2014,FLG,AZ,AWP,WE,Federal Contract Tower,0,23,8,1,32,0,24,68,3,95,0,47,76,4,127,32,16,48,175
10/23/2014,FLG,AZ,AWP,WE,Federal Contract Tower,0,19,12,2,33,0,23,67,2,92,0,42,79,4,125,28,0,28,153
10/24/2014,FLG,AZ,AWP,WE,Federal Contract Tower,0,13,6,1,20,0,28,87,1,116,0,41,93,2,136,30,2,32,168
10/25/2014,FLG,AZ,AWP,WE,Federal Contract Tower,0,12,6,0,18,0,7,63,4,74,0,19,69,4,92,20,2,22,114
10/26/2014,FLG,AZ,AWP,WE,Federal Contract Tower,0,11,7,0,18,0,4,67,3,74,0,15,74,3,92,8,0,8,100
10/27/2014,FLG,AZ,AWP,WE,Federal Contract Tower,0,19,2,0,21,0,18,69,0,87,0,37,71,0,108,56,0,56,164
10/28/2014,FLG,AZ,AWP,WE,Federal Contract Tower,0,20,9,0,29,0,23,84,0,107,0,43,93,0,136,48,0,48,184
10/29/2014,FLG,AZ,AWP,WE,Federal Contract Tower,0,18,4,8,30,0,27,55,0,82,0,45,59,8,112,3,0,3,115
10/30/2014,FLG,AZ,AWP,WE,Federal Contract Tower,0,20,4,0,24,0,24,66,0,90,0,44,70,0,114,16,0,16,130
10/31/2014,FLG,AZ,AWP,WE,Federal Contract Tower,2,16,6,0,24,0,16,48,2,66,2,32,54,2,90,2,2,4,94
11/01/2014,FLG,AZ,AWP,WE,Federal Contract Tower,1,11,6,0,18,0,11,26,2,39,1,22,32,2,57,4,0,4,61
11/02/2014,FLG,AZ,AWP,WE,Federal Contract Tower,0,10,5,3,18,0,0,0,5,5,0,10,5,8,23,4,0,4,27
11/03/2014,FLG,AZ,AWP,WE,Federal Contract Tower,0,13,6,4,23,0,9,53,0,62,0,22,59,4,85,4,0,4,89
11/04/2014,FLG,AZ,AWP,WE,Federal Contract Tower,0,21,7,3,31,0,22,45,1,68,0,43,52,4,99,16,4,20,119
11/05/2014,FLG,AZ,AWP,WE,Federal Contract Tower,0,19,2,0,21,0,36,61,0,97,0,55,63,0,118,64,0,64,182
11/06/2014,FLG,AZ,AWP,WE,Federal Contract Tower,0,21,8,0,29,0,26,63,0,89,0,47,71,0,118,66,0,66,184
11/07/2014,FLG,AZ,AWP,WE,Federal Contract Tower,0,22,9,1,32,0,32,77,1,110,0,54,86,2,142,72,2,74,216
11/08/2014,FLG,AZ,AWP,WE,Federal Contract Tower,0,9,2,0,11,0,11,65,8,84,0,20,67,8,95,28,2,30,125
11/09/2014,FLG,AZ,AWP,WE,Federal Contract Tower,0,11,6,0,17,0,5,75,2,82,0,16,81,2,99,22,0,22,121
11/10/2014,FLG,AZ,AWP,WE,Federal Contract Tower,0,22,2,0,24,0,20,36,0,56,0,42,38,0,80,0,0,0,80
11/11/2014,FLG,AZ,AWP,WE,Federal Contract Tower,0,21,2,0,23,0,25,53,0,78,0,46,55,0,101,28,0,28,129
11/12/2014,FLG,AZ,AWP,WE,Federal Contract Tower,0,17,6,2,25,0,33,54,4,91,0,50,60,6,116,22,0,22,138
11/13/2014,FLG,AZ,AWP,WE,Federal Contract Tower,0,18,14,2,34,0,21,48,0,69,0,39,62,2,103,14,0,14,117
11/14/2014,FLG,AZ,AWP,WE,Federal Contract Tower,2,17,12,2,33,0,9,11,0,20,2,26,23,2,53,4,0,4,57
11/15/2014,FLG,AZ,AWP,WE,Federal Contract Tower,1,13,2,3,19,0,2,29,0,31,1,15,31,3,50,22,0,22,72
11/16/2014,FLG,AZ,AWP,WE,Federal Contract Tower,0,10,0,0,10,0,8,17,0,25,0,18,17,0,35,4,0,4,39
11/17/2014,FLG,AZ,AWP,WE,Federal Contract Tower,0,20,9,0,29,0,20,42,0,62,0,40,51,0,91,12,0,12,103
11/18/2014,FLG,AZ,AWP,WE,Federal Contract Tower,0,22,3,0,25,0,20,61,0,81,0,42,64,0,106,38,0,38,144
11/19/2014,FLG,AZ,AWP,WE,Federal Contract Tower,0,20,5,0,25,0,29,63,0,92,0,49,68,0,117,24,0,24,141
11/20/2014,FLG,AZ,AWP,WE,Federal Contract Tower,0,21,4,0,25,0,22,45,3,70,0,43,49,3,95,14,0,14,109
11/21/2014,FLG,AZ,AWP,WE,Federal Contract Tower,0,13,10,0,23,0,22,58,12,92,0,35,68,12,115,30,6,36,151
11/22/2014,FLG,AZ,AWP,WE,Federal Contract Tower,0,13,4,10,27,0,9,65,4,78,0,22,69,14,105,34,4,38,143
11/23/2014,FLG,AZ,AWP,WE,Federal Contract Tower,0,10,6,0,16,0,2,53,6,61,0,12,59,6,77,8,0,8,85
11/24/2014,FLG,AZ,AWP,WE,Federal Contract Tower,0,15,4,0,19,0,8,50,2,60,0,23,54,2,79,22,0,22,101
11/25/2014,FLG,AZ,AWP,WE,Federal Contract Tower,0,19,11,3,33,0,25,64,0,89,0,44,75,3,122,58,0,58,180
11/26/2014,FLG,AZ,AWP,WE,Federal Contract Tower,0,20,2,0,22,0,24,68,0,92,0,44,70,0,114,44,0,44,158
11/27/2014,FLG,AZ,AWP,WE,Federal Contract Tower,0,14,0,0,14,0,14,32,0,46,0,28,32,0,60,42,0,42,102
11/28/2014,FLG,AZ,AWP,WE,Federal Contract Tower,0,17,2,0,19,0,21,39,0,60,0,38,41,0,79,16,0,16,95
11/29/2014,FLG,AZ,AWP,WE,Federal Contract Tower,0,9,8,0,17,0,20,54,0,74,0,29,62,0,91,18,0,18,109
11/30/2014,FLG,AZ,AWP,WE,Federal Contract Tower,0,10,4,0,14,0,8,57,0,65,0,18,61,0,79,0,0,0,79
12/01/2014,FLG,AZ,AWP,WE,Federal Contract Tower,0,19,3,0,22,0,18,51,0,69,0,37,54,0,91,58,0,58,149
12/02/2014,FLG,AZ,AWP,WE,Federal Contract Tower,0,19,4,0,23,0,18,48,0,66,0,37,52,0,89,24,0,24,113
12/03/2014,FLG,AZ,AWP,WE,Federal Contract Tower,0,19,9,0,28,0,0,0,0,0,0,19,9,0,28,0,0,0,28
12/04/2014,FLG,AZ,AWP,WE,Federal Contract Tower,0,18,6,6,30,0,0,4,0,4,0,18,10,6,34,0,0,0,34
12/05/2014,FLG,AZ,AWP,WE,Federal Contract Tower,0,18,7,0,25,0,0,5,4,9,0,18,12,4,34,26,0,26,60
12/06/2014,FLG,AZ,AWP,WE,Federal Contract Tower,0,11,1,0,12,0,8,19,2,29,0,19,20,2,41,64,20,84,125
12/07/2014,FLG,AZ,AWP,WE,Federal Contract Tower,0,12,9,2,23,0,3,55,1,59,0,15,64,3,82,20,0,20,102
12/08/2014,FLG,AZ,AWP,WE,Federal Contract Tower,0,15,8,0,23,0,5,26,0,31,0,20,34,0,54,18,0,18,72
12/09/2014,FLG,AZ,AWP,WE,Federal Contract Tower,0,17,8,0,25,0,6,20,0,26,0,23,28,0,51,14,0,14,65
12/10/2014,FLG,AZ,AWP,WE,Federal Contract Tower,0,11,4,2,17,0,8,27,0,35,0,19,31,2,52,20,0,20,72
12/11/2014,FLG,AZ,AWP,WE,Federal Contract Tower,0,19,12,4,35,0,25,74,0,99,0,44,86,4,134,66,0,66,200
12/12/2014,FLG,AZ,AWP,WE,Federal Contract Tower,0,16,11,0,27,0,16,32,0,48,0,32,43,0,75,10,0,10,85
12/13/2014,FLG,AZ,AWP,WE,Federal Contract Tower,0,13,5,0,18,0,1,1,0,2,0,14,6,0,20,0,0,0,20
12/14/2014,FLG,AZ,AWP,WE,Federal Contract Tower,0,12,5,0,17,0,9,51,0,60,0,21,56,0,77,14,0,14,91
12/15/2014,FLG,AZ,AWP,WE,Federal Contract Tower,0,18,4,2,24,0,15,51,2,68,0,33,55,4,92,36,0,36,128
12/16/2014,FLG,AZ,AWP,WE,Federal Contract Tower,0,9,7,0,16,0,27,45,0,72,0,36,52,0,88,28,0,28,116
12/17/2014,FLG,AZ,AWP,WE,Federal Contract Tower,0,19,5,0,24,0,0,0,0,0,0,19,5,0,24,0,0,0,24
12/18/2014,FLG,AZ,AWP,WE,Federal Contract Tower,0,14,12,2,28,0,6,8,0,14,0,20,20,2,42,0,0,0,42
12/19/2014,FLG,AZ,AWP,WE,Federal Contract Tower,0,11,6,0,17,0,17,48,2,67,0,28,54,2,84,28,0,28,112
12/20/2014,FLG,AZ,AWP,WE,Federal Contract Tower,0,6,8,0,14,0,17,44,6,67,0,23,52,6,81,26,8,34,115
12/21/2014,FLG,AZ,AWP,WE,Federal Contract Tower,0,4,0,0,4,0,12,60,2,74,0,16,60,2,78,38,0,38,116
12/22/2014,FLG,AZ,AWP,WE,Federal Contract Tower,0,15,8,0,23,0,20,45,2,67,0,35,53,2,90,28,0,28,118
12/23/2014,FLG,AZ,AWP,WE,Federal Contract Tower,0,14,2,2,18,0,23,35,0,58,0,37,37,2,76,0,0,0,76
12/24/2014,FLG,AZ,AWP,WE,Federal Contract Tower,0,16,2,0,18,0,29,51,0,80,0,45,53,0,98,38,0,38,136
12/25/2014,FLG,AZ,AWP,WE,Federal Contract Tower,0,7,0,0,7,0,0,2,0,2,0,7,2,0,9,0,0,0,9
12/26/2014,FLG,AZ,AWP,WE,Federal Contract Tower,0,12,7,0,19,0,8,28,0,36,0,20,35,0,55,4,0,4,59
12/27/2014,FLG,AZ,AWP,WE,Federal Contract Tower,0,9,10,0,19,0,6,47,0,53,0,15,57,0,72,8,0,8,80
12/28/2014,FLG,AZ,AWP,WE,Federal Contract Tower,0,7,7,0,14,0,6,56,0,62,0,13,63,0,76,12,0,12,88
12/29/2014,FLG,AZ,AWP,WE,Federal Contract Tower,0,13,1,1,15,0,14,43,0,57,0,27,44,1,72,0,0,0,72
12/30/2014,FLG,AZ,AWP,WE,Federal Contract Tower,0,15,3,4,22,0,17,46,0,63,0,32,49,4,85,14,0,14,99
12/31/2014,FLG,AZ,AWP,WE,Federal Contract Tower,0,1,2,0,3,0,0,0,0,0,0,1,2,0,3,0,0,0,3
01/01/2015,FLG,AZ,AWP,WE,Federal Contract Tower,0,7,4,0,11,0,2,0,0,2,0,9,4,0,13,0,0,0,13
01/02/2015,FLG,AZ,AWP,WE,Federal Contract Tower,0,13,4,0,17,0,17,21,0,38,0,30,25,0,55,0,0,0,55
01/03/2015,FLG,AZ,AWP,WE,Federal Contract Tower,0,6,3,0,9,0,20,46,0,66,0,26,49,0,75,12,0,12,87
01/04/2015,FLG,AZ,AWP,WE,Federal Contract Tower,0,8,6,0,14,0,10,79,0,89,0,18,85,0,103,20,0,20,123
01/05/2015,FLG,AZ,AWP,WE,Federal Contract Tower,0,15,3,2,20,0,15,60,2,77,0,30,63,4,97,14,0,14,111
01/06/2015,FLG,AZ,AWP,WE,Federal Contract Tower,0,18,3,0,21,0,20,61,0,81,0,38,64,0,102,30,0,30,132
01/07/2015,FLG,AZ,AWP,WE,Federal Contract Tower,0,15,0,0,15,0,20,59,0,79,0,35,59,0,94,32,0,32,126
01/08/2015,FLG,AZ,AWP,WE,Federal Contract Tower,0,23,5,0,28,0,22,60,8,90,0,45,65,8,118,16,0,16,134
01/09/2015,FLG,AZ,AWP,WE,Federal Contract Tower,0,11,7,0,18,0,25,69,15,109,0,36,76,15,127,38,6,44,171
01/10/2015,FLG,AZ,AWP,WE,Federal Contract Tower,0,11,17,1,29,0,8,13,5,26,0,19,30,6,55,20,0,20,75
01/11/2015,FLG,AZ,AWP,WE,Federal Contract Tower,0,9,12,0,21,0,1,27,0,28,0,10,39,0,49,20,0,20,69
01/12/2015,FLG,AZ,AWP,WE,Federal Contract Tower,0,15,3,0,18,0,2,5,0,7,0,17,8,0,25,0,0,0,25
01/13/2015,FLG,AZ,AWP,WE,Federal Contract Tower,0,21,17,0,38,0,0,0,0,0,0,21,17,0,38,6,0,6,44
01/14/2015,FLG,AZ,AWP,WE,Federal Contract Tower,0,20,11,0,31,0,21,32,1,54,0,41,43,1,85,24,0,24,109
01/15/2015,FLG,AZ,AWP,WE,Federal Contract Tower,0,21,11,0,32,0,23,61,0,84,0,44,72,0,116,66,0,66,182
01/16/2015,FLG,AZ,AWP,WE,Federal Contract Tower,0,12,7,1,20,0,21,52,0,73,0,33,59,1,93,58,0,58,151
01/17/2015,FLG,AZ,AWP,WE,Federal Contract Tower,0,10,2,0,12,0,9,59,0,68,0,19,61,0,80,10,0,10,90
01/18/2015,FLG,AZ,AWP,WE,Federal Contract Tower,0,10,3,0,13,0,3,51,0,54,0,13,54,0,67,40,0,40,107
01/19/2015,FLG,AZ,AWP,WE,Federal Contract Tower,0,20,3,0,23,0,22,67,0,89,0,42,70,0,112,48,0,48,160
01/20/2015,FLG,AZ,AWP,WE,Federal Contract Tower,0,17,7,1,25,0,16,59,4,79,0,33,66,5,104,66,4,70,174
01/21/2015,FLG,AZ,AWP,WE,Federal Contract Tower,0,16,5,0,21,0,7,4,0,11,0,23,9,0,32,0,0,0,32
01/22/2015,FLG,AZ,AWP,WE,Federal Contract Tower,0,17,6,0,23,0,22,22,2,46,0,39,28,2,69,38,0,38,107
01/23/2015,FLG,AZ,AWP,WE,Federal Contract Tower,0,17,5,0,22,0,20,48,0,68,0,37,53,0,90,88,0,88,178
01/24/2015,FLG,AZ,AWP,WE,Federal Contract Tower,0,11,5,0,16,0,12,42,4,58,0,23,47,4,74,34,4,38,112
01/25/2015,FLG,AZ,AWP,WE,Federal Contract Tower,0,7,9,0,16,0,5,63,0,68,0,12,72,0,84,23,0,23,107
01/26/2015,FLG,AZ,AWP,WE,Federal Contract Tower,0,18,2,1,21,0,19,37,2,58,0,37,39,3,79,110,4,114,193
01/27/2015,FLG,AZ,AWP,WE,Federal Contract Tower,0,18,6,0,24,0,9,24,0,33,0,27,30,0,57,62,0,62,119
01/28/2015,FLG,AZ,AWP,WE,Federal Contract Tower,0,18,5,1,24,0,23,50,3,76,0,41,55,4,100,70,8,78,178
01/29/2015,FLG,AZ,AWP,WE,Federal Contract Tower,0,16,5,0,21,0,24,33,0,57,0,40,38,0,78,30,0,30,108
01/30/2015,FLG,AZ,AWP,WE,Federal Contract Tower,0,12,6,1,19,0,0,0,0,0,0,12,6,1,19,0,0,0,19
01/31/2015,FLG,AZ,AWP,WE,Federal Contract Tower,0,17,8,0,25,0,3,3,0,6,0,20,11,0,31,0,0,0,31
02/01/2015,FLG,AZ,AWP,WE,Federal Contract Tower,0,11,5,0,16,0,8,34,0,42,0,19,39,0,58,32,0,32,90
02/02/2015,FLG,AZ,AWP,WE,Federal Contract Tower,0,21,9,0,30,0,11,62,2,75,0,32,71,2,105,52,0,52,157
02/03/2015,FLG,AZ,AWP,WE,Federal Contract Tower,0,20,10,2,32,0,21,51,0,72,0,41,61,2,104,38,0,38,142
02/04/2015,FLG,AZ,AWP,WE,Federal Contract Tower,0,18,11,0,29,0,16,55,2,73,0,34,66,2,102,26,8,34,136
02/05/2015,FLG,AZ,AWP,WE,Federal Contract Tower,0,18,4,0,22,0,19,55,2,76,0,37,59,2,98,44,0,44,142
02/06/2015,FLG,AZ,AWP,WE,Federal Contract Tower,0,12,3,0,15,0,22,59,0,81,0,34,62,0,96,74,0,74,170
02/07/2015,FLG,AZ,AWP,WE,Federal Contract Tower,0,19,2,0,21,0,16,42,11,69,0,35,44,11,90,24,2,26,116
02/08/2015,FLG,AZ,AWP,WE,Federal Contract Tower,0,14,3,0,17,0,9,68,22,99,0,23,71,22,116,40,0,40,156
02/09/2015,FLG,AZ,AWP,WE,Federal Contract Tower,0,13,3,0,16,0,11,51,0,62,0,24,54,0,78,24,0,24,102
02/10/2015,FLG,AZ,AWP,WE,Federal Contract Tower,0,11,3,0,14,0,22,52,0,74,0,33,55,0,88,46,0,46,134
02/11/2015,FLG,AZ,AWP,WE,Federal Contract Tower,0,16,1,1,18,0,11,46,1,58,0,27,47,2,76,6,0,6,82
02/12/2015,FLG,AZ,AWP,WE,Federal Contract Tower,0,16,4,3,23,0,27,55,2,84,0,43,59,5,107,74,0,74,181
02/13/2015,FLG,AZ,AWP,WE,Federal Contract Tower,0,11,2,0,13,0,20,67,0,87,0,31,69,0,100,54,0,54,154
02/14/2015,FLG,AZ,AWP,WE,Federal Contract Tower,0,11,1,0,12,0,11,59,0,70,0,22,60,0,82,40,0,40,122
02/15/2015,FLG,AZ,AWP,WE,Federal Contract Tower,0,11,4,2,17,0,6,39,0,45,0,17,43,2,62,6,0,6,68
02/16/2015,FLG,AZ,AWP,WE,Federal Contract Tower,0,10,5,0,15,0,11,43,0,54,0,21,48,0,69,30,0,30,99
02/17/2015,FLG,AZ,AWP,WE,Federal Contract Tower,0,17,9,0,26,0,22,48,0,70,0,39,57,0,96,34,0,34,130
02/18/2015,FLG,AZ,AWP,WE,Federal Contract Tower,0,8,5,8,21,0,26,86,4,116,0,34,91,12,137,96,0,96,233
02/19/2015,FLG,AZ,AWP,WE,Federal Contract Tower,0,9,4,0,13,0,28,56,0,84,0,37,60,0,97,64,10,74,171
02/20/2015,FLG,AZ,AWP,WE,Federal Contract Tower,0,18,5,2,25,0,20,71,3,94,0,38,76,5,119,94,18,112,231
02/21/2015,FLG,AZ,AWP,WE,Federal Contract Tower,0,14,7,1,22,0,18,56,7,81,0,32,63,8,103,4,4,8,111
02/22/2015,FLG,AZ,AWP,WE,Federal Contract Tower,0,13,10,1,24,0,7,15,1,23,0,20,25,2,47,4,2,6,53
02/23/2015,FLG,AZ,AWP,WE,Federal Contract Tower,0,7,4,0,11,0,0,0,0,0,0,7,4,0,11,0,0,0,11
02/24/2015,FLG,AZ,AWP,WE,Federal Contract Tower,0,14,6,0,20,0,4,6,0,10,0,18,12,0,30,0,0,0,30
02/25/2015,FLG,AZ,AWP,WE,Federal Contract Tower,0,14,4,3,21,0,24,62,2,88,0,38,66,5,109,70,0,70,179
02/26/2015,FLG,AZ,AWP,WE,Federal Contract Tower,0,21,8,0,29,0,27,37,6,70,0,48,45,6,99,50,4,54,153
02/27/2015,FLG,AZ,AWP,WE,Federal Contract Tower,0,18,9,0,27,0,13,13,1,27,0,31,22,1,54,24,0,24,78
02/28/2015,FLG,AZ,AWP,WE,Federal Contract Tower,0,6,0,2,8,0,0,0,0,0,0,6,0,2,8,0,0,0,8
03/01/2015,FLG,AZ,AWP,WE,Federal Contract Tower,0,3,0,0,3,0,0,0,0,0,0,3,0,0,3,0,0,0,3
03/02/2015,FLG,AZ,AWP,WE,Federal Contract Tower,0,2,4,0,6,0,0,0,0,0,0,2,4,0,6,0,0,0,6
03/03/2015,FLG,AZ,AWP,WE,Federal Contract Tower,0,21,7,2,30,0,13,6,2,21,0,34,13,4,51,0,0,0,51
03/04/2015,FLG,AZ,AWP,WE,Federal Contract Tower,0,18,5,4,27,0,23,49,0,72,0,41,54,4,99,110,0,110,209
03/05/2015,FLG,AZ,AWP,WE,Federal Contract Tower,0,12,3,0,15,0,26,64,0,90,0,38,67,0,105,114,0,114,219
03/06/2015,FLG,AZ,AWP,WE,Federal Contract Tower,0,13,2,3,18,0,20,56,0,76,0,33,58,3,94,36,6,42,136
03/07/2015,FLG,AZ,AWP,WE,Federal Contract Tower,0,10,5,25,40,0,14,79,13,106,0,24,84,38,146,74,38,112,258
03/08/2015,FLG,AZ,AWP,WE,Federal Contract Tower,0,13,7,0,20,0,7,76,0,83,0,20,83,0,103,48,0,48,151
03/09/2015,FLG,AZ,AWP,WE,Federal Contract Tower,0,17,5,3,25,0,21,56,0,77,0,38,61,3,102,26,0,26,128
03/10/2015,FLG,AZ,AWP,WE,Federal Contract Tower,0,18,10,7,35,0,23,50,1,74,0,41,60,8,109,38,44,82,191
03/11/2015,FLG,AZ,AWP,WE,Federal Contract Tower,0,16,9,8,33,0,37,53,2,92,0,53,62,10,125,24,0,24,149
03/12/2015,FLG,AZ,AWP,WE,Federal Contract Tower,0,22,6,2,30,0,24,37,15,76,0,46,43,17,106,26,0,26,132
03/13/2015,FLG,AZ,AWP,WE,Federal Contract Tower,0,15,12,2,29,0,14,44,8,66,0,29,56,10,95,14,4,18,113
03/14/2015,FLG,AZ,AWP,WE,Federal Contract Tower,0,10,6,2,18,0,10,62,3,75,0,20,68,5,93,38,8,46,139
03/15/2015,FLG,AZ,AWP,WE,Federal Contract Tower,0,11,1,0,12,0,1,55,0,56,0,12,56,0,68,30,0,30,98
03/16/2015,FLG,AZ,AWP,WE,Federal Contract Tower,0,18,7,4,29,0,22,49,5,76,0,40,56,9,105,50,6,56,161
03/17/2015,FLG,AZ,AWP,WE,Federal Contract Tower,0,24,11,1,36,0,23,44,0,67,0,47,55,1,103,70,0,70,173
03/18/2015,FLG,AZ,AWP,WE,Federal Contract Tower,0,17,7,2,26,0,21,41,0,62,0,38,48,2,88,70,0,70,158
03/19/2015,FLG,AZ,AWP,WE,Federal Contract Tower,0,19,5,0,24,0,20,28,4,52,0,39,33,4,76,26,0,26,102
03/20/2015,FLG,AZ,AWP,WE,Federal Contract Tower,0,14,5,2,21,0,28,43,2,73,0,42,48,4,94,16,12,28,122
03/21/2015,FLG,AZ,AWP,WE,Federal Contract Tower,0,8,3,0,11,0,12,36,1,49,0,20,39,1,60,22,0,22,82
03/22/2015,FLG,AZ,AWP,WE,Federal Contract Tower,0,15,5,2,22,0,4,60,1,65,0,19,65,3,87,26,0,26,113
03/23/2015,FLG,AZ,AWP,WE,Federal Contract Tower,0,17,6,4,27,0,29,51,2,82,0,46,57,6,109,32,4,36,145
03/24/2015,FLG,AZ,AWP,WE,Federal Contract Tower,0,23,7,10,40,0,25,58,0,83,0,48,65,10,123,62,0,62,185
03/25/2015,FLG,AZ,AWP,WE,Federal Contract Tower,0,14,9,0,23,0,21,54,0,75,0,35,63,0,98,62,0,62,160
03/26/2015,FLG,AZ,AWP,WE,Federal Contract Tower,0,13,6,0,19,0,25,53,2,80,0,38,59,2,99,22,0,22,121
03/27/2015,FLG,AZ,AWP,WE,Federal Contract Tower,0,12,3,0,15,0,21,63,2,86,0,33,66,2,101,40,0,40,141
03/28/2015,FLG,AZ,AWP,WE,Federal Contract Tower,0,11,5,0,16,0,15,45,0,60,0,26,50,0,76,12,0,12,88
03/29/2015,FLG,AZ,AWP,WE,Federal Contract Tower,0,14,3,0,17,0,13,72,0,85,0,27,75,0,102,12,0,12,114
03/30/2015,FLG,AZ,AWP,WE,Federal Contract Tower,0,16,6,0,22,0,23,69,0,92,0,39,75,0,114,10,0,10,124
03/31/2015,FLG,AZ,AWP,WE,Federal Contract Tower,0,18,6,2,26,0,25,49,3,77,0,43,55,5,103,0,14,14,117
04/01/2015,FLG,AZ,AWP,WE,Federal Contract Tower,0,19,9,0,28,0,28,44,5,77,0,47,53,5,105,8,0,8,113
04/02/2015,FLG,AZ,AWP,WE,Federal Contract Tower,0,19,8,3,30,0,44,44,2,90,0,63,52,5,120,14,10,24,144
04/03/2015,FLG,AZ,AWP,WE,Federal Contract Tower,0,17,10,8,35,0,23,62,3,88,0,40,72,11,123,30,22,52,175
04/04/2015,FLG,AZ,AWP,WE,Federal Contract Tower,0,10,4,0,14,0,22,40,1,63,0,32,44,1,77,42,0,42,119
04/05/2015,FLG,AZ,AWP,WE,Federal Contract Tower,0,19,7,0,26,0,26,51,2,79,0,45,58,2,105,0,0,0,105
04/06/2015,FLG,AZ,AWP,WE,Federal Contract Tower,0,12,1,0,13,0,18,26,6,50,0,30,27,6,63,18,0,18,81
04/07/2015,FLG,AZ,AWP,WE,Federal Contract Tower,0,20,8,1,29,0,20,30,6,56,0,40,38,7,85,4,0,4,89
04/08/2015,FLG,AZ,AWP,WE,Federal Contract Tower,0,16,7,2,25,0,26,37,0,63,0,42,44,2,88,12,0,12,100
04/09/2015,FLG,AZ,AWP,WE,Federal Contract Tower,0,16,5,0,21,0,34,67,7,108,0,50,72,7,129,78,2,80,209
04/10/2015,FLG,AZ,AWP,WE,Federal Contract Tower,0,12,8,1,21,0,32,64,6,102,0,44,72,7,123,56,0,56,179
04/11/2015,FLG,AZ,AWP,WE,Federal Contract Tower,0,14,8,0,22,0,16,58,0,74,0,30,66,0,96,32,0,32,128
04/12/2015,FLG,AZ,AWP,WE,Federal Contract Tower,0,19,4,0,23,0,19,70,0,89,0,38,74,0,112,12,0,12,124
04/13/2015,FLG,AZ,AWP,WE,Federal Contract Tower,0,17,3,2,22,0,21,61,5,87,0,38,64,7,109,18,10,28,137
04/14/2015,FLG,AZ,AWP,WE,Federal Contract Tower,0,15,2,1,18,0,16,42,3,61,0,31,44,4,79,24,0,24,103
04/15/2015,FLG,AZ,AWP,WE,Federal Contract Tower,0,20,9,3,32,0,25,37,2,64,0,45,46,5,96,50,0,50,146
04/16/2015,FLG,AZ,AWP,WE,Federal Contract Tower,0,20,22,0,42,0,20,52,0,72,0,40,74,0,114,22,0,22,136
04/17/2015,FLG,AZ,AWP,WE,Federal Contract Tower,0,16,2,0,18,0,27,58,0,85,0,43,60,0,103,44,0,44,147
04/18/2015,FLG,AZ,AWP,WE,Federal Contract Tower,0,15,6,0,21,0,12,48,1,61,0,27,54,1,82,36,10,46,128
04/19/2015,FLG,AZ,AWP,WE,Federal Contract Tower,0,21,9,0,30,0,22,61,0,83,0,43,70,0,113,42,0,42,155
04/20/2015,FLG,AZ,AWP,WE,Federal Contract Tower,0,22,10,2,34,0,20,47,0,67,0,42,57,2,101,14,0,14,115
04/21/2015,FLG,AZ,AWP,WE,Federal Contract Tower,0,16,7,0,23,0,27,54,1,82,0,43,61,1,105,52,0,52,157
04/22/2015,FLG,AZ,AWP,WE,Federal Contract Tower,0,16,6,0,22,0,26,60,4,90,0,42,66,4,112,38,0,38,150
04/23/2015,FLG,AZ,AWP,WE,Federal Contract Tower,0,18,7,0,25,0,32,59,0,91,0,50,66,0,116,38,0,38,154
04/24/2015,FLG,AZ,AWP,WE,Federal Contract Tower,0,20,16,0,36,0,19,29,0,48,0,39,45,0,84,16,0,16,100
04/25/2015,FLG,AZ,AWP,WE,Federal Contract Tower,0,14,2,0,16,0,5,11,0,16,0,19,13,0,32,0,0,0,32
04/26/2015,FLG,AZ,AWP,WE,Federal Contract Tower,0,15,8,0,23,0,1,3,0,4,0,16,11,0,27,0,0,0,27
04/27/2015,FLG,AZ,AWP,WE,Federal Contract Tower,0,12,5,1,18,0,19,53,4,76,0,31,58,5,94,10,6,16,110
04/28/2015,FLG,AZ,AWP,WE,Federal Contract Tower,0,15,6,0,21,0,12,58,0,70,0,27,64,0,91,12,0,12,103
04/29/2015,FLG,AZ,AWP,WE,Federal Contract Tower,0,13,6,0,19,0,19,75,6,100,0,32,81,6,119,36,0,36,155
04/30/2015,FLG,AZ,AWP,WE,Federal Contract Tower,0,22,2,0,24,0,48,83,0,131,0,70,85,0,155,52,0,52,207
05/01/2015,FLG,AZ,AWP,WE,Federal Contract Tower,1,15,5,4,25,0,23,82,2,107,1,38,87,6,132,38,0,38,170
05/02/2015,FLG,AZ,AWP,WE,Federal Contract Tower,0,9,4,0,13,0,23,54,4,81,0,32,58,4,94,20,0,20,114
05/03/2015,FLG,AZ,AWP,WE,Federal Contract Tower,0,19,8,0,27,0,41,78,0,119,0,60,86,0,146,6,0,6,152
05/04/2015,FLG,AZ,AWP,WE,Federal Contract Tower,0,17,13,2,32,0,16,30,0,46,0,33,43,2,78,0,0,0,78
05/05/2015,FLG,AZ,AWP,WE,Federal Contract Tower,0,25,19,5,49,0,12,6,8,26,0,37,25,13,75,2,8,10,85
05/06/2015,FLG,AZ,AWP,WE,Federal Contract Tower,0,17,5,2,24,0,36,55,0,91,0,53,60,2,115,22,0,22,137
05/07/2015,FLG,AZ,AWP,WE,Federal Contract Tower,0,20,11,0,31,0,29,66,0,95,0,49,77,0,126,30,0,30,156
05/08/2015,FLG,AZ,AWP,WE,Federal Contract Tower,0,15,6,0,21,0,13,24,2,39,0,28,30,2,60,0,0,0,60
05/09/2015,FLG,AZ,AWP,WE,Federal Contract Tower,0,16,8,2,26,0,9,27,2,38,0,25,35,4,64,0,0,0,64
05/10/2015,FLG,AZ,AWP,WE,Federal Contract Tower,0,13,4,0,17,0,15,55,0,70,0,28,59,0,87,14,0,14,101
05/11/2015,FLG,AZ,AWP,WE,Federal Contract Tower,0,18,4,0,22,0,10,57,2,69,0,28,61,2,91,38,10,48,139
05/12/2015,FLG,AZ,AWP,WE,Federal Contract Tower,0,26,5,0,31,0,20,48,0,68,0,46,53,0,99,58,0,58,157
05/13/2015,FLG,AZ,AWP,WE,Federal Contract Tower,0,20,6,2,28,0,27,41,0,68,0,47,47,2,96,34,0,34,130
05/14/2015,FLG,AZ,AWP,WE,Federal Contract Tower,0,25,6,0,31,0,20,26,2,48,0,45,32,2,79,16,0,16,95
05/15/2015,FLG,AZ,AWP,WE,Federal Contract Tower,0,19,14,0,33,0,0,0,0,0,0,19,14,0,33,0,0,0,33
05/16/2015,FLG,AZ,AWP,WE,Federal Contract Tower,0,22,2,0,24,0,10,13,4,27,0,32,15,4,51,0,0,0,51
05/17/2015,FLG,AZ,AWP,WE,Federal Contract Tower,0,23,7,2,32,0,24,62,0,86,0,47,69,2,118,26,0,26,144
05/18/2015,FLG,AZ,AWP,WE,Federal Contract Tower,0,22,4,0,26,0,33,38,2,73,0,55,42,2,99,2,10,12,111
05/19/2015,FLG,AZ,AWP,WE,Federal Contract Tower,0,23,8,1,32,0,27,64,6,97,0,50,72,7,129,30,2,32,161
05/20/2015,FLG,AZ,AWP,WE,Federal Contract Tower,0,25,8,0,33,0,40,56,3,99,0,65,64,3,132,44,0,44,176
05/21/2015,FLG,AZ,AWP,WE,Federal Contract Tower,0,23,1,0,24,0,23,62,2,87,0,46,63,2,111,44,0,44,155
05/22/2015,FLG,AZ,AWP,WE,Federal Contract Tower,0,19,6,0,25,0,33,41,2,76,0,52,47,2,101,28,0,28,129
05/23/2015,FLG,AZ,AWP,WE,Federal Contract Tower,0,10,1,4,15,0,16,43,0,59,0,26,44,4,74,8,10,18,92
05/24/2015,FLG,AZ,AWP,WE,Federal Contract Tower,0,21,4,0,25,0,25,38,0,63,0,46,42,0,88,26,0,26,114
05/25/2015,FLG,AZ,AWP,WE,Federal Contract Tower,0,18,3,0,21,0,32,37,4,73,0,50,40,4,94,22,0,22,116
05/26/2015,FLG,AZ,AWP,WE,Federal Contract Tower,0,18,6,3,27,0,28,58,3,89,0,46,64,6,116,20,6,26,142
05/27/2015,FLG,AZ,AWP,WE,Federal Contract Tower,0,20,4,0,24,0,26,79,0,105,0,46,83,0,129,68,6,74,203
05/28/2015,FLG,AZ,AWP,WE,Federal Contract Tower,0,17,8,4,29,0,47,76,2,125,0,64,84,6,154,14,10,24,178
05/29/2015,FLG,AZ,AWP,WE,Federal Contract Tower,0,17,6,2,25,0,38,63,2,103,0,55,69,4,128,24,14,38,166
05/30/2015,FLG,AZ,AWP,WE,Federal Contract Tower,0,15,5,2,22,0,16,57,1,74,0,31,62,3,96,34,4,38,134
05/31/2015,FLG,AZ,AWP,WE,Federal Contract Tower,0,19,5,0,24,0,23,72,0,95,0,42,77,0,119,10,0,10,129
06/01/2015,FLG,AZ,AWP,WE,Federal Contract Tower,0,24,5,4,33,0,30,49,4,83,0,54,54,8,116,6,6,12,128
06/02/2015,FLG,AZ,AWP,WE,Federal Contract Tower,0,17,1,6,24,0,24,38,7,69,0,41,39,13,93,0,0,0,93
06/03/2015,FLG,AZ,AWP,WE,Federal Contract Tower,0,16,7,6,29,0,35,53,4,92,0,51,60,10,121,8,0,8,129
06/04/2015,FLG,AZ,AWP,WE,Federal Contract Tower,0,18,8,8,34,0,26,56,8,90,0,44,64,16,124,30,10,40,164
06/05/2015,FLG,AZ,AWP,WE,Federal Contract Tower,0,16,12,11,39,0,22,55,38,115,0,38,67,49,154,20,0,20,174
06/06/2015,FLG,AZ,AWP,WE,Federal Contract Tower,0,19,4,0,23,0,17,48,1,66,0,36,52,1,89,20,0,20,109
06/07/2015,FLG,AZ,AWP,WE,Federal Contract Tower,0,24,13,0,37,0,35,81,0,116,0,59,94,0,153,46,0,46,199
06/08/2015,FLG,AZ,AWP,WE,Federal Contract Tower,0,24,16,1,41,0,24,89,7,120,0,48,105,8,161,12,14,26,187
06/09/2015,FLG,AZ,AWP,WE,Federal Contract Tower,0,17,15,0,32,0,33,50,10,93,0,50,65,10,125,36,0,36,161
06/10/2015,FLG,AZ,AWP,WE,Federal Contract Tower,0,24,18,2,44,0,18,30,8,56,0,42,48,10,100,4,0,4,104
06/11/2015,FLG,AZ,AWP,WE,Federal Contract Tower,0,31,13,2,46,0,37,89,9,135,0,68,102,11,181,20,2,22,203
06/12/2015,FLG,AZ,AWP,WE,Federal Contract Tower,0,21,9,1,31,0,20,70,6,96,0,41,79,7,127,28,0,28,155
06/13/2015,FLG,AZ,AWP,WE,Federal Contract Tower,0,18,3,1,22,0,26,39,2,67,0,44,42,3,89,18,0,18,107
06/14/2015,FLG,AZ,AWP,WE,Federal Contract Tower,0,19,9,2,30,0,14,70,5,89,0,33,79,7,119,14,0,14,133
06/15/2015,FLG,AZ,AWP,WE,Federal Contract Tower,0,23,11,0,34,0,33,50,0,83,0,56,61,0,117,4,0,4,121
06/16/2015,FLG,AZ,AWP,WE,Federal Contract Tower,0,22,3,2,27,0,37,62,0,99,0,59,65,2,126,40,0,40,166
06/17/2015,FLG,AZ,AWP,WE,Federal Contract Tower,0,20,4,0,24,0,30,61,6,97,0,50,65,6,121,18,2,20,141
06/18/2015,FLG,AZ,AWP,WE,Federal Contract Tower,0,20,16,0,36,0,48,75,2,125,0,68,91,2,161,30,6,36,197
06/19/2015,FLG,AZ,AWP,WE,Federal Contract Tower,0,18,3,0,21,0,41,58,3,102,0,59,61,3,123,24,0,24,147
06/20/2015,FLG,AZ,AWP,WE,Federal Contract Tower,0,12,2,0,14,0,16,61,2,79,0,28,63,2,93,4,0,4,97
06/21/2015,FLG,AZ,AWP,WE,Federal Contract Tower,0,21,7,0,28,0,26,68,0,94,0,47,75,0,122,26,0,26,148
06/22/2015,FLG,AZ,AWP,WE,Federal Contract Tower,0,20,7,0,27,0,31,86,0,117,0,51,93,0,144,42,0,42,186
06/23/2015,FLG,AZ,AWP,WE,Federal Contract Tower,0,17,19,6,42,0,34,51,2,87,0,51,70,8,129,38,2,40,169
06/24/2015,FLG,AZ,AWP,WE,Federal Contract Tower,0,20,7,4,31,0,35,66,0,101,0,55,73,4,132,26,0,26,158
06/25/2015,FLG,AZ,AWP,WE,Federal Contract Tower,0,19,7,1,27,0,52,83,1,136,0,71,90,2,163,82,0,82,245
06/26/2015,FLG,AZ,AWP,WE,Federal Contract Tower,0,16,5,0,21,0,39,87,0,126,0,55,92,0,147,14,0,14,161
06/27/2015,FLG,AZ,AWP,WE,Federal Contract Tower,0,12,1,0,13,0,10,67,2,79,0,22,68,2,92,3,3,6,98
06/28/2015,FLG,AZ,AWP,WE,Federal Contract Tower,0,24,8,0,32,0,16,67,0,83,0,40,75,0,115,50,0,50,165
06/29/2015,FLG,AZ,AWP,WE,Federal Contract Tower,0,21,5,0,26,0,34,60,0,94,0,55,65,0,120,32,0,32,152
06/30/2015,FLG,AZ,AWP,WE,Federal Contract Tower,0,24,10,10,44,0,30,65,4,99,0,54,75,14,143,40,4,44,187
07/01/2015,FLG,AZ,AWP,WE,Federal Contract Tower,0,15,7,0,22,0,15,52,8,75,0,30,59,8,97,16,0,16,113
07/02/2015,FLG,AZ,AWP,WE,Federal Contract Tower,0,24,11,0,35,0,34,76,0,110,0,58,87,0,145,36,0,36,181
07/03/2015,FLG,AZ,AWP,WE,Federal Contract Tower,0,11,4,0,15,0,28,65,0,93,0,39,69,0,108,46,0,46,154
07/04/2015,FLG,AZ,AWP,WE,Federal Contract Tower,0,10,0,0,10,0,3,33,0,36,0,13,33,0,46,2,0,2,48
07/05/2015,FLG,AZ,AWP,WE,Federal Contract Tower,0,24,4,0,28,0,22,52,0,74,0,46,56,0,102,22,0,22,124
07/06/2015,FLG,AZ,AWP,WE,Federal Contract Tower,0,21,8,0,29,0,22,56,0,78,0,43,64,0,107,32,0,32,139
07/07/2015,FLG,AZ,AWP,WE,Federal Contract Tower,0,18,7,0,25,0,25,44,2,71,0,43,51,2,96,28,4,32,128
07/08/2015,FLG,AZ,AWP,WE,Federal Contract Tower,0,21,1,2,24,0,27,54,0,81,0,48,55,2,105,10,0,10,115
07/09/2015,FLG,AZ,AWP,WE,Federal Contract Tower,0,17,3,0,20,0,32,59,9,100,0,49,62,9,120,46,0,46,166
07/10/2015,FLG,AZ,AWP,WE,Federal Contract Tower,0,18,8,7,33,0,26,56,5,87,0,44,64,12,120,6,2,8,128
07/11/2015,FLG,AZ,AWP,WE,Federal Contract Tower,0,14,11,2,27,0,19,53,7,79,0,33,64,9,106,6,0,6,112
07/12/2015,FLG,AZ,AWP,WE,Federal Contract Tower,0,16,6,0,22,0,27,68,6,101,0,43,74,6,123,8,2,10,133
07/13/2015,FLG,AZ,AWP,WE,Federal Contract Tower,0,21,5,3,29,0,23,49,8,80,0,44,54,11,109,26,10,36,145
07/14/2015,FLG,AZ,AWP,WE,Federal Contract Tower,0,16,9,0,25,0,29,48,0,77,0,45,57,0,102,18,0,18,120
07/15/2015,FLG,AZ,AWP,WE,Federal Contract Tower,0,18,5,2,25,0,31,71,0,102,0,49,76,2,127,44,0,44,171
07/16/2015,FLG,AZ,AWP,WE,Federal Contract Tower,0,22,11,0,33,0,35,71,0,106,0,57,82,0,139,52,0,52,191
07/17/2015,FLG,AZ,AWP,WE,Federal Contract Tower,0,20,8,1,29,0,33,52,0,85,0,53,60,1,114,24,0,24,138
07/18/2015,FLG,AZ,AWP,WE,Federal Contract Tower,0,11,8,0,19,0,10,36,0,46,0,21,44,0,65,18,0,18,83
07/19/2015,FLG,AZ,AWP,WE,Federal Contract Tower,0,19,9,0,28,0,13,42,0,55,0,32,51,0,83,8,0,8,91
07/20/2015,FLG,AZ,AWP,WE,Federal Contract Tower,0,28,6,0,34,0,36,40,3,79,0,64,46,3,113,2,0,2,115
07/21/2015,FLG,AZ,AWP,WE,Federal Contract Tower,0,21,6,5,32,0,23,61,1,85,0,44,67,6,117,8,20,28,145
07/22/2015,FLG,AZ,AWP,WE,Federal Contract Tower,0,20,7,2,29,0,29,74,0,103,0,49,81,2,132,42,0,42,174
07/23/2015,FLG,AZ,AWP,WE,Federal Contract Tower,0,20,10,1,31,0,31,72,5,108,0,51,82,6,139,8,0,8,147
07/24/2015,FLG,AZ,AWP,WE,Federal Contract Tower,0,15,0,0,15,0,25,67,6,98,0,40,67,6,113,6,0,6,119
07/25/2015,FLG,AZ,AWP,WE,Federal Contract Tower,0,14,2,0,16,0,25,43,4,72,0,39,45,4,88,18,0,18,106
07/26/2015,FLG,AZ,AWP,WE,Federal Contract Tower,0,26,13,0,39,0,32,66,0,98,0,58,79,0,137,34,0,34,171
07/27/2015,FLG,AZ,AWP,WE,Federal Contract Tower,0,26,7,0,33,0,27,62,0,89,0,53,69,0,122,8,0,8,130
07/28/2015,FLG,AZ,AWP,WE,Federal Contract Tower,0,13,7,2,22,0,18,69,2,89,0,31,76,4,111,86,2,88,199
07/29/2015,FLG,AZ,AWP,WE,Federal Contract Tower,0,17,3,2,22,0,34,60,3,97,0,51,63,5,119,20,0,20,139
07/30/2015,FLG,AZ,AWP,WE,Federal Contract Tower,0,24,7,0,31,0,37,65,23,125,0,61,72,23,156,38,0,38,194
07/31/2015,FLG,AZ,AWP,WE,Federal Contract Tower,0,9,3,2,14,0,38,55,14,107,0,47,58,16,121,28,0,28,149
08/01/2015,FLG,AZ,AWP,WE,Federal Contract Tower,0,7,8,2,17,0,19,38,4,61,0,26,46,6,78,24,0,24,102
08/02/2015,FLG,AZ,AWP,WE,Federal Contract Tower,0,19,8,0,27,0,17,43,0,60,0,36,51,0,87,24,0,24,111
08/03/2015,FLG,AZ,AWP,WE,Federal Contract Tower,0,18,27,4,49,0,32,57,0,89,0,50,84,4,138,46,8,54,192
08/04/2015,FLG,AZ,AWP,WE,Federal Contract Tower,0,19,5,0,24,0,33,64,6,103,0,52,69,6,127,40,0,40,167
08/05/2015,FLG,AZ,AWP,WE,Federal Contract Tower,0,20,9,1,30,0,37,69,2,108,0,57,78,3,138,16,0,16,154
08/06/2015,FLG,AZ,AWP,WE,Federal Contract Tower,0,23,12,0,35,0,34,72,0,106,0,57,84,0,141,32,0,32,173
08/07/2015,FLG,AZ,AWP,WE,Federal Contract Tower,0,12,8,2,22,0,18,49,19,86,0,30,57,21,108,16,0,16,124
08/08/2015,FLG,AZ,AWP,WE,Federal Contract Tower,0,15,12,0,27,0,7,31,1,39,0,22,43,1,66,12,0,12,78
08/09/2015,FLG,AZ,AWP,WE,Federal Contract Tower,0,20,7,0,27,0,27,59,0,86,0,47,66,0,113,44,0,44,157
08/10/2015,FLG,AZ,AWP,WE,Federal Contract Tower,0,21,4,0,25,0,32,46,2,80,0,53,50,2,105,0,0,0,105
08/11/2015,FLG,AZ,AWP,WE,Federal Contract Tower,0,19,7,0,26,0,28,45,3,76,0,47,52,3,102,0,0,0,102
08/12/2015,FLG,AZ,AWP,WE,Federal Contract Tower,0,21,8,0,29,0,21,40,4,65,0,42,48,4,94,26,24,50,144
08/13/2015,FLG,AZ,AWP,WE,Federal Contract Tower,0,23,6,1,30,0,26,73,9,108,0,49,79,10,138,48,4,52,190
08/14/2015,FLG,AZ,AWP,WE,Federal Contract Tower,0,16,7,1,24,0,29,68,0,97,0,45,75,1,121,18,0,18,139
08/15/2015,FLG,AZ,AWP,WE,Federal Contract Tower,0,17,4,1,22,0,26,55,1,82,0,43,59,2,104,30,0,30,134
08/16/2015,FLG,AZ,AWP,WE,Federal Contract Tower,0,18,9,0,27,0,35,68,0,103,0,53,77,0,130,32,0,32,162
08/17/2015,FLG,AZ,AWP,WE,Federal Contract Tower,0,22,3,0,25,0,43,65,0,108,0,65,68,0,133,74,0,74,207
08/18/2015,FLG,AZ,AWP,WE,Federal Contract Tower,0,25,11,4,40,0,22,60,0,82,0,47,71,4,122,30,0,30,152
08/19/2015,FLG,AZ,AWP,WE,Federal Contract Tower,0,20,10,2,32,0,37,69,0,106,0,57,79,2,138,0,20,20,158
08/20/2015,FLG,AZ,AWP,WE,Federal Contract Tower,0,23,7,0,30,0,23,59,0,82,0,46,66,0,112,22,0,22,134
08/21/2015,FLG,AZ,AWP,WE,Federal Contract Tower,0,23,17,0,40,0,32,66,3,101,0,55,83,3,141,76,4,80,221
08/22/2015,FLG,AZ,AWP,WE,Federal Contract Tower,0,12,10,0,22,0,22,327,4,353,0,34,337,4,375,140,6,146,521
08/23/2015,FLG,AZ,AWP,WE,Federal Contract Tower,0,18,7,0,25,0,20,55,2,77,0,38,62,2,102,24,0,24,126
08/24/2015,FLG,AZ,AWP,WE,Federal Contract Tower,0,23,6,0,29,0,37,66,1,104,0,60,72,1,133,34,0,34,167
08/25/2015,FLG,AZ,AWP,WE,Federal Contract Tower,0,16,7,0,23,0,43,42,0,85,0,59,49,0,108,20,0,20,128
08/26/2015,FLG,AZ,AWP,WE,Federal Contract Tower,0,21,16,1,38,0,27,54,1,82,0,48,70,2,120,40,6,46,166
08/27/2015,FLG,AZ,AWP,WE,Federal Contract Tower,0,20,13,2,35,0,35,56,0,91,0,55,69,2,126,30,0,30,156
08/28/2015,FLG,AZ,AWP,WE,Federal Contract Tower,0,18,10,0,28,0,24,67,0,91,0,42,77,0,119,24,0,24,143
08/29/2015,FLG,AZ,AWP,WE,Federal Contract Tower,0,10,9,0,19,0,33,41,0,74,0,43,50,0,93,12,0,12,105
08/30/2015,FLG,AZ,AWP,WE,Federal Contract Tower,0,18,6,0,24,0,36,62,3,101,0,54,68,3,125,34,0,34,159
08/31/2015,FLG,AZ,AWP,WE,Federal Contract Tower,0,21,4,0,25,0,21,46,0,67,0,42,50,0,92,0,0,0,92
09/01/2015,FLG,AZ,AWP,WE,Federal Contract Tower,0,17,8,0,25,0,40,47,2,89,0,57,55,2,114,14,0,14,128
09/02/2015,FLG,AZ,AWP,WE,Federal Contract Tower,0,20,5,1,26,0,20,52,1,73,0,40,57,2,99,8,0,8,107
09/03/2015,FLG,AZ,AWP,WE,Federal Contract Tower,0,22,13,0,35,0,28,84,0,112,0,50,97,0,147,64,0,64,211
09/04/2015,FLG,AZ,AWP,WE,Federal Contract Tower,2,26,17,1,46,0,29,72,13,114,2,55,89,14,160,52,24,76,236
09/05/2015,FLG,AZ,AWP,WE,Federal Contract Tower,0,11,18,0,29,0,10,22,8,40,0,21,40,8,69,20,0,20,89
09/06/2015,FLG,AZ,AWP,WE,Federal Contract Tower,0,23,5,0,28,0,33,56,0,89,0,56,61,0,117,6,0,6,123
09/07/2015,FLG,AZ,AWP,WE,Federal Contract Tower,0,16,9,0,25,0,19,56,0,75,0,35,65,0,100,6,0,6,106
09/08/2015,FLG,AZ,AWP,WE,Federal Contract Tower,0,21,7,2,30,0,26,59,4,89,0,47,66,6,119,4,0,4,123
09/09/2015,FLG,AZ,AWP,WE,Federal Contract Tower,0,22,6,2,30,0,39,81,2,122,0,61,87,4,152,46,2,48,200
09/10/2015,FLG,AZ,AWP,WE,Federal Contract Tower,0,23,7,1,31,0,43,55,2,100,0,66,62,3,131,34,0,34,165
09/11/2015,FLG,AZ,AWP,WE,Federal Contract Tower,0,24,3,0,27,0,18,67,2,87,0,42,70,2,114,46,0,46,160
09/12/2015,FLG,AZ,AWP,WE,Federal Contract Tower,0,18,4,0,22,0,15,69,0,84,0,33,73,0,106,54,0,54,160
09/13/2015,FLG,AZ,AWP,WE,Federal Contract Tower,0,19,6,0,25,0,12,59,5,76,0,31,65,5,101,26,0,26,127
09/14/2015,FLG,AZ,AWP,WE,Federal Contract Tower,0,17,5,0,22,0,17,59,1,77,0,34,64,1,99,14,0,14,113
09/15/2015,FLG,AZ,AWP,WE,Federal Contract Tower,0,26,22,0,48,0,35,34,3,72,0,61,56,3,120,4,0,4,124
09/16/2015,FLG,AZ,AWP,WE,Federal Contract Tower,0,23,18,0,41,0,25,41,1,67,0,48,59,1,108,16,0,16,124
09/17/2015,FLG,AZ,AWP,WE,Federal Contract Tower,0,23,9,2,34,0,46,53,0,99,0,69,62,2,133,0,0,0,133
09/18/2015,FLG,AZ,AWP,WE,Federal Contract Tower,0,16,4,0,20,0,20,67,0,87,0,36,71,0,107,14,0,14,121
09/19/2015,FLG,AZ,AWP,WE,Federal Contract Tower,0,11,4,0,15,0,34,67,0,101,0,45,71,0,116,42,0,42,158
09/20/2015,FLG,AZ,AWP,WE,Federal Contract Tower,0,24,9,0,33,0,28,61,0,89,0,52,70,0,122,22,0,22,144
09/21/2015,FLG,AZ,AWP,WE,Federal Contract Tower,0,20,6,0,26,0,27,41,1,69,0,47,47,1,95,14,0,14,109
09/22/2015,FLG,AZ,AWP,WE,Federal Contract Tower,0,16,13,1,30,0,14,28,0,42,0,30,41,1,72,14,0,14,86
09/23/2015,FLG,AZ,AWP,WE,Federal Contract Tower,0,20,7,0,27,0,37,53,0,90,0,57,60,0,117,34,0,34,151
09/24/2015,FLG,AZ,AWP,WE,Federal Contract Tower,0,20,16,0,36,0,27,51,0,78,0,47,67,0,114,26,0,26,140
09/25/2015,FLG,AZ,AWP,WE,Federal Contract Tower,2,20,9,0,31,2,28,73,0,103,4,48,82,0,134,36,0,36,170
09/26/2015,FLG,AZ,AWP,WE,Federal Contract Tower,2,13,6,0,21,0,19,62,0,81,2,32,68,0,102,32,0,32,134
09/27/2015,FLG,AZ,AWP,WE,Federal Contract Tower,0,19,5,0,24,0,19,62,2,83,0,38,67,2,107,32,0,32,139
09/28/2015,FLG,AZ,AWP,WE,Federal Contract Tower,0,23,12,4,39,0,33,44,16,93,0,56,56,20,132,18,0,18,150
09/29/2015,FLG,AZ,AWP,WE,Federal Contract Tower,0,19,8,5,32,0,36,46,0,82,0,55,54,5,114,14,10,24,138
09/30/2015,FLG,AZ,AWP,WE,Federal Contract Tower,0,22,16,0,38,0,25,52,0,77,0,47,68,0,115,8,0,8,123
10/01/2015,FLG,AZ,AWP,WE,Federal Contract Tower,0,11,7,0,18,0,24,42,8,74,0,35,49,8,92,32,0,32,124
10/02/2015,FLG,AZ,AWP,WE,Federal Contract Tower,0,13,14,0,27,0,11,53,16,80,0,24,67,16,107,22,0,22,129
10/03/2015,FLG,AZ,AWP,WE,Federal Contract Tower,0,10,5,0,15,0,6,75,0,81,0,16,80,0,96,28,2,30,126
10/04/2015,FLG,AZ,AWP,WE,Federal Contract Tower,0,14,8,0,22,0,3,39,0,42,0,17,47,0,64,2,0,2,66
10/05/2015,FLG,AZ,AWP,WE,Federal Contract Tower,0,19,13,0,32,0,5,6,0,11,0,24,19,0,43,0,0,0,43
10/06/2015,FLG,AZ,AWP,WE,Federal Contract Tower,0,21,9,0,30,0,8,12,0,20,0,29,21,0,50,14,0,14,64
10/07/2015,FLG,AZ,AWP,WE,Federal Contract Tower,0,22,8,0,30,0,27,51,2,80,0,49,59,2,110,10,0,10,120
10/08/2015,FLG,AZ,AWP,WE,Federal Contract Tower,0,18,9,2,29,0,32,42,0,74,0,50,51,2,103,12,0,12,115
10/09/2015,FLG,AZ,AWP,WE,Federal Contract Tower,2,16,10,0,28,0,14,59,0,73,2,30,69,0,101,30,0,30,131
10/10/2015,FLG,AZ,AWP,WE,Federal Contract Tower,0,15,6,0,21,0,10,53,0,63,0,25,59,0,84,10,0,10,94
10/11/2015,FLG,AZ,AWP,WE,Federal Contract Tower,0,13,9,0,22,0,10,60,2,72,0,23,69,2,94,16,0,16,110
10/12/2015,FLG,AZ,AWP,WE,Federal Contract Tower,0,19,8,0,27,0,36,43,5,84,0,55,51,5,111,12,0,12,123
10/13/2015,FLG,AZ,AWP,WE,Federal Contract Tower,0,20,5,0,25,0,25,57,3,85,0,45,62,3,110,50,0,50,160
10/14/2015,FLG,AZ,AWP,WE,Federal Contract Tower,0,19,8,0,27,0,25,65,0,90,0,44,73,0,117,72,0,72,189
10/15/2015,FLG,AZ,AWP,WE,Federal Contract Tower,0,18,3,4,25,0,30,61,1,92,0,48,64,5,117,32,0,32,149
10/16/2015,FLG,AZ,AWP,WE,Federal Contract Tower,0,21,10,2,33,0,13,34,0,47,0,34,44,2,80,0,2,2,82
10/17/2015,FLG,AZ,AWP,WE,Federal Contract Tower,0,15,7,0,22,0,7,24,0,31,0,22,31,0,53,0,0,0,53
10/18/2015,FLG,AZ,AWP,WE,Federal Contract Tower,0,16,11,0,27,0,12,38,0,50,0,28,49,0,77,2,0,2,79
10/19/2015,FLG,AZ,AWP,WE,Federal Contract Tower,0,23,7,0,30,0,18,24,0,42,0,41,31,0,72,0,0,0,72
10/20/2015,FLG,AZ,AWP,WE,Federal Contract Tower,0,20,11,0,31,0,13,3,0,16,0,33,14,0,47,0,0,0,47
10/21/2015,FLG,AZ,AWP,WE,Federal Contract Tower,0,17,6,0,23,0,14,11,0,25,0,31,17,0,48,0,0,0,48
10/22/2015,FLG,AZ,AWP,WE,Federal Contract Tower,0,18,11,3,32,0,12,27,1,40,0,30,38,4,72,12,0,12,84
10/23/2015,FLG,AZ,AWP,WE,Federal Contract Tower,0,18,3,5,26,0,21,72,7,100,0,39,75,12,126,116,0,116,242
10/24/2015,FLG,AZ,AWP,WE,Federal Contract Tower,0,13,4,0,17,0,19,58,0,77,0,32,62,0,94,28,0,28,122
10/25/2015,FLG,AZ,AWP,WE,Federal Contract Tower,0,12,9,0,21,0,17,76,0,93,0,29,85,0,114,50,0,50,164
10/26/2015,FLG,AZ,AWP,WE,Federal Contract Tower,0,21,5,0,26,0,18,51,2,71,0,39,56,2,97,40,0,40,137
10/27/2015,FLG,AZ,AWP,WE,Federal Contract Tower,0,21,7,0,28,0,24,48,0,72,0,45,55,0,100,32,0,32,132
10/28/2015,FLG,AZ,AWP,WE,Federal Contract Tower,0,13,7,0,20,0,25,46,12,83,0,38,53,12,103,8,0,8,111
10/29/2015,FLG,AZ,AWP,WE,Federal Contract Tower,0,12,6,2,20,0,6,23,3,32,0,18,29,5,52,18,2,20,72
10/30/2015,FLG,AZ,AWP,WE,Federal Contract Tower,2,21,5,0,28,0,13,32,3,48,2,34,37,3,76,0,0,0,76
10/31/2015,FLG,AZ,AWP,WE,Federal Contract Tower,2,12,0,0,14,0,13,57,5,75,2,25,57,5,89,18,0,18,107
11/01/2015,FLG,AZ,AWP,WE,Federal Contract Tower,0,12,4,0,16,0,17,61,7,85,0,29,65,7,101,8,0,8,109
11/02/2015,FLG,AZ,AWP,WE,Federal Contract Tower,0,20,6,1,27,0,27,63,2,92,0,47,69,3,119,24,6,30,149
11/03/2015,FLG,AZ,AWP,WE,Federal Contract Tower,0,21,12,0,33,0,15,12,0,27,0,36,24,0,60,0,0,0,60
11/04/2015,FLG,AZ,AWP,WE,Federal Contract Tower,0,7,2,0,9,0,0,0,0,0,0,7,2,0,9,0,0,0,9
11/05/2015,FLG,AZ,AWP,WE,Federal Contract Tower,0,21,8,0,29,0,23,44,8,75,0,44,52,8,104,22,0,22,126
11/06/2015,FLG,AZ,AWP,WE,Federal Contract Tower,2,16,8,4,30,0,32,60,4,96,2,48,68,8,126,56,0,56,182
11/07/2015,FLG,AZ,AWP,WE,Federal Contract Tower,0,13,3,0,16,0,7,41,2,50,0,20,44,2,66,6,0,6,72
11/08/2015,FLG,AZ,AWP,WE,Federal Contract Tower,0,10,5,2,17,0,9,66,2,77,0,19,71,4,94,24,2,26,120
11/09/2015,FLG,AZ,AWP,WE,Federal Contract Tower,0,16,2,0,18,0,11,28,0,39,0,27,30,0,57,2,0,2,59
11/10/2015,FLG,AZ,AWP,WE,Federal Contract Tower,0,19,9,0,28,0,2,0,0,2,0,21,9,0,30,0,0,0,30
11/11/2015,FLG,AZ,AWP,WE,Federal Contract Tower,0,18,5,0,23,0,35,45,4,84,0,53,50,4,107,40,0,40,147
11/12/2015,FLG,AZ,AWP,WE,Federal Contract Tower,0,19,7,3,29,0,27,48,2,77,0,46,55,5,106,40,8,48,154
11/13/2015,FLG,AZ,AWP,WE,Federal Contract Tower,0,14,2,1,17,0,19,48,1,68,0,33,50,2,85,28,8,36,121
11/14/2015,FLG,AZ,AWP,WE,Federal Contract Tower,0,11,3,1,15,0,9,69,1,79,0,20,72,2,94,22,6,28,122
11/15/2015,FLG,AZ,AWP,WE,Federal Contract Tower,0,14,12,0,26,0,4,46,2,52,0,18,58,2,78,8,0,8,86
11/16/2015,FLG,AZ,AWP,WE,Federal Contract Tower,0,15,4,0,19,0,0,0,0,0,0,15,4,0,19,0,0,0,19
11/17/2015,FLG,AZ,AWP,WE,Federal Contract Tower,0,15,2,0,17,0,26,55,0,81,0,41,57,0,98,30,0,30,128
11/18/2015,FLG,AZ,AWP,WE,Federal Contract Tower,0,15,7,3,25,0,22,55,3,80,0,37,62,6,105,4,4,8,113
11/19/2015,FLG,AZ,AWP,WE,Federal Contract Tower,0,18,7,0,25,0,28,58,3,89,0,46,65,3,114,18,0,18,132
11/20/2015,FLG,AZ,AWP,WE,Federal Contract Tower,0,16,6,8,30,0,29,59,2,90,0,45,65,10,120,32,2,34,154
11/21/2015,FLG,AZ,AWP,WE,Federal Contract Tower,0,10,6,0,16,0,13,35,0,48,0,23,41,0,64,22,0,22,86
11/22/2015,FLG,AZ,AWP,WE,Federal Contract Tower,0,17,2,0,19,0,19,71,8,98,0,36,73,8,117,12,0,12,129
11/23/2015,FLG,AZ,AWP,WE,Federal Contract Tower,0,18,5,0,23,0,25,54,0,79,0,43,59,0,102,32,0,32,134
11/24/2015,FLG,AZ,AWP,WE,Federal Contract Tower,0,19,5,3,27,0,24,51,5,80,0,43,56,8,107,8,4,12,119
11/25/2015,FLG,AZ,AWP,WE,Federal Contract Tower,0,20,5,0,25,0,0,0,0,0,0,20,5,0,25,0,0,0,25
11/26/2015,FLG,AZ,AWP,WE,Federal Contract Tower,0,8,0,0,8,0,0,0,0,0,0,8,0,0,8,0,0,0,8
11/27/2015,FLG,AZ,AWP,WE,Federal Contract Tower,0,13,4,0,17,0,19,37,0,56,0,32,41,0,73,4,0,4,77
11/28/2015,FLG,AZ,AWP,WE,Federal Contract Tower,0,11,9,0,20,0,7,48,0,55,0,18,57,0,75,32,0,32,107
11/29/2015,FLG,AZ,AWP,WE,Federal Contract Tower,0,9,5,0,14,0,8,50,0,58,0,17,55,0,72,6,0,6,78
11/30/2015,FLG,AZ,AWP,WE,Federal Contract Tower,0,19,4,2,25,0,14,36,4,54,0,33,40,6,79,26,0,26,105
12/01/2015,FLG,AZ,AWP,WE,Federal Contract Tower,0,18,10,0,28,0,37,68,0,105,0,55,78,0,133,44,0,44,177
12/02/2015,FLG,AZ,AWP,WE,Federal Contract Tower,0,14,5,0,19,0,37,51,6,94,0,51,56,6,113,60,0,60,173
12/03/2015,FLG,AZ,AWP,WE,Federal Contract Tower,0,19,6,0,25,0,33,64,0,97,0,52,70,0,122,92,0,92,214
12/04/2015,FLG,AZ,AWP,WE,Federal Contract Tower,0,16,8,1,25,0,24,44,8,76,0,40,52,9,101,38,0,38,139
12/05/2015,FLG,AZ,AWP,WE,Federal Contract Tower,0,12,1,0,13,0,14,45,2,61,0,26,46,2,74,34,0,34,108
12/06/2015,FLG,AZ,AWP,WE,Federal Contract Tower,0,15,10,0,25,0,16,67,1,84,0,31,77,1,109,34,0,34,143
12/07/2015,FLG,AZ,AWP,WE,Federal Contract Tower,0,19,4,0,23,0,34,47,0,81,0,53,51,0,104,32,0,32,136
12/08/2015,FLG,AZ,AWP,WE,Federal Contract Tower,0,17,11,0,28,0,29,49,2,80,0,46,60,2,108,18,12,30,138
12/09/2015,FLG,AZ,AWP,WE,Federal Contract Tower,0,14,8,1,23,0,34,50,4,88,0,48,58,5,111,16,24,40,151
12/10/2015,FLG,AZ,AWP,WE,Federal Contract Tower,0,22,6,1,29,0,35,46,7,88,0,57,52,8,117,0,0,0,117
12/11/2015,FLG,AZ,AWP,WE,Federal Contract Tower,0,12,4,0,16,0,4,12,0,16,0,16,16,0,32,4,0,4,36
12/12/2015,FLG,AZ,AWP,WE,Federal Contract Tower,0,6,2,0,8,0,7,3,0,10,0,13,5,0,18,0,0,0,18
12/13/2015,FLG,AZ,AWP,WE,Federal Contract Tower,0,16,6,0,22,0,6,64,0,70,0,22,70,0,92,6,0,6,98
12/14/2015,FLG,AZ,AWP,WE,Federal Contract Tower,0,3,3,0,6,0,0,0,0,0,0,3,3,0,6,0,0,0,6
12/15/2015,FLG,AZ,AWP,WE,Federal Contract Tower,0,16,7,0,23,0,22,47,0,69,0,38,54,0,92,6,0,6,98
12/16/2015,FLG,AZ,AWP,WE,Federal Contract Tower,0,17,2,2,21,0,22,55,0,77,0,39,57,2,98,40,0,40,138
12/17/2015,FLG,AZ,AWP,WE,Federal Contract Tower,0,17,8,2,27,0,26,64,0,90,0,43,72,2,117,42,0,42,159
12/18/2015,FLG,AZ,AWP,WE,Federal Contract Tower,0,13,6,0,19,0,29,54,0,83,0,42,60,0,102,4,0,4,106
12/19/2015,FLG,AZ,AWP,WE,Federal Contract Tower,0,24,1,0,25,0,20,49,0,69,0,44,50,0,94,28,0,28,122
12/20/2015,FLG,AZ,AWP,WE,Federal Contract Tower,0,15,5,0,20,0,2,28,0,30,0,17,33,0,50,14,0,14,64
12/21/2015,FLG,AZ,AWP,WE,Federal Contract Tower,0,19,7,0,26,0,16,57,0,73,0,35,64,0,99,22,0,22,121
12/22/2015,FLG,AZ,AWP,WE,Federal Contract Tower,0,13,3,0,16,0,0,0,0,0,0,13,3,0,16,0,0,0,16
12/23/2015,FLG,AZ,AWP,WE,Federal Contract Tower,0,26,7,0,33,0,0,0,0,0,0,26,7,0,33,0,0,0,33
12/24/2015,FLG,AZ,AWP,WE,Federal Contract Tower,0,18,10,0,28,0,0,0,0,0,0,18,10,0,28,0,0,0,28
12/25/2015,FLG,AZ,AWP,WE,Federal Contract Tower,0,12,0,0,12,0,4,9,0,13,0,16,9,0,25,0,0,0,25
12/26/2015,FLG,AZ,AWP,WE,Federal Contract Tower,0,16,2,0,18,0,5,10,0,15,0,21,12,0,33,0,0,0,33
12/27/2015,FLG,AZ,AWP,WE,Federal Contract Tower,0,10,3,0,13,0,4,28,0,32,0,14,31,0,45,14,0,14,59
12/28/2015,FLG,AZ,AWP,WE,Federal Contract Tower,0,18,6,0,24,0,32,57,0,89,0,50,63,0,113,42,0,42,155
12/29/2015,FLG,AZ,AWP,WE,Federal Contract Tower,0,19,3,1,23,0,17,50,2,69,0,36,53,3,92,24,0,24,116
12/30/2015,FLG,AZ,AWP,WE,Federal Contract Tower,0,19,3,0,22,0,29,62,2,93,0,48,65,2,115,50,0,50,165
12/31/2015,FLG,AZ,AWP,WE,Federal Contract Tower,0,20,4,0,24,0,43,62,0,105,0,63,66,0,129,41,0,41,170
01/01/2016,FLG,AZ,AWP,WE,Federal Contract Tower,0,14,2,0,16,0,20,33,0,53,0,34,35,0,69,8,0,8,77
01/02/2016,FLG,AZ,AWP,WE,Federal Contract Tower,0,12,3,0,15,0,9,45,0,54,0,21,48,0,69,42,0,42,111
01/03/2016,FLG,AZ,AWP,WE,Federal Contract Tower,0,8,6,0,14,0,11,43,0,54,0,19,49,0,68,22,0,22,90
01/04/2016,FLG,AZ,AWP,WE,Federal Contract Tower,0,11,5,0,16,0,3,2,0,5,0,14,7,0,21,0,0,0,21
01/05/2016,FLG,AZ,AWP,WE,Federal Contract Tower,0,15,4,0,19,0,0,0,0,0,0,15,4,0,19,0,0,0,19
01/06/2016,FLG,AZ,AWP,WE,Federal Contract Tower,0,10,0,0,10,0,0,0,0,0,0,10,0,0,10,0,0,0,10
01/07/2016,FLG,AZ,AWP,WE,Federal Contract Tower,0,0,4,0,4,0,0,0,0,0,0,0,4,0,4,0,0,0,4
01/08/2016,FLG,AZ,AWP,WE,Federal Contract Tower,0,13,6,2,21,0,2,3,0,5,0,15,9,2,26,0,0,0,26
01/09/2016,FLG,AZ,AWP,WE,Federal Contract Tower,0,12,1,0,13,0,24,38,0,62,0,36,39,0,75,48,0,48,123
01/10/2016,FLG,AZ,AWP,WE,Federal Contract Tower,0,11,1,0,12,0,2,2,0,4,0,13,3,0,16,0,0,0,16
01/11/2016,FLG,AZ,AWP,WE,Federal Contract Tower,0,20,3,0,23,0,32,33,3,68,0,52,36,3,91,20,0,20,111
01/12/2016,FLG,AZ,AWP,WE,Federal Contract Tower,0,18,3,0,21,0,26,40,2,68,0,44,43,2,89,16,0,16,105
01/13/2016,FLG,AZ,AWP,WE,Federal Contract Tower,0,20,8,0,28,0,21,69,4,94,0,41,77,4,122,74,2,76,198
01/14/2016,FLG,AZ,AWP,WE,Federal Contract Tower,0,16,12,2,30,0,30,46,0,76,0,46,58,2,106,28,0,28,134
01/15/2016,FLG,AZ,AWP,WE,Federal Contract Tower,0,15,7,2,24,0,3,7,0,10,0,18,14,2,34,6,10,16,50
01/16/2016,FLG,AZ,AWP,WE,Federal Contract Tower,0,15,5,0,20,0,6,46,2,54,0,21,51,2,74,26,0,26,100
01/17/2016,FLG,AZ,AWP,WE,Federal Contract Tower,0,10,2,0,12,0,0,62,0,62,0,10,64,0,74,24,0,24,98
01/18/2016,FLG,AZ,AWP,WE,Federal Contract Tower,0,20,13,2,35,0,33,37,0,70,0,53,50,2,105,6,0,6,111
01/19/2016,FLG,AZ,AWP,WE,Federal Contract Tower,0,28,7,0,35,0,29,45,0,74,0,57,52,0,109,38,0,38,147
01/20/2016,FLG,AZ,AWP,WE,Federal Contract Tower,0,19,5,0,24,0,27,56,2,85,0,46,61,2,109,72,0,72,181
01/21/2016,FLG,AZ,AWP,WE,Federal Contract Tower,0,18,4,0,22,0,30,52,0,82,0,48,56,0,104,58,0,58,162
01/22/2016,FLG,AZ,AWP,WE,Federal Contract Tower,0,17,7,0,24,0,16,55,0,71,0,33,62,0,95,22,0,22,117
01/23/2016,FLG,AZ,AWP,WE,Federal Contract Tower,0,15,5,6,26,0,12,50,4,66,0,27,55,10,92,38,0,38,130
01/24/2016,FLG,AZ,AWP,WE,Federal Contract Tower,0,16,5,0,21,0,18,35,0,53,0,34,40,0,74,8,0,8,82
01/25/2016,FLG,AZ,AWP,WE,Federal Contract Tower,0,20,3,0,23,0,37,43,0,80,0,57,46,0,103,24,10,34,137
01/26/2016,FLG,AZ,AWP,WE,Federal Contract Tower,0,22,3,5,30,0,16,37,2,55,0,38,40,7,85,10,16,26,111
01/27/2016,FLG,AZ,AWP,WE,Federal Contract Tower,0,18,11,0,29,0,28,58,0,86,0,46,69,0,115,2,0,2,117
01/28/2016,FLG,AZ,AWP,WE,Federal Contract Tower,0,10,3,3,16,0,27,63,1,91,0,37,66,4,107,50,2,52,159
01/29/2016,FLG,AZ,AWP,WE,Federal Contract Tower,0,15,6,4,25,0,39,62,0,101,0,54,68,4,126,40,4,44,170
01/30/2016,FLG,AZ,AWP,WE,Federal Contract Tower,0,9,5,0,14,0,28,35,3,66,0,37,40,3,80,12,0,12,92
01/31/2016,FLG,AZ,AWP,WE,Federal Contract Tower,0,13,6,2,21,0,5,3,0,8,0,18,9,2,29,0,0,0,29
02/01/2016,FLG,AZ,AWP,WE,Federal Contract Tower,0,11,3,1,15,0,0,0,0,0,0,11,3,1,15,0,0,0,15
02/02/2016,FLG,AZ,AWP,WE,Federal Contract Tower,0,14,3,2,19,0,34,12,2,48,0,48,15,4,67,0,0,0,67
02/03/2016,FLG,AZ,AWP,WE,Federal Contract Tower,0,18,3,2,23,0,27,46,1,74,0,45,49,3,97,36,2,38,135
02/04/2016,FLG,AZ,AWP,WE,Federal Contract Tower,0,17,3,6,26,0,35,55,0,90,0,52,58,6,116,38,8,46,162
02/05/2016,FLG,AZ,AWP,WE,Federal Contract Tower,0,15,9,0,24,0,29,25,0,54,0,44,34,0,78,8,0,8,86
02/06/2016,FLG,AZ,AWP,WE,Federal Contract Tower,0,15,7,0,22,0,8,57,0,65,0,23,64,0,87,10,0,10,97
02/07/2016,FLG,AZ,AWP,WE,Federal Contract Tower,0,15,4,0,19,0,3,43,0,46,0,18,47,0,65,10,0,10,75
02/08/2016,FLG,AZ,AWP,WE,Federal Contract Tower,0,19,6,2,27,0,25,39,0,64,0,44,45,2,91,0,0,0,91
02/09/2016,FLG,AZ,AWP,WE,Federal Contract Tower,0,19,4,0,23,0,33,57,0,90,0,52,61,0,113,16,0,16,129
02/10/2016,FLG,AZ,AWP,WE,Federal Contract Tower,0,18,2,0,20,0,34,58,0,92,0,52,60,0,112,58,0,58,170
02/11/2016,FLG,AZ,AWP,WE,Federal Contract Tower,0,19,6,0,25,0,30,64,0,94,0,49,70,0,119,62,0,62,181
02/12/2016,FLG,AZ,AWP,WE,Federal Contract Tower,0,12,3,0,15,0,12,55,0,67,0,24,58,0,82,26,0,26,108
02/13/2016,FLG,AZ,AWP,WE,Federal Contract Tower,0,10,12,0,22,0,19,60,2,81,0,29,72,2,103,30,0,30,133
02/14/2016,FLG,AZ,AWP,WE,Federal Contract Tower,0,11,1,0,12,0,10,61,0,71,0,21,62,0,83,16,0,16,99
02/15/2016,FLG,AZ,AWP,WE,Federal Contract Tower,0,20,19,0,39,0,24,52,0,76,0,44,71,0,115,24,0,24,139
02/16/2016,FLG,AZ,AWP,WE,Federal Contract Tower,0,17,3,2,22,0,31,55,0,86,0,48,58,2,108,34,0,34,142
02/17/2016,FLG,AZ,AWP,WE,Federal Contract Tower,0,17,2,0,19,0,40,65,0,105,0,57,67,0,124,22,0,22,146
02/18/2016,FLG,AZ,AWP,WE,Federal Contract Tower,0,20,10,0,30,0,0,0,0,0,0,20,10,0,30,2,0,2,32
02/19/2016,FLG,AZ,AWP,WE,Federal Contract Tower,0,14,5,4,23,0,13,53,2,68,0,27,58,6,91,28,0,28,119
02/20/2016,FLG,AZ,AWP,WE,Federal Contract Tower,0,14,7,1,22,0,15,41,2,58,0,29,48,3,80,28,0,28,108
02/21/2016,FLG,AZ,AWP,WE,Federal Contract Tower,0,15,7,0,22,0,0,0,0,0,0,15,7,0,22,12,0,12,34
02/22/2016,FLG,AZ,AWP,WE,Federal Contract Tower,0,17,3,0,20,0,26,38,2,66,0,43,41,2,86,10,0,10,96
02/23/2016,FLG,AZ,AWP,WE,Federal Contract Tower,0,21,5,0,26,0,27,51,0,78,0,48,56,0,104,30,0,30,134
02/24/2016,FLG,AZ,AWP,WE,Federal Contract Tower,0,19,3,0,22,0,31,72,2,105,0,50,75,2,127,72,0,72,199
02/25/2016,FLG,AZ,AWP,WE,Federal Contract Tower,0,19,7,0,26,0,30,64,0,94,0,49,71,0,120,80,0,80,200
02/26/2016,FLG,AZ,AWP,WE,Federal Contract Tower,0,12,2,1,15,0,30,63,1,94,0,42,65,2,109,38,0,38,147
02/27/2016,FLG,AZ,AWP,WE,Federal Contract Tower,0,12,7,0,19,0,6,1,0,7,0,18,8,0,26,26,0,26,52
02/28/2016,FLG,AZ,AWP,WE,Federal Contract Tower,0,15,8,0,23,0,13,95,2,110,0,28,103,2,133,12,0,12,145
02/29/2016,FLG,AZ,AWP,WE,Federal Contract Tower,0,16,11,0,27,0,26,72,1,99,0,42,83,1,126,10,0,10,136
03/01/2016,FLG,AZ,AWP,WE,Federal Contract Tower,0,23,10,0,33,0,29,73,0,102,0,52,83,0,135,16,0,16,151
03/02/2016,FLG,AZ,AWP,WE,Federal Contract Tower,0,17,7,0,24,0,44,66,0,110,0,61,73,0,134,34,0,34,168
03/03/2016,FLG,AZ,AWP,WE,Federal Contract Tower,0,16,7,2,25,0,39,78,6,123,0,55,85,8,148,26,0,26,174
03/04/2016,FLG,AZ,AWP,WE,Federal Contract Tower,0,12,1,0,13,0,28,52,4,84,0,40,53,4,97,18,0,18,115
03/05/2016,FLG,AZ,AWP,WE,Federal Contract Tower,0,12,6,3,21,0,17,61,5,83,0,29,67,8,104,14,2,16,120
03/06/2016,FLG,AZ,AWP,WE,Federal Contract Tower,0,13,1,2,16,0,3,26,0,29,0,16,27,2,45,12,0,12,57
03/07/2016,FLG,AZ,AWP,WE,Federal Contract Tower,0,19,4,2,25,0,27,47,0,74,0,46,51,2,99,8,2,10,109
03/08/2016,FLG,AZ,AWP,WE,Federal Contract Tower,0,17,8,0,25,0,31,56,0,87,0,48,64,0,112,32,0,32,144
03/09/2016,FLG,AZ,AWP,WE,Federal Contract Tower,0,14,1,4,19,0,27,56,0,83,0,41,57,4,102,12,0,12,114
03/10/2016,FLG,AZ,AWP,WE,Federal Contract Tower,0,18,3,4,25,0,28,65,0,93,0,46,68,4,118,48,0,48,166
03/11/2016,FLG,AZ,AWP,WE,Federal Contract Tower,0,14,7,3,24,0,27,46,2,75,0,41,53,5,99,26,4,30,129
03/12/2016,FLG,AZ,AWP,WE,Federal Contract Tower,0,13,11,0,24,0,10,25,0,35,0,23,36,0,59,20,0,20,79
03/13/2016,FLG,AZ,AWP,WE,Federal Contract Tower,0,12,5,0,17,0,10,60,0,70,0,22,65,0,87,12,0,12,99
03/14/2016,FLG,AZ,AWP,WE,Federal Contract Tower,0,18,4,2,24,0,22,45,0,67,0,40,49,2,91,20,0,20,111
03/15/2016,FLG,AZ,AWP,WE,Federal Contract Tower,0,18,3,0,21,0,30,67,0,97,0,48,70,0,118,36,0,36,154
03/16/2016,FLG,AZ,AWP,WE,Federal Contract Tower,0,14,15,0,29,0,45,77,0,122,0,59,92,0,151,10,0,10,161
03/17/2016,FLG,AZ,AWP,WE,Federal Contract Tower,0,19,5,0,24,0,33,53,2,88,0,52,58,2,112,34,0,34,146
03/18/2016,FLG,AZ,AWP,WE,Federal Contract Tower,2,17,9,2,30,0,27,51,0,78,2,44,60,2,108,52,0,52,160
03/19/2016,FLG,AZ,AWP,WE,Federal Contract Tower,0,11,4,0,15,0,26,56,0,82,0,37,60,0,97,32,0,32,129
03/20/2016,FLG,AZ,AWP,WE,Federal Contract Tower,0,10,7,0,17,0,13,66,0,79,0,23,73,0,96,32,0,32,128
03/21/2016,FLG,AZ,AWP,WE,Federal Contract Tower,0,19,9,3,31,0,15,41,0,56,0,34,50,3,87,10,0,10,97
03/22/2016,FLG,AZ,AWP,WE,Federal Contract Tower,0,18,7,0,25,0,19,28,2,49,0,37,35,2,74,4,0,4,78
03/23/2016,FLG,AZ,AWP,WE,Federal Contract Tower,0,17,11,0,28,0,29,59,0,88,0,46,70,0,116,18,0,18,134
03/24/2016,FLG,AZ,AWP,WE,Federal Contract Tower,0,14,1,2,17,0,27,79,0,106,0,41,80,2,123,66,0,66,189
03/25/2016,FLG,AZ,AWP,WE,Federal Contract Tower,0,15,4,0,19,0,29,61,6,96,0,44,65,6,115,42,18,60,175
03/26/2016,FLG,AZ,AWP,WE,Federal Contract Tower,0,12,1,0,13,0,17,44,0,61,0,29,45,0,74,8,0,8,82
03/27/2016,FLG,AZ,AWP,WE,Federal Contract Tower,0,12,5,5,22,0,10,41,3,54,0,22,46,8,76,0,0,0,76
03/28/2016,FLG,AZ,AWP,WE,Federal Contract Tower,0,15,1,0,16,0,11,33,2,46,0,26,34,2,62,24,0,24,86
03/29/2016,FLG,AZ,AWP,WE,Federal Contract Tower,0,22,4,2,28,0,6,3,0,9,0,28,7,2,37,0,0,0,37
03/30/2016,FLG,AZ,AWP,WE,Federal Contract Tower,0,24,5,1,30,0,14,35,1,50,0,38,40,2,80,14,8,22,102
03/31/2016,FLG,AZ,AWP,WE,Federal Contract Tower,0,23,8,0,31,0,26,59,0,85,0,49,67,0,116,48,0,48,164
04/01/2016,FLG,AZ,AWP,WE,Federal Contract Tower,0,22,5,0,27,0,28,49,0,77,0,50,54,0,104,10,0,10,114
04/02/2016,FLG,AZ,AWP,WE,Federal Contract Tower,0,20,3,0,23,0,29,54,7,90,0,49,57,7,113,44,0,44,157
04/03/2016,FLG,AZ,AWP,WE,Federal Contract Tower,0,19,5,0,24,0,23,70,0,93,0,42,75,0,117,40,0,40,157
04/04/2016,FLG,AZ,AWP,WE,Federal Contract Tower,0,17,9,0,26,0,26,61,0,87,0,43,70,0,113,28,0,28,141
04/05/2016,FLG,AZ,AWP,WE,Federal Contract Tower,0,17,9,2,28,0,32,72,2,106,0,49,81,4,134,40,0,40,174
04/06/2016,FLG,AZ,AWP,WE,Federal Contract Tower,0,16,5,2,23,0,28,93,0,121,0,44,98,2,144,74,0,74,218
04/07/2016,FLG,AZ,AWP,WE,Federal Contract Tower,0,21,4,0,25,0,24,76,2,102,0,45,80,2,127,90,0,90,217
04/08/2016,FLG,AZ,AWP,WE,Federal Contract Tower,0,20,8,2,30,0,11,8,0,19,0,31,16,2,49,0,0,0,49
04/09/2016,FLG,AZ,AWP,WE,Federal Contract Tower,0,17,29,1,47,0,7,42,0,49,0,24,71,1,96,28,0,28,124
04/10/2016,FLG,AZ,AWP,WE,Federal Contract Tower,0,23,13,0,36,0,4,23,0,27,0,27,36,0,63,14,0,14,77
04/11/2016,FLG,AZ,AWP,WE,Federal Contract Tower,0,18,6,0,24,0,28,12,0,40,0,46,18,0,64,44,0,44,108
04/12/2016,FLG,AZ,AWP,WE,Federal Contract Tower,0,16,21,0,37,0,22,45,0,67,0,38,66,0,104,48,0,48,152
04/13/2016,FLG,AZ,AWP,WE,Federal Contract Tower,0,17,9,0,26,0,29,70,0,99,0,46,79,0,125,44,0,44,169
04/14/2016,FLG,AZ,AWP,WE,Federal Contract Tower,0,19,17,1,37,0,28,74,5,107,0,47,91,6,144,36,4,40,184
04/15/2016,FLG,AZ,AWP,WE,Federal Contract Tower,0,21,9,0,30,0,15,37,0,52,0,36,46,0,82,46,0,46,128
04/16/2016,FLG,AZ,AWP,WE,Federal Contract Tower,0,11,3,0,14,0,3,45,2,50,0,14,48,2,64,52,0,52,116
04/17/2016,FLG,AZ,AWP,WE,Federal Contract Tower,0,20,6,0,26,0,21,48,0,69,0,41,54,0,95,16,0,16,111
04/18/2016,FLG,AZ,AWP,WE,Federal Contract Tower,0,21,9,2,32,0,28,53,3,84,0,49,62,5,116,40,0,40,156
04/19/2016,FLG,AZ,AWP,WE,Federal Contract Tower,0,22,5,1,28,0,33,67,1,101,0,55,72,2,129,60,0,60,189
04/20/2016,FLG,AZ,AWP,WE,Federal Contract Tower,0,14,7,2,23,0,19,51,3,73,0,33,58,5,96,30,0,30,126
04/21/2016,FLG,AZ,AWP,WE,Federal Contract Tower,0,21,10,2,33,0,30,88,0,118,0,51,98,2,151,52,0,52,203
04/22/2016,FLG,AZ,AWP,WE,Federal Contract Tower,0,19,8,0,27,0,22,49,0,71,0,41,57,0,98,16,0,16,114
04/23/2016,FLG,AZ,AWP,WE,Federal Contract Tower,0,12,4,0,16,0,10,20,2,32,0,22,24,2,48,2,0,2,50
04/24/2016,FLG,AZ,AWP,WE,Federal Contract Tower,0,18,6,0,24,0,26,67,0,93,0,44,73,0,117,40,0,40,157
04/25/2016,FLG,AZ,AWP,WE,Federal Contract Tower,0,18,13,0,31,0,20,13,0,33,0,38,26,0,64,8,0,8,72
04/26/2016,FLG,AZ,AWP,WE,Federal Contract Tower,0,19,5,3,27,0,25,39,7,71,0,44,44,10,98,30,6,36,134
04/27/2016,FLG,AZ,AWP,WE,Federal Contract Tower,0,15,2,0,17,0,22,37,0,59,0,37,39,0,76,46,0,46,122
04/28/2016,FLG,AZ,AWP,WE,Federal Contract Tower,0,24,3,2,29,0,19,35,0,54,0,43,38,2,83,24,0,24,107
04/29/2016,FLG,AZ,AWP,WE,Federal Contract Tower,0,16,8,0,24,0,9,27,0,36,0,25,35,0,60,0,0,0,60
04/30/2016,FLG,AZ,AWP,WE,Federal Contract Tower,0,10,6,0,16,0,3,15,0,18,0,13,21,0,34,34,0,34,68
05/01/2016,FLG,AZ,AWP,WE,Federal Contract Tower,0,14,19,0,33,0,0,1,0,1,0,14,20,0,34,0,0,0,34
05/02/2016,FLG,AZ,AWP,WE,Federal Contract Tower,0,16,14,0,30,0,3,34,0,37,0,19,48,0,67,0,0,0,67
05/03/2016,FLG,AZ,AWP,WE,Federal Contract Tower,0,15,6,0,21,0,19,51,0,70,0,34,57,0,91,0,0,0,91
05/04/2016,FLG,AZ,AWP,WE,Federal Contract Tower,2,16,4,2,24,0,35,72,0,107,2,51,76,2,131,38,0,38,169
05/05/2016,FLG,AZ,AWP,WE,Federal Contract Tower,0,11,7,0,18,0,31,52,0,83,0,42,59,0,101,60,0,60,161
05/06/2016,FLG,AZ,AWP,WE,Federal Contract Tower,0,16,12,2,30,0,23,45,0,68,0,39,57,2,98,40,0,40,138
05/07/2016,FLG,AZ,AWP,WE,Federal Contract Tower,0,14,3,0,17,0,15,4,0,19,0,29,7,0,36,2,0,2,38
05/08/2016,FLG,AZ,AWP,WE,Federal Contract Tower,0,12,6,0,18,0,11,18,0,29,0,23,24,0,47,0,0,0,47
05/09/2016,FLG,AZ,AWP,WE,Federal Contract Tower,0,15,7,2,24,0,14,72,2,88,0,29,79,4,112,32,16,48,160
05/10/2016,FLG,AZ,AWP,WE,Federal Contract Tower,0,22,2,2,26,0,26,68,0,94,0,48,70,2,120,24,0,24,144
05/11/2016,FLG,AZ,AWP,WE,Federal Contract Tower,0,20,7,3,30,0,24,86,0,110,0,44,93,3,140,0,0,0,140
05/12/2016,FLG,AZ,AWP,WE,Federal Contract Tower,0,20,11,2,33,0,21,81,0,102,0,41,92,2,135,58,2,60,195
05/13/2016,FLG,AZ,AWP,WE,Federal Contract Tower,0,18,11,0,29,0,32,77,3,112,0,50,88,3,141,36,0,36,177
05/14/2016,FLG,AZ,AWP,WE,Federal Contract Tower,0,13,2,0,15,0,12,46,2,60,0,25,48,2,75,16,0,16,91
05/15/2016,FLG,AZ,AWP,WE,Federal Contract Tower,0,18,5,1,24,0,39,55,4,98,0,57,60,5,122,8,0,8,130
05/16/2016,FLG,AZ,AWP,WE,Federal Contract Tower,0,18,13,0,31,0,19,32,3,54,0,37,45,3,85,2,0,2,87
05/17/2016,FLG,AZ,AWP,WE,Federal Contract Tower,0,19,12,0,31,0,17,30,0,47,0,36,42,0,78,10,0,10,88
05/18/2016,FLG,AZ,AWP,WE,Federal Contract Tower,0,22,3,0,25,0,22,21,2,45,0,44,24,2,70,14,0,14,84
05/19/2016,FLG,AZ,AWP,WE,Federal Contract Tower,0,20,15,0,35,0,30,70,2,102,0,50,85,2,137,54,2,56,193
05/20/2016,FLG,AZ,AWP,WE,Federal Contract Tower,0,13,6,0,19,0,18,50,1,69,0,31,56,1,88,4,0,4,92
05/21/2016,FLG,AZ,AWP,WE,Federal Contract Tower,0,12,6,0,18,0,20,19,4,43,0,32,25,4,61,8,0,8,69
05/22/2016,FLG,AZ,AWP,WE,Federal Contract Tower,0,18,7,0,25,0,23,61,0,84,0,41,68,0,109,18,0,18,127
05/23/2016,FLG,AZ,AWP,WE,Federal Contract Tower,0,17,7,2,26,0,28,56,5,89,0,45,63,7,115,12,0,12,127
05/24/2016,FLG,AZ,AWP,WE,Federal Contract Tower,0,16,12,4,32,0,28,51,2,81,0,44,63,6,113,30,0,30,143
05/25/2016,FLG,AZ,AWP,WE,Federal Contract Tower,0,18,6,2,26,0,35,48,0,83,0,53,54,2,109,0,0,0,109
05/26/2016,FLG,AZ,AWP,WE,Federal Contract Tower,0,23,10,0,33,0,31,49,0,80,0,54,59,0,113,38,0,38,151
05/27/2016,FLG,AZ,AWP,WE,Federal Contract Tower,0,17,14,2,33,0,43,76,0,119,0,60,90,2,152,18,0,18,170
05/28/2016,FLG,AZ,AWP,WE,Federal Contract Tower,0,16,2,0,18,0,13,53,2,68,0,29,55,2,86,16,0,16,102
05/29/2016,FLG,AZ,AWP,WE,Federal Contract Tower,0,17,5,0,22,0,23,69,0,92,0,40,74,0,114,0,0,0,114
05/30/2016,FLG,AZ,AWP,WE,Federal Contract Tower,0,19,8,0,27,0,43,68,0,111,0,62,76,0,138,24,0,24,162
05/31/2016,FLG,AZ,AWP,WE,Federal Contract Tower,0,21,8,0,29,0,39,53,0,92,0,60,61,0,121,12,0,12,133
06/01/2016,FLG,AZ,AWP,WE,Federal Contract Tower,0,17,11,0,28,0,34,41,0,75,0,51,52,0,103,10,0,10,113
06/02/2016,FLG,AZ,AWP,WE,Federal Contract Tower,0,22,9,5,36,0,29,78,1,108,0,51,87,6,144,54,0,54,198
06/03/2016,FLG,AZ,AWP,WE,Federal Contract Tower,0,20,11,0,31,0,18,63,0,81,0,38,74,0,112,8,0,8,120
06/04/2016,FLG,AZ,AWP,WE,Federal Contract Tower,0,15,7,0,22,0,20,49,0,69,0,35,56,0,91,24,0,24,115
06/05/2016,FLG,AZ,AWP,WE,Federal Contract Tower,0,21,14,0,35,0,29,73,8,110,0,50,87,8,145,16,0,16,161
06/06/2016,FLG,AZ,AWP,WE,Federal Contract Tower,0,17,16,0,33,0,35,59,0,94,0,52,75,0,127,16,0,16,143
06/07/2016,FLG,AZ,AWP,WE,Federal Contract Tower,0,19,6,0,25,0,44,61,2,107,0,63,67,2,132,62,0,62,194
06/08/2016,FLG,AZ,AWP,WE,Federal Contract Tower,0,20,10,1,31,0,33,83,0,116,0,53,93,1,147,34,0,34,181
06/09/2016,FLG,AZ,AWP,WE,Federal Contract Tower,0,16,6,3,25,0,35,75,2,112,0,51,81,5,137,14,0,14,151
06/10/2016,FLG,AZ,AWP,WE,Federal Contract Tower,0,19,12,0,31,0,41,61,2,104,0,60,73,2,135,10,0,10,145
06/11/2016,FLG,AZ,AWP,WE,Federal Contract Tower,0,17,7,0,24,0,19,67,2,88,0,36,74,2,112,50,0,50,162
06/12/2016,FLG,AZ,AWP,WE,Federal Contract Tower,0,20,10,0,30,0,17,60,0,77,0,37,70,0,107,12,0,12,119
06/13/2016,FLG,AZ,AWP,WE,Federal Contract Tower,0,21,15,2,38,0,27,50,0,77,0,48,65,2,115,8,0,8,123
06/14/2016,FLG,AZ,AWP,WE,Federal Contract Tower,0,18,4,2,24,0,30,65,0,95,0,48,69,2,119,26,0,26,145
06/15/2016,FLG,AZ,AWP,WE,Federal Contract Tower,0,15,4,4,23,0,33,40,4,77,0,48,44,8,100,12,0,12,112
06/16/2016,FLG,AZ,AWP,WE,Federal Contract Tower,0,21,6,1,28,0,27,46,1,74,0,48,52,2,102,14,2,16,118
06/17/2016,FLG,AZ,AWP,WE,Federal Contract Tower,0,21,11,1,33,0,30,80,1,111,0,51,91,2,144,46,0,46,190
06/18/2016,FLG,AZ,AWP,WE,Federal Contract Tower,0,17,12,0,29,0,20,53,2,75,0,37,65,2,104,30,0,30,134
06/19/2016,FLG,AZ,AWP,WE,Federal Contract Tower,0,22,7,0,29,0,29,74,2,105,0,51,81,2,134,4,0,4,138
06/20/2016,FLG,AZ,AWP,WE,Federal Contract Tower,0,22,21,1,44,0,30,61,3,94,0,52,82,4,138,20,0,20,158
06/21/2016,FLG,AZ,AWP,WE,Federal Contract Tower,0,22,10,2,34,0,28,60,0,88,0,50,70,2,122,10,0,10,132
06/22/2016,FLG,AZ,AWP,WE,Federal Contract Tower,0,19,11,4,34,0,49,59,0,108,0,68,70,4,142,56,0,56,198
06/23/2016,FLG,AZ,AWP,WE,Federal Contract Tower,0,17,18,4,39,0,37,77,0,114,0,54,95,4,153,74,4,78,231
06/24/2016,FLG,AZ,AWP,WE,Federal Contract Tower,0,19,5,0,24,0,35,84,0,119,0,54,89,0,143,40,0,40,183
06/25/2016,FLG,AZ,AWP,WE,Federal Contract Tower,0,20,6,0,26,0,21,80,0,101,0,41,86,0,127,50,0,50,177
06/26/2016,FLG,AZ,AWP,WE,Federal Contract Tower,0,19,7,0,26,0,29,84,0,113,0,48,91,0,139,60,0,60,199
06/27/2016,FLG,AZ,AWP,WE,Federal Contract Tower,0,14,6,0,20,0,19,53,0,72,0,33,59,0,92,6,0,6,98
06/28/2016,FLG,AZ,AWP,WE,Federal Contract Tower,0,22,12,0,34,0,29,54,3,86,0,51,66,3,120,34,0,34,154
06/29/2016,FLG,AZ,AWP,WE,Federal Contract Tower,0,13,3,1,17,0,31,46,2,79,0,44,49,3,96,6,2,8,104
06/30/2016,FLG,AZ,AWP,WE,Federal Contract Tower,0,18,6,2,26,0,31,50,5,86,0,49,56,7,112,18,0,18,130
07/01/2016,FLG,AZ,AWP,WE,Federal Contract Tower,0,16,5,0,21,0,33,56,0,89,0,49,61,0,110,40,0,40,150
07/02/2016,FLG,AZ,AWP,WE,Federal Contract Tower,0,15,6,0,21,0,19,34,0,53,0,34,40,0,74,16,0,16,90
07/03/2016,FLG,AZ,AWP,WE,Federal Contract Tower,0,15,8,0,23,0,27,67,0,94,0,42,75,0,117,18,0,18,135
07/04/2016,FLG,AZ,AWP,WE,Federal Contract Tower,0,20,3,0,23,0,21,66,0,87,0,41,69,0,110,2,0,2,112
07/05/2016,FLG,AZ,AWP,WE,Federal Contract Tower,0,23,10,1,34,0,36,58,2,96,0,59,68,3,130,0,0,0,130
07/06/2016,FLG,AZ,AWP,WE,Federal Contract Tower,0,22,4,0,26,0,34,49,2,85,0,56,53,2,111,18,4,22,133
07/07/2016,FLG,AZ,AWP,WE,Federal Contract Tower,0,20,10,5,35,0,31,85,5,121,0,51,95,10,156,36,2,38,194
07/08/2016,FLG,AZ,AWP,WE,Federal Contract Tower,0,19,14,0,33,0,41,87,2,130,0,60,101,2,163,12,0,12,175
07/09/2016,FLG,AZ,AWP,WE,Federal Contract Tower,0,13,5,0,18,0,11,55,0,66,0,24,60,0,84,22,0,22,106
07/10/2016,FLG,AZ,AWP,WE,Federal Contract Tower,0,21,11,0,32,0,24,61,0,85,0,45,72,0,117,30,0,30,147
07/11/2016,FLG,AZ,AWP,WE,Federal Contract Tower,0,25,8,4,37,0,24,52,0,76,0,49,60,4,113,50,0,50,163
07/12/2016,FLG,AZ,AWP,WE,Federal Contract Tower,0,23,4,0,27,0,33,84,0,117,0,56,88,0,144,74,24,98,242
07/13/2016,FLG,AZ,AWP,WE,Federal Contract Tower,0,20,2,0,22,0,32,66,0,98,0,52,68,0,120,34,0,34,154
07/14/2016,FLG,AZ,AWP,WE,Federal Contract Tower,0,23,10,4,37,0,33,64,0,97,0,56,74,4,134,54,0,54,188
07/15/2016,FLG,AZ,AWP,WE,Federal Contract Tower,0,23,7,2,32,0,45,71,0,116,0,68,78,2,148,28,0,28,176
07/16/2016,FLG,AZ,AWP,WE,Federal Contract Tower,0,20,12,0,32,0,40,64,0,104,0,60,76,0,136,18,0,18,154
07/17/2016,FLG,AZ,AWP,WE,Federal Contract Tower,0,20,8,0,28,0,26,75,0,101,0,46,83,0,129,12,0,12,141
07/18/2016,FLG,AZ,AWP,WE,Federal Contract Tower,0,22,4,0,26,0,28,49,0,77,0,50,53,0,103,14,0,14,117
07/19/2016,FLG,AZ,AWP,WE,Federal Contract Tower,0,16,4,0,20,0,19,30,2,51,0,35,34,2,71,22,0,22,93
07/20/2016,FLG,AZ,AWP,WE,Federal Contract Tower,0,21,5,0,26,0,19,40,0,59,0,40,45,0,85,2,0,2,87
07/21/2016,FLG,AZ,AWP,WE,Federal Contract Tower,0,17,11,2,30,0,24,54,2,80,0,41,65,4,110,48,20,68,178
07/22/2016,FLG,AZ,AWP,WE,Federal Contract Tower,0,23,13,0,36,0,36,72,4,112,0,59,85,4,148,36,0,36,184
07/23/2016,FLG,AZ,AWP,WE,Federal Contract Tower,0,16,6,0,22,0,12,57,0,69,0,28,63,0,91,12,0,12,103
07/24/2016,FLG,AZ,AWP,WE,Federal Contract Tower,0,19,12,0,31,0,22,39,0,61,0,41,51,0,92,16,0,16,108
07/25/2016,FLG,AZ,AWP,WE,Federal Contract Tower,0,20,5,0,25,0,21,43,2,66,0,41,48,2,91,6,0,6,97
07/26/2016,FLG,AZ,AWP,WE,Federal Contract Tower,0,17,5,0,22,0,36,26,2,64,0,53,31,2,86,0,10,10,96
07/27/2016,FLG,AZ,AWP,WE,Federal Contract Tower,0,24,4,0,28,0,37,42,7,86,0,61,46,7,114,12,0,12,126
07/28/2016,FLG,AZ,AWP,WE,Federal Contract Tower,0,15,7,1,23,0,27,57,2,86,0,42,64,3,109,2,14,16,125
07/29/2016,FLG,AZ,AWP,WE,Federal Contract Tower,0,10,6,3,19,0,28,70,0,98,0,38,76,3,117,16,0,16,133
07/30/2016,FLG,AZ,AWP,WE,Federal Contract Tower,0,14,7,0,21,0,19,64,0,83,0,33,71,0,104,2,0,2,106
07/31/2016,FLG,AZ,AWP,WE,Federal Contract Tower,0,15,7,2,24,0,9,30,0,39,0,24,37,2,63,14,0,14,77
08/01/2016,FLG,AZ,AWP,WE,Federal Contract Tower,0,15,6,0,21,0,35,45,0,80,0,50,51,0,101,0,0,0,101
08/02/2016,FLG,AZ,AWP,WE,Federal Contract Tower,0,20,4,0,24,0,25,20,0,45,0,45,24,0,69,18,0,18,87
08/03/2016,FLG,AZ,AWP,WE,Federal Contract Tower,0,18,8,0,26,0,13,21,0,34,0,31,29,0,60,0,0,0,60
08/04/2016,FLG,AZ,AWP,WE,Federal Contract Tower,0,14,7,0,21,0,29,51,0,80,0,43,58,0,101,46,0,46,147
08/05/2016,FLG,AZ,AWP,WE,Federal Contract Tower,0,18,17,2,37,0,30,57,0,87,0,48,74,2,124,24,0,24,148
08/06/2016,FLG,AZ,AWP,WE,Federal Contract Tower,0,23,9,0,32,0,30,60,6,96,0,53,69,6,128,68,12,80,208
08/07/2016,FLG,AZ,AWP,WE,Federal Contract Tower,0,20,4,0,24,0,27,75,0,102,0,47,79,0,126,48,0,48,174
08/08/2016,FLG,AZ,AWP,WE,Federal Contract Tower,0,18,12,0,30,0,20,75,0,95,0,38,87,0,125,56,0,56,181
08/09/2016,FLG,AZ,AWP,WE,Federal Contract Tower,0,21,5,0,26,0,19,67,0,86,0,40,72,0,112,46,0,46,158
08/10/2016,FLG,AZ,AWP,WE,Federal Contract Tower,0,20,6,2,28,0,23,42,0,65,0,43,48,2,93,20,0,20,113
08/11/2016,FLG,AZ,AWP,WE,Federal Contract Tower,0,18,11,2,31,0,30,66,8,104,0,48,77,10,135,72,0,72,207
08/12/2016,FLG,AZ,AWP,WE,Federal Contract Tower,0,16,6,1,23,0,31,73,0,104,0,47,79,1,127,88,6,94,221
08/13/2016,FLG,AZ,AWP,WE,Federal Contract Tower,0,13,10,0,23,0,18,61,2,81,0,31,71,2,104,52,0,52,156
08/14/2016,FLG,AZ,AWP,WE,Federal Contract Tower,0,19,7,0,26,0,16,92,0,108,0,35,99,0,134,62,0,62,196
08/15/2016,FLG,AZ,AWP,WE,Federal Contract Tower,0,20,5,1,26,0,36,49,32,117,0,56,54,33,143,8,2,10,153
08/16/2016,FLG,AZ,AWP,WE,Federal Contract Tower,0,26,6,2,34,0,42,53,0,95,0,68,59,2,129,34,0,34,163
08/17/2016,FLG,AZ,AWP,WE,Federal Contract Tower,0,18,4,0,22,0,40,66,3,109,0,58,70,3,131,88,0,88,219
08/18/2016,FLG,AZ,AWP,WE,Federal Contract Tower,0,24,14,0,38,0,20,61,0,81,0,44,75,0,119,50,0,50,169
08/19/2016,FLG,AZ,AWP,WE,Federal Contract Tower,0,19,10,1,30,0,21,62,11,94,0,40,72,12,124,26,0,26,150
08/20/2016,FLG,AZ,AWP,WE,Federal Contract Tower,0,18,5,0,23,0,16,39,2,57,0,34,44,2,80,28,0,28,108
08/21/2016,FLG,AZ,AWP,WE,Federal Contract Tower,0,27,11,0,38,0,29,73,4,106,0,56,84,4,144,22,0,22,166
08/22/2016,FLG,AZ,AWP,WE,Federal Contract Tower,0,23,13,1,37,0,28,50,1,79,0,51,63,2,116,50,12,62,178
08/23/2016,FLG,AZ,AWP,WE,Federal Contract Tower,0,16,7,4,27,0,26,48,4,78,0,42,55,8,105,38,0,38,143
08/24/2016,FLG,AZ,AWP,WE,Federal Contract Tower,0,21,2,0,23,0,25,43,0,68,0,46,45,0,91,60,0,60,151
08/25/2016,FLG,AZ,AWP,WE,Federal Contract Tower,0,20,11,0,31,0,22,67,2,91,0,42,78,2,122,76,4,80,202
08/26/2016,FLG,AZ,AWP,WE,Federal Contract Tower,0,20,8,4,32,0,22,81,2,105,0,42,89,6,137,32,0,32,169
08/27/2016,FLG,AZ,AWP,WE,Federal Contract Tower,0,15,3,0,18,0,5,90,0,95,0,20,93,0,113,98,2,100,213
08/28/2016,FLG,AZ,AWP,WE,Federal Contract Tower,0,21,6,0,27,0,18,71,0,89,0,39,77,0,116,26,0,26,142
08/29/2016,FLG,AZ,AWP,WE,Federal Contract Tower,0,26,17,1,44,0,31,76,0,107,0,57,93,1,151,30,0,30,181
08/30/2016,FLG,AZ,AWP,WE,Federal Contract Tower,0,13,8,0,21,0,20,63,4,87,0,33,71,4,108,42,0,42,150
08/31/2016,FLG,AZ,AWP,WE,Federal Contract Tower,0,22,1,3,26,0,0,0,0,0,0,22,1,3,26,60,0,60,86
09/01/2016,FLG,AZ,AWP,WE,Federal Contract Tower,0,21,14,0,35,0,43,58,1,102,0,64,72,1,137,42,0,42,179
09/02/2016,FLG,AZ,AWP,WE,Federal Contract Tower,0,21,4,0,25,0,35,68,2,105,0,56,72,2,130,38,0,38,168
09/03/2016,FLG,AZ,AWP,WE,Federal Contract Tower,0,11,3,0,14,0,12,60,0,72,0,23,63,0,86,0,0,0,86
09/04/2016,FLG,AZ,AWP,WE,Federal Contract Tower,0,19,5,0,24,0,17,55,0,72,0,36,60,0,96,6,0,6,102
09/05/2016,FLG,AZ,AWP,WE,Federal Contract Tower,0,19,9,0,28,0,25,55,0,80,0,44,64,0,108,6,0,6,114
09/06/2016,FLG,AZ,AWP,WE,Federal Contract Tower,0,16,10,0,26,0,29,73,2,104,0,45,83,2,130,32,0,32,162
09/07/2016,FLG,AZ,AWP,WE,Federal Contract Tower,0,21,10,0,31,0,33,52,2,87,0,54,62,2,118,34,0,34,152
09/08/2016,FLG,AZ,AWP,WE,Federal Contract Tower,0,22,12,0,34,0,40,57,0,97,0,62,69,0,131,36,0,36,167
09/09/2016,FLG,AZ,AWP,WE,Federal Contract Tower,2,18,5,0,25,0,16,78,2,96,2,34,83,2,121,58,0,58,179
09/10/2016,FLG,AZ,AWP,WE,Federal Contract Tower,0,13,2,0,15,0,10,58,2,70,0,23,60,2,85,6,0,6,91
09/11/2016,FLG,AZ,AWP,WE,Federal Contract Tower,0,24,9,0,33,0,17,64,1,82,0,41,73,1,115,24,2,26,141
09/12/2016,FLG,AZ,AWP,WE,Federal Contract Tower,0,15,5,3,23,0,24,35,1,60,0,39,40,4,83,12,10,22,105
09/13/2016,FLG,AZ,AWP,WE,Federal Contract Tower,0,21,4,0,25,0,33,40,0,73,0,54,44,0,98,0,0,0,98
09/14/2016,FLG,AZ,AWP,WE,Federal Contract Tower,0,27,11,7,45,0,31,45,0,76,0,58,56,7,121,58,0,58,179
09/15/2016,FLG,AZ,AWP,WE,Federal Contract Tower,0,19,5,1,25,0,40,67,0,107,0,59,72,1,132,78,10,88,220
09/16/2016,FLG,AZ,AWP,WE,Federal Contract Tower,0,25,7,4,36,0,35,90,0,125,0,60,97,4,161,54,0,54,215
09/17/2016,FLG,AZ,AWP,WE,Federal Contract Tower,0,16,9,0,25,0,19,69,0,88,0,35,78,0,113,14,0,14,127
09/18/2016,FLG,AZ,AWP,WE,Federal Contract Tower,0,19,18,0,37,0,19,46,0,65,0,38,64,0,102,4,0,4,106
09/19/2016,FLG,AZ,AWP,WE,Federal Contract Tower,0,15,9,0,24,0,10,73,0,83,0,25,82,0,107,8,0,8,115
09/20/2016,FLG,AZ,AWP,WE,Federal Contract Tower,0,21,16,0,37,0,6,9,4,19,0,27,25,4,56,0,0,0,56
09/21/2016,FLG,AZ,AWP,WE,Federal Contract Tower,0,13,6,0,19,0,16,32,0,48,0,29,38,0,67,2,0,2,69
09/22/2016,FLG,AZ,AWP,WE,Federal Contract Tower,0,22,14,4,40,0,10,11,0,21,0,32,25,4,61,0,0,0,61
09/23/2016,FLG,AZ,AWP,WE,Federal Contract Tower,0,22,10,0,32,0,33,83,0,116,0,55,93,0,148,58,0,58,206
09/24/2016,FLG,AZ,AWP,WE,Federal Contract Tower,0,20,4,0,24,0,28,59,0,87,0,48,63,0,111,22,0,22,133
09/25/2016,FLG,AZ,AWP,WE,Federal Contract Tower,0,20,9,0,29,0,9,51,0,60,0,29,60,0,89,30,0,30,119
09/26/2016,FLG,AZ,AWP,WE,Federal Contract Tower,0,21,12,1,34,0,31,49,3,83,0,52,61,4,117,28,0,28,145
09/27/2016,FLG,AZ,AWP,WE,Federal Contract Tower,0,27,2,0,29,0,41,39,0,80,0,68,41,0,109,20,0,20,129
09/28/2016,FLG,AZ,AWP,WE,Federal Contract Tower,0,20,11,0,31,0,21,46,0,67,0,41,57,0,98,32,0,32,130
09/29/2016,FLG,AZ,AWP,WE,Federal Contract Tower,0,23,16,0,39,0,28,20,8,56,0,51,36,8,95,56,0,56,151
09/30/2016,FLG,AZ,AWP,WE,Federal Contract Tower,0,21,13,2,36,0,16,64,0,80,0,37,77,2,116,58,0,58,174
10/01/2016,FLG,AZ,AWP,WE,Federal Contract Tower,0,14,8,0,22,0,9,66,0,75,0,23,74,0,97,18,0,18,115
10/02/2016,FLG,AZ,AWP,WE,Federal Contract Tower,0,15,12,0,27,0,18,62,0,80,0,33,74,0,107,24,0,24,131
10/03/2016,FLG,AZ,AWP,WE,Federal Contract Tower,0,15,6,0,21,0,19,34,0,53,0,34,40,0,74,14,0,14,88
10/04/2016,FLG,AZ,AWP,WE,Federal Contract Tower,0,20,4,0,24,0,33,67,0,100,0,53,71,0,124,38,0,38,162
10/05/2016,FLG,AZ,AWP,WE,Federal Contract Tower,0,18,6,0,24,0,24,55,0,79,0,42,61,0,103,4,0,4,107
10/06/2016,FLG,AZ,AWP,WE,Federal Contract Tower,0,18,6,4,28,0,34,68,0,102,0,52,74,4,130,78,14,92,222
10/07/2016,FLG,AZ,AWP,WE,Federal Contract Tower,2,14,5,0,21,0,22,65,0,87,2,36,70,0,108,20,0,20,128
10/08/2016,FLG,AZ,AWP,WE,Federal Contract Tower,0,13,7,0,20,0,12,31,0,43,0,25,38,0,63,8,0,8,71
10/09/2016,FLG,AZ,AWP,WE,Federal Contract Tower,0,10,12,1,23,0,9,57,1,67,0,19,69,2,90,18,0,18,108
10/10/2016,FLG,AZ,AWP,WE,Federal Contract Tower,0,18,4,0,22,0,25,65,1,91,0,43,69,1,113,34,0,34,147
10/11/2016,FLG,AZ,AWP,WE,Federal Contract Tower,0,23,6,3,32,0,25,65,2,92,0,48,71,5,124,0,4,4,128
10/12/2016,FLG,AZ,AWP,WE,Federal Contract Tower,0,22,9,0,31,0,30,73,0,103,0,52,82,0,134,52,0,52,186
10/13/2016,FLG,AZ,AWP,WE,Federal Contract Tower,0,18,6,1,25,0,26,66,1,93,0,44,72,2,118,22,10,32,150
10/14/2016,FLG,AZ,AWP,WE,Federal Contract Tower,0,15,8,4,27,0,27,59,0,86,0,42,67,4,113,44,0,44,157
10/15/2016,FLG,AZ,AWP,WE,Federal Contract Tower,0,12,3,0,15,0,12,32,2,46,0,24,35,2,61,4,0,4,65
10/16/2016,FLG,AZ,AWP,WE,Federal Contract Tower,0,19,10,0,29,0,6,57,0,63,0,25,67,0,92,12,0,12,104
10/17/2016,FLG,AZ,AWP,WE,Federal Contract Tower,0,23,9,0,32,0,20,40,0,60,0,43,49,0,92,6,0,6,98
10/18/2016,FLG,AZ,AWP,WE,Federal Contract Tower,0,24,5,2,31,0,25,45,0,70,0,49,50,2,101,22,0,22,123
10/19/2016,FLG,AZ,AWP,WE,Federal Contract Tower,0,20,4,0,24,0,30,55,0,85,0,50,59,0,109,28,0,28,137
10/20/2016,FLG,AZ,AWP,WE,Federal Contract Tower,0,13,4,4,21,0,32,57,0,89,0,45,61,4,110,10,0,10,120
10/21/2016,FLG,AZ,AWP,WE,Federal Contract Tower,0,17,7,1,25,0,14,53,1,68,0,31,60,2,93,50,2,52,145
10/22/2016,FLG,AZ,AWP,WE,Federal Contract Tower,0,15,9,0,24,0,13,73,0,86,0,28,82,0,110,4,0,4,114
10/23/2016,FLG,AZ,AWP,WE,Federal Contract Tower,0,13,10,0,23,0,11,45,0,56,0,24,55,0,79,6,0,6,85
10/24/2016,FLG,AZ,AWP,WE,Federal Contract Tower,0,13,7,1,21,0,6,32,3,41,0,19,39,4,62,16,2,18,80
10/25/2016,FLG,AZ,AWP,WE,Federal Contract Tower,0,11,5,4,20,0,12,23,0,35,0,23,28,4,55,4,0,4,59
10/26/2016,FLG,AZ,AWP,WE,Federal Contract Tower,0,13,3,2,18,0,28,81,0,109,0,41,84,2,127,100,0,100,227
10/27/2016,FLG,AZ,AWP,WE,Federal Contract Tower,0,17,5,0,22,0,16,73,0,89,0,33,78,0,111,70,0,70,181
10/28/2016,FLG,AZ,AWP,WE,Federal Contract Tower,0,16,12,1,29,0,24,58,3,85,0,40,70,4,114,20,0,20,134
10/29/2016,FLG,AZ,AWP,WE,Federal Contract Tower,0,12,3,0,15,0,6,55,1,62,0,18,58,1,77,2,0,2,79
10/30/2016,FLG,AZ,AWP,WE,Federal Contract Tower,0,14,10,0,24,0,10,42,0,52,0,24,52,0,76,44,0,44,120
10/31/2016,FLG,AZ,AWP,WE,Federal Contract Tower,0,17,6,0,23,0,24,52,0,76,0,41,58,0,99,12,0,12,111
11/01/2016,FLG,AZ,AWP,WE,Federal Contract Tower,0,19,6,0,25,0,19,38,0,57,0,38,44,0,82,14,0,14,96
11/02/2016,FLG,AZ,AWP,WE,Federal Contract Tower,0,20,7,0,27,0,30,63,0,93,0,50,70,0,120,34,0,34,154
11/03/2016,FLG,AZ,AWP,WE,Federal Contract Tower,0,20,4,0,24,0,21,26,0,47,0,41,30,0,71,8,0,8,79
11/04/2016,FLG,AZ,AWP,WE,Federal Contract Tower,2,16,5,4,27,0,21,19,1,41,2,37,24,5,68,30,2,32,100
11/05/2016,FLG,AZ,AWP,WE,Federal Contract Tower,1,15,5,0,21,0,11,27,5,43,1,26,32,5,64,2,0,2,66
11/06/2016,FLG,AZ,AWP,WE,Federal Contract Tower,0,11,6,1,18,0,25,56,1,82,0,36,62,2,100,10,0,10,110
11/07/2016,FLG,AZ,AWP,WE,Federal Contract Tower,0,20,11,2,33,0,22,59,0,81,0,42,70,2,114,54,0,54,168
11/08/2016,FLG,AZ,AWP,WE,Federal Contract Tower,0,18,5,4,27,0,16,66,2,84,0,34,71,6,111,64,8,72,183
11/09/2016,FLG,AZ,AWP,WE,Federal Contract Tower,0,19,4,0,23,0,33,60,1,94,0,52,64,1,117,72,0,72,189
11/10/2016,FLG,AZ,AWP,WE,Federal Contract Tower,0,21,1,2,24,0,23,57,0,80,0,44,58,2,104,60,0,60,164
11/11/2016,FLG,AZ,AWP,WE,Federal Contract Tower,2,14,0,0,16,0,23,53,0,76,2,37,53,0,92,78,0,78,170
11/12/2016,FLG,AZ,AWP,WE,Federal Contract Tower,0,13,4,0,17,0,4,82,0,86,0,17,86,0,103,26,0,26,129
11/13/2016,FLG,AZ,AWP,WE,Federal Contract Tower,0,10,5,0,15,0,0,64,0,64,0,10,69,0,79,12,0,12,91
11/14/2016,FLG,AZ,AWP,WE,Federal Contract Tower,0,22,10,1,33,0,26,69,2,97,0,48,79,3,130,54,0,54,184
11/15/2016,FLG,AZ,AWP,WE,Federal Contract Tower,0,22,10,0,32,0,26,46,1,73,0,48,56,1,105,62,0,62,167
11/16/2016,FLG,AZ,AWP,WE,Federal Contract Tower,0,18,7,0,25,0,29,41,2,72,0,47,48,2,97,24,0,24,121
11/17/2016,FLG,AZ,AWP,WE,Federal Contract Tower,0,17,4,6,27,0,13,26,0,39,0,30,30,6,66,22,0,22,88
11/18/2016,FLG,AZ,AWP,WE,Federal Contract Tower,2,10,10,0,22,0,18,60,0,78,2,28,70,0,100,32,0,32,132
11/19/2016,FLG,AZ,AWP,WE,Federal Contract Tower,0,14,9,0,23,0,1,43,2,46,0,15,52,2,69,24,8,32,101
11/20/2016,FLG,AZ,AWP,WE,Federal Contract Tower,0,12,6,0,18,0,6,48,0,54,0,18,54,0,72,20,0,20,92
11/21/2016,FLG,AZ,AWP,WE,Federal Contract Tower,0,21,7,0,28,0,0,0,0,0,0,21,7,0,28,0,0,0,28
11/22/2016,FLG,AZ,AWP,WE,Federal Contract Tower,0,25,9,0,34,0,36,57,2,95,0,61,66,2,129,44,0,44,173
11/23/2016,FLG,AZ,AWP,WE,Federal Contract Tower,0,22,8,1,31,0,31,74,0,105,0,53,82,1,136,78,0,78,214
11/24/2016,FLG,AZ,AWP,WE,Federal Contract Tower,0,4,0,0,4,0,3,20,0,23,0,7,20,0,27,4,0,4,31
11/25/2016,FLG,AZ,AWP,WE,Federal Contract Tower,0,14,1,0,15,0,16,44,0,60,0,30,45,0,75,18,0,18,93
11/26/2016,FLG,AZ,AWP,WE,Federal Contract Tower,0,20,4,0,24,0,21,49,0,70,0,41,53,0,94,26,0,26,120
11/27/2016,FLG,AZ,AWP,WE,Federal Contract Tower,0,10,8,0,18,0,0,1,0,1,0,10,9,0,19,0,0,0,19
11/28/2016,FLG,AZ,AWP,WE,Federal Contract Tower,0,14,7,0,21,0,0,0,0,0,0,14,7,0,21,0,0,0,21
11/29/2016,FLG,AZ,AWP,WE,Federal Contract Tower,0,25,5,3,33,0,26,52,0,78,0,51,57,3,111,30,0,30,141
11/30/2016,FLG,AZ,AWP,WE,Federal Contract Tower,6,11,5,0,22,0,0,0,0,0,6,11,5,0,22,60,0,60,82
12/01/2016,FLG,AZ,AWP,WE,Federal Contract Tower,7,4,0,0,11,0,33,44,6,83,7,37,44,6,94,16,16,32,126
12/02/2016,FLG,AZ,AWP,WE,Federal Contract Tower,7,12,6,0,25,0,31,26,0,57,7,43,32,0,82,2,0,2,84
12/03/2016,FLG,AZ,AWP,WE,Federal Contract Tower,6,1,8,0,15,0,9,45,0,54,6,10,53,0,69,2,0,2,71
12/04/2016,FLG,AZ,AWP,WE,Federal Contract Tower,7,0,8,0,15,0,7,54,0,61,7,7,62,0,76,2,0,2,78
12/05/2016,FLG,AZ,AWP,WE,Federal Contract Tower,7,10,7,2,26,0,25,56,2,83,7,35,63,4,109,36,0,36,145
12/06/2016,FLG,AZ,AWP,WE,Federal Contract Tower,0,8,6,2,16,0,27,40,0,67,0,35,46,2,83,24,0,24,107
12/07/2016,FLG,AZ,AWP,WE,Federal Contract Tower,0,8,6,3,17,0,28,51,0,79,0,36,57,3,96,20,0,20,116
12/08/2016,FLG,AZ,AWP,WE,Federal Contract Tower,7,9,3,2,21,0,27,75,4,106,7,36,78,6,127,68,0,68,195
12/09/2016,FLG,AZ,AWP,WE,Federal Contract Tower,8,3,5,2,18,0,21,67,0,88,8,24,72,2,106,52,0,52,158
12/10/2016,FLG,AZ,AWP,WE,Federal Contract Tower,6,3,8,1,18,0,18,58,1,77,6,21,66,2,95,28,8,36,131
12/11/2016,FLG,AZ,AWP,WE,Federal Contract Tower,8,2,5,0,15,0,6,33,0,39,8,8,38,0,54,10,0,10,64
12/12/2016,FLG,AZ,AWP,WE,Federal Contract Tower,7,9,5,0,21,0,16,34,0,50,7,25,39,0,71,14,0,14,85
12/13/2016,FLG,AZ,AWP,WE,Federal Contract Tower,6,5,14,2,27,0,15,43,0,58,6,20,57,2,85,6,0,6,91
12/14/2016,FLG,AZ,AWP,WE,Federal Contract Tower,7,8,7,0,22,0,34,63,0,97,7,42,70,0,119,114,0,114,233
12/15/2016,FLG,AZ,AWP,WE,Federal Contract Tower,7,9,10,5,31,0,30,60,4,94,7,39,70,9,125,58,0,58,183
12/16/2016,FLG,AZ,AWP,WE,Federal Contract Tower,5,7,8,0,20,0,0,0,0,0,5,7,8,0,20,0,0,0,20
12/17/2016,FLG,AZ,AWP,WE,Federal Contract Tower,4,6,9,0,19,0,12,36,3,51,4,18,45,3,70,0,4,4,74
12/18/2016,FLG,AZ,AWP,WE,Federal Contract Tower,5,0,3,0,8,0,16,59,0,75,5,16,62,0,83,26,0,26,109
12/19/2016,FLG,AZ,AWP,WE,Federal Contract Tower,5,13,10,2,30,0,25,57,0,82,5,38,67,2,112,22,8,30,142
12/20/2016,FLG,AZ,AWP,WE,Federal Contract Tower,5,9,3,0,17,0,29,73,0,102,5,38,76,0,119,88,0,88,207
12/21/2016,FLG,AZ,AWP,WE,Federal Contract Tower,5,9,9,1,24,0,23,53,4,80,5,32,62,5,104,56,0,56,160
12/22/2016,FLG,AZ,AWP,WE,Federal Contract Tower,5,5,5,2,17,0,0,0,0,0,5,5,5,2,17,0,0,0,17
12/23/2016,FLG,AZ,AWP,WE,Federal Contract Tower,5,12,18,0,35,0,0,0,0,0,5,12,18,0,35,0,0,0,35
12/24/2016,FLG,AZ,AWP,WE,Federal Contract Tower,5,3,2,0,10,0,0,0,0,0,5,3,2,0,10,0,0,0,10
12/25/2016,FLG,AZ,AWP,WE,Federal Contract Tower,0,1,3,0,4,0,2,0,0,2,0,3,3,0,6,0,0,0,6
12/26/2016,FLG,AZ,AWP,WE,Federal Contract Tower,4,14,12,3,33,0,10,41,0,51,4,24,53,3,84,0,0,0,84
12/27/2016,FLG,AZ,AWP,WE,Federal Contract Tower,5,12,8,0,25,0,29,62,0,91,5,41,70,0,116,44,0,44,160
12/28/2016,FLG,AZ,AWP,WE,Federal Contract Tower,4,13,7,6,30,0,32,69,0,101,4,45,76,6,131,70,4,74,205
12/29/2016,FLG,AZ,AWP,WE,Federal Contract Tower,5,14,12,0,31,0,28,78,0,106,5,42,90,0,137,60,0,60,197
12/30/2016,FLG,AZ,AWP,WE,Federal Contract Tower,5,6,3,0,14,0,16,55,0,71,5,22,58,0,85,24,0,24,109
12/31/2016,FLG,AZ,AWP,WE,Federal Contract Tower,4,11,2,0,17,0,2,0,0,2,4,13,2,0,19,0,0,0,19
01/01/2017,FLG,AZ,AWP,WE,Federal Contract Tower,4,6,2,0,12,0,0,0,0,0,4,6,2,0,12,0,0,0,12
01/02/2017,FLG,AZ,AWP,WE,Federal Contract Tower,5,13,9,0,27,0,0,0,0,0,5,13,9,0,27,0,0,0,27
01/03/2017,FLG,AZ,AWP,WE,Federal Contract Tower,5,12,9,0,26,0,30,46,0,76,5,42,55,0,102,8,0,8,110
01/04/2017,FLG,AZ,AWP,WE,Federal Contract Tower,0,6,7,3,16,0,30,60,0,90,0,36,67,3,106,46,0,46,152
01/05/2017,FLG,AZ,AWP,WE,Federal Contract Tower,5,2,3,0,10,0,0,0,0,0,5,2,3,0,10,0,0,0,10
01/06/2017,FLG,AZ,AWP,WE,Federal Contract Tower,5,8,6,5,24,0,13,43,0,56,5,21,49,5,80,28,0,28,108
01/07/2017,FLG,AZ,AWP,WE,Federal Contract Tower,5,4,2,0,11,0,11,56,1,68,5,15,58,1,79,28,0,28,107
01/08/2017,FLG,AZ,AWP,WE,Federal Contract Tower,5,3,7,0,15,0,13,49,1,63,5,16,56,1,78,18,0,18,96
01/09/2017,FLG,AZ,AWP,WE,Federal Contract Tower,5,8,5,0,18,0,7,16,0,23,5,15,21,0,41,0,0,0,41
01/10/2017,FLG,AZ,AWP,WE,Federal Contract Tower,5,11,7,0,23,0,35,39,0,74,5,46,46,0,97,24,0,24,121
01/11/2017,FLG,AZ,AWP,WE,Federal Contract Tower,5,9,2,4,20,0,32,32,0,64,5,41,34,4,84,38,0,38,122
01/12/2017,FLG,AZ,AWP,WE,Federal Contract Tower,5,8,6,0,19,0,6,0,0,6,5,14,6,0,25,0,0,0,25
01/13/2017,FLG,AZ,AWP,WE,Federal Contract Tower,5,12,11,0,28,0,15,16,6,37,5,27,27,6,65,10,0,10,75
01/14/2017,FLG,AZ,AWP,WE,Federal Contract Tower,5,1,0,0,6,0,0,1,0,1,5,1,1,0,7,0,0,0,7
01/15/2017,FLG,AZ,AWP,WE,Federal Contract Tower,5,6,8,0,19,0,2,0,0,2,5,8,8,0,21,0,0,0,21
01/16/2017,FLG,AZ,AWP,WE,Federal Contract Tower,5,13,10,0,28,0,13,23,0,36,5,26,33,0,64,40,0,40,104
01/17/2017,FLG,AZ,AWP,WE,Federal Contract Tower,5,11,15,0,31,0,25,23,0,48,5,36,38,0,79,28,0,28,107
01/18/2017,FLG,AZ,AWP,WE,Federal Contract Tower,5,12,5,0,22,0,33,56,2,91,5,45,61,2,113,94,0,94,207
01/19/2017,FLG,AZ,AWP,WE,Federal Contract Tower,3,3,7,0,13,0,0,0,0,0,3,3,7,0,13,0,0,0,13
01/20/2017,FLG,AZ,AWP,WE,Federal Contract Tower,2,2,2,0,6,0,0,0,0,0,2,2,2,0,6,0,0,0,6
01/21/2017,FLG,AZ,AWP,WE,Federal Contract Tower,5,2,7,0,14,0,0,3,0,3,5,2,10,0,17,0,0,0,17
01/22/2017,FLG,AZ,AWP,WE,Federal Contract Tower,3,0,0,0,3,0,0,0,0,0,3,0,0,0,3,0,0,0,3
01/23/2017,FLG,AZ,AWP,WE,Federal Contract Tower,0,0,0,0,0,0,0,0,0,0,0,0,0,0,0,0,0,0,0
01/24/2017,FLG,AZ,AWP,WE,Federal Contract Tower,0,8,7,6,21,0,2,0,0,2,0,10,7,6,23,0,0,0,23
01/25/2017,FLG,AZ,AWP,WE,Federal Contract Tower,2,10,9,0,21,0,25,41,0,66,2,35,50,0,87,46,0,46,133
01/26/2017,FLG,AZ,AWP,WE,Federal Contract Tower,5,8,2,0,15,0,27,57,0,84,5,35,59,0,99,80,0,80,179
01/27/2017,FLG,AZ,AWP,WE,Federal Contract Tower,5,6,5,0,16,26,30,3,0,59,31,36,8,0,75,2,0,2,77
01/28/2017,FLG,AZ,AWP,WE,Federal Contract Tower,5,1,3,0,9,0,35,49,0,84,5,36,52,0,93,50,0,50,143
01/29/2017,FLG,AZ,AWP,WE,Federal Contract Tower,4,5,8,0,17,0,13,50,0,63,4,18,58,0,80,6,0,6,86
01/30/2017,FLG,AZ,AWP,WE,Federal Contract Tower,5,6,4,0,15,0,20,40,0,60,5,26,44,0,75,34,0,34,109
01/31/2017,FLG,AZ,AWP,WE,Federal Contract Tower,5,10,8,1,24,0,25,58,1,84,5,35,66,2,108,46,0,46,154
02/01/2017,FLG,AZ,AWP,WE,Federal Contract Tower,5,7,10,0,22,0,23,67,0,90,5,30,77,0,112,28,0,28,140
02/02/2017,FLG,AZ,AWP,WE,Federal Contract Tower,5,6,6,0,17,0,32,62,2,96,5,38,68,2,113,28,0,28,141
02/03/2017,FLG,AZ,AWP,WE,Federal Contract Tower,5,10,6,2,23,0,22,74,1,97,5,32,80,3,120,78,4,82,202
02/04/2017,FLG,AZ,AWP,WE,Federal Contract Tower,5,5,5,0,15,0,21,66,0,87,5,26,71,0,102,30,0,30,132
02/05/2017,FLG,AZ,AWP,WE,Federal Contract Tower,5,1,2,0,8,0,10,66,0,76,5,11,68,0,84,20,0,20,104
02/06/2017,FLG,AZ,AWP,WE,Federal Contract Tower,5,13,12,0,30,0,9,21,0,30,5,22,33,0,60,2,0,2,62
02/07/2017,FLG,AZ,AWP,WE,Federal Contract Tower,3,6,4,0,13,0,1,0,0,1,3,7,4,0,14,0,0,0,14
02/08/2017,FLG,AZ,AWP,WE,Federal Contract Tower,4,10,12,0,26,0,0,0,0,0,4,10,12,0,26,48,0,48,74
02/09/2017,FLG,AZ,AWP,WE,Federal Contract Tower,5,7,7,0,19,0,30,58,2,90,5,37,65,2,109,76,0,76,185
02/10/2017,FLG,AZ,AWP,WE,Federal Contract Tower,5,4,3,9,21,0,17,48,3,68,5,21,51,12,89,24,30,54,143
02/11/2017,FLG,AZ,AWP,WE,Federal Contract Tower,5,4,4,0,13,0,13,40,4,57,5,17,44,4,70,16,0,16,86
02/12/2017,FLG,AZ,AWP,WE,Federal Contract Tower,5,2,3,0,10,0,7,11,0,18,5,9,14,0,28,0,0,0,28
02/13/2017,FLG,AZ,AWP,WE,Federal Contract Tower,5,13,13,2,33,0,17,9,0,26,5,30,22,2,59,0,0,0,59
02/14/2017,FLG,AZ,AWP,WE,Federal Contract Tower,5,8,6,0,19,0,21,52,0,73,5,29,58,0,92,56,0,56,148
02/15/2017,FLG,AZ,AWP,WE,Federal Contract Tower,5,8,6,0,19,0,21,59,0,80,5,29,65,0,99,46,0,46,145
02/16/2017,FLG,AZ,AWP,WE,Federal Contract Tower,6,9,15,0,30,0,27,64,0,91,6,36,79,0,121,34,0,34,155
02/17/2017,FLG,AZ,AWP,WE,Federal Contract Tower,6,10,7,0,23,0,22,29,0,51,6,32,36,0,74,24,0,24,98
02/18/2017,FLG,AZ,AWP,WE,Federal Contract Tower,5,5,2,0,12,0,0,0,0,0,5,5,2,0,12,0,0,0,12
02/19/2017,FLG,AZ,AWP,WE,Federal Contract Tower,4,5,6,0,15,0,0,0,0,0,4,5,6,0,15,0,0,0,15
02/20/2017,FLG,AZ,AWP,WE,Federal Contract Tower,6,17,19,8,50,0,31,31,0,62,6,48,50,8,112,30,0,30,142
02/21/2017,FLG,AZ,AWP,WE,Federal Contract Tower,6,12,5,6,29,0,16,41,2,59,6,28,46,8,88,44,8,52,140
02/22/2017,FLG,AZ,AWP,WE,Federal Contract Tower,6,8,5,0,19,0,15,30,0,45,6,23,35,0,64,32,0,32,96
02/23/2017,FLG,AZ,AWP,WE,Federal Contract Tower,6,7,9,2,24,0,34,56,2,92,6,41,65,4,116,22,0,22,138
02/24/2017,FLG,AZ,AWP,WE,Federal Contract Tower,6,6,5,2,19,0,18,44,0,62,6,24,49,2,81,26,18,44,125
02/25/2017,FLG,AZ,AWP,WE,Federal Contract Tower,6,3,2,0,11,0,13,43,0,56,6,16,45,0,67,42,0,42,109
02/26/2017,FLG,AZ,AWP,WE,Federal Contract Tower,6,6,3,0,15,0,10,23,0,33,6,16,26,0,48,0,0,0,48
02/27/2017,FLG,AZ,AWP,WE,Federal Contract Tower,3,4,5,0,12,0,0,0,0,0,3,4,5,0,12,0,0,0,12
02/28/2017,FLG,AZ,AWP,WE,Federal Contract Tower,5,13,7,0,25,0,3,5,0,8,5,16,12,0,33,0,0,0,33
03/01/2017,FLG,AZ,AWP,WE,Federal Contract Tower,6,10,8,0,24,0,26,71,0,97,6,36,79,0,121,32,0,32,153
03/02/2017,FLG,AZ,AWP,WE,Federal Contract Tower,5,5,3,0,13,0,16,50,6,72,5,21,53,6,85,24,2,26,111
03/03/2017,FLG,AZ,AWP,WE,Federal Contract Tower,6,5,7,2,20,0,20,61,6,87,6,25,68,8,107,12,8,20,127
03/04/2017,FLG,AZ,AWP,WE,Federal Contract Tower,6,4,0,0,10,0,12,39,0,51,6,16,39,0,61,24,0,24,85
03/05/2017,FLG,AZ,AWP,WE,Federal Contract Tower,6,3,2,0,11,0,4,23,0,27,6,7,25,0,38,8,0,8,46
03/06/2017,FLG,AZ,AWP,WE,Federal Contract Tower,6,3,1,0,10,0,7,40,0,47,6,10,41,0,57,14,0,14,71
03/07/2017,FLG,AZ,AWP,WE,Federal Contract Tower,6,5,4,0,15,0,3,59,4,66,6,8,63,4,81,56,0,56,137
03/08/2017,FLG,AZ,AWP,WE,Federal Contract Tower,5,12,7,2,26,0,17,75,6,98,5,29,82,8,124,78,6,84,208
03/09/2017,FLG,AZ,AWP,WE,Federal Contract Tower,0,6,6,5,17,0,30,79,0,109,0,36,85,5,126,106,6,112,238
03/10/2017,FLG,AZ,AWP,WE,Federal Contract Tower,7,7,7,4,25,0,18,66,2,86,7,25,73,6,111,92,0,92,203
03/11/2017,FLG,AZ,AWP,WE,Federal Contract Tower,6,2,1,0,9,0,7,55,4,66,6,9,56,4,75,46,2,48,123
03/12/2017,FLG,AZ,AWP,WE,Federal Contract Tower,7,0,7,4,18,0,5,60,5,70,7,5,67,9,88,2,2,4,92
03/13/2017,FLG,AZ,AWP,WE,Federal Contract Tower,7,11,8,0,26,0,25,66,0,91,7,36,74,0,117,44,0,44,161
03/14/2017,FLG,AZ,AWP,WE,Federal Contract Tower,7,8,3,6,24,0,27,65,9,101,7,35,68,15,125,56,0,56,181
03/15/2017,FLG,AZ,AWP,WE,Federal Contract Tower,7,10,5,0,22,0,32,69,0,101,7,42,74,0,123,38,4,42,165
03/16/2017,FLG,AZ,AWP,WE,Federal Contract Tower,7,4,2,0,13,0,32,73,0,105,7,36,75,0,118,36,0,36,154
03/17/2017,FLG,AZ,AWP,WE,Federal Contract Tower,7,7,11,0,25,0,35,68,0,103,7,42,79,0,128,46,0,46,174
03/18/2017,FLG,AZ,AWP,WE,Federal Contract Tower,7,4,2,0,13,0,7,46,0,53,7,11,48,0,66,6,0,6,72
03/19/2017,FLG,AZ,AWP,WE,Federal Contract Tower,7,0,3,0,10,0,4,59,0,63,7,4,62,0,73,12,0,12,85
03/20/2017,FLG,AZ,AWP,WE,Federal Contract Tower,7,8,11,0,26,0,19,53,0,72,7,27,64,0,98,26,0,26,124
03/21/2017,FLG,AZ,AWP,WE,Federal Contract Tower,7,8,5,0,20,0,35,67,0,102,7,43,72,0,122,88,0,88,210
03/22/2017,FLG,AZ,AWP,WE,Federal Contract Tower,7,5,7,4,23,0,34,56,0,90,7,39,63,4,113,96,0,96,209
03/23/2017,FLG,AZ,AWP,WE,Federal Contract Tower,6,6,4,0,16,0,1,2,0,3,6,7,6,0,19,0,0,0,19
03/24/2017,FLG,AZ,AWP,WE,Federal Contract Tower,5,5,8,1,19,0,9,69,2,80,5,14,77,3,99,30,2,32,131
03/25/2017,FLG,AZ,AWP,WE,Federal Contract Tower,5,11,5,0,21,0,12,39,0,51,5,23,44,0,72,36,0,36,108
03/26/2017,FLG,AZ,AWP,WE,Federal Contract Tower,7,4,7,0,18,0,19,55,0,74,7,23,62,0,92,20,0,20,112
03/27/2017,FLG,AZ,AWP,WE,Federal Contract Tower,7,10,10,0,27,0,21,29,0,50,7,31,39,0,77,22,0,22,99
03/28/2017,FLG,AZ,AWP,WE,Federal Contract Tower,7,9,10,0,26,0,16,36,0,52,7,25,46,0,78,14,0,14,92
03/29/2017,FLG,AZ,AWP,WE,Federal Contract Tower,7,7,10,4,28,0,28,74,0,102,7,35,84,4,130,42,0,42,172
03/30/2017,FLG,AZ,AWP,WE,Federal Contract Tower,7,7,7,0,21,0,26,47,0,73,7,33,54,0,94,22,0,22,116
03/31/2017,FLG,AZ,AWP,WE,Federal Contract Tower,3,8,4,0,15,0,0,0,0,0,3,8,4,0,15,0,0,0,15
04/02/2017,FLG,AZ,AWP,WE,Federal Contract Tower,8,7,8,2,25,0,19,60,0,79,8,26,68,2,104,18,0,18,122
04/03/2017,FLG,AZ,AWP,WE,Federal Contract Tower,8,10,6,0,24,0,14,40,0,54,8,24,46,0,78,10,0,10,88
04/04/2017,FLG,AZ,AWP,WE,Federal Contract Tower,7,5,5,0,17,0,33,65,0,98,7,38,70,0,115,8,0,8,123
04/05/2017,FLG,AZ,AWP,WE,Federal Contract Tower,8,8,6,0,22,0,34,53,0,87,8,42,59,0,109,40,0,40,149
04/06/2017,FLG,AZ,AWP,WE,Federal Contract Tower,8,7,9,0,24,0,23,49,0,72,8,30,58,0,96,20,0,20,116
04/07/2017,FLG,AZ,AWP,WE,Federal Contract Tower,8,4,6,0,18,0,33,74,0,107,8,37,80,0,125,50,0,50,175
04/08/2017,FLG,AZ,AWP,WE,Federal Contract Tower,8,9,6,1,24,0,24,35,3,62,8,33,41,4,86,10,4,14,100
04/09/2017,FLG,AZ,AWP,WE,Federal Contract Tower,7,6,1,0,14,0,16,43,0,59,7,22,44,0,73,34,0,34,107
04/10/2017,FLG,AZ,AWP,WE,Federal Contract Tower,8,5,2,6,21,0,29,68,0,97,8,34,70,6,118,76,0,76,194
04/11/2017,FLG,AZ,AWP,WE,Federal Contract Tower,8,15,8,3,34,0,32,67,2,101,8,47,75,5,135,76,0,76,211
04/12/2017,FLG,AZ,AWP,WE,Federal Contract Tower,8,13,12,5,38,0,33,76,4,113,8,46,88,9,151,48,28,76,227
04/13/2017,FLG,AZ,AWP,WE,Federal Contract Tower,8,6,1,7,22,0,20,46,10,76,8,26,47,17,98,24,0,24,122
04/14/2017,FLG,AZ,AWP,WE,Federal Contract Tower,8,7,10,3,28,0,14,57,0,71,8,21,67,3,99,44,0,44,143
04/15/2017,FLG,AZ,AWP,WE,Federal Contract Tower,8,1,5,0,14,0,13,62,0,75,8,14,67,0,89,84,0,84,173
04/16/2017,FLG,AZ,AWP,WE,Federal Contract Tower,8,6,9,1,24,0,22,52,0,74,8,28,61,1,98,0,0,0,98
04/17/2017,FLG,AZ,AWP,WE,Federal Contract Tower,9,14,8,0,31,0,34,51,11,96,9,48,59,11,127,30,4,34,161
04/18/2017,FLG,AZ,AWP,WE,Federal Contract Tower,8,8,16,0,32,0,41,61,2,104,8,49,77,2,136,34,0,34,170
04/19/2017,FLG,AZ,AWP,WE,Federal Contract Tower,7,9,7,2,25,0,24,99,2,125,7,33,106,4,150,52,0,52,202
04/20/2017,FLG,AZ,AWP,WE,Federal Contract Tower,8,8,6,5,27,0,29,53,3,85,8,37,59,8,112,20,8,28,140
04/21/2017,FLG,AZ,AWP,WE,Federal Contract Tower,7,7,7,6,27,0,33,66,0,99,7,40,73,6,126,14,0,14,140
04/22/2017,FLG,AZ,AWP,WE,Federal Contract Tower,8,9,8,0,25,0,16,61,0,77,8,25,69,0,102,18,0,18,120
04/23/2017,FLG,AZ,AWP,WE,Federal Contract Tower,8,7,5,3,23,0,11,33,0,44,8,18,38,3,67,4,0,4,71
04/24/2017,FLG,AZ,AWP,WE,Federal Contract Tower,7,6,4,0,17,0,25,33,2,60,7,31,37,2,77,14,0,14,91
04/25/2017,FLG,AZ,AWP,WE,Federal Contract Tower,8,6,2,2,18,0,14,19,0,33,8,20,21,2,51,0,0,0,51
04/26/2017,FLG,AZ,AWP,WE,Federal Contract Tower,8,8,15,1,32,0,29,59,0,88,8,37,74,1,120,40,0,40,160
04/27/2017,FLG,AZ,AWP,WE,Federal Contract Tower,6,14,7,2,29,2,30,45,6,83,8,44,52,8,112,6,0,6,118
04/28/2017,FLG,AZ,AWP,WE,Federal Contract Tower,8,6,8,1,23,0,15,39,0,54,8,21,47,1,77,10,0,10,87
04/29/2017,FLG,AZ,AWP,WE,Federal Contract Tower,8,7,10,0,25,0,24,40,0,64,8,31,50,0,89,0,0,0,89
04/30/2017,FLG,AZ,AWP,WE,Federal Contract Tower,7,9,7,0,23,0,33,73,1,107,7,42,80,1,130,32,0,32,162
05/01/2017,FLG,AZ,AWP,WE,Federal Contract Tower,8,6,10,0,24,0,26,45,0,71,8,32,55,0,95,36,0,36,131
05/02/2017,FLG,AZ,AWP,WE,Federal Contract Tower,7,16,12,0,35,0,34,74,0,108,7,50,86,0,143,14,0,14,157
05/03/2017,FLG,AZ,AWP,WE,Federal Contract Tower,8,7,9,2,26,0,30,63,2,95,8,37,72,4,121,16,0,16,137
05/04/2017,FLG,AZ,AWP,WE,Federal Contract Tower,8,10,6,2,26,0,40,78,3,121,8,50,84,5,147,34,4,38,185
05/05/2017,FLG,AZ,AWP,WE,Federal Contract Tower,7,6,8,2,23,0,15,58,1,74,7,21,66,3,97,40,0,40,137
05/06/2017,FLG,AZ,AWP,WE,Federal Contract Tower,8,5,5,0,18,0,25,37,0,62,8,30,42,0,80,22,0,22,102
05/07/2017,FLG,AZ,AWP,WE,Federal Contract Tower,8,7,9,3,27,0,13,36,4,53,8,20,45,7,80,10,0,10,90
05/08/2017,FLG,AZ,AWP,WE,Federal Contract Tower,8,11,4,2,25,0,15,30,10,55,8,26,34,12,80,2,0,2,82
05/09/2017,FLG,AZ,AWP,WE,Federal Contract Tower,8,14,4,2,28,0,2,5,2,9,8,16,9,4,37,2,0,2,39
05/10/2017,FLG,AZ,AWP,WE,Federal Contract Tower,8,10,10,2,30,0,20,66,0,86,8,30,76,2,116,38,0,38,154
05/11/2017,FLG,AZ,AWP,WE,Federal Contract Tower,8,5,5,2,20,0,27,67,4,98,8,32,72,6,118,64,0,64,182
05/12/2017,FLG,AZ,AWP,WE,Federal Contract Tower,7,8,12,0,27,0,30,80,0,110,7,38,92,0,137,18,0,18,155
05/13/2017,FLG,AZ,AWP,WE,Federal Contract Tower,8,6,7,0,21,0,14,48,3,65,8,20,55,3,86,14,0,14,100
05/14/2017,FLG,AZ,AWP,WE,Federal Contract Tower,8,4,5,6,23,0,31,55,0,86,8,35,60,6,109,4,0,4,113
05/15/2017,FLG,AZ,AWP,WE,Federal Contract Tower,8,4,4,2,18,0,19,38,0,57,8,23,42,2,75,2,0,2,77
05/16/2017,FLG,AZ,AWP,WE,Federal Contract Tower,8,4,8,0,20,0,19,45,0,64,8,23,53,0,84,30,0,30,114
05/17/2017,FLG,AZ,AWP,WE,Federal Contract Tower,7,15,8,2,32,0,31,27,0,58,7,46,35,2,90,2,4,6,96
05/18/2017,FLG,AZ,AWP,WE,Federal Contract Tower,9,14,8,1,32,0,22,48,2,72,9,36,56,3,104,34,4,38,142
05/19/2017,FLG,AZ,AWP,WE,Federal Contract Tower,8,10,8,2,28,0,22,74,0,96,8,32,82,2,124,38,0,38,162
05/20/2017,FLG,AZ,AWP,WE,Federal Contract Tower,8,4,4,2,18,0,21,45,0,66,8,25,49,2,84,10,0,10,94
05/21/2017,FLG,AZ,AWP,WE,Federal Contract Tower,8,9,6,2,25,0,12,77,0,89,8,21,83,2,114,10,0,10,124
05/22/2017,FLG,AZ,AWP,WE,Federal Contract Tower,8,8,3,6,25,0,25,67,0,92,8,33,70,6,117,42,2,44,161
05/23/2017,FLG,AZ,AWP,WE,Federal Contract Tower,8,11,2,2,23,0,18,63,2,83,8,29,65,4,106,12,0,12,118
05/24/2017,FLG,AZ,AWP,WE,Federal Contract Tower,8,10,8,0,26,0,23,70,2,95,8,33,78,2,121,10,0,10,131
05/25/2017,FLG,AZ,AWP,WE,Federal Contract Tower,8,7,4,0,19,0,28,42,2,72,8,35,46,2,91,0,6,6,97
05/26/2017,FLG,AZ,AWP,WE,Federal Contract Tower,8,5,2,0,15,0,31,55,0,86,8,36,57,0,101,4,0,4,105
05/27/2017,FLG,AZ,AWP,WE,Federal Contract Tower,8,3,4,0,15,0,18,50,0,68,8,21,54,0,83,20,0,20,103
05/28/2017,FLG,AZ,AWP,WE,Federal Contract Tower,8,8,7,0,23,0,16,50,0,66,8,24,57,0,89,14,0,14,103
05/29/2017,FLG,AZ,AWP,WE,Federal Contract Tower,8,9,9,0,26,0,19,80,0,99,8,28,89,0,125,42,0,42,167
05/30/2017,FLG,AZ,AWP,WE,Federal Contract Tower,8,8,5,0,21,0,23,54,2,79,8,31,59,2,100,58,0,58,158
05/31/2017,FLG,AZ,AWP,WE,Federal Contract Tower,8,8,8,3,27,0,25,57,1,83,8,33,65,4,110,24,8,32,142
06/01/2017,FLG,AZ,AWP,WE,Federal Contract Tower,8,6,10,1,25,0,22,62,4,88,8,28,72,5,113,28,0,28,141
06/02/2017,FLG,AZ,AWP,WE,Federal Contract Tower,8,7,5,2,22,0,35,64,0,99,8,42,69,2,121,68,0,68,189
06/03/2017,FLG,AZ,AWP,WE,Federal Contract Tower,8,2,4,0,14,0,24,57,4,85,8,26,61,4,99,28,0,28,127
06/04/2017,FLG,AZ,AWP,WE,Federal Contract Tower,8,11,5,0,24,0,26,63,0,89,8,37,68,0,113,6,0,6,119
06/05/2017,FLG,AZ,AWP,WE,Federal Contract Tower,8,14,10,0,32,0,33,57,0,90,8,47,67,0,122,42,0,42,164
06/06/2017,FLG,AZ,AWP,WE,Federal Contract Tower,8,13,4,0,25,0,39,70,0,109,8,52,74,0,134,6,0,6,140
06/07/2017,FLG,AZ,AWP,WE,Federal Contract Tower,9,11,11,2,33,0,21,59,0,80,9,32,70,2,113,6,0,6,119
06/08/2017,FLG,AZ,AWP,WE,Federal Contract Tower,8,9,10,0,27,0,28,81,0,109,8,37,91,0,136,38,0,38,174
06/09/2017,FLG,AZ,AWP,WE,Federal Contract Tower,8,14,9,0,31,0,46,84,0,130,8,60,93,0,161,22,0,22,183
06/10/2017,FLG,AZ,AWP,WE,Federal Contract Tower,8,2,3,0,13,0,16,48,0,64,8,18,51,0,77,4,0,4,81
06/11/2017,FLG,AZ,AWP,WE,Federal Contract Tower,1,10,6,0,17,0,9,65,0,74,1,19,71,0,91,12,0,12,103
06/12/2017,FLG,AZ,AWP,WE,Federal Contract Tower,0,0,0,0,0,0,0,0,0,0,0,0,0,0,0,0,0,0,0
06/13/2017,FLG,AZ,AWP,WE,Federal Contract Tower,0,0,0,0,0,0,19,0,0,19,0,19,0,0,19,4,0,4,23
06/14/2017,FLG,AZ,AWP,WE,Federal Contract Tower,0,0,0,0,0,0,10,1,0,11,0,10,1,0,11,0,0,0,11
06/15/2017,FLG,AZ,AWP,WE,Federal Contract Tower,0,0,0,0,0,0,21,2,22,45,0,21,2,22,45,0,0,0,45
06/16/2017,FLG,AZ,AWP,WE,Federal Contract Tower,0,0,0,0,0,0,13,7,17,37,0,13,7,17,37,0,6,6,43
06/17/2017,FLG,AZ,AWP,WE,Federal Contract Tower,0,0,0,0,0,0,18,6,5,29,0,18,6,5,29,0,0,0,29
06/18/2017,FLG,AZ,AWP,WE,Federal Contract Tower,0,0,0,0,0,0,17,0,0,17,0,17,0,0,17,0,0,0,17
06/19/2017,FLG,AZ,AWP,WE,Federal Contract Tower,7,12,20,0,39,0,40,59,0,99,7,52,79,0,138,8,0,8,146
06/20/2017,FLG,AZ,AWP,WE,Federal Contract Tower,4,6,9,0,19,0,35,64,0,99,4,41,73,0,118,46,0,46,164
06/21/2017,FLG,AZ,AWP,WE,Federal Contract Tower,8,5,6,1,20,0,36,62,0,98,8,41,68,1,118,24,0,24,142
06/22/2017,FLG,AZ,AWP,WE,Federal Contract Tower,6,10,10,2,28,0,30,64,4,98,6,40,74,6,126,10,0,10,136
06/23/2017,FLG,AZ,AWP,WE,Federal Contract Tower,8,17,2,0,27,0,37,72,0,109,8,54,74,0,136,16,0,16,152
06/24/2017,FLG,AZ,AWP,WE,Federal Contract Tower,8,7,9,0,24,0,8,61,0,69,8,15,70,0,93,36,0,36,129
06/26/2017,FLG,AZ,AWP,WE,Federal Contract Tower,8,11,10,0,29,0,32,54,0,86,8,43,64,0,115,18,0,18,133
06/27/2017,FLG,AZ,AWP,WE,Federal Contract Tower,7,11,12,2,32,0,29,59,2,90,7,40,71,4,122,24,0,24,146
06/28/2017,FLG,AZ,AWP,WE,Federal Contract Tower,8,8,4,0,20,0,40,59,0,99,8,48,63,0,119,40,0,40,159
06/29/2017,FLG,AZ,AWP,WE,Federal Contract Tower,8,7,16,2,33,0,40,78,0,118,8,47,94,2,151,102,2,104,255
06/30/2017,FLG,AZ,AWP,WE,Federal Contract Tower,7,6,3,0,16,0,26,82,0,108,7,32,85,0,124,60,0,60,184
07/01/2017,FLG,AZ,AWP,WE,Federal Contract Tower,7,7,7,0,21,0,8,58,0,66,7,15,65,0,87,36,0,36,123
07/02/2017,FLG,AZ,AWP,WE,Federal Contract Tower,8,12,4,0,24,0,22,57,0,79,8,34,61,0,103,0,0,0,103
07/03/2017,FLG,AZ,AWP,WE,Federal Contract Tower,7,8,11,0,26,0,24,60,0,84,7,32,71,0,110,16,0,16,126
07/04/2017,FLG,AZ,AWP,WE,Federal Contract Tower,8,5,2,0,15,0,14,43,0,57,8,19,45,0,72,12,0,12,84
07/05/2017,FLG,AZ,AWP,WE,Federal Contract Tower,8,9,16,2,35,0,34,75,2,111,8,43,91,4,146,12,0,12,158
07/06/2017,FLG,AZ,AWP,WE,Federal Contract Tower,8,9,3,2,22,0,29,55,0,84,8,38,58,2,106,20,0,20,126
07/07/2017,FLG,AZ,AWP,WE,Federal Contract Tower,5,6,6,2,19,0,14,66,2,82,5,20,72,4,101,34,0,34,135
07/08/2017,FLG,AZ,AWP,WE,Federal Contract Tower,8,1,6,0,15,0,7,55,0,62,8,8,61,0,77,20,0,20,97
07/09/2017,FLG,AZ,AWP,WE,Federal Contract Tower,8,8,12,0,28,0,23,56,6,85,8,31,68,6,113,64,0,64,177
07/10/2017,FLG,AZ,AWP,WE,Federal Contract Tower,8,9,10,0,27,0,32,62,0,94,8,41,72,0,121,18,0,18,139
07/11/2017,FLG,AZ,AWP,WE,Federal Contract Tower,8,4,9,1,22,0,26,40,6,72,8,30,49,7,94,6,0,6,100
07/12/2017,FLG,AZ,AWP,WE,Federal Contract Tower,8,7,3,0,18,0,19,42,0,61,8,26,45,0,79,16,0,16,95
07/13/2017,FLG,AZ,AWP,WE,Federal Contract Tower,9,10,2,0,21,0,25,52,1,78,9,35,54,1,99,16,0,16,115
07/14/2017,FLG,AZ,AWP,WE,Federal Contract Tower,8,7,12,0,27,0,39,74,10,123,8,46,86,10,150,34,6,40,190
07/15/2017,FLG,AZ,AWP,WE,Federal Contract Tower,7,3,6,0,16,0,18,53,2,73,7,21,59,2,89,8,8,16,105
07/16/2017,FLG,AZ,AWP,WE,Federal Contract Tower,8,9,6,1,24,0,17,56,5,78,8,26,62,6,102,2,4,6,108
07/17/2017,FLG,AZ,AWP,WE,Federal Contract Tower,8,11,10,0,29,0,16,39,0,55,8,27,49,0,84,0,0,0,84
07/18/2017,FLG,AZ,AWP,WE,Federal Contract Tower,8,6,6,0,20,0,34,42,4,80,8,40,48,4,100,0,0,0,100
07/19/2017,FLG,AZ,AWP,WE,Federal Contract Tower,8,8,5,0,21,0,25,39,0,64,8,33,44,0,85,24,0,24,109
07/20/2017,FLG,AZ,AWP,WE,Federal Contract Tower,8,3,13,0,24,0,21,52,0,73,8,24,65,0,97,22,0,22,119
07/21/2017,FLG,AZ,AWP,WE,Federal Contract Tower,8,6,8,2,24,0,19,38,1,58,8,25,46,3,82,16,0,16,98
07/22/2017,FLG,AZ,AWP,WE,Federal Contract Tower,8,2,10,0,20,0,20,34,0,54,8,22,44,0,74,0,0,0,74
07/23/2017,FLG,AZ,AWP,WE,Federal Contract Tower,7,8,8,0,23,0,27,37,0,64,7,35,45,0,87,6,0,6,93
07/24/2017,FLG,AZ,AWP,WE,Federal Contract Tower,8,2,15,0,25,0,17,8,0,25,8,19,23,0,50,0,0,0,50
07/25/2017,FLG,AZ,AWP,WE,Federal Contract Tower,9,16,15,0,40,0,21,18,0,39,9,37,33,0,79,2,0,2,81
07/26/2017,FLG,AZ,AWP,WE,Federal Contract Tower,9,11,12,0,32,0,37,70,0,107,9,48,82,0,139,36,0,36,175
07/27/2017,FLG,AZ,AWP,WE,Federal Contract Tower,8,9,3,0,20,0,19,43,0,62,8,28,46,0,82,10,0,10,92
07/28/2017,FLG,AZ,AWP,WE,Federal Contract Tower,8,2,9,0,19,0,13,23,1,37,8,15,32,1,56,0,0,0,56
07/29/2017,FLG,AZ,AWP,WE,Federal Contract Tower,8,12,6,0,26,0,32,43,0,75,8,44,49,0,101,16,0,16,117
07/30/2017,FLG,AZ,AWP,WE,Federal Contract Tower,7,10,7,0,24,0,21,46,1,68,7,31,53,1,92,6,0,6,98
07/31/2017,FLG,AZ,AWP,WE,Federal Contract Tower,7,11,4,0,22,0,30,50,0,80,7,41,54,0,102,18,0,18,120
08/01/2017,FLG,AZ,AWP,WE,Federal Contract Tower,8,10,3,2,23,0,32,55,2,89,8,42,58,4,112,4,0,4,116
08/02/2017,FLG,AZ,AWP,WE,Federal Contract Tower,8,4,5,0,17,0,38,50,0,88,8,42,55,0,105,18,0,18,123
08/03/2017,FLG,AZ,AWP,WE,Federal Contract Tower,7,2,2,0,11,0,19,44,0,63,7,21,46,0,74,2,0,2,76
08/04/2017,FLG,AZ,AWP,WE,Federal Contract Tower,8,10,13,0,31,0,17,46,0,63,8,27,59,0,94,4,0,4,98
08/05/2017,FLG,AZ,AWP,WE,Federal Contract Tower,8,8,4,2,22,0,30,39,1,70,8,38,43,3,92,0,4,4,96
08/06/2017,FLG,AZ,AWP,WE,Federal Contract Tower,8,13,10,0,31,0,24,66,0,90,8,37,76,0,121,0,0,0,121
08/07/2017,FLG,AZ,AWP,WE,Federal Contract Tower,8,8,10,0,26,0,19,53,0,72,8,27,63,0,98,38,0,38,136
08/09/2017,FLG,AZ,AWP,WE,Federal Contract Tower,8,4,4,0,16,0,33,75,0,108,8,37,79,0,124,60,0,60,184
08/10/2017,FLG,AZ,AWP,WE,Federal Contract Tower,8,6,8,2,24,0,21,59,2,82,8,27,67,4,106,24,0,24,130
08/11/2017,FLG,AZ,AWP,WE,Federal Contract Tower,8,14,12,0,34,0,30,59,1,90,8,44,71,1,124,12,0,12,136
08/12/2017,FLG,AZ,AWP,WE,Federal Contract Tower,8,5,13,0,26,0,7,38,0,45,8,12,51,0,71,12,0,12,83
08/13/2017,FLG,AZ,AWP,WE,Federal Contract Tower,8,13,5,0,26,0,21,51,0,72,8,34,56,0,98,20,0,20,118
08/14/2017,FLG,AZ,AWP,WE,Federal Contract Tower,8,14,8,0,30,0,35,69,0,104,8,49,77,0,134,34,0,34,168
08/16/2017,FLG,AZ,AWP,WE,Federal Contract Tower,7,11,4,2,24,0,38,72,0,110,7,49,76,2,134,32,0,32,166
08/17/2017,FLG,AZ,AWP,WE,Federal Contract Tower,8,6,15,2,31,0,40,66,6,112,8,46,81,8,143,44,4,48,191
08/18/2017,FLG,AZ,AWP,WE,Federal Contract Tower,8,1,14,2,25,0,46,59,0,105,8,47,73,2,130,36,0,36,166
08/19/2017,FLG,AZ,AWP,WE,Federal Contract Tower,7,1,7,0,15,0,12,50,0,62,7,13,57,0,77,18,0,18,95
08/20/2017,FLG,AZ,AWP,WE,Federal Contract Tower,8,4,14,0,26,0,30,42,1,73,8,34,56,1,99,4,0,4,103
08/21/2017,FLG,AZ,AWP,WE,Federal Contract Tower,7,11,6,0,24,0,37,46,1,84,7,48,52,1,108,2,0,2,110
08/22/2017,FLG,AZ,AWP,WE,Federal Contract Tower,3,2,10,2,17,0,30,57,0,87,3,32,67,2,104,60,0,60,164
08/23/2017,FLG,AZ,AWP,WE,Federal Contract Tower,6,10,10,0,26,0,35,60,2,97,6,45,70,2,123,28,0,28,151
08/24/2017,FLG,AZ,AWP,WE,Federal Contract Tower,8,10,19,2,39,0,35,71,0,106,8,45,90,2,145,26,0,26,171
08/25/2017,FLG,AZ,AWP,WE,Federal Contract Tower,8,8,19,0,35,0,41,88,6,135,8,49,107,6,170,78,0,78,248
08/26/2017,FLG,AZ,AWP,WE,Federal Contract Tower,4,2,2,0,8,0,17,266,8,291,4,19,268,8,299,62,8,70,369
08/27/2017,FLG,AZ,AWP,WE,Federal Contract Tower,8,6,6,0,20,0,19,66,0,85,8,25,72,0,105,32,0,32,137
08/28/2017,FLG,AZ,AWP,WE,Federal Contract Tower,8,15,11,0,34,0,21,64,0,85,8,36,75,0,119,30,0,30,149
08/29/2017,FLG,AZ,AWP,WE,Federal Contract Tower,4,12,4,2,22,0,25,50,0,75,4,37,54,2,97,26,0,26,123
08/30/2017,FLG,AZ,AWP,WE,Federal Contract Tower,8,4,2,0,14,0,26,63,0,89,8,30,65,0,103,16,0,16,119
08/31/2017,FLG,AZ,AWP,WE,Federal Contract Tower,8,11,5,2,26,0,25,59,0,84,8,36,64,2,110,16,0,16,126
09/01/2017,FLG,AZ,AWP,WE,Federal Contract Tower,8,8,6,0,22,0,33,61,0,94,8,41,67,0,116,14,0,14,130
09/02/2017,FLG,AZ,AWP,WE,Federal Contract Tower,4,1,4,0,9,0,19,48,0,67,4,20,52,0,76,6,0,6,82
09/03/2017,FLG,AZ,AWP,WE,Federal Contract Tower,7,5,1,0,13,0,14,62,0,76,7,19,63,0,89,6,0,6,95
09/04/2017,FLG,AZ,AWP,WE,Federal Contract Tower,8,12,9,0,29,0,30,74,0,104,8,42,83,0,133,24,0,24,157
09/05/2017,FLG,AZ,AWP,WE,Federal Contract Tower,4,4,5,0,13,0,32,62,2,96,4,36,67,2,109,34,0,34,143
09/06/2017,FLG,AZ,AWP,WE,Federal Contract Tower,6,5,3,0,14,0,36,67,2,105,6,41,70,2,119,10,0,10,129
09/07/2017,FLG,AZ,AWP,WE,Federal Contract Tower,9,4,7,0,20,0,25,59,2,86,9,29,66,2,106,50,0,50,156
09/08/2017,FLG,AZ,AWP,WE,Federal Contract Tower,8,12,8,8,36,0,54,47,0,101,8,66,55,8,137,50,0,50,187
09/09/2017,FLG,AZ,AWP,WE,Federal Contract Tower,4,5,12,0,21,0,21,36,2,59,4,26,48,2,80,6,0,6,86
09/10/2017,FLG,AZ,AWP,WE,Federal Contract Tower,8,9,11,0,28,0,18,63,0,81,8,27,74,0,109,14,0,14,123
09/11/2017,FLG,AZ,AWP,WE,Federal Contract Tower,8,14,14,0,36,0,27,66,0,93,8,41,80,0,129,20,0,20,149
09/12/2017,FLG,AZ,AWP,WE,Federal Contract Tower,4,4,5,0,13,0,27,62,0,89,4,31,67,0,102,20,0,20,122
09/13/2017,FLG,AZ,AWP,WE,Federal Contract Tower,8,9,8,0,25,0,15,43,0,58,8,24,51,0,83,22,0,22,105
09/14/2017,FLG,AZ,AWP,WE,Federal Contract Tower,8,7,8,2,25,0,20,35,2,57,8,27,43,4,82,2,0,2,84
09/15/2017,FLG,AZ,AWP,WE,Federal Contract Tower,8,2,4,0,14,0,36,59,0,95,8,38,63,0,109,4,0,4,113
09/16/2017,FLG,AZ,AWP,WE,Federal Contract Tower,4,4,5,0,13,0,10,80,0,90,4,14,85,0,103,4,0,4,107
09/17/2017,FLG,AZ,AWP,WE,Federal Contract Tower,8,6,8,0,22,0,6,64,0,70,8,12,72,0,92,12,0,12,104
09/18/2017,FLG,AZ,AWP,WE,Federal Contract Tower,8,9,11,0,28,0,36,44,0,80,8,45,55,0,108,0,0,0,108
09/19/2017,FLG,AZ,AWP,WE,Federal Contract Tower,4,6,5,0,15,0,27,38,4,69,4,33,43,4,84,10,0,10,94
09/20/2017,FLG,AZ,AWP,WE,Federal Contract Tower,7,8,8,0,23,0,31,40,2,73,7,39,48,2,96,0,0,0,96
09/21/2017,FLG,AZ,AWP,WE,Federal Contract Tower,8,16,6,0,30,0,25,39,0,64,8,41,45,0,94,16,0,16,110
09/22/2017,FLG,AZ,AWP,WE,Federal Contract Tower,10,8,10,0,28,0,21,32,0,53,10,29,42,0,81,2,0,2,83
09/23/2017,FLG,AZ,AWP,WE,Federal Contract Tower,4,2,13,0,19,0,27,39,0,66,4,29,52,0,85,4,0,4,89
09/24/2017,FLG,AZ,AWP,WE,Federal Contract Tower,8,15,5,0,28,0,30,66,3,99,8,45,71,3,127,20,0,20,147
09/25/2017,FLG,AZ,AWP,WE,Federal Contract Tower,8,9,2,0,19,0,19,57,2,78,8,28,59,2,97,34,0,34,131
09/26/2017,FLG,AZ,AWP,WE,Federal Contract Tower,4,7,9,4,24,38,86,3,0,127,42,93,12,4,151,22,0,22,173
09/27/2017,FLG,AZ,AWP,WE,Federal Contract Tower,8,9,5,4,26,0,37,74,2,113,8,46,79,6,139,6,0,6,145
09/28/2017,FLG,AZ,AWP,WE,Federal Contract Tower,8,8,4,0,20,0,21,61,2,84,8,29,65,2,104,46,0,46,150
09/29/2017,FLG,AZ,AWP,WE,Federal Contract Tower,8,5,1,0,14,0,31,90,1,122,8,36,91,1,136,14,0,14,150
09/30/2017,FLG,AZ,AWP,WE,Federal Contract Tower,4,5,3,0,12,0,18,55,1,74,4,23,58,1,86,8,1,9,95
10/01/2017,FLG,AZ,AWP,WE,Federal Contract Tower,7,2,7,0,16,0,7,44,0,51,7,9,51,0,67,0,0,0,67
10/02/2017,FLG,AZ,AWP,WE,Federal Contract Tower,7,9,8,1,25,0,17,29,1,47,7,26,37,2,72,0,2,2,74
10/03/2017,FLG,AZ,AWP,WE,Federal Contract Tower,4,3,7,0,14,0,29,58,0,87,4,32,65,0,101,14,6,20,121
10/04/2017,FLG,AZ,AWP,WE,Federal Contract Tower,7,8,10,2,27,0,43,61,0,104,7,51,71,2,131,8,0,8,139
10/05/2017,FLG,AZ,AWP,WE,Federal Contract Tower,7,10,9,2,28,0,41,65,0,106,7,51,74,2,134,12,10,22,156
10/06/2017,FLG,AZ,AWP,WE,Federal Contract Tower,8,7,11,2,28,0,39,78,0,117,8,46,89,2,145,14,2,16,161
10/07/2017,FLG,AZ,AWP,WE,Federal Contract Tower,7,1,2,3,13,0,24,61,2,87,7,25,63,5,100,10,6,16,116
10/08/2017,FLG,AZ,AWP,WE,Federal Contract Tower,7,3,10,0,20,0,17,47,4,68,7,20,57,4,88,18,0,18,106
10/09/2017,FLG,AZ,AWP,WE,Federal Contract Tower,7,8,8,2,25,0,25,50,2,77,7,33,58,4,102,10,0,10,112
10/10/2017,FLG,AZ,AWP,WE,Federal Contract Tower,7,7,11,0,25,0,27,50,4,81,7,34,61,4,106,4,0,4,110
10/11/2017,FLG,AZ,AWP,WE,Federal Contract Tower,7,10,4,0,21,0,41,59,0,100,7,51,63,0,121,42,0,42,163
10/12/2017,FLG,AZ,AWP,WE,Federal Contract Tower,7,4,5,0,16,0,30,54,0,84,7,34,59,0,100,20,0,20,120
10/13/2017,FLG,AZ,AWP,WE,Federal Contract Tower,8,5,8,0,21,0,18,54,0,72,8,23,62,0,93,0,0,0,93
10/14/2017,FLG,AZ,AWP,WE,Federal Contract Tower,9,5,7,3,24,0,17,66,2,85,9,22,73,5,109,40,2,42,151
10/15/2017,FLG,AZ,AWP,WE,Federal Contract Tower,7,4,13,0,24,0,19,66,0,85,7,23,79,0,109,8,0,8,117
10/16/2017,FLG,AZ,AWP,WE,Federal Contract Tower,7,10,9,0,26,0,25,57,0,82,7,35,66,0,108,40,0,40,148
10/17/2017,FLG,AZ,AWP,WE,Federal Contract Tower,9,6,10,1,26,0,15,56,1,72,9,21,66,2,98,52,0,52,150
10/18/2017,FLG,AZ,AWP,WE,Federal Contract Tower,7,3,6,4,20,0,26,67,0,93,7,29,73,4,113,14,0,14,127
10/19/2017,FLG,AZ,AWP,WE,Federal Contract Tower,6,9,10,4,29,0,31,74,0,105,6,40,84,4,134,10,0,10,144
10/20/2017,FLG,AZ,AWP,WE,Federal Contract Tower,7,4,4,0,15,0,26,43,0,69,7,30,47,0,84,22,0,22,106
10/21/2017,FLG,AZ,AWP,WE,Federal Contract Tower,5,6,2,0,13,0,7,61,2,70,5,13,63,2,83,16,0,16,99
10/22/2017,FLG,AZ,AWP,WE,Federal Contract Tower,7,5,7,0,19,0,5,67,0,72,7,10,74,0,91,2,0,2,93
10/23/2017,FLG,AZ,AWP,WE,Federal Contract Tower,7,7,6,0,20,0,34,56,0,90,7,41,62,0,110,4,0,4,114
10/24/2017,FLG,AZ,AWP,WE,Federal Contract Tower,7,9,10,0,26,0,28,35,0,63,7,37,45,0,89,10,0,10,99
10/25/2017,FLG,AZ,AWP,WE,Federal Contract Tower,7,9,5,0,21,0,29,63,0,92,7,38,68,0,113,10,0,10,123
10/26/2017,FLG,AZ,AWP,WE,Federal Contract Tower,7,3,7,0,17,0,33,69,2,104,7,36,76,2,121,20,0,20,141
10/27/2017,FLG,AZ,AWP,WE,Federal Contract Tower,7,8,11,5,31,0,33,68,2,103,7,41,79,7,134,30,4,34,168
10/28/2017,FLG,AZ,AWP,WE,Federal Contract Tower,5,4,9,0,18,0,2,38,0,40,5,6,47,0,58,10,0,10,68
10/29/2017,FLG,AZ,AWP,WE,Federal Contract Tower,7,3,1,0,11,0,11,59,0,70,7,14,60,0,81,34,0,34,115
10/30/2017,FLG,AZ,AWP,WE,Federal Contract Tower,7,7,3,0,17,0,21,53,0,74,7,28,56,0,91,8,0,8,99
10/31/2017,FLG,AZ,AWP,WE,Federal Contract Tower,6,7,8,0,21,0,32,42,2,76,6,39,50,2,97,16,0,16,113
11/01/2017,FLG,AZ,AWP,WE,Federal Contract Tower,7,13,5,0,25,0,35,63,2,100,7,48,68,2,125,50,0,50,175
11/02/2017,FLG,AZ,AWP,WE,Federal Contract Tower,6,13,9,4,32,0,44,75,0,119,6,57,84,4,151,18,0,18,169
11/03/2017,FLG,AZ,AWP,WE,Federal Contract Tower,9,8,10,2,29,0,26,51,0,77,9,34,61,2,106,12,0,12,118
11/04/2017,FLG,AZ,AWP,WE,Federal Contract Tower,9,5,3,4,21,0,24,51,0,75,9,29,54,4,96,8,2,10,106
11/05/2017,FLG,AZ,AWP,WE,Federal Contract Tower,6,5,4,2,17,0,8,37,0,45,6,13,41,2,62,24,0,24,86
11/06/2017,FLG,AZ,AWP,WE,Federal Contract Tower,6,10,4,3,23,0,27,41,1,69,6,37,45,4,92,12,0,12,104
11/07/2017,FLG,AZ,AWP,WE,Federal Contract Tower,7,8,10,4,29,0,19,36,0,55,7,27,46,4,84,20,0,20,104
11/08/2017,FLG,AZ,AWP,WE,Federal Contract Tower,6,8,8,8,30,0,32,63,0,95,6,40,71,8,125,12,0,12,137
11/09/2017,FLG,AZ,AWP,WE,Federal Contract Tower,5,3,4,4,16,0,37,77,2,116,5,40,81,6,132,38,0,38,170
11/10/2017,FLG,AZ,AWP,WE,Federal Contract Tower,7,4,13,3,27,0,38,56,9,103,7,42,69,12,130,32,0,32,162
11/11/2017,FLG,AZ,AWP,WE,Federal Contract Tower,5,10,12,0,27,0,23,83,0,106,5,33,95,0,133,42,0,42,175
11/12/2017,FLG,AZ,AWP,WE,Federal Contract Tower,6,4,8,0,18,0,14,73,0,87,6,18,81,0,105,38,0,38,143
11/13/2017,FLG,AZ,AWP,WE,Federal Contract Tower,6,5,4,0,15,0,27,57,0,84,6,32,61,0,99,36,0,36,135
11/14/2017,FLG,AZ,AWP,WE,Federal Contract Tower,6,10,10,0,26,0,30,65,4,99,6,40,75,4,125,34,0,34,159
11/15/2017,FLG,AZ,AWP,WE,Federal Contract Tower,6,6,5,0,17,0,27,71,0,98,6,33,76,0,115,14,0,14,129
11/16/2017,FLG,AZ,AWP,WE,Federal Contract Tower,6,5,6,9,26,0,33,53,2,88,6,38,59,11,114,28,0,28,142
11/17/2017,FLG,AZ,AWP,WE,Federal Contract Tower,6,5,9,2,22,0,14,28,0,42,6,19,37,2,64,10,0,10,74
11/18/2017,FLG,AZ,AWP,WE,Federal Contract Tower,6,3,4,0,13,0,14,43,0,57,6,17,47,0,70,42,0,42,112
11/19/2017,FLG,AZ,AWP,WE,Federal Contract Tower,5,1,4,0,10,0,11,36,0,47,5,12,40,0,57,4,0,4,61
11/20/2017,FLG,AZ,AWP,WE,Federal Contract Tower,7,1,4,0,12,0,11,43,2,56,7,12,47,2,68,14,0,14,82
11/21/2017,FLG,AZ,AWP,WE,Federal Contract Tower,5,5,5,4,19,0,17,50,6,73,5,22,55,10,92,30,0,30,122
11/22/2017,FLG,AZ,AWP,WE,Federal Contract Tower,6,6,10,6,28,0,20,71,0,91,6,26,81,6,119,18,0,18,137
11/23/2017,FLG,AZ,AWP,WE,Federal Contract Tower,2,3,1,0,6,0,16,40,0,56,2,19,41,0,62,34,0,34,96
11/24/2017,FLG,AZ,AWP,WE,Federal Contract Tower,4,4,9,0,17,0,23,54,0,77,4,27,63,0,94,26,0,26,120
11/25/2017,FLG,AZ,AWP,WE,Federal Contract Tower,6,3,6,0,15,0,6,61,0,67,6,9,67,0,82,26,0,26,108
11/26/2017,FLG,AZ,AWP,WE,Federal Contract Tower,6,6,14,0,26,0,21,61,2,84,6,27,75,2,110,24,0,24,134
11/27/2017,FLG,AZ,AWP,WE,Federal Contract Tower,6,11,2,1,20,0,19,38,2,59,6,30,40,3,79,2,0,2,81
11/28/2017,FLG,AZ,AWP,WE,Federal Contract Tower,6,10,7,0,23,0,32,60,0,92,6,42,67,0,115,40,0,40,155
11/29/2017,FLG,AZ,AWP,WE,Federal Contract Tower,6,6,8,4,24,0,35,65,0,100,6,41,73,4,124,54,0,54,178
11/30/2017,FLG,AZ,AWP,WE,Federal Contract Tower,6,7,4,0,17,0,38,63,0,101,6,45,67,0,118,58,0,58,176
12/01/2017,FLG,AZ,AWP,WE,Federal Contract Tower,6,1,2,0,9,0,24,50,0,74,6,25,52,0,83,16,0,16,99
12/02/2017,FLG,AZ,AWP,WE,Federal Contract Tower,6,7,11,0,24,0,13,50,0,63,6,20,61,0,87,40,0,40,127
12/03/2017,FLG,AZ,AWP,WE,Federal Contract Tower,6,1,8,0,15,0,18,53,0,71,6,19,61,0,86,8,0,8,94
12/04/2017,FLG,AZ,AWP,WE,Federal Contract Tower,7,9,6,2,24,0,21,43,3,67,7,30,49,5,91,42,0,42,133
12/05/2017,FLG,AZ,AWP,WE,Federal Contract Tower,7,9,9,1,26,0,32,37,0,69,7,41,46,1,95,32,8,40,135
12/06/2017,FLG,AZ,AWP,WE,Federal Contract Tower,6,13,5,0,24,0,39,65,5,109,6,52,70,5,133,46,12,58,191
12/07/2017,FLG,AZ,AWP,WE,Federal Contract Tower,7,5,8,0,20,2,23,27,2,54,9,28,35,2,74,14,0,14,88
12/08/2017,FLG,AZ,AWP,WE,Federal Contract Tower,6,8,7,0,21,0,26,46,2,74,6,34,53,2,95,2,0,2,97
12/09/2017,FLG,AZ,AWP,WE,Federal Contract Tower,6,4,5,0,15,0,11,39,0,50,6,15,44,0,65,12,0,12,77
12/10/2017,FLG,AZ,AWP,WE,Federal Contract Tower,6,4,2,0,12,0,7,49,0,56,6,11,51,0,68,52,0,52,120
12/11/2017,FLG,AZ,AWP,WE,Federal Contract Tower,6,7,1,0,14,0,17,56,0,73,6,24,57,0,87,4,0,4,91
12/12/2017,FLG,AZ,AWP,WE,Federal Contract Tower,6,5,11,0,22,0,20,44,2,66,6,25,55,2,88,28,0,28,116
12/13/2017,FLG,AZ,AWP,WE,Federal Contract Tower,6,9,3,0,18,0,37,61,0,98,6,46,64,0,116,4,0,4,120
12/14/2017,FLG,AZ,AWP,WE,Federal Contract Tower,6,8,3,0,17,0,28,24,2,54,6,36,27,2,71,10,4,14,85
12/15/2017,FLG,AZ,AWP,WE,Federal Contract Tower,5,4,6,1,16,0,31,60,3,94,5,35,66,4,110,54,0,54,164
12/16/2017,FLG,AZ,AWP,WE,Federal Contract Tower,4,8,4,0,16,0,26,61,0,87,4,34,65,0,103,52,4,56,159
12/17/2017,FLG,AZ,AWP,WE,Federal Contract Tower,4,1,1,0,6,0,13,33,2,48,4,14,34,2,54,24,0,24,78
12/18/2017,FLG,AZ,AWP,WE,Federal Contract Tower,5,8,5,2,20,0,27,52,0,79,5,35,57,2,99,28,0,28,127
12/19/2017,FLG,AZ,AWP,WE,Federal Contract Tower,6,9,8,0,23,0,24,56,1,81,6,33,64,1,104,44,0,44,148
12/20/2017,FLG,AZ,AWP,WE,Federal Contract Tower,6,12,8,1,27,0,38,65,1,104,6,50,73,2,131,52,0,52,183
12/21/2017,FLG,AZ,AWP,WE,Federal Contract Tower,6,10,6,0,22,0,23,34,1,58,6,33,40,1,80,32,0,32,112
12/22/2017,FLG,AZ,AWP,WE,Federal Contract Tower,5,9,6,1,21,0,34,55,0,89,5,43,61,1,110,30,10,40,150
12/23/2017,FLG,AZ,AWP,WE,Federal Contract Tower,6,3,7,0,16,0,28,35,0,63,6,31,42,0,79,8,0,8,87
12/24/2017,FLG,AZ,AWP,WE,Federal Contract Tower,2,3,3,0,8,0,4,33,0,37,2,7,36,0,45,2,0,2,47
12/25/2017,FLG,AZ,AWP,WE,Federal Contract Tower,2,0,0,0,2,0,8,9,0,17,2,8,9,0,19,0,0,0,19
12/26/2017,FLG,AZ,AWP,WE,Federal Contract Tower,7,8,6,2,23,0,11,55,0,66,7,19,61,2,89,0,0,0,89
12/27/2017,FLG,AZ,AWP,WE,Federal Contract Tower,6,9,4,0,19,0,30,52,0,82,6,39,56,0,101,12,0,12,113
12/28/2017,FLG,AZ,AWP,WE,Federal Contract Tower,6,4,5,2,17,0,33,57,0,90,6,37,62,2,107,28,0,28,135
12/29/2017,FLG,AZ,AWP,WE,Federal Contract Tower,6,1,1,0,8,0,31,57,2,90,6,32,58,2,98,70,0,70,168
12/30/2017,FLG,AZ,AWP,WE,Federal Contract Tower,6,3,5,0,14,0,26,59,0,85,6,29,64,0,99,88,0,88,187
12/31/2017,FLG,AZ,AWP,WE,Federal Contract Tower,4,1,3,0,8,0,10,42,0,52,4,11,45,0,60,10,0,10,70
01/01/2018,FLG,AZ,AWP,WE,Federal Contract Tower,5,4,4,0,13,0,21,38,0,59,5,25,42,0,72,24,0,24,96
01/02/2018,FLG,AZ,AWP,WE,Federal Contract Tower,6,8,4,0,18,0,23,42,0,65,6,31,46,0,83,18,0,18,101
01/03/2018,FLG,AZ,AWP,WE,Federal Contract Tower,6,5,6,0,17,0,32,58,2,92,6,37,64,2,109,56,0,56,165
01/04/2018,FLG,AZ,AWP,WE,Federal Contract Tower,7,5,4,1,17,0,29,75,3,107,7,34,79,4,124,30,0,30,154
01/05/2018,FLG,AZ,AWP,WE,Federal Contract Tower,6,3,5,0,14,0,26,51,31,108,6,29,56,31,122,24,0,24,146
01/06/2018,FLG,AZ,AWP,WE,Federal Contract Tower,6,2,2,0,10,0,8,42,0,50,6,10,44,0,60,18,0,18,78
01/07/2018,FLG,AZ,AWP,WE,Federal Contract Tower,6,1,3,3,13,0,22,51,0,73,6,23,54,3,86,16,0,16,102
01/08/2018,FLG,AZ,AWP,WE,Federal Contract Tower,4,6,6,0,16,0,31,36,0,67,4,37,42,0,83,18,0,18,101
01/09/2018,FLG,AZ,AWP,WE,Federal Contract Tower,4,6,1,0,11,0,34,7,0,41,4,40,8,0,52,6,0,6,58
01/10/2018,FLG,AZ,AWP,WE,Federal Contract Tower,4,7,9,0,20,0,2,0,0,2,4,9,9,0,22,0,0,0,22
01/11/2018,FLG,AZ,AWP,WE,Federal Contract Tower,4,3,6,2,15,0,29,61,1,91,4,32,67,3,106,24,0,24,130
01/12/2018,FLG,AZ,AWP,WE,Federal Contract Tower,6,7,3,0,16,6,16,54,0,76,12,23,57,0,92,20,0,20,112
01/13/2018,FLG,AZ,AWP,WE,Federal Contract Tower,6,3,7,0,16,10,19,45,0,74,16,22,52,0,90,24,0,24,114
01/14/2018,FLG,AZ,AWP,WE,Federal Contract Tower,5,3,6,0,14,6,14,47,0,67,11,17,53,0,81,30,0,30,111
01/15/2018,FLG,AZ,AWP,WE,Federal Contract Tower,4,7,0,0,11,0,40,69,0,109,4,47,69,0,120,42,0,42,162
01/16/2018,FLG,AZ,AWP,WE,Federal Contract Tower,4,11,1,2,18,0,26,54,0,80,4,37,55,2,98,36,0,36,134
01/17/2018,FLG,AZ,AWP,WE,Federal Contract Tower,4,11,4,2,21,0,28,61,0,89,4,39,65,2,110,78,0,78,188
01/18/2018,FLG,AZ,AWP,WE,Federal Contract Tower,4,8,3,0,15,0,38,78,0,116,4,46,81,0,131,56,0,56,187
01/19/2018,FLG,AZ,AWP,WE,Federal Contract Tower,4,2,4,2,12,0,28,54,4,86,4,30,58,6,98,40,4,44,142
01/20/2018,FLG,AZ,AWP,WE,Federal Contract Tower,5,2,0,0,7,0,0,0,0,0,5,2,0,0,7,0,0,0,7
01/21/2018,FLG,AZ,AWP,WE,Federal Contract Tower,2,1,1,0,4,0,6,25,2,33,2,7,26,2,37,12,2,14,51
01/22/2018,FLG,AZ,AWP,WE,Federal Contract Tower,5,8,4,2,19,0,25,45,0,70,5,33,49,2,89,32,0,32,121
01/23/2018,FLG,AZ,AWP,WE,Federal Contract Tower,4,8,8,0,20,0,30,58,0,88,4,38,66,0,108,28,0,28,136
01/24/2018,FLG,AZ,AWP,WE,Federal Contract Tower,4,6,9,0,19,0,29,81,2,112,4,35,90,2,131,56,0,56,187
01/25/2018,FLG,AZ,AWP,WE,Federal Contract Tower,5,5,4,0,14,0,26,37,0,63,5,31,41,0,77,8,0,8,85
01/26/2018,FLG,AZ,AWP,WE,Federal Contract Tower,5,5,2,4,16,0,17,60,0,77,5,22,62,4,93,72,0,72,165
01/27/2018,FLG,AZ,AWP,WE,Federal Contract Tower,5,5,7,1,18,0,20,57,1,78,5,25,64,2,96,98,2,100,196
01/28/2018,FLG,AZ,AWP,WE,Federal Contract Tower,5,8,9,0,22,0,22,49,1,72,5,30,58,1,94,4,0,4,98
01/29/2018,FLG,AZ,AWP,WE,Federal Contract Tower,4,9,8,0,21,0,34,40,2,76,4,43,48,2,97,20,0,20,117
01/30/2018,FLG,AZ,AWP,WE,Federal Contract Tower,4,10,6,0,20,0,21,48,0,69,4,31,54,0,89,30,0,30,119
01/31/2018,FLG,AZ,AWP,WE,Federal Contract Tower,5,16,3,0,24,0,31,65,4,100,5,47,68,4,124,56,0,56,180
02/01/2018,FLG,AZ,AWP,WE,Federal Contract Tower,4,9,0,2,15,0,40,67,2,109,4,49,67,4,124,34,0,34,158
02/02/2018,FLG,AZ,AWP,WE,Federal Contract Tower,3,3,3,4,13,0,23,54,0,77,3,26,57,4,90,42,0,42,132
02/03/2018,FLG,AZ,AWP,WE,Federal Contract Tower,5,1,7,0,13,0,16,59,2,77,5,17,66,2,90,26,0,26,116
02/04/2018,FLG,AZ,AWP,WE,Federal Contract Tower,5,1,3,0,9,0,11,47,2,60,5,12,50,2,69,16,0,16,85
02/05/2018,FLG,AZ,AWP,WE,Federal Contract Tower,4,7,6,4,21,0,27,46,0,73,4,34,52,4,94,46,0,46,140
02/06/2018,FLG,AZ,AWP,WE,Federal Contract Tower,4,12,2,2,20,0,30,53,0,83,4,42,55,2,103,20,0,20,123
02/07/2018,FLG,AZ,AWP,WE,Federal Contract Tower,4,7,3,0,14,0,36,47,4,87,4,43,50,4,101,12,4,16,117
02/08/2018,FLG,AZ,AWP,WE,Federal Contract Tower,4,6,3,0,13,0,35,71,2,108,4,41,74,2,121,64,0,64,185
02/09/2018,FLG,AZ,AWP,WE,Federal Contract Tower,4,4,11,3,22,0,21,63,6,90,4,25,74,9,112,48,0,48,160
02/10/2018,FLG,AZ,AWP,WE,Federal Contract Tower,4,6,2,1,13,0,23,35,5,63,4,29,37,6,76,0,0,0,76
02/11/2018,FLG,AZ,AWP,WE,Federal Contract Tower,5,0,3,4,12,0,15,41,2,58,5,15,44,6,70,12,6,18,88
02/12/2018,FLG,AZ,AWP,WE,Federal Contract Tower,4,11,3,0,18,0,0,0,0,0,4,11,3,0,18,0,0,0,18
02/13/2018,FLG,AZ,AWP,WE,Federal Contract Tower,3,11,8,0,22,0,3,0,0,3,3,14,8,0,25,0,0,0,25
02/14/2018,FLG,AZ,AWP,WE,Federal Contract Tower,3,5,10,1,19,0,17,23,1,41,3,22,33,2,60,24,12,36,96
02/15/2018,FLG,AZ,AWP,WE,Federal Contract Tower,4,8,6,0,18,0,14,4,0,18,4,22,10,0,36,0,0,0,36
02/16/2018,FLG,AZ,AWP,WE,Federal Contract Tower,4,5,6,0,15,0,22,47,0,69,4,27,53,0,84,6,0,6,90
02/17/2018,FLG,AZ,AWP,WE,Federal Contract Tower,5,2,2,0,9,0,10,55,3,68,5,12,57,3,77,32,0,32,109
02/18/2018,FLG,AZ,AWP,WE,Federal Contract Tower,5,3,1,0,9,0,0,30,0,30,5,3,31,0,39,22,0,22,61
02/19/2018,FLG,AZ,AWP,WE,Federal Contract Tower,3,0,1,0,4,0,0,0,0,0,3,0,1,0,4,0,0,0,4
02/20/2018,FLG,AZ,AWP,WE,Federal Contract Tower,2,2,4,0,8,0,27,29,7,63,2,29,33,7,71,8,4,12,83
02/21/2018,FLG,AZ,AWP,WE,Federal Contract Tower,3,5,6,2,16,0,36,65,0,101,3,41,71,2,117,52,0,52,169
02/22/2018,FLG,AZ,AWP,WE,Federal Contract Tower,5,5,2,2,14,0,40,50,2,92,5,45,52,4,106,28,0,28,134
02/23/2018,FLG,AZ,AWP,WE,Federal Contract Tower,1,5,3,0,9,0,0,0,0,0,1,5,3,0,9,0,0,0,9
02/24/2018,FLG,AZ,AWP,WE,Federal Contract Tower,4,4,1,0,9,0,29,51,0,80,4,33,52,0,89,10,0,10,99
02/25/2018,FLG,AZ,AWP,WE,Federal Contract Tower,4,0,5,0,9,0,13,55,2,70,4,13,60,2,79,14,2,16,95
02/26/2018,FLG,AZ,AWP,WE,Federal Contract Tower,5,6,6,2,19,0,36,46,0,82,5,42,52,2,101,44,0,44,145
02/27/2018,FLG,AZ,AWP,WE,Federal Contract Tower,4,11,5,0,20,0,31,40,2,73,4,42,45,2,93,16,0,16,109
02/28/2018,FLG,AZ,AWP,WE,Federal Contract Tower,2,2,5,2,11,0,11,9,0,20,2,13,14,2,31,12,0,12,43
03/01/2018,FLG,AZ,AWP,WE,Federal Contract Tower,5,3,2,2,12,0,24,55,4,83,5,27,57,6,95,46,0,46,141
03/02/2018,FLG,AZ,AWP,WE,Federal Contract Tower,5,3,5,0,13,0,21,50,2,73,5,24,55,2,86,38,0,38,124
03/03/2018,FLG,AZ,AWP,WE,Federal Contract Tower,5,7,2,4,18,0,17,23,2,42,5,24,25,6,60,14,4,18,78
03/04/2018,FLG,AZ,AWP,WE,Federal Contract Tower,5,7,4,0,16,0,11,13,3,27,5,18,17,3,43,0,0,0,43
03/05/2018,FLG,AZ,AWP,WE,Federal Contract Tower,5,5,1,0,11,0,19,43,3,65,5,24,44,3,76,36,0,36,112
03/06/2018,FLG,AZ,AWP,WE,Federal Contract Tower,5,7,1,2,15,0,30,65,0,95,5,37,66,2,110,32,0,32,142
03/07/2018,FLG,AZ,AWP,WE,Federal Contract Tower,6,6,6,0,18,0,38,67,0,105,6,44,73,0,123,60,0,60,183
03/08/2018,FLG,AZ,AWP,WE,Federal Contract Tower,5,1,3,2,11,0,38,73,1,112,5,39,76,3,123,86,14,100,223
03/09/2018,FLG,AZ,AWP,WE,Federal Contract Tower,5,3,3,0,11,0,29,54,0,83,5,32,57,0,94,42,0,42,136
03/10/2018,FLG,AZ,AWP,WE,Federal Contract Tower,5,5,3,0,13,0,18,34,0,52,5,23,37,0,65,2,0,2,67
03/11/2018,FLG,AZ,AWP,WE,Federal Contract Tower,5,5,11,0,21,0,0,4,0,4,5,5,15,0,25,0,0,0,25
03/12/2018,FLG,AZ,AWP,WE,Federal Contract Tower,5,10,11,0,26,0,11,15,0,26,5,21,26,0,52,2,0,2,54
03/13/2018,FLG,AZ,AWP,WE,Federal Contract Tower,5,9,6,0,20,0,34,63,0,97,5,43,69,0,117,16,0,16,133
03/14/2018,FLG,AZ,AWP,WE,Federal Contract Tower,5,7,4,0,16,0,43,44,6,93,5,50,48,6,109,2,0,2,111
03/15/2018,FLG,AZ,AWP,WE,Federal Contract Tower,5,7,5,0,17,0,7,2,0,9,5,14,7,0,26,0,0,0,26
03/16/2018,FLG,AZ,AWP,WE,Federal Contract Tower,5,2,13,4,24,0,28,62,0,90,5,30,75,4,114,40,12,52,166
03/17/2018,FLG,AZ,AWP,WE,Federal Contract Tower,5,6,3,2,16,0,32,26,0,58,5,38,29,2,74,2,8,10,84
03/18/2018,FLG,AZ,AWP,WE,Federal Contract Tower,5,1,3,0,9,0,2,23,0,25,5,3,26,0,34,0,0,0,34
03/19/2018,FLG,AZ,AWP,WE,Federal Contract Tower,5,2,2,0,9,0,35,45,3,83,5,37,47,3,92,30,0,30,122
03/20/2018,FLG,AZ,AWP,WE,Federal Contract Tower,5,10,6,2,23,0,30,48,7,85,5,40,54,9,108,16,0,16,124
03/21/2018,FLG,AZ,AWP,WE,Federal Contract Tower,5,5,3,2,15,0,22,73,2,97,5,27,76,4,112,72,0,72,184
03/22/2018,FLG,AZ,AWP,WE,Federal Contract Tower,5,8,2,0,15,0,27,50,0,77,5,35,52,0,92,42,0,42,134
03/23/2018,FLG,AZ,AWP,WE,Federal Contract Tower,5,10,5,0,20,0,17,46,2,65,5,27,51,2,85,16,0,16,101
03/24/2018,FLG,AZ,AWP,WE,Federal Contract Tower,5,3,5,0,13,0,20,42,2,64,5,23,47,2,77,14,0,14,91
03/25/2018,FLG,AZ,AWP,WE,Federal Contract Tower,5,3,3,0,11,0,9,53,0,62,5,12,56,0,73,10,0,10,83
03/26/2018,FLG,AZ,AWP,WE,Federal Contract Tower,4,2,8,0,14,0,11,34,5,50,4,13,42,5,64,12,4,16,80
03/27/2018,FLG,AZ,AWP,WE,Federal Contract Tower,5,4,5,4,18,0,16,45,0,61,5,20,50,4,79,38,0,38,117
03/28/2018,FLG,AZ,AWP,WE,Federal Contract Tower,5,9,1,0,15,0,31,66,12,109,5,40,67,12,124,48,14,62,186
03/29/2018,FLG,AZ,AWP,WE,Federal Contract Tower,5,7,3,0,15,0,44,79,0,123,5,51,82,0,138,76,0,76,214
03/30/2018,FLG,AZ,AWP,WE,Federal Contract Tower,5,3,8,1,17,0,25,73,8,106,5,28,81,9,123,42,8,50,173
03/31/2018,FLG,AZ,AWP,WE,Federal Contract Tower,4,6,5,0,15,0,21,67,0,88,4,27,72,0,103,26,0,26,129
04/02/2018,FLG,AZ,AWP,WE,Federal Contract Tower,5,6,7,1,19,0,56,41,4,101,5,62,48,5,120,2,5,7,127
04/03/2018,FLG,AZ,AWP,WE,Federal Contract Tower,7,8,6,2,23,0,39,61,0,100,7,47,67,2,123,44,4,48,171
04/04/2018,FLG,AZ,AWP,WE,Federal Contract Tower,7,5,9,2,23,0,40,60,2,102,7,45,69,4,125,2,0,2,127
04/05/2018,FLG,AZ,AWP,WE,Federal Contract Tower,7,4,4,0,15,0,45,72,4,121,7,49,76,4,136,80,12,92,228
04/06/2018,FLG,AZ,AWP,WE,Federal Contract Tower,7,6,10,0,23,0,33,55,6,94,7,39,65,6,117,0,0,0,117
04/07/2018,FLG,AZ,AWP,WE,Federal Contract Tower,6,8,5,0,19,0,6,44,3,53,6,14,49,3,72,20,0,20,92
04/08/2018,FLG,AZ,AWP,WE,Federal Contract Tower,7,9,11,0,27,0,41,78,0,119,7,50,89,0,146,16,0,16,162
04/09/2018,FLG,AZ,AWP,WE,Federal Contract Tower,7,12,4,2,25,0,41,46,0,87,7,53,50,2,112,22,0,22,134
04/10/2018,FLG,AZ,AWP,WE,Federal Contract Tower,6,11,6,2,25,0,44,85,0,129,6,55,91,2,154,44,0,44,198
04/11/2018,FLG,AZ,AWP,WE,Federal Contract Tower,7,7,4,1,19,0,45,46,5,96,7,52,50,6,115,14,0,14,129
04/12/2018,FLG,AZ,AWP,WE,Federal Contract Tower,7,6,5,1,19,0,13,9,6,28,7,19,14,7,47,12,2,14,61
04/13/2018,FLG,AZ,AWP,WE,Federal Contract Tower,7,7,4,0,18,0,38,30,0,68,7,45,34,0,86,8,0,8,94
04/14/2018,FLG,AZ,AWP,WE,Federal Contract Tower,6,0,1,0,7,0,21,53,0,74,6,21,54,0,81,18,0,18,99
04/15/2018,FLG,AZ,AWP,WE,Federal Contract Tower,7,8,6,0,21,0,29,63,4,96,7,37,69,4,117,28,0,28,145
04/16/2018,FLG,AZ,AWP,WE,Federal Contract Tower,7,8,3,1,19,0,20,20,10,50,7,28,23,11,69,0,0,0,69
04/17/2018,FLG,AZ,AWP,WE,Federal Contract Tower,7,11,6,0,24,0,27,47,0,74,7,38,53,0,98,28,0,28,126
04/18/2018,FLG,AZ,AWP,WE,Federal Contract Tower,7,6,4,0,17,0,43,69,0,112,7,49,73,0,129,22,0,22,151
04/19/2018,FLG,AZ,AWP,WE,Federal Contract Tower,8,8,5,0,21,0,35,29,0,64,8,43,34,0,85,30,0,30,115
04/20/2018,FLG,AZ,AWP,WE,Federal Contract Tower,7,1,15,3,26,0,28,20,0,48,7,29,35,3,74,0,0,0,74
04/21/2018,FLG,AZ,AWP,WE,Federal Contract Tower,6,1,4,3,14,0,27,75,2,104,6,28,79,5,118,22,0,22,140
04/22/2018,FLG,AZ,AWP,WE,Federal Contract Tower,7,11,2,0,20,0,29,58,0,87,7,40,60,0,107,62,0,62,169
04/23/2018,FLG,AZ,AWP,WE,Federal Contract Tower,7,7,7,2,23,0,44,46,0,90,7,51,53,2,113,58,0,58,171
04/24/2018,FLG,AZ,AWP,WE,Federal Contract Tower,7,11,6,0,24,0,40,82,0,122,7,51,88,0,146,48,2,50,196
04/25/2018,FLG,AZ,AWP,WE,Federal Contract Tower,7,7,5,1,20,0,36,59,0,95,7,43,64,1,115,84,10,94,209
04/26/2018,FLG,AZ,AWP,WE,Federal Contract Tower,7,5,8,0,20,0,33,67,2,102,7,38,75,2,122,36,0,36,158
04/27/2018,FLG,AZ,AWP,WE,Federal Contract Tower,7,4,5,0,16,0,30,69,0,99,7,34,74,0,115,58,0,58,173
04/28/2018,FLG,AZ,AWP,WE,Federal Contract Tower,6,5,2,0,13,0,20,48,0,68,6,25,50,0,81,6,0,6,87
04/29/2018,FLG,AZ,AWP,WE,Federal Contract Tower,7,10,4,0,21,0,15,61,2,78,7,25,65,2,99,2,0,2,101
04/30/2018,FLG,AZ,AWP,WE,Federal Contract Tower,7,12,10,0,29,0,31,43,2,76,7,43,53,2,105,2,0,2,107
05/01/2018,FLG,AZ,AWP,WE,Federal Contract Tower,7,8,9,0,24,0,16,22,0,38,7,24,31,0,62,6,0,6,68
05/02/2018,FLG,AZ,AWP,WE,Federal Contract Tower,7,8,7,0,22,0,1,1,0,2,7,9,8,0,24,0,0,0,24
05/03/2018,FLG,AZ,AWP,WE,Federal Contract Tower,8,6,2,0,16,0,34,68,0,102,8,40,70,0,118,32,0,32,150
05/04/2018,FLG,AZ,AWP,WE,Federal Contract Tower,8,4,7,0,19,0,27,81,4,112,8,31,88,4,131,14,0,14,145
05/05/2018,FLG,AZ,AWP,WE,Federal Contract Tower,8,7,2,0,17,0,42,56,0,98,8,49,58,0,115,20,0,20,135
05/06/2018,FLG,AZ,AWP,WE,Federal Contract Tower,8,13,3,0,24,0,33,73,2,108,8,46,76,2,132,4,0,4,136
05/07/2018,FLG,AZ,AWP,WE,Federal Contract Tower,6,9,6,2,23,0,33,71,0,104,6,42,77,2,127,10,0,10,137
05/08/2018,FLG,AZ,AWP,WE,Federal Contract Tower,6,9,5,4,24,0,46,89,0,135,6,55,94,4,159,16,4,20,179
05/09/2018,FLG,AZ,AWP,WE,Federal Contract Tower,8,8,4,2,22,0,32,69,0,101,8,40,73,2,123,38,0,38,161
05/10/2018,FLG,AZ,AWP,WE,Federal Contract Tower,7,6,7,2,22,0,41,56,3,100,7,47,63,5,122,0,0,0,122
05/11/2018,FLG,AZ,AWP,WE,Federal Contract Tower,7,10,8,2,27,0,18,30,4,52,7,28,38,6,79,4,0,4,83
05/12/2018,FLG,AZ,AWP,WE,Federal Contract Tower,8,14,6,2,30,0,48,34,0,82,8,62,40,2,112,0,0,0,112
05/13/2018,FLG,AZ,AWP,WE,Federal Contract Tower,7,15,2,0,24,0,42,69,0,111,7,57,71,0,135,26,0,26,161
05/14/2018,FLG,AZ,AWP,WE,Federal Contract Tower,7,11,5,0,23,0,20,55,0,75,7,31,60,0,98,44,0,44,142
05/15/2018,FLG,AZ,AWP,WE,Federal Contract Tower,7,7,6,0,20,0,38,49,0,87,7,45,55,0,107,6,0,6,113
05/16/2018,FLG,AZ,AWP,WE,Federal Contract Tower,7,5,13,0,25,0,26,62,4,92,7,31,75,4,117,56,4,60,177
05/17/2018,FLG,AZ,AWP,WE,Federal Contract Tower,9,15,18,2,44,0,37,61,2,100,9,52,79,4,144,36,14,50,194
05/18/2018,FLG,AZ,AWP,WE,Federal Contract Tower,10,9,20,0,39,0,30,76,0,106,10,39,96,0,145,22,0,22,167
05/19/2018,FLG,AZ,AWP,WE,Federal Contract Tower,8,3,10,0,21,0,15,63,0,78,8,18,73,0,99,10,0,10,109
05/20/2018,FLG,AZ,AWP,WE,Federal Contract Tower,6,12,15,0,33,0,41,60,0,101,6,53,75,0,134,2,0,2,136
05/21/2018,FLG,AZ,AWP,WE,Federal Contract Tower,7,8,8,0,23,0,53,57,0,110,7,61,65,0,133,38,0,38,171
05/22/2018,FLG,AZ,AWP,WE,Federal Contract Tower,7,8,1,0,16,0,41,48,6,95,7,49,49,6,111,18,2,20,131
05/23/2018,FLG,AZ,AWP,WE,Federal Contract Tower,7,9,5,2,23,0,44,83,4,131,7,53,88,6,154,30,0,30,184
05/24/2018,FLG,AZ,AWP,WE,Federal Contract Tower,7,6,5,0,18,0,32,77,0,109,7,38,82,0,127,40,0,40,167
05/25/2018,FLG,AZ,AWP,WE,Federal Contract Tower,7,7,8,2,24,0,27,64,0,91,7,34,72,2,115,18,0,18,133
05/26/2018,FLG,AZ,AWP,WE,Federal Contract Tower,8,4,8,0,20,0,23,57,2,82,8,27,65,2,102,24,0,24,126
05/27/2018,FLG,AZ,AWP,WE,Federal Contract Tower,5,11,2,0,18,0,26,58,2,86,5,37,60,2,104,10,0,10,114
05/28/2018,FLG,AZ,AWP,WE,Federal Contract Tower,7,14,3,0,24,0,39,86,0,125,7,53,89,0,149,22,0,22,171
05/29/2018,FLG,AZ,AWP,WE,Federal Contract Tower,7,11,5,0,23,0,52,60,0,112,7,63,65,0,135,36,0,36,171
05/30/2018,FLG,AZ,AWP,WE,Federal Contract Tower,7,9,9,2,27,0,41,73,0,114,7,50,82,2,141,10,0,10,151
05/31/2018,FLG,AZ,AWP,WE,Federal Contract Tower,7,11,12,2,32,0,52,43,0,95,7,63,55,2,127,38,0,38,165
06/01/2018,FLG,AZ,AWP,WE,Federal Contract Tower,7,0,4,0,11,0,37,77,2,116,7,37,81,2,127,34,0,34,161
06/02/2018,FLG,AZ,AWP,WE,Federal Contract Tower,8,3,2,0,13,0,12,49,0,61,8,15,51,0,74,38,0,38,112
06/03/2018,FLG,AZ,AWP,WE,Federal Contract Tower,7,8,4,0,19,0,45,61,0,106,7,53,65,0,125,26,0,26,151
06/04/2018,FLG,AZ,AWP,WE,Federal Contract Tower,7,8,12,0,27,0,43,70,0,113,7,51,82,0,140,4,0,4,144
06/05/2018,FLG,AZ,AWP,WE,Federal Contract Tower,9,8,5,0,22,0,52,77,1,130,9,60,82,1,152,24,0,24,176
06/06/2018,FLG,AZ,AWP,WE,Federal Contract Tower,7,8,13,2,30,0,43,82,0,125,7,51,95,2,155,30,0,30,185
06/07/2018,FLG,AZ,AWP,WE,Federal Contract Tower,5,7,6,0,18,0,43,66,0,109,5,50,72,0,127,20,0,20,147
06/08/2018,FLG,AZ,AWP,WE,Federal Contract Tower,5,8,14,0,27,0,33,65,16,114,5,41,79,16,141,12,8,20,161
06/09/2018,FLG,AZ,AWP,WE,Federal Contract Tower,9,10,6,1,26,0,29,59,8,96,9,39,65,9,122,12,0,12,134
06/10/2018,FLG,AZ,AWP,WE,Federal Contract Tower,5,9,6,0,20,0,36,59,4,99,5,45,65,4,119,4,0,4,123
06/11/2018,FLG,AZ,AWP,WE,Federal Contract Tower,5,10,8,0,23,0,23,55,0,78,5,33,63,0,101,28,0,28,129
06/12/2018,FLG,AZ,AWP,WE,Federal Contract Tower,5,11,9,0,25,0,42,57,0,99,5,53,66,0,124,46,0,46,170
06/13/2018,FLG,AZ,AWP,WE,Federal Contract Tower,5,6,14,0,25,0,48,76,0,124,5,54,90,0,149,34,0,34,183
06/14/2018,FLG,AZ,AWP,WE,Federal Contract Tower,5,8,9,0,22,0,32,70,0,102,5,40,79,0,124,50,0,50,174
06/15/2018,FLG,AZ,AWP,WE,Federal Contract Tower,5,9,5,2,21,0,47,70,7,124,5,56,75,9,145,38,12,50,195
06/16/2018,FLG,AZ,AWP,WE,Federal Contract Tower,9,10,10,2,31,0,14,6,3,23,9,24,16,5,54,0,0,0,54
06/17/2018,FLG,AZ,AWP,WE,Federal Contract Tower,5,7,2,0,14,0,36,79,8,123,5,43,81,8,137,30,0,30,167
06/18/2018,FLG,AZ,AWP,WE,Federal Contract Tower,5,9,4,0,18,0,31,71,0,102,5,40,75,0,120,28,0,28,148
06/19/2018,FLG,AZ,AWP,WE,Federal Contract Tower,5,8,4,0,17,0,43,68,0,111,5,51,72,0,128,52,0,52,180
06/20/2018,FLG,AZ,AWP,WE,Federal Contract Tower,5,12,9,0,26,0,40,59,0,99,5,52,68,0,125,46,0,46,171
06/21/2018,FLG,AZ,AWP,WE,Federal Contract Tower,5,10,7,0,22,0,36,83,0,119,5,46,90,0,141,40,0,40,181
06/22/2018,FLG,AZ,AWP,WE,Federal Contract Tower,5,8,7,0,20,0,32,74,2,108,5,40,81,2,128,56,0,56,184
06/23/2018,FLG,AZ,AWP,WE,Federal Contract Tower,9,9,5,0,23,0,62,62,0,124,9,71,67,0,147,32,0,32,179
06/24/2018,FLG,AZ,AWP,WE,Federal Contract Tower,5,6,9,0,20,0,49,85,0,134,5,55,94,0,154,12,0,12,166
06/25/2018,FLG,AZ,AWP,WE,Federal Contract Tower,5,7,2,1,15,0,40,61,0,101,5,47,63,1,116,22,0,22,138
06/26/2018,FLG,AZ,AWP,WE,Federal Contract Tower,5,9,4,0,18,0,46,77,6,129,5,55,81,6,147,14,0,14,161
06/27/2018,FLG,AZ,AWP,WE,Federal Contract Tower,5,10,14,0,29,0,31,53,0,84,5,41,67,0,113,62,0,62,175
06/28/2018,FLG,AZ,AWP,WE,Federal Contract Tower,5,8,9,0,22,0,40,48,0,88,5,48,57,0,110,34,0,34,144
06/29/2018,FLG,AZ,AWP,WE,Federal Contract Tower,5,5,8,5,23,0,38,78,0,116,5,43,86,5,139,30,0,30,169
06/30/2018,FLG,AZ,AWP,WE,Federal Contract Tower,9,4,7,0,20,0,27,80,0,107,9,31,87,0,127,28,0,28,155
07/01/2018,FLG,AZ,AWP,WE,Federal Contract Tower,5,9,12,0,26,0,28,78,0,106,5,37,90,0,132,30,0,30,162
07/02/2018,FLG,AZ,AWP,WE,Federal Contract Tower,5,6,3,0,14,0,41,62,0,103,5,47,65,0,117,32,0,32,149
07/03/2018,FLG,AZ,AWP,WE,Federal Contract Tower,5,11,7,0,23,0,37,54,0,91,5,48,61,0,114,16,0,16,130
07/04/2018,FLG,AZ,AWP,WE,Federal Contract Tower,5,10,3,0,18,0,44,46,0,90,5,54,49,0,108,4,0,4,112
07/05/2018,FLG,AZ,AWP,WE,Federal Contract Tower,7,8,6,0,21,0,34,64,0,98,7,42,70,0,119,32,0,32,151
07/06/2018,FLG,AZ,AWP,WE,Federal Contract Tower,7,6,3,2,18,0,44,64,0,108,7,50,67,2,126,18,0,18,144
07/07/2018,FLG,AZ,AWP,WE,Federal Contract Tower,11,3,5,0,19,0,26,59,0,85,11,29,64,0,104,6,0,6,110
07/08/2018,FLG,AZ,AWP,WE,Federal Contract Tower,7,5,5,0,17,0,9,36,0,45,7,14,41,0,62,0,0,0,62
07/09/2018,FLG,AZ,AWP,WE,Federal Contract Tower,11,3,5,0,19,0,15,54,0,69,11,18,59,0,88,10,0,10,98
07/10/2018,FLG,AZ,AWP,WE,Federal Contract Tower,6,9,9,2,26,0,9,31,0,40,6,18,40,2,66,16,0,16,82
07/11/2018,FLG,AZ,AWP,WE,Federal Contract Tower,9,4,6,0,19,0,21,42,2,65,9,25,48,2,84,28,0,28,112
07/12/2018,FLG,AZ,AWP,WE,Federal Contract Tower,7,9,9,0,25,0,19,42,2,63,7,28,51,2,88,50,0,50,138
07/13/2018,FLG,AZ,AWP,WE,Federal Contract Tower,7,7,10,1,25,0,32,56,1,89,7,39,66,2,114,20,0,20,134
07/14/2018,FLG,AZ,AWP,WE,Federal Contract Tower,11,4,5,0,20,0,13,35,4,52,11,17,40,4,72,2,0,2,74
07/15/2018,FLG,AZ,AWP,WE,Federal Contract Tower,7,5,9,0,21,0,13,25,1,39,7,18,34,1,60,0,0,0,60
07/16/2018,FLG,AZ,AWP,WE,Federal Contract Tower,7,11,7,0,25,0,11,44,0,55,7,22,51,0,80,22,0,22,102
07/17/2018,FLG,AZ,AWP,WE,Federal Contract Tower,7,4,1,2,14,0,32,46,2,80,7,36,47,4,94,26,0,26,120
07/18/2018,FLG,AZ,AWP,WE,Federal Contract Tower,7,8,9,0,24,0,34,53,3,90,7,42,62,3,114,8,0,8,122
07/19/2018,FLG,AZ,AWP,WE,Federal Contract Tower,7,10,7,1,25,0,39,63,0,102,7,49,70,1,127,18,0,18,145
07/20/2018,FLG,AZ,AWP,WE,Federal Contract Tower,7,9,3,0,19,0,23,51,2,76,7,32,54,2,95,18,0,18,113
07/21/2018,FLG,AZ,AWP,WE,Federal Contract Tower,12,7,3,0,22,0,9,39,0,48,12,16,42,0,70,8,0,8,78
07/22/2018,FLG,AZ,AWP,WE,Federal Contract Tower,7,12,13,0,32,0,19,50,0,69,7,31,63,0,101,4,0,4,105
07/23/2018,FLG,AZ,AWP,WE,Federal Contract Tower,7,13,5,0,25,0,29,45,2,76,7,42,50,2,101,8,0,8,109
07/24/2018,FLG,AZ,AWP,WE,Federal Contract Tower,8,7,3,0,18,28,35,8,0,71,36,42,11,0,89,4,0,4,93
07/25/2018,FLG,AZ,AWP,WE,Federal Contract Tower,7,10,4,1,22,0,33,35,2,70,7,43,39,3,92,6,2,8,100
07/26/2018,FLG,AZ,AWP,WE,Federal Contract Tower,7,6,5,0,18,0,21,53,2,76,7,27,58,2,94,22,2,24,118
07/27/2018,FLG,AZ,AWP,WE,Federal Contract Tower,7,7,5,0,19,0,28,53,8,89,7,35,58,8,108,16,2,18,126
07/28/2018,FLG,AZ,AWP,WE,Federal Contract Tower,11,3,9,0,23,0,17,45,0,62,11,20,54,0,85,12,0,12,97
07/29/2018,FLG,AZ,AWP,WE,Federal Contract Tower,8,9,13,0,30,0,35,39,0,74,8,44,52,0,104,32,0,32,136
07/30/2018,FLG,AZ,AWP,WE,Federal Contract Tower,5,9,7,0,21,0,33,34,0,67,5,42,41,0,88,34,0,34,122
07/31/2018,FLG,AZ,AWP,WE,Federal Contract Tower,8,10,7,0,25,0,29,68,0,97,8,39,75,0,122,36,0,36,158
08/01/2018,FLG,AZ,AWP,WE,Federal Contract Tower,6,8,8,2,24,1,15,46,0,62,7,23,54,2,86,18,0,18,104
08/02/2018,FLG,AZ,AWP,WE,Federal Contract Tower,6,5,2,0,13,0,35,67,0,102,6,40,69,0,115,40,0,40,155
08/03/2018,FLG,AZ,AWP,WE,Federal Contract Tower,8,13,9,0,30,0,29,75,0,104,8,42,84,0,134,34,0,34,168
08/04/2018,FLG,AZ,AWP,WE,Federal Contract Tower,11,2,6,0,19,0,13,58,0,71,11,15,64,0,90,4,0,4,94
08/05/2018,FLG,AZ,AWP,WE,Federal Contract Tower,5,12,12,0,29,0,47,59,0,106,5,59,71,0,135,0,0,0,135
08/06/2018,FLG,AZ,AWP,WE,Federal Contract Tower,5,10,10,0,25,0,33,55,0,88,5,43,65,0,113,66,0,66,179
08/07/2018,FLG,AZ,AWP,WE,Federal Contract Tower,5,12,6,0,23,0,36,87,0,123,5,48,93,0,146,68,0,68,214
08/08/2018,FLG,AZ,AWP,WE,Federal Contract Tower,8,8,12,0,28,0,37,53,1,91,8,45,65,1,119,22,0,22,141
08/09/2018,FLG,AZ,AWP,WE,Federal Contract Tower,5,7,11,0,23,0,23,53,2,78,5,30,64,2,101,42,0,42,143
08/10/2018,FLG,AZ,AWP,WE,Federal Contract Tower,5,12,6,1,24,0,22,62,1,85,5,34,68,2,109,72,0,72,181
08/11/2018,FLG,AZ,AWP,WE,Federal Contract Tower,8,13,3,0,24,0,10,53,0,63,8,23,56,0,87,22,0,22,109
08/12/2018,FLG,AZ,AWP,WE,Federal Contract Tower,6,9,5,0,20,0,23,55,0,78,6,32,60,0,98,14,0,14,112
08/13/2018,FLG,AZ,AWP,WE,Federal Contract Tower,5,9,7,2,23,0,24,45,2,71,5,33,52,4,94,22,0,22,116
08/14/2018,FLG,AZ,AWP,WE,Federal Contract Tower,5,9,9,1,24,0,22,50,1,73,5,31,59,2,97,12,2,14,111
08/15/2018,FLG,AZ,AWP,WE,Federal Contract Tower,5,8,9,0,22,0,47,52,0,99,5,55,61,0,121,24,0,24,145
08/16/2018,FLG,AZ,AWP,WE,Federal Contract Tower,5,4,4,1,14,0,49,41,3,93,5,53,45,4,107,36,0,36,143
08/17/2018,FLG,AZ,AWP,WE,Federal Contract Tower,5,11,8,0,24,0,28,54,0,82,5,39,62,0,106,16,0,16,122
08/18/2018,FLG,AZ,AWP,WE,Federal Contract Tower,9,2,10,0,21,0,24,52,0,76,9,26,62,0,97,18,0,18,115
08/19/2018,FLG,AZ,AWP,WE,Federal Contract Tower,5,11,12,0,28,0,11,65,2,78,5,22,77,2,106,28,0,28,134
08/20/2018,FLG,AZ,AWP,WE,Federal Contract Tower,5,9,3,0,17,0,34,49,3,86,5,43,52,3,103,20,0,20,123
08/21/2018,FLG,AZ,AWP,WE,Federal Contract Tower,4,8,6,0,18,0,13,57,9,79,4,21,63,9,97,8,0,8,105
08/22/2018,FLG,AZ,AWP,WE,Federal Contract Tower,5,11,7,0,23,0,17,46,8,71,5,28,53,8,94,48,0,48,142
08/23/2018,FLG,AZ,AWP,WE,Federal Contract Tower,7,10,6,0,23,0,23,47,0,70,7,33,53,0,93,42,0,42,135
08/24/2018,FLG,AZ,AWP,WE,Federal Contract Tower,6,5,10,0,21,0,33,65,4,102,6,38,75,4,123,30,0,30,153
08/25/2018,FLG,AZ,AWP,WE,Federal Contract Tower,6,4,7,0,17,0,38,258,0,296,6,42,265,0,313,64,0,64,377
08/26/2018,FLG,AZ,AWP,WE,Federal Contract Tower,5,12,8,0,25,0,26,67,19,112,5,38,75,19,137,34,6,40,177
08/27/2018,FLG,AZ,AWP,WE,Federal Contract Tower,5,13,10,2,30,0,17,55,4,76,5,30,65,6,106,16,0,16,122
08/28/2018,FLG,AZ,AWP,WE,Federal Contract Tower,4,12,5,4,25,0,24,81,0,105,4,36,86,4,130,38,6,44,174
08/30/2018,FLG,AZ,AWP,WE,Federal Contract Tower,5,7,3,0,15,0,41,73,2,116,5,48,76,2,131,32,6,38,169
08/31/2018,FLG,AZ,AWP,WE,Federal Contract Tower,7,6,7,0,20,0,55,81,0,136,7,61,88,0,156,24,0,24,180
09/01/2018,FLG,AZ,AWP,WE,Federal Contract Tower,6,5,1,0,12,0,23,52,0,75,6,28,53,0,87,6,0,6,93
09/02/2018,FLG,AZ,AWP,WE,Federal Contract Tower,5,11,2,0,18,0,20,41,0,61,5,31,43,0,79,0,0,0,79
09/03/2018,FLG,AZ,AWP,WE,Federal Contract Tower,4,8,6,0,18,0,17,56,0,73,4,25,62,0,91,34,0,34,125
09/04/2018,FLG,AZ,AWP,WE,Federal Contract Tower,5,7,5,0,17,0,18,41,0,59,5,25,46,0,76,18,0,18,94
09/05/2018,FLG,AZ,AWP,WE,Federal Contract Tower,7,8,3,0,18,0,40,60,0,100,7,48,63,0,118,34,0,34,152
09/06/2018,FLG,AZ,AWP,WE,Federal Contract Tower,5,5,0,4,14,0,35,63,4,102,5,40,63,8,116,70,0,70,186
09/07/2018,FLG,AZ,AWP,WE,Federal Contract Tower,5,7,7,4,23,0,37,98,2,137,5,44,105,6,160,44,2,46,206
09/08/2018,FLG,AZ,AWP,WE,Federal Contract Tower,4,2,4,0,10,0,23,80,0,103,4,25,84,0,113,16,0,16,129
09/09/2018,FLG,AZ,AWP,WE,Federal Contract Tower,5,12,5,0,22,0,52,83,0,135,5,64,88,0,157,18,0,18,175
09/10/2018,FLG,AZ,AWP,WE,Federal Contract Tower,5,13,4,0,22,0,39,49,0,88,5,52,53,0,110,16,0,16,126
09/11/2018,FLG,AZ,AWP,WE,Federal Contract Tower,3,9,12,3,27,41,70,0,0,111,44,79,12,3,138,34,0,34,172
09/12/2018,FLG,AZ,AWP,WE,Federal Contract Tower,5,13,8,0,26,0,42,53,8,103,5,55,61,8,129,18,4,22,151
09/13/2018,FLG,AZ,AWP,WE,Federal Contract Tower,5,10,6,0,21,0,25,68,0,93,5,35,74,0,114,26,0,26,140
09/14/2018,FLG,AZ,AWP,WE,Federal Contract Tower,7,5,5,0,17,0,48,58,16,122,7,53,63,16,139,40,0,40,179
09/15/2018,FLG,AZ,AWP,WE,Federal Contract Tower,6,0,4,0,10,0,48,61,0,109,6,48,65,0,119,6,0,6,125
09/16/2018,FLG,AZ,AWP,WE,Federal Contract Tower,5,7,5,0,17,0,36,60,0,96,5,43,65,0,113,22,0,22,135
09/17/2018,FLG,AZ,AWP,WE,Federal Contract Tower,5,8,6,0,19,0,37,56,1,94,5,45,62,1,113,28,0,28,141
09/18/2018,FLG,AZ,AWP,WE,Federal Contract Tower,4,7,4,0,15,0,33,67,12,112,4,40,71,12,127,24,0,24,151
09/19/2018,FLG,AZ,AWP,WE,Federal Contract Tower,5,6,7,2,20,0,6,17,2,25,5,12,24,4,45,16,20,36,81
09/20/2018,FLG,AZ,AWP,WE,Federal Contract Tower,5,7,5,2,19,0,36,48,0,84,5,43,53,2,103,30,0,30,133
09/21/2018,FLG,AZ,AWP,WE,Federal Contract Tower,5,10,3,0,18,0,26,77,0,103,5,36,80,0,121,12,0,12,133
09/22/2018,FLG,AZ,AWP,WE,Federal Contract Tower,4,10,5,0,19,0,28,80,0,108,4,38,85,0,127,22,0,22,149
09/23/2018,FLG,AZ,AWP,WE,Federal Contract Tower,5,4,5,0,14,0,10,58,0,68,5,14,63,0,82,4,0,4,86
09/24/2018,FLG,AZ,AWP,WE,Federal Contract Tower,5,14,7,0,26,0,38,53,0,91,5,52,60,0,117,4,0,4,121
09/25/2018,FLG,AZ,AWP,WE,Federal Contract Tower,4,12,10,0,26,0,36,42,0,78,4,48,52,0,104,0,0,0,104
09/26/2018,FLG,AZ,AWP,WE,Federal Contract Tower,5,10,12,0,27,0,19,46,0,65,5,29,58,0,92,30,0,30,122
09/27/2018,FLG,AZ,AWP,WE,Federal Contract Tower,5,6,7,0,18,0,44,63,0,107,5,50,70,0,125,26,0,26,151
09/28/2018,FLG,AZ,AWP,WE,Federal Contract Tower,7,5,5,0,17,0,26,73,2,101,7,31,78,2,118,32,0,32,150
09/29/2018,FLG,AZ,AWP,WE,Federal Contract Tower,5,2,3,0,10,0,31,58,0,89,5,33,61,0,99,16,0,16,115
09/30/2018,FLG,AZ,AWP,WE,Federal Contract Tower,5,9,4,0,18,0,23,51,0,74,5,32,55,0,92,0,0,0,92
10/01/2018,FLG,AZ,AWP,WE,Federal Contract Tower,5,7,2,0,14,0,8,8,0,16,5,15,10,0,30,10,0,10,40
10/02/2018,FLG,AZ,AWP,WE,Federal Contract Tower,3,11,12,0,26,0,0,2,0,2,3,11,14,0,28,0,0,0,28
10/03/2018,FLG,AZ,AWP,WE,Federal Contract Tower,5,12,20,2,39,0,30,29,0,59,5,42,49,2,98,24,0,24,122
10/04/2018,FLG,AZ,AWP,WE,Federal Contract Tower,5,3,11,6,25,0,23,41,6,70,5,26,52,12,95,30,8,38,133
10/05/2018,FLG,AZ,AWP,WE,Federal Contract Tower,7,7,13,2,29,0,30,52,0,82,7,37,65,2,111,8,0,8,119
10/06/2018,FLG,AZ,AWP,WE,Federal Contract Tower,5,3,11,0,19,0,15,25,0,40,5,18,36,0,59,10,0,10,69
10/07/2018,FLG,AZ,AWP,WE,Federal Contract Tower,5,10,15,0,30,0,2,2,0,4,5,12,17,0,34,0,0,0,34
10/08/2018,FLG,AZ,AWP,WE,Federal Contract Tower,5,5,6,0,16,0,5,10,0,15,5,10,16,0,31,6,0,6,37
10/09/2018,FLG,AZ,AWP,WE,Federal Contract Tower,4,10,4,2,20,0,36,64,2,102,4,46,68,4,122,8,0,8,130
10/10/2018,FLG,AZ,AWP,WE,Federal Contract Tower,5,9,8,0,22,0,28,35,1,64,5,37,43,1,86,20,0,20,106
10/11/2018,FLG,AZ,AWP,WE,Federal Contract Tower,5,12,13,0,30,0,14,9,0,23,5,26,22,0,53,22,0,22,75
10/12/2018,FLG,AZ,AWP,WE,Federal Contract Tower,5,5,9,0,19,0,29,30,0,59,5,34,39,0,78,10,0,10,88
10/13/2018,FLG,AZ,AWP,WE,Federal Contract Tower,4,4,9,0,17,0,13,27,0,40,4,17,36,0,57,2,0,2,59
10/14/2018,FLG,AZ,AWP,WE,Federal Contract Tower,5,5,15,0,25,0,14,35,2,51,5,19,50,2,76,20,0,20,96
10/15/2018,FLG,AZ,AWP,WE,Federal Contract Tower,5,2,8,0,15,0,12,29,2,43,5,14,37,2,58,16,0,16,74
10/16/2018,FLG,AZ,AWP,WE,Federal Contract Tower,5,9,1,0,15,0,0,0,0,0,5,9,1,0,15,0,0,0,15
10/17/2018,FLG,AZ,AWP,WE,Federal Contract Tower,8,15,10,1,34,0,12,5,3,20,8,27,15,4,54,12,0,12,66
10/18/2018,FLG,AZ,AWP,WE,Federal Contract Tower,5,9,14,2,30,0,34,69,2,105,5,43,83,4,135,6,0,6,141
10/19/2018,FLG,AZ,AWP,WE,Federal Contract Tower,7,10,6,0,23,0,22,54,12,88,7,32,60,12,111,22,0,22,133
10/20/2018,FLG,AZ,AWP,WE,Federal Contract Tower,6,6,7,0,19,0,10,46,0,56,6,16,53,0,75,28,0,28,103
10/21/2018,FLG,AZ,AWP,WE,Federal Contract Tower,5,7,11,0,23,0,14,35,0,49,5,21,46,0,72,22,0,22,94
10/22/2018,FLG,AZ,AWP,WE,Federal Contract Tower,5,8,10,0,23,0,11,31,0,42,5,19,41,0,65,24,0,24,89
10/23/2018,FLG,AZ,AWP,WE,Federal Contract Tower,5,10,5,0,20,0,17,31,0,48,5,27,36,0,68,8,0,8,76
10/24/2018,FLG,AZ,AWP,WE,Federal Contract Tower,5,15,5,0,25,0,40,71,0,111,5,55,76,0,136,28,0,28,164
10/25/2018,FLG,AZ,AWP,WE,Federal Contract Tower,5,10,5,3,23,0,33,64,0,97,5,43,69,3,120,28,0,28,148
10/26/2018,FLG,AZ,AWP,WE,Federal Contract Tower,7,5,4,2,18,0,40,63,2,105,7,45,67,4,123,18,0,18,141
10/27/2018,FLG,AZ,AWP,WE,Federal Contract Tower,5,2,2,0,9,0,24,58,0,82,5,26,60,0,91,48,0,48,139
10/28/2018,FLG,AZ,AWP,WE,Federal Contract Tower,5,4,7,0,16,0,13,69,0,82,5,17,76,0,98,18,0,18,116
10/29/2018,FLG,AZ,AWP,WE,Federal Contract Tower,5,7,9,0,21,0,18,58,2,78,5,25,67,2,99,26,0,26,125
10/30/2018,FLG,AZ,AWP,WE,Federal Contract Tower,5,13,3,0,21,0,20,37,2,59,5,33,40,2,80,4,0,4,84
10/31/2018,FLG,AZ,AWP,WE,Federal Contract Tower,4,6,6,0,16,0,34,42,0,76,4,40,48,0,92,12,0,12,104
11/01/2018,FLG,AZ,AWP,WE,Federal Contract Tower,5,3,4,0,12,0,24,57,0,81,5,27,61,0,93,32,0,32,125
11/02/2018,FLG,AZ,AWP,WE,Federal Contract Tower,7,2,12,0,21,0,34,65,2,101,7,36,77,2,122,46,0,46,168
11/03/2018,FLG,AZ,AWP,WE,Federal Contract Tower,5,2,5,0,12,0,13,58,3,74,5,15,63,3,86,10,0,10,96
11/04/2018,FLG,AZ,AWP,WE,Federal Contract Tower,4,4,3,0,11,0,9,39,3,51,4,13,42,3,62,0,0,0,62
11/05/2018,FLG,AZ,AWP,WE,Federal Contract Tower,4,12,10,0,26,0,23,39,0,62,4,35,49,0,88,16,0,16,104
11/06/2018,FLG,AZ,AWP,WE,Federal Contract Tower,4,4,4,0,12,0,23,47,2,72,4,27,51,2,84,16,0,16,100
11/07/2018,FLG,AZ,AWP,WE,Federal Contract Tower,5,2,3,0,10,0,22,59,0,81,5,24,62,0,91,22,0,22,113
11/08/2018,FLG,AZ,AWP,WE,Federal Contract Tower,4,11,4,0,19,0,31,68,0,99,4,42,72,0,118,22,0,22,140
11/09/2018,FLG,AZ,AWP,WE,Federal Contract Tower,5,3,3,2,13,0,38,46,6,90,5,41,49,8,103,10,0,10,113
11/10/2018,FLG,AZ,AWP,WE,Federal Contract Tower,4,2,4,0,10,0,18,52,0,70,4,20,56,0,80,28,0,28,108
11/11/2018,FLG,AZ,AWP,WE,Federal Contract Tower,4,3,2,4,13,0,13,45,0,58,4,16,47,4,71,14,0,14,85
11/12/2018,FLG,AZ,AWP,WE,Federal Contract Tower,4,6,2,0,12,0,20,16,0,36,4,26,18,0,48,0,0,0,48
11/13/2018,FLG,AZ,AWP,WE,Federal Contract Tower,4,10,4,0,18,0,32,59,0,91,4,42,63,0,109,30,0,30,139
11/14/2018,FLG,AZ,AWP,WE,Federal Contract Tower,4,5,8,0,17,0,34,53,0,87,4,39,61,0,104,28,0,28,132
11/15/2018,FLG,AZ,AWP,WE,Federal Contract Tower,4,5,10,0,19,0,38,63,5,106,4,43,73,5,125,20,0,20,145
11/16/2018,FLG,AZ,AWP,WE,Federal Contract Tower,4,4,6,0,14,0,36,57,3,96,4,40,63,3,110,24,0,24,134
11/17/2018,FLG,AZ,AWP,WE,Federal Contract Tower,5,3,2,0,10,0,20,50,8,78,5,23,52,8,88,12,0,12,100
11/18/2018,FLG,AZ,AWP,WE,Federal Contract Tower,4,2,12,0,18,0,8,54,6,68,4,10,66,6,86,22,0,22,108
11/19/2018,FLG,AZ,AWP,WE,Federal Contract Tower,4,3,6,0,13,0,10,64,2,76,4,13,70,2,89,24,2,26,115
11/20/2018,FLG,AZ,AWP,WE,Federal Contract Tower,4,5,11,0,20,0,44,62,0,106,4,49,73,0,126,22,0,22,148
11/21/2018,FLG,AZ,AWP,WE,Federal Contract Tower,4,3,8,4,19,0,26,57,0,83,4,29,65,4,102,20,0,20,122
11/23/2018,FLG,AZ,AWP,WE,Federal Contract Tower,3,7,8,0,18,0,18,53,0,71,3,25,61,0,89,10,0,10,99
11/24/2018,FLG,AZ,AWP,WE,Federal Contract Tower,6,3,5,0,14,0,17,43,0,60,6,20,48,0,74,0,0,0,74
11/25/2018,FLG,AZ,AWP,WE,Federal Contract Tower,6,6,9,0,21,0,24,38,0,62,6,30,47,0,83,0,0,0,83
11/26/2018,FLG,AZ,AWP,WE,Federal Contract Tower,4,3,5,0,12,0,21,42,0,63,4,24,47,0,75,12,0,12,87
11/27/2018,FLG,AZ,AWP,WE,Federal Contract Tower,3,8,11,4,26,0,25,65,0,90,3,33,76,4,116,46,0,46,162
11/28/2018,FLG,AZ,AWP,WE,Federal Contract Tower,4,8,6,2,20,0,31,57,4,92,4,39,63,6,112,26,26,52,164
11/29/2018,FLG,AZ,AWP,WE,Federal Contract Tower,4,9,8,0,21,0,23,43,0,66,4,32,51,0,87,42,0,42,129
11/30/2018,FLG,AZ,AWP,WE,Federal Contract Tower,4,3,4,0,11,0,1,2,0,3,4,4,6,0,14,0,0,0,14
12/01/2018,FLG,AZ,AWP,WE,Federal Contract Tower,4,5,0,0,9,0,5,21,0,26,4,10,21,0,35,0,0,0,35
12/02/2018,FLG,AZ,AWP,WE,Federal Contract Tower,4,1,4,0,9,0,5,6,0,11,4,6,10,0,20,0,0,0,20
12/03/2018,FLG,AZ,AWP,WE,Federal Contract Tower,4,2,5,0,11,0,16,47,2,65,4,18,52,2,76,12,0,12,88
12/04/2018,FLG,AZ,AWP,WE,Federal Contract Tower,3,4,4,0,11,0,26,51,0,77,3,30,55,0,88,52,0,52,140
12/05/2018,FLG,AZ,AWP,WE,Federal Contract Tower,3,6,6,0,15,0,31,48,0,79,3,37,54,0,94,54,0,54,148
12/06/2018,FLG,AZ,AWP,WE,Federal Contract Tower,4,9,9,0,22,0,0,0,0,0,4,9,9,0,22,0,0,0,22
12/07/2018,FLG,AZ,AWP,WE,Federal Contract Tower,5,3,13,0,21,0,0,0,0,0,5,3,13,0,21,0,0,0,21
12/08/2018,FLG,AZ,AWP,WE,Federal Contract Tower,5,3,2,0,10,0,15,38,0,53,5,18,40,0,63,38,0,38,101
12/09/2018,FLG,AZ,AWP,WE,Federal Contract Tower,4,1,6,0,11,0,4,51,0,55,4,5,57,0,66,26,0,26,92
12/10/2018,FLG,AZ,AWP,WE,Federal Contract Tower,4,2,2,0,8,0,22,53,0,75,4,24,55,0,83,26,0,26,109
12/11/2018,FLG,AZ,AWP,WE,Federal Contract Tower,4,7,6,2,19,0,18,64,0,82,4,25,70,2,101,28,0,28,129
12/12/2018,FLG,AZ,AWP,WE,Federal Contract Tower,4,4,4,0,12,0,25,46,0,71,4,29,50,0,83,28,0,28,111
12/13/2018,FLG,AZ,AWP,WE,Federal Contract Tower,4,12,4,0,20,0,30,93,0,123,4,42,97,0,143,76,0,76,219
12/14/2018,FLG,AZ,AWP,WE,Federal Contract Tower,4,3,7,0,14,0,13,48,0,61,4,16,55,0,75,48,0,48,123
12/15/2018,FLG,AZ,AWP,WE,Federal Contract Tower,4,5,11,0,20,0,11,69,0,80,4,16,80,0,100,32,0,32,132
12/16/2018,FLG,AZ,AWP,WE,Federal Contract Tower,4,6,13,0,23,0,4,75,0,79,4,10,88,0,102,40,0,40,142
12/17/2018,FLG,AZ,AWP,WE,Federal Contract Tower,4,2,4,0,10,0,19,40,0,59,4,21,44,0,69,26,0,26,95
12/18/2018,FLG,AZ,AWP,WE,Federal Contract Tower,3,14,8,2,27,0,40,54,0,94,3,54,62,2,121,58,0,58,179
12/19/2018,FLG,AZ,AWP,WE,Federal Contract Tower,5,9,9,0,23,0,33,71,0,104,5,42,80,0,127,86,0,86,213
12/20/2018,FLG,AZ,AWP,WE,Federal Contract Tower,7,13,4,1,25,0,22,89,0,111,7,35,93,1,136,110,0,110,246
12/21/2018,FLG,AZ,AWP,WE,Federal Contract Tower,6,8,9,4,27,0,37,69,0,106,6,45,78,4,133,68,2,70,203
12/22/2018,FLG,AZ,AWP,WE,Federal Contract Tower,5,1,4,0,10,0,22,57,0,79,5,23,61,0,89,36,0,36,125
12/23/2018,FLG,AZ,AWP,WE,Federal Contract Tower,5,3,2,0,10,0,13,51,0,64,5,16,53,0,74,50,0,50,124
12/24/2018,FLG,AZ,AWP,WE,Federal Contract Tower,4,1,4,0,9,0,14,52,0,66,4,15,56,0,75,32,0,32,107
12/25/2018,FLG,AZ,AWP,WE,Federal Contract Tower,4,2,4,0,10,0,5,4,0,9,4,7,8,0,19,0,0,0,19
12/26/2018,FLG,AZ,AWP,WE,Federal Contract Tower,6,8,6,0,20,0,23,50,0,73,6,31,56,0,93,0,0,0,93
12/27/2018,FLG,AZ,AWP,WE,Federal Contract Tower,5,13,4,0,22,0,17,23,0,40,5,30,27,0,62,0,0,0,62
12/28/2018,FLG,AZ,AWP,WE,Federal Contract Tower,0,15,8,0,23,0,30,27,0,57,0,45,35,0,80,0,0,0,80
12/29/2018,FLG,AZ,AWP,WE,Federal Contract Tower,4,5,3,0,12,0,18,36,2,56,4,23,39,2,68,6,0,6,74
12/30/2018,FLG,AZ,AWP,WE,Federal Contract Tower,5,2,1,0,8,0,19,47,0,66,5,21,48,0,74,4,0,4,78
12/31/2018,FLG,AZ,AWP,WE,Federal Contract Tower,3,0,0,0,3,0,0,0,0,0,3,0,0,0,3,0,0,0,3
01/01/2019,FLG,AZ,AWP,WE,Federal Contract Tower,4,5,1,0,10,0,20,25,0,45,4,25,26,0,55,8,0,8,63
01/02/2019,FLG,AZ,AWP,WE,Federal Contract Tower,4,10,5,0,19,0,21,30,0,51,4,31,35,0,70,14,0,14,84
01/03/2019,FLG,AZ,AWP,WE,Federal Contract Tower,5,10,3,0,18,0,32,63,0,95,5,42,66,0,113,62,0,62,175
01/04/2019,FLG,AZ,AWP,WE,Federal Contract Tower,6,3,4,0,13,0,26,54,0,80,6,29,58,0,93,28,0,28,121
01/05/2019,FLG,AZ,AWP,WE,Federal Contract Tower,5,3,5,0,13,0,7,36,0,43,5,10,41,0,56,16,0,16,72
01/06/2019,FLG,AZ,AWP,WE,Federal Contract Tower,5,1,6,0,12,0,0,1,0,1,5,1,7,0,13,0,0,0,13
01/07/2019,FLG,AZ,AWP,WE,Federal Contract Tower,6,3,6,0,15,0,9,27,0,36,6,12,33,0,51,0,0,0,51
01/08/2019,FLG,AZ,AWP,WE,Federal Contract Tower,5,5,4,1,15,0,32,58,3,93,5,37,62,4,108,12,6,18,126
01/09/2019,FLG,AZ,AWP,WE,Federal Contract Tower,6,5,5,2,18,0,39,53,0,92,6,44,58,2,110,22,0,22,132
01/10/2019,FLG,AZ,AWP,WE,Federal Contract Tower,6,10,6,0,22,0,39,66,0,105,6,49,72,0,127,66,0,66,193
01/11/2019,FLG,AZ,AWP,WE,Federal Contract Tower,5,3,7,0,15,0,39,50,0,89,5,42,57,0,104,20,0,20,124
01/12/2019,FLG,AZ,AWP,WE,Federal Contract Tower,6,4,2,0,12,0,16,35,0,51,6,20,37,0,63,2,0,2,65
01/13/2019,FLG,AZ,AWP,WE,Federal Contract Tower,7,7,7,0,21,0,11,2,0,13,7,18,9,0,34,0,0,0,34
01/14/2019,FLG,AZ,AWP,WE,Federal Contract Tower,7,5,6,2,20,0,0,0,0,0,7,5,6,2,20,0,0,0,20
01/15/2019,FLG,AZ,AWP,WE,Federal Contract Tower,4,8,2,4,18,0,0,0,0,0,4,8,2,4,18,0,0,0,18
01/16/2019,FLG,AZ,AWP,WE,Federal Contract Tower,7,10,11,0,28,0,10,4,0,14,7,20,15,0,42,4,0,4,46
01/17/2019,FLG,AZ,AWP,WE,Federal Contract Tower,5,9,5,0,19,0,27,37,9,73,5,36,42,9,92,22,4,26,118
01/18/2019,FLG,AZ,AWP,WE,Federal Contract Tower,6,8,3,2,19,0,20,30,0,50,6,28,33,2,69,6,0,6,75
01/19/2019,FLG,AZ,AWP,WE,Federal Contract Tower,6,4,4,0,14,0,13,48,0,61,6,17,52,0,75,18,0,18,93
01/20/2019,FLG,AZ,AWP,WE,Federal Contract Tower,6,2,3,0,11,0,16,52,0,68,6,18,55,0,79,10,0,10,89
01/21/2019,FLG,AZ,AWP,WE,Federal Contract Tower,6,4,3,0,13,0,10,8,0,18,6,14,11,0,31,0,0,0,31
01/22/2019,FLG,AZ,AWP,WE,Federal Contract Tower,5,12,7,0,24,0,29,52,4,85,5,41,59,4,109,40,0,40,149
01/23/2019,FLG,AZ,AWP,WE,Federal Contract Tower,6,8,7,2,23,0,29,60,1,90,6,37,67,3,113,10,0,10,123
01/24/2019,FLG,AZ,AWP,WE,Federal Contract Tower,6,10,3,4,23,0,34,36,1,71,6,44,39,5,94,18,0,18,112
01/25/2019,FLG,AZ,AWP,WE,Federal Contract Tower,5,1,2,1,9,0,25,50,2,77,5,26,52,3,86,78,4,82,168
01/26/2019,FLG,AZ,AWP,WE,Federal Contract Tower,4,8,5,0,17,0,20,53,4,77,4,28,58,4,94,6,0,6,100
01/27/2019,FLG,AZ,AWP,WE,Federal Contract Tower,6,1,4,0,11,0,10,57,0,67,6,11,61,0,78,18,0,18,96
01/28/2019,FLG,AZ,AWP,WE,Federal Contract Tower,6,5,7,0,18,0,12,66,0,78,6,17,73,0,96,44,0,44,140
01/29/2019,FLG,AZ,AWP,WE,Federal Contract Tower,5,4,3,3,15,0,25,71,0,96,5,29,74,3,111,22,0,22,133
01/30/2019,FLG,AZ,AWP,WE,Federal Contract Tower,7,7,5,1,20,0,31,65,2,98,7,38,70,3,118,54,0,54,172
02/01/2019,FLG,AZ,AWP,WE,Federal Contract Tower,6,10,9,0,25,0,29,61,0,90,6,39,70,0,115,48,0,48,163
02/02/2019,FLG,AZ,AWP,WE,Federal Contract Tower,5,6,6,0,17,0,0,0,0,0,5,6,6,0,17,0,0,0,17
02/03/2019,FLG,AZ,AWP,WE,Federal Contract Tower,5,2,1,0,8,0,0,0,0,0,5,2,1,0,8,0,0,0,8
02/04/2019,FLG,AZ,AWP,WE,Federal Contract Tower,6,8,8,0,22,0,0,0,0,0,6,8,8,0,22,0,0,0,22
02/05/2019,FLG,AZ,AWP,WE,Federal Contract Tower,5,2,1,0,8,0,0,0,0,0,5,2,1,0,8,0,0,0,8
02/06/2019,FLG,AZ,AWP,WE,Federal Contract Tower,2,3,0,4,9,0,20,6,0,26,2,23,6,4,35,0,0,0,35
02/07/2019,FLG,AZ,AWP,WE,Federal Contract Tower,6,4,6,1,17,0,38,62,3,103,6,42,68,4,120,86,2,88,208
02/08/2019,FLG,AZ,AWP,WE,Federal Contract Tower,7,5,8,2,22,0,23,60,4,87,7,28,68,6,109,28,0,28,137
02/09/2019,FLG,AZ,AWP,WE,Federal Contract Tower,5,3,5,2,15,0,11,45,0,56,5,14,50,2,71,2,4,6,77
02/10/2019,FLG,AZ,AWP,WE,Federal Contract Tower,6,4,7,0,17,0,9,54,0,63,6,13,61,0,80,8,0,8,88
02/11/2019,FLG,AZ,AWP,WE,Federal Contract Tower,6,5,6,2,19,0,24,49,0,73,6,29,55,2,92,6,0,6,98
02/12/2019,FLG,AZ,AWP,WE,Federal Contract Tower,6,4,10,4,24,0,21,71,2,94,6,25,81,6,118,78,0,78,196
02/13/2019,FLG,AZ,AWP,WE,Federal Contract Tower,6,2,5,2,15,0,34,49,0,83,6,36,54,2,98,34,0,34,132
02/14/2019,FLG,AZ,AWP,WE,Federal Contract Tower,5,8,4,0,17,0,0,0,0,0,5,8,4,0,17,0,0,0,17
02/15/2019,FLG,AZ,AWP,WE,Federal Contract Tower,5,5,5,0,15,0,27,36,0,63,5,32,41,0,78,38,0,38,116
02/16/2019,FLG,AZ,AWP,WE,Federal Contract Tower,6,7,4,0,17,0,8,17,0,25,6,15,21,0,42,4,0,4,46
02/17/2019,FLG,AZ,AWP,WE,Federal Contract Tower,5,1,5,0,11,0,0,3,0,3,5,1,8,0,14,0,0,0,14
02/18/2019,FLG,AZ,AWP,WE,Federal Contract Tower,1,5,5,0,11,0,1,0,0,1,1,6,5,0,12,0,0,0,12
02/19/2019,FLG,AZ,AWP,WE,Federal Contract Tower,7,8,8,0,23,0,21,12,0,33,7,29,20,0,56,0,0,0,56
02/20/2019,FLG,AZ,AWP,WE,Federal Contract Tower,6,3,3,2,14,0,30,43,4,77,6,33,46,6,91,12,0,12,103
02/21/2019,FLG,AZ,AWP,WE,Federal Contract Tower,0,0,0,0,0,0,0,0,0,0,0,0,0,0,0,0,0,0,0
02/22/2019,FLG,AZ,AWP,WE,Federal Contract Tower,0,1,0,0,1,0,0,0,0,0,0,1,0,0,1,0,0,0,1
02/23/2019,FLG,AZ,AWP,WE,Federal Contract Tower,5,10,4,0,19,0,22,42,0,64,5,32,46,0,83,4,0,4,87
02/24/2019,FLG,AZ,AWP,WE,Federal Contract Tower,5,6,2,0,13,0,2,57,0,59,5,8,59,0,72,6,0,6,78
02/25/2019,FLG,AZ,AWP,WE,Federal Contract Tower,5,6,3,0,14,0,12,33,2,47,5,18,36,2,61,4,2,6,67
02/26/2019,FLG,AZ,AWP,WE,Federal Contract Tower,6,8,5,3,22,0,33,58,2,93,6,41,63,5,115,22,0,22,137
02/27/2019,FLG,AZ,AWP,WE,Federal Contract Tower,6,4,10,4,24,0,48,75,0,123,6,52,85,4,147,52,0,52,199
02/28/2019,FLG,AZ,AWP,WE,Federal Contract Tower,6,4,10,0,20,0,35,60,0,95,6,39,70,0,115,32,0,32,147
03/01/2019,FLG,AZ,AWP,WE,Federal Contract Tower,5,0,7,0,12,0,23,68,0,91,5,23,75,0,103,46,0,46,149
03/02/2019,FLG,AZ,AWP,WE,Federal Contract Tower,6,2,7,0,15,0,4,4,0,8,6,6,11,0,23,6,0,6,29
03/03/2019,FLG,AZ,AWP,WE,Federal Contract Tower,5,0,13,0,18,0,9,46,0,55,5,9,59,0,73,12,0,12,85
03/04/2019,FLG,AZ,AWP,WE,Federal Contract Tower,6,3,13,2,24,0,20,37,0,57,6,23,50,2,81,22,2,24,105
03/05/2019,FLG,AZ,AWP,WE,Federal Contract Tower,7,4,5,2,18,0,39,65,0,104,7,43,70,2,122,80,0,80,202
03/06/2019,FLG,AZ,AWP,WE,Federal Contract Tower,6,8,5,1,20,0,27,10,0,37,6,35,15,1,57,10,0,10,67
03/07/2019,FLG,AZ,AWP,WE,Federal Contract Tower,6,6,7,2,21,0,32,12,0,44,6,38,19,2,65,24,0,24,89
03/08/2019,FLG,AZ,AWP,WE,Federal Contract Tower,6,5,4,0,15,0,1,4,0,5,6,6,8,0,20,0,0,0,20
03/09/2019,FLG,AZ,AWP,WE,Federal Contract Tower,6,2,4,0,12,0,26,63,0,89,6,28,67,0,101,58,0,58,159
03/10/2019,FLG,AZ,AWP,WE,Federal Contract Tower,7,2,7,0,16,0,27,60,0,87,7,29,67,0,103,64,0,64,167
03/11/2019,FLG,AZ,AWP,WE,Federal Contract Tower,7,5,7,0,19,0,11,35,0,46,7,16,42,0,65,10,0,10,75
03/12/2019,FLG,AZ,AWP,WE,Federal Contract Tower,6,7,4,0,17,0,3,0,0,3,6,10,4,0,20,0,0,0,20
03/13/2019,FLG,AZ,AWP,WE,Federal Contract Tower,4,2,3,0,9,0,16,5,0,21,4,18,8,0,30,6,0,6,36
03/14/2019,FLG,AZ,AWP,WE,Federal Contract Tower,7,4,10,0,21,0,36,54,0,90,7,40,64,0,111,16,0,16,127
03/15/2019,FLG,AZ,AWP,WE,Federal Contract Tower,7,3,8,0,18,0,15,37,0,52,7,18,45,0,70,8,0,8,78
03/16/2019,FLG,AZ,AWP,WE,Federal Contract Tower,7,5,6,0,18,0,16,62,0,78,7,21,68,0,96,44,0,44,140
03/17/2019,FLG,AZ,AWP,WE,Federal Contract Tower,7,3,8,0,18,0,12,66,0,78,7,15,74,0,96,32,0,32,128
03/18/2019,FLG,AZ,AWP,WE,Federal Contract Tower,5,2,8,2,17,0,13,46,0,59,5,15,54,2,76,16,0,16,92
03/19/2019,FLG,AZ,AWP,WE,Federal Contract Tower,7,2,4,0,13,0,35,66,0,101,7,37,70,0,114,32,0,32,146
03/20/2019,FLG,AZ,AWP,WE,Federal Contract Tower,7,8,6,1,22,0,21,43,1,65,7,29,49,2,87,2,0,2,89
03/21/2019,FLG,AZ,AWP,WE,Federal Contract Tower,7,7,7,0,21,0,24,9,0,33,7,31,16,0,54,2,0,2,56
03/22/2019,FLG,AZ,AWP,WE,Federal Contract Tower,7,5,7,0,19,0,24,56,0,80,7,29,63,0,99,36,0,36,135
03/23/2019,FLG,AZ,AWP,WE,Federal Contract Tower,7,12,2,0,21,0,17,46,0,63,7,29,48,0,84,8,0,8,92
03/24/2019,FLG,AZ,AWP,WE,Federal Contract Tower,5,4,1,0,10,0,10,77,0,87,5,14,78,0,97,12,0,12,109
03/25/2019,FLG,AZ,AWP,WE,Federal Contract Tower,6,4,6,0,16,0,20,55,0,75,6,24,61,0,91,16,0,16,107
03/26/2019,FLG,AZ,AWP,WE,Federal Contract Tower,6,8,10,0,24,0,33,56,2,91,6,41,66,2,115,52,0,52,167
03/27/2019,FLG,AZ,AWP,WE,Federal Contract Tower,6,1,10,2,19,0,40,69,0,109,6,41,79,2,128,50,0,50,178
03/28/2019,FLG,AZ,AWP,WE,Federal Contract Tower,6,6,6,2,20,0,40,54,2,96,6,46,60,4,116,40,0,40,156
03/29/2019,FLG,AZ,AWP,WE,Federal Contract Tower,7,1,11,2,21,0,33,64,4,101,7,34,75,6,122,46,0,46,168
03/30/2019,FLG,AZ,AWP,WE,Federal Contract Tower,7,4,2,2,15,0,19,84,0,103,7,23,86,2,118,30,2,32,150
03/31/2019,FLG,AZ,AWP,WE,Federal Contract Tower,6,5,6,0,17,0,12,61,3,76,6,17,67,3,93,20,0,20,113
04/01/2019,FLG,AZ,AWP,WE,Federal Contract Tower,6,7,7,3,23,0,14,48,3,65,6,21,55,6,88,12,0,12,100
04/02/2019,FLG,AZ,AWP,WE,Federal Contract Tower,11,11,1,3,26,0,54,64,5,123,11,65,65,8,149,12,0,12,161
04/03/2019,FLG,AZ,AWP,WE,Federal Contract Tower,11,12,3,2,28,0,44,65,9,118,11,56,68,11,146,28,0,28,174
04/04/2019,FLG,AZ,AWP,WE,Federal Contract Tower,11,9,4,0,24,0,39,66,4,109,11,48,70,4,133,62,0,62,195
04/05/2019,FLG,AZ,AWP,WE,Federal Contract Tower,12,8,7,1,28,0,40,57,5,102,12,48,64,6,130,18,0,18,148
04/06/2019,FLG,AZ,AWP,WE,Federal Contract Tower,8,7,4,0,19,0,17,43,0,60,8,24,47,0,79,40,0,40,119
04/07/2019,FLG,AZ,AWP,WE,Federal Contract Tower,10,9,9,0,28,0,40,65,0,105,10,49,74,0,133,24,0,24,157
04/08/2019,FLG,AZ,AWP,WE,Federal Contract Tower,9,6,8,0,23,0,28,78,0,106,9,34,86,0,129,28,0,28,157
04/09/2019,FLG,AZ,AWP,WE,Federal Contract Tower,11,11,2,1,25,0,15,25,5,45,11,26,27,6,70,14,0,14,84
04/10/2019,FLG,AZ,AWP,WE,Federal Contract Tower,12,9,5,5,31,0,19,6,1,26,12,28,11,6,57,0,14,14,71
04/11/2019,FLG,AZ,AWP,WE,Federal Contract Tower,11,9,5,0,25,0,40,66,2,108,11,49,71,2,133,34,0,34,167
04/12/2019,FLG,AZ,AWP,WE,Federal Contract Tower,11,10,6,2,29,0,14,21,0,35,11,24,27,2,64,14,0,14,78
04/13/2019,FLG,AZ,AWP,WE,Federal Contract Tower,10,9,3,0,22,0,21,70,2,93,10,30,73,2,115,12,0,12,127
04/14/2019,FLG,AZ,AWP,WE,Federal Contract Tower,9,10,14,0,33,0,23,65,6,94,9,33,79,6,127,12,0,12,139
04/15/2019,FLG,AZ,AWP,WE,Federal Contract Tower,12,7,3,2,24,0,41,33,1,75,12,48,36,3,99,20,0,20,119
04/16/2019,FLG,AZ,AWP,WE,Federal Contract Tower,11,9,9,0,29,0,21,25,2,48,11,30,34,2,77,14,0,14,91
04/17/2019,FLG,AZ,AWP,WE,Federal Contract Tower,9,14,11,0,34,0,31,62,1,94,9,45,73,1,128,68,0,68,196
04/18/2019,FLG,AZ,AWP,WE,Federal Contract Tower,9,8,14,2,33,0,27,78,6,111,9,35,92,8,144,26,2,28,172
04/19/2019,FLG,AZ,AWP,WE,Federal Contract Tower,10,6,5,2,23,0,17,64,2,83,10,23,69,4,106,40,0,40,146
04/20/2019,FLG,AZ,AWP,WE,Federal Contract Tower,9,6,7,2,24,0,25,55,0,80,9,31,62,2,104,14,0,14,118
04/21/2019,FLG,AZ,AWP,WE,Federal Contract Tower,9,9,7,0,25,0,22,44,0,66,9,31,51,0,91,4,0,4,95
04/22/2019,FLG,AZ,AWP,WE,Federal Contract Tower,11,12,12,0,35,0,25,54,0,79,11,37,66,0,114,14,0,14,128
04/23/2019,FLG,AZ,AWP,WE,Federal Contract Tower,11,10,18,0,39,0,39,60,0,99,11,49,78,0,138,14,0,14,152
04/24/2019,FLG,AZ,AWP,WE,Federal Contract Tower,11,8,9,0,28,0,33,68,0,101,11,41,77,0,129,53,0,53,182
04/25/2019,FLG,AZ,AWP,WE,Federal Contract Tower,10,8,5,0,23,0,37,64,1,102,10,45,69,1,125,54,0,54,179
04/26/2019,FLG,AZ,AWP,WE,Federal Contract Tower,10,12,11,0,33,0,27,77,2,106,10,39,88,2,139,48,0,48,187
04/27/2019,FLG,AZ,AWP,WE,Federal Contract Tower,10,7,5,0,22,0,25,61,8,94,10,32,66,8,116,16,0,16,132
04/28/2019,FLG,AZ,AWP,WE,Federal Contract Tower,11,11,8,0,30,0,21,52,3,76,11,32,60,3,106,0,4,4,110
04/29/2019,FLG,AZ,AWP,WE,Federal Contract Tower,11,11,5,2,29,0,11,13,4,28,11,22,18,6,57,0,2,2,59
04/30/2019,FLG,AZ,AWP,WE,Federal Contract Tower,10,15,14,4,43,0,24,30,1,55,10,39,44,5,98,6,0,6,104
05/01/2019,FLG,AZ,AWP,WE,Federal Contract Tower,11,9,10,0,30,0,32,58,0,90,11,41,68,0,120,20,0,20,140
05/02/2019,FLG,AZ,AWP,WE,Federal Contract Tower,11,12,8,2,33,0,31,86,0,117,11,43,94,2,150,48,0,48,198
05/03/2019,FLG,AZ,AWP,WE,Federal Contract Tower,12,5,4,1,22,0,35,67,5,107,12,40,71,6,129,40,0,40,169
05/04/2019,FLG,AZ,AWP,WE,Federal Contract Tower,11,5,3,2,21,0,22,67,0,89,11,27,70,2,110,36,0,36,146
05/05/2019,FLG,AZ,AWP,WE,Federal Contract Tower,11,7,18,3,39,0,14,70,1,85,11,21,88,4,124,22,0,22,146
05/06/2019,FLG,AZ,AWP,WE,Federal Contract Tower,11,6,20,0,37,0,16,55,0,71,11,22,75,0,108,30,0,30,138
05/07/2019,FLG,AZ,AWP,WE,Federal Contract Tower,10,17,8,2,37,0,21,14,0,35,10,38,22,2,72,6,0,6,78
05/08/2019,FLG,AZ,AWP,WE,Federal Contract Tower,11,16,7,3,37,0,21,14,3,38,11,37,21,6,75,10,0,10,85
05/09/2019,FLG,AZ,AWP,WE,Federal Contract Tower,13,12,16,2,43,0,11,12,2,25,13,23,28,4,68,12,0,12,80
05/10/2019,FLG,AZ,AWP,WE,Federal Contract Tower,11,14,4,2,31,0,22,11,2,35,11,36,15,4,66,0,0,0,66
05/11/2019,FLG,AZ,AWP,WE,Federal Contract Tower,9,12,5,0,26,0,9,21,0,30,9,21,26,0,56,12,0,12,68
05/12/2019,FLG,AZ,AWP,WE,Federal Contract Tower,11,8,7,4,30,0,13,34,0,47,11,21,41,4,77,6,0,6,83
05/13/2019,FLG,AZ,AWP,WE,Federal Contract Tower,11,9,14,2,36,0,15,56,2,73,11,24,70,4,109,44,0,44,153
05/14/2019,FLG,AZ,AWP,WE,Federal Contract Tower,10,13,4,0,27,0,28,65,0,93,10,41,69,0,120,24,0,24,144
05/15/2019,FLG,AZ,AWP,WE,Federal Contract Tower,11,7,11,9,38,0,16,61,2,79,11,23,72,11,117,14,0,14,131
05/16/2019,FLG,AZ,AWP,WE,Federal Contract Tower,12,9,5,5,31,0,35,45,1,81,12,44,50,6,112,14,0,14,126
05/17/2019,FLG,AZ,AWP,WE,Federal Contract Tower,12,11,12,3,38,0,31,42,0,73,12,42,54,3,111,36,0,36,147
05/18/2019,FLG,AZ,AWP,WE,Federal Contract Tower,9,8,13,2,32,0,18,68,0,86,9,26,81,2,118,24,0,24,142
05/19/2019,FLG,AZ,AWP,WE,Federal Contract Tower,11,9,18,0,38,0,17,14,0,31,11,26,32,0,69,14,0,14,83
05/20/2019,FLG,AZ,AWP,WE,Federal Contract Tower,8,10,4,0,22,0,2,1,0,3,8,12,5,0,25,0,0,0,25
05/21/2019,FLG,AZ,AWP,WE,Federal Contract Tower,12,8,3,2,25,0,18,17,0,35,12,26,20,2,60,14,0,14,74
05/22/2019,FLG,AZ,AWP,WE,Federal Contract Tower,11,9,11,0,31,0,15,11,0,26,11,24,22,0,57,20,0,20,77
05/23/2019,FLG,AZ,AWP,WE,Federal Contract Tower,12,16,8,0,36,0,4,2,0,6,12,20,10,0,42,0,0,0,42
05/24/2019,FLG,AZ,AWP,WE,Federal Contract Tower,12,12,9,0,33,0,35,78,0,113,12,47,87,0,146,52,0,52,198
05/25/2019,FLG,AZ,AWP,WE,Federal Contract Tower,11,5,4,0,20,0,28,66,0,94,11,33,70,0,114,40,0,40,154
05/26/2019,FLG,AZ,AWP,WE,Federal Contract Tower,11,6,6,0,23,0,29,31,1,61,11,35,37,1,84,10,0,10,94
05/27/2019,FLG,AZ,AWP,WE,Federal Contract Tower,11,11,8,0,30,0,27,10,0,37,11,38,18,0,67,2,0,2,69
05/28/2019,FLG,AZ,AWP,WE,Federal Contract Tower,11,11,7,0,29,0,25,63,7,95,11,36,70,7,124,46,0,46,170
05/29/2019,FLG,AZ,AWP,WE,Federal Contract Tower,13,13,6,0,32,0,25,59,1,85,13,38,65,1,117,86,0,86,203
05/30/2019,FLG,AZ,AWP,WE,Federal Contract Tower,13,12,13,0,38,0,37,59,1,97,13,49,72,1,135,70,0,70,205
05/31/2019,FLG,AZ,AWP,WE,Federal Contract Tower,13,11,10,0,34,0,31,61,11,103,13,42,71,11,137,8,26,34,171
06/01/2019,FLG,AZ,AWP,WE,Federal Contract Tower,13,12,3,0,28,0,21,49,0,70,13,33,52,0,98,14,0,14,112
06/02/2019,FLG,AZ,AWP,WE,Federal Contract Tower,14,8,13,0,35,0,16,59,0,75,14,24,72,0,110,36,0,36,146
06/03/2019,FLG,AZ,AWP,WE,Federal Contract Tower,13,6,4,2,25,0,31,84,0,115,13,37,88,2,140,50,0,50,190
06/04/2019,FLG,AZ,AWP,WE,Federal Contract Tower,14,4,8,0,26,0,30,79,0,109,14,34,87,0,135,22,0,22,157
06/05/2019,FLG,AZ,AWP,WE,Federal Contract Tower,12,9,8,0,29,0,40,66,4,110,12,49,74,4,139,16,2,18,157
06/06/2019,FLG,AZ,AWP,WE,Federal Contract Tower,11,9,9,2,31,0,32,48,0,80,11,41,57,2,111,44,0,44,155
06/07/2019,FLG,AZ,AWP,WE,Federal Contract Tower,11,18,13,0,42,0,16,60,0,76,11,34,73,0,118,2,0,2,120
06/08/2019,FLG,AZ,AWP,WE,Federal Contract Tower,11,12,5,2,30,0,19,67,0,86,11,31,72,2,116,10,0,10,126
06/09/2019,FLG,AZ,AWP,WE,Federal Contract Tower,9,8,7,2,26,0,35,76,0,111,9,43,83,2,137,24,0,24,161
06/10/2019,FLG,AZ,AWP,WE,Federal Contract Tower,11,11,10,5,37,0,27,57,0,84,11,38,67,5,121,15,14,29,150
06/11/2019,FLG,AZ,AWP,WE,Federal Contract Tower,14,6,4,4,28,0,36,63,19,118,14,42,67,23,146,16,10,26,172
06/12/2019,FLG,AZ,AWP,WE,Federal Contract Tower,12,9,12,0,33,0,26,62,0,88,12,35,74,0,121,20,0,20,141
06/13/2019,FLG,AZ,AWP,WE,Federal Contract Tower,11,10,10,2,33,0,32,55,0,87,11,42,65,2,120,40,0,40,160
06/14/2019,FLG,AZ,AWP,WE,Federal Contract Tower,11,11,7,4,33,0,32,75,3,110,11,43,82,7,143,12,6,18,161
06/15/2019,FLG,AZ,AWP,WE,Federal Contract Tower,11,4,7,0,22,0,24,53,1,78,11,28,60,1,100,16,0,16,116
06/16/2019,FLG,AZ,AWP,WE,Federal Contract Tower,11,20,2,0,33,0,27,71,2,100,11,47,73,2,133,8,4,12,145
06/17/2019,FLG,AZ,AWP,WE,Federal Contract Tower,11,8,10,5,34,0,27,56,0,83,11,35,66,5,117,30,0,30,147
06/18/2019,FLG,AZ,AWP,WE,Federal Contract Tower,10,11,14,0,35,0,33,79,7,119,10,44,93,7,154,42,0,42,196
06/19/2019,FLG,AZ,AWP,WE,Federal Contract Tower,12,11,16,3,42,0,40,92,1,133,12,51,108,4,175,46,0,46,221
06/20/2019,FLG,AZ,AWP,WE,Federal Contract Tower,11,10,6,1,28,0,30,62,1,93,11,40,68,2,121,0,0,0,121
06/21/2019,FLG,AZ,AWP,WE,Federal Contract Tower,11,7,8,0,26,0,27,59,2,88,11,34,67,2,114,10,2,12,126
06/22/2019,FLG,AZ,AWP,WE,Federal Contract Tower,10,11,3,0,24,0,14,55,8,77,10,25,58,8,101,10,2,12,113
06/23/2019,FLG,AZ,AWP,WE,Federal Contract Tower,10,8,7,0,25,0,21,88,0,109,10,29,95,0,134,52,0,52,186
06/24/2019,FLG,AZ,AWP,WE,Federal Contract Tower,10,11,17,1,39,0,35,78,0,113,10,46,95,1,152,60,0,60,212
06/25/2019,FLG,AZ,AWP,WE,Federal Contract Tower,11,4,1,1,17,0,38,65,0,103,11,42,66,1,120,30,0,30,150
06/26/2019,FLG,AZ,AWP,WE,Federal Contract Tower,11,9,8,0,28,0,30,71,0,101,11,39,79,0,129,56,0,56,185
06/27/2019,FLG,AZ,AWP,WE,Federal Contract Tower,11,8,7,0,26,0,23,58,4,85,11,31,65,4,111,16,16,32,143
06/28/2019,FLG,AZ,AWP,WE,Federal Contract Tower,11,9,7,0,27,0,23,64,0,87,11,32,71,0,114,40,0,40,154
06/29/2019,FLG,AZ,AWP,WE,Federal Contract Tower,12,6,5,0,23,0,44,61,5,110,12,50,66,5,133,46,0,46,179
06/30/2019,FLG,AZ,AWP,WE,Federal Contract Tower,11,7,3,6,27,0,29,85,4,118,11,36,88,10,145,16,2,18,163
07/01/2019,FLG,AZ,AWP,WE,Federal Contract Tower,11,10,4,2,27,0,26,59,0,85,11,36,63,2,112,4,0,4,116
07/02/2019,FLG,AZ,AWP,WE,Federal Contract Tower,12,13,10,0,35,0,25,69,0,94,12,38,79,0,129,20,2,22,151
07/03/2019,FLG,AZ,AWP,WE,Federal Contract Tower,11,12,16,2,41,0,21,78,0,99,11,33,94,2,140,8,0,8,148
07/04/2019,FLG,AZ,AWP,WE,Federal Contract Tower,9,11,3,0,23,0,26,51,0,77,9,37,54,0,100,34,0,34,134
07/05/2019,FLG,AZ,AWP,WE,Federal Contract Tower,11,6,3,0,20,0,19,59,0,78,11,25,62,0,98,10,0,10,108
07/06/2019,FLG,AZ,AWP,WE,Federal Contract Tower,11,7,1,0,19,0,20,55,0,75,11,27,56,0,94,30,0,30,124
07/07/2019,FLG,AZ,AWP,WE,Federal Contract Tower,11,10,9,0,30,0,29,67,0,96,11,39,76,0,126,8,0,8,134
07/08/2019,FLG,AZ,AWP,WE,Federal Contract Tower,11,7,5,0,23,0,26,64,0,90,11,33,69,0,113,14,0,14,127
07/09/2019,FLG,AZ,AWP,WE,Federal Contract Tower,11,7,12,0,30,0,26,74,0,100,11,33,86,0,130,52,0,52,182
07/10/2019,FLG,AZ,AWP,WE,Federal Contract Tower,11,8,10,0,29,0,29,91,0,120,11,37,101,0,149,52,0,52,201
07/11/2019,FLG,AZ,AWP,WE,Federal Contract Tower,11,6,4,2,23,0,28,41,1,70,11,34,45,3,93,26,0,26,119
07/12/2019,FLG,AZ,AWP,WE,Federal Contract Tower,12,9,9,0,30,0,26,53,0,79,12,35,62,0,109,30,0,30,139
07/13/2019,FLG,AZ,AWP,WE,Federal Contract Tower,11,8,6,0,25,0,19,59,1,79,11,27,65,1,104,34,0,34,138
07/14/2019,FLG,AZ,AWP,WE,Federal Contract Tower,11,7,9,1,28,0,23,57,1,81,11,30,66,2,109,18,2,20,129
07/15/2019,FLG,AZ,AWP,WE,Federal Contract Tower,12,9,3,2,26,0,12,44,0,56,12,21,47,2,82,28,0,28,110
07/16/2019,FLG,AZ,AWP,WE,Federal Contract Tower,10,14,6,0,30,0,32,49,4,85,10,46,55,4,115,0,0,0,115
07/17/2019,FLG,AZ,AWP,WE,Federal Contract Tower,10,8,8,0,26,0,40,66,1,107,10,48,74,1,133,42,0,42,175
07/18/2019,FLG,AZ,AWP,WE,Federal Contract Tower,10,7,3,0,20,0,18,59,10,87,10,25,62,10,107,30,4,34,141
07/19/2019,FLG,AZ,AWP,WE,Federal Contract Tower,11,13,9,2,35,0,29,83,0,112,11,42,92,2,147,34,2,36,183
07/20/2019,FLG,AZ,AWP,WE,Federal Contract Tower,11,6,2,2,21,0,18,65,0,83,11,24,67,2,104,10,0,10,114
07/21/2019,FLG,AZ,AWP,WE,Federal Contract Tower,12,7,12,0,31,0,25,75,0,100,12,32,87,0,131,56,0,56,187
07/22/2019,FLG,AZ,AWP,WE,Federal Contract Tower,12,7,7,0,26,0,25,75,4,104,12,32,82,4,130,4,0,4,134
07/23/2019,FLG,AZ,AWP,WE,Federal Contract Tower,12,13,7,1,33,0,38,46,4,88,12,51,53,5,121,20,0,20,141
07/24/2019,FLG,AZ,AWP,WE,Federal Contract Tower,11,12,4,0,27,0,39,51,0,90,11,51,55,0,117,32,0,32,149
07/25/2019,FLG,AZ,AWP,WE,Federal Contract Tower,11,10,9,0,30,0,40,70,2,112,11,50,79,2,142,6,0,6,148
07/26/2019,FLG,AZ,AWP,WE,Federal Contract Tower,11,9,10,0,30,0,13,51,1,65,11,22,61,1,95,6,0,6,101
07/27/2019,FLG,AZ,AWP,WE,Federal Contract Tower,12,4,1,0,17,0,26,67,2,95,12,30,68,2,112,6,0,6,118
07/28/2019,FLG,AZ,AWP,WE,Federal Contract Tower,12,8,5,0,25,0,38,72,3,113,12,46,77,3,138,2,0,2,140
07/29/2019,FLG,AZ,AWP,WE,Federal Contract Tower,11,11,5,2,29,0,30,63,0,93,11,41,68,2,122,52,0,52,174
07/30/2019,FLG,AZ,AWP,WE,Federal Contract Tower,8,8,12,0,28,0,19,44,4,67,8,27,56,4,95,16,0,16,111
07/31/2019,FLG,AZ,AWP,WE,Federal Contract Tower,12,10,9,0,31,0,42,43,1,86,12,52,52,1,117,28,0,28,145
08/01/2019,FLG,AZ,AWP,WE,Federal Contract Tower,10,14,6,1,31,0,24,63,0,87,10,38,69,1,118,72,0,72,190
08/02/2019,FLG,AZ,AWP,WE,Federal Contract Tower,11,11,9,0,31,0,29,62,1,92,11,40,71,1,123,58,0,58,181
08/03/2019,FLG,AZ,AWP,WE,Federal Contract Tower,11,8,5,2,26,0,18,49,0,67,11,26,54,2,93,24,0,24,117
08/04/2019,FLG,AZ,AWP,WE,Federal Contract Tower,11,7,5,1,24,0,15,65,0,80,11,22,70,1,104,28,0,28,132
08/05/2019,FLG,AZ,AWP,WE,Federal Contract Tower,11,10,6,0,27,0,13,53,2,68,11,23,59,2,95,10,0,10,105
08/06/2019,FLG,AZ,AWP,WE,Federal Contract Tower,9,8,9,0,26,0,22,51,4,77,9,30,60,4,103,26,0,26,129
08/07/2019,FLG,AZ,AWP,WE,Federal Contract Tower,11,14,8,0,33,0,23,62,2,87,11,37,70,2,120,22,0,22,142
08/08/2019,FLG,AZ,AWP,WE,Federal Contract Tower,11,11,8,0,30,0,34,104,6,144,11,45,112,6,174,42,0,42,216
08/09/2019,FLG,AZ,AWP,WE,Federal Contract Tower,13,8,5,0,26,0,24,65,9,98,13,32,70,9,124,54,0,54,178
08/10/2019,FLG,AZ,AWP,WE,Federal Contract Tower,11,9,2,1,23,0,15,63,2,80,11,24,65,3,103,12,0,12,115
08/11/2019,FLG,AZ,AWP,WE,Federal Contract Tower,11,10,9,0,30,0,24,81,0,105,11,34,90,0,135,14,0,14,149
08/12/2019,FLG,AZ,AWP,WE,Federal Contract Tower,11,8,11,1,31,0,9,57,1,67,11,17,68,2,98,30,2,32,130
08/13/2019,FLG,AZ,AWP,WE,Federal Contract Tower,11,11,8,0,30,0,21,81,0,102,11,32,89,0,132,24,0,24,156
08/14/2019,FLG,AZ,AWP,WE,Federal Contract Tower,12,5,10,0,27,0,31,49,0,80,12,36,59,0,107,16,0,16,123
08/15/2019,FLG,AZ,AWP,WE,Federal Contract Tower,11,7,17,0,35,0,15,79,8,102,11,22,96,8,137,40,0,40,177
08/16/2019,FLG,AZ,AWP,WE,Federal Contract Tower,12,16,5,0,33,0,19,81,2,102,12,35,86,2,135,12,0,12,147
08/17/2019,FLG,AZ,AWP,WE,Federal Contract Tower,11,9,8,0,28,0,29,72,0,101,11,38,80,0,129,16,0,16,145
08/18/2019,FLG,AZ,AWP,WE,Federal Contract Tower,11,11,4,2,28,0,11,57,0,68,11,22,61,2,96,12,0,12,108
08/19/2019,FLG,AZ,AWP,WE,Federal Contract Tower,11,9,8,4,32,0,17,73,0,90,11,26,81,4,122,24,0,24,146
08/20/2019,FLG,AZ,AWP,WE,Federal Contract Tower,11,7,5,4,27,0,35,71,3,109,11,42,76,7,136,6,0,6,142
08/21/2019,FLG,AZ,AWP,WE,Federal Contract Tower,11,8,6,0,25,0,21,55,2,78,11,29,61,2,103,26,0,26,129
08/22/2019,FLG,AZ,AWP,WE,Federal Contract Tower,12,5,18,0,35,1,11,69,2,83,13,16,87,2,118,0,10,10,128
08/23/2019,FLG,AZ,AWP,WE,Federal Contract Tower,11,7,9,0,27,0,26,66,6,98,11,33,75,6,125,34,0,34,159
08/24/2019,FLG,AZ,AWP,WE,Federal Contract Tower,11,8,6,0,25,0,7,337,0,344,11,15,343,0,369,62,0,62,431
08/25/2019,FLG,AZ,AWP,WE,Federal Contract Tower,11,8,12,0,31,0,19,78,2,99,11,27,90,2,130,12,0,12,142
08/26/2019,FLG,AZ,AWP,WE,Federal Contract Tower,11,9,5,0,25,0,19,50,2,71,11,28,55,2,96,52,6,58,154
08/27/2019,FLG,AZ,AWP,WE,Federal Contract Tower,11,11,4,1,27,0,29,48,3,80,11,40,52,4,107,2,0,2,109
08/28/2019,FLG,AZ,AWP,WE,Federal Contract Tower,13,10,1,0,24,0,24,57,0,81,13,34,58,0,105,16,0,16,121
08/29/2019,FLG,AZ,AWP,WE,Federal Contract Tower,12,8,7,0,27,0,13,44,0,57,12,21,51,0,84,6,0,6,90
08/30/2019,FLG,AZ,AWP,WE,Federal Contract Tower,10,15,7,0,32,0,39,106,0,145,10,54,113,0,177,40,0,40,217
08/31/2019,FLG,AZ,AWP,WE,Federal Contract Tower,11,9,4,0,24,0,13,76,0,89,11,22,80,0,113,16,0,16,129
09/01/2019,FLG,AZ,AWP,WE,Federal Contract Tower,11,12,3,0,26,0,26,59,0,85,11,38,62,0,111,12,0,12,123
09/02/2019,FLG,AZ,AWP,WE,Federal Contract Tower,11,5,10,0,26,0,9,68,0,77,11,14,78,0,103,30,0,30,133
09/03/2019,FLG,AZ,AWP,WE,Federal Contract Tower,10,6,7,0,23,0,15,59,0,74,10,21,66,0,97,14,0,14,111
09/04/2019,FLG,AZ,AWP,WE,Federal Contract Tower,11,6,7,2,26,0,31,52,0,83,11,37,59,2,109,30,0,30,139
09/05/2019,FLG,AZ,AWP,WE,Federal Contract Tower,11,9,13,0,33,0,31,63,0,94,11,40,76,0,127,38,0,38,165
09/06/2019,FLG,AZ,AWP,WE,Federal Contract Tower,10,6,6,0,22,0,16,68,0,84,10,22,74,0,106,4,0,4,110
09/07/2019,FLG,AZ,AWP,WE,Federal Contract Tower,11,9,12,0,32,0,4,50,0,54,11,13,62,0,86,8,0,8,94
09/08/2019,FLG,AZ,AWP,WE,Federal Contract Tower,11,8,8,0,27,0,22,54,0,76,11,30,62,0,103,2,0,2,105
09/09/2019,FLG,AZ,AWP,WE,Federal Contract Tower,10,10,4,0,24,0,24,48,0,72,10,34,52,0,96,0,0,0,96
09/10/2019,FLG,AZ,AWP,WE,Federal Contract Tower,9,14,16,0,39,0,24,13,3,40,9,38,29,3,79,10,0,10,89
09/11/2019,FLG,AZ,AWP,WE,Federal Contract Tower,11,14,10,0,35,0,20,42,0,62,11,34,52,0,97,14,0,14,111
09/12/2019,FLG,AZ,AWP,WE,Federal Contract Tower,11,9,5,0,25,0,22,82,0,104,11,31,87,0,129,6,0,6,135
09/13/2019,FLG,AZ,AWP,WE,Federal Contract Tower,11,15,15,2,43,0,22,71,0,93,11,37,86,2,136,4,0,4,140
09/14/2019,FLG,AZ,AWP,WE,Federal Contract Tower,11,10,7,0,28,0,5,52,0,57,11,15,59,0,85,6,0,6,91
09/15/2019,FLG,AZ,AWP,WE,Federal Contract Tower,11,17,7,0,35,0,27,74,0,101,11,44,81,0,136,16,0,16,152
09/16/2019,FLG,AZ,AWP,WE,Federal Contract Tower,18,9,11,0,38,0,22,47,0,69,18,31,58,0,107,24,0,24,131
09/17/2019,FLG,AZ,AWP,WE,Federal Contract Tower,10,14,9,0,33,0,29,41,0,70,10,43,50,0,103,12,0,12,115
09/18/2019,FLG,AZ,AWP,WE,Federal Contract Tower,11,5,4,0,20,0,21,46,2,69,11,26,50,2,89,1,0,1,90
09/19/2019,FLG,AZ,AWP,WE,Federal Contract Tower,11,11,3,0,25,0,36,50,0,86,11,47,53,0,111,8,2,10,121
09/20/2019,FLG,AZ,AWP,WE,Federal Contract Tower,11,14,15,0,40,0,16,59,0,75,11,30,74,0,115,20,0,20,135
09/21/2019,FLG,AZ,AWP,WE,Federal Contract Tower,11,6,5,0,22,0,26,67,0,93,11,32,72,0,115,8,0,8,123
09/22/2019,FLG,AZ,AWP,WE,Federal Contract Tower,12,6,10,0,28,0,10,63,0,73,12,16,73,0,101,14,0,14,115
09/23/2019,FLG,AZ,AWP,WE,Federal Contract Tower,11,11,6,0,28,0,5,11,0,16,11,16,17,0,44,2,0,2,46
09/24/2019,FLG,AZ,AWP,WE,Federal Contract Tower,9,12,15,0,36,0,15,52,0,67,9,27,67,0,103,14,0,14,117
09/25/2019,FLG,AZ,AWP,WE,Federal Contract Tower,11,10,7,1,29,0,23,51,1,75,11,33,58,2,104,42,2,44,148
09/26/2019,FLG,AZ,AWP,WE,Federal Contract Tower,9,15,7,0,31,0,8,28,3,39,9,23,35,3,70,24,0,24,94
09/27/2019,FLG,AZ,AWP,WE,Federal Contract Tower,13,6,3,0,22,0,21,46,0,67,13,27,49,0,89,16,0,16,105
09/28/2019,FLG,AZ,AWP,WE,Federal Contract Tower,12,9,13,2,36,0,3,13,14,30,12,12,26,16,66,4,14,18,84
09/29/2019,FLG,AZ,AWP,WE,Federal Contract Tower,10,11,7,0,28,0,7,18,0,25,10,18,25,0,53,0,0,0,53
09/30/2019,FLG,AZ,AWP,WE,Federal Contract Tower,11,12,1,0,24,0,26,46,0,72,11,38,47,0,96,28,0,28,124
10/01/2019,FLG,AZ,AWP,WE,Federal Contract Tower,8,11,6,0,25,0,17,33,0,50,8,28,39,0,75,2,0,2,77
10/02/2019,FLG,AZ,AWP,WE,Federal Contract Tower,10,8,11,1,30,0,24,81,0,105,10,32,92,1,135,14,0,14,149
10/03/2019,FLG,AZ,AWP,WE,Federal Contract Tower,8,14,7,4,33,0,17,64,0,81,8,31,71,4,114,16,0,16,130
10/04/2019,FLG,AZ,AWP,WE,Federal Contract Tower,10,18,9,2,39,0,26,47,2,75,10,44,56,4,114,10,2,12,126
10/05/2019,FLG,AZ,AWP,WE,Federal Contract Tower,11,5,10,0,26,0,13,90,6,109,11,18,100,6,135,28,2,30,165
10/06/2019,FLG,AZ,AWP,WE,Federal Contract Tower,9,13,8,0,30,0,14,82,0,96,9,27,90,0,126,40,0,40,166
10/07/2019,FLG,AZ,AWP,WE,Federal Contract Tower,11,6,9,0,26,1,14,46,0,61,12,20,55,0,87,24,0,24,111
10/08/2019,FLG,AZ,AWP,WE,Federal Contract Tower,9,6,16,0,31,0,15,51,3,69,9,21,67,3,100,54,0,54,154
10/09/2019,FLG,AZ,AWP,WE,Federal Contract Tower,8,8,7,0,23,0,24,46,0,70,8,32,53,0,93,10,0,10,103
10/10/2019,FLG,AZ,AWP,WE,Federal Contract Tower,8,7,4,0,19,0,11,61,0,72,8,18,65,0,91,26,0,26,117
10/11/2019,FLG,AZ,AWP,WE,Federal Contract Tower,9,11,13,0,33,0,21,37,0,58,9,32,50,0,91,20,0,20,111
10/12/2019,FLG,AZ,AWP,WE,Federal Contract Tower,11,7,4,0,22,0,14,59,0,73,11,21,63,0,95,18,0,18,113
10/13/2019,FLG,AZ,AWP,WE,Federal Contract Tower,7,10,3,0,20,0,21,55,0,76,7,31,58,0,96,0,0,0,96
10/16/2019,FLG,AZ,AWP,WE,Federal Contract Tower,9,7,6,0,22,0,19,39,3,61,9,26,45,3,83,50,0,50,133
10/17/2019,FLG,AZ,AWP,WE,Federal Contract Tower,9,8,5,0,22,0,18,48,9,75,9,26,53,9,97,22,0,22,119
10/18/2019,FLG,AZ,AWP,WE,Federal Contract Tower,13,4,7,0,24,0,22,44,10,76,13,26,51,10,100,18,2,20,120
10/19/2019,FLG,AZ,AWP,WE,Federal Contract Tower,11,3,6,0,20,0,26,49,0,75,11,29,55,0,95,10,0,10,105
10/20/2019,FLG,AZ,AWP,WE,Federal Contract Tower,8,7,8,0,23,11,57,0,0,68,19,64,8,0,91,4,0,4,95
10/21/2019,FLG,AZ,AWP,WE,Federal Contract Tower,8,8,6,2,24,0,12,34,0,46,8,20,40,2,70,2,0,2,72
10/22/2019,FLG,AZ,AWP,WE,Federal Contract Tower,9,5,8,1,23,0,19,55,1,75,9,24,63,2,98,60,0,60,158
10/23/2019,FLG,AZ,AWP,WE,Federal Contract Tower,9,6,5,3,23,0,16,52,0,68,9,22,57,3,91,18,0,18,109
10/24/2019,FLG,AZ,AWP,WE,Federal Contract Tower,8,8,3,4,23,0,11,20,0,31,8,19,23,4,54,0,0,0,54
10/25/2019,FLG,AZ,AWP,WE,Federal Contract Tower,6,8,11,0,25,0,21,32,0,53,6,29,43,0,78,0,0,0,78
10/26/2019,FLG,AZ,AWP,WE,Federal Contract Tower,8,7,3,0,18,0,9,41,0,50,8,16,44,0,68,20,0,20,88
10/27/2019,FLG,AZ,AWP,WE,Federal Contract Tower,8,8,6,0,22,0,12,30,0,42,8,20,36,0,64,16,0,16,80
10/28/2019,FLG,AZ,AWP,WE,Federal Contract Tower,9,6,3,0,18,0,17,53,0,70,9,23,56,0,88,66,0,66,154
10/29/2019,FLG,AZ,AWP,WE,Federal Contract Tower,7,7,3,0,17,0,8,34,0,42,7,15,37,0,59,10,0,10,69
10/30/2019,FLG,AZ,AWP,WE,Federal Contract Tower,9,6,1,0,16,0,13,37,0,50,9,19,38,0,66,24,0,24,90
10/31/2019,FLG,AZ,AWP,WE,Federal Contract Tower,6,4,8,0,18,0,13,59,0,72,6,17,67,0,90,18,0,18,108
11/01/2019,FLG,AZ,AWP,WE,Federal Contract Tower,13,9,3,0,25,0,26,62,0,88,13,35,65,0,113,50,0,50,163
11/02/2019,FLG,AZ,AWP,WE,Federal Contract Tower,10,6,6,0,22,0,26,67,0,93,10,32,73,0,115,12,0,12,127
11/03/2019,FLG,AZ,AWP,WE,Federal Contract Tower,8,9,3,0,20,0,17,54,0,71,8,26,57,0,91,32,0,32,123
11/04/2019,FLG,AZ,AWP,WE,Federal Contract Tower,8,4,4,0,16,0,10,58,0,68,8,14,62,0,84,14,2,16,100
11/05/2019,FLG,AZ,AWP,WE,Federal Contract Tower,8,7,6,5,26,13,69,0,0,82,21,76,6,5,108,46,0,46,154
11/06/2019,FLG,AZ,AWP,WE,Federal Contract Tower,7,8,4,0,19,0,22,22,0,44,7,30,26,0,63,28,0,28,91
11/07/2019,FLG,AZ,AWP,WE,Federal Contract Tower,9,6,4,0,19,0,17,69,2,88,9,23,73,2,107,32,0,32,139
11/08/2019,FLG,AZ,AWP,WE,Federal Contract Tower,9,12,2,0,23,0,12,81,2,95,9,24,83,2,118,24,0,24,142
11/09/2019,FLG,AZ,AWP,WE,Federal Contract Tower,11,4,6,0,21,0,18,77,0,95,11,22,83,0,116,24,0,24,140
11/10/2019,FLG,AZ,AWP,WE,Federal Contract Tower,9,9,4,2,24,0,20,60,2,82,9,29,64,4,106,24,0,24,130
11/11/2019,FLG,AZ,AWP,WE,Federal Contract Tower,8,8,13,0,29,0,11,65,6,82,8,19,78,6,111,56,0,56,167
11/12/2019,FLG,AZ,AWP,WE,Federal Contract Tower,8,7,4,0,19,0,18,58,3,79,8,25,62,3,98,4,0,4,102
11/13/2019,FLG,AZ,AWP,WE,Federal Contract Tower,8,6,5,1,20,0,24,46,3,73,8,30,51,4,93,12,0,12,105
11/14/2019,FLG,AZ,AWP,WE,Federal Contract Tower,8,5,5,4,22,0,14,51,2,67,8,19,56,6,89,12,0,12,101
11/15/2019,FLG,AZ,AWP,WE,Federal Contract Tower,8,7,6,0,21,0,11,80,4,95,8,18,86,4,116,50,0,50,166
11/16/2019,FLG,AZ,AWP,WE,Federal Contract Tower,10,9,13,0,32,0,11,81,2,94,10,20,94,2,126,58,0,58,184
11/17/2019,FLG,AZ,AWP,WE,Federal Contract Tower,8,8,8,0,24,0,22,66,0,88,8,30,74,0,112,18,0,18,130
11/18/2019,FLG,AZ,AWP,WE,Federal Contract Tower,9,9,3,0,21,0,22,61,2,85,9,31,64,2,106,36,0,36,142
11/19/2019,FLG,AZ,AWP,WE,Federal Contract Tower,7,14,13,0,34,0,17,30,1,48,7,31,43,1,82,20,0,20,102
11/20/2019,FLG,AZ,AWP,WE,Federal Contract Tower,7,11,8,0,26,0,0,0,0,0,7,11,8,0,26,0,0,0,26
11/21/2019,FLG,AZ,AWP,WE,Federal Contract Tower,7,3,8,0,18,0,0,0,0,0,7,3,8,0,18,0,0,0,18
11/22/2019,FLG,AZ,AWP,WE,Federal Contract Tower,10,16,8,4,38,0,16,21,1,38,10,32,29,5,76,16,0,16,92
11/24/2019,FLG,AZ,AWP,WE,Federal Contract Tower,9,7,8,0,24,0,19,71,0,90,9,26,79,0,114,22,0,22,136
11/25/2019,FLG,AZ,AWP,WE,Federal Contract Tower,10,13,6,0,29,0,5,26,0,31,10,18,32,0,60,28,0,28,88
11/26/2019,FLG,AZ,AWP,WE,Federal Contract Tower,8,9,8,2,27,0,11,38,0,49,8,20,46,2,76,6,0,6,82
11/27/2019,FLG,AZ,AWP,WE,Federal Contract Tower,9,17,9,0,35,0,6,4,0,10,9,23,13,0,45,0,0,0,45
11/28/2019,FLG,AZ,AWP,WE,Federal Contract Tower,6,4,1,0,11,0,0,0,0,0,6,4,1,0,11,0,0,0,11
11/29/2019,FLG,AZ,AWP,WE,Federal Contract Tower,0,0,0,0,0,0,0,0,0,0,0,0,0,0,0,0,0,0,0
11/30/2019,FLG,AZ,AWP,WE,Federal Contract Tower,4,3,5,0,12,0,29,18,0,47,4,32,23,0,59,2,0,2,61
12/01/2019,FLG,AZ,AWP,WE,Federal Contract Tower,8,3,6,0,17,0,7,52,0,59,8,10,58,0,76,18,0,18,94
12/02/2019,FLG,AZ,AWP,WE,Federal Contract Tower,8,8,4,0,20,0,19,55,0,74,8,27,59,0,94,38,0,38,132
12/03/2019,FLG,AZ,AWP,WE,Federal Contract Tower,8,8,7,7,30,0,13,41,1,55,8,21,48,8,85,6,0,6,91
12/04/2019,FLG,AZ,AWP,WE,Federal Contract Tower,8,9,3,0,20,0,2,4,0,6,8,11,7,0,26,0,0,0,26
12/05/2019,FLG,AZ,AWP,WE,Federal Contract Tower,8,16,9,0,33,0,9,30,0,39,8,25,39,0,72,18,0,18,90
12/06/2019,FLG,AZ,AWP,WE,Federal Contract Tower,8,7,8,9,32,0,15,50,6,71,8,22,58,15,103,24,22,46,149
12/07/2019,FLG,AZ,AWP,WE,Federal Contract Tower,10,8,2,0,20,0,16,43,0,59,10,24,45,0,79,24,0,24,103
12/08/2019,FLG,AZ,AWP,WE,Federal Contract Tower,8,6,5,4,23,0,0,1,0,1,8,6,6,4,24,0,0,0,24
12/09/2019,FLG,AZ,AWP,WE,Federal Contract Tower,8,8,6,0,22,0,25,17,0,42,8,33,23,0,64,14,0,14,78
12/10/2019,FLG,AZ,AWP,WE,Federal Contract Tower,8,9,11,0,28,0,11,80,0,91,8,20,91,0,119,14,0,14,133
12/11/2019,FLG,AZ,AWP,WE,Federal Contract Tower,8,6,6,1,21,0,22,81,0,103,8,28,87,1,124,32,0,32,156
12/12/2019,FLG,AZ,AWP,WE,Federal Contract Tower,7,11,2,0,20,0,13,46,4,63,7,24,48,4,83,30,2,32,115
12/13/2019,FLG,AZ,AWP,WE,Federal Contract Tower,8,8,7,2,25,0,15,61,5,81,8,23,68,7,106,42,2,44,150
12/14/2019,FLG,AZ,AWP,WE,Federal Contract Tower,10,13,5,2,30,0,17,12,2,31,10,30,17,4,61,2,0,2,63
12/15/2019,FLG,AZ,AWP,WE,Federal Contract Tower,8,4,2,0,14,0,4,7,4,15,8,8,9,4,29,0,0,0,29
12/16/2019,FLG,AZ,AWP,WE,Federal Contract Tower,8,6,10,2,26,0,14,53,4,71,8,20,63,6,97,0,0,0,97
12/17/2019,FLG,AZ,AWP,WE,Federal Contract Tower,8,7,7,0,22,0,19,36,0,55,8,26,43,0,77,8,0,8,85
12/18/2019,FLG,AZ,AWP,WE,Federal Contract Tower,7,6,8,0,21,0,13,47,0,60,7,19,55,0,81,12,0,12,93
12/19/2019,FLG,AZ,AWP,WE,Federal Contract Tower,8,13,4,2,27,0,21,69,0,90,8,34,73,2,117,22,0,22,139
12/20/2019,FLG,AZ,AWP,WE,Federal Contract Tower,8,6,6,0,20,0,23,85,0,108,8,29,91,0,128,28,0,28,156
12/21/2019,FLG,AZ,AWP,WE,Federal Contract Tower,8,6,7,0,21,0,14,75,0,89,8,20,82,0,110,20,0,20,130
12/22/2019,FLG,AZ,AWP,WE,Federal Contract Tower,7,8,5,0,20,0,7,40,0,47,7,15,45,0,67,2,0,2,69
12/23/2019,FLG,AZ,AWP,WE,Federal Contract Tower,7,7,3,0,17,0,10,34,0,44,7,17,37,0,61,8,8,16,77
12/24/2019,FLG,AZ,AWP,WE,Federal Contract Tower,8,2,1,0,11,0,0,0,0,0,8,2,1,0,11,0,0,0,11
12/25/2019,FLG,AZ,AWP,WE,Federal Contract Tower,2,3,0,0,5,0,0,0,0,0,2,3,0,0,5,0,0,0,5
12/26/2019,FLG,AZ,AWP,WE,Federal Contract Tower,7,5,5,0,17,0,0,0,0,0,7,5,5,0,17,0,0,0,17
12/27/2019,FLG,AZ,AWP,WE,Federal Contract Tower,4,1,1,0,6,0,0,0,0,0,4,1,1,0,6,0,0,0,6
12/28/2019,FLG,AZ,AWP,WE,Federal Contract Tower,7,9,6,0,22,0,5,10,0,15,7,14,16,0,37,2,0,2,39
12/29/2019,FLG,AZ,AWP,WE,Federal Contract Tower,8,6,3,0,17,0,32,44,0,76,8,38,47,0,93,0,0,0,93
12/30/2019,FLG,AZ,AWP,WE,Federal Contract Tower,9,4,2,0,15,0,12,37,0,49,9,16,39,0,64,42,0,42,106
12/31/2019,FLG,AZ,AWP,WE,Federal Contract Tower,8,15,2,0,25,0,21,44,0,65,8,36,46,0,90,46,0,46,136
01/01/2020,FLG,AZ,AWP,WE,Federal Contract Tower,7,8,3,0,18,0,23,34,0,57,7,31,37,0,75,28,0,28,103
01/02/2020,FLG,AZ,AWP,WE,Federal Contract Tower,8,11,3,0,22,0,28,41,0,69,8,39,44,0,91,28,0,28,119
01/03/2020,FLG,AZ,AWP,WE,Federal Contract Tower,8,6,2,2,18,0,25,56,0,81,8,31,58,2,99,38,0,38,137
01/04/2020,FLG,AZ,AWP,WE,Federal Contract Tower,5,5,10,0,20,0,11,51,10,72,5,16,61,10,92,44,0,44,136
01/05/2020,FLG,AZ,AWP,WE,Federal Contract Tower,9,6,5,0,20,0,14,71,5,90,9,20,76,5,110,40,0,40,150
01/06/2020,FLG,AZ,AWP,WE,Federal Contract Tower,6,5,7,0,18,0,19,35,10,64,6,24,42,10,82,8,0,8,90
01/07/2020,FLG,AZ,AWP,WE,Federal Contract Tower,8,7,5,0,20,0,15,71,7,93,8,22,76,7,113,44,2,46,159
01/08/2020,FLG,AZ,AWP,WE,Federal Contract Tower,5,9,1,0,15,0,15,44,2,61,5,24,45,2,76,8,0,8,84
01/09/2020,FLG,AZ,AWP,WE,Federal Contract Tower,6,10,8,0,24,0,7,26,0,33,6,17,34,0,57,10,0,10,67
01/10/2020,FLG,AZ,AWP,WE,Federal Contract Tower,9,8,3,0,20,0,9,38,1,48,9,17,41,1,68,10,0,10,78
01/11/2020,FLG,AZ,AWP,WE,Federal Contract Tower,8,9,3,0,20,0,12,56,0,68,8,21,59,0,88,6,0,6,94
01/12/2020,FLG,AZ,AWP,WE,Federal Contract Tower,9,7,4,0,20,0,15,72,0,87,9,22,76,0,107,16,0,16,123
01/13/2020,FLG,AZ,AWP,WE,Federal Contract Tower,7,6,3,0,16,0,21,57,0,78,7,27,60,0,94,6,0,6,100
01/14/2020,FLG,AZ,AWP,WE,Federal Contract Tower,7,10,4,0,21,0,10,51,1,62,7,20,55,1,83,18,0,18,101
01/15/2020,FLG,AZ,AWP,WE,Federal Contract Tower,6,9,4,0,19,0,15,53,0,68,6,24,57,0,87,6,0,6,93
01/16/2020,FLG,AZ,AWP,WE,Federal Contract Tower,6,6,3,0,15,0,10,36,0,46,6,16,39,0,61,0,0,0,61
01/17/2020,FLG,AZ,AWP,WE,Federal Contract Tower,8,12,9,0,29,0,17,50,0,67,8,29,59,0,96,10,0,10,106
01/18/2020,FLG,AZ,AWP,WE,Federal Contract Tower,6,6,7,0,19,0,1,43,0,44,6,7,50,0,63,32,0,32,95
01/19/2020,FLG,AZ,AWP,WE,Federal Contract Tower,9,4,0,2,15,0,18,47,0,65,9,22,47,2,80,16,0,16,96
01/20/2020,FLG,AZ,AWP,WE,Federal Contract Tower,8,8,4,0,20,0,9,32,0,41,8,17,36,0,61,10,0,10,71
01/21/2020,FLG,AZ,AWP,WE,Federal Contract Tower,10,8,1,0,19,0,1,0,0,1,10,9,1,0,20,0,0,0,20
01/22/2020,FLG,AZ,AWP,WE,Federal Contract Tower,8,6,7,0,21,0,15,49,0,64,8,21,56,0,85,34,0,34,119
01/23/2020,FLG,AZ,AWP,WE,Federal Contract Tower,8,9,8,0,25,0,18,56,0,74,8,27,64,0,99,6,0,6,105
01/24/2020,FLG,AZ,AWP,WE,Federal Contract Tower,8,8,2,0,18,0,18,75,0,93,8,26,77,0,111,84,0,84,195
01/25/2020,FLG,AZ,AWP,WE,Federal Contract Tower,8,8,6,0,22,0,8,63,0,71,8,16,69,0,93,26,0,26,119
01/26/2020,FLG,AZ,AWP,WE,Federal Contract Tower,7,5,9,0,21,0,13,55,0,68,7,18,64,0,89,20,0,20,109
01/27/2020,FLG,AZ,AWP,WE,Federal Contract Tower,9,10,7,0,26,0,20,45,0,65,9,30,52,0,91,2,0,2,93
01/28/2020,FLG,AZ,AWP,WE,Federal Contract Tower,9,8,5,7,29,0,16,62,2,80,9,24,67,9,109,16,0,16,125
01/29/2020,FLG,AZ,AWP,WE,Federal Contract Tower,6,10,7,4,27,0,15,31,1,47,6,25,38,5,74,10,0,10,84
01/30/2020,FLG,AZ,AWP,WE,Federal Contract Tower,8,10,6,0,24,0,18,45,0,63,8,28,51,0,87,16,0,16,103
01/31/2020,FLG,AZ,AWP,WE,Federal Contract Tower,8,7,6,0,21,0,23,47,0,70,8,30,53,0,91,36,0,36,127
02/01/2020,FLG,AZ,AWP,CE,Federal Contract Tower,8,6,3,0,17,0,7,63,6,76,8,13,66,6,93,16,0,16,109
02/02/2020,FLG,AZ,AWP,CE,Federal Contract Tower,8,5,5,0,18,0,10,51,0,61,8,15,56,0,79,14,0,14,93
02/03/2020,FLG,AZ,AWP,CE,Federal Contract Tower,9,8,1,0,18,0,8,2,0,10,9,16,3,0,28,14,0,14,42
02/04/2020,FLG,AZ,AWP,CE,Federal Contract Tower,8,6,1,0,15,0,28,44,0,72,8,34,45,0,87,4,0,4,91
02/05/2020,FLG,AZ,AWP,CE,Federal Contract Tower,6,6,8,0,20,0,14,57,0,71,6,20,65,0,91,6,0,6,97
02/06/2020,FLG,AZ,AWP,CE,Federal Contract Tower,8,9,3,0,20,0,11,52,0,63,8,20,55,0,83,4,0,4,87
02/07/2020,FLG,AZ,AWP,CE,Federal Contract Tower,10,6,10,2,28,0,24,50,1,75,10,30,60,3,103,34,0,34,137
02/08/2020,FLG,AZ,AWP,CE,Federal Contract Tower,8,7,7,0,22,0,11,47,0,58,8,18,54,0,80,6,0,6,86
02/09/2020,FLG,AZ,AWP,CE,Federal Contract Tower,8,9,1,0,18,0,12,53,0,65,8,21,54,0,83,10,0,10,93
02/10/2020,FLG,AZ,AWP,CE,Federal Contract Tower,8,9,0,0,17,0,14,12,0,26,8,23,12,0,43,0,0,0,43
02/11/2020,FLG,AZ,AWP,CE,Federal Contract Tower,7,8,6,2,23,0,19,22,0,41,7,27,28,2,64,0,0,0,64
02/12/2020,FLG,AZ,AWP,CE,Federal Contract Tower,6,7,4,0,17,0,19,79,0,98,6,26,83,0,115,34,0,34,149
02/13/2020,FLG,AZ,AWP,CE,Federal Contract Tower,9,10,4,0,23,0,8,52,0,60,9,18,56,0,83,24,0,24,107
02/14/2020,FLG,AZ,AWP,CE,Federal Contract Tower,8,7,8,1,24,0,26,81,1,108,8,33,89,2,132,14,0,14,146
02/15/2020,FLG,AZ,AWP,CE,Federal Contract Tower,8,10,9,0,27,0,16,54,0,70,8,26,63,0,97,32,0,32,129
02/16/2020,FLG,AZ,AWP,CE,Federal Contract Tower,8,8,9,0,25,0,21,61,0,82,8,29,70,0,107,18,0,18,125
02/17/2020,FLG,AZ,AWP,CE,Federal Contract Tower,8,7,6,0,21,0,15,70,0,85,8,22,76,0,106,34,0,34,140
02/18/2020,FLG,AZ,AWP,CE,Federal Contract Tower,8,7,7,2,24,0,5,49,2,56,8,12,56,4,80,8,6,14,94
02/19/2020,FLG,AZ,AWP,CE,Federal Contract Tower,8,9,8,0,25,0,13,57,7,77,8,22,65,7,102,0,14,14,116
02/20/2020,FLG,AZ,AWP,CE,Federal Contract Tower,7,11,6,0,24,0,17,64,0,81,7,28,70,0,105,14,0,14,119
02/21/2020,FLG,AZ,AWP,CE,Federal Contract Tower,8,10,4,0,22,0,23,55,4,82,8,33,59,4,104,14,0,14,118
02/22/2020,FLG,AZ,AWP,CE,Federal Contract Tower,8,5,8,0,21,0,1,0,0,1,8,6,8,0,22,2,0,2,24
02/23/2020,FLG,AZ,AWP,CE,Federal Contract Tower,9,8,10,0,27,0,6,11,0,17,9,14,21,0,44,0,0,0,44
02/24/2020,FLG,AZ,AWP,CE,Federal Contract Tower,10,3,4,2,19,0,19,29,0,48,10,22,33,2,67,2,0,2,69
02/25/2020,FLG,AZ,AWP,CE,Federal Contract Tower,8,10,1,1,20,0,18,21,2,41,8,28,22,3,61,0,2,2,63
02/26/2020,FLG,AZ,AWP,CE,Federal Contract Tower,8,7,7,2,24,0,17,39,1,57,8,24,46,3,81,6,2,8,89
02/27/2020,FLG,AZ,AWP,CE,Federal Contract Tower,8,7,5,0,20,0,6,55,0,61,8,13,60,0,81,4,0,4,85
02/28/2020,FLG,AZ,AWP,CE,Federal Contract Tower,9,7,7,0,23,0,25,60,4,89,9,32,67,4,112,18,0,18,130
02/29/2020,FLG,AZ,AWP,CE,Federal Contract Tower,8,5,2,0,15,0,16,83,4,103,8,21,85,4,118,28,6,34,152
03/01/2020,FLG,AZ,AWP,CE,Federal Contract Tower,8,7,2,0,17,0,4,38,0,42,8,11,40,0,59,4,0,4,63
03/02/2020,FLG,AZ,AWP,CE,Federal Contract Tower,8,6,3,0,17,0,23,18,3,44,8,29,21,3,61,10,0,10,71
03/03/2020,FLG,AZ,AWP,CE,Federal Contract Tower,8,8,6,0,22,0,16,42,0,58,8,24,48,0,80,8,0,8,88
03/04/2020,FLG,AZ,AWP,CE,Federal Contract Tower,8,7,7,2,24,0,18,44,0,62,8,25,51,2,86,24,0,24,110
03/05/2020,FLG,AZ,AWP,CE,Federal Contract Tower,10,5,5,0,20,0,19,57,0,76,10,24,62,0,96,4,0,4,100
03/06/2020,FLG,AZ,AWP,CE,Federal Contract Tower,9,6,8,0,23,0,8,47,0,55,9,14,55,0,78,18,0,18,96
03/07/2020,FLG,AZ,AWP,CE,Federal Contract Tower,8,7,2,0,17,0,18,39,0,57,8,25,41,0,74,32,0,32,106
03/08/2020,FLG,AZ,AWP,CE,Federal Contract Tower,5,9,3,0,17,0,8,43,0,51,5,17,46,0,68,6,0,6,74
03/09/2020,FLG,AZ,AWP,CE,Federal Contract Tower,7,7,4,0,18,0,18,46,0,64,7,25,50,0,82,34,0,34,116
03/10/2020,FLG,AZ,AWP,CE,Federal Contract Tower,7,13,4,0,24,0,0,0,0,0,7,13,4,0,24,0,0,0,24
03/11/2020,FLG,AZ,AWP,CE,Federal Contract Tower,7,7,2,2,18,0,2,1,0,3,7,9,3,2,21,0,0,0,21
03/12/2020,FLG,AZ,AWP,CE,Federal Contract Tower,9,10,12,0,31,0,9,2,0,11,9,19,14,0,42,8,0,8,50
03/13/2020,FLG,AZ,AWP,CE,Federal Contract Tower,0,7,12,0,19,0,0,0,0,0,0,7,12,0,19,0,0,0,19
03/14/2020,FLG,AZ,AWP,CE,Federal Contract Tower,9,8,8,0,25,0,7,5,0,12,9,15,13,0,37,0,0,0,37
03/15/2020,FLG,AZ,AWP,CE,Federal Contract Tower,8,4,14,0,26,0,8,47,0,55,8,12,61,0,81,20,0,20,101
03/16/2020,FLG,AZ,AWP,CE,Federal Contract Tower,8,5,0,0,13,0,18,54,0,72,8,23,54,0,85,22,0,22,107
03/17/2020,FLG,AZ,AWP,CE,Federal Contract Tower,8,8,3,0,19,0,15,27,0,42,8,23,30,0,61,2,0,2,63
03/18/2020,FLG,AZ,AWP,CE,Federal Contract Tower,8,1,5,0,14,0,0,0,0,0,8,1,5,0,14,0,0,0,14
03/19/2020,FLG,AZ,AWP,CE,Federal Contract Tower,8,5,7,0,20,0,0,0,0,0,8,5,7,0,20,0,0,0,20
03/20/2020,FLG,AZ,AWP,CE,Federal Contract Tower,9,9,4,0,22,0,14,30,0,44,9,23,34,0,66,40,0,40,106
03/21/2020,FLG,AZ,AWP,CE,Federal Contract Tower,6,8,2,0,16,0,2,33,0,35,6,10,35,0,51,2,0,2,53
03/22/2020,FLG,AZ,AWP,CE,Federal Contract Tower,3,4,3,2,12,0,8,57,0,65,3,12,60,2,77,38,8,46,123
03/23/2020,FLG,AZ,AWP,CE,Federal Contract Tower,6,9,0,0,15,0,1,5,0,6,6,10,5,0,21,0,0,0,21
03/24/2020,FLG,AZ,AWP,CE,Federal Contract Tower,4,6,4,4,18,0,18,45,1,64,4,24,49,5,82,12,0,12,94
03/25/2020,FLG,AZ,AWP,CE,Federal Contract Tower,4,3,3,0,10,0,11,20,0,31,4,14,23,0,41,0,0,0,41
03/26/2020,FLG,AZ,AWP,CE,Federal Contract Tower,3,7,5,0,15,0,11,11,0,22,3,18,16,0,37,2,0,2,39
03/27/2020,FLG,AZ,AWP,CE,Federal Contract Tower,5,3,4,0,12,0,1,4,0,5,5,4,8,0,17,12,0,12,29
03/28/2020,FLG,AZ,AWP,CE,Federal Contract Tower,6,5,5,0,16,0,18,69,0,87,6,23,74,0,103,4,0,4,107
03/29/2020,FLG,AZ,AWP,CE,Federal Contract Tower,4,1,3,0,8,0,22,47,2,71,4,23,50,2,79,10,0,10,89
03/30/2020,FLG,AZ,AWP,CE,Federal Contract Tower,5,6,2,6,19,0,10,51,2,63,5,16,53,8,82,28,0,28,110
03/31/2020,FLG,AZ,AWP,CE,Federal Contract Tower,5,5,4,2,16,0,10,51,4,65,5,15,55,6,81,38,0,38,119
04/01/2020,FLG,AZ,AWP,CE,Federal Contract Tower,8,0,3,0,11,0,11,10,0,21,8,11,13,0,32,6,0,6,38
04/02/2020,FLG,AZ,AWP,CE,Federal Contract Tower,7,1,3,0,11,0,16,20,3,39,7,17,23,3,50,2,0,2,52
04/03/2020,FLG,AZ,AWP,CE,Federal Contract Tower,8,5,2,0,15,0,12,29,0,41,8,17,31,0,56,10,0,10,66
04/04/2020,FLG,AZ,AWP,CE,Federal Contract Tower,6,5,3,0,14,0,21,36,0,57,6,26,39,0,71,2,0,2,73
04/05/2020,FLG,AZ,AWP,CE,Federal Contract Tower,8,6,3,0,17,0,11,23,0,34,8,17,26,0,51,6,4,10,61
04/06/2020,FLG,AZ,AWP,CE,Federal Contract Tower,6,3,1,1,11,0,9,9,1,19,6,12,10,2,30,0,0,0,30
04/07/2020,FLG,AZ,AWP,CE,Federal Contract Tower,4,5,4,1,14,0,8,30,0,38,4,13,34,1,52,4,0,4,56
04/08/2020,FLG,AZ,AWP,CE,Federal Contract Tower,5,3,2,2,12,0,15,12,0,27,5,18,14,2,39,2,2,4,43
04/09/2020,FLG,AZ,AWP,CE,Federal Contract Tower,5,3,2,2,12,0,20,22,0,42,5,23,24,2,54,4,0,4,58
04/10/2020,FLG,AZ,AWP,CE,Federal Contract Tower,5,5,1,0,11,0,20,58,0,78,5,25,59,0,89,22,0,22,111
04/11/2020,FLG,AZ,AWP,CE,Federal Contract Tower,4,3,6,0,13,0,3,19,0,22,4,6,25,0,35,2,0,2,37
04/12/2020,FLG,AZ,AWP,CE,Federal Contract Tower,3,0,5,0,8,0,2,2,0,4,3,2,7,0,12,3,0,3,15
04/14/2020,FLG,AZ,AWP,CE,Federal Contract Tower,5,0,2,0,7,0,13,35,0,48,5,13,37,0,55,22,0,22,77
04/15/2020,FLG,AZ,AWP,CE,Federal Contract Tower,5,4,2,0,11,0,16,50,2,68,5,20,52,2,79,16,0,16,95
04/16/2020,FLG,AZ,AWP,CE,Federal Contract Tower,4,9,7,0,20,0,30,41,2,73,4,39,48,2,93,12,2,14,107
04/17/2020,FLG,AZ,AWP,CE,Federal Contract Tower,4,4,10,2,20,0,19,57,2,78,4,23,67,4,98,30,0,30,128
04/18/2020,FLG,AZ,AWP,CE,Federal Contract Tower,3,7,5,0,15,0,12,36,0,48,3,19,41,0,63,2,0,2,65
04/19/2020,FLG,AZ,AWP,CE,Federal Contract Tower,2,0,3,2,7,0,6,60,0,66,2,6,63,2,73,0,0,0,73
04/20/2020,FLG,AZ,AWP,CE,Federal Contract Tower,2,3,5,4,14,0,12,47,0,59,2,15,52,4,73,0,0,0,73
04/21/2020,FLG,AZ,AWP,CE,Federal Contract Tower,3,3,3,3,12,0,17,30,1,48,3,20,33,4,60,4,0,4,64
04/22/2020,FLG,AZ,AWP,CE,Federal Contract Tower,2,5,1,0,8,0,22,47,2,71,2,27,48,2,79,24,0,24,103
04/23/2020,FLG,AZ,AWP,CE,Federal Contract Tower,4,1,4,0,9,0,16,38,0,54,4,17,42,0,63,8,0,8,71
04/24/2020,FLG,AZ,AWP,CE,Federal Contract Tower,2,4,11,0,17,0,13,39,0,52,2,17,50,0,69,34,0,34,103
04/25/2020,FLG,AZ,AWP,CE,Federal Contract Tower,5,2,4,0,11,0,3,88,0,91,5,5,92,0,102,34,0,34,136
04/26/2020,FLG,AZ,AWP,CE,Federal Contract Tower,4,4,8,0,16,0,22,57,0,79,4,26,65,0,95,8,0,8,103
04/27/2020,FLG,AZ,AWP,CE,Federal Contract Tower,4,2,1,0,7,0,25,58,0,83,4,27,59,0,90,22,0,22,112
04/28/2020,FLG,AZ,AWP,CE,Federal Contract Tower,3,0,2,2,7,0,20,47,0,67,3,20,49,2,74,2,2,4,78
04/29/2020,FLG,AZ,AWP,CE,Federal Contract Tower,3,2,6,2,13,0,29,76,0,105,3,31,82,2,118,26,0,26,144
04/30/2020,FLG,AZ,AWP,CE,Federal Contract Tower,5,5,6,0,16,0,16,44,0,60,5,21,50,0,76,16,0,16,92
05/01/2020,FLG,AZ,AWP,CE,Federal Contract Tower,8,1,4,0,13,0,17,50,6,73,8,18,54,6,86,2,0,2,88
05/02/2020,FLG,AZ,AWP,CE,Federal Contract Tower,4,3,11,0,18,0,27,68,6,101,4,30,79,6,119,10,0,10,129
05/03/2020,FLG,AZ,AWP,CE,Federal Contract Tower,6,2,4,0,12,0,23,52,0,75,6,25,56,0,87,2,0,2,89
05/04/2020,FLG,AZ,AWP,CE,Federal Contract Tower,5,3,9,0,17,0,27,60,0,87,5,30,69,0,104,14,0,14,118
05/05/2020,FLG,AZ,AWP,CE,Federal Contract Tower,2,2,5,2,11,0,26,54,2,82,2,28,59,4,93,4,2,6,99
05/06/2020,FLG,AZ,AWP,CE,Federal Contract Tower,4,2,2,0,8,0,27,65,2,94,4,29,67,2,102,32,0,32,134
05/07/2020,FLG,AZ,AWP,CE,Federal Contract Tower,4,12,8,10,34,0,22,58,4,84,4,34,66,14,118,20,0,20,138
05/08/2020,FLG,AZ,AWP,CE,Federal Contract Tower,6,2,6,0,14,0,22,80,25,127,6,24,86,25,141,2,0,2,143
05/09/2020,FLG,AZ,AWP,CE,Federal Contract Tower,4,3,6,0,13,0,13,95,0,108,4,16,101,0,121,16,0,16,137
05/10/2020,FLG,AZ,AWP,CE,Federal Contract Tower,6,2,2,0,10,0,19,32,0,51,6,21,34,0,61,8,0,8,69
05/11/2020,FLG,AZ,AWP,CE,Federal Contract Tower,6,4,6,0,16,0,32,48,0,80,6,36,54,0,96,22,0,22,118
05/12/2020,FLG,AZ,AWP,CE,Federal Contract Tower,4,8,6,1,19,0,22,43,1,66,4,30,49,2,85,8,0,8,93
05/13/2020,FLG,AZ,AWP,CE,Federal Contract Tower,9,10,2,1,22,0,20,45,1,66,9,30,47,2,88,6,0,6,94
05/14/2020,FLG,AZ,AWP,CE,Federal Contract Tower,6,10,6,5,27,0,33,52,2,87,6,43,58,7,114,14,0,14,128
05/15/2020,FLG,AZ,AWP,CE,Federal Contract Tower,6,0,1,0,7,0,33,54,0,87,6,33,55,0,94,0,0,0,94
05/16/2020,FLG,AZ,AWP,CE,Federal Contract Tower,4,2,6,0,12,0,18,80,0,98,4,20,86,0,110,10,0,10,120
05/17/2020,FLG,AZ,AWP,CE,Federal Contract Tower,6,1,9,0,16,0,11,56,0,67,6,12,65,0,83,10,0,10,93
05/19/2020,FLG,AZ,AWP,CE,Federal Contract Tower,4,5,9,5,23,0,19,20,1,40,4,24,29,6,63,0,0,0,63
05/20/2020,FLG,AZ,AWP,CE,Federal Contract Tower,4,7,8,0,19,0,22,59,2,83,4,29,67,2,102,16,2,18,120
05/21/2020,FLG,AZ,AWP,CE,Federal Contract Tower,6,12,14,1,33,0,17,73,0,90,6,29,87,1,123,26,0,26,149
05/22/2020,FLG,AZ,AWP,CE,Federal Contract Tower,6,8,9,0,23,0,27,47,0,74,6,35,56,0,97,14,0,14,111
05/23/2020,FLG,AZ,AWP,CE,Federal Contract Tower,5,7,6,0,18,0,28,59,0,87,5,35,65,0,105,18,0,18,123
05/24/2020,FLG,AZ,AWP,CE,Federal Contract Tower,7,1,7,0,15,0,17,57,0,74,7,18,64,0,89,6,0,6,95
05/26/2020,FLG,AZ,AWP,CE,Federal Contract Tower,4,5,2,2,13,0,16,51,0,67,4,21,53,2,80,16,0,16,96
05/27/2020,FLG,AZ,AWP,CE,Federal Contract Tower,6,6,6,0,18,0,15,74,1,90,6,21,80,1,108,42,2,44,152
05/28/2020,FLG,AZ,AWP,CE,Federal Contract Tower,6,8,9,1,24,0,27,67,1,95,6,35,76,2,119,40,0,40,159
05/29/2020,FLG,AZ,AWP,CE,Federal Contract Tower,6,5,8,2,21,0,34,53,0,87,6,39,61,2,108,4,0,4,112
05/30/2020,FLG,AZ,AWP,CE,Federal Contract Tower,4,10,9,0,23,0,13,63,0,76,4,23,72,0,99,18,0,18,117
05/31/2020,FLG,AZ,AWP,CE,Federal Contract Tower,6,5,18,0,29,0,31,44,0,75,6,36,62,0,104,10,0,10,114
06/01/2020,FLG,AZ,AWP,CE,Federal Contract Tower,6,3,6,0,15,0,16,44,0,60,6,19,50,0,75,10,0,10,85
06/02/2020,FLG,AZ,AWP,CE,Federal Contract Tower,5,5,10,0,20,0,13,60,0,73,5,18,70,0,93,20,0,20,113
06/03/2020,FLG,AZ,AWP,CE,Federal Contract Tower,6,5,19,0,30,0,23,68,3,94,6,28,87,3,124,26,0,26,150
06/04/2020,FLG,AZ,AWP,CE,Federal Contract Tower,5,2,7,0,14,0,38,58,0,96,5,40,65,0,110,0,0,0,110
06/05/2020,FLG,AZ,AWP,CE,Federal Contract Tower,4,8,11,0,23,0,27,48,6,81,4,35,59,6,104,18,0,18,122
06/06/2020,FLG,AZ,AWP,CE,Federal Contract Tower,6,6,9,0,21,0,24,43,0,67,6,30,52,0,88,0,0,0,88
06/07/2020,FLG,AZ,AWP,CE,Federal Contract Tower,4,2,17,0,23,0,34,44,0,78,4,36,61,0,101,0,0,0,101
06/08/2020,FLG,AZ,AWP,CE,Federal Contract Tower,6,3,5,2,16,0,10,25,0,35,6,13,30,2,51,40,16,56,107
06/09/2020,FLG,AZ,AWP,CE,Federal Contract Tower,4,11,8,0,23,0,14,42,0,56,4,25,50,0,79,46,0,46,125
06/10/2020,FLG,AZ,AWP,CE,Federal Contract Tower,5,7,16,2,30,0,15,93,2,110,5,22,109,4,140,36,0,36,176
06/11/2020,FLG,AZ,AWP,CE,Federal Contract Tower,6,6,11,0,23,0,24,73,2,99,6,30,84,2,122,30,0,30,152
06/12/2020,FLG,AZ,AWP,CE,Federal Contract Tower,4,6,8,2,20,0,24,63,0,87,4,30,71,2,107,30,0,30,137
06/13/2020,FLG,AZ,AWP,CE,Federal Contract Tower,6,3,7,0,16,0,13,17,0,30,6,16,24,0,46,0,0,0,46
06/15/2020,FLG,AZ,AWP,CE,Federal Contract Tower,6,3,5,0,14,0,20,48,0,68,6,23,53,0,82,4,0,4,86
06/16/2020,FLG,AZ,AWP,CE,Federal Contract Tower,3,12,12,0,27,0,10,35,0,45,3,22,47,0,72,0,0,0,72
06/17/2020,FLG,AZ,AWP,CE,Federal Contract Tower,6,7,8,0,21,0,16,33,0,49,6,23,41,0,70,24,6,30,100
06/18/2020,FLG,AZ,AWP,CE,Federal Contract Tower,6,2,7,1,16,0,15,54,0,69,6,17,61,1,85,28,6,34,119
06/19/2020,FLG,AZ,AWP,CE,Federal Contract Tower,4,1,9,0,14,0,30,48,6,84,4,31,57,6,98,12,2,14,112
06/20/2020,FLG,AZ,AWP,CE,Federal Contract Tower,6,4,5,0,15,0,5,67,1,73,6,9,72,1,88,2,0,2,90
06/21/2020,FLG,AZ,AWP,CE,Federal Contract Tower,3,2,14,0,19,0,16,74,0,90,3,18,88,0,109,13,0,13,122
06/22/2020,FLG,AZ,AWP,CE,Federal Contract Tower,6,6,16,2,30,0,20,56,0,76,6,26,72,2,106,34,0,34,140
06/23/2020,FLG,AZ,AWP,CE,Federal Contract Tower,4,8,13,0,25,0,20,51,0,71,4,28,64,0,96,6,0,6,102
06/24/2020,FLG,AZ,AWP,CE,Federal Contract Tower,6,0,0,2,8,0,27,37,2,66,6,27,37,4,74,18,0,18,92
06/25/2020,FLG,AZ,AWP,CE,Federal Contract Tower,6,5,3,3,17,0,23,65,5,93,6,28,68,8,110,2,0,2,112
06/26/2020,FLG,AZ,AWP,CE,Federal Contract Tower,4,4,10,2,20,0,32,74,0,106,4,36,84,2,126,6,0,6,132
06/27/2020,FLG,AZ,AWP,CE,Federal Contract Tower,6,3,8,0,17,0,14,58,0,72,6,17,66,0,89,10,0,10,99
06/28/2020,FLG,AZ,AWP,CE,Federal Contract Tower,4,4,5,0,13,0,25,48,0,73,4,29,53,0,86,0,0,0,86
06/29/2020,FLG,AZ,AWP,CE,Federal Contract Tower,6,7,2,0,15,0,20,32,0,52,6,27,34,0,67,0,0,0,67
06/30/2020,FLG,AZ,AWP,CE,Federal Contract Tower,4,6,12,2,24,0,23,65,0,88,4,29,77,2,112,8,0,8,120
07/01/2020,FLG,AZ,AWP,CE,Federal Contract Tower,6,7,3,2,18,0,16,54,0,70,6,23,57,2,88,14,0,14,102
07/02/2020,FLG,AZ,AWP,CE,Federal Contract Tower,6,9,4,0,19,0,25,46,0,71,6,34,50,0,90,12,0,12,102
07/03/2020,FLG,AZ,AWP,CE,Federal Contract Tower,4,3,3,0,10,0,15,56,0,71,4,18,59,0,81,10,0,10,91
07/04/2020,FLG,AZ,AWP,CE,Federal Contract Tower,6,2,1,0,9,0,11,46,0,57,6,13,47,0,66,40,0,40,106
07/05/2020,FLG,AZ,AWP,CE,Federal Contract Tower,4,1,11,0,16,0,27,46,0,73,4,28,57,0,89,26,0,26,115
07/06/2020,FLG,AZ,AWP,CE,Federal Contract Tower,6,9,7,0,22,0,24,53,1,78,6,33,60,1,100,12,0,12,112
07/07/2020,FLG,AZ,AWP,CE,Federal Contract Tower,8,5,5,3,21,0,32,43,2,77,8,37,48,5,98,0,0,0,98
07/08/2020,FLG,AZ,AWP,CE,Federal Contract Tower,9,9,6,3,27,0,33,73,0,106,9,42,79,3,133,52,18,70,203
07/09/2020,FLG,AZ,AWP,CE,Federal Contract Tower,8,9,7,5,29,0,11,55,4,70,8,20,62,9,99,20,0,20,119
07/10/2020,FLG,AZ,AWP,CE,Federal Contract Tower,8,7,7,1,23,0,27,54,12,93,8,34,61,13,116,0,0,0,116
07/11/2020,FLG,AZ,AWP,CE,Federal Contract Tower,9,7,8,0,24,0,5,59,2,66,9,12,67,2,90,8,0,8,98
07/12/2020,FLG,AZ,AWP,CE,Federal Contract Tower,8,4,7,0,19,0,14,44,3,61,8,18,51,3,80,18,14,32,112
07/13/2020,FLG,AZ,AWP,CE,Federal Contract Tower,8,2,8,0,18,20,35,5,0,60,28,37,13,0,78,2,0,2,80
07/14/2020,FLG,AZ,AWP,CE,Federal Contract Tower,7,6,7,0,20,23,48,0,0,71,30,54,7,0,91,8,0,8,99
07/15/2020,FLG,AZ,AWP,CE,Federal Contract Tower,8,5,5,2,20,0,26,38,0,64,8,31,43,2,84,4,0,4,88
07/16/2020,FLG,AZ,AWP,CE,Federal Contract Tower,8,7,8,0,23,0,20,28,0,48,8,27,36,0,71,14,0,14,85
07/17/2020,FLG,AZ,AWP,CE,Federal Contract Tower,8,3,5,0,16,0,24,57,0,81,8,27,62,0,97,28,0,28,125
07/18/2020,FLG,AZ,AWP,CE,Federal Contract Tower,8,9,6,0,23,0,19,53,0,72,8,28,59,0,95,12,0,12,107
07/19/2020,FLG,AZ,AWP,CE,Federal Contract Tower,8,0,6,0,14,0,29,68,0,97,8,29,74,0,111,12,0,12,123
07/20/2020,FLG,AZ,AWP,CE,Federal Contract Tower,8,4,12,0,24,0,22,55,0,77,8,26,67,0,101,6,0,6,107
07/21/2020,FLG,AZ,AWP,CE,Federal Contract Tower,8,6,8,0,22,0,33,34,0,67,8,39,42,0,89,10,0,10,99
07/22/2020,FLG,AZ,AWP,CE,Federal Contract Tower,8,5,6,0,19,0,28,53,2,83,8,33,59,2,102,20,0,20,122
07/23/2020,FLG,AZ,AWP,CE,Federal Contract Tower,8,5,3,0,16,0,16,42,0,58,8,21,45,0,74,14,0,14,88
07/24/2020,FLG,AZ,AWP,CE,Federal Contract Tower,7,8,7,0,22,0,13,25,0,38,7,21,32,0,60,4,0,4,64
07/25/2020,FLG,AZ,AWP,CE,Federal Contract Tower,8,4,2,0,14,0,25,63,0,88,8,29,65,0,102,10,0,10,112
07/26/2020,FLG,AZ,AWP,CE,Federal Contract Tower,8,0,4,0,12,0,52,56,0,108,8,52,60,0,120,12,0,12,132
07/27/2020,FLG,AZ,AWP,CE,Federal Contract Tower,8,4,3,0,15,0,22,44,0,66,8,26,47,0,81,12,0,12,93
07/28/2020,FLG,AZ,AWP,CE,Federal Contract Tower,8,7,3,0,18,0,32,66,11,109,8,39,69,11,127,38,0,38,165
07/29/2020,FLG,AZ,AWP,CE,Federal Contract Tower,8,3,10,0,21,0,30,73,0,103,8,33,83,0,124,22,0,22,146
07/30/2020,FLG,AZ,AWP,CE,Federal Contract Tower,9,5,11,0,25,0,33,81,4,118,9,38,92,4,143,36,2,38,181
07/31/2020,FLG,AZ,AWP,CE,Federal Contract Tower,9,5,4,0,18,0,15,90,0,105,9,20,94,0,123,64,0,64,187
08/01/2020,FLG,AZ,AWP,CE,Federal Contract Tower,8,7,10,0,25,0,25,84,0,109,8,32,94,0,134,14,0,14,148
08/02/2020,FLG,AZ,AWP,CE,Federal Contract Tower,8,1,5,0,14,0,20,78,6,104,8,21,83,6,118,28,0,28,146
08/03/2020,FLG,AZ,AWP,CE,Federal Contract Tower,9,4,8,0,21,0,27,68,7,102,9,31,76,7,123,36,0,36,159
08/04/2020,FLG,AZ,AWP,CE,Federal Contract Tower,6,4,13,0,23,0,28,60,2,90,6,32,73,2,113,14,0,14,127
08/05/2020,FLG,AZ,AWP,CE,Federal Contract Tower,5,6,8,3,22,0,24,50,1,75,5,30,58,4,97,18,0,18,115
08/06/2020,FLG,AZ,AWP,CE,Federal Contract Tower,8,5,6,1,20,0,16,76,8,100,8,21,82,9,120,30,0,30,150
08/07/2020,FLG,AZ,AWP,CE,Federal Contract Tower,8,11,10,0,29,0,36,68,1,105,8,47,78,1,134,38,0,38,172
08/08/2020,FLG,AZ,AWP,CE,Federal Contract Tower,8,4,6,0,18,0,31,68,1,100,8,35,74,1,118,24,0,24,142
08/09/2020,FLG,AZ,AWP,CE,Federal Contract Tower,8,2,9,0,19,0,13,46,1,60,8,15,55,1,79,26,0,26,105
08/10/2020,FLG,AZ,AWP,CE,Federal Contract Tower,7,3,18,2,30,0,18,77,1,96,7,21,95,3,126,46,0,46,172
08/11/2020,FLG,AZ,AWP,CE,Federal Contract Tower,6,6,6,1,19,0,25,69,1,95,6,31,75,2,114,8,0,8,122
08/12/2020,FLG,AZ,AWP,CE,Federal Contract Tower,6,9,5,8,28,0,21,55,0,76,6,30,60,8,104,12,0,12,116
08/13/2020,FLG,AZ,AWP,CE,Federal Contract Tower,9,3,9,0,21,0,18,66,2,86,9,21,75,2,107,24,2,26,133
08/14/2020,FLG,AZ,AWP,CE,Federal Contract Tower,7,1,7,0,15,0,30,72,0,102,7,31,79,0,117,18,0,18,135
08/15/2020,FLG,AZ,AWP,CE,Federal Contract Tower,8,3,5,0,16,0,15,47,0,62,8,18,52,0,78,2,0,2,80
08/16/2020,FLG,AZ,AWP,CE,Federal Contract Tower,7,7,10,0,24,0,12,58,0,70,7,19,68,0,94,10,0,10,104
08/17/2020,FLG,AZ,AWP,CE,Federal Contract Tower,8,3,14,0,25,0,16,66,0,82,8,19,80,0,107,14,0,14,121
08/18/2020,FLG,AZ,AWP,CE,Federal Contract Tower,7,3,3,2,15,0,19,36,1,56,7,22,39,3,71,14,0,14,85
08/19/2020,FLG,AZ,AWP,CE,Federal Contract Tower,8,9,12,0,29,0,26,43,1,70,8,35,55,1,99,12,0,12,111
08/20/2020,FLG,AZ,AWP,CE,Federal Contract Tower,8,8,10,1,27,0,13,45,3,61,8,21,55,4,88,18,0,18,106
08/21/2020,FLG,AZ,AWP,CE,Federal Contract Tower,10,7,6,0,23,0,10,44,2,56,10,17,50,2,79,16,0,16,95
08/22/2020,FLG,AZ,AWP,CE,Federal Contract Tower,9,1,7,0,17,0,7,35,0,42,9,8,42,0,59,4,0,4,63
08/23/2020,FLG,AZ,AWP,CE,Federal Contract Tower,10,7,9,0,26,0,10,40,0,50,10,17,49,0,76,40,0,40,116
08/24/2020,FLG,AZ,AWP,CE,Federal Contract Tower,10,16,6,0,32,0,27,53,2,82,10,43,59,2,114,30,0,30,144
08/25/2020,FLG,AZ,AWP,CE,Federal Contract Tower,8,8,2,2,20,0,20,34,2,56,8,28,36,4,76,18,4,22,98
08/26/2020,FLG,AZ,AWP,CE,Federal Contract Tower,8,7,16,0,31,0,16,55,0,71,8,23,71,0,102,16,0,16,118
08/27/2020,FLG,AZ,AWP,CE,Federal Contract Tower,10,8,12,0,30,0,21,43,7,71,10,29,55,7,101,12,0,12,113
08/28/2020,FLG,AZ,AWP,CE,Federal Contract Tower,10,8,12,2,32,0,29,76,2,107,10,37,88,4,139,28,0,28,167
08/29/2020,FLG,AZ,AWP,CE,Federal Contract Tower,10,5,8,0,23,0,30,69,0,99,10,35,77,0,122,58,0,58,180
08/30/2020,FLG,AZ,AWP,CE,Federal Contract Tower,10,4,5,0,19,0,8,53,3,64,10,12,58,3,83,40,0,40,123
08/31/2020,FLG,AZ,AWP,CE,Federal Contract Tower,10,5,9,2,26,0,26,58,5,89,10,31,67,7,115,4,0,4,119
09/01/2020,FLG,AZ,AWP,CE,Federal Contract Tower,7,5,5,5,22,0,25,28,2,55,7,30,33,7,77,0,0,0,77
09/02/2020,FLG,AZ,AWP,CE,Federal Contract Tower,9,11,1,0,21,0,34,60,4,98,9,45,61,4,119,10,10,20,139
09/03/2020,FLG,AZ,AWP,CE,Federal Contract Tower,10,2,13,1,26,0,11,73,1,85,10,13,86,2,111,14,6,20,131
09/04/2020,FLG,AZ,AWP,CE,Federal Contract Tower,10,8,12,0,30,0,32,51,7,90,10,40,63,7,120,34,0,34,154
09/05/2020,FLG,AZ,AWP,CE,Federal Contract Tower,12,4,2,0,18,0,19,71,18,108,12,23,73,18,126,12,0,12,138
09/06/2020,FLG,AZ,AWP,CE,Federal Contract Tower,8,2,9,0,19,0,24,48,0,72,8,26,57,0,91,10,0,10,101
09/07/2020,FLG,AZ,AWP,CE,Federal Contract Tower,8,5,12,0,25,0,12,73,0,85,8,17,85,0,110,8,0,8,118
09/08/2020,FLG,AZ,AWP,CE,Federal Contract Tower,10,5,6,2,23,0,20,21,0,41,10,25,27,2,64,4,0,4,68
09/09/2020,FLG,AZ,AWP,CE,Federal Contract Tower,7,5,8,0,20,0,21,41,4,66,7,26,49,4,86,10,10,20,106
09/10/2020,FLG,AZ,AWP,CE,Federal Contract Tower,11,12,8,2,33,0,29,53,0,82,11,41,61,2,115,2,0,2,117
09/11/2020,FLG,AZ,AWP,CE,Federal Contract Tower,12,7,4,2,25,0,19,71,0,90,12,26,75,2,115,12,2,14,129
09/12/2020,FLG,AZ,AWP,CE,Federal Contract Tower,10,4,12,0,26,0,15,82,0,97,10,19,94,0,123,54,0,54,177
09/13/2020,FLG,AZ,AWP,CE,Federal Contract Tower,9,6,19,0,34,0,21,85,2,108,9,27,104,2,142,2,0,2,144
09/14/2020,FLG,AZ,AWP,CE,Federal Contract Tower,14,4,7,0,25,0,20,63,0,83,14,24,70,0,108,0,0,0,108
09/15/2020,FLG,AZ,AWP,CE,Federal Contract Tower,10,6,12,0,28,0,24,59,0,83,10,30,71,0,111,10,0,10,121
09/16/2020,FLG,AZ,AWP,CE,Federal Contract Tower,10,8,12,0,30,0,14,40,0,54,10,22,52,0,84,0,2,2,86
09/17/2020,FLG,AZ,AWP,CE,Federal Contract Tower,12,4,11,0,27,0,28,58,0,86,12,32,69,0,113,12,0,12,125
09/18/2020,FLG,AZ,AWP,CE,Federal Contract Tower,12,8,6,2,28,0,19,67,0,86,12,27,73,2,114,6,0,6,120
09/19/2020,FLG,AZ,AWP,CE,Federal Contract Tower,10,8,6,1,25,0,9,67,0,76,10,17,73,1,101,0,0,0,101
09/20/2020,FLG,AZ,AWP,CE,Federal Contract Tower,12,4,9,0,25,0,24,70,1,95,12,28,79,1,120,22,0,22,142
09/21/2020,FLG,AZ,AWP,CE,Federal Contract Tower,12,10,10,3,35,0,26,69,17,112,12,36,79,20,147,4,0,4,151
09/22/2020,FLG,AZ,AWP,CE,Federal Contract Tower,10,5,13,2,30,0,18,61,22,101,10,23,74,24,131,8,8,16,147
09/23/2020,FLG,AZ,AWP,CE,Federal Contract Tower,10,5,7,1,23,0,26,56,11,93,10,31,63,12,116,18,0,18,134
09/24/2020,FLG,AZ,AWP,CE,Federal Contract Tower,12,10,12,1,35,0,19,65,12,96,12,29,77,13,131,0,0,0,131
09/25/2020,FLG,AZ,AWP,CE,Federal Contract Tower,12,11,11,0,34,0,18,74,6,98,12,29,85,6,132,18,0,18,150
09/26/2020,FLG,AZ,AWP,CE,Federal Contract Tower,10,3,12,0,25,0,9,41,4,54,10,12,53,4,79,24,0,24,103
09/27/2020,FLG,AZ,AWP,CE,Federal Contract Tower,12,10,7,2,31,0,12,57,4,73,12,22,64,6,104,6,0,6,110
09/28/2020,FLG,AZ,AWP,CE,Federal Contract Tower,13,8,11,3,35,0,9,57,31,97,13,17,68,34,132,16,0,16,148
09/29/2020,FLG,AZ,AWP,CE,Federal Contract Tower,10,4,12,0,26,0,26,88,17,131,10,30,100,17,157,12,0,12,169
09/30/2020,FLG,AZ,AWP,CE,Federal Contract Tower,10,13,9,2,34,0,29,86,2,117,10,42,95,4,151,36,0,36,187
10/01/2020,FLG,AZ,AWP,CE,Federal Contract Tower,9,7,6,1,23,0,21,74,7,102,9,28,80,8,125,14,4,18,143
10/02/2020,FLG,AZ,AWP,CE,Federal Contract Tower,12,3,9,1,25,0,16,65,2,83,12,19,74,3,108,14,4,18,126
10/03/2020,FLG,AZ,AWP,CE,Federal Contract Tower,11,8,12,0,31,0,15,63,0,78,11,23,75,0,109,0,0,0,109
10/04/2020,FLG,AZ,AWP,CE,Federal Contract Tower,10,5,18,1,34,0,17,73,0,90,10,22,91,1,124,52,0,52,176
10/05/2020,FLG,AZ,AWP,CE,Federal Contract Tower,10,8,10,0,28,0,24,57,1,82,10,32,67,1,110,4,0,4,114
10/06/2020,FLG,AZ,AWP,CE,Federal Contract Tower,8,9,9,0,26,0,21,61,7,89,8,30,70,7,115,26,0,26,141
10/07/2020,FLG,AZ,AWP,CE,Federal Contract Tower,10,9,6,0,25,0,15,58,2,75,10,24,64,2,100,0,0,0,100
10/08/2020,FLG,AZ,AWP,CE,Federal Contract Tower,11,1,4,0,16,0,33,63,3,99,11,34,67,3,115,38,0,38,153
10/09/2020,FLG,AZ,AWP,CE,Federal Contract Tower,10,2,8,1,21,0,18,57,2,77,10,20,65,3,98,14,0,14,112
10/10/2020,FLG,AZ,AWP,CE,Federal Contract Tower,9,2,10,1,22,0,13,62,12,87,9,15,72,13,109,18,0,18,127
10/11/2020,FLG,AZ,AWP,CE,Federal Contract Tower,10,3,13,0,26,0,20,52,1,73,10,23,65,1,99,4,2,6,105
10/12/2020,FLG,AZ,AWP,CE,Federal Contract Tower,11,1,10,0,22,0,17,57,0,74,11,18,67,0,96,10,0,10,106
10/13/2020,FLG,AZ,AWP,CE,Federal Contract Tower,10,3,4,2,19,0,25,53,0,78,10,28,57,2,97,4,0,4,101
10/14/2020,FLG,AZ,AWP,CE,Federal Contract Tower,10,4,9,5,28,0,19,39,3,61,10,23,48,8,89,6,0,6,95
10/15/2020,FLG,AZ,AWP,CE,Federal Contract Tower,10,8,12,0,30,0,21,54,4,79,10,29,66,4,109,0,0,0,109
10/16/2020,FLG,AZ,AWP,CE,Federal Contract Tower,10,6,10,5,31,0,27,70,6,103,10,33,80,11,134,26,0,26,160
10/17/2020,FLG,AZ,AWP,CE,Federal Contract Tower,10,4,14,1,29,0,15,62,5,82,10,19,76,6,111,6,0,6,117
10/18/2020,FLG,AZ,AWP,CE,Federal Contract Tower,9,4,14,0,27,0,13,114,7,134,9,17,128,7,161,0,4,4,165
10/19/2020,FLG,AZ,AWP,CE,Federal Contract Tower,9,4,5,2,20,0,22,54,1,77,9,26,59,3,97,18,0,18,115
10/20/2020,FLG,AZ,AWP,CE,Federal Contract Tower,10,2,8,3,23,0,25,73,5,103,10,27,81,8,126,16,0,16,142
10/21/2020,FLG,AZ,AWP,CE,Federal Contract Tower,10,15,12,4,41,0,18,89,0,107,10,33,101,4,148,10,0,10,158
10/22/2020,FLG,AZ,AWP,CE,Federal Contract Tower,10,13,8,0,31,0,15,70,0,85,10,28,78,0,116,2,0,2,118
10/23/2020,FLG,AZ,AWP,CE,Federal Contract Tower,10,7,6,0,23,0,6,74,3,83,10,13,80,3,106,16,2,18,124
10/24/2020,FLG,AZ,AWP,CE,Federal Contract Tower,10,2,4,0,16,0,6,54,0,60,10,8,58,0,76,6,0,6,82
10/25/2020,FLG,AZ,AWP,CE,Federal Contract Tower,10,2,17,4,33,0,7,24,1,32,10,9,41,5,65,8,0,8,73
10/26/2020,FLG,AZ,AWP,CE,Federal Contract Tower,10,5,10,0,25,0,5,17,0,22,10,10,27,0,47,6,0,6,53
10/27/2020,FLG,AZ,AWP,CE,Federal Contract Tower,10,5,4,0,19,0,11,36,1,48,10,16,40,1,67,4,0,4,71
10/28/2020,FLG,AZ,AWP,CE,Federal Contract Tower,10,8,9,0,27,0,18,50,0,68,10,26,59,0,95,16,0,16,111
10/30/2020,FLG,AZ,AWP,CE,Federal Contract Tower,11,7,7,4,29,0,17,53,0,70,11,24,60,4,99,28,0,28,127
10/31/2020,FLG,AZ,AWP,CE,Federal Contract Tower,8,4,4,1,17,0,6,67,0,73,8,10,71,1,90,10,0,10,100
11/01/2020,FLG,AZ,AWP,CE,Federal Contract Tower,10,6,15,0,31,0,6,52,2,60,10,12,67,2,91,4,0,4,95
11/02/2020,FLG,AZ,AWP,CE,Federal Contract Tower,10,8,3,0,21,0,15,55,0,70,10,23,58,0,91,36,0,36,127
11/03/2020,FLG,AZ,AWP,CE,Federal Contract Tower,10,5,3,1,19,0,31,52,6,89,10,36,55,7,108,12,0,12,120
11/04/2020,FLG,AZ,AWP,CE,Federal Contract Tower,8,10,4,0,22,0,20,70,5,95,8,30,74,5,117,6,6,12,129
11/06/2020,FLG,AZ,AWP,CE,Federal Contract Tower,7,10,11,0,28,0,15,46,2,63,7,25,57,2,91,18,0,18,109
11/07/2020,FLG,AZ,AWP,CE,Federal Contract Tower,7,5,9,1,22,0,9,16,2,27,7,14,25,3,49,0,0,0,49
11/08/2020,FLG,AZ,AWP,CE,Federal Contract Tower,7,7,9,0,23,0,1,3,0,4,7,8,12,0,27,0,0,0,27
11/09/2020,FLG,AZ,AWP,CE,Federal Contract Tower,9,6,4,0,19,0,7,8,0,15,9,13,12,0,34,0,0,0,34
11/10/2020,FLG,AZ,AWP,CE,Federal Contract Tower,7,9,8,5,29,0,30,52,8,90,7,39,60,13,119,20,2,22,141
11/11/2020,FLG,AZ,AWP,CE,Federal Contract Tower,7,7,4,0,18,0,26,55,7,88,7,33,59,7,106,26,0,26,132
11/12/2020,FLG,AZ,AWP,CE,Federal Contract Tower,7,7,6,4,24,0,22,78,0,100,7,29,84,4,124,40,0,40,164
11/13/2020,FLG,AZ,AWP,CE,Federal Contract Tower,7,9,12,0,28,0,12,66,4,82,7,21,78,4,110,16,0,16,126
11/14/2020,FLG,AZ,AWP,CE,Federal Contract Tower,7,7,7,0,21,0,8,61,0,69,7,15,68,0,90,2,0,2,92
11/15/2020,FLG,AZ,AWP,CE,Federal Contract Tower,7,4,15,0,26,0,12,79,6,97,7,16,94,6,123,18,0,18,141
11/16/2020,FLG,AZ,AWP,CE,Federal Contract Tower,7,3,1,2,13,0,26,65,0,91,7,29,66,2,104,16,0,16,120
11/17/2020,FLG,AZ,AWP,CE,Federal Contract Tower,6,3,2,0,11,0,23,93,0,116,6,26,95,0,127,82,0,82,209
11/18/2020,FLG,AZ,AWP,CE,Federal Contract Tower,7,3,2,0,12,0,8,32,0,40,7,11,34,0,52,0,0,0,52
11/19/2020,FLG,AZ,AWP,CE,Federal Contract Tower,7,10,6,5,28,0,20,51,3,74,7,30,57,8,102,26,0,26,128
11/20/2020,FLG,AZ,AWP,CE,Federal Contract Tower,7,7,6,2,22,0,6,41,0,47,7,13,47,2,69,2,0,2,71
11/21/2020,FLG,AZ,AWP,CE,Federal Contract Tower,7,4,2,0,13,0,14,79,0,93,7,18,81,0,106,22,0,22,128
11/22/2020,FLG,AZ,AWP,CE,Federal Contract Tower,7,2,4,0,13,0,1,63,2,66,7,3,67,2,79,2,0,2,81
11/23/2020,FLG,AZ,AWP,CE,Federal Contract Tower,5,4,5,2,16,0,5,55,0,60,5,9,60,2,76,4,0,4,80
11/24/2020,FLG,AZ,AWP,CE,Federal Contract Tower,9,6,9,0,24,0,15,78,0,93,9,21,87,0,117,20,0,20,137
11/25/2020,FLG,AZ,AWP,CE,Federal Contract Tower,9,8,8,0,25,0,10,61,0,71,9,18,69,0,96,28,0,28,124
11/26/2020,FLG,AZ,AWP,CE,Federal Contract Tower,4,3,2,0,9,0,11,21,0,32,4,14,23,0,41,0,0,0,41
11/27/2020,FLG,AZ,AWP,CE,Federal Contract Tower,9,7,5,0,21,0,12,53,0,65,9,19,58,0,86,30,0,30,116
11/28/2020,FLG,AZ,AWP,CE,Federal Contract Tower,9,3,3,0,15,0,4,56,0,60,9,7,59,0,75,8,0,8,83
11/29/2020,FLG,AZ,AWP,CE,Federal Contract Tower,9,2,9,0,20,0,10,53,0,63,9,12,62,0,83,44,0,44,127
11/30/2020,FLG,AZ,AWP,CE,Federal Contract Tower,9,2,9,1,21,0,18,70,2,90,9,20,79,3,111,34,0,34,145
12/01/2020,FLG,AZ,AWP,CE,Federal Contract Tower,9,5,2,0,16,0,31,75,0,106,9,36,77,0,122,42,0,42,164
12/02/2020,FLG,AZ,AWP,CE,Federal Contract Tower,7,10,2,0,19,0,20,23,0,43,7,30,25,0,62,0,0,0,62
12/03/2020,FLG,AZ,AWP,CE,Federal Contract Tower,8,11,10,0,29,0,14,26,0,40,8,25,36,0,69,2,2,4,73
12/04/2020,FLG,AZ,AWP,CE,Federal Contract Tower,7,1,9,2,19,0,17,47,2,66,7,18,56,4,85,26,0,26,111
12/05/2020,FLG,AZ,AWP,CE,Federal Contract Tower,7,2,6,0,15,0,13,75,0,88,7,15,81,0,103,30,0,30,133
12/06/2020,FLG,AZ,AWP,CE,Federal Contract Tower,7,6,8,0,21,0,6,85,2,93,7,12,93,2,114,36,0,36,150
12/07/2020,FLG,AZ,AWP,CE,Federal Contract Tower,7,3,7,0,17,0,14,81,0,95,7,17,88,0,112,8,0,8,120
12/08/2020,FLG,AZ,AWP,CE,Federal Contract Tower,7,4,5,1,17,0,10,61,1,72,7,14,66,2,89,28,0,28,117
12/09/2020,FLG,AZ,AWP,CE,Federal Contract Tower,7,5,2,0,14,0,19,66,1,86,7,24,68,1,100,26,0,26,126
12/10/2020,FLG,AZ,AWP,CE,Federal Contract Tower,7,8,7,2,24,0,0,0,0,0,7,8,7,2,24,0,0,0,24
12/11/2020,FLG,AZ,AWP,CE,Federal Contract Tower,8,7,8,6,29,0,12,21,4,37,8,19,29,10,66,6,0,6,72
12/12/2020,FLG,AZ,AWP,CE,Federal Contract Tower,8,8,8,0,24,0,0,3,0,3,8,8,11,0,27,0,0,0,27
12/13/2020,FLG,AZ,AWP,CE,Federal Contract Tower,6,2,5,2,15,0,17,59,2,78,6,19,64,4,93,6,0,6,99
12/14/2020,FLG,AZ,AWP,CE,Federal Contract Tower,7,5,5,1,18,0,13,39,1,53,7,18,44,2,71,30,0,30,101
12/15/2020,FLG,AZ,AWP,CE,Federal Contract Tower,7,8,5,2,22,0,33,52,0,85,7,41,57,2,107,18,0,18,125
12/16/2020,FLG,AZ,AWP,CE,Federal Contract Tower,7,3,4,0,14,0,26,44,0,70,7,29,48,0,84,50,0,50,134
12/17/2020,FLG,AZ,AWP,CE,Federal Contract Tower,9,5,1,0,15,0,21,57,0,78,9,26,58,0,93,34,0,34,127
12/18/2020,FLG,AZ,AWP,CE,Federal Contract Tower,9,7,6,0,22,0,18,52,0,70,9,25,58,0,92,42,0,42,134
12/19/2020,FLG,AZ,AWP,CE,Federal Contract Tower,9,11,5,0,25,0,5,51,2,58,9,16,56,2,83,28,0,28,111
12/20/2020,FLG,AZ,AWP,CE,Federal Contract Tower,11,1,5,0,17,0,5,78,2,85,11,6,83,2,102,36,0,36,138
12/21/2020,FLG,AZ,AWP,CE,Federal Contract Tower,9,2,4,0,15,0,17,58,0,75,9,19,62,0,90,14,0,14,104
12/22/2020,FLG,AZ,AWP,CE,Federal Contract Tower,11,5,10,1,27,0,15,52,3,70,11,20,62,4,97,12,0,12,109
12/23/2020,FLG,AZ,AWP,CE,Federal Contract Tower,9,7,6,0,22,0,16,36,0,52,9,23,42,0,74,10,2,12,86
12/24/2020,FLG,AZ,AWP,CE,Federal Contract Tower,6,10,4,0,20,0,11,27,0,38,6,21,31,0,58,4,0,4,62
12/25/2020,FLG,AZ,AWP,CE,Federal Contract Tower,3,3,1,0,7,0,6,19,0,25,3,9,20,0,32,12,0,12,44
12/26/2020,FLG,AZ,AWP,CE,Federal Contract Tower,9,5,8,0,22,0,7,58,0,65,9,12,66,0,87,39,0,39,126
12/27/2020,FLG,AZ,AWP,CE,Federal Contract Tower,10,2,7,0,19,0,4,62,0,66,10,6,69,0,85,2,0,2,87
12/28/2020,FLG,AZ,AWP,CE,Federal Contract Tower,8,4,3,0,15,0,3,3,0,6,8,7,6,0,21,0,0,0,21
12/29/2020,FLG,AZ,AWP,CE,Federal Contract Tower,8,9,8,0,25,0,33,18,0,51,8,42,26,0,76,34,0,34,110
12/30/2020,FLG,AZ,AWP,CE,Federal Contract Tower,9,10,8,0,27,0,14,40,0,54,9,24,48,0,81,12,0,12,93
12/31/2020,FLG,AZ,AWP,CE,Federal Contract Tower,4,5,11,0,20,0,10,72,0,82,4,15,83,0,102,56,0,56,158
01/01/2021,FLG,AZ,AWP,CE,Federal Contract Tower,8,3,4,0,15,0,7,57,0,64,8,10,61,0,79,24,0,24,103
01/02/2021,FLG,AZ,AWP,CE,Federal Contract Tower,9,3,6,0,18,0,16,56,0,72,9,19,62,0,90,30,0,30,120
01/03/2021,FLG,AZ,AWP,CE,Federal Contract Tower,11,2,7,0,20,0,9,62,0,71,11,11,69,0,91,32,0,32,123
01/04/2021,FLG,AZ,AWP,CE,Federal Contract Tower,9,9,5,0,23,0,8,50,0,58,9,17,55,0,81,44,0,44,125
01/05/2021,FLG,AZ,AWP,CE,Federal Contract Tower,7,5,5,0,17,0,17,53,2,72,7,22,58,2,89,10,2,12,101
01/06/2021,FLG,AZ,AWP,CE,Federal Contract Tower,7,5,3,0,15,0,18,48,3,69,7,23,51,3,84,32,0,32,116
01/07/2021,FLG,AZ,AWP,CE,Federal Contract Tower,11,5,4,1,21,0,13,48,0,61,11,18,52,1,82,6,0,6,88
01/08/2021,FLG,AZ,AWP,CE,Federal Contract Tower,8,10,9,2,29,0,26,82,0,108,8,36,91,2,137,54,2,56,193
01/09/2021,FLG,AZ,AWP,CE,Federal Contract Tower,7,1,4,0,12,0,18,28,0,46,7,19,32,0,58,10,0,10,68
01/10/2021,FLG,AZ,AWP,CE,Federal Contract Tower,5,4,5,0,14,0,10,49,0,59,5,14,54,0,73,28,0,28,101
01/11/2021,FLG,AZ,AWP,CE,Federal Contract Tower,9,1,4,2,16,0,21,50,10,81,9,22,54,12,97,14,2,16,113
01/12/2021,FLG,AZ,AWP,CE,Federal Contract Tower,7,5,2,0,14,0,25,52,2,79,7,30,54,2,93,14,0,14,107
01/13/2021,FLG,AZ,AWP,CE,Federal Contract Tower,7,3,6,0,16,0,20,65,0,85,7,23,71,0,101,54,0,54,155
01/14/2021,FLG,AZ,AWP,CE,Federal Contract Tower,8,9,7,2,26,0,16,48,2,66,8,25,55,4,92,6,4,10,102
01/15/2021,FLG,AZ,AWP,CE,Federal Contract Tower,9,6,6,0,21,0,17,76,2,95,9,23,82,2,116,26,4,30,146
01/16/2021,FLG,AZ,AWP,CE,Federal Contract Tower,5,5,2,0,12,0,16,38,0,54,5,21,40,0,66,0,0,0,66
01/17/2021,FLG,AZ,AWP,CE,Federal Contract Tower,7,8,4,0,19,0,11,81,0,92,7,19,85,0,111,26,0,26,137
01/18/2021,FLG,AZ,AWP,CE,Federal Contract Tower,6,6,8,0,20,0,19,55,0,74,6,25,63,0,94,18,0,18,112
01/19/2021,FLG,AZ,AWP,CE,Federal Contract Tower,11,2,8,2,23,0,1,0,0,1,11,3,8,2,24,0,0,0,24
01/20/2021,FLG,AZ,AWP,CE,Federal Contract Tower,7,6,4,1,18,0,27,33,0,60,7,33,37,1,78,14,0,14,92
01/21/2021,FLG,AZ,AWP,CE,Federal Contract Tower,9,8,5,1,23,0,20,30,0,50,9,28,35,1,73,16,0,16,89
01/22/2021,FLG,AZ,AWP,CE,Federal Contract Tower,8,12,7,0,27,0,5,0,0,5,8,17,7,0,32,0,0,0,32
01/23/2021,FLG,AZ,AWP,CE,Federal Contract Tower,6,6,10,0,22,0,1,3,0,4,6,7,13,0,26,0,0,0,26
01/24/2021,FLG,AZ,AWP,CE,Federal Contract Tower,10,1,0,0,11,0,0,0,0,0,10,1,0,0,11,0,0,0,11
01/25/2021,FLG,AZ,AWP,CE,Federal Contract Tower,2,0,0,0,2,0,0,0,0,0,2,0,0,0,2,0,0,0,2
01/26/2021,FLG,AZ,AWP,CE,Federal Contract Tower,0,0,0,0,0,0,0,0,0,0,0,0,0,0,0,0,0,0,0
01/27/2021,FLG,AZ,AWP,CE,Federal Contract Tower,4,1,4,4,13,0,10,22,0,32,4,11,26,4,45,12,0,12,57
01/28/2021,FLG,AZ,AWP,CE,Federal Contract Tower,9,5,5,1,20,0,17,49,1,67,9,22,54,2,87,26,0,26,113
01/29/2021,FLG,AZ,AWP,CE,Federal Contract Tower,7,6,1,2,16,0,7,15,0,22,7,13,16,2,38,8,0,8,46
01/30/2021,FLG,AZ,AWP,CE,Federal Contract Tower,4,7,2,0,13,0,11,53,0,64,4,18,55,0,77,22,0,22,99
01/31/2021,FLG,AZ,AWP,CE,Federal Contract Tower,8,5,11,0,24,0,8,55,0,63,8,13,66,0,87,12,0,12,99
02/01/2021,FLG,AZ,AWP,CE,Federal Contract Tower,9,3,7,3,22,0,17,32,0,49,9,20,39,3,71,2,2,4,75
02/02/2021,FLG,AZ,AWP,CE,Federal Contract Tower,7,3,1,0,11,0,19,44,0,63,7,22,45,0,74,32,0,32,106
02/03/2021,FLG,AZ,AWP,CE,Federal Contract Tower,7,9,2,3,21,0,21,31,1,53,7,30,33,4,74,0,0,0,74
02/04/2021,FLG,AZ,AWP,CE,Federal Contract Tower,8,8,5,2,23,0,22,74,0,96,8,30,79,2,119,14,0,14,133
02/05/2021,FLG,AZ,AWP,CE,Federal Contract Tower,7,7,5,2,21,0,9,39,0,48,7,16,44,2,69,2,0,2,71
02/06/2021,FLG,AZ,AWP,CE,Federal Contract Tower,5,5,5,0,15,0,8,58,0,66,5,13,63,0,81,24,0,24,105
02/07/2021,FLG,AZ,AWP,CE,Federal Contract Tower,6,4,3,0,13,0,9,38,0,47,6,13,41,0,60,8,0,8,68
02/08/2021,FLG,AZ,AWP,CE,Federal Contract Tower,9,3,3,0,15,0,17,58,4,79,9,20,61,4,94,14,0,14,108
02/09/2021,FLG,AZ,AWP,CE,Federal Contract Tower,6,7,1,2,16,0,18,48,0,66,6,25,49,2,82,12,0,12,94
02/10/2021,FLG,AZ,AWP,CE,Federal Contract Tower,7,7,9,0,23,0,19,58,4,81,7,26,67,4,104,4,0,4,108
02/11/2021,FLG,AZ,AWP,CE,Federal Contract Tower,9,5,9,7,30,0,21,81,2,104,9,26,90,9,134,38,4,42,176
02/12/2021,FLG,AZ,AWP,CE,Federal Contract Tower,9,1,4,1,15,0,22,50,1,73,9,23,54,2,88,12,2,14,102
02/13/2021,FLG,AZ,AWP,CE,Federal Contract Tower,5,5,13,0,23,0,1,11,0,12,5,6,24,0,35,0,0,0,35
02/14/2021,FLG,AZ,AWP,CE,Federal Contract Tower,7,7,3,0,17,0,23,24,0,47,7,30,27,0,64,16,0,16,80
02/15/2021,FLG,AZ,AWP,CE,Federal Contract Tower,8,2,12,0,22,0,13,35,2,50,8,15,47,2,72,4,2,6,78
02/16/2021,FLG,AZ,AWP,CE,Federal Contract Tower,6,2,5,1,14,0,7,18,0,25,6,9,23,1,39,16,6,22,61
02/17/2021,FLG,AZ,AWP,CE,Federal Contract Tower,7,3,3,4,17,0,19,44,2,65,7,22,47,6,82,16,0,16,98
02/18/2021,FLG,AZ,AWP,CE,Federal Contract Tower,9,3,8,8,28,0,15,70,0,85,9,18,78,8,113,0,0,0,113
02/19/2021,FLG,AZ,AWP,CE,Federal Contract Tower,9,3,15,0,27,0,22,80,0,102,9,25,95,0,129,46,0,46,175
02/20/2021,FLG,AZ,AWP,CE,Federal Contract Tower,6,3,5,4,18,0,13,20,0,33,6,16,25,4,51,6,0,6,57
02/21/2021,FLG,AZ,AWP,CE,Federal Contract Tower,7,6,5,0,18,0,10,45,0,55,7,16,50,0,73,22,0,22,95
02/22/2021,FLG,AZ,AWP,CE,Federal Contract Tower,9,4,6,0,19,0,11,63,0,74,9,15,69,0,93,4,0,4,97
02/23/2021,FLG,AZ,AWP,CE,Federal Contract Tower,8,9,2,0,19,0,20,54,6,80,8,29,56,6,99,30,0,30,129
02/24/2021,FLG,AZ,AWP,CE,Federal Contract Tower,8,1,1,1,11,0,19,47,2,68,8,20,48,3,79,8,0,8,87
02/25/2021,FLG,AZ,AWP,CE,Federal Contract Tower,8,7,7,0,22,0,17,53,2,72,8,24,60,2,94,24,0,24,118
02/26/2021,FLG,AZ,AWP,CE,Federal Contract Tower,10,7,12,0,29,0,12,57,0,69,10,19,69,0,98,16,0,16,114
02/27/2021,FLG,AZ,AWP,CE,Federal Contract Tower,7,4,8,0,19,0,13,32,6,51,7,17,40,6,70,18,0,18,88
02/28/2021,FLG,AZ,AWP,CE,Federal Contract Tower,8,7,2,0,17,0,12,19,0,31,8,19,21,0,48,0,0,0,48
03/01/2021,FLG,AZ,AWP,CE,Federal Contract Tower,9,5,1,0,15,0,11,36,10,57,9,16,37,10,72,6,0,6,78
03/02/2021,FLG,AZ,AWP,CE,Federal Contract Tower,6,3,9,8,26,0,21,57,8,86,6,24,66,16,112,0,0,0,112
03/03/2021,FLG,AZ,AWP,CE,Federal Contract Tower,7,8,0,0,15,0,23,45,0,68,7,31,45,0,83,16,0,16,99
03/04/2021,FLG,AZ,AWP,CE,Federal Contract Tower,9,6,0,2,17,0,11,18,0,29,9,17,18,2,46,6,0,6,52
03/05/2021,FLG,AZ,AWP,CE,Federal Contract Tower,12,5,4,10,31,0,31,40,0,71,12,36,44,10,102,6,0,6,108
03/06/2021,FLG,AZ,AWP,CE,Federal Contract Tower,10,1,9,0,20,0,26,47,0,73,10,27,56,0,93,48,0,48,141
03/07/2021,FLG,AZ,AWP,CE,Federal Contract Tower,12,4,5,0,21,0,18,49,0,67,12,22,54,0,88,44,0,44,132
03/08/2021,FLG,AZ,AWP,CE,Federal Contract Tower,10,5,4,0,19,0,20,42,0,62,10,25,46,0,81,32,0,32,113
03/09/2021,FLG,AZ,AWP,CE,Federal Contract Tower,10,9,4,0,23,0,22,21,0,43,10,31,25,0,66,2,0,2,68
03/10/2021,FLG,AZ,AWP,CE,Federal Contract Tower,11,17,2,0,30,0,17,38,0,55,11,34,40,0,85,22,0,22,107
03/11/2021,FLG,AZ,AWP,CE,Federal Contract Tower,10,10,9,0,29,0,1,2,0,3,10,11,11,0,32,2,0,2,34
03/12/2021,FLG,AZ,AWP,CE,Federal Contract Tower,10,12,5,0,27,0,0,0,0,0,10,12,5,0,27,0,0,0,27
03/13/2021,FLG,AZ,AWP,CE,Federal Contract Tower,8,7,2,0,17,0,1,0,0,1,8,8,2,0,18,0,0,0,18
03/14/2021,FLG,AZ,AWP,CE,Federal Contract Tower,9,10,9,2,30,0,12,25,4,41,9,22,34,6,71,0,0,0,71
03/15/2021,FLG,AZ,AWP,CE,Federal Contract Tower,13,3,3,0,19,0,16,37,0,53,13,19,40,0,72,36,0,36,108
03/16/2021,FLG,AZ,AWP,CE,Federal Contract Tower,13,11,15,0,39,0,4,8,0,12,13,15,23,0,51,0,0,0,51
03/17/2021,FLG,AZ,AWP,CE,Federal Contract Tower,12,7,0,2,21,0,13,57,0,70,12,20,57,2,91,6,0,6,97
03/18/2021,FLG,AZ,AWP,CE,Federal Contract Tower,9,3,8,4,24,0,28,77,0,105,9,31,85,4,129,26,0,26,155
03/19/2021,FLG,AZ,AWP,CE,Federal Contract Tower,10,7,10,4,31,0,19,78,2,99,10,26,88,6,130,42,0,42,172
03/20/2021,FLG,AZ,AWP,CE,Federal Contract Tower,10,5,5,2,22,0,8,36,0,44,10,13,41,2,66,10,0,10,76
03/21/2021,FLG,AZ,AWP,CE,Federal Contract Tower,9,6,8,2,25,0,26,51,2,79,9,32,59,4,104,20,4,24,128
03/22/2021,FLG,AZ,AWP,CE,Federal Contract Tower,10,7,5,6,28,0,26,59,0,85,10,33,64,6,113,40,0,40,153
03/23/2021,FLG,AZ,AWP,CE,Federal Contract Tower,10,7,3,0,20,0,0,0,0,0,10,7,3,0,20,0,0,0,20
03/24/2021,FLG,AZ,AWP,CE,Federal Contract Tower,11,7,3,0,21,0,15,22,0,37,11,22,25,0,58,12,0,12,70
03/25/2021,FLG,AZ,AWP,CE,Federal Contract Tower,9,11,0,0,20,0,11,12,0,23,9,22,12,0,43,10,0,10,53
03/26/2021,FLG,AZ,AWP,CE,Federal Contract Tower,11,5,5,0,21,0,1,0,0,1,11,6,5,0,22,0,0,0,22
03/27/2021,FLG,AZ,AWP,CE,Federal Contract Tower,11,9,11,0,31,0,34,67,2,103,11,43,78,2,134,18,8,26,160
03/28/2021,FLG,AZ,AWP,CE,Federal Contract Tower,8,8,13,0,29,0,19,97,0,116,8,27,110,0,145,86,0,86,231
03/29/2021,FLG,AZ,AWP,CE,Federal Contract Tower,9,0,8,0,17,0,16,37,6,59,9,16,45,6,76,32,0,32,108
03/30/2021,FLG,AZ,AWP,CE,Federal Contract Tower,7,11,4,0,22,0,17,50,0,67,7,28,54,0,89,32,0,32,121
03/31/2021,FLG,AZ,AWP,CE,Federal Contract Tower,9,13,2,0,24,0,25,64,0,89,9,38,66,0,113,30,0,30,143
04/01/2021,FLG,AZ,AWP,CE,Federal Contract Tower,11,12,9,0,32,0,22,53,1,76,11,34,62,1,108,22,0,22,130
04/02/2021,FLG,AZ,AWP,CE,Federal Contract Tower,14,11,7,2,34,0,19,39,3,61,14,30,46,5,95,14,0,14,109
04/03/2021,FLG,AZ,AWP,CE,Federal Contract Tower,12,10,3,0,25,0,16,79,0,95,12,26,82,0,120,48,0,48,168
04/04/2021,FLG,AZ,AWP,CE,Federal Contract Tower,11,8,2,0,21,0,6,44,2,52,11,14,46,2,73,2,0,2,75
04/05/2021,FLG,AZ,AWP,CE,Federal Contract Tower,12,13,5,0,30,0,12,31,0,43,12,25,36,0,73,12,0,12,85
04/06/2021,FLG,AZ,AWP,CE,Federal Contract Tower,11,7,6,4,28,0,26,35,4,65,11,33,41,8,93,26,0,26,119
04/07/2021,FLG,AZ,AWP,CE,Federal Contract Tower,12,13,5,0,30,0,24,63,0,87,12,37,68,0,117,58,0,58,175
04/08/2021,FLG,AZ,AWP,CE,Federal Contract Tower,11,15,6,1,33,0,23,62,3,88,11,38,68,4,121,36,0,36,157
04/09/2021,FLG,AZ,AWP,CE,Federal Contract Tower,9,13,15,4,41,0,22,72,0,94,9,35,87,4,135,20,0,20,155
04/10/2021,FLG,AZ,AWP,CE,Federal Contract Tower,10,7,4,2,23,0,16,53,0,69,10,23,57,2,92,26,0,26,118
04/11/2021,FLG,AZ,AWP,CE,Federal Contract Tower,11,7,2,2,22,0,16,85,0,101,11,23,87,2,123,48,0,48,171
04/12/2021,FLG,AZ,AWP,CE,Federal Contract Tower,12,9,2,4,27,2,16,72,7,97,14,25,74,11,124,12,0,12,136
04/13/2021,FLG,AZ,AWP,CE,Federal Contract Tower,11,6,11,0,28,0,11,34,0,45,11,17,45,0,73,2,0,2,75
04/14/2021,FLG,AZ,AWP,CE,Federal Contract Tower,13,6,10,0,29,0,18,15,4,37,13,24,25,4,66,2,0,2,68
04/15/2021,FLG,AZ,AWP,CE,Federal Contract Tower,11,10,4,6,31,0,20,45,0,65,11,30,49,6,96,14,0,14,110
04/16/2021,FLG,AZ,AWP,CE,Federal Contract Tower,11,9,5,1,26,0,14,67,0,81,11,23,72,1,107,28,0,28,135
04/17/2021,FLG,AZ,AWP,CE,Federal Contract Tower,12,6,6,0,24,0,20,60,19,99,12,26,66,19,123,8,8,16,139
04/18/2021,FLG,AZ,AWP,CE,Federal Contract Tower,11,8,5,0,24,0,12,47,1,60,11,20,52,1,84,24,0,24,108
04/19/2021,FLG,AZ,AWP,CE,Federal Contract Tower,12,3,3,0,18,0,12,59,3,74,12,15,62,3,92,16,0,16,108
04/20/2021,FLG,AZ,AWP,CE,Federal Contract Tower,10,10,7,0,27,0,22,69,0,91,10,32,76,0,118,10,0,10,128
04/21/2021,FLG,AZ,AWP,CE,Federal Contract Tower,11,15,3,0,29,0,16,17,0,33,11,31,20,0,62,2,0,2,64
04/22/2021,FLG,AZ,AWP,CE,Federal Contract Tower,11,15,7,8,41,0,31,66,1,98,11,46,73,9,139,46,2,48,187
04/23/2021,FLG,AZ,AWP,CE,Federal Contract Tower,11,6,21,0,38,0,19,54,0,73,11,25,75,0,111,18,0,18,129
04/24/2021,FLG,AZ,AWP,CE,Federal Contract Tower,10,9,6,4,29,0,16,39,0,55,10,25,45,4,84,26,0,26,110
04/25/2021,FLG,AZ,AWP,CE,Federal Contract Tower,12,15,6,0,33,0,11,36,0,47,12,26,42,0,80,4,0,4,84
04/26/2021,FLG,AZ,AWP,CE,Federal Contract Tower,11,9,6,0,26,0,13,16,0,29,11,22,22,0,55,0,0,0,55
04/27/2021,FLG,AZ,AWP,CE,Federal Contract Tower,11,12,5,0,28,0,2,7,0,9,11,14,12,0,37,12,0,12,49
04/28/2021,FLG,AZ,AWP,CE,Federal Contract Tower,10,12,7,0,29,0,27,50,0,77,10,39,57,0,106,12,0,12,118
04/29/2021,FLG,AZ,AWP,CE,Federal Contract Tower,11,13,12,0,36,0,20,72,8,100,11,33,84,8,136,50,0,50,186
04/30/2021,FLG,AZ,AWP,CE,Federal Contract Tower,12,11,3,2,28,2,17,58,15,92,14,28,61,17,120,24,0,24,144
05/01/2021,FLG,AZ,AWP,CE,Federal Contract Tower,16,9,5,0,30,0,13,59,18,90,16,22,64,18,120,10,0,10,130
05/02/2021,FLG,AZ,AWP,CE,Federal Contract Tower,9,10,6,0,25,0,8,20,18,46,9,18,26,18,71,10,0,10,81
05/03/2021,FLG,AZ,AWP,CE,Federal Contract Tower,10,8,3,3,24,0,14,38,3,55,10,22,41,6,79,30,0,30,109
05/04/2021,FLG,AZ,AWP,CE,Federal Contract Tower,11,10,8,0,29,0,24,68,0,92,11,34,76,0,121,4,0,4,125
05/05/2021,FLG,AZ,AWP,CE,Federal Contract Tower,12,7,15,0,34,0,35,54,1,90,12,42,69,1,124,56,0,56,180
05/06/2021,FLG,AZ,AWP,CE,Federal Contract Tower,13,17,6,0,36,0,22,58,0,80,13,39,64,0,116,62,0,62,178
05/07/2021,FLG,AZ,AWP,CE,Federal Contract Tower,12,8,2,0,22,0,6,49,0,55,12,14,51,0,77,8,0,8,85
05/08/2021,FLG,AZ,AWP,CE,Federal Contract Tower,12,10,8,0,30,0,24,55,13,92,12,34,63,13,122,26,0,26,148
05/09/2021,FLG,AZ,AWP,CE,Federal Contract Tower,12,10,8,0,30,0,22,64,0,86,12,32,72,0,116,28,0,28,144
05/10/2021,FLG,AZ,AWP,CE,Federal Contract Tower,11,5,11,0,27,0,16,66,2,84,11,21,77,2,111,32,0,32,143
05/11/2021,FLG,AZ,AWP,CE,Federal Contract Tower,12,8,4,0,24,0,23,67,0,90,12,31,71,0,114,62,0,62,176
05/12/2021,FLG,AZ,AWP,CE,Federal Contract Tower,11,20,5,0,36,0,24,81,0,105,11,44,86,0,141,144,0,144,285
05/13/2021,FLG,AZ,AWP,CE,Federal Contract Tower,12,7,6,2,27,0,25,71,3,99,12,32,77,5,126,66,4,70,196
05/14/2021,FLG,AZ,AWP,CE,Federal Contract Tower,14,11,4,0,29,0,25,48,0,73,14,36,52,0,102,36,0,36,138
05/15/2021,FLG,AZ,AWP,CE,Federal Contract Tower,14,10,3,4,31,0,20,50,1,71,14,30,53,5,102,38,2,40,142
05/16/2021,FLG,AZ,AWP,CE,Federal Contract Tower,12,4,7,0,23,0,14,50,0,64,12,18,57,0,87,34,0,34,121
05/17/2021,FLG,AZ,AWP,CE,Federal Contract Tower,11,10,12,1,34,0,22,36,0,58,11,32,48,1,92,20,0,20,112
05/18/2021,FLG,AZ,AWP,CE,Federal Contract Tower,13,6,4,4,27,0,28,40,3,71,13,34,44,7,98,10,2,12,110
05/19/2021,FLG,AZ,AWP,CE,Federal Contract Tower,11,16,4,2,33,0,21,38,0,59,11,37,42,2,92,6,0,6,98
05/20/2021,FLG,AZ,AWP,CE,Federal Contract Tower,12,18,5,0,35,0,15,38,2,55,12,33,43,2,90,2,2,4,94
05/21/2021,FLG,AZ,AWP,CE,Federal Contract Tower,12,15,5,0,32,4,8,11,0,23,16,23,16,0,55,4,0,4,59
05/22/2021,FLG,AZ,AWP,CE,Federal Contract Tower,12,14,11,0,37,2,10,35,2,49,14,24,46,2,86,14,0,14,100
05/23/2021,FLG,AZ,AWP,CE,Federal Contract Tower,12,8,11,0,31,0,17,77,0,94,12,25,88,0,125,42,0,42,167
05/24/2021,FLG,AZ,AWP,CE,Federal Contract Tower,11,15,15,7,48,0,20,67,4,91,11,35,82,11,139,18,0,18,157
05/25/2021,FLG,AZ,AWP,CE,Federal Contract Tower,11,11,9,8,39,0,21,51,4,76,11,32,60,12,115,8,0,8,123
05/26/2021,FLG,AZ,AWP,CE,Federal Contract Tower,12,14,12,6,44,0,21,47,2,70,12,35,59,8,114,28,0,28,142
05/27/2021,FLG,AZ,AWP,CE,Federal Contract Tower,12,20,13,1,46,0,26,61,3,90,12,46,74,4,136,12,6,18,154
05/28/2021,FLG,AZ,AWP,CE,Federal Contract Tower,13,20,11,0,44,0,21,76,2,99,13,41,87,2,143,38,0,38,181
05/29/2021,FLG,AZ,AWP,CE,Federal Contract Tower,12,6,17,0,35,0,21,69,0,90,12,27,86,0,125,8,0,8,133
05/31/2021,FLG,AZ,AWP,CE,Federal Contract Tower,10,11,14,0,35,0,14,63,0,77,10,25,77,0,112,14,0,14,126
06/01/2021,FLG,AZ,AWP,CE,Federal Contract Tower,13,13,9,0,35,0,26,63,0,89,13,39,72,0,124,24,0,24,148
06/02/2021,FLG,AZ,AWP,CE,Federal Contract Tower,12,10,5,2,29,0,28,68,0,96,12,38,73,2,125,34,0,34,159
06/03/2021,FLG,AZ,AWP,CE,Federal Contract Tower,13,11,8,0,32,0,28,77,2,107,13,39,85,2,139,46,2,48,187
06/04/2021,FLG,AZ,AWP,CE,Federal Contract Tower,13,11,9,0,33,0,19,65,4,88,13,30,74,4,121,28,0,28,149
06/05/2021,FLG,AZ,AWP,CE,Federal Contract Tower,15,14,18,0,47,0,19,60,0,79,15,33,78,0,126,38,0,38,164
06/06/2021,FLG,AZ,AWP,CE,Federal Contract Tower,12,5,15,0,32,0,20,48,0,68,12,25,63,0,100,16,0,16,116
06/07/2021,FLG,AZ,AWP,CE,Federal Contract Tower,11,9,10,2,32,0,20,46,0,66,11,29,56,2,98,24,0,24,122
06/08/2021,FLG,AZ,AWP,CE,Federal Contract Tower,14,11,5,4,34,0,26,46,2,74,14,37,51,6,108,36,4,40,148
06/09/2021,FLG,AZ,AWP,CE,Federal Contract Tower,13,7,5,0,25,0,26,59,2,87,13,33,64,2,112,44,0,44,156
06/10/2021,FLG,AZ,AWP,CE,Federal Contract Tower,13,17,10,2,42,0,39,74,2,115,13,56,84,4,157,26,2,28,185
06/11/2021,FLG,AZ,AWP,CE,Federal Contract Tower,13,8,8,2,31,0,17,56,0,73,13,25,64,2,104,6,0,6,110
06/12/2021,FLG,AZ,AWP,CE,Federal Contract Tower,15,9,6,0,30,0,10,67,2,79,15,19,73,2,109,26,0,26,135
06/13/2021,FLG,AZ,AWP,CE,Federal Contract Tower,13,13,7,0,33,0,15,56,0,71,13,28,63,0,104,8,0,8,112
06/14/2021,FLG,AZ,AWP,CE,Federal Contract Tower,13,15,5,3,36,0,11,47,5,63,13,26,52,8,99,34,0,34,133
06/15/2021,FLG,AZ,AWP,CE,Federal Contract Tower,14,15,4,0,33,0,31,46,0,77,14,46,50,0,110,20,0,20,130
06/16/2021,FLG,AZ,AWP,CE,Federal Contract Tower,12,12,3,1,28,0,28,61,2,91,12,40,64,3,119,20,12,32,151
06/17/2021,FLG,AZ,AWP,CE,Federal Contract Tower,14,12,4,0,30,0,19,52,4,75,14,31,56,4,105,0,14,14,119
06/18/2021,FLG,AZ,AWP,CE,Federal Contract Tower,13,15,10,1,39,0,27,62,20,109,13,42,72,21,148,30,0,30,178
06/19/2021,FLG,AZ,AWP,CE,Federal Contract Tower,15,17,3,0,35,0,34,64,14,112,15,51,67,14,147,20,0,20,167
06/20/2021,FLG,AZ,AWP,CE,Federal Contract Tower,12,7,10,0,29,0,21,45,0,66,12,28,55,0,95,8,0,8,103
06/21/2021,FLG,AZ,AWP,CE,Federal Contract Tower,13,8,14,0,35,0,9,39,0,48,13,17,53,0,83,16,0,16,99
06/22/2021,FLG,AZ,AWP,CE,Federal Contract Tower,10,12,12,0,34,0,20,53,0,73,10,32,65,0,107,16,0,16,123
06/23/2021,FLG,AZ,AWP,CE,Federal Contract Tower,14,19,12,1,46,0,20,53,1,74,14,39,65,2,120,32,0,32,152
06/24/2021,FLG,AZ,AWP,CE,Federal Contract Tower,14,10,4,0,28,0,16,59,0,75,14,26,63,0,103,22,0,22,125
06/25/2021,FLG,AZ,AWP,CE,Federal Contract Tower,13,11,20,0,44,0,20,65,7,92,13,31,85,7,136,38,0,38,174
06/26/2021,FLG,AZ,AWP,CE,Federal Contract Tower,15,6,14,0,35,0,14,55,0,69,15,20,69,0,104,40,0,40,144
06/27/2021,FLG,AZ,AWP,CE,Federal Contract Tower,14,11,17,0,42,0,14,44,0,58,14,25,61,0,100,10,0,10,110
06/28/2021,FLG,AZ,AWP,CE,Federal Contract Tower,14,13,5,0,32,0,17,41,0,58,14,30,46,0,90,0,0,0,90
06/29/2021,FLG,AZ,AWP,CE,Federal Contract Tower,13,17,10,0,40,0,16,51,0,67,13,33,61,0,107,6,0,6,113
06/30/2021,FLG,AZ,AWP,CE,Federal Contract Tower,13,14,5,0,32,0,19,30,0,49,13,33,35,0,81,10,0,10,91
07/01/2021,FLG,AZ,AWP,CE,Federal Contract Tower,13,20,9,0,42,0,24,55,0,79,13,44,64,0,121,38,0,38,159
07/02/2021,FLG,AZ,AWP,CE,Federal Contract Tower,13,9,15,0,37,0,20,63,0,83,13,29,78,0,120,30,0,30,150
07/03/2021,FLG,AZ,AWP,CE,Federal Contract Tower,10,13,14,0,37,0,12,72,0,84,10,25,86,0,121,66,0,66,187
07/04/2021,FLG,AZ,AWP,CE,Federal Contract Tower,10,9,9,0,28,0,25,55,4,84,10,34,64,4,112,8,0,8,120
07/05/2021,FLG,AZ,AWP,CE,Federal Contract Tower,11,21,8,0,40,0,16,45,0,61,11,37,53,0,101,6,0,6,107
07/06/2021,FLG,AZ,AWP,CE,Federal Contract Tower,13,10,8,0,31,0,18,35,0,53,13,28,43,0,84,40,0,40,124
07/07/2021,FLG,AZ,AWP,CE,Federal Contract Tower,13,18,6,2,39,0,33,69,2,104,13,51,75,4,143,34,0,34,177
07/08/2021,FLG,AZ,AWP,CE,Federal Contract Tower,13,18,8,4,43,0,24,77,2,103,13,42,85,6,146,16,14,30,176
07/09/2021,FLG,AZ,AWP,CE,Federal Contract Tower,11,19,6,0,36,0,27,48,0,75,11,46,54,0,111,8,0,8,119
07/10/2021,FLG,AZ,AWP,CE,Federal Contract Tower,12,15,10,0,37,0,14,56,14,84,12,29,66,14,121,10,0,10,131
07/11/2021,FLG,AZ,AWP,CE,Federal Contract Tower,14,14,12,0,40,0,16,31,0,47,14,30,43,0,87,0,0,0,87
07/12/2021,FLG,AZ,AWP,CE,Federal Contract Tower,13,10,3,0,26,0,15,27,4,46,13,25,30,4,72,0,0,0,72
07/13/2021,FLG,AZ,AWP,CE,Federal Contract Tower,14,15,5,0,34,0,23,31,8,62,14,38,36,8,96,6,0,6,102
07/14/2021,FLG,AZ,AWP,CE,Federal Contract Tower,11,13,6,1,31,0,13,29,0,42,11,26,35,1,73,4,0,4,77
07/15/2021,FLG,AZ,AWP,CE,Federal Contract Tower,13,19,3,0,35,0,33,25,0,58,13,52,28,0,93,2,0,2,95
07/16/2021,FLG,AZ,AWP,CE,Federal Contract Tower,14,13,3,3,33,0,17,29,1,47,14,30,32,4,80,0,8,8,88
07/17/2021,FLG,AZ,AWP,CE,Federal Contract Tower,13,8,4,0,25,0,29,30,0,59,13,37,34,0,84,6,0,6,90
07/18/2021,FLG,AZ,AWP,CE,Federal Contract Tower,12,6,14,0,32,0,20,44,4,68,12,26,58,4,100,18,0,18,118
07/19/2021,FLG,AZ,AWP,CE,Federal Contract Tower,9,14,4,0,27,0,14,27,0,41,9,28,31,0,68,4,0,4,72
07/20/2021,FLG,AZ,AWP,CE,Federal Contract Tower,14,16,4,0,34,0,28,65,20,113,14,44,69,20,147,12,20,32,179
07/21/2021,FLG,AZ,AWP,CE,Federal Contract Tower,13,14,6,1,34,0,19,42,1,62,13,33,48,2,96,16,2,18,114
07/22/2021,FLG,AZ,AWP,CE,Federal Contract Tower,13,12,9,2,36,0,22,53,10,85,13,34,62,12,121,12,0,12,133
07/23/2021,FLG,AZ,AWP,CE,Federal Contract Tower,13,17,2,0,32,0,15,16,0,31,13,32,18,0,63,18,0,18,81
07/24/2021,FLG,AZ,AWP,CE,Federal Contract Tower,12,12,13,0,37,0,16,8,4,28,12,28,21,4,65,6,0,6,71
07/25/2021,FLG,AZ,AWP,CE,Federal Contract Tower,12,21,17,0,50,0,11,23,0,34,12,32,40,0,84,32,0,32,116
07/26/2021,FLG,AZ,AWP,CE,Federal Contract Tower,11,9,10,2,32,0,14,38,1,53,11,23,48,3,85,12,0,12,97
07/27/2021,FLG,AZ,AWP,CE,Federal Contract Tower,14,17,8,1,40,0,23,58,1,82,14,40,66,2,122,20,0,20,142
07/28/2021,FLG,AZ,AWP,CE,Federal Contract Tower,13,18,8,2,41,1,25,42,0,68,14,43,50,2,109,24,0,24,133
07/29/2021,FLG,AZ,AWP,CE,Federal Contract Tower,13,19,5,0,37,0,16,36,0,52,13,35,41,0,89,28,0,28,117
07/30/2021,FLG,AZ,AWP,CE,Federal Contract Tower,12,19,11,0,42,0,18,35,2,55,12,37,46,2,97,16,0,16,113
07/31/2021,FLG,AZ,AWP,CE,Federal Contract Tower,12,12,3,0,27,0,9,36,0,45,12,21,39,0,72,2,0,2,74
08/01/2021,FLG,AZ,AWP,CE,Federal Contract Tower,12,18,13,2,45,0,18,43,2,63,12,36,56,4,108,34,2,36,144
08/02/2021,FLG,AZ,AWP,CE,Federal Contract Tower,13,10,4,0,27,0,26,57,0,83,13,36,61,0,110,16,0,16,126
08/03/2021,FLG,AZ,AWP,CE,Federal Contract Tower,14,11,6,0,31,0,17,51,2,70,14,28,57,2,101,28,0,28,129
08/04/2021,FLG,AZ,AWP,CE,Federal Contract Tower,14,12,2,1,29,0,38,53,0,91,14,50,55,1,120,12,0,12,132
08/05/2021,FLG,AZ,AWP,CE,Federal Contract Tower,13,10,6,0,29,0,25,69,0,94,13,35,75,0,123,18,0,18,141
08/06/2021,FLG,AZ,AWP,CE,Federal Contract Tower,13,10,7,0,30,0,29,60,0,89,13,39,67,0,119,16,0,16,135
08/07/2021,FLG,AZ,AWP,CE,Federal Contract Tower,13,8,5,0,26,0,3,55,2,60,13,11,60,2,86,34,0,34,120
08/08/2021,FLG,AZ,AWP,CE,Federal Contract Tower,11,18,8,0,37,0,21,42,0,63,11,39,50,0,100,4,0,4,104
08/09/2021,FLG,AZ,AWP,CE,Federal Contract Tower,13,8,12,2,35,0,9,39,0,48,13,17,51,2,83,20,0,20,103
08/10/2021,FLG,AZ,AWP,CE,Federal Contract Tower,11,12,10,0,33,0,15,41,0,56,11,27,51,0,89,6,0,6,95
08/11/2021,FLG,AZ,AWP,CE,Federal Contract Tower,13,16,9,2,40,0,12,35,0,47,13,28,44,2,87,6,0,6,93
08/12/2021,FLG,AZ,AWP,CE,Federal Contract Tower,15,12,21,0,48,0,15,52,2,69,15,27,73,2,117,22,6,28,145
08/13/2021,FLG,AZ,AWP,CE,Federal Contract Tower,10,16,2,0,28,0,23,47,0,70,10,39,49,0,98,28,0,28,126
08/14/2021,FLG,AZ,AWP,CE,Federal Contract Tower,12,7,11,5,35,0,19,69,0,88,12,26,80,5,123,26,0,26,149
08/15/2021,FLG,AZ,AWP,CE,Federal Contract Tower,13,10,6,0,29,0,12,65,0,77,13,22,71,0,106,22,0,22,128
08/16/2021,FLG,AZ,AWP,CE,Federal Contract Tower,13,12,7,0,32,0,13,45,0,58,13,25,52,0,90,0,0,0,90
08/17/2021,FLG,AZ,AWP,CE,Federal Contract Tower,13,15,9,0,37,0,9,26,0,35,13,24,35,0,72,8,0,8,80
08/18/2021,FLG,AZ,AWP,CE,Federal Contract Tower,14,19,1,0,34,0,3,6,0,9,14,22,7,0,43,0,0,0,43
08/19/2021,FLG,AZ,AWP,CE,Federal Contract Tower,12,14,14,3,43,0,28,34,3,65,12,42,48,6,108,4,0,4,112
08/20/2021,FLG,AZ,AWP,CE,Federal Contract Tower,15,12,15,0,42,0,17,43,0,60,15,29,58,0,102,10,0,10,112
08/21/2021,FLG,AZ,AWP,CE,Federal Contract Tower,16,12,8,0,36,0,18,62,0,80,16,30,70,0,116,8,0,8,124
08/22/2021,FLG,AZ,AWP,CE,Federal Contract Tower,16,19,14,0,49,0,19,62,0,81,16,38,76,0,130,10,0,10,140
08/23/2021,FLG,AZ,AWP,CE,Federal Contract Tower,15,16,5,0,36,0,15,62,0,77,15,31,67,0,113,22,0,22,135
08/24/2021,FLG,AZ,AWP,CE,Federal Contract Tower,14,12,19,2,47,0,27,65,0,92,14,39,84,2,139,16,0,16,155
08/25/2021,FLG,AZ,AWP,CE,Federal Contract Tower,16,19,11,0,46,0,29,89,0,118,16,48,100,0,164,58,0,58,222
08/26/2021,FLG,AZ,AWP,CE,Federal Contract Tower,14,19,12,0,45,0,18,76,0,94,14,37,88,0,139,30,0,30,169
08/27/2021,FLG,AZ,AWP,CE,Federal Contract Tower,15,16,17,1,49,0,24,90,0,114,15,40,107,1,163,30,0,30,193
08/28/2021,FLG,AZ,AWP,CE,Federal Contract Tower,14,13,8,0,35,0,48,235,0,283,14,61,243,0,318,84,0,84,402
08/29/2021,FLG,AZ,AWP,CE,Federal Contract Tower,13,15,11,0,39,0,16,51,0,67,13,31,62,0,106,12,0,12,118
08/30/2021,FLG,AZ,AWP,CE,Federal Contract Tower,14,19,7,1,41,0,11,34,2,47,14,30,41,3,88,8,0,8,96
08/31/2021,FLG,AZ,AWP,CE,Federal Contract Tower,12,17,2,3,34,0,19,34,0,53,12,36,36,3,87,0,0,0,87
09/01/2021,FLG,AZ,AWP,CE,Federal Contract Tower,14,20,9,0,43,0,13,20,0,33,14,33,29,0,76,16,0,16,92
09/02/2021,FLG,AZ,AWP,CE,Federal Contract Tower,15,26,9,8,58,0,23,61,0,84,15,49,70,8,142,22,0,22,164
09/03/2021,FLG,AZ,AWP,CE,Federal Contract Tower,14,18,17,0,49,0,18,59,7,84,14,36,76,7,133,48,0,48,181
09/04/2021,FLG,AZ,AWP,CE,Federal Contract Tower,16,20,6,1,43,0,33,86,1,120,16,53,92,2,163,0,0,0,163
09/05/2021,FLG,AZ,AWP,CE,Federal Contract Tower,14,13,8,0,35,0,15,39,0,54,14,28,47,0,89,10,0,10,99
09/06/2021,FLG,AZ,AWP,CE,Federal Contract Tower,16,19,6,0,41,0,18,75,0,93,16,37,81,0,134,28,0,28,162
09/07/2021,FLG,AZ,AWP,CE,Federal Contract Tower,14,13,6,0,33,0,12,51,0,63,14,25,57,0,96,28,10,38,134
09/08/2021,FLG,AZ,AWP,CE,Federal Contract Tower,12,12,13,0,37,0,24,75,0,99,12,36,88,0,136,76,0,76,212
09/09/2021,FLG,AZ,AWP,CE,Federal Contract Tower,14,11,16,2,43,0,33,71,2,106,14,44,87,4,149,30,0,30,179
09/10/2021,FLG,AZ,AWP,CE,Federal Contract Tower,16,12,13,2,43,0,33,78,2,113,16,45,91,4,156,26,10,36,192
09/12/2021,FLG,AZ,AWP,CE,Federal Contract Tower,13,8,9,0,30,0,26,79,0,105,13,34,88,0,135,14,0,14,149
09/13/2021,FLG,AZ,AWP,CE,Federal Contract Tower,15,13,8,0,36,0,19,54,1,74,15,32,62,1,110,5,0,5,115
09/14/2021,FLG,AZ,AWP,CE,Federal Contract Tower,14,13,9,0,36,0,36,60,1,97,14,49,69,1,133,28,0,28,161
09/15/2021,FLG,AZ,AWP,CE,Federal Contract Tower,14,14,8,0,36,0,18,51,0,69,14,32,59,0,105,16,0,16,121
09/16/2021,FLG,AZ,AWP,CE,Federal Contract Tower,12,17,7,0,36,0,28,60,1,89,12,45,67,1,125,22,0,22,147
09/17/2021,FLG,AZ,AWP,CE,Federal Contract Tower,14,15,4,0,33,0,30,48,1,79,14,45,52,1,112,18,0,18,130
09/18/2021,FLG,AZ,AWP,CE,Federal Contract Tower,12,9,9,0,30,0,11,39,1,51,12,20,48,1,81,8,0,8,89
09/19/2021,FLG,AZ,AWP,CE,Federal Contract Tower,15,14,6,4,39,0,19,52,0,71,15,33,58,4,110,8,0,8,118
09/20/2021,FLG,AZ,AWP,CE,Federal Contract Tower,11,11,9,0,31,0,10,67,4,81,11,21,76,4,112,8,0,8,120
09/21/2021,FLG,AZ,AWP,CE,Federal Contract Tower,13,15,6,0,34,0,27,62,0,89,13,42,68,0,123,12,0,12,135
09/22/2021,FLG,AZ,AWP,CE,Federal Contract Tower,11,16,9,2,38,0,15,54,0,69,11,31,63,2,107,20,0,20,127
09/23/2021,FLG,AZ,AWP,CE,Federal Contract Tower,13,19,17,2,51,0,22,69,0,91,13,41,86,2,142,12,0,12,154
09/24/2021,FLG,AZ,AWP,CE,Federal Contract Tower,17,19,15,2,53,0,13,46,0,59,17,32,61,2,112,6,0,6,118
09/25/2021,FLG,AZ,AWP,CE,Federal Contract Tower,16,18,14,0,48,0,6,72,0,78,16,24,86,0,126,14,0,14,140
09/26/2021,FLG,AZ,AWP,CE,Federal Contract Tower,13,16,12,0,41,0,1,19,0,20,13,17,31,0,61,4,0,4,65
09/27/2021,FLG,AZ,AWP,CE,Federal Contract Tower,19,15,18,0,52,0,8,19,0,27,19,23,37,0,79,8,0,8,87
09/28/2021,FLG,AZ,AWP,CE,Federal Contract Tower,13,16,10,6,45,0,15,36,0,51,13,31,46,6,96,18,0,18,114
09/29/2021,FLG,AZ,AWP,CE,Federal Contract Tower,14,15,8,1,38,0,13,65,1,79,14,28,73,2,117,42,14,56,173
09/30/2021,FLG,AZ,AWP,CE,Federal Contract Tower,15,17,18,0,50,0,13,73,2,88,15,30,91,2,138,30,0,30,168
10/01/2021,FLG,AZ,AWP,CE,Federal Contract Tower,13,6,12,3,34,0,19,81,1,101,13,25,93,4,135,18,20,38,173
10/02/2021,FLG,AZ,AWP,CE,Federal Contract Tower,13,7,3,0,23,0,13,48,0,61,13,20,51,0,84,34,0,34,118
10/03/2021,FLG,AZ,AWP,CE,Federal Contract Tower,13,7,17,0,37,0,14,73,0,87,13,21,90,0,124,26,0,26,150
10/04/2021,FLG,AZ,AWP,CE,Federal Contract Tower,13,7,10,2,32,0,18,67,0,85,13,25,77,2,117,38,0,38,155
10/05/2021,FLG,AZ,AWP,CE,Federal Contract Tower,14,4,11,0,29,0,3,2,0,5,14,7,13,0,34,0,0,0,34
10/06/2021,FLG,AZ,AWP,CE,Federal Contract Tower,14,7,13,6,40,0,29,62,0,91,14,36,75,6,131,78,0,78,209
10/07/2021,FLG,AZ,AWP,CE,Federal Contract Tower,13,11,15,8,47,0,25,68,2,95,13,36,83,10,142,50,2,52,194
10/08/2021,FLG,AZ,AWP,CE,Federal Contract Tower,13,22,12,0,47,0,21,29,0,50,13,43,41,0,97,4,0,4,101
10/09/2021,FLG,AZ,AWP,CE,Federal Contract Tower,13,7,9,0,29,0,15,68,0,83,13,22,77,0,112,6,0,6,118
10/10/2021,FLG,AZ,AWP,CE,Federal Contract Tower,14,6,8,0,28,0,17,85,0,102,14,23,93,0,130,12,0,12,142
10/11/2021,FLG,AZ,AWP,CE,Federal Contract Tower,17,8,13,0,38,0,7,37,0,44,17,15,50,0,82,0,0,0,82
10/12/2021,FLG,AZ,AWP,CE,Federal Contract Tower,15,5,4,1,25,0,6,19,3,28,15,11,23,4,53,0,0,0,53
10/13/2021,FLG,AZ,AWP,CE,Federal Contract Tower,15,8,14,2,39,0,21,76,0,97,15,29,90,2,136,50,0,50,186
10/14/2021,FLG,AZ,AWP,CE,Federal Contract Tower,12,5,14,0,31,0,21,48,0,69,12,26,62,0,100,56,0,56,156
10/15/2021,FLG,AZ,AWP,CE,Federal Contract Tower,14,8,18,2,42,0,19,26,0,45,14,27,44,2,87,0,0,0,87
10/16/2021,FLG,AZ,AWP,CE,Federal Contract Tower,14,6,10,0,30,0,11,57,2,70,14,17,67,2,100,18,0,18,118
10/17/2021,FLG,AZ,AWP,CE,Federal Contract Tower,13,6,13,0,32,0,15,43,0,58,13,21,56,0,90,6,0,6,96
10/18/2021,FLG,AZ,AWP,CE,Federal Contract Tower,13,11,8,0,32,0,16,9,0,25,13,27,17,0,57,0,0,0,57
10/19/2021,FLG,AZ,AWP,CE,Federal Contract Tower,16,6,3,0,25,0,21,52,0,73,16,27,55,0,98,18,0,18,116
10/20/2021,FLG,AZ,AWP,CE,Federal Contract Tower,13,8,11,6,38,0,10,47,10,67,13,18,58,16,105,24,6,30,135
10/21/2021,FLG,AZ,AWP,CE,Federal Contract Tower,11,5,9,2,27,0,21,47,0,68,11,26,56,2,95,12,0,12,107
10/22/2021,FLG,AZ,AWP,CE,Federal Contract Tower,9,4,8,0,21,0,17,49,6,72,9,21,57,6,93,18,0,18,111
10/23/2021,FLG,AZ,AWP,CE,Federal Contract Tower,12,10,5,0,27,0,19,56,0,75,12,29,61,0,102,0,0,0,102
10/24/2021,FLG,AZ,AWP,CE,Federal Contract Tower,15,8,5,0,28,0,18,40,0,58,15,26,45,0,86,4,0,4,90
10/25/2021,FLG,AZ,AWP,CE,Federal Contract Tower,13,6,9,2,30,0,19,23,1,43,13,25,32,3,73,8,0,8,81
10/26/2021,FLG,AZ,AWP,CE,Federal Contract Tower,12,11,3,0,26,0,17,17,3,37,12,28,20,3,63,0,0,0,63
10/27/2021,FLG,AZ,AWP,CE,Federal Contract Tower,14,9,8,0,31,0,19,32,2,53,14,28,40,2,84,22,0,22,106
10/28/2021,FLG,AZ,AWP,CE,Federal Contract Tower,15,11,12,0,38,0,7,29,1,37,15,18,41,1,75,6,0,6,81
10/29/2021,FLG,AZ,AWP,CE,Federal Contract Tower,16,6,7,0,29,0,17,46,3,66,16,23,53,3,95,22,4,26,121
10/30/2021,FLG,AZ,AWP,CE,Federal Contract Tower,15,4,6,0,25,0,13,46,0,59,15,17,52,0,84,28,0,28,112
10/31/2021,FLG,AZ,AWP,CE,Federal Contract Tower,12,9,6,0,27,0,12,60,0,72,12,21,66,0,99,38,0,38,137
11/01/2021,FLG,AZ,AWP,CE,Federal Contract Tower,11,10,13,4,38,0,20,31,0,51,11,30,44,4,89,20,0,20,109
11/02/2021,FLG,AZ,AWP,CE,Federal Contract Tower,10,9,14,1,34,0,21,43,0,64,10,30,57,1,98,16,0,16,114
11/03/2021,FLG,AZ,AWP,CE,Federal Contract Tower,9,7,8,0,24,0,10,36,0,46,9,17,44,0,70,24,0,24,94
11/04/2021,FLG,AZ,AWP,CE,Federal Contract Tower,9,9,6,0,24,0,24,59,0,83,9,33,65,0,107,16,0,16,123
11/05/2021,FLG,AZ,AWP,CE,Federal Contract Tower,9,4,8,0,21,0,18,67,0,85,9,22,75,0,106,32,0,32,138
11/06/2021,FLG,AZ,AWP,CE,Federal Contract Tower,11,16,17,0,44,0,13,67,0,80,11,29,84,0,124,36,0,36,160
11/07/2021,FLG,AZ,AWP,CE,Federal Contract Tower,7,8,27,0,42,0,20,61,0,81,7,28,88,0,123,28,0,28,151
11/08/2021,FLG,AZ,AWP,CE,Federal Contract Tower,7,5,6,0,18,0,15,29,0,44,7,20,35,0,62,8,0,8,70
11/09/2021,FLG,AZ,AWP,CE,Federal Contract Tower,6,7,14,1,28,0,17,47,1,65,6,24,61,2,93,16,6,22,115
11/10/2021,FLG,AZ,AWP,CE,Federal Contract Tower,10,10,7,2,29,0,21,68,0,89,10,31,75,2,118,30,0,30,148
11/11/2021,FLG,AZ,AWP,CE,Federal Contract Tower,9,11,3,2,25,0,24,54,0,78,9,35,57,2,103,30,0,30,133
11/12/2021,FLG,AZ,AWP,CE,Federal Contract Tower,11,9,7,0,27,0,21,54,0,75,11,30,61,0,102,12,0,12,114
11/13/2021,FLG,AZ,AWP,CE,Federal Contract Tower,10,7,4,0,21,0,9,50,0,59,10,16,54,0,80,12,0,12,92
11/14/2021,FLG,AZ,AWP,CE,Federal Contract Tower,9,6,7,0,22,0,12,46,19,77,9,18,53,19,99,14,0,14,113
11/15/2021,FLG,AZ,AWP,CE,Federal Contract Tower,9,10,8,0,27,0,18,42,2,62,9,28,50,2,89,18,0,18,107
11/16/2021,FLG,AZ,AWP,CE,Federal Contract Tower,9,13,6,0,28,0,19,30,2,51,9,32,36,2,79,12,0,12,91
11/17/2021,FLG,AZ,AWP,CE,Federal Contract Tower,7,15,8,3,33,0,11,58,1,70,7,26,66,4,103,28,0,28,131
11/18/2021,FLG,AZ,AWP,CE,Federal Contract Tower,6,7,7,0,20,0,12,41,0,53,6,19,48,0,73,22,0,22,95
11/19/2021,FLG,AZ,AWP,CE,Federal Contract Tower,9,6,2,0,17,0,13,65,0,78,9,19,67,0,95,14,0,14,109
11/20/2021,FLG,AZ,AWP,CE,Federal Contract Tower,8,9,5,0,22,0,21,52,0,73,8,30,57,0,95,18,0,18,113
11/21/2021,FLG,AZ,AWP,CE,Federal Contract Tower,8,6,10,0,24,0,6,33,0,39,8,12,43,0,63,12,0,12,75
11/22/2021,FLG,AZ,AWP,CE,Federal Contract Tower,7,6,8,2,23,0,19,49,0,68,7,25,57,2,91,22,0,22,113
11/23/2021,FLG,AZ,AWP,CE,Federal Contract Tower,6,14,20,2,42,0,1,14,0,15,6,15,34,2,57,6,0,6,63
11/24/2021,FLG,AZ,AWP,CE,Federal Contract Tower,8,18,11,2,39,0,31,48,0,79,8,49,59,2,118,0,0,0,118
11/25/2021,FLG,AZ,AWP,CE,Federal Contract Tower,6,5,3,0,14,0,7,11,0,18,6,12,14,0,32,0,0,0,32
11/26/2021,FLG,AZ,AWP,CE,Federal Contract Tower,6,11,5,0,22,0,24,51,0,75,6,35,56,0,97,10,0,10,107
11/27/2021,FLG,AZ,AWP,CE,Federal Contract Tower,10,7,16,0,33,0,10,42,0,52,10,17,58,0,85,30,0,30,115
11/28/2021,FLG,AZ,AWP,CE,Federal Contract Tower,8,8,8,0,24,0,5,25,0,30,8,13,33,0,54,0,0,0,54
11/29/2021,FLG,AZ,AWP,CE,Federal Contract Tower,7,8,5,0,20,0,20,37,0,57,7,28,42,0,77,34,0,34,111
11/30/2021,FLG,AZ,AWP,CE,Federal Contract Tower,6,11,5,6,28,0,21,53,0,74,6,32,58,6,102,18,0,18,120
12/01/2021,FLG,AZ,AWP,CE,Federal Contract Tower,9,7,5,0,21,0,16,68,1,85,9,23,73,1,106,34,0,34,140
12/02/2021,FLG,AZ,AWP,CE,Federal Contract Tower,8,9,3,0,20,0,18,57,4,79,8,27,60,4,99,40,4,44,143
12/03/2021,FLG,AZ,AWP,CE,Federal Contract Tower,9,9,7,2,27,0,8,69,3,80,9,17,76,5,107,24,10,34,141
12/04/2021,FLG,AZ,AWP,CE,Federal Contract Tower,9,10,4,1,24,0,43,36,4,83,9,53,40,5,107,14,8,22,129
12/05/2021,FLG,AZ,AWP,CE,Federal Contract Tower,8,2,0,1,11,0,16,44,3,63,8,18,44,4,74,4,8,12,86
12/06/2021,FLG,AZ,AWP,CE,Federal Contract Tower,9,16,2,2,29,0,14,41,1,56,9,30,43,3,85,14,0,14,99
12/07/2021,FLG,AZ,AWP,CE,Federal Contract Tower,8,13,3,0,24,0,9,18,0,27,8,22,21,0,51,6,0,6,57
12/08/2021,FLG,AZ,AWP,CE,Federal Contract Tower,9,15,4,0,28,0,20,18,0,38,9,35,22,0,66,20,0,20,86
12/09/2021,FLG,AZ,AWP,CE,Federal Contract Tower,12,14,8,0,34,0,0,0,0,0,12,14,8,0,34,0,0,0,34
12/10/2021,FLG,AZ,AWP,CE,Federal Contract Tower,7,10,10,0,27,0,19,26,0,45,7,29,36,0,72,30,0,30,102
12/11/2021,FLG,AZ,AWP,CE,Federal Contract Tower,12,8,3,0,23,0,22,53,2,77,12,30,56,2,100,26,2,28,128
12/12/2021,FLG,AZ,AWP,CE,Federal Contract Tower,9,3,3,0,15,0,9,53,0,62,9,12,56,0,77,22,0,22,99
12/13/2021,FLG,AZ,AWP,CE,Federal Contract Tower,0,12,5,1,18,0,16,31,4,51,0,28,36,5,69,10,0,10,79
12/14/2021,FLG,AZ,AWP,CE,Federal Contract Tower,10,19,2,0,31,0,1,0,0,1,10,20,2,0,32,0,0,0,32
12/15/2021,FLG,AZ,AWP,CE,Federal Contract Tower,5,3,1,0,9,0,27,21,0,48,5,30,22,0,57,30,0,30,87
12/16/2021,FLG,AZ,AWP,CE,Federal Contract Tower,6,8,9,1,24,0,19,60,2,81,6,27,69,3,105,34,0,34,139
12/17/2021,FLG,AZ,AWP,CE,Federal Contract Tower,8,10,4,0,22,0,23,35,2,60,8,33,39,2,82,2,2,4,86
12/18/2021,FLG,AZ,AWP,CE,Federal Contract Tower,8,9,8,0,25,0,17,32,4,53,8,26,40,4,78,18,0,18,96
12/19/2021,FLG,AZ,AWP,CE,Federal Contract Tower,8,5,3,0,16,0,35,48,0,83,8,40,51,0,99,30,0,30,129
12/20/2021,FLG,AZ,AWP,CE,Federal Contract Tower,8,13,2,0,23,0,26,26,0,52,8,39,28,0,75,5,0,5,80
12/21/2021,FLG,AZ,AWP,CE,Federal Contract Tower,8,11,6,0,25,0,15,47,0,62,8,26,53,0,87,40,0,40,127
12/22/2021,FLG,AZ,AWP,CE,Federal Contract Tower,8,6,9,3,26,0,25,63,0,88,8,31,72,3,114,42,2,44,158
12/23/2021,FLG,AZ,AWP,CE,Federal Contract Tower,9,15,5,0,29,0,9,16,0,25,9,24,21,0,54,6,0,6,60
12/24/2021,FLG,AZ,AWP,CE,Federal Contract Tower,4,6,3,0,13,0,0,0,0,0,4,6,3,0,13,0,0,0,13
12/25/2021,FLG,AZ,AWP,CE,Federal Contract Tower,6,2,0,0,8,0,0,0,0,0,6,2,0,0,8,0,0,0,8
12/26/2021,FLG,AZ,AWP,CE,Federal Contract Tower,8,11,7,0,26,0,1,1,0,2,8,12,8,0,28,0,0,0,28
12/27/2021,FLG,AZ,AWP,CE,Federal Contract Tower,8,9,9,0,26,0,1,1,0,2,8,10,10,0,28,0,0,0,28
12/28/2021,FLG,AZ,AWP,CE,Federal Contract Tower,0,0,0,0,0,0,0,0,0,0,0,0,0,0,0,0,0,0,0
12/29/2021,FLG,AZ,AWP,CE,Federal Contract Tower,0,12,0,0,12,0,0,0,0,0,0,12,0,0,12,0,0,0,12
12/30/2021,FLG,AZ,AWP,CE,Federal Contract Tower,6,10,6,0,22,0,0,1,0,1,6,10,7,0,23,0,0,0,23
12/31/2021,FLG,AZ,AWP,CE,Federal Contract Tower,7,4,3,0,14,0,0,0,0,0,7,4,3,0,14,0,0,0,14
01/01/2022,FLG,AZ,AWP,CE,Federal Contract Tower,6,6,3,0,15,0,14,12,0,26,6,20,15,0,41,6,0,6,47
01/02/2022,FLG,AZ,AWP,CE,Federal Contract Tower,8,5,9,0,22,0,10,29,0,39,8,15,38,0,61,6,0,6,67
01/03/2022,FLG,AZ,AWP,CE,Federal Contract Tower,8,7,4,2,21,0,10,60,1,71,8,17,64,3,92,32,0,32,124
01/04/2022,FLG,AZ,AWP,CE,Federal Contract Tower,6,2,1,2,11,0,15,37,0,52,6,17,38,2,63,12,0,12,75
01/05/2022,FLG,AZ,AWP,CE,Federal Contract Tower,6,7,8,2,23,0,13,55,0,68,6,20,63,2,91,24,0,24,115
01/06/2022,FLG,AZ,AWP,CE,Federal Contract Tower,7,5,12,6,30,0,12,69,6,87,7,17,81,12,117,10,0,10,127
01/07/2022,FLG,AZ,AWP,CE,Federal Contract Tower,7,11,3,0,21,0,13,48,0,61,7,24,51,0,82,6,0,6,88
01/08/2022,FLG,AZ,AWP,CE,Federal Contract Tower,6,8,3,0,17,0,15,48,0,63,6,23,51,0,80,14,0,14,94
01/09/2022,FLG,AZ,AWP,CE,Federal Contract Tower,7,1,7,0,15,0,16,41,0,57,7,17,48,0,72,18,0,18,90
01/10/2022,FLG,AZ,AWP,CE,Federal Contract Tower,5,3,8,0,16,0,8,38,0,46,5,11,46,0,62,20,0,20,82
01/11/2022,FLG,AZ,AWP,CE,Federal Contract Tower,5,6,2,4,17,0,19,55,0,74,5,25,57,4,91,58,0,58,149
01/12/2022,FLG,AZ,AWP,CE,Federal Contract Tower,8,11,0,0,19,0,15,49,2,66,8,26,49,2,85,36,0,36,121
01/13/2022,FLG,AZ,AWP,CE,Federal Contract Tower,7,5,5,0,17,0,15,63,0,78,7,20,68,0,95,40,0,40,135
01/14/2022,FLG,AZ,AWP,CE,Federal Contract Tower,8,1,7,0,16,0,15,51,0,66,8,16,58,0,82,22,0,22,104
01/15/2022,FLG,AZ,AWP,CE,Federal Contract Tower,5,4,5,0,14,0,27,40,4,71,5,31,45,4,85,12,0,12,97
01/16/2022,FLG,AZ,AWP,CE,Federal Contract Tower,5,5,7,0,17,0,8,72,0,80,5,13,79,0,97,12,0,12,109
01/17/2022,FLG,AZ,AWP,CE,Federal Contract Tower,8,4,4,2,18,0,13,56,0,69,8,17,60,2,87,72,2,74,161
01/18/2022,FLG,AZ,AWP,CE,Federal Contract Tower,5,6,15,0,26,0,14,14,0,28,5,20,29,0,54,10,0,10,64
01/19/2022,FLG,AZ,AWP,CE,Federal Contract Tower,6,13,5,0,24,0,12,51,0,63,6,25,56,0,87,62,0,62,149
01/20/2022,FLG,AZ,AWP,CE,Federal Contract Tower,7,4,2,0,13,0,21,65,0,86,7,25,67,0,99,34,0,34,133
01/21/2022,FLG,AZ,AWP,CE,Federal Contract Tower,6,4,19,3,32,0,14,47,1,62,6,18,66,4,94,44,2,46,140
01/22/2022,FLG,AZ,AWP,CE,Federal Contract Tower,7,8,13,0,28,0,1,1,0,2,7,9,14,0,30,0,0,0,30
01/23/2022,FLG,AZ,AWP,CE,Federal Contract Tower,3,8,6,0,17,0,12,71,6,89,3,20,77,6,106,56,0,56,162
01/24/2022,FLG,AZ,AWP,CE,Federal Contract Tower,7,5,5,0,17,0,12,66,4,82,7,17,71,4,99,58,0,58,157
01/25/2022,FLG,AZ,AWP,CE,Federal Contract Tower,5,8,11,0,24,0,20,67,0,87,5,28,78,0,111,56,0,56,167
01/26/2022,FLG,AZ,AWP,CE,Federal Contract Tower,7,4,11,4,26,0,9,69,6,84,7,13,80,10,110,68,0,68,178
01/27/2022,FLG,AZ,AWP,CE,Federal Contract Tower,5,11,1,0,17,1,5,57,7,70,6,16,58,7,87,28,0,28,115
01/28/2022,FLG,AZ,AWP,CE,Federal Contract Tower,5,4,4,8,21,0,18,36,4,58,5,22,40,12,79,6,0,6,85
01/29/2022,FLG,AZ,AWP,CE,Federal Contract Tower,5,1,3,0,9,0,22,36,0,58,5,23,39,0,67,6,0,6,73
01/30/2022,FLG,AZ,AWP,CE,Federal Contract Tower,5,2,6,0,13,0,8,51,0,59,5,10,57,0,72,16,0,16,88
01/31/2022,FLG,AZ,AWP,CE,Federal Contract Tower,4,12,9,0,25,0,24,48,0,72,4,36,57,0,97,0,0,0,97
02/01/2022,FLG,AZ,AWP,CE,Federal Contract Tower,4,8,3,1,16,0,19,42,0,61,4,27,45,1,77,14,0,14,91
02/02/2022,FLG,AZ,AWP,CE,Federal Contract Tower,5,7,2,6,20,0,8,32,5,45,5,15,34,11,65,10,2,12,77
02/03/2022,FLG,AZ,AWP,CE,Federal Contract Tower,3,7,8,2,20,0,13,49,0,62,3,20,57,2,82,30,0,30,112
02/04/2022,FLG,AZ,AWP,CE,Federal Contract Tower,3,5,7,4,19,0,15,44,0,59,3,20,51,4,78,20,0,20,98
02/05/2022,FLG,AZ,AWP,CE,Federal Contract Tower,3,1,4,1,9,0,17,54,1,72,3,18,58,2,81,16,2,18,99
02/06/2022,FLG,AZ,AWP,CE,Federal Contract Tower,4,3,15,0,22,0,10,33,0,43,4,13,48,0,65,14,0,14,79
02/07/2022,FLG,AZ,AWP,CE,Federal Contract Tower,4,4,2,2,12,0,22,54,0,76,4,26,56,2,88,12,0,12,100
02/08/2022,FLG,AZ,AWP,CE,Federal Contract Tower,4,3,2,0,9,0,12,43,0,55,4,15,45,0,64,26,0,26,90
02/09/2022,FLG,AZ,AWP,CE,Federal Contract Tower,2,5,10,0,17,0,10,70,0,80,2,15,80,0,97,56,0,56,153
02/10/2022,FLG,AZ,AWP,CE,Federal Contract Tower,6,11,4,1,22,0,5,42,0,47,6,16,46,1,69,42,0,42,111
02/11/2022,FLG,AZ,AWP,CE,Federal Contract Tower,4,6,7,10,27,0,11,59,1,71,4,17,66,11,98,44,0,44,142
02/12/2022,FLG,AZ,AWP,CE,Federal Contract Tower,4,8,2,1,15,0,28,45,4,77,4,36,47,5,92,24,0,24,116
02/13/2022,FLG,AZ,AWP,CE,Federal Contract Tower,4,5,7,1,17,0,11,53,0,64,4,16,60,1,81,42,0,42,123
02/14/2022,FLG,AZ,AWP,CE,Federal Contract Tower,6,11,6,0,23,0,15,37,0,52,6,26,43,0,75,20,0,20,95
02/15/2022,FLG,AZ,AWP,CE,Federal Contract Tower,5,8,1,2,16,0,17,20,0,37,5,25,21,2,53,4,0,4,57
02/16/2022,FLG,AZ,AWP,CE,Federal Contract Tower,7,15,11,0,33,0,6,26,0,32,7,21,37,0,65,12,0,12,77
02/17/2022,FLG,AZ,AWP,CE,Federal Contract Tower,5,10,6,2,23,0,11,28,0,39,5,21,34,2,62,0,0,0,62
02/18/2022,FLG,AZ,AWP,CE,Federal Contract Tower,3,9,5,0,17,0,11,49,0,60,3,20,54,0,77,30,0,30,107
02/19/2022,FLG,AZ,AWP,CE,Federal Contract Tower,8,7,10,0,25,0,4,77,0,81,8,11,87,0,106,4,0,4,110
02/20/2022,FLG,AZ,AWP,CE,Federal Contract Tower,7,7,7,0,21,0,9,48,5,62,7,16,55,5,83,2,10,12,95
02/21/2022,FLG,AZ,AWP,CE,Federal Contract Tower,9,7,2,0,18,2,17,3,0,22,11,24,5,0,40,0,0,0,40
02/22/2022,FLG,AZ,AWP,CE,Federal Contract Tower,5,12,7,0,24,0,0,0,0,0,5,12,7,0,24,0,0,0,24
02/23/2022,FLG,AZ,AWP,CE,Federal Contract Tower,0,0,0,0,0,0,0,0,0,0,0,0,0,0,0,0,0,0,0
02/24/2022,FLG,AZ,AWP,CE,Federal Contract Tower,2,6,8,0,16,0,15,25,0,40,2,21,33,0,56,24,0,24,80
02/25/2022,FLG,AZ,AWP,CE,Federal Contract Tower,4,9,2,1,16,0,14,35,2,51,4,23,37,3,67,20,0,20,87
02/26/2022,FLG,AZ,AWP,CE,Federal Contract Tower,5,9,6,2,22,0,12,50,0,62,5,21,56,2,84,10,2,12,96
02/27/2022,FLG,AZ,AWP,CE,Federal Contract Tower,5,8,6,0,19,0,5,40,0,45,5,13,46,0,64,8,0,8,72
02/28/2022,FLG,AZ,AWP,CE,Federal Contract Tower,7,8,4,0,19,0,13,37,0,50,7,21,41,0,69,26,0,26,95
03/01/2022,FLG,AZ,AWP,CE,Federal Contract Tower,5,16,2,0,23,0,10,47,0,57,5,26,49,0,80,28,0,28,108
03/02/2022,FLG,AZ,AWP,CE,Federal Contract Tower,5,13,3,0,21,0,23,80,0,103,5,36,83,0,124,56,0,56,180
03/03/2022,FLG,AZ,AWP,CE,Federal Contract Tower,8,9,5,0,22,0,18,72,0,90,8,27,77,0,112,24,0,24,136
03/04/2022,FLG,AZ,AWP,CE,Federal Contract Tower,9,7,8,0,24,0,12,7,1,20,9,19,15,1,44,0,0,0,44
03/05/2022,FLG,AZ,AWP,CE,Federal Contract Tower,10,6,2,0,18,0,0,0,0,0,10,6,2,0,18,0,0,0,18
03/06/2022,FLG,AZ,AWP,CE,Federal Contract Tower,5,17,5,0,27,0,16,26,0,42,5,33,31,0,69,18,0,18,87
03/07/2022,FLG,AZ,AWP,CE,Federal Contract Tower,6,11,1,2,20,0,7,8,2,17,6,18,9,4,37,16,0,16,53
03/08/2022,FLG,AZ,AWP,CE,Federal Contract Tower,8,14,6,1,29,0,15,71,0,86,8,29,77,1,115,48,16,64,179
03/09/2022,FLG,AZ,AWP,CE,Federal Contract Tower,8,13,5,2,28,0,17,47,3,67,8,30,52,5,95,40,0,40,135
03/10/2022,FLG,AZ,AWP,CE,Federal Contract Tower,8,9,3,0,20,0,0,0,0,0,8,9,3,0,20,0,0,0,20
03/11/2022,FLG,AZ,AWP,CE,Federal Contract Tower,7,7,8,2,24,0,30,29,0,59,7,37,37,2,83,12,0,12,95
03/12/2022,FLG,AZ,AWP,CE,Federal Contract Tower,9,6,4,0,19,0,7,58,0,65,9,13,62,0,84,26,0,26,110
03/13/2022,FLG,AZ,AWP,CE,Federal Contract Tower,6,6,8,1,21,0,6,54,3,63,6,12,62,4,84,34,8,42,126
03/14/2022,FLG,AZ,AWP,CE,Federal Contract Tower,7,12,3,3,25,0,16,38,0,54,7,28,41,3,79,28,4,32,111
03/15/2022,FLG,AZ,AWP,CE,Federal Contract Tower,8,8,2,0,18,0,26,76,0,102,8,34,78,0,120,56,0,56,176
03/16/2022,FLG,AZ,AWP,CE,Federal Contract Tower,6,9,4,0,19,0,15,36,0,51,6,24,40,0,70,12,0,12,82
03/17/2022,FLG,AZ,AWP,CE,Federal Contract Tower,8,9,1,2,20,0,18,81,0,99,8,27,82,2,119,118,0,118,237
03/18/2022,FLG,AZ,AWP,CE,Federal Contract Tower,10,5,10,1,26,0,13,69,0,82,10,18,79,1,108,38,0,38,146
03/19/2022,FLG,AZ,AWP,CE,Federal Contract Tower,12,8,16,0,36,0,9,45,0,54,12,17,61,0,90,26,0,26,116
03/20/2022,FLG,AZ,AWP,CE,Federal Contract Tower,5,17,6,0,28,0,10,10,0,20,5,27,16,0,48,0,0,0,48
03/21/2022,FLG,AZ,AWP,CE,Federal Contract Tower,6,13,6,3,28,0,11,22,2,35,6,24,28,5,63,4,0,4,67
03/22/2022,FLG,AZ,AWP,CE,Federal Contract Tower,6,5,8,0,19,0,13,33,2,48,6,18,41,2,67,22,0,22,89
03/23/2022,FLG,AZ,AWP,CE,Federal Contract Tower,6,9,5,2,22,0,12,47,0,59,6,21,52,2,81,40,4,44,125
03/24/2022,FLG,AZ,AWP,CE,Federal Contract Tower,8,6,4,2,20,0,19,65,0,84,8,25,69,2,104,62,0,62,166
03/25/2022,FLG,AZ,AWP,CE,Federal Contract Tower,7,10,11,4,32,0,8,52,0,60,7,18,63,4,92,36,0,36,128
03/26/2022,FLG,AZ,AWP,CE,Federal Contract Tower,12,10,8,2,32,0,11,57,0,68,12,21,65,2,100,30,0,30,130
03/27/2022,FLG,AZ,AWP,CE,Federal Contract Tower,5,14,4,2,25,0,14,36,0,50,5,28,40,2,75,4,0,4,79
03/28/2022,FLG,AZ,AWP,CE,Federal Contract Tower,6,17,3,2,28,0,9,22,4,35,6,26,25,6,63,0,0,0,63
03/29/2022,FLG,AZ,AWP,CE,Federal Contract Tower,6,16,7,0,29,0,1,0,0,1,6,17,7,0,30,0,0,0,30
03/30/2022,FLG,AZ,AWP,CE,Federal Contract Tower,6,6,7,0,19,0,23,57,0,80,6,29,64,0,99,48,10,58,157
03/31/2022,FLG,AZ,AWP,CE,Federal Contract Tower,8,6,5,0,19,0,12,57,3,72,8,18,62,3,91,36,0,36,127
04/01/2022,FLG,AZ,AWP,CE,Federal Contract Tower,9,9,4,0,22,0,16,63,5,84,9,25,67,5,106,68,0,68,174
04/02/2022,FLG,AZ,AWP,CE,Federal Contract Tower,14,10,6,0,30,0,13,54,0,67,14,23,60,0,97,54,0,54,151
04/03/2022,FLG,AZ,AWP,CE,Federal Contract Tower,7,5,8,1,21,0,21,37,4,62,7,26,45,5,83,18,0,18,101
04/04/2022,FLG,AZ,AWP,CE,Federal Contract Tower,7,6,16,0,29,0,13,67,0,80,7,19,83,0,109,24,0,24,133
04/05/2022,FLG,AZ,AWP,CE,Federal Contract Tower,13,11,4,0,28,0,17,33,8,58,13,28,37,8,86,6,0,6,92
04/06/2022,FLG,AZ,AWP,CE,Federal Contract Tower,16,10,2,0,28,0,25,49,0,74,16,35,51,0,102,22,0,22,124
04/07/2022,FLG,AZ,AWP,CE,Federal Contract Tower,16,11,4,2,33,0,12,52,2,66,16,23,56,4,99,28,4,32,131
04/08/2022,FLG,AZ,AWP,CE,Federal Contract Tower,14,9,10,0,33,0,36,73,0,109,14,45,83,0,142,48,0,48,190
04/09/2022,FLG,AZ,AWP,CE,Federal Contract Tower,13,11,10,0,34,0,12,52,2,66,13,23,62,2,100,28,0,28,128
04/10/2022,FLG,AZ,AWP,CE,Federal Contract Tower,13,7,8,0,28,0,20,38,0,58,13,27,46,0,86,6,0,6,92
04/11/2022,FLG,AZ,AWP,CE,Federal Contract Tower,14,10,5,1,30,0,4,14,3,21,14,14,19,4,51,0,0,0,51
04/12/2022,FLG,AZ,AWP,CE,Federal Contract Tower,14,15,4,0,33,0,14,14,0,28,14,29,18,0,61,8,0,8,69
04/13/2022,FLG,AZ,AWP,CE,Federal Contract Tower,14,8,5,4,31,0,24,56,4,84,14,32,61,8,115,40,0,40,155
04/14/2022,FLG,AZ,AWP,CE,Federal Contract Tower,12,7,5,0,24,0,29,66,0,95,12,36,71,0,119,40,0,40,159
04/15/2022,FLG,AZ,AWP,CE,Federal Contract Tower,13,19,6,2,40,0,16,55,0,71,13,35,61,2,111,34,0,34,145
04/16/2022,FLG,AZ,AWP,CE,Federal Contract Tower,14,8,1,0,23,0,11,37,0,48,14,19,38,0,71,22,0,22,93
04/17/2022,FLG,AZ,AWP,CE,Federal Contract Tower,14,9,4,0,27,0,13,53,2,68,14,22,57,2,95,56,0,56,151
04/18/2022,FLG,AZ,AWP,CE,Federal Contract Tower,13,12,4,2,31,0,23,48,0,71,13,35,52,2,102,36,0,36,138
04/19/2022,FLG,AZ,AWP,CE,Federal Contract Tower,14,6,7,0,27,0,7,37,3,47,14,13,44,3,74,26,0,26,100
04/20/2022,FLG,AZ,AWP,CE,Federal Contract Tower,13,10,5,0,28,0,36,61,4,101,13,46,66,4,129,54,2,56,185
04/21/2022,FLG,AZ,AWP,CE,Federal Contract Tower,14,11,3,0,28,0,26,30,4,60,14,37,33,4,88,18,0,18,106
04/22/2022,FLG,AZ,AWP,CE,Federal Contract Tower,14,10,1,0,25,0,9,13,2,24,14,19,14,2,49,0,0,0,49
04/23/2022,FLG,AZ,AWP,CE,Federal Contract Tower,13,5,10,2,30,0,17,70,0,87,13,22,80,2,117,42,0,42,159
04/24/2022,FLG,AZ,AWP,CE,Federal Contract Tower,14,7,9,0,30,0,15,78,4,97,14,22,87,4,127,42,0,42,169
04/25/2022,FLG,AZ,AWP,CE,Federal Contract Tower,14,8,5,0,27,0,22,70,0,92,14,30,75,0,119,38,0,38,157
04/26/2022,FLG,AZ,AWP,CE,Federal Contract Tower,12,6,3,1,22,0,27,49,1,77,12,33,52,2,99,30,0,30,129
04/27/2022,FLG,AZ,AWP,CE,Federal Contract Tower,14,8,7,0,29,0,25,46,2,73,14,33,53,2,102,24,0,24,126
04/28/2022,FLG,AZ,AWP,CE,Federal Contract Tower,14,17,7,1,39,0,27,51,2,80,14,44,58,3,119,4,0,4,123
04/29/2022,FLG,AZ,AWP,CE,Federal Contract Tower,14,10,3,4,31,0,17,61,0,78,14,27,64,4,109,38,2,40,149
04/30/2022,FLG,AZ,AWP,CE,Federal Contract Tower,14,7,9,1,31,0,16,67,2,85,14,23,76,3,116,60,0,60,176
05/01/2022,FLG,AZ,AWP,CE,Federal Contract Tower,14,10,7,0,31,4,5,11,0,20,18,15,18,0,51,1,0,1,52
05/02/2022,FLG,AZ,AWP,CE,Federal Contract Tower,13,10,2,0,25,0,15,65,0,80,13,25,67,0,105,58,0,58,163
05/03/2022,FLG,AZ,AWP,CE,Federal Contract Tower,13,13,3,0,29,0,14,33,0,47,13,27,36,0,76,0,0,0,76
05/04/2022,FLG,AZ,AWP,CE,Federal Contract Tower,10,4,6,0,20,0,21,54,0,75,10,25,60,0,95,132,12,144,239
05/05/2022,FLG,AZ,AWP,CE,Federal Contract Tower,5,7,2,2,16,0,22,61,0,83,5,29,63,2,99,58,0,58,157
05/06/2022,FLG,AZ,AWP,CE,Federal Contract Tower,9,4,9,1,23,0,24,59,0,83,9,28,68,1,106,48,0,48,154
05/07/2022,FLG,AZ,AWP,CE,Federal Contract Tower,7,10,9,0,26,2,6,28,0,36,9,16,37,0,62,2,0,2,64
05/08/2022,FLG,AZ,AWP,CE,Federal Contract Tower,8,5,7,0,20,0,8,12,0,20,8,13,19,0,40,4,0,4,44
05/09/2022,FLG,AZ,AWP,CE,Federal Contract Tower,9,6,4,0,19,0,11,11,0,22,9,17,15,0,41,0,0,0,41
05/10/2022,FLG,AZ,AWP,CE,Federal Contract Tower,6,7,3,1,17,0,23,19,3,45,6,30,22,4,62,0,6,6,68
05/11/2022,FLG,AZ,AWP,CE,Federal Contract Tower,8,14,3,0,25,0,7,14,5,26,8,21,17,5,51,0,0,0,51
05/12/2022,FLG,AZ,AWP,CE,Federal Contract Tower,10,10,3,4,27,0,16,64,9,89,10,26,67,13,116,76,2,78,194
05/13/2022,FLG,AZ,AWP,CE,Federal Contract Tower,9,11,10,2,32,0,18,69,0,87,9,29,79,2,119,56,0,56,175
05/14/2022,FLG,AZ,AWP,CE,Federal Contract Tower,7,11,3,0,21,0,7,74,0,81,7,18,77,0,102,50,0,50,152
05/15/2022,FLG,AZ,AWP,CE,Federal Contract Tower,9,8,11,2,30,0,3,60,0,63,9,11,71,2,93,20,0,20,113
05/16/2022,FLG,AZ,AWP,CE,Federal Contract Tower,9,13,6,0,28,0,9,49,0,58,9,22,55,0,86,38,0,38,124
05/17/2022,FLG,AZ,AWP,CE,Federal Contract Tower,7,11,4,2,24,0,22,50,1,73,7,33,54,3,97,22,0,22,119
05/18/2022,FLG,AZ,AWP,CE,Federal Contract Tower,8,12,9,2,31,0,16,71,7,94,8,28,80,9,125,32,0,32,157
05/19/2022,FLG,AZ,AWP,CE,Federal Contract Tower,9,14,4,4,31,0,21,39,2,62,9,35,43,6,93,14,0,14,107
05/20/2022,FLG,AZ,AWP,CE,Federal Contract Tower,8,19,7,0,34,3,11,20,0,34,11,30,27,0,68,2,0,2,70
05/21/2022,FLG,AZ,AWP,CE,Federal Contract Tower,7,9,10,0,26,0,18,57,0,75,7,27,67,0,101,10,0,10,111
05/22/2022,FLG,AZ,AWP,CE,Federal Contract Tower,10,3,10,0,23,0,12,77,0,89,10,15,87,0,112,18,0,18,130
05/23/2022,FLG,AZ,AWP,CE,Federal Contract Tower,8,6,10,3,27,0,17,46,0,63,8,23,56,3,90,16,0,16,106
05/24/2022,FLG,AZ,AWP,CE,Federal Contract Tower,6,10,3,2,21,0,17,56,0,73,6,27,59,2,94,60,0,60,154
05/25/2022,FLG,AZ,AWP,CE,Federal Contract Tower,7,7,6,0,20,0,17,41,4,62,7,24,47,4,82,16,0,16,98
05/26/2022,FLG,AZ,AWP,CE,Federal Contract Tower,9,14,16,0,39,0,13,55,0,68,9,27,71,0,107,40,0,40,147
05/27/2022,FLG,AZ,AWP,CE,Federal Contract Tower,9,21,8,0,38,0,11,46,1,58,9,32,54,1,96,42,0,42,138
05/28/2022,FLG,AZ,AWP,CE,Federal Contract Tower,7,10,1,0,18,0,9,38,0,47,7,19,39,0,65,4,0,4,69
05/29/2022,FLG,AZ,AWP,CE,Federal Contract Tower,9,4,1,0,14,0,15,13,0,28,9,19,14,0,42,7,0,7,49
05/30/2022,FLG,AZ,AWP,CE,Federal Contract Tower,9,15,7,1,32,0,14,40,2,56,9,29,47,3,88,0,0,0,88
05/31/2022,FLG,AZ,AWP,CE,Federal Contract Tower,6,16,12,0,34,0,21,56,6,83,6,37,68,6,117,20,0,20,137
06/01/2022,FLG,AZ,AWP,CE,Federal Contract Tower,7,17,12,0,36,0,14,63,3,80,7,31,75,3,116,12,0,12,128
06/02/2022,FLG,AZ,AWP,CE,Federal Contract Tower,8,17,7,2,34,0,16,55,1,72,8,33,62,3,106,16,0,16,122
06/03/2022,FLG,AZ,AWP,CE,Federal Contract Tower,8,9,5,0,22,0,16,57,0,73,8,25,62,0,95,14,0,14,109
06/04/2022,FLG,AZ,AWP,CE,Federal Contract Tower,14,9,0,0,23,2,19,81,1,103,16,28,81,1,126,16,2,18,144
06/05/2022,FLG,AZ,AWP,CE,Federal Contract Tower,9,8,9,0,26,0,6,79,0,85,9,14,88,0,111,30,2,32,143
06/06/2022,FLG,AZ,AWP,CE,Federal Contract Tower,8,7,9,2,26,0,17,49,2,68,8,24,58,4,94,28,0,28,122
06/07/2022,FLG,AZ,AWP,CE,Federal Contract Tower,8,7,6,0,21,0,14,43,0,57,8,21,49,0,78,28,0,28,106
06/08/2022,FLG,AZ,AWP,CE,Federal Contract Tower,6,8,2,0,16,0,17,43,8,68,6,25,45,8,84,46,0,46,130
06/09/2022,FLG,AZ,AWP,CE,Federal Contract Tower,7,10,9,0,26,0,17,59,2,78,7,27,68,2,104,30,0,30,134
06/10/2022,FLG,AZ,AWP,CE,Federal Contract Tower,8,9,14,0,31,0,14,52,0,66,8,23,66,0,97,24,0,24,121
06/11/2022,FLG,AZ,AWP,CE,Federal Contract Tower,11,14,10,0,35,0,23,49,0,72,11,37,59,0,107,22,0,22,129
06/12/2022,FLG,AZ,AWP,CE,Federal Contract Tower,9,3,11,0,23,0,29,48,0,77,9,32,59,0,100,16,0,16,116
06/13/2022,FLG,AZ,AWP,CE,Federal Contract Tower,9,14,5,0,28,0,10,19,1,30,9,24,24,1,58,0,2,2,60
06/14/2022,FLG,AZ,AWP,CE,Federal Contract Tower,8,8,5,0,21,0,46,45,0,91,8,54,50,0,112,36,0,36,148
06/15/2022,FLG,AZ,AWP,CE,Federal Contract Tower,7,3,7,0,17,0,23,24,0,47,7,26,31,0,64,0,0,0,64
06/16/2022,FLG,AZ,AWP,CE,Federal Contract Tower,9,8,4,0,21,0,12,43,0,55,9,20,47,0,76,4,0,4,80
06/17/2022,FLG,AZ,AWP,CE,Federal Contract Tower,7,6,4,1,18,0,25,34,0,59,7,31,38,1,77,10,6,16,93
06/18/2022,FLG,AZ,AWP,CE,Federal Contract Tower,12,6,7,0,25,0,10,22,0,32,12,16,29,0,57,0,0,0,57
06/19/2022,FLG,AZ,AWP,CE,Federal Contract Tower,7,18,5,0,30,0,10,25,0,35,7,28,30,0,65,0,0,0,65
06/20/2022,FLG,AZ,AWP,CE,Federal Contract Tower,6,11,1,0,18,0,12,52,0,64,6,23,53,0,82,34,0,34,116
06/21/2022,FLG,AZ,AWP,CE,Federal Contract Tower,8,10,1,2,21,0,25,55,0,80,8,35,56,2,101,48,0,48,149
06/22/2022,FLG,AZ,AWP,CE,Federal Contract Tower,7,4,4,0,15,0,23,37,0,60,7,27,41,0,75,46,0,46,121
06/23/2022,FLG,AZ,AWP,CE,Federal Contract Tower,9,8,9,0,26,0,13,39,0,52,9,21,48,0,78,23,0,23,101
06/24/2022,FLG,AZ,AWP,CE,Federal Contract Tower,11,7,7,0,25,0,10,26,0,36,11,17,33,0,61,26,0,26,87
06/25/2022,FLG,AZ,AWP,CE,Federal Contract Tower,12,3,7,0,22,0,15,50,0,65,12,18,57,0,87,38,0,38,125
06/26/2022,FLG,AZ,AWP,CE,Federal Contract Tower,10,10,5,0,25,0,12,46,0,58,10,22,51,0,83,22,0,22,105
06/27/2022,FLG,AZ,AWP,CE,Federal Contract Tower,9,6,6,0,21,0,13,52,4,69,9,19,58,4,90,50,0,50,140
06/28/2022,FLG,AZ,AWP,CE,Federal Contract Tower,9,10,5,0,24,0,27,49,0,76,9,37,54,0,100,30,0,30,130
06/29/2022,FLG,AZ,AWP,CE,Federal Contract Tower,9,9,4,0,22,0,15,23,0,38,9,24,27,0,60,33,0,33,93
06/30/2022,FLG,AZ,AWP,CE,Federal Contract Tower,9,8,8,0,25,0,13,30,0,43,9,21,38,0,68,8,0,8,76
07/01/2022,FLG,AZ,AWP,CE,Federal Contract Tower,10,11,14,0,35,0,16,51,1,68,10,27,65,1,103,24,0,24,127
07/02/2022,FLG,AZ,AWP,CE,Federal Contract Tower,12,7,5,0,24,0,14,44,0,58,12,21,49,0,82,17,0,17,99
07/03/2022,FLG,AZ,AWP,CE,Federal Contract Tower,8,2,3,0,13,0,12,32,0,44,8,14,35,0,57,3,0,3,60
07/04/2022,FLG,AZ,AWP,CE,Federal Contract Tower,9,4,5,0,18,0,14,43,0,57,9,18,48,0,75,16,0,16,91
07/05/2022,FLG,AZ,AWP,CE,Federal Contract Tower,9,20,9,0,38,0,19,40,1,60,9,39,49,1,98,41,0,41,139
07/06/2022,FLG,AZ,AWP,CE,Federal Contract Tower,9,4,3,0,16,0,28,50,0,78,9,32,53,0,94,50,0,50,144
07/07/2022,FLG,AZ,AWP,CE,Federal Contract Tower,9,3,9,2,23,0,6,62,0,68,9,9,71,2,91,83,0,83,174
07/08/2022,FLG,AZ,AWP,CE,Federal Contract Tower,0,11,14,0,25,0,19,70,0,89,0,30,84,0,114,51,0,51,165
07/09/2022,FLG,AZ,AWP,CE,Federal Contract Tower,12,2,6,0,20,0,10,24,0,34,12,12,30,0,54,12,0,12,66
07/10/2022,FLG,AZ,AWP,CE,Federal Contract Tower,9,8,7,0,24,0,22,47,0,69,9,30,54,0,93,38,0,38,131
07/11/2022,FLG,AZ,AWP,CE,Federal Contract Tower,8,7,5,0,20,0,7,62,0,69,8,14,67,0,89,42,0,42,131
07/12/2022,FLG,AZ,AWP,CE,Federal Contract Tower,9,13,1,0,23,0,9,40,0,49,9,22,41,0,72,28,0,28,100
07/13/2022,FLG,AZ,AWP,CE,Federal Contract Tower,10,11,12,0,33,0,7,65,0,72,10,18,77,0,105,67,0,67,172
07/14/2022,FLG,AZ,AWP,CE,Federal Contract Tower,9,5,8,0,22,0,7,45,0,52,9,12,53,0,74,34,0,34,108
07/15/2022,FLG,AZ,AWP,CE,Federal Contract Tower,0,7,4,6,17,0,16,37,0,53,0,23,41,6,70,9,0,9,79
07/16/2022,FLG,AZ,AWP,CE,Federal Contract Tower,11,5,5,0,21,0,11,41,0,52,11,16,46,0,73,3,0,3,76
07/17/2022,FLG,AZ,AWP,CE,Federal Contract Tower,9,5,12,0,26,0,3,37,0,40,9,8,49,0,66,6,0,6,72
07/18/2022,FLG,AZ,AWP,CE,Federal Contract Tower,8,5,4,0,17,0,15,28,0,43,8,20,32,0,60,10,0,10,70
07/19/2022,FLG,AZ,AWP,CE,Federal Contract Tower,9,13,8,0,30,0,7,55,3,65,9,20,63,3,95,40,0,40,135
07/20/2022,FLG,AZ,AWP,CE,Federal Contract Tower,7,4,7,0,18,0,7,43,6,56,7,11,50,6,74,18,0,18,92
07/21/2022,FLG,AZ,AWP,CE,Federal Contract Tower,9,12,3,0,24,0,9,38,0,47,9,21,41,0,71,78,0,78,149
07/22/2022,FLG,AZ,AWP,CE,Federal Contract Tower,8,10,12,0,30,0,5,56,0,61,8,15,68,0,91,29,0,29,120
07/23/2022,FLG,AZ,AWP,CE,Federal Contract Tower,12,8,7,0,27,0,7,43,0,50,12,15,50,0,77,12,0,12,89
07/24/2022,FLG,AZ,AWP,CE,Federal Contract Tower,9,3,8,0,20,0,8,30,0,38,9,11,38,0,58,2,0,2,60
07/25/2022,FLG,AZ,AWP,CE,Federal Contract Tower,9,14,6,0,29,0,6,27,0,33,9,20,33,0,62,22,0,22,84
07/26/2022,FLG,AZ,AWP,CE,Federal Contract Tower,9,9,7,1,26,0,7,17,0,24,9,16,24,1,50,32,0,32,82
07/27/2022,FLG,AZ,AWP,CE,Federal Contract Tower,9,5,6,0,20,0,3,12,2,17,9,8,18,2,37,0,0,0,37
07/28/2022,FLG,AZ,AWP,CE,Federal Contract Tower,8,9,8,1,26,0,5,30,4,39,8,14,38,5,65,0,0,0,65
07/29/2022,FLG,AZ,AWP,CE,Federal Contract Tower,7,8,8,0,23,0,2,27,1,30,7,10,35,1,53,23,0,23,76
07/30/2022,FLG,AZ,AWP,CE,Federal Contract Tower,14,10,6,0,30,0,11,16,2,29,14,21,22,2,59,6,0,6,65
07/31/2022,FLG,AZ,AWP,CE,Federal Contract Tower,9,1,15,0,25,0,8,43,3,54,9,9,58,3,79,21,0,21,100
08/01/2022,FLG,AZ,AWP,CE,Federal Contract Tower,7,6,8,0,21,0,7,31,6,44,7,13,39,6,65,50,0,50,115
08/02/2022,FLG,AZ,AWP,CE,Federal Contract Tower,10,5,6,0,21,0,5,27,2,34,10,10,33,2,55,20,2,22,77
08/03/2022,FLG,AZ,AWP,CE,Federal Contract Tower,9,5,11,0,25,0,12,44,0,56,9,17,55,0,81,29,0,29,110
08/04/2022,FLG,AZ,AWP,CE,Federal Contract Tower,9,6,4,0,19,0,2,24,2,28,9,8,28,2,47,18,0,18,65
08/05/2022,FLG,AZ,AWP,CE,Federal Contract Tower,9,9,7,0,25,0,5,48,0,53,9,14,55,0,78,15,0,15,93
08/06/2022,FLG,AZ,AWP,CE,Federal Contract Tower,14,4,6,0,24,0,21,47,0,68,14,25,53,0,92,0,0,0,92
08/07/2022,FLG,AZ,AWP,CE,Federal Contract Tower,10,5,5,0,20,0,5,43,0,48,10,10,48,0,68,19,0,19,87
08/08/2022,FLG,AZ,AWP,CE,Federal Contract Tower,8,5,7,0,20,0,7,40,2,49,8,12,47,2,69,18,0,18,87
08/09/2022,FLG,AZ,AWP,CE,Federal Contract Tower,8,6,7,0,21,0,9,51,0,60,8,15,58,0,81,30,0,30,111
08/10/2022,FLG,AZ,AWP,CE,Federal Contract Tower,9,11,5,0,25,0,3,31,5,39,9,14,36,5,64,18,10,28,92
08/11/2022,FLG,AZ,AWP,CE,Federal Contract Tower,9,14,12,2,37,0,7,23,0,30,9,21,35,2,67,31,0,31,98
08/12/2022,FLG,AZ,AWP,CE,Federal Contract Tower,9,3,7,0,19,0,3,37,1,41,9,6,44,1,60,35,0,35,95
08/13/2022,FLG,AZ,AWP,CE,Federal Contract Tower,13,5,9,0,27,0,5,53,0,58,13,10,62,0,85,23,0,23,108
08/14/2022,FLG,AZ,AWP,CE,Federal Contract Tower,9,5,6,0,20,0,3,30,0,33,9,8,36,0,53,5,0,5,58
08/15/2022,FLG,AZ,AWP,CE,Federal Contract Tower,11,6,7,0,24,0,0,11,0,11,11,6,18,0,35,52,0,52,87
08/16/2022,FLG,AZ,AWP,CE,Federal Contract Tower,12,11,8,0,31,0,8,24,0,32,12,19,32,0,63,6,0,6,69
08/17/2022,FLG,AZ,AWP,CE,Federal Contract Tower,10,9,4,0,23,0,9,40,2,51,10,18,44,2,74,16,0,16,90
08/18/2022,FLG,AZ,AWP,CE,Federal Contract Tower,10,4,2,0,16,0,8,41,0,49,10,12,43,0,65,8,0,8,73
08/19/2022,FLG,AZ,AWP,CE,Federal Contract Tower,11,13,12,1,37,0,8,27,0,35,11,21,39,1,72,0,0,0,72
08/20/2022,FLG,AZ,AWP,CE,Federal Contract Tower,10,13,6,0,29,0,8,17,0,25,10,21,23,0,54,20,0,20,74
08/21/2022,FLG,AZ,AWP,CE,Federal Contract Tower,12,9,4,1,26,0,5,20,0,25,12,14,24,1,51,24,0,24,75
08/22/2022,FLG,AZ,AWP,CE,Federal Contract Tower,11,8,2,0,21,0,12,27,5,44,11,20,29,5,65,18,0,18,83
08/23/2022,FLG,AZ,AWP,CE,Federal Contract Tower,11,7,3,2,23,0,13,43,0,56,11,20,46,2,79,24,0,24,103
08/24/2022,FLG,AZ,AWP,CE,Federal Contract Tower,12,10,6,0,28,0,13,17,0,30,12,23,23,0,58,41,0,41,99
08/25/2022,FLG,AZ,AWP,CE,Federal Contract Tower,14,13,10,0,37,0,21,38,0,59,14,34,48,0,96,45,0,45,141
08/26/2022,FLG,AZ,AWP,CE,Federal Contract Tower,12,8,5,0,25,0,12,41,12,65,12,20,46,12,90,63,40,103,193
08/27/2022,FLG,AZ,AWP,CE,Federal Contract Tower,13,8,5,0,26,0,17,126,2,145,13,25,131,2,171,195,0,195,366
08/28/2022,FLG,AZ,AWP,CE,Federal Contract Tower,11,9,8,0,28,2,9,37,0,48,13,18,45,0,76,0,6,6,82
08/29/2022,FLG,AZ,AWP,CE,Federal Contract Tower,12,10,6,0,28,0,20,40,7,67,12,30,46,7,95,4,0,4,99
08/30/2022,FLG,AZ,AWP,CE,Federal Contract Tower,13,8,4,1,26,0,20,51,1,72,13,28,55,2,98,30,0,30,128
08/31/2022,FLG,AZ,AWP,CE,Federal Contract Tower,10,7,6,0,23,0,4,57,4,65,10,11,63,4,88,14,0,14,102
09/01/2022,FLG,AZ,AWP,CE,Federal Contract Tower,11,15,5,0,31,0,5,60,4,69,11,20,65,4,100,10,0,10,110
09/02/2022,FLG,AZ,AWP,CE,Federal Contract Tower,10,16,4,0,30,0,14,67,0,81,10,30,71,0,111,26,0,26,137
09/03/2022,FLG,AZ,AWP,CE,Federal Contract Tower,10,12,3,0,25,0,7,75,0,82,10,19,78,0,107,22,0,22,129
09/04/2022,FLG,AZ,AWP,CE,Federal Contract Tower,12,4,1,0,17,0,11,57,0,68,12,15,58,0,85,30,0,30,115
09/05/2022,FLG,AZ,AWP,CE,Federal Contract Tower,11,13,6,0,30,0,15,72,0,87,11,28,78,0,117,26,0,26,143
09/06/2022,FLG,AZ,AWP,CE,Federal Contract Tower,10,6,7,0,23,0,11,66,0,77,10,17,73,0,100,20,0,20,120
09/07/2022,FLG,AZ,AWP,CE,Federal Contract Tower,12,8,4,2,26,0,7,42,4,53,12,15,46,6,79,16,0,16,95
09/08/2022,FLG,AZ,AWP,CE,Federal Contract Tower,14,11,3,2,30,0,7,50,0,57,14,18,53,2,87,0,0,0,87
09/09/2022,FLG,AZ,AWP,CE,Federal Contract Tower,15,20,6,0,41,0,9,69,0,78,15,29,75,0,119,56,0,56,175
09/10/2022,FLG,AZ,AWP,CE,Federal Contract Tower,11,8,15,0,34,0,1,20,0,21,11,9,35,0,55,14,0,14,69
09/11/2022,FLG,AZ,AWP,CE,Federal Contract Tower,14,3,11,0,28,0,5,62,0,67,14,8,73,0,95,2,0,2,97
09/12/2022,FLG,AZ,AWP,CE,Federal Contract Tower,13,9,2,0,24,0,3,26,2,31,13,12,28,2,55,12,0,12,67
09/13/2022,FLG,AZ,AWP,CE,Federal Contract Tower,12,14,0,0,26,0,4,18,0,22,12,18,18,0,48,14,0,14,62
09/14/2022,FLG,AZ,AWP,CE,Federal Contract Tower,12,7,10,0,29,0,10,28,4,42,12,17,38,4,71,4,2,6,77
09/15/2022,FLG,AZ,AWP,CE,Federal Contract Tower,15,14,6,2,37,0,12,32,4,48,15,26,38,6,85,20,12,32,117
09/16/2022,FLG,AZ,AWP,CE,Federal Contract Tower,14,21,11,0,46,0,8,61,0,69,14,29,72,0,115,8,0,8,123
09/17/2022,FLG,AZ,AWP,CE,Federal Contract Tower,23,12,1,0,36,0,10,77,0,87,23,22,78,0,123,30,0,30,153
09/18/2022,FLG,AZ,AWP,CE,Federal Contract Tower,13,6,13,0,32,0,7,50,0,57,13,13,63,0,89,24,0,24,113
09/19/2022,FLG,AZ,AWP,CE,Federal Contract Tower,14,16,7,2,39,0,6,54,5,65,14,22,61,7,104,34,0,34,138
09/20/2022,FLG,AZ,AWP,CE,Federal Contract Tower,10,13,1,2,26,0,8,26,4,38,10,21,27,6,64,4,0,4,68
09/21/2022,FLG,AZ,AWP,CE,Federal Contract Tower,12,10,14,0,36,0,0,1,0,1,12,10,15,0,37,0,0,0,37
09/22/2022,FLG,AZ,AWP,CE,Federal Contract Tower,16,14,13,0,43,0,1,9,0,10,16,15,22,0,53,22,0,22,75
09/23/2022,FLG,AZ,AWP,CE,Federal Contract Tower,12,11,10,0,33,1,6,80,11,98,13,17,90,11,131,74,0,74,205
09/24/2022,FLG,AZ,AWP,CE,Federal Contract Tower,13,10,11,0,34,0,15,61,0,76,13,25,72,0,110,14,0,14,124
09/25/2022,FLG,AZ,AWP,CE,Federal Contract Tower,12,6,16,0,34,0,4,57,0,61,12,10,73,0,95,56,0,56,151
09/26/2022,FLG,AZ,AWP,CE,Federal Contract Tower,13,14,9,0,36,0,10,57,0,67,13,24,66,0,103,42,0,42,145
09/27/2022,FLG,AZ,AWP,CE,Federal Contract Tower,12,5,1,0,18,0,14,39,0,53,12,19,40,0,71,42,0,42,113
09/28/2022,FLG,AZ,AWP,CE,Federal Contract Tower,13,10,2,0,25,0,5,37,2,44,13,15,39,2,69,28,0,28,97
09/29/2022,FLG,AZ,AWP,CE,Federal Contract Tower,14,10,2,0,26,0,16,32,6,54,14,26,34,6,80,30,6,36,116
09/30/2022,FLG,AZ,AWP,CE,Federal Contract Tower,13,16,12,0,41,0,8,64,0,72,13,24,76,0,113,48,0,48,161
10/01/2022,FLG,AZ,AWP,CE,Federal Contract Tower,11,13,5,1,30,0,8,61,2,71,11,21,66,3,101,18,0,18,119
10/02/2022,FLG,AZ,AWP,CE,Federal Contract Tower,11,14,5,0,30,0,5,47,3,55,11,19,52,3,85,4,0,4,89
10/03/2022,FLG,AZ,AWP,CE,Federal Contract Tower,10,6,3,0,19,0,1,8,0,9,10,7,11,0,28,0,0,0,28
10/04/2022,FLG,AZ,AWP,CE,Federal Contract Tower,10,13,9,0,32,0,6,38,0,44,10,19,47,0,76,18,0,18,94
10/05/2022,FLG,AZ,AWP,CE,Federal Contract Tower,11,14,1,0,26,0,18,35,0,53,11,32,36,0,79,28,0,28,107
10/06/2022,FLG,AZ,AWP,CE,Federal Contract Tower,10,9,9,0,28,0,5,22,0,27,10,14,31,0,55,6,0,6,61
10/07/2022,FLG,AZ,AWP,CE,Federal Contract Tower,11,6,9,0,26,0,6,21,0,27,11,12,30,0,53,0,0,0,53
10/08/2022,FLG,AZ,AWP,CE,Federal Contract Tower,11,9,9,0,29,0,5,45,0,50,11,14,54,0,79,0,0,0,79
10/09/2022,FLG,AZ,AWP,CE,Federal Contract Tower,10,12,21,0,43,0,10,51,0,61,10,22,72,0,104,12,0,12,116
10/10/2022,FLG,AZ,AWP,CE,Federal Contract Tower,9,8,3,0,20,1,8,38,2,49,10,16,41,2,69,12,0,12,81
10/12/2022,FLG,AZ,AWP,CE,Federal Contract Tower,11,7,8,2,28,0,10,76,5,91,11,17,84,7,119,28,0,28,147
10/13/2022,FLG,AZ,AWP,CE,Federal Contract Tower,9,16,3,2,30,0,12,47,1,60,9,28,50,3,90,32,0,32,122
10/14/2022,FLG,AZ,AWP,CE,Federal Contract Tower,12,9,2,1,24,0,3,85,2,90,12,12,87,3,114,44,2,46,160
10/15/2022,FLG,AZ,AWP,CE,Federal Contract Tower,10,8,12,0,30,0,4,17,2,23,10,12,29,2,53,12,0,12,65
10/16/2022,FLG,AZ,AWP,CE,Federal Contract Tower,10,5,13,4,32,0,0,10,2,12,10,5,23,6,44,0,0,0,44
10/17/2022,FLG,AZ,AWP,CE,Federal Contract Tower,9,13,9,0,31,0,7,22,0,29,9,20,31,0,60,4,0,4,64
10/18/2022,FLG,AZ,AWP,CE,Federal Contract Tower,8,8,7,1,24,0,3,40,6,49,8,11,47,7,73,16,0,16,89
10/19/2022,FLG,AZ,AWP,CE,Federal Contract Tower,11,13,1,1,26,0,9,44,5,58,11,22,45,6,84,14,0,14,98
10/20/2022,FLG,AZ,AWP,CE,Federal Contract Tower,10,19,3,3,35,0,13,45,4,62,10,32,48,7,97,33,0,33,130
10/21/2022,FLG,AZ,AWP,CE,Federal Contract Tower,12,12,4,0,28,0,10,43,2,55,12,22,47,2,83,18,0,18,101
10/22/2022,FLG,AZ,AWP,CE,Federal Contract Tower,11,10,1,2,24,0,3,24,0,27,11,13,25,2,51,14,0,14,65
10/23/2022,FLG,AZ,AWP,CE,Federal Contract Tower,10,12,4,0,26,0,2,13,0,15,10,14,17,0,41,0,0,0,41
10/24/2022,FLG,AZ,AWP,CE,Federal Contract Tower,10,8,6,0,24,0,9,29,2,40,10,17,35,2,64,10,0,10,74
10/25/2022,FLG,AZ,AWP,CE,Federal Contract Tower,10,9,2,1,22,0,7,33,2,42,10,16,35,3,64,34,0,34,98
10/26/2022,FLG,AZ,AWP,CE,Federal Contract Tower,7,12,4,0,23,0,11,38,3,52,7,23,42,3,75,16,0,16,91
10/27/2022,FLG,AZ,AWP,CE,Federal Contract Tower,10,7,3,0,20,0,7,33,0,40,10,14,36,0,60,22,0,22,82
10/28/2022,FLG,AZ,AWP,CE,Federal Contract Tower,10,5,8,2,25,0,5,54,0,59,10,10,62,2,84,2,0,2,86
10/29/2022,FLG,AZ,AWP,CE,Federal Contract Tower,9,5,4,0,18,0,7,64,5,76,9,12,68,5,94,16,0,16,110
10/30/2022,FLG,AZ,AWP,CE,Federal Contract Tower,8,1,4,0,13,0,1,64,0,65,8,2,68,0,78,24,0,24,102
10/31/2022,FLG,AZ,AWP,CE,Federal Contract Tower,7,6,6,0,19,0,1,41,2,44,7,7,47,2,63,10,0,10,73
11/01/2022,FLG,AZ,AWP,CE,Federal Contract Tower,8,4,3,3,18,0,3,44,0,47,8,7,47,3,65,8,0,8,73
11/02/2022,FLG,AZ,AWP,CE,Federal Contract Tower,8,23,3,0,34,0,7,11,2,20,8,30,14,2,54,0,0,0,54
11/03/2022,FLG,AZ,AWP,CE,Federal Contract Tower,4,5,4,0,13,0,0,0,0,0,4,5,4,0,13,0,0,0,13
11/04/2022,FLG,AZ,AWP,CE,Federal Contract Tower,10,6,5,0,21,0,5,76,0,81,10,11,81,0,102,42,0,42,144
11/05/2022,FLG,AZ,AWP,CE,Federal Contract Tower,8,5,3,3,19,0,3,68,7,78,8,8,71,10,97,31,0,31,128
11/06/2022,FLG,AZ,AWP,CE,Federal Contract Tower,8,4,11,0,23,0,10,65,2,77,8,14,76,2,100,8,4,12,112
11/07/2022,FLG,AZ,AWP,CE,Federal Contract Tower,8,12,4,0,24,0,19,34,0,53,8,31,38,0,77,4,0,4,81
11/08/2022,FLG,AZ,AWP,CE,Federal Contract Tower,9,7,1,0,17,0,2,15,7,24,9,9,16,7,41,0,4,4,45
11/09/2022,FLG,AZ,AWP,CE,Federal Contract Tower,7,12,1,0,20,0,0,1,0,1,7,12,2,0,21,0,0,0,21
11/10/2022,FLG,AZ,AWP,CE,Federal Contract Tower,9,6,1,0,16,0,9,64,0,73,9,15,65,0,89,24,0,24,113
11/11/2022,FLG,AZ,AWP,CE,Federal Contract Tower,7,7,3,1,18,0,4,49,6,59,7,11,52,7,77,0,0,0,77
11/12/2022,FLG,AZ,AWP,CE,Federal Contract Tower,8,3,7,0,18,0,5,63,2,70,8,8,70,2,88,48,0,48,136
11/13/2022,FLG,AZ,AWP,CE,Federal Contract Tower,5,1,3,0,9,0,9,25,2,36,5,10,28,2,45,0,0,0,45
11/14/2022,FLG,AZ,AWP,CE,Federal Contract Tower,9,4,0,0,13,0,12,37,0,49,9,16,37,0,62,4,0,4,66
11/15/2022,FLG,AZ,AWP,CE,Federal Contract Tower,8,8,2,0,18,0,18,29,0,47,8,26,31,0,65,0,0,0,65
11/16/2022,FLG,AZ,AWP,CE,Federal Contract Tower,9,4,3,1,17,0,17,20,0,37,9,21,23,1,54,0,0,0,54
11/17/2022,FLG,AZ,AWP,CE,Federal Contract Tower,8,4,1,2,15,0,15,43,2,60,8,19,44,4,75,68,0,68,143
11/18/2022,FLG,AZ,AWP,CE,Federal Contract Tower,8,7,3,0,18,0,8,45,4,57,8,15,48,4,75,16,0,16,91
11/19/2022,FLG,AZ,AWP,CE,Federal Contract Tower,9,5,6,1,21,0,9,61,0,70,9,14,67,1,91,2,0,2,93
11/20/2022,FLG,AZ,AWP,CE,Federal Contract Tower,8,0,8,0,16,0,8,58,2,68,8,8,66,2,84,10,0,10,94
11/21/2022,FLG,AZ,AWP,CE,Federal Contract Tower,9,2,5,0,16,0,2,39,0,41,9,4,44,0,57,11,0,11,68
11/22/2022,FLG,AZ,AWP,CE,Federal Contract Tower,8,10,7,0,25,0,13,63,2,78,8,23,70,2,103,14,0,14,117
11/23/2022,FLG,AZ,AWP,CE,Federal Contract Tower,9,13,2,0,24,0,15,39,0,54,9,28,41,0,78,10,0,10,88
11/24/2022,FLG,AZ,AWP,CE,Federal Contract Tower,4,4,3,0,11,0,0,6,0,6,4,4,9,0,17,0,0,0,17
11/25/2022,FLG,AZ,AWP,CE,Federal Contract Tower,9,11,3,0,23,0,8,25,0,33,9,19,28,0,56,10,0,10,66
11/26/2022,FLG,AZ,AWP,CE,Federal Contract Tower,7,9,5,0,21,0,8,36,0,44,7,17,41,0,65,8,0,8,73
11/27/2022,FLG,AZ,AWP,CE,Federal Contract Tower,8,6,3,0,17,0,7,66,0,73,8,13,69,0,90,14,0,14,104
11/28/2022,FLG,AZ,AWP,CE,Federal Contract Tower,9,4,5,0,18,0,11,18,0,29,9,15,23,0,47,0,0,0,47
11/29/2022,FLG,AZ,AWP,CE,Federal Contract Tower,6,9,3,0,18,0,6,19,2,27,6,15,22,2,45,2,0,2,47
11/30/2022,FLG,AZ,AWP,CE,Federal Contract Tower,8,10,1,0,19,0,13,33,0,46,8,23,34,0,65,6,0,6,71
12/01/2022,FLG,AZ,AWP,CE,Federal Contract Tower,8,10,7,0,25,0,8,16,0,24,8,18,23,0,49,2,0,2,51
12/02/2022,FLG,AZ,AWP,CE,Federal Contract Tower,8,9,4,0,21,0,8,15,0,23,8,17,19,0,44,20,0,20,64
12/03/2022,FLG,AZ,AWP,CE,Federal Contract Tower,7,3,1,0,11,0,4,26,0,30,7,7,27,0,41,4,0,4,45
12/04/2022,FLG,AZ,AWP,CE,Federal Contract Tower,8,7,8,0,23,0,4,2,0,6,8,11,10,0,29,0,0,0,29
12/05/2022,FLG,AZ,AWP,CE,Federal Contract Tower,9,7,4,0,20,0,4,8,0,12,9,11,12,0,32,6,0,6,38
12/06/2022,FLG,AZ,AWP,CE,Federal Contract Tower,8,9,6,1,24,0,2,8,0,10,8,11,14,1,34,0,0,0,34
12/07/2022,FLG,AZ,AWP,CE,Federal Contract Tower,8,11,4,1,24,0,0,0,1,1,8,11,4,2,25,0,0,0,25
12/08/2022,FLG,AZ,AWP,CE,Federal Contract Tower,8,7,4,2,21,0,3,41,5,49,8,10,45,7,70,32,16,48,118
12/09/2022,FLG,AZ,AWP,CE,Federal Contract Tower,9,6,1,0,16,0,8,44,0,52,9,14,45,0,68,8,0,8,76
12/10/2022,FLG,AZ,AWP,CE,Federal Contract Tower,8,5,4,0,17,0,5,53,0,58,8,10,57,0,75,0,0,0,75
12/11/2022,FLG,AZ,AWP,CE,Federal Contract Tower,8,2,3,0,13,0,3,32,0,35,8,5,35,0,48,0,0,0,48
12/12/2022,FLG,AZ,AWP,CE,Federal Contract Tower,7,7,5,2,21,0,8,10,1,19,7,15,15,3,40,10,0,10,50
12/13/2022,FLG,AZ,AWP,CE,Federal Contract Tower,8,11,2,0,21,0,1,3,0,4,8,12,5,0,25,0,0,0,25
12/14/2022,FLG,AZ,AWP,CE,Federal Contract Tower,8,8,4,5,25,0,19,33,0,52,8,27,37,5,77,40,0,40,117
12/15/2022,FLG,AZ,AWP,CE,Federal Contract Tower,7,6,10,0,23,0,3,53,3,59,7,9,63,3,82,20,0,20,102
12/16/2022,FLG,AZ,AWP,CE,Federal Contract Tower,5,12,2,0,19,0,4,72,4,80,5,16,74,4,99,30,0,30,129
12/17/2022,FLG,AZ,AWP,CE,Federal Contract Tower,6,8,4,0,18,0,4,47,0,51,6,12,51,0,69,12,0,12,81
12/18/2022,FLG,AZ,AWP,CE,Federal Contract Tower,5,4,9,0,18,0,3,51,2,56,5,7,60,2,74,0,4,4,78
12/19/2022,FLG,AZ,AWP,CE,Federal Contract Tower,6,8,0,0,14,0,13,16,0,29,6,21,16,0,43,6,0,6,49
12/20/2022,FLG,AZ,AWP,CE,Federal Contract Tower,6,2,2,0,10,0,10,35,2,47,6,12,37,2,57,12,0,12,69
12/21/2022,FLG,AZ,AWP,CE,Federal Contract Tower,4,15,0,0,19,0,9,45,2,56,4,24,45,2,75,6,0,6,81
12/22/2022,FLG,AZ,AWP,CE,Federal Contract Tower,6,5,3,0,14,0,7,52,2,61,6,12,55,2,75,2,0,2,77
12/23/2022,FLG,AZ,AWP,CE,Federal Contract Tower,7,9,3,0,19,0,20,53,0,73,7,29,56,0,92,26,0,26,118
12/24/2022,FLG,AZ,AWP,CE,Federal Contract Tower,6,6,2,0,14,0,3,42,0,45,6,9,44,0,59,8,0,8,67
12/25/2022,FLG,AZ,AWP,CE,Federal Contract Tower,6,0,2,0,8,0,5,8,0,13,6,5,10,0,21,0,0,0,21
12/26/2022,FLG,AZ,AWP,CE,Federal Contract Tower,5,6,1,0,12,0,21,69,0,90,5,27,70,0,102,0,0,0,102
12/27/2022,FLG,AZ,AWP,CE,Federal Contract Tower,6,6,0,0,12,0,9,45,0,54,6,15,45,0,66,8,0,8,74
12/28/2022,FLG,AZ,AWP,CE,Federal Contract Tower,5,14,0,0,19,0,0,0,0,0,5,14,0,0,19,0,0,0,19
12/29/2022,FLG,AZ,AWP,CE,Federal Contract Tower,5,10,3,0,18,0,0,0,0,0,5,10,3,0,18,0,0,0,18
12/30/2022,FLG,AZ,AWP,CE,Federal Contract Tower,5,8,2,0,15,0,1,1,0,2,5,9,3,0,17,0,0,0,17
12/31/2022,FLG,AZ,AWP,CE,Federal Contract Tower,1,4,5,0,10,0,0,0,0,0,1,4,5,0,10,0,0,0,10
01/01/2023,FLG,AZ,AWP,CE,Federal Contract Tower,0,0,0,0,0,0,0,0,0,0,0,0,0,0,0,0,0,0,0
01/02/2023,FLG,AZ,AWP,CE,Federal Contract Tower,5,5,0,0,10,0,1,4,0,5,5,6,4,0,15,0,0,0,15
01/03/2023,FLG,AZ,AWP,CE,Federal Contract Tower,6,10,1,1,18,0,0,0,0,0,6,10,1,1,18,0,0,0,18
01/04/2023,FLG,AZ,AWP,CE,Federal Contract Tower,6,15,0,2,23,0,14,6,1,21,6,29,6,3,44,0,0,0,44
01/06/2023,FLG,AZ,AWP,CE,Federal Contract Tower,5,8,5,1,19,0,7,43,10,60,5,15,48,11,79,0,0,0,79
01/07/2023,FLG,AZ,AWP,CE,Federal Contract Tower,6,5,3,1,15,0,16,60,1,77,6,21,63,2,92,4,0,4,96
01/08/2023,FLG,AZ,AWP,CE,Federal Contract Tower,6,8,3,0,17,0,18,50,5,73,6,26,53,5,90,17,0,17,107
01/09/2023,FLG,AZ,AWP,CE,Federal Contract Tower,6,13,2,4,25,0,17,22,5,44,6,30,24,9,69,6,10,16,85
01/10/2023,FLG,AZ,AWP,CE,Federal Contract Tower,7,10,0,0,17,0,9,25,4,38,7,19,25,4,55,30,0,30,85
01/11/2023,FLG,AZ,AWP,CE,Federal Contract Tower,7,7,1,0,15,0,11,26,2,39,7,18,27,2,54,16,0,16,70
01/12/2023,FLG,AZ,AWP,CE,Federal Contract Tower,7,13,0,0,20,0,8,37,10,55,7,21,37,10,75,34,4,38,113
01/13/2023,FLG,AZ,AWP,CE,Federal Contract Tower,9,15,6,0,30,0,8,54,0,62,9,23,60,0,92,18,0,18,110
01/14/2023,FLG,AZ,AWP,CE,Federal Contract Tower,6,7,1,0,14,0,6,39,1,46,6,13,40,1,60,10,0,10,70
01/15/2023,FLG,AZ,AWP,CE,Federal Contract Tower,5,0,0,0,5,0,0,0,0,0,5,0,0,0,5,0,0,0,5
01/16/2023,FLG,AZ,AWP,CE,Federal Contract Tower,0,0,0,0,0,0,0,0,0,0,0,0,0,0,0,0,0,0,0
01/17/2023,FLG,AZ,AWP,CE,Federal Contract Tower,6,2,1,0,9,0,1,0,0,1,6,3,1,0,10,0,0,0,10
01/18/2023,FLG,AZ,AWP,CE,Federal Contract Tower,6,5,2,6,19,0,7,14,0,21,6,12,16,6,40,0,0,0,40
01/19/2023,FLG,AZ,AWP,CE,Federal Contract Tower,7,8,6,2,23,0,3,17,0,20,7,11,23,2,43,0,0,0,43
01/20/2023,FLG,AZ,AWP,CE,Federal Contract Tower,7,6,4,0,17,0,0,0,0,0,7,6,4,0,17,0,0,0,17
01/21/2023,FLG,AZ,AWP,CE,Federal Contract Tower,7,9,0,0,16,0,18,47,0,65,7,27,47,0,81,6,0,6,87
01/22/2023,FLG,AZ,AWP,CE,Federal Contract Tower,7,7,4,0,18,0,0,41,0,41,7,7,45,0,59,4,0,4,63
01/23/2023,FLG,AZ,AWP,CE,Federal Contract Tower,7,5,1,0,13,0,3,1,0,4,7,8,2,0,17,0,0,0,17
01/24/2023,FLG,AZ,AWP,CE,Federal Contract Tower,6,8,11,0,25,0,20,20,0,40,6,28,31,0,65,38,0,38,103
01/25/2023,FLG,AZ,AWP,CE,Federal Contract Tower,7,7,2,2,18,0,14,33,12,59,7,21,35,14,77,0,0,0,77
01/26/2023,FLG,AZ,AWP,CE,Federal Contract Tower,7,9,8,1,25,0,12,19,5,36,7,21,27,6,61,0,0,0,61
01/27/2023,FLG,AZ,AWP,CE,Federal Contract Tower,5,5,7,0,17,0,13,58,1,72,5,18,65,1,89,20,0,20,109
01/28/2023,FLG,AZ,AWP,CE,Federal Contract Tower,7,8,1,0,16,0,13,28,0,41,7,21,29,0,57,13,0,13,70
01/29/2023,FLG,AZ,AWP,CE,Federal Contract Tower,7,5,3,0,15,0,3,28,1,32,7,8,31,1,47,8,2,10,57
01/30/2023,FLG,AZ,AWP,CE,Federal Contract Tower,7,13,0,0,20,0,0,0,0,0,7,13,0,0,20,0,0,0,20
01/31/2023,FLG,AZ,AWP,CE,Federal Contract Tower,7,6,0,2,15,0,5,1,0,6,7,11,1,2,21,0,0,0,21
02/01/2023,FLG,AZ,AWP,CE,Federal Contract Tower,7,5,3,2,17,0,14,30,11,55,7,19,33,13,72,14,10,24,96
02/02/2023,FLG,AZ,AWP,CE,Federal Contract Tower,7,4,7,2,20,0,8,47,0,55,7,12,54,2,75,22,0,22,97
02/03/2023,FLG,AZ,AWP,CE,Federal Contract Tower,9,6,10,0,25,0,23,55,7,85,9,29,65,7,110,12,0,12,122
02/04/2023,FLG,AZ,AWP,CE,Federal Contract Tower,10,9,5,0,24,0,17,39,3,59,10,26,44,3,83,22,0,22,105
02/05/2023,FLG,AZ,AWP,CE,Federal Contract Tower,9,9,5,2,25,0,8,42,0,50,9,17,47,2,75,16,0,16,91
02/06/2023,FLG,AZ,AWP,CE,Federal Contract Tower,9,4,0,2,15,0,15,28,0,43,9,19,28,2,58,20,0,20,78
02/07/2023,FLG,AZ,AWP,CE,Federal Contract Tower,11,11,3,0,25,0,7,33,0,40,11,18,36,0,65,0,0,0,65
02/09/2023,FLG,AZ,AWP,CE,Federal Contract Tower,8,9,0,2,19,0,3,10,8,21,8,12,10,10,40,2,0,2,42
02/10/2023,FLG,AZ,AWP,CE,Federal Contract Tower,9,10,4,0,23,0,23,36,2,61,9,33,40,2,84,4,0,4,88
02/11/2023,FLG,AZ,AWP,CE,Federal Contract Tower,9,7,1,0,17,0,14,19,0,33,9,21,20,0,50,8,0,8,58
02/12/2023,FLG,AZ,AWP,CE,Federal Contract Tower,9,1,4,0,14,0,8,55,0,63,9,9,59,0,77,0,0,0,77
02/13/2023,FLG,AZ,AWP,CE,Federal Contract Tower,9,7,1,0,17,0,7,3,0,10,9,14,4,0,27,0,0,0,27
02/14/2023,FLG,AZ,AWP,CE,Federal Contract Tower,1,0,0,0,1,0,0,0,0,0,1,0,0,0,1,0,0,0,1
02/15/2023,FLG,AZ,AWP,CE,Federal Contract Tower,9,10,3,0,22,0,9,7,2,18,9,19,10,2,40,0,0,0,40
02/16/2023,FLG,AZ,AWP,CE,Federal Contract Tower,9,7,0,4,20,0,7,17,2,26,9,14,17,6,46,0,0,0,46
02/17/2023,FLG,AZ,AWP,CE,Federal Contract Tower,9,9,1,0,19,0,9,32,0,41,9,18,33,0,60,6,0,6,66
02/18/2023,FLG,AZ,AWP,CE,Federal Contract Tower,9,4,1,0,14,0,15,34,1,50,9,19,35,1,64,20,0,20,84
02/19/2023,FLG,AZ,AWP,CE,Federal Contract Tower,9,4,3,0,16,0,6,20,2,28,9,10,23,2,44,6,0,6,50
02/20/2023,FLG,AZ,AWP,CE,Federal Contract Tower,9,18,6,0,33,0,11,32,2,45,9,29,38,2,78,30,0,30,108
02/21/2023,FLG,AZ,AWP,CE,Federal Contract Tower,9,9,4,0,22,0,4,16,2,22,9,13,20,2,44,12,6,18,62
02/22/2023,FLG,AZ,AWP,CE,Federal Contract Tower,0,0,0,0,0,0,0,0,0,0,0,0,0,0,0,0,0,0,0
02/23/2023,FLG,AZ,AWP,CE,Federal Contract Tower,8,0,0,0,8,0,0,0,0,0,8,0,0,0,8,0,0,0,8
02/24/2023,FLG,AZ,AWP,CE,Federal Contract Tower,9,10,3,2,24,0,27,14,0,41,9,37,17,2,65,0,0,0,65
02/25/2023,FLG,AZ,AWP,CE,Federal Contract Tower,9,8,3,1,21,0,12,36,1,49,9,20,39,2,70,4,2,6,76
02/26/2023,FLG,AZ,AWP,CE,Federal Contract Tower,6,0,0,0,6,0,0,0,0,0,6,0,0,0,6,0,0,0,6
02/27/2023,FLG,AZ,AWP,CE,Federal Contract Tower,7,12,3,2,24,0,20,31,2,53,7,32,34,4,77,0,6,6,83
02/28/2023,FLG,AZ,AWP,CE,Federal Contract Tower,9,6,0,0,15,0,4,3,0,7,9,10,3,0,22,0,0,0,22
03/01/2023,FLG,AZ,AWP,CE,Federal Contract Tower,0,0,0,0,0,0,0,0,0,0,0,0,0,0,0,0,0,0,0
03/02/2023,FLG,AZ,AWP,CE,Federal Contract Tower,2,2,0,0,4,0,7,1,0,8,2,9,1,0,12,0,0,0,12
03/03/2023,FLG,AZ,AWP,CE,Federal Contract Tower,9,9,1,5,24,0,16,51,2,69,9,25,52,7,93,34,0,34,127
03/04/2023,FLG,AZ,AWP,CE,Federal Contract Tower,9,5,1,5,20,0,23,23,1,47,9,28,24,6,67,16,0,16,83
03/05/2023,FLG,AZ,AWP,CE,Federal Contract Tower,10,4,2,0,16,0,4,17,0,21,10,8,19,0,37,0,0,0,37
03/06/2023,FLG,AZ,AWP,CE,Federal Contract Tower,10,5,3,0,18,0,17,26,2,45,10,22,29,2,63,10,0,10,73
03/07/2023,FLG,AZ,AWP,CE,Federal Contract Tower,10,14,2,2,28,0,21,44,2,67,10,35,46,4,95,43,0,43,138
03/08/2023,FLG,AZ,AWP,CE,Federal Contract Tower,10,3,1,0,14,0,14,34,0,48,10,17,35,0,62,30,0,30,92
03/09/2023,FLG,AZ,AWP,CE,Federal Contract Tower,10,8,3,0,21,0,18,43,2,63,10,26,46,2,84,32,0,32,116
03/10/2023,FLG,AZ,AWP,CE,Federal Contract Tower,8,7,7,0,22,0,11,25,0,36,8,18,32,0,58,2,0,2,60
03/11/2023,FLG,AZ,AWP,CE,Federal Contract Tower,9,9,11,0,29,0,3,0,0,3,9,12,11,0,32,10,0,10,42
03/12/2023,FLG,AZ,AWP,CE,Federal Contract Tower,9,4,12,0,25,0,11,46,3,60,9,15,58,3,85,14,0,14,99
03/13/2023,FLG,AZ,AWP,CE,Federal Contract Tower,10,5,2,1,18,0,9,52,0,61,10,14,54,1,79,26,0,26,105
03/14/2023,FLG,AZ,AWP,CE,Federal Contract Tower,8,11,3,3,25,0,16,77,0,93,8,27,80,3,118,42,0,42,160
03/15/2023,FLG,AZ,AWP,CE,Federal Contract Tower,9,10,3,0,22,0,0,0,0,0,9,10,3,0,22,0,0,0,22
03/16/2023,FLG,AZ,AWP,CE,Federal Contract Tower,11,11,1,0,23,0,7,7,0,14,11,18,8,0,37,13,0,13,50
03/17/2023,FLG,AZ,AWP,CE,Federal Contract Tower,9,8,2,0,19,0,17,37,0,54,9,25,39,0,73,52,0,52,125
03/18/2023,FLG,AZ,AWP,CE,Federal Contract Tower,10,8,6,0,24,0,6,46,3,55,10,14,52,3,79,18,0,18,97
03/19/2023,FLG,AZ,AWP,CE,Federal Contract Tower,9,15,4,0,28,0,13,40,3,56,9,28,44,3,84,14,0,14,98
03/20/2023,FLG,AZ,AWP,CE,Federal Contract Tower,5,8,3,0,16,0,2,1,3,6,5,10,4,3,22,0,0,0,22
03/21/2023,FLG,AZ,AWP,CE,Federal Contract Tower,0,2,0,0,2,0,0,0,0,0,0,2,0,0,2,0,0,0,2
03/22/2023,FLG,AZ,AWP,CE,Federal Contract Tower,2,2,0,0,4,0,4,3,0,7,2,6,3,0,11,0,0,0,11
03/23/2023,FLG,AZ,AWP,CE,Federal Contract Tower,11,8,4,2,25,0,5,24,0,29,11,13,28,2,54,6,0,6,60
03/24/2023,FLG,AZ,AWP,CE,Federal Contract Tower,10,13,6,0,29,0,11,13,2,26,10,24,19,2,55,2,0,2,57
03/25/2023,FLG,AZ,AWP,CE,Federal Contract Tower,9,4,5,0,18,0,6,36,0,42,9,10,41,0,60,4,0,4,64
03/26/2023,FLG,AZ,AWP,CE,Federal Contract Tower,9,8,11,0,28,0,9,64,0,73,9,17,75,0,101,14,0,14,115
03/27/2023,FLG,AZ,AWP,CE,Federal Contract Tower,9,5,3,2,19,0,24,33,2,59,9,29,36,4,78,32,0,32,110
03/28/2023,FLG,AZ,AWP,CE,Federal Contract Tower,9,4,3,2,18,0,20,53,5,78,9,24,56,7,96,50,0,50,146
03/29/2023,FLG,AZ,AWP,CE,Federal Contract Tower,9,8,0,0,17,0,26,24,4,54,9,34,24,4,71,16,0,16,87
03/30/2023,FLG,AZ,AWP,CE,Federal Contract Tower,11,5,0,0,16,0,4,2,0,6,11,9,2,0,22,2,0,2,24
03/31/2023,FLG,AZ,AWP,CE,Federal Contract Tower,10,13,2,0,25,0,34,54,2,90,10,47,56,2,115,37,0,37,152
04/01/2023,FLG,AZ,AWP,CE,Federal Contract Tower,11,7,1,0,19,0,14,73,20,107,11,21,74,20,126,34,0,34,160
04/02/2023,FLG,AZ,AWP,CE,Federal Contract Tower,11,9,1,0,21,0,17,31,0,48,11,26,32,0,69,24,0,24,93
04/03/2023,FLG,AZ,AWP,CE,Federal Contract Tower,7,9,2,1,19,0,4,11,1,16,7,13,13,2,35,0,0,0,35
04/04/2023,FLG,AZ,AWP,CE,Federal Contract Tower,9,10,1,1,21,0,8,9,0,17,9,18,10,1,38,2,0,2,40
04/05/2023,FLG,AZ,AWP,CE,Federal Contract Tower,10,4,1,2,17,0,23,52,12,87,10,27,53,14,104,58,0,58,162
04/06/2023,FLG,AZ,AWP,CE,Federal Contract Tower,10,11,2,0,23,0,32,44,0,76,10,43,46,0,99,34,0,34,133
04/07/2023,FLG,AZ,AWP,CE,Federal Contract Tower,10,5,3,0,18,0,17,53,4,74,10,22,56,4,92,26,0,26,118
04/08/2023,FLG,AZ,AWP,CE,Federal Contract Tower,10,11,2,0,23,0,12,67,2,81,10,23,69,2,104,16,0,16,120
04/09/2023,FLG,AZ,AWP,CE,Federal Contract Tower,10,5,1,0,16,0,11,56,26,93,10,16,57,26,109,12,0,12,121
04/10/2023,FLG,AZ,AWP,CE,Federal Contract Tower,11,13,1,2,27,0,19,45,5,69,11,32,46,7,96,36,0,36,132
04/11/2023,FLG,AZ,AWP,CE,Federal Contract Tower,8,8,1,0,17,0,27,48,5,80,8,35,49,5,97,0,0,0,97
04/12/2023,FLG,AZ,AWP,CE,Federal Contract Tower,10,3,4,2,19,0,14,42,2,58,10,17,46,4,77,6,0,6,83
04/13/2023,FLG,AZ,AWP,CE,Federal Contract Tower,10,4,4,0,18,0,25,21,2,48,10,29,25,2,66,8,0,8,74
04/14/2023,FLG,AZ,AWP,CE,Federal Contract Tower,10,6,7,0,23,2,18,26,0,46,12,24,33,0,69,10,0,10,79
04/15/2023,FLG,AZ,AWP,CE,Federal Contract Tower,10,12,3,0,25,0,22,63,0,85,10,34,66,0,110,24,0,24,134
04/16/2023,FLG,AZ,AWP,CE,Federal Contract Tower,10,13,4,1,28,0,19,54,0,73,10,32,58,1,101,66,0,66,167
04/17/2023,FLG,AZ,AWP,CE,Federal Contract Tower,10,3,4,4,21,0,15,26,1,42,10,18,30,5,63,14,0,14,77
04/18/2023,FLG,AZ,AWP,CE,Federal Contract Tower,8,9,2,2,21,0,13,11,0,24,8,22,13,2,45,0,0,0,45
04/19/2023,FLG,AZ,AWP,CE,Federal Contract Tower,10,10,0,2,22,1,22,17,0,40,11,32,17,2,62,0,0,0,62
04/20/2023,FLG,AZ,AWP,CE,Federal Contract Tower,10,10,4,0,24,0,28,49,3,80,10,38,53,3,104,19,0,19,123
04/21/2023,FLG,AZ,AWP,CE,Federal Contract Tower,10,11,7,0,28,0,28,46,7,81,10,39,53,7,109,20,0,20,129
04/22/2023,FLG,AZ,AWP,CE,Federal Contract Tower,9,8,1,0,18,0,10,47,0,57,9,18,48,0,75,38,0,38,113
04/23/2023,FLG,AZ,AWP,CE,Federal Contract Tower,11,2,1,2,16,0,8,57,0,65,11,10,58,2,81,4,0,4,85
04/24/2023,FLG,AZ,AWP,CE,Federal Contract Tower,9,8,5,0,22,0,9,36,2,47,9,17,41,2,69,2,2,4,73
04/25/2023,FLG,AZ,AWP,CE,Federal Contract Tower,8,5,3,4,20,0,16,28,0,44,8,21,31,4,64,18,0,18,82
04/26/2023,FLG,AZ,AWP,CE,Federal Contract Tower,8,11,1,2,22,0,19,51,2,72,8,30,52,4,94,23,0,23,117
04/27/2023,FLG,AZ,AWP,CE,Federal Contract Tower,10,8,10,0,28,0,23,54,1,78,10,31,64,1,106,52,0,52,158
04/28/2023,FLG,AZ,AWP,CE,Federal Contract Tower,10,10,4,0,24,0,19,31,0,50,10,29,35,0,74,10,0,10,84
04/29/2023,FLG,AZ,AWP,CE,Federal Contract Tower,8,8,3,0,19,0,25,81,0,106,8,33,84,0,125,21,0,21,146
04/30/2023,FLG,AZ,AWP,CE,Federal Contract Tower,10,9,6,0,25,0,6,42,3,51,10,15,48,3,76,26,0,26,102
05/01/2023,FLG,AZ,AWP,CE,Federal Contract Tower,10,5,2,0,17,0,11,24,2,37,10,16,26,2,54,8,0,8,62
05/02/2023,FLG,AZ,AWP,CE,Federal Contract Tower,8,10,2,1,21,0,14,52,0,66,8,24,54,1,87,24,0,24,111
05/03/2023,FLG,AZ,AWP,CE,Federal Contract Tower,10,11,1,0,22,0,30,20,0,50,10,41,21,0,72,36,0,36,108
05/04/2023,FLG,AZ,AWP,CE,Federal Contract Tower,12,10,6,0,28,0,13,25,0,38,12,23,31,0,66,4,0,4,70
05/05/2023,FLG,AZ,AWP,CE,Federal Contract Tower,10,20,4,5,39,0,17,32,0,49,10,37,36,5,88,28,0,28,116
05/06/2023,FLG,AZ,AWP,CE,Federal Contract Tower,10,19,1,4,34,0,29,41,0,70,10,48,42,4,104,14,0,14,118
05/07/2023,FLG,AZ,AWP,CE,Federal Contract Tower,9,19,3,2,33,0,6,74,0,80,9,25,77,2,113,14,0,14,127
05/08/2023,FLG,AZ,AWP,CE,Federal Contract Tower,10,9,4,2,25,0,35,42,0,77,10,44,46,2,102,38,0,38,140
05/09/2023,FLG,AZ,AWP,CE,Federal Contract Tower,8,7,0,2,17,0,31,66,2,99,8,38,66,4,116,36,0,36,152
05/10/2023,FLG,AZ,AWP,CE,Federal Contract Tower,10,5,5,2,22,0,23,25,0,48,10,28,30,2,70,18,0,18,88
05/11/2023,FLG,AZ,AWP,CE,Federal Contract Tower,10,12,2,1,25,0,23,31,1,55,10,35,33,2,80,32,0,32,112
05/12/2023,FLG,AZ,AWP,CE,Federal Contract Tower,10,9,5,1,25,0,19,75,3,97,10,28,80,4,122,6,0,6,128
05/13/2023,FLG,AZ,AWP,CE,Federal Contract Tower,11,15,7,0,33,0,6,39,0,45,11,21,46,0,78,8,0,8,86
05/14/2023,FLG,AZ,AWP,CE,Federal Contract Tower,11,9,4,2,26,0,13,41,2,56,11,22,45,4,82,16,4,20,102
05/15/2023,FLG,AZ,AWP,CE,Federal Contract Tower,10,6,4,0,20,0,14,20,0,34,10,20,24,0,54,10,0,10,64
05/16/2023,FLG,AZ,AWP,CE,Federal Contract Tower,8,10,3,0,21,0,25,27,1,53,8,35,30,1,74,26,0,26,100
05/17/2023,FLG,AZ,AWP,CE,Federal Contract Tower,9,4,0,0,13,0,8,34,0,42,9,12,34,0,55,24,0,24,79
05/18/2023,FLG,AZ,AWP,CE,Federal Contract Tower,10,15,1,1,27,0,6,33,1,40,10,21,34,2,67,38,0,38,105
05/19/2023,FLG,AZ,AWP,CE,Federal Contract Tower,11,15,2,0,28,0,14,21,0,35,11,29,23,0,63,24,0,24,87
05/20/2023,FLG,AZ,AWP,CE,Federal Contract Tower,9,13,5,0,27,0,17,59,0,76,9,30,64,0,103,10,0,10,113
05/21/2023,FLG,AZ,AWP,CE,Federal Contract Tower,10,9,3,0,22,0,27,37,1,65,10,36,40,1,87,14,0,14,101
05/22/2023,FLG,AZ,AWP,CE,Federal Contract Tower,10,10,3,0,23,0,37,26,1,64,10,47,29,1,87,28,0,28,115
05/23/2023,FLG,AZ,AWP,CE,Federal Contract Tower,8,14,4,1,27,0,37,55,2,94,8,51,59,3,121,10,0,10,131
05/24/2023,FLG,AZ,AWP,CE,Federal Contract Tower,10,7,2,2,21,0,29,64,9,102,10,36,66,11,123,40,8,48,171
05/25/2023,FLG,AZ,AWP,CE,Federal Contract Tower,10,16,4,1,31,0,21,83,2,106,10,37,87,3,137,17,0,17,154
05/26/2023,FLG,AZ,AWP,CE,Federal Contract Tower,10,9,10,0,29,0,28,47,0,75,10,37,57,0,104,20,0,20,124
05/27/2023,FLG,AZ,AWP,CE,Federal Contract Tower,6,13,4,0,23,0,25,61,1,87,6,38,65,1,110,2,0,2,112
05/28/2023,FLG,AZ,AWP,CE,Federal Contract Tower,10,10,3,0,23,0,23,37,1,61,10,33,40,1,84,32,0,32,116
05/29/2023,FLG,AZ,AWP,CE,Federal Contract Tower,11,12,6,0,29,0,28,38,2,68,11,40,44,2,97,12,0,12,109
05/30/2023,FLG,AZ,AWP,CE,Federal Contract Tower,8,13,4,0,25,0,37,42,0,79,8,50,46,0,104,12,0,12,116
05/31/2023,FLG,AZ,AWP,CE,Federal Contract Tower,10,13,1,4,28,0,20,33,1,54,10,33,34,5,82,10,0,10,92
06/01/2023,FLG,AZ,AWP,CE,Federal Contract Tower,7,8,7,0,22,0,19,40,6,65,7,27,47,6,87,29,0,29,116
06/02/2023,FLG,AZ,AWP,CE,Federal Contract Tower,7,14,2,0,23,0,21,45,14,80,7,35,47,14,103,4,0,4,107
06/03/2023,FLG,AZ,AWP,CE,Federal Contract Tower,4,11,6,0,21,0,16,51,3,70,4,27,57,3,91,14,0,14,105
06/04/2023,FLG,AZ,AWP,CE,Federal Contract Tower,7,8,9,1,25,0,18,40,3,61,7,26,49,4,86,2,0,2,88
06/05/2023,FLG,AZ,AWP,CE,Federal Contract Tower,8,16,6,5,35,0,27,36,16,79,8,43,42,21,114,28,0,28,142
06/06/2023,FLG,AZ,AWP,CE,Federal Contract Tower,5,13,1,4,23,0,35,44,4,83,5,48,45,8,106,18,0,18,124
06/07/2023,FLG,AZ,AWP,CE,Federal Contract Tower,8,16,6,4,34,0,28,49,4,81,8,44,55,8,115,6,0,6,121
06/08/2023,FLG,AZ,AWP,CE,Federal Contract Tower,11,21,5,0,37,0,41,67,0,108,11,62,72,0,145,6,0,6,151
06/09/2023,FLG,AZ,AWP,CE,Federal Contract Tower,7,23,7,1,38,0,21,54,9,84,7,44,61,10,122,6,0,6,128
06/10/2023,FLG,AZ,AWP,CE,Federal Contract Tower,5,11,9,1,26,0,23,46,1,70,5,34,55,2,96,47,0,47,143
06/11/2023,FLG,AZ,AWP,CE,Federal Contract Tower,6,7,9,0,22,0,24,28,0,52,6,31,37,0,74,8,0,8,82
06/12/2023,FLG,AZ,AWP,CE,Federal Contract Tower,7,6,7,2,22,0,24,28,8,60,7,30,35,10,82,10,0,10,92
06/13/2023,FLG,AZ,AWP,CE,Federal Contract Tower,4,9,9,1,23,1,16,55,3,75,5,25,64,4,98,48,0,48,146
06/14/2023,FLG,AZ,AWP,CE,Federal Contract Tower,8,14,3,1,26,0,23,32,4,59,8,37,35,5,85,6,0,6,91
06/15/2023,FLG,AZ,AWP,CE,Federal Contract Tower,6,18,7,3,34,0,18,48,0,66,6,36,55,3,100,64,0,64,164
06/16/2023,FLG,AZ,AWP,CE,Federal Contract Tower,7,16,2,0,25,0,32,46,0,78,7,48,48,0,103,60,0,60,163
06/17/2023,FLG,AZ,AWP,CE,Federal Contract Tower,6,4,5,0,15,0,22,52,0,74,6,26,57,0,89,0,0,0,89
06/18/2023,FLG,AZ,AWP,CE,Federal Contract Tower,8,11,4,0,23,0,11,32,0,43,8,22,36,0,66,6,0,6,72
06/19/2023,FLG,AZ,AWP,CE,Federal Contract Tower,8,10,5,0,23,0,11,17,0,28,8,21,22,0,51,0,0,0,51
06/20/2023,FLG,AZ,AWP,CE,Federal Contract Tower,5,8,5,0,18,0,22,49,0,71,5,30,54,0,89,8,0,8,97
06/21/2023,FLG,AZ,AWP,CE,Federal Contract Tower,7,15,2,0,24,0,18,51,5,74,7,33,53,5,98,22,0,22,120
06/22/2023,FLG,AZ,AWP,CE,Federal Contract Tower,8,23,2,0,33,0,43,49,4,96,8,66,51,4,129,0,0,0,129
06/23/2023,FLG,AZ,AWP,CE,Federal Contract Tower,7,13,2,0,22,0,20,44,4,68,7,33,46,4,90,0,0,0,90
06/24/2023,FLG,AZ,AWP,CE,Federal Contract Tower,5,8,3,0,16,0,17,51,0,68,5,25,54,0,84,74,0,74,158
06/25/2023,FLG,AZ,AWP,CE,Federal Contract Tower,7,13,5,2,27,0,16,39,2,57,7,29,44,4,84,2,0,2,86
06/26/2023,FLG,AZ,AWP,CE,Federal Contract Tower,7,20,5,0,32,0,13,26,0,39,7,33,31,0,71,12,0,12,83
06/27/2023,FLG,AZ,AWP,CE,Federal Contract Tower,5,16,1,0,22,0,21,23,0,44,5,37,24,0,66,18,0,18,84
06/28/2023,FLG,AZ,AWP,CE,Federal Contract Tower,8,11,4,0,23,0,18,35,3,56,8,29,39,3,79,0,0,0,79
06/29/2023,FLG,AZ,AWP,CE,Federal Contract Tower,6,16,3,0,25,0,30,57,5,92,6,46,60,5,117,14,0,14,131
06/30/2023,FLG,AZ,AWP,CE,Federal Contract Tower,7,13,7,2,29,0,34,62,4,100,7,47,69,6,129,31,0,31,160
07/01/2023,FLG,AZ,AWP,CE,Federal Contract Tower,4,15,5,0,24,0,15,43,0,58,4,30,48,0,82,0,0,0,82
07/02/2023,FLG,AZ,AWP,CE,Federal Contract Tower,7,3,3,0,13,0,19,37,0,56,7,22,40,0,69,10,0,10,79
07/03/2023,FLG,AZ,AWP,CE,Federal Contract Tower,6,5,2,0,13,0,5,43,0,48,6,10,45,0,61,18,0,18,79
07/04/2023,FLG,AZ,AWP,CE,Federal Contract Tower,3,10,2,0,15,0,15,32,0,47,3,25,34,0,62,4,0,4,66
07/05/2023,FLG,AZ,AWP,CE,Federal Contract Tower,7,18,0,0,25,0,23,34,4,61,7,41,34,4,86,16,2,18,104
07/06/2023,FLG,AZ,AWP,CE,Federal Contract Tower,7,18,0,3,28,0,23,32,0,55,7,41,32,3,83,26,0,26,109
07/07/2023,FLG,AZ,AWP,CE,Federal Contract Tower,5,7,10,2,24,0,32,43,0,75,5,39,53,2,99,24,0,24,123
07/08/2023,FLG,AZ,AWP,CE,Federal Contract Tower,6,14,4,0,24,0,12,56,1,69,6,26,60,1,93,6,0,6,99
07/09/2023,FLG,AZ,AWP,CE,Federal Contract Tower,0,9,12,0,21,0,8,51,0,59,0,17,63,0,80,8,0,8,88
07/10/2023,FLG,AZ,AWP,CE,Federal Contract Tower,0,0,0,0,0,0,23,3,2,28,0,23,3,2,28,0,0,0,28
07/11/2023,FLG,AZ,AWP,CE,Federal Contract Tower,0,0,0,0,0,0,25,1,0,26,0,25,1,0,26,0,0,0,26
07/12/2023,FLG,AZ,AWP,CE,Federal Contract Tower,0,0,0,0,0,0,25,0,0,25,0,25,0,0,25,0,0,0,25
07/13/2023,FLG,AZ,AWP,CE,Federal Contract Tower,0,0,0,0,0,0,18,0,0,18,0,18,0,0,18,0,0,0,18
07/14/2023,FLG,AZ,AWP,CE,Federal Contract Tower,0,0,0,0,0,0,7,0,0,7,0,7,0,0,7,0,0,0,7
07/15/2023,FLG,AZ,AWP,CE,Federal Contract Tower,0,0,0,0,0,0,24,0,0,24,0,24,0,0,24,0,0,0,24
07/16/2023,FLG,AZ,AWP,CE,Federal Contract Tower,4,10,6,0,20,0,9,31,0,40,4,19,37,0,60,14,0,14,74
07/17/2023,FLG,AZ,AWP,CE,Federal Contract Tower,8,15,12,0,35,0,27,43,3,73,8,42,55,3,108,30,0,30,138
07/18/2023,FLG,AZ,AWP,CE,Federal Contract Tower,6,27,2,4,39,0,21,49,4,74,6,48,51,8,113,28,0,28,141
07/19/2023,FLG,AZ,AWP,CE,Federal Contract Tower,6,11,4,2,23,0,18,49,2,69,6,29,53,4,92,36,0,36,128
07/20/2023,FLG,AZ,AWP,CE,Federal Contract Tower,9,19,1,0,29,0,36,33,4,73,9,55,34,4,102,30,0,30,132
07/21/2023,FLG,AZ,AWP,CE,Federal Contract Tower,7,12,2,0,21,0,25,24,4,53,7,37,26,4,74,8,0,8,82
07/22/2023,FLG,AZ,AWP,CE,Federal Contract Tower,8,6,0,0,14,0,24,31,0,55,8,30,31,0,69,2,0,2,71
07/23/2023,FLG,AZ,AWP,CE,Federal Contract Tower,7,14,0,0,21,0,12,17,0,29,7,26,17,0,50,0,0,0,50
07/24/2023,FLG,AZ,AWP,CE,Federal Contract Tower,7,13,2,0,22,0,8,24,0,32,7,21,26,0,54,36,0,36,90
07/25/2023,FLG,AZ,AWP,CE,Federal Contract Tower,4,22,2,0,28,0,34,19,1,54,4,56,21,1,82,23,0,23,105
07/26/2023,FLG,AZ,AWP,CE,Federal Contract Tower,6,11,2,2,21,0,21,26,1,48,6,32,28,3,69,42,0,42,111
07/27/2023,FLG,AZ,AWP,CE,Federal Contract Tower,7,16,8,0,31,0,15,43,1,59,7,31,51,1,90,16,0,16,106
07/28/2023,FLG,AZ,AWP,CE,Federal Contract Tower,7,14,6,0,27,0,31,30,0,61,7,45,36,0,88,2,0,2,90
07/29/2023,FLG,AZ,AWP,CE,Federal Contract Tower,7,8,7,0,22,0,11,37,2,50,7,19,44,2,72,4,0,4,76
07/30/2023,FLG,AZ,AWP,CE,Federal Contract Tower,7,10,5,0,22,0,10,28,0,38,7,20,33,0,60,16,0,16,76
07/31/2023,FLG,AZ,AWP,CE,Federal Contract Tower,7,8,1,0,16,0,9,24,0,33,7,17,25,0,49,12,0,12,61
08/01/2023,FLG,AZ,AWP,CE,Federal Contract Tower,3,9,3,0,15,0,9,22,0,31,3,18,25,0,46,18,0,18,64
08/02/2023,FLG,AZ,AWP,CE,Federal Contract Tower,1,7,1,0,9,0,8,12,0,20,1,15,13,0,29,0,0,0,29
08/03/2023,FLG,AZ,AWP,CE,Federal Contract Tower,6,13,1,3,23,0,30,41,4,75,6,43,42,7,98,18,0,18,116
08/04/2023,FLG,AZ,AWP,CE,Federal Contract Tower,7,13,1,1,22,0,43,45,1,89,7,56,46,2,111,26,0,26,137
08/05/2023,FLG,AZ,AWP,CE,Federal Contract Tower,4,9,2,0,15,0,27,22,0,49,4,36,24,0,64,0,0,0,64
08/06/2023,FLG,AZ,AWP,CE,Federal Contract Tower,3,10,4,0,17,0,15,34,0,49,3,25,38,0,66,8,0,8,74
08/07/2023,FLG,AZ,AWP,CE,Federal Contract Tower,7,13,1,0,21,0,31,21,1,53,7,44,22,1,74,18,0,18,92
08/08/2023,FLG,AZ,AWP,CE,Federal Contract Tower,7,21,2,1,31,0,18,23,3,44,7,39,25,4,75,12,0,12,87
08/09/2023,FLG,AZ,AWP,CE,Federal Contract Tower,7,8,2,4,21,0,26,23,2,51,7,34,25,6,72,18,0,18,90
08/10/2023,FLG,AZ,AWP,CE,Federal Contract Tower,7,9,6,0,22,0,23,53,1,77,7,32,59,1,99,28,0,28,127
08/11/2023,FLG,AZ,AWP,CE,Federal Contract Tower,6,13,4,0,23,0,35,62,3,100,6,48,66,3,123,59,0,59,182
08/12/2023,FLG,AZ,AWP,CE,Federal Contract Tower,4,10,1,0,15,0,3,22,0,25,4,13,23,0,40,14,0,14,54
08/13/2023,FLG,AZ,AWP,CE,Federal Contract Tower,4,17,1,0,22,0,6,28,0,34,4,23,29,0,56,6,0,6,62
08/14/2023,FLG,AZ,AWP,CE,Federal Contract Tower,7,12,2,1,22,0,15,28,3,46,7,27,30,4,68,28,0,28,96
08/15/2023,FLG,AZ,AWP,CE,Federal Contract Tower,7,15,1,6,29,0,19,31,2,52,7,34,32,8,81,68,0,68,149
08/16/2023,FLG,AZ,AWP,CE,Federal Contract Tower,7,7,1,0,15,0,26,35,12,73,7,33,36,12,88,24,0,24,112
08/17/2023,FLG,AZ,AWP,CE,Federal Contract Tower,7,16,2,0,25,0,20,35,0,55,7,36,37,0,80,4,0,4,84
08/18/2023,FLG,AZ,AWP,CE,Federal Contract Tower,6,20,0,0,26,0,24,39,7,70,6,44,39,7,96,6,0,6,102
08/19/2023,FLG,AZ,AWP,CE,Federal Contract Tower,2,9,4,1,16,0,3,16,3,22,2,12,20,4,38,4,0,4,42
08/20/2023,FLG,AZ,AWP,CE,Federal Contract Tower,3,17,1,0,21,0,2,17,1,20,3,19,18,1,41,30,0,30,71
08/21/2023,FLG,AZ,AWP,CE,Federal Contract Tower,5,10,4,0,19,0,10,9,1,20,5,20,13,1,39,20,0,20,59
08/22/2023,FLG,AZ,AWP,CE,Federal Contract Tower,6,8,0,0,14,0,26,33,6,65,6,34,33,6,79,24,0,24,103
08/23/2023,FLG,AZ,AWP,CE,Federal Contract Tower,7,16,4,0,27,0,16,40,2,58,7,32,44,2,85,10,0,10,95
08/24/2023,FLG,AZ,AWP,CE,Federal Contract Tower,2,9,4,0,15,0,1,3,0,4,2,10,7,0,19,4,0,4,23
08/25/2023,FLG,AZ,AWP,CE,Federal Contract Tower,6,12,1,3,22,0,16,83,7,106,6,28,84,10,128,46,8,54,182
08/26/2023,FLG,AZ,AWP,CE,Federal Contract Tower,5,8,0,1,14,0,32,216,3,251,5,40,216,4,265,14,0,14,279
08/27/2023,FLG,AZ,AWP,CE,Federal Contract Tower,2,3,1,0,6,0,3,42,3,48,2,6,43,3,54,36,0,36,90
08/28/2023,FLG,AZ,AWP,CE,Federal Contract Tower,7,22,0,3,32,0,23,38,18,79,7,45,38,21,111,36,6,42,153
08/29/2023,FLG,AZ,AWP,CE,Federal Contract Tower,6,3,5,0,14,0,28,66,5,99,6,31,71,5,113,28,0,28,141
08/30/2023,FLG,AZ,AWP,CE,Federal Contract Tower,6,16,4,2,28,0,32,40,2,74,6,48,44,4,102,28,0,28,130
08/31/2023,FLG,AZ,AWP,CE,Federal Contract Tower,2,10,3,0,15,0,16,32,0,48,2,26,35,0,63,40,0,40,103
