01/01/2000,FMN,NM,ASW,WE,Federal Contract Tower,0,16,5,0,21,0,0,1,0,1,0,16,6,0,22,0,0,0,22
01/02/2000,FMN,NM,ASW,WE,Federal Contract Tower,0,27,8,0,35,0,0,0,0,0,0,27,8,0,35,6,0,6,41
01/03/2000,FMN,NM,ASW,WE,Federal Contract Tower,0,37,11,0,48,0,0,45,0,45,0,37,56,0,93,48,0,48,141
01/04/2000,FMN,NM,ASW,WE,Federal Contract Tower,0,32,10,0,42,0,4,75,0,79,0,36,85,0,121,193,0,193,314
01/05/2000,FMN,NM,ASW,WE,Federal Contract Tower,0,35,12,0,47,0,0,53,2,55,0,35,65,2,102,202,0,202,304
01/06/2000,FMN,NM,ASW,WE,Federal Contract Tower,0,31,9,0,40,0,5,51,0,56,0,36,60,0,96,218,0,218,314
01/07/2000,FMN,NM,ASW,WE,Federal Contract Tower,0,32,9,0,41,0,6,40,0,46,0,38,49,0,87,245,0,245,332
01/08/2000,FMN,NM,ASW,WE,Federal Contract Tower,0,32,10,0,42,0,0,44,0,44,0,32,54,0,86,180,0,180,266
01/09/2000,FMN,NM,ASW,WE,Federal Contract Tower,0,26,8,0,34,0,0,42,0,42,0,26,50,0,76,208,0,208,284
01/10/2000,FMN,NM,ASW,WE,Federal Contract Tower,0,32,11,0,43,0,0,73,0,73,0,32,84,0,116,224,0,224,340
01/11/2000,FMN,NM,ASW,WE,Federal Contract Tower,0,33,9,0,42,0,1,60,0,61,0,34,69,0,103,187,0,187,290
01/12/2000,FMN,NM,ASW,WE,Federal Contract Tower,0,35,10,0,45,0,0,65,0,65,0,35,75,0,110,190,0,190,300
01/13/2000,FMN,NM,ASW,WE,Federal Contract Tower,0,32,9,0,41,0,0,51,0,51,0,32,60,0,92,199,0,199,291
01/14/2000,FMN,NM,ASW,WE,Federal Contract Tower,0,29,8,0,37,0,7,40,0,47,0,36,48,0,84,212,0,212,296
01/15/2000,FMN,NM,ASW,WE,Federal Contract Tower,0,21,5,0,26,0,6,51,0,57,0,27,56,0,83,256,0,256,339
01/16/2000,FMN,NM,ASW,WE,Federal Contract Tower,0,27,7,0,34,0,2,17,0,19,0,29,24,0,53,160,0,160,213
01/17/2000,FMN,NM,ASW,WE,Federal Contract Tower,0,34,9,0,43,0,2,40,0,42,0,36,49,0,85,196,0,196,281
01/18/2000,FMN,NM,ASW,WE,Federal Contract Tower,0,36,11,0,47,0,0,57,0,57,0,36,68,0,104,220,0,220,324
01/19/2000,FMN,NM,ASW,WE,Federal Contract Tower,0,36,9,0,45,0,0,78,0,78,0,36,87,0,123,202,0,202,325
01/20/2000,FMN,NM,ASW,WE,Federal Contract Tower,0,33,8,0,41,0,3,42,2,47,0,36,50,2,88,251,0,251,339
01/21/2000,FMN,NM,ASW,WE,Federal Contract Tower,0,36,10,0,46,0,1,46,3,50,0,37,56,3,96,278,2,280,376
01/22/2000,FMN,NM,ASW,WE,Federal Contract Tower,0,25,6,0,31,0,5,63,0,68,0,30,69,0,99,199,0,199,298
01/23/2000,FMN,NM,ASW,WE,Federal Contract Tower,0,26,7,0,33,0,0,41,0,41,0,26,48,0,74,189,0,189,263
01/24/2000,FMN,NM,ASW,WE,Federal Contract Tower,0,32,9,0,41,0,0,38,0,38,0,32,47,0,79,219,0,219,298
01/25/2000,FMN,NM,ASW,WE,Federal Contract Tower,0,42,13,0,55,0,0,24,0,24,0,42,37,0,79,135,0,135,214
01/26/2000,FMN,NM,ASW,WE,Federal Contract Tower,0,42,13,0,55,0,0,31,0,31,0,42,44,0,86,109,0,109,195
01/27/2000,FMN,NM,ASW,WE,Federal Contract Tower,0,33,8,0,41,0,6,54,0,60,0,39,62,0,101,180,0,180,281
01/28/2000,FMN,NM,ASW,WE,Federal Contract Tower,0,32,8,0,40,0,3,73,0,76,0,35,81,0,116,183,0,183,299
01/29/2000,FMN,NM,ASW,WE,Federal Contract Tower,0,27,7,0,34,0,3,132,0,135,0,30,139,0,169,285,0,285,454
01/30/2000,FMN,NM,ASW,WE,Federal Contract Tower,0,31,8,0,39,0,0,59,0,59,0,31,67,0,98,235,0,235,333
01/31/2000,FMN,NM,ASW,WE,Federal Contract Tower,0,36,10,0,46,0,0,0,0,0,0,36,10,0,46,44,0,44,90
02/01/2000,FMN,NM,ASW,WE,Federal Contract Tower,0,37,14,0,51,0,0,40,0,40,0,37,54,0,91,266,0,266,357
02/02/2000,FMN,NM,ASW,WE,Federal Contract Tower,0,37,13,0,50,0,0,69,0,69,0,37,82,0,119,282,0,282,401
02/03/2000,FMN,NM,ASW,WE,Federal Contract Tower,0,32,12,0,44,0,9,65,0,74,0,41,77,0,118,315,0,315,433
02/04/2000,FMN,NM,ASW,WE,Federal Contract Tower,0,31,12,0,43,0,5,62,0,67,0,36,74,0,110,274,0,274,384
02/05/2000,FMN,NM,ASW,WE,Federal Contract Tower,0,24,9,0,33,0,5,43,0,48,0,29,52,0,81,266,0,266,347
02/06/2000,FMN,NM,ASW,WE,Federal Contract Tower,0,28,10,0,38,0,3,31,0,34,0,31,41,0,72,267,0,267,339
02/07/2000,FMN,NM,ASW,WE,Federal Contract Tower,0,34,12,0,46,0,9,28,0,37,0,43,40,0,83,366,0,366,449
02/08/2000,FMN,NM,ASW,WE,Federal Contract Tower,0,30,11,0,41,0,7,57,2,66,0,37,68,2,107,303,0,303,410
02/09/2000,FMN,NM,ASW,WE,Federal Contract Tower,0,33,12,0,45,0,0,81,0,81,0,33,93,0,126,394,0,394,520
02/10/2000,FMN,NM,ASW,WE,Federal Contract Tower,0,42,15,0,57,0,0,42,0,42,0,42,57,0,99,316,0,316,415
02/11/2000,FMN,NM,ASW,WE,Federal Contract Tower,0,41,18,0,59,0,0,84,0,84,0,41,102,0,143,391,0,391,534
02/12/2000,FMN,NM,ASW,WE,Federal Contract Tower,0,28,10,0,38,0,3,33,0,36,0,31,43,0,74,262,0,262,336
02/13/2000,FMN,NM,ASW,WE,Federal Contract Tower,0,30,11,0,41,0,3,43,0,46,0,33,54,0,87,294,0,294,381
02/14/2000,FMN,NM,ASW,WE,Federal Contract Tower,0,35,13,0,48,0,4,42,0,46,0,39,55,0,94,379,0,379,473
02/15/2000,FMN,NM,ASW,WE,Federal Contract Tower,0,36,13,0,49,0,0,50,0,50,0,36,63,0,99,397,0,397,496
02/16/2000,FMN,NM,ASW,WE,Federal Contract Tower,0,36,13,0,49,0,0,68,0,68,0,36,81,0,117,475,0,475,592
02/17/2000,FMN,NM,ASW,WE,Federal Contract Tower,0,37,14,0,51,0,0,30,0,30,0,37,44,0,81,81,0,81,162
02/18/2000,FMN,NM,ASW,WE,Federal Contract Tower,0,43,15,0,58,0,0,62,0,62,0,43,77,0,120,349,0,349,469
02/19/2000,FMN,NM,ASW,WE,Federal Contract Tower,0,30,10,0,40,0,0,66,0,66,0,30,76,0,106,376,0,376,482
02/20/2000,FMN,NM,ASW,WE,Federal Contract Tower,0,28,9,0,37,0,2,30,0,32,0,30,39,0,69,287,0,287,356
02/21/2000,FMN,NM,ASW,WE,Federal Contract Tower,0,38,12,0,50,0,0,34,0,34,0,38,46,0,84,338,0,338,422
02/22/2000,FMN,NM,ASW,WE,Federal Contract Tower,0,37,14,0,51,0,0,40,0,40,0,37,54,0,91,153,0,153,244
02/23/2000,FMN,NM,ASW,WE,Federal Contract Tower,0,35,12,0,47,0,0,71,0,71,0,35,83,0,118,444,0,444,562
02/24/2000,FMN,NM,ASW,WE,Federal Contract Tower,0,37,12,0,49,0,1,28,0,29,0,38,40,0,78,110,0,110,188
02/25/2000,FMN,NM,ASW,WE,Federal Contract Tower,0,33,11,0,44,0,3,33,0,36,0,36,44,0,80,231,0,231,311
02/26/2000,FMN,NM,ASW,WE,Federal Contract Tower,0,21,7,0,28,0,6,64,0,70,0,27,71,0,98,330,0,330,428
02/27/2000,FMN,NM,ASW,WE,Federal Contract Tower,0,27,8,0,35,0,4,39,0,43,0,31,47,0,78,290,0,290,368
02/28/2000,FMN,NM,ASW,WE,Federal Contract Tower,0,35,12,0,47,0,0,27,0,27,0,35,39,0,74,229,0,229,303
02/29/2000,FMN,NM,ASW,WE,Federal Contract Tower,0,38,12,0,50,0,0,45,8,53,0,38,57,8,103,299,0,299,402
03/01/2000,FMN,NM,ASW,WE,Federal Contract Tower,0,38,22,0,60,0,0,34,0,34,0,38,56,0,94,232,0,232,326
03/02/2000,FMN,NM,ASW,WE,Federal Contract Tower,0,36,21,0,57,0,0,42,0,42,0,36,63,0,99,151,0,151,250
03/03/2000,FMN,NM,ASW,WE,Federal Contract Tower,0,35,17,0,52,0,2,57,0,59,0,37,74,0,111,392,0,392,503
03/04/2000,FMN,NM,ASW,WE,Federal Contract Tower,0,30,15,0,45,0,0,52,4,56,0,30,67,4,101,332,0,332,433
03/05/2000,FMN,NM,ASW,WE,Federal Contract Tower,0,29,14,0,43,0,6,9,0,15,0,35,23,0,58,113,0,113,171
03/06/2000,FMN,NM,ASW,WE,Federal Contract Tower,0,34,17,0,51,0,0,35,0,35,0,34,52,0,86,231,0,231,317
03/07/2000,FMN,NM,ASW,WE,Federal Contract Tower,0,40,24,0,64,0,0,16,0,16,0,40,40,0,80,20,0,20,100
03/08/2000,FMN,NM,ASW,WE,Federal Contract Tower,0,37,17,0,54,0,0,68,0,68,0,37,85,0,122,534,0,534,656
03/09/2000,FMN,NM,ASW,WE,Federal Contract Tower,0,34,15,0,49,0,4,47,0,51,0,38,62,0,100,155,0,155,255
03/10/2000,FMN,NM,ASW,WE,Federal Contract Tower,0,28,12,0,40,0,7,48,0,55,0,35,60,0,95,183,0,183,278
03/11/2000,FMN,NM,ASW,WE,Federal Contract Tower,0,23,10,0,33,0,3,57,0,60,0,26,67,0,93,430,0,430,523
03/12/2000,FMN,NM,ASW,WE,Federal Contract Tower,0,28,12,0,40,0,0,56,0,56,0,28,68,0,96,313,0,313,409
03/13/2000,FMN,NM,ASW,WE,Federal Contract Tower,0,31,13,0,44,0,4,52,0,56,0,35,65,0,100,301,0,301,401
03/14/2000,FMN,NM,ASW,WE,Federal Contract Tower,0,33,14,0,47,0,7,49,0,56,0,40,63,0,103,253,0,253,356
03/15/2000,FMN,NM,ASW,WE,Federal Contract Tower,0,32,14,0,46,0,2,89,2,93,0,34,103,2,139,354,0,354,493
03/16/2000,FMN,NM,ASW,WE,Federal Contract Tower,0,29,12,0,41,0,6,52,0,58,0,35,64,0,99,384,0,384,483
03/17/2000,FMN,NM,ASW,WE,Federal Contract Tower,0,30,13,0,43,0,7,28,0,35,0,37,41,0,78,247,0,247,325
03/18/2000,FMN,NM,ASW,WE,Federal Contract Tower,0,30,12,0,42,0,2,30,0,32,0,32,42,0,74,38,0,38,112
03/19/2000,FMN,NM,ASW,WE,Federal Contract Tower,0,22,9,0,31,0,4,72,0,76,0,26,81,0,107,333,4,337,444
03/20/2000,FMN,NM,ASW,WE,Federal Contract Tower,0,36,16,0,52,0,0,29,0,29,0,36,45,0,81,186,0,186,267
03/21/2000,FMN,NM,ASW,WE,Federal Contract Tower,0,39,18,0,57,0,0,11,0,11,0,39,29,0,68,30,0,30,98
03/22/2000,FMN,NM,ASW,WE,Federal Contract Tower,0,40,20,0,60,0,0,21,0,21,0,40,41,0,81,145,0,145,226
03/23/2000,FMN,NM,ASW,WE,Federal Contract Tower,0,40,18,0,58,0,0,29,0,29,0,40,47,0,87,222,0,222,309
03/24/2000,FMN,NM,ASW,WE,Federal Contract Tower,0,33,14,0,47,0,5,39,0,44,0,38,53,0,91,342,0,342,433
03/25/2000,FMN,NM,ASW,WE,Federal Contract Tower,0,25,11,0,36,0,6,73,0,79,0,31,84,0,115,334,0,334,449
03/26/2000,FMN,NM,ASW,WE,Federal Contract Tower,0,21,9,0,30,0,5,47,0,52,0,26,56,0,82,254,0,254,336
03/27/2000,FMN,NM,ASW,WE,Federal Contract Tower,0,33,14,0,47,0,0,80,0,80,0,33,94,0,127,280,0,280,407
03/28/2000,FMN,NM,ASW,WE,Federal Contract Tower,0,34,15,0,49,0,1,3,0,4,0,35,18,0,53,84,0,84,137
03/29/2000,FMN,NM,ASW,WE,Federal Contract Tower,0,36,16,0,52,0,0,47,0,47,0,36,63,0,99,253,0,253,352
03/30/2000,FMN,NM,ASW,WE,Federal Contract Tower,0,32,13,0,45,0,4,9,0,13,0,36,22,0,58,143,0,143,201
03/31/2000,FMN,NM,ASW,WE,Federal Contract Tower,0,41,21,0,62,0,0,9,0,9,0,41,30,0,71,0,0,0,71
04/01/2000,FMN,NM,ASW,WE,Federal Contract Tower,0,27,9,0,36,0,1,25,0,26,0,28,34,0,62,191,0,191,253
04/02/2000,FMN,NM,ASW,WE,Federal Contract Tower,0,23,9,0,32,0,0,45,6,51,0,23,54,6,83,226,0,226,309
04/03/2000,FMN,NM,ASW,WE,Federal Contract Tower,0,31,10,0,41,0,4,36,0,40,0,35,46,0,81,209,0,209,290
04/04/2000,FMN,NM,ASW,WE,Federal Contract Tower,0,33,10,0,43,0,6,72,0,78,0,39,82,0,121,212,0,212,333
04/05/2000,FMN,NM,ASW,WE,Federal Contract Tower,0,39,12,1,52,0,1,58,1,60,0,40,70,2,112,353,0,353,465
04/06/2000,FMN,NM,ASW,WE,Federal Contract Tower,0,36,12,0,48,0,0,54,0,54,0,36,66,0,102,208,0,208,310
04/07/2000,FMN,NM,ASW,WE,Federal Contract Tower,0,41,13,1,55,0,1,36,3,40,0,42,49,4,95,207,0,207,302
04/08/2000,FMN,NM,ASW,WE,Federal Contract Tower,0,20,7,0,27,0,2,47,0,49,0,22,54,0,76,294,0,294,370
04/09/2000,FMN,NM,ASW,WE,Federal Contract Tower,0,27,10,0,37,0,0,41,0,41,0,27,51,0,78,257,0,257,335
04/10/2000,FMN,NM,ASW,WE,Federal Contract Tower,0,36,12,0,48,0,0,78,0,78,0,36,90,0,126,280,0,280,406
04/11/2000,FMN,NM,ASW,WE,Federal Contract Tower,0,38,11,0,49,0,0,47,0,47,0,38,58,0,96,282,0,282,378
04/12/2000,FMN,NM,ASW,WE,Federal Contract Tower,0,38,11,0,49,0,0,68,0,68,0,38,79,0,117,308,0,308,425
04/13/2000,FMN,NM,ASW,WE,Federal Contract Tower,0,33,9,2,44,0,8,58,9,75,0,41,67,11,119,409,0,409,528
04/14/2000,FMN,NM,ASW,WE,Federal Contract Tower,0,41,12,2,55,0,0,43,0,43,0,41,55,2,98,195,0,195,293
04/15/2000,FMN,NM,ASW,WE,Federal Contract Tower,0,23,7,1,31,0,2,18,17,37,0,25,25,18,68,255,0,255,323
04/16/2000,FMN,NM,ASW,WE,Federal Contract Tower,0,27,9,1,37,0,0,63,0,63,0,27,72,1,100,383,0,383,483
04/17/2000,FMN,NM,ASW,WE,Federal Contract Tower,0,39,13,2,54,0,0,58,8,66,0,39,71,10,120,194,0,194,314
04/18/2000,FMN,NM,ASW,WE,Federal Contract Tower,0,33,10,2,45,0,3,28,4,35,0,36,38,6,80,185,0,185,265
04/19/2000,FMN,NM,ASW,WE,Federal Contract Tower,0,34,10,2,46,0,2,61,3,66,0,36,71,5,112,246,0,246,358
04/20/2000,FMN,NM,ASW,WE,Federal Contract Tower,0,34,10,2,46,0,2,75,1,78,0,36,85,3,124,422,12,434,558
04/21/2000,FMN,NM,ASW,WE,Federal Contract Tower,0,31,9,2,42,0,4,46,2,52,0,35,55,4,94,231,0,231,325
04/22/2000,FMN,NM,ASW,WE,Federal Contract Tower,0,16,4,0,20,0,2,21,0,23,0,18,25,0,43,114,0,114,157
04/23/2000,FMN,NM,ASW,WE,Federal Contract Tower,0,22,6,0,28,0,1,29,0,30,0,23,35,0,58,165,0,165,223
04/24/2000,FMN,NM,ASW,WE,Federal Contract Tower,0,34,9,0,43,0,2,60,0,62,0,36,69,0,105,257,0,257,362
04/25/2000,FMN,NM,ASW,WE,Federal Contract Tower,0,35,10,0,45,0,1,76,0,77,0,36,86,0,122,388,0,388,510
04/26/2000,FMN,NM,ASW,WE,Federal Contract Tower,0,36,11,1,48,0,0,51,1,52,0,36,62,2,100,347,0,347,447
04/27/2000,FMN,NM,ASW,WE,Federal Contract Tower,0,37,12,1,50,0,0,64,3,67,0,37,76,4,117,250,0,250,367
04/28/2000,FMN,NM,ASW,WE,Federal Contract Tower,0,36,10,0,46,0,4,42,0,46,0,40,52,0,92,144,4,148,240
04/29/2000,FMN,NM,ASW,WE,Federal Contract Tower,0,23,7,0,30,0,2,37,0,39,0,25,44,0,69,101,0,101,170
04/30/2000,FMN,NM,ASW,WE,Federal Contract Tower,0,31,9,0,40,0,0,31,0,31,0,31,40,0,71,163,0,163,234
05/01/2000,FMN,NM,ASW,WE,Federal Contract Tower,0,32,11,0,43,0,3,65,0,68,0,35,76,0,111,295,0,295,406
05/02/2000,FMN,NM,ASW,WE,Federal Contract Tower,0,33,12,0,45,0,6,52,6,64,0,39,64,6,109,262,0,262,371
05/03/2000,FMN,NM,ASW,WE,Federal Contract Tower,0,35,12,0,47,0,5,72,0,77,0,40,84,0,124,280,0,280,404
05/04/2000,FMN,NM,ASW,WE,Federal Contract Tower,0,35,12,0,47,0,2,70,0,72,0,37,82,0,119,181,0,181,300
05/05/2000,FMN,NM,ASW,WE,Federal Contract Tower,0,39,13,0,52,0,0,64,0,64,0,39,77,0,116,241,0,241,357
05/06/2000,FMN,NM,ASW,WE,Federal Contract Tower,0,22,8,0,30,0,3,50,0,53,0,25,58,0,83,219,0,219,302
05/07/2000,FMN,NM,ASW,WE,Federal Contract Tower,0,28,10,0,38,0,0,58,0,58,0,28,68,0,96,184,0,184,280
05/08/2000,FMN,NM,ASW,WE,Federal Contract Tower,0,33,12,0,45,0,2,51,0,53,0,35,63,0,98,120,0,120,218
05/09/2000,FMN,NM,ASW,WE,Federal Contract Tower,0,32,11,0,43,0,0,64,0,64,0,32,75,0,107,279,0,279,386
05/10/2000,FMN,NM,ASW,WE,Federal Contract Tower,0,36,12,0,48,0,2,66,0,68,0,38,78,0,116,152,0,152,268
05/11/2000,FMN,NM,ASW,WE,Federal Contract Tower,0,38,21,0,59,0,0,23,0,23,0,38,44,0,82,133,0,133,215
05/12/2000,FMN,NM,ASW,WE,Federal Contract Tower,0,36,11,0,47,0,1,65,0,66,0,37,76,0,113,249,0,249,362
05/13/2000,FMN,NM,ASW,WE,Federal Contract Tower,0,22,7,0,29,0,5,47,0,52,0,27,54,0,81,264,0,264,345
05/14/2000,FMN,NM,ASW,WE,Federal Contract Tower,0,25,8,0,33,0,1,54,0,55,0,26,62,0,88,231,0,231,319
05/15/2000,FMN,NM,ASW,WE,Federal Contract Tower,0,33,11,0,44,0,2,83,0,85,0,35,94,0,129,258,0,258,387
05/16/2000,FMN,NM,ASW,WE,Federal Contract Tower,0,37,12,0,49,0,0,59,0,59,0,37,71,0,108,143,0,143,251
05/17/2000,FMN,NM,ASW,WE,Federal Contract Tower,0,37,11,0,48,0,0,60,0,60,0,37,71,0,108,250,0,250,358
05/18/2000,FMN,NM,ASW,WE,Federal Contract Tower,0,35,12,0,47,0,0,77,0,77,0,35,89,0,124,294,0,294,418
05/19/2000,FMN,NM,ASW,WE,Federal Contract Tower,0,38,12,0,50,0,1,62,0,63,0,39,74,0,113,281,0,281,394
05/20/2000,FMN,NM,ASW,WE,Federal Contract Tower,0,21,6,0,27,0,4,75,0,79,0,25,81,0,106,311,0,311,417
05/21/2000,FMN,NM,ASW,WE,Federal Contract Tower,0,27,10,0,37,0,0,80,2,82,0,27,90,2,119,282,0,282,401
05/22/2000,FMN,NM,ASW,WE,Federal Contract Tower,0,34,11,0,45,0,1,67,0,68,0,35,78,0,113,246,0,246,359
05/23/2000,FMN,NM,ASW,WE,Federal Contract Tower,0,37,12,0,49,0,2,79,0,81,0,39,91,0,130,385,0,385,515
05/24/2000,FMN,NM,ASW,WE,Federal Contract Tower,0,36,11,0,47,0,0,75,0,75,0,36,86,0,122,331,0,331,453
05/25/2000,FMN,NM,ASW,WE,Federal Contract Tower,0,31,10,0,41,0,4,105,0,109,0,35,115,0,150,339,0,339,489
05/26/2000,FMN,NM,ASW,WE,Federal Contract Tower,0,37,11,0,48,0,4,69,0,73,0,41,80,0,121,237,0,237,358
05/27/2000,FMN,NM,ASW,WE,Federal Contract Tower,0,18,5,0,23,0,2,39,0,41,0,20,44,0,64,281,0,281,345
05/28/2000,FMN,NM,ASW,WE,Federal Contract Tower,0,16,5,0,21,0,5,39,0,44,0,21,44,0,65,187,0,187,252
05/29/2000,FMN,NM,ASW,WE,Federal Contract Tower,0,25,8,0,33,0,3,82,0,85,0,28,90,0,118,229,0,229,347
05/30/2000,FMN,NM,ASW,WE,Federal Contract Tower,0,34,10,0,44,0,3,39,2,44,0,37,49,2,88,374,0,374,462
05/31/2000,FMN,NM,ASW,WE,Federal Contract Tower,0,34,11,0,45,0,2,85,0,87,0,36,96,0,132,300,0,300,432
06/01/2000,FMN,NM,ASW,WE,Federal Contract Tower,0,37,12,0,49,0,0,82,0,82,0,37,94,0,131,280,0,280,411
06/02/2000,FMN,NM,ASW,WE,Federal Contract Tower,0,35,10,0,45,0,2,71,0,73,0,37,81,0,118,388,0,388,506
06/03/2000,FMN,NM,ASW,WE,Federal Contract Tower,0,22,6,0,28,0,5,51,0,56,0,27,57,0,84,322,0,322,406
06/04/2000,FMN,NM,ASW,WE,Federal Contract Tower,0,27,8,0,35,0,0,36,1,37,0,27,44,1,72,281,0,281,353
06/05/2000,FMN,NM,ASW,WE,Federal Contract Tower,0,33,9,0,42,0,0,58,0,58,0,33,67,0,100,218,0,218,318
06/06/2000,FMN,NM,ASW,WE,Federal Contract Tower,0,34,10,0,44,0,5,55,0,60,0,39,65,0,104,477,0,477,581
06/07/2000,FMN,NM,ASW,WE,Federal Contract Tower,0,33,10,1,44,0,4,58,0,62,0,37,68,1,106,390,0,390,496
06/08/2000,FMN,NM,ASW,WE,Federal Contract Tower,0,41,13,0,54,0,0,65,0,65,0,41,78,0,119,282,0,282,401
06/09/2000,FMN,NM,ASW,WE,Federal Contract Tower,0,36,10,1,47,0,2,56,1,59,0,38,66,2,106,368,0,368,474
06/10/2000,FMN,NM,ASW,WE,Federal Contract Tower,0,23,6,0,29,0,4,65,0,69,0,27,71,0,98,366,0,366,464
06/11/2000,FMN,NM,ASW,WE,Federal Contract Tower,0,24,8,1,33,0,0,76,1,77,0,24,84,2,110,267,0,267,377
06/12/2000,FMN,NM,ASW,WE,Federal Contract Tower,0,33,9,0,42,0,3,58,0,61,0,36,67,0,103,280,0,280,383
06/13/2000,FMN,NM,ASW,WE,Federal Contract Tower,0,39,10,0,49,0,0,75,0,75,0,39,85,0,124,285,0,285,409
06/14/2000,FMN,NM,ASW,WE,Federal Contract Tower,0,41,11,0,52,0,0,76,0,76,0,41,87,0,128,332,0,332,460
06/15/2000,FMN,NM,ASW,WE,Federal Contract Tower,0,34,8,0,42,0,4,60,0,64,0,38,68,0,106,237,0,237,343
06/16/2000,FMN,NM,ASW,WE,Federal Contract Tower,0,34,9,0,43,0,6,53,0,59,0,40,62,0,102,292,0,292,394
06/17/2000,FMN,NM,ASW,WE,Federal Contract Tower,0,27,6,0,33,0,2,53,0,55,0,29,59,0,88,267,0,267,355
06/18/2000,FMN,NM,ASW,WE,Federal Contract Tower,0,21,6,0,27,0,6,23,0,29,0,27,29,0,56,196,0,196,252
06/19/2000,FMN,NM,ASW,WE,Federal Contract Tower,0,36,10,0,46,0,1,77,0,78,0,37,87,0,124,313,0,313,437
06/20/2000,FMN,NM,ASW,WE,Federal Contract Tower,0,34,10,0,44,0,3,68,0,71,0,37,78,0,115,289,0,289,404
06/21/2000,FMN,NM,ASW,WE,Federal Contract Tower,0,39,12,0,51,0,0,84,2,86,0,39,96,2,137,359,2,361,498
06/22/2000,FMN,NM,ASW,WE,Federal Contract Tower,0,38,11,0,49,0,1,78,0,79,0,39,89,0,128,266,0,266,394
06/23/2000,FMN,NM,ASW,WE,Federal Contract Tower,0,41,12,0,53,2,2,46,2,52,2,43,58,2,105,269,0,269,374
06/24/2000,FMN,NM,ASW,WE,Federal Contract Tower,0,28,7,0,35,0,5,40,0,45,0,33,47,0,80,299,0,299,379
06/25/2000,FMN,NM,ASW,WE,Federal Contract Tower,0,24,7,0,31,0,2,57,0,59,0,26,64,0,90,248,0,248,338
06/26/2000,FMN,NM,ASW,WE,Federal Contract Tower,0,38,11,0,49,0,0,57,4,61,0,38,68,4,110,240,0,240,350
06/27/2000,FMN,NM,ASW,WE,Federal Contract Tower,0,34,9,0,43,0,2,55,0,57,0,36,64,0,100,394,0,394,494
06/28/2000,FMN,NM,ASW,WE,Federal Contract Tower,0,38,14,0,52,0,0,79,0,79,0,38,93,0,131,331,0,331,462
06/29/2000,FMN,NM,ASW,WE,Federal Contract Tower,0,36,10,0,46,0,0,88,0,88,0,36,98,0,134,283,0,283,417
06/30/2000,FMN,NM,ASW,WE,Federal Contract Tower,0,40,12,0,52,0,0,78,4,82,0,40,90,4,134,202,0,202,336
07/01/2000,FMN,NM,ASW,WE,Federal Contract Tower,0,23,6,0,29,0,1,57,0,58,0,24,63,0,87,266,0,266,353
07/02/2000,FMN,NM,ASW,WE,Federal Contract Tower,0,16,5,0,21,0,2,75,0,77,0,18,80,0,98,304,0,304,402
07/03/2000,FMN,NM,ASW,WE,Federal Contract Tower,0,20,6,0,26,0,1,68,0,69,0,21,74,0,95,263,0,263,358
07/04/2000,FMN,NM,ASW,WE,Federal Contract Tower,0,18,5,0,23,0,2,51,1,54,0,20,56,1,77,122,0,122,199
07/05/2000,FMN,NM,ASW,WE,Federal Contract Tower,0,34,9,0,43,0,2,68,0,70,0,36,77,0,113,260,0,260,373
07/06/2000,FMN,NM,ASW,WE,Federal Contract Tower,0,35,9,0,44,0,2,56,0,58,0,37,65,0,102,309,0,309,411
07/07/2000,FMN,NM,ASW,WE,Federal Contract Tower,0,32,8,0,40,0,7,52,0,59,0,39,60,0,99,299,0,299,398
07/08/2000,FMN,NM,ASW,WE,Federal Contract Tower,0,24,6,1,31,0,2,52,1,55,0,26,58,2,86,284,0,284,370
07/09/2000,FMN,NM,ASW,WE,Federal Contract Tower,0,23,6,0,29,0,0,49,0,49,0,23,55,0,78,236,0,236,314
07/10/2000,FMN,NM,ASW,WE,Federal Contract Tower,0,38,9,0,47,0,2,70,0,72,0,40,79,0,119,395,2,397,516
07/11/2000,FMN,NM,ASW,WE,Federal Contract Tower,0,34,8,0,42,0,0,55,0,55,0,34,63,0,97,455,0,455,552
07/12/2000,FMN,NM,ASW,WE,Federal Contract Tower,0,33,9,0,42,0,0,76,0,76,0,33,85,0,118,365,0,365,483
07/13/2000,FMN,NM,ASW,WE,Federal Contract Tower,0,34,8,0,42,0,0,89,0,89,0,34,97,0,131,308,0,308,439
07/14/2000,FMN,NM,ASW,WE,Federal Contract Tower,0,33,8,0,41,0,4,55,0,59,0,37,63,0,100,280,0,280,380
07/15/2000,FMN,NM,ASW,WE,Federal Contract Tower,0,20,5,0,25,0,3,55,0,58,0,23,60,0,83,314,0,314,397
07/16/2000,FMN,NM,ASW,WE,Federal Contract Tower,0,25,6,0,31,0,3,48,1,52,0,28,54,1,83,185,0,185,268
07/17/2000,FMN,NM,ASW,WE,Federal Contract Tower,0,29,8,0,37,0,0,65,0,65,0,29,73,0,102,380,0,380,482
07/18/2000,FMN,NM,ASW,WE,Federal Contract Tower,0,37,9,0,46,0,0,73,0,73,0,37,82,0,119,444,0,444,563
07/19/2000,FMN,NM,ASW,WE,Federal Contract Tower,0,36,8,0,44,0,1,82,0,83,0,37,90,0,127,412,0,412,539
07/20/2000,FMN,NM,ASW,WE,Federal Contract Tower,0,37,10,0,47,0,0,84,0,84,0,37,94,0,131,338,0,338,469
07/21/2000,FMN,NM,ASW,WE,Federal Contract Tower,0,35,8,0,43,0,4,60,0,64,0,39,68,0,107,258,0,258,365
07/22/2000,FMN,NM,ASW,WE,Federal Contract Tower,0,21,5,0,26,0,3,48,0,51,0,24,53,0,77,313,0,313,390
07/23/2000,FMN,NM,ASW,WE,Federal Contract Tower,0,21,5,0,26,0,5,31,0,36,0,26,36,0,62,321,0,321,383
07/24/2000,FMN,NM,ASW,WE,Federal Contract Tower,0,32,8,0,40,0,0,69,0,69,0,32,77,0,109,291,0,291,400
07/25/2000,FMN,NM,ASW,WE,Federal Contract Tower,0,34,8,0,42,0,0,59,0,59,0,34,67,0,101,332,0,332,433
07/26/2000,FMN,NM,ASW,WE,Federal Contract Tower,0,39,9,0,48,0,0,82,0,82,0,39,91,0,130,331,0,331,461
07/27/2000,FMN,NM,ASW,WE,Federal Contract Tower,0,40,10,0,50,0,0,78,4,82,0,40,88,4,132,322,0,322,454
07/28/2000,FMN,NM,ASW,WE,Federal Contract Tower,0,33,8,0,41,0,5,51,2,58,0,38,59,2,99,414,0,414,513
07/29/2000,FMN,NM,ASW,WE,Federal Contract Tower,0,23,5,0,28,0,4,66,0,70,0,27,71,0,98,313,0,313,411
07/30/2000,FMN,NM,ASW,WE,Federal Contract Tower,0,28,7,0,35,0,2,52,0,54,0,30,59,0,89,282,0,282,371
07/31/2000,FMN,NM,ASW,WE,Federal Contract Tower,0,34,8,0,42,0,5,73,0,78,0,39,81,0,120,396,0,396,516
08/01/2000,FMN,NM,ASW,WE,Federal Contract Tower,0,30,8,0,38,0,3,73,0,76,0,33,81,0,114,485,0,485,599
08/02/2000,FMN,NM,ASW,WE,Federal Contract Tower,0,37,9,0,46,0,1,73,0,74,0,38,82,0,120,368,0,368,488
08/03/2000,FMN,NM,ASW,WE,Federal Contract Tower,0,30,7,0,37,0,5,55,0,60,0,35,62,0,97,384,0,384,481
08/04/2000,FMN,NM,ASW,WE,Federal Contract Tower,0,34,8,0,42,0,4,42,0,46,0,38,50,0,88,399,0,399,487
08/05/2000,FMN,NM,ASW,WE,Federal Contract Tower,0,23,7,0,30,0,3,48,2,53,0,26,55,2,83,282,0,282,365
08/06/2000,FMN,NM,ASW,WE,Federal Contract Tower,0,23,6,0,29,0,2,54,4,60,0,25,60,4,89,321,0,321,410
08/07/2000,FMN,NM,ASW,WE,Federal Contract Tower,0,30,10,0,40,0,0,48,0,48,0,30,58,0,88,367,0,367,455
08/08/2000,FMN,NM,ASW,WE,Federal Contract Tower,0,28,8,0,36,0,2,57,0,59,0,30,65,0,95,440,0,440,535
08/09/2000,FMN,NM,ASW,WE,Federal Contract Tower,0,41,11,0,52,0,0,66,0,66,0,41,77,0,118,467,0,467,585
08/10/2000,FMN,NM,ASW,WE,Federal Contract Tower,0,34,10,0,44,0,2,75,2,79,0,36,85,2,123,394,0,394,517
08/11/2000,FMN,NM,ASW,WE,Federal Contract Tower,0,33,9,0,42,0,4,50,0,54,0,37,59,0,96,403,0,403,499
08/12/2000,FMN,NM,ASW,WE,Federal Contract Tower,0,26,7,0,33,0,3,43,0,46,0,29,50,0,79,312,0,312,391
08/13/2000,FMN,NM,ASW,WE,Federal Contract Tower,0,24,6,0,30,0,0,53,0,53,0,24,59,0,83,287,0,287,370
08/14/2000,FMN,NM,ASW,WE,Federal Contract Tower,0,30,8,0,38,0,1,64,0,65,0,31,72,0,103,384,0,384,487
08/15/2000,FMN,NM,ASW,WE,Federal Contract Tower,0,31,8,0,39,0,5,45,0,50,0,36,53,0,89,380,0,380,469
08/16/2000,FMN,NM,ASW,WE,Federal Contract Tower,0,36,9,0,45,0,0,58,0,58,0,36,67,0,103,311,0,311,414
08/17/2000,FMN,NM,ASW,WE,Federal Contract Tower,0,36,9,0,45,0,3,53,0,56,0,39,62,0,101,262,0,262,363
08/18/2000,FMN,NM,ASW,WE,Federal Contract Tower,0,35,10,0,45,0,0,47,0,47,0,35,57,0,92,164,0,164,256
08/19/2000,FMN,NM,ASW,WE,Federal Contract Tower,0,26,6,0,32,0,2,37,0,39,0,28,43,0,71,214,0,214,285
08/20/2000,FMN,NM,ASW,WE,Federal Contract Tower,0,28,7,0,35,0,0,45,0,45,0,28,52,0,80,285,0,285,365
08/21/2000,FMN,NM,ASW,WE,Federal Contract Tower,0,34,9,0,43,0,0,73,0,73,0,34,82,0,116,237,0,237,353
08/22/2000,FMN,NM,ASW,WE,Federal Contract Tower,0,36,9,0,45,0,3,61,0,64,0,39,70,0,109,216,0,216,325
08/23/2000,FMN,NM,ASW,WE,Federal Contract Tower,0,38,10,0,48,0,0,63,0,63,0,38,73,0,111,348,0,348,459
08/24/2000,FMN,NM,ASW,WE,Federal Contract Tower,0,40,10,0,50,2,0,51,0,53,2,40,61,0,103,199,0,199,302
08/25/2000,FMN,NM,ASW,WE,Federal Contract Tower,0,33,8,0,41,0,3,47,0,50,0,36,55,0,91,192,0,192,283
08/26/2000,FMN,NM,ASW,WE,Federal Contract Tower,0,19,4,0,23,0,3,57,0,60,0,22,61,0,83,143,0,143,226
08/27/2000,FMN,NM,ASW,WE,Federal Contract Tower,0,20,5,0,25,0,2,85,0,87,0,22,90,0,112,222,0,222,334
08/28/2000,FMN,NM,ASW,WE,Federal Contract Tower,0,33,8,0,41,2,0,77,0,79,2,33,85,0,120,262,0,262,382
08/29/2000,FMN,NM,ASW,WE,Federal Contract Tower,0,32,8,0,40,0,0,71,0,71,0,32,79,0,111,249,0,249,360
08/30/2000,FMN,NM,ASW,WE,Federal Contract Tower,0,35,9,0,44,0,0,68,0,68,0,35,77,0,112,180,0,180,292
08/31/2000,FMN,NM,ASW,WE,Federal Contract Tower,0,30,7,0,37,0,0,99,0,99,0,30,106,0,136,338,0,338,474
09/01/2000,FMN,NM,ASW,WE,Federal Contract Tower,0,33,11,0,44,0,5,47,2,54,0,38,58,2,98,152,4,156,254
09/02/2000,FMN,NM,ASW,WE,Federal Contract Tower,0,17,6,0,23,0,3,59,0,62,0,20,65,0,85,58,0,58,143
09/03/2000,FMN,NM,ASW,WE,Federal Contract Tower,0,16,5,0,21,0,3,29,0,32,0,19,34,0,53,44,0,44,97
09/04/2000,FMN,NM,ASW,WE,Federal Contract Tower,0,28,9,0,37,0,0,59,0,59,0,28,68,0,96,60,0,60,156
09/05/2000,FMN,NM,ASW,WE,Federal Contract Tower,0,28,10,0,38,0,1,52,0,53,0,29,62,0,91,34,0,34,125
09/06/2000,FMN,NM,ASW,WE,Federal Contract Tower,0,31,11,0,42,0,5,72,0,77,0,36,83,0,119,282,0,282,401
09/07/2000,FMN,NM,ASW,WE,Federal Contract Tower,0,33,13,0,46,0,0,63,0,63,0,33,76,0,109,264,0,264,373
09/08/2000,FMN,NM,ASW,WE,Federal Contract Tower,0,39,14,1,54,2,1,50,1,54,2,40,64,2,108,222,2,224,332
09/09/2000,FMN,NM,ASW,WE,Federal Contract Tower,0,23,8,0,31,0,0,50,0,50,0,23,58,0,81,228,0,228,309
09/10/2000,FMN,NM,ASW,WE,Federal Contract Tower,0,24,8,0,32,0,3,41,0,44,0,27,49,0,76,231,0,231,307
09/11/2000,FMN,NM,ASW,WE,Federal Contract Tower,0,31,11,0,42,0,1,59,0,60,0,32,70,0,102,304,0,304,406
09/12/2000,FMN,NM,ASW,WE,Federal Contract Tower,0,33,11,0,44,0,5,48,0,53,0,38,59,0,97,363,0,363,460
09/13/2000,FMN,NM,ASW,WE,Federal Contract Tower,0,37,13,0,50,0,0,69,0,69,0,37,82,0,119,295,0,295,414
09/14/2000,FMN,NM,ASW,WE,Federal Contract Tower,0,35,13,0,48,0,0,53,0,53,0,35,66,0,101,266,0,266,367
09/15/2000,FMN,NM,ASW,WE,Federal Contract Tower,0,34,12,0,46,0,4,73,0,77,0,38,85,0,123,299,6,305,428
09/16/2000,FMN,NM,ASW,WE,Federal Contract Tower,0,19,6,0,25,0,4,41,3,48,0,23,47,3,73,262,3,265,338
09/17/2000,FMN,NM,ASW,WE,Federal Contract Tower,0,22,9,0,31,0,0,70,0,70,0,22,79,0,101,306,0,306,407
09/18/2000,FMN,NM,ASW,WE,Federal Contract Tower,0,34,12,0,46,0,0,66,1,67,0,34,78,1,113,301,0,301,414
09/19/2000,FMN,NM,ASW,WE,Federal Contract Tower,0,35,12,0,47,0,2,60,4,66,0,37,72,4,113,367,0,367,480
09/20/2000,FMN,NM,ASW,WE,Federal Contract Tower,0,37,13,0,50,0,0,82,0,82,0,37,95,0,132,300,0,300,432
09/21/2000,FMN,NM,ASW,WE,Federal Contract Tower,0,30,10,0,40,0,6,63,0,69,0,36,73,0,109,240,0,240,349
09/22/2000,FMN,NM,ASW,WE,Federal Contract Tower,0,37,12,0,49,0,3,59,2,64,0,40,71,2,113,254,0,254,367
09/23/2000,FMN,NM,ASW,WE,Federal Contract Tower,0,19,6,0,25,0,4,26,0,30,0,23,32,0,55,45,0,45,100
09/24/2000,FMN,NM,ASW,WE,Federal Contract Tower,0,23,8,0,31,0,0,52,2,54,0,23,60,2,85,262,0,262,347
09/25/2000,FMN,NM,ASW,WE,Federal Contract Tower,0,34,12,0,46,2,2,100,2,106,2,36,112,2,152,356,0,356,508
09/26/2000,FMN,NM,ASW,WE,Federal Contract Tower,0,37,12,0,49,0,1,101,0,102,0,38,113,0,151,440,0,440,591
09/27/2000,FMN,NM,ASW,WE,Federal Contract Tower,0,44,16,0,60,2,0,74,0,76,2,44,90,0,136,413,0,413,549
09/28/2000,FMN,NM,ASW,WE,Federal Contract Tower,0,32,10,0,42,0,2,98,0,100,0,34,108,0,142,301,0,301,443
09/29/2000,FMN,NM,ASW,WE,Federal Contract Tower,0,36,12,0,48,0,2,75,0,77,0,38,87,0,125,236,0,236,361
09/30/2000,FMN,NM,ASW,WE,Federal Contract Tower,0,20,7,0,27,0,4,40,0,44,0,24,47,0,71,255,0,255,326
10/01/2000,FMN,NM,ASW,WE,Federal Contract Tower,0,21,11,0,32,0,0,64,0,64,0,21,75,0,96,250,0,250,346
10/02/2000,FMN,NM,ASW,WE,Federal Contract Tower,0,29,14,0,43,0,1,93,0,94,0,30,107,0,137,365,0,365,502
10/03/2000,FMN,NM,ASW,WE,Federal Contract Tower,0,34,17,0,51,0,4,48,0,52,0,38,65,0,103,465,0,465,568
10/04/2000,FMN,NM,ASW,WE,Federal Contract Tower,0,36,17,0,53,0,0,47,0,47,0,36,64,0,100,339,0,339,439
10/05/2000,FMN,NM,ASW,WE,Federal Contract Tower,0,29,14,0,43,0,6,84,0,90,0,35,98,0,133,304,0,304,437
10/06/2000,FMN,NM,ASW,WE,Federal Contract Tower,0,30,15,0,45,0,9,58,0,67,0,39,73,0,112,366,0,366,478
10/07/2000,FMN,NM,ASW,WE,Federal Contract Tower,0,22,11,0,33,0,3,32,0,35,0,25,43,0,68,265,0,265,333
10/08/2000,FMN,NM,ASW,WE,Federal Contract Tower,0,30,16,0,46,0,0,22,0,22,0,30,38,0,68,99,0,99,167
10/09/2000,FMN,NM,ASW,WE,Federal Contract Tower,0,36,19,1,56,0,0,42,9,51,0,36,61,10,107,207,0,207,314
10/10/2000,FMN,NM,ASW,WE,Federal Contract Tower,0,35,16,0,51,0,0,37,0,37,0,35,53,0,88,341,0,341,429
10/11/2000,FMN,NM,ASW,WE,Federal Contract Tower,0,35,16,0,51,0,1,35,0,36,0,36,51,0,87,191,0,191,278
10/12/2000,FMN,NM,ASW,WE,Federal Contract Tower,0,37,17,0,54,0,0,59,0,59,0,37,76,0,113,440,0,440,553
10/13/2000,FMN,NM,ASW,WE,Federal Contract Tower,0,30,13,0,43,0,8,62,0,70,0,38,75,0,113,304,0,304,417
10/14/2000,FMN,NM,ASW,WE,Federal Contract Tower,0,19,9,0,28,0,3,54,0,57,0,22,63,0,85,299,0,299,384
10/15/2000,FMN,NM,ASW,WE,Federal Contract Tower,0,27,12,1,40,0,0,79,1,80,0,27,91,2,120,281,0,281,401
10/16/2000,FMN,NM,ASW,WE,Federal Contract Tower,0,31,14,0,45,0,0,64,0,64,0,31,78,0,109,390,0,390,499
10/17/2000,FMN,NM,ASW,WE,Federal Contract Tower,0,27,12,0,39,0,11,53,0,64,0,38,65,0,103,398,0,398,501
10/18/2000,FMN,NM,ASW,WE,Federal Contract Tower,0,39,17,0,56,0,2,52,2,56,0,41,69,2,112,435,0,435,547
10/19/2000,FMN,NM,ASW,WE,Federal Contract Tower,0,35,16,0,51,0,0,69,0,69,0,35,85,0,120,401,4,405,525
10/20/2000,FMN,NM,ASW,WE,Federal Contract Tower,0,37,17,0,54,0,6,67,0,73,0,43,84,0,127,386,0,386,513
10/21/2000,FMN,NM,ASW,WE,Federal Contract Tower,0,19,8,0,27,0,4,32,0,36,0,23,40,0,63,210,10,220,283
10/22/2000,FMN,NM,ASW,WE,Federal Contract Tower,0,24,10,0,34,0,3,1,0,4,0,27,11,0,38,142,0,142,180
10/23/2000,FMN,NM,ASW,WE,Federal Contract Tower,0,34,15,0,49,0,2,10,0,12,0,36,25,0,61,47,0,47,108
10/24/2000,FMN,NM,ASW,WE,Federal Contract Tower,0,35,18,0,53,0,0,47,0,47,0,35,65,0,100,291,0,291,391
10/25/2000,FMN,NM,ASW,WE,Federal Contract Tower,0,40,22,0,62,0,0,47,0,47,0,40,69,0,109,381,0,381,490
10/26/2000,FMN,NM,ASW,WE,Federal Contract Tower,0,34,15,0,49,0,0,67,0,67,0,34,82,0,116,443,0,443,559
10/27/2000,FMN,NM,ASW,WE,Federal Contract Tower,0,40,17,0,57,0,0,45,1,46,0,40,62,1,103,292,2,294,397
10/28/2000,FMN,NM,ASW,WE,Federal Contract Tower,0,23,11,0,34,0,0,53,0,53,0,23,64,0,87,293,0,293,380
10/29/2000,FMN,NM,ASW,WE,Federal Contract Tower,0,23,10,0,33,0,3,51,0,54,0,26,61,0,87,309,0,309,396
10/30/2000,FMN,NM,ASW,WE,Federal Contract Tower,0,35,15,0,50,0,0,55,0,55,0,35,70,0,105,314,0,314,419
10/31/2000,FMN,NM,ASW,WE,Federal Contract Tower,0,33,15,0,48,0,0,31,0,31,0,33,46,0,79,342,0,342,421
11/01/2000,FMN,NM,ASW,WE,Federal Contract Tower,0,37,17,0,54,0,0,55,0,55,0,37,72,0,109,362,0,362,471
11/02/2000,FMN,NM,ASW,WE,Federal Contract Tower,0,33,14,0,47,0,3,52,0,55,0,36,66,0,102,409,0,409,511
11/03/2000,FMN,NM,ASW,WE,Federal Contract Tower,0,36,16,0,52,0,0,41,0,41,0,36,57,0,93,265,0,265,358
11/04/2000,FMN,NM,ASW,WE,Federal Contract Tower,0,23,14,0,37,0,0,30,0,30,0,23,44,0,67,238,0,238,305
11/05/2000,FMN,NM,ASW,WE,Federal Contract Tower,0,25,11,0,36,0,0,12,0,12,0,25,23,0,48,196,0,196,244
11/06/2000,FMN,NM,ASW,WE,Federal Contract Tower,0,34,16,0,50,0,0,65,0,65,0,34,81,0,115,380,0,380,495
11/07/2000,FMN,NM,ASW,WE,Federal Contract Tower,0,41,20,0,61,0,0,70,0,70,0,41,90,0,131,399,0,399,530
11/08/2000,FMN,NM,ASW,WE,Federal Contract Tower,0,35,16,0,51,0,0,91,2,93,0,35,107,2,144,389,0,389,533
11/09/2000,FMN,NM,ASW,WE,Federal Contract Tower,0,31,14,0,45,0,5,54,0,59,0,36,68,0,104,385,0,385,489
11/10/2000,FMN,NM,ASW,WE,Federal Contract Tower,0,39,17,0,56,0,1,31,0,32,0,40,48,0,88,195,0,195,283
11/11/2000,FMN,NM,ASW,WE,Federal Contract Tower,0,21,9,0,30,0,1,7,0,8,0,22,16,0,38,141,0,141,179
11/12/2000,FMN,NM,ASW,WE,Federal Contract Tower,0,21,10,0,31,0,6,16,0,22,0,27,26,0,53,196,0,196,249
11/13/2000,FMN,NM,ASW,WE,Federal Contract Tower,0,34,14,0,48,0,0,63,0,63,0,34,77,0,111,373,0,373,484
11/14/2000,FMN,NM,ASW,WE,Federal Contract Tower,0,33,13,0,46,0,5,43,0,48,0,38,56,0,94,481,0,481,575
11/15/2000,FMN,NM,ASW,WE,Federal Contract Tower,0,36,15,0,51,0,0,48,0,48,0,36,63,0,99,394,0,394,493
11/16/2000,FMN,NM,ASW,WE,Federal Contract Tower,0,34,14,0,48,0,0,65,0,65,0,34,79,0,113,365,0,365,478
11/17/2000,FMN,NM,ASW,WE,Federal Contract Tower,0,30,11,0,41,0,9,45,0,54,0,39,56,0,95,386,0,386,481
11/18/2000,FMN,NM,ASW,WE,Federal Contract Tower,0,18,7,0,25,0,4,38,0,42,0,22,45,0,67,282,0,282,349
11/19/2000,FMN,NM,ASW,WE,Federal Contract Tower,0,22,9,0,31,0,2,55,0,57,0,24,64,0,88,307,0,307,395
11/20/2000,FMN,NM,ASW,WE,Federal Contract Tower,0,37,14,0,51,0,0,66,0,66,0,37,80,0,117,428,0,428,545
11/21/2000,FMN,NM,ASW,WE,Federal Contract Tower,0,29,11,0,40,0,7,61,6,74,0,36,72,6,114,385,2,387,501
11/22/2000,FMN,NM,ASW,WE,Federal Contract Tower,0,36,14,0,50,0,2,54,0,56,0,38,68,0,106,385,0,385,491
11/23/2000,FMN,NM,ASW,WE,Federal Contract Tower,0,16,6,0,22,0,5,1,0,6,0,21,7,0,28,12,0,12,40
11/24/2000,FMN,NM,ASW,WE,Federal Contract Tower,0,18,8,0,26,0,0,25,0,25,0,18,33,0,51,155,0,155,206
11/25/2000,FMN,NM,ASW,WE,Federal Contract Tower,0,21,10,0,31,0,0,44,0,44,0,21,54,0,75,307,0,307,382
11/26/2000,FMN,NM,ASW,WE,Federal Contract Tower,0,23,9,0,32,0,1,55,2,58,0,24,64,2,90,303,0,303,393
11/27/2000,FMN,NM,ASW,WE,Federal Contract Tower,0,33,14,0,47,0,0,59,0,59,0,33,73,0,106,412,0,412,518
11/28/2000,FMN,NM,ASW,WE,Federal Contract Tower,0,32,12,0,44,0,5,53,0,58,0,37,65,0,102,383,0,383,485
11/29/2000,FMN,NM,ASW,WE,Federal Contract Tower,0,37,15,0,52,0,4,61,0,65,0,41,76,0,117,394,0,394,511
11/30/2000,FMN,NM,ASW,WE,Federal Contract Tower,0,32,13,0,45,0,5,46,0,51,0,37,59,0,96,287,0,287,383
12/01/2000,FMN,NM,ASW,WE,Federal Contract Tower,0,36,14,0,50,0,0,54,6,60,0,36,68,6,110,393,0,393,503
12/02/2000,FMN,NM,ASW,WE,Federal Contract Tower,0,17,7,0,24,0,5,41,0,46,0,22,48,0,70,805,0,805,875
12/03/2000,FMN,NM,ASW,WE,Federal Contract Tower,0,24,9,0,33,0,2,43,2,47,0,26,52,2,80,250,0,250,330
12/04/2000,FMN,NM,ASW,WE,Federal Contract Tower,0,25,9,0,34,0,6,57,0,63,0,31,66,0,97,386,0,386,483
12/05/2000,FMN,NM,ASW,WE,Federal Contract Tower,0,32,12,0,44,0,0,64,0,64,0,32,76,0,108,388,0,388,496
12/06/2000,FMN,NM,ASW,WE,Federal Contract Tower,0,36,13,0,49,0,0,56,2,58,0,36,69,2,107,289,0,289,396
12/07/2000,FMN,NM,ASW,WE,Federal Contract Tower,0,37,14,0,51,0,0,59,0,59,0,37,73,0,110,379,0,379,489
12/08/2000,FMN,NM,ASW,WE,Federal Contract Tower,0,36,13,0,49,0,2,40,0,42,0,38,53,0,91,415,0,415,506
12/09/2000,FMN,NM,ASW,WE,Federal Contract Tower,0,21,7,0,28,0,5,29,0,34,0,26,36,0,62,247,0,247,309
12/10/2000,FMN,NM,ASW,WE,Federal Contract Tower,0,26,10,0,36,0,0,25,0,25,0,26,35,0,61,302,0,302,363
12/11/2000,FMN,NM,ASW,WE,Federal Contract Tower,0,33,11,1,45,0,0,55,5,60,0,33,66,6,105,390,6,396,501
12/12/2000,FMN,NM,ASW,WE,Federal Contract Tower,0,35,12,0,47,0,5,45,0,50,0,40,57,0,97,386,0,386,483
12/13/2000,FMN,NM,ASW,WE,Federal Contract Tower,0,38,12,0,50,0,0,53,0,53,0,38,65,0,103,381,0,381,484
12/14/2000,FMN,NM,ASW,WE,Federal Contract Tower,0,39,12,0,51,0,1,56,0,57,0,40,68,0,108,332,0,332,440
12/15/2000,FMN,NM,ASW,WE,Federal Contract Tower,0,34,11,0,45,0,4,20,0,24,0,38,31,0,69,377,0,377,446
12/16/2000,FMN,NM,ASW,WE,Federal Contract Tower,0,22,7,0,29,0,1,24,2,27,0,23,31,2,56,286,0,286,342
12/17/2000,FMN,NM,ASW,WE,Federal Contract Tower,0,25,8,0,33,0,3,40,0,43,0,28,48,0,76,317,0,317,393
12/18/2000,FMN,NM,ASW,WE,Federal Contract Tower,0,29,10,0,39,0,0,63,0,63,0,29,73,0,102,291,0,291,393
12/19/2000,FMN,NM,ASW,WE,Federal Contract Tower,0,33,10,0,43,0,4,51,0,55,0,37,61,0,98,389,0,389,487
12/20/2000,FMN,NM,ASW,WE,Federal Contract Tower,0,34,13,0,47,0,0,67,2,69,0,34,80,2,116,270,0,270,386
12/21/2000,FMN,NM,ASW,WE,Federal Contract Tower,0,36,11,0,47,0,1,88,0,89,0,37,99,0,136,240,0,240,376
12/22/2000,FMN,NM,ASW,WE,Federal Contract Tower,0,30,9,0,39,0,9,34,0,43,0,39,43,0,82,180,0,180,262
12/23/2000,FMN,NM,ASW,WE,Federal Contract Tower,0,19,6,0,25,0,3,68,0,71,0,22,74,0,96,82,0,82,178
12/24/2000,FMN,NM,ASW,WE,Federal Contract Tower,0,15,5,0,20,0,2,22,0,24,0,17,27,0,44,80,0,80,124
12/25/2000,FMN,NM,ASW,WE,Federal Contract Tower,0,14,4,0,18,0,0,0,0,0,0,14,4,0,18,0,0,0,18
12/26/2000,FMN,NM,ASW,WE,Federal Contract Tower,0,30,10,0,40,0,0,39,0,39,0,30,49,0,79,4,0,4,83
12/27/2000,FMN,NM,ASW,WE,Federal Contract Tower,0,35,11,0,46,0,0,44,0,44,0,35,55,0,90,94,0,94,184
12/28/2000,FMN,NM,ASW,WE,Federal Contract Tower,0,27,9,0,36,0,7,38,0,45,0,34,47,0,81,106,0,106,187
12/29/2000,FMN,NM,ASW,WE,Federal Contract Tower,0,33,11,0,44,0,7,44,0,51,0,40,55,0,95,92,0,92,187
12/30/2000,FMN,NM,ASW,WE,Federal Contract Tower,0,21,7,0,28,0,0,52,0,52,0,21,59,0,80,184,0,184,264
12/31/2000,FMN,NM,ASW,WE,Federal Contract Tower,0,13,4,0,17,0,3,39,0,42,0,16,43,0,59,39,0,39,98
01/01/2001,FMN,NM,ASW,WE,Federal Contract Tower,0,21,10,0,31,0,2,50,0,52,0,23,60,0,83,102,0,102,185
01/02/2001,FMN,NM,ASW,WE,Federal Contract Tower,0,24,11,0,35,0,7,33,0,40,0,31,44,0,75,184,0,184,259
01/03/2001,FMN,NM,ASW,WE,Federal Contract Tower,0,26,11,0,37,0,8,73,0,81,0,34,84,0,118,184,0,184,302
01/04/2001,FMN,NM,ASW,WE,Federal Contract Tower,0,25,10,1,36,0,6,61,1,68,0,31,71,2,104,188,0,188,292
01/05/2001,FMN,NM,ASW,WE,Federal Contract Tower,0,31,13,0,44,0,4,49,0,53,0,35,62,0,97,292,0,292,389
01/06/2001,FMN,NM,ASW,WE,Federal Contract Tower,0,17,7,0,24,0,3,45,0,48,0,20,52,0,72,278,0,278,350
01/07/2001,FMN,NM,ASW,WE,Federal Contract Tower,0,18,8,0,26,0,7,51,0,58,0,25,59,0,84,203,0,203,287
01/08/2001,FMN,NM,ASW,WE,Federal Contract Tower,0,28,12,1,41,0,6,79,1,86,0,34,91,2,127,298,0,298,425
01/09/2001,FMN,NM,ASW,WE,Federal Contract Tower,0,38,19,0,57,0,0,29,0,29,0,38,48,0,86,106,0,106,192
01/10/2001,FMN,NM,ASW,WE,Federal Contract Tower,0,38,17,0,55,0,0,19,0,19,0,38,36,0,74,80,0,80,154
01/11/2001,FMN,NM,ASW,WE,Federal Contract Tower,0,33,16,1,50,0,0,51,11,62,0,33,67,12,112,269,0,269,381
01/12/2001,FMN,NM,ASW,WE,Federal Contract Tower,0,33,14,0,47,0,3,19,0,22,0,36,33,0,69,120,8,128,197
01/13/2001,FMN,NM,ASW,WE,Federal Contract Tower,0,16,7,0,23,0,3,18,0,21,0,19,25,0,44,105,0,105,149
01/14/2001,FMN,NM,ASW,WE,Federal Contract Tower,0,22,9,0,31,0,4,35,0,39,0,26,44,0,70,195,0,195,265
01/15/2001,FMN,NM,ASW,WE,Federal Contract Tower,0,31,13,0,44,0,0,55,0,55,0,31,68,0,99,261,0,261,360
01/16/2001,FMN,NM,ASW,WE,Federal Contract Tower,0,30,13,0,43,0,0,14,0,14,0,30,27,0,57,182,0,182,239
01/17/2001,FMN,NM,ASW,WE,Federal Contract Tower,0,38,18,0,56,0,0,45,0,45,0,38,63,0,101,189,0,189,290
01/18/2001,FMN,NM,ASW,WE,Federal Contract Tower,0,33,13,0,46,0,1,49,0,50,0,34,62,0,96,283,0,283,379
01/19/2001,FMN,NM,ASW,WE,Federal Contract Tower,0,37,15,0,52,0,2,53,0,55,0,39,68,0,107,342,0,342,449
01/20/2001,FMN,NM,ASW,WE,Federal Contract Tower,0,24,10,0,34,0,5,30,8,43,0,29,40,8,77,183,0,183,260
01/21/2001,FMN,NM,ASW,WE,Federal Contract Tower,0,26,10,0,36,0,0,71,2,73,0,26,81,2,109,159,0,159,268
01/22/2001,FMN,NM,ASW,WE,Federal Contract Tower,0,33,13,0,46,0,2,29,0,31,0,35,42,0,77,312,0,312,389
01/23/2001,FMN,NM,ASW,WE,Federal Contract Tower,0,42,17,0,59,0,1,11,0,12,0,43,28,0,71,107,0,107,178
01/24/2001,FMN,NM,ASW,WE,Federal Contract Tower,0,38,18,0,56,0,0,48,0,48,0,38,66,0,104,158,0,158,262
01/25/2001,FMN,NM,ASW,WE,Federal Contract Tower,0,32,16,0,48,0,0,21,0,21,0,32,37,0,69,149,0,149,218
01/26/2001,FMN,NM,ASW,WE,Federal Contract Tower,0,37,15,0,52,0,0,69,0,69,0,37,84,0,121,280,0,280,401
01/27/2001,FMN,NM,ASW,WE,Federal Contract Tower,0,15,5,0,20,0,1,2,0,3,0,16,7,0,23,12,0,12,35
01/28/2001,FMN,NM,ASW,WE,Federal Contract Tower,0,22,8,0,30,0,2,0,0,2,0,24,8,0,32,188,0,188,220
01/29/2001,FMN,NM,ASW,WE,Federal Contract Tower,0,30,13,0,43,0,0,82,0,82,0,30,95,0,125,266,0,266,391
01/30/2001,FMN,NM,ASW,WE,Federal Contract Tower,0,36,14,0,50,0,0,38,0,38,0,36,52,0,88,286,0,286,374
01/31/2001,FMN,NM,ASW,WE,Federal Contract Tower,0,39,16,0,55,0,0,61,0,61,0,39,77,0,116,357,0,357,473
02/01/2001,FMN,NM,ASW,WE,Federal Contract Tower,0,36,15,0,51,0,0,60,0,60,0,36,75,0,111,309,0,309,420
02/02/2001,FMN,NM,ASW,WE,Federal Contract Tower,0,36,14,0,50,0,1,48,5,54,0,37,62,5,104,285,2,287,391
02/03/2001,FMN,NM,ASW,WE,Federal Contract Tower,0,21,9,0,30,0,3,51,0,54,0,24,60,0,84,283,0,283,367
02/04/2001,FMN,NM,ASW,WE,Federal Contract Tower,0,23,10,0,33,0,4,50,0,54,0,27,60,0,87,288,0,288,375
02/05/2001,FMN,NM,ASW,WE,Federal Contract Tower,0,32,12,1,45,0,1,69,0,70,0,33,81,1,115,365,2,367,482
02/06/2001,FMN,NM,ASW,WE,Federal Contract Tower,0,30,11,0,41,0,6,62,0,68,0,36,73,0,109,389,0,389,498
02/07/2001,FMN,NM,ASW,WE,Federal Contract Tower,0,30,11,0,41,0,0,40,0,40,0,30,51,0,81,200,0,200,281
02/08/2001,FMN,NM,ASW,WE,Federal Contract Tower,0,11,6,0,17,0,0,8,0,8,0,11,14,0,25,0,0,0,25
02/09/2001,FMN,NM,ASW,WE,Federal Contract Tower,0,38,14,1,53,0,0,57,2,59,0,38,71,3,112,271,0,271,383
02/10/2001,FMN,NM,ASW,WE,Federal Contract Tower,0,21,8,0,29,0,4,34,0,38,0,25,42,0,67,368,0,368,435
02/11/2001,FMN,NM,ASW,WE,Federal Contract Tower,0,22,8,0,30,0,0,56,0,56,0,22,64,0,86,249,0,249,335
02/12/2001,FMN,NM,ASW,WE,Federal Contract Tower,0,36,13,0,49,0,1,76,0,77,0,37,89,0,126,383,0,383,509
02/13/2001,FMN,NM,ASW,WE,Federal Contract Tower,0,31,11,0,42,0,0,90,0,90,0,31,101,0,132,328,0,328,460
02/14/2001,FMN,NM,ASW,WE,Federal Contract Tower,0,35,13,1,49,0,1,35,3,39,0,36,48,4,88,296,0,296,384
02/15/2001,FMN,NM,ASW,WE,Federal Contract Tower,0,33,12,1,46,0,10,34,1,45,0,43,46,2,91,199,0,199,290
02/16/2001,FMN,NM,ASW,WE,Federal Contract Tower,0,28,10,0,38,0,8,51,0,59,0,36,61,0,97,328,0,328,425
02/17/2001,FMN,NM,ASW,WE,Federal Contract Tower,0,15,5,0,20,0,8,60,0,68,0,23,65,0,88,343,0,343,431
02/18/2001,FMN,NM,ASW,WE,Federal Contract Tower,0,27,12,0,39,0,0,79,0,79,0,27,91,0,118,258,0,258,376
02/19/2001,FMN,NM,ASW,WE,Federal Contract Tower,0,27,10,0,37,0,9,58,1,68,0,36,68,1,105,371,0,371,476
02/20/2001,FMN,NM,ASW,WE,Federal Contract Tower,0,33,12,0,45,0,3,53,2,58,0,36,65,2,103,362,0,362,465
02/21/2001,FMN,NM,ASW,WE,Federal Contract Tower,0,37,16,0,53,0,0,98,0,98,0,37,114,0,151,379,0,379,530
02/22/2001,FMN,NM,ASW,WE,Federal Contract Tower,0,38,14,0,52,0,0,101,0,101,0,38,115,0,153,349,0,349,502
02/23/2001,FMN,NM,ASW,WE,Federal Contract Tower,0,39,14,0,53,0,1,38,0,39,0,40,52,0,92,241,0,241,333
02/24/2001,FMN,NM,ASW,WE,Federal Contract Tower,0,23,8,0,31,0,5,33,0,38,0,28,41,0,69,251,0,251,320
02/25/2001,FMN,NM,ASW,WE,Federal Contract Tower,0,21,7,0,28,0,6,28,0,34,0,27,35,0,62,277,0,277,339
02/26/2001,FMN,NM,ASW,WE,Federal Contract Tower,0,41,17,0,58,0,0,17,0,17,0,41,34,0,75,187,0,187,262
02/27/2001,FMN,NM,ASW,WE,Federal Contract Tower,0,37,14,0,51,0,1,28,0,29,0,38,42,0,80,383,0,383,463
02/28/2001,FMN,NM,ASW,WE,Federal Contract Tower,0,36,17,0,53,0,0,23,0,23,0,36,40,0,76,192,0,192,268
03/01/2001,FMN,NM,ASW,WE,Federal Contract Tower,0,37,16,0,53,0,0,86,0,86,0,37,102,0,139,345,0,345,484
03/02/2001,FMN,NM,ASW,WE,Federal Contract Tower,0,38,15,0,53,0,3,67,4,74,0,41,82,4,127,334,0,334,461
03/03/2001,FMN,NM,ASW,WE,Federal Contract Tower,0,23,10,0,33,0,3,97,0,100,0,26,107,0,133,247,0,247,380
03/04/2001,FMN,NM,ASW,WE,Federal Contract Tower,0,23,9,0,32,0,1,101,8,110,0,24,110,8,142,286,0,286,428
03/05/2001,FMN,NM,ASW,WE,Federal Contract Tower,0,30,12,0,42,0,5,57,0,62,0,35,69,0,104,387,0,387,491
03/06/2001,FMN,NM,ASW,WE,Federal Contract Tower,0,37,14,0,51,0,1,51,4,56,0,38,65,4,107,395,0,395,502
03/07/2001,FMN,NM,ASW,WE,Federal Contract Tower,0,39,18,0,57,0,0,37,0,37,0,39,55,0,94,145,0,145,239
03/08/2001,FMN,NM,ASW,WE,Federal Contract Tower,0,44,18,0,62,0,0,25,0,25,0,44,43,0,87,198,0,198,285
03/09/2001,FMN,NM,ASW,WE,Federal Contract Tower,0,36,15,1,52,0,0,73,1,74,0,36,88,2,126,346,0,346,472
03/10/2001,FMN,NM,ASW,WE,Federal Contract Tower,0,23,9,0,32,0,2,7,0,9,0,25,16,0,41,168,0,168,209
03/11/2001,FMN,NM,ASW,WE,Federal Contract Tower,0,28,11,1,40,0,0,30,1,31,0,28,41,2,71,87,0,87,158
03/12/2001,FMN,NM,ASW,WE,Federal Contract Tower,0,38,15,0,53,0,0,102,0,102,0,38,117,0,155,343,0,343,498
03/13/2001,FMN,NM,ASW,WE,Federal Contract Tower,0,39,14,0,53,0,3,104,0,107,0,42,118,0,160,423,0,423,583
03/14/2001,FMN,NM,ASW,WE,Federal Contract Tower,0,33,12,0,45,0,3,26,0,29,0,36,38,0,74,191,0,191,265
03/15/2001,FMN,NM,ASW,WE,Federal Contract Tower,0,31,12,0,43,0,10,50,0,60,0,41,62,0,103,333,0,333,436
03/16/2001,FMN,NM,ASW,WE,Federal Contract Tower,0,37,14,0,51,0,0,47,2,49,0,37,61,2,100,382,0,382,482
03/17/2001,FMN,NM,ASW,WE,Federal Contract Tower,0,23,8,0,31,0,5,14,0,19,0,28,22,0,50,155,0,155,205
03/18/2001,FMN,NM,ASW,WE,Federal Contract Tower,0,27,10,0,37,0,0,50,0,50,0,27,60,0,87,195,0,195,282
03/19/2001,FMN,NM,ASW,WE,Federal Contract Tower,0,37,13,0,50,0,3,115,1,119,0,40,128,1,169,399,0,399,568
03/20/2001,FMN,NM,ASW,WE,Federal Contract Tower,0,35,12,0,47,0,13,83,0,96,0,48,95,0,143,548,0,548,691
03/21/2001,FMN,NM,ASW,WE,Federal Contract Tower,0,43,15,0,58,0,1,112,0,113,0,44,127,0,171,390,0,390,561
03/22/2001,FMN,NM,ASW,WE,Federal Contract Tower,0,35,12,0,47,0,5,83,4,92,0,40,95,4,139,452,0,452,591
03/23/2001,FMN,NM,ASW,WE,Federal Contract Tower,0,34,12,0,46,0,12,56,0,68,0,46,68,0,114,452,0,452,566
03/24/2001,FMN,NM,ASW,WE,Federal Contract Tower,0,27,10,0,37,0,10,50,0,60,0,37,60,0,97,266,0,266,363
03/25/2001,FMN,NM,ASW,WE,Federal Contract Tower,0,27,10,0,37,0,2,42,0,44,0,29,52,0,81,185,0,185,266
03/26/2001,FMN,NM,ASW,WE,Federal Contract Tower,0,29,10,0,39,0,3,45,0,48,0,32,55,0,87,462,0,462,549
03/27/2001,FMN,NM,ASW,WE,Federal Contract Tower,0,32,12,0,44,0,11,35,4,50,0,43,47,4,94,320,0,320,414
03/28/2001,FMN,NM,ASW,WE,Federal Contract Tower,0,37,13,0,50,0,3,51,0,54,0,40,64,0,104,184,0,184,288
03/29/2001,FMN,NM,ASW,WE,Federal Contract Tower,0,27,9,0,36,0,7,55,0,62,0,34,64,0,98,193,0,193,291
03/30/2001,FMN,NM,ASW,WE,Federal Contract Tower,0,36,13,0,49,0,11,59,0,70,0,47,72,0,119,250,0,250,369
03/31/2001,FMN,NM,ASW,WE,Federal Contract Tower,0,24,9,0,33,0,8,51,2,61,0,32,60,2,94,225,0,225,319
04/01/2001,FMN,NM,ASW,WE,Federal Contract Tower,0,38,12,0,50,0,0,69,0,69,0,38,81,0,119,194,0,194,313
04/02/2001,FMN,NM,ASW,WE,Federal Contract Tower,0,45,7,0,52,0,0,68,0,68,0,45,75,0,120,350,0,350,470
04/03/2001,FMN,NM,ASW,WE,Federal Contract Tower,0,36,7,0,43,0,20,60,0,80,0,56,67,0,123,366,0,366,489
04/04/2001,FMN,NM,ASW,WE,Federal Contract Tower,0,38,18,0,56,0,8,72,0,80,0,46,90,0,136,355,0,355,491
04/05/2001,FMN,NM,ASW,WE,Federal Contract Tower,0,32,22,0,54,0,4,45,0,49,0,36,67,0,103,241,0,241,344
04/06/2001,FMN,NM,ASW,WE,Federal Contract Tower,0,40,32,0,72,0,9,21,0,30,0,49,53,0,102,136,0,136,238
04/07/2001,FMN,NM,ASW,WE,Federal Contract Tower,0,24,7,0,31,0,10,43,0,53,0,34,50,0,84,290,0,290,374
04/08/2001,FMN,NM,ASW,WE,Federal Contract Tower,0,34,6,0,40,0,0,16,0,16,0,34,22,0,56,208,0,208,264
04/09/2001,FMN,NM,ASW,WE,Federal Contract Tower,0,45,4,0,49,0,0,71,6,77,0,45,75,6,126,382,0,382,508
04/10/2001,FMN,NM,ASW,WE,Federal Contract Tower,0,39,10,0,49,0,10,51,0,61,0,49,61,0,110,250,0,250,360
04/11/2001,FMN,NM,ASW,WE,Federal Contract Tower,0,31,15,0,46,0,6,58,0,64,0,37,73,0,110,161,0,161,271
04/12/2001,FMN,NM,ASW,WE,Federal Contract Tower,0,33,17,0,50,0,7,51,0,58,0,40,68,0,108,295,0,295,403
04/13/2001,FMN,NM,ASW,WE,Federal Contract Tower,0,33,12,0,45,0,8,76,0,84,0,41,88,0,129,380,0,380,509
04/14/2001,FMN,NM,ASW,WE,Federal Contract Tower,0,19,8,0,27,0,5,49,2,56,0,24,57,2,83,294,0,294,377
04/15/2001,FMN,NM,ASW,WE,Federal Contract Tower,0,24,7,0,31,0,0,50,0,50,0,24,57,0,81,125,0,125,206
04/16/2001,FMN,NM,ASW,WE,Federal Contract Tower,2,40,11,0,53,0,0,107,0,107,2,40,118,0,160,388,0,388,548
04/17/2001,FMN,NM,ASW,WE,Federal Contract Tower,0,31,17,0,48,0,12,60,3,75,0,43,77,3,123,398,0,398,521
04/18/2001,FMN,NM,ASW,WE,Federal Contract Tower,0,37,5,0,42,0,6,75,42,123,0,43,80,42,165,361,0,361,526
04/19/2001,FMN,NM,ASW,WE,Federal Contract Tower,0,34,10,0,44,0,4,50,0,54,0,38,60,0,98,240,0,240,338
04/20/2001,FMN,NM,ASW,WE,Federal Contract Tower,0,38,10,0,48,0,11,31,0,42,0,49,41,0,90,62,0,62,152
04/21/2001,FMN,NM,ASW,WE,Federal Contract Tower,0,21,4,0,25,0,7,18,0,25,0,28,22,0,50,190,0,190,240
04/22/2001,FMN,NM,ASW,WE,Federal Contract Tower,0,27,15,0,42,0,0,20,0,20,0,27,35,0,62,20,0,20,82
04/23/2001,FMN,NM,ASW,WE,Federal Contract Tower,2,42,10,0,54,0,0,119,0,119,2,42,129,0,173,450,0,450,623
04/24/2001,FMN,NM,ASW,WE,Federal Contract Tower,0,38,9,0,47,0,10,74,2,86,0,48,83,2,133,412,0,412,545
04/25/2001,FMN,NM,ASW,WE,Federal Contract Tower,0,34,18,0,52,0,9,61,0,70,0,43,79,0,122,363,0,363,485
04/26/2001,FMN,NM,ASW,WE,Federal Contract Tower,0,34,7,0,41,0,13,63,0,76,0,47,70,0,117,349,0,349,466
04/27/2001,FMN,NM,ASW,WE,Federal Contract Tower,0,32,7,0,39,0,15,55,5,75,0,47,62,5,114,270,0,270,384
04/28/2001,FMN,NM,ASW,WE,Federal Contract Tower,0,21,2,1,24,0,5,46,2,53,0,26,48,3,77,138,0,138,215
04/29/2001,FMN,NM,ASW,WE,Federal Contract Tower,0,28,4,0,32,0,0,70,1,71,0,28,74,1,103,184,0,184,287
04/30/2001,FMN,NM,ASW,WE,Federal Contract Tower,0,40,7,0,47,0,0,62,0,62,0,40,69,0,109,346,0,346,455
05/01/2001,FMN,NM,ASW,WE,Federal Contract Tower,0,33,14,0,47,0,9,50,0,59,0,42,64,0,106,380,0,380,486
05/02/2001,FMN,NM,ASW,WE,Federal Contract Tower,0,35,7,0,42,0,10,47,0,57,0,45,54,0,99,182,0,182,281
05/03/2001,FMN,NM,ASW,WE,Federal Contract Tower,0,36,25,2,63,0,5,11,0,16,0,41,36,2,79,57,0,57,136
05/04/2001,FMN,NM,ASW,WE,Federal Contract Tower,0,37,18,0,55,0,5,38,0,43,0,42,56,0,98,183,0,183,281
05/05/2001,FMN,NM,ASW,WE,Federal Contract Tower,0,19,9,0,28,0,5,31,0,36,0,24,40,0,64,96,0,96,160
05/06/2001,FMN,NM,ASW,WE,Federal Contract Tower,0,33,8,0,41,0,0,70,0,70,0,33,78,0,111,138,0,138,249
05/07/2001,FMN,NM,ASW,WE,Federal Contract Tower,0,39,4,0,43,0,0,68,0,68,0,39,72,0,111,350,0,350,461
05/08/2001,FMN,NM,ASW,WE,Federal Contract Tower,0,35,13,0,48,0,6,65,0,71,0,41,78,0,119,392,0,392,511
05/09/2001,FMN,NM,ASW,WE,Federal Contract Tower,0,36,9,0,45,0,8,56,0,64,0,44,65,0,109,179,0,179,288
05/10/2001,FMN,NM,ASW,WE,Federal Contract Tower,0,34,12,0,46,0,2,66,0,68,0,36,78,0,114,286,0,286,400
05/11/2001,FMN,NM,ASW,WE,Federal Contract Tower,0,36,12,0,48,0,6,65,0,71,0,42,77,0,119,303,0,303,422
05/12/2001,FMN,NM,ASW,WE,Federal Contract Tower,0,22,4,0,26,0,6,75,0,81,0,28,79,0,107,346,0,346,453
05/13/2001,FMN,NM,ASW,WE,Federal Contract Tower,0,30,13,0,43,0,0,42,0,42,0,30,55,0,85,181,0,181,266
05/14/2001,FMN,NM,ASW,WE,Federal Contract Tower,0,34,7,4,45,0,7,63,37,107,0,41,70,41,152,393,0,393,545
05/15/2001,FMN,NM,ASW,WE,Federal Contract Tower,0,36,14,0,50,0,9,56,14,79,0,45,70,14,129,408,0,408,537
05/16/2001,FMN,NM,ASW,WE,Federal Contract Tower,0,34,12,2,48,0,7,59,0,66,0,41,71,2,114,356,0,356,470
05/17/2001,FMN,NM,ASW,WE,Federal Contract Tower,0,39,12,0,51,0,4,44,0,48,0,43,56,0,99,268,0,268,367
05/18/2001,FMN,NM,ASW,WE,Federal Contract Tower,0,36,8,0,44,0,7,73,6,86,0,43,81,6,130,202,0,202,332
05/19/2001,FMN,NM,ASW,WE,Federal Contract Tower,0,24,12,0,36,0,1,65,2,68,0,25,77,2,104,249,0,249,353
05/20/2001,FMN,NM,ASW,WE,Federal Contract Tower,0,29,10,0,39,0,0,86,0,86,0,29,96,0,125,211,0,211,336
05/21/2001,FMN,NM,ASW,WE,Federal Contract Tower,0,33,8,0,41,0,5,54,0,59,0,38,62,0,100,253,0,253,353
05/22/2001,FMN,NM,ASW,WE,Federal Contract Tower,0,30,22,0,52,0,5,78,0,83,0,35,100,0,135,515,0,515,650
05/23/2001,FMN,NM,ASW,WE,Federal Contract Tower,0,34,10,0,44,0,7,90,0,97,0,41,100,0,141,478,0,478,619
05/24/2001,FMN,NM,ASW,WE,Federal Contract Tower,0,33,16,0,49,0,4,64,0,68,0,37,80,0,117,337,0,337,454
05/25/2001,FMN,NM,ASW,WE,Federal Contract Tower,0,34,5,0,39,0,10,77,0,87,0,44,82,0,126,295,0,295,421
05/26/2001,FMN,NM,ASW,WE,Federal Contract Tower,0,21,7,0,28,0,6,54,0,60,0,27,61,0,88,365,2,367,455
05/27/2001,FMN,NM,ASW,WE,Federal Contract Tower,0,23,2,0,25,0,0,45,0,45,0,23,47,0,70,285,0,285,355
05/28/2001,FMN,NM,ASW,WE,Federal Contract Tower,0,21,7,0,28,0,2,71,0,73,0,23,78,0,101,484,0,484,585
05/29/2001,FMN,NM,ASW,WE,Federal Contract Tower,0,34,17,0,51,0,2,56,0,58,0,36,73,0,109,406,0,406,515
05/30/2001,FMN,NM,ASW,WE,Federal Contract Tower,0,37,14,0,51,0,4,60,0,64,0,41,74,0,115,369,0,369,484
05/31/2001,FMN,NM,ASW,WE,Federal Contract Tower,0,34,14,0,48,0,4,61,0,65,0,38,75,0,113,358,0,358,471
06/01/2001,FMN,NM,ASW,WE,Federal Contract Tower,0,34,7,0,41,0,13,62,2,77,0,47,69,2,118,390,0,390,508
06/02/2001,FMN,NM,ASW,WE,Federal Contract Tower,0,22,2,0,24,0,8,46,0,54,0,30,48,0,78,389,0,389,467
06/03/2001,FMN,NM,ASW,WE,Federal Contract Tower,0,32,2,0,34,0,0,33,3,36,0,32,35,3,70,212,0,212,282
06/04/2001,FMN,NM,ASW,WE,Federal Contract Tower,0,38,11,0,49,0,0,60,0,60,0,38,71,0,109,483,0,483,592
06/05/2001,FMN,NM,ASW,WE,Federal Contract Tower,0,34,10,0,44,0,9,61,0,70,0,43,71,0,114,591,0,591,705
06/06/2001,FMN,NM,ASW,WE,Federal Contract Tower,0,37,19,0,56,0,7,62,2,71,0,44,81,2,127,437,0,437,564
06/07/2001,FMN,NM,ASW,WE,Federal Contract Tower,0,35,8,0,43,0,8,78,0,86,0,43,86,0,129,484,0,484,613
06/08/2001,FMN,NM,ASW,WE,Federal Contract Tower,0,32,13,0,45,0,11,62,0,73,0,43,75,0,118,460,0,460,578
06/09/2001,FMN,NM,ASW,WE,Federal Contract Tower,0,23,12,0,35,0,5,47,0,52,0,28,59,0,87,524,0,524,611
06/10/2001,FMN,NM,ASW,WE,Federal Contract Tower,0,30,6,0,36,0,4,45,0,49,0,34,51,0,85,352,0,352,437
06/11/2001,FMN,NM,ASW,WE,Federal Contract Tower,0,40,9,0,49,0,0,90,0,90,0,40,99,0,139,536,0,536,675
06/12/2001,FMN,NM,ASW,WE,Federal Contract Tower,0,37,6,0,43,0,9,71,0,80,0,46,77,0,123,487,0,487,610
06/13/2001,FMN,NM,ASW,WE,Federal Contract Tower,0,31,11,0,42,0,7,50,0,57,0,38,61,0,99,364,0,364,463
06/14/2001,FMN,NM,ASW,WE,Federal Contract Tower,0,35,11,0,46,0,2,75,0,77,0,37,86,0,123,509,0,509,632
06/15/2001,FMN,NM,ASW,WE,Federal Contract Tower,0,33,14,0,47,0,5,72,0,77,0,38,86,0,124,427,0,427,551
06/16/2001,FMN,NM,ASW,WE,Federal Contract Tower,0,24,7,0,31,0,5,49,0,54,0,29,56,0,85,424,0,424,509
06/17/2001,FMN,NM,ASW,WE,Federal Contract Tower,0,30,4,0,34,0,6,54,0,60,0,36,58,0,94,241,0,241,335
06/18/2001,FMN,NM,ASW,WE,Federal Contract Tower,0,34,10,0,44,0,1,64,0,65,0,35,74,0,109,507,0,507,616
06/19/2001,FMN,NM,ASW,WE,Federal Contract Tower,0,34,9,3,46,0,3,130,12,145,0,37,139,15,191,587,16,603,794
06/20/2001,FMN,NM,ASW,WE,Federal Contract Tower,0,40,17,0,57,0,6,83,0,89,0,46,100,0,146,476,0,476,622
06/21/2001,FMN,NM,ASW,WE,Federal Contract Tower,0,33,8,0,41,0,8,81,0,89,0,41,89,0,130,297,0,297,427
06/22/2001,FMN,NM,ASW,WE,Federal Contract Tower,0,34,10,0,44,0,6,54,0,60,0,40,64,0,104,399,0,399,503
06/23/2001,FMN,NM,ASW,WE,Federal Contract Tower,0,25,5,0,30,0,7,42,0,49,0,32,47,0,79,464,0,464,543
06/24/2001,FMN,NM,ASW,WE,Federal Contract Tower,0,26,4,0,30,0,4,43,0,47,0,30,47,0,77,157,0,157,234
06/25/2001,FMN,NM,ASW,WE,Federal Contract Tower,0,36,11,0,47,0,4,51,0,55,0,40,62,0,102,426,0,426,528
06/26/2001,FMN,NM,ASW,WE,Federal Contract Tower,0,37,12,0,49,0,5,78,0,83,0,42,90,0,132,427,0,427,559
06/27/2001,FMN,NM,ASW,WE,Federal Contract Tower,0,34,12,0,46,0,7,85,0,92,0,41,97,0,138,392,0,392,530
06/28/2001,FMN,NM,ASW,WE,Federal Contract Tower,0,31,12,2,45,0,6,91,2,99,0,37,103,4,144,315,0,315,459
06/29/2001,FMN,NM,ASW,WE,Federal Contract Tower,0,33,12,0,45,0,7,59,4,70,0,40,71,4,115,255,0,255,370
06/30/2001,FMN,NM,ASW,WE,Federal Contract Tower,0,19,9,0,28,0,7,43,0,50,0,26,52,0,78,361,0,361,439
07/01/2001,FMN,NM,ASW,WE,Federal Contract Tower,0,19,11,0,30,0,3,49,0,52,0,22,60,0,82,108,0,108,190
07/02/2001,FMN,NM,ASW,WE,Federal Contract Tower,0,31,4,2,37,0,4,128,0,132,0,35,132,2,169,432,0,432,601
07/03/2001,FMN,NM,ASW,WE,Federal Contract Tower,0,26,5,0,31,0,25,75,0,100,0,51,80,0,131,482,0,482,613
07/04/2001,FMN,NM,ASW,WE,Federal Contract Tower,0,16,8,0,24,0,5,81,0,86,0,21,89,0,110,179,0,179,289
07/05/2001,FMN,NM,ASW,WE,Federal Contract Tower,0,28,12,0,40,0,8,65,0,73,0,36,77,0,113,299,0,299,412
07/06/2001,FMN,NM,ASW,WE,Federal Contract Tower,0,33,10,0,43,0,10,62,0,72,0,43,72,0,115,353,0,353,468
07/07/2001,FMN,NM,ASW,WE,Federal Contract Tower,0,22,5,0,27,0,8,57,0,65,0,30,62,0,92,394,0,394,486
07/08/2001,FMN,NM,ASW,WE,Federal Contract Tower,0,24,6,0,30,0,5,40,2,47,0,29,46,2,77,211,4,215,292
07/09/2001,FMN,NM,ASW,WE,Federal Contract Tower,0,31,4,0,35,0,8,89,1,98,0,39,93,1,133,403,0,403,536
07/10/2001,FMN,NM,ASW,WE,Federal Contract Tower,0,33,11,0,44,0,13,67,0,80,0,46,78,0,124,388,0,388,512
07/11/2001,FMN,NM,ASW,WE,Federal Contract Tower,0,36,12,0,48,0,8,87,0,95,0,44,99,0,143,297,0,297,440
07/12/2001,FMN,NM,ASW,WE,Federal Contract Tower,0,33,12,0,45,0,10,69,0,79,0,43,81,0,124,281,0,281,405
07/13/2001,FMN,NM,ASW,WE,Federal Contract Tower,0,31,8,0,39,0,7,56,0,63,0,38,64,0,102,209,0,209,311
07/14/2001,FMN,NM,ASW,WE,Federal Contract Tower,0,22,6,1,29,0,7,48,1,56,0,29,54,2,85,220,4,224,309
07/15/2001,FMN,NM,ASW,WE,Federal Contract Tower,0,22,6,0,28,0,6,55,0,61,0,28,61,0,89,177,0,177,266
07/16/2001,FMN,NM,ASW,WE,Federal Contract Tower,0,35,14,0,49,0,13,102,0,115,0,48,116,0,164,414,0,414,578
07/17/2001,FMN,NM,ASW,WE,Federal Contract Tower,0,33,14,0,47,0,11,64,0,75,0,44,78,0,122,408,0,408,530
07/18/2001,FMN,NM,ASW,WE,Federal Contract Tower,0,33,10,0,43,0,7,87,0,94,0,40,97,0,137,499,0,499,636
07/19/2001,FMN,NM,ASW,WE,Federal Contract Tower,0,32,17,0,49,0,13,66,0,79,0,45,83,0,128,384,0,384,512
07/20/2001,FMN,NM,ASW,WE,Federal Contract Tower,0,34,10,0,44,0,11,84,0,95,0,45,94,0,139,420,0,420,559
07/21/2001,FMN,NM,ASW,WE,Federal Contract Tower,0,25,10,2,37,0,6,57,1,64,0,31,67,3,101,398,0,398,499
07/22/2001,FMN,NM,ASW,WE,Federal Contract Tower,0,12,4,0,16,0,18,86,0,104,0,30,90,0,120,234,0,234,354
07/23/2001,FMN,NM,ASW,WE,Federal Contract Tower,0,31,9,0,40,0,9,109,0,118,0,40,118,0,158,496,0,496,654
07/24/2001,FMN,NM,ASW,WE,Federal Contract Tower,0,33,8,0,41,0,12,58,0,70,0,45,66,0,111,483,0,483,594
07/25/2001,FMN,NM,ASW,WE,Federal Contract Tower,0,32,14,0,46,0,8,82,1,91,0,40,96,1,137,372,0,372,509
07/26/2001,FMN,NM,ASW,WE,Federal Contract Tower,0,41,19,0,60,0,13,89,10,112,0,54,108,10,172,380,0,380,552
07/27/2001,FMN,NM,ASW,WE,Federal Contract Tower,0,35,7,0,42,0,10,84,0,94,0,45,91,0,136,345,0,345,481
07/28/2001,FMN,NM,ASW,WE,Federal Contract Tower,0,24,11,0,35,0,5,86,2,93,0,29,97,2,128,345,0,345,473
07/29/2001,FMN,NM,ASW,WE,Federal Contract Tower,0,30,10,0,40,0,4,75,2,81,0,34,85,2,121,325,0,325,446
07/30/2001,FMN,NM,ASW,WE,Federal Contract Tower,0,32,14,0,46,0,13,82,0,95,0,45,96,0,141,413,0,413,554
07/31/2001,FMN,NM,ASW,WE,Federal Contract Tower,0,39,13,0,52,0,10,78,0,88,0,49,91,0,140,455,0,455,595
08/01/2001,FMN,NM,ASW,WE,Federal Contract Tower,0,41,16,1,58,0,6,63,0,69,0,47,79,1,127,474,0,474,601
08/02/2001,FMN,NM,ASW,WE,Federal Contract Tower,0,39,13,0,52,0,10,97,0,107,0,49,110,0,159,432,0,432,591
08/03/2001,FMN,NM,ASW,WE,Federal Contract Tower,0,37,7,0,44,0,9,53,0,62,0,46,60,0,106,321,0,321,427
08/04/2001,FMN,NM,ASW,WE,Federal Contract Tower,0,19,9,2,30,0,8,71,0,79,0,27,80,2,109,243,0,243,352
08/05/2001,FMN,NM,ASW,WE,Federal Contract Tower,0,24,6,0,30,0,2,49,0,51,0,26,55,0,81,211,0,211,292
08/06/2001,FMN,NM,ASW,WE,Federal Contract Tower,0,33,6,0,39,0,6,112,0,118,0,39,118,0,157,462,0,462,619
08/07/2001,FMN,NM,ASW,WE,Federal Contract Tower,0,32,12,0,44,0,7,43,0,50,0,39,55,0,94,393,0,393,487
08/08/2001,FMN,NM,ASW,WE,Federal Contract Tower,0,36,16,0,52,0,10,56,2,68,0,46,72,2,120,368,0,368,488
08/09/2001,FMN,NM,ASW,WE,Federal Contract Tower,0,33,17,0,50,0,11,69,0,80,0,44,86,0,130,392,0,392,522
08/10/2001,FMN,NM,ASW,WE,Federal Contract Tower,0,34,13,0,47,0,10,79,0,89,0,44,92,0,136,375,0,375,511
08/11/2001,FMN,NM,ASW,WE,Federal Contract Tower,0,21,6,0,27,0,6,40,0,46,0,27,46,0,73,269,0,269,342
08/12/2001,FMN,NM,ASW,WE,Federal Contract Tower,0,27,10,0,37,0,2,50,0,52,0,29,60,0,89,124,0,124,213
08/13/2001,FMN,NM,ASW,WE,Federal Contract Tower,0,34,4,0,38,0,5,73,0,78,0,39,77,0,116,424,0,424,540
08/14/2001,FMN,NM,ASW,WE,Federal Contract Tower,0,36,16,0,52,0,13,46,0,59,0,49,62,0,111,377,0,377,488
08/15/2001,FMN,NM,ASW,WE,Federal Contract Tower,0,35,12,0,47,0,11,96,0,107,0,46,108,0,154,355,0,355,509
08/16/2001,FMN,NM,ASW,WE,Federal Contract Tower,0,36,12,0,48,0,10,50,0,60,0,46,62,0,108,283,0,283,391
08/17/2001,FMN,NM,ASW,WE,Federal Contract Tower,0,35,9,2,46,0,13,84,0,97,0,48,93,2,143,229,0,229,372
08/18/2001,FMN,NM,ASW,WE,Federal Contract Tower,0,22,4,0,26,0,7,45,0,52,0,29,49,0,78,122,0,122,200
08/19/2001,FMN,NM,ASW,WE,Federal Contract Tower,0,27,2,0,29,0,6,50,0,56,0,33,52,0,85,164,0,164,249
08/20/2001,FMN,NM,ASW,WE,Federal Contract Tower,0,40,11,0,51,0,8,72,0,80,0,48,83,0,131,281,0,281,412
08/21/2001,FMN,NM,ASW,WE,Federal Contract Tower,0,35,20,0,55,0,10,76,0,86,0,45,96,0,141,419,0,419,560
08/22/2001,FMN,NM,ASW,WE,Federal Contract Tower,0,36,13,0,49,0,6,64,0,70,0,42,77,0,119,193,0,193,312
08/23/2001,FMN,NM,ASW,WE,Federal Contract Tower,0,35,18,0,53,0,10,104,0,114,0,45,122,0,167,179,0,179,346
08/24/2001,FMN,NM,ASW,WE,Federal Contract Tower,0,35,9,2,46,0,13,90,0,103,0,48,99,2,149,188,0,188,337
08/25/2001,FMN,NM,ASW,WE,Federal Contract Tower,0,22,7,0,29,0,9,59,0,68,0,31,66,0,97,229,0,229,326
08/26/2001,FMN,NM,ASW,WE,Federal Contract Tower,0,25,5,0,30,0,2,64,0,66,0,27,69,0,96,146,0,146,242
08/27/2001,FMN,NM,ASW,WE,Federal Contract Tower,0,33,16,0,49,0,3,70,0,73,0,36,86,0,122,322,0,322,444
08/28/2001,FMN,NM,ASW,WE,Federal Contract Tower,0,35,14,0,49,0,9,81,0,90,0,44,95,0,139,398,0,398,537
08/29/2001,FMN,NM,ASW,WE,Federal Contract Tower,0,33,8,0,41,0,12,85,0,97,0,45,93,0,138,223,0,223,361
08/30/2001,FMN,NM,ASW,WE,Federal Contract Tower,0,32,15,0,47,0,9,71,0,80,0,41,86,0,127,130,0,130,257
08/31/2001,FMN,NM,ASW,WE,Federal Contract Tower,0,29,14,0,43,0,12,82,0,94,0,41,96,0,137,242,0,242,379
09/01/2001,FMN,NM,ASW,WE,Federal Contract Tower,0,17,10,0,27,0,5,77,0,82,0,22,87,0,109,158,0,158,267
09/02/2001,FMN,NM,ASW,WE,Federal Contract Tower,0,20,2,0,22,0,4,97,8,109,0,24,99,8,131,174,0,174,305
09/03/2001,FMN,NM,ASW,WE,Federal Contract Tower,0,20,6,0,26,0,4,114,0,118,0,24,120,0,144,372,0,372,516
09/04/2001,FMN,NM,ASW,WE,Federal Contract Tower,0,26,12,0,38,0,13,64,0,77,0,39,76,0,115,368,0,368,483
09/05/2001,FMN,NM,ASW,WE,Federal Contract Tower,0,40,67,0,107,0,0,41,0,41,0,40,108,0,148,269,0,269,417
09/06/2001,FMN,NM,ASW,WE,Federal Contract Tower,0,23,19,0,42,0,22,69,0,91,0,45,88,0,133,187,0,187,320
09/07/2001,FMN,NM,ASW,WE,Federal Contract Tower,0,23,20,0,43,0,21,61,0,82,0,44,81,0,125,185,0,185,310
09/08/2001,FMN,NM,ASW,WE,Federal Contract Tower,0,26,22,0,48,0,1,53,0,54,0,27,75,0,102,259,0,259,361
09/09/2001,FMN,NM,ASW,WE,Federal Contract Tower,0,13,11,0,24,0,20,61,1,82,0,33,72,1,106,228,0,228,334
09/10/2001,FMN,NM,ASW,WE,Federal Contract Tower,0,31,12,0,43,0,4,92,1,97,0,35,104,1,140,353,0,353,493
09/11/2001,FMN,NM,ASW,WE,Federal Contract Tower,0,4,5,0,9,0,2,20,0,22,0,6,25,0,31,15,0,15,46
09/12/2001,FMN,NM,ASW,WE,Federal Contract Tower,0,2,2,0,4,0,0,1,0,1,0,2,3,0,5,0,0,0,5
09/13/2001,FMN,NM,ASW,WE,Federal Contract Tower,0,13,13,0,26,0,0,9,0,9,0,13,22,0,35,0,0,0,35
09/14/2001,FMN,NM,ASW,WE,Federal Contract Tower,0,40,20,0,60,0,0,5,0,5,0,40,25,0,65,0,0,0,65
09/15/2001,FMN,NM,ASW,WE,Federal Contract Tower,0,27,24,0,51,0,0,1,0,1,0,27,25,0,52,8,0,8,60
09/16/2001,FMN,NM,ASW,WE,Federal Contract Tower,0,28,22,0,50,0,0,0,0,0,0,28,22,0,50,0,0,0,50
09/17/2001,FMN,NM,ASW,WE,Federal Contract Tower,0,27,31,0,58,0,0,0,0,0,0,27,31,0,58,0,0,0,58
09/18/2001,FMN,NM,ASW,WE,Federal Contract Tower,0,35,53,0,88,0,2,0,0,2,0,37,53,0,90,0,0,0,90
09/19/2001,FMN,NM,ASW,WE,Federal Contract Tower,0,24,44,0,68,0,2,0,0,2,0,26,44,0,70,2,0,2,72
09/20/2001,FMN,NM,ASW,WE,Federal Contract Tower,0,26,31,0,57,0,7,39,0,46,0,33,70,0,103,0,0,0,103
09/21/2001,FMN,NM,ASW,WE,Federal Contract Tower,0,28,25,0,53,0,7,44,1,52,0,35,69,1,105,30,0,30,135
09/22/2001,FMN,NM,ASW,WE,Federal Contract Tower,0,11,12,0,23,0,5,90,0,95,0,16,102,0,118,353,0,353,471
09/23/2001,FMN,NM,ASW,WE,Federal Contract Tower,0,13,5,0,18,0,4,61,0,65,0,17,66,0,83,216,0,216,299
09/24/2001,FMN,NM,ASW,WE,Federal Contract Tower,0,21,15,0,36,0,5,72,1,78,0,26,87,1,114,449,0,449,563
09/25/2001,FMN,NM,ASW,WE,Federal Contract Tower,0,25,16,0,41,0,13,74,0,87,0,38,90,0,128,422,0,422,550
09/26/2001,FMN,NM,ASW,WE,Federal Contract Tower,0,28,22,0,50,0,6,88,0,94,0,34,110,0,144,293,0,293,437
09/27/2001,FMN,NM,ASW,WE,Federal Contract Tower,0,21,20,0,41,0,10,114,0,124,0,31,134,0,165,270,0,270,435
09/28/2001,FMN,NM,ASW,WE,Federal Contract Tower,0,26,23,1,50,0,8,73,0,81,0,34,96,1,131,304,0,304,435
09/29/2001,FMN,NM,ASW,WE,Federal Contract Tower,0,13,7,0,20,0,8,72,0,80,0,21,79,0,100,336,0,336,436
09/30/2001,FMN,NM,ASW,WE,Federal Contract Tower,0,14,10,0,24,0,8,68,0,76,0,22,78,0,100,111,0,111,211
10/01/2001,FMN,NM,ASW,WE,Federal Contract Tower,0,21,12,0,33,0,6,67,0,73,0,27,79,0,106,317,0,317,423
10/02/2001,FMN,NM,ASW,WE,Federal Contract Tower,0,26,12,0,38,0,12,67,0,79,0,38,79,0,117,393,0,393,510
10/03/2001,FMN,NM,ASW,WE,Federal Contract Tower,0,26,14,0,40,0,10,91,0,101,0,36,105,0,141,344,0,344,485
10/04/2001,FMN,NM,ASW,WE,Federal Contract Tower,0,26,26,0,52,0,5,88,0,93,0,31,114,0,145,349,0,349,494
10/05/2001,FMN,NM,ASW,WE,Federal Contract Tower,0,24,25,2,51,0,10,74,0,84,0,34,99,2,135,274,8,282,417
10/06/2001,FMN,NM,ASW,WE,Federal Contract Tower,0,14,9,0,23,0,9,48,0,57,0,23,57,0,80,347,0,347,427
10/07/2001,FMN,NM,ASW,WE,Federal Contract Tower,0,20,15,0,35,0,2,55,0,57,0,22,70,0,92,366,0,366,458
10/08/2001,FMN,NM,ASW,WE,Federal Contract Tower,0,27,9,0,36,0,3,78,0,81,0,30,87,0,117,455,0,455,572
10/09/2001,FMN,NM,ASW,WE,Federal Contract Tower,0,37,29,0,66,0,8,60,0,68,0,45,89,0,134,409,0,409,543
10/10/2001,FMN,NM,ASW,WE,Federal Contract Tower,0,31,20,0,51,0,9,88,0,97,0,40,108,0,148,336,0,336,484
10/11/2001,FMN,NM,ASW,WE,Federal Contract Tower,0,26,13,0,39,0,9,96,0,105,0,35,109,0,144,359,0,359,503
10/12/2001,FMN,NM,ASW,WE,Federal Contract Tower,0,29,15,0,44,0,10,20,0,30,0,39,35,0,74,17,0,17,91
10/13/2001,FMN,NM,ASW,WE,Federal Contract Tower,0,19,5,0,24,0,6,52,0,58,0,25,57,0,82,281,0,281,363
10/14/2001,FMN,NM,ASW,WE,Federal Contract Tower,0,19,10,0,29,0,2,59,0,61,0,21,69,0,90,76,0,76,166
10/15/2001,FMN,NM,ASW,WE,Federal Contract Tower,0,30,15,0,45,0,10,76,0,86,0,40,91,0,131,438,0,438,569
10/16/2001,FMN,NM,ASW,WE,Federal Contract Tower,0,30,12,0,42,0,11,61,0,72,0,41,73,0,114,460,0,460,574
10/17/2001,FMN,NM,ASW,WE,Federal Contract Tower,0,28,27,0,55,0,7,97,0,104,0,35,124,0,159,349,0,349,508
10/18/2001,FMN,NM,ASW,WE,Federal Contract Tower,0,33,18,0,51,0,6,80,0,86,0,39,98,0,137,395,0,395,532
10/19/2001,FMN,NM,ASW,WE,Federal Contract Tower,0,36,19,2,57,0,8,67,0,75,0,44,86,2,132,404,0,404,536
10/20/2001,FMN,NM,ASW,WE,Federal Contract Tower,0,20,6,0,26,0,8,97,0,105,0,28,103,0,131,384,0,384,515
10/21/2001,FMN,NM,ASW,WE,Federal Contract Tower,0,18,6,0,24,0,3,80,0,83,0,21,86,0,107,65,0,65,172
10/22/2001,FMN,NM,ASW,WE,Federal Contract Tower,0,31,15,0,46,0,7,103,0,110,0,38,118,0,156,430,0,430,586
10/23/2001,FMN,NM,ASW,WE,Federal Contract Tower,0,34,13,0,47,0,11,81,0,92,0,45,94,0,139,432,0,432,571
10/24/2001,FMN,NM,ASW,WE,Federal Contract Tower,0,32,24,0,56,0,6,96,0,102,0,38,120,0,158,388,0,388,546
10/25/2001,FMN,NM,ASW,WE,Federal Contract Tower,0,27,9,0,36,0,9,88,0,97,0,36,97,0,133,230,0,230,363
10/26/2001,FMN,NM,ASW,WE,Federal Contract Tower,0,29,16,0,45,0,12,94,0,106,0,41,110,0,151,325,0,325,476
10/27/2001,FMN,NM,ASW,WE,Federal Contract Tower,0,21,10,0,31,0,9,71,0,80,0,30,81,0,111,322,0,322,433
10/28/2001,FMN,NM,ASW,WE,Federal Contract Tower,0,22,15,0,37,0,3,53,0,56,0,25,68,0,93,114,0,114,207
10/29/2001,FMN,NM,ASW,WE,Federal Contract Tower,0,36,11,0,47,0,5,102,0,107,0,41,113,0,154,397,0,397,551
10/30/2001,FMN,NM,ASW,WE,Federal Contract Tower,0,32,13,0,45,0,5,71,0,76,0,37,84,0,121,480,0,480,601
10/31/2001,FMN,NM,ASW,WE,Federal Contract Tower,0,34,10,0,44,0,7,60,0,67,0,41,70,0,111,359,0,359,470
11/01/2001,FMN,NM,ASW,WE,Federal Contract Tower,0,33,18,0,51,0,7,71,0,78,0,40,89,0,129,351,0,351,480
11/02/2001,FMN,NM,ASW,WE,Federal Contract Tower,0,35,8,0,43,0,8,72,0,80,0,43,80,0,123,348,0,348,471
11/03/2001,FMN,NM,ASW,WE,Federal Contract Tower,0,20,18,0,38,0,8,84,0,92,0,28,102,0,130,416,0,416,546
11/04/2001,FMN,NM,ASW,WE,Federal Contract Tower,0,25,7,0,32,0,4,34,0,38,0,29,41,0,70,45,0,45,115
11/05/2001,FMN,NM,ASW,WE,Federal Contract Tower,0,32,11,0,43,0,0,80,0,80,0,32,91,0,123,476,0,476,599
11/06/2001,FMN,NM,ASW,WE,Federal Contract Tower,0,34,10,0,44,0,7,65,0,72,0,41,75,0,116,449,0,449,565
11/07/2001,FMN,NM,ASW,WE,Federal Contract Tower,0,30,15,0,45,0,10,97,0,107,0,40,112,0,152,368,0,368,520
11/08/2001,FMN,NM,ASW,WE,Federal Contract Tower,0,29,19,0,48,0,2,82,0,84,0,31,101,0,132,110,0,110,242
11/09/2001,FMN,NM,ASW,WE,Federal Contract Tower,0,34,14,0,48,0,6,88,0,94,0,40,102,0,142,336,0,336,478
11/10/2001,FMN,NM,ASW,WE,Federal Contract Tower,0,23,5,0,28,0,6,111,0,117,0,29,116,0,145,343,0,343,488
11/11/2001,FMN,NM,ASW,WE,Federal Contract Tower,0,24,8,0,32,0,3,102,0,105,0,27,110,0,137,215,0,215,352
11/12/2001,FMN,NM,ASW,WE,Federal Contract Tower,0,31,7,0,38,0,4,103,0,107,0,35,110,0,145,415,0,415,560
11/13/2001,FMN,NM,ASW,WE,Federal Contract Tower,0,35,19,0,54,0,9,54,0,63,0,44,73,0,117,429,0,429,546
11/14/2001,FMN,NM,ASW,WE,Federal Contract Tower,0,34,23,0,57,0,6,90,0,96,0,40,113,0,153,297,0,297,450
11/15/2001,FMN,NM,ASW,WE,Federal Contract Tower,0,33,18,0,51,0,9,79,0,88,0,42,97,0,139,345,0,345,484
11/16/2001,FMN,NM,ASW,WE,Federal Contract Tower,0,33,22,0,55,0,12,77,1,90,0,45,99,1,145,311,2,313,458
11/17/2001,FMN,NM,ASW,WE,Federal Contract Tower,0,27,5,0,32,0,5,94,0,99,0,32,99,0,131,273,0,273,404
11/18/2001,FMN,NM,ASW,WE,Federal Contract Tower,0,21,15,2,38,0,1,68,2,71,0,22,83,4,109,94,0,94,203
11/19/2001,FMN,NM,ASW,WE,Federal Contract Tower,0,30,12,2,44,0,4,84,0,88,0,34,96,2,132,358,8,366,498
11/20/2001,FMN,NM,ASW,WE,Federal Contract Tower,0,32,22,0,54,0,6,91,0,97,0,38,113,0,151,536,0,536,687
11/21/2001,FMN,NM,ASW,WE,Federal Contract Tower,0,31,15,4,50,0,5,70,4,79,0,36,85,8,129,340,2,342,471
11/22/2001,FMN,NM,ASW,WE,Federal Contract Tower,0,12,6,0,18,0,0,38,0,38,0,12,44,0,56,78,0,78,134
11/23/2001,FMN,NM,ASW,WE,Federal Contract Tower,0,21,9,0,30,0,0,27,0,27,0,21,36,0,57,44,0,44,101
11/24/2001,FMN,NM,ASW,WE,Federal Contract Tower,0,19,12,0,31,0,9,89,0,98,0,28,101,0,129,169,0,169,298
11/25/2001,FMN,NM,ASW,WE,Federal Contract Tower,0,26,12,0,38,0,3,19,0,22,0,29,31,0,60,44,0,44,104
11/26/2001,FMN,NM,ASW,WE,Federal Contract Tower,0,31,14,0,45,0,6,66,0,72,0,37,80,0,117,357,0,357,474
11/27/2001,FMN,NM,ASW,WE,Federal Contract Tower,0,34,32,0,66,0,4,67,0,71,0,38,99,0,137,437,0,437,574
11/28/2001,FMN,NM,ASW,WE,Federal Contract Tower,0,28,18,0,46,0,5,76,0,81,0,33,94,0,127,237,0,237,364
11/29/2001,FMN,NM,ASW,WE,Federal Contract Tower,0,34,23,0,57,0,4,45,3,52,0,38,68,3,109,138,0,138,247
11/30/2001,FMN,NM,ASW,WE,Federal Contract Tower,0,35,22,0,57,0,16,70,0,86,0,51,92,0,143,239,0,239,382
12/01/2001,FMN,NM,ASW,WE,Federal Contract Tower,0,22,11,2,35,0,9,92,0,101,0,31,103,2,136,238,0,238,374
12/02/2001,FMN,NM,ASW,WE,Federal Contract Tower,0,26,11,2,39,0,3,62,0,65,0,29,73,2,104,395,0,395,499
12/03/2001,FMN,NM,ASW,WE,Federal Contract Tower,0,28,16,0,44,0,2,87,6,95,0,30,103,6,139,377,0,377,516
12/04/2001,FMN,NM,ASW,WE,Federal Contract Tower,0,33,14,0,47,0,2,54,0,56,0,35,68,0,103,333,0,333,436
12/05/2001,FMN,NM,ASW,WE,Federal Contract Tower,0,28,24,0,52,0,3,73,0,76,0,31,97,0,128,282,0,282,410
12/06/2001,FMN,NM,ASW,WE,Federal Contract Tower,0,26,20,0,46,0,3,114,0,117,0,29,134,0,163,299,0,299,462
12/07/2001,FMN,NM,ASW,WE,Federal Contract Tower,0,30,13,4,47,0,11,81,0,92,0,41,94,4,139,191,0,191,330
12/08/2001,FMN,NM,ASW,WE,Federal Contract Tower,0,23,12,2,37,0,5,98,6,109,0,28,110,8,146,345,0,345,491
12/09/2001,FMN,NM,ASW,WE,Federal Contract Tower,0,23,6,0,29,0,2,76,0,78,0,25,82,0,107,183,0,183,290
12/10/2001,FMN,NM,ASW,WE,Federal Contract Tower,0,27,21,0,48,0,1,61,4,66,0,28,82,4,114,327,0,327,441
12/11/2001,FMN,NM,ASW,WE,Federal Contract Tower,0,34,12,0,46,0,3,64,0,67,0,37,76,0,113,462,0,462,575
12/12/2001,FMN,NM,ASW,WE,Federal Contract Tower,0,29,20,0,49,0,4,53,0,57,0,33,73,0,106,211,0,211,317
12/13/2001,FMN,NM,ASW,WE,Federal Contract Tower,0,28,9,2,39,0,4,0,0,4,0,32,9,2,43,291,0,291,334
12/14/2001,FMN,NM,ASW,WE,Federal Contract Tower,0,29,18,0,47,0,5,70,0,75,0,34,88,0,122,281,0,281,403
12/15/2001,FMN,NM,ASW,WE,Federal Contract Tower,0,22,7,0,29,0,4,22,0,26,0,26,29,0,55,250,0,250,305
12/16/2001,FMN,NM,ASW,WE,Federal Contract Tower,0,22,6,0,28,0,0,81,0,81,0,22,87,0,109,399,0,399,508
12/17/2001,FMN,NM,ASW,WE,Federal Contract Tower,0,27,13,0,40,0,2,86,0,88,0,29,99,0,128,631,0,631,759
12/18/2001,FMN,NM,ASW,WE,Federal Contract Tower,0,21,9,0,30,0,7,136,0,143,0,28,145,0,173,444,0,444,617
12/19/2001,FMN,NM,ASW,WE,Federal Contract Tower,0,26,14,0,40,0,10,123,1,134,0,36,137,1,174,379,0,379,553
12/20/2001,FMN,NM,ASW,WE,Federal Contract Tower,0,29,13,0,42,0,3,94,0,97,0,32,107,0,139,240,0,240,379
12/21/2001,FMN,NM,ASW,WE,Federal Contract Tower,0,34,15,0,49,0,6,29,1,36,0,40,44,1,85,162,0,162,247
12/22/2001,FMN,NM,ASW,WE,Federal Contract Tower,0,22,7,0,29,0,5,91,0,96,0,27,98,0,125,242,0,242,367
12/23/2001,FMN,NM,ASW,WE,Federal Contract Tower,0,18,5,0,23,0,0,44,0,44,0,18,49,0,67,295,0,295,362
12/24/2001,FMN,NM,ASW,WE,Federal Contract Tower,0,23,5,0,28,0,5,60,0,65,0,28,65,0,93,174,0,174,267
12/25/2001,FMN,NM,ASW,WE,Federal Contract Tower,0,16,0,0,16,0,0,25,0,25,0,16,25,0,41,81,0,81,122
12/26/2001,FMN,NM,ASW,WE,Federal Contract Tower,0,29,7,0,36,0,4,78,0,82,0,33,85,0,118,203,0,203,321
12/27/2001,FMN,NM,ASW,WE,Federal Contract Tower,0,27,8,1,36,0,2,59,0,61,0,29,67,1,97,108,0,108,205
12/28/2001,FMN,NM,ASW,WE,Federal Contract Tower,0,24,18,0,42,0,3,65,0,68,0,27,83,0,110,158,0,158,268
12/29/2001,FMN,NM,ASW,WE,Federal Contract Tower,0,26,10,0,36,0,0,7,0,7,0,26,17,0,43,4,0,4,47
12/30/2001,FMN,NM,ASW,WE,Federal Contract Tower,0,20,14,0,34,0,0,7,0,7,0,20,21,0,41,0,0,0,41
12/31/2001,FMN,NM,ASW,WE,Federal Contract Tower,0,18,12,0,30,0,0,28,0,28,0,18,40,0,58,0,0,0,58
01/01/2002,FMN,NM,ASW,WE,Federal Contract Tower,0,13,11,0,24,0,1,12,0,13,0,14,23,0,37,37,0,37,74
01/02/2002,FMN,NM,ASW,WE,Federal Contract Tower,0,36,24,2,62,0,2,47,0,49,0,38,71,2,111,50,0,50,161
01/03/2002,FMN,NM,ASW,WE,Federal Contract Tower,0,27,8,1,36,0,2,73,7,82,0,29,81,8,118,191,6,197,315
01/04/2002,FMN,NM,ASW,WE,Federal Contract Tower,0,33,12,0,45,0,4,15,0,19,0,37,27,0,64,20,0,20,84
01/05/2002,FMN,NM,ASW,WE,Federal Contract Tower,0,24,4,0,28,0,2,42,0,44,0,26,46,0,72,93,0,93,165
01/06/2002,FMN,NM,ASW,WE,Federal Contract Tower,0,22,6,0,28,0,0,91,0,91,0,22,97,0,119,145,0,145,264
01/07/2002,FMN,NM,ASW,WE,Federal Contract Tower,0,26,14,0,40,0,2,71,0,73,0,28,85,0,113,384,0,384,497
01/08/2002,FMN,NM,ASW,WE,Federal Contract Tower,0,28,7,2,37,0,7,59,3,69,0,35,66,5,106,317,12,329,435
01/09/2002,FMN,NM,ASW,WE,Federal Contract Tower,0,26,6,2,34,0,5,93,0,98,0,31,99,2,132,275,0,275,407
01/10/2002,FMN,NM,ASW,WE,Federal Contract Tower,0,29,19,0,48,0,3,55,0,58,0,32,74,0,106,245,0,245,351
01/11/2002,FMN,NM,ASW,WE,Federal Contract Tower,0,27,16,0,43,0,5,70,0,75,0,32,86,0,118,238,0,238,356
01/12/2002,FMN,NM,ASW,WE,Federal Contract Tower,0,21,1,0,22,0,5,58,0,63,0,26,59,0,85,151,0,151,236
01/13/2002,FMN,NM,ASW,WE,Federal Contract Tower,0,21,14,0,35,0,0,40,0,40,0,21,54,0,75,120,0,120,195
01/14/2002,FMN,NM,ASW,WE,Federal Contract Tower,0,26,8,2,36,0,3,112,0,115,0,29,120,2,151,322,0,322,473
01/15/2002,FMN,NM,ASW,WE,Federal Contract Tower,0,29,17,0,46,0,6,64,0,70,0,35,81,0,116,249,0,249,365
01/16/2002,FMN,NM,ASW,WE,Federal Contract Tower,0,28,6,0,34,0,4,93,0,97,0,32,99,0,131,180,0,180,311
01/17/2002,FMN,NM,ASW,WE,Federal Contract Tower,0,25,18,0,43,0,3,75,0,78,0,28,93,0,121,283,0,283,404
01/18/2002,FMN,NM,ASW,WE,Federal Contract Tower,0,27,6,0,33,0,9,0,4,13,0,36,6,4,46,269,0,269,315
01/19/2002,FMN,NM,ASW,WE,Federal Contract Tower,0,21,6,0,27,0,0,73,0,73,0,21,79,0,100,333,0,333,433
01/20/2002,FMN,NM,ASW,WE,Federal Contract Tower,0,20,9,0,29,0,0,61,5,66,0,20,70,5,95,162,0,162,257
01/21/2002,FMN,NM,ASW,WE,Federal Contract Tower,0,26,11,0,37,0,1,113,2,116,0,27,124,2,153,476,0,476,629
01/22/2002,FMN,NM,ASW,WE,Federal Contract Tower,0,25,16,0,41,0,3,48,0,51,0,28,64,0,92,197,0,197,289
01/23/2002,FMN,NM,ASW,WE,Federal Contract Tower,0,28,19,0,47,0,1,63,0,64,0,29,82,0,111,317,0,317,428
01/24/2002,FMN,NM,ASW,WE,Federal Contract Tower,0,27,14,0,41,0,7,81,2,90,0,34,95,2,131,299,0,299,430
01/25/2002,FMN,NM,ASW,WE,Federal Contract Tower,0,28,12,2,42,0,6,76,0,82,0,34,88,2,124,324,0,324,448
01/26/2002,FMN,NM,ASW,WE,Federal Contract Tower,0,23,1,0,24,0,4,54,0,58,0,27,55,0,82,320,0,320,402
01/27/2002,FMN,NM,ASW,WE,Federal Contract Tower,0,21,6,1,28,0,2,48,1,51,0,23,54,2,79,173,0,173,252
01/28/2002,FMN,NM,ASW,WE,Federal Contract Tower,0,27,21,0,48,0,0,73,0,73,0,27,94,0,121,389,0,389,510
01/29/2002,FMN,NM,ASW,WE,Federal Contract Tower,0,28,21,0,49,0,4,66,1,71,0,32,87,1,120,395,2,397,517
01/30/2002,FMN,NM,ASW,WE,Federal Contract Tower,0,29,23,0,52,0,0,8,0,8,0,29,31,0,60,12,0,12,72
01/31/2002,FMN,NM,ASW,WE,Federal Contract Tower,0,29,14,0,43,0,0,115,0,115,0,29,129,0,158,260,0,260,418
02/01/2002,FMN,NM,ASW,WE,Federal Contract Tower,0,25,4,0,29,0,8,0,0,8,0,33,4,0,37,397,0,397,434
02/02/2002,FMN,NM,ASW,WE,Federal Contract Tower,0,21,8,0,29,0,4,94,0,98,0,25,102,0,127,419,0,419,546
02/03/2002,FMN,NM,ASW,WE,Federal Contract Tower,0,23,3,0,26,0,0,67,4,71,0,23,70,4,97,263,0,263,360
02/04/2002,FMN,NM,ASW,WE,Federal Contract Tower,0,25,10,0,35,0,0,77,0,77,0,25,87,0,112,489,0,489,601
02/05/2002,FMN,NM,ASW,WE,Federal Contract Tower,0,32,16,0,48,0,2,55,0,57,0,34,71,0,105,252,0,252,357
02/06/2002,FMN,NM,ASW,WE,Federal Contract Tower,0,31,14,0,45,0,4,70,0,74,0,35,84,0,119,257,0,257,376
02/07/2002,FMN,NM,ASW,WE,Federal Contract Tower,0,29,5,0,34,0,1,106,0,107,0,30,111,0,141,465,0,465,606
02/08/2002,FMN,NM,ASW,WE,Federal Contract Tower,0,21,9,0,30,0,8,46,0,54,0,29,55,0,84,241,0,241,325
02/09/2002,FMN,NM,ASW,WE,Federal Contract Tower,0,20,5,0,25,0,5,44,0,49,0,25,49,0,74,108,0,108,182
02/10/2002,FMN,NM,ASW,WE,Federal Contract Tower,0,21,8,0,29,0,0,84,0,84,0,21,92,0,113,264,0,264,377
02/11/2002,FMN,NM,ASW,WE,Federal Contract Tower,0,26,7,0,33,0,0,78,0,78,0,26,85,0,111,483,0,483,594
02/12/2002,FMN,NM,ASW,WE,Federal Contract Tower,0,25,13,0,38,0,4,89,0,93,0,29,102,0,131,547,0,547,678
02/13/2002,FMN,NM,ASW,WE,Federal Contract Tower,0,25,12,0,37,0,7,94,0,101,0,32,106,0,138,466,0,466,604
02/14/2002,FMN,NM,ASW,WE,Federal Contract Tower,0,32,22,1,55,0,2,46,0,48,0,34,68,1,103,176,0,176,279
02/15/2002,FMN,NM,ASW,WE,Federal Contract Tower,0,27,13,1,41,0,10,69,0,79,0,37,82,1,120,388,0,388,508
02/16/2002,FMN,NM,ASW,WE,Federal Contract Tower,0,29,9,0,38,0,4,70,0,74,0,33,79,0,112,389,0,389,501
02/17/2002,FMN,NM,ASW,WE,Federal Contract Tower,0,21,5,0,26,0,0,66,0,66,0,21,71,0,92,282,0,282,374
02/18/2002,FMN,NM,ASW,WE,Federal Contract Tower,0,27,23,0,50,0,0,40,0,40,0,27,63,0,90,390,0,390,480
02/19/2002,FMN,NM,ASW,WE,Federal Contract Tower,0,32,14,0,46,0,1,55,0,56,0,33,69,0,102,394,0,394,496
02/20/2002,FMN,NM,ASW,WE,Federal Contract Tower,0,29,10,0,39,0,5,62,0,67,0,34,72,0,106,303,0,303,409
02/21/2002,FMN,NM,ASW,WE,Federal Contract Tower,0,27,13,0,40,0,3,62,0,65,0,30,75,0,105,290,0,290,395
02/22/2002,FMN,NM,ASW,WE,Federal Contract Tower,0,27,12,0,39,0,4,68,0,72,0,31,80,0,111,284,0,284,395
02/23/2002,FMN,NM,ASW,WE,Federal Contract Tower,0,23,9,1,33,0,5,65,1,71,0,28,74,2,104,419,0,419,523
02/24/2002,FMN,NM,ASW,WE,Federal Contract Tower,0,21,7,0,28,0,0,40,0,40,0,21,47,0,68,82,0,82,150
02/25/2002,FMN,NM,ASW,WE,Federal Contract Tower,0,31,6,0,37,0,2,58,0,60,0,33,64,0,97,209,0,209,306
02/26/2002,FMN,NM,ASW,WE,Federal Contract Tower,0,28,12,1,41,0,2,53,0,55,0,30,65,1,96,222,0,222,318
02/27/2002,FMN,NM,ASW,WE,Federal Contract Tower,0,26,19,0,45,0,9,81,4,94,0,35,100,4,139,141,0,141,280
02/28/2002,FMN,NM,ASW,WE,Federal Contract Tower,0,26,19,0,45,0,3,71,0,74,0,29,90,0,119,452,0,452,571
03/01/2002,FMN,NM,ASW,WE,Federal Contract Tower,0,21,12,0,33,0,12,13,0,25,0,33,25,0,58,8,0,8,66
03/02/2002,FMN,NM,ASW,WE,Federal Contract Tower,0,19,11,0,30,0,6,58,0,64,0,25,69,0,94,114,0,114,208
03/03/2002,FMN,NM,ASW,WE,Federal Contract Tower,0,20,5,0,25,0,2,37,0,39,0,22,42,0,64,134,0,134,198
03/04/2002,FMN,NM,ASW,WE,Federal Contract Tower,0,24,13,0,37,0,3,77,0,80,0,27,90,0,117,473,0,473,590
03/05/2002,FMN,NM,ASW,WE,Federal Contract Tower,0,26,14,2,42,0,5,83,0,88,0,31,97,2,130,508,0,508,638
03/06/2002,FMN,NM,ASW,WE,Federal Contract Tower,0,26,19,0,45,0,5,92,2,99,0,31,111,2,144,348,0,348,492
03/07/2002,FMN,NM,ASW,WE,Federal Contract Tower,0,29,33,0,62,0,4,31,6,41,0,33,64,6,103,166,0,166,269
03/08/2002,FMN,NM,ASW,WE,Federal Contract Tower,2,25,12,2,41,0,9,12,2,23,2,34,24,4,64,0,0,0,64
03/09/2002,FMN,NM,ASW,WE,Federal Contract Tower,0,21,7,0,28,0,7,88,2,97,0,28,95,2,125,376,0,376,501
03/10/2002,FMN,NM,ASW,WE,Federal Contract Tower,0,20,13,0,33,0,1,68,0,69,0,21,81,0,102,254,0,254,356
03/11/2002,FMN,NM,ASW,WE,Federal Contract Tower,0,25,11,0,36,0,1,73,0,74,0,26,84,0,110,421,0,421,531
03/12/2002,FMN,NM,ASW,WE,Federal Contract Tower,0,26,16,0,42,0,5,70,0,75,0,31,86,0,117,563,0,563,680
03/13/2002,FMN,NM,ASW,WE,Federal Contract Tower,0,25,16,0,41,0,8,92,0,100,0,33,108,0,141,395,0,395,536
03/14/2002,FMN,NM,ASW,WE,Federal Contract Tower,0,25,21,0,46,0,4,40,0,44,0,29,61,0,90,289,0,289,379
03/15/2002,FMN,NM,ASW,WE,Federal Contract Tower,0,29,9,0,38,0,7,56,0,63,0,36,65,0,101,296,0,296,397
03/16/2002,FMN,NM,ASW,WE,Federal Contract Tower,0,22,14,0,36,0,5,62,0,67,0,27,76,0,103,318,0,318,421
03/17/2002,FMN,NM,ASW,WE,Federal Contract Tower,0,21,19,0,40,0,1,37,0,38,0,22,56,0,78,341,0,341,419
03/18/2002,FMN,NM,ASW,WE,Federal Contract Tower,0,23,16,0,39,0,1,92,0,93,0,24,108,0,132,561,0,561,693
03/19/2002,FMN,NM,ASW,WE,Federal Contract Tower,0,28,9,2,39,0,5,59,0,64,0,33,68,2,103,506,56,562,665
03/20/2002,FMN,NM,ASW,WE,Federal Contract Tower,0,27,18,0,45,0,8,122,0,130,0,35,140,0,175,392,0,392,567
03/21/2002,FMN,NM,ASW,WE,Federal Contract Tower,0,25,15,0,40,0,4,87,0,91,0,29,102,0,131,390,0,390,521
03/22/2002,FMN,NM,ASW,WE,Federal Contract Tower,0,26,10,0,36,0,10,67,0,77,0,36,77,0,113,353,0,353,466
03/23/2002,FMN,NM,ASW,WE,Federal Contract Tower,0,26,2,0,28,0,4,51,0,55,0,30,53,0,83,78,0,78,161
03/24/2002,FMN,NM,ASW,WE,Federal Contract Tower,0,20,6,0,26,0,0,58,0,58,0,20,64,0,84,152,0,152,236
03/25/2002,FMN,NM,ASW,WE,Federal Contract Tower,0,27,14,0,41,0,3,33,0,36,0,30,47,0,77,347,0,347,424
03/26/2002,FMN,NM,ASW,WE,Federal Contract Tower,0,25,16,0,41,0,9,90,2,101,0,34,106,2,142,649,0,649,791
03/27/2002,FMN,NM,ASW,WE,Federal Contract Tower,0,26,14,0,40,0,11,117,0,128,0,37,131,0,168,394,0,394,562
03/28/2002,FMN,NM,ASW,WE,Federal Contract Tower,0,29,7,0,36,0,5,111,0,116,0,34,118,0,152,396,0,396,548
03/29/2002,FMN,NM,ASW,WE,Federal Contract Tower,0,25,9,0,34,0,4,58,0,62,0,29,67,0,96,349,0,349,445
03/30/2002,FMN,NM,ASW,WE,Federal Contract Tower,2,20,6,0,28,0,5,80,5,90,2,25,86,5,118,293,0,293,411
03/31/2002,FMN,NM,ASW,WE,Federal Contract Tower,0,17,4,0,21,0,0,70,6,76,0,17,74,6,97,275,0,275,372
04/01/2002,FMN,NM,ASW,WE,Federal Contract Tower,0,26,21,0,47,0,3,75,1,79,0,29,96,1,126,459,0,459,585
04/02/2002,FMN,NM,ASW,WE,Federal Contract Tower,0,28,15,0,43,0,3,52,0,55,0,31,67,0,98,488,0,488,586
04/03/2002,FMN,NM,ASW,WE,Federal Contract Tower,0,27,16,0,43,0,6,122,0,128,0,33,138,0,171,277,0,277,448
04/04/2002,FMN,NM,ASW,WE,Federal Contract Tower,0,30,16,0,46,0,6,71,0,77,0,36,87,0,123,396,0,396,519
04/05/2002,FMN,NM,ASW,WE,Federal Contract Tower,0,31,23,0,54,0,6,77,0,83,0,37,100,0,137,472,0,472,609
04/06/2002,FMN,NM,ASW,WE,Federal Contract Tower,0,24,6,0,30,0,6,45,1,52,0,30,51,1,82,226,0,226,308
04/07/2002,FMN,NM,ASW,WE,Federal Contract Tower,0,20,17,0,37,0,0,25,0,25,0,20,42,0,62,52,0,52,114
04/08/2002,FMN,NM,ASW,WE,Federal Contract Tower,0,24,11,0,35,0,1,90,0,91,0,25,101,0,126,503,0,503,629
04/09/2002,FMN,NM,ASW,WE,Federal Contract Tower,0,25,8,0,33,0,5,84,0,89,0,30,92,0,122,666,0,666,788
04/10/2002,FMN,NM,ASW,WE,Federal Contract Tower,0,26,16,0,42,0,5,75,0,80,0,31,91,0,122,423,0,423,545
04/11/2002,FMN,NM,ASW,WE,Federal Contract Tower,0,27,16,0,43,0,1,80,0,81,0,28,96,0,124,312,0,312,436
04/12/2002,FMN,NM,ASW,WE,Federal Contract Tower,0,29,13,0,42,0,6,56,0,62,0,35,69,0,104,289,0,289,393
04/13/2002,FMN,NM,ASW,WE,Federal Contract Tower,0,23,2,0,25,0,4,76,0,80,0,27,78,0,105,350,0,350,455
04/14/2002,FMN,NM,ASW,WE,Federal Contract Tower,0,22,14,0,36,0,0,98,0,98,0,22,112,0,134,228,0,228,362
04/15/2002,FMN,NM,ASW,WE,Federal Contract Tower,0,25,5,0,30,0,3,79,0,82,0,28,84,0,112,414,0,414,526
04/16/2002,FMN,NM,ASW,WE,Federal Contract Tower,0,30,12,0,42,0,3,53,0,56,0,33,65,0,98,420,0,420,518
04/17/2002,FMN,NM,ASW,WE,Federal Contract Tower,0,28,20,0,48,0,5,50,0,55,0,33,70,0,103,183,0,183,286
04/18/2002,FMN,NM,ASW,WE,Federal Contract Tower,0,25,19,0,44,0,1,54,0,55,0,26,73,0,99,358,0,358,457
04/19/2002,FMN,NM,ASW,WE,Federal Contract Tower,0,30,11,0,41,0,7,39,1,47,0,37,50,1,88,316,0,316,404
04/20/2002,FMN,NM,ASW,WE,Federal Contract Tower,0,18,9,0,27,0,6,44,0,50,0,24,53,0,77,266,0,266,343
04/21/2002,FMN,NM,ASW,WE,Federal Contract Tower,0,22,9,0,31,0,0,64,0,64,0,22,73,0,95,280,0,280,375
04/22/2002,FMN,NM,ASW,WE,Federal Contract Tower,0,25,8,0,33,0,2,100,5,107,0,27,108,5,140,611,0,611,751
04/23/2002,FMN,NM,ASW,WE,Federal Contract Tower,0,33,7,0,40,0,8,86,0,94,0,41,93,0,134,575,0,575,709
04/24/2002,FMN,NM,ASW,WE,Federal Contract Tower,0,30,16,0,46,0,12,93,0,105,0,42,109,0,151,301,0,301,452
04/25/2002,FMN,NM,ASW,WE,Federal Contract Tower,0,25,23,0,48,0,5,52,0,57,0,30,75,0,105,297,0,297,402
04/26/2002,FMN,NM,ASW,WE,Federal Contract Tower,2,32,18,0,52,0,17,72,0,89,2,49,90,0,141,302,0,302,443
04/27/2002,FMN,NM,ASW,WE,Federal Contract Tower,0,21,7,0,28,0,7,33,0,40,0,28,40,0,68,348,0,348,416
04/28/2002,FMN,NM,ASW,WE,Federal Contract Tower,0,19,11,0,30,0,1,85,0,86,0,20,96,0,116,195,0,195,311
04/29/2002,FMN,NM,ASW,WE,Federal Contract Tower,0,27,9,0,36,0,1,57,0,58,0,28,66,0,94,376,0,376,470
04/30/2002,FMN,NM,ASW,WE,Federal Contract Tower,0,26,7,0,33,0,8,58,0,66,0,34,65,0,99,390,0,390,489
05/01/2002,FMN,NM,ASW,WE,Federal Contract Tower,0,27,14,0,41,0,10,60,0,70,0,37,74,0,111,234,0,234,345
05/02/2002,FMN,NM,ASW,WE,Federal Contract Tower,0,31,7,0,38,0,6,75,0,81,0,37,82,0,119,239,0,239,358
05/03/2002,FMN,NM,ASW,WE,Federal Contract Tower,0,29,17,0,46,0,18,52,0,70,0,47,69,0,116,260,0,260,376
05/04/2002,FMN,NM,ASW,WE,Federal Contract Tower,0,22,4,0,26,0,8,70,0,78,0,30,74,0,104,259,0,259,363
05/05/2002,FMN,NM,ASW,WE,Federal Contract Tower,0,25,19,0,44,0,1,62,0,63,0,26,81,0,107,282,0,282,389
05/06/2002,FMN,NM,ASW,WE,Federal Contract Tower,2,30,7,0,39,0,3,81,0,84,2,33,88,0,123,480,0,480,603
05/07/2002,FMN,NM,ASW,WE,Federal Contract Tower,0,26,10,0,36,0,12,77,0,89,0,38,87,0,125,443,0,443,568
05/08/2002,FMN,NM,ASW,WE,Federal Contract Tower,0,31,9,0,40,0,6,64,0,70,0,37,73,0,110,451,0,451,561
05/09/2002,FMN,NM,ASW,WE,Federal Contract Tower,0,27,7,0,34,0,7,62,0,69,0,34,69,0,103,259,0,259,362
05/10/2002,FMN,NM,ASW,WE,Federal Contract Tower,0,27,14,0,41,0,8,59,0,67,0,35,73,0,108,185,0,185,293
05/11/2002,FMN,NM,ASW,WE,Federal Contract Tower,0,20,4,0,24,0,4,61,0,65,0,24,65,0,89,306,0,306,395
05/12/2002,FMN,NM,ASW,WE,Federal Contract Tower,0,23,11,0,34,0,1,48,0,49,0,24,59,0,83,224,0,224,307
05/13/2002,FMN,NM,ASW,WE,Federal Contract Tower,0,25,10,0,35,0,4,95,0,99,0,29,105,0,134,387,0,387,521
05/14/2002,FMN,NM,ASW,WE,Federal Contract Tower,2,28,11,0,41,0,6,53,0,59,2,34,64,0,100,389,0,389,489
05/15/2002,FMN,NM,ASW,WE,Federal Contract Tower,0,29,10,0,39,0,7,84,0,91,0,36,94,0,130,414,0,414,544
05/16/2002,FMN,NM,ASW,WE,Federal Contract Tower,0,33,18,0,51,0,8,66,0,74,0,41,84,0,125,282,0,282,407
05/17/2002,FMN,NM,ASW,WE,Federal Contract Tower,0,29,24,0,53,0,15,78,0,93,0,44,102,0,146,225,0,225,371
05/18/2002,FMN,NM,ASW,WE,Federal Contract Tower,0,20,5,10,35,0,7,68,6,81,0,27,73,16,116,284,0,284,400
05/19/2002,FMN,NM,ASW,WE,Federal Contract Tower,0,19,6,0,25,0,10,64,0,74,0,29,70,0,99,157,0,157,256
05/20/2002,FMN,NM,ASW,WE,Federal Contract Tower,0,30,16,0,46,0,6,82,2,90,0,36,98,2,136,474,0,474,610
05/21/2002,FMN,NM,ASW,WE,Federal Contract Tower,0,23,6,0,29,0,4,43,0,47,0,27,49,0,76,292,0,292,368
05/22/2002,FMN,NM,ASW,WE,Federal Contract Tower,2,30,17,0,49,0,6,115,0,121,2,36,132,0,170,364,0,364,534
05/23/2002,FMN,NM,ASW,WE,Federal Contract Tower,0,29,11,0,40,0,9,66,0,75,0,38,77,0,115,325,0,325,440
05/24/2002,FMN,NM,ASW,WE,Federal Contract Tower,0,31,15,0,46,0,12,73,16,101,0,43,88,16,147,267,0,267,414
05/25/2002,FMN,NM,ASW,WE,Federal Contract Tower,0,13,7,0,20,0,4,99,0,103,0,17,106,0,123,304,0,304,427
05/26/2002,FMN,NM,ASW,WE,Federal Contract Tower,0,17,9,0,26,0,1,70,0,71,0,18,79,0,97,195,0,195,292
05/27/2002,FMN,NM,ASW,WE,Federal Contract Tower,0,23,11,0,34,0,3,93,0,96,0,26,104,0,130,464,0,464,594
05/28/2002,FMN,NM,ASW,WE,Federal Contract Tower,0,30,8,0,38,0,2,69,12,83,0,32,77,12,121,420,0,420,541
05/29/2002,FMN,NM,ASW,WE,Federal Contract Tower,0,34,14,0,48,0,5,85,0,90,0,39,99,0,138,342,0,342,480
05/30/2002,FMN,NM,ASW,WE,Federal Contract Tower,0,33,20,2,55,0,8,86,0,94,0,41,106,2,149,379,2,381,530
05/31/2002,FMN,NM,ASW,WE,Federal Contract Tower,0,30,16,0,46,0,10,68,0,78,0,40,84,0,124,358,0,358,482
06/01/2002,FMN,NM,ASW,WE,Federal Contract Tower,0,21,6,0,27,0,5,63,0,68,0,26,69,0,95,324,0,324,419
06/02/2002,FMN,NM,ASW,WE,Federal Contract Tower,0,22,6,0,28,0,3,76,2,81,0,25,82,2,109,135,0,135,244
06/03/2002,FMN,NM,ASW,WE,Federal Contract Tower,0,28,23,0,51,0,3,73,0,76,0,31,96,0,127,457,0,457,584
06/04/2002,FMN,NM,ASW,WE,Federal Contract Tower,0,33,15,0,48,0,1,52,0,53,0,34,67,0,101,408,0,408,509
06/05/2002,FMN,NM,ASW,WE,Federal Contract Tower,0,31,13,0,44,0,9,117,0,126,0,40,130,0,170,388,0,388,558
06/06/2002,FMN,NM,ASW,WE,Federal Contract Tower,0,29,15,0,44,0,17,89,0,106,0,46,104,0,150,394,0,394,544
06/07/2002,FMN,NM,ASW,WE,Federal Contract Tower,0,30,10,0,40,0,15,68,0,83,0,45,78,0,123,432,0,432,555
06/08/2002,FMN,NM,ASW,WE,Federal Contract Tower,0,19,3,0,22,0,4,63,0,67,0,23,66,0,89,264,0,264,353
06/09/2002,FMN,NM,ASW,WE,Federal Contract Tower,0,25,2,0,27,0,2,46,0,48,0,27,48,0,75,42,0,42,117
06/10/2002,FMN,NM,ASW,WE,Federal Contract Tower,0,30,10,0,40,0,4,63,0,67,0,34,73,0,107,473,0,473,580
06/11/2002,FMN,NM,ASW,WE,Federal Contract Tower,0,34,9,1,44,0,5,70,5,80,0,39,79,6,124,424,0,424,548
06/12/2002,FMN,NM,ASW,WE,Federal Contract Tower,0,35,10,1,46,0,7,67,3,77,0,42,77,4,123,351,0,351,474
06/13/2002,FMN,NM,ASW,WE,Federal Contract Tower,0,36,10,0,46,0,5,88,0,93,0,41,98,0,139,396,0,396,535
06/14/2002,FMN,NM,ASW,WE,Federal Contract Tower,0,30,12,0,42,0,17,71,0,88,0,47,83,0,130,327,0,327,457
06/15/2002,FMN,NM,ASW,WE,Federal Contract Tower,0,19,8,0,27,0,10,55,0,65,0,29,63,0,92,348,0,348,440
06/16/2002,FMN,NM,ASW,WE,Federal Contract Tower,0,22,12,0,34,0,4,65,4,73,0,26,77,4,107,158,0,158,265
06/17/2002,FMN,NM,ASW,WE,Federal Contract Tower,0,25,11,0,36,0,1,78,2,81,0,26,89,2,117,404,0,404,521
06/18/2002,FMN,NM,ASW,WE,Federal Contract Tower,0,25,17,1,43,0,6,82,3,91,0,31,99,4,134,533,0,533,667
06/19/2002,FMN,NM,ASW,WE,Federal Contract Tower,0,37,28,0,65,0,6,77,0,83,0,43,105,0,148,387,0,387,535
06/20/2002,FMN,NM,ASW,WE,Federal Contract Tower,0,34,26,0,60,0,6,36,0,42,0,40,62,0,102,86,0,86,188
06/21/2002,FMN,NM,ASW,WE,Federal Contract Tower,0,28,6,0,34,0,10,59,0,69,0,38,65,0,103,246,0,246,349
06/22/2002,FMN,NM,ASW,WE,Federal Contract Tower,0,20,10,0,30,0,6,47,0,53,0,26,57,0,83,251,0,251,334
06/23/2002,FMN,NM,ASW,WE,Federal Contract Tower,0,20,10,0,30,0,0,79,0,79,0,20,89,0,109,167,0,167,276
06/24/2002,FMN,NM,ASW,WE,Federal Contract Tower,0,26,22,0,48,0,4,69,0,73,0,30,91,0,121,388,0,388,509
06/25/2002,FMN,NM,ASW,WE,Federal Contract Tower,0,40,23,0,63,0,11,85,0,96,0,51,108,0,159,373,0,373,532
06/26/2002,FMN,NM,ASW,WE,Federal Contract Tower,0,28,18,0,46,0,8,125,6,139,0,36,143,6,185,295,0,295,480
06/27/2002,FMN,NM,ASW,WE,Federal Contract Tower,0,27,11,0,38,0,7,94,0,101,0,34,105,0,139,290,0,290,429
06/28/2002,FMN,NM,ASW,WE,Federal Contract Tower,0,26,13,0,39,0,14,63,0,77,0,40,76,0,116,399,0,399,515
06/29/2002,FMN,NM,ASW,WE,Federal Contract Tower,0,19,5,0,24,0,5,84,0,89,0,24,89,0,113,344,0,344,457
06/30/2002,FMN,NM,ASW,WE,Federal Contract Tower,0,21,2,0,23,0,1,69,0,70,0,22,71,0,93,192,0,192,285
07/01/2002,FMN,NM,ASW,WE,Federal Contract Tower,0,29,14,0,43,0,1,116,0,117,0,30,130,0,160,464,0,464,624
07/02/2002,FMN,NM,ASW,WE,Federal Contract Tower,0,31,8,0,39,0,9,79,0,88,0,40,87,0,127,458,0,458,585
07/03/2002,FMN,NM,ASW,WE,Federal Contract Tower,0,22,9,3,34,0,13,69,4,86,0,35,78,7,120,233,0,233,353
07/04/2002,FMN,NM,ASW,WE,Federal Contract Tower,0,13,4,0,17,0,5,70,0,75,0,18,74,0,92,72,0,72,164
07/05/2002,FMN,NM,ASW,WE,Federal Contract Tower,0,19,6,0,25,0,8,69,0,77,0,27,75,0,102,299,0,299,401
07/06/2002,FMN,NM,ASW,WE,Federal Contract Tower,0,13,8,0,21,0,5,63,0,68,0,18,71,0,89,400,0,400,489
07/07/2002,FMN,NM,ASW,WE,Federal Contract Tower,0,23,8,0,31,0,1,75,0,76,0,24,83,0,107,155,0,155,262
07/08/2002,FMN,NM,ASW,WE,Federal Contract Tower,0,29,7,0,36,0,1,80,0,81,0,30,87,0,117,431,0,431,548
07/09/2002,FMN,NM,ASW,WE,Federal Contract Tower,0,29,9,0,38,0,7,61,0,68,0,36,70,0,106,432,0,432,538
07/10/2002,FMN,NM,ASW,WE,Federal Contract Tower,0,33,9,0,42,0,6,77,0,83,0,39,86,0,125,332,0,332,457
07/11/2002,FMN,NM,ASW,WE,Federal Contract Tower,0,28,21,0,49,0,4,64,0,68,0,32,85,0,117,285,0,285,402
07/12/2002,FMN,NM,ASW,WE,Federal Contract Tower,0,28,20,0,48,0,8,64,0,72,0,36,84,0,120,382,0,382,502
07/13/2002,FMN,NM,ASW,WE,Federal Contract Tower,0,22,8,0,30,0,10,66,2,78,0,32,74,2,108,393,2,395,503
07/14/2002,FMN,NM,ASW,WE,Federal Contract Tower,0,20,2,0,22,0,0,66,0,66,0,20,68,0,88,106,0,106,194
07/15/2002,FMN,NM,ASW,WE,Federal Contract Tower,0,26,14,0,40,0,0,76,0,76,0,26,90,0,116,464,0,464,580
07/16/2002,FMN,NM,ASW,WE,Federal Contract Tower,0,26,11,0,37,0,7,80,0,87,0,33,91,0,124,432,0,432,556
07/17/2002,FMN,NM,ASW,WE,Federal Contract Tower,0,25,12,0,37,0,13,125,2,140,0,38,137,2,177,386,0,386,563
07/18/2002,FMN,NM,ASW,WE,Federal Contract Tower,0,24,18,0,42,0,7,94,0,101,0,31,112,0,143,366,0,366,509
07/19/2002,FMN,NM,ASW,WE,Federal Contract Tower,0,29,10,0,39,0,9,75,2,86,0,38,85,2,125,443,0,443,568
07/20/2002,FMN,NM,ASW,WE,Federal Contract Tower,0,21,6,0,27,0,9,79,8,96,0,30,85,8,123,260,0,260,383
07/21/2002,FMN,NM,ASW,WE,Federal Contract Tower,0,21,3,0,24,0,5,116,0,121,0,26,119,0,145,166,0,166,311
07/22/2002,FMN,NM,ASW,WE,Federal Contract Tower,0,23,13,0,36,0,6,78,4,88,0,29,91,4,124,208,0,208,332
07/23/2002,FMN,NM,ASW,WE,Federal Contract Tower,0,28,9,0,37,0,7,102,0,109,0,35,111,0,146,395,0,395,541
07/24/2002,FMN,NM,ASW,WE,Federal Contract Tower,0,26,16,0,42,0,6,103,0,109,0,32,119,0,151,349,0,349,500
07/25/2002,FMN,NM,ASW,WE,Federal Contract Tower,0,31,5,0,36,0,4,117,2,123,0,35,122,2,159,266,0,266,425
07/26/2002,FMN,NM,ASW,WE,Federal Contract Tower,0,31,9,0,40,0,9,66,2,77,0,40,75,2,117,290,0,290,407
07/27/2002,FMN,NM,ASW,WE,Federal Contract Tower,0,19,4,2,25,0,2,85,0,87,0,21,89,2,112,271,0,271,383
07/28/2002,FMN,NM,ASW,WE,Federal Contract Tower,0,16,5,2,23,0,0,108,0,108,0,16,113,2,131,208,0,208,339
07/29/2002,FMN,NM,ASW,WE,Federal Contract Tower,0,24,16,0,40,0,1,142,0,143,0,25,158,0,183,477,0,477,660
07/30/2002,FMN,NM,ASW,WE,Federal Contract Tower,0,34,7,0,41,0,6,84,0,90,0,40,91,0,131,506,0,506,637
07/31/2002,FMN,NM,ASW,WE,Federal Contract Tower,0,30,8,0,38,0,5,147,0,152,0,35,155,0,190,383,0,383,573
08/01/2002,FMN,NM,ASW,WE,Federal Contract Tower,0,32,10,0,42,0,7,121,0,128,0,39,131,0,170,346,0,346,516
08/02/2002,FMN,NM,ASW,WE,Federal Contract Tower,0,30,16,0,46,0,11,57,0,68,0,41,73,0,114,356,0,356,470
08/03/2002,FMN,NM,ASW,WE,Federal Contract Tower,0,25,4,1,30,0,4,65,0,69,0,29,69,1,99,357,0,357,456
08/04/2002,FMN,NM,ASW,WE,Federal Contract Tower,0,23,12,0,35,0,0,80,0,80,0,23,92,0,115,167,0,167,282
08/05/2002,FMN,NM,ASW,WE,Federal Contract Tower,0,23,12,0,35,0,2,110,2,114,0,25,122,2,149,496,0,496,645
08/06/2002,FMN,NM,ASW,WE,Federal Contract Tower,0,28,10,0,38,0,5,82,0,87,0,33,92,0,125,519,0,519,644
08/07/2002,FMN,NM,ASW,WE,Federal Contract Tower,0,29,5,0,34,0,10,109,4,123,0,39,114,4,157,461,6,467,624
08/08/2002,FMN,NM,ASW,WE,Federal Contract Tower,0,36,10,0,46,0,10,100,0,110,0,46,110,0,156,383,0,383,539
08/09/2002,FMN,NM,ASW,WE,Federal Contract Tower,0,31,9,1,41,0,12,71,1,84,0,43,80,2,125,356,0,356,481
08/10/2002,FMN,NM,ASW,WE,Federal Contract Tower,0,19,4,0,23,0,3,58,0,61,0,22,62,0,84,288,0,288,372
08/11/2002,FMN,NM,ASW,WE,Federal Contract Tower,0,22,7,0,29,0,2,88,0,90,0,24,95,0,119,249,0,249,368
08/12/2002,FMN,NM,ASW,WE,Federal Contract Tower,0,24,12,0,36,0,2,64,0,66,0,26,76,0,102,450,0,450,552
08/13/2002,FMN,NM,ASW,WE,Federal Contract Tower,0,26,14,0,40,0,7,60,0,67,0,33,74,0,107,431,0,431,538
08/14/2002,FMN,NM,ASW,WE,Federal Contract Tower,0,28,13,0,41,0,9,97,1,107,0,37,110,1,148,296,0,296,444
08/15/2002,FMN,NM,ASW,WE,Federal Contract Tower,0,28,14,0,42,0,8,80,0,88,0,36,94,0,130,331,0,331,461
08/16/2002,FMN,NM,ASW,WE,Federal Contract Tower,0,29,13,0,42,0,8,79,0,87,0,37,92,0,129,302,0,302,431
08/17/2002,FMN,NM,ASW,WE,Federal Contract Tower,0,20,8,0,28,0,5,77,0,82,0,25,85,0,110,233,0,233,343
08/18/2002,FMN,NM,ASW,WE,Federal Contract Tower,0,23,11,0,34,0,1,47,2,50,0,24,58,2,84,207,0,207,291
08/19/2002,FMN,NM,ASW,WE,Federal Contract Tower,0,25,11,0,36,0,8,59,0,67,0,33,70,0,103,320,0,320,423
08/20/2002,FMN,NM,ASW,WE,Federal Contract Tower,0,30,8,0,38,0,9,42,0,51,0,39,50,0,89,318,0,318,407
08/21/2002,FMN,NM,ASW,WE,Federal Contract Tower,0,30,9,0,39,0,9,113,0,122,0,39,122,0,161,210,0,210,371
08/22/2002,FMN,NM,ASW,WE,Federal Contract Tower,0,25,17,0,42,0,9,61,2,72,0,34,78,2,114,204,2,206,320
08/23/2002,FMN,NM,ASW,WE,Federal Contract Tower,0,30,15,0,45,0,10,73,0,83,0,40,88,0,128,284,0,284,412
08/24/2002,FMN,NM,ASW,WE,Federal Contract Tower,0,20,5,0,25,0,8,75,0,83,0,28,80,0,108,184,0,184,292
08/25/2002,FMN,NM,ASW,WE,Federal Contract Tower,0,17,9,0,26,0,3,49,0,52,0,20,58,0,78,131,0,131,209
08/26/2002,FMN,NM,ASW,WE,Federal Contract Tower,0,27,14,0,41,0,0,123,0,123,0,27,137,0,164,372,0,372,536
08/27/2002,FMN,NM,ASW,WE,Federal Contract Tower,0,29,9,0,38,0,12,80,0,92,0,41,89,0,130,403,0,403,533
08/28/2002,FMN,NM,ASW,WE,Federal Contract Tower,0,31,14,0,45,0,6,82,0,88,0,37,96,0,133,233,0,233,366
08/29/2002,FMN,NM,ASW,WE,Federal Contract Tower,0,28,18,0,46,0,9,98,0,107,0,37,116,0,153,230,0,230,383
08/30/2002,FMN,NM,ASW,WE,Federal Contract Tower,0,28,6,0,34,0,10,111,0,121,0,38,117,0,155,164,0,164,319
08/31/2002,FMN,NM,ASW,WE,Federal Contract Tower,0,17,7,0,24,0,9,78,0,87,0,26,85,0,111,98,0,98,209
09/01/2002,FMN,NM,ASW,WE,Federal Contract Tower,0,15,7,0,22,0,0,64,0,64,0,15,71,0,86,118,0,118,204
09/02/2002,FMN,NM,ASW,WE,Federal Contract Tower,0,22,5,0,27,0,2,13,0,15,0,24,18,0,42,278,0,278,320
09/03/2002,FMN,NM,ASW,WE,Federal Contract Tower,0,27,15,0,42,0,7,69,0,76,0,34,84,0,118,281,0,281,399
09/04/2002,FMN,NM,ASW,WE,Federal Contract Tower,0,31,12,0,43,0,3,109,0,112,0,34,121,0,155,233,0,233,388
09/05/2002,FMN,NM,ASW,WE,Federal Contract Tower,0,25,12,0,37,0,8,105,0,113,0,33,117,0,150,355,0,355,505
09/06/2002,FMN,NM,ASW,WE,Federal Contract Tower,0,29,12,0,41,0,7,55,0,62,0,36,67,0,103,180,0,180,283
09/07/2002,FMN,NM,ASW,WE,Federal Contract Tower,0,23,5,0,28,0,7,58,0,65,0,30,63,0,93,198,0,198,291
09/08/2002,FMN,NM,ASW,WE,Federal Contract Tower,0,22,10,0,32,0,1,61,0,62,0,23,71,0,94,73,0,73,167
09/09/2002,FMN,NM,ASW,WE,Federal Contract Tower,0,26,11,0,37,0,3,80,0,83,0,29,91,0,120,219,2,221,341
09/10/2002,FMN,NM,ASW,WE,Federal Contract Tower,0,36,12,0,48,0,4,51,0,55,0,40,63,0,103,262,0,262,365
09/11/2002,FMN,NM,ASW,WE,Federal Contract Tower,0,35,13,0,48,0,7,50,30,87,0,42,63,30,135,154,0,154,289
09/12/2002,FMN,NM,ASW,WE,Federal Contract Tower,0,29,24,0,53,0,8,129,0,137,0,37,153,0,190,233,0,233,423
09/13/2002,FMN,NM,ASW,WE,Federal Contract Tower,0,31,24,0,55,0,5,112,2,119,0,36,136,2,174,266,0,266,440
09/14/2002,FMN,NM,ASW,WE,Federal Contract Tower,0,22,3,0,25,0,7,123,0,130,0,29,126,0,155,244,0,244,399
09/15/2002,FMN,NM,ASW,WE,Federal Contract Tower,0,17,10,4,31,0,1,129,0,130,0,18,139,4,161,295,0,295,456
09/16/2002,FMN,NM,ASW,WE,Federal Contract Tower,0,27,6,4,37,0,5,130,0,135,0,32,136,4,172,481,0,481,653
09/17/2002,FMN,NM,ASW,WE,Federal Contract Tower,0,29,10,0,39,0,9,74,0,83,0,38,84,0,122,236,0,236,358
09/18/2002,FMN,NM,ASW,WE,Federal Contract Tower,0,30,13,2,45,0,9,39,0,48,0,39,52,2,93,239,0,239,332
09/19/2002,FMN,NM,ASW,WE,Federal Contract Tower,0,23,21,0,44,0,4,144,0,148,0,27,165,0,192,302,0,302,494
09/20/2002,FMN,NM,ASW,WE,Federal Contract Tower,0,25,11,0,36,0,8,126,1,135,0,33,137,1,171,339,0,339,510
09/21/2002,FMN,NM,ASW,WE,Federal Contract Tower,0,21,3,0,24,0,7,80,9,96,0,28,83,9,120,346,0,346,466
09/22/2002,FMN,NM,ASW,WE,Federal Contract Tower,0,21,14,0,35,0,0,60,4,64,0,21,74,4,99,212,0,212,311
09/23/2002,FMN,NM,ASW,WE,Federal Contract Tower,0,27,10,0,37,0,0,80,0,80,0,27,90,0,117,349,0,349,466
09/24/2002,FMN,NM,ASW,WE,Federal Contract Tower,0,32,6,0,38,0,9,82,0,91,0,41,88,0,129,308,0,308,437
09/25/2002,FMN,NM,ASW,WE,Federal Contract Tower,0,32,13,0,45,0,4,54,0,58,0,36,67,0,103,285,0,285,388
09/26/2002,FMN,NM,ASW,WE,Federal Contract Tower,0,27,9,0,36,0,1,64,0,65,0,28,73,0,101,278,0,278,379
09/27/2002,FMN,NM,ASW,WE,Federal Contract Tower,0,28,10,0,38,0,2,64,0,66,0,30,74,0,104,225,0,225,329
09/28/2002,FMN,NM,ASW,WE,Federal Contract Tower,0,21,4,0,25,0,4,59,0,63,0,25,63,0,88,277,0,277,365
09/29/2002,FMN,NM,ASW,WE,Federal Contract Tower,0,19,5,0,24,0,1,49,0,50,0,20,54,0,74,93,0,93,167
09/30/2002,FMN,NM,ASW,WE,Federal Contract Tower,0,24,4,1,29,0,10,81,1,92,0,34,85,2,121,463,0,463,584
10/01/2002,FMN,NM,ASW,WE,Federal Contract Tower,0,25,12,0,37,0,4,55,0,59,0,29,67,0,96,278,0,278,374
10/02/2002,FMN,NM,ASW,WE,Federal Contract Tower,0,29,9,0,38,0,1,64,0,65,0,30,73,0,103,257,0,257,360
10/03/2002,FMN,NM,ASW,WE,Federal Contract Tower,0,27,15,0,42,0,5,53,0,58,0,32,68,0,100,318,0,318,418
10/04/2002,FMN,NM,ASW,WE,Federal Contract Tower,0,31,17,0,48,0,9,128,0,137,0,40,145,0,185,392,0,392,577
10/05/2002,FMN,NM,ASW,WE,Federal Contract Tower,0,24,17,0,41,0,4,81,2,87,0,28,98,2,128,334,0,334,462
10/06/2002,FMN,NM,ASW,WE,Federal Contract Tower,0,19,6,0,25,0,1,201,0,202,0,20,207,0,227,209,0,209,436
10/07/2002,FMN,NM,ASW,WE,Federal Contract Tower,0,25,11,0,36,0,3,90,2,95,0,28,101,2,131,476,0,476,607
10/08/2002,FMN,NM,ASW,WE,Federal Contract Tower,0,32,13,0,45,0,4,107,0,111,0,36,120,0,156,533,0,533,689
10/09/2002,FMN,NM,ASW,WE,Federal Contract Tower,0,29,10,0,39,0,7,71,0,78,0,36,81,0,117,288,0,288,405
10/10/2002,FMN,NM,ASW,WE,Federal Contract Tower,0,26,17,0,43,0,6,80,2,88,0,32,97,2,131,312,0,312,443
10/11/2002,FMN,NM,ASW,WE,Federal Contract Tower,0,27,12,0,39,0,17,94,0,111,0,44,106,0,150,405,0,405,555
10/12/2002,FMN,NM,ASW,WE,Federal Contract Tower,0,19,5,0,24,0,10,82,2,94,0,29,87,2,118,328,0,328,446
10/13/2002,FMN,NM,ASW,WE,Federal Contract Tower,0,18,5,0,23,0,0,94,0,94,0,18,99,0,117,141,0,141,258
10/14/2002,FMN,NM,ASW,WE,Federal Contract Tower,0,24,5,0,29,0,5,89,0,94,0,29,94,0,123,382,0,382,505
10/15/2002,FMN,NM,ASW,WE,Federal Contract Tower,0,21,9,0,30,0,8,62,2,72,0,29,71,2,102,420,4,424,526
10/16/2002,FMN,NM,ASW,WE,Federal Contract Tower,0,31,13,0,44,0,8,117,0,125,0,39,130,0,169,395,0,395,564
10/17/2002,FMN,NM,ASW,WE,Federal Contract Tower,0,31,18,0,49,0,11,62,0,73,0,42,80,0,122,290,0,290,412
10/18/2002,FMN,NM,ASW,WE,Federal Contract Tower,0,40,15,0,55,0,8,34,0,42,0,48,49,0,97,178,0,178,275
10/19/2002,FMN,NM,ASW,WE,Federal Contract Tower,0,19,16,0,35,0,7,58,2,67,0,26,74,2,102,124,8,132,234
10/20/2002,FMN,NM,ASW,WE,Federal Contract Tower,0,24,8,0,32,0,2,83,0,85,0,26,91,0,117,204,0,204,321
10/21/2002,FMN,NM,ASW,WE,Federal Contract Tower,0,25,9,0,34,0,2,77,0,79,0,27,86,0,113,405,0,405,518
10/22/2002,FMN,NM,ASW,WE,Federal Contract Tower,0,27,15,0,42,0,6,85,0,91,0,33,100,0,133,458,0,458,591
10/23/2002,FMN,NM,ASW,WE,Federal Contract Tower,0,34,15,0,49,0,2,62,0,64,0,36,77,0,113,257,0,257,370
10/24/2002,FMN,NM,ASW,WE,Federal Contract Tower,0,28,10,0,38,0,7,58,0,65,0,35,68,0,103,393,0,393,496
10/25/2002,FMN,NM,ASW,WE,Federal Contract Tower,0,32,13,0,45,0,9,77,0,86,0,41,90,0,131,326,0,326,457
10/26/2002,FMN,NM,ASW,WE,Federal Contract Tower,0,19,9,0,28,0,9,36,0,45,0,28,45,0,73,141,0,141,214
10/27/2002,FMN,NM,ASW,WE,Federal Contract Tower,0,24,14,0,38,0,2,30,0,32,0,26,44,0,70,91,0,91,161
10/28/2002,FMN,NM,ASW,WE,Federal Contract Tower,0,23,18,0,41,0,5,55,0,60,0,28,73,0,101,302,0,302,403
10/29/2002,FMN,NM,ASW,WE,Federal Contract Tower,0,32,15,0,47,0,1,15,0,16,0,33,30,0,63,145,0,145,208
10/30/2002,FMN,NM,ASW,WE,Federal Contract Tower,0,31,13,0,44,0,6,125,0,131,0,37,138,0,175,346,0,346,521
10/31/2002,FMN,NM,ASW,WE,Federal Contract Tower,0,30,21,0,51,0,9,89,0,98,0,39,110,0,149,390,0,390,539
11/01/2002,FMN,NM,ASW,WE,Federal Contract Tower,0,28,9,0,37,0,11,79,2,92,0,39,88,2,129,424,0,424,553
11/02/2002,FMN,NM,ASW,WE,Federal Contract Tower,0,19,11,0,30,0,8,62,0,70,0,27,73,0,100,325,0,325,425
11/03/2002,FMN,NM,ASW,WE,Federal Contract Tower,0,26,10,0,36,0,1,60,2,63,0,27,70,2,99,212,0,212,311
11/04/2002,FMN,NM,ASW,WE,Federal Contract Tower,0,31,13,0,44,0,0,48,0,48,0,31,61,0,92,326,0,326,418
11/05/2002,FMN,NM,ASW,WE,Federal Contract Tower,0,29,10,0,39,0,4,81,0,85,0,33,91,0,124,369,0,369,493
11/06/2002,FMN,NM,ASW,WE,Federal Contract Tower,0,34,12,0,46,0,9,120,0,129,0,43,132,0,175,309,0,309,484
11/07/2002,FMN,NM,ASW,WE,Federal Contract Tower,0,28,11,0,39,0,10,63,2,75,0,38,74,2,114,376,0,376,490
11/08/2002,FMN,NM,ASW,WE,Federal Contract Tower,0,30,26,0,56,0,5,39,2,46,0,35,65,2,102,280,0,280,382
11/09/2002,FMN,NM,ASW,WE,Federal Contract Tower,0,25,8,0,33,0,1,3,0,4,0,26,11,0,37,20,0,20,57
11/10/2002,FMN,NM,ASW,WE,Federal Contract Tower,0,24,17,0,41,0,1,19,0,20,0,25,36,0,61,163,0,163,224
11/11/2002,FMN,NM,ASW,WE,Federal Contract Tower,0,25,16,0,41,0,0,56,0,56,0,25,72,0,97,301,0,301,398
11/12/2002,FMN,NM,ASW,WE,Federal Contract Tower,0,25,18,0,43,0,3,94,0,97,0,28,112,0,140,520,0,520,660
11/13/2002,FMN,NM,ASW,WE,Federal Contract Tower,0,31,13,0,44,0,10,91,0,101,0,41,104,0,145,366,0,366,511
11/14/2002,FMN,NM,ASW,WE,Federal Contract Tower,0,31,12,2,45,0,6,70,0,76,0,37,82,2,121,325,16,341,462
11/15/2002,FMN,NM,ASW,WE,Federal Contract Tower,0,31,13,0,44,0,11,45,4,60,0,42,58,4,104,380,4,384,488
11/16/2002,FMN,NM,ASW,WE,Federal Contract Tower,0,24,4,0,28,0,3,76,0,79,0,27,80,0,107,502,0,502,609
11/17/2002,FMN,NM,ASW,WE,Federal Contract Tower,0,23,10,0,33,0,0,76,0,76,0,23,86,0,109,294,0,294,403
11/18/2002,FMN,NM,ASW,WE,Federal Contract Tower,0,28,15,2,45,0,0,102,0,102,0,28,117,2,147,521,0,521,668
11/19/2002,FMN,NM,ASW,WE,Federal Contract Tower,0,32,6,0,38,0,5,77,0,82,0,37,83,0,120,447,0,447,567
11/20/2002,FMN,NM,ASW,WE,Federal Contract Tower,0,36,15,0,51,0,6,95,0,101,0,42,110,0,152,374,0,374,526
11/21/2002,FMN,NM,ASW,WE,Federal Contract Tower,0,33,8,0,41,0,4,67,0,71,0,37,75,0,112,314,0,314,426
11/22/2002,FMN,NM,ASW,WE,Federal Contract Tower,0,32,7,0,39,0,8,77,0,85,0,40,84,0,124,336,0,336,460
11/23/2002,FMN,NM,ASW,WE,Federal Contract Tower,0,20,4,0,24,0,6,93,0,99,0,26,97,0,123,370,0,370,493
11/24/2002,FMN,NM,ASW,WE,Federal Contract Tower,0,20,7,0,27,0,1,82,0,83,0,21,89,0,110,219,0,219,329
11/25/2002,FMN,NM,ASW,WE,Federal Contract Tower,0,25,10,0,35,0,1,96,0,97,0,26,106,0,132,549,0,549,681
11/26/2002,FMN,NM,ASW,WE,Federal Contract Tower,0,27,13,0,40,0,14,71,2,87,0,41,84,2,127,600,0,600,727
11/27/2002,FMN,NM,ASW,WE,Federal Contract Tower,0,33,7,0,40,0,5,81,2,88,0,38,88,2,128,326,2,328,456
11/28/2002,FMN,NM,ASW,WE,Federal Contract Tower,0,12,2,0,14,0,3,23,0,26,0,15,25,0,40,30,0,30,70
11/29/2002,FMN,NM,ASW,WE,Federal Contract Tower,0,26,2,0,28,0,4,68,0,72,0,30,70,0,100,262,0,262,362
11/30/2002,FMN,NM,ASW,WE,Federal Contract Tower,0,19,5,0,24,0,3,92,0,95,0,22,97,0,119,338,0,338,457
12/01/2002,FMN,NM,ASW,WE,Federal Contract Tower,0,21,8,0,29,0,1,60,0,61,0,22,68,0,90,93,0,93,183
12/02/2002,FMN,NM,ASW,WE,Federal Contract Tower,0,28,7,0,35,0,5,95,0,100,0,33,102,0,135,424,0,424,559
12/03/2002,FMN,NM,ASW,WE,Federal Contract Tower,0,37,11,0,48,0,0,1,0,1,0,37,12,0,49,0,0,0,49
12/04/2002,FMN,NM,ASW,WE,Federal Contract Tower,0,34,12,0,46,0,4,24,0,28,0,38,36,0,74,235,0,235,309
12/05/2002,FMN,NM,ASW,WE,Federal Contract Tower,0,28,15,2,45,0,9,51,0,60,0,37,66,2,105,318,0,318,423
12/06/2002,FMN,NM,ASW,WE,Federal Contract Tower,0,32,11,0,43,0,14,94,0,108,0,46,105,0,151,557,0,557,708
12/07/2002,FMN,NM,ASW,WE,Federal Contract Tower,0,22,12,0,34,0,6,85,0,91,0,28,97,0,125,480,0,480,605
12/08/2002,FMN,NM,ASW,WE,Federal Contract Tower,0,23,12,2,37,0,2,61,0,63,0,25,73,2,100,185,0,185,285
12/09/2002,FMN,NM,ASW,WE,Federal Contract Tower,0,35,7,0,42,0,1,97,0,98,0,36,104,0,140,488,0,488,628
12/10/2002,FMN,NM,ASW,WE,Federal Contract Tower,0,30,12,0,42,0,5,79,0,84,0,35,91,0,126,453,0,453,579
12/11/2002,FMN,NM,ASW,WE,Federal Contract Tower,0,33,5,0,38,0,5,90,0,95,0,38,95,0,133,262,0,262,395
12/12/2002,FMN,NM,ASW,WE,Federal Contract Tower,0,30,11,0,41,0,11,88,0,99,0,41,99,0,140,311,0,311,451
12/13/2002,FMN,NM,ASW,WE,Federal Contract Tower,0,36,25,0,61,0,9,86,0,95,0,45,111,0,156,498,0,498,654
12/14/2002,FMN,NM,ASW,WE,Federal Contract Tower,0,22,5,0,27,0,7,63,0,70,0,29,68,0,97,160,0,160,257
12/15/2002,FMN,NM,ASW,WE,Federal Contract Tower,0,23,11,0,34,0,1,58,0,59,0,24,69,0,93,197,0,197,290
12/16/2002,FMN,NM,ASW,WE,Federal Contract Tower,0,32,14,0,46,0,4,82,0,86,0,36,96,0,132,526,0,526,658
12/17/2002,FMN,NM,ASW,WE,Federal Contract Tower,0,44,23,0,67,0,3,7,0,10,0,47,30,0,77,0,0,0,77
12/18/2002,FMN,NM,ASW,WE,Federal Contract Tower,0,40,14,0,54,0,4,74,0,78,0,44,88,0,132,202,0,202,334
12/19/2002,FMN,NM,ASW,WE,Federal Contract Tower,0,33,15,0,48,0,9,57,0,66,0,42,72,0,114,182,0,182,296
12/20/2002,FMN,NM,ASW,WE,Federal Contract Tower,0,23,8,0,31,0,23,46,0,69,0,46,54,0,100,113,0,113,213
12/21/2002,FMN,NM,ASW,WE,Federal Contract Tower,0,28,14,0,42,0,0,23,0,23,0,28,37,0,65,27,0,27,92
12/22/2002,FMN,NM,ASW,WE,Federal Contract Tower,0,22,6,0,28,0,2,29,0,31,0,24,35,0,59,14,0,14,73
12/23/2002,FMN,NM,ASW,WE,Federal Contract Tower,0,32,10,0,42,0,0,7,0,7,0,32,17,0,49,50,0,50,99
12/24/2002,FMN,NM,ASW,WE,Federal Contract Tower,0,28,13,0,41,0,0,12,0,12,0,28,25,0,53,34,0,34,87
12/25/2002,FMN,NM,ASW,WE,Federal Contract Tower,0,14,4,0,18,0,6,13,0,19,0,20,17,0,37,4,0,4,41
12/26/2002,FMN,NM,ASW,WE,Federal Contract Tower,0,30,14,0,44,0,4,31,0,35,0,34,45,0,79,45,0,45,124
12/27/2002,FMN,NM,ASW,WE,Federal Contract Tower,0,32,1,0,33,0,8,68,0,76,0,40,69,0,109,106,0,106,215
12/28/2002,FMN,NM,ASW,WE,Federal Contract Tower,0,19,10,0,29,0,4,65,0,69,0,23,75,0,98,221,0,221,319
12/29/2002,FMN,NM,ASW,WE,Federal Contract Tower,0,26,7,0,33,0,0,40,0,40,0,26,47,0,73,186,0,186,259
12/30/2002,FMN,NM,ASW,WE,Federal Contract Tower,0,32,3,0,35,0,4,50,0,54,0,36,53,0,89,144,0,144,233
12/31/2002,FMN,NM,ASW,WE,Federal Contract Tower,0,22,6,0,28,0,14,55,0,69,0,36,61,0,97,107,0,107,204
01/01/2003,FMN,NM,ASW,WE,Federal Contract Tower,0,19,5,0,24,0,5,20,0,25,0,24,25,0,49,6,0,6,55
01/02/2003,FMN,NM,ASW,WE,Federal Contract Tower,0,34,7,0,41,0,9,62,0,71,0,43,69,0,112,141,0,141,253
01/03/2003,FMN,NM,ASW,WE,Federal Contract Tower,0,35,19,0,54,0,5,52,0,57,0,40,71,0,111,192,0,192,303
01/04/2003,FMN,NM,ASW,WE,Federal Contract Tower,0,23,8,0,31,0,3,81,0,84,0,26,89,0,115,264,0,264,379
01/05/2003,FMN,NM,ASW,WE,Federal Contract Tower,0,26,8,3,37,0,0,65,0,65,0,26,73,3,102,94,0,94,196
01/06/2003,FMN,NM,ASW,WE,Federal Contract Tower,0,29,6,0,35,0,2,43,0,45,0,31,49,0,80,240,0,240,320
01/07/2003,FMN,NM,ASW,WE,Federal Contract Tower,0,36,15,0,51,0,7,117,0,124,0,43,132,0,175,382,0,382,557
01/08/2003,FMN,NM,ASW,WE,Federal Contract Tower,0,32,11,0,43,0,6,81,0,87,0,38,92,0,130,186,0,186,316
01/09/2003,FMN,NM,ASW,WE,Federal Contract Tower,0,30,8,0,38,0,2,56,0,58,0,32,64,0,96,91,0,91,187
01/10/2003,FMN,NM,ASW,WE,Federal Contract Tower,0,4,4,0,8,0,0,60,0,60,0,4,64,0,68,206,0,206,274
01/11/2003,FMN,NM,ASW,WE,Federal Contract Tower,0,24,3,0,27,0,0,14,1,15,0,24,17,1,42,42,0,42,84
01/12/2003,FMN,NM,ASW,WE,Federal Contract Tower,0,20,8,0,28,0,2,28,0,30,0,22,36,0,58,118,0,118,176
01/13/2003,FMN,NM,ASW,WE,Federal Contract Tower,0,33,14,0,47,0,0,71,1,72,0,33,85,1,119,232,0,232,351
01/14/2003,FMN,NM,ASW,WE,Federal Contract Tower,0,32,11,2,45,0,0,123,0,123,0,32,134,2,168,359,6,365,533
01/15/2003,FMN,NM,ASW,WE,Federal Contract Tower,0,32,14,0,46,0,2,46,0,48,0,34,60,0,94,153,0,153,247
01/16/2003,FMN,NM,ASW,WE,Federal Contract Tower,0,30,7,0,37,0,8,72,0,80,0,38,79,0,117,256,0,256,373
01/17/2003,FMN,NM,ASW,WE,Federal Contract Tower,0,28,13,0,41,0,9,82,0,91,0,37,95,0,132,325,0,325,457
01/18/2003,FMN,NM,ASW,WE,Federal Contract Tower,0,18,5,0,23,0,4,72,0,76,0,22,77,0,99,366,0,366,465
01/19/2003,FMN,NM,ASW,WE,Federal Contract Tower,0,26,1,2,29,0,2,68,0,70,0,28,69,2,99,192,4,196,295
01/20/2003,FMN,NM,ASW,WE,Federal Contract Tower,0,26,9,0,35,0,1,76,0,77,0,27,85,0,112,371,0,371,483
01/21/2003,FMN,NM,ASW,WE,Federal Contract Tower,0,33,9,0,42,0,6,111,0,117,0,39,120,0,159,391,0,391,550
01/22/2003,FMN,NM,ASW,WE,Federal Contract Tower,0,36,7,0,43,0,7,105,0,112,0,43,112,0,155,365,0,365,520
01/23/2003,FMN,NM,ASW,WE,Federal Contract Tower,0,31,11,2,44,0,10,99,0,109,0,41,110,2,153,293,0,293,446
01/24/2003,FMN,NM,ASW,WE,Federal Contract Tower,0,27,10,0,37,0,6,69,0,75,0,33,79,0,112,285,0,285,397
01/25/2003,FMN,NM,ASW,WE,Federal Contract Tower,0,17,6,0,23,0,6,86,0,92,0,23,92,0,115,241,0,241,356
01/26/2003,FMN,NM,ASW,WE,Federal Contract Tower,0,23,7,2,32,0,2,69,0,71,0,25,76,2,103,205,0,205,308
01/27/2003,FMN,NM,ASW,WE,Federal Contract Tower,0,29,13,0,42,0,2,101,2,105,0,31,114,2,147,414,2,416,563
01/28/2003,FMN,NM,ASW,WE,Federal Contract Tower,0,37,10,0,47,0,9,79,0,88,0,46,89,0,135,418,0,418,553
01/29/2003,FMN,NM,ASW,WE,Federal Contract Tower,0,31,15,0,46,0,10,73,0,83,0,41,88,0,129,308,0,308,437
01/30/2003,FMN,NM,ASW,WE,Federal Contract Tower,0,43,6,0,49,0,4,89,0,93,0,47,95,0,142,272,0,272,414
01/31/2003,FMN,NM,ASW,WE,Federal Contract Tower,0,35,12,0,47,0,14,80,0,94,0,49,92,0,141,271,0,271,412
02/01/2003,FMN,NM,ASW,WE,Federal Contract Tower,0,17,7,0,24,0,7,54,0,61,0,24,61,0,85,168,0,168,253
02/02/2003,FMN,NM,ASW,WE,Federal Contract Tower,0,22,12,0,34,0,1,23,0,24,0,23,35,0,58,0,0,0,58
02/03/2003,FMN,NM,ASW,WE,Federal Contract Tower,0,29,9,0,38,0,5,77,0,82,0,34,86,0,120,287,0,287,407
02/04/2003,FMN,NM,ASW,WE,Federal Contract Tower,0,33,11,0,44,0,9,65,0,74,0,42,76,0,118,461,0,461,579
02/05/2003,FMN,NM,ASW,WE,Federal Contract Tower,0,35,15,0,50,0,5,95,0,100,0,40,110,0,150,283,0,283,433
02/06/2003,FMN,NM,ASW,WE,Federal Contract Tower,0,23,18,0,41,0,7,65,0,72,0,30,83,0,113,182,0,182,295
02/07/2003,FMN,NM,ASW,WE,Federal Contract Tower,0,33,9,0,42,0,15,76,0,91,0,48,85,0,133,273,0,273,406
02/08/2003,FMN,NM,ASW,WE,Federal Contract Tower,0,25,10,0,35,0,0,43,0,43,0,25,53,0,78,71,0,71,149
02/09/2003,FMN,NM,ASW,WE,Federal Contract Tower,0,21,8,0,29,0,3,73,2,78,0,24,81,2,107,337,0,337,444
02/10/2003,FMN,NM,ASW,WE,Federal Contract Tower,0,26,16,0,42,0,7,93,0,100,0,33,109,0,142,466,0,466,608
02/11/2003,FMN,NM,ASW,WE,Federal Contract Tower,0,32,6,0,38,0,8,90,0,98,0,40,96,0,136,287,0,287,423
02/12/2003,FMN,NM,ASW,WE,Federal Contract Tower,0,33,15,1,49,0,9,81,2,92,0,42,96,3,141,197,0,197,338
02/13/2003,FMN,NM,ASW,WE,Federal Contract Tower,0,32,27,0,59,0,1,19,0,20,0,33,46,0,79,63,0,63,142
02/14/2003,FMN,NM,ASW,WE,Federal Contract Tower,0,31,3,0,34,0,5,10,0,15,0,36,13,0,49,101,0,101,150
02/15/2003,FMN,NM,ASW,WE,Federal Contract Tower,0,19,10,0,29,0,3,49,0,52,0,22,59,0,81,297,0,297,378
02/16/2003,FMN,NM,ASW,WE,Federal Contract Tower,0,20,4,0,24,0,0,72,0,72,0,20,76,0,96,146,0,146,242
02/17/2003,FMN,NM,ASW,WE,Federal Contract Tower,0,28,4,0,32,0,4,90,0,94,0,32,94,0,126,461,0,461,587
02/18/2003,FMN,NM,ASW,WE,Federal Contract Tower,0,34,6,0,40,0,0,11,0,11,0,34,17,0,51,11,0,11,62
02/19/2003,FMN,NM,ASW,WE,Federal Contract Tower,0,38,15,0,53,0,6,33,0,39,0,44,48,0,92,145,0,145,237
02/20/2003,FMN,NM,ASW,WE,Federal Contract Tower,0,32,10,0,42,0,4,44,0,48,0,36,54,0,90,240,0,240,330
02/21/2003,FMN,NM,ASW,WE,Federal Contract Tower,0,32,13,0,45,0,8,53,0,61,0,40,66,0,106,128,0,128,234
02/22/2003,FMN,NM,ASW,WE,Federal Contract Tower,0,20,6,0,26,0,7,62,0,69,0,27,68,0,95,289,0,289,384
02/23/2003,FMN,NM,ASW,WE,Federal Contract Tower,0,22,13,0,35,0,4,74,0,78,0,26,87,0,113,205,0,205,318
02/24/2003,FMN,NM,ASW,WE,Federal Contract Tower,0,27,12,0,39,0,0,40,0,40,0,27,52,0,79,311,0,311,390
02/25/2003,FMN,NM,ASW,WE,Federal Contract Tower,0,36,9,0,45,0,2,16,0,18,0,38,25,0,63,130,0,130,193
02/26/2003,FMN,NM,ASW,WE,Federal Contract Tower,0,33,22,0,55,0,0,29,0,29,0,33,51,0,84,150,0,150,234
02/27/2003,FMN,NM,ASW,WE,Federal Contract Tower,0,29,9,0,38,0,0,9,0,9,0,29,18,0,47,157,0,157,204
02/28/2003,FMN,NM,ASW,WE,Federal Contract Tower,0,40,13,5,58,0,7,20,0,27,0,47,33,5,85,224,10,234,319
03/01/2003,FMN,NM,ASW,WE,Federal Contract Tower,0,28,11,0,39,0,4,11,0,15,0,32,22,0,54,52,0,52,106
03/02/2003,FMN,NM,ASW,WE,Federal Contract Tower,0,24,11,0,35,0,0,58,0,58,0,24,69,0,93,135,0,135,228
03/03/2003,FMN,NM,ASW,WE,Federal Contract Tower,0,31,15,0,46,0,5,124,0,129,0,36,139,0,175,482,0,482,657
03/04/2003,FMN,NM,ASW,WE,Federal Contract Tower,0,36,12,0,48,0,1,44,0,45,0,37,56,0,93,208,0,208,301
03/05/2003,FMN,NM,ASW,WE,Federal Contract Tower,0,34,14,0,48,0,7,52,0,59,0,41,66,0,107,161,0,161,268
03/06/2003,FMN,NM,ASW,WE,Federal Contract Tower,0,29,16,0,45,0,5,68,0,73,0,34,84,0,118,319,0,319,437
03/07/2003,FMN,NM,ASW,WE,Federal Contract Tower,0,32,13,0,45,0,15,77,0,92,0,47,90,0,137,377,0,377,514
03/08/2003,FMN,NM,ASW,WE,Federal Contract Tower,0,17,8,0,25,0,5,80,0,85,0,22,88,0,110,322,0,322,432
03/09/2003,FMN,NM,ASW,WE,Federal Contract Tower,0,23,7,0,30,0,0,56,0,56,0,23,63,0,86,147,0,147,233
03/10/2003,FMN,NM,ASW,WE,Federal Contract Tower,0,29,12,0,41,0,0,90,0,90,0,29,102,0,131,454,0,454,585
03/11/2003,FMN,NM,ASW,WE,Federal Contract Tower,0,32,6,0,38,0,4,64,2,70,0,36,70,2,108,418,0,418,526
03/12/2003,FMN,NM,ASW,WE,Federal Contract Tower,0,34,9,0,43,0,6,76,0,82,0,40,85,0,125,222,0,222,347
03/13/2003,FMN,NM,ASW,WE,Federal Contract Tower,0,28,11,0,39,0,6,105,0,111,0,34,116,0,150,298,0,298,448
03/14/2003,FMN,NM,ASW,WE,Federal Contract Tower,0,38,21,0,59,0,10,63,0,73,0,48,84,0,132,295,0,295,427
03/15/2003,FMN,NM,ASW,WE,Federal Contract Tower,0,20,5,0,25,0,7,74,0,81,0,27,79,0,106,286,0,286,392
03/16/2003,FMN,NM,ASW,WE,Federal Contract Tower,0,23,9,0,32,0,0,22,0,22,0,23,31,0,54,11,0,11,65
03/17/2003,FMN,NM,ASW,WE,Federal Contract Tower,0,22,12,0,34,0,0,24,0,24,0,22,36,0,58,244,0,244,302
03/18/2003,FMN,NM,ASW,WE,Federal Contract Tower,0,31,5,0,36,0,1,5,0,6,0,32,10,0,42,194,0,194,236
03/19/2003,FMN,NM,ASW,WE,Federal Contract Tower,0,25,13,0,38,0,8,53,0,61,0,33,66,0,99,148,0,148,247
03/20/2003,FMN,NM,ASW,WE,Federal Contract Tower,0,30,10,1,41,0,6,62,1,69,0,36,72,2,110,225,0,225,335
03/21/2003,FMN,NM,ASW,WE,Federal Contract Tower,0,34,19,0,53,0,5,25,0,30,0,39,44,0,83,53,0,53,136
03/22/2003,FMN,NM,ASW,WE,Federal Contract Tower,0,20,13,0,33,0,8,73,0,81,0,28,86,0,114,315,0,315,429
03/23/2003,FMN,NM,ASW,WE,Federal Contract Tower,0,20,6,0,26,0,0,90,0,90,0,20,96,0,116,279,0,279,395
03/24/2003,FMN,NM,ASW,WE,Federal Contract Tower,0,27,15,0,42,0,8,58,0,66,0,35,73,0,108,344,0,344,452
03/25/2003,FMN,NM,ASW,WE,Federal Contract Tower,0,30,7,0,37,0,7,81,0,88,0,37,88,0,125,388,0,388,513
03/26/2003,FMN,NM,ASW,WE,Federal Contract Tower,0,31,21,0,52,0,6,83,0,89,0,37,104,0,141,328,0,328,469
03/27/2003,FMN,NM,ASW,WE,Federal Contract Tower,0,28,14,0,42,0,6,18,0,24,0,34,32,0,66,41,0,41,107
03/28/2003,FMN,NM,ASW,WE,Federal Contract Tower,0,30,13,0,43,0,11,50,4,65,0,41,63,4,108,226,0,226,334
03/29/2003,FMN,NM,ASW,WE,Federal Contract Tower,0,16,6,0,22,0,8,63,0,71,0,24,69,0,93,211,0,211,304
03/30/2003,FMN,NM,ASW,WE,Federal Contract Tower,0,22,5,0,27,0,0,67,0,67,0,22,72,0,94,111,0,111,205
03/31/2003,FMN,NM,ASW,WE,Federal Contract Tower,0,27,12,0,39,0,1,63,0,64,0,28,75,0,103,466,0,466,569
04/01/2003,FMN,NM,ASW,WE,Federal Contract Tower,0,28,10,0,38,0,8,76,0,84,0,36,86,0,122,460,0,460,582
04/02/2003,FMN,NM,ASW,WE,Federal Contract Tower,0,31,7,0,38,0,5,43,0,48,0,36,50,0,86,89,0,89,175
04/03/2003,FMN,NM,ASW,WE,Federal Contract Tower,0,29,14,0,43,0,6,54,0,60,0,35,68,0,103,186,0,186,289
04/04/2003,FMN,NM,ASW,WE,Federal Contract Tower,0,30,18,0,48,0,14,67,0,81,0,44,85,0,129,305,0,305,434
04/05/2003,FMN,NM,ASW,WE,Federal Contract Tower,0,16,4,4,24,0,6,34,0,40,0,22,38,4,64,150,2,152,216
04/06/2003,FMN,NM,ASW,WE,Federal Contract Tower,0,23,12,2,37,0,0,51,0,51,0,23,63,2,88,134,0,134,222
04/07/2003,FMN,NM,ASW,WE,Federal Contract Tower,0,27,20,0,47,0,6,72,0,78,0,33,92,0,125,373,0,373,498
04/08/2003,FMN,NM,ASW,WE,Federal Contract Tower,0,29,7,0,36,0,5,79,0,84,0,34,86,0,120,456,0,456,576
04/09/2003,FMN,NM,ASW,WE,Federal Contract Tower,0,30,16,0,46,0,4,67,0,71,0,34,83,0,117,387,0,387,504
04/10/2003,FMN,NM,ASW,WE,Federal Contract Tower,0,27,6,0,33,0,13,81,0,94,0,40,87,0,127,329,0,329,456
04/11/2003,FMN,NM,ASW,WE,Federal Contract Tower,0,28,10,0,38,0,17,92,0,109,0,45,102,0,147,312,0,312,459
04/12/2003,FMN,NM,ASW,WE,Federal Contract Tower,0,6,1,0,7,0,6,18,0,24,0,12,19,0,31,29,0,29,60
04/13/2003,FMN,NM,ASW,WE,Federal Contract Tower,0,9,8,0,17,0,0,54,0,54,0,9,62,0,71,163,0,163,234
04/14/2003,FMN,NM,ASW,WE,Federal Contract Tower,0,31,8,0,39,0,3,67,0,70,0,34,75,0,109,364,0,364,473
04/15/2003,FMN,NM,ASW,WE,Federal Contract Tower,0,30,19,0,49,0,6,22,0,28,0,36,41,0,77,129,0,129,206
04/16/2003,FMN,NM,ASW,WE,Federal Contract Tower,0,27,11,0,38,0,12,102,0,114,0,39,113,0,152,360,0,360,512
04/17/2003,FMN,NM,ASW,WE,Federal Contract Tower,0,24,10,0,34,0,8,72,0,80,0,32,82,0,114,187,0,187,301
04/18/2003,FMN,NM,ASW,WE,Federal Contract Tower,0,28,8,2,38,0,12,67,0,79,0,40,75,2,117,446,0,446,563
04/19/2003,FMN,NM,ASW,WE,Federal Contract Tower,0,13,4,0,17,0,6,31,0,37,0,19,35,0,54,273,0,273,327
04/20/2003,FMN,NM,ASW,WE,Federal Contract Tower,0,25,3,0,28,0,4,67,0,71,0,29,70,0,99,249,0,249,348
04/21/2003,FMN,NM,ASW,WE,Federal Contract Tower,0,27,10,0,37,0,1,72,0,73,0,28,82,0,110,272,0,272,382
04/22/2003,FMN,NM,ASW,WE,Federal Contract Tower,0,26,10,0,36,0,8,63,6,77,0,34,73,6,113,438,6,444,557
04/23/2003,FMN,NM,ASW,WE,Federal Contract Tower,1,25,12,0,38,0,4,56,0,60,1,29,68,0,98,250,0,250,348
04/24/2003,FMN,NM,ASW,WE,Federal Contract Tower,1,25,8,0,34,0,6,77,0,83,1,31,85,0,117,251,0,251,368
04/25/2003,FMN,NM,ASW,WE,Federal Contract Tower,0,29,11,4,44,0,16,81,1,98,0,45,92,5,142,333,6,339,481
04/26/2003,FMN,NM,ASW,WE,Federal Contract Tower,0,15,0,0,15,0,8,73,0,81,0,23,73,0,96,287,0,287,383
04/27/2003,FMN,NM,ASW,WE,Federal Contract Tower,0,22,10,0,32,0,0,78,0,78,0,22,88,0,110,162,0,162,272
04/28/2003,FMN,NM,ASW,WE,Federal Contract Tower,0,24,16,0,40,0,3,78,0,81,0,27,94,0,121,395,0,395,516
04/29/2003,FMN,NM,ASW,WE,Federal Contract Tower,0,26,12,0,38,0,3,49,0,52,0,29,61,0,90,271,0,271,361
04/30/2003,FMN,NM,ASW,WE,Federal Contract Tower,0,27,10,0,37,0,10,76,0,86,0,37,86,0,123,165,0,165,288
05/01/2003,FMN,NM,ASW,WE,Federal Contract Tower,0,25,19,0,44,0,8,39,0,47,0,33,58,0,91,90,0,90,181
05/02/2003,FMN,NM,ASW,WE,Federal Contract Tower,0,28,16,0,44,0,17,64,0,81,0,45,80,0,125,145,0,145,270
05/03/2003,FMN,NM,ASW,WE,Federal Contract Tower,0,14,5,0,19,0,4,52,0,56,0,18,57,0,75,137,0,137,212
05/04/2003,FMN,NM,ASW,WE,Federal Contract Tower,0,23,11,0,34,0,0,43,0,43,0,23,54,0,77,35,0,35,112
05/05/2003,FMN,NM,ASW,WE,Federal Contract Tower,0,29,18,0,47,0,2,55,0,57,0,31,73,0,104,275,0,275,379
05/06/2003,FMN,NM,ASW,WE,Federal Contract Tower,0,26,9,0,35,0,3,64,0,67,0,29,73,0,102,188,0,188,290
05/07/2003,FMN,NM,ASW,WE,Federal Contract Tower,0,25,16,0,41,0,8,67,2,77,0,33,83,2,118,190,0,190,308
05/08/2003,FMN,NM,ASW,WE,Federal Contract Tower,0,26,12,0,38,0,1,63,0,64,0,27,75,0,102,223,0,223,325
05/09/2003,FMN,NM,ASW,WE,Federal Contract Tower,0,29,14,0,43,0,14,47,2,63,0,43,61,2,106,143,0,143,249
05/10/2003,FMN,NM,ASW,WE,Federal Contract Tower,0,15,6,0,21,0,9,77,0,86,0,24,83,0,107,223,0,223,330
05/11/2003,FMN,NM,ASW,WE,Federal Contract Tower,0,22,8,0,30,0,3,74,0,77,0,25,82,0,107,125,0,125,232
05/12/2003,FMN,NM,ASW,WE,Federal Contract Tower,0,29,12,0,41,0,7,97,0,104,0,36,109,0,145,359,0,359,504
05/13/2003,FMN,NM,ASW,WE,Federal Contract Tower,0,22,16,0,38,0,6,65,0,71,0,28,81,0,109,307,0,307,416
05/14/2003,FMN,NM,ASW,WE,Federal Contract Tower,0,27,4,0,31,0,5,76,0,81,0,32,80,0,112,155,0,155,267
05/15/2003,FMN,NM,ASW,WE,Federal Contract Tower,0,30,25,0,55,0,4,37,0,41,0,34,62,0,96,17,0,17,113
05/16/2003,FMN,NM,ASW,WE,Federal Contract Tower,0,29,13,0,42,0,11,70,0,81,0,40,83,0,123,188,0,188,311
05/17/2003,FMN,NM,ASW,WE,Federal Contract Tower,0,16,10,0,26,0,8,89,2,99,0,24,99,2,125,177,0,177,302
05/18/2003,FMN,NM,ASW,WE,Federal Contract Tower,0,23,10,0,33,0,0,59,3,62,0,23,69,3,95,100,0,100,195
05/19/2003,FMN,NM,ASW,WE,Federal Contract Tower,0,25,8,0,33,0,1,101,0,102,0,26,109,0,135,388,0,388,523
05/20/2003,FMN,NM,ASW,WE,Federal Contract Tower,0,22,15,0,37,0,3,48,0,51,0,25,63,0,88,286,0,286,374
05/21/2003,FMN,NM,ASW,WE,Federal Contract Tower,0,19,16,0,35,0,9,102,8,119,0,28,118,8,154,264,0,264,418
05/22/2003,FMN,NM,ASW,WE,Federal Contract Tower,0,24,11,0,35,0,4,99,0,103,0,28,110,0,138,264,0,264,402
05/23/2003,FMN,NM,ASW,WE,Federal Contract Tower,0,29,13,0,42,0,8,57,0,65,0,37,70,0,107,218,0,218,325
05/24/2003,FMN,NM,ASW,WE,Federal Contract Tower,0,14,6,0,20,0,3,65,0,68,0,17,71,0,88,249,0,249,337
05/25/2003,FMN,NM,ASW,WE,Federal Contract Tower,0,14,7,0,21,0,3,60,0,63,0,17,67,0,84,169,0,169,253
05/26/2003,FMN,NM,ASW,WE,Federal Contract Tower,0,23,12,0,35,0,2,100,0,102,0,25,112,0,137,254,0,254,391
05/27/2003,FMN,NM,ASW,WE,Federal Contract Tower,0,23,6,0,29,0,8,86,0,94,0,31,92,0,123,344,0,344,467
05/28/2003,FMN,NM,ASW,WE,Federal Contract Tower,0,22,11,0,33,0,10,87,0,97,0,32,98,0,130,221,0,221,351
05/29/2003,FMN,NM,ASW,WE,Federal Contract Tower,0,26,25,0,51,0,7,114,0,121,0,33,139,0,172,207,0,207,379
05/30/2003,FMN,NM,ASW,WE,Federal Contract Tower,0,27,13,0,40,0,10,73,0,83,0,37,86,0,123,337,0,337,460
05/31/2003,FMN,NM,ASW,WE,Federal Contract Tower,0,18,8,0,26,0,5,62,0,67,0,23,70,0,93,245,0,245,338
06/01/2003,FMN,NM,ASW,WE,Federal Contract Tower,0,21,11,0,32,0,1,70,0,71,0,22,81,0,103,96,0,96,199
06/02/2003,FMN,NM,ASW,WE,Federal Contract Tower,0,26,5,8,39,0,1,89,0,90,0,27,94,8,129,348,0,348,477
06/03/2003,FMN,NM,ASW,WE,Federal Contract Tower,0,23,11,0,34,0,8,65,0,73,0,31,76,0,107,309,0,309,416
06/04/2003,FMN,NM,ASW,WE,Federal Contract Tower,0,27,11,0,38,0,6,65,0,71,0,33,76,0,109,223,0,223,332
06/05/2003,FMN,NM,ASW,WE,Federal Contract Tower,0,26,9,0,35,0,3,71,0,74,0,29,80,0,109,242,0,242,351
06/06/2003,FMN,NM,ASW,WE,Federal Contract Tower,0,29,10,2,41,0,14,72,8,94,0,43,82,10,135,319,0,319,454
06/07/2003,FMN,NM,ASW,WE,Federal Contract Tower,0,14,9,0,23,0,11,60,3,74,0,25,69,3,97,121,14,135,232
06/08/2003,FMN,NM,ASW,WE,Federal Contract Tower,0,22,10,0,32,0,3,66,0,69,0,25,76,0,101,126,4,130,231
06/09/2003,FMN,NM,ASW,WE,Federal Contract Tower,0,26,19,0,45,0,0,68,0,68,0,26,87,0,113,171,0,171,284
06/10/2003,FMN,NM,ASW,WE,Federal Contract Tower,0,32,13,0,45,0,11,71,2,84,0,43,84,2,129,230,0,230,359
06/11/2003,FMN,NM,ASW,WE,Federal Contract Tower,0,28,11,0,39,0,9,86,0,95,0,37,97,0,134,250,0,250,384
06/12/2003,FMN,NM,ASW,WE,Federal Contract Tower,0,24,14,0,38,0,2,0,0,2,0,26,14,0,40,137,0,137,177
06/13/2003,FMN,NM,ASW,WE,Federal Contract Tower,0,30,4,0,34,0,3,54,0,57,0,33,58,0,91,174,0,174,265
06/14/2003,FMN,NM,ASW,WE,Federal Contract Tower,0,15,8,0,23,0,2,74,0,76,0,17,82,0,99,107,0,107,206
06/15/2003,FMN,NM,ASW,WE,Federal Contract Tower,0,22,7,0,29,0,2,79,0,81,0,24,86,0,110,83,0,83,193
06/16/2003,FMN,NM,ASW,WE,Federal Contract Tower,0,29,5,0,34,0,2,67,0,69,0,31,72,0,103,226,0,226,329
06/17/2003,FMN,NM,ASW,WE,Federal Contract Tower,0,25,11,0,36,0,8,66,0,74,0,33,77,0,110,359,0,359,469
06/18/2003,FMN,NM,ASW,WE,Federal Contract Tower,0,25,5,0,30,0,9,80,0,89,0,34,85,0,119,192,0,192,311
06/19/2003,FMN,NM,ASW,WE,Federal Contract Tower,0,25,14,0,39,0,5,115,0,120,0,30,129,0,159,238,0,238,397
06/20/2003,FMN,NM,ASW,WE,Federal Contract Tower,0,28,12,0,40,0,10,45,1,56,0,38,57,1,96,212,0,212,308
06/21/2003,FMN,NM,ASW,WE,Federal Contract Tower,0,15,8,0,23,0,6,73,0,79,0,21,81,0,102,229,0,229,331
06/22/2003,FMN,NM,ASW,WE,Federal Contract Tower,0,19,8,0,27,0,0,57,0,57,0,19,65,0,84,111,0,111,195
06/23/2003,FMN,NM,ASW,WE,Federal Contract Tower,0,23,8,2,33,0,2,98,0,100,0,25,106,2,133,308,0,308,441
06/24/2003,FMN,NM,ASW,WE,Federal Contract Tower,0,25,11,0,36,0,4,44,0,48,0,29,55,0,84,157,0,157,241
06/25/2003,FMN,NM,ASW,WE,Federal Contract Tower,0,27,18,0,45,0,9,68,2,79,0,36,86,2,124,272,0,272,396
06/26/2003,FMN,NM,ASW,WE,Federal Contract Tower,0,28,20,0,48,0,6,82,0,88,0,34,102,0,136,202,0,202,338
06/27/2003,FMN,NM,ASW,WE,Federal Contract Tower,0,30,6,4,40,0,8,62,0,70,0,38,68,4,110,254,0,254,364
06/28/2003,FMN,NM,ASW,WE,Federal Contract Tower,0,18,7,0,25,0,8,98,0,106,0,26,105,0,131,242,0,242,373
06/29/2003,FMN,NM,ASW,WE,Federal Contract Tower,0,25,15,0,40,0,0,97,0,97,0,25,112,0,137,63,0,63,200
06/30/2003,FMN,NM,ASW,WE,Federal Contract Tower,0,27,13,0,40,0,1,107,0,108,0,28,120,0,148,311,0,311,459
07/01/2003,FMN,NM,ASW,WE,Federal Contract Tower,0,26,9,0,35,0,5,80,0,85,0,31,89,0,120,302,0,302,422
07/02/2003,FMN,NM,ASW,WE,Federal Contract Tower,0,27,10,0,37,0,10,68,0,78,0,37,78,0,115,252,0,252,367
07/03/2003,FMN,NM,ASW,WE,Federal Contract Tower,0,26,12,0,38,0,7,56,0,63,0,33,68,0,101,226,0,226,327
07/04/2003,FMN,NM,ASW,WE,Federal Contract Tower,0,18,8,0,26,0,3,88,0,91,0,21,96,0,117,119,0,119,236
07/05/2003,FMN,NM,ASW,WE,Federal Contract Tower,0,16,5,0,21,0,4,82,0,86,0,20,87,0,107,283,0,283,390
07/06/2003,FMN,NM,ASW,WE,Federal Contract Tower,0,15,6,0,21,0,1,68,0,69,0,16,74,0,90,57,0,57,147
07/07/2003,FMN,NM,ASW,WE,Federal Contract Tower,0,23,8,0,31,0,6,78,0,84,0,29,86,0,115,309,0,309,424
07/08/2003,FMN,NM,ASW,WE,Federal Contract Tower,0,22,14,0,36,0,10,83,0,93,0,32,97,0,129,338,0,338,467
07/09/2003,FMN,NM,ASW,WE,Federal Contract Tower,0,22,5,0,27,0,10,64,0,74,0,32,69,0,101,263,0,263,364
07/10/2003,FMN,NM,ASW,WE,Federal Contract Tower,0,26,11,0,37,0,8,87,0,95,0,34,98,0,132,258,0,258,390
07/11/2003,FMN,NM,ASW,WE,Federal Contract Tower,0,26,4,0,30,0,11,63,0,74,0,37,67,0,104,203,0,203,307
07/12/2003,FMN,NM,ASW,WE,Federal Contract Tower,0,18,7,2,27,0,6,61,0,67,0,24,68,2,94,158,0,158,252
07/13/2003,FMN,NM,ASW,WE,Federal Contract Tower,0,22,9,0,31,0,0,65,0,65,0,22,74,0,96,74,0,74,170
07/14/2003,FMN,NM,ASW,WE,Federal Contract Tower,0,25,5,0,30,0,2,58,0,60,0,27,63,0,90,292,0,292,382
07/15/2003,FMN,NM,ASW,WE,Federal Contract Tower,0,23,10,0,33,0,8,58,0,66,0,31,68,0,99,281,0,281,380
07/16/2003,FMN,NM,ASW,WE,Federal Contract Tower,0,25,15,0,40,0,9,61,0,70,0,34,76,0,110,228,0,228,338
07/17/2003,FMN,NM,ASW,WE,Federal Contract Tower,0,23,8,0,31,0,7,69,0,76,0,30,77,0,107,223,0,223,330
07/18/2003,FMN,NM,ASW,WE,Federal Contract Tower,0,26,6,0,32,0,12,78,0,90,0,38,84,0,122,235,0,235,357
07/19/2003,FMN,NM,ASW,WE,Federal Contract Tower,0,13,5,0,18,0,4,82,0,86,0,17,87,0,104,179,0,179,283
07/20/2003,FMN,NM,ASW,WE,Federal Contract Tower,0,20,6,0,26,0,1,70,0,71,0,21,76,0,97,62,0,62,159
07/21/2003,FMN,NM,ASW,WE,Federal Contract Tower,0,25,13,0,38,0,2,94,0,96,0,27,107,0,134,369,0,369,503
07/22/2003,FMN,NM,ASW,WE,Federal Contract Tower,0,22,17,0,39,0,9,96,0,105,0,31,113,0,144,376,0,376,520
07/23/2003,FMN,NM,ASW,WE,Federal Contract Tower,0,29,11,0,40,0,10,86,0,96,0,39,97,0,136,270,0,270,406
07/24/2003,FMN,NM,ASW,WE,Federal Contract Tower,0,32,14,4,50,0,6,98,0,104,0,38,112,4,154,268,0,268,422
07/25/2003,FMN,NM,ASW,WE,Federal Contract Tower,0,33,6,0,39,0,14,104,0,118,0,47,110,0,157,281,0,281,438
07/26/2003,FMN,NM,ASW,WE,Federal Contract Tower,0,21,5,0,26,0,6,88,0,94,0,27,93,0,120,315,0,315,435
07/27/2003,FMN,NM,ASW,WE,Federal Contract Tower,0,17,8,0,25,0,0,66,0,66,0,17,74,0,91,106,0,106,197
07/28/2003,FMN,NM,ASW,WE,Federal Contract Tower,0,27,12,0,39,0,1,101,0,102,0,28,113,0,141,175,0,175,316
07/29/2003,FMN,NM,ASW,WE,Federal Contract Tower,0,26,15,0,41,0,6,91,0,97,0,32,106,0,138,206,0,206,344
07/30/2003,FMN,NM,ASW,WE,Federal Contract Tower,0,23,12,0,35,0,13,80,0,93,0,36,92,0,128,259,0,259,387
07/31/2003,FMN,NM,ASW,WE,Federal Contract Tower,0,29,7,0,36,0,11,79,0,90,0,40,86,0,126,232,0,232,358
08/01/2003,FMN,NM,ASW,WE,Federal Contract Tower,0,32,6,0,38,0,3,91,0,94,0,35,97,0,132,323,0,323,455
08/02/2003,FMN,NM,ASW,WE,Federal Contract Tower,0,15,4,0,19,0,6,48,0,54,0,21,52,0,73,254,0,254,327
08/03/2003,FMN,NM,ASW,WE,Federal Contract Tower,0,19,0,0,19,0,2,59,0,61,0,21,59,0,80,75,0,75,155
08/04/2003,FMN,NM,ASW,WE,Federal Contract Tower,0,24,12,2,38,0,5,86,0,91,0,29,98,2,129,320,0,320,449
08/05/2003,FMN,NM,ASW,WE,Federal Contract Tower,0,27,5,0,32,0,2,78,0,80,0,29,83,0,112,368,0,368,480
08/06/2003,FMN,NM,ASW,WE,Federal Contract Tower,0,30,13,0,43,0,2,56,0,58,0,32,69,0,101,239,0,239,340
08/07/2003,FMN,NM,ASW,WE,Federal Contract Tower,0,28,9,0,37,0,6,45,3,54,0,34,54,3,91,151,0,151,242
08/08/2003,FMN,NM,ASW,WE,Federal Contract Tower,0,30,14,0,44,0,7,44,0,51,0,37,58,0,95,228,0,228,323
08/09/2003,FMN,NM,ASW,WE,Federal Contract Tower,0,13,12,0,25,0,6,47,0,53,0,19,59,0,78,196,0,196,274
08/10/2003,FMN,NM,ASW,WE,Federal Contract Tower,0,20,8,0,28,0,4,59,0,63,0,24,67,0,91,79,0,79,170
08/11/2003,FMN,NM,ASW,WE,Federal Contract Tower,0,20,12,0,32,0,2,43,0,45,0,22,55,0,77,263,0,263,340
08/12/2003,FMN,NM,ASW,WE,Federal Contract Tower,0,22,6,0,28,0,3,45,2,50,0,25,51,2,78,136,0,136,214
08/13/2003,FMN,NM,ASW,WE,Federal Contract Tower,0,21,15,0,36,0,10,39,0,49,0,31,54,0,85,163,0,163,248
08/14/2003,FMN,NM,ASW,WE,Federal Contract Tower,0,25,15,0,40,0,10,61,0,71,0,35,76,0,111,147,0,147,258
08/15/2003,FMN,NM,ASW,WE,Federal Contract Tower,0,26,5,0,31,0,8,52,0,60,0,34,57,0,91,270,0,270,361
08/16/2003,FMN,NM,ASW,WE,Federal Contract Tower,0,16,8,4,28,0,9,59,0,68,0,25,67,4,96,199,0,199,295
08/17/2003,FMN,NM,ASW,WE,Federal Contract Tower,0,18,13,0,31,0,1,50,0,51,0,19,63,0,82,49,0,49,131
08/18/2003,FMN,NM,ASW,WE,Federal Contract Tower,0,26,12,0,38,0,2,66,0,68,0,28,78,0,106,269,0,269,375
08/19/2003,FMN,NM,ASW,WE,Federal Contract Tower,0,23,16,0,39,0,11,58,0,69,0,34,74,0,108,113,0,113,221
08/20/2003,FMN,NM,ASW,WE,Federal Contract Tower,0,27,11,0,38,0,6,58,0,64,0,33,69,0,102,156,0,156,258
08/21/2003,FMN,NM,ASW,WE,Federal Contract Tower,0,25,14,0,39,0,2,35,0,37,0,27,49,0,76,78,0,78,154
08/22/2003,FMN,NM,ASW,WE,Federal Contract Tower,0,26,4,0,30,0,6,32,0,38,0,32,36,0,68,97,0,97,165
08/23/2003,FMN,NM,ASW,WE,Federal Contract Tower,0,16,2,0,18,0,7,40,0,47,0,23,42,0,65,148,0,148,213
08/24/2003,FMN,NM,ASW,WE,Federal Contract Tower,0,16,5,0,21,0,2,63,0,65,0,18,68,0,86,22,0,22,108
08/25/2003,FMN,NM,ASW,WE,Federal Contract Tower,0,24,8,0,32,0,0,72,0,72,0,24,80,0,104,246,0,246,350
08/26/2003,FMN,NM,ASW,WE,Federal Contract Tower,0,26,9,0,35,0,10,66,0,76,0,36,75,0,111,284,0,284,395
08/27/2003,FMN,NM,ASW,WE,Federal Contract Tower,0,28,11,1,40,0,5,81,9,95,0,33,92,10,135,275,0,275,410
08/28/2003,FMN,NM,ASW,WE,Federal Contract Tower,0,29,7,0,36,0,9,57,0,66,0,38,64,0,102,172,0,172,274
08/29/2003,FMN,NM,ASW,WE,Federal Contract Tower,0,30,7,0,37,0,8,69,0,77,0,38,76,0,114,145,0,145,259
08/30/2003,FMN,NM,ASW,WE,Federal Contract Tower,0,13,6,0,19,0,3,68,0,71,0,16,74,0,90,46,0,46,136
08/31/2003,FMN,NM,ASW,WE,Federal Contract Tower,0,19,7,0,26,0,0,43,0,43,0,19,50,0,69,71,0,71,140
09/01/2003,FMN,NM,ASW,WE,Federal Contract Tower,0,17,12,0,29,0,0,45,0,45,0,17,57,0,74,201,0,201,275
09/02/2003,FMN,NM,ASW,WE,Federal Contract Tower,0,26,13,0,39,0,4,61,0,65,0,30,74,0,104,326,0,326,430
09/03/2003,FMN,NM,ASW,WE,Federal Contract Tower,0,26,5,0,31,0,6,43,2,51,0,32,48,2,82,149,0,149,231
09/04/2003,FMN,NM,ASW,WE,Federal Contract Tower,0,26,11,0,37,0,8,52,0,60,0,34,63,0,97,101,0,101,198
09/05/2003,FMN,NM,ASW,WE,Federal Contract Tower,0,26,1,2,29,0,7,84,2,93,0,33,85,4,122,235,0,235,357
09/06/2003,FMN,NM,ASW,WE,Federal Contract Tower,0,20,4,0,24,0,6,37,0,43,0,26,41,0,67,192,0,192,259
09/07/2003,FMN,NM,ASW,WE,Federal Contract Tower,0,17,5,0,22,0,1,60,0,61,0,18,65,0,83,152,0,152,235
09/08/2003,FMN,NM,ASW,WE,Federal Contract Tower,0,27,4,0,31,0,4,66,0,70,0,31,70,0,101,306,0,306,407
09/09/2003,FMN,NM,ASW,WE,Federal Contract Tower,0,25,13,0,38,0,2,39,0,41,0,27,52,0,79,112,0,112,191
09/10/2003,FMN,NM,ASW,WE,Federal Contract Tower,0,26,8,0,34,0,9,37,0,46,0,35,45,0,80,157,0,157,237
09/11/2003,FMN,NM,ASW,WE,Federal Contract Tower,0,28,1,0,29,0,5,78,0,83,0,33,79,0,112,196,0,196,308
09/12/2003,FMN,NM,ASW,WE,Federal Contract Tower,0,23,11,0,34,0,11,54,0,65,0,34,65,0,99,209,0,209,308
09/13/2003,FMN,NM,ASW,WE,Federal Contract Tower,0,18,2,0,20,0,6,73,0,79,0,24,75,0,99,229,0,229,328
09/14/2003,FMN,NM,ASW,WE,Federal Contract Tower,0,18,11,0,29,0,0,83,0,83,0,18,94,0,112,105,0,105,217
09/15/2003,FMN,NM,ASW,WE,Federal Contract Tower,0,27,16,8,51,0,1,82,0,83,0,28,98,8,134,175,0,175,309
09/16/2003,FMN,NM,ASW,WE,Federal Contract Tower,0,22,7,0,29,0,9,62,0,71,0,31,69,0,100,312,0,312,412
09/17/2003,FMN,NM,ASW,WE,Federal Contract Tower,0,22,7,0,29,0,9,100,0,109,0,31,107,0,138,234,0,234,372
09/18/2003,FMN,NM,ASW,WE,Federal Contract Tower,0,29,21,0,50,0,2,41,0,43,0,31,62,0,93,197,0,197,290
09/19/2003,FMN,NM,ASW,WE,Federal Contract Tower,0,28,15,2,45,0,13,77,0,90,0,41,92,2,135,295,6,301,436
09/20/2003,FMN,NM,ASW,WE,Federal Contract Tower,0,16,3,0,19,0,6,124,22,152,0,22,127,22,171,444,0,444,615
09/21/2003,FMN,NM,ASW,WE,Federal Contract Tower,0,16,7,1,24,0,0,120,0,120,0,16,127,1,144,114,0,114,258
09/22/2003,FMN,NM,ASW,WE,Federal Contract Tower,0,22,7,0,29,0,9,119,0,128,0,31,126,0,157,277,0,277,434
09/23/2003,FMN,NM,ASW,WE,Federal Contract Tower,0,20,14,0,34,0,12,65,2,79,0,32,79,2,113,231,0,231,344
09/24/2003,FMN,NM,ASW,WE,Federal Contract Tower,0,18,11,0,29,0,8,60,0,68,0,26,71,0,97,147,0,147,244
09/25/2003,FMN,NM,ASW,WE,Federal Contract Tower,0,23,12,0,35,0,7,75,0,82,0,30,87,0,117,97,0,97,214
09/26/2003,FMN,NM,ASW,WE,Federal Contract Tower,0,26,6,0,32,0,12,67,0,79,0,38,73,0,111,328,0,328,439
09/27/2003,FMN,NM,ASW,WE,Federal Contract Tower,0,14,6,0,20,0,7,67,0,74,0,21,73,0,94,260,0,260,354
09/28/2003,FMN,NM,ASW,WE,Federal Contract Tower,0,19,10,0,29,0,2,81,0,83,0,21,91,0,112,218,0,218,330
09/29/2003,FMN,NM,ASW,WE,Federal Contract Tower,0,23,8,0,31,0,3,89,0,92,0,26,97,0,123,321,0,321,444
09/30/2003,FMN,NM,ASW,WE,Federal Contract Tower,0,25,8,0,33,0,10,61,0,71,0,35,69,0,104,181,0,181,285
10/01/2003,FMN,NM,ASW,WE,Federal Contract Tower,0,27,10,0,37,0,7,63,0,70,0,34,73,0,107,197,0,197,304
10/02/2003,FMN,NM,ASW,WE,Federal Contract Tower,4,38,24,0,66,0,6,42,0,48,4,44,66,0,114,69,0,69,183
10/03/2003,FMN,NM,ASW,WE,Federal Contract Tower,0,30,16,1,47,0,8,32,0,40,0,38,48,1,87,126,0,126,213
10/04/2003,FMN,NM,ASW,WE,Federal Contract Tower,0,15,2,1,18,0,17,50,0,67,0,32,52,1,85,275,0,275,360
10/05/2003,FMN,NM,ASW,WE,Federal Contract Tower,0,17,11,0,28,0,6,51,0,57,0,23,62,0,85,84,0,84,169
10/06/2003,FMN,NM,ASW,WE,Federal Contract Tower,0,24,14,0,38,0,0,76,0,76,0,24,90,0,114,260,0,260,374
10/07/2003,FMN,NM,ASW,WE,Federal Contract Tower,0,19,13,0,32,0,17,59,0,76,0,36,72,0,108,238,0,238,346
10/08/2003,FMN,NM,ASW,WE,Federal Contract Tower,0,19,13,0,32,0,7,93,0,100,0,26,106,0,132,351,0,351,483
10/09/2003,FMN,NM,ASW,WE,Federal Contract Tower,0,33,8,1,42,0,8,85,1,94,0,41,93,2,136,154,2,156,292
10/10/2003,FMN,NM,ASW,WE,Federal Contract Tower,0,30,10,0,40,0,13,63,0,76,0,43,73,0,116,363,0,363,479
10/11/2003,FMN,NM,ASW,WE,Federal Contract Tower,0,19,9,0,28,0,10,57,0,67,0,29,66,0,95,319,0,319,414
10/12/2003,FMN,NM,ASW,WE,Federal Contract Tower,0,19,10,0,29,0,0,84,0,84,0,19,94,0,113,118,0,118,231
10/13/2003,FMN,NM,ASW,WE,Federal Contract Tower,0,24,9,0,33,0,1,73,0,74,0,25,82,0,107,300,0,300,407
10/14/2003,FMN,NM,ASW,WE,Federal Contract Tower,0,22,14,0,36,0,12,74,0,86,0,34,88,0,122,342,0,342,464
10/15/2003,FMN,NM,ASW,WE,Federal Contract Tower,0,31,10,0,41,0,7,109,0,116,0,38,119,0,157,262,0,262,419
10/16/2003,FMN,NM,ASW,WE,Federal Contract Tower,0,26,13,5,44,0,10,69,1,80,0,36,82,6,124,233,30,263,387
10/17/2003,FMN,NM,ASW,WE,Federal Contract Tower,0,22,19,0,41,0,12,75,0,87,0,34,94,0,128,299,0,299,427
10/18/2003,FMN,NM,ASW,WE,Federal Contract Tower,0,15,4,0,19,0,9,73,0,82,0,24,77,0,101,144,0,144,245
10/19/2003,FMN,NM,ASW,WE,Federal Contract Tower,0,18,14,0,32,0,1,57,0,58,0,19,71,0,90,147,0,147,237
10/20/2003,FMN,NM,ASW,WE,Federal Contract Tower,0,26,11,2,39,0,1,68,1,70,0,27,79,3,109,261,0,261,370
10/21/2003,FMN,NM,ASW,WE,Federal Contract Tower,0,24,9,0,33,0,13,64,8,85,0,37,73,8,118,268,0,268,386
10/22/2003,FMN,NM,ASW,WE,Federal Contract Tower,0,29,11,0,40,0,8,77,0,85,0,37,88,0,125,264,0,264,389
10/23/2003,FMN,NM,ASW,WE,Federal Contract Tower,0,29,8,0,37,0,14,70,0,84,0,43,78,0,121,214,0,214,335
10/24/2003,FMN,NM,ASW,WE,Federal Contract Tower,0,23,11,0,34,0,10,41,0,51,0,33,52,0,85,250,0,250,335
10/25/2003,FMN,NM,ASW,WE,Federal Contract Tower,0,14,4,0,18,0,15,60,0,75,0,29,64,0,93,93,0,93,186
10/26/2003,FMN,NM,ASW,WE,Federal Contract Tower,0,18,2,0,20,0,1,75,0,76,0,19,77,0,96,119,0,119,215
10/27/2003,FMN,NM,ASW,WE,Federal Contract Tower,0,23,10,0,33,0,3,59,0,62,0,26,69,0,95,203,0,203,298
10/28/2003,FMN,NM,ASW,WE,Federal Contract Tower,0,24,10,2,36,0,10,57,2,69,0,34,67,4,105,239,0,239,344
10/29/2003,FMN,NM,ASW,WE,Federal Contract Tower,0,27,8,0,35,0,7,91,0,98,0,34,99,0,133,266,0,266,399
10/30/2003,FMN,NM,ASW,WE,Federal Contract Tower,0,22,11,0,33,0,12,39,0,51,0,34,50,0,84,126,0,126,210
10/31/2003,FMN,NM,ASW,WE,Federal Contract Tower,0,24,9,0,33,0,13,47,0,60,0,37,56,0,93,164,0,164,257
11/01/2003,FMN,NM,ASW,WE,Federal Contract Tower,0,14,4,0,18,0,4,32,0,36,0,18,36,0,54,90,0,90,144
11/02/2003,FMN,NM,ASW,WE,Federal Contract Tower,0,22,15,0,37,0,0,42,1,43,0,22,57,1,80,146,0,146,226
11/03/2003,FMN,NM,ASW,WE,Federal Contract Tower,0,31,9,0,40,0,5,37,0,42,0,36,46,0,82,97,0,97,179
11/04/2003,FMN,NM,ASW,WE,Federal Contract Tower,0,24,5,0,29,0,12,76,0,88,0,36,81,0,117,375,0,375,492
11/05/2003,FMN,NM,ASW,WE,Federal Contract Tower,0,27,15,0,42,0,4,83,0,87,0,31,98,0,129,208,0,208,337
11/06/2003,FMN,NM,ASW,WE,Federal Contract Tower,0,31,14,0,45,0,8,68,12,88,0,39,82,12,133,208,54,262,395
11/07/2003,FMN,NM,ASW,WE,Federal Contract Tower,0,27,20,0,47,0,12,85,2,99,0,39,105,2,146,229,4,233,379
11/08/2003,FMN,NM,ASW,WE,Federal Contract Tower,0,13,6,0,19,0,6,59,0,65,0,19,65,0,84,240,0,240,324
11/09/2003,FMN,NM,ASW,WE,Federal Contract Tower,0,17,7,0,24,0,0,53,2,55,0,17,60,2,79,115,0,115,194
11/10/2003,FMN,NM,ASW,WE,Federal Contract Tower,0,25,8,0,33,0,14,53,0,67,0,39,61,0,100,166,0,166,266
11/11/2003,FMN,NM,ASW,WE,Federal Contract Tower,0,35,8,0,43,0,3,70,0,73,0,38,78,0,116,196,0,196,312
11/12/2003,FMN,NM,ASW,WE,Federal Contract Tower,0,23,8,0,31,0,5,45,0,50,0,28,53,0,81,143,0,143,224
11/13/2003,FMN,NM,ASW,WE,Federal Contract Tower,0,35,12,0,47,0,3,5,0,8,0,38,17,0,55,80,0,80,135
11/14/2003,FMN,NM,ASW,WE,Federal Contract Tower,0,32,13,0,45,0,10,77,0,87,0,42,90,0,132,201,0,201,333
11/15/2003,FMN,NM,ASW,WE,Federal Contract Tower,0,17,4,0,21,0,19,62,0,81,0,36,66,0,102,293,0,293,395
11/16/2003,FMN,NM,ASW,WE,Federal Contract Tower,0,20,7,0,27,0,1,36,0,37,0,21,43,0,64,95,0,95,159
11/17/2003,FMN,NM,ASW,WE,Federal Contract Tower,0,32,10,0,42,0,3,55,0,58,0,35,65,0,100,262,0,262,362
11/18/2003,FMN,NM,ASW,WE,Federal Contract Tower,0,29,5,0,34,0,8,78,0,86,0,37,83,0,120,261,0,261,381
11/19/2003,FMN,NM,ASW,WE,Federal Contract Tower,0,28,8,0,36,0,6,97,0,103,0,34,105,0,139,216,0,216,355
11/20/2003,FMN,NM,ASW,WE,Federal Contract Tower,0,31,7,0,38,0,5,73,0,78,0,36,80,0,116,162,0,162,278
11/21/2003,FMN,NM,ASW,WE,Federal Contract Tower,0,32,11,0,43,0,9,68,1,78,0,41,79,1,121,173,0,173,294
11/22/2003,FMN,NM,ASW,WE,Federal Contract Tower,0,21,11,0,32,0,5,9,0,14,0,26,20,0,46,40,0,40,86
11/23/2003,FMN,NM,ASW,WE,Federal Contract Tower,0,19,3,0,22,0,0,51,0,51,0,19,54,0,73,71,0,71,144
11/24/2003,FMN,NM,ASW,WE,Federal Contract Tower,0,30,3,0,33,0,2,75,0,77,0,32,78,0,110,268,0,268,378
11/25/2003,FMN,NM,ASW,WE,Federal Contract Tower,0,36,23,0,59,0,4,27,0,31,0,40,50,0,90,68,0,68,158
11/26/2003,FMN,NM,ASW,WE,Federal Contract Tower,0,28,12,0,40,0,4,59,0,63,0,32,71,0,103,153,1,154,257
11/27/2003,FMN,NM,ASW,WE,Federal Contract Tower,0,10,9,0,19,0,0,16,0,16,0,10,25,0,35,14,0,14,49
11/28/2003,FMN,NM,ASW,WE,Federal Contract Tower,0,24,6,0,30,0,8,43,0,51,0,32,49,0,81,109,0,109,190
11/29/2003,FMN,NM,ASW,WE,Federal Contract Tower,0,15,7,0,22,0,19,67,0,86,0,34,74,0,108,115,0,115,223
11/30/2003,FMN,NM,ASW,WE,Federal Contract Tower,0,22,5,0,27,0,3,61,0,64,0,25,66,0,91,105,0,105,196
12/01/2003,FMN,NM,ASW,WE,Federal Contract Tower,0,27,12,0,39,0,5,72,0,77,0,32,84,0,116,235,0,235,351
12/02/2003,FMN,NM,ASW,WE,Federal Contract Tower,0,29,5,0,34,0,7,49,0,56,0,36,54,0,90,212,0,212,302
12/03/2003,FMN,NM,ASW,WE,Federal Contract Tower,0,29,6,2,37,0,4,59,0,63,0,33,65,2,100,196,0,196,296
12/04/2003,FMN,NM,ASW,WE,Federal Contract Tower,0,33,10,0,43,0,8,70,0,78,0,41,80,0,121,159,0,159,280
12/05/2003,FMN,NM,ASW,WE,Federal Contract Tower,0,29,17,0,46,0,15,106,0,121,0,44,123,0,167,369,0,369,536
12/06/2003,FMN,NM,ASW,WE,Federal Contract Tower,0,16,7,2,25,0,16,81,0,97,0,32,88,2,122,247,0,247,369
12/07/2003,FMN,NM,ASW,WE,Federal Contract Tower,0,20,12,0,32,0,0,72,8,80,0,20,84,8,112,168,0,168,280
12/08/2003,FMN,NM,ASW,WE,Federal Contract Tower,0,34,12,0,46,0,5,6,0,11,0,39,18,0,57,36,0,36,93
12/09/2003,FMN,NM,ASW,WE,Federal Contract Tower,0,31,11,0,42,0,5,66,0,71,0,36,77,0,113,309,0,309,422
12/10/2003,FMN,NM,ASW,WE,Federal Contract Tower,0,30,18,0,48,0,7,73,0,80,0,37,91,0,128,254,0,254,382
12/11/2003,FMN,NM,ASW,WE,Federal Contract Tower,0,31,11,0,42,0,8,91,0,99,0,39,102,0,141,217,0,217,358
12/12/2003,FMN,NM,ASW,WE,Federal Contract Tower,0,37,18,0,55,0,5,39,0,44,0,42,57,0,99,197,0,197,296
12/13/2003,FMN,NM,ASW,WE,Federal Contract Tower,0,21,4,0,25,0,4,85,0,89,0,25,89,0,114,163,0,163,277
12/14/2003,FMN,NM,ASW,WE,Federal Contract Tower,0,23,3,0,26,0,0,73,0,73,0,23,76,0,99,173,0,173,272
12/15/2003,FMN,NM,ASW,WE,Federal Contract Tower,0,31,12,0,43,0,7,63,0,70,0,38,75,0,113,163,0,163,276
12/16/2003,FMN,NM,ASW,WE,Federal Contract Tower,0,32,5,0,37,0,8,88,0,96,0,40,93,0,133,226,0,226,359
12/17/2003,FMN,NM,ASW,WE,Federal Contract Tower,0,29,5,0,34,0,1,39,0,40,0,30,44,0,74,4,0,4,78
12/18/2003,FMN,NM,ASW,WE,Federal Contract Tower,0,32,10,0,42,0,7,80,0,87,0,39,90,0,129,210,0,210,339
12/19/2003,FMN,NM,ASW,WE,Federal Contract Tower,0,31,12,0,43,0,10,76,0,86,0,41,88,0,129,156,0,156,285
12/20/2003,FMN,NM,ASW,WE,Federal Contract Tower,0,17,0,0,17,0,7,63,0,70,0,24,63,0,87,70,0,70,157
12/21/2003,FMN,NM,ASW,WE,Federal Contract Tower,0,23,11,0,34,0,0,28,0,28,0,23,39,0,62,28,0,28,90
12/22/2003,FMN,NM,ASW,WE,Federal Contract Tower,0,31,7,0,38,0,5,28,0,33,0,36,35,0,71,20,0,20,91
12/23/2003,FMN,NM,ASW,WE,Federal Contract Tower,0,30,7,6,43,0,11,64,1,76,0,41,71,7,119,34,19,53,172
12/24/2003,FMN,NM,ASW,WE,Federal Contract Tower,0,22,3,2,27,0,5,46,0,51,0,27,49,2,78,20,0,20,98
12/25/2003,FMN,NM,ASW,WE,Federal Contract Tower,0,23,6,0,29,0,1,19,0,20,0,24,25,0,49,4,0,4,53
12/26/2003,FMN,NM,ASW,WE,Federal Contract Tower,0,39,9,0,48,0,9,13,0,22,0,48,22,0,70,10,0,10,80
12/27/2003,FMN,NM,ASW,WE,Federal Contract Tower,0,23,5,0,28,0,3,7,0,10,0,26,12,0,38,18,0,18,56
12/28/2003,FMN,NM,ASW,WE,Federal Contract Tower,0,24,7,0,31,0,0,38,0,38,0,24,45,0,69,12,0,12,81
12/29/2003,FMN,NM,ASW,WE,Federal Contract Tower,0,29,12,0,41,0,1,51,0,52,0,30,63,0,93,44,0,44,137
12/30/2003,FMN,NM,ASW,WE,Federal Contract Tower,0,31,8,0,39,0,3,56,0,59,0,34,64,0,98,50,0,50,148
12/31/2003,FMN,NM,ASW,WE,Federal Contract Tower,0,33,7,0,40,0,10,36,0,46,0,43,43,0,86,32,0,32,118
01/01/2004,FMN,NM,ASW,WE,Federal Contract Tower,0,21,12,0,33,0,3,17,0,20,0,24,29,0,53,22,0,22,75
01/02/2004,FMN,NM,ASW,WE,Federal Contract Tower,0,41,13,0,54,0,3,8,0,11,0,44,21,0,65,10,0,10,75
01/03/2004,FMN,NM,ASW,WE,Federal Contract Tower,0,34,7,0,41,0,4,1,0,5,0,38,8,0,46,6,0,6,52
01/04/2004,FMN,NM,ASW,WE,Federal Contract Tower,0,23,12,0,35,0,4,48,0,52,0,27,60,0,87,36,0,36,123
01/05/2004,FMN,NM,ASW,WE,Federal Contract Tower,0,33,6,0,39,0,2,97,0,99,0,35,103,0,138,115,0,115,253
01/06/2004,FMN,NM,ASW,WE,Federal Contract Tower,0,26,8,0,34,0,4,77,0,81,0,30,85,0,115,130,0,130,245
01/07/2004,FMN,NM,ASW,WE,Federal Contract Tower,0,29,21,0,50,0,2,55,0,57,0,31,76,0,107,82,0,82,189
01/08/2004,FMN,NM,ASW,WE,Federal Contract Tower,0,35,10,0,45,0,12,39,0,51,0,47,49,0,96,124,0,124,220
01/09/2004,FMN,NM,ASW,WE,Federal Contract Tower,0,22,10,0,32,0,0,84,0,84,0,22,94,0,116,85,0,85,201
01/10/2004,FMN,NM,ASW,WE,Federal Contract Tower,0,16,2,0,18,0,33,66,0,99,0,49,68,0,117,142,0,142,259
01/11/2004,FMN,NM,ASW,WE,Federal Contract Tower,0,20,6,0,26,0,7,75,0,82,0,27,81,0,108,120,0,120,228
01/12/2004,FMN,NM,ASW,WE,Federal Contract Tower,0,27,5,0,32,0,1,82,0,83,0,28,87,0,115,180,0,180,295
01/13/2004,FMN,NM,ASW,WE,Federal Contract Tower,0,32,15,0,47,0,4,104,0,108,0,36,119,0,155,171,0,171,326
01/14/2004,FMN,NM,ASW,WE,Federal Contract Tower,0,30,13,0,43,0,4,87,31,122,0,34,100,31,165,231,0,231,396
01/15/2004,FMN,NM,ASW,WE,Federal Contract Tower,0,40,25,0,65,0,0,4,0,4,0,40,29,0,69,0,0,0,69
01/16/2004,FMN,NM,ASW,WE,Federal Contract Tower,0,41,12,0,53,0,0,6,0,6,0,41,18,0,59,12,0,12,71
01/17/2004,FMN,NM,ASW,WE,Federal Contract Tower,0,34,10,0,44,0,0,6,0,6,0,34,16,0,50,84,0,84,134
01/18/2004,FMN,NM,ASW,WE,Federal Contract Tower,0,25,8,0,33,0,3,62,0,65,0,28,70,0,98,78,0,78,176
01/19/2004,FMN,NM,ASW,WE,Federal Contract Tower,0,29,13,0,42,0,5,66,0,71,0,34,79,0,113,229,0,229,342
01/20/2004,FMN,NM,ASW,WE,Federal Contract Tower,0,36,15,0,51,0,1,1,0,2,0,37,16,0,53,0,0,0,53
01/21/2004,FMN,NM,ASW,WE,Federal Contract Tower,0,29,24,0,53,0,2,37,0,39,0,31,61,0,92,127,0,127,219
01/22/2004,FMN,NM,ASW,WE,Federal Contract Tower,0,31,16,0,47,0,5,80,2,87,0,36,96,2,134,230,4,234,368
01/23/2004,FMN,NM,ASW,WE,Federal Contract Tower,0,34,8,0,42,0,11,32,0,43,0,45,40,0,85,70,0,70,155
01/24/2004,FMN,NM,ASW,WE,Federal Contract Tower,0,23,6,0,29,0,6,69,0,75,0,29,75,0,104,100,0,100,204
01/25/2004,FMN,NM,ASW,WE,Federal Contract Tower,0,30,10,0,40,0,0,14,0,14,0,30,24,0,54,2,0,2,56
01/26/2004,FMN,NM,ASW,WE,Federal Contract Tower,0,28,6,0,34,0,4,40,0,44,0,32,46,0,78,104,0,104,182
01/27/2004,FMN,NM,ASW,WE,Federal Contract Tower,0,29,7,0,36,0,4,61,0,65,0,33,68,0,101,192,0,192,293
01/28/2004,FMN,NM,ASW,WE,Federal Contract Tower,0,29,9,0,38,0,7,76,0,83,0,36,85,0,121,183,0,183,304
01/29/2004,FMN,NM,ASW,WE,Federal Contract Tower,0,35,10,0,45,0,9,51,0,60,0,44,61,0,105,137,0,137,242
01/30/2004,FMN,NM,ASW,WE,Federal Contract Tower,0,30,14,0,44,0,13,82,2,97,0,43,96,2,141,227,0,227,368
01/31/2004,FMN,NM,ASW,WE,Federal Contract Tower,0,21,7,0,28,0,5,16,0,21,0,26,23,0,49,27,0,27,76
02/01/2004,FMN,NM,ASW,WE,Federal Contract Tower,0,23,1,0,24,0,2,28,0,30,0,25,29,0,54,45,0,45,99
02/02/2004,FMN,NM,ASW,WE,Federal Contract Tower,0,33,18,0,51,0,1,73,0,74,0,34,91,0,125,183,0,183,308
02/03/2004,FMN,NM,ASW,WE,Federal Contract Tower,0,35,14,0,49,0,0,24,0,24,0,35,38,0,73,77,0,77,150
02/04/2004,FMN,NM,ASW,WE,Federal Contract Tower,0,37,6,0,43,0,3,4,0,7,0,40,10,0,50,10,0,10,60
02/05/2004,FMN,NM,ASW,WE,Federal Contract Tower,0,33,9,0,42,0,3,15,0,18,0,36,24,0,60,80,0,80,140
02/06/2004,FMN,NM,ASW,WE,Federal Contract Tower,2,33,15,1,51,0,9,49,0,58,2,42,64,1,109,248,22,270,379
02/07/2004,FMN,NM,ASW,WE,Federal Contract Tower,0,34,9,0,43,0,6,40,0,46,0,40,49,0,89,140,0,140,229
02/08/2004,FMN,NM,ASW,WE,Federal Contract Tower,0,23,5,0,28,0,1,56,0,57,0,24,61,0,85,101,0,101,186
02/09/2004,FMN,NM,ASW,WE,Federal Contract Tower,0,28,8,0,36,0,2,53,0,55,0,30,61,0,91,305,0,305,396
02/10/2004,FMN,NM,ASW,WE,Federal Contract Tower,0,36,15,0,51,0,12,75,2,89,0,48,90,2,140,218,0,218,358
02/11/2004,FMN,NM,ASW,WE,Federal Contract Tower,0,37,9,0,46,0,5,61,0,66,0,42,70,0,112,154,0,154,266
02/12/2004,FMN,NM,ASW,WE,Federal Contract Tower,0,34,12,0,46,0,9,31,0,40,0,43,43,0,86,143,0,143,229
02/13/2004,FMN,NM,ASW,WE,Federal Contract Tower,0,40,7,0,47,0,6,51,0,57,0,46,58,0,104,262,0,262,366
02/14/2004,FMN,NM,ASW,WE,Federal Contract Tower,0,19,6,0,25,0,9,48,0,57,0,28,54,0,82,87,0,87,169
02/15/2004,FMN,NM,ASW,WE,Federal Contract Tower,0,18,7,0,25,0,0,61,0,61,0,18,68,0,86,74,0,74,160
02/16/2004,FMN,NM,ASW,WE,Federal Contract Tower,0,32,3,0,35,0,5,56,0,61,0,37,59,0,96,222,0,222,318
02/17/2004,FMN,NM,ASW,WE,Federal Contract Tower,0,33,7,0,40,0,3,83,0,86,0,36,90,0,126,281,0,281,407
02/18/2004,FMN,NM,ASW,WE,Federal Contract Tower,0,30,16,0,46,0,6,53,0,59,0,36,69,0,105,191,0,191,296
02/19/2004,FMN,NM,ASW,WE,Federal Contract Tower,0,28,7,0,35,0,7,12,0,19,0,35,19,0,54,91,0,91,145
02/20/2004,FMN,NM,ASW,WE,Federal Contract Tower,0,31,4,0,35,0,8,79,0,87,0,39,83,0,122,353,0,353,475
02/21/2004,FMN,NM,ASW,WE,Federal Contract Tower,0,24,2,0,26,0,2,17,0,19,0,26,19,0,45,78,0,78,123
02/22/2004,FMN,NM,ASW,WE,Federal Contract Tower,0,25,6,0,31,0,1,12,0,13,0,26,18,0,44,111,0,111,155
02/23/2004,FMN,NM,ASW,WE,Federal Contract Tower,0,37,10,0,47,0,0,62,0,62,0,37,72,0,109,196,0,196,305
02/24/2004,FMN,NM,ASW,WE,Federal Contract Tower,0,36,14,0,50,0,1,0,0,1,0,37,14,0,51,50,0,50,101
02/25/2004,FMN,NM,ASW,WE,Federal Contract Tower,0,35,14,0,49,0,9,55,0,64,0,44,69,0,113,347,0,347,460
02/26/2004,FMN,NM,ASW,WE,Federal Contract Tower,0,34,13,0,47,0,5,32,0,37,0,39,45,0,84,222,0,222,306
02/27/2004,FMN,NM,ASW,WE,Federal Contract Tower,0,37,12,0,49,0,6,37,0,43,0,43,49,0,92,184,0,184,276
02/28/2004,FMN,NM,ASW,WE,Federal Contract Tower,0,26,4,0,30,0,3,11,0,14,0,29,15,0,44,54,0,54,98
02/29/2004,FMN,NM,ASW,WE,Federal Contract Tower,0,22,7,0,29,0,0,16,2,18,0,22,23,2,47,47,0,47,94
03/01/2004,FMN,NM,ASW,WE,Federal Contract Tower,0,31,13,0,44,0,7,83,0,90,0,38,96,0,134,221,0,221,355
03/02/2004,FMN,NM,ASW,WE,Federal Contract Tower,0,36,12,0,48,0,0,24,0,24,0,36,36,0,72,73,0,73,145
03/03/2004,FMN,NM,ASW,WE,Federal Contract Tower,0,31,12,0,43,0,4,50,0,54,0,35,62,0,97,178,0,178,275
03/04/2004,FMN,NM,ASW,WE,Federal Contract Tower,0,37,17,0,54,0,3,15,2,20,0,40,32,2,74,127,0,127,201
03/05/2004,FMN,NM,ASW,WE,Federal Contract Tower,0,31,10,0,41,0,9,45,0,54,0,40,55,0,95,166,0,166,261
03/06/2004,FMN,NM,ASW,WE,Federal Contract Tower,0,22,10,0,32,0,7,50,0,57,0,29,60,0,89,240,0,240,329
03/07/2004,FMN,NM,ASW,WE,Federal Contract Tower,0,21,7,0,28,0,7,91,0,98,0,28,98,0,126,176,0,176,302
03/08/2004,FMN,NM,ASW,WE,Federal Contract Tower,0,29,18,0,47,0,1,74,0,75,0,30,92,0,122,289,0,289,411
03/09/2004,FMN,NM,ASW,WE,Federal Contract Tower,0,34,8,0,42,0,5,77,0,82,0,39,85,0,124,278,0,278,402
03/10/2004,FMN,NM,ASW,WE,Federal Contract Tower,0,35,13,0,48,0,6,63,0,69,0,41,76,0,117,255,0,255,372
03/11/2004,FMN,NM,ASW,WE,Federal Contract Tower,2,30,11,0,43,0,16,34,0,50,2,46,45,0,93,179,0,179,272
03/12/2004,FMN,NM,ASW,WE,Federal Contract Tower,0,32,10,0,42,0,7,68,2,77,0,39,78,2,119,254,0,254,373
03/13/2004,FMN,NM,ASW,WE,Federal Contract Tower,0,18,3,0,21,0,7,68,0,75,0,25,71,0,96,196,0,196,292
03/14/2004,FMN,NM,ASW,WE,Federal Contract Tower,0,25,10,2,37,0,4,90,0,94,0,29,100,2,131,107,0,107,238
03/15/2004,FMN,NM,ASW,WE,Federal Contract Tower,0,30,13,0,43,0,7,77,0,84,0,37,90,0,127,240,0,240,367
03/16/2004,FMN,NM,ASW,WE,Federal Contract Tower,0,37,12,0,49,0,4,64,2,70,0,41,76,2,119,239,0,239,358
03/17/2004,FMN,NM,ASW,WE,Federal Contract Tower,0,34,9,0,43,0,12,68,0,80,0,46,77,0,123,314,0,314,437
03/18/2004,FMN,NM,ASW,WE,Federal Contract Tower,0,33,17,0,50,0,8,60,2,70,0,41,77,2,120,241,26,267,387
03/19/2004,FMN,NM,ASW,WE,Federal Contract Tower,0,31,14,0,45,0,6,67,0,73,0,37,81,0,118,314,0,314,432
03/20/2004,FMN,NM,ASW,WE,Federal Contract Tower,0,20,8,0,28,0,8,56,0,64,0,28,64,0,92,162,0,162,254
03/21/2004,FMN,NM,ASW,WE,Federal Contract Tower,0,27,8,0,35,0,1,78,0,79,0,28,86,0,114,92,0,92,206
03/22/2004,FMN,NM,ASW,WE,Federal Contract Tower,0,31,9,0,40,0,5,73,0,78,0,36,82,0,118,257,0,257,375
03/23/2004,FMN,NM,ASW,WE,Federal Contract Tower,0,32,10,0,42,0,9,70,0,79,0,41,80,0,121,249,0,249,370
03/24/2004,FMN,NM,ASW,WE,Federal Contract Tower,0,33,9,0,42,0,5,46,0,51,0,38,55,0,93,208,0,208,301
03/25/2004,FMN,NM,ASW,WE,Federal Contract Tower,0,37,13,0,50,0,9,44,2,55,0,46,57,2,105,168,0,168,273
03/26/2004,FMN,NM,ASW,WE,Federal Contract Tower,0,30,11,0,41,0,10,53,0,63,0,40,64,0,104,233,0,233,337
03/27/2004,FMN,NM,ASW,WE,Federal Contract Tower,0,18,7,0,25,0,5,19,0,24,0,23,26,0,49,62,0,62,111
03/28/2004,FMN,NM,ASW,WE,Federal Contract Tower,0,28,7,0,35,0,3,52,0,55,0,31,59,0,90,113,0,113,203
03/29/2004,FMN,NM,ASW,WE,Federal Contract Tower,0,28,10,0,38,0,13,83,0,96,0,41,93,0,134,317,0,317,451
03/30/2004,FMN,NM,ASW,WE,Federal Contract Tower,0,28,2,0,30,0,2,64,0,66,0,30,66,0,96,262,0,262,358
03/31/2004,FMN,NM,ASW,WE,Federal Contract Tower,0,30,4,0,34,0,8,59,2,69,0,38,63,2,103,240,0,240,343
04/01/2004,FMN,NM,ASW,WE,Federal Contract Tower,0,25,10,0,35,0,4,49,0,53,0,29,59,0,88,164,0,164,252
04/02/2004,FMN,NM,ASW,WE,Federal Contract Tower,0,32,6,0,38,0,12,10,0,22,0,44,16,0,60,49,0,49,109
04/03/2004,FMN,NM,ASW,WE,Federal Contract Tower,0,33,7,0,40,0,2,4,0,6,0,35,11,0,46,0,0,0,46
04/04/2004,FMN,NM,ASW,WE,Federal Contract Tower,0,22,12,0,34,0,4,10,0,14,0,26,22,0,48,31,0,31,79
04/05/2004,FMN,NM,ASW,WE,Federal Contract Tower,0,29,17,0,46,0,0,52,0,52,0,29,69,0,98,144,0,144,242
04/06/2004,FMN,NM,ASW,WE,Federal Contract Tower,0,29,10,0,39,0,11,58,0,69,0,40,68,0,108,252,0,252,360
04/07/2004,FMN,NM,ASW,WE,Federal Contract Tower,0,37,7,2,46,0,20,60,0,80,0,57,67,2,126,142,0,142,268
04/08/2004,FMN,NM,ASW,WE,Federal Contract Tower,0,37,11,2,50,0,9,20,0,29,0,46,31,2,79,160,0,160,239
04/09/2004,FMN,NM,ASW,WE,Federal Contract Tower,0,36,4,0,40,0,5,36,4,45,0,41,40,4,85,166,2,168,253
04/10/2004,FMN,NM,ASW,WE,Federal Contract Tower,0,20,7,0,27,0,7,37,0,44,0,27,44,0,71,154,0,154,225
04/11/2004,FMN,NM,ASW,WE,Federal Contract Tower,0,24,8,0,32,0,2,12,0,14,0,26,20,0,46,28,0,28,74
04/12/2004,FMN,NM,ASW,WE,Federal Contract Tower,0,39,7,0,46,0,5,80,0,85,0,44,87,0,131,246,0,246,377
04/13/2004,FMN,NM,ASW,WE,Federal Contract Tower,0,32,5,0,37,0,3,78,0,81,0,35,83,0,118,283,0,283,401
04/14/2004,FMN,NM,ASW,WE,Federal Contract Tower,0,30,12,0,42,0,13,44,0,57,0,43,56,0,99,218,0,218,317
04/15/2004,FMN,NM,ASW,WE,Federal Contract Tower,0,33,18,0,51,0,18,56,0,74,0,51,74,0,125,211,0,211,336
04/16/2004,FMN,NM,ASW,WE,Federal Contract Tower,0,35,17,0,52,0,14,71,0,85,0,49,88,0,137,263,0,263,400
04/17/2004,FMN,NM,ASW,WE,Federal Contract Tower,0,25,4,0,29,0,7,48,0,55,0,32,52,0,84,102,0,102,186
04/18/2004,FMN,NM,ASW,WE,Federal Contract Tower,0,23,10,0,33,0,1,71,0,72,0,24,81,0,105,128,0,128,233
04/19/2004,FMN,NM,ASW,WE,Federal Contract Tower,0,28,20,0,48,0,8,65,0,73,0,36,85,0,121,257,0,257,378
04/20/2004,FMN,NM,ASW,WE,Federal Contract Tower,0,31,11,0,42,0,4,58,0,62,0,35,69,0,104,212,0,212,316
04/21/2004,FMN,NM,ASW,WE,Federal Contract Tower,0,30,19,0,49,0,7,69,0,76,0,37,88,0,125,225,0,225,350
04/22/2004,FMN,NM,ASW,WE,Federal Contract Tower,0,34,12,0,46,0,8,18,0,26,0,42,30,0,72,128,0,128,200
04/23/2004,FMN,NM,ASW,WE,Federal Contract Tower,0,34,14,0,48,0,11,41,0,52,0,45,55,0,100,196,0,196,296
04/24/2004,FMN,NM,ASW,WE,Federal Contract Tower,0,18,3,0,21,0,3,54,0,57,0,21,57,0,78,235,0,235,313
04/25/2004,FMN,NM,ASW,WE,Federal Contract Tower,0,26,2,0,28,0,6,47,0,53,0,32,49,0,81,54,0,54,135
04/26/2004,FMN,NM,ASW,WE,Federal Contract Tower,0,38,6,0,44,0,2,69,0,71,0,40,75,0,115,259,0,259,374
04/27/2004,FMN,NM,ASW,WE,Federal Contract Tower,0,32,7,0,39,0,6,50,0,56,0,38,57,0,95,261,0,261,356
04/28/2004,FMN,NM,ASW,WE,Federal Contract Tower,0,28,7,0,35,0,10,52,0,62,0,38,59,0,97,143,0,143,240
04/29/2004,FMN,NM,ASW,WE,Federal Contract Tower,0,32,16,0,48,0,5,4,0,9,0,37,20,0,57,18,0,18,75
04/30/2004,FMN,NM,ASW,WE,Federal Contract Tower,0,32,11,0,43,0,12,46,0,58,0,44,57,0,101,252,0,252,353
05/01/2004,FMN,NM,ASW,WE,Federal Contract Tower,0,19,9,0,28,0,10,59,0,69,0,29,68,0,97,164,0,164,261
05/02/2004,FMN,NM,ASW,WE,Federal Contract Tower,0,27,8,0,35,0,5,52,0,57,0,32,60,0,92,71,0,71,163
05/03/2004,FMN,NM,ASW,WE,Federal Contract Tower,0,37,7,0,44,0,8,72,0,80,0,45,79,0,124,206,0,206,330
05/04/2004,FMN,NM,ASW,WE,Federal Contract Tower,0,30,13,0,43,0,13,81,0,94,0,43,94,0,137,182,0,182,319
05/05/2004,FMN,NM,ASW,WE,Federal Contract Tower,0,34,9,0,43,0,6,53,0,59,0,40,62,0,102,68,0,68,170
05/06/2004,FMN,NM,ASW,WE,Federal Contract Tower,0,34,7,0,41,0,5,44,0,49,0,39,51,0,90,83,0,83,173
05/07/2004,FMN,NM,ASW,WE,Federal Contract Tower,0,35,13,0,48,0,13,54,0,67,0,48,67,0,115,192,0,192,307
05/08/2004,FMN,NM,ASW,WE,Federal Contract Tower,0,17,4,0,21,0,7,44,2,53,0,24,48,2,74,107,0,107,181
05/09/2004,FMN,NM,ASW,WE,Federal Contract Tower,0,22,10,0,32,0,5,47,0,52,0,27,57,0,84,61,0,61,145
05/10/2004,FMN,NM,ASW,WE,Federal Contract Tower,0,37,11,0,48,0,2,57,0,59,0,39,68,0,107,186,0,186,293
05/11/2004,FMN,NM,ASW,WE,Federal Contract Tower,0,34,13,0,47,0,6,51,0,57,0,40,64,0,104,143,0,143,247
05/12/2004,FMN,NM,ASW,WE,Federal Contract Tower,0,33,11,0,44,0,10,79,0,89,0,43,90,0,133,224,0,224,357
05/13/2004,FMN,NM,ASW,WE,Federal Contract Tower,0,34,9,0,43,0,16,47,0,63,0,50,56,0,106,160,0,160,266
05/14/2004,FMN,NM,ASW,WE,Federal Contract Tower,0,37,9,0,46,0,7,64,0,71,0,44,73,0,117,172,0,172,289
05/15/2004,FMN,NM,ASW,WE,Federal Contract Tower,0,22,4,0,26,0,8,69,0,77,0,30,73,0,103,159,0,159,262
05/16/2004,FMN,NM,ASW,WE,Federal Contract Tower,0,25,11,0,36,0,7,54,0,61,0,32,65,0,97,88,0,88,185
05/17/2004,FMN,NM,ASW,WE,Federal Contract Tower,0,29,8,0,37,0,3,65,0,68,0,32,73,0,105,217,0,217,322
05/18/2004,FMN,NM,ASW,WE,Federal Contract Tower,0,31,8,0,39,0,8,81,0,89,0,39,89,0,128,223,0,223,351
05/19/2004,FMN,NM,ASW,WE,Federal Contract Tower,0,31,5,0,36,0,9,51,0,60,0,40,56,0,96,201,0,201,297
05/20/2004,FMN,NM,ASW,WE,Federal Contract Tower,0,33,8,0,41,0,7,35,0,42,0,40,43,0,83,60,0,60,143
05/21/2004,FMN,NM,ASW,WE,Federal Contract Tower,0,37,15,0,52,0,8,64,0,72,0,45,79,0,124,202,0,202,326
05/22/2004,FMN,NM,ASW,WE,Federal Contract Tower,0,18,8,0,26,0,11,54,0,65,0,29,62,0,91,107,0,107,198
05/23/2004,FMN,NM,ASW,WE,Federal Contract Tower,0,29,5,0,34,0,0,65,0,65,0,29,70,0,99,56,0,56,155
05/24/2004,FMN,NM,ASW,WE,Federal Contract Tower,0,33,14,0,47,0,2,70,0,72,0,35,84,0,119,208,0,208,327
05/25/2004,FMN,NM,ASW,WE,Federal Contract Tower,0,32,11,0,43,0,11,75,0,86,0,43,86,0,129,189,0,189,318
05/26/2004,FMN,NM,ASW,WE,Federal Contract Tower,0,30,10,0,40,0,15,59,0,74,0,45,69,0,114,195,0,195,309
05/27/2004,FMN,NM,ASW,WE,Federal Contract Tower,0,34,15,0,49,0,13,60,0,73,0,47,75,0,122,190,0,190,312
05/28/2004,FMN,NM,ASW,WE,Federal Contract Tower,0,33,13,0,46,0,8,70,0,78,0,41,83,0,124,187,0,187,311
05/29/2004,FMN,NM,ASW,WE,Federal Contract Tower,0,18,4,0,22,0,9,56,0,65,0,27,60,0,87,78,0,78,165
05/30/2004,FMN,NM,ASW,WE,Federal Contract Tower,0,23,2,0,25,0,2,72,0,74,0,25,74,0,99,14,0,14,113
05/31/2004,FMN,NM,ASW,WE,Federal Contract Tower,0,33,5,0,38,0,5,67,0,72,0,38,72,0,110,207,0,207,317
06/01/2004,FMN,NM,ASW,WE,Federal Contract Tower,0,29,8,0,37,0,12,62,0,74,0,41,70,0,111,233,0,233,344
06/02/2004,FMN,NM,ASW,WE,Federal Contract Tower,0,24,7,0,31,0,13,92,0,105,0,37,99,0,136,154,0,154,290
06/03/2004,FMN,NM,ASW,WE,Federal Contract Tower,0,31,8,0,39,0,6,30,0,36,0,37,38,0,75,246,0,246,321
06/04/2004,FMN,NM,ASW,WE,Federal Contract Tower,0,27,7,1,35,0,18,44,1,63,0,45,51,2,98,256,2,258,356
06/05/2004,FMN,NM,ASW,WE,Federal Contract Tower,0,23,9,0,32,0,0,56,0,56,0,23,65,0,88,198,0,198,286
06/06/2004,FMN,NM,ASW,WE,Federal Contract Tower,0,17,4,0,21,0,14,49,0,63,0,31,53,0,84,110,0,110,194
06/07/2004,FMN,NM,ASW,WE,Federal Contract Tower,0,25,7,1,33,0,9,65,1,75,0,34,72,2,108,226,0,226,334
06/08/2004,FMN,NM,ASW,WE,Federal Contract Tower,0,31,8,0,39,0,14,87,0,101,0,45,95,0,140,265,0,265,405
06/09/2004,FMN,NM,ASW,WE,Federal Contract Tower,0,35,10,0,45,0,6,69,0,75,0,41,79,0,120,175,0,175,295
06/10/2004,FMN,NM,ASW,WE,Federal Contract Tower,0,36,10,0,46,0,4,42,0,46,0,40,52,0,92,282,0,282,374
06/11/2004,FMN,NM,ASW,WE,Federal Contract Tower,0,33,9,0,42,0,0,55,0,55,0,33,64,0,97,152,0,152,249
06/12/2004,FMN,NM,ASW,WE,Federal Contract Tower,0,24,6,0,30,0,22,56,0,78,0,46,62,0,108,318,0,318,426
06/13/2004,FMN,NM,ASW,WE,Federal Contract Tower,0,24,7,0,31,0,2,58,0,60,0,26,65,0,91,248,0,248,339
06/14/2004,FMN,NM,ASW,WE,Federal Contract Tower,0,29,8,0,37,0,9,73,0,82,0,38,81,0,119,306,0,306,425
06/15/2004,FMN,NM,ASW,WE,Federal Contract Tower,0,31,8,0,39,0,19,81,0,100,0,50,89,0,139,373,0,373,512
06/16/2004,FMN,NM,ASW,WE,Federal Contract Tower,0,39,11,0,50,0,13,70,0,83,0,52,81,0,133,260,0,260,393
06/17/2004,FMN,NM,ASW,WE,Federal Contract Tower,0,35,10,1,46,0,5,39,1,45,0,40,49,2,91,232,2,234,325
06/18/2004,FMN,NM,ASW,WE,Federal Contract Tower,0,34,9,0,43,0,7,53,0,60,0,41,62,0,103,106,0,106,209
06/19/2004,FMN,NM,ASW,WE,Federal Contract Tower,0,26,7,0,33,0,0,52,0,52,0,26,59,0,85,210,0,210,295
06/20/2004,FMN,NM,ASW,WE,Federal Contract Tower,0,18,5,0,23,0,4,46,0,50,0,22,51,0,73,123,0,123,196
06/21/2004,FMN,NM,ASW,WE,Federal Contract Tower,0,24,5,1,30,0,5,67,1,73,0,29,72,2,103,229,6,235,338
06/22/2004,FMN,NM,ASW,WE,Federal Contract Tower,0,30,8,0,38,0,9,72,0,81,0,39,80,0,119,343,0,343,462
06/23/2004,FMN,NM,ASW,WE,Federal Contract Tower,0,36,10,0,46,0,6,62,0,68,0,42,72,0,114,210,0,210,324
06/24/2004,FMN,NM,ASW,WE,Federal Contract Tower,0,32,8,0,40,0,14,84,2,100,0,46,92,2,140,230,0,230,370
06/25/2004,FMN,NM,ASW,WE,Federal Contract Tower,0,31,8,0,39,0,25,43,0,68,0,56,51,0,107,266,0,266,373
06/26/2004,FMN,NM,ASW,WE,Federal Contract Tower,0,20,5,0,25,0,7,39,0,46,0,27,44,0,71,142,0,142,213
06/27/2004,FMN,NM,ASW,WE,Federal Contract Tower,0,32,9,0,41,0,0,70,6,76,0,32,79,6,117,114,4,118,235
06/28/2004,FMN,NM,ASW,WE,Federal Contract Tower,0,33,9,0,42,0,1,57,0,58,0,34,66,0,100,235,0,235,335
06/29/2004,FMN,NM,ASW,WE,Federal Contract Tower,0,38,10,0,48,0,5,62,9,76,0,43,72,9,124,239,24,263,387
06/30/2004,FMN,NM,ASW,WE,Federal Contract Tower,0,38,10,0,48,0,9,70,2,81,0,47,80,2,129,176,0,176,305
07/01/2004,FMN,NM,ASW,WE,Federal Contract Tower,0,36,13,0,49,0,15,54,0,69,0,51,67,0,118,296,0,296,414
07/02/2004,FMN,NM,ASW,WE,Federal Contract Tower,0,30,10,0,40,0,15,55,0,70,0,45,65,0,110,244,0,244,354
07/03/2004,FMN,NM,ASW,WE,Federal Contract Tower,0,18,6,0,24,0,7,51,0,58,0,25,57,0,82,114,0,114,196
07/04/2004,FMN,NM,ASW,WE,Federal Contract Tower,0,24,8,0,32,0,8,32,0,40,0,32,40,0,72,40,0,40,112
07/05/2004,FMN,NM,ASW,WE,Federal Contract Tower,0,18,7,0,25,0,8,61,0,69,0,26,68,0,94,102,0,102,196
07/06/2004,FMN,NM,ASW,WE,Federal Contract Tower,0,28,10,0,38,0,11,50,0,61,0,39,60,0,99,246,0,246,345
07/07/2004,FMN,NM,ASW,WE,Federal Contract Tower,0,32,11,0,43,0,16,38,0,54,0,48,49,0,97,204,0,204,301
07/08/2004,FMN,NM,ASW,WE,Federal Contract Tower,0,32,11,0,43,0,12,65,0,77,0,44,76,0,120,274,0,274,394
07/09/2004,FMN,NM,ASW,WE,Federal Contract Tower,0,34,12,0,46,0,14,54,0,68,0,48,66,0,114,312,0,312,426
07/10/2004,FMN,NM,ASW,WE,Federal Contract Tower,0,25,9,0,34,0,10,67,0,77,0,35,76,0,111,227,0,227,338
07/11/2004,FMN,NM,ASW,WE,Federal Contract Tower,0,30,10,0,40,0,3,55,0,58,0,33,65,0,98,248,0,248,346
07/12/2004,FMN,NM,ASW,WE,Federal Contract Tower,0,33,11,0,44,0,5,68,0,73,0,38,79,0,117,303,0,303,420
07/13/2004,FMN,NM,ASW,WE,Federal Contract Tower,0,33,12,0,45,0,15,61,1,77,0,48,73,1,122,226,2,228,350
07/14/2004,FMN,NM,ASW,WE,Federal Contract Tower,0,42,14,0,56,0,11,71,0,82,0,53,85,0,138,252,0,252,390
07/15/2004,FMN,NM,ASW,WE,Federal Contract Tower,0,33,11,0,44,0,13,50,0,63,0,46,61,0,107,264,0,264,371
07/16/2004,FMN,NM,ASW,WE,Federal Contract Tower,0,35,12,0,47,0,10,56,0,66,0,45,68,0,113,226,0,226,339
07/17/2004,FMN,NM,ASW,WE,Federal Contract Tower,0,17,6,0,23,0,11,40,0,51,0,28,46,0,74,141,0,141,215
07/18/2004,FMN,NM,ASW,WE,Federal Contract Tower,0,24,9,0,33,0,9,48,0,57,0,33,57,0,90,56,0,56,146
07/19/2004,FMN,NM,ASW,WE,Federal Contract Tower,0,37,12,0,49,0,0,58,0,58,0,37,70,0,107,354,0,354,461
07/20/2004,FMN,NM,ASW,WE,Federal Contract Tower,0,33,10,1,44,0,11,71,1,83,0,44,81,2,127,446,0,446,573
07/21/2004,FMN,NM,ASW,WE,Federal Contract Tower,0,34,11,0,45,0,12,49,0,61,0,46,60,0,106,169,0,169,275
07/22/2004,FMN,NM,ASW,WE,Federal Contract Tower,0,32,10,0,42,0,11,39,0,50,0,43,49,0,92,138,0,138,230
07/23/2004,FMN,NM,ASW,WE,Federal Contract Tower,0,31,10,0,41,0,13,42,0,55,0,44,52,0,96,188,0,188,284
07/24/2004,FMN,NM,ASW,WE,Federal Contract Tower,0,22,6,0,28,0,6,68,0,74,0,28,74,0,102,193,0,193,295
07/25/2004,FMN,NM,ASW,WE,Federal Contract Tower,0,27,8,0,35,0,7,71,0,78,0,34,79,0,113,115,0,115,228
07/26/2004,FMN,NM,ASW,WE,Federal Contract Tower,0,25,7,0,32,0,4,63,0,67,0,29,70,0,99,369,0,369,468
07/27/2004,FMN,NM,ASW,WE,Federal Contract Tower,0,32,10,0,42,0,10,58,0,68,0,42,68,0,110,352,0,352,462
07/28/2004,FMN,NM,ASW,WE,Federal Contract Tower,0,37,11,0,48,0,23,92,0,115,0,60,103,0,163,393,0,393,556
07/29/2004,FMN,NM,ASW,WE,Federal Contract Tower,0,25,8,0,33,0,7,64,4,75,0,32,72,4,108,218,0,218,326
07/30/2004,FMN,NM,ASW,WE,Federal Contract Tower,0,25,7,0,32,0,18,61,0,79,0,43,68,0,111,218,0,218,329
07/31/2004,FMN,NM,ASW,WE,Federal Contract Tower,0,29,9,0,38,0,0,43,0,43,0,29,52,0,81,198,0,198,279
08/01/2004,FMN,NM,ASW,WE,Federal Contract Tower,0,19,7,0,26,0,8,72,0,80,0,27,79,0,106,74,0,74,180
08/02/2004,FMN,NM,ASW,WE,Federal Contract Tower,0,32,10,0,42,0,1,70,0,71,0,33,80,0,113,272,0,272,385
08/03/2004,FMN,NM,ASW,WE,Federal Contract Tower,0,32,11,0,43,0,13,61,0,74,0,45,72,0,117,372,0,372,489
08/04/2004,FMN,NM,ASW,WE,Federal Contract Tower,0,30,10,0,40,0,14,80,0,94,0,44,90,0,134,328,0,328,462
08/05/2004,FMN,NM,ASW,WE,Federal Contract Tower,0,34,11,0,45,0,8,31,0,39,0,42,42,0,84,272,0,272,356
08/06/2004,FMN,NM,ASW,WE,Federal Contract Tower,0,32,11,0,43,0,14,53,0,67,0,46,64,0,110,332,0,332,442
08/07/2004,FMN,NM,ASW,WE,Federal Contract Tower,0,26,9,1,36,0,12,60,3,75,0,38,69,4,111,209,0,209,320
08/08/2004,FMN,NM,ASW,WE,Federal Contract Tower,0,24,8,1,33,0,14,87,2,103,0,38,95,3,136,160,3,163,299
08/09/2004,FMN,NM,ASW,WE,Federal Contract Tower,0,35,12,1,48,0,1,68,1,70,0,36,80,2,118,382,0,382,500
08/10/2004,FMN,NM,ASW,WE,Federal Contract Tower,0,32,11,0,43,0,4,105,0,109,0,36,116,0,152,456,0,456,608
08/11/2004,FMN,NM,ASW,WE,Federal Contract Tower,0,33,11,0,44,0,15,67,0,82,0,48,78,0,126,211,0,211,337
08/12/2004,FMN,NM,ASW,WE,Federal Contract Tower,0,32,11,0,43,0,15,48,0,63,0,47,59,0,106,282,0,282,388
08/13/2004,FMN,NM,ASW,WE,Federal Contract Tower,0,29,9,0,38,0,16,46,0,62,0,45,55,0,100,214,0,214,314
08/14/2004,FMN,NM,ASW,WE,Federal Contract Tower,0,22,7,0,29,0,13,37,0,50,0,35,44,0,79,107,0,107,186
08/15/2004,FMN,NM,ASW,WE,Federal Contract Tower,0,26,8,0,34,0,4,46,0,50,0,30,54,0,84,63,0,63,147
08/16/2004,FMN,NM,ASW,WE,Federal Contract Tower,0,35,11,0,46,0,2,65,0,67,0,37,76,0,113,246,0,246,359
08/17/2004,FMN,NM,ASW,WE,Federal Contract Tower,0,33,11,0,44,0,12,61,0,73,0,45,72,0,117,362,0,362,479
08/18/2004,FMN,NM,ASW,WE,Federal Contract Tower,0,40,13,0,53,0,2,63,0,65,0,42,76,0,118,119,0,119,237
08/19/2004,FMN,NM,ASW,WE,Federal Contract Tower,0,31,10,0,41,0,4,26,0,30,0,35,36,0,71,190,0,190,261
08/20/2004,FMN,NM,ASW,WE,Federal Contract Tower,0,27,9,0,36,0,16,38,2,56,0,43,47,2,92,82,0,82,174
08/21/2004,FMN,NM,ASW,WE,Federal Contract Tower,0,21,6,0,27,0,5,65,0,70,0,26,71,0,97,82,0,82,179
08/22/2004,FMN,NM,ASW,WE,Federal Contract Tower,0,24,8,0,32,0,5,88,2,95,0,29,96,2,127,97,0,97,224
08/23/2004,FMN,NM,ASW,WE,Federal Contract Tower,0,37,12,0,49,0,0,64,7,71,0,37,76,7,120,244,10,254,374
08/24/2004,FMN,NM,ASW,WE,Federal Contract Tower,0,31,10,0,41,0,10,58,0,68,0,41,68,0,109,311,0,311,420
08/25/2004,FMN,NM,ASW,WE,Federal Contract Tower,0,33,10,0,43,0,3,54,3,60,0,36,64,3,103,174,0,174,277
08/26/2004,FMN,NM,ASW,WE,Federal Contract Tower,0,32,10,0,42,0,5,25,4,34,0,37,35,4,76,90,30,120,196
08/27/2004,FMN,NM,ASW,WE,Federal Contract Tower,0,35,11,0,46,0,7,47,0,54,0,42,58,0,100,138,0,138,238
08/28/2004,FMN,NM,ASW,WE,Federal Contract Tower,0,19,6,0,25,0,9,42,0,51,0,28,48,0,76,134,0,134,210
08/29/2004,FMN,NM,ASW,WE,Federal Contract Tower,0,25,8,0,33,0,5,52,0,57,0,30,60,0,90,56,0,56,146
08/30/2004,FMN,NM,ASW,WE,Federal Contract Tower,0,33,11,0,44,0,10,60,0,70,0,43,71,0,114,268,0,268,382
08/31/2004,FMN,NM,ASW,WE,Federal Contract Tower,0,33,11,0,44,0,7,65,0,72,0,40,76,0,116,319,0,319,435
09/01/2004,FMN,NM,ASW,WE,Federal Contract Tower,0,31,13,0,44,0,3,57,0,60,0,34,70,0,104,114,0,114,218
09/02/2004,FMN,NM,ASW,WE,Federal Contract Tower,0,28,11,0,39,0,11,54,0,65,0,39,65,0,104,150,0,150,254
09/03/2004,FMN,NM,ASW,WE,Federal Contract Tower,0,33,13,0,46,0,6,58,0,64,0,39,71,0,110,213,0,213,323
09/04/2004,FMN,NM,ASW,WE,Federal Contract Tower,0,15,7,0,22,0,9,26,0,35,0,24,33,0,57,76,0,76,133
09/05/2004,FMN,NM,ASW,WE,Federal Contract Tower,0,18,7,0,25,0,14,39,2,55,0,32,46,2,80,63,0,63,143
09/06/2004,FMN,NM,ASW,WE,Federal Contract Tower,0,23,9,0,32,0,3,62,0,65,0,26,71,0,97,223,0,223,320
09/07/2004,FMN,NM,ASW,WE,Federal Contract Tower,0,26,10,0,36,0,4,78,0,82,0,30,88,0,118,301,0,301,419
09/08/2004,FMN,NM,ASW,WE,Federal Contract Tower,0,25,10,0,35,0,11,74,0,85,0,36,84,0,120,133,0,133,253
09/09/2004,FMN,NM,ASW,WE,Federal Contract Tower,0,28,11,0,39,0,9,50,0,59,0,37,61,0,98,184,0,184,282
09/10/2004,FMN,NM,ASW,WE,Federal Contract Tower,0,27,11,0,38,0,11,40,0,51,0,38,51,0,89,190,0,190,279
09/11/2004,FMN,NM,ASW,WE,Federal Contract Tower,0,13,4,1,18,0,14,48,1,63,0,27,52,2,81,170,0,170,251
09/12/2004,FMN,NM,ASW,WE,Federal Contract Tower,0,19,7,0,26,0,7,45,0,52,0,26,52,0,78,89,0,89,167
09/13/2004,FMN,NM,ASW,WE,Federal Contract Tower,0,26,10,1,37,0,8,52,4,64,0,34,62,5,101,190,0,190,291
09/14/2004,FMN,NM,ASW,WE,Federal Contract Tower,0,29,11,0,40,0,15,66,0,81,0,44,77,0,121,301,0,301,422
09/15/2004,FMN,NM,ASW,WE,Federal Contract Tower,0,28,11,0,39,0,8,50,0,58,0,36,61,0,97,122,0,122,219
09/16/2004,FMN,NM,ASW,WE,Federal Contract Tower,0,28,11,1,40,0,10,59,1,70,0,38,70,2,110,150,8,158,268
09/17/2004,FMN,NM,ASW,WE,Federal Contract Tower,0,23,8,0,31,0,16,54,0,70,0,39,62,0,101,162,0,162,263
09/18/2004,FMN,NM,ASW,WE,Federal Contract Tower,0,17,6,0,23,0,17,65,0,82,0,34,71,0,105,120,0,120,225
09/19/2004,FMN,NM,ASW,WE,Federal Contract Tower,0,22,9,0,31,0,0,11,0,11,0,22,20,0,42,0,0,0,42
09/20/2004,FMN,NM,ASW,WE,Federal Contract Tower,0,37,13,0,50,0,4,92,0,96,0,41,105,0,146,261,0,261,407
09/21/2004,FMN,NM,ASW,WE,Federal Contract Tower,0,27,10,0,37,0,8,49,0,57,0,35,59,0,94,296,0,296,390
09/22/2004,FMN,NM,ASW,WE,Federal Contract Tower,0,35,12,0,47,0,4,57,0,61,0,39,69,0,108,164,0,164,272
09/23/2004,FMN,NM,ASW,WE,Federal Contract Tower,0,32,12,0,44,0,18,55,2,75,0,50,67,2,119,208,2,210,329
09/24/2004,FMN,NM,ASW,WE,Federal Contract Tower,0,27,10,0,37,0,11,72,0,83,0,38,82,0,120,208,0,208,328
09/25/2004,FMN,NM,ASW,WE,Federal Contract Tower,0,17,6,0,23,0,11,41,0,52,0,28,47,0,75,217,0,217,292
09/26/2004,FMN,NM,ASW,WE,Federal Contract Tower,0,24,8,0,32,0,6,81,0,87,0,30,89,0,119,230,0,230,349
09/27/2004,FMN,NM,ASW,WE,Federal Contract Tower,0,26,9,0,35,0,7,69,2,78,0,33,78,2,113,209,0,209,322
09/28/2004,FMN,NM,ASW,WE,Federal Contract Tower,0,32,11,0,43,0,1,62,0,63,0,33,73,0,106,374,0,374,480
09/29/2004,FMN,NM,ASW,WE,Federal Contract Tower,0,37,14,0,51,0,0,29,0,29,0,37,43,0,80,22,0,22,102
09/30/2004,FMN,NM,ASW,WE,Federal Contract Tower,0,30,11,0,41,0,3,52,0,55,0,33,63,0,96,281,0,281,377
10/01/2004,FMN,NM,ASW,WE,Federal Contract Tower,0,29,10,0,39,0,12,61,0,73,0,41,71,0,112,339,0,339,451
10/02/2004,FMN,NM,ASW,WE,Federal Contract Tower,0,17,4,0,21,0,8,64,0,72,0,25,68,0,93,310,0,310,403
10/03/2004,FMN,NM,ASW,WE,Federal Contract Tower,0,25,10,0,35,0,3,59,2,64,0,28,69,2,99,167,0,167,266
10/04/2004,FMN,NM,ASW,WE,Federal Contract Tower,0,31,10,0,41,0,10,57,0,67,0,41,67,0,108,386,0,386,494
10/05/2004,FMN,NM,ASW,WE,Federal Contract Tower,0,33,11,0,44,0,9,83,0,92,0,42,94,0,136,351,0,351,487
10/06/2004,FMN,NM,ASW,WE,Federal Contract Tower,0,35,15,0,50,0,3,57,0,60,0,38,72,0,110,400,0,400,510
10/07/2004,FMN,NM,ASW,WE,Federal Contract Tower,0,26,17,0,43,0,6,79,0,85,0,32,96,0,128,228,0,228,356
10/08/2004,FMN,NM,ASW,WE,Federal Contract Tower,0,30,15,0,45,0,7,81,0,88,0,37,96,0,133,378,0,378,511
10/09/2004,FMN,NM,ASW,WE,Federal Contract Tower,0,18,16,0,34,0,14,49,0,63,0,32,65,0,97,147,0,147,244
10/10/2004,FMN,NM,ASW,WE,Federal Contract Tower,0,22,9,0,31,0,0,52,4,56,0,22,61,4,87,186,0,186,273
10/11/2004,FMN,NM,ASW,WE,Federal Contract Tower,0,28,13,0,41,0,4,30,0,34,0,32,43,0,75,304,0,304,379
10/12/2004,FMN,NM,ASW,WE,Federal Contract Tower,0,29,10,0,39,0,11,79,0,90,0,40,89,0,129,402,0,402,531
10/13/2004,FMN,NM,ASW,WE,Federal Contract Tower,0,26,5,0,31,0,8,62,0,70,0,34,67,0,101,170,0,170,271
10/14/2004,FMN,NM,ASW,WE,Federal Contract Tower,0,33,13,0,46,0,6,49,0,55,0,39,62,0,101,164,0,164,265
10/15/2004,FMN,NM,ASW,WE,Federal Contract Tower,0,31,6,1,38,0,10,55,0,65,0,41,61,1,103,374,6,380,483
10/16/2004,FMN,NM,ASW,WE,Federal Contract Tower,0,18,7,0,25,0,14,112,2,128,0,32,119,2,153,369,0,369,522
10/17/2004,FMN,NM,ASW,WE,Federal Contract Tower,0,27,16,2,45,0,3,49,0,52,0,30,65,2,97,76,0,76,173
10/18/2004,FMN,NM,ASW,WE,Federal Contract Tower,0,35,18,2,55,0,3,63,0,66,0,38,81,2,121,410,0,410,531
10/19/2004,FMN,NM,ASW,WE,Federal Contract Tower,0,32,17,0,49,0,9,56,0,65,0,41,73,0,114,454,0,454,568
10/20/2004,FMN,NM,ASW,WE,Federal Contract Tower,0,39,17,0,56,0,6,48,0,54,0,45,65,0,110,156,0,156,266
10/21/2004,FMN,NM,ASW,WE,Federal Contract Tower,0,28,13,0,41,0,6,43,0,49,0,34,56,0,90,112,0,112,202
10/22/2004,FMN,NM,ASW,WE,Federal Contract Tower,0,35,18,0,53,0,6,46,0,52,0,41,64,0,105,232,0,232,337
10/23/2004,FMN,NM,ASW,WE,Federal Contract Tower,0,21,6,2,29,0,8,76,5,89,0,29,82,7,118,144,0,144,262
10/24/2004,FMN,NM,ASW,WE,Federal Contract Tower,0,23,9,0,32,0,1,48,0,49,0,24,57,0,81,138,0,138,219
10/25/2004,FMN,NM,ASW,WE,Federal Contract Tower,0,30,12,0,42,0,8,35,0,43,0,38,47,0,85,276,0,276,361
10/26/2004,FMN,NM,ASW,WE,Federal Contract Tower,0,31,9,0,40,0,17,59,0,76,0,48,68,0,116,435,0,435,551
10/27/2004,FMN,NM,ASW,WE,Federal Contract Tower,0,36,8,0,44,0,24,35,0,59,0,60,43,0,103,153,0,153,256
10/28/2004,FMN,NM,ASW,WE,Federal Contract Tower,0,34,15,0,49,0,24,19,0,43,0,58,34,0,92,154,0,154,246
10/29/2004,FMN,NM,ASW,WE,Federal Contract Tower,0,29,10,0,39,0,13,44,0,57,0,42,54,0,96,265,0,265,361
10/30/2004,FMN,NM,ASW,WE,Federal Contract Tower,0,17,8,4,29,0,3,63,0,66,0,20,71,4,95,206,10,216,311
10/31/2004,FMN,NM,ASW,WE,Federal Contract Tower,0,24,14,0,38,0,5,39,0,44,0,29,53,0,82,178,0,178,260
11/01/2004,FMN,NM,ASW,WE,Federal Contract Tower,0,31,14,0,45,0,3,49,0,52,0,34,63,0,97,363,0,363,460
11/02/2004,FMN,NM,ASW,WE,Federal Contract Tower,0,35,12,0,47,0,11,57,0,68,0,46,69,0,115,384,0,384,499
11/03/2004,FMN,NM,ASW,WE,Federal Contract Tower,0,31,9,0,40,0,10,70,0,80,0,41,79,0,120,208,0,208,328
11/04/2004,FMN,NM,ASW,WE,Federal Contract Tower,0,25,10,0,35,0,7,56,0,63,0,32,66,0,98,196,0,196,294
11/05/2004,FMN,NM,ASW,WE,Federal Contract Tower,0,31,10,0,41,0,4,60,0,64,0,35,70,0,105,396,0,396,501
11/06/2004,FMN,NM,ASW,WE,Federal Contract Tower,0,18,12,0,30,0,8,30,0,38,0,26,42,0,68,191,0,191,259
11/07/2004,FMN,NM,ASW,WE,Federal Contract Tower,0,24,11,0,35,0,3,47,0,50,0,27,58,0,85,160,0,160,245
11/08/2004,FMN,NM,ASW,WE,Federal Contract Tower,0,31,13,0,44,0,6,46,0,52,0,37,59,0,96,284,0,284,380
11/09/2004,FMN,NM,ASW,WE,Federal Contract Tower,0,33,12,2,47,0,14,51,0,65,0,47,63,2,112,290,0,290,402
11/10/2004,FMN,NM,ASW,WE,Federal Contract Tower,0,36,9,0,45,0,22,60,0,82,0,58,69,0,127,177,0,177,304
11/11/2004,FMN,NM,ASW,WE,Federal Contract Tower,0,28,19,0,47,0,8,49,2,59,0,36,68,2,106,116,0,116,222
11/12/2004,FMN,NM,ASW,WE,Federal Contract Tower,0,34,10,0,44,0,1,26,0,27,0,35,36,0,71,94,0,94,165
11/13/2004,FMN,NM,ASW,WE,Federal Contract Tower,0,23,4,0,27,0,3,21,0,24,0,26,25,0,51,84,0,84,135
11/14/2004,FMN,NM,ASW,WE,Federal Contract Tower,0,26,6,0,32,0,1,45,0,46,0,27,51,0,78,96,0,96,174
11/15/2004,FMN,NM,ASW,WE,Federal Contract Tower,0,31,10,0,41,0,4,60,0,64,0,35,70,0,105,396,0,396,501
11/16/2004,FMN,NM,ASW,WE,Federal Contract Tower,0,30,12,2,44,0,21,42,0,63,0,51,54,2,107,329,0,329,436
11/17/2004,FMN,NM,ASW,WE,Federal Contract Tower,0,33,17,0,50,0,2,54,0,56,0,35,71,0,106,145,0,145,251
11/18/2004,FMN,NM,ASW,WE,Federal Contract Tower,0,27,13,0,40,0,11,56,0,67,0,38,69,0,107,200,0,200,307
11/19/2004,FMN,NM,ASW,WE,Federal Contract Tower,0,28,7,0,35,0,13,63,0,76,0,41,70,0,111,302,0,302,413
11/20/2004,FMN,NM,ASW,WE,Federal Contract Tower,0,24,6,0,30,0,1,24,0,25,0,25,30,0,55,116,0,116,171
11/21/2004,FMN,NM,ASW,WE,Federal Contract Tower,0,30,4,0,34,0,0,24,0,24,0,30,28,0,58,92,0,92,150
11/22/2004,FMN,NM,ASW,WE,Federal Contract Tower,0,30,14,0,44,0,5,45,0,50,0,35,59,0,94,380,2,382,476
11/23/2004,FMN,NM,ASW,WE,Federal Contract Tower,0,32,11,0,43,0,4,52,0,56,0,36,63,0,99,240,0,240,339
11/24/2004,FMN,NM,ASW,WE,Federal Contract Tower,0,32,9,0,41,0,5,73,0,78,0,37,82,0,119,155,0,155,274
11/25/2004,FMN,NM,ASW,WE,Federal Contract Tower,0,11,2,0,13,0,0,20,0,20,0,11,22,0,33,4,0,4,37
11/26/2004,FMN,NM,ASW,WE,Federal Contract Tower,0,30,3,0,33,0,4,34,0,38,0,34,37,0,71,32,0,32,103
11/27/2004,FMN,NM,ASW,WE,Federal Contract Tower,0,20,5,0,25,0,9,27,0,36,0,29,32,0,61,132,0,132,193
11/28/2004,FMN,NM,ASW,WE,Federal Contract Tower,0,31,8,0,39,0,2,14,0,16,0,33,22,0,55,43,0,43,98
11/29/2004,FMN,NM,ASW,WE,Federal Contract Tower,0,32,13,0,45,0,4,47,2,53,0,36,60,2,98,217,4,221,319
11/30/2004,FMN,NM,ASW,WE,Federal Contract Tower,0,31,12,1,44,0,8,78,0,86,0,39,90,1,130,270,0,270,400
12/01/2004,FMN,NM,ASW,WE,Federal Contract Tower,0,29,6,0,35,0,8,98,0,106,0,37,104,0,141,197,0,197,338
12/02/2004,FMN,NM,ASW,WE,Federal Contract Tower,0,28,11,1,40,0,8,64,0,72,0,36,75,1,112,185,0,185,297
12/03/2004,FMN,NM,ASW,WE,Federal Contract Tower,0,29,7,0,36,0,6,68,0,74,0,35,75,0,110,274,0,274,384
12/04/2004,FMN,NM,ASW,WE,Federal Contract Tower,0,14,5,0,19,0,13,47,0,60,0,27,52,0,79,207,0,207,286
12/05/2004,FMN,NM,ASW,WE,Federal Contract Tower,0,25,14,0,39,0,4,32,0,36,0,29,46,0,75,128,0,128,203
12/06/2004,FMN,NM,ASW,WE,Federal Contract Tower,0,35,12,0,47,0,3,30,1,34,0,38,42,1,81,232,6,238,319
12/07/2004,FMN,NM,ASW,WE,Federal Contract Tower,0,28,14,0,42,0,7,50,2,59,0,35,64,2,101,291,0,291,392
12/08/2004,FMN,NM,ASW,WE,Federal Contract Tower,0,31,21,0,52,0,5,36,0,41,0,36,57,0,93,170,0,170,263
12/09/2004,FMN,NM,ASW,WE,Federal Contract Tower,0,36,14,2,52,0,3,57,0,60,0,39,71,2,112,193,0,193,305
12/10/2004,FMN,NM,ASW,WE,Federal Contract Tower,0,33,17,0,50,0,5,63,0,68,0,38,80,0,118,204,0,204,322
12/11/2004,FMN,NM,ASW,WE,Federal Contract Tower,0,18,9,0,27,0,10,66,0,76,0,28,75,0,103,176,0,176,279
12/12/2004,FMN,NM,ASW,WE,Federal Contract Tower,0,24,6,0,30,0,4,46,0,50,0,28,52,0,80,108,0,108,188
12/13/2004,FMN,NM,ASW,WE,Federal Contract Tower,0,25,10,0,35,0,1,59,0,60,0,26,69,0,95,300,0,300,395
12/14/2004,FMN,NM,ASW,WE,Federal Contract Tower,0,29,9,0,38,0,13,58,0,71,0,42,67,0,109,361,0,361,470
12/15/2004,FMN,NM,ASW,WE,Federal Contract Tower,0,31,7,0,38,0,3,12,0,15,0,34,19,0,53,1,0,1,54
12/16/2004,FMN,NM,ASW,WE,Federal Contract Tower,0,28,9,0,37,0,7,48,0,55,0,35,57,0,92,94,0,94,186
12/17/2004,FMN,NM,ASW,WE,Federal Contract Tower,0,42,12,0,54,0,2,16,0,18,0,44,28,0,72,10,0,10,82
12/18/2004,FMN,NM,ASW,WE,Federal Contract Tower,0,17,2,0,19,0,13,47,0,60,0,30,49,0,79,78,0,78,157
12/19/2004,FMN,NM,ASW,WE,Federal Contract Tower,0,22,3,0,25,0,2,51,0,53,0,24,54,0,78,132,0,132,210
12/20/2004,FMN,NM,ASW,WE,Federal Contract Tower,0,26,4,0,30,0,2,58,0,60,0,28,62,0,90,230,0,230,320
12/21/2004,FMN,NM,ASW,WE,Federal Contract Tower,0,31,19,0,50,0,10,58,0,68,0,41,77,0,118,224,0,224,342
12/22/2004,FMN,NM,ASW,WE,Federal Contract Tower,0,39,15,0,54,0,7,56,0,63,0,46,71,0,117,113,0,113,230
12/23/2004,FMN,NM,ASW,WE,Federal Contract Tower,0,27,3,0,30,0,8,25,0,33,0,35,28,0,63,64,0,64,127
12/24/2004,FMN,NM,ASW,WE,Federal Contract Tower,0,31,0,0,31,0,10,34,0,44,0,41,34,0,75,64,0,64,139
12/25/2004,FMN,NM,ASW,WE,Federal Contract Tower,0,14,0,0,14,0,0,16,0,16,0,14,16,0,30,14,0,14,44
12/26/2004,FMN,NM,ASW,WE,Federal Contract Tower,0,25,7,0,32,0,2,18,0,20,0,27,25,0,52,0,0,0,52
12/27/2004,FMN,NM,ASW,WE,Federal Contract Tower,0,32,4,0,36,0,4,57,0,61,0,36,61,0,97,200,0,200,297
12/28/2004,FMN,NM,ASW,WE,Federal Contract Tower,0,30,8,0,38,0,3,69,0,72,0,33,77,0,110,168,0,168,278
12/29/2004,FMN,NM,ASW,WE,Federal Contract Tower,0,35,9,0,44,0,1,34,0,35,0,36,43,0,79,54,0,54,133
12/30/2004,FMN,NM,ASW,WE,Federal Contract Tower,0,28,10,0,38,0,14,34,0,48,0,42,44,0,86,120,0,120,206
12/31/2004,FMN,NM,ASW,WE,Federal Contract Tower,0,28,5,0,33,0,8,20,0,28,0,36,25,0,61,98,0,98,159
01/01/2005,FMN,NM,ASW,WE,Federal Contract Tower,0,14,2,0,16,0,0,16,0,16,0,14,18,0,32,42,0,42,74
01/02/2005,FMN,NM,ASW,WE,Federal Contract Tower,0,22,9,0,31,0,3,16,0,19,0,25,25,0,50,65,0,65,115
01/03/2005,FMN,NM,ASW,WE,Federal Contract Tower,0,21,9,0,30,0,1,21,0,22,0,22,30,0,52,104,0,104,156
01/04/2005,FMN,NM,ASW,WE,Federal Contract Tower,0,33,11,0,44,0,1,31,0,32,0,34,42,0,76,193,0,193,269
01/05/2005,FMN,NM,ASW,WE,Federal Contract Tower,0,31,14,0,45,0,3,30,0,33,0,34,44,0,78,28,0,28,106
01/06/2005,FMN,NM,ASW,WE,Federal Contract Tower,0,34,4,0,38,0,6,36,0,42,0,40,40,0,80,216,0,216,296
01/07/2005,FMN,NM,ASW,WE,Federal Contract Tower,0,31,5,0,36,0,10,46,0,56,0,41,51,0,92,187,0,187,279
01/08/2005,FMN,NM,ASW,WE,Federal Contract Tower,0,24,3,0,27,0,2,18,0,20,0,26,21,0,47,93,0,93,140
01/09/2005,FMN,NM,ASW,WE,Federal Contract Tower,0,25,5,0,30,0,1,26,0,27,0,26,31,0,57,107,0,107,164
01/10/2005,FMN,NM,ASW,WE,Federal Contract Tower,0,22,13,0,35,0,0,49,0,49,0,22,62,0,84,177,0,177,261
01/11/2005,FMN,NM,ASW,WE,Federal Contract Tower,0,33,9,0,42,0,7,35,0,42,0,40,44,0,84,154,0,154,238
01/12/2005,FMN,NM,ASW,WE,Federal Contract Tower,0,38,15,0,53,0,1,23,0,24,0,39,38,0,77,11,0,11,88
01/13/2005,FMN,NM,ASW,WE,Federal Contract Tower,0,26,8,0,34,0,7,63,0,70,0,33,71,0,104,149,0,149,253
01/14/2005,FMN,NM,ASW,WE,Federal Contract Tower,0,31,8,5,44,0,16,76,1,93,0,47,84,6,137,250,14,264,401
01/15/2005,FMN,NM,ASW,WE,Federal Contract Tower,0,22,6,0,28,0,11,74,0,85,0,33,80,0,113,258,0,258,371
01/16/2005,FMN,NM,ASW,WE,Federal Contract Tower,0,30,6,0,36,0,0,71,0,71,0,30,77,0,107,172,0,172,279
01/17/2005,FMN,NM,ASW,WE,Federal Contract Tower,0,30,17,0,47,0,0,49,0,49,0,30,66,0,96,276,0,276,372
01/18/2005,FMN,NM,ASW,WE,Federal Contract Tower,0,26,10,0,36,0,22,64,0,86,0,48,74,0,122,220,0,220,342
01/19/2005,FMN,NM,ASW,WE,Federal Contract Tower,0,29,16,0,45,0,9,70,0,79,0,38,86,0,124,216,0,216,340
01/20/2005,FMN,NM,ASW,WE,Federal Contract Tower,0,26,18,2,46,0,3,54,0,57,0,29,72,2,103,206,0,206,309
01/21/2005,FMN,NM,ASW,WE,Federal Contract Tower,0,34,9,0,43,0,9,61,0,70,0,43,70,0,113,280,0,280,393
01/22/2005,FMN,NM,ASW,WE,Federal Contract Tower,0,20,12,0,32,0,2,55,0,57,0,22,67,0,89,278,0,278,367
01/23/2005,FMN,NM,ASW,WE,Federal Contract Tower,0,18,7,0,25,0,2,49,0,51,0,20,56,0,76,131,0,131,207
01/24/2005,FMN,NM,ASW,WE,Federal Contract Tower,0,25,16,0,41,0,1,45,0,46,0,26,61,0,87,261,0,261,348
01/25/2005,FMN,NM,ASW,WE,Federal Contract Tower,0,34,7,2,43,0,8,70,0,78,0,42,77,2,121,222,0,222,343
01/26/2005,FMN,NM,ASW,WE,Federal Contract Tower,0,29,14,0,43,0,0,50,0,50,0,29,64,0,93,105,0,105,198
01/27/2005,FMN,NM,ASW,WE,Federal Contract Tower,0,34,9,0,43,0,5,23,0,28,0,39,32,0,71,101,0,101,172
01/28/2005,FMN,NM,ASW,WE,Federal Contract Tower,0,33,13,0,46,0,10,43,0,53,0,43,56,0,99,275,0,275,374
01/29/2005,FMN,NM,ASW,WE,Federal Contract Tower,0,16,4,1,21,0,4,32,0,36,0,20,36,1,57,203,0,203,260
01/30/2005,FMN,NM,ASW,WE,Federal Contract Tower,0,27,14,1,42,0,0,10,2,12,0,27,24,3,54,22,0,22,76
01/31/2005,FMN,NM,ASW,WE,Federal Contract Tower,0,30,15,0,45,0,1,48,0,49,0,31,63,0,94,274,0,274,368
02/01/2005,FMN,NM,ASW,WE,Federal Contract Tower,0,35,6,0,41,0,2,16,0,18,0,37,22,0,59,242,0,242,301
02/02/2005,FMN,NM,ASW,WE,Federal Contract Tower,0,27,10,0,37,0,4,64,0,68,0,31,74,0,105,321,0,321,426
02/03/2005,FMN,NM,ASW,WE,Federal Contract Tower,0,28,8,0,36,0,10,66,0,76,0,38,74,0,112,322,0,322,434
02/04/2005,FMN,NM,ASW,WE,Federal Contract Tower,0,30,6,3,39,0,6,66,0,72,0,36,72,3,111,266,0,266,377
02/05/2005,FMN,NM,ASW,WE,Federal Contract Tower,0,18,5,0,23,0,4,38,0,42,0,22,43,0,65,208,0,208,273
02/06/2005,FMN,NM,ASW,WE,Federal Contract Tower,0,19,8,0,27,0,0,31,0,31,0,19,39,0,58,117,0,117,175
02/07/2005,FMN,NM,ASW,WE,Federal Contract Tower,0,26,26,0,52,0,0,5,0,5,0,26,31,0,57,10,0,10,67
02/08/2005,FMN,NM,ASW,WE,Federal Contract Tower,0,37,10,0,47,0,2,15,0,17,0,39,25,0,64,208,0,208,272
02/09/2005,FMN,NM,ASW,WE,Federal Contract Tower,0,26,12,0,38,0,11,91,0,102,0,37,103,0,140,177,0,177,317
02/10/2005,FMN,NM,ASW,WE,Federal Contract Tower,0,31,18,0,49,0,13,44,0,57,0,44,62,0,106,157,0,157,263
02/11/2005,FMN,NM,ASW,WE,Federal Contract Tower,0,36,25,0,61,0,1,7,0,8,0,37,32,0,69,126,0,126,195
02/12/2005,FMN,NM,ASW,WE,Federal Contract Tower,0,30,9,0,39,0,0,0,0,0,0,30,9,0,39,0,0,0,39
02/13/2005,FMN,NM,ASW,WE,Federal Contract Tower,0,22,2,0,24,0,3,48,0,51,0,25,50,0,75,149,0,149,224
02/14/2005,FMN,NM,ASW,WE,Federal Contract Tower,0,27,9,0,36,0,1,75,0,76,0,28,84,0,112,318,0,318,430
02/15/2005,FMN,NM,ASW,WE,Federal Contract Tower,0,33,15,0,48,0,10,52,0,62,0,43,67,0,110,334,0,334,444
02/16/2005,FMN,NM,ASW,WE,Federal Contract Tower,0,32,18,0,50,0,4,32,0,36,0,36,50,0,86,60,0,60,146
02/17/2005,FMN,NM,ASW,WE,Federal Contract Tower,0,20,20,2,42,0,21,35,2,58,0,41,55,4,100,228,0,228,328
02/18/2005,FMN,NM,ASW,WE,Federal Contract Tower,0,34,19,0,53,0,1,11,0,12,0,35,30,0,65,40,0,40,105
02/19/2005,FMN,NM,ASW,WE,Federal Contract Tower,0,22,6,0,28,0,0,8,0,8,0,22,14,0,36,26,0,26,62
02/20/2005,FMN,NM,ASW,WE,Federal Contract Tower,0,23,6,0,29,0,0,15,0,15,0,23,21,0,44,79,0,79,123
02/21/2005,FMN,NM,ASW,WE,Federal Contract Tower,0,28,12,0,40,0,0,64,0,64,0,28,76,0,104,390,0,390,494
02/22/2005,FMN,NM,ASW,WE,Federal Contract Tower,0,30,8,0,38,0,7,29,0,36,0,37,37,0,74,358,0,358,432
02/23/2005,FMN,NM,ASW,WE,Federal Contract Tower,0,34,12,0,46,0,0,55,0,55,0,34,67,0,101,112,0,112,213
02/24/2005,FMN,NM,ASW,WE,Federal Contract Tower,0,27,18,0,45,0,5,11,0,16,0,32,29,0,61,179,0,179,240
02/25/2005,FMN,NM,ASW,WE,Federal Contract Tower,0,33,14,0,47,0,8,32,0,40,0,41,46,0,87,374,0,374,461
02/26/2005,FMN,NM,ASW,WE,Federal Contract Tower,0,15,6,0,21,0,3,34,0,37,0,18,40,0,58,338,0,338,396
02/27/2005,FMN,NM,ASW,WE,Federal Contract Tower,0,21,5,0,26,0,1,67,0,68,0,22,72,0,94,264,0,264,358
02/28/2005,FMN,NM,ASW,WE,Federal Contract Tower,0,25,13,0,38,0,6,72,0,78,0,31,85,0,116,389,0,389,505
03/01/2005,FMN,NM,ASW,WE,Federal Contract Tower,0,27,9,0,36,0,7,48,0,55,0,34,57,0,91,319,0,319,410
03/02/2005,FMN,NM,ASW,WE,Federal Contract Tower,0,23,11,0,34,0,8,68,0,76,0,31,79,0,110,212,0,212,322
03/03/2005,FMN,NM,ASW,WE,Federal Contract Tower,0,22,15,0,37,0,4,32,0,36,0,26,47,0,73,209,0,209,282
03/04/2005,FMN,NM,ASW,WE,Federal Contract Tower,0,27,4,0,31,0,10,75,0,85,0,37,79,0,116,302,0,302,418
03/05/2005,FMN,NM,ASW,WE,Federal Contract Tower,0,19,8,0,27,0,6,24,0,30,0,25,32,0,57,329,0,329,386
03/06/2005,FMN,NM,ASW,WE,Federal Contract Tower,0,22,13,0,35,0,4,55,0,59,0,26,68,0,94,254,0,254,348
03/07/2005,FMN,NM,ASW,WE,Federal Contract Tower,0,22,19,0,41,0,7,90,0,97,0,29,109,0,138,344,0,344,482
03/08/2005,FMN,NM,ASW,WE,Federal Contract Tower,0,33,5,0,38,0,14,56,0,70,0,47,61,0,108,299,0,299,407
03/09/2005,FMN,NM,ASW,WE,Federal Contract Tower,0,26,16,0,42,0,5,71,1,77,0,31,87,1,119,249,0,249,368
03/10/2005,FMN,NM,ASW,WE,Federal Contract Tower,0,27,5,0,32,0,12,67,0,79,0,39,72,0,111,154,0,154,265
03/11/2005,FMN,NM,ASW,WE,Federal Contract Tower,0,22,5,0,27,0,11,59,4,74,0,33,64,4,101,408,0,408,509
03/12/2005,FMN,NM,ASW,WE,Federal Contract Tower,0,14,9,0,23,0,12,91,0,103,0,26,100,0,126,278,0,278,404
03/13/2005,FMN,NM,ASW,WE,Federal Contract Tower,0,25,14,0,39,0,2,52,0,54,0,27,66,0,93,156,0,156,249
03/14/2005,FMN,NM,ASW,WE,Federal Contract Tower,0,26,21,0,47,0,2,32,0,34,0,28,53,0,81,344,0,344,425
03/15/2005,FMN,NM,ASW,WE,Federal Contract Tower,0,32,11,0,43,0,5,84,0,89,0,37,95,0,132,395,0,395,527
03/16/2005,FMN,NM,ASW,WE,Federal Contract Tower,0,27,9,0,36,0,9,54,0,63,0,36,63,0,99,197,0,197,296
03/17/2005,FMN,NM,ASW,WE,Federal Contract Tower,0,30,3,2,35,0,12,33,0,45,0,42,36,2,80,142,0,142,222
03/18/2005,FMN,NM,ASW,WE,Federal Contract Tower,0,33,14,0,47,0,8,49,0,57,0,41,63,0,104,218,0,218,322
03/19/2005,FMN,NM,ASW,WE,Federal Contract Tower,0,22,4,0,26,0,5,84,0,89,0,27,88,0,115,293,0,293,408
03/20/2005,FMN,NM,ASW,WE,Federal Contract Tower,0,21,8,0,29,0,0,9,0,9,0,21,17,0,38,4,0,4,42
03/21/2005,FMN,NM,ASW,WE,Federal Contract Tower,0,28,8,0,36,0,3,49,0,52,0,31,57,0,88,267,0,267,355
03/22/2005,FMN,NM,ASW,WE,Federal Contract Tower,0,26,11,0,37,0,5,72,0,77,0,31,83,0,114,334,0,334,448
03/23/2005,FMN,NM,ASW,WE,Federal Contract Tower,0,29,17,0,46,0,0,31,0,31,0,29,48,0,77,152,0,152,229
03/24/2005,FMN,NM,ASW,WE,Federal Contract Tower,0,22,9,0,31,0,9,42,0,51,0,31,51,0,82,208,0,208,290
03/25/2005,FMN,NM,ASW,WE,Federal Contract Tower,0,28,5,0,33,0,5,6,0,11,0,33,11,0,44,66,0,66,110
03/26/2005,FMN,NM,ASW,WE,Federal Contract Tower,0,16,2,0,18,0,5,69,0,74,0,21,71,0,92,167,0,167,259
03/27/2005,FMN,NM,ASW,WE,Federal Contract Tower,0,20,5,0,25,0,3,44,0,47,0,23,49,0,72,138,0,138,210
03/28/2005,FMN,NM,ASW,WE,Federal Contract Tower,0,23,13,0,36,0,4,36,0,40,0,27,49,0,76,318,0,318,394
03/29/2005,FMN,NM,ASW,WE,Federal Contract Tower,0,27,13,0,40,0,5,32,0,37,0,32,45,0,77,236,0,236,313
03/30/2005,FMN,NM,ASW,WE,Federal Contract Tower,0,29,15,0,44,0,1,9,0,10,0,30,24,0,54,48,0,48,102
03/31/2005,FMN,NM,ASW,WE,Federal Contract Tower,0,22,17,0,39,0,5,57,0,62,0,27,74,0,101,244,0,244,345
04/01/2005,FMN,NM,ASW,WE,Federal Contract Tower,0,30,18,2,50,0,7,79,0,86,0,37,97,2,136,353,0,353,489
04/02/2005,FMN,NM,ASW,WE,Federal Contract Tower,0,16,7,4,27,0,11,59,0,70,0,27,66,4,97,420,0,420,517
04/03/2005,FMN,NM,ASW,WE,Federal Contract Tower,0,22,5,0,27,0,2,82,0,84,0,24,87,0,111,142,0,142,253
04/04/2005,FMN,NM,ASW,WE,Federal Contract Tower,0,27,15,0,42,0,0,31,0,31,0,27,46,0,73,330,0,330,403
04/05/2005,FMN,NM,ASW,WE,Federal Contract Tower,0,30,9,0,39,0,5,33,0,38,0,35,42,0,77,128,0,128,205
04/06/2005,FMN,NM,ASW,WE,Federal Contract Tower,0,34,17,0,51,0,5,63,0,68,0,39,80,0,119,275,0,275,394
04/07/2005,FMN,NM,ASW,WE,Federal Contract Tower,0,28,6,0,34,0,5,52,0,57,0,33,58,0,91,256,0,256,347
04/08/2005,FMN,NM,ASW,WE,Federal Contract Tower,0,34,14,3,51,0,8,38,2,48,0,42,52,5,99,61,0,61,160
04/09/2005,FMN,NM,ASW,WE,Federal Contract Tower,0,19,12,0,31,0,4,20,0,24,0,23,32,0,55,103,0,103,158
04/10/2005,FMN,NM,ASW,WE,Federal Contract Tower,0,15,7,0,22,0,1,23,0,24,0,16,30,0,46,74,0,74,120
04/11/2005,FMN,NM,ASW,WE,Federal Contract Tower,0,24,15,2,41,0,10,68,1,79,0,34,83,3,120,299,0,299,419
04/12/2005,FMN,NM,ASW,WE,Federal Contract Tower,0,32,13,4,49,0,16,70,2,88,0,48,83,6,137,450,4,454,591
04/13/2005,FMN,NM,ASW,WE,Federal Contract Tower,0,29,18,0,47,0,6,66,0,72,0,35,84,0,119,292,0,292,411
04/14/2005,FMN,NM,ASW,WE,Federal Contract Tower,0,29,9,0,38,0,6,66,0,72,0,35,75,0,110,249,0,249,359
04/15/2005,FMN,NM,ASW,WE,Federal Contract Tower,0,27,14,0,41,0,14,56,0,70,0,41,70,0,111,162,0,162,273
04/16/2005,FMN,NM,ASW,WE,Federal Contract Tower,0,20,9,2,31,0,6,57,0,63,0,26,66,2,94,255,0,255,349
04/17/2005,FMN,NM,ASW,WE,Federal Contract Tower,0,26,11,0,37,0,6,61,0,67,0,32,72,0,104,243,0,243,347
04/18/2005,FMN,NM,ASW,WE,Federal Contract Tower,0,29,14,0,43,0,0,75,0,75,0,29,89,0,118,316,0,316,434
04/19/2005,FMN,NM,ASW,WE,Federal Contract Tower,0,29,9,0,38,0,9,68,0,77,0,38,77,0,115,327,0,327,442
04/20/2005,FMN,NM,ASW,WE,Federal Contract Tower,0,28,15,0,43,0,9,92,0,101,0,37,107,0,144,217,0,217,361
04/21/2005,FMN,NM,ASW,WE,Federal Contract Tower,0,22,17,0,39,0,6,85,0,91,0,28,102,0,130,266,0,266,396
04/22/2005,FMN,NM,ASW,WE,Federal Contract Tower,0,34,7,4,45,0,15,66,0,81,0,49,73,4,126,207,0,207,333
04/23/2005,FMN,NM,ASW,WE,Federal Contract Tower,0,18,8,0,26,0,5,51,0,56,0,23,59,0,82,191,0,191,273
04/24/2005,FMN,NM,ASW,WE,Federal Contract Tower,0,25,14,0,39,0,0,8,0,8,0,25,22,0,47,29,0,29,76
04/25/2005,FMN,NM,ASW,WE,Federal Contract Tower,0,30,10,0,40,0,1,49,0,50,0,31,59,0,90,271,0,271,361
04/26/2005,FMN,NM,ASW,WE,Federal Contract Tower,0,25,16,2,43,0,5,46,0,51,0,30,62,2,94,314,0,314,408
04/27/2005,FMN,NM,ASW,WE,Federal Contract Tower,0,28,12,0,40,0,4,45,0,49,0,32,57,0,89,167,0,167,256
04/28/2005,FMN,NM,ASW,WE,Federal Contract Tower,0,24,14,0,38,0,4,40,0,44,0,28,54,0,82,125,0,125,207
04/29/2005,FMN,NM,ASW,WE,Federal Contract Tower,0,29,6,0,35,0,3,52,0,55,0,32,58,0,90,119,0,119,209
04/30/2005,FMN,NM,ASW,WE,Federal Contract Tower,0,16,4,0,20,0,5,41,0,46,0,21,45,0,66,133,0,133,199
05/01/2005,FMN,NM,ASW,WE,Federal Contract Tower,0,23,14,0,37,0,3,33,0,36,0,26,47,0,73,167,0,167,240
05/02/2005,FMN,NM,ASW,WE,Federal Contract Tower,0,25,8,0,33,0,2,51,0,53,0,27,59,0,86,265,0,265,351
05/03/2005,FMN,NM,ASW,WE,Federal Contract Tower,0,28,9,0,37,0,4,36,0,40,0,32,45,0,77,165,0,165,242
05/04/2005,FMN,NM,ASW,WE,Federal Contract Tower,0,27,12,0,39,0,1,45,4,50,0,28,57,4,89,145,0,145,234
05/05/2005,FMN,NM,ASW,WE,Federal Contract Tower,0,22,12,0,34,0,8,35,0,43,0,30,47,0,77,177,0,177,254
05/06/2005,FMN,NM,ASW,WE,Federal Contract Tower,0,28,10,0,38,0,3,45,0,48,0,31,55,0,86,148,0,148,234
05/07/2005,FMN,NM,ASW,WE,Federal Contract Tower,0,16,10,0,26,0,3,42,0,45,0,19,52,0,71,207,0,207,278
05/08/2005,FMN,NM,ASW,WE,Federal Contract Tower,0,22,8,0,30,0,0,69,0,69,0,22,77,0,99,137,0,137,236
05/09/2005,FMN,NM,ASW,WE,Federal Contract Tower,0,31,10,0,41,0,11,60,0,71,0,42,70,0,112,292,0,292,404
05/10/2005,FMN,NM,ASW,WE,Federal Contract Tower,0,26,8,0,34,0,5,44,0,49,0,31,52,0,83,111,0,111,194
05/11/2005,FMN,NM,ASW,WE,Federal Contract Tower,0,29,10,0,39,0,3,59,0,62,0,32,69,0,101,122,0,122,223
05/12/2005,FMN,NM,ASW,WE,Federal Contract Tower,0,24,18,0,42,0,9,45,0,54,0,33,63,0,96,251,0,251,347
05/13/2005,FMN,NM,ASW,WE,Federal Contract Tower,0,27,10,0,37,0,11,63,0,74,0,38,73,0,111,270,0,270,381
05/14/2005,FMN,NM,ASW,WE,Federal Contract Tower,0,15,5,0,20,0,0,29,0,29,0,15,34,0,49,52,0,52,101
05/15/2005,FMN,NM,ASW,WE,Federal Contract Tower,0,17,7,0,24,0,5,35,0,40,0,22,42,0,64,188,0,188,252
05/16/2005,FMN,NM,ASW,WE,Federal Contract Tower,0,26,20,2,48,0,0,45,0,45,0,26,65,2,93,174,0,174,267
05/17/2005,FMN,NM,ASW,WE,Federal Contract Tower,0,25,12,0,37,0,10,30,0,40,0,35,42,0,77,125,0,125,202
05/18/2005,FMN,NM,ASW,WE,Federal Contract Tower,0,27,10,0,37,0,11,39,2,52,0,38,49,2,89,82,0,82,171
05/19/2005,FMN,NM,ASW,WE,Federal Contract Tower,0,27,11,0,38,0,2,52,0,54,0,29,63,0,92,178,0,178,270
05/20/2005,FMN,NM,ASW,WE,Federal Contract Tower,0,25,12,0,37,0,6,60,0,66,0,31,72,0,103,284,0,284,387
05/21/2005,FMN,NM,ASW,WE,Federal Contract Tower,0,17,4,0,21,0,16,77,0,93,0,33,81,0,114,173,0,173,287
05/22/2005,FMN,NM,ASW,WE,Federal Contract Tower,0,22,12,0,34,0,0,56,0,56,0,22,68,0,90,212,0,212,302
05/23/2005,FMN,NM,ASW,WE,Federal Contract Tower,0,22,7,2,31,0,3,73,0,76,0,25,80,2,107,245,0,245,352
05/24/2005,FMN,NM,ASW,WE,Federal Contract Tower,0,31,15,0,46,0,3,72,0,75,0,34,87,0,121,188,0,188,309
05/25/2005,FMN,NM,ASW,WE,Federal Contract Tower,0,33,9,0,42,0,4,63,0,67,0,37,72,0,109,170,0,170,279
05/26/2005,FMN,NM,ASW,WE,Federal Contract Tower,0,25,13,0,38,0,9,37,0,46,0,34,50,0,84,103,0,103,187
05/27/2005,FMN,NM,ASW,WE,Federal Contract Tower,0,31,16,0,47,0,14,73,0,87,0,45,89,0,134,259,0,259,393
05/28/2005,FMN,NM,ASW,WE,Federal Contract Tower,0,20,7,0,27,0,7,47,0,54,0,27,54,0,81,119,0,119,200
05/29/2005,FMN,NM,ASW,WE,Federal Contract Tower,0,20,11,0,31,0,0,52,0,52,0,20,63,0,83,109,0,109,192
05/30/2005,FMN,NM,ASW,WE,Federal Contract Tower,0,22,12,0,34,0,0,52,0,52,0,22,64,0,86,73,0,73,159
05/31/2005,FMN,NM,ASW,WE,Federal Contract Tower,0,26,8,0,34,0,3,41,0,44,0,29,49,0,78,91,0,91,169
06/01/2005,FMN,NM,ASW,WE,Federal Contract Tower,0,26,12,0,38,0,2,46,0,48,0,28,58,0,86,162,0,162,248
06/02/2005,FMN,NM,ASW,WE,Federal Contract Tower,0,23,18,0,41,0,9,42,14,65,0,32,60,14,106,208,0,208,314
06/03/2005,FMN,NM,ASW,WE,Federal Contract Tower,0,29,7,0,36,0,6,42,11,59,0,35,49,11,95,112,0,112,207
06/04/2005,FMN,NM,ASW,WE,Federal Contract Tower,0,19,7,4,30,0,7,48,2,57,0,26,55,6,87,242,2,244,331
06/05/2005,FMN,NM,ASW,WE,Federal Contract Tower,0,22,7,0,29,0,4,44,0,48,0,26,51,0,77,129,0,129,206
06/06/2005,FMN,NM,ASW,WE,Federal Contract Tower,0,26,8,0,34,0,8,34,0,42,0,34,42,0,76,142,0,142,218
06/07/2005,FMN,NM,ASW,WE,Federal Contract Tower,0,24,13,0,37,0,5,42,0,47,0,29,55,0,84,112,0,112,196
06/08/2005,FMN,NM,ASW,WE,Federal Contract Tower,0,27,14,0,41,0,15,11,0,26,0,42,25,0,67,233,0,233,300
06/09/2005,FMN,NM,ASW,WE,Federal Contract Tower,0,30,24,1,55,0,7,52,2,61,0,37,76,3,116,189,0,189,305
06/10/2005,FMN,NM,ASW,WE,Federal Contract Tower,0,31,13,0,44,0,12,58,0,70,0,43,71,0,114,269,0,269,383
06/11/2005,FMN,NM,ASW,WE,Federal Contract Tower,0,14,10,0,24,0,12,50,0,62,0,26,60,0,86,176,0,176,262
06/12/2005,FMN,NM,ASW,WE,Federal Contract Tower,0,21,7,0,28,0,3,43,0,46,0,24,50,0,74,183,0,183,257
06/13/2005,FMN,NM,ASW,WE,Federal Contract Tower,0,26,11,0,37,0,7,58,0,65,0,33,69,0,102,338,0,338,440
06/14/2005,FMN,NM,ASW,WE,Federal Contract Tower,0,27,12,0,39,0,6,66,0,72,0,33,78,0,111,149,0,149,260
06/15/2005,FMN,NM,ASW,WE,Federal Contract Tower,0,26,10,0,36,0,6,55,0,61,0,32,65,0,97,280,0,280,377
06/16/2005,FMN,NM,ASW,WE,Federal Contract Tower,0,24,18,0,42,0,14,43,0,57,0,38,61,0,99,217,0,217,316
06/17/2005,FMN,NM,ASW,WE,Federal Contract Tower,0,29,4,2,35,0,6,57,2,65,0,35,61,4,100,360,10,370,470
06/18/2005,FMN,NM,ASW,WE,Federal Contract Tower,0,13,5,0,18,0,4,63,0,67,0,17,68,0,85,222,0,222,307
06/19/2005,FMN,NM,ASW,WE,Federal Contract Tower,0,18,3,0,21,0,4,49,0,53,0,22,52,0,74,282,0,282,356
06/20/2005,FMN,NM,ASW,WE,Federal Contract Tower,0,25,10,0,35,0,2,56,0,58,0,27,66,0,93,225,0,225,318
06/21/2005,FMN,NM,ASW,WE,Federal Contract Tower,2,24,15,0,41,0,11,51,0,62,2,35,66,0,103,209,0,209,312
06/22/2005,FMN,NM,ASW,WE,Federal Contract Tower,0,24,15,0,39,0,10,53,0,63,0,34,68,0,102,216,0,216,318
06/23/2005,FMN,NM,ASW,WE,Federal Contract Tower,0,24,15,0,39,0,11,33,0,44,0,35,48,0,83,202,0,202,285
06/24/2005,FMN,NM,ASW,WE,Federal Contract Tower,0,29,12,0,41,0,3,70,0,73,0,32,82,0,114,274,0,274,388
06/25/2005,FMN,NM,ASW,WE,Federal Contract Tower,0,14,9,0,23,0,1,28,0,29,0,15,37,0,52,219,0,219,271
06/26/2005,FMN,NM,ASW,WE,Federal Contract Tower,0,18,14,0,32,0,0,45,0,45,0,18,59,0,77,171,0,171,248
06/27/2005,FMN,NM,ASW,WE,Federal Contract Tower,0,26,16,0,42,0,1,62,0,63,0,27,78,0,105,263,0,263,368
06/28/2005,FMN,NM,ASW,WE,Federal Contract Tower,0,29,16,0,45,0,6,37,0,43,0,35,53,0,88,216,0,216,304
06/29/2005,FMN,NM,ASW,WE,Federal Contract Tower,0,26,12,0,38,0,4,37,0,41,0,30,49,0,79,262,0,262,341
06/30/2005,FMN,NM,ASW,WE,Federal Contract Tower,0,25,10,1,36,0,7,60,0,67,0,32,70,1,103,185,14,199,302
07/01/2005,FMN,NM,ASW,WE,Federal Contract Tower,0,29,8,0,37,0,10,50,0,60,0,39,58,0,97,267,0,267,364
07/02/2005,FMN,NM,ASW,WE,Federal Contract Tower,0,11,4,0,15,0,5,75,0,80,0,16,79,0,95,270,0,270,365
07/03/2005,FMN,NM,ASW,WE,Federal Contract Tower,0,19,5,0,24,0,1,33,0,34,0,20,38,0,58,117,0,117,175
07/04/2005,FMN,NM,ASW,WE,Federal Contract Tower,0,17,3,0,20,0,0,58,0,58,0,17,61,0,78,92,0,92,170
07/05/2005,FMN,NM,ASW,WE,Federal Contract Tower,0,24,10,0,34,0,3,42,0,45,0,27,52,0,79,101,0,101,180
07/06/2005,FMN,NM,ASW,WE,Federal Contract Tower,0,28,14,0,42,0,6,56,0,62,0,34,70,0,104,282,0,282,386
07/07/2005,FMN,NM,ASW,WE,Federal Contract Tower,0,30,12,0,42,0,5,50,0,55,0,35,62,0,97,161,0,161,258
07/08/2005,FMN,NM,ASW,WE,Federal Contract Tower,0,32,9,0,41,0,0,42,1,43,0,32,51,1,84,232,0,232,316
07/09/2005,FMN,NM,ASW,WE,Federal Contract Tower,0,14,6,3,23,0,4,66,1,71,0,18,72,4,94,276,0,276,370
07/10/2005,FMN,NM,ASW,WE,Federal Contract Tower,0,19,11,0,30,0,0,46,0,46,0,19,57,0,76,186,0,186,262
07/11/2005,FMN,NM,ASW,WE,Federal Contract Tower,0,24,11,0,35,0,0,36,4,40,0,24,47,4,75,247,0,247,322
07/12/2005,FMN,NM,ASW,WE,Federal Contract Tower,0,24,7,2,33,0,8,26,3,37,0,32,33,5,70,225,8,233,303
07/13/2005,FMN,NM,ASW,WE,Federal Contract Tower,0,28,19,0,47,0,4,41,0,45,0,32,60,0,92,248,0,248,340
07/14/2005,FMN,NM,ASW,WE,Federal Contract Tower,0,24,11,0,35,0,5,58,0,63,0,29,69,0,98,146,0,146,244
07/15/2005,FMN,NM,ASW,WE,Federal Contract Tower,0,28,15,4,47,0,0,49,0,49,0,28,64,4,96,215,0,215,311
07/16/2005,FMN,NM,ASW,WE,Federal Contract Tower,0,13,10,2,25,0,3,56,0,59,0,16,66,2,84,205,0,205,289
07/17/2005,FMN,NM,ASW,WE,Federal Contract Tower,0,19,6,2,27,0,0,61,0,61,0,19,67,2,88,197,0,197,285
07/18/2005,FMN,NM,ASW,WE,Federal Contract Tower,0,23,14,0,37,0,1,67,0,68,0,24,81,0,105,223,0,223,328
07/19/2005,FMN,NM,ASW,WE,Federal Contract Tower,0,25,9,0,34,0,3,67,2,72,0,28,76,2,106,114,0,114,220
07/20/2005,FMN,NM,ASW,WE,Federal Contract Tower,0,32,23,0,55,0,6,53,0,59,0,38,76,0,114,213,0,213,327
07/21/2005,FMN,NM,ASW,WE,Federal Contract Tower,0,30,20,0,50,0,4,65,30,99,0,34,85,30,149,183,0,183,332
07/22/2005,FMN,NM,ASW,WE,Federal Contract Tower,0,28,12,0,40,0,8,59,0,67,0,36,71,0,107,355,0,355,462
07/23/2005,FMN,NM,ASW,WE,Federal Contract Tower,0,9,16,0,25,0,6,37,0,43,0,15,53,0,68,270,0,270,338
07/24/2005,FMN,NM,ASW,WE,Federal Contract Tower,0,14,7,0,21,0,4,53,0,57,0,18,60,0,78,166,0,166,244
07/25/2005,FMN,NM,ASW,WE,Federal Contract Tower,0,28,19,0,47,0,4,38,0,42,0,32,57,0,89,221,0,221,310
07/26/2005,FMN,NM,ASW,WE,Federal Contract Tower,0,25,14,0,39,0,5,25,0,30,0,30,39,0,69,326,0,326,395
07/27/2005,FMN,NM,ASW,WE,Federal Contract Tower,0,31,11,0,42,0,12,34,1,47,0,43,45,1,89,255,0,255,344
07/28/2005,FMN,NM,ASW,WE,Federal Contract Tower,0,31,8,0,39,0,2,59,2,63,0,33,67,2,102,335,0,335,437
07/29/2005,FMN,NM,ASW,WE,Federal Contract Tower,0,31,8,0,39,0,2,59,2,63,0,33,67,2,102,335,0,335,437
07/30/2005,FMN,NM,ASW,WE,Federal Contract Tower,0,11,7,0,18,0,4,38,0,42,0,15,45,0,60,278,0,278,338
07/31/2005,FMN,NM,ASW,WE,Federal Contract Tower,0,21,4,0,25,0,0,39,0,39,0,21,43,0,64,82,0,82,146
08/01/2005,FMN,NM,ASW,WE,Federal Contract Tower,0,33,10,0,43,0,0,70,0,70,0,33,80,0,113,287,0,287,400
08/02/2005,FMN,NM,ASW,WE,Federal Contract Tower,0,29,13,0,42,0,4,35,0,39,0,33,48,0,81,264,0,264,345
08/03/2005,FMN,NM,ASW,WE,Federal Contract Tower,0,33,10,0,43,0,8,44,0,52,0,41,54,0,95,247,0,247,342
08/04/2005,FMN,NM,ASW,WE,Federal Contract Tower,0,28,17,1,46,0,8,45,0,53,0,36,62,1,99,223,0,223,322
08/05/2005,FMN,NM,ASW,WE,Federal Contract Tower,0,27,14,0,41,0,8,51,0,59,0,35,65,0,100,258,0,258,358
08/06/2005,FMN,NM,ASW,WE,Federal Contract Tower,0,14,12,0,26,0,5,26,0,31,0,19,38,0,57,220,0,220,277
08/07/2005,FMN,NM,ASW,WE,Federal Contract Tower,0,18,8,0,26,0,1,61,0,62,0,19,69,0,88,216,0,216,304
08/08/2005,FMN,NM,ASW,WE,Federal Contract Tower,0,29,7,0,36,0,11,62,0,73,0,40,69,0,109,367,0,367,476
08/09/2005,FMN,NM,ASW,WE,Federal Contract Tower,0,27,20,0,47,0,15,55,0,70,0,42,75,0,117,304,0,304,421
08/10/2005,FMN,NM,ASW,WE,Federal Contract Tower,0,31,16,0,47,0,24,53,0,77,0,55,69,0,124,321,0,321,445
08/11/2005,FMN,NM,ASW,WE,Federal Contract Tower,0,36,16,0,52,0,18,50,0,68,0,54,66,0,120,254,0,254,374
08/12/2005,FMN,NM,ASW,WE,Federal Contract Tower,0,29,16,0,45,0,18,77,0,95,0,47,93,0,140,267,0,267,407
08/13/2005,FMN,NM,ASW,WE,Federal Contract Tower,0,16,10,0,26,0,5,51,0,56,0,21,61,0,82,295,0,295,377
08/14/2005,FMN,NM,ASW,WE,Federal Contract Tower,0,21,5,0,26,0,0,38,0,38,0,21,43,0,64,142,0,142,206
08/15/2005,FMN,NM,ASW,WE,Federal Contract Tower,0,27,15,0,42,0,26,50,1,77,0,53,65,1,119,325,2,327,446
08/16/2005,FMN,NM,ASW,WE,Federal Contract Tower,0,25,18,0,43,0,24,64,0,88,0,49,82,0,131,242,0,242,373
08/17/2005,FMN,NM,ASW,WE,Federal Contract Tower,0,26,16,0,42,0,6,47,0,53,0,32,63,0,95,185,0,185,280
08/18/2005,FMN,NM,ASW,WE,Federal Contract Tower,0,18,12,0,30,0,7,40,0,47,0,25,52,0,77,136,0,136,213
08/19/2005,FMN,NM,ASW,WE,Federal Contract Tower,0,29,10,0,39,0,3,63,0,66,0,32,73,0,105,173,0,173,278
08/20/2005,FMN,NM,ASW,WE,Federal Contract Tower,0,13,2,1,16,0,7,59,0,66,0,20,61,1,82,189,0,189,271
08/21/2005,FMN,NM,ASW,WE,Federal Contract Tower,0,19,5,0,24,0,0,22,0,22,0,19,27,0,46,120,0,120,166
08/22/2005,FMN,NM,ASW,WE,Federal Contract Tower,0,28,7,0,35,0,8,64,0,72,0,36,71,0,107,383,0,383,490
08/23/2005,FMN,NM,ASW,WE,Federal Contract Tower,0,27,2,0,29,0,7,58,0,65,0,34,60,0,94,217,0,217,311
08/24/2005,FMN,NM,ASW,WE,Federal Contract Tower,0,30,8,0,38,0,4,74,0,78,0,34,82,0,116,173,0,173,289
08/25/2005,FMN,NM,ASW,WE,Federal Contract Tower,0,16,12,0,28,0,15,36,2,53,0,31,48,2,81,127,0,127,208
08/26/2005,FMN,NM,ASW,WE,Federal Contract Tower,0,27,7,0,34,0,3,59,2,64,0,30,66,2,98,181,0,181,279
08/27/2005,FMN,NM,ASW,WE,Federal Contract Tower,0,13,9,0,22,0,6,44,0,50,0,19,53,0,72,105,0,105,177
08/28/2005,FMN,NM,ASW,WE,Federal Contract Tower,0,21,5,0,26,0,0,72,0,72,0,21,77,0,98,127,0,127,225
08/29/2005,FMN,NM,ASW,WE,Federal Contract Tower,0,26,16,0,42,0,0,84,0,84,0,26,100,0,126,351,0,351,477
08/30/2005,FMN,NM,ASW,WE,Federal Contract Tower,0,27,14,0,41,0,6,52,0,58,0,33,66,0,99,306,0,306,405
08/31/2005,FMN,NM,ASW,WE,Federal Contract Tower,0,28,21,0,49,0,3,64,0,67,0,31,85,0,116,237,0,237,353
09/01/2005,FMN,NM,ASW,WE,Federal Contract Tower,0,23,20,0,43,0,7,51,0,58,0,30,71,0,101,173,0,173,274
09/02/2005,FMN,NM,ASW,WE,Federal Contract Tower,0,26,12,1,39,0,4,56,1,61,0,30,68,2,100,229,0,229,329
09/03/2005,FMN,NM,ASW,WE,Federal Contract Tower,0,15,6,0,21,0,2,58,0,60,0,17,64,0,81,247,0,247,328
09/04/2005,FMN,NM,ASW,WE,Federal Contract Tower,0,19,5,0,24,0,0,42,0,42,0,19,47,0,66,118,0,118,184
09/05/2005,FMN,NM,ASW,WE,Federal Contract Tower,0,28,19,0,47,0,0,56,0,56,0,28,75,0,103,292,0,292,395
09/06/2005,FMN,NM,ASW,WE,Federal Contract Tower,0,22,10,0,32,0,3,36,0,39,0,25,46,0,71,244,0,244,315
09/07/2005,FMN,NM,ASW,WE,Federal Contract Tower,0,25,14,0,39,0,4,52,0,56,0,29,66,0,95,260,0,260,355
09/08/2005,FMN,NM,ASW,WE,Federal Contract Tower,0,22,13,0,35,0,0,58,0,58,0,22,71,0,93,143,0,143,236
09/09/2005,FMN,NM,ASW,WE,Federal Contract Tower,0,22,8,0,30,0,17,95,0,112,0,39,103,0,142,287,0,287,429
09/10/2005,FMN,NM,ASW,WE,Federal Contract Tower,0,14,10,0,24,0,3,63,0,66,0,17,73,0,90,361,0,361,451
09/11/2005,FMN,NM,ASW,WE,Federal Contract Tower,0,20,7,0,27,0,2,72,0,74,0,22,79,0,101,266,0,266,367
09/12/2005,FMN,NM,ASW,WE,Federal Contract Tower,0,22,12,0,34,0,2,72,0,74,0,24,84,0,108,326,0,326,434
09/13/2005,FMN,NM,ASW,WE,Federal Contract Tower,0,22,11,0,33,0,4,83,0,87,0,26,94,0,120,355,0,355,475
09/14/2005,FMN,NM,ASW,WE,Federal Contract Tower,0,26,15,0,41,0,10,72,0,82,0,36,87,0,123,206,0,206,329
09/15/2005,FMN,NM,ASW,WE,Federal Contract Tower,0,17,14,0,31,0,8,63,0,71,0,25,77,0,102,202,0,202,304
09/16/2005,FMN,NM,ASW,WE,Federal Contract Tower,0,23,10,0,33,0,9,50,0,59,0,32,60,0,92,248,0,248,340
09/17/2005,FMN,NM,ASW,WE,Federal Contract Tower,0,16,10,0,26,0,8,61,0,69,0,24,71,0,95,329,0,329,424
09/18/2005,FMN,NM,ASW,WE,Federal Contract Tower,0,17,13,0,30,0,1,51,0,52,0,18,64,0,82,317,0,317,399
09/19/2005,FMN,NM,ASW,WE,Federal Contract Tower,0,26,13,0,39,0,0,71,0,71,0,26,84,0,110,355,0,355,465
09/20/2005,FMN,NM,ASW,WE,Federal Contract Tower,0,19,7,1,27,0,11,68,0,79,0,30,75,1,106,321,2,323,429
09/21/2005,FMN,NM,ASW,WE,Federal Contract Tower,0,24,20,0,44,0,9,80,0,89,0,33,100,0,133,312,0,312,445
09/22/2005,FMN,NM,ASW,WE,Federal Contract Tower,0,24,17,0,41,0,14,49,0,63,0,38,66,0,104,224,0,224,328
09/23/2005,FMN,NM,ASW,WE,Federal Contract Tower,0,30,14,5,49,0,8,58,24,90,0,38,72,29,139,378,30,408,547
09/24/2005,FMN,NM,ASW,WE,Federal Contract Tower,0,14,3,0,17,0,7,46,0,53,0,21,49,0,70,406,0,406,476
09/25/2005,FMN,NM,ASW,WE,Federal Contract Tower,0,20,6,0,26,0,0,96,0,96,0,20,102,0,122,154,0,154,276
09/26/2005,FMN,NM,ASW,WE,Federal Contract Tower,0,24,8,0,32,0,0,82,0,82,0,24,90,0,114,379,0,379,493
09/27/2005,FMN,NM,ASW,WE,Federal Contract Tower,0,24,12,0,36,0,6,44,0,50,0,30,56,0,86,293,0,293,379
09/28/2005,FMN,NM,ASW,WE,Federal Contract Tower,0,24,10,0,34,0,6,38,0,44,0,30,48,0,78,414,0,414,492
09/29/2005,FMN,NM,ASW,WE,Federal Contract Tower,0,21,17,0,38,0,1,58,0,59,0,22,75,0,97,264,0,264,361
09/30/2005,FMN,NM,ASW,WE,Federal Contract Tower,0,25,26,0,51,0,2,60,0,62,0,27,86,0,113,374,0,374,487
10/01/2005,FMN,NM,ASW,WE,Federal Contract Tower,0,13,3,0,16,0,11,80,0,91,0,24,83,0,107,142,0,142,249
10/02/2005,FMN,NM,ASW,WE,Federal Contract Tower,0,21,13,0,34,0,3,61,0,64,0,24,74,0,98,199,0,199,297
10/03/2005,FMN,NM,ASW,WE,Federal Contract Tower,0,26,13,0,39,0,0,52,0,52,0,26,65,0,91,414,0,414,505
10/04/2005,FMN,NM,ASW,WE,Federal Contract Tower,0,21,11,0,32,0,2,42,0,44,0,23,53,0,76,232,0,232,308
10/05/2005,FMN,NM,ASW,WE,Federal Contract Tower,0,21,14,0,35,0,9,75,0,84,0,30,89,0,119,206,0,206,325
10/06/2005,FMN,NM,ASW,WE,Federal Contract Tower,0,23,12,0,35,0,4,45,0,49,0,27,57,0,84,336,0,336,420
10/07/2005,FMN,NM,ASW,WE,Federal Contract Tower,0,29,20,0,49,0,5,65,0,70,0,34,85,0,119,446,0,446,565
10/08/2005,FMN,NM,ASW,WE,Federal Contract Tower,0,13,8,0,21,0,11,41,0,52,0,24,49,0,73,250,0,250,323
10/09/2005,FMN,NM,ASW,WE,Federal Contract Tower,0,20,11,0,31,0,0,26,0,26,0,20,37,0,57,43,0,43,100
10/10/2005,FMN,NM,ASW,WE,Federal Contract Tower,0,26,14,0,40,0,0,18,0,18,0,26,32,0,58,168,0,168,226
10/11/2005,FMN,NM,ASW,WE,Federal Contract Tower,0,23,10,0,33,0,3,55,0,58,0,26,65,0,91,408,0,408,499
10/12/2005,FMN,NM,ASW,WE,Federal Contract Tower,0,27,9,1,37,0,6,85,3,94,0,33,94,4,131,296,0,296,427
10/13/2005,FMN,NM,ASW,WE,Federal Contract Tower,0,26,6,0,32,0,6,67,0,73,0,32,73,0,105,358,0,358,463
10/14/2005,FMN,NM,ASW,WE,Federal Contract Tower,0,24,15,0,39,0,0,88,0,88,0,24,103,0,127,425,0,425,552
10/15/2005,FMN,NM,ASW,WE,Federal Contract Tower,0,18,10,0,28,0,11,52,0,63,0,29,62,0,91,305,0,305,396
10/16/2005,FMN,NM,ASW,WE,Federal Contract Tower,0,19,5,0,24,0,1,50,0,51,0,20,55,0,75,123,0,123,198
10/17/2005,FMN,NM,ASW,WE,Federal Contract Tower,0,23,23,1,47,0,1,51,0,52,0,24,74,1,99,321,0,321,420
10/18/2005,FMN,NM,ASW,WE,Federal Contract Tower,0,26,9,1,36,0,2,30,0,32,0,28,39,1,68,313,0,313,381
10/19/2005,FMN,NM,ASW,WE,Federal Contract Tower,0,28,12,0,40,0,5,25,0,30,0,33,37,0,70,190,0,190,260
10/20/2005,FMN,NM,ASW,WE,Federal Contract Tower,0,26,13,0,39,0,10,59,0,69,0,36,72,0,108,193,0,193,301
10/21/2005,FMN,NM,ASW,WE,Federal Contract Tower,0,25,26,0,51,0,14,66,0,80,0,39,92,0,131,329,0,329,460
10/22/2005,FMN,NM,ASW,WE,Federal Contract Tower,0,14,3,0,17,0,12,81,0,93,0,26,84,0,110,201,0,201,311
10/23/2005,FMN,NM,ASW,WE,Federal Contract Tower,0,21,15,0,36,0,1,58,0,59,0,22,73,0,95,131,0,131,226
10/24/2005,FMN,NM,ASW,WE,Federal Contract Tower,0,27,9,0,36,0,1,46,0,47,0,28,55,0,83,320,0,320,403
10/25/2005,FMN,NM,ASW,WE,Federal Contract Tower,0,30,16,0,46,0,2,68,0,70,0,32,84,0,116,354,0,354,470
10/26/2005,FMN,NM,ASW,WE,Federal Contract Tower,0,31,17,0,48,0,2,68,6,76,0,33,85,6,124,329,0,329,453
10/27/2005,FMN,NM,ASW,WE,Federal Contract Tower,0,25,12,0,37,0,5,87,0,92,0,30,99,0,129,181,0,181,310
10/28/2005,FMN,NM,ASW,WE,Federal Contract Tower,0,25,12,0,37,0,6,59,0,65,0,31,71,0,102,258,0,258,360
10/29/2005,FMN,NM,ASW,WE,Federal Contract Tower,0,12,2,0,14,0,4,54,0,58,0,16,56,0,72,290,0,290,362
10/30/2005,FMN,NM,ASW,WE,Federal Contract Tower,0,16,9,0,25,0,0,63,3,66,0,16,72,3,91,54,0,54,145
10/31/2005,FMN,NM,ASW,WE,Federal Contract Tower,0,22,12,0,34,0,0,61,0,61,0,22,73,0,95,318,0,318,413
11/01/2005,FMN,NM,ASW,WE,Federal Contract Tower,0,24,7,0,31,0,1,77,0,78,0,25,84,0,109,315,0,315,424
11/02/2005,FMN,NM,ASW,WE,Federal Contract Tower,0,21,15,0,36,0,10,89,0,99,0,31,104,0,135,201,0,201,336
11/03/2005,FMN,NM,ASW,WE,Federal Contract Tower,0,25,16,0,41,0,2,35,2,39,0,27,51,2,80,115,0,115,195
11/04/2005,FMN,NM,ASW,WE,Federal Contract Tower,0,25,9,1,35,0,5,65,2,72,0,30,74,3,107,185,2,187,294
11/05/2005,FMN,NM,ASW,WE,Federal Contract Tower,0,10,0,0,10,0,8,50,0,58,0,18,50,0,68,70,0,70,138
11/06/2005,FMN,NM,ASW,WE,Federal Contract Tower,0,16,4,0,20,0,0,61,0,61,0,16,65,0,81,80,0,80,161
11/07/2005,FMN,NM,ASW,WE,Federal Contract Tower,0,26,7,0,33,0,0,51,0,51,0,26,58,0,84,319,0,319,403
11/08/2005,FMN,NM,ASW,WE,Federal Contract Tower,0,24,13,2,39,0,6,44,0,50,0,30,57,2,89,286,0,286,375
11/09/2005,FMN,NM,ASW,WE,Federal Contract Tower,0,23,6,2,31,0,9,100,11,120,0,32,106,13,151,175,0,175,326
11/10/2005,FMN,NM,ASW,WE,Federal Contract Tower,0,22,21,0,43,0,10,56,0,66,0,32,77,0,109,119,0,119,228
11/11/2005,FMN,NM,ASW,WE,Federal Contract Tower,0,25,5,0,30,0,12,28,0,40,0,37,33,0,70,117,0,117,187
11/12/2005,FMN,NM,ASW,WE,Federal Contract Tower,0,11,9,0,20,0,6,62,0,68,0,17,71,0,88,212,0,212,300
11/13/2005,FMN,NM,ASW,WE,Federal Contract Tower,0,14,10,0,24,0,0,63,0,63,0,14,73,0,87,221,0,221,308
11/14/2005,FMN,NM,ASW,WE,Federal Contract Tower,0,21,13,0,34,0,3,35,0,38,0,24,48,0,72,268,0,268,340
11/15/2005,FMN,NM,ASW,WE,Federal Contract Tower,0,24,11,0,35,0,8,40,0,48,0,32,51,0,83,276,0,276,359
11/16/2005,FMN,NM,ASW,WE,Federal Contract Tower,0,24,19,0,43,0,3,103,0,106,0,27,122,0,149,226,0,226,375
11/17/2005,FMN,NM,ASW,WE,Federal Contract Tower,0,20,17,0,37,0,7,60,0,67,0,27,77,0,104,208,0,208,312
11/18/2005,FMN,NM,ASW,WE,Federal Contract Tower,0,21,2,0,23,0,13,56,0,69,0,34,58,0,92,250,0,250,342
11/19/2005,FMN,NM,ASW,WE,Federal Contract Tower,0,13,7,0,20,0,7,56,0,63,0,20,63,0,83,268,0,268,351
11/20/2005,FMN,NM,ASW,WE,Federal Contract Tower,0,15,14,0,29,0,0,74,2,76,0,15,88,2,105,222,0,222,327
11/21/2005,FMN,NM,ASW,WE,Federal Contract Tower,0,23,8,0,31,0,0,56,0,56,0,23,64,0,87,323,0,323,410
11/22/2005,FMN,NM,ASW,WE,Federal Contract Tower,0,22,15,0,37,0,3,82,0,85,0,25,97,0,122,266,0,266,388
11/23/2005,FMN,NM,ASW,WE,Federal Contract Tower,0,21,13,0,34,0,6,75,0,81,0,27,88,0,115,222,0,222,337
11/24/2005,FMN,NM,ASW,WE,Federal Contract Tower,0,11,1,0,12,0,1,25,0,26,0,12,26,0,38,14,0,14,52
11/25/2005,FMN,NM,ASW,WE,Federal Contract Tower,0,20,11,0,31,0,3,53,0,56,0,23,64,0,87,130,0,130,217
11/26/2005,FMN,NM,ASW,WE,Federal Contract Tower,0,16,7,0,23,0,16,70,0,86,0,32,77,0,109,77,0,77,186
11/27/2005,FMN,NM,ASW,WE,Federal Contract Tower,0,17,12,0,29,0,0,27,0,27,0,17,39,0,56,6,0,6,62
11/28/2005,FMN,NM,ASW,WE,Federal Contract Tower,0,20,9,0,29,0,3,19,0,22,0,23,28,0,51,142,0,142,193
11/29/2005,FMN,NM,ASW,WE,Federal Contract Tower,0,23,10,0,33,0,7,79,0,86,0,30,89,0,119,339,0,339,458
11/30/2005,FMN,NM,ASW,WE,Federal Contract Tower,0,22,12,0,34,0,4,61,4,69,0,26,73,4,103,75,0,75,178
12/01/2005,FMN,NM,ASW,WE,Federal Contract Tower,0,22,12,0,34,0,6,72,0,78,0,28,84,0,112,208,0,208,320
12/02/2005,FMN,NM,ASW,WE,Federal Contract Tower,0,22,12,0,34,0,13,36,0,49,0,35,48,0,83,253,0,253,336
12/03/2005,FMN,NM,ASW,WE,Federal Contract Tower,0,15,3,0,18,0,4,49,0,53,0,19,52,0,71,247,0,247,318
12/04/2005,FMN,NM,ASW,WE,Federal Contract Tower,0,16,8,0,24,0,0,65,0,65,0,16,73,0,89,131,0,131,220
12/05/2005,FMN,NM,ASW,WE,Federal Contract Tower,0,23,19,0,42,0,1,76,0,77,0,24,95,0,119,476,0,476,595
12/06/2005,FMN,NM,ASW,WE,Federal Contract Tower,0,22,20,0,42,0,13,55,0,68,0,35,75,0,110,446,0,446,556
12/07/2005,FMN,NM,ASW,WE,Federal Contract Tower,0,22,19,0,41,0,7,71,0,78,0,29,90,0,119,238,0,238,357
12/08/2005,FMN,NM,ASW,WE,Federal Contract Tower,0,10,0,0,10,0,16,68,0,84,0,26,68,0,94,151,0,151,245
12/09/2005,FMN,NM,ASW,WE,Federal Contract Tower,0,20,12,2,34,0,14,48,0,62,0,34,60,2,96,151,0,151,247
12/10/2005,FMN,NM,ASW,WE,Federal Contract Tower,0,9,6,0,15,0,19,69,4,92,0,28,75,4,107,145,0,145,252
12/11/2005,FMN,NM,ASW,WE,Federal Contract Tower,0,15,6,0,21,0,0,50,0,50,0,15,56,0,71,88,0,88,159
12/12/2005,FMN,NM,ASW,WE,Federal Contract Tower,0,23,3,0,26,0,1,56,0,57,0,24,59,0,83,334,0,334,417
12/13/2005,FMN,NM,ASW,WE,Federal Contract Tower,0,23,5,0,28,0,6,29,0,35,0,29,34,0,63,174,0,174,237
12/14/2005,FMN,NM,ASW,WE,Federal Contract Tower,0,22,15,0,37,0,5,81,0,86,0,27,96,0,123,64,0,64,187
12/15/2005,FMN,NM,ASW,WE,Federal Contract Tower,0,21,8,0,29,0,5,90,0,95,0,26,98,0,124,184,0,184,308
12/16/2005,FMN,NM,ASW,WE,Federal Contract Tower,0,19,13,0,32,0,14,48,0,62,0,33,61,0,94,115,0,115,209
12/17/2005,FMN,NM,ASW,WE,Federal Contract Tower,0,14,4,0,18,0,9,58,0,67,0,23,62,0,85,50,0,50,135
12/18/2005,FMN,NM,ASW,WE,Federal Contract Tower,0,17,3,11,31,0,4,52,0,56,0,21,55,11,87,174,0,174,261
12/19/2005,FMN,NM,ASW,WE,Federal Contract Tower,0,19,10,0,29,0,0,36,0,36,0,19,46,0,65,178,0,178,243
12/20/2005,FMN,NM,ASW,WE,Federal Contract Tower,0,21,10,0,31,0,8,56,0,64,0,29,66,0,95,188,0,188,283
12/21/2005,FMN,NM,ASW,WE,Federal Contract Tower,0,18,12,0,30,0,12,92,0,104,0,30,104,0,134,18,0,18,152
12/22/2005,FMN,NM,ASW,WE,Federal Contract Tower,0,20,9,0,29,0,12,40,0,52,0,32,49,0,81,30,0,30,111
12/23/2005,FMN,NM,ASW,WE,Federal Contract Tower,0,20,7,0,27,0,16,35,0,51,0,36,42,0,78,92,0,92,170
12/24/2005,FMN,NM,ASW,WE,Federal Contract Tower,0,13,4,0,17,0,5,58,0,63,0,18,62,0,80,16,0,16,96
12/25/2005,FMN,NM,ASW,WE,Federal Contract Tower,0,11,2,0,13,0,0,12,0,12,0,11,14,0,25,22,0,22,47
12/26/2005,FMN,NM,ASW,WE,Federal Contract Tower,0,16,6,0,22,0,1,62,0,63,0,17,68,0,85,46,0,46,131
12/27/2005,FMN,NM,ASW,WE,Federal Contract Tower,0,19,9,0,28,0,2,26,0,28,0,21,35,0,56,19,0,19,75
12/28/2005,FMN,NM,ASW,WE,Federal Contract Tower,0,20,10,0,30,0,7,50,0,57,0,27,60,0,87,23,0,23,110
12/29/2005,FMN,NM,ASW,WE,Federal Contract Tower,0,22,15,0,37,0,4,31,0,35,0,26,46,0,72,58,0,58,130
12/30/2005,FMN,NM,ASW,WE,Federal Contract Tower,0,18,10,0,28,0,7,38,0,45,0,25,48,0,73,60,0,60,133
12/31/2005,FMN,NM,ASW,WE,Federal Contract Tower,0,10,3,0,13,0,10,30,0,40,0,20,33,0,53,12,0,12,65
01/01/2006,FMN,NM,ASW,WE,Federal Contract Tower,0,12,4,0,16,0,0,26,0,26,0,12,30,0,42,3,0,3,45
01/02/2006,FMN,NM,ASW,WE,Federal Contract Tower,0,14,7,0,21,0,1,47,0,48,0,15,54,0,69,124,0,124,193
01/03/2006,FMN,NM,ASW,WE,Federal Contract Tower,0,19,9,0,28,0,7,38,0,45,0,26,47,0,73,191,0,191,264
01/04/2006,FMN,NM,ASW,WE,Federal Contract Tower,0,23,17,2,42,0,3,49,0,52,0,26,66,2,94,37,0,37,131
01/05/2006,FMN,NM,ASW,WE,Federal Contract Tower,0,22,14,0,36,0,28,73,0,101,0,50,87,0,137,137,0,137,274
01/06/2006,FMN,NM,ASW,WE,Federal Contract Tower,0,15,9,0,24,0,13,67,0,80,0,28,76,0,104,149,0,149,253
01/07/2006,FMN,NM,ASW,WE,Federal Contract Tower,0,11,11,2,24,0,10,78,0,88,0,21,89,2,112,266,0,266,378
01/08/2006,FMN,NM,ASW,WE,Federal Contract Tower,0,15,6,7,28,0,0,48,0,48,0,15,54,7,76,131,0,131,207
01/09/2006,FMN,NM,ASW,WE,Federal Contract Tower,0,22,10,0,32,0,0,46,0,46,0,22,56,0,78,54,0,54,132
01/10/2006,FMN,NM,ASW,WE,Federal Contract Tower,0,21,13,0,34,0,6,60,0,66,0,27,73,0,100,241,0,241,341
01/11/2006,FMN,NM,ASW,WE,Federal Contract Tower,0,20,20,0,40,0,2,72,0,74,0,22,92,0,114,110,0,110,224
01/12/2006,FMN,NM,ASW,WE,Federal Contract Tower,0,19,6,0,25,0,3,37,12,52,0,22,43,12,77,33,0,33,110
01/13/2006,FMN,NM,ASW,WE,Federal Contract Tower,0,19,17,0,36,0,12,99,0,111,0,31,116,0,147,140,0,140,287
01/14/2006,FMN,NM,ASW,WE,Federal Contract Tower,0,14,8,0,22,0,9,73,0,82,0,23,81,0,104,103,0,103,207
01/15/2006,FMN,NM,ASW,WE,Federal Contract Tower,0,14,1,0,15,0,0,24,0,24,0,14,25,0,39,20,0,20,59
01/16/2006,FMN,NM,ASW,WE,Federal Contract Tower,0,19,12,0,31,0,0,27,1,28,0,19,39,1,59,48,0,48,107
01/17/2006,FMN,NM,ASW,WE,Federal Contract Tower,0,21,15,0,36,0,1,63,0,64,0,22,78,0,100,222,0,222,322
01/18/2006,FMN,NM,ASW,WE,Federal Contract Tower,0,20,23,0,43,0,4,82,0,86,0,24,105,0,129,145,0,145,274
01/19/2006,FMN,NM,ASW,WE,Federal Contract Tower,0,24,21,0,45,0,3,24,0,27,0,27,45,0,72,62,0,62,134
01/20/2006,FMN,NM,ASW,WE,Federal Contract Tower,0,24,8,0,32,0,8,56,0,64,0,32,64,0,96,157,0,157,253
01/21/2006,FMN,NM,ASW,WE,Federal Contract Tower,0,12,6,0,18,0,10,60,0,70,0,22,66,0,88,116,0,116,204
01/22/2006,FMN,NM,ASW,WE,Federal Contract Tower,0,13,8,0,21,0,0,32,0,32,0,13,40,0,53,48,0,48,101
01/23/2006,FMN,NM,ASW,WE,Federal Contract Tower,0,22,6,0,28,0,2,44,0,46,0,24,50,0,74,277,0,277,351
01/24/2006,FMN,NM,ASW,WE,Federal Contract Tower,0,22,10,0,32,0,5,75,0,80,0,27,85,0,112,273,0,273,385
01/25/2006,FMN,NM,ASW,WE,Federal Contract Tower,0,22,19,2,43,0,8,27,1,36,0,30,46,3,79,12,0,12,91
01/26/2006,FMN,NM,ASW,WE,Federal Contract Tower,0,24,12,1,37,0,9,27,2,38,0,33,39,3,75,207,7,214,289
01/27/2006,FMN,NM,ASW,WE,Federal Contract Tower,0,20,15,2,37,0,10,68,0,78,0,30,83,2,115,259,0,259,374
01/28/2006,FMN,NM,ASW,WE,Federal Contract Tower,0,10,5,2,17,0,14,39,0,53,0,24,44,2,70,325,0,325,395
01/29/2006,FMN,NM,ASW,WE,Federal Contract Tower,0,17,9,0,26,0,0,35,0,35,0,17,44,0,61,119,0,119,180
01/30/2006,FMN,NM,ASW,WE,Federal Contract Tower,0,19,12,0,31,0,0,50,0,50,0,19,62,0,81,358,0,358,439
01/31/2006,FMN,NM,ASW,WE,Federal Contract Tower,0,26,14,0,40,0,2,60,0,62,0,28,74,0,102,253,0,253,355
02/01/2006,FMN,NM,ASW,WE,Federal Contract Tower,0,27,13,2,42,0,9,66,1,76,0,36,79,3,118,178,0,178,296
02/02/2006,FMN,NM,ASW,WE,Federal Contract Tower,0,20,23,0,43,0,5,27,0,32,0,25,50,0,75,105,0,105,180
02/03/2006,FMN,NM,ASW,WE,Federal Contract Tower,0,22,11,0,33,0,4,64,0,68,0,26,75,0,101,166,0,166,267
02/04/2006,FMN,NM,ASW,WE,Federal Contract Tower,0,12,1,0,13,0,12,73,0,85,0,24,74,0,98,177,0,177,275
02/05/2006,FMN,NM,ASW,WE,Federal Contract Tower,0,13,10,0,23,0,5,35,0,40,0,18,45,0,63,28,0,28,91
02/06/2006,FMN,NM,ASW,WE,Federal Contract Tower,0,16,16,0,32,0,1,51,0,52,0,17,67,0,84,282,0,282,366
02/07/2006,FMN,NM,ASW,WE,Federal Contract Tower,0,18,9,3,30,0,4,65,1,70,0,22,74,4,100,297,11,308,408
02/08/2006,FMN,NM,ASW,WE,Federal Contract Tower,0,19,22,0,41,0,5,69,0,74,0,24,91,0,115,144,0,144,259
02/09/2006,FMN,NM,ASW,WE,Federal Contract Tower,0,17,21,0,38,0,11,73,2,86,0,28,94,2,124,155,0,155,279
02/10/2006,FMN,NM,ASW,WE,Federal Contract Tower,0,23,15,0,38,0,18,32,13,63,0,41,47,13,101,147,2,149,250
02/11/2006,FMN,NM,ASW,WE,Federal Contract Tower,0,11,8,0,19,0,6,41,0,47,0,17,49,0,66,182,0,182,248
02/12/2006,FMN,NM,ASW,WE,Federal Contract Tower,0,13,9,0,22,0,4,63,0,67,0,17,72,0,89,224,0,224,313
02/13/2006,FMN,NM,ASW,WE,Federal Contract Tower,0,19,15,2,36,0,1,66,0,67,0,20,81,2,103,229,0,229,332
02/14/2006,FMN,NM,ASW,WE,Federal Contract Tower,0,18,7,0,25,0,6,50,0,56,0,24,57,0,81,302,0,302,383
02/15/2006,FMN,NM,ASW,WE,Federal Contract Tower,0,20,9,0,29,0,5,45,2,52,0,25,54,2,81,64,0,64,145
02/16/2006,FMN,NM,ASW,WE,Federal Contract Tower,0,19,21,0,40,0,15,38,1,54,0,34,59,1,94,151,0,151,245
02/17/2006,FMN,NM,ASW,WE,Federal Contract Tower,0,19,16,0,35,0,8,34,0,42,0,27,50,0,77,193,0,193,270
02/18/2006,FMN,NM,ASW,WE,Federal Contract Tower,0,15,11,0,26,0,11,34,4,49,0,26,45,4,75,244,0,244,319
02/19/2006,FMN,NM,ASW,WE,Federal Contract Tower,0,16,6,0,22,0,1,51,0,52,0,17,57,0,74,106,0,106,180
02/20/2006,FMN,NM,ASW,WE,Federal Contract Tower,0,22,20,0,42,0,5,53,0,58,0,27,73,0,100,396,0,396,496
02/21/2006,FMN,NM,ASW,WE,Federal Contract Tower,0,24,19,0,43,0,8,48,0,56,0,32,67,0,99,264,0,264,363
02/22/2006,FMN,NM,ASW,WE,Federal Contract Tower,0,23,14,0,37,0,7,51,0,58,0,30,65,0,95,220,0,220,315
02/23/2006,FMN,NM,ASW,WE,Federal Contract Tower,0,17,11,0,28,0,10,60,0,70,0,27,71,0,98,253,0,253,351
02/24/2006,FMN,NM,ASW,WE,Federal Contract Tower,0,22,15,0,37,0,17,73,0,90,0,39,88,0,127,324,0,324,451
02/25/2006,FMN,NM,ASW,WE,Federal Contract Tower,0,12,3,0,15,0,3,57,0,60,0,15,60,0,75,381,0,381,456
02/26/2006,FMN,NM,ASW,WE,Federal Contract Tower,0,17,9,0,26,0,1,52,0,53,0,18,61,0,79,190,0,190,269
02/27/2006,FMN,NM,ASW,WE,Federal Contract Tower,0,20,15,0,35,0,0,44,0,44,0,20,59,0,79,279,0,279,358
02/28/2006,FMN,NM,ASW,WE,Federal Contract Tower,0,23,11,0,34,0,0,50,0,50,0,23,61,0,84,239,0,239,323
03/01/2006,FMN,NM,ASW,WE,Federal Contract Tower,0,19,12,0,31,0,5,73,0,78,0,24,85,0,109,210,0,210,319
03/02/2006,FMN,NM,ASW,WE,Federal Contract Tower,0,16,24,0,40,0,18,45,0,63,0,34,69,0,103,147,0,147,250
03/03/2006,FMN,NM,ASW,WE,Federal Contract Tower,0,21,11,0,32,0,15,49,0,64,0,36,60,0,96,241,0,241,337
03/04/2006,FMN,NM,ASW,WE,Federal Contract Tower,0,14,4,0,18,0,12,33,16,61,0,26,37,16,79,101,0,101,180
03/05/2006,FMN,NM,ASW,WE,Federal Contract Tower,0,14,5,0,19,0,0,94,12,106,0,14,99,12,125,218,0,218,343
03/06/2006,FMN,NM,ASW,WE,Federal Contract Tower,0,21,18,0,39,0,1,60,1,62,0,22,78,1,101,310,0,310,411
03/07/2006,FMN,NM,ASW,WE,Federal Contract Tower,0,23,14,0,37,0,5,59,2,66,0,28,73,2,103,148,0,148,251
03/08/2006,FMN,NM,ASW,WE,Federal Contract Tower,0,25,23,0,48,0,1,9,2,12,0,26,32,2,60,93,0,93,153
03/09/2006,FMN,NM,ASW,WE,Federal Contract Tower,0,22,19,0,41,0,11,27,0,38,0,33,46,0,79,202,0,202,281
03/10/2006,FMN,NM,ASW,WE,Federal Contract Tower,0,26,32,0,58,0,11,11,0,22,0,37,43,0,80,34,0,34,114
03/11/2006,FMN,NM,ASW,WE,Federal Contract Tower,0,12,7,0,19,0,2,8,0,10,0,14,15,0,29,198,0,198,227
03/12/2006,FMN,NM,ASW,WE,Federal Contract Tower,0,11,7,0,18,0,0,2,0,2,0,11,9,0,20,2,0,2,22
03/13/2006,FMN,NM,ASW,WE,Federal Contract Tower,0,14,26,0,40,0,0,39,0,39,0,14,65,0,79,285,0,285,364
03/14/2006,FMN,NM,ASW,WE,Federal Contract Tower,0,22,6,0,28,0,6,80,0,86,0,28,86,0,114,269,0,269,383
03/15/2006,FMN,NM,ASW,WE,Federal Contract Tower,0,19,12,0,31,0,9,76,0,85,0,28,88,0,116,168,4,172,288
03/16/2006,FMN,NM,ASW,WE,Federal Contract Tower,0,21,19,0,40,0,11,66,0,77,0,32,85,0,117,235,0,235,352
03/17/2006,FMN,NM,ASW,WE,Federal Contract Tower,0,23,14,0,37,0,6,38,6,50,0,29,52,6,87,146,0,146,233
03/18/2006,FMN,NM,ASW,WE,Federal Contract Tower,0,11,7,0,18,0,6,36,0,42,0,17,43,0,60,225,0,225,285
03/19/2006,FMN,NM,ASW,WE,Federal Contract Tower,0,10,13,0,23,0,1,15,0,16,0,11,28,0,39,75,0,75,114
03/20/2006,FMN,NM,ASW,WE,Federal Contract Tower,0,23,18,0,41,0,0,40,0,40,0,23,58,0,81,162,0,162,243
03/21/2006,FMN,NM,ASW,WE,Federal Contract Tower,0,23,22,0,45,0,3,42,0,45,0,26,64,0,90,253,0,253,343
03/22/2006,FMN,NM,ASW,WE,Federal Contract Tower,0,27,22,0,49,0,3,6,0,9,0,30,28,0,58,75,0,75,133
03/23/2006,FMN,NM,ASW,WE,Federal Contract Tower,0,25,19,0,44,0,8,69,0,77,0,33,88,0,121,221,0,221,342
03/24/2006,FMN,NM,ASW,WE,Federal Contract Tower,0,21,20,0,41,0,18,58,0,76,0,39,78,0,117,292,0,292,409
03/25/2006,FMN,NM,ASW,WE,Federal Contract Tower,0,12,3,0,15,0,5,56,0,61,0,17,59,0,76,170,0,170,246
03/26/2006,FMN,NM,ASW,WE,Federal Contract Tower,0,15,13,0,28,0,0,34,2,36,0,15,47,2,64,27,0,27,91
03/27/2006,FMN,NM,ASW,WE,Federal Contract Tower,0,19,14,2,35,0,1,50,2,53,0,20,64,4,88,212,0,212,300
03/28/2006,FMN,NM,ASW,WE,Federal Contract Tower,0,24,20,0,44,0,5,44,0,49,0,29,64,0,93,120,0,120,213
03/29/2006,FMN,NM,ASW,WE,Federal Contract Tower,0,29,23,0,52,0,7,23,0,30,0,36,46,0,82,62,0,62,144
03/30/2006,FMN,NM,ASW,WE,Federal Contract Tower,0,26,9,0,35,0,3,54,0,57,0,29,63,0,92,186,0,186,278
03/31/2006,FMN,NM,ASW,WE,Federal Contract Tower,0,27,16,0,43,0,8,55,0,63,0,35,71,0,106,284,0,284,390
04/01/2006,FMN,NM,ASW,WE,Federal Contract Tower,0,16,7,0,23,0,5,16,0,21,0,21,23,0,44,131,0,131,175
04/02/2006,FMN,NM,ASW,WE,Federal Contract Tower,0,21,6,0,27,0,0,65,0,65,0,21,71,0,92,222,0,222,314
04/03/2006,FMN,NM,ASW,WE,Federal Contract Tower,0,18,13,0,31,0,6,46,0,52,0,24,59,0,83,320,0,320,403
04/04/2006,FMN,NM,ASW,WE,Federal Contract Tower,0,23,10,0,33,0,0,57,0,57,0,23,67,0,90,263,0,263,353
04/05/2006,FMN,NM,ASW,WE,Federal Contract Tower,0,27,15,0,42,0,1,37,0,38,0,28,52,0,80,200,0,200,280
04/06/2006,FMN,NM,ASW,WE,Federal Contract Tower,0,24,22,0,46,0,9,35,4,48,0,33,57,4,94,145,1,146,240
04/07/2006,FMN,NM,ASW,WE,Federal Contract Tower,0,22,16,0,38,0,19,52,0,71,0,41,68,0,109,341,0,341,450
04/08/2006,FMN,NM,ASW,WE,Federal Contract Tower,0,14,6,0,20,0,10,56,0,66,0,24,62,0,86,226,0,226,312
04/09/2006,FMN,NM,ASW,WE,Federal Contract Tower,0,15,5,0,20,0,0,68,0,68,0,15,73,0,88,220,0,220,308
04/10/2006,FMN,NM,ASW,WE,Federal Contract Tower,0,26,11,0,37,0,7,40,0,47,0,33,51,0,84,168,0,168,252
04/11/2006,FMN,NM,ASW,WE,Federal Contract Tower,0,25,15,2,42,0,1,41,1,43,0,26,56,3,85,222,0,222,307
04/12/2006,FMN,NM,ASW,WE,Federal Contract Tower,0,23,20,0,43,0,10,97,6,113,0,33,117,6,156,326,0,326,482
04/13/2006,FMN,NM,ASW,WE,Federal Contract Tower,0,21,17,2,40,0,10,66,2,78,0,31,83,4,118,377,0,377,495
04/14/2006,FMN,NM,ASW,WE,Federal Contract Tower,0,21,13,0,34,0,9,58,0,67,0,30,71,0,101,241,0,241,342
04/15/2006,FMN,NM,ASW,WE,Federal Contract Tower,0,10,6,0,16,0,12,20,0,32,0,22,26,0,48,159,0,159,207
04/16/2006,FMN,NM,ASW,WE,Federal Contract Tower,0,15,10,0,25,0,0,64,0,64,0,15,74,0,89,116,0,116,205
04/17/2006,FMN,NM,ASW,WE,Federal Contract Tower,0,18,15,0,33,0,2,47,0,49,0,20,62,0,82,155,0,155,237
04/18/2006,FMN,NM,ASW,WE,Federal Contract Tower,0,25,11,0,36,0,8,61,0,69,0,33,72,0,105,181,0,181,286
04/19/2006,FMN,NM,ASW,WE,Federal Contract Tower,0,28,9,0,37,0,12,67,3,82,0,40,76,3,119,323,0,323,442
04/20/2006,FMN,NM,ASW,WE,Federal Contract Tower,0,25,23,2,50,0,4,47,1,52,0,29,70,3,102,220,0,220,322
04/21/2006,FMN,NM,ASW,WE,Federal Contract Tower,0,30,9,2,41,0,12,73,0,85,0,42,82,2,126,273,0,273,399
04/22/2006,FMN,NM,ASW,WE,Federal Contract Tower,0,11,8,0,19,0,8,41,2,51,0,19,49,2,70,164,0,164,234
04/23/2006,FMN,NM,ASW,WE,Federal Contract Tower,0,13,7,0,20,0,0,53,0,53,0,13,60,0,73,16,0,16,89
04/24/2006,FMN,NM,ASW,WE,Federal Contract Tower,0,22,20,0,42,0,2,47,0,49,0,24,67,0,91,104,0,104,195
04/25/2006,FMN,NM,ASW,WE,Federal Contract Tower,0,26,7,0,33,0,9,75,0,84,0,35,82,0,117,183,0,183,300
04/26/2006,FMN,NM,ASW,WE,Federal Contract Tower,0,22,7,0,29,0,7,61,0,68,0,29,68,0,97,231,0,231,328
04/27/2006,FMN,NM,ASW,WE,Federal Contract Tower,0,18,10,0,28,0,5,41,0,46,0,23,51,0,74,117,0,117,191
04/28/2006,FMN,NM,ASW,WE,Federal Contract Tower,0,22,13,0,35,0,8,25,0,33,0,30,38,0,68,108,0,108,176
04/29/2006,FMN,NM,ASW,WE,Federal Contract Tower,0,12,6,0,18,0,9,31,2,42,0,21,37,2,60,63,0,63,123
04/30/2006,FMN,NM,ASW,WE,Federal Contract Tower,0,13,12,0,25,0,1,26,0,27,0,14,38,0,52,64,0,64,116
05/01/2006,FMN,NM,ASW,WE,Federal Contract Tower,0,18,12,2,32,0,5,55,9,69,0,23,67,11,101,149,6,155,256
05/02/2006,FMN,NM,ASW,WE,Federal Contract Tower,0,21,4,0,25,0,10,50,0,60,0,31,54,0,85,118,0,118,203
05/03/2006,FMN,NM,ASW,WE,Federal Contract Tower,0,21,9,0,30,0,7,60,0,67,0,28,69,0,97,271,0,271,368
05/04/2006,FMN,NM,ASW,WE,Federal Contract Tower,0,18,9,0,27,0,4,60,0,64,0,22,69,0,91,183,0,183,274
05/05/2006,FMN,NM,ASW,WE,Federal Contract Tower,0,24,13,0,37,0,13,47,0,60,0,37,60,0,97,143,0,143,240
05/06/2006,FMN,NM,ASW,WE,Federal Contract Tower,0,14,3,0,17,0,1,33,0,34,0,15,36,0,51,114,0,114,165
05/07/2006,FMN,NM,ASW,WE,Federal Contract Tower,0,14,12,0,26,0,1,48,0,49,0,15,60,0,75,167,0,167,242
05/08/2006,FMN,NM,ASW,WE,Federal Contract Tower,0,21,19,0,40,0,0,52,0,52,0,21,71,0,92,184,0,184,276
05/09/2006,FMN,NM,ASW,WE,Federal Contract Tower,0,23,18,0,41,0,6,53,0,59,0,29,71,0,100,150,0,150,250
05/10/2006,FMN,NM,ASW,WE,Federal Contract Tower,0,31,15,0,46,0,6,67,0,73,0,37,82,0,119,206,0,206,325
05/11/2006,FMN,NM,ASW,WE,Federal Contract Tower,0,21,17,0,38,0,3,59,0,62,0,24,76,0,100,163,0,163,263
05/12/2006,FMN,NM,ASW,WE,Federal Contract Tower,0,25,11,0,36,0,6,37,2,45,0,31,48,2,81,186,0,186,267
05/13/2006,FMN,NM,ASW,WE,Federal Contract Tower,0,11,8,0,19,0,4,48,0,52,0,15,56,0,71,324,0,324,395
05/14/2006,FMN,NM,ASW,WE,Federal Contract Tower,0,13,4,0,17,0,0,42,0,42,0,13,46,0,59,125,0,125,184
05/15/2006,FMN,NM,ASW,WE,Federal Contract Tower,0,19,15,0,34,0,0,57,0,57,0,19,72,0,91,272,0,272,363
05/16/2006,FMN,NM,ASW,WE,Federal Contract Tower,0,26,12,2,40,0,3,77,0,80,0,29,89,2,120,188,0,188,308
05/17/2006,FMN,NM,ASW,WE,Federal Contract Tower,0,29,8,0,37,0,8,60,0,68,0,37,68,0,105,253,0,253,358
05/18/2006,FMN,NM,ASW,WE,Federal Contract Tower,0,24,12,0,36,0,5,45,0,50,0,29,57,0,86,228,0,228,314
05/19/2006,FMN,NM,ASW,WE,Federal Contract Tower,0,20,22,0,42,0,10,42,0,52,0,30,64,0,94,242,0,242,336
05/20/2006,FMN,NM,ASW,WE,Federal Contract Tower,0,13,6,0,19,0,6,76,0,82,0,19,82,0,101,136,0,136,237
05/21/2006,FMN,NM,ASW,WE,Federal Contract Tower,0,12,9,0,21,0,3,46,0,49,0,15,55,0,70,110,0,110,180
05/22/2006,FMN,NM,ASW,WE,Federal Contract Tower,0,21,16,0,37,0,2,39,0,41,0,23,55,0,78,118,0,118,196
05/23/2006,FMN,NM,ASW,WE,Federal Contract Tower,0,25,11,0,36,0,3,79,0,82,0,28,90,0,118,219,0,219,337
05/24/2006,FMN,NM,ASW,WE,Federal Contract Tower,0,20,16,0,36,0,8,82,0,90,0,28,98,0,126,361,0,361,487
05/25/2006,FMN,NM,ASW,WE,Federal Contract Tower,0,17,22,0,39,0,10,60,0,70,0,27,82,0,109,294,0,294,403
05/26/2006,FMN,NM,ASW,WE,Federal Contract Tower,0,27,8,1,36,0,11,53,8,72,0,38,61,9,108,260,0,260,368
05/27/2006,FMN,NM,ASW,WE,Federal Contract Tower,0,10,6,0,16,0,3,46,0,49,0,13,52,0,65,120,0,120,185
05/28/2006,FMN,NM,ASW,WE,Federal Contract Tower,0,9,9,0,18,0,0,28,0,28,0,9,37,0,46,9,0,9,55
05/29/2006,FMN,NM,ASW,WE,Federal Contract Tower,0,19,10,0,29,0,0,58,0,58,0,19,68,0,87,245,0,245,332
05/30/2006,FMN,NM,ASW,WE,Federal Contract Tower,0,21,11,1,33,0,8,72,3,83,0,29,83,4,116,195,6,201,317
05/31/2006,FMN,NM,ASW,WE,Federal Contract Tower,0,24,10,0,34,0,9,67,0,76,0,33,77,0,110,258,0,258,368
06/01/2006,FMN,NM,ASW,WE,Federal Contract Tower,0,21,16,0,37,0,3,56,0,59,0,24,72,0,96,220,0,220,316
06/02/2006,FMN,NM,ASW,WE,Federal Contract Tower,0,25,27,0,52,0,15,49,9,73,0,40,76,9,125,339,0,339,464
06/03/2006,FMN,NM,ASW,WE,Federal Contract Tower,0,11,10,0,21,0,7,33,0,40,0,18,43,0,61,170,0,170,231
06/04/2006,FMN,NM,ASW,WE,Federal Contract Tower,0,15,12,0,27,0,1,35,0,36,0,16,47,0,63,63,0,63,126
06/05/2006,FMN,NM,ASW,WE,Federal Contract Tower,0,21,15,0,36,0,3,68,0,71,0,24,83,0,107,196,0,196,303
06/06/2006,FMN,NM,ASW,WE,Federal Contract Tower,0,26,7,1,34,0,5,72,6,83,0,31,79,7,117,173,26,199,316
06/07/2006,FMN,NM,ASW,WE,Federal Contract Tower,0,24,13,0,37,0,3,82,0,85,0,27,95,0,122,234,0,234,356
06/08/2006,FMN,NM,ASW,WE,Federal Contract Tower,0,24,16,0,40,0,9,59,2,70,0,33,75,2,110,176,2,178,288
06/09/2006,FMN,NM,ASW,WE,Federal Contract Tower,0,25,18,0,43,0,20,47,2,69,0,45,65,2,112,222,0,222,334
06/10/2006,FMN,NM,ASW,WE,Federal Contract Tower,0,11,4,0,15,0,5,48,0,53,0,16,52,0,68,264,0,264,332
06/11/2006,FMN,NM,ASW,WE,Federal Contract Tower,0,14,6,0,20,0,0,37,2,39,0,14,43,2,59,182,0,182,241
06/12/2006,FMN,NM,ASW,WE,Federal Contract Tower,0,17,6,0,23,0,0,66,2,68,0,17,72,2,91,290,0,290,381
06/13/2006,FMN,NM,ASW,WE,Federal Contract Tower,0,20,14,0,34,0,4,50,0,54,0,24,64,0,88,184,0,184,272
06/14/2006,FMN,NM,ASW,WE,Federal Contract Tower,0,21,19,0,40,0,5,46,0,51,0,26,65,0,91,171,0,171,262
06/15/2006,FMN,NM,ASW,WE,Federal Contract Tower,0,17,14,0,31,0,10,27,0,37,0,27,41,0,68,177,0,177,245
06/16/2006,FMN,NM,ASW,WE,Federal Contract Tower,0,19,14,3,36,0,8,45,0,53,0,27,59,3,89,203,4,207,296
06/17/2006,FMN,NM,ASW,WE,Federal Contract Tower,0,13,7,0,20,0,6,52,0,58,0,19,59,0,78,210,0,210,288
06/18/2006,FMN,NM,ASW,WE,Federal Contract Tower,0,14,13,0,27,0,1,58,0,59,0,15,71,0,86,204,0,204,290
06/19/2006,FMN,NM,ASW,WE,Federal Contract Tower,0,17,15,0,32,0,3,46,0,49,0,20,61,0,81,262,0,262,343
06/20/2006,FMN,NM,ASW,WE,Federal Contract Tower,0,27,10,0,37,0,7,61,0,68,0,34,71,0,105,207,0,207,312
06/21/2006,FMN,NM,ASW,WE,Federal Contract Tower,0,22,21,0,43,0,3,52,0,55,0,25,73,0,98,221,0,221,319
06/22/2006,FMN,NM,ASW,WE,Federal Contract Tower,0,23,21,0,44,0,8,56,0,64,0,31,77,0,108,275,0,275,383
06/23/2006,FMN,NM,ASW,WE,Federal Contract Tower,0,29,16,0,45,0,9,58,0,67,0,38,74,0,112,124,0,124,236
06/24/2006,FMN,NM,ASW,WE,Federal Contract Tower,0,12,9,0,21,0,9,35,0,44,0,21,44,0,65,152,0,152,217
06/25/2006,FMN,NM,ASW,WE,Federal Contract Tower,0,14,6,0,20,0,0,47,0,47,0,14,53,0,67,289,0,289,356
06/26/2006,FMN,NM,ASW,WE,Federal Contract Tower,0,19,19,2,40,0,3,65,4,72,0,22,84,6,112,231,0,231,343
06/27/2006,FMN,NM,ASW,WE,Federal Contract Tower,0,21,11,0,32,0,4,67,4,75,0,25,78,4,107,181,4,185,292
06/28/2006,FMN,NM,ASW,WE,Federal Contract Tower,0,24,16,0,40,0,3,65,4,72,0,27,81,4,112,249,4,253,365
06/29/2006,FMN,NM,ASW,WE,Federal Contract Tower,0,22,20,0,42,0,7,62,1,70,0,29,82,1,112,299,2,301,413
06/30/2006,FMN,NM,ASW,WE,Federal Contract Tower,0,30,22,0,52,0,0,48,2,50,0,30,70,2,102,237,0,237,339
07/01/2006,FMN,NM,ASW,WE,Federal Contract Tower,0,15,9,0,24,0,6,56,0,62,0,21,65,0,86,241,0,241,327
07/02/2006,FMN,NM,ASW,WE,Federal Contract Tower,0,14,4,0,18,0,1,26,0,27,0,15,30,0,45,113,0,113,158
07/03/2006,FMN,NM,ASW,WE,Federal Contract Tower,0,16,12,0,28,0,2,49,0,51,0,18,61,0,79,175,0,175,254
07/04/2006,FMN,NM,ASW,WE,Federal Contract Tower,0,13,8,0,21,0,2,57,0,59,0,15,65,0,80,24,0,24,104
07/05/2006,FMN,NM,ASW,WE,Federal Contract Tower,0,25,13,0,38,0,4,41,0,45,0,29,54,0,83,174,0,174,257
07/06/2006,FMN,NM,ASW,WE,Federal Contract Tower,0,19,13,0,32,0,2,31,0,33,0,21,44,0,65,136,0,136,201
07/07/2006,FMN,NM,ASW,WE,Federal Contract Tower,0,21,11,0,32,0,6,40,0,46,0,27,51,0,78,247,0,247,325
07/08/2006,FMN,NM,ASW,WE,Federal Contract Tower,0,12,7,0,19,0,2,23,0,25,0,14,30,0,44,44,0,44,88
07/09/2006,FMN,NM,ASW,WE,Federal Contract Tower,0,18,7,0,25,0,0,45,0,45,0,18,52,0,70,219,0,219,289
07/10/2006,FMN,NM,ASW,WE,Federal Contract Tower,0,26,16,0,42,0,0,52,0,52,0,26,68,0,94,275,0,275,369
07/11/2006,FMN,NM,ASW,WE,Federal Contract Tower,0,26,9,0,35,0,6,70,0,76,0,32,79,0,111,253,0,253,364
07/12/2006,FMN,NM,ASW,WE,Federal Contract Tower,0,28,18,0,46,0,5,67,1,73,0,33,85,1,119,341,0,341,460
07/13/2006,FMN,NM,ASW,WE,Federal Contract Tower,0,24,10,0,34,0,2,54,1,57,0,26,64,1,91,455,0,455,546
07/14/2006,FMN,NM,ASW,WE,Federal Contract Tower,0,20,16,0,36,0,15,47,0,62,0,35,63,0,98,294,0,294,392
07/15/2006,FMN,NM,ASW,WE,Federal Contract Tower,0,13,8,0,21,0,5,59,0,64,0,18,67,0,85,294,0,294,379
07/16/2006,FMN,NM,ASW,WE,Federal Contract Tower,0,17,8,0,25,0,0,52,6,58,0,17,60,6,83,241,0,241,324
07/17/2006,FMN,NM,ASW,WE,Federal Contract Tower,0,19,18,0,37,0,0,75,2,77,0,19,93,2,114,213,0,213,327
07/18/2006,FMN,NM,ASW,WE,Federal Contract Tower,0,19,9,0,28,0,2,53,0,55,0,21,62,0,83,191,0,191,274
07/19/2006,FMN,NM,ASW,WE,Federal Contract Tower,0,23,15,1,39,0,3,66,1,70,0,26,81,2,109,278,0,278,387
07/20/2006,FMN,NM,ASW,WE,Federal Contract Tower,0,21,14,0,35,0,3,49,0,52,0,24,63,0,87,194,0,194,281
07/21/2006,FMN,NM,ASW,WE,Federal Contract Tower,0,20,17,0,37,0,8,58,0,66,0,28,75,0,103,194,0,194,297
07/22/2006,FMN,NM,ASW,WE,Federal Contract Tower,0,12,1,0,13,0,5,32,0,37,0,17,33,0,50,190,0,190,240
07/23/2006,FMN,NM,ASW,WE,Federal Contract Tower,0,17,7,0,24,0,0,46,0,46,0,17,53,0,70,149,0,149,219
07/24/2006,FMN,NM,ASW,WE,Federal Contract Tower,0,21,20,1,42,0,0,56,0,56,0,21,76,1,98,213,0,213,311
07/25/2006,FMN,NM,ASW,WE,Federal Contract Tower,0,27,18,0,45,0,0,47,0,47,0,27,65,0,92,259,0,259,351
07/26/2006,FMN,NM,ASW,WE,Federal Contract Tower,0,22,8,0,30,0,3,52,0,55,0,25,60,0,85,314,0,314,399
07/27/2006,FMN,NM,ASW,WE,Federal Contract Tower,0,22,14,0,36,0,0,45,2,47,0,22,59,2,83,250,0,250,333
07/28/2006,FMN,NM,ASW,WE,Federal Contract Tower,0,19,17,3,39,0,14,30,1,45,0,33,47,4,84,275,0,275,359
07/29/2006,FMN,NM,ASW,WE,Federal Contract Tower,0,15,5,0,20,0,3,39,0,42,0,18,44,0,62,180,0,180,242
07/30/2006,FMN,NM,ASW,WE,Federal Contract Tower,0,16,10,0,26,0,2,47,0,49,0,18,57,0,75,165,0,165,240
07/31/2006,FMN,NM,ASW,WE,Federal Contract Tower,0,27,18,0,45,0,4,57,0,61,0,31,75,0,106,276,0,276,382
08/01/2006,FMN,NM,ASW,WE,Federal Contract Tower,0,26,17,0,43,0,2,59,0,61,0,28,76,0,104,137,0,137,241
08/02/2006,FMN,NM,ASW,WE,Federal Contract Tower,0,34,14,0,48,0,7,46,0,53,0,41,60,0,101,282,0,282,383
08/03/2006,FMN,NM,ASW,WE,Federal Contract Tower,0,27,23,0,50,0,4,39,0,43,0,31,62,0,93,181,0,181,274
08/04/2006,FMN,NM,ASW,WE,Federal Contract Tower,0,24,20,0,44,0,10,19,2,31,0,34,39,2,75,163,0,163,238
08/05/2006,FMN,NM,ASW,WE,Federal Contract Tower,0,13,10,0,23,0,0,13,0,13,0,13,23,0,36,131,0,131,167
08/06/2006,FMN,NM,ASW,WE,Federal Contract Tower,0,16,10,0,26,0,0,19,0,19,0,16,29,0,45,59,0,59,104
08/07/2006,FMN,NM,ASW,WE,Federal Contract Tower,0,19,17,0,36,0,2,29,0,31,0,21,46,0,67,90,0,90,157
08/08/2006,FMN,NM,ASW,WE,Federal Contract Tower,0,26,4,0,30,0,5,37,0,42,0,31,41,0,72,154,0,154,226
08/09/2006,FMN,NM,ASW,WE,Federal Contract Tower,0,21,23,0,44,0,6,27,0,33,0,27,50,0,77,122,0,122,199
08/10/2006,FMN,NM,ASW,WE,Federal Contract Tower,0,24,12,0,36,0,2,18,0,20,0,26,30,0,56,161,0,161,217
08/11/2006,FMN,NM,ASW,WE,Federal Contract Tower,0,22,13,2,37,0,12,39,0,51,0,34,52,2,88,110,0,110,198
08/12/2006,FMN,NM,ASW,WE,Federal Contract Tower,0,12,4,0,16,0,6,20,0,26,0,18,24,0,42,148,0,148,190
08/13/2006,FMN,NM,ASW,WE,Federal Contract Tower,0,14,1,2,17,0,0,36,0,36,0,14,37,2,53,62,0,62,115
08/14/2006,FMN,NM,ASW,WE,Federal Contract Tower,0,24,13,0,37,0,1,79,0,80,0,25,92,0,117,181,0,181,298
08/15/2006,FMN,NM,ASW,WE,Federal Contract Tower,0,28,14,0,42,0,4,49,0,53,0,32,63,0,95,99,0,99,194
08/16/2006,FMN,NM,ASW,WE,Federal Contract Tower,0,24,19,0,43,0,6,54,0,60,0,30,73,0,103,237,0,237,340
08/17/2006,FMN,NM,ASW,WE,Federal Contract Tower,0,33,7,0,40,0,6,57,0,63,0,39,64,0,103,276,0,276,379
08/18/2006,FMN,NM,ASW,WE,Federal Contract Tower,0,26,10,0,36,0,3,57,2,62,0,29,67,2,98,86,0,86,184
08/19/2006,FMN,NM,ASW,WE,Federal Contract Tower,0,11,4,0,15,0,6,32,0,38,0,17,36,0,53,78,0,78,131
08/20/2006,FMN,NM,ASW,WE,Federal Contract Tower,0,13,11,0,24,0,1,37,0,38,0,14,48,0,62,70,0,70,132
08/21/2006,FMN,NM,ASW,WE,Federal Contract Tower,0,16,24,0,40,0,0,38,0,38,0,16,62,0,78,87,0,87,165
08/22/2006,FMN,NM,ASW,WE,Federal Contract Tower,0,25,16,0,41,0,1,53,0,54,0,26,69,0,95,88,0,88,183
08/23/2006,FMN,NM,ASW,WE,Federal Contract Tower,0,31,11,2,44,0,3,52,0,55,0,34,63,2,99,246,0,246,345
08/24/2006,FMN,NM,ASW,WE,Federal Contract Tower,0,27,19,0,46,0,8,27,1,36,0,35,46,1,82,190,0,190,272
08/25/2006,FMN,NM,ASW,WE,Federal Contract Tower,0,21,20,0,41,0,4,34,2,40,0,25,54,2,81,151,0,151,232
08/26/2006,FMN,NM,ASW,WE,Federal Contract Tower,0,14,9,0,23,0,7,25,0,32,0,21,34,0,55,58,0,58,113
08/27/2006,FMN,NM,ASW,WE,Federal Contract Tower,0,17,16,0,33,0,0,31,0,31,0,17,47,0,64,80,0,80,144
08/28/2006,FMN,NM,ASW,WE,Federal Contract Tower,0,18,11,0,29,0,0,69,0,69,0,18,80,0,98,76,0,76,174
08/29/2006,FMN,NM,ASW,WE,Federal Contract Tower,0,25,17,0,42,0,14,45,0,59,0,39,62,0,101,107,0,107,208
08/30/2006,FMN,NM,ASW,WE,Federal Contract Tower,0,20,13,0,33,0,12,41,6,59,0,32,54,6,92,244,0,244,336
08/31/2006,FMN,NM,ASW,WE,Federal Contract Tower,0,25,12,0,37,0,9,66,0,75,0,34,78,0,112,216,0,216,328
09/01/2006,FMN,NM,ASW,WE,Federal Contract Tower,0,26,16,1,43,0,3,55,0,58,0,29,71,1,101,218,0,218,319
09/02/2006,FMN,NM,ASW,WE,Federal Contract Tower,0,13,0,0,13,16,22,0,0,38,16,35,0,0,51,93,0,93,144
09/03/2006,FMN,NM,ASW,WE,Federal Contract Tower,0,15,12,1,28,0,1,41,0,42,0,16,53,1,70,200,0,200,270
09/04/2006,FMN,NM,ASW,WE,Federal Contract Tower,0,21,10,0,31,0,1,72,0,73,0,22,82,0,104,253,0,253,357
09/05/2006,FMN,NM,ASW,WE,Federal Contract Tower,0,25,13,0,38,0,6,33,0,39,0,31,46,0,77,103,0,103,180
09/06/2006,FMN,NM,ASW,WE,Federal Contract Tower,0,29,8,0,37,0,3,38,0,41,0,32,46,0,78,156,0,156,234
09/07/2006,FMN,NM,ASW,WE,Federal Contract Tower,0,23,17,2,42,0,5,23,1,29,0,28,40,3,71,129,4,133,204
09/08/2006,FMN,NM,ASW,WE,Federal Contract Tower,0,26,12,4,42,0,13,15,0,28,0,39,27,4,70,92,0,92,162
09/09/2006,FMN,NM,ASW,WE,Federal Contract Tower,0,16,5,0,21,0,6,66,6,78,0,22,71,6,99,195,0,195,294
09/10/2006,FMN,NM,ASW,WE,Federal Contract Tower,0,12,12,0,24,0,0,82,0,82,0,12,94,0,106,216,0,216,322
09/11/2006,FMN,NM,ASW,WE,Federal Contract Tower,0,24,11,0,35,0,0,55,0,55,0,24,66,0,90,126,0,126,216
09/12/2006,FMN,NM,ASW,WE,Federal Contract Tower,0,23,7,0,30,0,7,45,0,52,0,30,52,0,82,205,0,205,287
09/13/2006,FMN,NM,ASW,WE,Federal Contract Tower,0,26,8,1,35,0,8,39,0,47,0,34,47,1,82,250,0,250,332
09/14/2006,FMN,NM,ASW,WE,Federal Contract Tower,0,27,21,0,48,0,1,23,0,24,0,28,44,0,72,192,0,192,264
09/15/2006,FMN,NM,ASW,WE,Federal Contract Tower,0,27,11,0,38,0,13,51,0,64,0,40,62,0,102,121,0,121,223
09/16/2006,FMN,NM,ASW,WE,Federal Contract Tower,0,14,11,1,26,0,5,24,0,29,0,19,35,1,55,160,4,164,219
09/17/2006,FMN,NM,ASW,WE,Federal Contract Tower,0,16,23,0,39,0,2,50,0,52,0,18,73,0,91,208,0,208,299
09/18/2006,FMN,NM,ASW,WE,Federal Contract Tower,0,21,13,0,34,0,1,64,0,65,0,22,77,0,99,206,0,206,305
09/19/2006,FMN,NM,ASW,WE,Federal Contract Tower,0,25,15,0,40,0,11,52,0,63,0,36,67,0,103,235,0,235,338
09/20/2006,FMN,NM,ASW,WE,Federal Contract Tower,0,30,10,0,40,0,3,35,0,38,0,33,45,0,78,225,0,225,303
09/21/2006,FMN,NM,ASW,WE,Federal Contract Tower,0,23,20,0,43,0,3,53,0,56,0,26,73,0,99,332,0,332,431
09/22/2006,FMN,NM,ASW,WE,Federal Contract Tower,0,26,19,0,45,0,8,54,0,62,0,34,73,0,107,232,0,232,339
09/23/2006,FMN,NM,ASW,WE,Federal Contract Tower,0,12,10,0,22,0,1,141,2,144,0,13,151,2,166,380,0,380,546
09/24/2006,FMN,NM,ASW,WE,Federal Contract Tower,0,16,11,0,27,0,0,95,0,95,0,16,106,0,122,311,0,311,433
09/25/2006,FMN,NM,ASW,WE,Federal Contract Tower,0,17,11,0,28,0,3,59,0,62,0,20,70,0,90,390,0,390,480
09/26/2006,FMN,NM,ASW,WE,Federal Contract Tower,0,24,12,0,36,0,5,90,0,95,0,29,102,0,131,358,0,358,489
09/27/2006,FMN,NM,ASW,WE,Federal Contract Tower,0,27,18,0,45,0,4,67,0,71,0,31,85,0,116,0,380,380,496
09/28/2006,FMN,NM,ASW,WE,Federal Contract Tower,0,19,18,0,37,0,7,62,0,69,0,26,80,0,106,354,0,354,460
09/29/2006,FMN,NM,ASW,WE,Federal Contract Tower,0,22,8,0,30,0,18,67,0,85,0,40,75,0,115,464,0,464,579
09/30/2006,FMN,NM,ASW,WE,Federal Contract Tower,0,13,12,0,25,0,4,51,0,55,0,17,63,0,80,369,2,371,451
10/01/2006,FMN,NM,ASW,WE,Federal Contract Tower,0,15,6,0,21,0,1,63,2,66,0,16,69,2,87,381,0,381,468
10/02/2006,FMN,NM,ASW,WE,Federal Contract Tower,0,18,7,0,25,0,0,58,0,58,0,18,65,0,83,399,0,399,482
10/03/2006,FMN,NM,ASW,WE,Federal Contract Tower,0,26,8,0,34,0,9,64,0,73,0,35,72,0,107,245,0,245,352
10/04/2006,FMN,NM,ASW,WE,Federal Contract Tower,0,27,13,0,40,0,6,62,0,68,0,33,75,0,108,215,0,215,323
10/05/2006,FMN,NM,ASW,WE,Federal Contract Tower,0,22,21,0,43,0,5,37,0,42,0,27,58,0,85,191,0,191,276
10/06/2006,FMN,NM,ASW,WE,Federal Contract Tower,0,18,16,0,34,0,6,19,0,25,0,24,35,0,59,120,0,120,179
10/07/2006,FMN,NM,ASW,WE,Federal Contract Tower,0,9,11,0,20,0,5,26,0,31,0,14,37,0,51,277,0,277,328
10/08/2006,FMN,NM,ASW,WE,Federal Contract Tower,0,16,6,0,22,0,0,41,0,41,0,16,47,0,63,326,0,326,389
10/09/2006,FMN,NM,ASW,WE,Federal Contract Tower,0,25,19,0,44,0,1,38,0,39,0,26,57,0,83,70,0,70,153
10/10/2006,FMN,NM,ASW,WE,Federal Contract Tower,0,24,10,0,34,0,10,58,0,68,0,34,68,0,102,434,0,434,536
10/11/2006,FMN,NM,ASW,WE,Federal Contract Tower,0,26,17,0,43,0,4,40,0,44,0,30,57,0,87,377,0,377,464
10/12/2006,FMN,NM,ASW,WE,Federal Contract Tower,0,23,22,0,45,0,7,58,4,69,0,30,80,4,114,401,0,401,515
10/13/2006,FMN,NM,ASW,WE,Federal Contract Tower,0,19,5,0,24,0,8,58,0,66,0,27,63,0,90,374,0,374,464
10/14/2006,FMN,NM,ASW,WE,Federal Contract Tower,0,14,3,0,17,0,6,35,0,41,0,20,38,0,58,208,0,208,266
10/15/2006,FMN,NM,ASW,WE,Federal Contract Tower,0,16,12,0,28,0,0,43,3,46,0,16,55,3,74,196,0,196,270
10/16/2006,FMN,NM,ASW,WE,Federal Contract Tower,0,18,11,0,29,0,1,68,0,69,0,19,79,0,98,372,0,372,470
10/17/2006,FMN,NM,ASW,WE,Federal Contract Tower,0,20,5,0,25,0,12,45,0,57,0,32,50,0,82,147,0,147,229
10/18/2006,FMN,NM,ASW,WE,Federal Contract Tower,0,21,12,0,33,0,7,47,0,54,0,28,59,0,87,226,0,226,313
10/19/2006,FMN,NM,ASW,WE,Federal Contract Tower,0,23,12,0,35,0,10,52,0,62,0,33,64,0,97,362,0,362,459
10/20/2006,FMN,NM,ASW,WE,Federal Contract Tower,0,16,18,1,35,0,4,43,3,50,0,20,61,4,85,283,6,289,374
10/21/2006,FMN,NM,ASW,WE,Federal Contract Tower,0,15,3,0,18,9,5,40,0,54,9,20,43,0,72,289,0,289,361
10/22/2006,FMN,NM,ASW,WE,Federal Contract Tower,0,16,9,0,25,0,0,35,0,35,0,16,44,0,60,289,0,289,349
10/23/2006,FMN,NM,ASW,WE,Federal Contract Tower,0,19,15,0,34,0,1,53,0,54,0,20,68,0,88,366,0,366,454
10/24/2006,FMN,NM,ASW,WE,Federal Contract Tower,0,22,14,0,36,0,2,55,0,57,0,24,69,0,93,318,0,318,411
10/25/2006,FMN,NM,ASW,WE,Federal Contract Tower,0,32,17,0,49,0,4,22,0,26,0,36,39,0,75,244,0,244,319
10/26/2006,FMN,NM,ASW,WE,Federal Contract Tower,0,20,16,0,36,0,4,32,0,36,0,24,48,0,72,233,0,233,305
10/27/2006,FMN,NM,ASW,WE,Federal Contract Tower,0,23,14,0,37,0,6,58,0,64,0,29,72,0,101,283,0,283,384
10/28/2006,FMN,NM,ASW,WE,Federal Contract Tower,0,13,10,0,23,0,3,51,0,54,0,16,61,0,77,219,0,219,296
10/29/2006,FMN,NM,ASW,WE,Federal Contract Tower,0,16,3,0,19,0,0,54,0,54,0,16,57,0,73,282,0,282,355
10/30/2006,FMN,NM,ASW,WE,Federal Contract Tower,0,23,12,0,35,0,3,70,0,73,0,26,82,0,108,366,0,366,474
10/31/2006,FMN,NM,ASW,WE,Federal Contract Tower,0,22,7,0,29,0,5,42,0,47,0,27,49,0,76,402,0,402,478
11/01/2006,FMN,NM,ASW,WE,Federal Contract Tower,0,30,14,0,44,0,3,73,0,76,0,33,87,0,120,379,0,379,499
11/02/2006,FMN,NM,ASW,WE,Federal Contract Tower,0,24,13,2,39,0,3,59,0,62,0,27,72,2,101,480,0,480,581
11/03/2006,FMN,NM,ASW,WE,Federal Contract Tower,0,22,17,1,40,0,7,71,1,79,0,29,88,2,119,257,4,261,380
11/04/2006,FMN,NM,ASW,WE,Federal Contract Tower,0,10,4,0,14,0,6,25,0,31,0,16,29,0,45,196,0,196,241
11/05/2006,FMN,NM,ASW,WE,Federal Contract Tower,0,15,8,0,23,0,1,48,0,49,0,16,56,0,72,241,0,241,313
11/06/2006,FMN,NM,ASW,WE,Federal Contract Tower,0,23,13,0,36,0,4,58,0,62,0,27,71,0,98,390,0,390,488
11/07/2006,FMN,NM,ASW,WE,Federal Contract Tower,0,24,13,0,37,0,3,51,0,54,0,27,64,0,91,351,0,351,442
11/08/2006,FMN,NM,ASW,WE,Federal Contract Tower,0,27,16,0,43,0,9,58,0,67,0,36,74,0,110,326,0,326,436
11/09/2006,FMN,NM,ASW,WE,Federal Contract Tower,0,22,5,0,27,0,4,63,0,67,0,26,68,0,94,272,0,272,366
11/10/2006,FMN,NM,ASW,WE,Federal Contract Tower,0,24,15,0,39,0,2,66,0,68,0,26,81,0,107,297,0,297,404
11/11/2006,FMN,NM,ASW,WE,Federal Contract Tower,0,12,13,0,25,0,1,35,0,36,0,13,48,0,61,271,0,271,332
11/12/2006,FMN,NM,ASW,WE,Federal Contract Tower,0,10,8,0,18,0,0,19,0,19,0,10,27,0,37,31,0,31,68
11/13/2006,FMN,NM,ASW,WE,Federal Contract Tower,0,16,15,0,31,0,5,53,0,58,0,21,68,0,89,164,0,164,253
11/14/2006,FMN,NM,ASW,WE,Federal Contract Tower,0,23,8,0,31,0,1,24,0,25,0,24,32,0,56,42,0,42,98
11/15/2006,FMN,NM,ASW,WE,Federal Contract Tower,0,24,11,2,37,0,4,74,0,78,0,28,85,2,115,397,0,397,512
11/16/2006,FMN,NM,ASW,WE,Federal Contract Tower,0,20,14,0,34,0,1,41,0,42,0,21,55,0,76,241,0,241,317
11/17/2006,FMN,NM,ASW,WE,Federal Contract Tower,0,23,12,0,35,0,9,61,0,70,0,32,73,0,105,346,0,346,451
11/18/2006,FMN,NM,ASW,WE,Federal Contract Tower,0,14,2,0,16,0,4,49,0,53,0,18,51,0,69,168,0,168,237
11/19/2006,FMN,NM,ASW,WE,Federal Contract Tower,0,11,11,0,22,0,0,43,0,43,0,11,54,0,65,209,0,209,274
11/20/2006,FMN,NM,ASW,WE,Federal Contract Tower,0,24,15,0,39,0,0,73,0,73,0,24,88,0,112,361,0,361,473
11/21/2006,FMN,NM,ASW,WE,Federal Contract Tower,0,23,13,4,40,0,7,91,5,103,0,30,104,9,143,265,0,265,408
11/22/2006,FMN,NM,ASW,WE,Federal Contract Tower,0,24,15,0,39,0,6,63,0,69,0,30,78,0,108,305,0,305,413
11/23/2006,FMN,NM,ASW,WE,Federal Contract Tower,0,12,3,0,15,0,0,29,0,29,0,12,32,0,44,40,0,40,84
11/24/2006,FMN,NM,ASW,WE,Federal Contract Tower,0,17,6,0,23,0,2,28,0,30,0,19,34,0,53,218,0,218,271
11/25/2006,FMN,NM,ASW,WE,Federal Contract Tower,0,13,6,0,19,0,2,44,0,46,0,15,50,0,65,259,0,259,324
11/26/2006,FMN,NM,ASW,WE,Federal Contract Tower,0,12,13,0,25,0,0,33,0,33,0,12,46,0,58,103,0,103,161
11/27/2006,FMN,NM,ASW,WE,Federal Contract Tower,0,16,18,0,34,0,4,53,0,57,0,20,71,0,91,194,0,194,285
11/28/2006,FMN,NM,ASW,WE,Federal Contract Tower,0,29,16,0,45,0,0,30,0,30,0,29,46,0,75,161,0,161,236
11/29/2006,FMN,NM,ASW,WE,Federal Contract Tower,0,30,17,0,47,0,2,36,0,38,0,32,53,0,85,257,0,257,342
11/30/2006,FMN,NM,ASW,WE,Federal Contract Tower,0,24,5,0,29,0,7,75,0,82,0,31,80,0,111,377,0,377,488
12/01/2006,FMN,NM,ASW,WE,Federal Contract Tower,0,23,15,0,38,0,3,39,0,42,0,26,54,0,80,314,0,314,394
12/02/2006,FMN,NM,ASW,WE,Federal Contract Tower,0,9,5,0,14,0,3,33,0,36,0,12,38,0,50,201,0,201,251
12/03/2006,FMN,NM,ASW,WE,Federal Contract Tower,0,11,10,0,21,0,1,43,0,44,0,12,53,0,65,243,0,243,308
12/04/2006,FMN,NM,ASW,WE,Federal Contract Tower,0,18,16,0,34,0,1,69,0,70,0,19,85,0,104,203,0,203,307
12/05/2006,FMN,NM,ASW,WE,Federal Contract Tower,0,21,4,0,25,0,4,41,0,45,0,25,45,0,70,291,0,291,361
12/06/2006,FMN,NM,ASW,WE,Federal Contract Tower,0,28,13,0,41,0,5,49,0,54,0,33,62,0,95,323,0,323,418
12/07/2006,FMN,NM,ASW,WE,Federal Contract Tower,0,17,14,0,31,0,3,45,0,48,0,20,59,0,79,209,0,209,288
12/08/2006,FMN,NM,ASW,WE,Federal Contract Tower,0,21,8,0,29,0,9,31,1,41,0,30,39,1,70,268,0,268,338
12/09/2006,FMN,NM,ASW,WE,Federal Contract Tower,0,11,4,2,17,0,10,62,0,72,0,21,66,2,89,112,2,114,203
12/10/2006,FMN,NM,ASW,WE,Federal Contract Tower,0,10,9,1,20,0,0,43,0,43,0,10,52,1,63,190,0,190,253
12/11/2006,FMN,NM,ASW,WE,Federal Contract Tower,0,18,11,0,29,0,3,28,0,31,0,21,39,0,60,182,0,182,242
12/12/2006,FMN,NM,ASW,WE,Federal Contract Tower,0,24,22,0,46,0,4,25,0,29,0,28,47,0,75,251,0,251,326
12/13/2006,FMN,NM,ASW,WE,Federal Contract Tower,0,18,8,0,26,0,3,65,2,70,0,21,73,2,96,357,0,357,453
12/14/2006,FMN,NM,ASW,WE,Federal Contract Tower,0,15,20,0,35,0,3,52,1,56,0,18,72,1,91,368,0,368,459
12/15/2006,FMN,NM,ASW,WE,Federal Contract Tower,0,20,9,0,29,0,13,38,0,51,0,33,47,0,80,166,0,166,246
12/16/2006,FMN,NM,ASW,WE,Federal Contract Tower,0,10,6,0,16,0,4,26,0,30,0,14,32,0,46,92,0,92,138
12/17/2006,FMN,NM,ASW,WE,Federal Contract Tower,0,10,10,0,20,0,0,14,0,14,0,10,24,0,34,10,0,10,44
12/18/2006,FMN,NM,ASW,WE,Federal Contract Tower,0,20,26,0,46,0,3,37,0,40,0,23,63,0,86,82,0,82,168
12/19/2006,FMN,NM,ASW,WE,Federal Contract Tower,0,26,11,0,37,0,1,1,0,2,0,27,12,0,39,0,0,0,39
12/20/2006,FMN,NM,ASW,WE,Federal Contract Tower,0,17,18,0,35,0,0,14,0,14,0,17,32,0,49,0,0,0,49
12/21/2006,FMN,NM,ASW,WE,Federal Contract Tower,0,13,14,0,27,0,3,38,0,41,0,16,52,0,68,68,0,68,136
12/22/2006,FMN,NM,ASW,WE,Federal Contract Tower,0,23,16,0,39,0,4,37,0,41,0,27,53,0,80,61,0,61,141
12/23/2006,FMN,NM,ASW,WE,Federal Contract Tower,0,14,11,0,25,0,0,43,0,43,0,14,54,0,68,4,0,4,72
12/24/2006,FMN,NM,ASW,WE,Federal Contract Tower,0,9,3,0,12,0,0,36,0,36,0,9,39,0,48,10,0,10,58
12/25/2006,FMN,NM,ASW,WE,Federal Contract Tower,0,15,2,0,17,0,1,17,0,18,0,16,19,0,35,18,0,18,53
12/26/2006,FMN,NM,ASW,WE,Federal Contract Tower,0,17,8,0,25,0,3,60,2,65,0,20,68,2,90,86,0,86,176
12/27/2006,FMN,NM,ASW,WE,Federal Contract Tower,0,25,10,0,35,0,6,56,0,62,0,31,66,0,97,34,0,34,131
12/28/2006,FMN,NM,ASW,WE,Federal Contract Tower,0,18,10,0,28,0,2,27,0,29,0,20,37,0,57,8,0,8,65
12/29/2006,FMN,NM,ASW,WE,Federal Contract Tower,0,18,12,2,32,0,0,4,0,4,0,18,16,2,36,0,0,0,36
12/30/2006,FMN,NM,ASW,WE,Federal Contract Tower,0,7,13,0,20,0,2,23,0,25,0,9,36,0,45,11,0,11,56
12/31/2006,FMN,NM,ASW,WE,Federal Contract Tower,1,13,8,0,22,0,0,12,0,12,1,13,20,0,34,18,0,18,52
01/01/2007,FMN,NM,ASW,WE,Federal Contract Tower,1,12,7,0,20,0,2,12,0,14,1,14,19,0,34,20,0,20,54
01/02/2007,FMN,NM,ASW,WE,Federal Contract Tower,0,20,8,0,28,0,6,37,0,43,0,26,45,0,71,38,0,38,109
01/03/2007,FMN,NM,ASW,WE,Federal Contract Tower,0,22,17,0,39,0,2,55,0,57,0,24,72,0,96,174,0,174,270
01/04/2007,FMN,NM,ASW,WE,Federal Contract Tower,0,19,20,0,39,0,5,38,0,43,0,24,58,0,82,59,0,59,141
01/05/2007,FMN,NM,ASW,WE,Federal Contract Tower,0,27,15,0,42,0,0,3,0,3,0,27,18,0,45,8,0,8,53
01/06/2007,FMN,NM,ASW,WE,Federal Contract Tower,0,11,8,0,19,0,1,30,0,31,0,12,38,0,50,68,0,68,118
01/07/2007,FMN,NM,ASW,WE,Federal Contract Tower,0,16,8,0,24,0,0,44,0,44,0,16,52,0,68,29,0,29,97
01/08/2007,FMN,NM,ASW,WE,Federal Contract Tower,0,21,11,0,32,0,4,49,0,53,0,25,60,0,85,118,0,118,203
01/09/2007,FMN,NM,ASW,WE,Federal Contract Tower,0,16,8,0,24,0,3,48,0,51,0,19,56,0,75,145,0,145,220
01/10/2007,FMN,NM,ASW,WE,Federal Contract Tower,0,19,13,0,32,0,2,69,0,71,0,21,82,0,103,223,0,223,326
01/11/2007,FMN,NM,ASW,WE,Federal Contract Tower,0,17,14,0,31,0,1,36,0,37,0,18,50,0,68,155,0,155,223
01/12/2007,FMN,NM,ASW,WE,Federal Contract Tower,0,16,26,0,42,0,8,12,0,20,0,24,38,0,62,22,0,22,84
01/13/2007,FMN,NM,ASW,WE,Federal Contract Tower,0,13,7,0,20,0,0,16,0,16,0,13,23,0,36,4,0,4,40
01/14/2007,FMN,NM,ASW,WE,Federal Contract Tower,0,10,13,0,23,0,1,36,0,37,0,11,49,0,60,107,0,107,167
01/15/2007,FMN,NM,ASW,WE,Federal Contract Tower,0,15,20,2,37,0,0,58,0,58,0,15,78,2,95,143,0,143,238
01/16/2007,FMN,NM,ASW,WE,Federal Contract Tower,0,20,7,2,29,0,9,44,2,55,0,29,51,4,84,110,22,132,216
01/17/2007,FMN,NM,ASW,WE,Federal Contract Tower,0,19,13,0,32,0,1,99,0,100,0,20,112,0,132,298,0,298,430
01/18/2007,FMN,NM,ASW,WE,Federal Contract Tower,0,20,15,2,37,0,2,45,0,47,0,22,60,2,84,198,28,226,310
01/19/2007,FMN,NM,ASW,WE,Federal Contract Tower,0,13,8,0,21,0,3,93,0,96,0,16,101,0,117,353,0,353,470
01/20/2007,FMN,NM,ASW,WE,Federal Contract Tower,0,15,4,0,19,0,0,2,0,2,0,15,6,0,21,0,0,0,21
01/21/2007,FMN,NM,ASW,WE,Federal Contract Tower,0,8,10,0,18,0,0,70,2,72,0,8,80,2,90,59,0,59,149
01/22/2007,FMN,NM,ASW,WE,Federal Contract Tower,0,18,17,1,36,0,1,75,11,87,0,19,92,12,123,160,2,162,285
01/23/2007,FMN,NM,ASW,WE,Federal Contract Tower,0,22,14,0,36,0,14,62,0,76,0,36,76,0,112,330,0,330,442
01/24/2007,FMN,NM,ASW,WE,Federal Contract Tower,0,21,26,2,49,0,6,85,0,91,0,27,111,2,140,307,0,307,447
01/25/2007,FMN,NM,ASW,WE,Federal Contract Tower,0,19,15,0,34,0,0,46,0,46,0,19,61,0,80,145,0,145,225
01/26/2007,FMN,NM,ASW,WE,Federal Contract Tower,0,17,15,0,32,0,4,47,1,52,0,21,62,1,84,164,0,164,248
01/27/2007,FMN,NM,ASW,WE,Federal Contract Tower,0,12,9,0,21,0,1,45,0,46,0,13,54,0,67,217,0,217,284
01/28/2007,FMN,NM,ASW,WE,Federal Contract Tower,0,10,11,0,21,0,0,48,0,48,0,10,59,0,69,227,0,227,296
01/29/2007,FMN,NM,ASW,WE,Federal Contract Tower,0,12,20,0,32,0,2,52,0,54,0,14,72,0,86,324,0,324,410
01/30/2007,FMN,NM,ASW,WE,Federal Contract Tower,0,22,13,0,35,0,2,40,0,42,0,24,53,0,77,285,0,285,362
01/31/2007,FMN,NM,ASW,WE,Federal Contract Tower,0,22,14,0,36,0,2,12,0,14,0,24,26,0,50,0,0,0,50
02/01/2007,FMN,NM,ASW,WE,Federal Contract Tower,0,27,27,0,54,0,1,20,0,21,0,28,47,0,75,112,0,112,187
02/02/2007,FMN,NM,ASW,WE,Federal Contract Tower,0,23,11,0,34,0,10,38,0,48,0,33,49,0,82,198,0,198,280
02/03/2007,FMN,NM,ASW,WE,Federal Contract Tower,0,12,10,0,22,0,4,38,0,42,0,16,48,0,64,277,0,277,341
02/04/2007,FMN,NM,ASW,WE,Federal Contract Tower,0,16,7,0,23,0,0,53,2,55,0,16,60,2,78,235,0,235,313
02/05/2007,FMN,NM,ASW,WE,Federal Contract Tower,0,20,8,4,32,0,5,52,2,59,0,25,60,6,91,297,2,299,390
02/06/2007,FMN,NM,ASW,WE,Federal Contract Tower,0,21,10,0,31,0,11,53,0,64,0,32,63,0,95,275,0,275,370
02/07/2007,FMN,NM,ASW,WE,Federal Contract Tower,0,18,14,0,32,0,15,48,3,66,0,33,62,3,98,298,0,298,396
02/08/2007,FMN,NM,ASW,WE,Federal Contract Tower,0,17,14,0,31,0,1,55,0,56,0,18,69,0,87,188,0,188,275
02/09/2007,FMN,NM,ASW,WE,Federal Contract Tower,0,23,7,3,33,0,9,34,2,45,0,32,41,5,78,205,0,205,283
02/10/2007,FMN,NM,ASW,WE,Federal Contract Tower,0,11,5,0,16,0,5,42,0,47,0,16,47,0,63,269,0,269,332
02/11/2007,FMN,NM,ASW,WE,Federal Contract Tower,0,14,8,0,22,0,0,16,0,16,0,14,24,0,38,134,0,134,172
02/12/2007,FMN,NM,ASW,WE,Federal Contract Tower,0,19,11,0,30,0,1,42,0,43,0,20,53,0,73,242,0,242,315
02/13/2007,FMN,NM,ASW,WE,Federal Contract Tower,0,27,10,0,37,0,0,56,0,56,0,27,66,0,93,243,0,243,336
02/14/2007,FMN,NM,ASW,WE,Federal Contract Tower,0,30,11,0,41,0,5,21,0,26,0,35,32,0,67,194,0,194,261
02/15/2007,FMN,NM,ASW,WE,Federal Contract Tower,0,21,3,0,24,0,8,50,0,58,0,29,53,0,82,149,0,149,231
02/16/2007,FMN,NM,ASW,WE,Federal Contract Tower,0,15,11,0,26,0,9,47,0,56,0,24,58,0,82,198,0,198,280
02/17/2007,FMN,NM,ASW,WE,Federal Contract Tower,0,12,6,0,18,0,6,63,0,69,0,18,69,0,87,203,0,203,290
02/18/2007,FMN,NM,ASW,WE,Federal Contract Tower,0,19,9,0,28,0,0,41,0,41,0,19,50,0,69,326,0,326,395
02/19/2007,FMN,NM,ASW,WE,Federal Contract Tower,0,21,13,0,34,0,1,39,0,40,0,22,52,0,74,193,0,193,267
02/20/2007,FMN,NM,ASW,WE,Federal Contract Tower,0,22,16,0,38,0,1,51,0,52,0,23,67,0,90,281,0,281,371
02/21/2007,FMN,NM,ASW,WE,Federal Contract Tower,0,19,8,0,27,0,10,80,0,90,0,29,88,0,117,308,0,308,425
02/22/2007,FMN,NM,ASW,WE,Federal Contract Tower,0,18,23,0,41,0,9,76,0,85,0,27,99,0,126,278,0,278,404
02/23/2007,FMN,NM,ASW,WE,Federal Contract Tower,0,18,19,0,37,0,8,30,0,38,0,26,49,0,75,95,0,95,170
02/24/2007,FMN,NM,ASW,WE,Federal Contract Tower,0,6,15,0,21,0,3,23,0,26,0,9,38,0,47,22,0,22,69
02/25/2007,FMN,NM,ASW,WE,Federal Contract Tower,0,14,6,0,20,0,0,38,0,38,0,14,44,0,58,356,0,356,414
02/26/2007,FMN,NM,ASW,WE,Federal Contract Tower,0,15,9,0,24,0,16,97,0,113,0,31,106,0,137,189,0,189,326
02/27/2007,FMN,NM,ASW,WE,Federal Contract Tower,0,22,14,0,36,0,16,26,0,42,0,38,40,0,78,158,0,158,236
02/28/2007,FMN,NM,ASW,WE,Federal Contract Tower,0,26,9,0,35,0,8,9,0,17,0,34,18,0,52,199,0,199,251
03/01/2007,FMN,NM,ASW,WE,Federal Contract Tower,0,34,8,1,43,0,5,34,0,39,0,39,42,1,82,141,0,141,223
03/02/2007,FMN,NM,ASW,WE,Federal Contract Tower,0,35,15,0,50,0,6,49,0,55,0,41,64,0,105,98,0,98,203
03/03/2007,FMN,NM,ASW,WE,Federal Contract Tower,0,10,7,0,17,0,7,20,0,27,0,17,27,0,44,103,0,103,147
03/04/2007,FMN,NM,ASW,WE,Federal Contract Tower,0,13,8,0,21,0,4,47,0,51,0,17,55,0,72,216,0,216,288
03/05/2007,FMN,NM,ASW,WE,Federal Contract Tower,0,20,11,0,31,0,6,33,0,39,0,26,44,0,70,276,0,276,346
03/06/2007,FMN,NM,ASW,WE,Federal Contract Tower,0,19,5,0,24,0,21,38,0,59,0,40,43,0,83,243,0,243,326
03/07/2007,FMN,NM,ASW,WE,Federal Contract Tower,0,30,14,2,46,0,16,48,0,64,0,46,62,2,110,290,0,290,400
03/08/2007,FMN,NM,ASW,WE,Federal Contract Tower,0,27,10,0,37,0,1,22,0,23,0,28,32,0,60,160,0,160,220
03/09/2007,FMN,NM,ASW,WE,Federal Contract Tower,0,26,13,0,39,0,9,53,8,70,0,35,66,8,109,298,0,298,407
03/10/2007,FMN,NM,ASW,WE,Federal Contract Tower,0,8,13,0,21,0,3,15,0,18,0,11,28,0,39,204,0,204,243
03/11/2007,FMN,NM,ASW,WE,Federal Contract Tower,0,16,6,0,22,0,0,29,0,29,0,16,35,0,51,237,0,237,288
03/12/2007,FMN,NM,ASW,WE,Federal Contract Tower,0,21,13,0,34,0,5,36,0,41,0,26,49,0,75,265,0,265,340
03/13/2007,FMN,NM,ASW,WE,Federal Contract Tower,0,23,16,6,45,0,8,51,4,63,0,31,67,10,108,155,8,163,271
03/14/2007,FMN,NM,ASW,WE,Federal Contract Tower,0,27,19,0,46,0,8,37,0,45,0,35,56,0,91,204,0,204,295
03/15/2007,FMN,NM,ASW,WE,Federal Contract Tower,0,41,22,0,63,0,10,32,0,42,0,51,54,0,105,259,0,259,364
03/16/2007,FMN,NM,ASW,WE,Federal Contract Tower,0,26,9,0,35,0,12,68,0,80,0,38,77,0,115,276,0,276,391
03/17/2007,FMN,NM,ASW,WE,Federal Contract Tower,0,13,4,0,17,0,9,34,10,53,0,22,38,10,70,188,0,188,258
03/18/2007,FMN,NM,ASW,WE,Federal Contract Tower,0,13,5,0,18,0,0,43,0,43,0,13,48,0,61,160,0,160,221
03/19/2007,FMN,NM,ASW,WE,Federal Contract Tower,0,23,8,0,31,0,9,24,0,33,0,32,32,0,64,183,0,183,247
03/20/2007,FMN,NM,ASW,WE,Federal Contract Tower,0,22,10,0,32,0,12,42,0,54,0,34,52,0,86,245,0,245,331
03/21/2007,FMN,NM,ASW,WE,Federal Contract Tower,0,30,9,0,39,0,22,16,0,38,0,52,25,0,77,191,0,191,268
03/22/2007,FMN,NM,ASW,WE,Federal Contract Tower,0,29,10,2,41,0,3,13,0,16,0,32,23,2,57,181,2,183,240
03/23/2007,FMN,NM,ASW,WE,Federal Contract Tower,0,23,16,0,39,0,5,21,0,26,0,28,37,0,65,214,0,214,279
03/24/2007,FMN,NM,ASW,WE,Federal Contract Tower,0,18,1,2,21,0,0,2,4,6,0,18,3,6,27,140,2,142,169
03/25/2007,FMN,NM,ASW,WE,Federal Contract Tower,0,28,13,0,41,0,3,51,3,57,0,31,64,3,98,140,0,140,238
03/26/2007,FMN,NM,ASW,WE,Federal Contract Tower,0,24,8,0,32,0,3,21,0,24,0,27,29,0,56,154,0,154,210
03/27/2007,FMN,NM,ASW,WE,Federal Contract Tower,0,30,8,4,42,0,14,19,0,33,0,44,27,4,75,164,10,174,249
03/28/2007,FMN,NM,ASW,WE,Federal Contract Tower,0,35,19,0,54,0,7,17,0,24,0,42,36,0,78,215,0,215,293
03/29/2007,FMN,NM,ASW,WE,Federal Contract Tower,0,25,11,0,36,0,3,11,2,16,0,28,22,2,52,126,0,126,178
03/30/2007,FMN,NM,ASW,WE,Federal Contract Tower,0,28,7,0,35,0,0,32,0,32,0,28,39,0,67,147,0,147,214
03/31/2007,FMN,NM,ASW,WE,Federal Contract Tower,0,15,6,0,21,0,2,54,0,56,0,17,60,0,77,223,0,223,300
04/01/2007,FMN,NM,ASW,WE,Federal Contract Tower,0,23,6,1,30,0,0,58,0,58,0,23,64,1,88,88,0,88,176
04/02/2007,FMN,NM,ASW,WE,Federal Contract Tower,0,18,1,0,19,0,11,49,0,60,0,29,50,0,79,206,0,206,285
04/03/2007,FMN,NM,ASW,WE,Federal Contract Tower,0,25,5,0,30,0,7,34,0,41,0,32,39,0,71,295,0,295,366
04/04/2007,FMN,NM,ASW,WE,Federal Contract Tower,0,25,9,0,34,0,11,56,0,67,0,36,65,0,101,211,0,211,312
04/05/2007,FMN,NM,ASW,WE,Federal Contract Tower,0,35,4,0,39,0,7,37,0,44,0,42,41,0,83,212,0,212,295
04/06/2007,FMN,NM,ASW,WE,Federal Contract Tower,0,38,10,0,48,0,5,51,0,56,0,43,61,0,104,315,0,315,419
04/07/2007,FMN,NM,ASW,WE,Federal Contract Tower,0,15,3,0,18,0,5,21,0,26,0,20,24,0,44,182,0,182,226
04/08/2007,FMN,NM,ASW,WE,Federal Contract Tower,0,14,3,0,17,0,3,28,0,31,0,17,31,0,48,223,0,223,271
04/09/2007,FMN,NM,ASW,WE,Federal Contract Tower,0,30,8,0,38,0,4,19,0,23,0,34,27,0,61,251,0,251,312
04/10/2007,FMN,NM,ASW,WE,Federal Contract Tower,0,27,9,2,38,0,8,30,0,38,0,35,39,2,76,209,0,209,285
04/11/2007,FMN,NM,ASW,WE,Federal Contract Tower,0,28,5,0,33,0,7,40,0,47,0,35,45,0,80,261,0,261,341
04/12/2007,FMN,NM,ASW,WE,Federal Contract Tower,0,39,12,0,51,0,6,5,0,11,0,45,17,0,62,160,0,160,222
04/13/2007,FMN,NM,ASW,WE,Federal Contract Tower,0,38,13,0,51,0,6,31,0,37,0,44,44,0,88,169,0,169,257
04/14/2007,FMN,NM,ASW,WE,Federal Contract Tower,0,24,16,0,40,0,2,16,0,18,0,26,32,0,58,339,8,347,405
04/15/2007,FMN,NM,ASW,WE,Federal Contract Tower,0,16,1,0,17,0,2,12,0,14,0,18,13,0,31,180,0,180,211
04/16/2007,FMN,NM,ASW,WE,Federal Contract Tower,0,23,4,0,27,0,6,11,0,17,0,29,15,0,44,186,0,186,230
04/17/2007,FMN,NM,ASW,WE,Federal Contract Tower,0,27,7,0,34,0,10,35,2,47,0,37,42,2,81,276,0,276,357
04/18/2007,FMN,NM,ASW,WE,Federal Contract Tower,0,28,17,0,45,0,3,16,0,19,0,31,33,0,64,196,0,196,260
04/19/2007,FMN,NM,ASW,WE,Federal Contract Tower,0,28,18,0,46,0,5,20,0,25,0,33,38,0,71,292,0,292,363
04/20/2007,FMN,NM,ASW,WE,Federal Contract Tower,0,22,2,0,24,0,13,37,0,50,0,35,39,0,74,211,0,211,285
04/21/2007,FMN,NM,ASW,WE,Federal Contract Tower,0,17,5,0,22,0,4,8,0,12,0,21,13,0,34,129,0,129,163
04/22/2007,FMN,NM,ASW,WE,Federal Contract Tower,0,18,7,0,25,0,7,22,0,29,0,25,29,0,54,103,0,103,157
04/23/2007,FMN,NM,ASW,WE,Federal Contract Tower,0,21,3,2,26,0,1,6,0,7,0,22,9,2,33,66,0,66,99
04/24/2007,FMN,NM,ASW,WE,Federal Contract Tower,0,27,4,0,31,0,0,13,0,13,0,27,17,0,44,11,0,11,55
04/25/2007,FMN,NM,ASW,WE,Federal Contract Tower,0,23,14,3,40,0,5,36,0,41,0,28,50,3,81,272,4,276,357
04/26/2007,FMN,NM,ASW,WE,Federal Contract Tower,0,21,14,0,35,0,4,22,3,29,0,25,36,3,64,189,0,189,253
04/27/2007,FMN,NM,ASW,WE,Federal Contract Tower,0,27,8,0,35,0,17,27,0,44,0,44,35,0,79,233,9,242,321
04/28/2007,FMN,NM,ASW,WE,Federal Contract Tower,0,18,2,0,20,0,17,7,0,24,0,35,9,0,44,135,0,135,179
04/29/2007,FMN,NM,ASW,WE,Federal Contract Tower,0,22,7,0,29,0,1,33,1,35,0,23,40,1,64,111,0,111,175
04/30/2007,FMN,NM,ASW,WE,Federal Contract Tower,0,23,6,0,29,0,0,12,0,12,0,23,18,0,41,153,0,153,194
05/01/2007,FMN,NM,ASW,WE,Federal Contract Tower,0,30,7,2,39,0,6,9,0,15,0,36,16,2,54,181,0,181,235
05/02/2007,FMN,NM,ASW,WE,Federal Contract Tower,0,30,11,0,41,0,19,20,0,39,0,49,31,0,80,180,0,180,260
05/03/2007,FMN,NM,ASW,WE,Federal Contract Tower,0,32,19,1,52,0,13,10,4,27,0,45,29,5,79,236,0,236,315
05/04/2007,FMN,NM,ASW,WE,Federal Contract Tower,0,35,4,0,39,0,11,4,0,15,0,46,8,0,54,215,0,215,269
05/05/2007,FMN,NM,ASW,WE,Federal Contract Tower,0,23,5,0,28,0,0,7,0,7,0,23,12,0,35,168,0,168,203
05/06/2007,FMN,NM,ASW,WE,Federal Contract Tower,0,30,30,0,60,0,0,12,0,12,0,30,42,0,72,70,0,70,142
05/07/2007,FMN,NM,ASW,WE,Federal Contract Tower,0,19,4,0,23,0,2,30,0,32,0,21,34,0,55,194,0,194,249
05/08/2007,FMN,NM,ASW,WE,Federal Contract Tower,0,25,4,0,29,0,22,51,0,73,0,47,55,0,102,200,0,200,302
05/09/2007,FMN,NM,ASW,WE,Federal Contract Tower,0,26,10,0,36,0,7,32,0,39,0,33,42,0,75,312,0,312,387
05/10/2007,FMN,NM,ASW,WE,Federal Contract Tower,0,23,7,0,30,0,31,79,0,110,0,54,86,0,140,266,0,266,406
05/11/2007,FMN,NM,ASW,WE,Federal Contract Tower,0,37,4,0,41,0,11,40,0,51,0,48,44,0,92,280,0,280,372
05/12/2007,FMN,NM,ASW,WE,Federal Contract Tower,0,22,2,0,24,0,4,10,0,14,0,26,12,0,38,212,0,212,250
05/13/2007,FMN,NM,ASW,WE,Federal Contract Tower,0,13,9,0,22,0,5,21,0,26,0,18,30,0,48,141,0,141,189
05/14/2007,FMN,NM,ASW,WE,Federal Contract Tower,0,18,12,1,31,0,16,29,0,45,0,34,41,1,76,178,0,178,254
05/15/2007,FMN,NM,ASW,WE,Federal Contract Tower,0,27,6,0,33,0,12,20,0,32,0,39,26,0,65,123,0,123,188
05/16/2007,FMN,NM,ASW,WE,Federal Contract Tower,0,29,21,0,50,0,5,33,0,38,0,34,54,0,88,289,0,289,377
05/17/2007,FMN,NM,ASW,WE,Federal Contract Tower,0,31,10,0,41,0,6,30,0,36,0,37,40,0,77,264,0,264,341
05/18/2007,FMN,NM,ASW,WE,Federal Contract Tower,0,30,7,0,37,0,3,19,0,22,0,33,26,0,59,189,0,189,248
05/19/2007,FMN,NM,ASW,WE,Federal Contract Tower,0,13,13,0,26,0,11,27,0,38,0,24,40,0,64,255,0,255,319
05/20/2007,FMN,NM,ASW,WE,Federal Contract Tower,0,18,4,0,22,0,3,9,0,12,0,21,13,0,34,174,0,174,208
05/21/2007,FMN,NM,ASW,WE,Federal Contract Tower,0,18,6,0,24,0,9,22,0,31,0,27,28,0,55,114,0,114,169
05/22/2007,FMN,NM,ASW,WE,Federal Contract Tower,0,26,7,0,33,0,11,22,0,33,0,37,29,0,66,142,0,142,208
05/23/2007,FMN,NM,ASW,WE,Federal Contract Tower,0,30,19,0,49,0,2,11,0,13,0,32,30,0,62,166,0,166,228
05/24/2007,FMN,NM,ASW,WE,Federal Contract Tower,0,28,9,0,37,0,3,54,0,57,0,31,63,0,94,289,0,289,383
05/25/2007,FMN,NM,ASW,WE,Federal Contract Tower,0,26,18,2,46,0,13,29,0,42,0,39,47,2,88,336,0,336,424
05/26/2007,FMN,NM,ASW,WE,Federal Contract Tower,0,16,3,0,19,0,18,85,0,103,0,34,88,0,122,186,0,186,308
05/27/2007,FMN,NM,ASW,WE,Federal Contract Tower,0,16,9,0,25,0,3,34,0,37,0,19,43,0,62,82,0,82,144
05/28/2007,FMN,NM,ASW,WE,Federal Contract Tower,0,16,4,0,20,0,1,23,0,24,0,17,27,0,44,111,0,111,155
05/29/2007,FMN,NM,ASW,WE,Federal Contract Tower,0,22,9,0,31,0,8,31,0,39,0,30,40,0,70,231,0,231,301
05/30/2007,FMN,NM,ASW,WE,Federal Contract Tower,0,24,7,0,31,0,3,41,0,44,0,27,48,0,75,251,0,251,326
05/31/2007,FMN,NM,ASW,WE,Federal Contract Tower,0,28,10,0,38,0,7,51,0,58,0,35,61,0,96,259,0,259,355
06/01/2007,FMN,NM,ASW,WE,Federal Contract Tower,0,24,11,4,39,0,7,44,2,53,0,31,55,6,92,290,14,304,396
06/02/2007,FMN,NM,ASW,WE,Federal Contract Tower,0,12,6,0,18,0,10,11,0,21,0,22,17,0,39,168,0,168,207
06/03/2007,FMN,NM,ASW,WE,Federal Contract Tower,0,15,4,0,19,0,8,44,0,52,0,23,48,0,71,51,0,51,122
06/04/2007,FMN,NM,ASW,WE,Federal Contract Tower,0,21,3,0,24,0,10,40,0,50,0,31,43,0,74,177,0,177,251
06/05/2007,FMN,NM,ASW,WE,Federal Contract Tower,0,22,8,0,30,0,20,28,0,48,0,42,36,0,78,267,3,270,348
06/06/2007,FMN,NM,ASW,WE,Federal Contract Tower,0,23,9,0,32,0,7,14,9,30,0,30,23,9,62,42,0,42,104
06/07/2007,FMN,NM,ASW,WE,Federal Contract Tower,0,28,11,0,39,0,18,71,0,89,0,46,82,0,128,310,0,310,438
06/08/2007,FMN,NM,ASW,WE,Federal Contract Tower,0,27,16,0,43,0,11,31,0,42,0,38,47,0,85,217,0,217,302
06/09/2007,FMN,NM,ASW,WE,Federal Contract Tower,0,16,4,0,20,0,11,34,3,48,0,27,38,3,68,251,0,251,319
06/10/2007,FMN,NM,ASW,WE,Federal Contract Tower,0,14,7,0,21,0,3,58,12,73,0,17,65,12,94,87,0,87,181
06/11/2007,FMN,NM,ASW,WE,Federal Contract Tower,0,26,9,0,35,0,24,25,7,56,0,50,34,7,91,124,0,124,215
06/12/2007,FMN,NM,ASW,WE,Federal Contract Tower,0,27,8,0,35,0,30,22,0,52,0,57,30,0,87,259,0,259,346
06/13/2007,FMN,NM,ASW,WE,Federal Contract Tower,0,23,11,0,34,0,13,40,0,53,0,36,51,0,87,141,0,141,228
06/14/2007,FMN,NM,ASW,WE,Federal Contract Tower,0,21,8,0,29,0,7,24,0,31,0,28,32,0,60,168,0,168,228
06/15/2007,FMN,NM,ASW,WE,Federal Contract Tower,0,21,13,0,34,0,13,43,0,56,0,34,56,0,90,300,0,300,390
06/16/2007,FMN,NM,ASW,WE,Federal Contract Tower,0,17,7,0,24,0,9,42,0,51,0,26,49,0,75,210,0,210,285
06/17/2007,FMN,NM,ASW,WE,Federal Contract Tower,0,15,6,0,21,0,3,34,0,37,0,18,40,0,58,124,0,124,182
06/18/2007,FMN,NM,ASW,WE,Federal Contract Tower,0,26,2,0,28,0,9,21,0,30,0,35,23,0,58,171,0,171,229
06/19/2007,FMN,NM,ASW,WE,Federal Contract Tower,0,27,6,0,33,0,20,48,0,68,0,47,54,0,101,179,0,179,280
06/20/2007,FMN,NM,ASW,WE,Federal Contract Tower,0,23,8,1,32,0,16,32,2,50,0,39,40,3,82,251,18,269,351
06/21/2007,FMN,NM,ASW,WE,Federal Contract Tower,0,26,6,0,32,0,11,54,0,65,0,37,60,0,97,159,0,159,256
06/22/2007,FMN,NM,ASW,WE,Federal Contract Tower,0,29,4,0,33,0,20,59,8,87,0,49,63,8,120,232,0,232,352
06/23/2007,FMN,NM,ASW,WE,Federal Contract Tower,0,12,3,0,15,0,7,31,0,38,0,19,34,0,53,194,0,194,247
06/24/2007,FMN,NM,ASW,WE,Federal Contract Tower,0,11,2,0,13,0,5,38,0,43,0,16,40,0,56,147,0,147,203
06/25/2007,FMN,NM,ASW,WE,Federal Contract Tower,0,25,15,0,40,0,13,59,0,72,0,38,74,0,112,292,0,292,404
06/26/2007,FMN,NM,ASW,WE,Federal Contract Tower,0,26,6,0,32,0,7,38,0,45,0,33,44,0,77,293,0,293,370
06/27/2007,FMN,NM,ASW,WE,Federal Contract Tower,0,20,19,0,39,0,18,41,0,59,0,38,60,0,98,271,0,271,369
06/28/2007,FMN,NM,ASW,WE,Federal Contract Tower,0,26,8,0,34,0,5,55,0,60,0,31,63,0,94,184,0,184,278
06/29/2007,FMN,NM,ASW,WE,Federal Contract Tower,0,20,9,0,29,0,7,33,0,40,0,27,42,0,69,265,0,265,334
06/30/2007,FMN,NM,ASW,WE,Federal Contract Tower,0,12,4,0,16,0,17,39,0,56,0,29,43,0,72,265,0,265,337
07/01/2007,FMN,NM,ASW,WE,Federal Contract Tower,0,12,6,0,18,0,2,64,7,73,0,14,70,7,91,62,0,62,153
07/02/2007,FMN,NM,ASW,WE,Federal Contract Tower,0,27,7,0,34,0,10,44,0,54,0,37,51,0,88,214,0,214,302
07/03/2007,FMN,NM,ASW,WE,Federal Contract Tower,0,26,6,0,32,0,15,46,0,61,0,41,52,0,93,283,0,283,376
07/04/2007,FMN,NM,ASW,WE,Federal Contract Tower,0,25,3,0,28,0,6,37,2,45,0,31,40,2,73,25,0,25,98
07/05/2007,FMN,NM,ASW,WE,Federal Contract Tower,0,30,7,0,37,0,12,35,0,47,0,42,42,0,84,180,0,180,264
07/06/2007,FMN,NM,ASW,WE,Federal Contract Tower,0,39,10,0,49,0,28,60,2,90,0,67,70,2,139,302,30,332,471
07/07/2007,FMN,NM,ASW,WE,Federal Contract Tower,0,9,1,0,10,0,6,40,0,46,0,15,41,0,56,208,0,208,264
07/08/2007,FMN,NM,ASW,WE,Federal Contract Tower,0,18,2,0,20,0,2,32,0,34,0,20,34,0,54,119,0,119,173
07/09/2007,FMN,NM,ASW,WE,Federal Contract Tower,0,27,9,0,36,0,8,50,0,58,0,35,59,0,94,206,0,206,300
07/10/2007,FMN,NM,ASW,WE,Federal Contract Tower,0,26,15,0,41,0,13,35,0,48,0,39,50,0,89,285,0,285,374
07/11/2007,FMN,NM,ASW,WE,Federal Contract Tower,0,31,17,0,48,0,22,55,0,77,0,53,72,0,125,394,0,394,519
07/12/2007,FMN,NM,ASW,WE,Federal Contract Tower,0,32,14,0,46,0,7,37,0,44,0,39,51,0,90,341,0,341,431
07/13/2007,FMN,NM,ASW,WE,Federal Contract Tower,0,30,7,0,37,0,15,31,0,46,0,45,38,0,83,292,0,292,375
07/14/2007,FMN,NM,ASW,WE,Federal Contract Tower,0,15,4,0,19,0,3,42,0,45,0,18,46,0,64,138,0,138,202
07/15/2007,FMN,NM,ASW,WE,Federal Contract Tower,0,12,6,0,18,0,4,26,0,30,0,16,32,0,48,87,2,89,137
07/16/2007,FMN,NM,ASW,WE,Federal Contract Tower,0,22,6,0,28,0,8,37,0,45,0,30,43,0,73,245,0,245,318
07/17/2007,FMN,NM,ASW,WE,Federal Contract Tower,0,29,8,0,37,0,18,52,0,70,0,47,60,0,107,374,0,374,481
07/18/2007,FMN,NM,ASW,WE,Federal Contract Tower,0,24,17,0,41,0,8,39,0,47,0,32,56,0,88,199,0,199,287
07/19/2007,FMN,NM,ASW,WE,Federal Contract Tower,0,39,12,0,51,0,9,45,0,54,0,48,57,0,105,240,0,240,345
07/20/2007,FMN,NM,ASW,WE,Federal Contract Tower,0,29,13,0,42,0,5,35,0,40,0,34,48,0,82,303,0,303,385
07/21/2007,FMN,NM,ASW,WE,Federal Contract Tower,0,12,5,0,17,0,11,42,0,53,0,23,47,0,70,253,0,253,323
07/22/2007,FMN,NM,ASW,WE,Federal Contract Tower,0,11,7,0,18,0,2,43,0,45,0,13,50,0,63,74,0,74,137
07/23/2007,FMN,NM,ASW,WE,Federal Contract Tower,0,28,2,0,30,0,8,45,0,53,0,36,47,0,83,136,6,142,225
07/24/2007,FMN,NM,ASW,WE,Federal Contract Tower,0,25,10,0,35,0,2,18,0,20,0,27,28,0,55,180,0,180,235
07/25/2007,FMN,NM,ASW,WE,Federal Contract Tower,0,31,8,0,39,0,11,37,0,48,0,42,45,0,87,281,1,282,369
07/26/2007,FMN,NM,ASW,WE,Federal Contract Tower,0,34,7,0,41,0,6,71,0,77,0,40,78,0,118,298,0,298,416
07/27/2007,FMN,NM,ASW,WE,Federal Contract Tower,0,27,9,0,36,0,5,22,0,27,0,32,31,0,63,306,0,306,369
07/28/2007,FMN,NM,ASW,WE,Federal Contract Tower,0,12,4,0,16,0,10,13,0,23,0,22,17,0,39,127,0,127,166
07/29/2007,FMN,NM,ASW,WE,Federal Contract Tower,0,15,3,0,18,0,1,44,0,45,0,16,47,0,63,75,0,75,138
07/30/2007,FMN,NM,ASW,WE,Federal Contract Tower,0,25,5,0,30,0,11,35,0,46,0,36,40,0,76,133,0,133,209
07/31/2007,FMN,NM,ASW,WE,Federal Contract Tower,0,26,5,0,31,0,9,25,0,34,0,35,30,0,65,220,5,225,290
08/01/2007,FMN,NM,ASW,WE,Federal Contract Tower,0,30,6,0,36,0,10,23,0,33,0,40,29,0,69,302,0,302,371
08/02/2007,FMN,NM,ASW,WE,Federal Contract Tower,0,34,15,0,49,0,6,27,0,33,0,40,42,0,82,372,0,372,454
08/03/2007,FMN,NM,ASW,WE,Federal Contract Tower,0,33,3,0,36,0,12,41,2,55,0,45,44,2,91,218,6,224,315
08/04/2007,FMN,NM,ASW,WE,Federal Contract Tower,0,16,4,0,20,0,13,23,4,40,0,29,27,4,60,280,0,280,340
08/05/2007,FMN,NM,ASW,WE,Federal Contract Tower,0,18,2,0,20,0,3,27,0,30,0,21,29,0,50,157,0,157,207
08/06/2007,FMN,NM,ASW,WE,Federal Contract Tower,2,35,5,0,42,0,15,19,0,34,2,50,24,0,76,223,0,223,299
08/07/2007,FMN,NM,ASW,WE,Federal Contract Tower,0,34,8,0,42,0,8,35,0,43,0,42,43,0,85,324,0,324,409
08/08/2007,FMN,NM,ASW,WE,Federal Contract Tower,0,34,4,0,38,0,13,27,0,40,0,47,31,0,78,296,0,296,374
08/09/2007,FMN,NM,ASW,WE,Federal Contract Tower,0,27,8,0,35,0,7,31,0,38,0,34,39,0,73,237,0,237,310
08/10/2007,FMN,NM,ASW,WE,Federal Contract Tower,0,32,6,0,38,0,11,27,0,38,0,43,33,0,76,253,0,253,329
08/11/2007,FMN,NM,ASW,WE,Federal Contract Tower,0,14,4,0,18,0,6,22,0,28,0,20,26,0,46,292,0,292,338
08/12/2007,FMN,NM,ASW,WE,Federal Contract Tower,2,20,5,0,27,0,3,15,0,18,2,23,20,0,45,195,0,195,240
08/13/2007,FMN,NM,ASW,WE,Federal Contract Tower,0,29,6,2,37,0,2,25,0,27,0,31,31,2,64,295,0,295,359
08/14/2007,FMN,NM,ASW,WE,Federal Contract Tower,0,27,7,0,34,0,10,65,1,76,0,37,72,1,110,361,0,361,471
08/15/2007,FMN,NM,ASW,WE,Federal Contract Tower,0,26,21,0,47,0,10,32,0,42,0,36,53,0,89,353,0,353,442
08/16/2007,FMN,NM,ASW,WE,Federal Contract Tower,0,30,14,0,44,0,7,44,2,53,0,37,58,2,97,131,0,131,228
08/17/2007,FMN,NM,ASW,WE,Federal Contract Tower,0,30,9,2,41,0,9,25,0,34,0,39,34,2,75,245,1,246,321
08/18/2007,FMN,NM,ASW,WE,Federal Contract Tower,0,14,0,0,14,0,4,16,0,20,0,18,16,0,34,180,0,180,214
08/19/2007,FMN,NM,ASW,WE,Federal Contract Tower,0,17,2,0,19,0,2,22,0,24,0,19,24,0,43,113,0,113,156
08/20/2007,FMN,NM,ASW,WE,Federal Contract Tower,0,31,9,0,40,0,9,27,0,36,0,40,36,0,76,135,0,135,211
08/21/2007,FMN,NM,ASW,WE,Federal Contract Tower,0,30,3,0,33,0,6,49,0,55,0,36,52,0,88,124,0,124,212
08/22/2007,FMN,NM,ASW,WE,Federal Contract Tower,0,28,7,0,35,0,9,38,2,49,0,37,45,2,84,164,0,164,248
08/23/2007,FMN,NM,ASW,WE,Federal Contract Tower,0,27,9,0,36,0,7,31,3,41,0,34,40,3,77,95,0,95,172
08/24/2007,FMN,NM,ASW,WE,Federal Contract Tower,0,29,9,2,40,0,17,42,0,59,0,46,51,2,99,73,0,73,172
08/25/2007,FMN,NM,ASW,WE,Federal Contract Tower,0,18,9,0,27,0,9,29,0,38,0,27,38,0,65,52,0,52,117
08/26/2007,FMN,NM,ASW,WE,Federal Contract Tower,0,17,6,0,23,0,4,8,0,12,0,21,14,0,35,40,0,40,75
08/27/2007,FMN,NM,ASW,WE,Federal Contract Tower,0,29,9,0,38,0,10,31,4,45,0,39,40,4,83,49,1,50,133
08/28/2007,FMN,NM,ASW,WE,Federal Contract Tower,0,33,8,0,41,0,10,52,0,62,0,43,60,0,103,158,0,158,261
08/29/2007,FMN,NM,ASW,WE,Federal Contract Tower,0,35,16,0,51,0,5,76,0,81,0,40,92,0,132,121,0,121,253
08/30/2007,FMN,NM,ASW,WE,Federal Contract Tower,0,29,10,0,39,0,12,31,0,43,0,41,41,0,82,92,0,92,174
08/31/2007,FMN,NM,ASW,WE,Federal Contract Tower,0,33,25,0,58,0,0,32,0,32,0,33,57,0,90,136,0,136,226
09/01/2007,FMN,NM,ASW,WE,Federal Contract Tower,0,17,3,0,20,0,5,64,0,69,0,22,67,0,89,176,0,176,265
09/02/2007,FMN,NM,ASW,WE,Federal Contract Tower,0,16,1,0,17,0,3,18,0,21,0,19,19,0,38,137,0,137,175
09/03/2007,FMN,NM,ASW,WE,Federal Contract Tower,0,29,9,0,38,0,0,18,0,18,0,29,27,0,56,83,0,83,139
09/04/2007,FMN,NM,ASW,WE,Federal Contract Tower,0,28,20,0,48,0,5,28,0,33,0,33,48,0,81,199,0,199,280
09/05/2007,FMN,NM,ASW,WE,Federal Contract Tower,0,27,57,0,84,0,3,0,0,3,0,30,57,0,87,294,0,294,381
09/06/2007,FMN,NM,ASW,WE,Federal Contract Tower,0,35,41,0,76,0,0,0,0,0,0,35,41,0,76,267,0,267,343
09/07/2007,FMN,NM,ASW,WE,Federal Contract Tower,0,29,7,1,37,0,22,57,1,80,0,51,64,2,117,210,5,215,332
09/08/2007,FMN,NM,ASW,WE,Federal Contract Tower,0,13,5,0,18,0,10,22,4,36,0,23,27,4,54,151,0,151,205
09/09/2007,FMN,NM,ASW,WE,Federal Contract Tower,0,18,6,0,24,0,3,41,0,44,0,21,47,0,68,129,0,129,197
09/10/2007,FMN,NM,ASW,WE,Federal Contract Tower,0,27,8,0,35,0,6,36,0,42,0,33,44,0,77,113,0,113,190
09/11/2007,FMN,NM,ASW,WE,Federal Contract Tower,0,28,8,0,36,0,1,64,0,65,0,29,72,0,101,270,0,270,371
09/12/2007,FMN,NM,ASW,WE,Federal Contract Tower,0,32,6,0,38,0,1,32,2,35,0,33,38,2,73,193,0,193,266
09/13/2007,FMN,NM,ASW,WE,Federal Contract Tower,0,33,2,0,35,0,0,50,0,50,0,33,52,0,85,356,0,356,441
09/14/2007,FMN,NM,ASW,WE,Federal Contract Tower,0,33,11,7,51,0,9,40,2,51,0,42,51,9,102,260,9,269,371
09/15/2007,FMN,NM,ASW,WE,Federal Contract Tower,0,16,10,0,26,0,0,18,2,20,0,16,28,2,46,134,2,136,182
09/16/2007,FMN,NM,ASW,WE,Federal Contract Tower,0,15,5,2,22,0,2,31,0,33,0,17,36,2,55,60,0,60,115
09/17/2007,FMN,NM,ASW,WE,Federal Contract Tower,0,23,10,0,33,0,3,53,0,56,0,26,63,0,89,70,0,70,159
09/18/2007,FMN,NM,ASW,WE,Federal Contract Tower,0,28,5,0,33,0,8,45,0,53,0,36,50,0,86,238,0,238,324
09/19/2007,FMN,NM,ASW,WE,Federal Contract Tower,0,33,5,0,38,0,0,65,0,65,0,33,70,0,103,266,0,266,369
09/20/2007,FMN,NM,ASW,WE,Federal Contract Tower,0,26,4,2,32,0,5,40,0,45,0,31,44,2,77,502,0,502,579
09/21/2007,FMN,NM,ASW,WE,Federal Contract Tower,0,26,10,0,36,0,3,35,0,38,0,29,45,0,74,478,0,478,552
09/22/2007,FMN,NM,ASW,WE,Federal Contract Tower,0,15,1,0,16,0,2,20,0,22,0,17,21,0,38,200,0,200,238
09/23/2007,FMN,NM,ASW,WE,Federal Contract Tower,0,16,13,0,29,0,1,30,0,31,0,17,43,0,60,12,0,12,72
09/24/2007,FMN,NM,ASW,WE,Federal Contract Tower,0,25,16,0,41,0,8,37,1,46,0,33,53,1,87,386,0,386,473
09/25/2007,FMN,NM,ASW,WE,Federal Contract Tower,0,27,6,0,33,0,3,49,1,53,0,30,55,1,86,604,1,605,691
09/26/2007,FMN,NM,ASW,WE,Federal Contract Tower,0,26,9,0,35,0,10,50,0,60,0,36,59,0,95,520,0,520,615
09/27/2007,FMN,NM,ASW,WE,Federal Contract Tower,0,27,13,7,47,0,6,37,8,51,0,33,50,15,98,540,0,540,638
09/28/2007,FMN,NM,ASW,WE,Federal Contract Tower,0,39,19,0,58,0,9,48,0,57,0,48,67,0,115,337,0,337,452
09/29/2007,FMN,NM,ASW,WE,Federal Contract Tower,0,0,0,0,0,0,0,7,0,7,0,0,7,0,7,0,0,0,7
09/30/2007,FMN,NM,ASW,WE,Federal Contract Tower,0,0,0,0,0,0,0,5,0,5,0,0,5,0,5,0,0,0,5
10/01/2007,FMN,NM,ASW,WE,Federal Contract Tower,0,10,1,0,11,0,5,16,0,21,0,15,17,0,32,61,0,61,93
10/02/2007,FMN,NM,ASW,WE,Federal Contract Tower,0,9,0,0,9,0,7,18,0,25,0,16,18,0,34,4,0,4,38
10/03/2007,FMN,NM,ASW,WE,Federal Contract Tower,0,6,3,0,9,0,5,42,0,47,0,11,45,0,56,2,0,2,58
10/04/2007,FMN,NM,ASW,WE,Federal Contract Tower,0,12,2,0,14,0,5,23,0,28,0,17,25,0,42,10,0,10,52
10/05/2007,FMN,NM,ASW,WE,Federal Contract Tower,0,10,7,0,17,0,3,28,0,31,0,13,35,0,48,71,0,71,119
10/06/2007,FMN,NM,ASW,WE,Federal Contract Tower,0,8,8,0,16,0,7,23,2,32,0,15,31,2,48,59,0,59,107
10/07/2007,FMN,NM,ASW,WE,Federal Contract Tower,0,19,7,0,26,0,1,49,0,50,0,20,56,0,76,127,0,127,203
10/08/2007,FMN,NM,ASW,WE,Federal Contract Tower,0,22,16,0,38,0,5,46,0,51,0,27,62,0,89,222,0,222,311
10/09/2007,FMN,NM,ASW,WE,Federal Contract Tower,0,25,14,0,39,0,11,110,0,121,0,36,124,0,160,336,0,336,496
10/10/2007,FMN,NM,ASW,WE,Federal Contract Tower,0,33,8,0,41,0,4,41,0,45,0,37,49,0,86,281,0,281,367
10/11/2007,FMN,NM,ASW,WE,Federal Contract Tower,0,27,12,0,39,0,10,54,0,64,0,37,66,0,103,423,0,423,526
10/12/2007,FMN,NM,ASW,WE,Federal Contract Tower,0,28,7,0,35,0,5,75,2,82,0,33,82,2,117,335,0,335,452
10/13/2007,FMN,NM,ASW,WE,Federal Contract Tower,0,17,10,0,27,0,4,25,0,29,0,21,35,0,56,286,0,286,342
10/14/2007,FMN,NM,ASW,WE,Federal Contract Tower,0,15,9,1,25,0,3,32,0,35,0,18,41,1,60,221,2,223,283
10/15/2007,FMN,NM,ASW,WE,Federal Contract Tower,0,26,7,0,33,0,6,27,0,33,0,32,34,0,66,380,0,380,446
10/16/2007,FMN,NM,ASW,WE,Federal Contract Tower,0,28,8,0,36,0,9,64,0,73,0,37,72,0,109,340,0,340,449
10/17/2007,FMN,NM,ASW,WE,Federal Contract Tower,0,35,12,0,47,0,6,30,0,36,0,41,42,0,83,196,0,196,279
10/18/2007,FMN,NM,ASW,WE,Federal Contract Tower,0,27,17,0,44,0,12,37,2,51,0,39,54,2,95,206,8,214,309
10/19/2007,FMN,NM,ASW,WE,Federal Contract Tower,0,26,10,0,36,0,14,66,0,80,0,40,76,0,116,210,0,210,326
10/20/2007,FMN,NM,ASW,WE,Federal Contract Tower,0,12,4,0,16,0,9,25,0,34,0,21,29,0,50,275,0,275,325
10/21/2007,FMN,NM,ASW,WE,Federal Contract Tower,0,13,9,0,22,0,3,15,0,18,0,16,24,0,40,5,0,5,45
10/22/2007,FMN,NM,ASW,WE,Federal Contract Tower,0,27,4,0,31,0,2,40,0,42,0,29,44,0,73,153,0,153,226
10/23/2007,FMN,NM,ASW,WE,Federal Contract Tower,0,29,15,0,44,0,22,67,0,89,0,51,82,0,133,270,0,270,403
10/24/2007,FMN,NM,ASW,WE,Federal Contract Tower,0,32,8,0,40,0,8,56,0,64,0,40,64,0,104,338,0,338,442
10/25/2007,FMN,NM,ASW,WE,Federal Contract Tower,0,25,5,0,30,0,17,65,0,82,0,42,70,0,112,239,0,239,351
10/26/2007,FMN,NM,ASW,WE,Federal Contract Tower,0,26,9,0,35,0,12,60,0,72,0,38,69,0,107,409,0,409,516
10/27/2007,FMN,NM,ASW,WE,Federal Contract Tower,0,15,6,1,22,0,10,66,0,76,0,25,72,1,98,141,0,141,239
10/28/2007,FMN,NM,ASW,WE,Federal Contract Tower,0,16,6,0,22,0,5,48,0,53,0,21,54,0,75,196,0,196,271
10/29/2007,FMN,NM,ASW,WE,Federal Contract Tower,0,21,7,0,28,0,10,39,0,49,0,31,46,0,77,217,0,217,294
10/30/2007,FMN,NM,ASW,WE,Federal Contract Tower,0,30,4,0,34,0,17,68,0,85,0,47,72,0,119,329,0,329,448
10/31/2007,FMN,NM,ASW,WE,Federal Contract Tower,0,27,4,1,32,0,3,46,0,49,0,30,50,1,81,162,0,162,243
11/01/2007,FMN,NM,ASW,WE,Federal Contract Tower,0,23,12,0,35,0,36,50,0,86,0,59,62,0,121,238,0,238,359
11/02/2007,FMN,NM,ASW,WE,Federal Contract Tower,0,27,15,0,42,0,26,54,0,80,0,53,69,0,122,338,0,338,460
11/03/2007,FMN,NM,ASW,WE,Federal Contract Tower,0,15,3,0,18,0,10,24,0,34,0,25,27,0,52,230,0,230,282
11/04/2007,FMN,NM,ASW,WE,Federal Contract Tower,0,13,8,0,21,0,5,33,0,38,0,18,41,0,59,171,0,171,230
11/05/2007,FMN,NM,ASW,WE,Federal Contract Tower,0,21,7,0,28,0,7,31,0,38,0,28,38,0,66,210,0,210,276
11/06/2007,FMN,NM,ASW,WE,Federal Contract Tower,0,28,7,0,35,0,16,62,0,78,0,44,69,0,113,292,0,292,405
11/07/2007,FMN,NM,ASW,WE,Federal Contract Tower,0,33,11,1,45,0,3,33,0,36,0,36,44,1,81,205,0,205,286
11/08/2007,FMN,NM,ASW,WE,Federal Contract Tower,0,23,9,0,32,0,14,68,0,82,0,37,77,0,114,187,0,187,301
11/09/2007,FMN,NM,ASW,WE,Federal Contract Tower,0,32,4,0,36,0,6,61,0,67,0,38,65,0,103,358,0,358,461
11/10/2007,FMN,NM,ASW,WE,Federal Contract Tower,0,19,6,0,25,0,1,32,0,33,0,20,38,0,58,284,0,284,342
11/11/2007,FMN,NM,ASW,WE,Federal Contract Tower,0,15,12,0,27,0,7,49,0,56,0,22,61,0,83,181,0,181,264
11/12/2007,FMN,NM,ASW,WE,Federal Contract Tower,0,18,8,0,26,0,15,36,0,51,0,33,44,0,77,213,0,213,290
11/13/2007,FMN,NM,ASW,WE,Federal Contract Tower,0,32,8,0,40,0,10,106,2,118,0,42,114,2,158,242,0,242,400
11/14/2007,FMN,NM,ASW,WE,Federal Contract Tower,0,27,17,0,44,0,7,20,0,27,0,34,37,0,71,280,0,280,351
11/15/2007,FMN,NM,ASW,WE,Federal Contract Tower,0,26,22,0,48,0,3,69,0,72,0,29,91,0,120,244,0,244,364
11/16/2007,FMN,NM,ASW,WE,Federal Contract Tower,0,29,11,0,40,0,13,70,2,85,0,42,81,2,125,442,0,442,567
11/17/2007,FMN,NM,ASW,WE,Federal Contract Tower,0,11,3,0,14,0,5,49,0,54,0,16,52,0,68,156,0,156,224
11/18/2007,FMN,NM,ASW,WE,Federal Contract Tower,0,16,4,0,20,0,2,77,0,79,0,18,81,0,99,158,0,158,257
11/19/2007,FMN,NM,ASW,WE,Federal Contract Tower,0,27,10,0,37,0,1,42,0,43,0,28,52,0,80,275,0,275,355
11/20/2007,FMN,NM,ASW,WE,Federal Contract Tower,0,36,9,1,46,0,14,67,1,82,0,50,76,2,128,311,0,311,439
11/21/2007,FMN,NM,ASW,WE,Federal Contract Tower,0,28,12,0,40,0,7,55,0,62,0,35,67,0,102,258,0,258,360
11/22/2007,FMN,NM,ASW,WE,Federal Contract Tower,0,19,6,0,25,0,6,21,0,27,0,25,27,0,52,0,0,0,52
11/23/2007,FMN,NM,ASW,WE,Federal Contract Tower,0,36,6,0,42,0,2,28,0,30,0,38,34,0,72,170,0,170,242
11/24/2007,FMN,NM,ASW,WE,Federal Contract Tower,0,17,11,0,28,0,0,22,0,22,0,17,33,0,50,0,267,267,317
11/25/2007,FMN,NM,ASW,WE,Federal Contract Tower,0,16,16,0,32,0,0,41,0,41,0,16,57,0,73,272,0,272,345
11/26/2007,FMN,NM,ASW,WE,Federal Contract Tower,0,21,9,0,30,0,18,47,0,65,0,39,56,0,95,391,0,391,486
11/27/2007,FMN,NM,ASW,WE,Federal Contract Tower,0,29,7,0,36,0,8,67,0,75,0,37,74,0,111,366,0,366,477
11/28/2007,FMN,NM,ASW,WE,Federal Contract Tower,0,33,8,0,41,0,4,209,0,213,0,37,217,0,254,315,0,315,569
11/29/2007,FMN,NM,ASW,WE,Federal Contract Tower,0,32,10,0,42,0,4,50,0,54,0,36,60,0,96,317,0,317,413
11/30/2007,FMN,NM,ASW,WE,Federal Contract Tower,0,37,13,0,50,0,1,13,0,14,0,38,26,0,64,234,0,234,298
12/01/2007,FMN,NM,ASW,WE,Federal Contract Tower,0,20,11,0,31,0,0,6,1,7,0,20,17,1,38,186,0,186,224
12/02/2007,FMN,NM,ASW,WE,Federal Contract Tower,0,13,7,0,20,0,0,32,0,32,0,13,39,0,52,129,0,129,181
12/03/2007,FMN,NM,ASW,WE,Federal Contract Tower,0,22,12,0,34,0,2,23,0,25,0,24,35,0,59,140,0,140,199
12/04/2007,FMN,NM,ASW,WE,Federal Contract Tower,0,28,9,0,37,0,8,219,0,227,0,36,228,0,264,209,0,209,473
12/05/2007,FMN,NM,ASW,WE,Federal Contract Tower,0,27,13,0,40,0,26,249,0,275,0,53,262,0,315,146,0,146,461
12/06/2007,FMN,NM,ASW,WE,Federal Contract Tower,0,29,12,2,43,0,8,241,2,251,0,37,253,4,294,269,10,279,573
12/07/2007,FMN,NM,ASW,WE,Federal Contract Tower,0,31,16,0,47,0,1,247,0,248,0,32,263,0,295,30,0,30,325
12/08/2007,FMN,NM,ASW,WE,Federal Contract Tower,0,19,4,0,23,0,1,0,0,1,0,20,4,0,24,6,0,6,30
12/09/2007,FMN,NM,ASW,WE,Federal Contract Tower,0,16,3,0,19,0,4,18,0,22,0,20,21,0,41,118,0,118,159
12/10/2007,FMN,NM,ASW,WE,Federal Contract Tower,0,25,11,0,36,0,2,15,0,17,0,27,26,0,53,156,0,156,209
12/11/2007,FMN,NM,ASW,WE,Federal Contract Tower,0,25,21,0,46,0,0,22,0,22,0,25,43,0,68,85,0,85,153
12/12/2007,FMN,NM,ASW,WE,Federal Contract Tower,0,34,14,0,48,0,5,50,0,55,0,39,64,0,103,290,0,290,393
12/13/2007,FMN,NM,ASW,WE,Federal Contract Tower,0,32,14,0,46,0,15,66,2,83,0,47,80,2,129,184,0,184,313
12/14/2007,FMN,NM,ASW,WE,Federal Contract Tower,0,33,12,0,45,0,0,11,0,11,0,33,23,0,56,0,0,0,56
12/15/2007,FMN,NM,ASW,WE,Federal Contract Tower,0,14,4,2,20,0,8,28,14,50,0,22,32,16,70,51,0,51,121
12/16/2007,FMN,NM,ASW,WE,Federal Contract Tower,0,18,3,0,21,0,6,29,0,35,0,24,32,0,56,42,0,42,98
12/17/2007,FMN,NM,ASW,WE,Federal Contract Tower,0,28,10,0,38,0,2,56,0,58,0,30,66,0,96,148,0,148,244
12/18/2007,FMN,NM,ASW,WE,Federal Contract Tower,0,29,9,0,38,0,18,41,0,59,0,47,50,0,97,102,0,102,199
12/19/2007,FMN,NM,ASW,WE,Federal Contract Tower,0,30,17,0,47,0,4,27,0,31,0,34,44,0,78,54,0,54,132
12/20/2007,FMN,NM,ASW,WE,Federal Contract Tower,0,26,11,0,37,0,10,38,0,48,0,36,49,0,85,217,0,217,302
12/21/2007,FMN,NM,ASW,WE,Federal Contract Tower,0,41,15,0,56,0,16,28,0,44,0,57,43,0,100,0,0,0,100
12/22/2007,FMN,NM,ASW,WE,Federal Contract Tower,0,18,3,0,21,0,10,38,0,48,0,28,41,0,69,21,0,21,90
12/23/2007,FMN,NM,ASW,WE,Federal Contract Tower,0,16,3,0,19,0,6,28,0,34,0,22,31,0,53,28,0,28,81
12/24/2007,FMN,NM,ASW,WE,Federal Contract Tower,0,25,5,0,30,0,5,27,0,32,0,30,32,0,62,28,0,28,90
12/25/2007,FMN,NM,ASW,WE,Federal Contract Tower,0,23,4,0,27,0,5,16,0,21,0,28,20,0,48,0,0,0,48
12/26/2007,FMN,NM,ASW,WE,Federal Contract Tower,0,26,8,0,34,0,7,34,0,41,0,33,42,0,75,80,0,80,155
12/27/2007,FMN,NM,ASW,WE,Federal Contract Tower,0,28,14,0,42,0,0,11,0,11,0,28,25,0,53,0,0,0,53
12/28/2007,FMN,NM,ASW,WE,Federal Contract Tower,0,25,7,0,32,0,9,55,0,64,0,34,62,0,96,66,0,66,162
12/29/2007,FMN,NM,ASW,WE,Federal Contract Tower,0,18,5,0,23,0,0,38,0,38,0,18,43,0,61,39,0,39,100
12/30/2007,FMN,NM,ASW,WE,Federal Contract Tower,0,15,9,0,24,0,4,16,0,20,0,19,25,0,44,4,0,4,48
12/31/2007,FMN,NM,ASW,WE,Federal Contract Tower,0,22,4,0,26,0,2,27,0,29,0,24,31,0,55,6,0,6,61
01/01/2008,FMN,NM,ASW,WE,Federal Contract Tower,0,19,2,0,21,0,11,69,0,80,0,30,71,0,101,0,0,0,101
01/02/2008,FMN,NM,ASW,WE,Federal Contract Tower,0,26,4,0,30,0,4,16,0,20,0,30,20,0,50,0,0,0,50
01/03/2008,FMN,NM,ASW,WE,Federal Contract Tower,0,22,7,0,29,0,3,38,0,41,0,25,45,0,70,52,0,52,122
01/04/2008,FMN,NM,ASW,WE,Federal Contract Tower,0,22,4,2,28,0,29,45,4,78,0,51,49,6,106,78,0,78,184
01/05/2008,FMN,NM,ASW,WE,Federal Contract Tower,0,16,5,0,21,0,2,12,0,14,0,18,17,0,35,0,0,0,35
01/06/2008,FMN,NM,ASW,WE,Federal Contract Tower,0,15,15,0,30,0,2,5,0,7,0,17,20,0,37,0,0,0,37
01/07/2008,FMN,NM,ASW,WE,Federal Contract Tower,0,13,5,0,18,0,0,0,0,0,0,13,5,0,18,0,0,0,18
01/08/2008,FMN,NM,ASW,WE,Federal Contract Tower,0,19,14,0,33,0,18,30,4,52,0,37,44,4,85,2,0,2,87
01/09/2008,FMN,NM,ASW,WE,Federal Contract Tower,0,38,31,0,69,0,4,4,0,8,0,42,35,0,77,0,0,0,77
01/10/2008,FMN,NM,ASW,WE,Federal Contract Tower,0,27,6,0,33,0,7,41,8,56,0,34,47,8,89,36,0,36,125
01/11/2008,FMN,NM,ASW,WE,Federal Contract Tower,0,29,14,0,43,0,9,37,0,46,0,38,51,0,89,48,0,48,137
01/12/2008,FMN,NM,ASW,WE,Federal Contract Tower,0,14,6,0,20,0,1,32,0,33,0,15,38,0,53,102,0,102,155
01/13/2008,FMN,NM,ASW,WE,Federal Contract Tower,0,18,10,0,28,0,6,42,0,48,0,24,52,0,76,90,0,90,166
01/14/2008,FMN,NM,ASW,WE,Federal Contract Tower,0,19,9,0,28,0,3,34,0,37,0,22,43,0,65,50,0,50,115
01/15/2008,FMN,NM,ASW,WE,Federal Contract Tower,0,30,5,0,35,0,8,36,0,44,0,38,41,0,79,51,0,51,130
01/16/2008,FMN,NM,ASW,WE,Federal Contract Tower,0,27,9,0,36,0,9,25,0,34,0,36,34,0,70,62,0,62,132
01/17/2008,FMN,NM,ASW,WE,Federal Contract Tower,0,24,17,0,41,0,16,51,0,67,0,40,68,0,108,130,0,130,238
01/18/2008,FMN,NM,ASW,WE,Federal Contract Tower,0,21,8,1,30,0,10,72,1,83,0,31,80,2,113,152,0,152,265
01/19/2008,FMN,NM,ASW,WE,Federal Contract Tower,0,14,2,0,16,0,7,53,0,60,0,21,55,0,76,139,0,139,215
01/20/2008,FMN,NM,ASW,WE,Federal Contract Tower,0,19,5,0,24,0,7,41,0,48,0,26,46,0,72,75,0,75,147
01/21/2008,FMN,NM,ASW,WE,Federal Contract Tower,0,24,7,0,31,0,3,39,0,42,0,27,46,0,73,62,0,62,135
01/22/2008,FMN,NM,ASW,WE,Federal Contract Tower,0,26,7,0,33,0,11,77,2,90,0,37,84,2,123,92,0,92,215
01/23/2008,FMN,NM,ASW,WE,Federal Contract Tower,0,31,2,0,33,0,6,34,0,40,0,37,36,0,73,149,0,149,222
01/24/2008,FMN,NM,ASW,WE,Federal Contract Tower,0,26,23,0,49,0,8,27,0,35,0,34,50,0,84,18,0,18,102
01/25/2008,FMN,NM,ASW,WE,Federal Contract Tower,0,27,9,0,36,0,7,57,0,64,0,34,66,0,100,98,0,98,198
01/26/2008,FMN,NM,ASW,WE,Federal Contract Tower,0,13,2,0,15,0,5,77,0,82,0,18,79,0,97,339,0,339,436
01/27/2008,FMN,NM,ASW,WE,Federal Contract Tower,0,15,11,0,26,0,0,22,0,22,0,15,33,0,48,16,0,16,64
01/28/2008,FMN,NM,ASW,WE,Federal Contract Tower,0,23,10,2,35,0,9,12,2,23,0,32,22,4,58,61,0,61,119
01/29/2008,FMN,NM,ASW,WE,Federal Contract Tower,0,30,9,0,39,0,17,35,0,52,0,47,44,0,91,172,0,172,263
01/30/2008,FMN,NM,ASW,WE,Federal Contract Tower,0,26,17,0,43,0,5,8,0,13,0,31,25,0,56,2,0,2,58
01/31/2008,FMN,NM,ASW,WE,Federal Contract Tower,0,19,13,0,32,0,16,52,0,68,0,35,65,0,100,170,0,170,270
02/01/2008,FMN,NM,ASW,WE,Federal Contract Tower,0,22,13,0,35,0,13,42,0,55,0,35,55,0,90,156,0,156,246
02/02/2008,FMN,NM,ASW,WE,Federal Contract Tower,0,15,6,0,21,0,3,26,2,31,0,18,32,2,52,153,0,153,205
02/03/2008,FMN,NM,ASW,WE,Federal Contract Tower,0,15,5,0,20,0,0,0,0,0,0,15,5,0,20,0,0,0,20
02/04/2008,FMN,NM,ASW,WE,Federal Contract Tower,0,25,11,0,36,0,1,0,0,1,0,26,11,0,37,0,0,0,37
02/05/2008,FMN,NM,ASW,WE,Federal Contract Tower,0,31,10,0,41,0,10,42,0,52,0,41,52,0,93,53,0,53,146
02/06/2008,FMN,NM,ASW,WE,Federal Contract Tower,0,23,11,0,34,0,10,60,0,70,0,33,71,0,104,292,0,292,396
02/07/2008,FMN,NM,ASW,WE,Federal Contract Tower,0,24,12,0,36,0,12,81,0,93,0,36,93,0,129,285,0,285,414
02/08/2008,FMN,NM,ASW,WE,Federal Contract Tower,0,23,9,0,32,0,14,60,0,74,0,37,69,0,106,295,0,295,401
02/09/2008,FMN,NM,ASW,WE,Federal Contract Tower,0,18,8,2,28,0,10,64,2,76,0,28,72,4,104,390,4,394,498
02/10/2008,FMN,NM,ASW,WE,Federal Contract Tower,0,17,4,0,21,0,2,63,0,65,0,19,67,0,86,152,0,152,238
02/11/2008,FMN,NM,ASW,WE,Federal Contract Tower,0,23,12,0,35,0,8,23,0,31,0,31,35,0,66,117,0,117,183
02/12/2008,FMN,NM,ASW,WE,Federal Contract Tower,0,29,11,0,40,0,8,44,0,52,0,37,55,0,92,128,0,128,220
02/13/2008,FMN,NM,ASW,WE,Federal Contract Tower,0,24,6,0,30,0,12,34,2,48,0,36,40,2,78,172,0,172,250
02/14/2008,FMN,NM,ASW,WE,Federal Contract Tower,0,31,18,0,49,0,4,44,0,48,0,35,62,0,97,132,0,132,229
02/15/2008,FMN,NM,ASW,WE,Federal Contract Tower,0,28,11,1,40,0,7,45,4,56,0,35,56,5,96,276,0,276,372
02/16/2008,FMN,NM,ASW,WE,Federal Contract Tower,0,14,10,0,24,0,2,20,0,22,0,16,30,0,46,109,0,109,155
02/17/2008,FMN,NM,ASW,WE,Federal Contract Tower,0,19,8,1,28,0,14,15,1,30,0,33,23,2,58,4,12,16,74
02/18/2008,FMN,NM,ASW,WE,Federal Contract Tower,0,21,7,0,28,0,0,41,0,41,0,21,48,0,69,151,6,157,226
02/19/2008,FMN,NM,ASW,WE,Federal Contract Tower,0,26,5,0,31,0,8,40,0,48,0,34,45,0,79,90,0,90,169
02/20/2008,FMN,NM,ASW,WE,Federal Contract Tower,0,31,7,0,38,0,2,23,0,25,0,33,30,0,63,103,0,103,166
02/21/2008,FMN,NM,ASW,WE,Federal Contract Tower,0,22,11,0,33,0,10,13,0,23,0,32,24,0,56,20,0,20,76
02/22/2008,FMN,NM,ASW,WE,Federal Contract Tower,0,32,12,0,44,0,15,27,0,42,0,47,39,0,86,191,0,191,277
02/23/2008,FMN,NM,ASW,WE,Federal Contract Tower,0,17,9,0,26,0,6,7,0,13,0,23,16,0,39,62,0,62,101
02/24/2008,FMN,NM,ASW,WE,Federal Contract Tower,0,18,5,0,23,0,5,28,0,33,0,23,33,0,56,93,0,93,149
02/25/2008,FMN,NM,ASW,WE,Federal Contract Tower,0,28,8,0,36,0,7,17,6,30,0,35,25,6,66,10,0,10,76
02/26/2008,FMN,NM,ASW,WE,Federal Contract Tower,0,29,11,0,40,0,12,46,0,58,0,41,57,0,98,297,0,297,395
02/27/2008,FMN,NM,ASW,WE,Federal Contract Tower,0,23,10,2,35,0,6,52,0,58,0,29,62,2,93,134,0,134,227
02/28/2008,FMN,NM,ASW,WE,Federal Contract Tower,0,22,3,0,25,0,9,54,0,63,0,31,57,0,88,247,0,247,335
02/29/2008,FMN,NM,ASW,WE,Federal Contract Tower,0,24,8,0,32,0,17,69,0,86,0,41,77,0,118,327,0,327,445
03/01/2008,FMN,NM,ASW,WE,Federal Contract Tower,0,18,3,0,21,0,7,71,0,78,0,25,74,0,99,453,0,453,552
03/02/2008,FMN,NM,ASW,WE,Federal Contract Tower,0,15,5,0,20,0,13,2,0,15,0,28,7,0,35,10,0,10,45
03/03/2008,FMN,NM,ASW,WE,Federal Contract Tower,0,21,15,0,36,0,9,38,0,47,0,30,53,0,83,204,0,204,287
03/04/2008,FMN,NM,ASW,WE,Federal Contract Tower,0,25,7,0,32,0,6,69,0,75,0,31,76,0,107,227,0,227,334
03/05/2008,FMN,NM,ASW,WE,Federal Contract Tower,0,26,10,0,36,0,6,31,0,37,0,32,41,0,73,333,0,333,406
03/06/2008,FMN,NM,ASW,WE,Federal Contract Tower,0,30,3,0,33,0,9,35,0,44,0,39,38,0,77,248,0,248,325
03/07/2008,FMN,NM,ASW,WE,Federal Contract Tower,0,25,20,0,45,0,44,81,0,125,0,69,101,0,170,458,0,458,628
03/08/2008,FMN,NM,ASW,WE,Federal Contract Tower,0,14,6,0,20,0,7,60,0,67,0,21,66,0,87,291,0,291,378
03/09/2008,FMN,NM,ASW,WE,Federal Contract Tower,0,18,8,0,26,0,0,48,0,48,0,18,56,0,74,145,0,145,219
03/10/2008,FMN,NM,ASW,WE,Federal Contract Tower,0,19,8,0,27,0,14,57,0,71,0,33,65,0,98,294,0,294,392
03/11/2008,FMN,NM,ASW,WE,Federal Contract Tower,0,24,17,0,41,0,12,118,0,130,0,36,135,0,171,275,0,275,446
03/12/2008,FMN,NM,ASW,WE,Federal Contract Tower,0,28,17,0,45,0,6,109,0,115,0,34,126,0,160,246,0,246,406
03/13/2008,FMN,NM,ASW,WE,Federal Contract Tower,0,20,21,0,41,0,3,48,0,51,0,23,69,0,92,375,0,375,467
03/14/2008,FMN,NM,ASW,WE,Federal Contract Tower,0,24,22,0,46,0,7,36,0,43,0,31,58,0,89,44,0,44,133
03/15/2008,FMN,NM,ASW,WE,Federal Contract Tower,0,14,7,3,24,0,5,52,1,58,0,19,59,4,82,354,0,354,436
03/16/2008,FMN,NM,ASW,WE,Federal Contract Tower,0,23,14,0,37,0,5,33,0,38,0,28,47,0,75,105,0,105,180
03/17/2008,FMN,NM,ASW,WE,Federal Contract Tower,0,31,5,0,36,0,0,4,0,4,0,31,9,0,40,0,0,0,40
03/18/2008,FMN,NM,ASW,WE,Federal Contract Tower,0,26,13,0,39,0,12,57,1,70,0,38,70,1,109,318,0,318,427
03/19/2008,FMN,NM,ASW,WE,Federal Contract Tower,0,27,14,0,41,0,10,57,0,67,0,37,71,0,108,279,0,279,387
03/20/2008,FMN,NM,ASW,WE,Federal Contract Tower,0,26,19,0,45,0,2,69,0,71,0,28,88,0,116,376,0,376,492
03/21/2008,FMN,NM,ASW,WE,Federal Contract Tower,0,27,14,0,41,0,4,77,0,81,0,31,91,0,122,363,0,363,485
03/22/2008,FMN,NM,ASW,WE,Federal Contract Tower,0,13,4,0,17,0,9,69,0,78,0,22,73,0,95,312,0,312,407
03/23/2008,FMN,NM,ASW,WE,Federal Contract Tower,0,17,5,0,22,0,8,66,0,74,0,25,71,0,96,71,0,71,167
03/24/2008,FMN,NM,ASW,WE,Federal Contract Tower,0,26,6,0,32,0,16,77,0,93,0,42,83,0,125,256,0,256,381
03/25/2008,FMN,NM,ASW,WE,Federal Contract Tower,0,26,7,0,33,0,16,45,0,61,0,42,52,0,94,240,0,240,334
03/26/2008,FMN,NM,ASW,WE,Federal Contract Tower,0,26,12,0,38,0,6,44,0,50,0,32,56,0,88,261,0,261,349
03/27/2008,FMN,NM,ASW,WE,Federal Contract Tower,0,22,18,0,40,0,3,42,0,45,0,25,60,0,85,168,0,168,253
03/28/2008,FMN,NM,ASW,WE,Federal Contract Tower,0,24,7,0,31,0,8,55,12,75,0,32,62,12,106,269,12,281,387
03/29/2008,FMN,NM,ASW,WE,Federal Contract Tower,0,14,4,0,18,0,5,31,0,36,0,19,35,0,54,97,0,97,151
03/30/2008,FMN,NM,ASW,WE,Federal Contract Tower,0,14,4,0,18,0,1,22,0,23,0,15,26,0,41,95,0,95,136
03/31/2008,FMN,NM,ASW,WE,Federal Contract Tower,0,21,12,0,33,0,7,31,0,38,0,28,43,0,71,14,0,14,85
04/01/2008,FMN,NM,ASW,WE,Federal Contract Tower,0,22,9,0,31,0,5,42,0,47,0,27,51,0,78,159,0,159,237
04/02/2008,FMN,NM,ASW,WE,Federal Contract Tower,0,15,12,0,27,0,27,35,0,62,0,42,47,0,89,251,0,251,340
04/03/2008,FMN,NM,ASW,WE,Federal Contract Tower,0,14,4,0,18,0,4,42,0,46,0,18,46,0,64,195,0,195,259
04/04/2008,FMN,NM,ASW,WE,Federal Contract Tower,0,15,12,0,27,0,10,72,0,82,0,25,84,0,109,296,0,296,405
04/05/2008,FMN,NM,ASW,WE,Federal Contract Tower,0,7,4,0,11,0,4,37,0,41,0,11,41,0,52,176,0,176,228
04/06/2008,FMN,NM,ASW,WE,Federal Contract Tower,0,14,8,0,22,0,4,42,0,46,0,18,50,0,68,88,0,88,156
04/07/2008,FMN,NM,ASW,WE,Federal Contract Tower,0,16,15,0,31,0,13,28,0,41,0,29,43,0,72,102,0,102,174
04/08/2008,FMN,NM,ASW,WE,Federal Contract Tower,0,27,10,0,37,0,6,31,0,37,0,33,41,0,74,176,0,176,250
04/09/2008,FMN,NM,ASW,WE,Federal Contract Tower,0,20,26,0,46,0,3,18,0,21,0,23,44,0,67,68,0,68,135
04/10/2008,FMN,NM,ASW,WE,Federal Contract Tower,0,14,17,0,31,0,7,10,0,17,0,21,27,0,48,18,0,18,66
04/11/2008,FMN,NM,ASW,WE,Federal Contract Tower,0,21,11,6,38,0,2,40,0,42,0,23,51,6,80,100,0,100,180
04/12/2008,FMN,NM,ASW,WE,Federal Contract Tower,0,9,4,0,13,0,8,30,0,38,0,17,34,0,51,203,0,203,254
04/13/2008,FMN,NM,ASW,WE,Federal Contract Tower,0,13,2,0,15,0,3,72,0,75,0,16,74,0,90,203,0,203,293
04/14/2008,FMN,NM,ASW,WE,Federal Contract Tower,0,12,12,0,24,0,7,45,0,52,0,19,57,0,76,178,0,178,254
04/15/2008,FMN,NM,ASW,WE,Federal Contract Tower,0,21,11,0,32,0,3,22,0,25,0,24,33,0,57,124,4,128,185
04/16/2008,FMN,NM,ASW,WE,Federal Contract Tower,0,18,4,0,22,0,7,36,0,43,0,25,40,0,65,132,0,132,197
04/17/2008,FMN,NM,ASW,WE,Federal Contract Tower,0,26,7,0,33,0,2,50,0,52,0,28,57,0,85,131,0,131,216
04/18/2008,FMN,NM,ASW,WE,Federal Contract Tower,0,25,7,0,32,0,4,68,0,72,0,29,75,0,104,256,0,256,360
04/19/2008,FMN,NM,ASW,WE,Federal Contract Tower,0,12,6,0,18,0,9,68,0,77,0,21,74,0,95,102,0,102,197
04/20/2008,FMN,NM,ASW,WE,Federal Contract Tower,0,17,6,0,23,0,3,45,0,48,0,20,51,0,71,42,0,42,113
04/21/2008,FMN,NM,ASW,WE,Federal Contract Tower,0,18,8,1,27,0,15,44,0,59,0,33,52,1,86,121,2,123,209
04/22/2008,FMN,NM,ASW,WE,Federal Contract Tower,0,19,4,2,25,0,8,40,0,48,0,27,44,2,73,100,0,100,173
04/23/2008,FMN,NM,ASW,WE,Federal Contract Tower,0,22,6,0,28,0,13,44,0,57,0,35,50,0,85,75,0,75,160
04/24/2008,FMN,NM,ASW,WE,Federal Contract Tower,0,25,8,0,33,0,6,31,0,37,0,31,39,0,70,140,0,140,210
04/25/2008,FMN,NM,ASW,WE,Federal Contract Tower,0,21,7,0,28,0,8,52,0,60,0,29,59,0,88,157,0,157,245
04/26/2008,FMN,NM,ASW,WE,Federal Contract Tower,0,11,6,0,17,0,2,40,0,42,0,13,46,0,59,112,0,112,171
04/27/2008,FMN,NM,ASW,WE,Federal Contract Tower,0,14,5,0,19,0,3,70,0,73,0,17,75,0,92,144,0,144,236
04/28/2008,FMN,NM,ASW,WE,Federal Contract Tower,0,18,11,2,31,0,5,27,1,33,0,23,38,3,64,92,0,92,156
04/29/2008,FMN,NM,ASW,WE,Federal Contract Tower,0,22,6,0,28,0,10,36,0,46,0,32,42,0,74,84,0,84,158
04/30/2008,FMN,NM,ASW,WE,Federal Contract Tower,0,22,8,0,30,0,4,29,11,44,0,26,37,11,74,36,0,36,110
05/01/2008,FMN,NM,ASW,WE,Federal Contract Tower,0,16,12,0,28,0,10,36,16,62,0,26,48,16,90,35,0,35,125
05/02/2008,FMN,NM,ASW,WE,Federal Contract Tower,0,22,12,0,34,0,5,32,0,37,0,27,44,0,71,16,0,16,87
05/03/2008,FMN,NM,ASW,WE,Federal Contract Tower,2,9,0,0,11,0,4,49,0,53,2,13,49,0,64,154,0,154,218
05/04/2008,FMN,NM,ASW,WE,Federal Contract Tower,0,14,4,0,18,0,6,58,0,64,0,20,62,0,82,129,0,129,211
05/05/2008,FMN,NM,ASW,WE,Federal Contract Tower,0,20,15,0,35,0,3,29,0,32,0,23,44,0,67,77,0,77,144
05/06/2008,FMN,NM,ASW,WE,Federal Contract Tower,0,25,7,0,32,0,9,47,0,56,0,34,54,0,88,106,18,124,212
05/07/2008,FMN,NM,ASW,WE,Federal Contract Tower,0,22,19,0,41,0,12,34,0,46,0,34,53,0,87,42,0,42,129
05/08/2008,FMN,NM,ASW,WE,Federal Contract Tower,0,22,13,0,35,0,18,36,0,54,0,40,49,0,89,137,0,137,226
05/09/2008,FMN,NM,ASW,WE,Federal Contract Tower,0,18,12,0,30,0,10,32,0,42,0,28,44,0,72,102,0,102,174
05/10/2008,FMN,NM,ASW,WE,Federal Contract Tower,0,9,3,0,12,0,2,31,0,33,0,11,34,0,45,22,0,22,67
05/11/2008,FMN,NM,ASW,WE,Federal Contract Tower,0,7,1,0,8,0,4,30,0,34,0,11,31,0,42,49,0,49,91
05/12/2008,FMN,NM,ASW,WE,Federal Contract Tower,0,20,7,0,27,0,3,26,0,29,0,23,33,0,56,25,0,25,81
05/13/2008,FMN,NM,ASW,WE,Federal Contract Tower,0,22,3,1,26,0,12,40,1,53,0,34,43,2,79,86,8,94,173
05/14/2008,FMN,NM,ASW,WE,Federal Contract Tower,0,15,8,0,23,0,14,44,0,58,0,29,52,0,81,75,0,75,156
05/15/2008,FMN,NM,ASW,WE,Federal Contract Tower,0,26,16,0,42,0,7,30,0,37,0,33,46,0,79,10,0,10,89
05/16/2008,FMN,NM,ASW,WE,Federal Contract Tower,0,18,11,0,29,0,13,49,4,66,0,31,60,4,95,214,0,214,309
05/17/2008,FMN,NM,ASW,WE,Federal Contract Tower,0,9,6,0,15,0,10,47,2,59,0,19,53,2,74,75,0,75,149
05/18/2008,FMN,NM,ASW,WE,Federal Contract Tower,0,15,9,0,24,0,0,47,0,47,0,15,56,0,71,40,0,40,111
05/19/2008,FMN,NM,ASW,WE,Federal Contract Tower,0,23,2,0,25,0,13,35,0,48,0,36,37,0,73,108,0,108,181
05/20/2008,FMN,NM,ASW,WE,Federal Contract Tower,0,23,14,0,37,0,3,48,0,51,0,26,62,0,88,91,0,91,179
05/21/2008,FMN,NM,ASW,WE,Federal Contract Tower,0,24,17,2,43,0,4,33,10,47,0,28,50,12,90,63,0,63,153
05/22/2008,FMN,NM,ASW,WE,Federal Contract Tower,0,20,9,2,31,0,4,23,0,27,0,24,32,2,58,74,0,74,132
05/23/2008,FMN,NM,ASW,WE,Federal Contract Tower,0,23,17,0,40,0,6,20,0,26,0,29,37,0,66,23,0,23,89
05/24/2008,FMN,NM,ASW,WE,Federal Contract Tower,0,12,9,0,21,0,4,27,0,31,0,16,36,0,52,90,0,90,142
05/25/2008,FMN,NM,ASW,WE,Federal Contract Tower,0,9,2,0,11,0,9,25,0,34,0,18,27,0,45,39,0,39,84
05/26/2008,FMN,NM,ASW,WE,Federal Contract Tower,0,16,4,0,20,0,5,28,0,33,0,21,32,0,53,43,0,43,96
05/27/2008,FMN,NM,ASW,WE,Federal Contract Tower,0,16,8,0,24,0,13,26,0,39,0,29,34,0,63,108,0,108,171
05/28/2008,FMN,NM,ASW,WE,Federal Contract Tower,0,19,10,0,29,0,12,42,0,54,0,31,52,0,83,84,0,84,167
05/29/2008,FMN,NM,ASW,WE,Federal Contract Tower,0,20,10,0,30,0,26,48,0,74,0,46,58,0,104,120,0,120,224
05/30/2008,FMN,NM,ASW,WE,Federal Contract Tower,0,20,4,0,24,0,8,47,0,55,0,28,51,0,79,150,0,150,229
05/31/2008,FMN,NM,ASW,WE,Federal Contract Tower,0,10,7,0,17,0,12,38,0,50,0,22,45,0,67,97,0,97,164
06/01/2008,FMN,NM,ASW,WE,Federal Contract Tower,0,10,7,0,17,0,8,41,6,55,0,18,48,6,72,123,0,123,195
06/02/2008,FMN,NM,ASW,WE,Federal Contract Tower,0,15,5,0,20,0,10,21,0,31,0,25,26,0,51,71,0,71,122
06/03/2008,FMN,NM,ASW,WE,Federal Contract Tower,0,16,6,0,22,0,9,39,18,66,0,25,45,18,88,92,24,116,204
06/04/2008,FMN,NM,ASW,WE,Federal Contract Tower,0,18,7,0,25,0,6,32,2,40,0,24,39,2,65,88,0,88,153
06/05/2008,FMN,NM,ASW,WE,Federal Contract Tower,0,20,6,0,26,0,18,33,0,51,0,38,39,0,77,180,0,180,257
06/06/2008,FMN,NM,ASW,WE,Federal Contract Tower,0,20,11,2,33,0,8,61,0,69,0,28,72,2,102,159,0,159,261
06/07/2008,FMN,NM,ASW,WE,Federal Contract Tower,0,7,6,0,13,0,2,29,7,38,0,9,35,7,51,158,0,158,209
06/08/2008,FMN,NM,ASW,WE,Federal Contract Tower,0,9,3,0,12,0,73,67,0,140,0,82,70,0,152,120,0,120,272
06/09/2008,FMN,NM,ASW,WE,Federal Contract Tower,0,17,8,0,25,0,36,45,0,81,0,53,53,0,106,81,0,81,187
06/10/2008,FMN,NM,ASW,WE,Federal Contract Tower,0,17,12,0,29,0,50,42,0,92,0,67,54,0,121,114,0,114,235
06/11/2008,FMN,NM,ASW,WE,Federal Contract Tower,0,19,11,5,35,0,6,25,4,35,0,25,36,9,70,39,0,39,109
06/12/2008,FMN,NM,ASW,WE,Federal Contract Tower,0,15,9,0,24,0,18,44,0,62,0,33,53,0,86,93,0,93,179
06/13/2008,FMN,NM,ASW,WE,Federal Contract Tower,0,10,10,0,20,0,28,88,0,116,0,38,98,0,136,223,0,223,359
06/14/2008,FMN,NM,ASW,WE,Federal Contract Tower,0,8,5,0,13,0,4,43,0,47,0,12,48,0,60,122,0,122,182
06/15/2008,FMN,NM,ASW,WE,Federal Contract Tower,0,12,3,0,15,0,6,32,0,38,0,18,35,0,53,32,0,32,85
06/16/2008,FMN,NM,ASW,WE,Federal Contract Tower,0,17,25,0,42,0,22,39,0,61,0,39,64,0,103,64,0,64,167
06/17/2008,FMN,NM,ASW,WE,Federal Contract Tower,0,21,7,0,28,0,12,50,0,62,0,33,57,0,90,99,0,99,189
06/18/2008,FMN,NM,ASW,WE,Federal Contract Tower,0,15,7,4,26,0,20,58,2,80,0,35,65,6,106,218,8,226,332
06/19/2008,FMN,NM,ASW,WE,Federal Contract Tower,0,15,5,0,20,0,14,44,0,58,0,29,49,0,78,89,0,89,167
06/20/2008,FMN,NM,ASW,WE,Federal Contract Tower,0,15,7,1,23,0,21,42,0,63,0,36,49,1,86,155,22,177,263
06/21/2008,FMN,NM,ASW,WE,Federal Contract Tower,0,7,3,0,10,0,6,35,0,41,0,13,38,0,51,84,0,84,135
06/22/2008,FMN,NM,ASW,WE,Federal Contract Tower,0,17,5,1,23,0,2,42,0,44,0,19,47,1,67,99,0,99,166
06/23/2008,FMN,NM,ASW,WE,Federal Contract Tower,0,15,6,0,21,0,5,42,4,51,0,20,48,4,72,203,0,203,275
06/24/2008,FMN,NM,ASW,WE,Federal Contract Tower,0,13,15,0,28,0,4,49,0,53,0,17,64,0,81,102,0,102,183
06/25/2008,FMN,NM,ASW,WE,Federal Contract Tower,0,12,10,0,22,0,11,53,0,64,0,23,63,0,86,151,0,151,237
06/26/2008,FMN,NM,ASW,WE,Federal Contract Tower,0,16,11,0,27,0,5,58,0,63,0,21,69,0,90,123,0,123,213
06/27/2008,FMN,NM,ASW,WE,Federal Contract Tower,0,10,13,0,23,0,23,62,0,85,0,33,75,0,108,135,0,135,243
06/28/2008,FMN,NM,ASW,WE,Federal Contract Tower,0,8,7,0,15,0,4,42,0,46,0,12,49,0,61,200,0,200,261
06/29/2008,FMN,NM,ASW,WE,Federal Contract Tower,0,15,5,0,20,0,8,52,0,60,0,23,57,0,80,52,0,52,132
06/30/2008,FMN,NM,ASW,WE,Federal Contract Tower,0,19,5,0,24,0,14,47,0,61,0,33,52,0,85,146,0,146,231
07/01/2008,FMN,NM,ASW,WE,Federal Contract Tower,0,20,7,0,27,0,10,35,0,45,0,30,42,0,72,93,0,93,165
07/02/2008,FMN,NM,ASW,WE,Federal Contract Tower,0,14,5,6,25,0,16,57,2,75,0,30,62,8,100,84,8,92,192
07/03/2008,FMN,NM,ASW,WE,Federal Contract Tower,0,14,4,2,20,0,26,61,0,87,0,40,65,2,107,138,0,138,245
07/04/2008,FMN,NM,ASW,WE,Federal Contract Tower,0,10,4,0,14,0,0,32,0,32,0,10,36,0,46,42,0,42,88
07/05/2008,FMN,NM,ASW,WE,Federal Contract Tower,0,10,2,0,12,0,7,18,0,25,0,17,20,0,37,49,0,49,86
07/06/2008,FMN,NM,ASW,WE,Federal Contract Tower,0,12,3,0,15,0,2,45,0,47,0,14,48,0,62,16,0,16,78
07/07/2008,FMN,NM,ASW,WE,Federal Contract Tower,0,15,11,0,26,0,10,57,6,73,0,25,68,6,99,144,0,144,243
07/08/2008,FMN,NM,ASW,WE,Federal Contract Tower,0,12,5,0,17,0,4,19,4,27,0,16,24,4,44,117,0,117,161
07/09/2008,FMN,NM,ASW,WE,Federal Contract Tower,0,19,4,0,23,0,12,38,0,50,0,31,42,0,73,92,0,92,165
07/10/2008,FMN,NM,ASW,WE,Federal Contract Tower,0,21,9,0,30,0,5,33,4,42,0,26,42,4,72,102,0,102,174
07/11/2008,FMN,NM,ASW,WE,Federal Contract Tower,0,24,2,8,34,0,4,39,0,43,0,28,41,8,77,110,0,110,187
07/12/2008,FMN,NM,ASW,WE,Federal Contract Tower,0,17,6,0,23,0,2,26,0,28,0,19,32,0,51,102,0,102,153
07/13/2008,FMN,NM,ASW,WE,Federal Contract Tower,0,21,6,0,27,0,2,49,0,51,0,23,55,0,78,72,0,72,150
07/14/2008,FMN,NM,ASW,WE,Federal Contract Tower,0,18,11,0,29,0,2,30,0,32,0,20,41,0,61,121,0,121,182
07/15/2008,FMN,NM,ASW,WE,Federal Contract Tower,0,17,5,0,22,0,15,22,0,37,0,32,27,0,59,129,0,129,188
07/16/2008,FMN,NM,ASW,WE,Federal Contract Tower,0,20,13,0,33,0,3,49,0,52,0,23,62,0,85,41,0,41,126
07/17/2008,FMN,NM,ASW,WE,Federal Contract Tower,0,24,7,0,31,0,4,32,0,36,0,28,39,0,67,59,0,59,126
07/18/2008,FMN,NM,ASW,WE,Federal Contract Tower,0,20,6,0,26,0,27,7,2,36,0,47,13,2,62,79,0,79,141
07/19/2008,FMN,NM,ASW,WE,Federal Contract Tower,0,15,4,0,19,0,8,42,0,50,0,23,46,0,69,74,0,74,143
07/20/2008,FMN,NM,ASW,WE,Federal Contract Tower,0,14,5,0,19,0,2,51,0,53,0,16,56,0,72,30,0,30,102
07/21/2008,FMN,NM,ASW,WE,Federal Contract Tower,0,18,9,0,27,0,5,38,0,43,0,23,47,0,70,179,0,179,249
07/22/2008,FMN,NM,ASW,WE,Federal Contract Tower,0,21,9,0,30,0,6,21,0,27,0,27,30,0,57,93,0,93,150
07/23/2008,FMN,NM,ASW,WE,Federal Contract Tower,0,19,5,0,24,0,3,18,0,21,0,22,23,0,45,110,0,110,155
07/24/2008,FMN,NM,ASW,WE,Federal Contract Tower,0,22,3,0,25,0,8,18,0,26,0,30,21,0,51,180,0,180,231
07/25/2008,FMN,NM,ASW,WE,Federal Contract Tower,0,16,9,0,25,0,10,39,0,49,0,26,48,0,74,86,0,86,160
07/26/2008,FMN,NM,ASW,WE,Federal Contract Tower,0,13,6,0,19,0,6,18,0,24,0,19,24,0,43,65,0,65,108
07/27/2008,FMN,NM,ASW,WE,Federal Contract Tower,0,15,1,0,16,0,4,55,0,59,0,19,56,0,75,30,0,30,105
07/28/2008,FMN,NM,ASW,WE,Federal Contract Tower,0,19,8,0,27,0,2,8,0,10,0,21,16,0,37,120,0,120,157
07/29/2008,FMN,NM,ASW,WE,Federal Contract Tower,0,18,14,0,32,0,4,22,3,29,0,22,36,3,61,164,0,164,225
07/30/2008,FMN,NM,ASW,WE,Federal Contract Tower,0,16,4,0,20,0,5,27,0,32,0,21,31,0,52,95,0,95,147
07/31/2008,FMN,NM,ASW,WE,Federal Contract Tower,0,26,12,0,38,0,7,14,0,21,0,33,26,0,59,222,0,222,281
08/01/2008,FMN,NM,ASW,WE,Federal Contract Tower,0,21,4,0,25,0,2,18,0,20,0,23,22,0,45,120,0,120,165
08/02/2008,FMN,NM,ASW,WE,Federal Contract Tower,0,10,2,0,12,0,1,14,0,15,0,11,16,0,27,65,0,65,92
08/03/2008,FMN,NM,ASW,WE,Federal Contract Tower,0,15,5,0,20,0,0,32,0,32,0,15,37,0,52,25,0,25,77
08/04/2008,FMN,NM,ASW,WE,Federal Contract Tower,0,17,14,0,31,0,5,10,0,15,0,22,24,0,46,67,0,67,113
08/05/2008,FMN,NM,ASW,WE,Federal Contract Tower,0,18,6,0,24,0,8,6,0,14,0,26,12,0,38,87,0,87,125
08/06/2008,FMN,NM,ASW,WE,Federal Contract Tower,0,20,11,0,31,0,5,13,2,20,0,25,24,2,51,128,10,138,189
08/07/2008,FMN,NM,ASW,WE,Federal Contract Tower,0,16,16,0,32,0,4,18,0,22,0,20,34,0,54,169,0,169,223
08/08/2008,FMN,NM,ASW,WE,Federal Contract Tower,0,13,16,0,29,0,6,49,0,55,0,19,65,0,84,66,0,66,150
08/09/2008,FMN,NM,ASW,WE,Federal Contract Tower,0,13,6,0,19,0,3,14,0,17,0,16,20,0,36,46,0,46,82
08/10/2008,FMN,NM,ASW,WE,Federal Contract Tower,0,15,5,0,20,0,0,34,0,34,0,15,39,0,54,32,0,32,86
08/11/2008,FMN,NM,ASW,WE,Federal Contract Tower,0,19,9,0,28,0,9,25,0,34,0,28,34,0,62,174,0,174,236
08/12/2008,FMN,NM,ASW,WE,Federal Contract Tower,0,12,7,0,19,0,3,38,0,41,0,15,45,0,60,151,0,151,211
08/13/2008,FMN,NM,ASW,WE,Federal Contract Tower,0,23,11,0,34,0,7,16,0,23,0,30,27,0,57,98,0,98,155
08/14/2008,FMN,NM,ASW,WE,Federal Contract Tower,0,15,11,0,26,0,2,22,0,24,0,17,33,0,50,110,0,110,160
08/15/2008,FMN,NM,ASW,WE,Federal Contract Tower,0,16,4,0,20,0,4,32,0,36,0,20,36,0,56,44,12,56,112
08/16/2008,FMN,NM,ASW,WE,Federal Contract Tower,0,11,5,0,16,0,3,20,0,23,0,14,25,0,39,32,0,32,71
08/17/2008,FMN,NM,ASW,WE,Federal Contract Tower,0,12,1,0,13,0,0,28,0,28,0,12,29,0,41,19,1,20,61
08/18/2008,FMN,NM,ASW,WE,Federal Contract Tower,0,15,8,0,23,0,1,29,1,31,0,16,37,1,54,85,0,85,139
08/19/2008,FMN,NM,ASW,WE,Federal Contract Tower,0,16,16,1,33,0,4,33,9,46,0,20,49,10,79,59,0,59,138
08/20/2008,FMN,NM,ASW,WE,Federal Contract Tower,0,17,5,2,24,0,5,42,4,51,0,22,47,6,75,60,0,60,135
08/21/2008,FMN,NM,ASW,WE,Federal Contract Tower,0,18,16,0,34,0,10,35,2,47,0,28,51,2,81,124,0,124,205
08/22/2008,FMN,NM,ASW,WE,Federal Contract Tower,0,18,5,0,23,0,9,48,0,57,0,27,53,0,80,47,0,47,127
08/23/2008,FMN,NM,ASW,WE,Federal Contract Tower,0,12,1,0,13,0,4,20,0,24,0,16,21,0,37,28,0,28,65
08/24/2008,FMN,NM,ASW,WE,Federal Contract Tower,0,10,5,0,15,0,1,40,0,41,0,11,45,0,56,51,0,51,107
08/25/2008,FMN,NM,ASW,WE,Federal Contract Tower,0,20,15,0,35,0,3,35,0,38,0,23,50,0,73,58,0,58,131
08/26/2008,FMN,NM,ASW,WE,Federal Contract Tower,0,16,7,0,23,0,7,34,0,41,0,23,41,0,64,47,0,47,111
08/27/2008,FMN,NM,ASW,WE,Federal Contract Tower,0,18,7,0,25,0,7,57,0,64,0,25,64,0,89,93,0,93,182
08/28/2008,FMN,NM,ASW,WE,Federal Contract Tower,0,14,8,0,22,0,2,36,0,38,0,16,44,0,60,86,0,86,146
08/29/2008,FMN,NM,ASW,WE,Federal Contract Tower,0,12,11,0,23,0,4,35,0,39,0,16,46,0,62,105,0,105,167
08/30/2008,FMN,NM,ASW,WE,Federal Contract Tower,0,17,4,0,21,0,5,26,0,31,0,22,30,0,52,52,0,52,104
08/31/2008,FMN,NM,ASW,WE,Federal Contract Tower,0,13,5,0,18,0,0,14,0,14,0,13,19,0,32,0,0,0,32
09/01/2008,FMN,NM,ASW,WE,Federal Contract Tower,0,13,1,0,14,0,1,7,0,8,0,14,8,0,22,131,0,131,153
09/02/2008,FMN,NM,ASW,WE,Federal Contract Tower,0,23,6,0,29,0,5,33,0,38,0,28,39,0,67,121,0,121,188
09/03/2008,FMN,NM,ASW,WE,Federal Contract Tower,0,16,6,0,22,0,2,43,0,45,0,18,49,0,67,130,0,130,197
09/04/2008,FMN,NM,ASW,WE,Federal Contract Tower,0,22,4,0,26,0,4,31,0,35,0,26,35,0,61,92,0,92,153
09/05/2008,FMN,NM,ASW,WE,Federal Contract Tower,0,21,7,0,28,0,18,54,2,74,0,39,61,2,102,156,0,156,258
09/06/2008,FMN,NM,ASW,WE,Federal Contract Tower,0,9,3,0,12,0,6,40,0,46,0,15,43,0,58,111,0,111,169
09/07/2008,FMN,NM,ASW,WE,Federal Contract Tower,0,14,6,0,20,0,3,25,0,28,0,17,31,0,48,44,0,44,92
09/08/2008,FMN,NM,ASW,WE,Federal Contract Tower,0,16,6,0,22,0,10,29,2,41,0,26,35,2,63,59,0,59,122
09/09/2008,FMN,NM,ASW,WE,Federal Contract Tower,0,17,9,0,26,0,10,45,0,55,0,27,54,0,81,143,0,143,224
09/10/2008,FMN,NM,ASW,WE,Federal Contract Tower,0,23,27,0,50,0,11,27,0,38,0,34,54,0,88,52,0,52,140
09/11/2008,FMN,NM,ASW,WE,Federal Contract Tower,0,20,10,0,30,0,9,35,0,44,0,29,45,0,74,77,0,77,151
09/12/2008,FMN,NM,ASW,WE,Federal Contract Tower,0,0,0,0,0,0,15,68,0,83,0,15,68,0,83,113,0,113,196
09/13/2008,FMN,NM,ASW,WE,Federal Contract Tower,0,9,8,0,17,0,87,6,0,93,0,96,14,0,110,264,0,264,374
09/14/2008,FMN,NM,ASW,WE,Federal Contract Tower,0,12,4,6,22,0,2,59,0,61,0,14,63,6,83,79,6,85,168
09/15/2008,FMN,NM,ASW,WE,Federal Contract Tower,0,13,12,0,25,0,4,50,0,54,0,17,62,0,79,131,0,131,210
09/16/2008,FMN,NM,ASW,WE,Federal Contract Tower,0,14,11,0,25,0,12,52,0,64,0,26,63,0,89,144,0,144,233
09/17/2008,FMN,NM,ASW,WE,Federal Contract Tower,0,14,11,0,25,0,2,54,0,56,0,16,65,0,81,140,0,140,221
09/18/2008,FMN,NM,ASW,WE,Federal Contract Tower,0,15,15,0,30,0,7,56,1,64,0,22,71,1,94,196,0,196,290
09/19/2008,FMN,NM,ASW,WE,Federal Contract Tower,0,16,9,0,25,0,15,51,0,66,0,31,60,0,91,156,0,156,247
09/20/2008,FMN,NM,ASW,WE,Federal Contract Tower,0,14,4,0,18,0,16,56,0,72,0,30,60,0,90,171,0,171,261
09/21/2008,FMN,NM,ASW,WE,Federal Contract Tower,0,15,3,0,18,0,17,45,2,64,0,32,48,2,82,112,0,112,194
09/22/2008,FMN,NM,ASW,WE,Federal Contract Tower,0,15,16,0,31,0,7,55,0,62,0,22,71,0,93,168,0,168,261
09/23/2008,FMN,NM,ASW,WE,Federal Contract Tower,0,21,13,0,34,0,9,75,0,84,0,30,88,0,118,156,0,156,274
09/24/2008,FMN,NM,ASW,WE,Federal Contract Tower,0,17,22,0,39,0,15,67,0,82,0,32,89,0,121,184,0,184,305
09/25/2008,FMN,NM,ASW,WE,Federal Contract Tower,0,22,7,2,31,0,52,7,0,59,0,74,14,2,90,168,0,168,258
09/26/2008,FMN,NM,ASW,WE,Federal Contract Tower,0,17,10,0,27,0,23,48,0,71,0,40,58,0,98,162,0,162,260
09/27/2008,FMN,NM,ASW,WE,Federal Contract Tower,0,14,4,0,18,0,5,33,0,38,0,19,37,0,56,84,0,84,140
09/28/2008,FMN,NM,ASW,WE,Federal Contract Tower,0,7,8,0,15,0,14,24,0,38,0,21,32,0,53,96,0,96,149
09/29/2008,FMN,NM,ASW,WE,Federal Contract Tower,0,21,10,0,31,0,4,31,0,35,0,25,41,0,66,121,0,121,187
09/30/2008,FMN,NM,ASW,WE,Federal Contract Tower,0,16,12,0,28,0,6,57,0,63,0,22,69,0,91,120,0,120,211
10/01/2008,FMN,NM,ASW,WE,Federal Contract Tower,0,14,11,0,25,0,13,48,0,61,0,27,59,0,86,195,0,195,281
10/02/2008,FMN,NM,ASW,WE,Federal Contract Tower,0,19,11,0,30,0,28,42,16,86,0,47,53,16,116,156,0,156,272
10/03/2008,FMN,NM,ASW,WE,Federal Contract Tower,0,22,13,0,35,0,8,62,0,70,0,30,75,0,105,155,0,155,260
10/04/2008,FMN,NM,ASW,WE,Federal Contract Tower,0,14,4,0,18,0,13,20,0,33,0,27,24,0,51,34,0,34,85
10/05/2008,FMN,NM,ASW,WE,Federal Contract Tower,0,13,6,0,19,0,0,19,2,21,0,13,25,2,40,7,0,7,47
10/06/2008,FMN,NM,ASW,WE,Federal Contract Tower,0,18,12,0,30,0,3,31,4,38,0,21,43,4,68,103,0,103,171
10/07/2008,FMN,NM,ASW,WE,Federal Contract Tower,0,17,16,2,35,0,11,39,10,60,0,28,55,12,95,183,0,183,278
10/08/2008,FMN,NM,ASW,WE,Federal Contract Tower,0,16,14,0,30,0,17,36,0,53,0,33,50,0,83,131,0,131,214
10/09/2008,FMN,NM,ASW,WE,Federal Contract Tower,0,19,12,0,31,0,17,52,0,69,0,36,64,0,100,200,0,200,300
10/10/2008,FMN,NM,ASW,WE,Federal Contract Tower,0,21,9,0,30,0,23,19,0,42,0,44,28,0,72,74,0,74,146
10/11/2008,FMN,NM,ASW,WE,Federal Contract Tower,0,11,1,0,12,0,10,9,3,22,0,21,10,3,34,0,0,0,34
10/12/2008,FMN,NM,ASW,WE,Federal Contract Tower,0,19,6,0,25,0,7,44,2,53,0,26,50,2,78,70,0,70,148
10/13/2008,FMN,NM,ASW,WE,Federal Contract Tower,0,19,12,0,31,0,7,27,0,34,0,26,39,0,65,108,0,108,173
10/14/2008,FMN,NM,ASW,WE,Federal Contract Tower,0,19,8,0,27,0,10,13,0,23,0,29,21,0,50,133,0,133,183
10/15/2008,FMN,NM,ASW,WE,Federal Contract Tower,0,15,15,0,30,0,6,47,0,53,0,21,62,0,83,197,0,197,280
10/16/2008,FMN,NM,ASW,WE,Federal Contract Tower,0,23,21,0,44,0,7,76,0,83,0,30,97,0,127,213,0,213,340
10/17/2008,FMN,NM,ASW,WE,Federal Contract Tower,0,24,10,0,34,0,15,66,0,81,0,39,76,0,115,206,0,206,321
10/18/2008,FMN,NM,ASW,WE,Federal Contract Tower,0,12,1,0,13,0,15,36,0,51,0,27,37,0,64,171,0,171,235
10/19/2008,FMN,NM,ASW,WE,Federal Contract Tower,0,15,7,0,22,0,18,51,0,69,0,33,58,0,91,169,0,169,260
10/20/2008,FMN,NM,ASW,WE,Federal Contract Tower,0,15,6,0,21,0,15,28,4,47,0,30,34,4,68,122,0,122,190
10/21/2008,FMN,NM,ASW,WE,Federal Contract Tower,0,18,3,0,21,0,7,16,0,23,0,25,19,0,44,182,0,182,226
10/22/2008,FMN,NM,ASW,WE,Federal Contract Tower,0,17,13,0,30,0,5,31,0,36,0,22,44,0,66,103,0,103,169
10/23/2008,FMN,NM,ASW,WE,Federal Contract Tower,0,23,6,0,29,0,14,59,0,73,0,37,65,0,102,174,0,174,276
10/24/2008,FMN,NM,ASW,WE,Federal Contract Tower,0,20,11,0,31,0,41,33,0,74,0,61,44,0,105,207,0,207,312
10/25/2008,FMN,NM,ASW,WE,Federal Contract Tower,0,12,2,0,14,0,6,34,0,40,0,18,36,0,54,138,0,138,192
10/26/2008,FMN,NM,ASW,WE,Federal Contract Tower,0,17,1,0,18,0,9,102,0,111,0,26,103,0,129,106,0,106,235
10/27/2008,FMN,NM,ASW,WE,Federal Contract Tower,0,17,6,0,23,1,20,63,0,84,1,37,69,0,107,215,0,215,322
10/28/2008,FMN,NM,ASW,WE,Federal Contract Tower,0,19,10,0,29,0,8,40,0,48,0,27,50,0,77,182,0,182,259
10/29/2008,FMN,NM,ASW,WE,Federal Contract Tower,0,15,14,0,29,0,11,24,0,35,0,26,38,0,64,147,0,147,211
10/30/2008,FMN,NM,ASW,WE,Federal Contract Tower,0,19,14,1,34,0,13,59,12,84,0,32,73,13,118,181,12,193,311
10/31/2008,FMN,NM,ASW,WE,Federal Contract Tower,0,16,8,2,26,0,14,33,0,47,0,30,41,2,73,225,0,225,298
11/01/2008,FMN,NM,ASW,WE,Federal Contract Tower,0,13,8,0,21,0,19,29,0,48,0,32,37,0,69,112,0,112,181
11/02/2008,FMN,NM,ASW,WE,Federal Contract Tower,0,18,11,0,29,0,17,23,0,40,0,35,34,0,69,45,0,45,114
11/03/2008,FMN,NM,ASW,WE,Federal Contract Tower,0,16,10,0,26,0,6,54,0,60,0,22,64,0,86,166,0,166,252
11/04/2008,FMN,NM,ASW,WE,Federal Contract Tower,0,20,7,0,27,0,2,35,0,37,0,22,42,0,64,154,0,154,218
11/05/2008,FMN,NM,ASW,WE,Federal Contract Tower,0,21,11,0,32,0,0,14,0,14,0,21,25,0,46,0,0,0,46
11/06/2008,FMN,NM,ASW,WE,Federal Contract Tower,0,21,13,0,34,0,8,51,2,61,0,29,64,2,95,184,12,196,291
11/07/2008,FMN,NM,ASW,WE,Federal Contract Tower,0,21,11,0,32,0,20,70,0,90,0,41,81,0,122,191,0,191,313
11/08/2008,FMN,NM,ASW,WE,Federal Contract Tower,0,15,6,0,21,0,12,35,0,47,0,27,41,0,68,226,0,226,294
11/09/2008,FMN,NM,ASW,WE,Federal Contract Tower,0,18,9,0,27,0,6,39,0,45,0,24,48,0,72,169,0,169,241
11/10/2008,FMN,NM,ASW,WE,Federal Contract Tower,0,26,14,0,40,0,7,2,0,9,0,33,16,0,49,0,0,0,49
11/11/2008,FMN,NM,ASW,WE,Federal Contract Tower,0,16,11,0,27,0,9,23,0,32,0,25,34,0,59,230,0,230,289
11/12/2008,FMN,NM,ASW,WE,Federal Contract Tower,0,19,13,0,32,0,4,41,0,45,0,23,54,0,77,205,0,205,282
11/13/2008,FMN,NM,ASW,WE,Federal Contract Tower,0,18,7,0,25,0,12,24,0,36,0,30,31,0,61,182,0,182,243
11/14/2008,FMN,NM,ASW,WE,Federal Contract Tower,0,18,9,0,27,0,7,32,0,39,0,25,41,0,66,131,0,131,197
11/15/2008,FMN,NM,ASW,WE,Federal Contract Tower,0,11,3,0,14,0,14,64,0,78,0,25,67,0,92,214,0,214,306
11/16/2008,FMN,NM,ASW,WE,Federal Contract Tower,0,15,10,0,25,0,14,32,0,46,0,29,42,0,71,38,0,38,109
11/17/2008,FMN,NM,ASW,WE,Federal Contract Tower,0,15,4,0,19,0,2,16,0,18,0,17,20,0,37,269,0,269,306
11/18/2008,FMN,NM,ASW,WE,Federal Contract Tower,0,19,6,0,25,0,6,37,4,47,0,25,43,4,72,197,0,197,269
11/19/2008,FMN,NM,ASW,WE,Federal Contract Tower,0,19,10,4,33,0,13,47,0,60,0,32,57,4,93,159,6,165,258
11/20/2008,FMN,NM,ASW,WE,Federal Contract Tower,0,23,6,0,29,0,15,52,4,71,0,38,58,4,100,278,0,278,378
11/21/2008,FMN,NM,ASW,WE,Federal Contract Tower,0,19,9,0,28,0,21,61,0,82,0,40,70,0,110,246,0,246,356
11/22/2008,FMN,NM,ASW,WE,Federal Contract Tower,0,11,6,0,17,0,9,33,0,42,0,20,39,0,59,205,2,207,266
11/23/2008,FMN,NM,ASW,WE,Federal Contract Tower,0,13,6,0,19,0,7,39,0,46,0,20,45,0,65,76,0,76,141
11/24/2008,FMN,NM,ASW,WE,Federal Contract Tower,0,11,5,2,18,0,16,35,0,51,0,27,40,2,69,221,0,221,290
11/25/2008,FMN,NM,ASW,WE,Federal Contract Tower,0,23,8,0,31,0,18,51,0,69,0,41,59,0,100,229,0,229,329
11/26/2008,FMN,NM,ASW,WE,Federal Contract Tower,0,15,9,0,24,0,3,49,0,52,0,18,58,0,76,143,0,143,219
11/27/2008,FMN,NM,ASW,WE,Federal Contract Tower,0,16,0,0,16,0,0,0,0,0,0,16,0,0,16,0,0,0,16
11/28/2008,FMN,NM,ASW,WE,Federal Contract Tower,0,19,4,0,23,0,2,3,0,5,0,21,7,0,28,0,0,0,28
11/29/2008,FMN,NM,ASW,WE,Federal Contract Tower,0,12,7,0,19,0,11,19,0,30,0,23,26,0,49,90,0,90,139
11/30/2008,FMN,NM,ASW,WE,Federal Contract Tower,0,15,7,0,22,0,11,10,0,21,0,26,17,0,43,28,0,28,71
12/01/2008,FMN,NM,ASW,WE,Federal Contract Tower,0,18,15,0,33,0,15,43,1,59,0,33,58,1,92,184,2,186,278
12/02/2008,FMN,NM,ASW,WE,Federal Contract Tower,0,20,7,0,27,0,18,41,0,59,0,38,48,0,86,221,0,221,307
12/03/2008,FMN,NM,ASW,WE,Federal Contract Tower,0,16,1,1,18,0,9,33,4,46,0,25,34,5,64,183,14,197,261
12/04/2008,FMN,NM,ASW,WE,Federal Contract Tower,0,16,12,0,28,0,19,40,0,59,0,35,52,0,87,206,0,206,293
12/05/2008,FMN,NM,ASW,WE,Federal Contract Tower,0,23,5,6,34,0,0,0,0,0,0,23,5,6,34,172,0,172,206
12/06/2008,FMN,NM,ASW,WE,Federal Contract Tower,0,13,4,0,17,0,0,0,0,0,0,13,4,0,17,167,0,167,184
12/07/2008,FMN,NM,ASW,WE,Federal Contract Tower,0,13,7,2,22,0,21,77,0,98,0,34,84,2,120,181,0,181,301
12/08/2008,FMN,NM,ASW,WE,Federal Contract Tower,0,16,16,0,32,0,28,14,0,42,0,44,30,0,74,87,0,87,161
12/09/2008,FMN,NM,ASW,WE,Federal Contract Tower,0,22,7,0,29,0,18,35,0,53,0,40,42,0,82,240,0,240,322
12/10/2008,FMN,NM,ASW,WE,Federal Contract Tower,0,19,9,1,29,0,20,57,0,77,0,39,66,1,106,186,12,198,304
12/11/2008,FMN,NM,ASW,WE,Federal Contract Tower,0,18,10,0,28,0,18,43,0,61,0,36,53,0,89,235,0,235,324
12/12/2008,FMN,NM,ASW,WE,Federal Contract Tower,0,21,12,2,35,0,12,33,4,49,0,33,45,6,84,281,0,281,365
12/13/2008,FMN,NM,ASW,WE,Federal Contract Tower,0,13,6,0,19,0,0,0,0,0,0,13,6,0,19,77,0,77,96
12/14/2008,FMN,NM,ASW,WE,Federal Contract Tower,0,11,10,0,21,0,9,7,2,18,0,20,17,2,39,45,0,45,84
12/15/2008,FMN,NM,ASW,WE,Federal Contract Tower,0,15,11,0,26,0,6,41,0,47,0,21,52,0,73,182,0,182,255
12/16/2008,FMN,NM,ASW,WE,Federal Contract Tower,0,31,11,0,42,0,1,0,0,1,0,32,11,0,43,0,0,0,43
12/17/2008,FMN,NM,ASW,WE,Federal Contract Tower,0,30,14,0,44,0,7,8,0,15,0,37,22,0,59,22,0,22,81
12/18/2008,FMN,NM,ASW,WE,Federal Contract Tower,0,25,6,0,31,0,12,2,0,14,0,37,8,0,45,0,0,0,45
12/19/2008,FMN,NM,ASW,WE,Federal Contract Tower,0,22,4,0,26,0,14,36,0,50,0,36,40,0,76,108,0,108,184
12/20/2008,FMN,NM,ASW,WE,Federal Contract Tower,0,22,8,0,30,0,4,31,0,35,0,26,39,0,65,90,0,90,155
12/21/2008,FMN,NM,ASW,WE,Federal Contract Tower,0,15,2,0,17,0,4,35,0,39,0,19,37,0,56,93,0,93,149
12/22/2008,FMN,NM,ASW,WE,Federal Contract Tower,0,22,4,0,26,0,2,8,0,10,0,24,12,0,36,55,0,55,91
12/23/2008,FMN,NM,ASW,WE,Federal Contract Tower,0,26,15,0,41,0,2,7,0,9,0,28,22,0,50,0,0,0,50
12/24/2008,FMN,NM,ASW,WE,Federal Contract Tower,0,15,9,0,24,0,15,6,0,21,0,30,15,0,45,42,0,42,87
12/25/2008,FMN,NM,ASW,WE,Federal Contract Tower,0,16,6,0,22,0,0,0,0,0,0,16,6,0,22,0,0,0,22
12/26/2008,FMN,NM,ASW,WE,Federal Contract Tower,0,22,8,0,30,0,22,2,0,24,0,44,10,0,54,0,0,0,54
12/27/2008,FMN,NM,ASW,WE,Federal Contract Tower,0,16,8,0,24,0,7,18,0,25,0,23,26,0,49,43,0,43,92
12/28/2008,FMN,NM,ASW,WE,Federal Contract Tower,0,19,2,0,21,0,12,15,0,27,0,31,17,0,48,7,0,7,55
12/29/2008,FMN,NM,ASW,WE,Federal Contract Tower,0,17,4,0,21,0,3,15,0,18,0,20,19,0,39,16,0,16,55
12/30/2008,FMN,NM,ASW,WE,Federal Contract Tower,0,16,8,0,24,0,11,31,0,42,0,27,39,0,66,45,0,45,111
12/31/2008,FMN,NM,ASW,WE,Federal Contract Tower,0,16,3,0,19,0,8,44,0,52,0,24,47,0,71,51,0,51,122
01/01/2009,FMN,NM,ASW,WE,Federal Contract Tower,0,17,4,0,21,0,19,28,0,47,0,36,32,0,68,46,0,46,114
01/02/2009,FMN,NM,ASW,WE,Federal Contract Tower,0,17,0,0,17,0,13,26,0,39,0,30,26,0,56,0,0,0,56
01/03/2009,FMN,NM,ASW,WE,Federal Contract Tower,0,13,0,0,13,0,1,0,0,1,0,14,0,0,14,0,0,0,14
01/04/2009,FMN,NM,ASW,WE,Federal Contract Tower,0,12,4,0,16,0,0,1,0,1,0,12,5,0,17,0,0,0,17
01/05/2009,FMN,NM,ASW,WE,Federal Contract Tower,0,21,14,0,35,0,0,6,0,6,0,21,20,0,41,8,0,8,49
01/06/2009,FMN,NM,ASW,WE,Federal Contract Tower,0,20,3,0,23,0,7,53,0,60,0,27,56,0,83,85,0,85,168
01/07/2009,FMN,NM,ASW,WE,Federal Contract Tower,0,16,7,2,25,0,5,41,0,46,0,21,48,2,71,76,0,76,147
01/08/2009,FMN,NM,ASW,WE,Federal Contract Tower,0,18,8,0,26,0,13,27,0,40,0,31,35,0,66,114,0,114,180
01/09/2009,FMN,NM,ASW,WE,Federal Contract Tower,0,20,11,0,31,0,18,37,0,55,0,38,48,0,86,97,0,97,183
01/10/2009,FMN,NM,ASW,WE,Federal Contract Tower,0,13,3,0,16,0,16,17,0,33,0,29,20,0,49,105,0,105,154
01/11/2009,FMN,NM,ASW,WE,Federal Contract Tower,0,18,5,2,25,0,0,27,0,27,0,18,32,2,52,65,0,65,117
01/12/2009,FMN,NM,ASW,WE,Federal Contract Tower,0,16,3,0,19,0,6,19,0,25,0,22,22,0,44,83,0,83,127
01/13/2009,FMN,NM,ASW,WE,Federal Contract Tower,0,19,7,0,26,0,9,35,0,44,0,28,42,0,70,57,0,57,127
01/14/2009,FMN,NM,ASW,WE,Federal Contract Tower,0,20,6,0,26,0,12,52,0,64,0,32,58,0,90,158,0,158,248
01/15/2009,FMN,NM,ASW,WE,Federal Contract Tower,0,18,9,0,27,0,10,44,0,54,0,28,53,0,81,116,0,116,197
01/16/2009,FMN,NM,ASW,WE,Federal Contract Tower,0,22,8,4,34,0,21,27,0,48,0,43,35,4,82,142,4,146,228
01/17/2009,FMN,NM,ASW,WE,Federal Contract Tower,0,11,5,0,16,0,14,45,4,63,0,25,50,4,79,149,0,149,228
01/18/2009,FMN,NM,ASW,WE,Federal Contract Tower,0,12,9,0,21,0,6,26,0,32,0,18,35,0,53,82,0,82,135
01/19/2009,FMN,NM,ASW,WE,Federal Contract Tower,0,14,3,0,17,0,3,26,0,29,0,17,29,0,46,159,0,159,205
01/20/2009,FMN,NM,ASW,WE,Federal Contract Tower,0,19,4,0,23,0,8,27,0,35,0,27,31,0,58,108,0,108,166
01/21/2009,FMN,NM,ASW,WE,Federal Contract Tower,0,20,7,0,27,0,7,27,0,34,0,27,34,0,61,104,0,104,165
01/22/2009,FMN,NM,ASW,WE,Federal Contract Tower,0,20,2,0,22,0,6,36,0,42,0,26,38,0,64,126,0,126,190
01/23/2009,FMN,NM,ASW,WE,Federal Contract Tower,0,25,10,0,35,0,21,30,0,51,0,46,40,0,86,83,0,83,169
01/24/2009,FMN,NM,ASW,WE,Federal Contract Tower,0,13,5,0,18,0,10,6,0,16,0,23,11,0,34,4,0,4,38
01/25/2009,FMN,NM,ASW,WE,Federal Contract Tower,0,14,5,2,21,0,6,21,4,31,0,20,26,6,52,91,0,91,143
01/26/2009,FMN,NM,ASW,WE,Federal Contract Tower,0,14,4,0,18,0,6,9,4,19,0,20,13,4,37,21,0,21,58
01/27/2009,FMN,NM,ASW,WE,Federal Contract Tower,0,21,8,0,29,0,16,19,0,35,0,37,27,0,64,40,0,40,104
01/28/2009,FMN,NM,ASW,WE,Federal Contract Tower,0,17,8,0,25,0,3,50,0,53,0,20,58,0,78,75,0,75,153
01/29/2009,FMN,NM,ASW,WE,Federal Contract Tower,0,21,14,0,35,0,23,35,0,58,0,44,49,0,93,106,0,106,199
01/30/2009,FMN,NM,ASW,WE,Federal Contract Tower,0,25,6,0,31,0,27,52,0,79,0,52,58,0,110,165,0,165,275
01/31/2009,FMN,NM,ASW,WE,Federal Contract Tower,0,12,3,0,15,0,13,32,0,45,0,25,35,0,60,116,0,116,176
02/01/2009,FMN,NM,ASW,WE,Federal Contract Tower,0,17,2,0,19,0,6,40,9,55,0,23,42,9,74,79,0,79,153
02/02/2009,FMN,NM,ASW,WE,Federal Contract Tower,0,18,7,0,25,0,3,33,12,48,0,21,40,12,73,55,0,55,128
02/03/2009,FMN,NM,ASW,WE,Federal Contract Tower,0,20,13,0,33,0,5,42,0,47,0,25,55,0,80,142,0,142,222
02/04/2009,FMN,NM,ASW,WE,Federal Contract Tower,0,18,6,2,26,0,6,55,0,61,0,24,61,2,87,140,0,140,227
02/05/2009,FMN,NM,ASW,WE,Federal Contract Tower,0,19,12,2,33,0,3,66,2,71,0,22,78,4,104,190,0,190,294
02/06/2009,FMN,NM,ASW,WE,Federal Contract Tower,0,19,9,0,28,0,13,60,0,73,0,32,69,0,101,167,0,167,268
02/07/2009,FMN,NM,ASW,WE,Federal Contract Tower,0,17,20,0,37,0,13,51,0,64,0,30,71,0,101,180,0,180,281
02/08/2009,FMN,NM,ASW,WE,Federal Contract Tower,0,13,6,2,21,0,4,12,0,16,0,17,18,2,37,62,0,62,99
02/09/2009,FMN,NM,ASW,WE,Federal Contract Tower,0,21,16,0,37,0,11,12,0,23,0,32,28,0,60,0,0,0,60
02/10/2009,FMN,NM,ASW,WE,Federal Contract Tower,0,27,9,2,38,0,10,6,0,16,0,37,15,2,54,0,16,16,70
02/11/2009,FMN,NM,ASW,WE,Federal Contract Tower,0,20,11,0,31,0,8,50,0,58,0,28,61,0,89,196,0,196,285
02/12/2009,FMN,NM,ASW,WE,Federal Contract Tower,0,17,15,0,32,0,14,29,0,43,0,31,44,0,75,140,0,140,215
02/13/2009,FMN,NM,ASW,WE,Federal Contract Tower,0,28,6,0,34,0,17,40,0,57,0,45,46,0,91,104,0,104,195
02/14/2009,FMN,NM,ASW,WE,Federal Contract Tower,0,16,2,0,18,0,19,20,0,39,0,35,22,0,57,85,0,85,142
02/15/2009,FMN,NM,ASW,WE,Federal Contract Tower,0,17,1,0,18,0,11,44,1,56,0,28,45,1,74,68,0,68,142
02/16/2009,FMN,NM,ASW,WE,Federal Contract Tower,0,23,5,0,28,0,17,46,2,65,0,40,51,2,93,126,0,126,219
02/17/2009,FMN,NM,ASW,WE,Federal Contract Tower,0,23,11,0,34,0,15,31,0,46,0,38,42,0,80,88,0,88,168
02/18/2009,FMN,NM,ASW,WE,Federal Contract Tower,0,21,12,0,33,0,18,31,0,49,0,39,43,0,82,102,0,102,184
02/19/2009,FMN,NM,ASW,WE,Federal Contract Tower,0,17,12,0,29,0,18,38,0,56,0,35,50,0,85,158,0,158,243
02/20/2009,FMN,NM,ASW,WE,Federal Contract Tower,0,20,8,0,28,0,16,37,0,53,0,36,45,0,81,215,0,215,296
02/21/2009,FMN,NM,ASW,WE,Federal Contract Tower,0,15,10,0,25,0,11,48,0,59,0,26,58,0,84,167,0,167,251
02/22/2009,FMN,NM,ASW,WE,Federal Contract Tower,0,14,2,0,16,0,7,37,0,44,0,21,39,0,60,114,0,114,174
02/23/2009,FMN,NM,ASW,WE,Federal Contract Tower,0,21,8,0,29,0,12,28,0,40,0,33,36,0,69,145,0,145,214
02/24/2009,FMN,NM,ASW,WE,Federal Contract Tower,0,19,7,0,26,0,18,27,0,45,0,37,34,0,71,106,0,106,177
02/25/2009,FMN,NM,ASW,WE,Federal Contract Tower,0,17,8,0,25,0,6,47,0,53,0,23,55,0,78,200,0,200,278
02/26/2009,FMN,NM,ASW,WE,Federal Contract Tower,0,18,17,0,35,0,12,60,0,72,0,30,77,0,107,183,0,183,290
02/27/2009,FMN,NM,ASW,WE,Federal Contract Tower,0,26,7,2,35,0,20,23,0,43,0,46,30,2,78,107,0,107,185
02/28/2009,FMN,NM,ASW,WE,Federal Contract Tower,0,10,4,0,14,0,15,27,0,42,0,25,31,0,56,128,0,128,184
03/01/2009,FMN,NM,ASW,WE,Federal Contract Tower,0,16,6,0,22,0,42,0,0,42,0,58,6,0,64,53,0,53,117
03/02/2009,FMN,NM,ASW,WE,Federal Contract Tower,0,21,3,0,24,0,15,27,0,42,0,36,30,0,66,79,0,79,145
03/03/2009,FMN,NM,ASW,WE,Federal Contract Tower,0,22,3,0,25,0,2,101,0,103,0,24,104,0,128,98,0,98,226
03/04/2009,FMN,NM,ASW,WE,Federal Contract Tower,0,17,9,0,26,0,6,47,2,55,0,23,56,2,81,167,0,167,248
03/05/2009,FMN,NM,ASW,WE,Federal Contract Tower,0,26,10,0,36,0,15,30,0,45,0,41,40,0,81,90,0,90,171
03/06/2009,FMN,NM,ASW,WE,Federal Contract Tower,0,20,6,0,26,0,16,30,2,48,0,36,36,2,74,100,0,100,174
03/07/2009,FMN,NM,ASW,WE,Federal Contract Tower,0,16,6,0,22,0,11,13,0,24,0,27,19,0,46,96,0,96,142
03/08/2009,FMN,NM,ASW,WE,Federal Contract Tower,0,13,8,0,21,0,5,75,0,80,0,18,83,0,101,95,0,95,196
03/09/2009,FMN,NM,ASW,WE,Federal Contract Tower,0,15,4,0,19,0,7,21,0,28,0,22,25,0,47,50,0,50,97
03/10/2009,FMN,NM,ASW,WE,Federal Contract Tower,0,22,9,0,31,0,7,13,0,20,0,29,22,0,51,63,0,63,114
03/11/2009,FMN,NM,ASW,WE,Federal Contract Tower,0,19,21,0,40,0,15,42,0,57,0,34,63,0,97,122,0,122,219
03/12/2009,FMN,NM,ASW,WE,Federal Contract Tower,0,16,12,0,28,0,14,39,0,53,0,30,51,0,81,90,0,90,171
03/13/2009,FMN,NM,ASW,WE,Federal Contract Tower,0,23,9,0,32,0,13,6,0,19,0,36,15,0,51,76,0,76,127
03/14/2009,FMN,NM,ASW,WE,Federal Contract Tower,0,15,10,0,25,0,18,22,0,40,0,33,32,0,65,172,0,172,237
03/15/2009,FMN,NM,ASW,WE,Federal Contract Tower,0,18,10,0,28,0,6,72,0,78,0,24,82,0,106,93,0,93,199
03/16/2009,FMN,NM,ASW,WE,Federal Contract Tower,0,19,6,1,26,0,10,63,1,74,0,29,69,2,100,198,0,198,298
03/17/2009,FMN,NM,ASW,WE,Federal Contract Tower,0,21,11,0,32,0,14,31,0,45,0,35,42,0,77,118,0,118,195
03/18/2009,FMN,NM,ASW,WE,Federal Contract Tower,0,17,10,0,27,0,6,36,0,42,0,23,46,0,69,83,0,83,152
03/19/2009,FMN,NM,ASW,WE,Federal Contract Tower,0,18,7,0,25,0,12,35,0,47,0,30,42,0,72,138,0,138,210
03/20/2009,FMN,NM,ASW,WE,Federal Contract Tower,0,20,11,0,31,0,10,39,4,53,0,30,50,4,84,122,0,122,206
03/21/2009,FMN,NM,ASW,WE,Federal Contract Tower,0,10,0,0,10,0,0,0,0,0,0,10,0,0,10,75,0,75,85
03/22/2009,FMN,NM,ASW,WE,Federal Contract Tower,0,15,7,0,22,0,4,24,0,28,0,19,31,0,50,34,0,34,84
03/23/2009,FMN,NM,ASW,WE,Federal Contract Tower,0,23,4,0,27,0,16,16,0,32,0,39,20,0,59,68,0,68,127
03/24/2009,FMN,NM,ASW,WE,Federal Contract Tower,0,21,9,0,30,0,13,41,0,54,0,34,50,0,84,77,0,77,161
03/25/2009,FMN,NM,ASW,WE,Federal Contract Tower,0,18,13,2,33,0,7,43,0,50,0,25,56,2,83,74,2,76,159
03/26/2009,FMN,NM,ASW,WE,Federal Contract Tower,0,12,9,0,21,0,5,10,0,15,0,17,19,0,36,3,0,3,39
03/27/2009,FMN,NM,ASW,WE,Federal Contract Tower,0,25,7,0,32,0,22,26,0,48,0,47,33,0,80,85,0,85,165
03/28/2009,FMN,NM,ASW,WE,Federal Contract Tower,0,17,8,0,25,0,12,37,0,49,0,29,45,0,74,139,0,139,213
03/29/2009,FMN,NM,ASW,WE,Federal Contract Tower,0,17,10,0,27,0,14,20,0,34,0,31,30,0,61,47,0,47,108
03/30/2009,FMN,NM,ASW,WE,Federal Contract Tower,0,19,8,0,27,0,20,22,0,42,0,39,30,0,69,61,0,61,130
03/31/2009,FMN,NM,ASW,WE,Federal Contract Tower,0,22,9,0,31,0,13,44,0,57,0,35,53,0,88,88,0,88,176
04/01/2009,FMN,NM,ASW,WE,Federal Contract Tower,0,21,6,0,27,0,7,7,0,14,0,28,13,0,41,23,0,23,64
04/02/2009,FMN,NM,ASW,WE,Federal Contract Tower,0,17,13,0,30,0,15,30,0,45,0,32,43,0,75,45,0,45,120
04/03/2009,FMN,NM,ASW,WE,Federal Contract Tower,0,38,13,0,51,0,12,34,0,46,0,50,47,0,97,54,0,54,151
04/04/2009,FMN,NM,ASW,WE,Federal Contract Tower,0,14,6,0,20,0,16,10,0,26,0,30,16,0,46,76,0,76,122
04/05/2009,FMN,NM,ASW,WE,Federal Contract Tower,0,20,17,0,37,0,11,86,0,97,0,31,103,0,134,108,0,108,242
04/06/2009,FMN,NM,ASW,WE,Federal Contract Tower,0,14,7,0,21,0,8,50,0,58,0,22,57,0,79,130,0,130,209
04/07/2009,FMN,NM,ASW,WE,Federal Contract Tower,0,19,14,0,33,0,19,43,0,62,0,38,57,0,95,117,0,117,212
04/08/2009,FMN,NM,ASW,WE,Federal Contract Tower,0,24,13,0,37,0,9,28,0,37,0,33,41,0,74,73,0,73,147
04/09/2009,FMN,NM,ASW,WE,Federal Contract Tower,0,24,7,0,31,0,7,49,0,56,0,31,56,0,87,36,0,36,123
04/10/2009,FMN,NM,ASW,WE,Federal Contract Tower,0,28,9,0,37,0,16,57,0,73,0,44,66,0,110,196,0,196,306
04/11/2009,FMN,NM,ASW,WE,Federal Contract Tower,0,22,6,0,28,0,20,13,0,33,0,42,19,0,61,40,0,40,101
04/12/2009,FMN,NM,ASW,WE,Federal Contract Tower,0,22,15,0,37,0,15,22,0,37,0,37,37,0,74,56,0,56,130
04/13/2009,FMN,NM,ASW,WE,Federal Contract Tower,0,19,7,0,26,0,9,49,0,58,0,28,56,0,84,151,0,151,235
04/14/2009,FMN,NM,ASW,WE,Federal Contract Tower,0,24,8,0,32,0,13,44,10,67,0,37,52,10,99,144,0,144,243
04/15/2009,FMN,NM,ASW,WE,Federal Contract Tower,0,24,14,0,38,0,12,48,0,60,0,36,62,0,98,68,0,68,166
04/16/2009,FMN,NM,ASW,WE,Federal Contract Tower,0,21,7,0,28,0,50,60,0,110,0,71,67,0,138,139,0,139,277
04/17/2009,FMN,NM,ASW,WE,Federal Contract Tower,0,27,19,0,46,0,14,39,0,53,0,41,58,0,99,99,0,99,198
04/18/2009,FMN,NM,ASW,WE,Federal Contract Tower,0,25,13,0,38,0,20,41,0,61,0,45,54,0,99,97,0,97,196
04/19/2009,FMN,NM,ASW,WE,Federal Contract Tower,0,16,15,0,31,0,14,56,0,70,0,30,71,0,101,118,0,118,219
04/20/2009,FMN,NM,ASW,WE,Federal Contract Tower,0,15,6,2,23,0,7,38,0,45,0,22,44,2,68,176,0,176,244
04/21/2009,FMN,NM,ASW,WE,Federal Contract Tower,0,24,16,0,40,0,16,65,12,93,0,40,81,12,133,186,12,198,331
04/22/2009,FMN,NM,ASW,WE,Federal Contract Tower,0,26,5,0,31,0,13,52,0,65,0,39,57,0,96,95,0,95,191
04/23/2009,FMN,NM,ASW,WE,Federal Contract Tower,0,19,6,0,25,0,6,59,0,65,0,25,65,0,90,104,0,104,194
04/24/2009,FMN,NM,ASW,WE,Federal Contract Tower,0,27,11,0,38,0,42,52,0,94,0,69,63,0,132,116,0,116,248
04/25/2009,FMN,NM,ASW,WE,Federal Contract Tower,0,22,7,0,29,0,8,33,2,43,0,30,40,2,72,56,0,56,128
04/26/2009,FMN,NM,ASW,WE,Federal Contract Tower,0,12,17,0,29,0,1,60,0,61,0,13,77,0,90,120,0,120,210
04/27/2009,FMN,NM,ASW,WE,Federal Contract Tower,0,20,9,0,29,0,9,35,0,44,0,29,44,0,73,136,0,136,209
04/28/2009,FMN,NM,ASW,WE,Federal Contract Tower,0,19,12,0,31,0,20,40,0,60,0,39,52,0,91,89,0,89,180
04/29/2009,FMN,NM,ASW,WE,Federal Contract Tower,0,24,4,0,28,0,13,55,0,68,0,37,59,0,96,202,0,202,298
04/30/2009,FMN,NM,ASW,WE,Federal Contract Tower,0,22,11,0,33,0,3,56,2,61,0,25,67,2,94,133,0,133,227
05/01/2009,FMN,NM,ASW,WE,Federal Contract Tower,0,22,5,0,27,0,15,46,0,61,0,37,51,0,88,153,0,153,241
05/02/2009,FMN,NM,ASW,WE,Federal Contract Tower,0,15,10,1,26,0,12,19,1,32,0,27,29,2,58,10,0,10,68
05/03/2009,FMN,NM,ASW,WE,Federal Contract Tower,0,10,5,0,15,0,2,34,0,36,0,12,39,0,51,68,0,68,119
05/04/2009,FMN,NM,ASW,WE,Federal Contract Tower,0,16,8,0,24,0,11,23,2,36,0,27,31,2,60,51,10,61,121
05/05/2009,FMN,NM,ASW,WE,Federal Contract Tower,0,18,6,0,24,0,12,44,2,58,0,30,50,2,82,95,0,95,177
05/06/2009,FMN,NM,ASW,WE,Federal Contract Tower,0,24,8,2,34,0,3,39,0,42,0,27,47,2,76,105,0,105,181
05/07/2009,FMN,NM,ASW,WE,Federal Contract Tower,0,17,10,0,27,0,5,50,0,55,0,22,60,0,82,85,0,85,167
05/08/2009,FMN,NM,ASW,WE,Federal Contract Tower,0,17,4,0,21,0,31,39,0,70,0,48,43,0,91,79,0,79,170
05/09/2009,FMN,NM,ASW,WE,Federal Contract Tower,0,12,2,1,15,0,3,38,0,41,0,15,40,1,56,97,0,97,153
05/10/2009,FMN,NM,ASW,WE,Federal Contract Tower,0,15,5,0,20,0,6,33,0,39,0,21,38,0,59,28,0,28,87
05/11/2009,FMN,NM,ASW,WE,Federal Contract Tower,0,17,9,3,29,0,6,30,0,36,0,23,39,3,65,51,8,59,124
05/12/2009,FMN,NM,ASW,WE,Federal Contract Tower,0,24,4,2,30,0,9,24,0,33,0,33,28,2,63,77,0,77,140
05/13/2009,FMN,NM,ASW,WE,Federal Contract Tower,0,20,14,0,34,0,5,46,0,51,0,25,60,0,85,79,0,79,164
05/14/2009,FMN,NM,ASW,WE,Federal Contract Tower,0,20,14,0,34,0,7,41,0,48,0,27,55,0,82,95,0,95,177
05/15/2009,FMN,NM,ASW,WE,Federal Contract Tower,0,22,10,0,32,0,16,50,0,66,0,38,60,0,98,107,0,107,205
05/16/2009,FMN,NM,ASW,WE,Federal Contract Tower,0,12,1,0,13,0,7,33,0,40,0,19,34,0,53,102,0,102,155
05/17/2009,FMN,NM,ASW,WE,Federal Contract Tower,0,10,4,0,14,0,0,49,0,49,0,10,53,0,63,69,0,69,132
05/18/2009,FMN,NM,ASW,WE,Federal Contract Tower,0,18,7,4,29,0,7,35,0,42,0,25,42,4,71,37,0,37,108
05/19/2009,FMN,NM,ASW,WE,Federal Contract Tower,0,20,16,0,36,0,11,36,0,47,0,31,52,0,83,64,0,64,147
05/20/2009,FMN,NM,ASW,WE,Federal Contract Tower,0,18,8,2,28,0,7,37,0,44,0,25,45,2,72,72,12,84,156
05/21/2009,FMN,NM,ASW,WE,Federal Contract Tower,0,26,13,0,39,0,5,36,0,41,0,31,49,0,80,86,0,86,166
05/22/2009,FMN,NM,ASW,WE,Federal Contract Tower,0,22,7,0,29,0,15,16,0,31,0,37,23,0,60,51,0,51,111
05/23/2009,FMN,NM,ASW,WE,Federal Contract Tower,0,17,8,0,25,0,2,14,0,16,0,19,22,0,41,54,0,54,95
05/24/2009,FMN,NM,ASW,WE,Federal Contract Tower,0,13,4,0,17,0,3,20,0,23,0,16,24,0,40,20,0,20,60
05/25/2009,FMN,NM,ASW,WE,Federal Contract Tower,0,12,5,0,17,0,3,31,0,34,0,15,36,0,51,57,0,57,108
05/26/2009,FMN,NM,ASW,WE,Federal Contract Tower,0,16,13,2,31,0,14,38,0,52,0,30,51,2,83,72,6,78,161
05/27/2009,FMN,NM,ASW,WE,Federal Contract Tower,0,20,6,0,26,0,7,37,19,63,0,27,43,19,89,100,0,100,189
05/28/2009,FMN,NM,ASW,WE,Federal Contract Tower,0,16,9,0,25,0,8,49,0,57,0,24,58,0,82,74,0,74,156
05/29/2009,FMN,NM,ASW,WE,Federal Contract Tower,0,23,9,1,33,0,14,61,1,76,0,37,70,2,109,144,6,150,259
05/30/2009,FMN,NM,ASW,WE,Federal Contract Tower,0,15,6,0,21,0,22,37,0,59,0,37,43,0,80,79,0,79,159
05/31/2009,FMN,NM,ASW,WE,Federal Contract Tower,0,8,11,0,19,0,0,36,1,37,0,8,47,1,56,26,0,26,82
06/01/2009,FMN,NM,ASW,WE,Federal Contract Tower,0,15,18,0,33,0,6,44,0,50,0,21,62,0,83,44,0,44,127
06/02/2009,FMN,NM,ASW,WE,Federal Contract Tower,0,22,7,0,29,0,15,31,0,46,0,37,38,0,75,67,0,67,142
06/03/2009,FMN,NM,ASW,WE,Federal Contract Tower,0,18,14,0,32,0,11,39,0,50,0,29,53,0,82,113,0,113,195
06/04/2009,FMN,NM,ASW,WE,Federal Contract Tower,0,18,7,0,25,0,10,45,0,55,0,28,52,0,80,121,0,121,201
06/05/2009,FMN,NM,ASW,WE,Federal Contract Tower,0,20,6,0,26,0,25,48,0,73,0,45,54,0,99,85,0,85,184
06/06/2009,FMN,NM,ASW,WE,Federal Contract Tower,0,17,1,0,18,0,7,46,0,53,0,24,47,0,71,122,0,122,193
06/07/2009,FMN,NM,ASW,WE,Federal Contract Tower,0,10,6,0,16,0,22,32,0,54,0,32,38,0,70,88,0,88,158
06/08/2009,FMN,NM,ASW,WE,Federal Contract Tower,0,16,5,0,21,0,18,56,0,74,0,34,61,0,95,118,0,118,213
06/09/2009,FMN,NM,ASW,WE,Federal Contract Tower,0,16,4,0,20,0,12,22,0,34,0,28,26,0,54,95,0,95,149
06/10/2009,FMN,NM,ASW,WE,Federal Contract Tower,0,22,15,0,37,0,11,33,0,44,0,33,48,0,81,54,0,54,135
06/11/2009,FMN,NM,ASW,WE,Federal Contract Tower,0,19,9,0,28,0,14,54,0,68,0,33,63,0,96,128,0,128,224
06/12/2009,FMN,NM,ASW,WE,Federal Contract Tower,0,20,10,0,30,0,31,53,0,84,0,51,63,0,114,152,0,152,266
06/13/2009,FMN,NM,ASW,WE,Federal Contract Tower,0,12,7,1,20,0,12,42,0,54,0,24,49,1,74,74,6,80,154
06/14/2009,FMN,NM,ASW,WE,Federal Contract Tower,0,16,4,0,20,0,10,44,0,54,0,26,48,0,74,95,0,95,169
06/15/2009,FMN,NM,ASW,WE,Federal Contract Tower,0,22,14,0,36,0,23,40,0,63,0,45,54,0,99,111,0,111,210
06/16/2009,FMN,NM,ASW,WE,Federal Contract Tower,0,28,17,0,45,0,20,57,0,77,0,48,74,0,122,210,0,210,332
06/17/2009,FMN,NM,ASW,WE,Federal Contract Tower,0,26,12,0,38,0,25,36,0,61,0,51,48,0,99,140,0,140,239
06/18/2009,FMN,NM,ASW,WE,Federal Contract Tower,0,25,6,0,31,0,9,44,0,53,0,34,50,0,84,84,0,84,168
06/19/2009,FMN,NM,ASW,WE,Federal Contract Tower,0,15,16,0,31,0,27,56,0,83,0,42,72,0,114,138,0,138,252
06/20/2009,FMN,NM,ASW,WE,Federal Contract Tower,0,16,8,0,24,0,18,38,0,56,0,34,46,0,80,112,0,112,192
06/21/2009,FMN,NM,ASW,WE,Federal Contract Tower,0,9,4,0,13,0,6,41,0,47,0,15,45,0,60,21,0,21,81
06/22/2009,FMN,NM,ASW,WE,Federal Contract Tower,0,19,10,0,29,0,26,53,0,79,0,45,63,0,108,143,0,143,251
06/23/2009,FMN,NM,ASW,WE,Federal Contract Tower,0,22,15,0,37,0,43,31,0,74,0,65,46,0,111,219,0,219,330
06/24/2009,FMN,NM,ASW,WE,Federal Contract Tower,0,22,2,0,24,0,22,53,0,75,0,44,55,0,99,255,0,255,354
06/25/2009,FMN,NM,ASW,WE,Federal Contract Tower,0,26,2,1,29,0,13,42,0,55,0,39,44,1,84,85,0,85,169
06/26/2009,FMN,NM,ASW,WE,Federal Contract Tower,0,24,10,0,34,0,18,39,0,57,0,42,49,0,91,168,0,168,259
06/27/2009,FMN,NM,ASW,WE,Federal Contract Tower,0,24,13,0,37,0,16,52,0,68,0,40,65,0,105,80,0,80,185
06/28/2009,FMN,NM,ASW,WE,Federal Contract Tower,0,19,7,0,26,0,10,35,0,45,0,29,42,0,71,87,0,87,158
06/29/2009,FMN,NM,ASW,WE,Federal Contract Tower,0,22,14,0,36,0,14,54,0,68,0,36,68,0,104,175,0,175,279
06/30/2009,FMN,NM,ASW,WE,Federal Contract Tower,0,22,12,0,34,0,26,41,0,67,0,48,53,0,101,152,0,152,253
07/01/2009,FMN,NM,ASW,WE,Federal Contract Tower,0,24,13,0,37,0,7,66,0,73,0,31,79,0,110,195,0,195,305
07/02/2009,FMN,NM,ASW,WE,Federal Contract Tower,0,18,9,2,29,0,3,64,1,68,0,21,73,3,97,102,2,104,201
07/03/2009,FMN,NM,ASW,WE,Federal Contract Tower,0,22,6,0,28,0,21,36,0,57,0,43,42,0,85,132,0,132,217
07/04/2009,FMN,NM,ASW,WE,Federal Contract Tower,0,22,4,0,26,0,25,27,0,52,0,47,31,0,78,29,0,29,107
07/05/2009,FMN,NM,ASW,WE,Federal Contract Tower,0,21,12,0,33,0,21,46,2,69,0,42,58,2,102,117,10,127,229
07/06/2009,FMN,NM,ASW,WE,Federal Contract Tower,0,17,4,0,21,0,22,20,0,42,0,39,24,0,63,81,0,81,144
07/07/2009,FMN,NM,ASW,WE,Federal Contract Tower,0,19,2,0,21,0,4,24,0,28,0,23,26,0,49,114,0,114,163
07/08/2009,FMN,NM,ASW,WE,Federal Contract Tower,0,24,9,0,33,0,4,37,0,41,0,28,46,0,74,94,0,94,168
07/09/2009,FMN,NM,ASW,WE,Federal Contract Tower,0,16,6,0,22,0,6,31,0,37,0,22,37,0,59,115,0,115,174
07/10/2009,FMN,NM,ASW,WE,Federal Contract Tower,0,18,1,0,19,0,16,47,0,63,0,34,48,0,82,83,0,83,165
07/11/2009,FMN,NM,ASW,WE,Federal Contract Tower,0,17,8,0,25,0,18,34,0,52,0,35,42,0,77,120,0,120,197
07/12/2009,FMN,NM,ASW,WE,Federal Contract Tower,0,15,7,0,22,0,16,26,0,42,0,31,33,0,64,49,0,49,113
07/13/2009,FMN,NM,ASW,WE,Federal Contract Tower,0,25,9,0,34,0,19,47,0,66,0,44,56,0,100,149,0,149,249
07/14/2009,FMN,NM,ASW,WE,Federal Contract Tower,0,21,8,0,29,0,17,47,0,64,0,38,55,0,93,129,0,129,222
07/15/2009,FMN,NM,ASW,WE,Federal Contract Tower,0,22,6,0,28,0,12,23,0,35,0,34,29,0,63,177,0,177,240
07/16/2009,FMN,NM,ASW,WE,Federal Contract Tower,0,22,5,0,27,0,0,0,0,0,0,22,5,0,27,126,0,126,153
07/17/2009,FMN,NM,ASW,WE,Federal Contract Tower,0,24,7,1,32,0,16,33,1,50,0,40,40,2,82,156,0,156,238
07/18/2009,FMN,NM,ASW,WE,Federal Contract Tower,0,14,5,0,19,0,14,25,0,39,0,28,30,0,58,134,0,134,192
07/19/2009,FMN,NM,ASW,WE,Federal Contract Tower,0,12,14,0,26,0,0,0,0,0,0,12,14,0,26,27,0,27,53
07/20/2009,FMN,NM,ASW,WE,Federal Contract Tower,0,24,12,0,36,0,14,33,0,47,0,38,45,0,83,107,0,107,190
07/21/2009,FMN,NM,ASW,WE,Federal Contract Tower,0,27,9,0,36,0,21,24,0,45,0,48,33,0,81,208,0,208,289
07/22/2009,FMN,NM,ASW,WE,Federal Contract Tower,0,22,7,0,29,0,1,57,2,60,0,23,64,2,89,87,0,87,176
07/23/2009,FMN,NM,ASW,WE,Federal Contract Tower,0,20,4,2,26,0,6,59,0,65,0,26,63,2,91,108,0,108,199
07/24/2009,FMN,NM,ASW,WE,Federal Contract Tower,0,28,15,10,53,0,20,48,4,72,0,48,63,14,125,164,0,164,289
07/25/2009,FMN,NM,ASW,WE,Federal Contract Tower,0,23,14,0,37,0,23,43,0,66,0,46,57,0,103,114,0,114,217
07/26/2009,FMN,NM,ASW,WE,Federal Contract Tower,0,12,9,0,21,0,24,37,0,61,0,36,46,0,82,38,0,38,120
07/27/2009,FMN,NM,ASW,WE,Federal Contract Tower,0,19,7,0,26,0,13,43,0,56,0,32,50,0,82,112,0,112,194
07/28/2009,FMN,NM,ASW,WE,Federal Contract Tower,0,22,8,0,30,0,19,33,4,56,0,41,41,4,86,112,0,112,198
07/29/2009,FMN,NM,ASW,WE,Federal Contract Tower,0,21,12,7,40,0,42,40,0,82,0,63,52,7,122,104,0,104,226
07/30/2009,FMN,NM,ASW,WE,Federal Contract Tower,0,20,10,0,30,0,9,46,0,55,0,29,56,0,85,106,0,106,191
07/31/2009,FMN,NM,ASW,WE,Federal Contract Tower,0,15,3,2,20,0,10,61,4,75,0,25,64,6,95,70,0,70,165
08/01/2009,FMN,NM,ASW,WE,Federal Contract Tower,0,26,17,0,43,0,33,41,0,74,0,59,58,0,117,128,0,128,245
08/02/2009,FMN,NM,ASW,WE,Federal Contract Tower,0,15,12,0,27,0,25,46,0,71,0,40,58,0,98,86,0,86,184
08/03/2009,FMN,NM,ASW,WE,Federal Contract Tower,0,21,11,0,32,0,25,34,0,59,0,46,45,0,91,122,0,122,213
08/04/2009,FMN,NM,ASW,WE,Federal Contract Tower,0,19,2,0,21,0,17,43,2,62,0,36,45,2,83,113,0,113,196
08/05/2009,FMN,NM,ASW,WE,Federal Contract Tower,0,16,11,0,27,0,7,66,0,73,0,23,77,0,100,102,0,102,202
08/06/2009,FMN,NM,ASW,WE,Federal Contract Tower,0,19,13,0,32,0,4,57,0,61,0,23,70,0,93,70,0,70,163
08/07/2009,FMN,NM,ASW,WE,Federal Contract Tower,0,16,14,0,30,0,17,34,0,51,0,33,48,0,81,122,0,122,203
08/08/2009,FMN,NM,ASW,WE,Federal Contract Tower,0,26,19,0,45,0,24,43,0,67,0,50,62,0,112,144,0,144,256
08/09/2009,FMN,NM,ASW,WE,Federal Contract Tower,0,13,8,0,21,0,14,33,0,47,0,27,41,0,68,35,0,35,103
08/10/2009,FMN,NM,ASW,WE,Federal Contract Tower,0,17,6,1,24,0,16,47,4,67,0,33,53,5,91,138,0,138,229
08/11/2009,FMN,NM,ASW,WE,Federal Contract Tower,0,19,9,0,28,0,6,65,2,73,0,25,74,2,101,103,4,107,208
08/12/2009,FMN,NM,ASW,WE,Federal Contract Tower,0,21,14,0,35,0,19,54,0,73,0,40,68,0,108,214,0,214,322
08/13/2009,FMN,NM,ASW,WE,Federal Contract Tower,0,22,10,0,32,0,7,53,0,60,0,29,63,0,92,106,0,106,198
08/14/2009,FMN,NM,ASW,WE,Federal Contract Tower,0,22,24,0,46,0,19,56,7,82,0,41,80,7,128,124,0,124,252
08/15/2009,FMN,NM,ASW,WE,Federal Contract Tower,0,25,11,0,36,0,18,30,0,48,0,43,41,0,84,99,0,99,183
08/16/2009,FMN,NM,ASW,WE,Federal Contract Tower,0,17,16,0,33,0,25,31,0,56,0,42,47,0,89,18,0,18,107
08/17/2009,FMN,NM,ASW,WE,Federal Contract Tower,0,14,8,0,22,0,15,44,0,59,0,29,52,0,81,212,0,212,293
08/18/2009,FMN,NM,ASW,WE,Federal Contract Tower,0,25,10,0,35,0,10,54,0,64,0,35,64,0,99,152,0,152,251
08/19/2009,FMN,NM,ASW,WE,Federal Contract Tower,0,21,11,2,34,0,16,50,0,66,0,37,61,2,100,192,0,192,292
08/20/2009,FMN,NM,ASW,WE,Federal Contract Tower,18,0,12,0,30,0,1,53,2,56,18,1,65,2,86,100,0,100,186
08/21/2009,FMN,NM,ASW,WE,Federal Contract Tower,0,27,14,0,41,0,18,48,0,66,0,45,62,0,107,140,0,140,247
08/22/2009,FMN,NM,ASW,WE,Federal Contract Tower,0,21,8,0,29,0,20,27,0,47,0,41,35,0,76,114,0,114,190
08/23/2009,FMN,NM,ASW,WE,Federal Contract Tower,0,18,16,0,34,0,18,27,0,45,0,36,43,0,79,46,0,46,125
08/24/2009,FMN,NM,ASW,WE,Federal Contract Tower,0,16,3,0,19,0,3,42,0,45,0,19,45,0,64,160,0,160,224
08/25/2009,FMN,NM,ASW,WE,Federal Contract Tower,0,23,10,4,37,0,22,65,6,93,0,45,75,10,130,106,0,106,236
08/26/2009,FMN,NM,ASW,WE,Federal Contract Tower,0,26,22,0,48,0,21,49,0,70,0,47,71,0,118,187,0,187,305
08/27/2009,FMN,NM,ASW,WE,Federal Contract Tower,0,21,5,0,26,0,8,33,0,41,0,29,38,0,67,70,0,70,137
08/28/2009,FMN,NM,ASW,WE,Federal Contract Tower,0,18,5,0,23,0,3,51,0,54,0,21,56,0,77,70,0,70,147
08/29/2009,FMN,NM,ASW,WE,Federal Contract Tower,0,25,17,0,42,0,13,42,0,55,0,38,59,0,97,44,0,44,141
08/30/2009,FMN,NM,ASW,WE,Federal Contract Tower,0,23,15,0,38,0,21,33,0,54,0,44,48,0,92,46,0,46,138
08/31/2009,FMN,NM,ASW,WE,Federal Contract Tower,0,17,3,0,20,0,10,37,0,47,0,27,40,0,67,117,0,117,184
09/01/2009,FMN,NM,ASW,WE,Federal Contract Tower,0,18,5,0,23,0,4,53,0,57,0,22,58,0,80,54,0,54,134
09/02/2009,FMN,NM,ASW,WE,Federal Contract Tower,0,27,4,0,31,0,7,62,0,69,0,34,66,0,100,126,0,126,226
09/03/2009,FMN,NM,ASW,WE,Federal Contract Tower,0,14,9,0,23,0,4,55,0,59,0,18,64,0,82,56,0,56,138
09/04/2009,FMN,NM,ASW,WE,Federal Contract Tower,0,18,13,4,35,0,12,76,0,88,0,30,89,4,123,90,10,100,223
09/05/2009,FMN,NM,ASW,WE,Federal Contract Tower,0,13,4,0,17,0,8,48,0,56,0,21,52,0,73,58,0,58,131
09/06/2009,FMN,NM,ASW,WE,Federal Contract Tower,0,9,2,0,11,0,3,21,0,24,0,12,23,0,35,10,0,10,45
09/07/2009,FMN,NM,ASW,WE,Federal Contract Tower,0,8,4,0,12,0,1,61,0,62,0,9,65,0,74,82,0,82,156
09/08/2009,FMN,NM,ASW,WE,Federal Contract Tower,0,17,3,0,20,0,4,60,0,64,0,21,63,0,84,150,0,150,234
09/09/2009,FMN,NM,ASW,WE,Federal Contract Tower,0,22,5,0,27,0,4,36,0,40,0,26,41,0,67,101,0,101,168
09/10/2009,FMN,NM,ASW,WE,Federal Contract Tower,0,17,7,0,24,0,8,56,2,66,0,25,63,2,90,117,20,137,227
09/11/2009,FMN,NM,ASW,WE,Federal Contract Tower,0,18,4,0,22,0,6,46,0,52,0,24,50,0,74,340,0,340,414
09/12/2009,FMN,NM,ASW,WE,Federal Contract Tower,0,14,2,0,16,0,7,85,4,96,0,21,87,4,112,324,0,324,436
09/13/2009,FMN,NM,ASW,WE,Federal Contract Tower,0,12,7,0,19,0,4,23,0,27,0,16,30,0,46,18,0,18,64
09/14/2009,FMN,NM,ASW,WE,Federal Contract Tower,0,21,6,0,27,0,3,48,1,52,0,24,54,1,79,96,2,98,177
09/15/2009,FMN,NM,ASW,WE,Federal Contract Tower,0,14,3,0,17,0,4,53,0,57,0,18,56,0,74,82,0,82,156
09/16/2009,FMN,NM,ASW,WE,Federal Contract Tower,0,21,12,0,33,0,2,35,0,37,0,23,47,0,70,121,0,121,191
09/17/2009,FMN,NM,ASW,WE,Federal Contract Tower,0,24,5,0,29,0,7,19,0,26,0,31,24,0,55,54,0,54,109
09/18/2009,FMN,NM,ASW,WE,Federal Contract Tower,0,15,7,0,22,0,5,37,0,42,0,20,44,0,64,38,0,38,102
09/19/2009,FMN,NM,ASW,WE,Federal Contract Tower,0,14,1,0,15,0,4,61,0,65,0,18,62,0,80,24,0,24,104
09/20/2009,FMN,NM,ASW,WE,Federal Contract Tower,0,7,9,0,16,0,0,34,0,34,0,7,43,0,50,17,0,17,67
09/21/2009,FMN,NM,ASW,WE,Federal Contract Tower,0,18,6,0,24,0,1,52,0,53,0,19,58,0,77,96,0,96,173
09/22/2009,FMN,NM,ASW,WE,Federal Contract Tower,0,13,2,0,15,0,8,75,0,83,0,21,77,0,98,111,0,111,209
09/23/2009,FMN,NM,ASW,WE,Federal Contract Tower,0,18,6,0,24,0,10,46,0,56,0,28,52,0,80,66,0,66,146
09/24/2009,FMN,NM,ASW,WE,Federal Contract Tower,0,14,8,0,22,0,10,65,4,79,0,24,73,4,101,102,0,102,203
09/25/2009,FMN,NM,ASW,WE,Federal Contract Tower,0,16,3,1,20,0,11,50,0,61,0,27,53,1,81,66,6,72,153
09/26/2009,FMN,NM,ASW,WE,Federal Contract Tower,0,11,1,0,12,0,10,56,0,66,0,21,57,0,78,97,0,97,175
09/27/2009,FMN,NM,ASW,WE,Federal Contract Tower,0,5,10,0,15,0,0,27,0,27,0,5,37,0,42,24,0,24,66
09/28/2009,FMN,NM,ASW,WE,Federal Contract Tower,0,15,9,0,24,0,8,41,0,49,0,23,50,0,73,116,0,116,189
09/29/2009,FMN,NM,ASW,WE,Federal Contract Tower,0,18,0,0,18,0,31,52,0,83,0,49,52,0,101,68,0,68,169
09/30/2009,FMN,NM,ASW,WE,Federal Contract Tower,0,20,11,0,31,0,8,38,0,46,0,28,49,0,77,87,0,87,164
10/01/2009,FMN,NM,ASW,WE,Federal Contract Tower,0,16,11,0,27,0,10,35,0,45,0,26,46,0,72,30,0,30,102
10/02/2009,FMN,NM,ASW,WE,Federal Contract Tower,0,14,7,2,23,0,11,69,0,80,0,25,76,2,103,102,0,102,205
10/03/2009,FMN,NM,ASW,WE,Federal Contract Tower,0,13,3,0,16,0,2,48,0,50,0,15,51,0,66,30,0,30,96
10/04/2009,FMN,NM,ASW,WE,Federal Contract Tower,0,7,12,1,20,0,2,20,1,23,0,9,32,2,43,6,0,6,49
10/05/2009,FMN,NM,ASW,WE,Federal Contract Tower,0,20,4,0,24,0,3,36,8,47,0,23,40,8,71,42,0,42,113
10/06/2009,FMN,NM,ASW,WE,Federal Contract Tower,0,17,3,0,20,0,2,51,0,53,0,19,54,0,73,159,0,159,232
10/07/2009,FMN,NM,ASW,WE,Federal Contract Tower,2,15,23,0,40,0,7,82,1,90,2,22,105,1,130,88,0,88,218
10/08/2009,FMN,NM,ASW,WE,Federal Contract Tower,0,17,11,2,30,0,13,40,18,71,0,30,51,20,101,78,0,78,179
10/09/2009,FMN,NM,ASW,WE,Federal Contract Tower,0,19,2,2,23,0,9,64,0,73,0,28,66,2,96,172,0,172,268
10/10/2009,FMN,NM,ASW,WE,Federal Contract Tower,0,14,7,0,21,0,8,37,0,45,0,22,44,0,66,28,0,28,94
10/11/2009,FMN,NM,ASW,WE,Federal Contract Tower,0,11,2,0,13,0,2,41,0,43,0,13,43,0,56,16,0,16,72
10/12/2009,FMN,NM,ASW,WE,Federal Contract Tower,0,23,5,0,28,0,6,32,4,42,0,29,37,4,70,24,0,24,94
10/13/2009,FMN,NM,ASW,WE,Federal Contract Tower,0,18,14,0,32,0,8,37,0,45,0,26,51,0,77,82,0,82,159
10/14/2009,FMN,NM,ASW,WE,Federal Contract Tower,0,21,5,0,26,0,4,40,0,44,0,25,45,0,70,109,0,109,179
10/15/2009,FMN,NM,ASW,WE,Federal Contract Tower,0,28,4,0,32,0,5,60,8,73,0,33,64,8,105,76,0,76,181
10/16/2009,FMN,NM,ASW,WE,Federal Contract Tower,0,13,13,1,27,0,10,54,0,64,0,23,67,1,91,72,0,72,163
10/17/2009,FMN,NM,ASW,WE,Federal Contract Tower,0,17,2,0,19,0,13,32,0,45,0,30,34,0,64,58,0,58,122
10/18/2009,FMN,NM,ASW,WE,Federal Contract Tower,0,14,7,0,21,0,11,30,0,41,0,25,37,0,62,4,0,4,66
10/19/2009,FMN,NM,ASW,WE,Federal Contract Tower,0,20,1,0,21,0,24,33,0,57,0,44,34,0,78,87,0,87,165
10/20/2009,FMN,NM,ASW,WE,Federal Contract Tower,0,19,7,0,26,0,4,47,0,51,0,23,54,0,77,58,0,58,135
10/21/2009,FMN,NM,ASW,WE,Federal Contract Tower,0,20,8,0,28,0,1,26,0,27,0,21,34,0,55,62,0,62,117
10/22/2009,FMN,NM,ASW,WE,Federal Contract Tower,0,17,5,0,22,0,8,52,0,60,0,25,57,0,82,41,0,41,123
10/23/2009,FMN,NM,ASW,WE,Federal Contract Tower,0,22,6,0,28,0,10,55,0,65,0,32,61,0,93,80,0,80,173
10/24/2009,FMN,NM,ASW,WE,Federal Contract Tower,0,8,0,0,8,0,3,31,0,34,0,11,31,0,42,28,0,28,70
10/25/2009,FMN,NM,ASW,WE,Federal Contract Tower,0,14,1,0,15,0,6,17,0,23,0,20,18,0,38,12,0,12,50
10/26/2009,FMN,NM,ASW,WE,Federal Contract Tower,0,14,2,1,17,0,9,45,0,54,0,23,47,1,71,74,0,74,145
10/27/2009,FMN,NM,ASW,WE,Federal Contract Tower,0,21,3,1,25,0,14,23,10,47,0,35,26,11,72,40,20,60,132
10/28/2009,FMN,NM,ASW,WE,Federal Contract Tower,0,23,9,0,32,0,0,1,0,1,0,23,10,0,33,12,0,12,45
10/29/2009,FMN,NM,ASW,WE,Federal Contract Tower,0,24,11,0,35,0,10,8,0,18,0,34,19,0,53,48,0,48,101
10/30/2009,FMN,NM,ASW,WE,Federal Contract Tower,0,20,6,0,26,0,12,29,0,41,0,32,35,0,67,54,0,54,121
10/31/2009,FMN,NM,ASW,WE,Federal Contract Tower,0,12,0,0,12,0,5,34,0,39,0,17,34,0,51,60,0,60,111
11/01/2009,FMN,NM,ASW,WE,Federal Contract Tower,0,13,2,0,15,0,4,39,0,43,0,17,41,0,58,34,0,34,92
11/02/2009,FMN,NM,ASW,WE,Federal Contract Tower,0,14,4,0,18,0,8,41,2,51,0,22,45,2,69,74,0,74,143
11/03/2009,FMN,NM,ASW,WE,Federal Contract Tower,0,21,8,0,29,0,12,29,0,41,0,33,37,0,70,64,0,64,134
11/04/2009,FMN,NM,ASW,WE,Federal Contract Tower,0,13,6,0,19,0,16,51,0,67,0,29,57,0,86,42,0,42,128
11/05/2009,FMN,NM,ASW,WE,Federal Contract Tower,0,22,5,0,27,0,4,32,0,36,0,26,37,0,63,24,0,24,87
11/06/2009,FMN,NM,ASW,WE,Federal Contract Tower,0,16,4,0,20,0,9,98,0,107,0,25,102,0,127,72,0,72,199
11/07/2009,FMN,NM,ASW,WE,Federal Contract Tower,0,17,1,0,18,0,2,59,0,61,0,19,60,0,79,58,0,58,137
11/08/2009,FMN,NM,ASW,WE,Federal Contract Tower,0,8,4,0,12,0,0,41,1,42,0,8,45,1,54,18,0,18,72
11/09/2009,FMN,NM,ASW,WE,Federal Contract Tower,0,16,9,0,25,0,9,39,2,50,0,25,48,2,75,48,4,52,127
11/10/2009,FMN,NM,ASW,WE,Federal Contract Tower,0,19,3,0,22,0,17,45,0,62,0,36,48,0,84,43,0,43,127
11/11/2009,FMN,NM,ASW,WE,Federal Contract Tower,0,20,6,0,26,0,9,42,1,52,0,29,48,1,78,112,0,112,190
11/12/2009,FMN,NM,ASW,WE,Federal Contract Tower,0,22,4,7,33,0,4,15,0,19,0,26,19,7,52,79,12,91,143
11/13/2009,FMN,NM,ASW,WE,Federal Contract Tower,0,24,12,0,36,0,3,23,1,27,0,27,35,1,63,44,0,44,107
11/14/2009,FMN,NM,ASW,WE,Federal Contract Tower,0,19,16,0,35,0,2,10,0,12,0,21,26,0,47,0,0,0,47
11/15/2009,FMN,NM,ASW,WE,Federal Contract Tower,0,21,4,0,25,0,3,9,0,12,0,24,13,0,37,0,0,0,37
11/16/2009,FMN,NM,ASW,WE,Federal Contract Tower,0,20,4,0,24,0,5,46,0,51,0,25,50,0,75,93,16,109,184
11/17/2009,FMN,NM,ASW,WE,Federal Contract Tower,0,16,19,0,35,0,7,44,0,51,0,23,63,0,86,59,0,59,145
11/18/2009,FMN,NM,ASW,WE,Federal Contract Tower,0,14,7,0,21,0,12,57,0,69,0,26,64,0,90,99,0,99,189
11/19/2009,FMN,NM,ASW,WE,Federal Contract Tower,0,21,10,0,31,0,7,24,0,31,0,28,34,0,62,34,0,34,96
11/20/2009,FMN,NM,ASW,WE,Federal Contract Tower,0,19,3,0,22,0,13,36,3,52,0,32,39,3,74,72,0,72,146
11/21/2009,FMN,NM,ASW,WE,Federal Contract Tower,0,17,0,0,17,0,8,36,0,44,0,25,36,0,61,28,0,28,89
11/22/2009,FMN,NM,ASW,WE,Federal Contract Tower,0,9,6,0,15,0,1,39,0,40,0,10,45,0,55,56,0,56,111
11/23/2009,FMN,NM,ASW,WE,Federal Contract Tower,0,18,2,1,21,0,1,42,0,43,0,19,44,1,64,32,0,32,96
11/24/2009,FMN,NM,ASW,WE,Federal Contract Tower,0,19,9,0,28,0,5,31,1,37,0,24,40,1,65,40,0,40,105
11/25/2009,FMN,NM,ASW,WE,Federal Contract Tower,0,21,6,1,28,0,2,45,7,54,0,23,51,8,82,34,16,50,132
11/26/2009,FMN,NM,ASW,WE,Federal Contract Tower,0,16,2,0,18,0,0,11,0,11,0,16,13,0,29,0,0,0,29
11/27/2009,FMN,NM,ASW,WE,Federal Contract Tower,0,19,0,0,19,0,6,24,0,30,0,25,24,0,49,2,0,2,51
11/28/2009,FMN,NM,ASW,WE,Federal Contract Tower,0,26,3,0,29,0,4,23,0,27,0,30,26,0,56,14,0,14,70
11/29/2009,FMN,NM,ASW,WE,Federal Contract Tower,0,13,5,0,18,0,5,16,0,21,0,18,21,0,39,0,0,0,39
11/30/2009,FMN,NM,ASW,WE,Federal Contract Tower,0,14,10,0,24,0,8,18,0,26,0,22,28,0,50,65,0,65,115
12/01/2009,FMN,NM,ASW,WE,Federal Contract Tower,0,17,8,0,25,0,8,46,0,54,0,25,54,0,79,96,0,96,175
12/02/2009,FMN,NM,ASW,WE,Federal Contract Tower,0,18,5,2,25,0,11,73,4,88,0,29,78,6,113,115,0,115,228
12/03/2009,FMN,NM,ASW,WE,Federal Contract Tower,0,26,7,0,33,0,2,30,0,32,0,28,37,0,65,14,0,14,79
12/04/2009,FMN,NM,ASW,WE,Federal Contract Tower,0,17,5,0,22,0,18,22,0,40,0,35,27,0,62,28,0,28,90
12/05/2009,FMN,NM,ASW,WE,Federal Contract Tower,0,13,0,0,13,0,7,37,0,44,0,20,37,0,57,46,0,46,103
12/06/2009,FMN,NM,ASW,WE,Federal Contract Tower,0,7,6,0,13,0,0,13,0,13,0,7,19,0,26,0,0,0,26
12/07/2009,FMN,NM,ASW,WE,Federal Contract Tower,0,24,6,0,30,0,0,0,0,0,0,24,6,0,30,0,0,0,30
12/08/2009,FMN,NM,ASW,WE,Federal Contract Tower,0,26,6,0,32,0,6,3,0,9,0,32,9,0,41,16,0,16,57
12/09/2009,FMN,NM,ASW,WE,Federal Contract Tower,0,18,16,0,34,0,1,35,0,36,0,19,51,0,70,28,0,28,98
12/10/2009,FMN,NM,ASW,WE,Federal Contract Tower,0,14,5,0,19,0,26,19,0,45,0,40,24,0,64,24,0,24,88
12/11/2009,FMN,NM,ASW,WE,Federal Contract Tower,0,19,9,0,28,0,8,21,0,29,0,27,30,0,57,64,0,64,121
12/12/2009,FMN,NM,ASW,WE,Federal Contract Tower,0,20,3,0,23,0,1,10,0,11,0,21,13,0,34,18,0,18,52
12/13/2009,FMN,NM,ASW,WE,Federal Contract Tower,0,11,10,0,21,0,0,0,0,0,0,11,10,0,21,8,0,8,29
12/14/2009,FMN,NM,ASW,WE,Federal Contract Tower,0,16,2,0,18,0,7,38,0,45,0,23,40,0,63,56,0,56,119
12/15/2009,FMN,NM,ASW,WE,Federal Contract Tower,0,17,2,0,19,0,6,37,2,45,0,23,39,2,64,75,0,75,139
12/16/2009,FMN,NM,ASW,WE,Federal Contract Tower,0,20,6,2,28,0,4,42,0,46,0,24,48,2,74,40,0,40,114
12/17/2009,FMN,NM,ASW,WE,Federal Contract Tower,0,14,9,0,23,0,8,41,8,57,0,22,50,8,80,10,0,10,90
12/18/2009,FMN,NM,ASW,WE,Federal Contract Tower,0,18,5,0,23,0,6,73,0,79,0,24,78,0,102,62,0,62,164
12/19/2009,FMN,NM,ASW,WE,Federal Contract Tower,0,19,4,0,23,0,5,41,0,46,0,24,45,0,69,39,0,39,108
12/20/2009,FMN,NM,ASW,WE,Federal Contract Tower,0,12,4,0,16,0,0,28,0,28,0,12,32,0,44,6,0,6,50
12/21/2009,FMN,NM,ASW,WE,Federal Contract Tower,0,16,0,0,16,0,6,35,0,41,0,22,35,0,57,66,0,66,123
12/22/2009,FMN,NM,ASW,WE,Federal Contract Tower,0,26,6,0,32,0,3,16,0,19,0,29,22,0,51,42,0,42,93
12/23/2009,FMN,NM,ASW,WE,Federal Contract Tower,0,20,8,0,28,0,6,7,0,13,0,26,15,0,41,22,0,22,63
12/24/2009,FMN,NM,ASW,WE,Federal Contract Tower,0,13,6,0,19,0,9,21,0,30,0,22,27,0,49,16,0,16,65
12/25/2009,FMN,NM,ASW,WE,Federal Contract Tower,0,15,3,0,18,0,0,8,0,8,0,15,11,0,26,0,0,0,26
12/26/2009,FMN,NM,ASW,WE,Federal Contract Tower,0,9,3,0,12,0,6,24,0,30,0,15,27,0,42,6,0,6,48
12/27/2009,FMN,NM,ASW,WE,Federal Contract Tower,0,8,0,0,8,0,2,14,0,16,0,10,14,0,24,32,0,32,56
12/28/2009,FMN,NM,ASW,WE,Federal Contract Tower,0,17,1,0,18,0,6,21,2,29,0,23,22,2,47,12,8,20,67
12/29/2009,FMN,NM,ASW,WE,Federal Contract Tower,0,23,1,0,24,0,11,5,0,16,0,34,6,0,40,31,0,31,71
12/30/2009,FMN,NM,ASW,WE,Federal Contract Tower,0,27,8,0,35,0,0,0,0,0,0,27,8,0,35,0,0,0,35
12/31/2009,FMN,NM,ASW,WE,Federal Contract Tower,0,23,8,0,31,0,11,12,0,23,0,34,20,0,54,0,0,0,54
01/01/2010,FMN,NM,ASW,WE,Federal Contract Tower,0,13,3,0,16,0,2,17,0,19,0,15,20,0,35,18,0,18,53
01/02/2010,FMN,NM,ASW,WE,Federal Contract Tower,0,13,5,0,18,0,9,34,0,43,0,22,39,0,61,12,0,12,73
01/03/2010,FMN,NM,ASW,WE,Federal Contract Tower,0,11,9,0,20,0,2,18,0,20,0,13,27,0,40,8,0,8,48
01/04/2010,FMN,NM,ASW,WE,Federal Contract Tower,0,16,8,0,24,0,8,37,0,45,0,24,45,0,69,22,0,22,91
01/05/2010,FMN,NM,ASW,WE,Federal Contract Tower,0,16,7,0,23,0,28,34,0,62,0,44,41,0,85,16,0,16,101
01/06/2010,FMN,NM,ASW,WE,Federal Contract Tower,0,19,8,0,27,0,20,22,0,42,0,39,30,0,69,48,0,48,117
01/07/2010,FMN,NM,ASW,WE,Federal Contract Tower,0,23,6,0,29,0,26,20,0,46,0,49,26,0,75,24,0,24,99
01/08/2010,FMN,NM,ASW,WE,Federal Contract Tower,0,22,15,0,37,0,13,37,2,52,0,35,52,2,89,24,0,24,113
01/09/2010,FMN,NM,ASW,WE,Federal Contract Tower,0,16,8,1,25,0,4,25,0,29,0,20,33,1,54,24,0,24,78
01/10/2010,FMN,NM,ASW,WE,Federal Contract Tower,0,14,6,0,20,0,0,51,0,51,0,14,57,0,71,40,0,40,111
01/11/2010,FMN,NM,ASW,WE,Federal Contract Tower,0,20,4,0,24,0,14,23,0,37,0,34,27,0,61,56,0,56,117
01/12/2010,FMN,NM,ASW,WE,Federal Contract Tower,0,20,5,0,25,0,7,64,0,71,0,27,69,0,96,25,0,25,121
01/13/2010,FMN,NM,ASW,WE,Federal Contract Tower,0,26,16,0,42,0,11,33,0,44,0,37,49,0,86,30,0,30,116
01/14/2010,FMN,NM,ASW,WE,Federal Contract Tower,0,19,12,0,31,0,13,22,0,35,0,32,34,0,66,0,0,0,66
01/15/2010,FMN,NM,ASW,WE,Federal Contract Tower,0,21,9,0,30,0,10,14,0,24,0,31,23,0,54,0,0,0,54
01/16/2010,FMN,NM,ASW,WE,Federal Contract Tower,0,14,9,0,23,0,9,18,0,27,0,23,27,0,50,34,0,34,84
01/17/2010,FMN,NM,ASW,WE,Federal Contract Tower,0,11,3,2,16,0,6,33,0,39,0,17,36,2,55,68,0,68,123
01/18/2010,FMN,NM,ASW,WE,Federal Contract Tower,0,21,15,0,36,0,6,13,0,19,0,27,28,0,55,46,0,46,101
01/19/2010,FMN,NM,ASW,WE,Federal Contract Tower,0,29,10,0,39,0,7,14,0,21,0,36,24,0,60,4,0,4,64
01/20/2010,FMN,NM,ASW,WE,Federal Contract Tower,0,26,8,0,34,0,5,20,0,25,0,31,28,0,59,12,0,12,71
01/21/2010,FMN,NM,ASW,WE,Federal Contract Tower,0,20,3,6,29,0,0,0,0,0,0,20,3,6,29,0,0,0,29
01/22/2010,FMN,NM,ASW,WE,Federal Contract Tower,0,29,7,4,40,0,4,2,0,6,0,33,9,4,46,0,0,0,46
01/23/2010,FMN,NM,ASW,WE,Federal Contract Tower,0,21,1,0,22,0,7,6,0,13,0,28,7,0,35,4,0,4,39
01/24/2010,FMN,NM,ASW,WE,Federal Contract Tower,0,21,4,0,25,0,9,14,0,23,0,30,18,0,48,0,0,0,48
01/25/2010,FMN,NM,ASW,WE,Federal Contract Tower,0,23,12,0,35,0,11,28,0,39,0,34,40,0,74,10,0,10,84
01/26/2010,FMN,NM,ASW,WE,Federal Contract Tower,0,22,13,0,35,0,9,27,0,36,0,31,40,0,71,48,0,48,119
01/27/2010,FMN,NM,ASW,WE,Federal Contract Tower,0,25,7,0,32,0,8,20,0,28,0,33,27,0,60,12,0,12,72
01/28/2010,FMN,NM,ASW,WE,Federal Contract Tower,0,32,6,0,38,0,0,0,0,0,0,32,6,0,38,0,0,0,38
01/29/2010,FMN,NM,ASW,WE,Federal Contract Tower,0,27,17,0,44,0,0,7,0,7,0,27,24,0,51,0,0,0,51
01/30/2010,FMN,NM,ASW,WE,Federal Contract Tower,0,19,5,0,24,0,0,24,0,24,0,19,29,0,48,4,0,4,52
01/31/2010,FMN,NM,ASW,WE,Federal Contract Tower,0,17,3,0,20,0,0,44,0,44,0,17,47,0,64,21,0,21,85
02/01/2010,FMN,NM,ASW,WE,Federal Contract Tower,0,26,12,0,38,0,2,41,0,43,0,28,53,0,81,23,0,23,104
02/02/2010,FMN,NM,ASW,WE,Federal Contract Tower,0,22,9,0,31,0,17,43,0,60,0,39,52,0,91,84,0,84,175
02/03/2010,FMN,NM,ASW,WE,Federal Contract Tower,0,35,7,2,44,0,2,6,0,8,0,37,13,2,52,16,42,58,110
02/04/2010,FMN,NM,ASW,WE,Federal Contract Tower,0,33,16,0,49,0,4,6,0,10,0,37,22,0,59,16,0,16,75
02/05/2010,FMN,NM,ASW,WE,Federal Contract Tower,0,30,11,2,43,0,0,0,0,0,0,30,11,2,43,21,0,21,64
02/06/2010,FMN,NM,ASW,WE,Federal Contract Tower,0,20,3,0,23,0,2,20,0,22,0,22,23,0,45,8,0,8,53
02/07/2010,FMN,NM,ASW,WE,Federal Contract Tower,0,12,2,0,14,0,5,7,0,12,0,17,9,0,26,26,0,26,52
02/08/2010,FMN,NM,ASW,WE,Federal Contract Tower,0,25,1,0,26,0,4,3,0,7,0,29,4,0,33,0,0,0,33
02/09/2010,FMN,NM,ASW,WE,Federal Contract Tower,0,0,25,9,34,0,0,3,19,22,0,0,28,28,56,0,14,14,70
02/10/2010,FMN,NM,ASW,WE,Federal Contract Tower,0,31,7,0,38,0,2,15,0,17,0,33,22,0,55,22,0,22,77
02/11/2010,FMN,NM,ASW,WE,Federal Contract Tower,0,28,5,0,33,0,13,29,0,42,0,41,34,0,75,38,0,38,113
02/12/2010,FMN,NM,ASW,WE,Federal Contract Tower,0,22,3,9,34,0,25,26,0,51,0,47,29,9,85,36,0,36,121
02/13/2010,FMN,NM,ASW,WE,Federal Contract Tower,0,21,1,0,22,0,1,27,0,28,0,22,28,0,50,14,0,14,64
02/14/2010,FMN,NM,ASW,WE,Federal Contract Tower,0,20,6,0,26,0,3,20,0,23,0,23,26,0,49,0,0,0,49
02/15/2010,FMN,NM,ASW,WE,Federal Contract Tower,0,21,8,0,29,0,4,44,0,48,0,25,52,0,77,47,0,47,124
02/16/2010,FMN,NM,ASW,WE,Federal Contract Tower,0,22,5,2,29,0,7,50,0,57,0,29,55,2,86,42,0,42,128
02/17/2010,FMN,NM,ASW,WE,Federal Contract Tower,0,20,11,0,31,0,9,28,0,37,0,29,39,0,68,28,0,28,96
02/18/2010,FMN,NM,ASW,WE,Federal Contract Tower,0,26,7,0,33,0,8,28,0,36,0,34,35,0,69,10,0,10,79
02/19/2010,FMN,NM,ASW,WE,Federal Contract Tower,0,26,10,0,36,0,3,6,0,9,0,29,16,0,45,0,0,0,45
02/20/2010,FMN,NM,ASW,WE,Federal Contract Tower,0,20,1,0,21,0,2,15,0,17,0,22,16,0,38,14,0,14,52
02/21/2010,FMN,NM,ASW,WE,Federal Contract Tower,0,19,7,0,26,0,0,2,0,2,0,19,9,0,28,0,0,0,28
02/22/2010,FMN,NM,ASW,WE,Federal Contract Tower,0,24,9,0,33,0,0,6,0,6,0,24,15,0,39,0,0,0,39
02/23/2010,FMN,NM,ASW,WE,Federal Contract Tower,0,27,11,0,38,0,6,44,0,50,0,33,55,0,88,12,0,12,100
02/24/2010,FMN,NM,ASW,WE,Federal Contract Tower,0,25,9,0,34,0,3,19,0,22,0,28,28,0,56,14,0,14,70
02/25/2010,FMN,NM,ASW,WE,Federal Contract Tower,0,26,6,1,33,0,2,8,1,11,0,28,14,2,44,20,0,20,64
02/26/2010,FMN,NM,ASW,WE,Federal Contract Tower,0,26,8,2,36,0,9,40,0,49,0,35,48,2,85,24,0,24,109
02/27/2010,FMN,NM,ASW,WE,Federal Contract Tower,0,18,1,0,19,0,4,17,0,21,0,22,18,0,40,12,0,12,52
02/28/2010,FMN,NM,ASW,WE,Federal Contract Tower,0,20,5,0,25,0,0,9,0,9,0,20,14,0,34,12,0,12,46
03/01/2010,FMN,NM,ASW,WE,Federal Contract Tower,0,21,11,0,32,0,4,31,0,35,0,25,42,0,67,0,0,0,67
03/02/2010,FMN,NM,ASW,WE,Federal Contract Tower,0,24,2,0,26,0,5,38,0,43,0,29,40,0,69,60,0,60,129
03/03/2010,FMN,NM,ASW,WE,Federal Contract Tower,0,23,10,0,33,0,13,26,0,39,0,36,36,0,72,18,0,18,90
03/04/2010,FMN,NM,ASW,WE,Federal Contract Tower,0,19,19,0,38,0,10,41,0,51,0,29,60,0,89,38,0,38,127
03/05/2010,FMN,NM,ASW,WE,Federal Contract Tower,0,20,7,0,27,0,13,25,2,40,0,33,32,2,67,16,2,18,85
03/06/2010,FMN,NM,ASW,WE,Federal Contract Tower,0,20,6,0,26,0,12,32,0,44,0,32,38,0,70,46,0,46,116
03/07/2010,FMN,NM,ASW,WE,Federal Contract Tower,0,17,3,0,20,0,1,2,0,3,0,18,5,0,23,0,0,0,23
03/08/2010,FMN,NM,ASW,WE,Federal Contract Tower,0,24,1,5,30,0,1,2,0,3,0,25,3,5,33,0,0,0,33
03/09/2010,FMN,NM,ASW,WE,Federal Contract Tower,0,23,8,0,31,0,5,18,0,23,0,28,26,0,54,32,0,32,86
03/10/2010,FMN,NM,ASW,WE,Federal Contract Tower,0,31,6,0,37,0,0,0,0,0,0,31,6,0,37,0,0,0,37
03/11/2010,FMN,NM,ASW,WE,Federal Contract Tower,0,25,5,0,30,0,4,14,0,18,0,29,19,0,48,20,0,20,68
03/12/2010,FMN,NM,ASW,WE,Federal Contract Tower,0,22,8,0,30,0,11,37,0,48,0,33,45,0,78,10,0,10,88
03/13/2010,FMN,NM,ASW,WE,Federal Contract Tower,0,16,4,0,20,0,3,55,0,58,0,19,59,0,78,34,0,34,112
03/14/2010,FMN,NM,ASW,WE,Federal Contract Tower,0,17,5,0,22,0,0,1,0,1,0,17,6,0,23,0,0,0,23
03/15/2010,FMN,NM,ASW,WE,Federal Contract Tower,0,21,4,0,25,0,3,17,0,20,0,24,21,0,45,0,0,0,45
03/16/2010,FMN,NM,ASW,WE,Federal Contract Tower,0,26,6,0,32,0,8,26,0,34,0,34,32,0,66,30,0,30,96
03/17/2010,FMN,NM,ASW,WE,Federal Contract Tower,0,19,2,10,31,0,12,59,2,73,0,31,61,12,104,56,52,108,212
03/18/2010,FMN,NM,ASW,WE,Federal Contract Tower,0,23,4,0,27,0,11,42,0,53,0,34,46,0,80,52,0,52,132
03/19/2010,FMN,NM,ASW,WE,Federal Contract Tower,0,22,5,6,33,0,14,15,0,29,0,36,20,6,62,8,6,14,76
03/20/2010,FMN,NM,ASW,WE,Federal Contract Tower,0,19,0,0,19,0,2,26,0,28,0,21,26,0,47,0,0,0,47
03/21/2010,FMN,NM,ASW,WE,Federal Contract Tower,0,18,3,0,21,0,4,26,0,30,0,22,29,0,51,12,0,12,63
03/22/2010,FMN,NM,ASW,WE,Federal Contract Tower,0,23,4,0,27,0,2,41,0,43,0,25,45,0,70,18,0,18,88
03/23/2010,FMN,NM,ASW,WE,Federal Contract Tower,0,25,3,0,28,0,11,42,0,53,0,36,45,0,81,56,0,56,137
03/24/2010,FMN,NM,ASW,WE,Federal Contract Tower,0,16,2,0,18,0,15,8,0,23,0,31,10,0,41,22,0,22,63
03/25/2010,FMN,NM,ASW,WE,Federal Contract Tower,2,26,5,0,33,0,6,29,0,35,2,32,34,0,68,32,0,32,100
03/26/2010,FMN,NM,ASW,WE,Federal Contract Tower,0,25,7,0,32,0,6,6,0,12,0,31,13,0,44,0,0,0,44
03/27/2010,FMN,NM,ASW,WE,Federal Contract Tower,0,15,2,0,17,0,4,17,0,21,0,19,19,0,38,42,0,42,80
03/28/2010,FMN,NM,ASW,WE,Federal Contract Tower,0,20,1,0,21,0,0,47,0,47,0,20,48,0,68,30,0,30,98
03/29/2010,FMN,NM,ASW,WE,Federal Contract Tower,0,23,5,0,28,0,6,40,0,46,0,29,45,0,74,48,0,48,122
03/30/2010,FMN,NM,ASW,WE,Federal Contract Tower,0,25,5,0,30,0,14,43,0,57,0,39,48,0,87,31,0,31,118
03/31/2010,FMN,NM,ASW,WE,Federal Contract Tower,0,20,7,0,27,0,7,10,0,17,0,27,17,0,44,53,0,53,97
04/01/2010,FMN,NM,ASW,WE,Federal Contract Tower,0,33,7,0,40,0,12,6,0,18,0,45,13,0,58,48,0,48,106
04/02/2010,FMN,NM,ASW,WE,Federal Contract Tower,0,18,3,0,21,0,6,47,0,53,0,24,50,0,74,29,0,29,103
04/03/2010,FMN,NM,ASW,WE,Federal Contract Tower,0,16,1,0,17,0,8,23,0,31,0,24,24,0,48,50,0,50,98
04/04/2010,FMN,NM,ASW,WE,Federal Contract Tower,0,15,0,0,15,0,6,23,0,29,0,21,23,0,44,8,0,8,52
04/05/2010,FMN,NM,ASW,WE,Federal Contract Tower,0,21,0,0,21,0,6,21,0,27,0,27,21,0,48,18,0,18,66
04/06/2010,FMN,NM,ASW,WE,Federal Contract Tower,0,27,1,0,28,0,9,7,0,16,0,36,8,0,44,0,0,0,44
04/07/2010,FMN,NM,ASW,WE,Federal Contract Tower,0,25,7,0,32,0,9,32,0,41,0,34,39,0,73,30,0,30,103
04/08/2010,FMN,NM,ASW,WE,Federal Contract Tower,0,22,10,0,32,0,28,48,0,76,0,50,58,0,108,34,0,34,142
04/09/2010,FMN,NM,ASW,WE,Federal Contract Tower,0,24,3,1,28,0,12,38,5,55,0,36,41,6,83,60,6,66,149
04/10/2010,FMN,NM,ASW,WE,Federal Contract Tower,0,23,0,0,23,0,10,32,0,42,0,33,32,0,65,40,0,40,105
04/11/2010,FMN,NM,ASW,WE,Federal Contract Tower,0,15,6,0,21,0,2,45,0,47,0,17,51,0,68,30,0,30,98
04/12/2010,FMN,NM,ASW,WE,Federal Contract Tower,0,21,1,0,22,0,2,12,0,14,0,23,13,0,36,0,0,0,36
04/13/2010,FMN,NM,ASW,WE,Federal Contract Tower,0,24,9,0,33,0,14,23,0,37,0,38,32,0,70,8,0,8,78
04/14/2010,FMN,NM,ASW,WE,Federal Contract Tower,0,28,2,0,30,0,16,30,2,48,0,44,32,2,78,34,0,34,112
04/15/2010,FMN,NM,ASW,WE,Federal Contract Tower,0,21,7,8,36,0,13,36,2,51,0,34,43,10,87,14,12,26,113
04/16/2010,FMN,NM,ASW,WE,Federal Contract Tower,0,23,2,0,25,0,8,41,0,49,0,31,43,0,74,12,0,12,86
04/17/2010,FMN,NM,ASW,WE,Federal Contract Tower,0,19,4,0,23,0,14,37,0,51,0,33,41,0,74,44,0,44,118
04/18/2010,FMN,NM,ASW,WE,Federal Contract Tower,0,16,3,2,21,0,4,45,0,49,0,20,48,2,70,48,6,54,124
04/19/2010,FMN,NM,ASW,WE,Federal Contract Tower,0,21,8,0,29,0,7,28,0,35,0,28,36,0,64,62,0,62,126
04/20/2010,FMN,NM,ASW,WE,Federal Contract Tower,0,20,5,0,25,0,14,41,3,58,0,34,46,3,83,76,0,76,159
04/21/2010,FMN,NM,ASW,WE,Federal Contract Tower,0,23,7,2,32,0,4,28,0,32,0,27,35,2,64,44,0,44,108
04/22/2010,FMN,NM,ASW,WE,Federal Contract Tower,0,21,7,0,28,0,4,19,0,23,0,25,26,0,51,40,0,40,91
04/23/2010,FMN,NM,ASW,WE,Federal Contract Tower,0,17,5,0,22,0,15,32,0,47,0,32,37,0,69,22,0,22,91
04/24/2010,FMN,NM,ASW,WE,Federal Contract Tower,0,21,1,0,22,0,8,22,31,61,0,29,23,31,83,18,0,18,101
04/25/2010,FMN,NM,ASW,WE,Federal Contract Tower,0,18,4,0,22,0,8,26,0,34,0,26,30,0,56,27,0,27,83
04/26/2010,FMN,NM,ASW,WE,Federal Contract Tower,0,28,3,11,42,0,8,32,0,40,0,36,35,11,82,8,29,37,119
04/27/2010,FMN,NM,ASW,WE,Federal Contract Tower,0,19,11,0,30,0,15,49,0,64,0,34,60,0,94,42,0,42,136
04/28/2010,FMN,NM,ASW,WE,Federal Contract Tower,0,25,9,0,34,0,10,15,0,25,0,35,24,0,59,40,0,40,99
04/29/2010,FMN,NM,ASW,WE,Federal Contract Tower,0,29,5,0,34,0,4,28,0,32,0,33,33,0,66,0,0,0,66
04/30/2010,FMN,NM,ASW,WE,Federal Contract Tower,0,25,6,0,31,0,9,43,0,52,0,34,49,0,83,12,0,12,95
05/01/2010,FMN,NM,ASW,WE,Federal Contract Tower,0,20,2,0,22,0,1,41,0,42,0,21,43,0,64,42,0,42,106
05/02/2010,FMN,NM,ASW,WE,Federal Contract Tower,0,23,3,0,26,0,3,8,0,11,0,26,11,0,37,4,0,4,41
05/03/2010,FMN,NM,ASW,WE,Federal Contract Tower,0,28,2,0,30,0,5,41,0,46,0,33,43,0,76,16,0,16,92
05/04/2010,FMN,NM,ASW,WE,Federal Contract Tower,0,21,3,0,24,0,9,19,0,28,0,30,22,0,52,36,0,36,88
05/05/2010,FMN,NM,ASW,WE,Federal Contract Tower,0,19,2,0,21,0,12,14,0,26,0,31,16,0,47,50,0,50,97
05/06/2010,FMN,NM,ASW,WE,Federal Contract Tower,0,18,2,4,24,0,15,34,4,53,0,33,36,8,77,38,6,44,121
05/07/2010,FMN,NM,ASW,WE,Federal Contract Tower,0,20,6,0,26,0,15,41,8,64,0,35,47,8,90,26,0,26,116
05/08/2010,FMN,NM,ASW,WE,Federal Contract Tower,0,15,4,0,19,0,9,37,0,46,0,24,41,0,65,34,0,34,99
05/09/2010,FMN,NM,ASW,WE,Federal Contract Tower,0,17,6,0,23,0,8,20,0,28,0,25,26,0,51,39,0,39,90
05/10/2010,FMN,NM,ASW,WE,Federal Contract Tower,0,27,7,0,34,0,5,15,0,20,0,32,22,0,54,56,0,56,110
05/11/2010,FMN,NM,ASW,WE,Federal Contract Tower,0,23,6,0,29,0,2,13,0,15,0,25,19,0,44,0,0,0,44
05/12/2010,FMN,NM,ASW,WE,Federal Contract Tower,0,22,10,0,32,0,17,50,0,67,0,39,60,0,99,48,0,48,147
05/13/2010,FMN,NM,ASW,WE,Federal Contract Tower,0,20,9,0,29,0,15,59,0,74,0,35,68,0,103,6,0,6,109
05/14/2010,FMN,NM,ASW,WE,Federal Contract Tower,0,25,4,0,29,0,3,42,0,45,0,28,46,0,74,34,0,34,108
05/15/2010,FMN,NM,ASW,WE,Federal Contract Tower,0,21,3,0,24,0,6,58,0,64,0,27,61,0,88,48,0,48,136
05/16/2010,FMN,NM,ASW,WE,Federal Contract Tower,0,17,5,0,22,0,10,39,0,49,0,27,44,0,71,30,0,30,101
05/17/2010,FMN,NM,ASW,WE,Federal Contract Tower,0,17,2,0,19,0,11,28,0,39,0,28,30,0,58,4,0,4,62
05/18/2010,FMN,NM,ASW,WE,Federal Contract Tower,0,24,6,0,30,0,17,12,1,30,0,41,18,1,60,56,0,56,116
05/19/2010,FMN,NM,ASW,WE,Federal Contract Tower,0,24,1,18,43,0,13,33,0,46,0,37,34,18,89,16,14,30,119
05/20/2010,FMN,NM,ASW,WE,Federal Contract Tower,0,19,4,0,23,0,9,69,1,79,0,28,73,1,102,98,0,98,200
05/21/2010,FMN,NM,ASW,WE,Federal Contract Tower,0,18,4,0,22,0,7,37,0,44,0,25,41,0,66,34,0,34,100
05/22/2010,FMN,NM,ASW,WE,Federal Contract Tower,0,15,5,0,20,0,5,13,0,18,0,20,18,0,38,30,0,30,68
05/23/2010,FMN,NM,ASW,WE,Federal Contract Tower,0,15,4,0,19,0,1,30,0,31,0,16,34,0,50,40,0,40,90
05/24/2010,FMN,NM,ASW,WE,Federal Contract Tower,0,20,8,0,28,0,13,29,2,44,0,33,37,2,72,42,0,42,114
05/25/2010,FMN,NM,ASW,WE,Federal Contract Tower,0,21,8,0,29,0,16,56,2,74,0,37,64,2,103,50,0,50,153
05/26/2010,FMN,NM,ASW,WE,Federal Contract Tower,0,19,4,0,23,0,11,35,0,46,0,30,39,0,69,38,0,38,107
05/27/2010,FMN,NM,ASW,WE,Federal Contract Tower,0,21,4,0,25,0,13,32,0,45,0,34,36,0,70,8,0,8,78
05/28/2010,FMN,NM,ASW,WE,Federal Contract Tower,0,20,9,0,29,0,14,36,0,50,0,34,45,0,79,18,0,18,97
05/29/2010,FMN,NM,ASW,WE,Federal Contract Tower,0,20,4,0,24,0,11,37,0,48,0,31,41,0,72,40,0,40,112
05/30/2010,FMN,NM,ASW,WE,Federal Contract Tower,0,13,2,0,15,0,6,56,0,62,0,19,58,0,77,90,0,90,167
05/31/2010,FMN,NM,ASW,WE,Federal Contract Tower,0,17,3,0,20,0,8,43,0,51,0,25,46,0,71,34,0,34,105
06/01/2010,FMN,NM,ASW,WE,Federal Contract Tower,0,21,4,0,25,0,16,29,4,49,0,37,33,4,74,32,6,38,112
06/02/2010,FMN,NM,ASW,WE,Federal Contract Tower,0,24,7,24,55,0,8,29,0,37,0,32,36,24,92,50,26,76,168
06/03/2010,FMN,NM,ASW,WE,Federal Contract Tower,0,18,4,0,22,0,10,41,2,53,0,28,45,2,75,14,16,30,105
06/04/2010,FMN,NM,ASW,WE,Federal Contract Tower,0,18,1,0,19,0,19,35,0,54,0,37,36,0,73,42,0,42,115
06/05/2010,FMN,NM,ASW,WE,Federal Contract Tower,0,22,2,0,24,0,6,48,0,54,0,28,50,0,78,26,0,26,104
06/06/2010,FMN,NM,ASW,WE,Federal Contract Tower,0,21,1,0,22,0,12,36,1,49,0,33,37,1,71,48,0,48,119
06/07/2010,FMN,NM,ASW,WE,Federal Contract Tower,0,25,2,0,27,0,8,34,0,42,0,33,36,0,69,32,0,32,101
06/08/2010,FMN,NM,ASW,WE,Federal Contract Tower,0,25,3,8,36,0,18,37,0,55,0,43,40,8,91,10,0,10,101
06/09/2010,FMN,NM,ASW,WE,Federal Contract Tower,0,25,9,0,34,0,13,43,2,58,0,38,52,2,92,115,0,115,207
06/10/2010,FMN,NM,ASW,WE,Federal Contract Tower,0,23,7,0,30,0,16,19,0,35,0,39,26,0,65,22,0,22,87
06/11/2010,FMN,NM,ASW,WE,Federal Contract Tower,0,19,10,0,29,0,11,35,10,56,0,30,45,10,85,52,0,52,137
06/12/2010,FMN,NM,ASW,WE,Federal Contract Tower,0,21,5,0,26,0,10,19,0,29,0,31,24,0,55,42,0,42,97
06/13/2010,FMN,NM,ASW,WE,Federal Contract Tower,0,19,8,0,27,0,3,35,0,38,0,22,43,0,65,30,0,30,95
06/14/2010,FMN,NM,ASW,WE,Federal Contract Tower,0,16,6,0,22,0,16,41,0,57,0,32,47,0,79,52,0,52,131
06/15/2010,FMN,NM,ASW,WE,Federal Contract Tower,0,24,5,0,29,0,7,36,0,43,0,31,41,0,72,30,19,49,121
06/16/2010,FMN,NM,ASW,WE,Federal Contract Tower,0,17,5,0,22,0,10,40,0,50,0,27,45,0,72,34,0,34,106
06/17/2010,FMN,NM,ASW,WE,Federal Contract Tower,0,19,10,1,30,0,14,52,3,69,0,33,62,4,99,46,28,74,173
06/18/2010,FMN,NM,ASW,WE,Federal Contract Tower,0,20,6,1,27,0,8,65,0,73,0,28,71,1,100,66,0,66,166
06/19/2010,FMN,NM,ASW,WE,Federal Contract Tower,0,22,2,0,24,0,3,44,0,47,0,25,46,0,71,28,0,28,99
06/20/2010,FMN,NM,ASW,WE,Federal Contract Tower,0,16,2,0,18,0,7,28,0,35,0,23,30,0,53,8,0,8,61
06/21/2010,FMN,NM,ASW,WE,Federal Contract Tower,0,22,8,0,30,0,10,51,0,61,0,32,59,0,91,36,0,36,127
06/22/2010,FMN,NM,ASW,WE,Federal Contract Tower,0,18,6,0,24,0,17,44,0,61,0,35,50,0,85,18,0,18,103
06/23/2010,FMN,NM,ASW,WE,Federal Contract Tower,0,17,2,0,19,0,12,30,0,42,0,29,32,0,61,50,0,50,111
06/24/2010,FMN,NM,ASW,WE,Federal Contract Tower,0,25,1,0,26,0,2,43,2,47,0,27,44,2,73,66,0,66,139
06/25/2010,FMN,NM,ASW,WE,Federal Contract Tower,0,17,5,0,22,0,10,42,0,52,0,27,47,0,74,4,0,4,78
06/26/2010,FMN,NM,ASW,WE,Federal Contract Tower,0,17,2,0,19,0,2,56,2,60,0,19,58,2,79,38,0,38,117
06/27/2010,FMN,NM,ASW,WE,Federal Contract Tower,0,16,6,1,23,0,5,29,0,34,0,21,35,1,57,0,0,0,57
06/28/2010,FMN,NM,ASW,WE,Federal Contract Tower,0,19,4,0,23,0,17,21,0,38,0,36,25,0,61,0,0,0,61
06/29/2010,FMN,NM,ASW,WE,Federal Contract Tower,0,21,6,0,27,0,6,52,0,58,0,27,58,0,85,10,0,10,95
06/30/2010,FMN,NM,ASW,WE,Federal Contract Tower,0,18,10,0,28,0,11,39,0,50,0,29,49,0,78,36,0,36,114
07/01/2010,FMN,NM,ASW,WE,Federal Contract Tower,0,23,5,0,28,0,9,54,0,63,0,32,59,0,91,14,0,14,105
07/02/2010,FMN,NM,ASW,WE,Federal Contract Tower,0,24,8,0,32,0,3,35,0,38,0,27,43,0,70,44,0,44,114
07/03/2010,FMN,NM,ASW,WE,Federal Contract Tower,0,23,0,0,23,0,8,24,0,32,0,31,24,0,55,22,0,22,77
07/04/2010,FMN,NM,ASW,WE,Federal Contract Tower,0,12,0,0,12,0,9,12,0,21,0,21,12,0,33,0,0,0,33
07/05/2010,FMN,NM,ASW,WE,Federal Contract Tower,0,14,1,0,15,0,6,34,0,40,0,20,35,0,55,36,0,36,91
07/06/2010,FMN,NM,ASW,WE,Federal Contract Tower,0,15,1,0,16,0,11,41,0,52,0,26,42,0,68,46,0,46,114
07/07/2010,FMN,NM,ASW,WE,Federal Contract Tower,0,23,3,0,26,0,18,32,0,50,0,41,35,0,76,54,0,54,130
07/08/2010,FMN,NM,ASW,WE,Federal Contract Tower,0,21,3,0,24,0,4,24,0,28,0,25,27,0,52,50,0,50,102
07/09/2010,FMN,NM,ASW,WE,Federal Contract Tower,0,23,1,0,24,0,6,39,0,45,0,29,40,0,69,46,0,46,115
07/10/2010,FMN,NM,ASW,WE,Federal Contract Tower,0,19,1,0,20,0,3,18,0,21,0,22,19,0,41,66,0,66,107
07/11/2010,FMN,NM,ASW,WE,Federal Contract Tower,0,17,3,0,20,0,1,33,0,34,0,18,36,0,54,18,0,18,72
07/12/2010,FMN,NM,ASW,WE,Federal Contract Tower,0,20,3,0,23,0,1,21,7,29,0,21,24,7,52,6,6,12,64
07/13/2010,FMN,NM,ASW,WE,Federal Contract Tower,0,20,7,0,27,0,23,29,1,53,0,43,36,1,80,10,0,10,90
07/14/2010,FMN,NM,ASW,WE,Federal Contract Tower,0,21,8,0,29,0,7,46,1,54,0,28,54,1,83,14,0,14,97
07/15/2010,FMN,NM,ASW,WE,Federal Contract Tower,0,20,8,0,28,0,6,44,1,51,0,26,52,1,79,26,0,26,105
07/16/2010,FMN,NM,ASW,WE,Federal Contract Tower,0,24,5,2,31,0,10,40,0,50,0,34,45,2,81,28,0,28,109
07/17/2010,FMN,NM,ASW,WE,Federal Contract Tower,0,20,2,0,22,0,5,40,0,45,0,25,42,0,67,38,0,38,105
07/18/2010,FMN,NM,ASW,WE,Federal Contract Tower,0,16,3,0,19,0,6,51,2,59,0,22,54,2,78,34,0,34,112
07/19/2010,FMN,NM,ASW,WE,Federal Contract Tower,0,20,4,0,24,0,16,32,0,48,0,36,36,0,72,42,0,42,114
07/20/2010,FMN,NM,ASW,WE,Federal Contract Tower,0,20,10,1,31,0,31,18,1,50,0,51,28,2,81,4,18,22,103
07/21/2010,FMN,NM,ASW,WE,Federal Contract Tower,0,23,5,0,28,0,8,30,0,38,0,31,35,0,66,34,0,34,100
07/22/2010,FMN,NM,ASW,WE,Federal Contract Tower,0,19,5,0,24,0,10,40,0,50,0,29,45,0,74,32,0,32,106
07/23/2010,FMN,NM,ASW,WE,Federal Contract Tower,0,14,8,1,23,0,11,34,0,45,0,25,42,1,68,92,0,92,160
07/24/2010,FMN,NM,ASW,WE,Federal Contract Tower,0,19,0,0,19,0,3,35,0,38,0,22,35,0,57,90,0,90,147
07/25/2010,FMN,NM,ASW,WE,Federal Contract Tower,0,21,5,1,27,0,2,54,1,57,0,23,59,2,84,58,0,58,142
07/26/2010,FMN,NM,ASW,WE,Federal Contract Tower,0,20,6,0,26,0,6,35,0,41,0,26,41,0,67,30,0,30,97
07/27/2010,FMN,NM,ASW,WE,Federal Contract Tower,0,20,5,0,25,0,12,33,0,45,0,32,38,0,70,14,0,14,84
07/28/2010,FMN,NM,ASW,WE,Federal Contract Tower,0,19,5,0,24,0,16,34,0,50,0,35,39,0,74,20,0,20,94
07/29/2010,FMN,NM,ASW,WE,Federal Contract Tower,0,23,5,2,30,0,12,37,0,49,0,35,42,2,79,20,0,20,99
07/30/2010,FMN,NM,ASW,WE,Federal Contract Tower,0,19,9,0,28,0,25,28,0,53,0,44,37,0,81,34,0,34,115
07/31/2010,FMN,NM,ASW,WE,Federal Contract Tower,0,23,4,0,27,0,4,39,0,43,0,27,43,0,70,62,0,62,132
08/01/2010,FMN,NM,ASW,WE,Federal Contract Tower,0,18,5,0,23,0,0,41,0,41,0,18,46,0,64,4,0,4,68
08/02/2010,FMN,NM,ASW,WE,Federal Contract Tower,0,20,5,0,25,0,6,21,0,27,0,26,26,0,52,4,0,4,56
08/03/2010,FMN,NM,ASW,WE,Federal Contract Tower,0,19,6,0,25,0,13,28,0,41,0,32,34,0,66,22,0,22,88
08/04/2010,FMN,NM,ASW,WE,Federal Contract Tower,0,17,6,2,25,0,10,37,0,47,0,27,43,2,72,34,0,34,106
08/05/2010,FMN,NM,ASW,WE,Federal Contract Tower,0,17,6,1,24,0,11,30,1,42,0,28,36,2,66,28,8,36,102
08/06/2010,FMN,NM,ASW,WE,Federal Contract Tower,0,18,5,0,23,0,9,22,3,34,0,27,27,3,57,48,0,48,105
08/07/2010,FMN,NM,ASW,WE,Federal Contract Tower,0,18,1,0,19,0,10,18,0,28,0,28,19,0,47,68,0,68,115
08/08/2010,FMN,NM,ASW,WE,Federal Contract Tower,0,22,3,0,25,0,3,21,0,24,0,25,24,0,49,76,0,76,125
08/09/2010,FMN,NM,ASW,WE,Federal Contract Tower,0,18,4,0,22,0,3,58,0,61,0,21,62,0,83,32,0,32,115
08/10/2010,FMN,NM,ASW,WE,Federal Contract Tower,0,20,3,0,23,0,8,31,0,39,0,28,34,0,62,0,0,0,62
08/11/2010,FMN,NM,ASW,WE,Federal Contract Tower,0,22,9,0,31,0,10,55,0,65,0,32,64,0,96,8,0,8,104
08/12/2010,FMN,NM,ASW,WE,Federal Contract Tower,0,20,4,0,24,0,6,40,0,46,0,26,44,0,70,36,0,36,106
08/13/2010,FMN,NM,ASW,WE,Federal Contract Tower,0,22,5,0,27,0,8,40,0,48,0,30,45,0,75,74,0,74,149
08/14/2010,FMN,NM,ASW,WE,Federal Contract Tower,0,19,2,0,21,0,5,49,0,54,0,24,51,0,75,58,0,58,133
08/15/2010,FMN,NM,ASW,WE,Federal Contract Tower,0,17,4,0,21,0,8,31,0,39,0,25,35,0,60,10,0,10,70
08/16/2010,FMN,NM,ASW,WE,Federal Contract Tower,0,22,3,2,27,0,3,27,0,30,0,25,30,2,57,0,0,0,57
08/17/2010,FMN,NM,ASW,WE,Federal Contract Tower,0,20,8,1,29,0,4,31,2,37,0,24,39,3,66,34,0,34,100
08/18/2010,FMN,NM,ASW,WE,Federal Contract Tower,0,16,6,0,22,0,9,16,0,25,0,25,22,0,47,26,0,26,73
08/19/2010,FMN,NM,ASW,WE,Federal Contract Tower,0,17,1,0,18,0,14,43,0,57,0,31,44,0,75,26,0,26,101
08/20/2010,FMN,NM,ASW,WE,Federal Contract Tower,0,25,6,0,31,0,9,39,0,48,0,34,45,0,79,54,0,54,133
08/21/2010,FMN,NM,ASW,WE,Federal Contract Tower,0,25,0,1,26,0,8,33,1,42,0,33,33,2,68,42,20,62,130
08/22/2010,FMN,NM,ASW,WE,Federal Contract Tower,0,15,6,0,21,0,4,30,16,50,0,19,36,16,71,28,0,28,99
08/23/2010,FMN,NM,ASW,WE,Federal Contract Tower,0,21,2,0,23,0,4,20,0,24,0,25,22,0,47,6,0,6,53
08/24/2010,FMN,NM,ASW,WE,Federal Contract Tower,0,26,8,2,36,0,12,45,0,57,0,38,53,2,93,34,0,34,127
08/25/2010,FMN,NM,ASW,WE,Federal Contract Tower,0,16,4,2,22,0,12,56,0,68,0,28,60,2,90,30,0,30,120
08/26/2010,FMN,NM,ASW,WE,Federal Contract Tower,0,20,8,0,28,0,10,45,0,55,0,30,53,0,83,48,0,48,131
08/27/2010,FMN,NM,ASW,WE,Federal Contract Tower,0,22,5,0,27,0,12,33,0,45,0,34,38,0,72,30,0,30,102
08/28/2010,FMN,NM,ASW,WE,Federal Contract Tower,0,22,2,0,24,0,3,63,2,68,0,25,65,2,92,30,0,30,122
08/29/2010,FMN,NM,ASW,WE,Federal Contract Tower,0,22,3,0,25,0,4,42,0,46,0,26,45,0,71,38,0,38,109
08/30/2010,FMN,NM,ASW,WE,Federal Contract Tower,0,19,6,0,25,0,5,31,0,36,0,24,37,0,61,2,0,2,63
08/31/2010,FMN,NM,ASW,WE,Federal Contract Tower,0,24,6,0,30,0,15,32,0,47,0,39,38,0,77,18,0,18,95
09/01/2010,FMN,NM,ASW,WE,Federal Contract Tower,0,19,9,0,28,0,7,46,0,53,0,26,55,0,81,42,0,42,123
09/02/2010,FMN,NM,ASW,WE,Federal Contract Tower,0,20,7,0,27,0,15,36,2,53,0,35,43,2,80,32,0,32,112
09/03/2010,FMN,NM,ASW,WE,Federal Contract Tower,0,21,3,0,24,0,5,41,0,46,0,26,44,0,70,32,0,32,102
09/04/2010,FMN,NM,ASW,WE,Federal Contract Tower,0,20,0,0,20,0,4,67,0,71,0,24,67,0,91,74,0,74,165
09/05/2010,FMN,NM,ASW,WE,Federal Contract Tower,0,16,0,0,16,0,2,29,0,31,0,18,29,0,47,46,0,46,93
09/06/2010,FMN,NM,ASW,WE,Federal Contract Tower,0,19,1,0,20,0,4,77,0,81,0,23,78,0,101,18,0,18,119
09/07/2010,FMN,NM,ASW,WE,Federal Contract Tower,0,28,5,0,33,0,16,54,0,70,0,44,59,0,103,12,0,12,115
09/08/2010,FMN,NM,ASW,WE,Federal Contract Tower,0,25,6,0,31,0,4,16,0,20,0,29,22,0,51,54,0,54,105
09/09/2010,FMN,NM,ASW,WE,Federal Contract Tower,0,31,12,0,43,0,5,36,0,41,0,36,48,0,84,24,0,24,108
09/10/2010,FMN,NM,ASW,WE,Federal Contract Tower,0,23,9,0,32,0,6,33,0,39,0,29,42,0,71,44,0,44,115
09/11/2010,FMN,NM,ASW,WE,Federal Contract Tower,0,17,8,0,25,0,3,45,0,48,0,20,53,0,73,32,0,32,105
09/12/2010,FMN,NM,ASW,WE,Federal Contract Tower,0,16,8,0,24,0,0,21,0,21,0,16,29,0,45,8,0,8,53
09/13/2010,FMN,NM,ASW,WE,Federal Contract Tower,0,24,5,0,29,0,5,53,0,58,0,29,58,0,87,36,0,36,123
09/14/2010,FMN,NM,ASW,WE,Federal Contract Tower,0,26,5,0,31,0,12,47,2,61,0,38,52,2,92,45,2,47,139
09/15/2010,FMN,NM,ASW,WE,Federal Contract Tower,0,24,3,0,27,0,11,41,0,52,0,35,44,0,79,40,0,40,119
09/16/2010,FMN,NM,ASW,WE,Federal Contract Tower,0,21,6,2,29,0,10,28,4,42,0,31,34,6,71,30,12,42,113
09/17/2010,FMN,NM,ASW,WE,Federal Contract Tower,0,24,2,0,26,0,10,59,1,70,0,34,61,1,96,32,0,32,128
09/18/2010,FMN,NM,ASW,WE,Federal Contract Tower,0,22,2,0,24,0,5,50,0,55,0,27,52,0,79,60,0,60,139
09/19/2010,FMN,NM,ASW,WE,Federal Contract Tower,0,14,2,0,16,0,0,33,0,33,0,14,35,0,49,12,0,12,61
09/20/2010,FMN,NM,ASW,WE,Federal Contract Tower,0,21,5,0,26,0,3,49,0,52,0,24,54,0,78,31,0,31,109
09/21/2010,FMN,NM,ASW,WE,Federal Contract Tower,0,19,1,0,20,0,9,49,0,58,0,28,50,0,78,5,0,5,83
09/22/2010,FMN,NM,ASW,WE,Federal Contract Tower,0,24,12,0,36,0,6,21,0,27,0,30,33,0,63,0,0,0,63
09/23/2010,FMN,NM,ASW,WE,Federal Contract Tower,0,19,7,2,28,0,8,31,0,39,0,27,38,2,67,102,0,102,169
09/24/2010,FMN,NM,ASW,WE,Federal Contract Tower,0,17,9,2,28,0,20,39,2,61,0,37,48,4,89,34,0,34,123
09/25/2010,FMN,NM,ASW,WE,Federal Contract Tower,0,16,3,0,19,0,3,32,0,35,0,19,35,0,54,46,0,46,100
09/26/2010,FMN,NM,ASW,WE,Federal Contract Tower,0,14,2,0,16,0,0,42,1,43,0,14,44,1,59,65,0,65,124
09/27/2010,FMN,NM,ASW,WE,Federal Contract Tower,0,22,6,0,28,0,2,30,0,32,0,24,36,0,60,26,0,26,86
09/28/2010,FMN,NM,ASW,WE,Federal Contract Tower,0,22,4,0,26,0,7,29,0,36,0,29,33,0,62,22,0,22,84
09/29/2010,FMN,NM,ASW,WE,Federal Contract Tower,0,19,3,0,22,0,12,37,2,51,0,31,40,2,73,30,0,30,103
09/30/2010,FMN,NM,ASW,WE,Federal Contract Tower,0,2,30,2,34,0,7,29,0,36,0,9,59,2,70,34,0,34,104
10/01/2010,FMN,NM,ASW,WE,Federal Contract Tower,0,17,7,0,24,0,5,43,0,48,0,22,50,0,72,40,0,40,112
10/02/2010,FMN,NM,ASW,WE,Federal Contract Tower,0,19,4,0,23,0,6,37,0,43,0,25,41,0,66,46,0,46,112
10/03/2010,FMN,NM,ASW,WE,Federal Contract Tower,0,18,2,0,20,0,0,35,0,35,0,18,37,0,55,64,0,64,119
10/04/2010,FMN,NM,ASW,WE,Federal Contract Tower,0,21,2,0,23,0,4,45,0,49,0,25,47,0,72,69,0,69,141
10/05/2010,FMN,NM,ASW,WE,Federal Contract Tower,0,20,6,0,26,0,12,27,0,39,0,32,33,0,65,0,0,0,65
10/06/2010,FMN,NM,ASW,WE,Federal Contract Tower,0,27,4,0,31,0,9,20,0,29,0,36,24,0,60,30,0,30,90
10/07/2010,FMN,NM,ASW,WE,Federal Contract Tower,0,21,10,0,31,0,12,24,0,36,0,33,34,0,67,40,0,40,107
10/08/2010,FMN,NM,ASW,WE,Federal Contract Tower,0,20,8,0,28,0,9,44,0,53,0,29,52,0,81,22,0,22,103
10/09/2010,FMN,NM,ASW,WE,Federal Contract Tower,0,18,2,0,20,0,2,41,0,43,0,20,43,0,63,61,0,61,124
10/10/2010,FMN,NM,ASW,WE,Federal Contract Tower,0,15,1,0,16,0,4,33,0,37,0,19,34,0,53,32,0,32,85
10/11/2010,FMN,NM,ASW,WE,Federal Contract Tower,0,25,0,0,25,0,12,45,0,57,0,37,45,0,82,50,0,50,132
10/12/2010,FMN,NM,ASW,WE,Federal Contract Tower,0,22,9,0,31,0,13,45,0,58,0,35,54,0,89,35,0,35,124
10/13/2010,FMN,NM,ASW,WE,Federal Contract Tower,0,23,9,0,32,0,13,25,0,38,0,36,34,0,70,18,0,18,88
10/14/2010,FMN,NM,ASW,WE,Federal Contract Tower,0,26,7,0,33,0,13,56,0,69,0,39,63,0,102,6,0,6,108
10/15/2010,FMN,NM,ASW,WE,Federal Contract Tower,0,26,12,0,38,0,6,42,0,48,0,32,54,0,86,42,0,42,128
10/16/2010,FMN,NM,ASW,WE,Federal Contract Tower,0,20,5,0,25,0,3,43,0,46,0,23,48,0,71,36,0,36,107
10/17/2010,FMN,NM,ASW,WE,Federal Contract Tower,0,16,3,0,19,0,3,30,0,33,0,19,33,0,52,22,0,22,74
10/18/2010,FMN,NM,ASW,WE,Federal Contract Tower,0,16,6,2,24,0,6,23,0,29,0,22,29,2,53,0,0,0,53
10/19/2010,FMN,NM,ASW,WE,Federal Contract Tower,0,17,5,1,23,0,10,38,0,48,0,27,43,1,71,18,36,54,125
10/20/2010,FMN,NM,ASW,WE,Federal Contract Tower,0,21,8,4,33,0,7,29,0,36,0,28,37,4,69,22,6,28,97
10/21/2010,FMN,NM,ASW,WE,Federal Contract Tower,0,23,6,0,29,0,8,30,0,38,0,31,36,0,67,38,0,38,105
10/22/2010,FMN,NM,ASW,WE,Federal Contract Tower,0,26,8,0,34,0,2,29,2,33,0,28,37,2,67,18,0,18,85
10/23/2010,FMN,NM,ASW,WE,Federal Contract Tower,0,22,8,0,30,0,6,33,0,39,0,28,41,0,69,34,0,34,103
10/24/2010,FMN,NM,ASW,WE,Federal Contract Tower,0,21,4,0,25,0,3,45,0,48,0,24,49,0,73,34,0,34,107
10/25/2010,FMN,NM,ASW,WE,Federal Contract Tower,0,31,2,0,33,0,1,20,0,21,0,32,22,0,54,6,0,6,60
10/26/2010,FMN,NM,ASW,WE,Federal Contract Tower,0,19,8,0,27,0,6,19,0,25,0,25,27,0,52,14,0,14,66
10/27/2010,FMN,NM,ASW,WE,Federal Contract Tower,0,26,7,0,33,0,10,43,0,53,0,36,50,0,86,38,0,38,124
10/28/2010,FMN,NM,ASW,WE,Federal Contract Tower,0,20,8,1,29,0,13,38,0,51,0,33,46,1,80,32,0,32,112
10/29/2010,FMN,NM,ASW,WE,Federal Contract Tower,0,21,8,0,29,0,7,44,0,51,0,28,52,0,80,38,0,38,118
10/30/2010,FMN,NM,ASW,WE,Federal Contract Tower,0,21,2,0,23,0,5,47,0,52,0,26,49,0,75,54,0,54,129
10/31/2010,FMN,NM,ASW,WE,Federal Contract Tower,0,19,3,0,22,0,0,48,0,48,0,19,51,0,70,40,0,40,110
11/01/2010,FMN,NM,ASW,WE,Federal Contract Tower,0,17,1,1,19,0,4,33,1,38,0,21,34,2,57,34,0,34,91
11/02/2010,FMN,NM,ASW,WE,Federal Contract Tower,0,17,2,0,19,0,11,44,0,55,0,28,46,0,74,56,0,56,130
11/03/2010,FMN,NM,ASW,WE,Federal Contract Tower,0,14,3,0,17,0,9,38,1,48,0,23,41,1,65,48,0,48,113
11/04/2010,FMN,NM,ASW,WE,Federal Contract Tower,0,22,5,0,27,0,12,39,0,51,0,34,44,0,78,42,0,42,120
11/05/2010,FMN,NM,ASW,WE,Federal Contract Tower,0,23,5,0,28,0,18,58,0,76,0,41,63,0,104,32,0,32,136
11/06/2010,FMN,NM,ASW,WE,Federal Contract Tower,0,25,0,0,25,0,5,45,2,52,0,30,45,2,77,24,0,24,101
11/07/2010,FMN,NM,ASW,WE,Federal Contract Tower,0,17,4,0,21,0,2,38,0,40,0,19,42,0,61,41,0,41,102
11/08/2010,FMN,NM,ASW,WE,Federal Contract Tower,0,15,7,0,22,0,5,40,4,49,0,20,47,4,71,42,0,42,113
11/09/2010,FMN,NM,ASW,WE,Federal Contract Tower,0,24,12,0,36,0,5,23,0,28,0,29,35,0,64,14,0,14,78
11/10/2010,FMN,NM,ASW,WE,Federal Contract Tower,0,22,13,0,35,0,15,39,0,54,0,37,52,0,89,18,0,18,107
11/11/2010,FMN,NM,ASW,WE,Federal Contract Tower,0,15,20,0,35,0,6,43,0,49,0,21,63,0,84,16,0,16,100
11/12/2010,FMN,NM,ASW,WE,Federal Contract Tower,0,23,11,0,34,0,8,39,0,47,0,31,50,0,81,24,0,24,105
11/13/2010,FMN,NM,ASW,WE,Federal Contract Tower,0,22,0,0,22,0,4,31,0,35,0,26,31,0,57,42,0,42,99
11/14/2010,FMN,NM,ASW,WE,Federal Contract Tower,0,22,4,3,29,0,0,39,12,51,0,22,43,15,80,10,8,18,98
11/15/2010,FMN,NM,ASW,WE,Federal Contract Tower,0,17,3,0,20,0,3,7,0,10,0,20,10,0,30,0,0,0,30
11/16/2010,FMN,NM,ASW,WE,Federal Contract Tower,0,18,10,0,28,0,11,50,0,61,0,29,60,0,89,14,0,14,103
11/17/2010,FMN,NM,ASW,WE,Federal Contract Tower,0,22,9,0,31,0,7,40,2,49,0,29,49,2,80,32,0,32,112
11/18/2010,FMN,NM,ASW,WE,Federal Contract Tower,0,19,11,4,34,0,17,47,0,64,0,36,58,4,98,26,2,28,126
11/19/2010,FMN,NM,ASW,WE,Federal Contract Tower,0,19,2,0,21,0,5,54,0,59,0,24,56,0,80,58,0,58,138
11/20/2010,FMN,NM,ASW,WE,Federal Contract Tower,0,22,3,0,25,0,3,48,0,51,0,25,51,0,76,26,0,26,102
11/21/2010,FMN,NM,ASW,WE,Federal Contract Tower,0,12,0,0,12,0,5,16,0,21,0,17,16,0,33,6,0,6,39
11/22/2010,FMN,NM,ASW,WE,Federal Contract Tower,0,16,6,0,22,0,2,15,0,17,0,18,21,0,39,0,0,0,39
11/23/2010,FMN,NM,ASW,WE,Federal Contract Tower,0,24,2,0,26,0,10,31,0,41,0,34,33,0,67,4,0,4,71
11/24/2010,FMN,NM,ASW,WE,Federal Contract Tower,0,31,7,1,39,0,6,3,20,29,0,37,10,21,68,0,0,0,68
11/25/2010,FMN,NM,ASW,WE,Federal Contract Tower,0,18,2,0,20,0,1,14,0,15,0,19,16,0,35,6,0,6,41
11/26/2010,FMN,NM,ASW,WE,Federal Contract Tower,0,23,6,0,29,0,5,31,0,36,0,28,37,0,65,36,0,36,101
11/27/2010,FMN,NM,ASW,WE,Federal Contract Tower,0,21,6,0,27,0,6,33,0,39,0,27,39,0,66,32,0,32,98
11/28/2010,FMN,NM,ASW,WE,Federal Contract Tower,0,28,11,0,39,0,5,16,0,21,0,33,27,0,60,10,0,10,70
11/29/2010,FMN,NM,ASW,WE,Federal Contract Tower,0,21,9,0,30,0,2,22,0,24,0,23,31,0,54,16,0,16,70
11/30/2010,FMN,NM,ASW,WE,Federal Contract Tower,0,21,8,0,29,0,20,46,1,67,0,41,54,1,96,48,0,48,144
12/01/2010,FMN,NM,ASW,WE,Federal Contract Tower,0,23,7,0,30,0,8,40,0,48,0,31,47,0,78,60,0,60,138
12/02/2010,FMN,NM,ASW,WE,Federal Contract Tower,0,17,17,0,34,0,13,38,4,55,0,30,55,4,89,44,10,54,143
12/03/2010,FMN,NM,ASW,WE,Federal Contract Tower,0,22,12,0,34,0,7,49,2,58,0,29,61,2,92,22,6,28,120
12/04/2010,FMN,NM,ASW,WE,Federal Contract Tower,0,20,4,0,24,0,2,38,0,40,0,22,42,0,64,38,0,38,102
12/05/2010,FMN,NM,ASW,WE,Federal Contract Tower,0,17,5,0,22,0,6,33,0,39,0,23,38,0,61,20,0,20,81
12/06/2010,FMN,NM,ASW,WE,Federal Contract Tower,0,21,7,0,28,0,2,29,0,31,0,23,36,0,59,42,0,42,101
12/07/2010,FMN,NM,ASW,WE,Federal Contract Tower,0,26,6,0,32,0,4,25,0,29,0,30,31,0,61,28,0,28,89
12/08/2010,FMN,NM,ASW,WE,Federal Contract Tower,0,28,8,0,36,0,7,32,0,39,0,35,40,0,75,38,0,38,113
12/09/2010,FMN,NM,ASW,WE,Federal Contract Tower,0,23,3,0,26,0,10,43,0,53,0,33,46,0,79,30,0,30,109
12/10/2010,FMN,NM,ASW,WE,Federal Contract Tower,0,30,8,0,38,0,21,40,0,61,0,51,48,0,99,32,0,32,131
12/11/2010,FMN,NM,ASW,WE,Federal Contract Tower,0,21,0,0,21,0,4,41,0,45,0,25,41,0,66,46,0,46,112
12/12/2010,FMN,NM,ASW,WE,Federal Contract Tower,0,18,2,0,20,0,1,48,0,49,0,19,50,0,69,40,0,40,109
12/13/2010,FMN,NM,ASW,WE,Federal Contract Tower,0,26,10,2,38,0,6,46,2,54,0,32,56,4,92,34,0,34,126
12/14/2010,FMN,NM,ASW,WE,Federal Contract Tower,0,25,2,0,27,0,8,42,0,50,0,33,44,0,77,10,0,10,87
12/15/2010,FMN,NM,ASW,WE,Federal Contract Tower,0,28,7,1,36,0,2,36,9,47,0,30,43,10,83,8,20,28,111
12/16/2010,FMN,NM,ASW,WE,Federal Contract Tower,0,23,9,0,32,0,3,3,0,6,0,26,12,0,38,0,0,0,38
12/17/2010,FMN,NM,ASW,WE,Federal Contract Tower,0,23,11,3,37,0,11,6,0,17,0,34,17,3,54,2,0,2,56
12/18/2010,FMN,NM,ASW,WE,Federal Contract Tower,0,29,4,1,34,0,0,3,0,3,0,29,7,1,37,0,0,0,37
12/19/2010,FMN,NM,ASW,WE,Federal Contract Tower,0,18,1,0,19,0,1,11,0,12,0,19,12,0,31,0,0,0,31
12/20/2010,FMN,NM,ASW,WE,Federal Contract Tower,0,24,5,0,29,0,4,19,0,23,0,28,24,0,52,0,0,0,52
12/21/2010,FMN,NM,ASW,WE,Federal Contract Tower,0,29,6,0,35,0,2,14,0,16,0,31,20,0,51,10,0,10,61
12/22/2010,FMN,NM,ASW,WE,Federal Contract Tower,0,28,5,0,33,0,2,31,0,33,0,30,36,0,66,14,0,14,80
12/23/2010,FMN,NM,ASW,WE,Federal Contract Tower,0,26,10,0,36,0,2,12,0,14,0,28,22,0,50,4,0,4,54
12/24/2010,FMN,NM,ASW,WE,Federal Contract Tower,0,25,4,0,29,0,3,16,0,19,0,28,20,0,48,6,0,6,54
12/25/2010,FMN,NM,ASW,WE,Federal Contract Tower,0,20,0,0,20,0,18,0,0,18,0,38,0,0,38,38,0,38,76
12/26/2010,FMN,NM,ASW,WE,Federal Contract Tower,0,18,6,0,24,0,9,25,0,34,0,27,31,0,58,8,0,8,66
12/27/2010,FMN,NM,ASW,WE,Federal Contract Tower,0,20,4,0,24,0,6,16,0,22,0,26,20,0,46,0,0,0,46
12/28/2010,FMN,NM,ASW,WE,Federal Contract Tower,0,29,1,0,30,0,5,38,0,43,0,34,39,0,73,50,0,50,123
12/29/2010,FMN,NM,ASW,WE,Federal Contract Tower,0,17,3,0,20,0,0,0,0,0,0,17,3,0,20,0,0,0,20
12/30/2010,FMN,NM,ASW,WE,Federal Contract Tower,0,27,5,0,32,0,6,0,0,6,0,33,5,0,38,0,0,0,38
12/31/2010,FMN,NM,ASW,WE,Federal Contract Tower,0,25,7,0,32,0,7,7,0,14,0,32,14,0,46,0,0,0,46
01/01/2011,FMN,NM,ASW,WE,Federal Contract Tower,0,18,2,0,20,0,1,11,0,12,0,19,13,0,32,0,0,0,32
01/02/2011,FMN,NM,ASW,WE,Federal Contract Tower,0,18,6,0,24,0,6,12,0,18,0,24,18,0,42,0,0,0,42
01/03/2011,FMN,NM,ASW,WE,Federal Contract Tower,0,22,3,0,25,0,6,28,0,34,0,28,31,0,59,0,0,0,59
01/04/2011,FMN,NM,ASW,WE,Federal Contract Tower,0,21,8,0,29,0,10,23,0,33,0,31,31,0,62,10,0,10,72
01/05/2011,FMN,NM,ASW,WE,Federal Contract Tower,0,29,7,0,36,0,6,17,0,23,0,35,24,0,59,8,0,8,67
01/06/2011,FMN,NM,ASW,WE,Federal Contract Tower,0,19,7,1,27,0,4,13,1,18,0,23,20,2,45,4,10,14,59
01/07/2011,FMN,NM,ASW,WE,Federal Contract Tower,0,23,6,0,29,0,1,19,0,20,0,24,25,0,49,28,0,28,77
01/08/2011,FMN,NM,ASW,WE,Federal Contract Tower,0,20,8,0,28,0,5,27,6,38,0,25,35,6,66,30,0,30,96
01/09/2011,FMN,NM,ASW,WE,Federal Contract Tower,0,13,0,0,13,0,0,28,0,28,0,13,28,0,41,14,0,14,55
01/10/2011,FMN,NM,ASW,WE,Federal Contract Tower,0,17,4,0,21,0,0,5,0,5,0,17,9,0,26,0,0,0,26
01/11/2011,FMN,NM,ASW,WE,Federal Contract Tower,0,21,11,0,32,0,7,38,0,45,0,28,49,0,77,28,0,28,105
01/12/2011,FMN,NM,ASW,WE,Federal Contract Tower,0,25,5,0,30,0,15,31,6,52,0,40,36,6,82,18,0,18,100
01/13/2011,FMN,NM,ASW,WE,Federal Contract Tower,0,19,10,0,29,0,11,25,0,36,0,30,35,0,65,46,0,46,111
01/14/2011,FMN,NM,ASW,WE,Federal Contract Tower,0,31,11,0,42,0,4,23,0,27,0,35,34,0,69,0,0,0,69
01/15/2011,FMN,NM,ASW,WE,Federal Contract Tower,0,18,2,0,20,0,5,51,2,58,0,23,53,2,78,38,0,38,116
01/16/2011,FMN,NM,ASW,WE,Federal Contract Tower,0,18,6,2,26,0,8,33,0,41,0,26,39,2,67,28,2,30,97
01/17/2011,FMN,NM,ASW,WE,Federal Contract Tower,0,19,8,0,27,0,5,32,0,37,0,24,40,0,64,0,0,0,64
01/18/2011,FMN,NM,ASW,WE,Federal Contract Tower,0,27,4,0,31,0,12,27,0,39,0,39,31,0,70,30,0,30,100
01/19/2011,FMN,NM,ASW,WE,Federal Contract Tower,0,25,8,0,33,0,11,35,0,46,0,36,43,0,79,30,0,30,109
01/20/2011,FMN,NM,ASW,WE,Federal Contract Tower,0,22,1,0,23,0,3,58,0,61,0,25,59,0,84,0,0,0,84
01/21/2011,FMN,NM,ASW,WE,Federal Contract Tower,0,19,10,0,29,0,7,34,0,41,0,26,44,0,70,10,0,10,80
01/22/2011,FMN,NM,ASW,WE,Federal Contract Tower,0,22,5,0,27,0,2,16,8,26,0,24,21,8,53,42,0,42,95
01/23/2011,FMN,NM,ASW,WE,Federal Contract Tower,0,18,6,0,24,0,4,64,0,68,0,22,70,0,92,0,0,0,92
01/24/2011,FMN,NM,ASW,WE,Federal Contract Tower,0,23,2,0,25,0,10,41,0,51,0,33,43,0,76,25,0,25,101
01/25/2011,FMN,NM,ASW,WE,Federal Contract Tower,0,23,8,0,31,0,5,41,0,46,0,28,49,0,77,28,0,28,105
01/26/2011,FMN,NM,ASW,WE,Federal Contract Tower,0,24,5,0,29,0,16,32,0,48,0,40,37,0,77,30,0,30,107
01/27/2011,FMN,NM,ASW,WE,Federal Contract Tower,0,24,9,0,33,0,14,45,4,63,0,38,54,4,96,8,10,18,114
01/28/2011,FMN,NM,ASW,WE,Federal Contract Tower,0,25,3,0,28,0,11,36,2,49,0,36,39,2,77,46,10,56,133
01/29/2011,FMN,NM,ASW,WE,Federal Contract Tower,0,20,0,0,20,0,10,51,1,62,0,30,51,1,82,42,0,42,124
01/30/2011,FMN,NM,ASW,WE,Federal Contract Tower,0,17,7,0,24,0,9,38,1,48,0,26,45,1,72,0,0,0,72
01/31/2011,FMN,NM,ASW,WE,Federal Contract Tower,0,19,3,0,22,0,7,1,0,8,0,26,4,0,30,0,0,0,30
02/01/2011,FMN,NM,ASW,WE,Federal Contract Tower,0,22,1,0,23,0,4,6,0,10,0,26,7,0,33,0,0,0,33
02/02/2011,FMN,NM,ASW,WE,Federal Contract Tower,0,20,16,4,40,0,13,24,0,37,0,33,40,4,77,36,4,40,117
02/03/2011,FMN,NM,ASW,WE,Federal Contract Tower,0,20,12,0,32,0,7,40,0,47,0,27,52,0,79,26,0,26,105
02/04/2011,FMN,NM,ASW,WE,Federal Contract Tower,0,29,5,0,34,0,7,31,1,39,0,36,36,1,73,0,0,0,73
02/05/2011,FMN,NM,ASW,WE,Federal Contract Tower,0,18,5,0,23,0,9,22,0,31,0,27,27,0,54,30,0,30,84
02/06/2011,FMN,NM,ASW,WE,Federal Contract Tower,0,18,5,0,23,0,3,27,0,30,0,21,32,0,53,11,0,11,64
02/07/2011,FMN,NM,ASW,WE,Federal Contract Tower,0,30,0,0,30,0,5,18,0,23,0,35,18,0,53,0,0,0,53
02/08/2011,FMN,NM,ASW,WE,Federal Contract Tower,0,26,7,0,33,0,4,16,0,20,0,30,23,0,53,18,0,18,71
02/09/2011,FMN,NM,ASW,WE,Federal Contract Tower,0,23,8,0,31,0,7,23,0,30,0,30,31,0,61,28,0,28,89
02/10/2011,FMN,NM,ASW,WE,Federal Contract Tower,0,25,6,0,31,0,13,31,0,44,0,38,37,0,75,10,0,10,85
02/11/2011,FMN,NM,ASW,WE,Federal Contract Tower,0,20,2,3,25,0,7,41,0,48,0,27,43,3,73,16,16,32,105
02/12/2011,FMN,NM,ASW,WE,Federal Contract Tower,0,21,0,0,21,0,15,40,0,55,0,36,40,0,76,36,0,36,112
02/13/2011,FMN,NM,ASW,WE,Federal Contract Tower,0,15,2,0,17,0,0,30,0,30,0,15,32,0,47,43,0,43,90
02/14/2011,FMN,NM,ASW,WE,Federal Contract Tower,0,27,0,0,27,0,15,37,0,52,0,42,37,0,79,23,0,23,102
02/15/2011,FMN,NM,ASW,WE,Federal Contract Tower,0,21,9,6,36,0,8,45,0,53,0,29,54,6,89,26,18,44,133
02/16/2011,FMN,NM,ASW,WE,Federal Contract Tower,0,24,3,2,29,0,24,44,0,68,0,48,47,2,97,16,6,22,119
02/17/2011,FMN,NM,ASW,WE,Federal Contract Tower,0,26,5,1,32,0,18,18,0,36,0,44,23,1,68,0,6,6,74
02/18/2011,FMN,NM,ASW,WE,Federal Contract Tower,0,23,6,0,29,0,10,31,0,41,0,33,37,0,70,22,0,22,92
02/19/2011,FMN,NM,ASW,WE,Federal Contract Tower,0,23,1,0,24,0,6,2,0,8,0,29,3,0,32,0,0,0,32
02/20/2011,FMN,NM,ASW,WE,Federal Contract Tower,0,21,9,0,30,0,3,2,0,5,0,24,11,0,35,0,0,0,35
02/21/2011,FMN,NM,ASW,WE,Federal Contract Tower,0,27,8,0,35,0,3,48,0,51,0,30,56,0,86,4,0,4,90
02/22/2011,FMN,NM,ASW,WE,Federal Contract Tower,0,32,4,0,36,0,10,70,0,80,0,42,74,0,116,64,0,64,180
02/23/2011,FMN,NM,ASW,WE,Federal Contract Tower,0,23,7,0,30,0,6,62,0,68,0,29,69,0,98,52,0,52,150
02/24/2011,FMN,NM,ASW,WE,Federal Contract Tower,0,32,6,0,38,0,22,23,0,45,0,54,29,0,83,12,0,12,95
02/25/2011,FMN,NM,ASW,WE,Federal Contract Tower,0,28,8,0,36,0,9,24,0,33,0,37,32,0,69,14,0,14,83
02/26/2011,FMN,NM,ASW,WE,Federal Contract Tower,0,21,2,0,23,0,5,24,0,29,0,26,26,0,52,24,0,24,76
02/27/2011,FMN,NM,ASW,WE,Federal Contract Tower,0,17,1,0,18,0,0,3,0,3,0,17,4,0,21,0,0,0,21
02/28/2011,FMN,NM,ASW,WE,Federal Contract Tower,0,19,9,0,28,4,14,35,0,53,4,33,44,0,81,42,0,42,123
03/01/2011,FMN,NM,ASW,WE,Federal Contract Tower,0,27,6,0,33,0,14,47,0,61,0,41,53,0,94,70,0,70,164
03/02/2011,FMN,NM,ASW,WE,Federal Contract Tower,0,24,0,0,24,0,15,46,0,61,0,39,46,0,85,30,0,30,115
03/03/2011,FMN,NM,ASW,WE,Federal Contract Tower,0,29,11,0,40,0,9,32,4,45,0,38,43,4,85,42,8,50,135
03/04/2011,FMN,NM,ASW,WE,Federal Contract Tower,0,26,13,0,39,0,12,26,0,38,0,38,39,0,77,14,0,14,91
03/05/2011,FMN,NM,ASW,WE,Federal Contract Tower,0,29,4,0,33,0,8,36,0,44,0,37,40,0,77,27,0,27,104
03/06/2011,FMN,NM,ASW,WE,Federal Contract Tower,0,22,9,0,31,0,1,21,0,22,0,23,30,0,53,0,0,0,53
03/07/2011,FMN,NM,ASW,WE,Federal Contract Tower,0,34,2,0,36,0,0,4,0,4,0,34,6,0,40,0,0,0,40
03/08/2011,FMN,NM,ASW,WE,Federal Contract Tower,0,20,8,0,28,0,9,33,0,42,0,29,41,0,70,40,0,40,110
03/09/2011,FMN,NM,ASW,WE,Federal Contract Tower,0,24,5,0,29,0,19,50,0,69,0,43,55,0,98,54,0,54,152
03/10/2011,FMN,NM,ASW,WE,Federal Contract Tower,0,29,8,0,37,0,14,34,0,48,0,43,42,0,85,13,0,13,98
03/11/2011,FMN,NM,ASW,WE,Federal Contract Tower,0,25,5,0,30,0,6,49,0,55,0,31,54,0,85,29,0,29,114
03/12/2011,FMN,NM,ASW,WE,Federal Contract Tower,0,18,5,0,23,0,18,31,0,49,0,36,36,0,72,66,0,66,138
03/13/2011,FMN,NM,ASW,WE,Federal Contract Tower,0,19,0,0,19,0,10,33,0,43,0,29,33,0,62,4,0,4,66
03/14/2011,FMN,NM,ASW,WE,Federal Contract Tower,0,17,13,0,30,0,4,38,0,42,0,21,51,0,72,0,0,0,72
03/15/2011,FMN,NM,ASW,WE,Federal Contract Tower,0,34,4,0,38,0,7,64,0,71,0,41,68,0,109,0,0,0,109
03/16/2011,FMN,NM,ASW,WE,Federal Contract Tower,0,25,10,0,35,0,2,56,0,58,0,27,66,0,93,74,0,74,167
03/17/2011,FMN,NM,ASW,WE,Federal Contract Tower,0,28,2,0,30,0,2,39,0,41,0,30,41,0,71,58,0,58,129
03/18/2011,FMN,NM,ASW,WE,Federal Contract Tower,0,26,4,0,30,0,8,37,0,45,0,34,41,0,75,18,0,18,93
03/19/2011,FMN,NM,ASW,WE,Federal Contract Tower,0,17,6,0,23,0,14,45,0,59,0,31,51,0,82,22,0,22,104
03/20/2011,FMN,NM,ASW,WE,Federal Contract Tower,0,17,4,0,21,0,0,32,0,32,0,17,36,0,53,58,0,58,111
03/21/2011,FMN,NM,ASW,WE,Federal Contract Tower,0,19,8,0,27,0,1,20,0,21,0,20,28,0,48,0,0,0,48
03/22/2011,FMN,NM,ASW,WE,Federal Contract Tower,0,28,12,0,40,0,6,24,0,30,0,34,36,0,70,0,0,0,70
03/23/2011,FMN,NM,ASW,WE,Federal Contract Tower,0,22,1,0,23,0,5,44,0,49,0,27,45,0,72,52,0,52,124
03/24/2011,FMN,NM,ASW,WE,Federal Contract Tower,0,20,10,0,30,0,4,33,0,37,0,24,43,0,67,30,0,30,97
03/25/2011,FMN,NM,ASW,WE,Federal Contract Tower,0,23,3,0,26,0,3,27,0,30,0,26,30,0,56,24,0,24,80
03/26/2011,FMN,NM,ASW,WE,Federal Contract Tower,0,18,1,0,19,0,3,49,0,52,0,21,50,0,71,18,0,18,89
03/27/2011,FMN,NM,ASW,WE,Federal Contract Tower,0,17,5,0,22,0,1,30,0,31,0,18,35,0,53,32,0,32,85
03/28/2011,FMN,NM,ASW,WE,Federal Contract Tower,0,22,1,0,23,0,7,47,0,54,0,29,48,0,77,26,0,26,103
03/29/2011,FMN,NM,ASW,WE,Federal Contract Tower,0,25,7,0,32,0,2,41,0,43,0,27,48,0,75,72,0,72,147
03/30/2011,FMN,NM,ASW,WE,Federal Contract Tower,0,29,4,0,33,0,12,40,0,52,0,41,44,0,85,24,0,24,109
03/31/2011,FMN,NM,ASW,WE,Federal Contract Tower,0,19,7,0,26,0,4,19,0,23,0,23,26,0,49,0,0,0,49
04/01/2011,FMN,NM,ASW,WE,Federal Contract Tower,0,27,9,2,38,0,6,37,0,43,0,33,46,2,81,34,0,34,115
04/02/2011,FMN,NM,ASW,WE,Federal Contract Tower,0,23,2,0,25,0,9,24,2,35,0,32,26,2,60,24,0,24,84
04/03/2011,FMN,NM,ASW,WE,Federal Contract Tower,0,13,3,0,16,0,0,0,0,0,0,13,3,0,16,0,0,0,16
04/04/2011,FMN,NM,ASW,WE,Federal Contract Tower,0,21,2,0,23,0,6,68,0,74,0,27,70,0,97,20,0,20,117
04/05/2011,FMN,NM,ASW,WE,Federal Contract Tower,0,22,8,0,30,0,18,40,2,60,0,40,48,2,90,38,14,52,142
04/06/2011,FMN,NM,ASW,WE,Federal Contract Tower,0,29,2,0,31,0,10,17,0,27,0,39,19,0,58,28,0,28,86
04/07/2011,FMN,NM,ASW,WE,Federal Contract Tower,0,30,6,1,37,0,12,16,1,29,0,42,22,2,66,0,0,0,66
04/08/2011,FMN,NM,ASW,WE,Federal Contract Tower,0,22,3,0,25,0,12,17,2,31,0,34,20,2,56,31,0,31,87
04/09/2011,FMN,NM,ASW,WE,Federal Contract Tower,0,25,1,0,26,0,3,13,0,16,0,28,14,0,42,8,0,8,50
04/10/2011,FMN,NM,ASW,WE,Federal Contract Tower,0,18,1,0,19,0,4,16,0,20,0,22,17,0,39,0,0,0,39
04/11/2011,FMN,NM,ASW,WE,Federal Contract Tower,0,26,0,0,26,0,6,41,0,47,0,32,41,0,73,50,0,50,123
04/12/2011,FMN,NM,ASW,WE,Federal Contract Tower,0,25,2,0,27,0,12,77,0,89,0,37,79,0,116,50,0,50,166
04/13/2011,FMN,NM,ASW,WE,Federal Contract Tower,0,25,2,0,27,0,9,33,0,42,0,34,35,0,69,64,0,64,133
04/14/2011,FMN,NM,ASW,WE,Federal Contract Tower,0,26,2,0,28,0,3,31,0,34,0,29,33,0,62,0,20,20,82
04/15/2011,FMN,NM,ASW,WE,Federal Contract Tower,0,22,5,0,27,0,7,33,0,40,0,29,38,0,67,10,0,10,77
04/16/2011,FMN,NM,ASW,WE,Federal Contract Tower,0,25,2,0,27,0,15,25,0,40,0,40,27,0,67,34,0,34,101
04/17/2011,FMN,NM,ASW,WE,Federal Contract Tower,0,19,2,0,21,0,0,28,0,28,0,19,30,0,49,0,0,0,49
04/18/2011,FMN,NM,ASW,WE,Federal Contract Tower,0,23,15,0,38,0,5,25,0,30,0,28,40,0,68,40,0,40,108
04/19/2011,FMN,NM,ASW,WE,Federal Contract Tower,0,20,5,0,25,0,5,35,0,40,0,25,40,0,65,28,0,28,93
04/20/2011,FMN,NM,ASW,WE,Federal Contract Tower,0,17,2,0,19,0,17,16,0,33,0,34,18,0,52,18,0,18,70
04/21/2011,FMN,NM,ASW,WE,Federal Contract Tower,0,25,6,0,31,0,8,13,0,21,0,33,19,0,52,6,0,6,58
04/22/2011,FMN,NM,ASW,WE,Federal Contract Tower,0,23,2,0,25,0,15,26,0,41,0,38,28,0,66,32,0,32,98
04/23/2011,FMN,NM,ASW,WE,Federal Contract Tower,0,22,3,0,25,0,3,46,0,49,0,25,49,0,74,0,0,0,74
04/24/2011,FMN,NM,ASW,WE,Federal Contract Tower,0,25,4,0,29,0,1,9,0,10,0,26,13,0,39,0,0,0,39
04/25/2011,FMN,NM,ASW,WE,Federal Contract Tower,0,23,11,2,36,0,9,44,0,53,0,32,55,2,89,33,0,33,122
04/26/2011,FMN,NM,ASW,WE,Federal Contract Tower,0,44,6,4,54,0,8,15,0,23,0,52,21,4,77,20,0,20,97
04/27/2011,FMN,NM,ASW,WE,Federal Contract Tower,0,30,9,0,39,0,14,33,0,47,0,44,42,0,86,28,0,28,114
04/28/2011,FMN,NM,ASW,WE,Federal Contract Tower,0,30,5,0,35,0,17,43,0,60,0,47,48,0,95,62,0,62,157
04/29/2011,FMN,NM,ASW,WE,Federal Contract Tower,0,27,5,0,32,0,12,20,0,32,0,39,25,0,64,18,0,18,82
04/30/2011,FMN,NM,ASW,WE,Federal Contract Tower,0,28,3,0,31,0,5,39,0,44,0,33,42,0,75,34,0,34,109
05/01/2011,FMN,NM,ASW,WE,Federal Contract Tower,0,16,4,0,20,0,0,51,0,51,0,16,55,0,71,24,0,24,95
05/02/2011,FMN,NM,ASW,WE,Federal Contract Tower,0,22,4,0,26,0,3,83,0,86,0,25,87,0,112,34,0,34,146
05/03/2011,FMN,NM,ASW,WE,Federal Contract Tower,0,24,6,0,30,0,8,49,0,57,0,32,55,0,87,110,0,110,197
05/04/2011,FMN,NM,ASW,WE,Federal Contract Tower,0,26,11,0,37,0,13,45,8,66,0,39,56,8,103,34,10,44,147
05/05/2011,FMN,NM,ASW,WE,Federal Contract Tower,0,26,5,2,33,0,5,40,0,45,0,31,45,2,78,21,8,29,107
05/06/2011,FMN,NM,ASW,WE,Federal Contract Tower,0,17,4,0,21,0,12,45,0,57,0,29,49,0,78,14,0,14,92
05/07/2011,FMN,NM,ASW,WE,Federal Contract Tower,0,25,5,0,30,0,12,32,0,44,0,37,37,0,74,48,0,48,122
05/08/2011,FMN,NM,ASW,WE,Federal Contract Tower,0,21,2,0,23,0,5,29,0,34,0,26,31,0,57,0,0,0,57
05/09/2011,FMN,NM,ASW,WE,Federal Contract Tower,0,22,1,0,23,0,10,14,0,24,0,32,15,0,47,0,0,0,47
05/10/2011,FMN,NM,ASW,WE,Federal Contract Tower,0,23,8,2,33,0,18,40,0,58,0,41,48,2,91,38,6,44,135
05/11/2011,FMN,NM,ASW,WE,Federal Contract Tower,0,22,7,0,29,0,7,31,0,38,0,29,38,0,67,14,0,14,81
05/12/2011,FMN,NM,ASW,WE,Federal Contract Tower,0,28,2,0,30,0,4,47,0,51,0,32,49,0,81,0,0,0,81
05/13/2011,FMN,NM,ASW,WE,Federal Contract Tower,0,22,16,0,38,0,6,63,0,69,0,28,79,0,107,12,0,12,119
05/14/2011,FMN,NM,ASW,WE,Federal Contract Tower,0,23,1,0,24,0,1,47,0,48,0,24,48,0,72,44,0,44,116
05/15/2011,FMN,NM,ASW,WE,Federal Contract Tower,0,20,2,0,22,0,0,39,0,39,0,20,41,0,61,56,0,56,117
05/16/2011,FMN,NM,ASW,WE,Federal Contract Tower,0,26,13,2,41,0,22,56,0,78,0,48,69,2,119,48,0,48,167
05/17/2011,FMN,NM,ASW,WE,Federal Contract Tower,0,26,9,0,35,0,9,26,0,35,0,35,35,0,70,10,0,10,80
05/18/2011,FMN,NM,ASW,WE,Federal Contract Tower,0,28,7,8,43,0,1,15,0,16,0,29,22,8,59,30,0,30,89
05/19/2011,FMN,NM,ASW,WE,Federal Contract Tower,0,27,12,1,40,0,1,5,0,6,0,28,17,1,46,0,0,0,46
05/20/2011,FMN,NM,ASW,WE,Federal Contract Tower,0,23,4,0,27,0,10,24,0,34,0,33,28,0,61,48,0,48,109
05/21/2011,FMN,NM,ASW,WE,Federal Contract Tower,0,23,5,0,28,0,10,56,0,66,0,33,61,0,94,38,0,38,132
05/22/2011,FMN,NM,ASW,WE,Federal Contract Tower,0,15,4,1,20,0,1,45,5,51,0,16,49,6,71,38,0,38,109
05/23/2011,FMN,NM,ASW,WE,Federal Contract Tower,0,26,5,0,31,0,9,30,0,39,0,35,35,0,70,28,0,28,98
05/24/2011,FMN,NM,ASW,WE,Federal Contract Tower,0,23,5,0,28,0,5,24,0,29,0,28,29,0,57,2,0,2,59
05/25/2011,FMN,NM,ASW,WE,Federal Contract Tower,0,26,12,2,40,0,10,39,0,49,0,36,51,2,89,122,0,122,211
05/26/2011,FMN,NM,ASW,WE,Federal Contract Tower,0,32,8,0,40,0,10,44,2,56,0,42,52,2,96,34,0,34,130
05/27/2011,FMN,NM,ASW,WE,Federal Contract Tower,0,27,10,0,37,0,6,59,2,67,0,33,69,2,104,46,0,46,150
05/28/2011,FMN,NM,ASW,WE,Federal Contract Tower,0,17,3,0,20,0,5,42,0,47,0,22,45,0,67,16,0,16,83
05/29/2011,FMN,NM,ASW,WE,Federal Contract Tower,0,14,3,0,17,0,4,9,0,13,0,18,12,0,30,0,0,0,30
05/30/2011,FMN,NM,ASW,WE,Federal Contract Tower,0,19,1,1,21,0,4,46,1,51,0,23,47,2,72,30,0,30,102
05/31/2011,FMN,NM,ASW,WE,Federal Contract Tower,0,21,4,0,25,0,5,42,0,47,0,26,46,0,72,38,0,38,110
06/01/2011,FMN,NM,ASW,WE,Federal Contract Tower,0,28,11,0,39,0,8,42,3,53,0,36,53,3,92,18,0,18,110
06/02/2011,FMN,NM,ASW,WE,Federal Contract Tower,0,23,5,0,28,0,5,16,0,21,0,28,21,0,49,0,0,0,49
06/03/2011,FMN,NM,ASW,WE,Federal Contract Tower,0,24,8,0,32,0,17,71,0,88,0,41,79,0,120,64,0,64,184
06/04/2011,FMN,NM,ASW,WE,Federal Contract Tower,0,22,3,0,25,0,4,44,1,49,0,26,47,1,74,16,0,16,90
06/05/2011,FMN,NM,ASW,WE,Federal Contract Tower,0,17,2,0,19,0,2,24,0,26,0,19,26,0,45,108,0,108,153
06/06/2011,FMN,NM,ASW,WE,Federal Contract Tower,0,23,1,0,24,0,10,19,0,29,0,33,20,0,53,30,0,30,83
06/07/2011,FMN,NM,ASW,WE,Federal Contract Tower,0,27,4,0,31,0,9,43,0,52,0,36,47,0,83,18,0,18,101
06/08/2011,FMN,NM,ASW,WE,Federal Contract Tower,0,22,3,0,25,0,7,18,4,29,0,29,21,4,54,20,22,42,96
06/09/2011,FMN,NM,ASW,WE,Federal Contract Tower,20,0,8,0,28,0,6,39,2,47,20,6,47,2,75,72,12,84,159
06/10/2011,FMN,NM,ASW,WE,Federal Contract Tower,0,24,6,2,32,0,20,60,0,80,0,44,66,2,112,28,0,28,140
06/11/2011,FMN,NM,ASW,WE,Federal Contract Tower,0,22,8,0,30,0,6,30,0,36,0,28,38,0,66,36,0,36,102
06/12/2011,FMN,NM,ASW,WE,Federal Contract Tower,0,19,3,0,22,0,2,35,0,37,0,21,38,0,59,42,0,42,101
06/13/2011,FMN,NM,ASW,WE,Federal Contract Tower,0,25,5,0,30,0,3,55,0,58,0,28,60,0,88,36,0,36,124
06/14/2011,FMN,NM,ASW,WE,Federal Contract Tower,0,27,3,0,30,0,7,26,0,33,0,34,29,0,63,56,0,56,119
06/15/2011,FMN,NM,ASW,WE,Federal Contract Tower,0,27,6,0,33,0,4,43,0,47,0,31,49,0,80,76,0,76,156
06/16/2011,FMN,NM,ASW,WE,Federal Contract Tower,0,23,13,1,37,0,6,38,4,48,0,29,51,5,85,28,0,28,113
06/17/2011,FMN,NM,ASW,WE,Federal Contract Tower,0,28,10,0,38,0,6,33,0,39,0,34,43,0,77,10,0,10,87
06/18/2011,FMN,NM,ASW,WE,Federal Contract Tower,0,23,0,0,23,0,5,38,0,43,0,28,38,0,66,34,0,34,100
06/19/2011,FMN,NM,ASW,WE,Federal Contract Tower,0,16,1,0,17,0,0,30,0,30,0,16,31,0,47,18,0,18,65
06/20/2011,FMN,NM,ASW,WE,Federal Contract Tower,0,26,1,0,27,0,3,30,0,33,0,29,31,0,60,0,0,0,60
06/21/2011,FMN,NM,ASW,WE,Federal Contract Tower,0,21,3,2,26,0,12,68,0,80,0,33,71,2,106,36,0,36,142
06/22/2011,FMN,NM,ASW,WE,Federal Contract Tower,0,19,8,0,27,0,6,45,0,51,0,25,53,0,78,28,0,28,106
06/23/2011,FMN,NM,ASW,WE,Federal Contract Tower,0,25,4,0,29,0,41,49,0,90,0,66,53,0,119,24,0,24,143
06/24/2011,FMN,NM,ASW,WE,Federal Contract Tower,0,24,5,0,29,0,9,41,0,50,0,33,46,0,79,32,0,32,111
06/25/2011,FMN,NM,ASW,WE,Federal Contract Tower,0,23,1,0,24,0,6,34,0,40,0,29,35,0,64,46,0,46,110
06/26/2011,FMN,NM,ASW,WE,Federal Contract Tower,0,22,0,0,22,0,0,59,0,59,0,22,59,0,81,54,0,54,135
06/27/2011,FMN,NM,ASW,WE,Federal Contract Tower,0,20,11,0,31,0,3,52,0,55,0,23,63,0,86,0,0,0,86
06/28/2011,FMN,NM,ASW,WE,Federal Contract Tower,0,21,7,0,28,0,4,49,0,53,0,25,56,0,81,24,0,24,105
06/29/2011,FMN,NM,ASW,WE,Federal Contract Tower,0,20,6,0,26,0,32,29,0,61,0,52,35,0,87,0,0,0,87
06/30/2011,FMN,NM,ASW,WE,Federal Contract Tower,0,21,3,0,24,0,13,47,0,60,0,34,50,0,84,0,0,0,84
07/01/2011,FMN,NM,ASW,WE,Federal Contract Tower,0,26,3,0,29,0,16,66,0,82,0,42,69,0,111,50,0,50,161
07/02/2011,FMN,NM,ASW,WE,Federal Contract Tower,0,19,2,0,21,0,12,53,0,65,0,31,55,0,86,50,0,50,136
07/03/2011,FMN,NM,ASW,WE,Federal Contract Tower,0,10,0,0,10,0,8,32,0,40,0,18,32,0,50,46,0,46,96
07/04/2011,FMN,NM,ASW,WE,Federal Contract Tower,0,20,2,3,25,0,6,21,0,27,0,26,23,3,52,34,0,34,86
07/05/2011,FMN,NM,ASW,WE,Federal Contract Tower,0,23,2,0,25,0,8,29,1,38,0,31,31,1,63,18,14,32,95
07/06/2011,FMN,NM,ASW,WE,Federal Contract Tower,0,24,5,0,29,0,2,31,0,33,0,26,36,0,62,52,0,52,114
07/07/2011,FMN,NM,ASW,WE,Federal Contract Tower,0,23,3,0,26,0,7,32,0,39,0,30,35,0,65,54,0,54,119
07/08/2011,FMN,NM,ASW,WE,Federal Contract Tower,0,25,1,0,26,0,7,38,2,47,0,32,39,2,73,24,16,40,113
07/09/2011,FMN,NM,ASW,WE,Federal Contract Tower,0,28,0,0,28,0,3,27,0,30,0,31,27,0,58,46,0,46,104
07/10/2011,FMN,NM,ASW,WE,Federal Contract Tower,0,13,1,0,14,0,10,25,0,35,0,23,26,0,49,26,0,26,75
07/11/2011,FMN,NM,ASW,WE,Federal Contract Tower,0,25,0,0,25,0,6,31,0,37,0,31,31,0,62,0,0,0,62
07/12/2011,FMN,NM,ASW,WE,Federal Contract Tower,0,26,6,0,32,0,4,43,0,47,0,30,49,0,79,28,0,28,107
07/13/2011,FMN,NM,ASW,WE,Federal Contract Tower,0,25,4,0,29,0,6,45,0,51,0,31,49,0,80,18,0,18,98
07/14/2011,FMN,NM,ASW,WE,Federal Contract Tower,0,24,1,0,25,0,6,29,0,35,0,30,30,0,60,8,0,8,68
07/15/2011,FMN,NM,ASW,WE,Federal Contract Tower,0,29,1,0,30,0,12,41,0,53,0,41,42,0,83,38,0,38,121
07/16/2011,FMN,NM,ASW,WE,Federal Contract Tower,0,21,0,0,21,0,4,27,0,31,0,25,27,0,52,30,0,30,82
07/17/2011,FMN,NM,ASW,WE,Federal Contract Tower,0,20,4,0,24,0,8,34,0,42,0,28,38,0,66,50,0,50,116
07/18/2011,FMN,NM,ASW,WE,Federal Contract Tower,0,24,4,0,28,0,7,23,1,31,0,31,27,1,59,8,0,8,67
07/19/2011,FMN,NM,ASW,WE,Federal Contract Tower,0,25,1,0,26,0,4,36,0,40,0,29,37,0,66,40,0,40,106
07/20/2011,FMN,NM,ASW,WE,Federal Contract Tower,0,17,5,0,22,0,8,48,0,56,0,25,53,0,78,70,0,70,148
07/21/2011,FMN,NM,ASW,WE,Federal Contract Tower,0,27,6,0,33,0,8,32,2,42,0,35,38,2,75,28,0,28,103
07/22/2011,FMN,NM,ASW,WE,Federal Contract Tower,0,26,2,0,28,0,11,36,2,49,0,37,38,2,77,46,0,46,123
07/23/2011,FMN,NM,ASW,WE,Federal Contract Tower,0,19,3,0,22,0,6,53,0,59,0,25,56,0,81,44,0,44,125
07/24/2011,FMN,NM,ASW,WE,Federal Contract Tower,0,20,4,0,24,0,2,40,0,42,0,22,44,0,66,22,0,22,88
07/25/2011,FMN,NM,ASW,WE,Federal Contract Tower,0,18,1,0,19,0,28,36,0,64,0,46,37,0,83,41,0,41,124
07/26/2011,FMN,NM,ASW,WE,Federal Contract Tower,0,26,6,0,32,0,2,63,0,65,0,28,69,0,97,62,0,62,159
07/27/2011,FMN,NM,ASW,WE,Federal Contract Tower,0,21,3,0,24,0,11,58,0,69,0,32,61,0,93,68,0,68,161
07/28/2011,FMN,NM,ASW,WE,Federal Contract Tower,0,17,0,0,17,0,11,53,2,66,0,28,53,2,83,26,0,26,109
07/29/2011,FMN,NM,ASW,WE,Federal Contract Tower,0,24,6,0,30,0,9,45,0,54,0,33,51,0,84,48,0,48,132
07/30/2011,FMN,NM,ASW,WE,Federal Contract Tower,0,17,3,0,20,0,6,37,0,43,0,23,40,0,63,16,0,16,79
07/31/2011,FMN,NM,ASW,WE,Federal Contract Tower,0,18,5,0,23,0,3,51,0,54,0,21,56,0,77,22,0,22,99
08/01/2011,FMN,NM,ASW,WE,Federal Contract Tower,0,24,6,0,30,0,2,59,0,61,0,26,65,0,91,0,12,12,103
08/02/2011,FMN,NM,ASW,WE,Federal Contract Tower,0,23,2,0,25,0,12,42,0,54,0,35,44,0,79,76,0,76,155
08/03/2011,FMN,NM,ASW,WE,Federal Contract Tower,0,22,8,0,30,0,7,45,0,52,0,29,53,0,82,26,0,26,108
08/04/2011,FMN,NM,ASW,WE,Federal Contract Tower,0,22,10,0,32,0,8,37,0,45,0,30,47,0,77,36,0,36,113
08/05/2011,FMN,NM,ASW,WE,Federal Contract Tower,0,28,7,1,36,0,8,43,1,52,0,36,50,2,88,16,6,22,110
08/06/2011,FMN,NM,ASW,WE,Federal Contract Tower,0,18,3,0,21,0,3,54,0,57,0,21,57,0,78,42,0,42,120
08/07/2011,FMN,NM,ASW,WE,Federal Contract Tower,0,21,1,0,22,0,7,32,0,39,0,28,33,0,61,42,0,42,103
08/08/2011,FMN,NM,ASW,WE,Federal Contract Tower,0,22,2,0,24,0,3,37,0,40,0,25,39,0,64,38,0,38,102
08/09/2011,FMN,NM,ASW,WE,Federal Contract Tower,0,19,6,0,25,0,8,31,0,39,0,27,37,0,64,36,0,36,100
08/10/2011,FMN,NM,ASW,WE,Federal Contract Tower,0,25,6,0,31,0,6,64,0,70,0,31,70,0,101,18,0,18,119
08/11/2011,FMN,NM,ASW,WE,Federal Contract Tower,0,22,5,3,30,0,4,62,0,66,0,26,67,3,96,54,0,54,150
08/12/2011,FMN,NM,ASW,WE,Federal Contract Tower,0,25,13,2,40,0,4,60,0,64,0,29,73,2,104,34,0,34,138
08/13/2011,FMN,NM,ASW,WE,Federal Contract Tower,0,20,3,0,23,0,7,43,0,50,0,27,46,0,73,40,0,40,113
08/14/2011,FMN,NM,ASW,WE,Federal Contract Tower,0,19,4,1,24,0,0,43,0,43,0,19,47,1,67,36,28,64,131
08/15/2011,FMN,NM,ASW,WE,Federal Contract Tower,0,29,2,0,31,0,5,38,0,43,0,34,40,0,74,42,0,42,116
08/16/2011,FMN,NM,ASW,WE,Federal Contract Tower,0,20,2,0,22,0,11,48,0,59,0,31,50,0,81,62,0,62,143
08/17/2011,FMN,NM,ASW,WE,Federal Contract Tower,0,23,1,0,24,0,6,46,0,52,0,29,47,0,76,54,0,54,130
08/18/2011,FMN,NM,ASW,WE,Federal Contract Tower,0,24,10,4,38,0,16,56,0,72,0,40,66,4,110,22,20,42,152
08/19/2011,FMN,NM,ASW,WE,Federal Contract Tower,0,30,19,1,50,0,6,47,0,53,0,36,66,1,103,36,0,36,139
08/20/2011,FMN,NM,ASW,WE,Federal Contract Tower,0,15,1,0,16,0,5,60,0,65,0,20,61,0,81,68,0,68,149
08/21/2011,FMN,NM,ASW,WE,Federal Contract Tower,0,15,9,0,24,0,8,49,0,57,0,23,58,0,81,26,0,26,107
08/22/2011,FMN,NM,ASW,WE,Federal Contract Tower,0,27,12,2,41,0,11,42,0,53,0,38,54,2,94,8,0,8,102
08/23/2011,FMN,NM,ASW,WE,Federal Contract Tower,0,18,6,0,24,0,8,34,0,42,0,26,40,0,66,48,0,48,114
08/24/2011,FMN,NM,ASW,WE,Federal Contract Tower,0,24,3,0,27,0,6,44,0,50,0,30,47,0,77,24,0,24,101
08/25/2011,FMN,NM,ASW,WE,Federal Contract Tower,0,23,16,0,39,0,12,43,0,55,0,35,59,0,94,38,0,38,132
08/26/2011,FMN,NM,ASW,WE,Federal Contract Tower,0,22,8,0,30,0,17,54,0,71,0,39,62,0,101,72,0,72,173
08/27/2011,FMN,NM,ASW,WE,Federal Contract Tower,0,22,2,4,28,0,4,60,0,64,0,26,62,4,92,16,8,24,116
08/28/2011,FMN,NM,ASW,WE,Federal Contract Tower,0,17,1,0,18,0,2,41,0,43,0,19,42,0,61,92,0,92,153
08/29/2011,FMN,NM,ASW,WE,Federal Contract Tower,0,26,3,0,29,0,9,40,0,49,0,35,43,0,78,36,0,36,114
08/30/2011,FMN,NM,ASW,WE,Federal Contract Tower,0,25,8,1,34,0,18,40,0,58,0,43,48,1,92,20,1,21,113
08/31/2011,FMN,NM,ASW,WE,Federal Contract Tower,0,20,7,0,27,0,13,39,0,52,0,33,46,0,79,30,0,30,109
09/01/2011,FMN,NM,ASW,WE,Federal Contract Tower,0,21,8,0,29,0,7,45,0,52,0,28,53,0,81,32,0,32,113
09/02/2011,FMN,NM,ASW,WE,Federal Contract Tower,0,28,9,0,37,0,2,57,0,59,0,30,66,0,96,32,0,32,128
09/03/2011,FMN,NM,ASW,WE,Federal Contract Tower,0,23,6,0,29,0,8,34,0,42,0,31,40,0,71,54,0,54,125
09/04/2011,FMN,NM,ASW,WE,Federal Contract Tower,0,16,0,0,16,0,16,15,0,31,0,32,15,0,47,0,0,0,47
09/05/2011,FMN,NM,ASW,WE,Federal Contract Tower,0,20,6,0,26,0,4,30,0,34,0,24,36,0,60,42,0,42,102
09/06/2011,FMN,NM,ASW,WE,Federal Contract Tower,0,23,9,0,32,0,31,32,0,63,0,54,41,0,95,44,0,44,139
09/07/2011,FMN,NM,ASW,WE,Federal Contract Tower,0,23,4,0,27,0,6,40,0,46,0,29,44,0,73,38,0,38,111
09/08/2011,FMN,NM,ASW,WE,Federal Contract Tower,0,20,4,0,24,0,12,57,0,69,0,32,61,0,93,28,0,28,121
09/09/2011,FMN,NM,ASW,WE,Federal Contract Tower,0,24,5,0,29,0,11,31,0,42,0,35,36,0,71,34,0,34,105
09/10/2011,FMN,NM,ASW,WE,Federal Contract Tower,0,18,2,0,20,0,6,31,0,37,0,24,33,0,57,28,0,28,85
09/11/2011,FMN,NM,ASW,WE,Federal Contract Tower,0,22,0,0,22,0,4,33,0,37,0,26,33,0,59,64,0,64,123
09/12/2011,FMN,NM,ASW,WE,Federal Contract Tower,0,25,9,0,34,0,8,27,3,38,0,33,36,3,72,22,42,64,136
09/13/2011,FMN,NM,ASW,WE,Federal Contract Tower,0,26,8,0,34,0,10,39,0,49,0,36,47,0,83,40,0,40,123
09/14/2011,FMN,NM,ASW,WE,Federal Contract Tower,0,30,3,0,33,0,3,41,0,44,0,33,44,0,77,54,0,54,131
09/15/2011,FMN,NM,ASW,WE,Federal Contract Tower,0,33,4,0,37,0,7,51,0,58,0,40,55,0,95,30,0,30,125
09/16/2011,FMN,NM,ASW,WE,Federal Contract Tower,0,23,7,0,30,0,4,47,0,51,0,27,54,0,81,36,0,36,117
09/17/2011,FMN,NM,ASW,WE,Federal Contract Tower,0,18,5,0,23,0,17,42,0,59,0,35,47,0,82,42,0,42,124
09/18/2011,FMN,NM,ASW,WE,Federal Contract Tower,1,24,5,0,30,0,5,40,0,45,1,29,45,0,75,42,0,42,117
09/19/2011,FMN,NM,ASW,WE,Federal Contract Tower,0,29,4,0,33,0,11,45,0,56,0,40,49,0,89,82,0,82,171
09/20/2011,FMN,NM,ASW,WE,Federal Contract Tower,0,23,4,0,27,0,5,62,0,67,0,28,66,0,94,18,0,18,112
09/21/2011,FMN,NM,ASW,WE,Federal Contract Tower,0,32,10,4,46,0,9,71,2,82,0,41,81,6,128,30,16,46,174
09/22/2011,FMN,NM,ASW,WE,Federal Contract Tower,0,25,5,0,30,0,11,47,0,58,0,36,52,0,88,58,0,58,146
09/23/2011,FMN,NM,ASW,WE,Federal Contract Tower,0,24,1,0,25,0,42,59,0,101,0,66,60,0,126,14,0,14,140
09/24/2011,FMN,NM,ASW,WE,Federal Contract Tower,0,21,2,0,23,0,9,38,0,47,0,30,40,0,70,34,0,34,104
09/25/2011,FMN,NM,ASW,WE,Federal Contract Tower,0,15,6,0,21,0,2,41,0,43,0,17,47,0,64,66,0,66,130
09/26/2011,FMN,NM,ASW,WE,Federal Contract Tower,0,24,7,0,31,0,16,47,0,63,0,40,54,0,94,0,40,40,134
09/27/2011,FMN,NM,ASW,WE,Federal Contract Tower,0,32,3,0,35,0,16,44,6,66,0,48,47,6,101,26,0,26,127
09/28/2011,FMN,NM,ASW,WE,Federal Contract Tower,0,27,12,0,39,0,6,34,0,40,0,33,46,0,79,50,0,50,129
09/29/2011,FMN,NM,ASW,WE,Federal Contract Tower,0,25,6,0,31,0,8,55,0,63,0,33,61,0,94,74,0,74,168
09/30/2011,FMN,NM,ASW,WE,Federal Contract Tower,0,31,3,0,34,0,3,50,0,53,0,34,53,0,87,36,0,36,123
10/01/2011,FMN,NM,ASW,WE,Federal Contract Tower,0,22,3,0,25,0,2,64,0,66,0,24,67,0,91,24,0,24,115
10/02/2011,FMN,NM,ASW,WE,Federal Contract Tower,0,19,2,0,21,0,14,36,0,50,0,33,38,0,71,58,0,58,129
10/03/2011,FMN,NM,ASW,WE,Federal Contract Tower,0,25,0,0,25,0,4,39,0,43,0,29,39,0,68,30,0,30,98
10/04/2011,FMN,NM,ASW,WE,Federal Contract Tower,0,27,11,0,38,0,10,42,3,55,0,37,53,3,93,0,0,0,93
10/05/2011,FMN,NM,ASW,WE,Federal Contract Tower,0,24,6,1,31,0,6,35,0,41,0,30,41,1,72,0,14,14,86
10/06/2011,FMN,NM,ASW,WE,Federal Contract Tower,0,27,1,0,28,0,8,13,0,21,0,35,14,0,49,4,0,4,53
10/07/2011,FMN,NM,ASW,WE,Federal Contract Tower,0,33,3,0,36,0,0,38,0,38,0,33,41,0,74,14,0,14,88
10/08/2011,FMN,NM,ASW,WE,Federal Contract Tower,0,23,0,0,23,0,8,35,0,43,0,31,35,0,66,30,0,30,96
10/09/2011,FMN,NM,ASW,WE,Federal Contract Tower,0,17,3,0,20,0,14,30,0,44,0,31,33,0,64,36,0,36,100
10/10/2011,FMN,NM,ASW,WE,Federal Contract Tower,0,23,4,0,27,0,8,76,0,84,0,31,80,0,111,48,0,48,159
10/11/2011,FMN,NM,ASW,WE,Federal Contract Tower,0,25,6,0,31,0,26,34,0,60,0,51,40,0,91,12,0,12,103
10/12/2011,FMN,NM,ASW,WE,Federal Contract Tower,0,23,4,1,28,0,29,59,1,89,0,52,63,2,117,32,0,32,149
10/13/2011,FMN,NM,ASW,WE,Federal Contract Tower,0,27,5,0,32,0,6,58,0,64,0,33,63,0,96,20,0,20,116
10/14/2011,FMN,NM,ASW,WE,Federal Contract Tower,0,29,9,0,38,0,5,44,0,49,0,34,53,0,87,22,0,22,109
10/15/2011,FMN,NM,ASW,WE,Federal Contract Tower,0,25,7,2,34,0,8,48,0,56,0,33,55,2,90,22,0,22,112
10/16/2011,FMN,NM,ASW,WE,Federal Contract Tower,0,19,6,0,25,0,6,32,0,38,0,25,38,0,63,46,0,46,109
10/17/2011,FMN,NM,ASW,WE,Federal Contract Tower,0,17,6,0,23,0,10,35,0,45,0,27,41,0,68,0,0,0,68
10/18/2011,FMN,NM,ASW,WE,Federal Contract Tower,0,32,4,0,36,0,5,49,0,54,0,37,53,0,90,0,0,0,90
10/19/2011,FMN,NM,ASW,WE,Federal Contract Tower,0,29,6,0,35,0,5,22,0,27,0,34,28,0,62,38,0,38,100
10/20/2011,FMN,NM,ASW,WE,Federal Contract Tower,0,28,9,0,37,0,3,87,0,90,0,31,96,0,127,14,0,14,141
10/21/2011,FMN,NM,ASW,WE,Federal Contract Tower,0,25,2,0,27,0,6,41,0,47,0,31,43,0,74,45,0,45,119
10/22/2011,FMN,NM,ASW,WE,Federal Contract Tower,0,23,1,0,24,0,5,41,0,46,0,28,42,0,70,34,0,34,104
10/23/2011,FMN,NM,ASW,WE,Federal Contract Tower,0,15,5,0,20,0,5,41,0,46,0,20,46,0,66,34,0,34,100
10/24/2011,FMN,NM,ASW,WE,Federal Contract Tower,0,24,4,0,28,0,10,45,0,55,0,34,49,0,83,22,0,22,105
10/25/2011,FMN,NM,ASW,WE,Federal Contract Tower,0,25,3,0,28,0,8,38,0,46,0,33,41,0,74,0,0,0,74
10/26/2011,FMN,NM,ASW,WE,Federal Contract Tower,0,36,10,0,46,0,6,4,0,10,0,42,14,0,56,0,0,0,56
10/27/2011,FMN,NM,ASW,WE,Federal Contract Tower,0,29,8,2,39,0,19,33,1,53,0,48,41,3,92,28,8,36,128
10/28/2011,FMN,NM,ASW,WE,Federal Contract Tower,0,26,0,0,26,0,5,44,0,49,0,31,44,0,75,36,0,36,111
10/29/2011,FMN,NM,ASW,WE,Federal Contract Tower,0,18,2,0,20,0,9,46,1,56,0,27,48,1,76,22,0,22,98
10/30/2011,FMN,NM,ASW,WE,Federal Contract Tower,0,14,1,0,15,0,2,79,0,81,0,16,80,0,96,6,0,6,102
10/31/2011,FMN,NM,ASW,WE,Federal Contract Tower,0,23,1,2,26,0,20,37,0,57,0,43,38,2,83,0,0,0,83
11/01/2011,FMN,NM,ASW,WE,Federal Contract Tower,0,26,3,0,29,0,51,27,0,78,0,77,30,0,107,18,0,18,125
11/02/2011,FMN,NM,ASW,WE,Federal Contract Tower,0,27,2,0,29,0,12,55,0,67,0,39,57,0,96,20,0,20,116
11/03/2011,FMN,NM,ASW,WE,Federal Contract Tower,0,20,0,0,20,0,15,27,4,46,0,35,27,4,66,58,0,58,124
11/04/2011,FMN,NM,ASW,WE,Federal Contract Tower,0,24,3,0,27,0,7,35,0,42,0,31,38,0,69,34,0,34,103
11/05/2011,FMN,NM,ASW,WE,Federal Contract Tower,0,18,3,0,21,0,7,6,0,13,0,25,9,0,34,14,0,14,48
11/06/2011,FMN,NM,ASW,WE,Federal Contract Tower,0,19,0,0,19,0,21,41,0,62,0,40,41,0,81,12,0,12,93
11/07/2011,FMN,NM,ASW,WE,Federal Contract Tower,0,28,18,0,46,0,3,13,0,16,0,31,31,0,62,0,0,0,62
11/08/2011,FMN,NM,ASW,WE,Federal Contract Tower,0,23,2,0,25,0,36,26,0,62,0,59,28,0,87,0,0,0,87
11/09/2011,FMN,NM,ASW,WE,Federal Contract Tower,0,24,7,0,31,0,5,51,2,58,0,29,58,2,89,32,0,32,121
11/10/2011,FMN,NM,ASW,WE,Federal Contract Tower,0,26,6,0,32,0,4,19,0,23,0,30,25,0,55,56,0,56,111
11/11/2011,FMN,NM,ASW,WE,Federal Contract Tower,0,23,4,0,27,0,7,44,0,51,0,30,48,0,78,36,0,36,114
11/12/2011,FMN,NM,ASW,WE,Federal Contract Tower,0,17,3,0,20,0,6,27,0,33,0,23,30,0,53,38,0,38,91
11/13/2011,FMN,NM,ASW,WE,Federal Contract Tower,0,20,6,0,26,0,0,10,0,10,0,20,16,0,36,10,0,10,46
11/14/2011,FMN,NM,ASW,WE,Federal Contract Tower,0,29,6,0,35,0,9,30,2,41,0,38,36,2,76,0,0,0,76
11/15/2011,FMN,NM,ASW,WE,Federal Contract Tower,0,16,9,0,25,0,5,69,0,74,0,21,78,0,99,14,0,14,113
11/16/2011,FMN,NM,ASW,WE,Federal Contract Tower,0,23,5,0,28,0,14,28,4,46,0,37,33,4,74,42,0,42,116
11/17/2011,FMN,NM,ASW,WE,Federal Contract Tower,0,39,4,0,43,0,3,47,0,50,0,42,51,0,93,26,0,26,119
11/18/2011,FMN,NM,ASW,WE,Federal Contract Tower,0,29,7,1,37,0,7,57,4,68,0,36,64,5,105,16,0,16,121
11/19/2011,FMN,NM,ASW,WE,Federal Contract Tower,0,14,5,0,19,0,7,38,0,45,0,21,43,0,64,40,0,40,104
11/20/2011,FMN,NM,ASW,WE,Federal Contract Tower,0,14,1,4,19,0,9,33,0,42,0,23,34,4,61,88,1,89,150
11/21/2011,FMN,NM,ASW,WE,Federal Contract Tower,0,27,10,0,37,0,2,19,0,21,0,29,29,0,58,0,0,0,58
11/22/2011,FMN,NM,ASW,WE,Federal Contract Tower,0,34,7,0,41,0,14,41,0,55,0,48,48,0,96,0,0,0,96
11/23/2011,FMN,NM,ASW,WE,Federal Contract Tower,0,28,9,0,37,0,5,32,0,37,0,33,41,0,74,24,0,24,98
11/24/2011,FMN,NM,ASW,WE,Federal Contract Tower,17,3,0,0,20,0,4,10,0,14,17,7,10,0,34,18,0,18,52
11/25/2011,FMN,NM,ASW,WE,Federal Contract Tower,0,27,0,0,27,0,8,28,0,36,0,35,28,0,63,54,0,54,117
11/26/2011,FMN,NM,ASW,WE,Federal Contract Tower,0,19,3,0,22,0,1,24,0,25,0,20,27,0,47,26,0,26,73
11/27/2011,FMN,NM,ASW,WE,Federal Contract Tower,0,14,5,0,19,0,1,34,0,35,0,15,39,0,54,48,0,48,102
11/28/2011,FMN,NM,ASW,WE,Federal Contract Tower,0,24,12,0,36,0,1,55,2,58,0,25,67,2,94,32,2,34,128
11/29/2011,FMN,NM,ASW,WE,Federal Contract Tower,0,19,6,2,27,0,23,56,1,80,0,42,62,3,107,6,10,16,123
11/30/2011,FMN,NM,ASW,WE,Federal Contract Tower,0,21,6,0,27,0,2,45,0,47,0,23,51,0,74,58,0,58,132
12/01/2011,FMN,NM,ASW,WE,Federal Contract Tower,0,21,9,0,30,0,8,36,0,44,0,29,45,0,74,44,0,44,118
12/02/2011,FMN,NM,ASW,WE,Federal Contract Tower,0,31,8,0,39,0,0,14,0,14,0,31,22,0,53,0,0,0,53
12/03/2011,FMN,NM,ASW,WE,Federal Contract Tower,0,23,7,2,32,0,1,1,0,2,0,24,8,2,34,0,0,0,34
12/04/2011,FMN,NM,ASW,WE,Federal Contract Tower,0,14,6,0,20,0,4,1,0,5,0,18,7,0,25,0,0,0,25
12/05/2011,FMN,NM,ASW,WE,Federal Contract Tower,0,28,14,0,42,0,1,6,0,7,0,29,20,0,49,0,0,0,49
12/06/2011,FMN,NM,ASW,WE,Federal Contract Tower,0,29,2,0,31,0,4,21,0,25,0,33,23,0,56,0,0,0,56
12/07/2011,FMN,NM,ASW,WE,Federal Contract Tower,0,28,0,0,28,0,10,37,0,47,0,38,37,0,75,40,0,40,115
12/08/2011,FMN,NM,ASW,WE,Federal Contract Tower,0,31,5,0,36,0,5,32,0,37,0,36,37,0,73,72,0,72,145
12/09/2011,FMN,NM,ASW,WE,Federal Contract Tower,0,25,5,5,35,0,3,45,0,48,0,28,50,5,83,44,8,52,135
12/10/2011,FMN,NM,ASW,WE,Federal Contract Tower,0,12,2,0,14,0,5,35,2,42,0,17,37,2,56,44,0,44,100
12/11/2011,FMN,NM,ASW,WE,Federal Contract Tower,0,17,0,0,17,0,0,62,0,62,0,17,62,0,79,58,0,58,137
12/12/2011,FMN,NM,ASW,WE,Federal Contract Tower,0,22,4,0,26,0,1,17,0,18,0,23,21,0,44,16,0,16,60
12/13/2011,FMN,NM,ASW,WE,Federal Contract Tower,0,20,4,0,24,0,2,10,0,12,0,22,14,0,36,12,0,12,48
12/14/2011,FMN,NM,ASW,WE,Federal Contract Tower,0,24,2,0,26,0,4,19,0,23,0,28,21,0,49,36,0,36,85
12/15/2011,FMN,NM,ASW,WE,Federal Contract Tower,0,32,3,2,37,0,4,34,0,38,0,36,37,2,75,50,38,88,163
12/16/2011,FMN,NM,ASW,WE,Federal Contract Tower,0,27,9,0,36,0,4,51,0,55,0,31,60,0,91,0,0,0,91
12/17/2011,FMN,NM,ASW,WE,Federal Contract Tower,0,15,2,0,17,0,5,22,4,31,0,20,24,4,48,24,6,30,78
12/18/2011,FMN,NM,ASW,WE,Federal Contract Tower,0,17,2,0,19,0,0,31,0,31,0,17,33,0,50,30,0,30,80
12/19/2011,FMN,NM,ASW,WE,Federal Contract Tower,4,26,3,0,33,0,6,9,0,15,4,32,12,0,48,0,0,0,48
12/20/2011,FMN,NM,ASW,WE,Federal Contract Tower,0,37,9,0,46,0,0,0,0,0,0,37,9,0,46,0,0,0,46
12/21/2011,FMN,NM,ASW,WE,Federal Contract Tower,0,29,4,4,37,0,5,16,2,23,0,34,20,6,60,0,60,60,120
12/22/2011,FMN,NM,ASW,WE,Federal Contract Tower,0,23,0,1,24,0,5,19,1,25,0,28,19,2,49,14,20,34,83
12/23/2011,FMN,NM,ASW,WE,Federal Contract Tower,0,33,8,0,41,0,3,23,1,27,0,36,31,1,68,10,0,10,78
12/24/2011,FMN,NM,ASW,WE,Federal Contract Tower,0,12,1,0,13,0,1,35,0,36,0,13,36,0,49,39,0,39,88
12/25/2011,FMN,NM,ASW,WE,Federal Contract Tower,0,15,0,0,15,0,8,7,0,15,0,23,7,0,30,10,0,10,40
12/26/2011,FMN,NM,ASW,WE,Federal Contract Tower,0,16,3,0,19,0,0,34,0,34,0,16,37,0,53,0,0,0,53
12/27/2011,FMN,NM,ASW,WE,Federal Contract Tower,0,22,0,0,22,0,13,53,0,66,0,35,53,0,88,14,0,14,102
12/28/2011,FMN,NM,ASW,WE,Federal Contract Tower,0,23,2,0,25,0,6,37,0,43,0,29,39,0,68,40,0,40,108
12/29/2011,FMN,NM,ASW,WE,Federal Contract Tower,0,31,2,0,33,0,3,49,0,52,0,34,51,0,85,64,0,64,149
12/30/2011,FMN,NM,ASW,WE,Federal Contract Tower,0,23,2,0,25,0,3,44,0,47,0,26,46,0,72,62,0,62,134
12/31/2011,FMN,NM,ASW,WE,Federal Contract Tower,0,14,2,0,16,0,10,27,0,37,0,24,29,0,53,14,0,14,67
01/01/2012,FMN,NM,ASW,WE,Federal Contract Tower,0,13,0,0,13,0,8,35,0,43,0,21,35,0,56,28,0,28,84
01/02/2012,FMN,NM,ASW,WE,Federal Contract Tower,0,17,2,0,19,0,0,26,2,28,0,17,28,2,47,62,0,62,109
01/03/2012,FMN,NM,ASW,WE,Federal Contract Tower,0,23,3,1,27,0,0,39,1,40,0,23,42,2,67,34,0,34,101
01/04/2012,FMN,NM,ASW,WE,Federal Contract Tower,0,22,6,0,28,0,5,46,0,51,0,27,52,0,79,42,0,42,121
01/05/2012,FMN,NM,ASW,WE,Federal Contract Tower,0,21,1,0,22,0,19,39,0,58,0,40,40,0,80,32,0,32,112
01/06/2012,FMN,NM,ASW,WE,Federal Contract Tower,0,26,5,0,31,0,3,44,0,47,0,29,49,0,78,38,0,38,116
01/07/2012,FMN,NM,ASW,WE,Federal Contract Tower,0,16,4,0,20,0,4,26,0,30,0,20,30,0,50,22,0,22,72
01/08/2012,FMN,NM,ASW,WE,Federal Contract Tower,0,19,4,0,23,0,3,23,1,27,0,22,27,1,50,33,0,33,83
01/09/2012,FMN,NM,ASW,WE,Federal Contract Tower,0,18,7,0,25,0,10,38,0,48,0,28,45,0,73,54,0,54,127
01/10/2012,FMN,NM,ASW,WE,Federal Contract Tower,0,24,3,0,27,0,5,48,0,53,0,29,51,0,80,44,0,44,124
01/11/2012,FMN,NM,ASW,WE,Federal Contract Tower,0,21,2,2,25,0,13,49,0,62,0,34,51,2,87,22,0,22,109
01/12/2012,FMN,NM,ASW,WE,Federal Contract Tower,0,23,2,0,25,0,7,33,0,40,0,30,35,0,65,58,0,58,123
01/13/2012,FMN,NM,ASW,WE,Federal Contract Tower,0,22,9,0,31,0,14,56,0,70,0,36,65,0,101,52,0,52,153
01/14/2012,FMN,NM,ASW,WE,Federal Contract Tower,0,17,2,0,19,0,11,30,0,41,0,28,32,0,60,60,2,62,122
01/15/2012,FMN,NM,ASW,WE,Federal Contract Tower,0,15,3,0,18,0,4,35,0,39,0,19,38,0,57,20,0,20,77
01/16/2012,FMN,NM,ASW,WE,Federal Contract Tower,0,27,18,0,45,0,3,0,0,3,0,30,18,0,48,0,0,0,48
01/17/2012,FMN,NM,ASW,WE,Federal Contract Tower,0,32,24,0,56,0,15,33,8,56,0,47,57,8,112,8,0,8,120
01/18/2012,FMN,NM,ASW,WE,Federal Contract Tower,0,22,6,0,28,0,6,42,0,48,0,28,48,0,76,62,0,62,138
01/19/2012,FMN,NM,ASW,WE,Federal Contract Tower,0,28,3,0,31,0,3,38,0,41,0,31,41,0,72,54,0,54,126
01/20/2012,FMN,NM,ASW,WE,Federal Contract Tower,0,36,1,0,37,0,1,33,0,34,0,37,34,0,71,60,0,60,131
01/21/2012,FMN,NM,ASW,WE,Federal Contract Tower,0,19,0,2,21,0,4,20,0,24,0,23,20,2,45,44,0,44,89
01/22/2012,FMN,NM,ASW,WE,Federal Contract Tower,0,22,1,0,23,0,0,9,0,9,0,22,10,0,32,0,0,0,32
01/23/2012,FMN,NM,ASW,WE,Federal Contract Tower,0,30,2,0,32,0,4,1,0,5,0,34,3,0,37,0,0,0,37
01/24/2012,FMN,NM,ASW,WE,Federal Contract Tower,0,34,4,0,38,0,0,12,0,12,0,34,16,0,50,0,0,0,50
01/25/2012,FMN,NM,ASW,WE,Federal Contract Tower,0,21,5,0,26,0,7,25,0,32,0,28,30,0,58,64,0,64,122
01/26/2012,FMN,NM,ASW,WE,Federal Contract Tower,0,27,8,0,35,0,2,34,2,38,0,29,42,2,73,48,0,48,121
01/27/2012,FMN,NM,ASW,WE,Federal Contract Tower,0,31,6,2,39,0,18,36,0,54,0,49,42,2,93,16,0,16,109
01/28/2012,FMN,NM,ASW,WE,Federal Contract Tower,0,19,2,0,21,0,5,31,0,36,0,24,33,0,57,46,0,46,103
01/29/2012,FMN,NM,ASW,WE,Federal Contract Tower,0,17,3,0,20,0,32,62,0,94,0,49,65,0,114,60,0,60,174
01/30/2012,FMN,NM,ASW,WE,Federal Contract Tower,0,22,12,2,36,0,21,37,0,58,0,43,49,2,94,34,0,34,128
01/31/2012,FMN,NM,ASW,WE,Federal Contract Tower,0,22,11,0,33,0,13,46,0,59,0,35,57,0,92,38,0,38,130
02/01/2012,FMN,NM,ASW,WE,Federal Contract Tower,0,24,4,0,28,0,9,39,0,48,0,33,43,0,76,52,0,52,128
02/02/2012,FMN,NM,ASW,WE,Federal Contract Tower,0,20,7,0,27,0,13,20,0,33,0,33,27,0,60,61,0,61,121
02/03/2012,FMN,NM,ASW,WE,Federal Contract Tower,0,27,8,0,35,0,12,18,0,30,0,39,26,0,65,46,0,46,111
02/04/2012,FMN,NM,ASW,WE,Federal Contract Tower,0,19,4,0,23,0,5,29,0,34,0,24,33,0,57,28,0,28,85
02/05/2012,FMN,NM,ASW,WE,Federal Contract Tower,0,18,8,0,26,0,4,16,0,20,0,22,24,0,46,0,0,0,46
02/06/2012,FMN,NM,ASW,WE,Federal Contract Tower,0,21,2,0,23,0,1,56,0,57,0,22,58,0,80,24,0,24,104
02/07/2012,FMN,NM,ASW,WE,Federal Contract Tower,0,25,5,0,30,0,5,41,0,46,0,30,46,0,76,42,0,42,118
02/08/2012,FMN,NM,ASW,WE,Federal Contract Tower,0,27,7,0,34,0,11,39,5,55,0,38,46,5,89,58,0,58,147
02/09/2012,FMN,NM,ASW,WE,Federal Contract Tower,0,36,2,0,38,0,2,20,0,22,0,38,22,0,60,30,0,30,90
02/10/2012,FMN,NM,ASW,WE,Federal Contract Tower,0,22,3,0,25,0,1,37,0,38,0,23,40,0,63,56,0,56,119
02/11/2012,FMN,NM,ASW,WE,Federal Contract Tower,0,17,1,0,18,0,7,33,0,40,0,24,34,0,58,40,0,40,98
02/12/2012,FMN,NM,ASW,WE,Federal Contract Tower,0,19,5,0,24,0,0,3,0,3,0,19,8,0,27,0,0,0,27
02/13/2012,FMN,NM,ASW,WE,Federal Contract Tower,0,23,5,0,28,0,33,20,1,54,0,56,25,1,82,0,0,0,82
02/14/2012,FMN,NM,ASW,WE,Federal Contract Tower,0,20,9,0,29,0,16,63,0,79,0,36,72,0,108,0,0,0,108
02/15/2012,FMN,NM,ASW,WE,Federal Contract Tower,0,24,13,2,39,0,2,21,2,25,0,26,34,4,64,88,0,88,152
02/16/2012,FMN,NM,ASW,WE,Federal Contract Tower,0,30,5,0,35,0,3,49,0,52,0,33,54,0,87,38,0,38,125
02/17/2012,FMN,NM,ASW,WE,Federal Contract Tower,0,22,2,9,33,0,6,31,0,37,0,28,33,9,70,24,36,60,130
02/18/2012,FMN,NM,ASW,WE,Federal Contract Tower,0,16,3,0,19,0,2,39,0,41,0,18,42,0,60,32,0,32,92
02/19/2012,FMN,NM,ASW,WE,Federal Contract Tower,0,18,3,0,21,0,1,30,0,31,0,19,33,0,52,22,0,22,74
02/20/2012,FMN,NM,ASW,WE,Federal Contract Tower,0,27,8,0,35,0,5,35,0,40,0,32,43,0,75,28,0,28,103
02/21/2012,FMN,NM,ASW,WE,Federal Contract Tower,0,29,5,0,34,0,4,45,2,51,0,33,50,2,85,74,0,74,159
02/22/2012,FMN,NM,ASW,WE,Federal Contract Tower,0,22,2,3,27,0,17,24,1,42,0,39,26,4,69,22,16,38,107
02/23/2012,FMN,NM,ASW,WE,Federal Contract Tower,0,14,2,2,18,0,9,28,2,39,0,23,30,4,57,10,0,10,67
02/24/2012,FMN,NM,ASW,WE,Federal Contract Tower,0,25,11,1,37,0,3,42,1,46,0,28,53,2,83,48,0,48,131
02/25/2012,FMN,NM,ASW,WE,Federal Contract Tower,0,19,8,0,27,0,2,30,0,32,0,21,38,0,59,38,0,38,97
02/26/2012,FMN,NM,ASW,WE,Federal Contract Tower,0,13,2,0,15,0,12,30,0,42,0,25,32,0,57,8,0,8,65
02/27/2012,FMN,NM,ASW,WE,Federal Contract Tower,22,0,9,0,31,0,16,27,0,43,22,16,36,0,74,20,0,20,94
02/28/2012,FMN,NM,ASW,WE,Federal Contract Tower,0,32,14,0,46,0,19,19,0,38,0,51,33,0,84,0,0,0,84
02/29/2012,FMN,NM,ASW,WE,Federal Contract Tower,0,24,3,0,27,0,12,33,0,45,0,36,36,0,72,24,0,24,96
03/01/2012,FMN,NM,ASW,WE,Federal Contract Tower,0,30,7,0,37,0,4,18,0,22,0,34,25,0,59,16,0,16,75
03/02/2012,FMN,NM,ASW,WE,Federal Contract Tower,0,28,2,0,30,0,5,11,2,18,0,33,13,2,48,0,0,0,48
03/03/2012,FMN,NM,ASW,WE,Federal Contract Tower,0,16,6,0,22,0,5,30,0,35,0,21,36,0,57,26,0,26,83
03/04/2012,FMN,NM,ASW,WE,Federal Contract Tower,0,14,1,0,15,0,14,41,0,55,0,28,42,0,70,28,0,28,98
03/05/2012,FMN,NM,ASW,WE,Federal Contract Tower,0,19,7,0,26,0,10,64,0,74,0,29,71,0,100,50,0,50,150
03/06/2012,FMN,NM,ASW,WE,Federal Contract Tower,0,20,5,0,25,0,5,17,0,22,0,25,22,0,47,46,0,46,93
03/07/2012,FMN,NM,ASW,WE,Federal Contract Tower,0,22,5,0,27,0,4,27,1,32,0,26,32,1,59,36,0,36,95
03/08/2012,FMN,NM,ASW,WE,Federal Contract Tower,0,21,8,0,29,0,3,26,2,31,0,24,34,2,60,24,0,24,84
03/09/2012,FMN,NM,ASW,WE,Federal Contract Tower,0,24,8,0,32,0,1,51,1,53,0,25,59,1,85,36,0,36,121
03/10/2012,FMN,NM,ASW,WE,Federal Contract Tower,0,19,4,0,23,0,3,39,0,42,0,22,43,0,65,68,0,68,133
03/11/2012,FMN,NM,ASW,WE,Federal Contract Tower,0,13,3,0,16,0,1,33,0,34,0,14,36,0,50,22,0,22,72
03/12/2012,FMN,NM,ASW,WE,Federal Contract Tower,0,23,5,0,28,0,8,37,2,47,0,31,42,2,75,78,0,78,153
03/13/2012,FMN,NM,ASW,WE,Federal Contract Tower,0,24,4,0,28,0,7,40,6,53,0,31,44,6,81,70,0,70,151
03/14/2012,FMN,NM,ASW,WE,Federal Contract Tower,0,21,1,0,22,0,9,61,0,70,0,30,62,0,92,40,0,40,132
03/15/2012,FMN,NM,ASW,WE,Federal Contract Tower,0,24,1,0,25,0,5,44,0,49,0,29,45,0,74,30,0,30,104
03/16/2012,FMN,NM,ASW,WE,Federal Contract Tower,0,22,4,0,26,0,7,43,4,54,0,29,47,4,80,36,0,36,116
03/17/2012,FMN,NM,ASW,WE,Federal Contract Tower,0,17,7,0,24,0,8,34,0,42,0,25,41,0,66,28,0,28,94
03/18/2012,FMN,NM,ASW,WE,Federal Contract Tower,0,15,7,0,22,0,0,5,0,5,0,15,12,0,27,0,0,0,27
03/19/2012,FMN,NM,ASW,WE,Federal Contract Tower,0,19,10,0,29,0,3,3,0,6,0,22,13,0,35,0,0,0,35
03/20/2012,FMN,NM,ASW,WE,Federal Contract Tower,0,26,0,13,39,0,7,34,0,41,0,33,34,13,80,10,20,30,110
03/21/2012,FMN,NM,ASW,WE,Federal Contract Tower,0,18,8,0,26,0,13,35,0,48,0,31,43,0,74,50,0,50,124
03/22/2012,FMN,NM,ASW,WE,Federal Contract Tower,0,26,3,1,30,0,12,36,1,49,0,38,39,2,79,53,0,53,132
03/23/2012,FMN,NM,ASW,WE,Federal Contract Tower,0,14,9,0,23,0,10,60,4,74,0,24,69,4,97,58,0,58,155
03/24/2012,FMN,NM,ASW,WE,Federal Contract Tower,0,13,3,0,16,0,5,33,0,38,0,18,36,0,54,40,0,40,94
03/25/2012,FMN,NM,ASW,WE,Federal Contract Tower,0,15,1,0,16,0,8,47,0,55,0,23,48,0,71,0,0,0,71
03/26/2012,FMN,NM,ASW,WE,Federal Contract Tower,0,18,2,2,22,0,7,11,0,18,0,25,13,2,40,0,0,0,40
03/27/2012,FMN,NM,ASW,WE,Federal Contract Tower,0,21,4,0,25,0,9,46,0,55,0,30,50,0,80,28,0,28,108
03/28/2012,FMN,NM,ASW,WE,Federal Contract Tower,0,22,4,0,26,0,13,54,0,67,0,35,58,0,93,54,0,54,147
03/29/2012,FMN,NM,ASW,WE,Federal Contract Tower,0,24,6,2,32,0,9,40,0,49,0,33,46,2,81,54,0,54,135
03/30/2012,FMN,NM,ASW,WE,Federal Contract Tower,0,27,3,0,30,0,6,34,0,40,0,33,37,0,70,36,0,36,106
03/31/2012,FMN,NM,ASW,WE,Federal Contract Tower,0,15,7,0,22,0,17,55,2,74,0,32,62,2,96,22,0,22,118
04/01/2012,FMN,NM,ASW,WE,Federal Contract Tower,0,22,8,0,30,0,8,24,0,32,0,30,32,0,62,38,0,38,100
04/02/2012,FMN,NM,ASW,WE,Federal Contract Tower,0,24,2,0,26,0,14,9,0,23,0,38,11,0,49,0,0,0,49
04/03/2012,FMN,NM,ASW,WE,Federal Contract Tower,0,28,7,2,37,0,2,53,0,55,0,30,60,2,92,32,0,32,124
04/04/2012,FMN,NM,ASW,WE,Federal Contract Tower,0,22,5,0,27,0,8,35,0,43,0,30,40,0,70,52,0,52,122
04/05/2012,FMN,NM,ASW,WE,Federal Contract Tower,0,20,7,0,27,0,9,47,0,56,0,29,54,0,83,38,0,38,121
04/06/2012,FMN,NM,ASW,WE,Federal Contract Tower,0,21,7,1,29,0,8,44,7,59,0,29,51,8,88,40,30,70,158
04/07/2012,FMN,NM,ASW,WE,Federal Contract Tower,0,20,2,0,22,0,4,34,0,38,0,24,36,0,60,38,0,38,98
04/08/2012,FMN,NM,ASW,WE,Federal Contract Tower,0,14,2,0,16,0,12,25,0,37,0,26,27,0,53,0,0,0,53
04/09/2012,FMN,NM,ASW,WE,Federal Contract Tower,0,17,4,0,21,0,1,68,0,69,0,18,72,0,90,0,0,0,90
04/10/2012,FMN,NM,ASW,WE,Federal Contract Tower,0,23,7,4,34,0,19,43,0,62,0,42,50,4,96,28,12,40,136
04/11/2012,FMN,NM,ASW,WE,Federal Contract Tower,0,20,5,0,25,0,12,32,0,44,0,32,37,0,69,26,38,64,133
04/12/2012,FMN,NM,ASW,WE,Federal Contract Tower,0,21,4,0,25,0,16,24,0,40,0,37,28,0,65,30,0,30,95
04/13/2012,FMN,NM,ASW,WE,Federal Contract Tower,0,22,6,0,28,0,6,31,2,39,0,28,37,2,67,30,0,30,97
04/14/2012,FMN,NM,ASW,WE,Federal Contract Tower,0,14,1,0,15,0,2,12,0,14,0,16,13,0,29,0,0,0,29
04/15/2012,FMN,NM,ASW,WE,Federal Contract Tower,0,15,5,0,20,0,0,0,0,0,0,15,5,0,20,0,0,0,20
04/16/2012,FMN,NM,ASW,WE,Federal Contract Tower,0,28,9,0,37,0,27,29,3,59,0,55,38,3,96,62,12,74,170
04/17/2012,FMN,NM,ASW,WE,Federal Contract Tower,0,26,8,0,34,0,3,55,2,60,0,29,63,2,94,22,0,22,116
04/18/2012,FMN,NM,ASW,WE,Federal Contract Tower,0,26,10,0,36,0,16,41,0,57,0,42,51,0,93,42,0,42,135
04/19/2012,FMN,NM,ASW,WE,Federal Contract Tower,0,23,6,1,30,0,26,29,0,55,0,49,35,1,85,24,18,42,127
04/20/2012,FMN,NM,ASW,WE,Federal Contract Tower,0,23,10,4,37,0,6,52,0,58,0,29,62,4,95,20,8,28,123
04/21/2012,FMN,NM,ASW,WE,Federal Contract Tower,0,17,4,0,21,0,5,31,0,36,0,22,35,0,57,28,0,28,85
04/22/2012,FMN,NM,ASW,WE,Federal Contract Tower,0,13,3,0,16,0,3,37,0,40,0,16,40,0,56,46,0,46,102
04/23/2012,FMN,NM,ASW,WE,Federal Contract Tower,0,22,8,2,32,0,22,42,0,64,0,44,50,2,96,18,0,18,114
04/24/2012,FMN,NM,ASW,WE,Federal Contract Tower,0,23,10,0,33,0,12,41,0,53,0,35,51,0,86,74,0,74,160
04/25/2012,FMN,NM,ASW,WE,Federal Contract Tower,0,16,9,2,27,0,10,29,0,39,0,26,38,2,66,38,0,38,104
04/26/2012,FMN,NM,ASW,WE,Federal Contract Tower,0,21,9,0,30,0,14,20,0,34,0,35,29,0,64,28,0,28,92
04/27/2012,FMN,NM,ASW,WE,Federal Contract Tower,0,25,12,0,37,0,6,45,0,51,0,31,57,0,88,18,0,18,106
04/28/2012,FMN,NM,ASW,WE,Federal Contract Tower,0,18,7,0,25,0,12,38,0,50,0,30,45,0,75,30,0,30,105
04/29/2012,FMN,NM,ASW,WE,Federal Contract Tower,0,14,1,0,15,0,0,41,0,41,0,14,42,0,56,38,0,38,94
04/30/2012,FMN,NM,ASW,WE,Federal Contract Tower,0,23,8,2,33,0,1,39,0,40,0,24,47,2,73,0,0,0,73
05/01/2012,FMN,NM,ASW,WE,Federal Contract Tower,0,24,13,8,45,0,4,42,0,46,0,28,55,8,91,34,22,56,147
05/02/2012,FMN,NM,ASW,WE,Federal Contract Tower,0,20,18,0,38,0,6,28,0,34,0,26,46,0,72,36,0,36,108
05/03/2012,FMN,NM,ASW,WE,Federal Contract Tower,0,23,4,2,29,0,8,31,2,41,0,31,35,4,70,40,4,44,114
05/04/2012,FMN,NM,ASW,WE,Federal Contract Tower,0,27,5,3,35,0,13,29,3,45,0,40,34,6,80,64,0,64,144
05/05/2012,FMN,NM,ASW,WE,Federal Contract Tower,0,18,3,0,21,0,3,35,0,38,0,21,38,0,59,28,0,28,87
05/06/2012,FMN,NM,ASW,WE,Federal Contract Tower,0,10,4,0,14,0,4,47,0,51,0,14,51,0,65,34,0,34,99
05/07/2012,FMN,NM,ASW,WE,Federal Contract Tower,0,20,3,0,23,0,2,9,0,11,0,22,12,0,34,0,0,0,34
05/08/2012,FMN,NM,ASW,WE,Federal Contract Tower,0,20,1,0,21,0,3,44,0,47,0,23,45,0,68,44,0,44,112
05/09/2012,FMN,NM,ASW,WE,Federal Contract Tower,0,23,8,1,32,0,11,27,1,39,0,34,35,2,71,42,24,66,137
05/10/2012,FMN,NM,ASW,WE,Federal Contract Tower,0,24,8,0,32,0,13,44,0,57,0,37,52,0,89,38,0,38,127
05/11/2012,FMN,NM,ASW,WE,Federal Contract Tower,0,20,5,0,25,0,10,38,0,48,0,30,43,0,73,36,0,36,109
05/12/2012,FMN,NM,ASW,WE,Federal Contract Tower,0,19,4,0,23,0,4,35,0,39,0,23,39,0,62,28,0,28,90
05/13/2012,FMN,NM,ASW,WE,Federal Contract Tower,0,16,10,0,26,0,2,21,0,23,0,18,31,0,49,28,0,28,77
05/14/2012,FMN,NM,ASW,WE,Federal Contract Tower,0,18,4,0,22,0,12,40,0,52,0,30,44,0,74,86,0,86,160
05/15/2012,FMN,NM,ASW,WE,Federal Contract Tower,0,20,4,1,25,0,7,37,7,51,0,27,41,8,76,32,0,32,108
05/16/2012,FMN,NM,ASW,WE,Federal Contract Tower,0,20,5,0,25,0,25,27,0,52,0,45,32,0,77,52,0,52,129
05/17/2012,FMN,NM,ASW,WE,Federal Contract Tower,0,21,3,0,24,0,14,38,0,52,0,35,41,0,76,40,0,40,116
05/18/2012,FMN,NM,ASW,WE,Federal Contract Tower,0,24,4,0,28,0,9,41,0,50,0,33,45,0,78,20,0,20,98
05/19/2012,FMN,NM,ASW,WE,Federal Contract Tower,0,15,7,0,22,0,9,35,0,44,0,24,42,0,66,36,0,36,102
05/20/2012,FMN,NM,ASW,WE,Federal Contract Tower,0,10,2,0,12,0,0,44,0,44,0,10,46,0,56,38,0,38,94
05/21/2012,FMN,NM,ASW,WE,Federal Contract Tower,0,20,11,0,31,0,6,49,0,55,0,26,60,0,86,14,0,14,100
05/22/2012,FMN,NM,ASW,WE,Federal Contract Tower,0,25,3,0,28,0,15,56,0,71,0,40,59,0,99,28,0,28,127
05/23/2012,FMN,NM,ASW,WE,Federal Contract Tower,0,18,3,0,21,0,12,28,0,40,0,30,31,0,61,34,0,34,95
05/24/2012,FMN,NM,ASW,WE,Federal Contract Tower,0,26,6,0,32,0,4,39,0,43,0,30,45,0,75,34,0,34,109
05/25/2012,FMN,NM,ASW,WE,Federal Contract Tower,0,23,6,0,29,0,11,28,0,39,0,34,34,0,68,28,0,28,96
05/26/2012,FMN,NM,ASW,WE,Federal Contract Tower,0,14,7,0,21,0,5,8,0,13,0,19,15,0,34,0,0,0,34
05/27/2012,FMN,NM,ASW,WE,Federal Contract Tower,0,15,1,0,16,0,9,23,0,32,0,24,24,0,48,24,0,24,72
05/28/2012,FMN,NM,ASW,WE,Federal Contract Tower,0,16,1,0,17,0,31,46,0,77,0,47,47,0,94,52,0,52,146
05/29/2012,FMN,NM,ASW,WE,Federal Contract Tower,0,19,4,0,23,0,7,28,0,35,0,26,32,0,58,52,0,52,110
05/30/2012,FMN,NM,ASW,WE,Federal Contract Tower,0,22,4,0,26,0,5,34,0,39,0,27,38,0,65,46,0,46,111
05/31/2012,FMN,NM,ASW,WE,Federal Contract Tower,0,23,8,0,31,0,4,33,12,49,0,27,41,12,80,50,0,50,130
06/01/2012,FMN,NM,ASW,WE,Federal Contract Tower,0,21,6,0,27,0,6,28,23,57,0,27,34,23,84,48,10,58,142
06/02/2012,FMN,NM,ASW,WE,Federal Contract Tower,0,13,8,0,21,0,8,29,3,40,0,21,37,3,61,8,0,8,69
06/03/2012,FMN,NM,ASW,WE,Federal Contract Tower,0,11,0,0,11,0,10,29,0,39,0,21,29,0,50,34,0,34,84
06/04/2012,FMN,NM,ASW,WE,Federal Contract Tower,0,19,13,0,32,0,8,29,0,37,0,27,42,0,69,42,0,42,111
06/05/2012,FMN,NM,ASW,WE,Federal Contract Tower,0,25,4,0,29,0,5,36,6,47,0,30,40,6,76,44,6,50,126
06/06/2012,FMN,NM,ASW,WE,Federal Contract Tower,0,24,2,0,26,0,8,36,0,44,0,32,38,0,70,42,0,42,112
06/07/2012,FMN,NM,ASW,WE,Federal Contract Tower,0,23,5,0,28,0,7,44,3,54,0,30,49,3,82,28,0,28,110
06/08/2012,FMN,NM,ASW,WE,Federal Contract Tower,0,16,3,0,19,0,10,29,0,39,0,26,32,0,58,44,0,44,102
06/09/2012,FMN,NM,ASW,WE,Federal Contract Tower,0,16,1,0,17,0,4,23,0,27,0,20,24,0,44,38,0,38,82
06/10/2012,FMN,NM,ASW,WE,Federal Contract Tower,0,10,7,0,17,0,16,21,1,38,0,26,28,1,55,0,0,0,55
06/11/2012,FMN,NM,ASW,WE,Federal Contract Tower,0,13,10,0,23,0,8,47,0,55,0,21,57,0,78,0,6,6,84
06/12/2012,FMN,NM,ASW,WE,Federal Contract Tower,0,28,3,0,31,0,11,52,0,63,0,39,55,0,94,26,0,26,120
06/13/2012,FMN,NM,ASW,WE,Federal Contract Tower,0,16,7,0,23,0,14,40,0,54,0,30,47,0,77,54,0,54,131
06/14/2012,FMN,NM,ASW,WE,Federal Contract Tower,0,24,8,0,32,0,10,41,2,53,0,34,49,2,85,64,16,80,165
06/15/2012,FMN,NM,ASW,WE,Federal Contract Tower,0,20,4,0,24,0,6,41,0,47,0,26,45,0,71,52,0,52,123
06/16/2012,FMN,NM,ASW,WE,Federal Contract Tower,0,17,3,0,20,0,2,33,0,35,0,19,36,0,55,46,0,46,101
06/17/2012,FMN,NM,ASW,WE,Federal Contract Tower,0,10,8,0,18,0,4,26,0,30,0,14,34,0,48,16,0,16,64
06/18/2012,FMN,NM,ASW,WE,Federal Contract Tower,0,22,8,2,32,0,10,44,0,54,0,32,52,2,86,40,0,40,126
06/19/2012,FMN,NM,ASW,WE,Federal Contract Tower,0,23,2,0,25,0,21,58,0,79,0,44,60,0,104,22,0,22,126
06/20/2012,FMN,NM,ASW,WE,Federal Contract Tower,0,15,6,0,21,0,18,41,0,59,0,33,47,0,80,24,0,24,104
06/21/2012,FMN,NM,ASW,WE,Federal Contract Tower,0,18,6,4,28,0,15,36,6,57,0,33,42,10,85,24,4,28,113
06/22/2012,FMN,NM,ASW,WE,Federal Contract Tower,0,17,3,0,20,0,5,39,0,44,0,22,42,0,64,39,0,39,103
06/23/2012,FMN,NM,ASW,WE,Federal Contract Tower,0,16,5,0,21,0,7,34,0,41,0,23,39,0,62,38,0,38,100
06/24/2012,FMN,NM,ASW,WE,Federal Contract Tower,0,14,1,0,15,0,0,24,0,24,0,14,25,0,39,16,0,16,55
06/25/2012,FMN,NM,ASW,WE,Federal Contract Tower,0,19,4,0,23,0,2,34,0,36,0,21,38,0,59,14,0,14,73
06/26/2012,FMN,NM,ASW,WE,Federal Contract Tower,0,20,5,0,25,0,7,29,0,36,0,27,34,0,61,50,0,50,111
06/27/2012,FMN,NM,ASW,WE,Federal Contract Tower,0,19,10,0,29,0,6,24,0,30,0,25,34,0,59,32,0,32,91
06/28/2012,FMN,NM,ASW,WE,Federal Contract Tower,0,20,9,0,29,0,11,23,5,39,0,31,32,5,68,32,0,32,100
06/29/2012,FMN,NM,ASW,WE,Federal Contract Tower,0,19,5,0,24,0,4,37,9,50,0,23,42,9,74,40,0,40,114
06/30/2012,FMN,NM,ASW,WE,Federal Contract Tower,0,13,4,0,17,0,10,44,5,59,0,23,48,5,76,18,20,38,114
07/01/2012,FMN,NM,ASW,WE,Federal Contract Tower,0,15,1,0,16,0,2,29,2,33,0,17,30,2,49,26,26,52,101
07/02/2012,FMN,NM,ASW,WE,Federal Contract Tower,0,23,5,0,28,0,15,31,0,46,0,38,36,0,74,24,0,24,98
07/03/2012,FMN,NM,ASW,WE,Federal Contract Tower,0,24,4,0,28,0,11,41,10,62,0,35,45,10,90,24,0,24,114
07/04/2012,FMN,NM,ASW,WE,Federal Contract Tower,0,16,4,0,20,0,4,30,0,34,0,20,34,0,54,48,0,48,102
07/05/2012,FMN,NM,ASW,WE,Federal Contract Tower,0,27,4,0,31,0,5,33,0,38,0,32,37,0,69,36,0,36,105
07/06/2012,FMN,NM,ASW,WE,Federal Contract Tower,0,18,5,2,25,0,11,36,0,47,0,29,41,2,72,30,6,36,108
07/07/2012,FMN,NM,ASW,WE,Federal Contract Tower,0,21,4,0,25,0,9,31,0,40,0,30,35,0,65,38,8,46,111
07/08/2012,FMN,NM,ASW,WE,Federal Contract Tower,0,9,2,0,11,0,5,24,0,29,0,14,26,0,40,34,0,34,74
07/09/2012,FMN,NM,ASW,WE,Federal Contract Tower,0,20,5,0,25,0,5,27,0,32,0,25,32,0,57,0,0,0,57
07/10/2012,FMN,NM,ASW,WE,Federal Contract Tower,0,23,9,0,32,0,10,26,0,36,0,33,35,0,68,46,0,46,114
07/11/2012,FMN,NM,ASW,WE,Federal Contract Tower,0,26,4,0,30,0,14,28,0,42,0,40,32,0,72,56,0,56,128
07/12/2012,FMN,NM,ASW,WE,Federal Contract Tower,0,18,7,0,25,0,5,30,0,35,0,23,37,0,60,42,0,42,102
07/13/2012,FMN,NM,ASW,WE,Federal Contract Tower,0,21,7,0,28,0,7,46,0,53,0,28,53,0,81,34,0,34,115
07/14/2012,FMN,NM,ASW,WE,Federal Contract Tower,0,14,8,0,22,0,7,38,0,45,0,21,46,0,67,38,0,38,105
07/15/2012,FMN,NM,ASW,WE,Federal Contract Tower,0,12,6,0,18,0,0,22,0,22,0,12,28,0,40,0,0,0,40
07/16/2012,FMN,NM,ASW,WE,Federal Contract Tower,0,16,16,0,32,0,5,39,0,44,0,21,55,0,76,0,0,0,76
07/17/2012,FMN,NM,ASW,WE,Federal Contract Tower,0,22,4,0,26,0,0,50,0,50,0,22,54,0,76,68,0,68,144
07/18/2012,FMN,NM,ASW,WE,Federal Contract Tower,0,23,6,3,32,0,14,31,2,47,0,37,37,5,79,42,4,46,125
07/19/2012,FMN,NM,ASW,WE,Federal Contract Tower,0,23,8,0,31,0,11,41,0,52,0,34,49,0,83,24,0,24,107
07/20/2012,FMN,NM,ASW,WE,Federal Contract Tower,0,22,10,1,33,0,5,60,0,65,0,27,70,1,98,40,0,40,138
07/21/2012,FMN,NM,ASW,WE,Federal Contract Tower,0,6,2,0,8,0,6,28,0,34,0,12,30,0,42,24,0,24,66
07/22/2012,FMN,NM,ASW,WE,Federal Contract Tower,0,11,4,0,15,0,1,20,0,21,0,12,24,0,36,16,0,16,52
07/23/2012,FMN,NM,ASW,WE,Federal Contract Tower,0,21,7,0,28,0,8,37,0,45,0,29,44,0,73,34,0,34,107
07/24/2012,FMN,NM,ASW,WE,Federal Contract Tower,0,23,7,0,30,0,2,32,0,34,0,25,39,0,64,52,0,52,116
07/25/2012,FMN,NM,ASW,WE,Federal Contract Tower,0,24,5,0,29,0,6,38,0,44,0,30,43,0,73,44,0,44,117
07/26/2012,FMN,NM,ASW,WE,Federal Contract Tower,0,26,3,0,29,0,8,23,0,31,0,34,26,0,60,46,0,46,106
07/27/2012,FMN,NM,ASW,WE,Federal Contract Tower,0,22,17,0,39,0,6,34,0,40,0,28,51,0,79,40,0,40,119
07/28/2012,FMN,NM,ASW,WE,Federal Contract Tower,0,8,0,0,8,0,5,29,0,34,0,13,29,0,42,14,0,14,56
07/29/2012,FMN,NM,ASW,WE,Federal Contract Tower,0,14,1,0,15,0,0,35,0,35,0,14,36,0,50,38,0,38,88
07/30/2012,FMN,NM,ASW,WE,Federal Contract Tower,0,23,9,0,32,0,9,48,0,57,0,32,57,0,89,44,0,44,133
07/31/2012,FMN,NM,ASW,WE,Federal Contract Tower,0,25,5,0,30,0,2,30,0,32,0,27,35,0,62,0,0,0,62
08/01/2012,FMN,NM,ASW,WE,Federal Contract Tower,0,18,7,0,25,0,8,48,0,56,0,26,55,0,81,48,0,48,129
08/02/2012,FMN,NM,ASW,WE,Federal Contract Tower,0,24,10,0,34,0,3,29,0,32,0,27,39,0,66,34,0,34,100
08/03/2012,FMN,NM,ASW,WE,Federal Contract Tower,0,20,12,0,32,0,7,35,0,42,0,27,47,0,74,34,0,34,108
08/04/2012,FMN,NM,ASW,WE,Federal Contract Tower,0,12,12,0,24,0,7,32,0,39,0,19,44,0,63,22,0,22,85
08/05/2012,FMN,NM,ASW,WE,Federal Contract Tower,0,12,4,0,16,0,6,15,0,21,0,18,19,0,37,18,0,18,55
08/06/2012,FMN,NM,ASW,WE,Federal Contract Tower,0,25,20,0,45,0,11,34,0,45,0,36,54,0,90,12,0,12,102
08/07/2012,FMN,NM,ASW,WE,Federal Contract Tower,0,23,9,0,32,0,14,36,0,50,0,37,45,0,82,22,0,22,104
08/08/2012,FMN,NM,ASW,WE,Federal Contract Tower,0,25,2,0,27,0,6,75,0,81,0,31,77,0,108,32,0,32,140
08/09/2012,FMN,NM,ASW,WE,Federal Contract Tower,0,17,5,0,22,0,8,38,0,46,0,25,43,0,68,32,0,32,100
08/10/2012,FMN,NM,ASW,WE,Federal Contract Tower,0,18,6,0,24,0,7,38,0,45,0,25,44,0,69,50,0,50,119
08/11/2012,FMN,NM,ASW,WE,Federal Contract Tower,0,14,6,0,20,0,9,15,0,24,0,23,21,0,44,16,0,16,60
08/12/2012,FMN,NM,ASW,WE,Federal Contract Tower,0,12,2,0,14,0,0,20,0,20,0,12,22,0,34,16,0,16,50
08/13/2012,FMN,NM,ASW,WE,Federal Contract Tower,0,23,5,0,28,0,6,34,0,40,0,29,39,0,68,12,0,12,80
08/14/2012,FMN,NM,ASW,WE,Federal Contract Tower,0,24,5,0,29,0,1,34,0,35,0,25,39,0,64,56,0,56,120
08/15/2012,FMN,NM,ASW,WE,Federal Contract Tower,0,24,7,0,31,0,14,44,0,58,0,38,51,0,89,52,0,52,141
08/16/2012,FMN,NM,ASW,WE,Federal Contract Tower,0,17,6,0,23,0,10,46,0,56,0,27,52,0,79,40,0,40,119
08/17/2012,FMN,NM,ASW,WE,Federal Contract Tower,0,18,6,5,29,0,9,32,4,45,0,27,38,9,74,46,0,46,120
08/18/2012,FMN,NM,ASW,WE,Federal Contract Tower,0,10,1,0,11,0,2,41,0,43,0,12,42,0,54,16,0,16,70
08/19/2012,FMN,NM,ASW,WE,Federal Contract Tower,0,14,3,5,22,0,3,32,4,39,0,17,35,9,61,0,2,2,63
08/20/2012,FMN,NM,ASW,WE,Federal Contract Tower,0,21,6,0,27,0,45,30,0,75,0,66,36,0,102,20,0,20,122
08/21/2012,FMN,NM,ASW,WE,Federal Contract Tower,0,19,5,0,24,0,9,36,0,45,0,28,41,0,69,44,0,44,113
08/22/2012,FMN,NM,ASW,WE,Federal Contract Tower,0,18,9,0,27,0,5,32,0,37,0,23,41,0,64,68,0,68,132
08/23/2012,FMN,NM,ASW,WE,Federal Contract Tower,0,22,9,0,31,0,1,30,16,47,0,23,39,16,78,36,0,36,114
08/24/2012,FMN,NM,ASW,WE,Federal Contract Tower,0,21,20,1,42,0,6,36,0,42,0,27,56,1,84,32,0,32,116
08/25/2012,FMN,NM,ASW,WE,Federal Contract Tower,0,10,5,0,15,0,4,50,0,54,0,14,55,0,69,44,0,44,113
08/26/2012,FMN,NM,ASW,WE,Federal Contract Tower,0,10,0,0,10,0,4,30,0,34,0,14,30,0,44,32,0,32,76
08/27/2012,FMN,NM,ASW,WE,Federal Contract Tower,0,24,4,0,28,0,3,25,0,28,0,27,29,0,56,0,0,0,56
08/28/2012,FMN,NM,ASW,WE,Federal Contract Tower,0,20,12,0,32,0,8,31,0,39,0,28,43,0,71,42,0,42,113
08/29/2012,FMN,NM,ASW,WE,Federal Contract Tower,0,21,5,0,26,0,10,40,0,50,0,31,45,0,76,44,0,44,120
08/30/2012,FMN,NM,ASW,WE,Federal Contract Tower,0,23,8,0,31,0,4,43,0,47,0,27,51,0,78,50,0,50,128
08/31/2012,FMN,NM,ASW,WE,Federal Contract Tower,0,19,9,0,28,0,3,29,0,32,0,22,38,0,60,46,0,46,106
09/01/2012,FMN,NM,ASW,WE,Federal Contract Tower,0,11,2,0,13,0,4,24,0,28,0,15,26,0,41,18,0,18,59
09/02/2012,FMN,NM,ASW,WE,Federal Contract Tower,0,13,5,0,18,0,1,36,0,37,0,14,41,0,55,36,0,36,91
09/03/2012,FMN,NM,ASW,WE,Federal Contract Tower,0,17,10,0,27,0,1,22,0,23,0,18,32,0,50,18,0,18,68
09/04/2012,FMN,NM,ASW,WE,Federal Contract Tower,0,16,8,0,24,0,2,25,0,27,0,18,33,0,51,62,0,62,113
09/05/2012,FMN,NM,ASW,WE,Federal Contract Tower,0,23,7,0,30,0,6,38,0,44,0,29,45,0,74,62,0,62,136
09/06/2012,FMN,NM,ASW,WE,Federal Contract Tower,0,18,3,0,21,0,7,37,0,44,0,25,40,0,65,70,0,70,135
09/07/2012,FMN,NM,ASW,WE,Federal Contract Tower,0,17,8,8,33,0,3,34,0,37,0,20,42,8,70,50,0,50,120
09/08/2012,FMN,NM,ASW,WE,Federal Contract Tower,0,11,1,0,12,0,2,20,0,22,0,13,21,0,34,26,0,26,60
09/09/2012,FMN,NM,ASW,WE,Federal Contract Tower,0,12,5,0,17,0,2,36,3,41,0,14,41,3,58,52,0,52,110
09/10/2012,FMN,NM,ASW,WE,Federal Contract Tower,0,20,7,0,27,0,11,31,0,42,0,31,38,0,69,58,0,58,127
09/11/2012,FMN,NM,ASW,WE,Federal Contract Tower,0,26,8,2,36,0,4,40,0,44,0,30,48,2,80,34,0,34,114
09/12/2012,FMN,NM,ASW,WE,Federal Contract Tower,0,18,17,0,35,0,3,34,0,37,0,21,51,0,72,34,0,34,106
09/13/2012,FMN,NM,ASW,WE,Federal Contract Tower,0,19,10,8,37,0,6,35,0,41,0,25,45,8,78,28,0,28,106
09/14/2012,FMN,NM,ASW,WE,Federal Contract Tower,0,19,11,0,30,0,9,50,0,59,0,28,61,0,89,44,0,44,133
09/15/2012,FMN,NM,ASW,WE,Federal Contract Tower,0,13,3,0,16,0,6,38,0,44,0,19,41,0,60,42,0,42,102
09/16/2012,FMN,NM,ASW,WE,Federal Contract Tower,0,11,4,0,15,0,10,41,0,51,0,21,45,0,66,36,0,36,102
09/17/2012,FMN,NM,ASW,WE,Federal Contract Tower,0,21,7,0,28,0,4,29,0,33,0,25,36,0,61,16,12,28,89
09/18/2012,FMN,NM,ASW,WE,Federal Contract Tower,0,18,12,0,30,0,11,37,0,48,0,29,49,0,78,40,0,40,118
09/19/2012,FMN,NM,ASW,WE,Federal Contract Tower,0,18,10,0,28,0,7,41,0,48,0,25,51,0,76,34,0,34,110
09/20/2012,FMN,NM,ASW,WE,Federal Contract Tower,0,26,5,1,32,0,12,22,0,34,0,38,27,1,66,48,12,60,126
09/21/2012,FMN,NM,ASW,WE,Federal Contract Tower,0,14,11,0,25,0,5,40,0,45,0,19,51,0,70,38,0,38,108
09/22/2012,FMN,NM,ASW,WE,Federal Contract Tower,0,6,2,0,8,0,6,35,2,43,0,12,37,2,51,50,10,60,111
09/23/2012,FMN,NM,ASW,WE,Federal Contract Tower,0,14,5,0,19,0,2,25,0,27,0,16,30,0,46,38,0,38,84
09/24/2012,FMN,NM,ASW,WE,Federal Contract Tower,0,23,12,0,35,0,4,24,0,28,0,27,36,0,63,44,0,44,107
09/25/2012,FMN,NM,ASW,WE,Federal Contract Tower,0,22,8,0,30,0,8,23,1,32,0,30,31,1,62,54,0,54,116
09/26/2012,FMN,NM,ASW,WE,Federal Contract Tower,0,21,5,0,26,0,8,29,0,37,0,29,34,0,63,44,0,44,107
09/27/2012,FMN,NM,ASW,WE,Federal Contract Tower,0,22,13,0,35,0,15,25,0,40,0,37,38,0,75,36,0,36,111
09/28/2012,FMN,NM,ASW,WE,Federal Contract Tower,0,20,10,8,38,0,13,42,0,55,0,33,52,8,93,22,0,22,115
09/29/2012,FMN,NM,ASW,WE,Federal Contract Tower,0,11,3,0,14,0,8,28,3,39,0,19,31,3,53,48,16,64,117
09/30/2012,FMN,NM,ASW,WE,Federal Contract Tower,0,13,8,0,21,0,6,43,0,49,0,19,51,0,70,26,0,26,96
10/01/2012,FMN,NM,ASW,WE,Federal Contract Tower,0,18,3,0,21,0,11,37,6,54,0,29,40,6,75,22,0,22,97
10/02/2012,FMN,NM,ASW,WE,Federal Contract Tower,0,17,3,0,20,0,2,41,0,43,0,19,44,0,63,56,0,56,119
10/03/2012,FMN,NM,ASW,WE,Federal Contract Tower,0,19,6,4,29,0,11,41,1,53,0,30,47,5,82,46,0,46,128
10/04/2012,FMN,NM,ASW,WE,Federal Contract Tower,0,15,7,0,22,0,10,28,0,38,0,25,35,0,60,44,0,44,104
10/05/2012,FMN,NM,ASW,WE,Federal Contract Tower,0,17,3,0,20,0,5,40,2,47,0,22,43,2,67,34,0,34,101
10/06/2012,FMN,NM,ASW,WE,Federal Contract Tower,0,14,2,0,16,0,10,23,0,33,0,24,25,0,49,28,0,28,77
10/07/2012,FMN,NM,ASW,WE,Federal Contract Tower,0,7,3,0,10,0,0,25,0,25,0,7,28,0,35,22,0,22,57
10/08/2012,FMN,NM,ASW,WE,Federal Contract Tower,0,17,9,0,26,0,15,46,0,61,0,32,55,0,87,0,0,0,87
10/09/2012,FMN,NM,ASW,WE,Federal Contract Tower,0,18,10,0,28,0,10,43,0,53,0,28,53,0,81,76,0,76,157
10/10/2012,FMN,NM,ASW,WE,Federal Contract Tower,0,22,5,0,27,0,6,54,0,60,0,28,59,0,87,54,0,54,141
10/11/2012,FMN,NM,ASW,WE,Federal Contract Tower,0,18,13,3,34,0,2,31,4,37,0,20,44,7,71,0,36,36,107
10/12/2012,FMN,NM,ASW,WE,Federal Contract Tower,0,25,11,0,36,0,12,21,0,33,0,37,32,0,69,10,0,10,79
10/13/2012,FMN,NM,ASW,WE,Federal Contract Tower,0,17,2,0,19,0,4,21,0,25,0,21,23,0,44,36,0,36,80
10/14/2012,FMN,NM,ASW,WE,Federal Contract Tower,0,9,1,0,10,0,2,35,0,37,0,11,36,0,47,68,0,68,115
10/15/2012,FMN,NM,ASW,WE,Federal Contract Tower,0,17,4,0,21,0,8,43,7,58,0,25,47,7,79,34,22,56,135
10/16/2012,FMN,NM,ASW,WE,Federal Contract Tower,0,17,10,0,27,0,9,34,0,43,0,26,44,0,70,46,0,46,116
10/17/2012,FMN,NM,ASW,WE,Federal Contract Tower,0,21,7,2,30,0,10,30,0,40,0,31,37,2,70,34,4,38,108
10/18/2012,FMN,NM,ASW,WE,Federal Contract Tower,0,21,5,0,26,0,6,32,0,38,0,27,37,0,64,48,0,48,112
10/19/2012,FMN,NM,ASW,WE,Federal Contract Tower,0,17,7,0,24,0,3,50,2,55,0,20,57,2,79,40,4,44,123
10/20/2012,FMN,NM,ASW,WE,Federal Contract Tower,0,13,6,0,19,0,9,30,0,39,0,22,36,0,58,32,0,32,90
10/21/2012,FMN,NM,ASW,WE,Federal Contract Tower,0,10,4,0,14,0,4,46,0,50,0,14,50,0,64,22,0,22,86
10/22/2012,FMN,NM,ASW,WE,Federal Contract Tower,0,17,3,0,20,0,9,33,4,46,0,26,36,4,66,0,0,0,66
10/23/2012,FMN,NM,ASW,WE,Federal Contract Tower,0,14,5,2,21,0,2,26,0,28,0,16,31,2,49,48,18,66,115
10/24/2012,FMN,NM,ASW,WE,Federal Contract Tower,0,16,12,2,30,0,8,23,12,43,0,24,35,14,73,34,0,34,107
10/25/2012,FMN,NM,ASW,WE,Federal Contract Tower,0,20,10,1,31,0,7,27,1,35,0,27,37,2,66,36,0,36,102
10/26/2012,FMN,NM,ASW,WE,Federal Contract Tower,0,19,6,0,25,0,3,33,2,38,0,22,39,2,63,42,0,42,105
10/27/2012,FMN,NM,ASW,WE,Federal Contract Tower,0,11,4,0,15,0,5,23,0,28,0,16,27,0,43,28,0,28,71
10/28/2012,FMN,NM,ASW,WE,Federal Contract Tower,0,11,8,0,19,0,3,41,0,44,0,14,49,0,63,30,0,30,93
10/29/2012,FMN,NM,ASW,WE,Federal Contract Tower,0,28,13,0,41,0,8,38,0,46,0,36,51,0,87,32,0,32,119
10/30/2012,FMN,NM,ASW,WE,Federal Contract Tower,0,21,5,0,26,0,7,44,0,51,0,28,49,0,77,40,0,40,117
10/31/2012,FMN,NM,ASW,WE,Federal Contract Tower,0,18,10,0,28,0,2,34,0,36,0,20,44,0,64,44,0,44,108
11/01/2012,FMN,NM,ASW,WE,Federal Contract Tower,0,19,10,0,29,0,9,30,0,39,0,28,40,0,68,52,0,52,120
11/02/2012,FMN,NM,ASW,WE,Federal Contract Tower,0,22,3,0,25,0,6,33,0,39,0,28,36,0,64,48,0,48,112
11/03/2012,FMN,NM,ASW,WE,Federal Contract Tower,0,13,5,0,18,0,8,23,0,31,0,21,28,0,49,48,0,48,97
11/04/2012,FMN,NM,ASW,WE,Federal Contract Tower,0,10,2,0,12,0,8,46,0,54,0,18,48,0,66,42,0,42,108
11/05/2012,FMN,NM,ASW,WE,Federal Contract Tower,0,16,9,0,25,0,5,26,0,31,0,21,35,0,56,22,0,22,78
11/06/2012,FMN,NM,ASW,WE,Federal Contract Tower,0,21,4,0,25,0,44,26,0,70,0,65,30,0,95,24,0,24,119
11/07/2012,FMN,NM,ASW,WE,Federal Contract Tower,0,24,8,5,37,0,15,26,2,43,0,39,34,7,80,36,8,44,124
11/08/2012,FMN,NM,ASW,WE,Federal Contract Tower,0,20,11,0,31,0,13,24,1,38,0,33,35,1,69,34,0,34,103
11/09/2012,FMN,NM,ASW,WE,Federal Contract Tower,0,23,3,1,27,0,4,20,2,26,0,27,23,3,53,38,0,38,91
11/10/2012,FMN,NM,ASW,WE,Federal Contract Tower,0,15,5,0,20,0,2,10,0,12,0,17,15,0,32,0,0,0,32
11/11/2012,FMN,NM,ASW,WE,Federal Contract Tower,0,10,6,0,16,0,5,22,0,27,0,15,28,0,43,0,0,0,43
11/12/2012,FMN,NM,ASW,WE,Federal Contract Tower,0,17,12,0,29,0,2,38,0,40,0,19,50,0,69,18,0,18,87
11/13/2012,FMN,NM,ASW,WE,Federal Contract Tower,0,20,16,3,39,0,7,32,0,39,0,27,48,3,78,36,0,36,114
11/14/2012,FMN,NM,ASW,WE,Federal Contract Tower,0,20,7,0,27,0,15,50,0,65,0,35,57,0,92,60,0,60,152
11/15/2012,FMN,NM,ASW,WE,Federal Contract Tower,0,19,13,1,33,0,6,39,1,46,0,25,52,2,79,40,20,60,139
11/16/2012,FMN,NM,ASW,WE,Federal Contract Tower,0,21,12,0,33,0,5,52,2,59,0,26,64,2,92,36,4,40,132
11/17/2012,FMN,NM,ASW,WE,Federal Contract Tower,0,14,4,0,18,0,8,31,0,39,0,22,35,0,57,34,0,34,91
11/18/2012,FMN,NM,ASW,WE,Federal Contract Tower,0,7,1,0,8,0,4,24,2,30,0,11,25,2,38,0,10,10,48
11/19/2012,FMN,NM,ASW,WE,Federal Contract Tower,0,14,5,0,19,0,8,47,0,55,0,22,52,0,74,48,0,48,122
11/20/2012,FMN,NM,ASW,WE,Federal Contract Tower,0,26,1,0,27,0,34,39,0,73,0,60,40,0,100,40,0,40,140
11/21/2012,FMN,NM,ASW,WE,Federal Contract Tower,0,21,7,0,28,0,9,38,3,50,0,30,45,3,78,34,0,34,112
11/22/2012,FMN,NM,ASW,WE,Federal Contract Tower,0,13,0,0,13,0,0,25,0,25,0,13,25,0,38,0,0,0,38
11/23/2012,FMN,NM,ASW,WE,Federal Contract Tower,0,19,1,0,20,0,15,36,0,51,0,34,37,0,71,42,0,42,113
11/24/2012,FMN,NM,ASW,WE,Federal Contract Tower,0,11,2,0,13,0,7,39,0,46,0,18,41,0,59,38,0,38,97
11/25/2012,FMN,NM,ASW,WE,Federal Contract Tower,0,7,6,0,13,0,3,53,0,56,0,10,59,0,69,18,0,18,87
11/26/2012,FMN,NM,ASW,WE,Federal Contract Tower,0,19,9,0,28,0,11,36,0,47,0,30,45,0,75,0,0,0,75
11/27/2012,FMN,NM,ASW,WE,Federal Contract Tower,0,24,9,0,33,0,14,41,0,55,0,38,50,0,88,28,0,28,116
11/28/2012,FMN,NM,ASW,WE,Federal Contract Tower,0,21,6,0,27,0,14,52,0,66,0,35,58,0,93,64,0,64,157
11/29/2012,FMN,NM,ASW,WE,Federal Contract Tower,0,19,11,0,30,0,18,35,0,53,0,37,46,0,83,32,0,32,115
11/30/2012,FMN,NM,ASW,WE,Federal Contract Tower,0,20,12,0,32,0,13,34,0,47,0,33,46,0,79,38,0,38,117
12/01/2012,FMN,NM,ASW,WE,Federal Contract Tower,0,11,4,0,15,0,4,36,0,40,0,15,40,0,55,32,0,32,87
12/02/2012,FMN,NM,ASW,WE,Federal Contract Tower,0,9,7,0,16,0,7,26,0,33,0,16,33,0,49,40,0,40,89
12/03/2012,FMN,NM,ASW,WE,Federal Contract Tower,0,17,10,0,27,0,30,34,0,64,0,47,44,0,91,2,0,2,93
12/04/2012,FMN,NM,ASW,WE,Federal Contract Tower,0,16,7,4,27,0,1,26,0,27,0,17,33,4,54,52,14,66,120
12/05/2012,FMN,NM,ASW,WE,Federal Contract Tower,0,24,9,0,33,0,9,39,0,48,0,33,48,0,81,42,0,42,123
12/06/2012,FMN,NM,ASW,WE,Federal Contract Tower,0,22,3,0,25,0,13,36,0,49,0,35,39,0,74,42,0,42,116
12/07/2012,FMN,NM,ASW,WE,Federal Contract Tower,0,18,10,2,30,0,2,37,0,39,0,20,47,2,69,36,0,36,105
12/08/2012,FMN,NM,ASW,WE,Federal Contract Tower,0,12,5,2,19,0,6,25,0,31,0,18,30,2,50,26,0,26,76
12/09/2012,FMN,NM,ASW,WE,Federal Contract Tower,0,8,5,0,13,0,9,6,0,15,0,17,11,0,28,0,0,0,28
12/10/2012,FMN,NM,ASW,WE,Federal Contract Tower,0,18,7,0,25,0,11,22,0,33,0,29,29,0,58,13,0,13,71
12/11/2012,FMN,NM,ASW,WE,Federal Contract Tower,0,20,7,0,27,0,2,33,0,35,0,22,40,0,62,58,0,58,120
12/12/2012,FMN,NM,ASW,WE,Federal Contract Tower,0,21,18,0,39,0,2,33,0,35,0,23,51,0,74,52,0,52,126
12/13/2012,FMN,NM,ASW,WE,Federal Contract Tower,0,16,19,0,35,0,2,36,0,38,0,18,55,0,73,44,0,44,117
12/14/2012,FMN,NM,ASW,WE,Federal Contract Tower,0,26,16,0,42,0,2,1,0,3,0,28,17,0,45,0,0,0,45
12/15/2012,FMN,NM,ASW,WE,Federal Contract Tower,0,19,2,0,21,0,2,1,0,3,0,21,3,0,24,0,0,0,24
12/16/2012,FMN,NM,ASW,WE,Federal Contract Tower,0,11,9,0,20,0,10,6,0,16,0,21,15,0,36,0,0,0,36
12/17/2012,FMN,NM,ASW,WE,Federal Contract Tower,0,21,2,0,23,0,3,7,0,10,0,24,9,0,33,0,0,0,33
12/18/2012,FMN,NM,ASW,WE,Federal Contract Tower,0,31,4,0,35,0,6,17,2,25,0,37,21,2,60,22,12,34,94
12/19/2012,FMN,NM,ASW,WE,Federal Contract Tower,0,25,11,0,36,0,9,14,0,23,0,34,25,0,59,14,0,14,73
12/20/2012,FMN,NM,ASW,WE,Federal Contract Tower,0,23,7,0,30,0,7,25,0,32,0,30,32,0,62,24,0,24,86
12/21/2012,FMN,NM,ASW,WE,Federal Contract Tower,0,19,6,0,25,0,5,35,0,40,0,24,41,0,65,32,0,32,97
12/22/2012,FMN,NM,ASW,WE,Federal Contract Tower,0,12,7,0,19,0,4,35,0,39,0,16,42,0,58,40,0,40,98
12/23/2012,FMN,NM,ASW,WE,Federal Contract Tower,0,10,6,0,16,0,16,44,0,60,0,26,50,0,76,10,0,10,86
12/24/2012,FMN,NM,ASW,WE,Federal Contract Tower,0,27,12,0,39,0,6,4,0,10,0,33,16,0,49,30,0,30,79
12/25/2012,FMN,NM,ASW,WE,Federal Contract Tower,0,22,8,0,30,0,6,10,0,16,0,28,18,0,46,0,0,0,46
12/26/2012,FMN,NM,ASW,WE,Federal Contract Tower,0,18,8,0,26,0,6,27,0,33,0,24,35,0,59,34,0,34,93
12/27/2012,FMN,NM,ASW,WE,Federal Contract Tower,0,22,7,0,29,0,5,14,0,19,0,27,21,0,48,6,0,6,54
12/28/2012,FMN,NM,ASW,WE,Federal Contract Tower,0,16,8,0,24,0,4,31,0,35,0,20,39,0,59,38,0,38,97
12/29/2012,FMN,NM,ASW,WE,Federal Contract Tower,0,11,6,0,17,0,6,28,0,34,0,17,34,0,51,28,0,28,79
12/30/2012,FMN,NM,ASW,WE,Federal Contract Tower,0,10,2,0,12,0,0,30,0,30,0,10,32,0,42,30,0,30,72
12/31/2012,FMN,NM,ASW,WE,Federal Contract Tower,0,19,0,0,19,0,7,0,0,7,0,26,0,0,26,0,0,0,26
01/01/2013,FMN,NM,ASW,WE,Federal Contract Tower,0,19,2,0,21,0,3,17,0,20,0,22,19,0,41,10,0,10,51
01/02/2013,FMN,NM,ASW,WE,Federal Contract Tower,0,18,5,0,23,0,13,27,0,40,0,31,32,0,63,38,0,38,101
01/03/2013,FMN,NM,ASW,WE,Federal Contract Tower,0,18,10,0,28,0,11,33,0,44,0,29,43,0,72,48,0,48,120
01/04/2013,FMN,NM,ASW,WE,Federal Contract Tower,0,20,5,0,25,0,8,30,0,38,0,28,35,0,63,48,0,48,111
01/05/2013,FMN,NM,ASW,WE,Federal Contract Tower,0,12,8,0,20,0,8,23,0,31,0,20,31,0,51,44,0,44,95
01/06/2013,FMN,NM,ASW,WE,Federal Contract Tower,0,10,0,0,10,0,12,7,0,19,0,22,7,0,29,38,0,38,67
01/07/2013,FMN,NM,ASW,WE,Federal Contract Tower,0,15,4,0,19,0,23,12,0,35,0,38,16,0,54,6,0,6,60
01/08/2013,FMN,NM,ASW,WE,Federal Contract Tower,0,18,10,0,28,0,11,16,0,27,0,29,26,0,55,54,0,54,109
01/09/2013,FMN,NM,ASW,WE,Federal Contract Tower,0,18,5,0,23,0,17,31,2,50,0,35,36,2,73,46,10,56,129
01/10/2013,FMN,NM,ASW,WE,Federal Contract Tower,0,17,16,0,33,0,4,27,0,31,0,21,43,0,64,22,0,22,86
01/11/2013,FMN,NM,ASW,WE,Federal Contract Tower,0,20,11,2,33,0,2,6,0,8,0,22,17,2,41,0,0,0,41
01/12/2013,FMN,NM,ASW,WE,Federal Contract Tower,0,8,5,0,13,0,6,17,0,23,0,14,22,0,36,10,0,10,46
01/13/2013,FMN,NM,ASW,WE,Federal Contract Tower,0,10,6,0,16,0,1,23,0,24,0,11,29,0,40,12,0,12,52
01/14/2013,FMN,NM,ASW,WE,Federal Contract Tower,0,22,18,2,42,0,0,6,0,6,0,22,24,2,48,12,0,12,60
01/15/2013,FMN,NM,ASW,WE,Federal Contract Tower,0,18,13,0,31,0,2,27,0,29,0,20,40,0,60,56,0,56,116
01/16/2013,FMN,NM,ASW,WE,Federal Contract Tower,0,22,9,0,31,0,8,37,0,45,0,30,46,0,76,48,0,48,124
01/17/2013,FMN,NM,ASW,WE,Federal Contract Tower,0,19,16,0,35,0,7,37,0,44,0,26,53,0,79,34,0,34,113
01/18/2013,FMN,NM,ASW,WE,Federal Contract Tower,0,21,6,0,27,0,6,44,0,50,0,27,50,0,77,38,0,38,115
01/19/2013,FMN,NM,ASW,WE,Federal Contract Tower,0,12,4,0,16,0,2,26,0,28,0,14,30,0,44,42,0,42,86
01/20/2013,FMN,NM,ASW,WE,Federal Contract Tower,0,8,2,0,10,0,7,18,0,25,0,15,20,0,35,70,0,70,105
01/21/2013,FMN,NM,ASW,WE,Federal Contract Tower,0,26,13,0,39,0,11,21,0,32,0,37,34,0,71,0,0,0,71
01/22/2013,FMN,NM,ASW,WE,Federal Contract Tower,0,23,7,5,35,0,31,26,0,57,0,54,33,5,92,0,40,40,132
01/23/2013,FMN,NM,ASW,WE,Federal Contract Tower,0,25,6,0,31,0,6,29,0,35,0,31,35,0,66,50,0,50,116
01/24/2013,FMN,NM,ASW,WE,Federal Contract Tower,0,18,15,2,35,0,10,27,0,37,0,28,42,2,72,40,0,40,112
01/25/2013,FMN,NM,ASW,WE,Federal Contract Tower,0,19,11,0,30,0,1,23,0,24,0,20,34,0,54,26,0,26,80
01/26/2013,FMN,NM,ASW,WE,Federal Contract Tower,0,18,6,0,24,0,5,6,0,11,0,23,12,0,35,0,0,0,35
01/27/2013,FMN,NM,ASW,WE,Federal Contract Tower,0,14,8,0,22,0,3,8,0,11,0,17,16,0,33,20,0,20,53
01/28/2013,FMN,NM,ASW,WE,Federal Contract Tower,0,16,13,8,37,0,1,0,0,1,0,17,13,8,38,0,0,0,38
01/29/2013,FMN,NM,ASW,WE,Federal Contract Tower,0,19,10,0,29,0,1,12,12,25,0,20,22,12,54,36,0,36,90
01/30/2013,FMN,NM,ASW,WE,Federal Contract Tower,0,20,10,0,30,0,5,37,1,43,0,25,47,1,73,66,0,66,139
01/31/2013,FMN,NM,ASW,WE,Federal Contract Tower,0,19,13,1,33,0,10,43,3,56,0,29,56,4,89,58,18,76,165
02/01/2013,FMN,NM,ASW,WE,Federal Contract Tower,0,21,5,0,26,0,10,36,0,46,0,31,41,0,72,46,0,46,118
02/02/2013,FMN,NM,ASW,WE,Federal Contract Tower,0,16,3,0,19,0,7,24,0,31,0,23,27,0,50,32,0,32,82
02/03/2013,FMN,NM,ASW,WE,Federal Contract Tower,0,6,3,2,11,0,0,20,0,20,0,6,23,2,31,50,0,50,81
02/04/2013,FMN,NM,ASW,WE,Federal Contract Tower,0,12,12,0,24,0,13,5,0,18,0,25,17,0,42,0,0,0,42
02/05/2013,FMN,NM,ASW,WE,Federal Contract Tower,0,25,9,0,34,0,20,26,1,47,0,45,35,1,81,38,0,38,119
02/06/2013,FMN,NM,ASW,WE,Federal Contract Tower,0,21,5,2,28,0,9,31,1,41,0,30,36,3,69,50,10,60,129
02/07/2013,FMN,NM,ASW,WE,Federal Contract Tower,0,18,13,0,31,0,4,28,0,32,0,22,41,0,63,52,0,52,115
02/08/2013,FMN,NM,ASW,WE,Federal Contract Tower,0,17,10,4,31,0,0,28,0,28,0,17,38,4,59,48,20,68,127
02/09/2013,FMN,NM,ASW,WE,Federal Contract Tower,0,13,3,0,16,0,3,3,0,6,0,16,6,0,22,0,0,0,22
02/10/2013,FMN,NM,ASW,WE,Federal Contract Tower,0,9,9,0,18,0,4,0,0,4,0,13,9,0,22,0,0,0,22
02/11/2013,FMN,NM,ASW,WE,Federal Contract Tower,0,19,5,0,24,0,14,20,0,34,0,33,25,0,58,42,0,42,100
02/12/2013,FMN,NM,ASW,WE,Federal Contract Tower,0,20,11,0,31,0,4,22,1,27,0,24,33,1,58,60,0,60,118
02/13/2013,FMN,NM,ASW,WE,Federal Contract Tower,0,19,15,0,34,0,3,40,0,43,0,22,55,0,77,76,0,76,153
02/14/2013,FMN,NM,ASW,WE,Federal Contract Tower,0,19,10,2,31,0,3,26,0,29,0,22,36,2,60,52,0,52,112
02/15/2013,FMN,NM,ASW,WE,Federal Contract Tower,0,16,8,0,24,0,7,30,0,37,0,23,38,0,61,54,0,54,115
02/16/2013,FMN,NM,ASW,WE,Federal Contract Tower,0,14,6,0,20,0,8,33,0,41,0,22,39,0,61,46,0,46,107
02/17/2013,FMN,NM,ASW,WE,Federal Contract Tower,0,11,0,0,11,0,8,26,0,34,0,19,26,0,45,48,0,48,93
02/18/2013,FMN,NM,ASW,WE,Federal Contract Tower,0,28,5,1,34,0,2,43,1,46,0,30,48,2,80,56,16,72,152
02/19/2013,FMN,NM,ASW,WE,Federal Contract Tower,0,19,10,0,29,0,7,33,1,41,0,26,43,1,70,60,10,70,140
02/20/2013,FMN,NM,ASW,WE,Federal Contract Tower,0,35,8,2,45,0,13,3,0,16,0,48,11,2,61,6,0,6,67
02/21/2013,FMN,NM,ASW,WE,Federal Contract Tower,0,32,5,0,37,0,2,18,0,20,0,34,23,0,57,0,0,0,57
02/22/2013,FMN,NM,ASW,WE,Federal Contract Tower,0,21,15,0,36,0,8,23,0,31,0,29,38,0,67,34,0,34,101
02/23/2013,FMN,NM,ASW,WE,Federal Contract Tower,0,16,1,0,17,0,3,29,0,32,0,19,30,0,49,36,0,36,85
02/24/2013,FMN,NM,ASW,WE,Federal Contract Tower,0,16,12,0,28,0,0,24,0,24,0,16,36,0,52,18,0,18,70
02/25/2013,FMN,NM,ASW,WE,Federal Contract Tower,0,21,12,0,33,0,14,26,0,40,0,35,38,0,73,0,0,0,73
02/26/2013,FMN,NM,ASW,WE,Federal Contract Tower,0,22,9,6,37,0,8,21,0,29,0,30,30,6,66,44,2,46,112
02/27/2013,FMN,NM,ASW,WE,Federal Contract Tower,0,19,6,0,25,0,9,43,0,52,0,28,49,0,77,74,0,74,151
02/28/2013,FMN,NM,ASW,WE,Federal Contract Tower,0,27,5,0,32,0,13,39,0,52,0,40,44,0,84,68,0,68,152
03/01/2013,FMN,NM,ASW,WE,Federal Contract Tower,0,21,12,0,33,0,8,32,0,40,0,29,44,0,73,46,0,46,119
03/02/2013,FMN,NM,ASW,WE,Federal Contract Tower,0,16,0,0,16,0,15,36,0,51,0,31,36,0,67,62,0,62,129
03/03/2013,FMN,NM,ASW,WE,Federal Contract Tower,0,10,2,0,12,0,14,44,0,58,0,24,46,0,70,68,0,68,138
03/04/2013,FMN,NM,ASW,WE,Federal Contract Tower,0,23,6,0,29,0,7,24,30,61,0,30,30,30,90,48,0,48,138
03/05/2013,FMN,NM,ASW,WE,Federal Contract Tower,0,29,7,0,36,0,17,46,0,63,0,46,53,0,99,34,0,34,133
03/06/2013,FMN,NM,ASW,WE,Federal Contract Tower,0,20,4,0,24,0,7,40,0,47,0,27,44,0,71,76,0,76,147
03/07/2013,FMN,NM,ASW,WE,Federal Contract Tower,0,22,3,0,25,0,16,33,0,49,0,38,36,0,74,64,0,64,138
03/08/2013,FMN,NM,ASW,WE,Federal Contract Tower,0,24,2,0,26,0,7,9,0,16,0,31,11,0,42,20,0,20,62
03/09/2013,FMN,NM,ASW,WE,Federal Contract Tower,0,20,6,0,26,0,8,2,0,10,0,28,8,0,36,8,0,8,44
03/10/2013,FMN,NM,ASW,WE,Federal Contract Tower,0,10,4,0,14,0,4,26,0,30,0,14,30,0,44,30,0,30,74
03/11/2013,FMN,NM,ASW,WE,Federal Contract Tower,0,23,6,4,33,0,21,18,0,39,0,44,24,4,72,28,20,48,120
03/12/2013,FMN,NM,ASW,WE,Federal Contract Tower,0,22,8,0,30,0,12,28,0,40,0,34,36,0,70,48,0,48,118
03/13/2013,FMN,NM,ASW,WE,Federal Contract Tower,0,31,5,0,36,0,9,28,0,37,0,40,33,0,73,30,0,30,103
03/14/2013,FMN,NM,ASW,WE,Federal Contract Tower,0,22,4,0,26,0,7,28,2,37,0,29,32,2,63,28,10,38,101
03/15/2013,FMN,NM,ASW,WE,Federal Contract Tower,0,29,2,0,31,0,8,29,0,37,0,37,31,0,68,58,0,58,126
03/16/2013,FMN,NM,ASW,WE,Federal Contract Tower,0,20,1,0,21,0,6,19,0,25,0,26,20,0,46,14,0,14,60
03/17/2013,FMN,NM,ASW,WE,Federal Contract Tower,0,9,1,0,10,0,14,21,0,35,0,23,22,0,45,48,0,48,93
03/18/2013,FMN,NM,ASW,WE,Federal Contract Tower,0,23,4,1,28,0,5,18,4,27,0,28,22,5,55,0,0,0,55
03/19/2013,FMN,NM,ASW,WE,Federal Contract Tower,0,15,8,0,23,0,4,31,0,35,0,19,39,0,58,60,0,60,118
03/20/2013,FMN,NM,ASW,WE,Federal Contract Tower,0,22,11,0,33,0,5,36,2,43,0,27,47,2,76,0,0,0,76
03/21/2013,FMN,NM,ASW,WE,Federal Contract Tower,0,18,7,2,27,0,4,30,4,38,0,22,37,6,65,20,20,40,105
03/22/2013,FMN,NM,ASW,WE,Federal Contract Tower,0,18,11,16,45,0,5,28,10,43,0,23,39,26,88,0,66,66,154
03/23/2013,FMN,NM,ASW,WE,Federal Contract Tower,0,12,2,0,14,0,8,23,4,35,0,20,25,4,49,14,0,14,63
03/24/2013,FMN,NM,ASW,WE,Federal Contract Tower,0,11,1,0,12,0,5,18,0,23,0,16,19,0,35,0,0,0,35
03/25/2013,FMN,NM,ASW,WE,Federal Contract Tower,0,24,9,0,33,0,11,30,6,47,0,35,39,6,80,26,0,26,106
03/26/2013,FMN,NM,ASW,WE,Federal Contract Tower,0,24,3,0,27,0,12,29,0,41,0,36,32,0,68,58,0,58,126
03/27/2013,FMN,NM,ASW,WE,Federal Contract Tower,0,22,0,0,22,0,9,27,0,36,0,31,27,0,58,52,0,52,110
03/28/2013,FMN,NM,ASW,WE,Federal Contract Tower,0,24,5,0,29,0,2,28,0,30,0,26,33,0,59,34,0,34,93
03/29/2013,FMN,NM,ASW,WE,Federal Contract Tower,0,33,1,0,34,0,2,29,0,31,0,35,30,0,65,48,0,48,113
03/30/2013,FMN,NM,ASW,WE,Federal Contract Tower,0,10,6,0,16,0,0,0,0,0,0,10,6,0,16,62,0,62,78
03/31/2013,FMN,NM,ASW,WE,Federal Contract Tower,0,8,1,0,9,0,6,21,0,27,0,14,22,0,36,28,0,28,64
04/01/2013,FMN,NM,ASW,WE,Federal Contract Tower,0,19,8,0,27,0,14,25,0,39,0,33,33,0,66,44,0,44,110
04/02/2013,FMN,NM,ASW,WE,Federal Contract Tower,0,20,5,0,25,0,10,37,2,49,0,30,42,2,74,50,0,50,124
04/03/2013,FMN,NM,ASW,WE,Federal Contract Tower,0,28,11,4,43,0,15,33,0,48,0,43,44,4,91,32,0,32,123
04/04/2013,FMN,NM,ASW,WE,Federal Contract Tower,0,21,5,0,26,0,9,42,2,53,0,30,47,2,79,80,10,90,169
04/05/2013,FMN,NM,ASW,WE,Federal Contract Tower,0,20,12,0,32,0,5,43,0,48,0,25,55,0,80,60,0,60,140
04/06/2013,FMN,NM,ASW,WE,Federal Contract Tower,0,12,0,0,12,0,9,36,0,45,0,21,36,0,57,16,0,16,73
04/07/2013,FMN,NM,ASW,WE,Federal Contract Tower,0,11,1,0,12,0,1,26,0,27,0,12,27,0,39,36,0,36,75
04/08/2013,FMN,NM,ASW,WE,Federal Contract Tower,0,27,10,0,37,0,2,14,0,16,0,29,24,0,53,0,0,0,53
04/09/2013,FMN,NM,ASW,WE,Federal Contract Tower,0,33,42,0,75,0,0,7,0,7,0,33,49,0,82,20,0,20,102
04/10/2013,FMN,NM,ASW,WE,Federal Contract Tower,0,32,1,0,33,0,18,8,0,26,0,50,9,0,59,52,0,52,111
04/11/2013,FMN,NM,ASW,WE,Federal Contract Tower,0,22,8,0,30,0,11,23,0,34,0,33,31,0,64,58,0,58,122
04/12/2013,FMN,NM,ASW,WE,Federal Contract Tower,0,23,0,2,25,0,13,33,0,46,0,36,33,2,71,34,0,34,105
04/13/2013,FMN,NM,ASW,WE,Federal Contract Tower,0,15,2,0,17,0,16,23,0,39,0,31,25,0,56,28,0,28,84
04/14/2013,FMN,NM,ASW,WE,Federal Contract Tower,0,10,2,0,12,0,1,17,0,18,0,11,19,0,30,84,0,84,114
04/15/2013,FMN,NM,ASW,WE,Federal Contract Tower,0,25,10,6,41,0,15,17,0,32,0,40,27,6,73,0,20,20,93
04/16/2013,FMN,NM,ASW,WE,Federal Contract Tower,0,22,10,0,32,0,9,1,0,10,0,31,11,0,42,0,0,0,42
04/17/2013,FMN,NM,ASW,WE,Federal Contract Tower,0,24,3,0,27,0,7,19,1,27,0,31,22,1,54,52,0,52,106
04/18/2013,FMN,NM,ASW,WE,Federal Contract Tower,0,25,1,1,27,0,6,17,1,24,0,31,18,2,51,18,0,18,69
04/19/2013,FMN,NM,ASW,WE,Federal Contract Tower,0,19,1,2,22,0,9,36,1,46,0,28,37,3,68,44,12,56,124
04/20/2013,FMN,NM,ASW,WE,Federal Contract Tower,0,12,1,0,13,0,9,19,0,28,0,21,20,0,41,20,0,20,61
04/21/2013,FMN,NM,ASW,WE,Federal Contract Tower,0,9,2,0,11,0,8,20,0,28,0,17,22,0,39,12,0,12,51
04/22/2013,FMN,NM,ASW,WE,Federal Contract Tower,0,17,14,0,31,0,0,35,0,35,0,17,49,0,66,0,0,0,66
04/23/2013,FMN,NM,ASW,WE,Federal Contract Tower,0,23,6,0,29,0,11,18,0,29,0,34,24,0,58,0,0,0,58
04/24/2013,FMN,NM,ASW,WE,Federal Contract Tower,0,20,3,1,24,0,10,38,12,60,0,30,41,13,84,78,0,78,162
04/25/2013,FMN,NM,ASW,WE,Federal Contract Tower,0,26,0,0,26,0,9,32,0,41,0,35,32,0,67,62,0,62,129
04/26/2013,FMN,NM,ASW,WE,Federal Contract Tower,0,23,4,0,27,0,5,39,0,44,0,28,43,0,71,38,0,38,109
04/27/2013,FMN,NM,ASW,WE,Federal Contract Tower,0,13,0,0,13,0,10,24,0,34,0,23,24,0,47,30,0,30,77
04/28/2013,FMN,NM,ASW,WE,Federal Contract Tower,0,11,0,0,11,0,2,50,2,54,0,13,50,2,65,50,0,50,115
04/29/2013,FMN,NM,ASW,WE,Federal Contract Tower,0,21,4,0,25,0,2,43,0,45,0,23,47,0,70,16,0,16,86
04/30/2013,FMN,NM,ASW,WE,Federal Contract Tower,0,28,1,4,33,0,12,16,0,28,0,40,17,4,61,56,0,56,117
05/01/2013,FMN,NM,ASW,WE,Federal Contract Tower,0,22,8,2,32,0,11,46,1,58,0,33,54,3,90,42,0,42,132
05/02/2013,FMN,NM,ASW,WE,Federal Contract Tower,0,27,3,0,30,0,12,43,2,57,0,39,46,2,87,46,0,46,133
05/03/2013,FMN,NM,ASW,WE,Federal Contract Tower,0,22,8,0,30,0,15,58,0,73,0,37,66,0,103,50,0,50,153
05/04/2013,FMN,NM,ASW,WE,Federal Contract Tower,0,14,11,0,25,0,6,45,0,51,0,20,56,0,76,18,0,18,94
05/05/2013,FMN,NM,ASW,WE,Federal Contract Tower,0,8,2,0,10,0,16,45,0,61,0,24,47,0,71,0,0,0,71
05/06/2013,FMN,NM,ASW,WE,Federal Contract Tower,0,15,8,6,29,0,13,31,0,44,0,28,39,6,73,26,0,26,99
05/07/2013,FMN,NM,ASW,WE,Federal Contract Tower,0,18,1,0,19,0,19,46,0,65,0,37,47,0,84,34,0,34,118
05/08/2013,FMN,NM,ASW,WE,Federal Contract Tower,0,22,1,8,31,0,2,17,16,35,0,24,18,24,66,58,0,58,124
05/09/2013,FMN,NM,ASW,WE,Federal Contract Tower,0,17,0,0,17,0,12,17,0,29,0,29,17,0,46,28,0,28,74
05/10/2013,FMN,NM,ASW,WE,Federal Contract Tower,0,28,7,1,36,0,6,33,0,39,0,34,40,1,75,12,0,12,87
05/11/2013,FMN,NM,ASW,WE,Federal Contract Tower,0,18,5,0,23,0,17,33,0,50,0,35,38,0,73,38,0,38,111
05/12/2013,FMN,NM,ASW,WE,Federal Contract Tower,0,13,2,0,15,0,6,27,0,33,0,19,29,0,48,26,0,26,74
05/13/2013,FMN,NM,ASW,WE,Federal Contract Tower,0,23,7,0,30,0,28,31,0,59,0,51,38,0,89,42,0,42,131
05/14/2013,FMN,NM,ASW,WE,Federal Contract Tower,0,18,6,0,24,0,6,30,0,36,0,24,36,0,60,66,0,66,126
05/15/2013,FMN,NM,ASW,WE,Federal Contract Tower,0,27,0,0,27,0,12,25,0,37,0,39,25,0,64,60,0,60,124
05/16/2013,FMN,NM,ASW,WE,Federal Contract Tower,0,19,0,2,21,0,31,46,2,79,0,50,46,4,100,15,0,15,115
05/17/2013,FMN,NM,ASW,WE,Federal Contract Tower,0,21,0,0,21,0,17,18,0,35,0,38,18,0,56,44,0,44,100
05/18/2013,FMN,NM,ASW,WE,Federal Contract Tower,0,12,4,0,16,0,23,34,0,57,0,35,38,0,73,38,0,38,111
05/19/2013,FMN,NM,ASW,WE,Federal Contract Tower,0,17,2,0,19,0,11,24,0,35,0,28,26,0,54,24,0,24,78
05/20/2013,FMN,NM,ASW,WE,Federal Contract Tower,0,31,4,0,35,0,11,24,0,35,0,42,28,0,70,32,0,32,102
05/21/2013,FMN,NM,ASW,WE,Federal Contract Tower,0,24,1,0,25,0,6,43,0,49,0,30,44,0,74,46,0,46,120
05/22/2013,FMN,NM,ASW,WE,Federal Contract Tower,0,20,2,0,22,0,12,37,0,49,0,32,39,0,71,46,0,46,117
05/23/2013,FMN,NM,ASW,WE,Federal Contract Tower,0,19,8,1,28,0,20,23,4,47,0,39,31,5,75,38,6,44,119
05/24/2013,FMN,NM,ASW,WE,Federal Contract Tower,0,17,9,0,26,0,19,26,0,45,0,36,35,0,71,18,0,18,89
05/25/2013,FMN,NM,ASW,WE,Federal Contract Tower,0,12,3,0,15,0,18,34,0,52,0,30,37,0,67,36,0,36,103
05/26/2013,FMN,NM,ASW,WE,Federal Contract Tower,0,6,0,0,6,0,8,11,0,19,0,14,11,0,25,22,0,22,47
05/27/2013,FMN,NM,ASW,WE,Federal Contract Tower,0,12,0,0,12,0,12,37,0,49,0,24,37,0,61,22,0,22,83
05/28/2013,FMN,NM,ASW,WE,Federal Contract Tower,0,24,2,0,26,0,8,27,0,35,0,32,29,0,61,64,0,64,125
05/29/2013,FMN,NM,ASW,WE,Federal Contract Tower,0,36,0,1,37,0,18,11,0,29,0,54,11,1,66,56,0,56,122
05/30/2013,FMN,NM,ASW,WE,Federal Contract Tower,0,18,8,0,26,0,4,35,2,41,0,22,43,2,67,36,0,36,103
05/31/2013,FMN,NM,ASW,WE,Federal Contract Tower,0,23,4,0,27,0,19,23,0,42,0,42,27,0,69,28,0,28,97
06/01/2013,FMN,NM,ASW,WE,Federal Contract Tower,0,14,6,0,20,0,15,59,0,74,0,29,65,0,94,20,0,20,114
06/02/2013,FMN,NM,ASW,WE,Federal Contract Tower,0,12,0,0,12,0,9,20,0,29,0,21,20,0,41,30,0,30,71
06/03/2013,FMN,NM,ASW,WE,Federal Contract Tower,0,20,4,1,25,0,14,32,0,46,0,34,36,1,71,31,0,31,102
06/04/2013,FMN,NM,ASW,WE,Federal Contract Tower,0,21,13,0,34,0,13,29,0,42,0,34,42,0,76,46,0,46,122
06/05/2013,FMN,NM,ASW,WE,Federal Contract Tower,0,15,12,0,27,0,5,21,0,26,0,20,33,0,53,72,0,72,125
06/06/2013,FMN,NM,ASW,WE,Federal Contract Tower,0,25,1,0,26,0,3,31,0,34,0,28,32,0,60,42,0,42,102
06/07/2013,FMN,NM,ASW,WE,Federal Contract Tower,0,16,4,0,20,0,16,34,0,50,0,32,38,0,70,56,0,56,126
06/08/2013,FMN,NM,ASW,WE,Federal Contract Tower,0,13,7,0,20,0,19,38,0,57,0,32,45,0,77,32,0,32,109
06/09/2013,FMN,NM,ASW,WE,Federal Contract Tower,0,13,2,0,15,0,12,35,0,47,0,25,37,0,62,16,0,16,78
06/10/2013,FMN,NM,ASW,WE,Federal Contract Tower,0,23,6,0,29,0,10,34,0,44,0,33,40,0,73,28,0,28,101
06/11/2013,FMN,NM,ASW,WE,Federal Contract Tower,0,24,4,0,28,0,6,34,0,40,0,30,38,0,68,54,0,54,122
06/12/2013,FMN,NM,ASW,WE,Federal Contract Tower,0,14,7,0,21,0,9,38,0,47,0,23,45,0,68,54,0,54,122
06/13/2013,FMN,NM,ASW,WE,Federal Contract Tower,0,23,4,0,27,0,13,28,0,41,0,36,32,0,68,34,0,34,102
06/14/2013,FMN,NM,ASW,WE,Federal Contract Tower,0,19,0,2,21,0,21,23,0,44,0,40,23,2,65,32,0,32,97
06/15/2013,FMN,NM,ASW,WE,Federal Contract Tower,0,15,1,0,16,0,13,39,0,52,0,28,40,0,68,34,0,34,102
06/16/2013,FMN,NM,ASW,WE,Federal Contract Tower,0,12,0,0,12,0,4,13,0,17,0,16,13,0,29,22,0,22,51
06/17/2013,FMN,NM,ASW,WE,Federal Contract Tower,0,17,3,0,20,0,18,30,0,48,0,35,33,0,68,28,0,28,96
06/18/2013,FMN,NM,ASW,WE,Federal Contract Tower,0,14,2,0,16,0,14,18,0,32,0,28,20,0,48,74,0,74,122
06/19/2013,FMN,NM,ASW,WE,Federal Contract Tower,0,18,18,0,36,0,44,16,0,60,0,62,34,0,96,22,0,22,118
06/20/2013,FMN,NM,ASW,WE,Federal Contract Tower,0,23,10,0,33,0,13,28,0,41,0,36,38,0,74,24,0,24,98
06/21/2013,FMN,NM,ASW,WE,Federal Contract Tower,0,23,5,0,28,0,16,37,0,53,0,39,42,0,81,46,0,46,127
06/22/2013,FMN,NM,ASW,WE,Federal Contract Tower,0,12,0,0,12,0,10,30,2,42,0,22,30,2,54,36,12,48,102
06/23/2013,FMN,NM,ASW,WE,Federal Contract Tower,0,10,1,2,13,0,9,16,0,25,0,19,17,2,38,26,0,26,64
06/24/2013,FMN,NM,ASW,WE,Federal Contract Tower,0,26,5,0,31,0,12,42,0,54,0,38,47,0,85,24,0,24,109
06/25/2013,FMN,NM,ASW,WE,Federal Contract Tower,0,18,9,8,35,0,12,70,12,94,0,30,79,20,129,38,0,38,167
06/26/2013,FMN,NM,ASW,WE,Federal Contract Tower,0,19,23,0,42,0,4,38,0,42,0,23,61,0,84,46,0,46,130
06/27/2013,FMN,NM,ASW,WE,Federal Contract Tower,0,28,1,0,29,0,19,31,1,51,0,47,32,1,80,36,0,36,116
06/28/2013,FMN,NM,ASW,WE,Federal Contract Tower,0,41,13,0,54,0,8,25,0,33,0,49,38,0,87,30,0,30,117
06/29/2013,FMN,NM,ASW,WE,Federal Contract Tower,0,14,0,0,14,0,8,41,0,49,0,22,41,0,63,40,0,40,103
06/30/2013,FMN,NM,ASW,WE,Federal Contract Tower,0,16,4,0,20,0,5,21,0,26,0,21,25,0,46,28,0,28,74
07/01/2013,FMN,NM,ASW,WE,Federal Contract Tower,0,13,3,0,16,0,8,31,0,39,0,21,34,0,55,48,0,48,103
07/02/2013,FMN,NM,ASW,WE,Federal Contract Tower,0,19,3,1,23,0,17,26,32,75,0,36,29,33,98,20,14,34,132
07/03/2013,FMN,NM,ASW,WE,Federal Contract Tower,0,18,6,0,24,0,8,20,0,28,0,26,26,0,52,72,0,72,124
07/04/2013,FMN,NM,ASW,WE,Federal Contract Tower,0,7,0,0,7,0,6,10,0,16,0,13,10,0,23,22,0,22,45
07/05/2013,FMN,NM,ASW,WE,Federal Contract Tower,0,20,0,0,20,0,11,24,0,35,0,31,24,0,55,44,0,44,99
07/06/2013,FMN,NM,ASW,WE,Federal Contract Tower,0,19,0,0,19,0,15,34,0,49,0,34,34,0,68,44,0,44,112
07/07/2013,FMN,NM,ASW,WE,Federal Contract Tower,0,16,7,0,23,0,8,45,0,53,0,24,52,0,76,32,0,32,108
07/08/2013,FMN,NM,ASW,WE,Federal Contract Tower,0,21,5,1,27,0,16,24,1,41,0,37,29,2,68,20,20,40,108
07/09/2013,FMN,NM,ASW,WE,Federal Contract Tower,0,19,7,0,26,0,15,36,0,51,0,34,43,0,77,46,0,46,123
07/10/2013,FMN,NM,ASW,WE,Federal Contract Tower,0,20,8,0,28,0,13,36,0,49,0,33,44,0,77,48,0,48,125
07/11/2013,FMN,NM,ASW,WE,Federal Contract Tower,0,25,3,0,28,0,4,15,0,19,0,29,18,0,47,24,0,24,71
07/12/2013,FMN,NM,ASW,WE,Federal Contract Tower,0,22,2,0,24,0,19,31,0,50,0,41,33,0,74,40,0,40,114
07/13/2013,FMN,NM,ASW,WE,Federal Contract Tower,0,16,1,0,17,0,8,30,0,38,0,24,31,0,55,68,0,68,123
07/14/2013,FMN,NM,ASW,WE,Federal Contract Tower,0,16,1,1,18,0,9,25,1,35,0,25,26,2,53,14,0,14,67
07/15/2013,FMN,NM,ASW,WE,Federal Contract Tower,0,27,6,0,33,0,5,30,0,35,0,32,36,0,68,0,0,0,68
07/16/2013,FMN,NM,ASW,WE,Federal Contract Tower,0,17,5,0,22,0,12,20,0,32,0,29,25,0,54,70,0,70,124
07/17/2013,FMN,NM,ASW,WE,Federal Contract Tower,0,18,2,0,20,0,25,18,0,43,0,43,20,0,63,36,0,36,99
07/18/2013,FMN,NM,ASW,WE,Federal Contract Tower,0,20,14,2,36,0,9,39,0,48,0,29,53,2,84,14,0,14,98
07/19/2013,FMN,NM,ASW,WE,Federal Contract Tower,0,15,2,0,17,0,12,42,3,57,0,27,44,3,74,30,0,30,104
07/20/2013,FMN,NM,ASW,WE,Federal Contract Tower,0,13,0,0,13,0,15,30,0,45,0,28,30,0,58,44,0,44,102
07/21/2013,FMN,NM,ASW,WE,Federal Contract Tower,0,7,0,0,7,0,7,16,0,23,0,14,16,0,30,22,0,22,52
07/22/2013,FMN,NM,ASW,WE,Federal Contract Tower,0,22,1,0,23,0,7,31,0,38,0,29,32,0,61,48,0,48,109
07/23/2013,FMN,NM,ASW,WE,Federal Contract Tower,0,23,9,0,32,0,11,29,0,40,0,34,38,0,72,20,0,20,92
07/24/2013,FMN,NM,ASW,WE,Federal Contract Tower,0,24,5,0,29,0,8,24,0,32,0,32,29,0,61,42,0,42,103
07/25/2013,FMN,NM,ASW,WE,Federal Contract Tower,0,23,10,0,33,0,9,24,0,33,0,32,34,0,66,58,0,58,124
07/26/2013,FMN,NM,ASW,WE,Federal Contract Tower,0,22,3,8,33,0,12,27,0,39,0,34,30,8,72,34,0,34,106
07/27/2013,FMN,NM,ASW,WE,Federal Contract Tower,0,16,2,5,23,0,12,37,0,49,0,28,39,5,72,20,0,20,92
07/28/2013,FMN,NM,ASW,WE,Federal Contract Tower,0,9,3,0,12,0,5,23,2,30,0,14,26,2,42,28,0,28,70
07/29/2013,FMN,NM,ASW,WE,Federal Contract Tower,0,15,7,2,24,0,18,31,0,49,0,33,38,2,73,42,22,64,137
07/30/2013,FMN,NM,ASW,WE,Federal Contract Tower,0,17,8,0,25,0,5,25,0,30,0,22,33,0,55,64,0,64,119
07/31/2013,FMN,NM,ASW,WE,Federal Contract Tower,0,20,3,0,23,0,10,32,0,42,0,30,35,0,65,84,0,84,149
08/01/2013,FMN,NM,ASW,WE,Federal Contract Tower,0,19,9,0,28,0,9,37,0,46,0,28,46,0,74,50,0,50,124
08/02/2013,FMN,NM,ASW,WE,Federal Contract Tower,0,19,2,0,21,0,14,41,0,55,0,33,43,0,76,44,0,44,120
08/03/2013,FMN,NM,ASW,WE,Federal Contract Tower,0,12,3,0,15,0,17,37,0,54,0,29,40,0,69,38,0,38,107
08/04/2013,FMN,NM,ASW,WE,Federal Contract Tower,0,12,2,0,14,0,4,27,0,31,0,16,29,0,45,30,0,30,75
08/05/2013,FMN,NM,ASW,WE,Federal Contract Tower,0,16,1,0,17,0,25,32,0,57,0,41,33,0,74,32,0,32,106
08/06/2013,FMN,NM,ASW,WE,Federal Contract Tower,0,21,3,4,28,0,9,27,1,37,0,30,30,5,65,42,8,50,115
08/07/2013,FMN,NM,ASW,WE,Federal Contract Tower,0,20,14,0,34,0,12,50,0,62,0,32,64,0,96,28,0,28,124
08/08/2013,FMN,NM,ASW,WE,Federal Contract Tower,0,18,7,0,25,0,8,50,0,58,0,26,57,0,83,74,16,90,173
08/09/2013,FMN,NM,ASW,WE,Federal Contract Tower,0,20,1,0,21,0,18,21,0,39,0,38,22,0,60,68,0,68,128
08/10/2013,FMN,NM,ASW,WE,Federal Contract Tower,0,10,2,0,12,0,13,32,4,49,0,23,34,4,61,46,0,46,107
08/11/2013,FMN,NM,ASW,WE,Federal Contract Tower,0,13,1,0,14,0,18,19,0,37,0,31,20,0,51,60,12,72,123
08/12/2013,FMN,NM,ASW,WE,Federal Contract Tower,0,19,12,0,31,0,34,32,4,70,0,53,44,4,101,64,0,64,165
08/13/2013,FMN,NM,ASW,WE,Federal Contract Tower,0,18,7,0,25,0,10,21,0,31,0,28,28,0,56,66,0,66,122
08/14/2013,FMN,NM,ASW,WE,Federal Contract Tower,0,22,2,0,24,0,16,20,6,42,0,38,22,6,66,54,0,54,120
08/15/2013,FMN,NM,ASW,WE,Federal Contract Tower,0,28,3,0,31,0,12,36,0,48,0,40,39,0,79,58,0,58,137
08/16/2013,FMN,NM,ASW,WE,Federal Contract Tower,0,20,3,0,23,0,14,37,6,57,0,34,40,6,80,48,0,48,128
08/17/2013,FMN,NM,ASW,WE,Federal Contract Tower,0,12,2,0,14,0,21,26,8,55,0,33,28,8,69,32,0,32,101
08/18/2013,FMN,NM,ASW,WE,Federal Contract Tower,0,9,4,0,13,0,0,16,0,16,0,9,20,0,29,12,0,12,41
08/19/2013,FMN,NM,ASW,WE,Federal Contract Tower,0,17,3,0,20,0,11,24,0,35,0,28,27,0,55,20,0,20,75
08/20/2013,FMN,NM,ASW,WE,Federal Contract Tower,0,25,6,0,31,0,22,39,0,61,0,47,45,0,92,24,0,24,116
08/21/2013,FMN,NM,ASW,WE,Federal Contract Tower,0,20,7,0,27,0,12,25,3,40,0,32,32,3,67,50,0,50,117
08/22/2013,FMN,NM,ASW,WE,Federal Contract Tower,0,23,9,2,34,0,16,40,13,69,0,39,49,15,103,42,8,50,153
08/23/2013,FMN,NM,ASW,WE,Federal Contract Tower,0,18,2,0,20,0,19,18,0,37,0,37,20,0,57,56,0,56,113
08/24/2013,FMN,NM,ASW,WE,Federal Contract Tower,0,12,2,0,14,0,13,37,0,50,0,25,39,0,64,48,0,48,112
08/25/2013,FMN,NM,ASW,WE,Federal Contract Tower,0,18,1,2,21,0,9,19,2,30,0,27,20,4,51,0,0,0,51
08/26/2013,FMN,NM,ASW,WE,Federal Contract Tower,0,23,4,0,27,0,16,34,0,50,0,39,38,0,77,44,0,44,121
08/27/2013,FMN,NM,ASW,WE,Federal Contract Tower,0,17,3,2,22,0,15,23,0,38,0,32,26,2,60,60,0,60,120
08/28/2013,FMN,NM,ASW,WE,Federal Contract Tower,0,16,1,4,21,0,8,33,19,60,0,24,34,23,81,74,46,120,201
08/29/2013,FMN,NM,ASW,WE,Federal Contract Tower,0,26,7,0,33,0,11,26,2,39,0,37,33,2,72,42,0,42,114
08/30/2013,FMN,NM,ASW,WE,Federal Contract Tower,0,17,2,0,19,0,9,37,0,46,0,26,39,0,65,42,0,42,107
08/31/2013,FMN,NM,ASW,WE,Federal Contract Tower,0,11,2,0,13,0,13,39,0,52,0,24,41,0,65,54,0,54,119
09/01/2013,FMN,NM,ASW,WE,Federal Contract Tower,0,13,1,0,14,0,10,20,0,30,0,23,21,0,44,38,0,38,82
09/02/2013,FMN,NM,ASW,WE,Federal Contract Tower,0,10,3,0,13,0,25,14,0,39,0,35,17,0,52,6,0,6,58
09/03/2013,FMN,NM,ASW,WE,Federal Contract Tower,0,14,2,0,16,0,8,36,0,44,0,22,38,0,60,60,0,60,120
09/04/2013,FMN,NM,ASW,WE,Federal Contract Tower,0,19,2,0,21,0,5,34,0,39,0,24,36,0,60,70,0,70,130
09/05/2013,FMN,NM,ASW,WE,Federal Contract Tower,0,30,10,0,40,0,9,22,0,31,0,39,32,0,71,54,0,54,125
09/06/2013,FMN,NM,ASW,WE,Federal Contract Tower,0,16,2,0,18,0,17,30,0,47,0,33,32,0,65,56,0,56,121
09/07/2013,FMN,NM,ASW,WE,Federal Contract Tower,0,10,3,0,13,0,15,51,0,66,0,25,54,0,79,48,0,48,127
09/08/2013,FMN,NM,ASW,WE,Federal Contract Tower,0,11,1,0,12,0,25,20,0,45,0,36,21,0,57,42,0,42,99
09/09/2013,FMN,NM,ASW,WE,Federal Contract Tower,0,20,0,2,22,0,26,12,0,38,0,46,12,2,60,12,14,26,86
09/10/2013,FMN,NM,ASW,WE,Federal Contract Tower,0,31,5,0,36,0,4,15,0,19,0,35,20,0,55,46,0,46,101
09/11/2013,FMN,NM,ASW,WE,Federal Contract Tower,0,27,1,0,28,0,5,15,0,20,0,32,16,0,48,68,0,68,116
09/12/2013,FMN,NM,ASW,WE,Federal Contract Tower,0,21,3,0,24,0,6,13,0,19,0,27,16,0,43,8,0,8,51
09/13/2013,FMN,NM,ASW,WE,Federal Contract Tower,0,19,6,0,25,0,14,27,0,41,0,33,33,0,66,28,0,28,94
09/14/2013,FMN,NM,ASW,WE,Federal Contract Tower,0,15,5,0,20,0,8,35,0,43,0,23,40,0,63,40,0,40,103
09/15/2013,FMN,NM,ASW,WE,Federal Contract Tower,0,9,0,0,9,0,4,12,0,16,0,13,12,0,25,20,0,20,45
09/16/2013,FMN,NM,ASW,WE,Federal Contract Tower,0,19,6,0,25,0,42,36,0,78,0,61,42,0,103,12,0,12,115
09/17/2013,FMN,NM,ASW,WE,Federal Contract Tower,0,18,9,0,27,0,76,25,0,101,0,94,34,0,128,24,0,24,152
09/18/2013,FMN,NM,ASW,WE,Federal Contract Tower,0,19,8,0,27,0,51,13,1,65,0,70,21,1,92,35,0,35,127
09/19/2013,FMN,NM,ASW,WE,Federal Contract Tower,0,23,4,0,27,0,27,27,0,54,0,50,31,0,81,18,0,18,99
09/20/2013,FMN,NM,ASW,WE,Federal Contract Tower,0,31,1,1,33,0,8,37,1,46,0,39,38,2,79,46,0,46,125
09/21/2013,FMN,NM,ASW,WE,Federal Contract Tower,0,15,1,0,16,0,10,34,0,44,0,25,35,0,60,40,0,40,100
09/22/2013,FMN,NM,ASW,WE,Federal Contract Tower,0,9,2,0,11,0,7,14,0,21,0,16,16,0,32,34,0,34,66
09/23/2013,FMN,NM,ASW,WE,Federal Contract Tower,0,22,6,0,28,0,22,30,0,52,0,44,36,0,80,24,0,24,104
09/24/2013,FMN,NM,ASW,WE,Federal Contract Tower,0,19,7,0,26,0,6,27,1,34,0,25,34,1,60,52,0,52,112
09/25/2013,FMN,NM,ASW,WE,Federal Contract Tower,0,19,5,0,24,0,6,22,0,28,0,25,27,0,52,74,0,74,126
09/26/2013,FMN,NM,ASW,WE,Federal Contract Tower,0,29,5,0,34,0,10,11,0,21,0,39,16,0,55,0,0,0,55
09/27/2013,FMN,NM,ASW,WE,Federal Contract Tower,0,20,9,0,29,0,11,21,0,32,0,31,30,0,61,0,0,0,61
09/28/2013,FMN,NM,ASW,WE,Federal Contract Tower,0,12,1,0,13,0,16,39,0,55,0,28,40,0,68,42,0,42,110
09/29/2013,FMN,NM,ASW,WE,Federal Contract Tower,0,8,3,0,11,0,13,39,0,52,0,21,42,0,63,20,0,20,83
09/30/2013,FMN,NM,ASW,WE,Federal Contract Tower,0,17,9,2,28,0,14,31,0,45,0,31,40,2,73,20,0,20,93
10/01/2013,FMN,NM,ASW,WE,Federal Contract Tower,0,21,4,0,25,0,5,37,0,42,0,26,41,0,67,50,0,50,117
10/02/2013,FMN,NM,ASW,WE,Federal Contract Tower,0,24,8,0,32,0,2,33,0,35,0,26,41,0,67,70,0,70,137
10/03/2013,FMN,NM,ASW,WE,Federal Contract Tower,0,28,2,0,30,0,6,24,0,30,0,34,26,0,60,62,0,62,122
10/04/2013,FMN,NM,ASW,WE,Federal Contract Tower,0,16,2,0,18,0,6,13,0,19,0,22,15,0,37,6,0,6,43
10/05/2013,FMN,NM,ASW,WE,Federal Contract Tower,0,12,2,0,14,0,16,37,0,53,0,28,39,0,67,38,0,38,105
10/06/2013,FMN,NM,ASW,WE,Federal Contract Tower,0,12,2,0,14,0,8,23,0,31,0,20,25,0,45,24,0,24,69
10/07/2013,FMN,NM,ASW,WE,Federal Contract Tower,0,28,6,0,34,0,8,17,6,31,0,36,23,6,65,30,12,42,107
10/08/2013,FMN,NM,ASW,WE,Federal Contract Tower,0,16,6,0,22,0,7,21,0,28,0,23,27,0,50,64,0,64,114
10/09/2013,FMN,NM,ASW,WE,Federal Contract Tower,0,14,9,0,23,0,6,30,0,36,0,20,39,0,59,60,0,60,119
10/10/2013,FMN,NM,ASW,WE,Federal Contract Tower,0,18,0,6,24,0,3,13,0,16,0,21,13,6,40,6,0,6,46
10/11/2013,FMN,NM,ASW,WE,Federal Contract Tower,0,26,9,0,35,0,11,19,0,30,0,37,28,0,65,18,0,18,83
10/12/2013,FMN,NM,ASW,WE,Federal Contract Tower,0,15,2,0,17,0,8,44,0,52,0,23,46,0,69,44,0,44,113
10/13/2013,FMN,NM,ASW,WE,Federal Contract Tower,0,8,0,0,8,0,20,38,0,58,0,28,38,0,66,10,0,10,76
10/14/2013,FMN,NM,ASW,WE,Federal Contract Tower,0,14,11,0,25,0,15,42,0,57,0,29,53,0,82,26,0,26,108
10/15/2013,FMN,NM,ASW,WE,Federal Contract Tower,0,21,6,0,27,0,13,18,0,31,0,34,24,0,58,60,0,60,118
10/16/2013,FMN,NM,ASW,WE,Federal Contract Tower,0,29,2,0,31,0,6,20,1,27,0,35,22,1,58,60,0,60,118
10/17/2013,FMN,NM,ASW,WE,Federal Contract Tower,0,27,4,0,31,0,18,20,0,38,0,45,24,0,69,52,0,52,121
10/18/2013,FMN,NM,ASW,WE,Federal Contract Tower,0,27,3,0,30,0,12,13,0,25,0,39,16,0,55,0,0,0,55
10/19/2013,FMN,NM,ASW,WE,Federal Contract Tower,0,16,4,0,20,0,11,44,0,55,0,27,48,0,75,42,0,42,117
10/20/2013,FMN,NM,ASW,WE,Federal Contract Tower,0,13,1,0,14,0,12,30,0,42,0,25,31,0,56,26,0,26,82
10/21/2013,FMN,NM,ASW,WE,Federal Contract Tower,0,16,7,0,23,0,15,33,6,54,0,31,40,6,77,34,46,80,157
10/22/2013,FMN,NM,ASW,WE,Federal Contract Tower,0,27,6,0,33,0,5,70,0,75,0,32,76,0,108,0,0,0,108
10/23/2013,FMN,NM,ASW,WE,Federal Contract Tower,0,20,4,1,25,0,9,38,0,47,0,29,42,1,72,42,0,42,114
10/24/2013,FMN,NM,ASW,WE,Federal Contract Tower,0,25,8,0,33,0,7,27,0,34,0,32,35,0,67,0,0,0,67
10/25/2013,FMN,NM,ASW,WE,Federal Contract Tower,0,17,7,0,24,0,8,29,0,37,0,25,36,0,61,0,0,0,61
10/26/2013,FMN,NM,ASW,WE,Federal Contract Tower,0,8,0,0,8,0,31,27,0,58,0,39,27,0,66,64,0,64,130
10/27/2013,FMN,NM,ASW,WE,Federal Contract Tower,0,11,1,0,12,0,13,36,0,49,0,24,37,0,61,28,0,28,89
10/28/2013,FMN,NM,ASW,WE,Federal Contract Tower,0,19,7,0,26,0,18,32,4,54,0,37,39,4,80,27,7,34,114
10/29/2013,FMN,NM,ASW,WE,Federal Contract Tower,0,20,5,0,25,0,12,15,2,29,0,32,20,2,54,0,0,0,54
10/30/2013,FMN,NM,ASW,WE,Federal Contract Tower,0,21,2,0,23,0,5,20,1,26,0,26,22,1,49,66,2,68,117
10/31/2013,FMN,NM,ASW,WE,Federal Contract Tower,0,22,3,0,25,0,17,21,8,46,0,39,24,8,71,0,0,0,71
11/01/2013,FMN,NM,ASW,WE,Federal Contract Tower,0,15,1,0,16,0,7,20,2,29,0,22,21,2,45,12,0,12,57
11/02/2013,FMN,NM,ASW,WE,Federal Contract Tower,0,9,1,0,10,0,13,29,2,44,0,22,30,2,54,66,0,66,120
11/03/2013,FMN,NM,ASW,WE,Federal Contract Tower,0,12,2,0,14,0,4,22,4,30,0,16,24,4,44,16,0,16,60
11/04/2013,FMN,NM,ASW,WE,Federal Contract Tower,0,25,4,0,29,0,14,27,16,57,0,39,31,16,86,18,0,18,104
11/05/2013,FMN,NM,ASW,WE,Federal Contract Tower,0,15,2,0,17,0,0,0,0,0,0,15,2,0,17,0,0,0,17
11/06/2013,FMN,NM,ASW,WE,Federal Contract Tower,0,20,10,2,32,0,9,42,0,51,0,29,52,2,83,26,20,46,129
11/07/2013,FMN,NM,ASW,WE,Federal Contract Tower,0,25,5,2,32,0,16,9,0,25,0,41,14,2,57,26,0,26,83
11/08/2013,FMN,NM,ASW,WE,Federal Contract Tower,0,17,3,0,20,0,6,28,7,41,0,23,31,7,61,30,12,42,103
11/09/2013,FMN,NM,ASW,WE,Federal Contract Tower,0,11,0,0,11,0,11,49,0,60,0,22,49,0,71,34,0,34,105
11/10/2013,FMN,NM,ASW,WE,Federal Contract Tower,0,14,1,0,15,0,10,36,0,46,0,24,37,0,61,18,0,18,79
11/11/2013,FMN,NM,ASW,WE,Federal Contract Tower,0,13,2,0,15,0,16,39,0,55,0,29,41,0,70,52,0,52,122
11/12/2013,FMN,NM,ASW,WE,Federal Contract Tower,0,19,14,0,33,0,24,69,0,93,0,43,83,0,126,50,0,50,176
11/13/2013,FMN,NM,ASW,WE,Federal Contract Tower,0,20,14,0,34,0,9,75,0,84,0,29,89,0,118,98,0,98,216
11/14/2013,FMN,NM,ASW,WE,Federal Contract Tower,0,16,11,0,27,0,9,64,0,73,0,25,75,0,100,92,0,92,192
11/15/2013,FMN,NM,ASW,WE,Federal Contract Tower,0,19,4,0,23,0,4,26,1,31,0,23,30,1,54,52,0,52,106
11/16/2013,FMN,NM,ASW,WE,Federal Contract Tower,0,10,1,0,11,0,11,37,0,48,0,21,38,0,59,36,0,36,95
11/17/2013,FMN,NM,ASW,WE,Federal Contract Tower,0,6,2,0,8,0,9,51,0,60,0,15,53,0,68,60,0,60,128
11/18/2013,FMN,NM,ASW,WE,Federal Contract Tower,0,26,4,1,31,0,9,28,1,38,0,35,32,2,69,10,20,30,99
11/19/2013,FMN,NM,ASW,WE,Federal Contract Tower,0,19,1,0,20,0,9,19,0,28,0,28,20,0,48,12,0,12,60
11/20/2013,FMN,NM,ASW,WE,Federal Contract Tower,0,25,3,0,28,0,4,18,0,22,0,29,21,0,50,70,0,70,120
11/21/2013,FMN,NM,ASW,WE,Federal Contract Tower,0,23,7,0,30,0,0,14,0,14,0,23,21,0,44,20,0,20,64
11/22/2013,FMN,NM,ASW,WE,Federal Contract Tower,0,19,4,0,23,0,4,0,0,4,0,23,4,0,27,6,0,6,33
11/23/2013,FMN,NM,ASW,WE,Federal Contract Tower,0,20,3,0,23,0,11,12,0,23,0,31,15,0,46,0,0,0,46
11/24/2013,FMN,NM,ASW,WE,Federal Contract Tower,0,10,3,0,13,0,9,2,0,11,0,19,5,0,24,14,0,14,38
11/25/2013,FMN,NM,ASW,WE,Federal Contract Tower,0,19,6,0,25,0,6,2,0,8,0,25,8,0,33,0,0,0,33
11/26/2013,FMN,NM,ASW,WE,Federal Contract Tower,0,19,9,0,28,0,23,12,0,35,0,42,21,0,63,6,0,6,69
11/27/2013,FMN,NM,ASW,WE,Federal Contract Tower,0,20,10,0,30,0,13,42,6,61,0,33,52,6,91,38,26,64,155
11/28/2013,FMN,NM,ASW,WE,Federal Contract Tower,0,6,0,0,6,0,1,14,0,15,0,7,14,0,21,62,0,62,83
11/29/2013,FMN,NM,ASW,WE,Federal Contract Tower,0,12,0,1,13,0,8,18,0,26,0,20,18,1,39,28,0,28,67
11/30/2013,FMN,NM,ASW,WE,Federal Contract Tower,0,21,3,1,25,0,9,8,0,17,0,30,11,1,42,10,0,10,52
12/01/2013,FMN,NM,ASW,WE,Federal Contract Tower,0,20,11,0,31,0,0,0,0,0,0,20,11,0,31,0,0,0,31
12/02/2013,FMN,NM,ASW,WE,Federal Contract Tower,0,17,4,0,21,0,1,4,0,5,0,18,8,0,26,0,0,0,26
12/03/2013,FMN,NM,ASW,WE,Federal Contract Tower,0,22,6,0,28,0,17,17,0,34,0,39,23,0,62,0,0,0,62
12/04/2013,FMN,NM,ASW,WE,Federal Contract Tower,0,22,5,0,27,0,0,18,0,18,0,22,23,0,45,0,0,0,45
12/05/2013,FMN,NM,ASW,WE,Federal Contract Tower,0,21,2,0,23,0,8,5,0,13,0,29,7,0,36,0,0,0,36
12/06/2013,FMN,NM,ASW,WE,Federal Contract Tower,0,17,2,0,19,0,16,28,0,44,0,33,30,0,63,44,0,44,107
12/07/2013,FMN,NM,ASW,WE,Federal Contract Tower,0,19,1,0,20,0,10,28,0,38,0,29,29,0,58,60,0,60,118
12/08/2013,FMN,NM,ASW,WE,Federal Contract Tower,0,15,2,0,17,0,8,0,0,8,0,23,2,0,25,0,0,0,25
12/09/2013,FMN,NM,ASW,WE,Federal Contract Tower,0,15,7,0,22,0,20,10,0,30,0,35,17,0,52,0,0,0,52
12/10/2013,FMN,NM,ASW,WE,Federal Contract Tower,0,20,6,0,26,0,13,30,0,43,0,33,36,0,69,22,0,22,91
12/11/2013,FMN,NM,ASW,WE,Federal Contract Tower,0,15,10,0,25,0,7,18,4,29,0,22,28,4,54,44,24,68,122
12/12/2013,FMN,NM,ASW,WE,Federal Contract Tower,0,24,6,0,30,0,8,25,0,33,0,32,31,0,63,32,0,32,95
12/13/2013,FMN,NM,ASW,WE,Federal Contract Tower,0,24,1,0,25,0,8,22,0,30,0,32,23,0,55,6,0,6,61
12/14/2013,FMN,NM,ASW,WE,Federal Contract Tower,0,15,3,0,18,0,18,18,0,36,0,33,21,0,54,30,0,30,84
12/15/2013,FMN,NM,ASW,WE,Federal Contract Tower,0,12,2,0,14,0,11,34,0,45,0,23,36,0,59,34,0,34,93
12/16/2013,FMN,NM,ASW,WE,Federal Contract Tower,0,18,11,0,29,0,19,25,0,44,0,37,36,0,73,40,0,40,113
12/17/2013,FMN,NM,ASW,WE,Federal Contract Tower,0,19,4,0,23,0,9,34,0,43,0,28,38,0,66,0,0,0,66
12/18/2013,FMN,NM,ASW,WE,Federal Contract Tower,0,17,9,0,26,0,29,44,0,73,0,46,53,0,99,52,0,52,151
12/19/2013,FMN,NM,ASW,WE,Federal Contract Tower,0,27,10,0,37,0,12,34,0,46,0,39,44,0,83,52,14,66,149
12/20/2013,FMN,NM,ASW,WE,Federal Contract Tower,0,21,4,0,25,0,8,21,1,30,0,29,25,1,55,20,2,22,77
12/21/2013,FMN,NM,ASW,WE,Federal Contract Tower,0,17,6,0,23,0,16,25,0,41,0,33,31,0,64,48,0,48,112
12/22/2013,FMN,NM,ASW,WE,Federal Contract Tower,0,13,5,0,18,0,15,13,0,28,0,28,18,0,46,0,0,0,46
12/23/2013,FMN,NM,ASW,WE,Federal Contract Tower,0,9,5,2,16,0,10,40,1,51,0,19,45,3,67,24,22,46,113
12/24/2013,FMN,NM,ASW,WE,Federal Contract Tower,0,11,0,1,12,0,14,33,0,47,0,25,33,1,59,42,0,42,101
12/25/2013,FMN,NM,ASW,WE,Federal Contract Tower,0,8,1,0,9,0,2,7,0,9,0,10,8,0,18,0,0,0,18
12/26/2013,FMN,NM,ASW,WE,Federal Contract Tower,0,21,1,0,22,0,12,14,0,26,0,33,15,0,48,8,0,8,56
12/27/2013,FMN,NM,ASW,WE,Federal Contract Tower,0,23,3,0,26,0,3,20,0,23,0,26,23,0,49,8,0,8,57
12/28/2013,FMN,NM,ASW,WE,Federal Contract Tower,0,11,0,0,11,0,11,38,0,49,0,22,38,0,60,36,0,36,96
12/29/2013,FMN,NM,ASW,WE,Federal Contract Tower,0,11,2,0,13,0,2,21,2,25,0,13,23,2,38,0,0,0,38
12/30/2013,FMN,NM,ASW,WE,Federal Contract Tower,0,20,7,0,27,0,5,59,0,64,0,25,66,0,91,14,0,14,105
12/31/2013,FMN,NM,ASW,WE,Federal Contract Tower,0,14,1,0,15,0,13,20,0,33,0,27,21,0,48,44,0,44,92
01/01/2014,FMN,NM,ASW,WE,Federal Contract Tower,0,7,6,0,13,0,8,10,0,18,0,15,16,0,31,40,0,40,71
01/02/2014,FMN,NM,ASW,WE,Federal Contract Tower,0,14,0,0,14,0,14,12,0,26,0,28,12,0,40,50,0,50,90
01/03/2014,FMN,NM,ASW,WE,Federal Contract Tower,0,18,4,1,23,0,14,22,0,36,0,32,26,1,59,26,0,26,85
01/04/2014,FMN,NM,ASW,WE,Federal Contract Tower,0,14,1,0,15,0,10,30,0,40,0,24,31,0,55,24,0,24,79
01/05/2014,FMN,NM,ASW,WE,Federal Contract Tower,0,9,2,0,11,0,9,9,4,22,0,18,11,4,33,0,0,0,33
01/06/2014,FMN,NM,ASW,WE,Federal Contract Tower,0,12,2,0,14,0,12,21,0,33,0,24,23,0,47,12,0,12,59
01/07/2014,FMN,NM,ASW,WE,Federal Contract Tower,0,11,5,0,16,0,30,12,0,42,0,41,17,0,58,30,0,30,88
01/08/2014,FMN,NM,ASW,WE,Federal Contract Tower,0,15,3,0,18,0,5,11,0,16,0,20,14,0,34,82,0,82,116
01/09/2014,FMN,NM,ASW,WE,Federal Contract Tower,0,19,2,0,21,0,11,14,1,26,0,30,16,1,47,54,0,54,101
01/10/2014,FMN,NM,ASW,WE,Federal Contract Tower,0,19,7,1,27,0,5,21,1,27,0,24,28,2,54,2,0,2,56
01/11/2014,FMN,NM,ASW,WE,Federal Contract Tower,0,17,1,0,18,0,14,39,2,55,0,31,40,2,73,40,2,42,115
01/12/2014,FMN,NM,ASW,WE,Federal Contract Tower,0,16,2,0,18,0,0,9,0,9,0,16,11,0,27,0,0,0,27
01/13/2014,FMN,NM,ASW,WE,Federal Contract Tower,0,24,4,0,28,0,13,23,18,54,0,37,27,18,82,22,0,22,104
01/14/2014,FMN,NM,ASW,WE,Federal Contract Tower,0,13,2,2,17,0,11,10,0,21,0,24,12,2,38,4,0,4,42
01/15/2014,FMN,NM,ASW,WE,Federal Contract Tower,0,14,5,0,19,0,49,14,7,70,0,63,19,7,89,0,26,26,115
01/16/2014,FMN,NM,ASW,WE,Federal Contract Tower,0,21,3,1,25,0,16,18,2,36,0,37,21,3,61,20,0,20,81
01/17/2014,FMN,NM,ASW,WE,Federal Contract Tower,0,16,1,1,18,0,6,25,0,31,0,22,26,1,49,64,0,64,113
01/18/2014,FMN,NM,ASW,WE,Federal Contract Tower,0,12,1,0,13,0,8,41,0,49,0,20,42,0,62,38,0,38,100
01/19/2014,FMN,NM,ASW,WE,Federal Contract Tower,0,8,3,2,13,0,4,35,0,39,0,12,38,2,52,12,0,12,64
01/20/2014,FMN,NM,ASW,WE,Federal Contract Tower,0,16,1,0,17,0,15,25,0,40,0,31,26,0,57,16,0,16,73
01/21/2014,FMN,NM,ASW,WE,Federal Contract Tower,0,17,1,0,18,0,24,11,0,35,0,41,12,0,53,46,0,46,99
01/22/2014,FMN,NM,ASW,WE,Federal Contract Tower,0,18,3,0,21,0,5,18,0,23,0,23,21,0,44,72,0,72,116
01/23/2014,FMN,NM,ASW,WE,Federal Contract Tower,0,29,7,0,36,0,5,8,4,17,0,34,15,4,53,28,0,28,81
01/24/2014,FMN,NM,ASW,WE,Federal Contract Tower,0,17,3,0,20,0,6,17,2,25,0,23,20,2,45,0,0,0,45
01/25/2014,FMN,NM,ASW,WE,Federal Contract Tower,0,15,3,0,18,0,11,30,0,41,0,26,33,0,59,46,0,46,105
01/26/2014,FMN,NM,ASW,WE,Federal Contract Tower,0,12,0,0,12,0,2,21,0,23,0,14,21,0,35,16,0,16,51
01/27/2014,FMN,NM,ASW,WE,Federal Contract Tower,0,12,3,0,15,0,7,33,4,44,0,19,36,4,59,38,20,58,117
01/28/2014,FMN,NM,ASW,WE,Federal Contract Tower,0,12,10,0,22,0,10,13,2,25,0,22,23,2,47,0,16,16,63
01/29/2014,FMN,NM,ASW,WE,Federal Contract Tower,0,17,7,0,24,0,7,8,0,15,0,24,15,0,39,78,0,78,117
01/30/2014,FMN,NM,ASW,WE,Federal Contract Tower,0,16,0,1,17,0,4,9,4,17,0,20,9,5,34,0,30,30,64
01/31/2014,FMN,NM,ASW,WE,Federal Contract Tower,0,19,3,0,22,0,5,4,0,9,0,24,7,0,31,4,0,4,35
02/01/2014,FMN,NM,ASW,WE,Federal Contract Tower,0,16,2,0,18,0,7,22,0,29,0,23,24,0,47,30,0,30,77
02/02/2014,FMN,NM,ASW,WE,Federal Contract Tower,0,12,0,0,12,0,2,16,0,18,0,14,16,0,30,0,0,0,30
02/03/2014,FMN,NM,ASW,WE,Federal Contract Tower,0,14,1,0,15,0,5,15,0,20,0,19,16,0,35,16,0,16,51
02/04/2014,FMN,NM,ASW,WE,Federal Contract Tower,0,32,13,0,45,0,3,11,0,14,0,35,24,0,59,0,0,0,59
02/05/2014,FMN,NM,ASW,WE,Federal Contract Tower,0,23,5,0,28,0,20,7,0,27,0,43,12,0,55,64,0,64,119
02/06/2014,FMN,NM,ASW,WE,Federal Contract Tower,0,20,8,0,28,0,15,5,0,20,0,35,13,0,48,0,0,0,48
02/07/2014,FMN,NM,ASW,WE,Federal Contract Tower,0,20,13,1,34,0,10,6,0,16,0,30,19,1,50,0,0,0,50
02/08/2014,FMN,NM,ASW,WE,Federal Contract Tower,0,12,0,0,12,0,9,32,0,41,0,21,32,0,53,30,0,30,83
02/09/2014,FMN,NM,ASW,WE,Federal Contract Tower,0,11,1,0,12,0,7,21,0,28,0,18,22,0,40,100,0,100,140
02/10/2014,FMN,NM,ASW,WE,Federal Contract Tower,0,21,2,0,23,0,14,14,0,28,0,35,16,0,51,0,0,0,51
02/11/2014,FMN,NM,ASW,WE,Federal Contract Tower,0,24,7,0,31,0,18,28,4,50,0,42,35,4,81,16,16,32,113
02/12/2014,FMN,NM,ASW,WE,Federal Contract Tower,0,17,4,0,21,0,11,41,0,52,0,28,45,0,73,36,0,36,109
02/13/2014,FMN,NM,ASW,WE,Federal Contract Tower,0,20,3,0,23,0,4,25,1,30,0,24,28,1,53,10,12,22,75
02/14/2014,FMN,NM,ASW,WE,Federal Contract Tower,0,23,4,0,27,0,8,23,0,31,0,31,27,0,58,4,0,4,62
02/15/2014,FMN,NM,ASW,WE,Federal Contract Tower,0,8,2,0,10,0,12,39,2,53,0,20,41,2,63,46,0,46,109
02/16/2014,FMN,NM,ASW,WE,Federal Contract Tower,0,7,0,0,7,0,5,17,2,24,0,12,17,2,31,34,4,38,69
02/17/2014,FMN,NM,ASW,WE,Federal Contract Tower,0,18,1,0,19,0,9,42,0,51,0,27,43,0,70,50,0,50,120
02/18/2014,FMN,NM,ASW,WE,Federal Contract Tower,0,17,9,0,26,0,22,37,2,61,0,39,46,2,87,10,0,10,97
02/19/2014,FMN,NM,ASW,WE,Federal Contract Tower,0,16,6,0,22,0,12,14,0,26,0,28,20,0,48,62,0,62,110
02/20/2014,FMN,NM,ASW,WE,Federal Contract Tower,0,16,6,0,22,0,8,14,0,22,0,24,20,0,44,20,0,20,64
02/21/2014,FMN,NM,ASW,WE,Federal Contract Tower,0,18,0,2,20,0,15,9,0,24,0,33,9,2,44,0,0,0,44
02/22/2014,FMN,NM,ASW,WE,Federal Contract Tower,0,11,3,0,14,0,10,40,0,50,0,21,43,0,64,58,0,58,122
02/23/2014,FMN,NM,ASW,WE,Federal Contract Tower,0,11,4,0,15,0,5,27,0,32,0,16,31,0,47,76,0,76,123
02/24/2014,FMN,NM,ASW,WE,Federal Contract Tower,0,19,5,2,26,0,4,32,4,40,0,23,37,6,66,0,26,26,92
02/25/2014,FMN,NM,ASW,WE,Federal Contract Tower,0,18,4,0,22,0,23,19,0,42,0,41,23,0,64,62,0,62,126
02/26/2014,FMN,NM,ASW,WE,Federal Contract Tower,0,15,6,0,21,0,16,40,14,70,0,31,46,14,91,80,8,88,179
02/27/2014,FMN,NM,ASW,WE,Federal Contract Tower,0,23,0,2,25,0,6,20,0,26,0,29,20,2,51,64,0,64,115
02/28/2014,FMN,NM,ASW,WE,Federal Contract Tower,0,26,4,0,30,0,24,17,5,46,0,50,21,5,76,18,0,18,94
03/01/2014,FMN,NM,ASW,WE,Federal Contract Tower,0,16,2,0,18,0,1,4,2,7,0,17,6,2,25,0,0,0,25
03/02/2014,FMN,NM,ASW,WE,Federal Contract Tower,0,9,0,0,9,0,4,14,0,18,0,13,14,0,27,18,0,18,45
03/03/2014,FMN,NM,ASW,WE,Federal Contract Tower,0,11,5,0,16,0,8,37,4,49,0,19,42,4,65,18,4,22,87
03/04/2014,FMN,NM,ASW,WE,Federal Contract Tower,0,16,8,0,24,0,19,34,5,58,0,35,42,5,82,8,0,8,90
03/05/2014,FMN,NM,ASW,WE,Federal Contract Tower,0,17,11,0,28,0,23,31,0,54,0,40,42,0,82,42,0,42,124
03/06/2014,FMN,NM,ASW,WE,Federal Contract Tower,0,15,8,0,23,0,6,14,2,22,0,21,22,2,45,20,0,20,65
03/07/2014,FMN,NM,ASW,WE,Federal Contract Tower,0,18,9,0,27,0,12,14,0,26,0,30,23,0,53,46,0,46,99
03/08/2014,FMN,NM,ASW,WE,Federal Contract Tower,0,15,1,0,16,0,10,51,0,61,0,25,52,0,77,56,0,56,133
03/09/2014,FMN,NM,ASW,WE,Federal Contract Tower,0,9,2,0,11,0,4,29,4,37,0,13,31,4,48,16,0,16,64
03/10/2014,FMN,NM,ASW,WE,Federal Contract Tower,0,12,1,0,13,0,6,44,0,50,0,18,45,0,63,40,0,40,103
03/11/2014,FMN,NM,ASW,WE,Federal Contract Tower,0,20,13,0,33,0,7,28,0,35,0,27,41,0,68,26,0,26,94
03/12/2014,FMN,NM,ASW,WE,Federal Contract Tower,0,23,7,0,30,0,12,28,0,40,0,35,35,0,70,32,0,32,102
03/13/2014,FMN,NM,ASW,WE,Federal Contract Tower,0,18,2,1,21,0,3,16,2,21,0,21,18,3,42,42,0,42,84
03/14/2014,FMN,NM,ASW,WE,Federal Contract Tower,0,20,7,0,27,0,10,35,1,46,0,30,42,1,73,28,0,28,101
03/15/2014,FMN,NM,ASW,WE,Federal Contract Tower,0,4,0,0,4,0,8,14,0,22,0,12,14,0,26,12,0,12,38
03/16/2014,FMN,NM,ASW,WE,Federal Contract Tower,0,9,3,0,12,0,13,46,2,61,0,22,49,2,73,22,0,22,95
03/17/2014,FMN,NM,ASW,WE,Federal Contract Tower,0,15,1,0,16,0,15,22,0,37,0,30,23,0,53,18,0,18,71
03/18/2014,FMN,NM,ASW,WE,Federal Contract Tower,0,12,8,2,22,0,18,16,0,34,0,30,24,2,56,60,0,60,116
03/19/2014,FMN,NM,ASW,WE,Federal Contract Tower,0,16,7,1,24,0,20,56,0,76,0,36,63,1,100,12,6,18,118
03/20/2014,FMN,NM,ASW,WE,Federal Contract Tower,0,14,0,0,14,0,3,20,3,26,0,17,20,3,40,68,0,68,108
03/21/2014,FMN,NM,ASW,WE,Federal Contract Tower,0,19,11,0,30,0,9,29,1,39,0,28,40,1,69,60,0,60,129
03/22/2014,FMN,NM,ASW,WE,Federal Contract Tower,0,5,3,0,8,0,10,30,0,40,0,15,33,0,48,30,0,30,78
03/23/2014,FMN,NM,ASW,WE,Federal Contract Tower,0,7,2,2,11,0,6,28,0,34,0,13,30,2,45,38,0,38,83
03/24/2014,FMN,NM,ASW,WE,Federal Contract Tower,0,13,1,0,14,0,24,29,28,81,0,37,30,28,95,10,28,38,133
03/25/2014,FMN,NM,ASW,WE,Federal Contract Tower,0,14,15,0,29,0,15,53,6,74,0,29,68,6,103,22,12,34,137
03/26/2014,FMN,NM,ASW,WE,Federal Contract Tower,0,11,6,1,18,0,2,21,2,25,0,13,27,3,43,52,18,70,113
03/27/2014,FMN,NM,ASW,WE,Federal Contract Tower,0,21,1,0,22,0,5,17,6,28,0,26,18,6,50,68,0,68,118
03/28/2014,FMN,NM,ASW,WE,Federal Contract Tower,0,14,8,0,22,0,9,29,6,44,0,23,37,6,66,66,0,66,132
03/29/2014,FMN,NM,ASW,WE,Federal Contract Tower,0,6,4,0,10,0,12,35,4,51,0,18,39,4,61,40,0,40,101
03/30/2014,FMN,NM,ASW,WE,Federal Contract Tower,0,7,0,0,7,0,5,19,0,24,0,12,19,0,31,22,0,22,53
03/31/2014,FMN,NM,ASW,WE,Federal Contract Tower,0,23,4,0,27,0,10,29,3,42,0,33,33,3,69,46,20,66,135
04/01/2014,FMN,NM,ASW,WE,Federal Contract Tower,0,16,1,2,19,0,5,7,0,12,0,21,8,2,31,22,6,28,59
04/02/2014,FMN,NM,ASW,WE,Federal Contract Tower,0,26,7,0,33,0,11,14,0,25,0,37,21,0,58,62,0,62,120
04/03/2014,FMN,NM,ASW,WE,Federal Contract Tower,0,12,9,1,22,0,7,9,1,17,0,19,18,2,39,62,12,74,113
04/04/2014,FMN,NM,ASW,WE,Federal Contract Tower,0,16,4,0,20,0,11,19,0,30,0,27,23,0,50,62,0,62,112
04/05/2014,FMN,NM,ASW,WE,Federal Contract Tower,0,10,6,0,16,0,13,26,0,39,0,23,32,0,55,40,0,40,95
04/06/2014,FMN,NM,ASW,WE,Federal Contract Tower,0,10,2,0,12,0,11,13,0,24,0,21,15,0,36,38,0,38,74
04/07/2014,FMN,NM,ASW,WE,Federal Contract Tower,0,18,8,0,26,0,9,21,0,30,0,27,29,0,56,20,0,20,76
04/08/2014,FMN,NM,ASW,WE,Federal Contract Tower,0,14,10,1,25,0,23,34,0,57,0,37,44,1,82,78,0,78,160
04/09/2014,FMN,NM,ASW,WE,Federal Contract Tower,0,22,11,4,37,0,10,31,0,41,0,32,42,4,78,26,0,26,104
04/10/2014,FMN,NM,ASW,WE,Federal Contract Tower,0,27,7,0,34,0,17,21,0,38,0,44,28,0,72,44,0,44,116
04/11/2014,FMN,NM,ASW,WE,Federal Contract Tower,0,9,12,0,21,0,10,12,3,25,0,19,24,3,46,66,0,66,112
04/12/2014,FMN,NM,ASW,WE,Federal Contract Tower,2,12,5,0,19,0,12,28,0,40,2,24,33,0,59,26,0,26,85
04/13/2014,FMN,NM,ASW,WE,Federal Contract Tower,0,6,1,0,7,0,21,9,0,30,0,27,10,0,37,14,0,14,51
04/14/2014,FMN,NM,ASW,WE,Federal Contract Tower,0,21,3,0,24,0,13,23,2,38,0,34,26,2,62,0,30,30,92
04/15/2014,FMN,NM,ASW,WE,Federal Contract Tower,0,17,3,1,21,0,10,26,10,46,0,27,29,11,67,30,4,34,101
04/16/2014,FMN,NM,ASW,WE,Federal Contract Tower,0,14,7,0,21,0,25,53,0,78,0,39,60,0,99,14,0,14,113
04/17/2014,FMN,NM,ASW,WE,Federal Contract Tower,0,17,6,0,23,0,11,27,0,38,0,28,33,0,61,74,0,74,135
04/18/2014,FMN,NM,ASW,WE,Federal Contract Tower,0,21,12,0,33,0,8,26,0,34,0,29,38,0,67,64,0,64,131
04/19/2014,FMN,NM,ASW,WE,Federal Contract Tower,0,7,3,0,10,0,9,36,0,45,0,16,39,0,55,42,0,42,97
04/20/2014,FMN,NM,ASW,WE,Federal Contract Tower,0,8,0,0,8,0,11,20,0,31,0,19,20,0,39,8,0,8,47
04/21/2014,FMN,NM,ASW,WE,Federal Contract Tower,0,14,0,4,18,0,20,29,14,63,0,34,29,18,81,30,0,30,111
04/22/2014,FMN,NM,ASW,WE,Federal Contract Tower,0,20,6,2,28,0,12,21,0,33,0,32,27,2,61,54,0,54,115
04/23/2014,FMN,NM,ASW,WE,Federal Contract Tower,0,12,8,1,21,0,6,22,3,31,0,18,30,4,52,74,0,74,126
04/24/2014,FMN,NM,ASW,WE,Federal Contract Tower,0,13,2,0,15,0,12,38,0,50,0,25,40,0,65,64,0,64,129
04/25/2014,FMN,NM,ASW,WE,Federal Contract Tower,0,18,1,0,19,0,10,18,0,28,0,28,19,0,47,60,0,60,107
04/26/2014,FMN,NM,ASW,WE,Federal Contract Tower,0,7,0,0,7,0,12,10,0,22,0,19,10,0,29,8,0,8,37
04/27/2014,FMN,NM,ASW,WE,Federal Contract Tower,0,6,5,0,11,0,0,8,0,8,0,6,13,0,19,20,0,20,39
04/28/2014,FMN,NM,ASW,WE,Federal Contract Tower,0,18,3,0,21,0,9,21,0,30,0,27,24,0,51,38,0,38,89
04/29/2014,FMN,NM,ASW,WE,Federal Contract Tower,0,15,3,0,18,0,15,28,0,43,0,30,31,0,61,4,0,4,65
04/30/2014,FMN,NM,ASW,WE,Federal Contract Tower,0,16,8,0,24,0,12,41,0,53,0,28,49,0,77,54,0,54,131
05/01/2014,FMN,NM,ASW,WE,Federal Contract Tower,0,0,0,0,0,0,11,43,1,55,0,11,43,1,55,16,8,24,79
05/02/2014,FMN,NM,ASW,WE,Federal Contract Tower,0,21,7,0,28,0,11,29,0,40,0,32,36,0,68,38,0,38,106
05/03/2014,FMN,NM,ASW,WE,Federal Contract Tower,0,6,2,0,8,0,15,29,0,44,0,21,31,0,52,28,0,28,80
05/04/2014,FMN,NM,ASW,WE,Federal Contract Tower,0,16,1,0,17,0,9,31,0,40,0,25,32,0,57,24,0,24,81
05/05/2014,FMN,NM,ASW,WE,Federal Contract Tower,0,19,11,0,30,0,13,29,0,42,0,32,40,0,72,34,0,34,106
05/06/2014,FMN,NM,ASW,WE,Federal Contract Tower,0,12,6,0,18,0,12,20,0,32,0,24,26,0,50,52,0,52,102
05/07/2014,FMN,NM,ASW,WE,Federal Contract Tower,0,16,6,0,22,0,6,18,0,24,0,22,24,0,46,68,0,68,114
05/08/2014,FMN,NM,ASW,WE,Federal Contract Tower,0,16,5,2,23,0,10,14,4,28,0,26,19,6,51,38,22,60,111
05/09/2014,FMN,NM,ASW,WE,Federal Contract Tower,0,20,8,0,28,0,9,31,2,42,0,29,39,2,70,78,8,86,156
05/10/2014,FMN,NM,ASW,WE,Federal Contract Tower,0,10,4,0,14,0,12,29,3,44,0,22,33,3,58,30,0,30,88
05/11/2014,FMN,NM,ASW,WE,Federal Contract Tower,0,10,0,0,10,0,1,7,0,8,0,11,7,0,18,30,0,30,48
05/12/2014,FMN,NM,ASW,WE,Federal Contract Tower,0,26,2,0,28,0,8,30,0,38,0,34,32,0,66,0,0,0,66
05/13/2014,FMN,NM,ASW,WE,Federal Contract Tower,0,21,6,0,27,0,13,15,5,33,0,34,21,5,60,44,0,44,104
05/14/2014,FMN,NM,ASW,WE,Federal Contract Tower,0,12,8,0,20,0,14,27,0,41,0,26,35,0,61,58,0,58,119
05/15/2014,FMN,NM,ASW,WE,Federal Contract Tower,0,16,10,1,27,0,17,21,0,38,0,33,31,1,65,68,0,68,133
05/16/2014,FMN,NM,ASW,WE,Federal Contract Tower,0,14,8,0,22,0,8,25,0,33,0,22,33,0,55,44,0,44,99
05/17/2014,FMN,NM,ASW,WE,Federal Contract Tower,0,5,0,0,5,0,9,36,0,45,0,14,36,0,50,24,0,24,74
05/18/2014,FMN,NM,ASW,WE,Federal Contract Tower,0,6,4,0,10,0,2,11,0,13,0,8,15,0,23,12,0,12,35
05/19/2014,FMN,NM,ASW,WE,Federal Contract Tower,0,15,7,0,22,0,6,28,0,34,0,21,35,0,56,64,0,64,120
05/20/2014,FMN,NM,ASW,WE,Federal Contract Tower,0,15,0,0,15,0,14,25,0,39,0,29,25,0,54,28,0,28,82
05/21/2014,FMN,NM,ASW,WE,Federal Contract Tower,0,19,7,0,26,0,10,37,0,47,0,29,44,0,73,38,0,38,111
05/22/2014,FMN,NM,ASW,WE,Federal Contract Tower,0,16,7,0,23,0,13,27,1,41,0,29,34,1,64,52,4,56,120
05/23/2014,FMN,NM,ASW,WE,Federal Contract Tower,0,17,4,0,21,0,4,15,0,19,0,21,19,0,40,72,0,72,112
05/24/2014,FMN,NM,ASW,WE,Federal Contract Tower,0,5,1,1,7,0,13,20,0,33,0,18,21,1,40,26,0,26,66
05/25/2014,FMN,NM,ASW,WE,Federal Contract Tower,0,9,3,0,12,0,5,3,0,8,0,14,6,0,20,14,0,14,34
05/26/2014,FMN,NM,ASW,WE,Federal Contract Tower,0,10,3,0,13,0,5,40,0,45,0,15,43,0,58,54,0,54,112
05/27/2014,FMN,NM,ASW,WE,Federal Contract Tower,0,11,5,0,16,0,9,32,0,41,0,20,37,0,57,20,0,20,77
05/28/2014,FMN,NM,ASW,WE,Federal Contract Tower,0,16,6,0,22,0,12,40,2,54,0,28,46,2,76,68,12,80,156
05/29/2014,FMN,NM,ASW,WE,Federal Contract Tower,0,18,7,0,25,0,11,23,0,34,0,29,30,0,59,155,0,155,214
05/30/2014,FMN,NM,ASW,WE,Federal Contract Tower,0,12,5,0,17,0,15,34,0,49,0,27,39,0,66,54,0,54,120
05/31/2014,FMN,NM,ASW,WE,Federal Contract Tower,0,11,0,0,11,0,3,33,0,36,0,14,33,0,47,56,0,56,103
06/01/2014,FMN,NM,ASW,WE,Federal Contract Tower,0,9,1,0,10,0,0,37,0,37,0,9,38,0,47,24,0,24,71
06/02/2014,FMN,NM,ASW,WE,Federal Contract Tower,0,20,3,0,23,0,9,27,0,36,0,29,30,0,59,60,0,60,119
06/03/2014,FMN,NM,ASW,WE,Federal Contract Tower,0,11,8,0,19,0,23,22,0,45,0,34,30,0,64,56,0,56,120
06/04/2014,FMN,NM,ASW,WE,Federal Contract Tower,0,16,9,0,25,0,9,26,0,35,0,25,35,0,60,56,0,56,116
06/05/2014,FMN,NM,ASW,WE,Federal Contract Tower,0,19,1,1,21,0,10,26,1,37,0,29,27,2,58,66,0,66,124
06/06/2014,FMN,NM,ASW,WE,Federal Contract Tower,0,18,5,0,23,0,8,21,0,29,0,26,26,0,52,70,0,70,122
06/07/2014,FMN,NM,ASW,WE,Federal Contract Tower,0,5,0,0,5,0,14,25,0,39,0,19,25,0,44,0,0,0,44
06/08/2014,FMN,NM,ASW,WE,Federal Contract Tower,0,12,0,4,16,0,0,10,0,10,0,12,10,4,26,12,0,12,38
06/09/2014,FMN,NM,ASW,WE,Federal Contract Tower,0,18,10,4,32,0,9,25,0,34,0,27,35,4,66,52,0,52,118
06/10/2014,FMN,NM,ASW,WE,Federal Contract Tower,0,19,4,4,27,0,16,46,2,64,0,35,50,6,91,40,0,40,131
06/11/2014,FMN,NM,ASW,WE,Federal Contract Tower,0,13,3,0,16,0,13,30,0,43,0,26,33,0,59,46,0,46,105
06/12/2014,FMN,NM,ASW,WE,Federal Contract Tower,0,14,0,0,14,0,16,27,0,43,0,30,27,0,57,78,0,78,135
06/13/2014,FMN,NM,ASW,WE,Federal Contract Tower,0,13,1,0,14,0,16,31,7,54,0,29,32,7,68,47,0,47,115
06/14/2014,FMN,NM,ASW,WE,Federal Contract Tower,0,6,4,0,10,0,10,16,12,38,0,16,20,12,48,12,4,16,64
06/15/2014,FMN,NM,ASW,WE,Federal Contract Tower,0,12,5,0,17,0,1,23,0,24,0,13,28,0,41,0,0,0,41
06/16/2014,FMN,NM,ASW,WE,Federal Contract Tower,0,22,5,0,27,0,24,32,0,56,0,46,37,0,83,18,0,18,101
06/17/2014,FMN,NM,ASW,WE,Federal Contract Tower,0,17,4,0,21,0,24,16,0,40,0,41,20,0,61,14,0,14,75
06/18/2014,FMN,NM,ASW,WE,Federal Contract Tower,0,12,3,7,22,0,11,23,6,40,0,23,26,13,62,36,24,60,122
06/19/2014,FMN,NM,ASW,WE,Federal Contract Tower,0,16,3,0,19,0,11,33,0,44,0,27,36,0,63,62,0,62,125
06/20/2014,FMN,NM,ASW,WE,Federal Contract Tower,0,26,0,0,26,0,5,20,0,25,0,31,20,0,51,40,0,40,91
06/21/2014,FMN,NM,ASW,WE,Federal Contract Tower,0,7,2,0,9,0,11,36,0,47,0,18,38,0,56,26,0,26,82
06/22/2014,FMN,NM,ASW,WE,Federal Contract Tower,0,5,4,0,9,0,4,26,2,32,0,9,30,2,41,46,0,46,87
06/23/2014,FMN,NM,ASW,WE,Federal Contract Tower,0,14,6,0,20,0,20,42,0,62,0,34,48,0,82,0,0,0,82
06/24/2014,FMN,NM,ASW,WE,Federal Contract Tower,0,19,7,4,30,0,15,56,0,71,0,34,63,4,101,24,0,24,125
06/25/2014,FMN,NM,ASW,WE,Federal Contract Tower,0,12,3,10,25,0,11,29,0,40,0,23,32,10,65,22,0,22,87
06/26/2014,FMN,NM,ASW,WE,Federal Contract Tower,0,13,8,0,21,0,16,26,6,48,0,29,34,6,69,46,0,46,115
06/27/2014,FMN,NM,ASW,WE,Federal Contract Tower,0,17,3,2,22,0,23,21,0,44,0,40,24,2,66,42,0,42,108
06/28/2014,FMN,NM,ASW,WE,Federal Contract Tower,0,4,4,0,8,0,6,38,0,44,0,10,42,0,52,40,0,40,92
06/29/2014,FMN,NM,ASW,WE,Federal Contract Tower,0,8,3,0,11,0,7,24,0,31,0,15,27,0,42,42,0,42,84
06/30/2014,FMN,NM,ASW,WE,Federal Contract Tower,0,9,2,0,11,0,33,16,0,49,0,42,18,0,60,12,0,12,72
07/01/2014,FMN,NM,ASW,WE,Federal Contract Tower,0,14,1,0,15,0,14,33,0,47,0,28,34,0,62,40,0,40,102
07/02/2014,FMN,NM,ASW,WE,Federal Contract Tower,0,21,6,0,27,0,5,8,0,13,0,26,14,0,40,62,0,62,102
07/03/2014,FMN,NM,ASW,WE,Federal Contract Tower,0,19,1,0,20,0,11,25,4,40,0,30,26,4,60,58,8,66,126
07/04/2014,FMN,NM,ASW,WE,Federal Contract Tower,0,5,0,0,5,0,7,29,0,36,0,12,29,0,41,76,0,76,117
07/05/2014,FMN,NM,ASW,WE,Federal Contract Tower,0,9,3,0,12,0,10,31,0,41,0,19,34,0,53,36,0,36,89
07/06/2014,FMN,NM,ASW,WE,Federal Contract Tower,0,9,0,0,9,0,6,25,0,31,0,15,25,0,40,20,0,20,60
07/07/2014,FMN,NM,ASW,WE,Federal Contract Tower,0,12,5,0,17,0,11,30,0,41,0,23,35,0,58,38,0,38,96
07/08/2014,FMN,NM,ASW,WE,Federal Contract Tower,0,16,4,0,20,0,13,30,0,43,0,29,34,0,63,48,0,48,111
07/09/2014,FMN,NM,ASW,WE,Federal Contract Tower,0,17,9,0,26,0,13,50,0,63,0,30,59,0,89,78,0,78,167
07/10/2014,FMN,NM,ASW,WE,Federal Contract Tower,0,9,4,0,13,0,15,20,0,35,0,24,24,0,48,64,0,64,112
07/11/2014,FMN,NM,ASW,WE,Federal Contract Tower,0,9,15,0,24,0,12,28,0,40,0,21,43,0,64,56,0,56,120
07/12/2014,FMN,NM,ASW,WE,Federal Contract Tower,0,9,5,0,14,0,4,27,0,31,0,13,32,0,45,30,0,30,75
07/13/2014,FMN,NM,ASW,WE,Federal Contract Tower,0,7,1,0,8,0,5,24,0,29,0,12,25,0,37,0,0,0,37
07/14/2014,FMN,NM,ASW,WE,Federal Contract Tower,0,19,6,0,25,0,18,42,0,60,0,37,48,0,85,30,0,30,115
07/15/2014,FMN,NM,ASW,WE,Federal Contract Tower,0,21,3,0,24,0,17,31,4,52,0,38,34,4,76,26,0,26,102
07/16/2014,FMN,NM,ASW,WE,Federal Contract Tower,0,20,3,0,23,0,13,31,0,44,0,33,34,0,67,40,0,40,107
07/17/2014,FMN,NM,ASW,WE,Federal Contract Tower,0,14,7,0,21,0,13,33,0,46,0,27,40,0,67,78,0,78,145
07/18/2014,FMN,NM,ASW,WE,Federal Contract Tower,0,22,11,0,33,0,8,27,0,35,0,30,38,0,68,60,0,60,128
07/19/2014,FMN,NM,ASW,WE,Federal Contract Tower,0,5,5,0,10,0,10,29,1,40,0,15,34,1,50,22,0,22,72
07/20/2014,FMN,NM,ASW,WE,Federal Contract Tower,0,8,0,0,8,0,0,20,0,20,0,8,20,0,28,20,0,20,48
07/21/2014,FMN,NM,ASW,WE,Federal Contract Tower,0,14,2,1,17,0,7,30,3,40,0,21,32,4,57,18,42,60,117
07/22/2014,FMN,NM,ASW,WE,Federal Contract Tower,0,20,7,0,27,0,19,25,10,54,0,39,32,10,81,36,14,50,131
07/23/2014,FMN,NM,ASW,WE,Federal Contract Tower,0,21,5,0,26,0,6,20,0,26,0,27,25,0,52,66,0,66,118
07/24/2014,FMN,NM,ASW,WE,Federal Contract Tower,0,17,0,0,17,0,39,13,0,52,0,56,13,0,69,58,0,58,127
07/25/2014,FMN,NM,ASW,WE,Federal Contract Tower,0,23,2,0,25,0,18,34,10,62,0,41,36,10,87,56,0,56,143
07/26/2014,FMN,NM,ASW,WE,Federal Contract Tower,0,4,9,0,13,0,3,28,0,31,0,7,37,0,44,36,0,36,80
07/27/2014,FMN,NM,ASW,WE,Federal Contract Tower,0,10,0,0,10,0,2,15,0,17,0,12,15,0,27,38,0,38,65
07/28/2014,FMN,NM,ASW,WE,Federal Contract Tower,0,19,7,0,26,0,2,26,0,28,0,21,33,0,54,24,0,24,78
07/29/2014,FMN,NM,ASW,WE,Federal Contract Tower,0,16,6,0,22,0,10,21,3,34,0,26,27,3,56,24,32,56,112
07/30/2014,FMN,NM,ASW,WE,Federal Contract Tower,0,19,16,0,35,0,8,41,0,49,0,27,57,0,84,26,0,26,110
07/31/2014,FMN,NM,ASW,WE,Federal Contract Tower,0,18,5,0,23,0,44,27,1,72,0,62,32,1,95,34,0,34,129
08/01/2014,FMN,NM,ASW,WE,Federal Contract Tower,0,17,8,3,28,0,9,31,0,40,0,26,39,3,68,44,18,62,130
08/02/2014,FMN,NM,ASW,WE,Federal Contract Tower,0,7,6,0,13,0,6,28,0,34,0,13,34,0,47,46,0,46,93
08/03/2014,FMN,NM,ASW,WE,Federal Contract Tower,0,8,5,1,14,0,2,27,3,32,0,10,32,4,46,44,0,44,90
08/04/2014,FMN,NM,ASW,WE,Federal Contract Tower,0,13,5,0,18,0,4,42,0,46,0,17,47,0,64,74,0,74,138
08/05/2014,FMN,NM,ASW,WE,Federal Contract Tower,0,12,9,0,21,0,14,40,0,54,0,26,49,0,75,32,0,32,107
08/06/2014,FMN,NM,ASW,WE,Federal Contract Tower,0,13,16,0,29,0,5,48,1,54,0,18,64,1,83,92,25,117,200
08/07/2014,FMN,NM,ASW,WE,Federal Contract Tower,0,16,11,0,27,0,12,31,0,43,0,28,42,0,70,40,0,40,110
08/08/2014,FMN,NM,ASW,WE,Federal Contract Tower,0,22,9,0,31,0,8,34,2,44,0,30,43,2,75,42,8,50,125
08/09/2014,FMN,NM,ASW,WE,Federal Contract Tower,0,7,0,0,7,0,9,23,0,32,0,16,23,0,39,36,0,36,75
08/10/2014,FMN,NM,ASW,WE,Federal Contract Tower,0,7,4,0,11,0,4,24,1,29,0,11,28,1,40,0,0,0,40
08/11/2014,FMN,NM,ASW,WE,Federal Contract Tower,0,10,5,0,15,0,7,32,6,45,0,17,37,6,60,32,30,62,122
08/12/2014,FMN,NM,ASW,WE,Federal Contract Tower,0,18,5,0,23,0,17,21,0,38,0,35,26,0,61,34,0,34,95
08/13/2014,FMN,NM,ASW,WE,Federal Contract Tower,0,12,12,1,25,0,24,12,0,36,0,36,24,1,61,62,0,62,123
08/14/2014,FMN,NM,ASW,WE,Federal Contract Tower,0,14,4,1,19,0,12,12,0,24,0,26,16,1,43,58,0,58,101
08/15/2014,FMN,NM,ASW,WE,Federal Contract Tower,0,18,5,0,23,0,8,36,0,44,0,26,41,0,67,68,0,68,135
08/16/2014,FMN,NM,ASW,WE,Federal Contract Tower,0,6,4,0,10,0,4,33,0,37,0,10,37,0,47,34,0,34,81
08/17/2014,FMN,NM,ASW,WE,Federal Contract Tower,0,10,0,0,10,0,1,14,0,15,0,11,14,0,25,44,0,44,69
08/18/2014,FMN,NM,ASW,WE,Federal Contract Tower,0,22,5,10,37,0,15,29,2,46,0,37,34,12,83,26,0,26,109
08/19/2014,FMN,NM,ASW,WE,Federal Contract Tower,0,18,3,0,21,0,27,12,0,39,0,45,15,0,60,22,0,22,82
08/20/2014,FMN,NM,ASW,WE,Federal Contract Tower,0,21,3,1,25,0,6,24,1,31,0,27,27,2,56,56,0,56,112
08/21/2014,FMN,NM,ASW,WE,Federal Contract Tower,0,19,5,1,25,0,17,21,1,39,0,36,26,2,64,44,14,58,122
08/22/2014,FMN,NM,ASW,WE,Federal Contract Tower,0,12,1,0,13,0,3,19,2,24,0,15,20,2,37,50,0,50,87
08/23/2014,FMN,NM,ASW,WE,Federal Contract Tower,0,8,5,0,13,0,6,28,1,35,0,14,33,1,48,52,0,52,100
08/24/2014,FMN,NM,ASW,WE,Federal Contract Tower,0,11,2,0,13,0,15,30,0,45,0,26,32,0,58,70,0,70,128
08/25/2014,FMN,NM,ASW,WE,Federal Contract Tower,0,15,5,0,20,0,8,37,0,45,0,23,42,0,65,66,0,66,131
08/26/2014,FMN,NM,ASW,WE,Federal Contract Tower,0,13,6,0,19,0,7,22,0,29,0,20,28,0,48,64,0,64,112
08/27/2014,FMN,NM,ASW,WE,Federal Contract Tower,0,14,15,0,29,0,11,36,2,49,0,25,51,2,78,18,2,20,98
08/28/2014,FMN,NM,ASW,WE,Federal Contract Tower,0,23,13,0,36,0,8,39,0,47,0,31,52,0,83,64,0,64,147
08/29/2014,FMN,NM,ASW,WE,Federal Contract Tower,0,12,14,2,28,0,6,31,5,42,0,18,45,7,70,76,0,76,146
08/30/2014,FMN,NM,ASW,WE,Federal Contract Tower,0,10,3,0,13,0,10,40,0,50,0,20,43,0,63,22,0,22,85
08/31/2014,FMN,NM,ASW,WE,Federal Contract Tower,0,14,3,0,17,0,10,22,0,32,0,24,25,0,49,12,0,12,61
09/01/2014,FMN,NM,ASW,WE,Federal Contract Tower,0,12,5,0,17,0,7,68,0,75,0,19,73,0,92,38,0,38,130
09/02/2014,FMN,NM,ASW,WE,Federal Contract Tower,0,15,5,0,20,0,11,35,2,48,0,26,40,2,68,30,14,44,112
09/03/2014,FMN,NM,ASW,WE,Federal Contract Tower,0,15,8,2,25,0,10,14,0,24,0,25,22,2,49,52,0,52,101
09/04/2014,FMN,NM,ASW,WE,Federal Contract Tower,0,21,1,0,22,0,21,26,0,47,0,42,27,0,69,56,0,56,125
09/05/2014,FMN,NM,ASW,WE,Federal Contract Tower,0,15,10,0,25,0,10,32,1,43,0,25,42,1,68,80,0,80,148
09/06/2014,FMN,NM,ASW,WE,Federal Contract Tower,0,8,4,0,12,0,6,61,0,67,0,14,65,0,79,10,0,10,89
09/07/2014,FMN,NM,ASW,WE,Federal Contract Tower,0,10,2,4,16,0,2,20,0,22,0,12,22,4,38,20,16,36,74
09/08/2014,FMN,NM,ASW,WE,Federal Contract Tower,0,14,4,0,18,0,16,39,0,55,0,30,43,0,73,26,0,26,99
09/09/2014,FMN,NM,ASW,WE,Federal Contract Tower,0,14,6,0,20,0,8,20,0,28,0,22,26,0,48,50,0,50,98
09/10/2014,FMN,NM,ASW,WE,Federal Contract Tower,0,14,8,0,22,0,1,23,0,24,0,15,31,0,46,101,0,101,147
09/11/2014,FMN,NM,ASW,WE,Federal Contract Tower,0,15,7,0,22,0,10,34,2,46,0,25,41,2,68,98,24,122,190
09/12/2014,FMN,NM,ASW,WE,Federal Contract Tower,0,23,4,0,27,0,8,28,0,36,0,31,32,0,63,54,0,54,117
09/13/2014,FMN,NM,ASW,WE,Federal Contract Tower,0,9,5,0,14,0,10,36,0,46,0,19,41,0,60,152,0,152,212
09/14/2014,FMN,NM,ASW,WE,Federal Contract Tower,0,5,2,0,7,0,4,19,0,23,0,9,21,0,30,86,0,86,116
09/15/2014,FMN,NM,ASW,WE,Federal Contract Tower,0,15,4,0,19,0,5,42,0,47,0,20,46,0,66,40,0,40,106
09/16/2014,FMN,NM,ASW,WE,Federal Contract Tower,0,12,10,0,22,0,15,39,0,54,0,27,49,0,76,0,0,0,76
09/17/2014,FMN,NM,ASW,WE,Federal Contract Tower,0,15,6,0,21,0,8,30,2,40,0,23,36,2,61,56,0,56,117
09/18/2014,FMN,NM,ASW,WE,Federal Contract Tower,0,12,6,0,18,0,12,29,1,42,0,24,35,1,60,62,0,62,122
09/19/2014,FMN,NM,ASW,WE,Federal Contract Tower,0,10,9,2,21,0,11,33,3,47,0,21,42,5,68,62,0,62,130
09/20/2014,FMN,NM,ASW,WE,Federal Contract Tower,0,6,1,0,7,0,3,32,0,35,0,9,33,0,42,52,0,52,94
09/21/2014,FMN,NM,ASW,WE,Federal Contract Tower,0,12,2,0,14,0,16,15,0,31,0,28,17,0,45,22,0,22,67
09/22/2014,FMN,NM,ASW,WE,Federal Contract Tower,0,15,5,0,20,0,11,34,0,45,0,26,39,0,65,36,0,36,101
09/23/2014,FMN,NM,ASW,WE,Federal Contract Tower,0,13,11,0,24,0,3,34,2,39,0,16,45,2,63,38,4,42,105
09/24/2014,FMN,NM,ASW,WE,Federal Contract Tower,0,12,16,0,28,0,3,42,0,45,0,15,58,0,73,46,0,46,119
09/25/2014,FMN,NM,ASW,WE,Federal Contract Tower,0,20,3,0,23,0,17,26,2,45,0,37,29,2,68,34,12,46,114
09/26/2014,FMN,NM,ASW,WE,Federal Contract Tower,0,16,2,0,18,0,12,26,0,38,0,28,28,0,56,54,0,54,110
09/27/2014,FMN,NM,ASW,WE,Federal Contract Tower,0,0,0,0,0,0,5,0,0,5,0,5,0,0,5,0,0,0,5
09/28/2014,FMN,NM,ASW,WE,Federal Contract Tower,0,13,9,0,22,0,1,13,0,14,0,14,22,0,36,0,0,0,36
09/29/2014,FMN,NM,ASW,WE,Federal Contract Tower,0,20,3,0,23,0,20,10,0,30,0,40,13,0,53,0,0,0,53
09/30/2014,FMN,NM,ASW,WE,Federal Contract Tower,0,16,3,0,19,0,16,35,1,52,0,32,38,1,71,60,0,60,131
10/01/2014,FMN,NM,ASW,WE,Federal Contract Tower,0,15,12,1,28,0,9,34,0,43,0,24,46,1,71,66,4,70,141
10/02/2014,FMN,NM,ASW,WE,Federal Contract Tower,0,13,7,0,20,0,16,19,0,35,0,29,26,0,55,54,0,54,109
10/03/2014,FMN,NM,ASW,WE,Federal Contract Tower,0,20,14,0,34,0,13,36,2,51,0,33,50,2,85,46,0,46,131
10/04/2014,FMN,NM,ASW,WE,Federal Contract Tower,0,15,4,0,19,0,1,50,0,51,0,16,54,0,70,24,0,24,94
10/05/2014,FMN,NM,ASW,WE,Federal Contract Tower,0,8,3,0,11,0,4,36,0,40,0,12,39,0,51,0,0,0,51
10/06/2014,FMN,NM,ASW,WE,Federal Contract Tower,0,17,13,2,32,0,11,45,0,56,0,28,58,2,88,24,0,24,112
10/07/2014,FMN,NM,ASW,WE,Federal Contract Tower,0,12,10,0,22,0,11,25,0,36,0,23,35,0,58,0,0,0,58
10/08/2014,FMN,NM,ASW,WE,Federal Contract Tower,0,12,6,0,18,0,5,18,0,23,0,17,24,0,41,68,0,68,109
10/09/2014,FMN,NM,ASW,WE,Federal Contract Tower,0,15,2,0,17,0,2,9,0,11,0,17,11,0,28,92,0,92,120
10/10/2014,FMN,NM,ASW,WE,Federal Contract Tower,0,38,7,0,45,0,6,17,0,23,0,44,24,0,68,48,0,48,116
10/11/2014,FMN,NM,ASW,WE,Federal Contract Tower,0,4,5,0,9,0,8,31,2,41,0,12,36,2,50,50,0,50,100
10/12/2014,FMN,NM,ASW,WE,Federal Contract Tower,0,7,1,0,8,0,4,21,0,25,0,11,22,0,33,0,0,0,33
10/13/2014,FMN,NM,ASW,WE,Federal Contract Tower,0,10,6,0,16,0,6,39,0,45,0,16,45,0,61,46,0,46,107
10/14/2014,FMN,NM,ASW,WE,Federal Contract Tower,0,14,11,0,25,0,12,53,0,65,0,26,64,0,90,46,0,46,136
10/15/2014,FMN,NM,ASW,WE,Federal Contract Tower,0,14,10,0,24,0,5,20,0,25,0,19,30,0,49,70,0,70,119
10/16/2014,FMN,NM,ASW,WE,Federal Contract Tower,0,11,6,0,17,0,7,21,0,28,0,18,27,0,45,78,0,78,123
10/17/2014,FMN,NM,ASW,WE,Federal Contract Tower,0,18,4,0,22,0,10,39,0,49,0,28,43,0,71,88,0,88,159
10/18/2014,FMN,NM,ASW,WE,Federal Contract Tower,0,11,7,0,18,0,10,45,0,55,0,21,52,0,73,40,0,40,113
10/19/2014,FMN,NM,ASW,WE,Federal Contract Tower,0,11,6,0,17,0,4,22,0,26,0,15,28,0,43,22,0,22,65
10/20/2014,FMN,NM,ASW,WE,Federal Contract Tower,0,17,9,0,26,0,8,33,0,41,0,25,42,0,67,26,0,26,93
10/21/2014,FMN,NM,ASW,WE,Federal Contract Tower,0,12,6,1,19,0,9,30,0,39,0,21,36,1,58,22,0,22,80
10/22/2014,FMN,NM,ASW,WE,Federal Contract Tower,0,17,9,0,26,0,10,22,0,32,0,27,31,0,58,44,0,44,102
10/23/2014,FMN,NM,ASW,WE,Federal Contract Tower,0,12,4,0,16,0,11,30,3,44,0,23,34,3,60,70,12,82,142
10/24/2014,FMN,NM,ASW,WE,Federal Contract Tower,0,16,8,0,24,0,2,41,1,44,0,18,49,1,68,76,0,76,144
10/25/2014,FMN,NM,ASW,WE,Federal Contract Tower,0,7,4,0,11,0,4,40,0,44,0,11,44,0,55,28,0,28,83
10/26/2014,FMN,NM,ASW,WE,Federal Contract Tower,0,10,1,0,11,0,4,26,1,31,0,14,27,1,42,58,0,58,100
10/27/2014,FMN,NM,ASW,WE,Federal Contract Tower,0,10,3,4,17,0,14,35,1,50,0,24,38,5,67,38,36,74,141
10/28/2014,FMN,NM,ASW,WE,Federal Contract Tower,0,12,12,1,25,0,6,35,13,54,0,18,47,14,79,52,54,106,185
10/29/2014,FMN,NM,ASW,WE,Federal Contract Tower,0,14,6,0,20,0,35,26,4,65,0,49,32,4,85,42,8,50,135
10/30/2014,FMN,NM,ASW,WE,Federal Contract Tower,0,18,5,0,23,0,8,28,4,40,0,26,33,4,63,74,0,74,137
10/31/2014,FMN,NM,ASW,WE,Federal Contract Tower,0,21,10,2,33,0,17,31,1,49,0,38,41,3,82,32,48,80,162
11/01/2014,FMN,NM,ASW,WE,Federal Contract Tower,0,6,5,0,11,0,5,23,0,28,0,11,28,0,39,12,0,12,51
11/02/2014,FMN,NM,ASW,WE,Federal Contract Tower,0,7,7,0,14,0,0,4,1,5,0,7,11,1,19,0,22,22,41
11/03/2014,FMN,NM,ASW,WE,Federal Contract Tower,0,8,14,0,22,0,12,36,0,48,0,20,50,0,70,56,0,56,126
11/04/2014,FMN,NM,ASW,WE,Federal Contract Tower,0,9,7,0,16,0,9,47,0,56,0,18,54,0,72,50,0,50,122
11/05/2014,FMN,NM,ASW,WE,Federal Contract Tower,0,9,9,0,18,0,38,41,19,98,0,47,50,19,116,68,6,74,190
11/06/2014,FMN,NM,ASW,WE,Federal Contract Tower,0,10,10,0,20,0,8,26,4,38,0,18,36,4,58,74,0,74,132
11/07/2014,FMN,NM,ASW,WE,Federal Contract Tower,0,15,13,0,28,0,9,31,0,40,0,24,44,0,68,66,0,66,134
11/08/2014,FMN,NM,ASW,WE,Federal Contract Tower,0,5,6,0,11,0,4,26,4,34,0,9,32,4,45,32,0,32,77
11/09/2014,FMN,NM,ASW,WE,Federal Contract Tower,0,8,0,0,8,0,8,23,0,31,0,16,23,0,39,36,0,36,75
11/10/2014,FMN,NM,ASW,WE,Federal Contract Tower,0,12,6,0,18,0,10,17,0,27,0,22,23,0,45,48,0,48,93
11/11/2014,FMN,NM,ASW,WE,Federal Contract Tower,0,16,10,0,26,0,30,41,0,71,0,46,51,0,97,26,0,26,123
11/12/2014,FMN,NM,ASW,WE,Federal Contract Tower,0,14,11,0,25,0,3,21,8,32,0,17,32,8,57,40,24,64,121
11/13/2014,FMN,NM,ASW,WE,Federal Contract Tower,0,12,8,0,20,0,6,29,6,41,0,18,37,6,61,24,0,24,85
11/14/2014,FMN,NM,ASW,WE,Federal Contract Tower,0,14,0,0,14,0,4,9,0,13,0,18,9,0,27,10,0,10,37
11/15/2014,FMN,NM,ASW,WE,Federal Contract Tower,0,7,4,0,11,0,5,15,0,20,0,12,19,0,31,24,0,24,55
11/16/2014,FMN,NM,ASW,WE,Federal Contract Tower,0,6,2,4,12,0,3,2,0,5,0,9,4,4,17,0,0,0,17
11/17/2014,FMN,NM,ASW,WE,Federal Contract Tower,0,15,6,0,21,0,14,43,0,57,0,29,49,0,78,14,0,14,92
11/18/2014,FMN,NM,ASW,WE,Federal Contract Tower,0,23,2,0,25,0,14,51,0,65,0,37,53,0,90,18,0,18,108
11/19/2014,FMN,NM,ASW,WE,Federal Contract Tower,0,12,9,0,21,0,8,34,0,42,0,20,43,0,63,54,0,54,117
11/20/2014,FMN,NM,ASW,WE,Federal Contract Tower,0,22,12,0,34,0,8,13,0,21,0,30,25,0,55,32,0,32,87
11/21/2014,FMN,NM,ASW,WE,Federal Contract Tower,0,20,6,0,26,0,9,32,0,41,0,29,38,0,67,70,0,70,137
11/22/2014,FMN,NM,ASW,WE,Federal Contract Tower,0,5,2,0,7,0,5,47,0,52,0,10,49,0,59,42,0,42,101
11/23/2014,FMN,NM,ASW,WE,Federal Contract Tower,0,6,4,0,10,0,4,6,0,10,0,10,10,0,20,0,0,0,20
11/24/2014,FMN,NM,ASW,WE,Federal Contract Tower,0,11,7,0,18,0,3,16,0,19,0,14,23,0,37,8,0,8,45
11/25/2014,FMN,NM,ASW,WE,Federal Contract Tower,0,15,3,0,18,0,8,30,0,38,0,23,33,0,56,10,0,10,66
11/26/2014,FMN,NM,ASW,WE,Federal Contract Tower,0,14,8,0,22,0,10,32,0,42,0,24,40,0,64,38,0,38,102
11/27/2014,FMN,NM,ASW,WE,Federal Contract Tower,0,4,0,0,4,0,2,14,0,16,0,6,14,0,20,6,0,6,26
11/28/2014,FMN,NM,ASW,WE,Federal Contract Tower,0,13,1,0,14,0,0,27,0,27,0,13,28,0,41,60,0,60,101
11/29/2014,FMN,NM,ASW,WE,Federal Contract Tower,0,8,4,0,12,0,4,43,0,47,0,12,47,0,59,42,0,42,101
11/30/2014,FMN,NM,ASW,WE,Federal Contract Tower,0,10,6,0,16,0,0,24,0,24,0,10,30,0,40,16,0,16,56
12/01/2014,FMN,NM,ASW,WE,Federal Contract Tower,0,16,4,0,20,0,4,13,0,17,0,20,17,0,37,14,0,14,51
12/02/2014,FMN,NM,ASW,WE,Federal Contract Tower,0,13,4,1,18,0,2,34,1,37,0,15,38,2,55,54,2,56,111
12/03/2014,FMN,NM,ASW,WE,Federal Contract Tower,0,14,2,0,16,0,4,15,0,19,0,18,17,0,35,74,0,74,109
12/04/2014,FMN,NM,ASW,WE,Federal Contract Tower,0,18,5,0,23,0,4,1,0,5,0,22,6,0,28,8,0,8,36
12/05/2014,FMN,NM,ASW,WE,Federal Contract Tower,0,33,1,0,34,0,6,10,0,16,0,39,11,0,50,40,0,40,90
12/06/2014,FMN,NM,ASW,WE,Federal Contract Tower,0,8,3,0,11,0,8,26,0,34,0,16,29,0,45,28,0,28,73
12/07/2014,FMN,NM,ASW,WE,Federal Contract Tower,0,11,7,0,18,0,2,30,0,32,0,13,37,0,50,16,0,16,66
12/08/2014,FMN,NM,ASW,WE,Federal Contract Tower,0,15,5,0,20,0,16,28,2,46,0,31,33,2,66,24,0,24,90
12/09/2014,FMN,NM,ASW,WE,Federal Contract Tower,0,12,11,0,23,0,4,45,0,49,0,16,56,0,72,38,0,38,110
12/10/2014,FMN,NM,ASW,WE,Federal Contract Tower,0,15,11,8,34,0,3,17,1,21,0,18,28,9,55,40,0,40,95
12/11/2014,FMN,NM,ASW,WE,Federal Contract Tower,0,18,6,0,24,0,4,12,0,16,0,22,18,0,40,0,0,0,40
12/12/2014,FMN,NM,ASW,WE,Federal Contract Tower,0,15,18,0,33,0,3,41,0,44,0,18,59,0,77,54,0,54,131
12/13/2014,FMN,NM,ASW,WE,Federal Contract Tower,0,15,4,0,19,0,2,0,1,3,0,17,4,1,22,0,0,0,22
12/14/2014,FMN,NM,ASW,WE,Federal Contract Tower,0,6,1,0,7,0,0,1,0,1,0,6,2,0,8,0,0,0,8
12/15/2014,FMN,NM,ASW,WE,Federal Contract Tower,0,17,6,0,23,0,1,41,3,45,0,18,47,3,68,0,0,0,68
12/16/2014,FMN,NM,ASW,WE,Federal Contract Tower,0,17,8,0,25,0,5,33,0,38,0,22,41,0,63,0,0,0,63
12/17/2014,FMN,NM,ASW,WE,Federal Contract Tower,0,24,14,2,40,0,6,1,0,7,0,30,15,2,47,0,0,0,47
12/18/2014,FMN,NM,ASW,WE,Federal Contract Tower,0,19,3,2,24,0,1,3,12,16,0,20,6,14,40,0,0,0,40
12/19/2014,FMN,NM,ASW,WE,Federal Contract Tower,0,21,11,0,32,0,6,19,0,25,0,27,30,0,57,50,0,50,107
12/20/2014,FMN,NM,ASW,WE,Federal Contract Tower,0,9,0,0,9,0,7,28,0,35,0,16,28,0,44,18,0,18,62
12/21/2014,FMN,NM,ASW,WE,Federal Contract Tower,0,7,1,0,8,0,4,11,3,18,0,11,12,3,26,0,0,0,26
12/22/2014,FMN,NM,ASW,WE,Federal Contract Tower,0,16,9,0,25,0,0,5,3,8,0,16,14,3,33,0,0,0,33
12/23/2014,FMN,NM,ASW,WE,Federal Contract Tower,0,15,5,0,20,0,7,17,0,24,0,22,22,0,44,4,0,4,48
12/24/2014,FMN,NM,ASW,WE,Federal Contract Tower,0,13,1,0,14,0,11,30,4,45,0,24,31,4,59,66,0,66,125
12/25/2014,FMN,NM,ASW,WE,Federal Contract Tower,0,8,0,0,8,0,4,0,0,4,0,12,0,0,12,0,0,0,12
12/26/2014,FMN,NM,ASW,WE,Federal Contract Tower,0,13,1,0,14,0,4,0,0,4,0,17,1,0,18,0,0,0,18
12/27/2014,FMN,NM,ASW,WE,Federal Contract Tower,0,11,3,0,14,0,7,13,0,20,0,18,16,0,34,14,0,14,48
12/28/2014,FMN,NM,ASW,WE,Federal Contract Tower,0,13,5,0,18,0,2,18,0,20,0,15,23,0,38,26,0,26,64
12/29/2014,FMN,NM,ASW,WE,Federal Contract Tower,0,16,6,2,24,0,9,18,1,28,0,25,24,3,52,58,0,58,110
12/30/2014,FMN,NM,ASW,WE,Federal Contract Tower,0,8,3,0,11,0,6,6,4,16,0,14,9,4,27,0,16,16,43
12/31/2014,FMN,NM,ASW,WE,Federal Contract Tower,0,8,2,0,10,0,8,8,0,16,0,16,10,0,26,0,0,0,26
01/01/2015,FMN,NM,ASW,WE,Federal Contract Tower,0,5,0,0,5,0,0,0,0,0,0,5,0,0,5,0,0,0,5
01/02/2015,FMN,NM,ASW,WE,Federal Contract Tower,0,21,2,0,23,0,0,1,0,1,0,21,3,0,24,0,0,0,24
01/03/2015,FMN,NM,ASW,WE,Federal Contract Tower,0,10,1,0,11,0,3,24,0,27,0,13,25,0,38,38,0,38,76
01/04/2015,FMN,NM,ASW,WE,Federal Contract Tower,0,7,5,0,12,0,0,19,0,19,0,7,24,0,31,42,0,42,73
01/05/2015,FMN,NM,ASW,WE,Federal Contract Tower,0,11,9,0,20,0,7,23,0,30,0,18,32,0,50,46,0,46,96
01/06/2015,FMN,NM,ASW,WE,Federal Contract Tower,0,12,7,0,19,0,4,27,5,36,0,16,34,5,55,0,30,30,85
01/07/2015,FMN,NM,ASW,WE,Federal Contract Tower,0,12,12,0,24,0,3,14,2,19,0,15,26,2,43,61,0,61,104
01/08/2015,FMN,NM,ASW,WE,Federal Contract Tower,0,12,2,0,14,0,9,15,0,24,0,21,17,0,38,0,0,0,38
01/09/2015,FMN,NM,ASW,WE,Federal Contract Tower,0,20,2,0,22,0,10,12,4,26,0,30,14,4,48,44,44,88,136
01/10/2015,FMN,NM,ASW,WE,Federal Contract Tower,0,5,5,0,10,0,2,29,0,31,0,7,34,0,41,34,0,34,75
01/11/2015,FMN,NM,ASW,WE,Federal Contract Tower,0,12,3,0,15,0,2,2,0,4,0,14,5,0,19,0,0,0,19
01/12/2015,FMN,NM,ASW,WE,Federal Contract Tower,0,13,6,0,19,0,1,5,0,6,0,14,11,0,25,26,0,26,51
01/13/2015,FMN,NM,ASW,WE,Federal Contract Tower,0,26,7,0,33,0,0,0,0,0,0,26,7,0,33,0,0,0,33
01/14/2015,FMN,NM,ASW,WE,Federal Contract Tower,0,12,16,4,32,0,2,16,0,18,0,14,32,4,50,48,0,48,98
01/15/2015,FMN,NM,ASW,WE,Federal Contract Tower,0,17,13,0,30,5,4,11,0,20,5,21,24,0,50,24,0,24,74
01/16/2015,FMN,NM,ASW,WE,Federal Contract Tower,0,12,17,2,31,0,0,2,0,2,0,12,19,2,33,0,0,0,33
01/17/2015,FMN,NM,ASW,WE,Federal Contract Tower,0,14,2,2,18,0,3,3,0,6,0,17,5,2,24,0,0,0,24
01/18/2015,FMN,NM,ASW,WE,Federal Contract Tower,0,7,4,0,11,0,5,19,0,24,0,12,23,0,35,18,0,18,53
01/19/2015,FMN,NM,ASW,WE,Federal Contract Tower,0,13,3,0,16,0,1,30,0,31,0,14,33,0,47,16,0,16,63
01/20/2015,FMN,NM,ASW,WE,Federal Contract Tower,0,12,12,0,24,0,2,25,5,32,0,14,37,5,56,36,26,62,118
01/21/2015,FMN,NM,ASW,WE,Federal Contract Tower,0,14,6,2,22,0,1,7,0,8,0,15,13,2,30,34,0,34,64
01/22/2015,FMN,NM,ASW,WE,Federal Contract Tower,0,21,18,0,39,0,5,19,0,24,0,26,37,0,63,27,0,27,90
01/23/2015,FMN,NM,ASW,WE,Federal Contract Tower,0,19,4,2,25,0,8,22,0,30,0,27,26,2,55,38,0,38,93
01/24/2015,FMN,NM,ASW,WE,Federal Contract Tower,2,7,3,0,12,0,6,43,0,49,2,13,46,0,61,42,0,42,103
01/25/2015,FMN,NM,ASW,WE,Federal Contract Tower,0,4,1,0,5,0,6,39,0,45,0,10,40,0,50,18,0,18,68
01/26/2015,FMN,NM,ASW,WE,Federal Contract Tower,0,18,13,4,35,0,6,26,0,32,0,24,39,4,67,54,2,56,123
01/27/2015,FMN,NM,ASW,WE,Federal Contract Tower,0,23,21,4,48,0,5,36,1,42,0,28,57,5,90,18,6,24,114
01/28/2015,FMN,NM,ASW,WE,Federal Contract Tower,0,20,2,0,22,0,6,26,0,32,0,26,28,0,54,42,0,42,96
01/29/2015,FMN,NM,ASW,WE,Federal Contract Tower,0,21,0,0,21,0,9,0,0,9,0,30,0,0,30,0,0,0,30
01/30/2015,FMN,NM,ASW,WE,Federal Contract Tower,0,11,2,0,13,0,0,0,0,0,0,11,2,0,13,0,0,0,13
01/31/2015,FMN,NM,ASW,WE,Federal Contract Tower,0,12,2,0,14,0,0,0,0,0,0,12,2,0,14,0,0,0,14
02/01/2015,FMN,NM,ASW,WE,Federal Contract Tower,0,3,3,0,6,0,0,7,0,7,0,3,10,0,13,4,0,4,17
02/02/2015,FMN,NM,ASW,WE,Federal Contract Tower,0,10,4,6,20,0,7,25,2,34,0,17,29,8,54,30,0,30,84
02/03/2015,FMN,NM,ASW,WE,Federal Contract Tower,0,12,13,0,25,0,6,28,0,34,0,18,41,0,59,62,0,62,121
02/04/2015,FMN,NM,ASW,WE,Federal Contract Tower,0,13,4,4,21,0,26,25,2,53,0,39,29,6,74,12,20,32,106
02/05/2015,FMN,NM,ASW,WE,Federal Contract Tower,0,22,1,0,23,0,18,13,0,31,0,40,14,0,54,62,0,62,116
02/06/2015,FMN,NM,ASW,WE,Federal Contract Tower,0,16,14,0,30,0,3,41,0,44,0,19,55,0,74,34,0,34,108
02/07/2015,FMN,NM,ASW,WE,Federal Contract Tower,0,12,6,2,20,0,7,18,0,25,0,19,24,2,45,4,0,4,49
02/08/2015,FMN,NM,ASW,WE,Federal Contract Tower,0,18,3,0,21,0,4,18,10,32,0,22,21,10,53,16,48,64,117
02/09/2015,FMN,NM,ASW,WE,Federal Contract Tower,0,18,2,0,20,0,1,21,2,24,0,19,23,2,44,22,0,22,66
02/10/2015,FMN,NM,ASW,WE,Federal Contract Tower,0,17,11,0,28,0,12,24,0,36,0,29,35,0,64,20,0,20,84
02/11/2015,FMN,NM,ASW,WE,Federal Contract Tower,0,10,9,0,19,0,8,17,0,25,0,18,26,0,44,60,0,60,104
02/12/2015,FMN,NM,ASW,WE,Federal Contract Tower,0,15,7,0,22,0,9,18,0,27,0,24,25,0,49,60,0,60,109
02/13/2015,FMN,NM,ASW,WE,Federal Contract Tower,0,21,10,0,31,0,13,51,0,64,0,34,61,0,95,82,0,82,177
02/14/2015,FMN,NM,ASW,WE,Federal Contract Tower,0,6,4,1,11,0,5,42,1,48,0,11,46,2,59,36,0,36,95
02/15/2015,FMN,NM,ASW,WE,Federal Contract Tower,0,12,2,0,14,0,4,15,0,19,0,16,17,0,33,44,0,44,77
02/16/2015,FMN,NM,ASW,WE,Federal Contract Tower,0,15,12,0,27,0,31,11,0,42,0,46,23,0,69,48,0,48,117
02/17/2015,FMN,NM,ASW,WE,Federal Contract Tower,15,0,1,2,18,0,8,14,0,22,15,8,15,2,40,45,7,52,92
02/18/2015,FMN,NM,ASW,WE,Federal Contract Tower,0,12,5,0,17,0,4,19,0,23,0,16,24,0,40,76,0,76,116
02/19/2015,FMN,NM,ASW,WE,Federal Contract Tower,0,13,8,2,23,0,4,21,0,25,0,17,29,2,48,70,0,70,118
02/20/2015,FMN,NM,ASW,WE,Federal Contract Tower,0,11,6,2,19,0,4,22,0,26,0,15,28,2,45,95,2,97,142
02/21/2015,FMN,NM,ASW,WE,Federal Contract Tower,0,11,4,0,15,0,6,15,0,21,0,17,19,0,36,10,0,10,46
02/22/2015,FMN,NM,ASW,WE,Federal Contract Tower,0,4,5,0,9,0,2,6,0,8,0,6,11,0,17,0,0,0,17
02/23/2015,FMN,NM,ASW,WE,Federal Contract Tower,0,17,3,0,20,0,2,0,0,2,0,19,3,0,22,0,0,0,22
02/24/2015,FMN,NM,ASW,WE,Federal Contract Tower,0,15,4,0,19,0,0,0,0,0,0,15,4,0,19,0,0,0,19
02/25/2015,FMN,NM,ASW,WE,Federal Contract Tower,0,17,4,0,21,0,9,11,0,20,0,26,15,0,41,68,0,68,109
02/26/2015,FMN,NM,ASW,WE,Federal Contract Tower,0,18,2,0,20,0,17,12,0,29,0,35,14,0,49,66,0,66,115
02/27/2015,FMN,NM,ASW,WE,Federal Contract Tower,0,20,4,0,24,0,2,0,0,2,0,22,4,0,26,0,0,0,26
02/28/2015,FMN,NM,ASW,WE,Federal Contract Tower,0,12,3,0,15,0,0,0,0,0,0,12,3,0,15,0,0,0,15
03/01/2015,FMN,NM,ASW,WE,Federal Contract Tower,0,4,0,0,4,0,4,0,0,4,0,8,0,0,8,0,0,0,8
03/02/2015,FMN,NM,ASW,WE,Federal Contract Tower,0,15,3,0,18,0,4,6,2,12,0,19,9,2,30,10,20,30,60
03/03/2015,FMN,NM,ASW,WE,Federal Contract Tower,0,14,9,0,23,0,9,4,0,13,0,23,13,0,36,8,0,8,44
03/04/2015,FMN,NM,ASW,WE,Federal Contract Tower,0,15,1,0,16,0,3,37,0,40,0,18,38,0,56,68,0,68,124
03/05/2015,FMN,NM,ASW,WE,Federal Contract Tower,0,9,1,0,10,0,3,30,0,33,0,12,31,0,43,84,0,84,127
03/06/2015,FMN,NM,ASW,WE,Federal Contract Tower,0,11,4,0,15,0,15,45,1,61,0,26,49,1,76,119,0,119,195
03/07/2015,FMN,NM,ASW,WE,Federal Contract Tower,0,7,1,0,8,0,3,36,0,39,0,10,37,0,47,48,0,48,95
03/08/2015,FMN,NM,ASW,WE,Federal Contract Tower,0,6,6,0,12,0,8,40,0,48,0,14,46,0,60,22,0,22,82
03/09/2015,FMN,NM,ASW,WE,Federal Contract Tower,0,14,5,0,19,0,6,21,0,27,0,20,26,0,46,16,0,16,62
03/10/2015,FMN,NM,ASW,WE,Federal Contract Tower,0,14,1,0,15,0,8,18,15,41,0,22,19,15,56,14,0,14,70
03/11/2015,FMN,NM,ASW,WE,Federal Contract Tower,0,13,8,0,21,0,7,19,14,40,0,20,27,14,61,30,22,52,113
03/12/2015,FMN,NM,ASW,WE,Federal Contract Tower,0,13,13,0,26,0,10,22,0,32,0,23,35,0,58,24,0,24,82
03/13/2015,FMN,NM,ASW,WE,Federal Contract Tower,0,12,6,0,18,0,8,15,6,29,0,20,21,6,47,46,0,46,93
03/14/2015,FMN,NM,ASW,WE,Federal Contract Tower,0,6,3,0,9,0,4,28,2,34,0,10,31,2,43,50,0,50,93
03/15/2015,FMN,NM,ASW,WE,Federal Contract Tower,0,6,5,0,11,0,0,26,2,28,0,6,31,2,39,48,0,48,87
03/16/2015,FMN,NM,ASW,WE,Federal Contract Tower,0,11,8,0,19,0,9,29,4,42,0,20,37,4,61,6,8,14,75
03/17/2015,FMN,NM,ASW,WE,Federal Contract Tower,0,14,2,0,16,0,12,24,0,36,0,26,26,0,52,46,0,46,98
03/18/2015,FMN,NM,ASW,WE,Federal Contract Tower,0,13,8,0,21,0,6,12,4,22,0,19,20,4,43,20,44,64,107
03/19/2015,FMN,NM,ASW,WE,Federal Contract Tower,0,17,8,0,25,0,8,12,4,24,0,25,20,4,49,20,44,64,113
03/20/2015,FMN,NM,ASW,WE,Federal Contract Tower,0,10,13,0,23,0,16,21,4,41,0,26,34,4,64,74,0,74,138
03/21/2015,FMN,NM,ASW,WE,Federal Contract Tower,0,6,0,0,6,0,9,26,3,38,0,15,26,3,44,30,0,30,74
03/22/2015,FMN,NM,ASW,WE,Federal Contract Tower,0,10,5,0,15,0,1,22,3,26,0,11,27,3,41,18,0,18,59
03/23/2015,FMN,NM,ASW,WE,Federal Contract Tower,0,13,9,0,22,0,6,17,0,23,0,19,26,0,45,0,0,0,45
03/24/2015,FMN,NM,ASW,WE,Federal Contract Tower,0,13,3,0,16,0,17,21,0,38,0,30,24,0,54,28,0,28,82
03/25/2015,FMN,NM,ASW,WE,Federal Contract Tower,0,11,5,0,16,0,2,7,0,9,0,13,12,0,25,82,0,82,107
03/26/2015,FMN,NM,ASW,WE,Federal Contract Tower,0,15,8,0,23,0,5,32,1,38,0,20,40,1,61,82,0,82,143
03/27/2015,FMN,NM,ASW,WE,Federal Contract Tower,0,18,19,0,37,0,5,25,3,33,0,23,44,3,70,12,26,38,108
03/28/2015,FMN,NM,ASW,WE,Federal Contract Tower,0,5,2,0,7,0,4,26,0,30,0,9,28,0,37,0,0,0,37
03/29/2015,FMN,NM,ASW,WE,Federal Contract Tower,0,8,6,0,14,0,3,23,9,35,0,11,29,9,49,10,0,10,59
03/30/2015,FMN,NM,ASW,WE,Federal Contract Tower,0,15,8,0,23,0,8,24,0,32,0,23,32,0,55,26,0,26,81
03/31/2015,FMN,NM,ASW,WE,Federal Contract Tower,0,13,8,0,21,0,8,23,4,35,0,21,31,4,56,14,0,14,70
04/01/2015,FMN,NM,ASW,WE,Federal Contract Tower,0,16,6,0,22,0,10,19,2,31,0,26,25,2,53,14,10,24,77
04/02/2015,FMN,NM,ASW,WE,Federal Contract Tower,0,11,2,0,13,0,17,10,0,27,0,28,12,0,40,46,0,46,86
04/03/2015,FMN,NM,ASW,WE,Federal Contract Tower,0,13,5,0,18,0,7,28,0,35,0,20,33,0,53,64,0,64,117
04/04/2015,FMN,NM,ASW,WE,Federal Contract Tower,0,9,10,0,19,0,8,20,0,28,0,17,30,0,47,16,0,16,63
04/05/2015,FMN,NM,ASW,WE,Federal Contract Tower,0,8,1,0,9,0,11,13,0,24,0,19,14,0,33,6,0,6,39
04/06/2015,FMN,NM,ASW,WE,Federal Contract Tower,0,16,5,0,21,0,2,18,0,20,0,18,23,0,41,0,0,0,41
04/07/2015,FMN,NM,ASW,WE,Federal Contract Tower,0,17,9,0,26,0,8,18,13,39,0,25,27,13,65,52,0,52,117
04/08/2015,FMN,NM,ASW,WE,Federal Contract Tower,0,14,11,0,25,0,10,11,0,21,0,24,22,0,46,50,0,50,96
04/09/2015,FMN,NM,ASW,WE,Federal Contract Tower,0,17,3,0,20,0,17,22,0,39,0,34,25,0,59,48,0,48,107
04/10/2015,FMN,NM,ASW,WE,Federal Contract Tower,0,11,6,0,17,0,13,19,0,32,0,24,25,0,49,68,0,68,117
04/11/2015,FMN,NM,ASW,WE,Federal Contract Tower,0,8,1,1,10,0,11,25,1,37,0,19,26,2,47,12,0,12,59
04/12/2015,FMN,NM,ASW,WE,Federal Contract Tower,5,0,2,0,7,0,2,20,2,24,5,2,22,2,31,22,0,22,53
04/13/2015,FMN,NM,ASW,WE,Federal Contract Tower,0,8,2,3,13,0,17,31,0,48,0,25,33,3,61,0,0,0,61
04/14/2015,FMN,NM,ASW,WE,Federal Contract Tower,0,13,11,0,24,0,5,19,1,25,0,18,30,1,49,52,6,58,107
04/15/2015,FMN,NM,ASW,WE,Federal Contract Tower,0,18,5,0,23,0,14,14,0,28,0,32,19,0,51,50,0,50,101
04/16/2015,FMN,NM,ASW,WE,Federal Contract Tower,0,22,1,0,23,0,4,28,2,34,0,26,29,2,57,56,0,56,113
04/17/2015,FMN,NM,ASW,WE,Federal Contract Tower,0,16,6,0,22,0,0,19,2,21,0,16,25,2,43,42,8,50,93
04/18/2015,FMN,NM,ASW,WE,Federal Contract Tower,0,9,5,0,14,0,8,3,0,11,0,17,8,0,25,0,0,0,25
04/19/2015,FMN,NM,ASW,WE,Federal Contract Tower,0,4,2,0,6,0,10,27,2,39,0,14,29,2,45,58,0,58,103
04/20/2015,FMN,NM,ASW,WE,Federal Contract Tower,0,8,11,0,19,0,5,23,0,28,0,13,34,0,47,16,0,16,63
04/21/2015,FMN,NM,ASW,WE,Federal Contract Tower,0,11,8,0,19,0,13,39,3,55,0,24,47,3,74,26,18,44,118
04/22/2015,FMN,NM,ASW,WE,Federal Contract Tower,0,9,5,0,14,0,4,35,2,41,0,13,40,2,55,32,22,54,109
04/23/2015,FMN,NM,ASW,WE,Federal Contract Tower,0,17,0,0,17,0,10,24,0,34,0,27,24,0,51,50,0,50,101
04/24/2015,FMN,NM,ASW,WE,Federal Contract Tower,0,13,5,0,18,0,3,17,2,22,0,16,22,2,40,28,28,56,96
04/25/2015,FMN,NM,ASW,WE,Federal Contract Tower,0,7,8,0,15,0,5,11,0,16,0,12,19,0,31,18,0,18,49
04/26/2015,FMN,NM,ASW,WE,Federal Contract Tower,0,4,6,0,10,0,8,8,0,16,0,12,14,0,26,4,0,4,30
04/27/2015,FMN,NM,ASW,WE,Federal Contract Tower,0,7,2,0,9,0,5,46,2,53,0,12,48,2,62,82,4,86,148
04/28/2015,FMN,NM,ASW,WE,Federal Contract Tower,0,12,9,0,21,0,19,34,2,55,0,31,43,2,76,10,14,24,100
04/29/2015,FMN,NM,ASW,WE,Federal Contract Tower,0,17,1,0,18,0,4,42,0,46,0,21,43,0,64,46,0,46,110
04/30/2015,FMN,NM,ASW,WE,Federal Contract Tower,0,14,8,0,22,0,8,42,0,50,0,22,50,0,72,80,0,80,152
05/01/2015,FMN,NM,ASW,WE,Federal Contract Tower,0,7,11,0,18,0,6,39,0,45,0,13,50,0,63,46,0,46,109
05/02/2015,FMN,NM,ASW,WE,Federal Contract Tower,0,10,2,0,12,0,4,41,0,45,0,14,43,0,57,60,0,60,117
05/03/2015,FMN,NM,ASW,WE,Federal Contract Tower,0,9,1,0,10,0,11,14,2,27,0,20,15,2,37,6,0,6,43
05/04/2015,FMN,NM,ASW,WE,Federal Contract Tower,0,13,2,0,15,0,18,20,2,40,0,31,22,2,55,6,0,6,61
05/05/2015,FMN,NM,ASW,WE,Federal Contract Tower,0,14,24,0,38,0,5,9,0,14,0,19,33,0,52,42,0,42,94
05/06/2015,FMN,NM,ASW,WE,Federal Contract Tower,0,8,17,0,25,0,7,26,14,47,0,15,43,14,72,38,0,38,110
05/07/2015,FMN,NM,ASW,WE,Federal Contract Tower,0,15,6,0,21,0,14,47,0,61,0,29,53,0,82,110,0,110,192
05/08/2015,FMN,NM,ASW,WE,Federal Contract Tower,0,10,9,0,19,0,8,21,0,29,0,18,30,0,48,72,0,72,120
05/09/2015,FMN,NM,ASW,WE,Federal Contract Tower,0,10,7,0,17,0,3,6,0,9,0,13,13,0,26,0,0,0,26
05/10/2015,FMN,NM,ASW,WE,Federal Contract Tower,0,6,3,0,9,0,8,29,0,37,0,14,32,0,46,76,0,76,122
05/11/2015,FMN,NM,ASW,WE,Federal Contract Tower,0,18,3,0,21,0,12,39,0,51,0,30,42,0,72,12,0,12,84
05/12/2015,FMN,NM,ASW,WE,Federal Contract Tower,0,13,8,0,21,0,7,4,1,12,0,20,12,1,33,56,0,56,89
05/13/2015,FMN,NM,ASW,WE,Federal Contract Tower,0,14,4,0,18,0,5,17,10,32,0,19,21,10,50,0,72,72,122
05/14/2015,FMN,NM,ASW,WE,Federal Contract Tower,0,13,16,2,31,0,12,30,0,42,0,25,46,2,73,0,0,0,73
05/15/2015,FMN,NM,ASW,WE,Federal Contract Tower,0,13,2,0,15,0,9,12,0,21,0,22,14,0,36,0,0,0,36
05/16/2015,FMN,NM,ASW,WE,Federal Contract Tower,0,12,3,0,15,0,0,2,0,2,0,12,5,0,17,0,0,0,17
05/17/2015,FMN,NM,ASW,WE,Federal Contract Tower,0,3,0,0,3,0,10,29,0,39,0,13,29,0,42,0,0,0,42
05/18/2015,FMN,NM,ASW,WE,Federal Contract Tower,0,7,12,0,19,0,6,22,0,28,0,13,34,0,47,0,0,0,47
05/19/2015,FMN,NM,ASW,WE,Federal Contract Tower,0,12,7,0,19,0,15,33,18,66,0,27,40,18,85,0,24,24,109
05/20/2015,FMN,NM,ASW,WE,Federal Contract Tower,0,12,7,0,19,0,21,39,0,60,0,33,46,0,79,32,0,32,111
05/21/2015,FMN,NM,ASW,WE,Federal Contract Tower,0,15,6,0,21,0,14,26,0,40,0,29,32,0,61,30,0,30,91
05/22/2015,FMN,NM,ASW,WE,Federal Contract Tower,0,22,9,0,31,0,6,28,0,34,0,28,37,0,65,56,0,56,121
05/23/2015,FMN,NM,ASW,WE,Federal Contract Tower,0,8,4,0,12,0,3,28,0,31,0,11,32,0,43,79,0,79,122
05/24/2015,FMN,NM,ASW,WE,Federal Contract Tower,0,7,0,0,7,0,28,7,0,35,0,35,7,0,42,0,0,0,42
05/25/2015,FMN,NM,ASW,WE,Federal Contract Tower,0,6,4,0,10,0,4,16,12,32,0,10,20,12,42,48,0,48,90
05/26/2015,FMN,NM,ASW,WE,Federal Contract Tower,0,13,3,0,16,0,0,42,0,42,0,13,45,0,58,58,0,58,116
05/27/2015,FMN,NM,ASW,WE,Federal Contract Tower,0,17,4,2,23,0,3,38,1,42,0,20,42,3,65,24,40,64,129
05/28/2015,FMN,NM,ASW,WE,Federal Contract Tower,0,9,8,0,17,0,12,30,0,42,0,21,38,0,59,40,0,40,99
05/29/2015,FMN,NM,ASW,WE,Federal Contract Tower,0,13,6,0,19,0,12,25,0,37,0,25,31,0,56,74,0,74,130
05/30/2015,FMN,NM,ASW,WE,Federal Contract Tower,0,12,1,0,13,0,4,24,0,28,0,16,25,0,41,66,0,66,107
05/31/2015,FMN,NM,ASW,WE,Federal Contract Tower,0,5,1,0,6,0,8,23,0,31,0,13,24,0,37,18,0,18,55
06/01/2015,FMN,NM,ASW,WE,Federal Contract Tower,0,9,9,11,29,0,10,13,0,23,0,19,22,11,52,0,0,0,52
06/02/2015,FMN,NM,ASW,WE,Federal Contract Tower,0,14,5,0,19,0,37,18,1,56,0,51,23,1,75,20,20,40,115
06/03/2015,FMN,NM,ASW,WE,Federal Contract Tower,0,14,1,0,15,0,8,27,0,35,0,22,28,0,50,48,0,48,98
06/04/2015,FMN,NM,ASW,WE,Federal Contract Tower,0,14,3,0,17,0,19,43,0,62,0,33,46,0,79,12,0,12,91
06/05/2015,FMN,NM,ASW,WE,Federal Contract Tower,0,17,12,0,29,0,9,11,0,20,0,26,23,0,49,0,0,0,49
06/06/2015,FMN,NM,ASW,WE,Federal Contract Tower,0,8,1,0,9,0,1,10,0,11,0,9,11,0,20,30,0,30,50
06/07/2015,FMN,NM,ASW,WE,Federal Contract Tower,0,2,2,0,4,0,5,37,0,42,0,7,39,0,46,42,0,42,88
06/08/2015,FMN,NM,ASW,WE,Federal Contract Tower,0,4,2,0,6,0,9,48,0,57,0,13,50,0,63,0,0,0,63
06/09/2015,FMN,NM,ASW,WE,Federal Contract Tower,0,14,4,0,18,0,21,69,0,90,0,35,73,0,108,56,0,56,164
06/10/2015,FMN,NM,ASW,WE,Federal Contract Tower,0,8,7,0,15,0,4,13,1,18,0,12,20,1,33,0,4,4,37
06/11/2015,FMN,NM,ASW,WE,Federal Contract Tower,0,15,1,0,16,0,14,13,4,31,0,29,14,4,47,0,0,0,47
06/12/2015,FMN,NM,ASW,WE,Federal Contract Tower,0,12,11,0,23,0,10,26,4,40,0,22,37,4,63,58,0,58,121
06/13/2015,FMN,NM,ASW,WE,Federal Contract Tower,0,11,1,0,12,0,8,9,6,23,0,19,10,6,35,16,0,16,51
06/14/2015,FMN,NM,ASW,WE,Federal Contract Tower,0,3,2,0,5,0,6,21,2,29,0,9,23,2,34,44,0,44,78
06/15/2015,FMN,NM,ASW,WE,Federal Contract Tower,0,7,3,0,10,0,26,19,0,45,0,33,22,0,55,0,0,0,55
06/16/2015,FMN,NM,ASW,WE,Federal Contract Tower,0,13,0,6,19,0,2,17,1,20,0,15,17,7,39,46,16,62,101
06/17/2015,FMN,NM,ASW,WE,Federal Contract Tower,0,17,4,0,21,0,6,19,2,27,0,23,23,2,48,8,8,16,64
06/18/2015,FMN,NM,ASW,WE,Federal Contract Tower,0,11,3,0,14,0,8,31,0,39,0,19,34,0,53,28,0,28,81
06/19/2015,FMN,NM,ASW,WE,Federal Contract Tower,0,8,2,0,10,0,13,26,0,39,0,21,28,0,49,68,0,68,117
06/20/2015,FMN,NM,ASW,WE,Federal Contract Tower,0,8,2,0,10,0,18,26,0,44,0,26,28,0,54,76,0,76,130
06/21/2015,FMN,NM,ASW,WE,Federal Contract Tower,0,4,3,0,7,0,5,25,0,30,0,9,28,0,37,12,0,12,49
06/22/2015,FMN,NM,ASW,WE,Federal Contract Tower,0,14,3,0,17,0,15,46,0,61,0,29,49,0,78,20,0,20,98
06/23/2015,FMN,NM,ASW,WE,Federal Contract Tower,0,19,5,1,25,0,7,28,0,35,0,26,33,1,60,38,18,56,116
06/24/2015,FMN,NM,ASW,WE,Federal Contract Tower,0,12,7,0,19,0,4,33,0,37,0,16,40,0,56,24,0,24,80
06/25/2015,FMN,NM,ASW,WE,Federal Contract Tower,0,10,1,0,11,0,18,21,0,39,0,28,22,0,50,12,0,12,62
06/26/2015,FMN,NM,ASW,WE,Federal Contract Tower,0,14,4,0,18,0,20,30,0,50,0,34,34,0,68,62,0,62,130
06/27/2015,FMN,NM,ASW,WE,Federal Contract Tower,0,10,3,0,13,0,11,21,0,32,0,21,24,0,45,44,0,44,89
06/28/2015,FMN,NM,ASW,WE,Federal Contract Tower,0,14,4,0,18,0,6,11,0,17,0,20,15,0,35,26,0,26,61
06/29/2015,FMN,NM,ASW,WE,Federal Contract Tower,0,12,9,0,21,0,24,27,0,51,0,36,36,0,72,0,0,0,72
06/30/2015,FMN,NM,ASW,WE,Federal Contract Tower,0,16,7,0,23,0,9,17,0,26,0,25,24,0,49,64,0,64,113
07/01/2015,FMN,NM,ASW,WE,Federal Contract Tower,0,15,6,0,21,0,8,25,0,33,0,23,31,0,54,66,0,66,120
07/02/2015,FMN,NM,ASW,WE,Federal Contract Tower,0,16,5,0,21,0,4,42,0,46,0,20,47,0,67,50,0,50,117
07/03/2015,FMN,NM,ASW,WE,Federal Contract Tower,0,10,2,0,12,0,8,35,0,43,0,18,37,0,55,74,0,74,129
07/04/2015,FMN,NM,ASW,WE,Federal Contract Tower,0,4,0,0,4,0,2,19,0,21,0,6,19,0,25,40,0,40,65
07/05/2015,FMN,NM,ASW,WE,Federal Contract Tower,0,6,2,0,8,0,6,36,2,44,0,12,38,2,52,8,0,8,60
07/06/2015,FMN,NM,ASW,WE,Federal Contract Tower,0,12,6,0,18,0,21,24,0,45,0,33,30,0,63,28,0,28,91
07/07/2015,FMN,NM,ASW,WE,Federal Contract Tower,0,17,1,0,18,0,15,31,0,46,0,32,32,0,64,50,0,50,114
07/08/2015,FMN,NM,ASW,WE,Federal Contract Tower,0,11,5,0,16,0,8,30,0,38,0,19,35,0,54,52,0,52,106
07/09/2015,FMN,NM,ASW,WE,Federal Contract Tower,0,12,6,0,18,0,7,10,0,17,0,19,16,0,35,24,0,24,59
07/10/2015,FMN,NM,ASW,WE,Federal Contract Tower,0,16,11,0,27,0,11,23,0,34,0,27,34,0,61,72,0,72,133
07/11/2015,FMN,NM,ASW,WE,Federal Contract Tower,0,3,1,0,4,0,12,31,0,43,0,15,32,0,47,78,0,78,125
07/12/2015,FMN,NM,ASW,WE,Federal Contract Tower,0,5,0,0,5,0,4,30,0,34,0,9,30,0,39,12,0,12,51
07/13/2015,FMN,NM,ASW,WE,Federal Contract Tower,0,13,4,0,17,0,19,26,0,45,0,32,30,0,62,0,35,35,97
07/14/2015,FMN,NM,ASW,WE,Federal Contract Tower,0,17,7,0,24,0,1,7,0,8,0,18,14,0,32,70,0,70,102
07/15/2015,FMN,NM,ASW,WE,Federal Contract Tower,0,11,2,0,13,0,7,26,0,33,0,18,28,0,46,74,0,74,120
07/16/2015,FMN,NM,ASW,WE,Federal Contract Tower,0,14,7,0,21,0,15,24,2,41,0,29,31,2,62,6,0,6,68
07/17/2015,FMN,NM,ASW,WE,Federal Contract Tower,0,16,6,0,22,0,11,31,2,44,0,27,37,2,66,50,10,60,126
07/18/2015,FMN,NM,ASW,WE,Federal Contract Tower,0,12,1,0,13,0,6,35,0,41,0,18,36,0,54,80,0,80,134
07/19/2015,FMN,NM,ASW,WE,Federal Contract Tower,0,9,4,0,13,0,6,26,10,42,0,15,30,10,55,50,0,50,105
07/20/2015,FMN,NM,ASW,WE,Federal Contract Tower,0,11,2,0,13,0,8,53,0,61,0,19,55,0,74,0,0,0,74
07/21/2015,FMN,NM,ASW,WE,Federal Contract Tower,0,18,4,0,22,0,0,32,2,34,0,18,36,2,56,46,0,46,102
07/22/2015,FMN,NM,ASW,WE,Federal Contract Tower,0,20,5,0,25,0,4,41,3,48,0,24,46,3,73,12,96,108,181
07/23/2015,FMN,NM,ASW,WE,Federal Contract Tower,0,15,5,0,20,0,5,30,0,35,0,20,35,0,55,62,0,62,117
07/24/2015,FMN,NM,ASW,WE,Federal Contract Tower,0,10,9,0,19,0,13,34,0,47,0,23,43,0,66,68,0,68,134
07/25/2015,FMN,NM,ASW,WE,Federal Contract Tower,0,10,1,0,11,0,14,45,0,59,0,24,46,0,70,80,0,80,150
07/26/2015,FMN,NM,ASW,WE,Federal Contract Tower,0,5,0,0,5,0,4,25,0,29,0,9,25,0,34,30,0,30,64
07/27/2015,FMN,NM,ASW,WE,Federal Contract Tower,0,11,5,0,16,0,3,23,0,26,0,14,28,0,42,0,0,0,42
07/28/2015,FMN,NM,ASW,WE,Federal Contract Tower,0,14,4,2,20,0,8,23,2,33,0,22,27,4,53,60,0,60,113
07/29/2015,FMN,NM,ASW,WE,Federal Contract Tower,0,14,10,0,24,0,11,6,0,17,0,25,16,0,41,0,0,0,41
07/30/2015,FMN,NM,ASW,WE,Federal Contract Tower,0,16,10,0,26,0,11,11,0,22,0,27,21,0,48,12,0,12,60
07/31/2015,FMN,NM,ASW,WE,Federal Contract Tower,0,11,9,0,20,0,8,30,0,38,0,19,39,0,58,96,0,96,154
08/01/2015,FMN,NM,ASW,WE,Federal Contract Tower,0,13,11,0,24,0,13,19,0,32,0,26,30,0,56,62,0,62,118
08/02/2015,FMN,NM,ASW,WE,Federal Contract Tower,0,14,4,0,18,0,10,26,0,36,0,24,30,0,54,24,0,24,78
08/03/2015,FMN,NM,ASW,WE,Federal Contract Tower,0,22,2,0,24,0,4,20,0,24,0,26,22,0,48,42,0,42,90
08/04/2015,FMN,NM,ASW,WE,Federal Contract Tower,0,19,2,0,21,0,24,14,0,38,0,43,16,0,59,42,0,42,101
08/05/2015,FMN,NM,ASW,WE,Federal Contract Tower,0,16,2,0,18,0,1,16,0,17,0,17,18,0,35,22,0,22,57
08/06/2015,FMN,NM,ASW,WE,Federal Contract Tower,0,13,6,0,19,0,10,36,0,46,0,23,42,0,65,60,0,60,125
08/07/2015,FMN,NM,ASW,WE,Federal Contract Tower,0,22,5,0,27,0,3,25,8,36,0,25,30,8,63,56,0,56,119
08/08/2015,FMN,NM,ASW,WE,Federal Contract Tower,0,10,1,0,11,0,8,34,6,48,0,18,35,6,59,70,0,70,129
08/09/2015,FMN,NM,ASW,WE,Federal Contract Tower,0,6,2,0,8,0,0,25,0,25,0,6,27,0,33,22,0,22,55
08/10/2015,FMN,NM,ASW,WE,Federal Contract Tower,0,9,3,0,12,0,15,39,0,54,0,24,42,0,66,12,0,12,78
08/11/2015,FMN,NM,ASW,WE,Federal Contract Tower,0,11,7,0,18,0,9,26,0,35,0,20,33,0,53,46,0,46,99
08/12/2015,FMN,NM,ASW,WE,Federal Contract Tower,0,20,9,0,29,0,8,24,0,32,0,28,33,0,61,12,0,12,73
08/13/2015,FMN,NM,ASW,WE,Federal Contract Tower,0,23,3,6,32,0,6,39,12,57,0,29,42,18,89,60,6,66,155
08/14/2015,FMN,NM,ASW,WE,Federal Contract Tower,0,16,10,0,26,0,7,32,0,39,0,23,42,0,65,0,0,0,65
08/15/2015,FMN,NM,ASW,WE,Federal Contract Tower,0,12,4,0,16,0,3,34,0,37,0,15,38,0,53,0,0,0,53
08/16/2015,FMN,NM,ASW,WE,Federal Contract Tower,0,7,1,0,8,0,13,28,1,42,0,20,29,1,50,16,0,16,66
08/17/2015,FMN,NM,ASW,WE,Federal Contract Tower,0,16,9,0,25,0,18,38,1,57,0,34,47,1,82,0,38,38,120
08/18/2015,FMN,NM,ASW,WE,Federal Contract Tower,0,19,4,1,24,0,6,32,0,38,0,25,36,1,62,66,14,80,142
08/19/2015,FMN,NM,ASW,WE,Federal Contract Tower,0,19,11,0,30,0,12,16,0,28,0,31,27,0,58,18,0,18,76
08/20/2015,FMN,NM,ASW,WE,Federal Contract Tower,0,16,7,0,23,0,12,15,0,27,0,28,22,0,50,38,0,38,88
08/21/2015,FMN,NM,ASW,WE,Federal Contract Tower,0,15,7,0,22,0,5,31,2,38,0,20,38,2,60,50,10,60,120
08/22/2015,FMN,NM,ASW,WE,Federal Contract Tower,0,12,2,0,14,0,9,26,0,35,0,21,28,0,49,70,0,70,119
08/23/2015,FMN,NM,ASW,WE,Federal Contract Tower,0,3,5,0,8,0,5,27,0,32,0,8,32,0,40,16,0,16,56
08/24/2015,FMN,NM,ASW,WE,Federal Contract Tower,0,16,4,0,20,0,12,22,0,34,0,28,26,0,54,0,0,0,54
08/25/2015,FMN,NM,ASW,WE,Federal Contract Tower,0,19,4,0,23,0,2,26,0,28,0,21,30,0,51,64,0,64,115
08/26/2015,FMN,NM,ASW,WE,Federal Contract Tower,0,18,2,0,20,0,2,15,10,27,0,20,17,10,47,24,0,24,71
08/27/2015,FMN,NM,ASW,WE,Federal Contract Tower,0,17,5,0,22,0,13,31,0,44,0,30,36,0,66,18,0,18,84
08/28/2015,FMN,NM,ASW,WE,Federal Contract Tower,0,14,6,0,20,0,7,21,0,28,0,21,27,0,48,40,0,40,88
08/29/2015,FMN,NM,ASW,WE,Federal Contract Tower,0,14,2,0,16,0,4,24,0,28,0,18,26,0,44,70,0,70,114
08/30/2015,FMN,NM,ASW,WE,Federal Contract Tower,0,8,3,0,11,0,8,18,0,26,0,16,21,0,37,6,0,6,43
08/31/2015,FMN,NM,ASW,WE,Federal Contract Tower,0,18,10,0,28,0,6,40,0,46,0,24,50,0,74,30,0,30,104
09/01/2015,FMN,NM,ASW,WE,Federal Contract Tower,0,19,8,0,27,0,1,15,1,17,0,20,23,1,44,82,0,82,126
09/02/2015,FMN,NM,ASW,WE,Federal Contract Tower,0,18,14,0,32,0,8,19,0,27,0,26,33,0,59,26,0,26,85
09/03/2015,FMN,NM,ASW,WE,Federal Contract Tower,0,17,11,0,28,0,5,31,2,38,0,22,42,2,66,28,0,28,94
09/04/2015,FMN,NM,ASW,WE,Federal Contract Tower,0,24,8,0,32,0,6,24,0,30,0,30,32,0,62,60,0,60,122
09/05/2015,FMN,NM,ASW,WE,Federal Contract Tower,0,14,2,0,16,0,4,15,0,19,0,18,17,0,35,8,0,8,43
09/06/2015,FMN,NM,ASW,WE,Federal Contract Tower,0,13,0,0,13,0,6,16,0,22,0,19,16,0,35,22,0,22,57
09/07/2015,FMN,NM,ASW,WE,Federal Contract Tower,0,11,6,0,17,0,4,28,0,32,0,15,34,0,49,30,0,30,79
09/08/2015,FMN,NM,ASW,WE,Federal Contract Tower,0,18,0,0,18,0,1,24,0,25,0,19,24,0,43,66,0,66,109
09/09/2015,FMN,NM,ASW,WE,Federal Contract Tower,0,16,1,0,17,0,4,34,2,40,0,20,35,2,57,0,0,0,57
09/10/2015,FMN,NM,ASW,WE,Federal Contract Tower,0,14,1,0,15,0,11,31,0,42,0,25,32,0,57,54,0,54,111
09/11/2015,FMN,NM,ASW,WE,Federal Contract Tower,0,14,11,0,25,0,4,33,6,43,0,18,44,6,68,44,0,44,112
09/12/2015,FMN,NM,ASW,WE,Federal Contract Tower,0,11,1,0,12,0,12,23,2,37,0,23,24,2,49,18,0,18,67
09/13/2015,FMN,NM,ASW,WE,Federal Contract Tower,0,12,4,0,16,0,2,17,0,19,0,14,21,0,35,0,0,0,35
09/14/2015,FMN,NM,ASW,WE,Federal Contract Tower,0,15,24,0,39,0,0,66,0,66,0,15,90,0,105,0,0,0,105
09/15/2015,FMN,NM,ASW,WE,Federal Contract Tower,0,18,8,0,26,0,8,23,0,31,0,26,31,0,57,12,0,12,69
09/16/2015,FMN,NM,ASW,WE,Federal Contract Tower,0,15,6,0,21,0,9,19,8,36,0,24,25,8,57,14,6,20,77
09/17/2015,FMN,NM,ASW,WE,Federal Contract Tower,0,15,0,1,16,0,8,17,1,26,0,23,17,2,42,34,10,44,86
09/18/2015,FMN,NM,ASW,WE,Federal Contract Tower,0,9,2,0,11,0,12,31,1,44,0,21,33,1,55,40,12,52,107
09/19/2015,FMN,NM,ASW,WE,Federal Contract Tower,0,13,3,0,16,0,8,39,0,47,0,21,42,0,63,54,0,54,117
09/20/2015,FMN,NM,ASW,WE,Federal Contract Tower,0,9,5,0,14,0,10,24,0,34,0,19,29,0,48,0,0,0,48
09/21/2015,FMN,NM,ASW,WE,Federal Contract Tower,0,13,5,0,18,0,11,38,0,49,0,24,43,0,67,48,0,48,115
09/22/2015,FMN,NM,ASW,WE,Federal Contract Tower,0,21,0,0,21,0,6,3,2,11,0,27,3,2,32,16,0,16,48
09/23/2015,FMN,NM,ASW,WE,Federal Contract Tower,0,16,0,0,16,0,9,15,4,28,0,25,15,4,44,32,0,32,76
09/24/2015,FMN,NM,ASW,WE,Federal Contract Tower,0,8,2,1,11,0,6,23,0,29,0,14,25,1,40,44,0,44,84
09/25/2015,FMN,NM,ASW,WE,Federal Contract Tower,0,16,5,0,21,0,7,46,0,53,0,23,51,0,74,58,0,58,132
09/26/2015,FMN,NM,ASW,WE,Federal Contract Tower,0,12,6,0,18,0,13,33,0,46,0,25,39,0,64,70,0,70,134
09/27/2015,FMN,NM,ASW,WE,Federal Contract Tower,0,7,0,0,7,0,7,25,0,32,0,14,25,0,39,10,0,10,49
09/28/2015,FMN,NM,ASW,WE,Federal Contract Tower,0,15,7,0,22,0,16,62,0,78,0,31,69,0,100,10,0,10,110
09/29/2015,FMN,NM,ASW,WE,Federal Contract Tower,0,19,9,0,28,0,9,75,0,84,0,28,84,0,112,46,2,48,160
09/30/2015,FMN,NM,ASW,WE,Federal Contract Tower,0,18,10,0,28,0,8,32,0,40,0,26,42,0,68,16,0,16,84
10/01/2015,FMN,NM,ASW,WE,Federal Contract Tower,0,16,3,0,19,0,7,23,0,30,0,23,26,0,49,20,0,20,69
10/02/2015,FMN,NM,ASW,WE,Federal Contract Tower,0,15,7,3,25,0,11,20,0,31,0,26,27,3,56,42,0,42,98
10/03/2015,FMN,NM,ASW,WE,Federal Contract Tower,0,13,1,0,14,0,9,18,0,27,0,22,19,0,41,32,0,32,73
10/04/2015,FMN,NM,ASW,WE,Federal Contract Tower,0,12,2,0,14,0,12,32,0,44,0,24,34,0,58,18,0,18,76
10/05/2015,FMN,NM,ASW,WE,Federal Contract Tower,0,18,3,0,21,0,8,8,0,16,0,26,11,0,37,6,0,6,43
10/06/2015,FMN,NM,ASW,WE,Federal Contract Tower,0,14,7,2,23,0,9,6,0,15,0,23,13,2,38,18,12,30,68
10/07/2015,FMN,NM,ASW,WE,Federal Contract Tower,0,17,6,0,23,0,1,11,0,12,0,18,17,0,35,36,0,36,71
10/08/2015,FMN,NM,ASW,WE,Federal Contract Tower,0,10,8,2,20,0,11,21,6,38,0,21,29,8,58,38,36,74,132
10/09/2015,FMN,NM,ASW,WE,Federal Contract Tower,0,22,3,0,25,0,14,27,0,41,0,36,30,0,66,34,0,34,100
10/10/2015,FMN,NM,ASW,WE,Federal Contract Tower,0,14,3,0,17,0,5,27,2,34,0,19,30,2,51,40,0,40,91
10/11/2015,FMN,NM,ASW,WE,Federal Contract Tower,0,8,2,0,10,0,2,33,0,35,0,10,35,0,45,24,0,24,69
10/12/2015,FMN,NM,ASW,WE,Federal Contract Tower,0,9,2,0,11,0,4,27,0,31,0,13,29,0,42,10,0,10,52
10/13/2015,FMN,NM,ASW,WE,Federal Contract Tower,0,11,6,0,17,0,8,16,0,24,0,19,22,0,41,0,0,0,41
10/14/2015,FMN,NM,ASW,WE,Federal Contract Tower,0,18,7,0,25,0,8,36,0,44,0,26,43,0,69,22,0,22,91
10/15/2015,FMN,NM,ASW,WE,Federal Contract Tower,0,17,2,2,21,0,5,17,0,22,0,22,19,2,43,26,6,32,75
10/16/2015,FMN,NM,ASW,WE,Federal Contract Tower,0,24,4,0,28,0,12,8,1,21,0,36,12,1,49,0,0,0,49
10/17/2015,FMN,NM,ASW,WE,Federal Contract Tower,0,10,2,0,12,0,3,15,0,18,0,13,17,0,30,24,0,24,54
10/18/2015,FMN,NM,ASW,WE,Federal Contract Tower,0,8,3,0,11,0,0,13,0,13,0,8,16,0,24,0,0,0,24
10/19/2015,FMN,NM,ASW,WE,Federal Contract Tower,0,19,6,0,25,0,4,47,0,51,0,23,53,0,76,0,0,0,76
10/20/2015,FMN,NM,ASW,WE,Federal Contract Tower,0,19,3,4,26,0,13,12,0,25,0,32,15,4,51,0,0,0,51
10/21/2015,FMN,NM,ASW,WE,Federal Contract Tower,0,14,2,0,16,0,0,9,0,9,0,14,11,0,25,0,0,0,25
10/22/2015,FMN,NM,ASW,WE,Federal Contract Tower,0,10,7,0,17,0,3,16,0,19,0,13,23,0,36,10,0,10,46
10/23/2015,FMN,NM,ASW,WE,Federal Contract Tower,0,17,10,6,33,0,5,36,0,41,0,22,46,6,74,20,28,48,122
10/24/2015,FMN,NM,ASW,WE,Federal Contract Tower,0,7,3,1,11,0,4,28,0,32,0,11,31,1,43,40,6,46,89
10/25/2015,FMN,NM,ASW,WE,Federal Contract Tower,0,8,1,0,9,0,6,37,0,43,0,14,38,0,52,44,0,44,96
10/26/2015,FMN,NM,ASW,WE,Federal Contract Tower,0,15,4,0,19,0,6,26,0,32,0,21,30,0,51,14,0,14,65
10/27/2015,FMN,NM,ASW,WE,Federal Contract Tower,0,11,4,0,15,0,7,15,1,23,0,18,19,1,38,72,8,80,118
10/28/2015,FMN,NM,ASW,WE,Federal Contract Tower,0,16,4,0,20,0,7,14,0,21,0,23,18,0,41,0,0,0,41
10/29/2015,FMN,NM,ASW,WE,Federal Contract Tower,0,12,3,0,15,0,10,15,6,31,0,22,18,6,46,12,0,12,58
10/30/2015,FMN,NM,ASW,WE,Federal Contract Tower,0,16,4,0,20,0,5,8,0,13,0,21,12,0,33,10,0,10,43
10/31/2015,FMN,NM,ASW,WE,Federal Contract Tower,0,11,4,0,15,0,7,36,0,43,0,18,40,0,58,66,0,66,124
11/01/2015,FMN,NM,ASW,WE,Federal Contract Tower,0,14,6,0,20,0,5,35,0,40,0,19,41,0,60,100,0,100,160
11/02/2015,FMN,NM,ASW,WE,Federal Contract Tower,0,11,4,0,15,0,0,62,0,62,0,11,66,0,77,45,0,45,122
11/03/2015,FMN,NM,ASW,WE,Federal Contract Tower,0,15,1,0,16,0,65,24,0,89,0,80,25,0,105,34,0,34,139
11/04/2015,FMN,NM,ASW,WE,Federal Contract Tower,0,15,14,0,29,0,1,0,0,1,0,16,14,0,30,0,0,0,30
11/05/2015,FMN,NM,ASW,WE,Federal Contract Tower,0,17,5,0,22,0,0,2,0,2,0,17,7,0,24,0,0,0,24
11/06/2015,FMN,NM,ASW,WE,Federal Contract Tower,0,17,2,0,19,0,2,16,0,18,0,19,18,0,37,0,0,0,37
11/07/2015,FMN,NM,ASW,WE,Federal Contract Tower,0,10,1,0,11,0,11,30,2,43,0,21,31,2,54,10,0,10,64
11/08/2015,FMN,NM,ASW,WE,Federal Contract Tower,0,9,2,0,11,0,3,26,0,29,0,12,28,0,40,58,0,58,98
11/09/2015,FMN,NM,ASW,WE,Federal Contract Tower,0,18,5,0,23,0,0,24,0,24,0,18,29,0,47,0,0,0,47
11/10/2015,FMN,NM,ASW,WE,Federal Contract Tower,0,11,8,0,19,0,0,11,0,11,0,11,19,0,30,34,0,34,64
11/11/2015,FMN,NM,ASW,WE,Federal Contract Tower,0,13,4,0,17,0,17,9,0,26,0,30,13,0,43,0,0,0,43
11/12/2015,FMN,NM,ASW,WE,Federal Contract Tower,0,11,1,0,12,0,8,18,0,26,0,19,19,0,38,0,0,0,38
11/13/2015,FMN,NM,ASW,WE,Federal Contract Tower,0,18,7,4,29,0,16,28,10,54,0,34,35,14,83,36,16,52,135
11/14/2015,FMN,NM,ASW,WE,Federal Contract Tower,0,12,2,0,14,0,1,37,0,38,0,13,39,0,52,54,0,54,106
11/15/2015,FMN,NM,ASW,WE,Federal Contract Tower,0,7,4,0,11,0,9,15,0,24,0,16,19,0,35,30,0,30,65
11/16/2015,FMN,NM,ASW,WE,Federal Contract Tower,2,13,6,0,21,0,2,0,0,2,2,15,6,0,23,0,0,0,23
11/17/2015,FMN,NM,ASW,WE,Federal Contract Tower,0,10,3,0,13,0,8,3,0,11,0,18,6,0,24,56,0,56,80
11/18/2015,FMN,NM,ASW,WE,Federal Contract Tower,0,19,6,0,25,0,6,17,0,23,0,25,23,0,48,24,0,24,72
11/19/2015,FMN,NM,ASW,WE,Federal Contract Tower,0,14,0,2,16,0,8,36,0,44,0,22,36,2,60,60,0,60,120
11/20/2015,FMN,NM,ASW,WE,Federal Contract Tower,0,16,3,0,19,0,7,47,0,54,0,23,50,0,73,76,0,76,149
11/21/2015,FMN,NM,ASW,WE,Federal Contract Tower,0,16,6,3,25,0,1,47,3,51,0,17,53,6,76,28,24,52,128
11/22/2015,FMN,NM,ASW,WE,Federal Contract Tower,0,10,0,0,10,0,0,36,8,44,0,10,36,8,54,126,0,126,180
11/23/2015,FMN,NM,ASW,WE,Federal Contract Tower,0,8,1,0,9,0,5,17,0,22,0,13,18,0,31,58,0,58,89
11/24/2015,FMN,NM,ASW,WE,Federal Contract Tower,0,9,3,1,13,0,11,16,3,30,0,20,19,4,43,60,4,64,107
11/25/2015,FMN,NM,ASW,WE,Federal Contract Tower,0,8,14,0,22,0,8,8,2,18,0,16,22,2,40,0,10,10,50
11/26/2015,FMN,NM,ASW,WE,Federal Contract Tower,0,5,0,0,5,0,1,2,0,3,0,6,2,0,8,0,0,0,8
11/27/2015,FMN,NM,ASW,WE,Federal Contract Tower,0,12,0,0,12,0,4,5,4,13,0,16,5,4,25,16,10,26,51
11/28/2015,FMN,NM,ASW,WE,Federal Contract Tower,0,13,8,0,21,0,14,54,2,70,0,27,62,2,91,42,4,46,137
11/29/2015,FMN,NM,ASW,WE,Federal Contract Tower,0,12,2,0,14,0,7,9,0,16,0,19,11,0,30,68,0,68,98
11/30/2015,FMN,NM,ASW,WE,Federal Contract Tower,0,13,3,0,16,0,14,44,5,63,0,27,47,5,79,16,0,16,95
12/01/2015,FMN,NM,ASW,WE,Federal Contract Tower,0,13,4,0,17,0,8,22,0,30,0,21,26,0,47,0,0,0,47
12/02/2015,FMN,NM,ASW,WE,Federal Contract Tower,0,11,1,0,12,0,17,13,0,30,0,28,14,0,42,72,0,72,114
12/03/2015,FMN,NM,ASW,WE,Federal Contract Tower,0,14,2,0,16,0,10,7,0,17,0,24,9,0,33,52,0,52,85
12/04/2015,FMN,NM,ASW,WE,Federal Contract Tower,0,7,0,0,7,0,12,34,2,48,0,19,34,2,55,0,0,0,55
12/05/2015,FMN,NM,ASW,WE,Federal Contract Tower,0,7,0,0,7,0,5,19,0,24,0,12,19,0,31,0,2,2,33
12/06/2015,FMN,NM,ASW,WE,Federal Contract Tower,0,5,1,0,6,0,5,9,0,14,0,10,10,0,20,0,0,0,20
12/07/2015,FMN,NM,ASW,WE,Federal Contract Tower,0,5,6,0,11,0,4,31,5,40,0,9,37,5,51,26,24,50,101
12/08/2015,FMN,NM,ASW,WE,Federal Contract Tower,0,12,2,0,14,0,4,17,10,31,0,16,19,10,45,8,28,36,81
12/09/2015,FMN,NM,ASW,WE,Federal Contract Tower,0,10,9,0,19,0,15,7,6,28,0,25,16,6,47,56,0,56,103
12/10/2015,FMN,NM,ASW,WE,Federal Contract Tower,0,15,4,1,20,0,30,14,0,44,0,45,18,1,64,26,0,26,90
12/11/2015,FMN,NM,ASW,WE,Federal Contract Tower,0,20,4,0,24,0,15,31,2,48,0,35,35,2,72,52,0,52,124
12/12/2015,FMN,NM,ASW,WE,Federal Contract Tower,0,12,2,0,14,0,0,0,0,0,0,12,2,0,14,0,0,0,14
12/13/2015,FMN,NM,ASW,WE,Federal Contract Tower,0,8,1,0,9,0,21,2,0,23,0,29,3,0,32,0,0,0,32
12/14/2015,FMN,NM,ASW,WE,Federal Contract Tower,0,7,7,0,14,0,0,0,0,0,0,7,7,0,14,0,0,0,14
12/15/2015,FMN,NM,ASW,WE,Federal Contract Tower,0,14,12,0,26,0,0,5,0,5,0,14,17,0,31,0,0,0,31
12/16/2015,FMN,NM,ASW,WE,Federal Contract Tower,0,14,1,0,15,0,6,14,0,20,0,20,15,0,35,48,0,48,83
12/17/2015,FMN,NM,ASW,WE,Federal Contract Tower,0,12,9,0,21,0,23,14,0,37,0,35,23,0,58,44,0,44,102
12/18/2015,FMN,NM,ASW,WE,Federal Contract Tower,0,11,0,0,11,0,10,30,1,41,0,21,30,1,52,88,2,90,142
12/19/2015,FMN,NM,ASW,WE,Federal Contract Tower,0,11,3,0,14,0,16,9,0,25,0,27,12,0,39,30,0,30,69
12/20/2015,FMN,NM,ASW,WE,Federal Contract Tower,0,4,1,0,5,0,0,6,0,6,0,4,7,0,11,0,0,0,11
12/21/2015,FMN,NM,ASW,WE,Federal Contract Tower,0,11,7,0,18,0,6,5,0,11,0,17,12,0,29,0,0,0,29
12/22/2015,FMN,NM,ASW,WE,Federal Contract Tower,0,14,6,0,20,0,0,0,0,0,0,14,6,0,20,0,0,0,20
12/23/2015,FMN,NM,ASW,WE,Federal Contract Tower,0,14,13,0,27,0,3,5,0,8,0,17,18,0,35,0,0,0,35
12/24/2015,FMN,NM,ASW,WE,Federal Contract Tower,0,10,2,0,12,0,0,6,0,6,0,10,8,0,18,10,0,10,28
12/25/2015,FMN,NM,ASW,WE,Federal Contract Tower,0,5,3,0,8,0,0,0,0,0,0,5,3,0,8,0,0,0,8
12/26/2015,FMN,NM,ASW,WE,Federal Contract Tower,0,17,6,0,23,0,10,3,0,13,0,27,9,0,36,0,0,0,36
12/27/2015,FMN,NM,ASW,WE,Federal Contract Tower,0,6,0,0,6,0,4,26,0,30,0,10,26,0,36,32,6,38,74
12/28/2015,FMN,NM,ASW,WE,Federal Contract Tower,0,12,3,1,16,0,8,46,0,54,0,20,49,1,70,26,0,26,96
12/29/2015,FMN,NM,ASW,WE,Federal Contract Tower,0,20,8,1,29,0,2,21,2,25,0,22,29,3,54,10,56,66,120
12/30/2015,FMN,NM,ASW,WE,Federal Contract Tower,0,13,1,0,14,0,9,16,0,25,0,22,17,0,39,48,0,48,87
12/31/2015,FMN,NM,ASW,WE,Federal Contract Tower,0,11,1,0,12,0,9,8,0,17,0,20,9,0,29,6,0,6,35
01/01/2016,FMN,NM,ASW,WE,Federal Contract Tower,0,4,8,0,12,0,5,16,0,21,0,9,24,0,33,0,0,0,33
01/02/2016,FMN,NM,ASW,WE,Federal Contract Tower,0,8,4,0,12,0,1,30,0,31,0,9,34,0,43,48,0,48,91
01/03/2016,FMN,NM,ASW,WE,Federal Contract Tower,0,4,2,0,6,0,1,25,0,26,0,5,27,0,32,70,0,70,102
01/04/2016,FMN,NM,ASW,WE,Federal Contract Tower,0,13,1,0,14,0,8,10,0,18,0,21,11,0,32,0,0,0,32
01/05/2016,FMN,NM,ASW,WE,Federal Contract Tower,0,16,4,0,20,0,5,3,0,8,0,21,7,0,28,36,0,36,64
01/06/2016,FMN,NM,ASW,WE,Federal Contract Tower,0,22,5,0,27,0,0,0,0,0,0,22,5,0,27,0,0,0,27
01/07/2016,FMN,NM,ASW,WE,Federal Contract Tower,0,17,3,0,20,0,0,0,0,0,0,17,3,0,20,0,0,0,20
01/09/2016,FMN,NM,ASW,WE,Federal Contract Tower,0,10,0,0,10,0,5,3,0,8,0,15,3,0,18,0,0,0,18
01/10/2016,FMN,NM,ASW,WE,Federal Contract Tower,0,2,1,2,5,0,0,7,0,7,0,2,8,2,12,30,0,30,42
01/11/2016,FMN,NM,ASW,WE,Federal Contract Tower,0,8,1,2,11,0,0,7,0,7,0,8,8,2,18,0,0,0,18
01/12/2016,FMN,NM,ASW,WE,Federal Contract Tower,0,20,5,0,25,0,12,0,0,12,0,32,5,0,37,0,0,0,37
01/13/2016,FMN,NM,ASW,WE,Federal Contract Tower,0,12,5,0,17,0,6,17,0,23,0,18,22,0,40,8,0,8,48
01/14/2016,FMN,NM,ASW,WE,Federal Contract Tower,0,11,1,0,12,0,11,26,1,38,0,22,27,1,50,64,0,64,114
01/15/2016,FMN,NM,ASW,WE,Federal Contract Tower,0,14,10,0,24,0,0,14,0,14,0,14,24,0,38,62,0,62,100
01/16/2016,FMN,NM,ASW,WE,Federal Contract Tower,0,14,3,2,19,0,0,34,5,39,0,14,37,7,58,40,12,52,110
01/17/2016,FMN,NM,ASW,WE,Federal Contract Tower,0,7,2,0,9,0,4,11,0,15,0,11,13,0,24,18,0,18,42
01/18/2016,FMN,NM,ASW,WE,Federal Contract Tower,0,14,1,10,25,0,7,27,0,34,0,21,28,10,59,37,0,37,96
01/19/2016,FMN,NM,ASW,WE,Federal Contract Tower,0,11,6,0,17,0,8,40,0,48,0,19,46,0,65,22,0,22,87
01/20/2016,FMN,NM,ASW,WE,Federal Contract Tower,0,14,6,0,20,0,2,33,0,35,0,16,39,0,55,50,0,50,105
01/21/2016,FMN,NM,ASW,WE,Federal Contract Tower,0,13,2,0,15,0,21,29,0,50,0,34,31,0,65,60,0,60,125
01/22/2016,FMN,NM,ASW,WE,Federal Contract Tower,0,15,1,0,16,0,1,19,7,27,0,16,20,7,43,58,0,58,101
01/23/2016,FMN,NM,ASW,WE,Federal Contract Tower,0,12,1,0,13,0,14,36,0,50,0,26,37,0,63,40,0,40,103
01/24/2016,FMN,NM,ASW,WE,Federal Contract Tower,0,10,3,0,13,0,0,2,0,2,0,10,5,0,15,0,0,0,15
01/25/2016,FMN,NM,ASW,WE,Federal Contract Tower,0,11,1,12,24,0,3,20,0,23,0,14,21,12,47,24,0,24,71
01/26/2016,FMN,NM,ASW,WE,Federal Contract Tower,0,13,5,2,20,0,13,7,1,21,0,26,12,3,41,66,0,66,107
01/27/2016,FMN,NM,ASW,WE,Federal Contract Tower,0,10,10,1,21,0,6,29,1,36,0,16,39,2,57,20,15,35,92
01/28/2016,FMN,NM,ASW,WE,Federal Contract Tower,0,11,2,0,13,0,34,58,4,96,0,45,60,4,109,46,20,66,175
01/29/2016,FMN,NM,ASW,WE,Federal Contract Tower,0,20,1,0,21,0,11,22,0,33,0,31,23,0,54,56,0,56,110
01/30/2016,FMN,NM,ASW,WE,Federal Contract Tower,0,10,6,0,16,0,1,28,4,33,0,11,34,4,49,87,8,95,144
01/31/2016,FMN,NM,ASW,WE,Federal Contract Tower,0,4,2,0,6,0,0,1,0,1,0,4,3,0,7,0,0,0,7
02/01/2016,FMN,NM,ASW,WE,Federal Contract Tower,0,13,2,0,15,0,0,2,0,2,0,13,4,0,17,0,0,0,17
02/02/2016,FMN,NM,ASW,WE,Federal Contract Tower,0,15,4,0,19,0,4,6,6,16,0,19,10,6,35,0,6,6,41
02/03/2016,FMN,NM,ASW,WE,Federal Contract Tower,0,13,5,0,18,0,44,14,1,59,0,57,19,1,77,16,0,16,93
02/04/2016,FMN,NM,ASW,WE,Federal Contract Tower,0,18,1,0,19,0,19,24,2,45,0,37,25,2,64,58,0,58,122
02/06/2016,FMN,NM,ASW,WE,Federal Contract Tower,0,7,0,0,7,0,32,25,1,58,0,39,25,1,65,38,0,38,103
02/07/2016,FMN,NM,ASW,WE,Federal Contract Tower,0,4,0,0,4,0,8,20,3,31,0,12,20,3,35,68,0,68,103
02/08/2016,FMN,NM,ASW,WE,Federal Contract Tower,0,4,3,1,8,0,2,20,1,23,0,6,23,2,31,56,0,56,87
02/09/2016,FMN,NM,ASW,WE,Federal Contract Tower,0,13,4,0,17,0,4,11,0,15,0,17,15,0,32,46,0,46,78
02/10/2016,FMN,NM,ASW,WE,Federal Contract Tower,0,12,2,0,14,0,5,23,0,28,0,17,25,0,42,24,0,24,66
02/11/2016,FMN,NM,ASW,WE,Federal Contract Tower,0,9,1,1,11,0,18,26,1,45,0,27,27,2,56,70,6,76,132
02/12/2016,FMN,NM,ASW,WE,Federal Contract Tower,0,26,1,0,27,0,7,33,0,40,0,33,34,0,67,42,0,42,109
02/13/2016,FMN,NM,ASW,WE,Federal Contract Tower,0,9,1,0,10,0,6,41,0,47,0,15,42,0,57,60,0,60,117
02/14/2016,FMN,NM,ASW,WE,Federal Contract Tower,0,2,0,0,2,0,10,12,0,22,0,12,12,0,24,24,0,24,48
02/15/2016,FMN,NM,ASW,WE,Federal Contract Tower,0,9,0,0,9,0,4,8,0,12,0,13,8,0,21,44,0,44,65
02/16/2016,FMN,NM,ASW,WE,Federal Contract Tower,0,10,2,0,12,0,7,47,0,54,0,17,49,0,66,96,0,96,162
02/17/2016,FMN,NM,ASW,WE,Federal Contract Tower,0,13,4,0,17,0,13,44,0,57,0,26,48,0,74,90,0,90,164
02/18/2016,FMN,NM,ASW,WE,Federal Contract Tower,0,12,0,0,12,0,22,14,0,36,0,34,14,0,48,76,0,76,124
02/19/2016,FMN,NM,ASW,WE,Federal Contract Tower,0,9,7,0,16,0,10,33,0,43,0,19,40,0,59,78,0,78,137
02/20/2016,FMN,NM,ASW,WE,Federal Contract Tower,0,10,3,0,13,0,30,30,0,60,0,40,33,0,73,30,0,30,103
02/21/2016,FMN,NM,ASW,WE,Federal Contract Tower,0,3,3,0,6,0,5,22,2,29,0,8,25,2,35,46,0,46,81
02/22/2016,FMN,NM,ASW,WE,Federal Contract Tower,0,6,8,0,14,0,13,15,2,30,0,19,23,2,44,18,0,18,62
02/23/2016,FMN,NM,ASW,WE,Federal Contract Tower,0,7,4,0,11,0,10,6,1,17,0,17,10,1,28,0,0,0,28
02/24/2016,FMN,NM,ASW,WE,Federal Contract Tower,0,15,8,0,23,0,2,3,0,5,0,17,11,0,28,0,0,0,28
02/25/2016,FMN,NM,ASW,WE,Federal Contract Tower,0,14,3,0,17,0,9,15,6,30,0,23,18,6,47,16,60,76,123
02/26/2016,FMN,NM,ASW,WE,Federal Contract Tower,0,12,2,0,14,0,8,36,13,57,0,20,38,13,71,134,0,134,205
02/27/2016,FMN,NM,ASW,WE,Federal Contract Tower,0,10,1,0,11,0,10,24,0,34,0,20,25,0,45,86,0,86,131
02/28/2016,FMN,NM,ASW,WE,Federal Contract Tower,0,4,0,0,4,0,1,16,1,18,0,5,16,1,22,80,0,80,102
02/29/2016,FMN,NM,ASW,WE,Federal Contract Tower,0,7,9,0,16,0,8,25,6,39,0,15,34,6,55,36,52,88,143
03/01/2016,FMN,NM,ASW,WE,Federal Contract Tower,0,10,1,0,11,0,13,13,0,26,0,23,14,0,37,42,0,42,79
03/02/2016,FMN,NM,ASW,WE,Federal Contract Tower,0,9,3,0,12,0,11,44,0,55,0,20,47,0,67,32,0,32,99
03/03/2016,FMN,NM,ASW,WE,Federal Contract Tower,0,11,3,12,26,0,15,28,6,49,0,26,31,18,75,94,0,94,169
03/04/2016,FMN,NM,ASW,WE,Federal Contract Tower,0,10,3,0,13,0,13,20,12,45,0,23,23,12,58,90,60,150,208
03/05/2016,FMN,NM,ASW,WE,Federal Contract Tower,0,7,2,0,9,0,31,25,4,60,0,38,27,4,69,24,36,60,129
03/06/2016,FMN,NM,ASW,WE,Federal Contract Tower,0,5,2,0,7,0,6,6,8,20,0,11,8,8,27,0,0,0,27
03/07/2016,FMN,NM,ASW,WE,Federal Contract Tower,0,6,9,0,15,0,6,6,0,12,0,12,15,0,27,38,0,38,65
03/08/2016,FMN,NM,ASW,WE,Federal Contract Tower,0,11,1,0,12,0,1,18,0,19,0,12,19,0,31,26,0,26,57
03/09/2016,FMN,NM,ASW,WE,Federal Contract Tower,0,8,6,0,14,0,6,26,0,32,0,14,32,0,46,0,0,0,46
03/10/2016,FMN,NM,ASW,WE,Federal Contract Tower,0,14,8,2,24,0,30,66,0,96,0,44,74,2,120,82,0,82,202
03/11/2016,FMN,NM,ASW,WE,Federal Contract Tower,0,9,5,0,14,0,7,39,0,46,0,16,44,0,60,82,0,82,142
03/12/2016,FMN,NM,ASW,WE,Federal Contract Tower,0,9,2,0,11,0,13,21,0,34,0,22,23,0,45,112,0,112,157
03/13/2016,FMN,NM,ASW,WE,Federal Contract Tower,0,1,4,0,5,0,4,29,0,33,0,5,33,0,38,12,0,12,50
03/14/2016,FMN,NM,ASW,WE,Federal Contract Tower,0,6,4,0,10,0,10,11,0,21,0,16,15,0,31,54,0,54,85
03/15/2016,FMN,NM,ASW,WE,Federal Contract Tower,0,11,1,0,12,0,6,12,0,18,0,17,13,0,30,0,0,0,30
03/16/2016,FMN,NM,ASW,WE,Federal Contract Tower,0,9,0,2,11,0,14,24,2,40,0,23,24,4,51,36,0,36,87
03/17/2016,FMN,NM,ASW,WE,Federal Contract Tower,0,9,2,0,11,0,11,27,4,42,0,20,29,4,53,40,28,68,121
03/18/2016,FMN,NM,ASW,WE,Federal Contract Tower,0,17,5,0,22,0,10,14,0,24,0,27,19,0,46,120,0,120,166
03/19/2016,FMN,NM,ASW,WE,Federal Contract Tower,0,14,2,0,16,0,32,22,2,56,0,46,24,2,72,6,0,6,78
03/20/2016,FMN,NM,ASW,WE,Federal Contract Tower,0,10,1,0,11,0,7,23,0,30,0,17,24,0,41,24,0,24,65
03/21/2016,FMN,NM,ASW,WE,Federal Contract Tower,0,10,6,0,16,0,5,20,0,25,0,15,26,0,41,42,0,42,83
03/22/2016,FMN,NM,ASW,WE,Federal Contract Tower,0,12,1,0,13,0,8,4,2,14,0,20,5,2,27,0,0,0,27
03/23/2016,FMN,NM,ASW,WE,Federal Contract Tower,0,11,3,1,15,0,4,2,0,6,0,15,5,1,21,24,12,36,57
03/24/2016,FMN,NM,ASW,WE,Federal Contract Tower,0,9,1,12,22,0,16,22,0,38,0,25,23,12,60,40,16,56,116
03/25/2016,FMN,NM,ASW,WE,Federal Contract Tower,0,17,0,0,17,0,7,20,1,28,0,24,20,1,45,108,0,108,153
03/26/2016,FMN,NM,ASW,WE,Federal Contract Tower,0,12,2,0,14,0,3,6,0,9,0,15,8,0,23,46,0,46,69
03/27/2016,FMN,NM,ASW,WE,Federal Contract Tower,0,1,1,0,2,0,5,27,0,32,0,6,28,0,34,32,0,32,66
03/28/2016,FMN,NM,ASW,WE,Federal Contract Tower,0,14,1,0,15,0,15,36,0,51,0,29,37,0,66,24,0,24,90
03/29/2016,FMN,NM,ASW,WE,Federal Contract Tower,0,12,3,0,15,0,5,7,0,12,0,17,10,0,27,60,0,60,87
03/30/2016,FMN,NM,ASW,WE,Federal Contract Tower,0,14,4,0,18,0,5,16,1,22,0,19,20,1,40,0,0,0,40
03/31/2016,FMN,NM,ASW,WE,Federal Contract Tower,0,8,4,0,12,0,18,26,0,44,0,26,30,0,56,24,0,24,80
04/01/2016,FMN,NM,ASW,WE,Federal Contract Tower,0,15,2,0,17,0,4,27,1,32,0,19,29,1,49,171,0,171,220
04/02/2016,FMN,NM,ASW,WE,Federal Contract Tower,0,10,2,0,12,0,49,30,0,79,0,59,32,0,91,24,0,24,115
04/03/2016,FMN,NM,ASW,WE,Federal Contract Tower,0,7,1,0,8,0,13,19,0,32,0,20,20,0,40,0,0,0,40
04/04/2016,FMN,NM,ASW,WE,Federal Contract Tower,0,15,2,0,17,0,7,69,0,76,0,22,71,0,93,62,0,62,155
04/05/2016,FMN,NM,ASW,WE,Federal Contract Tower,0,9,2,0,11,0,7,61,0,68,0,16,63,0,79,42,0,42,121
04/06/2016,FMN,NM,ASW,WE,Federal Contract Tower,0,7,2,2,11,0,8,59,4,71,0,15,61,6,82,36,0,36,118
04/07/2016,FMN,NM,ASW,WE,Federal Contract Tower,0,10,6,0,16,0,11,42,0,53,0,21,48,0,69,74,0,74,143
04/08/2016,FMN,NM,ASW,WE,Federal Contract Tower,0,7,3,0,10,0,4,17,1,22,0,11,20,1,32,56,6,62,94
04/09/2016,FMN,NM,ASW,WE,Federal Contract Tower,0,9,0,0,9,0,5,18,0,23,0,14,18,0,32,58,0,58,90
04/10/2016,FMN,NM,ASW,WE,Federal Contract Tower,0,2,1,0,3,0,6,41,0,47,0,8,42,0,50,72,0,72,122
04/11/2016,FMN,NM,ASW,WE,Federal Contract Tower,0,8,9,0,17,0,9,50,4,63,0,17,59,4,80,18,0,18,98
04/12/2016,FMN,NM,ASW,WE,Federal Contract Tower,0,11,0,0,11,0,2,9,6,17,0,13,9,6,28,18,0,18,46
04/13/2016,FMN,NM,ASW,WE,Federal Contract Tower,0,10,2,0,12,0,6,38,0,44,0,16,40,0,56,32,0,32,88
04/14/2016,FMN,NM,ASW,WE,Federal Contract Tower,0,9,2,2,13,0,19,34,2,55,0,28,36,4,68,80,0,80,148
04/15/2016,FMN,NM,ASW,WE,Federal Contract Tower,0,11,8,0,19,0,3,16,2,21,0,14,24,2,40,62,0,62,102
04/16/2016,FMN,NM,ASW,WE,Federal Contract Tower,0,9,1,0,10,0,0,8,0,8,0,9,9,0,18,0,0,0,18
04/17/2016,FMN,NM,ASW,WE,Federal Contract Tower,0,6,4,0,10,0,0,23,3,26,0,6,27,3,36,18,0,18,54
04/18/2016,FMN,NM,ASW,WE,Federal Contract Tower,0,8,2,0,10,0,11,37,0,48,0,19,39,0,58,4,0,4,62
04/19/2016,FMN,NM,ASW,WE,Federal Contract Tower,0,9,8,0,17,0,6,20,2,28,0,15,28,2,45,40,8,48,93
04/20/2016,FMN,NM,ASW,WE,Federal Contract Tower,0,5,3,0,8,0,12,19,6,37,0,17,22,6,45,66,0,66,111
04/21/2016,FMN,NM,ASW,WE,Federal Contract Tower,0,13,3,0,16,0,17,15,0,32,0,30,18,0,48,116,0,116,164
04/22/2016,FMN,NM,ASW,WE,Federal Contract Tower,0,13,6,0,19,0,13,27,1,41,0,26,33,1,60,78,0,78,138
04/23/2016,FMN,NM,ASW,WE,Federal Contract Tower,0,12,3,0,15,0,2,17,1,20,0,14,20,1,35,70,0,70,105
04/24/2016,FMN,NM,ASW,WE,Federal Contract Tower,0,3,1,0,4,0,10,20,0,30,0,13,21,0,34,88,0,88,122
04/25/2016,FMN,NM,ASW,WE,Federal Contract Tower,0,5,3,0,8,0,4,41,0,45,0,9,44,0,53,0,0,0,53
04/26/2016,FMN,NM,ASW,WE,Federal Contract Tower,0,10,8,0,18,0,12,19,0,31,0,22,27,0,49,60,0,60,109
04/27/2016,FMN,NM,ASW,WE,Federal Contract Tower,0,6,5,0,11,0,8,18,4,30,0,14,23,4,41,36,26,62,103
04/28/2016,FMN,NM,ASW,WE,Federal Contract Tower,0,9,8,0,17,0,18,8,0,26,0,27,16,0,43,20,0,20,63
04/29/2016,FMN,NM,ASW,WE,Federal Contract Tower,0,23,4,0,27,0,4,22,0,26,0,27,26,0,53,50,0,50,103
04/30/2016,FMN,NM,ASW,WE,Federal Contract Tower,0,9,0,0,9,0,50,13,0,63,0,59,13,0,72,48,0,48,120
05/01/2016,FMN,NM,ASW,WE,Federal Contract Tower,0,5,8,0,13,0,2,3,0,5,0,7,11,0,18,0,0,0,18
05/02/2016,FMN,NM,ASW,WE,Federal Contract Tower,0,5,0,1,6,0,7,26,2,35,0,12,26,3,41,66,0,66,107
05/03/2016,FMN,NM,ASW,WE,Federal Contract Tower,0,11,1,5,17,0,18,117,1,136,0,29,118,6,153,12,4,16,169
05/04/2016,FMN,NM,ASW,WE,Federal Contract Tower,0,9,9,1,19,0,22,60,2,84,0,31,69,3,103,68,14,82,185
05/05/2016,FMN,NM,ASW,WE,Federal Contract Tower,0,5,7,0,12,0,21,19,0,40,0,26,26,0,52,36,0,36,88
05/06/2016,FMN,NM,ASW,WE,Federal Contract Tower,0,8,3,0,11,0,3,29,5,37,0,11,32,5,48,54,0,54,102
05/07/2016,FMN,NM,ASW,WE,Federal Contract Tower,0,6,5,0,11,0,7,17,0,24,0,13,22,0,35,62,0,62,97
05/08/2016,FMN,NM,ASW,WE,Federal Contract Tower,0,1,1,0,2,0,5,15,0,20,0,6,16,0,22,36,0,36,58
05/09/2016,FMN,NM,ASW,WE,Federal Contract Tower,0,4,8,0,12,0,7,4,2,13,0,11,12,2,25,0,0,0,25
05/10/2016,FMN,NM,ASW,WE,Federal Contract Tower,0,8,12,0,20,0,10,24,6,40,0,18,36,6,60,10,0,10,70
05/11/2016,FMN,NM,ASW,WE,Federal Contract Tower,0,11,5,0,16,0,6,19,4,29,0,17,24,4,45,34,0,34,79
05/12/2016,FMN,NM,ASW,WE,Federal Contract Tower,0,7,5,0,12,0,22,27,0,49,0,29,32,0,61,66,0,66,127
05/13/2016,FMN,NM,ASW,WE,Federal Contract Tower,0,6,8,0,14,0,6,0,0,6,0,12,8,0,20,66,24,90,110
05/14/2016,FMN,NM,ASW,WE,Federal Contract Tower,0,16,2,0,18,0,4,21,0,25,0,20,23,0,43,0,0,0,43
05/15/2016,FMN,NM,ASW,WE,Federal Contract Tower,0,0,5,2,7,0,14,10,0,24,0,14,15,2,31,20,0,20,51
05/16/2016,FMN,NM,ASW,WE,Federal Contract Tower,0,12,11,0,23,0,3,19,2,24,0,15,30,2,47,4,6,10,57
05/17/2016,FMN,NM,ASW,WE,Federal Contract Tower,0,6,5,0,11,0,11,13,2,26,0,17,18,2,37,0,0,0,37
05/18/2016,FMN,NM,ASW,WE,Federal Contract Tower,0,14,0,0,14,0,11,1,0,12,0,25,1,0,26,32,0,32,58
05/19/2016,FMN,NM,ASW,WE,Federal Contract Tower,0,10,3,1,14,0,9,21,1,31,0,19,24,2,45,24,14,38,83
05/20/2016,FMN,NM,ASW,WE,Federal Contract Tower,0,6,7,0,13,0,25,19,0,44,0,31,26,0,57,60,0,60,117
05/21/2016,FMN,NM,ASW,WE,Federal Contract Tower,0,9,0,0,9,0,9,21,6,36,0,18,21,6,45,12,0,12,57
05/22/2016,FMN,NM,ASW,WE,Federal Contract Tower,0,2,2,0,4,0,11,23,2,36,0,13,25,2,40,18,0,18,58
05/23/2016,FMN,NM,ASW,WE,Federal Contract Tower,0,5,5,0,10,0,16,25,3,44,0,21,30,3,54,30,44,74,128
05/24/2016,FMN,NM,ASW,WE,Federal Contract Tower,0,6,8,0,14,0,1,27,0,28,0,7,35,0,42,64,0,64,106
05/25/2016,FMN,NM,ASW,WE,Federal Contract Tower,0,12,9,2,23,0,2,27,0,29,0,14,36,2,52,86,0,86,138
05/26/2016,FMN,NM,ASW,WE,Federal Contract Tower,0,9,1,0,10,0,15,14,0,29,0,24,15,0,39,0,0,0,39
05/27/2016,FMN,NM,ASW,WE,Federal Contract Tower,0,12,3,0,15,0,8,29,0,37,0,20,32,0,52,30,0,30,82
05/28/2016,FMN,NM,ASW,WE,Federal Contract Tower,0,4,1,0,5,0,6,22,0,28,0,10,23,0,33,54,0,54,87
05/29/2016,FMN,NM,ASW,WE,Federal Contract Tower,0,0,0,0,0,0,3,12,0,15,0,3,12,0,15,30,0,30,45
05/30/2016,FMN,NM,ASW,WE,Federal Contract Tower,0,6,2,0,8,0,2,32,0,34,0,8,34,0,42,20,0,20,62
05/31/2016,FMN,NM,ASW,WE,Federal Contract Tower,0,9,5,1,15,0,11,19,0,30,0,20,24,1,45,54,0,54,99
06/01/2016,FMN,NM,ASW,WE,Federal Contract Tower,2,8,2,0,12,0,0,39,0,39,2,8,41,0,51,50,0,50,101
06/02/2016,FMN,NM,ASW,WE,Federal Contract Tower,0,7,4,0,11,0,9,26,0,35,0,16,30,0,46,88,0,88,134
06/03/2016,FMN,NM,ASW,WE,Federal Contract Tower,0,8,6,0,14,0,9,36,0,45,0,17,42,0,59,80,0,80,139
06/04/2016,FMN,NM,ASW,WE,Federal Contract Tower,0,8,1,0,9,0,4,23,5,32,0,12,24,5,41,20,0,20,61
06/05/2016,FMN,NM,ASW,WE,Federal Contract Tower,0,0,3,0,3,0,10,19,0,29,0,10,22,0,32,18,0,18,50
06/06/2016,FMN,NM,ASW,WE,Federal Contract Tower,0,5,5,1,11,0,39,31,2,72,0,44,36,3,83,20,22,42,125
06/07/2016,FMN,NM,ASW,WE,Federal Contract Tower,0,6,0,2,8,0,12,21,8,41,0,18,21,10,49,52,10,62,111
06/08/2016,FMN,NM,ASW,WE,Federal Contract Tower,0,11,4,0,15,0,4,29,2,35,0,15,33,2,50,44,12,56,106
06/09/2016,FMN,NM,ASW,WE,Federal Contract Tower,1,11,2,0,14,0,17,21,1,39,1,28,23,1,53,46,0,46,99
06/10/2016,FMN,NM,ASW,WE,Federal Contract Tower,0,9,2,1,12,0,7,28,0,35,0,16,30,1,47,76,4,80,127
06/11/2016,FMN,NM,ASW,WE,Federal Contract Tower,0,8,1,0,9,0,5,20,0,25,0,13,21,0,34,52,0,52,86
06/12/2016,FMN,NM,ASW,WE,Federal Contract Tower,0,0,6,1,7,0,9,12,0,21,0,9,18,1,28,34,0,34,62
06/13/2016,FMN,NM,ASW,WE,Federal Contract Tower,0,9,2,0,11,0,0,34,0,34,0,9,36,0,45,14,0,14,59
06/14/2016,FMN,NM,ASW,WE,Federal Contract Tower,0,4,11,0,15,0,15,40,0,55,0,19,51,0,70,78,0,78,148
06/15/2016,FMN,NM,ASW,WE,Federal Contract Tower,0,5,5,0,10,0,2,46,4,52,0,7,51,4,62,98,58,156,218
06/16/2016,FMN,NM,ASW,WE,Federal Contract Tower,0,5,6,0,11,0,39,75,0,114,0,44,81,0,125,60,0,60,185
06/17/2016,FMN,NM,ASW,WE,Federal Contract Tower,0,6,4,2,12,0,5,39,5,49,0,11,43,7,61,58,42,100,161
06/18/2016,FMN,NM,ASW,WE,Federal Contract Tower,0,9,1,0,10,0,3,16,0,19,0,12,17,0,29,34,0,34,63
06/19/2016,FMN,NM,ASW,WE,Federal Contract Tower,0,1,5,0,6,0,4,16,0,20,0,5,21,0,26,0,0,0,26
06/20/2016,FMN,NM,ASW,WE,Federal Contract Tower,0,12,4,0,16,0,8,47,0,55,0,20,51,0,71,0,0,0,71
06/21/2016,FMN,NM,ASW,WE,Federal Contract Tower,0,7,3,0,10,0,9,29,0,38,0,16,32,0,48,68,0,68,116
06/22/2016,FMN,NM,ASW,WE,Federal Contract Tower,0,10,2,0,12,0,4,15,0,19,0,14,17,0,31,68,0,68,99
06/23/2016,FMN,NM,ASW,WE,Federal Contract Tower,0,7,7,0,14,0,8,41,0,49,0,15,48,0,63,62,0,62,125
06/24/2016,FMN,NM,ASW,WE,Federal Contract Tower,0,6,6,0,12,0,6,26,3,35,0,12,32,3,47,32,0,32,79
06/25/2016,FMN,NM,ASW,WE,Federal Contract Tower,0,4,0,0,4,0,6,19,13,38,0,10,19,13,42,16,4,20,62
06/26/2016,FMN,NM,ASW,WE,Federal Contract Tower,0,1,2,0,3,0,4,19,0,23,0,5,21,0,26,0,0,0,26
06/27/2016,FMN,NM,ASW,WE,Federal Contract Tower,0,10,8,0,18,0,2,17,0,19,0,12,25,0,37,0,0,0,37
06/28/2016,FMN,NM,ASW,WE,Federal Contract Tower,0,10,0,0,10,0,3,34,0,37,0,13,34,0,47,30,0,30,77
06/29/2016,FMN,NM,ASW,WE,Federal Contract Tower,0,8,14,0,22,0,10,16,3,29,0,18,30,3,51,58,6,64,115
06/30/2016,FMN,NM,ASW,WE,Federal Contract Tower,0,12,2,0,14,0,9,66,12,87,0,21,68,12,101,80,0,80,181
07/01/2016,FMN,NM,ASW,WE,Federal Contract Tower,0,11,3,0,14,0,4,21,0,25,0,15,24,0,39,60,0,60,99
07/02/2016,FMN,NM,ASW,WE,Federal Contract Tower,0,6,1,0,7,0,3,18,0,21,0,9,19,0,28,0,0,0,28
07/03/2016,FMN,NM,ASW,WE,Federal Contract Tower,0,0,2,0,2,0,2,17,0,19,0,2,19,0,21,28,0,28,49
07/04/2016,FMN,NM,ASW,WE,Federal Contract Tower,0,2,0,0,2,0,0,16,0,16,0,2,16,0,18,8,0,8,26
07/05/2016,FMN,NM,ASW,WE,Federal Contract Tower,0,7,0,0,7,0,8,17,0,25,0,15,17,0,32,0,0,0,32
07/06/2016,FMN,NM,ASW,WE,Federal Contract Tower,0,10,2,0,12,0,10,33,3,46,0,20,35,3,58,80,24,104,162
07/07/2016,FMN,NM,ASW,WE,Federal Contract Tower,0,10,3,0,13,0,9,11,0,20,0,19,14,0,33,72,0,72,105
07/08/2016,FMN,NM,ASW,WE,Federal Contract Tower,0,7,7,0,14,0,6,39,0,45,0,13,46,0,59,12,0,12,71
07/09/2016,FMN,NM,ASW,WE,Federal Contract Tower,0,10,3,0,13,0,4,26,0,30,0,14,29,0,43,60,0,60,103
07/10/2016,FMN,NM,ASW,WE,Federal Contract Tower,0,0,3,0,3,0,5,36,0,41,0,5,39,0,44,64,0,64,108
07/11/2016,FMN,NM,ASW,WE,Federal Contract Tower,0,5,6,0,11,0,25,31,0,56,0,30,37,0,67,86,0,86,153
07/12/2016,FMN,NM,ASW,WE,Federal Contract Tower,0,7,1,0,8,0,10,25,0,35,0,17,26,0,43,46,0,46,89
07/13/2016,FMN,NM,ASW,WE,Federal Contract Tower,0,10,7,0,17,0,8,23,0,31,0,18,30,0,48,66,0,66,114
07/14/2016,FMN,NM,ASW,WE,Federal Contract Tower,0,7,3,0,10,0,6,38,1,45,0,13,41,1,55,58,8,66,121
07/15/2016,FMN,NM,ASW,WE,Federal Contract Tower,0,7,4,0,11,0,4,22,2,28,0,11,26,2,39,36,0,36,75
07/16/2016,FMN,NM,ASW,WE,Federal Contract Tower,0,5,3,0,8,0,4,26,0,30,0,9,29,0,38,40,0,40,78
07/17/2016,FMN,NM,ASW,WE,Federal Contract Tower,0,2,0,0,2,0,5,29,0,34,0,7,29,0,36,64,0,64,100
07/18/2016,FMN,NM,ASW,WE,Federal Contract Tower,0,2,2,0,4,0,6,37,5,48,0,8,39,5,52,0,0,0,52
07/19/2016,FMN,NM,ASW,WE,Federal Contract Tower,0,9,4,0,13,0,4,33,0,37,0,13,37,0,50,76,0,76,126
07/20/2016,FMN,NM,ASW,WE,Federal Contract Tower,0,8,8,0,16,0,5,21,2,28,0,13,29,2,44,64,0,64,108
07/21/2016,FMN,NM,ASW,WE,Federal Contract Tower,0,11,0,0,11,0,6,9,5,20,0,17,9,5,31,68,0,68,99
07/22/2016,FMN,NM,ASW,WE,Federal Contract Tower,0,9,1,0,10,0,10,21,6,37,0,19,22,6,47,44,0,44,91
07/23/2016,FMN,NM,ASW,WE,Federal Contract Tower,0,5,3,0,8,0,4,27,0,31,0,9,30,0,39,38,0,38,77
07/24/2016,FMN,NM,ASW,WE,Federal Contract Tower,0,5,2,0,7,0,10,21,0,31,0,15,23,0,38,20,0,20,58
07/25/2016,FMN,NM,ASW,WE,Federal Contract Tower,0,21,11,0,32,0,16,26,0,42,0,37,37,0,74,0,0,0,74
07/26/2016,FMN,NM,ASW,WE,Federal Contract Tower,0,5,0,0,5,0,12,24,0,36,0,17,24,0,41,32,0,32,73
07/27/2016,FMN,NM,ASW,WE,Federal Contract Tower,0,8,2,0,10,0,2,17,3,22,0,10,19,3,32,84,0,84,116
07/28/2016,FMN,NM,ASW,WE,Federal Contract Tower,0,7,4,0,11,0,2,24,0,26,0,9,28,0,37,78,0,78,115
07/29/2016,FMN,NM,ASW,WE,Federal Contract Tower,0,7,9,0,16,0,9,26,0,35,0,16,35,0,51,58,0,58,109
07/30/2016,FMN,NM,ASW,WE,Federal Contract Tower,0,5,0,0,5,0,3,15,0,18,0,8,15,0,23,32,0,32,55
07/31/2016,FMN,NM,ASW,WE,Federal Contract Tower,0,3,2,0,5,0,2,14,0,16,0,5,16,0,21,34,0,34,55
08/01/2016,FMN,NM,ASW,WE,Federal Contract Tower,0,5,8,0,13,0,6,9,11,26,0,11,17,11,39,18,42,60,99
08/02/2016,FMN,NM,ASW,WE,Federal Contract Tower,0,6,4,2,12,0,7,14,0,21,0,13,18,2,33,50,0,50,83
08/03/2016,FMN,NM,ASW,WE,Federal Contract Tower,0,9,2,0,11,0,7,25,6,38,0,16,27,6,49,30,50,80,129
08/04/2016,FMN,NM,ASW,WE,Federal Contract Tower,0,5,4,0,9,0,11,6,0,17,0,16,10,0,26,20,0,20,46
08/05/2016,FMN,NM,ASW,WE,Federal Contract Tower,0,10,4,0,14,0,5,12,0,17,0,15,16,0,31,12,0,12,43
08/06/2016,FMN,NM,ASW,WE,Federal Contract Tower,0,9,2,0,11,0,11,14,0,25,0,20,16,0,36,28,0,28,64
08/07/2016,FMN,NM,ASW,WE,Federal Contract Tower,0,0,4,0,4,0,1,26,0,27,0,1,30,0,31,68,0,68,99
08/08/2016,FMN,NM,ASW,WE,Federal Contract Tower,0,4,3,0,7,0,16,19,0,35,0,20,22,0,42,20,0,20,62
08/09/2016,FMN,NM,ASW,WE,Federal Contract Tower,0,3,0,0,3,0,8,58,2,68,0,11,58,2,71,74,0,74,145
08/10/2016,FMN,NM,ASW,WE,Federal Contract Tower,0,8,0,0,8,0,18,18,2,38,0,26,18,2,46,46,16,62,108
08/11/2016,FMN,NM,ASW,WE,Federal Contract Tower,0,8,1,0,9,0,10,37,0,47,0,18,38,0,56,52,0,52,108
08/12/2016,FMN,NM,ASW,WE,Federal Contract Tower,0,4,3,2,9,0,10,30,5,45,0,14,33,7,54,66,118,184,238
08/13/2016,FMN,NM,ASW,WE,Federal Contract Tower,0,3,1,0,4,0,14,15,0,29,0,17,16,0,33,0,0,0,33
08/14/2016,FMN,NM,ASW,WE,Federal Contract Tower,0,1,7,0,8,0,10,15,6,31,0,11,22,6,39,50,0,50,89
08/15/2016,FMN,NM,ASW,WE,Federal Contract Tower,0,3,9,0,12,0,7,33,0,40,0,10,42,0,52,40,0,40,92
08/16/2016,FMN,NM,ASW,WE,Federal Contract Tower,0,9,1,0,10,0,11,11,4,26,0,20,12,4,36,0,68,68,104
08/17/2016,FMN,NM,ASW,WE,Federal Contract Tower,0,7,0,0,7,0,8,29,8,45,0,15,29,8,52,72,0,72,124
08/18/2016,FMN,NM,ASW,WE,Federal Contract Tower,0,6,4,0,10,0,9,22,0,31,0,15,26,0,41,62,0,62,103
08/19/2016,FMN,NM,ASW,WE,Federal Contract Tower,0,10,6,0,16,0,6,17,6,29,0,16,23,6,45,38,0,38,83
08/20/2016,FMN,NM,ASW,WE,Federal Contract Tower,0,4,6,0,10,0,10,16,0,26,0,14,22,0,36,42,0,42,78
08/21/2016,FMN,NM,ASW,WE,Federal Contract Tower,0,1,2,0,3,0,5,27,6,38,0,6,29,6,41,44,0,44,85
08/22/2016,FMN,NM,ASW,WE,Federal Contract Tower,0,7,0,0,7,0,2,23,1,26,0,9,23,1,33,0,0,0,33
08/23/2016,FMN,NM,ASW,WE,Federal Contract Tower,0,12,2,0,14,0,8,21,1,30,0,20,23,1,44,34,0,34,78
08/24/2016,FMN,NM,ASW,WE,Federal Contract Tower,0,8,6,0,14,0,16,17,12,45,0,24,23,12,59,40,16,56,115
08/25/2016,FMN,NM,ASW,WE,Federal Contract Tower,0,11,5,0,16,0,8,33,4,45,0,19,38,4,61,50,0,50,111
08/26/2016,FMN,NM,ASW,WE,Federal Contract Tower,0,11,3,0,14,0,8,31,0,39,0,19,34,0,53,20,0,20,73
08/27/2016,FMN,NM,ASW,WE,Federal Contract Tower,0,8,2,0,10,0,9,23,0,32,0,17,25,0,42,38,0,38,80
08/28/2016,FMN,NM,ASW,WE,Federal Contract Tower,0,0,2,0,2,0,2,25,0,27,0,2,27,0,29,84,0,84,113
08/29/2016,FMN,NM,ASW,WE,Federal Contract Tower,0,2,3,0,5,0,35,32,0,67,0,37,35,0,72,26,0,26,98
08/30/2016,FMN,NM,ASW,WE,Federal Contract Tower,0,10,2,0,12,0,14,36,2,52,0,24,38,2,64,50,0,50,114
08/31/2016,FMN,NM,ASW,WE,Federal Contract Tower,0,10,4,0,14,0,6,21,0,27,0,16,25,0,41,70,0,70,111
09/01/2016,FMN,NM,ASW,WE,Federal Contract Tower,0,12,7,0,19,0,11,14,0,25,0,23,21,0,44,38,0,38,82
09/02/2016,FMN,NM,ASW,WE,Federal Contract Tower,0,9,5,0,14,0,6,19,2,27,0,15,24,2,41,12,0,12,53
09/03/2016,FMN,NM,ASW,WE,Federal Contract Tower,0,3,2,0,5,0,11,13,0,24,0,14,15,0,29,26,0,26,55
09/04/2016,FMN,NM,ASW,WE,Federal Contract Tower,0,1,4,0,5,0,8,9,0,17,0,9,13,0,22,0,0,0,22
09/05/2016,FMN,NM,ASW,WE,Federal Contract Tower,0,2,2,0,4,0,16,36,0,52,0,18,38,0,56,24,0,24,80
09/06/2016,FMN,NM,ASW,WE,Federal Contract Tower,0,6,1,0,7,0,9,13,0,22,0,15,14,0,29,0,0,0,29
09/07/2016,FMN,NM,ASW,WE,Federal Contract Tower,0,5,0,0,5,0,9,14,0,23,0,14,14,0,28,84,0,84,112
09/08/2016,FMN,NM,ASW,WE,Federal Contract Tower,0,6,1,0,7,0,4,36,0,40,0,10,37,0,47,84,0,84,131
09/09/2016,FMN,NM,ASW,WE,Federal Contract Tower,0,6,2,54,62,0,6,22,6,34,0,12,24,60,96,42,0,42,138
09/10/2016,FMN,NM,ASW,WE,Federal Contract Tower,0,4,1,0,5,0,16,34,0,50,0,20,35,0,55,74,0,74,129
09/11/2016,FMN,NM,ASW,WE,Federal Contract Tower,0,1,1,0,2,0,5,39,4,48,0,6,40,4,50,70,0,70,120
09/12/2016,FMN,NM,ASW,WE,Federal Contract Tower,0,8,1,0,9,0,16,45,0,61,0,24,46,0,70,34,0,34,104
09/13/2016,FMN,NM,ASW,WE,Federal Contract Tower,0,15,1,2,18,0,7,21,0,28,0,22,22,2,46,46,30,76,122
09/14/2016,FMN,NM,ASW,WE,Federal Contract Tower,0,11,1,0,12,0,7,19,2,28,0,18,20,2,40,50,0,50,90
09/15/2016,FMN,NM,ASW,WE,Federal Contract Tower,0,7,3,0,10,0,8,32,1,41,0,15,35,1,51,36,22,58,109
09/16/2016,FMN,NM,ASW,WE,Federal Contract Tower,0,11,6,0,17,0,8,27,0,35,0,19,33,0,52,64,0,64,116
09/17/2016,FMN,NM,ASW,WE,Federal Contract Tower,0,4,1,0,5,0,8,8,0,16,0,12,9,0,21,30,0,30,51
09/18/2016,FMN,NM,ASW,WE,Federal Contract Tower,0,2,6,0,8,0,16,19,0,35,0,18,25,0,43,30,0,30,73
09/19/2016,FMN,NM,ASW,WE,Federal Contract Tower,0,5,8,0,13,0,14,18,0,32,0,19,26,0,45,2,0,2,47
09/20/2016,FMN,NM,ASW,WE,Federal Contract Tower,0,9,1,0,10,0,6,23,0,29,0,15,24,0,39,80,0,80,119
09/21/2016,FMN,NM,ASW,WE,Federal Contract Tower,0,10,6,0,16,0,18,7,0,25,0,28,13,0,41,58,0,58,99
09/22/2016,FMN,NM,ASW,WE,Federal Contract Tower,0,12,1,1,14,0,1,18,2,21,0,13,19,3,35,80,0,80,115
09/23/2016,FMN,NM,ASW,WE,Federal Contract Tower,0,7,4,0,11,0,9,10,0,19,0,16,14,0,30,0,0,0,30
09/24/2016,FMN,NM,ASW,WE,Federal Contract Tower,0,6,2,0,8,0,14,28,0,42,0,20,30,0,50,96,0,96,146
09/25/2016,FMN,NM,ASW,WE,Federal Contract Tower,0,0,1,0,1,0,3,30,0,33,0,3,31,0,34,18,0,18,52
09/26/2016,FMN,NM,ASW,WE,Federal Contract Tower,0,5,10,0,15,0,13,21,0,34,0,18,31,0,49,0,0,0,49
09/27/2016,FMN,NM,ASW,WE,Federal Contract Tower,0,6,2,0,8,0,31,75,0,106,0,37,77,0,114,60,0,60,174
09/28/2016,FMN,NM,ASW,WE,Federal Contract Tower,0,11,11,0,22,0,26,31,0,57,0,37,42,0,79,36,0,36,115
09/29/2016,FMN,NM,ASW,WE,Federal Contract Tower,0,12,23,0,35,0,6,14,0,20,0,18,37,0,55,66,0,66,121
09/30/2016,FMN,NM,ASW,WE,Federal Contract Tower,0,12,2,0,14,0,11,28,0,39,0,23,30,0,53,50,0,50,103
10/01/2016,FMN,NM,ASW,WE,Federal Contract Tower,0,9,1,0,10,0,8,32,0,40,0,17,33,0,50,76,0,76,126
10/02/2016,FMN,NM,ASW,WE,Federal Contract Tower,0,4,4,0,8,0,14,13,0,27,0,18,17,0,35,42,0,42,77
10/03/2016,FMN,NM,ASW,WE,Federal Contract Tower,0,16,5,0,21,0,24,20,0,44,0,40,25,0,65,0,0,0,65
10/04/2016,FMN,NM,ASW,WE,Federal Contract Tower,0,10,3,0,13,0,16,47,1,64,0,26,50,1,77,110,0,110,187
10/05/2016,FMN,NM,ASW,WE,Federal Contract Tower,0,13,0,0,13,0,10,30,0,40,0,23,30,0,53,30,0,30,83
10/06/2016,FMN,NM,ASW,WE,Federal Contract Tower,0,8,4,0,12,0,12,28,0,40,0,20,32,0,52,48,0,48,100
10/07/2016,FMN,NM,ASW,WE,Federal Contract Tower,0,13,6,0,19,0,7,26,0,33,0,20,32,0,52,44,0,44,96
10/08/2016,FMN,NM,ASW,WE,Federal Contract Tower,0,10,3,0,13,0,8,25,0,33,0,18,28,0,46,50,0,50,96
10/09/2016,FMN,NM,ASW,WE,Federal Contract Tower,0,6,5,0,11,0,6,9,0,15,0,12,14,0,26,0,0,0,26
10/10/2016,FMN,NM,ASW,WE,Federal Contract Tower,0,15,1,0,16,0,3,60,0,63,0,18,61,0,79,66,0,66,145
10/11/2016,FMN,NM,ASW,WE,Federal Contract Tower,0,15,5,1,21,0,12,35,0,47,0,27,40,1,68,74,0,74,142
10/12/2016,FMN,NM,ASW,WE,Federal Contract Tower,0,14,3,0,17,0,16,28,2,46,0,30,31,2,63,0,40,40,103
10/13/2016,FMN,NM,ASW,WE,Federal Contract Tower,0,13,6,0,19,0,5,30,3,38,0,18,36,3,57,70,0,70,127
10/14/2016,FMN,NM,ASW,WE,Federal Contract Tower,0,10,3,4,17,0,9,35,2,46,0,19,38,6,63,86,0,86,149
10/15/2016,FMN,NM,ASW,WE,Federal Contract Tower,0,8,4,0,12,0,8,23,0,31,0,16,27,0,43,44,0,44,87
10/16/2016,FMN,NM,ASW,WE,Federal Contract Tower,0,5,1,0,6,0,0,17,0,17,0,5,18,0,23,0,0,0,23
10/17/2016,FMN,NM,ASW,WE,Federal Contract Tower,0,11,2,0,13,0,4,27,0,31,0,15,29,0,44,10,0,10,54
10/18/2016,FMN,NM,ASW,WE,Federal Contract Tower,0,11,12,0,23,0,7,24,2,33,0,18,36,2,56,64,0,64,120
10/19/2016,FMN,NM,ASW,WE,Federal Contract Tower,0,15,9,0,24,0,14,24,0,38,0,29,33,0,62,40,0,40,102
10/20/2016,FMN,NM,ASW,WE,Federal Contract Tower,0,17,7,0,24,0,11,36,0,47,0,28,43,0,71,44,0,44,115
10/21/2016,FMN,NM,ASW,WE,Federal Contract Tower,0,16,11,1,28,0,3,31,1,35,0,19,42,2,63,42,0,42,105
10/22/2016,FMN,NM,ASW,WE,Federal Contract Tower,0,13,5,0,18,0,6,21,0,27,0,19,26,0,45,46,0,46,91
10/23/2016,FMN,NM,ASW,WE,Federal Contract Tower,0,7,4,0,11,0,10,21,0,31,0,17,25,0,42,12,0,12,54
10/24/2016,FMN,NM,ASW,WE,Federal Contract Tower,0,11,9,0,20,0,10,15,0,25,0,21,24,0,45,0,0,0,45
10/25/2016,FMN,NM,ASW,WE,Federal Contract Tower,0,17,5,0,22,0,8,32,0,40,0,25,37,0,62,70,0,70,132
10/26/2016,FMN,NM,ASW,WE,Federal Contract Tower,0,13,4,0,17,0,4,32,0,36,0,17,36,0,53,66,0,66,119
10/27/2016,FMN,NM,ASW,WE,Federal Contract Tower,0,14,3,0,17,0,2,0,0,2,0,16,3,0,19,74,0,74,93
10/28/2016,FMN,NM,ASW,WE,Federal Contract Tower,0,12,5,0,17,0,4,30,0,34,0,16,35,0,51,48,0,48,99
10/29/2016,FMN,NM,ASW,WE,Federal Contract Tower,0,11,4,0,15,0,6,10,0,16,0,17,14,0,31,38,0,38,69
10/30/2016,FMN,NM,ASW,WE,Federal Contract Tower,0,7,1,0,8,0,5,15,0,20,0,12,16,0,28,0,0,0,28
10/31/2016,FMN,NM,ASW,WE,Federal Contract Tower,0,10,2,0,12,0,17,32,0,49,0,27,34,0,61,14,0,14,75
11/01/2016,FMN,NM,ASW,WE,Federal Contract Tower,0,13,4,0,17,0,14,33,0,47,0,27,37,0,64,46,0,46,110
11/02/2016,FMN,NM,ASW,WE,Federal Contract Tower,0,15,5,0,20,0,6,27,0,33,0,21,32,0,53,68,0,68,121
11/03/2016,FMN,NM,ASW,WE,Federal Contract Tower,0,16,5,0,21,0,0,35,0,35,0,16,40,0,56,60,0,60,116
11/04/2016,FMN,NM,ASW,WE,Federal Contract Tower,0,12,12,0,24,0,7,11,0,18,0,19,23,0,42,0,0,0,42
11/05/2016,FMN,NM,ASW,WE,Federal Contract Tower,0,10,0,0,10,0,3,6,0,9,0,13,6,0,19,0,0,0,19
11/06/2016,FMN,NM,ASW,WE,Federal Contract Tower,0,11,6,0,17,0,6,18,0,24,0,17,24,0,41,12,0,12,53
11/07/2016,FMN,NM,ASW,WE,Federal Contract Tower,0,10,5,0,15,0,14,17,2,33,0,24,22,2,48,62,0,62,110
11/08/2016,FMN,NM,ASW,WE,Federal Contract Tower,0,12,3,0,15,0,18,68,0,86,0,30,71,0,101,80,0,80,181
11/09/2016,FMN,NM,ASW,WE,Federal Contract Tower,0,9,1,0,10,0,3,20,2,25,0,12,21,2,35,82,0,82,117
11/10/2016,FMN,NM,ASW,WE,Federal Contract Tower,0,16,8,0,24,0,8,37,9,54,0,24,45,9,78,42,0,42,120
11/11/2016,FMN,NM,ASW,WE,Federal Contract Tower,0,20,3,0,23,0,7,42,0,49,0,27,45,0,72,98,0,98,170
11/12/2016,FMN,NM,ASW,WE,Federal Contract Tower,0,5,3,0,8,0,6,40,0,46,0,11,43,0,54,64,0,64,118
11/13/2016,FMN,NM,ASW,WE,Federal Contract Tower,0,5,3,0,8,0,11,20,0,31,0,16,23,0,39,36,0,36,75
11/14/2016,FMN,NM,ASW,WE,Federal Contract Tower,0,13,5,0,18,0,2,38,2,42,0,15,43,2,60,18,0,18,78
11/15/2016,FMN,NM,ASW,WE,Federal Contract Tower,0,17,0,0,17,0,13,28,0,41,0,30,28,0,58,60,0,60,118
11/16/2016,FMN,NM,ASW,WE,Federal Contract Tower,0,10,6,0,16,0,3,26,0,29,0,13,32,0,45,62,0,62,107
11/17/2016,FMN,NM,ASW,WE,Federal Contract Tower,0,21,3,0,24,0,1,4,1,6,0,22,7,1,30,52,0,52,82
11/18/2016,FMN,NM,ASW,WE,Federal Contract Tower,0,14,5,0,19,0,5,18,1,24,0,19,23,1,43,58,8,66,109
11/19/2016,FMN,NM,ASW,WE,Federal Contract Tower,0,14,3,0,17,0,6,32,3,41,0,20,35,3,58,116,0,116,174
11/20/2016,FMN,NM,ASW,WE,Federal Contract Tower,0,6,4,0,10,0,4,27,2,33,0,10,31,2,43,72,0,72,115
11/21/2016,FMN,NM,ASW,WE,Federal Contract Tower,0,11,3,1,15,0,0,7,0,7,0,11,10,1,22,0,4,4,26
11/22/2016,FMN,NM,ASW,WE,Federal Contract Tower,0,16,0,0,16,0,6,9,0,15,0,22,9,0,31,0,0,0,31
11/23/2016,FMN,NM,ASW,WE,Federal Contract Tower,0,9,6,0,15,0,5,58,1,64,0,14,64,1,79,92,20,112,191
11/24/2016,FMN,NM,ASW,WE,Federal Contract Tower,0,6,0,0,6,0,5,20,0,25,0,11,20,0,31,8,0,8,39
11/25/2016,FMN,NM,ASW,WE,Federal Contract Tower,0,15,1,0,16,0,4,29,0,33,0,19,30,0,49,48,0,48,97
11/26/2016,FMN,NM,ASW,WE,Federal Contract Tower,0,10,3,0,13,0,6,24,0,30,0,16,27,0,43,28,0,28,71
11/27/2016,FMN,NM,ASW,WE,Federal Contract Tower,0,5,7,0,12,0,7,5,0,12,0,12,12,0,24,0,0,0,24
11/28/2016,FMN,NM,ASW,WE,Federal Contract Tower,0,16,6,0,22,0,8,10,0,18,0,24,16,0,40,8,0,8,48
11/29/2016,FMN,NM,ASW,WE,Federal Contract Tower,0,16,1,0,17,0,24,13,0,37,0,40,14,0,54,28,0,28,82
11/30/2016,FMN,NM,ASW,WE,Federal Contract Tower,0,9,1,0,10,0,4,31,2,37,0,13,32,2,47,58,0,58,105
12/01/2016,FMN,NM,ASW,WE,Federal Contract Tower,0,11,3,0,14,0,5,32,0,37,0,16,35,0,51,60,0,60,111
12/02/2016,FMN,NM,ASW,WE,Federal Contract Tower,0,16,5,0,21,0,4,16,0,20,0,20,21,0,41,34,0,34,75
12/03/2016,FMN,NM,ASW,WE,Federal Contract Tower,0,9,3,0,12,0,7,11,0,18,0,16,14,0,30,2,0,2,32
12/04/2016,FMN,NM,ASW,WE,Federal Contract Tower,0,7,4,0,11,0,4,14,0,18,0,11,18,0,29,36,0,36,65
12/05/2016,FMN,NM,ASW,WE,Federal Contract Tower,0,10,7,0,17,0,12,49,6,67,0,22,56,6,84,90,0,90,174
12/06/2016,FMN,NM,ASW,WE,Federal Contract Tower,0,15,4,0,19,0,3,52,0,55,0,18,56,0,74,48,0,48,122
12/07/2016,FMN,NM,ASW,WE,Federal Contract Tower,0,12,3,0,15,0,2,24,2,28,0,14,27,2,43,70,0,70,113
12/08/2016,FMN,NM,ASW,WE,Federal Contract Tower,0,18,4,2,24,0,4,38,2,44,0,22,42,4,68,30,10,40,108
12/09/2016,FMN,NM,ASW,WE,Federal Contract Tower,0,16,4,0,20,0,9,24,0,33,0,25,28,0,53,56,0,56,109
12/10/2016,FMN,NM,ASW,WE,Federal Contract Tower,0,11,2,2,15,0,5,9,0,14,0,16,11,2,29,28,4,32,61
12/11/2016,FMN,NM,ASW,WE,Federal Contract Tower,0,10,3,0,13,0,11,39,0,50,0,21,42,0,63,36,0,36,99
12/12/2016,FMN,NM,ASW,WE,Federal Contract Tower,0,11,6,0,17,0,4,32,0,36,0,15,38,0,53,0,0,0,53
12/13/2016,FMN,NM,ASW,WE,Federal Contract Tower,0,22,3,2,27,0,7,11,0,18,0,29,14,2,45,6,0,6,51
12/14/2016,FMN,NM,ASW,WE,Federal Contract Tower,0,11,3,0,14,0,2,34,0,36,0,13,37,0,50,64,0,64,114
12/15/2016,FMN,NM,ASW,WE,Federal Contract Tower,0,11,3,0,14,0,3,17,0,20,0,14,20,0,34,40,0,40,74
12/16/2016,FMN,NM,ASW,WE,Federal Contract Tower,0,12,3,0,15,0,5,6,0,11,0,17,9,0,26,0,0,0,26
12/17/2016,FMN,NM,ASW,WE,Federal Contract Tower,0,14,1,0,15,0,3,1,0,4,0,17,2,0,19,0,0,0,19
12/18/2016,FMN,NM,ASW,WE,Federal Contract Tower,0,6,4,0,10,0,6,15,0,21,0,12,19,0,31,34,0,34,65
12/19/2016,FMN,NM,ASW,WE,Federal Contract Tower,0,12,3,0,15,0,4,43,0,47,0,16,46,0,62,34,0,34,96
12/20/2016,FMN,NM,ASW,WE,Federal Contract Tower,0,21,2,0,23,0,7,36,0,43,0,28,38,0,66,0,0,0,66
12/21/2016,FMN,NM,ASW,WE,Federal Contract Tower,0,14,2,1,17,0,4,34,1,39,0,18,36,2,56,56,0,56,112
12/22/2016,FMN,NM,ASW,WE,Federal Contract Tower,0,11,4,0,15,0,0,1,0,1,0,11,5,0,16,0,0,0,16
12/23/2016,FMN,NM,ASW,WE,Federal Contract Tower,0,15,4,0,19,0,12,11,0,23,0,27,15,0,42,6,0,6,48
12/24/2016,FMN,NM,ASW,WE,Federal Contract Tower,0,14,3,0,17,0,3,4,0,7,0,17,7,0,24,12,0,12,36
12/25/2016,FMN,NM,ASW,WE,Federal Contract Tower,0,6,1,0,7,0,0,0,0,0,0,6,1,0,7,0,0,0,7
12/26/2016,FMN,NM,ASW,WE,Federal Contract Tower,0,9,2,0,11,0,6,19,2,27,0,15,21,2,38,30,0,30,68
12/27/2016,FMN,NM,ASW,WE,Federal Contract Tower,0,11,4,0,15,0,10,19,0,29,0,21,23,0,44,42,0,42,86
12/28/2016,FMN,NM,ASW,WE,Federal Contract Tower,0,21,0,0,21,0,5,21,0,26,0,26,21,0,47,54,0,54,101
12/29/2016,FMN,NM,ASW,WE,Federal Contract Tower,0,12,2,0,14,0,3,29,1,33,0,15,31,1,47,26,8,34,81
12/30/2016,FMN,NM,ASW,WE,Federal Contract Tower,0,14,5,0,19,0,13,31,0,44,0,27,36,0,63,36,0,36,99
12/31/2016,FMN,NM,ASW,WE,Federal Contract Tower,0,14,5,0,19,0,0,4,0,4,0,14,9,0,23,20,0,20,43
01/01/2017,FMN,NM,ASW,WE,Federal Contract Tower,0,6,6,0,12,0,4,3,0,7,0,10,9,0,19,0,0,0,19
01/02/2017,FMN,NM,ASW,WE,Federal Contract Tower,0,12,4,0,16,0,7,22,0,29,0,19,26,0,45,42,0,42,87
01/03/2017,FMN,NM,ASW,WE,Federal Contract Tower,0,17,4,0,21,0,7,18,0,25,0,24,22,0,46,50,0,50,96
01/04/2017,FMN,NM,ASW,WE,Federal Contract Tower,0,14,2,0,16,0,0,10,2,12,0,14,12,2,28,40,0,40,68
01/05/2017,FMN,NM,ASW,WE,Federal Contract Tower,0,20,0,0,20,0,1,6,0,7,0,21,6,0,27,4,0,4,31
01/06/2017,FMN,NM,ASW,WE,Federal Contract Tower,0,11,1,0,12,0,4,16,0,20,0,15,17,0,32,8,0,8,40
01/07/2017,FMN,NM,ASW,WE,Federal Contract Tower,0,11,0,0,11,0,2,17,0,19,0,13,17,0,30,74,0,74,104
01/08/2017,FMN,NM,ASW,WE,Federal Contract Tower,0,7,1,0,8,0,0,3,0,3,0,7,4,0,11,0,0,0,11
01/09/2017,FMN,NM,ASW,WE,Federal Contract Tower,0,17,5,0,22,0,12,6,0,18,0,29,11,0,40,30,0,30,70
01/10/2017,FMN,NM,ASW,WE,Federal Contract Tower,0,18,2,0,20,0,12,20,0,32,0,30,22,0,52,82,0,82,134
01/11/2017,FMN,NM,ASW,WE,Federal Contract Tower,0,14,2,0,16,0,4,11,0,15,0,18,13,0,31,76,0,76,107
01/12/2017,FMN,NM,ASW,WE,Federal Contract Tower,0,17,2,0,19,0,17,22,0,39,0,34,24,0,58,52,0,52,110
01/13/2017,FMN,NM,ASW,WE,Federal Contract Tower,0,19,1,0,20,0,3,14,0,17,0,22,15,0,37,32,0,32,69
01/14/2017,FMN,NM,ASW,WE,Federal Contract Tower,0,15,6,0,21,0,5,9,0,14,0,20,15,0,35,0,0,0,35
01/15/2017,FMN,NM,ASW,WE,Federal Contract Tower,0,5,5,0,10,0,0,0,0,0,0,5,5,0,10,12,0,12,22
01/16/2017,FMN,NM,ASW,WE,Federal Contract Tower,0,24,16,0,40,0,2,6,0,8,0,26,22,0,48,0,0,0,48
01/17/2017,FMN,NM,ASW,WE,Federal Contract Tower,0,17,6,0,23,0,4,9,1,14,0,21,15,1,37,14,0,14,51
01/18/2017,FMN,NM,ASW,WE,Federal Contract Tower,0,17,2,0,19,0,3,10,0,13,0,20,12,0,32,0,0,0,32
01/19/2017,FMN,NM,ASW,WE,Federal Contract Tower,0,19,1,0,20,0,0,15,2,17,0,19,16,2,37,0,26,26,63
01/20/2017,FMN,NM,ASW,WE,Federal Contract Tower,0,13,6,0,19,0,2,4,0,6,0,15,10,0,25,12,0,12,37
01/21/2017,FMN,NM,ASW,WE,Federal Contract Tower,0,15,2,0,17,0,0,0,0,0,0,15,2,0,17,0,0,0,17
01/22/2017,FMN,NM,ASW,WE,Federal Contract Tower,0,11,4,0,15,0,3,10,0,13,0,14,14,0,28,0,0,0,28
01/23/2017,FMN,NM,ASW,WE,Federal Contract Tower,0,14,13,0,27,0,1,0,0,1,0,15,13,0,28,0,0,0,28
01/24/2017,FMN,NM,ASW,WE,Federal Contract Tower,0,27,4,0,31,0,0,0,0,0,0,27,4,0,31,0,0,0,31
01/25/2017,FMN,NM,ASW,WE,Federal Contract Tower,0,19,6,0,25,0,5,8,0,13,0,24,14,0,38,40,0,40,78
01/26/2017,FMN,NM,ASW,WE,Federal Contract Tower,0,13,9,0,22,0,7,28,0,35,0,20,37,0,57,56,0,56,113
01/27/2017,FMN,NM,ASW,WE,Federal Contract Tower,0,12,4,0,16,0,4,29,0,33,0,16,33,0,49,44,0,44,93
01/28/2017,FMN,NM,ASW,WE,Federal Contract Tower,0,13,0,0,13,0,4,43,0,47,0,17,43,0,60,8,0,8,68
01/29/2017,FMN,NM,ASW,WE,Federal Contract Tower,0,8,4,0,12,0,4,29,0,33,0,12,33,0,45,54,0,54,99
01/30/2017,FMN,NM,ASW,WE,Federal Contract Tower,0,14,3,0,17,0,1,64,0,65,0,15,67,0,82,56,0,56,138
01/31/2017,FMN,NM,ASW,WE,Federal Contract Tower,0,15,11,0,26,0,13,24,0,37,0,28,35,0,63,72,0,72,135
02/01/2017,FMN,NM,ASW,WE,Federal Contract Tower,0,10,2,0,12,0,1,56,0,57,0,11,58,0,69,36,0,36,105
02/02/2017,FMN,NM,ASW,WE,Federal Contract Tower,0,11,4,0,15,0,2,41,0,43,0,13,45,0,58,64,0,64,122
02/03/2017,FMN,NM,ASW,WE,Federal Contract Tower,0,15,5,1,21,0,0,16,0,16,0,15,21,1,37,18,0,18,55
02/04/2017,FMN,NM,ASW,WE,Federal Contract Tower,0,12,1,0,13,0,8,34,6,48,0,20,35,6,61,48,0,48,109
02/05/2017,FMN,NM,ASW,WE,Federal Contract Tower,0,6,4,1,11,0,4,16,4,24,0,10,20,5,35,62,0,62,97
02/06/2017,FMN,NM,ASW,WE,Federal Contract Tower,0,15,3,0,18,0,2,27,0,29,0,17,30,0,47,40,0,40,87
02/07/2017,FMN,NM,ASW,WE,Federal Contract Tower,0,17,4,0,21,0,10,32,0,42,0,27,36,0,63,92,0,92,155
02/08/2017,FMN,NM,ASW,WE,Federal Contract Tower,0,16,0,0,16,0,5,25,0,30,0,21,25,0,46,70,0,70,116
02/09/2017,FMN,NM,ASW,WE,Federal Contract Tower,0,10,2,0,12,0,7,32,0,39,0,17,34,0,51,66,0,66,117
02/10/2017,FMN,NM,ASW,WE,Federal Contract Tower,0,11,5,0,16,0,16,38,5,59,0,27,43,5,75,80,12,92,167
02/11/2017,FMN,NM,ASW,WE,Federal Contract Tower,0,16,4,0,20,0,8,25,0,33,0,24,29,0,53,72,0,72,125
02/12/2017,FMN,NM,ASW,WE,Federal Contract Tower,0,7,4,0,11,0,2,15,0,17,0,9,19,0,28,0,0,0,28
02/13/2017,FMN,NM,ASW,WE,Federal Contract Tower,0,15,16,0,31,0,0,0,0,0,0,15,16,0,31,0,0,0,31
02/14/2017,FMN,NM,ASW,WE,Federal Contract Tower,0,16,3,0,19,0,7,14,6,27,0,23,17,6,46,72,0,72,118
02/15/2017,FMN,NM,ASW,WE,Federal Contract Tower,0,15,3,12,30,0,5,26,0,31,0,20,29,12,61,63,0,63,124
02/16/2017,FMN,NM,ASW,WE,Federal Contract Tower,0,19,3,0,22,0,11,27,1,39,0,30,30,1,61,86,0,86,147
02/17/2017,FMN,NM,ASW,WE,Federal Contract Tower,0,13,8,0,21,0,5,18,0,23,0,18,26,0,44,14,0,14,58
02/18/2017,FMN,NM,ASW,WE,Federal Contract Tower,0,13,1,0,14,0,2,8,0,10,0,15,9,0,24,12,0,12,36
02/19/2017,FMN,NM,ASW,WE,Federal Contract Tower,0,6,5,0,11,0,5,2,2,9,0,11,7,2,20,14,0,14,34
02/20/2017,FMN,NM,ASW,WE,Federal Contract Tower,0,18,14,0,32,0,3,69,0,72,0,21,83,0,104,36,0,36,140
02/21/2017,FMN,NM,ASW,WE,Federal Contract Tower,0,15,4,0,19,0,10,36,0,46,0,25,40,0,65,36,0,36,101
02/22/2017,FMN,NM,ASW,WE,Federal Contract Tower,0,6,5,0,11,0,4,17,0,21,0,10,22,0,32,78,0,78,110
02/23/2017,FMN,NM,ASW,WE,Federal Contract Tower,0,15,5,0,20,0,0,10,17,27,0,15,15,17,47,52,22,74,121
02/24/2017,FMN,NM,ASW,WE,Federal Contract Tower,0,10,5,0,15,0,10,39,0,49,0,20,44,0,64,83,0,83,147
02/25/2017,FMN,NM,ASW,WE,Federal Contract Tower,0,14,2,2,18,0,1,22,6,29,0,15,24,8,47,56,0,56,103
02/26/2017,FMN,NM,ASW,WE,Federal Contract Tower,0,5,1,0,6,0,6,11,0,17,0,11,12,0,23,102,0,102,125
02/27/2017,FMN,NM,ASW,WE,Federal Contract Tower,0,12,6,0,18,0,4,38,0,42,0,16,44,0,60,60,0,60,120
02/28/2017,FMN,NM,ASW,WE,Federal Contract Tower,0,19,1,0,20,0,3,0,0,3,0,22,1,0,23,0,0,0,23
03/01/2017,FMN,NM,ASW,WE,Federal Contract Tower,0,18,11,0,29,0,17,48,1,66,0,35,59,1,95,12,16,28,123
03/02/2017,FMN,NM,ASW,WE,Federal Contract Tower,0,14,3,0,17,0,14,49,4,67,0,28,52,4,84,44,0,44,128
03/03/2017,FMN,NM,ASW,WE,Federal Contract Tower,0,14,2,0,16,0,4,39,4,47,0,18,41,4,63,0,0,0,63
03/04/2017,FMN,NM,ASW,WE,Federal Contract Tower,0,14,5,0,19,0,8,28,3,39,0,22,33,3,58,22,32,54,112
03/05/2017,FMN,NM,ASW,WE,Federal Contract Tower,0,8,9,0,17,0,12,24,0,36,0,20,33,0,53,48,0,48,101
03/06/2017,FMN,NM,ASW,WE,Federal Contract Tower,0,12,11,0,23,0,9,13,0,22,0,21,24,0,45,0,0,0,45
03/07/2017,FMN,NM,ASW,WE,Federal Contract Tower,0,19,1,0,20,0,12,19,0,31,0,31,20,0,51,70,0,70,121
03/08/2017,FMN,NM,ASW,WE,Federal Contract Tower,0,12,3,0,15,0,8,19,1,28,0,20,22,1,43,48,22,70,113
03/09/2017,FMN,NM,ASW,WE,Federal Contract Tower,0,12,7,0,19,0,4,23,0,27,0,16,30,0,46,66,0,66,112
03/10/2017,FMN,NM,ASW,WE,Federal Contract Tower,0,15,2,0,17,0,4,37,4,45,0,19,39,4,62,90,0,90,152
03/11/2017,FMN,NM,ASW,WE,Federal Contract Tower,0,13,2,0,15,0,5,31,0,36,0,18,33,0,51,62,0,62,113
03/12/2017,FMN,NM,ASW,WE,Federal Contract Tower,0,8,1,3,12,0,0,18,6,24,0,8,19,9,36,16,0,16,52
03/13/2017,FMN,NM,ASW,WE,Federal Contract Tower,0,18,12,0,30,0,2,56,0,58,0,20,68,0,88,18,0,18,106
03/14/2017,FMN,NM,ASW,WE,Federal Contract Tower,0,18,0,0,18,0,10,38,0,48,0,28,38,0,66,122,0,122,188
03/15/2017,FMN,NM,ASW,WE,Federal Contract Tower,0,10,4,0,14,0,6,53,3,62,0,16,57,3,76,54,0,54,130
03/16/2017,FMN,NM,ASW,WE,Federal Contract Tower,0,16,17,0,33,0,5,52,0,57,0,21,69,0,90,116,0,116,206
03/17/2017,FMN,NM,ASW,WE,Federal Contract Tower,0,14,6,0,20,0,5,30,0,35,0,19,36,0,55,70,0,70,125
03/18/2017,FMN,NM,ASW,WE,Federal Contract Tower,0,14,3,0,17,0,2,20,0,22,0,16,23,0,39,22,0,22,61
03/19/2017,FMN,NM,ASW,WE,Federal Contract Tower,0,5,4,0,9,0,5,41,0,46,0,10,45,0,55,42,0,42,97
03/20/2017,FMN,NM,ASW,WE,Federal Contract Tower,0,17,5,0,22,0,10,44,0,54,0,27,49,0,76,73,0,73,149
03/21/2017,FMN,NM,ASW,WE,Federal Contract Tower,0,20,1,0,21,0,5,24,0,29,0,25,25,0,50,72,0,72,122
03/22/2017,FMN,NM,ASW,WE,Federal Contract Tower,0,12,3,0,15,0,7,9,1,17,0,19,12,1,32,48,12,60,92
03/23/2017,FMN,NM,ASW,WE,Federal Contract Tower,0,12,2,0,14,0,6,11,0,17,0,18,13,0,31,0,0,0,31
03/24/2017,FMN,NM,ASW,WE,Federal Contract Tower,0,13,9,13,35,0,2,11,7,20,0,15,20,20,55,8,4,12,67
03/25/2017,FMN,NM,ASW,WE,Federal Contract Tower,0,7,3,0,10,0,7,24,0,31,0,14,27,0,41,80,0,80,121
03/26/2017,FMN,NM,ASW,WE,Federal Contract Tower,0,5,4,6,15,0,11,14,12,37,0,16,18,18,52,0,2,2,54
03/27/2017,FMN,NM,ASW,WE,Federal Contract Tower,0,17,0,0,17,0,6,29,6,41,0,23,29,6,58,3,12,15,73
03/28/2017,FMN,NM,ASW,WE,Federal Contract Tower,0,17,2,0,19,0,4,3,3,10,0,21,5,3,29,0,0,0,29
03/29/2017,FMN,NM,ASW,WE,Federal Contract Tower,0,15,2,0,17,0,7,20,1,28,0,22,22,1,45,66,0,66,111
03/30/2017,FMN,NM,ASW,WE,Federal Contract Tower,0,11,8,0,19,0,2,31,0,33,0,13,39,0,52,0,0,0,52
03/31/2017,FMN,NM,ASW,WE,Federal Contract Tower,0,13,4,0,17,0,5,6,0,11,0,18,10,0,28,0,0,0,28
04/01/2017,FMN,NM,ASW,WE,Federal Contract Tower,0,15,4,0,19,0,2,1,0,3,0,17,5,0,22,0,0,0,22
04/02/2017,FMN,NM,ASW,WE,Federal Contract Tower,0,8,10,0,18,0,4,12,0,16,0,12,22,0,34,0,0,0,34
04/03/2017,FMN,NM,ASW,WE,Federal Contract Tower,0,19,6,0,25,0,12,14,0,26,0,31,20,0,51,0,0,0,51
04/04/2017,FMN,NM,ASW,WE,Federal Contract Tower,0,19,2,0,21,0,10,6,0,16,0,29,8,0,37,0,0,0,37
04/05/2017,FMN,NM,ASW,WE,Federal Contract Tower,0,12,4,0,16,0,4,46,0,50,0,16,50,0,66,90,0,90,156
04/06/2017,FMN,NM,ASW,WE,Federal Contract Tower,0,20,14,0,34,0,8,38,0,46,0,28,52,0,80,84,0,84,164
04/07/2017,FMN,NM,ASW,WE,Federal Contract Tower,0,12,6,1,19,0,6,20,1,27,0,18,26,2,46,54,0,54,100
04/08/2017,FMN,NM,ASW,WE,Federal Contract Tower,0,9,3,0,12,0,3,18,0,21,0,12,21,0,33,50,0,50,83
04/09/2017,FMN,NM,ASW,WE,Federal Contract Tower,0,6,3,0,9,0,2,7,0,9,0,8,10,0,18,0,0,0,18
04/10/2017,FMN,NM,ASW,WE,Federal Contract Tower,0,15,9,0,24,0,3,51,0,54,0,18,60,0,78,30,0,30,108
04/11/2017,FMN,NM,ASW,WE,Federal Contract Tower,0,16,2,0,18,0,10,25,0,35,0,26,27,0,53,62,0,62,115
04/12/2017,FMN,NM,ASW,WE,Federal Contract Tower,0,17,5,0,22,0,4,23,0,27,0,21,28,0,49,74,0,74,123
04/13/2017,FMN,NM,ASW,WE,Federal Contract Tower,0,15,4,0,19,0,6,33,0,39,0,21,37,0,58,54,0,54,112
04/14/2017,FMN,NM,ASW,WE,Federal Contract Tower,0,13,2,0,15,0,5,14,0,19,0,18,16,0,34,0,0,0,34
04/15/2017,FMN,NM,ASW,WE,Federal Contract Tower,0,8,0,0,8,0,1,19,0,20,0,9,19,0,28,26,0,26,54
04/16/2017,FMN,NM,ASW,WE,Federal Contract Tower,0,5,3,0,8,0,8,31,0,39,0,13,34,0,47,10,0,10,57
04/17/2017,FMN,NM,ASW,WE,Federal Contract Tower,0,14,5,0,19,0,9,25,0,34,0,23,30,0,53,0,0,0,53
04/18/2017,FMN,NM,ASW,WE,Federal Contract Tower,0,18,4,0,22,0,9,21,3,33,0,27,25,3,55,30,0,30,85
04/19/2017,FMN,NM,ASW,WE,Federal Contract Tower,0,14,8,0,22,0,3,34,2,39,0,17,42,2,61,52,0,52,113
04/20/2017,FMN,NM,ASW,WE,Federal Contract Tower,0,23,6,0,29,0,1,21,0,22,0,24,27,0,51,52,0,52,103
04/21/2017,FMN,NM,ASW,WE,Federal Contract Tower,0,11,6,0,17,0,6,18,0,24,0,17,24,0,41,42,0,42,83
04/22/2017,FMN,NM,ASW,WE,Federal Contract Tower,0,11,3,0,14,0,5,24,0,29,0,16,27,0,43,46,0,46,89
04/23/2017,FMN,NM,ASW,WE,Federal Contract Tower,0,5,6,0,11,0,15,13,0,28,0,20,19,0,39,34,0,34,73
04/24/2017,FMN,NM,ASW,WE,Federal Contract Tower,0,18,7,0,25,0,9,18,0,27,0,27,25,0,52,0,0,0,52
04/25/2017,FMN,NM,ASW,WE,Federal Contract Tower,0,13,4,0,17,0,5,11,0,16,0,18,15,0,33,34,0,34,67
04/26/2017,FMN,NM,ASW,WE,Federal Contract Tower,0,22,3,0,25,0,3,12,0,15,0,25,15,0,40,68,0,68,108
04/27/2017,FMN,NM,ASW,WE,Federal Contract Tower,0,37,0,0,37,0,49,8,0,57,0,86,8,0,94,24,0,24,118
04/28/2017,FMN,NM,ASW,WE,Federal Contract Tower,0,19,5,0,24,0,6,15,1,22,0,25,20,1,46,26,0,26,72
04/29/2017,FMN,NM,ASW,WE,Federal Contract Tower,0,14,5,2,21,0,5,17,0,22,0,19,22,2,43,44,0,44,87
04/30/2017,FMN,NM,ASW,WE,Federal Contract Tower,0,11,6,0,17,0,14,4,0,18,0,25,10,0,35,8,0,8,43
05/01/2017,FMN,NM,ASW,WE,Federal Contract Tower,0,13,5,0,18,0,9,53,0,62,0,22,58,0,80,26,0,26,106
05/02/2017,FMN,NM,ASW,WE,Federal Contract Tower,0,14,2,0,16,0,46,54,0,100,0,60,56,0,116,94,0,94,210
05/03/2017,FMN,NM,ASW,WE,Federal Contract Tower,0,14,5,0,19,0,7,22,0,29,0,21,27,0,48,70,0,70,118
05/04/2017,FMN,NM,ASW,WE,Federal Contract Tower,0,11,3,0,14,0,4,26,0,30,0,15,29,0,44,24,0,24,68
05/05/2017,FMN,NM,ASW,WE,Federal Contract Tower,0,14,3,0,17,0,15,23,0,38,0,29,26,0,55,58,0,58,113
05/06/2017,FMN,NM,ASW,WE,Federal Contract Tower,0,6,24,0,30,0,1,22,0,23,0,7,46,0,53,54,0,54,107
05/07/2017,FMN,NM,ASW,WE,Federal Contract Tower,0,5,3,1,9,0,8,28,2,38,0,13,31,3,47,58,0,58,105
05/08/2017,FMN,NM,ASW,WE,Federal Contract Tower,0,9,6,0,15,0,5,15,0,20,0,14,21,0,35,0,0,0,35
05/09/2017,FMN,NM,ASW,WE,Federal Contract Tower,0,13,0,0,13,0,8,15,0,23,0,21,15,0,36,0,0,0,36
05/10/2017,FMN,NM,ASW,WE,Federal Contract Tower,0,14,6,0,20,0,4,10,0,14,0,18,16,0,34,0,0,0,34
05/11/2017,FMN,NM,ASW,WE,Federal Contract Tower,0,15,7,0,22,0,7,33,0,40,0,22,40,0,62,60,0,60,122
05/12/2017,FMN,NM,ASW,WE,Federal Contract Tower,1,14,2,2,19,0,5,37,10,52,1,19,39,12,71,98,0,98,169
05/13/2017,FMN,NM,ASW,WE,Federal Contract Tower,0,11,10,0,21,0,2,13,0,15,0,13,23,0,36,54,0,54,90
05/14/2017,FMN,NM,ASW,WE,Federal Contract Tower,0,6,1,3,10,0,3,27,0,30,0,9,28,3,40,28,4,32,72
05/15/2017,FMN,NM,ASW,WE,Federal Contract Tower,0,13,4,0,17,0,12,48,1,61,0,25,52,1,78,74,0,74,152
05/16/2017,FMN,NM,ASW,WE,Federal Contract Tower,0,19,1,0,20,0,8,24,4,36,0,27,25,4,56,52,0,52,108
05/17/2017,FMN,NM,ASW,WE,Federal Contract Tower,0,14,7,0,21,0,14,11,0,25,0,28,18,0,46,78,0,78,124
05/18/2017,FMN,NM,ASW,WE,Federal Contract Tower,0,18,6,0,24,0,10,18,0,28,0,28,24,0,52,68,0,68,120
05/19/2017,FMN,NM,ASW,WE,Federal Contract Tower,0,10,4,0,14,0,14,44,1,59,0,24,48,1,73,84,0,84,157
05/20/2017,FMN,NM,ASW,WE,Federal Contract Tower,0,11,6,0,17,0,5,26,2,33,0,16,32,2,50,60,0,60,110
05/21/2017,FMN,NM,ASW,WE,Federal Contract Tower,0,6,4,0,10,0,6,36,0,42,0,12,40,0,52,16,0,16,68
05/22/2017,FMN,NM,ASW,WE,Federal Contract Tower,0,12,6,0,18,0,14,48,0,62,0,26,54,0,80,60,0,60,140
05/23/2017,FMN,NM,ASW,WE,Federal Contract Tower,0,12,3,0,15,0,11,30,0,41,0,23,33,0,56,84,0,84,140
05/24/2017,FMN,NM,ASW,WE,Federal Contract Tower,0,7,0,0,7,0,20,43,3,66,0,27,43,3,73,46,46,92,165
05/25/2017,FMN,NM,ASW,WE,Federal Contract Tower,0,16,7,0,23,0,2,16,0,18,0,18,23,0,41,72,0,72,113
05/26/2017,FMN,NM,ASW,WE,Federal Contract Tower,0,12,9,0,21,0,8,35,0,43,0,20,44,0,64,76,0,76,140
05/27/2017,FMN,NM,ASW,WE,Federal Contract Tower,0,8,0,0,8,0,15,14,0,29,0,23,14,0,37,36,0,36,73
05/28/2017,FMN,NM,ASW,WE,Federal Contract Tower,0,4,7,0,11,0,2,48,0,50,0,6,55,0,61,46,0,46,107
05/29/2017,FMN,NM,ASW,WE,Federal Contract Tower,0,13,3,0,16,0,10,46,0,56,0,23,49,0,72,74,0,74,146
05/30/2017,FMN,NM,ASW,WE,Federal Contract Tower,0,8,1,0,9,0,1,40,0,41,0,9,41,0,50,122,0,122,172
06/01/2017,FMN,NM,ASW,WE,Federal Contract Tower,0,14,0,0,14,0,13,31,0,44,0,27,31,0,58,68,0,68,126
06/02/2017,FMN,NM,ASW,WE,Federal Contract Tower,0,9,2,0,11,0,5,26,0,31,0,14,28,0,42,52,0,52,94
06/03/2017,FMN,NM,ASW,WE,Federal Contract Tower,0,10,0,0,10,0,2,24,0,26,0,12,24,0,36,54,0,54,90
06/04/2017,FMN,NM,ASW,WE,Federal Contract Tower,0,4,0,0,4,0,4,30,3,37,0,8,30,3,41,24,0,24,65
06/05/2017,FMN,NM,ASW,WE,Federal Contract Tower,0,14,4,0,18,0,9,34,0,43,0,23,38,0,61,32,0,32,93
06/06/2017,FMN,NM,ASW,WE,Federal Contract Tower,0,21,2,0,23,0,7,32,12,51,0,28,34,12,74,52,0,52,126
06/07/2017,FMN,NM,ASW,WE,Federal Contract Tower,0,16,2,0,18,0,9,15,0,24,0,25,17,0,42,98,0,98,140
06/08/2017,FMN,NM,ASW,WE,Federal Contract Tower,0,21,3,0,24,0,6,27,2,35,0,27,30,2,59,86,0,86,145
06/09/2017,FMN,NM,ASW,WE,Federal Contract Tower,0,13,3,0,16,0,6,14,4,24,0,19,17,4,40,4,0,4,44
06/10/2017,FMN,NM,ASW,WE,Federal Contract Tower,0,8,1,2,11,0,12,44,0,56,0,20,45,2,67,154,0,154,221
06/11/2017,FMN,NM,ASW,WE,Federal Contract Tower,0,4,4,0,8,0,12,19,6,37,0,16,23,6,45,6,0,6,51
06/12/2017,FMN,NM,ASW,WE,Federal Contract Tower,0,17,3,0,20,0,14,32,3,49,0,31,35,3,69,2,0,2,71
06/13/2017,FMN,NM,ASW,WE,Federal Contract Tower,0,13,5,0,18,0,15,30,0,45,0,28,35,0,63,96,12,108,171
06/14/2017,FMN,NM,ASW,WE,Federal Contract Tower,0,11,3,0,14,0,9,21,4,34,0,20,24,4,48,60,0,60,108
06/15/2017,FMN,NM,ASW,WE,Federal Contract Tower,0,16,4,0,20,0,18,37,22,77,0,34,41,22,97,0,0,0,97
06/16/2017,FMN,NM,ASW,WE,Federal Contract Tower,0,17,8,0,25,0,11,43,0,54,0,28,51,0,79,54,0,54,133
06/17/2017,FMN,NM,ASW,WE,Federal Contract Tower,0,8,7,0,15,0,5,22,0,27,0,13,29,0,42,24,0,24,66
06/18/2017,FMN,NM,ASW,WE,Federal Contract Tower,0,9,1,0,10,0,7,52,0,59,0,16,53,0,69,48,0,48,117
06/19/2017,FMN,NM,ASW,WE,Federal Contract Tower,0,11,4,0,15,0,12,49,2,63,0,23,53,2,78,30,0,30,108
06/20/2017,FMN,NM,ASW,WE,Federal Contract Tower,0,14,1,0,15,0,12,21,14,47,0,26,22,14,62,40,2,42,104
06/21/2017,FMN,NM,ASW,WE,Federal Contract Tower,0,8,7,0,15,0,4,21,0,25,0,12,28,0,40,58,0,58,98
06/22/2017,FMN,NM,ASW,WE,Federal Contract Tower,0,22,3,0,25,0,49,32,2,83,0,71,35,2,108,22,10,32,140
06/23/2017,FMN,NM,ASW,WE,Federal Contract Tower,0,13,1,2,16,0,6,32,0,38,0,19,33,2,54,22,0,22,76
06/24/2017,FMN,NM,ASW,WE,Federal Contract Tower,0,14,3,0,17,0,14,29,0,43,0,28,32,0,60,52,0,52,112
06/25/2017,FMN,NM,ASW,WE,Federal Contract Tower,0,4,3,4,11,0,18,24,0,42,0,22,27,4,53,16,0,16,69
06/26/2017,FMN,NM,ASW,WE,Federal Contract Tower,0,14,5,0,19,0,2,45,6,53,0,16,50,6,72,0,0,0,72
06/27/2017,FMN,NM,ASW,WE,Federal Contract Tower,0,11,1,0,12,0,17,30,0,47,0,28,31,0,59,50,0,50,109
06/28/2017,FMN,NM,ASW,WE,Federal Contract Tower,0,11,1,0,12,0,8,22,3,33,0,19,23,3,45,46,56,102,147
06/29/2017,FMN,NM,ASW,WE,Federal Contract Tower,0,12,7,0,19,0,8,48,0,56,0,20,55,0,75,36,0,36,111
06/30/2017,FMN,NM,ASW,WE,Federal Contract Tower,0,12,5,0,17,0,6,32,0,38,0,18,37,0,55,48,0,48,103
07/01/2017,FMN,NM,ASW,WE,Federal Contract Tower,0,8,3,0,11,0,8,18,0,26,0,16,21,0,37,28,0,28,65
07/02/2017,FMN,NM,ASW,WE,Federal Contract Tower,0,2,0,0,2,0,8,69,0,77,0,10,69,0,79,2,0,2,81
07/03/2017,FMN,NM,ASW,WE,Federal Contract Tower,0,13,4,0,17,0,4,43,0,47,0,17,47,0,64,30,0,30,94
07/04/2017,FMN,NM,ASW,WE,Federal Contract Tower,0,4,0,0,4,0,4,29,0,33,0,8,29,0,37,0,0,0,37
07/05/2017,FMN,NM,ASW,WE,Federal Contract Tower,0,7,1,0,8,0,8,16,6,30,0,15,17,6,38,110,0,110,148
07/06/2017,FMN,NM,ASW,WE,Federal Contract Tower,0,13,0,0,13,0,2,42,0,44,0,15,42,0,57,90,0,90,147
07/07/2017,FMN,NM,ASW,WE,Federal Contract Tower,0,20,19,0,39,0,14,28,0,42,0,34,47,0,81,51,0,51,132
07/08/2017,FMN,NM,ASW,WE,Federal Contract Tower,0,10,5,1,16,0,4,18,0,22,0,14,23,1,38,32,0,32,70
07/09/2017,FMN,NM,ASW,WE,Federal Contract Tower,0,3,0,1,4,0,4,22,4,30,0,7,22,5,34,16,0,16,50
07/10/2017,FMN,NM,ASW,WE,Federal Contract Tower,0,16,0,0,16,0,20,23,5,48,0,36,23,5,64,24,0,24,88
07/11/2017,FMN,NM,ASW,WE,Federal Contract Tower,0,11,1,0,12,0,34,41,0,75,0,45,42,0,87,92,0,92,179
07/12/2017,FMN,NM,ASW,WE,Federal Contract Tower,0,13,3,0,16,0,36,22,0,58,0,49,25,0,74,52,0,52,126
07/13/2017,FMN,NM,ASW,WE,Federal Contract Tower,0,15,2,0,17,0,8,46,2,56,0,23,48,2,73,52,0,52,125
07/14/2017,FMN,NM,ASW,WE,Federal Contract Tower,0,13,5,0,18,0,15,25,0,40,0,28,30,0,58,0,0,0,58
07/15/2017,FMN,NM,ASW,WE,Federal Contract Tower,0,8,1,0,9,0,12,35,0,47,0,20,36,0,56,0,0,0,56
07/16/2017,FMN,NM,ASW,WE,Federal Contract Tower,0,1,3,0,4,0,5,34,0,39,0,6,37,0,43,0,0,0,43
07/17/2017,FMN,NM,ASW,WE,Federal Contract Tower,0,17,6,0,23,0,12,30,0,42,0,29,36,0,65,34,0,34,99
07/18/2017,FMN,NM,ASW,WE,Federal Contract Tower,0,13,1,0,14,0,28,25,0,53,0,41,26,0,67,38,0,38,105
07/19/2017,FMN,NM,ASW,WE,Federal Contract Tower,0,15,2,0,17,0,6,33,0,39,0,21,35,0,56,56,0,56,112
07/20/2017,FMN,NM,ASW,WE,Federal Contract Tower,0,18,1,0,19,0,7,71,0,78,0,25,72,0,97,72,0,72,169
07/21/2017,FMN,NM,ASW,WE,Federal Contract Tower,0,14,7,0,21,0,10,22,0,32,0,24,29,0,53,60,0,60,113
07/22/2017,FMN,NM,ASW,WE,Federal Contract Tower,0,5,0,0,5,0,11,32,0,43,0,16,32,0,48,84,0,84,132
07/23/2017,FMN,NM,ASW,WE,Federal Contract Tower,0,4,5,0,9,0,29,21,0,50,0,33,26,0,59,44,0,44,103
07/24/2017,FMN,NM,ASW,WE,Federal Contract Tower,0,20,1,0,21,0,7,37,0,44,0,27,38,0,65,12,0,12,77
07/25/2017,FMN,NM,ASW,WE,Federal Contract Tower,0,21,12,1,34,0,11,46,2,59,0,32,58,3,93,84,30,114,207
07/26/2017,FMN,NM,ASW,WE,Federal Contract Tower,0,10,3,0,13,0,10,45,0,55,0,20,48,0,68,66,0,66,134
07/27/2017,FMN,NM,ASW,WE,Federal Contract Tower,0,11,5,0,16,0,13,42,0,55,0,24,47,0,71,73,0,73,144
07/28/2017,FMN,NM,ASW,WE,Federal Contract Tower,0,15,5,1,21,0,9,39,0,48,0,24,44,1,69,4,0,4,73
07/29/2017,FMN,NM,ASW,WE,Federal Contract Tower,0,7,2,0,9,0,5,14,9,28,0,12,16,9,37,54,0,54,91
07/30/2017,FMN,NM,ASW,WE,Federal Contract Tower,0,4,2,1,7,0,2,14,2,18,0,6,16,3,25,0,0,0,25
07/31/2017,FMN,NM,ASW,WE,Federal Contract Tower,0,17,3,0,20,0,4,16,0,20,0,21,19,0,40,40,0,40,80
08/01/2017,FMN,NM,ASW,WE,Federal Contract Tower,0,10,1,0,11,0,14,19,1,34,0,24,20,1,45,84,0,84,129
08/02/2017,FMN,NM,ASW,WE,Federal Contract Tower,0,11,3,0,14,0,6,26,0,32,0,17,29,0,46,56,0,56,102
08/03/2017,FMN,NM,ASW,WE,Federal Contract Tower,0,12,2,0,14,0,2,31,0,33,0,14,33,0,47,90,0,90,137
08/04/2017,FMN,NM,ASW,WE,Federal Contract Tower,0,18,7,0,25,0,18,41,0,59,0,36,48,0,84,34,0,34,118
08/05/2017,FMN,NM,ASW,WE,Federal Contract Tower,0,7,9,0,16,0,2,19,0,21,0,9,28,0,37,96,0,96,133
08/06/2017,FMN,NM,ASW,WE,Federal Contract Tower,0,8,1,0,9,0,3,31,0,34,0,11,32,0,43,8,0,8,51
08/07/2017,FMN,NM,ASW,WE,Federal Contract Tower,0,11,9,0,20,0,13,54,4,71,0,24,63,4,91,18,60,78,169
08/08/2017,FMN,NM,ASW,WE,Federal Contract Tower,0,10,0,0,10,0,5,47,0,52,0,15,47,0,62,92,0,92,154
08/09/2017,FMN,NM,ASW,WE,Federal Contract Tower,0,17,4,0,21,0,2,17,0,19,0,19,21,0,40,72,0,72,112
08/10/2017,FMN,NM,ASW,WE,Federal Contract Tower,0,15,3,0,18,0,12,31,0,43,0,27,34,0,61,46,0,46,107
08/11/2017,FMN,NM,ASW,WE,Federal Contract Tower,0,10,0,3,13,0,4,19,4,27,0,14,19,7,40,4,12,16,56
08/12/2017,FMN,NM,ASW,WE,Federal Contract Tower,0,11,2,0,13,0,5,38,0,43,0,16,40,0,56,90,0,90,146
08/13/2017,FMN,NM,ASW,WE,Federal Contract Tower,0,5,2,1,8,0,7,17,1,25,0,12,19,2,33,68,0,68,101
08/14/2017,FMN,NM,ASW,WE,Federal Contract Tower,0,13,0,0,13,0,8,32,0,40,0,21,32,0,53,18,0,18,71
08/15/2017,FMN,NM,ASW,WE,Federal Contract Tower,0,13,6,0,19,0,7,39,0,46,0,20,45,0,65,58,0,58,123
08/16/2017,FMN,NM,ASW,WE,Federal Contract Tower,0,13,6,1,20,0,8,29,1,38,0,21,35,2,58,56,0,56,114
08/17/2017,FMN,NM,ASW,WE,Federal Contract Tower,0,14,0,0,14,0,10,39,0,49,0,24,39,0,63,48,0,48,111
08/18/2017,FMN,NM,ASW,WE,Federal Contract Tower,0,14,7,0,21,0,9,21,2,32,0,23,28,2,53,12,0,12,65
08/19/2017,FMN,NM,ASW,WE,Federal Contract Tower,0,10,1,0,11,0,5,30,0,35,0,15,31,0,46,0,0,0,46
08/20/2017,FMN,NM,ASW,WE,Federal Contract Tower,0,6,4,0,10,0,12,17,6,35,0,18,21,6,45,0,0,0,45
08/21/2017,FMN,NM,ASW,WE,Federal Contract Tower,0,10,1,0,11,0,14,15,0,29,0,24,16,0,40,0,0,0,40
08/22/2017,FMN,NM,ASW,WE,Federal Contract Tower,0,7,4,0,11,0,16,10,8,34,0,23,14,8,45,0,42,42,87
08/23/2017,FMN,NM,ASW,WE,Federal Contract Tower,0,9,2,0,11,0,7,44,0,51,0,16,46,0,62,46,0,46,108
08/24/2017,FMN,NM,ASW,WE,Federal Contract Tower,0,10,6,0,16,0,5,36,0,41,0,15,42,0,57,68,0,68,125
08/25/2017,FMN,NM,ASW,WE,Federal Contract Tower,0,10,7,2,19,0,11,27,2,40,0,21,34,4,59,62,16,78,137
08/26/2017,FMN,NM,ASW,WE,Federal Contract Tower,0,9,3,0,12,0,1,26,0,27,0,10,29,0,39,48,0,48,87
08/27/2017,FMN,NM,ASW,WE,Federal Contract Tower,0,15,3,0,18,0,4,20,0,24,0,19,23,0,42,28,0,28,70
08/28/2017,FMN,NM,ASW,WE,Federal Contract Tower,0,12,4,0,16,0,6,52,0,58,0,18,56,0,74,12,0,12,86
08/29/2017,FMN,NM,ASW,WE,Federal Contract Tower,0,17,3,0,20,0,9,34,0,43,0,26,37,0,63,60,0,60,123
08/30/2017,FMN,NM,ASW,WE,Federal Contract Tower,0,17,3,0,20,0,9,34,0,43,0,26,37,0,63,60,0,60,123
08/31/2017,FMN,NM,ASW,WE,Federal Contract Tower,0,16,7,0,23,0,4,41,0,45,0,20,48,0,68,42,0,42,110
09/01/2017,FMN,NM,ASW,WE,Federal Contract Tower,0,14,5,0,19,0,10,41,0,51,0,24,46,0,70,92,0,92,162
09/02/2017,FMN,NM,ASW,WE,Federal Contract Tower,0,7,3,0,10,0,4,22,0,26,0,11,25,0,36,0,0,0,36
09/03/2017,FMN,NM,ASW,WE,Federal Contract Tower,0,5,0,0,5,0,4,20,0,24,0,9,20,0,29,50,0,50,79
09/04/2017,FMN,NM,ASW,WE,Federal Contract Tower,0,7,2,0,9,0,6,47,0,53,0,13,49,0,62,20,0,20,82
09/05/2017,FMN,NM,ASW,WE,Federal Contract Tower,0,8,1,0,9,0,46,43,0,89,0,54,44,0,98,126,0,126,224
09/06/2017,FMN,NM,ASW,WE,Federal Contract Tower,0,13,2,1,16,0,11,8,1,20,0,24,10,2,36,86,0,86,122
09/07/2017,FMN,NM,ASW,WE,Federal Contract Tower,0,6,6,0,12,0,20,43,2,65,0,26,49,2,77,52,24,76,153
09/08/2017,FMN,NM,ASW,WE,Federal Contract Tower,0,18,7,3,28,0,6,34,2,42,0,24,41,5,70,40,8,48,118
09/09/2017,FMN,NM,ASW,WE,Federal Contract Tower,0,4,0,0,4,0,6,27,7,40,0,10,27,7,44,74,0,74,118
09/10/2017,FMN,NM,ASW,WE,Federal Contract Tower,0,4,2,0,6,0,23,11,6,40,0,27,13,6,46,86,0,86,132
09/11/2017,FMN,NM,ASW,WE,Federal Contract Tower,0,15,1,0,16,0,16,35,6,57,0,31,36,6,73,58,0,58,131
09/12/2017,FMN,NM,ASW,WE,Federal Contract Tower,0,12,4,0,16,0,49,31,0,80,0,61,35,0,96,52,0,52,148
09/13/2017,FMN,NM,ASW,WE,Federal Contract Tower,0,17,3,2,22,0,4,27,0,31,0,21,30,2,53,86,0,86,139
09/14/2017,FMN,NM,ASW,WE,Federal Contract Tower,0,9,2,0,11,0,4,48,0,52,0,13,50,0,63,84,0,84,147
09/15/2017,FMN,NM,ASW,WE,Federal Contract Tower,0,15,5,0,20,0,4,61,0,65,0,19,66,0,85,102,0,102,187
09/16/2017,FMN,NM,ASW,WE,Federal Contract Tower,0,12,3,0,15,0,7,36,2,45,0,19,39,2,60,104,0,104,164
09/17/2017,FMN,NM,ASW,WE,Federal Contract Tower,0,7,4,0,11,0,2,22,0,24,0,9,26,0,35,10,0,10,45
09/18/2017,FMN,NM,ASW,WE,Federal Contract Tower,0,14,4,0,18,0,2,33,2,37,0,16,37,2,55,10,0,10,65
09/19/2017,FMN,NM,ASW,WE,Federal Contract Tower,0,11,3,0,14,0,11,54,0,65,0,22,57,0,79,86,0,86,165
09/20/2017,FMN,NM,ASW,WE,Federal Contract Tower,0,11,8,0,19,0,9,49,0,58,0,20,57,0,77,86,0,86,163
09/22/2017,FMN,NM,ASW,WE,Federal Contract Tower,0,13,13,0,26,0,6,23,2,31,0,19,36,2,57,48,0,48,105
09/23/2017,FMN,NM,ASW,WE,Federal Contract Tower,0,14,3,1,18,0,2,23,2,27,0,16,26,3,45,0,0,0,45
09/24/2017,FMN,NM,ASW,WE,Federal Contract Tower,0,2,2,1,5,0,1,46,0,47,0,3,48,1,52,52,0,52,104
09/25/2017,FMN,NM,ASW,WE,Federal Contract Tower,0,12,6,0,18,0,3,43,0,46,0,15,49,0,64,20,0,20,84
09/26/2017,FMN,NM,ASW,WE,Federal Contract Tower,0,18,2,0,20,0,5,57,0,62,0,23,59,0,82,78,0,78,160
09/27/2017,FMN,NM,ASW,WE,Federal Contract Tower,0,4,2,0,6,0,3,14,0,17,0,7,16,0,23,44,0,44,67
09/28/2017,FMN,NM,ASW,WE,Federal Contract Tower,0,12,7,0,19,0,8,34,3,45,0,20,41,3,64,72,0,72,136
09/29/2017,FMN,NM,ASW,WE,Federal Contract Tower,0,14,7,0,21,0,7,26,0,33,0,21,33,0,54,54,0,54,108
09/30/2017,FMN,NM,ASW,WE,Federal Contract Tower,0,8,1,0,9,0,10,19,0,29,0,18,20,0,38,12,0,12,50
10/01/2017,FMN,NM,ASW,WE,Federal Contract Tower,0,2,3,0,5,0,5,49,0,54,0,7,52,0,59,10,0,10,69
10/02/2017,FMN,NM,ASW,WE,Federal Contract Tower,0,14,6,0,20,0,1,54,0,55,0,15,60,0,75,34,0,34,109
10/03/2017,FMN,NM,ASW,WE,Federal Contract Tower,0,10,1,0,11,0,10,31,0,41,0,20,32,0,52,72,0,72,124
10/04/2017,FMN,NM,ASW,WE,Federal Contract Tower,0,14,11,0,25,0,6,19,1,26,0,20,30,1,51,0,0,0,51
10/05/2017,FMN,NM,ASW,WE,Federal Contract Tower,0,15,2,0,17,0,5,10,1,16,0,20,12,1,33,16,0,16,49
10/06/2017,FMN,NM,ASW,WE,Federal Contract Tower,0,18,10,0,28,0,7,22,0,29,0,25,32,0,57,50,0,50,107
10/07/2017,FMN,NM,ASW,WE,Federal Contract Tower,0,7,2,6,15,0,10,38,0,48,0,17,40,6,63,26,20,46,109
10/08/2017,FMN,NM,ASW,WE,Federal Contract Tower,0,0,8,0,8,0,4,40,0,44,0,4,48,0,52,36,0,36,88
10/09/2017,FMN,NM,ASW,WE,Federal Contract Tower,0,10,2,0,12,0,2,26,0,28,0,12,28,0,40,22,0,22,62
10/10/2017,FMN,NM,ASW,WE,Federal Contract Tower,0,19,2,0,21,0,19,34,1,54,0,38,36,1,75,56,24,80,155
10/11/2017,FMN,NM,ASW,WE,Federal Contract Tower,0,14,7,1,22,0,3,22,0,25,0,17,29,1,47,70,0,70,117
10/12/2017,FMN,NM,ASW,WE,Federal Contract Tower,0,11,5,0,16,0,5,53,6,64,0,16,58,6,80,18,20,38,118
10/13/2017,FMN,NM,ASW,WE,Federal Contract Tower,0,8,3,0,11,0,8,33,2,43,0,16,36,2,54,44,16,60,114
10/14/2017,FMN,NM,ASW,WE,Federal Contract Tower,0,4,3,0,7,0,10,15,0,25,0,14,18,0,32,18,0,18,50
10/15/2017,FMN,NM,ASW,WE,Federal Contract Tower,0,5,2,0,7,0,2,23,0,25,0,7,25,0,32,0,0,0,32
10/16/2017,FMN,NM,ASW,WE,Federal Contract Tower,0,11,1,2,14,0,15,40,7,62,0,26,41,9,76,0,60,60,136
10/17/2017,FMN,NM,ASW,WE,Federal Contract Tower,0,7,3,0,10,0,11,41,0,52,0,18,44,0,62,58,0,58,120
10/18/2017,FMN,NM,ASW,WE,Federal Contract Tower,0,10,4,2,16,0,22,18,0,40,0,32,22,2,56,50,0,50,106
10/19/2017,FMN,NM,ASW,WE,Federal Contract Tower,0,12,6,0,18,0,5,30,0,35,0,17,36,0,53,16,0,16,69
10/20/2017,FMN,NM,ASW,WE,Federal Contract Tower,0,6,8,0,14,0,12,22,0,34,0,18,30,0,48,12,0,12,60
10/21/2017,FMN,NM,ASW,WE,Federal Contract Tower,0,5,2,0,7,0,8,12,0,20,0,13,14,0,27,36,0,36,63
10/22/2017,FMN,NM,ASW,WE,Federal Contract Tower,0,4,2,0,6,0,10,18,4,32,0,14,20,4,38,6,0,6,44
10/23/2017,FMN,NM,ASW,WE,Federal Contract Tower,0,13,5,0,18,0,5,36,0,41,0,18,41,0,59,40,0,40,99
10/24/2017,FMN,NM,ASW,WE,Federal Contract Tower,0,8,0,0,8,0,28,49,0,77,0,36,49,0,85,74,0,74,159
10/25/2017,FMN,NM,ASW,WE,Federal Contract Tower,0,5,3,0,8,0,12,46,0,58,0,17,49,0,66,84,0,84,150
10/26/2017,FMN,NM,ASW,WE,Federal Contract Tower,0,13,1,0,14,0,9,37,0,46,0,22,38,0,60,18,0,18,78
10/27/2017,FMN,NM,ASW,WE,Federal Contract Tower,0,32,7,0,39,0,7,25,0,32,0,39,32,0,71,22,0,22,93
10/28/2017,FMN,NM,ASW,WE,Federal Contract Tower,0,9,3,0,12,0,6,34,0,40,0,15,37,0,52,56,0,56,108
10/29/2017,FMN,NM,ASW,WE,Federal Contract Tower,0,1,7,0,8,0,4,14,0,18,0,5,21,0,26,14,0,14,40
10/30/2017,FMN,NM,ASW,WE,Federal Contract Tower,0,12,5,0,17,0,9,35,0,44,0,21,40,0,61,36,0,36,97
10/31/2017,FMN,NM,ASW,WE,Federal Contract Tower,0,9,0,0,9,0,1,2,0,3,0,10,2,0,12,20,0,20,32
11/01/2017,FMN,NM,ASW,WE,Federal Contract Tower,0,8,3,0,11,0,9,35,2,46,0,17,38,2,57,0,36,36,93
11/02/2017,FMN,NM,ASW,WE,Federal Contract Tower,0,11,5,0,16,0,12,38,23,73,0,23,43,23,89,60,40,100,189
11/03/2017,FMN,NM,ASW,WE,Federal Contract Tower,0,7,8,0,15,0,4,24,0,28,0,11,32,0,43,0,0,0,43
11/04/2017,FMN,NM,ASW,WE,Federal Contract Tower,0,4,2,0,6,0,9,24,0,33,0,13,26,0,39,16,0,16,55
11/05/2017,FMN,NM,ASW,WE,Federal Contract Tower,0,0,2,0,2,0,13,32,0,45,0,13,34,0,47,18,0,18,65
11/06/2017,FMN,NM,ASW,WE,Federal Contract Tower,0,12,1,0,13,0,14,33,0,47,0,26,34,0,60,16,0,16,76
11/07/2017,FMN,NM,ASW,WE,Federal Contract Tower,0,13,3,0,16,0,18,24,0,42,0,31,27,0,58,60,0,60,118
11/08/2017,FMN,NM,ASW,WE,Federal Contract Tower,0,9,3,0,12,0,9,12,0,21,0,18,15,0,33,56,0,56,89
11/09/2017,FMN,NM,ASW,WE,Federal Contract Tower,0,15,6,1,22,0,13,73,0,86,0,28,79,1,108,0,0,0,108
11/10/2017,FMN,NM,ASW,WE,Federal Contract Tower,0,8,4,0,12,0,13,40,0,53,0,21,44,0,65,0,0,0,65
11/11/2017,FMN,NM,ASW,WE,Federal Contract Tower,0,6,4,0,10,0,9,33,0,42,0,15,37,0,52,28,0,28,80
11/12/2017,FMN,NM,ASW,WE,Federal Contract Tower,0,1,6,0,7,0,4,68,0,72,0,5,74,0,79,50,0,50,129
11/13/2017,FMN,NM,ASW,WE,Federal Contract Tower,0,8,4,8,20,0,5,33,0,38,0,13,37,8,58,0,4,4,62
11/14/2017,FMN,NM,ASW,WE,Federal Contract Tower,0,11,2,0,13,0,8,47,0,55,0,19,49,0,68,102,0,102,170
11/15/2017,FMN,NM,ASW,WE,Federal Contract Tower,0,16,7,0,23,0,8,38,0,46,0,24,45,0,69,58,0,58,127
11/16/2017,FMN,NM,ASW,WE,Federal Contract Tower,0,13,5,0,18,0,10,36,0,46,0,23,41,0,64,60,0,60,124
11/17/2017,FMN,NM,ASW,WE,Federal Contract Tower,0,14,11,0,25,0,7,12,0,19,0,21,23,0,44,8,0,8,52
11/18/2017,FMN,NM,ASW,WE,Federal Contract Tower,0,13,11,0,24,0,5,36,0,41,0,18,47,0,65,52,0,52,117
11/19/2017,FMN,NM,ASW,WE,Federal Contract Tower,0,2,3,0,5,0,5,21,0,26,0,7,24,0,31,44,0,44,75
11/20/2017,FMN,NM,ASW,WE,Federal Contract Tower,0,11,5,0,16,0,6,44,0,50,0,17,49,0,66,48,0,48,114
11/21/2017,FMN,NM,ASW,WE,Federal Contract Tower,0,14,2,0,16,0,42,17,20,79,0,56,19,20,95,134,50,184,279
11/22/2017,FMN,NM,ASW,WE,Federal Contract Tower,0,8,9,2,19,0,4,35,0,39,0,12,44,2,58,44,0,44,102
11/23/2017,FMN,NM,ASW,WE,Federal Contract Tower,0,1,1,0,2,0,6,10,0,16,0,7,11,0,18,16,0,16,34
11/24/2017,FMN,NM,ASW,WE,Federal Contract Tower,0,3,7,0,10,0,10,26,0,36,0,13,33,0,46,64,0,64,110
11/25/2017,FMN,NM,ASW,WE,Federal Contract Tower,0,7,3,0,10,0,7,12,2,21,0,14,15,2,31,0,0,0,31
11/26/2017,FMN,NM,ASW,WE,Federal Contract Tower,0,0,11,0,11,0,0,49,5,54,0,0,60,5,65,32,4,36,101
11/27/2017,FMN,NM,ASW,WE,Federal Contract Tower,0,2,3,0,5,0,26,34,4,64,0,28,37,4,69,60,0,60,129
11/28/2017,FMN,NM,ASW,WE,Federal Contract Tower,0,10,1,0,11,0,15,16,4,35,0,25,17,4,46,64,4,68,114
11/29/2017,FMN,NM,ASW,WE,Federal Contract Tower,0,7,4,0,11,0,7,18,0,25,0,14,22,0,36,0,0,0,36
11/30/2017,FMN,NM,ASW,WE,Federal Contract Tower,0,7,6,0,13,0,6,22,0,28,0,13,28,0,41,72,0,72,113
12/01/2017,FMN,NM,ASW,WE,Federal Contract Tower,0,5,3,0,8,0,2,33,0,35,0,7,36,0,43,24,0,24,67
12/02/2017,FMN,NM,ASW,WE,Federal Contract Tower,0,6,4,0,10,0,4,35,0,39,0,10,39,0,49,30,0,30,79
12/03/2017,FMN,NM,ASW,WE,Federal Contract Tower,0,4,0,0,4,0,9,20,0,29,0,13,20,0,33,54,0,54,87
12/04/2017,FMN,NM,ASW,WE,Federal Contract Tower,0,10,5,0,15,0,7,41,2,50,0,17,46,2,65,34,20,54,119
12/05/2017,FMN,NM,ASW,WE,Federal Contract Tower,0,8,3,0,11,0,38,20,4,62,0,46,23,4,73,52,20,72,145
12/06/2017,FMN,NM,ASW,WE,Federal Contract Tower,0,9,5,2,16,0,2,16,0,18,0,11,21,2,34,68,0,68,102
12/07/2017,FMN,NM,ASW,WE,Federal Contract Tower,0,11,11,0,22,0,18,31,0,49,0,29,42,0,71,36,0,36,107
12/08/2017,FMN,NM,ASW,WE,Federal Contract Tower,0,13,10,0,23,0,8,46,0,54,0,21,56,0,77,16,0,16,93
12/09/2017,FMN,NM,ASW,WE,Federal Contract Tower,0,11,2,0,13,0,8,27,0,35,0,19,29,0,48,0,0,0,48
12/10/2017,FMN,NM,ASW,WE,Federal Contract Tower,0,3,0,0,3,0,0,21,0,21,0,3,21,0,24,0,0,0,24
12/11/2017,FMN,NM,ASW,WE,Federal Contract Tower,0,3,4,0,7,0,4,43,4,51,0,7,47,4,58,14,26,40,98
12/12/2017,FMN,NM,ASW,WE,Federal Contract Tower,0,10,2,0,12,0,23,23,0,46,0,33,25,0,58,54,0,54,112
12/13/2017,FMN,NM,ASW,WE,Federal Contract Tower,0,11,3,0,14,0,5,31,0,36,0,16,34,0,50,62,0,62,112
12/14/2017,FMN,NM,ASW,WE,Federal Contract Tower,0,15,8,0,23,0,4,12,1,17,0,19,20,1,40,28,36,64,104
12/15/2017,FMN,NM,ASW,WE,Federal Contract Tower,0,14,7,0,21,0,10,33,0,43,0,24,40,0,64,24,0,24,88
12/16/2017,FMN,NM,ASW,WE,Federal Contract Tower,0,6,0,0,6,0,3,30,0,33,0,9,30,0,39,54,0,54,93
12/17/2017,FMN,NM,ASW,WE,Federal Contract Tower,0,2,2,2,6,0,28,26,0,54,0,30,28,2,60,0,0,0,60
12/18/2017,FMN,NM,ASW,WE,Federal Contract Tower,0,5,10,1,16,0,11,48,4,63,0,16,58,5,79,18,28,46,125
12/19/2017,FMN,NM,ASW,WE,Federal Contract Tower,0,14,3,2,19,0,21,26,0,47,0,35,29,2,66,68,0,68,134
12/20/2017,FMN,NM,ASW,WE,Federal Contract Tower,0,9,5,3,17,0,2,18,1,21,0,11,23,4,38,76,0,76,114
12/22/2017,FMN,NM,ASW,WE,Federal Contract Tower,0,9,9,0,18,0,3,21,0,24,0,12,30,0,42,0,0,0,42
12/23/2017,FMN,NM,ASW,WE,Federal Contract Tower,0,8,4,0,12,0,8,26,0,34,0,16,30,0,46,0,0,0,46
12/24/2017,FMN,NM,ASW,WE,Federal Contract Tower,0,5,0,0,5,0,12,12,0,24,0,17,12,0,29,4,0,4,33
12/25/2017,FMN,NM,ASW,WE,Federal Contract Tower,0,1,0,0,1,0,19,5,0,24,0,20,5,0,25,16,0,16,41
12/26/2017,FMN,NM,ASW,WE,Federal Contract Tower,0,9,5,0,14,0,27,22,0,49,0,36,27,0,63,68,0,68,131
12/27/2017,FMN,NM,ASW,WE,Federal Contract Tower,0,10,11,0,21,0,7,64,0,71,0,17,75,0,92,12,0,12,104
12/28/2017,FMN,NM,ASW,WE,Federal Contract Tower,0,7,5,0,12,0,12,19,0,31,0,19,24,0,43,56,0,56,99
12/29/2017,FMN,NM,ASW,WE,Federal Contract Tower,0,5,7,0,12,0,20,30,2,52,0,25,37,2,64,114,0,114,178
12/30/2017,FMN,NM,ASW,WE,Federal Contract Tower,0,6,1,0,7,0,10,20,0,30,0,16,21,0,37,58,0,58,95
12/31/2017,FMN,NM,ASW,WE,Federal Contract Tower,0,4,6,0,10,0,13,19,0,32,0,17,25,0,42,14,0,14,56
01/01/2018,FMN,NM,ASW,WE,Federal Contract Tower,0,4,3,0,7,0,16,56,0,72,0,20,59,0,79,20,0,20,99
01/02/2018,FMN,NM,ASW,WE,Federal Contract Tower,0,5,3,1,9,0,16,29,0,45,0,21,32,1,54,70,0,70,124
01/03/2018,FMN,NM,ASW,WE,Federal Contract Tower,0,8,1,1,10,0,5,32,1,38,0,13,33,2,48,62,20,82,130
01/04/2018,FMN,NM,ASW,WE,Federal Contract Tower,0,13,3,0,16,0,11,31,20,62,0,24,34,20,78,18,0,18,96
01/05/2018,FMN,NM,ASW,WE,Federal Contract Tower,0,8,1,0,9,0,3,28,0,31,0,11,29,0,40,36,0,36,76
01/06/2018,FMN,NM,ASW,WE,Federal Contract Tower,0,11,1,0,12,0,6,20,4,30,0,17,21,4,42,62,12,74,116
01/07/2018,FMN,NM,ASW,WE,Federal Contract Tower,0,6,2,0,8,0,3,19,0,22,0,9,21,0,30,16,0,16,46
01/08/2018,FMN,NM,ASW,WE,Federal Contract Tower,0,5,1,2,8,0,4,75,6,85,0,9,76,8,93,4,59,63,156
01/09/2018,FMN,NM,ASW,WE,Federal Contract Tower,0,14,3,0,17,0,15,22,16,53,0,29,25,16,70,30,48,78,148
01/10/2018,FMN,NM,ASW,WE,Federal Contract Tower,0,14,4,0,18,0,0,6,0,6,0,14,10,0,24,36,0,36,60
01/11/2018,FMN,NM,ASW,WE,Federal Contract Tower,0,7,3,0,10,0,11,20,0,31,0,18,23,0,41,60,0,60,101
01/12/2018,FMN,NM,ASW,WE,Federal Contract Tower,0,8,6,1,15,0,10,31,1,42,0,18,37,2,57,76,0,76,133
01/13/2018,FMN,NM,ASW,WE,Federal Contract Tower,0,5,2,2,9,0,7,24,0,31,0,12,26,2,40,82,0,82,122
01/14/2018,FMN,NM,ASW,WE,Federal Contract Tower,0,4,4,2,10,0,6,33,1,40,0,10,37,3,50,30,0,30,80
01/15/2018,FMN,NM,ASW,WE,Federal Contract Tower,0,8,1,0,9,0,3,45,0,48,0,11,46,0,57,22,0,22,79
01/16/2018,FMN,NM,ASW,WE,Federal Contract Tower,0,2,0,0,2,0,17,16,0,33,0,19,16,0,35,62,0,62,97
01/17/2018,FMN,NM,ASW,WE,Federal Contract Tower,0,9,2,0,11,0,11,20,3,34,0,20,22,3,45,12,62,74,119
01/18/2018,FMN,NM,ASW,WE,Federal Contract Tower,0,5,2,0,7,0,5,31,0,36,0,10,33,0,43,74,0,74,117
01/19/2018,FMN,NM,ASW,WE,Federal Contract Tower,0,9,6,0,15,0,48,45,0,93,0,57,51,0,108,96,0,96,204
01/20/2018,FMN,NM,ASW,WE,Federal Contract Tower,0,8,4,0,12,0,6,16,1,23,0,14,20,1,35,12,0,12,47
01/21/2018,FMN,NM,ASW,WE,Federal Contract Tower,0,0,0,0,0,0,0,1,1,2,0,0,1,1,2,0,0,0,2
01/22/2018,FMN,NM,ASW,WE,Federal Contract Tower,0,5,5,2,12,0,11,38,0,49,0,16,43,2,61,60,10,70,131
01/23/2018,FMN,NM,ASW,WE,Federal Contract Tower,0,7,1,0,8,0,7,19,6,32,0,14,20,6,40,30,0,30,70
01/24/2018,FMN,NM,ASW,WE,Federal Contract Tower,0,8,7,0,15,0,7,38,0,45,0,15,45,0,60,84,0,84,144
01/25/2018,FMN,NM,ASW,WE,Federal Contract Tower,0,7,5,0,12,0,55,27,0,82,0,62,32,0,94,50,0,50,144
01/26/2018,FMN,NM,ASW,WE,Federal Contract Tower,0,8,6,0,14,0,40,23,0,63,0,48,29,0,77,36,0,36,113
01/27/2018,FMN,NM,ASW,WE,Federal Contract Tower,0,7,5,0,12,0,3,26,4,33,0,10,31,4,45,12,0,12,57
01/28/2018,FMN,NM,ASW,WE,Federal Contract Tower,0,2,1,4,7,0,3,28,4,35,0,5,29,8,42,38,0,38,80
01/29/2018,FMN,NM,ASW,WE,Federal Contract Tower,0,5,0,0,5,0,18,25,8,51,0,23,25,8,56,38,0,38,94
01/30/2018,FMN,NM,ASW,WE,Federal Contract Tower,0,16,0,0,16,0,12,61,0,73,0,28,61,0,89,48,0,48,137
01/31/2018,FMN,NM,ASW,WE,Federal Contract Tower,0,6,2,0,8,0,14,59,0,73,0,20,61,0,81,70,0,70,151
02/01/2018,FMN,NM,ASW,WE,Federal Contract Tower,0,13,4,0,17,0,9,23,0,32,0,22,27,0,49,58,0,58,107
02/02/2018,FMN,NM,ASW,WE,Federal Contract Tower,0,10,9,0,19,0,7,34,0,41,0,17,43,0,60,12,0,12,72
02/03/2018,FMN,NM,ASW,WE,Federal Contract Tower,0,10,2,0,12,0,10,22,0,32,0,20,24,0,44,0,0,0,44
02/04/2018,FMN,NM,ASW,WE,Federal Contract Tower,0,2,0,0,2,0,5,12,0,17,0,7,12,0,19,0,0,0,19
02/05/2018,FMN,NM,ASW,WE,Federal Contract Tower,0,9,11,0,20,0,39,44,0,83,0,48,55,0,103,10,0,10,113
02/06/2018,FMN,NM,ASW,WE,Federal Contract Tower,0,15,5,1,21,0,17,16,0,33,0,32,21,1,54,38,20,58,112
02/08/2018,FMN,NM,ASW,WE,Federal Contract Tower,0,10,10,0,20,0,15,26,2,43,0,25,36,2,63,64,12,76,139
02/09/2018,FMN,NM,ASW,WE,Federal Contract Tower,0,7,10,5,22,0,13,41,12,66,0,20,51,17,88,108,82,190,278
02/10/2018,FMN,NM,ASW,WE,Federal Contract Tower,0,6,1,0,7,0,13,17,2,32,0,19,18,2,39,12,12,24,63
02/11/2018,FMN,NM,ASW,WE,Federal Contract Tower,0,3,3,0,6,0,6,34,2,42,0,9,37,2,48,2,22,24,72
02/12/2018,FMN,NM,ASW,WE,Federal Contract Tower,0,10,5,2,17,0,5,59,0,64,0,15,64,2,81,0,4,4,85
02/13/2018,FMN,NM,ASW,WE,Federal Contract Tower,0,19,1,0,20,0,12,18,0,30,0,31,19,0,50,42,0,42,92
02/14/2018,FMN,NM,ASW,WE,Federal Contract Tower,0,16,0,0,16,0,2,16,0,18,0,18,16,0,34,0,0,0,34
02/15/2018,FMN,NM,ASW,WE,Federal Contract Tower,0,22,2,0,24,0,11,15,0,26,0,33,17,0,50,0,0,0,50
02/16/2018,FMN,NM,ASW,WE,Federal Contract Tower,0,10,4,2,16,0,9,39,0,48,0,19,43,2,64,24,0,24,88
02/17/2018,FMN,NM,ASW,WE,Federal Contract Tower,0,9,1,1,11,0,6,29,5,40,0,15,30,6,51,12,32,44,95
02/18/2018,FMN,NM,ASW,WE,Federal Contract Tower,0,0,5,5,10,0,12,19,2,33,0,12,24,7,43,6,4,10,53
02/19/2018,FMN,NM,ASW,WE,Federal Contract Tower,0,10,11,0,21,0,0,10,1,11,0,10,21,1,32,0,0,0,32
02/20/2018,FMN,NM,ASW,WE,Federal Contract Tower,0,9,8,0,17,0,12,17,2,31,0,21,25,2,48,52,0,52,100
02/21/2018,FMN,NM,ASW,WE,Federal Contract Tower,0,8,6,0,14,0,10,31,0,41,0,18,37,0,55,24,0,24,79
02/22/2018,FMN,NM,ASW,WE,Federal Contract Tower,0,10,3,4,17,0,8,15,0,23,0,18,18,4,40,28,0,28,68
02/23/2018,FMN,NM,ASW,WE,Federal Contract Tower,0,12,5,0,17,0,4,23,1,28,0,16,28,1,45,0,0,0,45
02/24/2018,FMN,NM,ASW,WE,Federal Contract Tower,0,6,2,2,10,0,10,16,0,26,0,16,18,2,36,12,0,12,48
02/25/2018,FMN,NM,ASW,WE,Federal Contract Tower,0,5,2,0,7,0,3,7,0,10,0,8,9,0,17,18,0,18,35
02/26/2018,FMN,NM,ASW,WE,Federal Contract Tower,0,8,3,2,13,0,6,35,0,41,0,14,38,2,54,10,0,10,64
02/27/2018,FMN,NM,ASW,WE,Federal Contract Tower,0,11,2,0,13,0,50,31,0,81,0,61,33,0,94,46,0,46,140
02/28/2018,FMN,NM,ASW,WE,Federal Contract Tower,0,9,5,0,14,0,12,14,0,26,0,21,19,0,40,0,0,0,40
03/01/2018,FMN,NM,ASW,WE,Federal Contract Tower,0,16,1,0,17,0,12,24,0,36,0,28,25,0,53,30,0,30,83
03/02/2018,FMN,NM,ASW,WE,Federal Contract Tower,0,9,7,2,18,0,7,33,0,40,0,16,40,2,58,78,4,82,140
03/03/2018,FMN,NM,ASW,WE,Federal Contract Tower,0,7,2,1,10,0,14,17,0,31,0,21,19,1,41,0,0,0,41
03/04/2018,FMN,NM,ASW,WE,Federal Contract Tower,0,0,2,0,2,0,3,8,0,11,0,3,10,0,13,2,0,2,15
03/05/2018,FMN,NM,ASW,WE,Federal Contract Tower,0,17,0,0,17,0,14,12,0,26,0,31,12,0,43,16,0,16,59
03/06/2018,FMN,NM,ASW,WE,Federal Contract Tower,0,9,0,2,11,0,44,13,6,63,0,53,13,8,74,73,0,73,147
03/07/2018,FMN,NM,ASW,WE,Federal Contract Tower,0,18,3,0,21,0,12,18,0,30,0,30,21,0,51,0,0,0,51
03/08/2018,FMN,NM,ASW,WE,Federal Contract Tower,0,13,2,0,15,0,8,36,0,44,0,21,38,0,59,48,0,48,107
03/09/2018,FMN,NM,ASW,WE,Federal Contract Tower,0,8,1,10,19,0,15,24,15,54,0,23,25,25,73,0,48,48,121
03/10/2018,FMN,NM,ASW,WE,Federal Contract Tower,0,6,2,0,8,0,8,47,0,55,0,14,49,0,63,22,0,22,85
03/11/2018,FMN,NM,ASW,WE,Federal Contract Tower,0,0,1,0,1,0,2,22,8,32,0,2,23,8,33,26,0,26,59
03/12/2018,FMN,NM,ASW,WE,Federal Contract Tower,0,7,5,0,12,0,56,41,0,97,0,63,46,0,109,56,0,56,165
03/13/2018,FMN,NM,ASW,WE,Federal Contract Tower,0,14,1,0,15,0,1,58,2,61,0,15,59,2,76,76,24,100,176
03/14/2018,FMN,NM,ASW,WE,Federal Contract Tower,0,11,1,0,12,0,17,20,0,37,0,28,21,0,49,0,0,0,49
03/15/2018,FMN,NM,ASW,WE,Federal Contract Tower,0,10,0,0,10,0,9,11,1,21,0,19,11,1,31,0,0,0,31
03/16/2018,FMN,NM,ASW,WE,Federal Contract Tower,0,11,8,0,19,0,9,23,0,32,0,20,31,0,51,0,0,0,51
03/17/2018,FMN,NM,ASW,WE,Federal Contract Tower,0,10,4,0,14,0,7,39,0,46,0,17,43,0,60,36,0,36,96
03/18/2018,FMN,NM,ASW,WE,Federal Contract Tower,0,1,0,0,1,0,3,2,0,5,0,4,2,0,6,0,0,0,6
03/19/2018,FMN,NM,ASW,WE,Federal Contract Tower,0,5,7,0,12,0,15,33,0,48,0,20,40,0,60,0,0,0,60
03/20/2018,FMN,NM,ASW,WE,Federal Contract Tower,0,18,0,0,18,0,13,48,0,61,0,31,48,0,79,80,0,80,159
03/21/2018,FMN,NM,ASW,WE,Federal Contract Tower,0,5,2,0,7,0,11,32,0,43,0,16,34,0,50,30,0,30,80
03/22/2018,FMN,NM,ASW,WE,Federal Contract Tower,0,8,5,0,13,0,5,29,1,35,0,13,34,1,48,62,0,62,110
03/23/2018,FMN,NM,ASW,WE,Federal Contract Tower,0,6,2,0,8,0,11,13,0,24,0,17,15,0,32,12,0,12,44
03/24/2018,FMN,NM,ASW,WE,Federal Contract Tower,0,5,0,0,5,0,7,33,0,40,0,12,33,0,45,48,0,48,93
03/25/2018,FMN,NM,ASW,WE,Federal Contract Tower,0,0,1,0,1,0,8,21,0,29,0,8,22,0,30,0,0,0,30
03/26/2018,FMN,NM,ASW,WE,Federal Contract Tower,0,7,2,0,9,0,12,32,0,44,0,19,34,0,53,54,0,54,107
03/27/2018,FMN,NM,ASW,WE,Federal Contract Tower,0,7,0,0,7,0,12,5,0,17,0,19,5,0,24,10,0,10,34
03/28/2018,FMN,NM,ASW,WE,Federal Contract Tower,0,10,1,0,11,0,7,13,4,24,0,17,14,4,35,42,0,42,77
03/29/2018,FMN,NM,ASW,WE,Federal Contract Tower,0,11,2,1,14,0,14,34,1,49,0,25,36,2,63,42,0,42,105
03/30/2018,FMN,NM,ASW,WE,Federal Contract Tower,0,13,2,0,15,0,10,41,0,51,0,23,43,0,66,60,0,60,126
03/31/2018,FMN,NM,ASW,WE,Federal Contract Tower,0,5,0,0,5,0,14,19,2,35,0,19,19,2,40,52,0,52,92
04/01/2018,FMN,NM,ASW,WE,Federal Contract Tower,0,0,0,0,0,0,4,36,0,40,0,4,36,0,40,54,0,54,94
04/02/2018,FMN,NM,ASW,WE,Federal Contract Tower,0,7,4,2,13,0,9,34,0,43,0,16,38,2,56,0,0,0,56
04/03/2018,FMN,NM,ASW,WE,Federal Contract Tower,0,14,1,0,15,0,8,33,0,41,0,22,34,0,56,72,0,72,128
04/04/2018,FMN,NM,ASW,WE,Federal Contract Tower,0,11,10,0,21,0,10,25,1,36,0,21,35,1,57,84,6,90,147
04/05/2018,FMN,NM,ASW,WE,Federal Contract Tower,0,6,5,0,11,0,7,33,0,40,0,13,38,0,51,24,0,24,75
04/06/2018,FMN,NM,ASW,WE,Federal Contract Tower,0,10,12,3,25,0,3,20,2,25,0,13,32,5,50,16,4,20,70
04/07/2018,FMN,NM,ASW,WE,Federal Contract Tower,0,8,3,0,11,0,4,19,0,23,0,12,22,0,34,12,0,12,46
04/08/2018,FMN,NM,ASW,WE,Federal Contract Tower,0,6,2,0,8,0,0,9,0,9,0,6,11,0,17,0,0,0,17
04/09/2018,FMN,NM,ASW,WE,Federal Contract Tower,0,5,3,0,8,0,15,37,1,53,0,20,40,1,61,4,20,24,85
04/10/2018,FMN,NM,ASW,WE,Federal Contract Tower,0,9,1,0,10,0,13,17,0,30,0,22,18,0,40,54,0,54,94
04/11/2018,FMN,NM,ASW,WE,Federal Contract Tower,0,9,2,0,11,0,3,14,2,19,0,12,16,2,30,88,72,160,190
04/12/2018,FMN,NM,ASW,WE,Federal Contract Tower,0,6,1,0,7,0,5,14,0,19,0,11,15,0,26,40,0,40,66
04/13/2018,FMN,NM,ASW,WE,Federal Contract Tower,0,8,2,0,10,0,4,14,0,18,0,12,16,0,28,0,0,0,28
04/14/2018,FMN,NM,ASW,WE,Federal Contract Tower,0,9,2,0,11,0,3,25,0,28,0,12,27,0,39,42,0,42,81
04/15/2018,FMN,NM,ASW,WE,Federal Contract Tower,0,10,2,0,12,0,3,62,0,65,0,13,64,0,77,54,0,54,131
04/16/2018,FMN,NM,ASW,WE,Federal Contract Tower,0,10,6,2,18,0,0,36,0,36,0,10,42,2,54,30,0,30,84
04/17/2018,FMN,NM,ASW,WE,Federal Contract Tower,0,10,1,0,11,0,11,12,0,23,0,21,13,0,34,26,0,26,60
04/18/2018,FMN,NM,ASW,WE,Federal Contract Tower,0,8,3,0,11,0,18,27,0,45,0,26,30,0,56,92,0,92,148
04/19/2018,FMN,NM,ASW,WE,Federal Contract Tower,0,7,14,0,21,0,6,29,0,35,0,13,43,0,56,58,0,58,114
04/20/2018,FMN,NM,ASW,WE,Federal Contract Tower,0,5,1,0,6,0,7,20,0,27,0,12,21,0,33,0,0,0,33
04/21/2018,FMN,NM,ASW,WE,Federal Contract Tower,0,8,2,0,10,0,4,12,0,16,0,12,14,0,26,12,0,12,38
04/22/2018,FMN,NM,ASW,WE,Federal Contract Tower,0,0,5,0,5,0,2,32,0,34,0,2,37,0,39,54,0,54,93
04/23/2018,FMN,NM,ASW,WE,Federal Contract Tower,0,4,3,0,7,0,6,35,0,41,0,10,38,0,48,56,0,56,104
04/24/2018,FMN,NM,ASW,WE,Federal Contract Tower,0,14,1,0,15,0,7,36,0,43,0,21,37,0,58,106,0,106,164
04/25/2018,FMN,NM,ASW,WE,Federal Contract Tower,0,9,2,0,11,0,9,26,2,37,0,18,28,2,48,100,0,100,148
04/26/2018,FMN,NM,ASW,WE,Federal Contract Tower,0,5,1,2,8,0,11,44,0,55,0,16,45,2,63,38,0,38,101
04/27/2018,FMN,NM,ASW,WE,Federal Contract Tower,0,9,2,13,24,0,11,32,21,64,0,20,34,34,88,66,24,90,178
04/28/2018,FMN,NM,ASW,WE,Federal Contract Tower,0,9,1,0,10,0,12,30,0,42,0,21,31,0,52,42,0,42,94
04/29/2018,FMN,NM,ASW,WE,Federal Contract Tower,0,2,3,0,5,0,7,27,0,34,0,9,30,0,39,0,0,0,39
04/30/2018,FMN,NM,ASW,WE,Federal Contract Tower,0,9,0,0,9,0,2,34,4,40,0,11,34,4,49,24,0,24,73
05/01/2018,FMN,NM,ASW,WE,Federal Contract Tower,0,6,2,1,9,0,6,13,16,35,0,12,15,17,44,4,38,42,86
05/02/2018,FMN,NM,ASW,WE,Federal Contract Tower,0,9,6,0,15,0,0,1,0,1,0,9,7,0,16,0,0,0,16
05/03/2018,FMN,NM,ASW,WE,Federal Contract Tower,0,63,7,0,70,0,25,9,2,36,0,88,16,2,106,0,36,36,142
05/04/2018,FMN,NM,ASW,WE,Federal Contract Tower,0,10,6,0,16,0,9,40,0,49,0,19,46,0,65,24,0,24,89
05/05/2018,FMN,NM,ASW,WE,Federal Contract Tower,0,8,2,2,12,0,6,38,0,44,0,14,40,2,56,86,0,86,142
05/06/2018,FMN,NM,ASW,WE,Federal Contract Tower,0,2,0,0,2,0,5,35,0,40,0,7,35,0,42,32,0,32,74
05/07/2018,FMN,NM,ASW,WE,Federal Contract Tower,0,5,3,0,8,0,9,40,0,49,0,14,43,0,57,76,0,76,133
05/08/2018,FMN,NM,ASW,WE,Federal Contract Tower,0,14,0,2,16,0,37,26,2,65,0,51,26,4,81,56,12,68,149
05/09/2018,FMN,NM,ASW,WE,Federal Contract Tower,0,7,5,0,12,0,3,17,0,20,0,10,22,0,32,66,0,66,98
05/11/2018,FMN,NM,ASW,WE,Federal Contract Tower,0,13,4,0,17,0,1,17,0,18,0,14,21,0,35,48,0,48,83
05/12/2018,FMN,NM,ASW,WE,Federal Contract Tower,0,7,3,0,10,0,6,15,0,21,0,13,18,0,31,60,0,60,91
05/13/2018,FMN,NM,ASW,WE,Federal Contract Tower,0,1,0,0,1,0,8,16,0,24,0,9,16,0,25,48,0,48,73
05/14/2018,FMN,NM,ASW,WE,Federal Contract Tower,0,6,2,0,8,0,4,25,4,33,0,10,27,4,41,38,32,70,111
05/15/2018,FMN,NM,ASW,WE,Federal Contract Tower,0,17,3,0,20,0,13,54,0,67,0,30,57,0,87,54,0,54,141
05/16/2018,FMN,NM,ASW,WE,Federal Contract Tower,0,9,5,1,15,0,8,30,3,41,0,17,35,4,56,144,0,144,200
05/17/2018,FMN,NM,ASW,WE,Federal Contract Tower,0,9,5,0,14,0,10,46,0,56,0,19,51,0,70,40,0,40,110
05/18/2018,FMN,NM,ASW,WE,Federal Contract Tower,0,6,4,0,10,0,11,38,0,49,0,17,42,0,59,97,0,97,156
05/19/2018,FMN,NM,ASW,WE,Federal Contract Tower,0,5,1,0,6,0,10,29,3,42,0,15,30,3,48,36,0,36,84
05/20/2018,FMN,NM,ASW,WE,Federal Contract Tower,0,4,0,0,4,0,7,6,0,13,0,11,6,0,17,0,0,0,17
05/21/2018,FMN,NM,ASW,WE,Federal Contract Tower,0,7,5,0,12,0,6,41,0,47,0,13,46,0,59,60,0,60,119
05/22/2018,FMN,NM,ASW,WE,Federal Contract Tower,0,14,2,0,16,0,16,30,0,46,0,30,32,0,62,58,0,58,120
05/23/2018,FMN,NM,ASW,WE,Federal Contract Tower,0,8,4,2,14,0,4,31,0,35,0,12,35,2,49,64,0,64,113
05/24/2018,FMN,NM,ASW,WE,Federal Contract Tower,0,12,7,0,19,0,14,24,0,38,0,26,31,0,57,26,0,26,83
05/25/2018,FMN,NM,ASW,WE,Federal Contract Tower,0,5,4,0,9,0,15,45,0,60,0,20,49,0,69,24,0,24,93
05/26/2018,FMN,NM,ASW,WE,Federal Contract Tower,0,7,2,0,9,0,8,22,0,30,0,15,24,0,39,0,0,0,39
05/27/2018,FMN,NM,ASW,WE,Federal Contract Tower,0,4,0,0,4,0,14,28,0,42,0,18,28,0,46,18,0,18,64
05/28/2018,FMN,NM,ASW,WE,Federal Contract Tower,0,0,2,0,2,0,5,32,0,37,0,5,34,0,39,36,0,36,75
05/29/2018,FMN,NM,ASW,WE,Federal Contract Tower,0,5,2,0,7,0,8,39,0,47,0,13,41,0,54,78,0,78,132
05/30/2018,FMN,NM,ASW,WE,Federal Contract Tower,0,7,0,2,9,0,5,19,2,26,0,12,19,4,35,76,0,76,111
06/01/2018,FMN,NM,ASW,WE,Federal Contract Tower,0,4,0,4,8,0,3,34,0,37,0,7,34,4,45,24,0,24,69
06/02/2018,FMN,NM,ASW,WE,Federal Contract Tower,0,5,1,0,6,0,11,25,0,36,0,16,26,0,42,20,0,20,62
06/03/2018,FMN,NM,ASW,WE,Federal Contract Tower,0,2,2,0,4,0,9,13,0,22,0,11,15,0,26,2,0,2,28
06/04/2018,FMN,NM,ASW,WE,Federal Contract Tower,0,6,10,0,16,0,20,39,0,59,0,26,49,0,75,38,0,38,113
06/05/2018,FMN,NM,ASW,WE,Federal Contract Tower,0,5,1,0,6,0,16,17,0,33,0,21,18,0,39,78,0,78,117
06/07/2018,FMN,NM,ASW,WE,Federal Contract Tower,0,8,6,0,14,0,8,28,0,36,0,16,34,0,50,102,0,102,152
06/08/2018,FMN,NM,ASW,WE,Federal Contract Tower,0,10,0,0,10,0,9,34,0,43,0,19,34,0,53,66,0,66,119
06/09/2018,FMN,NM,ASW,WE,Federal Contract Tower,0,11,0,0,11,0,5,27,0,32,0,16,27,0,43,72,0,72,115
06/10/2018,FMN,NM,ASW,WE,Federal Contract Tower,0,5,0,7,12,0,8,36,19,63,0,13,36,26,75,52,0,52,127
06/11/2018,FMN,NM,ASW,WE,Federal Contract Tower,0,8,2,0,10,0,6,29,2,37,0,14,31,2,47,6,0,6,53
06/12/2018,FMN,NM,ASW,WE,Federal Contract Tower,0,10,2,0,12,0,38,22,0,60,0,48,24,0,72,71,0,71,143
06/13/2018,FMN,NM,ASW,WE,Federal Contract Tower,0,11,4,0,15,0,5,49,3,57,0,16,53,3,72,72,24,96,168
06/14/2018,FMN,NM,ASW,WE,Federal Contract Tower,0,7,2,0,9,0,21,34,0,55,0,28,36,0,64,36,0,36,100
06/15/2018,FMN,NM,ASW,WE,Federal Contract Tower,0,14,2,0,16,0,11,39,0,50,0,25,41,0,66,16,0,16,82
06/16/2018,FMN,NM,ASW,WE,Federal Contract Tower,0,10,9,0,19,0,7,11,6,24,0,17,20,6,43,0,0,0,43
06/17/2018,FMN,NM,ASW,WE,Federal Contract Tower,0,2,4,0,6,0,8,18,0,26,0,10,22,0,32,10,0,10,42
06/19/2018,FMN,NM,ASW,WE,Federal Contract Tower,0,7,6,0,13,0,23,28,5,56,0,30,34,5,69,54,0,54,123
06/20/2018,FMN,NM,ASW,WE,Federal Contract Tower,0,5,4,0,9,0,20,17,0,37,0,25,21,0,46,60,0,60,106
06/22/2018,FMN,NM,ASW,WE,Federal Contract Tower,0,9,2,0,11,0,9,32,2,43,0,18,34,2,54,72,0,72,126
06/23/2018,FMN,NM,ASW,WE,Federal Contract Tower,0,7,0,0,7,0,9,24,0,33,0,16,24,0,40,38,0,38,78
06/24/2018,FMN,NM,ASW,WE,Federal Contract Tower,0,7,7,2,16,0,4,36,0,40,0,11,43,2,56,44,0,44,100
06/25/2018,FMN,NM,ASW,WE,Federal Contract Tower,0,3,3,0,6,0,10,40,0,50,0,13,43,0,56,40,0,40,96
06/28/2018,FMN,NM,ASW,WE,Federal Contract Tower,0,7,0,0,7,0,1,40,0,41,0,8,40,0,48,10,0,10,58
06/29/2018,FMN,NM,ASW,WE,Federal Contract Tower,0,4,6,0,10,0,5,29,0,34,0,9,35,0,44,4,0,4,48
06/30/2018,FMN,NM,ASW,WE,Federal Contract Tower,0,4,6,0,10,0,3,32,0,35,0,7,38,0,45,126,0,126,171
07/01/2018,FMN,NM,ASW,WE,Federal Contract Tower,0,7,3,0,10,0,5,37,0,42,0,12,40,0,52,101,0,101,153
07/02/2018,FMN,NM,ASW,WE,Federal Contract Tower,0,9,4,0,13,0,5,23,0,28,0,14,27,0,41,76,0,76,117
07/03/2018,FMN,NM,ASW,WE,Federal Contract Tower,0,7,2,0,9,0,2,29,0,31,0,9,31,0,40,116,0,116,156
07/04/2018,FMN,NM,ASW,WE,Federal Contract Tower,0,3,4,0,7,0,6,13,0,19,0,9,17,0,26,44,0,44,70
07/05/2018,FMN,NM,ASW,WE,Federal Contract Tower,0,10,1,0,11,0,7,24,0,31,0,17,25,0,42,8,0,8,50
07/06/2018,FMN,NM,ASW,WE,Federal Contract Tower,0,10,1,0,11,0,5,20,0,25,0,15,21,0,36,0,0,0,36
07/07/2018,FMN,NM,ASW,WE,Federal Contract Tower,0,6,0,0,6,0,8,34,8,50,0,14,34,8,56,36,0,36,92
07/08/2018,FMN,NM,ASW,WE,Federal Contract Tower,0,2,1,0,3,0,0,34,0,34,0,2,35,0,37,70,0,70,107
07/09/2018,FMN,NM,ASW,WE,Federal Contract Tower,0,11,1,0,12,0,14,26,0,40,0,25,27,0,52,42,0,42,94
07/10/2018,FMN,NM,ASW,WE,Federal Contract Tower,0,11,2,0,13,0,24,68,0,92,0,35,70,0,105,118,0,118,223
07/11/2018,FMN,NM,ASW,WE,Federal Contract Tower,0,14,1,0,15,0,8,16,3,27,0,22,17,3,42,66,0,66,108
07/12/2018,FMN,NM,ASW,WE,Federal Contract Tower,0,10,3,0,13,0,12,53,0,65,0,22,56,0,78,156,0,156,234
07/13/2018,FMN,NM,ASW,WE,Federal Contract Tower,0,12,3,0,15,0,12,17,1,30,0,24,20,1,45,24,0,24,69
07/14/2018,FMN,NM,ASW,WE,Federal Contract Tower,0,8,2,0,10,0,9,27,0,36,0,17,29,0,46,60,0,60,106
07/15/2018,FMN,NM,ASW,WE,Federal Contract Tower,0,1,5,0,6,0,5,17,1,23,0,6,22,1,29,38,0,38,67
07/16/2018,FMN,NM,ASW,WE,Federal Contract Tower,0,14,6,0,20,0,18,42,0,60,0,32,48,0,80,50,0,50,130
07/17/2018,FMN,NM,ASW,WE,Federal Contract Tower,0,9,2,0,11,0,12,10,0,22,0,21,12,0,33,24,0,24,57
07/18/2018,FMN,NM,ASW,WE,Federal Contract Tower,0,11,5,0,16,0,11,29,4,44,0,22,34,4,60,48,0,48,108
07/19/2018,FMN,NM,ASW,WE,Federal Contract Tower,0,10,8,0,18,0,13,33,0,46,0,23,41,0,64,36,0,36,100
07/20/2018,FMN,NM,ASW,WE,Federal Contract Tower,0,7,4,2,13,0,9,29,4,42,0,16,33,6,55,86,2,88,143
07/21/2018,FMN,NM,ASW,WE,Federal Contract Tower,0,5,6,0,11,0,9,47,0,56,0,14,53,0,67,76,0,76,143
07/22/2018,FMN,NM,ASW,WE,Federal Contract Tower,0,6,2,0,8,0,16,29,2,47,0,22,31,2,55,70,0,70,125
07/23/2018,FMN,NM,ASW,WE,Federal Contract Tower,0,3,2,0,5,0,6,18,0,24,0,9,20,0,29,40,0,40,69
07/24/2018,FMN,NM,ASW,WE,Federal Contract Tower,0,10,0,0,10,0,38,34,36,108,0,48,34,36,118,70,0,70,188
07/25/2018,FMN,NM,ASW,WE,Federal Contract Tower,0,5,6,0,11,0,7,26,6,39,0,12,32,6,50,106,0,106,156
07/27/2018,FMN,NM,ASW,WE,Federal Contract Tower,0,5,3,0,8,0,9,21,4,34,0,14,24,4,42,24,0,24,66
07/28/2018,FMN,NM,ASW,WE,Federal Contract Tower,0,7,5,0,12,0,7,31,0,38,0,14,36,0,50,86,0,86,136
07/29/2018,FMN,NM,ASW,WE,Federal Contract Tower,0,8,0,0,8,0,0,15,0,15,0,8,15,0,23,0,0,0,23
07/30/2018,FMN,NM,ASW,WE,Federal Contract Tower,0,6,1,1,8,0,5,43,2,50,0,11,44,3,58,96,0,96,154
07/31/2018,FMN,NM,ASW,WE,Federal Contract Tower,0,16,0,0,16,0,30,75,6,111,0,46,75,6,127,126,0,126,253
08/01/2018,FMN,NM,ASW,WE,Federal Contract Tower,0,8,6,0,14,0,11,17,0,28,0,19,23,0,42,72,0,72,114
08/02/2018,FMN,NM,ASW,WE,Federal Contract Tower,0,11,4,0,15,0,9,13,0,22,0,20,17,0,37,88,0,88,125
08/03/2018,FMN,NM,ASW,WE,Federal Contract Tower,0,13,0,0,13,0,4,27,0,31,0,17,27,0,44,50,0,50,94
08/04/2018,FMN,NM,ASW,WE,Federal Contract Tower,0,3,1,0,4,0,8,30,0,38,0,11,31,0,42,12,0,12,54
08/05/2018,FMN,NM,ASW,WE,Federal Contract Tower,0,7,4,0,11,0,5,24,0,29,0,12,28,0,40,38,0,38,78
08/06/2018,FMN,NM,ASW,WE,Federal Contract Tower,0,9,1,0,10,0,13,42,0,55,0,22,43,0,65,30,0,30,95
08/07/2018,FMN,NM,ASW,WE,Federal Contract Tower,0,10,1,0,11,0,18,82,0,100,0,28,83,0,111,70,0,70,181
08/08/2018,FMN,NM,ASW,WE,Federal Contract Tower,0,13,7,0,20,0,0,0,0,0,0,13,7,0,20,84,0,84,104
08/09/2018,FMN,NM,ASW,WE,Federal Contract Tower,0,12,6,0,18,0,13,136,0,149,0,25,142,0,167,78,0,78,245
08/10/2018,FMN,NM,ASW,WE,Federal Contract Tower,0,6,6,4,16,0,16,59,15,90,0,22,65,19,106,12,85,97,203
08/11/2018,FMN,NM,ASW,WE,Federal Contract Tower,0,5,2,0,7,0,15,45,2,62,0,20,47,2,69,54,24,78,147
08/12/2018,FMN,NM,ASW,WE,Federal Contract Tower,0,4,2,0,6,0,17,32,2,51,0,21,34,2,57,36,0,36,93
08/13/2018,FMN,NM,ASW,WE,Federal Contract Tower,0,17,7,0,24,0,19,41,0,60,0,36,48,0,84,0,24,24,108
08/14/2018,FMN,NM,ASW,WE,Federal Contract Tower,0,3,2,0,5,0,14,29,2,45,0,17,31,2,50,63,0,63,113
08/15/2018,FMN,NM,ASW,WE,Federal Contract Tower,0,11,2,3,16,0,8,19,2,29,0,19,21,5,45,132,0,132,177
08/16/2018,FMN,NM,ASW,WE,Federal Contract Tower,0,17,5,0,22,0,13,7,0,20,0,30,12,0,42,46,0,46,88
08/17/2018,FMN,NM,ASW,WE,Federal Contract Tower,0,10,8,4,22,0,10,30,0,40,0,20,38,4,62,100,0,100,162
08/18/2018,FMN,NM,ASW,WE,Federal Contract Tower,0,12,2,1,15,0,5,21,2,28,0,17,23,3,43,22,0,22,65
08/19/2018,FMN,NM,ASW,WE,Federal Contract Tower,0,5,0,0,5,0,0,13,0,13,0,5,13,0,18,18,0,18,36
08/20/2018,FMN,NM,ASW,WE,Federal Contract Tower,0,8,3,0,11,0,11,30,0,41,0,19,33,0,52,40,0,40,92
08/21/2018,FMN,NM,ASW,WE,Federal Contract Tower,0,13,1,0,14,0,28,11,22,61,0,41,12,22,75,76,0,76,151
08/22/2018,FMN,NM,ASW,WE,Federal Contract Tower,0,7,4,0,11,0,6,12,0,18,0,13,16,0,29,94,0,94,123
08/23/2018,FMN,NM,ASW,WE,Federal Contract Tower,0,11,2,0,13,0,9,27,8,44,0,20,29,8,57,52,0,52,109
08/24/2018,FMN,NM,ASW,WE,Federal Contract Tower,0,8,9,0,17,0,5,25,0,30,0,13,34,0,47,20,0,20,67
08/25/2018,FMN,NM,ASW,WE,Federal Contract Tower,0,10,0,0,10,0,15,35,0,50,0,25,35,0,60,54,0,54,114
08/26/2018,FMN,NM,ASW,WE,Federal Contract Tower,0,8,1,1,10,0,12,17,1,30,0,20,18,2,40,46,10,56,96
08/27/2018,FMN,NM,ASW,WE,Federal Contract Tower,0,8,3,0,11,0,5,52,0,57,0,13,55,0,68,68,0,68,136
08/28/2018,FMN,NM,ASW,WE,Federal Contract Tower,0,17,1,0,18,0,31,58,0,89,0,48,59,0,107,62,0,62,169
08/29/2018,FMN,NM,ASW,WE,Federal Contract Tower,0,10,10,0,20,0,2,27,0,29,0,12,37,0,49,50,0,50,99
08/30/2018,FMN,NM,ASW,WE,Federal Contract Tower,0,13,4,0,17,0,3,50,0,53,0,16,54,0,70,76,0,76,146
08/31/2018,FMN,NM,ASW,WE,Federal Contract Tower,0,6,6,0,12,0,11,39,0,50,0,17,45,0,62,52,0,52,114
09/01/2018,FMN,NM,ASW,WE,Federal Contract Tower,0,5,2,0,7,0,12,22,0,34,0,17,24,0,41,60,0,60,101
09/02/2018,FMN,NM,ASW,WE,Federal Contract Tower,0,4,1,0,5,0,4,33,0,37,0,8,34,0,42,46,0,46,88
09/03/2018,FMN,NM,ASW,WE,Federal Contract Tower,0,4,8,0,12,0,8,51,0,59,0,12,59,0,71,42,0,42,113
09/04/2018,FMN,NM,ASW,WE,Federal Contract Tower,0,11,3,5,19,0,8,48,0,56,0,19,51,5,75,104,0,104,179
09/05/2018,FMN,NM,ASW,WE,Federal Contract Tower,0,11,3,0,14,0,5,24,0,29,0,16,27,0,43,80,0,80,123
09/06/2018,FMN,NM,ASW,WE,Federal Contract Tower,0,12,5,0,17,0,17,32,0,49,0,29,37,0,66,24,0,24,90
09/07/2018,FMN,NM,ASW,WE,Federal Contract Tower,0,9,23,2,34,0,9,44,4,57,0,18,67,6,91,120,0,120,211
09/08/2018,FMN,NM,ASW,WE,Federal Contract Tower,0,7,3,0,10,0,15,40,0,55,0,22,43,0,65,108,0,108,173
09/09/2018,FMN,NM,ASW,WE,Federal Contract Tower,0,3,6,0,9,0,12,24,0,36,0,15,30,0,45,2,0,2,47
09/10/2018,FMN,NM,ASW,WE,Federal Contract Tower,0,9,2,0,11,0,11,37,2,50,0,20,39,2,61,44,0,44,105
09/11/2018,FMN,NM,ASW,WE,Federal Contract Tower,0,16,0,0,16,0,20,26,0,46,0,36,26,0,62,58,0,58,120
09/12/2018,FMN,NM,ASW,WE,Federal Contract Tower,0,13,3,0,16,0,10,25,6,41,0,23,28,6,57,96,0,96,153
09/13/2018,FMN,NM,ASW,WE,Federal Contract Tower,0,19,2,0,21,0,10,41,5,56,0,29,43,5,77,68,54,122,199
09/14/2018,FMN,NM,ASW,WE,Federal Contract Tower,0,7,3,1,11,0,2,31,3,36,0,9,34,4,47,52,10,62,109
09/15/2018,FMN,NM,ASW,WE,Federal Contract Tower,0,7,5,0,12,0,18,36,0,54,0,25,41,0,66,72,0,72,138
09/16/2018,FMN,NM,ASW,WE,Federal Contract Tower,0,2,1,0,3,0,3,27,1,31,0,5,28,1,34,74,20,94,128
09/17/2018,FMN,NM,ASW,WE,Federal Contract Tower,0,13,1,0,14,0,5,34,4,43,0,18,35,4,57,32,18,50,107
09/18/2018,FMN,NM,ASW,WE,Federal Contract Tower,0,13,5,0,18,0,19,29,0,48,0,32,34,0,66,66,0,66,132
09/19/2018,FMN,NM,ASW,WE,Federal Contract Tower,0,12,0,0,12,0,61,37,3,101,0,73,37,3,113,200,12,212,325
09/20/2018,FMN,NM,ASW,WE,Federal Contract Tower,0,14,0,20,34,0,4,32,0,36,0,18,32,20,70,148,0,148,218
09/21/2018,FMN,NM,ASW,WE,Federal Contract Tower,0,13,6,0,19,0,18,57,2,77,0,31,63,2,96,154,6,160,256
09/22/2018,FMN,NM,ASW,WE,Federal Contract Tower,0,11,1,0,12,0,15,49,4,68,0,26,50,4,80,78,16,94,174
09/23/2018,FMN,NM,ASW,WE,Federal Contract Tower,0,0,2,0,2,0,13,107,0,120,0,13,109,0,122,2,0,2,124
09/24/2018,FMN,NM,ASW,WE,Federal Contract Tower,0,15,3,0,18,0,2,42,1,45,0,17,45,1,63,38,0,38,101
09/25/2018,FMN,NM,ASW,WE,Federal Contract Tower,0,15,2,0,17,0,17,59,1,77,0,32,61,1,94,94,0,94,188
09/26/2018,FMN,NM,ASW,WE,Federal Contract Tower,0,7,3,0,10,0,13,27,0,40,0,20,30,0,50,50,0,50,100
09/27/2018,FMN,NM,ASW,WE,Federal Contract Tower,0,15,1,0,16,0,1,20,2,23,0,16,21,2,39,72,0,72,111
09/28/2018,FMN,NM,ASW,WE,Federal Contract Tower,0,9,3,0,12,0,7,29,2,38,0,16,32,2,50,18,0,18,68
09/29/2018,FMN,NM,ASW,WE,Federal Contract Tower,0,8,2,0,10,0,3,21,0,24,0,11,23,0,34,24,0,24,58
09/30/2018,FMN,NM,ASW,WE,Federal Contract Tower,0,9,2,0,11,0,6,33,2,41,0,15,35,2,52,60,0,60,112
10/01/2018,FMN,NM,ASW,WE,Federal Contract Tower,0,16,2,2,20,0,12,28,0,40,0,28,30,2,60,16,0,16,76
10/02/2018,FMN,NM,ASW,WE,Federal Contract Tower,0,14,0,0,14,0,47,10,0,57,0,61,10,0,71,30,0,30,101
10/03/2018,FMN,NM,ASW,WE,Federal Contract Tower,0,18,5,0,23,0,6,15,0,21,0,24,20,0,44,36,0,36,80
10/04/2018,FMN,NM,ASW,WE,Federal Contract Tower,0,11,1,0,12,0,5,11,0,16,0,16,12,0,28,52,0,52,80
10/05/2018,FMN,NM,ASW,WE,Federal Contract Tower,0,14,4,6,24,0,13,21,3,37,0,27,25,9,61,26,0,26,87
10/06/2018,FMN,NM,ASW,WE,Federal Contract Tower,0,8,1,0,9,0,7,21,0,28,0,15,22,0,37,0,0,0,37
10/07/2018,FMN,NM,ASW,WE,Federal Contract Tower,0,13,5,2,20,0,0,4,0,4,0,13,9,2,24,0,0,0,24
10/08/2018,FMN,NM,ASW,WE,Federal Contract Tower,0,11,7,5,23,0,3,49,19,71,0,14,56,24,94,88,0,88,182
10/09/2018,FMN,NM,ASW,WE,Federal Contract Tower,0,17,9,0,26,0,10,37,1,48,0,27,46,1,74,84,0,84,158
10/10/2018,FMN,NM,ASW,WE,Federal Contract Tower,0,20,3,2,25,0,5,16,1,22,0,25,19,3,47,72,0,72,119
10/11/2018,FMN,NM,ASW,WE,Federal Contract Tower,0,23,5,0,28,0,5,14,6,25,0,28,19,6,53,56,48,104,157
10/12/2018,FMN,NM,ASW,WE,Federal Contract Tower,0,7,6,0,13,0,6,16,1,23,0,13,22,1,36,36,0,36,72
10/13/2018,FMN,NM,ASW,WE,Federal Contract Tower,0,11,3,2,16,0,9,29,2,40,0,20,32,4,56,164,8,172,228
10/14/2018,FMN,NM,ASW,WE,Federal Contract Tower,0,4,4,0,8,0,6,13,0,19,0,10,17,0,27,46,0,46,73
10/15/2018,FMN,NM,ASW,WE,Federal Contract Tower,0,10,4,0,14,0,6,98,0,104,0,16,102,0,118,58,0,58,176
10/16/2018,FMN,NM,ASW,WE,Federal Contract Tower,0,16,2,0,18,0,14,43,0,57,0,30,45,0,75,56,0,56,131
10/17/2018,FMN,NM,ASW,WE,Federal Contract Tower,0,18,6,0,24,0,1,13,0,14,0,19,19,0,38,62,0,62,100
10/18/2018,FMN,NM,ASW,WE,Federal Contract Tower,0,12,6,0,18,0,5,24,4,33,0,17,30,4,51,60,12,72,123
10/19/2018,FMN,NM,ASW,WE,Federal Contract Tower,0,6,8,0,14,0,10,27,1,38,0,16,35,1,52,30,0,30,82
10/20/2018,FMN,NM,ASW,WE,Federal Contract Tower,0,7,3,0,10,0,5,30,0,35,0,12,33,0,45,96,0,96,141
10/21/2018,FMN,NM,ASW,WE,Federal Contract Tower,0,2,1,0,3,0,4,14,0,18,0,6,15,0,21,2,0,2,23
10/22/2018,FMN,NM,ASW,WE,Federal Contract Tower,0,13,1,0,14,0,3,47,0,50,0,16,48,0,64,24,0,24,88
10/23/2018,FMN,NM,ASW,WE,Federal Contract Tower,0,21,0,0,21,0,4,0,0,4,0,25,0,0,25,0,0,0,25
10/24/2018,FMN,NM,ASW,WE,Federal Contract Tower,0,25,10,0,35,0,2,51,0,53,0,27,61,0,88,62,0,62,150
10/25/2018,FMN,NM,ASW,WE,Federal Contract Tower,0,12,7,1,20,0,1,43,0,44,0,13,50,1,64,136,0,136,200
10/26/2018,FMN,NM,ASW,WE,Federal Contract Tower,0,4,8,4,16,0,4,38,3,45,0,8,46,7,61,64,16,80,141
10/27/2018,FMN,NM,ASW,WE,Federal Contract Tower,0,5,3,2,10,0,8,39,2,49,0,13,42,4,59,94,12,106,165
10/28/2018,FMN,NM,ASW,WE,Federal Contract Tower,0,2,1,0,3,0,9,27,0,36,0,11,28,0,39,68,0,68,107
10/29/2018,FMN,NM,ASW,WE,Federal Contract Tower,0,15,1,0,16,0,9,43,0,52,0,24,44,0,68,88,0,88,156
10/30/2018,FMN,NM,ASW,WE,Federal Contract Tower,0,12,1,0,13,0,57,34,17,108,0,69,35,17,121,50,42,92,213
10/31/2018,FMN,NM,ASW,WE,Federal Contract Tower,0,9,8,0,17,0,5,26,0,31,0,14,34,0,48,64,0,64,112
11/01/2018,FMN,NM,ASW,WE,Federal Contract Tower,0,14,4,2,20,0,15,17,0,32,0,29,21,2,52,12,0,12,64
11/02/2018,FMN,NM,ASW,WE,Federal Contract Tower,0,4,0,0,4,0,5,36,2,43,0,9,36,2,47,128,4,132,179
11/03/2018,FMN,NM,ASW,WE,Federal Contract Tower,0,5,5,2,12,0,7,19,0,26,0,12,24,2,38,10,0,10,48
11/04/2018,FMN,NM,ASW,WE,Federal Contract Tower,0,2,5,0,7,0,2,31,6,39,0,4,36,6,46,18,0,18,64
11/05/2018,FMN,NM,ASW,WE,Federal Contract Tower,0,3,8,0,11,0,9,40,0,49,0,12,48,0,60,34,0,34,94
11/06/2018,FMN,NM,ASW,WE,Federal Contract Tower,0,15,5,0,20,0,34,32,8,74,0,49,37,8,94,90,0,90,184
11/07/2018,FMN,NM,ASW,WE,Federal Contract Tower,0,4,4,2,10,0,8,48,0,56,0,12,52,2,66,74,0,74,140
11/08/2018,FMN,NM,ASW,WE,Federal Contract Tower,0,10,6,0,16,0,13,56,0,69,0,23,62,0,85,112,0,112,197
11/09/2018,FMN,NM,ASW,WE,Federal Contract Tower,0,7,12,2,21,0,4,14,0,18,0,11,26,2,39,12,0,12,51
11/10/2018,FMN,NM,ASW,WE,Federal Contract Tower,0,8,7,2,17,0,6,48,0,54,0,14,55,2,71,60,0,60,131
11/11/2018,FMN,NM,ASW,WE,Federal Contract Tower,0,0,1,1,2,0,7,10,1,18,0,7,11,2,20,12,6,18,38
11/12/2018,FMN,NM,ASW,WE,Federal Contract Tower,0,13,6,0,19,0,0,34,0,34,0,13,40,0,53,26,0,26,79
11/13/2018,FMN,NM,ASW,WE,Federal Contract Tower,0,7,1,1,9,0,16,66,2,84,0,23,67,3,93,96,0,96,189
11/14/2018,FMN,NM,ASW,WE,Federal Contract Tower,0,24,5,0,29,0,4,24,0,28,0,28,29,0,57,62,0,62,119
11/15/2018,FMN,NM,ASW,WE,Federal Contract Tower,0,8,6,0,14,0,8,13,0,21,0,16,19,0,35,72,0,72,107
11/16/2018,FMN,NM,ASW,WE,Federal Contract Tower,0,19,1,1,21,0,8,38,0,46,0,27,39,1,67,88,0,88,155
11/17/2018,FMN,NM,ASW,WE,Federal Contract Tower,0,4,3,0,7,0,2,39,0,41,0,6,42,0,48,106,0,106,154
11/18/2018,FMN,NM,ASW,WE,Federal Contract Tower,0,6,0,2,8,0,1,39,0,40,0,7,39,2,48,66,0,66,114
11/19/2018,FMN,NM,ASW,WE,Federal Contract Tower,0,9,1,0,10,0,11,32,0,43,0,20,33,0,53,62,0,62,115
11/20/2018,FMN,NM,ASW,WE,Federal Contract Tower,0,8,3,0,11,0,42,55,1,98,0,50,58,1,109,58,0,58,167
11/21/2018,FMN,NM,ASW,WE,Federal Contract Tower,0,12,7,0,19,0,3,43,0,46,0,15,50,0,65,44,0,44,109
11/22/2018,FMN,NM,ASW,WE,Federal Contract Tower,0,6,4,0,10,0,4,18,0,22,0,10,22,0,32,0,0,0,32
11/23/2018,FMN,NM,ASW,WE,Federal Contract Tower,0,10,3,2,15,0,8,31,1,40,0,18,34,3,55,12,2,14,69
11/24/2018,FMN,NM,ASW,WE,Federal Contract Tower,0,11,4,0,15,0,3,23,1,27,0,14,27,1,42,18,0,18,60
11/25/2018,FMN,NM,ASW,WE,Federal Contract Tower,0,4,7,1,12,0,7,47,12,66,0,11,54,13,78,72,0,72,150
11/26/2018,FMN,NM,ASW,WE,Federal Contract Tower,0,11,5,0,16,0,9,27,0,36,0,20,32,0,52,20,0,20,72
11/27/2018,FMN,NM,ASW,WE,Federal Contract Tower,0,15,0,0,15,0,16,70,12,98,0,31,70,12,113,54,36,90,203
11/28/2018,FMN,NM,ASW,WE,Federal Contract Tower,0,11,8,6,25,0,7,51,0,58,0,18,59,6,83,112,18,130,213
11/29/2018,FMN,NM,ASW,WE,Federal Contract Tower,0,7,9,0,16,0,13,23,2,38,0,20,32,2,54,42,0,42,96
11/30/2018,FMN,NM,ASW,WE,Federal Contract Tower,0,16,4,0,20,0,3,3,0,6,0,19,7,0,26,20,0,20,46
12/01/2018,FMN,NM,ASW,WE,Federal Contract Tower,0,5,2,0,7,0,6,17,0,23,0,11,19,0,30,0,0,0,30
12/02/2018,FMN,NM,ASW,WE,Federal Contract Tower,0,0,2,0,2,0,5,40,0,45,0,5,42,0,47,0,0,0,47
12/03/2018,FMN,NM,ASW,WE,Federal Contract Tower,0,6,6,0,12,0,10,46,0,56,0,16,52,0,68,30,0,30,98
12/04/2018,FMN,NM,ASW,WE,Federal Contract Tower,0,8,1,1,10,0,45,42,20,107,0,53,43,21,117,90,0,90,207
12/05/2018,FMN,NM,ASW,WE,Federal Contract Tower,0,7,6,0,13,0,1,26,0,27,0,8,32,0,40,76,0,76,116
12/06/2018,FMN,NM,ASW,WE,Federal Contract Tower,0,11,11,0,22,0,0,4,0,4,0,11,15,0,26,0,0,0,26
12/07/2018,FMN,NM,ASW,WE,Federal Contract Tower,0,15,8,2,25,0,0,8,0,8,0,15,16,2,33,12,0,12,45
12/08/2018,FMN,NM,ASW,WE,Federal Contract Tower,0,15,5,0,20,0,6,15,0,21,0,21,20,0,41,2,0,2,43
12/09/2018,FMN,NM,ASW,WE,Federal Contract Tower,0,8,5,0,13,0,28,17,0,45,0,36,22,0,58,0,0,0,58
12/10/2018,FMN,NM,ASW,WE,Federal Contract Tower,0,11,3,0,14,0,4,62,0,66,0,15,65,0,80,8,0,8,88
12/11/2018,FMN,NM,ASW,WE,Federal Contract Tower,0,7,4,0,11,0,26,78,0,104,0,33,82,0,115,122,0,122,237
12/12/2018,FMN,NM,ASW,WE,Federal Contract Tower,0,6,5,1,12,0,9,8,0,17,0,15,13,1,29,32,0,32,61
12/13/2018,FMN,NM,ASW,WE,Federal Contract Tower,0,10,9,0,19,0,3,29,2,34,0,13,38,2,53,78,6,84,137
12/14/2018,FMN,NM,ASW,WE,Federal Contract Tower,0,11,1,2,14,0,11,25,2,38,0,22,26,4,52,24,0,24,76
12/15/2018,FMN,NM,ASW,WE,Federal Contract Tower,0,6,1,0,7,0,10,59,0,69,0,16,60,0,76,52,0,52,128
12/16/2018,FMN,NM,ASW,WE,Federal Contract Tower,0,7,0,0,7,0,5,28,0,33,0,12,28,0,40,22,0,22,62
12/17/2018,FMN,NM,ASW,WE,Federal Contract Tower,0,4,0,0,4,0,8,37,2,47,0,12,37,2,51,38,48,86,137
12/18/2018,FMN,NM,ASW,WE,Federal Contract Tower,0,13,6,30,49,0,12,11,5,28,0,25,17,35,77,46,0,46,123
12/19/2018,FMN,NM,ASW,WE,Federal Contract Tower,0,11,9,0,20,0,8,18,0,26,0,19,27,0,46,52,0,52,98
12/20/2018,FMN,NM,ASW,WE,Federal Contract Tower,0,13,6,0,19,0,6,37,0,43,0,19,43,0,62,46,0,46,108
12/21/2018,FMN,NM,ASW,WE,Federal Contract Tower,0,6,5,0,11,0,1,22,0,23,0,7,27,0,34,84,0,84,118
12/22/2018,FMN,NM,ASW,WE,Federal Contract Tower,0,8,3,0,11,0,10,13,0,23,0,18,16,0,34,0,0,0,34
12/23/2018,FMN,NM,ASW,WE,Federal Contract Tower,0,11,0,0,11,0,4,30,0,34,0,15,30,0,45,42,0,42,87
12/24/2018,FMN,NM,ASW,WE,Federal Contract Tower,0,8,2,0,10,0,8,42,0,50,0,16,44,0,60,40,0,40,100
12/25/2018,FMN,NM,ASW,WE,Federal Contract Tower,0,5,0,0,5,0,4,14,0,18,0,9,14,0,23,6,0,6,29
12/26/2018,FMN,NM,ASW,WE,Federal Contract Tower,0,22,0,2,24,0,0,0,0,0,0,22,0,2,24,0,0,0,24
12/27/2018,FMN,NM,ASW,WE,Federal Contract Tower,0,13,6,0,19,0,0,18,0,18,0,13,24,0,37,0,0,0,37
12/28/2018,FMN,NM,ASW,WE,Federal Contract Tower,0,11,0,0,11,0,0,0,0,0,0,11,0,0,11,0,0,0,11
12/29/2018,FMN,NM,ASW,WE,Federal Contract Tower,0,5,3,0,8,0,10,21,0,31,0,15,24,0,39,6,0,6,45
12/30/2018,FMN,NM,ASW,WE,Federal Contract Tower,0,4,4,0,8,0,10,24,0,34,0,14,28,0,42,30,0,30,72
12/31/2018,FMN,NM,ASW,WE,Federal Contract Tower,0,8,1,0,9,0,0,0,0,0,0,8,1,0,9,0,0,0,9
01/01/2019,FMN,NM,ASW,WE,Federal Contract Tower,0,5,2,0,7,0,4,1,0,5,0,9,3,0,12,0,0,0,12
01/02/2019,FMN,NM,ASW,WE,Federal Contract Tower,0,18,5,0,23,0,2,8,0,10,0,20,13,0,33,12,0,12,45
01/03/2019,FMN,NM,ASW,WE,Federal Contract Tower,0,11,6,0,17,0,5,11,0,16,0,16,17,0,33,36,0,36,69
01/04/2019,FMN,NM,ASW,WE,Federal Contract Tower,0,6,3,0,9,0,14,31,6,51,0,20,34,6,60,86,2,88,148
01/05/2019,FMN,NM,ASW,WE,Federal Contract Tower,0,7,3,0,10,0,2,27,1,30,0,9,30,1,40,18,32,50,90
01/06/2019,FMN,NM,ASW,WE,Federal Contract Tower,0,15,2,0,17,0,0,0,4,4,0,15,2,4,21,0,0,0,21
01/07/2019,FMN,NM,ASW,WE,Federal Contract Tower,0,11,5,0,16,0,24,69,0,93,0,35,74,0,109,10,0,10,119
01/08/2019,FMN,NM,ASW,WE,Federal Contract Tower,0,11,1,0,12,0,7,34,0,41,0,18,35,0,53,112,0,112,165
01/09/2019,FMN,NM,ASW,WE,Federal Contract Tower,0,12,7,0,19,0,6,51,0,57,0,18,58,0,76,52,0,52,128
01/10/2019,FMN,NM,ASW,WE,Federal Contract Tower,0,22,15,0,37,0,2,37,0,39,0,24,52,0,76,154,0,154,230
01/11/2019,FMN,NM,ASW,WE,Federal Contract Tower,0,23,2,0,25,0,2,25,0,27,0,25,27,0,52,42,0,42,94
01/12/2019,FMN,NM,ASW,WE,Federal Contract Tower,0,15,1,0,16,0,21,20,0,41,0,36,21,0,57,0,0,0,57
01/13/2019,FMN,NM,ASW,WE,Federal Contract Tower,0,4,2,0,6,0,0,1,0,1,0,4,3,0,7,0,0,0,7
01/14/2019,FMN,NM,ASW,WE,Federal Contract Tower,0,10,2,0,12,0,10,29,0,39,0,20,31,0,51,22,0,22,73
01/15/2019,FMN,NM,ASW,WE,Federal Contract Tower,0,14,3,0,17,0,41,73,0,114,0,55,76,0,131,64,0,64,195
01/16/2019,FMN,NM,ASW,WE,Federal Contract Tower,0,15,5,0,20,0,11,11,0,22,0,26,16,0,42,62,0,62,104
01/17/2019,FMN,NM,ASW,WE,Federal Contract Tower,0,14,7,0,21,0,4,20,4,28,0,18,27,4,49,106,0,106,155
01/18/2019,FMN,NM,ASW,WE,Federal Contract Tower,0,14,6,3,23,0,3,2,0,5,0,17,8,3,28,0,2,2,30
01/19/2019,FMN,NM,ASW,WE,Federal Contract Tower,0,9,7,0,16,0,18,44,0,62,0,27,51,0,78,98,0,98,176
01/20/2019,FMN,NM,ASW,WE,Federal Contract Tower,0,4,0,3,7,0,7,40,0,47,0,11,40,3,54,50,0,50,104
01/21/2019,FMN,NM,ASW,WE,Federal Contract Tower,0,10,0,8,18,0,2,28,2,32,0,12,28,10,50,0,0,0,50
01/22/2019,FMN,NM,ASW,WE,Federal Contract Tower,0,19,3,0,22,0,11,24,0,35,0,30,27,0,57,70,0,70,127
01/23/2019,FMN,NM,ASW,WE,Federal Contract Tower,0,8,4,0,12,0,17,35,0,52,0,25,39,0,64,48,0,48,112
01/24/2019,FMN,NM,ASW,WE,Federal Contract Tower,0,5,7,0,12,0,9,62,0,71,0,14,69,0,83,94,0,94,177
01/25/2019,FMN,NM,ASW,WE,Federal Contract Tower,0,6,5,2,13,0,8,30,0,38,0,14,35,2,51,52,0,52,103
01/26/2019,FMN,NM,ASW,WE,Federal Contract Tower,0,7,0,0,7,0,6,29,0,35,0,13,29,0,42,100,0,100,142
01/27/2019,FMN,NM,ASW,WE,Federal Contract Tower,0,3,2,0,5,0,3,40,0,43,0,6,42,0,48,0,0,0,48
01/28/2019,FMN,NM,ASW,WE,Federal Contract Tower,0,14,5,0,19,0,9,26,0,35,0,23,31,0,54,46,0,46,100
01/29/2019,FMN,NM,ASW,WE,Federal Contract Tower,0,11,8,2,21,0,15,50,0,65,0,26,58,2,86,54,0,54,140
01/30/2019,FMN,NM,ASW,WE,Federal Contract Tower,0,13,10,0,23,0,4,24,0,28,0,17,34,0,51,54,0,54,105
01/31/2019,FMN,NM,ASW,WE,Federal Contract Tower,0,12,6,0,18,0,10,53,0,63,0,22,59,0,81,112,0,112,193
02/01/2019,FMN,NM,ASW,WE,Federal Contract Tower,0,10,4,1,15,0,16,34,0,50,0,26,38,1,65,0,0,0,65
02/02/2019,FMN,NM,ASW,WE,Federal Contract Tower,0,5,1,0,6,0,9,38,0,47,0,14,39,0,53,158,0,158,211
02/03/2019,FMN,NM,ASW,WE,Federal Contract Tower,0,5,1,2,8,0,0,10,1,11,0,5,11,3,19,28,2,30,49
02/04/2019,FMN,NM,ASW,WE,Federal Contract Tower,0,7,5,0,12,0,3,24,0,27,0,10,29,0,39,64,0,64,103
02/05/2019,FMN,NM,ASW,WE,Federal Contract Tower,0,16,5,0,21,0,34,44,0,78,0,50,49,0,99,52,0,52,151
02/06/2019,FMN,NM,ASW,WE,Federal Contract Tower,0,14,27,0,41,0,0,3,0,3,0,14,30,0,44,40,0,40,84
02/07/2019,FMN,NM,ASW,WE,Federal Contract Tower,0,7,7,0,14,0,16,39,0,55,0,23,46,0,69,58,0,58,127
02/08/2019,FMN,NM,ASW,WE,Federal Contract Tower,0,7,8,3,18,0,10,35,2,47,0,17,43,5,65,98,2,100,165
02/09/2019,FMN,NM,ASW,WE,Federal Contract Tower,0,7,5,2,14,0,6,30,0,36,0,13,35,2,50,28,0,28,78
02/10/2019,FMN,NM,ASW,WE,Federal Contract Tower,0,4,1,6,11,0,8,31,0,39,0,12,32,6,50,48,0,48,98
02/11/2019,FMN,NM,ASW,WE,Federal Contract Tower,0,13,6,0,19,0,0,3,0,3,0,13,9,0,22,0,0,0,22
02/12/2019,FMN,NM,ASW,WE,Federal Contract Tower,0,13,1,0,14,0,2,54,1,57,0,15,55,1,71,74,40,114,185
02/13/2019,FMN,NM,ASW,WE,Federal Contract Tower,0,12,8,0,20,0,10,29,0,39,0,22,37,0,59,159,0,159,218
02/14/2019,FMN,NM,ASW,WE,Federal Contract Tower,0,18,3,0,21,0,12,15,0,27,0,30,18,0,48,42,0,42,90
02/15/2019,FMN,NM,ASW,WE,Federal Contract Tower,0,12,2,0,14,0,2,45,0,47,0,14,47,0,61,40,0,40,101
02/16/2019,FMN,NM,ASW,WE,Federal Contract Tower,0,6,0,0,6,0,2,1,0,3,0,8,1,0,9,0,0,0,9
02/17/2019,FMN,NM,ASW,WE,Federal Contract Tower,0,12,0,0,12,0,0,8,0,8,0,12,8,0,20,10,0,10,30
02/18/2019,FMN,NM,ASW,WE,Federal Contract Tower,0,18,2,0,20,0,0,0,0,0,0,18,2,0,20,0,0,0,20
02/19/2019,FMN,NM,ASW,WE,Federal Contract Tower,0,17,4,0,21,0,0,2,0,2,0,17,6,0,23,0,0,0,23
02/20/2019,FMN,NM,ASW,WE,Federal Contract Tower,0,16,4,0,20,0,9,54,0,63,0,25,58,0,83,30,0,30,113
02/21/2019,FMN,NM,ASW,WE,Federal Contract Tower,0,10,3,0,13,0,6,0,0,6,0,16,3,0,19,2,0,2,21
02/22/2019,FMN,NM,ASW,WE,Federal Contract Tower,0,15,3,0,18,0,0,0,0,0,0,15,3,0,18,0,0,0,18
02/23/2019,FMN,NM,ASW,WE,Federal Contract Tower,0,4,3,0,7,0,8,12,0,20,0,12,15,0,27,24,0,24,51
02/24/2019,FMN,NM,ASW,WE,Federal Contract Tower,0,8,2,0,10,0,5,25,2,32,0,13,27,2,42,46,0,46,88
02/25/2019,FMN,NM,ASW,WE,Federal Contract Tower,0,12,2,0,14,0,3,62,2,67,0,15,64,2,81,54,0,54,135
02/26/2019,FMN,NM,ASW,WE,Federal Contract Tower,0,11,1,0,12,0,15,33,6,54,0,26,34,6,66,72,0,72,138
02/27/2019,FMN,NM,ASW,WE,Federal Contract Tower,0,5,13,0,18,0,5,28,0,33,0,10,41,0,51,72,0,72,123
02/28/2019,FMN,NM,ASW,WE,Federal Contract Tower,0,8,8,0,16,0,11,44,0,55,0,19,52,0,71,124,0,124,195
03/01/2019,FMN,NM,ASW,WE,Federal Contract Tower,0,10,9,2,21,0,4,31,1,36,0,14,40,3,57,108,18,126,183
03/02/2019,FMN,NM,ASW,WE,Federal Contract Tower,0,7,3,0,10,0,4,15,0,19,0,11,18,0,29,0,0,0,29
03/03/2019,FMN,NM,ASW,WE,Federal Contract Tower,0,3,0,0,3,0,1,6,2,9,0,4,6,2,12,24,0,24,36
03/04/2019,FMN,NM,ASW,WE,Federal Contract Tower,0,6,7,0,13,0,4,26,0,30,0,10,33,0,43,50,0,50,93
03/05/2019,FMN,NM,ASW,WE,Federal Contract Tower,0,11,3,0,14,0,34,80,0,114,0,45,83,0,128,82,0,82,210
03/06/2019,FMN,NM,ASW,WE,Federal Contract Tower,0,11,2,0,13,0,6,22,0,28,0,17,24,0,41,160,0,160,201
03/07/2019,FMN,NM,ASW,WE,Federal Contract Tower,0,7,6,1,14,0,6,35,1,42,0,13,41,2,56,88,0,88,144
03/08/2019,FMN,NM,ASW,WE,Federal Contract Tower,0,5,5,0,10,0,1,6,0,7,0,6,11,0,17,12,0,12,29
03/09/2019,FMN,NM,ASW,WE,Federal Contract Tower,0,7,5,0,12,0,13,34,2,49,0,20,39,2,61,28,0,28,89
03/10/2019,FMN,NM,ASW,WE,Federal Contract Tower,0,6,2,0,8,0,36,42,0,78,0,42,44,0,86,90,0,90,176
03/11/2019,FMN,NM,ASW,WE,Federal Contract Tower,0,9,2,0,11,0,13,39,0,52,0,22,41,0,63,12,0,12,75
03/12/2019,FMN,NM,ASW,WE,Federal Contract Tower,0,12,0,0,12,0,2,0,1,3,0,14,0,1,15,0,0,0,15
03/13/2019,FMN,NM,ASW,WE,Federal Contract Tower,0,16,1,0,17,0,0,0,0,0,0,16,1,0,17,0,0,0,17
03/14/2019,FMN,NM,ASW,WE,Federal Contract Tower,0,27,6,0,33,0,4,52,0,56,0,31,58,0,89,84,0,84,173
03/15/2019,FMN,NM,ASW,WE,Federal Contract Tower,0,5,1,0,6,0,1,39,2,42,0,6,40,2,48,44,0,44,92
03/16/2019,FMN,NM,ASW,WE,Federal Contract Tower,0,5,3,0,8,0,2,28,0,30,0,7,31,0,38,102,0,102,140
03/17/2019,FMN,NM,ASW,WE,Federal Contract Tower,0,10,2,0,12,0,6,41,2,49,0,16,43,2,61,20,0,20,81
03/18/2019,FMN,NM,ASW,WE,Federal Contract Tower,0,4,5,2,11,0,5,31,0,36,0,9,36,2,47,53,0,53,100
03/19/2019,FMN,NM,ASW,WE,Federal Contract Tower,0,9,0,1,10,0,27,79,0,106,0,36,79,1,116,58,0,58,174
03/20/2019,FMN,NM,ASW,WE,Federal Contract Tower,0,7,0,2,9,0,6,43,0,49,0,13,43,2,58,62,0,62,120
03/21/2019,FMN,NM,ASW,WE,Federal Contract Tower,0,13,3,0,16,0,2,32,1,35,0,15,35,1,51,68,12,80,131
03/22/2019,FMN,NM,ASW,WE,Federal Contract Tower,0,10,7,0,17,0,3,13,0,16,0,13,20,0,33,56,0,56,89
03/23/2019,FMN,NM,ASW,WE,Federal Contract Tower,0,9,2,1,12,0,1,24,1,26,0,10,26,2,38,34,0,34,72
03/24/2019,FMN,NM,ASW,WE,Federal Contract Tower,0,4,0,0,4,0,4,49,0,53,0,8,49,0,57,26,0,26,83
03/25/2019,FMN,NM,ASW,WE,Federal Contract Tower,0,10,1,2,13,0,13,48,0,61,0,23,49,2,74,50,0,50,124
03/26/2019,FMN,NM,ASW,WE,Federal Contract Tower,0,11,2,0,13,0,31,69,1,101,0,42,71,1,114,66,36,102,216
03/27/2019,FMN,NM,ASW,WE,Federal Contract Tower,0,5,2,0,7,0,5,22,3,30,0,10,24,3,37,204,0,204,241
03/28/2019,FMN,NM,ASW,WE,Federal Contract Tower,0,8,1,0,9,0,8,29,2,39,0,16,30,2,48,54,0,54,102
03/29/2019,FMN,NM,ASW,WE,Federal Contract Tower,0,5,11,0,16,0,9,21,2,32,0,14,32,2,48,120,14,134,182
03/30/2019,FMN,NM,ASW,WE,Federal Contract Tower,0,5,3,0,8,0,5,29,2,36,0,10,32,2,44,56,0,56,100
03/31/2019,FMN,NM,ASW,WE,Federal Contract Tower,0,4,2,0,6,0,14,7,0,21,0,18,9,0,27,0,0,0,27
04/01/2019,FMN,NM,ASW,WE,Federal Contract Tower,0,3,3,0,6,0,9,33,2,44,0,12,36,2,50,122,0,122,172
04/02/2019,FMN,NM,ASW,WE,Federal Contract Tower,0,9,2,6,17,0,5,22,12,39,0,14,24,18,56,50,78,128,184
04/03/2019,FMN,NM,ASW,WE,Federal Contract Tower,0,3,2,0,5,0,8,20,2,30,0,11,22,2,35,28,0,28,63
04/04/2019,FMN,NM,ASW,WE,Federal Contract Tower,0,7,1,1,9,0,6,35,6,47,0,13,36,7,56,192,0,192,248
04/05/2019,FMN,NM,ASW,WE,Federal Contract Tower,0,8,2,3,13,0,4,53,7,64,0,12,55,10,77,166,10,176,253
04/06/2019,FMN,NM,ASW,WE,Federal Contract Tower,0,2,2,4,8,0,5,26,5,36,0,7,28,9,44,12,28,40,84
04/07/2019,FMN,NM,ASW,WE,Federal Contract Tower,0,1,2,5,8,0,0,46,6,52,0,1,48,11,60,78,8,86,146
04/08/2019,FMN,NM,ASW,WE,Federal Contract Tower,0,6,0,2,8,0,3,44,0,47,0,9,44,2,55,46,0,46,101
04/09/2019,FMN,NM,ASW,WE,Federal Contract Tower,0,7,0,0,7,0,15,83,0,98,0,22,83,0,105,68,0,68,173
04/10/2019,FMN,NM,ASW,WE,Federal Contract Tower,0,5,3,0,8,0,4,11,0,15,0,9,14,0,23,140,2,142,165
04/11/2019,FMN,NM,ASW,WE,Federal Contract Tower,0,12,2,0,14,0,8,25,0,33,0,20,27,0,47,60,0,60,107
04/12/2019,FMN,NM,ASW,WE,Federal Contract Tower,0,11,4,2,17,0,4,40,0,44,0,15,44,2,61,158,6,164,225
04/13/2019,FMN,NM,ASW,WE,Federal Contract Tower,0,2,0,0,2,0,10,30,2,42,0,12,30,2,44,104,0,104,148
04/14/2019,FMN,NM,ASW,WE,Federal Contract Tower,0,5,0,1,6,0,6,23,0,29,0,11,23,1,35,54,0,54,89
04/15/2019,FMN,NM,ASW,WE,Federal Contract Tower,0,10,3,1,14,0,4,34,0,38,0,14,37,1,52,36,0,36,88
04/16/2019,FMN,NM,ASW,WE,Federal Contract Tower,0,8,1,0,9,0,6,7,0,13,0,14,8,0,22,18,0,18,40
04/17/2019,FMN,NM,ASW,WE,Federal Contract Tower,0,19,2,0,21,0,4,17,0,21,0,23,19,0,42,84,0,84,126
04/18/2019,FMN,NM,ASW,WE,Federal Contract Tower,0,8,6,2,16,0,3,53,0,56,0,11,59,2,72,117,0,117,189
04/19/2019,FMN,NM,ASW,WE,Federal Contract Tower,0,3,5,2,10,0,8,27,4,39,0,11,32,6,49,12,0,12,61
04/20/2019,FMN,NM,ASW,WE,Federal Contract Tower,0,5,1,0,6,0,0,22,0,22,0,5,23,0,28,22,0,22,50
04/21/2019,FMN,NM,ASW,WE,Federal Contract Tower,0,7,4,1,12,0,15,48,0,63,0,22,52,1,75,84,0,84,159
04/22/2019,FMN,NM,ASW,WE,Federal Contract Tower,0,7,6,1,14,0,3,28,3,34,0,10,34,4,48,18,0,18,66
04/23/2019,FMN,NM,ASW,WE,Federal Contract Tower,0,15,20,0,35,0,30,1,0,31,0,45,21,0,66,52,0,52,118
04/24/2019,FMN,NM,ASW,WE,Federal Contract Tower,0,7,3,0,10,0,13,62,0,75,0,20,65,0,85,100,0,100,185
04/25/2019,FMN,NM,ASW,WE,Federal Contract Tower,0,11,6,0,17,0,12,47,0,59,0,23,53,0,76,60,0,60,136
04/26/2019,FMN,NM,ASW,WE,Federal Contract Tower,0,8,5,0,13,0,6,26,0,32,0,14,31,0,45,12,0,12,57
04/27/2019,FMN,NM,ASW,WE,Federal Contract Tower,0,3,1,0,4,0,6,35,0,41,0,9,36,0,45,24,0,24,69
04/28/2019,FMN,NM,ASW,WE,Federal Contract Tower,0,2,4,2,8,0,0,49,0,49,0,2,53,2,57,68,0,68,125
04/29/2019,FMN,NM,ASW,WE,Federal Contract Tower,0,8,4,1,13,0,10,23,0,33,0,18,27,1,46,48,0,48,94
04/30/2019,FMN,NM,ASW,WE,Federal Contract Tower,0,11,2,0,13,0,48,6,0,54,0,59,8,0,67,64,0,64,131
05/01/2019,FMN,NM,ASW,WE,Federal Contract Tower,0,6,6,0,12,0,6,30,0,36,0,12,36,0,48,150,0,150,198
05/02/2019,FMN,NM,ASW,WE,Federal Contract Tower,0,8,4,0,12,0,11,46,0,57,0,19,50,0,69,92,0,92,161
05/03/2019,FMN,NM,ASW,WE,Federal Contract Tower,0,7,2,3,12,0,4,40,3,47,0,11,42,6,59,70,8,78,137
05/04/2019,FMN,NM,ASW,WE,Federal Contract Tower,0,5,0,0,5,0,8,41,6,55,0,13,41,6,60,92,0,92,152
05/05/2019,FMN,NM,ASW,WE,Federal Contract Tower,0,3,2,2,7,0,0,25,3,28,0,3,27,5,35,12,8,20,55
05/06/2019,FMN,NM,ASW,WE,Federal Contract Tower,0,9,0,0,9,0,8,31,1,40,0,17,31,1,49,22,0,22,71
05/07/2019,FMN,NM,ASW,WE,Federal Contract Tower,0,18,3,2,23,0,3,22,0,25,0,21,25,2,48,78,0,78,126
05/08/2019,FMN,NM,ASW,WE,Federal Contract Tower,0,6,2,0,8,0,2,15,0,17,0,8,17,0,25,46,0,46,71
05/09/2019,FMN,NM,ASW,WE,Federal Contract Tower,0,9,2,0,11,0,4,18,0,22,0,13,20,0,33,20,0,20,53
05/10/2019,FMN,NM,ASW,WE,Federal Contract Tower,0,10,5,0,15,0,6,2,0,8,0,16,7,0,23,30,0,30,53
05/11/2019,FMN,NM,ASW,WE,Federal Contract Tower,0,9,4,0,13,0,0,6,0,6,0,9,10,0,19,36,0,36,55
05/12/2019,FMN,NM,ASW,WE,Federal Contract Tower,0,2,3,1,6,0,6,19,0,25,0,8,22,1,31,0,4,4,35
05/13/2019,FMN,NM,ASW,WE,Federal Contract Tower,0,8,3,0,11,0,13,52,0,65,0,21,55,0,76,0,0,0,76
05/14/2019,FMN,NM,ASW,WE,Federal Contract Tower,0,15,1,0,16,0,6,23,0,29,0,21,24,0,45,86,0,86,131
05/15/2019,FMN,NM,ASW,WE,Federal Contract Tower,0,6,10,0,16,0,6,40,0,46,0,12,50,0,62,60,0,60,122
05/16/2019,FMN,NM,ASW,WE,Federal Contract Tower,0,7,8,0,15,0,7,22,0,29,0,14,30,0,44,52,0,52,96
05/17/2019,FMN,NM,ASW,WE,Federal Contract Tower,0,8,3,4,15,0,1,20,0,21,0,9,23,4,36,12,0,12,48
05/18/2019,FMN,NM,ASW,WE,Federal Contract Tower,0,5,2,0,7,0,3,30,2,35,0,8,32,2,42,24,48,72,114
05/19/2019,FMN,NM,ASW,WE,Federal Contract Tower,0,0,6,0,6,0,7,9,4,20,0,7,15,4,26,42,0,42,68
05/20/2019,FMN,NM,ASW,WE,Federal Contract Tower,0,16,9,0,25,0,0,0,0,0,0,16,9,0,25,10,0,10,35
05/21/2019,FMN,NM,ASW,WE,Federal Contract Tower,0,8,29,1,38,0,28,34,0,62,0,36,63,1,100,60,0,60,160
05/22/2019,FMN,NM,ASW,WE,Federal Contract Tower,0,11,7,0,18,0,7,27,3,37,0,18,34,3,55,46,18,64,119
05/23/2019,FMN,NM,ASW,WE,Federal Contract Tower,0,5,4,0,9,0,2,17,0,19,0,7,21,0,28,102,0,102,130
05/24/2019,FMN,NM,ASW,WE,Federal Contract Tower,0,7,5,0,12,0,11,34,1,46,0,18,39,1,58,106,0,106,164
05/25/2019,FMN,NM,ASW,WE,Federal Contract Tower,0,2,1,16,19,0,4,31,4,39,0,6,32,20,58,72,0,72,130
05/26/2019,FMN,NM,ASW,WE,Federal Contract Tower,0,7,7,0,14,0,4,12,0,16,0,11,19,0,30,0,0,0,30
05/27/2019,FMN,NM,ASW,WE,Federal Contract Tower,0,3,0,0,3,0,4,14,0,18,0,7,14,0,21,10,0,10,31
05/28/2019,FMN,NM,ASW,WE,Federal Contract Tower,0,8,2,0,10,0,55,11,0,66,0,63,13,0,76,122,0,122,198
05/29/2019,FMN,NM,ASW,WE,Federal Contract Tower,0,9,3,0,12,0,3,39,0,42,0,12,42,0,54,40,0,40,94
05/30/2019,FMN,NM,ASW,WE,Federal Contract Tower,0,11,4,0,15,0,4,30,1,35,0,15,34,1,50,26,20,46,96
05/31/2019,FMN,NM,ASW,WE,Federal Contract Tower,0,4,4,0,8,0,4,50,0,54,0,8,54,0,62,157,0,157,219
06/01/2019,FMN,NM,ASW,WE,Federal Contract Tower,0,10,0,0,10,0,2,27,0,29,0,12,27,0,39,52,0,52,91
06/02/2019,FMN,NM,ASW,WE,Federal Contract Tower,0,4,1,0,5,0,1,26,0,27,0,5,27,0,32,58,0,58,90
06/03/2019,FMN,NM,ASW,WE,Federal Contract Tower,0,7,3,0,10,0,14,104,0,118,0,21,107,0,128,74,0,74,202
06/04/2019,FMN,NM,ASW,WE,Federal Contract Tower,0,13,0,0,13,0,46,60,0,106,0,59,60,0,119,98,0,98,217
06/05/2019,FMN,NM,ASW,WE,Federal Contract Tower,0,7,2,0,9,0,7,25,0,32,0,14,27,0,41,14,0,14,55
06/06/2019,FMN,NM,ASW,WE,Federal Contract Tower,0,7,6,0,13,0,8,47,0,55,0,15,53,0,68,154,0,154,222
06/07/2019,FMN,NM,ASW,WE,Federal Contract Tower,0,5,0,0,5,0,18,19,0,37,0,23,19,0,42,12,0,12,54
06/08/2019,FMN,NM,ASW,WE,Federal Contract Tower,0,4,2,0,6,0,4,21,0,25,0,8,23,0,31,16,0,16,47
06/09/2019,FMN,NM,ASW,WE,Federal Contract Tower,0,6,0,0,6,0,4,20,0,24,0,10,20,0,30,0,0,0,30
06/10/2019,FMN,NM,ASW,WE,Federal Contract Tower,0,13,0,0,13,0,8,100,1,109,0,21,100,1,122,46,0,46,168
06/11/2019,FMN,NM,ASW,WE,Federal Contract Tower,0,11,2,1,14,0,57,77,0,134,0,68,79,1,148,94,0,94,242
06/12/2019,FMN,NM,ASW,WE,Federal Contract Tower,0,12,2,0,14,0,6,62,0,68,0,18,64,0,82,114,0,114,196
06/13/2019,FMN,NM,ASW,WE,Federal Contract Tower,0,11,3,2,16,0,12,53,5,70,0,23,56,7,86,38,48,86,172
06/14/2019,FMN,NM,ASW,WE,Federal Contract Tower,0,8,1,0,9,0,6,55,0,61,0,14,56,0,70,92,0,92,162
06/15/2019,FMN,NM,ASW,WE,Federal Contract Tower,0,7,2,0,9,0,2,35,0,37,0,9,37,0,46,78,0,78,124
06/16/2019,FMN,NM,ASW,WE,Federal Contract Tower,0,0,4,0,4,0,6,46,1,53,0,6,50,1,57,48,0,48,105
06/17/2019,FMN,NM,ASW,WE,Federal Contract Tower,0,9,1,0,10,0,1,18,0,19,0,10,19,0,29,94,24,118,147
06/18/2019,FMN,NM,ASW,WE,Federal Contract Tower,0,12,1,0,13,0,12,64,0,76,0,24,65,0,89,66,0,66,155
06/19/2019,FMN,NM,ASW,WE,Federal Contract Tower,0,13,1,0,14,0,3,29,0,32,0,16,30,0,46,134,0,134,180
06/20/2019,FMN,NM,ASW,WE,Federal Contract Tower,0,16,1,0,17,0,13,55,0,68,0,29,56,0,85,72,0,72,157
06/21/2019,FMN,NM,ASW,WE,Federal Contract Tower,0,5,4,0,9,0,8,29,0,37,0,13,33,0,46,118,0,118,164
06/22/2019,FMN,NM,ASW,WE,Federal Contract Tower,0,7,2,0,9,0,3,20,2,25,0,10,22,2,34,62,0,62,96
06/23/2019,FMN,NM,ASW,WE,Federal Contract Tower,0,5,3,0,8,0,19,38,0,57,0,24,41,0,65,72,0,72,137
06/24/2019,FMN,NM,ASW,WE,Federal Contract Tower,0,7,3,0,10,0,6,28,0,34,0,13,31,0,44,68,0,68,112
06/25/2019,FMN,NM,ASW,WE,Federal Contract Tower,0,9,1,2,12,0,12,45,0,57,0,21,46,2,69,74,0,74,143
06/26/2019,FMN,NM,ASW,WE,Federal Contract Tower,0,5,0,0,5,0,9,26,0,35,0,14,26,0,40,106,0,106,146
06/27/2019,FMN,NM,ASW,WE,Federal Contract Tower,0,9,2,0,11,0,9,29,0,38,0,18,31,0,49,84,0,84,133
06/28/2019,FMN,NM,ASW,WE,Federal Contract Tower,0,12,3,0,15,0,9,27,0,36,0,21,30,0,51,84,0,84,135
06/29/2019,FMN,NM,ASW,WE,Federal Contract Tower,0,12,0,0,12,0,4,23,0,27,0,16,23,0,39,102,0,102,141
06/30/2019,FMN,NM,ASW,WE,Federal Contract Tower,0,9,0,0,9,0,7,26,0,33,0,16,26,0,42,38,0,38,80
07/01/2019,FMN,NM,ASW,WE,Federal Contract Tower,0,5,3,0,8,0,10,47,1,58,0,15,50,1,66,32,10,42,108
07/02/2019,FMN,NM,ASW,WE,Federal Contract Tower,0,8,0,0,8,0,20,18,0,38,0,28,18,0,46,64,0,64,110
07/03/2019,FMN,NM,ASW,WE,Federal Contract Tower,0,7,0,0,7,0,5,89,0,94,0,12,89,0,101,144,0,144,245
07/04/2019,FMN,NM,ASW,WE,Federal Contract Tower,0,1,0,0,1,0,7,40,0,47,0,8,40,0,48,54,0,54,102
07/05/2019,FMN,NM,ASW,WE,Federal Contract Tower,0,6,4,0,10,0,10,35,0,45,0,16,39,0,55,50,0,50,105
07/06/2019,FMN,NM,ASW,WE,Federal Contract Tower,0,6,1,0,7,0,9,29,0,38,0,15,30,0,45,70,0,70,115
07/07/2019,FMN,NM,ASW,WE,Federal Contract Tower,0,1,0,0,1,0,8,16,0,24,0,9,16,0,25,34,0,34,59
07/08/2019,FMN,NM,ASW,WE,Federal Contract Tower,0,5,4,0,9,0,17,37,0,54,0,22,41,0,63,74,0,74,137
07/09/2019,FMN,NM,ASW,WE,Federal Contract Tower,0,13,5,0,18,0,9,62,0,71,0,22,67,0,89,118,0,118,207
07/10/2019,FMN,NM,ASW,WE,Federal Contract Tower,0,7,1,0,8,0,6,26,0,32,0,13,27,0,40,122,0,122,162
07/11/2019,FMN,NM,ASW,WE,Federal Contract Tower,0,10,2,0,12,0,7,30,0,37,0,17,32,0,49,66,0,66,115
07/12/2019,FMN,NM,ASW,WE,Federal Contract Tower,0,10,2,0,12,0,8,43,0,51,0,18,45,0,63,86,0,86,149
07/13/2019,FMN,NM,ASW,WE,Federal Contract Tower,0,5,0,0,5,0,5,22,0,27,0,10,22,0,32,40,0,40,72
07/14/2019,FMN,NM,ASW,WE,Federal Contract Tower,0,9,0,0,9,0,1,20,0,21,0,10,20,0,30,66,0,66,96
07/15/2019,FMN,NM,ASW,WE,Federal Contract Tower,0,14,1,0,15,0,3,49,0,52,0,17,50,0,67,46,0,46,113
07/16/2019,FMN,NM,ASW,WE,Federal Contract Tower,0,17,1,6,24,0,20,34,0,54,0,37,35,6,78,100,12,112,190
07/17/2019,FMN,NM,ASW,WE,Federal Contract Tower,0,9,3,0,12,0,6,43,1,50,0,15,46,1,62,80,12,92,154
07/18/2019,FMN,NM,ASW,WE,Federal Contract Tower,0,7,2,0,9,0,23,55,0,78,0,30,57,0,87,50,0,50,137
07/19/2019,FMN,NM,ASW,WE,Federal Contract Tower,0,7,5,0,12,0,1,31,0,32,0,8,36,0,44,24,0,24,68
07/20/2019,FMN,NM,ASW,WE,Federal Contract Tower,0,5,1,0,6,0,4,31,0,35,0,9,32,0,41,76,0,76,117
07/21/2019,FMN,NM,ASW,WE,Federal Contract Tower,0,0,0,6,6,0,5,32,0,37,0,5,32,6,43,52,0,52,95
07/22/2019,FMN,NM,ASW,WE,Federal Contract Tower,0,9,1,0,10,0,14,24,0,38,0,23,25,0,48,54,0,54,102
07/23/2019,FMN,NM,ASW,WE,Federal Contract Tower,0,11,1,0,12,0,15,62,0,77,0,26,63,0,89,126,0,126,215
07/24/2019,FMN,NM,ASW,WE,Federal Contract Tower,0,3,7,0,10,0,4,22,0,26,0,7,29,0,36,20,0,20,56
07/25/2019,FMN,NM,ASW,WE,Federal Contract Tower,0,11,13,0,24,0,11,85,2,98,0,22,98,2,122,103,12,115,237
07/26/2019,FMN,NM,ASW,WE,Federal Contract Tower,0,5,2,0,7,0,8,39,0,47,0,13,41,0,54,18,0,18,72
07/27/2019,FMN,NM,ASW,WE,Federal Contract Tower,0,5,3,0,8,0,3,41,2,46,0,8,44,2,54,46,12,58,112
07/28/2019,FMN,NM,ASW,WE,Federal Contract Tower,0,9,1,2,12,0,10,26,20,56,0,19,27,22,68,0,50,50,118
07/29/2019,FMN,NM,ASW,WE,Federal Contract Tower,0,5,1,0,6,0,7,41,0,48,0,12,42,0,54,126,0,126,180
07/30/2019,FMN,NM,ASW,WE,Federal Contract Tower,0,12,5,0,17,0,27,35,0,62,0,39,40,0,79,86,0,86,165
07/31/2019,FMN,NM,ASW,WE,Federal Contract Tower,0,7,5,0,12,0,9,66,0,75,0,16,71,0,87,124,0,124,211
08/01/2019,FMN,NM,ASW,WE,Federal Contract Tower,0,9,2,0,11,0,6,53,2,61,0,15,55,2,72,40,2,42,114
08/02/2019,FMN,NM,ASW,WE,Federal Contract Tower,0,4,0,0,4,0,4,36,0,40,0,8,36,0,44,60,0,60,104
08/03/2019,FMN,NM,ASW,WE,Federal Contract Tower,0,7,1,0,8,0,5,22,0,27,0,12,23,0,35,32,0,32,67
08/04/2019,FMN,NM,ASW,WE,Federal Contract Tower,0,7,0,0,7,0,2,16,0,18,0,9,16,0,25,38,0,38,63
08/05/2019,FMN,NM,ASW,WE,Federal Contract Tower,0,10,7,0,17,0,11,23,0,34,0,21,30,0,51,112,0,112,163
08/06/2019,FMN,NM,ASW,WE,Federal Contract Tower,0,13,1,0,14,0,50,75,0,125,0,63,76,0,139,182,0,182,321
08/07/2019,FMN,NM,ASW,WE,Federal Contract Tower,0,11,2,0,13,0,7,35,0,42,0,18,37,0,55,114,0,114,169
08/08/2019,FMN,NM,ASW,WE,Federal Contract Tower,0,18,0,0,18,0,7,34,2,43,0,25,34,2,61,0,12,12,73
08/09/2019,FMN,NM,ASW,WE,Federal Contract Tower,0,9,4,0,13,0,6,25,0,31,0,15,29,0,44,0,0,0,44
08/10/2019,FMN,NM,ASW,WE,Federal Contract Tower,0,6,4,0,10,0,3,32,0,35,0,9,36,0,45,60,0,60,105
08/11/2019,FMN,NM,ASW,WE,Federal Contract Tower,0,8,1,0,9,0,4,3,0,7,0,12,4,0,16,12,0,12,28
08/12/2019,FMN,NM,ASW,WE,Federal Contract Tower,0,7,0,0,7,0,16,39,0,55,0,23,39,0,62,24,0,24,86
08/13/2019,FMN,NM,ASW,WE,Federal Contract Tower,0,5,3,0,8,0,19,18,0,37,0,24,21,0,45,34,0,34,79
08/14/2019,FMN,NM,ASW,WE,Federal Contract Tower,0,9,2,0,11,0,2,30,1,33,0,11,32,1,44,68,0,68,112
08/15/2019,FMN,NM,ASW,WE,Federal Contract Tower,0,10,2,0,12,0,9,32,0,41,0,19,34,0,53,70,0,70,123
08/16/2019,FMN,NM,ASW,WE,Federal Contract Tower,0,10,6,0,16,0,14,32,0,46,0,24,38,0,62,54,0,54,116
08/17/2019,FMN,NM,ASW,WE,Federal Contract Tower,0,6,5,0,11,0,15,32,0,47,0,21,37,0,58,0,0,0,58
08/18/2019,FMN,NM,ASW,WE,Federal Contract Tower,0,2,1,0,3,0,9,42,0,51,0,11,43,0,54,110,0,110,164
08/19/2019,FMN,NM,ASW,WE,Federal Contract Tower,0,10,2,2,14,0,14,97,0,111,0,24,99,2,125,34,0,34,159
08/20/2019,FMN,NM,ASW,WE,Federal Contract Tower,0,10,1,0,11,0,56,26,2,84,0,66,27,2,95,64,0,64,159
08/21/2019,FMN,NM,ASW,WE,Federal Contract Tower,0,6,0,0,6,0,12,19,0,31,0,18,19,0,37,84,0,84,121
08/22/2019,FMN,NM,ASW,WE,Federal Contract Tower,0,7,5,0,12,0,4,39,0,43,0,11,44,0,55,60,0,60,115
08/23/2019,FMN,NM,ASW,WE,Federal Contract Tower,0,8,2,0,10,0,3,34,2,39,0,11,36,2,49,84,0,84,133
08/24/2019,FMN,NM,ASW,WE,Federal Contract Tower,0,8,1,0,9,0,5,30,0,35,0,13,31,0,44,64,0,64,108
08/25/2019,FMN,NM,ASW,WE,Federal Contract Tower,0,7,1,0,8,0,2,20,0,22,0,9,21,0,30,32,0,32,62
08/26/2019,FMN,NM,ASW,WE,Federal Contract Tower,0,3,2,0,5,0,6,27,0,33,0,9,29,0,38,96,0,96,134
08/27/2019,FMN,NM,ASW,WE,Federal Contract Tower,0,14,1,0,15,0,3,15,0,18,0,17,16,0,33,18,0,18,51
08/28/2019,FMN,NM,ASW,WE,Federal Contract Tower,0,7,1,0,8,0,6,14,0,20,0,13,15,0,28,96,0,96,124
08/29/2019,FMN,NM,ASW,WE,Federal Contract Tower,0,8,2,0,10,0,2,24,0,26,0,10,26,0,36,66,0,66,102
08/30/2019,FMN,NM,ASW,WE,Federal Contract Tower,0,10,4,0,14,0,8,39,0,47,0,18,43,0,61,74,0,74,135
08/31/2019,FMN,NM,ASW,WE,Federal Contract Tower,0,6,3,0,9,0,2,39,0,41,0,8,42,0,50,122,0,122,172
09/01/2019,FMN,NM,ASW,WE,Federal Contract Tower,0,5,1,0,6,0,2,27,0,29,0,7,28,0,35,50,0,50,85
09/02/2019,FMN,NM,ASW,WE,Federal Contract Tower,0,10,0,0,10,0,9,20,0,29,0,19,20,0,39,42,0,42,81
09/03/2019,FMN,NM,ASW,WE,Federal Contract Tower,0,11,0,2,13,0,14,11,0,25,0,25,11,2,38,42,0,42,80
09/04/2019,FMN,NM,ASW,WE,Federal Contract Tower,0,12,0,0,12,0,1,32,0,33,0,13,32,0,45,68,0,68,113
09/06/2019,FMN,NM,ASW,WE,Federal Contract Tower,0,4,4,0,8,0,5,34,0,39,0,9,38,0,47,72,0,72,119
09/07/2019,FMN,NM,ASW,WE,Federal Contract Tower,0,7,1,0,8,0,5,28,0,33,0,12,29,0,41,56,0,56,97
09/08/2019,FMN,NM,ASW,WE,Federal Contract Tower,0,9,0,0,9,0,6,54,0,60,0,15,54,0,69,52,0,52,121
09/09/2019,FMN,NM,ASW,WE,Federal Contract Tower,0,14,5,1,20,0,15,25,7,47,0,29,30,8,67,66,30,96,163
09/10/2019,FMN,NM,ASW,WE,Federal Contract Tower,0,13,2,0,15,0,4,7,0,11,0,17,9,0,26,6,0,6,32
09/11/2019,FMN,NM,ASW,WE,Federal Contract Tower,0,5,3,0,8,0,9,9,0,18,0,14,12,0,26,116,0,116,142
09/13/2019,FMN,NM,ASW,WE,Federal Contract Tower,0,5,3,0,8,0,10,21,1,32,0,15,24,1,40,80,0,80,120
09/14/2019,FMN,NM,ASW,WE,Federal Contract Tower,0,9,3,0,12,0,12,25,0,37,0,21,28,0,49,80,0,80,129
09/15/2019,FMN,NM,ASW,WE,Federal Contract Tower,0,6,1,0,7,0,8,16,0,24,0,14,17,0,31,38,0,38,69
09/16/2019,FMN,NM,ASW,WE,Federal Contract Tower,0,13,3,0,16,0,13,10,0,23,0,26,13,0,39,22,0,22,61
09/17/2019,FMN,NM,ASW,WE,Federal Contract Tower,0,17,0,0,17,0,16,8,20,44,0,33,8,20,61,22,0,22,83
09/18/2019,FMN,NM,ASW,WE,Federal Contract Tower,0,5,0,0,5,0,6,26,10,42,0,11,26,10,47,152,0,152,199
09/20/2019,FMN,NM,ASW,WE,Federal Contract Tower,0,8,9,0,17,0,5,30,2,37,0,13,39,2,54,110,12,122,176
09/21/2019,FMN,NM,ASW,WE,Federal Contract Tower,0,10,4,0,14,0,7,23,0,30,0,17,27,0,44,80,0,80,124
09/22/2019,FMN,NM,ASW,WE,Federal Contract Tower,0,19,8,6,33,0,10,51,4,65,0,29,59,10,98,50,0,50,148
09/23/2019,FMN,NM,ASW,WE,Federal Contract Tower,0,6,4,0,10,0,7,23,2,32,0,13,27,2,42,0,28,28,70
09/24/2019,FMN,NM,ASW,WE,Federal Contract Tower,0,19,5,0,24,0,4,14,10,28,0,23,19,10,52,12,0,12,64
09/25/2019,FMN,NM,ASW,WE,Federal Contract Tower,0,14,5,0,19,0,5,48,0,53,0,19,53,0,72,132,0,132,204
09/26/2019,FMN,NM,ASW,WE,Federal Contract Tower,0,14,3,0,17,0,0,26,8,34,0,14,29,8,51,76,72,148,199
09/27/2019,FMN,NM,ASW,WE,Federal Contract Tower,0,10,4,0,14,0,6,26,1,33,0,16,30,1,47,30,0,30,77
09/28/2019,FMN,NM,ASW,WE,Federal Contract Tower,0,7,12,0,19,0,8,80,5,93,0,15,92,5,112,78,0,78,190
09/29/2019,FMN,NM,ASW,WE,Federal Contract Tower,0,4,6,0,10,0,6,63,0,69,0,10,69,0,79,106,0,106,185
09/30/2019,FMN,NM,ASW,WE,Federal Contract Tower,0,14,4,0,18,0,17,60,0,77,0,31,64,0,95,20,0,20,115
10/01/2019,FMN,NM,ASW,WE,Federal Contract Tower,0,14,1,0,15,0,6,22,0,28,0,20,23,0,43,32,0,32,75
10/02/2019,FMN,NM,ASW,WE,Federal Contract Tower,0,6,4,1,11,0,6,33,0,39,0,12,37,1,50,96,0,96,146
10/03/2019,FMN,NM,ASW,WE,Federal Contract Tower,0,12,2,0,14,0,5,40,0,45,0,17,42,0,59,48,0,48,107
10/04/2019,FMN,NM,ASW,WE,Federal Contract Tower,0,5,7,0,12,0,8,15,0,23,0,13,22,0,35,0,0,0,35
10/05/2019,FMN,NM,ASW,WE,Federal Contract Tower,0,7,3,0,10,0,6,35,0,41,0,13,38,0,51,120,0,120,171
10/06/2019,FMN,NM,ASW,WE,Federal Contract Tower,0,12,8,2,22,0,0,41,2,43,0,12,49,4,65,20,0,20,85
10/07/2019,FMN,NM,ASW,WE,Federal Contract Tower,0,17,5,0,22,0,8,52,3,63,0,25,57,3,85,40,30,70,155
10/08/2019,FMN,NM,ASW,WE,Federal Contract Tower,0,7,6,0,13,0,10,34,0,44,0,17,40,0,57,70,0,70,127
10/09/2019,FMN,NM,ASW,WE,Federal Contract Tower,0,11,6,0,17,0,4,48,0,52,0,15,54,0,69,74,0,74,143
10/10/2019,FMN,NM,ASW,WE,Federal Contract Tower,0,8,2,0,10,0,0,20,0,20,0,8,22,0,30,12,0,12,42
10/11/2019,FMN,NM,ASW,WE,Federal Contract Tower,0,7,7,0,14,0,6,40,1,47,0,13,47,1,61,72,10,82,143
10/12/2019,FMN,NM,ASW,WE,Federal Contract Tower,0,7,0,0,7,0,6,35,0,41,0,13,35,0,48,74,0,74,122
10/13/2019,FMN,NM,ASW,WE,Federal Contract Tower,0,1,3,2,6,0,45,28,2,75,0,46,31,4,81,88,2,90,171
10/14/2019,FMN,NM,ASW,WE,Federal Contract Tower,0,6,5,0,11,0,6,51,1,58,0,12,56,1,69,38,0,38,107
10/15/2019,FMN,NM,ASW,WE,Federal Contract Tower,0,11,4,0,15,0,36,32,0,68,0,47,36,0,83,42,0,42,125
10/16/2019,FMN,NM,ASW,WE,Federal Contract Tower,0,11,2,0,13,0,6,52,0,58,0,17,54,0,71,55,0,55,126
10/17/2019,FMN,NM,ASW,WE,Federal Contract Tower,0,8,3,0,11,0,8,26,1,35,0,16,29,1,46,114,0,114,160
10/18/2019,FMN,NM,ASW,WE,Federal Contract Tower,0,12,11,0,23,0,5,18,2,25,0,17,29,2,48,84,0,84,132
10/19/2019,FMN,NM,ASW,WE,Federal Contract Tower,0,10,4,0,14,0,14,15,0,29,0,24,19,0,43,86,0,86,129
10/20/2019,FMN,NM,ASW,WE,Federal Contract Tower,0,4,2,0,6,0,2,9,0,11,0,6,11,0,17,56,0,56,73
10/21/2019,FMN,NM,ASW,WE,Federal Contract Tower,0,6,3,2,11,0,8,49,1,58,0,14,52,3,69,30,26,56,125
10/22/2019,FMN,NM,ASW,WE,Federal Contract Tower,0,10,0,0,10,0,37,137,0,174,0,47,137,0,184,62,0,62,246
10/23/2019,FMN,NM,ASW,WE,Federal Contract Tower,0,10,4,0,14,0,14,52,2,68,0,24,56,2,82,72,0,72,154
10/24/2019,FMN,NM,ASW,WE,Federal Contract Tower,0,8,4,0,12,0,14,22,0,36,0,22,26,0,48,60,0,60,108
10/25/2019,FMN,NM,ASW,WE,Federal Contract Tower,0,7,11,0,18,0,3,44,0,47,0,10,55,0,65,112,0,112,177
10/26/2019,FMN,NM,ASW,WE,Federal Contract Tower,0,12,2,0,14,0,5,50,0,55,0,17,52,0,69,168,0,168,237
10/27/2019,FMN,NM,ASW,WE,Federal Contract Tower,0,3,2,0,5,0,9,39,0,48,0,12,41,0,53,42,0,42,95
10/28/2019,FMN,NM,ASW,WE,Federal Contract Tower,0,12,5,0,17,0,6,8,0,14,0,18,13,0,31,0,0,0,31
10/29/2019,FMN,NM,ASW,WE,Federal Contract Tower,0,13,0,0,13,0,8,26,0,34,0,21,26,0,47,92,0,92,139
10/30/2019,FMN,NM,ASW,WE,Federal Contract Tower,0,7,3,1,11,0,3,15,0,18,0,10,18,1,29,110,0,110,139
10/31/2019,FMN,NM,ASW,WE,Federal Contract Tower,0,11,0,0,11,0,10,33,0,43,0,21,33,0,54,126,0,126,180
11/01/2019,FMN,NM,ASW,WE,Federal Contract Tower,0,4,3,0,7,0,8,32,2,42,0,12,35,2,49,80,10,90,139
11/02/2019,FMN,NM,ASW,WE,Federal Contract Tower,0,4,5,0,9,0,5,37,2,44,0,9,42,2,53,136,0,136,189
11/03/2019,FMN,NM,ASW,WE,Federal Contract Tower,0,4,0,0,4,0,6,39,0,45,0,10,39,0,49,74,0,74,123
11/04/2019,FMN,NM,ASW,WE,Federal Contract Tower,0,5,5,1,11,0,12,31,0,43,0,17,36,1,54,20,0,20,74
11/05/2019,FMN,NM,ASW,WE,Federal Contract Tower,0,6,0,3,9,0,17,41,0,58,0,23,41,3,67,70,22,92,159
11/06/2019,FMN,NM,ASW,WE,Federal Contract Tower,0,15,2,0,17,0,7,29,0,36,0,22,31,0,53,66,0,66,119
11/07/2019,FMN,NM,ASW,WE,Federal Contract Tower,0,15,2,0,17,0,13,55,0,68,0,28,57,0,85,182,0,182,267
11/08/2019,FMN,NM,ASW,WE,Federal Contract Tower,0,8,3,0,11,0,6,40,0,46,0,14,43,0,57,72,0,72,129
11/09/2019,FMN,NM,ASW,WE,Federal Contract Tower,0,7,2,0,9,0,7,28,3,38,0,14,30,3,47,54,0,54,101
11/10/2019,FMN,NM,ASW,WE,Federal Contract Tower,0,10,1,0,11,0,8,39,0,47,0,18,40,0,58,34,0,34,92
11/11/2019,FMN,NM,ASW,WE,Federal Contract Tower,0,9,0,0,9,0,5,21,0,26,0,14,21,0,35,0,0,0,35
11/12/2019,FMN,NM,ASW,WE,Federal Contract Tower,0,10,1,4,15,0,24,34,0,58,0,34,35,4,73,76,0,76,149
11/13/2019,FMN,NM,ASW,WE,Federal Contract Tower,0,13,4,0,17,0,7,30,0,37,0,20,34,0,54,60,0,60,114
11/14/2019,FMN,NM,ASW,WE,Federal Contract Tower,0,5,4,0,9,0,7,23,0,30,0,12,27,0,39,86,0,86,125
11/15/2019,FMN,NM,ASW,WE,Federal Contract Tower,0,9,10,0,19,0,6,23,0,29,0,15,33,0,48,154,0,154,202
11/16/2019,FMN,NM,ASW,WE,Federal Contract Tower,0,7,3,0,10,0,3,35,0,38,0,10,38,0,48,48,0,48,96
11/17/2019,FMN,NM,ASW,WE,Federal Contract Tower,0,3,0,2,5,0,6,33,2,41,0,9,33,4,46,18,0,18,64
11/18/2019,FMN,NM,ASW,WE,Federal Contract Tower,0,10,5,0,15,0,19,100,0,119,0,29,105,0,134,34,46,80,214
11/19/2019,FMN,NM,ASW,WE,Federal Contract Tower,0,16,0,0,16,0,24,73,0,97,0,40,73,0,113,92,0,92,205
11/20/2019,FMN,NM,ASW,WE,Federal Contract Tower,0,10,7,0,17,0,5,27,0,32,0,15,34,0,49,82,0,82,131
11/21/2019,FMN,NM,ASW,WE,Federal Contract Tower,0,13,2,0,15,0,3,5,0,8,0,16,7,0,23,0,0,0,23
11/22/2019,FMN,NM,ASW,WE,Federal Contract Tower,0,5,8,0,13,0,10,17,0,27,0,15,25,0,40,20,0,20,60
11/23/2019,FMN,NM,ASW,WE,Federal Contract Tower,0,9,4,0,13,0,4,20,0,24,0,13,24,0,37,50,0,50,87
11/24/2019,FMN,NM,ASW,WE,Federal Contract Tower,0,14,1,0,15,0,14,47,0,61,0,28,48,0,76,38,0,38,114
11/25/2019,FMN,NM,ASW,WE,Federal Contract Tower,0,10,3,0,13,0,1,62,4,67,0,11,65,4,80,54,0,54,134
11/26/2019,FMN,NM,ASW,WE,Federal Contract Tower,0,23,1,2,26,0,11,7,0,18,0,34,8,2,44,0,0,0,44
11/28/2019,FMN,NM,ASW,WE,Federal Contract Tower,0,6,3,0,9,0,0,0,0,0,0,6,3,0,9,0,0,0,9
11/29/2019,FMN,NM,ASW,WE,Federal Contract Tower,0,8,4,0,12,0,3,0,0,3,0,11,4,0,15,0,0,0,15
11/30/2019,FMN,NM,ASW,WE,Federal Contract Tower,0,13,0,0,13,0,7,10,0,17,0,20,10,0,30,12,0,12,42
12/01/2019,FMN,NM,ASW,WE,Federal Contract Tower,0,1,0,0,1,0,5,24,0,29,0,6,24,0,30,12,0,12,42
12/02/2019,FMN,NM,ASW,WE,Federal Contract Tower,0,15,17,0,32,0,16,38,0,54,0,31,55,0,86,28,0,28,114
12/03/2019,FMN,NM,ASW,WE,Federal Contract Tower,0,13,1,0,14,0,55,36,2,93,0,68,37,2,107,120,0,120,227
12/04/2019,FMN,NM,ASW,WE,Federal Contract Tower,0,14,5,0,19,0,0,4,0,4,0,14,9,0,23,24,0,24,47
12/05/2019,FMN,NM,ASW,WE,Federal Contract Tower,0,9,6,0,15,0,6,14,0,20,0,15,20,0,35,0,0,0,35
12/06/2019,FMN,NM,ASW,WE,Federal Contract Tower,0,4,4,0,8,0,9,28,0,37,0,13,32,0,45,54,0,54,99
12/07/2019,FMN,NM,ASW,WE,Federal Contract Tower,0,2,6,0,8,0,3,39,1,43,0,5,45,1,51,48,0,48,99
12/08/2019,FMN,NM,ASW,WE,Federal Contract Tower,0,14,5,0,19,0,0,1,0,1,0,14,6,0,20,0,0,0,20
12/09/2019,FMN,NM,ASW,WE,Federal Contract Tower,0,24,11,2,37,0,13,70,0,83,0,37,81,2,120,26,0,26,146
12/10/2019,FMN,NM,ASW,WE,Federal Contract Tower,0,13,0,0,13,0,60,77,0,137,0,73,77,0,150,44,0,44,194
12/11/2019,FMN,NM,ASW,WE,Federal Contract Tower,0,6,3,0,9,0,2,22,0,24,0,8,25,0,33,12,0,12,45
12/12/2019,FMN,NM,ASW,WE,Federal Contract Tower,0,12,5,0,17,0,6,27,0,33,0,18,32,0,50,96,0,96,146
12/13/2019,FMN,NM,ASW,WE,Federal Contract Tower,0,11,4,0,15,0,2,26,0,28,0,13,30,0,43,44,0,44,87
12/14/2019,FMN,NM,ASW,WE,Federal Contract Tower,0,10,6,0,16,0,9,21,3,33,0,19,27,3,49,36,2,38,87
12/15/2019,FMN,NM,ASW,WE,Federal Contract Tower,0,8,3,0,11,0,0,0,0,0,0,8,3,0,11,0,0,0,11
12/16/2019,FMN,NM,ASW,WE,Federal Contract Tower,0,5,6,0,11,0,7,48,0,55,0,12,54,0,66,16,0,16,82
12/17/2019,FMN,NM,ASW,WE,Federal Contract Tower,0,8,0,0,8,0,28,30,0,58,0,36,30,0,66,54,0,54,120
12/18/2019,FMN,NM,ASW,WE,Federal Contract Tower,0,8,4,0,12,0,3,26,0,29,0,11,30,0,41,80,0,80,121
12/19/2019,FMN,NM,ASW,WE,Federal Contract Tower,0,9,1,0,10,0,57,23,0,80,0,66,24,0,90,52,0,52,142
12/20/2019,FMN,NM,ASW,WE,Federal Contract Tower,0,7,4,0,11,0,2,33,0,35,0,9,37,0,46,92,0,92,138
12/21/2019,FMN,NM,ASW,WE,Federal Contract Tower,0,7,1,1,9,0,6,30,0,36,0,13,31,1,45,68,0,68,113
12/22/2019,FMN,NM,ASW,WE,Federal Contract Tower,0,12,8,0,20,0,1,38,0,39,0,13,46,0,59,24,0,24,83
12/23/2019,FMN,NM,ASW,WE,Federal Contract Tower,0,11,6,2,19,0,15,58,0,73,0,26,64,2,92,68,0,68,160
12/24/2019,FMN,NM,ASW,WE,Federal Contract Tower,0,16,1,0,17,0,5,8,0,13,0,21,9,0,30,12,0,12,42
12/25/2019,FMN,NM,ASW,WE,Federal Contract Tower,0,8,6,0,14,0,0,2,0,2,0,8,8,0,16,0,0,0,16
12/26/2019,FMN,NM,ASW,WE,Federal Contract Tower,0,10,5,0,15,0,5,15,0,20,0,15,20,0,35,0,0,0,35
12/27/2019,FMN,NM,ASW,WE,Federal Contract Tower,0,9,3,0,12,0,0,3,0,3,0,9,6,0,15,0,0,0,15
12/28/2019,FMN,NM,ASW,WE,Federal Contract Tower,0,7,11,0,18,0,3,0,0,3,0,10,11,0,21,0,0,0,21
12/29/2019,FMN,NM,ASW,WE,Federal Contract Tower,0,7,12,0,19,0,6,55,0,61,0,13,67,0,80,42,0,42,122
12/30/2019,FMN,NM,ASW,WE,Federal Contract Tower,0,11,0,0,11,0,11,42,0,53,0,22,42,0,64,40,0,40,104
12/31/2019,FMN,NM,ASW,WE,Federal Contract Tower,0,11,0,0,11,0,7,24,0,31,0,18,24,0,42,34,0,34,76
01/01/2020,FMN,NM,ASW,WE,Federal Contract Tower,0,3,0,0,3,0,0,12,0,12,0,3,12,0,15,2,0,2,17
01/02/2020,FMN,NM,ASW,WE,Federal Contract Tower,0,8,3,0,11,0,5,17,0,22,0,13,20,0,33,60,0,60,93
01/03/2020,FMN,NM,ASW,WE,Federal Contract Tower,0,6,7,0,13,0,4,18,0,22,0,10,25,0,35,14,0,14,49
01/04/2020,FMN,NM,ASW,WE,Federal Contract Tower,0,14,4,0,18,0,5,28,4,37,0,19,32,4,55,82,0,82,137
01/05/2020,FMN,NM,ASW,WE,Federal Contract Tower,0,9,3,0,12,0,12,48,0,60,0,21,51,0,72,128,0,128,200
01/06/2020,FMN,NM,ASW,WE,Federal Contract Tower,0,13,2,0,15,0,8,53,3,64,0,21,55,3,79,58,22,80,159
01/07/2020,FMN,NM,ASW,WE,Federal Contract Tower,0,13,5,0,18,0,1,105,7,113,0,14,110,7,131,150,12,162,293
01/10/2020,FMN,NM,ASW,WE,Federal Contract Tower,0,8,4,0,12,0,7,35,0,42,0,15,39,0,54,12,0,12,66
01/11/2020,FMN,NM,ASW,WE,Federal Contract Tower,0,5,2,0,7,0,3,40,1,44,0,8,42,1,51,74,0,74,125
01/12/2020,FMN,NM,ASW,WE,Federal Contract Tower,0,5,4,0,9,0,6,21,0,27,0,11,25,0,36,60,0,60,96
01/13/2020,FMN,NM,ASW,WE,Federal Contract Tower,0,9,1,0,10,0,3,48,0,51,0,12,49,0,61,109,0,109,170
01/14/2020,FMN,NM,ASW,WE,Federal Contract Tower,0,13,1,0,14,0,30,43,4,77,0,43,44,4,91,138,0,138,229
01/15/2020,FMN,NM,ASW,WE,Federal Contract Tower,0,11,10,0,21,0,5,17,1,23,0,16,27,1,44,80,0,80,124
01/17/2020,FMN,NM,ASW,WE,Federal Contract Tower,0,13,15,1,29,0,2,2,0,4,0,15,17,1,33,0,0,0,33
01/18/2020,FMN,NM,ASW,WE,Federal Contract Tower,0,9,2,0,11,0,11,31,3,45,0,20,33,3,56,104,24,128,184
01/19/2020,FMN,NM,ASW,WE,Federal Contract Tower,0,4,4,0,8,0,7,46,0,53,0,11,50,0,61,78,6,84,145
01/20/2020,FMN,NM,ASW,WE,Federal Contract Tower,0,3,3,0,6,0,1,51,5,57,0,4,54,5,63,84,0,84,147
01/21/2020,FMN,NM,ASW,WE,Federal Contract Tower,0,11,0,0,11,0,0,0,0,0,0,11,0,0,11,0,0,0,11
01/22/2020,FMN,NM,ASW,WE,Federal Contract Tower,0,12,5,0,17,0,3,4,0,7,0,15,9,0,24,12,0,12,36
01/23/2020,FMN,NM,ASW,WE,Federal Contract Tower,0,19,9,0,28,0,2,12,0,14,0,21,21,0,42,0,0,0,42
01/24/2020,FMN,NM,ASW,WE,Federal Contract Tower,0,8,5,0,13,0,10,27,1,38,0,18,32,1,51,110,0,110,161
01/25/2020,FMN,NM,ASW,WE,Federal Contract Tower,0,10,3,0,13,0,5,19,0,24,0,15,22,0,37,40,0,40,77
01/26/2020,FMN,NM,ASW,WE,Federal Contract Tower,0,10,8,0,18,0,2,35,0,37,0,12,43,0,55,44,0,44,99
01/27/2020,FMN,NM,ASW,WE,Federal Contract Tower,0,5,1,0,6,0,14,1,0,15,0,19,2,0,21,0,0,0,21
01/28/2020,FMN,NM,ASW,WE,Federal Contract Tower,0,13,3,3,19,0,15,53,2,70,0,28,56,5,89,40,16,56,145
01/29/2020,FMN,NM,ASW,WE,Federal Contract Tower,0,7,6,0,13,0,13,10,0,23,0,20,16,0,36,0,0,0,36
01/30/2020,FMN,NM,ASW,WE,Federal Contract Tower,0,7,0,0,7,0,1,15,0,16,0,8,15,0,23,36,0,36,59
01/31/2020,FMN,NM,ASW,WE,Federal Contract Tower,0,10,8,0,18,0,8,28,0,36,0,18,36,0,54,24,0,24,78
02/01/2020,FMN,NM,ASW,WE,Federal Contract Tower,0,4,5,0,9,0,3,45,22,70,0,7,50,22,79,94,0,94,173
02/02/2020,FMN,NM,ASW,WE,Federal Contract Tower,0,3,9,0,12,0,1,35,0,36,0,4,44,0,48,80,0,80,128
02/03/2020,FMN,NM,ASW,WE,Federal Contract Tower,0,4,3,0,7,0,2,2,0,4,0,6,5,0,11,0,0,0,11
02/04/2020,FMN,NM,ASW,WE,Federal Contract Tower,0,10,2,0,12,0,34,20,0,54,0,44,22,0,66,22,48,70,136
02/05/2020,FMN,NM,ASW,WE,Federal Contract Tower,0,3,5,0,8,0,4,7,0,11,0,7,12,0,19,0,0,0,19
02/06/2020,FMN,NM,ASW,WE,Federal Contract Tower,0,4,2,2,8,0,13,14,1,28,0,17,16,3,36,12,0,12,48
02/07/2020,FMN,NM,ASW,WE,Federal Contract Tower,0,10,8,0,18,0,10,27,0,37,0,20,35,0,55,64,0,64,119
02/08/2020,FMN,NM,ASW,WE,Federal Contract Tower,0,6,2,0,8,0,2,46,0,48,0,8,48,0,56,82,0,82,138
02/09/2020,FMN,NM,ASW,WE,Federal Contract Tower,0,4,3,0,7,0,2,26,0,28,0,6,29,0,35,72,0,72,107
02/10/2020,FMN,NM,ASW,WE,Federal Contract Tower,0,9,1,0,10,0,10,6,2,18,0,19,7,2,28,12,0,12,40
02/11/2020,FMN,NM,ASW,WE,Federal Contract Tower,0,13,0,0,13,0,7,0,0,7,0,20,0,0,20,0,0,0,20
02/12/2020,FMN,NM,ASW,WE,Federal Contract Tower,0,9,3,2,14,0,6,12,2,20,0,15,15,4,34,62,0,62,96
02/13/2020,FMN,NM,ASW,WE,Federal Contract Tower,0,7,7,0,14,0,9,24,0,33,0,16,31,0,47,38,0,38,85
02/14/2020,FMN,NM,ASW,WE,Federal Contract Tower,0,11,2,0,13,0,10,56,0,66,0,21,58,0,79,44,0,44,123
02/15/2020,FMN,NM,ASW,WE,Federal Contract Tower,0,10,6,0,16,0,5,51,0,56,0,15,57,0,72,80,0,80,152
02/16/2020,FMN,NM,ASW,WE,Federal Contract Tower,0,8,5,0,13,0,2,50,0,52,0,10,55,0,65,26,0,26,91
02/17/2020,FMN,NM,ASW,WE,Federal Contract Tower,0,7,2,0,9,0,7,26,0,33,0,14,28,0,42,28,0,28,70
02/18/2020,FMN,NM,ASW,WE,Federal Contract Tower,0,13,4,0,17,0,15,35,0,50,0,28,39,0,67,24,0,24,91
02/19/2020,FMN,NM,ASW,WE,Federal Contract Tower,0,13,4,1,18,0,4,7,1,12,0,17,11,2,30,40,0,40,70
02/20/2020,FMN,NM,ASW,WE,Federal Contract Tower,0,7,7,0,14,0,5,32,0,37,0,12,39,0,51,24,0,24,75
02/21/2020,FMN,NM,ASW,WE,Federal Contract Tower,0,6,6,0,12,0,4,39,0,43,0,10,45,0,55,132,0,132,187
02/22/2020,FMN,NM,ASW,WE,Federal Contract Tower,0,7,4,0,11,0,2,17,0,19,0,9,21,0,30,72,0,72,102
02/23/2020,FMN,NM,ASW,WE,Federal Contract Tower,0,17,5,0,22,0,1,3,4,8,0,18,8,4,30,12,0,12,42
02/24/2020,FMN,NM,ASW,WE,Federal Contract Tower,0,10,5,3,18,0,3,19,0,22,0,13,24,3,40,40,50,90,130
02/25/2020,FMN,NM,ASW,WE,Federal Contract Tower,0,13,2,0,15,0,60,4,0,64,0,73,6,0,79,58,0,58,137
02/26/2020,FMN,NM,ASW,WE,Federal Contract Tower,0,6,8,0,14,0,7,28,0,35,0,13,36,0,49,90,0,90,139
02/28/2020,FMN,NM,ASW,WE,Federal Contract Tower,0,5,6,2,13,0,3,40,0,43,0,8,46,2,56,48,6,54,110
02/29/2020,FMN,NM,ASW,WE,Federal Contract Tower,0,9,6,0,15,0,1,30,0,31,0,10,36,0,46,38,0,38,84
03/01/2020,FMN,NM,ASW,WE,Federal Contract Tower,0,9,3,0,12,0,1,18,0,19,0,10,21,0,31,88,0,88,119
03/02/2020,FMN,NM,ASW,WE,Federal Contract Tower,0,6,10,0,16,0,11,29,0,40,0,17,39,0,56,40,0,40,96
03/03/2020,FMN,NM,ASW,WE,Federal Contract Tower,0,10,7,0,17,0,39,24,0,63,0,49,31,0,80,60,0,60,140
03/04/2020,FMN,NM,ASW,WE,Federal Contract Tower,0,9,2,0,11,0,7,25,0,32,0,16,27,0,43,36,0,36,79
03/05/2020,FMN,NM,ASW,WE,Federal Contract Tower,0,10,6,0,16,0,3,35,1,39,0,13,41,1,55,92,0,92,147
03/06/2020,FMN,NM,ASW,WE,Federal Contract Tower,0,9,13,0,22,0,5,27,0,32,0,14,40,0,54,2,0,2,56
03/07/2020,FMN,NM,ASW,WE,Federal Contract Tower,0,9,5,0,14,0,4,28,0,32,0,13,33,0,46,84,0,84,130
03/08/2020,FMN,NM,ASW,WE,Federal Contract Tower,0,6,3,0,9,0,0,9,0,9,0,6,12,0,18,22,0,22,40
03/09/2020,FMN,NM,ASW,WE,Federal Contract Tower,0,11,4,0,15,0,1,37,0,38,0,12,41,0,53,54,0,54,107
03/10/2020,FMN,NM,ASW,WE,Federal Contract Tower,0,21,1,0,22,0,6,28,4,38,0,27,29,4,60,50,0,50,110
03/11/2020,FMN,NM,ASW,WE,Federal Contract Tower,0,9,6,0,15,0,3,8,0,11,0,12,14,0,26,0,0,0,26
03/12/2020,FMN,NM,ASW,WE,Federal Contract Tower,0,12,0,0,12,0,5,21,1,27,0,17,21,1,39,20,0,20,59
03/13/2020,FMN,NM,ASW,WE,Federal Contract Tower,0,16,7,1,24,0,5,7,4,16,0,21,14,5,40,54,20,74,114
03/14/2020,FMN,NM,ASW,WE,Federal Contract Tower,0,8,1,0,9,0,1,18,0,19,0,9,19,0,28,0,0,0,28
03/15/2020,FMN,NM,ASW,WE,Federal Contract Tower,0,9,1,0,10,0,1,43,0,44,0,10,44,0,54,0,0,0,54
03/16/2020,FMN,NM,ASW,WE,Federal Contract Tower,0,7,2,0,9,0,7,34,0,41,0,14,36,0,50,68,0,68,118
03/17/2020,FMN,NM,ASW,WE,Federal Contract Tower,0,9,1,0,10,0,6,22,0,28,0,15,23,0,38,108,0,108,146
03/18/2020,FMN,NM,ASW,WE,Federal Contract Tower,0,7,3,0,10,0,2,18,1,21,0,9,21,1,31,12,0,12,43
03/19/2020,FMN,NM,ASW,WE,Federal Contract Tower,0,9,9,0,18,0,2,10,0,12,0,11,19,0,30,68,0,68,98
03/20/2020,FMN,NM,ASW,WE,Federal Contract Tower,0,5,7,0,12,0,4,28,0,32,0,9,35,0,44,52,0,52,96
03/21/2020,FMN,NM,ASW,WE,Federal Contract Tower,0,6,3,0,9,0,7,28,0,35,0,13,31,0,44,108,0,108,152
03/22/2020,FMN,NM,ASW,WE,Federal Contract Tower,0,1,7,0,8,0,0,17,0,17,0,1,24,0,25,12,0,12,37
03/23/2020,FMN,NM,ASW,WE,Federal Contract Tower,0,4,1,0,5,0,3,50,0,53,0,7,51,0,58,56,6,62,120
03/24/2020,FMN,NM,ASW,WE,Federal Contract Tower,0,6,2,0,8,0,50,73,16,139,0,56,75,16,147,84,0,84,231
03/25/2020,FMN,NM,ASW,WE,Federal Contract Tower,0,6,3,0,9,0,7,18,0,25,0,13,21,0,34,66,0,66,100
03/26/2020,FMN,NM,ASW,WE,Federal Contract Tower,0,7,2,0,9,0,8,14,0,22,0,15,16,0,31,150,0,150,181
03/27/2020,FMN,NM,ASW,WE,Federal Contract Tower,0,5,5,0,10,0,3,8,0,11,0,8,13,0,21,10,0,10,31
03/28/2020,FMN,NM,ASW,WE,Federal Contract Tower,0,11,2,0,13,0,3,20,0,23,0,14,22,0,36,42,0,42,78
03/29/2020,FMN,NM,ASW,WE,Federal Contract Tower,0,1,0,0,1,0,2,21,0,23,0,3,21,0,24,98,0,98,122
03/30/2020,FMN,NM,ASW,WE,Federal Contract Tower,0,8,2,0,10,0,4,25,0,29,0,12,27,0,39,34,0,34,73
03/31/2020,FMN,NM,ASW,WE,Federal Contract Tower,0,6,0,0,6,0,26,79,0,105,0,32,79,0,111,124,0,124,235
04/01/2020,FMN,NM,ASW,WE,Federal Contract Tower,0,10,3,0,13,0,6,14,0,20,0,16,17,0,33,70,0,70,103
04/02/2020,FMN,NM,ASW,WE,Federal Contract Tower,0,3,1,0,4,0,2,13,0,15,0,5,14,0,19,0,0,0,19
04/03/2020,FMN,NM,ASW,WE,Federal Contract Tower,0,6,3,0,9,0,3,27,2,32,0,9,30,2,41,30,24,54,95
04/04/2020,FMN,NM,ASW,WE,Federal Contract Tower,0,7,2,0,9,0,6,25,0,31,0,13,27,0,40,44,0,44,84
04/05/2020,FMN,NM,ASW,WE,Federal Contract Tower,0,8,1,0,9,0,0,16,0,16,0,8,17,0,25,0,0,0,25
04/06/2020,FMN,NM,ASW,WE,Federal Contract Tower,0,5,0,6,11,0,12,16,0,28,0,17,16,6,39,12,0,12,51
04/07/2020,FMN,NM,ASW,WE,Federal Contract Tower,0,6,0,0,6,0,29,13,0,42,0,35,13,0,48,42,0,42,90
04/08/2020,FMN,NM,ASW,WE,Federal Contract Tower,0,6,1,0,7,0,12,28,0,40,0,18,29,0,47,60,0,60,107
04/09/2020,FMN,NM,ASW,WE,Federal Contract Tower,0,6,0,1,7,0,4,15,0,19,0,10,15,1,26,12,0,12,38
04/10/2020,FMN,NM,ASW,WE,Federal Contract Tower,0,4,3,0,7,0,4,23,0,27,0,8,26,0,34,0,0,0,34
04/11/2020,FMN,NM,ASW,WE,Federal Contract Tower,0,2,1,0,3,0,11,25,0,36,0,13,26,0,39,86,0,86,125
04/12/2020,FMN,NM,ASW,WE,Federal Contract Tower,0,0,1,0,1,0,0,4,0,4,0,0,5,0,5,10,0,10,15
04/13/2020,FMN,NM,ASW,WE,Federal Contract Tower,0,12,2,0,14,0,10,11,0,21,0,22,13,0,35,6,0,6,41
04/14/2020,FMN,NM,ASW,WE,Federal Contract Tower,0,6,0,0,6,0,17,2,13,32,0,23,2,13,38,28,6,34,72
04/15/2020,FMN,NM,ASW,WE,Federal Contract Tower,0,5,2,0,7,0,2,14,0,16,0,7,16,0,23,0,0,0,23
04/16/2020,FMN,NM,ASW,WE,Federal Contract Tower,0,9,1,1,11,0,7,16,2,25,0,16,17,3,36,72,0,72,108
04/17/2020,FMN,NM,ASW,WE,Federal Contract Tower,0,8,2,0,10,0,7,26,0,33,0,15,28,0,43,2,0,2,45
04/18/2020,FMN,NM,ASW,WE,Federal Contract Tower,0,4,2,0,6,0,2,12,0,14,0,6,14,0,20,60,0,60,80
04/19/2020,FMN,NM,ASW,WE,Federal Contract Tower,0,3,0,0,3,0,2,41,0,43,0,5,41,0,46,28,8,36,82
04/20/2020,FMN,NM,ASW,WE,Federal Contract Tower,0,5,0,0,5,0,46,17,0,63,0,51,17,0,68,34,0,34,102
04/21/2020,FMN,NM,ASW,WE,Federal Contract Tower,0,10,0,0,10,0,12,13,0,25,0,22,13,0,35,0,0,0,35
04/22/2020,FMN,NM,ASW,WE,Federal Contract Tower,0,10,3,0,13,0,5,12,0,17,0,15,15,0,30,67,0,67,97
04/23/2020,FMN,NM,ASW,WE,Federal Contract Tower,0,6,0,1,7,0,5,11,0,16,0,11,11,1,23,0,0,0,23
04/24/2020,FMN,NM,ASW,WE,Federal Contract Tower,0,3,1,0,4,0,1,8,0,9,0,4,9,0,13,0,0,0,13
04/25/2020,FMN,NM,ASW,WE,Federal Contract Tower,0,4,1,0,5,0,3,36,2,41,0,7,37,2,46,12,6,18,64
04/26/2020,FMN,NM,ASW,WE,Federal Contract Tower,0,5,0,0,5,0,6,16,0,22,0,11,16,0,27,32,0,32,59
04/27/2020,FMN,NM,ASW,WE,Federal Contract Tower,0,5,2,0,7,0,13,37,0,50,0,18,39,0,57,6,0,6,63
04/28/2020,FMN,NM,ASW,WE,Federal Contract Tower,0,11,0,1,12,0,22,7,2,31,0,33,7,3,43,0,0,0,43
04/29/2020,FMN,NM,ASW,WE,Federal Contract Tower,0,6,4,0,10,0,1,13,4,18,0,7,17,4,28,20,0,20,48
04/30/2020,FMN,NM,ASW,WE,Federal Contract Tower,0,4,2,3,9,0,2,22,4,28,0,6,24,7,37,26,0,26,63
05/01/2020,FMN,NM,ASW,WE,Federal Contract Tower,0,11,2,3,16,0,15,75,2,92,0,26,77,5,108,28,2,30,138
05/02/2020,FMN,NM,ASW,WE,Federal Contract Tower,0,3,1,0,4,0,3,28,2,33,0,6,29,2,37,42,0,42,79
05/03/2020,FMN,NM,ASW,WE,Federal Contract Tower,0,7,2,0,9,0,11,45,0,56,0,18,47,0,65,8,0,8,73
05/04/2020,FMN,NM,ASW,WE,Federal Contract Tower,0,9,1,0,10,0,8,15,2,25,0,17,16,2,35,2,0,2,37
05/05/2020,FMN,NM,ASW,WE,Federal Contract Tower,0,9,0,0,9,0,11,25,2,38,0,20,25,2,47,0,0,0,47
05/06/2020,FMN,NM,ASW,WE,Federal Contract Tower,0,7,5,0,12,0,7,20,0,27,0,14,25,0,39,68,0,68,107
05/07/2020,FMN,NM,ASW,WE,Federal Contract Tower,0,8,1,0,9,0,6,17,4,27,0,14,18,4,36,96,0,96,132
05/08/2020,FMN,NM,ASW,WE,Federal Contract Tower,0,4,4,2,10,0,6,38,2,46,0,10,42,4,56,36,0,36,92
05/09/2020,FMN,NM,ASW,WE,Federal Contract Tower,0,4,1,0,5,0,9,40,2,51,0,13,41,2,56,72,0,72,128
05/10/2020,FMN,NM,ASW,WE,Federal Contract Tower,0,5,2,0,7,0,2,10,3,15,0,7,12,3,22,50,0,50,72
05/11/2020,FMN,NM,ASW,WE,Federal Contract Tower,0,6,2,0,8,0,7,14,1,22,0,13,16,1,30,0,0,0,30
05/12/2020,FMN,NM,ASW,WE,Federal Contract Tower,0,12,1,2,15,0,13,23,0,36,0,25,24,2,51,0,0,0,51
05/13/2020,FMN,NM,ASW,WE,Federal Contract Tower,0,8,1,0,9,0,3,16,2,21,0,11,17,2,30,0,0,0,30
05/14/2020,FMN,NM,ASW,WE,Federal Contract Tower,0,9,2,0,11,0,6,39,4,49,0,15,41,4,60,12,0,12,72
05/15/2020,FMN,NM,ASW,WE,Federal Contract Tower,0,7,0,0,7,0,5,35,0,40,0,12,35,0,47,12,0,12,59
05/16/2020,FMN,NM,ASW,WE,Federal Contract Tower,0,7,1,0,8,0,2,26,0,28,0,9,27,0,36,12,0,12,48
05/17/2020,FMN,NM,ASW,WE,Federal Contract Tower,0,3,0,0,3,0,7,19,0,26,0,10,19,0,29,0,0,0,29
05/18/2020,FMN,NM,ASW,WE,Federal Contract Tower,0,5,0,0,5,0,10,24,0,34,0,15,24,0,39,12,0,12,51
05/19/2020,FMN,NM,ASW,WE,Federal Contract Tower,0,10,1,5,16,0,8,18,2,28,0,18,19,7,44,50,0,50,94
05/20/2020,FMN,NM,ASW,WE,Federal Contract Tower,0,6,0,0,6,0,3,28,0,31,0,9,28,0,37,36,0,36,73
05/21/2020,FMN,NM,ASW,WE,Federal Contract Tower,0,3,6,0,9,0,10,34,0,44,0,13,40,0,53,70,0,70,123
05/22/2020,FMN,NM,ASW,WE,Federal Contract Tower,0,4,1,0,5,0,5,27,1,33,0,9,28,1,38,50,0,50,88
05/23/2020,FMN,NM,ASW,WE,Federal Contract Tower,0,4,2,0,6,0,11,18,2,31,0,15,20,2,37,24,0,24,61
05/24/2020,FMN,NM,ASW,WE,Federal Contract Tower,0,1,0,0,1,0,12,53,0,65,0,13,53,0,66,60,0,60,126
05/25/2020,FMN,NM,ASW,WE,Federal Contract Tower,0,7,2,0,9,0,15,12,0,27,0,22,14,0,36,22,0,22,58
05/26/2020,FMN,NM,ASW,WE,Federal Contract Tower,0,3,0,0,3,0,14,34,0,48,0,17,34,0,51,12,0,12,63
05/27/2020,FMN,NM,ASW,WE,Federal Contract Tower,0,7,0,0,7,0,4,47,0,51,0,11,47,0,58,36,0,36,94
05/28/2020,FMN,NM,ASW,WE,Federal Contract Tower,0,5,3,0,8,0,7,41,4,52,0,12,44,4,60,56,0,56,116
05/29/2020,FMN,NM,ASW,WE,Federal Contract Tower,0,7,4,0,11,0,3,41,0,44,0,10,45,0,55,42,0,42,97
05/30/2020,FMN,NM,ASW,WE,Federal Contract Tower,0,7,1,0,8,0,5,26,0,31,0,12,27,0,39,44,0,44,83
05/31/2020,FMN,NM,ASW,WE,Federal Contract Tower,0,6,2,0,8,0,12,9,0,21,0,18,11,0,29,54,0,54,83
06/01/2020,FMN,NM,ASW,WE,Federal Contract Tower,0,10,1,0,11,0,2,8,0,10,0,12,9,0,21,0,48,48,69
06/02/2020,FMN,NM,ASW,WE,Federal Contract Tower,0,10,0,0,10,0,27,18,0,45,0,37,18,0,55,40,0,40,95
06/03/2020,FMN,NM,ASW,WE,Federal Contract Tower,0,12,0,0,12,0,4,24,0,28,0,16,24,0,40,72,0,72,112
06/04/2020,FMN,NM,ASW,WE,Federal Contract Tower,0,7,0,1,8,0,8,38,1,47,0,15,38,2,55,90,24,114,169
06/05/2020,FMN,NM,ASW,WE,Federal Contract Tower,0,4,0,0,4,0,17,24,0,41,0,21,24,0,45,12,0,12,57
06/06/2020,FMN,NM,ASW,WE,Federal Contract Tower,0,8,4,0,12,0,7,13,0,20,0,15,17,0,32,24,0,24,56
06/07/2020,FMN,NM,ASW,WE,Federal Contract Tower,0,5,2,2,9,0,12,16,0,28,0,17,18,2,37,38,0,38,75
06/08/2020,FMN,NM,ASW,WE,Federal Contract Tower,0,3,2,0,5,0,2,51,0,53,0,5,53,0,58,22,0,22,80
06/09/2020,FMN,NM,ASW,WE,Federal Contract Tower,0,11,3,0,14,0,41,5,0,46,0,52,8,0,60,40,0,40,100
06/10/2020,FMN,NM,ASW,WE,Federal Contract Tower,0,7,0,0,7,0,1,45,0,46,0,8,45,0,53,48,0,48,101
06/11/2020,FMN,NM,ASW,WE,Federal Contract Tower,0,13,2,0,15,0,8,43,0,51,0,21,45,0,66,34,0,34,100
06/12/2020,FMN,NM,ASW,WE,Federal Contract Tower,0,12,2,0,14,0,1,39,0,40,0,13,41,0,54,96,0,96,150
06/13/2020,FMN,NM,ASW,WE,Federal Contract Tower,0,2,2,0,4,0,2,18,0,20,0,4,20,0,24,24,0,24,48
06/14/2020,FMN,NM,ASW,WE,Federal Contract Tower,0,4,6,0,10,0,10,15,0,25,0,14,21,0,35,0,0,0,35
06/15/2020,FMN,NM,ASW,WE,Federal Contract Tower,0,8,4,0,12,0,6,20,2,28,0,14,24,2,40,22,0,22,62
06/16/2020,FMN,NM,ASW,WE,Federal Contract Tower,0,11,0,0,11,0,16,12,0,28,0,27,12,0,39,18,0,18,57
06/17/2020,FMN,NM,ASW,WE,Federal Contract Tower,0,5,7,0,12,0,7,35,0,42,0,12,42,0,54,96,0,96,150
06/18/2020,FMN,NM,ASW,WE,Federal Contract Tower,0,6,5,0,11,0,10,28,3,41,0,16,33,3,52,36,0,36,88
06/19/2020,FMN,NM,ASW,WE,Federal Contract Tower,0,5,2,0,7,0,8,27,0,35,0,13,29,0,42,84,0,84,126
06/20/2020,FMN,NM,ASW,WE,Federal Contract Tower,0,4,1,0,5,0,8,39,1,48,0,12,40,1,53,70,0,70,123
06/21/2020,FMN,NM,ASW,WE,Federal Contract Tower,0,4,0,0,4,0,14,15,0,29,0,18,15,0,33,16,0,16,49
06/22/2020,FMN,NM,ASW,WE,Federal Contract Tower,0,7,3,1,11,0,22,15,0,37,0,29,18,1,48,28,16,44,92
06/23/2020,FMN,NM,ASW,WE,Federal Contract Tower,0,9,4,0,13,0,15,35,0,50,0,24,39,0,63,46,0,46,109
06/24/2020,FMN,NM,ASW,WE,Federal Contract Tower,0,6,5,0,11,0,8,30,0,38,0,14,35,0,49,22,0,22,71
06/25/2020,FMN,NM,ASW,WE,Federal Contract Tower,0,5,2,1,8,0,8,27,0,35,0,13,29,1,43,28,0,28,71
06/26/2020,FMN,NM,ASW,WE,Federal Contract Tower,0,6,10,0,16,0,2,49,7,58,0,8,59,7,74,76,0,76,150
06/27/2020,FMN,NM,ASW,WE,Federal Contract Tower,0,8,6,0,14,0,6,32,1,39,0,14,38,1,53,88,0,88,141
06/28/2020,FMN,NM,ASW,WE,Federal Contract Tower,0,5,2,0,7,0,23,14,0,37,0,28,16,0,44,64,0,64,108
06/29/2020,FMN,NM,ASW,WE,Federal Contract Tower,0,19,0,0,19,0,17,31,0,48,0,36,31,0,67,56,0,56,123
06/30/2020,FMN,NM,ASW,WE,Federal Contract Tower,0,10,2,0,12,0,42,54,3,99,0,52,56,3,111,100,0,100,211
07/01/2020,FMN,NM,ASW,WE,Federal Contract Tower,0,13,3,0,16,0,7,21,1,29,0,20,24,1,45,54,0,54,99
07/02/2020,FMN,NM,ASW,WE,Federal Contract Tower,0,7,4,0,11,0,9,56,0,65,0,16,60,0,76,120,0,120,196
07/03/2020,FMN,NM,ASW,WE,Federal Contract Tower,0,5,0,0,5,0,9,45,0,54,0,14,45,0,59,72,0,72,131
07/04/2020,FMN,NM,ASW,WE,Federal Contract Tower,0,2,1,0,3,0,5,19,0,24,0,7,20,0,27,60,0,60,87
07/05/2020,FMN,NM,ASW,WE,Federal Contract Tower,0,3,7,0,10,0,4,21,0,25,0,7,28,0,35,0,0,0,35
07/06/2020,FMN,NM,ASW,WE,Federal Contract Tower,0,7,1,0,8,0,9,20,0,29,0,16,21,0,37,62,0,62,99
07/07/2020,FMN,NM,ASW,WE,Federal Contract Tower,0,6,1,1,8,0,51,29,1,81,0,57,30,2,89,82,2,84,173
07/08/2020,FMN,NM,ASW,WE,Federal Contract Tower,0,8,3,0,11,0,1,23,0,24,0,9,26,0,35,68,0,68,103
07/09/2020,FMN,NM,ASW,WE,Federal Contract Tower,0,7,2,0,9,0,7,32,2,41,0,14,34,2,50,30,0,30,80
07/10/2020,FMN,NM,ASW,WE,Federal Contract Tower,0,4,2,0,6,0,7,38,2,47,0,11,40,2,53,90,0,90,143
07/11/2020,FMN,NM,ASW,WE,Federal Contract Tower,0,4,0,0,4,0,8,33,0,41,0,12,33,0,45,96,0,96,141
07/12/2020,FMN,NM,ASW,WE,Federal Contract Tower,0,8,0,4,12,0,13,22,4,39,0,21,22,8,51,42,0,42,93
07/13/2020,FMN,NM,ASW,WE,Federal Contract Tower,0,5,1,0,6,0,11,45,0,56,0,16,46,0,62,20,0,20,82
07/14/2020,FMN,NM,ASW,WE,Federal Contract Tower,0,11,0,2,13,0,46,23,0,69,0,57,23,2,82,66,0,66,148
07/15/2020,FMN,NM,ASW,WE,Federal Contract Tower,0,11,4,0,15,0,11,27,0,38,0,22,31,0,53,38,0,38,91
07/16/2020,FMN,NM,ASW,WE,Federal Contract Tower,0,6,3,2,11,0,6,8,0,14,0,12,11,2,25,76,0,76,101
07/17/2020,FMN,NM,ASW,WE,Federal Contract Tower,0,7,2,0,9,0,5,29,0,34,0,12,31,0,43,132,0,132,175
07/18/2020,FMN,NM,ASW,WE,Federal Contract Tower,0,6,3,0,9,0,2,26,0,28,0,8,29,0,37,92,0,92,129
07/19/2020,FMN,NM,ASW,WE,Federal Contract Tower,0,2,1,0,3,0,2,13,0,15,0,4,14,0,18,12,0,12,30
07/20/2020,FMN,NM,ASW,WE,Federal Contract Tower,0,8,3,0,11,0,10,23,0,33,0,18,26,0,44,10,0,10,54
07/21/2020,FMN,NM,ASW,WE,Federal Contract Tower,0,8,0,0,8,0,14,23,0,37,0,22,23,0,45,34,0,34,79
07/22/2020,FMN,NM,ASW,WE,Federal Contract Tower,0,8,1,0,9,0,5,19,0,24,0,13,20,0,33,92,0,92,125
07/23/2020,FMN,NM,ASW,WE,Federal Contract Tower,0,10,3,0,13,0,4,20,3,27,0,14,23,3,40,12,0,12,52
07/24/2020,FMN,NM,ASW,WE,Federal Contract Tower,0,11,1,0,12,0,3,26,0,29,0,14,27,0,41,60,0,60,101
07/25/2020,FMN,NM,ASW,WE,Federal Contract Tower,0,10,3,1,14,0,6,17,5,28,0,16,20,6,42,36,0,36,78
07/26/2020,FMN,NM,ASW,WE,Federal Contract Tower,0,2,3,0,5,0,4,18,0,22,0,6,21,0,27,74,0,74,101
07/27/2020,FMN,NM,ASW,WE,Federal Contract Tower,0,9,1,0,10,0,8,24,1,33,0,17,25,1,43,10,0,10,53
07/28/2020,FMN,NM,ASW,WE,Federal Contract Tower,0,6,4,0,10,0,29,53,0,82,0,35,57,0,92,66,0,66,158
07/29/2020,FMN,NM,ASW,WE,Federal Contract Tower,0,8,5,0,13,0,4,22,1,27,0,12,27,1,40,62,0,62,102
07/30/2020,FMN,NM,ASW,WE,Federal Contract Tower,0,8,12,0,20,0,1,63,2,66,0,9,75,2,86,104,0,104,190
07/31/2020,FMN,NM,ASW,WE,Federal Contract Tower,0,7,5,0,12,0,9,34,1,44,0,16,39,1,56,60,0,60,116
08/01/2020,FMN,NM,ASW,WE,Federal Contract Tower,0,12,5,0,17,0,6,29,0,35,0,18,34,0,52,78,0,78,130
08/02/2020,FMN,NM,ASW,WE,Federal Contract Tower,0,4,3,0,7,0,11,33,6,50,0,15,36,6,57,36,0,36,93
08/03/2020,FMN,NM,ASW,WE,Federal Contract Tower,0,7,5,0,12,0,12,35,2,49,0,19,40,2,61,28,0,28,89
08/04/2020,FMN,NM,ASW,WE,Federal Contract Tower,0,9,3,0,12,0,25,49,0,74,0,34,52,0,86,90,0,90,176
08/05/2020,FMN,NM,ASW,WE,Federal Contract Tower,0,13,10,0,23,0,5,41,1,47,0,18,51,1,70,94,0,94,164
08/06/2020,FMN,NM,ASW,WE,Federal Contract Tower,0,5,4,0,9,0,8,21,0,29,0,13,25,0,38,60,0,60,98
08/07/2020,FMN,NM,ASW,WE,Federal Contract Tower,0,8,3,0,11,0,7,20,0,27,0,15,23,0,38,42,0,42,80
08/08/2020,FMN,NM,ASW,WE,Federal Contract Tower,0,4,1,0,5,0,2,34,0,36,0,6,35,0,41,114,0,114,155
08/09/2020,FMN,NM,ASW,WE,Federal Contract Tower,0,2,2,2,6,0,0,27,2,29,0,2,29,4,35,48,0,48,83
08/10/2020,FMN,NM,ASW,WE,Federal Contract Tower,0,13,2,1,16,0,5,43,0,48,0,18,45,1,64,38,0,38,102
08/11/2020,FMN,NM,ASW,WE,Federal Contract Tower,0,6,0,0,6,0,9,20,0,29,0,15,20,0,35,40,0,40,75
08/12/2020,FMN,NM,ASW,WE,Federal Contract Tower,0,8,3,0,11,0,8,17,0,25,0,16,20,0,36,60,0,60,96
08/13/2020,FMN,NM,ASW,WE,Federal Contract Tower,0,6,2,0,8,0,11,37,0,48,0,17,39,0,56,58,0,58,114
08/14/2020,FMN,NM,ASW,WE,Federal Contract Tower,0,6,4,0,10,0,5,25,0,30,0,11,29,0,40,30,0,30,70
08/15/2020,FMN,NM,ASW,WE,Federal Contract Tower,0,4,1,0,5,0,1,37,10,48,0,5,38,10,53,60,0,60,113
08/16/2020,FMN,NM,ASW,WE,Federal Contract Tower,0,2,0,0,2,0,14,7,6,27,0,16,7,6,29,16,0,16,45
08/17/2020,FMN,NM,ASW,WE,Federal Contract Tower,0,6,1,0,7,0,11,46,6,63,0,17,47,6,70,16,0,16,86
08/18/2020,FMN,NM,ASW,WE,Federal Contract Tower,0,7,2,0,9,0,14,22,3,39,0,21,24,3,48,60,0,60,108
08/19/2020,FMN,NM,ASW,WE,Federal Contract Tower,0,9,3,0,12,0,6,36,2,44,0,15,39,2,56,20,24,44,100
08/20/2020,FMN,NM,ASW,WE,Federal Contract Tower,0,9,10,0,19,0,9,52,0,61,0,18,62,0,80,92,0,92,172
08/21/2020,FMN,NM,ASW,WE,Federal Contract Tower,0,6,3,0,9,0,6,19,0,25,0,12,22,0,34,78,0,78,112
08/22/2020,FMN,NM,ASW,WE,Federal Contract Tower,0,8,2,0,10,0,5,28,0,33,0,13,30,0,43,60,0,60,103
08/23/2020,FMN,NM,ASW,WE,Federal Contract Tower,0,10,0,0,10,0,6,42,0,48,0,16,42,0,58,54,0,54,112
08/24/2020,FMN,NM,ASW,WE,Federal Contract Tower,0,3,3,0,6,0,8,11,0,19,0,11,14,0,25,0,0,0,25
08/25/2020,FMN,NM,ASW,WE,Federal Contract Tower,0,10,0,2,12,0,54,30,0,84,0,64,30,2,96,76,36,112,208
08/26/2020,FMN,NM,ASW,WE,Federal Contract Tower,0,5,4,4,13,0,22,76,6,104,0,27,80,10,117,82,0,82,199
08/27/2020,FMN,NM,ASW,WE,Federal Contract Tower,0,9,2,2,13,0,14,33,0,47,0,23,35,2,60,48,0,48,108
08/28/2020,FMN,NM,ASW,WE,Federal Contract Tower,0,8,1,0,9,0,8,27,0,35,0,16,28,0,44,124,0,124,168
08/29/2020,FMN,NM,ASW,WE,Federal Contract Tower,0,7,3,0,10,0,12,25,2,39,0,19,28,2,49,102,0,102,151
08/30/2020,FMN,NM,ASW,WE,Federal Contract Tower,0,2,2,0,4,0,8,17,0,25,0,10,19,0,29,50,0,50,79
08/31/2020,FMN,NM,ASW,WE,Federal Contract Tower,0,14,5,0,19,0,10,56,0,66,0,24,61,0,85,34,0,34,119
09/01/2020,FMN,NM,ASW,WE,Federal Contract Tower,0,12,3,0,15,0,10,22,0,32,0,22,25,0,47,0,0,0,47
09/02/2020,FMN,NM,ASW,WE,Federal Contract Tower,0,7,1,0,8,0,4,25,0,29,0,11,26,0,37,72,0,72,109
09/03/2020,FMN,NM,ASW,WE,Federal Contract Tower,0,9,2,0,11,0,8,36,0,44,0,17,38,0,55,48,0,48,103
09/04/2020,FMN,NM,ASW,WE,Federal Contract Tower,0,6,7,0,13,0,8,30,0,38,0,14,37,0,51,118,0,118,169
09/05/2020,FMN,NM,ASW,WE,Federal Contract Tower,0,6,4,0,10,0,0,30,2,32,0,6,34,2,42,68,0,68,110
09/06/2020,FMN,NM,ASW,WE,Federal Contract Tower,0,7,1,0,8,0,27,38,0,65,0,34,39,0,73,40,0,40,113
09/07/2020,FMN,NM,ASW,WE,Federal Contract Tower,0,4,3,0,7,0,3,36,0,39,0,7,39,0,46,44,0,44,90
09/08/2020,FMN,NM,ASW,WE,Federal Contract Tower,0,9,0,0,9,0,3,6,0,9,0,12,6,0,18,0,0,0,18
09/09/2020,FMN,NM,ASW,WE,Federal Contract Tower,0,14,2,0,16,0,1,2,0,3,0,15,4,0,19,0,0,0,19
09/10/2020,FMN,NM,ASW,WE,Federal Contract Tower,0,5,3,1,9,0,5,49,5,59,0,10,52,6,68,104,36,140,208
09/11/2020,FMN,NM,ASW,WE,Federal Contract Tower,0,8,5,0,13,0,4,48,0,52,0,12,53,0,65,120,0,120,185
09/12/2020,FMN,NM,ASW,WE,Federal Contract Tower,0,4,0,0,4,0,9,28,0,37,0,13,28,0,41,48,0,48,89
09/13/2020,FMN,NM,ASW,WE,Federal Contract Tower,0,6,0,0,6,0,2,12,2,16,0,8,12,2,22,4,0,4,26
09/14/2020,FMN,NM,ASW,WE,Federal Contract Tower,0,8,6,0,14,0,6,53,0,59,0,14,59,0,73,28,0,28,101
09/15/2020,FMN,NM,ASW,WE,Federal Contract Tower,0,10,1,0,11,0,90,69,2,161,0,100,70,2,172,94,0,94,266
09/16/2020,FMN,NM,ASW,WE,Federal Contract Tower,0,7,3,1,11,0,6,32,0,38,0,13,35,1,49,102,0,102,151
09/17/2020,FMN,NM,ASW,WE,Federal Contract Tower,0,2,3,0,5,0,9,20,0,29,0,11,23,0,34,48,0,48,82
09/18/2020,FMN,NM,ASW,WE,Federal Contract Tower,0,6,6,0,12,0,3,38,1,42,0,9,44,1,54,58,0,58,112
09/19/2020,FMN,NM,ASW,WE,Federal Contract Tower,0,8,3,0,11,0,1,27,1,29,0,9,30,1,40,66,18,84,124
09/20/2020,FMN,NM,ASW,WE,Federal Contract Tower,0,7,2,3,12,0,2,15,3,20,0,9,17,6,32,18,16,34,66
09/21/2020,FMN,NM,ASW,WE,Federal Contract Tower,0,6,1,0,7,0,8,38,0,46,0,14,39,0,53,92,0,92,145
09/22/2020,FMN,NM,ASW,WE,Federal Contract Tower,0,6,0,0,6,0,7,27,0,34,0,13,27,0,40,76,0,76,116
09/23/2020,FMN,NM,ASW,WE,Federal Contract Tower,0,9,5,0,14,0,10,31,0,41,0,19,36,0,55,102,0,102,157
09/24/2020,FMN,NM,ASW,WE,Federal Contract Tower,0,3,2,0,5,0,13,58,0,71,0,16,60,0,76,94,0,94,170
09/25/2020,FMN,NM,ASW,WE,Federal Contract Tower,0,10,4,0,14,0,6,27,0,33,0,16,31,0,47,106,0,106,153
09/26/2020,FMN,NM,ASW,WE,Federal Contract Tower,0,7,4,0,11,0,7,43,3,53,0,14,47,3,64,92,0,92,156
09/27/2020,FMN,NM,ASW,WE,Federal Contract Tower,0,4,6,0,10,0,20,24,1,45,0,24,30,1,55,74,0,74,129
09/28/2020,FMN,NM,ASW,WE,Federal Contract Tower,0,7,2,1,10,0,15,10,0,25,0,22,12,1,35,28,20,48,83
09/29/2020,FMN,NM,ASW,WE,Federal Contract Tower,0,6,0,0,6,0,17,16,0,33,0,23,16,0,39,20,0,20,59
09/30/2020,FMN,NM,ASW,WE,Federal Contract Tower,0,8,3,0,11,0,8,38,0,46,0,16,41,0,57,168,0,168,225
10/01/2020,FMN,NM,ASW,WE,Federal Contract Tower,0,10,3,1,14,0,6,36,0,42,0,16,39,1,56,88,0,88,144
10/02/2020,FMN,NM,ASW,WE,Federal Contract Tower,0,7,4,0,11,0,9,44,0,53,0,16,48,0,64,106,0,106,170
10/03/2020,FMN,NM,ASW,WE,Federal Contract Tower,0,10,5,0,15,0,6,48,0,54,0,16,53,0,69,72,0,72,141
10/04/2020,FMN,NM,ASW,WE,Federal Contract Tower,0,5,1,0,6,0,4,46,0,50,0,9,47,0,56,42,0,42,98
10/05/2020,FMN,NM,ASW,WE,Federal Contract Tower,0,7,5,0,12,0,8,49,0,57,0,15,54,0,69,116,0,116,185
10/06/2020,FMN,NM,ASW,WE,Federal Contract Tower,0,7,0,0,7,0,43,35,6,84,0,50,35,6,91,74,0,74,165
10/07/2020,FMN,NM,ASW,WE,Federal Contract Tower,0,11,6,0,17,0,23,35,0,58,0,34,41,0,75,62,0,62,137
10/08/2020,FMN,NM,ASW,WE,Federal Contract Tower,0,14,4,0,18,0,7,33,0,40,0,21,37,0,58,72,0,72,130
10/09/2020,FMN,NM,ASW,WE,Federal Contract Tower,0,5,6,0,11,0,14,31,0,45,0,19,37,0,56,86,0,86,142
10/10/2020,FMN,NM,ASW,WE,Federal Contract Tower,0,4,0,0,4,0,12,38,0,50,0,16,38,0,54,42,0,42,96
10/11/2020,FMN,NM,ASW,WE,Federal Contract Tower,0,3,3,0,6,0,6,17,0,23,0,9,20,0,29,24,0,24,53
10/12/2020,FMN,NM,ASW,WE,Federal Contract Tower,0,3,0,0,3,0,7,61,0,68,0,10,61,0,71,94,0,94,165
10/13/2020,FMN,NM,ASW,WE,Federal Contract Tower,0,8,4,1,13,0,48,29,0,77,0,56,33,1,90,124,0,124,214
10/14/2020,FMN,NM,ASW,WE,Federal Contract Tower,0,8,6,0,14,0,6,53,0,59,0,14,59,0,73,28,0,28,101
10/15/2020,FMN,NM,ASW,WE,Federal Contract Tower,0,11,4,0,15,0,5,28,0,33,0,16,32,0,48,64,0,64,112
10/16/2020,FMN,NM,ASW,WE,Federal Contract Tower,0,4,1,0,5,0,7,34,0,41,0,11,35,0,46,114,0,114,160
10/17/2020,FMN,NM,ASW,WE,Federal Contract Tower,0,4,3,2,9,0,7,42,1,50,0,11,45,3,59,138,6,144,203
10/18/2020,FMN,NM,ASW,WE,Federal Contract Tower,0,4,4,4,12,0,0,32,0,32,0,4,36,4,44,58,0,58,102
10/19/2020,FMN,NM,ASW,WE,Federal Contract Tower,0,7,3,0,10,0,11,87,0,98,0,18,90,0,108,88,0,88,196
10/20/2020,FMN,NM,ASW,WE,Federal Contract Tower,0,8,0,0,8,0,20,30,0,50,0,28,30,0,58,48,0,48,106
10/21/2020,FMN,NM,ASW,WE,Federal Contract Tower,0,10,1,0,11,0,9,64,0,73,0,19,65,0,84,48,0,48,132
10/22/2020,FMN,NM,ASW,WE,Federal Contract Tower,0,11,0,2,13,0,5,35,4,44,0,16,35,6,57,36,12,48,105
10/23/2020,FMN,NM,ASW,WE,Federal Contract Tower,0,14,3,0,17,2,1,52,0,55,2,15,55,0,72,48,0,48,120
10/24/2020,FMN,NM,ASW,WE,Federal Contract Tower,0,6,2,0,8,0,2,40,0,42,0,8,42,0,50,64,0,64,114
10/25/2020,FMN,NM,ASW,WE,Federal Contract Tower,0,8,3,0,11,0,0,22,0,22,0,8,25,0,33,22,0,22,55
10/26/2020,FMN,NM,ASW,WE,Federal Contract Tower,0,8,3,0,11,0,2,0,0,2,0,10,3,0,13,0,0,0,13
10/27/2020,FMN,NM,ASW,WE,Federal Contract Tower,0,11,2,0,13,0,51,50,0,101,0,62,52,0,114,118,0,118,232
10/28/2020,FMN,NM,ASW,WE,Federal Contract Tower,0,2,3,0,5,0,2,30,0,32,0,4,33,0,37,128,0,128,165
10/29/2020,FMN,NM,ASW,WE,Federal Contract Tower,0,7,5,1,13,0,7,44,0,51,0,14,49,1,64,92,0,92,156
10/30/2020,FMN,NM,ASW,WE,Federal Contract Tower,0,8,6,0,14,0,4,36,1,41,0,12,42,1,55,86,0,86,141
10/31/2020,FMN,NM,ASW,WE,Federal Contract Tower,0,4,1,0,5,0,7,34,0,41,0,11,35,0,46,84,0,84,130
11/01/2020,FMN,NM,ASW,WE,Federal Contract Tower,0,1,2,0,3,0,4,18,0,22,0,5,20,0,25,40,0,40,65
11/02/2020,FMN,NM,ASW,WE,Federal Contract Tower,0,12,0,0,12,0,13,74,0,87,0,25,74,0,99,58,0,58,157
11/03/2020,FMN,NM,ASW,WE,Federal Contract Tower,0,6,0,0,6,0,60,32,0,92,0,66,32,0,98,84,0,84,182
11/04/2020,FMN,NM,ASW,WE,Federal Contract Tower,0,9,1,0,10,0,5,44,0,49,0,14,45,0,59,148,0,148,207
11/05/2020,FMN,NM,ASW,WE,Federal Contract Tower,0,10,5,0,15,0,6,34,0,40,0,16,39,0,55,112,0,112,167
11/06/2020,FMN,NM,ASW,WE,Federal Contract Tower,0,9,1,0,10,0,6,29,2,37,0,15,30,2,47,78,2,80,127
11/07/2020,FMN,NM,ASW,WE,Federal Contract Tower,0,7,5,0,12,0,4,13,0,17,0,11,18,0,29,48,0,48,77
11/08/2020,FMN,NM,ASW,WE,Federal Contract Tower,0,5,0,1,6,0,8,38,6,52,0,13,38,7,58,46,20,66,124
11/09/2020,FMN,NM,ASW,WE,Federal Contract Tower,0,11,4,0,15,0,2,2,0,4,0,13,6,0,19,0,0,0,19
11/10/2020,FMN,NM,ASW,WE,Federal Contract Tower,0,14,2,0,16,0,11,30,2,43,0,25,32,2,59,54,0,54,113
11/11/2020,FMN,NM,ASW,WE,Federal Contract Tower,0,10,5,0,15,0,3,21,0,24,0,13,26,0,39,60,0,60,99
11/12/2020,FMN,NM,ASW,WE,Federal Contract Tower,0,9,0,0,9,0,5,38,0,43,0,14,38,0,52,78,0,78,130
11/13/2020,FMN,NM,ASW,WE,Federal Contract Tower,0,6,5,0,11,0,5,20,2,27,0,11,25,2,38,76,24,100,138
11/14/2020,FMN,NM,ASW,WE,Federal Contract Tower,0,4,1,0,5,0,2,20,2,24,0,6,21,2,29,48,6,54,83
11/15/2020,FMN,NM,ASW,WE,Federal Contract Tower,0,9,2,0,11,0,7,34,0,41,0,16,36,0,52,114,0,114,166
11/16/2020,FMN,NM,ASW,WE,Federal Contract Tower,0,12,4,0,16,0,5,29,2,36,0,17,33,2,52,152,4,156,208
11/17/2020,FMN,NM,ASW,WE,Federal Contract Tower,0,12,1,0,13,0,38,32,0,70,0,50,33,0,83,84,0,84,167
11/18/2020,FMN,NM,ASW,WE,Federal Contract Tower,0,13,3,0,16,0,4,39,0,43,0,17,42,0,59,86,0,86,145
11/19/2020,FMN,NM,ASW,WE,Federal Contract Tower,0,14,1,0,15,0,3,23,0,26,0,17,24,0,41,62,0,62,103
11/20/2020,FMN,NM,ASW,WE,Federal Contract Tower,0,6,3,0,9,0,8,37,2,47,0,14,40,2,56,56,16,72,128
11/21/2020,FMN,NM,ASW,WE,Federal Contract Tower,0,9,4,0,13,0,4,33,0,37,0,13,37,0,50,60,0,60,110
11/22/2020,FMN,NM,ASW,WE,Federal Contract Tower,0,10,5,0,15,0,8,27,0,35,0,18,32,0,50,0,0,0,50
11/23/2020,FMN,NM,ASW,WE,Federal Contract Tower,0,5,3,0,8,0,3,48,0,51,0,8,51,0,59,52,0,52,111
11/24/2020,FMN,NM,ASW,WE,Federal Contract Tower,0,16,2,0,18,0,27,5,0,32,0,43,7,0,50,42,0,42,92
11/25/2020,FMN,NM,ASW,WE,Federal Contract Tower,0,10,4,0,14,0,5,54,0,59,0,15,58,0,73,101,0,101,174
11/26/2020,FMN,NM,ASW,WE,Federal Contract Tower,0,6,1,0,7,0,0,12,0,12,0,6,13,0,19,0,0,0,19
11/27/2020,FMN,NM,ASW,WE,Federal Contract Tower,0,8,6,0,14,0,8,12,0,20,0,16,18,0,34,72,0,72,106
11/28/2020,FMN,NM,ASW,WE,Federal Contract Tower,0,12,3,0,15,0,6,10,0,16,0,18,13,0,31,12,0,12,43
11/29/2020,FMN,NM,ASW,WE,Federal Contract Tower,0,5,0,0,5,0,0,78,0,78,0,5,78,0,83,56,0,56,139
11/30/2020,FMN,NM,ASW,WE,Federal Contract Tower,0,12,0,5,17,0,12,27,2,41,0,24,27,7,58,122,12,134,192
12/02/2020,FMN,NM,ASW,WE,Federal Contract Tower,0,11,4,0,15,0,1,32,0,33,0,12,36,0,48,64,0,64,112
12/03/2020,FMN,NM,ASW,WE,Federal Contract Tower,0,8,1,0,9,0,9,29,0,38,0,17,30,0,47,112,0,112,159
12/04/2020,FMN,NM,ASW,WE,Federal Contract Tower,0,7,1,1,9,0,4,36,1,41,0,11,37,2,50,60,0,60,110
12/05/2020,FMN,NM,ASW,WE,Federal Contract Tower,0,8,2,0,10,0,7,57,0,64,0,15,59,0,74,82,0,82,156
12/06/2020,FMN,NM,ASW,WE,Federal Contract Tower,0,5,2,0,7,0,4,22,0,26,0,9,24,0,33,84,0,84,117
12/07/2020,FMN,NM,ASW,WE,Federal Contract Tower,0,7,4,0,11,0,19,33,1,53,0,26,37,1,64,106,0,106,170
12/08/2020,FMN,NM,ASW,WE,Federal Contract Tower,0,5,1,0,6,0,23,26,0,49,0,28,27,0,55,72,0,72,127
12/09/2020,FMN,NM,ASW,WE,Federal Contract Tower,0,12,1,0,13,0,3,29,0,32,0,15,30,0,45,72,0,72,117
12/10/2020,FMN,NM,ASW,WE,Federal Contract Tower,0,13,3,0,16,0,1,12,1,14,0,14,15,1,30,24,0,24,54
12/11/2020,FMN,NM,ASW,WE,Federal Contract Tower,0,14,6,4,24,0,5,9,0,14,0,19,15,4,38,12,0,12,50
12/12/2020,FMN,NM,ASW,WE,Federal Contract Tower,0,5,4,0,9,0,0,10,0,10,0,5,14,0,19,12,0,12,31
12/13/2020,FMN,NM,ASW,WE,Federal Contract Tower,0,11,1,6,18,0,5,30,0,35,0,16,31,6,53,14,12,26,79
12/14/2020,FMN,NM,ASW,WE,Federal Contract Tower,0,9,9,0,18,0,0,28,0,28,0,9,37,0,46,82,44,126,172
12/15/2020,FMN,NM,ASW,WE,Federal Contract Tower,0,17,0,0,17,0,15,25,0,40,0,32,25,0,57,48,0,48,105
12/16/2020,FMN,NM,ASW,WE,Federal Contract Tower,0,9,4,0,13,0,4,31,2,37,0,13,35,2,50,112,8,120,170
12/17/2020,FMN,NM,ASW,WE,Federal Contract Tower,0,8,2,0,10,0,4,40,0,44,0,12,42,0,54,82,0,82,136
12/18/2020,FMN,NM,ASW,WE,Federal Contract Tower,0,17,1,4,22,0,1,27,0,28,0,18,28,4,50,66,0,66,116
12/19/2020,FMN,NM,ASW,WE,Federal Contract Tower,0,11,1,0,12,0,11,36,5,52,0,22,37,5,64,122,0,122,186
12/20/2020,FMN,NM,ASW,WE,Federal Contract Tower,0,9,0,0,9,0,1,38,0,39,0,10,38,0,48,74,0,74,122
12/21/2020,FMN,NM,ASW,WE,Federal Contract Tower,0,8,4,0,12,0,22,41,0,63,0,30,45,0,75,70,0,70,145
12/22/2020,FMN,NM,ASW,WE,Federal Contract Tower,0,11,3,0,14,0,49,34,2,85,0,60,37,2,99,78,0,78,177
12/23/2020,FMN,NM,ASW,WE,Federal Contract Tower,0,9,3,0,12,0,10,11,0,21,0,19,14,0,33,80,0,80,113
12/24/2020,FMN,NM,ASW,WE,Federal Contract Tower,0,6,0,0,6,0,0,19,0,19,0,6,19,0,25,62,0,62,87
12/25/2020,FMN,NM,ASW,WE,Federal Contract Tower,0,3,2,0,5,0,2,3,0,5,0,5,5,0,10,2,0,2,12
12/26/2020,FMN,NM,ASW,WE,Federal Contract Tower,0,10,3,0,13,0,4,29,2,35,0,14,32,2,48,118,0,118,166
12/27/2020,FMN,NM,ASW,WE,Federal Contract Tower,0,10,1,0,11,0,3,19,0,22,0,13,20,0,33,72,0,72,105
12/28/2020,FMN,NM,ASW,WE,Federal Contract Tower,0,7,4,0,11,0,4,7,0,11,0,11,11,0,22,26,0,26,48
12/29/2020,FMN,NM,ASW,WE,Federal Contract Tower,0,12,0,0,12,0,7,18,2,27,0,19,18,2,39,40,0,40,79
12/30/2020,FMN,NM,ASW,WE,Federal Contract Tower,0,7,2,0,9,0,4,26,0,30,0,11,28,0,39,72,0,72,111
12/31/2020,FMN,NM,ASW,WE,Federal Contract Tower,0,12,1,0,13,0,3,19,0,22,0,15,20,0,35,46,0,46,81
01/01/2021,FMN,NM,ASW,WE,Federal Contract Tower,0,2,0,0,2,0,5,37,0,42,0,7,37,0,44,28,0,28,72
01/02/2021,FMN,NM,ASW,WE,Federal Contract Tower,0,6,0,0,6,0,5,53,0,58,0,11,53,0,64,132,0,132,196
01/03/2021,FMN,NM,ASW,WE,Federal Contract Tower,0,6,5,0,11,0,0,48,0,48,0,6,53,0,59,140,0,140,199
01/04/2021,FMN,NM,ASW,WE,Federal Contract Tower,0,11,0,0,11,0,8,28,0,36,0,19,28,0,47,64,0,64,111
01/05/2021,FMN,NM,ASW,WE,Federal Contract Tower,0,6,0,2,8,0,42,15,0,57,0,48,15,2,65,56,0,56,121
01/06/2021,FMN,NM,ASW,WE,Federal Contract Tower,0,7,3,0,10,0,4,28,0,32,0,11,31,0,42,112,0,112,154
01/07/2021,FMN,NM,ASW,WE,Federal Contract Tower,0,7,0,0,7,0,10,17,0,27,0,17,17,0,34,116,0,116,150
01/08/2021,FMN,NM,ASW,WE,Federal Contract Tower,0,4,0,0,4,0,40,68,3,111,0,44,68,3,115,78,18,96,211
01/09/2021,FMN,NM,ASW,WE,Federal Contract Tower,0,11,0,0,11,0,5,34,0,39,0,16,34,0,50,46,0,46,96
01/10/2021,FMN,NM,ASW,WE,Federal Contract Tower,0,2,0,0,2,0,7,17,0,24,0,9,17,0,26,42,0,42,68
01/11/2021,FMN,NM,ASW,WE,Federal Contract Tower,0,7,5,0,12,0,6,30,0,36,0,13,35,0,48,24,0,24,72
01/12/2021,FMN,NM,ASW,WE,Federal Contract Tower,0,15,0,0,15,0,17,21,0,38,0,32,21,0,53,32,0,32,85
01/13/2021,FMN,NM,ASW,WE,Federal Contract Tower,0,7,6,8,21,0,2,16,6,24,0,9,22,14,45,60,0,60,105
01/14/2021,FMN,NM,ASW,WE,Federal Contract Tower,0,10,0,0,10,0,4,14,0,18,0,14,14,0,28,66,0,66,94
01/15/2021,FMN,NM,ASW,WE,Federal Contract Tower,0,7,3,0,10,0,7,16,0,23,0,14,19,0,33,130,0,130,163
01/16/2021,FMN,NM,ASW,WE,Federal Contract Tower,0,9,4,0,13,0,1,28,0,29,0,10,32,0,42,52,0,52,94
01/17/2021,FMN,NM,ASW,WE,Federal Contract Tower,0,5,9,0,14,0,0,11,0,11,0,5,20,0,25,124,0,124,149
01/18/2021,FMN,NM,ASW,WE,Federal Contract Tower,0,17,1,0,18,0,6,26,0,32,0,23,27,0,50,138,0,138,188
01/19/2021,FMN,NM,ASW,WE,Federal Contract Tower,0,10,0,0,10,0,0,1,0,1,0,10,1,0,11,0,0,0,11
01/20/2021,FMN,NM,ASW,WE,Federal Contract Tower,0,9,3,1,13,0,5,54,1,60,0,14,57,2,73,110,0,110,183
01/21/2021,FMN,NM,ASW,WE,Federal Contract Tower,0,5,1,1,7,0,10,20,1,31,0,15,21,2,38,36,0,36,74
01/22/2021,FMN,NM,ASW,WE,Federal Contract Tower,0,15,1,0,16,0,3,17,2,22,0,18,18,2,38,0,24,24,62
01/23/2021,FMN,NM,ASW,WE,Federal Contract Tower,0,11,4,0,15,0,6,19,0,25,0,17,23,0,40,30,0,30,70
01/24/2021,FMN,NM,ASW,WE,Federal Contract Tower,0,9,2,0,11,0,0,0,0,0,0,9,2,0,11,0,0,0,11
01/25/2021,FMN,NM,ASW,WE,Federal Contract Tower,0,9,6,2,17,0,4,15,8,27,0,13,21,10,44,26,2,28,72
01/26/2021,FMN,NM,ASW,WE,Federal Contract Tower,0,14,0,0,14,0,8,7,0,15,0,22,7,0,29,44,0,44,73
01/27/2021,FMN,NM,ASW,WE,Federal Contract Tower,0,12,1,0,13,0,7,25,0,32,0,19,26,0,45,56,0,56,101
01/28/2021,FMN,NM,ASW,WE,Federal Contract Tower,0,8,9,0,17,0,2,63,0,65,0,10,72,0,82,85,0,85,167
01/29/2021,FMN,NM,ASW,WE,Federal Contract Tower,0,8,3,0,11,0,6,21,0,27,0,14,24,0,38,24,0,24,62
01/30/2021,FMN,NM,ASW,WE,Federal Contract Tower,0,7,1,0,8,0,4,13,0,17,0,11,14,0,25,12,0,12,37
01/31/2021,FMN,NM,ASW,WE,Federal Contract Tower,0,4,2,0,6,0,4,50,0,54,0,8,52,0,60,82,0,82,142
02/01/2021,FMN,NM,ASW,WE,Federal Contract Tower,0,11,1,0,12,0,2,34,0,36,0,13,35,0,48,94,0,94,142
02/02/2021,FMN,NM,ASW,WE,Federal Contract Tower,0,9,1,2,12,0,21,19,0,40,0,30,20,2,52,36,0,36,88
02/03/2021,FMN,NM,ASW,WE,Federal Contract Tower,0,10,3,0,13,0,1,18,0,19,0,11,21,0,32,80,0,80,112
02/04/2021,FMN,NM,ASW,WE,Federal Contract Tower,0,12,2,0,14,0,26,5,0,31,0,38,7,0,45,72,0,72,117
02/05/2021,FMN,NM,ASW,WE,Federal Contract Tower,0,6,3,2,11,0,7,46,2,55,0,13,49,4,66,63,8,71,137
02/06/2021,FMN,NM,ASW,WE,Federal Contract Tower,0,12,3,0,15,0,4,39,0,43,0,16,42,0,58,36,0,36,94
02/07/2021,FMN,NM,ASW,WE,Federal Contract Tower,0,19,0,0,19,0,1,23,0,24,0,20,23,0,43,106,0,106,149
02/08/2021,FMN,NM,ASW,WE,Federal Contract Tower,0,12,0,16,28,0,4,88,0,92,0,16,88,16,120,86,0,86,206
02/09/2021,FMN,NM,ASW,WE,Federal Contract Tower,0,7,2,1,10,0,8,45,0,53,0,15,47,1,63,32,1,33,96
02/10/2021,FMN,NM,ASW,WE,Federal Contract Tower,0,11,0,0,11,0,2,15,0,17,0,13,15,0,28,90,0,90,118
02/11/2021,FMN,NM,ASW,WE,Federal Contract Tower,0,11,1,0,12,0,1,32,0,33,0,12,33,0,45,130,0,130,175
02/12/2021,FMN,NM,ASW,WE,Federal Contract Tower,0,12,7,0,19,0,2,11,0,13,0,14,18,0,32,38,0,38,70
02/13/2021,FMN,NM,ASW,WE,Federal Contract Tower,0,7,5,0,12,0,1,22,0,23,0,8,27,0,35,60,0,60,95
02/14/2021,FMN,NM,ASW,WE,Federal Contract Tower,0,11,0,0,11,0,0,0,0,0,0,11,0,0,11,0,0,0,11
02/15/2021,FMN,NM,ASW,WE,Federal Contract Tower,0,8,5,0,13,0,1,24,0,25,0,9,29,0,38,70,0,70,108
02/16/2021,FMN,NM,ASW,WE,Federal Contract Tower,0,13,0,0,13,0,14,1,0,15,0,27,1,0,28,0,0,0,28
02/17/2021,FMN,NM,ASW,WE,Federal Contract Tower,0,13,5,0,18,0,2,20,0,22,0,15,25,0,40,102,0,102,142
02/18/2021,FMN,NM,ASW,WE,Federal Contract Tower,0,5,6,2,13,0,10,28,0,38,0,15,34,2,51,36,0,36,87
02/19/2021,FMN,NM,ASW,WE,Federal Contract Tower,0,6,5,0,11,0,1,33,0,34,0,7,38,0,45,16,0,16,61
02/20/2021,FMN,NM,ASW,WE,Federal Contract Tower,0,6,9,2,17,0,3,45,0,48,0,9,54,2,65,130,0,130,195
02/21/2021,FMN,NM,ASW,WE,Federal Contract Tower,0,14,2,0,16,0,6,19,0,25,0,20,21,0,41,70,10,80,121
02/22/2021,FMN,NM,ASW,WE,Federal Contract Tower,0,6,2,1,9,0,4,21,1,26,0,10,23,2,35,46,4,50,85
02/23/2021,FMN,NM,ASW,WE,Federal Contract Tower,0,8,2,2,12,0,15,30,0,45,0,23,32,2,57,96,2,98,155
02/24/2021,FMN,NM,ASW,WE,Federal Contract Tower,0,6,5,0,11,0,4,33,0,37,0,10,38,0,48,106,0,106,154
02/25/2021,FMN,NM,ASW,WE,Federal Contract Tower,0,13,1,0,14,0,4,42,0,46,0,17,43,0,60,124,0,124,184
02/26/2021,FMN,NM,ASW,WE,Federal Contract Tower,0,11,3,2,16,0,6,36,0,42,0,17,39,2,58,0,0,0,58
02/27/2021,FMN,NM,ASW,WE,Federal Contract Tower,0,7,1,0,8,0,7,34,0,41,0,14,35,0,49,72,0,72,121
02/28/2021,FMN,NM,ASW,WE,Federal Contract Tower,0,10,0,0,10,0,8,30,0,38,0,18,30,0,48,74,0,74,122
03/01/2021,FMN,NM,ASW,WE,Federal Contract Tower,0,6,4,0,10,0,7,65,0,72,0,13,69,0,82,18,0,18,100
03/02/2021,FMN,NM,ASW,WE,Federal Contract Tower,0,12,0,2,14,0,68,31,0,99,0,80,31,2,113,80,0,80,193
03/03/2021,FMN,NM,ASW,WE,Federal Contract Tower,0,4,3,0,7,0,8,49,0,57,0,12,52,0,64,96,0,96,160
03/04/2021,FMN,NM,ASW,WE,Federal Contract Tower,0,9,4,0,13,0,4,0,0,4,0,13,4,0,17,0,0,0,17
03/05/2021,FMN,NM,ASW,WE,Federal Contract Tower,0,12,9,2,23,0,7,50,2,59,0,19,59,4,82,182,8,190,272
03/06/2021,FMN,NM,ASW,WE,Federal Contract Tower,0,10,7,0,17,0,2,41,0,43,0,12,48,0,60,112,0,112,172
03/07/2021,FMN,NM,ASW,WE,Federal Contract Tower,0,7,5,0,12,0,7,42,0,49,0,14,47,0,61,8,0,8,69
03/08/2021,FMN,NM,ASW,WE,Federal Contract Tower,0,5,1,0,6,0,5,28,0,33,0,10,29,0,39,20,0,20,59
03/09/2021,FMN,NM,ASW,WE,Federal Contract Tower,0,5,3,0,8,0,6,22,0,28,0,11,25,0,36,16,0,16,52
03/10/2021,FMN,NM,ASW,WE,Federal Contract Tower,0,10,2,0,12,0,2,13,1,16,0,12,15,1,28,12,0,12,40
03/11/2021,FMN,NM,ASW,WE,Federal Contract Tower,0,15,2,0,17,0,2,27,0,29,0,17,29,0,46,95,0,95,141
03/12/2021,FMN,NM,ASW,WE,Federal Contract Tower,0,7,10,0,17,0,1,35,2,38,0,8,45,2,55,102,14,116,171
03/13/2021,FMN,NM,ASW,WE,Federal Contract Tower,0,7,20,0,27,0,0,6,0,6,0,7,26,0,33,0,0,0,33
03/14/2021,FMN,NM,ASW,WE,Federal Contract Tower,0,10,16,0,26,0,0,3,0,3,0,10,19,0,29,0,0,0,29
03/15/2021,FMN,NM,ASW,WE,Federal Contract Tower,0,15,5,0,20,0,7,53,4,64,0,22,58,4,84,70,16,86,170
03/16/2021,FMN,NM,ASW,WE,Federal Contract Tower,0,9,0,0,9,0,4,12,0,16,0,13,12,0,25,20,0,20,45
03/17/2021,FMN,NM,ASW,WE,Federal Contract Tower,0,9,7,0,16,0,5,23,0,28,0,14,30,0,44,60,0,60,104
03/18/2021,FMN,NM,ASW,WE,Federal Contract Tower,0,10,0,0,10,0,6,41,0,47,0,16,41,0,57,12,0,12,69
03/19/2021,FMN,NM,ASW,WE,Federal Contract Tower,0,6,2,0,8,0,7,40,2,49,0,13,42,2,57,28,20,48,105
03/20/2021,FMN,NM,ASW,WE,Federal Contract Tower,1,7,4,0,12,0,1,34,1,36,1,8,38,1,48,48,0,48,96
03/21/2021,FMN,NM,ASW,WE,Federal Contract Tower,0,5,2,6,13,0,4,19,0,23,0,9,21,6,36,12,12,24,60
03/22/2021,FMN,NM,ASW,WE,Federal Contract Tower,0,4,6,0,10,0,8,7,2,17,0,12,13,2,27,12,8,20,47
03/23/2021,FMN,NM,ASW,WE,Federal Contract Tower,0,10,0,0,10,0,7,20,0,27,0,17,20,0,37,40,0,40,77
03/24/2021,FMN,NM,ASW,WE,Federal Contract Tower,0,13,6,0,19,0,1,3,0,4,0,14,9,0,23,0,0,0,23
03/25/2021,FMN,NM,ASW,WE,Federal Contract Tower,0,8,3,0,11,0,5,57,0,62,0,13,60,0,73,58,0,58,131
03/26/2021,FMN,NM,ASW,WE,Federal Contract Tower,0,17,13,0,30,0,7,8,0,15,0,24,21,0,45,10,0,10,55
03/27/2021,FMN,NM,ASW,WE,Federal Contract Tower,0,8,7,2,17,0,8,56,1,65,0,16,63,3,82,72,6,78,160
03/28/2021,FMN,NM,ASW,WE,Federal Contract Tower,0,6,3,0,9,0,21,52,0,73,0,27,55,0,82,116,0,116,198
03/29/2021,FMN,NM,ASW,WE,Federal Contract Tower,0,16,7,8,31,0,8,64,8,80,0,24,71,16,111,74,30,104,215
03/30/2021,FMN,NM,ASW,WE,Federal Contract Tower,0,6,0,0,6,0,49,20,0,69,0,55,20,0,75,60,0,60,135
03/31/2021,FMN,NM,ASW,WE,Federal Contract Tower,0,7,3,0,10,0,3,44,0,47,0,10,47,0,57,126,0,126,183
04/01/2021,FMN,NM,ASW,WE,Federal Contract Tower,0,12,3,0,15,0,6,35,0,41,0,18,38,0,56,48,0,48,104
04/02/2021,FMN,NM,ASW,WE,Federal Contract Tower,0,13,6,0,19,0,2,37,2,41,0,15,43,2,60,90,8,98,158
04/03/2021,FMN,NM,ASW,WE,Federal Contract Tower,0,8,0,0,8,0,1,55,1,57,0,9,55,1,65,92,0,92,157
04/04/2021,FMN,NM,ASW,WE,Federal Contract Tower,0,7,0,0,7,0,9,20,1,30,0,16,20,1,37,44,2,46,83
04/05/2021,FMN,NM,ASW,WE,Federal Contract Tower,0,9,7,0,16,0,7,31,0,38,0,16,38,0,54,20,0,20,74
04/06/2021,FMN,NM,ASW,WE,Federal Contract Tower,0,10,1,0,11,0,25,13,0,38,0,35,14,0,49,30,0,30,79
04/07/2021,FMN,NM,ASW,WE,Federal Contract Tower,0,6,0,2,8,0,2,23,6,31,0,8,23,8,39,34,12,46,85
04/08/2021,FMN,NM,ASW,WE,Federal Contract Tower,0,9,8,0,17,0,8,40,0,48,0,17,48,0,65,70,0,70,135
04/09/2021,FMN,NM,ASW,WE,Federal Contract Tower,0,12,2,3,17,0,3,64,2,69,0,15,66,5,86,92,26,118,204
04/10/2021,FMN,NM,ASW,WE,Federal Contract Tower,0,5,5,1,11,0,5,50,1,56,0,10,55,2,67,44,6,50,117
04/11/2021,FMN,NM,ASW,WE,Federal Contract Tower,0,9,2,7,18,0,4,25,0,29,0,13,27,7,47,70,36,106,153
04/12/2021,FMN,NM,ASW,WE,Federal Contract Tower,0,7,5,0,12,0,12,55,2,69,0,19,60,2,81,102,12,114,195
04/13/2021,FMN,NM,ASW,WE,Federal Contract Tower,0,17,0,0,17,0,13,14,0,27,0,30,14,0,44,50,0,50,94
04/14/2021,FMN,NM,ASW,WE,Federal Contract Tower,0,15,5,0,20,0,8,65,0,73,0,23,70,0,93,56,0,56,149
04/15/2021,FMN,NM,ASW,WE,Federal Contract Tower,0,6,5,0,11,0,10,24,0,34,0,16,29,0,45,32,0,32,77
04/16/2021,FMN,NM,ASW,WE,Federal Contract Tower,0,13,12,18,43,0,4,33,0,37,0,17,45,18,80,74,190,264,344
04/17/2021,FMN,NM,ASW,WE,Federal Contract Tower,0,11,3,0,14,0,1,8,0,9,0,12,11,0,23,0,0,0,23
04/18/2021,FMN,NM,ASW,WE,Federal Contract Tower,0,6,2,21,29,0,5,28,15,48,0,11,30,36,77,14,24,38,115
04/19/2021,FMN,NM,ASW,WE,Federal Contract Tower,0,8,5,14,27,0,6,55,0,61,0,14,60,14,88,76,4,80,168
04/20/2021,FMN,NM,ASW,WE,Federal Contract Tower,0,14,0,0,14,0,18,41,6,65,0,32,41,6,79,46,0,46,125
04/21/2021,FMN,NM,ASW,WE,Federal Contract Tower,0,22,12,0,34,0,6,25,1,32,0,28,37,1,66,52,0,52,118
04/22/2021,FMN,NM,ASW,WE,Federal Contract Tower,0,12,2,1,15,0,7,18,0,25,0,19,20,1,40,0,0,0,40
04/23/2021,FMN,NM,ASW,WE,Federal Contract Tower,0,3,6,0,9,0,0,33,5,38,0,3,39,5,47,80,12,92,139
04/24/2021,FMN,NM,ASW,WE,Federal Contract Tower,0,11,6,0,17,0,10,43,1,54,0,21,49,1,71,160,0,160,231
04/25/2021,FMN,NM,ASW,WE,Federal Contract Tower,0,6,2,0,8,0,5,37,0,42,0,11,39,0,50,60,0,60,110
04/26/2021,FMN,NM,ASW,WE,Federal Contract Tower,0,10,8,0,18,0,6,11,2,19,0,16,19,2,37,62,92,154,191
04/27/2021,FMN,NM,ASW,WE,Federal Contract Tower,0,12,0,0,12,0,20,12,0,32,0,32,12,0,44,42,0,42,86
04/28/2021,FMN,NM,ASW,WE,Federal Contract Tower,0,19,1,0,20,0,7,60,0,67,0,26,61,0,87,166,0,166,253
04/29/2021,FMN,NM,ASW,WE,Federal Contract Tower,0,8,3,1,12,0,2,35,0,37,0,10,38,1,49,68,0,68,117
04/30/2021,FMN,NM,ASW,WE,Federal Contract Tower,0,7,4,2,13,0,10,44,10,64,0,17,48,12,77,140,14,154,231
05/01/2021,FMN,NM,ASW,WE,Federal Contract Tower,0,4,1,1,6,0,7,34,0,41,0,11,35,1,47,82,0,82,129
05/02/2021,FMN,NM,ASW,WE,Federal Contract Tower,0,8,6,0,14,0,12,27,0,39,0,20,33,0,53,90,0,90,143
05/03/2021,FMN,NM,ASW,WE,Federal Contract Tower,0,9,2,0,11,0,10,32,4,46,0,19,34,4,57,74,52,126,183
05/04/2021,FMN,NM,ASW,WE,Federal Contract Tower,0,8,0,2,10,0,81,42,0,123,0,89,42,2,133,86,0,86,219
05/05/2021,FMN,NM,ASW,WE,Federal Contract Tower,0,7,3,2,12,0,6,29,0,35,0,13,32,2,47,68,4,72,119
05/06/2021,FMN,NM,ASW,WE,Federal Contract Tower,0,12,2,0,14,0,2,23,0,25,0,14,25,0,39,110,0,110,149
05/07/2021,FMN,NM,ASW,WE,Federal Contract Tower,0,13,1,2,16,0,4,22,0,26,0,17,23,2,42,36,2,38,80
05/08/2021,FMN,NM,ASW,WE,Federal Contract Tower,0,8,0,0,8,0,6,20,0,26,0,14,20,0,34,12,0,12,46
05/09/2021,FMN,NM,ASW,WE,Federal Contract Tower,0,4,4,6,14,0,11,29,4,44,0,15,33,10,58,42,18,60,118
05/10/2021,FMN,NM,ASW,WE,Federal Contract Tower,0,6,2,0,8,0,8,33,0,41,0,14,35,0,49,40,0,40,89
05/11/2021,FMN,NM,ASW,WE,Federal Contract Tower,0,11,0,0,11,0,19,29,0,48,0,30,29,0,59,42,0,42,101
05/12/2021,FMN,NM,ASW,WE,Federal Contract Tower,0,15,1,0,16,0,3,31,0,34,0,18,32,0,50,54,0,54,104
05/13/2021,FMN,NM,ASW,WE,Federal Contract Tower,0,15,2,0,17,0,2,22,0,24,0,17,24,0,41,100,0,100,141
05/14/2021,FMN,NM,ASW,WE,Federal Contract Tower,0,10,3,0,13,0,0,24,0,24,0,10,27,0,37,62,0,62,99
05/15/2021,FMN,NM,ASW,WE,Federal Contract Tower,0,7,0,0,7,0,7,46,0,53,0,14,46,0,60,124,0,124,184
05/16/2021,FMN,NM,ASW,WE,Federal Contract Tower,0,10,1,0,11,0,4,40,0,44,0,14,41,0,55,48,0,48,103
05/17/2021,FMN,NM,ASW,WE,Federal Contract Tower,0,13,5,0,18,0,4,77,30,111,0,17,82,30,129,64,58,122,251
05/18/2021,FMN,NM,ASW,WE,Federal Contract Tower,0,12,0,0,12,0,7,11,0,18,0,19,11,0,30,26,0,26,56
05/19/2021,FMN,NM,ASW,WE,Federal Contract Tower,0,7,0,0,7,0,2,32,0,34,0,9,32,0,41,60,0,60,101
05/20/2021,FMN,NM,ASW,WE,Federal Contract Tower,0,8,4,0,12,0,4,33,0,37,0,12,37,0,49,40,0,40,89
05/21/2021,FMN,NM,ASW,WE,Federal Contract Tower,0,7,2,0,9,0,2,11,0,13,0,9,13,0,22,0,0,0,22
05/22/2021,FMN,NM,ASW,WE,Federal Contract Tower,0,4,1,0,5,0,2,16,0,18,0,6,17,0,23,66,0,66,89
05/23/2021,FMN,NM,ASW,WE,Federal Contract Tower,0,5,4,0,9,0,30,34,26,90,0,35,38,26,99,22,10,32,131
05/24/2021,FMN,NM,ASW,WE,Federal Contract Tower,0,6,3,0,9,0,16,63,7,86,0,22,66,7,95,64,8,72,167
05/25/2021,FMN,NM,ASW,WE,Federal Contract Tower,0,9,0,0,9,0,26,53,0,79,0,35,53,0,88,82,0,82,170
05/26/2021,FMN,NM,ASW,WE,Federal Contract Tower,0,13,5,0,18,0,6,42,0,48,0,19,47,0,66,102,0,102,168
05/27/2021,FMN,NM,ASW,WE,Federal Contract Tower,0,6,3,0,9,0,0,69,0,69,0,6,72,0,78,154,0,154,232
05/28/2021,FMN,NM,ASW,WE,Federal Contract Tower,0,6,5,0,11,0,3,31,0,34,0,9,36,0,45,100,0,100,145
05/29/2021,FMN,NM,ASW,WE,Federal Contract Tower,0,7,5,0,12,0,3,34,0,37,0,10,39,0,49,92,0,92,141
05/30/2021,FMN,NM,ASW,WE,Federal Contract Tower,0,11,2,0,13,0,13,40,0,53,0,24,42,0,66,42,0,42,108
05/31/2021,FMN,NM,ASW,WE,Federal Contract Tower,0,6,0,0,6,0,7,25,0,32,0,13,25,0,38,36,0,36,74
06/01/2021,FMN,NM,ASW,WE,Federal Contract Tower,0,14,0,2,16,0,18,19,0,37,0,32,19,2,53,26,0,26,79
06/02/2021,FMN,NM,ASW,WE,Federal Contract Tower,0,6,3,0,9,0,6,39,0,45,0,12,42,0,54,92,0,92,146
06/03/2021,FMN,NM,ASW,WE,Federal Contract Tower,0,16,2,0,18,0,6,18,0,24,0,22,20,0,42,104,0,104,146
06/04/2021,FMN,NM,ASW,WE,Federal Contract Tower,0,7,2,0,9,0,1,21,0,22,0,8,23,0,31,68,0,68,99
06/05/2021,FMN,NM,ASW,WE,Federal Contract Tower,0,6,4,0,10,0,5,29,0,34,0,11,33,0,44,46,0,46,90
06/06/2021,FMN,NM,ASW,WE,Federal Contract Tower,0,12,8,0,20,0,4,34,0,38,0,16,42,0,58,24,0,24,82
06/07/2021,FMN,NM,ASW,WE,Federal Contract Tower,0,14,3,0,17,0,4,26,0,30,0,18,29,0,47,0,0,0,47
06/08/2021,FMN,NM,ASW,WE,Federal Contract Tower,0,12,0,0,12,0,49,30,0,79,0,61,30,0,91,56,0,56,147
06/09/2021,FMN,NM,ASW,WE,Federal Contract Tower,0,5,0,0,5,0,7,45,0,52,0,12,45,0,57,132,0,132,189
06/10/2021,FMN,NM,ASW,WE,Federal Contract Tower,0,11,1,0,12,0,6,56,0,62,0,17,57,0,74,102,0,102,176
06/11/2021,FMN,NM,ASW,WE,Federal Contract Tower,0,11,3,0,14,0,4,46,1,51,0,15,49,1,65,66,8,74,139
06/12/2021,FMN,NM,ASW,WE,Federal Contract Tower,0,4,4,0,8,0,5,38,0,43,0,9,42,0,51,66,0,66,117
06/13/2021,FMN,NM,ASW,WE,Federal Contract Tower,0,11,3,0,14,0,2,55,1,58,0,13,58,1,72,20,0,20,92
06/14/2021,FMN,NM,ASW,WE,Federal Contract Tower,0,7,0,0,7,0,9,36,0,45,0,16,36,0,52,8,0,8,60
06/15/2021,FMN,NM,ASW,WE,Federal Contract Tower,0,13,1,0,14,0,6,23,0,29,0,19,24,0,43,28,0,28,71
06/16/2021,FMN,NM,ASW,WE,Federal Contract Tower,0,9,4,0,13,0,0,36,0,36,0,9,40,0,49,74,0,74,123
06/17/2021,FMN,NM,ASW,WE,Federal Contract Tower,0,8,6,0,14,0,7,39,0,46,0,15,45,0,60,48,0,48,108
06/18/2021,FMN,NM,ASW,WE,Federal Contract Tower,0,10,7,0,17,0,8,38,0,46,0,18,45,0,63,150,0,150,213
06/19/2021,FMN,NM,ASW,WE,Federal Contract Tower,0,6,3,0,9,0,4,33,0,37,0,10,36,0,46,36,0,36,82
06/20/2021,FMN,NM,ASW,WE,Federal Contract Tower,0,4,0,0,4,0,24,14,0,38,0,28,14,0,42,8,0,8,50
06/21/2021,FMN,NM,ASW,WE,Federal Contract Tower,0,10,4,0,14,0,5,18,1,24,0,15,22,1,38,30,0,30,68
06/22/2021,FMN,NM,ASW,WE,Federal Contract Tower,0,17,0,0,17,0,8,35,0,43,0,25,35,0,60,54,0,54,114
06/23/2021,FMN,NM,ASW,WE,Federal Contract Tower,0,15,1,0,16,0,5,19,0,24,0,20,20,0,40,38,0,38,78
06/24/2021,FMN,NM,ASW,WE,Federal Contract Tower,0,6,1,0,7,0,4,43,1,48,0,10,44,1,55,162,0,162,217
06/25/2021,FMN,NM,ASW,WE,Federal Contract Tower,0,10,2,0,12,0,2,28,0,30,0,12,30,0,42,96,0,96,138
06/26/2021,FMN,NM,ASW,WE,Federal Contract Tower,0,6,2,0,8,0,4,52,0,56,0,10,54,0,64,72,0,72,136
06/27/2021,FMN,NM,ASW,WE,Federal Contract Tower,0,9,3,0,12,0,0,37,0,37,0,9,40,0,49,74,0,74,123
06/28/2021,FMN,NM,ASW,WE,Federal Contract Tower,0,9,3,0,12,0,11,47,0,58,0,20,50,0,70,64,0,64,134
06/29/2021,FMN,NM,ASW,WE,Federal Contract Tower,0,19,0,0,19,0,22,25,0,47,0,41,25,0,66,42,0,42,108
06/30/2021,FMN,NM,ASW,WE,Federal Contract Tower,0,10,8,0,18,0,2,30,0,32,0,12,38,0,50,66,0,66,116
07/01/2021,FMN,NM,ASW,WE,Federal Contract Tower,0,13,6,0,19,0,7,50,2,59,0,20,56,2,78,114,0,114,192
07/02/2021,FMN,NM,ASW,WE,Federal Contract Tower,0,12,3,0,15,0,4,46,0,50,0,16,49,0,65,100,0,100,165
07/03/2021,FMN,NM,ASW,WE,Federal Contract Tower,0,9,3,0,12,0,4,65,0,69,0,13,68,0,81,154,0,154,235
07/04/2021,FMN,NM,ASW,WE,Federal Contract Tower,0,8,0,0,8,0,6,33,0,39,0,14,33,0,47,52,0,52,99
07/05/2021,FMN,NM,ASW,WE,Federal Contract Tower,0,9,1,0,10,0,4,64,0,68,0,13,65,0,78,62,0,62,140
07/06/2021,FMN,NM,ASW,WE,Federal Contract Tower,0,2,0,0,2,0,24,40,0,64,0,26,40,0,66,46,0,46,112
07/07/2021,FMN,NM,ASW,WE,Federal Contract Tower,0,6,1,0,7,0,6,61,0,67,0,12,62,0,74,131,0,131,205
07/08/2021,FMN,NM,ASW,WE,Federal Contract Tower,0,10,2,0,12,0,4,63,0,67,0,14,65,0,79,116,0,116,195
07/09/2021,FMN,NM,ASW,WE,Federal Contract Tower,0,5,2,0,7,0,6,46,0,52,0,11,48,0,59,109,0,109,168
07/10/2021,FMN,NM,ASW,WE,Federal Contract Tower,0,9,3,0,12,0,6,26,0,32,0,15,29,0,44,85,0,85,129
07/11/2021,FMN,NM,ASW,WE,Federal Contract Tower,0,6,0,0,6,0,5,43,0,48,0,11,43,0,54,58,0,58,112
07/12/2021,FMN,NM,ASW,WE,Federal Contract Tower,0,11,0,0,11,0,13,46,2,61,0,24,46,2,72,78,16,94,166
07/13/2021,FMN,NM,ASW,WE,Federal Contract Tower,0,8,0,0,8,0,57,20,0,77,0,65,20,0,85,92,0,92,177
07/14/2021,FMN,NM,ASW,WE,Federal Contract Tower,0,4,1,0,5,0,17,35,0,52,0,21,36,0,57,178,0,178,235
07/15/2021,FMN,NM,ASW,WE,Federal Contract Tower,0,16,5,0,21,0,8,50,0,58,0,24,55,0,79,90,0,90,169
07/16/2021,FMN,NM,ASW,WE,Federal Contract Tower,0,7,2,0,9,0,3,43,0,46,0,10,45,0,55,82,0,82,137
07/17/2021,FMN,NM,ASW,WE,Federal Contract Tower,0,3,2,0,5,0,5,53,0,58,0,8,55,0,63,118,0,118,181
07/18/2021,FMN,NM,ASW,WE,Federal Contract Tower,0,5,2,0,7,0,4,43,0,47,0,9,45,0,54,48,0,48,102
07/19/2021,FMN,NM,ASW,WE,Federal Contract Tower,0,11,2,0,13,0,6,70,0,76,0,17,72,0,89,54,0,54,143
07/20/2021,FMN,NM,ASW,WE,Federal Contract Tower,0,9,0,0,9,0,24,28,0,52,0,33,28,0,61,84,0,84,145
07/21/2021,FMN,NM,ASW,WE,Federal Contract Tower,0,8,0,0,8,0,6,36,1,43,0,14,36,1,51,58,0,58,109
07/22/2021,FMN,NM,ASW,WE,Federal Contract Tower,0,7,10,0,17,0,13,24,0,37,0,20,34,0,54,142,0,142,196
07/23/2021,FMN,NM,ASW,WE,Federal Contract Tower,0,6,2,0,8,0,4,33,0,37,0,10,35,0,45,106,0,106,151
07/24/2021,FMN,NM,ASW,WE,Federal Contract Tower,0,12,1,0,13,0,7,49,0,56,0,19,50,0,69,64,0,64,133
07/25/2021,FMN,NM,ASW,WE,Federal Contract Tower,0,9,4,0,13,0,6,13,0,19,0,15,17,0,32,6,0,6,38
07/26/2021,FMN,NM,ASW,WE,Federal Contract Tower,0,19,3,0,22,0,16,73,0,89,0,35,76,0,111,112,0,112,223
07/27/2021,FMN,NM,ASW,WE,Federal Contract Tower,0,13,0,0,13,0,14,33,0,47,0,27,33,0,60,36,0,36,96
07/28/2021,FMN,NM,ASW,WE,Federal Contract Tower,0,14,2,1,17,0,4,74,4,82,0,18,76,5,99,92,0,92,191
07/29/2021,FMN,NM,ASW,WE,Federal Contract Tower,0,4,6,0,10,0,14,35,0,49,0,18,41,0,59,100,0,100,159
07/30/2021,FMN,NM,ASW,WE,Federal Contract Tower,0,7,7,0,14,0,1,35,0,36,0,8,42,0,50,104,0,104,154
07/31/2021,FMN,NM,ASW,WE,Federal Contract Tower,0,10,0,0,10,0,5,58,3,66,0,15,58,3,76,120,0,120,196
08/01/2021,FMN,NM,ASW,WE,Federal Contract Tower,0,10,3,0,13,0,12,29,0,41,0,22,32,0,54,102,0,102,156
08/02/2021,FMN,NM,ASW,WE,Federal Contract Tower,0,12,0,0,12,0,10,29,0,39,0,22,29,0,51,26,0,26,77
08/03/2021,FMN,NM,ASW,WE,Federal Contract Tower,0,9,0,0,9,0,6,19,6,31,0,15,19,6,40,26,0,26,66
08/04/2021,FMN,NM,ASW,WE,Federal Contract Tower,0,7,1,0,8,0,8,32,1,41,0,15,33,1,49,86,0,86,135
08/05/2021,FMN,NM,ASW,WE,Federal Contract Tower,0,7,2,0,9,0,1,27,0,28,0,8,29,0,37,72,0,72,109
08/06/2021,FMN,NM,ASW,WE,Federal Contract Tower,0,6,3,0,9,0,5,37,1,43,0,11,40,1,52,75,8,83,135
08/07/2021,FMN,NM,ASW,WE,Federal Contract Tower,0,4,6,4,14,0,4,24,0,28,0,8,30,4,42,96,0,96,138
08/08/2021,FMN,NM,ASW,WE,Federal Contract Tower,0,8,0,0,8,0,13,9,0,22,0,21,9,0,30,60,0,60,90
08/09/2021,FMN,NM,ASW,WE,Federal Contract Tower,0,4,0,0,4,0,9,24,0,33,0,13,24,0,37,48,0,48,85
08/10/2021,FMN,NM,ASW,WE,Federal Contract Tower,0,8,1,0,9,0,1,33,0,34,0,9,34,0,43,28,0,28,71
08/11/2021,FMN,NM,ASW,WE,Federal Contract Tower,0,9,4,0,13,0,10,35,0,45,0,19,39,0,58,120,0,120,178
08/12/2021,FMN,NM,ASW,WE,Federal Contract Tower,0,10,5,0,15,0,10,44,0,54,0,20,49,0,69,124,0,124,193
08/13/2021,FMN,NM,ASW,WE,Federal Contract Tower,0,6,1,0,7,0,7,30,0,37,0,13,31,0,44,104,0,104,148
08/14/2021,FMN,NM,ASW,WE,Federal Contract Tower,0,5,1,0,6,0,7,39,0,46,0,12,40,0,52,66,0,66,118
08/15/2021,FMN,NM,ASW,WE,Federal Contract Tower,0,3,1,0,4,0,1,30,0,31,0,4,31,0,35,114,0,114,149
08/16/2021,FMN,NM,ASW,WE,Federal Contract Tower,0,7,1,0,8,0,14,8,0,22,0,21,9,0,30,76,0,76,106
08/17/2021,FMN,NM,ASW,WE,Federal Contract Tower,0,10,0,0,10,0,48,43,6,97,0,58,43,6,107,102,0,102,209
08/18/2021,FMN,NM,ASW,WE,Federal Contract Tower,0,8,3,0,11,0,6,21,0,27,0,14,24,0,38,108,0,108,146
08/19/2021,FMN,NM,ASW,WE,Federal Contract Tower,0,12,7,0,19,0,0,58,0,58,0,12,65,0,77,58,0,58,135
08/20/2021,FMN,NM,ASW,WE,Federal Contract Tower,0,12,0,0,12,0,3,62,2,67,0,15,62,2,79,100,18,118,197
08/21/2021,FMN,NM,ASW,WE,Federal Contract Tower,0,8,0,0,8,0,4,51,0,55,0,12,51,0,63,88,0,88,151
08/22/2021,FMN,NM,ASW,WE,Federal Contract Tower,0,7,1,0,8,0,0,41,0,41,0,7,42,0,49,98,0,98,147
08/23/2021,FMN,NM,ASW,WE,Federal Contract Tower,0,9,3,0,12,0,13,43,0,56,0,22,46,0,68,52,0,52,120
08/24/2021,FMN,NM,ASW,WE,Federal Contract Tower,0,10,0,0,10,0,26,76,0,102,0,36,76,0,112,116,0,116,228
08/25/2021,FMN,NM,ASW,WE,Federal Contract Tower,0,9,1,0,10,0,3,60,4,67,0,12,61,4,77,214,0,214,291
08/26/2021,FMN,NM,ASW,WE,Federal Contract Tower,0,5,1,0,6,0,8,18,0,26,0,13,19,0,32,160,0,160,192
08/27/2021,FMN,NM,ASW,WE,Federal Contract Tower,0,12,5,0,17,0,6,40,0,46,0,18,45,0,63,52,0,52,115
08/28/2021,FMN,NM,ASW,WE,Federal Contract Tower,0,5,1,0,6,0,9,43,0,52,0,14,44,0,58,164,0,164,222
08/29/2021,FMN,NM,ASW,WE,Federal Contract Tower,0,9,1,0,10,0,23,28,0,51,0,32,29,0,61,160,0,160,221
08/30/2021,FMN,NM,ASW,WE,Federal Contract Tower,0,5,0,0,5,0,17,33,15,65,0,22,33,15,70,76,18,94,164
08/31/2021,FMN,NM,ASW,WE,Federal Contract Tower,0,7,3,0,10,0,10,39,2,51,0,17,42,2,61,94,0,94,155
09/01/2021,FMN,NM,ASW,WE,Federal Contract Tower,0,7,2,0,9,0,7,9,0,16,0,14,11,0,25,44,0,44,69
09/02/2021,FMN,NM,ASW,WE,Federal Contract Tower,0,6,3,0,9,0,5,32,0,37,0,11,35,0,46,66,0,66,112
09/03/2021,FMN,NM,ASW,WE,Federal Contract Tower,0,11,4,0,15,0,10,43,0,53,0,21,47,0,68,108,0,108,176
09/04/2021,FMN,NM,ASW,WE,Federal Contract Tower,0,5,4,0,9,0,6,45,0,51,0,11,49,0,60,138,0,138,198
09/05/2021,FMN,NM,ASW,WE,Federal Contract Tower,0,5,1,0,6,0,0,41,0,41,0,5,42,0,47,80,0,80,127
09/06/2021,FMN,NM,ASW,WE,Federal Contract Tower,0,4,2,0,6,0,3,30,0,33,0,7,32,0,39,14,0,14,53
09/07/2021,FMN,NM,ASW,WE,Federal Contract Tower,0,5,2,0,7,0,39,46,0,85,0,44,48,0,92,64,0,64,156
09/08/2021,FMN,NM,ASW,WE,Federal Contract Tower,0,11,3,0,14,0,4,41,0,45,0,15,44,0,59,96,0,96,155
09/09/2021,FMN,NM,ASW,WE,Federal Contract Tower,0,4,0,0,4,0,2,29,2,33,0,6,29,2,37,68,0,68,105
09/10/2021,FMN,NM,ASW,WE,Federal Contract Tower,0,7,4,2,13,0,9,38,0,47,0,16,42,2,60,34,0,34,94
09/11/2021,FMN,NM,ASW,WE,Federal Contract Tower,0,9,4,0,13,0,8,33,0,41,0,17,37,0,54,44,0,44,98
09/12/2021,FMN,NM,ASW,WE,Federal Contract Tower,0,2,3,0,5,0,9,23,0,32,0,11,26,0,37,86,0,86,123
09/13/2021,FMN,NM,ASW,WE,Federal Contract Tower,0,4,3,0,7,0,16,36,2,54,0,20,39,2,61,132,0,132,193
09/14/2021,FMN,NM,ASW,WE,Federal Contract Tower,0,12,0,0,12,0,10,33,0,43,0,22,33,0,55,44,0,44,99
09/15/2021,FMN,NM,ASW,WE,Federal Contract Tower,0,6,1,0,7,0,12,32,0,44,0,18,33,0,51,114,0,114,165
09/16/2021,FMN,NM,ASW,WE,Federal Contract Tower,0,8,4,0,12,0,4,34,0,38,0,12,38,0,50,122,0,122,172
09/17/2021,FMN,NM,ASW,WE,Federal Contract Tower,0,10,4,2,16,0,3,42,2,47,0,13,46,4,63,48,0,48,111
09/18/2021,FMN,NM,ASW,WE,Federal Contract Tower,0,12,2,0,14,0,1,41,0,42,0,13,43,0,56,50,0,50,106
09/19/2021,FMN,NM,ASW,WE,Federal Contract Tower,0,14,3,0,17,0,10,50,0,60,0,24,53,0,77,48,22,70,147
09/20/2021,FMN,NM,ASW,WE,Federal Contract Tower,0,3,0,5,8,0,6,45,2,53,0,9,45,7,61,60,0,60,121
09/21/2021,FMN,NM,ASW,WE,Federal Contract Tower,0,5,1,0,6,0,32,52,0,84,0,37,53,0,90,102,0,102,192
09/22/2021,FMN,NM,ASW,WE,Federal Contract Tower,0,7,3,0,10,0,11,28,0,39,0,18,31,0,49,48,0,48,97
09/23/2021,FMN,NM,ASW,WE,Federal Contract Tower,0,12,2,3,17,0,3,33,3,39,0,15,35,6,56,130,0,130,186
09/24/2021,FMN,NM,ASW,WE,Federal Contract Tower,0,6,3,0,9,0,2,29,0,31,0,8,32,0,40,86,0,86,126
09/25/2021,FMN,NM,ASW,WE,Federal Contract Tower,0,4,6,0,10,0,3,43,0,46,0,7,49,0,56,80,0,80,136
09/26/2021,FMN,NM,ASW,WE,Federal Contract Tower,0,5,4,0,9,0,9,36,0,45,0,14,40,0,54,42,0,42,96
09/27/2021,FMN,NM,ASW,WE,Federal Contract Tower,0,12,4,0,16,0,6,33,0,39,0,18,37,0,55,36,0,36,91
09/28/2021,FMN,NM,ASW,WE,Federal Contract Tower,0,13,4,0,17,0,19,31,0,50,0,32,35,0,67,80,0,80,147
09/29/2021,FMN,NM,ASW,WE,Federal Contract Tower,0,10,4,0,14,0,1,22,0,23,0,11,26,0,37,80,0,80,117
09/30/2021,FMN,NM,ASW,WE,Federal Contract Tower,0,10,3,0,13,0,0,26,0,26,0,10,29,0,39,136,0,136,175
10/01/2021,FMN,NM,ASW,WE,Federal Contract Tower,0,17,6,0,23,0,0,48,0,48,0,17,54,0,71,92,0,92,163
10/02/2021,FMN,NM,ASW,WE,Federal Contract Tower,0,6,5,0,11,0,3,51,0,54,0,9,56,0,65,120,0,120,185
10/03/2021,FMN,NM,ASW,WE,Federal Contract Tower,0,11,0,4,15,0,0,0,0,0,0,11,0,4,15,62,20,82,97
10/04/2021,FMN,NM,ASW,WE,Federal Contract Tower,0,5,0,4,9,0,5,62,0,67,0,10,62,4,76,40,28,68,144
10/05/2021,FMN,NM,ASW,WE,Federal Contract Tower,0,9,0,0,9,0,8,20,0,28,0,17,20,0,37,22,0,22,59
10/06/2021,FMN,NM,ASW,WE,Federal Contract Tower,0,5,2,0,7,0,7,28,0,35,0,12,30,0,42,90,0,90,132
10/07/2021,FMN,NM,ASW,WE,Federal Contract Tower,0,9,3,0,12,0,5,42,0,47,0,14,45,0,59,146,0,146,205
10/08/2021,FMN,NM,ASW,WE,Federal Contract Tower,0,7,1,0,8,0,3,37,0,40,0,10,38,0,48,102,0,102,150
10/09/2021,FMN,NM,ASW,WE,Federal Contract Tower,0,4,0,0,4,0,6,22,0,28,0,10,22,0,32,68,0,68,100
10/10/2021,FMN,NM,ASW,WE,Federal Contract Tower,0,5,0,0,5,0,3,41,0,44,0,8,41,0,49,46,0,46,95
10/11/2021,FMN,NM,ASW,WE,Federal Contract Tower,0,4,5,0,9,0,7,26,0,33,0,11,31,0,42,40,0,40,82
10/12/2021,FMN,NM,ASW,WE,Federal Contract Tower,0,14,0,0,14,0,19,1,0,20,0,33,1,0,34,24,0,24,58
10/13/2021,FMN,NM,ASW,WE,Federal Contract Tower,0,10,6,0,16,0,2,0,0,2,0,12,6,0,18,102,0,102,120
10/14/2021,FMN,NM,ASW,WE,Federal Contract Tower,0,10,4,0,14,0,3,28,0,31,0,13,32,0,45,58,0,58,103
10/15/2021,FMN,NM,ASW,WE,Federal Contract Tower,0,4,3,0,7,0,3,46,2,51,0,7,49,2,58,72,0,72,130
10/16/2021,FMN,NM,ASW,WE,Federal Contract Tower,0,3,5,0,8,0,9,43,2,54,0,12,48,2,62,42,0,42,104
10/17/2021,FMN,NM,ASW,WE,Federal Contract Tower,0,4,3,0,7,0,1,44,0,45,0,5,47,0,52,28,0,28,80
10/18/2021,FMN,NM,ASW,WE,Federal Contract Tower,0,7,4,0,11,0,1,31,0,32,0,8,35,0,43,8,0,8,51
10/19/2021,FMN,NM,ASW,WE,Federal Contract Tower,0,1,0,0,1,0,1,0,0,1,0,2,0,0,2,0,0,0,2
10/20/2021,FMN,NM,ASW,WE,Federal Contract Tower,0,0,0,0,0,0,0,2,0,2,0,0,2,0,2,0,0,0,2
10/21/2021,FMN,NM,ASW,WE,Federal Contract Tower,0,0,0,0,0,0,12,0,0,12,0,12,0,0,12,0,0,0,12
10/22/2021,FMN,NM,ASW,WE,Federal Contract Tower,0,11,3,0,14,0,0,47,1,48,0,11,50,1,62,34,6,40,102
10/23/2021,FMN,NM,ASW,WE,Federal Contract Tower,0,7,1,0,8,0,2,35,0,37,0,9,36,0,45,20,0,20,65
10/24/2021,FMN,NM,ASW,WE,Federal Contract Tower,0,4,5,0,9,0,2,36,0,38,0,6,41,0,47,78,0,78,125
10/25/2021,FMN,NM,ASW,WE,Federal Contract Tower,0,2,4,3,9,0,4,20,1,25,0,6,24,4,34,48,0,48,82
10/26/2021,FMN,NM,ASW,WE,Federal Contract Tower,0,10,0,0,10,0,6,2,0,8,0,16,2,0,18,0,0,0,18
10/27/2021,FMN,NM,ASW,WE,Federal Contract Tower,0,15,1,0,16,0,10,16,0,26,0,25,17,0,42,12,0,12,54
10/28/2021,FMN,NM,ASW,WE,Federal Contract Tower,0,9,1,0,10,0,12,69,0,81,0,21,70,0,91,192,0,192,283
10/29/2021,FMN,NM,ASW,WE,Federal Contract Tower,0,4,4,0,8,0,6,56,0,62,0,10,60,0,70,66,0,66,136
10/30/2021,FMN,NM,ASW,WE,Federal Contract Tower,0,8,4,0,12,0,6,51,0,57,0,14,55,0,69,102,0,102,171
10/31/2021,FMN,NM,ASW,WE,Federal Contract Tower,0,1,1,1,3,0,1,28,0,29,0,2,29,1,32,64,0,64,96
11/01/2021,FMN,NM,ASW,WE,Federal Contract Tower,0,5,8,0,13,0,2,34,0,36,0,7,42,0,49,66,0,66,115
11/02/2021,FMN,NM,ASW,WE,Federal Contract Tower,0,9,0,0,9,0,20,19,2,41,0,29,19,2,50,46,20,66,116
11/03/2021,FMN,NM,ASW,WE,Federal Contract Tower,0,4,0,2,6,0,5,45,0,50,0,9,45,2,56,24,0,24,80
11/04/2021,FMN,NM,ASW,WE,Federal Contract Tower,0,5,5,0,10,0,1,35,0,36,0,6,40,0,46,56,0,56,102
11/05/2021,FMN,NM,ASW,WE,Federal Contract Tower,0,5,6,0,11,0,8,24,4,36,0,13,30,4,47,26,0,26,73
11/06/2021,FMN,NM,ASW,WE,Federal Contract Tower,0,7,1,2,10,0,4,39,2,45,0,11,40,4,55,62,0,62,117
11/07/2021,FMN,NM,ASW,WE,Federal Contract Tower,0,2,2,6,10,0,16,23,0,39,0,18,25,6,49,58,0,58,107
11/08/2021,FMN,NM,ASW,WE,Federal Contract Tower,0,4,1,2,7,0,7,28,0,35,0,11,29,2,42,20,2,22,64
11/09/2021,FMN,NM,ASW,WE,Federal Contract Tower,0,14,0,0,14,0,20,27,0,47,0,34,27,0,61,62,0,62,123
11/10/2021,FMN,NM,ASW,WE,Federal Contract Tower,0,12,6,0,18,0,2,26,0,28,0,14,32,0,46,68,0,68,114
11/11/2021,FMN,NM,ASW,WE,Federal Contract Tower,0,6,3,0,9,0,3,26,0,29,0,9,29,0,38,64,0,64,102
11/12/2021,FMN,NM,ASW,WE,Federal Contract Tower,0,7,1,0,8,0,5,28,0,33,0,12,29,0,41,36,0,36,77
11/13/2021,FMN,NM,ASW,WE,Federal Contract Tower,0,7,4,0,11,0,5,30,0,35,0,12,34,0,46,44,0,44,90
11/14/2021,FMN,NM,ASW,WE,Federal Contract Tower,0,4,2,8,14,0,5,45,0,50,0,9,47,8,64,78,0,78,142
11/15/2021,FMN,NM,ASW,WE,Federal Contract Tower,0,7,2,0,9,0,8,47,0,55,0,15,49,0,64,124,0,124,188
11/16/2021,FMN,NM,ASW,WE,Federal Contract Tower,0,6,5,0,11,0,1,23,13,37,0,7,28,13,48,98,0,98,146
11/17/2021,FMN,NM,ASW,WE,Federal Contract Tower,0,7,1,0,8,0,3,25,17,45,0,10,26,17,53,12,0,12,65
11/18/2021,FMN,NM,ASW,WE,Federal Contract Tower,0,13,5,0,18,0,10,48,0,58,0,23,53,0,76,12,0,12,88
11/19/2021,FMN,NM,ASW,WE,Federal Contract Tower,0,6,6,0,12,0,3,51,3,57,0,9,57,3,69,130,2,132,201
11/20/2021,FMN,NM,ASW,WE,Federal Contract Tower,0,4,0,0,4,0,8,35,5,48,0,12,35,5,52,172,0,172,224
11/21/2021,FMN,NM,ASW,WE,Federal Contract Tower,0,3,0,0,3,0,5,24,0,29,0,8,24,0,32,68,0,68,100
11/22/2021,FMN,NM,ASW,WE,Federal Contract Tower,0,7,6,0,13,0,6,31,0,37,0,13,37,0,50,90,0,90,140
11/23/2021,FMN,NM,ASW,WE,Federal Contract Tower,0,14,0,4,18,0,4,39,0,43,0,18,39,4,61,70,12,82,143
11/24/2021,FMN,NM,ASW,WE,Federal Contract Tower,0,13,3,0,16,0,0,11,0,11,0,13,14,0,27,20,0,20,47
11/25/2021,FMN,NM,ASW,WE,Federal Contract Tower,0,5,3,0,8,0,0,15,0,15,0,5,18,0,23,10,0,10,33
11/26/2021,FMN,NM,ASW,WE,Federal Contract Tower,0,6,1,0,7,0,1,23,0,24,0,7,24,0,31,36,0,36,67
11/27/2021,FMN,NM,ASW,WE,Federal Contract Tower,0,3,1,2,6,0,5,44,1,50,0,8,45,3,56,72,4,76,132
11/28/2021,FMN,NM,ASW,WE,Federal Contract Tower,0,8,4,0,12,0,1,19,0,20,0,9,23,0,32,54,0,54,86
11/29/2021,FMN,NM,ASW,WE,Federal Contract Tower,0,2,2,2,6,0,8,25,2,35,0,10,27,4,41,32,0,32,73
11/30/2021,FMN,NM,ASW,WE,Federal Contract Tower,0,7,0,0,7,0,9,40,0,49,0,16,40,0,56,68,0,68,124
12/01/2021,FMN,NM,ASW,WE,Federal Contract Tower,0,3,1,0,4,0,7,33,0,40,0,10,34,0,44,90,0,90,134
12/02/2021,FMN,NM,ASW,WE,Federal Contract Tower,0,9,2,0,11,0,4,39,2,45,0,13,41,2,56,124,0,124,180
12/03/2021,FMN,NM,ASW,WE,Federal Contract Tower,0,9,1,0,10,0,6,28,2,36,0,15,29,2,46,36,0,36,82
12/04/2021,FMN,NM,ASW,WE,Federal Contract Tower,0,7,5,0,12,0,1,44,0,45,0,8,49,0,57,92,0,92,149
12/05/2021,FMN,NM,ASW,WE,Federal Contract Tower,0,2,5,4,11,0,10,27,6,43,0,12,32,10,54,20,6,26,80
12/06/2021,FMN,NM,ASW,WE,Federal Contract Tower,0,3,4,0,7,0,12,59,0,71,0,15,63,0,78,104,0,104,182
12/07/2021,FMN,NM,ASW,WE,Federal Contract Tower,0,10,1,0,11,0,13,13,0,26,0,23,14,0,37,28,0,28,65
12/08/2021,FMN,NM,ASW,WE,Federal Contract Tower,0,9,1,0,10,0,8,26,0,34,0,17,27,0,44,108,0,108,152
12/09/2021,FMN,NM,ASW,WE,Federal Contract Tower,0,12,2,0,14,0,0,19,0,19,0,12,21,0,33,24,0,24,57
12/10/2021,FMN,NM,ASW,WE,Federal Contract Tower,0,11,3,0,14,0,2,3,4,9,0,13,6,4,23,0,0,0,23
12/11/2021,FMN,NM,ASW,WE,Federal Contract Tower,0,7,6,0,13,0,6,47,0,53,0,13,53,0,66,155,0,155,221
12/12/2021,FMN,NM,ASW,WE,Federal Contract Tower,0,4,4,0,8,0,11,36,0,47,0,15,40,0,55,64,0,64,119
12/13/2021,FMN,NM,ASW,WE,Federal Contract Tower,0,5,9,4,18,0,5,51,0,56,0,10,60,4,74,128,0,128,202
12/14/2021,FMN,NM,ASW,WE,Federal Contract Tower,0,18,0,0,18,0,1,12,0,13,0,19,12,0,31,22,0,22,53
12/15/2021,FMN,NM,ASW,WE,Federal Contract Tower,0,8,0,0,8,0,12,46,0,58,0,20,46,0,66,56,0,56,122
12/16/2021,FMN,NM,ASW,WE,Federal Contract Tower,0,10,4,0,14,0,32,89,1,122,0,42,93,1,136,138,0,138,274
12/17/2021,FMN,NM,ASW,WE,Federal Contract Tower,0,10,2,0,12,0,7,40,0,47,0,17,42,0,59,82,0,82,141
12/18/2021,FMN,NM,ASW,WE,Federal Contract Tower,0,8,3,0,11,0,4,59,0,63,0,12,62,0,74,81,0,81,155
12/19/2021,FMN,NM,ASW,WE,Federal Contract Tower,0,7,0,0,7,0,2,93,0,95,0,9,93,0,102,64,2,66,168
12/20/2021,FMN,NM,ASW,WE,Federal Contract Tower,0,6,1,0,7,0,13,34,0,47,0,19,35,0,54,88,0,88,142
12/21/2021,FMN,NM,ASW,WE,Federal Contract Tower,0,10,0,2,12,0,5,21,0,26,0,15,21,2,38,52,0,52,90
12/22/2021,FMN,NM,ASW,WE,Federal Contract Tower,0,7,4,0,11,0,23,28,0,51,0,30,32,0,62,22,0,22,84
12/23/2021,FMN,NM,ASW,WE,Federal Contract Tower,0,14,2,0,16,0,9,16,0,25,0,23,18,0,41,12,0,12,53
12/24/2021,FMN,NM,ASW,WE,Federal Contract Tower,0,6,1,0,7,0,0,2,0,2,0,6,3,0,9,0,0,0,9
12/25/2021,FMN,NM,ASW,WE,Federal Contract Tower,0,7,3,0,10,0,7,3,0,10,0,14,6,0,20,0,0,0,20
12/26/2021,FMN,NM,ASW,WE,Federal Contract Tower,0,12,0,0,12,0,4,8,0,12,0,16,8,0,24,0,0,0,24
12/27/2021,FMN,NM,ASW,WE,Federal Contract Tower,0,10,12,2,24,0,8,44,7,59,0,18,56,9,83,60,0,60,143
12/28/2021,FMN,NM,ASW,WE,Federal Contract Tower,0,19,1,3,23,0,5,0,0,5,0,24,1,3,28,0,2,2,30
12/29/2021,FMN,NM,ASW,WE,Federal Contract Tower,0,12,0,0,12,0,4,5,0,9,0,16,5,0,21,0,0,0,21
12/30/2021,FMN,NM,ASW,WE,Federal Contract Tower,0,7,9,0,16,0,6,10,0,16,0,13,19,0,32,48,0,48,80
12/31/2021,FMN,NM,ASW,WE,Federal Contract Tower,0,14,0,0,14,0,2,5,0,7,0,16,5,0,21,24,0,24,45
01/01/2022,FMN,NM,ASW,WE,Federal Contract Tower,0,7,2,0,9,0,6,0,0,6,0,13,2,0,15,0,0,0,15
01/02/2022,FMN,NM,ASW,WE,Federal Contract Tower,0,7,0,2,9,0,0,26,2,28,0,7,26,4,37,80,0,80,117
01/03/2022,FMN,NM,ASW,WE,Federal Contract Tower,0,10,1,0,11,0,11,30,0,41,0,21,31,0,52,52,0,52,104
01/04/2022,FMN,NM,ASW,WE,Federal Contract Tower,0,13,0,0,13,0,2,15,0,17,0,15,15,0,30,40,0,40,70
01/05/2022,FMN,NM,ASW,WE,Federal Contract Tower,0,8,1,0,9,0,10,10,0,20,0,18,11,0,29,78,0,78,107
01/06/2022,FMN,NM,ASW,WE,Federal Contract Tower,0,7,4,0,11,0,10,17,0,27,0,17,21,0,38,0,0,0,38
01/07/2022,FMN,NM,ASW,WE,Federal Contract Tower,0,6,1,0,7,0,11,42,0,53,0,17,43,0,60,136,0,136,196
01/08/2022,FMN,NM,ASW,WE,Federal Contract Tower,0,9,3,0,12,0,2,25,2,29,0,11,28,2,41,12,24,36,77
01/09/2022,FMN,NM,ASW,WE,Federal Contract Tower,0,2,1,5,8,0,5,34,7,46,0,7,35,12,54,28,0,28,82
01/10/2022,FMN,NM,ASW,WE,Federal Contract Tower,0,2,2,0,4,0,24,27,3,54,0,26,29,3,58,76,0,76,134
01/11/2022,FMN,NM,ASW,WE,Federal Contract Tower,0,7,1,0,8,0,12,34,0,46,0,19,35,0,54,46,0,46,100
01/12/2022,FMN,NM,ASW,WE,Federal Contract Tower,0,4,0,0,4,0,5,16,0,21,0,9,16,0,25,76,0,76,101
01/13/2022,FMN,NM,ASW,WE,Federal Contract Tower,0,10,2,0,12,0,5,27,0,32,0,15,29,0,44,94,0,94,138
01/14/2022,FMN,NM,ASW,WE,Federal Contract Tower,0,17,1,1,19,0,2,27,0,29,0,19,28,1,48,12,5,17,65
01/15/2022,FMN,NM,ASW,WE,Federal Contract Tower,0,11,0,0,11,0,10,47,0,57,0,21,47,0,68,28,0,28,96
01/16/2022,FMN,NM,ASW,WE,Federal Contract Tower,0,7,0,0,7,0,0,36,0,36,0,7,36,0,43,108,0,108,151
01/17/2022,FMN,NM,ASW,WE,Federal Contract Tower,0,7,3,3,13,0,15,32,3,50,0,22,35,6,63,60,20,80,143
01/18/2022,FMN,NM,ASW,WE,Federal Contract Tower,0,9,0,1,10,0,7,22,1,30,0,16,22,2,40,40,0,40,80
01/19/2022,FMN,NM,ASW,WE,Federal Contract Tower,0,18,1,0,19,0,4,37,0,41,0,22,38,0,60,112,0,112,172
01/20/2022,FMN,NM,ASW,WE,Federal Contract Tower,0,7,0,0,7,0,6,29,0,35,0,13,29,0,42,58,0,58,100
01/21/2022,FMN,NM,ASW,WE,Federal Contract Tower,0,12,5,4,21,0,11,53,4,68,0,23,58,8,89,96,10,106,195
01/22/2022,FMN,NM,ASW,WE,Federal Contract Tower,0,8,0,0,8,0,12,38,0,50,0,20,38,0,58,92,0,92,150
01/23/2022,FMN,NM,ASW,WE,Federal Contract Tower,0,4,0,3,7,0,5,26,6,37,0,9,26,9,44,70,0,70,114
01/24/2022,FMN,NM,ASW,WE,Federal Contract Tower,0,8,0,0,8,0,4,27,0,31,0,12,27,0,39,114,0,114,153
01/25/2022,FMN,NM,ASW,WE,Federal Contract Tower,0,6,1,1,8,0,12,50,0,62,0,18,51,1,70,80,0,80,150
01/26/2022,FMN,NM,ASW,WE,Federal Contract Tower,0,14,1,0,15,0,19,22,0,41,0,33,23,0,56,88,0,88,144
01/27/2022,FMN,NM,ASW,WE,Federal Contract Tower,0,8,0,0,8,0,19,22,2,43,0,27,22,2,51,68,14,82,133
01/28/2022,FMN,NM,ASW,WE,Federal Contract Tower,0,19,1,0,20,0,12,38,0,50,0,31,39,0,70,42,0,42,112
01/29/2022,FMN,NM,ASW,WE,Federal Contract Tower,0,6,2,0,8,0,15,36,0,51,0,21,38,0,59,64,0,64,123
01/30/2022,FMN,NM,ASW,WE,Federal Contract Tower,0,5,1,0,6,0,2,51,0,53,0,7,52,0,59,92,0,92,151
01/31/2022,FMN,NM,ASW,WE,Federal Contract Tower,0,6,0,0,6,0,13,38,9,60,0,19,38,9,66,84,16,100,166
02/01/2022,FMN,NM,ASW,WE,Federal Contract Tower,0,12,1,2,15,0,6,47,0,53,0,18,48,2,68,76,0,76,144
02/02/2022,FMN,NM,ASW,WE,Federal Contract Tower,0,12,4,0,16,0,7,8,0,15,0,19,12,0,31,116,0,116,147
02/03/2022,FMN,NM,ASW,WE,Federal Contract Tower,0,10,2,0,12,0,12,19,0,31,0,22,21,0,43,80,0,80,123
02/04/2022,FMN,NM,ASW,WE,Federal Contract Tower,0,9,6,0,15,0,6,59,0,65,0,15,65,0,80,86,0,86,166
02/05/2022,FMN,NM,ASW,WE,Federal Contract Tower,0,8,1,1,10,0,2,25,2,29,0,10,26,3,39,72,0,72,111
02/06/2022,FMN,NM,ASW,WE,Federal Contract Tower,0,4,5,0,9,0,3,57,0,60,0,7,62,0,69,76,0,76,145
02/07/2022,FMN,NM,ASW,WE,Federal Contract Tower,0,8,3,3,14,0,23,44,2,69,0,31,47,5,83,96,12,108,191
02/08/2022,FMN,NM,ASW,WE,Federal Contract Tower,0,10,1,0,11,0,13,72,2,87,0,23,73,2,98,22,0,22,120
02/09/2022,FMN,NM,ASW,WE,Federal Contract Tower,0,11,5,0,16,0,5,41,0,46,0,16,46,0,62,76,0,76,138
02/10/2022,FMN,NM,ASW,WE,Federal Contract Tower,0,6,4,1,11,0,11,32,1,44,0,17,36,2,55,138,0,138,193
02/11/2022,FMN,NM,ASW,WE,Federal Contract Tower,0,14,2,0,16,0,9,44,0,53,0,23,46,0,69,82,0,82,151
02/12/2022,FMN,NM,ASW,WE,Federal Contract Tower,0,4,2,0,6,0,4,58,0,62,0,8,60,0,68,74,0,74,142
02/13/2022,FMN,NM,ASW,WE,Federal Contract Tower,0,5,2,1,8,0,4,24,5,33,0,9,26,6,41,64,0,64,105
02/14/2022,FMN,NM,ASW,WE,Federal Contract Tower,0,7,2,0,9,0,5,38,0,43,0,12,40,0,52,52,0,52,104
02/15/2022,FMN,NM,ASW,WE,Federal Contract Tower,0,13,2,2,17,0,15,28,0,43,0,28,30,2,60,56,0,56,116
02/16/2022,FMN,NM,ASW,WE,Federal Contract Tower,0,7,1,0,8,0,8,19,0,27,0,15,20,0,35,34,0,34,69
02/17/2022,FMN,NM,ASW,WE,Federal Contract Tower,0,13,1,0,14,0,3,23,0,26,0,16,24,0,40,40,0,40,80
02/18/2022,FMN,NM,ASW,WE,Federal Contract Tower,0,5,6,0,11,0,3,49,0,52,0,8,55,0,63,76,0,76,139
02/19/2022,FMN,NM,ASW,WE,Federal Contract Tower,0,6,2,0,8,0,25,54,0,79,0,31,56,0,87,96,0,96,183
02/20/2022,FMN,NM,ASW,WE,Federal Contract Tower,0,3,0,0,3,0,2,42,0,44,0,5,42,0,47,100,0,100,147
02/21/2022,FMN,NM,ASW,WE,Federal Contract Tower,0,6,2,0,8,0,16,19,0,35,0,22,21,0,43,60,0,60,103
02/22/2022,FMN,NM,ASW,WE,Federal Contract Tower,0,16,1,0,17,0,24,7,0,31,0,40,8,0,48,42,0,42,90
02/23/2022,FMN,NM,ASW,WE,Federal Contract Tower,0,11,6,0,17,0,1,0,0,1,0,12,6,0,18,0,0,0,18
02/24/2022,FMN,NM,ASW,WE,Federal Contract Tower,0,14,2,0,16,0,11,19,0,30,0,25,21,0,46,60,0,60,106
02/25/2022,FMN,NM,ASW,WE,Federal Contract Tower,0,11,2,0,13,0,3,52,2,57,0,14,54,2,70,72,10,82,152
02/26/2022,FMN,NM,ASW,WE,Federal Contract Tower,0,8,3,0,11,0,5,44,0,49,0,13,47,0,60,204,0,204,264
02/27/2022,FMN,NM,ASW,WE,Federal Contract Tower,0,2,4,0,6,0,11,75,0,86,0,13,79,0,92,108,0,108,200
02/28/2022,FMN,NM,ASW,WE,Federal Contract Tower,0,10,0,0,10,0,34,41,0,75,0,44,41,0,85,146,0,146,231
03/01/2022,FMN,NM,ASW,WE,Federal Contract Tower,0,9,0,2,11,0,18,20,0,38,0,27,20,2,49,120,0,120,169
03/02/2022,FMN,NM,ASW,WE,Federal Contract Tower,0,7,4,0,11,0,9,39,0,48,0,16,43,0,59,48,0,48,107
03/03/2022,FMN,NM,ASW,WE,Federal Contract Tower,0,4,1,0,5,0,3,35,0,38,0,7,36,0,43,106,0,106,149
03/04/2022,FMN,NM,ASW,WE,Federal Contract Tower,0,15,3,6,24,0,1,37,0,38,0,16,40,6,62,28,15,43,105
03/05/2022,FMN,NM,ASW,WE,Federal Contract Tower,0,12,4,4,20,0,8,31,3,42,0,20,35,7,62,74,16,90,152
03/06/2022,FMN,NM,ASW,WE,Federal Contract Tower,0,4,0,0,4,0,0,11,0,11,0,4,11,0,15,54,0,54,69
03/07/2022,FMN,NM,ASW,WE,Federal Contract Tower,0,9,3,2,14,0,3,32,1,36,0,12,35,3,50,110,0,110,160
03/08/2022,FMN,NM,ASW,WE,Federal Contract Tower,0,8,2,0,10,0,20,45,0,65,0,28,47,0,75,138,0,138,213
03/09/2022,FMN,NM,ASW,WE,Federal Contract Tower,0,10,5,0,15,0,7,53,0,60,0,17,58,0,75,56,0,56,131
03/10/2022,FMN,NM,ASW,WE,Federal Contract Tower,0,12,1,0,13,0,3,15,0,18,0,15,16,0,31,12,0,12,43
03/11/2022,FMN,NM,ASW,WE,Federal Contract Tower,0,12,10,0,22,0,11,25,3,39,0,23,35,3,61,12,0,12,73
03/12/2022,FMN,NM,ASW,WE,Federal Contract Tower,0,6,3,0,9,0,1,48,0,49,0,7,51,0,58,92,0,92,150
03/13/2022,FMN,NM,ASW,WE,Federal Contract Tower,0,3,5,10,18,0,17,31,8,56,0,20,36,18,74,80,42,122,196
03/14/2022,FMN,NM,ASW,WE,Federal Contract Tower,0,6,3,0,9,0,7,18,0,25,0,13,21,0,34,36,0,36,70
03/15/2022,FMN,NM,ASW,WE,Federal Contract Tower,0,12,4,0,16,0,9,77,9,95,0,21,81,9,111,104,6,110,221
03/16/2022,FMN,NM,ASW,WE,Federal Contract Tower,0,9,6,0,15,0,8,34,0,42,0,17,40,0,57,82,0,82,139
03/17/2022,FMN,NM,ASW,WE,Federal Contract Tower,0,8,1,0,9,0,7,17,0,24,0,15,18,0,33,56,0,56,89
03/18/2022,FMN,NM,ASW,WE,Federal Contract Tower,0,6,0,4,10,0,4,43,2,49,0,10,43,6,59,92,32,124,183
03/19/2022,FMN,NM,ASW,WE,Federal Contract Tower,0,4,7,2,13,0,8,55,1,64,0,12,62,3,77,72,8,80,157
03/20/2022,FMN,NM,ASW,WE,Federal Contract Tower,0,3,4,0,7,0,10,8,0,18,0,13,12,0,25,40,0,40,65
03/21/2022,FMN,NM,ASW,WE,Federal Contract Tower,0,9,2,0,11,0,14,7,0,21,0,23,9,0,32,34,0,34,66
03/22/2022,FMN,NM,ASW,WE,Federal Contract Tower,0,16,0,0,16,0,14,40,0,54,0,30,40,0,70,66,0,66,136
03/23/2022,FMN,NM,ASW,WE,Federal Contract Tower,0,16,2,0,18,0,5,19,1,25,0,21,21,1,43,62,0,62,105
03/24/2022,FMN,NM,ASW,WE,Federal Contract Tower,0,5,2,2,9,0,2,27,0,29,0,7,29,2,38,24,0,24,62
03/25/2022,FMN,NM,ASW,WE,Federal Contract Tower,0,6,6,0,12,0,8,41,0,49,0,14,47,0,61,94,0,94,155
03/26/2022,FMN,NM,ASW,WE,Federal Contract Tower,0,2,0,0,2,0,4,42,0,46,0,6,42,0,48,58,0,58,106
03/27/2022,FMN,NM,ASW,WE,Federal Contract Tower,0,6,2,0,8,0,2,37,0,39,0,8,39,0,47,102,0,102,149
03/28/2022,FMN,NM,ASW,WE,Federal Contract Tower,0,13,0,0,13,0,8,61,0,69,0,21,61,0,82,132,0,132,214
03/29/2022,FMN,NM,ASW,WE,Federal Contract Tower,0,16,2,0,18,0,10,5,0,15,0,26,7,0,33,6,0,6,39
03/30/2022,FMN,NM,ASW,WE,Federal Contract Tower,0,12,4,0,16,0,2,10,0,12,0,14,14,0,28,42,0,42,70
03/31/2022,FMN,NM,ASW,WE,Federal Contract Tower,0,10,3,0,13,0,9,39,7,55,0,19,42,7,68,140,0,140,208
04/01/2022,FMN,NM,ASW,WE,Federal Contract Tower,0,9,7,0,16,0,2,42,0,44,0,11,49,0,60,52,0,52,112
04/02/2022,FMN,NM,ASW,WE,Federal Contract Tower,0,7,9,0,16,0,11,65,1,77,0,18,74,1,93,188,0,188,281
04/03/2022,FMN,NM,ASW,WE,Federal Contract Tower,0,6,4,0,10,0,5,24,0,29,0,11,28,0,39,112,0,112,151
04/04/2022,FMN,NM,ASW,WE,Federal Contract Tower,0,8,4,0,12,0,14,35,0,49,0,22,39,0,61,36,0,36,97
04/05/2022,FMN,NM,ASW,WE,Federal Contract Tower,0,9,0,0,9,0,13,24,0,37,0,22,24,0,46,22,0,22,68
04/06/2022,FMN,NM,ASW,WE,Federal Contract Tower,0,11,1,0,12,0,2,5,0,7,0,13,6,0,19,18,0,18,37
04/07/2022,FMN,NM,ASW,WE,Federal Contract Tower,0,10,4,0,14,0,9,30,0,39,0,19,34,0,53,82,0,82,135
04/08/2022,FMN,NM,ASW,WE,Federal Contract Tower,0,14,10,0,24,0,5,54,0,59,0,19,64,0,83,96,0,96,179
04/09/2022,FMN,NM,ASW,WE,Federal Contract Tower,0,8,0,0,8,0,6,43,1,50,0,14,43,1,58,92,0,92,150
04/10/2022,FMN,NM,ASW,WE,Federal Contract Tower,0,8,9,0,17,0,6,8,0,14,0,14,17,0,31,42,0,42,73
04/11/2022,FMN,NM,ASW,WE,Federal Contract Tower,0,9,0,0,9,0,6,30,0,36,0,15,30,0,45,88,0,88,133
04/12/2022,FMN,NM,ASW,WE,Federal Contract Tower,0,14,2,0,16,0,5,1,0,6,0,19,3,0,22,0,0,0,22
04/13/2022,FMN,NM,ASW,WE,Federal Contract Tower,0,7,4,0,11,0,3,61,0,64,0,10,65,0,75,64,0,64,139
04/14/2022,FMN,NM,ASW,WE,Federal Contract Tower,0,11,6,0,17,0,12,32,0,44,0,23,38,0,61,124,0,124,185
04/15/2022,FMN,NM,ASW,WE,Federal Contract Tower,0,5,3,0,8,0,6,53,0,59,0,11,56,0,67,56,0,56,123
04/16/2022,FMN,NM,ASW,WE,Federal Contract Tower,0,4,0,0,4,0,6,47,0,53,0,10,47,0,57,48,0,48,105
04/17/2022,FMN,NM,ASW,WE,Federal Contract Tower,0,11,1,0,12,0,6,121,0,127,0,17,122,0,139,100,0,100,239
04/18/2022,FMN,NM,ASW,WE,Federal Contract Tower,0,6,5,0,11,0,12,79,0,91,0,18,84,0,102,180,0,180,282
04/19/2022,FMN,NM,ASW,WE,Federal Contract Tower,0,5,1,0,6,0,12,43,0,55,0,17,44,0,61,26,0,26,87
04/20/2022,FMN,NM,ASW,WE,Federal Contract Tower,0,3,1,0,4,0,6,67,0,73,0,9,68,0,77,80,0,80,157
04/21/2022,FMN,NM,ASW,WE,Federal Contract Tower,0,6,2,0,8,0,5,39,7,51,0,11,41,7,59,134,0,134,193
04/22/2022,FMN,NM,ASW,WE,Federal Contract Tower,0,4,3,0,7,0,1,12,0,13,0,5,15,0,20,0,0,0,20
04/23/2022,FMN,NM,ASW,WE,Federal Contract Tower,0,4,7,0,11,0,6,24,1,31,0,10,31,1,42,54,0,54,96
04/24/2022,FMN,NM,ASW,WE,Federal Contract Tower,0,3,7,0,10,0,8,31,8,47,0,11,38,8,57,62,0,62,119
04/25/2022,FMN,NM,ASW,WE,Federal Contract Tower,0,3,0,9,12,0,22,38,35,95,0,25,38,44,107,112,34,146,253
04/26/2022,FMN,NM,ASW,WE,Federal Contract Tower,0,7,1,0,8,0,19,46,0,65,0,26,47,0,73,20,28,48,121
04/27/2022,FMN,NM,ASW,WE,Federal Contract Tower,0,11,4,0,15,0,8,19,0,27,0,19,23,0,42,44,0,44,86
04/28/2022,FMN,NM,ASW,WE,Federal Contract Tower,0,7,3,2,12,0,7,36,3,46,0,14,39,5,58,102,0,102,160
04/29/2022,FMN,NM,ASW,WE,Federal Contract Tower,0,11,4,0,15,0,3,25,0,28,0,14,29,0,43,72,0,72,115
04/30/2022,FMN,NM,ASW,WE,Federal Contract Tower,0,4,7,0,11,0,13,59,0,72,0,17,66,0,83,78,0,78,161
05/01/2022,FMN,NM,ASW,WE,Federal Contract Tower,0,3,9,0,12,0,3,14,0,17,0,6,23,0,29,20,0,20,49
05/02/2022,FMN,NM,ASW,WE,Federal Contract Tower,0,9,0,0,9,0,8,16,5,29,0,17,16,5,38,18,0,18,56
05/03/2022,FMN,NM,ASW,WE,Federal Contract Tower,0,16,4,6,26,0,8,21,0,29,0,24,25,6,55,40,0,40,95
05/04/2022,FMN,NM,ASW,WE,Federal Contract Tower,0,6,6,0,12,0,7,22,2,31,0,13,28,2,43,38,0,38,81
05/05/2022,FMN,NM,ASW,WE,Federal Contract Tower,0,10,3,0,13,0,2,24,1,27,0,12,27,1,40,48,0,48,88
05/06/2022,FMN,NM,ASW,WE,Federal Contract Tower,0,12,9,3,24,0,10,44,3,57,0,22,53,6,81,132,16,148,229
05/07/2022,FMN,NM,ASW,WE,Federal Contract Tower,0,12,0,0,12,0,3,25,0,28,0,15,25,0,40,28,0,28,68
05/08/2022,FMN,NM,ASW,WE,Federal Contract Tower,0,1,8,0,9,0,8,11,0,19,0,9,19,0,28,8,0,8,36
05/09/2022,FMN,NM,ASW,WE,Federal Contract Tower,0,8,4,4,16,0,14,24,6,44,0,22,28,10,60,12,0,12,72
05/10/2022,FMN,NM,ASW,WE,Federal Contract Tower,0,6,2,2,10,0,8,13,0,21,0,14,15,2,31,22,0,22,53
05/11/2022,FMN,NM,ASW,WE,Federal Contract Tower,0,5,3,0,8,0,4,18,8,30,0,9,21,8,38,76,0,76,114
05/12/2022,FMN,NM,ASW,WE,Federal Contract Tower,0,9,2,0,11,0,5,31,0,36,0,14,33,0,47,50,0,50,97
05/13/2022,FMN,NM,ASW,WE,Federal Contract Tower,0,5,6,0,11,0,16,37,0,53,0,21,43,0,64,60,0,60,124
05/14/2022,FMN,NM,ASW,WE,Federal Contract Tower,0,5,3,0,8,0,5,32,0,37,0,10,35,0,45,51,0,51,96
05/15/2022,FMN,NM,ASW,WE,Federal Contract Tower,0,5,2,0,7,0,5,28,2,35,0,10,30,2,42,40,0,40,82
05/16/2022,FMN,NM,ASW,WE,Federal Contract Tower,0,7,3,0,10,0,7,38,1,46,0,14,41,1,56,116,0,116,172
05/17/2022,FMN,NM,ASW,WE,Federal Contract Tower,0,9,1,0,10,0,11,54,0,65,0,20,55,0,75,86,0,86,161
05/18/2022,FMN,NM,ASW,WE,Federal Contract Tower,0,7,6,0,13,0,4,90,4,98,0,11,96,4,111,102,0,102,213
05/19/2022,FMN,NM,ASW,WE,Federal Contract Tower,0,6,2,0,8,0,3,23,8,34,0,9,25,8,42,24,0,24,66
05/20/2022,FMN,NM,ASW,WE,Federal Contract Tower,0,12,6,0,18,0,6,28,0,34,0,18,34,0,52,12,0,12,64
05/21/2022,FMN,NM,ASW,WE,Federal Contract Tower,0,7,6,0,13,0,11,37,0,48,0,18,43,0,61,60,0,60,121
05/22/2022,FMN,NM,ASW,WE,Federal Contract Tower,0,10,6,2,18,0,7,31,30,68,0,17,37,32,86,18,0,18,104
05/23/2022,FMN,NM,ASW,WE,Federal Contract Tower,0,3,1,0,4,0,8,34,2,44,0,11,35,2,48,50,0,50,98
05/24/2022,FMN,NM,ASW,WE,Federal Contract Tower,0,10,0,0,10,0,12,27,0,39,0,22,27,0,49,50,0,50,99
05/25/2022,FMN,NM,ASW,WE,Federal Contract Tower,0,8,3,0,11,0,4,25,0,29,0,12,28,0,40,64,0,64,104
05/26/2022,FMN,NM,ASW,WE,Federal Contract Tower,0,4,2,2,8,0,4,27,0,31,0,8,29,2,39,82,22,104,143
05/27/2022,FMN,NM,ASW,WE,Federal Contract Tower,0,7,9,0,16,0,12,43,0,55,0,19,52,0,71,48,0,48,119
05/28/2022,FMN,NM,ASW,WE,Federal Contract Tower,0,9,1,0,10,0,8,15,0,23,0,17,16,0,33,52,0,52,85
05/29/2022,FMN,NM,ASW,WE,Federal Contract Tower,0,4,4,0,8,0,0,24,0,24,0,4,28,0,32,12,0,12,44
05/30/2022,FMN,NM,ASW,WE,Federal Contract Tower,0,13,0,0,13,0,11,31,0,42,0,24,31,0,55,42,0,42,97
05/31/2022,FMN,NM,ASW,WE,Federal Contract Tower,0,4,8,0,12,0,9,27,3,39,0,13,35,3,51,58,25,83,134
06/01/2022,FMN,NM,ASW,WE,Federal Contract Tower,0,9,2,0,11,0,7,37,1,45,0,16,39,1,56,46,0,46,102
06/02/2022,FMN,NM,ASW,WE,Federal Contract Tower,0,7,0,0,7,0,7,30,0,37,0,14,30,0,44,56,0,56,100
06/03/2022,FMN,NM,ASW,WE,Federal Contract Tower,0,6,3,0,9,0,12,39,0,51,0,18,42,0,60,30,0,30,90
06/04/2022,FMN,NM,ASW,WE,Federal Contract Tower,0,3,1,0,4,0,9,36,0,45,0,12,37,0,49,106,0,106,155
06/05/2022,FMN,NM,ASW,WE,Federal Contract Tower,0,1,0,0,1,0,5,23,0,28,0,6,23,0,29,86,0,86,115
06/06/2022,FMN,NM,ASW,WE,Federal Contract Tower,0,5,2,2,9,0,9,28,0,37,0,14,30,2,46,66,0,66,112
06/07/2022,FMN,NM,ASW,WE,Federal Contract Tower,0,8,0,0,8,0,10,24,0,34,0,18,24,0,42,42,0,42,84
06/08/2022,FMN,NM,ASW,WE,Federal Contract Tower,0,11,2,0,13,0,5,48,0,53,0,16,50,0,66,100,0,100,166
06/09/2022,FMN,NM,ASW,WE,Federal Contract Tower,0,15,4,0,19,0,9,26,0,35,0,24,30,0,54,72,0,72,126
06/10/2022,FMN,NM,ASW,WE,Federal Contract Tower,0,6,2,1,9,0,15,38,1,54,0,21,40,2,63,88,0,88,151
06/11/2022,FMN,NM,ASW,WE,Federal Contract Tower,0,9,3,0,12,0,8,12,4,24,0,17,15,4,36,18,0,18,54
06/12/2022,FMN,NM,ASW,WE,Federal Contract Tower,0,9,2,1,12,0,12,29,0,41,0,21,31,1,53,80,0,80,133
06/13/2022,FMN,NM,ASW,WE,Federal Contract Tower,0,12,2,8,22,0,4,11,8,23,0,16,13,16,45,0,0,0,45
06/14/2022,FMN,NM,ASW,WE,Federal Contract Tower,0,8,2,0,10,0,6,51,8,65,0,14,53,8,75,46,0,46,121
06/15/2022,FMN,NM,ASW,WE,Federal Contract Tower,0,7,0,0,7,0,4,34,0,38,0,11,34,0,45,62,0,62,107
06/16/2022,FMN,NM,ASW,WE,Federal Contract Tower,0,8,0,3,11,0,8,21,3,32,0,16,21,6,43,34,0,34,77
06/17/2022,FMN,NM,ASW,WE,Federal Contract Tower,0,8,3,0,11,0,3,11,7,21,0,11,14,7,32,8,2,10,42
06/18/2022,FMN,NM,ASW,WE,Federal Contract Tower,0,6,1,0,7,0,2,13,0,15,0,8,14,0,22,68,0,68,90
06/19/2022,FMN,NM,ASW,WE,Federal Contract Tower,0,2,5,0,7,0,1,13,0,14,0,3,18,0,21,10,0,10,31
06/20/2022,FMN,NM,ASW,WE,Federal Contract Tower,0,7,0,0,7,0,5,49,0,54,0,12,49,0,61,112,0,112,173
06/21/2022,FMN,NM,ASW,WE,Federal Contract Tower,0,7,1,0,8,0,8,68,0,76,0,15,69,0,84,36,0,36,120
06/22/2022,FMN,NM,ASW,WE,Federal Contract Tower,0,10,3,0,13,0,8,17,0,25,0,18,20,0,38,32,0,32,70
06/23/2022,FMN,NM,ASW,WE,Federal Contract Tower,0,5,4,0,9,0,3,37,1,41,0,8,41,1,50,78,0,78,128
06/24/2022,FMN,NM,ASW,WE,Federal Contract Tower,0,10,3,2,15,0,6,43,0,49,0,16,46,2,64,70,0,70,134
06/25/2022,FMN,NM,ASW,WE,Federal Contract Tower,0,5,3,2,10,0,8,32,1,41,0,13,35,3,51,68,0,68,119
06/26/2022,FMN,NM,ASW,WE,Federal Contract Tower,0,5,0,0,5,0,2,12,0,14,0,7,12,0,19,10,0,10,29
06/27/2022,FMN,NM,ASW,WE,Federal Contract Tower,0,8,5,0,13,0,9,42,4,55,0,17,47,4,68,96,0,96,164
06/28/2022,FMN,NM,ASW,WE,Federal Contract Tower,0,11,2,0,13,0,16,49,0,65,0,27,51,0,78,42,0,42,120
06/29/2022,FMN,NM,ASW,WE,Federal Contract Tower,0,5,8,0,13,0,7,37,0,44,0,12,45,0,57,56,0,56,113
06/30/2022,FMN,NM,ASW,WE,Federal Contract Tower,0,7,4,10,21,0,5,29,0,34,0,12,33,10,55,52,0,52,107
07/01/2022,FMN,NM,ASW,WE,Federal Contract Tower,0,10,4,0,14,0,6,40,0,46,0,16,44,0,60,114,0,114,174
07/02/2022,FMN,NM,ASW,WE,Federal Contract Tower,0,5,2,0,7,0,5,31,0,36,0,10,33,0,43,86,0,86,129
07/03/2022,FMN,NM,ASW,WE,Federal Contract Tower,0,2,6,0,8,0,10,8,0,18,0,12,14,0,26,12,0,12,38
07/04/2022,FMN,NM,ASW,WE,Federal Contract Tower,0,6,4,0,10,0,1,24,0,25,0,7,28,0,35,47,0,47,82
07/05/2022,FMN,NM,ASW,WE,Federal Contract Tower,0,9,0,0,9,0,5,30,2,37,0,14,30,2,46,46,0,46,92
07/06/2022,FMN,NM,ASW,WE,Federal Contract Tower,0,8,3,0,11,0,6,52,3,61,0,14,55,3,72,66,48,114,186
07/07/2022,FMN,NM,ASW,WE,Federal Contract Tower,0,7,4,0,11,0,10,61,4,75,0,17,65,4,86,82,0,82,168
07/08/2022,FMN,NM,ASW,WE,Federal Contract Tower,0,7,2,0,9,0,8,33,1,42,0,15,35,1,51,37,0,37,88
07/09/2022,FMN,NM,ASW,WE,Federal Contract Tower,0,7,7,0,14,0,11,35,0,46,0,18,42,0,60,66,0,66,126
07/10/2022,FMN,NM,ASW,WE,Federal Contract Tower,0,6,1,0,7,0,3,33,0,36,0,9,34,0,43,86,0,86,129
07/11/2022,FMN,NM,ASW,WE,Federal Contract Tower,0,5,1,0,6,0,9,30,6,45,0,14,31,6,51,20,6,26,77
07/12/2022,FMN,NM,ASW,WE,Federal Contract Tower,0,9,2,0,11,0,5,40,0,45,0,14,42,0,56,76,0,76,132
07/13/2022,FMN,NM,ASW,WE,Federal Contract Tower,0,7,5,0,12,0,8,37,0,45,0,15,42,0,57,82,0,82,139
07/14/2022,FMN,NM,ASW,WE,Federal Contract Tower,0,6,1,0,7,0,4,36,0,40,0,10,37,0,47,84,0,84,131
07/15/2022,FMN,NM,ASW,WE,Federal Contract Tower,0,6,0,8,14,0,6,25,1,32,0,12,25,9,46,128,34,162,208
07/16/2022,FMN,NM,ASW,WE,Federal Contract Tower,0,9,1,0,10,0,3,25,0,28,0,12,26,0,38,134,0,134,172
07/17/2022,FMN,NM,ASW,WE,Federal Contract Tower,0,1,0,1,2,0,4,35,1,40,0,5,35,2,42,6,0,6,48
07/18/2022,FMN,NM,ASW,WE,Federal Contract Tower,0,4,0,0,4,0,10,35,0,45,0,14,35,0,49,38,0,38,87
07/19/2022,FMN,NM,ASW,WE,Federal Contract Tower,0,12,1,0,13,0,15,32,0,47,0,27,33,0,60,54,0,54,114
07/20/2022,FMN,NM,ASW,WE,Federal Contract Tower,0,8,2,0,10,0,4,27,0,31,0,12,29,0,41,66,0,66,107
07/21/2022,FMN,NM,ASW,WE,Federal Contract Tower,0,6,4,0,10,0,4,24,0,28,0,10,28,0,38,107,0,107,145
07/22/2022,FMN,NM,ASW,WE,Federal Contract Tower,0,12,0,0,12,0,4,34,0,38,0,16,34,0,50,50,0,50,100
07/23/2022,FMN,NM,ASW,WE,Federal Contract Tower,0,5,0,0,5,0,5,26,0,31,0,10,26,0,36,54,0,54,90
07/24/2022,FMN,NM,ASW,WE,Federal Contract Tower,0,8,0,0,8,0,1,13,0,14,0,9,13,0,22,18,0,18,40
07/25/2022,FMN,NM,ASW,WE,Federal Contract Tower,0,14,1,0,15,0,8,16,0,24,0,22,17,0,39,36,0,36,75
07/26/2022,FMN,NM,ASW,WE,Federal Contract Tower,0,11,1,0,12,0,10,24,0,34,0,21,25,0,46,62,0,62,108
07/27/2022,FMN,NM,ASW,WE,Federal Contract Tower,0,15,0,0,15,0,6,30,0,36,0,21,30,0,51,70,0,70,121
07/28/2022,FMN,NM,ASW,WE,Federal Contract Tower,0,6,8,0,14,0,3,57,0,60,0,9,65,0,74,64,0,64,138
07/29/2022,FMN,NM,ASW,WE,Federal Contract Tower,0,18,0,2,20,0,4,11,2,17,0,22,11,4,37,16,12,28,65
07/30/2022,FMN,NM,ASW,WE,Federal Contract Tower,0,10,1,0,11,0,2,29,1,32,0,12,30,1,43,34,0,34,77
07/31/2022,FMN,NM,ASW,WE,Federal Contract Tower,0,2,1,0,3,0,4,46,12,62,0,6,47,12,65,40,0,40,105
08/01/2022,FMN,NM,ASW,WE,Federal Contract Tower,0,4,2,0,6,0,21,30,0,51,0,25,32,0,57,38,0,38,95
08/02/2022,FMN,NM,ASW,WE,Federal Contract Tower,0,10,0,0,10,0,11,30,0,41,0,21,30,0,51,124,0,124,175
08/03/2022,FMN,NM,ASW,WE,Federal Contract Tower,0,7,4,0,11,0,3,29,0,32,0,10,33,0,43,72,0,72,115
08/04/2022,FMN,NM,ASW,WE,Federal Contract Tower,0,5,0,0,5,0,13,32,0,45,0,18,32,0,50,72,0,72,122
08/05/2022,FMN,NM,ASW,WE,Federal Contract Tower,0,7,2,0,9,0,4,41,0,45,0,11,43,0,54,46,0,46,100
08/06/2022,FMN,NM,ASW,WE,Federal Contract Tower,5,2,0,0,7,0,10,36,0,46,5,12,36,0,53,60,0,60,113
08/07/2022,FMN,NM,ASW,WE,Federal Contract Tower,0,5,0,0,5,0,9,27,0,36,0,14,27,0,41,54,0,54,95
08/08/2022,FMN,NM,ASW,WE,Federal Contract Tower,0,8,4,0,12,0,10,47,0,57,0,18,51,0,69,36,0,36,105
08/09/2022,FMN,NM,ASW,WE,Federal Contract Tower,0,10,1,0,11,0,17,64,0,81,0,27,65,0,92,120,0,120,212
08/10/2022,FMN,NM,ASW,WE,Federal Contract Tower,0,9,7,0,16,0,6,59,0,65,0,15,66,0,81,132,0,132,213
08/11/2022,FMN,NM,ASW,WE,Federal Contract Tower,0,5,1,0,6,0,12,62,0,74,0,17,63,0,80,76,0,76,156
08/12/2022,FMN,NM,ASW,WE,Federal Contract Tower,0,7,0,0,7,0,10,52,0,62,0,17,52,0,69,90,0,90,159
08/13/2022,FMN,NM,ASW,WE,Federal Contract Tower,0,7,0,0,7,0,4,44,4,52,0,11,44,4,59,148,0,148,207
08/14/2022,FMN,NM,ASW,WE,Federal Contract Tower,0,3,1,0,4,0,6,28,0,34,0,9,29,0,38,46,0,46,84
08/15/2022,FMN,NM,ASW,WE,Federal Contract Tower,0,9,2,0,11,0,18,44,0,62,0,27,46,0,73,80,0,80,153
08/16/2022,FMN,NM,ASW,WE,Federal Contract Tower,0,12,2,0,14,0,21,49,0,70,0,33,51,0,84,106,0,106,190
08/17/2022,FMN,NM,ASW,WE,Federal Contract Tower,0,6,7,0,13,0,8,45,0,53,0,14,52,0,66,96,0,96,162
08/18/2022,FMN,NM,ASW,WE,Federal Contract Tower,0,12,11,0,23,0,10,23,0,33,0,22,34,0,56,48,0,48,104
08/19/2022,FMN,NM,ASW,WE,Federal Contract Tower,0,7,3,0,10,0,12,26,2,40,0,19,29,2,50,116,0,116,166
08/20/2022,FMN,NM,ASW,WE,Federal Contract Tower,0,15,2,3,20,0,5,16,1,22,0,20,18,4,42,50,10,60,102
08/21/2022,FMN,NM,ASW,WE,Federal Contract Tower,0,5,3,0,8,0,13,39,0,52,0,18,42,0,60,68,0,68,128
08/22/2022,FMN,NM,ASW,WE,Federal Contract Tower,0,8,1,0,9,0,8,37,0,45,0,16,38,0,54,78,0,78,132
08/23/2022,FMN,NM,ASW,WE,Federal Contract Tower,0,7,5,0,12,0,4,37,1,42,0,11,42,1,54,86,0,86,140
08/24/2022,FMN,NM,ASW,WE,Federal Contract Tower,0,11,3,0,14,0,7,70,0,77,0,18,73,0,91,166,0,166,257
08/25/2022,FMN,NM,ASW,WE,Federal Contract Tower,0,8,0,4,12,0,6,40,0,46,0,14,40,4,58,108,0,108,166
08/26/2022,FMN,NM,ASW,WE,Federal Contract Tower,0,10,1,0,11,0,2,24,3,29,0,12,25,3,40,94,0,94,134
08/27/2022,FMN,NM,ASW,WE,Federal Contract Tower,0,7,0,0,7,0,2,39,3,44,0,9,39,3,51,178,0,178,229
08/28/2022,FMN,NM,ASW,WE,Federal Contract Tower,0,3,1,0,4,0,6,17,6,29,0,9,18,6,33,40,0,40,73
08/29/2022,FMN,NM,ASW,WE,Federal Contract Tower,0,11,2,0,13,0,6,31,44,81,0,17,33,44,94,114,0,114,208
08/30/2022,FMN,NM,ASW,WE,Federal Contract Tower,0,7,1,0,8,0,12,48,0,60,0,19,49,0,68,84,0,84,152
08/31/2022,FMN,NM,ASW,WE,Federal Contract Tower,0,12,0,0,12,0,5,64,3,72,0,17,64,3,84,130,0,130,214
09/01/2022,FMN,NM,ASW,WE,Federal Contract Tower,0,8,3,2,13,0,6,47,0,53,0,14,50,2,66,160,0,160,226
09/02/2022,FMN,NM,ASW,WE,Federal Contract Tower,0,7,6,0,13,0,7,47,0,54,0,14,53,0,67,76,0,76,143
09/03/2022,FMN,NM,ASW,WE,Federal Contract Tower,0,9,0,0,9,0,3,37,0,40,0,12,37,0,49,64,0,64,113
09/04/2022,FMN,NM,ASW,WE,Federal Contract Tower,0,10,2,0,12,0,11,30,0,41,0,21,32,0,53,136,0,136,189
09/05/2022,FMN,NM,ASW,WE,Federal Contract Tower,0,1,5,0,6,0,4,39,0,43,0,5,44,0,49,94,0,94,143
09/06/2022,FMN,NM,ASW,WE,Federal Contract Tower,0,7,4,0,11,0,13,52,0,65,0,20,56,0,76,64,0,64,140
09/07/2022,FMN,NM,ASW,WE,Federal Contract Tower,0,16,5,0,21,0,2,59,0,61,0,18,64,0,82,168,0,168,250
09/08/2022,FMN,NM,ASW,WE,Federal Contract Tower,0,14,12,0,26,0,14,42,3,59,0,28,54,3,85,168,0,168,253
09/09/2022,FMN,NM,ASW,WE,Federal Contract Tower,0,14,1,0,15,0,12,55,0,67,0,26,56,0,82,130,0,130,212
09/10/2022,FMN,NM,ASW,WE,Federal Contract Tower,0,11,4,0,15,0,7,64,0,71,0,18,68,0,86,152,0,152,238
09/11/2022,FMN,NM,ASW,WE,Federal Contract Tower,0,9,5,0,14,0,1,31,0,32,0,10,36,0,46,60,0,60,106
09/12/2022,FMN,NM,ASW,WE,Federal Contract Tower,0,14,6,0,20,0,20,32,1,53,0,34,38,1,73,124,6,130,203
09/13/2022,FMN,NM,ASW,WE,Federal Contract Tower,0,16,12,0,28,0,11,86,0,97,0,27,98,0,125,144,0,144,269
09/14/2022,FMN,NM,ASW,WE,Federal Contract Tower,0,18,7,0,25,0,9,36,2,47,0,27,43,2,72,18,0,18,90
09/15/2022,FMN,NM,ASW,WE,Federal Contract Tower,0,16,7,0,23,0,12,45,0,57,0,28,52,0,80,80,0,80,160
09/16/2022,FMN,NM,ASW,WE,Federal Contract Tower,0,12,5,0,17,0,14,45,0,59,0,26,50,0,76,90,0,90,166
09/17/2022,FMN,NM,ASW,WE,Federal Contract Tower,0,10,1,0,11,0,8,39,0,47,0,18,40,0,58,78,0,78,136
09/18/2022,FMN,NM,ASW,WE,Federal Contract Tower,0,2,5,0,7,0,5,27,0,32,0,7,32,0,39,54,0,54,93
09/19/2022,FMN,NM,ASW,WE,Federal Contract Tower,0,12,5,2,19,0,6,46,2,54,0,18,51,4,73,98,0,98,171
09/20/2022,FMN,NM,ASW,WE,Federal Contract Tower,0,6,5,0,11,0,1,36,0,37,0,7,41,0,48,76,0,76,124
09/21/2022,FMN,NM,ASW,WE,Federal Contract Tower,0,9,9,0,18,0,3,13,0,16,0,12,22,0,34,78,0,78,112
09/22/2022,FMN,NM,ASW,WE,Federal Contract Tower,0,6,6,0,12,0,10,21,0,31,0,16,27,0,43,18,0,18,61
09/23/2022,FMN,NM,ASW,WE,Federal Contract Tower,0,13,3,0,16,0,7,64,0,71,0,20,67,0,87,120,0,120,207
09/24/2022,FMN,NM,ASW,WE,Federal Contract Tower,0,9,1,1,11,0,4,55,2,61,0,13,56,3,72,106,0,106,178
09/25/2022,FMN,NM,ASW,WE,Federal Contract Tower,0,5,1,0,6,0,2,27,0,29,0,7,28,0,35,64,0,64,99
09/26/2022,FMN,NM,ASW,WE,Federal Contract Tower,0,7,4,2,13,0,8,59,0,67,0,15,63,2,80,142,0,142,222
09/27/2022,FMN,NM,ASW,WE,Federal Contract Tower,0,9,3,0,12,0,6,53,0,59,0,15,56,0,71,124,0,124,195
09/28/2022,FMN,NM,ASW,WE,Federal Contract Tower,0,9,6,0,15,0,10,57,0,67,0,19,63,0,82,166,0,166,248
09/29/2022,FMN,NM,ASW,WE,Federal Contract Tower,0,9,0,0,9,0,4,48,0,52,0,13,48,0,61,180,0,180,241
09/30/2022,FMN,NM,ASW,WE,Federal Contract Tower,0,11,3,0,14,0,6,40,0,46,0,17,43,0,60,132,0,132,192
10/01/2022,FMN,NM,ASW,WE,Federal Contract Tower,0,5,1,0,6,0,5,43,0,48,0,10,44,0,54,36,0,36,90
10/02/2022,FMN,NM,ASW,WE,Federal Contract Tower,0,6,6,1,13,0,1,10,0,11,0,7,16,1,24,40,18,58,82
10/03/2022,FMN,NM,ASW,WE,Federal Contract Tower,0,9,4,0,13,0,7,44,0,51,0,16,48,0,64,148,0,148,212
10/04/2022,FMN,NM,ASW,WE,Federal Contract Tower,0,10,8,0,18,0,21,60,0,81,0,31,68,0,99,96,0,96,195
10/05/2022,FMN,NM,ASW,WE,Federal Contract Tower,0,10,2,0,12,0,14,29,0,43,0,24,31,0,55,188,0,188,243
10/06/2022,FMN,NM,ASW,WE,Federal Contract Tower,0,8,1,0,9,0,7,46,0,53,0,15,47,0,62,58,0,58,120
10/07/2022,FMN,NM,ASW,WE,Federal Contract Tower,0,11,7,0,18,0,6,49,0,55,0,17,56,0,73,192,0,192,265
10/08/2022,FMN,NM,ASW,WE,Federal Contract Tower,0,6,6,0,12,0,2,40,0,42,0,8,46,0,54,146,0,146,200
10/09/2022,FMN,NM,ASW,WE,Federal Contract Tower,0,2,2,0,4,0,4,33,0,37,0,6,35,0,41,100,0,100,141
10/10/2022,FMN,NM,ASW,WE,Federal Contract Tower,0,7,4,0,11,0,9,36,0,45,0,16,40,0,56,72,0,72,128
10/11/2022,FMN,NM,ASW,WE,Federal Contract Tower,0,8,6,1,15,0,7,60,2,69,0,15,66,3,84,100,44,144,228
10/12/2022,FMN,NM,ASW,WE,Federal Contract Tower,0,11,2,0,13,0,7,49,0,56,0,18,51,0,69,219,0,219,288
10/13/2022,FMN,NM,ASW,WE,Federal Contract Tower,0,8,3,0,11,0,12,51,6,69,0,20,54,6,80,242,6,248,328
10/14/2022,FMN,NM,ASW,WE,Federal Contract Tower,0,11,4,0,15,0,7,41,0,48,0,18,45,0,63,74,0,74,137
10/15/2022,FMN,NM,ASW,WE,Federal Contract Tower,0,12,5,0,17,0,4,40,0,44,0,16,45,0,61,134,0,134,195
10/16/2022,FMN,NM,ASW,WE,Federal Contract Tower,0,8,2,0,10,0,0,6,0,6,0,8,8,0,16,70,0,70,86
10/17/2022,FMN,NM,ASW,WE,Federal Contract Tower,0,17,1,4,22,0,8,39,0,47,0,25,40,4,69,78,0,78,147
10/18/2022,FMN,NM,ASW,WE,Federal Contract Tower,0,4,4,0,8,0,4,49,1,54,0,8,53,1,62,122,0,122,184
10/19/2022,FMN,NM,ASW,WE,Federal Contract Tower,0,7,1,0,8,0,4,72,2,78,0,11,73,2,86,190,0,190,276
10/20/2022,FMN,NM,ASW,WE,Federal Contract Tower,0,11,0,0,11,0,17,52,0,69,0,28,52,0,80,190,0,190,270
10/21/2022,FMN,NM,ASW,WE,Federal Contract Tower,0,9,6,0,15,0,6,50,0,56,0,15,56,0,71,318,0,318,389
10/22/2022,FMN,NM,ASW,WE,Federal Contract Tower,0,11,5,0,16,0,6,29,0,35,0,17,34,0,51,96,0,96,147
10/23/2022,FMN,NM,ASW,WE,Federal Contract Tower,0,7,2,0,9,0,0,0,0,0,0,7,2,0,9,0,0,0,9
10/24/2022,FMN,NM,ASW,WE,Federal Contract Tower,0,4,6,0,10,0,1,15,0,16,0,5,21,0,26,0,0,0,26
10/25/2022,FMN,NM,ASW,WE,Federal Contract Tower,0,9,5,0,14,0,4,49,0,53,0,13,54,0,67,82,0,82,149
10/26/2022,FMN,NM,ASW,WE,Federal Contract Tower,0,11,4,2,17,0,7,39,0,46,0,18,43,2,63,96,0,96,159
10/27/2022,FMN,NM,ASW,WE,Federal Contract Tower,0,9,6,0,15,0,5,6,0,11,0,14,12,0,26,0,0,0,26
10/28/2022,FMN,NM,ASW,WE,Federal Contract Tower,0,7,3,0,10,0,11,53,0,64,0,18,56,0,74,176,0,176,250
10/29/2022,FMN,NM,ASW,WE,Federal Contract Tower,0,9,4,0,13,0,11,43,0,54,0,20,47,0,67,124,0,124,191
10/30/2022,FMN,NM,ASW,WE,Federal Contract Tower,0,9,1,0,10,0,10,43,0,53,0,19,44,0,63,176,0,176,239
10/31/2022,FMN,NM,ASW,WE,Federal Contract Tower,0,3,1,0,4,0,9,38,0,47,0,12,39,0,51,108,0,108,159
11/01/2022,FMN,NM,ASW,WE,Federal Contract Tower,0,9,2,0,11,0,12,44,0,56,0,21,46,0,67,204,0,204,271
11/02/2022,FMN,NM,ASW,WE,Federal Contract Tower,0,5,6,4,15,0,6,26,2,34,0,11,32,6,49,72,16,88,137
11/03/2022,FMN,NM,ASW,WE,Federal Contract Tower,0,10,7,0,17,0,0,2,0,2,0,10,9,0,19,0,0,0,19
11/04/2022,FMN,NM,ASW,WE,Federal Contract Tower,0,10,8,0,18,0,4,8,0,12,0,14,16,0,30,0,0,0,30
11/05/2022,FMN,NM,ASW,WE,Federal Contract Tower,0,6,6,0,12,0,2,35,0,37,0,8,41,0,49,50,0,50,99
11/06/2022,FMN,NM,ASW,WE,Federal Contract Tower,0,2,0,0,2,0,7,44,0,51,0,9,44,0,53,54,0,54,107
11/07/2022,FMN,NM,ASW,WE,Federal Contract Tower,0,6,5,0,11,0,10,22,0,32,0,16,27,0,43,18,0,18,61
11/08/2022,FMN,NM,ASW,WE,Federal Contract Tower,0,6,1,0,7,0,7,37,6,50,0,13,38,6,57,74,0,74,131
11/09/2022,FMN,NM,ASW,WE,Federal Contract Tower,0,10,6,0,16,0,3,10,0,13,0,13,16,0,29,38,0,38,67
11/10/2022,FMN,NM,ASW,WE,Federal Contract Tower,0,8,2,0,10,0,4,35,1,40,0,12,37,1,50,62,0,62,112
11/11/2022,FMN,NM,ASW,WE,Federal Contract Tower,0,12,4,0,16,0,16,41,8,65,0,28,45,8,81,134,0,134,215
11/12/2022,FMN,NM,ASW,WE,Federal Contract Tower,0,8,0,0,8,0,3,48,0,51,0,11,48,0,59,76,0,76,135
11/13/2022,FMN,NM,ASW,WE,Federal Contract Tower,0,5,4,0,9,0,4,43,0,47,0,9,47,0,56,136,0,136,192
11/14/2022,FMN,NM,ASW,WE,Federal Contract Tower,0,11,0,2,13,0,4,24,1,29,0,15,24,3,42,0,8,8,50
11/15/2022,FMN,NM,ASW,WE,Federal Contract Tower,0,6,6,0,12,0,2,29,0,31,0,8,35,0,43,12,0,12,55
11/16/2022,FMN,NM,ASW,WE,Federal Contract Tower,0,10,2,0,12,0,5,46,0,51,0,15,48,0,63,76,0,76,139
11/17/2022,FMN,NM,ASW,WE,Federal Contract Tower,0,11,2,0,13,0,11,38,0,49,0,22,40,0,62,168,0,168,230
11/18/2022,FMN,NM,ASW,WE,Federal Contract Tower,0,9,3,0,12,0,4,19,0,23,0,13,22,0,35,88,0,88,123
11/19/2022,FMN,NM,ASW,WE,Federal Contract Tower,0,4,1,0,5,0,3,46,0,49,0,7,47,0,54,104,0,104,158
11/20/2022,FMN,NM,ASW,WE,Federal Contract Tower,0,4,0,0,4,0,5,20,0,25,0,9,20,0,29,68,0,68,97
11/21/2022,FMN,NM,ASW,WE,Federal Contract Tower,0,7,4,0,11,0,6,40,0,46,0,13,44,0,57,50,0,50,107
11/22/2022,FMN,NM,ASW,WE,Federal Contract Tower,0,7,3,1,11,0,8,52,1,61,0,15,55,2,72,126,3,129,201
11/23/2022,FMN,NM,ASW,WE,Federal Contract Tower,0,11,6,0,17,0,4,41,0,45,0,15,47,0,62,80,0,80,142
11/24/2022,FMN,NM,ASW,WE,Federal Contract Tower,0,8,1,0,9,0,2,6,0,8,0,10,7,0,17,0,0,0,17
11/25/2022,FMN,NM,ASW,WE,Federal Contract Tower,0,5,2,0,7,0,7,27,0,34,0,12,29,0,41,74,0,74,115
11/26/2022,FMN,NM,ASW,WE,Federal Contract Tower,0,6,1,0,7,0,2,24,0,26,0,8,25,0,33,166,0,166,199
11/27/2022,FMN,NM,ASW,WE,Federal Contract Tower,0,5,7,0,12,0,5,7,0,12,0,10,14,0,24,10,0,10,34
11/28/2022,FMN,NM,ASW,WE,Federal Contract Tower,0,6,0,0,6,0,4,29,0,33,0,10,29,0,39,44,0,44,83
11/29/2022,FMN,NM,ASW,WE,Federal Contract Tower,0,11,4,0,15,0,10,22,2,34,0,21,26,2,49,28,0,28,77
11/30/2022,FMN,NM,ASW,WE,Federal Contract Tower,0,6,6,0,12,0,9,46,3,58,0,15,52,3,70,158,0,158,228
12/01/2022,FMN,NM,ASW,WE,Federal Contract Tower,0,4,1,0,5,0,3,21,0,24,0,7,22,0,29,76,0,76,105
12/02/2022,FMN,NM,ASW,WE,Federal Contract Tower,0,9,3,0,12,0,10,7,0,17,0,19,10,0,29,8,0,8,37
12/03/2022,FMN,NM,ASW,WE,Federal Contract Tower,0,8,0,0,8,0,10,20,0,30,0,18,20,0,38,144,0,144,182
12/04/2022,FMN,NM,ASW,WE,Federal Contract Tower,0,1,7,0,8,0,0,22,0,22,0,1,29,0,30,22,0,22,52
12/05/2022,FMN,NM,ASW,WE,Federal Contract Tower,0,4,4,0,8,0,5,25,0,30,0,9,29,0,38,108,0,108,146
12/06/2022,FMN,NM,ASW,WE,Federal Contract Tower,0,8,8,1,17,0,5,42,1,48,0,13,50,2,65,92,3,95,160
12/07/2022,FMN,NM,ASW,WE,Federal Contract Tower,0,5,8,0,13,0,6,20,0,26,0,11,28,0,39,56,0,56,95
12/08/2022,FMN,NM,ASW,WE,Federal Contract Tower,0,14,7,4,25,0,5,37,4,46,0,19,44,8,71,106,36,142,213
12/09/2022,FMN,NM,ASW,WE,Federal Contract Tower,0,15,7,0,22,0,5,49,2,56,0,20,56,2,78,164,0,164,242
12/10/2022,FMN,NM,ASW,WE,Federal Contract Tower,0,11,4,0,15,0,5,38,2,45,0,16,42,2,60,174,0,174,234
12/11/2022,FMN,NM,ASW,WE,Federal Contract Tower,0,2,5,2,9,0,2,14,2,18,0,4,19,4,27,66,8,74,101
12/12/2022,FMN,NM,ASW,WE,Federal Contract Tower,0,10,1,0,11,0,2,0,0,2,0,12,1,0,13,0,0,0,13
12/13/2022,FMN,NM,ASW,WE,Federal Contract Tower,0,10,4,6,20,0,3,59,3,65,0,13,63,9,85,56,8,64,149
12/14/2022,FMN,NM,ASW,WE,Federal Contract Tower,0,5,3,4,12,0,2,21,1,24,0,7,24,5,36,40,0,40,76
12/15/2022,FMN,NM,ASW,WE,Federal Contract Tower,0,8,2,0,10,0,7,16,3,26,0,15,18,3,36,120,0,120,156
12/16/2022,FMN,NM,ASW,WE,Federal Contract Tower,0,7,4,7,18,0,9,33,2,44,0,16,37,9,62,60,16,76,138
12/17/2022,FMN,NM,ASW,WE,Federal Contract Tower,0,10,3,2,15,0,7,84,2,93,0,17,87,4,108,142,20,162,270
12/18/2022,FMN,NM,ASW,WE,Federal Contract Tower,0,5,7,0,12,0,2,35,0,37,0,7,42,0,49,164,0,164,213
12/19/2022,FMN,NM,ASW,WE,Federal Contract Tower,0,1,10,0,11,0,2,36,0,38,0,3,46,0,49,80,0,80,129
12/20/2022,FMN,NM,ASW,WE,Federal Contract Tower,0,10,4,2,16,0,10,56,0,66,0,20,60,2,82,44,48,92,174
12/21/2022,FMN,NM,ASW,WE,Federal Contract Tower,0,8,3,0,11,0,6,33,2,41,0,14,36,2,52,102,0,102,154
12/22/2022,FMN,NM,ASW,WE,Federal Contract Tower,0,6,1,2,9,0,8,18,0,26,0,14,19,2,35,20,0,20,55
12/23/2022,FMN,NM,ASW,WE,Federal Contract Tower,0,7,5,0,12,0,7,22,0,29,0,14,27,0,41,92,0,92,133
12/24/2022,FMN,NM,ASW,WE,Federal Contract Tower,0,14,5,0,19,0,4,32,0,36,0,18,37,0,55,58,0,58,113
12/25/2022,FMN,NM,ASW,WE,Federal Contract Tower,0,5,1,0,6,0,4,5,0,9,0,9,6,0,15,0,0,0,15
12/26/2022,FMN,NM,ASW,WE,Federal Contract Tower,0,7,7,0,14,0,4,26,0,30,0,11,33,0,44,12,0,12,56
12/27/2022,FMN,NM,ASW,WE,Federal Contract Tower,0,5,5,0,10,0,6,25,29,60,0,11,30,29,70,100,0,100,170
12/28/2022,FMN,NM,ASW,WE,Federal Contract Tower,0,14,7,0,21,0,0,0,0,0,0,14,7,0,21,0,0,0,21
12/29/2022,FMN,NM,ASW,WE,Federal Contract Tower,0,7,2,0,9,0,11,13,0,24,0,18,15,0,33,0,0,0,33
12/30/2022,FMN,NM,ASW,WE,Federal Contract Tower,0,10,4,0,14,0,0,4,0,4,0,10,8,0,18,12,0,12,30
12/31/2022,FMN,NM,ASW,WE,Federal Contract Tower,0,9,2,0,11,0,3,17,0,20,0,12,19,0,31,0,0,0,31
01/01/2023,FMN,NM,ASW,WE,Federal Contract Tower,0,1,4,0,5,0,0,4,0,4,0,1,8,0,9,12,0,12,21
01/02/2023,FMN,NM,ASW,WE,Federal Contract Tower,0,5,2,0,7,0,0,0,0,0,0,5,2,0,7,0,0,0,7
01/03/2023,FMN,NM,ASW,WE,Federal Contract Tower,0,9,3,0,12,0,1,0,0,1,0,10,3,0,13,0,0,0,13
01/04/2023,FMN,NM,ASW,WE,Federal Contract Tower,0,6,2,0,8,0,8,37,0,45,0,14,39,0,53,144,0,144,197
01/05/2023,FMN,NM,ASW,WE,Federal Contract Tower,0,7,1,2,10,0,6,27,2,35,0,13,28,4,45,56,0,56,101
01/06/2023,FMN,NM,ASW,WE,Federal Contract Tower,0,6,3,0,9,0,16,13,0,29,0,22,16,0,38,20,0,20,58
01/07/2023,FMN,NM,ASW,WE,Federal Contract Tower,0,7,1,0,8,0,6,34,0,40,0,13,35,0,48,96,0,96,144
01/08/2023,FMN,NM,ASW,WE,Federal Contract Tower,0,2,4,2,8,0,31,49,0,80,0,33,53,2,88,64,0,64,152
01/09/2023,FMN,NM,ASW,WE,Federal Contract Tower,0,6,1,0,7,0,12,30,0,42,0,18,31,0,49,130,0,130,179
01/10/2023,FMN,NM,ASW,WE,Federal Contract Tower,0,9,2,0,11,0,22,34,0,56,0,31,36,0,67,82,0,82,149
01/11/2023,FMN,NM,ASW,WE,Federal Contract Tower,0,14,2,0,16,0,57,17,0,74,0,71,19,0,90,38,0,38,128
01/12/2023,FMN,NM,ASW,WE,Federal Contract Tower,0,5,6,0,11,0,10,47,0,57,0,15,53,0,68,174,0,174,242
01/13/2023,FMN,NM,ASW,WE,Federal Contract Tower,0,7,2,0,9,0,10,28,0,38,0,17,30,0,47,150,0,150,197
01/14/2023,FMN,NM,ASW,WE,Federal Contract Tower,0,7,6,1,14,0,7,39,0,46,0,14,45,1,60,152,0,152,212
01/15/2023,FMN,NM,ASW,WE,Federal Contract Tower,0,7,2,0,9,0,0,0,0,0,0,7,2,0,9,0,0,0,9
01/16/2023,FMN,NM,ASW,WE,Federal Contract Tower,0,9,4,0,13,0,0,1,0,1,0,9,5,0,14,16,0,16,30
01/17/2023,FMN,NM,ASW,WE,Federal Contract Tower,0,11,8,0,19,0,1,0,0,1,0,12,8,0,20,0,0,0,20
01/18/2023,FMN,NM,ASW,WE,Federal Contract Tower,0,7,3,2,12,0,2,8,0,10,0,9,11,2,22,0,0,0,22
01/19/2023,FMN,NM,ASW,WE,Federal Contract Tower,0,5,8,1,14,0,7,34,0,41,0,12,42,1,55,140,0,140,195
01/20/2023,FMN,NM,ASW,WE,Federal Contract Tower,0,11,5,0,16,0,0,2,0,2,0,11,7,0,18,0,0,0,18
01/21/2023,FMN,NM,ASW,WE,Federal Contract Tower,0,7,1,0,8,0,7,18,0,25,0,14,19,0,33,44,0,44,77
01/22/2023,FMN,NM,ASW,WE,Federal Contract Tower,0,2,2,0,4,0,4,27,5,36,0,6,29,5,40,104,48,152,192
01/23/2023,FMN,NM,ASW,WE,Federal Contract Tower,0,10,2,0,12,0,4,9,0,13,0,14,11,0,25,20,0,20,45
01/24/2023,FMN,NM,ASW,WE,Federal Contract Tower,0,5,3,0,8,0,10,0,1,11,0,15,3,1,19,0,0,0,19
01/25/2023,FMN,NM,ASW,WE,Federal Contract Tower,0,6,5,0,11,0,1,21,1,23,0,7,26,1,34,128,0,128,162
01/26/2023,FMN,NM,ASW,WE,Federal Contract Tower,0,10,5,0,15,0,21,59,0,80,0,31,64,0,95,208,0,208,303
01/27/2023,FMN,NM,ASW,WE,Federal Contract Tower,0,9,3,1,13,0,9,40,8,57,0,18,43,9,70,178,12,190,260
01/28/2023,FMN,NM,ASW,WE,Federal Contract Tower,0,10,1,0,11,0,7,39,0,46,0,17,40,0,57,142,0,142,199
01/29/2023,FMN,NM,ASW,WE,Federal Contract Tower,0,4,8,6,18,0,5,34,4,43,0,9,42,10,61,184,16,200,261
01/30/2023,FMN,NM,ASW,WE,Federal Contract Tower,0,11,1,0,12,0,11,16,0,27,0,22,17,0,39,88,0,88,127
01/31/2023,FMN,NM,ASW,WE,Federal Contract Tower,0,10,5,2,17,0,4,37,0,41,0,14,42,2,58,28,0,28,86
02/01/2023,FMN,NM,ASW,WE,Federal Contract Tower,0,5,4,0,9,0,4,51,0,55,0,9,55,0,64,74,0,74,138
02/02/2023,FMN,NM,ASW,WE,Federal Contract Tower,0,6,2,0,8,0,13,32,2,47,0,19,34,2,55,154,0,154,209
02/03/2023,FMN,NM,ASW,WE,Federal Contract Tower,0,9,5,0,14,0,12,44,0,56,0,21,49,0,70,176,0,176,246
02/04/2023,FMN,NM,ASW,WE,Federal Contract Tower,0,4,0,0,4,0,4,33,0,37,0,8,33,0,41,180,0,180,221
02/05/2023,FMN,NM,ASW,WE,Federal Contract Tower,0,1,4,0,5,0,5,38,0,43,0,6,42,0,48,112,0,112,160
02/06/2023,FMN,NM,ASW,WE,Federal Contract Tower,0,6,2,0,8,0,14,10,1,25,0,20,12,1,33,116,0,116,149
02/07/2023,FMN,NM,ASW,WE,Federal Contract Tower,0,8,3,0,11,0,14,38,0,52,0,22,41,0,63,118,0,118,181
02/08/2023,FMN,NM,ASW,WE,Federal Contract Tower,0,14,5,0,19,0,6,30,4,40,0,20,35,4,59,152,0,152,211
02/09/2023,FMN,NM,ASW,WE,Federal Contract Tower,0,9,0,2,11,0,7,14,8,29,0,16,14,10,40,62,22,84,124
02/10/2023,FMN,NM,ASW,WE,Federal Contract Tower,0,12,2,1,15,0,25,56,3,84,0,37,58,4,99,132,0,132,231
02/11/2023,FMN,NM,ASW,WE,Federal Contract Tower,0,4,0,0,4,0,3,40,0,43,0,7,40,0,47,146,0,146,193
02/12/2023,FMN,NM,ASW,WE,Federal Contract Tower,0,8,3,0,11,0,5,38,0,43,0,13,41,0,54,154,0,154,208
02/13/2023,FMN,NM,ASW,WE,Federal Contract Tower,0,10,0,0,10,0,3,10,0,13,0,13,10,0,23,18,0,18,41
02/14/2023,FMN,NM,ASW,WE,Federal Contract Tower,0,10,4,0,14,0,0,0,0,0,0,10,4,0,14,0,0,0,14
02/15/2023,FMN,NM,ASW,WE,Federal Contract Tower,0,17,9,0,26,0,0,0,0,0,0,17,9,0,26,0,0,0,26
02/16/2023,FMN,NM,ASW,WE,Federal Contract Tower,0,8,2,0,10,0,18,45,2,65,0,26,47,2,75,148,0,148,223
02/17/2023,FMN,NM,ASW,WE,Federal Contract Tower,0,10,3,0,13,0,11,31,2,44,0,21,34,2,57,94,0,94,151
02/18/2023,FMN,NM,ASW,WE,Federal Contract Tower,0,9,2,0,11,0,3,40,0,43,0,12,42,0,54,238,0,238,292
02/19/2023,FMN,NM,ASW,WE,Federal Contract Tower,0,2,2,2,6,0,0,41,0,41,0,2,43,2,47,138,0,138,185
02/20/2023,FMN,NM,ASW,WE,Federal Contract Tower,0,5,10,0,15,1,5,25,0,31,1,10,35,0,46,36,0,36,82
02/21/2023,FMN,NM,ASW,WE,Federal Contract Tower,0,11,1,1,13,0,32,38,1,71,0,43,39,2,84,122,0,122,206
02/22/2023,FMN,NM,ASW,WE,Federal Contract Tower,0,2,4,0,6,0,2,0,0,2,0,4,4,0,8,4,0,4,12
02/23/2023,FMN,NM,ASW,WE,Federal Contract Tower,0,10,7,2,19,0,0,5,0,5,0,10,12,2,24,24,0,24,48
02/24/2023,FMN,NM,ASW,WE,Federal Contract Tower,0,10,2,0,12,0,7,25,6,38,0,17,27,6,50,96,0,96,146
02/25/2023,FMN,NM,ASW,WE,Federal Contract Tower,0,11,1,0,12,0,4,58,0,62,0,15,59,0,74,148,0,148,222
02/26/2023,FMN,NM,ASW,WE,Federal Contract Tower,0,5,3,2,10,0,1,1,0,2,0,6,4,2,12,12,0,12,24
02/27/2023,FMN,NM,ASW,WE,Federal Contract Tower,0,7,3,0,10,0,7,49,0,56,0,14,52,0,66,108,0,108,174
02/28/2023,FMN,NM,ASW,WE,Federal Contract Tower,0,8,3,0,11,0,21,4,0,25,0,29,7,0,36,0,0,0,36
03/01/2023,FMN,NM,ASW,WE,Federal Contract Tower,0,8,6,0,14,0,0,8,0,8,0,8,14,0,22,0,0,0,22
03/02/2023,FMN,NM,ASW,WE,Federal Contract Tower,0,7,3,0,10,0,1,11,0,12,0,8,14,0,22,34,0,34,56
03/03/2023,FMN,NM,ASW,WE,Federal Contract Tower,0,4,9,0,13,0,8,53,5,66,0,12,62,5,79,138,12,150,229
03/04/2023,FMN,NM,ASW,WE,Federal Contract Tower,0,3,4,0,7,0,4,37,0,41,0,7,41,0,48,132,0,132,180
03/05/2023,FMN,NM,ASW,WE,Federal Contract Tower,0,4,3,0,7,0,2,19,0,21,0,6,22,0,28,78,0,78,106
03/06/2023,FMN,NM,ASW,WE,Federal Contract Tower,0,4,9,0,13,0,4,51,0,55,0,8,60,0,68,38,0,38,106
03/07/2023,FMN,NM,ASW,WE,Federal Contract Tower,0,7,2,0,9,0,8,34,0,42,0,15,36,0,51,134,0,134,185
03/08/2023,FMN,NM,ASW,WE,Federal Contract Tower,0,8,7,2,17,0,5,25,0,30,0,13,32,2,47,92,0,92,139
03/09/2023,FMN,NM,ASW,WE,Federal Contract Tower,0,8,4,0,12,0,4,64,0,68,0,12,68,0,80,163,0,163,243
03/10/2023,FMN,NM,ASW,WE,Federal Contract Tower,0,5,7,0,12,0,3,13,0,16,0,8,20,0,28,28,0,28,56
03/11/2023,FMN,NM,ASW,WE,Federal Contract Tower,0,9,2,0,11,0,0,12,0,12,0,9,14,0,23,0,0,0,23
03/12/2023,FMN,NM,ASW,WE,Federal Contract Tower,0,2,7,0,9,0,5,20,2,27,0,7,27,2,36,44,0,44,80
03/13/2023,FMN,NM,ASW,WE,Federal Contract Tower,0,7,13,0,20,0,4,59,0,63,0,11,72,0,83,110,0,110,193
03/14/2023,FMN,NM,ASW,WE,Federal Contract Tower,0,7,6,1,14,0,5,51,3,59,0,12,57,4,73,56,0,56,129
03/15/2023,FMN,NM,ASW,WE,Federal Contract Tower,0,12,5,0,17,0,1,8,0,9,0,13,13,0,26,8,0,8,34
03/16/2023,FMN,NM,ASW,WE,Federal Contract Tower,0,7,4,0,11,0,3,3,0,6,0,10,7,0,17,0,0,0,17
03/17/2023,FMN,NM,ASW,WE,Federal Contract Tower,0,7,7,0,14,0,8,24,3,35,0,15,31,3,49,50,0,50,99
03/18/2023,FMN,NM,ASW,WE,Federal Contract Tower,0,12,4,0,16,0,1,33,0,34,0,13,37,0,50,56,0,56,106
03/19/2023,FMN,NM,ASW,WE,Federal Contract Tower,0,3,6,0,9,0,2,35,1,38,0,5,41,1,47,76,0,76,123
03/20/2023,FMN,NM,ASW,WE,Federal Contract Tower,0,3,6,0,9,0,1,6,0,7,0,4,12,0,16,0,0,0,16
03/21/2023,FMN,NM,ASW,WE,Federal Contract Tower,0,9,5,0,14,0,0,2,0,2,0,9,7,0,16,0,0,0,16
03/22/2023,FMN,NM,ASW,WE,Federal Contract Tower,0,13,6,0,19,0,2,6,0,8,0,15,12,0,27,0,0,0,27
03/23/2023,FMN,NM,ASW,WE,Federal Contract Tower,0,10,0,0,10,0,5,29,0,34,0,15,29,0,44,174,0,174,218
03/24/2023,FMN,NM,ASW,WE,Federal Contract Tower,0,11,3,0,14,0,2,6,0,8,0,13,9,0,22,6,0,6,28
03/25/2023,FMN,NM,ASW,WE,Federal Contract Tower,0,10,5,0,15,0,5,31,1,37,0,15,36,1,52,120,0,120,172
03/26/2023,FMN,NM,ASW,WE,Federal Contract Tower,0,4,2,0,6,0,3,55,3,61,0,7,57,3,67,178,20,198,265
03/27/2023,FMN,NM,ASW,WE,Federal Contract Tower,0,2,1,0,3,0,3,16,0,19,0,5,17,0,22,46,0,46,68
03/28/2023,FMN,NM,ASW,WE,Federal Contract Tower,0,6,1,0,7,0,2,46,0,48,0,8,47,0,55,154,0,154,209
03/29/2023,FMN,NM,ASW,WE,Federal Contract Tower,0,5,5,0,10,0,2,45,0,47,0,7,50,0,57,152,0,152,209
03/30/2023,FMN,NM,ASW,WE,Federal Contract Tower,0,10,7,3,20,0,1,11,1,13,0,11,18,4,33,56,0,56,89
03/31/2023,FMN,NM,ASW,WE,Federal Contract Tower,0,7,3,0,10,0,0,21,0,21,0,7,24,0,31,66,0,66,97
04/01/2023,FMN,NM,ASW,WE,Federal Contract Tower,0,6,0,1,7,0,3,69,0,72,0,9,69,1,79,252,0,252,331
04/02/2023,FMN,NM,ASW,WE,Federal Contract Tower,0,7,1,1,9,0,4,40,2,46,0,11,41,3,55,96,0,96,151
04/03/2023,FMN,NM,ASW,WE,Federal Contract Tower,0,8,1,0,9,0,6,13,0,19,0,14,14,0,28,90,0,90,118
04/04/2023,FMN,NM,ASW,WE,Federal Contract Tower,0,7,5,0,12,0,2,6,0,8,0,9,11,0,20,10,0,10,30
04/05/2023,FMN,NM,ASW,WE,Federal Contract Tower,0,7,5,0,12,0,1,50,0,51,0,8,55,0,63,112,0,112,175
04/06/2023,FMN,NM,ASW,WE,Federal Contract Tower,0,3,4,0,7,0,3,56,0,59,0,6,60,0,66,208,0,208,274
04/07/2023,FMN,NM,ASW,WE,Federal Contract Tower,0,12,6,0,18,0,17,43,2,62,0,29,49,2,80,146,0,146,226
04/08/2023,FMN,NM,ASW,WE,Federal Contract Tower,0,10,1,0,11,0,5,26,0,31,0,15,27,0,42,112,0,112,154
04/09/2023,FMN,NM,ASW,WE,Federal Contract Tower,0,6,1,0,7,0,7,31,0,38,0,13,32,0,45,94,0,94,139
04/10/2023,FMN,NM,ASW,WE,Federal Contract Tower,0,6,5,0,11,0,3,44,0,47,0,9,49,0,58,74,0,74,132
04/11/2023,FMN,NM,ASW,WE,Federal Contract Tower,0,8,4,2,14,0,1,43,0,44,0,9,47,2,58,110,0,110,168
04/12/2023,FMN,NM,ASW,WE,Federal Contract Tower,0,7,3,0,10,0,2,30,0,32,0,9,33,0,42,60,0,60,102
04/13/2023,FMN,NM,ASW,WE,Federal Contract Tower,0,12,0,0,12,0,0,13,0,13,0,12,13,0,25,66,0,66,91
04/14/2023,FMN,NM,ASW,WE,Federal Contract Tower,0,5,2,0,7,0,1,13,0,14,0,6,15,0,21,32,0,32,53
04/15/2023,FMN,NM,ASW,WE,Federal Contract Tower,0,10,3,2,15,0,2,23,0,25,0,12,26,2,40,18,0,18,58
04/16/2023,FMN,NM,ASW,WE,Federal Contract Tower,0,5,3,0,8,0,0,22,0,22,0,5,25,0,30,58,0,58,88
04/17/2023,FMN,NM,ASW,WE,Federal Contract Tower,0,8,4,0,12,0,14,41,0,55,0,22,45,0,67,166,0,166,233
04/18/2023,FMN,NM,ASW,WE,Federal Contract Tower,0,6,6,0,12,0,5,32,0,37,0,11,38,0,49,66,0,66,115
04/19/2023,FMN,NM,ASW,WE,Federal Contract Tower,0,6,2,0,8,0,2,16,0,18,0,8,18,0,26,46,0,46,72
04/20/2023,FMN,NM,ASW,WE,Federal Contract Tower,0,7,9,0,16,0,5,8,0,13,0,12,17,0,29,34,0,34,63
04/21/2023,FMN,NM,ASW,WE,Federal Contract Tower,0,8,4,0,12,0,5,16,0,21,0,13,20,0,33,30,0,30,63
04/22/2023,FMN,NM,ASW,WE,Federal Contract Tower,0,4,0,0,4,0,3,14,0,17,0,7,14,0,21,50,0,50,71
04/23/2023,FMN,NM,ASW,WE,Federal Contract Tower,0,6,3,0,9,0,14,34,0,48,0,20,37,0,57,144,0,144,201
04/24/2023,FMN,NM,ASW,WE,Federal Contract Tower,0,3,4,0,7,0,2,28,0,30,0,5,32,0,37,142,0,142,179
04/25/2023,FMN,NM,ASW,WE,Federal Contract Tower,0,12,6,0,18,0,6,19,0,25,0,18,25,0,43,100,0,100,143
04/26/2023,FMN,NM,ASW,WE,Federal Contract Tower,0,7,3,0,10,0,3,32,0,35,0,10,35,0,45,142,0,142,187
04/27/2023,FMN,NM,ASW,WE,Federal Contract Tower,0,9,3,0,12,0,5,30,0,35,0,14,33,0,47,76,0,76,123
04/28/2023,FMN,NM,ASW,WE,Federal Contract Tower,0,7,4,10,21,0,4,25,0,29,0,11,29,10,50,52,0,52,102
04/29/2023,FMN,NM,ASW,WE,Federal Contract Tower,0,11,0,0,11,0,0,32,0,32,0,11,32,0,43,70,0,70,113
04/30/2023,FMN,NM,ASW,WE,Federal Contract Tower,0,9,2,0,11,0,9,40,0,49,0,18,42,0,60,162,0,162,222
05/01/2023,FMN,NM,ASW,WE,Federal Contract Tower,0,5,7,1,13,0,10,32,1,43,0,15,39,2,56,102,0,102,158
05/02/2023,FMN,NM,ASW,WE,Federal Contract Tower,0,7,4,2,13,0,3,41,1,45,0,10,45,3,58,130,0,130,188
05/03/2023,FMN,NM,ASW,WE,Federal Contract Tower,0,10,2,0,12,0,6,26,0,32,0,16,28,0,44,108,0,108,152
05/04/2023,FMN,NM,ASW,WE,Federal Contract Tower,0,7,3,0,10,0,2,37,0,39,0,9,40,0,49,96,0,96,145
05/05/2023,FMN,NM,ASW,WE,Federal Contract Tower,0,11,2,2,15,0,20,59,0,79,0,31,61,2,94,180,0,180,274
05/06/2023,FMN,NM,ASW,WE,Federal Contract Tower,0,14,0,0,14,0,6,19,0,25,0,20,19,0,39,84,0,84,123
05/07/2023,FMN,NM,ASW,WE,Federal Contract Tower,0,5,3,4,12,0,9,37,5,51,0,14,40,9,63,128,16,144,207
05/08/2023,FMN,NM,ASW,WE,Federal Contract Tower,0,9,0,2,11,0,6,35,0,41,0,15,35,2,52,56,8,64,116
05/09/2023,FMN,NM,ASW,WE,Federal Contract Tower,0,10,6,0,16,0,8,55,0,63,0,18,61,0,79,164,0,164,243
05/10/2023,FMN,NM,ASW,WE,Federal Contract Tower,0,4,6,0,10,0,1,59,6,66,0,5,65,6,76,104,0,104,180
05/11/2023,FMN,NM,ASW,WE,Federal Contract Tower,0,12,3,2,17,0,3,28,0,31,0,15,31,2,48,66,0,66,114
05/12/2023,FMN,NM,ASW,WE,Federal Contract Tower,0,14,9,1,24,0,7,54,0,61,0,21,63,1,85,190,0,190,275
05/13/2023,FMN,NM,ASW,WE,Federal Contract Tower,0,7,4,0,11,0,1,19,0,20,0,8,23,0,31,36,0,36,67
05/14/2023,FMN,NM,ASW,WE,Federal Contract Tower,0,1,8,0,9,0,0,34,0,34,0,1,42,0,43,142,0,142,185
05/15/2023,FMN,NM,ASW,WE,Federal Contract Tower,0,6,7,0,13,0,77,50,0,127,0,83,57,0,140,104,0,104,244
05/16/2023,FMN,NM,ASW,WE,Federal Contract Tower,0,9,7,0,16,0,6,47,0,53,0,15,54,0,69,150,0,150,219
05/17/2023,FMN,NM,ASW,WE,Federal Contract Tower,0,16,4,0,20,0,7,53,0,60,0,23,57,0,80,116,0,116,196
05/18/2023,FMN,NM,ASW,WE,Federal Contract Tower,0,7,2,0,9,0,3,37,12,52,0,10,39,12,61,218,48,266,327
05/19/2023,FMN,NM,ASW,WE,Federal Contract Tower,0,9,14,0,23,0,2,27,0,29,0,11,41,0,52,136,0,136,188
05/20/2023,FMN,NM,ASW,WE,Federal Contract Tower,0,5,7,0,12,0,0,14,0,14,0,5,21,0,26,106,0,106,132
05/21/2023,FMN,NM,ASW,WE,Federal Contract Tower,0,2,2,0,4,0,3,29,0,32,0,5,31,0,36,74,0,74,110
05/22/2023,FMN,NM,ASW,WE,Federal Contract Tower,0,5,8,0,13,0,5,37,2,44,0,10,45,2,57,78,0,78,135
05/23/2023,FMN,NM,ASW,WE,Federal Contract Tower,0,6,12,4,22,0,8,50,6,64,0,14,62,10,86,128,0,128,214
05/24/2023,FMN,NM,ASW,WE,Federal Contract Tower,0,8,5,1,14,0,7,53,0,60,0,15,58,1,74,144,0,144,218
05/25/2023,FMN,NM,ASW,WE,Federal Contract Tower,0,7,12,2,21,0,11,45,0,56,0,18,57,2,77,102,0,102,179
05/26/2023,FMN,NM,ASW,WE,Federal Contract Tower,0,3,9,0,12,0,7,27,2,36,0,10,36,2,48,114,8,122,170
05/27/2023,FMN,NM,ASW,WE,Federal Contract Tower,0,8,1,0,9,0,2,38,0,40,0,10,39,0,49,68,0,68,117
05/28/2023,FMN,NM,ASW,WE,Federal Contract Tower,0,1,5,0,6,0,3,37,0,40,0,4,42,0,46,56,0,56,102
05/29/2023,FMN,NM,ASW,WE,Federal Contract Tower,0,3,11,0,14,0,4,56,0,60,0,7,67,0,74,124,0,124,198
05/30/2023,FMN,NM,ASW,WE,Federal Contract Tower,0,6,5,0,11,0,6,44,0,50,0,12,49,0,61,108,0,108,169
05/31/2023,FMN,NM,ASW,WE,Federal Contract Tower,0,6,12,0,18,0,4,50,0,54,0,10,62,0,72,120,0,120,192
06/01/2023,FMN,NM,ASW,WE,Federal Contract Tower,0,10,1,0,11,0,8,34,0,42,0,18,35,0,53,176,0,176,229
06/02/2023,FMN,NM,ASW,WE,Federal Contract Tower,0,5,1,0,6,0,5,34,4,43,0,10,35,4,49,76,0,76,125
06/03/2023,FMN,NM,ASW,WE,Federal Contract Tower,0,11,4,0,15,0,1,33,0,34,0,12,37,0,49,116,0,116,165
06/04/2023,FMN,NM,ASW,WE,Federal Contract Tower,0,3,0,0,3,0,6,19,0,25,0,9,19,0,28,84,0,84,112
06/05/2023,FMN,NM,ASW,WE,Federal Contract Tower,0,12,0,0,12,0,2,25,0,27,0,14,25,0,39,42,0,42,81
06/06/2023,FMN,NM,ASW,WE,Federal Contract Tower,0,13,8,0,21,0,14,43,3,60,0,27,51,3,81,126,0,126,207
06/07/2023,FMN,NM,ASW,WE,Federal Contract Tower,0,10,8,0,18,0,7,33,0,40,0,17,41,0,58,102,0,102,160
06/08/2023,FMN,NM,ASW,WE,Federal Contract Tower,0,5,1,0,6,0,9,47,0,56,0,14,48,0,62,114,0,114,176
06/09/2023,FMN,NM,ASW,WE,Federal Contract Tower,0,7,2,0,9,0,3,57,0,60,0,10,59,0,69,132,0,132,201
06/10/2023,FMN,NM,ASW,WE,Federal Contract Tower,0,5,1,0,6,0,7,27,0,34,0,12,28,0,40,102,0,102,142
06/11/2023,FMN,NM,ASW,WE,Federal Contract Tower,0,4,0,0,4,0,7,26,0,33,0,11,26,0,37,150,0,150,187
06/12/2023,FMN,NM,ASW,WE,Federal Contract Tower,0,9,1,0,10,0,14,30,0,44,0,23,31,0,54,76,0,76,130
06/13/2023,FMN,NM,ASW,WE,Federal Contract Tower,0,10,4,1,15,0,6,29,0,35,0,16,33,1,50,144,0,144,194
06/14/2023,FMN,NM,ASW,WE,Federal Contract Tower,0,4,5,2,11,0,3,20,0,23,0,7,25,2,34,28,0,28,62
06/15/2023,FMN,NM,ASW,WE,Federal Contract Tower,0,7,4,1,12,0,6,36,0,42,0,13,40,1,54,146,0,146,200
06/16/2023,FMN,NM,ASW,WE,Federal Contract Tower,0,8,2,6,16,0,2,43,0,45,0,10,45,6,61,148,0,148,209
06/17/2023,FMN,NM,ASW,WE,Federal Contract Tower,0,7,2,2,11,0,3,30,0,33,0,10,32,2,44,140,0,140,184
06/18/2023,FMN,NM,ASW,WE,Federal Contract Tower,0,6,0,0,6,0,11,27,0,38,0,17,27,0,44,36,0,36,80
06/19/2023,FMN,NM,ASW,WE,Federal Contract Tower,0,2,1,0,3,0,5,29,0,34,0,7,30,0,37,70,0,70,107
06/20/2023,FMN,NM,ASW,WE,Federal Contract Tower,0,6,2,0,8,0,11,32,0,43,0,17,34,0,51,68,0,68,119
06/21/2023,FMN,NM,ASW,WE,Federal Contract Tower,0,4,2,0,6,0,6,37,0,43,0,10,39,0,49,138,0,138,187
06/22/2023,FMN,NM,ASW,WE,Federal Contract Tower,3,11,4,0,18,0,12,53,0,65,3,23,57,0,83,218,0,218,301
06/23/2023,FMN,NM,ASW,WE,Federal Contract Tower,0,11,3,0,14,0,5,31,2,38,0,16,34,2,52,112,6,118,170
06/24/2023,FMN,NM,ASW,WE,Federal Contract Tower,0,7,1,0,8,0,4,45,0,49,0,11,46,0,57,110,0,110,167
06/25/2023,FMN,NM,ASW,WE,Federal Contract Tower,0,6,0,0,6,0,6,25,0,31,0,12,25,0,37,60,0,60,97
06/26/2023,FMN,NM,ASW,WE,Federal Contract Tower,0,11,3,0,14,0,2,28,0,30,0,13,31,0,44,42,0,42,86
06/27/2023,FMN,NM,ASW,WE,Federal Contract Tower,0,6,0,2,8,0,6,22,1,29,0,12,22,3,37,110,6,116,153
06/28/2023,FMN,NM,ASW,WE,Federal Contract Tower,0,5,1,0,6,0,10,37,0,47,0,15,38,0,53,66,0,66,119
06/29/2023,FMN,NM,ASW,WE,Federal Contract Tower,0,6,2,0,8,0,19,109,10,138,0,25,111,10,146,170,20,190,336
06/30/2023,FMN,NM,ASW,WE,Federal Contract Tower,0,5,2,0,7,0,9,41,1,51,0,14,43,1,58,86,24,110,168
07/01/2023,FMN,NM,ASW,WE,Federal Contract Tower,0,9,1,0,10,0,4,38,0,42,0,13,39,0,52,144,0,144,196
07/02/2023,FMN,NM,ASW,WE,Federal Contract Tower,0,3,1,0,4,0,7,28,0,35,0,10,29,0,39,80,0,80,119
07/03/2023,FMN,NM,ASW,WE,Federal Contract Tower,0,4,0,0,4,0,5,44,0,49,0,9,44,0,53,52,0,52,105
07/04/2023,FMN,NM,ASW,WE,Federal Contract Tower,0,3,1,0,4,0,4,13,0,17,0,7,14,0,21,36,0,36,57
07/05/2023,FMN,NM,ASW,WE,Federal Contract Tower,0,8,1,0,9,0,6,32,0,38,0,14,33,0,47,60,0,60,107
07/06/2023,FMN,NM,ASW,WE,Federal Contract Tower,0,7,7,0,14,0,3,39,1,43,0,10,46,1,57,76,0,76,133
07/07/2023,FMN,NM,ASW,WE,Federal Contract Tower,0,12,3,4,19,0,7,33,0,40,0,19,36,4,59,62,0,62,121
07/08/2023,FMN,NM,ASW,WE,Federal Contract Tower,0,4,4,0,8,0,8,20,0,28,0,12,24,0,36,83,0,83,119
07/09/2023,FMN,NM,ASW,WE,Federal Contract Tower,0,4,7,5,16,0,11,30,5,46,0,15,37,10,62,82,6,88,150
07/10/2023,FMN,NM,ASW,WE,Federal Contract Tower,0,8,2,1,11,0,7,22,3,32,0,15,24,4,43,46,22,68,111
07/11/2023,FMN,NM,ASW,WE,Federal Contract Tower,0,7,4,0,11,0,8,31,0,39,0,15,35,0,50,98,0,98,148
07/12/2023,FMN,NM,ASW,WE,Federal Contract Tower,0,9,4,0,13,0,5,21,2,28,0,14,25,2,41,82,0,82,123
07/13/2023,FMN,NM,ASW,WE,Federal Contract Tower,0,4,6,0,10,0,9,45,4,58,0,13,51,4,68,106,0,106,174
07/14/2023,FMN,NM,ASW,WE,Federal Contract Tower,0,7,1,0,8,0,7,26,0,33,0,14,27,0,41,40,0,40,81
07/15/2023,FMN,NM,ASW,WE,Federal Contract Tower,0,11,0,0,11,0,8,27,0,35,0,19,27,0,46,80,0,80,126
07/16/2023,FMN,NM,ASW,WE,Federal Contract Tower,0,6,2,0,8,0,3,16,0,19,0,9,18,0,27,46,0,46,73
07/17/2023,FMN,NM,ASW,WE,Federal Contract Tower,0,5,0,0,5,0,13,20,6,39,0,18,20,6,44,26,6,32,76
07/18/2023,FMN,NM,ASW,WE,Federal Contract Tower,0,9,4,0,13,0,5,36,0,41,0,14,40,0,54,136,0,136,190
07/19/2023,FMN,NM,ASW,WE,Federal Contract Tower,0,8,1,0,9,0,15,35,0,50,0,23,36,0,59,80,0,80,139
07/20/2023,FMN,NM,ASW,WE,Federal Contract Tower,0,7,2,3,12,0,6,27,0,33,0,13,29,3,45,128,0,128,173
07/21/2023,FMN,NM,ASW,WE,Federal Contract Tower,0,8,2,0,10,0,7,33,0,40,0,15,35,0,50,112,0,112,162
07/22/2023,FMN,NM,ASW,WE,Federal Contract Tower,0,7,0,0,7,0,2,33,0,35,0,9,33,0,42,146,0,146,188
07/23/2023,FMN,NM,ASW,WE,Federal Contract Tower,0,8,2,0,10,0,5,34,0,39,0,13,36,0,49,14,0,14,63
07/24/2023,FMN,NM,ASW,WE,Federal Contract Tower,0,11,3,0,14,0,3,61,0,64,0,14,64,0,78,82,0,82,160
07/25/2023,FMN,NM,ASW,WE,Federal Contract Tower,0,8,2,0,10,0,10,37,0,47,0,18,39,0,57,108,0,108,165
07/26/2023,FMN,NM,ASW,WE,Federal Contract Tower,0,6,1,0,7,0,8,47,0,55,0,14,48,0,62,190,0,190,252
07/27/2023,FMN,NM,ASW,WE,Federal Contract Tower,0,8,1,0,9,0,4,30,0,34,0,12,31,0,43,96,0,96,139
07/28/2023,FMN,NM,ASW,WE,Federal Contract Tower,0,11,2,0,13,0,8,31,0,39,0,19,33,0,52,178,0,178,230
07/29/2023,FMN,NM,ASW,WE,Federal Contract Tower,0,6,4,0,10,0,11,22,0,33,0,17,26,0,43,88,0,88,131
07/30/2023,FMN,NM,ASW,WE,Federal Contract Tower,0,5,0,0,5,0,9,20,0,29,0,14,20,0,34,100,0,100,134
07/31/2023,FMN,NM,ASW,WE,Federal Contract Tower,0,4,6,3,13,0,8,40,1,49,0,12,46,4,62,168,6,174,236
08/01/2023,FMN,NM,ASW,WE,Federal Contract Tower,0,11,2,0,13,0,7,34,0,41,0,18,36,0,54,161,0,161,215
08/02/2023,FMN,NM,ASW,WE,Federal Contract Tower,0,8,2,2,12,0,8,30,0,38,0,16,32,2,50,92,0,92,142
08/03/2023,FMN,NM,ASW,WE,Federal Contract Tower,0,10,2,1,13,0,4,31,1,36,0,14,33,2,49,80,0,80,129
08/04/2023,FMN,NM,ASW,WE,Federal Contract Tower,0,8,3,0,11,0,5,38,0,43,0,13,41,0,54,106,0,106,160
08/05/2023,FMN,NM,ASW,WE,Federal Contract Tower,0,4,3,0,7,0,8,30,0,38,0,12,33,0,45,178,0,178,223
08/06/2023,FMN,NM,ASW,WE,Federal Contract Tower,0,4,4,0,8,0,8,50,0,58,0,12,54,0,66,130,0,130,196
08/07/2023,FMN,NM,ASW,WE,Federal Contract Tower,0,5,0,0,5,0,24,29,0,53,0,29,29,0,58,54,0,54,112
08/08/2023,FMN,NM,ASW,WE,Federal Contract Tower,0,8,1,0,9,0,20,37,0,57,0,28,38,0,66,185,0,185,251
08/09/2023,FMN,NM,ASW,WE,Federal Contract Tower,0,10,6,0,16,0,38,41,0,79,0,48,47,0,95,92,0,92,187
08/10/2023,FMN,NM,ASW,WE,Federal Contract Tower,0,8,5,3,16,0,13,52,1,66,0,21,57,4,82,178,0,178,260
08/11/2023,FMN,NM,ASW,WE,Federal Contract Tower,0,9,1,0,10,0,3,40,0,43,0,12,41,0,53,78,0,78,131
08/12/2023,FMN,NM,ASW,WE,Federal Contract Tower,0,7,1,0,8,0,6,21,0,27,0,13,22,0,35,104,0,104,139
08/13/2023,FMN,NM,ASW,WE,Federal Contract Tower,0,2,5,0,7,0,6,19,0,25,0,8,24,0,32,50,0,50,82
08/14/2023,FMN,NM,ASW,WE,Federal Contract Tower,0,6,7,0,13,0,8,20,0,28,0,14,27,0,41,34,0,34,75
08/15/2023,FMN,NM,ASW,WE,Federal Contract Tower,0,9,2,0,11,0,8,36,0,44,0,17,38,0,55,118,0,118,173
08/16/2023,FMN,NM,ASW,WE,Federal Contract Tower,0,7,0,0,7,0,14,42,2,58,0,21,42,2,65,136,0,136,201
08/17/2023,FMN,NM,ASW,WE,Federal Contract Tower,0,16,1,0,17,0,10,43,8,61,0,26,44,8,78,292,32,324,402
08/18/2023,FMN,NM,ASW,WE,Federal Contract Tower,0,10,2,1,13,0,14,42,2,58,0,24,44,3,71,208,0,208,279
08/19/2023,FMN,NM,ASW,WE,Federal Contract Tower,0,7,2,0,9,0,5,45,1,51,0,12,47,1,60,180,0,180,240
08/20/2023,FMN,NM,ASW,WE,Federal Contract Tower,0,1,7,0,8,0,8,11,0,19,0,9,18,0,27,46,0,46,73
08/21/2023,FMN,NM,ASW,WE,Federal Contract Tower,0,12,4,0,16,0,15,34,2,51,0,27,38,2,67,64,0,64,131
08/22/2023,FMN,NM,ASW,WE,Federal Contract Tower,0,6,2,0,8,0,14,17,2,33,0,20,19,2,41,98,0,98,139
08/23/2023,FMN,NM,ASW,WE,Federal Contract Tower,0,6,9,0,15,0,4,39,4,47,0,10,48,4,62,78,0,78,140
08/24/2023,FMN,NM,ASW,WE,Federal Contract Tower,0,9,5,0,14,0,11,24,0,35,0,20,29,0,49,88,0,88,137
08/25/2023,FMN,NM,ASW,WE,Federal Contract Tower,0,9,5,0,14,0,9,45,3,57,0,18,50,3,71,228,0,228,299
08/26/2023,FMN,NM,ASW,WE,Federal Contract Tower,0,8,3,0,11,0,9,35,0,44,0,17,38,0,55,200,0,200,255
08/27/2023,FMN,NM,ASW,WE,Federal Contract Tower,0,1,5,0,6,0,8,33,6,47,0,9,38,6,53,88,0,88,141
08/28/2023,FMN,NM,ASW,WE,Federal Contract Tower,0,8,3,0,11,0,9,36,1,46,0,17,39,1,57,92,48,140,197
08/29/2023,FMN,NM,ASW,WE,Federal Contract Tower,0,7,5,1,13,0,4,46,0,50,0,11,51,1,63,132,0,132,195
08/30/2023,FMN,NM,ASW,WE,Federal Contract Tower,0,7,8,1,16,0,10,43,0,53,0,17,51,1,69,134,0,134,203
08/31/2023,FMN,NM,ASW,WE,Federal Contract Tower,0,6,2,0,8,0,9,40,9,58,0,15,42,9,66,140,92,232,298
