01/01/2000,FOE,KS,ACE,CE,Federal Contract Tower,0,0,1,0,1,0,0,14,0,14,0,0,15,0,15,0,0,0,15
01/02/2000,FOE,KS,ACE,CE,Federal Contract Tower,0,2,2,1,5,0,0,23,0,23,0,2,25,1,28,2,0,2,30
01/03/2000,FOE,KS,ACE,CE,Federal Contract Tower,0,4,5,1,10,0,6,0,0,6,0,10,5,1,16,0,0,0,16
01/04/2000,FOE,KS,ACE,CE,Federal Contract Tower,0,6,8,5,19,0,0,27,1,28,0,6,35,6,47,24,22,46,93
01/05/2000,FOE,KS,ACE,CE,Federal Contract Tower,0,8,17,12,37,0,0,17,1,18,0,8,34,13,55,14,10,24,79
01/06/2000,FOE,KS,ACE,CE,Federal Contract Tower,0,9,12,8,29,0,1,20,6,27,0,10,32,14,56,38,72,110,166
01/07/2000,FOE,KS,ACE,CE,Federal Contract Tower,0,9,14,5,28,0,1,17,0,18,0,10,31,5,46,16,26,42,88
01/08/2000,FOE,KS,ACE,CE,Federal Contract Tower,0,2,3,1,6,0,0,2,4,6,0,2,5,5,12,2,0,2,14
01/09/2000,FOE,KS,ACE,CE,Federal Contract Tower,0,4,5,3,12,0,0,2,14,16,0,4,7,17,28,8,4,12,40
01/10/2000,FOE,KS,ACE,CE,Federal Contract Tower,0,9,13,9,31,0,2,7,0,9,0,11,20,9,40,28,52,80,120
01/11/2000,FOE,KS,ACE,CE,Federal Contract Tower,0,10,15,10,35,0,0,16,2,18,0,10,31,12,53,10,90,100,153
01/12/2000,FOE,KS,ACE,CE,Federal Contract Tower,0,9,13,10,32,0,1,22,2,25,0,10,35,12,57,20,26,46,103
01/13/2000,FOE,KS,ACE,CE,Federal Contract Tower,0,10,19,14,43,0,0,24,8,32,0,10,43,22,75,28,68,96,171
01/14/2000,FOE,KS,ACE,CE,Federal Contract Tower,0,8,14,5,27,0,0,28,0,28,0,8,42,5,55,13,16,29,84
01/15/2000,FOE,KS,ACE,CE,Federal Contract Tower,0,2,4,1,7,0,0,24,0,24,0,2,28,1,31,14,0,14,45
01/16/2000,FOE,KS,ACE,CE,Federal Contract Tower,0,5,7,0,12,0,1,31,0,32,0,6,38,0,44,34,0,34,78
01/17/2000,FOE,KS,ACE,CE,Federal Contract Tower,0,5,8,0,13,0,3,5,0,8,0,8,13,0,21,20,0,20,41
01/18/2000,FOE,KS,ACE,CE,Federal Contract Tower,0,8,19,7,34,0,0,6,0,6,0,8,25,7,40,6,40,46,86
01/19/2000,FOE,KS,ACE,CE,Federal Contract Tower,0,8,15,10,33,0,2,5,0,7,0,10,20,10,40,0,52,52,92
01/20/2000,FOE,KS,ACE,CE,Federal Contract Tower,0,8,21,15,44,2,0,11,16,29,2,8,32,31,73,22,96,118,191
01/21/2000,FOE,KS,ACE,CE,Federal Contract Tower,0,8,16,11,35,2,0,22,12,36,2,8,38,23,71,18,148,166,237
01/22/2000,FOE,KS,ACE,CE,Federal Contract Tower,0,2,6,3,11,0,0,28,5,33,0,2,34,8,44,62,10,72,116
01/23/2000,FOE,KS,ACE,CE,Federal Contract Tower,0,4,8,6,18,0,2,9,2,13,0,6,17,8,31,20,0,20,51
01/24/2000,FOE,KS,ACE,CE,Federal Contract Tower,0,7,12,7,26,0,3,11,0,14,0,10,23,7,40,18,12,30,70
01/25/2000,FOE,KS,ACE,CE,Federal Contract Tower,0,9,25,17,51,0,0,23,4,27,0,9,48,21,78,28,62,90,168
01/26/2000,FOE,KS,ACE,CE,Federal Contract Tower,0,8,19,13,40,0,0,65,0,65,0,8,84,13,105,12,2,14,119
01/27/2000,FOE,KS,ACE,CE,Federal Contract Tower,0,4,10,6,20,0,0,11,5,16,0,4,21,11,36,6,20,26,62
01/28/2000,FOE,KS,ACE,CE,Federal Contract Tower,0,8,17,12,37,0,0,5,8,13,0,8,22,20,50,0,8,8,58
01/29/2000,FOE,KS,ACE,CE,Federal Contract Tower,0,3,9,2,14,2,0,6,0,8,2,3,15,2,22,0,0,0,22
01/30/2000,FOE,KS,ACE,CE,Federal Contract Tower,0,3,7,5,15,0,3,6,0,9,0,6,13,5,24,0,0,0,24
01/31/2000,FOE,KS,ACE,CE,Federal Contract Tower,0,6,12,2,20,2,5,5,0,12,2,11,17,2,32,2,2,4,36
02/01/2000,FOE,KS,ACE,CE,Federal Contract Tower,0,8,17,12,37,0,0,16,0,16,0,8,33,12,53,10,116,126,179
02/02/2000,FOE,KS,ACE,CE,Federal Contract Tower,1,8,15,18,42,1,0,14,3,18,2,8,29,21,60,10,40,50,110
02/03/2000,FOE,KS,ACE,CE,Federal Contract Tower,0,8,17,20,45,0,0,19,11,30,0,8,36,31,75,8,108,116,191
02/04/2000,FOE,KS,ACE,CE,Federal Contract Tower,0,8,14,17,39,0,0,4,11,15,0,8,18,28,54,14,160,174,228
02/05/2000,FOE,KS,ACE,CE,Federal Contract Tower,0,1,2,3,6,0,1,32,10,43,0,2,34,13,49,30,8,38,87
02/06/2000,FOE,KS,ACE,CE,Federal Contract Tower,0,5,7,2,14,0,3,40,0,43,0,8,47,2,57,6,0,6,63
02/07/2000,FOE,KS,ACE,CE,Federal Contract Tower,0,5,8,6,19,0,5,14,0,19,0,10,22,6,38,44,48,92,130
02/08/2000,FOE,KS,ACE,CE,Federal Contract Tower,0,8,13,14,35,0,0,33,0,33,0,8,46,14,68,28,56,84,152
02/09/2000,FOE,KS,ACE,CE,Federal Contract Tower,0,6,19,23,48,0,0,19,3,22,0,6,38,26,70,10,124,134,204
02/10/2000,FOE,KS,ACE,CE,Federal Contract Tower,0,8,15,12,35,0,0,28,0,28,0,8,43,12,63,6,52,58,121
02/11/2000,FOE,KS,ACE,CE,Federal Contract Tower,0,7,11,14,32,0,9,4,2,15,0,16,15,16,47,2,28,30,77
02/12/2000,FOE,KS,ACE,CE,Federal Contract Tower,0,4,7,9,20,0,0,7,0,7,0,4,14,9,27,2,2,4,31
02/13/2000,FOE,KS,ACE,CE,Federal Contract Tower,0,4,7,0,11,0,2,9,0,11,0,6,16,0,22,0,0,0,22
02/14/2000,FOE,KS,ACE,CE,Federal Contract Tower,0,9,13,11,33,0,0,11,0,11,0,9,24,11,44,46,54,100,144
02/15/2000,FOE,KS,ACE,CE,Federal Contract Tower,0,8,13,14,35,0,0,13,15,28,0,8,26,29,63,16,40,56,119
02/16/2000,FOE,KS,ACE,CE,Federal Contract Tower,0,10,25,26,61,0,0,14,0,14,0,10,39,26,75,12,162,174,249
02/17/2000,FOE,KS,ACE,CE,Federal Contract Tower,0,9,11,14,34,0,1,0,9,10,0,10,11,23,44,0,10,10,54
02/18/2000,FOE,KS,ACE,CE,Federal Contract Tower,0,5,8,8,21,0,3,2,6,11,0,8,10,14,32,0,4,4,36
02/19/2000,FOE,KS,ACE,CE,Federal Contract Tower,0,2,5,1,8,0,0,11,0,11,0,2,16,1,19,14,0,14,33
02/20/2000,FOE,KS,ACE,CE,Federal Contract Tower,0,5,6,7,18,0,1,59,5,65,0,6,65,12,83,50,2,52,135
02/21/2000,FOE,KS,ACE,CE,Federal Contract Tower,0,6,8,3,17,0,6,10,0,16,0,12,18,3,33,0,0,0,33
02/22/2000,FOE,KS,ACE,CE,Federal Contract Tower,0,10,16,13,39,0,0,5,0,5,0,10,21,13,44,2,96,98,142
02/23/2000,FOE,KS,ACE,CE,Federal Contract Tower,0,9,16,17,42,0,0,11,6,17,0,9,27,23,59,0,50,50,109
02/24/2000,FOE,KS,ACE,CE,Federal Contract Tower,0,8,24,26,58,0,0,30,0,30,0,8,54,26,88,6,108,114,202
02/25/2000,FOE,KS,ACE,CE,Federal Contract Tower,0,8,15,17,40,2,0,11,0,13,2,8,26,17,53,6,12,18,71
02/26/2000,FOE,KS,ACE,CE,Federal Contract Tower,0,0,2,2,4,0,2,31,5,38,0,2,33,7,42,46,10,56,98
02/27/2000,FOE,KS,ACE,CE,Federal Contract Tower,0,4,8,3,15,2,2,82,0,86,2,6,90,3,101,108,6,114,215
02/28/2000,FOE,KS,ACE,CE,Federal Contract Tower,0,8,13,8,29,0,0,11,0,11,0,8,24,8,40,28,70,98,138
02/29/2000,FOE,KS,ACE,CE,Federal Contract Tower,0,8,19,13,40,6,0,17,0,23,6,8,36,13,63,10,60,70,133
03/01/2000,FOE,KS,ACE,CE,Federal Contract Tower,0,8,17,8,33,0,0,32,0,32,0,8,49,8,65,78,102,180,245
03/02/2000,FOE,KS,ACE,CE,Federal Contract Tower,3,10,16,10,39,2,2,0,3,7,5,12,16,13,46,0,18,18,64
03/03/2000,FOE,KS,ACE,CE,Federal Contract Tower,1,10,20,8,39,0,0,12,0,12,1,10,32,8,51,8,4,12,63
03/04/2000,FOE,KS,ACE,CE,Federal Contract Tower,1,4,6,3,14,4,0,27,4,35,5,4,33,7,49,46,0,46,95
03/05/2000,FOE,KS,ACE,CE,Federal Contract Tower,0,5,8,4,17,0,1,14,10,25,0,6,22,14,42,14,2,16,58
03/06/2000,FOE,KS,ACE,CE,Federal Contract Tower,0,8,15,8,31,0,0,20,2,22,0,8,35,10,53,6,4,10,63
03/07/2000,FOE,KS,ACE,CE,Federal Contract Tower,0,9,17,10,36,0,1,7,4,12,0,10,24,14,48,13,98,111,159
03/08/2000,FOE,KS,ACE,CE,Federal Contract Tower,0,8,15,9,32,0,2,10,1,13,0,10,25,10,45,4,0,4,49
03/09/2000,FOE,KS,ACE,CE,Federal Contract Tower,0,8,19,11,38,0,0,24,9,33,0,8,43,20,71,40,70,110,181
03/10/2000,FOE,KS,ACE,CE,Federal Contract Tower,0,7,12,7,26,0,3,22,12,37,0,10,34,19,63,18,0,18,81
03/11/2000,FOE,KS,ACE,CE,Federal Contract Tower,0,1,3,2,6,0,1,28,0,29,0,2,31,2,35,10,0,10,45
03/12/2000,FOE,KS,ACE,CE,Federal Contract Tower,0,5,8,1,14,0,1,30,0,31,0,6,38,1,45,26,0,26,71
03/13/2000,FOE,KS,ACE,CE,Federal Contract Tower,2,8,16,1,27,3,0,11,0,14,5,8,27,1,41,26,28,54,95
03/14/2000,FOE,KS,ACE,CE,Federal Contract Tower,0,8,16,8,32,0,0,24,0,24,0,8,40,8,56,8,36,44,100
03/15/2000,FOE,KS,ACE,CE,Federal Contract Tower,2,8,27,6,43,0,0,21,0,21,2,8,48,6,64,8,6,14,78
03/16/2000,FOE,KS,ACE,CE,Federal Contract Tower,1,12,26,14,53,1,0,9,0,10,2,12,35,14,63,14,74,88,151
03/17/2000,FOE,KS,ACE,CE,Federal Contract Tower,0,10,20,10,40,0,0,7,9,16,0,10,27,19,56,10,58,68,124
03/18/2000,FOE,KS,ACE,CE,Federal Contract Tower,0,2,6,0,8,0,0,6,0,6,0,2,12,0,14,2,0,2,16
03/19/2000,FOE,KS,ACE,CE,Federal Contract Tower,0,5,10,4,19,0,1,12,0,13,0,6,22,4,32,6,0,6,38
03/20/2000,FOE,KS,ACE,CE,Federal Contract Tower,1,6,14,3,24,1,0,10,0,11,2,6,24,3,35,8,2,10,45
03/21/2000,FOE,KS,ACE,CE,Federal Contract Tower,0,8,14,7,29,0,0,12,6,18,0,8,26,13,47,38,58,96,143
03/22/2000,FOE,KS,ACE,CE,Federal Contract Tower,1,10,22,11,44,0,0,23,9,32,1,10,45,20,76,48,88,136,212
03/23/2000,FOE,KS,ACE,CE,Federal Contract Tower,0,9,17,6,32,0,5,5,0,10,0,14,22,6,42,7,20,27,69
03/24/2000,FOE,KS,ACE,CE,Federal Contract Tower,0,7,12,6,25,0,1,25,2,28,0,8,37,8,53,18,16,34,87
03/25/2000,FOE,KS,ACE,CE,Federal Contract Tower,0,2,9,4,15,4,0,37,9,50,4,2,46,13,65,54,18,72,137
03/26/2000,FOE,KS,ACE,CE,Federal Contract Tower,0,3,7,4,14,0,3,52,3,58,0,6,59,7,72,28,0,28,100
03/27/2000,FOE,KS,ACE,CE,Federal Contract Tower,0,7,14,8,29,2,1,3,0,6,2,8,17,8,35,4,34,38,73
03/28/2000,FOE,KS,ACE,CE,Federal Contract Tower,1,11,20,11,43,2,1,23,3,29,3,12,43,14,72,50,52,102,174
03/29/2000,FOE,KS,ACE,CE,Federal Contract Tower,1,8,22,12,43,1,0,6,9,16,2,8,28,21,59,22,50,72,131
03/30/2000,FOE,KS,ACE,CE,Federal Contract Tower,0,7,13,8,28,0,1,15,17,33,0,8,28,25,61,80,62,142,203
03/31/2000,FOE,KS,ACE,CE,Federal Contract Tower,0,7,13,7,27,0,1,31,3,35,0,8,44,10,62,30,66,96,158
04/01/2000,FOE,KS,ACE,CE,Federal Contract Tower,0,2,10,7,19,0,0,11,2,13,0,2,21,9,32,18,0,18,50
04/02/2000,FOE,KS,ACE,CE,Federal Contract Tower,0,6,8,3,17,0,0,34,0,34,0,6,42,3,51,30,0,30,81
04/03/2000,FOE,KS,ACE,CE,Federal Contract Tower,0,8,15,9,32,0,0,4,0,4,0,8,19,9,36,4,66,70,106
04/04/2000,FOE,KS,ACE,CE,Federal Contract Tower,0,6,8,4,18,0,2,9,0,11,0,8,17,4,29,38,16,54,83
04/05/2000,FOE,KS,ACE,CE,Federal Contract Tower,1,8,17,3,29,3,0,33,0,36,4,8,50,3,65,12,110,122,187
04/06/2000,FOE,KS,ACE,CE,Federal Contract Tower,1,7,10,7,25,1,1,31,8,41,2,8,41,15,66,82,62,144,210
04/07/2000,FOE,KS,ACE,CE,Federal Contract Tower,1,7,13,9,30,1,1,15,0,17,2,8,28,9,47,22,74,96,143
04/08/2000,FOE,KS,ACE,CE,Federal Contract Tower,0,1,2,1,4,0,1,59,22,82,0,2,61,23,86,72,0,72,158
04/09/2000,FOE,KS,ACE,CE,Federal Contract Tower,0,5,9,6,20,0,5,42,7,54,0,10,51,13,74,64,32,96,170
04/10/2000,FOE,KS,ACE,CE,Federal Contract Tower,0,4,8,4,16,0,4,9,0,13,0,8,17,4,29,38,62,100,129
04/11/2000,FOE,KS,ACE,CE,Federal Contract Tower,0,10,18,11,39,0,0,1,0,1,0,10,19,11,40,4,36,40,80
04/12/2000,FOE,KS,ACE,CE,Federal Contract Tower,0,10,18,10,38,0,0,34,12,46,0,10,52,22,84,52,80,132,216
04/13/2000,FOE,KS,ACE,CE,Federal Contract Tower,0,8,20,12,40,0,0,33,12,45,0,8,53,24,85,24,158,182,267
04/14/2000,FOE,KS,ACE,CE,Federal Contract Tower,0,6,11,5,22,0,2,23,0,25,0,8,34,5,47,12,48,60,107
04/15/2000,FOE,KS,ACE,CE,Federal Contract Tower,0,2,6,0,8,0,0,21,0,21,0,2,27,0,29,30,0,30,59
04/16/2000,FOE,KS,ACE,CE,Federal Contract Tower,0,4,7,0,11,0,2,12,0,14,0,6,19,0,25,18,0,18,43
04/17/2000,FOE,KS,ACE,CE,Federal Contract Tower,0,8,15,7,30,0,0,35,0,35,0,8,50,7,65,58,32,90,155
04/18/2000,FOE,KS,ACE,CE,Federal Contract Tower,0,11,19,11,41,0,0,19,9,28,0,11,38,20,69,38,62,100,169
04/19/2000,FOE,KS,ACE,CE,Federal Contract Tower,0,10,20,13,43,0,2,3,14,19,0,12,23,27,62,4,56,60,122
04/20/2000,FOE,KS,ACE,CE,Federal Contract Tower,0,10,19,12,41,0,0,11,3,14,0,10,30,15,55,10,12,22,77
04/21/2000,FOE,KS,ACE,CE,Federal Contract Tower,0,7,14,8,29,0,1,29,10,40,0,8,43,18,69,54,68,122,191
04/22/2000,FOE,KS,ACE,CE,Federal Contract Tower,0,2,5,0,7,0,0,30,0,30,0,2,35,0,37,50,0,50,87
04/23/2000,FOE,KS,ACE,CE,Federal Contract Tower,0,2,5,0,7,0,4,9,0,13,0,6,14,0,20,6,0,6,26
04/24/2000,FOE,KS,ACE,CE,Federal Contract Tower,0,7,15,1,23,0,1,14,0,15,0,8,29,1,38,18,22,40,78
04/25/2000,FOE,KS,ACE,CE,Federal Contract Tower,0,8,20,13,41,0,0,12,4,16,0,8,32,17,57,32,54,86,143
04/26/2000,FOE,KS,ACE,CE,Federal Contract Tower,0,6,18,11,35,0,0,8,8,16,0,6,26,19,51,10,40,50,101
04/27/2000,FOE,KS,ACE,CE,Federal Contract Tower,0,8,18,11,37,0,0,4,11,15,0,8,22,22,52,12,118,130,182
04/28/2000,FOE,KS,ACE,CE,Federal Contract Tower,0,10,25,15,50,2,0,28,2,32,2,10,53,17,82,42,14,56,138
04/29/2000,FOE,KS,ACE,CE,Federal Contract Tower,0,3,7,3,13,0,0,68,0,68,0,3,75,3,81,136,0,136,217
04/30/2000,FOE,KS,ACE,CE,Federal Contract Tower,0,4,9,6,19,2,0,7,0,9,2,4,16,6,28,6,8,14,42
05/01/2000,FOE,KS,ACE,CE,Federal Contract Tower,0,4,8,5,17,0,4,4,0,8,0,8,12,5,25,28,6,34,59
05/02/2000,FOE,KS,ACE,CE,Federal Contract Tower,0,6,12,11,29,0,0,21,4,25,0,6,33,15,54,12,50,62,116
05/03/2000,FOE,KS,ACE,CE,Federal Contract Tower,0,6,20,15,41,0,0,16,0,16,0,6,36,15,57,62,136,198,255
05/04/2000,FOE,KS,ACE,CE,Federal Contract Tower,0,8,18,13,39,0,0,34,0,34,0,8,52,13,73,24,100,124,197
05/05/2000,FOE,KS,ACE,CE,Federal Contract Tower,0,10,21,16,47,0,0,26,0,26,0,10,47,16,73,26,42,68,141
05/06/2000,FOE,KS,ACE,CE,Federal Contract Tower,0,6,9,7,22,0,0,21,23,44,0,6,30,30,66,24,58,82,148
05/07/2000,FOE,KS,ACE,CE,Federal Contract Tower,0,5,10,9,24,0,0,9,8,17,0,5,19,17,41,10,24,34,75
05/08/2000,FOE,KS,ACE,CE,Federal Contract Tower,0,8,15,9,32,0,0,4,0,4,0,8,19,9,36,36,34,70,106
05/09/2000,FOE,KS,ACE,CE,Federal Contract Tower,0,10,21,17,48,0,0,15,8,23,0,10,36,25,71,20,82,102,173
05/10/2000,FOE,KS,ACE,CE,Federal Contract Tower,0,6,16,11,33,0,0,38,8,46,0,6,54,19,79,30,52,82,161
05/11/2000,FOE,KS,ACE,CE,Federal Contract Tower,0,6,11,6,23,0,2,8,2,12,0,8,19,8,35,0,2,2,37
05/12/2000,FOE,KS,ACE,CE,Federal Contract Tower,0,7,14,6,27,0,1,28,0,29,0,8,42,6,56,54,38,92,148
05/13/2000,FOE,KS,ACE,CE,Federal Contract Tower,0,2,8,6,16,0,0,33,1,34,0,2,41,7,50,20,0,20,70
05/14/2000,FOE,KS,ACE,CE,Federal Contract Tower,0,2,5,2,9,0,4,17,0,21,0,6,22,2,30,10,0,10,40
05/15/2000,FOE,KS,ACE,CE,Federal Contract Tower,0,6,14,10,30,0,4,11,0,15,0,10,25,10,45,8,36,44,89
05/16/2000,FOE,KS,ACE,CE,Federal Contract Tower,0,10,22,9,41,0,4,11,0,15,0,14,33,9,56,18,72,90,146
05/17/2000,FOE,KS,ACE,CE,Federal Contract Tower,0,8,18,9,35,0,0,13,0,13,0,8,31,9,48,2,0,2,50
05/18/2000,FOE,KS,ACE,CE,Federal Contract Tower,0,7,15,10,32,0,5,18,0,23,0,12,33,10,55,42,22,64,119
05/19/2000,FOE,KS,ACE,CE,Federal Contract Tower,0,7,16,12,35,0,1,10,1,12,0,8,26,13,47,22,32,54,101
05/20/2000,FOE,KS,ACE,CE,Federal Contract Tower,0,2,8,6,16,0,0,55,5,60,0,2,63,11,76,14,2,16,92
05/21/2000,FOE,KS,ACE,CE,Federal Contract Tower,0,5,12,8,25,0,1,20,13,34,0,6,32,21,59,72,12,84,143
05/22/2000,FOE,KS,ACE,CE,Federal Contract Tower,0,8,26,19,53,0,0,31,4,35,0,8,57,23,88,38,106,144,232
05/23/2000,FOE,KS,ACE,CE,Federal Contract Tower,0,8,19,13,40,0,0,17,3,20,0,8,36,16,60,30,60,90,150
05/24/2000,FOE,KS,ACE,CE,Federal Contract Tower,0,9,19,13,41,0,1,22,3,26,0,10,41,16,67,38,84,122,189
05/25/2000,FOE,KS,ACE,CE,Federal Contract Tower,0,9,22,13,44,0,0,45,0,45,0,9,67,13,89,72,142,214,303
05/26/2000,FOE,KS,ACE,CE,Federal Contract Tower,0,5,11,8,24,0,3,18,0,21,0,8,29,8,45,24,0,24,69
05/27/2000,FOE,KS,ACE,CE,Federal Contract Tower,0,2,8,0,10,2,0,15,0,17,2,2,23,0,27,14,0,14,41
05/28/2000,FOE,KS,ACE,CE,Federal Contract Tower,0,1,4,0,5,0,1,26,0,27,0,2,30,0,32,22,0,22,54
05/29/2000,FOE,KS,ACE,CE,Federal Contract Tower,0,2,6,2,10,2,4,15,0,21,2,6,21,2,31,56,2,58,89
05/30/2000,FOE,KS,ACE,CE,Federal Contract Tower,0,9,19,14,42,0,1,14,0,15,0,10,33,14,57,18,14,32,89
05/31/2000,FOE,KS,ACE,CE,Federal Contract Tower,0,8,17,11,36,0,0,19,0,19,0,8,36,11,55,30,22,52,107
06/01/2000,FOE,KS,ACE,CE,Federal Contract Tower,0,6,10,8,24,0,2,17,6,25,0,8,27,14,49,36,46,82,131
06/02/2000,FOE,KS,ACE,CE,Federal Contract Tower,0,8,14,14,36,0,0,17,2,19,0,8,31,16,55,32,70,102,157
06/03/2000,FOE,KS,ACE,CE,Federal Contract Tower,0,4,4,5,13,0,0,35,5,40,0,4,39,10,53,28,10,38,91
06/04/2000,FOE,KS,ACE,CE,Federal Contract Tower,1,6,7,7,21,1,0,11,5,17,2,6,18,12,38,10,20,30,68
06/05/2000,FOE,KS,ACE,CE,Federal Contract Tower,0,11,18,15,44,0,0,19,0,19,0,11,37,15,63,22,84,106,169
06/06/2000,FOE,KS,ACE,CE,Federal Contract Tower,1,8,15,14,38,1,0,28,2,31,2,8,43,16,69,14,32,46,115
06/07/2000,FOE,KS,ACE,CE,Federal Contract Tower,0,10,13,13,36,0,0,34,0,34,0,10,47,13,70,44,54,98,168
06/08/2000,FOE,KS,ACE,CE,Federal Contract Tower,0,8,17,14,39,0,0,26,5,31,0,8,43,19,70,24,72,96,166
06/09/2000,FOE,KS,ACE,CE,Federal Contract Tower,0,8,12,10,30,0,1,4,13,18,0,9,16,23,48,16,10,26,74
06/10/2000,FOE,KS,ACE,CE,Federal Contract Tower,0,2,8,8,18,0,0,104,3,107,0,2,112,11,125,36,20,56,181
06/11/2000,FOE,KS,ACE,CE,Federal Contract Tower,0,6,8,6,20,0,2,7,5,14,0,8,15,11,34,2,2,4,38
06/12/2000,FOE,KS,ACE,CE,Federal Contract Tower,0,7,11,5,23,0,2,12,0,14,0,9,23,5,37,20,28,48,85
06/13/2000,FOE,KS,ACE,CE,Federal Contract Tower,0,8,13,5,26,0,3,10,0,13,0,11,23,5,39,20,22,42,81
06/14/2000,FOE,KS,ACE,CE,Federal Contract Tower,0,10,15,12,37,0,2,12,12,26,0,12,27,24,63,26,98,124,187
06/15/2000,FOE,KS,ACE,CE,Federal Contract Tower,0,10,18,13,41,0,0,19,5,24,0,10,37,18,65,30,46,76,141
06/16/2000,FOE,KS,ACE,CE,Federal Contract Tower,0,14,21,17,52,0,0,13,7,20,0,14,34,24,72,38,76,114,186
06/17/2000,FOE,KS,ACE,CE,Federal Contract Tower,0,4,11,4,19,0,0,53,0,53,0,4,64,4,72,26,0,26,98
06/18/2000,FOE,KS,ACE,CE,Federal Contract Tower,0,5,10,3,18,2,3,25,0,30,2,8,35,3,48,10,2,12,60
06/19/2000,FOE,KS,ACE,CE,Federal Contract Tower,0,5,9,2,16,0,3,11,0,14,0,8,20,2,30,18,4,22,52
06/20/2000,FOE,KS,ACE,CE,Federal Contract Tower,0,11,18,14,43,2,1,4,4,11,2,12,22,18,54,26,50,76,130
06/21/2000,FOE,KS,ACE,CE,Federal Contract Tower,0,12,21,8,41,0,0,46,0,46,0,12,67,8,87,18,58,76,163
06/22/2000,FOE,KS,ACE,CE,Federal Contract Tower,0,10,17,15,42,0,2,33,7,42,0,12,50,22,84,24,96,120,204
06/23/2000,FOE,KS,ACE,CE,Federal Contract Tower,0,12,21,8,41,0,2,44,0,46,0,14,65,8,87,18,56,74,161
06/24/2000,FOE,KS,ACE,CE,Federal Contract Tower,0,2,7,5,14,0,0,31,3,34,0,2,38,8,48,42,16,58,106
06/25/2000,FOE,KS,ACE,CE,Federal Contract Tower,0,3,6,2,11,0,5,26,0,31,0,8,32,2,42,16,0,16,58
06/26/2000,FOE,KS,ACE,CE,Federal Contract Tower,0,12,26,16,54,0,0,12,0,12,0,12,38,16,66,12,152,164,230
06/27/2000,FOE,KS,ACE,CE,Federal Contract Tower,0,10,17,6,33,0,0,19,0,19,0,10,36,6,52,40,28,68,120
06/28/2000,FOE,KS,ACE,CE,Federal Contract Tower,0,10,17,15,42,0,0,19,5,24,0,10,36,20,66,30,72,102,168
06/29/2000,FOE,KS,ACE,CE,Federal Contract Tower,0,10,19,15,44,0,0,41,3,44,0,10,60,18,88,66,64,130,218
06/30/2000,FOE,KS,ACE,CE,Federal Contract Tower,0,11,21,6,38,0,0,28,0,28,0,11,49,6,66,28,40,68,134
07/01/2000,FOE,KS,ACE,CE,Federal Contract Tower,0,2,8,1,11,0,0,7,0,7,0,2,15,1,18,6,0,6,24
07/02/2000,FOE,KS,ACE,CE,Federal Contract Tower,0,5,8,3,16,0,3,25,0,28,0,8,33,3,44,8,4,12,56
07/03/2000,FOE,KS,ACE,CE,Federal Contract Tower,0,4,8,4,16,0,0,31,0,31,0,4,39,4,47,48,0,48,95
07/04/2000,FOE,KS,ACE,CE,Federal Contract Tower,0,3,5,2,10,0,1,41,0,42,0,4,46,2,52,20,0,20,72
07/05/2000,FOE,KS,ACE,CE,Federal Contract Tower,0,7,12,7,26,0,1,34,0,35,0,8,46,7,61,26,4,30,91
07/06/2000,FOE,KS,ACE,CE,Federal Contract Tower,0,8,14,8,30,0,0,34,0,34,0,8,48,8,64,16,78,94,158
07/07/2000,FOE,KS,ACE,CE,Federal Contract Tower,0,8,12,7,27,0,0,38,0,38,0,8,50,7,65,6,30,36,101
07/08/2000,FOE,KS,ACE,CE,Federal Contract Tower,0,2,3,4,9,2,0,25,5,32,2,2,28,9,41,2,4,6,47
07/09/2000,FOE,KS,ACE,CE,Federal Contract Tower,0,6,8,4,18,0,0,20,0,20,0,6,28,4,38,10,4,14,52
07/10/2000,FOE,KS,ACE,CE,Federal Contract Tower,0,5,6,5,16,0,3,7,0,10,0,8,13,5,26,22,2,24,50
07/11/2000,FOE,KS,ACE,CE,Federal Contract Tower,0,8,11,7,26,0,0,11,2,13,0,8,22,9,39,14,66,80,119
07/12/2000,FOE,KS,ACE,CE,Federal Contract Tower,0,12,22,12,46,0,0,17,8,25,0,12,39,20,71,16,34,50,121
07/13/2000,FOE,KS,ACE,CE,Federal Contract Tower,0,6,14,8,28,0,0,24,10,34,0,6,38,18,62,34,118,152,214
07/14/2000,FOE,KS,ACE,CE,Federal Contract Tower,0,11,19,6,36,0,0,5,0,5,0,11,24,6,41,14,90,104,145
07/15/2000,FOE,KS,ACE,CE,Federal Contract Tower,0,4,6,2,12,0,0,32,6,38,0,4,38,8,50,40,4,44,94
07/16/2000,FOE,KS,ACE,CE,Federal Contract Tower,0,7,10,2,19,0,9,32,0,41,0,16,42,2,60,42,0,42,102
07/17/2000,FOE,KS,ACE,CE,Federal Contract Tower,0,8,14,2,24,0,0,12,0,12,0,8,26,2,36,20,20,40,76
07/18/2000,FOE,KS,ACE,CE,Federal Contract Tower,0,6,12,5,23,0,0,15,0,15,0,6,27,5,38,8,2,10,48
07/19/2000,FOE,KS,ACE,CE,Federal Contract Tower,0,14,29,14,57,2,0,8,0,10,2,14,37,14,67,0,14,14,81
07/20/2000,FOE,KS,ACE,CE,Federal Contract Tower,0,13,20,10,43,0,1,6,1,8,0,14,26,11,51,14,6,20,71
07/21/2000,FOE,KS,ACE,CE,Federal Contract Tower,0,12,17,8,37,2,2,18,8,30,2,14,35,16,67,18,6,24,91
07/22/2000,FOE,KS,ACE,CE,Federal Contract Tower,0,3,7,3,13,0,0,32,3,35,0,3,39,6,48,8,0,8,56
07/23/2000,FOE,KS,ACE,CE,Federal Contract Tower,0,5,8,0,13,0,2,27,0,29,0,7,35,0,42,10,0,10,52
07/24/2000,FOE,KS,ACE,CE,Federal Contract Tower,0,10,15,1,26,0,0,35,0,35,0,10,50,1,61,14,22,36,97
07/25/2000,FOE,KS,ACE,CE,Federal Contract Tower,0,7,11,5,23,0,1,29,8,38,0,8,40,13,61,22,0,22,83
07/26/2000,FOE,KS,ACE,CE,Federal Contract Tower,0,9,13,6,28,0,4,14,5,23,0,13,27,11,51,50,26,76,127
07/27/2000,FOE,KS,ACE,CE,Federal Contract Tower,0,9,14,6,29,0,1,22,8,31,0,10,36,14,60,28,34,62,122
07/28/2000,FOE,KS,ACE,CE,Federal Contract Tower,0,9,13,5,27,0,1,29,0,30,0,10,42,5,57,72,0,72,129
07/29/2000,FOE,KS,ACE,CE,Federal Contract Tower,0,3,10,3,16,0,0,7,0,7,0,3,17,3,23,6,0,6,29
07/30/2000,FOE,KS,ACE,CE,Federal Contract Tower,0,6,10,3,19,1,0,23,0,24,1,6,33,3,43,6,0,6,49
07/31/2000,FOE,KS,ACE,CE,Federal Contract Tower,0,7,10,4,21,0,1,42,0,43,0,8,52,4,64,38,60,98,162
08/01/2000,FOE,KS,ACE,CE,Federal Contract Tower,1,9,17,14,41,1,0,29,0,30,2,9,46,14,71,26,72,98,169
08/02/2000,FOE,KS,ACE,CE,Federal Contract Tower,0,9,14,7,30,0,2,35,0,37,0,11,49,7,67,28,0,28,95
08/03/2000,FOE,KS,ACE,CE,Federal Contract Tower,1,7,11,7,26,1,1,29,0,31,2,8,40,7,57,18,48,66,123
08/04/2000,FOE,KS,ACE,CE,Federal Contract Tower,0,8,16,10,34,0,0,23,0,23,0,8,39,10,57,20,100,120,177
08/05/2000,FOE,KS,ACE,CE,Federal Contract Tower,0,2,3,2,7,0,0,23,0,23,0,2,26,2,30,8,0,8,38
08/06/2000,FOE,KS,ACE,CE,Federal Contract Tower,0,4,6,2,12,0,2,19,0,21,0,6,25,2,33,18,2,20,53
08/07/2000,FOE,KS,ACE,CE,Federal Contract Tower,0,8,12,10,30,0,0,17,0,17,0,8,29,10,47,20,78,98,145
08/08/2000,FOE,KS,ACE,CE,Federal Contract Tower,0,10,15,13,38,0,2,20,0,22,0,12,35,13,60,46,120,166,226
08/09/2000,FOE,KS,ACE,CE,Federal Contract Tower,0,8,15,7,30,0,0,37,0,37,0,8,52,7,67,26,62,88,155
08/10/2000,FOE,KS,ACE,CE,Federal Contract Tower,0,10,16,11,37,0,3,40,0,43,0,13,56,11,80,26,78,104,184
08/11/2000,FOE,KS,ACE,CE,Federal Contract Tower,1,12,18,20,51,3,0,23,0,26,4,12,41,20,77,26,88,114,191
08/12/2000,FOE,KS,ACE,CE,Federal Contract Tower,0,2,3,2,7,0,2,88,0,90,0,4,91,2,97,42,0,42,139
08/13/2000,FOE,KS,ACE,CE,Federal Contract Tower,0,3,5,6,14,0,3,29,6,38,0,6,34,12,52,2,26,28,80
08/14/2000,FOE,KS,ACE,CE,Federal Contract Tower,1,9,13,14,37,3,2,8,1,14,4,11,21,15,51,14,36,50,101
08/15/2000,FOE,KS,ACE,CE,Federal Contract Tower,0,9,12,12,33,0,2,23,5,30,0,11,35,17,63,16,34,50,113
08/16/2000,FOE,KS,ACE,CE,Federal Contract Tower,0,12,18,8,38,0,2,7,0,9,0,14,25,8,47,36,76,112,159
08/17/2000,FOE,KS,ACE,CE,Federal Contract Tower,0,13,21,20,54,2,0,14,6,22,2,13,35,26,76,14,64,78,154
08/18/2000,FOE,KS,ACE,CE,Federal Contract Tower,0,8,13,7,28,0,0,12,0,12,0,8,25,7,40,10,46,56,96
08/19/2000,FOE,KS,ACE,CE,Federal Contract Tower,0,2,4,1,7,0,0,25,0,25,0,2,29,1,32,28,0,28,60
08/20/2000,FOE,KS,ACE,CE,Federal Contract Tower,0,3,5,3,11,0,3,17,0,20,0,6,22,3,31,4,0,4,35
08/21/2000,FOE,KS,ACE,CE,Federal Contract Tower,0,8,16,12,36,0,0,13,0,13,0,8,29,12,49,16,62,78,127
08/22/2000,FOE,KS,ACE,CE,Federal Contract Tower,0,11,17,8,36,0,1,16,0,17,0,12,33,8,53,20,94,114,167
08/23/2000,FOE,KS,ACE,CE,Federal Contract Tower,0,10,23,23,56,0,0,27,2,29,0,10,50,25,85,28,170,198,283
08/24/2000,FOE,KS,ACE,CE,Federal Contract Tower,0,14,24,15,53,0,0,29,0,29,0,14,53,15,82,26,60,86,168
08/25/2000,FOE,KS,ACE,CE,Federal Contract Tower,0,8,16,16,40,0,0,19,0,19,0,8,35,16,59,24,98,122,181
08/26/2000,FOE,KS,ACE,CE,Federal Contract Tower,0,2,6,5,13,0,0,17,0,17,0,2,23,5,30,28,4,32,62
08/27/2000,FOE,KS,ACE,CE,Federal Contract Tower,0,6,9,1,16,0,3,19,0,22,0,9,28,1,38,44,0,44,82
08/28/2000,FOE,KS,ACE,CE,Federal Contract Tower,0,10,15,10,35,0,4,25,0,29,0,14,40,10,64,10,100,110,174
08/29/2000,FOE,KS,ACE,CE,Federal Contract Tower,0,9,21,18,48,0,0,14,0,14,0,9,35,18,62,16,132,148,210
08/30/2000,FOE,KS,ACE,CE,Federal Contract Tower,0,8,15,15,38,0,0,21,3,24,0,8,36,18,62,34,76,110,172
08/31/2000,FOE,KS,ACE,CE,Federal Contract Tower,0,8,13,13,34,0,2,20,3,25,0,10,33,16,59,24,66,90,149
09/01/2000,FOE,KS,ACE,CE,Federal Contract Tower,1,8,12,8,29,1,0,20,0,21,2,8,32,8,50,22,24,46,96
09/02/2000,FOE,KS,ACE,CE,Federal Contract Tower,0,2,5,0,7,0,0,59,0,59,0,2,64,0,66,56,0,56,122
09/03/2000,FOE,KS,ACE,CE,Federal Contract Tower,0,2,3,0,5,0,2,12,0,14,0,4,15,0,19,14,0,14,33
09/04/2000,FOE,KS,ACE,CE,Federal Contract Tower,0,3,5,3,11,0,1,38,0,39,0,4,43,3,50,32,0,32,82
09/05/2000,FOE,KS,ACE,CE,Federal Contract Tower,0,8,17,17,42,0,0,20,0,20,0,8,37,17,62,18,66,84,146
09/06/2000,FOE,KS,ACE,CE,Federal Contract Tower,0,8,16,12,36,0,0,26,0,26,0,8,42,12,62,26,88,114,176
09/07/2000,FOE,KS,ACE,CE,Federal Contract Tower,0,8,16,15,39,0,0,14,7,21,0,8,30,22,60,10,126,136,196
09/08/2000,FOE,KS,ACE,CE,Federal Contract Tower,0,6,11,11,28,0,3,24,4,31,0,9,35,15,59,24,68,92,151
09/09/2000,FOE,KS,ACE,CE,Federal Contract Tower,0,2,6,6,14,0,0,40,5,45,0,2,46,11,59,40,12,52,111
09/10/2000,FOE,KS,ACE,CE,Federal Contract Tower,0,3,5,6,14,0,3,19,2,24,0,6,24,8,38,14,8,22,60
09/11/2000,FOE,KS,ACE,CE,Federal Contract Tower,0,8,12,12,32,0,0,15,0,15,0,8,27,12,47,8,38,46,93
09/12/2000,FOE,KS,ACE,CE,Federal Contract Tower,0,6,14,9,29,0,0,12,0,12,0,6,26,9,41,10,100,110,151
09/13/2000,FOE,KS,ACE,CE,Federal Contract Tower,0,10,18,16,44,0,0,23,0,23,0,10,41,16,67,30,98,128,195
09/14/2000,FOE,KS,ACE,CE,Federal Contract Tower,0,12,22,19,53,0,0,10,10,20,0,12,32,29,73,12,126,138,211
09/15/2000,FOE,KS,ACE,CE,Federal Contract Tower,0,13,25,22,60,2,0,48,13,63,2,13,73,35,123,28,98,126,249
09/16/2000,FOE,KS,ACE,CE,Federal Contract Tower,0,5,8,7,20,1,0,49,2,52,1,5,57,9,72,50,4,54,126
09/17/2000,FOE,KS,ACE,CE,Federal Contract Tower,0,5,8,3,16,0,1,20,0,21,0,6,28,3,37,4,0,4,41
09/18/2000,FOE,KS,ACE,CE,Federal Contract Tower,0,6,9,7,22,0,0,19,2,21,0,6,28,9,43,8,28,36,79
09/19/2000,FOE,KS,ACE,CE,Federal Contract Tower,0,8,13,6,27,0,0,42,0,42,0,8,55,6,69,14,54,68,137
09/20/2000,FOE,KS,ACE,CE,Federal Contract Tower,0,8,14,8,30,0,0,23,0,23,0,8,37,8,53,10,32,42,95
09/21/2000,FOE,KS,ACE,CE,Federal Contract Tower,0,8,19,16,43,0,0,33,10,43,0,8,52,26,86,12,106,118,204
09/22/2000,FOE,KS,ACE,CE,Federal Contract Tower,0,8,15,11,34,0,0,17,0,17,0,8,32,11,51,6,0,6,57
09/23/2000,FOE,KS,ACE,CE,Federal Contract Tower,0,2,6,2,10,0,0,1,0,1,0,2,7,2,11,10,2,12,23
09/24/2000,FOE,KS,ACE,CE,Federal Contract Tower,0,6,11,6,23,0,0,8,0,8,0,6,19,6,31,2,0,2,33
09/25/2000,FOE,KS,ACE,CE,Federal Contract Tower,0,6,9,3,18,2,3,18,0,23,2,9,27,3,41,24,30,54,95
09/26/2000,FOE,KS,ACE,CE,Federal Contract Tower,0,6,12,11,29,0,4,30,1,35,0,10,42,12,64,60,40,100,164
09/27/2000,FOE,KS,ACE,CE,Federal Contract Tower,0,5,9,7,21,2,3,31,0,36,2,8,40,7,57,36,14,50,107
09/28/2000,FOE,KS,ACE,CE,Federal Contract Tower,0,6,12,11,29,0,0,21,2,23,0,6,33,13,52,40,78,118,170
09/29/2000,FOE,KS,ACE,CE,Federal Contract Tower,0,7,11,3,21,2,6,33,0,41,2,13,44,3,62,28,4,32,94
09/30/2000,FOE,KS,ACE,CE,Federal Contract Tower,0,6,11,8,25,2,0,64,0,66,2,6,75,8,91,46,6,52,143
10/01/2000,FOE,KS,ACE,CE,Federal Contract Tower,0,7,12,2,21,0,1,80,0,81,0,8,92,2,102,20,0,20,122
10/02/2000,FOE,KS,ACE,CE,Federal Contract Tower,0,8,12,9,29,0,0,11,0,11,0,8,23,9,40,12,106,118,158
10/03/2000,FOE,KS,ACE,CE,Federal Contract Tower,0,8,17,18,43,0,0,59,7,66,0,8,76,25,109,58,130,188,297
10/04/2000,FOE,KS,ACE,CE,Federal Contract Tower,0,8,13,4,25,0,2,13,0,15,0,10,26,4,40,22,50,72,112
10/05/2000,FOE,KS,ACE,CE,Federal Contract Tower,0,7,13,8,28,0,1,12,0,13,0,8,25,8,41,0,8,8,49
10/06/2000,FOE,KS,ACE,CE,Federal Contract Tower,0,7,11,4,22,0,3,11,0,14,0,10,22,4,36,20,62,82,118
10/07/2000,FOE,KS,ACE,CE,Federal Contract Tower,0,2,4,1,7,0,0,29,0,29,0,2,33,1,36,12,2,14,50
10/08/2000,FOE,KS,ACE,CE,Federal Contract Tower,0,2,4,2,8,0,4,27,0,31,0,6,31,2,39,8,0,8,47
10/09/2000,FOE,KS,ACE,CE,Federal Contract Tower,0,4,6,3,13,0,4,22,0,26,0,8,28,3,39,66,4,70,109
10/10/2000,FOE,KS,ACE,CE,Federal Contract Tower,0,7,12,13,32,0,1,16,0,17,0,8,28,13,49,10,96,106,155
10/11/2000,FOE,KS,ACE,CE,Federal Contract Tower,0,8,13,14,35,0,2,20,1,23,0,10,33,15,58,2,60,62,120
10/12/2000,FOE,KS,ACE,CE,Federal Contract Tower,0,10,17,14,41,0,0,11,0,11,0,10,28,14,52,2,136,138,190
10/13/2000,FOE,KS,ACE,CE,Federal Contract Tower,0,8,16,15,39,0,0,20,13,33,0,8,36,28,72,8,86,94,166
10/14/2000,FOE,KS,ACE,CE,Federal Contract Tower,0,2,5,4,11,0,0,35,2,37,0,2,40,6,48,36,0,36,84
10/15/2000,FOE,KS,ACE,CE,Federal Contract Tower,1,4,8,2,15,1,4,4,0,9,2,8,12,2,24,18,0,18,42
10/16/2000,FOE,KS,ACE,CE,Federal Contract Tower,0,7,13,7,27,0,3,8,0,11,0,10,21,7,38,44,66,110,148
10/17/2000,FOE,KS,ACE,CE,Federal Contract Tower,0,10,20,19,49,0,0,19,0,19,0,10,39,19,68,64,142,206,274
10/18/2000,FOE,KS,ACE,CE,Federal Contract Tower,0,11,20,14,45,4,0,33,0,37,4,11,53,14,82,36,90,126,208
10/19/2000,FOE,KS,ACE,CE,Federal Contract Tower,0,10,21,20,51,0,0,24,13,37,0,10,45,33,88,34,88,122,210
10/20/2000,FOE,KS,ACE,CE,Federal Contract Tower,0,8,17,7,32,2,0,27,0,29,2,8,44,7,61,18,64,82,143
10/21/2000,FOE,KS,ACE,CE,Federal Contract Tower,0,2,11,0,13,2,0,4,0,6,2,2,15,0,19,10,0,10,29
10/22/2000,FOE,KS,ACE,CE,Federal Contract Tower,0,6,12,11,29,0,0,5,1,6,0,6,17,12,35,8,12,20,55
10/23/2000,FOE,KS,ACE,CE,Federal Contract Tower,0,8,16,9,33,0,0,9,0,9,0,8,25,9,42,8,30,38,80
10/24/2000,FOE,KS,ACE,CE,Federal Contract Tower,0,9,19,8,36,0,0,13,0,13,0,9,32,8,49,0,160,160,209
10/25/2000,FOE,KS,ACE,CE,Federal Contract Tower,0,6,11,7,24,0,1,13,0,14,0,7,24,7,38,4,4,8,46
10/26/2000,FOE,KS,ACE,CE,Federal Contract Tower,0,8,24,25,57,0,0,3,8,11,0,8,27,33,68,14,48,62,130
10/27/2000,FOE,KS,ACE,CE,Federal Contract Tower,1,10,22,25,58,5,0,0,13,18,6,10,22,38,76,6,20,26,102
10/28/2000,FOE,KS,ACE,CE,Federal Contract Tower,0,2,9,3,14,2,0,12,0,14,2,2,21,3,28,0,0,0,28
10/29/2000,FOE,KS,ACE,CE,Federal Contract Tower,0,4,7,6,17,0,3,3,0,6,0,7,10,6,23,6,0,6,29
10/30/2000,FOE,KS,ACE,CE,Federal Contract Tower,0,5,10,5,20,0,6,22,0,28,0,11,32,5,48,44,4,48,96
10/31/2000,FOE,KS,ACE,CE,Federal Contract Tower,0,6,12,10,28,0,0,8,0,8,0,6,20,10,36,36,28,64,100
11/01/2000,FOE,KS,ACE,CE,Federal Contract Tower,0,4,9,3,16,0,0,15,0,15,0,4,24,3,31,4,2,6,37
11/02/2000,FOE,KS,ACE,CE,Federal Contract Tower,0,8,18,17,43,0,0,42,4,46,0,8,60,21,89,48,88,136,225
11/03/2000,FOE,KS,ACE,CE,Federal Contract Tower,0,8,14,13,35,0,0,39,0,39,0,8,53,13,74,60,96,156,230
11/04/2000,FOE,KS,ACE,CE,Federal Contract Tower,0,2,5,6,13,0,0,26,27,53,0,2,31,33,66,62,44,106,172
11/05/2000,FOE,KS,ACE,CE,Federal Contract Tower,0,6,9,10,25,0,0,0,3,3,0,6,9,13,28,0,0,0,28
11/06/2000,FOE,KS,ACE,CE,Federal Contract Tower,0,7,11,4,22,0,4,1,0,5,0,11,12,4,27,2,0,2,29
11/07/2000,FOE,KS,ACE,CE,Federal Contract Tower,0,8,21,19,48,0,0,15,5,20,0,8,36,24,68,24,158,182,250
11/08/2000,FOE,KS,ACE,CE,Federal Contract Tower,0,6,10,10,26,0,0,17,1,18,0,6,27,11,44,16,26,42,86
11/09/2000,FOE,KS,ACE,CE,Federal Contract Tower,0,8,19,11,38,0,0,27,0,27,0,8,46,11,65,38,76,114,179
11/10/2000,FOE,KS,ACE,CE,Federal Contract Tower,0,5,8,4,17,0,3,22,0,25,0,8,30,4,42,20,0,20,62
11/11/2000,FOE,KS,ACE,CE,Federal Contract Tower,0,2,4,2,8,0,0,1,0,1,0,2,5,2,9,0,0,0,9
11/12/2000,FOE,KS,ACE,CE,Federal Contract Tower,0,5,8,4,17,1,3,11,0,15,1,8,19,4,32,14,0,14,46
11/13/2000,FOE,KS,ACE,CE,Federal Contract Tower,0,8,14,4,26,0,0,20,0,20,0,8,34,4,46,20,80,100,146
11/14/2000,FOE,KS,ACE,CE,Federal Contract Tower,0,9,20,17,46,0,0,22,1,23,0,9,42,18,69,34,70,104,173
11/15/2000,FOE,KS,ACE,CE,Federal Contract Tower,0,8,19,17,44,0,0,29,11,40,0,8,48,28,84,68,86,154,238
11/16/2000,FOE,KS,ACE,CE,Federal Contract Tower,0,7,14,11,32,0,1,15,19,35,0,8,29,30,67,12,38,50,117
11/17/2000,FOE,KS,ACE,CE,Federal Contract Tower,0,5,10,9,24,0,3,22,9,34,0,8,32,18,58,56,78,134,192
11/18/2000,FOE,KS,ACE,CE,Federal Contract Tower,0,2,5,2,9,0,0,40,0,40,0,2,45,2,49,22,0,22,71
11/19/2000,FOE,KS,ACE,CE,Federal Contract Tower,0,4,8,6,18,0,2,17,0,19,0,6,25,6,37,16,6,22,59
11/20/2000,FOE,KS,ACE,CE,Federal Contract Tower,0,10,20,12,42,0,0,12,0,12,0,10,32,12,54,12,154,166,220
11/21/2000,FOE,KS,ACE,CE,Federal Contract Tower,0,6,15,10,31,0,0,25,0,25,0,6,40,10,56,52,42,94,150
11/22/2000,FOE,KS,ACE,CE,Federal Contract Tower,0,8,17,15,40,0,2,28,0,30,0,10,45,15,70,32,64,96,166
11/23/2000,FOE,KS,ACE,CE,Federal Contract Tower,0,1,3,0,4,0,1,15,0,16,0,2,18,0,20,26,0,26,46
11/24/2000,FOE,KS,ACE,CE,Federal Contract Tower,0,2,5,3,10,0,0,25,0,25,0,2,30,3,35,16,10,26,61
11/25/2000,FOE,KS,ACE,CE,Federal Contract Tower,0,1,3,0,4,0,3,20,0,23,0,4,23,0,27,48,0,48,75
11/26/2000,FOE,KS,ACE,CE,Federal Contract Tower,0,4,8,3,15,0,2,27,0,29,0,6,35,3,44,6,0,6,50
11/27/2000,FOE,KS,ACE,CE,Federal Contract Tower,0,7,14,2,23,0,1,15,0,16,0,8,29,2,39,20,94,114,153
11/28/2000,FOE,KS,ACE,CE,Federal Contract Tower,0,7,14,13,34,0,1,11,4,16,0,8,25,17,50,12,100,112,162
11/29/2000,FOE,KS,ACE,CE,Federal Contract Tower,0,9,18,16,43,0,1,30,5,36,0,10,48,21,79,16,86,102,181
11/30/2000,FOE,KS,ACE,CE,Federal Contract Tower,0,8,23,20,51,0,0,14,5,19,0,8,37,25,70,30,164,194,264
12/01/2000,FOE,KS,ACE,CE,Federal Contract Tower,0,7,9,6,22,0,1,8,1,10,0,8,17,7,32,0,6,6,38
12/02/2000,FOE,KS,ACE,CE,Federal Contract Tower,0,2,5,4,11,0,0,3,6,9,0,2,8,10,20,12,18,30,50
12/03/2000,FOE,KS,ACE,CE,Federal Contract Tower,0,4,5,3,12,0,2,31,0,33,0,6,36,3,45,16,0,16,61
12/04/2000,FOE,KS,ACE,CE,Federal Contract Tower,0,10,19,11,40,0,0,20,0,20,0,10,39,11,60,4,130,134,194
12/05/2000,FOE,KS,ACE,CE,Federal Contract Tower,0,10,13,8,31,0,0,6,0,6,0,10,19,8,37,12,76,88,125
12/06/2000,FOE,KS,ACE,CE,Federal Contract Tower,0,8,14,13,35,0,0,16,2,18,0,8,30,15,53,16,70,86,139
12/07/2000,FOE,KS,ACE,CE,Federal Contract Tower,0,12,14,13,39,0,2,29,12,43,0,14,43,25,82,54,70,124,206
12/08/2000,FOE,KS,ACE,CE,Federal Contract Tower,0,8,12,10,30,0,0,28,32,60,0,8,40,42,90,14,106,120,210
12/09/2000,FOE,KS,ACE,CE,Federal Contract Tower,0,2,4,4,10,0,0,23,3,26,0,2,27,7,36,16,0,16,52
12/10/2000,FOE,KS,ACE,CE,Federal Contract Tower,0,3,4,0,7,0,3,1,0,4,0,6,5,0,11,0,0,0,11
12/11/2000,FOE,KS,ACE,CE,Federal Contract Tower,0,0,2,0,2,0,0,5,0,5,0,0,7,0,7,0,0,0,7
12/12/2000,FOE,KS,ACE,CE,Federal Contract Tower,0,4,5,5,14,0,0,11,3,14,0,4,16,8,28,4,12,16,44
12/13/2000,FOE,KS,ACE,CE,Federal Contract Tower,0,2,2,0,4,0,2,3,0,5,0,4,5,0,9,0,0,0,9
12/14/2000,FOE,KS,ACE,CE,Federal Contract Tower,0,6,6,9,21,2,0,0,0,2,2,6,6,9,23,4,32,36,59
12/15/2000,FOE,KS,ACE,CE,Federal Contract Tower,0,6,8,0,14,0,0,10,0,10,0,6,18,0,24,2,0,2,26
12/16/2000,FOE,KS,ACE,CE,Federal Contract Tower,0,3,2,0,5,0,1,2,0,3,0,4,4,0,8,0,0,0,8
12/17/2000,FOE,KS,ACE,CE,Federal Contract Tower,0,4,5,5,14,2,2,6,1,11,2,6,11,6,25,14,0,14,39
12/18/2000,FOE,KS,ACE,CE,Federal Contract Tower,0,7,8,1,16,4,1,1,0,6,4,8,9,1,22,2,0,2,24
12/19/2000,FOE,KS,ACE,CE,Federal Contract Tower,0,6,11,8,25,0,0,9,8,17,0,6,20,16,42,12,78,90,132
12/20/2000,FOE,KS,ACE,CE,Federal Contract Tower,0,6,13,10,29,3,0,3,8,14,3,6,16,18,43,8,34,42,85
12/21/2000,FOE,KS,ACE,CE,Federal Contract Tower,0,8,16,12,36,1,0,17,17,35,1,8,33,29,71,4,84,88,159
12/22/2000,FOE,KS,ACE,CE,Federal Contract Tower,0,7,9,5,21,0,5,5,0,10,0,12,14,5,31,12,36,48,79
12/23/2000,FOE,KS,ACE,CE,Federal Contract Tower,0,2,3,1,6,1,0,17,0,18,1,2,20,1,24,30,0,30,54
12/24/2000,FOE,KS,ACE,CE,Federal Contract Tower,0,0,3,0,3,0,2,12,0,14,0,2,15,0,17,16,0,16,33
12/25/2000,FOE,KS,ACE,CE,Federal Contract Tower,0,2,3,0,5,0,2,4,0,6,0,4,7,0,11,2,0,2,13
12/26/2000,FOE,KS,ACE,CE,Federal Contract Tower,0,5,6,0,11,0,5,5,0,10,0,10,11,0,21,6,0,6,27
12/27/2000,FOE,KS,ACE,CE,Federal Contract Tower,0,9,11,8,28,0,1,28,8,37,0,10,39,16,65,52,72,124,189
12/28/2000,FOE,KS,ACE,CE,Federal Contract Tower,0,7,8,6,21,0,1,6,5,12,0,8,14,11,33,2,46,48,81
12/29/2000,FOE,KS,ACE,CE,Federal Contract Tower,0,5,6,5,16,0,3,2,0,5,0,8,8,5,21,0,6,6,27
12/30/2000,FOE,KS,ACE,CE,Federal Contract Tower,0,2,3,0,5,0,0,20,0,20,0,2,23,0,25,44,0,44,69
12/31/2000,FOE,KS,ACE,CE,Federal Contract Tower,0,1,2,0,3,0,1,7,0,8,0,2,9,0,11,14,0,14,25
01/01/2001,FOE,KS,ACE,CE,Federal Contract Tower,0,0,3,0,3,0,2,4,0,6,0,2,7,0,9,0,0,0,9
01/02/2001,FOE,KS,ACE,CE,Federal Contract Tower,0,6,6,7,19,0,2,16,0,18,0,8,22,7,37,12,0,12,49
01/03/2001,FOE,KS,ACE,CE,Federal Contract Tower,0,7,7,9,23,0,1,7,3,11,0,8,14,12,34,8,46,54,88
01/04/2001,FOE,KS,ACE,CE,Federal Contract Tower,0,8,9,10,27,0,2,12,0,14,0,10,21,10,41,14,32,46,87
01/05/2001,FOE,KS,ACE,CE,Federal Contract Tower,0,10,13,12,35,0,0,12,6,18,0,10,25,18,53,18,58,76,129
01/06/2001,FOE,KS,ACE,CE,Federal Contract Tower,0,2,8,8,18,0,0,30,20,50,0,2,38,28,68,46,110,156,224
01/07/2001,FOE,KS,ACE,CE,Federal Contract Tower,0,6,7,6,19,0,0,24,12,36,0,6,31,18,55,34,34,68,123
01/08/2001,FOE,KS,ACE,CE,Federal Contract Tower,0,6,6,5,17,0,0,12,0,12,0,6,18,5,29,10,30,40,69
01/09/2001,FOE,KS,ACE,CE,Federal Contract Tower,0,8,14,14,36,0,0,14,1,15,0,8,28,15,51,18,52,70,121
01/10/2001,FOE,KS,ACE,CE,Federal Contract Tower,2,8,18,12,40,0,0,16,0,16,2,8,34,12,56,6,104,110,166
01/11/2001,FOE,KS,ACE,CE,Federal Contract Tower,0,10,24,14,48,0,0,7,0,7,0,10,31,14,55,0,46,46,101
01/12/2001,FOE,KS,ACE,CE,Federal Contract Tower,0,6,16,4,26,14,0,24,0,38,14,6,40,4,64,22,26,48,112
01/13/2001,FOE,KS,ACE,CE,Federal Contract Tower,0,4,4,0,8,2,0,2,0,4,2,4,6,0,12,0,0,0,12
01/14/2001,FOE,KS,ACE,CE,Federal Contract Tower,0,4,5,4,13,0,2,10,0,12,0,6,15,4,25,20,14,34,59
01/15/2001,FOE,KS,ACE,CE,Federal Contract Tower,0,4,6,1,11,0,2,25,0,27,0,6,31,1,38,34,0,34,72
01/16/2001,FOE,KS,ACE,CE,Federal Contract Tower,0,8,12,12,32,0,2,0,2,4,0,10,12,14,36,6,12,18,54
01/17/2001,FOE,KS,ACE,CE,Federal Contract Tower,0,8,14,9,31,0,0,21,0,21,0,8,35,9,52,20,20,40,92
01/18/2001,FOE,KS,ACE,CE,Federal Contract Tower,0,8,21,19,48,0,0,30,2,32,0,8,51,21,80,6,212,218,298
01/19/2001,FOE,KS,ACE,CE,Federal Contract Tower,0,8,13,13,34,0,0,16,3,19,0,8,29,16,53,4,6,10,63
01/20/2001,FOE,KS,ACE,CE,Federal Contract Tower,0,2,4,4,10,0,0,20,2,22,0,2,24,6,32,44,0,44,76
01/21/2001,FOE,KS,ACE,CE,Federal Contract Tower,0,5,7,1,13,0,5,28,0,33,0,10,35,1,46,44,0,44,90
01/22/2001,FOE,KS,ACE,CE,Federal Contract Tower,0,5,8,3,16,0,3,4,0,7,0,8,12,3,23,12,44,56,79
01/23/2001,FOE,KS,ACE,CE,Federal Contract Tower,0,8,11,11,30,0,0,20,1,21,0,8,31,12,51,26,14,40,91
01/24/2001,FOE,KS,ACE,CE,Federal Contract Tower,0,6,10,10,26,0,4,11,3,18,0,10,21,13,44,18,70,88,132
01/25/2001,FOE,KS,ACE,CE,Federal Contract Tower,0,9,14,14,37,0,0,20,6,26,0,9,34,20,63,4,112,116,179
01/26/2001,FOE,KS,ACE,CE,Federal Contract Tower,0,6,8,8,22,0,3,4,8,15,0,9,12,16,37,4,4,8,45
01/27/2001,FOE,KS,ACE,CE,Federal Contract Tower,0,2,5,4,11,0,0,28,0,28,0,2,33,4,39,48,80,128,167
01/28/2001,FOE,KS,ACE,CE,Federal Contract Tower,0,0,0,0,0,0,2,0,0,2,0,2,0,0,2,0,0,0,2
01/29/2001,FOE,KS,ACE,CE,Federal Contract Tower,0,3,4,2,9,0,2,0,0,2,0,5,4,2,11,2,2,4,15
01/30/2001,FOE,KS,ACE,CE,Federal Contract Tower,0,6,7,9,22,0,4,0,0,4,0,10,7,9,26,2,36,38,64
01/31/2001,FOE,KS,ACE,CE,Federal Contract Tower,0,8,16,16,40,0,0,4,3,7,0,8,20,19,47,18,88,106,153
02/01/2001,FOE,KS,ACE,CE,Federal Contract Tower,0,6,13,12,31,0,0,8,2,10,0,6,21,14,41,6,70,76,117
02/02/2001,FOE,KS,ACE,CE,Federal Contract Tower,0,7,11,11,29,0,3,12,2,17,0,10,23,13,46,12,148,160,206
02/03/2001,FOE,KS,ACE,CE,Federal Contract Tower,1,2,9,8,20,0,0,16,22,38,1,2,25,30,58,16,72,88,146
02/04/2001,FOE,KS,ACE,CE,Federal Contract Tower,0,5,9,8,22,0,2,8,7,17,0,7,17,15,39,6,40,46,85
02/05/2001,FOE,KS,ACE,CE,Federal Contract Tower,0,6,16,10,32,0,0,12,0,12,0,6,28,10,44,14,154,168,212
02/06/2001,FOE,KS,ACE,CE,Federal Contract Tower,1,11,21,18,51,0,1,19,8,28,1,12,40,26,79,8,108,116,195
02/07/2001,FOE,KS,ACE,CE,Federal Contract Tower,0,10,25,21,56,0,0,9,11,20,0,10,34,32,76,6,90,96,172
02/08/2001,FOE,KS,ACE,CE,Federal Contract Tower,1,4,7,3,15,1,0,2,0,3,2,4,9,3,18,0,2,2,20
02/09/2001,FOE,KS,ACE,CE,Federal Contract Tower,0,2,5,0,7,0,2,7,0,9,0,4,12,0,16,2,0,2,18
02/10/2001,FOE,KS,ACE,CE,Federal Contract Tower,1,4,8,3,16,0,0,25,0,25,1,4,33,3,41,6,0,6,47
02/11/2001,FOE,KS,ACE,CE,Federal Contract Tower,1,4,7,0,12,4,6,9,0,19,5,10,16,0,31,8,0,8,39
02/12/2001,FOE,KS,ACE,CE,Federal Contract Tower,1,6,10,3,20,0,4,3,0,7,1,10,13,3,27,0,0,0,27
02/13/2001,FOE,KS,ACE,CE,Federal Contract Tower,0,3,7,7,17,0,0,1,1,2,0,3,8,8,19,0,2,2,21
02/14/2001,FOE,KS,ACE,CE,Federal Contract Tower,0,4,9,0,13,0,0,10,0,10,0,4,19,0,23,0,0,0,23
02/15/2001,FOE,KS,ACE,CE,Federal Contract Tower,0,10,19,11,40,0,0,5,0,5,0,10,24,11,45,0,20,20,65
02/16/2001,FOE,KS,ACE,CE,Federal Contract Tower,0,8,15,10,33,2,0,3,0,5,2,8,18,10,38,0,60,60,98
02/17/2001,FOE,KS,ACE,CE,Federal Contract Tower,0,2,3,0,5,0,0,33,0,33,0,2,36,0,38,64,0,64,102
02/18/2001,FOE,KS,ACE,CE,Federal Contract Tower,0,4,6,3,13,0,0,23,0,23,0,4,29,3,36,2,0,2,38
02/19/2001,FOE,KS,ACE,CE,Federal Contract Tower,0,7,13,4,24,2,2,38,0,42,2,9,51,4,66,20,0,20,86
02/20/2001,FOE,KS,ACE,CE,Federal Contract Tower,0,8,19,15,42,0,0,13,17,30,0,8,32,32,72,4,86,90,162
02/21/2001,FOE,KS,ACE,CE,Federal Contract Tower,0,7,12,9,28,0,1,5,4,10,0,8,17,13,38,2,22,24,62
02/22/2001,FOE,KS,ACE,CE,Federal Contract Tower,0,8,18,14,40,2,0,15,16,33,2,8,33,30,73,10,74,84,157
02/23/2001,FOE,KS,ACE,CE,Federal Contract Tower,0,2,10,8,20,0,0,1,3,4,0,2,11,11,24,0,0,0,24
02/24/2001,FOE,KS,ACE,CE,Federal Contract Tower,0,0,5,4,9,0,0,3,0,3,0,0,8,4,12,0,0,0,12
02/25/2001,FOE,KS,ACE,CE,Federal Contract Tower,0,5,10,8,23,0,1,28,1,30,0,6,38,9,53,20,64,84,137
02/26/2001,FOE,KS,ACE,CE,Federal Contract Tower,0,7,13,5,25,0,4,11,0,15,0,11,24,5,40,16,42,58,98
02/27/2001,FOE,KS,ACE,CE,Federal Contract Tower,0,2,4,5,11,0,1,0,3,4,0,3,4,8,15,2,18,20,35
02/28/2001,FOE,KS,ACE,CE,Federal Contract Tower,0,7,13,11,31,0,3,5,4,12,0,10,18,15,43,52,8,60,103
03/01/2001,FOE,KS,ACE,CE,Federal Contract Tower,0,8,16,14,38,0,0,2,0,2,0,8,18,14,40,14,36,50,90
03/02/2001,FOE,KS,ACE,CE,Federal Contract Tower,0,8,13,14,35,0,2,14,0,16,0,10,27,14,51,6,42,48,99
03/03/2001,FOE,KS,ACE,CE,Federal Contract Tower,0,2,5,8,15,0,0,30,14,44,0,2,35,22,59,18,32,50,109
03/04/2001,FOE,KS,ACE,CE,Federal Contract Tower,0,5,8,13,26,0,3,13,18,34,0,8,21,31,60,36,62,98,158
03/05/2001,FOE,KS,ACE,CE,Federal Contract Tower,0,7,10,12,29,0,1,25,0,26,0,8,35,12,55,42,82,124,179
03/06/2001,FOE,KS,ACE,CE,Federal Contract Tower,0,9,16,24,49,0,0,13,18,31,0,9,29,42,80,44,156,200,280
03/07/2001,FOE,KS,ACE,CE,Federal Contract Tower,0,8,27,40,75,0,0,0,28,28,0,8,27,68,103,28,124,152,255
03/08/2001,FOE,KS,ACE,CE,Federal Contract Tower,2,8,15,21,46,0,2,30,13,45,2,10,45,34,91,22,84,106,197
03/09/2001,FOE,KS,ACE,CE,Federal Contract Tower,2,9,20,29,60,0,0,27,23,50,2,9,47,52,110,60,164,224,334
03/10/2001,FOE,KS,ACE,CE,Federal Contract Tower,1,2,5,7,15,0,0,24,0,24,1,2,29,7,39,14,0,14,53
03/11/2001,FOE,KS,ACE,CE,Federal Contract Tower,0,3,3,6,12,0,5,0,0,5,0,8,3,6,17,0,0,0,17
03/12/2001,FOE,KS,ACE,CE,Federal Contract Tower,2,8,19,15,44,5,0,12,0,17,7,8,31,15,61,24,100,124,185
03/13/2001,FOE,KS,ACE,CE,Federal Contract Tower,2,8,19,24,53,1,0,26,0,27,3,8,45,24,80,16,86,102,182
03/14/2001,FOE,KS,ACE,CE,Federal Contract Tower,2,6,14,18,40,0,0,15,0,15,2,6,29,18,55,12,150,162,217
03/15/2001,FOE,KS,ACE,CE,Federal Contract Tower,0,4,5,6,15,0,2,0,0,2,0,6,5,6,17,0,4,4,21
03/16/2001,FOE,KS,ACE,CE,Federal Contract Tower,0,6,10,10,26,0,2,18,0,20,0,8,28,10,46,10,8,18,64
03/17/2001,FOE,KS,ACE,CE,Federal Contract Tower,0,2,4,2,8,0,0,42,0,42,0,2,46,2,50,38,4,42,92
03/18/2001,FOE,KS,ACE,CE,Federal Contract Tower,0,3,5,0,8,2,3,14,0,19,2,6,19,0,27,24,0,24,51
03/19/2001,FOE,KS,ACE,CE,Federal Contract Tower,0,6,13,12,31,0,0,10,0,10,0,6,23,12,41,24,146,170,211
03/20/2001,FOE,KS,ACE,CE,Federal Contract Tower,0,6,9,9,24,0,2,15,0,17,0,8,24,9,41,16,68,84,125
03/21/2001,FOE,KS,ACE,CE,Federal Contract Tower,1,9,14,9,33,1,2,17,0,20,2,11,31,9,53,38,102,140,193
03/22/2001,FOE,KS,ACE,CE,Federal Contract Tower,0,6,10,13,29,0,4,31,1,36,0,10,41,14,65,56,98,154,219
03/23/2001,FOE,KS,ACE,CE,Federal Contract Tower,1,11,19,22,53,1,3,17,0,21,2,14,36,22,74,78,42,120,194
03/24/2001,FOE,KS,ACE,CE,Federal Contract Tower,0,2,4,5,11,2,0,42,0,44,2,2,46,5,55,16,0,16,71
03/25/2001,FOE,KS,ACE,CE,Federal Contract Tower,0,3,5,3,11,0,3,22,0,25,0,6,27,3,36,24,0,24,60
03/26/2001,FOE,KS,ACE,CE,Federal Contract Tower,0,9,24,3,36,0,0,9,0,9,0,9,33,3,45,28,228,256,301
03/27/2001,FOE,KS,ACE,CE,Federal Contract Tower,1,10,23,21,55,1,0,10,0,11,2,10,33,21,66,16,202,218,284
03/28/2001,FOE,KS,ACE,CE,Federal Contract Tower,0,8,14,6,28,0,1,0,0,1,0,9,14,6,29,2,36,38,67
03/29/2001,FOE,KS,ACE,CE,Federal Contract Tower,0,10,22,27,59,0,0,18,0,18,0,10,40,27,77,38,160,198,275
03/30/2001,FOE,KS,ACE,CE,Federal Contract Tower,0,6,12,10,28,2,0,20,0,22,2,6,32,10,50,42,14,56,106
03/31/2001,FOE,KS,ACE,CE,Federal Contract Tower,0,1,3,0,4,0,1,24,0,25,0,2,27,0,29,4,0,4,33
04/01/2001,FOE,KS,ACE,CE,Federal Contract Tower,0,6,11,3,20,0,0,35,3,38,0,6,46,6,58,10,0,10,68
04/02/2001,FOE,KS,ACE,CE,Federal Contract Tower,0,6,19,11,36,0,2,16,0,18,0,8,35,11,54,16,54,70,124
04/03/2001,FOE,KS,ACE,CE,Federal Contract Tower,0,14,7,7,28,0,0,0,0,0,0,14,7,7,28,10,8,18,46
04/04/2001,FOE,KS,ACE,CE,Federal Contract Tower,0,8,15,12,35,0,0,4,0,4,0,8,19,12,39,2,16,18,57
04/05/2001,FOE,KS,ACE,CE,Federal Contract Tower,0,10,15,10,35,0,0,5,0,5,0,10,20,10,40,6,4,10,50
04/06/2001,FOE,KS,ACE,CE,Federal Contract Tower,0,6,13,9,28,0,0,15,0,15,0,6,28,9,43,16,6,22,65
04/07/2001,FOE,KS,ACE,CE,Federal Contract Tower,0,2,6,9,17,0,0,26,13,39,0,2,32,22,56,8,0,8,64
04/08/2001,FOE,KS,ACE,CE,Federal Contract Tower,0,4,7,12,23,0,0,9,20,29,0,4,16,32,52,8,6,14,66
04/09/2001,FOE,KS,ACE,CE,Federal Contract Tower,0,8,12,20,40,0,0,29,0,29,0,8,41,20,69,8,84,92,161
04/10/2001,FOE,KS,ACE,CE,Federal Contract Tower,0,8,16,9,33,0,0,8,4,12,0,8,24,13,45,0,30,30,75
04/11/2001,FOE,KS,ACE,CE,Federal Contract Tower,0,7,9,10,26,0,0,1,8,9,0,7,10,18,35,0,6,6,41
04/12/2001,FOE,KS,ACE,CE,Federal Contract Tower,0,11,17,40,68,0,0,35,3,38,0,11,52,43,106,58,198,256,362
04/13/2001,FOE,KS,ACE,CE,Federal Contract Tower,0,8,11,10,29,0,0,37,12,49,0,8,48,22,78,40,152,192,270
04/14/2001,FOE,KS,ACE,CE,Federal Contract Tower,0,2,5,1,8,0,0,23,0,23,0,2,28,1,31,4,0,4,35
04/15/2001,FOE,KS,ACE,CE,Federal Contract Tower,0,6,3,0,9,0,0,15,0,15,0,6,18,0,24,0,0,0,24
04/16/2001,FOE,KS,ACE,CE,Federal Contract Tower,0,8,10,6,24,0,0,7,0,7,0,8,17,6,31,0,44,44,75
04/17/2001,FOE,KS,ACE,CE,Federal Contract Tower,2,8,12,17,39,0,0,27,0,27,2,8,39,17,66,18,126,144,210
04/18/2001,FOE,KS,ACE,CE,Federal Contract Tower,0,8,14,10,32,0,0,18,0,18,0,8,32,10,50,14,92,106,156
04/19/2001,FOE,KS,ACE,CE,Federal Contract Tower,0,8,17,18,43,0,0,15,5,20,0,8,32,23,63,0,76,76,139
04/20/2001,FOE,KS,ACE,CE,Federal Contract Tower,0,8,13,10,31,0,0,12,5,17,0,8,25,15,48,14,96,110,158
04/21/2001,FOE,KS,ACE,CE,Federal Contract Tower,0,5,6,3,14,0,0,19,13,32,0,5,25,16,46,38,20,58,104
04/22/2001,FOE,KS,ACE,CE,Federal Contract Tower,0,4,9,3,16,0,0,6,0,6,0,4,15,3,22,0,0,0,22
04/23/2001,FOE,KS,ACE,CE,Federal Contract Tower,0,8,14,2,24,0,0,7,0,7,0,8,21,2,31,6,6,12,43
04/24/2001,FOE,KS,ACE,CE,Federal Contract Tower,0,10,18,9,37,0,0,27,0,27,0,10,45,9,64,52,52,104,168
04/25/2001,FOE,KS,ACE,CE,Federal Contract Tower,0,10,17,14,41,0,0,22,3,25,0,10,39,17,66,46,52,98,164
04/26/2001,FOE,KS,ACE,CE,Federal Contract Tower,0,8,15,19,42,0,0,42,10,52,0,8,57,29,94,34,142,176,270
04/27/2001,FOE,KS,ACE,CE,Federal Contract Tower,0,8,13,17,38,0,0,24,6,30,0,8,37,23,68,28,62,90,158
04/28/2001,FOE,KS,ACE,CE,Federal Contract Tower,0,2,5,1,8,0,0,38,3,41,0,2,43,4,49,32,0,32,81
04/29/2001,FOE,KS,ACE,CE,Federal Contract Tower,0,6,9,7,22,0,0,13,4,17,0,6,22,11,39,12,6,18,57
04/30/2001,FOE,KS,ACE,CE,Federal Contract Tower,0,8,12,6,26,0,0,9,0,9,0,8,21,6,35,6,0,6,41
05/01/2001,FOE,KS,ACE,CE,Federal Contract Tower,0,8,12,3,23,0,0,15,3,18,0,8,27,6,41,0,2,2,43
05/02/2001,FOE,KS,ACE,CE,Federal Contract Tower,0,8,12,9,29,0,0,18,1,19,0,8,30,10,48,30,8,38,86
05/03/2001,FOE,KS,ACE,CE,Federal Contract Tower,2,6,16,7,31,0,0,5,3,8,2,6,21,10,39,8,0,8,47
05/04/2001,FOE,KS,ACE,CE,Federal Contract Tower,0,4,12,13,29,0,0,4,0,4,0,4,16,13,33,12,18,30,63
05/05/2001,FOE,KS,ACE,CE,Federal Contract Tower,0,2,5,6,13,0,0,22,11,33,0,2,27,17,46,12,2,14,60
05/06/2001,FOE,KS,ACE,CE,Federal Contract Tower,0,8,3,11,22,0,0,19,5,24,0,8,22,16,46,8,4,12,58
05/07/2001,FOE,KS,ACE,CE,Federal Contract Tower,0,10,7,24,41,0,0,29,4,33,0,10,36,28,74,10,142,152,226
05/08/2001,FOE,KS,ACE,CE,Federal Contract Tower,0,8,11,35,54,0,0,37,0,37,0,8,48,35,91,40,156,196,287
05/09/2001,FOE,KS,ACE,CE,Federal Contract Tower,0,9,11,18,38,0,0,27,7,34,0,9,38,25,72,10,96,106,178
05/10/2001,FOE,KS,ACE,CE,Federal Contract Tower,0,12,15,18,45,0,0,9,3,12,0,12,24,21,57,14,32,46,103
05/11/2001,FOE,KS,ACE,CE,Federal Contract Tower,0,8,17,1,26,0,0,15,7,22,0,8,32,8,48,50,0,50,98
05/12/2001,FOE,KS,ACE,CE,Federal Contract Tower,0,2,1,0,3,0,0,61,8,69,0,2,62,8,72,56,2,58,130
05/13/2001,FOE,KS,ACE,CE,Federal Contract Tower,0,5,8,1,14,0,0,27,0,27,0,5,35,1,41,12,0,12,53
05/14/2001,FOE,KS,ACE,CE,Federal Contract Tower,0,8,5,7,20,0,0,34,0,34,0,8,39,7,54,12,94,106,160
05/15/2001,FOE,KS,ACE,CE,Federal Contract Tower,0,6,11,12,29,0,0,28,0,28,0,6,39,12,57,8,40,48,105
05/16/2001,FOE,KS,ACE,CE,Federal Contract Tower,0,8,17,17,42,0,0,51,0,51,0,8,68,17,93,6,156,162,255
05/17/2001,FOE,KS,ACE,CE,Federal Contract Tower,0,8,19,12,39,0,0,7,0,7,0,8,26,12,46,10,100,110,156
05/18/2001,FOE,KS,ACE,CE,Federal Contract Tower,0,8,17,12,37,0,0,32,1,33,0,8,49,13,70,6,86,92,162
05/19/2001,FOE,KS,ACE,CE,Federal Contract Tower,0,2,3,10,15,0,0,33,2,35,0,2,36,12,50,18,16,34,84
05/20/2001,FOE,KS,ACE,CE,Federal Contract Tower,0,2,9,7,18,0,0,22,1,23,0,2,31,8,41,6,0,6,47
05/21/2001,FOE,KS,ACE,CE,Federal Contract Tower,0,12,9,19,40,0,0,17,0,17,0,12,26,19,57,12,90,102,159
05/22/2001,FOE,KS,ACE,CE,Federal Contract Tower,2,14,4,12,32,0,0,20,0,20,2,14,24,12,52,32,134,166,218
05/23/2001,FOE,KS,ACE,CE,Federal Contract Tower,0,8,13,20,41,0,0,12,3,15,0,8,25,23,56,12,50,62,118
05/24/2001,FOE,KS,ACE,CE,Federal Contract Tower,0,11,21,15,47,0,0,22,0,22,0,11,43,15,69,16,56,72,141
05/25/2001,FOE,KS,ACE,CE,Federal Contract Tower,2,11,25,5,43,0,0,37,0,37,2,11,62,5,80,26,32,58,138
05/26/2001,FOE,KS,ACE,CE,Federal Contract Tower,0,2,11,3,16,0,0,55,0,55,0,2,66,3,71,48,0,48,119
05/27/2001,FOE,KS,ACE,CE,Federal Contract Tower,0,6,9,2,17,0,0,42,0,42,0,6,51,2,59,64,0,64,123
05/28/2001,FOE,KS,ACE,CE,Federal Contract Tower,0,8,9,3,20,0,0,41,1,42,0,8,50,4,62,42,0,42,104
05/29/2001,FOE,KS,ACE,CE,Federal Contract Tower,0,12,5,7,24,0,2,19,0,21,0,14,24,7,45,52,30,82,127
05/30/2001,FOE,KS,ACE,CE,Federal Contract Tower,0,8,5,15,28,0,0,1,0,1,0,8,6,15,29,0,4,4,33
05/31/2001,FOE,KS,ACE,CE,Federal Contract Tower,0,7,15,19,41,0,0,9,0,9,0,7,24,19,50,12,56,68,118
06/01/2001,FOE,KS,ACE,CE,Federal Contract Tower,2,10,16,14,42,0,0,33,4,37,2,10,49,18,79,18,108,126,205
06/02/2001,FOE,KS,ACE,CE,Federal Contract Tower,0,2,10,4,16,0,0,30,11,41,0,2,40,15,57,44,16,60,117
06/03/2001,FOE,KS,ACE,CE,Federal Contract Tower,0,6,4,3,13,0,0,5,0,5,0,6,9,3,18,2,0,2,20
06/04/2001,FOE,KS,ACE,CE,Federal Contract Tower,0,8,26,4,38,0,0,2,0,2,0,8,28,4,40,6,22,28,68
06/05/2001,FOE,KS,ACE,CE,Federal Contract Tower,0,8,13,14,35,0,0,10,2,12,0,8,23,16,47,2,6,8,55
06/06/2001,FOE,KS,ACE,CE,Federal Contract Tower,0,6,8,8,22,0,2,8,0,10,0,8,16,8,32,18,58,76,108
06/07/2001,FOE,KS,ACE,CE,Federal Contract Tower,0,10,15,16,41,0,0,21,0,21,0,10,36,16,62,28,110,138,200
06/08/2001,FOE,KS,ACE,CE,Federal Contract Tower,0,16,13,35,64,0,0,24,0,24,0,16,37,35,88,12,170,182,270
06/09/2001,FOE,KS,ACE,CE,Federal Contract Tower,0,2,7,15,24,0,0,228,18,246,0,2,235,33,270,80,42,122,392
06/10/2001,FOE,KS,ACE,CE,Federal Contract Tower,0,6,5,22,33,0,0,15,2,17,0,6,20,24,50,4,76,80,130
06/11/2001,FOE,KS,ACE,CE,Federal Contract Tower,0,12,11,24,47,0,0,23,0,23,0,12,34,24,70,36,78,114,184
06/12/2001,FOE,KS,ACE,CE,Federal Contract Tower,0,10,6,29,45,0,0,20,0,20,0,10,26,29,65,20,108,128,193
06/13/2001,FOE,KS,ACE,CE,Federal Contract Tower,0,8,11,15,34,0,0,22,3,25,0,8,33,18,59,4,44,48,107
06/14/2001,FOE,KS,ACE,CE,Federal Contract Tower,0,6,16,3,25,0,0,9,7,16,0,6,25,10,41,0,12,12,53
06/15/2001,FOE,KS,ACE,CE,Federal Contract Tower,0,6,12,15,33,0,2,41,2,45,0,8,53,17,78,22,70,92,170
06/16/2001,FOE,KS,ACE,CE,Federal Contract Tower,0,2,4,4,10,0,0,22,1,23,0,2,26,5,33,34,0,34,67
06/17/2001,FOE,KS,ACE,CE,Federal Contract Tower,0,6,3,0,9,0,0,17,0,17,0,6,20,0,26,14,0,14,40
06/18/2001,FOE,KS,ACE,CE,Federal Contract Tower,0,6,14,3,23,0,0,14,1,15,0,6,28,4,38,16,4,20,58
06/19/2001,FOE,KS,ACE,CE,Federal Contract Tower,0,6,4,11,21,0,0,6,2,8,0,6,10,13,29,2,0,2,31
06/20/2001,FOE,KS,ACE,CE,Federal Contract Tower,0,8,15,15,38,0,0,14,1,15,0,8,29,16,53,2,52,54,107
06/21/2001,FOE,KS,ACE,CE,Federal Contract Tower,0,14,14,23,51,0,1,31,0,32,0,15,45,23,83,24,128,152,235
06/22/2001,FOE,KS,ACE,CE,Federal Contract Tower,0,8,6,10,24,0,0,47,3,50,0,8,53,13,74,30,56,86,160
06/23/2001,FOE,KS,ACE,CE,Federal Contract Tower,0,3,6,2,11,0,0,30,1,31,0,3,36,3,42,20,0,20,62
06/24/2001,FOE,KS,ACE,CE,Federal Contract Tower,0,6,0,2,8,0,0,18,2,20,0,6,18,4,28,28,0,28,56
06/25/2001,FOE,KS,ACE,CE,Federal Contract Tower,0,8,8,8,24,0,0,19,0,19,0,8,27,8,43,14,48,62,105
06/26/2001,FOE,KS,ACE,CE,Federal Contract Tower,0,10,5,10,25,0,0,14,7,21,0,10,19,17,46,22,52,74,120
06/27/2001,FOE,KS,ACE,CE,Federal Contract Tower,0,10,10,6,26,0,0,21,0,21,0,10,31,6,47,24,80,104,151
06/28/2001,FOE,KS,ACE,CE,Federal Contract Tower,0,9,14,11,34,0,0,33,11,44,0,9,47,22,78,16,32,48,126
06/29/2001,FOE,KS,ACE,CE,Federal Contract Tower,0,9,19,13,41,0,0,25,8,33,0,9,44,21,74,16,36,52,126
06/30/2001,FOE,KS,ACE,CE,Federal Contract Tower,0,2,12,0,14,0,0,41,10,51,0,2,53,10,65,52,0,52,117
07/01/2001,FOE,KS,ACE,CE,Federal Contract Tower,0,6,5,4,15,0,0,13,2,15,0,6,18,6,30,16,0,16,46
07/02/2001,FOE,KS,ACE,CE,Federal Contract Tower,0,8,14,2,24,0,0,14,0,14,0,8,28,2,38,54,36,90,128
07/03/2001,FOE,KS,ACE,CE,Federal Contract Tower,0,8,3,11,22,0,0,11,0,11,0,8,14,11,33,10,102,112,145
07/04/2001,FOE,KS,ACE,CE,Federal Contract Tower,0,2,3,0,5,0,0,14,6,20,0,2,17,6,25,10,0,10,35
07/05/2001,FOE,KS,ACE,CE,Federal Contract Tower,0,12,16,7,35,0,0,14,4,18,0,12,30,11,53,10,30,40,93
07/06/2001,FOE,KS,ACE,CE,Federal Contract Tower,0,4,6,12,22,0,0,19,3,22,0,4,25,15,44,12,60,72,116
07/07/2001,FOE,KS,ACE,CE,Federal Contract Tower,0,2,8,2,12,0,0,26,2,28,0,2,34,4,40,10,6,16,56
07/08/2001,FOE,KS,ACE,CE,Federal Contract Tower,0,7,10,4,21,0,0,21,6,27,0,7,31,10,48,14,4,18,66
07/09/2001,FOE,KS,ACE,CE,Federal Contract Tower,0,11,9,8,28,0,0,14,0,14,0,11,23,8,42,16,94,110,152
07/10/2001,FOE,KS,ACE,CE,Federal Contract Tower,0,9,6,9,24,0,0,20,0,20,0,9,26,9,44,36,56,92,136
07/11/2001,FOE,KS,ACE,CE,Federal Contract Tower,0,8,8,4,20,0,0,26,0,26,0,8,34,4,46,36,64,100,146
07/12/2001,FOE,KS,ACE,CE,Federal Contract Tower,0,10,17,6,33,0,0,19,9,28,0,10,36,15,61,30,42,72,133
07/13/2001,FOE,KS,ACE,CE,Federal Contract Tower,0,12,15,13,40,0,0,29,0,29,0,12,44,13,69,6,100,106,175
07/14/2001,FOE,KS,ACE,CE,Federal Contract Tower,0,2,7,3,12,0,0,34,3,37,0,2,41,6,49,24,0,24,73
07/15/2001,FOE,KS,ACE,CE,Federal Contract Tower,2,6,10,2,20,0,0,30,12,42,2,6,40,14,62,36,6,42,104
07/16/2001,FOE,KS,ACE,CE,Federal Contract Tower,2,12,13,7,34,0,0,15,0,15,2,12,28,7,49,20,54,74,123
07/17/2001,FOE,KS,ACE,CE,Federal Contract Tower,0,11,21,9,41,0,0,21,0,21,0,11,42,9,62,16,36,52,114
07/18/2001,FOE,KS,ACE,CE,Federal Contract Tower,0,8,18,7,33,0,0,22,3,25,0,8,40,10,58,40,26,66,124
07/19/2001,FOE,KS,ACE,CE,Federal Contract Tower,2,8,13,18,41,0,0,27,0,27,2,8,40,18,68,28,90,118,186
07/20/2001,FOE,KS,ACE,CE,Federal Contract Tower,0,8,20,5,33,0,0,31,8,39,0,8,51,13,72,40,6,46,118
07/21/2001,FOE,KS,ACE,CE,Federal Contract Tower,0,2,5,0,7,0,0,20,6,26,0,2,25,6,33,12,0,12,45
07/22/2001,FOE,KS,ACE,CE,Federal Contract Tower,0,4,7,6,17,0,0,30,1,31,0,4,37,7,48,18,2,20,68
07/23/2001,FOE,KS,ACE,CE,Federal Contract Tower,0,10,15,12,37,0,0,23,0,23,0,10,38,12,60,16,52,68,128
07/24/2001,FOE,KS,ACE,CE,Federal Contract Tower,0,12,12,11,35,0,0,14,0,14,0,12,26,11,49,10,50,60,109
07/25/2001,FOE,KS,ACE,CE,Federal Contract Tower,0,6,16,10,32,0,0,25,0,25,0,6,41,10,57,18,44,62,119
07/26/2001,FOE,KS,ACE,CE,Federal Contract Tower,0,6,15,21,42,0,0,9,6,15,0,6,24,27,57,0,22,22,79
07/27/2001,FOE,KS,ACE,CE,Federal Contract Tower,0,8,3,4,15,0,0,17,9,26,0,8,20,13,41,12,8,20,61
07/28/2001,FOE,KS,ACE,CE,Federal Contract Tower,0,2,7,4,13,0,0,24,0,24,0,2,31,4,37,8,0,8,45
07/29/2001,FOE,KS,ACE,CE,Federal Contract Tower,4,6,2,2,14,0,0,29,0,29,4,6,31,2,43,8,0,8,51
07/30/2001,FOE,KS,ACE,CE,Federal Contract Tower,0,8,6,1,15,0,0,28,0,28,0,8,34,1,43,16,98,114,157
07/31/2001,FOE,KS,ACE,CE,Federal Contract Tower,0,10,14,8,32,0,0,20,0,20,0,10,34,8,52,20,42,62,114
08/01/2001,FOE,KS,ACE,CE,Federal Contract Tower,0,10,13,18,41,0,1,31,4,36,0,11,44,22,77,42,68,110,187
08/02/2001,FOE,KS,ACE,CE,Federal Contract Tower,0,18,19,17,54,0,0,31,0,31,0,18,50,17,85,14,116,130,215
08/03/2001,FOE,KS,ACE,CE,Federal Contract Tower,0,8,15,3,26,0,0,18,12,30,0,8,33,15,56,26,2,28,84
08/04/2001,FOE,KS,ACE,CE,Federal Contract Tower,0,2,7,4,13,0,0,24,8,32,0,2,31,12,45,24,2,26,71
08/05/2001,FOE,KS,ACE,CE,Federal Contract Tower,0,7,4,12,23,0,0,39,16,55,0,7,43,28,78,8,14,22,100
08/06/2001,FOE,KS,ACE,CE,Federal Contract Tower,0,8,16,7,31,0,0,22,0,22,0,8,38,7,53,2,60,62,115
08/07/2001,FOE,KS,ACE,CE,Federal Contract Tower,0,8,8,9,25,0,0,21,0,21,0,8,29,9,46,8,84,92,138
08/08/2001,FOE,KS,ACE,CE,Federal Contract Tower,1,12,12,14,39,0,0,18,0,18,1,12,30,14,57,30,52,82,139
08/09/2001,FOE,KS,ACE,CE,Federal Contract Tower,1,8,10,11,30,0,0,19,6,25,1,8,29,17,55,30,56,86,141
08/10/2001,FOE,KS,ACE,CE,Federal Contract Tower,1,8,12,9,30,0,0,9,0,9,1,8,21,9,39,24,26,50,89
08/11/2001,FOE,KS,ACE,CE,Federal Contract Tower,0,5,4,16,25,0,0,43,13,56,0,5,47,29,81,18,50,68,149
08/12/2001,FOE,KS,ACE,CE,Federal Contract Tower,3,6,8,14,31,0,0,31,2,33,3,6,39,16,64,6,12,18,82
08/13/2001,FOE,KS,ACE,CE,Federal Contract Tower,0,8,13,13,34,0,0,33,1,34,0,8,46,14,68,2,40,42,110
08/14/2001,FOE,KS,ACE,CE,Federal Contract Tower,0,8,17,19,44,0,0,42,5,47,0,8,59,24,91,30,144,174,265
08/15/2001,FOE,KS,ACE,CE,Federal Contract Tower,2,8,16,17,43,0,0,22,1,23,2,8,38,18,66,6,92,98,164
08/16/2001,FOE,KS,ACE,CE,Federal Contract Tower,0,6,17,18,41,0,0,25,16,41,0,6,42,34,82,46,88,134,216
08/17/2001,FOE,KS,ACE,CE,Federal Contract Tower,0,8,7,5,20,0,0,14,8,22,0,8,21,13,42,6,6,12,54
08/18/2001,FOE,KS,ACE,CE,Federal Contract Tower,0,2,4,0,6,0,0,22,16,38,0,2,26,16,44,10,0,10,54
08/19/2001,FOE,KS,ACE,CE,Federal Contract Tower,0,10,8,7,25,0,0,50,3,53,0,10,58,10,78,26,6,32,110
08/20/2001,FOE,KS,ACE,CE,Federal Contract Tower,0,8,10,10,28,0,0,18,0,18,0,8,28,10,46,14,108,122,168
08/21/2001,FOE,KS,ACE,CE,Federal Contract Tower,0,8,10,7,25,0,0,29,12,41,0,8,39,19,66,4,38,42,108
08/22/2001,FOE,KS,ACE,CE,Federal Contract Tower,0,10,10,16,36,0,0,23,7,30,0,10,33,23,66,34,96,130,196
08/23/2001,FOE,KS,ACE,CE,Federal Contract Tower,0,9,17,11,37,0,0,12,4,16,0,9,29,15,53,30,24,54,107
08/24/2001,FOE,KS,ACE,CE,Federal Contract Tower,0,8,10,14,32,0,0,14,7,21,0,8,24,21,53,8,12,20,73
08/25/2001,FOE,KS,ACE,CE,Federal Contract Tower,0,4,11,4,19,0,0,44,2,46,0,4,55,6,65,18,0,18,83
08/26/2001,FOE,KS,ACE,CE,Federal Contract Tower,0,8,8,6,22,0,0,45,0,45,0,8,53,6,67,24,28,52,119
08/27/2001,FOE,KS,ACE,CE,Federal Contract Tower,2,8,12,4,26,0,0,22,0,22,2,8,34,4,48,34,144,178,226
08/28/2001,FOE,KS,ACE,CE,Federal Contract Tower,0,8,12,21,41,0,0,44,5,49,0,8,56,26,90,16,142,158,248
08/29/2001,FOE,KS,ACE,CE,Federal Contract Tower,0,10,27,20,57,0,0,40,0,40,0,10,67,20,97,14,130,144,241
08/30/2001,FOE,KS,ACE,CE,Federal Contract Tower,0,8,12,9,29,0,0,5,0,5,0,8,17,9,34,10,18,28,62
08/31/2001,FOE,KS,ACE,CE,Federal Contract Tower,0,6,10,4,20,0,2,37,0,39,0,8,47,4,59,18,32,50,109
09/01/2001,FOE,KS,ACE,CE,Federal Contract Tower,0,2,5,0,7,0,0,14,0,14,0,2,19,0,21,12,0,12,33
09/02/2001,FOE,KS,ACE,CE,Federal Contract Tower,0,4,0,0,4,0,0,30,0,30,0,4,30,0,34,12,0,12,46
09/03/2001,FOE,KS,ACE,CE,Federal Contract Tower,0,7,4,2,13,0,0,21,0,21,0,7,25,2,34,14,0,14,48
09/04/2001,FOE,KS,ACE,CE,Federal Contract Tower,0,12,12,19,43,0,0,25,0,25,0,12,37,19,68,22,130,152,220
09/05/2001,FOE,KS,ACE,CE,Federal Contract Tower,0,10,11,40,61,0,0,29,2,31,0,10,40,42,92,14,162,176,268
09/06/2001,FOE,KS,ACE,CE,Federal Contract Tower,0,10,7,15,32,0,0,6,5,11,0,10,13,20,43,2,14,16,59
09/07/2001,FOE,KS,ACE,CE,Federal Contract Tower,0,9,10,17,36,0,0,1,0,1,0,9,11,17,37,2,18,20,57
09/08/2001,FOE,KS,ACE,CE,Federal Contract Tower,0,2,14,14,30,0,0,21,6,27,0,2,35,20,57,30,34,64,121
09/09/2001,FOE,KS,ACE,CE,Federal Contract Tower,2,8,5,4,19,0,0,27,7,34,2,8,32,11,53,32,4,36,89
09/10/2001,FOE,KS,ACE,CE,Federal Contract Tower,0,8,10,8,26,0,0,27,0,27,0,8,37,8,53,26,96,122,175
09/11/2001,FOE,KS,ACE,CE,Federal Contract Tower,0,2,6,5,13,0,0,1,0,1,0,2,7,5,14,0,0,0,14
09/12/2001,FOE,KS,ACE,CE,Federal Contract Tower,0,3,0,6,9,0,5,0,2,7,0,8,0,8,16,0,2,2,18
09/13/2001,FOE,KS,ACE,CE,Federal Contract Tower,0,10,0,9,19,0,2,0,0,2,0,12,0,9,21,0,40,40,61
09/14/2001,FOE,KS,ACE,CE,Federal Contract Tower,2,16,2,8,28,0,1,0,0,1,2,17,2,8,29,6,42,48,77
09/15/2001,FOE,KS,ACE,CE,Federal Contract Tower,1,3,14,1,19,0,1,0,1,2,1,4,14,2,21,6,0,6,27
09/16/2001,FOE,KS,ACE,CE,Federal Contract Tower,9,5,14,3,31,0,2,2,2,6,9,7,16,5,37,2,6,8,45
09/17/2001,FOE,KS,ACE,CE,Federal Contract Tower,3,6,12,1,22,0,0,0,0,0,3,6,12,1,22,0,0,0,22
09/18/2001,FOE,KS,ACE,CE,Federal Contract Tower,1,12,15,12,40,0,0,0,0,0,1,12,15,12,40,0,10,10,50
09/19/2001,FOE,KS,ACE,CE,Federal Contract Tower,0,10,13,7,30,0,0,2,0,2,0,10,15,7,32,16,98,114,146
09/20/2001,FOE,KS,ACE,CE,Federal Contract Tower,0,9,21,18,48,0,0,4,0,4,0,9,25,18,52,6,80,86,138
09/21/2001,FOE,KS,ACE,CE,Federal Contract Tower,0,11,4,23,38,0,2,14,2,18,0,13,18,25,56,18,52,70,126
09/22/2001,FOE,KS,ACE,CE,Federal Contract Tower,0,2,7,2,11,0,0,13,2,15,0,2,20,4,26,12,0,12,38
09/23/2001,FOE,KS,ACE,CE,Federal Contract Tower,0,5,8,2,15,0,0,6,0,6,0,5,14,2,21,12,18,30,51
09/24/2001,FOE,KS,ACE,CE,Federal Contract Tower,0,13,6,8,27,0,0,11,0,11,0,13,17,8,38,24,68,92,130
09/25/2001,FOE,KS,ACE,CE,Federal Contract Tower,0,10,20,19,49,0,0,27,1,28,0,10,47,20,77,6,130,136,213
09/26/2001,FOE,KS,ACE,CE,Federal Contract Tower,0,8,9,10,27,0,0,25,2,27,0,8,34,12,54,4,22,26,80
09/27/2001,FOE,KS,ACE,CE,Federal Contract Tower,0,12,13,17,42,0,0,27,16,43,0,12,40,33,85,22,150,172,257
09/28/2001,FOE,KS,ACE,CE,Federal Contract Tower,0,11,18,8,37,0,0,39,9,48,0,11,57,17,85,28,44,72,157
09/29/2001,FOE,KS,ACE,CE,Federal Contract Tower,0,2,8,0,10,0,0,26,2,28,0,2,34,2,38,22,0,22,60
09/30/2001,FOE,KS,ACE,CE,Federal Contract Tower,1,5,9,6,21,0,0,30,1,31,1,5,39,7,52,22,0,22,74
10/01/2001,FOE,KS,ACE,CE,Federal Contract Tower,2,8,9,11,30,0,0,18,4,22,2,8,27,15,52,32,14,46,98
10/02/2001,FOE,KS,ACE,CE,Federal Contract Tower,0,16,9,14,39,0,0,16,8,24,0,16,25,22,63,4,104,108,171
10/03/2001,FOE,KS,ACE,CE,Federal Contract Tower,0,8,29,9,46,0,0,24,7,31,0,8,53,16,77,4,40,44,121
10/04/2001,FOE,KS,ACE,CE,Federal Contract Tower,0,10,9,7,26,0,0,13,0,13,0,10,22,7,39,6,40,46,85
10/05/2001,FOE,KS,ACE,CE,Federal Contract Tower,0,8,20,7,35,0,0,20,1,21,0,8,40,8,56,2,2,4,60
10/06/2001,FOE,KS,ACE,CE,Federal Contract Tower,0,2,8,0,10,0,0,43,1,44,0,2,51,1,54,26,0,26,80
10/07/2001,FOE,KS,ACE,CE,Federal Contract Tower,1,4,5,2,12,0,0,19,1,20,1,4,24,3,32,6,0,6,38
10/08/2001,FOE,KS,ACE,CE,Federal Contract Tower,0,8,6,4,18,0,0,10,1,11,0,8,16,5,29,14,0,14,43
10/09/2001,FOE,KS,ACE,CE,Federal Contract Tower,0,8,9,1,18,0,0,6,10,16,0,8,15,11,34,0,26,26,60
10/10/2001,FOE,KS,ACE,CE,Federal Contract Tower,0,8,11,22,41,0,0,19,0,19,0,8,30,22,60,26,150,176,236
10/11/2001,FOE,KS,ACE,CE,Federal Contract Tower,1,11,7,19,38,0,0,29,3,32,1,11,36,22,70,8,34,42,112
10/12/2001,FOE,KS,ACE,CE,Federal Contract Tower,0,6,15,6,27,0,0,12,0,12,0,6,27,6,39,6,36,42,81
10/13/2001,FOE,KS,ACE,CE,Federal Contract Tower,3,6,4,0,13,0,0,8,8,16,3,6,12,8,29,8,0,8,37
10/14/2001,FOE,KS,ACE,CE,Federal Contract Tower,2,2,4,6,14,0,0,13,4,17,2,2,17,10,31,16,0,16,47
10/15/2001,FOE,KS,ACE,CE,Federal Contract Tower,2,12,11,2,27,0,0,6,0,6,2,12,17,2,33,8,32,40,73
10/16/2001,FOE,KS,ACE,CE,Federal Contract Tower,0,8,10,13,31,0,0,37,0,37,0,8,47,13,68,8,66,74,142
10/17/2001,FOE,KS,ACE,CE,Federal Contract Tower,0,12,9,21,42,0,0,37,0,37,0,12,46,21,79,20,66,86,165
10/18/2001,FOE,KS,ACE,CE,Federal Contract Tower,0,8,11,21,40,0,0,28,8,36,0,8,39,29,76,8,136,144,220
10/19/2001,FOE,KS,ACE,CE,Federal Contract Tower,4,11,5,17,37,0,0,17,0,17,4,11,22,17,54,4,96,100,154
10/20/2001,FOE,KS,ACE,CE,Federal Contract Tower,0,2,3,7,12,0,0,23,6,29,0,2,26,13,41,6,12,18,59
10/21/2001,FOE,KS,ACE,CE,Federal Contract Tower,3,7,10,9,29,0,0,25,0,25,3,7,35,9,54,2,12,14,68
10/22/2001,FOE,KS,ACE,CE,Federal Contract Tower,0,8,10,6,24,0,0,11,0,11,0,8,21,6,35,2,54,56,91
10/23/2001,FOE,KS,ACE,CE,Federal Contract Tower,0,7,23,7,37,0,0,3,20,23,0,7,26,27,60,10,48,58,118
10/24/2001,FOE,KS,ACE,CE,Federal Contract Tower,0,12,10,20,42,0,0,14,6,20,0,12,24,26,62,4,120,124,186
10/25/2001,FOE,KS,ACE,CE,Federal Contract Tower,0,9,10,27,46,0,0,27,8,35,0,9,37,35,81,2,80,82,163
10/26/2001,FOE,KS,ACE,CE,Federal Contract Tower,0,10,12,10,32,0,0,30,6,36,0,10,42,16,68,8,66,74,142
10/27/2001,FOE,KS,ACE,CE,Federal Contract Tower,0,3,6,2,11,0,0,29,0,29,0,3,35,2,40,12,0,12,52
10/28/2001,FOE,KS,ACE,CE,Federal Contract Tower,0,6,7,0,13,0,0,15,0,15,0,6,22,0,28,16,0,16,44
10/29/2001,FOE,KS,ACE,CE,Federal Contract Tower,0,12,13,8,33,0,0,25,0,25,0,12,38,8,58,8,66,74,132
10/30/2001,FOE,KS,ACE,CE,Federal Contract Tower,0,9,7,27,43,0,0,20,6,26,0,9,27,33,69,8,106,114,183
10/31/2001,FOE,KS,ACE,CE,Federal Contract Tower,0,9,12,11,32,0,0,21,2,23,0,9,33,13,55,0,12,12,67
11/01/2001,FOE,KS,ACE,CE,Federal Contract Tower,0,5,7,36,48,0,1,16,0,17,0,6,23,36,65,0,158,158,223
11/02/2001,FOE,KS,ACE,CE,Federal Contract Tower,0,8,8,24,40,0,0,30,0,30,0,8,38,24,70,12,54,66,136
11/03/2001,FOE,KS,ACE,CE,Federal Contract Tower,0,4,14,5,23,0,0,22,0,22,0,4,36,5,45,10,10,20,65
11/04/2001,FOE,KS,ACE,CE,Federal Contract Tower,0,6,6,15,27,0,0,29,3,32,0,6,35,18,59,2,6,8,67
11/05/2001,FOE,KS,ACE,CE,Federal Contract Tower,0,6,1,2,9,0,0,18,0,18,0,6,19,2,27,20,10,30,57
11/06/2001,FOE,KS,ACE,CE,Federal Contract Tower,0,8,2,25,35,0,0,28,2,30,0,8,30,27,65,8,100,108,173
11/07/2001,FOE,KS,ACE,CE,Federal Contract Tower,0,10,7,19,36,0,0,17,10,27,0,10,24,29,63,2,52,54,117
11/08/2001,FOE,KS,ACE,CE,Federal Contract Tower,0,6,7,28,41,0,0,17,9,26,0,6,24,37,67,6,60,66,133
11/09/2001,FOE,KS,ACE,CE,Federal Contract Tower,0,10,12,10,32,0,0,20,1,21,0,10,32,11,53,4,58,62,115
11/10/2001,FOE,KS,ACE,CE,Federal Contract Tower,0,6,5,5,16,0,0,49,2,51,0,6,54,7,67,62,4,66,133
11/11/2001,FOE,KS,ACE,CE,Federal Contract Tower,2,9,14,0,25,0,0,34,0,34,2,9,48,0,59,12,0,12,71
11/12/2001,FOE,KS,ACE,CE,Federal Contract Tower,0,10,11,2,23,0,0,15,0,15,0,10,26,2,38,12,0,12,50
11/13/2001,FOE,KS,ACE,CE,Federal Contract Tower,0,12,7,7,26,0,0,13,0,13,0,12,20,7,39,0,8,8,47
11/14/2001,FOE,KS,ACE,CE,Federal Contract Tower,0,6,7,27,40,0,0,12,0,12,0,6,19,27,52,2,156,158,210
11/15/2001,FOE,KS,ACE,CE,Federal Contract Tower,0,8,17,32,57,0,0,23,9,32,0,8,40,41,89,2,78,80,169
11/16/2001,FOE,KS,ACE,CE,Federal Contract Tower,0,6,7,19,32,0,1,21,0,22,0,7,28,19,54,20,52,72,126
11/17/2001,FOE,KS,ACE,CE,Federal Contract Tower,0,2,8,14,24,0,0,18,0,18,0,2,26,14,42,12,34,46,88
11/18/2001,FOE,KS,ACE,CE,Federal Contract Tower,0,6,4,0,10,0,0,6,1,7,0,6,10,1,17,18,0,18,35
11/19/2001,FOE,KS,ACE,CE,Federal Contract Tower,2,6,10,20,38,0,0,9,0,9,2,6,19,20,47,26,94,120,167
11/20/2001,FOE,KS,ACE,CE,Federal Contract Tower,0,8,5,24,37,0,0,22,0,22,0,8,27,24,59,18,118,136,195
11/21/2001,FOE,KS,ACE,CE,Federal Contract Tower,0,8,9,15,32,0,0,20,0,20,0,8,29,15,52,8,52,60,112
11/22/2001,FOE,KS,ACE,CE,Federal Contract Tower,2,0,5,0,7,0,0,27,0,27,2,0,32,0,34,4,0,4,38
11/23/2001,FOE,KS,ACE,CE,Federal Contract Tower,2,2,5,0,9,0,0,3,0,3,2,2,8,0,12,0,0,0,12
11/24/2001,FOE,KS,ACE,CE,Federal Contract Tower,2,2,1,0,5,0,0,0,0,0,2,2,1,0,5,0,0,0,5
11/25/2001,FOE,KS,ACE,CE,Federal Contract Tower,0,4,10,0,14,0,0,22,0,22,0,4,32,0,36,2,0,2,38
11/26/2001,FOE,KS,ACE,CE,Federal Contract Tower,0,9,7,15,31,0,0,9,0,9,0,9,16,15,40,0,14,14,54
11/27/2001,FOE,KS,ACE,CE,Federal Contract Tower,0,8,14,30,52,0,0,9,7,16,0,8,23,37,68,12,128,140,208
11/28/2001,FOE,KS,ACE,CE,Federal Contract Tower,0,7,7,28,42,0,0,8,11,19,0,7,15,39,61,2,68,70,131
11/29/2001,FOE,KS,ACE,CE,Federal Contract Tower,0,8,9,66,83,0,0,4,24,28,0,8,13,90,111,0,26,26,137
11/30/2001,FOE,KS,ACE,CE,Federal Contract Tower,0,10,3,35,48,0,0,17,0,17,0,10,20,35,65,10,40,50,115
12/01/2001,FOE,KS,ACE,CE,Federal Contract Tower,0,2,3,12,17,0,0,45,2,47,0,2,48,14,64,22,26,48,112
12/02/2001,FOE,KS,ACE,CE,Federal Contract Tower,0,6,3,7,16,0,0,29,2,31,0,6,32,9,47,32,8,40,87
12/03/2001,FOE,KS,ACE,CE,Federal Contract Tower,1,11,8,50,70,0,0,5,39,44,1,11,13,89,114,0,40,40,154
12/04/2001,FOE,KS,ACE,CE,Federal Contract Tower,0,8,8,16,32,0,5,7,11,23,0,13,15,27,55,2,10,12,67
12/05/2001,FOE,KS,ACE,CE,Federal Contract Tower,0,14,15,15,44,0,0,7,10,17,0,14,22,25,61,0,44,44,105
12/06/2001,FOE,KS,ACE,CE,Federal Contract Tower,0,8,2,22,32,0,0,22,19,41,0,8,24,41,73,2,88,90,163
12/07/2001,FOE,KS,ACE,CE,Federal Contract Tower,0,4,5,11,20,0,0,28,13,41,0,4,33,24,61,8,36,44,105
12/08/2001,FOE,KS,ACE,CE,Federal Contract Tower,0,2,6,5,13,0,0,32,14,46,0,2,38,19,59,24,34,58,117
12/09/2001,FOE,KS,ACE,CE,Federal Contract Tower,0,6,7,0,13,0,0,39,1,40,0,6,46,1,53,22,0,22,75
12/10/2001,FOE,KS,ACE,CE,Federal Contract Tower,0,14,8,16,38,0,0,16,12,28,0,14,24,28,66,4,66,70,136
12/11/2001,FOE,KS,ACE,CE,Federal Contract Tower,0,14,9,28,51,0,2,24,25,51,0,16,33,53,102,8,270,278,380
12/12/2001,FOE,KS,ACE,CE,Federal Contract Tower,0,11,12,6,29,0,0,1,0,1,0,11,13,6,30,0,0,0,30
12/13/2001,FOE,KS,ACE,CE,Federal Contract Tower,0,10,10,27,47,0,1,17,11,29,0,11,27,38,76,4,150,154,230
12/14/2001,FOE,KS,ACE,CE,Federal Contract Tower,0,15,23,25,63,0,0,13,11,24,0,15,36,36,87,2,2,4,91
12/15/2001,FOE,KS,ACE,CE,Federal Contract Tower,2,6,0,10,18,0,0,19,3,22,2,6,19,13,40,14,0,14,54
12/16/2001,FOE,KS,ACE,CE,Federal Contract Tower,0,4,3,0,7,0,0,1,0,1,0,4,4,0,8,0,0,0,8
12/17/2001,FOE,KS,ACE,CE,Federal Contract Tower,1,6,8,16,31,0,0,30,13,43,1,6,38,29,74,6,156,162,236
12/18/2001,FOE,KS,ACE,CE,Federal Contract Tower,3,8,5,28,44,0,1,34,17,52,3,9,39,45,96,8,132,140,236
12/19/2001,FOE,KS,ACE,CE,Federal Contract Tower,2,6,10,9,27,0,1,20,10,31,2,7,30,19,58,6,82,88,146
12/20/2001,FOE,KS,ACE,CE,Federal Contract Tower,1,6,8,22,37,0,0,37,23,60,1,6,45,45,97,6,40,46,143
12/21/2001,FOE,KS,ACE,CE,Federal Contract Tower,1,13,14,13,41,0,0,32,3,35,1,13,46,16,76,4,14,18,94
12/22/2001,FOE,KS,ACE,CE,Federal Contract Tower,0,2,7,0,9,0,0,12,0,12,0,2,19,0,21,2,0,2,23
12/23/2001,FOE,KS,ACE,CE,Federal Contract Tower,0,3,7,2,12,0,0,13,0,13,0,3,20,2,25,0,0,0,25
12/24/2001,FOE,KS,ACE,CE,Federal Contract Tower,0,1,3,2,6,0,0,22,0,22,0,1,25,2,28,0,0,0,28
12/25/2001,FOE,KS,ACE,CE,Federal Contract Tower,0,8,0,1,9,0,1,21,0,22,0,9,21,1,31,4,0,4,35
12/26/2001,FOE,KS,ACE,CE,Federal Contract Tower,0,3,8,2,13,0,0,10,1,11,0,3,18,3,24,12,0,12,36
12/27/2001,FOE,KS,ACE,CE,Federal Contract Tower,0,2,9,18,29,0,0,6,20,26,0,2,15,38,55,4,34,38,93
12/28/2001,FOE,KS,ACE,CE,Federal Contract Tower,0,5,5,7,17,0,0,18,15,33,0,5,23,22,50,12,16,28,78
12/29/2001,FOE,KS,ACE,CE,Federal Contract Tower,0,2,4,1,7,0,0,21,0,21,0,2,25,1,28,4,0,4,32
12/30/2001,FOE,KS,ACE,CE,Federal Contract Tower,0,3,3,1,7,0,0,6,0,6,0,3,9,1,13,4,0,4,17
12/31/2001,FOE,KS,ACE,CE,Federal Contract Tower,0,1,2,3,6,0,0,18,0,18,0,1,20,3,24,24,0,24,48
01/01/2002,FOE,KS,ACE,CE,Federal Contract Tower,0,4,2,1,7,0,0,13,0,13,0,4,15,1,20,2,0,2,22
01/02/2002,FOE,KS,ACE,CE,Federal Contract Tower,0,8,7,14,29,0,0,15,12,27,0,8,22,26,56,12,14,26,82
01/03/2002,FOE,KS,ACE,CE,Federal Contract Tower,0,6,12,8,26,0,0,25,5,30,0,6,37,13,56,26,40,66,122
01/04/2002,FOE,KS,ACE,CE,Federal Contract Tower,0,6,5,8,19,0,0,18,5,23,0,6,23,13,42,20,40,60,102
01/05/2002,FOE,KS,ACE,CE,Federal Contract Tower,0,2,1,2,5,0,0,11,15,26,0,2,12,17,31,2,8,10,41
01/06/2002,FOE,KS,ACE,CE,Federal Contract Tower,0,8,2,2,12,0,0,12,3,15,0,8,14,5,27,0,2,2,29
01/07/2002,FOE,KS,ACE,CE,Federal Contract Tower,0,8,6,18,32,0,2,8,18,28,0,10,14,36,60,2,32,34,94
01/08/2002,FOE,KS,ACE,CE,Federal Contract Tower,0,8,2,13,23,0,0,22,14,36,0,8,24,27,59,8,84,92,151
01/09/2002,FOE,KS,ACE,CE,Federal Contract Tower,0,12,8,24,44,0,2,25,17,44,0,14,33,41,88,32,62,94,182
01/10/2002,FOE,KS,ACE,CE,Federal Contract Tower,0,4,13,28,45,0,1,23,27,51,0,5,36,55,96,14,168,182,278
01/11/2002,FOE,KS,ACE,CE,Federal Contract Tower,0,11,8,44,63,0,0,27,31,58,0,11,35,75,121,2,104,106,227
01/12/2002,FOE,KS,ACE,CE,Federal Contract Tower,0,2,3,8,13,0,4,27,5,36,0,6,30,13,49,8,6,14,63
01/13/2002,FOE,KS,ACE,CE,Federal Contract Tower,0,6,8,8,22,0,2,27,12,41,0,8,35,20,63,2,8,10,73
01/14/2002,FOE,KS,ACE,CE,Federal Contract Tower,0,6,6,36,48,0,0,5,20,25,0,6,11,56,73,0,126,126,199
01/15/2002,FOE,KS,ACE,CE,Federal Contract Tower,0,8,7,20,35,0,4,19,18,41,0,12,26,38,76,0,36,36,112
01/16/2002,FOE,KS,ACE,CE,Federal Contract Tower,0,8,11,13,32,0,0,20,16,36,0,8,31,29,68,6,84,90,158
01/17/2002,FOE,KS,ACE,CE,Federal Contract Tower,0,15,23,22,60,0,3,18,15,36,0,18,41,37,96,36,150,186,282
01/18/2002,FOE,KS,ACE,CE,Federal Contract Tower,0,2,10,4,16,0,0,11,0,11,0,2,21,4,27,0,4,4,31
01/19/2002,FOE,KS,ACE,CE,Federal Contract Tower,0,2,7,4,13,0,0,11,0,11,0,2,18,4,24,6,0,6,30
01/20/2002,FOE,KS,ACE,CE,Federal Contract Tower,0,6,9,3,18,0,2,22,1,25,0,8,31,4,43,2,0,2,45
01/21/2002,FOE,KS,ACE,CE,Federal Contract Tower,0,6,10,2,18,0,1,30,0,31,0,7,40,2,49,18,0,18,67
01/22/2002,FOE,KS,ACE,CE,Federal Contract Tower,0,10,12,22,44,0,1,24,24,49,0,11,36,46,93,4,68,72,165
01/23/2002,FOE,KS,ACE,CE,Federal Contract Tower,0,6,11,21,38,0,1,19,38,58,0,7,30,59,96,2,50,52,148
01/24/2002,FOE,KS,ACE,CE,Federal Contract Tower,2,9,19,25,55,0,4,45,34,83,2,13,64,59,138,36,104,140,278
01/25/2002,FOE,KS,ACE,CE,Federal Contract Tower,2,9,6,33,50,0,0,40,22,62,2,9,46,55,112,16,52,68,180
01/26/2002,FOE,KS,ACE,CE,Federal Contract Tower,4,2,7,6,19,0,0,44,1,45,4,2,51,7,64,14,0,14,78
01/27/2002,FOE,KS,ACE,CE,Federal Contract Tower,0,6,2,4,12,0,0,33,0,33,0,6,35,4,45,14,0,14,59
01/28/2002,FOE,KS,ACE,CE,Federal Contract Tower,0,8,8,18,34,0,0,15,11,26,0,8,23,29,60,0,40,40,100
01/29/2002,FOE,KS,ACE,CE,Federal Contract Tower,0,4,13,0,17,0,1,3,4,8,0,5,16,4,25,0,0,0,25
01/30/2002,FOE,KS,ACE,CE,Federal Contract Tower,0,0,0,0,0,0,0,0,0,0,0,0,0,0,0,0,0,0,0
01/31/2002,FOE,KS,ACE,CE,Federal Contract Tower,0,4,0,0,4,0,0,0,0,0,0,4,0,0,4,0,0,0,4
02/01/2002,FOE,KS,ACE,CE,Federal Contract Tower,0,11,9,15,35,0,0,26,6,32,0,11,35,21,67,4,4,8,75
02/02/2002,FOE,KS,ACE,CE,Federal Contract Tower,0,4,8,2,14,0,0,15,19,34,0,4,23,21,48,6,10,16,64
02/03/2002,FOE,KS,ACE,CE,Federal Contract Tower,0,7,3,3,13,0,0,26,6,32,0,7,29,9,45,0,4,4,49
02/04/2002,FOE,KS,ACE,CE,Federal Contract Tower,0,9,6,13,28,0,0,12,23,35,0,9,18,36,63,2,30,32,95
02/05/2002,FOE,KS,ACE,CE,Federal Contract Tower,0,8,12,18,38,0,3,15,17,35,0,11,27,35,73,2,28,30,103
02/06/2002,FOE,KS,ACE,CE,Federal Contract Tower,0,11,8,21,40,0,3,6,11,20,0,14,14,32,60,46,26,72,132
02/07/2002,FOE,KS,ACE,CE,Federal Contract Tower,0,11,22,22,55,0,1,16,30,47,0,12,38,52,102,2,104,106,208
02/08/2002,FOE,KS,ACE,CE,Federal Contract Tower,0,11,6,15,32,0,0,26,15,41,0,11,32,30,73,6,38,44,117
02/09/2002,FOE,KS,ACE,CE,Federal Contract Tower,0,2,2,0,4,0,0,6,0,6,0,2,8,0,10,6,0,6,16
02/10/2002,FOE,KS,ACE,CE,Federal Contract Tower,2,6,7,3,18,0,0,7,1,8,2,6,14,4,26,2,0,2,28
02/11/2002,FOE,KS,ACE,CE,Federal Contract Tower,0,10,2,11,23,0,6,22,5,33,0,16,24,16,56,8,50,58,114
02/12/2002,FOE,KS,ACE,CE,Federal Contract Tower,0,8,8,12,28,0,1,19,16,36,0,9,27,28,64,32,80,112,176
02/13/2002,FOE,KS,ACE,CE,Federal Contract Tower,0,8,13,9,30,0,5,25,18,48,0,13,38,27,78,24,56,80,158
02/14/2002,FOE,KS,ACE,CE,Federal Contract Tower,0,8,20,15,43,0,1,23,9,33,0,9,43,24,76,4,38,42,118
02/15/2002,FOE,KS,ACE,CE,Federal Contract Tower,0,8,6,15,29,0,2,26,9,37,0,10,32,24,66,20,52,72,138
02/16/2002,FOE,KS,ACE,CE,Federal Contract Tower,0,3,1,10,14,0,1,28,0,29,0,4,29,10,43,36,6,42,85
02/17/2002,FOE,KS,ACE,CE,Federal Contract Tower,0,6,4,2,12,0,1,33,1,35,0,7,37,3,47,22,0,22,69
02/18/2002,FOE,KS,ACE,CE,Federal Contract Tower,0,14,8,2,24,0,0,13,0,13,0,14,21,2,37,8,0,8,45
02/19/2002,FOE,KS,ACE,CE,Federal Contract Tower,0,10,18,13,41,0,0,1,7,8,0,10,19,20,49,0,6,6,55
02/20/2002,FOE,KS,ACE,CE,Federal Contract Tower,0,8,7,19,34,0,0,15,16,31,0,8,22,35,65,2,36,38,103
02/21/2002,FOE,KS,ACE,CE,Federal Contract Tower,0,9,15,35,59,0,0,21,35,56,0,9,36,70,115,8,142,150,265
02/22/2002,FOE,KS,ACE,CE,Federal Contract Tower,0,8,6,25,39,0,1,30,30,61,0,9,36,55,100,22,96,118,218
02/23/2002,FOE,KS,ACE,CE,Federal Contract Tower,0,2,3,5,10,0,4,48,1,53,0,6,51,6,63,10,0,10,73
02/24/2002,FOE,KS,ACE,CE,Federal Contract Tower,0,6,3,0,9,0,1,13,0,14,0,7,16,0,23,0,0,0,23
02/25/2002,FOE,KS,ACE,CE,Federal Contract Tower,0,8,10,3,21,0,0,8,1,9,0,8,18,4,30,0,0,0,30
02/26/2002,FOE,KS,ACE,CE,Federal Contract Tower,0,8,12,25,45,0,2,9,20,31,0,10,21,45,76,0,38,38,114
02/27/2002,FOE,KS,ACE,CE,Federal Contract Tower,0,8,6,23,37,0,0,17,21,38,0,8,23,44,75,16,76,92,167
02/28/2002,FOE,KS,ACE,CE,Federal Contract Tower,0,12,6,28,46,0,1,29,30,60,0,13,35,58,106,30,96,126,232
03/01/2002,FOE,KS,ACE,CE,Federal Contract Tower,0,7,8,3,18,0,0,7,0,7,0,7,15,3,25,4,0,4,29
03/02/2002,FOE,KS,ACE,CE,Federal Contract Tower,0,0,2,1,3,0,4,6,16,26,0,4,8,17,29,0,0,0,29
03/03/2002,FOE,KS,ACE,CE,Federal Contract Tower,0,4,10,5,19,0,2,7,3,12,0,6,17,8,31,4,2,6,37
03/04/2002,FOE,KS,ACE,CE,Federal Contract Tower,0,6,8,22,36,0,0,19,12,31,0,6,27,34,67,26,84,110,177
03/05/2002,FOE,KS,ACE,CE,Federal Contract Tower,0,6,14,19,39,0,1,29,27,57,0,7,43,46,96,16,64,80,176
03/06/2002,FOE,KS,ACE,CE,Federal Contract Tower,0,8,18,23,49,0,0,21,29,50,0,8,39,52,99,10,100,110,209
03/07/2002,FOE,KS,ACE,CE,Federal Contract Tower,2,6,10,10,28,0,0,10,15,25,2,6,20,25,53,0,10,10,63
03/08/2002,FOE,KS,ACE,CE,Federal Contract Tower,2,7,9,8,26,0,1,11,7,19,2,8,20,15,45,0,2,2,47
03/09/2002,FOE,KS,ACE,CE,Federal Contract Tower,0,2,7,0,9,0,0,11,1,12,0,2,18,1,21,0,0,0,21
03/10/2002,FOE,KS,ACE,CE,Federal Contract Tower,0,2,10,4,16,0,1,33,0,34,0,3,43,4,50,6,0,6,56
03/11/2002,FOE,KS,ACE,CE,Federal Contract Tower,0,8,11,19,38,0,0,31,20,51,0,8,42,39,89,6,50,56,145
03/12/2002,FOE,KS,ACE,CE,Federal Contract Tower,2,15,14,24,55,0,0,25,34,59,2,15,39,58,114,24,86,110,224
03/13/2002,FOE,KS,ACE,CE,Federal Contract Tower,0,6,14,35,55,0,2,33,35,70,0,8,47,70,125,20,92,112,237
03/14/2002,FOE,KS,ACE,CE,Federal Contract Tower,0,6,6,37,49,0,3,16,41,60,0,9,22,78,109,4,52,56,165
03/15/2002,FOE,KS,ACE,CE,Federal Contract Tower,0,6,8,8,22,0,0,20,15,35,0,6,28,23,57,20,44,64,121
03/16/2002,FOE,KS,ACE,CE,Federal Contract Tower,0,4,6,0,10,0,2,34,0,36,0,6,40,0,46,14,0,14,60
03/17/2002,FOE,KS,ACE,CE,Federal Contract Tower,0,5,8,4,17,0,1,41,2,44,0,6,49,6,61,28,2,30,91
03/18/2002,FOE,KS,ACE,CE,Federal Contract Tower,0,6,10,16,32,0,1,9,2,12,0,7,19,18,44,6,12,18,62
03/19/2002,FOE,KS,ACE,CE,Federal Contract Tower,0,7,20,44,71,0,2,5,32,39,0,9,25,76,110,4,0,4,114
03/20/2002,FOE,KS,ACE,CE,Federal Contract Tower,2,7,7,15,31,0,1,28,17,46,2,8,35,32,77,18,32,50,127
03/21/2002,FOE,KS,ACE,CE,Federal Contract Tower,0,6,10,19,35,0,0,10,23,33,0,6,20,42,68,2,60,62,130
03/22/2002,FOE,KS,ACE,CE,Federal Contract Tower,0,6,14,21,41,0,6,34,17,57,0,12,48,38,98,8,136,144,242
03/23/2002,FOE,KS,ACE,CE,Federal Contract Tower,0,2,7,4,13,0,0,53,5,58,0,2,60,9,71,40,18,58,129
03/24/2002,FOE,KS,ACE,CE,Federal Contract Tower,2,5,10,2,19,0,0,5,4,9,2,5,15,6,28,2,10,12,40
03/25/2002,FOE,KS,ACE,CE,Federal Contract Tower,0,7,22,7,36,0,0,5,0,5,0,7,27,7,41,0,0,0,41
03/26/2002,FOE,KS,ACE,CE,Federal Contract Tower,0,7,14,38,59,0,0,24,28,52,0,7,38,66,111,18,72,90,201
03/27/2002,FOE,KS,ACE,CE,Federal Contract Tower,2,7,17,26,52,0,2,23,16,41,2,9,40,42,93,16,20,36,129
03/28/2002,FOE,KS,ACE,CE,Federal Contract Tower,0,7,17,19,43,0,1,61,15,77,0,8,78,34,120,32,66,98,218
03/29/2002,FOE,KS,ACE,CE,Federal Contract Tower,0,6,24,11,41,0,0,32,8,40,0,6,56,19,81,26,8,34,115
03/30/2002,FOE,KS,ACE,CE,Federal Contract Tower,0,2,9,1,12,0,0,30,1,31,0,2,39,2,43,62,2,64,107
03/31/2002,FOE,KS,ACE,CE,Federal Contract Tower,0,4,1,1,6,0,5,24,2,31,0,9,25,3,37,6,0,6,43
04/01/2002,FOE,KS,ACE,CE,Federal Contract Tower,0,10,8,14,32,0,0,25,13,38,0,10,33,27,70,0,10,10,80
04/02/2002,FOE,KS,ACE,CE,Federal Contract Tower,2,12,2,23,39,0,1,4,15,20,2,13,6,38,59,0,104,104,163
04/03/2002,FOE,KS,ACE,CE,Federal Contract Tower,2,8,7,32,49,0,1,11,22,34,2,9,18,54,83,10,104,114,197
04/04/2002,FOE,KS,ACE,CE,Federal Contract Tower,0,10,12,21,43,0,0,21,29,50,0,10,33,50,93,16,44,60,153
04/05/2002,FOE,KS,ACE,CE,Federal Contract Tower,0,7,10,35,52,0,0,26,25,51,0,7,36,60,103,12,146,158,261
04/06/2002,FOE,KS,ACE,CE,Federal Contract Tower,2,3,4,8,17,0,0,23,27,50,2,3,27,35,67,4,16,20,87
04/07/2002,FOE,KS,ACE,CE,Federal Contract Tower,0,8,13,12,33,0,0,14,2,16,0,8,27,14,49,0,0,0,49
04/08/2002,FOE,KS,ACE,CE,Federal Contract Tower,0,6,6,6,18,0,0,0,0,0,0,6,6,6,18,0,0,0,18
04/09/2002,FOE,KS,ACE,CE,Federal Contract Tower,0,11,7,37,55,0,1,38,39,78,0,12,45,76,133,26,84,110,243
04/10/2002,FOE,KS,ACE,CE,Federal Contract Tower,4,8,8,16,36,0,1,24,21,46,4,9,32,37,82,8,80,88,170
04/11/2002,FOE,KS,ACE,CE,Federal Contract Tower,0,7,5,6,18,0,1,9,3,13,0,8,14,9,31,2,2,4,35
04/12/2002,FOE,KS,ACE,CE,Federal Contract Tower,0,8,8,16,32,0,1,22,7,30,0,9,30,23,62,14,12,26,88
04/13/2002,FOE,KS,ACE,CE,Federal Contract Tower,0,2,2,3,7,0,6,13,0,19,0,8,15,3,26,20,0,20,46
04/14/2002,FOE,KS,ACE,CE,Federal Contract Tower,0,6,6,6,18,0,2,23,2,27,0,8,29,8,45,32,0,32,77
04/15/2002,FOE,KS,ACE,CE,Federal Contract Tower,0,10,6,20,36,0,3,25,10,38,0,13,31,30,74,0,66,66,140
04/16/2002,FOE,KS,ACE,CE,Federal Contract Tower,0,8,12,18,38,0,0,8,15,23,0,8,20,33,61,2,53,55,116
04/17/2002,FOE,KS,ACE,CE,Federal Contract Tower,0,10,12,25,47,0,2,22,19,43,0,12,34,44,90,2,98,100,190
04/18/2002,FOE,KS,ACE,CE,Federal Contract Tower,0,6,13,19,38,0,0,20,21,41,0,6,33,40,79,8,80,88,167
04/19/2002,FOE,KS,ACE,CE,Federal Contract Tower,0,6,8,11,25,0,0,14,15,29,0,6,22,26,54,22,8,30,84
04/20/2002,FOE,KS,ACE,CE,Federal Contract Tower,0,0,4,0,4,0,0,7,0,7,0,0,11,0,11,20,0,20,31
04/21/2002,FOE,KS,ACE,CE,Federal Contract Tower,0,4,7,3,14,0,0,14,1,15,0,4,21,4,29,14,0,14,43
04/22/2002,FOE,KS,ACE,CE,Federal Contract Tower,0,8,15,14,37,0,1,26,19,46,0,9,41,33,83,30,76,106,189
04/23/2002,FOE,KS,ACE,CE,Federal Contract Tower,0,5,10,36,51,0,2,31,35,68,0,7,41,71,119,28,142,170,289
04/24/2002,FOE,KS,ACE,CE,Federal Contract Tower,0,6,7,25,38,0,0,3,10,13,0,6,10,35,51,0,10,10,61
04/25/2002,FOE,KS,ACE,CE,Federal Contract Tower,0,6,12,24,42,0,0,36,28,64,0,6,48,52,106,20,54,74,180
04/26/2002,FOE,KS,ACE,CE,Federal Contract Tower,0,10,12,23,45,0,0,4,7,11,0,10,16,30,56,4,0,4,60
04/27/2002,FOE,KS,ACE,CE,Federal Contract Tower,0,2,1,0,3,0,1,4,0,5,0,3,5,0,8,4,0,4,12
04/28/2002,FOE,KS,ACE,CE,Federal Contract Tower,0,4,9,0,13,0,0,32,0,32,0,4,41,0,45,26,0,26,71
04/29/2002,FOE,KS,ACE,CE,Federal Contract Tower,0,5,6,14,25,0,1,26,2,29,0,6,32,16,54,36,46,82,136
04/30/2002,FOE,KS,ACE,CE,Federal Contract Tower,1,6,10,21,38,0,2,24,20,46,1,8,34,41,84,22,56,78,162
05/01/2002,FOE,KS,ACE,CE,Federal Contract Tower,3,5,4,7,19,0,1,1,3,5,3,6,5,10,24,0,0,0,24
05/02/2002,FOE,KS,ACE,CE,Federal Contract Tower,0,6,15,45,66,0,1,29,36,66,0,7,44,81,132,22,62,84,216
05/03/2002,FOE,KS,ACE,CE,Federal Contract Tower,0,9,10,19,38,0,1,44,16,61,0,10,54,35,99,10,54,64,163
05/04/2002,FOE,KS,ACE,CE,Federal Contract Tower,0,2,14,6,22,0,1,27,4,32,0,3,41,10,54,34,4,38,92
05/05/2002,FOE,KS,ACE,CE,Federal Contract Tower,0,5,5,9,19,0,0,9,9,18,0,5,14,18,37,14,22,36,73
05/06/2002,FOE,KS,ACE,CE,Federal Contract Tower,2,10,5,19,36,0,2,7,14,23,2,12,12,33,59,6,64,70,129
05/07/2002,FOE,KS,ACE,CE,Federal Contract Tower,0,6,9,17,32,0,0,8,10,18,0,6,17,27,50,0,16,16,66
05/08/2002,FOE,KS,ACE,CE,Federal Contract Tower,0,6,8,23,37,0,0,4,12,16,0,6,12,35,53,0,0,0,53
05/09/2002,FOE,KS,ACE,CE,Federal Contract Tower,0,10,15,35,60,0,1,43,18,62,0,11,58,53,122,30,52,82,204
05/10/2002,FOE,KS,ACE,CE,Federal Contract Tower,0,7,11,11,29,0,1,13,7,21,0,8,24,18,50,6,2,8,58
05/11/2002,FOE,KS,ACE,CE,Federal Contract Tower,0,3,5,4,12,0,0,2,0,2,0,3,7,4,14,2,0,2,16
05/12/2002,FOE,KS,ACE,CE,Federal Contract Tower,0,8,7,5,20,0,0,5,4,9,0,8,12,9,29,2,0,2,31
05/13/2002,FOE,KS,ACE,CE,Federal Contract Tower,0,6,10,18,34,0,0,43,19,62,0,6,53,37,96,2,58,60,156
05/14/2002,FOE,KS,ACE,CE,Federal Contract Tower,0,6,13,28,47,0,0,17,13,30,0,6,30,41,77,10,102,112,189
05/15/2002,FOE,KS,ACE,CE,Federal Contract Tower,0,8,14,14,36,0,2,16,6,24,0,10,30,20,60,0,0,0,60
05/16/2002,FOE,KS,ACE,CE,Federal Contract Tower,0,10,9,14,33,0,1,11,6,18,0,11,20,20,51,18,6,24,75
05/17/2002,FOE,KS,ACE,CE,Federal Contract Tower,0,8,14,16,38,0,0,21,9,30,0,8,35,25,68,8,46,54,122
05/18/2002,FOE,KS,ACE,CE,Federal Contract Tower,0,4,8,1,13,0,1,39,3,43,0,5,47,4,56,56,4,60,116
05/19/2002,FOE,KS,ACE,CE,Federal Contract Tower,0,6,7,6,19,0,1,27,1,29,0,7,34,7,48,14,6,20,68
05/20/2002,FOE,KS,ACE,CE,Federal Contract Tower,0,7,4,18,29,0,1,15,9,25,0,8,19,27,54,12,104,116,170
05/21/2002,FOE,KS,ACE,CE,Federal Contract Tower,0,8,10,16,34,0,0,16,17,33,0,8,26,33,67,6,64,70,137
05/22/2002,FOE,KS,ACE,CE,Federal Contract Tower,0,6,15,15,36,0,1,10,24,35,0,7,25,39,71,4,58,62,133
05/23/2002,FOE,KS,ACE,CE,Federal Contract Tower,0,13,22,11,46,0,1,14,12,27,0,14,36,23,73,0,6,6,79
05/24/2002,FOE,KS,ACE,CE,Federal Contract Tower,0,16,16,0,32,0,0,33,0,33,0,16,49,0,65,0,2,2,67
05/25/2002,FOE,KS,ACE,CE,Federal Contract Tower,0,3,10,0,13,0,0,34,5,39,0,3,44,5,52,20,0,20,72
05/26/2002,FOE,KS,ACE,CE,Federal Contract Tower,0,14,8,1,23,0,1,42,3,46,0,15,50,4,69,14,0,14,83
05/27/2002,FOE,KS,ACE,CE,Federal Contract Tower,0,5,7,0,12,0,0,22,0,22,0,5,29,0,34,18,0,18,52
05/28/2002,FOE,KS,ACE,CE,Federal Contract Tower,0,6,14,40,60,0,1,12,11,24,0,7,26,51,84,14,104,118,202
05/29/2002,FOE,KS,ACE,CE,Federal Contract Tower,0,9,11,41,61,0,2,12,0,14,0,11,23,41,75,12,206,218,293
05/30/2002,FOE,KS,ACE,CE,Federal Contract Tower,0,7,10,28,45,0,3,24,28,55,0,10,34,56,100,16,80,96,196
05/31/2002,FOE,KS,ACE,CE,Federal Contract Tower,0,6,17,15,38,0,2,41,13,56,0,8,58,28,94,12,16,28,122
06/01/2002,FOE,KS,ACE,CE,Federal Contract Tower,0,2,8,5,15,0,1,34,7,42,0,3,42,12,57,14,4,18,75
06/02/2002,FOE,KS,ACE,CE,Federal Contract Tower,0,2,7,6,15,0,0,21,6,27,0,2,28,12,42,8,4,12,54
06/03/2002,FOE,KS,ACE,CE,Federal Contract Tower,0,8,7,8,23,0,1,34,0,35,0,9,41,8,58,4,4,8,66
06/04/2002,FOE,KS,ACE,CE,Federal Contract Tower,0,4,10,2,16,0,0,5,5,10,0,4,15,7,26,0,0,0,26
06/05/2002,FOE,KS,ACE,CE,Federal Contract Tower,0,5,17,46,68,0,1,18,12,31,0,6,35,58,99,8,262,270,369
06/06/2002,FOE,KS,ACE,CE,Federal Contract Tower,0,6,3,16,25,0,0,38,13,51,0,6,41,29,76,10,16,26,102
06/07/2002,FOE,KS,ACE,CE,Federal Contract Tower,0,6,6,9,21,0,1,20,3,24,0,7,26,12,45,10,18,28,73
06/08/2002,FOE,KS,ACE,CE,Federal Contract Tower,0,2,6,9,17,0,0,37,9,46,0,2,43,18,63,30,2,32,95
06/09/2002,FOE,KS,ACE,CE,Federal Contract Tower,0,4,4,3,11,0,0,12,0,12,0,4,16,3,23,24,0,24,47
06/10/2002,FOE,KS,ACE,CE,Federal Contract Tower,0,9,8,19,36,0,2,7,12,21,0,11,15,31,57,6,8,14,71
06/11/2002,FOE,KS,ACE,CE,Federal Contract Tower,0,9,6,11,26,0,1,7,6,14,0,10,13,17,40,4,20,24,64
06/12/2002,FOE,KS,ACE,CE,Federal Contract Tower,0,8,7,6,21,0,0,18,7,25,0,8,25,13,46,28,22,50,96
06/13/2002,FOE,KS,ACE,CE,Federal Contract Tower,0,6,13,7,26,0,0,10,0,10,0,6,23,7,36,4,14,18,54
06/14/2002,FOE,KS,ACE,CE,Federal Contract Tower,1,6,22,38,67,0,2,63,27,92,1,8,85,65,159,4,76,80,239
06/15/2002,FOE,KS,ACE,CE,Federal Contract Tower,1,2,7,0,10,0,2,45,2,49,1,4,52,2,59,12,0,12,71
06/16/2002,FOE,KS,ACE,CE,Federal Contract Tower,0,5,5,4,14,0,0,30,0,30,0,5,35,4,44,16,0,16,60
06/17/2002,FOE,KS,ACE,CE,Federal Contract Tower,0,12,10,23,45,0,0,22,8,30,0,12,32,31,75,12,80,92,167
06/18/2002,FOE,KS,ACE,CE,Federal Contract Tower,0,8,15,10,33,0,5,22,5,32,0,13,37,15,65,0,6,6,71
06/19/2002,FOE,KS,ACE,CE,Federal Contract Tower,0,8,18,15,41,0,1,21,7,29,0,9,39,22,70,14,56,70,140
06/20/2002,FOE,KS,ACE,CE,Federal Contract Tower,0,8,14,18,40,0,1,31,16,48,0,9,45,34,88,32,90,122,210
06/21/2002,FOE,KS,ACE,CE,Federal Contract Tower,0,6,5,9,20,0,2,28,11,41,0,8,33,20,61,0,74,74,135
06/22/2002,FOE,KS,ACE,CE,Federal Contract Tower,0,2,5,6,13,0,0,42,3,45,0,2,47,9,58,20,0,20,78
06/23/2002,FOE,KS,ACE,CE,Federal Contract Tower,0,6,4,3,13,0,1,25,1,27,0,7,29,4,40,16,0,16,56
06/24/2002,FOE,KS,ACE,CE,Federal Contract Tower,1,15,17,14,47,0,0,31,4,35,1,15,48,18,82,8,78,86,168
06/25/2002,FOE,KS,ACE,CE,Federal Contract Tower,1,7,7,32,47,0,0,23,20,43,1,7,30,52,90,22,74,96,186
06/26/2002,FOE,KS,ACE,CE,Federal Contract Tower,0,8,13,17,38,0,0,16,11,27,0,8,29,28,65,16,124,140,205
06/27/2002,FOE,KS,ACE,CE,Federal Contract Tower,0,6,10,19,35,0,1,29,0,30,0,7,39,19,65,18,100,118,183
06/28/2002,FOE,KS,ACE,CE,Federal Contract Tower,0,8,9,16,33,0,0,23,10,33,0,8,32,26,66,22,40,62,128
06/29/2002,FOE,KS,ACE,CE,Federal Contract Tower,4,3,5,2,14,0,1,20,0,21,4,4,25,2,35,8,0,8,43
06/30/2002,FOE,KS,ACE,CE,Federal Contract Tower,0,14,2,1,17,0,0,30,0,30,0,14,32,1,47,12,0,12,59
07/01/2002,FOE,KS,ACE,CE,Federal Contract Tower,0,6,10,11,27,0,0,18,3,21,0,6,28,14,48,38,36,74,122
07/02/2002,FOE,KS,ACE,CE,Federal Contract Tower,2,7,7,17,33,0,1,9,6,16,2,8,16,23,49,16,34,50,99
07/03/2002,FOE,KS,ACE,CE,Federal Contract Tower,0,8,12,24,44,0,0,25,16,41,0,8,37,40,85,20,80,100,185
07/04/2002,FOE,KS,ACE,CE,Federal Contract Tower,0,2,3,0,5,0,1,21,0,22,0,3,24,0,27,14,0,14,41
07/05/2002,FOE,KS,ACE,CE,Federal Contract Tower,0,2,2,5,9,0,0,15,1,16,0,2,17,6,25,2,0,2,27
07/06/2002,FOE,KS,ACE,CE,Federal Contract Tower,0,2,1,3,6,0,1,47,2,50,0,3,48,5,56,42,8,50,106
07/07/2002,FOE,KS,ACE,CE,Federal Contract Tower,0,6,8,14,28,0,0,17,3,20,0,6,25,17,48,6,0,6,54
07/08/2002,FOE,KS,ACE,CE,Federal Contract Tower,0,6,12,25,43,0,0,23,19,42,0,6,35,44,85,22,96,118,203
07/09/2002,FOE,KS,ACE,CE,Federal Contract Tower,0,12,2,30,44,0,0,26,24,50,0,12,28,54,94,22,72,94,188
07/10/2002,FOE,KS,ACE,CE,Federal Contract Tower,0,6,3,22,31,0,1,9,27,37,0,7,12,49,68,4,46,50,118
07/11/2002,FOE,KS,ACE,CE,Federal Contract Tower,0,6,4,45,55,0,0,16,7,23,0,6,20,52,78,30,62,92,170
07/12/2002,FOE,KS,ACE,CE,Federal Contract Tower,0,7,10,12,29,0,0,12,6,18,0,7,22,18,47,12,6,18,65
07/13/2002,FOE,KS,ACE,CE,Federal Contract Tower,2,3,6,8,19,0,1,31,10,42,2,4,37,18,61,34,6,40,101
07/14/2002,FOE,KS,ACE,CE,Federal Contract Tower,0,4,2,3,9,0,2,23,13,38,0,6,25,16,47,14,24,38,85
07/15/2002,FOE,KS,ACE,CE,Federal Contract Tower,0,7,15,26,48,0,1,22,15,38,0,8,37,41,86,12,26,38,124
07/16/2002,FOE,KS,ACE,CE,Federal Contract Tower,3,6,13,31,53,0,1,24,34,59,3,7,37,65,112,20,82,102,214
07/17/2002,FOE,KS,ACE,CE,Federal Contract Tower,1,8,6,43,58,0,0,33,24,57,1,8,39,67,115,26,108,134,249
07/18/2002,FOE,KS,ACE,CE,Federal Contract Tower,0,6,17,27,50,0,0,35,25,60,0,6,52,52,110,24,62,86,196
07/19/2002,FOE,KS,ACE,CE,Federal Contract Tower,0,7,11,10,28,0,0,19,8,27,0,7,30,18,55,8,16,24,79
07/20/2002,FOE,KS,ACE,CE,Federal Contract Tower,14,3,5,5,27,0,0,34,0,34,14,3,39,5,61,22,2,24,85
07/21/2002,FOE,KS,ACE,CE,Federal Contract Tower,3,3,13,2,21,0,0,43,1,44,3,3,56,3,65,0,2,2,67
07/22/2002,FOE,KS,ACE,CE,Federal Contract Tower,3,9,2,12,26,0,1,21,7,29,3,10,23,19,55,18,18,36,91
07/23/2002,FOE,KS,ACE,CE,Federal Contract Tower,0,9,9,19,37,0,2,25,12,39,0,11,34,31,76,6,68,74,150
07/24/2002,FOE,KS,ACE,CE,Federal Contract Tower,0,9,9,15,33,0,0,29,25,54,0,9,38,40,87,20,54,74,161
07/25/2002,FOE,KS,ACE,CE,Federal Contract Tower,0,10,12,25,47,0,1,22,18,41,0,11,34,43,88,12,70,82,170
07/26/2002,FOE,KS,ACE,CE,Federal Contract Tower,0,8,2,14,24,0,1,17,10,28,0,9,19,24,52,16,30,46,98
07/27/2002,FOE,KS,ACE,CE,Federal Contract Tower,2,2,7,16,27,0,0,23,5,28,2,2,30,21,55,4,2,6,61
07/28/2002,FOE,KS,ACE,CE,Federal Contract Tower,0,5,11,9,25,0,1,22,5,28,0,6,33,14,53,24,4,28,81
07/29/2002,FOE,KS,ACE,CE,Federal Contract Tower,0,6,15,27,48,0,0,17,27,44,0,6,32,54,92,4,60,64,156
07/30/2002,FOE,KS,ACE,CE,Federal Contract Tower,0,7,12,37,56,0,0,33,30,63,0,7,45,67,119,18,158,176,295
07/31/2002,FOE,KS,ACE,CE,Federal Contract Tower,0,10,7,17,34,0,0,26,4,30,0,10,33,21,64,12,68,80,144
08/01/2002,FOE,KS,ACE,CE,Federal Contract Tower,0,8,7,19,34,0,0,27,17,44,0,8,34,36,78,0,52,52,130
08/02/2002,FOE,KS,ACE,CE,Federal Contract Tower,9,6,26,23,64,0,0,31,20,51,9,6,57,43,115,0,34,34,149
08/03/2002,FOE,KS,ACE,CE,Federal Contract Tower,3,6,5,7,21,0,0,37,12,49,3,6,42,19,70,16,12,28,98
08/04/2002,FOE,KS,ACE,CE,Federal Contract Tower,0,4,7,7,18,0,0,16,5,21,0,4,23,12,39,0,8,8,47
08/05/2002,FOE,KS,ACE,CE,Federal Contract Tower,0,8,9,12,29,0,0,17,7,24,0,8,26,19,53,2,50,52,105
08/06/2002,FOE,KS,ACE,CE,Federal Contract Tower,0,6,8,15,29,0,1,28,15,44,0,7,36,30,73,24,62,86,159
08/07/2002,FOE,KS,ACE,CE,Federal Contract Tower,0,9,6,6,21,0,0,18,6,24,0,9,24,12,45,0,14,14,59
08/08/2002,FOE,KS,ACE,CE,Federal Contract Tower,0,7,8,30,45,0,2,24,25,51,0,9,32,55,96,14,86,100,196
08/09/2002,FOE,KS,ACE,CE,Federal Contract Tower,0,6,15,22,43,0,0,34,13,47,0,6,49,35,90,6,68,74,164
08/10/2002,FOE,KS,ACE,CE,Federal Contract Tower,0,2,5,2,9,0,0,44,14,58,0,2,49,16,67,16,46,62,129
08/11/2002,FOE,KS,ACE,CE,Federal Contract Tower,0,4,10,3,17,0,0,17,0,17,0,4,27,3,34,0,0,0,34
08/12/2002,FOE,KS,ACE,CE,Federal Contract Tower,0,8,14,15,37,0,4,30,17,51,0,12,44,32,88,2,16,18,106
08/13/2002,FOE,KS,ACE,CE,Federal Contract Tower,0,6,18,30,54,0,1,20,23,44,0,7,38,53,98,0,42,42,140
08/14/2002,FOE,KS,ACE,CE,Federal Contract Tower,0,6,11,21,38,0,0,31,14,45,0,6,42,35,83,34,86,120,203
08/15/2002,FOE,KS,ACE,CE,Federal Contract Tower,0,13,15,12,40,0,2,39,13,54,0,15,54,25,94,20,76,96,190
08/16/2002,FOE,KS,ACE,CE,Federal Contract Tower,2,8,3,14,27,0,0,25,17,42,2,8,28,31,69,4,28,32,101
08/17/2002,FOE,KS,ACE,CE,Federal Contract Tower,0,4,4,0,8,0,0,15,1,16,0,4,19,1,24,0,2,2,26
08/18/2002,FOE,KS,ACE,CE,Federal Contract Tower,0,5,0,7,12,0,0,22,2,24,0,5,22,9,36,16,0,16,52
08/19/2002,FOE,KS,ACE,CE,Federal Contract Tower,0,9,7,2,18,0,3,16,0,19,0,12,23,2,37,14,0,14,51
08/20/2002,FOE,KS,ACE,CE,Federal Contract Tower,0,7,6,30,43,0,0,12,27,39,0,7,18,57,82,2,148,150,232
08/21/2002,FOE,KS,ACE,CE,Federal Contract Tower,0,7,9,8,24,0,1,18,13,32,0,8,27,21,56,16,18,34,90
08/22/2002,FOE,KS,ACE,CE,Federal Contract Tower,0,6,15,9,30,0,1,23,24,48,0,7,38,33,78,2,30,32,110
08/23/2002,FOE,KS,ACE,CE,Federal Contract Tower,0,9,14,19,42,0,0,32,16,48,0,9,46,35,90,16,24,40,130
08/24/2002,FOE,KS,ACE,CE,Federal Contract Tower,0,4,4,4,12,0,3,19,0,22,0,7,23,4,34,16,0,16,50
08/25/2002,FOE,KS,ACE,CE,Federal Contract Tower,0,4,7,6,17,0,0,31,1,32,0,4,38,7,49,26,0,26,75
08/26/2002,FOE,KS,ACE,CE,Federal Contract Tower,0,7,17,31,55,0,0,51,34,85,0,7,68,65,140,28,56,84,224
08/27/2002,FOE,KS,ACE,CE,Federal Contract Tower,0,8,23,15,46,0,0,30,21,51,0,8,53,36,97,20,22,42,139
08/28/2002,FOE,KS,ACE,CE,Federal Contract Tower,0,10,8,12,30,0,0,42,12,54,0,10,50,24,84,34,98,132,216
08/29/2002,FOE,KS,ACE,CE,Federal Contract Tower,0,8,12,26,46,0,0,20,25,45,0,8,32,51,91,2,98,100,191
08/30/2002,FOE,KS,ACE,CE,Federal Contract Tower,2,13,12,12,39,0,1,25,9,35,2,14,37,21,74,14,54,68,142
08/31/2002,FOE,KS,ACE,CE,Federal Contract Tower,2,2,3,9,16,0,0,47,8,55,2,2,50,17,71,32,4,36,107
09/01/2002,FOE,KS,ACE,CE,Federal Contract Tower,0,0,4,8,12,0,0,27,10,37,0,0,31,18,49,24,0,24,73
09/02/2002,FOE,KS,ACE,CE,Federal Contract Tower,0,8,8,3,19,0,1,28,0,29,0,9,36,3,48,0,0,0,48
09/03/2002,FOE,KS,ACE,CE,Federal Contract Tower,0,9,17,16,42,0,3,15,22,40,0,12,32,38,82,0,98,98,180
09/04/2002,FOE,KS,ACE,CE,Federal Contract Tower,0,9,12,10,31,0,0,31,11,42,0,9,43,21,73,18,58,76,149
09/05/2002,FOE,KS,ACE,CE,Federal Contract Tower,2,9,7,14,32,0,1,19,10,30,2,10,26,24,62,0,60,60,122
09/06/2002,FOE,KS,ACE,CE,Federal Contract Tower,4,8,4,20,36,0,0,36,10,46,4,8,40,30,82,16,64,80,162
09/07/2002,FOE,KS,ACE,CE,Federal Contract Tower,0,4,7,0,11,0,1,50,19,70,0,5,57,19,81,34,10,44,125
09/08/2002,FOE,KS,ACE,CE,Federal Contract Tower,0,2,10,15,27,0,0,23,46,69,0,2,33,61,96,0,4,4,100
09/09/2002,FOE,KS,ACE,CE,Federal Contract Tower,2,8,13,22,45,0,1,36,4,41,2,9,49,26,86,14,76,90,176
09/10/2002,FOE,KS,ACE,CE,Federal Contract Tower,0,10,16,15,41,0,1,23,19,43,0,11,39,34,84,26,104,130,214
09/11/2002,FOE,KS,ACE,CE,Federal Contract Tower,0,8,12,20,40,0,0,29,16,45,0,8,41,36,85,36,90,126,211
09/12/2002,FOE,KS,ACE,CE,Federal Contract Tower,0,8,13,27,48,0,0,28,16,44,0,8,41,43,92,4,124,128,220
09/13/2002,FOE,KS,ACE,CE,Federal Contract Tower,0,5,10,8,23,0,1,23,9,33,0,6,33,17,56,24,48,72,128
09/14/2002,FOE,KS,ACE,CE,Federal Contract Tower,0,4,5,4,13,0,0,17,10,27,0,4,22,14,40,24,0,24,64
09/15/2002,FOE,KS,ACE,CE,Federal Contract Tower,0,2,6,6,14,0,0,46,1,47,0,2,52,7,61,12,0,12,73
09/16/2002,FOE,KS,ACE,CE,Federal Contract Tower,0,9,10,9,28,0,2,29,4,35,0,11,39,13,63,26,52,78,141
09/17/2002,FOE,KS,ACE,CE,Federal Contract Tower,0,9,23,20,52,0,5,23,9,37,0,14,46,29,89,0,86,86,175
09/18/2002,FOE,KS,ACE,CE,Federal Contract Tower,0,7,15,12,34,0,0,12,10,22,0,7,27,22,56,0,52,52,108
09/19/2002,FOE,KS,ACE,CE,Federal Contract Tower,0,8,13,17,38,0,1,8,12,21,0,9,21,29,59,0,24,24,83
09/20/2002,FOE,KS,ACE,CE,Federal Contract Tower,0,8,4,28,40,0,2,21,17,40,0,10,25,45,80,2,26,28,108
09/21/2002,FOE,KS,ACE,CE,Federal Contract Tower,0,4,3,2,9,0,1,49,5,55,0,5,52,7,64,36,0,36,100
09/22/2002,FOE,KS,ACE,CE,Federal Contract Tower,0,3,10,5,18,0,0,23,4,27,0,3,33,9,45,6,0,6,51
09/23/2002,FOE,KS,ACE,CE,Federal Contract Tower,0,8,11,10,29,0,0,29,4,33,0,8,40,14,62,32,40,72,134
09/24/2002,FOE,KS,ACE,CE,Federal Contract Tower,0,7,14,25,46,0,5,22,11,38,0,12,36,36,84,14,6,20,104
09/25/2002,FOE,KS,ACE,CE,Federal Contract Tower,0,14,11,12,37,0,14,34,19,67,0,28,45,31,104,44,68,112,216
09/26/2002,FOE,KS,ACE,CE,Federal Contract Tower,0,9,11,15,35,0,3,23,12,38,0,12,34,27,73,18,68,86,159
09/27/2002,FOE,KS,ACE,CE,Federal Contract Tower,0,6,11,23,40,0,4,40,1,45,0,10,51,24,85,16,2,18,103
09/28/2002,FOE,KS,ACE,CE,Federal Contract Tower,4,3,15,10,32,0,5,182,6,193,4,8,197,16,225,56,0,56,281
09/29/2002,FOE,KS,ACE,CE,Federal Contract Tower,0,2,10,14,26,0,1,25,11,37,0,3,35,25,63,2,32,34,97
09/30/2002,FOE,KS,ACE,CE,Federal Contract Tower,0,6,9,18,33,0,0,19,2,21,0,6,28,20,54,0,0,0,54
10/01/2002,FOE,KS,ACE,CE,Federal Contract Tower,0,10,22,27,59,0,0,25,29,54,0,10,47,56,113,0,66,66,179
10/02/2002,FOE,KS,ACE,CE,Federal Contract Tower,0,6,14,4,24,0,0,9,1,10,0,6,23,5,34,28,8,36,70
10/03/2002,FOE,KS,ACE,CE,Federal Contract Tower,0,9,12,0,21,0,1,4,0,5,0,10,16,0,26,0,0,0,26
10/04/2002,FOE,KS,ACE,CE,Federal Contract Tower,2,9,14,9,34,0,0,24,11,35,2,9,38,20,69,4,26,30,99
10/05/2002,FOE,KS,ACE,CE,Federal Contract Tower,2,5,7,2,16,0,1,32,2,35,2,6,39,4,51,32,0,32,83
10/06/2002,FOE,KS,ACE,CE,Federal Contract Tower,0,13,7,6,26,0,3,14,4,21,0,16,21,10,47,0,0,0,47
10/07/2002,FOE,KS,ACE,CE,Federal Contract Tower,0,10,8,11,29,0,3,39,18,60,0,13,47,29,89,24,4,28,117
10/08/2002,FOE,KS,ACE,CE,Federal Contract Tower,0,7,8,30,45,0,2,24,42,68,0,9,32,72,113,30,206,236,349
10/09/2002,FOE,KS,ACE,CE,Federal Contract Tower,0,7,11,33,51,0,1,41,11,53,0,8,52,44,104,10,116,126,230
10/10/2002,FOE,KS,ACE,CE,Federal Contract Tower,0,9,10,13,32,0,2,22,11,35,0,11,32,24,67,32,88,120,187
10/11/2002,FOE,KS,ACE,CE,Federal Contract Tower,1,10,13,11,35,0,0,16,4,20,1,10,29,15,55,4,22,26,81
10/12/2002,FOE,KS,ACE,CE,Federal Contract Tower,1,4,8,0,13,0,0,9,0,9,1,4,17,0,22,4,0,4,26
10/13/2002,FOE,KS,ACE,CE,Federal Contract Tower,0,3,8,2,13,0,1,33,2,36,0,4,41,4,49,38,2,40,89
10/14/2002,FOE,KS,ACE,CE,Federal Contract Tower,0,8,9,2,19,0,0,37,2,39,0,8,46,4,58,36,0,36,94
10/15/2002,FOE,KS,ACE,CE,Federal Contract Tower,0,11,18,34,63,0,1,29,38,68,0,12,47,72,131,18,36,54,185
10/16/2002,FOE,KS,ACE,CE,Federal Contract Tower,0,6,15,14,35,0,2,1,16,19,0,8,16,30,54,0,42,42,96
10/17/2002,FOE,KS,ACE,CE,Federal Contract Tower,0,8,16,17,41,0,1,43,16,60,0,9,59,33,101,22,16,38,139
10/18/2002,FOE,KS,ACE,CE,Federal Contract Tower,0,6,10,15,31,0,2,7,15,24,0,8,17,30,55,6,26,32,87
10/19/2002,FOE,KS,ACE,CE,Federal Contract Tower,2,4,4,9,19,0,2,24,17,43,2,6,28,26,62,18,10,28,90
10/20/2002,FOE,KS,ACE,CE,Federal Contract Tower,0,3,8,11,22,0,0,32,8,40,0,3,40,19,62,6,6,12,74
10/21/2002,FOE,KS,ACE,CE,Federal Contract Tower,0,9,8,7,24,0,3,19,7,29,0,12,27,14,53,4,6,10,63
10/22/2002,FOE,KS,ACE,CE,Federal Contract Tower,0,6,17,13,36,0,1,4,3,8,0,7,21,16,44,12,12,24,68
10/23/2002,FOE,KS,ACE,CE,Federal Contract Tower,0,8,15,14,37,0,0,2,2,4,0,8,17,16,41,0,0,0,41
10/24/2002,FOE,KS,ACE,CE,Federal Contract Tower,0,6,6,9,21,0,0,1,2,3,0,6,7,11,24,0,0,0,24
10/25/2002,FOE,KS,ACE,CE,Federal Contract Tower,1,4,11,26,42,0,1,8,14,23,1,5,19,40,65,2,0,2,67
10/26/2002,FOE,KS,ACE,CE,Federal Contract Tower,2,4,5,21,32,0,2,13,16,31,2,6,18,37,63,22,14,36,99
10/27/2002,FOE,KS,ACE,CE,Federal Contract Tower,0,3,4,2,9,0,0,0,0,0,0,3,4,2,9,0,0,0,9
10/28/2002,FOE,KS,ACE,CE,Federal Contract Tower,2,9,4,2,17,0,0,0,0,0,2,9,4,2,17,0,0,0,17
10/29/2002,FOE,KS,ACE,CE,Federal Contract Tower,0,8,12,11,31,0,0,0,0,0,0,8,12,11,31,0,0,0,31
10/30/2002,FOE,KS,ACE,CE,Federal Contract Tower,2,8,6,15,31,0,1,2,7,10,2,9,8,22,41,0,12,12,53
10/31/2002,FOE,KS,ACE,CE,Federal Contract Tower,0,6,9,17,32,0,1,2,10,13,0,7,11,27,45,0,10,10,55
11/01/2002,FOE,KS,ACE,CE,Federal Contract Tower,0,8,10,25,43,0,0,27,3,30,0,8,37,28,73,12,161,173,246
11/02/2002,FOE,KS,ACE,CE,Federal Contract Tower,2,4,9,1,16,0,1,11,0,12,2,5,20,1,28,0,0,0,28
11/03/2002,FOE,KS,ACE,CE,Federal Contract Tower,0,6,4,2,12,0,1,3,0,4,0,7,7,2,16,0,0,0,16
11/04/2002,FOE,KS,ACE,CE,Federal Contract Tower,0,8,10,13,31,0,2,30,19,51,0,10,40,32,82,20,52,72,154
11/05/2002,FOE,KS,ACE,CE,Federal Contract Tower,0,6,17,19,42,0,3,8,18,29,0,9,25,37,71,14,36,50,121
11/06/2002,FOE,KS,ACE,CE,Federal Contract Tower,0,5,9,14,28,0,0,36,26,62,0,5,45,40,90,27,72,99,189
11/07/2002,FOE,KS,ACE,CE,Federal Contract Tower,0,6,5,10,21,0,0,9,4,13,0,6,14,14,34,2,44,46,80
11/08/2002,FOE,KS,ACE,CE,Federal Contract Tower,0,6,9,4,19,0,0,45,0,45,0,6,54,4,64,14,8,22,86
11/09/2002,FOE,KS,ACE,CE,Federal Contract Tower,0,2,4,0,6,0,2,32,2,36,0,4,36,2,42,14,4,18,60
11/10/2002,FOE,KS,ACE,CE,Federal Contract Tower,0,4,2,2,8,0,0,32,2,34,0,4,34,4,42,22,2,24,66
11/11/2002,FOE,KS,ACE,CE,Federal Contract Tower,0,6,3,5,14,0,1,21,5,27,0,7,24,10,41,40,2,42,83
11/12/2002,FOE,KS,ACE,CE,Federal Contract Tower,0,6,6,28,40,0,2,25,22,49,0,8,31,50,89,0,32,32,121
11/13/2002,FOE,KS,ACE,CE,Federal Contract Tower,0,9,6,16,31,0,0,60,3,63,0,9,66,19,94,26,32,58,152
11/14/2002,FOE,KS,ACE,CE,Federal Contract Tower,0,6,4,12,22,0,0,17,21,38,0,6,21,33,60,0,2,2,62
11/15/2002,FOE,KS,ACE,CE,Federal Contract Tower,0,6,3,29,38,0,0,17,25,42,0,6,20,54,80,42,48,90,170
11/16/2002,FOE,KS,ACE,CE,Federal Contract Tower,0,2,10,2,14,0,0,34,0,34,0,2,44,2,48,32,0,32,80
11/17/2002,FOE,KS,ACE,CE,Federal Contract Tower,0,4,8,6,18,0,0,20,0,20,0,4,28,6,38,10,2,12,50
11/18/2002,FOE,KS,ACE,CE,Federal Contract Tower,0,6,5,38,49,0,2,15,20,37,0,8,20,58,86,8,108,116,202
11/19/2002,FOE,KS,ACE,CE,Federal Contract Tower,2,8,14,34,58,0,0,17,23,40,2,8,31,57,98,2,126,128,226
11/20/2002,FOE,KS,ACE,CE,Federal Contract Tower,0,8,11,10,29,0,0,35,10,45,0,8,46,20,74,20,54,74,148
11/21/2002,FOE,KS,ACE,CE,Federal Contract Tower,0,7,10,17,34,0,1,19,17,37,0,8,29,34,71,0,60,60,131
11/22/2002,FOE,KS,ACE,CE,Federal Contract Tower,0,10,6,29,45,0,0,28,19,47,0,10,34,48,92,24,58,82,174
11/23/2002,FOE,KS,ACE,CE,Federal Contract Tower,0,3,2,5,10,0,1,37,0,38,0,4,39,5,48,26,0,26,74
11/24/2002,FOE,KS,ACE,CE,Federal Contract Tower,0,5,6,5,16,0,0,11,1,12,0,5,17,6,28,2,0,2,30
11/25/2002,FOE,KS,ACE,CE,Federal Contract Tower,0,6,18,17,41,0,0,16,9,25,0,6,34,26,66,22,62,84,150
11/26/2002,FOE,KS,ACE,CE,Federal Contract Tower,0,8,16,21,45,0,2,17,40,59,0,10,33,61,104,12,66,78,182
11/27/2002,FOE,KS,ACE,CE,Federal Contract Tower,0,4,13,15,32,0,1,24,18,43,0,5,37,33,75,16,66,82,157
11/28/2002,FOE,KS,ACE,CE,Federal Contract Tower,0,2,2,0,4,0,4,13,0,17,0,6,15,0,21,0,0,0,21
11/29/2002,FOE,KS,ACE,CE,Federal Contract Tower,0,2,2,2,6,0,0,33,0,33,0,2,35,2,39,6,0,6,45
11/30/2002,FOE,KS,ACE,CE,Federal Contract Tower,0,2,9,2,13,0,0,15,0,15,0,2,24,2,28,0,0,0,28
12/01/2002,FOE,KS,ACE,CE,Federal Contract Tower,0,4,8,2,14,0,0,17,0,17,0,4,25,2,31,14,0,14,45
12/02/2002,FOE,KS,ACE,CE,Federal Contract Tower,0,6,12,2,20,0,0,16,1,17,0,6,28,3,37,4,0,4,41
12/03/2002,FOE,KS,ACE,CE,Federal Contract Tower,0,9,9,12,30,0,2,9,18,29,0,11,18,30,59,4,38,42,101
12/04/2002,FOE,KS,ACE,CE,Federal Contract Tower,0,7,8,6,21,0,1,8,15,24,0,8,16,21,45,0,44,44,89
12/05/2002,FOE,KS,ACE,CE,Federal Contract Tower,0,10,14,18,42,0,1,13,23,37,0,11,27,41,79,0,40,40,119
12/06/2002,FOE,KS,ACE,CE,Federal Contract Tower,0,11,6,11,28,0,0,20,23,43,0,11,26,34,71,13,44,57,128
12/07/2002,FOE,KS,ACE,CE,Federal Contract Tower,0,1,1,0,2,0,0,23,14,37,0,1,24,14,39,20,20,40,79
12/08/2002,FOE,KS,ACE,CE,Federal Contract Tower,0,4,5,10,19,0,0,23,0,23,0,4,28,10,42,12,24,36,78
12/09/2002,FOE,KS,ACE,CE,Federal Contract Tower,0,9,6,20,35,0,0,26,8,34,0,9,32,28,69,6,170,176,245
12/10/2002,FOE,KS,ACE,CE,Federal Contract Tower,0,4,9,9,22,0,0,6,0,6,0,4,15,9,28,0,0,0,28
12/11/2002,FOE,KS,ACE,CE,Federal Contract Tower,0,16,8,14,38,0,1,11,7,19,0,17,19,21,57,0,24,24,81
12/12/2002,FOE,KS,ACE,CE,Federal Contract Tower,0,6,12,17,35,0,1,4,22,27,0,7,16,39,62,0,38,38,100
12/13/2002,FOE,KS,ACE,CE,Federal Contract Tower,0,4,7,9,20,0,0,18,8,26,0,4,25,17,46,0,26,26,72
12/14/2002,FOE,KS,ACE,CE,Federal Contract Tower,0,6,2,6,14,0,0,51,5,56,0,6,53,11,70,18,4,22,92
12/15/2002,FOE,KS,ACE,CE,Federal Contract Tower,0,6,5,26,37,0,0,46,15,61,0,6,51,41,98,20,120,140,238
12/16/2002,FOE,KS,ACE,CE,Federal Contract Tower,0,7,14,18,39,0,0,14,11,25,0,7,28,29,64,0,20,20,84
12/17/2002,FOE,KS,ACE,CE,Federal Contract Tower,0,9,9,25,43,0,0,2,9,11,0,9,11,34,54,0,36,36,90
12/18/2002,FOE,KS,ACE,CE,Federal Contract Tower,0,8,5,14,27,0,0,15,5,20,0,8,20,19,47,14,70,84,131
12/19/2002,FOE,KS,ACE,CE,Federal Contract Tower,0,11,7,30,48,0,6,17,30,53,0,17,24,60,101,2,88,90,191
12/20/2002,FOE,KS,ACE,CE,Federal Contract Tower,0,10,6,8,24,0,0,16,14,30,0,10,22,22,54,0,53,53,107
12/21/2002,FOE,KS,ACE,CE,Federal Contract Tower,0,7,9,2,18,0,0,26,0,26,0,7,35,2,44,18,0,18,62
12/22/2002,FOE,KS,ACE,CE,Federal Contract Tower,0,6,2,0,8,0,0,66,0,66,0,6,68,0,74,52,0,52,126
12/23/2002,FOE,KS,ACE,CE,Federal Contract Tower,0,6,1,9,16,0,0,17,5,22,0,6,18,14,38,36,8,44,82
12/24/2002,FOE,KS,ACE,CE,Federal Contract Tower,0,4,1,2,7,0,0,16,0,16,0,4,17,2,23,20,2,22,45
12/25/2002,FOE,KS,ACE,CE,Federal Contract Tower,1,4,1,0,6,0,0,21,0,21,1,4,22,0,27,12,0,12,39
12/26/2002,FOE,KS,ACE,CE,Federal Contract Tower,0,5,8,3,16,0,0,13,6,19,0,5,21,9,35,6,8,14,49
12/27/2002,FOE,KS,ACE,CE,Federal Contract Tower,0,11,2,1,14,0,1,11,0,12,0,12,13,1,26,8,0,8,34
12/28/2002,FOE,KS,ACE,CE,Federal Contract Tower,0,2,6,0,8,0,0,48,0,48,0,2,54,0,56,38,0,38,94
12/29/2002,FOE,KS,ACE,CE,Federal Contract Tower,0,4,1,0,5,0,1,23,0,24,0,5,24,0,29,26,0,26,55
12/30/2002,FOE,KS,ACE,CE,Federal Contract Tower,0,6,4,10,20,0,0,18,4,22,0,6,22,14,42,2,34,36,78
12/31/2002,FOE,KS,ACE,CE,Federal Contract Tower,0,7,4,0,11,0,1,30,0,31,0,8,34,0,42,48,0,48,90
01/01/2003,FOE,KS,ACE,CE,Federal Contract Tower,0,5,0,0,5,0,1,15,0,16,0,6,15,0,21,4,0,4,25
01/02/2003,FOE,KS,ACE,CE,Federal Contract Tower,0,8,3,9,20,0,0,9,1,10,0,8,12,10,30,0,28,28,58
01/03/2003,FOE,KS,ACE,CE,Federal Contract Tower,0,10,7,14,31,0,2,36,7,45,0,12,43,21,76,0,56,56,132
01/04/2003,FOE,KS,ACE,CE,Federal Contract Tower,0,4,4,6,14,0,0,34,3,37,0,4,38,9,51,30,0,30,81
01/05/2003,FOE,KS,ACE,CE,Federal Contract Tower,0,4,5,4,13,0,0,29,0,29,0,4,34,4,42,6,0,6,48
01/06/2003,FOE,KS,ACE,CE,Federal Contract Tower,0,6,4,9,19,0,0,10,9,19,0,6,14,18,38,8,22,30,68
01/07/2003,FOE,KS,ACE,CE,Federal Contract Tower,0,11,19,14,44,0,0,53,16,69,0,11,72,30,113,20,54,74,187
01/08/2003,FOE,KS,ACE,CE,Federal Contract Tower,0,7,7,17,31,0,0,61,14,75,0,7,68,31,106,28,74,102,208
01/09/2003,FOE,KS,ACE,CE,Federal Contract Tower,0,6,6,28,40,0,0,12,24,36,0,6,18,52,76,22,126,148,224
01/10/2003,FOE,KS,ACE,CE,Federal Contract Tower,2,4,8,15,29,0,1,23,9,33,2,5,31,24,62,4,28,32,94
01/11/2003,FOE,KS,ACE,CE,Federal Contract Tower,0,0,4,4,8,0,0,32,4,36,0,0,36,8,44,12,2,14,58
01/12/2003,FOE,KS,ACE,CE,Federal Contract Tower,0,6,7,6,19,0,1,38,27,66,0,7,45,33,85,16,48,64,149
01/13/2003,FOE,KS,ACE,CE,Federal Contract Tower,0,6,21,17,44,0,1,17,11,29,0,7,38,28,73,42,54,96,169
01/14/2003,FOE,KS,ACE,CE,Federal Contract Tower,1,6,11,25,43,0,4,39,9,52,1,10,50,34,95,30,142,172,267
01/15/2003,FOE,KS,ACE,CE,Federal Contract Tower,1,4,10,17,32,0,0,23,22,45,1,4,33,39,77,18,154,172,249
01/16/2003,FOE,KS,ACE,CE,Federal Contract Tower,1,4,6,2,13,0,1,6,6,13,1,5,12,8,26,0,14,14,40
01/17/2003,FOE,KS,ACE,CE,Federal Contract Tower,0,7,15,16,38,0,3,7,7,17,0,10,22,23,55,0,14,14,69
01/18/2003,FOE,KS,ACE,CE,Federal Contract Tower,1,2,3,6,12,0,0,14,0,14,1,2,17,6,26,8,0,8,34
01/19/2003,FOE,KS,ACE,CE,Federal Contract Tower,0,6,1,6,13,0,3,20,3,26,0,9,21,9,39,2,0,2,41
01/20/2003,FOE,KS,ACE,CE,Federal Contract Tower,1,8,6,2,17,0,0,62,0,62,1,8,68,2,79,20,0,20,99
01/21/2003,FOE,KS,ACE,CE,Federal Contract Tower,5,7,14,24,50,0,0,24,36,60,5,7,38,60,110,72,112,184,294
01/22/2003,FOE,KS,ACE,CE,Federal Contract Tower,3,6,4,11,24,0,0,7,5,12,3,6,11,16,36,30,4,34,70
01/23/2003,FOE,KS,ACE,CE,Federal Contract Tower,0,4,12,13,29,0,0,23,27,50,0,4,35,40,79,18,26,44,123
01/24/2003,FOE,KS,ACE,CE,Federal Contract Tower,1,6,7,10,24,0,0,17,5,22,1,6,24,15,46,13,42,55,101
01/25/2003,FOE,KS,ACE,CE,Federal Contract Tower,0,2,2,5,9,0,0,33,0,33,0,2,35,5,42,14,8,22,64
01/26/2003,FOE,KS,ACE,CE,Federal Contract Tower,2,6,6,9,23,0,0,6,0,6,2,6,12,9,29,6,0,6,35
01/27/2003,FOE,KS,ACE,CE,Federal Contract Tower,0,7,7,12,26,0,0,26,12,38,0,7,33,24,64,6,48,54,118
01/28/2003,FOE,KS,ACE,CE,Federal Contract Tower,0,10,18,6,34,0,0,14,0,14,0,10,32,6,48,2,2,4,52
01/29/2003,FOE,KS,ACE,CE,Federal Contract Tower,0,6,9,16,31,0,1,30,4,35,0,7,39,20,66,22,68,90,156
01/30/2003,FOE,KS,ACE,CE,Federal Contract Tower,0,12,8,24,44,0,0,30,13,43,0,12,38,37,87,20,102,122,209
01/31/2003,FOE,KS,ACE,CE,Federal Contract Tower,0,8,1,11,20,0,0,22,18,40,0,8,23,29,60,22,60,82,142
02/01/2003,FOE,KS,ACE,CE,Federal Contract Tower,0,2,1,10,13,0,3,60,15,78,0,5,61,25,91,52,68,120,211
02/02/2003,FOE,KS,ACE,CE,Federal Contract Tower,0,4,6,4,14,0,0,22,7,29,0,4,28,11,43,24,6,30,73
02/03/2003,FOE,KS,ACE,CE,Federal Contract Tower,0,11,3,5,19,0,1,1,0,2,0,12,4,5,21,0,0,0,21
02/04/2003,FOE,KS,ACE,CE,Federal Contract Tower,2,13,7,12,34,0,0,21,20,41,2,13,28,32,75,40,106,146,221
02/05/2003,FOE,KS,ACE,CE,Federal Contract Tower,0,8,5,20,33,0,0,17,14,31,0,8,22,34,64,20,72,92,156
02/06/2003,FOE,KS,ACE,CE,Federal Contract Tower,0,7,3,8,18,0,0,0,4,4,0,7,3,12,22,22,24,46,68
02/07/2003,FOE,KS,ACE,CE,Federal Contract Tower,0,9,7,14,30,0,0,17,18,35,0,9,24,32,65,18,32,50,115
02/08/2003,FOE,KS,ACE,CE,Federal Contract Tower,0,2,6,6,14,0,0,44,2,46,0,2,50,8,60,54,8,62,122
02/09/2003,FOE,KS,ACE,CE,Federal Contract Tower,0,6,3,4,13,0,0,11,0,11,0,6,14,4,24,4,0,4,28
02/10/2003,FOE,KS,ACE,CE,Federal Contract Tower,0,8,5,10,23,0,1,13,5,19,0,9,18,15,42,0,42,42,84
02/11/2003,FOE,KS,ACE,CE,Federal Contract Tower,0,9,5,15,29,0,0,27,24,51,0,9,32,39,80,28,92,120,200
02/12/2003,FOE,KS,ACE,CE,Federal Contract Tower,0,8,10,30,48,0,0,36,13,49,0,8,46,43,97,20,124,144,241
02/13/2003,FOE,KS,ACE,CE,Federal Contract Tower,0,11,12,26,49,0,0,15,21,36,0,11,27,47,85,26,118,144,229
02/14/2003,FOE,KS,ACE,CE,Federal Contract Tower,0,1,6,3,10,0,0,0,0,0,0,1,6,3,10,0,0,0,10
02/15/2003,FOE,KS,ACE,CE,Federal Contract Tower,0,2,0,3,5,0,0,0,0,0,0,2,0,3,5,0,0,0,5
02/16/2003,FOE,KS,ACE,CE,Federal Contract Tower,1,6,2,1,10,0,0,21,0,21,1,6,23,1,31,16,0,16,47
02/17/2003,FOE,KS,ACE,CE,Federal Contract Tower,0,11,4,2,17,0,1,38,0,39,0,12,42,2,56,8,0,8,64
02/18/2003,FOE,KS,ACE,CE,Federal Contract Tower,0,8,10,8,26,0,1,15,16,32,0,9,25,24,58,2,34,36,94
02/19/2003,FOE,KS,ACE,CE,Federal Contract Tower,0,7,4,16,27,0,0,28,30,58,0,7,32,46,85,48,108,156,241
02/20/2003,FOE,KS,ACE,CE,Federal Contract Tower,0,7,12,10,29,0,0,34,10,44,0,7,46,20,73,36,78,114,187
02/21/2003,FOE,KS,ACE,CE,Federal Contract Tower,0,11,6,32,49,0,0,24,34,58,0,11,30,66,107,48,88,136,243
02/22/2003,FOE,KS,ACE,CE,Federal Contract Tower,0,4,7,2,13,0,0,7,0,7,0,4,14,2,20,2,0,2,22
02/23/2003,FOE,KS,ACE,CE,Federal Contract Tower,0,0,5,2,7,0,0,0,0,0,0,0,5,2,7,0,0,0,7
02/24/2003,FOE,KS,ACE,CE,Federal Contract Tower,0,10,1,9,20,0,0,4,9,13,0,10,5,18,33,0,4,4,37
02/25/2003,FOE,KS,ACE,CE,Federal Contract Tower,2,10,7,13,32,0,4,7,12,23,2,14,14,25,55,6,30,36,91
02/26/2003,FOE,KS,ACE,CE,Federal Contract Tower,1,10,6,16,33,0,1,6,13,20,1,11,12,29,53,12,24,36,89
02/27/2003,FOE,KS,ACE,CE,Federal Contract Tower,0,3,11,5,19,0,0,1,7,8,0,3,12,12,27,2,14,16,43
02/28/2003,FOE,KS,ACE,CE,Federal Contract Tower,0,11,9,6,26,0,0,10,0,10,0,11,19,6,36,28,4,32,68
03/01/2003,FOE,KS,ACE,CE,Federal Contract Tower,1,6,6,2,15,0,1,7,8,16,1,7,13,10,31,4,32,36,67
03/02/2003,FOE,KS,ACE,CE,Federal Contract Tower,1,5,7,9,22,0,0,21,9,30,1,5,28,18,52,4,22,26,78
03/03/2003,FOE,KS,ACE,CE,Federal Contract Tower,3,9,5,6,23,0,3,19,13,35,3,12,24,19,58,10,10,20,78
03/04/2003,FOE,KS,ACE,CE,Federal Contract Tower,2,3,9,14,28,0,0,2,12,14,2,3,11,26,42,0,0,0,42
03/05/2003,FOE,KS,ACE,CE,Federal Contract Tower,0,6,12,4,22,0,1,7,0,8,0,7,19,4,30,0,0,0,30
03/06/2003,FOE,KS,ACE,CE,Federal Contract Tower,4,13,11,15,43,0,0,11,7,18,4,13,22,22,61,60,98,158,219
03/07/2003,FOE,KS,ACE,CE,Federal Contract Tower,1,4,12,5,22,0,0,26,7,33,1,4,38,12,55,56,12,68,123
03/08/2003,FOE,KS,ACE,CE,Federal Contract Tower,1,2,5,8,16,0,0,17,16,33,1,2,22,24,49,18,28,46,95
03/09/2003,FOE,KS,ACE,CE,Federal Contract Tower,0,9,8,12,29,0,0,12,10,22,0,9,20,22,51,24,78,102,153
03/10/2003,FOE,KS,ACE,CE,Federal Contract Tower,0,3,12,20,35,0,0,20,30,50,0,3,32,50,85,38,124,162,247
03/11/2003,FOE,KS,ACE,CE,Federal Contract Tower,0,9,5,23,37,0,2,15,17,34,0,11,20,40,71,0,52,52,123
03/12/2003,FOE,KS,ACE,CE,Federal Contract Tower,0,9,7,19,35,0,0,7,7,14,0,9,14,26,49,2,0,2,51
03/13/2003,FOE,KS,ACE,CE,Federal Contract Tower,0,11,9,19,39,0,1,14,15,30,0,12,23,34,69,6,24,30,99
03/14/2003,FOE,KS,ACE,CE,Federal Contract Tower,2,6,12,15,35,0,1,23,8,32,2,7,35,23,67,6,70,76,143
03/15/2003,FOE,KS,ACE,CE,Federal Contract Tower,0,2,7,6,15,0,1,76,0,77,0,3,83,6,92,58,0,58,150
03/16/2003,FOE,KS,ACE,CE,Federal Contract Tower,2,5,4,2,13,0,2,63,3,68,2,7,67,5,81,8,38,46,127
03/17/2003,FOE,KS,ACE,CE,Federal Contract Tower,2,7,2,1,12,0,0,17,0,17,2,7,19,1,29,12,0,12,41
03/18/2003,FOE,KS,ACE,CE,Federal Contract Tower,0,10,9,21,40,0,0,7,6,13,0,10,16,27,53,0,12,12,65
03/19/2003,FOE,KS,ACE,CE,Federal Contract Tower,0,2,6,2,10,0,0,1,3,4,0,2,7,5,14,0,0,0,14
03/20/2003,FOE,KS,ACE,CE,Federal Contract Tower,0,9,8,7,24,0,0,9,1,10,0,9,17,8,34,0,0,0,34
03/21/2003,FOE,KS,ACE,CE,Federal Contract Tower,0,12,9,16,37,0,0,17,12,29,0,12,26,28,66,26,146,172,238
03/22/2003,FOE,KS,ACE,CE,Federal Contract Tower,0,5,7,2,14,0,0,61,2,63,0,5,68,4,77,104,4,108,185
03/23/2003,FOE,KS,ACE,CE,Federal Contract Tower,0,4,7,6,17,0,0,17,12,29,0,4,24,18,46,16,24,40,86
03/24/2003,FOE,KS,ACE,CE,Federal Contract Tower,0,13,3,9,25,0,0,16,5,21,0,13,19,14,46,10,90,100,146
03/25/2003,FOE,KS,ACE,CE,Federal Contract Tower,2,11,10,21,44,0,0,16,27,43,2,11,26,48,87,46,186,232,319
03/26/2003,FOE,KS,ACE,CE,Federal Contract Tower,0,9,10,10,29,0,0,15,12,27,0,9,25,22,56,4,2,6,62
03/27/2003,FOE,KS,ACE,CE,Federal Contract Tower,0,8,10,16,34,0,0,13,9,22,0,8,23,25,56,0,54,54,110
03/28/2003,FOE,KS,ACE,CE,Federal Contract Tower,0,6,3,8,17,0,1,6,3,10,0,7,9,11,27,6,2,8,35
03/29/2003,FOE,KS,ACE,CE,Federal Contract Tower,4,2,2,2,10,0,1,48,0,49,4,3,50,2,59,48,0,48,107
03/30/2003,FOE,KS,ACE,CE,Federal Contract Tower,0,4,7,6,17,0,0,50,1,51,0,4,57,7,68,48,0,48,116
03/31/2003,FOE,KS,ACE,CE,Federal Contract Tower,0,7,7,9,23,0,0,25,3,28,0,7,32,12,51,20,28,48,99
04/01/2003,FOE,KS,ACE,CE,Federal Contract Tower,0,8,16,25,49,0,0,29,19,48,0,8,45,44,97,34,86,120,217
04/02/2003,FOE,KS,ACE,CE,Federal Contract Tower,2,12,8,18,40,0,2,13,9,24,2,14,21,27,64,18,28,46,110
04/03/2003,FOE,KS,ACE,CE,Federal Contract Tower,0,6,14,9,29,0,0,11,22,33,0,6,25,31,62,2,50,52,114
04/04/2003,FOE,KS,ACE,CE,Federal Contract Tower,2,8,19,10,39,0,2,8,12,22,2,10,27,22,61,0,2,2,63
04/05/2003,FOE,KS,ACE,CE,Federal Contract Tower,1,4,3,6,14,0,0,35,4,39,1,4,38,10,53,58,0,58,111
04/06/2003,FOE,KS,ACE,CE,Federal Contract Tower,1,2,7,9,19,0,0,0,0,0,1,2,7,9,19,0,0,0,19
04/07/2003,FOE,KS,ACE,CE,Federal Contract Tower,1,6,7,11,25,0,0,6,23,29,1,6,13,34,54,4,36,40,94
04/08/2003,FOE,KS,ACE,CE,Federal Contract Tower,4,8,28,24,64,0,0,18,30,48,4,8,46,54,112,14,128,142,254
04/09/2003,FOE,KS,ACE,CE,Federal Contract Tower,0,6,2,29,37,0,0,16,16,32,0,6,18,45,69,38,118,156,225
04/10/2003,FOE,KS,ACE,CE,Federal Contract Tower,2,6,3,23,34,0,5,42,12,59,2,11,45,35,93,2,106,108,201
04/11/2003,FOE,KS,ACE,CE,Federal Contract Tower,0,14,10,26,50,0,0,56,4,60,0,14,66,30,110,22,76,98,208
04/12/2003,FOE,KS,ACE,CE,Federal Contract Tower,0,2,2,7,11,0,0,41,0,41,0,2,43,7,52,62,0,62,114
04/13/2003,FOE,KS,ACE,CE,Federal Contract Tower,0,4,2,3,9,0,0,32,0,32,0,4,34,3,41,24,0,24,65
04/14/2003,FOE,KS,ACE,CE,Federal Contract Tower,0,6,4,8,18,0,1,8,2,11,0,7,12,10,29,20,0,20,49
04/15/2003,FOE,KS,ACE,CE,Federal Contract Tower,0,6,13,14,33,0,1,15,14,30,0,7,28,28,63,2,10,12,75
04/16/2003,FOE,KS,ACE,CE,Federal Contract Tower,0,6,0,11,17,0,1,7,10,18,0,7,7,21,35,12,6,18,53
04/17/2003,FOE,KS,ACE,CE,Federal Contract Tower,0,6,11,10,27,0,1,10,13,24,0,7,21,23,51,0,0,0,51
04/18/2003,FOE,KS,ACE,CE,Federal Contract Tower,0,4,6,6,16,0,0,11,2,13,0,4,17,8,29,0,2,2,31
04/19/2003,FOE,KS,ACE,CE,Federal Contract Tower,0,1,2,0,3,0,0,3,0,3,0,1,5,0,6,0,0,0,6
04/20/2003,FOE,KS,ACE,CE,Federal Contract Tower,0,4,3,0,7,0,0,0,0,0,0,4,3,0,7,18,0,18,25
04/21/2003,FOE,KS,ACE,CE,Federal Contract Tower,0,12,4,16,32,0,0,39,12,51,0,12,43,28,83,52,42,94,177
04/22/2003,FOE,KS,ACE,CE,Federal Contract Tower,0,7,12,28,47,0,0,36,42,78,0,7,48,70,125,44,172,216,341
04/23/2003,FOE,KS,ACE,CE,Federal Contract Tower,0,8,5,14,27,0,0,5,20,25,0,8,10,34,52,0,28,28,80
04/24/2003,FOE,KS,ACE,CE,Federal Contract Tower,1,5,7,9,22,0,0,0,0,0,1,5,7,9,22,0,0,0,22
04/25/2003,FOE,KS,ACE,CE,Federal Contract Tower,2,6,11,18,37,0,0,13,3,16,2,6,24,21,53,2,38,40,93
04/26/2003,FOE,KS,ACE,CE,Federal Contract Tower,0,2,10,6,18,0,0,39,12,51,0,2,49,18,69,32,0,32,101
04/27/2003,FOE,KS,ACE,CE,Federal Contract Tower,8,4,3,8,23,0,0,41,1,42,8,4,44,9,65,26,6,32,97
04/28/2003,FOE,KS,ACE,CE,Federal Contract Tower,4,6,12,14,36,0,0,30,7,37,4,6,42,21,73,38,112,150,223
04/29/2003,FOE,KS,ACE,CE,Federal Contract Tower,2,8,4,23,37,0,2,26,17,45,2,10,30,40,82,40,148,188,270
04/30/2003,FOE,KS,ACE,CE,Federal Contract Tower,0,6,9,9,24,0,1,11,6,18,0,7,20,15,42,8,20,28,70
05/01/2003,FOE,KS,ACE,CE,Federal Contract Tower,0,0,10,16,26,0,1,13,10,24,0,1,23,26,50,4,0,4,54
05/02/2003,FOE,KS,ACE,CE,Federal Contract Tower,0,0,9,10,19,0,0,55,10,65,0,0,64,20,84,6,52,58,142
05/03/2003,FOE,KS,ACE,CE,Federal Contract Tower,0,2,8,3,13,0,0,38,12,50,0,2,46,15,63,24,28,52,115
05/04/2003,FOE,KS,ACE,CE,Federal Contract Tower,0,2,7,4,13,0,0,3,4,7,0,2,10,8,20,0,0,0,20
05/05/2003,FOE,KS,ACE,CE,Federal Contract Tower,0,2,9,19,30,0,0,21,26,47,0,2,30,45,77,45,58,103,180
05/06/2003,FOE,KS,ACE,CE,Federal Contract Tower,0,2,15,7,24,0,0,12,17,29,0,2,27,24,53,14,64,78,131
05/07/2003,FOE,KS,ACE,CE,Federal Contract Tower,2,1,13,8,24,0,0,31,20,51,2,1,44,28,75,46,36,82,157
05/08/2003,FOE,KS,ACE,CE,Federal Contract Tower,0,1,9,5,15,0,0,10,9,19,0,1,19,14,34,12,0,12,46
05/09/2003,FOE,KS,ACE,CE,Federal Contract Tower,0,2,11,26,39,0,1,57,38,96,0,3,68,64,135,77,90,167,302
05/10/2003,FOE,KS,ACE,CE,Federal Contract Tower,0,2,7,14,23,0,0,36,8,44,0,2,43,22,67,52,48,100,167
05/11/2003,FOE,KS,ACE,CE,Federal Contract Tower,0,2,4,16,22,0,2,39,20,61,0,4,43,36,83,24,72,96,179
05/12/2003,FOE,KS,ACE,CE,Federal Contract Tower,0,2,14,32,48,0,2,42,21,65,0,4,56,53,113,46,78,124,237
05/13/2003,FOE,KS,ACE,CE,Federal Contract Tower,0,3,8,17,28,0,3,12,4,19,0,6,20,21,47,22,34,56,103
05/14/2003,FOE,KS,ACE,CE,Federal Contract Tower,0,4,19,22,45,0,1,29,8,38,0,5,48,30,83,40,60,100,183
05/15/2003,FOE,KS,ACE,CE,Federal Contract Tower,0,4,10,15,29,0,2,23,7,32,0,6,33,22,61,22,16,38,99
05/16/2003,FOE,KS,ACE,CE,Federal Contract Tower,0,2,12,2,16,0,0,6,2,8,0,2,18,4,24,0,0,0,24
05/17/2003,FOE,KS,ACE,CE,Federal Contract Tower,0,2,14,7,23,0,1,50,2,53,0,3,64,9,76,8,24,32,108
05/18/2003,FOE,KS,ACE,CE,Federal Contract Tower,2,2,11,4,19,0,0,34,2,36,2,2,45,6,55,0,0,0,55
05/19/2003,FOE,KS,ACE,CE,Federal Contract Tower,0,0,2,6,8,0,0,0,1,1,0,0,2,7,9,0,0,0,9
05/20/2003,FOE,KS,ACE,CE,Federal Contract Tower,0,0,9,16,25,0,0,24,16,40,0,0,33,32,65,52,82,134,199
05/21/2003,FOE,KS,ACE,CE,Federal Contract Tower,0,0,7,15,22,0,0,57,15,72,0,0,64,30,94,32,70,102,196
05/22/2003,FOE,KS,ACE,CE,Federal Contract Tower,0,2,12,8,22,0,0,84,18,102,0,2,96,26,124,84,76,160,284
05/23/2003,FOE,KS,ACE,CE,Federal Contract Tower,0,5,14,2,21,0,0,48,10,58,0,5,62,12,79,22,4,26,105
05/24/2003,FOE,KS,ACE,CE,Federal Contract Tower,0,2,14,3,19,0,0,13,1,14,0,2,27,4,33,16,2,18,51
05/25/2003,FOE,KS,ACE,CE,Federal Contract Tower,0,7,14,2,23,0,4,34,1,39,0,11,48,3,62,14,0,14,76
05/26/2003,FOE,KS,ACE,CE,Federal Contract Tower,2,0,2,0,4,0,0,53,0,53,2,0,55,0,57,28,0,28,85
05/27/2003,FOE,KS,ACE,CE,Federal Contract Tower,2,3,4,1,10,0,0,25,12,37,2,3,29,13,47,24,8,32,79
05/28/2003,FOE,KS,ACE,CE,Federal Contract Tower,0,5,4,27,36,0,0,47,23,70,0,5,51,50,106,24,22,46,152
05/29/2003,FOE,KS,ACE,CE,Federal Contract Tower,0,5,7,22,34,0,0,40,11,51,0,5,47,33,85,20,46,66,151
05/30/2003,FOE,KS,ACE,CE,Federal Contract Tower,0,3,18,16,37,0,0,42,20,62,0,3,60,36,99,24,94,118,217
05/31/2003,FOE,KS,ACE,CE,Federal Contract Tower,1,2,7,5,15,0,1,12,2,15,1,3,19,7,30,24,10,34,64
06/01/2003,FOE,KS,ACE,CE,Federal Contract Tower,3,3,13,5,24,0,0,43,5,48,3,3,56,10,72,0,12,12,84
06/02/2003,FOE,KS,ACE,CE,Federal Contract Tower,0,4,12,13,29,0,0,5,8,13,0,4,17,21,42,14,22,36,78
06/03/2003,FOE,KS,ACE,CE,Federal Contract Tower,0,3,15,22,40,0,0,23,24,47,0,3,38,46,87,30,66,96,183
06/04/2003,FOE,KS,ACE,CE,Federal Contract Tower,0,1,8,19,28,0,0,44,23,67,0,1,52,42,95,28,164,192,287
06/05/2003,FOE,KS,ACE,CE,Federal Contract Tower,0,0,17,10,27,0,0,22,20,42,0,0,39,30,69,33,122,155,224
06/06/2003,FOE,KS,ACE,CE,Federal Contract Tower,0,0,8,23,31,0,0,36,35,71,0,0,44,58,102,30,98,128,230
06/07/2003,FOE,KS,ACE,CE,Federal Contract Tower,0,2,8,7,17,0,0,23,9,32,0,2,31,16,49,14,28,42,91
06/08/2003,FOE,KS,ACE,CE,Federal Contract Tower,0,3,2,14,19,0,0,62,7,69,0,3,64,21,88,88,78,166,254
06/09/2003,FOE,KS,ACE,CE,Federal Contract Tower,0,2,4,25,31,0,6,24,15,45,0,8,28,40,76,6,108,114,190
06/10/2003,FOE,KS,ACE,CE,Federal Contract Tower,0,0,32,15,47,0,2,0,0,2,0,2,32,15,49,12,16,28,77
06/11/2003,FOE,KS,ACE,CE,Federal Contract Tower,0,4,8,13,25,0,0,37,5,42,0,4,45,18,67,54,56,110,177
06/12/2003,FOE,KS,ACE,CE,Federal Contract Tower,2,5,12,24,43,0,1,26,26,53,2,6,38,50,96,64,128,192,288
06/13/2003,FOE,KS,ACE,CE,Federal Contract Tower,3,2,7,12,24,0,0,22,15,37,3,2,29,27,61,54,122,176,237
06/14/2003,FOE,KS,ACE,CE,Federal Contract Tower,0,0,6,7,13,0,1,41,5,47,0,1,47,12,60,34,6,40,100
06/15/2003,FOE,KS,ACE,CE,Federal Contract Tower,0,0,12,5,17,0,0,59,0,59,0,0,71,5,76,50,0,50,126
06/16/2003,FOE,KS,ACE,CE,Federal Contract Tower,0,0,5,14,19,0,0,19,7,26,0,0,24,21,45,4,122,126,171
06/17/2003,FOE,KS,ACE,CE,Federal Contract Tower,0,4,13,17,34,0,0,35,11,46,0,4,48,28,80,18,56,74,154
06/18/2003,FOE,KS,ACE,CE,Federal Contract Tower,0,5,8,26,39,0,1,23,13,37,0,6,31,39,76,0,86,86,162
06/19/2003,FOE,KS,ACE,CE,Federal Contract Tower,0,1,8,16,25,0,0,16,16,32,0,1,24,32,57,26,89,115,172
06/20/2003,FOE,KS,ACE,CE,Federal Contract Tower,0,2,11,24,37,0,8,42,26,76,0,10,53,50,113,22,186,208,321
06/21/2003,FOE,KS,ACE,CE,Federal Contract Tower,0,1,0,5,6,0,3,28,0,31,0,4,28,5,37,34,12,46,83
06/22/2003,FOE,KS,ACE,CE,Federal Contract Tower,0,0,6,1,7,0,0,6,3,9,0,0,12,4,16,8,0,8,24
06/23/2003,FOE,KS,ACE,CE,Federal Contract Tower,0,2,6,13,21,0,0,34,11,45,0,2,40,24,66,44,40,84,150
06/24/2003,FOE,KS,ACE,CE,Federal Contract Tower,0,0,15,15,30,0,0,30,9,39,0,0,45,24,69,6,26,32,101
06/25/2003,FOE,KS,ACE,CE,Federal Contract Tower,0,2,5,10,17,0,2,3,0,5,0,4,8,10,22,0,0,0,22
06/26/2003,FOE,KS,ACE,CE,Federal Contract Tower,0,4,7,18,29,0,1,40,37,78,0,5,47,55,107,48,102,150,257
06/27/2003,FOE,KS,ACE,CE,Federal Contract Tower,0,0,8,19,27,0,0,33,19,52,0,0,41,38,79,34,90,124,203
06/28/2003,FOE,KS,ACE,CE,Federal Contract Tower,0,0,5,20,25,0,1,34,1,36,0,1,39,21,61,18,8,26,87
06/29/2003,FOE,KS,ACE,CE,Federal Contract Tower,0,1,4,12,17,0,0,21,4,25,0,1,25,16,42,4,10,14,56
06/30/2003,FOE,KS,ACE,CE,Federal Contract Tower,0,0,17,16,33,0,0,16,7,23,0,0,33,23,56,6,56,62,118
07/01/2003,FOE,KS,ACE,CE,Federal Contract Tower,0,2,11,29,42,0,0,32,10,42,0,2,43,39,84,14,78,92,176
07/02/2003,FOE,KS,ACE,CE,Federal Contract Tower,0,1,11,9,21,0,0,41,8,49,0,1,52,17,70,8,6,14,84
07/03/2003,FOE,KS,ACE,CE,Federal Contract Tower,0,2,14,11,27,0,1,22,6,29,0,3,36,17,56,0,0,0,56
07/04/2003,FOE,KS,ACE,CE,Federal Contract Tower,2,0,4,0,6,0,0,48,2,50,2,0,52,2,56,12,0,12,68
07/05/2003,FOE,KS,ACE,CE,Federal Contract Tower,0,0,4,0,4,0,0,36,0,36,0,0,40,0,40,44,0,44,84
07/06/2003,FOE,KS,ACE,CE,Federal Contract Tower,2,4,11,0,17,0,0,33,0,33,2,4,44,0,50,60,0,60,110
07/07/2003,FOE,KS,ACE,CE,Federal Contract Tower,0,2,3,21,26,0,0,17,23,40,0,2,20,44,66,38,92,130,196
07/08/2003,FOE,KS,ACE,CE,Federal Contract Tower,0,0,6,18,24,0,0,26,26,52,0,0,32,44,76,10,34,44,120
07/09/2003,FOE,KS,ACE,CE,Federal Contract Tower,2,4,8,13,27,0,6,16,11,33,2,10,24,24,60,18,60,78,138
07/10/2003,FOE,KS,ACE,CE,Federal Contract Tower,0,0,14,15,29,0,0,37,12,49,0,0,51,27,78,22,62,84,162
07/11/2003,FOE,KS,ACE,CE,Federal Contract Tower,0,0,9,15,24,0,0,53,37,90,0,0,62,52,114,16,146,162,276
07/12/2003,FOE,KS,ACE,CE,Federal Contract Tower,0,0,2,20,22,0,1,53,21,75,0,1,55,41,97,36,152,188,285
07/13/2003,FOE,KS,ACE,CE,Federal Contract Tower,2,2,2,15,21,0,0,76,2,78,2,2,78,17,99,58,8,66,165
07/14/2003,FOE,KS,ACE,CE,Federal Contract Tower,0,1,4,23,28,0,0,18,13,31,0,1,22,36,59,8,66,74,133
07/15/2003,FOE,KS,ACE,CE,Federal Contract Tower,0,0,9,16,25,0,0,35,7,42,0,0,44,23,67,26,28,54,121
07/16/2003,FOE,KS,ACE,CE,Federal Contract Tower,0,0,9,13,22,0,0,15,9,24,0,0,24,22,46,8,36,44,90
07/17/2003,FOE,KS,ACE,CE,Federal Contract Tower,2,0,5,31,38,0,1,22,16,39,2,1,27,47,77,0,66,66,143
07/18/2003,FOE,KS,ACE,CE,Federal Contract Tower,0,6,4,5,15,0,3,46,2,51,0,9,50,7,66,18,3,21,87
07/19/2003,FOE,KS,ACE,CE,Federal Contract Tower,2,1,1,10,14,0,0,54,16,70,2,1,55,26,84,20,30,50,134
07/20/2003,FOE,KS,ACE,CE,Federal Contract Tower,0,2,10,4,16,0,0,55,4,59,0,2,65,8,75,54,0,54,129
07/21/2003,FOE,KS,ACE,CE,Federal Contract Tower,0,1,9,28,38,0,0,41,50,91,0,1,50,78,129,30,122,152,281
07/22/2003,FOE,KS,ACE,CE,Federal Contract Tower,0,0,10,18,28,0,0,22,16,38,0,0,32,34,66,44,104,148,214
07/23/2003,FOE,KS,ACE,CE,Federal Contract Tower,0,6,7,21,34,0,0,43,25,68,0,6,50,46,102,12,84,96,198
07/24/2003,FOE,KS,ACE,CE,Federal Contract Tower,0,7,9,9,25,0,2,20,7,29,0,9,29,16,54,4,32,36,90
07/25/2003,FOE,KS,ACE,CE,Federal Contract Tower,0,0,6,22,28,0,2,45,9,56,0,2,51,31,84,24,14,38,122
07/26/2003,FOE,KS,ACE,CE,Federal Contract Tower,0,0,9,1,10,0,0,56,0,56,0,0,65,1,66,28,0,28,94
07/27/2003,FOE,KS,ACE,CE,Federal Contract Tower,0,0,6,15,21,0,0,51,6,57,0,0,57,21,78,38,8,46,124
07/28/2003,FOE,KS,ACE,CE,Federal Contract Tower,0,1,6,4,11,0,2,27,3,32,0,3,33,7,43,10,2,12,55
07/29/2003,FOE,KS,ACE,CE,Federal Contract Tower,0,0,8,9,17,0,1,32,4,37,0,1,40,13,54,8,10,18,72
07/30/2003,FOE,KS,ACE,CE,Federal Contract Tower,0,0,10,22,32,0,1,29,12,42,0,1,39,34,74,18,6,24,98
07/31/2003,FOE,KS,ACE,CE,Federal Contract Tower,0,0,9,22,31,0,0,21,8,29,0,0,30,30,60,34,42,76,136
08/01/2003,FOE,KS,ACE,CE,Federal Contract Tower,0,0,1,10,11,0,0,13,2,15,0,0,14,12,26,2,4,6,32
08/02/2003,FOE,KS,ACE,CE,Federal Contract Tower,0,2,5,7,14,0,0,36,11,47,0,2,41,18,61,24,0,24,85
08/03/2003,FOE,KS,ACE,CE,Federal Contract Tower,0,0,8,4,12,0,0,46,18,64,0,0,54,22,76,30,8,38,114
08/04/2003,FOE,KS,ACE,CE,Federal Contract Tower,0,0,4,6,10,0,0,38,12,50,0,0,42,18,60,22,16,38,98
08/05/2003,FOE,KS,ACE,CE,Federal Contract Tower,0,0,9,16,25,0,0,27,16,43,0,0,36,32,68,46,54,100,168
08/06/2003,FOE,KS,ACE,CE,Federal Contract Tower,0,3,7,8,18,0,5,19,8,32,0,8,26,16,50,28,68,96,146
08/07/2003,FOE,KS,ACE,CE,Federal Contract Tower,0,2,4,12,18,0,4,50,16,70,0,6,54,28,88,12,52,64,152
08/08/2003,FOE,KS,ACE,CE,Federal Contract Tower,0,4,4,22,30,0,2,21,8,31,0,6,25,30,61,6,8,14,75
08/09/2003,FOE,KS,ACE,CE,Federal Contract Tower,0,0,0,3,3,0,0,32,0,32,0,0,32,3,35,16,0,16,51
08/10/2003,FOE,KS,ACE,CE,Federal Contract Tower,0,2,10,3,15,0,0,28,2,30,0,2,38,5,45,16,2,18,63
08/11/2003,FOE,KS,ACE,CE,Federal Contract Tower,0,2,5,14,21,0,1,32,7,40,0,3,37,21,61,24,22,46,107
08/12/2003,FOE,KS,ACE,CE,Federal Contract Tower,0,0,9,10,19,0,0,27,17,44,0,0,36,27,63,10,24,34,97
08/13/2003,FOE,KS,ACE,CE,Federal Contract Tower,0,2,8,6,16,0,2,46,21,69,0,4,54,27,85,40,16,56,141
08/14/2003,FOE,KS,ACE,CE,Federal Contract Tower,0,0,6,17,23,0,0,60,32,92,0,0,66,49,115,16,58,74,189
08/15/2003,FOE,KS,ACE,CE,Federal Contract Tower,0,0,2,10,12,0,0,20,10,30,0,0,22,20,42,6,24,30,72
08/16/2003,FOE,KS,ACE,CE,Federal Contract Tower,0,0,7,4,11,0,0,25,0,25,0,0,32,4,36,34,0,34,70
08/17/2003,FOE,KS,ACE,CE,Federal Contract Tower,2,3,1,11,17,0,0,28,3,31,2,3,29,14,48,18,4,22,70
08/18/2003,FOE,KS,ACE,CE,Federal Contract Tower,0,2,9,11,22,0,0,43,17,60,0,2,52,28,82,26,22,48,130
08/19/2003,FOE,KS,ACE,CE,Federal Contract Tower,0,0,4,14,18,0,0,20,18,38,0,0,24,32,56,14,16,30,86
08/20/2003,FOE,KS,ACE,CE,Federal Contract Tower,0,1,9,15,25,0,3,13,9,25,0,4,22,24,50,20,22,42,92
08/21/2003,FOE,KS,ACE,CE,Federal Contract Tower,2,3,6,12,23,0,2,14,18,34,2,5,20,30,57,26,24,50,107
08/22/2003,FOE,KS,ACE,CE,Federal Contract Tower,0,0,4,14,18,0,0,40,16,56,0,0,44,30,74,64,44,108,182
08/23/2003,FOE,KS,ACE,CE,Federal Contract Tower,0,0,8,5,13,0,0,31,0,31,0,0,39,5,44,0,0,0,44
08/24/2003,FOE,KS,ACE,CE,Federal Contract Tower,0,0,5,13,18,0,0,22,1,23,0,0,27,14,41,12,0,12,53
08/25/2003,FOE,KS,ACE,CE,Federal Contract Tower,0,0,11,17,28,0,0,27,23,50,0,0,38,40,78,24,66,90,168
08/26/2003,FOE,KS,ACE,CE,Federal Contract Tower,0,1,9,20,30,0,0,22,25,47,0,1,31,45,77,10,60,70,147
08/27/2003,FOE,KS,ACE,CE,Federal Contract Tower,0,4,12,23,39,0,0,42,39,81,0,4,54,62,120,46,70,116,236
08/28/2003,FOE,KS,ACE,CE,Federal Contract Tower,0,0,6,13,19,0,0,34,2,36,0,0,40,15,55,18,18,36,91
08/29/2003,FOE,KS,ACE,CE,Federal Contract Tower,0,2,6,4,12,0,0,19,2,21,0,2,25,6,33,2,4,6,39
08/30/2003,FOE,KS,ACE,CE,Federal Contract Tower,0,0,7,2,9,0,0,0,0,0,0,0,7,2,9,0,0,0,9
08/31/2003,FOE,KS,ACE,CE,Federal Contract Tower,0,0,9,0,9,0,0,2,0,2,0,0,11,0,11,0,0,0,11
09/01/2003,FOE,KS,ACE,CE,Federal Contract Tower,0,2,11,2,15,0,1,4,0,5,0,3,15,2,20,16,2,18,38
09/02/2003,FOE,KS,ACE,CE,Federal Contract Tower,0,3,11,40,54,0,4,49,44,97,0,7,60,84,151,48,74,122,273
09/03/2003,FOE,KS,ACE,CE,Federal Contract Tower,1,2,9,6,18,0,2,27,9,38,1,4,36,15,56,30,14,44,100
09/04/2003,FOE,KS,ACE,CE,Federal Contract Tower,0,2,10,10,22,0,2,32,16,50,0,4,42,26,72,22,54,76,148
09/05/2003,FOE,KS,ACE,CE,Federal Contract Tower,1,1,11,16,29,0,4,25,22,51,1,5,36,38,80,22,68,90,170
09/06/2003,FOE,KS,ACE,CE,Federal Contract Tower,4,2,3,15,24,0,0,53,25,78,4,2,56,40,102,38,66,104,206
09/07/2003,FOE,KS,ACE,CE,Federal Contract Tower,7,3,6,4,20,0,0,40,6,46,7,3,46,10,66,20,22,42,108
09/08/2003,FOE,KS,ACE,CE,Federal Contract Tower,9,3,7,15,34,0,0,22,10,32,9,3,29,25,66,24,56,80,146
09/09/2003,FOE,KS,ACE,CE,Federal Contract Tower,1,6,5,15,27,0,0,16,8,24,1,6,21,23,51,0,48,48,99
09/10/2003,FOE,KS,ACE,CE,Federal Contract Tower,0,1,8,15,24,0,0,23,8,31,0,1,31,23,55,12,26,38,93
09/11/2003,FOE,KS,ACE,CE,Federal Contract Tower,0,1,10,9,20,0,0,8,6,14,0,1,18,15,34,2,0,2,36
09/12/2003,FOE,KS,ACE,CE,Federal Contract Tower,4,6,8,22,40,0,0,30,12,42,4,6,38,34,82,20,72,92,174
09/13/2003,FOE,KS,ACE,CE,Federal Contract Tower,3,0,10,2,15,0,2,1,1,4,3,2,11,3,19,0,2,2,21
09/14/2003,FOE,KS,ACE,CE,Federal Contract Tower,0,1,9,24,34,0,0,24,5,29,0,1,33,29,63,8,44,52,115
09/15/2003,FOE,KS,ACE,CE,Federal Contract Tower,0,5,9,26,40,0,1,21,15,37,0,6,30,41,77,20,140,160,237
09/16/2003,FOE,KS,ACE,CE,Federal Contract Tower,0,1,19,18,38,0,0,25,18,43,0,1,44,36,81,6,58,64,145
09/17/2003,FOE,KS,ACE,CE,Federal Contract Tower,2,6,19,25,52,0,4,13,18,35,2,10,32,43,87,12,25,37,124
09/18/2003,FOE,KS,ACE,CE,Federal Contract Tower,0,3,6,14,23,0,3,12,20,35,0,6,18,34,58,12,60,72,130
09/19/2003,FOE,KS,ACE,CE,Federal Contract Tower,0,1,18,40,59,0,0,30,47,77,0,1,48,87,136,36,92,128,264
09/20/2003,FOE,KS,ACE,CE,Federal Contract Tower,0,0,8,8,16,0,6,46,0,52,0,6,54,8,68,28,6,34,102
09/21/2003,FOE,KS,ACE,CE,Federal Contract Tower,2,2,9,4,17,0,0,9,4,13,2,2,18,8,30,16,2,18,48
09/22/2003,FOE,KS,ACE,CE,Federal Contract Tower,0,0,14,30,44,0,1,14,15,30,0,1,28,45,74,0,60,60,134
09/23/2003,FOE,KS,ACE,CE,Federal Contract Tower,0,2,12,17,31,0,2,22,17,41,0,4,34,34,72,0,88,88,160
09/24/2003,FOE,KS,ACE,CE,Federal Contract Tower,0,4,9,16,29,0,0,16,13,29,0,4,25,29,58,8,86,94,152
09/25/2003,FOE,KS,ACE,CE,Federal Contract Tower,0,1,12,15,28,0,2,27,20,49,0,3,39,35,77,14,130,144,221
09/26/2003,FOE,KS,ACE,CE,Federal Contract Tower,0,2,8,6,16,0,0,23,6,29,0,2,31,12,45,2,8,10,55
09/27/2003,FOE,KS,ACE,CE,Federal Contract Tower,0,0,6,10,16,0,0,27,6,33,0,0,33,16,49,18,2,20,69
09/28/2003,FOE,KS,ACE,CE,Federal Contract Tower,0,0,6,4,10,0,0,23,0,23,0,0,29,4,33,28,0,28,61
09/29/2003,FOE,KS,ACE,CE,Federal Contract Tower,0,6,14,0,20,0,3,26,0,29,0,9,40,0,49,18,0,18,67
09/30/2003,FOE,KS,ACE,CE,Federal Contract Tower,2,1,12,0,15,0,0,4,4,8,2,1,16,4,23,0,0,0,23
10/01/2003,FOE,KS,ACE,CE,Federal Contract Tower,0,2,12,19,33,0,12,26,7,45,0,14,38,26,78,14,98,112,190
10/02/2003,FOE,KS,ACE,CE,Federal Contract Tower,0,2,13,21,36,0,3,29,23,55,0,5,42,44,91,12,146,158,249
10/03/2003,FOE,KS,ACE,CE,Federal Contract Tower,0,2,10,18,30,0,2,27,16,45,0,4,37,34,75,2,28,30,105
10/04/2003,FOE,KS,ACE,CE,Federal Contract Tower,0,0,6,11,17,0,0,57,9,66,0,0,63,20,83,18,0,18,101
10/05/2003,FOE,KS,ACE,CE,Federal Contract Tower,0,1,11,19,31,0,0,18,43,61,0,1,29,62,92,48,62,110,202
10/06/2003,FOE,KS,ACE,CE,Federal Contract Tower,0,2,12,19,33,0,2,10,35,47,0,4,22,54,80,46,128,174,254
10/07/2003,FOE,KS,ACE,CE,Federal Contract Tower,0,2,13,22,37,0,1,41,29,71,0,3,54,51,108,6,70,76,184
10/08/2003,FOE,KS,ACE,CE,Federal Contract Tower,0,2,14,23,39,0,2,8,17,27,0,4,22,40,66,0,72,72,138
10/09/2003,FOE,KS,ACE,CE,Federal Contract Tower,0,4,22,37,63,0,1,20,27,48,0,5,42,64,111,0,52,52,163
10/10/2003,FOE,KS,ACE,CE,Federal Contract Tower,1,1,10,8,20,1,11,8,0,20,2,12,18,8,40,10,30,40,80
10/11/2003,FOE,KS,ACE,CE,Federal Contract Tower,1,0,3,4,8,0,0,13,0,13,1,0,16,4,21,4,0,4,25
10/12/2003,FOE,KS,ACE,CE,Federal Contract Tower,0,0,5,6,11,0,0,44,5,49,0,0,49,11,60,22,12,34,94
10/13/2003,FOE,KS,ACE,CE,Federal Contract Tower,1,1,8,6,16,1,4,12,0,17,2,5,20,6,33,8,0,8,41
10/14/2003,FOE,KS,ACE,CE,Federal Contract Tower,0,0,8,12,20,0,0,20,12,32,0,0,28,24,52,2,26,28,80
10/15/2003,FOE,KS,ACE,CE,Federal Contract Tower,0,0,11,15,26,0,0,23,31,54,0,0,34,46,80,12,38,50,130
10/16/2003,FOE,KS,ACE,CE,Federal Contract Tower,0,2,9,13,24,2,5,18,18,43,2,7,27,31,67,22,26,48,115
10/17/2003,FOE,KS,ACE,CE,Federal Contract Tower,0,2,11,16,29,2,3,49,14,68,2,5,60,30,97,30,64,94,191
10/18/2003,FOE,KS,ACE,CE,Federal Contract Tower,0,0,5,2,7,2,0,55,0,57,2,0,60,2,64,56,0,56,120
10/19/2003,FOE,KS,ACE,CE,Federal Contract Tower,0,1,5,3,9,0,1,74,0,75,0,2,79,3,84,48,0,48,132
10/20/2003,FOE,KS,ACE,CE,Federal Contract Tower,0,2,10,14,26,0,10,30,10,50,0,12,40,24,76,22,94,116,192
10/21/2003,FOE,KS,ACE,CE,Federal Contract Tower,0,2,11,15,28,0,4,49,29,82,0,6,60,44,110,66,98,164,274
10/22/2003,FOE,KS,ACE,CE,Federal Contract Tower,0,0,10,14,24,0,0,45,24,69,0,0,55,38,93,16,30,46,139
10/23/2003,FOE,KS,ACE,CE,Federal Contract Tower,0,2,8,11,21,0,0,15,22,37,0,2,23,33,58,12,50,62,120
10/24/2003,FOE,KS,ACE,CE,Federal Contract Tower,0,1,14,21,36,0,0,15,13,28,0,1,29,34,64,10,88,98,162
10/25/2003,FOE,KS,ACE,CE,Federal Contract Tower,0,2,6,6,14,0,2,61,0,63,0,4,67,6,77,34,6,40,117
10/26/2003,FOE,KS,ACE,CE,Federal Contract Tower,0,0,6,10,16,0,0,28,4,32,0,0,34,14,48,24,2,26,74
10/27/2003,FOE,KS,ACE,CE,Federal Contract Tower,0,0,11,16,27,0,0,12,11,23,0,0,23,27,50,10,32,42,92
10/28/2003,FOE,KS,ACE,CE,Federal Contract Tower,0,3,14,20,37,1,1,7,19,28,1,4,21,39,65,4,62,66,131
10/29/2003,FOE,KS,ACE,CE,Federal Contract Tower,0,2,13,19,34,0,0,17,11,28,0,2,30,30,62,2,10,12,74
10/30/2003,FOE,KS,ACE,CE,Federal Contract Tower,0,2,13,21,36,0,3,11,14,28,0,5,24,35,64,4,48,52,116
10/31/2003,FOE,KS,ACE,CE,Federal Contract Tower,0,0,11,17,28,2,0,13,13,28,2,0,24,30,56,2,16,18,74
11/01/2003,FOE,KS,ACE,CE,Federal Contract Tower,1,0,6,10,17,1,0,26,4,31,2,0,32,14,48,2,2,4,52
11/02/2003,FOE,KS,ACE,CE,Federal Contract Tower,0,0,1,4,5,0,0,5,4,9,0,0,6,8,14,0,0,0,14
11/03/2003,FOE,KS,ACE,CE,Federal Contract Tower,0,0,6,11,17,0,2,6,34,42,0,2,12,45,59,8,24,32,91
11/04/2003,FOE,KS,ACE,CE,Federal Contract Tower,0,0,14,21,35,0,0,2,43,45,0,0,16,64,80,8,34,42,122
11/05/2003,FOE,KS,ACE,CE,Federal Contract Tower,0,2,9,13,24,0,1,12,0,13,0,3,21,13,37,12,16,28,65
11/06/2003,FOE,KS,ACE,CE,Federal Contract Tower,0,1,14,27,42,0,0,0,32,32,0,1,14,59,74,2,126,128,202
11/07/2003,FOE,KS,ACE,CE,Federal Contract Tower,0,1,17,26,44,0,0,28,29,57,0,1,45,55,101,2,68,70,171
11/08/2003,FOE,KS,ACE,CE,Federal Contract Tower,0,1,8,13,22,0,0,15,10,25,0,1,23,23,47,10,8,18,65
11/09/2003,FOE,KS,ACE,CE,Federal Contract Tower,0,1,3,5,9,0,2,13,0,15,0,3,16,5,24,20,0,20,44
11/10/2003,FOE,KS,ACE,CE,Federal Contract Tower,0,0,5,6,11,0,0,2,0,2,0,0,7,6,13,0,0,0,13
11/11/2003,FOE,KS,ACE,CE,Federal Contract Tower,0,2,13,6,21,0,0,26,0,26,0,2,39,6,47,0,0,0,47
11/12/2003,FOE,KS,ACE,CE,Federal Contract Tower,0,0,10,14,24,0,0,13,20,33,0,0,23,34,57,12,22,34,91
11/13/2003,FOE,KS,ACE,CE,Federal Contract Tower,0,2,13,18,33,0,2,19,54,75,0,4,32,72,108,18,92,110,218
11/14/2003,FOE,KS,ACE,CE,Federal Contract Tower,0,2,10,16,28,0,0,13,28,41,0,2,23,44,69,0,40,40,109
11/15/2003,FOE,KS,ACE,CE,Federal Contract Tower,0,0,6,4,10,0,0,16,0,16,0,0,22,4,26,0,0,0,26
11/16/2003,FOE,KS,ACE,CE,Federal Contract Tower,0,2,11,16,29,0,0,17,38,55,0,2,28,54,84,60,68,128,212
11/17/2003,FOE,KS,ACE,CE,Federal Contract Tower,0,2,7,12,21,0,0,15,6,21,0,2,22,18,42,12,14,26,68
11/18/2003,FOE,KS,ACE,CE,Federal Contract Tower,0,1,11,18,30,0,2,33,24,59,0,3,44,42,89,16,54,70,159
11/19/2003,FOE,KS,ACE,CE,Federal Contract Tower,0,1,10,17,28,0,6,31,13,50,0,7,41,30,78,26,80,106,184
11/20/2003,FOE,KS,ACE,CE,Federal Contract Tower,0,2,18,27,47,0,5,14,41,60,0,7,32,68,107,42,88,130,237
11/21/2003,FOE,KS,ACE,CE,Federal Contract Tower,0,0,13,19,32,2,0,9,29,40,2,0,22,48,72,6,62,68,140
11/22/2003,FOE,KS,ACE,CE,Federal Contract Tower,0,0,6,9,15,2,1,18,2,23,2,1,24,11,38,4,0,4,42
11/23/2003,FOE,KS,ACE,CE,Federal Contract Tower,0,0,2,0,2,0,1,7,0,8,0,1,9,0,10,0,0,0,10
11/24/2003,FOE,KS,ACE,CE,Federal Contract Tower,0,0,11,17,28,1,0,23,19,43,1,0,34,36,71,12,58,70,141
11/25/2003,FOE,KS,ACE,CE,Federal Contract Tower,0,1,11,18,30,0,0,21,55,76,0,1,32,73,106,4,110,114,220
11/26/2003,FOE,KS,ACE,CE,Federal Contract Tower,0,0,8,11,19,0,1,37,28,66,0,1,45,39,85,34,34,68,153
11/27/2003,FOE,KS,ACE,CE,Federal Contract Tower,0,0,2,0,2,0,2,14,0,16,0,2,16,0,18,0,4,4,22
11/28/2003,FOE,KS,ACE,CE,Federal Contract Tower,0,0,0,0,0,0,0,22,0,22,0,0,22,0,22,0,10,10,32
11/29/2003,FOE,KS,ACE,CE,Federal Contract Tower,0,0,5,4,9,0,0,23,0,23,0,0,28,4,32,4,0,4,36
11/30/2003,FOE,KS,ACE,CE,Federal Contract Tower,0,0,8,12,20,0,5,24,0,29,0,5,32,12,49,14,6,20,69
12/01/2003,FOE,KS,ACE,CE,Federal Contract Tower,0,1,5,9,15,0,1,30,19,50,0,2,35,28,65,20,8,28,93
12/02/2003,FOE,KS,ACE,CE,Federal Contract Tower,0,0,5,11,16,0,0,27,63,90,0,0,32,74,106,12,54,66,172
12/03/2003,FOE,KS,ACE,CE,Federal Contract Tower,0,1,8,12,21,0,0,4,0,4,0,1,12,12,25,12,12,24,49
12/04/2003,FOE,KS,ACE,CE,Federal Contract Tower,0,3,16,22,41,0,0,1,42,43,0,3,17,64,84,2,2,4,88
12/05/2003,FOE,KS,ACE,CE,Federal Contract Tower,0,2,12,17,31,0,0,13,21,34,0,2,25,38,65,16,54,70,135
12/06/2003,FOE,KS,ACE,CE,Federal Contract Tower,0,0,7,2,9,0,0,23,0,23,0,0,30,2,32,10,0,10,42
12/07/2003,FOE,KS,ACE,CE,Federal Contract Tower,0,0,4,2,6,0,0,24,0,24,0,0,28,2,30,10,0,10,40
12/08/2003,FOE,KS,ACE,CE,Federal Contract Tower,0,0,7,9,16,0,0,3,15,18,0,0,10,24,34,4,54,58,92
12/09/2003,FOE,KS,ACE,CE,Federal Contract Tower,0,0,4,0,4,0,2,3,0,5,0,2,7,0,9,0,0,0,9
12/10/2003,FOE,KS,ACE,CE,Federal Contract Tower,0,2,7,8,17,0,3,16,9,28,0,5,23,17,45,2,24,26,71
12/11/2003,FOE,KS,ACE,CE,Federal Contract Tower,0,4,14,17,35,0,0,11,33,44,0,4,25,50,79,14,36,50,129
12/12/2003,FOE,KS,ACE,CE,Federal Contract Tower,0,4,15,19,38,0,0,11,45,56,0,4,26,64,94,6,60,66,160
12/13/2003,FOE,KS,ACE,CE,Federal Contract Tower,0,0,3,2,5,0,3,0,0,3,0,3,3,2,8,0,0,0,8
12/14/2003,FOE,KS,ACE,CE,Federal Contract Tower,0,1,4,1,6,0,0,3,0,3,0,1,7,1,9,0,0,0,9
12/15/2003,FOE,KS,ACE,CE,Federal Contract Tower,0,3,11,14,28,0,2,3,10,15,0,5,14,24,43,0,18,18,61
12/16/2003,FOE,KS,ACE,CE,Federal Contract Tower,0,4,18,25,47,0,6,10,41,57,0,10,28,66,104,16,104,120,224
12/17/2003,FOE,KS,ACE,CE,Federal Contract Tower,0,2,7,11,20,2,0,15,3,20,2,2,22,14,40,26,28,54,94
12/18/2003,FOE,KS,ACE,CE,Federal Contract Tower,0,2,17,23,42,1,0,3,23,27,1,2,20,46,69,32,84,116,185
12/19/2003,FOE,KS,ACE,CE,Federal Contract Tower,0,3,10,14,27,1,5,12,30,48,1,8,22,44,75,40,54,94,169
12/20/2003,FOE,KS,ACE,CE,Federal Contract Tower,0,1,7,10,18,4,0,38,3,45,4,1,45,13,63,21,18,39,102
12/21/2003,FOE,KS,ACE,CE,Federal Contract Tower,0,1,6,8,15,0,0,14,7,21,0,1,20,15,36,2,4,6,42
12/22/2003,FOE,KS,ACE,CE,Federal Contract Tower,0,1,6,14,21,0,0,0,24,24,0,1,6,38,45,0,0,0,45
12/23/2003,FOE,KS,ACE,CE,Federal Contract Tower,0,1,13,17,31,6,0,12,32,50,6,1,25,49,81,26,66,92,173
12/24/2003,FOE,KS,ACE,CE,Federal Contract Tower,0,0,2,0,2,0,0,25,0,25,0,0,27,0,27,8,0,8,35
12/25/2003,FOE,KS,ACE,CE,Federal Contract Tower,0,0,2,0,2,0,3,17,0,20,0,3,19,0,22,0,0,0,22
12/26/2003,FOE,KS,ACE,CE,Federal Contract Tower,0,1,3,0,4,0,3,11,0,14,0,4,14,0,18,2,0,2,20
12/27/2003,FOE,KS,ACE,CE,Federal Contract Tower,0,0,2,2,4,0,2,10,0,12,0,2,12,2,16,0,0,0,16
12/28/2003,FOE,KS,ACE,CE,Federal Contract Tower,0,0,2,0,2,0,0,23,0,23,0,0,25,0,25,2,0,2,27
12/29/2003,FOE,KS,ACE,CE,Federal Contract Tower,0,1,7,9,17,0,1,11,7,19,0,2,18,16,36,8,20,28,64
12/30/2003,FOE,KS,ACE,CE,Federal Contract Tower,0,1,8,10,19,0,2,4,18,24,0,3,12,28,43,0,10,10,53
12/31/2003,FOE,KS,ACE,CE,Federal Contract Tower,0,0,2,0,2,0,0,30,0,30,0,0,32,0,32,26,0,26,58
01/01/2004,FOE,KS,ACE,CE,Federal Contract Tower,1,0,0,1,2,1,0,14,1,16,2,0,14,2,18,22,0,22,40
01/02/2004,FOE,KS,ACE,CE,Federal Contract Tower,1,0,4,7,12,1,0,12,1,14,2,0,16,8,26,16,8,24,50
01/03/2004,FOE,KS,ACE,CE,Federal Contract Tower,0,0,3,2,5,0,0,16,0,16,0,0,19,2,21,22,2,24,45
01/04/2004,FOE,KS,ACE,CE,Federal Contract Tower,0,0,2,2,4,2,1,4,0,7,2,1,6,2,11,6,0,6,17
01/05/2004,FOE,KS,ACE,CE,Federal Contract Tower,0,0,3,0,3,2,0,14,0,16,2,0,17,0,19,0,0,0,19
01/06/2004,FOE,KS,ACE,CE,Federal Contract Tower,0,2,4,10,16,0,1,3,4,8,0,3,7,14,24,4,2,6,30
01/07/2004,FOE,KS,ACE,CE,Federal Contract Tower,0,0,4,9,13,0,0,19,0,19,0,0,23,9,32,4,0,4,36
01/08/2004,FOE,KS,ACE,CE,Federal Contract Tower,0,1,8,16,25,0,0,23,15,38,0,1,31,31,63,6,30,36,99
01/09/2004,FOE,KS,ACE,CE,Federal Contract Tower,0,0,8,16,24,0,0,8,25,33,0,0,16,41,57,12,56,68,125
01/10/2004,FOE,KS,ACE,CE,Federal Contract Tower,0,0,2,7,9,0,0,17,7,24,0,0,19,14,33,14,0,14,47
01/11/2004,FOE,KS,ACE,CE,Federal Contract Tower,0,2,6,13,21,2,0,28,9,39,2,2,34,22,60,18,54,72,132
01/12/2004,FOE,KS,ACE,CE,Federal Contract Tower,0,0,6,13,19,0,0,22,6,28,0,0,28,19,47,0,24,24,71
01/13/2004,FOE,KS,ACE,CE,Federal Contract Tower,0,2,9,17,28,0,0,16,16,32,0,2,25,33,60,2,44,46,106
01/14/2004,FOE,KS,ACE,CE,Federal Contract Tower,0,3,11,21,35,0,1,26,41,68,0,4,37,62,103,4,62,66,169
01/15/2004,FOE,KS,ACE,CE,Federal Contract Tower,0,0,15,27,42,0,0,7,45,52,0,0,22,72,94,28,88,116,210
01/16/2004,FOE,KS,ACE,CE,Federal Contract Tower,0,2,6,1,9,4,3,2,0,9,4,5,8,1,18,0,0,0,18
01/17/2004,FOE,KS,ACE,CE,Federal Contract Tower,0,1,3,6,10,2,0,1,1,4,2,1,4,7,14,0,0,0,14
01/18/2004,FOE,KS,ACE,CE,Federal Contract Tower,0,0,3,5,8,0,0,21,9,30,0,0,24,14,38,20,8,28,66
01/19/2004,FOE,KS,ACE,CE,Federal Contract Tower,0,0,4,7,11,0,0,15,3,18,0,0,19,10,29,22,16,38,67
01/20/2004,FOE,KS,ACE,CE,Federal Contract Tower,0,2,6,9,17,0,0,3,18,21,0,2,9,27,38,4,36,40,78
01/21/2004,FOE,KS,ACE,CE,Federal Contract Tower,0,1,10,17,28,0,0,17,30,47,0,1,27,47,75,8,88,96,171
01/22/2004,FOE,KS,ACE,CE,Federal Contract Tower,0,1,14,25,40,0,0,13,52,65,0,1,27,77,105,28,104,132,237
01/23/2004,FOE,KS,ACE,CE,Federal Contract Tower,0,2,11,19,32,0,0,24,22,46,0,2,35,41,78,10,36,46,124
01/24/2004,FOE,KS,ACE,CE,Federal Contract Tower,0,0,3,6,9,0,2,35,1,38,0,2,38,7,47,38,12,50,97
01/25/2004,FOE,KS,ACE,CE,Federal Contract Tower,0,0,0,0,0,0,0,3,0,3,0,0,3,0,3,0,0,0,3
01/26/2004,FOE,KS,ACE,CE,Federal Contract Tower,0,2,5,1,8,6,0,2,0,8,6,2,7,1,16,0,0,0,16
01/27/2004,FOE,KS,ACE,CE,Federal Contract Tower,0,2,5,8,15,0,3,2,30,35,0,5,7,38,50,0,100,100,150
01/28/2004,FOE,KS,ACE,CE,Federal Contract Tower,0,3,11,21,35,0,6,9,5,20,0,9,20,26,55,0,26,26,81
01/29/2004,FOE,KS,ACE,CE,Federal Contract Tower,0,2,6,10,18,0,2,4,4,10,0,4,10,14,28,0,0,0,28
01/30/2004,FOE,KS,ACE,CE,Federal Contract Tower,0,0,3,7,10,0,3,10,5,18,0,3,13,12,28,22,18,40,68
01/31/2004,FOE,KS,ACE,CE,Federal Contract Tower,0,1,5,7,13,0,0,6,11,17,0,1,11,18,30,4,32,36,66
02/01/2004,FOE,KS,ACE,CE,Federal Contract Tower,0,0,0,0,0,0,1,0,0,1,0,1,0,0,1,0,0,0,1
02/02/2004,FOE,KS,ACE,CE,Federal Contract Tower,0,2,6,2,10,0,2,16,0,18,0,4,22,2,28,10,0,10,38
02/03/2004,FOE,KS,ACE,CE,Federal Contract Tower,1,3,9,15,28,1,3,3,25,32,2,6,12,40,60,22,78,100,160
02/04/2004,FOE,KS,ACE,CE,Federal Contract Tower,1,0,4,8,13,1,0,5,8,14,2,0,9,16,27,0,26,26,53
02/05/2004,FOE,KS,ACE,CE,Federal Contract Tower,0,0,3,0,3,0,5,0,0,5,0,5,3,0,8,0,0,0,8
02/06/2004,FOE,KS,ACE,CE,Federal Contract Tower,0,3,6,10,19,0,1,8,3,12,0,4,14,13,31,0,16,16,47
02/07/2004,FOE,KS,ACE,CE,Federal Contract Tower,0,2,5,9,16,0,5,26,13,44,0,7,31,22,60,26,52,78,138
02/08/2004,FOE,KS,ACE,CE,Federal Contract Tower,0,2,5,8,15,0,0,12,2,14,0,2,17,10,29,14,10,24,53
02/09/2004,FOE,KS,ACE,CE,Federal Contract Tower,0,2,12,19,33,0,0,7,21,28,0,2,19,40,61,16,22,38,99
02/10/2004,FOE,KS,ACE,CE,Federal Contract Tower,0,4,13,20,37,0,0,22,27,49,0,4,35,47,86,14,76,90,176
02/11/2004,FOE,KS,ACE,CE,Federal Contract Tower,0,0,14,23,37,0,0,16,34,50,0,0,30,57,87,4,52,56,143
02/12/2004,FOE,KS,ACE,CE,Federal Contract Tower,0,0,11,20,31,0,0,4,33,37,0,0,15,53,68,4,48,52,120
02/13/2004,FOE,KS,ACE,CE,Federal Contract Tower,0,3,9,13,25,1,0,17,15,33,1,3,26,28,58,2,48,50,108
02/14/2004,FOE,KS,ACE,CE,Federal Contract Tower,0,0,2,3,5,0,0,48,6,54,0,0,50,9,59,36,8,44,103
02/15/2004,FOE,KS,ACE,CE,Federal Contract Tower,0,0,0,1,1,0,4,8,1,13,0,4,8,2,14,4,0,4,18
02/16/2004,FOE,KS,ACE,CE,Federal Contract Tower,0,0,3,1,4,0,0,12,0,12,0,0,15,1,16,8,0,8,24
02/17/2004,FOE,KS,ACE,CE,Federal Contract Tower,0,4,13,20,37,0,0,7,48,55,0,4,20,68,92,24,74,98,190
02/18/2004,FOE,KS,ACE,CE,Federal Contract Tower,0,4,13,20,37,0,1,39,30,70,0,5,52,50,107,22,48,70,177
02/19/2004,FOE,KS,ACE,CE,Federal Contract Tower,0,2,10,15,27,0,5,12,7,24,0,7,22,22,51,0,2,2,53
02/20/2004,FOE,KS,ACE,CE,Federal Contract Tower,0,0,11,18,29,0,0,13,22,35,0,0,24,40,64,0,22,22,86
02/21/2004,FOE,KS,ACE,CE,Federal Contract Tower,0,1,7,11,19,1,2,51,3,57,1,3,58,14,76,52,8,60,136
02/22/2004,FOE,KS,ACE,CE,Federal Contract Tower,0,1,8,12,21,0,2,12,3,17,0,3,20,15,38,8,0,8,46
02/23/2004,FOE,KS,ACE,CE,Federal Contract Tower,0,4,18,28,50,0,3,11,10,24,0,7,29,38,74,2,0,2,76
02/24/2004,FOE,KS,ACE,CE,Federal Contract Tower,0,0,19,30,49,0,0,1,50,51,0,0,20,80,100,2,22,24,124
02/25/2004,FOE,KS,ACE,CE,Federal Contract Tower,0,1,13,21,35,0,0,13,32,45,0,1,26,53,80,8,70,78,158
02/26/2004,FOE,KS,ACE,CE,Federal Contract Tower,0,1,13,20,34,1,0,11,22,34,1,1,24,42,68,6,28,34,102
02/27/2004,FOE,KS,ACE,CE,Federal Contract Tower,0,1,11,18,30,2,0,12,15,29,2,1,23,33,59,6,8,14,73
02/28/2004,FOE,KS,ACE,CE,Federal Contract Tower,0,0,4,4,8,2,3,23,0,28,2,3,27,4,36,4,0,4,40
02/29/2004,FOE,KS,ACE,CE,Federal Contract Tower,0,0,2,0,2,0,2,4,0,6,0,2,6,0,8,2,0,2,10
03/01/2004,FOE,KS,ACE,CE,Federal Contract Tower,1,2,11,23,37,0,2,11,25,38,1,4,22,48,75,16,36,52,127
03/02/2004,FOE,KS,ACE,CE,Federal Contract Tower,1,3,16,32,52,2,1,36,24,63,3,4,52,56,115,22,114,136,251
03/03/2004,FOE,KS,ACE,CE,Federal Contract Tower,0,1,6,15,22,0,1,0,21,22,0,2,6,36,44,0,2,2,46
03/04/2004,FOE,KS,ACE,CE,Federal Contract Tower,0,1,7,13,21,0,0,8,0,8,0,1,15,13,29,4,0,4,33
03/05/2004,FOE,KS,ACE,CE,Federal Contract Tower,0,0,8,16,24,0,0,11,10,21,0,0,19,26,45,0,36,36,81
03/06/2004,FOE,KS,ACE,CE,Federal Contract Tower,1,0,6,13,20,1,0,19,10,30,2,0,25,23,50,20,10,30,80
03/07/2004,FOE,KS,ACE,CE,Federal Contract Tower,0,0,5,10,15,0,5,3,20,28,0,5,8,30,43,6,32,38,81
03/08/2004,FOE,KS,ACE,CE,Federal Contract Tower,1,2,13,26,42,1,3,31,20,55,2,5,44,46,97,28,46,74,171
03/09/2004,FOE,KS,ACE,CE,Federal Contract Tower,0,2,14,27,43,0,2,14,40,56,0,4,28,67,99,8,64,72,171
03/10/2004,FOE,KS,ACE,CE,Federal Contract Tower,0,3,16,31,50,0,8,23,21,52,0,11,39,52,102,0,40,40,142
03/11/2004,FOE,KS,ACE,CE,Federal Contract Tower,1,2,16,32,51,3,0,9,36,48,4,2,25,68,99,12,148,160,259
03/12/2004,FOE,KS,ACE,CE,Federal Contract Tower,0,1,10,19,30,0,1,42,7,50,0,2,52,26,80,16,4,20,100
03/13/2004,FOE,KS,ACE,CE,Federal Contract Tower,1,0,3,6,10,3,0,3,4,10,4,0,6,10,20,4,8,12,32
03/14/2004,FOE,KS,ACE,CE,Federal Contract Tower,0,0,5,8,13,0,0,32,8,40,0,0,37,16,53,16,2,18,71
03/15/2004,FOE,KS,ACE,CE,Federal Contract Tower,0,0,14,24,38,0,0,19,18,37,0,0,33,42,75,18,6,24,99
03/16/2004,FOE,KS,ACE,CE,Federal Contract Tower,0,1,16,29,46,0,0,24,27,51,0,1,40,56,97,42,88,130,227
03/17/2004,FOE,KS,ACE,CE,Federal Contract Tower,0,2,14,24,40,0,1,22,31,54,0,3,36,55,94,46,92,138,232
03/18/2004,FOE,KS,ACE,CE,Federal Contract Tower,0,2,11,19,32,0,1,25,39,65,0,3,36,58,97,32,102,134,231
03/19/2004,FOE,KS,ACE,CE,Federal Contract Tower,0,1,11,19,31,1,0,15,21,37,1,1,26,40,68,28,48,76,144
03/20/2004,FOE,KS,ACE,CE,Federal Contract Tower,0,0,6,12,18,0,0,17,11,28,0,0,23,23,46,2,2,4,50
03/21/2004,FOE,KS,ACE,CE,Federal Contract Tower,0,2,6,10,18,0,1,16,11,28,0,3,22,21,46,4,16,20,66
03/22/2004,FOE,KS,ACE,CE,Federal Contract Tower,0,2,9,16,27,0,2,18,10,30,0,4,27,26,57,10,28,38,95
03/23/2004,FOE,KS,ACE,CE,Federal Contract Tower,0,3,13,24,40,0,1,16,23,40,0,4,29,47,80,0,40,40,120
03/24/2004,FOE,KS,ACE,CE,Federal Contract Tower,0,2,12,22,36,0,0,8,11,19,0,2,20,33,55,2,34,36,91
03/25/2004,FOE,KS,ACE,CE,Federal Contract Tower,0,0,10,17,27,0,0,8,24,32,0,0,18,41,59,2,42,44,103
03/26/2004,FOE,KS,ACE,CE,Federal Contract Tower,0,0,9,16,25,1,0,11,2,14,1,0,20,18,39,0,4,4,43
03/27/2004,FOE,KS,ACE,CE,Federal Contract Tower,0,1,5,6,12,0,0,10,0,10,0,1,15,6,22,0,0,0,22
03/28/2004,FOE,KS,ACE,CE,Federal Contract Tower,0,1,8,14,23,0,0,6,9,15,0,1,14,23,38,2,0,2,40
03/29/2004,FOE,KS,ACE,CE,Federal Contract Tower,0,0,5,5,10,0,0,21,0,21,0,0,26,5,31,8,0,8,39
03/30/2004,FOE,KS,ACE,CE,Federal Contract Tower,0,2,16,29,47,0,0,21,12,33,0,2,37,41,80,38,64,102,182
03/31/2004,FOE,KS,ACE,CE,Federal Contract Tower,0,2,18,32,52,0,0,31,17,48,0,2,49,49,100,36,54,90,190
04/01/2004,FOE,KS,ACE,CE,Federal Contract Tower,0,1,11,27,39,0,0,25,21,46,0,1,36,48,85,44,72,116,201
04/02/2004,FOE,KS,ACE,CE,Federal Contract Tower,0,2,11,25,38,0,0,16,15,31,0,2,27,40,69,30,55,85,154
04/03/2004,FOE,KS,ACE,CE,Federal Contract Tower,0,0,2,7,9,0,8,33,5,46,0,8,35,12,55,28,14,42,97
04/04/2004,FOE,KS,ACE,CE,Federal Contract Tower,0,0,1,5,6,0,1,34,18,53,0,1,35,23,59,16,20,36,95
04/05/2004,FOE,KS,ACE,CE,Federal Contract Tower,1,1,5,14,21,1,4,22,5,32,2,5,27,19,53,18,44,62,115
04/06/2004,FOE,KS,ACE,CE,Federal Contract Tower,0,2,17,39,58,0,0,32,39,71,0,2,49,78,129,18,114,132,261
04/07/2004,FOE,KS,ACE,CE,Federal Contract Tower,0,1,13,32,46,0,0,16,53,69,0,1,29,85,115,12,94,106,221
04/08/2004,FOE,KS,ACE,CE,Federal Contract Tower,0,2,10,24,36,0,1,21,24,46,0,3,31,48,82,22,94,116,198
04/09/2004,FOE,KS,ACE,CE,Federal Contract Tower,0,0,7,15,22,0,0,15,22,37,0,0,22,37,59,8,44,52,111
04/10/2004,FOE,KS,ACE,CE,Federal Contract Tower,0,0,3,6,9,0,0,17,3,20,0,0,20,9,29,6,20,26,55
04/11/2004,FOE,KS,ACE,CE,Federal Contract Tower,1,0,2,4,7,1,2,36,1,40,2,2,38,5,47,20,0,20,67
04/12/2004,FOE,KS,ACE,CE,Federal Contract Tower,0,2,16,35,53,2,0,5,41,48,2,2,21,76,101,0,55,55,156
04/13/2004,FOE,KS,ACE,CE,Federal Contract Tower,0,3,12,24,39,0,1,17,41,59,0,4,29,65,98,4,60,64,162
04/14/2004,FOE,KS,ACE,CE,Federal Contract Tower,0,2,11,24,37,0,0,26,28,54,0,2,37,52,91,42,94,136,227
04/15/2004,FOE,KS,ACE,CE,Federal Contract Tower,0,2,8,17,27,0,0,19,17,36,0,2,27,34,63,14,28,42,105
04/16/2004,FOE,KS,ACE,CE,Federal Contract Tower,0,3,9,19,31,2,3,23,17,45,2,6,32,36,76,18,88,106,182
04/17/2004,FOE,KS,ACE,CE,Federal Contract Tower,0,0,5,9,14,0,0,21,5,26,0,0,26,14,40,12,16,28,68
04/18/2004,FOE,KS,ACE,CE,Federal Contract Tower,0,1,4,5,10,0,4,2,0,6,0,5,6,5,16,0,0,0,16
04/19/2004,FOE,KS,ACE,CE,Federal Contract Tower,0,3,13,27,43,0,0,9,25,34,0,3,22,52,77,10,122,132,209
04/20/2004,FOE,KS,ACE,CE,Federal Contract Tower,0,3,10,22,35,0,5,4,16,25,0,8,14,38,60,0,24,24,84
04/21/2004,FOE,KS,ACE,CE,Federal Contract Tower,0,3,14,32,49,0,5,16,38,59,0,8,30,70,108,26,98,124,232
04/22/2004,FOE,KS,ACE,CE,Federal Contract Tower,0,0,18,40,58,0,0,11,38,49,0,0,29,78,107,6,24,30,137
04/23/2004,FOE,KS,ACE,CE,Federal Contract Tower,0,1,6,15,22,2,1,3,5,11,2,2,9,20,33,8,10,18,51
04/24/2004,FOE,KS,ACE,CE,Federal Contract Tower,0,0,1,1,2,1,0,6,0,7,1,0,7,1,9,8,0,8,17
04/25/2004,FOE,KS,ACE,CE,Federal Contract Tower,0,1,6,14,21,0,1,54,5,60,0,2,60,19,81,34,4,38,119
04/26/2004,FOE,KS,ACE,CE,Federal Contract Tower,0,0,8,18,26,0,0,18,12,30,0,0,26,30,56,8,44,52,108
04/27/2004,FOE,KS,ACE,CE,Federal Contract Tower,0,0,12,27,39,0,0,26,54,80,0,0,38,81,119,0,130,130,249
04/28/2004,FOE,KS,ACE,CE,Federal Contract Tower,0,2,8,18,28,0,2,11,11,24,0,4,19,29,52,12,48,60,112
04/29/2004,FOE,KS,ACE,CE,Federal Contract Tower,0,2,8,18,28,0,4,10,14,28,0,6,18,32,56,12,16,28,84
04/30/2004,FOE,KS,ACE,CE,Federal Contract Tower,0,0,4,8,12,0,6,7,2,15,0,6,11,10,27,9,11,20,47
05/01/2004,FOE,KS,ACE,CE,Federal Contract Tower,0,0,3,6,9,0,2,31,6,39,0,2,34,12,48,44,8,52,100
05/02/2004,FOE,KS,ACE,CE,Federal Contract Tower,0,1,6,15,22,0,0,12,24,36,0,1,18,39,58,42,26,68,126
05/03/2004,FOE,KS,ACE,CE,Federal Contract Tower,1,5,12,26,44,1,1,30,28,60,2,6,42,54,104,44,74,118,222
05/04/2004,FOE,KS,ACE,CE,Federal Contract Tower,1,3,8,16,28,1,1,19,8,29,2,4,27,24,57,22,52,74,131
05/05/2004,FOE,KS,ACE,CE,Federal Contract Tower,0,1,11,21,33,0,0,22,20,42,0,1,33,41,75,0,90,90,165
05/06/2004,FOE,KS,ACE,CE,Federal Contract Tower,0,1,14,22,37,0,0,11,47,58,0,1,25,69,95,24,112,136,231
05/07/2004,FOE,KS,ACE,CE,Federal Contract Tower,0,0,6,9,15,0,0,41,23,64,0,0,47,32,79,28,54,82,161
05/08/2004,FOE,KS,ACE,CE,Federal Contract Tower,0,0,0,0,0,0,0,53,0,53,0,0,53,0,53,24,0,24,77
05/09/2004,FOE,KS,ACE,CE,Federal Contract Tower,0,0,0,2,2,0,0,29,2,31,0,0,29,4,33,12,4,16,49
05/10/2004,FOE,KS,ACE,CE,Federal Contract Tower,0,2,5,7,14,0,0,7,4,11,0,2,12,11,25,4,24,28,53
05/11/2004,FOE,KS,ACE,CE,Federal Contract Tower,0,2,12,21,35,0,0,27,25,52,0,2,39,46,87,6,52,58,145
05/12/2004,FOE,KS,ACE,CE,Federal Contract Tower,0,0,8,13,21,0,0,2,7,9,0,0,10,20,30,0,4,4,34
05/13/2004,FOE,KS,ACE,CE,Federal Contract Tower,0,0,7,13,20,0,0,7,6,13,0,0,14,19,33,0,0,0,33
05/14/2004,FOE,KS,ACE,CE,Federal Contract Tower,0,4,12,19,35,0,12,39,20,71,0,16,51,39,106,44,20,64,170
05/15/2004,FOE,KS,ACE,CE,Federal Contract Tower,0,0,3,4,7,0,3,47,4,54,0,3,50,8,61,18,0,18,79
05/16/2004,FOE,KS,ACE,CE,Federal Contract Tower,0,3,10,12,25,0,5,21,0,26,0,8,31,12,51,0,2,2,53
05/17/2004,FOE,KS,ACE,CE,Federal Contract Tower,0,3,7,11,21,2,1,11,0,14,2,4,18,11,35,22,6,28,63
05/18/2004,FOE,KS,ACE,CE,Federal Contract Tower,0,4,10,18,32,0,0,10,8,18,0,4,20,26,50,0,0,0,50
05/19/2004,FOE,KS,ACE,CE,Federal Contract Tower,0,3,10,15,28,1,1,17,23,42,1,4,27,38,70,12,34,46,116
05/20/2004,FOE,KS,ACE,CE,Federal Contract Tower,0,3,10,17,30,0,1,17,22,40,0,4,27,39,70,2,86,88,158
05/21/2004,FOE,KS,ACE,CE,Federal Contract Tower,0,4,13,22,39,2,0,14,16,32,2,4,27,38,71,16,62,78,149
05/22/2004,FOE,KS,ACE,CE,Federal Contract Tower,0,0,3,0,3,0,0,17,0,17,0,0,20,0,20,32,0,32,52
05/23/2004,FOE,KS,ACE,CE,Federal Contract Tower,0,0,3,2,5,0,0,38,0,38,0,0,41,2,43,54,0,54,97
05/24/2004,FOE,KS,ACE,CE,Federal Contract Tower,0,1,8,14,23,0,0,13,30,43,0,1,21,44,66,8,12,20,86
05/25/2004,FOE,KS,ACE,CE,Federal Contract Tower,0,0,10,18,28,0,0,12,29,41,0,0,22,47,69,14,114,128,197
05/26/2004,FOE,KS,ACE,CE,Federal Contract Tower,0,2,17,30,49,0,0,3,30,33,0,2,20,60,82,6,162,168,250
05/27/2004,FOE,KS,ACE,CE,Federal Contract Tower,0,4,15,27,46,0,2,26,35,63,0,6,41,62,109,6,42,48,157
05/28/2004,FOE,KS,ACE,CE,Federal Contract Tower,0,1,7,8,16,0,6,35,0,41,0,7,42,8,57,20,0,20,77
05/29/2004,FOE,KS,ACE,CE,Federal Contract Tower,0,0,3,4,7,0,0,20,0,20,0,0,23,4,27,16,2,18,45
05/30/2004,FOE,KS,ACE,CE,Federal Contract Tower,0,1,7,4,12,1,3,33,0,37,1,4,40,4,49,30,2,32,81
05/31/2004,FOE,KS,ACE,CE,Federal Contract Tower,0,1,5,9,15,0,2,27,6,35,0,3,32,15,50,16,25,41,91
06/01/2004,FOE,KS,ACE,CE,Federal Contract Tower,0,0,10,33,43,0,0,17,43,60,0,0,27,76,103,22,114,136,239
06/02/2004,FOE,KS,ACE,CE,Federal Contract Tower,0,2,12,44,58,0,0,36,35,71,0,2,48,79,129,44,184,228,357
06/03/2004,FOE,KS,ACE,CE,Federal Contract Tower,0,3,19,62,84,0,3,22,14,39,0,6,41,76,123,10,124,134,257
06/04/2004,FOE,KS,ACE,CE,Federal Contract Tower,1,1,8,29,39,1,0,30,21,52,2,1,38,50,91,16,44,60,151
06/05/2004,FOE,KS,ACE,CE,Federal Contract Tower,0,0,3,11,14,0,1,20,8,29,0,1,23,19,43,12,16,28,71
06/06/2004,FOE,KS,ACE,CE,Federal Contract Tower,0,1,6,23,30,0,0,25,1,26,0,1,31,24,56,16,38,54,110
06/07/2004,FOE,KS,ACE,CE,Federal Contract Tower,0,2,16,53,71,0,1,15,22,38,0,3,31,75,109,6,8,14,123
06/08/2004,FOE,KS,ACE,CE,Federal Contract Tower,0,0,9,31,40,0,0,12,31,43,0,0,21,62,83,4,48,52,135
06/09/2004,FOE,KS,ACE,CE,Federal Contract Tower,0,0,9,31,40,0,0,11,9,20,0,0,20,40,60,0,0,0,60
06/10/2004,FOE,KS,ACE,CE,Federal Contract Tower,0,0,5,19,24,0,0,6,23,29,0,0,11,42,53,0,38,38,91
06/11/2004,FOE,KS,ACE,CE,Federal Contract Tower,0,1,6,22,29,0,1,20,18,39,0,2,26,40,68,0,24,24,92
06/12/2004,FOE,KS,ACE,CE,Federal Contract Tower,1,0,4,7,12,1,0,19,0,20,2,0,23,7,32,16,0,16,48
06/13/2004,FOE,KS,ACE,CE,Federal Contract Tower,0,1,3,8,12,0,0,30,0,30,0,1,33,8,42,30,4,34,76
06/14/2004,FOE,KS,ACE,CE,Federal Contract Tower,0,2,11,33,46,0,1,13,22,36,0,3,24,55,82,40,72,112,194
06/15/2004,FOE,KS,ACE,CE,Federal Contract Tower,0,1,6,21,28,0,0,16,13,29,0,1,22,34,57,24,68,92,149
06/16/2004,FOE,KS,ACE,CE,Federal Contract Tower,0,2,9,27,38,4,1,20,9,34,4,3,29,36,72,36,34,70,142
06/17/2004,FOE,KS,ACE,CE,Federal Contract Tower,0,2,6,21,29,4,0,24,27,55,4,2,30,48,84,34,58,92,176
06/18/2004,FOE,KS,ACE,CE,Federal Contract Tower,0,1,12,36,49,0,0,15,37,52,0,1,27,73,101,14,54,68,169
06/19/2004,FOE,KS,ACE,CE,Federal Contract Tower,0,2,6,20,28,0,0,24,22,46,0,2,30,42,74,16,72,88,162
06/20/2004,FOE,KS,ACE,CE,Federal Contract Tower,0,0,5,15,20,0,0,23,2,25,0,0,28,17,45,12,28,40,85
06/21/2004,FOE,KS,ACE,CE,Federal Contract Tower,0,2,8,25,35,0,0,24,21,45,0,2,32,46,80,14,42,56,136
06/22/2004,FOE,KS,ACE,CE,Federal Contract Tower,0,1,16,50,67,0,0,9,53,62,0,1,25,103,129,18,142,160,289
06/23/2004,FOE,KS,ACE,CE,Federal Contract Tower,0,1,9,26,36,0,0,27,21,48,0,1,36,47,84,32,50,82,166
06/24/2004,FOE,KS,ACE,CE,Federal Contract Tower,0,2,11,35,48,0,0,21,39,60,0,2,32,74,108,14,84,98,206
06/25/2004,FOE,KS,ACE,CE,Federal Contract Tower,0,1,12,36,49,0,0,30,32,62,0,1,42,68,111,6,60,66,177
06/26/2004,FOE,KS,ACE,CE,Federal Contract Tower,0,0,3,6,9,0,17,31,0,48,0,17,34,6,57,2,0,2,59
06/27/2004,FOE,KS,ACE,CE,Federal Contract Tower,0,0,2,3,5,0,0,4,0,4,0,0,6,3,9,0,0,0,9
06/28/2004,FOE,KS,ACE,CE,Federal Contract Tower,0,1,11,34,46,0,1,15,34,50,0,2,26,68,96,31,48,79,175
06/29/2004,FOE,KS,ACE,CE,Federal Contract Tower,0,1,11,33,45,0,1,19,15,35,0,2,30,48,80,24,127,151,231
06/30/2004,FOE,KS,ACE,CE,Federal Contract Tower,0,1,11,33,45,0,2,10,28,40,0,3,21,61,85,20,77,97,182
07/01/2004,FOE,KS,ACE,CE,Federal Contract Tower,0,1,8,15,24,0,3,13,11,27,0,4,21,26,51,8,26,34,85
07/02/2004,FOE,KS,ACE,CE,Federal Contract Tower,0,1,4,4,9,0,0,2,0,2,0,1,6,4,11,2,0,2,13
07/03/2004,FOE,KS,ACE,CE,Federal Contract Tower,0,0,1,2,3,0,0,23,15,38,0,0,24,17,41,10,26,36,77
07/04/2004,FOE,KS,ACE,CE,Federal Contract Tower,0,0,2,3,5,0,0,42,3,45,0,0,44,6,50,22,0,22,72
07/05/2004,FOE,KS,ACE,CE,Federal Contract Tower,0,1,2,0,3,0,1,42,0,43,0,2,44,0,46,36,0,36,82
07/06/2004,FOE,KS,ACE,CE,Federal Contract Tower,0,2,16,30,48,0,0,9,55,64,0,2,25,85,112,19,78,97,209
07/07/2004,FOE,KS,ACE,CE,Federal Contract Tower,0,0,9,19,28,0,0,55,12,67,0,0,64,31,95,22,22,44,139
07/08/2004,FOE,KS,ACE,CE,Federal Contract Tower,0,0,7,12,19,0,0,30,18,48,0,0,37,30,67,26,60,86,153
07/09/2004,FOE,KS,ACE,CE,Federal Contract Tower,0,1,9,17,27,0,0,19,26,45,0,1,28,43,72,20,52,72,144
07/10/2004,FOE,KS,ACE,CE,Federal Contract Tower,0,1,3,5,9,0,1,23,9,33,0,2,26,14,42,2,38,40,82
07/11/2004,FOE,KS,ACE,CE,Federal Contract Tower,0,0,11,22,33,0,0,25,42,67,0,0,36,64,100,20,100,120,220
07/12/2004,FOE,KS,ACE,CE,Federal Contract Tower,0,2,10,20,32,0,0,19,8,27,0,2,29,28,59,14,24,38,97
07/13/2004,FOE,KS,ACE,CE,Federal Contract Tower,0,0,9,17,26,0,0,45,18,63,0,0,54,35,89,58,94,152,241
07/14/2004,FOE,KS,ACE,CE,Federal Contract Tower,0,0,10,19,29,0,0,60,36,96,0,0,70,55,125,46,124,170,295
07/15/2004,FOE,KS,ACE,CE,Federal Contract Tower,0,1,13,25,39,0,1,59,33,93,0,2,72,58,132,93,164,257,389
07/16/2004,FOE,KS,ACE,CE,Federal Contract Tower,0,0,3,7,10,0,1,26,10,37,0,1,29,17,47,16,18,34,81
07/17/2004,FOE,KS,ACE,CE,Federal Contract Tower,0,0,2,6,8,0,0,53,1,54,0,0,55,7,62,20,6,26,88
07/18/2004,FOE,KS,ACE,CE,Federal Contract Tower,0,0,2,5,7,0,0,23,2,25,0,0,25,7,32,0,0,0,32
07/19/2004,FOE,KS,ACE,CE,Federal Contract Tower,0,0,11,23,34,0,0,19,25,44,0,0,30,48,78,22,54,76,154
07/20/2004,FOE,KS,ACE,CE,Federal Contract Tower,0,0,6,13,19,0,0,28,10,38,0,0,34,23,57,10,68,78,135
07/21/2004,FOE,KS,ACE,CE,Federal Contract Tower,0,1,7,17,25,0,2,53,3,58,0,3,60,20,83,80,118,198,281
07/22/2004,FOE,KS,ACE,CE,Federal Contract Tower,0,1,11,23,35,0,5,23,10,38,0,6,34,33,73,4,60,64,137
07/23/2004,FOE,KS,ACE,CE,Federal Contract Tower,0,1,8,18,27,0,0,6,9,15,0,1,14,27,42,2,4,6,48
07/24/2004,FOE,KS,ACE,CE,Federal Contract Tower,0,0,4,0,4,0,3,11,0,14,0,3,15,0,18,0,0,0,18
07/25/2004,FOE,KS,ACE,CE,Federal Contract Tower,0,0,5,10,15,0,0,34,1,35,0,0,39,11,50,10,18,28,78
07/26/2004,FOE,KS,ACE,CE,Federal Contract Tower,0,0,14,28,42,0,0,23,15,38,0,0,37,43,80,6,150,156,236
07/27/2004,FOE,KS,ACE,CE,Federal Contract Tower,0,0,15,30,45,0,0,8,19,27,0,0,23,49,72,6,44,50,122
07/28/2004,FOE,KS,ACE,CE,Federal Contract Tower,0,2,22,45,69,0,3,33,87,123,0,5,55,132,192,16,210,226,418
07/29/2004,FOE,KS,ACE,CE,Federal Contract Tower,0,1,15,30,46,0,1,43,40,84,0,2,58,70,130,42,115,157,287
07/30/2004,FOE,KS,ACE,CE,Federal Contract Tower,0,1,10,22,33,0,7,69,19,95,0,8,79,41,128,54,74,128,256
07/31/2004,FOE,KS,ACE,CE,Federal Contract Tower,0,0,10,22,32,0,0,68,23,91,0,0,78,45,123,40,132,172,295
08/01/2004,FOE,KS,ACE,CE,Federal Contract Tower,0,0,6,15,21,0,0,56,7,63,0,0,62,22,84,20,30,50,134
08/02/2004,FOE,KS,ACE,CE,Federal Contract Tower,1,1,11,30,43,0,0,11,14,25,1,1,22,44,68,0,48,48,116
08/03/2004,FOE,KS,ACE,CE,Federal Contract Tower,0,1,7,22,30,0,0,5,7,12,0,1,12,29,42,0,48,48,90
08/04/2004,FOE,KS,ACE,CE,Federal Contract Tower,0,0,10,25,35,0,0,14,30,44,0,0,24,55,79,0,20,20,99
08/05/2004,FOE,KS,ACE,CE,Federal Contract Tower,0,2,13,32,47,0,0,31,28,59,0,2,44,60,106,30,124,154,260
08/06/2004,FOE,KS,ACE,CE,Federal Contract Tower,0,0,9,22,31,0,0,36,1,37,0,0,45,23,68,26,108,134,202
08/07/2004,FOE,KS,ACE,CE,Federal Contract Tower,0,0,3,8,11,0,0,66,32,98,0,0,69,40,109,20,42,62,171
08/08/2004,FOE,KS,ACE,CE,Federal Contract Tower,1,1,10,23,35,1,1,18,1,21,2,2,28,24,56,0,2,2,58
08/09/2004,FOE,KS,ACE,CE,Federal Contract Tower,0,3,13,29,45,0,1,1,9,11,0,4,14,38,56,4,150,154,210
08/10/2004,FOE,KS,ACE,CE,Federal Contract Tower,0,0,10,21,31,0,0,21,13,34,0,0,31,34,65,0,36,36,101
08/11/2004,FOE,KS,ACE,CE,Federal Contract Tower,0,0,12,26,38,0,0,6,29,35,0,0,18,55,73,2,24,26,99
08/12/2004,FOE,KS,ACE,CE,Federal Contract Tower,0,0,10,23,33,0,0,33,40,73,0,0,43,63,106,10,158,168,274
08/13/2004,FOE,KS,ACE,CE,Federal Contract Tower,0,2,12,26,40,0,1,39,18,58,0,3,51,44,98,12,202,214,312
08/14/2004,FOE,KS,ACE,CE,Federal Contract Tower,0,0,6,11,17,0,0,34,9,43,0,0,40,20,60,4,132,136,196
08/15/2004,FOE,KS,ACE,CE,Federal Contract Tower,0,1,7,14,22,0,1,41,38,80,0,2,48,52,102,42,110,152,254
08/16/2004,FOE,KS,ACE,CE,Federal Contract Tower,0,0,10,21,31,0,0,36,6,42,0,0,46,27,73,36,34,70,143
08/17/2004,FOE,KS,ACE,CE,Federal Contract Tower,0,2,14,33,49,0,0,11,32,43,0,2,25,65,92,14,162,176,268
08/18/2004,FOE,KS,ACE,CE,Federal Contract Tower,0,0,8,19,27,2,0,9,21,32,2,0,17,40,59,2,74,76,135
08/19/2004,FOE,KS,ACE,CE,Federal Contract Tower,0,1,7,15,23,0,0,12,20,32,0,1,19,35,55,2,34,36,91
08/20/2004,FOE,KS,ACE,CE,Federal Contract Tower,0,3,16,37,56,0,0,35,15,50,0,3,51,52,106,18,132,150,256
08/21/2004,FOE,KS,ACE,CE,Federal Contract Tower,0,0,6,12,18,0,4,41,1,46,0,4,47,13,64,60,4,64,128
08/22/2004,FOE,KS,ACE,CE,Federal Contract Tower,0,0,7,15,22,0,0,22,14,36,0,0,29,29,58,48,14,62,120
08/23/2004,FOE,KS,ACE,CE,Federal Contract Tower,0,0,2,4,6,2,0,23,0,25,2,0,25,4,31,10,0,10,41
08/24/2004,FOE,KS,ACE,CE,Federal Contract Tower,0,0,7,14,21,0,2,12,0,14,0,2,19,14,35,2,36,38,73
08/25/2004,FOE,KS,ACE,CE,Federal Contract Tower,0,1,9,14,24,1,1,9,0,11,1,2,18,14,35,0,28,28,63
08/26/2004,FOE,KS,ACE,CE,Federal Contract Tower,0,1,14,32,47,0,5,15,3,23,0,6,29,35,70,2,56,58,128
08/27/2004,FOE,KS,ACE,CE,Federal Contract Tower,0,1,9,11,21,0,4,25,0,29,0,5,34,11,50,6,36,42,92
08/28/2004,FOE,KS,ACE,CE,Federal Contract Tower,0,0,0,2,2,0,0,11,6,17,0,0,11,8,19,2,0,2,21
08/29/2004,FOE,KS,ACE,CE,Federal Contract Tower,0,0,6,14,20,0,0,52,1,53,0,0,58,15,73,66,26,92,165
08/30/2004,FOE,KS,ACE,CE,Federal Contract Tower,0,0,7,18,25,0,0,45,18,63,0,0,52,36,88,6,66,72,160
08/31/2004,FOE,KS,ACE,CE,Federal Contract Tower,0,1,7,18,26,0,1,41,18,60,0,2,48,36,86,10,106,116,202
09/01/2004,FOE,KS,ACE,CE,Federal Contract Tower,0,2,19,33,54,0,0,26,18,44,0,2,45,51,98,8,56,64,162
09/02/2004,FOE,KS,ACE,CE,Federal Contract Tower,0,2,9,18,29,0,3,31,7,41,0,5,40,25,70,6,24,30,100
09/03/2004,FOE,KS,ACE,CE,Federal Contract Tower,0,2,9,17,28,0,3,39,23,65,0,5,48,40,93,10,114,124,217
09/04/2004,FOE,KS,ACE,CE,Federal Contract Tower,0,0,0,3,3,0,0,43,2,45,0,0,43,5,48,12,4,16,64
09/05/2004,FOE,KS,ACE,CE,Federal Contract Tower,0,0,2,1,3,0,3,13,0,16,0,3,15,1,19,6,4,10,29
09/06/2004,FOE,KS,ACE,CE,Federal Contract Tower,0,0,2,5,7,0,1,44,0,45,0,1,46,5,52,28,0,28,80
09/07/2004,FOE,KS,ACE,CE,Federal Contract Tower,0,2,13,24,39,0,0,7,27,34,0,2,20,51,73,6,54,60,133
09/08/2004,FOE,KS,ACE,CE,Federal Contract Tower,0,3,13,23,39,0,3,17,23,43,0,6,30,46,82,4,8,12,94
09/09/2004,FOE,KS,ACE,CE,Federal Contract Tower,0,4,16,28,48,0,1,13,16,30,0,5,29,44,78,8,40,48,126
09/10/2004,FOE,KS,ACE,CE,Federal Contract Tower,0,3,16,26,45,0,0,34,6,40,0,3,50,32,85,14,78,92,177
09/11/2004,FOE,KS,ACE,CE,Federal Contract Tower,1,1,6,9,17,1,8,42,26,77,2,9,48,35,94,66,44,110,204
09/12/2004,FOE,KS,ACE,CE,Federal Contract Tower,1,2,8,13,24,1,1,58,31,91,2,3,66,44,115,70,70,140,255
09/13/2004,FOE,KS,ACE,CE,Federal Contract Tower,0,0,10,17,27,0,0,26,31,57,0,0,36,48,84,12,26,38,122
09/14/2004,FOE,KS,ACE,CE,Federal Contract Tower,2,3,13,22,40,2,1,30,15,48,4,4,43,37,88,14,70,84,172
09/15/2004,FOE,KS,ACE,CE,Federal Contract Tower,0,2,15,23,40,0,0,25,34,59,0,2,40,57,99,26,62,88,187
09/16/2004,FOE,KS,ACE,CE,Federal Contract Tower,0,4,16,26,46,0,0,21,17,38,0,4,37,43,84,8,36,44,128
09/17/2004,FOE,KS,ACE,CE,Federal Contract Tower,2,5,18,29,54,0,0,23,13,36,2,5,41,42,90,2,28,30,120
09/18/2004,FOE,KS,ACE,CE,Federal Contract Tower,1,3,10,13,27,1,1,13,0,15,2,4,23,13,42,2,14,16,58
09/19/2004,FOE,KS,ACE,CE,Federal Contract Tower,0,0,6,9,15,2,0,19,5,26,2,0,25,14,41,14,4,18,59
09/20/2004,FOE,KS,ACE,CE,Federal Contract Tower,0,0,11,17,28,0,0,29,10,39,0,0,40,27,67,6,42,48,115
09/21/2004,FOE,KS,ACE,CE,Federal Contract Tower,1,2,14,23,40,3,0,15,23,41,4,2,29,46,81,0,66,66,147
09/22/2004,FOE,KS,ACE,CE,Federal Contract Tower,0,3,10,17,30,0,0,27,19,46,0,3,37,36,76,0,80,80,156
09/23/2004,FOE,KS,ACE,CE,Federal Contract Tower,0,1,8,12,21,8,0,12,31,51,8,1,20,43,72,0,54,54,126
09/24/2004,FOE,KS,ACE,CE,Federal Contract Tower,0,4,16,26,46,0,0,14,14,28,0,4,30,40,74,10,54,64,138
09/25/2004,FOE,KS,ACE,CE,Federal Contract Tower,0,1,1,2,4,2,0,32,4,38,2,1,33,6,42,28,0,28,70
09/26/2004,FOE,KS,ACE,CE,Federal Contract Tower,0,2,7,10,19,5,4,47,14,70,5,6,54,24,89,44,8,52,141
09/27/2004,FOE,KS,ACE,CE,Federal Contract Tower,0,1,7,12,20,0,0,29,6,35,0,1,36,18,55,54,14,68,123
09/28/2004,FOE,KS,ACE,CE,Federal Contract Tower,0,1,8,13,22,1,2,45,27,75,1,3,53,40,97,28,78,106,203
09/29/2004,FOE,KS,ACE,CE,Federal Contract Tower,0,1,6,10,17,0,0,17,15,32,0,1,23,25,49,34,26,60,109
09/30/2004,FOE,KS,ACE,CE,Federal Contract Tower,0,0,10,18,28,0,0,61,8,69,0,0,71,26,97,46,62,108,205
10/01/2004,FOE,KS,ACE,CE,Federal Contract Tower,2,0,18,10,30,0,0,6,6,12,2,0,24,16,42,0,0,0,42
10/02/2004,FOE,KS,ACE,CE,Federal Contract Tower,2,0,10,4,16,0,0,29,10,39,2,0,39,14,55,12,30,42,97
10/03/2004,FOE,KS,ACE,CE,Federal Contract Tower,0,3,4,13,20,0,0,18,5,23,0,3,22,18,43,22,32,54,97
10/04/2004,FOE,KS,ACE,CE,Federal Contract Tower,0,2,10,14,26,0,0,23,16,39,0,2,33,30,65,14,12,26,91
10/05/2004,FOE,KS,ACE,CE,Federal Contract Tower,0,2,13,34,49,0,4,41,34,79,0,6,54,68,128,26,82,108,236
10/06/2004,FOE,KS,ACE,CE,Federal Contract Tower,0,2,7,14,23,0,0,40,44,84,0,2,47,58,107,16,92,108,215
10/07/2004,FOE,KS,ACE,CE,Federal Contract Tower,0,2,11,2,15,0,0,4,7,11,0,2,15,9,26,0,24,24,50
10/08/2004,FOE,KS,ACE,CE,Federal Contract Tower,0,0,7,27,34,0,1,19,11,31,0,1,26,38,65,12,10,22,87
10/09/2004,FOE,KS,ACE,CE,Federal Contract Tower,0,3,1,16,20,0,0,30,10,40,0,3,31,26,60,10,6,16,76
10/10/2004,FOE,KS,ACE,CE,Federal Contract Tower,2,1,11,8,22,0,0,22,8,30,2,1,33,16,52,6,6,12,64
10/11/2004,FOE,KS,ACE,CE,Federal Contract Tower,0,5,11,3,19,0,0,7,0,7,0,5,18,3,26,2,0,2,28
10/12/2004,FOE,KS,ACE,CE,Federal Contract Tower,2,2,14,37,55,0,0,12,39,51,2,2,26,76,106,14,48,62,168
10/13/2004,FOE,KS,ACE,CE,Federal Contract Tower,0,1,22,36,59,0,1,27,28,56,0,2,49,64,115,22,136,158,273
10/14/2004,FOE,KS,ACE,CE,Federal Contract Tower,0,1,15,32,48,0,0,15,34,49,0,1,30,66,97,14,174,188,285
10/15/2004,FOE,KS,ACE,CE,Federal Contract Tower,0,0,12,38,50,0,0,38,39,77,0,0,50,77,127,26,104,130,257
10/16/2004,FOE,KS,ACE,CE,Federal Contract Tower,2,0,4,13,19,0,0,30,8,38,2,0,34,21,57,6,12,18,75
10/17/2004,FOE,KS,ACE,CE,Federal Contract Tower,0,0,4,3,7,0,0,26,3,29,0,0,30,6,36,28,10,38,74
10/18/2004,FOE,KS,ACE,CE,Federal Contract Tower,2,1,19,18,40,0,2,13,4,19,2,3,32,22,59,0,0,0,59
10/19/2004,FOE,KS,ACE,CE,Federal Contract Tower,0,2,15,22,39,0,0,2,5,7,0,2,17,27,46,10,6,16,62
10/20/2004,FOE,KS,ACE,CE,Federal Contract Tower,0,3,6,29,38,0,0,0,10,10,0,3,6,39,48,0,2,2,50
10/21/2004,FOE,KS,ACE,CE,Federal Contract Tower,0,1,6,6,13,0,0,0,1,1,0,1,6,7,14,0,0,0,14
10/22/2004,FOE,KS,ACE,CE,Federal Contract Tower,2,2,15,15,34,0,0,3,15,18,2,2,18,30,52,0,35,35,87
10/23/2004,FOE,KS,ACE,CE,Federal Contract Tower,2,3,8,3,16,0,1,31,2,34,2,4,39,5,50,10,14,24,74
10/24/2004,FOE,KS,ACE,CE,Federal Contract Tower,0,1,6,7,14,0,0,32,2,34,0,1,38,9,48,14,10,24,72
10/25/2004,FOE,KS,ACE,CE,Federal Contract Tower,0,0,11,42,53,0,0,20,32,52,0,0,31,74,105,0,66,66,171
10/26/2004,FOE,KS,ACE,CE,Federal Contract Tower,0,5,16,13,34,0,0,20,17,37,0,5,36,30,71,4,30,34,105
10/27/2004,FOE,KS,ACE,CE,Federal Contract Tower,4,2,15,18,39,0,0,1,3,4,4,2,16,21,43,0,0,0,43
10/28/2004,FOE,KS,ACE,CE,Federal Contract Tower,0,2,15,13,30,0,0,23,18,41,0,2,38,31,71,16,16,32,103
10/29/2004,FOE,KS,ACE,CE,Federal Contract Tower,2,5,13,12,32,0,1,12,21,34,2,6,25,33,66,20,26,46,112
10/30/2004,FOE,KS,ACE,CE,Federal Contract Tower,2,3,9,6,20,0,0,11,0,11,2,3,20,6,31,10,0,10,41
10/31/2004,FOE,KS,ACE,CE,Federal Contract Tower,0,0,11,13,24,0,1,21,0,22,0,1,32,13,46,6,0,6,52
11/01/2004,FOE,KS,ACE,CE,Federal Contract Tower,0,3,10,21,34,0,0,3,5,8,0,3,13,26,42,0,0,0,42
11/02/2004,FOE,KS,ACE,CE,Federal Contract Tower,0,1,21,19,41,0,0,21,20,41,0,1,42,39,82,4,96,100,182
11/03/2004,FOE,KS,ACE,CE,Federal Contract Tower,0,3,11,35,49,0,0,15,33,48,0,3,26,68,97,14,80,94,191
11/04/2004,FOE,KS,ACE,CE,Federal Contract Tower,2,5,14,16,37,0,0,27,15,42,2,5,41,31,79,10,50,60,139
11/05/2004,FOE,KS,ACE,CE,Federal Contract Tower,2,3,5,26,36,0,0,31,15,46,2,3,36,41,82,12,52,64,146
11/06/2004,FOE,KS,ACE,CE,Federal Contract Tower,2,0,4,9,15,0,0,43,27,70,2,0,47,36,85,30,44,74,159
11/07/2004,FOE,KS,ACE,CE,Federal Contract Tower,0,5,6,4,15,0,1,33,0,34,0,6,39,4,49,4,4,8,57
11/08/2004,FOE,KS,ACE,CE,Federal Contract Tower,0,5,10,14,29,0,0,30,25,55,0,5,40,39,84,4,44,48,132
11/09/2004,FOE,KS,ACE,CE,Federal Contract Tower,0,4,15,15,34,0,0,36,22,58,0,4,51,37,92,20,40,60,152
11/10/2004,FOE,KS,ACE,CE,Federal Contract Tower,0,2,12,23,37,0,0,9,18,27,0,2,21,41,64,0,46,46,110
11/11/2004,FOE,KS,ACE,CE,Federal Contract Tower,0,3,17,8,28,0,0,39,19,58,0,3,56,27,86,14,20,34,120
11/12/2004,FOE,KS,ACE,CE,Federal Contract Tower,0,2,11,1,14,0,0,40,0,40,0,2,51,1,54,30,0,30,84
11/13/2004,FOE,KS,ACE,CE,Federal Contract Tower,0,0,6,4,10,0,0,39,9,48,0,0,45,13,58,24,8,32,90
11/14/2004,FOE,KS,ACE,CE,Federal Contract Tower,1,0,7,6,14,0,0,44,2,46,1,0,51,8,60,32,0,32,92
11/15/2004,FOE,KS,ACE,CE,Federal Contract Tower,0,5,10,9,24,0,1,9,9,19,0,6,19,18,43,4,30,34,77
11/16/2004,FOE,KS,ACE,CE,Federal Contract Tower,1,5,11,22,39,0,0,3,17,20,1,5,14,39,59,2,0,2,61
11/17/2004,FOE,KS,ACE,CE,Federal Contract Tower,0,3,5,17,25,0,0,20,38,58,0,3,25,55,83,8,30,38,121
11/18/2004,FOE,KS,ACE,CE,Federal Contract Tower,0,1,17,20,38,0,0,0,10,10,0,1,17,30,48,0,0,0,48
11/19/2004,FOE,KS,ACE,CE,Federal Contract Tower,0,3,13,31,47,0,2,5,28,35,0,5,18,59,82,2,66,68,150
11/20/2004,FOE,KS,ACE,CE,Federal Contract Tower,0,1,7,4,12,0,0,36,13,49,0,1,43,17,61,16,32,48,109
11/21/2004,FOE,KS,ACE,CE,Federal Contract Tower,2,0,11,11,24,0,0,21,9,30,2,0,32,20,54,12,42,54,108
11/22/2004,FOE,KS,ACE,CE,Federal Contract Tower,0,2,11,41,54,0,0,3,29,32,0,2,14,70,86,0,10,10,96
11/23/2004,FOE,KS,ACE,CE,Federal Contract Tower,0,0,13,20,33,0,0,1,10,11,0,0,14,30,44,0,2,2,46
11/24/2004,FOE,KS,ACE,CE,Federal Contract Tower,2,0,2,8,12,0,0,9,6,15,2,0,11,14,27,8,0,8,35
11/25/2004,FOE,KS,ACE,CE,Federal Contract Tower,0,0,3,0,3,0,0,24,0,24,0,0,27,0,27,12,0,12,39
11/26/2004,FOE,KS,ACE,CE,Federal Contract Tower,6,2,5,0,13,0,0,15,0,15,6,2,20,0,28,8,0,8,36
11/27/2004,FOE,KS,ACE,CE,Federal Contract Tower,0,0,4,3,7,0,0,9,0,9,0,0,13,3,16,0,0,0,16
11/28/2004,FOE,KS,ACE,CE,Federal Contract Tower,0,0,4,0,4,0,0,7,0,7,0,0,11,0,11,0,0,0,11
11/29/2004,FOE,KS,ACE,CE,Federal Contract Tower,0,3,9,11,23,0,0,10,9,19,0,3,19,20,42,0,0,0,42
11/30/2004,FOE,KS,ACE,CE,Federal Contract Tower,2,2,9,9,22,0,0,11,2,13,2,2,20,11,35,0,2,2,37
12/01/2004,FOE,KS,ACE,CE,Federal Contract Tower,0,2,8,42,52,0,1,18,43,62,0,3,26,85,114,10,102,112,226
12/02/2004,FOE,KS,ACE,CE,Federal Contract Tower,0,5,7,32,44,0,0,66,58,124,0,5,73,90,168,28,182,210,378
12/03/2004,FOE,KS,ACE,CE,Federal Contract Tower,3,0,8,29,40,1,0,49,49,99,4,0,57,78,139,36,166,202,341
12/04/2004,FOE,KS,ACE,CE,Federal Contract Tower,0,0,4,6,10,0,0,99,58,157,0,0,103,64,167,80,100,180,347
12/05/2004,FOE,KS,ACE,CE,Federal Contract Tower,0,0,4,2,6,0,0,0,0,0,0,0,4,2,6,0,0,0,6
12/06/2004,FOE,KS,ACE,CE,Federal Contract Tower,2,6,8,34,50,0,0,0,23,23,2,6,8,57,73,0,0,0,73
12/07/2004,FOE,KS,ACE,CE,Federal Contract Tower,0,10,11,12,33,0,0,9,10,19,0,10,20,22,52,0,76,76,128
12/08/2004,FOE,KS,ACE,CE,Federal Contract Tower,0,2,10,17,29,0,0,21,49,70,0,2,31,66,99,14,190,204,303
12/09/2004,FOE,KS,ACE,CE,Federal Contract Tower,0,2,18,19,39,0,0,30,39,69,0,2,48,58,108,24,90,114,222
12/10/2004,FOE,KS,ACE,CE,Federal Contract Tower,0,3,4,22,29,0,0,10,19,29,0,3,14,41,58,0,22,22,80
12/11/2004,FOE,KS,ACE,CE,Federal Contract Tower,1,0,0,10,11,0,1,8,2,11,1,1,8,12,22,0,46,46,68
12/12/2004,FOE,KS,ACE,CE,Federal Contract Tower,0,2,5,2,9,0,0,15,0,15,0,2,20,2,24,2,0,2,26
12/13/2004,FOE,KS,ACE,CE,Federal Contract Tower,0,3,7,32,42,0,0,6,31,37,0,3,13,63,79,6,112,118,197
12/14/2004,FOE,KS,ACE,CE,Federal Contract Tower,0,6,10,29,45,0,0,18,37,55,0,6,28,66,100,2,68,70,170
12/15/2004,FOE,KS,ACE,CE,Federal Contract Tower,0,5,13,24,42,0,0,42,53,95,0,5,55,77,137,32,130,162,299
12/16/2004,FOE,KS,ACE,CE,Federal Contract Tower,0,3,10,20,33,0,0,39,67,106,0,3,49,87,139,30,154,184,323
12/17/2004,FOE,KS,ACE,CE,Federal Contract Tower,0,6,14,11,31,0,0,32,25,57,0,6,46,36,88,12,52,64,152
12/18/2004,FOE,KS,ACE,CE,Federal Contract Tower,0,3,1,2,6,0,0,31,0,31,0,3,32,2,37,40,0,40,77
12/19/2004,FOE,KS,ACE,CE,Federal Contract Tower,0,2,1,3,6,0,0,11,0,11,0,2,12,3,17,4,0,4,21
12/20/2004,FOE,KS,ACE,CE,Federal Contract Tower,2,0,0,32,34,0,0,17,26,43,2,0,17,58,77,6,26,32,109
12/21/2004,FOE,KS,ACE,CE,Federal Contract Tower,0,8,9,28,45,0,0,16,27,43,0,8,25,55,88,6,142,148,236
12/22/2004,FOE,KS,ACE,CE,Federal Contract Tower,0,4,5,35,44,0,0,20,40,60,0,4,25,75,104,0,96,96,200
12/23/2004,FOE,KS,ACE,CE,Federal Contract Tower,0,1,11,4,16,0,0,32,5,37,0,1,43,9,53,0,0,0,53
12/24/2004,FOE,KS,ACE,CE,Federal Contract Tower,0,1,2,2,5,0,0,18,0,18,0,1,20,2,23,4,0,4,27
12/25/2004,FOE,KS,ACE,CE,Federal Contract Tower,0,0,0,0,0,0,0,11,0,11,0,0,11,0,11,4,0,4,15
12/26/2004,FOE,KS,ACE,CE,Federal Contract Tower,2,1,6,0,9,0,1,21,0,22,2,2,27,0,31,2,0,2,33
12/27/2004,FOE,KS,ACE,CE,Federal Contract Tower,0,2,2,6,10,0,0,15,6,21,0,2,17,12,31,2,32,34,65
12/28/2004,FOE,KS,ACE,CE,Federal Contract Tower,0,0,10,10,20,0,0,14,25,39,0,0,24,35,59,0,22,22,81
12/29/2004,FOE,KS,ACE,CE,Federal Contract Tower,0,6,2,12,20,0,0,14,27,41,0,6,16,39,61,4,62,66,127
12/30/2004,FOE,KS,ACE,CE,Federal Contract Tower,0,0,7,3,10,0,0,7,2,9,0,0,14,5,19,0,0,0,19
12/31/2004,FOE,KS,ACE,CE,Federal Contract Tower,0,0,2,2,4,0,0,38,0,38,0,0,40,2,42,48,0,48,90
01/01/2005,FOE,KS,ACE,CE,Federal Contract Tower,0,2,2,0,4,0,0,2,0,2,0,2,4,0,6,0,0,0,6
01/02/2005,FOE,KS,ACE,CE,Federal Contract Tower,0,0,8,2,10,0,0,0,0,0,0,0,8,2,10,0,0,0,10
01/03/2005,FOE,KS,ACE,CE,Federal Contract Tower,0,0,4,7,11,0,0,0,2,2,0,0,4,9,13,0,0,0,13
01/04/2005,FOE,KS,ACE,CE,Federal Contract Tower,3,2,5,0,10,0,0,0,0,0,3,2,5,0,10,0,0,0,10
01/05/2005,FOE,KS,ACE,CE,Federal Contract Tower,0,5,2,0,7,0,0,0,0,0,0,5,2,0,7,0,0,0,7
01/06/2005,FOE,KS,ACE,CE,Federal Contract Tower,0,2,7,4,13,0,0,5,11,16,0,2,12,15,29,0,16,16,45
01/07/2005,FOE,KS,ACE,CE,Federal Contract Tower,0,1,8,15,24,0,0,2,21,23,0,1,10,36,47,2,12,14,61
01/08/2005,FOE,KS,ACE,CE,Federal Contract Tower,2,0,11,10,23,0,0,10,11,21,2,0,21,21,44,0,0,0,44
01/09/2005,FOE,KS,ACE,CE,Federal Contract Tower,1,0,7,13,21,0,0,7,4,11,1,0,14,17,32,0,8,8,40
01/10/2005,FOE,KS,ACE,CE,Federal Contract Tower,0,2,6,0,8,0,0,0,0,0,0,2,6,0,8,0,0,0,8
01/11/2005,FOE,KS,ACE,CE,Federal Contract Tower,2,0,9,0,11,0,0,0,0,0,2,0,9,0,11,0,0,0,11
01/12/2005,FOE,KS,ACE,CE,Federal Contract Tower,0,1,2,0,3,0,1,0,0,1,0,2,2,0,4,0,0,0,4
01/13/2005,FOE,KS,ACE,CE,Federal Contract Tower,0,6,8,15,29,0,1,40,7,48,0,7,48,22,77,6,44,50,127
01/14/2005,FOE,KS,ACE,CE,Federal Contract Tower,2,5,3,5,15,0,0,9,0,9,2,5,12,5,24,0,0,0,24
01/15/2005,FOE,KS,ACE,CE,Federal Contract Tower,2,1,4,3,10,0,0,8,0,8,2,1,12,3,18,4,0,4,22
01/16/2005,FOE,KS,ACE,CE,Federal Contract Tower,0,4,4,4,12,0,0,19,4,23,0,4,23,8,35,4,2,6,41
01/17/2005,FOE,KS,ACE,CE,Federal Contract Tower,0,3,3,2,8,0,1,12,0,13,0,4,15,2,21,0,0,0,21
01/18/2005,FOE,KS,ACE,CE,Federal Contract Tower,4,2,10,22,38,0,2,17,28,47,4,4,27,50,85,0,100,100,185
01/19/2005,FOE,KS,ACE,CE,Federal Contract Tower,1,5,8,26,40,0,0,59,95,154,1,5,67,121,194,22,232,254,448
01/20/2005,FOE,KS,ACE,CE,Federal Contract Tower,1,5,7,27,40,0,0,64,40,104,1,5,71,67,144,24,116,140,284
01/21/2005,FOE,KS,ACE,CE,Federal Contract Tower,2,3,3,2,10,0,0,0,0,0,2,3,3,2,10,0,0,0,10
01/22/2005,FOE,KS,ACE,CE,Federal Contract Tower,2,0,2,1,5,0,0,1,1,2,2,0,3,2,7,10,0,10,17
01/23/2005,FOE,KS,ACE,CE,Federal Contract Tower,2,2,2,0,6,0,1,17,0,18,2,3,19,0,24,2,0,2,26
01/24/2005,FOE,KS,ACE,CE,Federal Contract Tower,2,4,3,19,28,0,0,14,20,34,2,4,17,39,62,6,60,66,128
01/25/2005,FOE,KS,ACE,CE,Federal Contract Tower,2,3,5,23,33,0,1,26,29,56,2,4,31,52,89,24,106,130,219
01/26/2005,FOE,KS,ACE,CE,Federal Contract Tower,0,6,7,21,34,0,0,38,45,83,0,6,45,66,117,20,136,156,273
01/27/2005,FOE,KS,ACE,CE,Federal Contract Tower,0,1,6,12,19,0,0,14,53,67,0,1,20,65,86,8,84,92,178
01/28/2005,FOE,KS,ACE,CE,Federal Contract Tower,0,7,8,8,23,0,4,10,28,42,0,11,18,36,65,8,48,56,121
01/29/2005,FOE,KS,ACE,CE,Federal Contract Tower,0,0,4,0,4,0,0,4,0,4,0,0,8,0,8,0,0,0,8
01/30/2005,FOE,KS,ACE,CE,Federal Contract Tower,0,0,2,1,3,0,0,0,0,0,0,0,2,1,3,0,0,0,3
01/31/2005,FOE,KS,ACE,CE,Federal Contract Tower,2,4,3,3,12,0,0,1,0,1,2,4,4,3,13,0,0,0,13
02/01/2005,FOE,KS,ACE,CE,Federal Contract Tower,8,3,8,50,69,0,1,7,48,56,8,4,15,98,125,0,94,94,219
02/02/2005,FOE,KS,ACE,CE,Federal Contract Tower,15,2,8,20,45,0,0,28,4,32,15,2,36,24,77,6,38,44,121
02/03/2005,FOE,KS,ACE,CE,Federal Contract Tower,0,3,8,20,31,0,0,29,19,48,0,3,37,39,79,16,56,72,151
02/04/2005,FOE,KS,ACE,CE,Federal Contract Tower,0,0,8,14,22,0,0,33,18,51,0,0,41,32,73,14,56,70,143
02/05/2005,FOE,KS,ACE,CE,Federal Contract Tower,0,2,3,27,32,0,0,19,22,41,0,2,22,49,73,10,108,118,191
02/06/2005,FOE,KS,ACE,CE,Federal Contract Tower,2,0,3,6,11,0,0,1,1,2,2,0,4,7,13,0,0,0,13
02/07/2005,FOE,KS,ACE,CE,Federal Contract Tower,0,1,6,9,16,0,0,2,1,3,0,1,8,10,19,0,0,0,19
02/08/2005,FOE,KS,ACE,CE,Federal Contract Tower,0,4,3,2,9,0,0,3,0,3,0,4,6,2,12,0,0,0,12
02/09/2005,FOE,KS,ACE,CE,Federal Contract Tower,0,6,12,23,41,0,0,35,23,58,0,6,47,46,99,20,52,72,171
02/10/2005,FOE,KS,ACE,CE,Federal Contract Tower,0,0,3,21,24,0,0,25,20,45,0,0,28,41,69,12,74,86,155
02/11/2005,FOE,KS,ACE,CE,Federal Contract Tower,0,5,4,14,23,0,0,32,22,54,0,5,36,36,77,8,78,86,163
02/12/2005,FOE,KS,ACE,CE,Federal Contract Tower,0,1,4,7,12,0,0,23,7,30,0,1,27,14,42,0,2,2,44
02/13/2005,FOE,KS,ACE,CE,Federal Contract Tower,2,1,6,4,13,0,0,2,0,2,2,1,8,4,15,0,0,0,15
02/14/2005,FOE,KS,ACE,CE,Federal Contract Tower,2,0,6,19,27,0,0,14,10,24,2,0,20,29,51,0,82,82,133
02/15/2005,FOE,KS,ACE,CE,Federal Contract Tower,2,5,5,36,48,0,0,13,34,47,2,5,18,70,95,2,74,76,171
02/16/2005,FOE,KS,ACE,CE,Federal Contract Tower,0,3,6,33,42,0,0,32,45,77,0,3,38,78,119,44,178,222,341
02/17/2005,FOE,KS,ACE,CE,Federal Contract Tower,0,4,13,35,52,0,1,37,55,93,0,5,50,90,145,6,160,166,311
02/18/2005,FOE,KS,ACE,CE,Federal Contract Tower,0,1,8,17,26,0,0,30,20,50,0,1,38,37,76,18,46,64,140
02/19/2005,FOE,KS,ACE,CE,Federal Contract Tower,0,1,0,4,5,0,0,0,0,0,0,1,0,4,5,0,0,0,5
02/20/2005,FOE,KS,ACE,CE,Federal Contract Tower,2,2,5,5,14,0,0,3,0,3,2,2,8,5,17,0,0,0,17
02/21/2005,FOE,KS,ACE,CE,Federal Contract Tower,0,0,11,4,15,0,0,2,0,2,0,0,13,4,17,4,0,4,21
02/22/2005,FOE,KS,ACE,CE,Federal Contract Tower,4,3,12,18,37,0,0,9,9,18,4,3,21,27,55,0,10,10,65
02/23/2005,FOE,KS,ACE,CE,Federal Contract Tower,4,2,15,17,38,0,0,18,11,29,4,2,33,28,67,20,76,96,163
02/24/2005,FOE,KS,ACE,CE,Federal Contract Tower,0,8,13,34,55,0,0,35,43,78,0,8,48,77,133,22,124,146,279
02/25/2005,FOE,KS,ACE,CE,Federal Contract Tower,0,3,7,35,45,0,0,63,47,110,0,3,70,82,155,46,144,190,345
02/26/2005,FOE,KS,ACE,CE,Federal Contract Tower,0,2,5,16,23,0,0,79,9,88,0,2,84,25,111,104,10,114,225
02/27/2005,FOE,KS,ACE,CE,Federal Contract Tower,0,1,1,4,6,0,0,2,0,2,0,1,3,4,8,0,0,0,8
02/28/2005,FOE,KS,ACE,CE,Federal Contract Tower,0,3,8,14,25,0,0,8,2,10,0,3,16,16,35,0,0,0,35
03/01/2005,FOE,KS,ACE,CE,Federal Contract Tower,2,1,4,19,26,0,1,15,10,26,2,2,19,29,52,0,38,38,90
03/02/2005,FOE,KS,ACE,CE,Federal Contract Tower,0,3,6,14,23,0,0,30,57,87,0,3,36,71,110,4,132,136,246
03/03/2005,FOE,KS,ACE,CE,Federal Contract Tower,0,3,15,29,47,0,0,25,18,43,0,3,40,47,90,8,92,100,190
03/04/2005,FOE,KS,ACE,CE,Federal Contract Tower,0,4,19,12,35,0,6,6,23,35,0,10,25,35,70,8,36,44,114
03/05/2005,FOE,KS,ACE,CE,Federal Contract Tower,0,0,7,10,17,0,0,35,11,46,0,0,42,21,63,38,18,56,119
03/06/2005,FOE,KS,ACE,CE,Federal Contract Tower,0,0,7,12,19,0,0,18,7,25,0,0,25,19,44,8,2,10,54
03/07/2005,FOE,KS,ACE,CE,Federal Contract Tower,0,2,12,22,36,0,0,8,9,17,0,2,20,31,53,0,28,28,81
03/08/2005,FOE,KS,ACE,CE,Federal Contract Tower,0,7,10,20,37,0,0,18,21,39,0,7,28,41,76,2,78,80,156
03/09/2005,FOE,KS,ACE,CE,Federal Contract Tower,0,4,5,23,32,0,0,42,19,61,0,4,47,42,93,26,184,210,303
03/10/2005,FOE,KS,ACE,CE,Federal Contract Tower,0,4,13,16,33,0,4,28,45,77,0,8,41,61,110,38,140,178,288
03/11/2005,FOE,KS,ACE,CE,Federal Contract Tower,0,1,9,20,30,0,0,4,18,22,0,1,13,38,52,6,82,88,140
03/12/2005,FOE,KS,ACE,CE,Federal Contract Tower,0,0,8,10,18,0,0,41,3,44,0,0,49,13,62,28,4,32,94
03/13/2005,FOE,KS,ACE,CE,Federal Contract Tower,0,0,3,22,25,0,0,18,13,31,0,0,21,35,56,0,10,10,66
03/14/2005,FOE,KS,ACE,CE,Federal Contract Tower,0,3,10,58,71,0,0,19,42,61,0,3,29,100,132,0,48,48,180
03/15/2005,FOE,KS,ACE,CE,Federal Contract Tower,0,2,19,37,58,0,0,8,21,29,0,2,27,58,87,0,128,128,215
03/16/2005,FOE,KS,ACE,CE,Federal Contract Tower,0,2,4,33,39,0,0,31,64,95,0,2,35,97,134,2,66,68,202
03/17/2005,FOE,KS,ACE,CE,Federal Contract Tower,0,2,2,14,18,0,0,27,6,33,0,2,29,20,51,0,38,38,89
03/18/2005,FOE,KS,ACE,CE,Federal Contract Tower,0,2,10,19,31,0,1,15,10,26,0,3,25,29,57,2,24,26,83
03/19/2005,FOE,KS,ACE,CE,Federal Contract Tower,2,3,9,5,19,0,1,44,11,56,2,4,53,16,75,14,2,16,91
03/20/2005,FOE,KS,ACE,CE,Federal Contract Tower,0,2,1,10,13,0,0,12,1,13,0,2,13,11,26,4,0,4,30
03/21/2005,FOE,KS,ACE,CE,Federal Contract Tower,0,1,3,21,25,0,0,3,11,14,0,1,6,32,39,0,18,18,57
03/22/2005,FOE,KS,ACE,CE,Federal Contract Tower,0,0,4,15,19,0,0,2,6,8,0,0,6,21,27,0,0,0,27
03/23/2005,FOE,KS,ACE,CE,Federal Contract Tower,0,2,8,21,31,0,0,45,45,90,0,2,53,66,121,30,78,108,229
03/24/2005,FOE,KS,ACE,CE,Federal Contract Tower,0,1,16,27,44,0,0,0,13,13,0,1,16,40,57,0,0,0,57
03/25/2005,FOE,KS,ACE,CE,Federal Contract Tower,0,1,13,13,27,0,0,0,3,3,0,1,13,16,30,0,0,0,30
03/26/2005,FOE,KS,ACE,CE,Federal Contract Tower,1,4,3,4,12,0,0,26,0,26,1,4,29,4,38,36,0,36,74
03/27/2005,FOE,KS,ACE,CE,Federal Contract Tower,0,0,3,0,3,0,0,17,1,18,0,0,20,1,21,2,0,2,23
03/28/2005,FOE,KS,ACE,CE,Federal Contract Tower,0,1,9,24,34,0,1,27,21,49,0,2,36,45,83,2,44,46,129
03/29/2005,FOE,KS,ACE,CE,Federal Contract Tower,0,5,10,21,36,0,0,16,16,32,0,5,26,37,68,0,22,22,90
03/30/2005,FOE,KS,ACE,CE,Federal Contract Tower,0,3,17,14,34,0,0,17,12,29,0,3,34,26,63,18,62,80,143
03/31/2005,FOE,KS,ACE,CE,Federal Contract Tower,0,4,15,13,32,0,0,60,32,92,0,4,75,45,124,18,146,164,288
04/01/2005,FOE,KS,ACE,CE,Federal Contract Tower,0,5,13,10,28,0,0,31,28,59,0,5,44,38,87,20,48,68,155
04/02/2005,FOE,KS,ACE,CE,Federal Contract Tower,0,3,4,15,22,0,0,58,16,74,0,3,62,31,96,56,36,92,188
04/03/2005,FOE,KS,ACE,CE,Federal Contract Tower,0,0,6,6,12,0,1,25,2,28,0,1,31,8,40,30,4,34,74
04/04/2005,FOE,KS,ACE,CE,Federal Contract Tower,0,0,6,24,30,0,0,10,22,32,0,0,16,46,62,8,44,52,114
04/05/2005,FOE,KS,ACE,CE,Federal Contract Tower,2,4,7,20,33,0,4,1,14,19,2,8,8,34,52,0,6,6,58
04/06/2005,FOE,KS,ACE,CE,Federal Contract Tower,0,6,4,21,31,0,0,10,19,29,0,6,14,40,60,0,40,40,100
04/07/2005,FOE,KS,ACE,CE,Federal Contract Tower,0,1,6,8,15,0,18,33,0,51,0,19,39,8,66,4,6,10,76
04/08/2005,FOE,KS,ACE,CE,Federal Contract Tower,0,3,12,6,21,0,0,29,7,36,0,3,41,13,57,14,2,16,73
04/09/2005,FOE,KS,ACE,CE,Federal Contract Tower,0,0,5,3,8,0,0,22,0,22,0,0,27,3,30,8,0,8,38
04/10/2005,FOE,KS,ACE,CE,Federal Contract Tower,0,0,3,5,8,0,0,4,3,7,0,0,7,8,15,0,0,0,15
04/11/2005,FOE,KS,ACE,CE,Federal Contract Tower,0,1,12,23,36,0,0,3,18,21,0,1,15,41,57,0,20,20,77
04/12/2005,FOE,KS,ACE,CE,Federal Contract Tower,0,1,16,27,44,0,0,13,26,39,0,1,29,53,83,0,48,48,131
04/13/2005,FOE,KS,ACE,CE,Federal Contract Tower,0,1,12,15,28,0,0,21,27,48,0,1,33,42,76,18,56,74,150
04/14/2005,FOE,KS,ACE,CE,Federal Contract Tower,0,4,12,23,39,0,0,64,13,77,0,4,76,36,116,28,64,92,208
04/15/2005,FOE,KS,ACE,CE,Federal Contract Tower,0,1,1,36,38,0,0,43,44,87,0,1,44,80,125,48,160,208,333
04/16/2005,FOE,KS,ACE,CE,Federal Contract Tower,0,0,6,4,10,0,0,51,0,51,0,0,57,4,61,24,2,26,87
04/17/2005,FOE,KS,ACE,CE,Federal Contract Tower,0,3,6,2,11,0,0,39,0,39,0,3,45,2,50,4,0,4,54
04/18/2005,FOE,KS,ACE,CE,Federal Contract Tower,0,1,15,12,28,0,0,7,10,17,0,1,22,22,45,8,20,28,73
04/19/2005,FOE,KS,ACE,CE,Federal Contract Tower,2,6,11,12,31,0,0,13,9,22,2,6,24,21,53,0,0,0,53
04/20/2005,FOE,KS,ACE,CE,Federal Contract Tower,0,3,10,27,40,0,0,43,56,99,0,3,53,83,139,40,150,190,329
04/21/2005,FOE,KS,ACE,CE,Federal Contract Tower,0,0,13,13,26,0,0,21,28,49,0,0,34,41,75,8,22,30,105
04/22/2005,FOE,KS,ACE,CE,Federal Contract Tower,0,6,3,11,20,0,0,12,11,23,0,6,15,22,43,2,6,8,51
04/23/2005,FOE,KS,ACE,CE,Federal Contract Tower,0,0,3,6,9,0,0,39,8,47,0,0,42,14,56,6,0,6,62
04/24/2005,FOE,KS,ACE,CE,Federal Contract Tower,0,0,5,0,5,0,0,32,1,33,0,0,37,1,38,4,0,4,42
04/25/2005,FOE,KS,ACE,CE,Federal Contract Tower,0,1,6,19,26,0,0,5,11,16,0,1,11,30,42,0,14,14,56
04/26/2005,FOE,KS,ACE,CE,Federal Contract Tower,0,2,11,34,47,0,7,15,32,54,0,9,26,66,101,0,120,120,221
04/27/2005,FOE,KS,ACE,CE,Federal Contract Tower,0,4,12,27,43,0,0,35,29,64,0,4,47,56,107,8,178,186,293
04/28/2005,FOE,KS,ACE,CE,Federal Contract Tower,0,4,6,38,48,0,0,37,58,95,0,4,43,96,143,22,66,88,231
04/29/2005,FOE,KS,ACE,CE,Federal Contract Tower,0,2,8,36,46,0,0,15,28,43,0,2,23,64,89,0,22,22,111
04/30/2005,FOE,KS,ACE,CE,Federal Contract Tower,0,0,2,6,8,0,0,54,17,71,0,0,56,23,79,36,88,124,203
05/01/2005,FOE,KS,ACE,CE,Federal Contract Tower,0,1,4,10,15,0,0,9,1,10,0,1,13,11,25,4,0,4,29
05/02/2005,FOE,KS,ACE,CE,Federal Contract Tower,0,0,9,43,52,0,0,13,16,29,0,0,22,59,81,0,66,66,147
05/03/2005,FOE,KS,ACE,CE,Federal Contract Tower,0,3,6,44,53,0,2,39,35,76,0,5,45,79,129,0,126,126,255
05/04/2005,FOE,KS,ACE,CE,Federal Contract Tower,0,4,8,27,39,0,0,44,37,81,0,4,52,64,120,24,126,150,270
05/05/2005,FOE,KS,ACE,CE,Federal Contract Tower,0,1,4,33,38,0,1,25,31,57,0,2,29,64,95,6,150,156,251
05/06/2005,FOE,KS,ACE,CE,Federal Contract Tower,0,0,12,25,37,0,0,24,27,51,0,0,36,52,88,14,98,112,200
05/07/2005,FOE,KS,ACE,CE,Federal Contract Tower,0,0,10,2,12,0,0,24,0,24,0,0,34,2,36,0,0,0,36
05/08/2005,FOE,KS,ACE,CE,Federal Contract Tower,0,0,10,3,13,0,0,8,5,13,0,0,18,8,26,0,0,0,26
05/09/2005,FOE,KS,ACE,CE,Federal Contract Tower,0,2,5,31,38,0,0,15,35,50,0,2,20,66,88,0,66,66,154
05/10/2005,FOE,KS,ACE,CE,Federal Contract Tower,0,1,10,23,34,0,1,9,11,21,0,2,19,34,55,2,46,48,103
05/11/2005,FOE,KS,ACE,CE,Federal Contract Tower,0,0,3,26,29,0,0,4,21,25,0,0,7,47,54,0,22,22,76
05/12/2005,FOE,KS,ACE,CE,Federal Contract Tower,0,1,18,5,24,0,2,13,14,29,0,3,31,19,53,2,20,22,75
05/13/2005,FOE,KS,ACE,CE,Federal Contract Tower,0,1,8,12,21,0,0,10,1,11,0,1,18,13,32,0,10,10,42
05/14/2005,FOE,KS,ACE,CE,Federal Contract Tower,0,0,8,2,10,0,0,37,41,78,0,0,45,43,88,32,40,72,160
05/15/2005,FOE,KS,ACE,CE,Federal Contract Tower,0,0,1,8,9,0,0,36,1,37,0,0,37,9,46,2,0,2,48
05/16/2005,FOE,KS,ACE,CE,Federal Contract Tower,0,0,7,23,30,0,0,29,23,52,0,0,36,46,82,0,112,112,194
05/17/2005,FOE,KS,ACE,CE,Federal Contract Tower,0,2,8,18,28,0,0,14,10,24,0,2,22,28,52,6,72,78,130
05/18/2005,FOE,KS,ACE,CE,Federal Contract Tower,0,2,13,18,33,0,0,17,20,37,0,2,30,38,70,0,134,134,204
05/19/2005,FOE,KS,ACE,CE,Federal Contract Tower,0,3,15,25,43,0,1,38,16,55,0,4,53,41,98,10,76,86,184
05/20/2005,FOE,KS,ACE,CE,Federal Contract Tower,0,2,11,13,26,0,0,87,20,107,0,2,98,33,133,46,8,54,187
05/21/2005,FOE,KS,ACE,CE,Federal Contract Tower,0,2,1,1,4,0,0,59,4,63,0,2,60,5,67,10,0,10,77
05/22/2005,FOE,KS,ACE,CE,Federal Contract Tower,0,1,7,2,10,0,0,24,5,29,0,1,31,7,39,0,0,0,39
05/23/2005,FOE,KS,ACE,CE,Federal Contract Tower,0,6,3,25,34,0,0,11,19,30,0,6,14,44,64,14,60,74,138
05/24/2005,FOE,KS,ACE,CE,Federal Contract Tower,0,8,10,7,25,0,0,31,26,57,0,8,41,33,82,20,60,80,162
05/25/2005,FOE,KS,ACE,CE,Federal Contract Tower,0,4,21,33,58,0,0,50,21,71,0,4,71,54,129,0,86,86,215
05/26/2005,FOE,KS,ACE,CE,Federal Contract Tower,0,0,12,33,45,0,1,58,59,118,0,1,70,92,163,0,112,112,275
05/27/2005,FOE,KS,ACE,CE,Federal Contract Tower,0,4,8,11,23,0,0,28,7,35,0,4,36,18,58,16,0,16,74
05/28/2005,FOE,KS,ACE,CE,Federal Contract Tower,0,0,12,2,14,0,0,48,0,48,0,0,60,2,62,10,0,10,72
05/29/2005,FOE,KS,ACE,CE,Federal Contract Tower,0,6,7,2,15,0,1,15,0,16,0,7,22,2,31,0,0,0,31
05/30/2005,FOE,KS,ACE,CE,Federal Contract Tower,0,1,10,3,14,0,0,31,2,33,0,1,41,5,47,8,4,12,59
05/31/2005,FOE,KS,ACE,CE,Federal Contract Tower,0,0,3,15,18,0,0,13,8,21,0,0,16,23,39,16,46,62,101
06/01/2005,FOE,KS,ACE,CE,Federal Contract Tower,1,3,7,12,23,0,0,42,31,73,1,3,49,43,96,10,60,70,166
06/02/2005,FOE,KS,ACE,CE,Federal Contract Tower,0,7,13,13,33,0,0,45,25,70,0,7,58,38,103,18,38,56,159
06/03/2005,FOE,KS,ACE,CE,Federal Contract Tower,0,0,11,0,11,0,0,2,0,2,0,0,13,0,13,0,0,0,13
06/04/2005,FOE,KS,ACE,CE,Federal Contract Tower,0,2,4,2,8,0,1,18,16,35,0,3,22,18,43,20,12,32,75
06/05/2005,FOE,KS,ACE,CE,Federal Contract Tower,0,0,2,9,11,0,0,23,19,42,0,0,25,28,53,2,6,8,61
06/06/2005,FOE,KS,ACE,CE,Federal Contract Tower,0,2,8,31,41,0,2,14,31,47,0,4,22,62,88,0,52,52,140
06/07/2005,FOE,KS,ACE,CE,Federal Contract Tower,0,4,12,23,39,0,0,23,21,44,0,4,35,44,83,6,50,56,139
06/08/2005,FOE,KS,ACE,CE,Federal Contract Tower,0,4,12,10,26,0,1,11,7,19,0,5,23,17,45,2,24,26,71
06/09/2005,FOE,KS,ACE,CE,Federal Contract Tower,0,0,10,13,23,0,0,15,3,18,0,0,25,16,41,0,16,16,57
06/10/2005,FOE,KS,ACE,CE,Federal Contract Tower,0,0,6,3,9,0,0,11,24,35,0,0,17,27,44,6,16,22,66
06/11/2005,FOE,KS,ACE,CE,Federal Contract Tower,0,0,2,4,6,0,0,18,2,20,0,0,20,6,26,2,0,2,28
06/12/2005,FOE,KS,ACE,CE,Federal Contract Tower,0,4,1,2,7,0,1,11,1,13,0,5,12,3,20,0,0,0,20
06/13/2005,FOE,KS,ACE,CE,Federal Contract Tower,2,1,5,21,29,0,1,21,12,34,2,2,26,33,63,0,40,40,103
06/14/2005,FOE,KS,ACE,CE,Federal Contract Tower,0,4,10,31,45,0,3,20,28,51,0,7,30,59,96,0,148,148,244
06/15/2005,FOE,KS,ACE,CE,Federal Contract Tower,0,4,12,27,43,0,0,65,44,109,0,4,77,71,152,40,106,146,298
06/16/2005,FOE,KS,ACE,CE,Federal Contract Tower,2,0,7,28,37,0,0,32,22,54,2,0,39,50,91,12,64,76,167
06/17/2005,FOE,KS,ACE,CE,Federal Contract Tower,0,5,6,24,35,0,0,24,15,39,0,5,30,39,74,4,0,4,78
06/18/2005,FOE,KS,ACE,CE,Federal Contract Tower,2,0,10,6,18,0,0,70,0,70,2,0,80,6,88,20,0,20,108
06/19/2005,FOE,KS,ACE,CE,Federal Contract Tower,0,1,9,13,23,0,0,30,17,47,0,1,39,30,70,0,24,24,94
06/20/2005,FOE,KS,ACE,CE,Federal Contract Tower,0,3,5,18,26,0,1,10,11,22,0,4,15,29,48,2,24,26,74
06/21/2005,FOE,KS,ACE,CE,Federal Contract Tower,2,3,7,12,24,0,0,26,21,47,2,3,33,33,71,10,38,48,119
06/22/2005,FOE,KS,ACE,CE,Federal Contract Tower,0,4,3,14,21,0,4,35,37,76,0,8,38,51,97,22,100,122,219
06/23/2005,FOE,KS,ACE,CE,Federal Contract Tower,0,5,10,25,40,0,2,24,37,63,0,7,34,62,103,4,52,56,159
06/24/2005,FOE,KS,ACE,CE,Federal Contract Tower,0,1,6,10,17,0,1,16,6,23,0,2,22,16,40,0,42,42,82
06/25/2005,FOE,KS,ACE,CE,Federal Contract Tower,0,1,8,9,18,0,0,74,11,85,0,1,82,20,103,26,18,44,147
06/26/2005,FOE,KS,ACE,CE,Federal Contract Tower,0,0,4,0,4,0,0,23,0,23,0,0,27,0,27,0,0,0,27
06/27/2005,FOE,KS,ACE,CE,Federal Contract Tower,0,0,11,16,27,0,0,15,8,23,0,0,26,24,50,0,22,22,72
06/28/2005,FOE,KS,ACE,CE,Federal Contract Tower,0,4,12,8,24,0,0,10,9,19,0,4,22,17,43,0,40,40,83
06/29/2005,FOE,KS,ACE,CE,Federal Contract Tower,0,3,11,8,22,0,0,34,15,49,0,3,45,23,71,0,58,58,129
06/30/2005,FOE,KS,ACE,CE,Federal Contract Tower,2,0,4,8,14,0,0,2,2,4,2,0,6,10,18,0,0,0,18
07/01/2005,FOE,KS,ACE,CE,Federal Contract Tower,0,2,8,11,21,0,0,22,10,32,0,2,30,21,53,4,26,30,83
07/02/2005,FOE,KS,ACE,CE,Federal Contract Tower,0,0,4,1,5,0,0,32,2,34,0,0,36,3,39,0,0,0,39
07/03/2005,FOE,KS,ACE,CE,Federal Contract Tower,0,0,2,3,5,0,0,10,7,17,0,0,12,10,22,10,0,10,32
07/04/2005,FOE,KS,ACE,CE,Federal Contract Tower,0,0,3,4,7,0,0,16,4,20,0,0,19,8,27,2,6,8,35
07/05/2005,FOE,KS,ACE,CE,Federal Contract Tower,0,0,8,35,43,0,0,34,32,66,0,0,42,67,109,0,72,72,181
07/06/2005,FOE,KS,ACE,CE,Federal Contract Tower,0,4,4,42,50,0,0,48,42,90,0,4,52,84,140,8,178,186,326
07/07/2005,FOE,KS,ACE,CE,Federal Contract Tower,0,2,11,40,53,0,0,43,29,72,0,2,54,69,125,0,106,106,231
07/08/2005,FOE,KS,ACE,CE,Federal Contract Tower,0,2,8,23,33,0,0,34,30,64,0,2,42,53,97,6,66,72,169
07/09/2005,FOE,KS,ACE,CE,Federal Contract Tower,0,0,5,9,14,0,0,31,22,53,0,0,36,31,67,6,18,24,91
07/10/2005,FOE,KS,ACE,CE,Federal Contract Tower,0,2,0,5,7,0,0,22,11,33,0,2,22,16,40,0,2,2,42
07/11/2005,FOE,KS,ACE,CE,Federal Contract Tower,0,7,6,28,41,0,0,6,25,31,0,7,12,53,72,0,66,66,138
07/12/2005,FOE,KS,ACE,CE,Federal Contract Tower,0,3,5,26,34,0,0,24,17,41,0,3,29,43,75,18,96,114,189
07/13/2005,FOE,KS,ACE,CE,Federal Contract Tower,0,3,9,45,57,0,0,48,48,96,0,3,57,93,153,0,114,114,267
07/14/2005,FOE,KS,ACE,CE,Federal Contract Tower,0,0,4,51,55,0,1,30,56,87,0,1,34,107,142,12,90,102,244
07/15/2005,FOE,KS,ACE,CE,Federal Contract Tower,0,1,4,36,41,0,0,35,26,61,0,1,39,62,102,12,126,138,240
07/16/2005,FOE,KS,ACE,CE,Federal Contract Tower,0,2,4,19,25,0,0,40,14,54,0,2,44,33,79,30,32,62,141
07/17/2005,FOE,KS,ACE,CE,Federal Contract Tower,0,0,3,6,9,0,0,29,5,34,0,0,32,11,43,2,4,6,49
07/18/2005,FOE,KS,ACE,CE,Federal Contract Tower,2,5,7,20,34,0,1,11,9,21,2,6,18,29,55,0,16,16,71
07/19/2005,FOE,KS,ACE,CE,Federal Contract Tower,0,2,9,19,30,0,1,15,11,27,0,3,24,30,57,0,28,28,85
07/20/2005,FOE,KS,ACE,CE,Federal Contract Tower,0,3,18,42,63,0,4,45,14,63,0,7,63,56,126,4,86,90,216
07/21/2005,FOE,KS,ACE,CE,Federal Contract Tower,0,1,9,36,46,0,0,49,25,74,0,1,58,61,120,12,152,164,284
07/22/2005,FOE,KS,ACE,CE,Federal Contract Tower,0,2,2,25,29,0,0,26,13,39,0,2,28,38,68,10,62,72,140
07/23/2005,FOE,KS,ACE,CE,Federal Contract Tower,0,0,7,5,12,0,0,41,0,41,0,0,48,5,53,12,0,12,65
07/24/2005,FOE,KS,ACE,CE,Federal Contract Tower,0,2,5,9,16,0,0,31,14,45,0,2,36,23,61,2,0,2,63
07/25/2005,FOE,KS,ACE,CE,Federal Contract Tower,0,1,8,24,33,0,0,8,10,18,0,1,16,34,51,0,20,20,71
07/26/2005,FOE,KS,ACE,CE,Federal Contract Tower,0,1,5,9,15,0,0,6,8,14,0,1,11,17,29,0,2,2,31
07/27/2005,FOE,KS,ACE,CE,Federal Contract Tower,0,2,14,28,44,0,0,43,19,62,0,2,57,47,106,16,130,146,252
07/28/2005,FOE,KS,ACE,CE,Federal Contract Tower,0,2,12,20,34,0,4,32,32,68,0,6,44,52,102,14,56,70,172
07/29/2005,FOE,KS,ACE,CE,Federal Contract Tower,0,6,5,19,30,0,0,36,20,56,0,6,41,39,86,10,28,38,124
07/30/2005,FOE,KS,ACE,CE,Federal Contract Tower,0,0,3,8,11,0,0,40,3,43,0,0,43,11,54,10,0,10,64
07/31/2005,FOE,KS,ACE,CE,Federal Contract Tower,0,2,4,16,22,0,0,19,10,29,0,2,23,26,51,0,0,0,51
08/01/2005,FOE,KS,ACE,CE,Federal Contract Tower,0,2,1,26,29,0,0,15,8,23,0,2,16,34,52,10,30,40,92
08/02/2005,FOE,KS,ACE,CE,Federal Contract Tower,0,7,5,19,31,0,1,6,15,22,0,8,11,34,53,0,122,122,175
08/03/2005,FOE,KS,ACE,CE,Federal Contract Tower,0,0,14,31,45,0,3,55,31,89,0,3,69,62,134,16,120,136,270
08/04/2005,FOE,KS,ACE,CE,Federal Contract Tower,0,2,11,5,18,0,4,34,17,55,0,6,45,22,73,14,34,48,121
08/05/2005,FOE,KS,ACE,CE,Federal Contract Tower,0,0,9,31,40,0,0,27,21,48,0,0,36,52,88,8,106,114,202
08/06/2005,FOE,KS,ACE,CE,Federal Contract Tower,0,1,3,9,13,0,0,40,3,43,0,1,43,12,56,4,8,12,68
08/07/2005,FOE,KS,ACE,CE,Federal Contract Tower,0,6,10,10,26,0,1,22,2,25,0,7,32,12,51,10,18,28,79
08/08/2005,FOE,KS,ACE,CE,Federal Contract Tower,0,0,15,24,39,0,0,10,24,34,0,0,25,48,73,10,82,92,165
08/09/2005,FOE,KS,ACE,CE,Federal Contract Tower,0,7,14,23,44,0,1,10,22,33,0,8,24,45,77,6,90,96,173
08/10/2005,FOE,KS,ACE,CE,Federal Contract Tower,0,3,13,29,45,0,0,15,24,39,0,3,28,53,84,0,136,136,220
08/11/2005,FOE,KS,ACE,CE,Federal Contract Tower,0,5,9,20,34,0,5,41,24,70,0,10,50,44,104,8,36,44,148
08/12/2005,FOE,KS,ACE,CE,Federal Contract Tower,0,2,3,33,38,0,5,23,34,62,0,7,26,67,100,4,12,16,116
08/13/2005,FOE,KS,ACE,CE,Federal Contract Tower,0,0,4,0,4,0,0,4,0,4,0,0,8,0,8,8,0,8,16
08/14/2005,FOE,KS,ACE,CE,Federal Contract Tower,0,0,8,5,13,0,0,12,1,13,0,0,20,6,26,6,4,10,36
08/15/2005,FOE,KS,ACE,CE,Federal Contract Tower,0,3,3,38,44,0,0,5,15,20,0,3,8,53,64,10,6,16,80
08/16/2005,FOE,KS,ACE,CE,Federal Contract Tower,0,5,6,30,41,0,0,15,28,43,0,5,21,58,84,0,78,78,162
08/17/2005,FOE,KS,ACE,CE,Federal Contract Tower,0,6,9,33,48,0,2,18,27,47,0,8,27,60,95,8,76,84,179
08/18/2005,FOE,KS,ACE,CE,Federal Contract Tower,1,1,15,25,42,0,0,41,24,65,1,1,56,49,107,40,132,172,279
08/19/2005,FOE,KS,ACE,CE,Federal Contract Tower,0,1,9,13,23,0,0,17,13,30,0,1,26,26,53,0,46,46,99
08/20/2005,FOE,KS,ACE,CE,Federal Contract Tower,0,2,8,13,23,0,0,46,10,56,0,2,54,23,79,16,28,44,123
08/21/2005,FOE,KS,ACE,CE,Federal Contract Tower,0,1,5,16,22,0,0,18,10,28,0,1,23,26,50,0,0,0,50
08/22/2005,FOE,KS,ACE,CE,Federal Contract Tower,0,4,8,19,31,0,1,10,15,26,0,5,18,34,57,0,16,16,73
08/23/2005,FOE,KS,ACE,CE,Federal Contract Tower,0,0,9,15,24,0,0,4,5,9,0,0,13,20,33,0,0,0,33
08/24/2005,FOE,KS,ACE,CE,Federal Contract Tower,0,3,10,6,19,0,2,25,6,33,0,5,35,12,52,4,42,46,98
08/25/2005,FOE,KS,ACE,CE,Federal Contract Tower,0,3,11,4,18,0,3,13,4,20,0,6,24,8,38,0,4,4,42
08/26/2005,FOE,KS,ACE,CE,Federal Contract Tower,0,0,9,28,37,0,0,20,26,46,0,0,29,54,83,2,44,46,129
08/27/2005,FOE,KS,ACE,CE,Federal Contract Tower,0,1,1,1,3,0,0,85,12,97,0,1,86,13,100,38,12,50,150
08/28/2005,FOE,KS,ACE,CE,Federal Contract Tower,0,2,4,17,23,0,0,23,21,44,0,2,27,38,67,4,26,30,97
08/29/2005,FOE,KS,ACE,CE,Federal Contract Tower,0,1,3,35,39,0,4,11,27,42,0,5,14,62,81,0,52,52,133
08/30/2005,FOE,KS,ACE,CE,Federal Contract Tower,0,8,7,37,52,0,0,19,33,52,0,8,26,70,104,0,220,220,324
08/31/2005,FOE,KS,ACE,CE,Federal Contract Tower,0,3,8,32,43,0,8,35,46,89,0,11,43,78,132,44,188,232,364
09/01/2005,FOE,KS,ACE,CE,Federal Contract Tower,0,5,8,11,24,0,0,33,11,44,0,5,41,22,68,6,28,34,102
09/02/2005,FOE,KS,ACE,CE,Federal Contract Tower,0,1,14,13,28,0,0,24,11,35,0,1,38,24,63,4,12,16,79
09/03/2005,FOE,KS,ACE,CE,Federal Contract Tower,0,1,5,10,16,0,0,41,8,49,0,1,46,18,65,4,10,14,79
09/04/2005,FOE,KS,ACE,CE,Federal Contract Tower,0,0,1,14,15,0,0,33,6,39,0,0,34,20,54,0,4,4,58
09/05/2005,FOE,KS,ACE,CE,Federal Contract Tower,0,4,5,5,14,0,0,21,0,21,0,4,26,5,35,2,0,2,37
09/06/2005,FOE,KS,ACE,CE,Federal Contract Tower,0,5,9,8,22,0,0,18,12,30,0,5,27,20,52,4,20,24,76
09/07/2005,FOE,KS,ACE,CE,Federal Contract Tower,0,9,11,24,44,0,2,58,27,87,0,11,69,51,131,66,98,164,295
09/08/2005,FOE,KS,ACE,CE,Federal Contract Tower,0,4,3,18,25,0,0,37,17,54,0,4,40,35,79,76,72,148,227
09/09/2005,FOE,KS,ACE,CE,Federal Contract Tower,0,2,13,13,28,0,2,28,23,53,0,4,41,36,81,0,104,104,185
09/10/2005,FOE,KS,ACE,CE,Federal Contract Tower,0,4,6,8,18,0,0,29,6,35,0,4,35,14,53,2,0,2,55
09/11/2005,FOE,KS,ACE,CE,Federal Contract Tower,0,3,4,19,26,0,0,7,22,29,0,3,11,41,55,0,14,14,69
09/12/2005,FOE,KS,ACE,CE,Federal Contract Tower,0,1,6,11,18,0,1,8,11,20,0,2,14,22,38,0,4,4,42
09/13/2005,FOE,KS,ACE,CE,Federal Contract Tower,0,3,8,5,16,0,1,4,3,8,0,4,12,8,24,0,10,10,34
09/14/2005,FOE,KS,ACE,CE,Federal Contract Tower,0,7,15,20,42,0,0,39,38,77,0,7,54,58,119,14,52,66,185
09/15/2005,FOE,KS,ACE,CE,Federal Contract Tower,0,8,13,15,36,0,2,22,5,29,0,10,35,20,65,0,0,0,65
09/16/2005,FOE,KS,ACE,CE,Federal Contract Tower,4,10,3,18,35,0,0,34,14,48,4,10,37,32,83,10,22,32,115
09/17/2005,FOE,KS,ACE,CE,Federal Contract Tower,2,3,1,7,13,0,0,19,7,26,2,3,20,14,39,0,6,6,45
09/18/2005,FOE,KS,ACE,CE,Federal Contract Tower,2,2,2,1,7,0,0,7,4,11,2,2,9,5,18,0,0,0,18
09/19/2005,FOE,KS,ACE,CE,Federal Contract Tower,0,4,3,12,19,0,0,10,10,20,0,4,13,22,39,0,14,14,53
09/20/2005,FOE,KS,ACE,CE,Federal Contract Tower,2,9,13,5,29,0,0,20,8,28,2,9,33,13,57,6,22,28,85
09/21/2005,FOE,KS,ACE,CE,Federal Contract Tower,0,4,6,6,16,0,6,15,15,36,0,10,21,21,52,6,14,20,72
09/22/2005,FOE,KS,ACE,CE,Federal Contract Tower,0,4,8,14,26,0,6,53,6,65,0,10,61,20,91,28,4,32,123
09/23/2005,FOE,KS,ACE,CE,Federal Contract Tower,0,3,9,6,18,0,0,4,1,5,0,3,13,7,23,0,0,0,23
09/24/2005,FOE,KS,ACE,CE,Federal Contract Tower,0,0,6,5,11,0,0,57,12,69,0,0,63,17,80,14,0,14,94
09/25/2005,FOE,KS,ACE,CE,Federal Contract Tower,0,0,5,6,11,0,0,24,1,25,0,0,29,7,36,18,0,18,54
09/26/2005,FOE,KS,ACE,CE,Federal Contract Tower,0,4,10,16,30,0,0,15,6,21,0,4,25,22,51,10,0,10,61
09/27/2005,FOE,KS,ACE,CE,Federal Contract Tower,0,3,21,28,52,0,0,17,14,31,0,3,38,42,83,8,26,34,117
09/28/2005,FOE,KS,ACE,CE,Federal Contract Tower,0,0,23,12,35,0,4,19,27,50,0,4,42,39,85,4,18,22,107
09/29/2005,FOE,KS,ACE,CE,Federal Contract Tower,0,1,13,7,21,0,0,62,12,74,0,1,75,19,95,82,20,102,197
09/30/2005,FOE,KS,ACE,CE,Federal Contract Tower,2,2,5,10,19,0,0,46,11,57,2,2,51,21,76,36,14,50,126
10/01/2005,FOE,KS,ACE,CE,Federal Contract Tower,0,0,2,4,6,0,0,11,3,14,0,0,13,7,20,2,0,2,22
10/02/2005,FOE,KS,ACE,CE,Federal Contract Tower,0,0,7,3,10,0,5,19,4,28,0,5,26,7,38,22,2,24,62
10/03/2005,FOE,KS,ACE,CE,Federal Contract Tower,0,0,18,24,42,0,0,27,13,40,0,0,45,37,82,22,80,102,184
10/04/2005,FOE,KS,ACE,CE,Federal Contract Tower,1,3,17,12,33,0,2,20,12,34,1,5,37,24,67,0,70,70,137
10/05/2005,FOE,KS,ACE,CE,Federal Contract Tower,0,6,7,17,30,0,0,9,21,30,0,6,16,38,60,0,34,34,94
10/06/2005,FOE,KS,ACE,CE,Federal Contract Tower,0,3,5,24,32,0,18,34,29,81,0,21,39,53,113,36,162,198,311
10/07/2005,FOE,KS,ACE,CE,Federal Contract Tower,0,2,15,16,33,0,0,44,24,68,0,2,59,40,101,28,54,82,183
10/08/2005,FOE,KS,ACE,CE,Federal Contract Tower,0,7,11,12,30,0,0,60,22,82,0,7,71,34,112,38,14,52,164
10/09/2005,FOE,KS,ACE,CE,Federal Contract Tower,0,3,4,6,13,0,0,22,2,24,0,3,26,8,37,0,2,2,39
10/10/2005,FOE,KS,ACE,CE,Federal Contract Tower,0,6,4,2,12,0,1,18,2,21,0,7,22,4,33,8,0,8,41
10/11/2005,FOE,KS,ACE,CE,Federal Contract Tower,2,3,14,19,38,0,1,12,10,23,2,4,26,29,61,0,20,20,81
10/12/2005,FOE,KS,ACE,CE,Federal Contract Tower,0,6,12,18,36,0,1,45,29,75,0,7,57,47,111,8,44,52,163
10/13/2005,FOE,KS,ACE,CE,Federal Contract Tower,0,2,8,13,23,0,0,42,26,68,0,2,50,39,91,16,114,130,221
10/14/2005,FOE,KS,ACE,CE,Federal Contract Tower,0,2,6,24,32,0,0,47,22,69,0,2,53,46,101,10,60,70,171
10/15/2005,FOE,KS,ACE,CE,Federal Contract Tower,0,0,0,7,7,0,0,68,5,73,0,0,68,12,80,42,0,42,122
10/16/2005,FOE,KS,ACE,CE,Federal Contract Tower,0,2,8,7,17,0,0,29,5,34,0,2,37,12,51,0,0,0,51
10/17/2005,FOE,KS,ACE,CE,Federal Contract Tower,0,3,7,24,34,0,2,17,28,47,0,5,24,52,81,0,36,36,117
10/18/2005,FOE,KS,ACE,CE,Federal Contract Tower,0,3,8,21,32,0,0,22,28,50,0,3,30,49,82,2,74,76,158
10/19/2005,FOE,KS,ACE,CE,Federal Contract Tower,0,1,3,13,17,0,2,10,12,24,0,3,13,25,41,0,76,76,117
10/20/2005,FOE,KS,ACE,CE,Federal Contract Tower,0,6,14,15,35,0,0,5,8,13,0,6,19,23,48,0,0,0,48
10/21/2005,FOE,KS,ACE,CE,Federal Contract Tower,3,2,3,21,29,0,0,45,38,83,3,2,48,59,112,40,74,114,226
10/22/2005,FOE,KS,ACE,CE,Federal Contract Tower,0,1,4,11,16,0,0,38,1,39,0,1,42,12,55,35,0,35,90
10/23/2005,FOE,KS,ACE,CE,Federal Contract Tower,3,2,7,6,18,0,0,13,5,18,3,2,20,11,36,0,4,4,40
10/24/2005,FOE,KS,ACE,CE,Federal Contract Tower,1,2,7,14,24,0,0,27,10,37,1,2,34,24,61,12,52,64,125
10/25/2005,FOE,KS,ACE,CE,Federal Contract Tower,0,3,7,31,41,0,0,31,25,56,0,3,38,56,97,20,114,134,231
10/26/2005,FOE,KS,ACE,CE,Federal Contract Tower,0,9,8,33,50,0,1,44,27,72,0,10,52,60,122,14,80,94,216
10/27/2005,FOE,KS,ACE,CE,Federal Contract Tower,0,6,8,14,28,0,0,32,24,56,0,6,40,38,84,10,68,78,162
10/28/2005,FOE,KS,ACE,CE,Federal Contract Tower,0,2,3,26,31,0,0,25,10,35,0,2,28,36,66,2,18,20,86
10/29/2005,FOE,KS,ACE,CE,Federal Contract Tower,2,3,9,4,18,0,2,27,0,29,2,5,36,4,47,6,0,6,53
10/30/2005,FOE,KS,ACE,CE,Federal Contract Tower,2,3,7,2,14,0,0,17,0,17,2,3,24,2,31,42,0,42,73
10/31/2005,FOE,KS,ACE,CE,Federal Contract Tower,0,2,2,13,17,0,0,3,4,7,0,2,5,17,24,0,36,36,60
11/01/2005,FOE,KS,ACE,CE,Federal Contract Tower,0,8,14,21,43,0,0,12,21,33,0,8,26,42,76,4,134,138,214
11/02/2005,FOE,KS,ACE,CE,Federal Contract Tower,0,6,4,21,31,0,1,25,11,37,0,7,29,32,68,4,76,80,148
11/03/2005,FOE,KS,ACE,CE,Federal Contract Tower,6,6,5,12,29,0,0,63,12,75,6,6,68,24,104,54,64,118,222
11/04/2005,FOE,KS,ACE,CE,Federal Contract Tower,0,4,7,17,28,0,1,42,11,54,0,5,49,28,82,8,12,20,102
11/05/2005,FOE,KS,ACE,CE,Federal Contract Tower,0,0,3,5,8,0,1,54,6,61,0,1,57,11,69,24,10,34,103
11/06/2005,FOE,KS,ACE,CE,Federal Contract Tower,2,3,5,10,20,0,2,22,4,28,2,5,27,14,48,16,16,32,80
11/07/2005,FOE,KS,ACE,CE,Federal Contract Tower,0,6,7,25,38,0,0,12,21,33,0,6,19,46,71,4,112,116,187
11/08/2005,FOE,KS,ACE,CE,Federal Contract Tower,0,3,1,16,20,0,2,15,14,31,0,5,16,30,51,12,78,90,141
11/09/2005,FOE,KS,ACE,CE,Federal Contract Tower,0,4,9,28,41,0,0,44,42,86,0,4,53,70,127,8,78,86,213
11/10/2005,FOE,KS,ACE,CE,Federal Contract Tower,0,2,3,11,16,0,0,50,13,63,0,2,53,24,79,2,20,22,101
11/11/2005,FOE,KS,ACE,CE,Federal Contract Tower,2,2,12,8,24,0,0,33,28,61,2,2,45,36,85,16,34,50,135
11/12/2005,FOE,KS,ACE,CE,Federal Contract Tower,1,0,2,0,3,0,0,3,0,3,1,0,5,0,6,0,0,0,6
11/13/2005,FOE,KS,ACE,CE,Federal Contract Tower,0,2,9,7,18,0,1,30,0,31,0,3,39,7,49,10,0,10,59
11/14/2005,FOE,KS,ACE,CE,Federal Contract Tower,0,4,0,22,26,0,1,16,14,31,0,5,16,36,57,2,42,44,101
11/15/2005,FOE,KS,ACE,CE,Federal Contract Tower,0,1,6,15,22,0,0,0,10,10,0,1,6,25,32,0,10,10,42
11/16/2005,FOE,KS,ACE,CE,Federal Contract Tower,0,3,6,33,42,0,4,47,36,87,0,7,53,69,129,12,96,108,237
11/17/2005,FOE,KS,ACE,CE,Federal Contract Tower,2,5,12,14,33,0,1,46,26,73,2,6,58,40,106,12,58,70,176
11/18/2005,FOE,KS,ACE,CE,Federal Contract Tower,0,2,8,23,33,0,0,31,41,72,0,2,39,64,105,18,64,82,187
11/19/2005,FOE,KS,ACE,CE,Federal Contract Tower,0,5,2,4,11,0,0,36,8,44,0,5,38,12,55,34,0,34,89
11/20/2005,FOE,KS,ACE,CE,Federal Contract Tower,2,2,3,4,11,0,0,17,0,17,2,2,20,4,28,4,0,4,32
11/21/2005,FOE,KS,ACE,CE,Federal Contract Tower,2,1,6,18,27,0,4,16,14,34,2,5,22,32,61,2,28,30,91
11/22/2005,FOE,KS,ACE,CE,Federal Contract Tower,0,2,5,20,27,0,1,23,24,48,0,3,28,44,75,10,42,52,127
11/23/2005,FOE,KS,ACE,CE,Federal Contract Tower,0,0,2,10,12,0,0,42,1,43,0,0,44,11,55,20,2,22,77
11/24/2005,FOE,KS,ACE,CE,Federal Contract Tower,0,2,4,0,6,0,0,19,0,19,0,2,23,0,25,0,0,0,25
11/25/2005,FOE,KS,ACE,CE,Federal Contract Tower,0,4,4,0,8,0,0,33,0,33,0,4,37,0,41,6,0,6,47
11/26/2005,FOE,KS,ACE,CE,Federal Contract Tower,0,0,13,2,15,0,0,40,0,40,0,0,53,2,55,10,0,10,65
11/27/2005,FOE,KS,ACE,CE,Federal Contract Tower,0,3,4,4,11,0,0,0,0,0,0,3,4,4,11,0,0,0,11
11/28/2005,FOE,KS,ACE,CE,Federal Contract Tower,0,3,3,15,21,0,0,2,3,5,0,3,5,18,26,2,0,2,28
11/29/2005,FOE,KS,ACE,CE,Federal Contract Tower,0,4,3,35,42,0,1,5,31,37,0,5,8,66,79,0,110,110,189
11/30/2005,FOE,KS,ACE,CE,Federal Contract Tower,2,6,8,22,38,0,0,28,26,54,2,6,36,48,92,20,80,100,192
12/01/2005,FOE,KS,ACE,CE,Federal Contract Tower,1,5,4,15,25,0,0,23,15,38,1,5,27,30,63,2,76,78,141
12/02/2005,FOE,KS,ACE,CE,Federal Contract Tower,0,4,15,22,41,0,3,37,25,65,0,7,52,47,106,8,74,82,188
12/03/2005,FOE,KS,ACE,CE,Federal Contract Tower,0,5,2,18,25,0,0,34,8,42,0,5,36,26,67,14,0,14,81
12/04/2005,FOE,KS,ACE,CE,Federal Contract Tower,0,2,3,12,17,0,0,11,14,25,0,2,14,26,42,2,58,60,102
12/05/2005,FOE,KS,ACE,CE,Federal Contract Tower,2,6,4,26,38,0,1,10,8,19,2,7,14,34,57,0,64,64,121
12/06/2005,FOE,KS,ACE,CE,Federal Contract Tower,2,8,5,23,38,0,0,9,16,25,2,8,14,39,63,2,28,30,93
12/07/2005,FOE,KS,ACE,CE,Federal Contract Tower,2,8,6,2,18,0,0,0,0,0,2,8,6,2,18,0,0,0,18
12/08/2005,FOE,KS,ACE,CE,Federal Contract Tower,0,6,4,8,18,0,2,2,3,7,0,8,6,11,25,0,50,50,75
12/09/2005,FOE,KS,ACE,CE,Federal Contract Tower,0,3,3,4,10,0,1,4,0,5,0,4,7,4,15,0,4,4,19
12/10/2005,FOE,KS,ACE,CE,Federal Contract Tower,2,1,3,8,14,0,0,23,3,26,2,1,26,11,40,6,0,6,46
12/11/2005,FOE,KS,ACE,CE,Federal Contract Tower,0,1,3,5,9,0,1,18,0,19,0,2,21,5,28,18,0,18,46
12/12/2005,FOE,KS,ACE,CE,Federal Contract Tower,0,2,5,40,47,0,0,12,29,41,0,2,17,69,88,2,78,80,168
12/13/2005,FOE,KS,ACE,CE,Federal Contract Tower,0,8,7,25,40,0,1,11,19,31,0,9,18,44,71,16,121,137,208
12/14/2005,FOE,KS,ACE,CE,Federal Contract Tower,0,3,6,17,26,0,2,26,8,36,0,5,32,25,62,8,44,52,114
12/15/2005,FOE,KS,ACE,CE,Federal Contract Tower,0,6,1,43,50,0,0,26,68,94,0,6,27,111,144,10,123,133,277
12/16/2005,FOE,KS,ACE,CE,Federal Contract Tower,0,4,6,27,37,0,0,39,35,74,0,4,45,62,111,10,99,109,220
12/17/2005,FOE,KS,ACE,CE,Federal Contract Tower,0,5,4,1,10,0,0,0,0,0,0,5,4,1,10,0,0,0,10
12/18/2005,FOE,KS,ACE,CE,Federal Contract Tower,0,1,5,5,11,0,0,5,0,5,0,1,10,5,16,2,0,2,18
12/19/2005,FOE,KS,ACE,CE,Federal Contract Tower,2,2,6,21,31,0,1,5,11,17,2,3,11,32,48,0,18,18,66
12/20/2005,FOE,KS,ACE,CE,Federal Contract Tower,0,5,3,28,36,0,0,10,23,33,0,5,13,51,69,16,44,60,129
12/21/2005,FOE,KS,ACE,CE,Federal Contract Tower,0,4,6,22,32,0,0,17,14,31,0,4,23,36,63,22,10,32,95
12/22/2005,FOE,KS,ACE,CE,Federal Contract Tower,0,4,0,17,21,0,0,29,28,57,0,4,29,45,78,16,38,54,132
12/23/2005,FOE,KS,ACE,CE,Federal Contract Tower,2,0,5,1,8,0,0,35,0,35,2,0,40,1,43,14,0,14,57
12/24/2005,FOE,KS,ACE,CE,Federal Contract Tower,3,0,1,0,4,0,0,2,0,2,3,0,3,0,6,0,0,0,6
12/25/2005,FOE,KS,ACE,CE,Federal Contract Tower,0,2,1,0,3,0,0,4,0,4,0,2,5,0,7,2,0,2,9
12/26/2005,FOE,KS,ACE,CE,Federal Contract Tower,0,7,6,0,13,0,0,25,0,25,0,7,31,0,38,42,0,42,80
12/27/2005,FOE,KS,ACE,CE,Federal Contract Tower,1,1,5,8,15,0,0,24,8,32,1,1,29,16,47,18,40,58,105
12/28/2005,FOE,KS,ACE,CE,Federal Contract Tower,0,2,0,5,7,0,2,17,16,35,0,4,17,21,42,6,34,40,82
12/29/2005,FOE,KS,ACE,CE,Federal Contract Tower,0,0,2,2,4,0,0,0,11,11,0,0,2,13,15,0,32,32,47
12/30/2005,FOE,KS,ACE,CE,Federal Contract Tower,0,1,7,2,10,0,0,22,1,23,0,1,29,3,33,14,0,14,47
12/31/2005,FOE,KS,ACE,CE,Federal Contract Tower,0,1,2,0,3,0,0,49,0,49,0,1,51,0,52,54,0,54,106
01/01/2006,FOE,KS,ACE,CE,Federal Contract Tower,0,3,0,0,3,0,0,7,0,7,0,3,7,0,10,2,0,2,12
01/02/2006,FOE,KS,ACE,CE,Federal Contract Tower,0,4,3,0,7,0,0,5,0,5,0,4,8,0,12,14,0,14,26
01/03/2006,FOE,KS,ACE,CE,Federal Contract Tower,1,1,2,12,16,0,0,4,4,8,1,1,6,16,24,0,20,20,44
01/04/2006,FOE,KS,ACE,CE,Federal Contract Tower,0,1,5,29,35,0,0,33,37,70,0,1,38,66,105,0,74,74,179
01/05/2006,FOE,KS,ACE,CE,Federal Contract Tower,0,2,0,29,31,0,4,21,16,41,0,6,21,45,72,4,72,76,148
01/06/2006,FOE,KS,ACE,CE,Federal Contract Tower,0,3,11,5,19,0,1,22,15,38,0,4,33,20,57,10,40,50,107
01/07/2006,FOE,KS,ACE,CE,Federal Contract Tower,2,2,2,13,19,0,0,64,20,84,2,2,66,33,103,36,34,70,173
01/08/2006,FOE,KS,ACE,CE,Federal Contract Tower,0,2,0,2,4,0,0,17,5,22,0,2,17,7,26,10,8,18,44
01/09/2006,FOE,KS,ACE,CE,Federal Contract Tower,2,4,7,39,52,0,0,5,27,32,2,4,12,66,84,0,52,52,136
01/10/2006,FOE,KS,ACE,CE,Federal Contract Tower,2,2,13,15,32,0,0,14,17,31,2,2,27,32,63,4,76,80,143
01/11/2006,FOE,KS,ACE,CE,Federal Contract Tower,0,6,10,14,30,0,0,34,33,67,0,6,44,47,97,2,86,88,185
01/12/2006,FOE,KS,ACE,CE,Federal Contract Tower,4,5,5,29,43,0,0,13,25,38,4,5,18,54,81,0,114,114,195
01/13/2006,FOE,KS,ACE,CE,Federal Contract Tower,0,1,3,46,50,0,1,22,37,60,0,2,25,83,110,6,100,106,216
01/14/2006,FOE,KS,ACE,CE,Federal Contract Tower,2,0,0,4,6,0,0,38,2,40,2,0,38,6,46,26,0,26,72
01/15/2006,FOE,KS,ACE,CE,Federal Contract Tower,0,5,1,2,8,0,0,25,0,25,0,5,26,2,33,12,0,12,45
01/16/2006,FOE,KS,ACE,CE,Federal Contract Tower,0,6,4,2,12,0,0,5,0,5,0,6,9,2,17,0,0,0,17
01/17/2006,FOE,KS,ACE,CE,Federal Contract Tower,0,3,8,24,35,0,2,7,18,27,0,5,15,42,62,6,92,98,160
01/18/2006,FOE,KS,ACE,CE,Federal Contract Tower,2,6,12,22,42,0,1,30,21,52,2,7,42,43,94,0,148,148,242
01/19/2006,FOE,KS,ACE,CE,Federal Contract Tower,4,5,10,19,38,0,0,42,27,69,4,5,52,46,107,12,112,124,231
01/20/2006,FOE,KS,ACE,CE,Federal Contract Tower,0,1,6,5,12,0,0,0,0,0,0,1,6,5,12,0,0,0,12
01/21/2006,FOE,KS,ACE,CE,Federal Contract Tower,4,0,4,6,14,0,0,6,6,12,4,0,10,12,26,0,8,8,34
01/22/2006,FOE,KS,ACE,CE,Federal Contract Tower,0,2,2,7,11,0,0,8,2,10,0,2,10,9,21,0,0,0,21
01/23/2006,FOE,KS,ACE,CE,Federal Contract Tower,4,2,8,15,29,0,0,8,1,9,4,2,16,16,38,0,2,2,40
01/24/2006,FOE,KS,ACE,CE,Federal Contract Tower,4,3,13,21,41,0,0,17,19,36,4,3,30,40,77,2,48,50,127
01/25/2006,FOE,KS,ACE,CE,Federal Contract Tower,0,5,16,14,35,0,0,27,8,35,0,5,43,22,70,0,42,42,112
01/26/2006,FOE,KS,ACE,CE,Federal Contract Tower,0,3,8,9,20,0,0,4,14,18,0,3,12,23,38,0,50,50,88
01/27/2006,FOE,KS,ACE,CE,Federal Contract Tower,6,3,3,13,25,0,1,34,22,57,6,4,37,35,82,14,24,38,120
01/28/2006,FOE,KS,ACE,CE,Federal Contract Tower,2,4,8,0,14,0,0,1,0,1,2,4,9,0,15,0,0,0,15
01/29/2006,FOE,KS,ACE,CE,Federal Contract Tower,0,3,1,4,8,0,0,17,2,19,0,3,18,6,27,4,0,4,31
01/30/2006,FOE,KS,ACE,CE,Federal Contract Tower,0,5,2,22,29,0,1,9,16,26,0,6,11,38,55,2,54,56,111
01/31/2006,FOE,KS,ACE,CE,Federal Contract Tower,0,5,5,25,35,0,1,23,8,32,0,6,28,33,67,0,36,36,103
02/01/2006,FOE,KS,ACE,CE,Federal Contract Tower,0,2,5,20,27,0,0,34,14,48,0,2,39,34,75,10,88,98,173
02/02/2006,FOE,KS,ACE,CE,Federal Contract Tower,0,5,5,35,45,0,0,37,29,66,0,5,42,64,111,34,100,134,245
02/03/2006,FOE,KS,ACE,CE,Federal Contract Tower,0,4,4,25,33,0,1,28,28,57,0,5,32,53,90,6,70,76,166
02/04/2006,FOE,KS,ACE,CE,Federal Contract Tower,0,0,1,13,14,0,0,32,23,55,0,0,33,36,69,32,82,114,183
02/05/2006,FOE,KS,ACE,CE,Federal Contract Tower,0,0,8,1,9,0,0,6,6,12,0,0,14,7,21,2,0,2,23
02/06/2006,FOE,KS,ACE,CE,Federal Contract Tower,2,3,6,10,21,0,0,12,2,14,2,3,18,12,35,4,0,4,39
02/07/2006,FOE,KS,ACE,CE,Federal Contract Tower,0,3,13,21,37,0,0,18,19,37,0,3,31,40,74,20,40,60,134
02/08/2006,FOE,KS,ACE,CE,Federal Contract Tower,0,3,3,14,20,0,1,37,5,43,0,4,40,19,63,10,42,52,115
02/09/2006,FOE,KS,ACE,CE,Federal Contract Tower,0,0,3,27,30,0,2,42,18,62,0,2,45,45,92,10,94,104,196
02/10/2006,FOE,KS,ACE,CE,Federal Contract Tower,0,0,5,34,39,0,1,28,21,50,0,1,33,55,89,6,72,78,167
02/11/2006,FOE,KS,ACE,CE,Federal Contract Tower,0,0,5,1,6,0,0,2,3,5,0,0,7,4,11,0,0,0,11
02/12/2006,FOE,KS,ACE,CE,Federal Contract Tower,2,2,5,8,17,0,0,15,3,18,2,2,20,11,35,4,12,16,51
02/13/2006,FOE,KS,ACE,CE,Federal Contract Tower,0,0,4,11,15,0,1,12,15,28,0,1,16,26,43,0,24,24,67
02/14/2006,FOE,KS,ACE,CE,Federal Contract Tower,0,3,7,15,25,0,2,35,11,48,0,5,42,26,73,40,18,58,131
02/15/2006,FOE,KS,ACE,CE,Federal Contract Tower,0,2,6,16,24,0,5,26,3,34,0,7,32,19,58,0,4,4,62
02/16/2006,FOE,KS,ACE,CE,Federal Contract Tower,0,3,4,5,12,0,0,12,0,12,0,3,16,5,24,0,0,0,24
02/17/2006,FOE,KS,ACE,CE,Federal Contract Tower,0,6,6,12,24,0,2,25,14,41,0,8,31,26,65,2,74,76,141
02/18/2006,FOE,KS,ACE,CE,Federal Contract Tower,0,0,0,0,0,0,2,19,4,25,0,2,19,4,25,30,0,30,55
02/19/2006,FOE,KS,ACE,CE,Federal Contract Tower,2,1,3,1,7,0,2,10,0,12,2,3,13,1,19,8,0,8,27
02/20/2006,FOE,KS,ACE,CE,Federal Contract Tower,2,4,16,8,30,0,1,14,2,17,2,5,30,10,47,20,0,20,67
02/21/2006,FOE,KS,ACE,CE,Federal Contract Tower,1,10,8,32,51,0,2,27,35,64,1,12,35,67,115,22,162,184,299
02/22/2006,FOE,KS,ACE,CE,Federal Contract Tower,2,5,5,23,35,0,2,11,14,27,2,7,16,37,62,12,52,64,126
02/23/2006,FOE,KS,ACE,CE,Federal Contract Tower,0,2,10,16,28,0,5,54,58,117,0,7,64,74,145,2,150,152,297
02/24/2006,FOE,KS,ACE,CE,Federal Contract Tower,2,2,4,13,21,0,2,34,20,56,2,4,38,33,77,0,23,23,100
02/25/2006,FOE,KS,ACE,CE,Federal Contract Tower,0,0,4,2,6,0,0,52,0,52,0,0,56,2,58,14,0,14,72
02/26/2006,FOE,KS,ACE,CE,Federal Contract Tower,0,1,0,2,3,0,2,28,0,30,0,3,28,2,33,16,0,16,49
02/27/2006,FOE,KS,ACE,CE,Federal Contract Tower,0,0,5,4,9,0,0,9,3,12,0,0,14,7,21,0,6,6,27
02/28/2006,FOE,KS,ACE,CE,Federal Contract Tower,0,5,4,30,39,0,0,34,40,74,0,5,38,70,113,4,130,134,247
03/01/2006,FOE,KS,ACE,CE,Federal Contract Tower,0,1,5,11,17,0,2,26,10,38,0,3,31,21,55,5,30,35,90
03/02/2006,FOE,KS,ACE,CE,Federal Contract Tower,0,2,11,24,37,0,6,39,21,66,0,8,50,45,103,46,54,100,203
03/03/2006,FOE,KS,ACE,CE,Federal Contract Tower,0,1,5,7,13,0,0,30,6,36,0,1,35,13,49,4,32,36,85
03/04/2006,FOE,KS,ACE,CE,Federal Contract Tower,0,1,7,4,12,0,0,3,5,8,0,1,10,9,20,0,8,8,28
03/05/2006,FOE,KS,ACE,CE,Federal Contract Tower,0,3,8,8,19,0,0,24,8,32,0,3,32,16,51,10,34,44,95
03/06/2006,FOE,KS,ACE,CE,Federal Contract Tower,0,5,2,23,30,0,1,11,17,29,0,6,13,40,59,8,32,40,99
03/07/2006,FOE,KS,ACE,CE,Federal Contract Tower,0,2,4,6,12,0,0,11,6,17,0,2,15,12,29,2,8,10,39
03/08/2006,FOE,KS,ACE,CE,Federal Contract Tower,0,6,9,7,22,0,1,3,6,10,0,7,12,13,32,0,18,18,50
03/09/2006,FOE,KS,ACE,CE,Federal Contract Tower,2,9,12,22,45,0,0,10,12,22,2,9,22,34,67,0,0,0,67
03/10/2006,FOE,KS,ACE,CE,Federal Contract Tower,0,1,11,11,23,0,0,27,27,54,0,1,38,38,77,0,104,104,181
03/11/2006,FOE,KS,ACE,CE,Federal Contract Tower,0,3,3,1,7,0,0,60,1,61,0,3,63,2,68,16,0,16,84
03/12/2006,FOE,KS,ACE,CE,Federal Contract Tower,2,0,1,2,5,0,0,2,0,2,2,0,3,2,7,0,0,0,7
03/13/2006,FOE,KS,ACE,CE,Federal Contract Tower,2,5,8,20,35,0,0,15,16,31,2,5,23,36,66,8,18,26,92
03/14/2006,FOE,KS,ACE,CE,Federal Contract Tower,1,3,4,23,31,0,1,25,23,49,1,4,29,46,80,20,90,110,190
03/15/2006,FOE,KS,ACE,CE,Federal Contract Tower,0,3,9,27,39,0,0,20,41,61,0,3,29,68,100,0,86,86,186
03/16/2006,FOE,KS,ACE,CE,Federal Contract Tower,0,5,14,15,34,0,2,36,26,64,0,7,50,41,98,10,60,70,168
03/17/2006,FOE,KS,ACE,CE,Federal Contract Tower,2,2,9,11,24,0,2,15,11,28,2,4,24,22,52,16,26,42,94
03/18/2006,FOE,KS,ACE,CE,Federal Contract Tower,2,2,5,4,13,0,0,21,3,24,2,2,26,7,37,30,0,30,67
03/19/2006,FOE,KS,ACE,CE,Federal Contract Tower,2,1,3,4,10,0,0,2,0,2,2,1,5,4,12,0,0,0,12
03/20/2006,FOE,KS,ACE,CE,Federal Contract Tower,0,1,0,1,2,0,0,0,0,0,0,1,0,1,2,0,0,0,2
03/21/2006,FOE,KS,ACE,CE,Federal Contract Tower,0,6,6,5,17,0,0,5,12,17,0,6,11,17,34,10,16,26,60
03/22/2006,FOE,KS,ACE,CE,Federal Contract Tower,0,1,2,16,19,0,1,14,24,39,0,2,16,40,58,4,78,82,140
03/23/2006,FOE,KS,ACE,CE,Federal Contract Tower,0,4,4,35,43,0,0,17,38,55,0,4,21,73,98,8,62,70,168
03/24/2006,FOE,KS,ACE,CE,Federal Contract Tower,2,5,4,33,44,0,0,24,27,51,2,5,28,60,95,0,88,88,183
03/25/2006,FOE,KS,ACE,CE,Federal Contract Tower,0,1,3,8,12,0,0,67,8,75,0,1,70,16,87,22,8,30,117
03/26/2006,FOE,KS,ACE,CE,Federal Contract Tower,2,1,0,3,6,0,0,26,0,26,2,1,26,3,32,74,0,74,106
03/27/2006,FOE,KS,ACE,CE,Federal Contract Tower,2,4,1,26,33,0,0,9,20,29,2,4,10,46,62,6,28,34,96
03/28/2006,FOE,KS,ACE,CE,Federal Contract Tower,1,4,5,13,23,0,0,33,26,59,1,4,38,39,82,16,74,90,172
03/29/2006,FOE,KS,ACE,CE,Federal Contract Tower,2,1,7,16,26,0,0,12,34,46,2,1,19,50,72,10,146,156,228
03/30/2006,FOE,KS,ACE,CE,Federal Contract Tower,1,2,5,7,15,0,0,1,23,24,1,2,6,30,39,0,30,30,69
03/31/2006,FOE,KS,ACE,CE,Federal Contract Tower,3,1,7,28,39,0,0,41,21,62,3,1,48,49,101,22,60,82,183
04/01/2006,FOE,KS,ACE,CE,Federal Contract Tower,0,1,8,14,23,0,0,22,16,38,0,1,30,30,61,28,62,90,151
04/02/2006,FOE,KS,ACE,CE,Federal Contract Tower,0,0,5,2,7,0,0,3,7,10,0,0,8,9,17,0,0,0,17
04/03/2006,FOE,KS,ACE,CE,Federal Contract Tower,2,1,14,15,32,0,1,9,11,21,2,2,23,26,53,10,44,54,107
04/04/2006,FOE,KS,ACE,CE,Federal Contract Tower,0,1,13,19,33,0,1,27,15,43,0,2,40,34,76,8,84,92,168
04/05/2006,FOE,KS,ACE,CE,Federal Contract Tower,0,9,3,18,30,0,0,29,20,49,0,9,32,38,79,6,30,36,115
04/06/2006,FOE,KS,ACE,CE,Federal Contract Tower,0,2,13,12,27,0,2,13,4,19,0,4,26,16,46,0,22,22,68
04/07/2006,FOE,KS,ACE,CE,Federal Contract Tower,2,0,5,18,25,0,1,19,15,35,2,1,24,33,60,58,16,74,134
04/08/2006,FOE,KS,ACE,CE,Federal Contract Tower,0,0,6,7,13,0,0,65,0,65,0,0,71,7,78,66,0,66,144
04/09/2006,FOE,KS,ACE,CE,Federal Contract Tower,0,1,5,6,12,0,0,32,9,41,0,1,37,15,53,28,12,40,93
04/10/2006,FOE,KS,ACE,CE,Federal Contract Tower,2,1,4,5,12,0,0,11,6,17,2,1,15,11,29,2,8,10,39
04/11/2006,FOE,KS,ACE,CE,Federal Contract Tower,0,3,16,16,35,0,0,12,8,20,0,3,28,24,55,0,26,26,81
04/12/2006,FOE,KS,ACE,CE,Federal Contract Tower,0,4,17,23,44,0,2,65,29,96,0,6,82,52,140,34,44,78,218
04/13/2006,FOE,KS,ACE,CE,Federal Contract Tower,0,6,10,27,43,0,1,27,38,66,0,7,37,65,109,40,192,232,341
04/14/2006,FOE,KS,ACE,CE,Federal Contract Tower,2,4,8,15,29,0,0,52,27,79,2,4,60,42,108,12,76,88,196
04/15/2006,FOE,KS,ACE,CE,Federal Contract Tower,0,2,6,2,10,0,0,4,0,4,0,2,10,2,14,0,0,0,14
04/16/2006,FOE,KS,ACE,CE,Federal Contract Tower,0,0,2,0,2,0,0,13,9,22,0,0,15,9,24,0,40,40,64
04/17/2006,FOE,KS,ACE,CE,Federal Contract Tower,2,2,17,19,40,0,2,24,29,55,2,4,41,48,95,0,12,12,107
04/18/2006,FOE,KS,ACE,CE,Federal Contract Tower,0,1,11,23,35,0,1,38,16,55,0,2,49,39,90,4,62,66,156
04/19/2006,FOE,KS,ACE,CE,Federal Contract Tower,0,1,1,34,36,0,0,44,53,97,0,1,45,87,133,12,164,176,309
04/20/2006,FOE,KS,ACE,CE,Federal Contract Tower,0,0,10,26,36,0,1,59,51,111,0,1,69,77,147,44,176,220,367
04/21/2006,FOE,KS,ACE,CE,Federal Contract Tower,2,0,9,23,34,0,0,42,26,68,2,0,51,49,102,24,27,51,153
04/22/2006,FOE,KS,ACE,CE,Federal Contract Tower,0,0,8,2,10,0,0,80,0,80,0,0,88,2,90,6,0,6,96
04/23/2006,FOE,KS,ACE,CE,Federal Contract Tower,0,1,4,3,8,0,0,15,0,15,0,1,19,3,23,6,0,6,29
04/24/2006,FOE,KS,ACE,CE,Federal Contract Tower,2,5,3,8,18,0,0,7,5,12,2,5,10,13,30,0,36,36,66
04/25/2006,FOE,KS,ACE,CE,Federal Contract Tower,0,2,4,37,43,0,0,2,22,24,0,2,6,59,67,0,0,0,67
04/26/2006,FOE,KS,ACE,CE,Federal Contract Tower,0,0,6,44,50,0,0,35,47,82,0,0,41,91,132,38,12,50,182
04/27/2006,FOE,KS,ACE,CE,Federal Contract Tower,0,4,11,25,40,0,0,34,23,57,0,4,45,48,97,22,76,98,195
04/28/2006,FOE,KS,ACE,CE,Federal Contract Tower,2,1,0,3,6,0,0,0,0,0,2,1,0,3,6,0,0,0,6
04/29/2006,FOE,KS,ACE,CE,Federal Contract Tower,0,0,4,6,10,0,0,0,0,0,0,0,4,6,10,0,0,0,10
04/30/2006,FOE,KS,ACE,CE,Federal Contract Tower,0,1,7,4,12,0,1,4,0,5,0,2,11,4,17,6,0,6,23
05/01/2006,FOE,KS,ACE,CE,Federal Contract Tower,2,0,3,27,32,0,0,26,23,49,2,0,29,50,81,0,56,56,137
05/02/2006,FOE,KS,ACE,CE,Federal Contract Tower,0,2,9,20,31,0,0,23,18,41,0,2,32,38,72,22,78,100,172
05/03/2006,FOE,KS,ACE,CE,Federal Contract Tower,0,9,7,13,29,0,0,9,13,22,0,9,16,26,51,2,8,10,61
05/04/2006,FOE,KS,ACE,CE,Federal Contract Tower,0,4,20,24,48,0,4,51,17,72,0,8,71,41,120,50,92,142,262
05/05/2006,FOE,KS,ACE,CE,Federal Contract Tower,2,1,14,9,26,0,0,47,22,69,2,1,61,31,95,36,76,112,207
05/06/2006,FOE,KS,ACE,CE,Federal Contract Tower,0,3,4,2,9,0,0,43,17,60,0,3,47,19,69,4,6,10,79
05/07/2006,FOE,KS,ACE,CE,Federal Contract Tower,0,1,4,17,22,0,0,6,14,20,0,1,10,31,42,10,12,22,64
05/08/2006,FOE,KS,ACE,CE,Federal Contract Tower,2,2,9,18,31,0,0,9,14,23,2,2,18,32,54,4,70,74,128
05/09/2006,FOE,KS,ACE,CE,Federal Contract Tower,0,8,6,17,31,0,0,21,5,26,0,8,27,22,57,20,26,46,103
05/10/2006,FOE,KS,ACE,CE,Federal Contract Tower,0,5,2,17,24,0,0,33,15,48,0,5,35,32,72,12,18,30,102
05/11/2006,FOE,KS,ACE,CE,Federal Contract Tower,0,4,6,27,37,0,0,4,33,37,0,4,10,60,74,0,90,90,164
05/12/2006,FOE,KS,ACE,CE,Federal Contract Tower,2,4,11,8,25,0,1,22,4,27,2,5,33,12,52,0,14,14,66
05/13/2006,FOE,KS,ACE,CE,Federal Contract Tower,0,1,2,5,8,0,0,53,2,55,0,1,55,7,63,22,2,24,87
05/14/2006,FOE,KS,ACE,CE,Federal Contract Tower,0,0,7,4,11,0,0,13,0,13,0,0,20,4,24,2,0,2,26
05/15/2006,FOE,KS,ACE,CE,Federal Contract Tower,2,1,19,16,38,0,2,2,25,29,2,3,21,41,67,12,38,50,117
05/16/2006,FOE,KS,ACE,CE,Federal Contract Tower,0,5,3,11,19,0,1,27,4,32,0,6,30,15,51,26,34,60,111
05/17/2006,FOE,KS,ACE,CE,Federal Contract Tower,0,4,6,12,22,0,14,50,8,72,0,18,56,20,94,20,18,38,132
05/18/2006,FOE,KS,ACE,CE,Federal Contract Tower,1,7,7,20,35,0,4,33,39,76,1,11,40,59,111,34,94,128,239
05/19/2006,FOE,KS,ACE,CE,Federal Contract Tower,2,7,13,14,36,0,0,47,9,56,2,7,60,23,92,10,18,28,120
05/20/2006,FOE,KS,ACE,CE,Federal Contract Tower,0,2,3,0,5,0,0,46,48,94,0,2,49,48,99,16,4,20,119
05/21/2006,FOE,KS,ACE,CE,Federal Contract Tower,1,2,1,22,26,0,1,18,24,43,1,3,19,46,69,0,16,16,85
05/22/2006,FOE,KS,ACE,CE,Federal Contract Tower,4,5,4,7,20,0,0,7,0,7,4,5,11,7,27,0,8,8,35
05/23/2006,FOE,KS,ACE,CE,Federal Contract Tower,0,9,8,11,28,0,0,19,7,26,0,9,27,18,54,6,6,12,66
05/24/2006,FOE,KS,ACE,CE,Federal Contract Tower,0,2,15,39,56,0,2,46,56,104,0,4,61,95,160,6,120,126,286
05/25/2006,FOE,KS,ACE,CE,Federal Contract Tower,0,2,12,38,52,0,8,55,28,91,0,10,67,66,143,4,82,86,229
05/26/2006,FOE,KS,ACE,CE,Federal Contract Tower,2,3,14,9,28,0,0,67,24,91,2,3,81,33,119,18,56,74,193
05/27/2006,FOE,KS,ACE,CE,Federal Contract Tower,0,0,3,0,3,0,2,43,4,49,0,2,46,4,52,0,4,4,56
05/28/2006,FOE,KS,ACE,CE,Federal Contract Tower,0,3,11,1,15,0,0,15,0,15,0,3,26,1,30,0,0,0,30
05/29/2006,FOE,KS,ACE,CE,Federal Contract Tower,2,0,1,2,5,0,0,10,0,10,2,0,11,2,15,0,0,0,15
05/30/2006,FOE,KS,ACE,CE,Federal Contract Tower,0,7,5,36,48,0,0,12,42,54,0,7,17,78,102,0,28,28,130
05/31/2006,FOE,KS,ACE,CE,Federal Contract Tower,2,2,8,18,30,0,0,13,15,28,2,2,21,33,58,0,114,114,172
06/01/2006,FOE,KS,ACE,CE,Federal Contract Tower,0,2,9,30,41,0,0,37,32,69,0,2,46,62,110,10,80,90,200
06/02/2006,FOE,KS,ACE,CE,Federal Contract Tower,2,4,0,11,17,0,0,58,19,77,2,4,58,30,94,2,28,30,124
06/03/2006,FOE,KS,ACE,CE,Federal Contract Tower,0,0,8,11,19,0,0,52,10,62,0,0,60,21,81,12,8,20,101
06/04/2006,FOE,KS,ACE,CE,Federal Contract Tower,0,2,3,9,14,0,0,10,6,16,0,2,13,15,30,0,8,8,38
06/05/2006,FOE,KS,ACE,CE,Federal Contract Tower,4,10,12,26,52,0,0,6,22,28,4,10,18,48,80,8,98,106,186
06/06/2006,FOE,KS,ACE,CE,Federal Contract Tower,0,6,9,21,36,0,4,27,22,53,0,10,36,43,89,14,52,66,155
06/07/2006,FOE,KS,ACE,CE,Federal Contract Tower,0,7,2,26,35,0,0,31,14,45,0,7,33,40,80,2,82,84,164
06/08/2006,FOE,KS,ACE,CE,Federal Contract Tower,0,2,5,27,34,0,1,44,31,76,0,3,49,58,110,34,96,130,240
06/09/2006,FOE,KS,ACE,CE,Federal Contract Tower,2,7,9,12,30,0,0,60,21,81,2,7,69,33,111,8,70,78,189
06/10/2006,FOE,KS,ACE,CE,Federal Contract Tower,0,3,4,5,12,0,0,52,43,95,0,3,56,48,107,22,30,52,159
06/11/2006,FOE,KS,ACE,CE,Federal Contract Tower,0,2,11,2,15,0,0,14,0,14,0,2,25,2,29,20,4,24,53
06/12/2006,FOE,KS,ACE,CE,Federal Contract Tower,2,2,7,14,25,0,3,17,23,43,2,5,24,37,68,22,82,104,172
06/13/2006,FOE,KS,ACE,CE,Federal Contract Tower,0,5,8,17,30,0,0,16,13,29,0,5,24,30,59,22,70,92,151
06/14/2006,FOE,KS,ACE,CE,Federal Contract Tower,0,3,10,16,29,0,5,50,35,90,0,8,60,51,119,12,110,122,241
06/15/2006,FOE,KS,ACE,CE,Federal Contract Tower,0,4,9,26,39,0,0,27,28,55,0,4,36,54,94,2,14,16,110
06/16/2006,FOE,KS,ACE,CE,Federal Contract Tower,2,0,12,7,21,0,0,39,5,44,2,0,51,12,65,0,4,4,69
06/17/2006,FOE,KS,ACE,CE,Federal Contract Tower,0,0,8,3,11,0,0,24,17,41,0,0,32,20,52,8,22,30,82
06/18/2006,FOE,KS,ACE,CE,Federal Contract Tower,0,3,1,4,8,0,0,6,0,6,0,3,7,4,14,0,0,0,14
06/19/2006,FOE,KS,ACE,CE,Federal Contract Tower,2,3,5,16,26,0,3,8,23,34,2,6,13,39,60,14,56,70,130
06/20/2006,FOE,KS,ACE,CE,Federal Contract Tower,0,8,7,12,27,0,0,12,14,26,0,8,19,26,53,8,22,30,83
06/21/2006,FOE,KS,ACE,CE,Federal Contract Tower,0,5,7,10,22,0,0,12,9,21,0,5,19,19,43,10,18,28,71
06/22/2006,FOE,KS,ACE,CE,Federal Contract Tower,0,2,7,13,22,0,0,18,22,40,0,2,25,35,62,2,46,48,110
06/23/2006,FOE,KS,ACE,CE,Federal Contract Tower,2,2,9,14,27,0,0,44,4,48,2,2,53,18,75,50,30,80,155
06/24/2006,FOE,KS,ACE,CE,Federal Contract Tower,4,0,4,1,9,0,0,52,5,57,4,0,56,6,66,0,0,0,66
06/25/2006,FOE,KS,ACE,CE,Federal Contract Tower,0,0,4,9,13,0,0,31,6,37,0,0,35,15,50,0,2,2,52
06/26/2006,FOE,KS,ACE,CE,Federal Contract Tower,2,0,4,25,31,0,0,19,23,42,2,0,23,48,73,6,90,96,169
06/27/2006,FOE,KS,ACE,CE,Federal Contract Tower,0,6,2,20,28,0,1,21,21,43,0,7,23,41,71,16,50,66,137
06/28/2006,FOE,KS,ACE,CE,Federal Contract Tower,0,4,9,14,27,0,0,33,28,61,0,4,42,42,88,6,130,136,224
06/29/2006,FOE,KS,ACE,CE,Federal Contract Tower,0,6,8,21,35,0,3,36,25,64,0,9,44,46,99,0,130,130,229
06/30/2006,FOE,KS,ACE,CE,Federal Contract Tower,2,1,7,31,41,0,4,48,21,73,2,5,55,52,114,36,162,198,312
07/01/2006,FOE,KS,ACE,CE,Federal Contract Tower,0,0,8,0,8,0,0,50,2,52,0,0,58,2,60,4,0,4,64
07/02/2006,FOE,KS,ACE,CE,Federal Contract Tower,0,4,2,2,8,0,1,18,0,19,0,5,20,2,27,2,0,2,29
07/03/2006,FOE,KS,ACE,CE,Federal Contract Tower,2,3,5,2,12,0,0,15,0,15,2,3,20,2,27,8,0,8,35
07/04/2006,FOE,KS,ACE,CE,Federal Contract Tower,0,0,4,0,4,0,0,28,0,28,0,0,32,0,32,0,0,0,32
07/05/2006,FOE,KS,ACE,CE,Federal Contract Tower,0,0,11,40,51,0,1,24,44,69,0,1,35,84,120,0,104,104,224
07/06/2006,FOE,KS,ACE,CE,Federal Contract Tower,0,9,8,21,38,0,0,61,38,99,0,9,69,59,137,14,80,94,231
07/07/2006,FOE,KS,ACE,CE,Federal Contract Tower,4,5,9,34,52,0,4,63,30,97,4,9,72,64,149,26,120,146,295
07/08/2006,FOE,KS,ACE,CE,Federal Contract Tower,0,2,4,10,16,0,0,45,29,74,0,2,49,39,90,4,22,26,116
07/09/2006,FOE,KS,ACE,CE,Federal Contract Tower,0,2,3,10,15,0,0,16,5,21,0,2,19,15,36,0,10,10,46
07/10/2006,FOE,KS,ACE,CE,Federal Contract Tower,2,4,4,7,17,0,0,3,7,10,2,4,7,14,27,8,2,10,37
07/11/2006,FOE,KS,ACE,CE,Federal Contract Tower,0,0,7,13,20,0,1,18,13,32,0,1,25,26,52,28,36,64,116
07/12/2006,FOE,KS,ACE,CE,Federal Contract Tower,0,4,4,26,34,0,0,49,25,74,0,4,53,51,108,32,54,86,194
07/13/2006,FOE,KS,ACE,CE,Federal Contract Tower,2,3,7,13,25,0,3,43,10,56,2,6,50,23,81,4,42,46,127
07/14/2006,FOE,KS,ACE,CE,Federal Contract Tower,3,5,6,31,45,0,0,61,5,66,3,5,67,36,111,34,18,52,163
07/15/2006,FOE,KS,ACE,CE,Federal Contract Tower,0,4,2,2,8,0,0,64,0,64,0,4,66,2,72,26,0,26,98
07/16/2006,FOE,KS,ACE,CE,Federal Contract Tower,2,0,6,4,12,0,0,25,2,27,2,0,31,6,39,2,0,2,41
07/17/2006,FOE,KS,ACE,CE,Federal Contract Tower,2,4,7,18,31,0,1,16,7,24,2,5,23,25,55,0,40,40,95
07/18/2006,FOE,KS,ACE,CE,Federal Contract Tower,0,3,7,32,42,0,0,29,27,56,0,3,36,59,98,28,60,88,186
07/19/2006,FOE,KS,ACE,CE,Federal Contract Tower,0,6,3,24,33,0,4,37,14,55,0,10,40,38,88,18,16,34,122
07/20/2006,FOE,KS,ACE,CE,Federal Contract Tower,0,7,16,30,53,0,0,27,50,77,0,7,43,80,130,4,134,138,268
07/21/2006,FOE,KS,ACE,CE,Federal Contract Tower,2,0,9,24,35,0,5,68,9,82,2,5,77,33,117,2,36,38,155
07/22/2006,FOE,KS,ACE,CE,Federal Contract Tower,0,0,3,2,5,0,3,62,0,65,0,3,65,2,70,30,0,30,100
07/23/2006,FOE,KS,ACE,CE,Federal Contract Tower,0,3,8,21,32,0,0,52,8,60,0,3,60,29,92,6,18,24,116
07/24/2006,FOE,KS,ACE,CE,Federal Contract Tower,0,4,3,25,32,0,0,16,22,38,0,4,19,47,70,12,36,48,118
07/25/2006,FOE,KS,ACE,CE,Federal Contract Tower,0,6,2,19,27,0,1,22,15,38,0,7,24,34,65,6,10,16,81
07/26/2006,FOE,KS,ACE,CE,Federal Contract Tower,0,4,21,19,44,0,0,48,18,66,0,4,69,37,110,10,82,92,202
07/27/2006,FOE,KS,ACE,CE,Federal Contract Tower,0,1,7,4,12,0,0,18,16,34,0,1,25,20,46,0,18,18,64
07/28/2006,FOE,KS,ACE,CE,Federal Contract Tower,2,1,4,15,22,0,0,84,19,103,2,1,88,34,125,72,22,94,219
07/29/2006,FOE,KS,ACE,CE,Federal Contract Tower,0,0,3,4,7,0,0,52,5,57,0,0,55,9,64,4,0,4,68
07/30/2006,FOE,KS,ACE,CE,Federal Contract Tower,1,3,9,8,21,0,0,51,3,54,1,3,60,11,75,2,0,2,77
07/31/2006,FOE,KS,ACE,CE,Federal Contract Tower,2,5,2,30,39,0,0,14,20,34,2,5,16,50,73,0,56,56,129
08/01/2006,FOE,KS,ACE,CE,Federal Contract Tower,0,1,5,13,19,0,0,28,23,51,0,1,33,36,70,0,50,50,120
08/02/2006,FOE,KS,ACE,CE,Federal Contract Tower,0,2,4,23,29,0,0,37,18,55,0,2,41,41,84,16,74,90,174
08/03/2006,FOE,KS,ACE,CE,Federal Contract Tower,0,5,8,34,47,0,2,33,39,74,0,7,41,73,121,12,124,136,257
08/04/2006,FOE,KS,ACE,CE,Federal Contract Tower,2,4,9,21,36,0,1,60,50,111,2,5,69,71,147,54,56,110,257
08/05/2006,FOE,KS,ACE,CE,Federal Contract Tower,0,2,3,14,19,0,2,77,21,100,0,4,80,35,119,28,16,44,163
08/06/2006,FOE,KS,ACE,CE,Federal Contract Tower,0,2,0,17,19,0,0,53,18,71,0,2,53,35,90,26,10,36,126
08/07/2006,FOE,KS,ACE,CE,Federal Contract Tower,2,3,4,12,21,0,0,16,5,21,2,3,20,17,42,22,28,50,92
08/08/2006,FOE,KS,ACE,CE,Federal Contract Tower,0,3,13,23,39,0,0,31,20,51,0,3,44,43,90,28,56,84,174
08/09/2006,FOE,KS,ACE,CE,Federal Contract Tower,0,3,10,10,23,0,2,64,11,77,0,5,74,21,100,48,30,78,178
08/10/2006,FOE,KS,ACE,CE,Federal Contract Tower,0,2,7,11,20,0,1,22,22,45,0,3,29,33,65,0,56,56,121
08/11/2006,FOE,KS,ACE,CE,Federal Contract Tower,3,5,4,17,29,0,0,58,22,80,3,5,62,39,109,24,34,58,167
08/12/2006,FOE,KS,ACE,CE,Federal Contract Tower,0,1,8,10,19,0,0,92,12,104,0,1,100,22,123,12,6,18,141
08/13/2006,FOE,KS,ACE,CE,Federal Contract Tower,2,2,7,5,16,0,0,28,0,28,2,2,35,5,44,0,0,0,44
08/14/2006,FOE,KS,ACE,CE,Federal Contract Tower,2,3,5,24,34,0,0,5,17,22,2,3,10,41,56,2,4,6,62
08/15/2006,FOE,KS,ACE,CE,Federal Contract Tower,0,4,6,9,19,0,0,33,23,56,0,4,39,32,75,28,78,106,181
08/16/2006,FOE,KS,ACE,CE,Federal Contract Tower,0,2,7,28,37,0,0,39,23,62,0,2,46,51,99,8,78,86,185
08/17/2006,FOE,KS,ACE,CE,Federal Contract Tower,0,3,5,16,24,0,0,45,17,62,0,3,50,33,86,46,14,60,146
08/18/2006,FOE,KS,ACE,CE,Federal Contract Tower,2,3,6,20,31,0,2,52,16,70,2,5,58,36,101,34,50,84,185
08/19/2006,FOE,KS,ACE,CE,Federal Contract Tower,0,3,0,2,5,0,0,52,0,52,0,3,52,2,57,0,0,0,57
08/20/2006,FOE,KS,ACE,CE,Federal Contract Tower,0,4,7,10,21,0,0,12,3,15,0,4,19,13,36,0,0,0,36
08/21/2006,FOE,KS,ACE,CE,Federal Contract Tower,2,1,5,11,19,0,1,18,4,23,2,2,23,15,42,8,12,20,62
08/22/2006,FOE,KS,ACE,CE,Federal Contract Tower,0,4,9,33,46,0,1,31,33,65,0,5,40,66,111,26,138,164,275
08/23/2006,FOE,KS,ACE,CE,Federal Contract Tower,0,5,9,26,40,0,0,34,33,67,0,5,43,59,107,4,86,90,197
08/24/2006,FOE,KS,ACE,CE,Federal Contract Tower,3,1,9,29,42,0,0,50,35,85,3,1,59,64,127,40,82,122,249
08/25/2006,FOE,KS,ACE,CE,Federal Contract Tower,4,2,6,4,16,0,0,47,14,61,4,2,53,18,77,20,22,42,119
08/26/2006,FOE,KS,ACE,CE,Federal Contract Tower,2,5,3,1,11,0,0,16,0,16,2,5,19,1,27,0,0,0,27
08/27/2006,FOE,KS,ACE,CE,Federal Contract Tower,0,2,6,2,10,0,0,5,0,5,0,2,11,2,15,0,0,0,15
08/28/2006,FOE,KS,ACE,CE,Federal Contract Tower,4,1,2,15,22,0,0,10,10,20,4,1,12,25,42,0,0,0,42
08/29/2006,FOE,KS,ACE,CE,Federal Contract Tower,0,5,11,26,42,0,1,27,20,48,0,6,38,46,90,4,12,16,106
08/30/2006,FOE,KS,ACE,CE,Federal Contract Tower,0,1,8,45,54,0,2,50,26,78,0,3,58,71,132,12,62,74,206
08/31/2006,FOE,KS,ACE,CE,Federal Contract Tower,0,5,11,40,56,0,0,41,26,67,0,5,52,66,123,18,88,106,229
09/01/2006,FOE,KS,ACE,CE,Federal Contract Tower,2,2,10,14,28,0,0,50,11,61,2,2,60,25,89,22,6,28,117
09/02/2006,FOE,KS,ACE,CE,Federal Contract Tower,0,1,3,0,4,0,0,29,0,29,0,1,32,0,33,26,0,26,59
09/03/2006,FOE,KS,ACE,CE,Federal Contract Tower,0,4,6,4,14,0,0,47,1,48,0,4,53,5,62,8,0,8,70
09/04/2006,FOE,KS,ACE,CE,Federal Contract Tower,4,1,3,8,16,0,0,22,7,29,4,1,25,15,45,28,2,30,75
09/05/2006,FOE,KS,ACE,CE,Federal Contract Tower,0,1,10,38,49,0,1,36,27,64,0,2,46,65,113,25,68,93,206
09/06/2006,FOE,KS,ACE,CE,Federal Contract Tower,0,8,5,32,45,0,2,57,34,93,0,10,62,66,138,16,78,94,232
09/07/2006,FOE,KS,ACE,CE,Federal Contract Tower,0,1,5,28,34,0,2,47,33,82,0,3,52,61,116,6,98,104,220
09/08/2006,FOE,KS,ACE,CE,Federal Contract Tower,2,5,16,46,69,0,1,47,27,75,2,6,63,73,144,10,78,88,232
09/09/2006,FOE,KS,ACE,CE,Federal Contract Tower,0,0,7,5,12,0,0,28,8,36,0,0,35,13,48,20,12,32,80
09/10/2006,FOE,KS,ACE,CE,Federal Contract Tower,0,1,3,6,10,0,0,1,7,8,0,1,4,13,18,0,6,6,24
09/11/2006,FOE,KS,ACE,CE,Federal Contract Tower,2,1,5,28,36,0,0,16,23,39,2,1,21,51,75,0,4,4,79
09/12/2006,FOE,KS,ACE,CE,Federal Contract Tower,0,4,22,37,63,0,0,12,35,47,0,4,34,72,110,0,60,60,170
09/13/2006,FOE,KS,ACE,CE,Federal Contract Tower,0,7,7,35,49,0,1,32,30,63,0,8,39,65,112,0,96,96,208
09/14/2006,FOE,KS,ACE,CE,Federal Contract Tower,2,2,5,29,38,0,2,45,30,77,2,4,50,59,115,8,210,218,333
09/15/2006,FOE,KS,ACE,CE,Federal Contract Tower,5,6,14,37,62,0,2,54,29,85,5,8,68,66,147,12,90,102,249
09/16/2006,FOE,KS,ACE,CE,Federal Contract Tower,0,2,3,13,18,0,1,28,14,43,0,3,31,27,61,6,20,26,87
09/17/2006,FOE,KS,ACE,CE,Federal Contract Tower,1,2,4,10,17,0,0,15,6,21,1,2,19,16,38,2,0,2,40
09/18/2006,FOE,KS,ACE,CE,Federal Contract Tower,4,2,4,32,42,0,0,19,27,46,4,2,23,59,88,26,64,90,178
09/19/2006,FOE,KS,ACE,CE,Federal Contract Tower,1,6,5,46,58,0,0,20,26,46,1,6,25,72,104,2,86,88,192
09/20/2006,FOE,KS,ACE,CE,Federal Contract Tower,2,9,9,25,45,0,4,41,17,62,2,13,50,42,107,10,62,72,179
09/21/2006,FOE,KS,ACE,CE,Federal Contract Tower,2,5,9,7,23,0,0,0,1,1,2,5,9,8,24,0,0,0,24
09/22/2006,FOE,KS,ACE,CE,Federal Contract Tower,4,4,14,13,35,0,0,43,13,56,4,4,57,26,91,32,38,70,161
09/23/2006,FOE,KS,ACE,CE,Federal Contract Tower,1,4,5,5,15,0,0,37,6,43,1,4,42,11,58,0,36,36,94
09/24/2006,FOE,KS,ACE,CE,Federal Contract Tower,0,2,1,0,3,0,0,14,0,14,0,2,15,0,17,18,0,18,35
09/25/2006,FOE,KS,ACE,CE,Federal Contract Tower,2,3,6,40,51,0,6,20,37,63,2,9,26,77,114,6,110,116,230
09/26/2006,FOE,KS,ACE,CE,Federal Contract Tower,2,2,10,18,32,0,0,29,20,49,2,2,39,38,81,6,116,122,203
09/27/2006,FOE,KS,ACE,CE,Federal Contract Tower,0,2,9,16,27,0,1,36,15,52,0,3,45,31,79,20,20,40,119
09/28/2006,FOE,KS,ACE,CE,Federal Contract Tower,2,1,11,9,23,0,3,44,20,67,2,4,55,29,90,22,58,80,170
09/29/2006,FOE,KS,ACE,CE,Federal Contract Tower,2,4,13,6,25,0,0,56,6,62,2,4,69,12,87,0,4,4,91
09/30/2006,FOE,KS,ACE,CE,Federal Contract Tower,0,0,5,4,9,0,5,91,2,98,0,5,96,6,107,12,0,12,119
10/01/2006,FOE,KS,ACE,CE,Federal Contract Tower,2,1,10,4,17,0,2,32,1,35,2,3,42,5,52,0,0,0,52
10/02/2006,FOE,KS,ACE,CE,Federal Contract Tower,2,4,11,21,38,0,1,26,18,45,2,5,37,39,83,16,54,70,153
10/03/2006,FOE,KS,ACE,CE,Federal Contract Tower,0,5,14,19,38,0,1,24,20,45,0,6,38,39,83,0,92,92,175
10/04/2006,FOE,KS,ACE,CE,Federal Contract Tower,2,2,19,25,48,0,4,25,17,46,2,6,44,42,94,0,44,44,138
10/05/2006,FOE,KS,ACE,CE,Federal Contract Tower,0,4,14,33,51,0,0,33,32,65,0,4,47,65,116,4,162,166,282
10/06/2006,FOE,KS,ACE,CE,Federal Contract Tower,2,8,16,12,38,0,0,69,12,81,2,8,85,24,119,44,48,92,211
10/07/2006,FOE,KS,ACE,CE,Federal Contract Tower,2,0,2,1,5,0,0,71,3,74,2,0,73,4,79,10,0,10,89
10/08/2006,FOE,KS,ACE,CE,Federal Contract Tower,3,2,10,3,18,0,7,61,0,68,3,9,71,3,86,2,0,2,88
10/09/2006,FOE,KS,ACE,CE,Federal Contract Tower,3,2,14,6,25,0,0,23,0,23,3,2,37,6,48,0,0,0,48
10/10/2006,FOE,KS,ACE,CE,Federal Contract Tower,0,4,8,25,37,0,0,8,18,26,0,4,16,43,63,20,8,28,91
10/11/2006,FOE,KS,ACE,CE,Federal Contract Tower,4,2,21,23,50,0,4,35,13,52,4,6,56,36,102,14,58,72,174
10/12/2006,FOE,KS,ACE,CE,Federal Contract Tower,0,3,14,18,35,0,0,41,11,52,0,3,55,29,87,2,26,28,115
10/13/2006,FOE,KS,ACE,CE,Federal Contract Tower,2,1,15,21,39,0,0,70,27,97,2,1,85,48,136,10,76,86,222
10/14/2006,FOE,KS,ACE,CE,Federal Contract Tower,4,3,8,6,21,0,0,91,21,112,4,3,99,27,133,8,32,40,173
10/15/2006,FOE,KS,ACE,CE,Federal Contract Tower,1,7,13,5,26,0,0,30,7,37,1,7,43,12,63,2,0,2,65
10/16/2006,FOE,KS,ACE,CE,Federal Contract Tower,2,3,14,28,47,0,0,2,12,14,2,3,16,40,61,0,0,0,61
10/17/2006,FOE,KS,ACE,CE,Federal Contract Tower,0,3,16,20,39,0,2,23,9,34,0,5,39,29,73,16,10,26,99
10/18/2006,FOE,KS,ACE,CE,Federal Contract Tower,0,1,17,5,23,0,0,24,19,43,0,1,41,24,66,2,52,54,120
10/19/2006,FOE,KS,ACE,CE,Federal Contract Tower,2,7,15,36,60,0,4,52,46,102,2,11,67,82,162,36,152,188,350
10/20/2006,FOE,KS,ACE,CE,Federal Contract Tower,6,2,12,10,30,0,0,69,6,75,6,2,81,16,105,28,22,50,155
10/21/2006,FOE,KS,ACE,CE,Federal Contract Tower,2,0,5,3,10,0,0,1,0,1,2,0,6,3,11,0,0,0,11
10/22/2006,FOE,KS,ACE,CE,Federal Contract Tower,0,6,3,2,11,0,1,26,0,27,0,7,29,2,38,0,0,0,38
10/23/2006,FOE,KS,ACE,CE,Federal Contract Tower,2,2,6,25,35,0,0,13,20,33,2,2,19,45,68,16,90,106,174
10/24/2006,FOE,KS,ACE,CE,Federal Contract Tower,0,3,5,38,46,0,2,13,24,39,0,5,18,62,85,4,42,46,131
10/25/2006,FOE,KS,ACE,CE,Federal Contract Tower,0,4,6,32,42,0,0,0,16,16,0,4,6,48,58,0,0,0,58
10/26/2006,FOE,KS,ACE,CE,Federal Contract Tower,7,2,14,9,32,0,0,4,6,10,7,2,18,15,42,0,0,0,42
10/27/2006,FOE,KS,ACE,CE,Federal Contract Tower,10,2,3,13,28,0,0,43,15,58,10,2,46,28,86,0,30,30,116
10/28/2006,FOE,KS,ACE,CE,Federal Contract Tower,8,0,4,5,17,0,1,66,5,72,8,1,70,10,89,8,4,12,101
10/29/2006,FOE,KS,ACE,CE,Federal Contract Tower,0,4,5,2,11,0,0,42,0,42,0,4,47,2,53,0,0,0,53
10/30/2006,FOE,KS,ACE,CE,Federal Contract Tower,2,6,5,21,34,0,2,17,22,41,2,8,22,43,75,2,10,12,87
10/31/2006,FOE,KS,ACE,CE,Federal Contract Tower,0,1,6,14,21,0,2,13,13,28,0,3,19,27,49,8,36,44,93
11/01/2006,FOE,KS,ACE,CE,Federal Contract Tower,0,2,4,19,25,0,2,37,14,53,0,4,41,33,78,8,52,60,138
11/02/2006,FOE,KS,ACE,CE,Federal Contract Tower,0,0,5,23,28,0,0,68,33,101,0,0,73,56,129,34,34,68,197
11/03/2006,FOE,KS,ACE,CE,Federal Contract Tower,4,2,1,27,34,0,0,59,29,88,4,2,60,56,122,2,6,8,130
11/04/2006,FOE,KS,ACE,CE,Federal Contract Tower,2,0,3,10,15,0,0,36,17,53,2,0,39,27,68,6,26,32,100
11/05/2006,FOE,KS,ACE,CE,Federal Contract Tower,0,1,5,8,14,0,1,5,3,9,0,2,10,11,23,0,2,2,25
11/06/2006,FOE,KS,ACE,CE,Federal Contract Tower,2,5,5,14,26,0,2,7,7,16,2,7,12,21,42,2,0,2,44
11/07/2006,FOE,KS,ACE,CE,Federal Contract Tower,0,1,12,18,31,0,0,34,14,48,0,1,46,32,79,36,76,112,191
11/08/2006,FOE,KS,ACE,CE,Federal Contract Tower,0,3,13,44,60,0,0,53,59,112,0,3,66,103,172,14,138,152,324
11/09/2006,FOE,KS,ACE,CE,Federal Contract Tower,0,1,2,11,14,0,0,33,18,51,0,1,35,29,65,16,64,80,145
11/10/2006,FOE,KS,ACE,CE,Federal Contract Tower,2,0,8,0,10,0,0,27,3,30,2,0,35,3,40,6,0,6,46
11/11/2006,FOE,KS,ACE,CE,Federal Contract Tower,0,0,4,0,4,0,0,35,4,39,0,0,39,4,43,12,8,20,63
11/12/2006,FOE,KS,ACE,CE,Federal Contract Tower,0,0,10,3,13,0,0,8,0,8,0,0,18,3,21,0,0,0,21
11/13/2006,FOE,KS,ACE,CE,Federal Contract Tower,2,5,11,19,37,0,0,20,10,30,2,5,31,29,67,6,64,70,137
11/14/2006,FOE,KS,ACE,CE,Federal Contract Tower,0,0,6,32,38,0,2,9,29,40,0,2,15,61,78,10,88,98,176
11/15/2006,FOE,KS,ACE,CE,Federal Contract Tower,0,2,6,11,19,0,1,4,11,16,0,3,10,22,35,0,22,22,57
11/16/2006,FOE,KS,ACE,CE,Federal Contract Tower,0,5,10,23,38,0,2,29,29,60,0,7,39,52,98,22,56,78,176
11/17/2006,FOE,KS,ACE,CE,Federal Contract Tower,2,0,8,21,31,0,1,63,19,83,2,1,71,40,114,10,136,146,260
11/18/2006,FOE,KS,ACE,CE,Federal Contract Tower,0,2,5,1,8,0,0,31,1,32,0,2,36,2,40,2,0,2,42
11/19/2006,FOE,KS,ACE,CE,Federal Contract Tower,0,2,1,3,6,0,0,30,0,30,0,2,31,3,36,14,0,14,50
11/20/2006,FOE,KS,ACE,CE,Federal Contract Tower,4,4,14,13,35,0,0,33,13,46,4,4,47,26,81,16,60,76,157
11/21/2006,FOE,KS,ACE,CE,Federal Contract Tower,2,2,6,13,23,0,0,23,11,34,2,2,29,24,57,2,16,18,75
11/22/2006,FOE,KS,ACE,CE,Federal Contract Tower,2,1,17,24,44,0,0,29,16,45,2,1,46,40,89,16,74,90,179
11/23/2006,FOE,KS,ACE,CE,Federal Contract Tower,0,0,1,0,1,0,0,29,0,29,0,0,30,0,30,6,0,6,36
11/24/2006,FOE,KS,ACE,CE,Federal Contract Tower,2,0,1,4,7,0,4,80,0,84,2,4,81,4,91,10,30,40,131
11/25/2006,FOE,KS,ACE,CE,Federal Contract Tower,0,0,12,0,12,0,0,70,0,70,0,0,82,0,82,24,0,24,106
11/26/2006,FOE,KS,ACE,CE,Federal Contract Tower,2,2,3,4,11,0,0,19,4,23,2,2,22,8,34,0,0,0,34
11/27/2006,FOE,KS,ACE,CE,Federal Contract Tower,2,3,12,18,35,0,0,1,8,9,2,3,13,26,44,0,0,0,44
11/28/2006,FOE,KS,ACE,CE,Federal Contract Tower,3,0,5,8,16,0,2,11,0,13,3,2,16,8,29,0,0,0,29
11/29/2006,FOE,KS,ACE,CE,Federal Contract Tower,0,4,2,0,6,0,0,0,0,0,0,4,2,0,6,0,0,0,6
11/30/2006,FOE,KS,ACE,CE,Federal Contract Tower,0,1,7,0,8,0,0,0,6,6,0,1,7,6,14,0,0,0,14
12/01/2006,FOE,KS,ACE,CE,Federal Contract Tower,4,1,13,8,26,0,0,45,5,50,4,1,58,13,76,14,0,14,90
12/02/2006,FOE,KS,ACE,CE,Federal Contract Tower,3,0,5,4,12,0,0,29,2,31,3,0,34,6,43,8,0,8,51
12/03/2006,FOE,KS,ACE,CE,Federal Contract Tower,3,1,6,5,15,0,0,26,6,32,3,1,32,11,47,2,26,28,75
12/04/2006,FOE,KS,ACE,CE,Federal Contract Tower,3,2,9,14,28,0,0,23,5,28,3,2,32,19,56,2,18,20,76
12/05/2006,FOE,KS,ACE,CE,Federal Contract Tower,2,5,10,25,42,0,0,22,25,47,2,5,32,50,89,6,96,102,191
12/06/2006,FOE,KS,ACE,CE,Federal Contract Tower,0,4,4,10,18,0,3,44,28,75,0,7,48,38,93,14,60,74,167
12/07/2006,FOE,KS,ACE,CE,Federal Contract Tower,0,2,9,19,30,0,2,42,41,85,0,4,51,60,115,18,94,112,227
12/08/2006,FOE,KS,ACE,CE,Federal Contract Tower,2,2,10,13,27,0,3,30,21,54,2,5,40,34,81,18,44,62,143
12/09/2006,FOE,KS,ACE,CE,Federal Contract Tower,0,2,6,6,14,0,1,40,1,42,0,3,46,7,56,4,0,4,60
12/10/2006,FOE,KS,ACE,CE,Federal Contract Tower,0,1,0,10,11,0,0,28,3,31,0,1,28,13,42,18,0,18,60
12/11/2006,FOE,KS,ACE,CE,Federal Contract Tower,2,1,6,22,31,0,2,3,10,15,2,3,9,32,46,0,14,14,60
12/12/2006,FOE,KS,ACE,CE,Federal Contract Tower,0,4,10,19,33,0,0,15,18,33,0,4,25,37,66,6,26,32,98
12/13/2006,FOE,KS,ACE,CE,Federal Contract Tower,0,3,7,37,47,0,0,37,29,66,0,3,44,66,113,8,110,118,231
12/14/2006,FOE,KS,ACE,CE,Federal Contract Tower,0,4,11,20,35,0,4,29,33,66,0,8,40,53,101,4,80,84,185
12/15/2006,FOE,KS,ACE,CE,Federal Contract Tower,2,1,10,15,28,0,0,53,20,73,2,1,63,35,101,24,82,106,207
12/16/2006,FOE,KS,ACE,CE,Federal Contract Tower,0,0,1,5,6,0,0,19,6,25,0,0,20,11,31,4,0,4,35
12/17/2006,FOE,KS,ACE,CE,Federal Contract Tower,0,1,1,4,6,0,2,11,0,13,0,3,12,4,19,0,0,0,19
12/18/2006,FOE,KS,ACE,CE,Federal Contract Tower,2,2,9,28,41,0,1,8,24,33,2,3,17,52,74,0,92,92,166
12/19/2006,FOE,KS,ACE,CE,Federal Contract Tower,1,6,19,30,56,0,4,21,26,51,1,10,40,56,107,34,88,122,229
12/20/2006,FOE,KS,ACE,CE,Federal Contract Tower,0,2,2,6,10,0,0,0,1,1,0,2,2,7,11,0,0,0,11
12/21/2006,FOE,KS,ACE,CE,Federal Contract Tower,0,4,12,9,25,0,0,3,12,15,0,4,15,21,40,0,34,34,74
12/22/2006,FOE,KS,ACE,CE,Federal Contract Tower,0,1,9,5,15,0,0,20,5,25,0,1,29,10,40,24,12,36,76
12/23/2006,FOE,KS,ACE,CE,Federal Contract Tower,0,5,7,5,17,0,0,41,3,44,0,5,48,8,61,8,14,22,83
12/24/2006,FOE,KS,ACE,CE,Federal Contract Tower,0,0,0,2,2,0,0,14,0,14,0,0,14,2,16,8,0,8,24
12/25/2006,FOE,KS,ACE,CE,Federal Contract Tower,2,0,0,0,2,0,1,3,0,4,2,1,3,0,6,0,0,0,6
12/26/2006,FOE,KS,ACE,CE,Federal Contract Tower,1,3,7,0,11,0,0,23,8,31,1,3,30,8,42,18,2,20,62
12/27/2006,FOE,KS,ACE,CE,Federal Contract Tower,0,4,5,6,15,0,8,28,6,42,0,12,33,12,57,0,62,62,119
12/28/2006,FOE,KS,ACE,CE,Federal Contract Tower,0,0,3,2,5,0,0,21,2,23,0,0,24,4,28,0,14,14,42
12/29/2006,FOE,KS,ACE,CE,Federal Contract Tower,2,3,1,2,8,0,0,22,0,22,2,3,23,2,30,6,0,6,36
12/30/2006,FOE,KS,ACE,CE,Federal Contract Tower,0,1,2,1,4,0,0,0,0,0,0,1,2,1,4,0,0,0,4
12/31/2006,FOE,KS,ACE,CE,Federal Contract Tower,0,0,1,0,1,0,0,0,0,0,0,0,1,0,1,0,0,0,1
01/01/2007,FOE,KS,ACE,CE,Federal Contract Tower,2,1,6,0,9,0,0,18,0,18,2,1,24,0,27,0,0,0,27
01/02/2007,FOE,KS,ACE,CE,Federal Contract Tower,0,0,2,0,2,0,1,35,10,46,0,1,37,10,48,20,0,20,68
01/03/2007,FOE,KS,ACE,CE,Federal Contract Tower,0,4,8,8,20,0,0,40,10,50,0,4,48,18,70,20,32,52,122
01/04/2007,FOE,KS,ACE,CE,Federal Contract Tower,0,0,5,12,17,0,3,33,6,42,0,3,38,18,59,10,2,12,71
01/05/2007,FOE,KS,ACE,CE,Federal Contract Tower,2,3,10,28,43,0,0,2,19,21,2,3,12,47,64,0,0,0,64
01/06/2007,FOE,KS,ACE,CE,Federal Contract Tower,0,2,0,4,6,0,0,66,11,77,0,2,66,15,83,24,2,26,109
01/07/2007,FOE,KS,ACE,CE,Federal Contract Tower,1,1,1,8,11,0,0,16,7,23,1,1,17,15,34,10,32,42,76
01/08/2007,FOE,KS,ACE,CE,Federal Contract Tower,4,5,4,15,28,0,0,16,12,28,4,5,20,27,56,0,56,56,112
01/09/2007,FOE,KS,ACE,CE,Federal Contract Tower,3,6,8,45,62,0,0,21,29,50,3,6,29,74,112,8,142,150,262
01/10/2007,FOE,KS,ACE,CE,Federal Contract Tower,0,4,14,19,37,0,0,40,16,56,0,4,54,35,93,0,58,58,151
01/11/2007,FOE,KS,ACE,CE,Federal Contract Tower,0,2,5,25,32,0,0,29,24,53,0,2,34,49,85,0,38,38,123
01/12/2007,FOE,KS,ACE,CE,Federal Contract Tower,2,3,4,3,12,0,0,2,0,2,2,3,6,3,14,0,0,0,14
01/13/2007,FOE,KS,ACE,CE,Federal Contract Tower,2,0,2,0,4,0,0,0,0,0,2,0,2,0,4,0,0,0,4
01/14/2007,FOE,KS,ACE,CE,Federal Contract Tower,0,2,1,0,3,0,0,0,0,0,0,2,1,0,3,0,0,0,3
01/15/2007,FOE,KS,ACE,CE,Federal Contract Tower,2,1,4,0,7,0,0,6,0,6,2,1,10,0,13,0,0,0,13
01/16/2007,FOE,KS,ACE,CE,Federal Contract Tower,2,0,5,2,9,0,0,10,5,15,2,0,15,7,24,2,0,2,26
01/17/2007,FOE,KS,ACE,CE,Federal Contract Tower,2,2,9,9,22,0,0,26,4,30,2,2,35,13,52,0,0,0,52
01/18/2007,FOE,KS,ACE,CE,Federal Contract Tower,1,3,8,11,23,0,0,21,29,50,1,3,29,40,73,2,58,60,133
01/19/2007,FOE,KS,ACE,CE,Federal Contract Tower,2,6,5,18,31,0,1,41,27,69,2,7,46,45,100,2,64,66,166
01/20/2007,FOE,KS,ACE,CE,Federal Contract Tower,5,0,3,3,11,0,0,0,0,0,5,0,3,3,11,0,8,8,19
01/21/2007,FOE,KS,ACE,CE,Federal Contract Tower,0,0,0,4,4,0,0,2,0,2,0,0,2,4,6,0,0,0,6
01/22/2007,FOE,KS,ACE,CE,Federal Contract Tower,3,2,3,15,23,0,0,7,14,21,3,2,10,29,44,4,54,58,102
01/23/2007,FOE,KS,ACE,CE,Federal Contract Tower,3,2,6,19,30,0,1,14,20,35,3,3,20,39,65,0,48,48,113
01/24/2007,FOE,KS,ACE,CE,Federal Contract Tower,0,0,9,18,27,0,3,30,10,43,0,3,39,28,70,20,84,104,174
01/25/2007,FOE,KS,ACE,CE,Federal Contract Tower,0,2,6,23,31,0,0,38,32,70,0,2,44,55,101,0,68,68,169
01/26/2007,FOE,KS,ACE,CE,Federal Contract Tower,2,0,12,11,25,0,1,50,12,63,2,1,62,23,88,0,32,32,120
01/27/2007,FOE,KS,ACE,CE,Federal Contract Tower,3,0,3,5,11,0,1,28,2,31,3,1,31,7,42,0,0,0,42
01/28/2007,FOE,KS,ACE,CE,Federal Contract Tower,0,0,0,4,4,0,1,13,2,16,0,1,13,6,20,2,0,2,22
01/29/2007,FOE,KS,ACE,CE,Federal Contract Tower,6,3,3,20,32,0,0,14,23,37,6,3,17,43,69,0,136,136,205
01/30/2007,FOE,KS,ACE,CE,Federal Contract Tower,0,0,12,38,50,0,0,17,29,46,0,0,29,67,96,0,126,126,222
01/31/2007,FOE,KS,ACE,CE,Federal Contract Tower,0,4,1,6,11,0,0,6,1,7,0,4,7,7,18,0,0,0,18
02/01/2007,FOE,KS,ACE,CE,Federal Contract Tower,2,3,8,25,38,0,1,38,44,83,2,4,46,69,121,6,194,200,321
02/02/2007,FOE,KS,ACE,CE,Federal Contract Tower,5,4,5,14,28,0,0,41,10,51,5,4,46,24,79,0,0,0,79
02/03/2007,FOE,KS,ACE,CE,Federal Contract Tower,1,0,3,4,8,0,0,21,1,22,1,0,24,5,30,2,8,10,40
02/04/2007,FOE,KS,ACE,CE,Federal Contract Tower,2,3,0,1,6,0,0,6,0,6,2,3,6,1,12,0,0,0,12
02/05/2007,FOE,KS,ACE,CE,Federal Contract Tower,4,1,10,24,39,0,0,13,16,29,4,1,23,40,68,0,80,80,148
02/06/2007,FOE,KS,ACE,CE,Federal Contract Tower,5,0,30,32,67,0,0,21,26,47,5,0,51,58,114,10,42,52,166
02/07/2007,FOE,KS,ACE,CE,Federal Contract Tower,1,2,15,16,34,0,0,22,17,39,1,2,37,33,73,0,96,96,169
02/08/2007,FOE,KS,ACE,CE,Federal Contract Tower,3,2,6,22,33,0,0,36,21,57,3,2,42,43,90,20,106,126,216
02/09/2007,FOE,KS,ACE,CE,Federal Contract Tower,9,0,0,10,19,0,0,6,24,30,9,0,6,34,49,0,56,56,105
02/10/2007,FOE,KS,ACE,CE,Federal Contract Tower,1,0,4,2,7,0,1,32,1,34,1,1,36,3,41,6,22,28,69
02/11/2007,FOE,KS,ACE,CE,Federal Contract Tower,0,0,6,4,10,0,1,7,7,15,0,1,13,11,25,0,10,10,35
02/12/2007,FOE,KS,ACE,CE,Federal Contract Tower,2,2,2,0,6,0,0,0,0,0,2,2,2,0,6,0,0,0,6
02/13/2007,FOE,KS,ACE,CE,Federal Contract Tower,2,1,5,2,10,0,0,6,0,6,2,1,11,2,16,0,0,0,16
02/14/2007,FOE,KS,ACE,CE,Federal Contract Tower,0,2,8,10,20,0,2,27,31,60,0,4,35,41,80,6,36,42,122
02/15/2007,FOE,KS,ACE,CE,Federal Contract Tower,0,3,15,11,29,0,0,16,6,22,0,3,31,17,51,2,24,26,77
02/16/2007,FOE,KS,ACE,CE,Federal Contract Tower,6,0,12,0,18,0,0,1,0,1,6,0,13,0,19,0,0,0,19
02/17/2007,FOE,KS,ACE,CE,Federal Contract Tower,0,0,9,1,10,0,0,5,0,5,0,0,14,1,15,0,0,0,15
02/18/2007,FOE,KS,ACE,CE,Federal Contract Tower,0,0,4,0,4,0,1,15,0,16,0,1,19,0,20,12,0,12,32
02/19/2007,FOE,KS,ACE,CE,Federal Contract Tower,2,1,3,0,6,0,0,17,0,17,2,1,20,0,23,2,0,2,25
02/20/2007,FOE,KS,ACE,CE,Federal Contract Tower,0,3,10,15,28,0,2,8,19,29,0,5,18,34,57,0,142,142,199
02/21/2007,FOE,KS,ACE,CE,Federal Contract Tower,0,1,4,37,42,0,2,54,30,86,0,3,58,67,128,2,106,108,236
02/22/2007,FOE,KS,ACE,CE,Federal Contract Tower,1,2,10,17,30,0,3,37,55,95,1,5,47,72,125,6,118,124,249
02/23/2007,FOE,KS,ACE,CE,Federal Contract Tower,3,2,8,9,22,0,5,35,13,53,3,7,43,22,75,24,18,42,117
02/24/2007,FOE,KS,ACE,CE,Federal Contract Tower,3,0,7,0,10,0,3,5,0,8,3,3,12,0,18,0,0,0,18
02/25/2007,FOE,KS,ACE,CE,Federal Contract Tower,3,0,4,0,7,0,0,3,0,3,3,0,7,0,10,0,0,0,10
02/26/2007,FOE,KS,ACE,CE,Federal Contract Tower,4,0,4,7,15,0,0,24,2,26,4,0,28,9,41,16,8,24,65
02/27/2007,FOE,KS,ACE,CE,Federal Contract Tower,1,3,6,13,23,0,0,21,12,33,1,3,27,25,56,10,56,66,122
02/28/2007,FOE,KS,ACE,CE,Federal Contract Tower,3,0,5,18,26,0,1,15,16,32,3,1,20,34,58,2,88,90,148
03/01/2007,FOE,KS,ACE,CE,Federal Contract Tower,1,1,5,19,26,0,0,25,21,46,1,1,30,40,72,0,36,36,108
03/02/2007,FOE,KS,ACE,CE,Federal Contract Tower,3,0,7,14,24,0,1,38,19,58,3,1,45,33,82,0,86,86,168
03/03/2007,FOE,KS,ACE,CE,Federal Contract Tower,1,0,4,6,11,0,0,4,0,4,1,0,8,6,15,0,0,0,15
03/04/2007,FOE,KS,ACE,CE,Federal Contract Tower,2,0,4,7,13,0,0,26,2,28,2,0,30,9,41,14,32,46,87
03/05/2007,FOE,KS,ACE,CE,Federal Contract Tower,2,3,4,26,35,0,0,21,27,48,2,3,25,53,83,14,50,64,147
03/06/2007,FOE,KS,ACE,CE,Federal Contract Tower,0,4,9,33,46,0,1,14,31,46,0,5,23,64,92,0,152,152,244
03/07/2007,FOE,KS,ACE,CE,Federal Contract Tower,1,0,12,25,38,0,0,41,22,63,1,0,53,47,101,2,2,4,105
03/08/2007,FOE,KS,ACE,CE,Federal Contract Tower,2,0,15,17,34,0,3,40,16,59,2,3,55,33,93,4,108,112,205
03/09/2007,FOE,KS,ACE,CE,Federal Contract Tower,2,3,11,9,25,0,2,26,19,47,2,5,37,28,72,0,12,12,84
03/10/2007,FOE,KS,ACE,CE,Federal Contract Tower,0,0,13,2,15,0,4,73,7,84,0,4,86,9,99,8,20,28,127
03/11/2007,FOE,KS,ACE,CE,Federal Contract Tower,1,2,6,2,11,0,0,14,7,21,1,2,20,9,32,14,14,28,60
03/12/2007,FOE,KS,ACE,CE,Federal Contract Tower,2,0,6,48,56,0,1,21,39,61,2,1,27,87,117,8,134,142,259
03/13/2007,FOE,KS,ACE,CE,Federal Contract Tower,1,0,4,8,13,0,1,32,12,45,1,1,36,20,58,4,20,24,82
03/14/2007,FOE,KS,ACE,CE,Federal Contract Tower,2,0,12,30,44,0,3,49,30,82,2,3,61,60,126,8,90,98,224
03/15/2007,FOE,KS,ACE,CE,Federal Contract Tower,1,3,14,23,41,0,1,48,35,84,1,4,62,58,125,2,122,124,249
03/16/2007,FOE,KS,ACE,CE,Federal Contract Tower,2,3,14,14,33,0,0,51,11,62,2,3,65,25,95,0,40,40,135
03/17/2007,FOE,KS,ACE,CE,Federal Contract Tower,0,0,6,4,10,0,1,52,8,61,0,1,58,12,71,0,40,40,111
03/18/2007,FOE,KS,ACE,CE,Federal Contract Tower,0,1,3,0,4,0,0,30,0,30,0,1,33,0,34,0,0,0,34
03/19/2007,FOE,KS,ACE,CE,Federal Contract Tower,3,3,2,21,29,0,0,13,20,33,3,3,15,41,62,0,104,104,166
03/20/2007,FOE,KS,ACE,CE,Federal Contract Tower,2,2,5,6,15,0,1,2,0,3,2,3,7,6,18,0,0,0,18
03/21/2007,FOE,KS,ACE,CE,Federal Contract Tower,0,2,11,11,24,0,0,25,14,39,0,2,36,25,63,0,6,6,69
03/22/2007,FOE,KS,ACE,CE,Federal Contract Tower,0,0,8,10,18,0,0,0,10,10,0,0,8,20,28,0,6,6,34
03/23/2007,FOE,KS,ACE,CE,Federal Contract Tower,6,1,5,11,23,0,0,9,12,21,6,1,14,23,44,0,60,60,104
03/24/2007,FOE,KS,ACE,CE,Federal Contract Tower,0,0,9,1,10,0,0,26,4,30,0,0,35,5,40,12,0,12,52
03/25/2007,FOE,KS,ACE,CE,Federal Contract Tower,0,2,0,12,14,0,0,17,0,17,0,2,17,12,31,8,0,8,39
03/26/2007,FOE,KS,ACE,CE,Federal Contract Tower,6,2,11,8,27,0,0,9,5,14,6,2,20,13,41,0,8,8,49
03/27/2007,FOE,KS,ACE,CE,Federal Contract Tower,0,5,8,7,20,0,1,9,3,13,0,6,17,10,33,0,12,12,45
03/28/2007,FOE,KS,ACE,CE,Federal Contract Tower,0,5,5,10,20,0,1,45,14,60,0,6,50,24,80,16,68,84,164
03/29/2007,FOE,KS,ACE,CE,Federal Contract Tower,0,3,11,3,17,0,0,20,7,27,0,3,31,10,44,4,8,12,56
03/30/2007,FOE,KS,ACE,CE,Federal Contract Tower,2,1,16,12,31,0,0,29,11,40,2,1,45,23,71,0,18,18,89
03/31/2007,FOE,KS,ACE,CE,Federal Contract Tower,0,0,7,4,11,0,0,13,0,13,0,0,20,4,24,6,0,6,30
04/01/2007,FOE,KS,ACE,CE,Federal Contract Tower,0,0,4,8,12,0,0,41,0,41,0,0,45,8,53,8,0,8,61
04/02/2007,FOE,KS,ACE,CE,Federal Contract Tower,2,0,3,22,27,0,0,21,14,35,2,0,24,36,62,0,30,30,92
04/03/2007,FOE,KS,ACE,CE,Federal Contract Tower,0,1,16,30,47,0,0,12,17,29,0,1,28,47,76,0,54,54,130
04/04/2007,FOE,KS,ACE,CE,Federal Contract Tower,2,3,7,35,47,0,0,28,8,36,2,3,35,43,83,4,28,32,115
04/05/2007,FOE,KS,ACE,CE,Federal Contract Tower,0,4,20,20,44,0,0,28,11,39,0,4,48,31,83,0,82,82,165
04/06/2007,FOE,KS,ACE,CE,Federal Contract Tower,2,2,8,7,19,0,0,38,10,48,2,2,46,17,67,0,90,90,157
04/07/2007,FOE,KS,ACE,CE,Federal Contract Tower,0,2,3,0,5,0,1,34,0,35,0,3,37,0,40,0,0,0,40
04/08/2007,FOE,KS,ACE,CE,Federal Contract Tower,0,3,3,2,8,0,0,21,0,21,0,3,24,2,29,12,0,12,41
04/09/2007,FOE,KS,ACE,CE,Federal Contract Tower,2,2,6,8,18,0,0,15,8,23,2,2,21,16,41,0,14,14,55
04/10/2007,FOE,KS,ACE,CE,Federal Contract Tower,0,0,5,32,37,0,0,0,14,14,0,0,5,46,51,0,0,0,51
04/11/2007,FOE,KS,ACE,CE,Federal Contract Tower,2,2,13,33,50,0,0,15,32,47,2,2,28,65,97,0,0,0,97
04/12/2007,FOE,KS,ACE,CE,Federal Contract Tower,0,5,7,24,36,0,0,39,47,86,0,5,46,71,122,28,60,88,210
04/13/2007,FOE,KS,ACE,CE,Federal Contract Tower,4,4,2,13,23,0,0,0,0,0,4,4,2,13,23,0,0,0,23
04/14/2007,FOE,KS,ACE,CE,Federal Contract Tower,2,0,4,2,8,0,0,11,4,15,2,0,15,6,23,0,18,18,41
04/15/2007,FOE,KS,ACE,CE,Federal Contract Tower,0,0,2,13,15,0,0,20,11,31,0,0,22,24,46,6,44,50,96
04/16/2007,FOE,KS,ACE,CE,Federal Contract Tower,1,5,11,28,45,0,1,17,21,39,1,6,28,49,84,4,80,84,168
04/17/2007,FOE,KS,ACE,CE,Federal Contract Tower,2,2,10,16,30,0,0,11,11,22,2,2,21,27,52,2,104,106,158
04/18/2007,FOE,KS,ACE,CE,Federal Contract Tower,0,2,10,29,41,0,2,42,25,69,0,4,52,54,110,4,140,144,254
04/19/2007,FOE,KS,ACE,CE,Federal Contract Tower,0,5,11,36,52,0,0,37,40,77,0,5,48,76,129,4,98,102,231
04/20/2007,FOE,KS,ACE,CE,Federal Contract Tower,2,0,11,10,23,0,0,56,18,74,2,0,67,28,97,12,24,36,133
04/21/2007,FOE,KS,ACE,CE,Federal Contract Tower,0,0,1,10,11,0,2,36,1,39,0,2,37,11,50,34,0,34,84
04/22/2007,FOE,KS,ACE,CE,Federal Contract Tower,0,1,4,4,9,0,0,3,1,4,0,1,7,5,13,0,0,0,13
04/23/2007,FOE,KS,ACE,CE,Federal Contract Tower,2,1,4,40,47,0,0,18,25,43,2,1,22,65,90,4,66,70,160
04/24/2007,FOE,KS,ACE,CE,Federal Contract Tower,0,3,3,6,12,0,0,0,11,11,0,3,3,17,23,0,52,52,75
04/25/2007,FOE,KS,ACE,CE,Federal Contract Tower,0,5,5,15,25,0,0,0,5,5,0,5,5,20,30,0,0,0,30
04/26/2007,FOE,KS,ACE,CE,Federal Contract Tower,0,2,20,9,31,0,0,35,21,56,0,2,55,30,87,16,52,68,155
04/27/2007,FOE,KS,ACE,CE,Federal Contract Tower,3,0,12,10,25,0,2,33,13,48,3,2,45,23,73,22,56,78,151
04/28/2007,FOE,KS,ACE,CE,Federal Contract Tower,4,1,4,14,23,0,0,151,11,162,4,1,155,25,185,16,20,36,221
04/29/2007,FOE,KS,ACE,CE,Federal Contract Tower,2,1,4,7,14,0,0,60,1,61,2,1,64,8,75,10,0,10,85
04/30/2007,FOE,KS,ACE,CE,Federal Contract Tower,2,4,10,21,37,0,0,21,26,47,2,4,31,47,84,0,54,54,138
05/01/2007,FOE,KS,ACE,CE,Federal Contract Tower,0,4,7,16,27,0,0,8,14,22,0,4,15,30,49,0,38,38,87
05/02/2007,FOE,KS,ACE,CE,Federal Contract Tower,0,0,8,36,44,0,0,2,25,27,0,0,10,61,71,0,0,0,71
05/03/2007,FOE,KS,ACE,CE,Federal Contract Tower,0,2,6,27,35,0,0,2,17,19,0,2,8,44,54,0,14,14,68
05/04/2007,FOE,KS,ACE,CE,Federal Contract Tower,2,5,8,9,24,0,2,24,11,37,2,7,32,20,61,0,24,24,85
05/05/2007,FOE,KS,ACE,CE,Federal Contract Tower,0,2,4,1,7,0,0,21,4,25,0,2,25,5,32,0,0,0,32
05/06/2007,FOE,KS,ACE,CE,Federal Contract Tower,0,9,0,0,9,0,0,0,0,0,0,9,0,0,9,0,0,0,9
05/07/2007,FOE,KS,ACE,CE,Federal Contract Tower,3,2,14,9,28,0,1,18,8,27,3,3,32,17,55,2,0,2,57
05/08/2007,FOE,KS,ACE,CE,Federal Contract Tower,2,0,6,19,27,0,0,35,32,67,2,0,41,51,94,2,38,40,134
05/09/2007,FOE,KS,ACE,CE,Federal Contract Tower,1,0,8,27,36,0,1,37,29,67,1,1,45,56,103,6,24,30,133
05/10/2007,FOE,KS,ACE,CE,Federal Contract Tower,0,1,5,21,27,0,1,41,36,78,0,2,46,57,105,2,56,58,163
05/11/2007,FOE,KS,ACE,CE,Federal Contract Tower,3,1,6,42,52,0,0,69,48,117,3,1,75,90,169,2,74,76,245
05/12/2007,FOE,KS,ACE,CE,Federal Contract Tower,2,0,4,0,6,0,0,105,2,107,2,0,109,2,113,16,0,16,129
05/13/2007,FOE,KS,ACE,CE,Federal Contract Tower,0,0,10,0,10,0,0,39,0,39,0,0,49,0,49,4,0,4,53
05/14/2007,FOE,KS,ACE,CE,Federal Contract Tower,5,0,9,19,33,0,1,25,15,41,5,1,34,34,74,0,8,8,82
05/15/2007,FOE,KS,ACE,CE,Federal Contract Tower,2,0,6,9,17,0,0,4,5,9,2,0,10,14,26,0,32,32,58
05/16/2007,FOE,KS,ACE,CE,Federal Contract Tower,0,0,7,25,32,0,0,35,37,72,0,0,42,62,104,0,94,94,198
05/17/2007,FOE,KS,ACE,CE,Federal Contract Tower,0,5,10,8,23,0,2,49,20,71,0,7,59,28,94,24,28,52,146
05/18/2007,FOE,KS,ACE,CE,Federal Contract Tower,2,2,4,9,17,0,0,65,9,74,2,2,69,18,91,0,50,50,141
05/19/2007,FOE,KS,ACE,CE,Federal Contract Tower,1,0,2,7,10,0,1,64,6,71,1,1,66,13,81,4,34,38,119
05/20/2007,FOE,KS,ACE,CE,Federal Contract Tower,0,2,5,9,16,0,0,48,9,57,0,2,53,18,73,0,0,0,73
05/21/2007,FOE,KS,ACE,CE,Federal Contract Tower,2,2,2,17,23,0,1,21,10,32,2,3,23,27,55,0,32,32,87
05/22/2007,FOE,KS,ACE,CE,Federal Contract Tower,0,1,1,31,33,0,0,22,19,41,0,1,23,50,74,8,24,32,106
05/23/2007,FOE,KS,ACE,CE,Federal Contract Tower,0,2,18,16,36,0,0,26,10,36,0,2,44,26,72,0,60,60,132
05/24/2007,FOE,KS,ACE,CE,Federal Contract Tower,0,0,7,14,21,0,0,32,10,42,0,0,39,24,63,4,20,24,87
05/25/2007,FOE,KS,ACE,CE,Federal Contract Tower,2,0,5,25,32,0,1,45,21,67,2,1,50,46,99,10,0,10,109
05/26/2007,FOE,KS,ACE,CE,Federal Contract Tower,0,0,4,4,8,0,0,12,0,12,0,0,16,4,20,0,12,12,32
05/27/2007,FOE,KS,ACE,CE,Federal Contract Tower,0,0,3,0,3,0,0,2,0,2,0,0,5,0,5,16,0,16,21
05/28/2007,FOE,KS,ACE,CE,Federal Contract Tower,2,0,4,2,8,0,0,12,0,12,2,0,16,2,20,4,0,4,24
05/29/2007,FOE,KS,ACE,CE,Federal Contract Tower,0,0,4,20,24,0,0,18,5,23,0,0,22,25,47,4,4,8,55
05/30/2007,FOE,KS,ACE,CE,Federal Contract Tower,0,2,8,7,17,0,0,23,9,32,0,2,31,16,49,4,64,68,117
05/31/2007,FOE,KS,ACE,CE,Federal Contract Tower,0,0,7,17,24,0,2,61,26,89,0,2,68,43,113,18,40,58,171
06/01/2007,FOE,KS,ACE,CE,Federal Contract Tower,2,4,13,5,24,0,1,36,1,38,2,5,49,6,62,0,0,0,62
06/02/2007,FOE,KS,ACE,CE,Federal Contract Tower,0,0,9,0,9,0,0,91,5,96,0,0,100,5,105,0,10,10,115
06/03/2007,FOE,KS,ACE,CE,Federal Contract Tower,2,3,12,3,20,0,0,48,2,50,2,3,60,5,70,0,26,26,96
06/04/2007,FOE,KS,ACE,CE,Federal Contract Tower,2,6,6,22,36,0,1,18,9,28,2,7,24,31,64,4,30,34,98
06/05/2007,FOE,KS,ACE,CE,Federal Contract Tower,0,2,2,10,14,0,0,24,7,31,0,2,26,17,45,24,64,88,133
06/06/2007,FOE,KS,ACE,CE,Federal Contract Tower,0,2,10,13,25,0,0,16,9,25,0,2,26,22,50,2,6,8,58
06/07/2007,FOE,KS,ACE,CE,Federal Contract Tower,0,3,5,12,20,0,0,22,9,31,0,3,27,21,51,4,8,12,63
06/08/2007,FOE,KS,ACE,CE,Federal Contract Tower,2,1,12,17,32,0,0,52,18,70,2,1,64,35,102,0,54,54,156
06/09/2007,FOE,KS,ACE,CE,Federal Contract Tower,0,2,3,7,12,0,2,54,11,67,0,4,57,18,79,6,38,44,123
06/10/2007,FOE,KS,ACE,CE,Federal Contract Tower,0,0,0,10,10,0,0,22,7,29,0,0,22,17,39,0,30,30,69
06/11/2007,FOE,KS,ACE,CE,Federal Contract Tower,2,0,13,13,28,0,0,11,13,24,2,0,24,26,52,0,8,8,60
06/12/2007,FOE,KS,ACE,CE,Federal Contract Tower,1,0,14,28,43,0,0,7,17,24,1,0,21,45,67,0,94,94,161
06/13/2007,FOE,KS,ACE,CE,Federal Contract Tower,0,2,11,6,19,0,0,47,22,69,0,2,58,28,88,36,22,58,146
06/14/2007,FOE,KS,ACE,CE,Federal Contract Tower,0,0,7,13,20,0,0,38,13,51,0,0,45,26,71,2,38,40,111
06/15/2007,FOE,KS,ACE,CE,Federal Contract Tower,2,0,5,20,27,0,0,51,23,74,2,0,56,43,101,4,132,136,237
06/16/2007,FOE,KS,ACE,CE,Federal Contract Tower,0,0,3,9,12,0,0,91,15,106,0,0,94,24,118,32,12,44,162
06/17/2007,FOE,KS,ACE,CE,Federal Contract Tower,0,0,8,7,15,0,1,21,53,75,0,1,29,60,90,0,0,0,90
06/18/2007,FOE,KS,ACE,CE,Federal Contract Tower,2,2,10,9,23,0,0,0,3,3,2,2,10,12,26,0,0,0,26
06/19/2007,FOE,KS,ACE,CE,Federal Contract Tower,0,1,7,5,13,0,3,23,14,40,0,4,30,19,53,0,2,2,55
06/20/2007,FOE,KS,ACE,CE,Federal Contract Tower,0,2,10,19,31,0,0,55,18,73,0,2,65,37,104,14,34,48,152
06/21/2007,FOE,KS,ACE,CE,Federal Contract Tower,0,0,10,11,21,0,0,50,8,58,0,0,60,19,79,50,14,64,143
06/22/2007,FOE,KS,ACE,CE,Federal Contract Tower,4,0,1,13,18,0,0,33,10,43,4,0,34,23,61,12,24,36,97
06/23/2007,FOE,KS,ACE,CE,Federal Contract Tower,0,0,5,5,10,0,1,32,1,34,0,1,37,6,44,0,0,0,44
06/24/2007,FOE,KS,ACE,CE,Federal Contract Tower,0,0,6,1,7,0,0,30,0,30,0,0,36,1,37,0,0,0,37
06/25/2007,FOE,KS,ACE,CE,Federal Contract Tower,4,0,5,21,30,0,1,24,14,39,4,1,29,35,69,0,4,4,73
06/26/2007,FOE,KS,ACE,CE,Federal Contract Tower,0,0,18,27,45,0,1,16,12,29,0,1,34,39,74,0,132,132,206
06/27/2007,FOE,KS,ACE,CE,Federal Contract Tower,0,4,14,7,25,0,0,37,5,42,0,4,51,12,67,24,0,24,91
06/28/2007,FOE,KS,ACE,CE,Federal Contract Tower,2,2,8,4,16,0,2,43,7,52,2,4,51,11,68,0,0,0,68
06/29/2007,FOE,KS,ACE,CE,Federal Contract Tower,2,2,8,7,19,0,0,0,0,0,2,2,8,7,19,0,0,0,19
06/30/2007,FOE,KS,ACE,CE,Federal Contract Tower,2,0,11,2,15,0,0,1,1,2,2,0,12,3,17,0,0,0,17
07/01/2007,FOE,KS,ACE,CE,Federal Contract Tower,0,0,5,5,10,0,0,15,4,19,0,0,20,9,29,2,2,4,33
07/02/2007,FOE,KS,ACE,CE,Federal Contract Tower,2,0,8,14,24,0,0,16,10,26,2,0,24,24,50,6,22,28,78
07/03/2007,FOE,KS,ACE,CE,Federal Contract Tower,0,0,1,28,29,0,2,22,11,35,0,2,23,39,64,2,14,16,80
07/04/2007,FOE,KS,ACE,CE,Federal Contract Tower,1,0,4,0,5,0,0,24,0,24,1,0,28,0,29,0,0,0,29
07/05/2007,FOE,KS,ACE,CE,Federal Contract Tower,0,0,4,0,4,0,0,57,15,72,0,0,61,15,76,20,41,61,137
07/06/2007,FOE,KS,ACE,CE,Federal Contract Tower,2,0,8,25,35,0,1,62,25,88,2,1,70,50,123,36,78,114,237
07/07/2007,FOE,KS,ACE,CE,Federal Contract Tower,0,2,1,3,6,0,0,50,4,54,0,2,51,7,60,8,8,16,76
07/08/2007,FOE,KS,ACE,CE,Federal Contract Tower,0,2,2,4,8,0,0,33,5,38,0,2,35,9,46,4,0,4,50
07/09/2007,FOE,KS,ACE,CE,Federal Contract Tower,2,0,4,28,34,0,0,23,13,36,2,0,27,41,70,10,28,38,108
07/10/2007,FOE,KS,ACE,CE,Federal Contract Tower,0,3,9,15,27,0,1,3,10,14,0,4,12,25,41,0,18,18,59
07/11/2007,FOE,KS,ACE,CE,Federal Contract Tower,0,7,9,26,42,0,0,32,32,64,0,7,41,58,106,0,88,88,194
07/12/2007,FOE,KS,ACE,CE,Federal Contract Tower,2,2,12,20,36,0,0,35,24,59,2,2,47,44,95,18,110,128,223
07/13/2007,FOE,KS,ACE,CE,Federal Contract Tower,2,0,12,19,33,0,0,46,18,64,2,0,58,37,97,16,36,52,149
07/14/2007,FOE,KS,ACE,CE,Federal Contract Tower,1,0,3,26,30,0,0,68,20,88,1,0,71,46,118,46,12,58,176
07/15/2007,FOE,KS,ACE,CE,Federal Contract Tower,2,0,5,12,19,0,0,28,1,29,2,0,33,13,48,0,0,0,48
07/16/2007,FOE,KS,ACE,CE,Federal Contract Tower,2,0,9,8,19,0,1,33,7,41,2,1,42,15,60,4,24,28,88
07/17/2007,FOE,KS,ACE,CE,Federal Contract Tower,0,2,12,25,39,0,0,25,10,35,0,2,37,35,74,14,58,72,146
07/18/2007,FOE,KS,ACE,CE,Federal Contract Tower,0,0,8,17,25,0,1,25,12,38,0,1,33,29,63,48,38,86,149
07/19/2007,FOE,KS,ACE,CE,Federal Contract Tower,0,2,9,13,24,0,1,17,25,43,0,3,26,38,67,4,40,44,111
07/20/2007,FOE,KS,ACE,CE,Federal Contract Tower,2,0,5,24,31,0,1,32,22,55,2,1,37,46,86,14,38,52,138
07/21/2007,FOE,KS,ACE,CE,Federal Contract Tower,1,0,6,3,10,0,0,38,4,42,1,0,44,7,52,0,12,12,64
07/22/2007,FOE,KS,ACE,CE,Federal Contract Tower,0,0,4,7,11,0,0,29,2,31,0,0,33,9,42,2,0,2,44
07/23/2007,FOE,KS,ACE,CE,Federal Contract Tower,2,2,7,18,29,0,0,7,6,13,2,2,14,24,42,4,12,16,58
07/24/2007,FOE,KS,ACE,CE,Federal Contract Tower,0,0,10,30,40,0,0,33,20,53,0,0,43,50,93,4,30,34,127
07/25/2007,FOE,KS,ACE,CE,Federal Contract Tower,0,0,10,26,36,0,1,87,23,111,0,1,97,49,147,48,124,172,319
07/26/2007,FOE,KS,ACE,CE,Federal Contract Tower,0,1,15,31,47,0,0,59,19,78,0,1,74,50,125,6,56,62,187
07/27/2007,FOE,KS,ACE,CE,Federal Contract Tower,2,0,5,15,22,0,0,40,16,56,2,0,45,31,78,28,86,114,192
07/28/2007,FOE,KS,ACE,CE,Federal Contract Tower,0,0,6,6,12,0,0,62,7,69,0,0,68,13,81,50,0,50,131
07/29/2007,FOE,KS,ACE,CE,Federal Contract Tower,0,0,8,5,13,0,0,7,1,8,0,0,15,6,21,0,0,0,21
07/30/2007,FOE,KS,ACE,CE,Federal Contract Tower,2,0,4,19,25,2,0,9,7,18,4,0,13,26,43,0,0,0,43
07/31/2007,FOE,KS,ACE,CE,Federal Contract Tower,0,0,3,2,5,0,0,8,0,8,0,0,11,2,13,8,0,8,21
08/01/2007,FOE,KS,ACE,CE,Federal Contract Tower,0,2,10,31,43,0,3,61,19,83,0,5,71,50,126,24,76,100,226
08/02/2007,FOE,KS,ACE,CE,Federal Contract Tower,2,2,11,6,21,0,0,34,12,46,2,2,45,18,67,12,64,76,143
08/03/2007,FOE,KS,ACE,CE,Federal Contract Tower,1,2,11,8,22,0,0,37,12,49,1,2,48,20,71,12,20,32,103
08/04/2007,FOE,KS,ACE,CE,Federal Contract Tower,0,1,2,6,9,0,2,64,8,74,0,3,66,14,83,34,4,38,121
08/05/2007,FOE,KS,ACE,CE,Federal Contract Tower,0,2,1,8,11,0,0,18,3,21,0,2,19,11,32,0,8,8,40
08/06/2007,FOE,KS,ACE,CE,Federal Contract Tower,2,0,5,35,42,0,2,19,19,40,2,2,24,54,82,2,46,48,130
08/07/2007,FOE,KS,ACE,CE,Federal Contract Tower,2,0,3,26,31,0,0,17,9,26,2,0,20,35,57,10,8,18,75
08/08/2007,FOE,KS,ACE,CE,Federal Contract Tower,2,4,8,40,54,0,0,34,26,60,2,4,42,66,114,0,48,48,162
08/09/2007,FOE,KS,ACE,CE,Federal Contract Tower,0,0,9,38,47,0,0,54,75,129,0,0,63,113,176,2,102,104,280
08/10/2007,FOE,KS,ACE,CE,Federal Contract Tower,0,0,10,16,26,0,1,54,20,75,0,1,64,36,101,42,50,92,193
08/11/2007,FOE,KS,ACE,CE,Federal Contract Tower,0,0,4,8,12,0,0,51,0,51,0,0,55,8,63,30,0,30,93
08/12/2007,FOE,KS,ACE,CE,Federal Contract Tower,1,0,0,14,15,0,0,37,8,45,1,0,37,22,60,2,12,14,74
08/13/2007,FOE,KS,ACE,CE,Federal Contract Tower,1,2,17,42,62,0,0,20,27,47,1,2,37,69,109,2,126,128,237
08/14/2007,FOE,KS,ACE,CE,Federal Contract Tower,0,2,9,32,43,0,0,27,16,43,0,2,36,48,86,0,146,146,232
08/15/2007,FOE,KS,ACE,CE,Federal Contract Tower,0,0,8,23,31,0,0,34,17,51,0,0,42,40,82,0,76,76,158
08/16/2007,FOE,KS,ACE,CE,Federal Contract Tower,0,1,17,38,56,0,0,19,23,42,0,1,36,61,98,0,178,178,276
08/17/2007,FOE,KS,ACE,CE,Federal Contract Tower,0,3,6,19,28,0,0,55,17,72,0,3,61,36,100,16,32,48,148
08/18/2007,FOE,KS,ACE,CE,Federal Contract Tower,2,0,3,6,11,0,0,72,3,75,2,0,75,9,86,12,10,22,108
08/19/2007,FOE,KS,ACE,CE,Federal Contract Tower,0,0,8,4,12,0,0,15,5,20,0,0,23,9,32,8,4,12,44
08/20/2007,FOE,KS,ACE,CE,Federal Contract Tower,2,2,9,31,44,0,0,12,23,35,2,2,21,54,79,0,26,26,105
08/21/2007,FOE,KS,ACE,CE,Federal Contract Tower,0,3,8,22,33,0,3,30,17,50,0,6,38,39,83,20,30,50,133
08/22/2007,FOE,KS,ACE,CE,Federal Contract Tower,0,2,7,36,45,0,0,41,46,87,0,2,48,82,132,0,84,84,216
08/23/2007,FOE,KS,ACE,CE,Federal Contract Tower,0,3,6,8,17,0,0,28,22,50,0,3,34,30,67,24,2,26,93
08/24/2007,FOE,KS,ACE,CE,Federal Contract Tower,0,3,13,4,20,0,0,67,2,69,0,3,80,6,89,2,4,6,95
08/25/2007,FOE,KS,ACE,CE,Federal Contract Tower,0,0,4,4,8,0,0,63,1,64,0,0,67,5,72,56,8,64,136
08/26/2007,FOE,KS,ACE,CE,Federal Contract Tower,2,4,0,1,7,0,0,20,0,20,2,4,20,1,27,0,0,0,27
08/27/2007,FOE,KS,ACE,CE,Federal Contract Tower,0,2,1,32,35,0,0,16,18,34,0,2,17,50,69,4,40,44,113
08/28/2007,FOE,KS,ACE,CE,Federal Contract Tower,2,2,6,23,33,0,0,26,26,52,2,2,32,49,85,10,38,48,133
08/29/2007,FOE,KS,ACE,CE,Federal Contract Tower,0,0,13,26,39,0,0,20,35,55,0,0,33,61,94,16,66,82,176
08/30/2007,FOE,KS,ACE,CE,Federal Contract Tower,0,0,12,22,34,0,0,80,42,122,0,0,92,64,156,6,152,158,314
08/31/2007,FOE,KS,ACE,CE,Federal Contract Tower,2,4,7,18,31,0,0,58,8,66,2,4,65,26,97,46,42,88,185
09/01/2007,FOE,KS,ACE,CE,Federal Contract Tower,1,2,1,2,6,0,0,70,0,70,1,2,71,2,76,0,0,0,76
09/02/2007,FOE,KS,ACE,CE,Federal Contract Tower,0,0,3,0,3,0,0,35,0,35,0,0,38,0,38,0,0,0,38
09/03/2007,FOE,KS,ACE,CE,Federal Contract Tower,0,2,6,6,14,0,0,27,0,27,0,2,33,6,41,12,0,12,53
09/04/2007,FOE,KS,ACE,CE,Federal Contract Tower,1,2,9,24,36,0,4,22,13,39,1,6,31,37,75,4,14,18,93
09/05/2007,FOE,KS,ACE,CE,Federal Contract Tower,0,0,7,20,27,0,0,33,18,51,0,0,40,38,78,8,34,42,120
09/06/2007,FOE,KS,ACE,CE,Federal Contract Tower,5,0,7,21,33,0,0,22,11,33,5,0,29,32,66,0,10,10,76
09/07/2007,FOE,KS,ACE,CE,Federal Contract Tower,0,3,9,21,33,0,0,39,10,49,0,3,48,31,82,42,104,146,228
09/08/2007,FOE,KS,ACE,CE,Federal Contract Tower,1,3,9,14,27,0,0,65,16,81,1,3,74,30,108,16,0,16,124
09/09/2007,FOE,KS,ACE,CE,Federal Contract Tower,2,1,1,16,20,0,0,13,1,14,2,1,14,17,34,4,2,6,40
09/10/2007,FOE,KS,ACE,CE,Federal Contract Tower,0,4,13,37,54,0,0,20,14,34,0,4,33,51,88,14,64,78,166
09/11/2007,FOE,KS,ACE,CE,Federal Contract Tower,0,0,9,32,41,0,0,29,32,61,0,0,38,64,102,4,120,124,226
09/12/2007,FOE,KS,ACE,CE,Federal Contract Tower,1,0,5,37,43,0,0,51,37,88,1,0,56,74,131,20,130,150,281
09/13/2007,FOE,KS,ACE,CE,Federal Contract Tower,3,0,2,23,28,0,0,45,38,83,3,0,47,61,111,4,92,96,207
09/14/2007,FOE,KS,ACE,CE,Federal Contract Tower,4,3,22,19,48,0,0,55,22,77,4,3,77,41,125,48,64,112,237
09/15/2007,FOE,KS,ACE,CE,Federal Contract Tower,0,3,1,3,7,0,2,14,1,17,0,5,15,4,24,32,8,40,64
09/16/2007,FOE,KS,ACE,CE,Federal Contract Tower,1,1,9,4,15,0,0,10,0,10,1,1,19,4,25,0,0,0,25
09/17/2007,FOE,KS,ACE,CE,Federal Contract Tower,3,3,5,18,29,0,0,9,5,14,3,3,14,23,43,0,12,12,55
09/18/2007,FOE,KS,ACE,CE,Federal Contract Tower,2,2,10,12,26,0,0,9,11,20,2,2,19,23,46,0,50,50,96
09/19/2007,FOE,KS,ACE,CE,Federal Contract Tower,0,3,13,24,40,0,0,49,31,80,0,3,62,55,120,14,90,104,224
09/20/2007,FOE,KS,ACE,CE,Federal Contract Tower,0,5,9,17,31,0,0,41,25,66,0,5,50,42,97,6,158,164,261
09/21/2007,FOE,KS,ACE,CE,Federal Contract Tower,1,3,5,13,22,0,0,40,18,58,1,3,45,31,80,28,8,36,116
09/22/2007,FOE,KS,ACE,CE,Federal Contract Tower,0,0,2,6,8,0,0,77,9,86,0,0,79,15,94,36,24,60,154
09/23/2007,FOE,KS,ACE,CE,Federal Contract Tower,0,2,9,0,11,0,3,21,0,24,0,5,30,0,35,2,0,2,37
09/24/2007,FOE,KS,ACE,CE,Federal Contract Tower,0,0,13,11,24,0,1,18,13,32,0,1,31,24,56,16,64,80,136
09/25/2007,FOE,KS,ACE,CE,Federal Contract Tower,0,2,4,16,22,0,0,15,15,30,0,2,19,31,52,0,20,20,72
09/26/2007,FOE,KS,ACE,CE,Federal Contract Tower,0,0,11,30,41,0,0,30,23,53,0,0,41,53,94,52,50,102,196
09/27/2007,FOE,KS,ACE,CE,Federal Contract Tower,0,1,14,9,24,0,0,26,27,53,0,1,40,36,77,18,70,88,165
09/28/2007,FOE,KS,ACE,CE,Federal Contract Tower,0,4,6,4,14,0,0,37,0,37,0,4,43,4,51,6,0,6,57
09/29/2007,FOE,KS,ACE,CE,Federal Contract Tower,0,0,2,0,2,0,0,19,0,19,0,0,21,0,21,2,0,2,23
09/30/2007,FOE,KS,ACE,CE,Federal Contract Tower,0,0,6,2,8,0,0,14,3,17,0,0,20,5,25,2,0,2,27
10/01/2007,FOE,KS,ACE,CE,Federal Contract Tower,0,0,8,32,40,0,1,20,16,37,0,1,28,48,77,8,28,36,113
10/02/2007,FOE,KS,ACE,CE,Federal Contract Tower,1,2,9,8,20,0,5,16,13,34,1,7,25,21,54,6,18,24,78
10/03/2007,FOE,KS,ACE,CE,Federal Contract Tower,2,0,16,37,55,0,5,25,24,54,2,5,41,61,109,2,114,116,225
10/04/2007,FOE,KS,ACE,CE,Federal Contract Tower,0,3,6,21,30,0,0,34,22,56,0,3,40,43,86,0,14,14,100
10/05/2007,FOE,KS,ACE,CE,Federal Contract Tower,0,0,4,26,30,0,0,33,23,56,0,0,37,49,86,2,24,26,112
10/06/2007,FOE,KS,ACE,CE,Federal Contract Tower,0,0,6,0,6,0,0,39,21,60,0,0,45,21,66,0,10,10,76
10/07/2007,FOE,KS,ACE,CE,Federal Contract Tower,2,0,6,0,8,0,0,13,0,13,2,0,19,0,21,0,0,0,21
10/08/2007,FOE,KS,ACE,CE,Federal Contract Tower,0,2,6,2,10,0,0,11,1,12,0,2,17,3,22,0,0,0,22
10/09/2007,FOE,KS,ACE,CE,Federal Contract Tower,0,2,7,24,33,0,0,17,14,31,0,2,24,38,64,4,64,68,132
10/10/2007,FOE,KS,ACE,CE,Federal Contract Tower,2,2,17,37,58,0,0,34,39,73,2,2,51,76,131,10,68,78,209
10/11/2007,FOE,KS,ACE,CE,Federal Contract Tower,2,7,16,23,48,0,3,54,20,77,2,10,70,43,125,6,44,50,175
10/12/2007,FOE,KS,ACE,CE,Federal Contract Tower,1,2,20,15,38,0,0,41,25,66,1,2,61,40,104,0,62,62,166
10/13/2007,FOE,KS,ACE,CE,Federal Contract Tower,1,1,13,4,19,0,0,13,6,19,1,1,26,10,38,0,0,0,38
10/14/2007,FOE,KS,ACE,CE,Federal Contract Tower,0,4,10,3,17,0,3,24,1,28,0,7,34,4,45,0,14,14,59
10/15/2007,FOE,KS,ACE,CE,Federal Contract Tower,2,0,9,16,27,0,0,3,5,8,2,0,12,21,35,0,0,0,35
10/16/2007,FOE,KS,ACE,CE,Federal Contract Tower,0,2,6,16,24,0,0,42,10,52,0,2,48,26,76,20,58,78,154
10/17/2007,FOE,KS,ACE,CE,Federal Contract Tower,0,1,3,2,6,0,0,2,0,2,0,1,5,2,8,0,0,0,8
10/18/2007,FOE,KS,ACE,CE,Federal Contract Tower,0,0,10,20,30,0,0,20,24,44,0,0,30,44,74,20,85,105,179
10/19/2007,FOE,KS,ACE,CE,Federal Contract Tower,4,0,4,16,24,0,0,34,24,58,4,0,38,40,82,6,68,74,156
10/20/2007,FOE,KS,ACE,CE,Federal Contract Tower,0,2,8,4,14,0,2,23,3,28,0,4,31,7,42,18,16,34,76
10/21/2007,FOE,KS,ACE,CE,Federal Contract Tower,0,0,4,4,8,0,0,6,6,12,0,0,10,10,20,0,0,0,20
10/22/2007,FOE,KS,ACE,CE,Federal Contract Tower,0,0,18,11,29,0,0,8,8,16,0,0,26,19,45,0,10,10,55
10/23/2007,FOE,KS,ACE,CE,Federal Contract Tower,0,2,9,16,27,0,0,18,15,33,0,2,27,31,60,0,18,18,78
10/24/2007,FOE,KS,ACE,CE,Federal Contract Tower,0,2,11,13,26,0,0,37,21,58,0,2,48,34,84,0,26,26,110
10/25/2007,FOE,KS,ACE,CE,Federal Contract Tower,0,0,12,21,33,0,2,50,38,90,0,2,62,59,123,10,70,80,203
10/26/2007,FOE,KS,ACE,CE,Federal Contract Tower,2,4,8,12,26,0,0,22,9,31,2,4,30,21,57,46,2,48,105
10/27/2007,FOE,KS,ACE,CE,Federal Contract Tower,2,0,8,1,11,0,0,62,2,64,2,0,70,3,75,30,8,38,113
10/28/2007,FOE,KS,ACE,CE,Federal Contract Tower,1,0,6,10,17,0,0,35,2,37,1,0,41,12,54,0,2,2,56
10/29/2007,FOE,KS,ACE,CE,Federal Contract Tower,2,0,7,17,26,0,0,16,16,32,2,0,23,33,58,0,28,28,86
10/30/2007,FOE,KS,ACE,CE,Federal Contract Tower,0,0,4,16,20,0,0,15,19,34,0,0,19,35,54,2,38,40,94
10/31/2007,FOE,KS,ACE,CE,Federal Contract Tower,0,1,3,42,46,0,0,16,21,37,0,1,19,63,83,12,64,76,159
11/01/2007,FOE,KS,ACE,CE,Federal Contract Tower,2,2,8,13,25,0,0,32,21,53,2,2,40,34,78,4,84,88,166
11/02/2007,FOE,KS,ACE,CE,Federal Contract Tower,0,0,6,13,19,0,0,42,33,75,0,0,48,46,94,20,84,104,198
11/03/2007,FOE,KS,ACE,CE,Federal Contract Tower,0,2,3,0,5,0,0,98,9,107,0,2,101,9,112,56,6,62,174
11/04/2007,FOE,KS,ACE,CE,Federal Contract Tower,0,2,2,18,22,0,0,35,19,54,0,2,37,37,76,0,42,42,118
11/05/2007,FOE,KS,ACE,CE,Federal Contract Tower,0,0,11,6,17,0,0,14,7,21,0,0,25,13,38,0,0,0,38
11/06/2007,FOE,KS,ACE,CE,Federal Contract Tower,0,3,4,53,60,0,1,15,43,59,0,4,19,96,119,12,134,146,265
11/07/2007,FOE,KS,ACE,CE,Federal Contract Tower,0,8,16,25,49,0,2,28,16,46,0,10,44,41,95,8,22,30,125
11/08/2007,FOE,KS,ACE,CE,Federal Contract Tower,0,1,8,14,23,0,0,26,20,46,0,1,34,34,69,20,56,76,145
11/09/2007,FOE,KS,ACE,CE,Federal Contract Tower,2,1,6,13,22,0,2,34,9,45,2,3,40,22,67,10,92,102,169
11/10/2007,FOE,KS,ACE,CE,Federal Contract Tower,0,0,3,0,3,0,0,32,2,34,0,0,35,2,37,4,0,4,41
11/11/2007,FOE,KS,ACE,CE,Federal Contract Tower,1,1,7,2,11,0,0,7,1,8,1,1,14,3,19,0,0,0,19
11/12/2007,FOE,KS,ACE,CE,Federal Contract Tower,2,1,9,7,19,0,0,8,5,13,2,1,17,12,32,0,10,10,42
11/13/2007,FOE,KS,ACE,CE,Federal Contract Tower,0,5,6,28,39,0,0,21,20,41,0,5,27,48,80,8,84,92,172
11/14/2007,FOE,KS,ACE,CE,Federal Contract Tower,0,0,9,14,23,0,2,33,15,50,0,2,42,29,73,6,26,32,105
11/15/2007,FOE,KS,ACE,CE,Federal Contract Tower,1,3,16,10,30,0,0,42,26,68,1,3,58,36,98,8,38,46,144
11/16/2007,FOE,KS,ACE,CE,Federal Contract Tower,4,0,16,19,39,0,0,60,20,80,4,0,76,39,119,12,14,26,145
11/17/2007,FOE,KS,ACE,CE,Federal Contract Tower,2,0,4,6,12,0,0,48,13,61,2,0,52,19,73,20,14,34,107
11/18/2007,FOE,KS,ACE,CE,Federal Contract Tower,1,3,1,0,5,0,0,20,0,20,1,3,21,0,25,4,0,4,29
11/19/2007,FOE,KS,ACE,CE,Federal Contract Tower,1,3,7,27,38,0,0,20,15,35,1,3,27,42,73,0,31,31,104
11/20/2007,FOE,KS,ACE,CE,Federal Contract Tower,0,2,12,29,43,0,0,13,20,33,0,2,25,49,76,8,8,16,92
11/21/2007,FOE,KS,ACE,CE,Federal Contract Tower,0,3,1,6,10,0,0,2,0,2,0,3,3,6,12,0,0,0,12
11/22/2007,FOE,KS,ACE,CE,Federal Contract Tower,0,1,0,1,2,0,2,13,0,15,0,3,13,1,17,0,0,0,17
11/23/2007,FOE,KS,ACE,CE,Federal Contract Tower,0,0,1,1,2,0,0,21,1,22,0,0,22,2,24,0,0,0,24
11/24/2007,FOE,KS,ACE,CE,Federal Contract Tower,0,0,4,2,6,0,0,0,0,0,0,0,4,2,6,0,0,0,6
11/25/2007,FOE,KS,ACE,CE,Federal Contract Tower,1,0,1,6,8,0,0,19,3,22,1,0,20,9,30,2,6,8,38
11/26/2007,FOE,KS,ACE,CE,Federal Contract Tower,1,2,7,24,34,0,0,9,26,35,1,2,16,50,69,14,68,82,151
11/27/2007,FOE,KS,ACE,CE,Federal Contract Tower,0,2,15,22,39,0,0,21,19,40,0,2,36,41,79,0,46,46,125
11/28/2007,FOE,KS,ACE,CE,Federal Contract Tower,0,2,10,29,41,0,0,28,38,66,0,2,38,67,107,2,112,114,221
11/29/2007,FOE,KS,ACE,CE,Federal Contract Tower,0,0,16,24,40,0,0,34,23,57,0,0,50,47,97,8,26,34,131
11/30/2007,FOE,KS,ACE,CE,Federal Contract Tower,1,2,8,27,38,0,0,18,42,60,1,2,26,69,98,0,82,82,180
12/01/2007,FOE,KS,ACE,CE,Federal Contract Tower,0,0,2,2,4,0,0,0,0,0,0,0,2,2,4,0,0,0,4
12/02/2007,FOE,KS,ACE,CE,Federal Contract Tower,3,0,4,19,26,0,0,2,10,12,3,0,6,29,38,6,36,42,80
12/03/2007,FOE,KS,ACE,CE,Federal Contract Tower,0,2,4,16,22,0,0,11,10,21,0,2,15,26,43,0,14,14,57
12/04/2007,FOE,KS,ACE,CE,Federal Contract Tower,1,0,7,39,47,0,0,18,13,31,1,0,25,52,78,2,26,28,106
12/05/2007,FOE,KS,ACE,CE,Federal Contract Tower,1,1,12,18,32,0,6,31,26,63,1,7,43,44,95,0,4,4,99
12/06/2007,FOE,KS,ACE,CE,Federal Contract Tower,0,0,7,3,10,0,0,0,0,0,0,0,7,3,10,0,0,0,10
12/07/2007,FOE,KS,ACE,CE,Federal Contract Tower,0,0,5,0,5,0,0,4,0,4,0,0,9,0,9,0,0,0,9
12/08/2007,FOE,KS,ACE,CE,Federal Contract Tower,0,0,1,0,1,0,0,0,0,0,0,0,1,0,1,0,0,0,1
12/09/2007,FOE,KS,ACE,CE,Federal Contract Tower,2,0,0,0,2,0,0,0,0,0,2,0,0,0,2,0,0,0,2
12/10/2007,FOE,KS,ACE,CE,Federal Contract Tower,0,0,5,2,7,0,0,1,2,3,0,0,6,4,10,0,0,0,10
12/11/2007,FOE,KS,ACE,CE,Federal Contract Tower,0,0,0,0,0,0,0,0,0,0,0,0,0,0,0,0,0,0,0
12/12/2007,FOE,KS,ACE,CE,Federal Contract Tower,4,0,1,0,5,0,0,0,0,0,4,0,1,0,5,0,0,0,5
12/13/2007,FOE,KS,ACE,CE,Federal Contract Tower,0,0,15,22,37,0,0,36,30,66,0,0,51,52,103,6,40,46,149
12/14/2007,FOE,KS,ACE,CE,Federal Contract Tower,0,0,8,10,18,0,1,23,13,37,0,1,31,23,55,12,16,28,83
12/15/2007,FOE,KS,ACE,CE,Federal Contract Tower,4,0,7,2,13,0,0,1,0,1,4,0,8,2,14,0,0,0,14
12/16/2007,FOE,KS,ACE,CE,Federal Contract Tower,0,0,1,3,4,0,0,9,6,15,0,0,10,9,19,2,0,2,21
12/17/2007,FOE,KS,ACE,CE,Federal Contract Tower,3,2,5,19,29,0,0,11,10,21,3,2,16,29,50,4,54,58,108
12/18/2007,FOE,KS,ACE,CE,Federal Contract Tower,0,4,8,18,30,0,0,35,25,60,0,4,43,43,90,2,62,64,154
12/19/2007,FOE,KS,ACE,CE,Federal Contract Tower,2,0,10,26,38,0,2,32,28,62,2,2,42,54,100,16,84,100,200
12/20/2007,FOE,KS,ACE,CE,Federal Contract Tower,0,0,8,35,43,0,0,38,46,84,0,0,46,81,127,8,34,42,169
12/21/2007,FOE,KS,ACE,CE,Federal Contract Tower,0,5,4,14,23,0,2,29,12,43,0,7,33,26,66,6,62,68,134
12/22/2007,FOE,KS,ACE,CE,Federal Contract Tower,1,0,0,0,1,0,0,0,0,0,1,0,0,0,1,0,0,0,1
12/23/2007,FOE,KS,ACE,CE,Federal Contract Tower,0,0,1,0,1,0,0,4,0,4,0,0,5,0,5,2,0,2,7
12/24/2007,FOE,KS,ACE,CE,Federal Contract Tower,0,0,2,0,2,0,1,5,0,6,0,1,7,0,8,2,0,2,10
12/25/2007,FOE,KS,ACE,CE,Federal Contract Tower,0,3,0,0,3,0,2,10,0,12,0,5,10,0,15,0,0,0,15
12/26/2007,FOE,KS,ACE,CE,Federal Contract Tower,0,1,2,8,11,0,0,1,6,7,0,1,3,14,18,0,0,0,18
12/27/2007,FOE,KS,ACE,CE,Federal Contract Tower,2,0,8,2,12,0,0,0,0,0,2,0,8,2,12,0,0,0,12
12/28/2007,FOE,KS,ACE,CE,Federal Contract Tower,2,0,2,0,4,0,2,9,0,11,2,2,11,0,15,0,0,0,15
12/29/2007,FOE,KS,ACE,CE,Federal Contract Tower,0,0,3,0,3,0,0,18,0,18,0,0,21,0,21,18,0,18,39
12/30/2007,FOE,KS,ACE,CE,Federal Contract Tower,0,0,0,1,1,0,0,5,0,5,0,0,5,1,6,0,0,0,6
12/31/2007,FOE,KS,ACE,CE,Federal Contract Tower,0,0,0,0,0,0,0,11,0,11,0,0,11,0,11,0,0,0,11
01/01/2008,FOE,KS,ACE,CE,Federal Contract Tower,2,0,1,0,3,0,0,6,0,6,2,0,7,0,9,2,0,2,11
01/02/2008,FOE,KS,ACE,CE,Federal Contract Tower,0,2,2,0,4,0,0,18,2,20,0,2,20,2,24,0,30,30,54
01/03/2008,FOE,KS,ACE,CE,Federal Contract Tower,1,1,1,12,15,0,0,18,7,25,1,1,19,19,40,0,20,20,60
01/04/2008,FOE,KS,ACE,CE,Federal Contract Tower,6,3,3,11,23,0,0,3,19,22,6,3,6,30,45,0,36,36,81
01/05/2008,FOE,KS,ACE,CE,Federal Contract Tower,2,0,0,1,3,0,0,4,14,18,2,0,4,15,21,0,40,40,61
01/06/2008,FOE,KS,ACE,CE,Federal Contract Tower,0,0,2,0,2,0,0,20,4,24,0,0,22,4,26,10,44,54,80
01/07/2008,FOE,KS,ACE,CE,Federal Contract Tower,0,3,2,10,15,0,0,14,18,32,0,3,16,28,47,8,10,18,65
01/08/2008,FOE,KS,ACE,CE,Federal Contract Tower,0,3,5,5,13,0,0,14,4,18,0,3,19,9,31,0,14,14,45
01/09/2008,FOE,KS,ACE,CE,Federal Contract Tower,0,7,14,12,33,0,1,31,20,52,0,8,45,32,85,16,62,78,163
01/10/2008,FOE,KS,ACE,CE,Federal Contract Tower,2,1,2,13,18,0,0,11,14,25,2,1,13,27,43,0,20,20,63
01/11/2008,FOE,KS,ACE,CE,Federal Contract Tower,0,2,7,16,25,0,0,33,15,48,0,2,40,31,73,10,30,40,113
01/12/2008,FOE,KS,ACE,CE,Federal Contract Tower,0,0,2,2,4,0,2,19,5,26,0,2,21,7,30,0,0,0,30
01/13/2008,FOE,KS,ACE,CE,Federal Contract Tower,0,1,2,8,11,0,2,23,3,28,0,3,25,11,39,4,2,6,45
01/14/2008,FOE,KS,ACE,CE,Federal Contract Tower,0,0,2,20,22,0,0,3,13,16,0,0,5,33,38,0,14,14,52
01/15/2008,FOE,KS,ACE,CE,Federal Contract Tower,2,2,12,26,42,0,0,18,14,32,2,2,30,40,74,4,6,10,84
01/16/2008,FOE,KS,ACE,CE,Federal Contract Tower,0,3,1,3,7,0,0,1,0,1,0,3,2,3,8,0,0,0,8
01/17/2008,FOE,KS,ACE,CE,Federal Contract Tower,2,2,3,2,9,0,4,25,49,78,2,6,28,51,87,0,32,32,119
01/18/2008,FOE,KS,ACE,CE,Federal Contract Tower,2,0,5,11,18,0,0,12,15,27,2,0,17,26,45,2,14,16,61
01/19/2008,FOE,KS,ACE,CE,Federal Contract Tower,0,1,7,3,11,0,4,19,0,23,0,5,26,3,34,22,0,22,56
01/20/2008,FOE,KS,ACE,CE,Federal Contract Tower,1,0,0,0,1,0,0,6,0,6,1,0,6,0,7,0,0,0,7
01/21/2008,FOE,KS,ACE,CE,Federal Contract Tower,1,1,5,0,7,0,0,6,0,6,1,1,11,0,13,4,0,4,17
01/22/2008,FOE,KS,ACE,CE,Federal Contract Tower,0,1,11,7,19,0,0,16,14,30,0,1,27,21,49,0,30,30,79
01/23/2008,FOE,KS,ACE,CE,Federal Contract Tower,1,2,13,12,28,0,0,27,21,48,1,2,40,33,76,10,48,58,134
01/24/2008,FOE,KS,ACE,CE,Federal Contract Tower,0,4,10,33,47,0,0,23,30,53,0,4,33,63,100,0,100,100,200
01/25/2008,FOE,KS,ACE,CE,Federal Contract Tower,0,4,4,16,24,0,0,37,15,52,0,4,41,31,76,12,40,52,128
01/26/2008,FOE,KS,ACE,CE,Federal Contract Tower,2,1,0,4,7,0,1,23,2,26,2,2,23,6,33,0,4,4,37
01/27/2008,FOE,KS,ACE,CE,Federal Contract Tower,0,2,3,1,6,0,0,21,0,21,0,2,24,1,27,0,0,0,27
01/28/2008,FOE,KS,ACE,CE,Federal Contract Tower,0,1,10,15,26,0,0,15,10,25,0,1,25,25,51,10,14,24,75
01/29/2008,FOE,KS,ACE,CE,Federal Contract Tower,1,2,4,2,9,0,0,3,2,5,1,2,7,4,14,0,0,0,14
01/30/2008,FOE,KS,ACE,CE,Federal Contract Tower,0,0,7,15,22,0,0,22,16,38,0,0,29,31,60,0,64,64,124
01/31/2008,FOE,KS,ACE,CE,Federal Contract Tower,0,4,4,6,14,0,1,4,2,7,0,5,8,8,21,0,2,2,23
02/01/2008,FOE,KS,ACE,CE,Federal Contract Tower,2,3,6,13,24,0,1,34,22,57,2,4,40,35,81,4,90,94,175
02/02/2008,FOE,KS,ACE,CE,Federal Contract Tower,2,4,4,8,18,0,0,61,17,78,2,4,65,25,96,6,44,50,146
02/03/2008,FOE,KS,ACE,CE,Federal Contract Tower,0,0,4,4,8,0,0,0,0,0,0,0,4,4,8,0,0,0,8
02/04/2008,FOE,KS,ACE,CE,Federal Contract Tower,2,0,5,17,24,0,0,15,3,18,2,0,20,20,42,2,26,28,70
02/05/2008,FOE,KS,ACE,CE,Federal Contract Tower,0,0,1,0,1,0,0,0,0,0,0,0,1,0,1,0,0,0,1
02/06/2008,FOE,KS,ACE,CE,Federal Contract Tower,0,0,10,2,12,0,3,19,3,25,0,3,29,5,37,0,40,40,77
02/07/2008,FOE,KS,ACE,CE,Federal Contract Tower,2,0,17,18,37,0,0,40,22,62,2,0,57,40,99,2,38,40,139
02/08/2008,FOE,KS,ACE,CE,Federal Contract Tower,3,3,0,14,20,0,0,32,17,49,3,3,32,31,69,8,64,72,141
02/09/2008,FOE,KS,ACE,CE,Federal Contract Tower,2,0,1,0,3,0,0,22,0,22,2,0,23,0,25,14,0,14,39
02/10/2008,FOE,KS,ACE,CE,Federal Contract Tower,2,0,7,7,16,0,0,22,3,25,2,0,29,10,41,8,38,46,87
02/11/2008,FOE,KS,ACE,CE,Federal Contract Tower,0,2,5,10,17,0,0,8,6,14,0,2,13,16,31,2,16,18,49
02/12/2008,FOE,KS,ACE,CE,Federal Contract Tower,2,2,11,13,28,0,0,10,21,31,2,2,21,34,59,0,22,22,81
02/13/2008,FOE,KS,ACE,CE,Federal Contract Tower,0,2,10,14,26,0,0,32,20,52,0,2,42,34,78,4,25,29,107
02/14/2008,FOE,KS,ACE,CE,Federal Contract Tower,2,0,7,5,14,0,0,7,14,21,2,0,14,19,35,0,4,4,39
02/15/2008,FOE,KS,ACE,CE,Federal Contract Tower,0,2,5,19,26,0,0,21,13,34,0,2,26,32,60,0,78,78,138
02/16/2008,FOE,KS,ACE,CE,Federal Contract Tower,2,3,2,5,12,0,0,4,0,4,2,3,6,5,16,24,0,24,40
02/17/2008,FOE,KS,ACE,CE,Federal Contract Tower,2,0,7,0,9,0,0,3,0,3,2,0,10,0,12,0,0,0,12
02/18/2008,FOE,KS,ACE,CE,Federal Contract Tower,0,0,7,1,8,0,0,10,1,11,0,0,17,2,19,0,0,0,19
02/19/2008,FOE,KS,ACE,CE,Federal Contract Tower,4,0,8,18,30,0,1,16,13,30,4,1,24,31,60,4,22,26,86
02/20/2008,FOE,KS,ACE,CE,Federal Contract Tower,0,2,21,13,36,0,0,14,7,21,0,2,35,20,57,0,18,18,75
02/21/2008,FOE,KS,ACE,CE,Federal Contract Tower,0,0,4,0,4,0,0,5,0,5,0,0,9,0,9,0,0,0,9
02/22/2008,FOE,KS,ACE,CE,Federal Contract Tower,1,1,10,3,15,0,0,7,16,23,1,1,17,19,38,6,6,12,50
02/23/2008,FOE,KS,ACE,CE,Federal Contract Tower,1,1,10,2,14,0,0,3,1,4,1,1,13,3,18,0,0,0,18
02/24/2008,FOE,KS,ACE,CE,Federal Contract Tower,1,0,1,2,4,0,0,9,1,10,1,0,10,3,14,20,0,20,34
02/25/2008,FOE,KS,ACE,CE,Federal Contract Tower,0,2,3,7,12,0,1,3,14,18,0,3,6,21,30,0,26,26,56
02/26/2008,FOE,KS,ACE,CE,Federal Contract Tower,4,4,2,20,30,0,1,13,18,32,4,5,15,38,62,2,38,40,102
02/27/2008,FOE,KS,ACE,CE,Federal Contract Tower,0,5,11,9,25,0,0,32,11,43,0,5,43,20,68,64,44,108,176
02/28/2008,FOE,KS,ACE,CE,Federal Contract Tower,1,3,6,11,21,0,3,30,15,48,1,6,36,26,69,16,10,26,95
02/29/2008,FOE,KS,ACE,CE,Federal Contract Tower,1,2,5,20,28,0,1,63,30,94,1,3,68,50,122,16,66,82,204
03/01/2008,FOE,KS,ACE,CE,Federal Contract Tower,0,1,2,1,4,0,0,25,8,33,0,1,27,9,37,8,0,8,45
03/02/2008,FOE,KS,ACE,CE,Federal Contract Tower,0,0,3,2,5,0,0,0,4,4,0,0,3,6,9,0,0,0,9
03/03/2008,FOE,KS,ACE,CE,Federal Contract Tower,0,2,5,32,39,0,1,6,23,30,0,3,11,55,69,0,82,82,151
03/04/2008,FOE,KS,ACE,CE,Federal Contract Tower,0,2,8,18,28,0,0,20,12,32,0,2,28,30,60,2,52,54,114
03/05/2008,FOE,KS,ACE,CE,Federal Contract Tower,2,2,12,11,27,0,0,31,20,51,2,2,43,31,78,0,50,50,128
03/06/2008,FOE,KS,ACE,CE,Federal Contract Tower,0,3,10,30,43,0,0,28,47,75,0,3,38,77,118,24,88,112,230
03/07/2008,FOE,KS,ACE,CE,Federal Contract Tower,3,0,2,11,16,1,0,8,12,21,4,0,10,23,37,0,0,0,37
03/08/2008,FOE,KS,ACE,CE,Federal Contract Tower,2,0,1,0,3,0,0,14,0,14,2,0,15,0,17,6,0,6,23
03/09/2008,FOE,KS,ACE,CE,Federal Contract Tower,0,3,1,5,9,0,1,31,1,33,0,4,32,6,42,2,0,2,44
03/10/2008,FOE,KS,ACE,CE,Federal Contract Tower,1,3,7,22,33,0,0,30,18,48,1,3,37,40,81,28,46,74,155
03/11/2008,FOE,KS,ACE,CE,Federal Contract Tower,1,5,9,33,48,0,0,22,15,37,1,5,31,48,85,20,40,60,145
03/12/2008,FOE,KS,ACE,CE,Federal Contract Tower,0,7,5,11,23,0,0,18,16,34,0,7,23,27,57,18,30,48,105
03/13/2008,FOE,KS,ACE,CE,Federal Contract Tower,0,0,3,17,20,0,0,22,34,56,0,0,25,51,76,4,134,138,214
03/14/2008,FOE,KS,ACE,CE,Federal Contract Tower,0,2,2,14,18,0,0,8,8,16,0,2,10,22,34,0,30,30,64
03/15/2008,FOE,KS,ACE,CE,Federal Contract Tower,0,2,9,3,14,0,0,2,0,2,0,2,11,3,16,0,0,0,16
03/16/2008,FOE,KS,ACE,CE,Federal Contract Tower,0,0,3,1,4,0,0,7,2,9,0,0,10,3,13,0,2,2,15
03/17/2008,FOE,KS,ACE,CE,Federal Contract Tower,0,0,1,0,1,0,0,0,0,0,0,0,1,0,1,0,0,0,1
03/18/2008,FOE,KS,ACE,CE,Federal Contract Tower,0,0,10,41,51,0,0,2,37,39,0,0,12,78,90,0,50,50,140
03/19/2008,FOE,KS,ACE,CE,Federal Contract Tower,0,1,15,19,35,0,0,45,31,76,0,1,60,50,111,32,72,104,215
03/20/2008,FOE,KS,ACE,CE,Federal Contract Tower,1,0,9,13,23,0,0,27,17,44,1,0,36,30,67,0,46,46,113
03/21/2008,FOE,KS,ACE,CE,Federal Contract Tower,0,0,7,19,26,0,0,17,29,46,0,0,24,48,72,18,36,54,126
03/22/2008,FOE,KS,ACE,CE,Federal Contract Tower,0,0,3,1,4,0,0,8,0,8,0,0,11,1,12,2,0,2,14
03/23/2008,FOE,KS,ACE,CE,Federal Contract Tower,0,0,1,2,3,0,0,9,0,9,0,0,10,2,12,0,0,0,12
03/24/2008,FOE,KS,ACE,CE,Federal Contract Tower,0,0,7,23,30,0,0,6,11,17,0,0,13,34,47,0,26,26,73
03/25/2008,FOE,KS,ACE,CE,Federal Contract Tower,2,0,5,25,32,0,0,23,25,48,2,0,28,50,80,6,40,46,126
03/26/2008,FOE,KS,ACE,CE,Federal Contract Tower,3,4,14,16,37,0,0,15,13,28,3,4,29,29,65,6,36,42,107
03/27/2008,FOE,KS,ACE,CE,Federal Contract Tower,2,3,27,10,42,0,0,4,2,6,2,3,31,12,48,0,0,0,48
03/28/2008,FOE,KS,ACE,CE,Federal Contract Tower,0,4,9,16,29,0,0,22,33,55,0,4,31,49,84,0,26,26,110
03/29/2008,FOE,KS,ACE,CE,Federal Contract Tower,0,0,8,2,10,0,0,33,0,33,0,0,41,2,43,2,0,2,45
03/30/2008,FOE,KS,ACE,CE,Federal Contract Tower,1,1,3,3,8,0,0,0,0,0,1,1,3,3,8,0,0,0,8
03/31/2008,FOE,KS,ACE,CE,Federal Contract Tower,2,0,4,3,9,0,0,11,1,12,2,0,15,4,21,14,0,14,35
04/01/2008,FOE,KS,ACE,CE,Federal Contract Tower,0,0,7,19,26,0,0,9,12,21,0,0,16,31,47,4,30,34,81
04/02/2008,FOE,KS,ACE,CE,Federal Contract Tower,2,0,12,21,35,0,2,23,14,39,2,2,35,35,74,4,30,34,108
04/03/2008,FOE,KS,ACE,CE,Federal Contract Tower,2,2,13,4,21,0,0,0,0,0,2,2,13,4,21,0,0,0,21
04/04/2008,FOE,KS,ACE,CE,Federal Contract Tower,0,2,13,41,56,0,1,14,38,53,0,3,27,79,109,10,64,74,183
04/05/2008,FOE,KS,ACE,CE,Federal Contract Tower,0,0,2,0,2,0,0,88,17,105,0,0,90,17,107,22,0,22,129
04/06/2008,FOE,KS,ACE,CE,Federal Contract Tower,2,1,2,7,12,0,2,15,4,21,2,3,17,11,33,8,6,14,47
04/07/2008,FOE,KS,ACE,CE,Federal Contract Tower,2,5,3,18,28,0,0,16,13,29,2,5,19,31,57,2,30,32,89
04/08/2008,FOE,KS,ACE,CE,Federal Contract Tower,2,4,6,27,39,0,0,1,14,15,2,4,7,41,54,0,2,2,56
04/09/2008,FOE,KS,ACE,CE,Federal Contract Tower,0,3,3,13,19,0,0,27,10,37,0,3,30,23,56,48,32,80,136
04/10/2008,FOE,KS,ACE,CE,Federal Contract Tower,3,4,4,9,20,0,0,1,12,13,3,4,5,21,33,0,4,4,37
04/11/2008,FOE,KS,ACE,CE,Federal Contract Tower,3,1,3,4,11,0,0,2,12,14,3,1,5,16,25,0,4,4,29
04/12/2008,FOE,KS,ACE,CE,Federal Contract Tower,1,0,0,0,1,0,0,12,6,18,1,0,12,6,19,0,0,0,19
04/13/2008,FOE,KS,ACE,CE,Federal Contract Tower,0,1,3,4,8,0,0,6,0,6,0,1,9,4,14,2,0,2,16
04/14/2008,FOE,KS,ACE,CE,Federal Contract Tower,3,3,3,28,37,0,1,27,29,57,3,4,30,57,94,8,30,38,132
04/15/2008,FOE,KS,ACE,CE,Federal Contract Tower,0,2,10,22,34,0,0,14,11,25,0,2,24,33,59,0,34,34,93
04/16/2008,FOE,KS,ACE,CE,Federal Contract Tower,0,2,6,12,20,0,2,16,8,26,0,4,22,20,46,0,6,6,52
04/17/2008,FOE,KS,ACE,CE,Federal Contract Tower,0,1,16,16,33,0,0,5,14,19,0,1,21,30,52,6,18,24,76
04/18/2008,FOE,KS,ACE,CE,Federal Contract Tower,0,2,9,13,24,0,0,10,12,22,0,2,19,25,46,0,10,10,56
04/19/2008,FOE,KS,ACE,CE,Federal Contract Tower,0,2,1,8,11,0,0,68,15,83,0,2,69,23,94,28,16,44,138
04/20/2008,FOE,KS,ACE,CE,Federal Contract Tower,3,3,8,9,23,0,0,16,1,17,3,3,24,10,40,12,6,18,58
04/21/2008,FOE,KS,ACE,CE,Federal Contract Tower,0,0,8,12,20,0,0,5,10,15,0,0,13,22,35,0,30,30,65
04/22/2008,FOE,KS,ACE,CE,Federal Contract Tower,1,0,5,14,20,0,1,7,16,24,1,1,12,30,44,2,60,62,106
04/23/2008,FOE,KS,ACE,CE,Federal Contract Tower,0,1,8,9,18,0,0,16,4,20,0,1,24,13,38,30,6,36,74
04/24/2008,FOE,KS,ACE,CE,Federal Contract Tower,0,0,10,28,38,0,0,4,34,38,0,0,14,62,76,0,84,84,160
04/25/2008,FOE,KS,ACE,CE,Federal Contract Tower,0,0,7,31,38,0,0,7,25,32,0,0,14,56,70,0,68,68,138
04/26/2008,FOE,KS,ACE,CE,Federal Contract Tower,0,4,0,2,6,0,0,42,8,50,0,4,42,10,56,14,0,14,70
04/27/2008,FOE,KS,ACE,CE,Federal Contract Tower,0,2,2,11,15,0,0,18,20,38,0,2,20,31,53,8,10,18,71
04/28/2008,FOE,KS,ACE,CE,Federal Contract Tower,2,0,14,18,34,0,1,19,19,39,2,1,33,37,73,2,34,36,109
04/29/2008,FOE,KS,ACE,CE,Federal Contract Tower,0,0,12,41,53,0,0,16,37,53,0,0,28,78,106,4,128,132,238
04/30/2008,FOE,KS,ACE,CE,Federal Contract Tower,0,4,10,13,27,0,0,26,12,38,0,4,36,25,65,16,4,20,85
05/01/2008,FOE,KS,ACE,CE,Federal Contract Tower,0,5,0,14,19,0,0,10,9,19,0,5,10,23,38,0,4,4,42
05/02/2008,FOE,KS,ACE,CE,Federal Contract Tower,0,1,9,8,18,0,0,11,13,24,0,1,20,21,42,0,42,42,84
05/03/2008,FOE,KS,ACE,CE,Federal Contract Tower,0,1,4,9,14,0,0,27,38,65,0,1,31,47,79,0,0,0,79
05/04/2008,FOE,KS,ACE,CE,Federal Contract Tower,0,0,6,5,11,0,0,55,9,64,0,0,61,14,75,4,8,12,87
05/05/2008,FOE,KS,ACE,CE,Federal Contract Tower,0,1,7,8,16,0,0,12,12,24,0,1,19,20,40,4,62,66,106
05/06/2008,FOE,KS,ACE,CE,Federal Contract Tower,0,7,6,24,37,0,7,11,12,30,0,14,17,36,67,14,56,70,137
05/07/2008,FOE,KS,ACE,CE,Federal Contract Tower,0,2,2,11,15,0,0,22,3,25,0,2,24,14,40,24,16,40,80
05/08/2008,FOE,KS,ACE,CE,Federal Contract Tower,2,2,4,22,30,0,1,44,29,74,2,3,48,51,104,20,132,152,256
05/09/2008,FOE,KS,ACE,CE,Federal Contract Tower,0,4,16,15,35,0,0,22,13,35,0,4,38,28,70,0,18,18,88
05/10/2008,FOE,KS,ACE,CE,Federal Contract Tower,0,0,3,2,5,0,0,5,0,5,0,0,8,2,10,0,0,0,10
05/11/2008,FOE,KS,ACE,CE,Federal Contract Tower,0,0,3,8,11,0,0,15,3,18,0,0,18,11,29,0,0,0,29
05/12/2008,FOE,KS,ACE,CE,Federal Contract Tower,4,4,4,7,19,0,1,17,4,22,4,5,21,11,41,0,2,2,43
05/13/2008,FOE,KS,ACE,CE,Federal Contract Tower,0,6,14,15,35,0,0,15,14,29,0,6,29,29,64,0,30,30,94
05/14/2008,FOE,KS,ACE,CE,Federal Contract Tower,0,4,11,40,55,0,0,41,43,84,0,4,52,83,139,26,122,148,287
05/15/2008,FOE,KS,ACE,CE,Federal Contract Tower,2,6,12,9,29,0,0,46,20,66,2,6,58,29,95,2,82,84,179
05/16/2008,FOE,KS,ACE,CE,Federal Contract Tower,1,0,12,17,30,0,1,45,13,59,1,1,57,30,89,26,12,38,127
05/17/2008,FOE,KS,ACE,CE,Federal Contract Tower,1,2,6,0,9,0,0,41,9,50,1,2,47,9,59,24,2,26,85
05/18/2008,FOE,KS,ACE,CE,Federal Contract Tower,2,0,14,6,22,0,1,26,0,27,2,1,40,6,49,6,0,6,55
05/19/2008,FOE,KS,ACE,CE,Federal Contract Tower,0,3,6,33,42,0,0,14,27,41,0,3,20,60,83,2,34,36,119
05/20/2008,FOE,KS,ACE,CE,Federal Contract Tower,0,5,8,26,39,0,1,23,31,55,0,6,31,57,94,8,56,64,158
05/21/2008,FOE,KS,ACE,CE,Federal Contract Tower,0,1,14,6,21,0,0,41,26,67,0,1,55,32,88,20,36,56,144
05/22/2008,FOE,KS,ACE,CE,Federal Contract Tower,0,2,14,11,27,0,0,30,38,68,0,2,44,49,95,0,18,18,113
05/23/2008,FOE,KS,ACE,CE,Federal Contract Tower,0,0,7,9,16,0,0,12,1,13,0,0,19,10,29,0,8,8,37
05/24/2008,FOE,KS,ACE,CE,Federal Contract Tower,1,0,1,0,2,0,0,10,0,10,1,0,11,0,12,12,0,12,24
05/25/2008,FOE,KS,ACE,CE,Federal Contract Tower,1,0,1,2,4,0,1,12,0,13,1,1,13,2,17,8,0,8,25
05/26/2008,FOE,KS,ACE,CE,Federal Contract Tower,0,1,3,2,6,0,0,12,0,12,0,1,15,2,18,0,0,0,18
05/27/2008,FOE,KS,ACE,CE,Federal Contract Tower,0,1,8,20,29,0,0,17,13,30,0,1,25,33,59,10,18,28,87
05/28/2008,FOE,KS,ACE,CE,Federal Contract Tower,0,2,16,15,33,0,0,9,15,24,0,2,25,30,57,0,0,0,57
05/29/2008,FOE,KS,ACE,CE,Federal Contract Tower,0,0,5,21,26,0,0,11,20,31,0,0,16,41,57,0,10,10,67
05/30/2008,FOE,KS,ACE,CE,Federal Contract Tower,0,6,10,20,36,0,0,12,3,15,0,6,22,23,51,112,6,118,169
05/31/2008,FOE,KS,ACE,CE,Federal Contract Tower,0,0,5,4,9,0,0,56,0,56,0,0,61,4,65,132,0,132,197
06/01/2008,FOE,KS,ACE,CE,Federal Contract Tower,2,6,6,0,14,0,2,36,3,41,2,8,42,3,55,120,0,120,175
06/02/2008,FOE,KS,ACE,CE,Federal Contract Tower,1,0,11,5,17,0,0,9,0,9,1,0,20,5,26,0,10,10,36
06/03/2008,FOE,KS,ACE,CE,Federal Contract Tower,2,5,6,15,28,0,0,14,12,26,2,5,20,27,54,8,16,24,78
06/04/2008,FOE,KS,ACE,CE,Federal Contract Tower,0,0,12,12,24,0,0,31,35,66,0,0,43,47,90,6,42,48,138
06/05/2008,FOE,KS,ACE,CE,Federal Contract Tower,0,2,3,8,13,0,0,2,4,6,0,2,5,12,19,0,0,0,19
06/06/2008,FOE,KS,ACE,CE,Federal Contract Tower,0,0,2,24,26,0,0,18,20,38,0,0,20,44,64,0,30,30,94
06/07/2008,FOE,KS,ACE,CE,Federal Contract Tower,0,2,7,0,9,0,1,18,29,48,0,3,25,29,57,0,4,4,61
06/08/2008,FOE,KS,ACE,CE,Federal Contract Tower,0,1,3,2,6,0,1,1,1,3,0,2,4,3,9,0,0,0,9
06/09/2008,FOE,KS,ACE,CE,Federal Contract Tower,0,2,3,28,33,0,1,19,8,28,0,3,22,36,61,18,28,46,107
06/10/2008,FOE,KS,ACE,CE,Federal Contract Tower,0,0,3,5,8,0,0,21,7,28,0,0,24,12,36,8,28,36,72
06/11/2008,FOE,KS,ACE,CE,Federal Contract Tower,0,1,3,20,24,0,0,18,1,19,0,1,21,21,43,2,2,4,47
06/12/2008,FOE,KS,ACE,CE,Federal Contract Tower,0,0,7,19,26,0,0,3,18,21,0,0,10,37,47,0,2,2,49
06/13/2008,FOE,KS,ACE,CE,Federal Contract Tower,0,1,1,18,20,0,0,17,28,45,0,1,18,46,65,30,38,68,133
06/14/2008,FOE,KS,ACE,CE,Federal Contract Tower,1,0,2,2,5,0,0,56,0,56,1,0,58,2,61,50,0,50,111
06/15/2008,FOE,KS,ACE,CE,Federal Contract Tower,0,3,6,1,10,0,1,19,4,24,0,4,25,5,34,10,4,14,48
06/16/2008,FOE,KS,ACE,CE,Federal Contract Tower,0,2,10,5,17,0,0,15,6,21,0,2,25,11,38,20,2,22,60
06/17/2008,FOE,KS,ACE,CE,Federal Contract Tower,0,2,6,31,39,0,0,20,35,55,0,2,26,66,94,10,98,108,202
06/18/2008,FOE,KS,ACE,CE,Federal Contract Tower,0,0,8,16,24,0,0,31,16,47,0,0,39,32,71,24,36,60,131
06/19/2008,FOE,KS,ACE,CE,Federal Contract Tower,0,1,8,13,22,0,0,13,12,25,0,1,21,25,47,0,16,16,63
06/20/2008,FOE,KS,ACE,CE,Federal Contract Tower,1,1,11,32,45,0,0,26,21,47,1,1,37,53,92,0,98,98,190
06/21/2008,FOE,KS,ACE,CE,Federal Contract Tower,1,0,5,10,16,0,2,81,11,94,1,2,86,21,110,28,16,44,154
06/22/2008,FOE,KS,ACE,CE,Federal Contract Tower,0,0,4,2,6,0,0,25,14,39,0,0,29,16,45,0,26,26,71
06/23/2008,FOE,KS,ACE,CE,Federal Contract Tower,0,0,4,19,23,0,1,15,16,32,0,1,19,35,55,6,70,76,131
06/24/2008,FOE,KS,ACE,CE,Federal Contract Tower,0,2,10,13,25,0,0,19,5,24,0,2,29,18,49,2,26,28,77
06/25/2008,FOE,KS,ACE,CE,Federal Contract Tower,0,8,9,36,53,0,0,52,24,76,0,8,61,60,129,4,34,38,167
06/26/2008,FOE,KS,ACE,CE,Federal Contract Tower,0,0,10,30,40,0,0,21,33,54,0,0,31,63,94,0,91,91,185
06/27/2008,FOE,KS,ACE,CE,Federal Contract Tower,1,1,8,27,37,0,0,38,28,66,1,1,46,55,103,0,86,86,189
06/28/2008,FOE,KS,ACE,CE,Federal Contract Tower,0,2,2,2,6,0,0,19,0,19,0,2,21,2,25,0,0,0,25
06/29/2008,FOE,KS,ACE,CE,Federal Contract Tower,0,1,1,6,8,0,2,15,0,17,0,3,16,6,25,16,0,16,44
06/30/2008,FOE,KS,ACE,CE,Federal Contract Tower,0,2,12,25,39,0,0,24,18,42,0,2,36,43,81,10,42,52,144
07/01/2008,FOE,KS,ACE,CE,Federal Contract Tower,0,0,7,11,18,0,0,23,15,38,0,0,30,26,56,10,32,42,98
07/02/2008,FOE,KS,ACE,CE,Federal Contract Tower,0,2,17,17,36,0,0,35,14,49,0,2,52,31,85,0,8,8,93
07/03/2008,FOE,KS,ACE,CE,Federal Contract Tower,0,0,19,30,49,0,0,7,14,21,0,0,26,44,70,8,24,32,102
07/04/2008,FOE,KS,ACE,CE,Federal Contract Tower,0,0,0,0,0,0,0,66,0,66,0,0,66,0,66,0,0,0,66
07/05/2008,FOE,KS,ACE,CE,Federal Contract Tower,0,0,0,8,8,0,0,20,0,20,0,0,20,8,28,24,0,24,52
07/06/2008,FOE,KS,ACE,CE,Federal Contract Tower,0,6,2,1,9,0,1,19,0,20,0,7,21,1,29,0,0,0,29
07/07/2008,FOE,KS,ACE,CE,Federal Contract Tower,0,0,7,14,21,0,2,17,6,25,0,2,24,20,46,4,0,4,50
07/08/2008,FOE,KS,ACE,CE,Federal Contract Tower,0,0,5,4,9,0,0,11,8,19,0,0,16,12,28,0,12,12,40
07/09/2008,FOE,KS,ACE,CE,Federal Contract Tower,0,5,15,35,55,0,0,23,0,23,0,5,38,35,78,0,12,12,90
07/10/2008,FOE,KS,ACE,CE,Federal Contract Tower,0,1,25,36,62,0,0,28,8,36,0,1,53,44,98,0,58,58,156
07/11/2008,FOE,KS,ACE,CE,Federal Contract Tower,0,1,22,29,52,0,0,9,16,25,0,1,31,45,77,0,42,42,119
07/12/2008,FOE,KS,ACE,CE,Federal Contract Tower,1,0,3,2,6,0,0,14,1,15,1,0,17,3,21,2,0,2,23
07/13/2008,FOE,KS,ACE,CE,Federal Contract Tower,0,1,0,5,6,0,1,26,0,27,0,2,26,5,33,2,0,2,35
07/14/2008,FOE,KS,ACE,CE,Federal Contract Tower,0,4,4,23,31,0,0,7,3,10,0,4,11,26,41,0,22,22,63
07/15/2008,FOE,KS,ACE,CE,Federal Contract Tower,0,5,1,27,33,0,0,15,13,28,0,5,16,40,61,0,34,34,95
07/16/2008,FOE,KS,ACE,CE,Federal Contract Tower,0,1,24,49,74,0,2,33,17,52,0,3,57,66,126,16,10,26,152
07/17/2008,FOE,KS,ACE,CE,Federal Contract Tower,0,4,12,29,45,0,0,22,21,43,0,4,34,50,88,0,44,44,132
07/18/2008,FOE,KS,ACE,CE,Federal Contract Tower,0,5,12,24,41,0,0,7,19,26,0,5,19,43,67,12,62,74,141
07/19/2008,FOE,KS,ACE,CE,Federal Contract Tower,0,0,2,5,7,0,4,23,5,32,0,4,25,10,39,12,2,14,53
07/20/2008,FOE,KS,ACE,CE,Federal Contract Tower,0,0,4,9,13,0,0,9,8,17,0,0,13,17,30,0,16,16,46
07/21/2008,FOE,KS,ACE,CE,Federal Contract Tower,0,4,11,35,50,0,0,9,2,11,0,4,20,37,61,0,24,24,85
07/22/2008,FOE,KS,ACE,CE,Federal Contract Tower,0,1,12,25,38,0,0,23,8,31,0,1,35,33,69,0,6,6,75
07/23/2008,FOE,KS,ACE,CE,Federal Contract Tower,1,2,19,32,54,0,0,19,17,36,1,2,38,49,90,20,70,90,180
07/24/2008,FOE,KS,ACE,CE,Federal Contract Tower,0,3,14,27,44,0,0,34,11,45,0,3,48,38,89,0,42,42,131
07/25/2008,FOE,KS,ACE,CE,Federal Contract Tower,0,3,11,15,29,0,0,13,11,24,0,3,24,26,53,0,0,0,53
07/26/2008,FOE,KS,ACE,CE,Federal Contract Tower,0,0,3,9,12,0,0,7,0,7,0,0,10,9,19,0,24,24,43
07/27/2008,FOE,KS,ACE,CE,Federal Contract Tower,0,0,12,5,17,0,0,17,0,17,0,0,29,5,34,0,0,0,34
07/28/2008,FOE,KS,ACE,CE,Federal Contract Tower,0,0,4,40,44,0,0,4,6,10,0,0,8,46,54,0,44,44,98
07/29/2008,FOE,KS,ACE,CE,Federal Contract Tower,0,3,7,15,25,0,0,7,10,17,0,3,14,25,42,0,14,14,56
07/30/2008,FOE,KS,ACE,CE,Federal Contract Tower,0,2,7,29,38,0,0,6,5,11,0,2,13,34,49,0,40,40,89
07/31/2008,FOE,KS,ACE,CE,Federal Contract Tower,2,3,14,24,43,0,0,20,3,23,2,3,34,27,66,0,2,2,68
08/01/2008,FOE,KS,ACE,CE,Federal Contract Tower,0,1,10,35,46,0,0,25,10,35,0,1,35,45,81,0,32,32,113
08/02/2008,FOE,KS,ACE,CE,Federal Contract Tower,0,0,3,0,3,0,0,31,8,39,0,0,34,8,42,0,0,0,42
08/03/2008,FOE,KS,ACE,CE,Federal Contract Tower,0,2,7,8,17,0,0,13,7,20,0,2,20,15,37,0,12,12,49
08/04/2008,FOE,KS,ACE,CE,Federal Contract Tower,0,2,1,25,28,0,1,5,13,19,0,3,6,38,47,4,52,56,103
08/05/2008,FOE,KS,ACE,CE,Federal Contract Tower,0,0,3,31,34,0,3,9,10,22,0,3,12,41,56,4,22,26,82
08/06/2008,FOE,KS,ACE,CE,Federal Contract Tower,2,1,4,33,40,0,3,25,14,42,2,4,29,47,82,0,66,66,148
08/07/2008,FOE,KS,ACE,CE,Federal Contract Tower,0,5,6,24,35,0,0,19,16,35,0,5,25,40,70,6,50,56,126
08/08/2008,FOE,KS,ACE,CE,Federal Contract Tower,0,2,8,36,46,0,0,19,10,29,0,2,27,46,75,0,16,16,91
08/09/2008,FOE,KS,ACE,CE,Federal Contract Tower,0,0,0,4,4,0,0,0,0,0,0,0,0,4,4,0,0,0,4
08/10/2008,FOE,KS,ACE,CE,Federal Contract Tower,0,2,6,11,19,0,0,8,0,8,0,2,14,11,27,6,0,6,33
08/11/2008,FOE,KS,ACE,CE,Federal Contract Tower,0,0,4,24,28,0,0,3,3,6,0,0,7,27,34,6,28,34,68
08/12/2008,FOE,KS,ACE,CE,Federal Contract Tower,0,2,8,19,29,0,4,10,1,15,0,6,18,20,44,4,12,16,60
08/13/2008,FOE,KS,ACE,CE,Federal Contract Tower,1,5,8,32,46,0,0,29,12,41,1,5,37,44,87,16,32,48,135
08/14/2008,FOE,KS,ACE,CE,Federal Contract Tower,0,2,6,6,14,0,0,11,37,48,0,2,17,43,62,0,18,18,80
08/15/2008,FOE,KS,ACE,CE,Federal Contract Tower,0,2,12,17,31,0,0,18,0,18,0,2,30,17,49,6,50,56,105
08/16/2008,FOE,KS,ACE,CE,Federal Contract Tower,1,0,0,14,15,0,0,11,18,29,1,0,11,32,44,0,8,8,52
08/17/2008,FOE,KS,ACE,CE,Federal Contract Tower,0,0,0,6,6,0,0,18,0,18,0,0,18,6,24,0,0,0,24
08/18/2008,FOE,KS,ACE,CE,Federal Contract Tower,1,1,13,27,42,0,0,11,7,18,1,1,24,34,60,6,26,32,92
08/19/2008,FOE,KS,ACE,CE,Federal Contract Tower,0,1,11,45,57,0,0,9,12,21,0,1,20,57,78,10,76,86,164
08/20/2008,FOE,KS,ACE,CE,Federal Contract Tower,0,2,12,39,53,0,0,20,9,29,0,2,32,48,82,0,78,78,160
08/21/2008,FOE,KS,ACE,CE,Federal Contract Tower,1,5,10,26,42,0,0,9,14,23,1,5,19,40,65,0,44,44,109
08/22/2008,FOE,KS,ACE,CE,Federal Contract Tower,0,2,22,30,54,0,0,33,22,55,0,2,55,52,109,6,20,26,135
08/23/2008,FOE,KS,ACE,CE,Federal Contract Tower,0,3,2,6,11,0,0,30,4,34,0,3,32,10,45,0,6,6,51
08/24/2008,FOE,KS,ACE,CE,Federal Contract Tower,1,1,7,14,23,0,0,24,0,24,1,1,31,14,47,22,0,22,69
08/25/2008,FOE,KS,ACE,CE,Federal Contract Tower,1,1,4,16,22,0,0,12,6,18,1,1,16,22,40,22,4,26,66
08/26/2008,FOE,KS,ACE,CE,Federal Contract Tower,0,4,6,19,29,0,0,17,14,31,0,4,23,33,60,0,78,78,138
08/27/2008,FOE,KS,ACE,CE,Federal Contract Tower,0,2,11,27,40,0,1,25,6,32,0,3,36,33,72,0,108,108,180
08/28/2008,FOE,KS,ACE,CE,Federal Contract Tower,0,2,11,27,40,0,0,3,45,48,0,2,14,72,88,0,142,142,230
08/29/2008,FOE,KS,ACE,CE,Federal Contract Tower,0,1,8,10,19,0,0,23,2,25,0,1,31,12,44,4,26,30,74
08/30/2008,FOE,KS,ACE,CE,Federal Contract Tower,2,1,2,1,6,0,0,37,0,37,2,1,39,1,43,0,22,22,65
08/31/2008,FOE,KS,ACE,CE,Federal Contract Tower,0,0,7,2,9,0,1,12,5,18,0,1,19,7,27,0,0,0,27
09/01/2008,FOE,KS,ACE,CE,Federal Contract Tower,0,2,2,1,5,0,0,11,0,11,0,2,13,1,16,2,0,2,18
09/02/2008,FOE,KS,ACE,CE,Federal Contract Tower,0,1,5,18,24,0,0,8,5,13,0,1,13,23,37,0,38,38,75
09/03/2008,FOE,KS,ACE,CE,Federal Contract Tower,0,5,20,9,34,0,0,4,3,7,0,5,24,12,41,0,2,2,43
09/04/2008,FOE,KS,ACE,CE,Federal Contract Tower,0,2,11,39,52,0,0,23,0,23,0,2,34,39,75,0,26,26,101
09/05/2008,FOE,KS,ACE,CE,Federal Contract Tower,0,3,5,8,16,0,0,16,17,33,0,3,21,25,49,6,24,30,79
09/06/2008,FOE,KS,ACE,CE,Federal Contract Tower,0,0,9,2,11,0,0,9,6,15,0,0,18,8,26,0,0,0,26
09/07/2008,FOE,KS,ACE,CE,Federal Contract Tower,0,3,6,12,21,0,1,8,11,20,0,4,14,23,41,0,0,0,41
09/08/2008,FOE,KS,ACE,CE,Federal Contract Tower,0,2,15,17,34,0,0,3,0,3,0,2,18,17,37,2,0,2,39
09/09/2008,FOE,KS,ACE,CE,Federal Contract Tower,0,1,12,30,43,0,0,26,12,38,0,1,38,42,81,4,46,50,131
09/10/2008,FOE,KS,ACE,CE,Federal Contract Tower,0,2,15,44,61,0,0,0,2,2,0,2,15,46,63,0,0,0,63
09/11/2008,FOE,KS,ACE,CE,Federal Contract Tower,2,7,19,13,41,0,0,8,2,10,2,7,27,15,51,0,0,0,51
09/12/2008,FOE,KS,ACE,CE,Federal Contract Tower,1,0,14,10,25,0,0,0,3,3,1,0,14,13,28,0,0,0,28
09/13/2008,FOE,KS,ACE,CE,Federal Contract Tower,0,0,9,10,19,0,0,2,2,4,0,0,11,12,23,0,0,0,23
09/14/2008,FOE,KS,ACE,CE,Federal Contract Tower,0,0,8,5,13,0,0,0,0,0,0,0,8,5,13,0,0,0,13
09/15/2008,FOE,KS,ACE,CE,Federal Contract Tower,0,3,6,13,22,0,0,13,1,14,0,3,19,14,36,4,14,18,54
09/16/2008,FOE,KS,ACE,CE,Federal Contract Tower,0,1,10,30,41,0,0,21,4,25,0,1,31,34,66,6,8,14,80
09/17/2008,FOE,KS,ACE,CE,Federal Contract Tower,0,1,12,17,30,0,0,33,12,45,0,1,45,29,75,0,56,56,131
09/18/2008,FOE,KS,ACE,CE,Federal Contract Tower,1,3,15,25,44,0,0,27,7,34,1,3,42,32,78,4,104,108,186
09/19/2008,FOE,KS,ACE,CE,Federal Contract Tower,1,4,14,28,47,0,0,25,6,31,1,4,39,34,78,0,52,52,130
09/20/2008,FOE,KS,ACE,CE,Federal Contract Tower,0,1,0,9,10,0,0,16,0,16,0,1,16,9,26,2,0,2,28
09/21/2008,FOE,KS,ACE,CE,Federal Contract Tower,0,2,6,5,13,0,0,15,0,15,0,2,21,5,28,2,12,14,42
09/22/2008,FOE,KS,ACE,CE,Federal Contract Tower,0,0,2,30,32,0,0,10,8,18,0,0,12,38,50,0,24,24,74
09/23/2008,FOE,KS,ACE,CE,Federal Contract Tower,0,6,11,26,43,0,0,20,13,33,0,6,31,39,76,0,62,62,138
09/24/2008,FOE,KS,ACE,CE,Federal Contract Tower,0,4,7,8,19,0,0,16,3,19,0,4,23,11,38,12,10,22,60
09/25/2008,FOE,KS,ACE,CE,Federal Contract Tower,0,5,7,16,28,0,0,13,15,28,0,5,20,31,56,0,104,104,160
09/26/2008,FOE,KS,ACE,CE,Federal Contract Tower,0,0,14,18,32,0,0,18,21,39,0,0,32,39,71,2,34,36,107
09/27/2008,FOE,KS,ACE,CE,Federal Contract Tower,2,0,1,7,10,0,0,7,6,13,2,0,8,13,23,0,0,0,23
09/28/2008,FOE,KS,ACE,CE,Federal Contract Tower,1,0,6,0,7,0,0,14,3,17,1,0,20,3,24,0,0,0,24
09/29/2008,FOE,KS,ACE,CE,Federal Contract Tower,0,3,8,11,22,0,0,9,0,9,0,3,17,11,31,6,0,6,37
09/30/2008,FOE,KS,ACE,CE,Federal Contract Tower,0,1,10,33,44,0,0,17,11,28,0,1,27,44,72,4,18,22,94
10/01/2008,FOE,KS,ACE,CE,Federal Contract Tower,1,2,12,43,58,0,0,22,11,33,1,2,34,54,91,8,10,18,109
10/02/2008,FOE,KS,ACE,CE,Federal Contract Tower,2,1,0,10,13,0,0,29,15,44,2,1,29,25,57,4,90,94,151
10/03/2008,FOE,KS,ACE,CE,Federal Contract Tower,2,0,11,9,22,0,0,36,14,50,2,0,47,23,72,12,32,44,116
10/04/2008,FOE,KS,ACE,CE,Federal Contract Tower,4,0,6,9,19,0,0,25,28,53,4,0,31,37,72,0,38,38,110
10/05/2008,FOE,KS,ACE,CE,Federal Contract Tower,2,1,8,19,30,0,0,9,11,20,2,1,17,30,50,0,22,22,72
10/06/2008,FOE,KS,ACE,CE,Federal Contract Tower,1,1,5,0,7,0,0,4,0,4,1,1,9,0,11,0,0,0,11
10/07/2008,FOE,KS,ACE,CE,Federal Contract Tower,2,1,6,19,28,0,0,2,1,3,2,1,8,20,31,0,22,22,53
10/08/2008,FOE,KS,ACE,CE,Federal Contract Tower,1,1,6,55,63,0,0,26,29,55,1,1,32,84,118,2,24,26,144
10/09/2008,FOE,KS,ACE,CE,Federal Contract Tower,2,4,14,25,45,0,0,39,41,80,2,4,53,66,125,4,58,62,187
10/10/2008,FOE,KS,ACE,CE,Federal Contract Tower,0,2,1,50,53,0,0,21,23,44,0,2,22,73,97,0,50,50,147
10/11/2008,FOE,KS,ACE,CE,Federal Contract Tower,3,0,3,12,18,0,0,18,2,20,3,0,21,14,38,0,0,0,38
10/12/2008,FOE,KS,ACE,CE,Federal Contract Tower,0,2,9,3,14,0,0,13,1,14,0,2,22,4,28,10,14,24,52
10/13/2008,FOE,KS,ACE,CE,Federal Contract Tower,0,1,9,4,14,0,0,3,0,3,0,1,12,4,17,0,0,0,17
10/14/2008,FOE,KS,ACE,CE,Federal Contract Tower,0,2,6,38,46,0,0,0,2,2,0,2,6,40,48,0,2,2,50
10/15/2008,FOE,KS,ACE,CE,Federal Contract Tower,0,2,7,60,69,0,0,0,1,1,0,2,7,61,70,0,58,58,128
10/16/2008,FOE,KS,ACE,CE,Federal Contract Tower,0,2,5,23,30,0,0,29,34,63,0,2,34,57,93,0,118,118,211
10/17/2008,FOE,KS,ACE,CE,Federal Contract Tower,2,0,14,37,53,0,2,19,13,34,2,2,33,50,87,0,38,38,125
10/18/2008,FOE,KS,ACE,CE,Federal Contract Tower,5,0,2,9,16,0,0,22,1,23,5,0,24,10,39,4,0,4,43
10/19/2008,FOE,KS,ACE,CE,Federal Contract Tower,0,4,4,7,15,0,0,14,0,14,0,4,18,7,29,2,0,2,31
10/20/2008,FOE,KS,ACE,CE,Federal Contract Tower,0,0,5,33,38,0,0,3,8,11,0,0,8,41,49,0,14,14,63
10/21/2008,FOE,KS,ACE,CE,Federal Contract Tower,0,3,7,13,23,0,1,9,6,16,0,4,16,19,39,4,16,20,59
10/22/2008,FOE,KS,ACE,CE,Federal Contract Tower,0,4,7,19,30,0,2,6,14,22,0,6,13,33,52,0,40,40,92
10/23/2008,FOE,KS,ACE,CE,Federal Contract Tower,0,7,7,8,22,0,1,4,17,22,0,8,11,25,44,0,0,0,44
10/24/2008,FOE,KS,ACE,CE,Federal Contract Tower,0,2,12,5,19,0,0,2,0,2,0,2,14,5,21,0,0,0,21
10/25/2008,FOE,KS,ACE,CE,Federal Contract Tower,1,0,2,3,6,0,4,23,17,44,1,4,25,20,50,12,14,26,76
10/26/2008,FOE,KS,ACE,CE,Federal Contract Tower,0,0,6,18,24,0,0,2,0,2,0,0,8,18,26,0,0,0,26
10/27/2008,FOE,KS,ACE,CE,Federal Contract Tower,0,1,4,18,23,0,0,13,6,19,0,1,17,24,42,0,24,24,66
10/28/2008,FOE,KS,ACE,CE,Federal Contract Tower,0,3,9,23,35,0,0,6,15,21,0,3,15,38,56,4,48,52,108
10/29/2008,FOE,KS,ACE,CE,Federal Contract Tower,2,2,7,10,21,0,0,25,11,36,2,2,32,21,57,0,32,32,89
10/30/2008,FOE,KS,ACE,CE,Federal Contract Tower,0,4,3,48,55,0,0,12,45,57,0,4,15,93,112,0,98,98,210
10/31/2008,FOE,KS,ACE,CE,Federal Contract Tower,0,2,8,16,26,0,0,27,12,39,0,2,35,28,65,32,56,88,153
11/01/2008,FOE,KS,ACE,CE,Federal Contract Tower,0,2,0,6,8,0,0,14,16,30,0,2,14,22,38,2,0,2,40
11/02/2008,FOE,KS,ACE,CE,Federal Contract Tower,0,2,7,12,21,0,2,11,4,17,0,4,18,16,38,0,30,30,68
11/03/2008,FOE,KS,ACE,CE,Federal Contract Tower,0,0,3,11,14,0,0,11,3,14,0,0,14,14,28,2,12,14,42
11/04/2008,FOE,KS,ACE,CE,Federal Contract Tower,0,0,10,29,39,0,0,5,17,22,0,0,15,46,61,2,32,34,95
11/05/2008,FOE,KS,ACE,CE,Federal Contract Tower,0,2,9,9,20,0,0,0,0,0,0,2,9,9,20,0,0,0,20
11/06/2008,FOE,KS,ACE,CE,Federal Contract Tower,5,3,5,29,42,0,0,2,44,46,5,3,7,73,88,0,14,14,102
11/07/2008,FOE,KS,ACE,CE,Federal Contract Tower,0,1,6,28,35,0,2,22,10,34,0,3,28,38,69,4,56,60,129
11/08/2008,FOE,KS,ACE,CE,Federal Contract Tower,0,1,6,3,10,0,0,3,0,3,0,1,9,3,13,0,0,0,13
11/09/2008,FOE,KS,ACE,CE,Federal Contract Tower,0,3,3,0,6,0,0,13,1,14,0,3,16,1,20,2,0,2,22
11/10/2008,FOE,KS,ACE,CE,Federal Contract Tower,0,7,6,34,47,0,0,8,6,14,0,7,14,40,61,0,42,42,103
11/11/2008,FOE,KS,ACE,CE,Federal Contract Tower,5,0,3,1,9,0,0,0,0,0,5,0,3,1,9,0,0,0,9
11/12/2008,FOE,KS,ACE,CE,Federal Contract Tower,0,3,10,55,68,0,0,23,7,30,0,3,33,62,98,6,68,74,172
11/13/2008,FOE,KS,ACE,CE,Federal Contract Tower,0,3,3,27,33,0,0,16,32,48,0,3,19,59,81,0,52,52,133
11/14/2008,FOE,KS,ACE,CE,Federal Contract Tower,0,1,9,13,23,0,0,9,4,13,0,1,18,17,36,0,10,10,46
11/15/2008,FOE,KS,ACE,CE,Federal Contract Tower,2,1,0,6,9,0,0,8,0,8,2,1,8,6,17,0,0,0,17
11/16/2008,FOE,KS,ACE,CE,Federal Contract Tower,0,3,1,3,7,0,0,16,0,16,0,3,17,3,23,18,0,18,41
11/17/2008,FOE,KS,ACE,CE,Federal Contract Tower,1,2,0,24,27,0,0,3,7,10,1,2,3,31,37,0,16,16,53
11/18/2008,FOE,KS,ACE,CE,Federal Contract Tower,0,5,11,21,37,0,0,16,2,18,0,5,27,23,55,12,30,42,97
11/19/2008,FOE,KS,ACE,CE,Federal Contract Tower,3,0,5,20,28,0,2,21,2,25,3,2,26,22,53,0,46,46,99
11/20/2008,FOE,KS,ACE,CE,Federal Contract Tower,0,4,13,22,39,0,0,15,39,54,0,4,28,61,93,0,28,28,121
11/21/2008,FOE,KS,ACE,CE,Federal Contract Tower,0,4,12,27,43,0,1,15,4,20,0,5,27,31,63,0,104,104,167
11/22/2008,FOE,KS,ACE,CE,Federal Contract Tower,1,0,12,2,15,0,0,2,0,2,1,0,14,2,17,0,0,0,17
11/23/2008,FOE,KS,ACE,CE,Federal Contract Tower,0,0,4,0,4,0,0,4,0,4,0,0,8,0,8,0,0,0,8
11/24/2008,FOE,KS,ACE,CE,Federal Contract Tower,0,1,5,36,42,0,0,9,3,12,0,1,14,39,54,2,36,38,92
11/25/2008,FOE,KS,ACE,CE,Federal Contract Tower,0,2,4,39,45,0,0,8,19,27,0,2,12,58,72,6,50,56,128
11/26/2008,FOE,KS,ACE,CE,Federal Contract Tower,2,2,1,4,9,0,3,19,6,28,2,5,20,10,37,6,20,26,63
11/27/2008,FOE,KS,ACE,CE,Federal Contract Tower,0,0,0,0,0,0,3,28,0,31,0,3,28,0,31,2,0,2,33
11/28/2008,FOE,KS,ACE,CE,Federal Contract Tower,0,0,5,0,5,0,0,4,0,4,0,0,9,0,9,6,0,6,15
11/29/2008,FOE,KS,ACE,CE,Federal Contract Tower,2,2,0,0,4,0,0,0,0,0,2,2,0,0,4,0,0,0,4
11/30/2008,FOE,KS,ACE,CE,Federal Contract Tower,0,5,4,1,10,0,0,6,0,6,0,5,10,1,16,0,0,0,16
12/01/2008,FOE,KS,ACE,CE,Federal Contract Tower,3,2,6,20,31,0,0,4,6,10,3,2,10,26,41,0,46,46,87
12/02/2008,FOE,KS,ACE,CE,Federal Contract Tower,0,2,13,20,35,0,0,17,11,28,0,2,30,31,63,0,14,14,77
12/03/2008,FOE,KS,ACE,CE,Federal Contract Tower,0,6,9,10,25,0,4,14,2,20,0,10,23,12,45,0,0,0,45
12/04/2008,FOE,KS,ACE,CE,Federal Contract Tower,1,6,5,17,29,0,0,7,21,28,1,6,12,38,57,0,110,110,167
12/05/2008,FOE,KS,ACE,CE,Federal Contract Tower,0,3,8,24,35,0,0,17,17,34,0,3,25,41,69,0,14,14,83
12/06/2008,FOE,KS,ACE,CE,Federal Contract Tower,1,0,8,3,12,0,0,16,17,33,1,0,24,20,45,0,0,0,45
12/07/2008,FOE,KS,ACE,CE,Federal Contract Tower,0,1,7,2,10,0,0,7,5,12,0,1,14,7,22,0,56,56,78
12/08/2008,FOE,KS,ACE,CE,Federal Contract Tower,0,4,4,26,34,0,0,4,3,7,0,4,8,29,41,0,14,14,55
12/09/2008,FOE,KS,ACE,CE,Federal Contract Tower,0,1,5,6,12,0,0,1,2,3,0,1,6,8,15,0,0,0,15
12/10/2008,FOE,KS,ACE,CE,Federal Contract Tower,0,0,11,11,22,0,4,15,7,26,0,4,26,18,48,0,32,32,80
12/11/2008,FOE,KS,ACE,CE,Federal Contract Tower,0,0,10,52,62,0,0,12,14,26,0,0,22,66,88,0,62,62,150
12/12/2008,FOE,KS,ACE,CE,Federal Contract Tower,0,0,3,29,32,0,0,15,4,19,0,0,18,33,51,4,24,28,79
12/13/2008,FOE,KS,ACE,CE,Federal Contract Tower,1,0,6,2,9,0,0,7,0,7,1,0,13,2,16,4,0,4,20
12/14/2008,FOE,KS,ACE,CE,Federal Contract Tower,0,0,0,2,2,0,0,0,0,0,0,0,0,2,2,0,0,0,2
12/15/2008,FOE,KS,ACE,CE,Federal Contract Tower,1,0,11,26,38,0,0,1,0,1,1,0,12,26,39,0,6,6,45
12/16/2008,FOE,KS,ACE,CE,Federal Contract Tower,0,0,5,1,6,0,0,0,0,0,0,0,5,1,6,0,0,0,6
12/17/2008,FOE,KS,ACE,CE,Federal Contract Tower,0,5,8,13,26,0,4,4,3,11,0,9,12,16,37,0,8,8,45
12/18/2008,FOE,KS,ACE,CE,Federal Contract Tower,0,1,1,0,2,0,0,0,0,0,0,1,1,0,2,0,0,0,2
12/19/2008,FOE,KS,ACE,CE,Federal Contract Tower,0,1,2,9,12,0,1,4,9,14,0,2,6,18,26,0,34,34,60
12/20/2008,FOE,KS,ACE,CE,Federal Contract Tower,0,0,2,2,4,0,0,4,0,4,0,0,6,2,8,0,2,2,10
12/21/2008,FOE,KS,ACE,CE,Federal Contract Tower,2,2,3,4,11,0,0,11,0,11,2,2,14,4,22,4,0,4,26
12/22/2008,FOE,KS,ACE,CE,Federal Contract Tower,0,0,8,25,33,0,1,15,1,17,0,1,23,26,50,0,30,30,80
12/23/2008,FOE,KS,ACE,CE,Federal Contract Tower,0,0,1,2,3,0,0,2,0,2,0,0,3,2,5,0,0,0,5
12/24/2008,FOE,KS,ACE,CE,Federal Contract Tower,2,0,1,0,3,0,4,2,0,6,2,4,3,0,9,0,0,0,9
12/25/2008,FOE,KS,ACE,CE,Federal Contract Tower,0,1,0,0,1,0,1,4,0,5,0,2,4,0,6,0,0,0,6
12/26/2008,FOE,KS,ACE,CE,Federal Contract Tower,2,2,6,0,10,0,0,4,0,4,2,2,10,0,14,0,0,0,14
12/27/2008,FOE,KS,ACE,CE,Federal Contract Tower,0,1,3,0,4,0,0,0,0,0,0,1,3,0,4,0,0,0,4
12/28/2008,FOE,KS,ACE,CE,Federal Contract Tower,2,0,4,0,6,0,0,16,0,16,2,0,20,0,22,0,0,0,22
12/29/2008,FOE,KS,ACE,CE,Federal Contract Tower,4,0,16,1,21,0,0,11,4,15,4,0,27,5,36,2,36,38,74
12/30/2008,FOE,KS,ACE,CE,Federal Contract Tower,0,0,4,9,13,0,0,13,12,25,0,0,17,21,38,0,22,22,60
12/31/2008,FOE,KS,ACE,CE,Federal Contract Tower,0,0,1,4,5,0,0,15,4,19,0,0,16,8,24,8,38,46,70
01/01/2009,FOE,KS,ACE,CE,Federal Contract Tower,5,0,0,0,5,0,0,8,0,8,5,0,8,0,13,0,0,0,13
01/02/2009,FOE,KS,ACE,CE,Federal Contract Tower,0,2,0,0,2,0,0,1,6,7,0,2,1,6,9,2,0,2,11
01/03/2009,FOE,KS,ACE,CE,Federal Contract Tower,0,2,2,0,4,0,0,3,0,3,0,2,5,0,7,0,0,0,7
01/04/2009,FOE,KS,ACE,CE,Federal Contract Tower,2,2,0,3,7,0,1,2,0,3,2,3,2,3,10,0,0,0,10
01/05/2009,FOE,KS,ACE,CE,Federal Contract Tower,1,0,9,8,18,0,0,7,1,8,1,0,16,9,26,0,54,54,80
01/06/2009,FOE,KS,ACE,CE,Federal Contract Tower,1,0,4,19,24,0,0,7,7,14,1,0,11,26,38,0,44,44,82
01/07/2009,FOE,KS,ACE,CE,Federal Contract Tower,2,0,4,29,35,0,0,6,7,13,2,0,10,36,48,0,102,102,150
01/08/2009,FOE,KS,ACE,CE,Federal Contract Tower,0,0,8,29,37,0,0,2,8,10,0,0,10,37,47,0,48,48,95
01/09/2009,FOE,KS,ACE,CE,Federal Contract Tower,1,0,6,18,25,0,0,16,30,46,1,0,22,48,71,0,42,42,113
01/10/2009,FOE,KS,ACE,CE,Federal Contract Tower,1,0,0,11,12,0,0,0,0,0,1,0,0,11,12,22,86,108,120
01/11/2009,FOE,KS,ACE,CE,Federal Contract Tower,0,0,4,10,14,0,0,22,6,28,0,0,26,16,42,20,8,28,70
01/12/2009,FOE,KS,ACE,CE,Federal Contract Tower,0,2,6,18,26,0,0,5,3,8,0,2,11,21,34,0,100,100,134
01/13/2009,FOE,KS,ACE,CE,Federal Contract Tower,0,0,3,24,27,0,0,18,17,35,0,0,21,41,62,0,66,66,128
01/14/2009,FOE,KS,ACE,CE,Federal Contract Tower,0,0,3,13,16,0,7,18,2,27,0,7,21,15,43,2,26,28,71
01/15/2009,FOE,KS,ACE,CE,Federal Contract Tower,0,0,2,33,35,0,0,0,24,24,0,0,2,57,59,0,50,50,109
01/16/2009,FOE,KS,ACE,CE,Federal Contract Tower,2,3,9,14,28,0,0,9,5,14,2,3,18,19,42,4,42,46,88
01/17/2009,FOE,KS,ACE,CE,Federal Contract Tower,2,0,2,3,7,0,0,11,0,11,2,0,13,3,18,8,0,8,26
01/18/2009,FOE,KS,ACE,CE,Federal Contract Tower,0,1,0,3,4,0,1,21,0,22,0,2,21,3,26,14,0,14,40
01/19/2009,FOE,KS,ACE,CE,Federal Contract Tower,0,0,3,2,5,0,0,5,0,5,0,0,8,2,10,0,0,0,10
01/20/2009,FOE,KS,ACE,CE,Federal Contract Tower,0,0,3,21,24,0,0,2,11,13,0,0,5,32,37,0,62,62,99
01/21/2009,FOE,KS,ACE,CE,Federal Contract Tower,1,3,9,20,33,0,1,24,11,36,1,4,33,31,69,2,76,78,147
01/22/2009,FOE,KS,ACE,CE,Federal Contract Tower,0,1,7,58,66,0,0,14,23,37,0,1,21,81,103,6,102,108,211
01/23/2009,FOE,KS,ACE,CE,Federal Contract Tower,0,0,3,16,19,0,0,2,12,14,0,0,5,28,33,2,34,36,69
01/24/2009,FOE,KS,ACE,CE,Federal Contract Tower,0,9,0,0,9,0,4,12,1,17,0,13,12,1,26,4,0,4,30
01/25/2009,FOE,KS,ACE,CE,Federal Contract Tower,0,2,0,5,7,0,0,4,0,4,0,2,4,5,11,0,0,0,11
01/26/2009,FOE,KS,ACE,CE,Federal Contract Tower,0,2,1,8,11,0,0,0,1,1,0,2,1,9,12,0,2,2,14
01/27/2009,FOE,KS,ACE,CE,Federal Contract Tower,0,1,5,2,8,0,0,0,0,0,0,1,5,2,8,0,0,0,8
01/28/2009,FOE,KS,ACE,CE,Federal Contract Tower,0,3,14,16,33,0,0,28,17,45,0,3,42,33,78,0,32,32,110
01/29/2009,FOE,KS,ACE,CE,Federal Contract Tower,3,0,8,25,36,0,1,8,22,31,3,1,16,47,67,2,114,116,183
01/30/2009,FOE,KS,ACE,CE,Federal Contract Tower,2,0,8,37,47,0,0,24,13,37,2,0,32,50,84,2,72,74,158
01/31/2009,FOE,KS,ACE,CE,Federal Contract Tower,1,0,3,11,15,0,1,14,3,18,1,1,17,14,33,0,0,0,33
02/01/2009,FOE,KS,ACE,CE,Federal Contract Tower,1,1,1,2,5,0,0,46,0,46,1,1,47,2,51,0,0,0,51
02/02/2009,FOE,KS,ACE,CE,Federal Contract Tower,0,1,6,39,46,0,0,5,4,9,0,1,11,43,55,0,36,36,91
02/03/2009,FOE,KS,ACE,CE,Federal Contract Tower,0,3,8,32,43,0,0,8,7,15,0,3,16,39,58,2,68,70,128
02/04/2009,FOE,KS,ACE,CE,Federal Contract Tower,0,0,12,40,52,0,0,6,15,21,0,0,18,55,73,6,98,104,177
02/05/2009,FOE,KS,ACE,CE,Federal Contract Tower,0,4,6,20,30,0,0,16,24,40,0,4,22,44,70,12,70,82,152
02/06/2009,FOE,KS,ACE,CE,Federal Contract Tower,0,2,8,19,29,0,1,7,34,42,0,3,15,53,71,4,102,106,177
02/07/2009,FOE,KS,ACE,CE,Federal Contract Tower,0,0,6,10,16,0,0,19,0,19,0,0,25,10,35,12,18,30,65
02/08/2009,FOE,KS,ACE,CE,Federal Contract Tower,0,0,4,3,7,0,0,3,5,8,0,0,7,8,15,0,0,0,15
02/09/2009,FOE,KS,ACE,CE,Federal Contract Tower,0,1,10,17,28,0,0,5,4,9,0,1,15,21,37,2,10,12,49
02/10/2009,FOE,KS,ACE,CE,Federal Contract Tower,0,1,10,17,28,0,0,5,4,9,0,1,15,21,37,2,10,12,49
02/11/2009,FOE,KS,ACE,CE,Federal Contract Tower,2,0,6,40,48,0,1,19,21,41,2,1,25,61,89,4,120,124,213
02/12/2009,FOE,KS,ACE,CE,Federal Contract Tower,0,3,4,42,49,0,1,11,10,22,0,4,15,52,71,8,82,90,161
02/13/2009,FOE,KS,ACE,CE,Federal Contract Tower,0,4,2,4,10,0,0,3,0,3,0,4,5,4,13,0,36,36,49
02/14/2009,FOE,KS,ACE,CE,Federal Contract Tower,0,1,0,11,12,0,0,8,1,9,0,1,8,12,21,2,0,2,23
02/15/2009,FOE,KS,ACE,CE,Federal Contract Tower,0,2,0,2,4,0,0,14,0,14,0,2,14,2,18,8,0,8,26
02/16/2009,FOE,KS,ACE,CE,Federal Contract Tower,0,0,0,8,8,0,0,7,1,8,0,0,7,9,16,0,0,0,16
02/17/2009,FOE,KS,ACE,CE,Federal Contract Tower,2,0,7,86,95,0,0,6,11,17,2,0,13,97,112,0,32,32,144
02/18/2009,FOE,KS,ACE,CE,Federal Contract Tower,0,4,9,20,33,0,0,0,9,9,0,4,9,29,42,0,56,56,98
02/19/2009,FOE,KS,ACE,CE,Federal Contract Tower,0,2,8,30,40,0,2,2,19,23,0,4,10,49,63,8,44,52,115
02/20/2009,FOE,KS,ACE,CE,Federal Contract Tower,0,0,6,17,23,0,4,20,3,27,0,4,26,20,50,12,112,124,174
02/21/2009,FOE,KS,ACE,CE,Federal Contract Tower,0,0,5,7,12,0,0,4,12,16,0,0,9,19,28,0,8,8,36
02/22/2009,FOE,KS,ACE,CE,Federal Contract Tower,2,0,7,1,10,0,0,14,2,16,2,0,21,3,26,14,0,14,40
02/23/2009,FOE,KS,ACE,CE,Federal Contract Tower,0,1,3,34,38,0,0,9,6,15,0,1,12,40,53,0,30,30,83
02/24/2009,FOE,KS,ACE,CE,Federal Contract Tower,0,1,5,45,51,0,0,7,16,23,0,1,12,61,74,4,66,70,144
02/25/2009,FOE,KS,ACE,CE,Federal Contract Tower,0,3,7,32,42,0,0,24,18,42,0,3,31,50,84,0,132,132,216
02/26/2009,FOE,KS,ACE,CE,Federal Contract Tower,0,3,14,16,33,0,0,0,12,12,0,3,14,28,45,0,8,8,53
02/27/2009,FOE,KS,ACE,CE,Federal Contract Tower,0,0,0,46,46,0,4,5,18,27,0,4,5,64,73,16,82,98,171
02/28/2009,FOE,KS,ACE,CE,Federal Contract Tower,0,2,3,2,7,0,0,1,0,1,0,2,4,2,8,0,0,0,8
03/01/2009,FOE,KS,ACE,CE,Federal Contract Tower,0,0,3,12,15,0,0,9,0,9,0,0,12,12,24,0,0,0,24
03/02/2009,FOE,KS,ACE,CE,Federal Contract Tower,0,0,16,36,52,0,0,3,6,9,0,0,19,42,61,0,48,48,109
03/03/2009,FOE,KS,ACE,CE,Federal Contract Tower,2,0,8,29,39,0,0,7,13,20,2,0,15,42,59,12,28,40,99
03/04/2009,FOE,KS,ACE,CE,Federal Contract Tower,0,0,8,30,38,0,0,15,13,28,0,0,23,43,66,0,48,48,114
03/05/2009,FOE,KS,ACE,CE,Federal Contract Tower,0,3,5,24,32,0,0,5,22,27,0,3,10,46,59,4,44,48,107
03/06/2009,FOE,KS,ACE,CE,Federal Contract Tower,1,0,2,29,32,0,0,14,8,22,1,0,16,37,54,6,30,36,90
03/07/2009,FOE,KS,ACE,CE,Federal Contract Tower,1,0,0,4,5,0,0,4,6,10,1,0,4,10,15,0,0,0,15
03/08/2009,FOE,KS,ACE,CE,Federal Contract Tower,0,0,2,7,9,0,0,4,7,11,0,0,6,14,20,0,0,0,20
03/09/2009,FOE,KS,ACE,CE,Federal Contract Tower,0,1,15,36,52,0,1,5,3,9,0,2,20,39,61,4,50,54,115
03/10/2009,FOE,KS,ACE,CE,Federal Contract Tower,0,2,5,18,25,0,0,0,0,0,0,2,5,18,25,0,0,0,25
03/11/2009,FOE,KS,ACE,CE,Federal Contract Tower,0,0,4,37,41,0,0,4,17,21,0,0,8,54,62,0,56,56,118
03/12/2009,FOE,KS,ACE,CE,Federal Contract Tower,0,0,3,14,17,0,0,6,21,27,0,0,9,35,44,0,98,98,142
03/13/2009,FOE,KS,ACE,CE,Federal Contract Tower,0,0,12,38,50,0,0,23,17,40,0,0,35,55,90,4,84,88,178
03/14/2009,FOE,KS,ACE,CE,Federal Contract Tower,0,0,2,3,5,0,0,16,0,16,0,0,18,3,21,0,0,0,21
03/15/2009,FOE,KS,ACE,CE,Federal Contract Tower,0,2,7,4,13,0,0,8,4,12,0,2,15,8,25,0,8,8,33
03/16/2009,FOE,KS,ACE,CE,Federal Contract Tower,0,0,3,20,23,0,0,9,19,28,0,0,12,39,51,18,14,32,83
03/17/2009,FOE,KS,ACE,CE,Federal Contract Tower,1,0,5,35,41,0,0,8,21,29,1,0,13,56,70,2,64,66,136
03/18/2009,FOE,KS,ACE,CE,Federal Contract Tower,2,0,8,17,27,0,0,12,10,22,2,0,20,27,49,0,40,40,89
03/19/2009,FOE,KS,ACE,CE,Federal Contract Tower,0,0,15,48,63,0,0,16,31,47,0,0,31,79,110,6,94,100,210
03/20/2009,FOE,KS,ACE,CE,Federal Contract Tower,0,0,5,20,25,0,2,10,9,21,0,2,15,29,46,0,44,44,90
03/21/2009,FOE,KS,ACE,CE,Federal Contract Tower,0,0,0,3,3,0,4,42,0,46,0,4,42,3,49,6,0,6,55
03/22/2009,FOE,KS,ACE,CE,Federal Contract Tower,2,1,4,1,8,0,0,2,0,2,2,1,6,1,10,2,0,2,12
03/23/2009,FOE,KS,ACE,CE,Federal Contract Tower,1,0,7,7,15,0,2,2,3,7,1,2,9,10,22,0,2,2,24
03/24/2009,FOE,KS,ACE,CE,Federal Contract Tower,0,0,4,31,35,0,0,3,10,13,0,0,7,41,48,0,74,74,122
03/25/2009,FOE,KS,ACE,CE,Federal Contract Tower,0,0,4,3,7,0,0,10,2,12,0,0,14,5,19,0,28,28,47
03/26/2009,FOE,KS,ACE,CE,Federal Contract Tower,0,1,2,30,33,0,0,2,38,40,0,1,4,68,73,0,90,90,163
03/27/2009,FOE,KS,ACE,CE,Federal Contract Tower,0,2,1,12,15,0,0,0,4,4,0,2,1,16,19,0,0,0,19
03/28/2009,FOE,KS,ACE,CE,Federal Contract Tower,0,0,2,1,3,0,0,0,0,0,0,0,2,1,3,0,0,0,3
03/29/2009,FOE,KS,ACE,CE,Federal Contract Tower,0,2,5,3,10,0,1,6,0,7,0,3,11,3,17,0,0,0,17
03/30/2009,FOE,KS,ACE,CE,Federal Contract Tower,0,0,2,34,36,0,0,5,12,17,0,0,7,46,53,0,16,16,69
03/31/2009,FOE,KS,ACE,CE,Federal Contract Tower,0,2,6,31,39,0,0,8,4,12,0,2,14,35,51,0,8,8,59
04/01/2009,FOE,KS,ACE,CE,Federal Contract Tower,0,6,7,7,20,0,0,24,10,34,0,6,31,17,54,0,58,58,112
04/02/2009,FOE,KS,ACE,CE,Federal Contract Tower,0,2,9,5,16,0,0,0,0,0,0,2,9,5,16,0,0,0,16
04/03/2009,FOE,KS,ACE,CE,Federal Contract Tower,1,2,3,20,26,0,2,27,27,56,1,4,30,47,82,4,62,66,148
04/04/2009,FOE,KS,ACE,CE,Federal Contract Tower,0,0,5,6,11,0,0,7,18,25,0,0,12,24,36,0,36,36,72
04/05/2009,FOE,KS,ACE,CE,Federal Contract Tower,0,4,2,3,9,0,0,0,0,0,0,4,2,3,9,0,0,0,9
04/06/2009,FOE,KS,ACE,CE,Federal Contract Tower,0,0,3,20,23,0,0,4,11,15,0,0,7,31,38,0,26,26,64
04/07/2009,FOE,KS,ACE,CE,Federal Contract Tower,0,1,3,34,38,0,0,13,16,29,0,1,16,50,67,28,68,96,163
04/08/2009,FOE,KS,ACE,CE,Federal Contract Tower,1,0,8,18,27,0,0,46,14,60,1,0,54,32,87,0,66,66,153
04/09/2009,FOE,KS,ACE,CE,Federal Contract Tower,0,1,11,5,17,0,1,5,16,22,0,2,16,21,39,4,4,8,47
04/10/2009,FOE,KS,ACE,CE,Federal Contract Tower,0,0,7,5,12,0,0,1,2,3,0,0,8,7,15,0,0,0,15
04/11/2009,FOE,KS,ACE,CE,Federal Contract Tower,0,0,5,13,18,0,0,13,1,14,0,0,18,14,32,18,22,40,72
04/12/2009,FOE,KS,ACE,CE,Federal Contract Tower,0,0,0,3,3,0,0,0,0,0,0,0,0,3,3,0,0,0,3
04/13/2009,FOE,KS,ACE,CE,Federal Contract Tower,0,5,2,47,54,0,0,3,11,14,0,5,5,58,68,0,34,34,102
04/14/2009,FOE,KS,ACE,CE,Federal Contract Tower,0,0,6,44,50,0,0,14,20,34,0,0,20,64,84,4,24,28,112
04/15/2009,FOE,KS,ACE,CE,Federal Contract Tower,2,0,8,22,32,0,0,12,9,21,2,0,20,31,53,0,18,18,71
04/16/2009,FOE,KS,ACE,CE,Federal Contract Tower,0,0,12,20,32,0,0,24,17,41,0,0,36,37,73,4,70,74,147
04/17/2009,FOE,KS,ACE,CE,Federal Contract Tower,0,0,3,1,4,0,0,2,9,11,0,0,5,10,15,2,0,2,17
04/18/2009,FOE,KS,ACE,CE,Federal Contract Tower,2,1,6,3,12,0,0,0,0,0,2,1,6,3,12,0,0,0,12
04/19/2009,FOE,KS,ACE,CE,Federal Contract Tower,0,0,3,9,12,0,0,2,8,10,0,0,5,17,22,6,10,16,38
04/20/2009,FOE,KS,ACE,CE,Federal Contract Tower,0,4,4,32,40,0,0,3,6,9,0,4,7,38,49,6,20,26,75
04/21/2009,FOE,KS,ACE,CE,Federal Contract Tower,0,0,4,18,22,0,0,8,10,18,0,0,12,28,40,6,38,44,84
04/22/2009,FOE,KS,ACE,CE,Federal Contract Tower,0,0,6,24,30,0,0,16,14,30,0,0,22,38,60,4,46,50,110
04/23/2009,FOE,KS,ACE,CE,Federal Contract Tower,0,2,2,32,36,0,0,18,28,46,0,2,20,60,82,10,134,144,226
04/24/2009,FOE,KS,ACE,CE,Federal Contract Tower,0,3,9,15,27,0,0,10,5,15,0,3,19,20,42,0,32,32,74
04/25/2009,FOE,KS,ACE,CE,Federal Contract Tower,0,0,7,6,13,0,0,20,1,21,0,0,27,7,34,0,0,0,34
04/26/2009,FOE,KS,ACE,CE,Federal Contract Tower,0,0,1,3,4,0,0,1,0,1,0,0,2,3,5,0,0,0,5
04/27/2009,FOE,KS,ACE,CE,Federal Contract Tower,0,0,1,25,26,0,0,0,0,0,0,0,1,25,26,0,0,0,26
04/28/2009,FOE,KS,ACE,CE,Federal Contract Tower,0,5,2,49,56,0,0,8,23,31,0,5,10,72,87,8,96,104,191
04/29/2009,FOE,KS,ACE,CE,Federal Contract Tower,0,1,5,15,21,0,0,0,1,1,0,1,5,16,22,0,0,0,22
04/30/2009,FOE,KS,ACE,CE,Federal Contract Tower,0,0,3,5,8,0,0,0,0,0,0,0,3,5,8,0,0,0,8
05/01/2009,FOE,KS,ACE,CE,Federal Contract Tower,0,0,13,13,26,0,0,12,2,14,0,0,25,15,40,2,46,48,88
05/02/2009,FOE,KS,ACE,CE,Federal Contract Tower,0,0,3,1,4,0,1,12,7,20,0,1,15,8,24,0,0,0,24
05/03/2009,FOE,KS,ACE,CE,Federal Contract Tower,0,0,2,14,16,0,0,9,5,14,0,0,11,19,30,0,18,18,48
05/04/2009,FOE,KS,ACE,CE,Federal Contract Tower,2,0,7,39,48,0,0,7,15,22,2,0,14,54,70,2,58,60,130
05/05/2009,FOE,KS,ACE,CE,Federal Contract Tower,0,0,5,14,19,0,0,6,28,34,0,0,11,42,53,0,12,12,65
05/06/2009,FOE,KS,ACE,CE,Federal Contract Tower,0,0,5,48,53,0,1,9,22,32,0,1,14,70,85,0,10,10,95
05/07/2009,FOE,KS,ACE,CE,Federal Contract Tower,0,0,9,19,28,0,0,8,28,36,0,0,17,47,64,0,16,16,80
05/08/2009,FOE,KS,ACE,CE,Federal Contract Tower,0,2,7,18,27,0,0,10,6,16,0,2,17,24,43,8,26,34,77
05/09/2009,FOE,KS,ACE,CE,Federal Contract Tower,0,0,4,8,12,0,0,19,0,19,0,0,23,8,31,12,0,12,43
05/10/2009,FOE,KS,ACE,CE,Federal Contract Tower,1,0,4,4,9,0,0,5,3,8,1,0,9,7,17,6,0,6,23
05/11/2009,FOE,KS,ACE,CE,Federal Contract Tower,2,1,7,32,42,0,0,11,10,21,2,1,18,42,63,0,0,0,63
05/12/2009,FOE,KS,ACE,CE,Federal Contract Tower,0,1,3,25,29,0,0,2,16,18,0,1,5,41,47,0,92,92,139
05/13/2009,FOE,KS,ACE,CE,Federal Contract Tower,0,2,5,24,31,0,0,12,9,21,0,2,17,33,52,0,34,34,86
05/14/2009,FOE,KS,ACE,CE,Federal Contract Tower,0,2,7,45,54,0,0,46,17,63,0,2,53,62,117,2,90,92,209
05/15/2009,FOE,KS,ACE,CE,Federal Contract Tower,0,2,12,4,18,0,0,6,5,11,0,2,18,9,29,0,0,0,29
05/16/2009,FOE,KS,ACE,CE,Federal Contract Tower,0,0,2,7,9,0,0,44,14,58,0,0,46,21,67,2,10,12,79
05/17/2009,FOE,KS,ACE,CE,Federal Contract Tower,0,0,7,2,9,0,0,10,0,10,0,0,17,2,19,4,0,4,23
05/18/2009,FOE,KS,ACE,CE,Federal Contract Tower,0,0,5,29,34,0,2,22,2,26,0,2,27,31,60,2,14,16,76
05/19/2009,FOE,KS,ACE,CE,Federal Contract Tower,0,0,4,31,35,0,0,9,11,20,0,0,13,42,55,8,22,30,85
05/20/2009,FOE,KS,ACE,CE,Federal Contract Tower,0,1,5,16,22,0,2,4,13,19,0,3,9,29,41,2,20,22,63
05/21/2009,FOE,KS,ACE,CE,Federal Contract Tower,0,6,5,15,26,0,0,18,8,26,0,6,23,23,52,18,30,48,100
05/22/2009,FOE,KS,ACE,CE,Federal Contract Tower,0,2,7,2,11,0,0,18,2,20,0,2,25,4,31,8,14,22,53
05/23/2009,FOE,KS,ACE,CE,Federal Contract Tower,0,0,2,0,2,0,0,12,0,12,0,0,14,0,14,24,0,24,38
05/24/2009,FOE,KS,ACE,CE,Federal Contract Tower,0,0,0,8,8,0,0,9,0,9,0,0,9,8,17,0,0,0,17
05/25/2009,FOE,KS,ACE,CE,Federal Contract Tower,0,0,4,6,10,0,0,8,2,10,0,0,12,8,20,16,0,16,36
05/26/2009,FOE,KS,ACE,CE,Federal Contract Tower,0,2,5,21,28,0,2,4,1,7,0,4,9,22,35,0,0,0,35
05/27/2009,FOE,KS,ACE,CE,Federal Contract Tower,2,2,8,14,26,0,1,2,0,3,2,3,10,14,29,0,0,0,29
05/28/2009,FOE,KS,ACE,CE,Federal Contract Tower,0,0,6,43,49,0,0,8,12,20,0,0,14,55,69,0,20,20,89
05/29/2009,FOE,KS,ACE,CE,Federal Contract Tower,0,1,13,10,24,0,0,11,6,17,0,1,24,16,41,0,2,2,43
05/30/2009,FOE,KS,ACE,CE,Federal Contract Tower,2,0,8,2,12,0,0,28,0,28,2,0,36,2,40,0,0,0,40
05/31/2009,FOE,KS,ACE,CE,Federal Contract Tower,4,1,13,4,22,0,0,25,0,25,4,1,38,4,47,0,0,0,47
06/01/2009,FOE,KS,ACE,CE,Federal Contract Tower,4,4,6,18,32,0,0,11,0,11,4,4,17,18,43,0,0,0,43
06/02/2009,FOE,KS,ACE,CE,Federal Contract Tower,0,0,3,7,10,0,0,2,3,5,0,0,5,10,15,0,2,2,17
06/03/2009,FOE,KS,ACE,CE,Federal Contract Tower,0,0,20,36,56,0,0,18,21,39,0,0,38,57,95,0,44,44,139
06/04/2009,FOE,KS,ACE,CE,Federal Contract Tower,1,1,7,14,23,0,0,15,17,32,1,1,22,31,55,10,0,10,65
06/05/2009,FOE,KS,ACE,CE,Federal Contract Tower,0,0,9,9,18,0,0,23,0,23,0,0,32,9,41,0,0,0,41
06/06/2009,FOE,KS,ACE,CE,Federal Contract Tower,0,0,2,1,3,0,0,2,5,7,0,0,4,6,10,0,0,0,10
06/07/2009,FOE,KS,ACE,CE,Federal Contract Tower,0,1,2,6,9,0,0,11,1,12,0,1,13,7,21,2,0,2,23
06/08/2009,FOE,KS,ACE,CE,Federal Contract Tower,1,0,8,20,29,0,0,8,2,10,1,0,16,22,39,10,10,20,59
06/09/2009,FOE,KS,ACE,CE,Federal Contract Tower,0,0,10,4,14,0,0,3,0,3,0,0,13,4,17,0,0,0,17
06/10/2009,FOE,KS,ACE,CE,Federal Contract Tower,0,0,3,19,22,0,0,6,5,11,0,0,9,24,33,0,16,16,49
06/11/2009,FOE,KS,ACE,CE,Federal Contract Tower,0,2,4,14,20,0,0,4,12,16,0,2,8,26,36,6,60,66,102
06/12/2009,FOE,KS,ACE,CE,Federal Contract Tower,0,2,1,14,17,0,2,25,9,36,0,4,26,23,53,0,2,2,55
06/13/2009,FOE,KS,ACE,CE,Federal Contract Tower,0,2,4,2,8,0,3,12,2,17,0,5,16,4,25,26,0,26,51
06/14/2009,FOE,KS,ACE,CE,Federal Contract Tower,0,0,1,4,5,0,4,4,0,8,0,4,5,4,13,0,0,0,13
06/15/2009,FOE,KS,ACE,CE,Federal Contract Tower,1,4,3,11,19,0,0,5,4,9,1,4,8,15,28,2,8,10,38
06/16/2009,FOE,KS,ACE,CE,Federal Contract Tower,0,1,6,26,33,0,0,11,5,16,0,1,17,31,49,10,30,40,89
06/17/2009,FOE,KS,ACE,CE,Federal Contract Tower,0,3,10,28,41,0,0,12,34,46,0,3,22,62,87,6,42,48,135
06/18/2009,FOE,KS,ACE,CE,Federal Contract Tower,0,2,7,23,32,0,1,17,49,67,0,3,24,72,99,0,12,12,111
06/19/2009,FOE,KS,ACE,CE,Federal Contract Tower,0,0,5,34,39,0,0,12,4,16,0,0,17,38,55,18,10,28,83
06/20/2009,FOE,KS,ACE,CE,Federal Contract Tower,0,0,2,6,8,0,0,1,2,3,0,0,3,8,11,0,0,0,11
06/21/2009,FOE,KS,ACE,CE,Federal Contract Tower,1,5,5,1,12,0,0,3,0,3,1,5,8,1,15,2,0,2,17
06/22/2009,FOE,KS,ACE,CE,Federal Contract Tower,0,1,7,20,28,0,0,7,4,11,0,1,14,24,39,2,36,38,77
06/23/2009,FOE,KS,ACE,CE,Federal Contract Tower,0,6,5,13,24,0,0,16,9,25,0,6,21,22,49,0,60,60,109
06/24/2009,FOE,KS,ACE,CE,Federal Contract Tower,0,1,6,24,31,0,0,17,8,25,0,1,23,32,56,0,70,70,126
06/25/2009,FOE,KS,ACE,CE,Federal Contract Tower,0,0,1,31,32,0,0,11,5,16,0,0,12,36,48,0,44,44,92
06/26/2009,FOE,KS,ACE,CE,Federal Contract Tower,0,0,5,63,68,0,0,12,0,12,0,0,17,63,80,0,8,8,88
06/27/2009,FOE,KS,ACE,CE,Federal Contract Tower,2,0,1,4,7,0,0,18,14,32,2,0,19,18,39,0,0,0,39
06/28/2009,FOE,KS,ACE,CE,Federal Contract Tower,0,0,1,2,3,0,0,14,0,14,0,0,15,2,17,2,0,2,19
06/29/2009,FOE,KS,ACE,CE,Federal Contract Tower,0,0,6,35,41,0,4,10,14,28,0,4,16,49,69,0,42,42,111
06/30/2009,FOE,KS,ACE,CE,Federal Contract Tower,0,0,7,57,64,0,0,14,18,32,0,0,21,75,96,0,78,78,174
07/01/2009,FOE,KS,ACE,CE,Federal Contract Tower,0,0,4,36,40,0,0,18,27,45,0,0,22,63,85,0,12,12,97
07/02/2009,FOE,KS,ACE,CE,Federal Contract Tower,0,0,3,10,13,0,2,21,11,34,0,2,24,21,47,8,40,48,95
07/03/2009,FOE,KS,ACE,CE,Federal Contract Tower,0,0,7,4,11,0,2,15,0,17,0,2,22,4,28,4,0,4,32
07/04/2009,FOE,KS,ACE,CE,Federal Contract Tower,0,0,1,0,1,0,0,15,4,19,0,0,16,4,20,6,2,8,28
07/05/2009,FOE,KS,ACE,CE,Federal Contract Tower,0,0,3,2,5,0,0,4,0,4,0,0,7,2,9,0,0,0,9
07/06/2009,FOE,KS,ACE,CE,Federal Contract Tower,0,4,0,11,15,0,0,11,6,17,0,4,11,17,32,2,54,56,88
07/07/2009,FOE,KS,ACE,CE,Federal Contract Tower,0,0,8,46,54,0,0,9,17,26,0,0,17,63,80,0,46,46,126
07/08/2009,FOE,KS,ACE,CE,Federal Contract Tower,0,2,2,21,25,0,0,21,7,28,0,2,23,28,53,0,34,34,87
07/09/2009,FOE,KS,ACE,CE,Federal Contract Tower,0,1,2,20,23,0,0,16,20,36,0,1,18,40,59,0,64,64,123
07/10/2009,FOE,KS,ACE,CE,Federal Contract Tower,0,2,2,7,11,0,0,1,4,5,0,2,3,11,16,0,0,0,16
07/11/2009,FOE,KS,ACE,CE,Federal Contract Tower,0,1,2,6,9,0,0,20,15,35,0,1,22,21,44,0,0,0,44
07/12/2009,FOE,KS,ACE,CE,Federal Contract Tower,2,1,4,1,8,0,0,3,0,3,2,1,7,1,11,0,0,0,11
07/13/2009,FOE,KS,ACE,CE,Federal Contract Tower,0,2,4,22,28,0,0,18,8,26,0,2,22,30,54,18,0,18,72
07/14/2009,FOE,KS,ACE,CE,Federal Contract Tower,0,0,5,43,48,0,0,10,11,21,0,0,15,54,69,2,68,70,139
07/15/2009,FOE,KS,ACE,CE,Federal Contract Tower,0,2,6,24,32,0,0,18,9,27,0,2,24,33,59,4,40,44,103
07/16/2009,FOE,KS,ACE,CE,Federal Contract Tower,0,0,6,18,24,0,2,24,7,33,0,2,30,25,57,0,22,22,79
07/17/2009,FOE,KS,ACE,CE,Federal Contract Tower,0,0,3,38,41,0,0,16,10,26,0,0,19,48,67,0,66,66,133
07/18/2009,FOE,KS,ACE,CE,Federal Contract Tower,0,2,1,6,9,0,1,21,1,23,0,3,22,7,32,14,0,14,46
07/19/2009,FOE,KS,ACE,CE,Federal Contract Tower,0,0,1,4,5,0,0,5,2,7,0,0,6,6,12,0,0,0,12
07/20/2009,FOE,KS,ACE,CE,Federal Contract Tower,3,2,2,7,14,0,0,5,5,10,3,2,7,12,24,6,8,14,38
07/21/2009,FOE,KS,ACE,CE,Federal Contract Tower,0,3,13,52,68,0,0,4,8,12,0,3,17,60,80,4,50,54,134
07/22/2009,FOE,KS,ACE,CE,Federal Contract Tower,1,3,16,33,53,0,0,41,25,66,1,3,57,58,119,8,56,64,183
07/23/2009,FOE,KS,ACE,CE,Federal Contract Tower,0,3,10,31,44,0,0,18,28,46,0,3,28,59,90,8,128,136,226
07/24/2009,FOE,KS,ACE,CE,Federal Contract Tower,6,0,4,26,36,0,0,21,8,29,6,0,25,34,65,0,32,32,97
07/25/2009,FOE,KS,ACE,CE,Federal Contract Tower,0,0,3,34,37,0,0,15,3,18,0,0,18,37,55,0,10,10,65
07/26/2009,FOE,KS,ACE,CE,Federal Contract Tower,1,0,3,12,16,0,0,22,0,22,1,0,25,12,38,2,10,12,50
07/27/2009,FOE,KS,ACE,CE,Federal Contract Tower,1,6,5,57,69,0,0,4,13,17,1,6,9,70,86,0,98,98,184
07/28/2009,FOE,KS,ACE,CE,Federal Contract Tower,0,2,6,9,17,0,0,1,0,1,0,2,7,9,18,0,0,0,18
07/29/2009,FOE,KS,ACE,CE,Federal Contract Tower,0,0,2,38,40,0,0,16,16,32,0,0,18,54,72,0,34,34,106
07/30/2009,FOE,KS,ACE,CE,Federal Contract Tower,0,2,6,65,73,0,4,14,12,30,0,6,20,77,103,2,22,24,127
07/31/2009,FOE,KS,ACE,CE,Federal Contract Tower,4,2,0,58,64,0,0,13,5,18,4,2,13,63,82,0,72,72,154
08/01/2009,FOE,KS,ACE,CE,Federal Contract Tower,6,2,0,28,36,0,0,12,0,12,6,2,12,28,48,30,0,30,78
08/02/2009,FOE,KS,ACE,CE,Federal Contract Tower,0,0,1,9,10,0,0,12,0,12,0,0,13,9,22,2,0,2,24
08/03/2009,FOE,KS,ACE,CE,Federal Contract Tower,4,0,3,25,32,0,0,6,4,10,4,0,9,29,42,0,16,16,58
08/04/2009,FOE,KS,ACE,CE,Federal Contract Tower,0,0,4,31,35,0,2,24,15,41,0,2,28,46,76,10,64,74,150
08/05/2009,FOE,KS,ACE,CE,Federal Contract Tower,0,0,6,38,44,0,0,16,11,27,0,0,22,49,71,0,40,40,111
08/06/2009,FOE,KS,ACE,CE,Federal Contract Tower,0,0,6,19,25,0,2,13,16,31,0,2,19,35,56,0,98,98,154
08/07/2009,FOE,KS,ACE,CE,Federal Contract Tower,0,0,6,25,31,0,0,6,13,19,0,0,12,38,50,0,22,22,72
08/08/2009,FOE,KS,ACE,CE,Federal Contract Tower,0,0,0,3,3,0,0,12,2,14,0,0,12,5,17,0,0,0,17
08/09/2009,FOE,KS,ACE,CE,Federal Contract Tower,2,0,3,1,6,0,0,4,0,4,2,0,7,1,10,0,0,0,10
08/10/2009,FOE,KS,ACE,CE,Federal Contract Tower,0,0,2,22,24,0,1,5,6,12,0,1,7,28,36,2,12,14,50
08/11/2009,FOE,KS,ACE,CE,Federal Contract Tower,0,0,4,37,41,0,0,11,9,20,0,0,15,46,61,14,64,78,139
08/12/2009,FOE,KS,ACE,CE,Federal Contract Tower,1,0,6,61,68,0,0,36,18,54,1,0,42,79,122,28,100,128,250
08/13/2009,FOE,KS,ACE,CE,Federal Contract Tower,0,2,6,30,38,0,0,37,14,51,0,2,43,44,89,16,50,66,155
08/14/2009,FOE,KS,ACE,CE,Federal Contract Tower,2,0,2,51,55,0,0,14,19,33,2,0,16,70,88,18,80,98,186
08/15/2009,FOE,KS,ACE,CE,Federal Contract Tower,0,1,2,3,6,0,0,4,0,4,0,1,6,3,10,6,0,6,16
08/16/2009,FOE,KS,ACE,CE,Federal Contract Tower,0,0,5,2,7,0,0,9,8,17,0,0,14,10,24,6,0,6,30
08/17/2009,FOE,KS,ACE,CE,Federal Contract Tower,0,0,2,8,10,0,1,2,3,6,0,1,4,11,16,0,16,16,32
08/18/2009,FOE,KS,ACE,CE,Federal Contract Tower,1,0,6,30,37,0,0,7,10,17,1,0,13,40,54,2,46,48,102
08/19/2009,FOE,KS,ACE,CE,Federal Contract Tower,0,0,2,19,21,0,0,7,8,15,0,0,9,27,36,0,68,68,104
08/20/2009,FOE,KS,ACE,CE,Federal Contract Tower,0,1,21,87,109,0,0,28,26,54,0,1,49,113,163,0,78,78,241
08/21/2009,FOE,KS,ACE,CE,Federal Contract Tower,0,0,3,38,41,0,4,11,6,21,0,4,14,44,62,2,12,14,76
08/22/2009,FOE,KS,ACE,CE,Federal Contract Tower,0,0,0,2,2,0,0,59,1,60,0,0,59,3,62,26,0,26,88
08/23/2009,FOE,KS,ACE,CE,Federal Contract Tower,0,0,3,10,13,0,0,14,6,20,0,0,17,16,33,14,8,22,55
08/24/2009,FOE,KS,ACE,CE,Federal Contract Tower,0,0,7,28,35,0,0,13,9,22,0,0,20,37,57,0,28,28,85
08/25/2009,FOE,KS,ACE,CE,Federal Contract Tower,2,3,3,39,47,0,0,11,9,20,2,3,14,48,67,0,56,56,123
08/26/2009,FOE,KS,ACE,CE,Federal Contract Tower,2,3,11,39,55,0,0,5,3,8,2,3,16,42,63,0,8,8,71
08/27/2009,FOE,KS,ACE,CE,Federal Contract Tower,4,1,9,71,85,0,0,7,8,15,4,1,16,79,100,0,20,20,120
08/28/2009,FOE,KS,ACE,CE,Federal Contract Tower,2,0,4,30,36,0,0,13,6,19,2,0,17,36,55,0,24,24,79
08/29/2009,FOE,KS,ACE,CE,Federal Contract Tower,2,2,4,2,10,0,0,18,0,18,2,2,22,2,28,16,0,16,44
08/30/2009,FOE,KS,ACE,CE,Federal Contract Tower,5,0,4,3,12,0,0,7,0,7,5,0,11,3,19,0,0,0,19
08/31/2009,FOE,KS,ACE,CE,Federal Contract Tower,0,0,16,60,76,0,0,28,24,52,0,0,44,84,128,10,62,72,200
09/01/2009,FOE,KS,ACE,CE,Federal Contract Tower,0,0,7,36,43,0,1,8,15,24,0,1,15,51,67,12,54,66,133
09/02/2009,FOE,KS,ACE,CE,Federal Contract Tower,2,0,3,67,72,0,0,1,0,1,2,0,4,67,73,0,2,2,75
09/03/2009,FOE,KS,ACE,CE,Federal Contract Tower,1,0,9,32,42,0,0,4,15,19,1,0,13,47,61,4,10,14,75
09/04/2009,FOE,KS,ACE,CE,Federal Contract Tower,0,2,5,6,13,0,0,11,0,11,0,2,16,6,24,0,0,0,24
09/05/2009,FOE,KS,ACE,CE,Federal Contract Tower,0,0,8,0,8,0,0,2,0,2,0,0,10,0,10,10,0,10,20
09/06/2009,FOE,KS,ACE,CE,Federal Contract Tower,1,0,0,2,3,0,0,6,0,6,1,0,6,2,9,4,0,4,13
09/07/2009,FOE,KS,ACE,CE,Federal Contract Tower,0,0,3,2,5,0,0,6,0,6,0,0,9,2,11,2,0,2,13
09/08/2009,FOE,KS,ACE,CE,Federal Contract Tower,0,4,5,20,29,0,1,7,8,16,0,5,12,28,45,6,8,14,59
09/09/2009,FOE,KS,ACE,CE,Federal Contract Tower,0,3,8,38,49,0,1,3,3,7,0,4,11,41,56,0,22,22,78
09/10/2009,FOE,KS,ACE,CE,Federal Contract Tower,1,5,6,77,89,0,0,14,26,40,1,5,20,103,129,0,64,64,193
09/11/2009,FOE,KS,ACE,CE,Federal Contract Tower,2,3,3,12,20,0,0,21,9,30,2,3,24,21,50,0,44,44,94
09/12/2009,FOE,KS,ACE,CE,Federal Contract Tower,0,5,3,13,21,0,0,6,7,13,0,5,9,20,34,2,36,38,72
09/13/2009,FOE,KS,ACE,CE,Federal Contract Tower,2,0,7,46,55,0,0,9,15,24,2,0,16,61,79,0,36,36,115
09/14/2009,FOE,KS,ACE,CE,Federal Contract Tower,0,0,4,40,44,0,2,10,13,25,0,2,14,53,69,10,84,94,163
09/15/2009,FOE,KS,ACE,CE,Federal Contract Tower,0,0,5,42,47,0,1,17,10,28,0,1,22,52,75,10,22,32,107
09/16/2009,FOE,KS,ACE,CE,Federal Contract Tower,0,0,8,59,67,0,0,7,20,27,0,0,15,79,94,4,88,92,186
09/17/2009,FOE,KS,ACE,CE,Federal Contract Tower,0,0,10,34,44,0,0,6,27,33,0,0,16,61,77,0,26,26,103
09/18/2009,FOE,KS,ACE,CE,Federal Contract Tower,0,0,9,35,44,0,0,16,7,23,0,0,25,42,67,4,12,16,83
09/19/2009,FOE,KS,ACE,CE,Federal Contract Tower,0,0,6,6,12,0,0,16,1,17,0,0,22,7,29,4,0,4,33
09/20/2009,FOE,KS,ACE,CE,Federal Contract Tower,0,0,0,19,19,0,1,14,2,17,0,1,14,21,36,0,26,26,62
09/21/2009,FOE,KS,ACE,CE,Federal Contract Tower,0,0,5,13,18,0,0,0,2,2,0,0,5,15,20,0,0,0,20
09/22/2009,FOE,KS,ACE,CE,Federal Contract Tower,3,0,10,21,34,0,0,18,21,39,3,0,28,42,73,2,62,64,137
09/23/2009,FOE,KS,ACE,CE,Federal Contract Tower,0,2,6,26,34,0,0,10,9,19,0,2,16,35,53,20,30,50,103
09/24/2009,FOE,KS,ACE,CE,Federal Contract Tower,3,2,9,15,29,0,0,12,14,26,3,2,21,29,55,8,14,22,77
09/25/2009,FOE,KS,ACE,CE,Federal Contract Tower,2,0,4,18,24,0,0,7,1,8,2,0,11,19,32,4,22,26,58
09/26/2009,FOE,KS,ACE,CE,Federal Contract Tower,3,0,1,4,8,0,0,7,4,11,3,0,8,8,19,2,0,2,21
09/27/2009,FOE,KS,ACE,CE,Federal Contract Tower,6,0,5,8,19,0,0,10,6,16,6,0,15,14,35,4,8,12,47
09/28/2009,FOE,KS,ACE,CE,Federal Contract Tower,1,0,7,54,62,0,0,18,13,31,1,0,25,67,93,8,24,32,125
09/29/2009,FOE,KS,ACE,CE,Federal Contract Tower,1,0,2,24,27,0,0,26,11,37,1,0,28,35,64,2,26,28,92
09/30/2009,FOE,KS,ACE,CE,Federal Contract Tower,0,0,19,12,31,0,0,26,5,31,0,0,45,17,62,0,38,38,100
10/01/2009,FOE,KS,ACE,CE,Federal Contract Tower,0,0,9,15,24,0,0,20,16,36,0,0,29,31,60,0,28,28,88
10/02/2009,FOE,KS,ACE,CE,Federal Contract Tower,0,0,16,4,20,0,0,12,7,19,0,0,28,11,39,0,12,12,51
10/03/2009,FOE,KS,ACE,CE,Federal Contract Tower,3,0,3,0,6,0,0,10,6,16,3,0,13,6,22,0,0,0,22
10/04/2009,FOE,KS,ACE,CE,Federal Contract Tower,1,2,4,18,25,0,0,10,1,11,1,2,14,19,36,0,0,0,36
10/05/2009,FOE,KS,ACE,CE,Federal Contract Tower,0,3,5,41,49,0,0,12,6,18,0,3,17,47,67,0,66,66,133
10/06/2009,FOE,KS,ACE,CE,Federal Contract Tower,0,1,5,52,58,0,0,13,23,36,0,1,18,75,94,2,88,90,184
10/07/2009,FOE,KS,ACE,CE,Federal Contract Tower,0,0,4,37,41,0,0,11,22,33,0,0,15,59,74,10,42,52,126
10/08/2009,FOE,KS,ACE,CE,Federal Contract Tower,0,2,5,2,9,0,0,0,54,54,0,2,5,56,63,0,0,0,63
10/09/2009,FOE,KS,ACE,CE,Federal Contract Tower,0,2,6,19,27,0,0,16,15,31,0,2,22,34,58,0,0,0,58
10/10/2009,FOE,KS,ACE,CE,Federal Contract Tower,1,1,2,2,6,0,0,2,0,2,1,1,4,2,8,0,0,0,8
10/11/2009,FOE,KS,ACE,CE,Federal Contract Tower,0,1,0,12,13,0,1,5,0,6,0,2,5,12,19,0,0,0,19
10/12/2009,FOE,KS,ACE,CE,Federal Contract Tower,0,0,9,6,15,0,0,13,0,13,0,0,22,6,28,22,0,22,50
10/13/2009,FOE,KS,ACE,CE,Federal Contract Tower,0,1,3,20,24,0,0,4,2,6,0,1,7,22,30,0,0,0,30
10/14/2009,FOE,KS,ACE,CE,Federal Contract Tower,0,0,6,2,8,0,0,4,0,4,0,0,10,2,12,0,0,0,12
10/15/2009,FOE,KS,ACE,CE,Federal Contract Tower,0,2,8,23,33,0,0,12,60,72,0,2,20,83,105,0,0,0,105
10/16/2009,FOE,KS,ACE,CE,Federal Contract Tower,2,0,6,22,30,0,0,8,8,16,2,0,14,30,46,0,36,36,82
10/17/2009,FOE,KS,ACE,CE,Federal Contract Tower,0,0,3,15,18,0,0,16,5,21,0,0,19,20,39,0,18,18,57
10/18/2009,FOE,KS,ACE,CE,Federal Contract Tower,2,2,5,2,11,0,0,8,0,8,2,2,13,2,19,12,0,12,31
10/19/2009,FOE,KS,ACE,CE,Federal Contract Tower,0,0,4,29,33,0,0,10,16,26,0,0,14,45,59,0,24,24,83
10/20/2009,FOE,KS,ACE,CE,Federal Contract Tower,0,7,9,19,35,0,0,17,6,23,0,7,26,25,58,0,30,30,88
10/21/2009,FOE,KS,ACE,CE,Federal Contract Tower,2,2,10,16,30,0,0,7,4,11,2,2,17,20,41,4,34,38,79
10/22/2009,FOE,KS,ACE,CE,Federal Contract Tower,0,2,14,18,34,0,0,0,0,0,0,2,14,18,34,0,0,0,34
10/23/2009,FOE,KS,ACE,CE,Federal Contract Tower,0,0,3,10,13,0,0,5,3,8,0,0,8,13,21,0,0,0,21
10/24/2009,FOE,KS,ACE,CE,Federal Contract Tower,4,1,3,0,8,0,0,9,8,17,4,1,12,8,25,0,0,0,25
10/25/2009,FOE,KS,ACE,CE,Federal Contract Tower,0,0,4,7,11,0,0,6,2,8,0,0,10,9,19,16,0,16,35
10/26/2009,FOE,KS,ACE,CE,Federal Contract Tower,0,1,10,42,53,0,0,16,12,28,0,1,26,54,81,18,44,62,143
10/27/2009,FOE,KS,ACE,CE,Federal Contract Tower,0,0,11,39,50,0,0,9,15,24,0,0,20,54,74,0,22,22,96
10/28/2009,FOE,KS,ACE,CE,Federal Contract Tower,0,0,8,52,60,0,1,1,9,11,0,1,9,61,71,2,40,42,113
10/29/2009,FOE,KS,ACE,CE,Federal Contract Tower,0,2,4,10,16,0,0,0,0,0,0,2,4,10,16,0,0,0,16
10/30/2009,FOE,KS,ACE,CE,Federal Contract Tower,4,2,14,22,42,0,0,3,18,21,4,2,17,40,63,0,8,8,71
10/31/2009,FOE,KS,ACE,CE,Federal Contract Tower,5,1,12,0,18,0,0,16,3,19,5,1,28,3,37,0,34,34,71
11/01/2009,FOE,KS,ACE,CE,Federal Contract Tower,0,0,2,2,4,0,0,9,0,9,0,0,11,2,13,0,0,0,13
11/02/2009,FOE,KS,ACE,CE,Federal Contract Tower,0,0,4,24,28,0,0,11,5,16,0,0,15,29,44,6,0,6,50
11/03/2009,FOE,KS,ACE,CE,Federal Contract Tower,2,5,10,39,56,0,0,8,17,25,2,5,18,56,81,16,18,34,115
11/04/2009,FOE,KS,ACE,CE,Federal Contract Tower,1,1,10,39,51,0,0,21,21,42,1,1,31,60,93,0,42,42,135
11/05/2009,FOE,KS,ACE,CE,Federal Contract Tower,0,1,5,38,44,0,0,7,21,28,0,1,12,59,72,8,50,58,130
11/06/2009,FOE,KS,ACE,CE,Federal Contract Tower,1,0,3,27,31,0,0,16,15,31,1,0,19,42,62,12,20,32,94
11/07/2009,FOE,KS,ACE,CE,Federal Contract Tower,1,0,4,7,12,0,0,29,0,29,1,0,33,7,41,8,12,20,61
11/08/2009,FOE,KS,ACE,CE,Federal Contract Tower,1,4,2,12,19,0,0,10,15,25,1,4,12,27,44,0,10,10,54
11/09/2009,FOE,KS,ACE,CE,Federal Contract Tower,0,0,4,43,47,0,0,6,18,24,0,0,10,61,71,12,34,46,117
11/10/2009,FOE,KS,ACE,CE,Federal Contract Tower,0,1,2,36,39,0,0,5,11,16,0,1,7,47,55,0,12,12,67
11/11/2009,FOE,KS,ACE,CE,Federal Contract Tower,3,3,21,7,34,0,0,22,1,23,3,3,43,8,57,4,0,4,61
11/12/2009,FOE,KS,ACE,CE,Federal Contract Tower,0,1,7,38,46,0,0,29,38,67,0,1,36,76,113,2,46,48,161
11/13/2009,FOE,KS,ACE,CE,Federal Contract Tower,0,0,8,32,40,0,0,19,8,27,0,0,27,40,67,0,16,16,83
11/14/2009,FOE,KS,ACE,CE,Federal Contract Tower,0,0,12,0,12,0,0,2,0,2,0,0,14,0,14,0,0,0,14
11/15/2009,FOE,KS,ACE,CE,Federal Contract Tower,0,2,3,0,5,0,0,0,0,0,0,2,3,0,5,0,0,0,5
11/16/2009,FOE,KS,ACE,CE,Federal Contract Tower,0,1,8,10,19,0,0,0,0,0,0,1,8,10,19,0,0,0,19
11/17/2009,FOE,KS,ACE,CE,Federal Contract Tower,0,4,8,14,26,0,0,0,8,8,0,4,8,22,34,0,34,34,68
11/18/2009,FOE,KS,ACE,CE,Federal Contract Tower,0,4,10,18,32,0,0,2,0,2,0,4,12,18,34,0,8,8,42
11/19/2009,FOE,KS,ACE,CE,Federal Contract Tower,0,0,6,36,42,0,0,27,37,64,0,0,33,73,106,4,58,62,168
11/20/2009,FOE,KS,ACE,CE,Federal Contract Tower,2,2,1,35,40,0,0,23,24,47,2,2,24,59,87,20,48,68,155
11/21/2009,FOE,KS,ACE,CE,Federal Contract Tower,1,0,6,8,15,0,0,10,0,10,1,0,16,8,25,0,0,0,25
11/22/2009,FOE,KS,ACE,CE,Federal Contract Tower,1,0,0,14,15,0,0,9,2,11,1,0,9,16,26,4,4,8,34
11/23/2009,FOE,KS,ACE,CE,Federal Contract Tower,0,2,16,23,41,0,0,10,14,24,0,2,26,37,65,0,34,34,99
11/24/2009,FOE,KS,ACE,CE,Federal Contract Tower,0,0,8,52,60,0,0,5,20,25,0,0,13,72,85,0,24,24,109
11/25/2009,FOE,KS,ACE,CE,Federal Contract Tower,0,0,3,9,12,0,0,12,4,16,0,0,15,13,28,0,0,0,28
11/26/2009,FOE,KS,ACE,CE,Federal Contract Tower,0,0,1,0,1,0,2,4,0,6,0,2,5,0,7,0,0,0,7
11/27/2009,FOE,KS,ACE,CE,Federal Contract Tower,0,0,0,3,3,0,4,30,0,34,0,4,30,3,37,0,0,0,37
11/28/2009,FOE,KS,ACE,CE,Federal Contract Tower,0,0,2,4,6,0,8,42,0,50,0,8,44,4,56,2,0,2,58
11/29/2009,FOE,KS,ACE,CE,Federal Contract Tower,0,0,5,0,5,0,0,17,0,17,0,0,22,0,22,10,0,10,32
11/30/2009,FOE,KS,ACE,CE,Federal Contract Tower,2,0,3,45,50,0,0,7,6,13,2,0,10,51,63,6,22,28,91
12/01/2009,FOE,KS,ACE,CE,Federal Contract Tower,0,3,11,31,45,0,0,14,24,38,0,3,25,55,83,4,24,28,111
12/02/2009,FOE,KS,ACE,CE,Federal Contract Tower,2,5,6,35,48,0,0,15,20,35,2,5,21,55,83,0,62,62,145
12/03/2009,FOE,KS,ACE,CE,Federal Contract Tower,0,2,9,28,39,0,0,12,39,51,0,2,21,67,90,0,138,138,228
12/04/2009,FOE,KS,ACE,CE,Federal Contract Tower,2,4,7,37,50,0,0,18,13,31,2,4,25,50,81,6,56,62,143
12/05/2009,FOE,KS,ACE,CE,Federal Contract Tower,1,1,5,5,12,0,0,8,0,8,1,1,13,5,20,6,0,6,26
12/06/2009,FOE,KS,ACE,CE,Federal Contract Tower,0,1,5,11,17,0,0,4,1,5,0,1,9,12,22,4,0,4,26
12/07/2009,FOE,KS,ACE,CE,Federal Contract Tower,0,0,3,22,25,0,0,0,9,9,0,0,3,31,34,0,2,2,36
12/08/2009,FOE,KS,ACE,CE,Federal Contract Tower,0,2,1,0,3,0,0,0,0,0,0,2,1,0,3,0,0,0,3
12/09/2009,FOE,KS,ACE,CE,Federal Contract Tower,0,1,14,11,26,0,0,1,0,1,0,1,15,11,27,0,4,4,31
12/10/2009,FOE,KS,ACE,CE,Federal Contract Tower,0,0,9,19,28,0,0,14,16,30,0,0,23,35,58,0,24,24,82
12/11/2009,FOE,KS,ACE,CE,Federal Contract Tower,0,1,11,19,31,0,2,15,16,33,0,3,26,35,64,0,20,20,84
12/12/2009,FOE,KS,ACE,CE,Federal Contract Tower,0,0,1,3,4,0,0,0,20,20,0,0,1,23,24,2,0,2,26
12/13/2009,FOE,KS,ACE,CE,Federal Contract Tower,0,0,15,5,20,0,0,2,0,2,0,0,17,5,22,0,0,0,22
12/14/2009,FOE,KS,ACE,CE,Federal Contract Tower,0,2,6,16,24,0,0,0,2,2,0,2,6,18,26,0,10,10,36
12/15/2009,FOE,KS,ACE,CE,Federal Contract Tower,0,0,8,30,38,0,0,21,24,45,0,0,29,54,83,0,22,22,105
12/16/2009,FOE,KS,ACE,CE,Federal Contract Tower,0,0,6,32,38,0,0,28,83,111,0,0,34,115,149,4,60,64,213
12/17/2009,FOE,KS,ACE,CE,Federal Contract Tower,0,0,8,27,35,0,0,18,49,67,0,0,26,76,102,13,76,89,191
12/18/2009,FOE,KS,ACE,CE,Federal Contract Tower,1,2,4,6,13,0,2,10,1,13,1,4,14,7,26,2,10,12,38
12/19/2009,FOE,KS,ACE,CE,Federal Contract Tower,1,0,4,2,7,0,0,0,0,0,1,0,4,2,7,0,0,0,7
12/20/2009,FOE,KS,ACE,CE,Federal Contract Tower,0,0,2,0,2,0,1,17,0,18,0,1,19,0,20,0,0,0,20
12/21/2009,FOE,KS,ACE,CE,Federal Contract Tower,0,1,0,22,23,0,0,22,10,32,0,1,22,32,55,2,26,28,83
12/22/2009,FOE,KS,ACE,CE,Federal Contract Tower,2,1,2,17,22,0,0,2,22,24,2,1,4,39,46,0,8,8,54
12/23/2009,FOE,KS,ACE,CE,Federal Contract Tower,0,3,0,1,4,0,0,0,0,0,0,3,0,1,4,0,0,0,4
12/24/2009,FOE,KS,ACE,CE,Federal Contract Tower,0,0,0,0,0,0,0,0,0,0,0,0,0,0,0,0,0,0,0
12/25/2009,FOE,KS,ACE,CE,Federal Contract Tower,0,0,0,0,0,0,0,0,0,0,0,0,0,0,0,0,0,0,0
12/26/2009,FOE,KS,ACE,CE,Federal Contract Tower,0,1,2,0,3,0,0,0,0,0,0,1,2,0,3,0,0,0,3
12/27/2009,FOE,KS,ACE,CE,Federal Contract Tower,0,0,0,0,0,0,0,0,0,0,0,0,0,0,0,0,0,0,0
12/28/2009,FOE,KS,ACE,CE,Federal Contract Tower,0,0,3,6,9,0,0,4,0,4,0,0,7,6,13,0,0,0,13
12/29/2009,FOE,KS,ACE,CE,Federal Contract Tower,0,0,1,8,9,0,0,1,7,8,0,0,2,15,17,0,6,6,23
12/30/2009,FOE,KS,ACE,CE,Federal Contract Tower,0,4,5,5,14,0,0,0,0,0,0,4,5,5,14,0,0,0,14
12/31/2009,FOE,KS,ACE,CE,Federal Contract Tower,0,0,2,1,3,0,3,16,9,28,0,3,18,10,31,10,24,34,65
01/01/2010,FOE,KS,ACE,CE,Federal Contract Tower,2,0,2,0,4,0,0,2,0,2,2,0,4,0,6,0,0,0,6
01/02/2010,FOE,KS,ACE,CE,Federal Contract Tower,0,2,3,5,10,0,0,2,0,2,0,2,5,5,12,0,0,0,12
01/03/2010,FOE,KS,ACE,CE,Federal Contract Tower,0,1,1,1,3,0,0,0,0,0,0,1,1,1,3,0,0,0,3
01/04/2010,FOE,KS,ACE,CE,Federal Contract Tower,0,3,6,7,16,0,0,6,0,6,0,3,12,7,22,0,0,0,22
01/05/2010,FOE,KS,ACE,CE,Federal Contract Tower,0,0,7,3,10,0,0,7,6,13,0,0,14,9,23,2,14,16,39
01/06/2010,FOE,KS,ACE,CE,Federal Contract Tower,0,0,2,5,7,0,0,1,2,3,0,0,3,7,10,0,0,0,10
01/07/2010,FOE,KS,ACE,CE,Federal Contract Tower,0,2,7,13,22,0,2,0,4,6,0,4,7,17,28,0,0,0,28
01/08/2010,FOE,KS,ACE,CE,Federal Contract Tower,1,0,1,5,7,0,0,5,1,6,1,0,6,6,13,0,0,0,13
01/09/2010,FOE,KS,ACE,CE,Federal Contract Tower,2,1,2,0,5,0,0,0,12,12,2,1,2,12,17,0,48,48,65
01/10/2010,FOE,KS,ACE,CE,Federal Contract Tower,0,0,4,7,11,0,0,4,2,6,0,0,8,9,17,0,40,40,57
01/11/2010,FOE,KS,ACE,CE,Federal Contract Tower,1,1,14,19,35,0,1,1,5,7,1,2,15,24,42,0,30,30,72
01/12/2010,FOE,KS,ACE,CE,Federal Contract Tower,0,0,7,40,47,0,0,0,4,4,0,0,7,44,51,0,22,22,73
01/13/2010,FOE,KS,ACE,CE,Federal Contract Tower,0,0,8,24,32,0,0,10,10,20,0,0,18,34,52,14,30,44,96
01/14/2010,FOE,KS,ACE,CE,Federal Contract Tower,0,4,5,25,34,0,0,0,31,31,0,4,5,56,65,0,34,34,99
01/15/2010,FOE,KS,ACE,CE,Federal Contract Tower,2,1,4,5,12,0,0,0,0,0,2,1,4,5,12,0,0,0,12
01/16/2010,FOE,KS,ACE,CE,Federal Contract Tower,0,1,0,3,4,0,0,0,0,0,0,1,0,3,4,0,0,0,4
01/17/2010,FOE,KS,ACE,CE,Federal Contract Tower,1,0,2,4,7,0,0,0,1,1,1,0,2,5,8,0,0,0,8
01/18/2010,FOE,KS,ACE,CE,Federal Contract Tower,2,0,0,0,2,0,0,0,0,0,2,0,0,0,2,0,0,0,2
01/19/2010,FOE,KS,ACE,CE,Federal Contract Tower,0,0,2,4,6,0,0,0,0,0,0,0,2,4,6,0,0,0,6
01/20/2010,FOE,KS,ACE,CE,Federal Contract Tower,0,3,2,43,48,0,0,0,0,0,0,3,2,43,48,0,0,0,48
01/21/2010,FOE,KS,ACE,CE,Federal Contract Tower,0,0,15,11,26,0,0,0,0,0,0,0,15,11,26,0,0,0,26
01/22/2010,FOE,KS,ACE,CE,Federal Contract Tower,0,1,0,13,14,0,0,1,1,2,0,1,1,14,16,0,0,0,16
01/23/2010,FOE,KS,ACE,CE,Federal Contract Tower,0,1,6,24,31,0,0,0,0,0,0,1,6,24,31,0,0,0,31
01/24/2010,FOE,KS,ACE,CE,Federal Contract Tower,2,0,0,3,5,0,0,0,0,0,2,0,0,3,5,0,0,0,5
01/25/2010,FOE,KS,ACE,CE,Federal Contract Tower,0,0,2,22,24,0,1,0,2,3,0,1,2,24,27,0,31,31,58
01/26/2010,FOE,KS,ACE,CE,Federal Contract Tower,0,2,3,38,43,0,0,13,15,28,0,2,16,53,71,10,48,58,129
01/27/2010,FOE,KS,ACE,CE,Federal Contract Tower,0,3,3,17,23,0,0,6,27,33,0,3,9,44,56,0,98,98,154
01/28/2010,FOE,KS,ACE,CE,Federal Contract Tower,0,0,3,25,28,0,2,6,43,51,0,2,9,68,79,0,27,27,106
01/29/2010,FOE,KS,ACE,CE,Federal Contract Tower,0,1,9,19,29,0,0,1,10,11,0,1,10,29,40,0,0,0,40
01/30/2010,FOE,KS,ACE,CE,Federal Contract Tower,0,0,4,40,44,0,0,23,0,23,0,0,27,40,67,0,0,0,67
01/31/2010,FOE,KS,ACE,CE,Federal Contract Tower,0,0,0,4,4,0,0,16,0,16,0,0,16,4,20,0,0,0,20
02/01/2010,FOE,KS,ACE,CE,Federal Contract Tower,0,0,0,10,10,0,0,0,0,0,0,0,0,10,10,0,0,0,10
02/02/2010,FOE,KS,ACE,CE,Federal Contract Tower,2,4,12,31,49,0,0,5,9,14,2,4,17,40,63,4,24,28,91
02/03/2010,FOE,KS,ACE,CE,Federal Contract Tower,0,0,6,7,13,0,0,7,2,9,0,0,13,9,22,0,3,3,25
02/04/2010,FOE,KS,ACE,CE,Federal Contract Tower,0,3,5,28,36,0,0,1,2,3,0,3,6,30,39,0,21,21,60
02/05/2010,FOE,KS,ACE,CE,Federal Contract Tower,0,4,6,1,11,0,0,0,0,0,0,4,6,1,11,0,0,0,11
02/06/2010,FOE,KS,ACE,CE,Federal Contract Tower,2,0,2,21,25,0,0,1,0,1,2,0,3,21,26,0,0,0,26
02/07/2010,FOE,KS,ACE,CE,Federal Contract Tower,2,0,0,5,7,0,0,0,0,0,2,0,0,5,7,0,0,0,7
02/08/2010,FOE,KS,ACE,CE,Federal Contract Tower,0,0,3,2,5,0,0,2,0,2,0,0,5,2,7,0,0,0,7
02/09/2010,FOE,KS,ACE,CE,Federal Contract Tower,4,0,3,20,27,0,0,2,9,11,4,0,5,29,38,0,18,18,56
02/10/2010,FOE,KS,ACE,CE,Federal Contract Tower,0,2,9,38,49,0,0,9,31,40,0,2,18,69,89,12,78,90,179
02/11/2010,FOE,KS,ACE,CE,Federal Contract Tower,0,3,12,41,56,0,0,12,37,49,0,3,24,78,105,0,98,98,203
02/12/2010,FOE,KS,ACE,CE,Federal Contract Tower,0,1,3,38,42,0,2,11,20,33,0,3,14,58,75,25,70,95,170
02/13/2010,FOE,KS,ACE,CE,Federal Contract Tower,0,0,4,2,6,0,0,0,0,0,0,0,4,2,6,0,0,0,6
02/14/2010,FOE,KS,ACE,CE,Federal Contract Tower,0,1,0,0,1,0,0,1,0,1,0,1,1,0,2,0,0,0,2
02/15/2010,FOE,KS,ACE,CE,Federal Contract Tower,0,2,24,3,29,0,0,2,0,2,0,2,26,3,31,0,0,0,31
02/16/2010,FOE,KS,ACE,CE,Federal Contract Tower,0,2,5,22,29,0,0,8,8,16,0,2,13,30,45,4,28,32,77
02/17/2010,FOE,KS,ACE,CE,Federal Contract Tower,0,2,6,25,33,0,0,18,15,33,0,2,24,40,66,13,94,107,173
02/18/2010,FOE,KS,ACE,CE,Federal Contract Tower,0,0,8,28,36,0,4,15,26,45,0,4,23,54,81,0,36,36,117
02/19/2010,FOE,KS,ACE,CE,Federal Contract Tower,0,1,1,0,2,0,0,0,8,8,0,1,1,8,10,0,0,0,10
02/20/2010,FOE,KS,ACE,CE,Federal Contract Tower,0,2,1,3,6,0,0,0,0,0,0,2,1,3,6,0,2,2,8
02/21/2010,FOE,KS,ACE,CE,Federal Contract Tower,0,2,0,0,2,0,0,0,0,0,0,2,0,0,2,0,0,0,2
02/22/2010,FOE,KS,ACE,CE,Federal Contract Tower,0,1,4,25,30,0,0,2,2,4,0,1,6,27,34,2,44,46,80
02/23/2010,FOE,KS,ACE,CE,Federal Contract Tower,0,2,7,23,32,0,0,2,3,5,0,2,9,26,37,0,42,42,79
02/24/2010,FOE,KS,ACE,CE,Federal Contract Tower,0,5,5,29,39,0,0,10,4,14,0,5,15,33,53,10,64,74,127
02/25/2010,FOE,KS,ACE,CE,Federal Contract Tower,0,4,8,28,40,0,1,8,33,42,0,5,16,61,82,2,120,122,204
02/26/2010,FOE,KS,ACE,CE,Federal Contract Tower,0,2,4,45,51,0,0,7,8,15,0,2,11,53,66,6,90,96,162
02/27/2010,FOE,KS,ACE,CE,Federal Contract Tower,0,2,2,3,7,0,0,17,2,19,0,2,19,5,26,4,0,4,30
02/28/2010,FOE,KS,ACE,CE,Federal Contract Tower,0,1,1,2,4,0,0,3,0,3,0,1,4,2,7,2,0,2,9
03/01/2010,FOE,KS,ACE,CE,Federal Contract Tower,0,1,4,63,68,0,0,7,1,8,0,1,11,64,76,6,60,66,142
03/02/2010,FOE,KS,ACE,CE,Federal Contract Tower,0,5,4,52,61,0,0,7,17,24,0,5,11,69,85,4,67,71,156
03/03/2010,FOE,KS,ACE,CE,Federal Contract Tower,0,0,5,39,44,0,0,9,19,28,0,0,14,58,72,0,62,62,134
03/04/2010,FOE,KS,ACE,CE,Federal Contract Tower,1,0,5,59,65,0,0,11,14,25,1,0,16,73,90,4,62,66,156
03/05/2010,FOE,KS,ACE,CE,Federal Contract Tower,0,0,3,21,24,0,1,10,10,21,0,1,13,31,45,0,50,50,95
03/06/2010,FOE,KS,ACE,CE,Federal Contract Tower,0,0,5,14,19,0,0,14,5,19,0,0,19,19,38,0,30,30,68
03/07/2010,FOE,KS,ACE,CE,Federal Contract Tower,0,0,6,13,19,0,0,11,22,33,0,0,17,35,52,4,16,20,72
03/08/2010,FOE,KS,ACE,CE,Federal Contract Tower,1,2,12,36,51,0,0,3,6,9,1,2,15,42,60,2,46,48,108
03/09/2010,FOE,KS,ACE,CE,Federal Contract Tower,0,0,4,16,20,0,0,0,2,2,0,0,4,18,22,0,10,10,32
03/10/2010,FOE,KS,ACE,CE,Federal Contract Tower,0,1,12,29,42,0,0,4,2,6,0,1,16,31,48,0,38,38,86
03/11/2010,FOE,KS,ACE,CE,Federal Contract Tower,0,1,7,32,40,0,0,0,16,16,0,1,7,48,56,0,2,2,58
03/12/2010,FOE,KS,ACE,CE,Federal Contract Tower,0,0,7,27,34,0,0,2,3,5,0,0,9,30,39,0,0,0,39
03/13/2010,FOE,KS,ACE,CE,Federal Contract Tower,0,2,1,9,12,0,0,5,0,5,0,2,6,9,17,0,0,0,17
03/14/2010,FOE,KS,ACE,CE,Federal Contract Tower,0,0,5,1,6,0,0,2,0,2,0,0,7,1,8,0,0,0,8
03/15/2010,FOE,KS,ACE,CE,Federal Contract Tower,3,2,7,27,39,0,0,3,2,5,3,2,10,29,44,0,16,16,60
03/16/2010,FOE,KS,ACE,CE,Federal Contract Tower,2,1,5,25,33,0,0,0,2,2,2,1,5,27,35,0,0,0,35
03/17/2010,FOE,KS,ACE,CE,Federal Contract Tower,1,1,5,35,42,0,5,0,2,7,1,6,5,37,49,0,4,4,53
03/18/2010,FOE,KS,ACE,CE,Federal Contract Tower,1,1,11,23,36,0,0,23,10,33,1,1,34,33,69,24,40,64,133
03/19/2010,FOE,KS,ACE,CE,Federal Contract Tower,0,2,16,16,34,0,0,16,3,19,0,2,32,19,53,4,14,18,71
03/20/2010,FOE,KS,ACE,CE,Federal Contract Tower,0,0,0,0,0,0,0,0,0,0,0,0,0,0,0,0,0,0,0
03/21/2010,FOE,KS,ACE,CE,Federal Contract Tower,0,0,2,5,7,0,0,22,3,25,0,0,24,8,32,0,0,0,32
03/22/2010,FOE,KS,ACE,CE,Federal Contract Tower,0,0,5,14,19,0,0,35,6,41,0,0,40,20,60,4,24,28,88
03/23/2010,FOE,KS,ACE,CE,Federal Contract Tower,0,2,4,46,52,0,0,12,16,28,0,2,16,62,80,0,56,56,136
03/24/2010,FOE,KS,ACE,CE,Federal Contract Tower,1,5,5,26,37,0,0,0,1,1,1,5,5,27,38,0,0,0,38
03/25/2010,FOE,KS,ACE,CE,Federal Contract Tower,0,3,6,22,31,0,0,13,9,22,0,3,19,31,53,32,34,66,119
03/26/2010,FOE,KS,ACE,CE,Federal Contract Tower,0,0,5,14,19,0,4,18,5,27,0,4,23,19,46,0,26,26,72
03/27/2010,FOE,KS,ACE,CE,Federal Contract Tower,0,2,2,0,4,0,0,1,0,1,0,2,3,0,5,0,0,0,5
03/28/2010,FOE,KS,ACE,CE,Federal Contract Tower,0,0,2,2,4,0,0,14,0,14,0,0,16,2,18,2,0,2,20
03/29/2010,FOE,KS,ACE,CE,Federal Contract Tower,0,2,9,27,38,0,0,17,9,26,0,2,26,36,64,0,90,90,154
03/30/2010,FOE,KS,ACE,CE,Federal Contract Tower,0,0,6,16,22,0,0,6,5,11,0,0,12,21,33,4,0,4,37
03/31/2010,FOE,KS,ACE,CE,Federal Contract Tower,1,0,6,17,24,0,0,21,13,34,1,0,27,30,58,0,46,46,104
04/01/2010,FOE,KS,ACE,CE,Federal Contract Tower,0,0,5,22,27,0,0,12,1,13,0,0,17,23,40,0,26,26,66
04/02/2010,FOE,KS,ACE,CE,Federal Contract Tower,0,0,10,3,13,0,0,15,0,15,0,0,25,3,28,2,0,2,30
04/03/2010,FOE,KS,ACE,CE,Federal Contract Tower,0,0,4,8,12,0,0,34,1,35,0,0,38,9,47,6,0,6,53
04/04/2010,FOE,KS,ACE,CE,Federal Contract Tower,0,0,0,0,0,0,0,10,0,10,0,0,10,0,10,0,0,0,10
04/05/2010,FOE,KS,ACE,CE,Federal Contract Tower,0,0,8,19,27,0,0,1,3,4,0,0,9,22,31,0,18,18,49
04/06/2010,FOE,KS,ACE,CE,Federal Contract Tower,4,0,3,11,18,0,0,0,2,2,4,0,3,13,20,0,4,4,24
04/07/2010,FOE,KS,ACE,CE,Federal Contract Tower,0,2,5,32,39,0,0,5,3,8,0,2,10,35,47,0,28,28,75
04/08/2010,FOE,KS,ACE,CE,Federal Contract Tower,0,0,4,14,18,0,0,33,77,110,0,0,37,91,128,6,32,38,166
04/09/2010,FOE,KS,ACE,CE,Federal Contract Tower,0,0,6,18,24,0,0,22,35,57,0,0,28,53,81,0,38,38,119
04/10/2010,FOE,KS,ACE,CE,Federal Contract Tower,0,2,3,13,18,0,0,45,14,59,0,2,48,27,77,8,22,30,107
04/11/2010,FOE,KS,ACE,CE,Federal Contract Tower,0,0,6,6,12,0,0,28,26,54,0,0,34,32,66,0,46,46,112
04/12/2010,FOE,KS,ACE,CE,Federal Contract Tower,0,0,8,18,26,0,0,4,6,10,0,0,12,24,36,0,24,24,60
04/13/2010,FOE,KS,ACE,CE,Federal Contract Tower,0,3,5,26,34,0,0,2,24,26,0,3,7,50,60,0,14,14,74
04/14/2010,FOE,KS,ACE,CE,Federal Contract Tower,1,0,4,16,21,0,0,6,10,16,1,0,10,26,37,0,18,18,55
04/15/2010,FOE,KS,ACE,CE,Federal Contract Tower,0,0,11,13,24,0,0,17,2,19,0,0,28,15,43,10,42,52,95
04/16/2010,FOE,KS,ACE,CE,Federal Contract Tower,0,0,8,26,34,0,1,6,3,10,0,1,14,29,44,0,40,40,84
04/17/2010,FOE,KS,ACE,CE,Federal Contract Tower,0,0,7,16,23,0,0,45,0,45,0,0,52,16,68,0,66,66,134
04/18/2010,FOE,KS,ACE,CE,Federal Contract Tower,0,2,6,15,23,0,0,13,7,20,0,2,19,22,43,6,0,6,49
04/19/2010,FOE,KS,ACE,CE,Federal Contract Tower,0,6,7,25,38,0,0,10,5,15,0,6,17,30,53,2,20,22,75
04/20/2010,FOE,KS,ACE,CE,Federal Contract Tower,0,2,6,25,33,0,0,16,8,24,0,2,22,33,57,2,48,50,107
04/21/2010,FOE,KS,ACE,CE,Federal Contract Tower,2,0,15,15,32,0,0,12,8,20,2,0,27,23,52,0,20,20,72
04/22/2010,FOE,KS,ACE,CE,Federal Contract Tower,0,1,1,5,7,0,0,0,0,0,0,1,1,5,7,0,0,0,7
04/23/2010,FOE,KS,ACE,CE,Federal Contract Tower,0,0,4,9,13,0,5,16,0,21,0,5,20,9,34,0,16,16,50
04/24/2010,FOE,KS,ACE,CE,Federal Contract Tower,1,1,4,8,14,0,0,13,6,19,1,1,17,14,33,0,4,4,37
04/25/2010,FOE,KS,ACE,CE,Federal Contract Tower,0,2,2,4,8,0,2,4,0,6,0,4,6,4,14,0,0,0,14
04/26/2010,FOE,KS,ACE,CE,Federal Contract Tower,2,2,6,6,16,0,0,8,2,10,2,2,14,8,26,0,18,18,44
04/27/2010,FOE,KS,ACE,CE,Federal Contract Tower,0,0,1,32,33,0,0,16,13,29,0,0,17,45,62,4,48,52,114
04/28/2010,FOE,KS,ACE,CE,Federal Contract Tower,0,2,3,27,32,0,0,12,28,40,0,2,15,55,72,0,4,4,76
04/29/2010,FOE,KS,ACE,CE,Federal Contract Tower,0,2,8,7,17,0,0,5,6,11,0,2,13,13,28,6,10,16,44
04/30/2010,FOE,KS,ACE,CE,Federal Contract Tower,0,0,6,23,29,0,0,9,10,19,0,0,15,33,48,0,10,10,58
05/01/2010,FOE,KS,ACE,CE,Federal Contract Tower,0,0,3,12,15,0,0,22,3,25,0,0,25,15,40,0,12,12,52
05/02/2010,FOE,KS,ACE,CE,Federal Contract Tower,4,0,4,12,20,0,0,16,10,26,4,0,20,22,46,2,30,32,78
05/03/2010,FOE,KS,ACE,CE,Federal Contract Tower,0,0,4,46,50,0,0,14,15,29,0,0,18,61,79,4,62,66,145
05/04/2010,FOE,KS,ACE,CE,Federal Contract Tower,0,0,7,24,31,0,0,6,9,15,0,0,13,33,46,0,40,40,86
05/05/2010,FOE,KS,ACE,CE,Federal Contract Tower,0,1,4,28,33,0,0,18,11,29,0,1,22,39,62,6,70,76,138
05/06/2010,FOE,KS,ACE,CE,Federal Contract Tower,0,2,5,26,33,0,0,19,8,27,0,2,24,34,60,0,58,58,118
05/07/2010,FOE,KS,ACE,CE,Federal Contract Tower,0,0,9,24,33,0,0,5,1,6,0,0,14,25,39,0,0,0,39
05/08/2010,FOE,KS,ACE,CE,Federal Contract Tower,0,0,5,9,14,0,0,9,0,9,0,0,14,9,23,0,8,8,31
05/09/2010,FOE,KS,ACE,CE,Federal Contract Tower,3,1,4,2,10,0,2,1,0,3,3,3,5,2,13,0,0,0,13
05/10/2010,FOE,KS,ACE,CE,Federal Contract Tower,0,2,10,4,16,0,0,0,0,0,0,2,10,4,16,0,0,0,16
05/11/2010,FOE,KS,ACE,CE,Federal Contract Tower,0,0,4,10,14,0,0,9,6,15,0,0,13,16,29,8,76,84,113
05/12/2010,FOE,KS,ACE,CE,Federal Contract Tower,2,0,10,18,30,0,0,0,0,0,2,0,10,18,30,0,0,0,30
05/13/2010,FOE,KS,ACE,CE,Federal Contract Tower,0,0,3,20,23,0,0,10,7,17,0,0,13,27,40,0,4,4,44
05/14/2010,FOE,KS,ACE,CE,Federal Contract Tower,0,0,5,21,26,0,4,14,4,22,0,4,19,25,48,0,0,0,48
05/15/2010,FOE,KS,ACE,CE,Federal Contract Tower,0,0,3,12,15,0,0,0,0,0,0,0,3,12,15,0,0,0,15
05/16/2010,FOE,KS,ACE,CE,Federal Contract Tower,0,2,2,1,5,0,0,0,0,0,0,2,2,1,5,0,0,0,5
05/17/2010,FOE,KS,ACE,CE,Federal Contract Tower,0,0,15,36,51,0,0,8,6,14,0,0,23,42,65,2,0,2,67
05/18/2010,FOE,KS,ACE,CE,Federal Contract Tower,0,0,3,9,12,0,0,22,2,24,0,0,25,11,36,16,4,20,56
05/19/2010,FOE,KS,ACE,CE,Federal Contract Tower,0,3,4,22,29,0,0,6,9,15,0,3,10,31,44,0,16,16,60
05/20/2010,FOE,KS,ACE,CE,Federal Contract Tower,2,3,8,9,22,0,0,0,0,0,2,3,8,9,22,0,1,1,23
05/21/2010,FOE,KS,ACE,CE,Federal Contract Tower,0,3,15,29,47,0,0,9,6,15,0,3,24,35,62,0,48,48,110
05/22/2010,FOE,KS,ACE,CE,Federal Contract Tower,2,0,9,5,16,0,0,18,2,20,2,0,27,7,36,0,0,0,36
05/23/2010,FOE,KS,ACE,CE,Federal Contract Tower,1,5,12,12,30,0,3,18,0,21,1,8,30,12,51,0,0,0,51
05/24/2010,FOE,KS,ACE,CE,Federal Contract Tower,0,0,8,14,22,0,0,12,11,23,0,0,20,25,45,10,56,66,111
05/25/2010,FOE,KS,ACE,CE,Federal Contract Tower,0,2,1,25,28,0,0,15,12,27,0,2,16,37,55,0,56,56,111
05/26/2010,FOE,KS,ACE,CE,Federal Contract Tower,0,5,5,11,21,0,0,7,20,27,0,5,12,31,48,14,32,46,94
05/27/2010,FOE,KS,ACE,CE,Federal Contract Tower,0,6,11,35,52,0,0,35,13,48,0,6,46,48,100,0,32,32,132
05/28/2010,FOE,KS,ACE,CE,Federal Contract Tower,0,0,5,27,32,0,0,15,1,16,0,0,20,28,48,0,78,78,126
05/29/2010,FOE,KS,ACE,CE,Federal Contract Tower,0,0,2,2,4,0,0,11,0,11,0,0,13,2,15,0,0,0,15
05/30/2010,FOE,KS,ACE,CE,Federal Contract Tower,0,0,0,1,1,0,0,6,0,6,0,0,6,1,7,0,0,0,7
05/31/2010,FOE,KS,ACE,CE,Federal Contract Tower,0,0,2,3,5,0,0,7,2,9,0,0,9,5,14,8,8,16,30
06/01/2010,FOE,KS,ACE,CE,Federal Contract Tower,0,0,9,5,14,0,0,10,11,21,0,0,19,16,35,0,62,62,97
06/02/2010,FOE,KS,ACE,CE,Federal Contract Tower,0,2,9,18,29,0,0,12,12,24,0,2,21,30,53,0,40,40,93
06/03/2010,FOE,KS,ACE,CE,Federal Contract Tower,0,0,2,23,25,0,2,29,10,41,0,2,31,33,66,2,78,80,146
06/04/2010,FOE,KS,ACE,CE,Federal Contract Tower,0,0,7,18,25,0,0,11,7,18,0,0,18,25,43,14,20,34,77
06/05/2010,FOE,KS,ACE,CE,Federal Contract Tower,0,0,1,3,4,0,0,7,1,8,0,0,8,4,12,0,0,0,12
06/06/2010,FOE,KS,ACE,CE,Federal Contract Tower,0,0,4,2,6,0,0,19,1,20,0,0,23,3,26,2,0,2,28
06/07/2010,FOE,KS,ACE,CE,Federal Contract Tower,0,0,7,11,18,0,0,4,20,24,0,0,11,31,42,27,18,45,87
06/08/2010,FOE,KS,ACE,CE,Federal Contract Tower,0,2,3,10,15,0,0,4,14,18,0,2,7,24,33,0,50,50,83
06/09/2010,FOE,KS,ACE,CE,Federal Contract Tower,0,0,5,58,63,0,2,33,39,74,0,2,38,97,137,0,80,80,217
06/10/2010,FOE,KS,ACE,CE,Federal Contract Tower,0,0,4,34,38,0,0,17,20,37,0,0,21,54,75,0,90,90,165
06/11/2010,FOE,KS,ACE,CE,Federal Contract Tower,0,0,9,30,39,0,0,0,35,35,0,0,9,65,74,0,25,25,99
06/12/2010,FOE,KS,ACE,CE,Federal Contract Tower,0,0,0,2,2,0,0,3,6,9,0,0,3,8,11,0,0,0,11
06/13/2010,FOE,KS,ACE,CE,Federal Contract Tower,0,0,0,1,1,0,0,1,0,1,0,0,1,1,2,0,0,0,2
06/14/2010,FOE,KS,ACE,CE,Federal Contract Tower,0,0,5,32,37,0,0,2,22,24,0,0,7,54,61,0,52,52,113
06/15/2010,FOE,KS,ACE,CE,Federal Contract Tower,0,3,7,52,62,0,0,17,11,28,0,3,24,63,90,0,34,34,124
06/16/2010,FOE,KS,ACE,CE,Federal Contract Tower,0,1,9,12,22,0,0,5,18,23,0,1,14,30,45,0,20,20,65
06/17/2010,FOE,KS,ACE,CE,Federal Contract Tower,0,0,12,23,35,0,0,15,71,86,0,0,27,94,121,4,113,117,238
06/18/2010,FOE,KS,ACE,CE,Federal Contract Tower,0,0,5,23,28,0,0,8,0,8,0,0,13,23,36,2,36,38,74
06/19/2010,FOE,KS,ACE,CE,Federal Contract Tower,0,0,1,6,7,0,0,13,0,13,0,0,14,6,20,0,2,2,22
06/20/2010,FOE,KS,ACE,CE,Federal Contract Tower,0,0,3,3,6,0,0,15,1,16,0,0,18,4,22,6,0,6,28
06/21/2010,FOE,KS,ACE,CE,Federal Contract Tower,2,6,5,14,27,0,0,15,0,15,2,6,20,14,42,0,0,0,42
06/22/2010,FOE,KS,ACE,CE,Federal Contract Tower,0,2,16,9,27,0,0,14,13,27,0,2,30,22,54,2,52,54,108
06/23/2010,FOE,KS,ACE,CE,Federal Contract Tower,0,0,5,26,31,0,0,11,17,28,0,0,16,43,59,0,12,12,71
06/24/2010,FOE,KS,ACE,CE,Federal Contract Tower,0,0,4,28,32,0,0,38,34,72,0,0,42,62,104,6,30,36,140
06/25/2010,FOE,KS,ACE,CE,Federal Contract Tower,2,0,5,35,42,0,0,32,12,44,2,0,37,47,86,8,22,30,116
06/26/2010,FOE,KS,ACE,CE,Federal Contract Tower,0,2,0,10,12,0,4,36,0,40,0,6,36,10,52,4,20,24,76
06/27/2010,FOE,KS,ACE,CE,Federal Contract Tower,0,0,5,10,15,0,0,11,3,14,0,0,16,13,29,0,22,22,51
06/28/2010,FOE,KS,ACE,CE,Federal Contract Tower,0,0,5,31,36,0,0,10,6,16,0,0,15,37,52,0,26,26,78
06/29/2010,FOE,KS,ACE,CE,Federal Contract Tower,2,2,4,30,38,0,0,15,14,29,2,2,19,44,67,0,40,40,107
06/30/2010,FOE,KS,ACE,CE,Federal Contract Tower,0,0,5,26,31,0,0,17,17,34,0,0,22,43,65,0,38,38,103
07/01/2010,FOE,KS,ACE,CE,Federal Contract Tower,1,0,1,13,15,0,0,17,4,21,1,0,18,17,36,0,32,32,68
07/02/2010,FOE,KS,ACE,CE,Federal Contract Tower,8,0,9,5,22,0,0,25,1,26,8,0,34,6,48,0,0,0,48
07/03/2010,FOE,KS,ACE,CE,Federal Contract Tower,10,0,6,4,20,0,0,12,0,12,10,0,18,4,32,0,0,0,32
07/04/2010,FOE,KS,ACE,CE,Federal Contract Tower,8,0,0,0,8,0,0,0,2,2,8,0,0,2,10,0,0,0,10
07/05/2010,FOE,KS,ACE,CE,Federal Contract Tower,1,1,4,5,11,0,0,3,0,3,1,1,7,5,14,0,0,0,14
07/06/2010,FOE,KS,ACE,CE,Federal Contract Tower,2,0,5,60,67,0,0,15,4,19,2,0,20,64,86,0,6,6,92
07/07/2010,FOE,KS,ACE,CE,Federal Contract Tower,2,1,11,13,27,0,0,4,2,6,2,1,15,15,33,0,2,2,35
07/08/2010,FOE,KS,ACE,CE,Federal Contract Tower,0,3,4,47,54,0,0,16,4,20,0,3,20,51,74,0,0,0,74
07/09/2010,FOE,KS,ACE,CE,Federal Contract Tower,2,0,3,39,44,0,0,22,7,29,2,0,25,46,73,0,8,8,81
07/10/2010,FOE,KS,ACE,CE,Federal Contract Tower,0,0,5,21,26,0,0,16,5,21,0,0,21,26,47,6,22,28,75
07/11/2010,FOE,KS,ACE,CE,Federal Contract Tower,2,2,4,5,13,0,2,9,3,14,2,4,13,8,27,8,0,8,35
07/12/2010,FOE,KS,ACE,CE,Federal Contract Tower,2,0,7,19,28,0,0,5,7,12,2,0,12,26,40,0,10,10,50
07/13/2010,FOE,KS,ACE,CE,Federal Contract Tower,0,0,1,23,24,0,0,8,7,15,0,0,9,30,39,4,30,34,73
07/14/2010,FOE,KS,ACE,CE,Federal Contract Tower,0,0,9,32,41,0,0,13,16,29,0,0,22,48,70,2,32,34,104
07/15/2010,FOE,KS,ACE,CE,Federal Contract Tower,2,0,9,23,34,0,2,16,16,34,2,2,25,39,68,0,46,46,114
07/16/2010,FOE,KS,ACE,CE,Federal Contract Tower,12,2,8,25,47,0,0,16,15,31,12,2,24,40,78,6,38,44,122
07/17/2010,FOE,KS,ACE,CE,Federal Contract Tower,2,0,0,28,30,0,0,18,8,26,2,0,18,36,56,0,20,20,76
07/18/2010,FOE,KS,ACE,CE,Federal Contract Tower,2,0,2,12,16,0,3,12,2,17,2,3,14,14,33,2,10,12,45
07/19/2010,FOE,KS,ACE,CE,Federal Contract Tower,0,2,1,23,26,0,0,10,4,14,0,2,11,27,40,0,2,2,42
07/20/2010,FOE,KS,ACE,CE,Federal Contract Tower,0,2,5,10,17,0,0,2,9,11,0,2,7,19,28,0,12,12,40
07/21/2010,FOE,KS,ACE,CE,Federal Contract Tower,0,0,9,20,29,0,0,17,12,29,0,0,26,32,58,0,24,24,82
07/22/2010,FOE,KS,ACE,CE,Federal Contract Tower,0,5,11,16,32,0,0,30,19,49,0,5,41,35,81,0,16,16,97
07/23/2010,FOE,KS,ACE,CE,Federal Contract Tower,0,0,17,15,32,0,0,17,9,26,0,0,34,24,58,0,12,12,70
07/24/2010,FOE,KS,ACE,CE,Federal Contract Tower,0,0,1,9,10,0,0,18,4,22,0,0,19,13,32,0,0,0,32
07/25/2010,FOE,KS,ACE,CE,Federal Contract Tower,0,0,10,12,22,0,0,8,0,8,0,0,18,12,30,0,0,0,30
07/26/2010,FOE,KS,ACE,CE,Federal Contract Tower,2,0,10,57,69,0,0,9,5,14,2,0,19,62,83,26,26,52,135
07/27/2010,FOE,KS,ACE,CE,Federal Contract Tower,2,4,0,53,59,0,0,10,18,28,2,4,10,71,87,0,60,60,147
07/28/2010,FOE,KS,ACE,CE,Federal Contract Tower,4,4,5,32,45,0,0,37,21,58,4,4,42,53,103,0,120,120,223
07/29/2010,FOE,KS,ACE,CE,Federal Contract Tower,3,5,4,16,28,0,0,22,35,57,3,5,26,51,85,0,86,86,171
07/30/2010,FOE,KS,ACE,CE,Federal Contract Tower,7,2,5,27,41,0,0,29,16,45,7,2,34,43,86,6,26,32,118
07/31/2010,FOE,KS,ACE,CE,Federal Contract Tower,0,2,13,12,27,0,0,26,12,38,0,2,39,24,65,0,40,40,105
08/01/2010,FOE,KS,ACE,CE,Federal Contract Tower,3,0,7,12,22,0,0,24,2,26,3,0,31,14,48,0,4,4,52
08/02/2010,FOE,KS,ACE,CE,Federal Contract Tower,2,0,1,29,32,0,0,14,7,21,2,0,15,36,53,8,22,30,83
08/03/2010,FOE,KS,ACE,CE,Federal Contract Tower,0,4,4,34,42,0,0,5,20,25,0,4,9,54,67,0,46,46,113
08/04/2010,FOE,KS,ACE,CE,Federal Contract Tower,0,2,7,19,28,0,3,21,13,37,0,5,28,32,65,10,66,76,141
08/05/2010,FOE,KS,ACE,CE,Federal Contract Tower,0,0,10,17,27,0,5,21,35,61,0,5,31,52,88,2,28,30,118
08/06/2010,FOE,KS,ACE,CE,Federal Contract Tower,3,0,9,24,36,0,0,29,18,47,3,0,38,42,83,18,54,72,155
08/07/2010,FOE,KS,ACE,CE,Federal Contract Tower,2,0,3,8,13,0,0,23,0,23,2,0,26,8,36,10,6,16,52
08/08/2010,FOE,KS,ACE,CE,Federal Contract Tower,0,0,1,26,27,0,0,6,10,16,0,0,7,36,43,14,14,28,71
08/09/2010,FOE,KS,ACE,CE,Federal Contract Tower,0,2,6,33,41,0,0,5,8,13,0,2,11,41,54,0,40,40,94
08/10/2010,FOE,KS,ACE,CE,Federal Contract Tower,0,0,10,27,37,0,0,13,14,27,0,0,23,41,64,16,30,46,110
08/11/2010,FOE,KS,ACE,CE,Federal Contract Tower,0,0,7,18,25,0,1,22,15,38,0,1,29,33,63,0,52,52,115
08/12/2010,FOE,KS,ACE,CE,Federal Contract Tower,2,0,4,43,49,0,1,15,16,32,2,1,19,59,81,0,68,68,149
08/13/2010,FOE,KS,ACE,CE,Federal Contract Tower,0,2,6,22,30,0,0,15,16,31,0,2,21,38,61,0,68,68,129
08/14/2010,FOE,KS,ACE,CE,Federal Contract Tower,0,2,3,7,12,0,1,9,9,19,0,3,12,16,31,0,12,12,43
08/15/2010,FOE,KS,ACE,CE,Federal Contract Tower,0,0,3,14,17,0,0,8,4,12,0,0,11,18,29,2,20,22,51
08/16/2010,FOE,KS,ACE,CE,Federal Contract Tower,0,0,7,24,31,0,0,12,15,27,0,0,19,39,58,14,38,52,110
08/17/2010,FOE,KS,ACE,CE,Federal Contract Tower,0,1,9,23,33,0,0,1,12,13,0,1,10,35,46,0,22,22,68
08/18/2010,FOE,KS,ACE,CE,Federal Contract Tower,0,4,2,20,26,0,0,14,58,72,0,4,16,78,98,0,94,94,192
08/19/2010,FOE,KS,ACE,CE,Federal Contract Tower,0,7,5,24,36,0,0,21,29,50,0,7,26,53,86,4,78,82,168
08/20/2010,FOE,KS,ACE,CE,Federal Contract Tower,0,0,7,7,14,0,2,8,2,12,0,2,15,9,26,0,0,0,26
08/21/2010,FOE,KS,ACE,CE,Federal Contract Tower,0,3,1,9,13,0,0,17,0,17,0,3,18,9,30,2,0,2,32
08/22/2010,FOE,KS,ACE,CE,Federal Contract Tower,0,2,2,11,15,0,0,6,2,8,0,2,8,13,23,4,16,20,43
08/23/2010,FOE,KS,ACE,CE,Federal Contract Tower,0,0,5,47,52,0,0,8,10,18,0,0,13,57,70,18,34,52,122
08/24/2010,FOE,KS,ACE,CE,Federal Contract Tower,2,1,7,32,42,0,0,5,4,9,2,1,12,36,51,0,50,50,101
08/25/2010,FOE,KS,ACE,CE,Federal Contract Tower,0,2,5,23,30,0,3,27,21,51,0,5,32,44,81,10,78,88,169
08/26/2010,FOE,KS,ACE,CE,Federal Contract Tower,0,3,5,12,20,0,0,48,14,62,0,3,53,26,82,4,64,68,150
08/27/2010,FOE,KS,ACE,CE,Federal Contract Tower,0,2,5,23,30,0,0,39,8,47,0,2,44,31,77,6,40,46,123
08/28/2010,FOE,KS,ACE,CE,Federal Contract Tower,0,2,11,4,17,0,0,33,1,34,0,2,44,5,51,0,18,18,69
08/29/2010,FOE,KS,ACE,CE,Federal Contract Tower,0,2,8,2,12,0,0,9,2,11,0,2,17,4,23,6,8,14,37
08/30/2010,FOE,KS,ACE,CE,Federal Contract Tower,0,0,5,33,38,0,0,2,4,6,0,0,7,37,44,0,28,28,72
08/31/2010,FOE,KS,ACE,CE,Federal Contract Tower,0,0,3,28,31,0,0,9,3,12,0,0,12,31,43,0,24,24,67
09/01/2010,FOE,KS,ACE,CE,Federal Contract Tower,0,0,7,8,15,0,0,12,15,27,0,0,19,23,42,0,24,24,66
09/02/2010,FOE,KS,ACE,CE,Federal Contract Tower,0,2,13,25,40,0,0,4,5,9,0,2,17,30,49,0,18,18,67
09/03/2010,FOE,KS,ACE,CE,Federal Contract Tower,0,0,16,51,67,0,0,30,16,46,0,0,46,67,113,2,78,80,193
09/04/2010,FOE,KS,ACE,CE,Federal Contract Tower,0,0,4,22,26,0,0,44,2,46,0,0,48,24,72,8,8,16,88
09/05/2010,FOE,KS,ACE,CE,Federal Contract Tower,1,0,6,3,10,0,0,13,0,13,1,0,19,3,23,0,0,0,23
09/06/2010,FOE,KS,ACE,CE,Federal Contract Tower,0,0,6,0,6,0,0,3,0,3,0,0,9,0,9,0,0,0,9
09/07/2010,FOE,KS,ACE,CE,Federal Contract Tower,0,2,13,28,43,0,1,22,7,30,0,3,35,35,73,0,22,22,95
09/08/2010,FOE,KS,ACE,CE,Federal Contract Tower,0,0,5,24,29,0,0,9,6,15,0,0,14,30,44,0,20,20,64
09/09/2010,FOE,KS,ACE,CE,Federal Contract Tower,0,0,16,32,48,0,0,3,0,3,0,0,19,32,51,0,0,0,51
09/10/2010,FOE,KS,ACE,CE,Federal Contract Tower,0,0,6,13,19,0,0,1,3,4,0,0,7,16,23,0,30,30,53
09/11/2010,FOE,KS,ACE,CE,Federal Contract Tower,0,0,4,5,9,0,0,20,0,20,0,0,24,5,29,6,44,50,79
09/12/2010,FOE,KS,ACE,CE,Federal Contract Tower,0,0,0,4,4,0,0,3,4,7,0,0,3,8,11,4,0,4,15
09/13/2010,FOE,KS,ACE,CE,Federal Contract Tower,0,0,10,25,35,0,0,11,18,29,0,0,21,43,64,0,30,30,94
09/14/2010,FOE,KS,ACE,CE,Federal Contract Tower,0,1,4,24,29,0,0,12,18,30,0,1,16,42,59,4,58,62,121
09/15/2010,FOE,KS,ACE,CE,Federal Contract Tower,0,1,5,6,12,0,0,2,0,2,0,1,7,6,14,0,16,16,30
09/16/2010,FOE,KS,ACE,CE,Federal Contract Tower,2,2,20,20,44,0,0,12,18,30,2,2,32,38,74,0,16,16,90
09/17/2010,FOE,KS,ACE,CE,Federal Contract Tower,0,2,16,18,36,0,0,3,12,15,0,2,19,30,51,12,0,12,63
09/18/2010,FOE,KS,ACE,CE,Federal Contract Tower,0,0,0,6,6,0,0,10,2,12,0,0,10,8,18,22,0,22,40
09/19/2010,FOE,KS,ACE,CE,Federal Contract Tower,0,0,8,10,18,0,0,9,0,9,0,0,17,10,27,0,0,0,27
09/20/2010,FOE,KS,ACE,CE,Federal Contract Tower,0,2,7,28,37,0,0,11,9,20,0,2,18,37,57,2,40,42,99
09/21/2010,FOE,KS,ACE,CE,Federal Contract Tower,0,0,9,13,22,0,0,12,10,22,0,0,21,23,44,0,18,18,62
09/22/2010,FOE,KS,ACE,CE,Federal Contract Tower,2,0,6,35,43,0,0,9,14,23,2,0,15,49,66,0,56,56,122
09/23/2010,FOE,KS,ACE,CE,Federal Contract Tower,0,0,2,10,12,0,0,4,2,6,0,0,6,12,18,0,34,34,52
09/24/2010,FOE,KS,ACE,CE,Federal Contract Tower,1,2,6,35,44,0,0,22,3,25,1,2,28,38,69,0,68,68,137
09/25/2010,FOE,KS,ACE,CE,Federal Contract Tower,0,0,1,14,15,0,0,3,0,3,0,0,4,14,18,0,14,14,32
09/26/2010,FOE,KS,ACE,CE,Federal Contract Tower,0,2,7,6,15,0,0,10,1,11,0,2,17,7,26,4,2,6,32
09/27/2010,FOE,KS,ACE,CE,Federal Contract Tower,0,3,2,27,32,0,0,1,9,10,0,3,3,36,42,0,30,30,72
09/28/2010,FOE,KS,ACE,CE,Federal Contract Tower,1,0,10,17,28,0,0,9,10,19,1,0,19,27,47,0,30,30,77
09/29/2010,FOE,KS,ACE,CE,Federal Contract Tower,1,0,10,21,32,0,0,28,16,44,1,0,38,37,76,0,44,44,120
09/30/2010,FOE,KS,ACE,CE,Federal Contract Tower,0,0,14,12,26,0,0,26,15,41,0,0,40,27,67,0,42,42,109
10/01/2010,FOE,KS,ACE,CE,Federal Contract Tower,2,0,0,22,24,0,0,10,17,27,2,0,10,39,51,0,30,30,81
10/02/2010,FOE,KS,ACE,CE,Federal Contract Tower,2,2,2,5,11,0,0,13,8,21,2,2,15,13,32,2,10,12,44
10/03/2010,FOE,KS,ACE,CE,Federal Contract Tower,0,0,2,9,11,0,0,7,10,17,0,0,9,19,28,0,26,26,54
10/04/2010,FOE,KS,ACE,CE,Federal Contract Tower,0,2,3,27,32,0,0,2,10,12,0,2,5,37,44,0,32,32,76
10/05/2010,FOE,KS,ACE,CE,Federal Contract Tower,0,0,7,20,27,0,0,11,12,23,0,0,18,32,50,0,24,24,74
10/06/2010,FOE,KS,ACE,CE,Federal Contract Tower,0,8,4,24,36,0,0,0,17,17,0,8,4,41,53,0,74,74,127
10/07/2010,FOE,KS,ACE,CE,Federal Contract Tower,2,0,7,18,27,0,0,14,11,25,2,0,21,29,52,0,40,40,92
10/08/2010,FOE,KS,ACE,CE,Federal Contract Tower,1,0,2,18,21,0,0,9,5,14,1,0,11,23,35,10,12,22,57
10/09/2010,FOE,KS,ACE,CE,Federal Contract Tower,2,0,5,0,7,0,0,27,0,27,2,0,32,0,34,0,0,0,34
10/10/2010,FOE,KS,ACE,CE,Federal Contract Tower,2,0,3,0,5,0,0,16,0,16,2,0,19,0,21,0,0,0,21
10/11/2010,FOE,KS,ACE,CE,Federal Contract Tower,0,0,6,0,6,0,0,8,0,8,0,0,14,0,14,0,0,0,14
10/12/2010,FOE,KS,ACE,CE,Federal Contract Tower,0,4,5,18,27,0,0,3,11,14,0,4,8,29,41,0,12,12,53
10/13/2010,FOE,KS,ACE,CE,Federal Contract Tower,0,0,7,41,48,0,2,23,2,27,0,2,30,43,75,22,40,62,137
10/14/2010,FOE,KS,ACE,CE,Federal Contract Tower,0,4,6,40,50,0,2,15,30,47,0,6,21,70,97,0,60,60,157
10/15/2010,FOE,KS,ACE,CE,Federal Contract Tower,0,3,7,17,27,0,0,17,8,25,0,3,24,25,52,36,36,72,124
10/16/2010,FOE,KS,ACE,CE,Federal Contract Tower,0,2,7,13,22,0,0,38,3,41,0,2,45,16,63,4,14,18,81
10/17/2010,FOE,KS,ACE,CE,Federal Contract Tower,0,0,3,11,14,0,0,18,4,22,0,0,21,15,36,0,12,12,48
10/18/2010,FOE,KS,ACE,CE,Federal Contract Tower,0,3,9,14,26,0,0,6,6,12,0,3,15,20,38,0,12,12,50
10/19/2010,FOE,KS,ACE,CE,Federal Contract Tower,0,3,2,30,35,0,0,4,9,13,0,3,6,39,48,4,44,48,96
10/20/2010,FOE,KS,ACE,CE,Federal Contract Tower,0,0,3,29,32,0,0,7,4,11,0,0,10,33,43,0,10,10,53
10/21/2010,FOE,KS,ACE,CE,Federal Contract Tower,0,0,7,30,37,0,0,11,16,27,0,0,18,46,64,0,56,56,120
10/22/2010,FOE,KS,ACE,CE,Federal Contract Tower,0,2,6,15,23,0,2,4,3,9,0,4,10,18,32,6,12,18,50
10/23/2010,FOE,KS,ACE,CE,Federal Contract Tower,1,0,3,6,10,0,0,2,0,2,1,0,5,6,12,0,0,0,12
10/24/2010,FOE,KS,ACE,CE,Federal Contract Tower,0,0,3,0,3,0,0,3,0,3,0,0,6,0,6,0,0,0,6
10/25/2010,FOE,KS,ACE,CE,Federal Contract Tower,0,1,4,17,22,0,2,7,0,9,0,3,11,17,31,0,6,6,37
10/26/2010,FOE,KS,ACE,CE,Federal Contract Tower,0,1,3,8,12,0,0,2,1,3,0,1,5,9,15,0,0,0,15
10/27/2010,FOE,KS,ACE,CE,Federal Contract Tower,0,2,5,25,32,0,0,12,3,15,0,2,17,28,47,22,4,26,73
10/28/2010,FOE,KS,ACE,CE,Federal Contract Tower,0,0,9,13,22,0,1,21,13,35,0,1,30,26,57,0,22,22,79
10/29/2010,FOE,KS,ACE,CE,Federal Contract Tower,0,0,16,18,34,0,0,12,9,21,0,0,28,27,55,2,20,22,77
10/30/2010,FOE,KS,ACE,CE,Federal Contract Tower,0,0,5,10,15,0,0,15,0,15,0,0,20,10,30,12,0,12,42
10/31/2010,FOE,KS,ACE,CE,Federal Contract Tower,0,0,2,15,17,0,0,5,0,5,0,0,7,15,22,0,10,10,32
11/01/2010,FOE,KS,ACE,CE,Federal Contract Tower,0,0,1,35,36,0,0,9,2,11,0,0,10,37,47,0,14,14,61
11/02/2010,FOE,KS,ACE,CE,Federal Contract Tower,0,0,7,39,46,0,0,20,6,26,0,0,27,45,72,0,46,46,118
11/03/2010,FOE,KS,ACE,CE,Federal Contract Tower,0,0,2,26,28,0,0,9,10,19,0,0,11,36,47,0,50,50,97
11/04/2010,FOE,KS,ACE,CE,Federal Contract Tower,0,0,4,35,39,0,0,10,12,22,0,0,14,47,61,0,24,24,85
11/05/2010,FOE,KS,ACE,CE,Federal Contract Tower,4,0,7,28,39,0,0,11,6,17,4,0,18,34,56,4,26,30,86
11/06/2010,FOE,KS,ACE,CE,Federal Contract Tower,1,0,3,12,16,0,1,17,5,23,1,1,20,17,39,18,2,20,59
11/07/2010,FOE,KS,ACE,CE,Federal Contract Tower,2,0,2,7,11,0,0,5,3,8,2,0,7,10,19,0,2,2,21
11/08/2010,FOE,KS,ACE,CE,Federal Contract Tower,1,0,8,38,47,0,0,11,5,16,1,0,19,43,63,0,34,34,97
11/09/2010,FOE,KS,ACE,CE,Federal Contract Tower,0,0,6,27,33,0,0,15,1,16,0,0,21,28,49,0,32,32,81
11/10/2010,FOE,KS,ACE,CE,Federal Contract Tower,2,4,5,35,46,0,0,21,15,36,2,4,26,50,82,6,34,40,122
11/11/2010,FOE,KS,ACE,CE,Federal Contract Tower,4,2,9,2,17,0,0,7,0,7,4,2,16,2,24,0,0,0,24
11/12/2010,FOE,KS,ACE,CE,Federal Contract Tower,5,0,4,5,14,0,0,0,0,0,5,0,4,5,14,0,0,0,14
11/13/2010,FOE,KS,ACE,CE,Federal Contract Tower,1,0,6,6,13,0,0,14,1,15,1,0,20,7,28,0,0,0,28
11/14/2010,FOE,KS,ACE,CE,Federal Contract Tower,2,2,3,9,16,0,0,10,1,11,2,2,13,10,27,2,0,2,29
11/15/2010,FOE,KS,ACE,CE,Federal Contract Tower,1,1,6,23,31,0,0,10,3,13,1,1,16,26,44,0,48,48,92
11/16/2010,FOE,KS,ACE,CE,Federal Contract Tower,0,8,5,27,40,0,0,13,8,21,0,8,18,35,61,0,68,68,129
11/17/2010,FOE,KS,ACE,CE,Federal Contract Tower,0,1,6,10,17,0,0,2,0,2,0,1,8,10,19,0,0,0,19
11/18/2010,FOE,KS,ACE,CE,Federal Contract Tower,0,2,5,34,41,0,0,6,12,18,0,2,11,46,59,0,46,46,105
11/19/2010,FOE,KS,ACE,CE,Federal Contract Tower,0,0,7,26,33,0,0,9,5,14,0,0,16,31,47,4,10,14,61
11/20/2010,FOE,KS,ACE,CE,Federal Contract Tower,3,0,2,6,11,0,0,12,5,17,3,0,14,11,28,16,0,16,44
11/21/2010,FOE,KS,ACE,CE,Federal Contract Tower,2,0,0,11,13,0,0,7,0,7,2,0,7,11,20,0,8,8,28
11/22/2010,FOE,KS,ACE,CE,Federal Contract Tower,0,3,4,53,60,0,0,3,0,3,0,3,7,53,63,0,4,4,67
11/23/2010,FOE,KS,ACE,CE,Federal Contract Tower,0,0,4,50,54,0,0,10,15,25,0,0,14,65,79,0,18,18,97
11/24/2010,FOE,KS,ACE,CE,Federal Contract Tower,4,2,8,2,16,0,0,4,0,4,4,2,12,2,20,4,0,4,24
11/25/2010,FOE,KS,ACE,CE,Federal Contract Tower,0,1,3,0,4,0,0,2,0,2,0,1,5,0,6,0,0,0,6
11/26/2010,FOE,KS,ACE,CE,Federal Contract Tower,0,1,2,0,3,0,0,8,0,8,0,1,10,0,11,2,0,2,13
11/27/2010,FOE,KS,ACE,CE,Federal Contract Tower,0,0,1,0,1,0,0,12,0,12,0,0,13,0,13,0,0,0,13
11/28/2010,FOE,KS,ACE,CE,Federal Contract Tower,1,0,1,0,2,0,0,2,0,2,1,0,3,0,4,14,0,14,18
11/29/2010,FOE,KS,ACE,CE,Federal Contract Tower,0,0,6,32,38,0,0,11,0,11,0,0,17,32,49,0,8,8,57
11/30/2010,FOE,KS,ACE,CE,Federal Contract Tower,0,0,6,41,47,0,0,6,17,23,0,0,12,58,70,0,50,50,120
12/01/2010,FOE,KS,ACE,CE,Federal Contract Tower,0,0,8,44,52,0,0,13,9,22,0,0,21,53,74,2,56,58,132
12/02/2010,FOE,KS,ACE,CE,Federal Contract Tower,0,0,11,57,68,0,0,19,11,30,0,0,30,68,98,0,36,36,134
12/03/2010,FOE,KS,ACE,CE,Federal Contract Tower,1,0,4,23,28,0,0,10,2,12,1,0,14,25,40,8,14,22,62
12/04/2010,FOE,KS,ACE,CE,Federal Contract Tower,2,2,3,1,8,0,0,8,0,8,2,2,11,1,16,0,0,0,16
12/05/2010,FOE,KS,ACE,CE,Federal Contract Tower,1,0,2,0,3,0,0,10,0,10,1,0,12,0,13,2,0,2,15
12/06/2010,FOE,KS,ACE,CE,Federal Contract Tower,0,2,2,45,49,0,0,8,2,10,0,2,10,47,59,0,38,38,97
12/07/2010,FOE,KS,ACE,CE,Federal Contract Tower,0,3,4,45,52,0,0,12,24,36,0,3,16,69,88,0,102,102,190
12/08/2010,FOE,KS,ACE,CE,Federal Contract Tower,2,0,8,19,29,0,0,9,5,14,2,0,17,24,43,0,14,14,57
12/09/2010,FOE,KS,ACE,CE,Federal Contract Tower,0,2,5,35,42,0,0,18,12,30,0,2,23,47,72,0,34,34,106
12/10/2010,FOE,KS,ACE,CE,Federal Contract Tower,0,2,7,2,11,0,0,3,5,8,0,2,10,7,19,14,8,22,41
12/11/2010,FOE,KS,ACE,CE,Federal Contract Tower,0,0,10,5,15,0,0,2,0,2,0,0,12,5,17,0,0,0,17
12/12/2010,FOE,KS,ACE,CE,Federal Contract Tower,0,0,5,4,9,0,11,11,0,22,0,11,16,4,31,0,0,0,31
12/13/2010,FOE,KS,ACE,CE,Federal Contract Tower,2,0,6,16,24,0,0,8,1,9,2,0,14,17,33,0,36,36,69
12/14/2010,FOE,KS,ACE,CE,Federal Contract Tower,0,2,2,40,44,0,0,14,18,32,0,2,16,58,76,2,72,74,150
12/15/2010,FOE,KS,ACE,CE,Federal Contract Tower,0,1,8,8,17,0,0,1,0,1,0,1,9,8,18,0,0,0,18
12/16/2010,FOE,KS,ACE,CE,Federal Contract Tower,0,1,4,11,16,0,0,7,16,23,0,1,11,27,39,0,62,62,101
12/17/2010,FOE,KS,ACE,CE,Federal Contract Tower,2,4,7,24,37,0,0,3,6,9,2,4,10,30,46,0,10,10,56
12/18/2010,FOE,KS,ACE,CE,Federal Contract Tower,1,0,4,0,5,0,0,2,0,2,1,0,6,0,7,0,0,0,7
12/19/2010,FOE,KS,ACE,CE,Federal Contract Tower,0,0,2,7,9,0,0,2,0,2,0,0,4,7,11,0,0,0,11
12/20/2010,FOE,KS,ACE,CE,Federal Contract Tower,2,0,4,20,26,0,0,7,5,12,2,0,11,25,38,0,20,20,58
12/21/2010,FOE,KS,ACE,CE,Federal Contract Tower,0,4,3,24,31,0,0,12,23,35,0,4,15,47,66,2,42,44,110
12/22/2010,FOE,KS,ACE,CE,Federal Contract Tower,0,3,0,23,26,0,1,7,19,27,0,4,7,42,53,0,16,16,69
12/23/2010,FOE,KS,ACE,CE,Federal Contract Tower,0,1,1,0,2,0,0,2,5,7,0,1,3,5,9,0,0,0,9
12/24/2010,FOE,KS,ACE,CE,Federal Contract Tower,0,0,1,0,1,0,0,0,0,0,0,0,1,0,1,0,0,0,1
12/25/2010,FOE,KS,ACE,CE,Federal Contract Tower,0,4,0,0,4,0,0,1,0,1,0,4,1,0,5,0,0,0,5
12/26/2010,FOE,KS,ACE,CE,Federal Contract Tower,1,3,3,0,7,0,0,26,0,26,1,3,29,0,33,0,0,0,33
12/27/2010,FOE,KS,ACE,CE,Federal Contract Tower,2,0,4,2,8,0,0,22,6,28,2,0,26,8,36,0,2,2,38
12/28/2010,FOE,KS,ACE,CE,Federal Contract Tower,0,0,3,2,5,0,0,22,30,52,0,0,25,32,57,6,0,6,63
12/29/2010,FOE,KS,ACE,CE,Federal Contract Tower,0,1,2,4,7,0,0,0,0,0,0,1,2,4,7,0,0,0,7
12/30/2010,FOE,KS,ACE,CE,Federal Contract Tower,2,0,2,2,6,0,0,1,1,2,2,0,3,3,8,0,0,0,8
12/31/2010,FOE,KS,ACE,CE,Federal Contract Tower,2,0,7,0,9,0,0,0,0,0,2,0,7,0,9,0,0,0,9
01/01/2011,FOE,KS,ACE,CE,Federal Contract Tower,0,0,2,0,2,0,0,8,0,8,0,0,10,0,10,2,0,2,12
01/02/2011,FOE,KS,ACE,CE,Federal Contract Tower,0,0,1,0,1,0,0,18,0,18,0,0,19,0,19,0,0,0,19
01/03/2011,FOE,KS,ACE,CE,Federal Contract Tower,2,0,6,18,26,0,0,18,7,25,2,0,24,25,51,13,28,41,92
01/04/2011,FOE,KS,ACE,CE,Federal Contract Tower,0,0,6,27,33,0,2,14,9,25,0,2,20,36,58,0,74,74,132
01/05/2011,FOE,KS,ACE,CE,Federal Contract Tower,0,0,5,18,23,0,0,5,13,18,0,0,10,31,41,6,46,52,93
01/06/2011,FOE,KS,ACE,CE,Federal Contract Tower,0,0,8,17,25,0,0,17,19,36,0,0,25,36,61,2,72,74,135
01/07/2011,FOE,KS,ACE,CE,Federal Contract Tower,0,2,5,25,32,0,0,4,12,16,0,2,9,37,48,0,30,30,78
01/08/2011,FOE,KS,ACE,CE,Federal Contract Tower,2,0,5,8,15,0,0,5,4,9,2,0,10,12,24,0,0,0,24
01/09/2011,FOE,KS,ACE,CE,Federal Contract Tower,7,0,2,16,25,0,0,0,4,4,7,0,2,20,29,0,2,2,31
01/10/2011,FOE,KS,ACE,CE,Federal Contract Tower,0,3,0,3,6,0,0,0,0,0,0,3,0,3,6,0,0,0,6
01/11/2011,FOE,KS,ACE,CE,Federal Contract Tower,2,1,5,2,10,0,0,2,0,2,2,1,7,2,12,0,20,20,32
01/12/2011,FOE,KS,ACE,CE,Federal Contract Tower,4,6,13,11,34,0,0,2,3,5,4,6,15,14,39,0,12,12,51
01/13/2011,FOE,KS,ACE,CE,Federal Contract Tower,0,3,3,17,23,0,0,13,6,19,0,3,16,23,42,14,18,32,74
01/14/2011,FOE,KS,ACE,CE,Federal Contract Tower,0,0,9,16,25,0,0,4,4,8,0,0,13,20,33,0,8,8,41
01/15/2011,FOE,KS,ACE,CE,Federal Contract Tower,1,0,0,5,6,0,0,5,0,5,1,0,5,5,11,14,0,14,25
01/16/2011,FOE,KS,ACE,CE,Federal Contract Tower,0,1,0,3,4,0,0,1,0,1,0,1,1,3,5,2,36,38,43
01/17/2011,FOE,KS,ACE,CE,Federal Contract Tower,0,4,2,1,7,0,0,1,0,1,0,4,3,1,8,0,0,0,8
01/18/2011,FOE,KS,ACE,CE,Federal Contract Tower,2,3,0,13,18,0,0,3,9,12,2,3,3,22,30,0,40,40,70
01/19/2011,FOE,KS,ACE,CE,Federal Contract Tower,0,2,9,6,17,0,0,4,0,4,0,2,13,6,21,0,0,0,21
01/20/2011,FOE,KS,ACE,CE,Federal Contract Tower,0,1,8,12,21,0,0,8,12,20,0,1,16,24,41,0,8,8,49
01/21/2011,FOE,KS,ACE,CE,Federal Contract Tower,2,0,7,4,13,0,0,2,5,7,2,0,9,9,20,0,6,6,26
01/22/2011,FOE,KS,ACE,CE,Federal Contract Tower,2,1,1,1,5,0,0,6,0,6,2,1,7,1,11,4,0,4,15
01/23/2011,FOE,KS,ACE,CE,Federal Contract Tower,0,0,5,3,8,0,0,2,0,2,0,0,7,3,10,0,0,0,10
01/24/2011,FOE,KS,ACE,CE,Federal Contract Tower,1,2,5,11,19,0,1,6,6,13,1,3,11,17,32,8,48,56,88
01/25/2011,FOE,KS,ACE,CE,Federal Contract Tower,0,3,11,37,51,0,0,3,12,15,0,3,14,49,66,8,86,94,160
01/26/2011,FOE,KS,ACE,CE,Federal Contract Tower,2,0,7,30,39,0,0,11,12,23,2,0,18,42,62,2,72,74,136
01/27/2011,FOE,KS,ACE,CE,Federal Contract Tower,2,1,13,28,44,0,0,3,13,16,2,1,16,41,60,4,84,88,148
01/28/2011,FOE,KS,ACE,CE,Federal Contract Tower,0,0,1,18,19,0,0,6,5,11,0,0,7,23,30,2,18,20,50
01/29/2011,FOE,KS,ACE,CE,Federal Contract Tower,0,0,1,4,5,0,0,15,0,15,0,0,16,4,20,6,0,6,26
01/30/2011,FOE,KS,ACE,CE,Federal Contract Tower,0,0,5,3,8,0,0,2,1,3,0,0,7,4,11,8,0,8,19
01/31/2011,FOE,KS,ACE,CE,Federal Contract Tower,1,1,3,0,5,0,0,0,0,0,1,1,3,0,5,0,0,0,5
02/01/2011,FOE,KS,ACE,CE,Federal Contract Tower,0,0,0,0,0,0,0,0,0,0,0,0,0,0,0,0,0,0,0
02/02/2011,FOE,KS,ACE,CE,Federal Contract Tower,1,0,2,0,3,0,0,0,0,0,1,0,2,0,3,0,0,0,3
02/03/2011,FOE,KS,ACE,CE,Federal Contract Tower,0,3,6,4,13,0,0,4,4,8,0,3,10,8,21,0,10,10,31
02/04/2011,FOE,KS,ACE,CE,Federal Contract Tower,1,3,3,22,29,0,0,4,12,16,1,3,7,34,45,4,12,16,61
02/05/2011,FOE,KS,ACE,CE,Federal Contract Tower,2,0,0,7,9,0,0,6,0,6,2,0,6,7,15,4,4,8,23
02/06/2011,FOE,KS,ACE,CE,Federal Contract Tower,0,0,3,13,16,0,0,0,2,2,0,0,3,15,18,0,0,0,18
02/07/2011,FOE,KS,ACE,CE,Federal Contract Tower,0,4,12,21,37,0,0,12,3,15,0,4,24,24,52,4,24,28,80
02/08/2011,FOE,KS,ACE,CE,Federal Contract Tower,0,0,5,5,10,0,0,1,1,2,0,0,6,6,12,0,0,0,12
02/09/2011,FOE,KS,ACE,CE,Federal Contract Tower,0,0,2,2,4,0,0,3,2,5,0,0,5,4,9,0,10,10,19
02/10/2011,FOE,KS,ACE,CE,Federal Contract Tower,0,0,12,5,17,0,0,9,4,13,0,0,21,9,30,14,8,22,52
02/11/2011,FOE,KS,ACE,CE,Federal Contract Tower,2,0,4,13,19,0,2,8,7,17,2,2,12,20,36,10,14,24,60
02/12/2011,FOE,KS,ACE,CE,Federal Contract Tower,0,0,4,11,15,0,0,33,8,41,0,0,37,19,56,16,6,22,78
02/13/2011,FOE,KS,ACE,CE,Federal Contract Tower,1,0,2,11,14,0,0,3,14,17,1,0,5,25,31,22,36,58,89
02/14/2011,FOE,KS,ACE,CE,Federal Contract Tower,0,0,3,25,28,0,0,33,4,37,0,0,36,29,65,0,112,112,177
02/15/2011,FOE,KS,ACE,CE,Federal Contract Tower,0,2,3,23,28,0,2,2,2,6,0,4,5,25,34,0,8,8,42
02/16/2011,FOE,KS,ACE,CE,Federal Contract Tower,0,0,2,6,8,0,0,0,0,0,0,0,2,6,8,0,0,0,8
02/17/2011,FOE,KS,ACE,CE,Federal Contract Tower,0,3,12,16,31,0,0,25,2,27,0,3,37,18,58,10,12,22,80
02/18/2011,FOE,KS,ACE,CE,Federal Contract Tower,1,0,5,26,32,0,0,27,7,34,1,0,32,33,66,6,26,32,98
02/19/2011,FOE,KS,ACE,CE,Federal Contract Tower,1,0,4,0,5,0,0,6,0,6,1,0,10,0,11,16,0,16,27
02/20/2011,FOE,KS,ACE,CE,Federal Contract Tower,0,1,5,5,11,0,0,8,0,8,0,1,13,5,19,4,4,8,27
02/21/2011,FOE,KS,ACE,CE,Federal Contract Tower,0,2,5,1,8,0,0,5,0,5,0,2,10,1,13,0,0,0,13
02/22/2011,FOE,KS,ACE,CE,Federal Contract Tower,2,0,9,37,48,0,0,23,14,37,2,0,32,51,85,6,106,112,197
02/23/2011,FOE,KS,ACE,CE,Federal Contract Tower,0,0,9,34,43,0,0,10,15,25,0,0,19,49,68,14,52,66,134
02/24/2011,FOE,KS,ACE,CE,Federal Contract Tower,0,0,7,4,11,0,0,0,0,0,0,0,7,4,11,0,0,0,11
02/25/2011,FOE,KS,ACE,CE,Federal Contract Tower,3,0,8,0,11,0,0,1,0,1,3,0,9,0,12,0,0,0,12
02/26/2011,FOE,KS,ACE,CE,Federal Contract Tower,3,0,6,4,13,0,0,0,0,0,3,0,6,4,13,0,0,0,13
02/27/2011,FOE,KS,ACE,CE,Federal Contract Tower,0,0,2,0,2,0,0,0,0,0,0,0,2,0,2,0,0,0,2
02/28/2011,FOE,KS,ACE,CE,Federal Contract Tower,2,0,4,21,27,0,0,8,5,13,2,0,12,26,40,26,76,102,142
03/01/2011,FOE,KS,ACE,CE,Federal Contract Tower,2,2,2,26,32,0,0,13,21,34,2,2,15,47,66,2,84,86,152
03/02/2011,FOE,KS,ACE,CE,Federal Contract Tower,0,2,18,17,37,0,0,14,17,31,0,2,32,34,68,0,58,58,126
03/03/2011,FOE,KS,ACE,CE,Federal Contract Tower,0,1,10,18,29,0,0,26,20,46,0,1,36,38,75,0,48,48,123
03/04/2011,FOE,KS,ACE,CE,Federal Contract Tower,0,0,7,13,20,0,0,1,2,3,0,0,8,15,23,0,18,18,41
03/05/2011,FOE,KS,ACE,CE,Federal Contract Tower,0,0,0,5,5,0,0,2,12,14,0,0,2,17,19,6,24,30,49
03/06/2011,FOE,KS,ACE,CE,Federal Contract Tower,0,0,2,3,5,0,2,14,2,18,0,2,16,5,23,6,0,6,29
03/07/2011,FOE,KS,ACE,CE,Federal Contract Tower,2,0,6,19,27,0,0,12,6,18,2,0,18,25,45,6,64,70,115
03/08/2011,FOE,KS,ACE,CE,Federal Contract Tower,2,0,3,19,24,0,0,2,0,2,2,0,5,19,26,0,0,0,26
03/09/2011,FOE,KS,ACE,CE,Federal Contract Tower,2,2,5,23,32,0,0,1,4,5,2,2,6,27,37,0,20,20,57
03/10/2011,FOE,KS,ACE,CE,Federal Contract Tower,0,3,8,42,53,0,0,10,15,25,0,3,18,57,78,18,58,76,154
03/11/2011,FOE,KS,ACE,CE,Federal Contract Tower,2,5,3,21,31,0,0,11,8,19,2,5,14,29,50,10,26,36,86
03/12/2011,FOE,KS,ACE,CE,Federal Contract Tower,2,1,1,4,8,0,0,3,0,3,2,1,4,4,11,0,0,0,11
03/13/2011,FOE,KS,ACE,CE,Federal Contract Tower,0,0,2,3,5,0,0,0,0,0,0,0,2,3,5,4,0,4,9
03/14/2011,FOE,KS,ACE,CE,Federal Contract Tower,0,0,0,4,4,0,0,1,0,1,0,0,1,4,5,0,0,0,5
03/15/2011,FOE,KS,ACE,CE,Federal Contract Tower,0,6,2,36,44,0,1,19,12,32,0,7,21,48,76,2,70,72,148
03/16/2011,FOE,KS,ACE,CE,Federal Contract Tower,0,2,0,24,26,0,2,5,12,19,0,4,5,36,45,8,16,24,69
03/17/2011,FOE,KS,ACE,CE,Federal Contract Tower,0,0,8,8,16,0,0,1,0,1,0,0,9,8,17,4,2,6,23
03/18/2011,FOE,KS,ACE,CE,Federal Contract Tower,0,0,8,16,24,0,0,5,3,8,0,0,13,19,32,0,10,10,42
03/19/2011,FOE,KS,ACE,CE,Federal Contract Tower,0,0,4,4,8,0,0,4,0,4,0,0,8,4,12,6,0,6,18
03/20/2011,FOE,KS,ACE,CE,Federal Contract Tower,0,0,1,2,3,0,0,6,0,6,0,0,7,2,9,0,0,0,9
03/21/2011,FOE,KS,ACE,CE,Federal Contract Tower,0,0,4,20,24,0,0,8,1,9,0,0,12,21,33,2,2,4,37
03/22/2011,FOE,KS,ACE,CE,Federal Contract Tower,0,0,2,6,8,0,0,0,0,0,0,0,2,6,8,0,16,16,24
03/23/2011,FOE,KS,ACE,CE,Federal Contract Tower,2,1,3,38,44,0,0,6,5,11,2,1,9,43,55,0,60,60,115
03/24/2011,FOE,KS,ACE,CE,Federal Contract Tower,0,4,8,12,24,0,0,14,10,24,0,4,22,22,48,6,32,38,86
03/25/2011,FOE,KS,ACE,CE,Federal Contract Tower,0,0,6,11,17,0,0,1,4,5,0,0,7,15,22,0,12,12,34
03/26/2011,FOE,KS,ACE,CE,Federal Contract Tower,0,0,3,4,7,0,0,0,0,0,0,0,3,4,7,0,0,0,7
03/27/2011,FOE,KS,ACE,CE,Federal Contract Tower,0,0,3,3,6,0,0,4,0,4,0,0,7,3,10,6,0,6,16
03/28/2011,FOE,KS,ACE,CE,Federal Contract Tower,0,3,7,45,55,0,0,0,0,0,0,3,7,45,55,0,8,8,63
03/29/2011,FOE,KS,ACE,CE,Federal Contract Tower,0,0,8,45,53,0,0,10,7,17,0,0,18,52,70,0,124,124,194
03/30/2011,FOE,KS,ACE,CE,Federal Contract Tower,0,1,4,25,30,0,0,3,11,14,0,1,7,36,44,12,40,52,96
03/31/2011,FOE,KS,ACE,CE,Federal Contract Tower,0,3,7,45,55,0,0,0,0,0,0,3,7,45,55,0,8,8,63
04/01/2011,FOE,KS,ACE,CE,Federal Contract Tower,0,0,8,14,22,0,0,7,4,11,0,0,15,18,33,16,4,20,53
04/02/2011,FOE,KS,ACE,CE,Federal Contract Tower,0,2,0,1,3,0,0,14,6,20,0,2,14,7,23,6,0,6,29
04/03/2011,FOE,KS,ACE,CE,Federal Contract Tower,0,2,0,5,7,0,0,5,0,5,0,2,5,5,12,0,0,0,12
04/04/2011,FOE,KS,ACE,CE,Federal Contract Tower,1,2,8,19,30,0,0,10,7,17,1,2,18,26,47,10,18,28,75
04/05/2011,FOE,KS,ACE,CE,Federal Contract Tower,0,0,7,31,38,0,0,10,9,19,0,0,17,40,57,0,30,30,87
04/06/2011,FOE,KS,ACE,CE,Federal Contract Tower,0,0,9,27,36,0,0,14,2,16,0,0,23,29,52,0,76,76,128
04/07/2011,FOE,KS,ACE,CE,Federal Contract Tower,0,0,6,30,36,0,0,7,2,9,0,0,13,32,45,0,32,32,77
04/08/2011,FOE,KS,ACE,CE,Federal Contract Tower,0,2,2,39,43,0,0,0,0,0,0,2,2,39,43,0,0,0,43
04/09/2011,FOE,KS,ACE,CE,Federal Contract Tower,0,0,1,6,7,0,0,6,0,6,0,0,7,6,13,0,0,0,13
04/10/2011,FOE,KS,ACE,CE,Federal Contract Tower,0,0,6,1,7,0,1,4,2,7,0,1,10,3,14,0,0,0,14
04/11/2011,FOE,KS,ACE,CE,Federal Contract Tower,2,0,5,37,44,0,0,9,4,13,2,0,14,41,57,8,94,102,159
04/12/2011,FOE,KS,ACE,CE,Federal Contract Tower,2,0,1,21,24,0,0,20,14,34,2,0,21,35,58,10,44,54,112
04/13/2011,FOE,KS,ACE,CE,Federal Contract Tower,0,0,10,36,46,0,0,10,10,20,0,0,20,46,66,14,70,84,150
04/14/2011,FOE,KS,ACE,CE,Federal Contract Tower,0,0,5,16,21,0,0,2,2,4,0,0,7,18,25,0,48,48,73
04/15/2011,FOE,KS,ACE,CE,Federal Contract Tower,0,2,4,1,7,0,0,0,0,0,0,2,4,1,7,0,0,0,7
04/16/2011,FOE,KS,ACE,CE,Federal Contract Tower,0,2,3,6,11,0,0,5,0,5,0,2,8,6,16,0,0,0,16
04/17/2011,FOE,KS,ACE,CE,Federal Contract Tower,0,0,0,11,11,0,0,11,2,13,0,0,11,13,24,0,0,0,24
04/18/2011,FOE,KS,ACE,CE,Federal Contract Tower,0,0,5,33,38,0,0,9,4,13,0,0,14,37,51,0,84,84,135
04/19/2011,FOE,KS,ACE,CE,Federal Contract Tower,0,3,4,17,24,0,0,2,0,2,0,3,6,17,26,0,10,10,36
04/20/2011,FOE,KS,ACE,CE,Federal Contract Tower,0,0,6,30,36,0,1,7,3,11,0,1,13,33,47,18,48,66,113
04/21/2011,FOE,KS,ACE,CE,Federal Contract Tower,0,0,8,17,25,0,0,7,3,10,0,0,15,20,35,0,38,38,73
04/22/2011,FOE,KS,ACE,CE,Federal Contract Tower,2,0,2,9,13,0,0,3,3,6,2,0,5,12,19,0,0,0,19
04/23/2011,FOE,KS,ACE,CE,Federal Contract Tower,0,0,3,11,14,0,0,3,0,3,0,0,6,11,17,2,0,2,19
04/24/2011,FOE,KS,ACE,CE,Federal Contract Tower,0,0,1,7,8,0,0,0,6,6,0,0,1,13,14,0,0,0,14
04/25/2011,FOE,KS,ACE,CE,Federal Contract Tower,0,0,0,2,2,0,0,0,0,0,0,0,0,2,2,0,0,0,2
04/26/2011,FOE,KS,ACE,CE,Federal Contract Tower,0,0,3,28,31,0,0,0,1,1,0,0,3,29,32,0,34,34,66
04/27/2011,FOE,KS,ACE,CE,Federal Contract Tower,0,0,6,24,30,0,0,5,4,9,0,0,11,28,39,16,40,56,95
04/28/2011,FOE,KS,ACE,CE,Federal Contract Tower,2,2,6,19,29,0,0,13,7,20,2,2,19,26,49,24,42,66,115
04/29/2011,FOE,KS,ACE,CE,Federal Contract Tower,0,0,4,17,21,0,2,1,5,8,0,2,5,22,29,4,2,6,35
04/30/2011,FOE,KS,ACE,CE,Federal Contract Tower,0,0,4,7,11,0,0,10,0,10,0,0,14,7,21,0,2,2,23
05/01/2011,FOE,KS,ACE,CE,Federal Contract Tower,0,0,1,8,9,0,0,17,0,17,0,0,18,8,26,0,12,12,38
05/02/2011,FOE,KS,ACE,CE,Federal Contract Tower,0,0,5,40,45,0,0,18,9,27,0,0,23,49,72,10,76,86,158
05/03/2011,FOE,KS,ACE,CE,Federal Contract Tower,0,3,4,21,28,0,10,17,0,27,0,13,21,21,55,14,84,98,153
05/04/2011,FOE,KS,ACE,CE,Federal Contract Tower,0,0,4,26,30,0,0,9,10,19,0,0,13,36,49,0,72,72,121
05/05/2011,FOE,KS,ACE,CE,Federal Contract Tower,0,3,9,17,29,0,0,4,6,10,0,3,13,23,39,0,52,52,91
05/06/2011,FOE,KS,ACE,CE,Federal Contract Tower,0,0,6,26,32,0,0,8,3,11,0,0,14,29,43,6,28,34,77
05/07/2011,FOE,KS,ACE,CE,Federal Contract Tower,0,0,3,3,6,0,0,9,3,12,0,0,12,6,18,16,4,20,38
05/08/2011,FOE,KS,ACE,CE,Federal Contract Tower,0,0,0,2,2,0,0,10,0,10,0,0,10,2,12,0,0,0,12
05/09/2011,FOE,KS,ACE,CE,Federal Contract Tower,0,0,2,30,32,0,4,15,2,21,0,4,17,32,53,0,26,26,79
05/10/2011,FOE,KS,ACE,CE,Federal Contract Tower,0,0,2,29,31,0,0,19,4,23,0,0,21,33,54,0,30,30,84
05/11/2011,FOE,KS,ACE,CE,Federal Contract Tower,0,0,7,16,23,0,0,2,4,6,0,0,9,20,29,0,64,64,93
05/12/2011,FOE,KS,ACE,CE,Federal Contract Tower,0,2,8,41,51,0,0,11,9,20,0,2,19,50,71,6,72,78,149
05/13/2011,FOE,KS,ACE,CE,Federal Contract Tower,0,2,4,6,12,0,0,4,0,4,0,2,8,6,16,0,0,0,16
05/14/2011,FOE,KS,ACE,CE,Federal Contract Tower,0,0,4,12,16,0,0,14,0,14,0,0,18,12,30,2,0,2,32
05/15/2011,FOE,KS,ACE,CE,Federal Contract Tower,0,0,4,9,13,0,2,12,0,14,0,2,16,9,27,0,0,0,27
05/16/2011,FOE,KS,ACE,CE,Federal Contract Tower,0,3,4,22,29,0,4,9,5,18,0,7,13,27,47,10,14,24,71
05/17/2011,FOE,KS,ACE,CE,Federal Contract Tower,0,1,1,24,26,0,0,19,12,31,0,1,20,36,57,14,82,96,153
05/18/2011,FOE,KS,ACE,CE,Federal Contract Tower,0,0,2,21,23,0,0,3,5,8,0,0,5,26,31,0,74,74,105
05/19/2011,FOE,KS,ACE,CE,Federal Contract Tower,1,0,2,14,17,0,0,0,5,5,1,0,2,19,22,0,54,54,76
05/20/2011,FOE,KS,ACE,CE,Federal Contract Tower,0,5,12,4,21,0,0,3,1,4,0,5,15,5,25,0,0,0,25
05/21/2011,FOE,KS,ACE,CE,Federal Contract Tower,0,0,8,8,16,0,0,10,2,12,0,0,18,10,28,0,20,20,48
05/22/2011,FOE,KS,ACE,CE,Federal Contract Tower,0,1,16,9,26,0,0,36,0,36,0,1,52,9,62,4,0,4,66
05/23/2011,FOE,KS,ACE,CE,Federal Contract Tower,0,0,8,8,16,0,0,6,9,15,0,0,14,17,31,0,2,2,33
05/24/2011,FOE,KS,ACE,CE,Federal Contract Tower,4,7,7,10,28,0,0,0,5,5,4,7,7,15,33,0,2,2,35
05/25/2011,FOE,KS,ACE,CE,Federal Contract Tower,0,4,4,0,8,0,0,5,0,5,0,4,9,0,13,0,0,0,13
05/26/2011,FOE,KS,ACE,CE,Federal Contract Tower,0,1,7,25,33,0,0,9,10,19,0,1,16,35,52,0,30,30,82
05/27/2011,FOE,KS,ACE,CE,Federal Contract Tower,0,0,6,9,15,0,0,7,2,9,0,0,13,11,24,0,0,0,24
05/28/2011,FOE,KS,ACE,CE,Federal Contract Tower,0,0,3,0,3,0,0,5,0,5,0,0,8,0,8,0,0,0,8
05/29/2011,FOE,KS,ACE,CE,Federal Contract Tower,0,0,2,0,2,0,0,4,0,4,0,0,6,0,6,0,0,0,6
05/30/2011,FOE,KS,ACE,CE,Federal Contract Tower,0,0,3,4,7,0,0,2,0,2,0,0,5,4,9,0,0,0,9
05/31/2011,FOE,KS,ACE,CE,Federal Contract Tower,0,0,5,33,38,0,4,15,3,22,0,4,20,36,60,0,16,16,76
06/01/2011,FOE,KS,ACE,CE,Federal Contract Tower,1,0,5,8,14,0,0,8,3,11,1,0,13,11,25,0,2,2,27
06/02/2011,FOE,KS,ACE,CE,Federal Contract Tower,2,0,6,12,20,0,0,6,8,14,2,0,12,20,34,0,10,10,44
06/03/2011,FOE,KS,ACE,CE,Federal Contract Tower,0,2,5,10,17,0,0,6,5,11,0,2,11,15,28,0,20,20,48
06/04/2011,FOE,KS,ACE,CE,Federal Contract Tower,0,0,3,13,16,0,1,43,4,48,0,1,46,17,64,4,14,18,82
06/05/2011,FOE,KS,ACE,CE,Federal Contract Tower,0,0,3,5,8,0,0,9,1,10,0,0,12,6,18,0,12,12,30
06/06/2011,FOE,KS,ACE,CE,Federal Contract Tower,0,0,3,39,42,0,0,14,5,19,0,0,17,44,61,4,56,60,121
06/07/2011,FOE,KS,ACE,CE,Federal Contract Tower,0,0,7,25,32,0,0,9,11,20,0,0,16,36,52,0,68,68,120
06/08/2011,FOE,KS,ACE,CE,Federal Contract Tower,0,1,9,18,28,0,0,4,11,15,0,1,13,29,43,0,22,22,65
06/09/2011,FOE,KS,ACE,CE,Federal Contract Tower,0,0,6,14,20,0,0,7,7,14,0,0,13,21,34,0,12,12,46
06/10/2011,FOE,KS,ACE,CE,Federal Contract Tower,0,0,6,22,28,0,0,2,1,3,0,0,8,23,31,0,12,12,43
06/11/2011,FOE,KS,ACE,CE,Federal Contract Tower,0,1,5,6,12,0,0,13,0,13,0,1,18,6,25,0,0,0,25
06/12/2011,FOE,KS,ACE,CE,Federal Contract Tower,0,0,8,1,9,0,2,8,0,10,0,2,16,1,19,0,0,0,19
06/13/2011,FOE,KS,ACE,CE,Federal Contract Tower,0,0,2,16,18,0,0,10,0,10,0,0,12,16,28,6,0,6,34
06/14/2011,FOE,KS,ACE,CE,Federal Contract Tower,2,0,11,34,47,0,0,14,1,15,2,0,25,35,62,6,72,78,140
06/15/2011,FOE,KS,ACE,CE,Federal Contract Tower,0,0,6,17,23,0,0,6,3,9,0,0,12,20,32,0,38,38,70
06/16/2011,FOE,KS,ACE,CE,Federal Contract Tower,0,0,8,6,14,0,0,8,4,12,0,0,16,10,26,0,0,0,26
06/17/2011,FOE,KS,ACE,CE,Federal Contract Tower,2,0,5,4,11,0,0,5,8,13,2,0,10,12,24,0,2,2,26
06/18/2011,FOE,KS,ACE,CE,Federal Contract Tower,0,0,1,0,1,0,0,5,0,5,0,0,6,0,6,2,0,2,8
06/19/2011,FOE,KS,ACE,CE,Federal Contract Tower,0,0,1,4,5,0,0,6,0,6,0,0,7,4,11,0,0,0,11
06/20/2011,FOE,KS,ACE,CE,Federal Contract Tower,0,0,3,8,11,0,0,7,0,7,0,0,10,8,18,0,0,0,18
06/21/2011,FOE,KS,ACE,CE,Federal Contract Tower,0,9,15,24,48,0,0,15,17,32,0,9,30,41,80,0,64,64,144
06/22/2011,FOE,KS,ACE,CE,Federal Contract Tower,0,2,4,39,45,0,0,9,10,19,0,2,13,49,64,0,68,68,132
06/23/2011,FOE,KS,ACE,CE,Federal Contract Tower,0,0,7,20,27,0,0,23,21,44,0,0,30,41,71,4,26,30,101
06/24/2011,FOE,KS,ACE,CE,Federal Contract Tower,0,0,7,7,14,0,0,9,6,15,0,0,16,13,29,0,0,0,29
06/25/2011,FOE,KS,ACE,CE,Federal Contract Tower,0,0,1,2,3,0,0,3,0,3,0,0,4,2,6,0,0,0,6
06/26/2011,FOE,KS,ACE,CE,Federal Contract Tower,0,0,0,4,4,0,2,8,0,10,0,2,8,4,14,0,0,0,14
06/27/2011,FOE,KS,ACE,CE,Federal Contract Tower,0,0,5,28,33,0,0,16,2,18,0,0,21,30,51,6,36,42,93
06/28/2011,FOE,KS,ACE,CE,Federal Contract Tower,0,0,2,30,32,0,0,31,0,31,0,0,33,30,63,2,52,54,117
06/29/2011,FOE,KS,ACE,CE,Federal Contract Tower,2,0,3,17,22,0,0,5,6,11,2,0,8,23,33,2,24,26,59
06/30/2011,FOE,KS,ACE,CE,Federal Contract Tower,0,2,5,39,46,0,1,6,3,10,0,3,11,42,56,0,44,44,100
07/01/2011,FOE,KS,ACE,CE,Federal Contract Tower,0,0,4,2,6,0,2,7,2,11,0,2,11,4,17,0,0,0,17
07/02/2011,FOE,KS,ACE,CE,Federal Contract Tower,2,2,0,2,6,0,0,4,0,4,2,2,4,2,10,0,0,0,10
07/03/2011,FOE,KS,ACE,CE,Federal Contract Tower,0,0,3,2,5,0,0,5,0,5,0,0,8,2,10,4,0,4,14
07/04/2011,FOE,KS,ACE,CE,Federal Contract Tower,0,0,2,2,4,0,0,11,0,11,0,0,13,2,15,0,0,0,15
07/05/2011,FOE,KS,ACE,CE,Federal Contract Tower,0,0,3,16,19,0,0,11,2,13,0,0,14,18,32,0,14,14,46
07/06/2011,FOE,KS,ACE,CE,Federal Contract Tower,0,2,5,8,15,0,0,0,15,15,0,2,5,23,30,2,18,20,50
07/07/2011,FOE,KS,ACE,CE,Federal Contract Tower,0,2,0,14,16,0,0,3,15,18,0,2,3,29,34,0,14,14,48
07/08/2011,FOE,KS,ACE,CE,Federal Contract Tower,0,0,5,8,13,0,0,5,15,20,0,0,10,23,33,0,20,20,53
07/09/2011,FOE,KS,ACE,CE,Federal Contract Tower,0,0,1,6,7,0,0,7,3,10,0,0,8,9,17,4,16,20,37
07/10/2011,FOE,KS,ACE,CE,Federal Contract Tower,0,0,2,10,12,0,0,4,15,19,0,0,6,25,31,0,0,0,31
07/11/2011,FOE,KS,ACE,CE,Federal Contract Tower,2,2,1,38,43,0,0,10,8,18,2,2,11,46,61,2,60,62,123
07/12/2011,FOE,KS,ACE,CE,Federal Contract Tower,0,4,9,24,37,0,1,10,2,13,0,5,19,26,50,4,36,40,90
07/13/2011,FOE,KS,ACE,CE,Federal Contract Tower,0,0,7,34,41,0,0,9,6,15,0,0,16,40,56,0,34,34,90
07/14/2011,FOE,KS,ACE,CE,Federal Contract Tower,0,2,2,19,23,0,0,8,9,17,0,2,10,28,40,0,40,40,80
07/15/2011,FOE,KS,ACE,CE,Federal Contract Tower,0,3,6,37,46,0,0,10,13,23,0,3,16,50,69,4,20,24,93
07/16/2011,FOE,KS,ACE,CE,Federal Contract Tower,0,2,3,12,17,0,0,5,1,6,0,2,8,13,23,0,10,10,33
07/17/2011,FOE,KS,ACE,CE,Federal Contract Tower,0,0,1,12,13,0,0,11,1,12,0,0,12,13,25,2,6,8,33
07/18/2011,FOE,KS,ACE,CE,Federal Contract Tower,0,2,5,42,49,0,0,8,16,24,0,2,13,58,73,6,86,92,165
07/19/2011,FOE,KS,ACE,CE,Federal Contract Tower,0,2,9,47,58,0,0,7,4,11,0,2,16,51,69,6,116,122,191
07/20/2011,FOE,KS,ACE,CE,Federal Contract Tower,0,4,8,28,40,0,0,11,10,21,0,4,19,38,61,6,30,36,97
07/21/2011,FOE,KS,ACE,CE,Federal Contract Tower,0,0,6,16,22,0,0,3,3,6,0,0,9,19,28,0,74,74,102
07/22/2011,FOE,KS,ACE,CE,Federal Contract Tower,0,0,9,30,39,0,0,9,5,14,0,0,18,35,53,0,8,8,61
07/23/2011,FOE,KS,ACE,CE,Federal Contract Tower,0,0,7,2,9,0,0,3,0,3,0,0,10,2,12,2,0,2,14
07/24/2011,FOE,KS,ACE,CE,Federal Contract Tower,0,4,7,7,18,0,0,7,0,7,0,4,14,7,25,4,4,8,33
07/25/2011,FOE,KS,ACE,CE,Federal Contract Tower,0,0,5,43,48,0,0,13,0,13,0,0,18,43,61,0,114,114,175
07/26/2011,FOE,KS,ACE,CE,Federal Contract Tower,0,4,2,11,17,0,0,0,0,0,0,4,2,11,17,2,48,50,67
07/27/2011,FOE,KS,ACE,CE,Federal Contract Tower,0,2,6,27,35,0,0,2,0,2,0,2,8,27,37,0,42,42,79
07/28/2011,FOE,KS,ACE,CE,Federal Contract Tower,0,1,1,7,9,0,0,10,1,11,0,1,11,8,20,0,18,18,38
07/29/2011,FOE,KS,ACE,CE,Federal Contract Tower,0,0,5,12,17,0,0,7,2,9,0,0,12,14,26,0,24,24,50
07/30/2011,FOE,KS,ACE,CE,Federal Contract Tower,0,0,3,10,13,0,0,1,5,6,0,0,4,15,19,0,16,16,35
07/31/2011,FOE,KS,ACE,CE,Federal Contract Tower,0,0,1,37,38,0,0,7,0,7,0,0,8,37,45,4,58,62,107
08/01/2011,FOE,KS,ACE,CE,Federal Contract Tower,0,0,2,10,12,0,0,1,0,1,0,0,3,10,13,0,16,16,29
08/02/2011,FOE,KS,ACE,CE,Federal Contract Tower,0,0,10,37,47,0,0,0,0,0,0,0,10,37,47,6,42,48,95
08/03/2011,FOE,KS,ACE,CE,Federal Contract Tower,0,0,2,60,62,0,0,1,0,1,0,0,3,60,63,0,54,54,117
08/04/2011,FOE,KS,ACE,CE,Federal Contract Tower,0,0,6,14,20,0,0,0,0,0,0,0,6,14,20,0,2,2,22
08/05/2011,FOE,KS,ACE,CE,Federal Contract Tower,0,0,5,18,23,0,0,2,0,2,0,0,7,18,25,0,24,24,49
08/06/2011,FOE,KS,ACE,CE,Federal Contract Tower,0,0,4,6,10,0,0,1,0,1,0,0,5,6,11,0,0,0,11
08/07/2011,FOE,KS,ACE,CE,Federal Contract Tower,0,0,1,5,6,0,0,6,0,6,0,0,7,5,12,0,22,22,34
08/08/2011,FOE,KS,ACE,CE,Federal Contract Tower,2,3,2,13,20,0,0,7,0,7,2,3,9,13,27,10,22,32,59
08/09/2011,FOE,KS,ACE,CE,Federal Contract Tower,0,0,3,48,51,0,0,6,2,8,0,0,9,50,59,14,134,148,207
08/10/2011,FOE,KS,ACE,CE,Federal Contract Tower,0,0,7,17,24,0,0,0,0,0,0,0,7,17,24,6,38,44,68
08/11/2011,FOE,KS,ACE,CE,Federal Contract Tower,2,2,1,60,65,0,0,1,0,1,2,2,2,60,66,0,118,118,184
08/12/2011,FOE,KS,ACE,CE,Federal Contract Tower,0,0,4,4,8,0,0,2,0,2,0,0,6,4,10,0,14,14,24
08/13/2011,FOE,KS,ACE,CE,Federal Contract Tower,0,0,1,3,4,0,0,1,0,1,0,0,2,3,5,4,0,4,9
08/14/2011,FOE,KS,ACE,CE,Federal Contract Tower,0,0,2,8,10,0,0,5,0,5,0,0,7,8,15,0,0,0,15
08/15/2011,FOE,KS,ACE,CE,Federal Contract Tower,2,0,0,7,9,0,0,5,0,5,2,0,5,7,14,0,0,0,14
08/16/2011,FOE,KS,ACE,CE,Federal Contract Tower,0,0,10,15,25,0,0,10,4,14,0,0,20,19,39,0,60,60,99
08/17/2011,FOE,KS,ACE,CE,Federal Contract Tower,1,0,2,24,27,0,0,4,11,15,1,0,6,35,42,0,2,2,44
08/18/2011,FOE,KS,ACE,CE,Federal Contract Tower,1,0,18,36,55,0,0,5,27,32,1,0,23,63,87,2,56,58,145
08/19/2011,FOE,KS,ACE,CE,Federal Contract Tower,0,0,3,20,23,0,0,4,9,13,0,0,7,29,36,8,4,12,48
08/20/2011,FOE,KS,ACE,CE,Federal Contract Tower,0,2,1,4,7,0,0,0,14,14,0,2,1,18,21,0,0,0,21
08/21/2011,FOE,KS,ACE,CE,Federal Contract Tower,0,2,7,18,27,0,0,0,0,0,0,2,7,18,27,4,20,24,51
08/22/2011,FOE,KS,ACE,CE,Federal Contract Tower,0,6,11,17,34,0,0,16,1,17,0,6,27,18,51,0,28,28,79
08/23/2011,FOE,KS,ACE,CE,Federal Contract Tower,0,0,9,25,34,0,0,10,21,31,0,0,19,46,65,26,128,154,219
08/24/2011,FOE,KS,ACE,CE,Federal Contract Tower,2,0,12,29,43,0,0,24,4,28,2,0,36,33,71,0,18,18,89
08/25/2011,FOE,KS,ACE,CE,Federal Contract Tower,1,2,8,22,33,0,0,31,21,52,1,2,39,43,85,20,66,86,171
08/26/2011,FOE,KS,ACE,CE,Federal Contract Tower,0,0,6,55,61,0,0,4,9,13,0,0,10,64,74,24,62,86,160
08/27/2011,FOE,KS,ACE,CE,Federal Contract Tower,0,1,5,13,19,0,0,7,6,13,0,1,12,19,32,40,2,42,74
08/28/2011,FOE,KS,ACE,CE,Federal Contract Tower,0,0,5,5,10,0,0,16,0,16,0,0,21,5,26,12,6,18,44
08/29/2011,FOE,KS,ACE,CE,Federal Contract Tower,0,0,9,35,44,0,9,14,2,25,0,9,23,37,69,18,38,56,125
08/30/2011,FOE,KS,ACE,CE,Federal Contract Tower,0,4,5,19,28,0,0,14,9,23,0,4,19,28,51,22,48,70,121
08/31/2011,FOE,KS,ACE,CE,Federal Contract Tower,0,0,4,22,26,0,0,17,11,28,0,0,21,33,54,0,32,32,86
09/01/2011,FOE,KS,ACE,CE,Federal Contract Tower,0,1,13,22,36,0,0,20,16,36,0,1,33,38,72,2,46,48,120
09/02/2011,FOE,KS,ACE,CE,Federal Contract Tower,0,0,0,9,9,0,0,8,14,22,0,0,8,23,31,0,2,2,33
09/03/2011,FOE,KS,ACE,CE,Federal Contract Tower,0,0,2,4,6,0,0,2,0,2,0,0,4,4,8,0,0,0,8
09/04/2011,FOE,KS,ACE,CE,Federal Contract Tower,0,0,1,2,3,0,0,4,1,5,0,0,5,3,8,2,0,2,10
09/05/2011,FOE,KS,ACE,CE,Federal Contract Tower,0,0,2,0,2,0,0,0,0,0,0,0,2,0,2,2,0,2,4
09/06/2011,FOE,KS,ACE,CE,Federal Contract Tower,0,0,6,18,24,0,0,10,7,17,0,0,16,25,41,10,48,58,99
09/07/2011,FOE,KS,ACE,CE,Federal Contract Tower,0,0,8,54,62,0,0,20,21,41,0,0,28,75,103,6,150,156,259
09/08/2011,FOE,KS,ACE,CE,Federal Contract Tower,0,0,11,46,57,0,0,21,44,65,0,0,32,90,122,10,108,118,240
09/09/2011,FOE,KS,ACE,CE,Federal Contract Tower,2,4,3,35,44,0,0,5,6,11,2,4,8,41,55,0,10,10,65
09/10/2011,FOE,KS,ACE,CE,Federal Contract Tower,0,0,5,7,12,0,0,31,2,33,0,0,36,9,45,2,8,10,55
09/11/2011,FOE,KS,ACE,CE,Federal Contract Tower,1,3,5,53,62,0,2,28,12,42,1,5,33,65,104,22,62,84,188
09/12/2011,FOE,KS,ACE,CE,Federal Contract Tower,0,3,9,33,45,0,0,17,3,20,0,3,26,36,65,0,64,64,129
09/13/2011,FOE,KS,ACE,CE,Federal Contract Tower,0,3,10,15,28,0,0,5,5,10,0,3,15,20,38,6,6,12,50
09/14/2011,FOE,KS,ACE,CE,Federal Contract Tower,0,2,13,51,66,0,0,12,7,19,0,2,25,58,85,0,118,118,203
09/15/2011,FOE,KS,ACE,CE,Federal Contract Tower,0,5,12,15,32,0,0,21,13,34,0,5,33,28,66,0,4,4,70
09/16/2011,FOE,KS,ACE,CE,Federal Contract Tower,2,3,3,28,36,0,0,1,0,1,2,3,4,28,37,4,0,4,41
09/17/2011,FOE,KS,ACE,CE,Federal Contract Tower,2,0,2,7,11,0,0,0,0,0,2,0,2,7,11,0,0,0,11
09/18/2011,FOE,KS,ACE,CE,Federal Contract Tower,0,1,2,18,21,0,0,6,1,7,0,1,8,19,28,0,6,6,34
09/19/2011,FOE,KS,ACE,CE,Federal Contract Tower,2,1,9,36,48,0,0,24,6,30,2,1,33,42,78,0,48,48,126
09/20/2011,FOE,KS,ACE,CE,Federal Contract Tower,0,2,4,16,22,0,0,4,0,4,0,2,8,16,26,0,28,28,54
09/21/2011,FOE,KS,ACE,CE,Federal Contract Tower,1,1,1,11,14,0,0,5,14,19,1,1,6,25,33,0,48,48,81
09/22/2011,FOE,KS,ACE,CE,Federal Contract Tower,0,3,2,52,57,0,0,8,43,51,0,3,10,95,108,0,84,84,192
09/23/2011,FOE,KS,ACE,CE,Federal Contract Tower,0,5,11,33,49,0,0,8,2,10,0,5,19,35,59,4,14,18,77
09/24/2011,FOE,KS,ACE,CE,Federal Contract Tower,0,0,2,5,7,0,0,7,0,7,0,0,9,5,14,8,0,8,22
09/25/2011,FOE,KS,ACE,CE,Federal Contract Tower,0,1,2,2,5,0,0,9,0,9,0,1,11,2,14,0,0,0,14
09/26/2011,FOE,KS,ACE,CE,Federal Contract Tower,0,0,6,23,29,0,0,6,1,7,0,0,12,24,36,0,0,0,36
09/27/2011,FOE,KS,ACE,CE,Federal Contract Tower,0,0,5,13,18,0,0,6,0,6,0,0,11,13,24,14,2,16,40
09/28/2011,FOE,KS,ACE,CE,Federal Contract Tower,0,0,5,10,15,0,0,14,3,17,0,0,19,13,32,2,0,2,34
09/29/2011,FOE,KS,ACE,CE,Federal Contract Tower,0,0,7,8,15,0,0,6,6,12,0,0,13,14,27,0,26,26,53
09/30/2011,FOE,KS,ACE,CE,Federal Contract Tower,0,4,2,2,8,0,1,12,8,21,0,5,14,10,29,0,10,10,39
10/01/2011,FOE,KS,ACE,CE,Federal Contract Tower,0,0,1,3,4,0,0,5,2,7,0,0,6,5,11,0,2,2,13
10/02/2011,FOE,KS,ACE,CE,Federal Contract Tower,4,2,6,7,19,0,0,16,0,16,4,2,22,7,35,0,0,0,35
10/03/2011,FOE,KS,ACE,CE,Federal Contract Tower,0,0,8,23,31,0,0,4,1,5,0,0,12,24,36,0,17,17,53
10/04/2011,FOE,KS,ACE,CE,Federal Contract Tower,0,1,11,18,30,0,0,14,23,37,0,1,25,41,67,4,32,36,103
10/05/2011,FOE,KS,ACE,CE,Federal Contract Tower,2,0,6,39,47,0,0,2,30,32,2,0,8,69,79,0,89,89,168
10/06/2011,FOE,KS,ACE,CE,Federal Contract Tower,0,0,8,29,37,0,2,5,8,15,0,2,13,37,52,2,21,23,75
10/07/2011,FOE,KS,ACE,CE,Federal Contract Tower,4,1,8,4,17,0,0,1,2,3,4,1,9,6,20,0,0,0,20
10/08/2011,FOE,KS,ACE,CE,Federal Contract Tower,2,0,2,4,8,0,0,4,0,4,2,0,6,4,12,4,0,4,16
10/09/2011,FOE,KS,ACE,CE,Federal Contract Tower,0,1,7,0,8,0,0,8,0,8,0,1,15,0,16,0,0,0,16
10/10/2011,FOE,KS,ACE,CE,Federal Contract Tower,0,4,5,2,11,0,0,2,0,2,0,4,7,2,13,0,0,0,13
10/11/2011,FOE,KS,ACE,CE,Federal Contract Tower,0,1,5,49,55,0,0,9,5,14,0,1,14,54,69,0,88,88,157
10/12/2011,FOE,KS,ACE,CE,Federal Contract Tower,0,2,2,21,25,0,0,17,1,18,0,2,19,22,43,8,122,130,173
10/13/2011,FOE,KS,ACE,CE,Federal Contract Tower,0,0,12,47,59,0,0,25,14,39,0,0,37,61,98,6,112,118,216
10/14/2011,FOE,KS,ACE,CE,Federal Contract Tower,0,0,4,21,25,0,0,13,6,19,0,0,17,27,44,2,4,6,50
10/15/2011,FOE,KS,ACE,CE,Federal Contract Tower,1,2,2,2,7,0,0,5,0,5,1,2,7,2,12,4,0,4,16
10/16/2011,FOE,KS,ACE,CE,Federal Contract Tower,0,0,2,7,9,0,0,5,0,5,0,0,7,7,14,2,8,10,24
10/17/2011,FOE,KS,ACE,CE,Federal Contract Tower,0,0,8,30,38,0,0,4,1,5,0,0,12,31,43,0,72,72,115
10/18/2011,FOE,KS,ACE,CE,Federal Contract Tower,0,0,12,36,48,0,0,16,17,33,0,0,28,53,81,0,154,154,235
10/19/2011,FOE,KS,ACE,CE,Federal Contract Tower,0,2,3,44,49,0,0,19,6,25,0,2,22,50,74,0,62,62,136
10/20/2011,FOE,KS,ACE,CE,Federal Contract Tower,1,1,3,36,41,0,0,1,31,32,1,1,4,67,73,0,104,104,177
10/21/2011,FOE,KS,ACE,CE,Federal Contract Tower,1,1,5,31,38,0,0,7,10,17,1,1,12,41,55,6,34,40,95
10/22/2011,FOE,KS,ACE,CE,Federal Contract Tower,2,1,2,0,5,0,0,3,0,3,2,1,5,0,8,2,0,2,10
10/23/2011,FOE,KS,ACE,CE,Federal Contract Tower,2,0,2,13,17,0,0,23,3,26,2,0,25,16,43,0,56,56,99
10/24/2011,FOE,KS,ACE,CE,Federal Contract Tower,0,0,3,35,38,0,0,19,5,24,0,0,22,40,62,10,50,60,122
10/25/2011,FOE,KS,ACE,CE,Federal Contract Tower,0,3,8,22,33,0,2,8,4,14,0,5,16,26,47,0,108,108,155
10/26/2011,FOE,KS,ACE,CE,Federal Contract Tower,4,1,7,41,53,0,0,15,15,30,4,1,22,56,83,0,82,82,165
10/27/2011,FOE,KS,ACE,CE,Federal Contract Tower,0,0,2,51,53,0,0,26,14,40,0,0,28,65,93,8,84,92,185
10/28/2011,FOE,KS,ACE,CE,Federal Contract Tower,3,5,5,16,29,0,0,4,3,7,3,5,9,19,36,0,17,17,53
10/29/2011,FOE,KS,ACE,CE,Federal Contract Tower,0,0,6,2,8,0,0,4,4,8,0,0,10,6,16,6,18,24,40
10/30/2011,FOE,KS,ACE,CE,Federal Contract Tower,0,0,1,15,16,0,4,10,2,16,0,4,11,17,32,2,7,9,41
10/31/2011,FOE,KS,ACE,CE,Federal Contract Tower,0,0,0,19,19,0,9,2,0,11,0,9,2,19,30,4,68,72,102
11/01/2011,FOE,KS,ACE,CE,Federal Contract Tower,0,0,6,22,28,0,0,15,2,17,0,0,21,24,45,0,62,62,107
11/02/2011,FOE,KS,ACE,CE,Federal Contract Tower,0,2,2,8,12,0,0,2,0,2,0,2,4,8,14,0,2,2,16
11/03/2011,FOE,KS,ACE,CE,Federal Contract Tower,0,1,5,53,59,0,0,10,17,27,0,1,15,70,86,0,144,144,230
11/04/2011,FOE,KS,ACE,CE,Federal Contract Tower,5,0,3,22,30,0,0,9,7,16,5,0,12,29,46,8,18,26,72
11/05/2011,FOE,KS,ACE,CE,Federal Contract Tower,3,1,2,2,8,0,0,3,0,3,3,1,5,2,11,0,0,0,11
11/06/2011,FOE,KS,ACE,CE,Federal Contract Tower,0,0,0,6,6,0,0,15,2,17,0,0,15,8,23,0,0,0,23
11/07/2011,FOE,KS,ACE,CE,Federal Contract Tower,3,0,11,16,30,0,0,1,0,1,3,0,12,16,31,0,4,4,35
11/08/2011,FOE,KS,ACE,CE,Federal Contract Tower,1,6,1,13,21,0,0,0,2,2,1,6,1,15,23,0,16,16,39
11/09/2011,FOE,KS,ACE,CE,Federal Contract Tower,2,2,8,20,32,0,3,20,8,31,2,5,28,28,63,8,50,58,121
11/10/2011,FOE,KS,ACE,CE,Federal Contract Tower,0,0,14,25,39,0,0,17,13,30,0,0,31,38,69,2,88,90,159
11/11/2011,FOE,KS,ACE,CE,Federal Contract Tower,0,0,2,0,2,0,0,10,0,10,0,0,12,0,12,0,6,6,18
11/12/2011,FOE,KS,ACE,CE,Federal Contract Tower,2,0,1,3,6,0,0,5,0,5,2,0,6,3,11,0,0,0,11
11/13/2011,FOE,KS,ACE,CE,Federal Contract Tower,0,1,5,6,12,0,0,9,0,9,0,1,14,6,21,2,16,18,39
11/14/2011,FOE,KS,ACE,CE,Federal Contract Tower,0,0,5,52,57,0,0,12,2,14,0,0,17,54,71,0,136,136,207
11/15/2011,FOE,KS,ACE,CE,Federal Contract Tower,0,2,12,32,46,0,0,5,1,6,0,2,17,33,52,0,80,80,132
11/16/2011,FOE,KS,ACE,CE,Federal Contract Tower,0,3,10,24,37,0,0,2,17,19,0,3,12,41,56,36,108,144,200
11/17/2011,FOE,KS,ACE,CE,Federal Contract Tower,2,3,18,33,56,0,4,12,6,22,2,7,30,39,78,10,98,108,186
11/18/2011,FOE,KS,ACE,CE,Federal Contract Tower,6,2,6,9,23,0,0,1,5,6,6,2,7,14,29,0,2,2,31
11/19/2011,FOE,KS,ACE,CE,Federal Contract Tower,5,0,1,4,10,0,0,1,4,5,5,0,2,8,15,8,0,8,23
11/20/2011,FOE,KS,ACE,CE,Federal Contract Tower,2,2,4,8,16,0,2,1,0,3,2,4,5,8,19,0,0,0,19
11/21/2011,FOE,KS,ACE,CE,Federal Contract Tower,0,4,7,59,70,0,0,1,0,1,0,4,8,59,71,0,16,16,87
11/22/2011,FOE,KS,ACE,CE,Federal Contract Tower,0,3,9,37,49,0,0,0,0,0,0,3,9,37,49,0,0,0,49
11/23/2011,FOE,KS,ACE,CE,Federal Contract Tower,2,0,9,8,19,0,0,5,5,10,2,0,14,13,29,0,26,26,55
11/24/2011,FOE,KS,ACE,CE,Federal Contract Tower,0,0,3,0,3,0,0,8,0,8,0,0,11,0,11,4,0,4,15
11/25/2011,FOE,KS,ACE,CE,Federal Contract Tower,2,3,2,0,7,0,0,0,0,0,2,3,2,0,7,0,0,0,7
11/26/2011,FOE,KS,ACE,CE,Federal Contract Tower,2,0,4,0,6,0,0,4,0,4,2,0,8,0,10,0,0,0,10
11/27/2011,FOE,KS,ACE,CE,Federal Contract Tower,2,0,1,0,3,0,0,3,0,3,2,0,4,0,6,0,0,0,6
11/28/2011,FOE,KS,ACE,CE,Federal Contract Tower,0,0,5,22,27,0,0,7,16,23,0,0,12,38,50,28,20,48,98
11/29/2011,FOE,KS,ACE,CE,Federal Contract Tower,0,0,7,28,35,0,0,3,2,5,0,0,10,30,40,2,44,46,86
11/30/2011,FOE,KS,ACE,CE,Federal Contract Tower,0,2,2,24,28,0,0,14,5,19,0,2,16,29,47,12,70,82,129
12/01/2011,FOE,KS,ACE,CE,Federal Contract Tower,0,3,9,18,30,0,0,8,2,10,0,3,17,20,40,0,50,50,90
12/02/2011,FOE,KS,ACE,CE,Federal Contract Tower,1,0,12,14,27,0,0,3,7,10,1,0,15,21,37,4,4,8,45
12/03/2011,FOE,KS,ACE,CE,Federal Contract Tower,1,2,2,7,12,0,0,0,0,0,1,2,2,7,12,0,6,6,18
12/04/2011,FOE,KS,ACE,CE,Federal Contract Tower,2,0,2,13,17,0,0,24,1,25,2,0,26,14,42,10,12,22,64
12/05/2011,FOE,KS,ACE,CE,Federal Contract Tower,0,8,4,58,70,0,0,10,4,14,0,8,14,62,84,0,0,0,84
12/06/2011,FOE,KS,ACE,CE,Federal Contract Tower,5,0,2,41,48,0,0,2,3,5,5,0,4,44,53,0,84,84,137
12/07/2011,FOE,KS,ACE,CE,Federal Contract Tower,0,0,4,37,41,0,1,12,21,34,0,1,16,58,75,0,100,100,175
12/08/2011,FOE,KS,ACE,CE,Federal Contract Tower,0,0,11,26,37,0,3,19,3,25,0,3,30,29,62,28,40,68,130
12/09/2011,FOE,KS,ACE,CE,Federal Contract Tower,1,5,6,27,39,0,0,0,3,3,1,5,6,30,42,0,0,0,42
12/10/2011,FOE,KS,ACE,CE,Federal Contract Tower,1,0,0,2,3,0,0,4,0,4,1,0,4,2,7,0,0,0,7
12/11/2011,FOE,KS,ACE,CE,Federal Contract Tower,1,0,12,10,23,0,0,6,0,6,1,0,18,10,29,0,0,0,29
12/12/2011,FOE,KS,ACE,CE,Federal Contract Tower,3,0,5,44,52,0,0,8,12,20,3,0,13,56,72,0,78,78,150
12/13/2011,FOE,KS,ACE,CE,Federal Contract Tower,0,2,8,22,32,0,0,0,0,0,0,2,8,22,32,0,0,0,32
12/14/2011,FOE,KS,ACE,CE,Federal Contract Tower,0,0,10,16,26,0,0,1,6,7,0,0,11,22,33,0,8,8,41
12/15/2011,FOE,KS,ACE,CE,Federal Contract Tower,0,0,10,32,42,0,0,2,9,11,0,0,12,41,53,0,72,72,125
12/16/2011,FOE,KS,ACE,CE,Federal Contract Tower,0,0,12,51,63,0,0,5,22,27,0,0,17,73,90,2,68,70,160
12/17/2011,FOE,KS,ACE,CE,Federal Contract Tower,0,0,6,5,11,0,0,6,5,11,0,0,12,10,22,0,6,6,28
12/18/2011,FOE,KS,ACE,CE,Federal Contract Tower,0,1,7,10,18,0,0,2,4,6,0,1,9,14,24,0,0,0,24
12/19/2011,FOE,KS,ACE,CE,Federal Contract Tower,0,0,0,21,21,0,0,2,0,2,0,0,2,21,23,0,0,0,23
12/20/2011,FOE,KS,ACE,CE,Federal Contract Tower,1,1,0,0,2,0,0,0,0,0,1,1,0,0,2,0,0,0,2
12/21/2011,FOE,KS,ACE,CE,Federal Contract Tower,0,1,2,30,33,0,0,5,7,12,0,1,7,37,45,0,76,76,121
12/22/2011,FOE,KS,ACE,CE,Federal Contract Tower,0,2,6,18,26,0,0,0,5,5,0,2,6,23,31,0,8,8,39
12/23/2011,FOE,KS,ACE,CE,Federal Contract Tower,1,0,3,3,7,0,0,7,0,7,1,0,10,3,14,4,0,4,18
12/24/2011,FOE,KS,ACE,CE,Federal Contract Tower,0,0,1,0,1,0,0,8,0,8,0,0,9,0,9,0,0,0,9
12/25/2011,FOE,KS,ACE,CE,Federal Contract Tower,0,4,0,0,4,0,0,3,0,3,0,4,3,0,7,0,0,0,7
12/26/2011,FOE,KS,ACE,CE,Federal Contract Tower,0,0,2,6,8,0,0,6,0,6,0,0,8,6,14,32,0,32,46
12/27/2011,FOE,KS,ACE,CE,Federal Contract Tower,0,2,6,9,17,0,0,14,10,24,0,2,20,19,41,12,52,64,105
12/28/2011,FOE,KS,ACE,CE,Federal Contract Tower,0,0,1,20,21,0,0,24,3,27,0,0,25,23,48,6,8,14,62
12/29/2011,FOE,KS,ACE,CE,Federal Contract Tower,2,0,2,6,10,0,0,6,0,6,2,0,8,6,16,6,12,18,34
12/30/2011,FOE,KS,ACE,CE,Federal Contract Tower,1,1,2,3,7,0,0,5,0,5,1,1,7,3,12,0,0,0,12
12/31/2011,FOE,KS,ACE,CE,Federal Contract Tower,0,0,0,0,0,0,0,4,0,4,0,0,4,0,4,0,0,0,4
01/01/2012,FOE,KS,ACE,CE,Federal Contract Tower,0,1,1,0,2,0,0,5,0,5,0,1,6,0,7,0,0,0,7
01/02/2012,FOE,KS,ACE,CE,Federal Contract Tower,0,6,1,0,7,0,0,33,0,33,0,6,34,0,40,22,0,22,62
01/03/2012,FOE,KS,ACE,CE,Federal Contract Tower,4,0,4,15,23,0,0,2,7,9,4,0,6,22,32,0,52,52,84
01/04/2012,FOE,KS,ACE,CE,Federal Contract Tower,0,2,3,19,24,0,0,16,11,27,0,2,19,30,51,0,50,50,101
01/05/2012,FOE,KS,ACE,CE,Federal Contract Tower,0,1,13,31,45,0,0,19,5,24,0,1,32,36,69,12,52,64,133
01/06/2012,FOE,KS,ACE,CE,Federal Contract Tower,3,0,7,36,46,0,0,6,3,9,3,0,13,39,55,2,17,19,74
01/07/2012,FOE,KS,ACE,CE,Federal Contract Tower,2,1,2,1,6,0,0,8,9,17,2,1,10,10,23,0,8,8,31
01/08/2012,FOE,KS,ACE,CE,Federal Contract Tower,1,0,0,20,21,0,0,10,1,11,1,0,10,21,32,8,18,26,58
01/09/2012,FOE,KS,ACE,CE,Federal Contract Tower,4,0,1,41,46,0,0,8,2,10,4,0,9,43,56,0,48,48,104
01/10/2012,FOE,KS,ACE,CE,Federal Contract Tower,1,0,8,20,29,0,0,9,8,17,1,0,17,28,46,0,42,42,88
01/11/2012,FOE,KS,ACE,CE,Federal Contract Tower,0,1,8,25,34,0,0,5,3,8,0,1,13,28,42,0,10,10,52
01/12/2012,FOE,KS,ACE,CE,Federal Contract Tower,0,0,4,13,17,0,0,5,6,11,0,0,9,19,28,0,26,26,54
01/13/2012,FOE,KS,ACE,CE,Federal Contract Tower,0,1,6,25,32,0,0,7,2,9,0,1,13,27,41,4,4,8,49
01/14/2012,FOE,KS,ACE,CE,Federal Contract Tower,2,0,2,6,10,0,0,1,1,2,2,0,3,7,12,0,0,0,12
01/15/2012,FOE,KS,ACE,CE,Federal Contract Tower,1,2,2,2,7,0,0,5,1,6,1,2,7,3,13,0,0,0,13
01/16/2012,FOE,KS,ACE,CE,Federal Contract Tower,0,3,5,4,12,0,0,6,0,6,0,3,11,4,18,0,0,0,18
01/17/2012,FOE,KS,ACE,CE,Federal Contract Tower,3,5,12,32,52,0,0,11,4,15,3,5,23,36,67,4,40,44,111
01/18/2012,FOE,KS,ACE,CE,Federal Contract Tower,0,0,5,39,44,0,0,3,11,14,0,0,8,50,58,0,42,42,100
01/19/2012,FOE,KS,ACE,CE,Federal Contract Tower,0,1,3,35,39,0,0,4,11,15,0,1,7,46,54,0,64,64,118
01/20/2012,FOE,KS,ACE,CE,Federal Contract Tower,3,2,6,12,23,0,0,2,6,8,3,2,8,18,31,0,2,2,33
01/21/2012,FOE,KS,ACE,CE,Federal Contract Tower,3,2,3,4,12,0,0,6,0,6,3,2,9,4,18,0,0,0,18
01/22/2012,FOE,KS,ACE,CE,Federal Contract Tower,1,0,1,3,5,0,0,2,0,2,1,0,3,3,7,0,0,0,7
01/23/2012,FOE,KS,ACE,CE,Federal Contract Tower,0,0,2,39,41,0,0,7,14,21,0,0,9,53,62,0,44,44,106
01/24/2012,FOE,KS,ACE,CE,Federal Contract Tower,2,0,3,34,39,0,0,6,21,27,2,0,9,55,66,2,76,78,144
01/25/2012,FOE,KS,ACE,CE,Federal Contract Tower,1,1,9,56,67,0,0,5,4,9,1,1,14,60,76,0,32,32,108
01/26/2012,FOE,KS,ACE,CE,Federal Contract Tower,0,0,11,43,54,0,0,1,5,6,0,0,12,48,60,2,40,42,102
01/27/2012,FOE,KS,ACE,CE,Federal Contract Tower,1,0,22,21,44,0,0,2,0,2,1,0,24,21,46,0,2,2,48
01/28/2012,FOE,KS,ACE,CE,Federal Contract Tower,0,0,4,1,5,0,0,9,3,12,0,0,13,4,17,6,0,6,23
01/29/2012,FOE,KS,ACE,CE,Federal Contract Tower,0,0,2,6,8,0,0,6,0,6,0,0,8,6,14,0,0,0,14
01/30/2012,FOE,KS,ACE,CE,Federal Contract Tower,3,0,6,31,40,0,0,16,0,16,3,0,22,31,56,2,22,24,80
01/31/2012,FOE,KS,ACE,CE,Federal Contract Tower,1,3,7,49,60,0,0,15,14,29,1,3,22,63,89,2,48,50,139
02/01/2012,FOE,KS,ACE,CE,Federal Contract Tower,1,0,7,20,28,0,0,9,4,13,1,0,16,24,41,4,22,26,67
02/02/2012,FOE,KS,ACE,CE,Federal Contract Tower,0,0,4,34,38,0,0,12,8,20,0,0,16,42,58,2,46,48,106
02/03/2012,FOE,KS,ACE,CE,Federal Contract Tower,1,0,12,15,28,0,0,0,0,0,1,0,12,15,28,0,0,0,28
02/04/2012,FOE,KS,ACE,CE,Federal Contract Tower,0,0,2,3,5,0,0,0,0,0,0,0,2,3,5,0,0,0,5
02/05/2012,FOE,KS,ACE,CE,Federal Contract Tower,1,0,8,4,13,0,0,4,0,4,1,0,12,4,17,12,2,14,31
02/06/2012,FOE,KS,ACE,CE,Federal Contract Tower,0,2,11,58,71,0,0,22,9,31,0,2,33,67,102,0,96,96,198
02/07/2012,FOE,KS,ACE,CE,Federal Contract Tower,3,2,5,18,28,0,0,0,3,3,3,2,5,21,31,0,2,2,33
02/08/2012,FOE,KS,ACE,CE,Federal Contract Tower,0,0,7,55,62,0,0,3,8,11,0,0,10,63,73,0,26,26,99
02/09/2012,FOE,KS,ACE,CE,Federal Contract Tower,0,0,12,33,45,0,0,6,10,16,0,0,18,43,61,0,68,68,129
02/10/2012,FOE,KS,ACE,CE,Federal Contract Tower,0,0,0,38,38,0,1,0,17,18,0,1,0,55,56,0,24,24,80
02/11/2012,FOE,KS,ACE,CE,Federal Contract Tower,0,1,2,14,17,0,0,1,3,4,0,1,3,17,21,6,14,20,41
02/12/2012,FOE,KS,ACE,CE,Federal Contract Tower,0,0,5,4,9,0,0,0,1,1,0,0,5,5,10,0,0,0,10
02/13/2012,FOE,KS,ACE,CE,Federal Contract Tower,0,3,8,7,18,0,0,0,0,0,0,3,8,7,18,0,0,0,18
02/14/2012,FOE,KS,ACE,CE,Federal Contract Tower,0,3,7,23,33,0,0,5,5,10,0,3,12,28,43,8,26,34,77
02/15/2012,FOE,KS,ACE,CE,Federal Contract Tower,0,1,7,6,14,0,0,0,0,0,0,1,7,6,14,0,0,0,14
02/16/2012,FOE,KS,ACE,CE,Federal Contract Tower,0,0,4,20,24,0,0,5,9,14,0,0,9,29,38,4,30,34,72
02/17/2012,FOE,KS,ACE,CE,Federal Contract Tower,0,2,4,31,37,0,0,2,1,3,0,2,6,32,40,0,20,20,60
02/18/2012,FOE,KS,ACE,CE,Federal Contract Tower,0,5,0,4,9,0,0,15,0,15,0,5,15,4,24,2,0,2,26
02/19/2012,FOE,KS,ACE,CE,Federal Contract Tower,0,0,0,9,9,0,0,6,1,7,0,0,6,10,16,8,28,36,52
02/20/2012,FOE,KS,ACE,CE,Federal Contract Tower,2,0,1,0,3,0,0,5,0,5,2,0,6,0,8,0,0,0,8
02/21/2012,FOE,KS,ACE,CE,Federal Contract Tower,1,2,35,28,66,0,0,10,10,20,1,2,45,38,86,0,78,78,164
02/22/2012,FOE,KS,ACE,CE,Federal Contract Tower,0,0,4,27,31,0,0,8,2,10,0,0,12,29,41,0,84,84,125
02/23/2012,FOE,KS,ACE,CE,Federal Contract Tower,0,2,4,34,40,0,0,1,3,4,0,2,5,37,44,0,8,8,52
02/24/2012,FOE,KS,ACE,CE,Federal Contract Tower,0,2,9,30,41,0,0,1,7,8,0,2,10,37,49,0,46,46,95
02/25/2012,FOE,KS,ACE,CE,Federal Contract Tower,0,1,0,14,15,0,1,6,0,7,0,2,6,14,22,0,10,10,32
02/26/2012,FOE,KS,ACE,CE,Federal Contract Tower,0,3,2,8,13,0,0,5,1,6,0,3,7,9,19,4,2,6,25
02/27/2012,FOE,KS,ACE,CE,Federal Contract Tower,2,1,3,36,42,0,2,16,3,21,2,3,19,39,63,2,64,66,129
02/28/2012,FOE,KS,ACE,CE,Federal Contract Tower,0,4,8,6,18,0,0,4,2,6,0,4,12,8,24,0,12,12,36
02/29/2012,FOE,KS,ACE,CE,Federal Contract Tower,3,2,5,23,33,0,0,8,1,9,3,2,13,24,42,0,6,6,48
03/01/2012,FOE,KS,ACE,CE,Federal Contract Tower,6,2,2,25,35,0,0,5,5,10,6,2,7,30,45,2,18,20,65
03/02/2012,FOE,KS,ACE,CE,Federal Contract Tower,5,1,2,33,41,0,0,0,14,14,5,1,2,47,55,0,18,18,73
03/03/2012,FOE,KS,ACE,CE,Federal Contract Tower,2,0,2,20,24,0,0,7,1,8,2,0,9,21,32,4,20,24,56
03/04/2012,FOE,KS,ACE,CE,Federal Contract Tower,2,0,0,7,9,0,0,1,0,1,2,0,1,7,10,0,2,2,12
03/05/2012,FOE,KS,ACE,CE,Federal Contract Tower,0,0,5,35,40,0,0,18,8,26,0,0,23,43,66,6,44,50,116
03/06/2012,FOE,KS,ACE,CE,Federal Contract Tower,0,0,4,25,29,0,0,5,2,7,0,0,9,27,36,0,10,10,46
03/07/2012,FOE,KS,ACE,CE,Federal Contract Tower,0,0,4,14,18,0,0,0,6,6,0,0,4,20,24,0,4,4,28
03/08/2012,FOE,KS,ACE,CE,Federal Contract Tower,0,0,10,76,86,0,0,5,10,15,0,0,15,86,101,0,32,32,133
03/09/2012,FOE,KS,ACE,CE,Federal Contract Tower,0,0,8,45,53,0,0,3,5,8,0,0,11,50,61,2,28,30,91
03/10/2012,FOE,KS,ACE,CE,Federal Contract Tower,0,0,0,3,3,0,0,2,5,7,0,0,2,8,10,0,0,0,10
03/11/2012,FOE,KS,ACE,CE,Federal Contract Tower,0,0,4,8,12,0,0,0,0,0,0,0,4,8,12,0,0,0,12
03/12/2012,FOE,KS,ACE,CE,Federal Contract Tower,0,0,2,47,49,0,0,35,1,36,0,0,37,48,85,0,38,38,123
03/13/2012,FOE,KS,ACE,CE,Federal Contract Tower,0,2,4,48,54,0,0,10,10,20,0,2,14,58,74,0,48,48,122
03/14/2012,FOE,KS,ACE,CE,Federal Contract Tower,0,4,8,30,42,0,0,0,1,1,0,4,8,31,43,0,74,74,117
03/15/2012,FOE,KS,ACE,CE,Federal Contract Tower,0,3,7,30,40,0,0,8,7,15,0,3,15,37,55,0,8,8,63
03/16/2012,FOE,KS,ACE,CE,Federal Contract Tower,2,0,4,28,34,0,0,5,1,6,2,0,9,29,40,0,8,8,48
03/17/2012,FOE,KS,ACE,CE,Federal Contract Tower,0,0,2,0,2,0,0,5,0,5,0,0,7,0,7,0,0,0,7
03/18/2012,FOE,KS,ACE,CE,Federal Contract Tower,0,0,2,10,12,0,0,1,0,1,0,0,3,10,13,4,0,4,17
03/19/2012,FOE,KS,ACE,CE,Federal Contract Tower,0,0,6,2,8,0,0,1,0,1,0,0,7,2,9,0,0,0,9
03/20/2012,FOE,KS,ACE,CE,Federal Contract Tower,0,0,3,18,21,0,0,1,0,1,0,0,4,18,22,0,0,0,22
03/21/2012,FOE,KS,ACE,CE,Federal Contract Tower,0,1,4,30,35,0,0,0,0,0,0,1,4,30,35,0,0,0,35
03/22/2012,FOE,KS,ACE,CE,Federal Contract Tower,2,1,5,20,28,0,0,0,8,8,2,1,5,28,36,0,20,20,56
03/23/2012,FOE,KS,ACE,CE,Federal Contract Tower,0,3,12,16,31,0,0,0,5,5,0,3,12,21,36,4,16,20,56
03/24/2012,FOE,KS,ACE,CE,Federal Contract Tower,0,0,4,10,14,0,0,0,4,4,0,0,4,14,18,8,0,8,26
03/25/2012,FOE,KS,ACE,CE,Federal Contract Tower,0,0,5,2,7,0,0,2,0,2,0,0,7,2,9,0,0,0,9
03/26/2012,FOE,KS,ACE,CE,Federal Contract Tower,0,0,1,30,31,0,0,9,19,28,0,0,10,49,59,0,14,14,73
03/27/2012,FOE,KS,ACE,CE,Federal Contract Tower,0,2,3,24,29,0,2,12,12,26,0,4,15,36,55,8,84,92,147
03/28/2012,FOE,KS,ACE,CE,Federal Contract Tower,2,0,7,25,34,0,0,28,22,50,2,0,35,47,84,8,94,102,186
03/29/2012,FOE,KS,ACE,CE,Federal Contract Tower,0,3,2,38,43,0,0,16,6,22,0,3,18,44,65,0,94,94,159
03/30/2012,FOE,KS,ACE,CE,Federal Contract Tower,1,2,13,58,74,0,4,17,4,25,1,6,30,62,99,8,8,16,115
03/31/2012,FOE,KS,ACE,CE,Federal Contract Tower,1,3,5,4,13,0,0,9,0,9,1,3,14,4,22,0,0,0,22
04/01/2012,FOE,KS,ACE,CE,Federal Contract Tower,0,2,3,17,22,0,0,2,0,2,0,2,5,17,24,0,0,0,24
04/02/2012,FOE,KS,ACE,CE,Federal Contract Tower,0,2,9,24,35,0,0,14,2,16,0,2,23,26,51,0,26,26,77
04/03/2012,FOE,KS,ACE,CE,Federal Contract Tower,2,4,5,28,39,0,0,9,15,24,2,4,14,43,63,0,182,182,245
04/04/2012,FOE,KS,ACE,CE,Federal Contract Tower,0,9,8,9,26,0,0,4,3,7,0,9,12,12,33,6,0,6,39
04/05/2012,FOE,KS,ACE,CE,Federal Contract Tower,0,2,9,58,69,0,0,2,1,3,0,2,11,59,72,0,2,2,74
04/06/2012,FOE,KS,ACE,CE,Federal Contract Tower,2,1,3,29,35,0,4,7,1,12,2,5,10,30,47,0,90,90,137
04/07/2012,FOE,KS,ACE,CE,Federal Contract Tower,0,0,6,2,8,0,0,1,0,1,0,0,7,2,9,8,0,8,17
04/08/2012,FOE,KS,ACE,CE,Federal Contract Tower,0,2,1,0,3,0,0,2,0,2,0,2,3,0,5,0,0,0,5
04/09/2012,FOE,KS,ACE,CE,Federal Contract Tower,0,0,6,18,24,0,0,13,1,14,0,0,19,19,38,8,60,68,106
04/10/2012,FOE,KS,ACE,CE,Federal Contract Tower,2,0,6,48,56,0,0,9,21,30,2,0,15,69,86,0,138,138,224
04/11/2012,FOE,KS,ACE,CE,Federal Contract Tower,0,4,3,34,41,0,0,9,0,9,0,4,12,34,50,0,46,46,96
04/12/2012,FOE,KS,ACE,CE,Federal Contract Tower,0,3,1,13,17,0,0,4,4,8,0,3,5,17,25,2,34,36,61
04/13/2012,FOE,KS,ACE,CE,Federal Contract Tower,0,0,6,13,19,0,0,1,1,2,0,0,7,14,21,0,0,0,21
04/14/2012,FOE,KS,ACE,CE,Federal Contract Tower,0,0,0,4,4,0,0,5,3,8,0,0,5,7,12,0,4,4,16
04/15/2012,FOE,KS,ACE,CE,Federal Contract Tower,0,5,1,5,11,0,1,1,6,8,0,6,2,11,19,0,0,0,19
04/16/2012,FOE,KS,ACE,CE,Federal Contract Tower,0,0,5,40,45,0,10,8,2,20,0,10,13,42,65,2,116,118,183
04/17/2012,FOE,KS,ACE,CE,Federal Contract Tower,0,2,1,24,27,0,0,4,9,13,0,2,5,33,40,2,76,78,118
04/18/2012,FOE,KS,ACE,CE,Federal Contract Tower,0,0,1,31,32,0,2,5,11,18,0,2,6,42,50,2,36,38,88
04/19/2012,FOE,KS,ACE,CE,Federal Contract Tower,0,1,4,14,19,0,1,5,5,11,0,2,9,19,30,0,12,12,42
04/20/2012,FOE,KS,ACE,CE,Federal Contract Tower,0,0,8,12,20,0,0,7,1,8,0,0,15,13,28,2,0,2,30
04/21/2012,FOE,KS,ACE,CE,Federal Contract Tower,0,0,3,2,5,0,0,13,0,13,0,0,16,2,18,0,0,0,18
04/22/2012,FOE,KS,ACE,CE,Federal Contract Tower,0,0,3,15,18,0,0,3,6,9,0,0,6,21,27,0,6,6,33
04/23/2012,FOE,KS,ACE,CE,Federal Contract Tower,2,0,2,13,17,0,0,16,11,27,2,0,18,24,44,6,14,20,64
04/24/2012,FOE,KS,ACE,CE,Federal Contract Tower,0,0,2,20,22,0,0,3,6,9,0,0,5,26,31,0,20,20,51
04/25/2012,FOE,KS,ACE,CE,Federal Contract Tower,2,0,8,39,49,0,0,7,8,15,2,0,15,47,64,2,66,68,132
04/26/2012,FOE,KS,ACE,CE,Federal Contract Tower,2,0,7,34,43,0,0,8,4,12,2,0,15,38,55,0,44,44,99
04/27/2012,FOE,KS,ACE,CE,Federal Contract Tower,0,0,6,3,9,0,0,1,0,1,0,0,7,3,10,0,0,0,10
04/28/2012,FOE,KS,ACE,CE,Federal Contract Tower,0,2,6,3,11,0,0,6,0,6,0,2,12,3,17,0,0,0,17
04/29/2012,FOE,KS,ACE,CE,Federal Contract Tower,0,0,3,0,3,0,0,0,0,0,0,0,3,0,3,0,0,0,3
04/30/2012,FOE,KS,ACE,CE,Federal Contract Tower,1,1,11,22,35,0,0,6,0,6,1,1,17,22,41,0,0,0,41
05/01/2012,FOE,KS,ACE,CE,Federal Contract Tower,0,0,4,25,29,0,0,5,8,13,0,0,9,33,42,6,54,60,102
05/02/2012,FOE,KS,ACE,CE,Federal Contract Tower,0,0,1,24,25,0,0,6,9,15,0,0,7,33,40,0,42,42,82
05/03/2012,FOE,KS,ACE,CE,Federal Contract Tower,0,0,4,17,21,0,0,14,5,19,0,0,18,22,40,0,44,44,84
05/04/2012,FOE,KS,ACE,CE,Federal Contract Tower,0,0,5,32,37,0,0,11,19,30,0,0,16,51,67,4,42,46,113
05/05/2012,FOE,KS,ACE,CE,Federal Contract Tower,0,0,1,3,4,0,0,9,11,20,0,0,10,14,24,26,0,26,50
05/06/2012,FOE,KS,ACE,CE,Federal Contract Tower,0,0,7,6,13,0,0,0,0,0,0,0,7,6,13,0,0,0,13
05/07/2012,FOE,KS,ACE,CE,Federal Contract Tower,1,2,10,19,32,0,0,7,3,10,1,2,17,22,42,0,10,10,52
05/08/2012,FOE,KS,ACE,CE,Federal Contract Tower,0,2,3,45,50,0,0,6,10,16,0,2,9,55,66,10,52,62,128
05/09/2012,FOE,KS,ACE,CE,Federal Contract Tower,0,2,4,37,43,0,0,12,3,15,0,2,16,40,58,0,30,30,88
05/10/2012,FOE,KS,ACE,CE,Federal Contract Tower,0,0,4,27,31,0,0,7,11,18,0,0,11,38,49,2,32,34,83
05/11/2012,FOE,KS,ACE,CE,Federal Contract Tower,1,0,4,22,27,0,0,13,6,19,1,0,17,28,46,0,0,0,46
05/12/2012,FOE,KS,ACE,CE,Federal Contract Tower,0,0,4,4,8,0,0,3,1,4,0,0,7,5,12,0,10,10,22
05/13/2012,FOE,KS,ACE,CE,Federal Contract Tower,2,0,2,0,4,0,0,6,0,6,2,0,8,0,10,2,0,2,12
05/14/2012,FOE,KS,ACE,CE,Federal Contract Tower,0,0,5,17,22,0,0,16,3,19,0,0,21,20,41,0,34,34,75
05/15/2012,FOE,KS,ACE,CE,Federal Contract Tower,1,3,3,54,61,0,1,7,8,16,1,4,10,62,77,4,14,18,95
05/16/2012,FOE,KS,ACE,CE,Federal Contract Tower,0,0,0,21,21,0,0,13,9,22,0,0,13,30,43,0,14,14,57
05/17/2012,FOE,KS,ACE,CE,Federal Contract Tower,4,1,6,28,39,0,0,22,17,39,4,1,28,45,78,0,0,0,78
05/18/2012,FOE,KS,ACE,CE,Federal Contract Tower,0,1,9,31,41,0,0,13,9,22,0,1,22,40,63,0,24,24,87
05/19/2012,FOE,KS,ACE,CE,Federal Contract Tower,0,0,8,1,9,0,1,6,0,7,0,1,14,1,16,0,0,0,16
05/20/2012,FOE,KS,ACE,CE,Federal Contract Tower,0,0,20,7,27,0,0,17,0,17,0,0,37,7,44,6,0,6,50
05/21/2012,FOE,KS,ACE,CE,Federal Contract Tower,2,2,4,26,34,0,0,18,3,21,2,2,22,29,55,4,54,58,113
05/22/2012,FOE,KS,ACE,CE,Federal Contract Tower,0,0,2,37,39,0,0,11,11,22,0,0,13,48,61,4,0,4,65
05/23/2012,FOE,KS,ACE,CE,Federal Contract Tower,1,2,20,26,49,0,3,7,9,19,1,5,27,35,68,0,10,10,78
05/24/2012,FOE,KS,ACE,CE,Federal Contract Tower,3,4,5,21,33,0,0,7,8,15,3,4,12,29,48,0,12,12,60
05/25/2012,FOE,KS,ACE,CE,Federal Contract Tower,0,0,6,2,8,0,0,8,0,8,0,0,14,2,16,0,0,0,16
05/26/2012,FOE,KS,ACE,CE,Federal Contract Tower,2,2,2,5,11,0,0,6,0,6,2,2,8,5,17,0,0,0,17
05/27/2012,FOE,KS,ACE,CE,Federal Contract Tower,0,0,0,1,1,0,0,6,0,6,0,0,6,1,7,0,0,0,7
05/28/2012,FOE,KS,ACE,CE,Federal Contract Tower,0,2,3,0,5,0,0,6,0,6,0,2,9,0,11,0,0,0,11
05/29/2012,FOE,KS,ACE,CE,Federal Contract Tower,0,0,7,34,41,0,0,5,15,20,0,0,12,49,61,0,2,2,63
05/30/2012,FOE,KS,ACE,CE,Federal Contract Tower,2,0,8,19,29,0,0,19,8,27,2,0,27,27,56,4,4,8,64
05/31/2012,FOE,KS,ACE,CE,Federal Contract Tower,1,1,8,22,32,0,0,4,7,11,1,1,12,29,43,0,0,0,43
06/01/2012,FOE,KS,ACE,CE,Federal Contract Tower,4,0,4,8,16,0,0,10,5,15,4,0,14,13,31,0,2,2,33
06/02/2012,FOE,KS,ACE,CE,Federal Contract Tower,2,2,3,5,12,0,0,4,6,10,2,2,7,11,22,0,0,0,22
06/03/2012,FOE,KS,ACE,CE,Federal Contract Tower,2,0,4,4,10,0,0,0,2,2,2,0,4,6,12,0,0,0,12
06/04/2012,FOE,KS,ACE,CE,Federal Contract Tower,0,0,3,32,35,0,0,4,2,6,0,0,7,34,41,6,8,14,55
06/05/2012,FOE,KS,ACE,CE,Federal Contract Tower,0,1,12,27,40,0,0,12,7,19,0,1,24,34,59,0,16,16,75
06/06/2012,FOE,KS,ACE,CE,Federal Contract Tower,0,0,7,21,28,0,0,8,8,16,0,0,15,29,44,0,8,8,52
06/07/2012,FOE,KS,ACE,CE,Federal Contract Tower,0,0,7,25,32,0,0,11,8,19,0,0,18,33,51,0,18,18,69
06/08/2012,FOE,KS,ACE,CE,Federal Contract Tower,0,1,8,14,23,0,0,7,7,14,0,1,15,21,37,0,12,12,49
06/09/2012,FOE,KS,ACE,CE,Federal Contract Tower,0,0,6,3,9,0,0,19,1,20,0,0,25,4,29,0,0,0,29
06/10/2012,FOE,KS,ACE,CE,Federal Contract Tower,0,2,1,31,34,0,0,16,3,19,0,2,17,34,53,0,16,16,69
06/11/2012,FOE,KS,ACE,CE,Federal Contract Tower,0,1,6,18,25,0,0,2,6,8,0,1,8,24,33,0,28,28,61
06/12/2012,FOE,KS,ACE,CE,Federal Contract Tower,0,0,7,32,39,0,0,8,5,13,0,0,15,37,52,0,14,14,66
06/13/2012,FOE,KS,ACE,CE,Federal Contract Tower,0,0,15,15,30,0,0,6,4,10,0,0,21,19,40,0,2,2,42
06/14/2012,FOE,KS,ACE,CE,Federal Contract Tower,0,0,12,27,39,0,0,13,13,26,0,0,25,40,65,0,10,10,75
06/15/2012,FOE,KS,ACE,CE,Federal Contract Tower,0,1,10,13,24,0,0,7,1,8,0,1,17,14,32,0,0,0,32
06/16/2012,FOE,KS,ACE,CE,Federal Contract Tower,0,0,2,2,4,0,0,0,0,0,0,0,2,2,4,0,0,0,4
06/17/2012,FOE,KS,ACE,CE,Federal Contract Tower,0,1,2,16,19,0,0,6,2,8,0,1,8,18,27,0,2,2,29
06/18/2012,FOE,KS,ACE,CE,Federal Contract Tower,0,0,1,35,36,0,0,16,3,19,0,0,17,38,55,0,82,82,137
06/19/2012,FOE,KS,ACE,CE,Federal Contract Tower,0,5,9,22,36,0,0,10,0,10,0,5,19,22,46,0,0,0,46
06/20/2012,FOE,KS,ACE,CE,Federal Contract Tower,0,9,9,11,29,0,0,7,16,23,0,9,16,27,52,2,28,30,82
06/21/2012,FOE,KS,ACE,CE,Federal Contract Tower,0,0,9,27,36,0,0,4,17,21,0,0,13,44,57,0,2,2,59
06/22/2012,FOE,KS,ACE,CE,Federal Contract Tower,0,0,5,31,36,0,0,24,16,40,0,0,29,47,76,0,10,10,86
06/23/2012,FOE,KS,ACE,CE,Federal Contract Tower,2,3,1,0,6,0,0,2,2,4,2,3,3,2,10,0,0,0,10
06/24/2012,FOE,KS,ACE,CE,Federal Contract Tower,0,1,5,7,13,0,0,4,0,4,0,1,9,7,17,0,0,0,17
06/25/2012,FOE,KS,ACE,CE,Federal Contract Tower,0,0,6,35,41,0,0,38,12,50,0,0,44,47,91,34,0,34,125
06/26/2012,FOE,KS,ACE,CE,Federal Contract Tower,0,0,6,30,36,0,0,9,10,19,0,0,15,40,55,6,16,22,77
06/27/2012,FOE,KS,ACE,CE,Federal Contract Tower,0,8,9,16,33,0,0,4,18,22,0,8,13,34,55,4,8,12,67
06/28/2012,FOE,KS,ACE,CE,Federal Contract Tower,0,3,3,14,20,0,0,5,20,25,0,3,8,34,45,0,14,14,59
06/29/2012,FOE,KS,ACE,CE,Federal Contract Tower,2,0,4,34,40,0,0,12,7,19,2,0,16,41,59,4,28,32,91
06/30/2012,FOE,KS,ACE,CE,Federal Contract Tower,0,0,5,0,5,0,0,5,0,5,0,0,10,0,10,0,0,0,10
07/01/2012,FOE,KS,ACE,CE,Federal Contract Tower,0,0,3,4,7,0,0,5,1,6,0,0,8,5,13,0,0,0,13
07/02/2012,FOE,KS,ACE,CE,Federal Contract Tower,0,0,2,43,45,0,0,21,2,23,0,0,23,45,68,0,44,44,112
07/03/2012,FOE,KS,ACE,CE,Federal Contract Tower,0,0,12,23,35,0,0,20,13,33,0,0,32,36,68,24,44,68,136
07/04/2012,FOE,KS,ACE,CE,Federal Contract Tower,0,0,1,0,1,0,0,3,0,3,0,0,4,0,4,0,0,0,4
07/05/2012,FOE,KS,ACE,CE,Federal Contract Tower,0,0,0,0,0,0,0,9,0,9,0,0,9,0,9,0,0,0,9
07/06/2012,FOE,KS,ACE,CE,Federal Contract Tower,0,0,2,7,9,0,0,6,2,8,0,0,8,9,17,0,2,2,19
07/07/2012,FOE,KS,ACE,CE,Federal Contract Tower,0,0,0,2,2,0,0,5,0,5,0,0,5,2,7,0,0,0,7
07/08/2012,FOE,KS,ACE,CE,Federal Contract Tower,0,0,5,8,13,0,0,4,0,4,0,0,9,8,17,6,0,6,23
07/09/2012,FOE,KS,ACE,CE,Federal Contract Tower,0,0,7,25,32,0,0,11,0,11,0,0,18,25,43,16,0,16,59
07/10/2012,FOE,KS,ACE,CE,Federal Contract Tower,0,0,5,46,51,0,0,6,10,16,0,0,11,56,67,8,50,58,125
07/11/2012,FOE,KS,ACE,CE,Federal Contract Tower,0,0,8,23,31,0,0,6,6,12,0,0,14,29,43,14,14,28,71
07/12/2012,FOE,KS,ACE,CE,Federal Contract Tower,0,0,6,39,45,0,0,13,7,20,0,0,19,46,65,0,16,16,81
07/13/2012,FOE,KS,ACE,CE,Federal Contract Tower,0,2,10,4,16,0,0,10,5,15,0,2,20,9,31,0,0,0,31
07/14/2012,FOE,KS,ACE,CE,Federal Contract Tower,0,0,7,7,14,0,0,30,2,32,0,0,37,9,46,0,8,8,54
07/15/2012,FOE,KS,ACE,CE,Federal Contract Tower,0,0,1,16,17,0,0,4,9,13,0,0,5,25,30,6,6,12,42
07/16/2012,FOE,KS,ACE,CE,Federal Contract Tower,0,0,7,26,33,0,0,13,3,16,0,0,20,29,49,2,26,28,77
07/17/2012,FOE,KS,ACE,CE,Federal Contract Tower,0,0,11,23,34,0,0,9,6,15,0,0,20,29,49,0,8,8,57
07/18/2012,FOE,KS,ACE,CE,Federal Contract Tower,0,0,2,23,25,0,0,9,9,18,0,0,11,32,43,0,10,10,53
07/19/2012,FOE,KS,ACE,CE,Federal Contract Tower,0,0,7,13,20,0,0,10,11,21,0,0,17,24,41,0,0,0,41
07/20/2012,FOE,KS,ACE,CE,Federal Contract Tower,0,0,5,55,60,0,0,8,31,39,0,0,13,86,99,2,14,16,115
07/21/2012,FOE,KS,ACE,CE,Federal Contract Tower,0,0,0,2,2,0,3,7,7,17,0,3,7,9,19,0,0,0,19
07/22/2012,FOE,KS,ACE,CE,Federal Contract Tower,0,0,0,25,25,0,0,10,0,10,0,0,10,25,35,0,36,36,71
07/23/2012,FOE,KS,ACE,CE,Federal Contract Tower,0,5,13,26,44,0,2,18,3,23,0,7,31,29,67,0,34,34,101
07/24/2012,FOE,KS,ACE,CE,Federal Contract Tower,0,2,5,31,38,0,0,3,11,14,0,2,8,42,52,2,4,6,58
07/25/2012,FOE,KS,ACE,CE,Federal Contract Tower,0,4,11,19,34,0,0,7,1,8,0,4,18,20,42,0,2,2,44
07/26/2012,FOE,KS,ACE,CE,Federal Contract Tower,0,0,2,35,37,0,0,4,10,14,0,0,6,45,51,4,8,12,63
07/27/2012,FOE,KS,ACE,CE,Federal Contract Tower,0,0,6,33,39,0,0,9,9,18,0,0,15,42,57,0,24,24,81
07/28/2012,FOE,KS,ACE,CE,Federal Contract Tower,0,0,2,2,4,0,0,9,0,9,0,0,11,2,13,0,0,0,13
07/29/2012,FOE,KS,ACE,CE,Federal Contract Tower,0,0,4,18,22,0,0,8,8,16,0,0,12,26,38,4,0,4,42
07/30/2012,FOE,KS,ACE,CE,Federal Contract Tower,0,2,4,16,22,0,0,3,6,9,0,2,7,22,31,0,0,0,31
07/31/2012,FOE,KS,ACE,CE,Federal Contract Tower,0,0,3,8,11,0,0,7,3,10,0,0,10,11,21,0,8,8,29
08/01/2012,FOE,KS,ACE,CE,Federal Contract Tower,0,4,2,18,24,0,0,0,10,10,0,4,2,28,34,2,22,24,58
08/02/2012,FOE,KS,ACE,CE,Federal Contract Tower,0,0,10,26,36,0,0,6,7,13,0,0,16,33,49,0,2,2,51
08/03/2012,FOE,KS,ACE,CE,Federal Contract Tower,0,0,5,16,21,0,0,1,6,7,0,0,6,22,28,0,0,0,28
08/04/2012,FOE,KS,ACE,CE,Federal Contract Tower,0,5,0,8,13,0,0,4,12,16,0,5,4,20,29,2,0,2,31
08/05/2012,FOE,KS,ACE,CE,Federal Contract Tower,0,5,0,0,5,0,0,3,0,3,0,5,3,0,8,0,0,0,8
08/06/2012,FOE,KS,ACE,CE,Federal Contract Tower,0,0,4,26,30,0,0,14,1,15,0,0,18,27,45,0,0,0,45
08/07/2012,FOE,KS,ACE,CE,Federal Contract Tower,0,2,0,35,37,0,0,4,12,16,0,2,4,47,53,0,16,16,69
08/08/2012,FOE,KS,ACE,CE,Federal Contract Tower,0,2,9,18,29,0,0,7,1,8,0,2,16,19,37,0,8,8,45
08/09/2012,FOE,KS,ACE,CE,Federal Contract Tower,0,2,7,30,39,0,0,4,15,19,0,2,11,45,58,0,12,12,70
08/10/2012,FOE,KS,ACE,CE,Federal Contract Tower,0,0,4,19,23,0,0,2,13,15,0,0,6,32,38,0,4,4,42
08/11/2012,FOE,KS,ACE,CE,Federal Contract Tower,2,1,2,2,7,0,0,9,0,9,2,1,11,2,16,0,0,0,16
08/12/2012,FOE,KS,ACE,CE,Federal Contract Tower,0,4,3,11,18,0,0,3,6,9,0,4,6,17,27,0,0,0,27
08/13/2012,FOE,KS,ACE,CE,Federal Contract Tower,2,0,14,61,77,0,0,11,4,15,2,0,25,65,92,4,24,28,120
08/14/2012,FOE,KS,ACE,CE,Federal Contract Tower,0,0,9,17,26,0,0,2,1,3,0,0,11,18,29,0,12,12,41
08/15/2012,FOE,KS,ACE,CE,Federal Contract Tower,0,0,5,44,49,0,0,6,14,20,0,0,11,58,69,0,26,26,95
08/16/2012,FOE,KS,ACE,CE,Federal Contract Tower,2,3,5,29,39,0,0,5,7,12,2,3,10,36,51,0,36,36,87
08/17/2012,FOE,KS,ACE,CE,Federal Contract Tower,0,0,8,39,47,0,0,13,10,23,0,0,21,49,70,0,22,22,92
08/18/2012,FOE,KS,ACE,CE,Federal Contract Tower,0,0,1,3,4,0,0,11,0,11,0,0,12,3,15,0,0,0,15
08/19/2012,FOE,KS,ACE,CE,Federal Contract Tower,0,0,6,50,56,0,0,7,5,12,0,0,13,55,68,6,30,36,104
08/20/2012,FOE,KS,ACE,CE,Federal Contract Tower,0,4,7,17,28,0,0,32,4,36,0,4,39,21,64,0,24,24,88
08/21/2012,FOE,KS,ACE,CE,Federal Contract Tower,0,0,7,35,42,0,0,35,3,38,0,0,42,38,80,2,42,44,124
08/22/2012,FOE,KS,ACE,CE,Federal Contract Tower,0,0,7,29,36,0,0,8,12,20,0,0,15,41,56,12,38,50,106
08/23/2012,FOE,KS,ACE,CE,Federal Contract Tower,0,0,7,24,31,0,0,8,5,13,0,0,15,29,44,0,32,32,76
08/24/2012,FOE,KS,ACE,CE,Federal Contract Tower,0,0,5,16,21,0,0,5,9,14,0,0,10,25,35,0,38,38,73
08/25/2012,FOE,KS,ACE,CE,Federal Contract Tower,0,0,3,7,10,0,0,0,0,0,0,0,3,7,10,0,0,0,10
08/26/2012,FOE,KS,ACE,CE,Federal Contract Tower,0,0,2,12,14,0,0,1,0,1,0,0,3,12,15,0,0,0,15
08/27/2012,FOE,KS,ACE,CE,Federal Contract Tower,0,0,5,34,39,0,3,6,8,17,0,3,11,42,56,0,80,80,136
08/28/2012,FOE,KS,ACE,CE,Federal Contract Tower,0,1,11,49,61,0,0,9,17,26,0,1,20,66,87,0,88,88,175
08/29/2012,FOE,KS,ACE,CE,Federal Contract Tower,0,2,3,38,43,0,0,11,10,21,0,2,14,48,64,4,38,42,106
08/30/2012,FOE,KS,ACE,CE,Federal Contract Tower,0,0,2,51,53,0,0,6,19,25,0,0,8,70,78,14,66,80,158
08/31/2012,FOE,KS,ACE,CE,Federal Contract Tower,0,0,8,14,22,0,0,4,2,6,0,0,12,16,28,0,10,10,38
09/01/2012,FOE,KS,ACE,CE,Federal Contract Tower,0,0,5,0,5,0,0,5,0,5,0,0,10,0,10,0,0,0,10
09/02/2012,FOE,KS,ACE,CE,Federal Contract Tower,0,0,0,2,2,0,0,4,0,4,0,0,4,2,6,0,0,0,6
09/03/2012,FOE,KS,ACE,CE,Federal Contract Tower,0,0,3,25,28,0,0,1,1,2,0,0,4,26,30,0,14,14,44
09/04/2012,FOE,KS,ACE,CE,Federal Contract Tower,4,2,12,36,54,0,0,6,12,18,4,2,18,48,72,0,68,68,140
09/05/2012,FOE,KS,ACE,CE,Federal Contract Tower,0,3,7,49,59,0,0,9,26,35,0,3,16,75,94,0,60,60,154
09/06/2012,FOE,KS,ACE,CE,Federal Contract Tower,1,1,9,36,47,0,0,8,12,20,1,1,17,48,67,2,36,38,105
09/07/2012,FOE,KS,ACE,CE,Federal Contract Tower,0,0,8,12,20,0,0,5,4,9,0,0,13,16,29,0,26,26,55
09/08/2012,FOE,KS,ACE,CE,Federal Contract Tower,0,0,3,19,22,0,0,45,9,54,0,0,48,28,76,0,26,26,102
09/09/2012,FOE,KS,ACE,CE,Federal Contract Tower,0,0,2,9,11,0,0,23,6,29,0,0,25,15,40,0,24,24,64
09/10/2012,FOE,KS,ACE,CE,Federal Contract Tower,0,0,5,38,43,0,0,6,7,13,0,0,11,45,56,4,100,104,160
09/11/2012,FOE,KS,ACE,CE,Federal Contract Tower,0,0,9,37,46,0,0,1,19,20,0,0,10,56,66,0,48,48,114
09/12/2012,FOE,KS,ACE,CE,Federal Contract Tower,1,2,7,39,49,0,0,4,10,14,1,2,11,49,63,6,82,88,151
09/13/2012,FOE,KS,ACE,CE,Federal Contract Tower,0,0,3,45,48,0,0,1,0,1,0,0,4,45,49,0,0,0,49
09/14/2012,FOE,KS,ACE,CE,Federal Contract Tower,3,2,7,38,50,0,0,2,12,14,3,2,9,50,64,4,6,10,74
09/15/2012,FOE,KS,ACE,CE,Federal Contract Tower,5,0,4,11,20,0,0,5,2,7,5,0,9,13,27,0,0,0,27
09/16/2012,FOE,KS,ACE,CE,Federal Contract Tower,0,2,3,10,15,0,0,2,2,4,0,2,5,12,19,0,6,6,25
09/17/2012,FOE,KS,ACE,CE,Federal Contract Tower,0,0,11,50,61,0,0,3,2,5,0,0,14,52,66,0,92,92,158
09/18/2012,FOE,KS,ACE,CE,Federal Contract Tower,0,0,8,41,49,0,0,7,16,23,0,0,15,57,72,0,56,56,128
09/19/2012,FOE,KS,ACE,CE,Federal Contract Tower,2,1,13,27,43,0,0,7,14,21,2,1,20,41,64,0,4,4,68
09/20/2012,FOE,KS,ACE,CE,Federal Contract Tower,0,3,7,28,38,0,0,11,20,31,0,3,18,48,69,0,66,66,135
09/21/2012,FOE,KS,ACE,CE,Federal Contract Tower,2,2,5,30,39,0,0,5,6,11,2,2,10,36,50,0,0,0,50
09/22/2012,FOE,KS,ACE,CE,Federal Contract Tower,2,0,5,1,8,0,0,7,0,7,2,0,12,1,15,0,0,0,15
09/23/2012,FOE,KS,ACE,CE,Federal Contract Tower,2,0,2,10,14,0,0,22,2,24,2,0,24,12,38,2,0,2,40
09/24/2012,FOE,KS,ACE,CE,Federal Contract Tower,1,2,4,30,37,0,1,15,13,29,1,3,19,43,66,0,82,82,148
09/25/2012,FOE,KS,ACE,CE,Federal Contract Tower,0,0,2,17,19,0,0,21,15,36,0,0,23,32,55,12,40,52,107
09/26/2012,FOE,KS,ACE,CE,Federal Contract Tower,0,0,5,27,32,0,0,2,19,21,0,0,7,46,53,0,20,20,73
09/27/2012,FOE,KS,ACE,CE,Federal Contract Tower,0,0,4,13,17,0,0,10,9,19,0,0,14,22,36,0,34,34,70
09/28/2012,FOE,KS,ACE,CE,Federal Contract Tower,0,4,3,12,19,0,0,8,4,12,0,4,11,16,31,0,0,0,31
09/29/2012,FOE,KS,ACE,CE,Federal Contract Tower,0,0,7,0,7,0,0,3,0,3,0,0,10,0,10,0,0,0,10
09/30/2012,FOE,KS,ACE,CE,Federal Contract Tower,0,0,1,3,4,0,0,10,0,10,0,0,11,3,14,18,0,18,32
10/01/2012,FOE,KS,ACE,CE,Federal Contract Tower,0,1,9,37,47,0,0,12,12,24,0,1,21,49,71,0,94,94,165
10/02/2012,FOE,KS,ACE,CE,Federal Contract Tower,2,0,6,31,39,0,0,24,15,39,2,0,30,46,78,2,14,16,94
10/03/2012,FOE,KS,ACE,CE,Federal Contract Tower,1,2,9,39,51,0,0,9,17,26,1,2,18,56,77,0,30,30,107
10/04/2012,FOE,KS,ACE,CE,Federal Contract Tower,0,0,8,25,33,0,0,6,12,18,0,0,14,37,51,4,10,14,65
10/05/2012,FOE,KS,ACE,CE,Federal Contract Tower,0,1,10,12,23,0,0,6,5,11,0,1,16,17,34,0,6,6,40
10/06/2012,FOE,KS,ACE,CE,Federal Contract Tower,0,0,1,0,1,0,0,9,0,9,0,0,10,0,10,0,0,0,10
10/07/2012,FOE,KS,ACE,CE,Federal Contract Tower,0,0,1,0,1,0,0,2,0,2,0,0,3,0,3,0,6,6,9
10/08/2012,FOE,KS,ACE,CE,Federal Contract Tower,0,0,3,1,4,0,0,9,0,9,0,0,12,1,13,0,0,0,13
10/09/2012,FOE,KS,ACE,CE,Federal Contract Tower,0,0,8,32,40,0,0,8,10,18,0,0,16,42,58,0,26,26,84
10/10/2012,FOE,KS,ACE,CE,Federal Contract Tower,0,2,19,41,62,0,0,15,10,25,0,2,34,51,87,0,54,54,141
10/11/2012,FOE,KS,ACE,CE,Federal Contract Tower,0,0,8,49,57,0,0,8,9,17,0,0,16,58,74,4,18,22,96
10/12/2012,FOE,KS,ACE,CE,Federal Contract Tower,2,0,3,11,16,0,0,5,9,14,2,0,8,20,30,0,10,10,40
10/13/2012,FOE,KS,ACE,CE,Federal Contract Tower,2,2,1,1,6,0,0,1,0,1,2,2,2,1,7,0,0,0,7
10/14/2012,FOE,KS,ACE,CE,Federal Contract Tower,0,0,4,12,16,0,0,7,12,19,0,0,11,24,35,0,22,22,57
10/15/2012,FOE,KS,ACE,CE,Federal Contract Tower,0,2,6,38,46,0,13,19,2,34,0,15,25,40,80,8,68,76,156
10/16/2012,FOE,KS,ACE,CE,Federal Contract Tower,0,0,10,23,33,0,3,10,15,28,0,3,20,38,61,0,12,12,73
10/17/2012,FOE,KS,ACE,CE,Federal Contract Tower,0,0,7,26,33,0,0,7,10,17,0,0,14,36,50,0,10,10,60
10/18/2012,FOE,KS,ACE,CE,Federal Contract Tower,4,3,4,28,39,0,0,0,18,18,4,3,4,46,57,0,22,22,79
10/19/2012,FOE,KS,ACE,CE,Federal Contract Tower,2,3,13,17,35,0,0,4,7,11,2,3,17,24,46,0,2,2,48
10/20/2012,FOE,KS,ACE,CE,Federal Contract Tower,0,0,1,4,5,0,0,10,2,12,0,0,11,6,17,0,0,0,17
10/21/2012,FOE,KS,ACE,CE,Federal Contract Tower,0,3,2,7,12,0,0,6,1,7,0,3,8,8,19,0,0,0,19
10/22/2012,FOE,KS,ACE,CE,Federal Contract Tower,0,5,5,19,29,0,0,1,2,3,0,5,6,21,32,2,4,6,38
10/23/2012,FOE,KS,ACE,CE,Federal Contract Tower,0,0,7,23,30,0,0,0,8,8,0,0,7,31,38,0,14,14,52
10/24/2012,FOE,KS,ACE,CE,Federal Contract Tower,0,0,2,28,30,0,0,2,5,7,0,0,4,33,37,0,12,12,49
10/25/2012,FOE,KS,ACE,CE,Federal Contract Tower,0,0,3,26,29,0,0,6,4,10,0,0,9,30,39,0,2,2,41
10/26/2012,FOE,KS,ACE,CE,Federal Contract Tower,2,0,7,17,26,0,0,13,5,18,2,0,20,22,44,0,8,8,52
10/27/2012,FOE,KS,ACE,CE,Federal Contract Tower,2,0,3,2,7,0,0,2,2,4,2,0,5,4,11,0,0,0,11
10/28/2012,FOE,KS,ACE,CE,Federal Contract Tower,0,0,5,18,23,0,0,13,3,16,0,0,18,21,39,4,10,14,53
10/29/2012,FOE,KS,ACE,CE,Federal Contract Tower,0,6,6,12,24,0,0,17,0,17,0,6,23,12,41,10,8,18,59
10/30/2012,FOE,KS,ACE,CE,Federal Contract Tower,2,0,3,16,21,0,0,1,13,14,2,0,4,29,35,2,44,46,81
10/31/2012,FOE,KS,ACE,CE,Federal Contract Tower,0,0,2,21,23,0,0,13,5,18,0,0,15,26,41,2,20,22,63
11/01/2012,FOE,KS,ACE,CE,Federal Contract Tower,0,0,7,23,30,0,0,10,12,22,0,0,17,35,52,4,34,38,90
11/02/2012,FOE,KS,ACE,CE,Federal Contract Tower,2,0,4,26,32,0,0,4,13,17,2,0,8,39,49,4,20,24,73
11/03/2012,FOE,KS,ACE,CE,Federal Contract Tower,0,0,3,1,4,0,0,5,0,5,0,0,8,1,9,2,0,2,11
11/04/2012,FOE,KS,ACE,CE,Federal Contract Tower,0,0,0,11,11,0,0,8,0,8,0,0,8,11,19,10,10,20,39
11/05/2012,FOE,KS,ACE,CE,Federal Contract Tower,0,0,5,58,63,0,0,0,0,0,0,0,5,58,63,0,0,0,63
11/06/2012,FOE,KS,ACE,CE,Federal Contract Tower,0,0,2,30,32,0,0,5,11,16,0,0,7,41,48,2,46,48,96
11/07/2012,FOE,KS,ACE,CE,Federal Contract Tower,0,0,8,18,26,0,0,6,8,14,0,0,14,26,40,0,28,28,68
11/08/2012,FOE,KS,ACE,CE,Federal Contract Tower,0,2,4,26,32,0,0,9,14,23,0,2,13,40,55,2,46,48,103
11/09/2012,FOE,KS,ACE,CE,Federal Contract Tower,2,2,4,10,18,0,0,18,12,30,2,2,22,22,48,2,2,4,52
11/10/2012,FOE,KS,ACE,CE,Federal Contract Tower,2,0,0,3,5,0,0,1,0,1,2,0,1,3,6,0,0,0,6
11/11/2012,FOE,KS,ACE,CE,Federal Contract Tower,2,3,2,0,7,0,0,2,0,2,2,3,4,0,9,2,0,2,11
11/12/2012,FOE,KS,ACE,CE,Federal Contract Tower,1,0,2,0,3,0,0,12,0,12,1,0,14,0,15,6,0,6,21
11/13/2012,FOE,KS,ACE,CE,Federal Contract Tower,0,0,2,32,34,0,0,13,21,34,0,0,15,53,68,4,48,52,120
11/14/2012,FOE,KS,ACE,CE,Federal Contract Tower,0,2,7,26,35,0,2,18,23,43,0,4,25,49,78,0,44,44,122
11/15/2012,FOE,KS,ACE,CE,Federal Contract Tower,0,3,5,25,33,0,0,23,33,56,0,3,28,58,89,2,66,68,157
11/16/2012,FOE,KS,ACE,CE,Federal Contract Tower,0,0,5,39,44,0,0,26,25,51,0,0,31,64,95,0,70,70,165
11/17/2012,FOE,KS,ACE,CE,Federal Contract Tower,0,1,1,10,12,0,0,2,0,2,0,1,3,10,14,0,0,0,14
11/18/2012,FOE,KS,ACE,CE,Federal Contract Tower,0,0,3,5,8,0,2,5,1,8,0,2,8,6,16,0,8,8,24
11/19/2012,FOE,KS,ACE,CE,Federal Contract Tower,2,0,6,50,58,0,0,20,15,35,2,0,26,65,93,6,136,142,235
11/20/2012,FOE,KS,ACE,CE,Federal Contract Tower,0,0,4,43,47,0,0,8,21,29,0,0,12,64,76,4,56,60,136
11/21/2012,FOE,KS,ACE,CE,Federal Contract Tower,0,0,1,10,11,0,0,9,4,13,0,0,10,14,24,20,8,28,52
11/22/2012,FOE,KS,ACE,CE,Federal Contract Tower,0,0,1,0,1,0,0,8,0,8,0,0,9,0,9,0,0,0,9
11/23/2012,FOE,KS,ACE,CE,Federal Contract Tower,0,0,2,2,4,0,0,6,0,6,0,0,8,2,10,8,0,8,18
11/24/2012,FOE,KS,ACE,CE,Federal Contract Tower,2,0,3,0,5,0,0,9,0,9,2,0,12,0,14,6,0,6,20
11/25/2012,FOE,KS,ACE,CE,Federal Contract Tower,0,0,3,0,3,0,0,10,0,10,0,0,13,0,13,0,2,2,15
11/26/2012,FOE,KS,ACE,CE,Federal Contract Tower,0,0,0,32,32,0,0,8,0,8,0,0,8,32,40,0,82,82,122
11/27/2012,FOE,KS,ACE,CE,Federal Contract Tower,2,0,5,28,35,0,0,10,2,12,2,0,15,30,47,0,88,88,135
11/28/2012,FOE,KS,ACE,CE,Federal Contract Tower,0,0,4,28,32,0,0,1,15,16,0,0,5,43,48,2,22,24,72
11/29/2012,FOE,KS,ACE,CE,Federal Contract Tower,0,0,3,26,29,0,0,4,18,22,0,0,7,44,51,2,46,48,99
11/30/2012,FOE,KS,ACE,CE,Federal Contract Tower,2,2,8,39,51,0,0,15,16,31,2,2,23,55,82,8,26,34,116
12/01/2012,FOE,KS,ACE,CE,Federal Contract Tower,3,0,4,3,10,0,0,4,0,4,3,0,8,3,14,0,0,0,14
12/02/2012,FOE,KS,ACE,CE,Federal Contract Tower,0,0,6,15,21,0,0,10,2,12,0,0,16,17,33,16,6,22,55
12/03/2012,FOE,KS,ACE,CE,Federal Contract Tower,0,0,5,15,20,0,0,4,0,4,0,0,9,15,24,0,52,52,76
12/04/2012,FOE,KS,ACE,CE,Federal Contract Tower,0,4,1,30,35,0,0,6,14,20,0,4,7,44,55,0,22,22,77
12/05/2012,FOE,KS,ACE,CE,Federal Contract Tower,0,1,10,22,33,0,0,5,13,18,0,1,15,35,51,0,14,14,65
12/06/2012,FOE,KS,ACE,CE,Federal Contract Tower,0,2,16,45,63,0,0,15,17,32,0,2,31,62,95,0,12,12,107
12/07/2012,FOE,KS,ACE,CE,Federal Contract Tower,0,0,4,25,29,0,0,1,20,21,0,0,5,45,50,0,34,34,84
12/08/2012,FOE,KS,ACE,CE,Federal Contract Tower,0,0,2,2,4,0,0,2,7,9,0,0,4,9,13,0,2,2,15
12/09/2012,FOE,KS,ACE,CE,Federal Contract Tower,0,2,3,8,13,0,0,5,2,7,0,2,8,10,20,0,14,14,34
12/10/2012,FOE,KS,ACE,CE,Federal Contract Tower,0,5,9,31,45,0,0,2,11,13,0,5,11,42,58,0,20,20,78
12/11/2012,FOE,KS,ACE,CE,Federal Contract Tower,0,2,8,36,46,0,0,7,14,21,0,2,15,50,67,0,86,86,153
12/12/2012,FOE,KS,ACE,CE,Federal Contract Tower,0,2,3,39,44,0,0,8,10,18,0,2,11,49,62,0,10,10,72
12/13/2012,FOE,KS,ACE,CE,Federal Contract Tower,0,2,5,22,29,0,2,2,11,15,0,4,7,33,44,0,14,14,58
12/14/2012,FOE,KS,ACE,CE,Federal Contract Tower,0,2,5,11,18,0,0,4,19,23,0,2,9,30,41,0,18,18,59
12/15/2012,FOE,KS,ACE,CE,Federal Contract Tower,0,0,3,4,7,0,0,1,0,1,0,0,4,4,8,0,0,0,8
12/16/2012,FOE,KS,ACE,CE,Federal Contract Tower,0,0,3,2,5,0,0,0,0,0,0,0,3,2,5,0,0,0,5
12/17/2012,FOE,KS,ACE,CE,Federal Contract Tower,0,0,17,43,60,0,0,8,2,10,0,0,25,45,70,0,84,84,154
12/18/2012,FOE,KS,ACE,CE,Federal Contract Tower,0,0,8,27,35,0,0,6,20,26,0,0,14,47,61,2,50,52,113
12/19/2012,FOE,KS,ACE,CE,Federal Contract Tower,0,0,10,26,36,0,0,3,3,6,0,0,13,29,42,0,2,2,44
12/20/2012,FOE,KS,ACE,CE,Federal Contract Tower,0,5,10,5,20,0,0,2,13,15,0,5,12,18,35,0,0,0,35
12/21/2012,FOE,KS,ACE,CE,Federal Contract Tower,2,4,9,3,18,0,0,7,12,19,2,4,16,15,37,8,4,12,49
12/22/2012,FOE,KS,ACE,CE,Federal Contract Tower,1,2,2,0,5,0,0,5,0,5,1,2,7,0,10,0,0,0,10
12/23/2012,FOE,KS,ACE,CE,Federal Contract Tower,0,0,3,0,3,0,0,1,0,1,0,0,4,0,4,0,0,0,4
12/24/2012,FOE,KS,ACE,CE,Federal Contract Tower,0,1,2,0,3,0,0,2,0,2,0,1,4,0,5,0,0,0,5
12/25/2012,FOE,KS,ACE,CE,Federal Contract Tower,0,1,0,0,1,0,0,0,0,0,0,1,0,0,1,0,0,0,1
12/26/2012,FOE,KS,ACE,CE,Federal Contract Tower,0,0,3,2,5,0,0,2,5,7,0,0,5,7,12,0,10,10,22
12/27/2012,FOE,KS,ACE,CE,Federal Contract Tower,0,0,2,9,11,0,0,2,7,9,0,0,4,16,20,0,8,8,28
12/28/2012,FOE,KS,ACE,CE,Federal Contract Tower,0,0,6,13,19,0,0,2,0,2,0,0,8,13,21,0,0,0,21
12/29/2012,FOE,KS,ACE,CE,Federal Contract Tower,2,0,0,0,2,0,0,6,0,6,2,0,6,0,8,2,0,2,10
12/30/2012,FOE,KS,ACE,CE,Federal Contract Tower,0,0,3,0,3,0,0,3,0,3,0,0,6,0,6,6,0,6,12
12/31/2012,FOE,KS,ACE,CE,Federal Contract Tower,0,0,0,13,13,0,0,0,0,0,0,0,0,13,13,0,0,0,13
01/01/2013,FOE,KS,ACE,CE,Federal Contract Tower,0,0,1,1,2,0,0,4,0,4,0,0,5,1,6,0,0,0,6
01/02/2013,FOE,KS,ACE,CE,Federal Contract Tower,0,0,8,5,13,0,0,2,17,19,0,0,10,22,32,0,14,14,46
01/03/2013,FOE,KS,ACE,CE,Federal Contract Tower,0,1,2,30,33,0,0,1,18,19,0,1,3,48,52,0,46,46,98
01/04/2013,FOE,KS,ACE,CE,Federal Contract Tower,1,0,7,15,23,0,0,2,39,41,1,0,9,54,64,0,42,42,106
01/05/2013,FOE,KS,ACE,CE,Federal Contract Tower,2,0,2,4,8,0,0,8,2,10,2,0,10,6,18,0,4,4,22
01/06/2013,FOE,KS,ACE,CE,Federal Contract Tower,0,0,3,2,5,0,0,3,0,3,0,0,6,2,8,0,0,0,8
01/07/2013,FOE,KS,ACE,CE,Federal Contract Tower,0,3,5,19,27,0,0,15,4,19,0,3,20,23,46,0,14,14,60
01/08/2013,FOE,KS,ACE,CE,Federal Contract Tower,0,1,7,37,45,0,0,2,20,22,0,1,9,57,67,0,42,42,109
01/09/2013,FOE,KS,ACE,CE,Federal Contract Tower,0,3,7,26,36,0,2,8,19,29,0,5,15,45,65,8,58,66,131
01/10/2013,FOE,KS,ACE,CE,Federal Contract Tower,0,0,4,21,25,0,0,0,0,0,0,0,4,21,25,0,0,0,25
01/11/2013,FOE,KS,ACE,CE,Federal Contract Tower,2,2,1,18,23,0,0,1,23,24,2,2,2,41,47,0,16,16,63
01/12/2013,FOE,KS,ACE,CE,Federal Contract Tower,2,4,1,1,8,0,0,1,3,4,2,4,2,4,12,4,0,4,16
01/13/2013,FOE,KS,ACE,CE,Federal Contract Tower,2,4,1,7,14,0,0,7,4,11,2,4,8,11,25,8,4,12,37
01/14/2013,FOE,KS,ACE,CE,Federal Contract Tower,0,1,2,31,34,0,2,10,9,21,0,3,12,40,55,0,72,72,127
01/15/2013,FOE,KS,ACE,CE,Federal Contract Tower,0,0,5,22,27,0,0,13,14,27,0,0,18,36,54,0,38,38,92
01/16/2013,FOE,KS,ACE,CE,Federal Contract Tower,0,0,14,15,29,0,0,8,16,24,0,0,22,31,53,22,20,42,95
01/17/2013,FOE,KS,ACE,CE,Federal Contract Tower,0,2,7,32,41,0,2,26,30,58,0,4,33,62,99,0,62,62,161
01/18/2013,FOE,KS,ACE,CE,Federal Contract Tower,3,0,4,34,41,0,0,8,25,33,3,0,12,59,74,0,24,24,98
01/19/2013,FOE,KS,ACE,CE,Federal Contract Tower,2,0,3,5,10,0,0,11,0,11,2,0,14,5,21,0,58,58,79
01/20/2013,FOE,KS,ACE,CE,Federal Contract Tower,2,0,1,0,3,0,0,10,0,10,2,0,11,0,13,6,0,6,19
01/21/2013,FOE,KS,ACE,CE,Federal Contract Tower,0,1,4,2,7,0,0,20,0,20,0,1,24,2,27,60,0,60,87
01/22/2013,FOE,KS,ACE,CE,Federal Contract Tower,3,0,5,25,33,0,0,3,17,20,3,0,8,42,53,8,26,34,87
01/23/2013,FOE,KS,ACE,CE,Federal Contract Tower,0,4,4,31,39,0,0,15,18,33,0,4,19,49,72,0,40,40,112
01/24/2013,FOE,KS,ACE,CE,Federal Contract Tower,0,0,11,21,32,0,0,6,38,44,0,0,17,59,76,0,40,40,116
01/25/2013,FOE,KS,ACE,CE,Federal Contract Tower,2,4,10,35,51,0,0,9,26,35,2,4,19,61,86,0,38,38,124
01/26/2013,FOE,KS,ACE,CE,Federal Contract Tower,0,4,1,12,17,0,0,5,0,5,0,4,6,12,22,0,0,0,22
01/27/2013,FOE,KS,ACE,CE,Federal Contract Tower,2,0,0,6,8,0,0,4,0,4,2,0,4,6,12,0,0,0,12
01/28/2013,FOE,KS,ACE,CE,Federal Contract Tower,2,2,6,22,32,0,0,5,2,7,2,2,11,24,39,0,44,44,83
01/29/2013,FOE,KS,ACE,CE,Federal Contract Tower,0,0,7,14,21,0,0,0,0,0,0,0,7,14,21,0,0,0,21
01/30/2013,FOE,KS,ACE,CE,Federal Contract Tower,1,2,4,7,14,0,0,4,16,20,1,2,8,23,34,0,14,14,48
01/31/2013,FOE,KS,ACE,CE,Federal Contract Tower,0,0,13,40,53,0,0,9,22,31,0,0,22,62,84,2,34,36,120
02/01/2013,FOE,KS,ACE,CE,Federal Contract Tower,2,0,3,24,29,0,0,6,19,25,2,0,9,43,54,4,6,10,64
02/02/2013,FOE,KS,ACE,CE,Federal Contract Tower,0,0,1,2,3,0,0,16,0,16,0,0,17,2,19,10,2,12,31
02/03/2013,FOE,KS,ACE,CE,Federal Contract Tower,2,0,0,1,3,0,0,8,8,16,2,0,8,9,19,0,0,0,19
02/04/2013,FOE,KS,ACE,CE,Federal Contract Tower,0,0,1,29,30,0,4,9,4,17,0,4,10,33,47,0,80,80,127
02/05/2013,FOE,KS,ACE,CE,Federal Contract Tower,4,0,9,37,50,0,0,17,17,34,4,0,26,54,84,4,38,42,126
02/06/2013,FOE,KS,ACE,CE,Federal Contract Tower,0,0,5,14,19,0,0,10,11,21,0,0,15,25,40,2,26,28,68
02/07/2013,FOE,KS,ACE,CE,Federal Contract Tower,0,0,5,25,30,0,0,2,18,20,0,0,7,43,50,0,30,30,80
02/08/2013,FOE,KS,ACE,CE,Federal Contract Tower,1,2,5,12,20,0,0,4,12,16,1,2,9,24,36,0,6,6,42
02/09/2013,FOE,KS,ACE,CE,Federal Contract Tower,2,2,1,6,11,0,0,2,19,21,2,2,3,25,32,0,40,40,72
02/10/2013,FOE,KS,ACE,CE,Federal Contract Tower,0,0,1,6,7,0,0,2,0,2,0,0,3,6,9,0,0,0,9
02/11/2013,FOE,KS,ACE,CE,Federal Contract Tower,2,0,5,18,25,0,0,5,8,13,2,0,10,26,38,0,24,24,62
02/12/2013,FOE,KS,ACE,CE,Federal Contract Tower,4,0,3,33,40,0,0,0,23,23,4,0,3,56,63,0,46,46,109
02/13/2013,FOE,KS,ACE,CE,Federal Contract Tower,1,0,6,25,32,0,0,4,14,18,1,0,10,39,50,0,36,36,86
02/14/2013,FOE,KS,ACE,CE,Federal Contract Tower,3,0,8,21,32,0,0,7,24,31,3,0,15,45,63,4,30,34,97
02/15/2013,FOE,KS,ACE,CE,Federal Contract Tower,1,2,5,29,37,0,0,3,2,5,1,2,8,31,42,0,12,12,54
02/16/2013,FOE,KS,ACE,CE,Federal Contract Tower,2,2,1,1,6,0,0,3,2,5,2,2,4,3,11,4,0,4,15
02/17/2013,FOE,KS,ACE,CE,Federal Contract Tower,6,0,1,0,7,0,0,5,0,5,6,0,6,0,12,2,0,2,14
02/18/2013,FOE,KS,ACE,CE,Federal Contract Tower,0,0,3,1,4,0,4,1,0,5,0,4,4,1,9,0,0,0,9
02/19/2013,FOE,KS,ACE,CE,Federal Contract Tower,4,0,5,35,44,0,0,14,18,32,4,0,19,53,76,0,20,20,96
02/20/2013,FOE,KS,ACE,CE,Federal Contract Tower,0,0,1,14,15,0,0,4,8,12,0,0,5,22,27,0,4,4,31
02/21/2013,FOE,KS,ACE,CE,Federal Contract Tower,0,0,0,0,0,0,0,0,0,0,0,0,0,0,0,0,0,0,0
02/22/2013,FOE,KS,ACE,CE,Federal Contract Tower,2,0,7,2,11,0,0,3,0,3,2,0,10,2,14,2,0,2,16
02/23/2013,FOE,KS,ACE,CE,Federal Contract Tower,0,0,0,4,4,0,0,3,0,3,0,0,3,4,7,0,0,0,7
02/24/2013,FOE,KS,ACE,CE,Federal Contract Tower,1,0,2,0,3,0,0,5,0,5,1,0,7,0,8,4,0,4,12
02/25/2013,FOE,KS,ACE,CE,Federal Contract Tower,0,1,6,8,15,0,0,7,0,7,0,1,13,8,22,0,80,80,102
02/26/2013,FOE,KS,ACE,CE,Federal Contract Tower,0,0,3,0,3,0,0,0,0,0,0,0,3,0,3,0,0,0,3
02/27/2013,FOE,KS,ACE,CE,Federal Contract Tower,0,3,9,2,14,0,0,7,8,15,0,3,16,10,29,0,4,4,33
02/28/2013,FOE,KS,ACE,CE,Federal Contract Tower,1,0,5,15,21,0,0,2,11,13,1,0,7,26,34,0,8,8,42
03/01/2013,FOE,KS,ACE,CE,Federal Contract Tower,2,0,1,18,21,0,0,1,0,1,2,0,2,18,22,0,0,0,22
03/02/2013,FOE,KS,ACE,CE,Federal Contract Tower,3,0,3,0,6,0,0,2,4,6,3,0,5,4,12,2,0,2,14
03/03/2013,FOE,KS,ACE,CE,Federal Contract Tower,1,1,2,0,4,0,0,1,0,1,1,1,3,0,5,0,0,0,5
03/04/2013,FOE,KS,ACE,CE,Federal Contract Tower,0,0,2,14,16,0,0,15,0,15,0,0,17,14,31,0,40,40,71
03/05/2013,FOE,KS,ACE,CE,Federal Contract Tower,0,0,3,46,49,0,0,23,13,36,0,0,26,59,85,0,26,26,111
03/06/2013,FOE,KS,ACE,CE,Federal Contract Tower,2,0,10,13,25,0,0,5,23,28,2,0,15,36,53,0,37,37,90
03/07/2013,FOE,KS,ACE,CE,Federal Contract Tower,2,0,4,33,39,0,0,10,20,30,2,0,14,53,69,0,18,18,87
03/08/2013,FOE,KS,ACE,CE,Federal Contract Tower,2,0,5,15,22,0,0,8,9,17,2,0,13,24,39,2,16,18,57
03/09/2013,FOE,KS,ACE,CE,Federal Contract Tower,0,0,3,1,4,0,0,0,0,0,0,0,3,1,4,0,0,0,4
03/10/2013,FOE,KS,ACE,CE,Federal Contract Tower,1,0,3,0,4,0,0,0,0,0,1,0,3,0,4,0,0,0,4
03/11/2013,FOE,KS,ACE,CE,Federal Contract Tower,1,3,2,9,15,0,0,2,6,8,1,3,4,15,23,0,6,6,29
03/12/2013,FOE,KS,ACE,CE,Federal Contract Tower,1,4,5,36,46,0,0,0,30,30,1,4,5,66,76,0,8,8,84
03/13/2013,FOE,KS,ACE,CE,Federal Contract Tower,0,0,5,17,22,0,0,2,14,16,0,0,7,31,38,2,12,14,52
03/14/2013,FOE,KS,ACE,CE,Federal Contract Tower,0,6,3,24,33,0,0,17,27,44,0,6,20,51,77,2,68,70,147
03/15/2013,FOE,KS,ACE,CE,Federal Contract Tower,1,0,13,23,37,0,0,6,10,16,1,0,19,33,53,2,22,24,77
03/16/2013,FOE,KS,ACE,CE,Federal Contract Tower,0,0,3,11,14,0,0,2,6,8,0,0,5,17,22,0,22,22,44
03/17/2013,FOE,KS,ACE,CE,Federal Contract Tower,0,1,5,3,9,0,0,2,0,2,0,1,7,3,11,0,0,0,11
03/18/2013,FOE,KS,ACE,CE,Federal Contract Tower,0,4,3,34,41,0,0,0,0,0,0,4,3,34,41,0,18,18,59
03/19/2013,FOE,KS,ACE,CE,Federal Contract Tower,0,0,5,27,32,0,0,0,2,2,0,0,5,29,34,0,4,4,38
03/20/2013,FOE,KS,ACE,CE,Federal Contract Tower,0,0,4,70,74,0,0,4,29,33,0,0,8,99,107,4,70,74,181
03/21/2013,FOE,KS,ACE,CE,Federal Contract Tower,2,0,3,9,14,0,0,0,8,8,2,0,3,17,22,0,12,12,34
03/22/2013,FOE,KS,ACE,CE,Federal Contract Tower,0,0,5,10,15,0,0,0,0,0,0,0,5,10,15,0,0,0,15
03/23/2013,FOE,KS,ACE,CE,Federal Contract Tower,0,0,1,0,1,0,0,0,0,0,0,0,1,0,1,0,0,0,1
03/24/2013,FOE,KS,ACE,CE,Federal Contract Tower,0,0,3,2,5,0,0,2,0,2,0,0,5,2,7,0,0,0,7
03/25/2013,FOE,KS,ACE,CE,Federal Contract Tower,0,0,7,11,18,0,0,7,2,9,0,0,14,13,27,6,12,18,45
03/26/2013,FOE,KS,ACE,CE,Federal Contract Tower,2,0,7,14,23,0,0,33,25,58,2,0,40,39,81,12,38,50,131
03/27/2013,FOE,KS,ACE,CE,Federal Contract Tower,2,0,6,23,31,0,0,10,32,42,2,0,16,55,73,0,46,46,119
03/28/2013,FOE,KS,ACE,CE,Federal Contract Tower,0,0,5,26,31,0,0,9,26,35,0,0,14,52,66,0,56,56,122
03/29/2013,FOE,KS,ACE,CE,Federal Contract Tower,2,0,6,11,19,0,0,10,12,22,2,0,16,23,41,4,32,36,77
03/30/2013,FOE,KS,ACE,CE,Federal Contract Tower,2,2,2,0,6,0,0,6,0,6,2,2,8,0,12,4,0,4,16
03/31/2013,FOE,KS,ACE,CE,Federal Contract Tower,2,0,3,10,15,0,0,8,4,12,2,0,11,14,27,2,6,8,35
04/01/2013,FOE,KS,ACE,CE,Federal Contract Tower,0,0,2,14,16,0,0,7,0,7,0,0,9,14,23,2,0,2,25
04/02/2013,FOE,KS,ACE,CE,Federal Contract Tower,0,0,5,32,37,0,0,11,19,30,0,0,16,51,67,0,30,30,97
04/03/2013,FOE,KS,ACE,CE,Federal Contract Tower,2,2,3,36,43,0,0,5,23,28,2,2,8,59,71,4,14,18,89
04/04/2013,FOE,KS,ACE,CE,Federal Contract Tower,0,0,5,40,45,0,0,10,37,47,0,0,15,77,92,24,72,96,188
04/05/2013,FOE,KS,ACE,CE,Federal Contract Tower,0,0,2,6,8,0,0,8,16,24,0,0,10,22,32,4,28,32,64
04/06/2013,FOE,KS,ACE,CE,Federal Contract Tower,2,1,0,2,5,0,0,16,2,18,2,1,16,4,23,6,14,20,43
04/07/2013,FOE,KS,ACE,CE,Federal Contract Tower,0,1,0,2,3,0,0,12,4,16,0,1,12,6,19,0,2,2,21
04/08/2013,FOE,KS,ACE,CE,Federal Contract Tower,0,0,4,21,25,0,0,6,2,8,0,0,10,23,33,0,10,10,43
04/09/2013,FOE,KS,ACE,CE,Federal Contract Tower,0,0,3,23,26,0,0,2,10,12,0,0,5,33,38,0,4,4,42
04/10/2013,FOE,KS,ACE,CE,Federal Contract Tower,0,1,9,15,25,0,0,0,0,0,0,1,9,15,25,0,0,0,25
04/11/2013,FOE,KS,ACE,CE,Federal Contract Tower,1,1,10,16,28,0,0,4,10,14,1,1,14,26,42,0,18,18,60
04/12/2013,FOE,KS,ACE,CE,Federal Contract Tower,0,0,4,33,37,0,0,8,10,18,0,0,12,43,55,4,14,18,73
04/13/2013,FOE,KS,ACE,CE,Federal Contract Tower,0,0,4,5,9,0,0,15,1,16,0,0,19,6,25,36,6,42,67
04/14/2013,FOE,KS,ACE,CE,Federal Contract Tower,1,0,2,2,5,0,0,8,0,8,1,0,10,2,13,0,0,0,13
04/15/2013,FOE,KS,ACE,CE,Federal Contract Tower,0,0,15,54,69,0,0,17,4,21,0,0,32,58,90,0,86,86,176
04/16/2013,FOE,KS,ACE,CE,Federal Contract Tower,0,1,9,40,50,0,0,9,17,26,0,1,18,57,76,2,20,22,98
04/17/2013,FOE,KS,ACE,CE,Federal Contract Tower,0,1,4,9,14,0,0,0,0,0,0,1,4,9,14,0,0,0,14
04/18/2013,FOE,KS,ACE,CE,Federal Contract Tower,0,0,3,13,16,0,0,4,6,10,0,0,7,19,26,0,4,4,30
04/19/2013,FOE,KS,ACE,CE,Federal Contract Tower,0,0,9,28,37,0,0,8,19,27,0,0,17,47,64,0,40,40,104
04/20/2013,FOE,KS,ACE,CE,Federal Contract Tower,0,0,2,4,6,0,0,28,16,44,0,0,30,20,50,4,0,4,54
04/21/2013,FOE,KS,ACE,CE,Federal Contract Tower,0,0,1,7,8,0,0,4,0,4,0,0,5,7,12,0,0,0,12
04/22/2013,FOE,KS,ACE,CE,Federal Contract Tower,0,0,7,20,27,0,0,10,2,12,0,0,17,22,39,4,42,46,85
04/23/2013,FOE,KS,ACE,CE,Federal Contract Tower,0,0,10,5,15,0,0,1,0,1,0,0,11,5,16,0,0,0,16
04/24/2013,FOE,KS,ACE,CE,Federal Contract Tower,0,0,6,26,32,0,0,5,21,26,0,0,11,47,58,4,26,30,88
04/25/2013,FOE,KS,ACE,CE,Federal Contract Tower,0,0,5,56,61,0,0,15,13,28,0,0,20,69,89,22,68,90,179
04/26/2013,FOE,KS,ACE,CE,Federal Contract Tower,0,0,4,6,10,0,0,0,2,2,0,0,4,8,12,0,0,0,12
04/27/2013,FOE,KS,ACE,CE,Federal Contract Tower,0,2,11,0,13,0,0,4,0,4,0,2,15,0,17,0,0,0,17
04/28/2013,FOE,KS,ACE,CE,Federal Contract Tower,2,2,2,0,6,0,0,5,2,7,2,2,7,2,13,2,20,22,35
04/29/2013,FOE,KS,ACE,CE,Federal Contract Tower,0,0,2,42,44,0,0,19,18,37,0,0,21,60,81,2,76,78,159
04/30/2013,FOE,KS,ACE,CE,Federal Contract Tower,0,0,9,23,32,0,0,4,21,25,0,0,13,44,57,0,10,10,67
05/01/2013,FOE,KS,ACE,CE,Federal Contract Tower,0,1,4,8,13,0,0,9,15,24,0,1,13,23,37,0,34,34,71
05/02/2013,FOE,KS,ACE,CE,Federal Contract Tower,0,2,4,8,14,0,0,1,5,6,0,2,5,13,20,0,6,6,26
05/03/2013,FOE,KS,ACE,CE,Federal Contract Tower,2,0,4,8,14,0,0,3,10,13,2,0,7,18,27,0,10,10,37
05/04/2013,FOE,KS,ACE,CE,Federal Contract Tower,0,0,4,5,9,0,0,0,1,1,0,0,4,6,10,0,0,0,10
05/05/2013,FOE,KS,ACE,CE,Federal Contract Tower,0,2,3,9,14,0,0,2,2,4,0,2,5,11,18,0,4,4,22
05/06/2013,FOE,KS,ACE,CE,Federal Contract Tower,0,0,12,42,54,0,0,10,1,11,0,0,22,43,65,6,54,60,125
05/07/2013,FOE,KS,ACE,CE,Federal Contract Tower,2,0,9,28,39,0,1,21,13,35,2,1,30,41,74,2,28,30,104
05/08/2013,FOE,KS,ACE,CE,Federal Contract Tower,0,2,3,22,27,0,0,5,10,15,0,2,8,32,42,0,22,22,64
05/09/2013,FOE,KS,ACE,CE,Federal Contract Tower,0,0,10,20,30,0,0,8,26,34,0,0,18,46,64,6,32,38,102
05/10/2013,FOE,KS,ACE,CE,Federal Contract Tower,0,0,7,43,50,0,0,8,11,19,0,0,15,54,69,12,32,44,113
05/11/2013,FOE,KS,ACE,CE,Federal Contract Tower,0,0,5,2,7,0,0,7,0,7,0,0,12,2,14,0,6,6,20
05/12/2013,FOE,KS,ACE,CE,Federal Contract Tower,0,0,5,25,30,0,0,6,4,10,0,0,11,29,40,2,16,18,58
05/13/2013,FOE,KS,ACE,CE,Federal Contract Tower,0,0,5,52,57,0,0,12,1,13,0,0,17,53,70,0,104,104,174
05/14/2013,FOE,KS,ACE,CE,Federal Contract Tower,0,0,9,27,36,0,0,3,21,24,0,0,12,48,60,0,32,32,92
05/15/2013,FOE,KS,ACE,CE,Federal Contract Tower,0,0,5,32,37,0,0,7,22,29,0,0,12,54,66,4,56,60,126
05/16/2013,FOE,KS,ACE,CE,Federal Contract Tower,0,0,5,38,43,0,0,7,17,24,0,0,12,55,67,0,54,54,121
05/17/2013,FOE,KS,ACE,CE,Federal Contract Tower,0,1,18,23,42,0,0,37,13,50,0,1,55,36,92,0,70,70,162
05/18/2013,FOE,KS,ACE,CE,Federal Contract Tower,0,0,5,10,15,0,0,9,6,15,0,0,14,16,30,0,10,10,40
05/19/2013,FOE,KS,ACE,CE,Federal Contract Tower,2,1,12,2,17,0,0,3,4,7,2,1,15,6,24,0,0,0,24
05/20/2013,FOE,KS,ACE,CE,Federal Contract Tower,0,0,4,17,21,0,0,11,36,47,0,0,15,53,68,4,30,34,102
05/21/2013,FOE,KS,ACE,CE,Federal Contract Tower,0,0,8,24,32,0,0,9,24,33,0,0,17,48,65,8,28,36,101
05/22/2013,FOE,KS,ACE,CE,Federal Contract Tower,0,0,7,24,31,0,0,9,15,24,0,0,16,39,55,4,54,58,113
05/23/2013,FOE,KS,ACE,CE,Federal Contract Tower,0,0,15,29,44,0,0,5,11,16,0,0,20,40,60,12,34,46,106
05/24/2013,FOE,KS,ACE,CE,Federal Contract Tower,0,2,3,0,5,0,0,6,0,6,0,2,9,0,11,0,0,0,11
05/25/2013,FOE,KS,ACE,CE,Federal Contract Tower,0,0,1,0,1,0,0,5,0,5,0,0,6,0,6,6,0,6,12
05/26/2013,FOE,KS,ACE,CE,Federal Contract Tower,0,2,1,1,4,0,0,2,0,2,0,2,3,1,6,0,0,0,6
05/27/2013,FOE,KS,ACE,CE,Federal Contract Tower,1,0,0,0,1,0,0,2,0,2,1,0,2,0,3,0,0,0,3
05/28/2013,FOE,KS,ACE,CE,Federal Contract Tower,0,0,6,18,24,0,0,3,15,18,0,0,9,33,42,0,12,12,54
05/29/2013,FOE,KS,ACE,CE,Federal Contract Tower,0,0,3,27,30,0,0,3,9,12,0,0,6,36,42,2,24,26,68
05/30/2013,FOE,KS,ACE,CE,Federal Contract Tower,0,0,0,10,10,0,0,1,7,8,0,0,1,17,18,0,18,18,36
05/31/2013,FOE,KS,ACE,CE,Federal Contract Tower,0,0,3,27,30,0,0,7,7,14,0,0,10,34,44,8,0,8,52
06/01/2013,FOE,KS,ACE,CE,Federal Contract Tower,3,0,0,0,3,0,0,4,2,6,3,0,4,2,9,2,0,2,11
06/02/2013,FOE,KS,ACE,CE,Federal Contract Tower,0,0,3,11,14,0,0,1,2,3,0,0,4,13,17,0,0,0,17
06/03/2013,FOE,KS,ACE,CE,Federal Contract Tower,0,0,5,27,32,0,0,7,10,17,0,0,12,37,49,1,41,42,91
06/04/2013,FOE,KS,ACE,CE,Federal Contract Tower,0,0,3,10,13,0,0,6,14,20,0,0,9,24,33,2,62,64,97
06/05/2013,FOE,KS,ACE,CE,Federal Contract Tower,0,2,4,27,33,0,0,6,4,10,0,2,10,31,43,0,10,10,53
06/06/2013,FOE,KS,ACE,CE,Federal Contract Tower,0,1,6,72,79,0,0,10,34,44,0,1,16,106,123,14,86,100,223
06/07/2013,FOE,KS,ACE,CE,Federal Contract Tower,2,0,5,29,36,0,2,10,22,34,2,2,15,51,70,2,60,62,132
06/08/2013,FOE,KS,ACE,CE,Federal Contract Tower,2,2,4,4,12,0,2,11,6,19,2,4,15,10,31,0,0,0,31
06/09/2013,FOE,KS,ACE,CE,Federal Contract Tower,0,0,1,31,32,0,0,2,2,4,0,0,3,33,36,10,34,44,80
06/10/2013,FOE,KS,ACE,CE,Federal Contract Tower,2,0,2,24,28,0,0,4,18,22,2,0,6,42,50,0,66,66,116
06/11/2013,FOE,KS,ACE,CE,Federal Contract Tower,2,1,0,36,39,0,0,5,30,35,2,1,5,66,74,2,12,14,88
06/12/2013,FOE,KS,ACE,CE,Federal Contract Tower,0,2,8,34,44,0,0,9,17,26,0,2,17,51,70,4,8,12,82
06/13/2013,FOE,KS,ACE,CE,Federal Contract Tower,2,0,3,16,21,0,0,7,11,18,2,0,10,27,39,8,16,24,63
06/14/2013,FOE,KS,ACE,CE,Federal Contract Tower,4,0,9,30,43,0,0,2,24,26,4,0,11,54,69,0,24,24,93
06/15/2013,FOE,KS,ACE,CE,Federal Contract Tower,0,0,2,1,3,0,0,3,0,3,0,0,5,1,6,0,0,0,6
06/16/2013,FOE,KS,ACE,CE,Federal Contract Tower,0,0,2,13,15,0,0,8,0,8,0,0,10,13,23,2,6,8,31
06/17/2013,FOE,KS,ACE,CE,Federal Contract Tower,0,0,9,18,27,0,0,2,12,14,0,0,11,30,41,0,8,8,49
06/18/2013,FOE,KS,ACE,CE,Federal Contract Tower,0,0,5,24,29,0,0,5,31,36,0,0,10,55,65,0,58,58,123
06/19/2013,FOE,KS,ACE,CE,Federal Contract Tower,0,0,6,23,29,0,0,16,22,38,0,0,22,45,67,4,118,122,189
06/20/2013,FOE,KS,ACE,CE,Federal Contract Tower,2,2,4,15,23,0,0,4,38,42,2,2,8,53,65,2,46,48,113
06/21/2013,FOE,KS,ACE,CE,Federal Contract Tower,0,0,14,45,59,0,0,3,14,17,0,0,17,59,76,2,10,12,88
06/22/2013,FOE,KS,ACE,CE,Federal Contract Tower,0,0,4,6,10,0,0,7,2,9,0,0,11,8,19,0,2,2,21
06/23/2013,FOE,KS,ACE,CE,Federal Contract Tower,0,0,4,0,4,0,0,6,0,6,0,0,10,0,10,2,2,4,14
06/24/2013,FOE,KS,ACE,CE,Federal Contract Tower,0,0,5,29,34,0,0,3,3,6,0,0,8,32,40,0,24,24,64
06/25/2013,FOE,KS,ACE,CE,Federal Contract Tower,0,0,6,22,28,0,0,7,20,27,0,0,13,42,55,2,33,35,90
06/26/2013,FOE,KS,ACE,CE,Federal Contract Tower,0,0,11,32,43,0,0,25,21,46,0,0,36,53,89,38,50,88,177
06/27/2013,FOE,KS,ACE,CE,Federal Contract Tower,1,4,6,11,22,0,0,3,12,15,1,4,9,23,37,0,54,54,91
06/28/2013,FOE,KS,ACE,CE,Federal Contract Tower,0,0,7,24,31,0,0,5,9,14,0,0,12,33,45,22,20,42,87
06/29/2013,FOE,KS,ACE,CE,Federal Contract Tower,0,0,7,3,10,0,0,19,0,19,0,0,26,3,29,24,0,24,53
06/30/2013,FOE,KS,ACE,CE,Federal Contract Tower,0,0,3,4,7,0,0,6,0,6,0,0,9,4,13,0,4,4,17
07/01/2013,FOE,KS,ACE,CE,Federal Contract Tower,0,0,5,31,36,0,0,13,6,19,0,0,18,37,55,0,42,42,97
07/02/2013,FOE,KS,ACE,CE,Federal Contract Tower,0,0,12,21,33,0,0,14,14,28,0,0,26,35,61,0,44,44,105
07/03/2013,FOE,KS,ACE,CE,Federal Contract Tower,0,0,6,18,24,0,0,9,6,15,0,0,15,24,39,0,12,12,51
07/04/2013,FOE,KS,ACE,CE,Federal Contract Tower,0,0,4,0,4,0,0,13,0,13,0,0,17,0,17,0,0,0,17
07/05/2013,FOE,KS,ACE,CE,Federal Contract Tower,0,0,7,0,7,0,0,2,4,6,0,0,9,4,13,0,0,0,13
07/06/2013,FOE,KS,ACE,CE,Federal Contract Tower,0,0,2,0,2,0,0,1,0,1,0,0,3,0,3,0,0,0,3
07/07/2013,FOE,KS,ACE,CE,Federal Contract Tower,0,2,4,1,7,0,0,12,0,12,0,2,16,1,19,8,0,8,27
07/08/2013,FOE,KS,ACE,CE,Federal Contract Tower,0,0,7,18,25,0,0,14,0,14,0,0,21,18,39,0,40,40,79
07/09/2013,FOE,KS,ACE,CE,Federal Contract Tower,0,2,6,14,22,0,0,10,7,17,0,2,16,21,39,0,20,20,59
07/10/2013,FOE,KS,ACE,CE,Federal Contract Tower,0,2,12,36,50,0,0,6,16,22,0,2,18,52,72,6,30,36,108
07/11/2013,FOE,KS,ACE,CE,Federal Contract Tower,0,4,13,19,36,0,6,8,16,30,0,10,21,35,66,0,64,64,130
07/12/2013,FOE,KS,ACE,CE,Federal Contract Tower,0,0,5,10,15,0,0,11,14,25,0,0,16,24,40,2,10,12,52
07/13/2013,FOE,KS,ACE,CE,Federal Contract Tower,0,1,5,16,22,0,0,7,1,8,0,1,12,17,30,2,8,10,40
07/14/2013,FOE,KS,ACE,CE,Federal Contract Tower,0,0,1,14,15,0,0,6,6,12,0,0,7,20,27,0,2,2,29
07/15/2013,FOE,KS,ACE,CE,Federal Contract Tower,0,2,12,62,76,0,0,0,4,4,0,2,12,66,80,18,92,110,190
07/16/2013,FOE,KS,ACE,CE,Federal Contract Tower,0,2,12,23,37,0,0,6,13,19,0,2,18,36,56,0,38,38,94
07/17/2013,FOE,KS,ACE,CE,Federal Contract Tower,0,0,10,13,23,0,2,17,9,28,0,2,27,22,51,6,28,34,85
07/18/2013,FOE,KS,ACE,CE,Federal Contract Tower,2,0,5,20,27,0,0,4,12,16,2,0,9,32,43,0,30,30,73
07/19/2013,FOE,KS,ACE,CE,Federal Contract Tower,2,0,3,15,20,0,0,7,10,17,2,0,10,25,37,18,16,34,71
07/20/2013,FOE,KS,ACE,CE,Federal Contract Tower,4,0,5,1,10,0,0,1,0,1,4,0,6,1,11,0,0,0,11
07/21/2013,FOE,KS,ACE,CE,Federal Contract Tower,4,0,1,1,6,0,0,9,0,9,4,0,10,1,15,8,0,8,23
07/22/2013,FOE,KS,ACE,CE,Federal Contract Tower,1,4,12,3,20,0,0,25,10,35,1,4,37,13,55,0,20,20,75
07/23/2013,FOE,KS,ACE,CE,Federal Contract Tower,1,1,10,25,37,0,0,12,0,12,1,1,22,25,49,4,48,52,101
07/24/2013,FOE,KS,ACE,CE,Federal Contract Tower,2,1,8,26,37,0,2,7,22,31,2,3,15,48,68,2,88,90,158
07/25/2013,FOE,KS,ACE,CE,Federal Contract Tower,0,2,3,15,20,0,0,3,13,16,0,2,6,28,36,0,70,70,106
07/26/2013,FOE,KS,ACE,CE,Federal Contract Tower,0,0,4,45,49,0,4,10,23,37,0,4,14,68,86,8,40,48,134
07/27/2013,FOE,KS,ACE,CE,Federal Contract Tower,0,3,6,13,22,0,0,20,0,20,0,3,26,13,42,0,20,20,62
07/28/2013,FOE,KS,ACE,CE,Federal Contract Tower,0,0,2,0,2,0,0,0,0,0,0,0,2,0,2,0,0,0,2
07/29/2013,FOE,KS,ACE,CE,Federal Contract Tower,0,1,2,16,19,0,0,0,0,0,0,1,2,16,19,0,0,0,19
07/30/2013,FOE,KS,ACE,CE,Federal Contract Tower,0,0,4,11,15,0,0,2,2,4,0,0,6,13,19,0,14,14,33
07/31/2013,FOE,KS,ACE,CE,Federal Contract Tower,0,1,4,25,30,0,4,13,12,29,0,5,17,37,59,0,12,12,71
08/01/2013,FOE,KS,ACE,CE,Federal Contract Tower,0,2,4,20,26,0,0,61,18,79,0,2,65,38,105,10,32,42,147
08/02/2013,FOE,KS,ACE,CE,Federal Contract Tower,0,1,6,21,28,0,0,33,3,36,0,1,39,24,64,24,0,24,88
08/03/2013,FOE,KS,ACE,CE,Federal Contract Tower,4,0,4,8,16,0,0,184,1,185,4,0,188,9,201,116,0,116,317
08/04/2013,FOE,KS,ACE,CE,Federal Contract Tower,0,0,9,14,23,0,0,33,0,33,0,0,42,14,56,10,0,10,66
08/05/2013,FOE,KS,ACE,CE,Federal Contract Tower,4,0,11,37,52,0,0,16,2,18,4,0,27,39,70,0,4,4,74
08/06/2013,FOE,KS,ACE,CE,Federal Contract Tower,0,2,0,26,28,0,0,16,12,28,0,2,16,38,56,0,30,30,86
08/07/2013,FOE,KS,ACE,CE,Federal Contract Tower,1,0,8,14,23,0,0,0,3,3,1,0,8,17,26,0,18,18,44
08/08/2013,FOE,KS,ACE,CE,Federal Contract Tower,0,1,2,19,22,0,0,1,19,20,0,1,3,38,42,0,60,60,102
08/09/2013,FOE,KS,ACE,CE,Federal Contract Tower,3,1,6,26,36,0,0,9,12,21,3,1,15,38,57,8,22,30,87
08/10/2013,FOE,KS,ACE,CE,Federal Contract Tower,3,0,1,11,15,0,0,8,2,10,3,0,9,13,25,4,4,8,33
08/11/2013,FOE,KS,ACE,CE,Federal Contract Tower,2,2,5,0,9,0,6,5,0,11,2,8,10,0,20,20,0,20,40
08/12/2013,FOE,KS,ACE,CE,Federal Contract Tower,4,2,8,13,27,0,0,7,6,13,4,2,15,19,40,0,56,56,96
08/13/2013,FOE,KS,ACE,CE,Federal Contract Tower,0,2,13,28,43,0,6,4,11,21,0,8,17,39,64,0,14,14,78
08/14/2013,FOE,KS,ACE,CE,Federal Contract Tower,2,2,5,35,44,0,0,7,19,26,2,2,12,54,70,2,32,34,104
08/15/2013,FOE,KS,ACE,CE,Federal Contract Tower,2,2,11,29,44,0,0,0,8,8,2,2,11,37,52,0,14,14,66
08/16/2013,FOE,KS,ACE,CE,Federal Contract Tower,0,0,8,9,17,0,0,11,1,12,0,0,19,10,29,0,4,4,33
08/17/2013,FOE,KS,ACE,CE,Federal Contract Tower,0,0,2,3,5,0,0,18,0,18,0,0,20,3,23,4,0,4,27
08/18/2013,FOE,KS,ACE,CE,Federal Contract Tower,0,0,2,3,5,0,0,12,0,12,0,0,14,3,17,2,0,2,19
08/19/2013,FOE,KS,ACE,CE,Federal Contract Tower,0,0,2,44,46,0,0,19,4,23,0,0,21,48,69,6,96,102,171
08/20/2013,FOE,KS,ACE,CE,Federal Contract Tower,0,0,8,39,47,0,0,5,19,24,0,0,13,58,71,0,68,68,139
08/21/2013,FOE,KS,ACE,CE,Federal Contract Tower,0,1,8,23,32,0,0,6,9,15,0,1,14,32,47,6,24,30,77
08/22/2013,FOE,KS,ACE,CE,Federal Contract Tower,0,5,8,28,41,0,0,7,25,32,0,5,15,53,73,0,48,48,121
08/23/2013,FOE,KS,ACE,CE,Federal Contract Tower,0,0,1,15,16,0,0,6,17,23,0,0,7,32,39,0,58,58,97
08/24/2013,FOE,KS,ACE,CE,Federal Contract Tower,0,0,3,3,6,0,0,7,0,7,0,0,10,3,13,2,0,2,15
08/25/2013,FOE,KS,ACE,CE,Federal Contract Tower,0,0,4,4,8,0,1,3,4,8,0,1,7,8,16,0,0,0,16
08/26/2013,FOE,KS,ACE,CE,Federal Contract Tower,0,0,3,42,45,0,0,4,8,12,0,0,7,50,57,0,66,66,123
08/27/2013,FOE,KS,ACE,CE,Federal Contract Tower,0,0,5,31,36,0,0,10,10,20,0,0,15,41,56,0,28,28,84
08/28/2013,FOE,KS,ACE,CE,Federal Contract Tower,0,0,6,20,26,0,4,8,21,33,0,4,14,41,59,0,40,40,99
08/29/2013,FOE,KS,ACE,CE,Federal Contract Tower,0,2,5,29,36,0,0,5,10,15,0,2,10,39,51,0,30,30,81
08/30/2013,FOE,KS,ACE,CE,Federal Contract Tower,0,1,6,3,10,0,0,14,2,16,0,1,20,5,26,4,0,4,30
08/31/2013,FOE,KS,ACE,CE,Federal Contract Tower,0,0,1,1,2,0,0,6,1,7,0,0,7,2,9,0,0,0,9
09/01/2013,FOE,KS,ACE,CE,Federal Contract Tower,0,1,3,2,6,0,0,0,2,2,0,1,3,4,8,0,14,14,22
09/02/2013,FOE,KS,ACE,CE,Federal Contract Tower,0,0,2,1,3,0,0,8,0,8,0,0,10,1,11,0,0,0,11
09/03/2013,FOE,KS,ACE,CE,Federal Contract Tower,0,4,7,33,44,0,0,8,14,22,0,4,15,47,66,2,18,20,86
09/04/2013,FOE,KS,ACE,CE,Federal Contract Tower,0,1,3,30,34,0,0,8,21,29,0,1,11,51,63,0,72,72,135
09/05/2013,FOE,KS,ACE,CE,Federal Contract Tower,0,0,5,33,38,0,0,10,18,28,0,0,15,51,66,0,38,38,104
09/06/2013,FOE,KS,ACE,CE,Federal Contract Tower,0,0,7,39,46,0,0,30,10,40,0,0,37,49,86,0,32,32,118
09/07/2013,FOE,KS,ACE,CE,Federal Contract Tower,1,0,8,10,19,0,0,9,3,12,1,0,17,13,31,0,0,0,31
09/08/2013,FOE,KS,ACE,CE,Federal Contract Tower,1,0,6,1,8,0,0,8,0,8,1,0,14,1,16,0,2,2,18
09/09/2013,FOE,KS,ACE,CE,Federal Contract Tower,0,0,2,22,24,0,0,13,5,18,0,0,15,27,42,0,12,12,54
09/10/2013,FOE,KS,ACE,CE,Federal Contract Tower,0,0,8,16,24,0,0,8,25,33,0,0,16,41,57,0,30,30,87
09/11/2013,FOE,KS,ACE,CE,Federal Contract Tower,0,0,7,25,32,0,0,8,31,39,0,0,15,56,71,0,34,34,105
09/12/2013,FOE,KS,ACE,CE,Federal Contract Tower,0,0,15,33,48,0,0,34,63,97,0,0,49,96,145,0,82,82,227
09/13/2013,FOE,KS,ACE,CE,Federal Contract Tower,1,0,7,40,48,0,0,22,6,28,1,0,29,46,76,0,70,70,146
09/14/2013,FOE,KS,ACE,CE,Federal Contract Tower,0,0,0,4,4,0,0,11,6,17,0,0,11,10,21,0,12,12,33
09/15/2013,FOE,KS,ACE,CE,Federal Contract Tower,0,1,7,4,12,0,0,0,10,10,0,1,7,14,22,0,6,6,28
09/16/2013,FOE,KS,ACE,CE,Federal Contract Tower,0,1,1,31,33,0,0,0,0,0,0,1,1,31,33,0,4,4,37
09/17/2013,FOE,KS,ACE,CE,Federal Contract Tower,0,4,5,19,28,0,0,2,5,7,0,4,7,24,35,2,0,2,37
09/18/2013,FOE,KS,ACE,CE,Federal Contract Tower,0,5,6,25,36,0,0,10,7,17,0,5,16,32,53,0,20,20,73
09/19/2013,FOE,KS,ACE,CE,Federal Contract Tower,0,6,3,4,13,0,0,3,5,8,0,6,6,9,21,0,0,0,21
09/20/2013,FOE,KS,ACE,CE,Federal Contract Tower,0,5,7,24,36,0,0,5,8,13,0,5,12,32,49,0,6,6,55
09/21/2013,FOE,KS,ACE,CE,Federal Contract Tower,0,0,3,9,12,0,0,12,0,12,0,0,15,9,24,0,4,4,28
09/22/2013,FOE,KS,ACE,CE,Federal Contract Tower,0,3,4,18,25,0,0,10,3,13,0,3,14,21,38,4,32,36,74
09/23/2013,FOE,KS,ACE,CE,Federal Contract Tower,0,0,7,17,24,0,0,13,7,20,0,0,20,24,44,2,12,14,58
09/24/2013,FOE,KS,ACE,CE,Federal Contract Tower,0,0,4,19,23,0,0,2,10,12,0,0,6,29,35,0,32,32,67
09/25/2013,FOE,KS,ACE,CE,Federal Contract Tower,0,4,8,4,16,0,0,6,7,13,0,4,14,11,29,0,22,22,51
09/26/2013,FOE,KS,ACE,CE,Federal Contract Tower,0,0,7,5,12,0,0,9,20,29,0,0,16,25,41,0,0,0,41
09/27/2013,FOE,KS,ACE,CE,Federal Contract Tower,0,0,8,8,16,0,0,10,2,12,0,0,18,10,28,0,0,0,28
09/28/2013,FOE,KS,ACE,CE,Federal Contract Tower,0,0,2,2,4,0,0,6,0,6,0,0,8,2,10,0,0,0,10
09/29/2013,FOE,KS,ACE,CE,Federal Contract Tower,0,0,4,4,8,0,0,8,8,16,0,0,12,12,24,4,12,16,40
09/30/2013,FOE,KS,ACE,CE,Federal Contract Tower,0,0,3,7,10,0,0,19,0,19,0,0,22,7,29,10,0,10,39
10/01/2013,FOE,KS,ACE,CE,Federal Contract Tower,0,0,4,20,24,0,0,10,6,16,0,0,14,26,40,0,10,10,50
10/02/2013,FOE,KS,ACE,CE,Federal Contract Tower,0,4,9,15,28,0,0,8,3,11,0,4,17,18,39,0,0,0,39
10/03/2013,FOE,KS,ACE,CE,Federal Contract Tower,2,2,7,3,14,0,0,5,0,5,2,2,12,3,19,2,0,2,21
10/04/2013,FOE,KS,ACE,CE,Federal Contract Tower,0,1,26,7,34,0,0,5,9,14,0,1,31,16,48,4,12,16,64
10/05/2013,FOE,KS,ACE,CE,Federal Contract Tower,1,0,3,5,9,0,0,8,7,15,1,0,11,12,24,1,3,4,28
10/06/2013,FOE,KS,ACE,CE,Federal Contract Tower,4,2,8,2,16,0,0,5,4,9,4,2,13,6,25,8,6,14,39
10/07/2013,FOE,KS,ACE,CE,Federal Contract Tower,0,0,1,14,15,0,0,15,4,19,0,0,16,18,34,0,20,20,54
10/08/2013,FOE,KS,ACE,CE,Federal Contract Tower,0,0,8,24,32,0,0,6,7,13,0,0,14,31,45,4,8,12,57
10/09/2013,FOE,KS,ACE,CE,Federal Contract Tower,2,4,8,19,33,0,0,10,8,18,2,4,18,27,51,2,20,22,73
10/10/2013,FOE,KS,ACE,CE,Federal Contract Tower,0,2,4,26,32,0,0,16,9,25,0,2,20,35,57,16,26,42,99
10/11/2013,FOE,KS,ACE,CE,Federal Contract Tower,2,0,6,6,14,0,0,5,0,5,2,0,11,6,19,12,0,12,31
10/12/2013,FOE,KS,ACE,CE,Federal Contract Tower,3,0,3,1,7,0,0,7,0,7,3,0,10,1,14,0,0,0,14
10/13/2013,FOE,KS,ACE,CE,Federal Contract Tower,0,0,2,0,2,0,0,9,0,9,0,0,11,0,11,0,0,0,11
10/14/2013,FOE,KS,ACE,CE,Federal Contract Tower,0,0,8,0,8,0,0,3,0,3,0,0,11,0,11,40,0,40,51
10/15/2013,FOE,KS,ACE,CE,Federal Contract Tower,0,0,9,17,26,0,0,1,3,4,0,0,10,20,30,0,18,18,48
10/16/2013,FOE,KS,ACE,CE,Federal Contract Tower,0,0,3,2,5,0,0,9,2,11,0,0,12,4,16,8,0,8,24
10/17/2013,FOE,KS,ACE,CE,Federal Contract Tower,0,2,8,27,37,0,0,3,6,9,0,2,11,33,46,0,20,20,66
10/18/2013,FOE,KS,ACE,CE,Federal Contract Tower,1,1,9,15,26,0,0,9,6,15,1,1,18,21,41,2,19,21,62
10/19/2013,FOE,KS,ACE,CE,Federal Contract Tower,2,0,2,0,4,0,2,6,0,8,2,2,8,0,12,6,0,6,18
10/20/2013,FOE,KS,ACE,CE,Federal Contract Tower,0,0,4,0,4,0,0,12,0,12,0,0,16,0,16,0,4,4,20
10/21/2013,FOE,KS,ACE,CE,Federal Contract Tower,0,0,6,23,29,0,0,18,0,18,0,0,24,23,47,0,70,70,117
10/22/2013,FOE,KS,ACE,CE,Federal Contract Tower,0,2,10,29,41,0,0,3,13,16,0,2,13,42,57,0,40,40,97
10/23/2013,FOE,KS,ACE,CE,Federal Contract Tower,0,2,14,19,35,0,2,8,11,21,0,4,22,30,56,2,36,38,94
10/24/2013,FOE,KS,ACE,CE,Federal Contract Tower,2,0,4,37,43,0,0,8,18,26,2,0,12,55,69,0,36,36,105
10/25/2013,FOE,KS,ACE,CE,Federal Contract Tower,0,1,6,12,19,0,0,9,13,22,0,1,15,25,41,0,40,40,81
10/26/2013,FOE,KS,ACE,CE,Federal Contract Tower,1,0,4,6,11,0,0,8,6,14,1,0,12,12,25,4,4,8,33
10/27/2013,FOE,KS,ACE,CE,Federal Contract Tower,0,0,3,2,5,0,2,4,0,6,0,2,7,2,11,4,0,4,15
10/28/2013,FOE,KS,ACE,CE,Federal Contract Tower,0,2,9,24,35,0,0,14,5,19,0,2,23,29,54,6,24,30,84
10/29/2013,FOE,KS,ACE,CE,Federal Contract Tower,0,2,5,4,11,0,0,0,0,0,0,2,5,4,11,0,0,0,11
10/30/2013,FOE,KS,ACE,CE,Federal Contract Tower,0,4,6,6,16,0,0,0,0,0,0,4,6,6,16,0,0,0,16
10/31/2013,FOE,KS,ACE,CE,Federal Contract Tower,0,2,4,18,24,0,0,1,4,5,0,2,5,22,29,0,0,0,29
11/01/2013,FOE,KS,ACE,CE,Federal Contract Tower,2,0,7,20,29,0,0,6,12,18,2,0,13,32,47,2,22,24,71
11/02/2013,FOE,KS,ACE,CE,Federal Contract Tower,1,0,0,5,6,0,0,10,40,50,1,0,10,45,56,0,4,4,60
11/03/2013,FOE,KS,ACE,CE,Federal Contract Tower,2,0,3,12,17,0,2,5,0,7,2,2,8,12,24,0,1,1,25
11/04/2013,FOE,KS,ACE,CE,Federal Contract Tower,0,0,8,68,76,0,0,27,5,32,0,0,35,73,108,12,152,164,272
11/05/2013,FOE,KS,ACE,CE,Federal Contract Tower,0,0,2,3,5,0,0,0,0,0,0,0,2,3,5,0,0,0,5
11/06/2013,FOE,KS,ACE,CE,Federal Contract Tower,2,2,7,29,40,0,0,2,15,17,2,2,9,44,57,0,14,14,71
11/07/2013,FOE,KS,ACE,CE,Federal Contract Tower,0,0,8,22,30,0,0,5,16,21,0,0,13,38,51,0,14,14,65
11/08/2013,FOE,KS,ACE,CE,Federal Contract Tower,2,0,10,3,15,0,0,4,1,5,2,0,14,4,20,0,0,0,20
11/09/2013,FOE,KS,ACE,CE,Federal Contract Tower,1,0,6,2,9,0,0,22,0,22,1,0,28,2,31,6,0,6,37
11/10/2013,FOE,KS,ACE,CE,Federal Contract Tower,0,0,0,6,6,0,0,5,0,5,0,0,5,6,11,0,0,0,11
11/11/2013,FOE,KS,ACE,CE,Federal Contract Tower,2,0,4,1,7,0,0,4,0,4,2,0,8,1,11,0,0,0,11
11/12/2013,FOE,KS,ACE,CE,Federal Contract Tower,0,0,3,32,35,0,0,3,21,24,0,0,6,53,59,0,74,74,133
11/13/2013,FOE,KS,ACE,CE,Federal Contract Tower,0,0,3,26,29,0,2,1,24,27,0,2,4,50,56,0,48,48,104
11/14/2013,FOE,KS,ACE,CE,Federal Contract Tower,0,0,4,19,23,0,0,9,29,38,0,0,13,48,61,0,40,40,101
11/15/2013,FOE,KS,ACE,CE,Federal Contract Tower,0,0,6,19,25,0,0,10,24,34,0,0,16,43,59,0,18,18,77
11/16/2013,FOE,KS,ACE,CE,Federal Contract Tower,2,0,2,3,7,0,0,0,0,0,2,0,2,3,7,0,0,0,7
11/17/2013,FOE,KS,ACE,CE,Federal Contract Tower,4,0,6,0,10,0,0,1,0,1,4,0,7,0,11,0,4,4,15
11/18/2013,FOE,KS,ACE,CE,Federal Contract Tower,0,0,5,34,39,0,0,9,4,13,0,0,14,38,52,0,36,36,88
11/19/2013,FOE,KS,ACE,CE,Federal Contract Tower,2,0,2,45,49,0,0,5,7,12,2,0,7,52,61,0,8,8,69
11/20/2013,FOE,KS,ACE,CE,Federal Contract Tower,0,0,3,40,43,0,0,4,16,20,0,0,7,56,63,6,44,50,113
11/21/2013,FOE,KS,ACE,CE,Federal Contract Tower,0,0,0,28,28,0,0,0,0,0,0,0,0,28,28,0,0,0,28
11/22/2013,FOE,KS,ACE,CE,Federal Contract Tower,6,0,6,31,43,0,0,4,2,6,6,0,10,33,49,0,0,0,49
11/23/2013,FOE,KS,ACE,CE,Federal Contract Tower,1,0,11,4,16,0,0,8,0,8,1,0,19,4,24,0,10,10,34
11/24/2013,FOE,KS,ACE,CE,Federal Contract Tower,0,1,1,3,5,0,0,0,0,0,0,1,1,3,5,0,0,0,5
11/25/2013,FOE,KS,ACE,CE,Federal Contract Tower,0,0,5,48,53,0,0,15,8,23,0,0,20,56,76,8,106,114,190
11/26/2013,FOE,KS,ACE,CE,Federal Contract Tower,4,0,5,40,49,0,0,6,8,14,4,0,11,48,63,8,20,28,91
11/27/2013,FOE,KS,ACE,CE,Federal Contract Tower,0,0,8,17,25,0,0,7,10,17,0,0,15,27,42,14,32,46,88
11/28/2013,FOE,KS,ACE,CE,Federal Contract Tower,0,0,1,0,1,0,0,5,0,5,0,0,6,0,6,0,0,0,6
11/29/2013,FOE,KS,ACE,CE,Federal Contract Tower,0,0,8,0,8,0,0,5,0,5,0,0,13,0,13,0,0,0,13
11/30/2013,FOE,KS,ACE,CE,Federal Contract Tower,0,0,2,0,2,0,0,3,0,3,0,0,5,0,5,0,0,0,5
12/01/2013,FOE,KS,ACE,CE,Federal Contract Tower,8,0,4,0,12,0,0,4,0,4,8,0,8,0,16,0,0,0,16
12/02/2013,FOE,KS,ACE,CE,Federal Contract Tower,3,0,1,12,16,0,0,15,3,18,3,0,16,15,34,0,22,22,56
12/03/2013,FOE,KS,ACE,CE,Federal Contract Tower,0,4,5,19,28,0,0,20,14,34,0,4,25,33,62,0,40,40,102
12/04/2013,FOE,KS,ACE,CE,Federal Contract Tower,0,2,1,12,15,0,0,0,1,1,0,2,1,13,16,0,4,4,20
12/05/2013,FOE,KS,ACE,CE,Federal Contract Tower,0,0,3,66,69,0,0,0,25,25,0,0,3,91,94,0,74,74,168
12/06/2013,FOE,KS,ACE,CE,Federal Contract Tower,4,0,3,44,51,0,0,1,32,33,4,0,4,76,84,2,64,66,150
12/07/2013,FOE,KS,ACE,CE,Federal Contract Tower,4,0,3,4,11,0,0,0,0,0,4,0,3,4,11,0,0,0,11
12/08/2013,FOE,KS,ACE,CE,Federal Contract Tower,0,1,1,1,3,0,0,0,0,0,0,1,1,1,3,0,0,0,3
12/09/2013,FOE,KS,ACE,CE,Federal Contract Tower,4,1,8,21,34,0,0,0,3,3,4,1,8,24,37,0,58,58,95
12/10/2013,FOE,KS,ACE,CE,Federal Contract Tower,2,0,3,32,37,0,0,5,22,27,2,0,8,54,64,0,40,40,104
12/11/2013,FOE,KS,ACE,CE,Federal Contract Tower,0,0,4,28,32,0,0,2,18,20,0,0,6,46,52,2,38,40,92
12/12/2013,FOE,KS,ACE,CE,Federal Contract Tower,0,0,17,24,41,0,0,9,23,32,0,0,26,47,73,2,12,14,87
12/13/2013,FOE,KS,ACE,CE,Federal Contract Tower,2,0,4,11,17,0,0,0,3,3,2,0,4,14,20,0,0,0,20
12/14/2013,FOE,KS,ACE,CE,Federal Contract Tower,2,0,0,2,4,0,0,0,5,5,2,0,0,7,9,0,0,0,9
12/15/2013,FOE,KS,ACE,CE,Federal Contract Tower,0,0,1,3,4,0,0,4,1,5,0,0,5,4,9,0,0,0,9
12/16/2013,FOE,KS,ACE,CE,Federal Contract Tower,0,0,9,37,46,0,0,4,3,7,0,0,13,40,53,0,58,58,111
12/17/2013,FOE,KS,ACE,CE,Federal Contract Tower,0,0,7,36,43,0,5,5,23,33,0,5,12,59,76,0,50,50,126
12/18/2013,FOE,KS,ACE,CE,Federal Contract Tower,0,0,3,25,28,0,0,6,20,26,0,0,9,45,54,0,34,34,88
12/19/2013,FOE,KS,ACE,CE,Federal Contract Tower,2,0,1,32,35,0,0,1,29,30,2,0,2,61,65,0,64,64,129
12/20/2013,FOE,KS,ACE,CE,Federal Contract Tower,0,0,3,12,15,0,0,0,30,30,0,0,3,42,45,0,32,32,77
12/21/2013,FOE,KS,ACE,CE,Federal Contract Tower,0,4,0,0,4,0,0,0,0,0,0,4,0,0,4,0,0,0,4
12/22/2013,FOE,KS,ACE,CE,Federal Contract Tower,0,3,3,0,6,0,1,4,0,5,0,4,7,0,11,0,0,0,11
12/23/2013,FOE,KS,ACE,CE,Federal Contract Tower,0,2,4,2,8,0,0,0,0,0,0,2,4,2,8,0,0,0,8
12/24/2013,FOE,KS,ACE,CE,Federal Contract Tower,0,0,2,0,2,0,0,1,0,1,0,0,3,0,3,0,0,0,3
12/25/2013,FOE,KS,ACE,CE,Federal Contract Tower,0,0,2,0,2,0,0,2,0,2,0,0,4,0,4,0,0,0,4
12/26/2013,FOE,KS,ACE,CE,Federal Contract Tower,0,0,6,4,10,0,0,4,0,4,0,0,10,4,14,2,0,2,16
12/27/2013,FOE,KS,ACE,CE,Federal Contract Tower,0,2,1,7,10,0,0,23,0,23,0,2,24,7,33,0,0,0,33
12/28/2013,FOE,KS,ACE,CE,Federal Contract Tower,0,2,0,2,4,0,0,10,0,10,0,2,10,2,14,0,0,0,14
12/29/2013,FOE,KS,ACE,CE,Federal Contract Tower,0,0,2,0,2,0,0,4,0,4,0,0,6,0,6,0,0,0,6
12/30/2013,FOE,KS,ACE,CE,Federal Contract Tower,0,0,5,14,19,0,0,4,5,9,0,0,9,19,28,8,18,26,54
12/31/2013,FOE,KS,ACE,CE,Federal Contract Tower,0,0,0,0,0,0,0,1,0,1,0,0,1,0,1,0,0,0,1
01/01/2014,FOE,KS,ACE,CE,Federal Contract Tower,0,2,1,0,3,0,0,0,0,0,0,2,1,0,3,0,0,0,3
01/02/2014,FOE,KS,ACE,CE,Federal Contract Tower,0,1,4,4,9,0,0,2,2,4,0,1,6,6,13,44,0,44,57
01/03/2014,FOE,KS,ACE,CE,Federal Contract Tower,0,2,7,3,12,0,0,10,6,16,0,2,17,9,28,0,8,8,36
01/04/2014,FOE,KS,ACE,CE,Federal Contract Tower,0,2,3,2,7,0,0,6,4,10,0,2,9,6,17,10,0,10,27
01/05/2014,FOE,KS,ACE,CE,Federal Contract Tower,0,0,1,0,1,0,0,0,5,5,0,0,1,5,6,0,0,0,6
01/06/2014,FOE,KS,ACE,CE,Federal Contract Tower,0,0,1,4,5,0,0,1,0,1,0,0,2,4,6,0,0,0,6
01/07/2014,FOE,KS,ACE,CE,Federal Contract Tower,6,0,5,12,23,0,0,1,6,7,6,0,6,18,30,2,24,26,56
01/08/2014,FOE,KS,ACE,CE,Federal Contract Tower,1,5,10,12,28,0,0,2,6,8,1,5,12,18,36,0,38,38,74
01/09/2014,FOE,KS,ACE,CE,Federal Contract Tower,1,3,7,5,16,0,0,2,0,2,1,3,9,5,18,4,16,20,38
01/10/2014,FOE,KS,ACE,CE,Federal Contract Tower,0,5,2,1,8,0,0,0,0,0,0,5,2,1,8,0,0,0,8
01/11/2014,FOE,KS,ACE,CE,Federal Contract Tower,0,4,3,0,7,0,0,7,0,7,0,4,10,0,14,0,0,0,14
01/12/2014,FOE,KS,ACE,CE,Federal Contract Tower,0,3,0,10,13,0,0,3,0,3,0,3,3,10,16,0,28,28,44
01/13/2014,FOE,KS,ACE,CE,Federal Contract Tower,0,4,5,32,41,0,0,12,5,17,0,4,17,37,58,8,62,70,128
01/14/2014,FOE,KS,ACE,CE,Federal Contract Tower,0,5,6,28,39,0,0,2,12,14,0,5,8,40,53,0,20,20,73
01/15/2014,FOE,KS,ACE,CE,Federal Contract Tower,0,3,4,25,32,0,0,2,21,23,0,3,6,46,55,2,42,44,99
01/16/2014,FOE,KS,ACE,CE,Federal Contract Tower,2,5,4,53,64,0,1,3,10,14,2,6,7,63,78,0,12,12,90
01/17/2014,FOE,KS,ACE,CE,Federal Contract Tower,0,5,2,15,22,0,0,7,5,12,0,5,9,20,34,0,4,4,38
01/18/2014,FOE,KS,ACE,CE,Federal Contract Tower,0,5,4,0,9,0,0,1,0,1,0,5,5,0,10,0,0,0,10
01/19/2014,FOE,KS,ACE,CE,Federal Contract Tower,4,6,1,4,15,0,0,4,0,4,4,6,5,4,19,0,0,0,19
01/20/2014,FOE,KS,ACE,CE,Federal Contract Tower,1,3,0,12,16,0,0,17,2,19,1,3,17,14,35,6,0,6,41
01/21/2014,FOE,KS,ACE,CE,Federal Contract Tower,2,4,2,17,25,0,0,2,7,9,2,4,4,24,34,0,14,14,48
01/22/2014,FOE,KS,ACE,CE,Federal Contract Tower,0,3,6,34,43,0,0,20,16,36,0,3,26,50,79,10,76,86,165
01/23/2014,FOE,KS,ACE,CE,Federal Contract Tower,0,2,4,16,22,0,0,4,18,22,0,2,8,34,44,0,38,38,82
01/24/2014,FOE,KS,ACE,CE,Federal Contract Tower,2,3,9,18,32,0,0,2,6,8,2,3,11,24,40,0,6,6,46
01/25/2014,FOE,KS,ACE,CE,Federal Contract Tower,0,4,5,12,21,0,0,1,3,4,0,4,6,15,25,0,4,4,29
01/26/2014,FOE,KS,ACE,CE,Federal Contract Tower,0,3,3,9,15,0,0,2,5,7,0,3,5,14,22,0,10,10,32
01/27/2014,FOE,KS,ACE,CE,Federal Contract Tower,0,2,7,28,37,0,0,5,0,5,0,2,12,28,42,34,38,72,114
01/28/2014,FOE,KS,ACE,CE,Federal Contract Tower,0,1,9,19,29,0,0,2,5,7,0,1,11,24,36,0,6,6,42
01/29/2014,FOE,KS,ACE,CE,Federal Contract Tower,0,2,11,27,40,0,0,4,10,14,0,2,15,37,54,0,20,20,74
01/30/2014,FOE,KS,ACE,CE,Federal Contract Tower,0,4,2,7,13,0,0,9,6,15,0,4,11,13,28,4,20,24,52
01/31/2014,FOE,KS,ACE,CE,Federal Contract Tower,2,5,9,5,21,0,0,4,0,4,2,5,13,5,25,0,0,0,25
02/01/2014,FOE,KS,ACE,CE,Federal Contract Tower,2,4,4,4,14,0,0,2,0,2,2,4,6,4,16,10,0,10,26
02/02/2014,FOE,KS,ACE,CE,Federal Contract Tower,0,4,2,8,14,0,0,4,0,4,0,4,6,8,18,0,10,10,28
02/03/2014,FOE,KS,ACE,CE,Federal Contract Tower,1,4,1,24,30,0,0,0,0,0,1,4,1,24,30,6,40,46,76
02/04/2014,FOE,KS,ACE,CE,Federal Contract Tower,0,1,1,0,2,0,0,0,0,0,0,1,1,0,2,0,0,0,2
02/05/2014,FOE,KS,ACE,CE,Federal Contract Tower,2,2,1,4,9,0,0,3,2,5,2,2,4,6,14,0,0,0,14
02/06/2014,FOE,KS,ACE,CE,Federal Contract Tower,1,3,6,10,20,0,2,3,11,16,1,5,9,21,36,0,0,0,36
02/07/2014,FOE,KS,ACE,CE,Federal Contract Tower,1,3,6,13,23,0,0,3,16,19,1,3,9,29,42,0,36,36,78
02/08/2014,FOE,KS,ACE,CE,Federal Contract Tower,1,6,1,1,9,0,0,0,0,0,1,6,1,1,9,0,0,0,9
02/09/2014,FOE,KS,ACE,CE,Federal Contract Tower,0,6,1,0,7,0,0,0,0,0,0,6,1,0,7,0,0,0,7
02/10/2014,FOE,KS,ACE,CE,Federal Contract Tower,0,3,3,6,12,0,0,0,2,2,0,3,3,8,14,0,10,10,24
02/11/2014,FOE,KS,ACE,CE,Federal Contract Tower,0,6,9,6,21,0,0,4,4,8,0,6,13,10,29,0,8,8,37
02/12/2014,FOE,KS,ACE,CE,Federal Contract Tower,0,4,4,13,21,0,0,4,15,19,0,4,8,28,40,12,0,12,52
02/13/2014,FOE,KS,ACE,CE,Federal Contract Tower,0,3,9,19,31,0,0,6,7,13,0,3,15,26,44,2,14,16,60
02/14/2014,FOE,KS,ACE,CE,Federal Contract Tower,0,4,6,10,20,0,0,2,2,4,0,4,8,12,24,0,4,4,28
02/15/2014,FOE,KS,ACE,CE,Federal Contract Tower,0,2,4,2,8,0,0,11,0,11,0,2,15,2,19,0,6,6,25
02/16/2014,FOE,KS,ACE,CE,Federal Contract Tower,0,4,3,2,9,0,0,1,0,1,0,4,4,2,10,0,0,0,10
02/17/2014,FOE,KS,ACE,CE,Federal Contract Tower,1,5,4,0,10,0,0,6,0,6,1,5,10,0,16,4,0,4,20
02/18/2014,FOE,KS,ACE,CE,Federal Contract Tower,0,3,17,23,43,0,0,10,8,18,0,3,27,31,61,2,18,20,81
02/19/2014,FOE,KS,ACE,CE,Federal Contract Tower,0,6,11,29,46,0,0,7,26,33,0,6,18,55,79,2,54,56,135
02/20/2014,FOE,KS,ACE,CE,Federal Contract Tower,0,3,4,5,12,0,0,0,0,0,0,3,4,5,12,0,0,0,12
02/21/2014,FOE,KS,ACE,CE,Federal Contract Tower,2,5,6,14,27,0,0,1,0,1,2,5,7,14,28,4,0,4,32
02/22/2014,FOE,KS,ACE,CE,Federal Contract Tower,2,4,0,5,11,0,0,6,14,20,2,4,6,19,31,0,28,28,59
02/23/2014,FOE,KS,ACE,CE,Federal Contract Tower,0,2,1,11,14,0,0,1,0,1,0,2,2,11,15,6,4,10,25
02/24/2014,FOE,KS,ACE,CE,Federal Contract Tower,0,6,7,18,31,0,0,6,9,15,0,6,13,27,46,0,28,28,74
02/25/2014,FOE,KS,ACE,CE,Federal Contract Tower,0,7,2,24,33,0,0,3,8,11,0,7,5,32,44,0,18,18,62
02/26/2014,FOE,KS,ACE,CE,Federal Contract Tower,2,6,6,36,50,0,0,7,17,24,2,6,13,53,74,2,30,32,106
02/27/2014,FOE,KS,ACE,CE,Federal Contract Tower,0,4,3,21,28,0,2,6,30,38,0,6,9,51,66,0,84,84,150
02/28/2014,FOE,KS,ACE,CE,Federal Contract Tower,0,3,8,13,24,0,0,3,15,18,0,3,11,28,42,2,42,44,86
03/01/2014,FOE,KS,ACE,CE,Federal Contract Tower,0,3,0,1,4,0,0,0,0,0,0,3,0,1,4,0,0,0,4
03/02/2014,FOE,KS,ACE,CE,Federal Contract Tower,0,2,1,2,5,0,0,0,0,0,0,2,1,2,5,0,0,0,5
03/03/2014,FOE,KS,ACE,CE,Federal Contract Tower,0,3,3,10,16,0,0,4,3,7,0,3,7,13,23,0,40,40,63
03/04/2014,FOE,KS,ACE,CE,Federal Contract Tower,0,4,6,20,30,0,0,0,0,0,0,4,6,20,30,2,50,52,82
03/05/2014,FOE,KS,ACE,CE,Federal Contract Tower,0,3,9,18,30,0,0,2,9,11,0,3,11,27,41,0,82,82,123
03/06/2014,FOE,KS,ACE,CE,Federal Contract Tower,1,3,8,25,37,0,0,5,13,18,1,3,13,38,55,0,34,34,89
03/07/2014,FOE,KS,ACE,CE,Federal Contract Tower,3,4,6,9,22,0,0,8,13,21,3,4,14,22,43,0,0,0,43
03/08/2014,FOE,KS,ACE,CE,Federal Contract Tower,2,7,10,3,22,0,2,6,0,8,2,9,16,3,30,8,6,14,44
03/09/2014,FOE,KS,ACE,CE,Federal Contract Tower,2,3,5,7,17,0,0,9,1,10,2,3,14,8,27,6,6,12,39
03/10/2014,FOE,KS,ACE,CE,Federal Contract Tower,1,18,4,31,54,0,0,13,9,22,1,18,17,40,76,8,120,128,204
03/11/2014,FOE,KS,ACE,CE,Federal Contract Tower,0,3,9,15,27,0,0,14,1,15,0,3,23,16,42,0,8,8,50
03/12/2014,FOE,KS,ACE,CE,Federal Contract Tower,2,12,11,44,69,0,0,2,33,35,2,12,13,77,104,4,34,38,142
03/13/2014,FOE,KS,ACE,CE,Federal Contract Tower,1,3,10,13,27,0,0,7,15,22,1,3,17,28,49,0,22,22,71
03/14/2014,FOE,KS,ACE,CE,Federal Contract Tower,0,3,7,30,40,0,0,5,15,20,0,3,12,45,60,0,36,36,96
03/15/2014,FOE,KS,ACE,CE,Federal Contract Tower,1,3,5,5,14,0,0,11,4,15,1,3,16,9,29,0,2,2,31
03/16/2014,FOE,KS,ACE,CE,Federal Contract Tower,0,4,1,20,25,0,0,0,6,6,0,4,1,26,31,0,8,8,39
03/17/2014,FOE,KS,ACE,CE,Federal Contract Tower,0,4,1,32,37,0,0,19,10,29,0,4,20,42,66,0,66,66,132
03/18/2014,FOE,KS,ACE,CE,Federal Contract Tower,0,3,7,21,31,0,0,8,8,16,0,3,15,29,47,2,32,34,81
03/19/2014,FOE,KS,ACE,CE,Federal Contract Tower,0,5,6,31,42,0,1,13,12,26,0,6,19,43,68,0,28,28,96
03/20/2014,FOE,KS,ACE,CE,Federal Contract Tower,0,3,4,23,30,0,0,4,15,19,0,3,8,38,49,4,12,16,65
03/21/2014,FOE,KS,ACE,CE,Federal Contract Tower,0,3,6,35,44,0,0,9,9,18,0,3,15,44,62,2,24,26,88
03/22/2014,FOE,KS,ACE,CE,Federal Contract Tower,0,2,0,4,6,0,0,2,0,2,0,2,2,4,8,6,0,6,14
03/23/2014,FOE,KS,ACE,CE,Federal Contract Tower,0,4,7,7,18,0,0,9,0,9,0,4,16,7,27,6,0,6,33
03/24/2014,FOE,KS,ACE,CE,Federal Contract Tower,0,4,6,12,22,0,0,0,0,0,0,4,6,12,22,0,0,0,22
03/25/2014,FOE,KS,ACE,CE,Federal Contract Tower,0,4,10,38,52,0,0,8,19,27,0,4,18,57,79,0,48,48,127
03/26/2014,FOE,KS,ACE,CE,Federal Contract Tower,0,4,4,12,20,0,1,6,9,16,0,5,10,21,36,6,6,12,48
03/27/2014,FOE,KS,ACE,CE,Federal Contract Tower,0,5,6,27,38,0,0,0,8,8,0,5,6,35,46,0,6,6,52
03/28/2014,FOE,KS,ACE,CE,Federal Contract Tower,0,3,4,22,29,0,0,0,8,8,0,3,4,30,37,0,8,8,45
03/29/2014,FOE,KS,ACE,CE,Federal Contract Tower,0,2,6,2,10,0,0,9,0,9,0,2,15,2,19,0,6,6,25
03/30/2014,FOE,KS,ACE,CE,Federal Contract Tower,0,3,3,1,7,0,0,2,0,2,0,3,5,1,9,0,0,0,9
03/31/2014,FOE,KS,ACE,CE,Federal Contract Tower,0,3,6,32,41,0,0,4,0,4,0,3,10,32,45,0,8,8,53
04/01/2014,FOE,KS,ACE,CE,Federal Contract Tower,0,4,6,39,49,0,0,10,13,23,0,4,16,52,72,0,52,52,124
04/02/2014,FOE,KS,ACE,CE,Federal Contract Tower,0,3,8,20,31,0,0,0,0,0,0,3,8,20,31,0,0,0,31
04/03/2014,FOE,KS,ACE,CE,Federal Contract Tower,1,3,7,4,15,0,0,0,0,0,1,3,7,4,15,0,0,0,15
04/04/2014,FOE,KS,ACE,CE,Federal Contract Tower,5,3,4,10,22,0,0,4,16,20,5,3,8,26,42,0,10,10,52
04/05/2014,FOE,KS,ACE,CE,Federal Contract Tower,0,2,3,7,12,0,0,14,15,29,0,2,17,22,41,4,4,8,49
04/06/2014,FOE,KS,ACE,CE,Federal Contract Tower,1,4,2,2,9,0,0,3,0,3,1,4,5,2,12,0,0,0,12
04/07/2014,FOE,KS,ACE,CE,Federal Contract Tower,6,5,3,14,28,0,0,10,8,18,6,5,13,22,46,0,52,52,98
04/08/2014,FOE,KS,ACE,CE,Federal Contract Tower,0,6,10,57,73,0,0,6,15,21,0,6,16,72,94,0,34,34,128
04/09/2014,FOE,KS,ACE,CE,Federal Contract Tower,0,6,9,16,31,0,1,1,33,35,0,7,10,49,66,0,26,26,92
04/10/2014,FOE,KS,ACE,CE,Federal Contract Tower,0,5,5,30,40,0,0,6,23,29,0,5,11,53,69,2,26,28,97
04/11/2014,FOE,KS,ACE,CE,Federal Contract Tower,9,4,9,19,41,0,0,11,16,27,9,4,20,35,68,0,0,0,68
04/12/2014,FOE,KS,ACE,CE,Federal Contract Tower,4,4,2,0,10,0,0,2,0,2,4,4,4,0,12,0,0,0,12
04/13/2014,FOE,KS,ACE,CE,Federal Contract Tower,8,9,4,2,23,0,0,0,0,0,8,9,4,2,23,0,0,0,23
04/14/2014,FOE,KS,ACE,CE,Federal Contract Tower,0,3,15,10,28,0,0,3,3,6,0,3,18,13,34,0,38,38,72
04/15/2014,FOE,KS,ACE,CE,Federal Contract Tower,2,3,3,30,38,0,0,10,13,23,2,3,13,43,61,6,36,42,103
04/16/2014,FOE,KS,ACE,CE,Federal Contract Tower,0,6,13,3,22,0,0,0,5,5,0,6,13,8,27,0,32,32,59
04/17/2014,FOE,KS,ACE,CE,Federal Contract Tower,0,3,2,27,32,0,6,4,15,25,0,9,6,42,57,0,38,38,95
04/18/2014,FOE,KS,ACE,CE,Federal Contract Tower,0,4,3,20,27,0,0,11,3,14,0,4,14,23,41,2,14,16,57
04/19/2014,FOE,KS,ACE,CE,Federal Contract Tower,2,2,1,3,8,0,1,1,0,2,2,3,2,3,10,0,0,0,10
04/20/2014,FOE,KS,ACE,CE,Federal Contract Tower,0,6,0,3,9,0,0,8,0,8,0,6,8,3,17,0,0,0,17
04/21/2014,FOE,KS,ACE,CE,Federal Contract Tower,0,3,6,32,41,0,0,0,1,1,0,3,6,33,42,0,80,80,122
04/22/2014,FOE,KS,ACE,CE,Federal Contract Tower,0,4,6,16,26,0,0,6,25,31,0,4,12,41,57,0,50,50,107
04/23/2014,FOE,KS,ACE,CE,Federal Contract Tower,0,4,7,7,18,0,0,4,14,18,0,4,11,21,36,6,4,10,46
04/24/2014,FOE,KS,ACE,CE,Federal Contract Tower,0,3,2,12,17,0,0,6,2,8,0,3,8,14,25,0,18,18,43
04/25/2014,FOE,KS,ACE,CE,Federal Contract Tower,2,4,8,12,26,0,0,20,13,33,2,4,28,25,59,4,10,14,73
04/26/2014,FOE,KS,ACE,CE,Federal Contract Tower,2,2,6,5,15,0,0,7,1,8,2,2,13,6,23,0,0,0,23
04/27/2014,FOE,KS,ACE,CE,Federal Contract Tower,0,5,4,3,12,0,0,0,0,0,0,5,4,3,12,0,0,0,12
04/28/2014,FOE,KS,ACE,CE,Federal Contract Tower,0,2,5,9,16,0,0,1,8,9,0,2,6,17,25,0,2,2,27
04/29/2014,FOE,KS,ACE,CE,Federal Contract Tower,0,3,5,28,36,0,0,0,1,1,0,3,5,29,37,0,0,0,37
04/30/2014,FOE,KS,ACE,CE,Federal Contract Tower,0,6,6,16,28,0,2,7,22,31,0,8,13,38,59,2,34,36,95
05/01/2014,FOE,KS,ACE,CE,Federal Contract Tower,2,3,6,38,49,0,0,2,25,27,2,3,8,63,76,0,54,54,130
05/02/2014,FOE,KS,ACE,CE,Federal Contract Tower,0,4,5,18,27,0,1,9,16,26,0,5,14,34,53,0,36,36,89
05/03/2014,FOE,KS,ACE,CE,Federal Contract Tower,0,2,3,6,11,0,0,18,3,21,0,2,21,9,32,0,2,2,34
05/04/2014,FOE,KS,ACE,CE,Federal Contract Tower,0,4,4,7,15,0,0,13,3,16,0,4,17,10,31,6,14,20,51
05/05/2014,FOE,KS,ACE,CE,Federal Contract Tower,0,4,6,41,51,0,0,10,19,29,0,4,16,60,80,0,142,142,222
05/06/2014,FOE,KS,ACE,CE,Federal Contract Tower,0,4,5,35,44,0,0,7,43,50,0,4,12,78,94,0,58,58,152
05/07/2014,FOE,KS,ACE,CE,Federal Contract Tower,6,5,12,12,35,0,0,7,29,36,6,5,19,41,71,0,22,22,93
05/08/2014,FOE,KS,ACE,CE,Federal Contract Tower,5,6,1,11,23,0,0,3,11,14,5,6,4,22,37,0,10,10,47
05/09/2014,FOE,KS,ACE,CE,Federal Contract Tower,9,4,3,25,41,0,0,18,16,34,9,4,21,41,75,8,36,44,119
05/10/2014,FOE,KS,ACE,CE,Federal Contract Tower,5,2,2,1,10,0,0,13,0,13,5,2,15,1,23,12,0,12,35
05/11/2014,FOE,KS,ACE,CE,Federal Contract Tower,0,3,1,0,4,0,0,0,0,0,0,3,1,0,4,0,0,0,4
05/12/2014,FOE,KS,ACE,CE,Federal Contract Tower,0,5,5,4,14,0,0,0,3,3,0,5,5,7,17,0,8,8,25
05/13/2014,FOE,KS,ACE,CE,Federal Contract Tower,0,0,11,8,19,0,0,9,0,9,0,0,20,8,28,2,0,2,30
05/14/2014,FOE,KS,ACE,CE,Federal Contract Tower,0,3,7,33,43,0,2,8,19,29,0,5,15,52,72,0,30,30,102
05/15/2014,FOE,KS,ACE,CE,Federal Contract Tower,0,4,10,12,26,0,0,6,10,16,0,4,16,22,42,0,22,22,64
05/16/2014,FOE,KS,ACE,CE,Federal Contract Tower,2,5,3,16,26,0,0,4,15,19,2,5,7,31,45,0,34,34,79
05/17/2014,FOE,KS,ACE,CE,Federal Contract Tower,0,2,5,1,8,0,0,13,0,13,0,2,18,1,21,0,2,2,23
05/18/2014,FOE,KS,ACE,CE,Federal Contract Tower,0,4,4,4,12,0,0,4,1,5,0,4,8,5,17,0,6,6,23
05/19/2014,FOE,KS,ACE,CE,Federal Contract Tower,0,4,5,12,21,0,0,4,4,8,0,4,9,16,29,0,2,2,31
05/20/2014,FOE,KS,ACE,CE,Federal Contract Tower,0,3,7,22,32,0,0,10,18,28,0,3,17,40,60,2,58,60,120
05/21/2014,FOE,KS,ACE,CE,Federal Contract Tower,0,4,9,18,31,0,1,10,20,31,0,5,19,38,62,2,44,46,108
05/22/2014,FOE,KS,ACE,CE,Federal Contract Tower,0,4,6,17,27,0,0,1,12,13,0,4,7,29,40,0,20,20,60
05/23/2014,FOE,KS,ACE,CE,Federal Contract Tower,1,10,14,6,31,0,1,2,0,3,1,11,16,6,34,0,0,0,34
05/24/2014,FOE,KS,ACE,CE,Federal Contract Tower,0,2,0,0,2,0,0,4,0,4,0,2,4,0,6,0,0,0,6
05/25/2014,FOE,KS,ACE,CE,Federal Contract Tower,0,6,10,1,17,0,0,3,0,3,0,6,13,1,20,0,0,0,20
05/26/2014,FOE,KS,ACE,CE,Federal Contract Tower,0,3,2,0,5,0,0,5,0,5,0,3,7,0,10,0,0,0,10
05/27/2014,FOE,KS,ACE,CE,Federal Contract Tower,0,6,5,33,44,0,0,4,27,31,0,6,9,60,75,0,68,68,143
05/28/2014,FOE,KS,ACE,CE,Federal Contract Tower,0,3,11,31,45,0,2,11,29,42,0,5,22,60,87,6,36,42,129
05/29/2014,FOE,KS,ACE,CE,Federal Contract Tower,2,3,10,26,41,0,0,6,18,24,2,3,16,44,65,0,28,28,93
05/30/2014,FOE,KS,ACE,CE,Federal Contract Tower,0,4,9,25,38,0,0,3,17,20,0,4,12,42,58,2,6,8,66
05/31/2014,FOE,KS,ACE,CE,Federal Contract Tower,2,2,2,3,9,0,0,4,0,4,2,2,6,3,13,0,0,0,13
06/01/2014,FOE,KS,ACE,CE,Federal Contract Tower,0,3,2,2,7,0,0,2,0,2,0,3,4,2,9,0,0,0,9
06/02/2014,FOE,KS,ACE,CE,Federal Contract Tower,2,4,15,29,50,0,0,15,10,25,2,4,30,39,75,10,62,72,147
06/03/2014,FOE,KS,ACE,CE,Federal Contract Tower,0,3,8,19,30,0,0,8,12,20,0,3,16,31,50,4,50,54,104
06/04/2014,FOE,KS,ACE,CE,Federal Contract Tower,1,3,7,31,42,0,0,10,31,41,1,3,17,62,83,8,98,106,189
06/05/2014,FOE,KS,ACE,CE,Federal Contract Tower,0,6,7,8,21,0,0,12,11,23,0,6,19,19,44,0,12,12,56
06/06/2014,FOE,KS,ACE,CE,Federal Contract Tower,0,5,8,6,19,0,0,26,0,26,0,5,34,6,45,24,0,24,69
06/07/2014,FOE,KS,ACE,CE,Federal Contract Tower,0,2,4,4,10,0,0,3,7,10,0,2,7,11,20,0,0,0,20
06/08/2014,FOE,KS,ACE,CE,Federal Contract Tower,2,4,7,3,16,0,0,3,0,3,2,4,10,3,19,0,0,0,19
06/09/2014,FOE,KS,ACE,CE,Federal Contract Tower,2,6,9,12,29,0,0,0,0,0,2,6,9,12,29,2,4,6,35
06/10/2014,FOE,KS,ACE,CE,Federal Contract Tower,2,5,3,19,29,0,0,12,16,28,2,5,15,35,57,0,46,46,103
06/11/2014,FOE,KS,ACE,CE,Federal Contract Tower,0,3,6,18,27,0,0,10,22,32,0,3,16,40,59,0,12,12,71
06/12/2014,FOE,KS,ACE,CE,Federal Contract Tower,0,5,10,25,40,0,2,6,14,22,0,7,16,39,62,4,16,20,82
06/13/2014,FOE,KS,ACE,CE,Federal Contract Tower,0,3,5,14,22,0,0,4,15,19,0,3,9,29,41,2,6,8,49
06/14/2014,FOE,KS,ACE,CE,Federal Contract Tower,0,1,8,4,13,0,0,8,0,8,0,1,16,4,21,0,0,0,21
06/15/2014,FOE,KS,ACE,CE,Federal Contract Tower,4,4,5,6,19,0,0,0,0,0,4,4,5,6,19,0,0,0,19
06/16/2014,FOE,KS,ACE,CE,Federal Contract Tower,0,4,4,14,22,0,0,0,12,12,0,4,4,26,34,0,38,38,72
06/17/2014,FOE,KS,ACE,CE,Federal Contract Tower,0,4,6,8,18,0,0,0,9,9,0,4,6,17,27,0,18,18,45
06/18/2014,FOE,KS,ACE,CE,Federal Contract Tower,4,5,8,23,40,0,0,7,20,27,4,5,15,43,67,0,6,6,73
06/19/2014,FOE,KS,ACE,CE,Federal Contract Tower,2,2,9,14,27,0,0,2,4,6,2,2,11,18,33,0,2,2,35
06/20/2014,FOE,KS,ACE,CE,Federal Contract Tower,0,3,7,26,36,0,0,14,17,31,0,3,21,43,67,0,28,28,95
06/21/2014,FOE,KS,ACE,CE,Federal Contract Tower,1,2,2,0,5,0,0,11,0,11,1,2,13,0,16,10,0,10,26
06/22/2014,FOE,KS,ACE,CE,Federal Contract Tower,0,4,3,0,7,0,0,7,0,7,0,4,10,0,14,0,0,0,14
06/23/2014,FOE,KS,ACE,CE,Federal Contract Tower,2,3,10,51,66,0,0,14,11,25,2,3,24,62,91,0,34,34,125
06/24/2014,FOE,KS,ACE,CE,Federal Contract Tower,2,7,2,21,32,0,0,4,17,21,2,7,6,38,53,0,10,10,63
06/25/2014,FOE,KS,ACE,CE,Federal Contract Tower,2,6,4,19,31,0,2,6,16,24,2,8,10,35,55,8,28,36,91
06/26/2014,FOE,KS,ACE,CE,Federal Contract Tower,0,3,14,15,32,0,0,2,9,11,0,3,16,24,43,0,8,8,51
06/27/2014,FOE,KS,ACE,CE,Federal Contract Tower,4,3,5,3,15,0,0,4,6,10,4,3,9,9,25,0,4,4,29
06/28/2014,FOE,KS,ACE,CE,Federal Contract Tower,0,1,2,1,4,0,0,0,0,0,0,1,2,1,4,0,0,0,4
06/29/2014,FOE,KS,ACE,CE,Federal Contract Tower,0,4,3,1,8,0,0,5,0,5,0,4,8,1,13,0,6,6,19
06/30/2014,FOE,KS,ACE,CE,Federal Contract Tower,0,4,5,14,23,0,0,8,0,8,0,4,13,14,31,0,0,0,31
07/01/2014,FOE,KS,ACE,CE,Federal Contract Tower,2,2,8,22,34,0,0,5,9,14,2,2,13,31,48,0,42,42,90
07/02/2014,FOE,KS,ACE,CE,Federal Contract Tower,0,4,7,21,32,0,0,7,8,15,0,4,14,29,47,4,12,16,63
07/03/2014,FOE,KS,ACE,CE,Federal Contract Tower,0,3,0,1,4,0,0,9,10,19,0,3,9,11,23,0,2,2,25
07/04/2014,FOE,KS,ACE,CE,Federal Contract Tower,0,5,0,0,5,0,0,11,0,11,0,5,11,0,16,12,0,12,28
07/05/2014,FOE,KS,ACE,CE,Federal Contract Tower,0,2,1,0,3,0,0,0,0,0,0,2,1,0,3,0,0,0,3
07/06/2014,FOE,KS,ACE,CE,Federal Contract Tower,0,4,3,0,7,0,0,2,0,2,0,4,5,0,9,0,0,0,9
07/07/2014,FOE,KS,ACE,CE,Federal Contract Tower,0,7,15,16,38,0,0,9,0,9,0,7,24,16,47,30,4,34,81
07/08/2014,FOE,KS,ACE,CE,Federal Contract Tower,0,7,7,57,71,0,2,8,20,30,0,9,15,77,101,8,102,110,211
07/09/2014,FOE,KS,ACE,CE,Federal Contract Tower,0,4,3,41,48,0,0,4,10,14,0,4,7,51,62,0,16,16,78
07/10/2014,FOE,KS,ACE,CE,Federal Contract Tower,0,5,3,20,28,0,0,3,16,19,0,5,6,36,47,0,74,74,121
07/11/2014,FOE,KS,ACE,CE,Federal Contract Tower,0,4,9,8,21,0,0,8,10,18,0,4,17,18,39,0,40,40,79
07/12/2014,FOE,KS,ACE,CE,Federal Contract Tower,0,2,2,5,9,0,0,15,0,15,0,2,17,5,24,2,0,2,26
07/13/2014,FOE,KS,ACE,CE,Federal Contract Tower,0,3,3,2,8,0,0,10,4,14,0,3,13,6,22,4,0,4,26
07/14/2014,FOE,KS,ACE,CE,Federal Contract Tower,0,3,6,7,16,0,0,9,3,12,0,3,15,10,28,0,6,6,34
07/15/2014,FOE,KS,ACE,CE,Federal Contract Tower,0,4,5,49,58,0,0,8,11,19,0,4,13,60,77,0,44,44,121
07/16/2014,FOE,KS,ACE,CE,Federal Contract Tower,0,4,5,26,35,0,1,13,17,31,0,5,18,43,66,4,40,44,110
07/17/2014,FOE,KS,ACE,CE,Federal Contract Tower,2,4,5,32,43,0,0,11,16,27,2,4,16,48,70,2,80,82,152
07/18/2014,FOE,KS,ACE,CE,Federal Contract Tower,1,5,6,35,47,0,0,8,19,27,1,5,14,54,74,2,44,46,120
07/19/2014,FOE,KS,ACE,CE,Federal Contract Tower,0,2,2,13,17,0,0,8,4,12,0,2,10,17,29,0,8,8,37
07/20/2014,FOE,KS,ACE,CE,Federal Contract Tower,0,4,4,1,9,0,0,4,0,4,0,4,8,1,13,0,0,0,13
07/21/2014,FOE,KS,ACE,CE,Federal Contract Tower,0,4,8,12,24,0,0,2,1,3,0,4,10,13,27,0,44,44,71
07/22/2014,FOE,KS,ACE,CE,Federal Contract Tower,0,5,16,25,46,0,0,4,11,15,0,5,20,36,61,0,74,74,135
07/23/2014,FOE,KS,ACE,CE,Federal Contract Tower,0,5,5,18,28,0,0,8,5,13,0,5,13,23,41,0,32,32,73
07/24/2014,FOE,KS,ACE,CE,Federal Contract Tower,0,4,5,23,32,0,0,10,19,29,0,4,15,42,61,8,32,40,101
07/25/2014,FOE,KS,ACE,CE,Federal Contract Tower,0,4,6,19,29,0,0,5,14,19,0,4,11,33,48,0,6,6,54
07/26/2014,FOE,KS,ACE,CE,Federal Contract Tower,0,2,2,2,6,0,3,18,1,22,0,5,20,3,28,0,0,0,28
07/27/2014,FOE,KS,ACE,CE,Federal Contract Tower,0,4,4,0,8,0,0,5,0,5,0,4,9,0,13,0,0,0,13
07/28/2014,FOE,KS,ACE,CE,Federal Contract Tower,0,4,12,23,39,0,1,17,7,25,0,5,29,30,64,0,62,62,126
07/29/2014,FOE,KS,ACE,CE,Federal Contract Tower,2,4,7,25,38,0,0,8,17,25,2,4,15,42,63,4,42,46,109
07/30/2014,FOE,KS,ACE,CE,Federal Contract Tower,0,6,13,27,46,0,0,5,19,24,0,6,18,46,70,0,104,104,174
07/31/2014,FOE,KS,ACE,CE,Federal Contract Tower,0,4,5,21,30,0,0,10,13,23,0,4,15,34,53,0,86,86,139
08/01/2014,FOE,KS,ACE,CE,Federal Contract Tower,0,5,8,7,20,0,0,3,4,7,0,5,11,11,27,0,12,12,39
08/02/2014,FOE,KS,ACE,CE,Federal Contract Tower,0,2,1,0,3,0,0,8,0,8,0,2,9,0,11,0,6,6,17
08/03/2014,FOE,KS,ACE,CE,Federal Contract Tower,0,3,0,6,9,0,0,5,0,5,0,3,5,6,14,0,0,0,14
08/04/2014,FOE,KS,ACE,CE,Federal Contract Tower,0,4,5,15,24,0,0,21,2,23,0,4,26,17,47,8,66,74,121
08/05/2014,FOE,KS,ACE,CE,Federal Contract Tower,0,4,7,23,34,0,3,24,15,42,0,7,31,38,76,0,16,16,92
08/06/2014,FOE,KS,ACE,CE,Federal Contract Tower,0,5,7,12,24,0,0,5,6,11,0,5,12,18,35,0,16,16,51
08/07/2014,FOE,KS,ACE,CE,Federal Contract Tower,0,4,5,21,30,0,0,5,8,13,0,4,10,29,43,0,8,8,51
08/08/2014,FOE,KS,ACE,CE,Federal Contract Tower,0,4,7,1,12,0,0,8,0,8,0,4,15,1,20,22,0,22,42
08/09/2014,FOE,KS,ACE,CE,Federal Contract Tower,0,2,7,9,18,0,0,11,0,11,0,2,18,9,29,0,40,40,69
08/10/2014,FOE,KS,ACE,CE,Federal Contract Tower,2,5,3,3,13,0,0,2,0,2,2,5,5,3,15,0,0,0,15
08/11/2014,FOE,KS,ACE,CE,Federal Contract Tower,1,4,10,18,33,0,0,6,0,6,1,4,16,18,39,0,16,16,55
08/12/2014,FOE,KS,ACE,CE,Federal Contract Tower,0,2,2,22,26,0,0,14,18,32,0,2,16,40,58,0,30,30,88
08/13/2014,FOE,KS,ACE,CE,Federal Contract Tower,0,5,2,29,36,0,0,16,16,32,0,5,18,45,68,4,24,28,96
08/14/2014,FOE,KS,ACE,CE,Federal Contract Tower,0,5,4,21,30,0,0,6,18,24,0,5,10,39,54,0,44,44,98
08/15/2014,FOE,KS,ACE,CE,Federal Contract Tower,0,2,9,8,19,0,0,5,3,8,0,2,14,11,27,0,0,0,27
08/16/2014,FOE,KS,ACE,CE,Federal Contract Tower,0,2,4,1,7,0,0,0,0,0,0,2,4,1,7,0,0,0,7
08/17/2014,FOE,KS,ACE,CE,Federal Contract Tower,0,4,0,3,7,0,0,1,8,9,0,4,1,11,16,2,0,2,18
08/18/2014,FOE,KS,ACE,CE,Federal Contract Tower,0,3,3,27,33,0,0,8,15,23,0,3,11,42,56,4,38,42,98
08/19/2014,FOE,KS,ACE,CE,Federal Contract Tower,0,3,9,30,42,0,0,16,26,42,0,3,25,56,84,10,64,74,158
08/20/2014,FOE,KS,ACE,CE,Federal Contract Tower,0,2,6,25,33,0,0,10,27,37,0,2,16,52,70,0,30,30,100
08/21/2014,FOE,KS,ACE,CE,Federal Contract Tower,0,2,3,14,19,0,0,7,11,18,0,2,10,25,37,0,4,4,41
08/22/2014,FOE,KS,ACE,CE,Federal Contract Tower,0,1,4,17,22,0,0,11,15,26,0,1,15,32,48,0,52,52,100
08/23/2014,FOE,KS,ACE,CE,Federal Contract Tower,0,0,3,11,14,0,0,15,4,19,0,0,18,15,33,0,30,30,63
08/24/2014,FOE,KS,ACE,CE,Federal Contract Tower,0,4,3,6,13,0,0,11,0,11,0,4,14,6,24,0,0,0,24
08/25/2014,FOE,KS,ACE,CE,Federal Contract Tower,0,3,11,8,22,0,0,4,2,6,0,3,15,10,28,6,4,10,38
08/26/2014,FOE,KS,ACE,CE,Federal Contract Tower,0,3,6,20,29,0,0,16,11,27,0,3,22,31,56,0,22,22,78
08/27/2014,FOE,KS,ACE,CE,Federal Contract Tower,0,2,9,19,30,0,0,5,7,12,0,2,14,26,42,2,60,62,104
08/28/2014,FOE,KS,ACE,CE,Federal Contract Tower,0,1,7,10,18,0,0,11,10,21,0,1,18,20,39,0,36,36,75
08/29/2014,FOE,KS,ACE,CE,Federal Contract Tower,0,2,11,9,22,0,0,2,2,4,0,2,13,11,26,0,6,6,32
08/30/2014,FOE,KS,ACE,CE,Federal Contract Tower,0,2,2,1,5,0,0,10,0,10,0,2,12,1,15,0,0,0,15
08/31/2014,FOE,KS,ACE,CE,Federal Contract Tower,0,4,2,2,8,0,0,1,0,1,0,4,3,2,9,0,0,0,9
09/01/2014,FOE,KS,ACE,CE,Federal Contract Tower,0,4,1,0,5,0,0,7,0,7,0,4,8,0,12,0,0,0,12
09/02/2014,FOE,KS,ACE,CE,Federal Contract Tower,0,3,9,28,40,0,0,5,7,12,0,3,14,35,52,0,60,60,112
09/03/2014,FOE,KS,ACE,CE,Federal Contract Tower,0,2,6,15,23,0,0,3,15,18,0,2,9,30,41,0,26,26,67
09/04/2014,FOE,KS,ACE,CE,Federal Contract Tower,0,0,8,23,31,0,3,5,11,19,0,3,13,34,50,0,10,10,60
09/05/2014,FOE,KS,ACE,CE,Federal Contract Tower,0,0,8,9,17,0,0,3,2,5,0,0,11,11,22,0,6,6,28
09/06/2014,FOE,KS,ACE,CE,Federal Contract Tower,0,1,9,0,10,0,0,76,0,76,0,1,85,0,86,0,12,12,98
09/07/2014,FOE,KS,ACE,CE,Federal Contract Tower,0,1,3,23,27,0,0,4,9,13,0,1,7,32,40,0,16,16,56
09/08/2014,FOE,KS,ACE,CE,Federal Contract Tower,0,0,4,28,32,0,0,11,13,24,0,0,15,41,56,0,123,123,179
09/09/2014,FOE,KS,ACE,CE,Federal Contract Tower,0,0,8,18,26,0,0,5,11,16,0,0,13,29,42,0,40,40,82
09/10/2014,FOE,KS,ACE,CE,Federal Contract Tower,0,0,6,37,43,0,0,0,16,16,0,0,6,53,59,0,14,14,73
09/11/2014,FOE,KS,ACE,CE,Federal Contract Tower,0,2,12,44,58,0,0,5,15,20,0,2,17,59,78,0,12,12,90
09/12/2014,FOE,KS,ACE,CE,Federal Contract Tower,2,1,9,8,20,0,0,4,11,15,2,1,13,19,35,0,16,16,51
09/13/2014,FOE,KS,ACE,CE,Federal Contract Tower,0,2,1,12,15,0,0,5,4,9,0,2,6,16,24,8,18,26,50
09/14/2014,FOE,KS,ACE,CE,Federal Contract Tower,0,0,4,18,22,0,0,9,4,13,0,0,13,22,35,0,11,11,46
09/15/2014,FOE,KS,ACE,CE,Federal Contract Tower,0,1,2,33,36,0,0,0,3,3,0,1,2,36,39,0,18,18,57
09/16/2014,FOE,KS,ACE,CE,Federal Contract Tower,0,0,10,31,41,0,0,15,16,31,0,0,25,47,72,10,64,74,146
09/17/2014,FOE,KS,ACE,CE,Federal Contract Tower,0,3,14,42,59,0,0,12,5,17,0,3,26,47,76,0,6,6,82
09/18/2014,FOE,KS,ACE,CE,Federal Contract Tower,1,2,9,43,55,0,0,8,6,14,1,2,17,49,69,4,0,4,73
09/19/2014,FOE,KS,ACE,CE,Federal Contract Tower,2,2,5,6,15,0,0,12,4,16,2,2,17,10,31,0,4,4,35
09/20/2014,FOE,KS,ACE,CE,Federal Contract Tower,0,0,0,0,0,0,0,2,0,2,0,0,2,0,2,0,0,0,2
09/21/2014,FOE,KS,ACE,CE,Federal Contract Tower,0,0,5,2,7,0,0,19,0,19,0,0,24,2,26,6,0,6,32
09/22/2014,FOE,KS,ACE,CE,Federal Contract Tower,1,0,9,16,26,0,0,7,3,10,1,0,16,19,36,4,4,8,44
09/23/2014,FOE,KS,ACE,CE,Federal Contract Tower,0,0,5,18,23,0,0,6,8,14,0,0,11,26,37,0,4,4,41
09/24/2014,FOE,KS,ACE,CE,Federal Contract Tower,0,0,4,18,22,0,0,1,8,9,0,0,5,26,31,0,21,21,52
09/25/2014,FOE,KS,ACE,CE,Federal Contract Tower,0,0,15,13,28,0,4,15,2,21,0,4,30,15,49,0,12,12,61
09/26/2014,FOE,KS,ACE,CE,Federal Contract Tower,0,2,10,8,20,0,0,14,0,14,0,2,24,8,34,0,0,0,34
09/27/2014,FOE,KS,ACE,CE,Federal Contract Tower,2,0,0,2,4,0,0,31,4,35,2,0,31,6,39,4,4,8,47
09/28/2014,FOE,KS,ACE,CE,Federal Contract Tower,0,0,1,6,7,0,0,6,0,6,0,0,7,6,13,0,0,0,13
09/29/2014,FOE,KS,ACE,CE,Federal Contract Tower,0,1,4,3,8,0,0,4,3,7,0,1,8,6,15,10,0,10,25
09/30/2014,FOE,KS,ACE,CE,Federal Contract Tower,0,2,7,14,23,0,0,14,1,15,0,2,21,15,38,0,0,0,38
10/01/2014,FOE,KS,ACE,CE,Federal Contract Tower,0,0,14,31,45,0,0,4,9,13,0,0,18,40,58,0,0,0,58
10/02/2014,FOE,KS,ACE,CE,Federal Contract Tower,0,0,8,6,14,0,0,0,16,16,0,0,8,22,30,0,22,22,52
10/03/2014,FOE,KS,ACE,CE,Federal Contract Tower,2,2,7,33,44,0,0,5,21,26,2,2,12,54,70,0,10,10,80
10/04/2014,FOE,KS,ACE,CE,Federal Contract Tower,0,0,5,6,11,0,0,3,12,15,0,0,8,18,26,0,6,6,32
10/05/2014,FOE,KS,ACE,CE,Federal Contract Tower,2,0,2,6,10,0,0,7,8,15,2,0,9,14,25,0,10,10,35
10/06/2014,FOE,KS,ACE,CE,Federal Contract Tower,0,1,6,64,71,0,0,8,27,35,0,1,14,91,106,0,55,55,161
10/07/2014,FOE,KS,ACE,CE,Federal Contract Tower,0,0,11,19,30,0,0,15,9,24,0,0,26,28,54,1,1,2,56
10/08/2014,FOE,KS,ACE,CE,Federal Contract Tower,0,1,6,29,36,0,0,3,19,22,0,1,9,48,58,0,34,34,92
10/09/2014,FOE,KS,ACE,CE,Federal Contract Tower,0,2,2,2,6,0,0,0,0,0,0,2,2,2,6,0,0,0,6
10/10/2014,FOE,KS,ACE,CE,Federal Contract Tower,4,2,7,6,19,0,0,5,0,5,4,2,12,6,24,0,0,0,24
10/11/2014,FOE,KS,ACE,CE,Federal Contract Tower,2,0,1,3,6,0,0,11,0,11,2,0,12,3,17,22,0,22,39
10/12/2014,FOE,KS,ACE,CE,Federal Contract Tower,0,0,5,5,10,0,0,0,0,0,0,0,5,5,10,0,0,0,10
10/13/2014,FOE,KS,ACE,CE,Federal Contract Tower,1,0,3,0,4,0,0,2,0,2,1,0,5,0,6,0,0,0,6
10/14/2014,FOE,KS,ACE,CE,Federal Contract Tower,0,2,11,22,35,0,0,9,14,23,0,2,20,36,58,0,28,28,86
10/15/2014,FOE,KS,ACE,CE,Federal Contract Tower,0,0,11,47,58,0,1,13,26,40,0,1,24,73,98,0,38,38,136
10/16/2014,FOE,KS,ACE,CE,Federal Contract Tower,2,0,4,24,30,0,2,6,25,33,2,2,10,49,63,14,20,34,97
10/17/2014,FOE,KS,ACE,CE,Federal Contract Tower,2,3,6,21,32,0,2,15,10,27,2,5,21,31,59,8,30,38,97
10/18/2014,FOE,KS,ACE,CE,Federal Contract Tower,2,1,1,18,22,0,0,17,10,27,2,1,18,28,49,20,6,26,75
10/19/2014,FOE,KS,ACE,CE,Federal Contract Tower,0,1,2,7,10,0,0,9,0,9,0,1,11,7,19,0,0,0,19
10/20/2014,FOE,KS,ACE,CE,Federal Contract Tower,0,0,8,16,24,0,0,14,4,18,0,0,22,20,42,6,14,20,62
10/21/2014,FOE,KS,ACE,CE,Federal Contract Tower,0,1,8,14,23,0,0,10,13,23,0,1,18,27,46,4,12,16,62
10/22/2014,FOE,KS,ACE,CE,Federal Contract Tower,0,2,2,31,35,0,0,10,17,27,0,2,12,48,62,0,52,52,114
10/23/2014,FOE,KS,ACE,CE,Federal Contract Tower,0,0,10,36,46,0,0,9,0,9,0,0,19,36,55,4,24,28,83
10/24/2014,FOE,KS,ACE,CE,Federal Contract Tower,0,2,19,18,39,0,0,18,24,42,0,2,37,42,81,0,0,0,81
10/25/2014,FOE,KS,ACE,CE,Federal Contract Tower,0,0,6,24,30,0,0,26,9,35,0,0,32,33,65,16,12,28,93
10/26/2014,FOE,KS,ACE,CE,Federal Contract Tower,0,0,1,8,9,0,0,2,2,4,0,0,3,10,13,0,2,2,15
10/27/2014,FOE,KS,ACE,CE,Federal Contract Tower,0,0,7,31,38,0,0,14,5,19,0,0,21,36,57,4,2,6,63
10/28/2014,FOE,KS,ACE,CE,Federal Contract Tower,0,2,12,41,55,0,0,15,14,29,0,2,27,55,84,4,44,48,132
10/29/2014,FOE,KS,ACE,CE,Federal Contract Tower,0,0,2,31,33,0,0,10,13,23,0,0,12,44,56,9,78,87,143
10/30/2014,FOE,KS,ACE,CE,Federal Contract Tower,0,3,11,17,31,0,2,10,13,25,0,5,21,30,56,32,34,66,122
10/31/2014,FOE,KS,ACE,CE,Federal Contract Tower,2,3,3,12,20,0,0,7,3,10,2,3,10,15,30,2,18,20,50
11/01/2014,FOE,KS,ACE,CE,Federal Contract Tower,1,0,9,10,20,0,0,44,2,46,1,0,53,12,66,10,14,24,90
11/02/2014,FOE,KS,ACE,CE,Federal Contract Tower,0,0,2,8,10,0,0,0,0,0,0,0,2,8,10,0,0,0,10
11/03/2014,FOE,KS,ACE,CE,Federal Contract Tower,0,0,4,20,24,0,0,3,9,12,0,0,7,29,36,0,26,26,62
11/04/2014,FOE,KS,ACE,CE,Federal Contract Tower,0,0,13,41,54,0,0,10,13,23,0,0,23,54,77,0,68,68,145
11/05/2014,FOE,KS,ACE,CE,Federal Contract Tower,0,0,10,26,36,0,9,17,17,43,0,9,27,43,79,6,64,70,149
11/06/2014,FOE,KS,ACE,CE,Federal Contract Tower,1,0,3,46,50,0,0,27,18,45,1,0,30,64,95,8,88,96,191
11/07/2014,FOE,KS,ACE,CE,Federal Contract Tower,0,0,9,12,21,0,2,11,11,24,0,2,20,23,45,0,18,18,63
11/08/2014,FOE,KS,ACE,CE,Federal Contract Tower,0,0,4,5,9,0,1,12,11,24,0,1,16,16,33,8,6,14,47
11/09/2014,FOE,KS,ACE,CE,Federal Contract Tower,0,0,7,2,9,0,0,4,0,4,0,0,11,2,13,0,0,0,13
11/10/2014,FOE,KS,ACE,CE,Federal Contract Tower,0,0,5,15,20,0,0,7,2,9,0,0,12,17,29,2,10,12,41
11/11/2014,FOE,KS,ACE,CE,Federal Contract Tower,0,0,3,2,5,0,0,7,0,7,0,0,10,2,12,0,0,0,12
11/12/2014,FOE,KS,ACE,CE,Federal Contract Tower,0,0,10,19,29,0,4,11,13,28,0,4,21,32,57,6,108,114,171
11/13/2014,FOE,KS,ACE,CE,Federal Contract Tower,0,0,5,25,30,0,7,1,26,34,0,7,6,51,64,80,6,86,150
11/14/2014,FOE,KS,ACE,CE,Federal Contract Tower,0,1,10,15,26,0,1,3,8,12,0,2,13,23,38,2,78,80,118
11/15/2014,FOE,KS,ACE,CE,Federal Contract Tower,2,1,2,2,7,0,0,0,0,0,2,1,2,2,7,0,0,0,7
11/16/2014,FOE,KS,ACE,CE,Federal Contract Tower,0,0,3,2,5,0,0,0,4,4,0,0,3,6,9,0,0,0,9
11/17/2014,FOE,KS,ACE,CE,Federal Contract Tower,0,4,8,38,50,0,0,4,0,4,0,4,12,38,54,4,36,40,94
11/18/2014,FOE,KS,ACE,CE,Federal Contract Tower,0,1,8,21,30,0,0,10,14,24,0,1,18,35,54,4,32,36,90
11/19/2014,FOE,KS,ACE,CE,Federal Contract Tower,1,2,5,27,35,0,0,8,16,24,1,2,13,43,59,0,52,52,111
11/20/2014,FOE,KS,ACE,CE,Federal Contract Tower,0,4,4,28,36,0,0,13,18,31,0,4,17,46,67,14,32,46,113
11/21/2014,FOE,KS,ACE,CE,Federal Contract Tower,2,1,14,14,31,0,0,0,0,0,2,1,14,14,31,17,14,31,62
11/22/2014,FOE,KS,ACE,CE,Federal Contract Tower,2,0,1,8,11,0,0,0,0,0,2,0,1,8,11,3,8,11,22
11/23/2014,FOE,KS,ACE,CE,Federal Contract Tower,0,0,8,0,8,0,0,0,0,0,0,0,8,0,8,0,0,0,8
11/24/2014,FOE,KS,ACE,CE,Federal Contract Tower,0,0,5,50,55,0,2,5,28,35,0,2,10,78,90,6,120,126,216
11/25/2014,FOE,KS,ACE,CE,Federal Contract Tower,1,1,7,36,45,0,0,19,16,35,1,1,26,52,80,12,146,158,238
11/26/2014,FOE,KS,ACE,CE,Federal Contract Tower,0,2,1,20,23,0,0,4,11,15,0,2,5,31,38,0,46,46,84
11/27/2014,FOE,KS,ACE,CE,Federal Contract Tower,0,1,2,0,3,0,0,2,0,2,0,1,4,0,5,0,0,0,5
11/28/2014,FOE,KS,ACE,CE,Federal Contract Tower,0,1,3,0,4,0,0,26,0,26,0,1,29,0,30,60,0,60,90
11/29/2014,FOE,KS,ACE,CE,Federal Contract Tower,0,0,5,0,5,0,0,26,0,26,0,0,31,0,31,41,0,41,72
11/30/2014,FOE,KS,ACE,CE,Federal Contract Tower,2,0,3,0,5,0,0,8,0,8,2,0,11,0,13,0,0,0,13
12/01/2014,FOE,KS,ACE,CE,Federal Contract Tower,0,1,6,20,27,0,0,13,6,19,0,1,19,26,46,0,70,70,116
12/02/2014,FOE,KS,ACE,CE,Federal Contract Tower,0,0,5,36,41,0,0,15,7,22,0,0,20,43,63,6,64,70,133
12/03/2014,FOE,KS,ACE,CE,Federal Contract Tower,0,0,7,31,38,0,0,12,16,28,0,0,19,47,66,0,68,68,134
12/04/2014,FOE,KS,ACE,CE,Federal Contract Tower,2,0,7,35,44,0,0,0,0,0,2,0,7,35,44,0,0,0,44
12/05/2014,FOE,KS,ACE,CE,Federal Contract Tower,0,0,8,15,23,0,0,2,0,2,0,0,10,15,25,11,15,26,51
12/06/2014,FOE,KS,ACE,CE,Federal Contract Tower,0,0,3,2,5,0,0,0,0,0,0,0,3,2,5,4,3,7,12
12/07/2014,FOE,KS,ACE,CE,Federal Contract Tower,0,1,3,6,10,0,0,0,0,0,0,1,3,6,10,0,0,0,10
12/08/2014,FOE,KS,ACE,CE,Federal Contract Tower,0,0,3,26,29,0,0,14,4,18,0,0,17,30,47,0,6,6,53
12/09/2014,FOE,KS,ACE,CE,Federal Contract Tower,1,1,7,19,28,0,2,22,25,49,1,3,29,44,77,4,134,138,215
12/10/2014,FOE,KS,ACE,CE,Federal Contract Tower,0,1,7,35,43,0,0,0,0,0,0,1,7,35,43,0,0,0,43
12/11/2014,FOE,KS,ACE,CE,Federal Contract Tower,0,0,5,15,20,0,0,0,0,0,0,0,5,15,20,0,0,0,20
12/12/2014,FOE,KS,ACE,CE,Federal Contract Tower,0,1,13,9,23,0,0,0,74,74,0,1,13,83,97,0,0,0,97
12/13/2014,FOE,KS,ACE,CE,Federal Contract Tower,0,0,16,2,18,0,0,0,0,0,0,0,16,2,18,16,2,18,36
12/14/2014,FOE,KS,ACE,CE,Federal Contract Tower,0,0,2,9,11,0,0,3,0,3,0,0,5,9,14,0,0,0,14
12/15/2014,FOE,KS,ACE,CE,Federal Contract Tower,0,0,10,21,31,0,0,0,0,0,0,0,10,21,31,0,0,0,31
12/16/2014,FOE,KS,ACE,CE,Federal Contract Tower,2,2,8,27,39,0,1,12,9,22,2,3,20,36,61,0,60,60,121
12/17/2014,FOE,KS,ACE,CE,Federal Contract Tower,0,1,5,13,19,0,19,2,11,32,0,20,7,24,51,0,6,6,57
12/18/2014,FOE,KS,ACE,CE,Federal Contract Tower,0,0,2,19,21,0,0,0,0,0,0,0,2,19,21,0,0,0,21
12/19/2014,FOE,KS,ACE,CE,Federal Contract Tower,2,0,15,8,25,0,0,0,0,0,2,0,15,8,25,0,0,0,25
12/20/2014,FOE,KS,ACE,CE,Federal Contract Tower,0,0,0,1,1,0,0,18,0,18,0,0,18,1,19,0,0,0,19
12/21/2014,FOE,KS,ACE,CE,Federal Contract Tower,1,0,0,1,2,0,0,0,0,0,1,0,0,1,2,0,0,0,2
12/22/2014,FOE,KS,ACE,CE,Federal Contract Tower,0,0,1,17,18,0,0,0,14,14,0,0,1,31,32,0,50,50,82
12/23/2014,FOE,KS,ACE,CE,Federal Contract Tower,0,2,5,8,15,0,1,3,8,12,0,3,8,16,27,0,60,60,87
12/24/2014,FOE,KS,ACE,CE,Federal Contract Tower,0,0,1,0,1,0,0,0,0,0,0,0,1,0,1,0,0,0,1
12/25/2014,FOE,KS,ACE,CE,Federal Contract Tower,0,2,0,0,2,0,1,6,0,7,0,3,6,0,9,0,0,0,9
12/26/2014,FOE,KS,ACE,CE,Federal Contract Tower,0,0,6,0,6,0,0,0,0,0,0,0,6,0,6,10,0,10,16
12/27/2014,FOE,KS,ACE,CE,Federal Contract Tower,0,2,6,0,8,0,0,3,0,3,0,2,9,0,11,0,0,0,11
12/28/2014,FOE,KS,ACE,CE,Federal Contract Tower,0,1,0,0,1,0,0,14,0,14,0,1,14,0,15,4,0,4,19
12/29/2014,FOE,KS,ACE,CE,Federal Contract Tower,0,0,5,21,26,0,1,18,29,48,0,1,23,50,74,4,114,118,192
12/30/2014,FOE,KS,ACE,CE,Federal Contract Tower,0,0,0,6,6,0,0,5,17,22,0,0,5,23,28,2,56,58,86
12/31/2014,FOE,KS,ACE,CE,Federal Contract Tower,0,0,0,0,0,0,0,3,0,3,0,0,3,0,3,0,0,0,3
01/01/2015,FOE,KS,ACE,CE,Federal Contract Tower,0,1,2,0,3,0,0,7,0,7,0,1,9,0,10,0,0,0,10
01/02/2015,FOE,KS,ACE,CE,Federal Contract Tower,0,2,2,0,4,0,0,0,0,0,0,2,2,0,4,6,0,6,10
01/03/2015,FOE,KS,ACE,CE,Federal Contract Tower,0,1,0,1,2,0,0,0,0,0,0,1,0,1,2,3,1,4,6
01/04/2015,FOE,KS,ACE,CE,Federal Contract Tower,0,1,3,9,13,0,0,0,0,0,0,1,3,9,13,0,0,0,13
01/05/2015,FOE,KS,ACE,CE,Federal Contract Tower,0,0,11,15,26,0,0,3,10,13,0,0,14,25,39,0,58,58,97
01/06/2015,FOE,KS,ACE,CE,Federal Contract Tower,4,0,5,17,26,0,0,5,11,16,4,0,10,28,42,0,30,30,72
01/07/2015,FOE,KS,ACE,CE,Federal Contract Tower,0,2,3,21,26,0,0,5,6,11,0,2,8,27,37,0,28,28,65
01/08/2015,FOE,KS,ACE,CE,Federal Contract Tower,0,3,4,24,31,0,0,8,7,15,0,3,12,31,46,0,0,0,46
01/09/2015,FOE,KS,ACE,CE,Federal Contract Tower,5,0,2,34,41,0,0,6,20,26,5,0,8,54,67,0,150,150,217
01/10/2015,FOE,KS,ACE,CE,Federal Contract Tower,1,0,4,14,19,0,0,4,6,10,1,0,8,20,29,0,72,72,101
01/11/2015,FOE,KS,ACE,CE,Federal Contract Tower,0,1,4,1,6,0,0,0,20,20,0,1,4,21,26,0,22,22,48
01/12/2015,FOE,KS,ACE,CE,Federal Contract Tower,3,0,4,18,25,0,0,1,4,5,3,0,5,22,30,0,6,6,36
01/13/2015,FOE,KS,ACE,CE,Federal Contract Tower,0,0,6,23,29,0,0,11,27,38,0,0,17,50,67,0,58,58,125
01/14/2015,FOE,KS,ACE,CE,Federal Contract Tower,0,0,8,17,25,0,0,2,25,27,0,0,10,42,52,0,82,82,134
01/15/2015,FOE,KS,ACE,CE,Federal Contract Tower,0,0,7,40,47,0,0,4,13,17,0,0,11,53,64,0,14,14,78
01/16/2015,FOE,KS,ACE,CE,Federal Contract Tower,2,0,7,18,27,0,0,27,5,32,2,0,34,23,59,12,38,50,109
01/17/2015,FOE,KS,ACE,CE,Federal Contract Tower,0,2,0,0,2,0,0,2,0,2,0,2,2,0,4,0,0,0,4
01/18/2015,FOE,KS,ACE,CE,Federal Contract Tower,0,0,3,2,5,0,0,20,0,20,0,0,23,2,25,0,0,0,25
01/19/2015,FOE,KS,ACE,CE,Federal Contract Tower,0,1,4,5,10,0,0,10,3,13,0,1,14,8,23,4,0,4,27
01/20/2015,FOE,KS,ACE,CE,Federal Contract Tower,0,2,6,20,28,0,0,16,28,44,0,2,22,48,72,28,92,120,192
01/21/2015,FOE,KS,ACE,CE,Federal Contract Tower,0,0,6,18,24,0,0,7,9,16,0,0,13,27,40,0,28,28,68
01/22/2015,FOE,KS,ACE,CE,Federal Contract Tower,0,1,2,15,18,0,1,0,22,23,0,2,2,37,41,0,104,104,145
01/23/2015,FOE,KS,ACE,CE,Federal Contract Tower,5,0,10,11,26,0,0,23,9,32,5,0,33,20,58,4,30,34,92
01/24/2015,FOE,KS,ACE,CE,Federal Contract Tower,3,1,2,6,12,0,0,17,10,27,3,1,19,16,39,8,4,12,51
01/25/2015,FOE,KS,ACE,CE,Federal Contract Tower,0,0,4,3,7,0,0,1,0,1,0,0,5,3,8,0,0,0,8
01/26/2015,FOE,KS,ACE,CE,Federal Contract Tower,0,3,6,15,24,0,4,9,2,15,0,7,15,17,39,0,58,58,97
01/27/2015,FOE,KS,ACE,CE,Federal Contract Tower,3,2,6,22,33,0,2,7,19,28,3,4,13,41,61,2,68,70,131
01/28/2015,FOE,KS,ACE,CE,Federal Contract Tower,0,1,5,24,30,0,0,4,27,31,0,1,9,51,61,0,64,64,125
01/29/2015,FOE,KS,ACE,CE,Federal Contract Tower,2,2,6,6,16,0,0,3,13,16,2,2,9,19,32,2,18,20,52
01/30/2015,FOE,KS,ACE,CE,Federal Contract Tower,0,1,6,13,20,0,0,16,9,25,0,1,22,22,45,0,16,16,61
01/31/2015,FOE,KS,ACE,CE,Federal Contract Tower,0,1,3,0,4,0,0,0,0,0,0,1,3,0,4,0,0,0,4
02/01/2015,FOE,KS,ACE,CE,Federal Contract Tower,1,4,2,0,7,0,0,0,0,0,1,4,2,0,7,0,0,0,7
02/02/2015,FOE,KS,ACE,CE,Federal Contract Tower,2,1,3,23,29,0,0,0,6,6,2,1,3,29,35,0,34,34,69
02/03/2015,FOE,KS,ACE,CE,Federal Contract Tower,0,2,11,36,49,0,3,21,18,42,0,5,32,54,91,0,168,168,259
02/04/2015,FOE,KS,ACE,CE,Federal Contract Tower,1,0,5,7,13,0,0,3,2,5,1,0,8,9,18,0,4,4,22
02/05/2015,FOE,KS,ACE,CE,Federal Contract Tower,0,0,8,13,21,0,0,3,25,28,0,0,11,38,49,2,58,60,109
02/06/2015,FOE,KS,ACE,CE,Federal Contract Tower,0,0,13,13,26,0,0,0,12,12,0,0,13,25,38,2,16,18,56
02/07/2015,FOE,KS,ACE,CE,Federal Contract Tower,0,0,6,4,10,0,0,9,31,40,0,0,15,35,50,4,74,78,128
02/08/2015,FOE,KS,ACE,CE,Federal Contract Tower,0,2,2,7,11,0,0,9,0,9,0,2,11,7,20,2,0,2,22
02/09/2015,FOE,KS,ACE,CE,Federal Contract Tower,2,2,9,17,30,0,0,0,2,2,2,2,9,19,32,0,6,6,38
02/10/2015,FOE,KS,ACE,CE,Federal Contract Tower,2,2,7,19,30,0,0,6,11,17,2,2,13,30,47,0,96,96,143
02/11/2015,FOE,KS,ACE,CE,Federal Contract Tower,2,1,6,22,31,0,0,1,15,16,2,1,7,37,47,0,26,26,73
02/12/2015,FOE,KS,ACE,CE,Federal Contract Tower,2,1,6,19,28,0,1,6,17,24,2,2,12,36,52,4,29,33,85
02/13/2015,FOE,KS,ACE,CE,Federal Contract Tower,2,0,4,17,23,0,0,3,4,7,2,0,7,21,30,0,14,14,44
02/14/2015,FOE,KS,ACE,CE,Federal Contract Tower,2,0,0,0,2,0,0,3,0,3,2,0,3,0,5,0,0,0,5
02/15/2015,FOE,KS,ACE,CE,Federal Contract Tower,3,0,1,1,5,0,0,3,0,3,3,0,4,1,8,0,0,0,8
02/16/2015,FOE,KS,ACE,CE,Federal Contract Tower,0,4,5,2,11,0,0,6,0,6,0,4,11,2,17,0,0,0,17
02/17/2015,FOE,KS,ACE,CE,Federal Contract Tower,1,3,13,9,26,0,0,2,3,5,1,3,15,12,31,0,48,48,79
02/18/2015,FOE,KS,ACE,CE,Federal Contract Tower,0,3,11,28,42,0,1,4,8,13,0,4,15,36,55,0,22,22,77
02/19/2015,FOE,KS,ACE,CE,Federal Contract Tower,2,1,6,20,29,0,2,9,15,26,2,3,15,35,55,0,46,46,101
02/20/2015,FOE,KS,ACE,CE,Federal Contract Tower,0,0,4,1,5,0,0,2,2,4,0,0,6,3,9,0,6,6,15
02/21/2015,FOE,KS,ACE,CE,Federal Contract Tower,0,0,1,0,1,0,0,0,1,1,0,0,1,1,2,0,2,2,4
02/22/2015,FOE,KS,ACE,CE,Federal Contract Tower,0,0,2,1,3,0,0,0,0,0,0,0,2,1,3,14,0,14,17
02/23/2015,FOE,KS,ACE,CE,Federal Contract Tower,0,0,5,22,27,0,0,4,9,13,0,0,9,31,40,2,16,18,58
02/24/2015,FOE,KS,ACE,CE,Federal Contract Tower,2,0,5,32,39,0,0,16,17,33,2,0,21,49,72,6,44,50,122
02/25/2015,FOE,KS,ACE,CE,Federal Contract Tower,0,0,11,18,29,0,0,12,10,22,0,0,23,28,51,2,44,46,97
02/26/2015,FOE,KS,ACE,CE,Federal Contract Tower,0,0,1,25,26,0,0,14,11,25,0,0,15,36,51,0,70,70,121
02/27/2015,FOE,KS,ACE,CE,Federal Contract Tower,4,0,5,24,33,0,0,7,2,9,4,0,12,26,42,0,16,16,58
02/28/2015,FOE,KS,ACE,CE,Federal Contract Tower,2,0,1,0,3,0,0,0,0,0,2,0,1,0,3,0,0,0,3
03/01/2015,FOE,KS,ACE,CE,Federal Contract Tower,0,2,6,0,8,0,0,1,0,1,0,2,7,0,9,0,0,0,9
03/02/2015,FOE,KS,ACE,CE,Federal Contract Tower,0,0,6,30,36,0,9,12,3,24,0,9,18,33,60,0,88,88,148
03/03/2015,FOE,KS,ACE,CE,Federal Contract Tower,0,0,0,42,42,0,4,17,6,27,0,4,17,48,69,0,92,92,161
03/04/2015,FOE,KS,ACE,CE,Federal Contract Tower,2,0,9,6,17,0,2,6,8,16,2,2,15,14,33,2,14,16,49
03/05/2015,FOE,KS,ACE,CE,Federal Contract Tower,0,2,9,18,29,0,0,13,11,24,0,2,22,29,53,0,8,8,61
03/06/2015,FOE,KS,ACE,CE,Federal Contract Tower,2,1,3,12,18,0,0,8,0,8,2,1,11,12,26,0,32,32,58
03/07/2015,FOE,KS,ACE,CE,Federal Contract Tower,4,2,0,5,11,0,0,28,0,28,4,2,28,5,39,22,46,68,107
03/08/2015,FOE,KS,ACE,CE,Federal Contract Tower,1,0,3,5,9,0,0,6,19,25,1,0,9,24,34,2,8,10,44
03/09/2015,FOE,KS,ACE,CE,Federal Contract Tower,0,0,3,16,19,0,0,4,7,11,0,0,7,23,30,0,68,68,98
03/10/2015,FOE,KS,ACE,CE,Federal Contract Tower,0,0,7,46,53,0,0,9,14,23,0,0,16,60,76,22,112,134,210
03/11/2015,FOE,KS,ACE,CE,Federal Contract Tower,0,0,15,22,37,0,0,10,21,31,0,0,25,43,68,0,44,44,112
03/12/2015,FOE,KS,ACE,CE,Federal Contract Tower,0,0,7,19,26,0,4,19,23,46,0,4,26,42,72,6,56,62,134
03/13/2015,FOE,KS,ACE,CE,Federal Contract Tower,0,0,12,15,27,0,2,5,17,24,0,2,17,32,51,0,22,22,73
03/14/2015,FOE,KS,ACE,CE,Federal Contract Tower,0,0,2,3,5,0,2,6,0,8,0,2,8,3,13,0,0,0,13
03/15/2015,FOE,KS,ACE,CE,Federal Contract Tower,0,0,3,2,5,0,0,16,0,16,0,0,19,2,21,0,0,0,21
03/16/2015,FOE,KS,ACE,CE,Federal Contract Tower,0,0,4,27,31,0,0,11,8,19,0,0,15,35,50,0,30,30,80
03/17/2015,FOE,KS,ACE,CE,Federal Contract Tower,0,0,8,15,23,0,2,1,5,8,0,2,9,20,31,2,6,8,39
03/18/2015,FOE,KS,ACE,CE,Federal Contract Tower,0,0,17,30,47,0,0,0,27,27,0,0,17,57,74,0,70,70,144
03/19/2015,FOE,KS,ACE,CE,Federal Contract Tower,0,1,8,5,14,0,0,2,9,11,0,1,10,14,25,2,50,52,77
03/20/2015,FOE,KS,ACE,CE,Federal Contract Tower,0,0,9,41,50,0,0,21,12,33,0,0,30,53,83,0,180,180,263
03/21/2015,FOE,KS,ACE,CE,Federal Contract Tower,0,0,4,0,4,0,0,10,0,10,0,0,14,0,14,16,0,16,30
03/22/2015,FOE,KS,ACE,CE,Federal Contract Tower,0,0,6,1,7,0,4,0,0,4,0,4,6,1,11,0,0,0,11
03/23/2015,FOE,KS,ACE,CE,Federal Contract Tower,0,0,8,3,11,0,0,22,0,22,0,0,30,3,33,0,38,38,71
03/24/2015,FOE,KS,ACE,CE,Federal Contract Tower,0,3,7,15,25,0,1,4,6,11,0,4,11,21,36,0,84,84,120
03/25/2015,FOE,KS,ACE,CE,Federal Contract Tower,0,0,10,14,24,0,0,0,2,2,0,0,10,16,26,0,4,4,30
03/26/2015,FOE,KS,ACE,CE,Federal Contract Tower,0,0,11,18,29,0,0,7,17,24,0,0,18,35,53,10,56,66,119
03/27/2015,FOE,KS,ACE,CE,Federal Contract Tower,0,0,7,2,9,0,0,14,3,17,0,0,21,5,26,10,0,10,36
03/28/2015,FOE,KS,ACE,CE,Federal Contract Tower,2,0,3,0,5,0,0,6,0,6,2,0,9,0,11,0,0,0,11
03/29/2015,FOE,KS,ACE,CE,Federal Contract Tower,0,2,3,2,7,0,0,5,0,5,0,2,8,2,12,2,0,2,14
03/30/2015,FOE,KS,ACE,CE,Federal Contract Tower,0,1,10,36,47,0,0,10,2,12,0,1,20,38,59,0,86,86,145
03/31/2015,FOE,KS,ACE,CE,Federal Contract Tower,0,0,8,32,40,0,0,9,26,35,0,0,17,58,75,6,158,164,239
04/01/2015,FOE,KS,ACE,CE,Federal Contract Tower,0,0,9,23,32,0,0,4,10,14,0,0,13,33,46,0,18,18,64
04/02/2015,FOE,KS,ACE,CE,Federal Contract Tower,0,2,13,21,36,0,1,10,22,33,0,3,23,43,69,6,52,58,127
04/03/2015,FOE,KS,ACE,CE,Federal Contract Tower,0,0,4,12,16,0,0,9,6,15,0,0,13,18,31,0,16,16,47
04/04/2015,FOE,KS,ACE,CE,Federal Contract Tower,0,1,2,1,4,0,0,2,0,2,0,1,4,1,6,2,0,2,8
04/05/2015,FOE,KS,ACE,CE,Federal Contract Tower,2,0,0,2,4,0,0,2,0,2,2,0,2,2,6,0,0,0,6
04/06/2015,FOE,KS,ACE,CE,Federal Contract Tower,0,2,1,7,10,0,0,2,0,2,0,2,3,7,12,0,0,0,12
04/07/2015,FOE,KS,ACE,CE,Federal Contract Tower,0,3,8,31,42,0,0,11,6,17,0,3,19,37,59,0,34,34,93
04/08/2015,FOE,KS,ACE,CE,Federal Contract Tower,1,2,13,1,17,0,0,1,0,1,1,2,14,1,18,0,0,0,18
04/09/2015,FOE,KS,ACE,CE,Federal Contract Tower,14,1,4,28,47,0,0,0,22,22,14,1,4,50,69,0,4,4,73
04/10/2015,FOE,KS,ACE,CE,Federal Contract Tower,7,0,7,14,28,0,0,8,13,21,7,0,15,27,49,0,16,16,65
04/11/2015,FOE,KS,ACE,CE,Federal Contract Tower,6,0,8,2,16,0,0,12,5,17,6,0,20,7,33,2,24,26,59
04/12/2015,FOE,KS,ACE,CE,Federal Contract Tower,6,0,7,2,15,0,0,2,0,2,6,0,9,2,17,0,0,0,17
04/13/2015,FOE,KS,ACE,CE,Federal Contract Tower,0,1,7,25,33,0,0,17,4,21,0,1,24,29,54,0,80,80,134
04/14/2015,FOE,KS,ACE,CE,Federal Contract Tower,2,2,10,24,38,0,5,19,17,41,2,7,29,41,79,8,58,66,145
04/15/2015,FOE,KS,ACE,CE,Federal Contract Tower,0,0,18,36,54,0,0,3,16,19,0,0,21,52,73,0,44,44,117
04/16/2015,FOE,KS,ACE,CE,Federal Contract Tower,1,0,8,13,22,0,2,4,19,25,1,2,12,32,47,0,42,42,89
04/17/2015,FOE,KS,ACE,CE,Federal Contract Tower,2,0,6,4,12,0,0,0,4,4,2,0,6,8,16,0,54,54,70
04/18/2015,FOE,KS,ACE,CE,Federal Contract Tower,0,0,2,3,5,0,0,8,0,8,0,0,10,3,13,0,0,0,13
04/19/2015,FOE,KS,ACE,CE,Federal Contract Tower,1,0,3,5,9,0,0,0,0,0,1,0,3,5,9,12,0,12,21
04/20/2015,FOE,KS,ACE,CE,Federal Contract Tower,0,0,15,12,27,0,0,6,5,11,0,0,21,17,38,0,26,26,64
04/21/2015,FOE,KS,ACE,CE,Federal Contract Tower,0,1,10,19,30,0,0,9,11,20,0,1,19,30,50,38,56,94,144
04/22/2015,FOE,KS,ACE,CE,Federal Contract Tower,0,0,11,46,57,0,4,10,19,33,0,4,21,65,90,2,60,62,152
04/23/2015,FOE,KS,ACE,CE,Federal Contract Tower,0,0,6,20,26,0,0,7,19,26,0,0,13,39,52,16,137,153,205
04/24/2015,FOE,KS,ACE,CE,Federal Contract Tower,0,2,1,8,11,0,0,1,1,2,0,2,2,9,13,0,0,0,13
04/25/2015,FOE,KS,ACE,CE,Federal Contract Tower,0,0,14,0,14,0,0,0,0,0,0,0,14,0,14,0,0,0,14
04/26/2015,FOE,KS,ACE,CE,Federal Contract Tower,0,0,3,2,5,0,0,2,0,2,0,0,5,2,7,8,0,8,15
04/27/2015,FOE,KS,ACE,CE,Federal Contract Tower,0,0,13,6,19,0,0,1,4,5,0,0,14,10,24,0,40,40,64
04/28/2015,FOE,KS,ACE,CE,Federal Contract Tower,0,0,9,28,37,0,0,34,39,73,0,0,43,67,110,18,56,74,184
04/29/2015,FOE,KS,ACE,CE,Federal Contract Tower,0,0,12,26,38,0,2,12,12,26,0,2,24,38,64,8,36,44,108
04/30/2015,FOE,KS,ACE,CE,Federal Contract Tower,0,4,5,16,25,0,0,9,15,24,0,4,14,31,49,0,28,28,77
05/01/2015,FOE,KS,ACE,CE,Federal Contract Tower,0,1,9,14,24,0,0,24,4,28,0,1,33,18,52,0,24,24,76
05/02/2015,FOE,KS,ACE,CE,Federal Contract Tower,0,0,7,2,9,0,0,7,2,9,0,0,14,4,18,4,2,6,24
05/03/2015,FOE,KS,ACE,CE,Federal Contract Tower,0,4,1,7,12,0,1,11,6,18,0,5,12,13,30,0,2,2,32
05/04/2015,FOE,KS,ACE,CE,Federal Contract Tower,0,2,5,6,13,0,0,2,10,12,0,2,7,16,25,0,18,18,43
05/05/2015,FOE,KS,ACE,CE,Federal Contract Tower,0,5,11,16,32,0,0,4,10,14,0,5,15,26,46,0,64,64,110
05/06/2015,FOE,KS,ACE,CE,Federal Contract Tower,0,2,9,7,18,0,0,3,32,35,0,2,12,39,53,0,4,4,57
05/07/2015,FOE,KS,ACE,CE,Federal Contract Tower,0,2,6,5,13,0,0,3,2,5,0,2,9,7,18,6,0,6,24
05/08/2015,FOE,KS,ACE,CE,Federal Contract Tower,0,0,5,8,13,0,0,9,4,13,0,0,14,12,26,0,62,62,88
05/09/2015,FOE,KS,ACE,CE,Federal Contract Tower,0,1,0,2,3,0,0,0,0,0,0,1,0,2,3,0,0,0,3
05/10/2015,FOE,KS,ACE,CE,Federal Contract Tower,0,1,0,3,4,0,0,0,0,0,0,1,0,3,4,0,2,2,6
05/11/2015,FOE,KS,ACE,CE,Federal Contract Tower,0,0,4,14,18,0,0,11,4,15,0,0,15,18,33,6,8,14,47
05/12/2015,FOE,KS,ACE,CE,Federal Contract Tower,0,0,6,35,41,0,4,18,20,42,0,4,24,55,83,4,82,86,169
05/13/2015,FOE,KS,ACE,CE,Federal Contract Tower,0,2,11,21,34,0,0,0,16,16,0,2,11,37,50,0,34,34,84
05/14/2015,FOE,KS,ACE,CE,Federal Contract Tower,0,2,6,9,17,0,0,3,19,22,0,2,9,28,39,0,26,26,65
05/15/2015,FOE,KS,ACE,CE,Federal Contract Tower,2,0,8,3,13,0,0,0,4,4,2,0,8,7,17,0,10,10,27
05/16/2015,FOE,KS,ACE,CE,Federal Contract Tower,0,0,1,4,5,0,0,4,0,4,0,0,5,4,9,0,0,0,9
05/17/2015,FOE,KS,ACE,CE,Federal Contract Tower,0,0,3,14,17,0,0,6,4,10,0,0,9,18,27,0,16,16,43
05/18/2015,FOE,KS,ACE,CE,Federal Contract Tower,0,2,5,12,19,0,0,15,4,19,0,2,20,16,38,20,0,20,58
05/19/2015,FOE,KS,ACE,CE,Federal Contract Tower,0,0,12,20,32,0,0,21,7,28,0,0,33,27,60,0,26,26,86
05/20/2015,FOE,KS,ACE,CE,Federal Contract Tower,0,0,12,13,25,0,0,0,1,1,0,0,12,14,26,0,0,0,26
05/21/2015,FOE,KS,ACE,CE,Federal Contract Tower,0,0,24,12,36,0,0,16,10,26,0,0,40,22,62,0,58,58,120
05/22/2015,FOE,KS,ACE,CE,Federal Contract Tower,0,2,9,2,13,0,0,4,0,4,0,2,13,2,17,0,0,0,17
05/23/2015,FOE,KS,ACE,CE,Federal Contract Tower,0,0,0,2,2,0,0,5,0,5,0,0,5,2,7,0,0,0,7
05/24/2015,FOE,KS,ACE,CE,Federal Contract Tower,0,1,10,0,11,0,0,6,0,6,0,1,16,0,17,0,0,0,17
05/25/2015,FOE,KS,ACE,CE,Federal Contract Tower,0,2,4,0,6,0,0,2,0,2,0,2,6,0,8,0,0,0,8
05/26/2015,FOE,KS,ACE,CE,Federal Contract Tower,0,0,11,17,28,0,0,6,21,27,0,0,17,38,55,0,20,20,75
05/27/2015,FOE,KS,ACE,CE,Federal Contract Tower,0,0,12,9,21,0,0,15,23,38,0,0,27,32,59,2,42,44,103
05/28/2015,FOE,KS,ACE,CE,Federal Contract Tower,0,0,16,7,23,0,0,12,4,16,0,0,28,11,39,0,4,4,43
05/29/2015,FOE,KS,ACE,CE,Federal Contract Tower,0,0,11,14,25,0,1,5,1,7,0,1,16,15,32,0,30,30,62
05/30/2015,FOE,KS,ACE,CE,Federal Contract Tower,0,0,8,1,9,0,0,0,0,0,0,0,8,1,9,0,0,0,9
06/01/2015,FOE,KS,ACE,CE,Federal Contract Tower,0,4,12,20,36,0,0,10,0,10,0,4,22,20,46,22,8,30,76
06/02/2015,FOE,KS,ACE,CE,Federal Contract Tower,0,0,18,26,44,0,1,13,20,34,0,1,31,46,78,12,148,160,238
06/03/2015,FOE,KS,ACE,CE,Federal Contract Tower,0,0,14,7,21,0,0,7,20,27,0,0,21,27,48,2,2,4,52
06/04/2015,FOE,KS,ACE,CE,Federal Contract Tower,0,0,8,12,20,0,0,2,19,21,0,0,10,31,41,0,16,16,57
06/05/2015,FOE,KS,ACE,CE,Federal Contract Tower,0,0,6,18,24,0,0,4,4,8,0,0,10,22,32,0,82,82,114
06/06/2015,FOE,KS,ACE,CE,Federal Contract Tower,0,0,0,3,3,0,0,1,2,3,0,0,1,5,6,0,0,0,6
06/07/2015,FOE,KS,ACE,CE,Federal Contract Tower,0,4,3,13,20,0,0,11,1,12,0,4,14,14,32,0,6,6,38
06/08/2015,FOE,KS,ACE,CE,Federal Contract Tower,0,2,8,16,26,0,0,30,0,30,0,2,38,16,56,18,48,66,122
06/09/2015,FOE,KS,ACE,CE,Federal Contract Tower,0,2,25,21,48,0,0,37,37,74,0,2,62,58,122,0,112,112,234
06/10/2015,FOE,KS,ACE,CE,Federal Contract Tower,0,0,21,18,39,0,0,7,16,23,0,0,28,34,62,2,16,18,80
06/11/2015,FOE,KS,ACE,CE,Federal Contract Tower,0,0,7,9,16,0,0,5,15,20,0,0,12,24,36,4,44,48,84
06/12/2015,FOE,KS,ACE,CE,Federal Contract Tower,0,0,9,6,15,0,0,4,0,4,0,0,13,6,19,6,12,18,37
06/13/2015,FOE,KS,ACE,CE,Federal Contract Tower,0,0,4,3,7,0,0,3,0,3,0,0,7,3,10,0,0,0,10
06/14/2015,FOE,KS,ACE,CE,Federal Contract Tower,0,0,8,8,16,0,0,5,9,14,0,0,13,17,30,0,18,18,48
06/15/2015,FOE,KS,ACE,CE,Federal Contract Tower,0,0,5,7,12,0,0,10,6,16,0,0,15,13,28,8,6,14,42
06/16/2015,FOE,KS,ACE,CE,Federal Contract Tower,1,1,11,41,54,0,0,11,28,39,1,1,22,69,93,0,112,112,205
06/17/2015,FOE,KS,ACE,CE,Federal Contract Tower,0,2,11,40,53,0,0,6,31,37,0,2,17,71,90,0,60,60,150
06/18/2015,FOE,KS,ACE,CE,Federal Contract Tower,0,1,11,4,16,0,0,6,19,25,0,1,17,23,41,0,62,62,103
06/19/2015,FOE,KS,ACE,CE,Federal Contract Tower,0,0,10,31,41,0,0,18,13,31,0,0,28,44,72,0,36,36,108
06/20/2015,FOE,KS,ACE,CE,Federal Contract Tower,2,2,2,8,14,0,0,1,2,3,2,2,3,10,17,0,20,20,37
06/21/2015,FOE,KS,ACE,CE,Federal Contract Tower,2,1,2,2,7,0,0,15,0,15,2,1,17,2,22,2,0,2,24
06/22/2015,FOE,KS,ACE,CE,Federal Contract Tower,0,0,11,31,42,0,0,41,1,42,0,0,52,32,84,2,46,48,132
06/23/2015,FOE,KS,ACE,CE,Federal Contract Tower,2,1,16,16,35,0,0,10,20,30,2,1,26,36,65,0,6,6,71
06/24/2015,FOE,KS,ACE,CE,Federal Contract Tower,0,0,20,21,41,0,1,5,18,24,0,1,25,39,65,0,20,20,85
06/25/2015,FOE,KS,ACE,CE,Federal Contract Tower,0,0,1,26,27,0,0,7,17,24,0,0,8,43,51,4,79,83,134
06/26/2015,FOE,KS,ACE,CE,Federal Contract Tower,2,0,5,6,13,0,0,3,0,3,2,0,8,6,16,0,0,0,16
06/27/2015,FOE,KS,ACE,CE,Federal Contract Tower,0,0,3,2,5,0,0,2,2,4,0,0,5,4,9,2,0,2,11
06/28/2015,FOE,KS,ACE,CE,Federal Contract Tower,0,0,4,1,5,0,0,6,0,6,0,0,10,1,11,0,0,0,11
06/29/2015,FOE,KS,ACE,CE,Federal Contract Tower,0,0,11,16,27,0,0,17,9,26,0,0,28,25,53,0,58,58,111
06/30/2015,FOE,KS,ACE,CE,Federal Contract Tower,0,0,8,30,38,0,0,9,16,25,0,0,17,46,63,0,22,22,85
07/01/2015,FOE,KS,ACE,CE,Federal Contract Tower,0,0,12,14,26,0,0,3,12,15,0,0,15,26,41,0,20,20,61
07/02/2015,FOE,KS,ACE,CE,Federal Contract Tower,1,0,8,12,21,0,0,2,1,3,1,0,10,13,24,0,0,0,24
07/03/2015,FOE,KS,ACE,CE,Federal Contract Tower,0,2,0,1,3,0,0,1,0,1,0,2,1,1,4,0,4,4,8
07/04/2015,FOE,KS,ACE,CE,Federal Contract Tower,0,0,2,2,4,0,0,10,1,11,0,0,12,3,15,8,8,16,31
07/05/2015,FOE,KS,ACE,CE,Federal Contract Tower,0,0,3,6,9,0,0,6,1,7,0,0,9,7,16,0,0,0,16
07/06/2015,FOE,KS,ACE,CE,Federal Contract Tower,0,0,5,9,14,0,0,9,0,9,0,0,14,9,23,6,12,18,41
07/07/2015,FOE,KS,ACE,CE,Federal Contract Tower,0,0,9,18,27,0,0,4,10,14,0,0,13,28,41,0,20,20,61
07/08/2015,FOE,KS,ACE,CE,Federal Contract Tower,2,0,10,25,37,0,0,3,3,6,2,0,13,28,43,0,30,30,73
07/09/2015,FOE,KS,ACE,CE,Federal Contract Tower,0,8,7,39,54,0,4,14,31,49,0,12,21,70,103,8,78,86,189
07/10/2015,FOE,KS,ACE,CE,Federal Contract Tower,0,0,3,11,14,0,0,5,2,7,0,0,8,13,21,0,8,8,29
07/11/2015,FOE,KS,ACE,CE,Federal Contract Tower,0,0,2,0,2,0,2,5,12,19,0,2,7,12,21,0,16,16,37
07/12/2015,FOE,KS,ACE,CE,Federal Contract Tower,2,1,18,8,29,0,0,21,12,33,2,1,39,20,62,0,0,0,62
07/13/2015,FOE,KS,ACE,CE,Federal Contract Tower,0,9,12,17,38,0,0,36,20,56,0,9,48,37,94,0,46,46,140
07/14/2015,FOE,KS,ACE,CE,Federal Contract Tower,0,0,9,22,31,0,1,14,9,24,0,1,23,31,55,0,84,84,139
07/15/2015,FOE,KS,ACE,CE,Federal Contract Tower,0,1,5,14,20,0,0,1,2,3,0,1,6,16,23,0,0,0,23
07/16/2015,FOE,KS,ACE,CE,Federal Contract Tower,0,1,9,25,35,0,0,11,10,21,0,1,20,35,56,2,6,8,64
07/17/2015,FOE,KS,ACE,CE,Federal Contract Tower,0,2,5,17,24,0,0,12,23,35,0,2,17,40,59,4,46,50,109
07/19/2015,FOE,KS,ACE,CE,Federal Contract Tower,0,1,4,13,18,0,0,4,1,5,0,1,8,14,23,0,0,0,23
07/20/2015,FOE,KS,ACE,CE,Federal Contract Tower,0,0,9,24,33,0,0,7,1,8,0,0,16,25,41,0,66,66,107
07/21/2015,FOE,KS,ACE,CE,Federal Contract Tower,0,0,5,26,31,0,0,10,9,19,0,0,15,35,50,0,32,32,82
07/22/2015,FOE,KS,ACE,CE,Federal Contract Tower,0,0,5,8,13,0,0,3,9,12,0,0,8,17,25,2,26,28,53
07/23/2015,FOE,KS,ACE,CE,Federal Contract Tower,0,0,10,29,39,0,0,16,15,31,0,0,26,44,70,12,40,52,122
07/24/2015,FOE,KS,ACE,CE,Federal Contract Tower,0,0,5,18,23,0,0,3,0,3,0,0,8,18,26,0,10,10,36
07/25/2015,FOE,KS,ACE,CE,Federal Contract Tower,0,0,4,2,6,0,0,4,0,4,0,0,8,2,10,0,0,0,10
07/26/2015,FOE,KS,ACE,CE,Federal Contract Tower,0,0,3,2,5,0,0,0,0,0,0,0,3,2,5,0,0,0,5
07/27/2015,FOE,KS,ACE,CE,Federal Contract Tower,0,3,12,31,46,0,0,7,0,7,0,3,19,31,53,0,88,88,141
07/28/2015,FOE,KS,ACE,CE,Federal Contract Tower,0,0,6,26,32,0,0,7,9,16,0,0,13,35,48,0,56,56,104
07/29/2015,FOE,KS,ACE,CE,Federal Contract Tower,0,0,11,17,28,0,0,7,11,18,0,0,18,28,46,14,36,50,96
07/30/2015,FOE,KS,ACE,CE,Federal Contract Tower,0,2,10,15,27,0,0,8,11,19,0,2,18,26,46,2,26,28,74
07/31/2015,FOE,KS,ACE,CE,Federal Contract Tower,0,0,4,4,8,0,42,7,4,53,0,42,11,8,61,28,0,28,89
08/01/2015,FOE,KS,ACE,CE,Federal Contract Tower,0,2,6,4,12,0,0,9,8,17,0,2,15,12,29,4,0,4,33
08/02/2015,FOE,KS,ACE,CE,Federal Contract Tower,0,0,8,28,36,0,0,6,6,12,0,0,14,34,48,0,60,60,108
08/03/2015,FOE,KS,ACE,CE,Federal Contract Tower,0,5,15,23,43,0,0,9,3,12,0,5,24,26,55,0,12,12,67
08/04/2015,FOE,KS,ACE,CE,Federal Contract Tower,2,0,11,10,23,0,2,16,4,22,2,2,27,14,45,2,22,24,69
08/05/2015,FOE,KS,ACE,CE,Federal Contract Tower,0,1,16,12,29,0,0,2,3,5,0,1,18,15,34,2,6,8,42
08/06/2015,FOE,KS,ACE,CE,Federal Contract Tower,0,0,7,33,40,0,0,8,11,19,0,0,15,44,59,4,24,28,87
08/07/2015,FOE,KS,ACE,CE,Federal Contract Tower,0,0,9,6,15,0,0,13,16,29,0,0,22,22,44,18,46,64,108
08/09/2015,FOE,KS,ACE,CE,Federal Contract Tower,0,0,5,2,7,0,0,5,0,5,0,0,10,2,12,0,0,0,12
08/10/2015,FOE,KS,ACE,CE,Federal Contract Tower,0,0,11,29,40,1,0,14,10,25,1,0,25,39,65,0,6,6,71
08/11/2015,FOE,KS,ACE,CE,Federal Contract Tower,0,2,6,16,24,0,0,16,10,26,0,2,22,26,50,0,20,20,70
08/12/2015,FOE,KS,ACE,CE,Federal Contract Tower,0,0,12,32,44,0,0,15,13,28,0,0,27,45,72,10,20,30,102
08/13/2015,FOE,KS,ACE,CE,Federal Contract Tower,0,2,12,27,41,0,2,17,41,60,0,4,29,68,101,0,162,162,263
08/14/2015,FOE,KS,ACE,CE,Federal Contract Tower,0,0,5,29,34,0,0,17,6,23,0,0,22,35,57,0,108,108,165
08/15/2015,FOE,KS,ACE,CE,Federal Contract Tower,0,0,0,5,5,0,0,97,0,97,0,0,97,5,102,0,0,0,102
08/16/2015,FOE,KS,ACE,CE,Federal Contract Tower,0,0,1,16,17,0,0,4,5,9,0,0,5,21,26,6,38,44,70
08/17/2015,FOE,KS,ACE,CE,Federal Contract Tower,0,1,8,11,20,0,0,13,5,18,0,1,21,16,38,4,40,44,82
08/18/2015,FOE,KS,ACE,CE,Federal Contract Tower,0,1,4,9,14,0,0,1,4,5,0,1,5,13,19,0,24,24,43
08/19/2015,FOE,KS,ACE,CE,Federal Contract Tower,0,4,13,31,48,0,0,7,25,32,0,4,20,56,80,26,16,42,122
08/20/2015,FOE,KS,ACE,CE,Federal Contract Tower,0,1,10,43,54,0,5,46,36,87,0,6,56,79,141,20,94,114,255
08/21/2015,FOE,KS,ACE,CE,Federal Contract Tower,0,0,5,13,18,0,4,4,17,25,0,4,9,30,43,0,16,16,59
08/22/2015,FOE,KS,ACE,CE,Federal Contract Tower,0,0,4,12,16,0,2,8,0,10,0,2,12,12,26,0,28,28,54
08/23/2015,FOE,KS,ACE,CE,Federal Contract Tower,0,0,2,30,32,0,0,5,7,12,0,0,7,37,44,0,82,82,126
08/24/2015,FOE,KS,ACE,CE,Federal Contract Tower,0,0,9,15,24,0,0,22,5,27,0,0,31,20,51,0,58,58,109
08/25/2015,FOE,KS,ACE,CE,Federal Contract Tower,0,0,3,25,28,0,0,11,18,29,0,0,14,43,57,4,22,26,83
08/26/2015,FOE,KS,ACE,CE,Federal Contract Tower,0,6,10,35,51,0,0,14,26,40,0,6,24,61,91,6,54,60,151
08/27/2015,FOE,KS,ACE,CE,Federal Contract Tower,0,0,12,21,33,0,0,9,49,58,0,0,21,70,91,2,58,60,151
08/28/2015,FOE,KS,ACE,CE,Federal Contract Tower,0,4,7,8,19,0,0,14,0,14,0,4,21,8,33,0,50,50,83
08/29/2015,FOE,KS,ACE,CE,Federal Contract Tower,2,2,7,8,19,0,0,14,0,14,2,2,21,8,33,0,0,0,33
08/30/2015,FOE,KS,ACE,CE,Federal Contract Tower,0,2,7,16,25,0,0,15,0,15,0,2,22,16,40,8,0,8,48
08/31/2015,FOE,KS,ACE,CE,Federal Contract Tower,0,2,6,14,22,0,0,10,24,34,0,2,16,38,56,2,12,14,70
09/01/2015,FOE,KS,ACE,CE,Federal Contract Tower,0,0,6,19,25,0,0,16,15,31,0,0,22,34,56,6,14,20,76
09/02/2015,FOE,KS,ACE,CE,Federal Contract Tower,0,0,17,12,29,0,0,8,6,14,0,0,25,18,43,0,32,32,75
09/03/2015,FOE,KS,ACE,CE,Federal Contract Tower,0,1,11,37,49,0,1,16,58,75,0,2,27,95,124,10,66,76,200
09/04/2015,FOE,KS,ACE,CE,Federal Contract Tower,0,2,5,0,7,0,0,14,0,14,0,2,19,0,21,0,0,0,21
09/05/2015,FOE,KS,ACE,CE,Federal Contract Tower,0,0,1,0,1,0,0,11,0,11,0,0,12,0,12,4,0,4,16
09/06/2015,FOE,KS,ACE,CE,Federal Contract Tower,0,2,0,1,3,0,0,0,0,0,0,2,0,1,3,20,0,20,23
09/07/2015,FOE,KS,ACE,CE,Federal Contract Tower,0,0,3,0,3,0,0,2,0,2,0,0,5,0,5,0,0,0,5
09/08/2015,FOE,KS,ACE,CE,Federal Contract Tower,0,0,6,21,27,0,0,2,8,10,0,0,8,29,37,0,6,6,43
09/09/2015,FOE,KS,ACE,CE,Federal Contract Tower,0,2,24,34,60,0,2,21,32,55,0,4,45,66,115,26,80,106,221
09/10/2015,FOE,KS,ACE,CE,Federal Contract Tower,0,0,16,23,39,0,0,5,4,9,0,0,21,27,48,0,80,80,128
09/11/2015,FOE,KS,ACE,CE,Federal Contract Tower,0,0,15,61,76,0,0,7,8,15,0,0,22,69,91,0,106,106,197
09/12/2015,FOE,KS,ACE,CE,Federal Contract Tower,0,0,14,36,50,0,0,86,26,112,0,0,100,62,162,10,78,88,250
09/13/2015,FOE,KS,ACE,CE,Federal Contract Tower,2,0,7,10,19,0,0,7,0,7,2,0,14,10,26,0,24,24,50
09/14/2015,FOE,KS,ACE,CE,Federal Contract Tower,0,0,7,26,33,0,0,6,22,28,0,0,13,48,61,0,22,22,83
09/15/2015,FOE,KS,ACE,CE,Federal Contract Tower,0,0,10,18,28,0,0,16,4,20,0,0,26,22,48,0,8,8,56
09/16/2015,FOE,KS,ACE,CE,Federal Contract Tower,0,0,12,16,28,0,0,16,14,30,0,0,28,30,58,8,12,20,78
09/17/2015,FOE,KS,ACE,CE,Federal Contract Tower,0,0,11,24,35,0,0,24,34,58,0,0,35,58,93,10,92,102,195
09/18/2015,FOE,KS,ACE,CE,Federal Contract Tower,2,0,6,4,12,0,0,2,0,2,2,0,8,4,14,0,0,0,14
09/19/2015,FOE,KS,ACE,CE,Federal Contract Tower,0,2,6,12,20,0,0,0,0,0,0,2,6,12,20,0,0,0,20
09/20/2015,FOE,KS,ACE,CE,Federal Contract Tower,0,0,8,15,23,0,0,8,0,8,0,0,16,15,31,0,20,20,51
09/21/2015,FOE,KS,ACE,CE,Federal Contract Tower,1,2,15,15,33,0,0,2,0,2,1,2,17,15,35,0,0,0,35
09/22/2015,FOE,KS,ACE,CE,Federal Contract Tower,0,1,3,24,28,0,0,15,24,39,0,1,18,48,67,0,38,38,105
09/23/2015,FOE,KS,ACE,CE,Federal Contract Tower,0,0,17,20,37,0,0,23,20,43,0,0,40,40,80,2,3,5,85
09/24/2015,FOE,KS,ACE,CE,Federal Contract Tower,0,0,5,11,16,0,0,8,14,22,0,0,13,25,38,0,76,76,114
09/25/2015,FOE,KS,ACE,CE,Federal Contract Tower,2,0,10,21,33,0,0,9,0,9,2,0,19,21,42,0,84,84,126
09/26/2015,FOE,KS,ACE,CE,Federal Contract Tower,2,2,2,8,14,0,4,33,0,37,2,6,35,8,51,0,32,32,83
09/27/2015,FOE,KS,ACE,CE,Federal Contract Tower,0,0,3,1,4,0,0,4,2,6,0,0,7,3,10,0,0,0,10
09/28/2015,FOE,KS,ACE,CE,Federal Contract Tower,0,0,7,7,14,0,0,20,3,23,0,0,27,10,37,16,22,38,75
09/29/2015,FOE,KS,ACE,CE,Federal Contract Tower,0,0,7,8,15,0,0,4,4,8,0,0,11,12,23,0,0,0,23
09/30/2015,FOE,KS,ACE,CE,Federal Contract Tower,0,0,16,6,22,0,0,16,4,20,0,0,32,10,42,0,12,12,54
10/01/2015,FOE,KS,ACE,CE,Federal Contract Tower,0,0,8,9,17,0,0,12,10,22,0,0,20,19,39,16,38,54,93
10/02/2015,FOE,KS,ACE,CE,Federal Contract Tower,0,1,10,8,19,1,1,13,6,21,1,2,23,14,40,0,48,48,88
10/03/2015,FOE,KS,ACE,CE,Federal Contract Tower,0,0,0,0,0,0,0,45,0,45,0,0,45,0,45,0,0,0,45
10/04/2015,FOE,KS,ACE,CE,Federal Contract Tower,0,1,10,4,15,0,0,8,20,28,0,1,18,24,43,2,0,2,45
10/05/2015,FOE,KS,ACE,CE,Federal Contract Tower,0,0,12,13,25,0,0,2,0,2,0,0,14,13,27,4,0,4,31
10/06/2015,FOE,KS,ACE,CE,Federal Contract Tower,0,1,8,16,25,2,2,13,7,24,2,3,21,23,49,0,88,88,137
10/07/2015,FOE,KS,ACE,CE,Federal Contract Tower,0,2,19,37,58,0,2,9,36,47,0,4,28,73,105,10,110,120,225
10/08/2015,FOE,KS,ACE,CE,Federal Contract Tower,0,2,6,11,19,0,0,10,7,17,0,2,16,18,36,0,4,4,40
10/09/2015,FOE,KS,ACE,CE,Federal Contract Tower,3,0,9,25,37,0,0,19,3,22,3,0,28,28,59,0,6,6,65
10/10/2015,FOE,KS,ACE,CE,Federal Contract Tower,2,0,3,1,6,0,0,4,0,4,2,0,7,1,10,12,0,12,22
10/11/2015,FOE,KS,ACE,CE,Federal Contract Tower,0,0,6,1,7,0,0,7,2,9,0,0,13,3,16,4,12,16,32
10/12/2015,FOE,KS,ACE,CE,Federal Contract Tower,0,0,6,2,8,0,2,2,0,4,0,2,8,2,12,0,0,0,12
10/13/2015,FOE,KS,ACE,CE,Federal Contract Tower,0,2,10,37,49,0,0,4,7,11,0,2,14,44,60,0,38,38,98
10/14/2015,FOE,KS,ACE,CE,Federal Contract Tower,0,0,7,25,32,0,0,14,9,23,0,0,21,34,55,0,46,46,101
10/15/2015,FOE,KS,ACE,CE,Federal Contract Tower,2,1,6,46,55,0,0,6,27,33,2,1,12,73,88,0,102,102,190
10/16/2015,FOE,KS,ACE,CE,Federal Contract Tower,2,2,12,31,47,0,0,12,7,19,2,2,24,38,66,0,32,32,98
10/17/2015,FOE,KS,ACE,CE,Federal Contract Tower,1,1,7,3,12,0,0,5,0,5,1,1,12,3,17,0,0,0,17
10/18/2015,FOE,KS,ACE,CE,Federal Contract Tower,0,0,10,1,11,0,0,10,0,10,0,0,20,1,21,4,0,4,25
10/19/2015,FOE,KS,ACE,CE,Federal Contract Tower,0,0,9,4,13,0,0,2,2,4,0,0,11,6,17,0,6,6,23
10/20/2015,FOE,KS,ACE,CE,Federal Contract Tower,0,0,3,26,29,2,0,12,13,27,2,0,15,39,56,2,12,14,70
10/21/2015,FOE,KS,ACE,CE,Federal Contract Tower,0,1,15,18,34,0,0,3,13,16,0,1,18,31,50,1,70,71,121
10/22/2015,FOE,KS,ACE,CE,Federal Contract Tower,0,3,8,12,23,0,0,16,5,21,0,3,24,17,44,0,86,86,130
10/23/2015,FOE,KS,ACE,CE,Federal Contract Tower,0,0,8,13,21,0,0,5,1,6,0,0,13,14,27,0,6,6,33
10/24/2015,FOE,KS,ACE,CE,Federal Contract Tower,0,0,0,0,0,0,0,12,0,12,0,0,12,0,12,0,0,0,12
10/25/2015,FOE,KS,ACE,CE,Federal Contract Tower,0,0,8,8,16,0,0,12,1,13,0,0,20,9,29,0,0,0,29
10/26/2015,FOE,KS,ACE,CE,Federal Contract Tower,2,0,6,33,41,0,0,13,12,25,2,0,19,45,66,4,48,52,118
10/27/2015,FOE,KS,ACE,CE,Federal Contract Tower,0,0,11,3,14,0,0,0,0,0,0,0,11,3,14,0,0,0,14
10/28/2015,FOE,KS,ACE,CE,Federal Contract Tower,2,1,9,22,34,0,0,12,21,33,2,1,21,43,67,6,124,130,197
10/29/2015,FOE,KS,ACE,CE,Federal Contract Tower,2,1,12,21,36,0,1,14,12,27,2,2,26,33,63,10,32,42,105
10/30/2015,FOE,KS,ACE,CE,Federal Contract Tower,0,0,23,33,56,0,0,4,6,10,0,0,27,39,66,0,58,58,124
10/31/2015,FOE,KS,ACE,CE,Federal Contract Tower,2,2,0,5,9,0,0,1,0,1,2,2,1,5,10,0,0,0,10
11/01/2015,FOE,KS,ACE,CE,Federal Contract Tower,0,0,4,3,7,0,0,4,0,4,0,0,8,3,11,0,0,0,11
11/02/2015,FOE,KS,ACE,CE,Federal Contract Tower,0,0,6,9,15,0,4,2,10,16,0,4,8,19,31,8,38,46,77
11/03/2015,FOE,KS,ACE,CE,Federal Contract Tower,0,0,13,27,40,0,0,8,19,27,0,0,21,46,67,0,62,62,129
11/04/2015,FOE,KS,ACE,CE,Federal Contract Tower,0,0,7,14,21,0,0,0,21,21,0,0,7,35,42,0,48,48,90
11/05/2015,FOE,KS,ACE,CE,Federal Contract Tower,0,1,6,6,13,0,0,0,0,0,0,1,6,6,13,0,0,0,13
11/06/2015,FOE,KS,ACE,CE,Federal Contract Tower,2,0,9,14,25,0,0,10,12,22,2,0,19,26,47,14,8,22,69
11/07/2015,FOE,KS,ACE,CE,Federal Contract Tower,0,0,4,11,15,0,0,16,2,18,0,0,20,13,33,0,26,26,59
11/08/2015,FOE,KS,ACE,CE,Federal Contract Tower,0,0,2,20,22,0,0,12,8,20,0,0,14,28,42,0,14,14,56
11/09/2015,FOE,KS,ACE,CE,Federal Contract Tower,0,0,11,14,25,6,0,5,8,19,6,0,16,22,44,0,36,36,80
11/10/2015,FOE,KS,ACE,CE,Federal Contract Tower,0,2,13,22,37,0,0,17,8,25,0,2,30,30,62,0,14,14,76
11/11/2015,FOE,KS,ACE,CE,Federal Contract Tower,0,0,8,0,8,0,0,0,0,0,0,0,8,0,8,0,0,0,8
11/12/2015,FOE,KS,ACE,CE,Federal Contract Tower,0,0,13,31,44,0,2,3,15,20,0,2,16,46,64,0,42,42,106
11/13/2015,FOE,KS,ACE,CE,Federal Contract Tower,2,0,12,9,23,0,0,25,7,32,2,0,37,16,55,4,4,8,63
11/14/2015,FOE,KS,ACE,CE,Federal Contract Tower,2,0,5,8,15,0,0,11,2,13,2,0,16,10,28,0,0,0,28
11/15/2015,FOE,KS,ACE,CE,Federal Contract Tower,0,0,7,3,10,0,0,1,0,1,0,0,8,3,11,0,0,0,11
11/16/2015,FOE,KS,ACE,CE,Federal Contract Tower,2,2,7,6,17,0,0,0,0,0,2,2,7,6,17,0,0,0,17
11/17/2015,FOE,KS,ACE,CE,Federal Contract Tower,0,1,1,26,28,0,0,1,1,2,0,1,2,27,30,0,0,0,30
11/18/2015,FOE,KS,ACE,CE,Federal Contract Tower,2,2,9,14,27,0,0,0,2,2,2,2,9,16,29,6,10,16,45
11/19/2015,FOE,KS,ACE,CE,Federal Contract Tower,0,1,13,8,22,0,3,25,7,35,0,4,38,15,57,10,20,30,87
11/20/2015,FOE,KS,ACE,CE,Federal Contract Tower,4,0,9,11,24,0,0,11,0,11,4,0,20,11,35,0,30,30,65
11/21/2015,FOE,KS,ACE,CE,Federal Contract Tower,2,0,2,6,10,0,0,13,5,18,2,0,15,11,28,0,18,18,46
11/22/2015,FOE,KS,ACE,CE,Federal Contract Tower,1,0,1,6,8,0,0,27,0,27,1,0,28,6,35,14,0,14,49
11/23/2015,FOE,KS,ACE,CE,Federal Contract Tower,0,0,14,36,50,0,0,17,14,31,0,0,31,50,81,0,98,98,179
11/24/2015,FOE,KS,ACE,CE,Federal Contract Tower,0,0,13,19,32,0,0,16,10,26,0,0,29,29,58,0,40,40,98
11/25/2015,FOE,KS,ACE,CE,Federal Contract Tower,0,5,4,5,14,0,1,12,1,14,0,6,16,6,28,0,0,0,28
11/26/2015,FOE,KS,ACE,CE,Federal Contract Tower,0,0,0,0,0,0,0,0,0,0,0,0,0,0,0,0,0,0,0
11/27/2015,FOE,KS,ACE,CE,Federal Contract Tower,2,0,1,0,3,0,0,0,0,0,2,0,1,0,3,0,0,0,3
11/28/2015,FOE,KS,ACE,CE,Federal Contract Tower,0,0,0,2,2,0,0,0,0,0,0,0,0,2,2,0,0,0,2
11/29/2015,FOE,KS,ACE,CE,Federal Contract Tower,0,2,5,0,7,0,0,0,0,0,0,2,5,0,7,0,0,0,7
11/30/2015,FOE,KS,ACE,CE,Federal Contract Tower,0,0,2,10,12,0,0,1,0,1,0,0,3,10,13,0,0,0,13
12/01/2015,FOE,KS,ACE,CE,Federal Contract Tower,0,0,11,20,31,0,0,11,11,22,0,0,22,31,53,6,36,42,95
12/02/2015,FOE,KS,ACE,CE,Federal Contract Tower,0,2,7,27,36,0,0,1,27,28,0,2,8,54,64,0,42,42,106
12/03/2015,FOE,KS,ACE,CE,Federal Contract Tower,1,1,6,17,25,0,7,22,22,51,1,8,28,39,76,24,120,144,220
12/04/2015,FOE,KS,ACE,CE,Federal Contract Tower,0,1,4,4,9,0,3,19,0,22,0,4,23,4,31,9,0,9,40
12/05/2015,FOE,KS,ACE,CE,Federal Contract Tower,0,1,1,0,2,0,2,5,0,7,0,3,6,0,9,0,0,0,9
12/06/2015,FOE,KS,ACE,CE,Federal Contract Tower,0,3,3,6,12,0,0,10,1,11,0,3,13,7,23,8,8,16,39
12/07/2015,FOE,KS,ACE,CE,Federal Contract Tower,0,1,12,35,48,0,0,10,13,23,0,1,22,48,71,0,42,42,113
12/08/2015,FOE,KS,ACE,CE,Federal Contract Tower,0,2,7,27,36,0,2,11,14,27,0,4,18,41,63,0,36,36,99
12/09/2015,FOE,KS,ACE,CE,Federal Contract Tower,0,1,10,19,30,0,0,16,5,21,0,1,26,24,51,0,22,22,73
12/10/2015,FOE,KS,ACE,CE,Federal Contract Tower,0,0,10,33,43,0,0,14,4,18,0,0,24,37,61,2,16,18,79
12/11/2015,FOE,KS,ACE,CE,Federal Contract Tower,0,0,13,10,23,0,0,22,0,22,0,0,35,10,45,0,26,26,71
12/12/2015,FOE,KS,ACE,CE,Federal Contract Tower,0,0,7,0,7,0,0,2,0,2,0,0,9,0,9,0,0,0,9
12/13/2015,FOE,KS,ACE,CE,Federal Contract Tower,0,0,1,0,1,0,0,0,0,0,0,0,1,0,1,0,0,0,1
12/14/2015,FOE,KS,ACE,CE,Federal Contract Tower,0,2,11,30,43,0,0,0,0,0,0,2,11,30,43,0,0,0,43
12/15/2015,FOE,KS,ACE,CE,Federal Contract Tower,0,3,7,31,41,0,2,6,16,24,0,5,13,47,65,0,10,10,75
12/16/2015,FOE,KS,ACE,CE,Federal Contract Tower,0,1,7,40,48,0,0,7,21,28,0,1,14,61,76,0,42,42,118
12/17/2015,FOE,KS,ACE,CE,Federal Contract Tower,2,1,13,15,31,0,0,1,10,11,2,1,14,25,42,0,12,12,54
12/18/2015,FOE,KS,ACE,CE,Federal Contract Tower,0,0,4,14,18,0,0,6,0,6,0,0,10,14,24,0,20,20,44
12/19/2015,FOE,KS,ACE,CE,Federal Contract Tower,0,0,1,3,4,0,0,8,8,16,0,0,9,11,20,0,22,22,42
12/20/2015,FOE,KS,ACE,CE,Federal Contract Tower,0,0,2,3,5,0,0,0,1,1,0,0,2,4,6,0,2,2,8
12/21/2015,FOE,KS,ACE,CE,Federal Contract Tower,2,0,3,35,40,0,0,1,2,3,2,0,4,37,43,0,4,4,47
12/22/2015,FOE,KS,ACE,CE,Federal Contract Tower,0,2,10,25,37,0,2,12,14,28,0,4,22,39,65,0,16,16,81
12/23/2015,FOE,KS,ACE,CE,Federal Contract Tower,4,2,3,3,12,0,0,2,6,8,4,2,5,9,20,20,2,22,42
12/24/2015,FOE,KS,ACE,CE,Federal Contract Tower,0,0,0,0,0,0,0,0,0,0,0,0,0,0,0,0,0,0,0
12/25/2015,FOE,KS,ACE,CE,Federal Contract Tower,0,2,1,0,3,0,0,0,0,0,0,2,1,0,3,0,0,0,3
12/26/2015,FOE,KS,ACE,CE,Federal Contract Tower,2,2,2,0,6,0,0,0,0,0,2,2,2,0,6,0,0,0,6
12/27/2015,FOE,KS,ACE,CE,Federal Contract Tower,0,1,1,0,2,0,0,0,0,0,0,1,1,0,2,0,0,0,2
12/28/2015,FOE,KS,ACE,CE,Federal Contract Tower,0,4,1,0,5,0,0,0,0,0,0,4,1,0,5,0,0,0,5
12/29/2015,FOE,KS,ACE,CE,Federal Contract Tower,0,3,5,0,8,0,0,0,0,0,0,3,5,0,8,0,4,4,12
12/30/2015,FOE,KS,ACE,CE,Federal Contract Tower,0,0,6,14,20,0,0,1,6,7,0,0,7,20,27,0,36,36,63
12/31/2015,FOE,KS,ACE,CE,Federal Contract Tower,0,0,3,0,3,0,0,3,0,3,0,0,6,0,6,0,0,0,6
01/01/2016,FOE,KS,ACE,CE,Federal Contract Tower,0,2,3,0,5,0,0,6,0,6,0,2,9,0,11,0,0,0,11
01/02/2016,FOE,KS,ACE,CE,Federal Contract Tower,0,2,6,0,8,0,0,5,0,5,0,2,11,0,13,0,2,2,15
01/03/2016,FOE,KS,ACE,CE,Federal Contract Tower,0,0,4,1,5,0,0,7,0,7,0,0,11,1,12,0,0,0,12
01/04/2016,FOE,KS,ACE,CE,Federal Contract Tower,0,5,0,4,9,0,0,0,0,0,0,5,0,4,9,0,0,0,9
01/05/2016,FOE,KS,ACE,CE,Federal Contract Tower,0,2,6,29,37,0,1,13,10,24,0,3,19,39,61,4,42,46,107
01/06/2016,FOE,KS,ACE,CE,Federal Contract Tower,1,0,8,0,9,0,0,0,2,2,1,0,8,2,11,0,0,0,11
01/07/2016,FOE,KS,ACE,CE,Federal Contract Tower,0,0,5,5,10,0,0,0,0,0,0,0,5,5,10,0,0,0,10
01/08/2016,FOE,KS,ACE,CE,Federal Contract Tower,2,2,4,7,15,0,0,0,12,12,2,2,4,19,27,0,30,30,57
01/09/2016,FOE,KS,ACE,CE,Federal Contract Tower,0,1,5,15,21,0,0,0,13,13,0,1,5,28,34,0,26,26,60
01/10/2016,FOE,KS,ACE,CE,Federal Contract Tower,1,1,5,8,15,0,0,2,0,2,1,1,7,8,17,0,0,0,17
01/11/2016,FOE,KS,ACE,CE,Federal Contract Tower,2,0,7,24,33,0,0,7,2,9,2,0,14,26,42,2,26,28,70
01/12/2016,FOE,KS,ACE,CE,Federal Contract Tower,2,0,17,12,31,0,4,8,5,17,2,4,25,17,48,8,12,20,68
01/13/2016,FOE,KS,ACE,CE,Federal Contract Tower,0,1,16,15,32,0,0,19,14,33,0,1,35,29,65,0,60,60,125
01/14/2016,FOE,KS,ACE,CE,Federal Contract Tower,0,0,8,25,33,0,8,1,14,23,0,8,9,39,56,0,28,28,84
01/15/2016,FOE,KS,ACE,CE,Federal Contract Tower,0,2,6,14,22,0,0,6,12,18,0,2,12,26,40,0,40,40,80
01/16/2016,FOE,KS,ACE,CE,Federal Contract Tower,0,0,8,0,8,0,0,10,0,10,0,0,18,0,18,4,0,4,22
01/17/2016,FOE,KS,ACE,CE,Federal Contract Tower,0,1,0,7,8,0,0,2,8,10,0,1,2,15,18,0,36,36,54
01/18/2016,FOE,KS,ACE,CE,Federal Contract Tower,0,2,5,0,7,0,0,6,0,6,0,2,11,0,13,38,6,44,57
01/19/2016,FOE,KS,ACE,CE,Federal Contract Tower,0,0,4,2,6,0,2,0,0,2,0,2,4,2,8,0,0,0,8
01/20/2016,FOE,KS,ACE,CE,Federal Contract Tower,0,1,6,4,11,0,0,0,0,0,0,1,6,4,11,0,0,0,11
01/21/2016,FOE,KS,ACE,CE,Federal Contract Tower,0,1,4,0,5,0,0,0,0,0,0,1,4,0,5,0,0,0,5
01/22/2016,FOE,KS,ACE,CE,Federal Contract Tower,2,0,6,9,17,0,0,2,5,7,2,0,8,14,24,0,2,2,26
01/23/2016,FOE,KS,ACE,CE,Federal Contract Tower,2,0,1,0,3,0,0,1,0,1,2,0,2,0,4,0,0,0,4
01/24/2016,FOE,KS,ACE,CE,Federal Contract Tower,0,1,13,1,15,0,0,7,0,7,0,1,20,1,22,0,0,0,22
01/25/2016,FOE,KS,ACE,CE,Federal Contract Tower,0,1,8,8,17,0,2,0,1,3,0,3,8,9,20,0,0,0,20
01/26/2016,FOE,KS,ACE,CE,Federal Contract Tower,0,1,18,14,33,0,0,5,12,17,0,1,23,26,50,0,24,24,74
01/27/2016,FOE,KS,ACE,CE,Federal Contract Tower,0,0,13,21,34,0,0,5,14,19,0,0,18,35,53,0,42,42,95
01/28/2016,FOE,KS,ACE,CE,Federal Contract Tower,0,8,12,22,42,0,0,4,0,4,0,8,16,22,46,6,60,66,112
01/29/2016,FOE,KS,ACE,CE,Federal Contract Tower,3,0,11,5,19,0,0,4,0,4,3,0,15,5,23,0,0,0,23
01/30/2016,FOE,KS,ACE,CE,Federal Contract Tower,1,0,2,6,9,0,0,1,0,1,1,0,3,6,10,0,0,0,10
01/31/2016,FOE,KS,ACE,CE,Federal Contract Tower,0,1,6,2,9,0,0,4,1,5,0,1,10,3,14,0,6,6,20
02/01/2016,FOE,KS,ACE,CE,Federal Contract Tower,0,0,5,21,26,0,0,5,2,7,0,0,10,23,33,2,62,64,97
02/02/2016,FOE,KS,ACE,CE,Federal Contract Tower,0,0,1,25,26,0,0,0,11,11,0,0,1,36,37,0,14,14,51
02/03/2016,FOE,KS,ACE,CE,Federal Contract Tower,0,0,8,14,22,0,2,8,6,16,0,2,16,20,38,0,28,28,66
02/04/2016,FOE,KS,ACE,CE,Federal Contract Tower,0,0,3,15,18,0,0,5,8,13,0,0,8,23,31,0,28,28,59
02/05/2016,FOE,KS,ACE,CE,Federal Contract Tower,2,3,0,15,20,0,0,4,5,9,2,3,4,20,29,0,46,46,75
02/06/2016,FOE,KS,ACE,CE,Federal Contract Tower,4,0,1,17,22,0,0,4,0,4,4,0,5,17,26,4,16,20,46
02/07/2016,FOE,KS,ACE,CE,Federal Contract Tower,2,0,7,1,10,1,0,2,0,3,3,0,9,1,13,8,0,8,21
02/08/2016,FOE,KS,ACE,CE,Federal Contract Tower,1,1,3,2,7,0,0,2,1,3,1,1,5,3,10,0,14,14,24
02/09/2016,FOE,KS,ACE,CE,Federal Contract Tower,0,3,15,36,54,0,2,5,11,18,0,5,20,47,72,0,48,48,120
02/10/2016,FOE,KS,ACE,CE,Federal Contract Tower,0,2,14,19,35,0,0,4,5,9,0,2,18,24,44,0,34,34,78
02/11/2016,FOE,KS,ACE,CE,Federal Contract Tower,0,0,9,20,29,0,0,18,9,27,0,0,27,29,56,4,82,86,142
02/12/2016,FOE,KS,ACE,CE,Federal Contract Tower,2,0,9,16,27,0,0,13,1,14,2,0,22,17,41,12,57,69,110
02/13/2016,FOE,KS,ACE,CE,Federal Contract Tower,0,0,2,0,2,0,0,1,0,1,0,0,3,0,3,0,0,0,3
02/14/2016,FOE,KS,ACE,CE,Federal Contract Tower,0,0,6,1,7,0,0,15,0,15,0,0,21,1,22,0,0,0,22
02/15/2016,FOE,KS,ACE,CE,Federal Contract Tower,0,0,8,4,12,0,3,15,0,18,0,3,23,4,30,12,0,12,42
02/16/2016,FOE,KS,ACE,CE,Federal Contract Tower,0,7,8,30,45,0,0,4,5,9,0,7,12,35,54,0,32,32,86
02/17/2016,FOE,KS,ACE,CE,Federal Contract Tower,0,0,13,14,27,0,0,15,2,17,0,0,28,16,44,10,12,22,66
02/18/2016,FOE,KS,ACE,CE,Federal Contract Tower,0,0,9,14,23,0,0,3,0,3,0,0,12,14,26,0,10,10,36
02/19/2016,FOE,KS,ACE,CE,Federal Contract Tower,2,0,7,17,26,0,0,7,8,15,2,0,14,25,41,10,24,34,75
02/20/2016,FOE,KS,ACE,CE,Federal Contract Tower,2,0,1,18,21,0,0,13,2,15,2,0,14,20,36,0,2,2,38
02/21/2016,FOE,KS,ACE,CE,Federal Contract Tower,0,0,3,2,5,0,0,9,4,13,0,0,12,6,18,4,0,4,22
02/22/2016,FOE,KS,ACE,CE,Federal Contract Tower,3,2,7,39,51,0,2,12,14,28,3,4,19,53,79,24,54,78,157
02/23/2016,FOE,KS,ACE,CE,Federal Contract Tower,0,0,9,51,60,0,0,10,8,18,0,0,19,59,78,8,76,84,162
02/24/2016,FOE,KS,ACE,CE,Federal Contract Tower,0,0,5,16,21,0,0,6,10,16,0,0,11,26,37,8,28,36,73
02/25/2016,FOE,KS,ACE,CE,Federal Contract Tower,0,0,5,43,48,0,0,4,8,12,0,0,9,51,60,0,50,50,110
02/26/2016,FOE,KS,ACE,CE,Federal Contract Tower,3,0,7,14,24,0,0,2,0,2,3,0,9,14,26,4,0,4,30
02/27/2016,FOE,KS,ACE,CE,Federal Contract Tower,3,1,0,6,10,0,0,2,0,2,3,1,2,6,12,0,0,0,12
02/28/2016,FOE,KS,ACE,CE,Federal Contract Tower,2,4,3,3,12,0,0,2,0,2,2,4,5,3,14,0,0,0,14
02/29/2016,FOE,KS,ACE,CE,Federal Contract Tower,0,2,7,18,27,0,0,10,0,10,0,2,17,18,37,0,6,6,43
03/01/2016,FOE,KS,ACE,CE,Federal Contract Tower,0,1,9,42,52,0,0,8,15,23,0,1,17,57,75,0,84,84,159
03/02/2016,FOE,KS,ACE,CE,Federal Contract Tower,2,2,2,12,18,0,4,7,0,11,2,6,9,12,29,2,12,14,43
03/03/2016,FOE,KS,ACE,CE,Federal Contract Tower,1,0,12,39,52,0,0,8,18,26,1,0,20,57,78,12,118,130,208
03/04/2016,FOE,KS,ACE,CE,Federal Contract Tower,2,0,4,9,15,0,0,7,2,9,2,0,11,11,24,0,6,6,30
03/05/2016,FOE,KS,ACE,CE,Federal Contract Tower,2,0,0,0,2,0,0,7,0,7,2,0,7,0,9,0,6,6,15
03/06/2016,FOE,KS,ACE,CE,Federal Contract Tower,1,1,2,1,5,0,0,0,3,3,1,1,2,4,8,0,8,8,16
03/07/2016,FOE,KS,ACE,CE,Federal Contract Tower,0,0,12,13,25,0,4,3,3,10,0,4,15,16,35,0,24,24,59
03/08/2016,FOE,KS,ACE,CE,Federal Contract Tower,0,6,10,5,21,0,0,0,0,0,0,6,10,5,21,0,0,0,21
03/09/2016,FOE,KS,ACE,CE,Federal Contract Tower,0,0,3,9,12,0,0,5,2,7,0,0,8,11,19,0,66,66,85
03/10/2016,FOE,KS,ACE,CE,Federal Contract Tower,0,7,6,45,58,0,3,3,17,23,0,10,9,62,81,6,64,70,151
03/11/2016,FOE,KS,ACE,CE,Federal Contract Tower,0,0,9,37,46,0,1,21,5,27,0,1,30,42,73,0,86,86,159
03/12/2016,FOE,KS,ACE,CE,Federal Contract Tower,0,0,7,0,7,0,0,0,0,0,0,0,7,0,7,0,0,0,7
03/13/2016,FOE,KS,ACE,CE,Federal Contract Tower,0,0,4,0,4,0,0,3,0,3,0,0,7,0,7,0,0,0,7
03/14/2016,FOE,KS,ACE,CE,Federal Contract Tower,0,0,3,11,14,0,0,12,0,12,0,0,15,11,26,0,48,48,74
03/15/2016,FOE,KS,ACE,CE,Federal Contract Tower,0,2,7,38,47,0,0,6,5,11,0,2,13,43,58,0,28,28,86
03/16/2016,FOE,KS,ACE,CE,Federal Contract Tower,0,0,2,16,18,0,0,1,28,29,0,0,3,44,47,0,76,76,123
03/17/2016,FOE,KS,ACE,CE,Federal Contract Tower,0,0,5,21,26,0,14,2,0,16,0,14,7,21,42,0,72,72,114
03/18/2016,FOE,KS,ACE,CE,Federal Contract Tower,0,2,3,4,9,0,0,2,2,4,0,2,5,6,13,0,0,0,13
03/19/2016,FOE,KS,ACE,CE,Federal Contract Tower,0,0,1,5,6,0,0,8,0,8,0,0,9,5,14,10,0,10,24
03/20/2016,FOE,KS,ACE,CE,Federal Contract Tower,0,0,6,1,7,0,0,6,0,6,0,0,12,1,13,2,0,2,15
03/21/2016,FOE,KS,ACE,CE,Federal Contract Tower,0,0,13,9,22,0,2,16,2,20,0,2,29,11,42,6,8,14,56
03/22/2016,FOE,KS,ACE,CE,Federal Contract Tower,0,4,14,31,49,0,0,16,11,27,0,4,30,42,76,0,16,16,92
03/23/2016,FOE,KS,ACE,CE,Federal Contract Tower,0,0,4,8,12,0,0,0,0,0,0,0,4,8,12,16,4,20,32
03/24/2016,FOE,KS,ACE,CE,Federal Contract Tower,0,0,4,8,12,0,0,5,7,12,0,0,9,15,24,4,16,20,44
03/25/2016,FOE,KS,ACE,CE,Federal Contract Tower,0,0,2,1,3,0,0,8,6,14,0,0,10,7,17,2,4,6,23
03/26/2016,FOE,KS,ACE,CE,Federal Contract Tower,0,0,0,2,2,0,0,0,2,2,0,0,0,4,4,0,0,0,4
03/27/2016,FOE,KS,ACE,CE,Federal Contract Tower,0,0,3,4,7,0,0,2,2,4,0,0,5,6,11,0,0,0,11
03/28/2016,FOE,KS,ACE,CE,Federal Contract Tower,0,0,7,13,20,0,0,10,0,10,0,0,17,13,30,4,0,4,34
03/30/2016,FOE,KS,ACE,CE,Federal Contract Tower,0,0,3,25,28,0,0,1,0,1,0,0,4,25,29,0,0,0,29
03/31/2016,FOE,KS,ACE,CE,Federal Contract Tower,0,1,10,50,61,0,0,2,12,14,0,1,12,62,75,0,86,86,161
04/01/2016,FOE,KS,ACE,CE,Federal Contract Tower,0,0,2,56,58,0,0,5,8,13,0,0,7,64,71,0,88,88,159
04/02/2016,FOE,KS,ACE,CE,Federal Contract Tower,0,0,7,7,14,0,0,6,3,9,0,0,13,10,23,0,32,32,55
04/03/2016,FOE,KS,ACE,CE,Federal Contract Tower,0,0,3,2,5,0,0,8,5,13,0,0,11,7,18,0,12,12,30
04/04/2016,FOE,KS,ACE,CE,Federal Contract Tower,0,0,9,26,35,0,4,12,5,21,0,4,21,31,56,6,48,54,110
04/05/2016,FOE,KS,ACE,CE,Federal Contract Tower,0,2,7,10,19,0,0,4,9,13,0,2,11,19,32,0,22,22,54
04/06/2016,FOE,KS,ACE,CE,Federal Contract Tower,2,0,9,23,34,15,3,5,2,25,17,3,14,25,59,0,22,22,81
04/07/2016,FOE,KS,ACE,CE,Federal Contract Tower,1,0,9,29,39,10,2,6,16,34,11,2,15,45,73,0,24,24,97
04/08/2016,FOE,KS,ACE,CE,Federal Contract Tower,0,0,6,15,21,0,0,2,7,9,0,0,8,22,30,0,36,36,66
04/09/2016,FOE,KS,ACE,CE,Federal Contract Tower,0,0,3,0,3,0,0,6,7,13,0,0,9,7,16,0,10,10,26
04/10/2016,FOE,KS,ACE,CE,Federal Contract Tower,0,0,3,3,6,0,0,4,0,4,0,0,7,3,10,0,0,0,10
04/11/2016,FOE,KS,ACE,CE,Federal Contract Tower,0,4,8,10,22,0,0,8,4,12,0,4,16,14,34,6,16,22,56
04/12/2016,FOE,KS,ACE,CE,Federal Contract Tower,0,1,14,12,27,0,7,9,12,28,0,8,23,24,55,6,30,36,91
04/13/2016,FOE,KS,ACE,CE,Federal Contract Tower,0,0,6,6,12,0,0,8,0,8,0,0,14,6,20,0,30,30,50
04/14/2016,FOE,KS,ACE,CE,Federal Contract Tower,0,0,13,10,23,0,2,6,6,14,0,2,19,16,37,4,54,58,95
04/15/2016,FOE,KS,ACE,CE,Federal Contract Tower,0,0,8,33,41,0,0,13,11,24,0,0,21,44,65,0,34,34,99
04/16/2016,FOE,KS,ACE,CE,Federal Contract Tower,0,0,3,0,3,0,0,0,4,4,0,0,3,4,7,0,0,0,7
04/17/2016,FOE,KS,ACE,CE,Federal Contract Tower,0,0,7,1,8,0,0,0,0,0,0,0,7,1,8,0,0,0,8
04/18/2016,FOE,KS,ACE,CE,Federal Contract Tower,0,1,5,9,15,0,0,0,2,2,0,1,5,11,17,0,0,0,17
04/19/2016,FOE,KS,ACE,CE,Federal Contract Tower,0,1,12,18,31,0,1,11,10,22,0,2,23,28,53,0,18,18,71
04/20/2016,FOE,KS,ACE,CE,Federal Contract Tower,0,1,6,18,25,0,0,6,1,7,0,1,12,19,32,0,30,30,62
04/21/2016,FOE,KS,ACE,CE,Federal Contract Tower,0,2,11,24,37,0,0,7,5,12,0,2,18,29,49,14,66,80,129
04/22/2016,FOE,KS,ACE,CE,Federal Contract Tower,0,0,9,6,15,0,0,7,1,8,0,0,16,7,23,0,0,0,23
04/23/2016,FOE,KS,ACE,CE,Federal Contract Tower,0,0,2,4,6,0,0,8,0,8,0,0,10,4,14,0,0,0,14
04/24/2016,FOE,KS,ACE,CE,Federal Contract Tower,0,2,5,4,11,0,0,2,0,2,0,2,7,4,13,0,0,0,13
04/25/2016,FOE,KS,ACE,CE,Federal Contract Tower,0,0,17,27,44,0,0,5,1,6,0,0,22,28,50,0,0,0,50
04/26/2016,FOE,KS,ACE,CE,Federal Contract Tower,0,0,5,9,14,0,0,0,4,4,0,0,5,13,18,0,16,16,34
04/27/2016,FOE,KS,ACE,CE,Federal Contract Tower,0,0,13,20,33,0,0,2,10,12,0,0,15,30,45,0,20,20,65
04/28/2016,FOE,KS,ACE,CE,Federal Contract Tower,0,0,5,25,30,0,0,35,11,46,0,0,40,36,76,2,68,70,146
04/29/2016,FOE,KS,ACE,CE,Federal Contract Tower,0,0,5,15,20,0,0,0,0,0,0,0,5,15,20,0,0,0,20
04/30/2016,FOE,KS,ACE,CE,Federal Contract Tower,0,0,2,2,4,0,0,0,0,0,0,0,2,2,4,0,0,0,4
05/01/2016,FOE,KS,ACE,CE,Federal Contract Tower,0,0,3,1,4,0,0,3,0,3,0,0,6,1,7,0,0,0,7
05/02/2016,FOE,KS,ACE,CE,Federal Contract Tower,0,2,13,8,23,0,1,6,3,10,0,3,19,11,33,0,10,10,43
05/03/2016,FOE,KS,ACE,CE,Federal Contract Tower,0,1,6,17,24,0,4,12,15,31,0,5,18,32,55,10,26,36,91
05/04/2016,FOE,KS,ACE,CE,Federal Contract Tower,0,1,9,27,37,0,5,15,0,20,0,6,24,27,57,0,4,4,61
05/05/2016,FOE,KS,ACE,CE,Federal Contract Tower,0,2,13,36,51,0,4,12,13,29,0,6,25,49,80,2,52,54,134
05/06/2016,FOE,KS,ACE,CE,Federal Contract Tower,0,1,3,8,12,0,1,11,3,15,0,2,14,11,27,4,34,38,65
05/07/2016,FOE,KS,ACE,CE,Federal Contract Tower,0,0,3,0,3,0,0,13,0,13,0,0,16,0,16,0,22,22,38
05/08/2016,FOE,KS,ACE,CE,Federal Contract Tower,2,1,1,1,5,0,0,0,0,0,2,1,1,1,5,0,0,0,5
05/09/2016,FOE,KS,ACE,CE,Federal Contract Tower,0,0,8,13,21,0,0,0,3,3,0,0,8,16,24,0,12,12,36
05/10/2016,FOE,KS,ACE,CE,Federal Contract Tower,0,0,14,23,37,0,0,15,8,23,0,0,29,31,60,8,20,28,88
05/11/2016,FOE,KS,ACE,CE,Federal Contract Tower,3,3,11,32,49,0,0,3,3,6,3,3,14,35,55,0,72,72,127
05/12/2016,FOE,KS,ACE,CE,Federal Contract Tower,0,0,9,30,39,0,6,18,12,36,0,6,27,42,75,6,44,50,125
05/13/2016,FOE,KS,ACE,CE,Federal Contract Tower,0,0,5,2,7,0,0,2,0,2,0,0,7,2,9,0,0,0,9
05/14/2016,FOE,KS,ACE,CE,Federal Contract Tower,0,0,10,5,15,0,0,2,2,4,0,0,12,7,19,0,0,0,19
05/15/2016,FOE,KS,ACE,CE,Federal Contract Tower,0,0,4,8,12,0,0,5,4,9,0,0,9,12,21,4,20,24,45
05/16/2016,FOE,KS,ACE,CE,Federal Contract Tower,0,0,9,10,19,0,0,0,0,0,0,0,9,10,19,0,0,0,19
05/17/2016,FOE,KS,ACE,CE,Federal Contract Tower,0,0,12,44,56,0,0,0,2,2,0,0,12,46,58,0,22,22,80
05/18/2016,FOE,KS,ACE,CE,Federal Contract Tower,0,1,18,32,51,0,0,15,18,33,0,1,33,50,84,14,74,88,172
05/19/2016,FOE,KS,ACE,CE,Federal Contract Tower,0,4,13,46,63,0,0,14,16,30,0,4,27,62,93,0,104,104,197
05/20/2016,FOE,KS,ACE,CE,Federal Contract Tower,0,1,7,20,28,0,0,5,5,10,0,1,12,25,38,0,5,5,43
05/21/2016,FOE,KS,ACE,CE,Federal Contract Tower,0,0,5,1,6,0,0,9,4,13,0,0,14,5,19,20,0,20,39
05/22/2016,FOE,KS,ACE,CE,Federal Contract Tower,0,3,16,14,33,0,0,12,2,14,0,3,28,16,47,0,2,2,49
05/23/2016,FOE,KS,ACE,CE,Federal Contract Tower,0,0,14,3,17,0,0,2,2,4,0,0,16,5,21,4,6,10,31
05/24/2016,FOE,KS,ACE,CE,Federal Contract Tower,2,0,9,9,20,0,8,10,11,29,2,8,19,20,49,0,16,16,65
05/25/2016,FOE,KS,ACE,CE,Federal Contract Tower,0,0,5,24,29,0,5,8,8,21,0,5,13,32,50,0,46,46,96
05/26/2016,FOE,KS,ACE,CE,Federal Contract Tower,0,0,10,3,13,0,0,7,4,11,0,0,17,7,24,0,0,0,24
05/27/2016,FOE,KS,ACE,CE,Federal Contract Tower,0,1,7,1,9,0,0,0,0,0,0,1,7,1,9,0,0,0,9
05/28/2016,FOE,KS,ACE,CE,Federal Contract Tower,1,0,1,0,2,0,0,4,0,4,1,0,5,0,6,0,0,0,6
05/29/2016,FOE,KS,ACE,CE,Federal Contract Tower,0,0,2,0,2,0,0,14,0,14,0,0,16,0,16,0,0,0,16
05/30/2016,FOE,KS,ACE,CE,Federal Contract Tower,0,0,2,0,2,0,0,8,0,8,0,0,10,0,10,0,0,0,10
05/31/2016,FOE,KS,ACE,CE,Federal Contract Tower,0,2,5,10,17,0,2,3,11,16,0,4,8,21,33,0,26,26,59
06/01/2016,FOE,KS,ACE,CE,Federal Contract Tower,0,2,11,40,53,0,2,8,13,23,0,4,19,53,76,0,108,108,184
06/02/2016,FOE,KS,ACE,CE,Federal Contract Tower,0,0,8,13,21,0,0,21,7,28,0,0,29,20,49,6,51,57,106
06/03/2016,FOE,KS,ACE,CE,Federal Contract Tower,0,1,5,45,51,0,0,16,16,32,0,1,21,61,83,0,160,160,243
06/04/2016,FOE,KS,ACE,CE,Federal Contract Tower,0,0,0,8,8,0,0,4,0,4,0,0,4,8,12,0,0,0,12
06/05/2016,FOE,KS,ACE,CE,Federal Contract Tower,2,0,6,19,27,0,0,6,12,18,2,0,12,31,45,8,28,36,81
06/06/2016,FOE,KS,ACE,CE,Federal Contract Tower,2,1,6,33,42,0,4,5,11,20,2,5,11,44,62,0,46,46,108
06/07/2016,FOE,KS,ACE,CE,Federal Contract Tower,0,0,7,17,24,0,0,12,9,21,0,0,19,26,45,0,8,8,53
06/08/2016,FOE,KS,ACE,CE,Federal Contract Tower,0,0,7,23,30,0,0,7,13,20,0,0,14,36,50,0,76,76,126
06/09/2016,FOE,KS,ACE,CE,Federal Contract Tower,0,12,16,28,56,0,2,38,5,45,0,14,54,33,101,0,60,60,161
06/10/2016,FOE,KS,ACE,CE,Federal Contract Tower,0,1,5,23,29,0,0,4,7,11,0,1,9,30,40,0,28,28,68
06/11/2016,FOE,KS,ACE,CE,Federal Contract Tower,0,0,1,0,1,0,2,9,0,11,0,2,10,0,12,0,0,0,12
06/12/2016,FOE,KS,ACE,CE,Federal Contract Tower,0,1,3,0,4,0,0,7,5,12,0,1,10,5,16,4,0,4,20
06/13/2016,FOE,KS,ACE,CE,Federal Contract Tower,1,3,12,26,42,0,0,2,4,6,1,3,14,30,48,20,20,40,88
06/14/2016,FOE,KS,ACE,CE,Federal Contract Tower,0,2,4,14,20,0,2,5,26,33,0,4,9,40,53,0,34,34,87
06/15/2016,FOE,KS,ACE,CE,Federal Contract Tower,0,7,14,0,21,0,0,3,11,14,0,7,17,11,35,0,58,58,93
06/16/2016,FOE,KS,ACE,CE,Federal Contract Tower,0,0,14,7,21,0,0,3,3,6,0,0,17,10,27,0,96,96,123
06/17/2016,FOE,KS,ACE,CE,Federal Contract Tower,0,0,7,12,19,0,0,7,12,19,0,0,14,24,38,0,22,22,60
06/18/2016,FOE,KS,ACE,CE,Federal Contract Tower,0,0,7,3,10,0,0,1,8,9,0,0,8,11,19,0,0,0,19
06/19/2016,FOE,KS,ACE,CE,Federal Contract Tower,0,0,1,15,16,0,0,5,2,7,0,0,6,17,23,0,16,16,39
06/20/2016,FOE,KS,ACE,CE,Federal Contract Tower,0,0,9,31,40,0,0,4,24,28,0,0,13,55,68,0,46,46,114
06/21/2016,FOE,KS,ACE,CE,Federal Contract Tower,2,2,5,41,50,0,0,10,14,24,2,2,15,55,74,0,22,22,96
06/22/2016,FOE,KS,ACE,CE,Federal Contract Tower,0,0,7,8,15,0,0,5,3,8,0,0,12,11,23,0,10,10,33
06/23/2016,FOE,KS,ACE,CE,Federal Contract Tower,0,8,8,0,16,0,0,6,0,6,0,8,14,0,22,0,4,4,26
06/24/2016,FOE,KS,ACE,CE,Federal Contract Tower,2,0,3,6,11,0,0,6,0,6,2,0,9,6,17,0,0,0,17
06/25/2016,FOE,KS,ACE,CE,Federal Contract Tower,2,0,1,5,8,0,0,5,3,8,2,0,6,8,16,0,4,4,20
06/26/2016,FOE,KS,ACE,CE,Federal Contract Tower,0,0,3,0,3,0,0,3,0,3,0,0,6,0,6,0,0,0,6
06/27/2016,FOE,KS,ACE,CE,Federal Contract Tower,0,2,11,8,21,0,0,7,7,14,0,2,18,15,35,0,18,18,53
06/28/2016,FOE,KS,ACE,CE,Federal Contract Tower,0,0,9,7,16,0,0,8,6,14,0,0,17,13,30,0,30,30,60
06/29/2016,FOE,KS,ACE,CE,Federal Contract Tower,0,4,1,10,15,0,0,10,4,14,0,4,11,14,29,0,0,0,29
06/30/2016,FOE,KS,ACE,CE,Federal Contract Tower,1,0,15,16,32,0,0,1,6,7,1,0,16,22,39,0,4,4,43
07/01/2016,FOE,KS,ACE,CE,Federal Contract Tower,2,0,4,2,8,0,0,5,2,7,2,0,9,4,15,0,2,2,17
07/02/2016,FOE,KS,ACE,CE,Federal Contract Tower,4,0,3,0,7,0,0,0,0,0,4,0,3,0,7,0,0,0,7
07/03/2016,FOE,KS,ACE,CE,Federal Contract Tower,0,0,6,3,9,0,0,0,0,0,0,0,6,3,9,0,0,0,9
07/04/2016,FOE,KS,ACE,CE,Federal Contract Tower,4,0,5,2,11,0,0,16,2,18,4,0,21,4,29,0,2,2,31
07/05/2016,FOE,KS,ACE,CE,Federal Contract Tower,0,0,6,7,13,0,0,7,4,11,0,0,13,11,24,0,14,14,38
07/06/2016,FOE,KS,ACE,CE,Federal Contract Tower,0,0,6,14,20,0,0,9,7,16,0,0,15,21,36,0,18,18,54
07/07/2016,FOE,KS,ACE,CE,Federal Contract Tower,0,2,14,10,26,0,0,3,0,3,0,2,17,10,29,0,0,0,29
07/08/2016,FOE,KS,ACE,CE,Federal Contract Tower,2,2,5,38,47,0,0,5,11,16,2,2,10,49,63,0,64,64,127
07/09/2016,FOE,KS,ACE,CE,Federal Contract Tower,0,0,0,2,2,0,0,2,6,8,0,0,2,8,10,0,0,0,10
07/10/2016,FOE,KS,ACE,CE,Federal Contract Tower,0,0,3,12,15,0,0,9,10,19,0,0,12,22,34,0,4,4,38
07/11/2016,FOE,KS,ACE,CE,Federal Contract Tower,2,0,4,47,53,0,4,0,8,12,2,4,4,55,65,2,38,40,105
07/12/2016,FOE,KS,ACE,CE,Federal Contract Tower,0,3,6,38,47,0,4,6,10,20,0,7,12,48,67,2,22,24,91
07/13/2016,FOE,KS,ACE,CE,Federal Contract Tower,0,2,6,6,14,0,4,1,5,10,0,6,7,11,24,0,2,2,26
07/14/2016,FOE,KS,ACE,CE,Federal Contract Tower,2,7,13,5,27,0,2,1,20,23,2,9,14,25,50,0,6,6,56
07/15/2016,FOE,KS,ACE,CE,Federal Contract Tower,0,2,5,29,36,0,0,4,7,11,0,2,9,36,47,0,46,46,93
07/16/2016,FOE,KS,ACE,CE,Federal Contract Tower,0,0,6,0,6,0,0,2,0,2,0,0,8,0,8,0,0,0,8
07/17/2016,FOE,KS,ACE,CE,Federal Contract Tower,0,0,4,3,7,0,0,7,0,7,0,0,11,3,14,0,0,0,14
07/18/2016,FOE,KS,ACE,CE,Federal Contract Tower,0,2,15,21,38,0,0,9,2,11,0,2,24,23,49,0,34,34,83
07/19/2016,FOE,KS,ACE,CE,Federal Contract Tower,0,2,3,21,26,0,2,3,14,19,0,4,6,35,45,0,50,50,95
07/20/2016,FOE,KS,ACE,CE,Federal Contract Tower,0,2,9,8,19,0,1,3,14,18,0,3,12,22,37,0,18,18,55
07/21/2016,FOE,KS,ACE,CE,Federal Contract Tower,0,0,16,33,49,0,4,5,34,43,0,4,21,67,92,0,74,74,166
07/22/2016,FOE,KS,ACE,CE,Federal Contract Tower,0,0,15,11,26,0,0,12,6,18,0,0,27,17,44,0,24,24,68
07/23/2016,FOE,KS,ACE,CE,Federal Contract Tower,0,2,2,0,4,0,2,6,8,16,0,4,8,8,20,0,0,0,20
07/24/2016,FOE,KS,ACE,CE,Federal Contract Tower,0,0,3,2,5,0,0,4,6,10,0,0,7,8,15,12,0,12,27
07/25/2016,FOE,KS,ACE,CE,Federal Contract Tower,0,0,5,15,20,0,0,5,2,7,0,0,10,17,27,0,6,6,33
07/26/2016,FOE,KS,ACE,CE,Federal Contract Tower,0,0,9,27,36,0,3,8,18,29,0,3,17,45,65,6,58,64,129
07/27/2016,FOE,KS,ACE,CE,Federal Contract Tower,0,0,11,17,28,0,0,7,6,13,0,0,18,23,41,0,78,78,119
07/28/2016,FOE,KS,ACE,CE,Federal Contract Tower,0,1,8,14,23,0,0,6,8,14,0,1,14,22,37,0,42,42,79
07/29/2016,FOE,KS,ACE,CE,Federal Contract Tower,0,0,9,20,29,0,0,6,3,9,0,0,15,23,38,0,44,44,82
07/30/2016,FOE,KS,ACE,CE,Federal Contract Tower,0,0,3,11,14,0,0,9,12,21,0,0,12,23,35,0,0,0,35
07/31/2016,FOE,KS,ACE,CE,Federal Contract Tower,0,0,6,3,9,0,3,1,0,4,0,3,7,3,13,0,0,0,13
08/01/2016,FOE,KS,ACE,CE,Federal Contract Tower,0,0,10,10,20,0,0,5,4,9,0,0,15,14,29,6,14,20,49
08/02/2016,FOE,KS,ACE,CE,Federal Contract Tower,0,2,3,6,11,0,1,10,4,15,0,3,13,10,26,6,4,10,36
08/03/2016,FOE,KS,ACE,CE,Federal Contract Tower,0,3,3,8,14,0,0,5,5,10,0,3,8,13,24,0,6,6,30
08/04/2016,FOE,KS,ACE,CE,Federal Contract Tower,0,0,7,21,28,0,0,7,18,25,0,0,14,39,53,0,44,44,97
08/05/2016,FOE,KS,ACE,CE,Federal Contract Tower,0,0,7,8,15,0,0,3,1,4,0,0,10,9,19,0,0,0,19
08/06/2016,FOE,KS,ACE,CE,Federal Contract Tower,0,0,2,4,6,0,0,7,0,7,0,0,9,4,13,0,0,0,13
08/07/2016,FOE,KS,ACE,CE,Federal Contract Tower,0,0,5,10,15,0,0,4,2,6,0,0,9,12,21,0,0,0,21
08/08/2016,FOE,KS,ACE,CE,Federal Contract Tower,0,0,7,19,26,0,0,10,3,13,0,0,17,22,39,0,16,16,55
08/09/2016,FOE,KS,ACE,CE,Federal Contract Tower,0,0,10,35,45,0,8,4,8,20,0,8,14,43,65,12,56,68,133
08/10/2016,FOE,KS,ACE,CE,Federal Contract Tower,0,0,8,6,14,0,0,4,0,4,0,0,12,6,18,0,20,20,38
08/11/2016,FOE,KS,ACE,CE,Federal Contract Tower,0,0,8,13,21,0,4,4,23,31,0,4,12,36,52,14,64,78,130
08/12/2016,FOE,KS,ACE,CE,Federal Contract Tower,0,0,1,19,20,0,0,1,4,5,0,0,2,23,25,0,16,16,41
08/13/2016,FOE,KS,ACE,CE,Federal Contract Tower,0,0,4,11,15,0,0,1,2,3,0,0,5,13,18,0,6,6,24
08/14/2016,FOE,KS,ACE,CE,Federal Contract Tower,0,0,3,15,18,0,0,3,1,4,0,0,6,16,22,0,4,4,26
08/15/2016,FOE,KS,ACE,CE,Federal Contract Tower,4,0,5,33,42,0,0,31,17,48,4,0,36,50,90,8,90,98,188
08/16/2016,FOE,KS,ACE,CE,Federal Contract Tower,0,2,11,15,28,0,0,6,6,12,0,2,17,21,40,0,18,18,58
08/17/2016,FOE,KS,ACE,CE,Federal Contract Tower,0,0,6,5,11,0,3,8,4,15,0,3,14,9,26,2,0,2,28
08/18/2016,FOE,KS,ACE,CE,Federal Contract Tower,0,0,16,18,34,0,1,8,22,31,0,1,24,40,65,0,60,60,125
08/19/2016,FOE,KS,ACE,CE,Federal Contract Tower,0,0,8,13,21,0,0,5,0,5,0,0,13,13,26,0,4,4,30
08/20/2016,FOE,KS,ACE,CE,Federal Contract Tower,0,0,2,0,2,0,0,1,0,1,0,0,3,0,3,0,0,0,3
08/21/2016,FOE,KS,ACE,CE,Federal Contract Tower,0,0,2,1,3,0,0,6,0,6,0,0,8,1,9,0,0,0,9
08/22/2016,FOE,KS,ACE,CE,Federal Contract Tower,0,0,10,27,37,0,4,37,4,45,0,4,47,31,82,0,34,34,116
08/23/2016,FOE,KS,ACE,CE,Federal Contract Tower,0,0,4,25,29,0,0,8,13,21,0,0,12,38,50,0,4,4,54
08/24/2016,FOE,KS,ACE,CE,Federal Contract Tower,0,0,14,7,21,0,1,5,2,8,0,1,19,9,29,0,10,10,39
08/25/2016,FOE,KS,ACE,CE,Federal Contract Tower,0,1,9,15,25,0,0,2,8,10,0,1,11,23,35,0,2,2,37
08/26/2016,FOE,KS,ACE,CE,Federal Contract Tower,0,4,13,3,20,0,0,5,2,7,0,4,18,5,27,0,10,10,37
08/27/2016,FOE,KS,ACE,CE,Federal Contract Tower,0,0,7,2,9,0,0,21,5,26,0,0,28,7,35,0,0,0,35
08/28/2016,FOE,KS,ACE,CE,Federal Contract Tower,0,0,3,20,23,0,0,2,4,6,0,0,5,24,29,0,0,0,29
08/29/2016,FOE,KS,ACE,CE,Federal Contract Tower,0,0,10,28,38,0,0,11,13,24,0,0,21,41,62,0,88,88,150
08/30/2016,FOE,KS,ACE,CE,Federal Contract Tower,0,4,9,0,13,0,0,4,5,9,0,4,13,5,22,0,0,0,22
08/31/2016,FOE,KS,ACE,CE,Federal Contract Tower,0,0,13,16,29,0,0,9,0,9,0,0,22,16,38,0,6,6,44
09/01/2016,FOE,KS,ACE,CE,Federal Contract Tower,0,0,8,27,35,0,0,7,1,8,0,0,15,28,43,6,20,26,69
09/02/2016,FOE,KS,ACE,CE,Federal Contract Tower,2,0,0,8,10,0,2,4,0,6,2,2,4,8,16,0,0,0,16
09/03/2016,FOE,KS,ACE,CE,Federal Contract Tower,1,0,5,0,6,0,0,2,0,2,1,0,7,0,8,0,16,16,24
09/04/2016,FOE,KS,ACE,CE,Federal Contract Tower,0,0,1,0,1,0,0,0,0,0,0,0,1,0,1,0,0,0,1
09/05/2016,FOE,KS,ACE,CE,Federal Contract Tower,0,1,3,0,4,0,2,6,0,8,0,3,9,0,12,0,0,0,12
09/06/2016,FOE,KS,ACE,CE,Federal Contract Tower,0,1,7,28,36,0,0,6,7,13,0,1,13,35,49,8,28,36,85
09/07/2016,FOE,KS,ACE,CE,Federal Contract Tower,0,0,5,15,20,0,2,15,13,30,0,2,20,28,50,12,6,18,68
09/08/2016,FOE,KS,ACE,CE,Federal Contract Tower,0,0,6,21,27,0,0,5,4,9,0,0,11,25,36,0,30,30,66
09/09/2016,FOE,KS,ACE,CE,Federal Contract Tower,4,0,5,22,31,0,0,6,11,17,4,0,11,33,48,0,34,34,82
09/10/2016,FOE,KS,ACE,CE,Federal Contract Tower,4,0,6,22,32,0,0,6,19,25,4,0,12,41,57,0,38,38,95
09/11/2016,FOE,KS,ACE,CE,Federal Contract Tower,0,0,2,7,9,0,2,8,9,19,0,2,10,16,28,0,0,0,28
09/12/2016,FOE,KS,ACE,CE,Federal Contract Tower,0,0,14,24,38,0,5,21,4,30,0,5,35,28,68,0,32,32,100
09/13/2016,FOE,KS,ACE,CE,Federal Contract Tower,2,0,7,5,14,0,2,2,4,8,2,2,9,9,22,0,34,34,56
09/14/2016,FOE,KS,ACE,CE,Federal Contract Tower,0,5,6,0,11,0,0,3,0,3,0,5,9,0,14,20,20,40,54
09/15/2016,FOE,KS,ACE,CE,Federal Contract Tower,0,2,14,15,31,0,0,5,3,8,0,2,19,18,39,0,36,36,75
09/16/2016,FOE,KS,ACE,CE,Federal Contract Tower,0,4,5,20,29,0,0,3,0,3,0,4,8,20,32,0,0,0,32
09/17/2016,FOE,KS,ACE,CE,Federal Contract Tower,2,0,6,0,8,0,0,17,0,17,2,0,23,0,25,0,0,0,25
09/18/2016,FOE,KS,ACE,CE,Federal Contract Tower,0,2,8,4,14,0,0,5,0,5,0,2,13,4,19,0,0,0,19
09/19/2016,FOE,KS,ACE,CE,Federal Contract Tower,0,0,5,22,27,0,0,12,12,24,0,0,17,34,51,40,54,94,145
09/20/2016,FOE,KS,ACE,CE,Federal Contract Tower,0,0,4,15,19,0,0,21,10,31,0,0,25,25,50,0,30,30,80
09/21/2016,FOE,KS,ACE,CE,Federal Contract Tower,0,2,4,13,19,0,2,3,5,10,0,4,7,18,29,0,30,30,59
09/22/2016,FOE,KS,ACE,CE,Federal Contract Tower,0,1,3,14,18,0,0,10,5,15,0,1,13,19,33,0,64,64,97
09/23/2016,FOE,KS,ACE,CE,Federal Contract Tower,0,0,4,12,16,0,0,8,6,14,0,0,12,18,30,0,30,30,60
09/24/2016,FOE,KS,ACE,CE,Federal Contract Tower,0,0,2,0,2,0,0,2,1,3,0,0,4,1,5,6,0,6,11
09/25/2016,FOE,KS,ACE,CE,Federal Contract Tower,0,0,0,0,0,0,0,3,0,3,0,0,3,0,3,0,0,0,3
09/26/2016,FOE,KS,ACE,CE,Federal Contract Tower,1,0,8,15,24,0,0,14,14,28,1,0,22,29,52,0,22,22,74
09/27/2016,FOE,KS,ACE,CE,Federal Contract Tower,0,0,5,10,15,0,0,0,6,6,0,0,5,16,21,0,0,0,21
09/28/2016,FOE,KS,ACE,CE,Federal Contract Tower,2,1,10,17,30,0,1,15,0,16,2,2,25,17,46,0,4,4,50
09/29/2016,FOE,KS,ACE,CE,Federal Contract Tower,0,4,12,8,24,0,2,11,1,14,0,6,23,9,38,0,6,6,44
09/30/2016,FOE,KS,ACE,CE,Federal Contract Tower,0,0,13,2,15,0,2,11,0,13,0,2,24,2,28,0,0,0,28
10/01/2016,FOE,KS,ACE,CE,Federal Contract Tower,1,0,3,21,25,0,1,52,0,53,1,1,55,21,78,12,2,14,92
10/02/2016,FOE,KS,ACE,CE,Federal Contract Tower,0,0,3,0,3,0,0,5,0,5,0,0,8,0,8,0,0,0,8
10/03/2016,FOE,KS,ACE,CE,Federal Contract Tower,1,1,9,29,40,0,0,12,10,22,1,1,21,39,62,8,42,50,112
10/05/2016,FOE,KS,ACE,CE,Federal Contract Tower,1,0,8,5,14,0,0,0,0,0,1,0,8,5,14,0,4,4,18
10/06/2016,FOE,KS,ACE,CE,Federal Contract Tower,0,0,9,8,17,0,0,2,4,6,0,0,11,12,23,6,18,24,47
10/07/2016,FOE,KS,ACE,CE,Federal Contract Tower,1,0,9,11,21,0,2,7,2,11,1,2,16,13,32,0,24,24,56
10/08/2016,FOE,KS,ACE,CE,Federal Contract Tower,1,0,7,0,8,0,0,10,0,10,1,0,17,0,18,23,0,23,41
10/09/2016,FOE,KS,ACE,CE,Federal Contract Tower,2,0,2,2,6,0,0,3,0,3,2,0,5,2,9,0,0,0,9
10/10/2016,FOE,KS,ACE,CE,Federal Contract Tower,1,1,19,7,28,0,0,6,1,7,1,1,25,8,35,0,6,6,41
10/11/2016,FOE,KS,ACE,CE,Federal Contract Tower,0,0,7,36,43,0,1,6,13,20,0,1,13,49,63,2,42,44,107
10/12/2016,FOE,KS,ACE,CE,Federal Contract Tower,0,5,5,14,24,0,0,4,7,11,0,5,9,21,35,0,14,14,49
10/13/2016,FOE,KS,ACE,CE,Federal Contract Tower,1,2,14,31,48,0,0,28,13,41,1,2,42,44,89,6,104,110,199
10/14/2016,FOE,KS,ACE,CE,Federal Contract Tower,3,0,14,35,52,0,0,0,0,0,3,0,14,35,52,0,10,10,62
10/15/2016,FOE,KS,ACE,CE,Federal Contract Tower,3,0,2,4,9,0,0,2,4,6,3,0,4,8,15,6,10,16,31
10/16/2016,FOE,KS,ACE,CE,Federal Contract Tower,0,0,2,4,6,0,0,5,0,5,0,0,7,4,11,0,0,0,11
10/17/2016,FOE,KS,ACE,CE,Federal Contract Tower,0,4,11,14,29,0,0,5,0,5,0,4,16,14,34,0,0,0,34
10/18/2016,FOE,KS,ACE,CE,Federal Contract Tower,2,4,7,35,48,0,2,8,19,29,2,6,15,54,77,4,22,26,103
10/19/2016,FOE,KS,ACE,CE,Federal Contract Tower,0,5,6,19,30,0,0,5,26,31,0,5,11,45,61,10,30,40,101
10/20/2016,FOE,KS,ACE,CE,Federal Contract Tower,0,2,9,21,32,0,0,13,12,25,0,2,22,33,57,4,10,14,71
10/21/2016,FOE,KS,ACE,CE,Federal Contract Tower,2,0,2,35,39,0,1,14,21,36,2,1,16,56,75,10,48,58,133
10/22/2016,FOE,KS,ACE,CE,Federal Contract Tower,2,0,6,10,18,0,0,12,10,22,2,0,18,20,40,0,14,14,54
10/23/2016,FOE,KS,ACE,CE,Federal Contract Tower,0,0,10,0,10,0,0,19,15,34,0,0,29,15,44,2,0,2,46
10/24/2016,FOE,KS,ACE,CE,Federal Contract Tower,0,0,7,18,25,1,0,9,21,31,1,0,16,39,56,12,52,64,120
10/25/2016,FOE,KS,ACE,CE,Federal Contract Tower,0,4,11,21,36,0,0,0,6,6,0,4,11,27,42,0,0,0,42
10/26/2016,FOE,KS,ACE,CE,Federal Contract Tower,0,2,2,22,26,0,2,0,1,3,0,4,2,23,29,10,0,10,39
10/27/2016,FOE,KS,ACE,CE,Federal Contract Tower,1,0,6,15,22,0,0,0,0,0,1,0,6,15,22,12,0,12,34
10/28/2016,FOE,KS,ACE,CE,Federal Contract Tower,2,0,12,22,36,0,0,8,3,11,2,0,20,25,47,0,12,12,59
10/29/2016,FOE,KS,ACE,CE,Federal Contract Tower,0,0,0,1,1,0,2,6,0,8,0,2,6,1,9,0,0,0,9
10/31/2016,FOE,KS,ACE,CE,Federal Contract Tower,0,0,11,23,34,0,2,9,0,11,0,2,20,23,45,12,0,12,57
11/01/2016,FOE,KS,ACE,CE,Federal Contract Tower,0,0,1,22,23,0,2,6,12,20,0,2,7,34,43,4,34,38,81
11/02/2016,FOE,KS,ACE,CE,Federal Contract Tower,0,0,10,20,30,0,0,0,0,0,0,0,10,20,30,0,0,0,30
11/03/2016,FOE,KS,ACE,CE,Federal Contract Tower,1,2,11,27,41,0,0,3,7,10,1,2,14,34,51,4,76,80,131
11/04/2016,FOE,KS,ACE,CE,Federal Contract Tower,2,1,11,19,33,0,0,4,1,5,2,1,15,20,38,8,26,34,72
11/05/2016,FOE,KS,ACE,CE,Federal Contract Tower,0,2,5,4,11,0,0,16,0,16,0,2,21,4,27,0,18,18,45
11/06/2016,FOE,KS,ACE,CE,Federal Contract Tower,2,0,12,10,24,0,0,8,10,18,2,0,20,20,42,12,2,14,56
11/07/2016,FOE,KS,ACE,CE,Federal Contract Tower,0,2,9,23,34,0,0,7,21,28,0,2,16,44,62,0,96,96,158
11/08/2016,FOE,KS,ACE,CE,Federal Contract Tower,0,10,13,59,82,0,1,13,37,51,0,11,26,96,133,24,48,72,205
11/09/2016,FOE,KS,ACE,CE,Federal Contract Tower,0,0,12,38,50,0,0,15,16,31,0,0,27,54,81,0,40,40,121
11/10/2016,FOE,KS,ACE,CE,Federal Contract Tower,2,3,7,21,33,0,2,4,6,12,2,5,11,27,45,0,22,22,67
11/11/2016,FOE,KS,ACE,CE,Federal Contract Tower,0,0,7,0,7,0,0,11,0,11,0,0,18,0,18,4,0,4,22
11/12/2016,FOE,KS,ACE,CE,Federal Contract Tower,0,0,4,7,11,0,0,13,0,13,0,0,17,7,24,26,0,26,50
11/13/2016,FOE,KS,ACE,CE,Federal Contract Tower,0,0,7,3,10,0,0,12,0,12,0,0,19,3,22,22,2,24,46
11/14/2016,FOE,KS,ACE,CE,Federal Contract Tower,0,0,12,13,25,0,0,23,11,34,0,0,35,24,59,20,6,26,85
11/15/2016,FOE,KS,ACE,CE,Federal Contract Tower,0,0,15,33,48,32,0,18,10,60,32,0,33,43,108,2,38,40,148
11/16/2016,FOE,KS,ACE,CE,Federal Contract Tower,2,0,11,20,33,0,0,16,10,26,2,0,27,30,59,0,17,17,76
11/17/2016,FOE,KS,ACE,CE,Federal Contract Tower,3,0,5,8,16,0,0,8,5,13,3,0,13,13,29,0,20,20,49
11/18/2016,FOE,KS,ACE,CE,Federal Contract Tower,2,1,6,19,28,0,0,20,6,26,2,1,26,25,54,0,16,16,70
11/19/2016,FOE,KS,ACE,CE,Federal Contract Tower,10,2,4,16,32,0,2,21,6,29,10,4,25,22,61,0,0,0,61
11/20/2016,FOE,KS,ACE,CE,Federal Contract Tower,0,3,3,12,18,0,0,7,5,12,0,3,10,17,30,8,10,18,48
11/21/2016,FOE,KS,ACE,CE,Federal Contract Tower,0,0,6,20,26,0,0,6,34,40,0,0,12,54,66,0,0,0,66
11/22/2016,FOE,KS,ACE,CE,Federal Contract Tower,0,0,14,20,34,0,0,11,14,25,0,0,25,34,59,0,6,6,65
11/23/2016,FOE,KS,ACE,CE,Federal Contract Tower,0,0,0,29,29,0,0,0,4,4,0,0,0,33,33,0,0,0,33
11/24/2016,FOE,KS,ACE,CE,Federal Contract Tower,0,0,2,0,2,0,0,7,1,8,0,0,9,1,10,0,0,0,10
11/25/2016,FOE,KS,ACE,CE,Federal Contract Tower,0,1,5,0,6,0,2,4,0,6,0,3,9,0,12,0,0,0,12
11/26/2016,FOE,KS,ACE,CE,Federal Contract Tower,0,0,4,2,6,0,2,4,0,6,0,2,8,2,12,0,0,0,12
11/27/2016,FOE,KS,ACE,CE,Federal Contract Tower,0,0,3,1,4,0,0,0,0,0,0,0,3,1,4,0,0,0,4
11/28/2016,FOE,KS,ACE,CE,Federal Contract Tower,0,0,6,18,24,0,0,10,5,15,0,0,16,23,39,4,28,32,71
11/29/2016,FOE,KS,ACE,CE,Federal Contract Tower,0,0,6,35,41,0,0,13,15,28,0,0,19,50,69,0,44,44,113
11/30/2016,FOE,KS,ACE,CE,Federal Contract Tower,0,2,18,15,35,0,0,8,28,36,0,2,26,43,71,10,62,72,143
12/01/2016,FOE,KS,ACE,CE,Federal Contract Tower,0,3,8,28,39,0,2,6,21,29,0,5,14,49,68,12,12,24,92
12/02/2016,FOE,KS,ACE,CE,Federal Contract Tower,0,0,8,54,62,0,2,29,17,48,0,2,37,71,110,0,54,54,164
12/03/2016,FOE,KS,ACE,CE,Federal Contract Tower,0,0,3,2,5,0,0,1,2,3,0,0,4,4,8,0,0,0,8
12/04/2016,FOE,KS,ACE,CE,Federal Contract Tower,0,2,4,2,8,0,0,0,0,0,0,2,4,2,8,0,0,0,8
12/05/2016,FOE,KS,ACE,CE,Federal Contract Tower,0,2,8,36,46,0,2,11,2,15,0,4,19,38,61,6,142,148,209
12/06/2016,FOE,KS,ACE,CE,Federal Contract Tower,4,3,13,40,60,0,4,14,3,21,4,7,27,43,81,0,56,56,137
12/07/2016,FOE,KS,ACE,CE,Federal Contract Tower,0,0,6,15,21,0,0,0,0,0,0,0,6,15,21,0,28,28,49
12/08/2016,FOE,KS,ACE,CE,Federal Contract Tower,0,2,9,28,39,0,0,6,19,25,0,2,15,47,64,4,66,70,134
12/09/2016,FOE,KS,ACE,CE,Federal Contract Tower,0,0,8,5,13,0,0,4,4,8,0,0,12,9,21,0,36,36,57
12/10/2016,FOE,KS,ACE,CE,Federal Contract Tower,0,0,4,3,7,0,0,3,0,3,0,0,7,3,10,0,0,0,10
12/11/2016,FOE,KS,ACE,CE,Federal Contract Tower,0,0,3,4,7,0,0,2,0,2,0,0,5,4,9,0,0,0,9
12/12/2016,FOE,KS,ACE,CE,Federal Contract Tower,0,0,16,20,36,0,0,3,0,3,0,0,19,20,39,0,40,40,79
12/13/2016,FOE,KS,ACE,CE,Federal Contract Tower,0,2,0,21,23,0,4,0,11,15,0,6,0,32,38,0,36,36,74
12/14/2016,FOE,KS,ACE,CE,Federal Contract Tower,0,0,12,33,45,0,2,10,14,26,0,2,22,47,71,0,60,60,131
12/15/2016,FOE,KS,ACE,CE,Federal Contract Tower,0,0,11,3,14,0,0,11,8,19,0,0,22,11,33,0,20,20,53
12/16/2016,FOE,KS,ACE,CE,Federal Contract Tower,0,0,2,0,2,0,0,0,0,0,0,0,2,0,2,0,0,0,2
12/17/2016,FOE,KS,ACE,CE,Federal Contract Tower,0,0,0,0,0,0,0,0,0,0,0,0,0,0,0,0,0,0,0
12/18/2016,FOE,KS,ACE,CE,Federal Contract Tower,0,1,0,3,4,0,0,2,0,2,0,1,2,3,6,0,0,0,6
12/19/2016,FOE,KS,ACE,CE,Federal Contract Tower,0,0,15,7,22,0,0,3,0,3,0,0,18,7,25,0,8,8,33
12/20/2016,FOE,KS,ACE,CE,Federal Contract Tower,0,2,7,17,26,0,0,17,11,28,0,2,24,28,54,0,32,32,86
12/21/2016,FOE,KS,ACE,CE,Federal Contract Tower,0,2,5,17,24,0,0,5,15,20,0,2,10,32,44,10,74,84,128
12/22/2016,FOE,KS,ACE,CE,Federal Contract Tower,0,0,7,12,19,0,0,5,5,10,0,0,12,17,29,0,44,44,73
12/23/2016,FOE,KS,ACE,CE,Federal Contract Tower,0,0,7,0,7,0,0,2,0,2,0,0,9,0,9,0,0,0,9
12/24/2016,FOE,KS,ACE,CE,Federal Contract Tower,0,0,5,0,5,0,0,0,0,0,0,0,5,0,5,0,0,0,5
12/25/2016,FOE,KS,ACE,CE,Federal Contract Tower,0,0,0,0,0,0,0,0,0,0,0,0,0,0,0,0,0,0,0
12/26/2016,FOE,KS,ACE,CE,Federal Contract Tower,0,0,7,1,8,0,0,9,0,9,0,0,16,1,17,8,0,8,25
12/27/2016,FOE,KS,ACE,CE,Federal Contract Tower,0,0,6,0,6,0,0,5,0,5,0,0,11,0,11,0,0,0,11
12/28/2016,FOE,KS,ACE,CE,Federal Contract Tower,0,1,2,6,9,0,0,6,18,24,0,1,8,24,33,26,40,66,99
12/29/2016,FOE,KS,ACE,CE,Federal Contract Tower,0,1,6,11,18,0,0,0,6,6,0,1,6,17,24,0,30,30,54
12/30/2016,FOE,KS,ACE,CE,Federal Contract Tower,0,0,5,0,5,0,0,4,0,4,0,0,9,0,9,0,26,26,35
12/31/2016,FOE,KS,ACE,CE,Federal Contract Tower,0,4,8,0,12,0,0,13,0,13,0,4,21,0,25,0,0,0,25
01/01/2017,FOE,KS,ACE,CE,Federal Contract Tower,0,2,3,0,5,0,0,7,0,7,0,2,10,0,12,0,0,0,12
01/02/2017,FOE,KS,ACE,CE,Federal Contract Tower,0,0,2,0,2,0,0,0,0,0,0,0,2,0,2,0,0,0,2
01/03/2017,FOE,KS,ACE,CE,Federal Contract Tower,0,1,7,16,24,0,0,2,6,8,0,1,9,22,32,0,46,46,78
01/04/2017,FOE,KS,ACE,CE,Federal Contract Tower,0,1,9,18,28,0,0,10,10,20,0,1,19,28,48,4,32,36,84
01/05/2017,FOE,KS,ACE,CE,Federal Contract Tower,0,0,13,3,16,0,0,0,10,10,0,0,13,13,26,0,20,20,46
01/06/2017,FOE,KS,ACE,CE,Federal Contract Tower,0,2,1,13,16,0,0,4,14,18,0,2,5,27,34,0,52,52,86
01/07/2017,FOE,KS,ACE,CE,Federal Contract Tower,0,3,0,0,3,0,0,0,0,0,0,3,0,0,3,0,8,8,11
01/08/2017,FOE,KS,ACE,CE,Federal Contract Tower,0,0,0,4,4,0,0,0,3,3,0,0,0,7,7,0,0,0,7
01/09/2017,FOE,KS,ACE,CE,Federal Contract Tower,0,0,7,27,34,0,0,1,4,5,0,0,8,31,39,4,36,40,79
01/10/2017,FOE,KS,ACE,CE,Federal Contract Tower,0,0,11,44,55,0,2,9,7,18,0,2,20,51,73,0,30,30,103
01/11/2017,FOE,KS,ACE,CE,Federal Contract Tower,0,0,10,17,27,0,0,1,22,23,0,0,11,39,50,0,26,26,76
01/12/2017,FOE,KS,ACE,CE,Federal Contract Tower,0,0,6,26,32,0,0,4,24,28,0,0,10,50,60,0,34,34,94
01/13/2017,FOE,KS,ACE,CE,Federal Contract Tower,0,0,6,0,6,0,0,1,0,1,0,0,7,0,7,0,0,0,7
01/14/2017,FOE,KS,ACE,CE,Federal Contract Tower,2,0,0,0,2,0,0,0,0,0,2,0,0,0,2,0,0,0,2
01/15/2017,FOE,KS,ACE,CE,Federal Contract Tower,0,0,0,0,0,0,0,0,0,0,0,0,0,0,0,0,0,0,0
01/16/2017,FOE,KS,ACE,CE,Federal Contract Tower,0,0,3,0,3,0,0,0,0,0,0,0,3,0,3,0,0,0,3
01/17/2017,FOE,KS,ACE,CE,Federal Contract Tower,1,1,8,35,45,0,0,4,9,13,1,1,12,44,58,0,6,6,64
01/20/2017,FOE,KS,ACE,CE,Federal Contract Tower,0,2,6,5,13,0,0,0,6,6,0,2,6,11,19,0,24,24,43
01/21/2017,FOE,KS,ACE,CE,Federal Contract Tower,4,0,3,14,21,0,0,4,0,4,4,0,7,14,25,0,10,10,35
01/22/2017,FOE,KS,ACE,CE,Federal Contract Tower,2,0,3,15,20,0,0,2,0,2,2,0,5,15,22,4,24,28,50
01/23/2017,FOE,KS,ACE,CE,Federal Contract Tower,1,6,5,11,23,0,0,3,1,4,1,6,8,12,27,10,2,12,39
01/24/2017,FOE,KS,ACE,CE,Federal Contract Tower,0,0,6,18,24,0,1,2,13,16,0,1,8,31,40,0,36,36,76
01/25/2017,FOE,KS,ACE,CE,Federal Contract Tower,0,0,4,13,17,0,0,1,21,22,0,0,5,34,39,0,32,32,71
01/26/2017,FOE,KS,ACE,CE,Federal Contract Tower,0,0,4,50,54,0,0,6,9,15,0,0,10,59,69,0,48,48,117
01/27/2017,FOE,KS,ACE,CE,Federal Contract Tower,1,0,10,14,25,0,0,0,0,0,1,0,10,14,25,4,18,22,47
01/28/2017,FOE,KS,ACE,CE,Federal Contract Tower,2,0,3,4,9,0,0,5,0,5,2,0,8,4,14,0,0,0,14
01/29/2017,FOE,KS,ACE,CE,Federal Contract Tower,1,0,3,3,7,0,0,6,0,6,1,0,9,3,13,0,0,0,13
01/30/2017,FOE,KS,ACE,CE,Federal Contract Tower,0,1,4,22,27,0,0,9,2,11,0,1,13,24,38,0,42,42,80
01/31/2017,FOE,KS,ACE,CE,Federal Contract Tower,2,7,9,19,37,0,0,13,6,19,2,7,22,25,56,30,20,50,106
02/01/2017,FOE,KS,ACE,CE,Federal Contract Tower,2,3,14,20,39,0,0,14,16,30,2,3,28,36,69,0,20,20,89
02/02/2017,FOE,KS,ACE,CE,Federal Contract Tower,0,0,13,9,22,0,0,15,7,22,0,0,28,16,44,6,34,40,84
02/03/2017,FOE,KS,ACE,CE,Federal Contract Tower,0,1,3,1,5,0,0,0,0,0,0,1,3,1,5,0,3,3,8
02/04/2017,FOE,KS,ACE,CE,Federal Contract Tower,0,2,4,0,6,0,0,6,0,6,0,2,10,0,12,2,0,2,14
02/05/2017,FOE,KS,ACE,CE,Federal Contract Tower,0,0,4,0,4,0,0,5,0,5,0,0,9,0,9,2,0,2,11
02/06/2017,FOE,KS,ACE,CE,Federal Contract Tower,0,2,6,35,43,0,0,0,0,0,0,2,6,35,43,0,2,2,45
02/07/2017,FOE,KS,ACE,CE,Federal Contract Tower,0,0,7,10,17,0,0,0,2,2,0,0,7,12,19,0,0,0,19
02/08/2017,FOE,KS,ACE,CE,Federal Contract Tower,0,0,11,7,18,0,1,1,3,5,0,1,12,10,23,0,18,18,41
02/09/2017,FOE,KS,ACE,CE,Federal Contract Tower,0,0,10,9,19,0,0,9,15,24,0,0,19,24,43,6,62,68,111
02/10/2017,FOE,KS,ACE,CE,Federal Contract Tower,2,1,12,13,28,0,0,6,7,13,2,1,18,20,41,14,0,14,55
02/11/2017,FOE,KS,ACE,CE,Federal Contract Tower,4,0,2,6,12,0,0,4,5,9,4,0,6,11,21,2,6,8,29
02/12/2017,FOE,KS,ACE,CE,Federal Contract Tower,1,0,3,11,15,0,0,3,2,5,1,0,6,13,20,6,8,14,34
02/13/2017,FOE,KS,ACE,CE,Federal Contract Tower,0,4,6,12,22,0,0,7,0,7,0,4,13,12,29,0,4,4,33
02/14/2017,FOE,KS,ACE,CE,Federal Contract Tower,0,1,5,45,51,0,4,1,26,31,0,5,6,71,82,0,114,114,196
02/15/2017,FOE,KS,ACE,CE,Federal Contract Tower,0,0,16,21,37,0,0,14,7,21,0,0,30,28,58,0,40,40,98
02/16/2017,FOE,KS,ACE,CE,Federal Contract Tower,2,2,3,15,22,0,0,13,4,17,2,2,16,19,39,0,8,8,47
02/17/2017,FOE,KS,ACE,CE,Federal Contract Tower,6,0,10,9,25,0,0,1,5,6,6,0,11,14,31,0,8,8,39
02/18/2017,FOE,KS,ACE,CE,Federal Contract Tower,4,0,2,6,12,0,0,0,2,2,4,0,2,8,14,0,0,0,14
02/19/2017,FOE,KS,ACE,CE,Federal Contract Tower,0,0,5,0,5,0,0,2,0,2,0,0,7,0,7,0,0,0,7
02/20/2017,FOE,KS,ACE,CE,Federal Contract Tower,8,3,10,0,21,0,0,0,0,0,8,3,10,0,21,0,0,0,21
02/21/2017,FOE,KS,ACE,CE,Federal Contract Tower,0,5,14,8,27,0,0,8,15,23,0,5,22,23,50,0,2,2,52
02/22/2017,FOE,KS,ACE,CE,Federal Contract Tower,3,1,16,10,30,0,0,8,8,16,3,1,24,18,46,0,42,42,88
02/23/2017,FOE,KS,ACE,CE,Federal Contract Tower,0,0,9,11,20,0,0,0,0,0,0,0,9,11,20,0,69,69,89
02/24/2017,FOE,KS,ACE,CE,Federal Contract Tower,2,0,1,6,9,0,0,0,10,10,2,0,1,16,19,0,14,14,33
02/25/2017,FOE,KS,ACE,CE,Federal Contract Tower,0,0,2,0,2,0,0,2,0,2,0,0,4,0,4,0,0,0,4
02/26/2017,FOE,KS,ACE,CE,Federal Contract Tower,0,1,1,0,2,0,0,1,0,1,0,1,2,0,3,0,0,0,3
02/27/2017,FOE,KS,ACE,CE,Federal Contract Tower,1,1,5,7,14,0,0,4,3,7,1,1,9,10,21,0,0,0,21
02/28/2017,FOE,KS,ACE,CE,Federal Contract Tower,0,1,4,23,28,0,0,4,13,17,0,1,8,36,45,0,20,20,65
03/01/2017,FOE,KS,ACE,CE,Federal Contract Tower,1,1,13,3,18,0,2,13,11,26,1,3,26,14,44,0,36,36,80
03/02/2017,FOE,KS,ACE,CE,Federal Contract Tower,1,0,5,9,15,0,0,6,4,10,1,0,11,13,25,0,32,32,57
03/03/2017,FOE,KS,ACE,CE,Federal Contract Tower,2,0,1,7,10,0,0,4,0,4,2,0,5,7,14,0,40,40,54
03/04/2017,FOE,KS,ACE,CE,Federal Contract Tower,1,0,4,4,9,0,0,6,0,6,1,0,10,4,15,2,2,4,19
03/05/2017,FOE,KS,ACE,CE,Federal Contract Tower,0,1,0,1,2,0,0,2,0,2,0,1,2,1,4,0,0,0,4
03/06/2017,FOE,KS,ACE,CE,Federal Contract Tower,0,0,6,3,9,0,0,0,4,4,0,0,6,7,13,0,0,0,13
03/07/2017,FOE,KS,ACE,CE,Federal Contract Tower,0,3,16,0,19,0,0,6,12,18,0,3,22,12,37,8,24,32,69
03/08/2017,FOE,KS,ACE,CE,Federal Contract Tower,0,0,14,13,27,0,4,10,6,20,0,4,24,19,47,2,20,22,69
03/09/2017,FOE,KS,ACE,CE,Federal Contract Tower,0,1,11,14,26,0,0,7,6,13,0,1,18,20,39,10,28,38,77
03/10/2017,FOE,KS,ACE,CE,Federal Contract Tower,0,0,14,6,20,0,0,6,1,7,0,0,20,7,27,0,10,10,37
03/11/2017,FOE,KS,ACE,CE,Federal Contract Tower,0,0,1,3,4,0,0,0,0,0,0,0,1,3,4,0,0,0,4
03/12/2017,FOE,KS,ACE,CE,Federal Contract Tower,2,0,1,10,13,0,0,2,5,7,2,0,3,15,20,0,0,0,20
03/13/2017,FOE,KS,ACE,CE,Federal Contract Tower,0,0,5,8,13,0,0,0,0,0,0,0,5,8,13,0,0,0,13
03/14/2017,FOE,KS,ACE,CE,Federal Contract Tower,0,0,7,3,10,0,0,0,0,0,0,0,7,3,10,0,0,0,10
03/15/2017,FOE,KS,ACE,CE,Federal Contract Tower,0,0,7,11,18,0,0,4,4,8,0,0,11,15,26,0,0,0,26
03/16/2017,FOE,KS,ACE,CE,Federal Contract Tower,3,1,7,13,24,0,0,8,0,8,3,1,15,13,32,0,0,0,32
03/17/2017,FOE,KS,ACE,CE,Federal Contract Tower,0,0,5,1,6,0,0,2,0,2,0,0,7,1,8,0,0,0,8
03/18/2017,FOE,KS,ACE,CE,Federal Contract Tower,0,0,3,0,3,0,0,7,1,8,0,0,10,1,11,4,10,14,25
03/19/2017,FOE,KS,ACE,CE,Federal Contract Tower,0,0,4,2,6,0,0,4,0,4,0,0,8,2,10,0,0,0,10
03/20/2017,FOE,KS,ACE,CE,Federal Contract Tower,0,0,6,9,15,0,0,6,2,8,0,0,12,11,23,0,0,0,23
03/21/2017,FOE,KS,ACE,CE,Federal Contract Tower,0,0,3,3,6,0,0,8,4,12,0,0,11,7,18,20,0,20,38
03/22/2017,FOE,KS,ACE,CE,Federal Contract Tower,0,0,11,3,14,0,0,4,1,5,0,0,15,4,19,0,0,0,19
03/23/2017,FOE,KS,ACE,CE,Federal Contract Tower,0,0,4,0,4,0,0,2,6,8,0,0,6,6,12,0,0,0,12
03/24/2017,FOE,KS,ACE,CE,Federal Contract Tower,0,0,3,2,5,0,0,0,0,0,0,0,3,2,5,0,0,0,5
03/25/2017,FOE,KS,ACE,CE,Federal Contract Tower,0,0,3,1,4,0,0,0,0,0,0,0,3,1,4,0,0,0,4
03/26/2017,FOE,KS,ACE,CE,Federal Contract Tower,0,1,7,0,8,0,0,3,4,7,0,1,10,4,15,0,24,24,39
03/27/2017,FOE,KS,ACE,CE,Federal Contract Tower,0,0,6,4,10,0,0,1,0,1,0,0,7,4,11,0,0,0,11
03/28/2017,FOE,KS,ACE,CE,Federal Contract Tower,0,0,6,5,11,0,0,0,0,0,0,0,6,5,11,0,0,0,11
03/29/2017,FOE,KS,ACE,CE,Federal Contract Tower,0,2,6,4,12,0,0,0,0,0,0,2,6,4,12,0,0,0,12
03/30/2017,FOE,KS,ACE,CE,Federal Contract Tower,4,0,10,1,15,0,0,6,0,6,4,0,16,1,21,0,10,10,31
03/31/2017,FOE,KS,ACE,CE,Federal Contract Tower,0,0,3,2,5,0,0,1,1,2,0,0,4,3,7,0,30,30,37
04/01/2017,FOE,KS,ACE,CE,Federal Contract Tower,0,0,8,0,8,0,0,2,0,2,0,0,10,0,10,0,0,0,10
04/02/2017,FOE,KS,ACE,CE,Federal Contract Tower,6,0,2,0,8,0,0,0,0,0,6,0,2,0,8,0,0,0,8
04/03/2017,FOE,KS,ACE,CE,Federal Contract Tower,0,0,4,1,5,0,0,7,0,7,0,0,11,1,12,0,0,0,12
04/04/2017,FOE,KS,ACE,CE,Federal Contract Tower,0,0,6,4,10,0,0,0,4,4,0,0,6,8,14,0,0,0,14
04/05/2017,FOE,KS,ACE,CE,Federal Contract Tower,0,0,5,0,5,0,0,0,0,0,0,0,5,0,5,0,0,0,5
04/06/2017,FOE,KS,ACE,CE,Federal Contract Tower,0,0,11,3,14,0,0,0,0,0,0,0,11,3,14,0,20,20,34
04/07/2017,FOE,KS,ACE,CE,Federal Contract Tower,0,1,4,5,10,0,0,5,0,5,0,1,9,5,15,19,31,50,65
04/08/2017,FOE,KS,ACE,CE,Federal Contract Tower,0,4,0,1,5,0,0,10,1,11,0,4,10,2,16,0,0,0,16
04/09/2017,FOE,KS,ACE,CE,Federal Contract Tower,0,0,3,3,6,0,0,2,0,2,0,0,5,3,8,0,0,0,8
04/10/2017,FOE,KS,ACE,CE,Federal Contract Tower,0,1,4,2,7,0,0,10,0,10,0,1,14,2,17,2,0,2,19
04/11/2017,FOE,KS,ACE,CE,Federal Contract Tower,0,2,13,9,24,0,3,19,3,25,0,5,32,12,49,4,24,28,77
04/12/2017,FOE,KS,ACE,CE,Federal Contract Tower,0,0,13,6,19,0,0,2,0,2,0,0,15,6,21,0,10,10,31
04/13/2017,FOE,KS,ACE,CE,Federal Contract Tower,0,2,17,6,25,0,0,6,2,8,0,2,23,8,33,0,0,0,33
04/14/2017,FOE,KS,ACE,CE,Federal Contract Tower,0,0,0,6,6,0,0,0,3,3,0,0,0,9,9,4,0,4,13
04/15/2017,FOE,KS,ACE,CE,Federal Contract Tower,4,0,0,2,6,0,0,0,0,0,4,0,0,2,6,0,0,0,6
04/16/2017,FOE,KS,ACE,CE,Federal Contract Tower,0,0,0,1,1,0,0,2,0,2,0,0,2,1,3,0,0,0,3
04/17/2017,FOE,KS,ACE,CE,Federal Contract Tower,0,2,11,5,18,0,2,14,5,21,0,4,25,10,39,6,0,6,45
04/18/2017,FOE,KS,ACE,CE,Federal Contract Tower,0,0,5,13,18,0,0,10,8,18,0,0,15,21,36,4,0,4,40
04/19/2017,FOE,KS,ACE,CE,Federal Contract Tower,0,0,4,16,20,0,0,5,9,14,0,0,9,25,34,0,0,0,34
04/20/2017,FOE,KS,ACE,CE,Federal Contract Tower,0,2,13,12,27,0,0,5,24,29,0,2,18,36,56,0,0,0,56
04/21/2017,FOE,KS,ACE,CE,Federal Contract Tower,0,0,4,3,7,0,0,6,4,10,0,0,10,7,17,0,0,0,17
04/22/2017,FOE,KS,ACE,CE,Federal Contract Tower,0,3,3,0,6,0,0,2,1,3,0,3,5,1,9,2,0,2,11
04/23/2017,FOE,KS,ACE,CE,Federal Contract Tower,0,2,7,0,9,0,1,4,3,8,0,3,11,3,17,0,0,0,17
04/24/2017,FOE,KS,ACE,CE,Federal Contract Tower,0,0,5,5,10,0,0,3,0,3,0,0,8,5,13,4,6,10,23
04/25/2017,FOE,KS,ACE,CE,Federal Contract Tower,0,2,5,7,14,0,0,4,0,4,0,2,9,7,18,0,0,0,18
04/26/2017,FOE,KS,ACE,CE,Federal Contract Tower,0,1,11,9,21,0,0,0,0,0,0,1,11,9,21,0,0,0,21
04/27/2017,FOE,KS,ACE,CE,Federal Contract Tower,0,0,16,10,26,0,0,3,5,8,0,0,19,15,34,0,0,0,34
04/28/2017,FOE,KS,ACE,CE,Federal Contract Tower,0,0,7,6,13,0,0,5,10,15,0,0,12,16,28,0,6,6,34
04/29/2017,FOE,KS,ACE,CE,Federal Contract Tower,0,0,0,0,0,0,0,0,0,0,0,0,0,0,0,0,0,0,0
04/30/2017,FOE,KS,ACE,CE,Federal Contract Tower,0,2,20,4,26,0,0,0,0,0,0,2,20,4,26,0,0,0,26
05/01/2017,FOE,KS,ACE,CE,Federal Contract Tower,0,0,5,0,5,0,0,4,0,4,0,0,9,0,9,0,0,0,9
05/02/2017,FOE,KS,ACE,CE,Federal Contract Tower,0,1,9,17,27,0,0,14,6,20,0,1,23,23,47,0,36,36,83
05/03/2017,FOE,KS,ACE,CE,Federal Contract Tower,0,0,11,1,12,0,0,0,0,0,0,0,11,1,12,0,0,0,12
05/04/2017,FOE,KS,ACE,CE,Federal Contract Tower,0,0,14,26,40,0,0,7,10,17,0,0,21,36,57,20,0,20,77
05/05/2017,FOE,KS,ACE,CE,Federal Contract Tower,0,0,10,2,12,0,0,6,2,8,0,0,16,4,20,0,6,6,26
05/06/2017,FOE,KS,ACE,CE,Federal Contract Tower,0,0,15,1,16,0,0,12,12,24,0,0,27,13,40,0,6,6,46
05/07/2017,FOE,KS,ACE,CE,Federal Contract Tower,0,0,4,1,5,0,0,16,0,16,0,0,20,1,21,14,0,14,35
05/08/2017,FOE,KS,ACE,CE,Federal Contract Tower,0,0,6,2,8,0,0,16,0,16,0,0,22,2,24,0,6,6,30
05/09/2017,FOE,KS,ACE,CE,Federal Contract Tower,0,0,7,8,15,0,2,18,9,29,0,2,25,17,44,0,6,6,50
05/10/2017,FOE,KS,ACE,CE,Federal Contract Tower,0,0,14,6,20,0,0,5,8,13,0,0,19,14,33,0,0,0,33
05/11/2017,FOE,KS,ACE,CE,Federal Contract Tower,2,1,3,0,6,0,5,1,6,12,2,6,4,6,18,0,0,0,18
05/12/2017,FOE,KS,ACE,CE,Federal Contract Tower,0,0,9,7,16,0,0,13,0,13,0,0,22,7,29,6,0,6,35
05/13/2017,FOE,KS,ACE,CE,Federal Contract Tower,0,0,5,0,5,0,2,12,0,14,0,2,17,0,19,6,0,6,25
05/14/2017,FOE,KS,ACE,CE,Federal Contract Tower,0,1,3,0,4,0,0,2,2,4,0,1,5,2,8,0,0,0,8
05/15/2017,FOE,KS,ACE,CE,Federal Contract Tower,2,2,8,17,29,0,6,16,0,22,2,8,24,17,51,0,0,0,51
05/16/2017,FOE,KS,ACE,CE,Federal Contract Tower,0,2,2,1,5,0,0,5,5,10,0,2,7,6,15,0,0,0,15
05/18/2017,FOE,KS,ACE,CE,Federal Contract Tower,0,1,18,4,23,0,0,9,10,19,0,1,27,14,42,0,10,10,52
05/19/2017,FOE,KS,ACE,CE,Federal Contract Tower,14,1,9,1,25,0,0,0,0,0,14,1,9,1,25,10,0,10,35
05/20/2017,FOE,KS,ACE,CE,Federal Contract Tower,0,0,8,4,12,0,1,6,0,7,0,1,14,4,19,6,24,30,49
05/21/2017,FOE,KS,ACE,CE,Federal Contract Tower,0,5,18,0,23,0,3,16,0,19,0,8,34,0,42,16,0,16,58
05/22/2017,FOE,KS,ACE,CE,Federal Contract Tower,0,4,11,2,17,0,0,8,0,8,0,4,19,2,25,0,0,0,25
05/23/2017,FOE,KS,ACE,CE,Federal Contract Tower,0,0,11,9,20,0,0,7,4,11,0,0,18,13,31,0,16,16,47
05/24/2017,FOE,KS,ACE,CE,Federal Contract Tower,0,0,10,6,16,0,0,5,3,8,0,0,15,9,24,10,0,10,34
05/25/2017,FOE,KS,ACE,CE,Federal Contract Tower,0,0,26,8,34,0,0,43,1,44,0,0,69,9,78,0,16,16,94
05/26/2017,FOE,KS,ACE,CE,Federal Contract Tower,0,4,7,17,28,0,0,6,0,6,0,4,13,17,34,0,48,48,82
05/27/2017,FOE,KS,ACE,CE,Federal Contract Tower,2,0,0,0,2,0,0,2,0,2,2,0,2,0,4,0,0,0,4
05/28/2017,FOE,KS,ACE,CE,Federal Contract Tower,0,0,6,0,6,0,0,12,0,12,0,0,18,0,18,0,0,0,18
05/29/2017,FOE,KS,ACE,CE,Federal Contract Tower,0,0,2,0,2,0,2,12,0,14,0,2,14,0,16,0,0,0,16
05/30/2017,FOE,KS,ACE,CE,Federal Contract Tower,2,2,5,7,16,0,0,16,6,22,2,2,21,13,38,0,0,0,38
05/31/2017,FOE,KS,ACE,CE,Federal Contract Tower,0,0,13,9,22,0,0,1,0,1,0,0,14,9,23,0,0,0,23
06/01/2017,FOE,KS,ACE,CE,Federal Contract Tower,0,0,5,6,11,0,0,1,0,1,0,0,6,6,12,0,4,4,16
06/02/2017,FOE,KS,ACE,CE,Federal Contract Tower,0,0,12,10,22,0,3,20,0,23,0,3,32,10,45,10,18,28,73
06/03/2017,FOE,KS,ACE,CE,Federal Contract Tower,0,2,4,13,19,0,0,14,14,28,0,2,18,27,47,0,0,0,47
06/04/2017,FOE,KS,ACE,CE,Federal Contract Tower,0,0,2,7,9,0,0,6,8,14,0,0,8,15,23,0,36,36,59
06/05/2017,FOE,KS,ACE,CE,Federal Contract Tower,0,0,5,17,22,0,1,16,22,39,0,1,21,39,61,30,34,64,125
06/06/2017,FOE,KS,ACE,CE,Federal Contract Tower,0,0,5,2,7,0,0,5,23,28,0,0,10,25,35,4,0,4,39
06/07/2017,FOE,KS,ACE,CE,Federal Contract Tower,0,0,8,5,13,0,0,6,6,12,0,0,14,11,25,0,14,14,39
06/08/2017,FOE,KS,ACE,CE,Federal Contract Tower,0,0,10,0,10,0,0,3,3,6,0,0,13,3,16,0,0,0,16
06/09/2017,FOE,KS,ACE,CE,Federal Contract Tower,0,0,8,4,12,0,0,7,0,7,0,0,15,4,19,0,0,0,19
06/10/2017,FOE,KS,ACE,CE,Federal Contract Tower,0,0,0,2,2,0,0,1,19,20,0,0,1,21,22,0,0,0,22
06/11/2017,FOE,KS,ACE,CE,Federal Contract Tower,0,0,0,1,1,0,0,11,1,12,0,0,11,2,13,0,2,2,15
06/12/2017,FOE,KS,ACE,CE,Federal Contract Tower,1,3,2,8,14,0,0,4,56,60,1,3,6,64,74,10,8,18,92
06/13/2017,FOE,KS,ACE,CE,Federal Contract Tower,0,2,4,6,12,0,1,1,20,22,0,3,5,26,34,0,0,0,34
06/14/2017,FOE,KS,ACE,CE,Federal Contract Tower,16,0,12,13,41,0,0,1,35,36,16,0,13,48,77,0,0,0,77
06/15/2017,FOE,KS,ACE,CE,Federal Contract Tower,0,3,10,7,20,0,0,17,5,22,0,3,27,12,42,0,0,0,42
06/16/2017,FOE,KS,ACE,CE,Federal Contract Tower,1,0,10,4,15,0,0,9,0,9,1,0,19,4,24,0,40,40,64
06/17/2017,FOE,KS,ACE,CE,Federal Contract Tower,0,0,1,11,12,0,0,21,0,21,0,0,22,11,33,0,0,0,33
06/18/2017,FOE,KS,ACE,CE,Federal Contract Tower,0,0,0,1,1,0,0,44,0,44,0,0,44,1,45,4,0,4,49
06/19/2017,FOE,KS,ACE,CE,Federal Contract Tower,0,0,12,1,13,0,0,11,2,13,0,0,23,3,26,10,0,10,36
06/20/2017,FOE,KS,ACE,CE,Federal Contract Tower,0,0,7,4,11,0,0,10,6,16,0,0,17,10,27,12,0,12,39
06/21/2017,FOE,KS,ACE,CE,Federal Contract Tower,0,2,12,8,22,0,0,7,4,11,0,2,19,12,33,6,0,6,39
06/22/2017,FOE,KS,ACE,CE,Federal Contract Tower,0,0,10,8,18,0,0,11,3,14,0,0,21,11,32,0,0,0,32
06/23/2017,FOE,KS,ACE,CE,Federal Contract Tower,0,0,13,9,22,0,0,2,0,2,0,0,15,9,24,0,2,2,26
06/24/2017,FOE,KS,ACE,CE,Federal Contract Tower,0,0,4,2,6,0,0,6,0,6,0,0,10,2,12,0,0,0,12
06/25/2017,FOE,KS,ACE,CE,Federal Contract Tower,0,0,1,0,1,0,0,3,0,3,0,0,4,0,4,0,0,0,4
06/26/2017,FOE,KS,ACE,CE,Federal Contract Tower,0,0,7,11,18,0,0,18,3,21,0,0,25,14,39,0,0,0,39
06/27/2017,FOE,KS,ACE,CE,Federal Contract Tower,0,1,6,10,17,0,0,1,0,1,0,1,7,10,18,0,0,0,18
06/28/2017,FOE,KS,ACE,CE,Federal Contract Tower,0,0,9,8,17,0,0,3,5,8,0,0,12,13,25,0,0,0,25
06/29/2017,FOE,KS,ACE,CE,Federal Contract Tower,0,0,6,1,7,0,0,1,0,1,0,0,7,1,8,0,0,0,8
06/30/2017,FOE,KS,ACE,CE,Federal Contract Tower,0,0,8,12,20,0,0,5,0,5,0,0,13,12,25,0,0,0,25
07/01/2017,FOE,KS,ACE,CE,Federal Contract Tower,0,0,0,0,0,0,0,2,0,2,0,0,2,0,2,0,0,0,2
07/02/2017,FOE,KS,ACE,CE,Federal Contract Tower,0,0,2,0,2,0,0,7,0,7,0,0,9,0,9,0,0,0,9
07/03/2017,FOE,KS,ACE,CE,Federal Contract Tower,0,0,0,2,2,0,0,14,0,14,0,0,14,2,16,10,0,10,26
07/04/2017,FOE,KS,ACE,CE,Federal Contract Tower,0,0,0,0,0,0,2,5,0,7,0,2,5,0,7,0,0,0,7
07/05/2017,FOE,KS,ACE,CE,Federal Contract Tower,0,0,4,5,9,0,0,11,4,15,0,0,15,9,24,0,3,3,27
07/06/2017,FOE,KS,ACE,CE,Federal Contract Tower,0,0,11,13,24,0,0,0,22,22,0,0,11,35,46,0,10,10,56
07/07/2017,FOE,KS,ACE,CE,Federal Contract Tower,0,0,0,6,6,0,0,2,0,2,0,0,2,6,8,8,10,18,26
07/08/2017,FOE,KS,ACE,CE,Federal Contract Tower,0,0,4,10,14,0,0,5,0,5,0,0,9,10,19,0,0,0,19
07/09/2017,FOE,KS,ACE,CE,Federal Contract Tower,0,1,2,3,6,0,0,4,6,10,0,1,6,9,16,0,10,10,26
07/10/2017,FOE,KS,ACE,CE,Federal Contract Tower,0,0,2,13,15,0,2,3,0,5,0,2,5,13,20,0,0,0,20
07/11/2017,FOE,KS,ACE,CE,Federal Contract Tower,0,0,8,9,17,0,4,2,36,42,0,4,10,45,59,0,0,0,59
07/12/2017,FOE,KS,ACE,CE,Federal Contract Tower,0,2,6,5,13,0,2,0,4,6,0,4,6,9,19,0,0,0,19
07/13/2017,FOE,KS,ACE,CE,Federal Contract Tower,0,1,3,4,8,0,0,6,2,8,0,1,9,6,16,0,0,0,16
07/14/2017,FOE,KS,ACE,CE,Federal Contract Tower,0,2,9,16,27,0,0,2,0,2,0,2,11,16,29,0,0,0,29
07/15/2017,FOE,KS,ACE,CE,Federal Contract Tower,3,0,3,0,6,0,0,3,1,4,3,0,6,1,10,0,0,0,10
07/16/2017,FOE,KS,ACE,CE,Federal Contract Tower,0,0,7,0,7,0,0,20,0,20,0,0,27,0,27,18,0,18,45
07/17/2017,FOE,KS,ACE,CE,Federal Contract Tower,0,0,8,8,16,0,2,11,0,13,0,2,19,8,29,2,2,4,33
07/18/2017,FOE,KS,ACE,CE,Federal Contract Tower,2,4,10,4,20,0,0,2,0,2,2,4,12,4,22,0,0,0,22
07/19/2017,FOE,KS,ACE,CE,Federal Contract Tower,0,5,10,6,21,0,2,6,13,21,0,7,16,19,42,16,0,16,58
07/20/2017,FOE,KS,ACE,CE,Federal Contract Tower,0,0,14,23,37,0,0,0,0,0,0,0,14,23,37,0,6,6,43
07/21/2017,FOE,KS,ACE,CE,Federal Contract Tower,0,0,10,14,24,0,0,2,0,2,0,0,12,14,26,6,0,6,32
07/22/2017,FOE,KS,ACE,CE,Federal Contract Tower,0,0,5,2,7,0,0,0,0,0,0,0,5,2,7,0,0,0,7
07/23/2017,FOE,KS,ACE,CE,Federal Contract Tower,0,1,7,0,8,0,0,4,0,4,0,1,11,0,12,0,0,0,12
07/24/2017,FOE,KS,ACE,CE,Federal Contract Tower,0,1,7,15,23,0,0,1,5,6,0,1,8,20,29,6,38,44,73
07/25/2017,FOE,KS,ACE,CE,Federal Contract Tower,0,0,4,4,8,0,1,1,4,6,0,1,5,8,14,0,0,0,14
07/26/2017,FOE,KS,ACE,CE,Federal Contract Tower,1,2,1,11,15,0,2,1,6,9,1,4,2,17,24,0,0,0,24
07/27/2017,FOE,KS,ACE,CE,Federal Contract Tower,0,0,19,5,24,0,0,3,0,3,0,0,22,5,27,0,0,0,27
07/28/2017,FOE,KS,ACE,CE,Federal Contract Tower,0,0,7,10,17,0,0,9,4,13,0,0,16,14,30,0,10,10,40
07/29/2017,FOE,KS,ACE,CE,Federal Contract Tower,0,0,3,2,5,0,0,7,0,7,0,0,10,2,12,6,0,6,18
07/31/2017,FOE,KS,ACE,CE,Federal Contract Tower,0,0,8,6,14,0,0,3,0,3,0,0,11,6,17,0,0,0,17
08/01/2017,FOE,KS,ACE,CE,Federal Contract Tower,0,0,16,22,38,0,0,14,2,16,0,0,30,24,54,0,0,0,54
08/02/2017,FOE,KS,ACE,CE,Federal Contract Tower,0,0,8,21,29,0,2,13,0,15,0,2,21,21,44,0,0,0,44
08/03/2017,FOE,KS,ACE,CE,Federal Contract Tower,0,1,9,18,28,0,0,10,6,16,0,1,19,24,44,0,20,20,64
08/04/2017,FOE,KS,ACE,CE,Federal Contract Tower,0,0,10,20,30,0,0,18,4,22,0,0,28,24,52,0,18,18,70
08/05/2017,FOE,KS,ACE,CE,Federal Contract Tower,0,0,4,3,7,0,0,0,3,3,0,0,4,6,10,0,0,0,10
08/06/2017,FOE,KS,ACE,CE,Federal Contract Tower,0,0,5,0,5,0,0,3,0,3,0,0,8,0,8,0,0,0,8
08/07/2017,FOE,KS,ACE,CE,Federal Contract Tower,0,2,9,3,14,0,0,15,0,15,0,2,24,3,29,0,0,0,29
08/08/2017,FOE,KS,ACE,CE,Federal Contract Tower,0,0,9,8,17,0,2,5,12,19,0,2,14,20,36,0,0,0,36
08/09/2017,FOE,KS,ACE,CE,Federal Contract Tower,0,0,7,7,14,0,0,13,4,17,0,0,20,11,31,0,0,0,31
08/10/2017,FOE,KS,ACE,CE,Federal Contract Tower,0,2,9,2,13,0,0,2,0,2,0,2,11,2,15,0,0,0,15
08/11/2017,FOE,KS,ACE,CE,Federal Contract Tower,0,0,5,2,7,0,0,4,0,4,0,0,9,2,11,0,0,0,11
08/12/2017,FOE,KS,ACE,CE,Federal Contract Tower,0,0,3,0,3,0,0,6,0,6,0,0,9,0,9,0,0,0,9
08/13/2017,FOE,KS,ACE,CE,Federal Contract Tower,0,0,2,1,3,0,0,4,0,4,0,0,6,1,7,6,0,6,13
08/14/2017,FOE,KS,ACE,CE,Federal Contract Tower,0,0,5,4,9,0,2,11,1,14,0,2,16,5,23,0,0,0,23
08/15/2017,FOE,KS,ACE,CE,Federal Contract Tower,0,0,9,8,17,0,0,5,2,7,0,0,14,10,24,0,0,0,24
08/16/2017,FOE,KS,ACE,CE,Federal Contract Tower,0,0,7,6,13,0,0,14,0,14,0,0,21,6,27,0,0,0,27
08/17/2017,FOE,KS,ACE,CE,Federal Contract Tower,0,0,15,9,24,0,0,3,0,3,0,0,18,9,27,0,0,0,27
08/18/2017,FOE,KS,ACE,CE,Federal Contract Tower,1,0,5,3,9,0,0,3,0,3,1,0,8,3,12,0,0,0,12
08/19/2017,FOE,KS,ACE,CE,Federal Contract Tower,0,0,5,0,5,0,0,5,0,5,0,0,10,0,10,0,0,0,10
08/20/2017,FOE,KS,ACE,CE,Federal Contract Tower,2,0,2,2,6,0,0,11,0,11,2,0,13,2,17,0,0,0,17
08/21/2017,FOE,KS,ACE,CE,Federal Contract Tower,0,2,5,5,12,0,0,10,0,10,0,2,15,5,22,0,12,12,34
08/22/2017,FOE,KS,ACE,CE,Federal Contract Tower,0,3,7,7,17,0,2,3,11,16,0,5,10,18,33,0,0,0,33
08/23/2017,FOE,KS,ACE,CE,Federal Contract Tower,0,0,10,6,16,0,0,2,13,15,0,0,12,19,31,6,2,8,39
08/24/2017,FOE,KS,ACE,CE,Federal Contract Tower,0,0,8,12,20,0,0,1,6,7,0,0,9,18,27,0,28,28,55
08/25/2017,FOE,KS,ACE,CE,Federal Contract Tower,0,0,10,11,21,0,0,4,24,28,0,0,14,35,49,0,6,6,55
08/26/2017,FOE,KS,ACE,CE,Federal Contract Tower,0,0,4,1,5,0,2,4,0,6,0,2,8,1,11,0,0,0,11
08/27/2017,FOE,KS,ACE,CE,Federal Contract Tower,0,1,4,1,6,0,0,2,0,2,0,1,6,1,8,0,0,0,8
08/28/2017,FOE,KS,ACE,CE,Federal Contract Tower,0,0,4,9,13,0,0,7,0,7,0,0,11,9,20,0,10,10,30
08/29/2017,FOE,KS,ACE,CE,Federal Contract Tower,0,0,5,6,11,0,0,8,1,9,0,0,13,7,20,0,0,0,20
08/30/2017,FOE,KS,ACE,CE,Federal Contract Tower,0,0,7,6,13,0,0,6,3,9,0,0,13,9,22,4,0,4,26
08/31/2017,FOE,KS,ACE,CE,Federal Contract Tower,0,0,10,7,17,0,0,5,2,7,0,0,15,9,24,0,14,14,38
09/01/2017,FOE,KS,ACE,CE,Federal Contract Tower,0,0,13,0,13,0,0,9,0,9,0,0,22,0,22,6,0,6,28
09/02/2017,FOE,KS,ACE,CE,Federal Contract Tower,2,0,4,0,6,0,0,1,0,1,2,0,5,0,7,0,0,0,7
09/03/2017,FOE,KS,ACE,CE,Federal Contract Tower,0,0,1,0,1,0,0,5,0,5,0,0,6,0,6,2,0,2,8
09/04/2017,FOE,KS,ACE,CE,Federal Contract Tower,0,0,5,0,5,0,2,14,0,16,0,2,19,0,21,22,0,22,43
09/05/2017,FOE,KS,ACE,CE,Federal Contract Tower,2,0,6,7,15,0,0,4,5,9,2,0,10,12,24,0,0,0,24
09/06/2017,FOE,KS,ACE,CE,Federal Contract Tower,0,2,7,9,18,0,0,7,11,18,0,2,14,20,36,0,10,10,46
09/07/2017,FOE,KS,ACE,CE,Federal Contract Tower,0,0,13,15,28,0,0,15,18,33,0,0,28,33,61,0,25,25,86
09/08/2017,FOE,KS,ACE,CE,Federal Contract Tower,1,0,5,10,16,0,0,7,13,20,1,0,12,23,36,0,0,0,36
09/09/2017,FOE,KS,ACE,CE,Federal Contract Tower,3,1,4,0,8,0,0,30,0,30,3,1,34,0,38,6,0,6,44
09/10/2017,FOE,KS,ACE,CE,Federal Contract Tower,2,0,7,3,12,0,0,40,6,46,2,0,47,9,58,0,6,6,64
09/11/2017,FOE,KS,ACE,CE,Federal Contract Tower,0,0,10,9,19,0,0,10,1,11,0,0,20,10,30,8,12,20,50
09/12/2017,FOE,KS,ACE,CE,Federal Contract Tower,0,0,9,13,22,0,5,10,3,18,0,5,19,16,40,2,51,53,93
09/14/2017,FOE,KS,ACE,CE,Federal Contract Tower,0,1,10,10,21,0,0,2,3,5,0,1,12,13,26,0,6,6,32
09/15/2017,FOE,KS,ACE,CE,Federal Contract Tower,2,0,7,6,15,0,0,8,0,8,2,0,15,6,23,0,8,8,31
09/16/2017,FOE,KS,ACE,CE,Federal Contract Tower,2,0,3,4,9,0,0,4,0,4,2,0,7,4,13,18,0,18,31
09/17/2017,FOE,KS,ACE,CE,Federal Contract Tower,0,0,4,0,4,0,0,2,0,2,0,0,6,0,6,0,0,0,6
09/18/2017,FOE,KS,ACE,CE,Federal Contract Tower,0,0,4,5,9,0,0,3,0,3,0,0,7,5,12,0,0,0,12
09/19/2017,FOE,KS,ACE,CE,Federal Contract Tower,0,0,7,7,14,0,0,8,1,9,0,0,15,8,23,10,0,10,33
09/20/2017,FOE,KS,ACE,CE,Federal Contract Tower,0,0,11,9,20,0,0,6,8,14,0,0,17,17,34,0,33,33,67
09/21/2017,FOE,KS,ACE,CE,Federal Contract Tower,0,0,13,22,35,0,0,1,0,1,0,0,14,22,36,0,0,0,36
09/22/2017,FOE,KS,ACE,CE,Federal Contract Tower,0,0,4,2,6,0,0,6,0,6,0,0,10,2,12,0,0,0,12
09/23/2017,FOE,KS,ACE,CE,Federal Contract Tower,2,0,1,2,5,0,0,4,0,4,2,0,5,2,9,0,0,0,9
09/24/2017,FOE,KS,ACE,CE,Federal Contract Tower,0,0,4,7,11,0,0,6,0,6,0,0,10,7,17,0,0,0,17
09/25/2017,FOE,KS,ACE,CE,Federal Contract Tower,0,0,6,6,12,0,0,2,2,4,0,0,8,8,16,0,8,8,24
09/26/2017,FOE,KS,ACE,CE,Federal Contract Tower,0,0,8,12,20,0,0,0,0,0,0,0,8,12,20,0,0,0,20
09/27/2017,FOE,KS,ACE,CE,Federal Contract Tower,0,0,13,3,16,0,0,3,2,5,0,0,16,5,21,0,4,4,25
09/28/2017,FOE,KS,ACE,CE,Federal Contract Tower,0,0,7,10,17,0,0,4,6,10,0,0,11,16,27,0,0,0,27
09/29/2017,FOE,KS,ACE,CE,Federal Contract Tower,0,1,7,2,10,0,0,2,0,2,0,1,9,2,12,0,0,0,12
09/30/2017,FOE,KS,ACE,CE,Federal Contract Tower,0,0,6,0,6,0,0,4,0,4,0,0,10,0,10,0,0,0,10
10/01/2017,FOE,KS,ACE,CE,Federal Contract Tower,0,0,3,0,3,0,0,3,0,3,0,0,6,0,6,0,0,0,6
10/02/2017,FOE,KS,ACE,CE,Federal Contract Tower,0,0,13,7,20,0,0,7,0,7,0,0,20,7,27,0,0,0,27
10/03/2017,FOE,KS,ACE,CE,Federal Contract Tower,0,0,5,6,11,0,0,2,0,2,0,0,7,6,13,0,0,0,13
10/04/2017,FOE,KS,ACE,CE,Federal Contract Tower,0,0,8,12,20,0,0,0,0,0,0,0,8,12,20,0,0,0,20
10/05/2017,FOE,KS,ACE,CE,Federal Contract Tower,0,0,8,5,13,0,0,2,0,2,0,0,10,5,15,0,0,0,15
10/06/2017,FOE,KS,ACE,CE,Federal Contract Tower,2,0,3,3,8,0,0,7,0,7,2,0,10,3,15,0,0,0,15
10/07/2017,FOE,KS,ACE,CE,Federal Contract Tower,1,0,6,8,15,0,0,7,2,9,1,0,13,10,24,0,8,8,32
10/08/2017,FOE,KS,ACE,CE,Federal Contract Tower,0,1,5,5,11,0,0,8,0,8,0,1,13,5,19,0,0,0,19
10/09/2017,FOE,KS,ACE,CE,Federal Contract Tower,0,0,5,0,5,0,0,7,0,7,0,0,12,0,12,24,0,24,36
10/10/2017,FOE,KS,ACE,CE,Federal Contract Tower,0,0,7,9,16,0,0,0,8,8,0,0,7,17,24,0,0,0,24
10/11/2017,FOE,KS,ACE,CE,Federal Contract Tower,0,1,7,15,23,0,0,3,6,9,0,1,10,21,32,0,14,14,46
10/12/2017,FOE,KS,ACE,CE,Federal Contract Tower,0,0,6,0,6,0,0,0,8,8,0,0,6,8,14,0,90,90,104
10/13/2017,FOE,KS,ACE,CE,Federal Contract Tower,0,0,10,19,29,0,0,6,20,26,0,0,16,39,55,32,40,72,127
10/14/2017,FOE,KS,ACE,CE,Federal Contract Tower,0,0,0,0,0,0,0,1,0,1,0,0,1,0,1,0,0,0,1
10/15/2017,FOE,KS,ACE,CE,Federal Contract Tower,0,0,2,1,3,0,2,7,0,9,0,2,9,1,12,0,0,0,12
10/16/2017,FOE,KS,ACE,CE,Federal Contract Tower,0,2,11,8,21,0,4,10,0,14,0,6,21,8,35,4,20,24,59
10/17/2017,FOE,KS,ACE,CE,Federal Contract Tower,0,0,6,10,16,0,2,11,17,30,0,2,17,27,46,0,8,8,54
10/18/2017,FOE,KS,ACE,CE,Federal Contract Tower,0,0,4,13,17,0,0,4,19,23,0,0,8,32,40,0,0,0,40
10/19/2017,FOE,KS,ACE,CE,Federal Contract Tower,0,0,5,11,16,0,0,5,9,14,0,0,10,20,30,0,0,0,30
10/20/2017,FOE,KS,ACE,CE,Federal Contract Tower,1,0,13,2,16,0,0,0,10,10,1,0,13,12,26,0,0,0,26
10/21/2017,FOE,KS,ACE,CE,Federal Contract Tower,2,0,5,1,8,0,0,0,0,0,2,0,5,1,8,0,0,0,8
10/22/2017,FOE,KS,ACE,CE,Federal Contract Tower,0,1,10,11,22,0,0,10,2,12,0,1,20,13,34,12,0,12,46
10/23/2017,FOE,KS,ACE,CE,Federal Contract Tower,0,0,2,0,2,0,0,6,0,6,0,0,8,0,8,0,0,0,8
10/24/2017,FOE,KS,ACE,CE,Federal Contract Tower,0,0,6,6,12,0,0,0,9,9,0,0,6,15,21,0,0,0,21
10/25/2017,FOE,KS,ACE,CE,Federal Contract Tower,0,0,13,6,19,0,0,5,0,5,0,0,18,6,24,0,0,0,24
10/26/2017,FOE,KS,ACE,CE,Federal Contract Tower,0,3,12,6,21,0,0,4,0,4,0,3,16,6,25,0,0,0,25
10/27/2017,FOE,KS,ACE,CE,Federal Contract Tower,0,2,11,8,21,0,0,2,0,2,0,2,13,8,23,0,0,0,23
10/28/2017,FOE,KS,ACE,CE,Federal Contract Tower,0,0,2,3,5,0,0,1,0,1,0,0,3,3,6,0,10,10,16
10/29/2017,FOE,KS,ACE,CE,Federal Contract Tower,0,0,2,2,4,0,0,7,0,7,0,0,9,2,11,0,0,0,11
10/30/2017,FOE,KS,ACE,CE,Federal Contract Tower,0,0,5,8,13,0,0,4,2,6,0,0,9,10,19,0,0,0,19
10/31/2017,FOE,KS,ACE,CE,Federal Contract Tower,0,0,5,12,17,0,0,3,3,6,0,0,8,15,23,6,0,6,29
11/01/2017,FOE,KS,ACE,CE,Federal Contract Tower,0,0,18,5,23,0,0,6,0,6,0,0,24,5,29,0,0,0,29
11/02/2017,FOE,KS,ACE,CE,Federal Contract Tower,4,0,4,2,10,0,0,0,5,5,4,0,4,7,15,0,20,20,35
11/03/2017,FOE,KS,ACE,CE,Federal Contract Tower,2,2,1,4,9,0,0,1,0,1,2,2,2,4,10,0,60,60,70
11/04/2017,FOE,KS,ACE,CE,Federal Contract Tower,2,0,2,7,11,0,0,0,0,0,2,0,2,7,11,0,0,0,11
11/05/2017,FOE,KS,ACE,CE,Federal Contract Tower,2,1,5,3,11,0,0,3,0,3,2,1,8,3,14,0,0,0,14
11/06/2017,FOE,KS,ACE,CE,Federal Contract Tower,0,2,9,2,13,0,0,5,1,6,0,2,14,3,19,0,30,30,49
11/07/2017,FOE,KS,ACE,CE,Federal Contract Tower,0,0,10,11,21,0,10,1,5,16,0,10,11,16,37,0,10,10,47
11/08/2017,FOE,KS,ACE,CE,Federal Contract Tower,0,1,14,10,25,0,0,2,0,2,0,1,16,10,27,0,10,10,37
11/09/2017,FOE,KS,ACE,CE,Federal Contract Tower,0,0,9,12,21,0,0,6,7,13,0,0,15,19,34,0,0,0,34
11/10/2017,FOE,KS,ACE,CE,Federal Contract Tower,2,1,4,2,9,0,0,8,0,8,2,1,12,2,17,1,0,1,18
11/11/2017,FOE,KS,ACE,CE,Federal Contract Tower,0,0,2,3,5,0,0,0,0,0,0,0,2,3,5,1,0,1,6
11/12/2017,FOE,KS,ACE,CE,Federal Contract Tower,0,0,3,0,3,0,0,4,0,4,0,0,7,0,7,0,0,0,7
11/13/2017,FOE,KS,ACE,CE,Federal Contract Tower,2,4,10,7,23,0,0,6,0,6,2,4,16,7,29,0,0,0,29
11/14/2017,FOE,KS,ACE,CE,Federal Contract Tower,0,0,3,4,7,0,0,0,0,0,0,0,3,4,7,0,0,0,7
11/15/2017,FOE,KS,ACE,CE,Federal Contract Tower,0,0,13,4,17,0,0,3,1,4,0,0,16,5,21,0,0,0,21
11/16/2017,FOE,KS,ACE,CE,Federal Contract Tower,0,0,5,7,12,0,1,8,0,9,0,1,13,7,21,0,34,34,55
11/17/2017,FOE,KS,ACE,CE,Federal Contract Tower,0,2,8,2,12,0,10,1,0,11,0,12,9,2,23,0,26,26,49
11/18/2017,FOE,KS,ACE,CE,Federal Contract Tower,2,2,4,3,11,0,0,2,0,2,2,2,6,3,13,0,0,0,13
11/19/2017,FOE,KS,ACE,CE,Federal Contract Tower,0,0,3,0,3,0,2,3,0,5,0,2,6,0,8,0,0,0,8
11/20/2017,FOE,KS,ACE,CE,Federal Contract Tower,0,0,4,8,12,0,0,2,5,7,0,0,6,13,19,0,0,0,19
11/21/2017,FOE,KS,ACE,CE,Federal Contract Tower,0,0,6,20,26,0,0,4,16,20,0,0,10,36,46,0,0,0,46
11/22/2017,FOE,KS,ACE,CE,Federal Contract Tower,0,0,1,4,5,0,0,4,6,10,0,0,5,10,15,0,0,0,15
11/23/2017,FOE,KS,ACE,CE,Federal Contract Tower,0,0,0,0,0,0,0,2,0,2,0,0,2,0,2,0,0,0,2
11/24/2017,FOE,KS,ACE,CE,Federal Contract Tower,0,0,3,0,3,0,0,2,0,2,0,0,5,0,5,6,0,6,11
11/25/2017,FOE,KS,ACE,CE,Federal Contract Tower,0,0,0,0,0,0,0,3,0,3,0,0,3,0,3,4,0,4,7
11/26/2017,FOE,KS,ACE,CE,Federal Contract Tower,0,0,6,0,6,0,0,6,0,6,0,0,12,0,12,2,0,2,14
11/27/2017,FOE,KS,ACE,CE,Federal Contract Tower,0,0,5,19,24,0,0,15,0,15,0,0,20,19,39,0,0,0,39
11/28/2017,FOE,KS,ACE,CE,Federal Contract Tower,0,0,3,6,9,0,0,1,4,5,0,0,4,10,14,0,0,0,14
11/29/2017,FOE,KS,ACE,CE,Federal Contract Tower,2,0,14,9,25,0,0,13,0,13,2,0,27,9,38,0,14,14,52
11/30/2017,FOE,KS,ACE,CE,Federal Contract Tower,0,0,4,3,7,0,0,1,16,17,0,0,5,19,24,0,0,0,24
12/01/2017,FOE,KS,ACE,CE,Federal Contract Tower,2,0,4,6,12,0,0,3,2,5,2,0,7,8,17,0,40,40,57
12/02/2017,FOE,KS,ACE,CE,Federal Contract Tower,0,0,9,1,10,0,0,4,0,4,0,0,13,1,14,0,0,0,14
12/03/2017,FOE,KS,ACE,CE,Federal Contract Tower,0,0,3,0,3,0,0,10,0,10,0,0,13,0,13,0,0,0,13
12/04/2017,FOE,KS,ACE,CE,Federal Contract Tower,2,0,3,15,20,0,0,6,2,8,2,0,9,17,28,0,22,22,50
12/05/2017,FOE,KS,ACE,CE,Federal Contract Tower,0,2,7,14,23,0,2,12,25,39,0,4,19,39,62,0,15,15,77
12/06/2017,FOE,KS,ACE,CE,Federal Contract Tower,0,0,14,19,33,0,0,17,12,29,0,0,31,31,62,10,10,20,82
12/07/2017,FOE,KS,ACE,CE,Federal Contract Tower,0,2,4,7,13,0,0,7,20,27,0,2,11,27,40,0,0,0,40
12/08/2017,FOE,KS,ACE,CE,Federal Contract Tower,2,0,3,8,13,0,0,2,10,12,2,0,5,18,25,0,70,70,95
12/09/2017,FOE,KS,ACE,CE,Federal Contract Tower,0,0,4,2,6,0,0,15,0,15,0,0,19,2,21,0,0,0,21
12/10/2017,FOE,KS,ACE,CE,Federal Contract Tower,0,0,4,0,4,0,2,8,0,10,0,2,12,0,14,12,0,12,26
12/11/2017,FOE,KS,ACE,CE,Federal Contract Tower,0,2,11,0,13,0,0,4,0,4,0,2,15,0,17,0,12,12,29
12/12/2017,FOE,KS,ACE,CE,Federal Contract Tower,0,0,12,22,34,0,0,15,4,19,0,0,27,26,53,0,4,4,57
12/13/2017,FOE,KS,ACE,CE,Federal Contract Tower,0,0,10,35,45,0,0,4,16,20,0,0,14,51,65,0,38,38,103
12/14/2017,FOE,KS,ACE,CE,Federal Contract Tower,0,0,12,10,22,0,0,5,39,44,0,0,17,49,66,0,0,0,66
12/15/2017,FOE,KS,ACE,CE,Federal Contract Tower,1,1,11,19,32,0,0,15,2,17,1,1,26,21,49,6,68,74,123
12/16/2017,FOE,KS,ACE,CE,Federal Contract Tower,1,0,2,2,5,0,0,2,0,2,1,0,4,2,7,0,0,0,7
12/17/2017,FOE,KS,ACE,CE,Federal Contract Tower,0,0,3,0,3,0,0,3,0,3,0,0,6,0,6,0,0,0,6
12/18/2017,FOE,KS,ACE,CE,Federal Contract Tower,0,0,8,8,16,0,0,14,4,18,0,0,22,12,34,6,38,44,78
12/19/2017,FOE,KS,ACE,CE,Federal Contract Tower,0,0,8,17,25,0,0,4,8,12,0,0,12,25,37,0,0,0,37
12/20/2017,FOE,KS,ACE,CE,Federal Contract Tower,1,0,17,26,44,0,0,2,16,18,1,0,19,42,62,10,2,12,74
12/21/2017,FOE,KS,ACE,CE,Federal Contract Tower,0,1,7,10,18,0,0,3,10,13,0,1,10,20,31,0,0,0,31
12/22/2017,FOE,KS,ACE,CE,Federal Contract Tower,0,0,6,0,6,0,0,2,0,2,0,0,8,0,8,10,0,10,18
12/23/2017,FOE,KS,ACE,CE,Federal Contract Tower,0,0,9,0,9,0,0,2,0,2,0,0,11,0,11,0,0,0,11
12/24/2017,FOE,KS,ACE,CE,Federal Contract Tower,0,0,0,0,0,0,0,0,0,0,0,0,0,0,0,0,0,0,0
12/25/2017,FOE,KS,ACE,CE,Federal Contract Tower,0,0,1,0,1,0,0,14,0,14,0,0,15,0,15,0,0,0,15
12/26/2017,FOE,KS,ACE,CE,Federal Contract Tower,0,0,3,1,4,0,0,3,0,3,0,0,6,1,7,0,0,0,7
12/27/2017,FOE,KS,ACE,CE,Federal Contract Tower,0,0,6,0,6,0,0,2,0,2,0,0,8,0,8,0,0,0,8
12/28/2017,FOE,KS,ACE,CE,Federal Contract Tower,0,0,2,0,2,0,0,2,0,2,0,0,4,0,4,0,0,0,4
12/29/2017,FOE,KS,ACE,CE,Federal Contract Tower,0,0,2,0,2,0,0,0,0,0,0,0,2,0,2,0,0,0,2
12/30/2017,FOE,KS,ACE,CE,Federal Contract Tower,0,0,4,0,4,0,0,2,0,2,0,0,6,0,6,0,0,0,6
12/31/2017,FOE,KS,ACE,CE,Federal Contract Tower,0,0,0,0,0,0,0,4,0,4,0,0,4,0,4,0,0,0,4
01/01/2018,FOE,KS,ACE,CE,Federal Contract Tower,0,2,6,0,8,0,0,2,0,2,0,2,8,0,10,0,0,0,10
01/02/2018,FOE,KS,ACE,CE,Federal Contract Tower,0,1,6,2,9,0,0,5,0,5,0,1,11,2,14,8,0,8,22
01/03/2018,FOE,KS,ACE,CE,Federal Contract Tower,0,0,3,12,15,0,0,1,14,15,0,0,4,26,30,10,0,10,40
01/04/2018,FOE,KS,ACE,CE,Federal Contract Tower,0,1,6,13,20,0,0,1,0,1,0,1,7,13,21,0,30,30,51
01/05/2018,FOE,KS,ACE,CE,Federal Contract Tower,2,2,16,11,31,0,0,1,3,4,2,2,17,14,35,2,36,38,73
01/06/2018,FOE,KS,ACE,CE,Federal Contract Tower,0,2,4,7,13,0,1,6,0,7,0,3,10,7,20,0,0,0,20
01/07/2018,FOE,KS,ACE,CE,Federal Contract Tower,0,0,0,2,2,0,0,0,0,0,0,0,0,2,2,0,0,0,2
01/08/2018,FOE,KS,ACE,CE,Federal Contract Tower,0,3,10,22,35,0,0,6,12,18,0,3,16,34,53,0,42,42,95
01/09/2018,FOE,KS,ACE,CE,Federal Contract Tower,2,0,5,34,41,0,8,4,19,31,2,8,9,53,72,0,32,32,104
01/10/2018,FOE,KS,ACE,CE,Federal Contract Tower,1,0,4,7,12,0,0,2,0,2,1,0,6,7,14,0,0,0,14
01/11/2018,FOE,KS,ACE,CE,Federal Contract Tower,0,0,2,4,6,0,0,0,0,0,0,0,2,4,6,0,0,0,6
01/12/2018,FOE,KS,ACE,CE,Federal Contract Tower,2,0,4,11,17,0,0,12,0,12,2,0,16,11,29,2,26,28,57
01/13/2018,FOE,KS,ACE,CE,Federal Contract Tower,3,0,3,0,6,0,0,0,0,0,3,0,3,0,6,0,0,0,6
01/14/2018,FOE,KS,ACE,CE,Federal Contract Tower,1,0,3,0,4,0,0,2,0,2,1,0,5,0,6,2,0,2,8
01/15/2018,FOE,KS,ACE,CE,Federal Contract Tower,0,0,6,0,6,0,0,2,0,2,0,0,8,0,8,2,0,2,10
01/16/2018,FOE,KS,ACE,CE,Federal Contract Tower,0,0,6,7,13,0,0,0,2,2,0,0,6,9,15,0,0,0,15
01/17/2018,FOE,KS,ACE,CE,Federal Contract Tower,0,0,8,10,18,0,0,0,0,0,0,0,8,10,18,0,20,20,38
01/18/2018,FOE,KS,ACE,CE,Federal Contract Tower,0,0,6,16,22,0,0,12,0,12,0,0,18,16,34,0,12,12,46
01/19/2018,FOE,KS,ACE,CE,Federal Contract Tower,4,0,7,9,20,0,0,4,14,18,4,0,11,23,38,0,36,36,74
01/20/2018,FOE,KS,ACE,CE,Federal Contract Tower,3,0,1,2,6,0,0,1,0,1,3,0,2,2,7,0,0,0,7
01/21/2018,FOE,KS,ACE,CE,Federal Contract Tower,1,0,3,7,11,0,0,0,0,0,1,0,3,7,11,0,2,2,13
01/22/2018,FOE,KS,ACE,CE,Federal Contract Tower,0,0,5,0,5,0,0,0,0,0,0,0,5,0,5,0,0,0,5
01/23/2018,FOE,KS,ACE,CE,Federal Contract Tower,0,0,4,10,14,0,0,0,8,8,0,0,4,18,22,0,0,0,22
01/24/2018,FOE,KS,ACE,CE,Federal Contract Tower,0,1,9,14,24,0,0,3,29,32,0,1,12,43,56,0,6,6,62
01/25/2018,FOE,KS,ACE,CE,Federal Contract Tower,0,0,8,17,25,0,0,7,1,8,0,0,15,18,33,0,14,14,47
01/26/2018,FOE,KS,ACE,CE,Federal Contract Tower,1,0,5,2,8,0,0,1,1,2,1,0,6,3,10,0,0,0,10
01/27/2018,FOE,KS,ACE,CE,Federal Contract Tower,1,0,9,0,10,0,0,3,0,3,1,0,12,0,13,2,0,2,15
01/28/2018,FOE,KS,ACE,CE,Federal Contract Tower,2,0,3,0,5,0,0,0,0,0,2,0,3,0,5,0,0,0,5
01/29/2018,FOE,KS,ACE,CE,Federal Contract Tower,0,0,5,32,37,0,0,10,2,12,0,0,15,34,49,8,52,60,109
01/30/2018,FOE,KS,ACE,CE,Federal Contract Tower,2,3,8,11,24,0,0,8,0,8,2,3,16,11,32,0,0,0,32
01/31/2018,FOE,KS,ACE,CE,Federal Contract Tower,0,6,12,18,36,0,1,5,17,23,0,7,17,35,59,6,24,30,89
02/01/2018,FOE,KS,ACE,CE,Federal Contract Tower,0,2,3,27,32,0,0,0,41,41,0,2,3,68,73,0,46,46,119
02/02/2018,FOE,KS,ACE,CE,Federal Contract Tower,2,0,4,11,17,0,0,2,4,6,2,0,6,15,23,2,50,52,75
02/03/2018,FOE,KS,ACE,CE,Federal Contract Tower,0,0,0,0,0,0,0,0,1,1,0,0,0,1,1,0,0,0,1
02/04/2018,FOE,KS,ACE,CE,Federal Contract Tower,0,0,1,0,1,0,0,0,0,0,0,0,1,0,1,0,0,0,1
02/05/2018,FOE,KS,ACE,CE,Federal Contract Tower,0,1,12,2,15,0,2,0,0,2,0,3,12,2,17,0,0,0,17
02/06/2018,FOE,KS,ACE,CE,Federal Contract Tower,0,1,5,3,9,0,0,4,0,4,0,1,9,3,13,0,0,0,13
02/07/2018,FOE,KS,ACE,CE,Federal Contract Tower,0,0,7,7,14,0,0,5,4,9,0,0,12,11,23,2,52,54,77
02/08/2018,FOE,KS,ACE,CE,Federal Contract Tower,2,0,3,3,8,0,0,1,4,5,2,0,4,7,13,0,60,60,73
02/09/2018,FOE,KS,ACE,CE,Federal Contract Tower,3,0,6,2,11,0,0,0,4,4,3,0,6,6,15,0,0,0,15
02/10/2018,FOE,KS,ACE,CE,Federal Contract Tower,1,0,0,3,4,0,0,0,2,2,1,0,0,5,6,0,0,0,6
02/11/2018,FOE,KS,ACE,CE,Federal Contract Tower,1,2,2,0,5,0,0,3,0,3,1,2,5,0,8,0,0,0,8
02/12/2018,FOE,KS,ACE,CE,Federal Contract Tower,0,0,2,6,8,0,0,6,0,6,0,0,8,6,14,0,0,0,14
02/13/2018,FOE,KS,ACE,CE,Federal Contract Tower,0,1,2,9,12,0,0,1,23,24,0,1,3,32,36,0,0,0,36
02/14/2018,FOE,KS,ACE,CE,Federal Contract Tower,0,1,11,2,14,0,0,8,4,12,0,1,19,6,26,14,14,28,54
02/15/2018,FOE,KS,ACE,CE,Federal Contract Tower,0,0,7,8,15,0,0,4,2,6,0,0,11,10,21,0,14,14,35
02/16/2018,FOE,KS,ACE,CE,Federal Contract Tower,5,0,7,3,15,0,0,2,0,2,5,0,9,3,17,6,0,6,23
02/17/2018,FOE,KS,ACE,CE,Federal Contract Tower,3,1,8,0,12,0,0,1,0,1,3,1,9,0,13,0,0,0,13
02/18/2018,FOE,KS,ACE,CE,Federal Contract Tower,0,2,2,0,4,0,0,12,0,12,0,2,14,0,16,0,0,0,16
02/19/2018,FOE,KS,ACE,CE,Federal Contract Tower,0,6,6,1,13,0,0,0,0,0,0,6,6,1,13,0,0,0,13
02/20/2018,FOE,KS,ACE,CE,Federal Contract Tower,0,0,4,0,4,0,0,0,1,1,0,0,4,1,5,0,0,0,5
02/21/2018,FOE,KS,ACE,CE,Federal Contract Tower,1,3,6,3,13,0,0,0,0,0,1,3,6,3,13,0,10,10,23
02/22/2018,FOE,KS,ACE,CE,Federal Contract Tower,0,0,2,0,2,0,0,0,0,0,0,0,2,0,2,0,0,0,2
02/23/2018,FOE,KS,ACE,CE,Federal Contract Tower,0,1,4,5,10,0,0,6,8,14,0,1,10,13,24,4,0,4,28
02/24/2018,FOE,KS,ACE,CE,Federal Contract Tower,2,0,3,0,5,0,0,0,0,0,2,0,3,0,5,0,0,0,5
02/25/2018,FOE,KS,ACE,CE,Federal Contract Tower,2,2,3,0,7,0,0,6,0,6,2,2,9,0,13,0,0,0,13
02/26/2018,FOE,KS,ACE,CE,Federal Contract Tower,0,0,5,4,9,0,0,4,2,6,0,0,9,6,15,0,0,0,15
02/27/2018,FOE,KS,ACE,CE,Federal Contract Tower,0,0,6,8,14,0,0,2,9,11,0,0,8,17,25,0,0,0,25
02/28/2018,FOE,KS,ACE,CE,Federal Contract Tower,0,0,6,1,7,0,0,0,0,0,0,0,6,1,7,0,0,0,7
03/01/2018,FOE,KS,ACE,CE,Federal Contract Tower,0,0,10,4,14,0,0,0,0,0,0,0,10,4,14,0,0,0,14
03/02/2018,FOE,KS,ACE,CE,Federal Contract Tower,0,0,3,5,8,0,0,2,0,2,0,0,5,5,10,0,0,0,10
03/03/2018,FOE,KS,ACE,CE,Federal Contract Tower,0,0,5,1,6,0,0,4,0,4,0,0,9,1,10,6,0,6,16
03/04/2018,FOE,KS,ACE,CE,Federal Contract Tower,0,0,1,3,4,0,0,5,0,5,0,0,6,3,9,6,0,6,15
03/05/2018,FOE,KS,ACE,CE,Federal Contract Tower,0,0,4,0,4,0,0,1,2,3,0,0,5,2,7,0,26,26,33
03/06/2018,FOE,KS,ACE,CE,Federal Contract Tower,0,0,2,0,2,0,0,0,0,0,0,0,2,0,2,0,0,0,2
03/07/2018,FOE,KS,ACE,CE,Federal Contract Tower,1,0,17,6,24,0,0,4,2,6,1,0,21,8,30,0,0,0,30
03/08/2018,FOE,KS,ACE,CE,Federal Contract Tower,0,1,5,5,11,0,1,1,0,2,0,2,6,5,13,0,6,6,19
03/09/2018,FOE,KS,ACE,CE,Federal Contract Tower,0,0,6,3,9,0,0,3,0,3,0,0,9,3,12,0,22,22,34
03/10/2018,FOE,KS,ACE,CE,Federal Contract Tower,0,2,5,1,8,0,0,2,0,2,0,2,7,1,10,0,0,0,10
03/11/2018,FOE,KS,ACE,CE,Federal Contract Tower,0,0,5,0,5,0,0,2,0,2,0,0,7,0,7,0,0,0,7
03/12/2018,FOE,KS,ACE,CE,Federal Contract Tower,0,2,6,7,15,0,0,13,2,15,0,2,19,9,30,0,20,20,50
03/13/2018,FOE,KS,ACE,CE,Federal Contract Tower,0,2,12,10,24,0,0,13,7,20,0,2,25,17,44,12,14,26,70
03/14/2018,FOE,KS,ACE,CE,Federal Contract Tower,0,0,4,3,7,0,0,4,0,4,0,0,8,3,11,0,25,25,36
03/15/2018,FOE,KS,ACE,CE,Federal Contract Tower,2,0,6,8,16,0,0,5,4,9,2,0,11,12,25,0,4,4,29
03/16/2018,FOE,KS,ACE,CE,Federal Contract Tower,4,1,8,3,16,0,0,2,0,2,4,1,10,3,18,0,0,0,18
03/17/2018,FOE,KS,ACE,CE,Federal Contract Tower,0,0,4,0,4,0,0,2,0,2,0,0,6,0,6,0,0,0,6
03/18/2018,FOE,KS,ACE,CE,Federal Contract Tower,0,0,8,4,12,0,0,4,0,4,0,0,12,4,16,0,0,0,16
03/19/2018,FOE,KS,ACE,CE,Federal Contract Tower,0,0,2,4,6,0,0,1,1,2,0,0,3,5,8,0,2,2,10
03/20/2018,FOE,KS,ACE,CE,Federal Contract Tower,0,0,3,5,8,0,0,4,0,4,0,0,7,5,12,2,6,8,20
03/21/2018,FOE,KS,ACE,CE,Federal Contract Tower,0,0,11,4,15,0,0,0,0,0,0,0,11,4,15,0,0,0,15
03/22/2018,FOE,KS,ACE,CE,Federal Contract Tower,0,0,8,6,14,0,0,3,2,5,0,0,11,8,19,0,10,10,29
03/23/2018,FOE,KS,ACE,CE,Federal Contract Tower,0,0,5,2,7,0,0,2,0,2,0,0,7,2,9,4,0,4,13
03/24/2018,FOE,KS,ACE,CE,Federal Contract Tower,0,0,2,0,2,0,0,0,0,0,0,0,2,0,2,0,0,0,2
03/25/2018,FOE,KS,ACE,CE,Federal Contract Tower,0,0,8,0,8,0,0,4,0,4,0,0,12,0,12,0,0,0,12
03/26/2018,FOE,KS,ACE,CE,Federal Contract Tower,0,2,7,0,9,0,0,0,0,0,0,2,7,0,9,0,0,0,9
03/27/2018,FOE,KS,ACE,CE,Federal Contract Tower,1,0,13,11,25,0,0,3,19,22,1,0,16,30,47,0,12,12,59
03/28/2018,FOE,KS,ACE,CE,Federal Contract Tower,1,0,10,12,23,0,0,1,15,16,1,0,11,27,39,0,0,0,39
03/29/2018,FOE,KS,ACE,CE,Federal Contract Tower,0,2,4,12,18,0,0,4,0,4,0,2,8,12,22,0,0,0,22
03/30/2018,FOE,KS,ACE,CE,Federal Contract Tower,0,0,3,9,12,0,0,7,0,7,0,0,10,9,19,6,0,6,25
03/31/2018,FOE,KS,ACE,CE,Federal Contract Tower,0,0,3,0,3,0,0,5,0,5,0,0,8,0,8,0,0,0,8
04/01/2018,FOE,KS,ACE,CE,Federal Contract Tower,2,0,4,0,6,0,0,0,0,0,2,0,4,0,6,0,0,0,6
04/02/2018,FOE,KS,ACE,CE,Federal Contract Tower,0,0,5,0,5,0,0,0,0,0,0,0,5,0,5,0,0,0,5
04/03/2018,FOE,KS,ACE,CE,Federal Contract Tower,0,0,1,8,9,0,4,0,2,6,0,4,1,10,15,0,0,0,15
04/04/2018,FOE,KS,ACE,CE,Federal Contract Tower,2,1,12,5,20,0,0,25,9,34,2,1,37,14,54,0,0,0,54
04/05/2018,FOE,KS,ACE,CE,Federal Contract Tower,0,4,1,7,12,0,8,8,12,28,0,12,9,19,40,0,0,0,40
04/06/2018,FOE,KS,ACE,CE,Federal Contract Tower,14,0,0,12,26,0,0,2,4,6,14,0,2,16,32,0,30,30,62
04/07/2018,FOE,KS,ACE,CE,Federal Contract Tower,0,0,0,0,0,0,0,6,0,6,0,0,6,0,6,0,0,0,6
04/08/2018,FOE,KS,ACE,CE,Federal Contract Tower,0,2,4,2,8,0,0,0,0,0,0,2,4,2,8,0,0,0,8
04/09/2018,FOE,KS,ACE,CE,Federal Contract Tower,3,0,5,6,14,0,0,5,0,5,3,0,10,6,19,0,6,6,25
04/10/2018,FOE,KS,ACE,CE,Federal Contract Tower,0,0,6,5,11,0,0,18,13,31,0,0,24,18,42,14,4,18,60
04/11/2018,FOE,KS,ACE,CE,Federal Contract Tower,0,0,15,4,19,0,0,2,3,5,0,0,17,7,24,0,0,0,24
04/12/2018,FOE,KS,ACE,CE,Federal Contract Tower,0,0,10,4,14,2,0,5,11,18,2,0,15,15,32,0,4,4,36
04/13/2018,FOE,KS,ACE,CE,Federal Contract Tower,0,0,7,0,7,0,0,2,0,2,0,0,9,0,9,0,0,0,9
04/14/2018,FOE,KS,ACE,CE,Federal Contract Tower,0,0,3,0,3,0,0,0,0,0,0,0,3,0,3,0,0,0,3
04/15/2018,FOE,KS,ACE,CE,Federal Contract Tower,0,1,1,0,2,0,0,0,0,0,0,1,1,0,2,0,0,0,2
04/16/2018,FOE,KS,ACE,CE,Federal Contract Tower,0,1,3,2,6,0,0,12,0,12,0,1,15,2,18,2,0,2,20
04/17/2018,FOE,KS,ACE,CE,Federal Contract Tower,0,2,6,2,10,0,0,2,34,36,0,2,8,36,46,12,22,34,80
04/18/2018,FOE,KS,ACE,CE,Federal Contract Tower,0,0,3,0,3,0,0,2,4,6,0,0,5,4,9,0,0,0,9
04/19/2018,FOE,KS,ACE,CE,Federal Contract Tower,0,0,25,8,33,0,0,16,0,16,0,0,41,8,49,0,0,0,49
04/20/2018,FOE,KS,ACE,CE,Federal Contract Tower,0,0,1,2,3,0,0,9,6,15,0,0,10,8,18,0,4,4,22
04/21/2018,FOE,KS,ACE,CE,Federal Contract Tower,0,0,2,0,2,0,0,2,0,2,0,0,4,0,4,0,0,0,4
04/22/2018,FOE,KS,ACE,CE,Federal Contract Tower,0,0,6,4,10,0,0,2,1,3,0,0,8,5,13,0,0,0,13
04/23/2018,FOE,KS,ACE,CE,Federal Contract Tower,0,2,2,4,8,0,1,17,2,20,0,3,19,6,28,8,10,18,46
04/24/2018,FOE,KS,ACE,CE,Federal Contract Tower,0,3,2,4,9,0,0,6,8,14,0,3,8,12,23,0,4,4,27
04/25/2018,FOE,KS,ACE,CE,Federal Contract Tower,0,0,3,0,3,0,0,0,0,0,0,0,3,0,3,0,0,0,3
04/26/2018,FOE,KS,ACE,CE,Federal Contract Tower,0,2,9,3,14,0,0,2,0,2,0,2,11,3,16,0,8,8,24
04/27/2018,FOE,KS,ACE,CE,Federal Contract Tower,0,0,12,8,20,0,0,5,0,5,0,0,17,8,25,0,22,22,47
04/28/2018,FOE,KS,ACE,CE,Federal Contract Tower,0,0,1,3,4,0,0,4,0,4,0,0,5,3,8,0,0,0,8
04/29/2018,FOE,KS,ACE,CE,Federal Contract Tower,0,0,7,0,7,0,0,1,0,1,0,0,8,0,8,0,0,0,8
04/30/2018,FOE,KS,ACE,CE,Federal Contract Tower,0,0,7,1,8,6,40,0,0,46,6,40,7,1,54,0,2,2,56
05/01/2018,FOE,KS,ACE,CE,Federal Contract Tower,0,0,12,0,12,0,7,0,19,26,0,7,12,19,38,0,48,48,86
05/02/2018,FOE,KS,ACE,CE,Federal Contract Tower,0,0,7,2,9,0,0,3,4,7,0,0,10,6,16,0,0,0,16
05/03/2018,FOE,KS,ACE,CE,Federal Contract Tower,0,0,11,10,21,0,0,0,0,0,0,0,11,10,21,0,16,16,37
05/04/2018,FOE,KS,ACE,CE,Federal Contract Tower,2,0,5,16,23,0,0,7,6,13,2,0,12,22,36,0,0,0,36
05/05/2018,FOE,KS,ACE,CE,Federal Contract Tower,2,0,2,4,8,0,0,13,0,13,2,0,15,4,21,0,26,26,47
05/06/2018,FOE,KS,ACE,CE,Federal Contract Tower,0,0,3,3,6,0,0,13,11,24,0,0,16,14,30,0,4,4,34
05/07/2018,FOE,KS,ACE,CE,Federal Contract Tower,2,0,4,6,12,0,9,6,14,29,2,9,10,20,41,6,4,10,51
05/08/2018,FOE,KS,ACE,CE,Federal Contract Tower,0,0,8,9,17,0,8,5,6,19,0,8,13,15,36,0,10,10,46
05/09/2018,FOE,KS,ACE,CE,Federal Contract Tower,0,0,10,8,18,0,0,9,8,17,0,0,19,16,35,4,16,20,55
05/11/2018,FOE,KS,ACE,CE,Federal Contract Tower,0,0,8,8,16,0,0,5,1,6,0,0,13,9,22,0,0,0,22
05/12/2018,FOE,KS,ACE,CE,Federal Contract Tower,0,0,3,1,4,0,0,2,2,4,0,0,5,3,8,4,0,4,12
05/13/2018,FOE,KS,ACE,CE,Federal Contract Tower,0,0,2,1,3,0,0,2,0,2,0,0,4,1,5,0,0,0,5
05/14/2018,FOE,KS,ACE,CE,Federal Contract Tower,0,2,3,5,10,0,0,2,0,2,0,2,5,5,12,8,18,26,38
05/15/2018,FOE,KS,ACE,CE,Federal Contract Tower,0,2,9,6,17,0,0,10,0,10,0,2,19,6,27,6,12,18,45
05/16/2018,FOE,KS,ACE,CE,Federal Contract Tower,0,2,4,5,11,0,0,0,0,0,0,2,4,5,11,8,12,20,31
05/17/2018,FOE,KS,ACE,CE,Federal Contract Tower,0,0,8,13,21,0,0,5,0,5,0,0,13,13,26,4,34,38,64
05/18/2018,FOE,KS,ACE,CE,Federal Contract Tower,2,0,16,6,24,0,0,7,0,7,2,0,23,6,31,0,0,0,31
05/19/2018,FOE,KS,ACE,CE,Federal Contract Tower,0,0,4,1,5,0,0,1,0,1,0,0,5,1,6,2,0,2,8
05/20/2018,FOE,KS,ACE,CE,Federal Contract Tower,0,0,9,1,10,0,2,0,1,3,0,2,9,2,13,0,0,0,13
05/21/2018,FOE,KS,ACE,CE,Federal Contract Tower,0,1,18,10,29,0,3,10,3,16,0,4,28,13,45,0,0,0,45
05/22/2018,FOE,KS,ACE,CE,Federal Contract Tower,0,0,6,11,17,0,5,15,10,30,0,5,21,21,47,10,0,10,57
05/23/2018,FOE,KS,ACE,CE,Federal Contract Tower,0,1,6,17,24,0,0,4,2,6,0,1,10,19,30,0,0,0,30
05/24/2018,FOE,KS,ACE,CE,Federal Contract Tower,0,1,7,10,18,0,6,0,4,10,0,7,7,14,28,0,24,24,52
05/25/2018,FOE,KS,ACE,CE,Federal Contract Tower,0,3,9,1,13,0,0,6,0,6,0,3,15,1,19,0,0,0,19
05/26/2018,FOE,KS,ACE,CE,Federal Contract Tower,0,0,2,0,2,0,0,8,0,8,0,0,10,0,10,0,0,0,10
05/27/2018,FOE,KS,ACE,CE,Federal Contract Tower,0,0,2,0,2,0,0,3,0,3,0,0,5,0,5,0,0,0,5
05/28/2018,FOE,KS,ACE,CE,Federal Contract Tower,0,0,2,0,2,0,0,9,0,9,0,0,11,0,11,0,0,0,11
05/29/2018,FOE,KS,ACE,CE,Federal Contract Tower,0,0,6,9,15,0,4,0,0,4,0,4,6,9,19,0,6,6,25
05/30/2018,FOE,KS,ACE,CE,Federal Contract Tower,0,0,5,2,7,0,1,1,4,6,0,1,6,6,13,2,6,8,21
05/31/2018,FOE,KS,ACE,CE,Federal Contract Tower,0,0,8,10,18,0,0,1,11,12,0,0,9,21,30,0,0,0,30
06/01/2018,FOE,KS,ACE,CE,Federal Contract Tower,0,0,11,0,11,0,0,5,0,5,0,0,16,0,16,4,0,4,20
06/02/2018,FOE,KS,ACE,CE,Federal Contract Tower,0,2,1,0,3,0,2,10,0,12,0,4,11,0,15,0,0,0,15
06/03/2018,FOE,KS,ACE,CE,Federal Contract Tower,0,0,3,1,4,0,2,1,0,3,0,2,4,1,7,0,0,0,7
06/04/2018,FOE,KS,ACE,CE,Federal Contract Tower,0,0,4,4,8,0,0,1,0,1,0,0,5,4,9,0,0,0,9
06/05/2018,FOE,KS,ACE,CE,Federal Contract Tower,0,2,12,4,18,0,2,10,0,12,0,4,22,4,30,0,0,0,30
06/06/2018,FOE,KS,ACE,CE,Federal Contract Tower,1,2,5,3,11,0,1,8,5,14,1,3,13,8,25,0,2,2,27
06/07/2018,FOE,KS,ACE,CE,Federal Contract Tower,0,0,5,1,6,0,0,4,0,4,0,0,9,1,10,0,0,0,10
06/08/2018,FOE,KS,ACE,CE,Federal Contract Tower,0,1,9,1,11,0,0,10,2,12,0,1,19,3,23,0,0,0,23
06/09/2018,FOE,KS,ACE,CE,Federal Contract Tower,0,0,0,0,0,0,0,0,4,4,0,0,0,4,4,0,6,6,10
06/10/2018,FOE,KS,ACE,CE,Federal Contract Tower,0,2,0,5,7,0,2,0,9,11,0,4,0,14,18,0,6,6,24
06/11/2018,FOE,KS,ACE,CE,Federal Contract Tower,0,0,4,2,6,0,2,0,7,9,0,2,4,9,15,0,0,0,15
06/12/2018,FOE,KS,ACE,CE,Federal Contract Tower,0,0,4,5,9,0,2,2,2,6,0,2,6,7,15,2,0,2,17
06/13/2018,FOE,KS,ACE,CE,Federal Contract Tower,0,0,6,1,7,0,0,1,7,8,0,0,7,8,15,0,0,0,15
06/14/2018,FOE,KS,ACE,CE,Federal Contract Tower,0,0,8,3,11,0,0,3,2,5,0,0,11,5,16,0,0,0,16
06/15/2018,FOE,KS,ACE,CE,Federal Contract Tower,0,0,4,0,4,0,0,4,0,4,0,0,8,0,8,0,0,0,8
06/16/2018,FOE,KS,ACE,CE,Federal Contract Tower,0,0,5,0,5,0,0,4,6,10,0,0,9,6,15,6,0,6,21
06/17/2018,FOE,KS,ACE,CE,Federal Contract Tower,0,1,2,2,5,0,0,8,12,20,0,1,10,14,25,2,0,2,27
06/18/2018,FOE,KS,ACE,CE,Federal Contract Tower,0,0,5,0,5,0,0,4,6,10,0,0,9,6,15,0,0,0,15
06/19/2018,FOE,KS,ACE,CE,Federal Contract Tower,0,0,4,4,8,0,0,3,0,3,0,0,7,4,11,0,0,0,11
06/20/2018,FOE,KS,ACE,CE,Federal Contract Tower,0,0,8,5,13,0,0,0,3,3,0,0,8,8,16,0,0,0,16
06/21/2018,FOE,KS,ACE,CE,Federal Contract Tower,0,0,6,2,8,0,0,0,0,0,0,0,6,2,8,0,0,0,8
06/22/2018,FOE,KS,ACE,CE,Federal Contract Tower,0,0,11,2,13,0,0,60,0,60,0,0,71,2,73,0,0,0,73
06/23/2018,FOE,KS,ACE,CE,Federal Contract Tower,0,0,3,0,3,0,11,0,0,11,0,11,3,0,14,0,0,0,14
06/24/2018,FOE,KS,ACE,CE,Federal Contract Tower,0,0,2,0,2,0,2,66,0,68,0,2,68,0,70,0,0,0,70
06/25/2018,FOE,KS,ACE,CE,Federal Contract Tower,2,0,4,3,9,0,4,3,0,7,2,4,7,3,16,0,0,0,16
06/26/2018,FOE,KS,ACE,CE,Federal Contract Tower,0,2,3,4,9,0,0,9,5,14,0,2,12,9,23,4,0,4,27
06/27/2018,FOE,KS,ACE,CE,Federal Contract Tower,0,0,6,1,7,0,0,1,8,9,0,0,7,9,16,0,0,0,16
06/28/2018,FOE,KS,ACE,CE,Federal Contract Tower,2,0,7,5,14,0,0,6,0,6,2,0,13,5,20,0,0,0,20
06/29/2018,FOE,KS,ACE,CE,Federal Contract Tower,0,0,7,0,7,0,2,4,0,6,0,2,11,0,13,0,0,0,13
06/30/2018,FOE,KS,ACE,CE,Federal Contract Tower,0,2,0,2,4,0,0,3,0,3,0,2,3,2,7,4,0,4,11
07/01/2018,FOE,KS,ACE,CE,Federal Contract Tower,0,0,2,0,2,0,2,4,0,6,0,2,6,0,8,0,0,0,8
07/02/2018,FOE,KS,ACE,CE,Federal Contract Tower,0,0,1,2,3,0,0,11,0,11,0,0,12,2,14,0,0,0,14
07/03/2018,FOE,KS,ACE,CE,Federal Contract Tower,0,0,3,3,6,0,4,5,2,11,0,4,8,5,17,0,0,0,17
07/04/2018,FOE,KS,ACE,CE,Federal Contract Tower,0,0,0,0,0,0,0,5,0,5,0,0,5,0,5,0,0,0,5
07/05/2018,FOE,KS,ACE,CE,Federal Contract Tower,0,2,2,0,4,0,0,2,0,2,0,2,4,0,6,0,0,0,6
07/06/2018,FOE,KS,ACE,CE,Federal Contract Tower,0,0,9,2,11,0,2,18,2,22,0,2,27,4,33,0,0,0,33
07/07/2018,FOE,KS,ACE,CE,Federal Contract Tower,0,0,8,0,8,0,0,12,0,12,0,0,20,0,20,2,0,2,22
07/08/2018,FOE,KS,ACE,CE,Federal Contract Tower,0,0,4,0,4,0,2,5,0,7,0,2,9,0,11,0,0,0,11
07/09/2018,FOE,KS,ACE,CE,Federal Contract Tower,0,0,5,4,9,0,0,4,1,5,0,0,9,5,14,0,0,0,14
07/10/2018,FOE,KS,ACE,CE,Federal Contract Tower,0,1,10,4,15,0,0,14,11,25,0,1,24,15,40,2,0,2,42
07/11/2018,FOE,KS,ACE,CE,Federal Contract Tower,0,2,6,4,12,0,0,4,2,6,0,2,10,6,18,0,0,0,18
07/12/2018,FOE,KS,ACE,CE,Federal Contract Tower,0,2,6,4,12,0,0,0,0,0,0,2,6,4,12,0,0,0,12
07/13/2018,FOE,KS,ACE,CE,Federal Contract Tower,0,0,2,3,5,0,0,4,3,7,0,0,6,6,12,0,0,0,12
07/14/2018,FOE,KS,ACE,CE,Federal Contract Tower,0,0,0,1,1,0,0,3,2,5,0,0,3,3,6,0,0,0,6
07/15/2018,FOE,KS,ACE,CE,Federal Contract Tower,0,0,0,3,3,0,0,5,4,9,0,0,5,7,12,12,0,12,24
07/16/2018,FOE,KS,ACE,CE,Federal Contract Tower,0,0,8,3,11,0,0,9,0,9,0,0,17,3,20,0,0,0,20
07/17/2018,FOE,KS,ACE,CE,Federal Contract Tower,0,0,11,6,17,0,2,3,3,8,0,2,14,9,25,0,14,14,39
07/18/2018,FOE,KS,ACE,CE,Federal Contract Tower,0,0,6,1,7,0,0,8,0,8,0,0,14,1,15,0,0,0,15
07/19/2018,FOE,KS,ACE,CE,Federal Contract Tower,0,0,5,0,5,0,0,3,0,3,0,0,8,0,8,0,0,0,8
07/20/2018,FOE,KS,ACE,CE,Federal Contract Tower,0,0,12,2,14,0,0,19,0,19,0,0,31,2,33,14,0,14,47
07/21/2018,FOE,KS,ACE,CE,Federal Contract Tower,0,0,8,0,8,0,0,3,0,3,0,0,11,0,11,0,0,0,11
07/22/2018,FOE,KS,ACE,CE,Federal Contract Tower,0,0,4,0,4,0,0,11,0,11,0,0,15,0,15,0,0,0,15
07/23/2018,FOE,KS,ACE,CE,Federal Contract Tower,0,1,6,2,9,0,0,10,0,10,0,1,16,2,19,0,0,0,19
07/24/2018,FOE,KS,ACE,CE,Federal Contract Tower,0,0,4,5,9,0,0,12,8,20,0,0,16,13,29,0,0,0,29
07/25/2018,FOE,KS,ACE,CE,Federal Contract Tower,0,0,9,0,9,0,0,4,8,12,0,0,13,8,21,0,0,0,21
07/26/2018,FOE,KS,ACE,CE,Federal Contract Tower,0,0,8,0,8,0,0,1,0,1,0,0,9,0,9,0,0,0,9
07/27/2018,FOE,KS,ACE,CE,Federal Contract Tower,0,1,8,0,9,0,0,8,5,13,0,1,16,5,22,0,0,0,22
07/28/2018,FOE,KS,ACE,CE,Federal Contract Tower,0,0,0,0,0,0,0,6,0,6,0,0,6,0,6,0,0,0,6
07/29/2018,FOE,KS,ACE,CE,Federal Contract Tower,0,0,7,3,10,0,0,4,0,4,0,0,11,3,14,0,0,0,14
07/30/2018,FOE,KS,ACE,CE,Federal Contract Tower,0,1,4,2,7,0,0,5,0,5,0,1,9,2,12,0,0,0,12
07/31/2018,FOE,KS,ACE,CE,Federal Contract Tower,0,1,8,4,13,0,0,7,2,9,0,1,15,6,22,0,0,0,22
08/01/2018,FOE,KS,ACE,CE,Federal Contract Tower,0,2,4,5,11,0,0,0,0,0,0,2,4,5,11,2,0,2,13
08/02/2018,FOE,KS,ACE,CE,Federal Contract Tower,0,0,8,2,10,0,0,2,9,11,0,0,10,11,21,0,0,0,21
08/03/2018,FOE,KS,ACE,CE,Federal Contract Tower,0,0,14,2,16,0,0,8,5,13,0,0,22,7,29,0,0,0,29
08/04/2018,FOE,KS,ACE,CE,Federal Contract Tower,0,0,8,0,8,0,2,7,0,9,0,2,15,0,17,4,0,4,21
08/05/2018,FOE,KS,ACE,CE,Federal Contract Tower,0,0,7,0,7,0,2,3,2,7,0,2,10,2,14,2,0,2,16
08/06/2018,FOE,KS,ACE,CE,Federal Contract Tower,0,0,6,0,6,0,0,3,3,6,0,0,9,3,12,4,0,4,16
08/07/2018,FOE,KS,ACE,CE,Federal Contract Tower,0,0,3,3,6,0,2,8,1,11,0,2,11,4,17,0,0,0,17
08/08/2018,FOE,KS,ACE,CE,Federal Contract Tower,0,0,9,2,11,0,0,1,0,1,0,0,10,2,12,0,0,0,12
08/09/2018,FOE,KS,ACE,CE,Federal Contract Tower,0,0,4,5,9,0,0,1,4,5,0,0,5,9,14,0,0,0,14
08/10/2018,FOE,KS,ACE,CE,Federal Contract Tower,0,2,5,9,16,0,0,6,10,16,0,2,11,19,32,0,3,3,35
08/11/2018,FOE,KS,ACE,CE,Federal Contract Tower,0,0,1,1,2,0,0,5,20,25,0,0,6,21,27,0,0,0,27
08/12/2018,FOE,KS,ACE,CE,Federal Contract Tower,0,0,4,1,5,0,0,11,8,19,0,0,15,9,24,0,0,0,24
08/13/2018,FOE,KS,ACE,CE,Federal Contract Tower,0,2,6,4,12,0,2,5,0,7,0,4,11,4,19,6,0,6,25
08/14/2018,FOE,KS,ACE,CE,Federal Contract Tower,0,2,7,2,11,0,0,1,0,1,0,2,8,2,12,0,0,0,12
08/15/2018,FOE,KS,ACE,CE,Federal Contract Tower,0,2,9,1,12,0,0,1,0,1,0,2,10,1,13,0,0,0,13
08/16/2018,FOE,KS,ACE,CE,Federal Contract Tower,0,0,8,5,13,0,0,2,6,8,0,0,10,11,21,0,0,0,21
08/17/2018,FOE,KS,ACE,CE,Federal Contract Tower,0,1,4,7,12,0,2,22,2,26,0,3,26,9,38,4,11,15,53
08/18/2018,FOE,KS,ACE,CE,Federal Contract Tower,0,0,1,0,1,0,0,11,0,11,0,0,12,0,12,6,0,6,18
08/19/2018,FOE,KS,ACE,CE,Federal Contract Tower,0,0,2,0,2,0,0,0,0,0,0,0,2,0,2,0,0,0,2
08/20/2018,FOE,KS,ACE,CE,Federal Contract Tower,0,0,10,3,13,0,0,1,0,1,0,0,11,3,14,0,0,0,14
08/21/2018,FOE,KS,ACE,CE,Federal Contract Tower,0,0,12,3,15,0,0,5,4,9,0,0,17,7,24,4,0,4,28
08/22/2018,FOE,KS,ACE,CE,Federal Contract Tower,0,1,3,3,7,0,0,2,0,2,0,1,5,3,9,0,0,0,9
08/24/2018,FOE,KS,ACE,CE,Federal Contract Tower,0,0,6,4,10,0,0,3,12,15,0,0,9,16,25,0,0,0,25
08/25/2018,FOE,KS,ACE,CE,Federal Contract Tower,0,0,0,0,0,0,0,0,0,0,0,0,0,0,0,0,0,0,0
08/26/2018,FOE,KS,ACE,CE,Federal Contract Tower,0,0,6,0,6,0,0,3,1,4,0,0,9,1,10,0,4,4,14
08/27/2018,FOE,KS,ACE,CE,Federal Contract Tower,0,0,0,0,0,0,2,12,0,14,0,2,12,0,14,0,0,0,14
08/28/2018,FOE,KS,ACE,CE,Federal Contract Tower,0,0,7,2,9,0,0,2,0,2,0,0,9,2,11,4,0,4,15
08/29/2018,FOE,KS,ACE,CE,Federal Contract Tower,0,2,9,1,12,0,0,4,4,8,0,2,13,5,20,0,2,2,22
08/30/2018,FOE,KS,ACE,CE,Federal Contract Tower,0,4,6,1,11,0,0,1,0,1,0,4,7,1,12,0,0,0,12
08/31/2018,FOE,KS,ACE,CE,Federal Contract Tower,4,0,1,2,7,0,0,5,0,5,4,0,6,2,12,0,0,0,12
09/01/2018,FOE,KS,ACE,CE,Federal Contract Tower,0,0,0,0,0,0,0,2,0,2,0,0,2,0,2,0,0,0,2
09/02/2018,FOE,KS,ACE,CE,Federal Contract Tower,0,0,3,0,3,0,0,2,0,2,0,0,5,0,5,10,0,10,15
09/03/2018,FOE,KS,ACE,CE,Federal Contract Tower,0,3,0,0,3,0,0,4,0,4,0,3,4,0,7,0,0,0,7
09/04/2018,FOE,KS,ACE,CE,Federal Contract Tower,0,2,11,0,13,0,0,0,0,0,0,2,11,0,13,0,0,0,13
09/05/2018,FOE,KS,ACE,CE,Federal Contract Tower,0,0,6,1,7,0,0,0,0,0,0,0,6,1,7,0,0,0,7
09/06/2018,FOE,KS,ACE,CE,Federal Contract Tower,0,0,5,2,7,0,0,0,0,0,0,0,5,2,7,0,0,0,7
09/07/2018,FOE,KS,ACE,CE,Federal Contract Tower,0,0,6,1,7,0,0,0,0,0,0,0,6,1,7,0,0,0,7
09/08/2018,FOE,KS,ACE,CE,Federal Contract Tower,0,0,3,1,4,0,0,1,0,1,0,0,4,1,5,0,0,0,5
09/09/2018,FOE,KS,ACE,CE,Federal Contract Tower,0,0,4,0,4,0,2,2,5,9,0,2,6,5,13,2,0,2,15
09/10/2018,FOE,KS,ACE,CE,Federal Contract Tower,0,0,7,1,8,0,0,10,1,11,0,0,17,2,19,6,0,6,25
09/11/2018,FOE,KS,ACE,CE,Federal Contract Tower,0,0,3,2,5,0,1,11,4,16,0,1,14,6,21,0,0,0,21
09/12/2018,FOE,KS,ACE,CE,Federal Contract Tower,0,6,7,0,13,0,0,8,0,8,0,6,15,0,21,0,0,0,21
09/13/2018,FOE,KS,ACE,CE,Federal Contract Tower,0,0,7,5,12,0,0,1,0,1,0,0,8,5,13,0,0,0,13
09/14/2018,FOE,KS,ACE,CE,Federal Contract Tower,0,1,1,1,3,0,1,6,11,18,0,2,7,12,21,0,0,0,21
09/15/2018,FOE,KS,ACE,CE,Federal Contract Tower,0,0,8,4,12,0,0,9,10,19,0,0,17,14,31,0,0,0,31
09/16/2018,FOE,KS,ACE,CE,Federal Contract Tower,0,0,6,2,8,0,0,4,1,5,0,0,10,3,13,0,0,0,13
09/17/2018,FOE,KS,ACE,CE,Federal Contract Tower,0,0,5,6,11,0,0,7,0,7,0,0,12,6,18,0,0,0,18
09/18/2018,FOE,KS,ACE,CE,Federal Contract Tower,0,0,6,0,6,0,0,9,6,15,0,0,15,6,21,0,0,0,21
09/19/2018,FOE,KS,ACE,CE,Federal Contract Tower,0,3,11,3,17,0,0,1,24,25,0,3,12,27,42,0,74,74,116
09/20/2018,FOE,KS,ACE,CE,Federal Contract Tower,0,0,2,0,2,0,0,2,0,2,0,0,4,0,4,0,0,0,4
09/21/2018,FOE,KS,ACE,CE,Federal Contract Tower,0,0,6,0,6,0,0,4,3,7,0,0,10,3,13,0,0,0,13
09/22/2018,FOE,KS,ACE,CE,Federal Contract Tower,0,0,5,0,5,0,0,3,0,3,0,0,8,0,8,0,0,0,8
09/23/2018,FOE,KS,ACE,CE,Federal Contract Tower,0,0,6,6,12,0,0,7,0,7,0,0,13,6,19,0,0,0,19
09/24/2018,FOE,KS,ACE,CE,Federal Contract Tower,0,0,8,1,9,0,0,5,0,5,0,0,13,1,14,0,0,0,14
09/25/2018,FOE,KS,ACE,CE,Federal Contract Tower,0,0,1,5,6,0,0,4,0,4,0,0,5,5,10,0,0,0,10
09/26/2018,FOE,KS,ACE,CE,Federal Contract Tower,0,0,4,3,7,0,0,25,0,25,0,0,29,3,32,0,0,0,32
09/27/2018,FOE,KS,ACE,CE,Federal Contract Tower,0,0,5,5,10,0,0,1,0,1,0,0,6,5,11,0,0,0,11
09/28/2018,FOE,KS,ACE,CE,Federal Contract Tower,0,0,5,5,10,0,0,5,4,9,0,0,10,9,19,0,0,0,19
09/29/2018,FOE,KS,ACE,CE,Federal Contract Tower,0,0,11,0,11,0,0,2,0,2,0,0,13,0,13,0,0,0,13
09/30/2018,FOE,KS,ACE,CE,Federal Contract Tower,0,0,0,0,0,0,0,3,0,3,0,0,3,0,3,0,0,0,3
10/01/2018,FOE,KS,ACE,CE,Federal Contract Tower,0,0,3,1,4,0,0,0,1,1,0,0,3,2,5,0,0,0,5
10/02/2018,FOE,KS,ACE,CE,Federal Contract Tower,0,0,3,3,6,0,0,3,1,4,0,0,6,4,10,0,0,0,10
10/03/2018,FOE,KS,ACE,CE,Federal Contract Tower,0,1,10,4,15,0,0,4,0,4,0,1,14,4,19,0,0,0,19
10/04/2018,FOE,KS,ACE,CE,Federal Contract Tower,0,0,0,2,2,0,0,0,0,0,0,0,0,2,2,0,4,4,6
10/05/2018,FOE,KS,ACE,CE,Federal Contract Tower,2,0,5,8,15,0,0,1,0,1,2,0,6,8,16,0,0,0,16
10/06/2018,FOE,KS,ACE,CE,Federal Contract Tower,2,0,2,1,5,0,0,0,4,4,2,0,2,5,9,0,0,0,9
10/07/2018,FOE,KS,ACE,CE,Federal Contract Tower,0,0,3,2,5,0,0,0,0,0,0,0,3,2,5,0,0,0,5
10/08/2018,FOE,KS,ACE,CE,Federal Contract Tower,0,2,9,1,12,0,0,2,0,2,0,2,11,1,14,0,0,0,14
10/09/2018,FOE,KS,ACE,CE,Federal Contract Tower,0,1,3,1,5,0,0,0,0,0,0,1,3,1,5,0,0,0,5
10/10/2018,FOE,KS,ACE,CE,Federal Contract Tower,0,0,11,3,14,0,0,0,0,0,0,0,11,3,14,0,8,8,22
10/11/2018,FOE,KS,ACE,CE,Federal Contract Tower,0,4,10,9,23,0,1,0,0,1,0,5,10,9,24,0,74,74,98
10/12/2018,FOE,KS,ACE,CE,Federal Contract Tower,0,0,8,3,11,0,0,28,0,28,0,0,36,3,39,0,0,0,39
10/13/2018,FOE,KS,ACE,CE,Federal Contract Tower,0,0,4,4,8,0,0,28,7,35,0,0,32,11,43,0,0,0,43
10/14/2018,FOE,KS,ACE,CE,Federal Contract Tower,0,0,8,1,9,0,0,0,0,0,0,0,8,1,9,0,0,0,9
10/15/2018,FOE,KS,ACE,CE,Federal Contract Tower,0,0,5,3,8,0,2,3,2,7,0,2,8,5,15,0,4,4,19
10/16/2018,FOE,KS,ACE,CE,Federal Contract Tower,0,2,11,9,22,0,0,6,4,10,0,2,17,13,32,0,2,2,34
10/17/2018,FOE,KS,ACE,CE,Federal Contract Tower,0,3,3,5,11,0,0,1,2,3,0,3,4,7,14,0,0,0,14
10/18/2018,FOE,KS,ACE,CE,Federal Contract Tower,0,0,8,4,12,0,0,4,10,14,0,0,12,14,26,0,37,37,63
10/19/2018,FOE,KS,ACE,CE,Federal Contract Tower,2,2,13,0,17,0,0,4,0,4,2,2,17,0,21,0,0,0,21
10/20/2018,FOE,KS,ACE,CE,Federal Contract Tower,2,0,2,0,4,0,0,4,3,7,2,0,6,3,11,0,0,0,11
10/21/2018,FOE,KS,ACE,CE,Federal Contract Tower,0,0,2,0,2,0,2,3,9,14,0,2,5,9,16,0,0,0,16
10/22/2018,FOE,KS,ACE,CE,Federal Contract Tower,0,2,11,7,20,0,0,11,13,24,0,2,22,20,44,5,0,5,49
10/23/2018,FOE,KS,ACE,CE,Federal Contract Tower,0,2,5,9,16,0,0,14,10,24,0,2,19,19,40,4,34,38,78
10/24/2018,FOE,KS,ACE,CE,Federal Contract Tower,0,1,4,1,6,0,0,1,2,3,0,1,5,3,9,0,10,10,19
10/25/2018,FOE,KS,ACE,CE,Federal Contract Tower,0,0,14,14,28,0,0,0,0,0,0,0,14,14,28,0,0,0,28
10/26/2018,FOE,KS,ACE,CE,Federal Contract Tower,0,0,6,4,10,0,0,9,3,12,0,0,15,7,22,0,0,0,22
10/27/2018,FOE,KS,ACE,CE,Federal Contract Tower,0,2,3,0,5,0,0,8,0,8,0,2,11,0,13,0,0,0,13
10/28/2018,FOE,KS,ACE,CE,Federal Contract Tower,0,0,12,3,15,0,0,13,8,21,0,0,25,11,36,4,0,4,40
10/29/2018,FOE,KS,ACE,CE,Federal Contract Tower,0,0,3,17,20,0,0,9,2,11,0,0,12,19,31,43,28,71,102
10/30/2018,FOE,KS,ACE,CE,Federal Contract Tower,0,0,9,1,10,0,0,0,1,1,0,0,9,2,11,0,0,0,11
10/31/2018,FOE,KS,ACE,CE,Federal Contract Tower,0,4,5,11,20,0,1,7,4,12,0,5,12,15,32,2,36,38,70
11/01/2018,FOE,KS,ACE,CE,Federal Contract Tower,0,2,8,5,15,0,0,4,5,9,0,2,12,10,24,0,0,0,24
11/02/2018,FOE,KS,ACE,CE,Federal Contract Tower,0,2,6,8,16,0,0,3,9,12,0,2,9,17,28,0,0,0,28
11/03/2018,FOE,KS,ACE,CE,Federal Contract Tower,2,0,0,5,7,0,0,0,7,7,2,0,0,12,14,0,0,0,14
11/04/2018,FOE,KS,ACE,CE,Federal Contract Tower,0,2,5,13,20,0,0,13,0,13,0,2,18,13,33,6,14,20,53
11/05/2018,FOE,KS,ACE,CE,Federal Contract Tower,1,1,7,7,16,0,0,5,1,6,1,1,12,8,22,8,0,8,30
11/06/2018,FOE,KS,ACE,CE,Federal Contract Tower,0,0,4,15,19,0,0,5,7,12,0,0,9,22,31,0,20,20,51
11/07/2018,FOE,KS,ACE,CE,Federal Contract Tower,0,0,12,13,25,0,0,3,3,6,0,0,15,16,31,0,0,0,31
11/08/2018,FOE,KS,ACE,CE,Federal Contract Tower,0,1,8,1,10,0,0,1,0,1,0,1,9,1,11,0,0,0,11
11/09/2018,FOE,KS,ACE,CE,Federal Contract Tower,0,1,6,1,8,0,0,5,0,5,0,1,11,1,13,0,0,0,13
11/10/2018,FOE,KS,ACE,CE,Federal Contract Tower,0,0,6,2,8,0,0,4,0,4,0,0,10,2,12,0,0,0,12
11/11/2018,FOE,KS,ACE,CE,Federal Contract Tower,0,2,5,8,15,0,0,8,6,14,0,2,13,14,29,0,0,0,29
11/12/2018,FOE,KS,ACE,CE,Federal Contract Tower,0,0,1,0,1,0,0,1,0,1,0,0,2,0,2,0,0,0,2
11/13/2018,FOE,KS,ACE,CE,Federal Contract Tower,0,0,11,9,20,0,0,4,2,6,0,0,15,11,26,0,0,0,26
11/14/2018,FOE,KS,ACE,CE,Federal Contract Tower,0,4,7,15,26,0,0,7,0,7,0,4,14,15,33,0,22,22,55
11/15/2018,FOE,KS,ACE,CE,Federal Contract Tower,0,1,6,5,12,0,0,2,1,3,0,1,8,6,15,0,0,0,15
11/16/2018,FOE,KS,ACE,CE,Federal Contract Tower,2,3,7,7,19,0,26,15,2,43,2,29,22,9,62,0,55,55,117
11/17/2018,FOE,KS,ACE,CE,Federal Contract Tower,0,0,2,0,2,0,0,0,0,0,0,0,2,0,2,0,0,0,2
11/18/2018,FOE,KS,ACE,CE,Federal Contract Tower,0,0,4,3,7,0,0,10,1,11,0,0,14,4,18,0,0,0,18
11/19/2018,FOE,KS,ACE,CE,Federal Contract Tower,1,0,9,12,22,0,0,6,2,8,1,0,15,14,30,0,32,32,62
11/20/2018,FOE,KS,ACE,CE,Federal Contract Tower,1,0,6,10,17,0,0,16,7,23,1,0,22,17,40,6,6,12,52
11/21/2018,FOE,KS,ACE,CE,Federal Contract Tower,0,0,0,9,9,0,0,0,0,0,0,0,0,9,9,0,24,24,33
11/22/2018,FOE,KS,ACE,CE,Federal Contract Tower,0,0,2,2,4,0,0,6,0,6,0,0,8,2,10,0,0,0,10
11/23/2018,FOE,KS,ACE,CE,Federal Contract Tower,2,0,4,0,6,0,0,1,0,1,2,0,5,0,7,0,0,0,7
11/24/2018,FOE,KS,ACE,CE,Federal Contract Tower,0,0,2,0,2,0,0,5,1,6,0,0,7,1,8,0,0,0,8
11/25/2018,FOE,KS,ACE,CE,Federal Contract Tower,1,0,3,2,6,0,0,0,0,0,1,0,3,2,6,0,0,0,6
11/26/2018,FOE,KS,ACE,CE,Federal Contract Tower,1,0,5,2,8,0,0,2,6,8,1,0,7,8,16,0,12,12,28
11/27/2018,FOE,KS,ACE,CE,Federal Contract Tower,0,0,3,9,12,0,4,2,0,6,0,4,5,9,18,0,0,0,18
11/28/2018,FOE,KS,ACE,CE,Federal Contract Tower,1,0,5,9,15,0,0,2,1,3,1,0,7,10,18,0,22,22,40
11/29/2018,FOE,KS,ACE,CE,Federal Contract Tower,0,0,7,4,11,0,0,3,0,3,0,0,10,4,14,4,0,4,18
11/30/2018,FOE,KS,ACE,CE,Federal Contract Tower,0,0,7,18,25,0,0,0,0,0,0,0,7,18,25,0,80,80,105
12/01/2018,FOE,KS,ACE,CE,Federal Contract Tower,0,0,0,3,3,0,0,0,0,0,0,0,0,3,3,0,0,0,3
12/02/2018,FOE,KS,ACE,CE,Federal Contract Tower,0,4,5,7,16,0,0,0,0,0,0,4,5,7,16,0,0,0,16
12/03/2018,FOE,KS,ACE,CE,Federal Contract Tower,0,2,9,15,26,0,0,0,2,2,0,2,9,17,28,0,0,0,28
12/04/2018,FOE,KS,ACE,CE,Federal Contract Tower,0,0,10,4,14,0,0,0,1,1,0,0,10,5,15,0,2,2,17
12/05/2018,FOE,KS,ACE,CE,Federal Contract Tower,0,2,7,2,11,0,0,7,0,7,0,2,14,2,18,0,0,0,18
12/06/2018,FOE,KS,ACE,CE,Federal Contract Tower,0,0,7,10,17,0,0,6,10,16,0,0,13,20,33,0,28,28,61
12/07/2018,FOE,KS,ACE,CE,Federal Contract Tower,0,0,6,16,22,0,0,5,12,17,0,0,11,28,39,0,86,86,125
12/08/2018,FOE,KS,ACE,CE,Federal Contract Tower,0,0,0,0,0,0,0,5,0,5,0,0,5,0,5,12,0,12,17
12/09/2018,FOE,KS,ACE,CE,Federal Contract Tower,0,0,4,2,6,0,0,7,0,7,0,0,11,2,13,0,0,0,13
12/10/2018,FOE,KS,ACE,CE,Federal Contract Tower,0,2,2,16,20,0,0,21,0,21,0,2,23,16,41,0,22,22,63
12/11/2018,FOE,KS,ACE,CE,Federal Contract Tower,0,0,4,14,18,0,0,3,4,7,0,0,7,18,25,2,30,32,57
12/12/2018,FOE,KS,ACE,CE,Federal Contract Tower,0,0,10,44,54,0,0,4,0,4,0,0,14,44,58,4,70,74,132
12/13/2018,FOE,KS,ACE,CE,Federal Contract Tower,0,0,13,16,29,0,0,0,0,0,0,0,13,16,29,0,28,28,57
12/14/2018,FOE,KS,ACE,CE,Federal Contract Tower,0,0,14,6,20,0,0,2,0,2,0,0,16,6,22,0,0,0,22
12/15/2018,FOE,KS,ACE,CE,Federal Contract Tower,0,0,6,0,6,0,0,7,0,7,0,0,13,0,13,6,0,6,19
12/16/2018,FOE,KS,ACE,CE,Federal Contract Tower,0,1,1,0,2,0,0,31,6,37,0,1,32,6,39,4,0,4,43
12/17/2018,FOE,KS,ACE,CE,Federal Contract Tower,0,0,4,17,21,0,2,14,0,16,0,2,18,17,37,2,54,56,93
12/18/2018,FOE,KS,ACE,CE,Federal Contract Tower,2,3,9,29,43,0,0,1,11,12,2,3,10,40,55,0,26,26,81
12/19/2018,FOE,KS,ACE,CE,Federal Contract Tower,0,0,3,22,25,0,0,2,0,2,0,0,5,22,27,0,0,0,27
12/20/2018,FOE,KS,ACE,CE,Federal Contract Tower,0,0,2,21,23,0,0,4,4,8,0,0,6,25,31,0,22,22,53
12/21/2018,FOE,KS,ACE,CE,Federal Contract Tower,1,0,17,12,30,0,0,8,0,8,1,0,25,12,38,6,71,77,115
12/22/2018,FOE,KS,ACE,CE,Federal Contract Tower,2,1,1,0,4,0,0,1,0,1,2,1,2,0,5,0,0,0,5
12/23/2018,FOE,KS,ACE,CE,Federal Contract Tower,0,0,2,0,2,0,0,5,0,5,0,0,7,0,7,0,0,0,7
12/24/2018,FOE,KS,ACE,CE,Federal Contract Tower,0,0,2,0,2,0,0,8,0,8,0,0,10,0,10,2,0,2,12
12/25/2018,FOE,KS,ACE,CE,Federal Contract Tower,2,1,3,0,6,0,0,7,0,7,2,1,10,0,13,0,0,0,13
12/26/2018,FOE,KS,ACE,CE,Federal Contract Tower,1,1,4,1,7,0,0,0,0,0,1,1,4,1,7,0,0,0,7
12/27/2018,FOE,KS,ACE,CE,Federal Contract Tower,0,2,4,8,14,0,0,0,0,0,0,2,4,8,14,0,30,30,44
12/28/2018,FOE,KS,ACE,CE,Federal Contract Tower,0,0,1,6,7,0,0,0,0,0,0,0,1,6,7,0,0,0,7
12/29/2018,FOE,KS,ACE,CE,Federal Contract Tower,0,0,1,0,1,0,0,6,0,6,0,0,7,0,7,0,0,0,7
12/30/2018,FOE,KS,ACE,CE,Federal Contract Tower,0,0,4,0,4,0,0,2,0,2,0,0,6,0,6,0,0,0,6
12/31/2018,FOE,KS,ACE,CE,Federal Contract Tower,0,0,1,0,1,0,0,0,0,0,0,0,1,0,1,0,0,0,1
01/01/2019,FOE,KS,ACE,CE,Federal Contract Tower,0,0,1,0,1,0,0,1,0,1,0,0,2,0,2,0,0,0,2
01/02/2019,FOE,KS,ACE,CE,Federal Contract Tower,1,0,12,26,39,0,0,13,12,25,1,0,25,38,64,0,24,24,88
01/03/2019,FOE,KS,ACE,CE,Federal Contract Tower,0,0,10,25,35,0,0,19,8,27,0,0,29,33,62,8,88,96,158
01/04/2019,FOE,KS,ACE,CE,Federal Contract Tower,0,0,3,20,23,0,0,12,9,21,0,0,15,29,44,2,50,52,96
01/05/2019,FOE,KS,ACE,CE,Federal Contract Tower,0,0,3,2,5,0,0,1,0,1,0,0,4,2,6,0,0,0,6
01/06/2019,FOE,KS,ACE,CE,Federal Contract Tower,0,0,2,2,4,0,0,6,0,6,0,0,8,2,10,0,0,0,10
01/07/2019,FOE,KS,ACE,CE,Federal Contract Tower,2,0,3,36,41,0,0,13,12,25,2,0,16,48,66,0,38,38,104
01/08/2019,FOE,KS,ACE,CE,Federal Contract Tower,0,6,7,22,35,0,4,1,6,11,0,10,8,28,46,0,18,18,64
01/09/2019,FOE,KS,ACE,CE,Federal Contract Tower,0,0,12,23,35,0,0,1,2,3,0,0,13,25,38,0,60,60,98
01/10/2019,FOE,KS,ACE,CE,Federal Contract Tower,0,0,2,14,16,0,0,3,5,8,0,0,5,19,24,0,62,62,86
01/11/2019,FOE,KS,ACE,CE,Federal Contract Tower,1,0,3,4,8,0,0,0,0,0,1,0,3,4,8,0,20,20,28
01/12/2019,FOE,KS,ACE,CE,Federal Contract Tower,2,0,1,0,3,0,0,0,0,0,2,0,1,0,3,0,0,0,3
01/13/2019,FOE,KS,ACE,CE,Federal Contract Tower,5,3,8,2,18,0,0,0,0,0,5,3,8,2,18,0,0,0,18
01/14/2019,FOE,KS,ACE,CE,Federal Contract Tower,3,2,5,3,13,0,0,0,0,0,3,2,5,3,13,0,0,0,13
01/16/2019,FOE,KS,ACE,CE,Federal Contract Tower,2,0,3,5,10,0,0,0,0,0,2,0,3,5,10,0,0,0,10
01/17/2019,FOE,KS,ACE,CE,Federal Contract Tower,1,0,9,4,14,0,0,0,0,0,1,0,9,4,14,0,0,0,14
01/18/2019,FOE,KS,ACE,CE,Federal Contract Tower,1,1,2,0,4,0,0,0,0,0,1,1,2,0,4,0,0,0,4
01/19/2019,FOE,KS,ACE,CE,Federal Contract Tower,4,0,1,1,6,0,0,0,0,0,4,0,1,1,6,0,0,0,6
01/20/2019,FOE,KS,ACE,CE,Federal Contract Tower,0,0,1,8,9,0,0,1,0,1,0,0,2,8,10,0,4,4,14
01/21/2019,FOE,KS,ACE,CE,Federal Contract Tower,7,0,8,0,15,0,0,4,0,4,7,0,12,0,19,0,0,0,19
01/22/2019,FOE,KS,ACE,CE,Federal Contract Tower,0,0,6,1,7,0,0,0,0,0,0,0,6,1,7,0,0,0,7
01/24/2019,FOE,KS,ACE,CE,Federal Contract Tower,0,4,2,14,20,0,0,0,0,0,0,4,2,14,20,0,0,0,20
01/25/2019,FOE,KS,ACE,CE,Federal Contract Tower,6,1,7,7,21,0,0,0,16,16,6,1,7,23,37,0,26,26,63
01/26/2019,FOE,KS,ACE,CE,Federal Contract Tower,4,1,1,0,6,0,0,2,0,2,4,1,3,0,8,0,0,0,8
01/27/2019,FOE,KS,ACE,CE,Federal Contract Tower,1,0,3,0,4,0,0,11,0,11,1,0,14,0,15,0,4,4,19
01/28/2019,FOE,KS,ACE,CE,Federal Contract Tower,4,0,0,6,10,0,0,1,2,3,4,0,1,8,13,0,0,0,13
01/29/2019,FOE,KS,ACE,CE,Federal Contract Tower,3,0,14,11,28,0,0,5,1,6,3,0,19,12,34,0,8,8,42
01/30/2019,FOE,KS,ACE,CE,Federal Contract Tower,3,2,14,17,36,0,0,0,1,1,3,2,14,18,37,0,14,14,51
01/31/2019,FOE,KS,ACE,CE,Federal Contract Tower,2,0,6,15,23,0,0,0,0,0,2,0,6,15,23,0,22,22,45
02/01/2019,FOE,KS,ACE,CE,Federal Contract Tower,1,3,4,4,12,0,2,7,4,13,1,5,11,8,25,0,50,50,75
02/02/2019,FOE,KS,ACE,CE,Federal Contract Tower,1,1,2,0,4,0,0,0,0,0,1,1,2,0,4,0,0,0,4
02/03/2019,FOE,KS,ACE,CE,Federal Contract Tower,4,1,5,4,14,0,0,0,0,0,4,1,5,4,14,0,0,0,14
02/04/2019,FOE,KS,ACE,CE,Federal Contract Tower,1,1,3,16,21,0,0,4,0,4,1,1,7,16,25,0,26,26,51
02/06/2019,FOE,KS,ACE,CE,Federal Contract Tower,0,0,1,0,1,0,0,0,0,0,0,0,1,0,1,0,0,0,1
02/07/2019,FOE,KS,ACE,CE,Federal Contract Tower,0,1,3,0,4,0,0,0,0,0,0,1,3,0,4,0,0,0,4
02/08/2019,FOE,KS,ACE,CE,Federal Contract Tower,0,2,7,9,18,0,0,10,23,33,0,2,17,32,51,0,0,0,51
02/09/2019,FOE,KS,ACE,CE,Federal Contract Tower,0,2,4,0,6,0,0,2,32,34,0,2,6,32,40,0,0,0,40
02/10/2019,FOE,KS,ACE,CE,Federal Contract Tower,0,0,1,0,1,0,0,0,0,0,0,0,1,0,1,0,0,0,1
02/11/2019,FOE,KS,ACE,CE,Federal Contract Tower,6,4,3,0,13,0,0,0,0,0,6,4,3,0,13,0,0,0,13
02/12/2019,FOE,KS,ACE,CE,Federal Contract Tower,2,1,7,29,39,0,0,5,0,5,2,1,12,29,44,2,100,102,146
02/13/2019,FOE,KS,ACE,CE,Federal Contract Tower,0,0,7,10,17,0,0,0,0,0,0,0,7,10,17,0,0,0,17
02/14/2019,FOE,KS,ACE,CE,Federal Contract Tower,4,0,2,28,34,0,0,8,3,11,4,0,10,31,45,0,60,60,105
02/15/2019,FOE,KS,ACE,CE,Federal Contract Tower,8,0,5,0,13,0,0,0,0,0,8,0,5,0,13,0,0,0,13
02/16/2019,FOE,KS,ACE,CE,Federal Contract Tower,1,0,3,1,5,0,0,0,0,0,1,0,3,1,5,0,0,0,5
02/17/2019,FOE,KS,ACE,CE,Federal Contract Tower,1,2,2,0,5,0,0,4,0,4,1,2,6,0,9,0,0,0,9
02/18/2019,FOE,KS,ACE,CE,Federal Contract Tower,1,0,1,0,2,0,0,2,0,2,1,0,3,0,4,0,0,0,4
02/20/2019,FOE,KS,ACE,CE,Federal Contract Tower,0,1,6,1,8,0,0,0,0,0,0,1,6,1,8,0,0,0,8
02/21/2019,FOE,KS,ACE,CE,Federal Contract Tower,0,2,6,12,20,0,0,0,0,0,0,2,6,12,20,0,46,46,66
02/22/2019,FOE,KS,ACE,CE,Federal Contract Tower,1,0,14,29,44,0,0,3,0,3,1,0,17,29,47,0,83,83,130
02/23/2019,FOE,KS,ACE,CE,Federal Contract Tower,0,0,2,0,2,0,0,0,0,0,0,0,2,0,2,0,0,0,2
02/24/2019,FOE,KS,ACE,CE,Federal Contract Tower,0,0,3,1,4,0,0,3,0,3,0,0,6,1,7,0,0,0,7
02/25/2019,FOE,KS,ACE,CE,Federal Contract Tower,0,0,10,17,27,0,0,19,7,26,0,0,29,24,53,8,58,66,119
02/26/2019,FOE,KS,ACE,CE,Federal Contract Tower,0,3,5,12,20,0,0,1,1,2,0,3,6,13,22,0,44,44,66
02/27/2019,FOE,KS,ACE,CE,Federal Contract Tower,0,0,3,2,5,0,0,0,0,0,0,0,3,2,5,0,0,0,5
02/28/2019,FOE,KS,ACE,CE,Federal Contract Tower,0,1,3,12,16,0,0,1,0,1,0,1,4,12,17,0,8,8,25
03/01/2019,FOE,KS,ACE,CE,Federal Contract Tower,14,0,5,9,28,0,0,5,1,6,14,0,10,10,34,0,12,12,46
03/02/2019,FOE,KS,ACE,CE,Federal Contract Tower,8,1,0,3,12,0,0,5,0,5,8,1,5,3,17,8,0,8,25
03/03/2019,FOE,KS,ACE,CE,Federal Contract Tower,5,2,0,0,7,0,0,0,0,0,5,2,0,0,7,0,0,0,7
03/04/2019,FOE,KS,ACE,CE,Federal Contract Tower,0,3,6,14,23,0,0,5,0,5,0,3,11,14,28,0,28,28,56
03/05/2019,FOE,KS,ACE,CE,Federal Contract Tower,2,1,7,24,34,0,0,0,6,6,2,1,7,30,40,0,8,8,48
03/06/2019,FOE,KS,ACE,CE,Federal Contract Tower,0,0,10,8,18,0,0,0,0,0,0,0,10,8,18,0,6,6,24
03/07/2019,FOE,KS,ACE,CE,Federal Contract Tower,0,1,7,13,21,0,0,6,0,6,0,1,13,13,27,0,38,38,65
03/08/2019,FOE,KS,ACE,CE,Federal Contract Tower,2,2,8,3,15,0,0,0,0,0,2,2,8,3,15,0,0,0,15
03/09/2019,FOE,KS,ACE,CE,Federal Contract Tower,0,2,3,0,5,0,0,2,9,11,0,2,5,9,16,0,35,35,51
03/10/2019,FOE,KS,ACE,CE,Federal Contract Tower,0,0,5,9,14,0,0,17,3,20,0,0,22,12,34,18,8,26,60
03/11/2019,FOE,KS,ACE,CE,Federal Contract Tower,0,0,3,25,28,0,0,6,0,6,0,0,9,25,34,16,40,56,90
03/12/2019,FOE,KS,ACE,CE,Federal Contract Tower,0,0,3,1,4,0,0,0,0,0,0,0,3,1,4,0,0,0,4
03/13/2019,FOE,KS,ACE,CE,Federal Contract Tower,0,0,4,2,6,0,0,0,0,0,0,0,4,2,6,0,0,0,6
03/14/2019,FOE,KS,ACE,CE,Federal Contract Tower,0,0,5,6,11,0,0,0,0,0,0,0,5,6,11,0,0,0,11
03/15/2019,FOE,KS,ACE,CE,Federal Contract Tower,0,0,16,16,32,0,0,7,10,17,0,0,23,26,49,16,152,168,217
03/16/2019,FOE,KS,ACE,CE,Federal Contract Tower,0,0,8,0,8,0,0,3,1,4,0,0,11,1,12,10,20,30,42
03/17/2019,FOE,KS,ACE,CE,Federal Contract Tower,1,0,0,3,4,0,0,0,0,0,1,0,0,3,4,6,0,6,10
03/18/2019,FOE,KS,ACE,CE,Federal Contract Tower,0,0,4,10,14,0,0,7,1,8,0,0,11,11,22,0,6,6,28
03/19/2019,FOE,KS,ACE,CE,Federal Contract Tower,1,1,11,14,27,0,0,3,2,5,1,1,14,16,32,0,30,30,62
03/20/2019,FOE,KS,ACE,CE,Federal Contract Tower,0,0,15,29,44,0,0,1,0,1,0,0,16,29,45,10,24,34,79
03/21/2019,FOE,KS,ACE,CE,Federal Contract Tower,0,0,3,15,18,0,1,5,2,8,0,1,8,17,26,0,32,32,58
03/22/2019,FOE,KS,ACE,CE,Federal Contract Tower,0,0,10,12,22,0,0,7,7,14,0,0,17,19,36,12,23,35,71
03/23/2019,FOE,KS,ACE,CE,Federal Contract Tower,0,0,4,1,5,0,0,0,0,0,0,0,4,1,5,0,0,0,5
03/24/2019,FOE,KS,ACE,CE,Federal Contract Tower,0,1,3,1,5,0,0,4,0,4,0,1,7,1,9,0,0,0,9
03/25/2019,FOE,KS,ACE,CE,Federal Contract Tower,0,0,7,37,44,0,0,1,2,3,0,0,8,39,47,0,8,8,55
03/26/2019,FOE,KS,ACE,CE,Federal Contract Tower,2,0,10,23,35,0,0,13,13,26,2,0,23,36,61,4,38,42,103
03/27/2019,FOE,KS,ACE,CE,Federal Contract Tower,7,0,13,20,40,0,0,1,0,1,7,0,14,20,41,6,0,6,47
03/28/2019,FOE,KS,ACE,CE,Federal Contract Tower,6,0,8,9,23,0,0,2,0,2,6,0,10,9,25,0,20,20,45
03/29/2019,FOE,KS,ACE,CE,Federal Contract Tower,9,0,3,0,12,0,0,0,0,0,9,0,3,0,12,0,0,0,12
03/30/2019,FOE,KS,ACE,CE,Federal Contract Tower,8,1,2,0,11,0,0,0,0,0,8,1,2,0,11,0,0,0,11
03/31/2019,FOE,KS,ACE,CE,Federal Contract Tower,2,1,4,0,7,0,0,5,0,5,2,1,9,0,12,4,0,4,16
04/01/2019,FOE,KS,ACE,CE,Federal Contract Tower,0,1,6,20,27,0,0,3,0,3,0,1,9,20,30,0,24,24,54
04/02/2019,FOE,KS,ACE,CE,Federal Contract Tower,0,0,6,36,42,0,1,8,7,16,0,1,14,43,58,4,28,32,90
04/03/2019,FOE,KS,ACE,CE,Federal Contract Tower,0,0,10,29,39,0,0,13,4,17,0,0,23,33,56,8,56,64,120
04/04/2019,FOE,KS,ACE,CE,Federal Contract Tower,0,0,4,39,43,0,0,0,0,0,0,0,4,39,43,0,0,0,43
04/05/2019,FOE,KS,ACE,CE,Federal Contract Tower,0,0,9,15,24,0,0,5,4,9,0,0,14,19,33,20,6,26,59
04/07/2019,FOE,KS,ACE,CE,Federal Contract Tower,0,0,2,6,8,0,0,0,0,0,0,0,2,6,8,0,0,0,8
04/08/2019,FOE,KS,ACE,CE,Federal Contract Tower,0,0,7,44,51,0,2,8,3,13,0,2,15,47,64,2,86,88,152
04/09/2019,FOE,KS,ACE,CE,Federal Contract Tower,0,0,4,18,22,0,0,14,11,25,0,0,18,29,47,0,42,42,89
04/10/2019,FOE,KS,ACE,CE,Federal Contract Tower,0,0,4,2,6,0,0,1,0,1,0,0,5,2,7,0,0,0,7
04/11/2019,FOE,KS,ACE,CE,Federal Contract Tower,0,0,3,4,7,0,0,1,0,1,0,0,4,4,8,0,0,0,8
04/12/2019,FOE,KS,ACE,CE,Federal Contract Tower,0,0,1,8,9,0,0,3,3,6,0,0,4,11,15,0,0,0,15
04/13/2019,FOE,KS,ACE,CE,Federal Contract Tower,0,0,9,5,14,0,0,4,0,4,0,0,13,5,18,0,0,0,18
04/14/2019,FOE,KS,ACE,CE,Federal Contract Tower,0,0,3,0,3,0,0,9,0,9,0,0,12,0,12,0,0,0,12
04/15/2019,FOE,KS,ACE,CE,Federal Contract Tower,0,2,10,11,23,0,0,12,0,12,0,2,22,11,35,4,6,10,45
04/16/2019,FOE,KS,ACE,CE,Federal Contract Tower,0,4,9,14,27,0,0,13,8,21,0,4,22,22,48,2,4,6,54
04/17/2019,FOE,KS,ACE,CE,Federal Contract Tower,2,0,7,45,54,0,0,3,3,6,2,0,10,48,60,0,96,96,156
04/18/2019,FOE,KS,ACE,CE,Federal Contract Tower,0,0,7,21,28,0,0,2,6,8,0,0,9,27,36,0,14,14,50
04/19/2019,FOE,KS,ACE,CE,Federal Contract Tower,0,0,4,5,9,0,0,14,5,19,0,0,18,10,28,14,12,26,54
04/20/2019,FOE,KS,ACE,CE,Federal Contract Tower,0,0,3,0,3,0,0,8,0,8,0,0,11,0,11,0,0,0,11
04/21/2019,FOE,KS,ACE,CE,Federal Contract Tower,0,0,1,0,1,0,0,1,0,1,0,0,2,0,2,0,0,0,2
04/22/2019,FOE,KS,ACE,CE,Federal Contract Tower,0,4,13,33,50,0,0,8,0,8,0,4,21,33,58,24,34,58,116
04/23/2019,FOE,KS,ACE,CE,Federal Contract Tower,0,0,11,28,39,0,0,3,2,5,0,0,14,30,44,0,8,8,52
04/24/2019,FOE,KS,ACE,CE,Federal Contract Tower,0,0,8,16,24,0,0,2,7,9,0,0,10,23,33,0,30,30,63
04/25/2019,FOE,KS,ACE,CE,Federal Contract Tower,0,6,8,26,40,0,0,9,13,22,0,6,17,39,62,8,60,68,130
04/26/2019,FOE,KS,ACE,CE,Federal Contract Tower,0,4,8,20,32,0,2,7,0,9,0,6,15,20,41,10,0,10,51
04/27/2019,FOE,KS,ACE,CE,Federal Contract Tower,0,0,8,1,9,0,0,0,0,0,0,0,8,1,9,0,0,0,9
04/28/2019,FOE,KS,ACE,CE,Federal Contract Tower,0,0,7,0,7,0,0,0,0,0,0,0,7,0,7,0,0,0,7
04/29/2019,FOE,KS,ACE,CE,Federal Contract Tower,0,0,0,23,23,0,0,2,0,2,0,0,2,23,25,0,16,16,41
04/30/2019,FOE,KS,ACE,CE,Federal Contract Tower,0,0,5,0,5,0,0,0,0,0,0,0,5,0,5,0,0,0,5
05/01/2019,FOE,KS,ACE,CE,Federal Contract Tower,0,0,7,12,19,0,0,0,0,0,0,0,7,12,19,0,0,0,19
05/02/2019,FOE,KS,ACE,CE,Federal Contract Tower,0,1,4,17,22,0,0,4,0,4,0,1,8,17,26,0,52,52,78
05/03/2019,FOE,KS,ACE,CE,Federal Contract Tower,0,0,5,12,17,0,0,4,19,23,0,0,9,31,40,0,0,0,40
05/04/2019,FOE,KS,ACE,CE,Federal Contract Tower,0,0,0,9,9,0,0,7,16,23,0,0,7,25,32,0,0,0,32
05/05/2019,FOE,KS,ACE,CE,Federal Contract Tower,0,1,6,0,7,0,0,7,0,7,0,1,13,0,14,0,0,0,14
05/06/2019,FOE,KS,ACE,CE,Federal Contract Tower,0,9,7,24,40,0,0,14,3,17,0,9,21,27,57,4,46,50,107
05/07/2019,FOE,KS,ACE,CE,Federal Contract Tower,0,2,2,16,20,0,0,0,0,0,0,2,2,16,20,0,0,0,20
05/08/2019,FOE,KS,ACE,CE,Federal Contract Tower,2,1,8,14,25,0,0,0,0,0,2,1,8,14,25,0,10,10,35
05/09/2019,FOE,KS,ACE,CE,Federal Contract Tower,0,0,8,14,22,0,0,1,5,6,0,0,9,19,28,0,0,0,28
05/10/2019,FOE,KS,ACE,CE,Federal Contract Tower,0,0,5,38,43,0,0,7,1,8,0,0,12,39,51,0,20,20,71
05/11/2019,FOE,KS,ACE,CE,Federal Contract Tower,2,3,1,18,24,0,0,3,5,8,2,3,4,23,32,0,26,26,58
05/12/2019,FOE,KS,ACE,CE,Federal Contract Tower,0,0,4,2,6,0,0,3,0,3,0,0,7,2,9,2,0,2,11
05/13/2019,FOE,KS,ACE,CE,Federal Contract Tower,0,0,12,5,17,0,0,8,0,8,0,0,20,5,25,4,0,4,29
05/14/2019,FOE,KS,ACE,CE,Federal Contract Tower,0,1,4,7,12,0,0,7,1,8,0,1,11,8,20,0,0,0,20
05/15/2019,FOE,KS,ACE,CE,Federal Contract Tower,0,0,10,14,24,0,0,3,0,3,0,0,13,14,27,0,4,4,31
05/16/2019,FOE,KS,ACE,CE,Federal Contract Tower,0,0,14,5,19,0,0,0,0,0,0,0,14,5,19,0,14,14,33
05/17/2019,FOE,KS,ACE,CE,Federal Contract Tower,0,0,8,37,45,0,0,3,3,6,0,0,11,40,51,0,56,56,107
05/18/2019,FOE,KS,ACE,CE,Federal Contract Tower,0,0,0,4,4,0,0,0,0,0,0,0,0,4,4,0,0,0,4
05/19/2019,FOE,KS,ACE,CE,Federal Contract Tower,0,2,4,0,6,0,0,3,0,3,0,2,7,0,9,0,0,0,9
05/20/2019,FOE,KS,ACE,CE,Federal Contract Tower,0,2,11,2,15,0,0,3,0,3,0,2,14,2,18,0,0,0,18
05/21/2019,FOE,KS,ACE,CE,Federal Contract Tower,0,5,4,2,11,0,0,0,0,0,0,5,4,2,11,0,0,0,11
05/22/2019,FOE,KS,ACE,CE,Federal Contract Tower,0,2,12,17,31,0,0,4,1,5,0,2,16,18,36,0,8,8,44
05/23/2019,FOE,KS,ACE,CE,Federal Contract Tower,0,2,13,6,21,0,0,0,0,0,0,2,13,6,21,0,4,4,25
05/24/2019,FOE,KS,ACE,CE,Federal Contract Tower,0,0,9,2,11,0,0,0,0,0,0,0,9,2,11,0,0,0,11
05/25/2019,FOE,KS,ACE,CE,Federal Contract Tower,0,0,1,0,1,0,0,2,0,2,0,0,3,0,3,6,0,6,9
05/26/2019,FOE,KS,ACE,CE,Federal Contract Tower,0,0,1,0,1,0,0,6,0,6,0,0,7,0,7,0,0,0,7
05/27/2019,FOE,KS,ACE,CE,Federal Contract Tower,2,0,9,0,11,0,0,12,0,12,2,0,21,0,23,6,0,6,29
05/28/2019,FOE,KS,ACE,CE,Federal Contract Tower,0,0,10,5,15,0,0,1,3,4,0,0,11,8,19,0,0,0,19
05/29/2019,FOE,KS,ACE,CE,Federal Contract Tower,0,1,9,24,34,0,4,12,6,22,0,5,21,30,56,4,8,12,68
05/30/2019,FOE,KS,ACE,CE,Federal Contract Tower,0,0,5,21,26,0,6,18,3,27,0,6,23,24,53,18,30,48,101
05/31/2019,FOE,KS,ACE,CE,Federal Contract Tower,0,2,9,11,22,0,0,4,3,7,0,2,13,14,29,0,20,20,49
06/01/2019,FOE,KS,ACE,CE,Federal Contract Tower,0,0,2,15,17,0,0,12,1,13,0,0,14,16,30,0,12,12,42
06/02/2019,FOE,KS,ACE,CE,Federal Contract Tower,0,0,5,14,19,0,0,8,5,13,0,0,13,19,32,0,0,0,32
06/03/2019,FOE,KS,ACE,CE,Federal Contract Tower,0,0,5,33,38,0,0,14,6,20,0,0,19,39,58,0,59,59,117
06/04/2019,FOE,KS,ACE,CE,Federal Contract Tower,0,1,6,10,17,0,0,9,6,15,0,1,15,16,32,0,32,32,64
06/07/2019,FOE,KS,ACE,CE,Federal Contract Tower,0,2,4,34,40,0,0,13,7,20,0,2,17,41,60,8,72,80,140
06/08/2019,FOE,KS,ACE,CE,Federal Contract Tower,0,2,7,2,11,0,0,20,0,20,0,2,27,2,31,0,0,0,31
06/09/2019,FOE,KS,ACE,CE,Federal Contract Tower,0,2,18,0,20,0,0,19,4,23,0,2,37,4,43,0,6,6,49
06/10/2019,FOE,KS,ACE,CE,Federal Contract Tower,0,0,14,31,45,0,4,20,6,30,0,4,34,37,75,10,56,66,141
06/11/2019,FOE,KS,ACE,CE,Federal Contract Tower,0,3,18,4,25,0,0,30,8,38,0,3,48,12,63,0,20,20,83
06/13/2019,FOE,KS,ACE,CE,Federal Contract Tower,0,0,6,35,41,0,0,4,2,6,0,0,10,37,47,0,30,30,77
06/14/2019,FOE,KS,ACE,CE,Federal Contract Tower,0,2,10,5,17,0,0,2,0,2,0,2,12,5,19,4,0,4,23
06/15/2019,FOE,KS,ACE,CE,Federal Contract Tower,0,0,4,0,4,0,0,5,0,5,0,0,9,0,9,0,0,0,9
06/16/2019,FOE,KS,ACE,CE,Federal Contract Tower,0,0,7,1,8,0,0,3,0,3,0,0,10,1,11,0,0,0,11
06/17/2019,FOE,KS,ACE,CE,Federal Contract Tower,0,0,9,45,54,0,0,10,4,14,0,0,19,49,68,6,50,56,124
06/18/2019,FOE,KS,ACE,CE,Federal Contract Tower,0,2,7,22,31,0,0,2,8,10,0,2,9,30,41,0,28,28,69
06/19/2019,FOE,KS,ACE,CE,Federal Contract Tower,2,0,11,18,31,0,0,3,0,3,2,0,14,18,34,4,12,16,50
06/20/2019,FOE,KS,ACE,CE,Federal Contract Tower,0,0,6,25,31,0,0,3,0,3,0,0,9,25,34,0,8,8,42
06/21/2019,FOE,KS,ACE,CE,Federal Contract Tower,0,0,4,22,26,0,0,3,0,3,0,0,7,22,29,6,0,6,35
06/23/2019,FOE,KS,ACE,CE,Federal Contract Tower,0,0,3,1,4,0,0,0,0,0,0,0,3,1,4,0,0,0,4
06/24/2019,FOE,KS,ACE,CE,Federal Contract Tower,0,0,11,38,49,0,2,12,1,15,0,2,23,39,64,6,68,74,138
06/25/2019,FOE,KS,ACE,CE,Federal Contract Tower,0,0,3,46,49,0,0,9,15,24,0,0,12,61,73,4,66,70,143
06/26/2019,FOE,KS,ACE,CE,Federal Contract Tower,0,0,11,7,18,0,0,7,2,9,0,0,18,9,27,0,1,1,28
06/27/2019,FOE,KS,ACE,CE,Federal Contract Tower,0,0,8,15,23,0,0,4,3,7,0,0,12,18,30,0,14,14,44
06/28/2019,FOE,KS,ACE,CE,Federal Contract Tower,0,0,4,5,9,0,0,15,11,26,0,0,19,16,35,0,9,9,44
06/29/2019,FOE,KS,ACE,CE,Federal Contract Tower,0,0,9,3,12,0,0,3,0,3,0,0,12,3,15,0,0,0,15
06/30/2019,FOE,KS,ACE,CE,Federal Contract Tower,0,0,4,0,4,0,0,14,11,25,0,0,18,11,29,6,0,6,35
07/01/2019,FOE,KS,ACE,CE,Federal Contract Tower,0,0,4,11,15,0,0,12,9,21,0,0,16,20,36,0,44,44,80
07/02/2019,FOE,KS,ACE,CE,Federal Contract Tower,0,0,5,10,15,0,0,16,9,25,0,0,21,19,40,0,26,26,66
07/03/2019,FOE,KS,ACE,CE,Federal Contract Tower,0,2,2,7,11,0,0,2,3,5,0,2,4,10,16,0,30,30,46
07/04/2019,FOE,KS,ACE,CE,Federal Contract Tower,0,0,1,0,1,0,0,0,0,0,0,0,1,0,1,0,0,0,1
07/05/2019,FOE,KS,ACE,CE,Federal Contract Tower,2,0,4,0,6,0,0,15,0,15,2,0,19,0,21,0,0,0,21
07/06/2019,FOE,KS,ACE,CE,Federal Contract Tower,0,0,0,2,2,0,0,17,0,17,0,0,17,2,19,0,0,0,19
07/07/2019,FOE,KS,ACE,CE,Federal Contract Tower,0,0,0,0,0,0,0,19,0,19,0,0,19,0,19,0,0,0,19
07/08/2019,FOE,KS,ACE,CE,Federal Contract Tower,2,0,9,3,14,0,0,4,2,6,2,0,13,5,20,0,14,14,34
07/09/2019,FOE,KS,ACE,CE,Federal Contract Tower,0,0,7,15,22,0,2,5,5,12,0,2,12,20,34,0,70,70,104
07/10/2019,FOE,KS,ACE,CE,Federal Contract Tower,0,0,11,9,20,0,0,0,0,0,0,0,11,9,20,0,10,10,30
07/11/2019,FOE,KS,ACE,CE,Federal Contract Tower,0,0,7,14,21,0,0,3,2,5,0,0,10,16,26,0,28,28,54
07/12/2019,FOE,KS,ACE,CE,Federal Contract Tower,0,0,11,33,44,0,0,16,1,17,0,0,27,34,61,0,44,44,105
07/13/2019,FOE,KS,ACE,CE,Federal Contract Tower,0,0,8,16,24,0,2,11,0,13,0,2,19,16,37,0,14,14,51
07/14/2019,FOE,KS,ACE,CE,Federal Contract Tower,0,4,8,16,28,0,0,8,0,8,0,4,16,16,36,0,0,0,36
07/15/2019,FOE,KS,ACE,CE,Federal Contract Tower,0,1,8,36,45,0,0,8,3,11,0,1,16,39,56,0,46,46,102
07/16/2019,FOE,KS,ACE,CE,Federal Contract Tower,0,0,12,22,34,0,0,7,10,17,0,0,19,32,51,0,34,34,85
07/17/2019,FOE,KS,ACE,CE,Federal Contract Tower,0,0,12,11,23,0,0,8,8,16,0,0,20,19,39,0,4,4,43
07/18/2019,FOE,KS,ACE,CE,Federal Contract Tower,0,1,11,7,19,0,0,5,5,10,0,1,16,12,29,0,30,30,59
07/21/2019,FOE,KS,ACE,CE,Federal Contract Tower,0,0,0,3,3,0,0,7,0,7,0,0,7,3,10,0,0,0,10
07/22/2019,FOE,KS,ACE,CE,Federal Contract Tower,0,3,16,12,31,0,0,11,6,17,0,3,27,18,48,0,28,28,76
07/23/2019,FOE,KS,ACE,CE,Federal Contract Tower,0,0,5,6,11,0,0,10,2,12,0,0,15,8,23,0,18,18,41
07/24/2019,FOE,KS,ACE,CE,Federal Contract Tower,0,0,9,15,24,0,0,7,7,14,0,0,16,22,38,8,48,56,94
07/25/2019,FOE,KS,ACE,CE,Federal Contract Tower,0,1,5,8,14,0,3,4,2,9,0,4,9,10,23,0,18,18,41
07/28/2019,FOE,KS,ACE,CE,Federal Contract Tower,0,0,3,13,16,0,0,11,2,13,0,0,14,15,29,0,0,0,29
07/29/2019,FOE,KS,ACE,CE,Federal Contract Tower,0,0,4,46,50,0,2,2,8,12,0,2,6,54,62,0,76,76,138
07/30/2019,FOE,KS,ACE,CE,Federal Contract Tower,0,0,15,25,40,0,3,4,2,9,0,3,19,27,49,0,20,20,69
07/31/2019,FOE,KS,ACE,CE,Federal Contract Tower,0,1,7,0,8,0,0,4,2,6,0,1,11,2,14,0,0,0,14
08/01/2019,FOE,KS,ACE,CE,Federal Contract Tower,0,2,4,14,20,0,0,5,8,13,0,2,9,22,33,0,30,30,63
08/04/2019,FOE,KS,ACE,CE,Federal Contract Tower,0,3,7,3,13,0,0,4,0,4,0,3,11,3,17,0,0,0,17
08/05/2019,FOE,KS,ACE,CE,Federal Contract Tower,0,0,5,8,13,0,0,18,4,22,0,0,23,12,35,0,14,14,49
08/06/2019,FOE,KS,ACE,CE,Federal Contract Tower,0,1,7,34,42,0,0,8,16,24,0,1,15,50,66,0,36,36,102
08/07/2019,FOE,KS,ACE,CE,Federal Contract Tower,0,2,12,3,17,0,0,3,2,5,0,2,15,5,22,0,0,0,22
08/08/2019,FOE,KS,ACE,CE,Federal Contract Tower,0,3,5,2,10,0,1,2,1,4,0,4,7,3,14,0,0,0,14
08/11/2019,FOE,KS,ACE,CE,Federal Contract Tower,0,0,3,2,5,0,5,8,0,13,0,5,11,2,18,0,0,0,18
08/12/2019,FOE,KS,ACE,CE,Federal Contract Tower,0,0,2,13,15,0,0,8,2,10,0,0,10,15,25,8,34,42,67
08/13/2019,FOE,KS,ACE,CE,Federal Contract Tower,0,4,4,32,40,0,0,3,19,22,0,4,7,51,62,0,36,36,98
08/14/2019,FOE,KS,ACE,CE,Federal Contract Tower,0,0,15,30,45,0,0,1,9,10,0,0,16,39,55,0,54,54,109
08/15/2019,FOE,KS,ACE,CE,Federal Contract Tower,0,4,3,17,24,0,0,3,4,7,0,4,6,21,31,0,34,34,65
08/18/2019,FOE,KS,ACE,CE,Federal Contract Tower,0,0,1,4,5,0,0,5,0,5,0,0,6,4,10,0,0,0,10
08/19/2019,FOE,KS,ACE,CE,Federal Contract Tower,0,0,3,16,19,0,0,0,7,7,0,0,3,23,26,0,42,42,68
08/20/2019,FOE,KS,ACE,CE,Federal Contract Tower,0,0,9,17,26,0,0,16,2,18,0,0,25,19,44,12,0,12,56
08/21/2019,FOE,KS,ACE,CE,Federal Contract Tower,0,0,10,6,16,0,0,2,2,4,0,0,12,8,20,0,6,6,26
08/22/2019,FOE,KS,ACE,CE,Federal Contract Tower,0,0,6,15,21,0,0,8,3,11,0,0,14,18,32,0,12,12,44
08/23/2019,FOE,KS,ACE,CE,Federal Contract Tower,0,0,18,33,51,0,0,7,16,23,0,0,25,49,74,0,71,71,145
08/24/2019,FOE,KS,ACE,CE,Federal Contract Tower,0,0,0,0,0,0,0,7,0,7,0,0,7,0,7,0,0,0,7
08/25/2019,FOE,KS,ACE,CE,Federal Contract Tower,0,0,4,8,12,0,2,3,0,5,0,2,7,8,17,0,0,0,17
08/26/2019,FOE,KS,ACE,CE,Federal Contract Tower,0,0,9,11,20,0,0,2,0,2,0,0,11,11,22,0,0,0,22
08/27/2019,FOE,KS,ACE,CE,Federal Contract Tower,0,0,5,18,23,0,0,19,13,32,0,0,24,31,55,6,22,28,83
08/28/2019,FOE,KS,ACE,CE,Federal Contract Tower,0,0,8,26,34,0,2,11,10,23,0,2,19,36,57,12,2,14,71
08/29/2019,FOE,KS,ACE,CE,Federal Contract Tower,0,0,13,14,27,0,0,6,14,20,0,0,19,28,47,4,22,26,73
08/30/2019,FOE,KS,ACE,CE,Federal Contract Tower,2,0,8,2,12,0,0,0,0,0,2,0,8,2,12,0,0,0,12
08/31/2019,FOE,KS,ACE,CE,Federal Contract Tower,2,0,0,0,2,0,0,0,0,0,2,0,0,0,2,0,0,0,2
09/01/2019,FOE,KS,ACE,CE,Federal Contract Tower,2,0,4,0,6,0,0,0,0,0,2,0,4,0,6,0,0,0,6
09/02/2019,FOE,KS,ACE,CE,Federal Contract Tower,0,0,1,0,1,0,0,20,0,20,0,0,21,0,21,14,0,14,35
09/03/2019,FOE,KS,ACE,CE,Federal Contract Tower,0,3,3,8,14,0,0,5,14,19,0,3,8,22,33,0,30,30,63
09/04/2019,FOE,KS,ACE,CE,Federal Contract Tower,2,2,3,19,26,0,0,8,14,22,2,2,11,33,48,10,24,34,82
09/05/2019,FOE,KS,ACE,CE,Federal Contract Tower,0,0,2,6,8,0,2,5,18,25,0,2,7,24,33,0,4,4,37
09/06/2019,FOE,KS,ACE,CE,Federal Contract Tower,0,2,3,9,14,0,0,7,4,11,0,2,10,13,25,0,16,16,41
09/07/2019,FOE,KS,ACE,CE,Federal Contract Tower,1,1,2,4,8,0,0,10,9,19,1,1,12,13,27,0,30,30,57
09/08/2019,FOE,KS,ACE,CE,Federal Contract Tower,0,0,2,14,16,0,0,6,2,8,0,0,8,16,24,0,56,56,80
09/09/2019,FOE,KS,ACE,CE,Federal Contract Tower,0,0,5,5,10,0,2,3,6,11,0,2,8,11,21,0,0,0,21
09/10/2019,FOE,KS,ACE,CE,Federal Contract Tower,0,2,3,6,11,0,0,7,6,13,0,2,10,12,24,10,4,14,38
09/11/2019,FOE,KS,ACE,CE,Federal Contract Tower,2,0,15,4,21,0,0,10,2,12,2,0,25,6,33,4,2,6,39
09/12/2019,FOE,KS,ACE,CE,Federal Contract Tower,2,0,5,2,9,0,0,0,0,0,2,0,5,2,9,0,0,0,9
09/13/2019,FOE,KS,ACE,CE,Federal Contract Tower,0,0,5,33,38,0,0,28,0,28,0,0,33,33,66,10,28,38,104
09/14/2019,FOE,KS,ACE,CE,Federal Contract Tower,0,0,1,4,5,0,0,97,10,107,0,0,98,14,112,14,39,53,165
09/15/2019,FOE,KS,ACE,CE,Federal Contract Tower,0,0,7,2,9,0,0,61,1,62,0,0,68,3,71,0,0,0,71
09/16/2019,FOE,KS,ACE,CE,Federal Contract Tower,2,0,5,19,26,0,0,18,5,23,2,0,23,24,49,0,2,2,51
09/17/2019,FOE,KS,ACE,CE,Federal Contract Tower,0,0,7,37,44,0,0,15,12,27,0,0,22,49,71,16,30,46,117
09/18/2019,FOE,KS,ACE,CE,Federal Contract Tower,0,0,7,11,18,0,0,9,5,14,0,0,16,16,32,0,0,0,32
09/19/2019,FOE,KS,ACE,CE,Federal Contract Tower,0,0,11,14,25,0,0,7,0,7,0,0,18,14,32,0,22,22,54
09/20/2019,FOE,KS,ACE,CE,Federal Contract Tower,0,0,9,20,29,0,0,2,5,7,0,0,11,25,36,0,10,10,46
09/21/2019,FOE,KS,ACE,CE,Federal Contract Tower,2,0,5,3,10,0,0,2,0,2,2,0,7,3,12,0,0,0,12
09/22/2019,FOE,KS,ACE,CE,Federal Contract Tower,0,0,7,6,13,0,0,2,0,2,0,0,9,6,15,0,0,0,15
09/23/2019,FOE,KS,ACE,CE,Federal Contract Tower,0,2,1,14,17,0,0,11,1,12,0,2,12,15,29,0,70,70,99
09/24/2019,FOE,KS,ACE,CE,Federal Contract Tower,0,0,6,26,32,0,0,3,2,5,0,0,9,28,37,6,16,22,59
09/25/2019,FOE,KS,ACE,CE,Federal Contract Tower,0,6,5,8,19,0,0,0,0,0,0,6,5,8,19,0,0,0,19
09/26/2019,FOE,KS,ACE,CE,Federal Contract Tower,0,0,7,13,20,0,0,3,8,11,0,0,10,21,31,0,38,38,69
09/27/2019,FOE,KS,ACE,CE,Federal Contract Tower,2,0,2,4,8,0,0,2,4,6,2,0,4,8,14,2,0,2,16
09/28/2019,FOE,KS,ACE,CE,Federal Contract Tower,2,2,6,0,10,0,0,0,0,0,2,2,6,0,10,0,0,0,10
09/29/2019,FOE,KS,ACE,CE,Federal Contract Tower,0,0,1,0,1,0,0,44,0,44,0,0,45,0,45,0,0,0,45
09/30/2019,FOE,KS,ACE,CE,Federal Contract Tower,0,2,6,23,31,0,0,9,2,11,0,2,15,25,42,6,0,6,48
10/01/2019,FOE,KS,ACE,CE,Federal Contract Tower,1,1,7,7,16,0,0,17,1,18,1,1,24,8,34,0,0,0,34
10/02/2019,FOE,KS,ACE,CE,Federal Contract Tower,1,0,9,11,21,0,0,0,0,0,1,0,9,11,21,0,16,16,37
10/03/2019,FOE,KS,ACE,CE,Federal Contract Tower,2,0,12,2,16,0,0,0,0,0,2,0,12,2,16,0,0,0,16
10/04/2019,FOE,KS,ACE,CE,Federal Contract Tower,0,0,9,18,27,0,0,0,4,4,0,0,9,22,31,12,24,36,67
10/05/2019,FOE,KS,ACE,CE,Federal Contract Tower,2,0,4,19,25,0,0,1,4,5,2,0,5,23,30,0,14,14,44
10/06/2019,FOE,KS,ACE,CE,Federal Contract Tower,1,3,4,3,11,0,0,2,0,2,1,3,6,3,13,0,0,0,13
10/07/2019,FOE,KS,ACE,CE,Federal Contract Tower,2,0,4,9,15,0,0,10,7,17,2,0,14,16,32,2,26,28,60
10/08/2019,FOE,KS,ACE,CE,Federal Contract Tower,0,0,7,13,20,0,0,21,8,29,0,0,28,21,49,8,20,28,77
10/09/2019,FOE,KS,ACE,CE,Federal Contract Tower,0,0,14,3,17,0,0,0,0,0,0,0,14,3,17,20,10,30,47
10/10/2019,FOE,KS,ACE,CE,Federal Contract Tower,0,2,4,2,8,0,1,0,6,7,0,3,4,8,15,0,22,22,37
10/11/2019,FOE,KS,ACE,CE,Federal Contract Tower,0,0,6,10,16,0,0,9,20,29,0,0,15,30,45,0,0,0,45
10/12/2019,FOE,KS,ACE,CE,Federal Contract Tower,0,0,7,0,7,0,0,15,0,15,0,0,22,0,22,0,4,4,26
10/13/2019,FOE,KS,ACE,CE,Federal Contract Tower,1,0,1,1,3,0,0,12,0,12,1,0,13,1,15,0,0,0,15
10/14/2019,FOE,KS,ACE,CE,Federal Contract Tower,0,4,12,5,21,0,1,11,5,17,0,5,23,10,38,0,0,0,38
10/15/2019,FOE,KS,ACE,CE,Federal Contract Tower,0,0,9,26,35,0,0,8,13,21,0,0,17,39,56,2,18,20,76
10/16/2019,FOE,KS,ACE,CE,Federal Contract Tower,4,0,16,18,38,0,0,5,4,9,4,0,21,22,47,0,34,34,81
10/17/2019,FOE,KS,ACE,CE,Federal Contract Tower,2,0,11,13,26,0,0,8,40,48,2,0,19,53,74,2,60,62,136
10/18/2019,FOE,KS,ACE,CE,Federal Contract Tower,2,0,5,8,15,0,0,2,58,60,2,0,7,66,75,0,8,8,83
10/19/2019,FOE,KS,ACE,CE,Federal Contract Tower,1,0,4,0,5,0,0,12,12,24,1,0,16,12,29,24,0,24,53
10/20/2019,FOE,KS,ACE,CE,Federal Contract Tower,1,0,5,23,29,0,0,1,0,1,1,0,6,23,30,0,20,20,50
10/21/2019,FOE,KS,ACE,CE,Federal Contract Tower,0,2,6,15,23,0,0,0,20,20,0,2,6,35,43,0,0,0,43
10/22/2019,FOE,KS,ACE,CE,Federal Contract Tower,0,0,3,28,31,0,0,4,16,20,0,0,7,44,51,0,36,36,87
10/23/2019,FOE,KS,ACE,CE,Federal Contract Tower,0,1,10,17,28,0,0,9,15,24,0,1,19,32,52,0,46,46,98
10/24/2019,FOE,KS,ACE,CE,Federal Contract Tower,0,2,8,39,49,0,0,0,19,19,0,2,8,58,68,0,48,48,116
10/25/2019,FOE,KS,ACE,CE,Federal Contract Tower,2,2,8,11,23,0,0,10,2,12,2,2,18,13,35,0,0,0,35
10/26/2019,FOE,KS,ACE,CE,Federal Contract Tower,1,0,2,2,5,0,0,18,0,18,1,0,20,2,23,0,0,0,23
10/27/2019,FOE,KS,ACE,CE,Federal Contract Tower,2,3,7,4,16,0,0,6,0,6,2,3,13,4,22,0,0,0,22
10/28/2019,FOE,KS,ACE,CE,Federal Contract Tower,2,0,4,23,29,0,0,3,1,4,2,0,7,24,33,0,4,4,37
10/29/2019,FOE,KS,ACE,CE,Federal Contract Tower,5,2,3,1,11,0,1,2,2,5,5,3,5,3,16,0,0,0,16
10/30/2019,FOE,KS,ACE,CE,Federal Contract Tower,4,1,7,0,12,0,0,6,0,6,4,1,13,0,18,0,0,0,18
10/31/2019,FOE,KS,ACE,CE,Federal Contract Tower,1,0,2,1,4,0,0,2,0,2,1,0,4,1,6,0,0,0,6
11/01/2019,FOE,KS,ACE,CE,Federal Contract Tower,1,2,7,14,24,0,0,13,12,25,1,2,20,26,49,0,46,46,95
11/02/2019,FOE,KS,ACE,CE,Federal Contract Tower,2,0,3,12,17,0,0,0,2,2,2,0,3,14,19,0,0,0,19
11/03/2019,FOE,KS,ACE,CE,Federal Contract Tower,0,0,1,0,1,0,0,3,0,3,0,0,4,0,4,0,0,0,4
11/04/2019,FOE,KS,ACE,CE,Federal Contract Tower,2,4,8,19,33,0,0,9,3,12,2,4,17,22,45,0,16,16,61
11/05/2019,FOE,KS,ACE,CE,Federal Contract Tower,3,0,11,17,31,0,0,9,3,12,3,0,20,20,43,0,36,36,79
11/06/2019,FOE,KS,ACE,CE,Federal Contract Tower,2,3,8,19,32,0,0,8,6,14,2,3,16,25,46,0,36,36,82
11/07/2019,FOE,KS,ACE,CE,Federal Contract Tower,0,1,7,27,35,0,0,11,16,27,0,1,18,43,62,0,78,78,140
11/08/2019,FOE,KS,ACE,CE,Federal Contract Tower,0,6,7,14,27,0,0,19,2,21,0,6,26,16,48,0,10,10,58
11/09/2019,FOE,KS,ACE,CE,Federal Contract Tower,0,0,4,1,5,0,0,5,0,5,0,0,9,1,10,2,0,2,12
11/10/2019,FOE,KS,ACE,CE,Federal Contract Tower,0,0,1,0,1,0,0,1,0,1,0,0,2,0,2,0,0,0,2
11/11/2019,FOE,KS,ACE,CE,Federal Contract Tower,0,2,3,2,7,0,0,4,0,4,0,2,7,2,11,0,0,0,11
11/12/2019,FOE,KS,ACE,CE,Federal Contract Tower,0,0,6,7,13,0,0,7,2,9,0,0,13,9,22,2,0,2,24
11/13/2019,FOE,KS,ACE,CE,Federal Contract Tower,1,0,19,19,39,0,0,10,17,27,1,0,29,36,66,0,60,60,126
11/14/2019,FOE,KS,ACE,CE,Federal Contract Tower,0,0,5,30,35,0,0,3,8,11,0,0,8,38,46,0,68,68,114
11/15/2019,FOE,KS,ACE,CE,Federal Contract Tower,2,0,12,27,41,0,0,17,24,41,2,0,29,51,82,0,126,126,208
11/16/2019,FOE,KS,ACE,CE,Federal Contract Tower,0,0,2,1,3,0,0,3,8,11,0,0,5,9,14,0,0,0,14
11/17/2019,FOE,KS,ACE,CE,Federal Contract Tower,0,0,1,4,5,0,0,14,10,24,0,0,15,14,29,0,0,0,29
11/18/2019,FOE,KS,ACE,CE,Federal Contract Tower,0,0,10,7,17,0,0,10,7,17,0,0,20,14,34,18,20,38,72
11/19/2019,FOE,KS,ACE,CE,Federal Contract Tower,0,0,4,36,40,0,0,20,14,34,0,0,24,50,74,22,58,80,154
11/20/2019,FOE,KS,ACE,CE,Federal Contract Tower,0,0,9,4,13,0,1,4,12,17,0,1,13,16,30,12,16,28,58
11/21/2019,FOE,KS,ACE,CE,Federal Contract Tower,0,0,6,47,53,0,0,3,20,23,0,0,9,67,76,0,16,16,92
11/22/2019,FOE,KS,ACE,CE,Federal Contract Tower,2,0,7,14,23,0,0,0,0,0,2,0,7,14,23,0,0,0,23
11/23/2019,FOE,KS,ACE,CE,Federal Contract Tower,0,0,5,6,11,0,0,6,0,6,0,0,11,6,17,0,0,0,17
11/24/2019,FOE,KS,ACE,CE,Federal Contract Tower,0,0,6,1,7,0,0,6,1,7,0,0,12,2,14,0,0,0,14
11/25/2019,FOE,KS,ACE,CE,Federal Contract Tower,0,0,2,10,12,0,0,9,6,15,0,0,11,16,27,0,48,48,75
11/26/2019,FOE,KS,ACE,CE,Federal Contract Tower,0,2,4,4,10,0,0,1,5,6,0,2,5,9,16,0,26,26,42
11/27/2019,FOE,KS,ACE,CE,Federal Contract Tower,0,2,2,4,8,0,0,2,0,2,0,2,4,4,10,0,0,0,10
11/28/2019,FOE,KS,ACE,CE,Federal Contract Tower,0,0,0,0,0,0,0,0,0,0,0,0,0,0,0,0,0,0,0
11/29/2019,FOE,KS,ACE,CE,Federal Contract Tower,4,0,3,0,7,0,0,0,0,0,4,0,3,0,7,0,0,0,7
11/30/2019,FOE,KS,ACE,CE,Federal Contract Tower,4,2,1,0,7,0,0,0,0,0,4,2,1,0,7,0,0,0,7
12/01/2019,FOE,KS,ACE,CE,Federal Contract Tower,0,0,2,0,2,0,0,0,0,0,0,0,2,0,2,0,0,0,2
12/02/2019,FOE,KS,ACE,CE,Federal Contract Tower,0,0,7,12,19,0,0,6,4,10,0,0,13,16,29,6,62,68,97
12/03/2019,FOE,KS,ACE,CE,Federal Contract Tower,0,0,9,13,22,0,0,11,13,24,0,0,20,26,46,6,42,48,94
12/04/2019,FOE,KS,ACE,CE,Federal Contract Tower,0,0,17,51,68,0,7,8,10,25,0,7,25,61,93,16,60,76,169
12/05/2019,FOE,KS,ACE,CE,Federal Contract Tower,0,2,8,32,42,0,0,16,16,32,0,2,24,48,74,0,48,48,122
12/06/2019,FOE,KS,ACE,CE,Federal Contract Tower,0,0,4,23,27,0,0,14,0,14,0,0,18,23,41,8,130,138,179
12/07/2019,FOE,KS,ACE,CE,Federal Contract Tower,0,0,5,10,15,0,0,16,4,20,0,0,21,14,35,4,8,12,47
12/08/2019,FOE,KS,ACE,CE,Federal Contract Tower,0,0,5,6,11,0,0,0,0,0,0,0,5,6,11,0,0,0,11
12/09/2019,FOE,KS,ACE,CE,Federal Contract Tower,0,1,5,10,16,0,0,1,4,5,0,1,6,14,21,0,18,18,39
12/10/2019,FOE,KS,ACE,CE,Federal Contract Tower,0,0,8,28,36,0,0,10,20,30,0,0,18,48,66,2,80,82,148
12/11/2019,FOE,KS,ACE,CE,Federal Contract Tower,0,0,12,14,26,0,3,8,18,29,0,3,20,32,55,12,44,56,111
12/12/2019,FOE,KS,ACE,CE,Federal Contract Tower,0,0,3,8,11,0,4,6,0,10,0,4,9,8,21,0,0,0,21
12/13/2019,FOE,KS,ACE,CE,Federal Contract Tower,0,0,5,6,11,0,0,14,4,18,0,0,19,10,29,22,22,44,73
12/14/2019,FOE,KS,ACE,CE,Federal Contract Tower,0,0,2,4,6,0,0,8,0,8,0,0,10,4,14,0,0,0,14
12/15/2019,FOE,KS,ACE,CE,Federal Contract Tower,0,0,4,0,4,0,0,0,0,0,0,0,4,0,4,0,0,0,4
12/16/2019,FOE,KS,ACE,CE,Federal Contract Tower,0,3,3,5,11,0,0,0,0,0,0,3,3,5,11,0,0,0,11
12/17/2019,FOE,KS,ACE,CE,Federal Contract Tower,0,0,5,0,5,0,0,6,0,6,0,0,11,0,11,0,0,0,11
12/18/2019,FOE,KS,ACE,CE,Federal Contract Tower,0,0,13,25,38,0,0,11,3,14,0,0,24,28,52,0,86,86,138
12/19/2019,FOE,KS,ACE,CE,Federal Contract Tower,0,0,15,7,22,0,0,6,6,12,0,0,21,13,34,0,4,4,38
12/20/2019,FOE,KS,ACE,CE,Federal Contract Tower,0,2,5,6,13,0,0,7,2,9,0,2,12,8,22,8,60,68,90
12/21/2019,FOE,KS,ACE,CE,Federal Contract Tower,1,0,2,2,5,0,0,0,0,0,1,0,2,2,5,0,0,0,5
12/22/2019,FOE,KS,ACE,CE,Federal Contract Tower,1,0,2,0,3,0,0,6,0,6,1,0,8,0,9,6,0,6,15
12/23/2019,FOE,KS,ACE,CE,Federal Contract Tower,0,1,5,7,13,0,0,16,0,16,0,1,21,7,29,0,50,50,79
12/24/2019,FOE,KS,ACE,CE,Federal Contract Tower,0,4,0,0,4,0,4,6,0,10,0,8,6,0,14,0,0,0,14
12/25/2019,FOE,KS,ACE,CE,Federal Contract Tower,0,0,2,0,2,0,0,2,0,2,0,0,4,0,4,0,0,0,4
12/26/2019,FOE,KS,ACE,CE,Federal Contract Tower,0,4,4,3,11,0,0,0,0,0,0,4,4,3,11,0,0,0,11
12/27/2019,FOE,KS,ACE,CE,Federal Contract Tower,0,0,3,19,22,0,0,3,0,3,0,0,6,19,25,10,16,26,51
12/28/2019,FOE,KS,ACE,CE,Federal Contract Tower,1,0,4,0,5,0,0,0,0,0,1,0,4,0,5,0,0,0,5
12/29/2019,FOE,KS,ACE,CE,Federal Contract Tower,2,2,2,0,6,0,0,0,0,0,2,2,2,0,6,0,0,0,6
12/30/2019,FOE,KS,ACE,CE,Federal Contract Tower,2,1,6,2,11,0,0,5,0,5,2,1,11,2,16,0,20,20,36
12/31/2019,FOE,KS,ACE,CE,Federal Contract Tower,0,3,6,0,9,0,0,11,8,19,0,3,17,8,28,0,36,36,64
01/01/2020,FOE,KS,ACE,CE,Federal Contract Tower,2,1,0,0,3,0,0,0,0,0,2,1,0,0,3,0,0,0,3
01/02/2020,FOE,KS,ACE,CE,Federal Contract Tower,0,0,4,6,10,0,0,8,2,10,0,0,12,8,20,6,14,20,40
01/03/2020,FOE,KS,ACE,CE,Federal Contract Tower,1,0,1,21,23,0,0,12,4,16,1,0,13,25,39,0,100,100,139
01/04/2020,FOE,KS,ACE,CE,Federal Contract Tower,2,1,1,8,12,0,0,8,0,8,2,1,9,8,20,0,40,40,60
01/05/2020,FOE,KS,ACE,CE,Federal Contract Tower,0,0,4,0,4,0,0,5,0,5,0,0,9,0,9,0,0,0,9
01/06/2020,FOE,KS,ACE,CE,Federal Contract Tower,0,3,5,19,27,0,0,4,4,8,0,3,9,23,35,20,50,70,105
01/07/2020,FOE,KS,ACE,CE,Federal Contract Tower,0,0,17,10,27,0,0,9,1,10,0,0,26,11,37,20,10,30,67
01/08/2020,FOE,KS,ACE,CE,Federal Contract Tower,0,1,11,26,38,0,0,3,16,19,0,1,14,42,57,0,42,42,99
01/09/2020,FOE,KS,ACE,CE,Federal Contract Tower,0,0,9,15,24,0,0,8,29,37,0,0,17,44,61,2,54,56,117
01/12/2020,FOE,KS,ACE,CE,Federal Contract Tower,0,0,0,0,0,0,0,0,0,0,0,0,0,0,0,0,0,0,0
01/13/2020,FOE,KS,ACE,CE,Federal Contract Tower,0,0,1,0,1,0,0,0,0,0,0,0,1,0,1,0,0,0,1
01/14/2020,FOE,KS,ACE,CE,Federal Contract Tower,2,0,6,13,21,0,0,2,0,2,2,0,8,13,23,4,18,22,45
01/15/2020,FOE,KS,ACE,CE,Federal Contract Tower,0,0,11,36,47,0,0,0,0,0,0,0,11,36,47,0,0,0,47
01/16/2020,FOE,KS,ACE,CE,Federal Contract Tower,0,1,7,29,37,0,0,4,17,21,0,1,11,46,58,0,60,60,118
01/17/2020,FOE,KS,ACE,CE,Federal Contract Tower,0,0,1,0,1,0,0,0,0,0,0,0,1,0,1,0,0,0,1
01/18/2020,FOE,KS,ACE,CE,Federal Contract Tower,0,2,6,0,8,0,0,0,0,0,0,2,6,0,8,0,0,0,8
01/19/2020,FOE,KS,ACE,CE,Federal Contract Tower,0,0,2,0,2,0,0,8,0,8,0,0,10,0,10,10,0,10,20
01/20/2020,FOE,KS,ACE,CE,Federal Contract Tower,0,0,2,0,2,0,0,13,4,17,0,0,15,4,19,4,0,4,23
01/21/2020,FOE,KS,ACE,CE,Federal Contract Tower,0,4,0,18,22,0,0,12,8,20,0,4,12,26,42,0,58,58,100
01/22/2020,FOE,KS,ACE,CE,Federal Contract Tower,0,0,6,1,7,0,0,0,0,0,0,0,6,1,7,0,0,0,7
01/23/2020,FOE,KS,ACE,CE,Federal Contract Tower,0,3,5,3,11,0,0,0,0,0,0,3,5,3,11,0,0,0,11
01/24/2020,FOE,KS,ACE,CE,Federal Contract Tower,1,2,8,0,11,0,0,0,6,6,1,2,8,6,17,0,36,36,53
01/25/2020,FOE,KS,ACE,CE,Federal Contract Tower,0,1,4,0,5,0,0,8,0,8,0,1,12,0,13,0,0,0,13
01/26/2020,FOE,KS,ACE,CE,Federal Contract Tower,0,0,4,0,4,0,0,13,0,13,0,0,17,0,17,0,0,0,17
01/27/2020,FOE,KS,ACE,CE,Federal Contract Tower,0,0,11,19,30,0,0,16,0,16,0,0,27,19,46,0,12,12,58
01/28/2020,FOE,KS,ACE,CE,Federal Contract Tower,0,0,10,7,17,0,0,0,0,0,0,0,10,7,17,0,0,0,17
01/30/2020,FOE,KS,ACE,CE,Federal Contract Tower,0,0,6,13,19,0,0,2,6,8,0,0,8,19,27,0,54,54,81
01/31/2020,FOE,KS,ACE,CE,Federal Contract Tower,0,0,12,9,21,0,0,4,0,4,0,0,16,9,25,0,66,66,91
02/01/2020,FOE,KS,ACE,CE,Federal Contract Tower,2,0,2,2,6,0,0,7,1,8,2,0,9,3,14,0,0,0,14
02/02/2020,FOE,KS,ACE,CE,Federal Contract Tower,0,2,2,0,4,0,0,25,0,25,0,2,27,0,29,0,0,0,29
02/03/2020,FOE,KS,ACE,CE,Federal Contract Tower,2,2,4,25,33,0,0,18,0,18,2,2,22,25,51,0,26,26,77
02/04/2020,FOE,KS,ACE,CE,Federal Contract Tower,0,0,5,0,5,0,0,0,4,4,0,0,5,4,9,0,28,28,37
02/05/2020,FOE,KS,ACE,CE,Federal Contract Tower,0,0,6,1,7,0,0,1,11,12,0,0,7,12,19,0,66,66,85
02/06/2020,FOE,KS,ACE,CE,Federal Contract Tower,0,0,3,23,26,0,0,9,102,111,0,0,12,125,137,0,68,68,205
02/07/2020,FOE,KS,ACE,CE,Federal Contract Tower,0,0,10,13,23,0,0,15,0,15,0,0,25,13,38,0,46,46,84
02/08/2020,FOE,KS,ACE,CE,Federal Contract Tower,0,0,2,3,5,0,0,16,12,28,0,0,18,15,33,0,0,0,33
02/09/2020,FOE,KS,ACE,CE,Federal Contract Tower,0,1,1,1,3,0,0,7,3,10,0,1,8,4,13,0,0,0,13
02/10/2020,FOE,KS,ACE,CE,Federal Contract Tower,1,0,2,33,36,0,0,7,2,9,1,0,9,35,45,0,44,44,89
02/11/2020,FOE,KS,ACE,CE,Federal Contract Tower,3,0,3,28,34,0,0,13,13,26,3,0,16,41,60,4,58,62,122
02/13/2020,FOE,KS,ACE,CE,Federal Contract Tower,4,3,2,2,11,0,0,9,0,9,4,3,11,2,20,0,0,0,20
02/14/2020,FOE,KS,ACE,CE,Federal Contract Tower,8,0,11,1,20,0,0,2,0,2,8,0,13,1,22,0,0,0,22
02/15/2020,FOE,KS,ACE,CE,Federal Contract Tower,0,0,2,0,2,0,0,6,0,6,0,0,8,0,8,0,0,0,8
02/16/2020,FOE,KS,ACE,CE,Federal Contract Tower,0,2,4,0,6,0,0,70,0,70,0,2,74,0,76,10,0,10,86
02/17/2020,FOE,KS,ACE,CE,Federal Contract Tower,8,2,11,6,27,0,0,7,0,7,8,2,18,6,34,0,0,0,34
02/18/2020,FOE,KS,ACE,CE,Federal Contract Tower,0,0,6,29,35,0,0,10,2,12,0,0,16,31,47,0,76,76,123
02/19/2020,FOE,KS,ACE,CE,Federal Contract Tower,0,0,3,18,21,0,2,4,1,7,0,2,7,19,28,0,61,61,89
02/20/2020,FOE,KS,ACE,CE,Federal Contract Tower,2,0,2,15,19,0,0,0,9,9,2,0,2,24,28,10,64,74,102
02/21/2020,FOE,KS,ACE,CE,Federal Contract Tower,1,4,16,5,26,0,0,17,29,46,1,4,33,34,72,8,54,62,134
02/22/2020,FOE,KS,ACE,CE,Federal Contract Tower,1,7,5,2,15,0,0,26,0,26,1,7,31,2,41,46,0,46,87
02/23/2020,FOE,KS,ACE,CE,Federal Contract Tower,2,7,7,2,18,0,0,11,0,11,2,7,18,2,29,0,0,0,29
02/24/2020,FOE,KS,ACE,CE,Federal Contract Tower,0,0,18,0,18,0,0,4,0,4,0,0,22,0,22,0,0,0,22
02/25/2020,FOE,KS,ACE,CE,Federal Contract Tower,0,1,3,7,11,0,0,0,0,0,0,1,3,7,11,0,0,0,11
02/26/2020,FOE,KS,ACE,CE,Federal Contract Tower,0,0,15,13,28,0,0,3,5,8,0,0,18,18,36,0,36,36,72
02/27/2020,FOE,KS,ACE,CE,Federal Contract Tower,0,0,5,18,23,0,0,14,2,16,0,0,19,20,39,2,58,60,99
02/28/2020,FOE,KS,ACE,CE,Federal Contract Tower,0,1,10,28,39,0,0,7,1,8,0,1,17,29,47,0,130,130,177
02/29/2020,FOE,KS,ACE,CE,Federal Contract Tower,0,0,0,0,0,0,0,5,0,5,0,0,5,0,5,0,0,0,5
03/01/2020,FOE,KS,ACE,CE,Federal Contract Tower,0,0,3,4,7,0,0,17,0,17,0,0,20,4,24,0,0,0,24
03/02/2020,FOE,KS,ACE,CE,Federal Contract Tower,2,3,6,14,25,0,0,18,2,20,2,3,24,16,45,0,46,46,91
03/03/2020,FOE,KS,ACE,CE,Federal Contract Tower,1,0,11,18,30,0,0,5,0,5,1,0,16,18,35,2,98,100,135
03/04/2020,FOE,KS,ACE,CE,Federal Contract Tower,0,0,7,28,35,0,0,14,5,19,0,0,21,33,54,8,106,114,168
03/05/2020,FOE,KS,ACE,CE,Federal Contract Tower,1,2,3,20,26,0,0,4,11,15,1,2,7,31,41,0,36,36,77
03/06/2020,FOE,KS,ACE,CE,Federal Contract Tower,2,2,2,19,25,0,0,31,1,32,2,2,33,20,57,0,40,40,97
03/07/2020,FOE,KS,ACE,CE,Federal Contract Tower,0,1,3,1,5,0,0,4,6,10,0,1,7,7,15,0,0,0,15
03/08/2020,FOE,KS,ACE,CE,Federal Contract Tower,0,0,7,1,8,0,0,8,0,8,0,0,15,1,16,0,0,0,16
03/09/2020,FOE,KS,ACE,CE,Federal Contract Tower,0,1,8,11,20,0,0,0,0,0,0,1,8,11,20,0,0,0,20
03/10/2020,FOE,KS,ACE,CE,Federal Contract Tower,0,1,1,19,21,0,0,2,0,2,0,1,3,19,23,0,0,0,23
03/11/2020,FOE,KS,ACE,CE,Federal Contract Tower,0,0,11,10,21,0,0,2,11,13,0,0,13,21,34,0,36,36,70
03/12/2020,FOE,KS,ACE,CE,Federal Contract Tower,0,0,3,25,28,0,0,15,4,19,0,0,18,29,47,8,104,112,159
03/13/2020,FOE,KS,ACE,CE,Federal Contract Tower,0,2,6,11,19,0,0,2,0,2,0,2,8,11,21,4,54,58,79
03/14/2020,FOE,KS,ACE,CE,Federal Contract Tower,0,2,3,0,5,0,0,0,0,0,0,2,3,0,5,0,0,0,5
03/15/2020,FOE,KS,ACE,CE,Federal Contract Tower,0,0,3,1,4,0,0,0,0,0,0,0,3,1,4,0,0,0,4
03/16/2020,FOE,KS,ACE,CE,Federal Contract Tower,0,3,2,0,5,0,0,0,0,0,0,3,2,0,5,0,0,0,5
03/17/2020,FOE,KS,ACE,CE,Federal Contract Tower,0,0,5,10,15,0,0,0,2,2,0,0,5,12,17,0,4,4,21
03/18/2020,FOE,KS,ACE,CE,Federal Contract Tower,0,0,1,4,5,0,0,0,0,0,0,0,1,4,5,0,78,78,83
03/19/2020,FOE,KS,ACE,CE,Federal Contract Tower,0,0,3,7,10,0,0,0,10,10,0,0,3,17,20,0,14,14,34
03/20/2020,FOE,KS,ACE,CE,Federal Contract Tower,0,0,3,4,7,0,0,4,0,4,0,0,7,4,11,4,36,40,51
03/21/2020,FOE,KS,ACE,CE,Federal Contract Tower,0,0,3,0,3,0,0,8,0,8,0,0,11,0,11,2,0,2,13
03/22/2020,FOE,KS,ACE,CE,Federal Contract Tower,0,0,1,0,1,0,0,0,0,0,0,0,1,0,1,0,0,0,1
03/23/2020,FOE,KS,ACE,CE,Federal Contract Tower,0,0,2,2,4,0,0,0,0,0,0,0,2,2,4,0,0,0,4
03/24/2020,FOE,KS,ACE,CE,Federal Contract Tower,0,0,4,13,17,0,0,0,0,0,0,0,4,13,17,0,12,12,29
03/25/2020,FOE,KS,ACE,CE,Federal Contract Tower,0,0,0,7,7,0,0,0,0,0,0,0,0,7,7,0,10,10,17
03/26/2020,FOE,KS,ACE,CE,Federal Contract Tower,0,0,4,4,8,0,0,0,2,2,0,0,4,6,10,10,16,26,36
03/27/2020,FOE,KS,ACE,CE,Federal Contract Tower,0,0,3,4,7,0,0,0,0,0,0,0,3,4,7,0,0,0,7
03/28/2020,FOE,KS,ACE,CE,Federal Contract Tower,0,2,0,0,2,0,0,0,0,0,0,2,0,0,2,0,0,0,2
03/29/2020,FOE,KS,ACE,CE,Federal Contract Tower,0,0,0,0,0,0,2,24,0,26,0,2,24,0,26,12,0,12,38
03/30/2020,FOE,KS,ACE,CE,Federal Contract Tower,0,0,7,4,11,0,0,26,0,26,0,0,33,4,37,20,14,34,71
03/31/2020,FOE,KS,ACE,CE,Federal Contract Tower,0,0,6,19,25,0,0,24,7,31,0,0,30,26,56,0,42,42,98
04/02/2020,FOE,KS,ACE,CE,Federal Contract Tower,0,0,0,5,5,0,0,4,0,4,0,0,4,5,9,0,4,4,13
04/03/2020,FOE,KS,ACE,CE,Federal Contract Tower,0,0,0,0,0,0,0,0,0,0,0,0,0,0,0,0,0,0,0
04/04/2020,FOE,KS,ACE,CE,Federal Contract Tower,0,0,2,0,2,0,0,2,0,2,0,0,4,0,4,8,0,8,12
04/05/2020,FOE,KS,ACE,CE,Federal Contract Tower,0,0,0,0,0,0,0,3,0,3,0,0,3,0,3,0,0,0,3
04/06/2020,FOE,KS,ACE,CE,Federal Contract Tower,0,0,2,0,2,0,0,0,0,0,0,0,2,0,2,0,0,0,2
04/07/2020,FOE,KS,ACE,CE,Federal Contract Tower,0,0,3,4,7,0,0,8,3,11,0,0,11,7,18,32,50,82,100
04/08/2020,FOE,KS,ACE,CE,Federal Contract Tower,0,0,5,3,8,0,0,0,0,0,0,0,5,3,8,0,4,4,12
04/09/2020,FOE,KS,ACE,CE,Federal Contract Tower,0,0,0,18,18,0,0,4,0,4,0,0,4,18,22,0,0,0,22
04/10/2020,FOE,KS,ACE,CE,Federal Contract Tower,1,0,3,17,21,0,0,4,28,32,1,0,7,45,53,16,18,34,87
04/11/2020,FOE,KS,ACE,CE,Federal Contract Tower,0,2,0,0,2,0,0,0,0,0,0,2,0,0,2,2,0,2,4
04/12/2020,FOE,KS,ACE,CE,Federal Contract Tower,0,2,0,0,2,0,0,0,0,0,0,2,0,0,2,0,0,0,2
04/13/2020,FOE,KS,ACE,CE,Federal Contract Tower,0,0,0,29,29,0,0,4,1,5,0,0,4,30,34,10,4,14,48
04/14/2020,FOE,KS,ACE,CE,Federal Contract Tower,1,0,0,23,24,0,0,2,8,10,1,0,2,31,34,0,40,40,74
04/15/2020,FOE,KS,ACE,CE,Federal Contract Tower,0,0,1,7,8,0,0,12,17,29,0,0,13,24,37,0,0,0,37
04/16/2020,FOE,KS,ACE,CE,Federal Contract Tower,0,0,0,6,6,0,0,0,0,0,0,0,0,6,6,0,6,6,12
04/17/2020,FOE,KS,ACE,CE,Federal Contract Tower,0,0,1,6,7,0,4,1,8,13,0,4,2,14,20,0,16,16,36
04/18/2020,FOE,KS,ACE,CE,Federal Contract Tower,0,0,2,3,5,0,4,1,1,6,0,4,3,4,11,0,0,0,11
04/19/2020,FOE,KS,ACE,CE,Federal Contract Tower,0,0,1,0,1,0,0,6,15,21,0,0,7,15,22,30,0,30,52
04/20/2020,FOE,KS,ACE,CE,Federal Contract Tower,0,0,8,35,43,0,0,17,2,19,0,0,25,37,62,10,68,78,140
04/21/2020,FOE,KS,ACE,CE,Federal Contract Tower,0,0,3,17,20,0,0,28,2,30,0,0,31,19,50,13,73,86,136
04/22/2020,FOE,KS,ACE,CE,Federal Contract Tower,0,0,5,4,9,0,0,0,0,0,0,0,5,4,9,0,14,14,23
04/23/2020,FOE,KS,ACE,CE,Federal Contract Tower,0,0,0,30,30,0,0,18,0,18,0,0,18,30,48,0,18,18,66
04/24/2020,FOE,KS,ACE,CE,Federal Contract Tower,0,0,1,0,1,0,0,0,0,0,0,0,1,0,1,0,0,0,1
04/25/2020,FOE,KS,ACE,CE,Federal Contract Tower,0,0,0,0,0,0,0,12,0,12,0,0,12,0,12,4,0,4,16
04/26/2020,FOE,KS,ACE,CE,Federal Contract Tower,0,0,0,0,0,0,2,13,0,15,0,2,13,0,15,2,0,2,17
04/27/2020,FOE,KS,ACE,CE,Federal Contract Tower,0,0,2,14,16,0,0,2,10,12,0,0,4,24,28,0,40,40,68
04/28/2020,FOE,KS,ACE,CE,Federal Contract Tower,0,0,4,16,20,0,0,0,2,2,0,0,4,18,22,0,38,38,60
04/29/2020,FOE,KS,ACE,CE,Federal Contract Tower,0,0,3,14,17,0,0,3,19,22,0,0,6,33,39,0,0,0,39
04/30/2020,FOE,KS,ACE,CE,Federal Contract Tower,0,2,1,16,19,0,0,13,8,21,0,2,14,24,40,0,46,46,86
05/01/2020,FOE,KS,ACE,CE,Federal Contract Tower,0,1,2,4,7,0,0,2,7,9,0,1,4,11,16,0,64,64,80
05/02/2020,FOE,KS,ACE,CE,Federal Contract Tower,0,1,1,26,28,0,0,32,7,39,0,1,33,33,67,4,56,60,127
05/03/2020,FOE,KS,ACE,CE,Federal Contract Tower,0,0,1,1,2,0,0,7,4,11,0,0,8,5,13,8,0,8,21
05/04/2020,FOE,KS,ACE,CE,Federal Contract Tower,0,0,1,1,2,0,0,0,2,2,0,0,1,3,4,0,2,2,6
05/05/2020,FOE,KS,ACE,CE,Federal Contract Tower,0,0,2,27,29,0,0,9,2,11,0,0,11,29,40,0,3,3,43
05/06/2020,FOE,KS,ACE,CE,Federal Contract Tower,0,0,1,21,22,0,0,8,12,20,0,0,9,33,42,0,18,18,60
05/07/2020,FOE,KS,ACE,CE,Federal Contract Tower,0,0,1,14,15,0,0,6,0,6,0,0,7,14,21,0,74,74,95
05/08/2020,FOE,KS,ACE,CE,Federal Contract Tower,0,0,2,4,6,0,0,2,14,16,0,0,4,18,22,0,6,6,28
05/09/2020,FOE,KS,ACE,CE,Federal Contract Tower,0,0,0,3,3,0,0,32,0,32,0,0,32,3,35,6,0,6,41
05/10/2020,FOE,KS,ACE,CE,Federal Contract Tower,0,0,1,7,8,0,0,4,1,5,0,0,5,8,13,0,0,0,13
05/11/2020,FOE,KS,ACE,CE,Federal Contract Tower,0,0,2,16,18,0,0,19,6,25,0,0,21,22,43,0,20,20,63
05/12/2020,FOE,KS,ACE,CE,Federal Contract Tower,0,0,6,30,36,0,0,8,5,13,0,0,14,35,49,0,52,52,101
05/13/2020,FOE,KS,ACE,CE,Federal Contract Tower,0,0,1,6,7,0,0,0,0,0,0,0,1,6,7,0,0,0,7
05/14/2020,FOE,KS,ACE,CE,Federal Contract Tower,0,0,0,5,5,0,0,9,8,17,0,0,9,13,22,12,32,44,66
05/15/2020,FOE,KS,ACE,CE,Federal Contract Tower,0,0,3,4,7,0,0,4,0,4,0,0,7,4,11,0,0,0,11
05/16/2020,FOE,KS,ACE,CE,Federal Contract Tower,0,0,1,0,1,0,0,6,0,6,0,0,7,0,7,0,0,0,7
05/17/2020,FOE,KS,ACE,CE,Federal Contract Tower,0,0,4,9,13,0,2,2,0,4,0,2,6,9,17,0,14,14,31
05/18/2020,FOE,KS,ACE,CE,Federal Contract Tower,0,0,7,19,26,0,0,16,2,18,0,0,23,21,44,0,14,14,58
05/19/2020,FOE,KS,ACE,CE,Federal Contract Tower,0,2,4,24,30,0,0,14,6,20,0,2,18,30,50,0,33,33,83
05/20/2020,FOE,KS,ACE,CE,Federal Contract Tower,0,5,9,11,25,0,0,2,1,3,0,5,11,12,28,4,74,78,106
05/21/2020,FOE,KS,ACE,CE,Federal Contract Tower,0,1,8,11,20,0,2,2,8,12,0,3,10,19,32,0,22,22,54
05/22/2020,FOE,KS,ACE,CE,Federal Contract Tower,0,0,2,0,2,0,0,2,0,2,0,0,4,0,4,0,0,0,4
05/23/2020,FOE,KS,ACE,CE,Federal Contract Tower,0,0,0,0,0,0,0,7,0,7,0,0,7,0,7,0,0,0,7
05/24/2020,FOE,KS,ACE,CE,Federal Contract Tower,0,0,0,0,0,0,0,5,0,5,0,0,5,0,5,0,0,0,5
05/25/2020,FOE,KS,ACE,CE,Federal Contract Tower,0,0,2,2,4,0,0,0,0,0,0,0,2,2,4,0,0,0,4
05/26/2020,FOE,KS,ACE,CE,Federal Contract Tower,0,0,9,9,18,0,0,0,0,0,0,0,9,9,18,0,0,0,18
05/27/2020,FOE,KS,ACE,CE,Federal Contract Tower,0,2,2,40,44,0,0,6,0,6,0,2,8,40,50,0,62,62,112
05/28/2020,FOE,KS,ACE,CE,Federal Contract Tower,0,1,3,12,16,0,0,0,0,0,0,1,3,12,16,0,24,24,40
05/29/2020,FOE,KS,ACE,CE,Federal Contract Tower,0,0,5,4,9,0,0,6,6,12,0,0,11,10,21,6,4,10,31
05/30/2020,FOE,KS,ACE,CE,Federal Contract Tower,0,0,0,18,18,0,0,8,4,12,0,0,8,22,30,0,14,14,44
05/31/2020,FOE,KS,ACE,CE,Federal Contract Tower,0,0,5,0,5,0,0,15,0,15,0,0,20,0,20,4,0,4,24
06/01/2020,FOE,KS,ACE,CE,Federal Contract Tower,0,0,2,15,17,0,0,4,3,7,0,0,6,18,24,0,8,8,32
06/02/2020,FOE,KS,ACE,CE,Federal Contract Tower,0,0,6,11,17,0,0,17,21,38,0,0,23,32,55,14,40,54,109
06/03/2020,FOE,KS,ACE,CE,Federal Contract Tower,0,0,5,9,14,0,0,5,3,8,0,0,10,12,22,12,20,32,54
06/04/2020,FOE,KS,ACE,CE,Federal Contract Tower,0,0,4,14,18,0,0,8,6,14,0,0,12,20,32,2,42,44,76
06/05/2020,FOE,KS,ACE,CE,Federal Contract Tower,0,0,1,9,10,0,18,4,1,23,0,18,5,10,33,16,38,54,87
06/06/2020,FOE,KS,ACE,CE,Federal Contract Tower,0,0,0,8,8,0,0,10,0,10,0,0,10,8,18,0,20,20,38
06/07/2020,FOE,KS,ACE,CE,Federal Contract Tower,0,0,9,0,9,0,0,2,0,2,0,0,11,0,11,0,0,0,11
06/08/2020,FOE,KS,ACE,CE,Federal Contract Tower,0,0,2,28,30,0,0,8,14,22,0,0,10,42,52,2,80,82,134
06/09/2020,FOE,KS,ACE,CE,Federal Contract Tower,0,0,1,10,11,0,0,7,4,11,0,0,8,14,22,0,20,20,42
06/10/2020,FOE,KS,ACE,CE,Federal Contract Tower,0,1,4,27,32,0,0,4,17,21,0,1,8,44,53,0,60,60,113
06/11/2020,FOE,KS,ACE,CE,Federal Contract Tower,0,0,1,9,10,0,0,6,12,18,0,0,7,21,28,0,18,18,46
06/12/2020,FOE,KS,ACE,CE,Federal Contract Tower,0,0,5,7,12,0,4,4,15,23,0,4,9,22,35,0,30,30,65
06/13/2020,FOE,KS,ACE,CE,Federal Contract Tower,0,0,0,0,0,0,0,1,0,1,0,0,1,0,1,0,0,0,1
06/14/2020,FOE,KS,ACE,CE,Federal Contract Tower,0,0,7,0,7,0,0,3,0,3,0,0,10,0,10,14,0,14,24
06/15/2020,FOE,KS,ACE,CE,Federal Contract Tower,0,0,3,20,23,0,0,4,4,8,0,0,7,24,31,0,52,52,83
06/16/2020,FOE,KS,ACE,CE,Federal Contract Tower,0,0,2,27,29,0,0,9,19,28,0,0,11,46,57,10,50,60,117
06/17/2020,FOE,KS,ACE,CE,Federal Contract Tower,0,0,5,26,31,0,0,0,0,0,0,0,5,26,31,0,30,30,61
06/18/2020,FOE,KS,ACE,CE,Federal Contract Tower,0,0,3,16,19,0,0,0,0,0,0,0,3,16,19,0,30,30,49
06/19/2020,FOE,KS,ACE,CE,Federal Contract Tower,0,0,2,3,5,0,0,0,0,0,0,0,2,3,5,4,24,28,33
06/20/2020,FOE,KS,ACE,CE,Federal Contract Tower,0,0,3,1,4,0,0,2,0,2,0,0,5,1,6,4,0,4,10
06/21/2020,FOE,KS,ACE,CE,Federal Contract Tower,0,0,3,0,3,0,0,0,0,0,0,0,3,0,3,14,0,14,17
06/22/2020,FOE,KS,ACE,CE,Federal Contract Tower,0,0,12,34,46,0,0,0,0,0,0,0,12,34,46,0,20,20,66
06/23/2020,FOE,KS,ACE,CE,Federal Contract Tower,0,0,1,14,15,0,0,0,0,0,0,0,1,14,15,8,50,58,73
06/24/2020,FOE,KS,ACE,CE,Federal Contract Tower,0,0,8,31,39,0,0,2,0,2,0,0,10,31,41,0,92,92,133
06/25/2020,FOE,KS,ACE,CE,Federal Contract Tower,0,0,12,20,32,0,0,0,0,0,0,0,12,20,32,0,46,46,78
06/26/2020,FOE,KS,ACE,CE,Federal Contract Tower,0,0,2,23,25,0,0,4,0,4,0,0,6,23,29,0,52,52,81
06/27/2020,FOE,KS,ACE,CE,Federal Contract Tower,0,0,3,0,3,0,0,2,0,2,0,0,5,0,5,0,0,0,5
06/28/2020,FOE,KS,ACE,CE,Federal Contract Tower,0,0,2,0,2,0,0,2,0,2,0,0,4,0,4,0,0,0,4
06/29/2020,FOE,KS,ACE,CE,Federal Contract Tower,0,0,3,24,27,0,0,0,0,0,0,0,3,24,27,0,42,42,69
06/30/2020,FOE,KS,ACE,CE,Federal Contract Tower,0,0,7,26,33,0,0,0,0,0,0,0,7,26,33,0,22,22,55
07/01/2020,FOE,KS,ACE,CE,Federal Contract Tower,0,8,7,29,44,0,0,2,0,2,0,8,9,29,46,0,54,54,100
07/02/2020,FOE,KS,ACE,CE,Federal Contract Tower,0,3,7,10,20,0,0,0,0,0,0,3,7,10,20,0,16,16,36
07/03/2020,FOE,KS,ACE,CE,Federal Contract Tower,0,0,4,0,4,0,0,0,0,0,0,0,4,0,4,0,0,0,4
07/04/2020,FOE,KS,ACE,CE,Federal Contract Tower,0,0,1,2,3,0,0,8,0,8,0,0,9,2,11,0,0,0,11
07/05/2020,FOE,KS,ACE,CE,Federal Contract Tower,4,0,4,0,8,0,0,9,0,9,4,0,13,0,17,6,0,6,23
07/06/2020,FOE,KS,ACE,CE,Federal Contract Tower,0,0,9,8,17,0,2,9,1,12,0,2,18,9,29,0,10,10,39
07/07/2020,FOE,KS,ACE,CE,Federal Contract Tower,0,0,10,55,65,0,0,5,12,17,0,0,15,67,82,20,106,126,208
07/08/2020,FOE,KS,ACE,CE,Federal Contract Tower,0,0,11,17,28,0,0,2,0,2,0,0,13,17,30,0,48,48,78
07/09/2020,FOE,KS,ACE,CE,Federal Contract Tower,0,1,9,19,29,0,0,0,0,0,0,1,9,19,29,0,56,56,85
07/10/2020,FOE,KS,ACE,CE,Federal Contract Tower,0,0,5,8,13,0,0,0,0,0,0,0,5,8,13,44,44,88,101
07/11/2020,FOE,KS,ACE,CE,Federal Contract Tower,0,0,2,4,6,0,0,0,0,0,0,0,2,4,6,0,4,4,10
07/12/2020,FOE,KS,ACE,CE,Federal Contract Tower,0,0,3,4,7,0,0,0,0,0,0,0,3,4,7,10,48,58,65
07/13/2020,FOE,KS,ACE,CE,Federal Contract Tower,0,2,9,16,27,0,0,0,0,0,0,2,9,16,27,0,30,30,57
07/14/2020,FOE,KS,ACE,CE,Federal Contract Tower,0,0,4,6,10,0,0,0,0,0,0,0,4,6,10,6,30,36,46
07/15/2020,FOE,KS,ACE,CE,Federal Contract Tower,0,0,6,26,32,0,0,4,0,4,0,0,10,26,36,2,64,66,102
07/16/2020,FOE,KS,ACE,CE,Federal Contract Tower,0,0,3,16,19,0,0,4,0,4,0,0,7,16,23,0,40,40,63
07/17/2020,FOE,KS,ACE,CE,Federal Contract Tower,0,0,0,9,9,0,0,4,0,4,0,0,4,9,13,0,6,6,19
07/18/2020,FOE,KS,ACE,CE,Federal Contract Tower,0,0,11,2,13,0,0,1,0,1,0,0,12,2,14,2,60,62,76
07/19/2020,FOE,KS,ACE,CE,Federal Contract Tower,0,0,2,2,4,0,0,0,0,0,0,0,2,2,4,0,22,22,26
07/20/2020,FOE,KS,ACE,CE,Federal Contract Tower,0,2,5,6,13,0,0,0,0,0,0,2,5,6,13,0,20,20,33
07/21/2020,FOE,KS,ACE,CE,Federal Contract Tower,0,0,6,17,23,0,0,0,0,0,0,0,6,17,23,0,34,34,57
07/22/2020,FOE,KS,ACE,CE,Federal Contract Tower,0,0,13,37,50,0,0,6,6,12,0,0,19,43,62,0,86,86,148
07/23/2020,FOE,KS,ACE,CE,Federal Contract Tower,0,0,17,29,46,0,0,15,5,20,0,0,32,34,66,8,82,90,156
07/24/2020,FOE,KS,ACE,CE,Federal Contract Tower,0,0,12,7,19,0,0,6,11,17,0,0,18,18,36,6,0,6,42
07/25/2020,FOE,KS,ACE,CE,Federal Contract Tower,0,0,2,1,3,0,0,16,3,19,0,0,18,4,22,26,0,26,48
07/26/2020,FOE,KS,ACE,CE,Federal Contract Tower,0,0,12,0,12,0,0,3,0,3,0,0,15,0,15,0,0,0,15
07/27/2020,FOE,KS,ACE,CE,Federal Contract Tower,0,2,4,25,31,0,0,2,0,2,0,2,6,25,33,0,14,14,47
07/28/2020,FOE,KS,ACE,CE,Federal Contract Tower,0,0,1,29,30,0,0,2,0,2,0,0,3,29,32,0,24,24,56
07/30/2020,FOE,KS,ACE,CE,Federal Contract Tower,0,0,12,13,25,0,0,6,3,9,0,0,18,16,34,0,2,2,36
07/31/2020,FOE,KS,ACE,CE,Federal Contract Tower,0,2,5,33,40,0,0,4,0,4,0,2,9,33,44,0,180,180,224
08/01/2020,FOE,KS,ACE,CE,Federal Contract Tower,0,2,7,6,15,0,0,0,0,0,0,2,7,6,15,0,34,34,49
08/02/2020,FOE,KS,ACE,CE,Federal Contract Tower,0,2,6,8,16,0,0,2,0,2,0,2,8,8,18,0,42,42,60
08/03/2020,FOE,KS,ACE,CE,Federal Contract Tower,0,0,3,13,16,0,0,0,0,0,0,0,3,13,16,0,30,30,46
08/04/2020,FOE,KS,ACE,CE,Federal Contract Tower,0,0,1,20,21,0,2,6,8,16,0,2,7,28,37,0,54,54,91
08/05/2020,FOE,KS,ACE,CE,Federal Contract Tower,0,0,5,27,32,0,2,12,8,22,0,2,17,35,54,0,54,54,108
08/06/2020,FOE,KS,ACE,CE,Federal Contract Tower,0,0,2,19,21,0,0,3,11,14,0,0,5,30,35,0,10,10,45
08/07/2020,FOE,KS,ACE,CE,Federal Contract Tower,0,1,9,36,46,0,0,6,4,10,0,1,15,40,56,0,50,50,106
08/08/2020,FOE,KS,ACE,CE,Federal Contract Tower,0,0,3,10,13,0,0,4,0,4,0,0,7,10,17,18,8,26,43
08/09/2020,FOE,KS,ACE,CE,Federal Contract Tower,0,0,1,0,1,0,0,3,0,3,0,0,4,0,4,4,0,4,8
08/10/2020,FOE,KS,ACE,CE,Federal Contract Tower,0,0,6,20,26,0,0,36,9,45,0,0,42,29,71,0,0,0,71
08/11/2020,FOE,KS,ACE,CE,Federal Contract Tower,0,0,7,12,19,0,0,37,16,53,0,0,44,28,72,12,22,34,106
08/12/2020,FOE,KS,ACE,CE,Federal Contract Tower,0,0,0,2,2,0,0,2,1,3,0,0,2,3,5,0,0,0,5
08/13/2020,FOE,KS,ACE,CE,Federal Contract Tower,0,0,4,6,10,0,0,15,1,16,0,0,19,7,26,3,2,5,31
08/14/2020,FOE,KS,ACE,CE,Federal Contract Tower,0,1,16,7,24,0,0,48,14,62,0,1,64,21,86,0,17,17,103
08/15/2020,FOE,KS,ACE,CE,Federal Contract Tower,0,1,1,0,2,0,0,5,0,5,0,1,6,0,7,55,0,55,62
08/16/2020,FOE,KS,ACE,CE,Federal Contract Tower,0,0,3,6,9,0,0,11,0,11,0,0,14,6,20,0,0,0,20
08/17/2020,FOE,KS,ACE,CE,Federal Contract Tower,0,1,12,15,28,0,0,5,11,16,0,1,17,26,44,0,22,22,66
08/18/2020,FOE,KS,ACE,CE,Federal Contract Tower,0,0,8,11,19,0,0,23,12,35,0,0,31,23,54,8,0,8,62
08/19/2020,FOE,KS,ACE,CE,Federal Contract Tower,0,1,9,6,16,0,0,9,5,14,0,1,18,11,30,0,0,0,30
08/20/2020,FOE,KS,ACE,CE,Federal Contract Tower,0,3,11,11,25,0,0,25,5,30,0,3,36,16,55,12,23,35,90
08/21/2020,FOE,KS,ACE,CE,Federal Contract Tower,0,0,11,14,25,0,0,23,16,39,0,0,34,30,64,4,0,4,68
08/22/2020,FOE,KS,ACE,CE,Federal Contract Tower,0,4,2,0,6,0,0,26,1,27,0,4,28,1,33,4,0,4,37
08/23/2020,FOE,KS,ACE,CE,Federal Contract Tower,0,1,4,0,5,0,0,13,1,14,0,1,17,1,19,16,0,16,35
08/24/2020,FOE,KS,ACE,CE,Federal Contract Tower,0,0,1,18,19,0,0,11,6,17,0,0,12,24,36,0,22,22,58
08/25/2020,FOE,KS,ACE,CE,Federal Contract Tower,0,2,12,19,33,0,0,25,7,32,0,2,37,26,65,14,30,44,109
08/26/2020,FOE,KS,ACE,CE,Federal Contract Tower,0,2,8,14,24,0,0,10,14,24,0,2,18,28,48,0,0,0,48
08/27/2020,FOE,KS,ACE,CE,Federal Contract Tower,0,0,5,24,29,0,0,5,12,17,0,0,10,36,46,2,2,4,50
08/28/2020,FOE,KS,ACE,CE,Federal Contract Tower,0,3,4,12,19,0,0,1,14,15,0,3,5,26,34,16,18,34,68
08/29/2020,FOE,KS,ACE,CE,Federal Contract Tower,0,0,0,0,0,0,0,9,0,9,0,0,9,0,9,18,0,18,27
08/30/2020,FOE,KS,ACE,CE,Federal Contract Tower,0,0,9,1,10,0,0,8,0,8,0,0,17,1,18,6,0,6,24
08/31/2020,FOE,KS,ACE,CE,Federal Contract Tower,0,7,6,5,18,0,0,0,3,3,0,7,6,8,21,0,0,0,21
09/01/2020,FOE,KS,ACE,CE,Federal Contract Tower,0,2,5,6,13,0,0,2,0,2,0,2,7,6,15,0,0,0,15
09/02/2020,FOE,KS,ACE,CE,Federal Contract Tower,0,0,6,13,19,0,0,4,30,34,0,0,10,43,53,0,29,29,82
09/03/2020,FOE,KS,ACE,CE,Federal Contract Tower,0,2,9,13,24,0,0,19,0,19,0,2,28,13,43,0,32,32,75
09/04/2020,FOE,KS,ACE,CE,Federal Contract Tower,0,0,8,1,9,0,0,25,0,25,0,0,33,1,34,20,0,20,54
09/05/2020,FOE,KS,ACE,CE,Federal Contract Tower,0,0,5,2,7,0,0,45,2,47,0,0,50,4,54,6,0,6,60
09/06/2020,FOE,KS,ACE,CE,Federal Contract Tower,0,0,0,0,0,0,0,0,0,0,0,0,0,0,0,0,0,0,0
09/07/2020,FOE,KS,ACE,CE,Federal Contract Tower,0,0,6,0,6,0,0,5,0,5,0,0,11,0,11,0,0,0,11
09/08/2020,FOE,KS,ACE,CE,Federal Contract Tower,0,0,11,1,12,0,0,0,0,0,0,0,11,1,12,0,0,0,12
09/09/2020,FOE,KS,ACE,CE,Federal Contract Tower,0,1,8,25,34,0,0,0,0,0,0,1,8,25,34,0,0,0,34
09/10/2020,FOE,KS,ACE,CE,Federal Contract Tower,0,0,14,12,26,0,0,0,0,0,0,0,14,12,26,0,0,0,26
09/11/2020,FOE,KS,ACE,CE,Federal Contract Tower,4,3,2,6,15,0,0,0,2,2,4,3,2,8,17,0,40,40,57
09/12/2020,FOE,KS,ACE,CE,Federal Contract Tower,0,0,4,0,4,0,0,15,0,15,0,0,19,0,19,6,0,6,25
09/13/2020,FOE,KS,ACE,CE,Federal Contract Tower,0,0,3,5,8,0,0,2,0,2,0,0,5,5,10,0,0,0,10
09/14/2020,FOE,KS,ACE,CE,Federal Contract Tower,0,0,6,16,22,0,0,17,0,17,0,0,23,16,39,38,28,66,105
09/15/2020,FOE,KS,ACE,CE,Federal Contract Tower,0,0,12,38,50,0,0,14,20,34,0,0,26,58,84,6,27,33,117
09/16/2020,FOE,KS,ACE,CE,Federal Contract Tower,0,0,7,15,22,0,0,24,33,57,0,0,31,48,79,0,0,0,79
09/17/2020,FOE,KS,ACE,CE,Federal Contract Tower,0,0,3,12,15,0,0,8,9,17,0,0,11,21,32,0,0,0,32
09/18/2020,FOE,KS,ACE,CE,Federal Contract Tower,0,3,12,9,24,0,0,18,2,20,0,3,30,11,44,8,32,40,84
09/19/2020,FOE,KS,ACE,CE,Federal Contract Tower,0,0,4,2,6,0,0,13,5,18,0,0,17,7,24,12,14,26,50
09/20/2020,FOE,KS,ACE,CE,Federal Contract Tower,0,1,14,5,20,0,0,8,0,8,0,1,22,5,28,20,0,20,48
09/21/2020,FOE,KS,ACE,CE,Federal Contract Tower,0,0,10,27,37,0,0,20,1,21,0,0,30,28,58,14,85,99,157
09/22/2020,FOE,KS,ACE,CE,Federal Contract Tower,0,0,15,17,32,0,4,96,3,103,0,4,111,20,135,8,8,16,151
09/23/2020,FOE,KS,ACE,CE,Federal Contract Tower,0,0,9,19,28,0,0,70,6,76,0,0,79,25,104,0,2,2,106
09/24/2020,FOE,KS,ACE,CE,Federal Contract Tower,0,0,10,6,16,0,0,7,7,14,0,0,17,13,30,0,23,23,53
09/25/2020,FOE,KS,ACE,CE,Federal Contract Tower,7,4,9,19,39,0,2,14,10,26,7,6,23,29,65,2,14,16,81
09/26/2020,FOE,KS,ACE,CE,Federal Contract Tower,0,0,11,2,13,0,0,4,4,8,0,0,15,6,21,0,10,10,31
09/27/2020,FOE,KS,ACE,CE,Federal Contract Tower,0,0,10,0,10,0,0,0,0,0,0,0,10,0,10,0,0,0,10
09/28/2020,FOE,KS,ACE,CE,Federal Contract Tower,0,0,2,17,19,0,0,9,4,13,0,0,11,21,32,14,66,80,112
09/29/2020,FOE,KS,ACE,CE,Federal Contract Tower,0,2,15,24,41,0,0,19,6,25,0,2,34,30,66,2,22,24,90
09/30/2020,FOE,KS,ACE,CE,Federal Contract Tower,0,1,15,9,25,2,0,0,0,2,2,1,15,9,27,0,4,4,31
10/01/2020,FOE,KS,ACE,CE,Federal Contract Tower,0,1,7,11,19,0,0,9,6,15,0,1,16,17,34,0,29,29,63
10/02/2020,FOE,KS,ACE,CE,Federal Contract Tower,0,0,1,11,12,0,1,10,0,11,0,1,11,11,23,0,80,80,103
10/03/2020,FOE,KS,ACE,CE,Federal Contract Tower,0,0,0,0,0,0,0,4,0,4,0,0,4,0,4,0,0,0,4
10/04/2020,FOE,KS,ACE,CE,Federal Contract Tower,0,0,4,4,8,0,0,15,1,16,0,0,19,5,24,6,0,6,30
10/05/2020,FOE,KS,ACE,CE,Federal Contract Tower,0,0,2,11,13,0,0,6,5,11,0,0,8,16,24,0,24,24,48
10/06/2020,FOE,KS,ACE,CE,Federal Contract Tower,0,2,6,13,21,0,0,26,24,50,0,2,32,37,71,0,10,10,81
10/07/2020,FOE,KS,ACE,CE,Federal Contract Tower,0,1,9,14,24,0,0,24,12,36,0,1,33,26,60,0,0,0,60
10/08/2020,FOE,KS,ACE,CE,Federal Contract Tower,0,0,10,23,33,0,0,24,10,34,0,0,34,33,67,0,43,43,110
10/09/2020,FOE,KS,ACE,CE,Federal Contract Tower,2,0,4,2,8,0,2,34,4,40,2,2,38,6,48,10,0,10,58
10/10/2020,FOE,KS,ACE,CE,Federal Contract Tower,0,1,3,3,7,0,0,22,0,22,0,1,25,3,29,6,0,6,35
10/11/2020,FOE,KS,ACE,CE,Federal Contract Tower,0,0,1,1,2,0,4,6,0,10,0,4,7,1,12,0,0,0,12
10/12/2020,FOE,KS,ACE,CE,Federal Contract Tower,0,2,10,0,12,0,0,9,2,11,0,2,19,2,23,24,0,24,47
10/13/2020,FOE,KS,ACE,CE,Federal Contract Tower,0,2,6,19,27,0,0,21,27,48,0,2,27,46,75,36,122,158,233
10/14/2020,FOE,KS,ACE,CE,Federal Contract Tower,0,0,11,15,26,0,0,4,44,48,0,0,15,59,74,8,88,96,170
10/15/2020,FOE,KS,ACE,CE,Federal Contract Tower,0,0,5,12,17,0,0,22,40,62,0,0,27,52,79,36,112,148,227
10/16/2020,FOE,KS,ACE,CE,Federal Contract Tower,2,0,6,23,31,0,0,29,10,39,2,0,35,33,70,30,142,172,242
10/17/2020,FOE,KS,ACE,CE,Federal Contract Tower,2,0,3,2,7,0,0,0,6,6,2,0,3,8,13,0,0,0,13
10/18/2020,FOE,KS,ACE,CE,Federal Contract Tower,0,2,1,1,4,0,0,5,0,5,0,2,6,1,9,0,0,0,9
10/19/2020,FOE,KS,ACE,CE,Federal Contract Tower,0,3,7,8,18,0,0,6,0,6,0,3,13,8,24,0,22,22,46
10/20/2020,FOE,KS,ACE,CE,Federal Contract Tower,0,6,10,14,30,0,0,0,0,0,0,6,10,14,30,0,14,14,44
10/21/2020,FOE,KS,ACE,CE,Federal Contract Tower,0,0,4,22,26,0,0,0,2,2,0,0,4,24,28,0,0,0,28
10/22/2020,FOE,KS,ACE,CE,Federal Contract Tower,0,0,1,6,7,0,0,7,0,7,0,0,8,6,14,0,0,0,14
10/23/2020,FOE,KS,ACE,CE,Federal Contract Tower,0,4,5,12,21,0,0,0,0,0,0,4,5,12,21,2,0,2,23
10/24/2020,FOE,KS,ACE,CE,Federal Contract Tower,0,2,3,2,7,0,0,29,0,29,0,2,32,2,36,4,0,4,40
10/25/2020,FOE,KS,ACE,CE,Federal Contract Tower,0,0,1,3,4,0,0,0,0,0,0,0,1,3,4,6,0,6,10
10/26/2020,FOE,KS,ACE,CE,Federal Contract Tower,0,0,2,0,2,0,0,0,0,0,0,0,2,0,2,0,0,0,2
10/27/2020,FOE,KS,ACE,CE,Federal Contract Tower,0,0,9,1,10,0,0,22,0,22,0,0,31,1,32,0,0,0,32
10/28/2020,FOE,KS,ACE,CE,Federal Contract Tower,0,0,0,15,15,0,0,37,0,37,0,0,37,15,52,0,11,11,63
10/29/2020,FOE,KS,ACE,CE,Federal Contract Tower,0,0,8,15,23,0,0,42,0,42,0,0,50,15,65,12,9,21,86
10/30/2020,FOE,KS,ACE,CE,Federal Contract Tower,0,1,6,2,9,0,0,8,10,18,0,1,14,12,27,50,38,88,115
10/31/2020,FOE,KS,ACE,CE,Federal Contract Tower,0,0,6,1,7,0,0,1,0,1,0,0,7,1,8,0,12,12,20
11/01/2020,FOE,KS,ACE,CE,Federal Contract Tower,0,0,0,0,0,0,0,22,0,22,0,0,22,0,22,0,16,16,38
11/02/2020,FOE,KS,ACE,CE,Federal Contract Tower,0,1,1,16,18,0,0,9,3,12,0,1,10,19,30,20,58,78,108
11/07/2020,FOE,KS,ACE,CE,Federal Contract Tower,0,0,6,1,7,0,0,7,0,7,0,0,13,1,14,0,36,36,50
11/16/2020,FOE,KS,ACE,CE,Federal Contract Tower,0,0,3,21,24,0,0,19,1,20,0,0,22,22,44,14,92,106,150
11/17/2020,FOE,KS,ACE,CE,Federal Contract Tower,0,1,3,20,24,0,0,22,17,39,0,1,25,37,63,16,40,56,119
11/18/2020,FOE,KS,ACE,CE,Federal Contract Tower,0,0,8,1,9,0,0,10,6,16,0,0,18,7,25,0,0,0,25
11/19/2020,FOE,KS,ACE,CE,Federal Contract Tower,0,0,13,14,27,0,0,0,2,2,0,0,13,16,29,0,0,0,29
11/20/2020,FOE,KS,ACE,CE,Federal Contract Tower,0,0,4,23,27,0,0,1,5,6,0,0,5,28,33,26,132,158,191
11/21/2020,FOE,KS,ACE,CE,Federal Contract Tower,0,0,3,0,3,0,0,5,3,8,0,0,8,3,11,0,0,0,11
11/22/2020,FOE,KS,ACE,CE,Federal Contract Tower,0,0,7,0,7,0,0,4,0,4,0,0,11,0,11,4,0,4,15
11/23/2020,FOE,KS,ACE,CE,Federal Contract Tower,0,2,6,11,19,0,0,0,8,8,0,2,6,19,27,0,38,38,65
11/24/2020,FOE,KS,ACE,CE,Federal Contract Tower,2,0,9,24,35,0,0,21,8,29,2,0,30,32,64,0,12,12,76
11/25/2020,FOE,KS,ACE,CE,Federal Contract Tower,0,0,7,7,14,0,0,0,6,6,0,0,7,13,20,0,0,0,20
11/26/2020,FOE,KS,ACE,CE,Federal Contract Tower,0,0,4,0,4,0,0,0,0,0,0,0,4,0,4,0,0,0,4
11/27/2020,FOE,KS,ACE,CE,Federal Contract Tower,1,1,3,0,5,0,0,3,0,3,1,1,6,0,8,0,0,0,8
11/28/2020,FOE,KS,ACE,CE,Federal Contract Tower,0,4,3,0,7,0,0,8,3,11,0,4,11,3,18,4,0,4,22
11/29/2020,FOE,KS,ACE,CE,Federal Contract Tower,0,1,3,0,4,0,0,1,0,1,0,1,4,0,5,2,0,2,7
11/30/2020,FOE,KS,ACE,CE,Federal Contract Tower,0,0,1,9,10,0,0,11,0,11,0,0,12,9,21,0,58,58,79
12/01/2020,FOE,KS,ACE,CE,Federal Contract Tower,0,3,9,28,40,0,0,22,23,45,0,3,31,51,85,4,72,76,161
12/02/2020,FOE,KS,ACE,CE,Federal Contract Tower,0,1,12,6,19,0,0,18,13,31,0,1,30,19,50,12,50,62,112
12/03/2020,FOE,KS,ACE,CE,Federal Contract Tower,0,0,4,12,16,0,0,31,34,65,0,0,35,46,81,0,33,33,114
12/04/2020,FOE,KS,ACE,CE,Federal Contract Tower,2,0,15,22,39,0,1,43,20,64,2,1,58,42,103,85,131,216,319
12/05/2020,FOE,KS,ACE,CE,Federal Contract Tower,2,0,1,0,3,0,0,15,0,15,2,0,16,0,18,8,0,8,26
12/06/2020,FOE,KS,ACE,CE,Federal Contract Tower,0,0,0,3,3,0,0,17,0,17,0,0,17,3,20,31,4,35,55
12/07/2020,FOE,KS,ACE,CE,Federal Contract Tower,0,0,8,28,36,0,0,17,2,19,0,0,25,30,55,0,80,80,135
12/08/2020,FOE,KS,ACE,CE,Federal Contract Tower,0,2,15,23,40,0,0,32,33,65,0,2,47,56,105,2,50,52,157
12/09/2020,FOE,KS,ACE,CE,Federal Contract Tower,0,0,11,9,20,0,0,15,15,30,0,0,26,24,50,0,48,48,98
12/10/2020,FOE,KS,ACE,CE,Federal Contract Tower,0,0,11,10,21,0,0,23,18,41,0,0,34,28,62,0,44,44,106
12/11/2020,FOE,KS,ACE,CE,Federal Contract Tower,0,0,1,12,13,0,0,0,1,1,0,0,1,13,14,0,22,22,36
12/12/2020,FOE,KS,ACE,CE,Federal Contract Tower,0,0,0,2,2,0,0,1,0,1,0,0,1,2,3,8,0,8,11
12/13/2020,FOE,KS,ACE,CE,Federal Contract Tower,0,0,0,0,0,0,0,7,0,7,0,0,7,0,7,0,0,0,7
12/14/2020,FOE,KS,ACE,CE,Federal Contract Tower,0,1,7,4,12,0,0,4,2,6,0,1,11,6,18,14,20,34,52
12/15/2020,FOE,KS,ACE,CE,Federal Contract Tower,0,0,8,19,27,0,0,7,20,27,0,0,15,39,54,0,48,48,102
12/16/2020,FOE,KS,ACE,CE,Federal Contract Tower,2,0,12,9,23,0,0,0,0,0,2,0,12,9,23,0,40,40,63
12/17/2020,FOE,KS,ACE,CE,Federal Contract Tower,0,1,13,10,24,0,0,3,0,3,0,1,16,10,27,4,12,16,43
12/18/2020,FOE,KS,ACE,CE,Federal Contract Tower,0,1,0,6,7,0,0,0,4,4,0,1,0,10,11,0,0,0,11
12/19/2020,FOE,KS,ACE,CE,Federal Contract Tower,0,0,8,4,12,0,0,6,0,6,0,0,14,4,18,0,70,70,88
12/20/2020,FOE,KS,ACE,CE,Federal Contract Tower,0,1,2,0,3,0,2,15,0,17,0,3,17,0,20,24,0,24,44
12/21/2020,FOE,KS,ACE,CE,Federal Contract Tower,2,2,7,17,28,0,0,10,6,16,2,2,17,23,44,0,68,68,112
12/22/2020,FOE,KS,ACE,CE,Federal Contract Tower,2,0,8,16,26,0,0,8,6,14,2,0,16,22,40,0,10,10,50
12/23/2020,FOE,KS,ACE,CE,Federal Contract Tower,0,0,10,3,13,0,0,0,0,0,0,0,10,3,13,0,0,0,13
12/24/2020,FOE,KS,ACE,CE,Federal Contract Tower,0,0,2,0,2,0,0,6,0,6,0,0,8,0,8,4,0,4,12
12/25/2020,FOE,KS,ACE,CE,Federal Contract Tower,0,0,2,0,2,0,0,21,0,21,0,0,23,0,23,0,0,0,23
12/26/2020,FOE,KS,ACE,CE,Federal Contract Tower,0,0,3,0,3,0,0,7,0,7,0,0,10,0,10,0,0,0,10
12/27/2020,FOE,KS,ACE,CE,Federal Contract Tower,0,0,6,0,6,0,0,7,0,7,0,0,13,0,13,0,0,0,13
12/28/2020,FOE,KS,ACE,CE,Federal Contract Tower,0,0,7,7,14,0,0,17,2,19,0,0,24,9,33,12,24,36,69
12/29/2020,FOE,KS,ACE,CE,Federal Contract Tower,0,0,0,0,0,0,0,0,0,0,0,0,0,0,0,0,0,0,0
12/30/2020,FOE,KS,ACE,CE,Federal Contract Tower,0,0,0,9,9,0,0,3,5,8,0,0,3,14,17,0,36,36,53
12/31/2020,FOE,KS,ACE,CE,Federal Contract Tower,0,0,4,0,4,0,0,3,0,3,0,0,7,0,7,0,0,0,7
01/01/2021,FOE,KS,ACE,CE,Federal Contract Tower,0,1,2,0,3,0,0,0,0,0,0,1,2,0,3,0,0,0,3
01/02/2021,FOE,KS,ACE,CE,Federal Contract Tower,0,1,3,0,4,0,0,1,0,1,0,1,4,0,5,0,0,0,5
01/03/2021,FOE,KS,ACE,CE,Federal Contract Tower,0,0,9,0,9,0,0,2,0,2,0,0,11,0,11,0,0,0,11
01/04/2021,FOE,KS,ACE,CE,Federal Contract Tower,2,0,2,10,14,0,0,16,0,16,2,0,18,10,30,12,40,52,82
01/05/2021,FOE,KS,ACE,CE,Federal Contract Tower,0,1,1,19,21,0,0,8,17,25,0,1,9,36,46,0,40,40,86
01/06/2021,FOE,KS,ACE,CE,Federal Contract Tower,0,1,10,1,12,0,0,15,0,15,0,1,25,1,27,0,12,12,39
01/07/2021,FOE,KS,ACE,CE,Federal Contract Tower,0,1,0,14,15,0,0,8,0,8,0,1,8,14,23,0,22,22,45
01/08/2021,FOE,KS,ACE,CE,Federal Contract Tower,0,1,5,13,19,0,3,20,17,40,0,4,25,30,59,18,148,166,225
01/09/2021,FOE,KS,ACE,CE,Federal Contract Tower,0,0,2,9,11,0,0,0,8,8,0,0,2,17,19,0,16,16,35
01/10/2021,FOE,KS,ACE,CE,Federal Contract Tower,0,0,3,11,14,0,0,12,3,15,0,0,15,14,29,10,18,28,57
01/11/2021,FOE,KS,ACE,CE,Federal Contract Tower,0,1,12,10,23,0,0,19,14,33,0,1,31,24,56,10,48,58,114
01/12/2021,FOE,KS,ACE,CE,Federal Contract Tower,0,0,6,27,33,0,0,18,30,48,0,0,24,57,81,0,42,42,123
01/13/2021,FOE,KS,ACE,CE,Federal Contract Tower,0,0,5,13,18,0,0,15,0,15,0,0,20,13,33,0,46,46,79
01/14/2021,FOE,KS,ACE,CE,Federal Contract Tower,0,0,17,0,17,0,0,4,0,4,0,0,21,0,21,0,0,0,21
01/15/2021,FOE,KS,ACE,CE,Federal Contract Tower,0,0,4,0,4,0,0,0,0,0,0,0,4,0,4,0,0,0,4
01/16/2021,FOE,KS,ACE,CE,Federal Contract Tower,1,2,2,0,5,0,0,2,2,4,1,2,4,2,9,4,12,16,25
01/17/2021,FOE,KS,ACE,CE,Federal Contract Tower,1,0,0,13,14,0,0,0,0,0,1,0,0,13,14,0,0,0,14
01/21/2021,FOE,KS,ACE,CE,Federal Contract Tower,0,2,3,13,18,0,0,6,0,6,0,2,9,13,24,52,144,196,220
01/22/2021,FOE,KS,ACE,CE,Federal Contract Tower,0,0,7,7,14,0,0,10,8,18,0,0,17,15,32,4,82,86,118
01/23/2021,FOE,KS,ACE,CE,Federal Contract Tower,0,0,3,0,3,0,0,13,0,13,0,0,16,0,16,4,0,4,20
01/24/2021,FOE,KS,ACE,CE,Federal Contract Tower,0,2,3,1,6,0,0,0,0,0,0,2,3,1,6,0,0,0,6
01/25/2021,FOE,KS,ACE,CE,Federal Contract Tower,0,0,5,0,5,0,0,0,0,0,0,0,5,0,5,0,0,0,5
01/26/2021,FOE,KS,ACE,CE,Federal Contract Tower,0,0,10,4,14,0,0,0,2,2,0,0,10,6,16,0,8,8,24
01/27/2021,FOE,KS,ACE,CE,Federal Contract Tower,2,0,4,4,10,0,0,4,0,4,2,0,8,4,14,0,0,0,14
01/28/2021,FOE,KS,ACE,CE,Federal Contract Tower,0,0,7,8,15,0,0,0,0,0,0,0,7,8,15,0,26,26,41
01/29/2021,FOE,KS,ACE,CE,Federal Contract Tower,2,0,6,9,17,0,0,14,1,15,2,0,20,10,32,2,82,84,116
01/30/2021,FOE,KS,ACE,CE,Federal Contract Tower,0,0,0,0,0,0,0,0,0,0,0,0,0,0,0,0,0,0,0
01/31/2021,FOE,KS,ACE,CE,Federal Contract Tower,1,0,7,0,8,0,0,1,0,1,1,0,8,0,9,0,0,0,9
02/01/2021,FOE,KS,ACE,CE,Federal Contract Tower,0,2,10,3,15,0,0,5,2,7,0,2,15,5,22,4,28,32,54
02/02/2021,FOE,KS,ACE,CE,Federal Contract Tower,0,0,7,9,16,0,0,14,0,14,0,0,21,9,30,8,12,20,50
02/04/2021,FOE,KS,ACE,CE,Federal Contract Tower,0,0,11,0,11,0,0,0,0,0,0,0,11,0,11,0,0,0,11
02/05/2021,FOE,KS,ACE,CE,Federal Contract Tower,2,0,14,30,46,0,0,13,16,29,2,0,27,46,75,24,142,166,241
02/06/2021,FOE,KS,ACE,CE,Federal Contract Tower,2,0,0,0,2,0,0,0,0,0,2,0,0,0,2,0,0,0,2
02/07/2021,FOE,KS,ACE,CE,Federal Contract Tower,0,0,3,0,3,0,0,0,0,0,0,0,3,0,3,0,0,0,3
02/08/2021,FOE,KS,ACE,CE,Federal Contract Tower,0,0,4,1,5,0,0,0,0,0,0,0,4,1,5,0,0,0,5
02/09/2021,FOE,KS,ACE,CE,Federal Contract Tower,0,4,3,2,9,0,0,6,3,9,0,4,9,5,18,0,14,14,32
02/10/2021,FOE,KS,ACE,CE,Federal Contract Tower,0,0,7,3,10,0,0,0,0,0,0,0,7,3,10,0,12,12,22
02/12/2021,FOE,KS,ACE,CE,Federal Contract Tower,0,0,7,3,10,0,0,2,0,2,0,0,9,3,12,0,0,0,12
02/13/2021,FOE,KS,ACE,CE,Federal Contract Tower,0,0,4,0,4,0,0,0,0,0,0,0,4,0,4,0,0,0,4
02/14/2021,FOE,KS,ACE,CE,Federal Contract Tower,0,0,0,0,0,0,0,0,0,0,0,0,0,0,0,0,0,0,0
02/15/2021,FOE,KS,ACE,CE,Federal Contract Tower,0,0,4,0,4,0,0,0,0,0,0,0,4,0,4,0,0,0,4
02/16/2021,FOE,KS,ACE,CE,Federal Contract Tower,0,0,3,3,6,0,0,6,2,8,0,0,9,5,14,0,10,10,24
02/17/2021,FOE,KS,ACE,CE,Federal Contract Tower,1,0,2,0,3,0,0,6,0,6,1,0,8,0,9,0,0,0,9
02/18/2021,FOE,KS,ACE,CE,Federal Contract Tower,0,0,6,4,10,0,0,0,0,0,0,0,6,4,10,0,10,10,20
02/19/2021,FOE,KS,ACE,CE,Federal Contract Tower,2,0,6,17,25,0,0,5,17,22,2,0,11,34,47,0,36,36,83
02/20/2021,FOE,KS,ACE,CE,Federal Contract Tower,2,0,2,0,4,0,0,2,0,2,2,0,4,0,6,4,0,4,10
02/21/2021,FOE,KS,ACE,CE,Federal Contract Tower,3,0,0,1,4,0,0,0,0,0,3,0,0,1,4,0,0,0,4
02/22/2021,FOE,KS,ACE,CE,Federal Contract Tower,1,0,9,21,31,0,0,35,4,39,1,0,44,25,70,6,54,60,130
02/23/2021,FOE,KS,ACE,CE,Federal Contract Tower,0,0,5,23,28,0,0,20,41,61,0,0,25,64,89,9,96,105,194
02/24/2021,FOE,KS,ACE,CE,Federal Contract Tower,0,0,9,11,20,0,0,11,0,11,0,0,20,11,31,24,62,86,117
02/25/2021,FOE,KS,ACE,CE,Federal Contract Tower,0,0,7,14,21,0,0,0,0,0,0,0,7,14,21,16,76,92,113
02/26/2021,FOE,KS,ACE,CE,Federal Contract Tower,2,0,11,14,27,0,0,2,0,2,2,0,13,14,29,12,34,46,75
02/27/2021,FOE,KS,ACE,CE,Federal Contract Tower,0,1,1,2,4,0,0,1,0,1,0,1,2,2,5,2,0,2,7
02/28/2021,FOE,KS,ACE,CE,Federal Contract Tower,0,2,6,1,9,0,0,6,0,6,0,2,12,1,15,0,0,0,15
03/01/2021,FOE,KS,ACE,CE,Federal Contract Tower,0,1,11,13,25,0,0,4,7,11,0,1,15,20,36,0,74,74,110
03/02/2021,FOE,KS,ACE,CE,Federal Contract Tower,0,0,10,8,18,0,0,8,0,8,0,0,18,8,26,31,71,102,128
03/03/2021,FOE,KS,ACE,CE,Federal Contract Tower,1,0,14,19,34,0,0,10,0,10,1,0,24,19,44,24,110,134,178
03/04/2021,FOE,KS,ACE,CE,Federal Contract Tower,0,0,14,17,31,0,0,6,0,6,0,0,20,17,37,40,199,239,276
03/05/2021,FOE,KS,ACE,CE,Federal Contract Tower,1,2,4,7,14,0,0,3,9,12,1,2,7,16,26,0,64,64,90
03/06/2021,FOE,KS,ACE,CE,Federal Contract Tower,5,0,0,4,9,0,0,11,0,11,5,0,11,4,20,18,24,42,62
03/07/2021,FOE,KS,ACE,CE,Federal Contract Tower,2,0,3,0,5,0,0,17,2,19,2,0,20,2,24,12,0,12,36
03/08/2021,FOE,KS,ACE,CE,Federal Contract Tower,0,0,10,14,24,0,0,25,2,27,0,0,35,16,51,28,4,32,83
03/09/2021,FOE,KS,ACE,CE,Federal Contract Tower,0,1,7,7,15,0,0,46,3,49,0,1,53,10,64,0,43,43,107
03/10/2021,FOE,KS,ACE,CE,Federal Contract Tower,0,0,7,8,15,0,0,4,0,4,0,0,11,8,19,0,2,2,21
03/11/2021,FOE,KS,ACE,CE,Federal Contract Tower,0,0,7,8,15,0,0,10,0,10,0,0,17,8,25,30,114,144,169
03/12/2021,FOE,KS,ACE,CE,Federal Contract Tower,0,0,2,0,2,0,0,0,0,0,0,0,2,0,2,0,0,0,2
03/13/2021,FOE,KS,ACE,CE,Federal Contract Tower,0,0,3,2,5,0,0,0,0,0,0,0,3,2,5,0,0,0,5
03/14/2021,FOE,KS,ACE,CE,Federal Contract Tower,0,3,1,2,6,0,0,0,0,0,0,3,1,2,6,0,0,0,6
03/15/2021,FOE,KS,ACE,CE,Federal Contract Tower,0,0,2,23,25,0,0,3,4,7,0,0,5,27,32,2,12,14,46
03/16/2021,FOE,KS,ACE,CE,Federal Contract Tower,0,1,7,29,37,0,0,0,0,0,0,1,7,29,37,0,26,26,63
03/17/2021,FOE,KS,ACE,CE,Federal Contract Tower,0,0,2,7,9,0,0,0,0,0,0,0,2,7,9,0,30,30,39
03/19/2021,FOE,KS,ACE,CE,Federal Contract Tower,0,1,4,19,24,0,0,17,15,32,0,1,21,34,56,6,156,162,218
03/20/2021,FOE,KS,ACE,CE,Federal Contract Tower,0,0,3,9,12,0,0,11,3,14,0,0,14,12,26,2,20,22,48
03/21/2021,FOE,KS,ACE,CE,Federal Contract Tower,0,0,4,0,4,0,0,1,0,1,0,0,5,0,5,0,0,0,5
03/22/2021,FOE,KS,ACE,CE,Federal Contract Tower,0,0,7,9,16,0,0,6,2,8,0,0,13,11,24,0,84,84,108
03/23/2021,FOE,KS,ACE,CE,Federal Contract Tower,4,0,7,15,26,0,0,2,6,8,4,0,9,21,34,0,0,0,34
03/26/2021,FOE,KS,ACE,CE,Federal Contract Tower,0,0,6,10,16,0,0,1,2,3,0,0,7,12,19,0,0,0,19
03/27/2021,FOE,KS,ACE,CE,Federal Contract Tower,3,2,14,13,32,0,0,10,4,14,3,2,24,17,46,0,0,0,46
03/28/2021,FOE,KS,ACE,CE,Federal Contract Tower,0,1,5,2,8,0,0,9,1,10,0,1,14,3,18,0,0,0,18
03/29/2021,FOE,KS,ACE,CE,Federal Contract Tower,0,0,4,0,4,0,0,0,0,0,0,0,4,0,4,0,0,0,4
03/30/2021,FOE,KS,ACE,CE,Federal Contract Tower,0,0,7,7,14,0,0,2,2,4,0,0,9,9,18,24,40,64,82
03/31/2021,FOE,KS,ACE,CE,Federal Contract Tower,0,1,37,31,69,0,0,12,0,12,0,1,49,31,81,8,130,138,219
04/05/2021,FOE,KS,ACE,CE,Federal Contract Tower,0,0,10,5,15,0,0,2,3,5,0,0,12,8,20,32,0,32,52
04/06/2021,FOE,KS,ACE,CE,Federal Contract Tower,0,0,8,6,14,0,0,12,0,12,0,0,20,6,26,18,0,18,44
04/07/2021,FOE,KS,ACE,CE,Federal Contract Tower,0,0,15,5,20,0,0,14,0,14,0,0,29,5,34,0,0,0,34
04/08/2021,FOE,KS,ACE,CE,Federal Contract Tower,0,0,6,14,20,0,0,44,34,78,0,0,50,48,98,0,10,10,108
04/10/2021,FOE,KS,ACE,CE,Federal Contract Tower,0,3,5,3,11,0,0,0,1,1,0,3,5,4,12,2,76,78,90
04/11/2021,FOE,KS,ACE,CE,Federal Contract Tower,0,1,6,4,11,0,3,23,0,26,0,4,29,4,37,2,0,2,39
04/12/2021,FOE,KS,ACE,CE,Federal Contract Tower,0,2,9,19,30,0,0,6,2,8,0,2,15,21,38,4,52,56,94
04/13/2021,FOE,KS,ACE,CE,Federal Contract Tower,0,0,5,20,25,0,0,12,8,20,0,0,17,28,45,6,46,52,97
04/14/2021,FOE,KS,ACE,CE,Federal Contract Tower,0,0,21,28,49,0,0,4,18,22,0,0,25,46,71,0,72,72,143
04/15/2021,FOE,KS,ACE,CE,Federal Contract Tower,0,0,13,14,27,0,0,10,0,10,0,0,23,14,37,0,126,126,163
04/16/2021,FOE,KS,ACE,CE,Federal Contract Tower,0,0,7,2,9,0,0,0,0,0,0,0,7,2,9,0,0,0,9
04/17/2021,FOE,KS,ACE,CE,Federal Contract Tower,0,0,3,2,5,0,0,11,0,11,0,0,14,2,16,10,0,10,26
04/18/2021,FOE,KS,ACE,CE,Federal Contract Tower,0,2,7,2,11,0,2,17,0,19,0,4,24,2,30,10,4,14,44
04/19/2021,FOE,KS,ACE,CE,Federal Contract Tower,0,0,1,7,8,0,0,8,3,11,0,0,9,10,19,8,6,14,33
04/20/2021,FOE,KS,ACE,CE,Federal Contract Tower,0,0,16,17,33,0,0,0,5,5,0,0,16,22,38,0,56,56,94
04/21/2021,FOE,KS,ACE,CE,Federal Contract Tower,0,0,21,26,47,0,0,10,13,23,0,0,31,39,70,14,104,118,188
04/22/2021,FOE,KS,ACE,CE,Federal Contract Tower,0,0,19,12,31,0,0,12,0,12,0,0,31,12,43,0,132,132,175
04/23/2021,FOE,KS,ACE,CE,Federal Contract Tower,0,1,8,1,10,0,0,3,3,6,0,1,11,4,16,0,0,0,16
04/24/2021,FOE,KS,ACE,CE,Federal Contract Tower,0,0,6,1,7,0,0,19,0,19,0,0,25,1,26,28,0,28,54
04/25/2021,FOE,KS,ACE,CE,Federal Contract Tower,0,0,2,7,9,0,0,3,2,5,0,0,5,9,14,0,30,30,44
04/26/2021,FOE,KS,ACE,CE,Federal Contract Tower,0,0,2,1,3,0,0,7,1,8,0,0,9,2,11,2,0,2,13
04/27/2021,FOE,KS,ACE,CE,Federal Contract Tower,0,1,2,9,12,0,0,9,0,9,0,1,11,9,21,0,0,0,21
04/28/2021,FOE,KS,ACE,CE,Federal Contract Tower,0,1,16,2,19,0,0,8,0,8,0,1,24,2,27,0,68,68,95
04/29/2021,FOE,KS,ACE,CE,Federal Contract Tower,0,0,17,34,51,0,0,10,0,10,0,0,27,34,61,54,174,228,289
04/30/2021,FOE,KS,ACE,CE,Federal Contract Tower,0,3,7,17,27,0,0,24,16,40,0,3,31,33,67,13,52,65,132
05/01/2021,FOE,KS,ACE,CE,Federal Contract Tower,0,2,3,14,19,0,0,18,1,19,0,2,21,15,38,0,18,18,56
05/02/2021,FOE,KS,ACE,CE,Federal Contract Tower,0,1,7,0,8,0,0,7,0,7,0,1,14,0,15,0,0,0,15
05/03/2021,FOE,KS,ACE,CE,Federal Contract Tower,0,3,17,25,45,0,0,8,4,12,0,3,25,29,57,10,16,26,83
05/04/2021,FOE,KS,ACE,CE,Federal Contract Tower,0,2,12,23,37,0,0,10,7,17,0,2,22,30,54,0,49,49,103
05/05/2021,FOE,KS,ACE,CE,Federal Contract Tower,0,1,15,23,39,0,0,21,0,21,0,1,36,23,60,6,198,204,264
05/06/2021,FOE,KS,ACE,CE,Federal Contract Tower,0,0,10,14,24,0,0,10,0,10,0,0,20,14,34,6,54,60,94
05/07/2021,FOE,KS,ACE,CE,Federal Contract Tower,0,2,15,7,24,0,0,4,0,4,0,2,19,7,28,14,34,48,76
05/08/2021,FOE,KS,ACE,CE,Federal Contract Tower,2,0,3,10,15,0,0,7,0,7,2,0,10,10,22,8,0,8,30
05/09/2021,FOE,KS,ACE,CE,Federal Contract Tower,0,0,4,3,7,0,0,1,1,2,0,0,5,4,9,0,0,0,9
05/10/2021,FOE,KS,ACE,CE,Federal Contract Tower,0,0,9,9,18,0,0,28,0,28,0,0,37,9,46,6,24,30,76
05/11/2021,FOE,KS,ACE,CE,Federal Contract Tower,0,0,9,25,34,0,0,7,7,14,0,0,16,32,48,0,140,140,188
05/12/2021,FOE,KS,ACE,CE,Federal Contract Tower,0,0,14,12,26,0,0,11,0,11,0,0,25,12,37,84,76,160,197
05/14/2021,FOE,KS,ACE,CE,Federal Contract Tower,0,0,5,17,22,0,0,69,1,70,0,0,74,18,92,24,90,114,206
05/15/2021,FOE,KS,ACE,CE,Federal Contract Tower,0,0,7,9,16,0,0,15,1,16,0,0,22,10,32,0,0,0,32
05/16/2021,FOE,KS,ACE,CE,Federal Contract Tower,0,0,11,3,14,0,0,2,0,2,0,0,13,3,16,0,0,0,16
05/17/2021,FOE,KS,ACE,CE,Federal Contract Tower,0,0,5,26,31,0,0,4,0,4,0,0,9,26,35,2,26,28,63
05/18/2021,FOE,KS,ACE,CE,Federal Contract Tower,0,1,12,22,35,0,0,12,10,22,0,1,24,32,57,2,60,62,119
05/19/2021,FOE,KS,ACE,CE,Federal Contract Tower,0,0,10,19,29,0,0,8,0,8,0,0,18,19,37,0,0,0,37
05/21/2021,FOE,KS,ACE,CE,Federal Contract Tower,0,1,9,13,23,0,0,10,32,42,0,1,19,45,65,0,40,40,105
05/22/2021,FOE,KS,ACE,CE,Federal Contract Tower,0,0,4,23,27,0,0,0,4,4,0,0,4,27,31,0,60,60,91
05/23/2021,FOE,KS,ACE,CE,Federal Contract Tower,0,0,1,4,5,0,0,2,0,2,0,0,3,4,7,14,0,14,21
05/24/2021,FOE,KS,ACE,CE,Federal Contract Tower,0,0,3,14,17,0,0,11,9,20,0,0,14,23,37,0,42,42,79
05/25/2021,FOE,KS,ACE,CE,Federal Contract Tower,0,0,8,16,24,0,0,8,2,10,0,0,16,18,34,0,127,127,161
05/26/2021,FOE,KS,ACE,CE,Federal Contract Tower,0,0,17,31,48,0,0,14,6,20,0,0,31,37,68,18,144,162,230
05/27/2021,FOE,KS,ACE,CE,Federal Contract Tower,0,0,9,3,12,0,0,6,0,6,0,0,15,3,18,0,40,40,58
05/28/2021,FOE,KS,ACE,CE,Federal Contract Tower,0,0,2,23,25,0,0,11,0,11,0,0,13,23,36,0,0,0,36
05/29/2021,FOE,KS,ACE,CE,Federal Contract Tower,0,1,15,0,16,0,0,12,0,12,0,1,27,0,28,0,0,0,28
05/30/2021,FOE,KS,ACE,CE,Federal Contract Tower,0,3,4,1,8,0,2,7,0,9,0,5,11,1,17,0,0,0,17
05/31/2021,FOE,KS,ACE,CE,Federal Contract Tower,0,2,6,0,8,0,0,0,0,0,0,2,6,0,8,0,0,0,8
06/01/2021,FOE,KS,ACE,CE,Federal Contract Tower,0,1,9,46,56,0,0,8,4,12,0,1,17,50,68,0,53,53,121
06/02/2021,FOE,KS,ACE,CE,Federal Contract Tower,0,5,24,6,35,0,0,10,0,10,0,5,34,6,45,0,86,86,131
06/03/2021,FOE,KS,ACE,CE,Federal Contract Tower,0,3,10,27,40,0,0,10,0,10,0,3,20,27,50,2,24,26,76
06/04/2021,FOE,KS,ACE,CE,Federal Contract Tower,0,0,6,11,17,0,0,27,1,28,0,0,33,12,45,16,88,104,149
06/05/2021,FOE,KS,ACE,CE,Federal Contract Tower,0,0,12,6,18,0,0,44,0,44,0,0,56,6,62,0,84,84,146
06/06/2021,FOE,KS,ACE,CE,Federal Contract Tower,0,1,5,7,13,0,0,5,8,13,0,1,10,15,26,2,14,16,42
06/07/2021,FOE,KS,ACE,CE,Federal Contract Tower,0,1,6,33,40,0,0,18,21,39,0,1,24,54,79,22,172,194,273
06/08/2021,FOE,KS,ACE,CE,Federal Contract Tower,2,3,3,9,17,0,0,9,18,27,2,3,12,27,44,0,176,176,220
06/09/2021,FOE,KS,ACE,CE,Federal Contract Tower,0,1,17,8,26,0,0,8,0,8,0,1,25,8,34,0,204,204,238
06/10/2021,FOE,KS,ACE,CE,Federal Contract Tower,0,1,11,8,20,0,0,12,7,19,0,1,23,15,39,0,0,0,39
06/11/2021,FOE,KS,ACE,CE,Federal Contract Tower,0,0,5,14,19,0,0,8,0,8,0,0,13,14,27,0,134,134,161
06/12/2021,FOE,KS,ACE,CE,Federal Contract Tower,0,1,14,2,17,0,0,12,0,12,0,1,26,2,29,0,44,44,73
06/13/2021,FOE,KS,ACE,CE,Federal Contract Tower,0,0,2,2,4,0,0,20,5,25,0,0,22,7,29,20,16,36,65
06/14/2021,FOE,KS,ACE,CE,Federal Contract Tower,0,0,5,21,26,0,0,16,14,30,0,0,21,35,56,20,82,102,158
06/15/2021,FOE,KS,ACE,CE,Federal Contract Tower,0,2,11,16,29,0,0,8,7,15,0,2,19,23,44,0,56,56,100
06/16/2021,FOE,KS,ACE,CE,Federal Contract Tower,0,0,13,14,27,0,0,10,0,10,0,0,23,14,37,0,100,100,137
06/17/2021,FOE,KS,ACE,CE,Federal Contract Tower,0,0,13,8,21,0,0,13,3,16,0,0,26,11,37,14,74,88,125
06/18/2021,FOE,KS,ACE,CE,Federal Contract Tower,1,0,5,5,11,0,0,4,0,4,1,0,9,5,15,0,10,10,25
06/19/2021,FOE,KS,ACE,CE,Federal Contract Tower,0,0,2,1,3,0,0,12,0,12,0,0,14,1,15,0,3,3,18
06/20/2021,FOE,KS,ACE,CE,Federal Contract Tower,0,0,1,2,3,0,0,3,0,3,0,0,4,2,6,0,0,0,6
06/21/2021,FOE,KS,ACE,CE,Federal Contract Tower,0,0,3,2,5,0,0,8,2,10,0,0,11,4,15,0,14,14,29
06/22/2021,FOE,KS,ACE,CE,Federal Contract Tower,0,1,17,12,30,0,1,20,1,22,0,2,37,13,52,10,16,26,78
06/23/2021,FOE,KS,ACE,CE,Federal Contract Tower,0,0,20,7,27,0,0,20,0,20,0,0,40,7,47,0,154,154,201
06/24/2021,FOE,KS,ACE,CE,Federal Contract Tower,1,3,8,24,36,0,0,16,9,25,1,3,24,33,61,18,122,140,201
06/25/2021,FOE,KS,ACE,CE,Federal Contract Tower,2,0,29,29,60,0,0,47,5,52,2,0,76,34,112,98,157,255,367
06/26/2021,FOE,KS,ACE,CE,Federal Contract Tower,0,0,11,2,13,0,0,57,0,57,0,0,68,2,70,0,10,10,80
06/27/2021,FOE,KS,ACE,CE,Federal Contract Tower,0,0,4,4,8,0,0,240,20,260,0,0,244,24,268,28,0,28,296
06/28/2021,FOE,KS,ACE,CE,Federal Contract Tower,0,0,8,26,34,0,0,14,2,16,0,0,22,28,50,16,6,22,72
06/29/2021,FOE,KS,ACE,CE,Federal Contract Tower,0,0,9,0,9,0,0,14,0,14,0,0,23,0,23,0,0,0,23
06/30/2021,FOE,KS,ACE,CE,Federal Contract Tower,1,1,8,4,14,0,0,0,0,0,1,1,8,4,14,0,0,0,14
07/01/2021,FOE,KS,ACE,CE,Federal Contract Tower,0,2,21,5,28,0,0,6,0,6,0,2,27,5,34,0,0,0,34
07/02/2021,FOE,KS,ACE,CE,Federal Contract Tower,0,0,9,2,11,0,0,18,0,18,0,0,27,2,29,10,0,10,39
07/03/2021,FOE,KS,ACE,CE,Federal Contract Tower,0,0,17,0,17,0,0,11,0,11,0,0,28,0,28,2,0,2,30
07/04/2021,FOE,KS,ACE,CE,Federal Contract Tower,0,2,7,2,11,0,0,28,0,28,0,2,35,2,39,14,0,14,53
07/05/2021,FOE,KS,ACE,CE,Federal Contract Tower,0,2,4,0,6,0,0,9,0,9,0,2,13,0,15,4,0,4,19
07/06/2021,FOE,KS,ACE,CE,Federal Contract Tower,0,0,14,24,38,0,1,14,9,24,0,1,28,33,62,0,62,62,124
07/07/2021,FOE,KS,ACE,CE,Federal Contract Tower,0,0,17,11,28,0,0,11,0,11,0,0,28,11,39,12,52,64,103
07/09/2021,FOE,KS,ACE,CE,Federal Contract Tower,0,1,4,4,9,0,0,1,3,4,0,1,5,7,13,0,12,12,25
07/10/2021,FOE,KS,ACE,CE,Federal Contract Tower,1,0,5,0,6,0,0,5,0,5,1,0,10,0,11,8,0,8,19
07/11/2021,FOE,KS,ACE,CE,Federal Contract Tower,0,0,10,1,11,0,0,11,0,11,0,0,21,1,22,6,0,6,28
07/12/2021,FOE,KS,ACE,CE,Federal Contract Tower,0,1,8,49,58,0,0,24,0,24,0,1,32,49,82,24,88,112,194
07/13/2021,FOE,KS,ACE,CE,Federal Contract Tower,0,0,10,22,32,0,0,30,3,33,0,0,40,25,65,30,62,92,157
07/14/2021,FOE,KS,ACE,CE,Federal Contract Tower,2,0,19,20,41,0,0,26,2,28,2,0,45,22,69,7,86,93,162
07/15/2021,FOE,KS,ACE,CE,Federal Contract Tower,0,1,10,1,12,0,0,0,0,0,0,1,10,1,12,0,0,0,12
07/16/2021,FOE,KS,ACE,CE,Federal Contract Tower,0,0,14,8,22,0,0,7,0,7,0,0,21,8,29,30,14,44,73
07/17/2021,FOE,KS,ACE,CE,Federal Contract Tower,1,2,8,1,12,0,0,1,0,1,1,2,9,1,13,0,2,2,15
07/18/2021,FOE,KS,ACE,CE,Federal Contract Tower,2,0,6,1,9,0,0,4,0,4,2,0,10,1,13,14,0,14,27
07/19/2021,FOE,KS,ACE,CE,Federal Contract Tower,0,8,10,15,33,0,0,14,5,19,0,8,24,20,52,6,64,70,122
07/20/2021,FOE,KS,ACE,CE,Federal Contract Tower,0,0,16,18,34,0,0,24,13,37,0,0,40,31,71,19,140,159,230
07/21/2021,FOE,KS,ACE,CE,Federal Contract Tower,1,2,23,15,41,0,0,8,0,8,1,2,31,15,49,14,52,66,115
07/22/2021,FOE,KS,ACE,CE,Federal Contract Tower,0,1,20,6,27,0,0,13,0,13,0,1,33,6,40,54,80,134,174
07/23/2021,FOE,KS,ACE,CE,Federal Contract Tower,0,0,8,47,55,0,2,15,16,33,0,2,23,63,88,0,192,192,280
07/24/2021,FOE,KS,ACE,CE,Federal Contract Tower,0,0,2,0,2,0,4,5,0,9,0,4,7,0,11,0,0,0,11
07/25/2021,FOE,KS,ACE,CE,Federal Contract Tower,0,0,7,0,7,0,2,7,0,9,0,2,14,0,16,0,0,0,16
07/26/2021,FOE,KS,ACE,CE,Federal Contract Tower,0,0,12,6,18,0,0,4,1,5,0,0,16,7,23,10,42,52,75
07/27/2021,FOE,KS,ACE,CE,Federal Contract Tower,0,0,7,25,32,0,0,13,12,25,0,0,20,37,57,54,70,124,181
07/28/2021,FOE,KS,ACE,CE,Federal Contract Tower,0,0,24,19,43,0,0,0,0,0,0,0,24,19,43,66,112,178,221
07/29/2021,FOE,KS,ACE,CE,Federal Contract Tower,2,0,17,16,35,0,0,8,4,12,2,0,25,20,47,10,92,102,149
07/30/2021,FOE,KS,ACE,CE,Federal Contract Tower,0,2,4,34,40,0,0,11,1,12,0,2,15,35,52,34,62,96,148
07/31/2021,FOE,KS,ACE,CE,Federal Contract Tower,1,0,5,0,6,0,0,12,3,15,1,0,17,3,21,0,0,0,21
08/01/2021,FOE,KS,ACE,CE,Federal Contract Tower,0,2,4,18,24,0,0,8,0,8,0,2,12,18,32,10,14,24,56
08/02/2021,FOE,KS,ACE,CE,Federal Contract Tower,0,3,4,20,27,0,0,7,0,7,0,3,11,20,34,0,66,66,100
08/03/2021,FOE,KS,ACE,CE,Federal Contract Tower,0,0,10,6,16,0,0,17,4,21,0,0,27,10,37,0,28,28,65
08/04/2021,FOE,KS,ACE,CE,Federal Contract Tower,0,0,13,10,23,0,1,15,2,18,0,1,28,12,41,30,40,70,111
08/05/2021,FOE,KS,ACE,CE,Federal Contract Tower,0,0,9,6,15,0,0,7,0,7,0,0,16,6,22,4,10,14,36
08/06/2021,FOE,KS,ACE,CE,Federal Contract Tower,2,0,11,14,27,0,0,10,0,10,2,0,21,14,37,0,22,22,59
08/07/2021,FOE,KS,ACE,CE,Federal Contract Tower,0,0,2,5,7,0,0,8,0,8,0,0,10,5,15,0,0,0,15
08/08/2021,FOE,KS,ACE,CE,Federal Contract Tower,0,0,7,6,13,0,0,4,2,6,0,0,11,8,19,0,2,2,21
08/09/2021,FOE,KS,ACE,CE,Federal Contract Tower,0,3,5,26,34,0,2,7,6,15,0,5,12,32,49,0,62,62,111
08/10/2021,FOE,KS,ACE,CE,Federal Contract Tower,0,0,7,6,13,0,0,8,0,8,0,0,15,6,21,0,32,32,53
08/11/2021,FOE,KS,ACE,CE,Federal Contract Tower,0,1,9,0,10,0,0,9,0,9,0,1,18,0,19,0,0,0,19
08/12/2021,FOE,KS,ACE,CE,Federal Contract Tower,0,0,12,5,17,0,0,1,0,1,0,0,13,5,18,0,10,10,28
08/13/2021,FOE,KS,ACE,CE,Federal Contract Tower,0,1,14,40,55,0,0,5,3,8,0,1,19,43,63,0,70,70,133
08/14/2021,FOE,KS,ACE,CE,Federal Contract Tower,0,0,11,7,18,0,1,8,0,9,0,1,19,7,27,8,16,24,51
08/15/2021,FOE,KS,ACE,CE,Federal Contract Tower,0,5,19,19,43,0,1,12,1,14,0,6,31,20,57,16,0,16,73
08/16/2021,FOE,KS,ACE,CE,Federal Contract Tower,0,5,2,20,27,0,0,5,2,7,0,5,7,22,34,2,80,82,116
08/17/2021,FOE,KS,ACE,CE,Federal Contract Tower,0,0,9,10,19,0,0,14,10,24,0,0,23,20,43,10,32,42,85
08/18/2021,FOE,KS,ACE,CE,Federal Contract Tower,0,0,31,28,59,0,0,16,0,16,0,0,47,28,75,44,29,73,148
08/19/2021,FOE,KS,ACE,CE,Federal Contract Tower,0,5,10,16,31,0,0,12,0,12,0,5,22,16,43,26,2,28,71
08/20/2021,FOE,KS,ACE,CE,Federal Contract Tower,0,4,9,5,18,0,0,4,0,4,0,4,13,5,22,10,12,22,44
08/21/2021,FOE,KS,ACE,CE,Federal Contract Tower,0,0,5,1,6,0,0,10,0,10,0,0,15,1,16,6,0,6,22
08/22/2021,FOE,KS,ACE,CE,Federal Contract Tower,0,3,12,7,22,0,2,13,0,15,0,5,25,7,37,8,4,12,49
08/23/2021,FOE,KS,ACE,CE,Federal Contract Tower,0,0,8,17,25,0,0,5,3,8,0,0,13,20,33,0,90,90,123
08/24/2021,FOE,KS,ACE,CE,Federal Contract Tower,0,0,9,13,22,0,0,14,9,23,0,0,23,22,45,6,40,46,91
08/25/2021,FOE,KS,ACE,CE,Federal Contract Tower,0,0,14,10,24,0,0,6,2,8,0,0,20,12,32,10,22,32,64
08/26/2021,FOE,KS,ACE,CE,Federal Contract Tower,0,0,16,8,24,0,0,16,0,16,0,0,32,8,40,28,20,48,88
08/27/2021,FOE,KS,ACE,CE,Federal Contract Tower,0,0,2,23,25,0,0,13,11,24,0,0,15,34,49,2,34,36,85
08/28/2021,FOE,KS,ACE,CE,Federal Contract Tower,0,0,2,2,4,0,0,17,0,17,0,0,19,2,21,0,0,0,21
08/29/2021,FOE,KS,ACE,CE,Federal Contract Tower,0,0,1,0,1,0,0,8,2,10,0,0,9,2,11,4,14,18,29
08/30/2021,FOE,KS,ACE,CE,Federal Contract Tower,0,0,5,8,13,0,0,4,9,13,0,0,9,17,26,14,74,88,114
08/31/2021,FOE,KS,ACE,CE,Federal Contract Tower,0,0,9,13,22,0,0,9,2,11,0,0,18,15,33,4,36,40,73
09/01/2021,FOE,KS,ACE,CE,Federal Contract Tower,0,0,12,4,16,0,0,16,0,16,0,0,28,4,32,0,0,0,32
09/03/2021,FOE,KS,ACE,CE,Federal Contract Tower,0,0,9,0,9,0,0,0,0,0,0,0,9,0,9,14,0,14,23
09/04/2021,FOE,KS,ACE,CE,Federal Contract Tower,0,0,6,0,6,0,0,2,0,2,0,0,8,0,8,0,0,0,8
09/05/2021,FOE,KS,ACE,CE,Federal Contract Tower,0,0,1,0,1,0,0,12,0,12,0,0,13,0,13,4,0,4,17
09/06/2021,FOE,KS,ACE,CE,Federal Contract Tower,0,2,8,1,11,0,0,15,0,15,0,2,23,1,26,18,0,18,44
09/07/2021,FOE,KS,ACE,CE,Federal Contract Tower,0,2,10,7,19,0,0,21,8,29,0,2,31,15,48,6,8,14,62
09/08/2021,FOE,KS,ACE,CE,Federal Contract Tower,0,0,10,3,13,0,0,16,1,17,0,0,26,4,30,24,28,52,82
09/09/2021,FOE,KS,ACE,CE,Federal Contract Tower,0,0,23,17,40,0,0,18,0,18,0,0,41,17,58,74,52,126,184
09/10/2021,FOE,KS,ACE,CE,Federal Contract Tower,0,1,12,4,17,0,0,12,2,14,0,1,24,6,31,38,10,48,79
09/11/2021,FOE,KS,ACE,CE,Federal Contract Tower,0,0,7,1,8,0,0,3,22,25,0,0,10,23,33,0,0,0,33
09/12/2021,FOE,KS,ACE,CE,Federal Contract Tower,0,0,10,11,21,0,0,14,1,15,0,0,24,12,36,0,4,4,40
09/13/2021,FOE,KS,ACE,CE,Federal Contract Tower,0,0,5,9,14,0,0,10,0,10,0,0,15,9,24,0,0,0,24
09/14/2021,FOE,KS,ACE,CE,Federal Contract Tower,0,0,4,13,17,0,0,9,7,16,0,0,13,20,33,48,34,82,115
09/15/2021,FOE,KS,ACE,CE,Federal Contract Tower,0,0,18,17,35,0,0,14,0,14,0,0,32,17,49,14,42,56,105
09/16/2021,FOE,KS,ACE,CE,Federal Contract Tower,0,1,13,33,47,0,0,8,33,41,0,1,21,66,88,18,105,123,211
09/17/2021,FOE,KS,ACE,CE,Federal Contract Tower,0,0,13,32,45,0,0,20,0,20,0,0,33,32,65,14,64,78,143
09/18/2021,FOE,KS,ACE,CE,Federal Contract Tower,0,0,5,0,5,0,0,11,2,13,0,0,16,2,18,4,0,4,22
09/19/2021,FOE,KS,ACE,CE,Federal Contract Tower,0,0,6,18,24,0,0,3,1,4,0,0,9,19,28,2,14,16,44
09/20/2021,FOE,KS,ACE,CE,Federal Contract Tower,0,0,11,17,28,0,0,6,1,7,0,0,17,18,35,10,20,30,65
09/21/2021,FOE,KS,ACE,CE,Federal Contract Tower,0,2,6,16,24,0,0,11,5,16,0,2,17,21,40,0,10,10,50
09/22/2021,FOE,KS,ACE,CE,Federal Contract Tower,0,0,14,5,19,0,0,16,0,16,0,0,30,5,35,8,6,14,49
09/23/2021,FOE,KS,ACE,CE,Federal Contract Tower,1,0,17,5,23,0,32,13,1,46,1,32,30,6,69,25,0,25,94
09/24/2021,FOE,KS,ACE,CE,Federal Contract Tower,1,4,12,0,17,0,0,4,11,15,1,4,16,11,32,0,42,42,74
09/25/2021,FOE,KS,ACE,CE,Federal Contract Tower,0,2,4,0,6,0,0,3,1,4,0,2,7,1,10,6,0,6,16
09/26/2021,FOE,KS,ACE,CE,Federal Contract Tower,0,6,4,0,10,0,0,2,0,2,0,6,6,0,12,0,0,0,12
09/27/2021,FOE,KS,ACE,CE,Federal Contract Tower,0,1,9,18,28,0,0,10,0,10,0,1,19,18,38,6,4,10,48
09/28/2021,FOE,KS,ACE,CE,Federal Contract Tower,0,1,8,23,32,0,3,10,10,23,0,4,18,33,55,0,30,30,85
09/29/2021,FOE,KS,ACE,CE,Federal Contract Tower,1,0,9,2,12,0,0,2,12,14,1,0,11,14,26,0,0,0,26
09/30/2021,FOE,KS,ACE,CE,Federal Contract Tower,0,2,2,2,6,0,0,2,0,2,0,2,4,2,8,0,2,2,10
10/02/2021,FOE,KS,ACE,CE,Federal Contract Tower,0,0,6,0,6,0,0,4,0,4,0,0,10,0,10,0,0,0,10
10/03/2021,FOE,KS,ACE,CE,Federal Contract Tower,1,0,9,0,10,0,0,5,0,5,1,0,14,0,15,14,0,14,29
10/04/2021,FOE,KS,ACE,CE,Federal Contract Tower,0,0,11,2,13,0,0,16,1,17,0,0,27,3,30,18,52,70,100
10/05/2021,FOE,KS,ACE,CE,Federal Contract Tower,0,0,12,10,22,0,0,17,16,33,0,0,29,26,55,18,60,78,133
10/06/2021,FOE,KS,ACE,CE,Federal Contract Tower,0,0,8,2,10,0,0,0,0,0,0,0,8,2,10,0,0,0,10
10/07/2021,FOE,KS,ACE,CE,Federal Contract Tower,0,0,12,4,16,0,0,10,0,10,0,0,22,4,26,4,10,14,40
10/08/2021,FOE,KS,ACE,CE,Federal Contract Tower,0,2,6,19,27,0,0,9,0,9,0,2,15,19,36,0,30,30,66
10/09/2021,FOE,KS,ACE,CE,Federal Contract Tower,0,0,5,2,7,0,0,6,0,6,0,0,11,2,13,4,0,4,17
10/10/2021,FOE,KS,ACE,CE,Federal Contract Tower,0,3,5,1,9,0,0,2,0,2,0,3,7,1,11,0,0,0,11
10/11/2021,FOE,KS,ACE,CE,Federal Contract Tower,0,6,5,0,11,0,2,4,0,6,0,8,9,0,17,16,0,16,33
10/12/2021,FOE,KS,ACE,CE,Federal Contract Tower,0,0,4,4,8,0,0,4,8,12,0,0,8,12,20,0,24,24,44
10/13/2021,FOE,KS,ACE,CE,Federal Contract Tower,0,0,6,11,17,0,0,14,0,14,0,0,20,11,31,0,0,0,31
10/14/2021,FOE,KS,ACE,CE,Federal Contract Tower,0,3,15,8,26,0,0,10,0,10,0,3,25,8,36,0,60,60,96
10/16/2021,FOE,KS,ACE,CE,Federal Contract Tower,2,0,6,0,8,0,0,6,10,16,2,0,12,10,24,0,12,12,36
10/17/2021,FOE,KS,ACE,CE,Federal Contract Tower,0,0,7,5,12,0,0,11,10,21,0,0,18,15,33,10,6,16,49
10/18/2021,FOE,KS,ACE,CE,Federal Contract Tower,0,0,16,9,25,0,2,15,3,20,0,2,31,12,45,0,0,0,45
10/19/2021,FOE,KS,ACE,CE,Federal Contract Tower,0,0,8,8,16,0,0,8,6,14,0,0,16,14,30,4,16,20,50
10/20/2021,FOE,KS,ACE,CE,Federal Contract Tower,2,3,8,9,22,0,0,5,0,5,2,3,13,9,27,4,22,26,53
10/21/2021,FOE,KS,ACE,CE,Federal Contract Tower,0,0,11,7,18,0,0,4,0,4,0,0,15,7,22,0,8,8,30
10/22/2021,FOE,KS,ACE,CE,Federal Contract Tower,0,0,8,14,22,0,0,10,7,17,0,0,18,21,39,16,108,124,163
10/23/2021,FOE,KS,ACE,CE,Federal Contract Tower,2,0,5,1,8,0,0,0,0,0,2,0,5,1,8,0,0,0,8
10/24/2021,FOE,KS,ACE,CE,Federal Contract Tower,0,0,2,7,9,0,0,3,0,3,0,0,5,7,12,0,0,0,12
10/25/2021,FOE,KS,ACE,CE,Federal Contract Tower,2,0,9,16,27,0,0,14,0,14,2,0,23,16,41,0,0,0,41
10/26/2021,FOE,KS,ACE,CE,Federal Contract Tower,0,0,8,17,25,0,0,10,10,20,0,0,18,27,45,0,31,31,76
10/28/2021,FOE,KS,ACE,CE,Federal Contract Tower,0,0,4,0,4,0,0,0,0,0,0,0,4,0,4,0,0,0,4
10/29/2021,FOE,KS,ACE,CE,Federal Contract Tower,0,0,8,10,18,0,0,2,4,6,0,0,10,14,24,0,14,14,38
10/30/2021,FOE,KS,ACE,CE,Federal Contract Tower,0,1,4,0,5,0,0,22,0,22,0,1,26,0,27,18,0,18,45
10/31/2021,FOE,KS,ACE,CE,Federal Contract Tower,0,2,1,0,3,0,0,9,0,9,0,2,10,0,12,2,0,2,14
11/01/2021,FOE,KS,ACE,CE,Federal Contract Tower,0,0,3,13,16,0,0,1,0,1,0,0,4,13,17,0,18,18,35
11/02/2021,FOE,KS,ACE,CE,Federal Contract Tower,0,1,9,11,21,0,0,8,13,21,0,1,17,24,42,0,73,73,115
11/03/2021,FOE,KS,ACE,CE,Federal Contract Tower,0,0,10,16,26,0,0,6,4,10,0,0,16,20,36,0,112,112,148
11/04/2021,FOE,KS,ACE,CE,Federal Contract Tower,0,0,7,4,11,0,0,8,0,8,0,0,15,4,19,5,30,35,54
11/05/2021,FOE,KS,ACE,CE,Federal Contract Tower,0,1,10,0,11,0,0,0,0,0,0,1,10,0,11,14,0,14,25
11/06/2021,FOE,KS,ACE,CE,Federal Contract Tower,0,0,3,5,8,0,0,8,0,8,0,0,11,5,16,14,0,14,30
11/07/2021,FOE,KS,ACE,CE,Federal Contract Tower,0,2,8,5,15,0,0,0,9,9,0,2,8,14,24,0,6,6,30
11/08/2021,FOE,KS,ACE,CE,Federal Contract Tower,1,6,6,27,40,0,0,6,3,9,1,6,12,30,49,0,28,28,77
11/09/2021,FOE,KS,ACE,CE,Federal Contract Tower,0,0,16,12,28,0,0,3,7,10,0,0,19,19,38,2,28,30,68
11/10/2021,FOE,KS,ACE,CE,Federal Contract Tower,0,0,14,11,25,0,0,10,10,20,0,0,24,21,45,0,12,12,57
11/11/2021,FOE,KS,ACE,CE,Federal Contract Tower,0,1,5,0,6,0,0,0,0,0,0,1,5,0,6,0,4,4,10
11/12/2021,FOE,KS,ACE,CE,Federal Contract Tower,4,4,7,2,17,0,0,5,0,5,4,4,12,2,22,0,0,0,22
11/13/2021,FOE,KS,ACE,CE,Federal Contract Tower,0,1,8,2,11,0,0,3,0,3,0,1,11,2,14,0,0,0,14
11/14/2021,FOE,KS,ACE,CE,Federal Contract Tower,1,3,1,1,6,0,0,13,6,19,1,3,14,7,25,2,0,2,27
11/15/2021,FOE,KS,ACE,CE,Federal Contract Tower,0,6,4,11,21,0,0,16,11,27,0,6,20,22,48,6,48,54,102
11/16/2021,FOE,KS,ACE,CE,Federal Contract Tower,2,1,8,6,17,0,2,11,5,18,2,3,19,11,35,18,37,55,90
11/17/2021,FOE,KS,ACE,CE,Federal Contract Tower,0,2,13,13,28,0,0,4,16,20,0,2,17,29,48,2,18,20,68
11/18/2021,FOE,KS,ACE,CE,Federal Contract Tower,2,2,6,11,21,0,0,6,6,12,2,2,12,17,33,0,20,20,53
11/19/2021,FOE,KS,ACE,CE,Federal Contract Tower,2,0,5,14,21,0,0,10,5,15,2,0,15,19,36,0,32,32,68
11/20/2021,FOE,KS,ACE,CE,Federal Contract Tower,2,0,1,2,5,0,0,12,0,12,2,0,13,2,17,0,0,0,17
11/21/2021,FOE,KS,ACE,CE,Federal Contract Tower,0,0,4,7,11,0,2,6,0,8,0,2,10,7,19,6,6,12,31
11/22/2021,FOE,KS,ACE,CE,Federal Contract Tower,0,0,6,17,23,0,0,20,7,27,0,0,26,24,50,18,50,68,118
11/23/2021,FOE,KS,ACE,CE,Federal Contract Tower,1,0,5,8,14,0,0,5,13,18,1,0,10,21,32,0,0,0,32
11/24/2021,FOE,KS,ACE,CE,Federal Contract Tower,0,3,4,15,22,0,0,5,4,9,0,3,9,19,31,6,62,68,99
11/25/2021,FOE,KS,ACE,CE,Federal Contract Tower,0,0,0,0,0,0,0,0,0,0,0,0,0,0,0,0,0,0,0
11/26/2021,FOE,KS,ACE,CE,Federal Contract Tower,0,2,3,1,6,0,0,11,0,11,0,2,14,1,17,12,0,12,29
11/27/2021,FOE,KS,ACE,CE,Federal Contract Tower,0,1,2,4,7,0,0,3,0,3,0,1,5,4,10,0,0,0,10
11/28/2021,FOE,KS,ACE,CE,Federal Contract Tower,2,4,6,0,12,0,0,18,0,18,2,4,24,0,30,0,0,0,30
11/29/2021,FOE,KS,ACE,CE,Federal Contract Tower,0,0,10,16,26,0,0,4,11,15,0,0,14,27,41,0,38,38,79
11/30/2021,FOE,KS,ACE,CE,Federal Contract Tower,2,0,4,22,28,0,0,9,13,22,2,0,13,35,50,34,70,104,154
12/01/2021,FOE,KS,ACE,CE,Federal Contract Tower,0,6,2,13,21,0,2,16,4,22,0,8,18,17,43,38,108,146,189
12/02/2021,FOE,KS,ACE,CE,Federal Contract Tower,1,2,2,13,18,0,0,0,0,0,1,2,2,13,18,10,71,81,99
12/03/2021,FOE,KS,ACE,CE,Federal Contract Tower,0,4,5,9,18,0,0,7,15,22,0,4,12,24,40,72,50,122,162
12/04/2021,FOE,KS,ACE,CE,Federal Contract Tower,4,0,0,6,10,0,0,19,0,19,4,0,19,6,29,16,8,24,53
12/05/2021,FOE,KS,ACE,CE,Federal Contract Tower,5,0,2,4,11,0,0,6,0,6,5,0,8,4,17,6,0,6,23
12/06/2021,FOE,KS,ACE,CE,Federal Contract Tower,0,0,9,45,54,0,0,7,4,11,0,0,16,49,65,0,154,154,219
12/07/2021,FOE,KS,ACE,CE,Federal Contract Tower,0,0,3,11,14,0,0,10,10,20,0,0,13,21,34,2,36,38,72
12/09/2021,FOE,KS,ACE,CE,Federal Contract Tower,0,7,4,16,27,0,0,11,6,17,0,7,15,22,44,32,99,131,175
12/10/2021,FOE,KS,ACE,CE,Federal Contract Tower,0,1,7,32,40,0,0,2,4,6,0,1,9,36,46,0,24,24,70
12/11/2021,FOE,KS,ACE,CE,Federal Contract Tower,0,0,4,8,12,0,0,2,0,2,0,0,6,8,14,0,0,0,14
12/12/2021,FOE,KS,ACE,CE,Federal Contract Tower,2,0,8,11,21,0,0,5,2,7,2,0,13,13,28,0,6,6,34
12/13/2021,FOE,KS,ACE,CE,Federal Contract Tower,1,0,8,14,23,0,0,20,6,26,1,0,28,20,49,0,46,46,95
12/14/2021,FOE,KS,ACE,CE,Federal Contract Tower,0,2,8,10,20,0,0,2,6,8,0,2,10,16,28,0,2,2,30
12/15/2021,FOE,KS,ACE,CE,Federal Contract Tower,0,0,4,0,4,0,0,0,0,0,0,0,4,0,4,0,0,0,4
12/17/2021,FOE,KS,ACE,CE,Federal Contract Tower,2,2,10,6,20,0,0,0,3,3,2,2,10,9,23,0,44,44,67
12/18/2021,FOE,KS,ACE,CE,Federal Contract Tower,1,0,2,23,26,0,0,2,0,2,1,0,4,23,28,4,0,4,32
12/19/2021,FOE,KS,ACE,CE,Federal Contract Tower,0,0,1,0,1,0,0,11,0,11,0,0,12,0,12,8,0,8,20
12/20/2021,FOE,KS,ACE,CE,Federal Contract Tower,1,2,0,20,23,0,0,7,2,9,1,2,7,22,32,8,44,52,84
12/21/2021,FOE,KS,ACE,CE,Federal Contract Tower,1,7,1,17,26,0,0,10,17,27,1,7,11,34,53,6,58,64,117
12/22/2021,FOE,KS,ACE,CE,Federal Contract Tower,0,6,0,20,26,0,0,7,0,7,0,6,7,20,33,0,60,60,93
12/23/2021,FOE,KS,ACE,CE,Federal Contract Tower,0,0,1,0,1,0,0,3,0,3,0,0,4,0,4,0,0,0,4
12/24/2021,FOE,KS,ACE,CE,Federal Contract Tower,0,0,1,0,1,0,0,3,0,3,0,0,4,0,4,0,0,0,4
12/25/2021,FOE,KS,ACE,CE,Federal Contract Tower,0,0,2,0,2,0,0,5,0,5,0,0,7,0,7,0,0,0,7
12/26/2021,FOE,KS,ACE,CE,Federal Contract Tower,0,0,3,0,3,0,0,4,0,4,0,0,7,0,7,2,0,2,9
12/27/2021,FOE,KS,ACE,CE,Federal Contract Tower,0,0,7,6,13,0,0,13,3,16,0,0,20,9,29,10,28,38,67
12/28/2021,FOE,KS,ACE,CE,Federal Contract Tower,0,0,1,13,14,0,0,6,9,15,0,0,7,22,29,0,58,58,87
12/29/2021,FOE,KS,ACE,CE,Federal Contract Tower,0,1,6,6,13,0,0,0,0,0,0,1,6,6,13,0,21,21,34
12/30/2021,FOE,KS,ACE,CE,Federal Contract Tower,1,1,4,2,8,0,0,0,0,0,1,1,4,2,8,24,25,49,57
12/31/2021,FOE,KS,ACE,CE,Federal Contract Tower,0,4,0,0,4,0,0,7,0,7,0,4,7,0,11,0,0,0,11
01/01/2022,FOE,KS,ACE,CE,Federal Contract Tower,0,1,0,0,1,0,0,0,0,0,0,1,0,0,1,0,0,0,1
01/02/2022,FOE,KS,ACE,CE,Federal Contract Tower,0,0,4,0,4,0,0,0,0,0,0,0,4,0,4,0,0,0,4
01/03/2022,FOE,KS,ACE,CE,Federal Contract Tower,0,2,12,4,18,0,0,7,2,9,0,2,19,6,27,0,28,28,55
01/04/2022,FOE,KS,ACE,CE,Federal Contract Tower,0,1,9,4,14,0,0,1,0,1,0,1,10,4,15,0,0,0,15
01/05/2022,FOE,KS,ACE,CE,Federal Contract Tower,0,1,1,9,11,0,0,0,0,0,0,1,1,9,11,8,26,34,45
01/06/2022,FOE,KS,ACE,CE,Federal Contract Tower,1,0,9,2,12,0,0,8,0,8,1,0,17,2,20,0,10,10,30
01/07/2022,FOE,KS,ACE,CE,Federal Contract Tower,2,0,4,8,14,0,0,6,7,13,2,0,10,15,27,0,42,42,69
01/08/2022,FOE,KS,ACE,CE,Federal Contract Tower,2,0,7,0,9,0,0,0,0,0,2,0,7,0,9,0,14,14,23
01/09/2022,FOE,KS,ACE,CE,Federal Contract Tower,1,0,6,6,13,0,0,0,2,2,1,0,6,8,15,0,0,0,15
01/10/2022,FOE,KS,ACE,CE,Federal Contract Tower,0,2,7,20,29,0,0,5,8,13,0,2,12,28,42,6,100,106,148
01/11/2022,FOE,KS,ACE,CE,Federal Contract Tower,0,0,16,4,20,0,0,16,0,16,0,0,32,4,36,22,0,22,58
01/12/2022,FOE,KS,ACE,CE,Federal Contract Tower,2,4,3,1,10,0,0,9,0,9,2,4,12,1,19,0,0,0,19
01/13/2022,FOE,KS,ACE,CE,Federal Contract Tower,0,0,6,11,17,0,4,13,9,26,0,4,19,20,43,16,42,58,101
01/14/2022,FOE,KS,ACE,CE,Federal Contract Tower,2,1,6,3,12,0,0,1,0,1,2,1,7,3,13,0,2,2,15
01/15/2022,FOE,KS,ACE,CE,Federal Contract Tower,4,1,5,0,10,0,0,0,0,0,4,1,5,0,10,0,0,0,10
01/16/2022,FOE,KS,ACE,CE,Federal Contract Tower,2,2,2,0,6,0,0,4,0,4,2,2,6,0,10,0,0,0,10
01/17/2022,FOE,KS,ACE,CE,Federal Contract Tower,0,0,3,1,4,0,0,10,0,10,0,0,13,1,14,16,0,16,30
01/18/2022,FOE,KS,ACE,CE,Federal Contract Tower,0,0,6,11,17,0,0,5,12,17,0,0,11,23,34,10,48,58,92
01/19/2022,FOE,KS,ACE,CE,Federal Contract Tower,0,3,1,10,14,0,0,0,0,0,0,3,1,10,14,0,0,0,14
01/20/2022,FOE,KS,ACE,CE,Federal Contract Tower,2,0,9,16,27,0,0,0,0,0,2,0,9,16,27,10,52,62,89
01/21/2022,FOE,KS,ACE,CE,Federal Contract Tower,0,2,10,13,25,0,0,9,11,20,0,2,19,24,45,10,34,44,89
01/22/2022,FOE,KS,ACE,CE,Federal Contract Tower,2,4,3,1,10,0,0,9,0,9,2,4,12,1,19,0,0,0,19
01/23/2022,FOE,KS,ACE,CE,Federal Contract Tower,2,0,7,0,9,0,0,16,0,16,2,0,23,0,25,0,0,0,25
01/24/2022,FOE,KS,ACE,CE,Federal Contract Tower,1,3,11,13,28,0,0,17,2,19,1,3,28,15,47,18,54,72,119
01/25/2022,FOE,KS,ACE,CE,Federal Contract Tower,0,1,4,9,14,0,0,10,2,12,0,1,14,11,26,0,0,0,26
01/26/2022,FOE,KS,ACE,CE,Federal Contract Tower,0,5,1,9,15,2,2,4,0,8,2,7,5,9,23,16,2,18,41
01/27/2022,FOE,KS,ACE,CE,Federal Contract Tower,0,0,3,11,14,0,0,0,0,0,0,0,3,11,14,0,0,0,14
01/28/2022,FOE,KS,ACE,CE,Federal Contract Tower,1,0,5,21,27,0,0,5,0,5,1,0,10,21,32,2,50,52,84
01/29/2022,FOE,KS,ACE,CE,Federal Contract Tower,1,0,7,0,8,0,0,1,0,1,1,0,8,0,9,0,0,0,9
01/30/2022,FOE,KS,ACE,CE,Federal Contract Tower,0,0,6,4,10,0,0,0,0,0,0,0,6,4,10,0,0,0,10
01/31/2022,FOE,KS,ACE,CE,Federal Contract Tower,0,0,9,4,13,0,0,11,9,20,0,0,20,13,33,4,42,46,79
02/01/2022,FOE,KS,ACE,CE,Federal Contract Tower,0,0,10,14,24,0,0,0,6,6,0,0,10,20,30,0,16,16,46
02/02/2022,FOE,KS,ACE,CE,Federal Contract Tower,0,0,3,0,3,0,0,0,0,0,0,0,3,0,3,0,0,0,3
02/03/2022,FOE,KS,ACE,CE,Federal Contract Tower,0,1,6,0,7,0,0,0,0,0,0,1,6,0,7,0,0,0,7
02/04/2022,FOE,KS,ACE,CE,Federal Contract Tower,2,0,6,7,15,0,0,7,8,15,2,0,13,15,30,6,114,120,150
02/05/2022,FOE,KS,ACE,CE,Federal Contract Tower,2,1,0,0,3,0,0,1,0,1,2,1,1,0,4,0,0,0,4
02/06/2022,FOE,KS,ACE,CE,Federal Contract Tower,0,1,2,1,4,0,0,5,1,6,0,1,7,2,10,2,0,2,12
02/07/2022,FOE,KS,ACE,CE,Federal Contract Tower,0,2,11,12,25,0,2,3,6,11,0,4,14,18,36,8,36,44,80
02/08/2022,FOE,KS,ACE,CE,Federal Contract Tower,0,6,10,15,31,0,0,3,12,15,0,6,13,27,46,6,44,50,96
02/09/2022,FOE,KS,ACE,CE,Federal Contract Tower,0,2,14,14,30,0,0,4,0,4,0,2,18,14,34,0,0,0,34
02/10/2022,FOE,KS,ACE,CE,Federal Contract Tower,0,1,14,8,23,0,0,6,0,6,0,1,20,8,29,0,40,40,69
02/11/2022,FOE,KS,ACE,CE,Federal Contract Tower,1,0,13,15,29,0,0,3,4,7,1,0,16,19,36,0,54,54,90
02/12/2022,FOE,KS,ACE,CE,Federal Contract Tower,1,0,8,9,18,0,0,3,0,3,1,0,11,9,21,2,40,42,63
02/13/2022,FOE,KS,ACE,CE,Federal Contract Tower,0,0,4,0,4,0,0,5,0,5,0,0,9,0,9,0,0,0,9
02/14/2022,FOE,KS,ACE,CE,Federal Contract Tower,0,1,13,18,32,0,6,12,0,18,0,7,25,18,50,6,30,36,86
02/15/2022,FOE,KS,ACE,CE,Federal Contract Tower,0,1,14,8,23,0,0,0,6,6,0,1,14,14,29,16,2,18,47
02/16/2022,FOE,KS,ACE,CE,Federal Contract Tower,0,3,3,3,9,0,0,2,0,2,0,3,5,3,11,0,0,0,11
02/17/2022,FOE,KS,ACE,CE,Federal Contract Tower,1,3,3,0,7,0,0,0,0,0,1,3,3,0,7,0,0,0,7
02/18/2022,FOE,KS,ACE,CE,Federal Contract Tower,0,5,5,3,13,0,1,0,42,43,0,6,5,45,56,2,0,2,58
02/19/2022,FOE,KS,ACE,CE,Federal Contract Tower,0,2,3,3,8,0,0,7,0,7,0,2,10,3,15,2,0,2,17
02/20/2022,FOE,KS,ACE,CE,Federal Contract Tower,1,0,7,0,8,0,0,6,6,12,1,0,13,6,20,0,0,0,20
02/21/2022,FOE,KS,ACE,CE,Federal Contract Tower,0,0,13,0,13,0,0,11,0,11,0,0,24,0,24,8,0,8,32
02/22/2022,FOE,KS,ACE,CE,Federal Contract Tower,0,0,7,0,7,0,0,0,0,0,0,0,7,0,7,26,0,26,33
02/23/2022,FOE,KS,ACE,CE,Federal Contract Tower,0,0,5,8,13,0,0,6,3,9,0,0,11,11,22,4,56,60,82
02/24/2022,FOE,KS,ACE,CE,Federal Contract Tower,0,0,7,0,7,0,0,0,0,0,0,0,7,0,7,0,0,0,7
02/25/2022,FOE,KS,ACE,CE,Federal Contract Tower,2,8,7,13,30,0,0,4,0,4,2,8,11,13,34,6,20,26,60
02/26/2022,FOE,KS,ACE,CE,Federal Contract Tower,0,2,5,6,13,0,0,15,0,15,0,2,20,6,28,26,30,56,84
02/27/2022,FOE,KS,ACE,CE,Federal Contract Tower,3,2,4,11,20,0,0,14,0,14,3,2,18,11,34,20,18,38,72
02/28/2022,FOE,KS,ACE,CE,Federal Contract Tower,0,4,6,12,22,0,0,36,2,38,0,4,42,14,60,6,18,24,84
03/01/2022,FOE,KS,ACE,CE,Federal Contract Tower,0,0,12,6,18,0,0,16,13,29,0,0,28,19,47,6,24,30,77
03/02/2022,FOE,KS,ACE,CE,Federal Contract Tower,1,1,10,8,20,0,0,6,0,6,1,1,16,8,26,26,36,62,88
03/03/2022,FOE,KS,ACE,CE,Federal Contract Tower,1,1,10,7,19,0,0,6,0,6,1,1,16,7,25,6,20,26,51
03/04/2022,FOE,KS,ACE,CE,Federal Contract Tower,2,2,12,12,28,0,0,10,30,40,2,2,22,42,68,45,62,107,175
03/05/2022,FOE,KS,ACE,CE,Federal Contract Tower,0,4,2,0,6,0,0,0,0,0,0,4,2,0,6,0,0,0,6
03/06/2022,FOE,KS,ACE,CE,Federal Contract Tower,0,5,3,2,10,0,0,6,0,6,0,5,9,2,16,0,0,0,16
03/07/2022,FOE,KS,ACE,CE,Federal Contract Tower,0,4,13,9,26,0,0,5,2,7,0,4,18,11,33,6,0,6,39
03/08/2022,FOE,KS,ACE,CE,Federal Contract Tower,3,1,12,13,29,0,0,3,14,17,3,1,15,27,46,4,113,117,163
03/09/2022,FOE,KS,ACE,CE,Federal Contract Tower,0,0,7,5,12,0,0,8,2,10,0,0,15,7,22,0,52,52,74
03/10/2022,FOE,KS,ACE,CE,Federal Contract Tower,0,0,6,0,6,0,0,0,0,0,0,0,6,0,6,0,0,0,6
03/11/2022,FOE,KS,ACE,CE,Federal Contract Tower,0,1,7,1,9,0,0,4,40,44,0,1,11,41,53,0,22,22,75
03/12/2022,FOE,KS,ACE,CE,Federal Contract Tower,0,1,3,0,4,0,0,6,48,54,0,1,9,48,58,16,17,33,91
03/13/2022,FOE,KS,ACE,CE,Federal Contract Tower,0,2,8,3,13,0,0,22,0,22,0,2,30,3,35,36,12,48,83
03/14/2022,FOE,KS,ACE,CE,Federal Contract Tower,0,2,4,10,16,0,0,9,0,9,0,2,13,10,25,26,30,56,81
03/15/2022,FOE,KS,ACE,CE,Federal Contract Tower,1,3,5,20,29,0,0,14,10,24,1,3,19,30,53,14,94,108,161
03/16/2022,FOE,KS,ACE,CE,Federal Contract Tower,1,4,5,16,26,0,0,12,0,12,1,4,17,16,38,2,18,20,58
03/17/2022,FOE,KS,ACE,CE,Federal Contract Tower,2,0,5,9,16,0,0,5,0,5,2,0,10,9,21,4,36,40,61
03/18/2022,FOE,KS,ACE,CE,Federal Contract Tower,0,0,5,0,5,0,0,2,0,2,0,0,7,0,7,0,0,0,7
03/19/2022,FOE,KS,ACE,CE,Federal Contract Tower,1,0,6,8,15,0,0,4,0,4,1,0,10,8,19,0,44,44,63
03/20/2022,FOE,KS,ACE,CE,Federal Contract Tower,3,0,5,0,8,0,0,13,1,14,3,0,18,1,22,0,0,0,22
03/21/2022,FOE,KS,ACE,CE,Federal Contract Tower,2,0,12,1,15,0,0,2,0,2,2,0,14,1,17,0,0,0,17
03/22/2022,FOE,KS,ACE,CE,Federal Contract Tower,0,0,10,0,10,0,0,0,0,0,0,0,10,0,10,0,0,0,10
03/23/2022,FOE,KS,ACE,CE,Federal Contract Tower,0,0,8,7,15,0,0,0,0,0,0,0,8,7,15,0,6,6,21
03/24/2022,FOE,KS,ACE,CE,Federal Contract Tower,0,0,6,12,18,0,0,3,0,3,0,0,9,12,21,2,10,12,33
03/25/2022,FOE,KS,ACE,CE,Federal Contract Tower,0,0,14,5,19,0,0,16,28,44,0,0,30,33,63,2,80,82,145
03/26/2022,FOE,KS,ACE,CE,Federal Contract Tower,0,0,4,6,10,0,0,10,0,10,0,0,14,6,20,0,0,0,20
03/27/2022,FOE,KS,ACE,CE,Federal Contract Tower,1,0,5,0,6,0,0,7,1,8,1,0,12,1,14,4,0,4,18
03/28/2022,FOE,KS,ACE,CE,Federal Contract Tower,1,0,18,11,30,0,0,10,5,15,1,0,28,16,45,2,42,44,89
03/29/2022,FOE,KS,ACE,CE,Federal Contract Tower,0,0,10,15,25,0,0,8,2,10,0,0,18,17,35,0,24,24,59
03/30/2022,FOE,KS,ACE,CE,Federal Contract Tower,2,0,3,21,26,0,0,9,0,9,2,0,12,21,35,0,28,28,63
03/31/2022,FOE,KS,ACE,CE,Federal Contract Tower,0,2,12,3,17,0,0,1,2,3,0,2,13,5,20,0,46,46,66
04/01/2022,FOE,KS,ACE,CE,Federal Contract Tower,0,1,9,9,19,0,0,8,0,8,0,1,17,9,27,0,20,20,47
04/02/2022,FOE,KS,ACE,CE,Federal Contract Tower,0,0,4,6,10,0,0,18,0,18,0,0,22,6,28,0,10,10,38
04/03/2022,FOE,KS,ACE,CE,Federal Contract Tower,0,4,5,0,9,0,0,14,0,14,0,4,19,0,23,2,0,2,25
04/04/2022,FOE,KS,ACE,CE,Federal Contract Tower,0,4,4,14,22,0,0,11,3,14,0,4,15,17,36,6,64,70,106
04/05/2022,FOE,KS,ACE,CE,Federal Contract Tower,2,1,7,4,14,0,0,6,2,8,2,1,13,6,22,0,28,28,50
04/06/2022,FOE,KS,ACE,CE,Federal Contract Tower,0,0,11,10,21,0,0,6,4,10,0,0,17,14,31,0,72,72,103
04/07/2022,FOE,KS,ACE,CE,Federal Contract Tower,0,2,9,5,16,0,0,4,2,6,0,2,13,7,22,18,76,94,116
04/08/2022,FOE,KS,ACE,CE,Federal Contract Tower,0,0,14,17,31,0,0,4,18,22,0,0,18,35,53,0,58,58,111
04/09/2022,FOE,KS,ACE,CE,Federal Contract Tower,2,1,10,1,14,0,0,12,0,12,2,1,22,1,26,0,42,42,68
04/10/2022,FOE,KS,ACE,CE,Federal Contract Tower,0,0,17,13,30,0,0,8,10,18,0,0,25,23,48,0,8,8,56
04/11/2022,FOE,KS,ACE,CE,Federal Contract Tower,0,2,10,37,49,0,0,5,13,18,0,2,15,50,67,0,126,126,193
04/12/2022,FOE,KS,ACE,CE,Federal Contract Tower,0,0,1,4,5,0,0,4,12,16,0,0,5,16,21,0,0,0,21
04/13/2022,FOE,KS,ACE,CE,Federal Contract Tower,0,0,2,6,8,0,0,8,2,10,0,0,10,8,18,0,4,4,22
04/14/2022,FOE,KS,ACE,CE,Federal Contract Tower,0,0,10,9,19,0,0,17,0,17,0,0,27,9,36,0,52,52,88
04/15/2022,FOE,KS,ACE,CE,Federal Contract Tower,0,0,5,13,18,0,0,29,8,37,0,0,34,21,55,8,86,94,149
04/16/2022,FOE,KS,ACE,CE,Federal Contract Tower,0,0,5,0,5,0,0,8,0,8,0,0,13,0,13,10,0,10,23
04/17/2022,FOE,KS,ACE,CE,Federal Contract Tower,0,2,5,0,7,0,0,2,0,2,0,2,7,0,9,0,0,0,9
04/18/2022,FOE,KS,ACE,CE,Federal Contract Tower,0,0,15,20,35,0,0,11,6,17,0,0,26,26,52,40,64,104,156
04/19/2022,FOE,KS,ACE,CE,Federal Contract Tower,3,3,4,27,37,0,0,4,8,12,3,3,8,35,49,0,24,24,73
04/20/2022,FOE,KS,ACE,CE,Federal Contract Tower,0,4,5,8,17,0,0,2,0,2,0,4,7,8,19,4,38,42,61
04/21/2022,FOE,KS,ACE,CE,Federal Contract Tower,1,7,2,7,17,0,0,8,0,8,1,7,10,7,25,12,54,66,91
04/22/2022,FOE,KS,ACE,CE,Federal Contract Tower,0,4,5,9,18,0,0,6,0,6,0,4,11,9,24,0,0,0,24
04/23/2022,FOE,KS,ACE,CE,Federal Contract Tower,0,1,2,0,3,0,0,8,0,8,0,1,10,0,11,0,0,0,11
04/24/2022,FOE,KS,ACE,CE,Federal Contract Tower,0,3,6,0,9,0,0,20,10,30,0,3,26,10,39,0,2,2,41
04/25/2022,FOE,KS,ACE,CE,Federal Contract Tower,0,0,21,18,39,0,0,29,9,38,0,0,50,27,77,46,46,92,169
04/26/2022,FOE,KS,ACE,CE,Federal Contract Tower,0,4,9,21,34,0,0,12,14,26,0,4,21,35,60,4,70,74,134
04/27/2022,FOE,KS,ACE,CE,Federal Contract Tower,0,1,11,13,25,0,0,8,0,8,0,1,19,13,33,0,31,31,64
04/28/2022,FOE,KS,ACE,CE,Federal Contract Tower,0,1,3,10,14,0,0,8,0,8,0,1,11,10,22,0,30,30,52
04/29/2022,FOE,KS,ACE,CE,Federal Contract Tower,0,2,6,5,13,0,0,2,0,2,0,2,8,5,15,0,0,0,15
04/30/2022,FOE,KS,ACE,CE,Federal Contract Tower,0,4,4,2,10,0,0,2,0,2,0,4,6,2,12,0,0,0,12
05/01/2022,FOE,KS,ACE,CE,Federal Contract Tower,0,0,7,1,8,0,0,15,0,15,0,0,22,1,23,6,0,6,29
05/02/2022,FOE,KS,ACE,CE,Federal Contract Tower,0,0,1,2,3,0,0,0,0,0,0,0,1,2,3,0,0,0,3
05/03/2022,FOE,KS,ACE,CE,Federal Contract Tower,0,2,6,17,25,0,0,14,6,20,0,2,20,23,45,0,16,16,61
05/04/2022,FOE,KS,ACE,CE,Federal Contract Tower,2,4,3,9,18,0,0,8,0,8,2,4,11,9,26,0,0,0,26
05/05/2022,FOE,KS,ACE,CE,Federal Contract Tower,0,2,2,1,5,0,0,0,0,0,0,2,2,1,5,0,0,0,5
05/06/2022,FOE,KS,ACE,CE,Federal Contract Tower,0,0,9,16,25,0,0,6,10,16,0,0,15,26,41,6,20,26,67
05/07/2022,FOE,KS,ACE,CE,Federal Contract Tower,0,1,0,7,8,0,0,11,0,11,0,1,11,7,19,2,10,12,31
05/08/2022,FOE,KS,ACE,CE,Federal Contract Tower,2,0,9,10,21,0,0,4,0,4,2,0,13,10,25,0,0,0,25
05/09/2022,FOE,KS,ACE,CE,Federal Contract Tower,0,2,14,9,25,0,0,16,0,16,0,2,30,9,41,0,4,4,45
05/10/2022,FOE,KS,ACE,CE,Federal Contract Tower,0,4,9,18,31,0,0,2,10,12,0,4,11,28,43,12,40,52,95
05/11/2022,FOE,KS,ACE,CE,Federal Contract Tower,0,1,1,10,12,0,0,4,0,4,0,1,5,10,16,0,48,48,64
05/12/2022,FOE,KS,ACE,CE,Federal Contract Tower,0,3,11,10,24,0,0,7,0,7,0,3,18,10,31,12,16,28,59
05/13/2022,FOE,KS,ACE,CE,Federal Contract Tower,0,2,3,5,10,0,0,4,10,14,0,2,7,15,24,0,16,16,40
05/14/2022,FOE,KS,ACE,CE,Federal Contract Tower,0,3,9,5,17,0,0,16,8,24,0,3,25,13,41,2,8,10,51
05/15/2022,FOE,KS,ACE,CE,Federal Contract Tower,0,0,6,2,8,0,0,7,2,9,0,0,13,4,17,8,26,34,51
05/16/2022,FOE,KS,ACE,CE,Federal Contract Tower,0,3,10,30,43,0,0,5,5,10,0,3,15,35,53,0,60,60,113
05/17/2022,FOE,KS,ACE,CE,Federal Contract Tower,0,2,6,21,29,0,0,6,9,15,0,2,12,30,44,4,24,28,72
05/18/2022,FOE,KS,ACE,CE,Federal Contract Tower,0,4,5,12,21,0,0,14,0,14,0,4,19,12,35,44,110,154,189
05/19/2022,FOE,KS,ACE,CE,Federal Contract Tower,0,0,12,20,32,0,0,8,0,8,0,0,20,20,40,4,66,70,110
05/20/2022,FOE,KS,ACE,CE,Federal Contract Tower,2,1,7,16,26,0,0,6,0,6,2,1,13,16,32,2,16,18,50
05/21/2022,FOE,KS,ACE,CE,Federal Contract Tower,0,1,0,9,10,0,0,8,0,8,0,1,8,9,18,6,6,12,30
05/22/2022,FOE,KS,ACE,CE,Federal Contract Tower,0,2,4,2,8,0,0,7,0,7,0,2,11,2,15,8,0,8,23
05/23/2022,FOE,KS,ACE,CE,Federal Contract Tower,0,1,7,11,19,0,0,14,2,16,0,1,21,13,35,4,28,32,67
05/24/2022,FOE,KS,ACE,CE,Federal Contract Tower,1,3,8,4,16,0,0,0,0,0,1,3,8,4,16,0,0,0,16
05/25/2022,FOE,KS,ACE,CE,Federal Contract Tower,0,5,1,11,17,0,0,0,0,0,0,5,1,11,17,0,0,0,17
05/26/2022,FOE,KS,ACE,CE,Federal Contract Tower,0,1,10,11,22,0,0,0,0,0,0,1,10,11,22,0,0,0,22
05/27/2022,FOE,KS,ACE,CE,Federal Contract Tower,0,1,9,2,12,0,0,14,0,14,0,1,23,2,26,6,0,6,32
05/28/2022,FOE,KS,ACE,CE,Federal Contract Tower,3,1,1,1,6,0,0,2,0,2,3,1,3,1,8,0,0,0,8
05/29/2022,FOE,KS,ACE,CE,Federal Contract Tower,0,0,3,1,4,0,0,1,0,1,0,0,4,1,5,0,0,0,5
05/30/2022,FOE,KS,ACE,CE,Federal Contract Tower,0,0,5,0,5,0,0,0,0,0,0,0,5,0,5,0,0,0,5
05/31/2022,FOE,KS,ACE,CE,Federal Contract Tower,0,2,8,14,24,0,0,6,1,7,0,2,14,15,31,0,0,0,31
06/01/2022,FOE,KS,ACE,CE,Federal Contract Tower,0,0,6,14,20,0,0,2,10,12,0,0,8,24,32,0,32,32,64
06/02/2022,FOE,KS,ACE,CE,Federal Contract Tower,0,4,17,20,41,0,0,6,9,15,0,4,23,29,56,0,138,138,194
06/03/2022,FOE,KS,ACE,CE,Federal Contract Tower,0,5,7,12,24,0,0,16,10,26,0,5,23,22,50,0,52,52,102
06/04/2022,FOE,KS,ACE,CE,Federal Contract Tower,2,0,2,3,7,0,0,3,0,3,2,0,5,3,10,0,0,0,10
06/05/2022,FOE,KS,ACE,CE,Federal Contract Tower,2,1,4,2,9,0,0,9,1,10,2,1,13,3,19,4,0,4,23
06/06/2022,FOE,KS,ACE,CE,Federal Contract Tower,0,5,7,23,35,0,0,10,29,39,0,5,17,52,74,0,36,36,110
06/07/2022,FOE,KS,ACE,CE,Federal Contract Tower,0,3,4,22,29,0,0,17,11,28,0,3,21,33,57,28,42,70,127
06/08/2022,FOE,KS,ACE,CE,Federal Contract Tower,0,6,3,14,23,0,0,11,0,11,0,6,14,14,34,38,56,94,128
06/09/2022,FOE,KS,ACE,CE,Federal Contract Tower,0,3,1,12,16,0,0,0,0,0,0,3,1,12,16,16,54,70,86
06/10/2022,FOE,KS,ACE,CE,Federal Contract Tower,0,0,9,13,22,0,0,9,8,17,0,0,18,21,39,4,76,80,119
06/11/2022,FOE,KS,ACE,CE,Federal Contract Tower,0,0,9,7,16,0,0,8,2,10,0,0,17,9,26,4,16,20,46
06/12/2022,FOE,KS,ACE,CE,Federal Contract Tower,0,2,2,14,18,0,2,2,10,14,0,4,4,24,32,2,38,40,72
06/13/2022,FOE,KS,ACE,CE,Federal Contract Tower,0,0,5,7,12,0,0,8,7,15,0,0,13,14,27,0,2,2,29
06/14/2022,FOE,KS,ACE,CE,Federal Contract Tower,0,6,17,8,31,0,0,9,5,14,0,6,26,13,45,6,2,8,53
06/15/2022,FOE,KS,ACE,CE,Federal Contract Tower,0,2,3,19,24,0,0,8,0,8,0,2,11,19,32,0,26,26,58
06/16/2022,FOE,KS,ACE,CE,Federal Contract Tower,0,0,8,19,27,0,0,8,2,10,0,0,16,21,37,0,98,98,135
06/17/2022,FOE,KS,ACE,CE,Federal Contract Tower,0,2,5,12,19,0,2,13,0,15,0,4,18,12,34,2,24,26,60
06/18/2022,FOE,KS,ACE,CE,Federal Contract Tower,0,4,5,0,9,0,0,15,0,15,0,4,20,0,24,12,0,12,36
06/19/2022,FOE,KS,ACE,CE,Federal Contract Tower,2,0,8,2,12,0,0,10,0,10,2,0,18,2,22,6,0,6,28
06/20/2022,FOE,KS,ACE,CE,Federal Contract Tower,0,2,7,7,16,0,0,17,0,17,0,2,24,7,33,4,0,4,37
06/21/2022,FOE,KS,ACE,CE,Federal Contract Tower,0,0,11,21,32,0,0,18,3,21,0,0,29,24,53,10,62,72,125
06/22/2022,FOE,KS,ACE,CE,Federal Contract Tower,0,2,3,10,15,0,0,6,2,8,0,2,9,12,23,0,40,40,63
06/23/2022,FOE,KS,ACE,CE,Federal Contract Tower,0,3,6,2,11,0,0,0,0,0,0,3,6,2,11,14,0,14,25
06/24/2022,FOE,KS,ACE,CE,Federal Contract Tower,0,0,6,10,16,0,0,10,27,37,0,0,16,37,53,0,18,18,71
06/25/2022,FOE,KS,ACE,CE,Federal Contract Tower,0,2,5,4,11,0,0,3,0,3,0,2,8,4,14,0,0,0,14
06/26/2022,FOE,KS,ACE,CE,Federal Contract Tower,0,0,4,1,5,0,0,4,1,5,0,0,8,2,10,0,0,0,10
06/27/2022,FOE,KS,ACE,CE,Federal Contract Tower,2,2,10,17,31,0,0,19,9,28,2,2,29,26,59,22,80,102,161
06/28/2022,FOE,KS,ACE,CE,Federal Contract Tower,0,0,5,12,17,0,0,11,6,17,0,0,16,18,34,6,40,46,80
06/29/2022,FOE,KS,ACE,CE,Federal Contract Tower,0,4,7,12,23,0,0,11,1,12,0,4,18,13,35,22,60,82,117
06/30/2022,FOE,KS,ACE,CE,Federal Contract Tower,0,3,3,10,16,0,0,8,0,8,0,3,11,10,24,0,38,38,62
07/01/2022,FOE,KS,ACE,CE,Federal Contract Tower,0,4,5,9,18,0,11,9,6,26,0,15,14,15,44,36,16,52,96
07/02/2022,FOE,KS,ACE,CE,Federal Contract Tower,0,2,3,4,9,0,0,3,2,5,0,2,6,6,14,0,0,0,14
07/03/2022,FOE,KS,ACE,CE,Federal Contract Tower,0,2,4,1,7,0,0,0,3,3,0,2,4,4,10,2,12,14,24
07/04/2022,FOE,KS,ACE,CE,Federal Contract Tower,2,1,2,0,5,0,0,15,0,15,2,1,17,0,20,20,0,20,40
07/05/2022,FOE,KS,ACE,CE,Federal Contract Tower,0,4,10,8,22,0,0,11,1,12,0,4,21,9,34,0,52,52,86
07/06/2022,FOE,KS,ACE,CE,Federal Contract Tower,0,0,2,22,24,0,0,2,2,4,0,0,4,24,28,10,55,65,93
07/07/2022,FOE,KS,ACE,CE,Federal Contract Tower,2,0,6,9,17,0,0,6,0,6,2,0,12,9,23,12,30,42,65
07/08/2022,FOE,KS,ACE,CE,Federal Contract Tower,1,1,12,32,46,0,0,1,0,1,1,1,13,32,47,2,44,46,93
07/09/2022,FOE,KS,ACE,CE,Federal Contract Tower,1,0,10,0,11,0,0,2,16,18,1,0,12,16,29,2,0,2,31
07/10/2022,FOE,KS,ACE,CE,Federal Contract Tower,0,0,7,6,13,0,0,5,3,8,0,0,12,9,21,0,16,16,37
07/11/2022,FOE,KS,ACE,CE,Federal Contract Tower,0,0,17,20,37,0,0,10,2,12,0,0,27,22,49,6,60,66,115
07/12/2022,FOE,KS,ACE,CE,Federal Contract Tower,0,4,6,16,26,0,0,13,9,22,0,4,19,25,48,0,88,88,136
07/13/2022,FOE,KS,ACE,CE,Federal Contract Tower,0,0,9,18,27,0,0,8,3,11,0,0,17,21,38,0,148,148,186
07/14/2022,FOE,KS,ACE,CE,Federal Contract Tower,0,0,8,10,18,0,0,6,0,6,0,0,14,10,24,0,22,22,46
07/15/2022,FOE,KS,ACE,CE,Federal Contract Tower,0,1,11,12,24,0,0,24,4,28,0,1,35,16,52,18,48,66,118
07/16/2022,FOE,KS,ACE,CE,Federal Contract Tower,2,2,8,3,15,0,0,2,0,2,2,2,10,3,17,0,6,6,23
07/17/2022,FOE,KS,ACE,CE,Federal Contract Tower,2,1,6,4,13,0,0,9,0,9,2,1,15,4,22,12,4,16,38
07/18/2022,FOE,KS,ACE,CE,Federal Contract Tower,0,0,10,41,51,0,0,7,22,29,0,0,17,63,80,0,86,86,166
07/19/2022,FOE,KS,ACE,CE,Federal Contract Tower,2,1,10,15,28,0,0,15,7,22,2,1,25,22,50,12,32,44,94
07/20/2022,FOE,KS,ACE,CE,Federal Contract Tower,0,0,12,24,36,0,0,23,0,23,0,0,35,24,59,12,142,154,213
07/21/2022,FOE,KS,ACE,CE,Federal Contract Tower,0,0,7,25,32,0,0,11,24,35,0,0,18,49,67,4,110,114,181
07/22/2022,FOE,KS,ACE,CE,Federal Contract Tower,4,0,10,5,19,0,0,12,0,12,4,0,22,5,31,26,24,50,81
07/23/2022,FOE,KS,ACE,CE,Federal Contract Tower,2,3,9,3,17,0,0,5,0,5,2,3,14,3,22,0,14,14,36
07/24/2022,FOE,KS,ACE,CE,Federal Contract Tower,2,0,2,8,12,0,0,7,1,8,2,0,9,9,20,6,6,12,32
07/25/2022,FOE,KS,ACE,CE,Federal Contract Tower,0,0,17,19,36,0,0,3,0,3,0,0,20,19,39,0,2,2,41
07/26/2022,FOE,KS,ACE,CE,Federal Contract Tower,0,0,2,13,15,0,0,2,0,2,0,0,4,13,17,0,0,0,17
07/27/2022,FOE,KS,ACE,CE,Federal Contract Tower,2,0,10,14,26,0,0,0,0,0,2,0,10,14,26,0,0,0,26
07/28/2022,FOE,KS,ACE,CE,Federal Contract Tower,7,0,3,7,17,0,0,0,0,0,7,0,3,7,17,10,39,49,66
07/29/2022,FOE,KS,ACE,CE,Federal Contract Tower,6,0,5,7,18,0,0,20,6,26,6,0,25,13,44,0,14,14,58
07/30/2022,FOE,KS,ACE,CE,Federal Contract Tower,10,0,6,0,16,0,0,9,0,9,10,0,15,0,25,2,0,2,27
07/31/2022,FOE,KS,ACE,CE,Federal Contract Tower,6,2,13,1,22,0,0,8,2,10,6,2,21,3,32,0,0,0,32
08/01/2022,FOE,KS,ACE,CE,Federal Contract Tower,3,2,4,16,25,0,0,29,0,29,3,2,33,16,54,2,28,30,84
08/02/2022,FOE,KS,ACE,CE,Federal Contract Tower,0,0,15,10,25,0,0,10,5,15,0,0,25,15,40,0,36,36,76
08/03/2022,FOE,KS,ACE,CE,Federal Contract Tower,0,0,4,9,13,0,0,6,0,6,0,0,10,9,19,10,12,22,41
08/04/2022,FOE,KS,ACE,CE,Federal Contract Tower,0,2,22,8,32,0,0,16,4,20,0,2,38,12,52,34,10,44,96
08/05/2022,FOE,KS,ACE,CE,Federal Contract Tower,0,4,8,5,17,0,0,8,4,12,0,4,16,9,29,4,18,22,51
08/06/2022,FOE,KS,ACE,CE,Federal Contract Tower,0,4,6,1,11,0,0,4,5,9,0,4,10,6,20,0,0,0,20
08/07/2022,FOE,KS,ACE,CE,Federal Contract Tower,0,4,15,3,22,0,1,5,10,16,0,5,20,13,38,0,38,38,76
08/08/2022,FOE,KS,ACE,CE,Federal Contract Tower,0,0,12,14,26,0,0,4,4,8,0,0,16,18,34,2,22,24,58
08/09/2022,FOE,KS,ACE,CE,Federal Contract Tower,0,0,6,11,17,0,0,5,10,15,0,0,11,21,32,14,18,32,64
08/10/2022,FOE,KS,ACE,CE,Federal Contract Tower,0,0,9,16,25,0,0,8,0,8,0,0,17,16,33,10,10,20,53
08/11/2022,FOE,KS,ACE,CE,Federal Contract Tower,0,0,13,18,31,0,0,10,0,10,0,0,23,18,41,14,24,38,79
08/12/2022,FOE,KS,ACE,CE,Federal Contract Tower,0,3,14,27,44,0,0,7,13,20,0,3,21,40,64,4,128,132,196
08/13/2022,FOE,KS,ACE,CE,Federal Contract Tower,0,2,9,4,15,0,0,12,0,12,0,2,21,4,27,0,40,40,67
08/14/2022,FOE,KS,ACE,CE,Federal Contract Tower,0,1,30,1,32,0,1,13,4,18,0,2,43,5,50,10,6,16,66
08/15/2022,FOE,KS,ACE,CE,Federal Contract Tower,0,0,9,15,24,0,0,9,1,10,0,0,18,16,34,8,18,26,60
08/16/2022,FOE,KS,ACE,CE,Federal Contract Tower,0,0,10,2,12,0,0,0,0,0,0,0,10,2,12,0,0,0,12
08/17/2022,FOE,KS,ACE,CE,Federal Contract Tower,0,0,9,20,29,0,0,8,0,8,0,0,17,20,37,0,38,38,75
08/18/2022,FOE,KS,ACE,CE,Federal Contract Tower,0,0,9,12,21,0,0,6,1,7,0,0,15,13,28,4,22,26,54
08/19/2022,FOE,KS,ACE,CE,Federal Contract Tower,0,0,11,3,14,0,0,2,12,14,0,0,13,15,28,0,16,16,44
08/20/2022,FOE,KS,ACE,CE,Federal Contract Tower,0,0,5,4,9,0,0,9,14,23,0,0,14,18,32,24,10,34,66
08/22/2022,FOE,KS,ACE,CE,Federal Contract Tower,1,0,9,17,27,0,0,6,5,11,1,0,15,22,38,0,22,22,60
08/23/2022,FOE,KS,ACE,CE,Federal Contract Tower,0,0,10,32,42,0,0,8,13,21,0,0,18,45,63,0,113,113,176
08/24/2022,FOE,KS,ACE,CE,Federal Contract Tower,0,0,13,9,22,0,0,8,0,8,0,0,21,9,30,2,40,42,72
08/25/2022,FOE,KS,ACE,CE,Federal Contract Tower,0,0,10,8,18,0,0,1,0,1,0,0,11,8,19,0,0,0,19
08/26/2022,FOE,KS,ACE,CE,Federal Contract Tower,0,2,11,13,26,0,0,27,2,29,0,2,38,15,55,28,118,146,201
08/27/2022,FOE,KS,ACE,CE,Federal Contract Tower,0,0,1,3,4,0,0,3,0,3,0,0,4,3,7,0,0,0,7
08/28/2022,FOE,KS,ACE,CE,Federal Contract Tower,0,0,5,3,8,0,0,0,0,0,0,0,5,3,8,0,2,2,10
08/29/2022,FOE,KS,ACE,CE,Federal Contract Tower,10,5,3,4,22,0,0,7,3,10,10,5,10,7,32,8,16,24,56
08/30/2022,FOE,KS,ACE,CE,Federal Contract Tower,6,2,11,19,38,0,0,9,9,18,6,2,20,28,56,10,48,58,114
08/31/2022,FOE,KS,ACE,CE,Federal Contract Tower,8,0,16,11,35,0,0,23,12,35,8,0,39,23,70,10,28,38,108
09/01/2022,FOE,KS,ACE,CE,Federal Contract Tower,3,0,4,10,17,0,0,13,0,13,3,0,17,10,30,0,34,34,64
09/02/2022,FOE,KS,ACE,CE,Federal Contract Tower,1,0,9,2,12,0,0,8,0,8,1,0,17,2,20,48,0,48,68
09/03/2022,FOE,KS,ACE,CE,Federal Contract Tower,0,1,8,1,10,0,0,16,0,16,0,1,24,1,26,4,0,4,30
09/04/2022,FOE,KS,ACE,CE,Federal Contract Tower,0,0,2,4,6,0,0,7,0,7,0,0,9,4,13,2,0,2,15
09/05/2022,FOE,KS,ACE,CE,Federal Contract Tower,0,0,8,3,11,0,0,6,0,6,0,0,14,3,17,0,0,0,17
09/06/2022,FOE,KS,ACE,CE,Federal Contract Tower,0,0,10,25,35,0,0,14,10,24,0,0,24,35,59,4,40,44,103
09/07/2022,FOE,KS,ACE,CE,Federal Contract Tower,0,0,30,25,55,0,0,16,0,16,0,0,46,25,71,24,142,166,237
09/08/2022,FOE,KS,ACE,CE,Federal Contract Tower,0,3,18,10,31,0,0,10,0,10,0,3,28,10,41,36,54,90,131
09/09/2022,FOE,KS,ACE,CE,Federal Contract Tower,1,7,12,27,47,0,0,2,8,10,1,7,14,35,57,8,104,112,169
09/10/2022,FOE,KS,ACE,CE,Federal Contract Tower,0,0,3,0,3,0,0,0,0,0,0,0,3,0,3,0,0,0,3
09/11/2022,FOE,KS,ACE,CE,Federal Contract Tower,0,3,13,7,23,0,0,21,1,22,0,3,34,8,45,54,0,54,99
09/12/2022,FOE,KS,ACE,CE,Federal Contract Tower,0,2,10,16,28,0,0,9,5,14,0,2,19,21,42,4,52,56,98
09/13/2022,FOE,KS,ACE,CE,Federal Contract Tower,0,0,4,18,22,0,0,5,8,13,0,0,9,26,35,4,68,72,107
09/14/2022,FOE,KS,ACE,CE,Federal Contract Tower,0,0,7,18,25,0,0,8,0,8,0,0,15,18,33,0,36,36,69
09/16/2022,FOE,KS,ACE,CE,Federal Contract Tower,1,0,3,9,13,0,0,2,50,52,1,0,5,59,65,2,12,14,79
09/17/2022,FOE,KS,ACE,CE,Federal Contract Tower,0,1,5,0,6,0,0,1,0,1,0,1,6,0,7,8,0,8,15
09/18/2022,FOE,KS,ACE,CE,Federal Contract Tower,0,1,8,0,9,0,0,0,0,0,0,1,8,0,9,6,0,6,15
09/19/2022,FOE,KS,ACE,CE,Federal Contract Tower,0,3,10,19,32,0,0,29,7,36,0,3,39,26,68,14,40,54,122
09/20/2022,FOE,KS,ACE,CE,Federal Contract Tower,0,1,11,12,24,0,0,20,9,29,0,1,31,21,53,26,24,50,103
09/21/2022,FOE,KS,ACE,CE,Federal Contract Tower,0,0,5,14,19,0,0,7,0,7,0,0,12,14,26,10,14,24,50
09/22/2022,FOE,KS,ACE,CE,Federal Contract Tower,0,0,9,4,13,0,0,8,0,8,0,0,17,4,21,22,0,22,43
09/23/2022,FOE,KS,ACE,CE,Federal Contract Tower,2,0,12,23,37,0,0,7,9,16,2,0,19,32,53,28,34,62,115
09/24/2022,FOE,KS,ACE,CE,Federal Contract Tower,2,0,6,1,9,0,0,10,0,10,2,0,16,1,19,4,0,4,23
09/25/2022,FOE,KS,ACE,CE,Federal Contract Tower,0,0,7,7,14,0,1,14,6,21,0,1,21,13,35,0,20,20,55
09/26/2022,FOE,KS,ACE,CE,Federal Contract Tower,0,0,10,5,15,0,0,15,7,22,0,0,25,12,37,14,50,64,101
09/27/2022,FOE,KS,ACE,CE,Federal Contract Tower,0,0,14,7,21,0,0,1,1,2,0,0,15,8,23,2,8,10,33
09/28/2022,FOE,KS,ACE,CE,Federal Contract Tower,2,0,11,12,25,0,0,9,0,9,2,0,20,12,34,2,38,40,74
09/29/2022,FOE,KS,ACE,CE,Federal Contract Tower,0,0,18,13,31,0,0,11,0,11,0,0,29,13,42,4,44,48,90
09/30/2022,FOE,KS,ACE,CE,Federal Contract Tower,0,4,9,16,29,0,0,12,16,28,0,4,21,32,57,30,48,78,135
10/01/2022,FOE,KS,ACE,CE,Federal Contract Tower,0,0,3,0,3,0,0,4,14,18,0,0,7,14,21,16,8,24,45
10/02/2022,FOE,KS,ACE,CE,Federal Contract Tower,0,0,8,0,8,0,0,7,0,7,0,0,15,0,15,6,0,6,21
10/03/2022,FOE,KS,ACE,CE,Federal Contract Tower,0,0,18,11,29,0,0,14,8,22,0,0,32,19,51,16,34,50,101
10/04/2022,FOE,KS,ACE,CE,Federal Contract Tower,0,3,6,11,20,0,0,9,4,13,0,3,15,15,33,6,10,16,49
10/05/2022,FOE,KS,ACE,CE,Federal Contract Tower,0,0,12,34,46,0,0,12,0,12,0,0,24,34,58,20,94,114,172
10/06/2022,FOE,KS,ACE,CE,Federal Contract Tower,0,0,6,18,24,0,0,11,0,11,0,0,17,18,35,0,56,56,91
10/07/2022,FOE,KS,ACE,CE,Federal Contract Tower,0,0,19,8,27,0,0,1,0,1,0,0,20,8,28,3,12,15,43
10/08/2022,FOE,KS,ACE,CE,Federal Contract Tower,2,0,6,0,8,0,0,2,0,2,2,0,8,0,10,0,0,0,10
10/09/2022,FOE,KS,ACE,CE,Federal Contract Tower,0,2,11,2,15,0,0,7,0,7,0,2,18,2,22,0,0,0,22
10/10/2022,FOE,KS,ACE,CE,Federal Contract Tower,0,0,14,3,17,0,0,12,0,12,0,0,26,3,29,14,0,14,43
10/12/2022,FOE,KS,ACE,CE,Federal Contract Tower,2,0,14,18,34,0,0,8,5,13,2,0,22,23,47,0,30,30,77
10/13/2022,FOE,KS,ACE,CE,Federal Contract Tower,0,0,8,10,18,0,0,8,0,8,0,0,16,10,26,0,28,28,54
10/14/2022,FOE,KS,ACE,CE,Federal Contract Tower,0,2,10,6,18,0,0,5,14,19,0,2,15,20,37,10,2,12,49
10/15/2022,FOE,KS,ACE,CE,Federal Contract Tower,0,0,7,5,12,0,0,4,8,12,0,0,11,13,24,8,6,14,38
10/16/2022,FOE,KS,ACE,CE,Federal Contract Tower,0,0,11,3,14,0,0,2,3,5,0,0,13,6,19,2,2,4,23
10/17/2022,FOE,KS,ACE,CE,Federal Contract Tower,0,0,11,19,30,0,0,11,4,15,0,0,22,23,45,12,50,62,107
10/18/2022,FOE,KS,ACE,CE,Federal Contract Tower,0,1,13,24,38,0,0,11,10,21,0,1,24,34,59,0,6,6,65
10/19/2022,FOE,KS,ACE,CE,Federal Contract Tower,0,0,12,20,32,0,0,0,22,22,0,0,12,42,54,0,0,0,54
10/20/2022,FOE,KS,ACE,CE,Federal Contract Tower,0,1,11,5,17,0,0,6,6,12,0,1,17,11,29,0,0,0,29
10/21/2022,FOE,KS,ACE,CE,Federal Contract Tower,1,2,8,8,19,0,0,3,0,3,1,2,11,8,22,10,6,16,38
10/22/2022,FOE,KS,ACE,CE,Federal Contract Tower,2,0,7,2,11,0,0,1,0,1,2,0,8,2,12,0,0,0,12
10/23/2022,FOE,KS,ACE,CE,Federal Contract Tower,0,0,3,0,3,0,0,0,0,0,0,0,3,0,3,0,0,0,3
10/24/2022,FOE,KS,ACE,CE,Federal Contract Tower,0,0,11,42,53,0,0,0,1,1,0,0,11,43,54,0,14,14,68
10/25/2022,FOE,KS,ACE,CE,Federal Contract Tower,0,0,14,14,28,0,0,14,6,20,0,0,28,20,48,0,22,22,70
10/26/2022,FOE,KS,ACE,CE,Federal Contract Tower,0,0,13,13,26,0,0,32,10,42,0,0,45,23,68,6,42,48,116
10/27/2022,FOE,KS,ACE,CE,Federal Contract Tower,0,0,6,34,40,0,0,18,0,18,0,0,24,34,58,28,100,128,186
10/28/2022,FOE,KS,ACE,CE,Federal Contract Tower,0,0,16,13,29,0,0,1,9,10,0,0,17,22,39,10,86,96,135
10/29/2022,FOE,KS,ACE,CE,Federal Contract Tower,0,2,5,3,10,0,0,3,0,3,0,2,8,3,13,10,0,10,23
10/30/2022,FOE,KS,ACE,CE,Federal Contract Tower,0,2,3,10,15,0,0,9,2,11,0,2,12,12,26,0,20,20,46
10/31/2022,FOE,KS,ACE,CE,Federal Contract Tower,0,0,7,8,15,0,0,17,2,19,0,0,24,10,34,24,6,30,64
11/01/2022,FOE,KS,ACE,CE,Federal Contract Tower,0,0,12,11,23,0,0,7,4,11,0,0,19,15,34,6,20,26,60
11/02/2022,FOE,KS,ACE,CE,Federal Contract Tower,0,0,9,3,12,0,0,0,0,0,0,0,9,3,12,0,0,0,12
11/03/2022,FOE,KS,ACE,CE,Federal Contract Tower,0,0,6,1,7,0,0,2,1,3,0,0,8,2,10,0,0,0,10
11/04/2022,FOE,KS,ACE,CE,Federal Contract Tower,2,3,3,2,10,0,0,0,0,0,2,3,3,2,10,0,0,0,10
11/05/2022,FOE,KS,ACE,CE,Federal Contract Tower,2,1,4,1,8,0,0,3,5,8,2,1,7,6,16,0,0,0,16
11/06/2022,FOE,KS,ACE,CE,Federal Contract Tower,0,2,11,6,19,0,0,8,0,8,0,2,19,6,27,5,0,5,32
11/07/2022,FOE,KS,ACE,CE,Federal Contract Tower,0,1,10,15,26,0,0,7,3,10,0,1,17,18,36,16,18,34,70
11/08/2022,FOE,KS,ACE,CE,Federal Contract Tower,0,0,13,20,33,0,0,3,2,5,0,0,16,22,38,0,10,10,48
11/09/2022,FOE,KS,ACE,CE,Federal Contract Tower,0,0,3,10,13,0,0,5,0,5,0,0,8,10,18,0,14,14,32
11/10/2022,FOE,KS,ACE,CE,Federal Contract Tower,0,1,8,11,20,0,0,8,0,8,0,1,16,11,28,0,10,10,38
11/11/2022,FOE,KS,ACE,CE,Federal Contract Tower,2,0,11,0,13,0,0,5,0,5,2,0,16,0,18,6,0,6,24
11/12/2022,FOE,KS,ACE,CE,Federal Contract Tower,2,2,4,0,8,0,0,12,1,13,2,2,16,1,21,10,6,16,37
11/13/2022,FOE,KS,ACE,CE,Federal Contract Tower,0,0,7,0,7,0,0,4,0,4,0,0,11,0,11,2,0,2,13
11/14/2022,FOE,KS,ACE,CE,Federal Contract Tower,6,0,11,4,21,0,0,6,2,8,6,0,17,6,29,0,16,16,45
11/15/2022,FOE,KS,ACE,CE,Federal Contract Tower,2,0,10,19,31,0,0,10,6,16,2,0,20,25,47,16,8,24,71
11/16/2022,FOE,KS,ACE,CE,Federal Contract Tower,0,0,7,16,23,0,0,8,0,8,0,0,15,16,31,4,26,30,61
11/17/2022,FOE,KS,ACE,CE,Federal Contract Tower,0,2,3,13,18,0,0,8,0,8,0,2,11,13,26,0,24,24,50
11/18/2022,FOE,KS,ACE,CE,Federal Contract Tower,0,4,7,29,40,0,0,8,14,22,0,4,15,43,62,16,108,124,186
11/19/2022,FOE,KS,ACE,CE,Federal Contract Tower,4,0,6,3,13,0,0,9,0,9,4,0,15,3,22,22,0,22,44
11/20/2022,FOE,KS,ACE,CE,Federal Contract Tower,1,0,3,9,13,0,0,9,12,21,1,0,12,21,34,6,56,62,96
11/21/2022,FOE,KS,ACE,CE,Federal Contract Tower,0,4,5,23,32,0,0,3,18,21,0,4,8,41,53,0,88,88,141
11/22/2022,FOE,KS,ACE,CE,Federal Contract Tower,1,3,4,34,42,0,0,12,9,21,1,3,16,43,63,0,68,68,131
11/23/2022,FOE,KS,ACE,CE,Federal Contract Tower,0,4,10,9,23,0,0,8,1,9,0,4,18,10,32,4,36,40,72
11/24/2022,FOE,KS,ACE,CE,Federal Contract Tower,0,0,0,0,0,0,0,0,0,0,0,0,0,0,0,0,0,0,0
11/25/2022,FOE,KS,ACE,CE,Federal Contract Tower,2,0,3,0,5,0,0,0,0,0,2,0,3,0,5,0,0,0,5
11/26/2022,FOE,KS,ACE,CE,Federal Contract Tower,5,2,4,0,11,0,0,0,0,0,5,2,4,0,11,0,0,0,11
11/27/2022,FOE,KS,ACE,CE,Federal Contract Tower,3,5,5,0,13,0,0,5,0,5,3,5,10,0,18,18,0,18,36
11/28/2022,FOE,KS,ACE,CE,Federal Contract Tower,4,0,9,17,30,0,0,13,8,21,4,0,22,25,51,4,56,60,111
11/29/2022,FOE,KS,ACE,CE,Federal Contract Tower,1,0,4,15,20,0,0,8,6,14,1,0,12,21,34,0,42,42,76
11/30/2022,FOE,KS,ACE,CE,Federal Contract Tower,0,0,12,12,24,0,0,8,0,8,0,0,20,12,32,6,26,32,64
12/01/2022,FOE,KS,ACE,CE,Federal Contract Tower,0,0,10,12,22,0,0,2,0,2,0,0,12,12,24,0,0,0,24
12/02/2022,FOE,KS,ACE,CE,Federal Contract Tower,1,0,7,6,14,0,0,4,0,4,1,0,11,6,18,0,0,0,18
12/03/2022,FOE,KS,ACE,CE,Federal Contract Tower,4,0,7,6,17,0,0,6,18,24,4,0,13,24,41,6,26,32,73
12/04/2022,FOE,KS,ACE,CE,Federal Contract Tower,0,0,5,14,19,0,0,8,6,14,0,0,13,20,33,10,22,32,65
12/05/2022,FOE,KS,ACE,CE,Federal Contract Tower,1,0,14,33,48,0,0,4,10,14,1,0,18,43,62,0,34,34,96
12/06/2022,FOE,KS,ACE,CE,Federal Contract Tower,0,2,14,21,37,0,0,8,1,9,0,2,22,22,46,0,24,24,70
12/07/2022,FOE,KS,ACE,CE,Federal Contract Tower,0,0,11,17,28,0,0,8,0,8,0,0,19,17,36,14,66,80,116
12/08/2022,FOE,KS,ACE,CE,Federal Contract Tower,1,0,1,3,5,0,0,0,0,0,1,0,1,3,5,0,0,0,5
12/09/2022,FOE,KS,ACE,CE,Federal Contract Tower,0,0,13,2,15,0,0,0,0,0,0,0,13,2,15,0,0,0,15
12/10/2022,FOE,KS,ACE,CE,Federal Contract Tower,0,0,7,0,7,0,0,7,0,7,0,0,14,0,14,0,0,0,14
12/12/2022,FOE,KS,ACE,CE,Federal Contract Tower,0,3,12,2,17,0,0,0,0,0,0,3,12,2,17,0,0,0,17
12/14/2022,FOE,KS,ACE,CE,Federal Contract Tower,0,1,16,4,21,0,0,0,0,0,0,1,16,4,21,16,42,58,79
12/15/2022,FOE,KS,ACE,CE,Federal Contract Tower,0,0,1,12,13,0,0,12,14,26,0,0,13,26,39,0,24,24,63
12/16/2022,FOE,KS,ACE,CE,Federal Contract Tower,0,1,29,27,57,0,0,16,42,58,0,1,45,69,115,4,62,66,181
12/17/2022,FOE,KS,ACE,CE,Federal Contract Tower,2,1,10,2,15,0,0,0,0,0,2,1,10,2,15,0,0,0,15
12/18/2022,FOE,KS,ACE,CE,Federal Contract Tower,0,0,6,0,6,0,0,15,0,15,0,0,21,0,21,0,0,0,21
12/19/2022,FOE,KS,ACE,CE,Federal Contract Tower,0,0,7,5,12,0,0,0,9,9,0,0,7,14,21,0,4,4,25
12/20/2022,FOE,KS,ACE,CE,Federal Contract Tower,0,3,4,18,25,0,0,0,0,0,0,3,4,18,25,0,0,0,25
12/21/2022,FOE,KS,ACE,CE,Federal Contract Tower,0,0,4,4,8,0,0,0,0,0,0,0,4,4,8,0,0,0,8
12/22/2022,FOE,KS,ACE,CE,Federal Contract Tower,0,0,1,0,1,0,0,0,0,0,0,0,1,0,1,0,0,0,1
12/23/2022,FOE,KS,ACE,CE,Federal Contract Tower,0,0,6,0,6,0,0,0,0,0,0,0,6,0,6,0,0,0,6
12/24/2022,FOE,KS,ACE,CE,Federal Contract Tower,0,1,1,0,2,0,0,2,0,2,0,1,3,0,4,0,0,0,4
12/25/2022,FOE,KS,ACE,CE,Federal Contract Tower,2,0,1,0,3,0,0,10,0,10,2,0,11,0,13,4,0,4,17
12/26/2022,FOE,KS,ACE,CE,Federal Contract Tower,0,0,1,0,1,0,0,2,0,2,0,0,3,0,3,0,0,0,3
12/27/2022,FOE,KS,ACE,CE,Federal Contract Tower,2,1,9,0,12,0,0,2,0,2,2,1,11,0,14,0,0,0,14
12/28/2022,FOE,KS,ACE,CE,Federal Contract Tower,0,1,7,3,11,0,0,8,0,8,0,1,15,3,19,0,0,0,19
12/29/2022,FOE,KS,ACE,CE,Federal Contract Tower,0,0,12,13,25,0,0,9,0,9,0,0,21,13,34,0,0,0,34
12/30/2022,FOE,KS,ACE,CE,Federal Contract Tower,0,0,16,6,22,0,0,13,0,13,0,0,29,6,35,68,44,112,147
12/31/2022,FOE,KS,ACE,CE,Federal Contract Tower,2,1,1,0,4,0,0,5,0,5,2,1,6,0,9,0,0,0,9
01/01/2023,FOE,KS,ACE,CE,Federal Contract Tower,0,0,13,0,13,0,0,26,0,26,0,0,39,0,39,12,0,12,51
01/02/2023,FOE,KS,ACE,CE,Federal Contract Tower,2,0,3,0,5,0,0,0,0,0,2,0,3,0,5,0,0,0,5
01/03/2023,FOE,KS,ACE,CE,Federal Contract Tower,0,0,5,6,11,0,0,3,0,3,0,0,8,6,14,4,0,4,18
01/04/2023,FOE,KS,ACE,CE,Federal Contract Tower,0,0,5,14,19,0,0,2,0,2,0,0,7,14,21,4,102,106,127
01/05/2023,FOE,KS,ACE,CE,Federal Contract Tower,0,1,14,23,38,0,0,4,17,21,0,1,18,40,59,0,98,98,157
01/06/2023,FOE,KS,ACE,CE,Federal Contract Tower,4,1,10,22,37,0,0,3,33,36,4,1,13,55,73,0,172,172,245
01/07/2023,FOE,KS,ACE,CE,Federal Contract Tower,1,0,7,4,12,0,4,0,48,52,1,4,7,52,64,0,112,112,176
01/08/2023,FOE,KS,ACE,CE,Federal Contract Tower,0,2,4,5,11,0,0,12,0,12,0,2,16,5,23,0,0,0,23
01/09/2023,FOE,KS,ACE,CE,Federal Contract Tower,2,1,9,17,29,0,0,2,4,6,2,1,11,21,35,2,32,34,69
01/10/2023,FOE,KS,ACE,CE,Federal Contract Tower,0,0,12,9,21,0,0,8,0,8,0,0,20,9,29,0,42,42,71
01/11/2023,FOE,KS,ACE,CE,Federal Contract Tower,0,0,10,12,22,0,0,2,0,2,0,0,12,12,24,0,20,20,44
01/12/2023,FOE,KS,ACE,CE,Federal Contract Tower,0,0,5,3,8,0,0,0,0,0,0,0,5,3,8,0,0,0,8
01/13/2023,FOE,KS,ACE,CE,Federal Contract Tower,2,0,17,2,21,0,0,3,0,3,2,0,20,2,24,0,0,0,24
01/14/2023,FOE,KS,ACE,CE,Federal Contract Tower,2,0,7,2,11,0,0,10,0,10,2,0,17,2,21,6,0,6,27
01/15/2023,FOE,KS,ACE,CE,Federal Contract Tower,0,0,4,0,4,0,0,0,0,0,0,0,4,0,4,0,0,0,4
01/16/2023,FOE,KS,ACE,CE,Federal Contract Tower,2,0,5,0,7,0,0,8,0,8,2,0,13,0,15,0,0,0,15
01/17/2023,FOE,KS,ACE,CE,Federal Contract Tower,0,4,9,20,33,0,0,10,2,12,0,4,19,22,45,0,10,10,55
01/18/2023,FOE,KS,ACE,CE,Federal Contract Tower,0,0,4,0,4,0,0,0,0,0,0,0,4,0,4,0,0,0,4
01/19/2023,FOE,KS,ACE,CE,Federal Contract Tower,0,0,4,8,12,0,0,0,0,0,0,0,4,8,12,0,40,40,52
01/20/2023,FOE,KS,ACE,CE,Federal Contract Tower,1,0,12,17,30,0,0,18,32,50,1,0,30,49,80,30,70,100,180
01/21/2023,FOE,KS,ACE,CE,Federal Contract Tower,1,0,2,0,3,0,0,0,0,0,1,0,2,0,3,0,0,0,3
01/22/2023,FOE,KS,ACE,CE,Federal Contract Tower,2,0,6,0,8,0,0,0,0,0,2,0,6,0,8,0,0,0,8
01/23/2023,FOE,KS,ACE,CE,Federal Contract Tower,0,0,12,14,26,0,0,4,0,4,0,0,16,14,30,18,6,24,54
01/24/2023,FOE,KS,ACE,CE,Federal Contract Tower,1,0,13,12,26,0,0,13,0,13,1,0,26,12,39,2,42,44,83
01/25/2023,FOE,KS,ACE,CE,Federal Contract Tower,0,1,3,5,9,0,0,0,0,0,0,1,3,5,9,0,22,22,31
01/26/2023,FOE,KS,ACE,CE,Federal Contract Tower,0,0,7,18,25,0,0,0,0,0,0,0,7,18,25,2,66,68,93
01/27/2023,FOE,KS,ACE,CE,Federal Contract Tower,4,2,11,7,24,0,0,4,8,12,4,2,15,15,36,0,70,70,106
01/28/2023,FOE,KS,ACE,CE,Federal Contract Tower,0,2,0,0,2,0,0,4,0,4,0,2,4,0,6,12,0,12,18
01/29/2023,FOE,KS,ACE,CE,Federal Contract Tower,1,2,6,0,9,0,0,1,0,1,1,2,7,0,10,0,0,0,10
01/30/2023,FOE,KS,ACE,CE,Federal Contract Tower,0,1,10,15,26,0,0,3,52,55,0,1,13,67,81,6,14,20,101
01/31/2023,FOE,KS,ACE,CE,Federal Contract Tower,3,0,5,16,24,0,0,14,21,35,3,0,19,37,59,0,60,60,119
02/01/2023,FOE,KS,ACE,CE,Federal Contract Tower,0,0,7,23,30,0,0,32,58,90,0,0,39,81,120,0,0,0,120
02/02/2023,FOE,KS,ACE,CE,Federal Contract Tower,2,0,8,9,19,0,0,0,0,0,2,0,8,9,19,6,112,118,137
02/03/2023,FOE,KS,ACE,CE,Federal Contract Tower,1,0,12,6,19,0,0,2,9,11,1,0,14,15,30,7,26,33,63
02/04/2023,FOE,KS,ACE,CE,Federal Contract Tower,3,0,2,5,10,0,0,2,0,2,3,0,4,5,12,0,40,40,52
02/05/2023,FOE,KS,ACE,CE,Federal Contract Tower,0,0,4,6,10,0,0,18,0,18,0,0,22,6,28,6,0,6,34
02/06/2023,FOE,KS,ACE,CE,Federal Contract Tower,1,0,8,22,31,0,0,14,2,16,1,0,22,24,47,0,20,20,67
02/07/2023,FOE,KS,ACE,CE,Federal Contract Tower,0,0,8,13,21,0,0,8,0,8,0,0,16,13,29,40,40,80,109
02/08/2023,FOE,KS,ACE,CE,Federal Contract Tower,0,0,4,25,29,0,0,0,0,0,0,0,4,25,29,0,58,58,87
02/09/2023,FOE,KS,ACE,CE,Federal Contract Tower,0,0,6,19,25,0,0,0,0,0,0,0,6,19,25,0,56,56,81
02/10/2023,FOE,KS,ACE,CE,Federal Contract Tower,0,3,5,16,24,0,0,3,2,5,0,3,8,18,29,8,24,32,61
02/11/2023,FOE,KS,ACE,CE,Federal Contract Tower,5,0,2,6,13,0,0,2,0,2,5,0,4,6,15,6,0,6,21
02/12/2023,FOE,KS,ACE,CE,Federal Contract Tower,0,0,3,0,3,0,0,7,0,7,0,0,10,0,10,0,0,0,10
02/13/2023,FOE,KS,ACE,CE,Federal Contract Tower,1,1,5,11,18,0,0,9,0,9,1,1,14,11,27,0,0,0,27
02/14/2023,FOE,KS,ACE,CE,Federal Contract Tower,0,0,11,3,14,0,0,0,0,0,0,0,11,3,14,0,14,14,28
02/15/2023,FOE,KS,ACE,CE,Federal Contract Tower,4,1,7,2,14,0,0,4,0,4,4,1,11,2,18,0,20,20,38
02/16/2023,FOE,KS,ACE,CE,Federal Contract Tower,0,0,1,0,1,0,0,0,0,0,0,0,1,0,1,0,0,0,1
02/17/2023,FOE,KS,ACE,CE,Federal Contract Tower,3,3,6,2,14,0,0,0,0,0,3,3,6,2,14,4,0,4,18
02/18/2023,FOE,KS,ACE,CE,Federal Contract Tower,4,11,6,0,21,0,0,0,0,0,4,11,6,0,21,18,0,18,39
02/19/2023,FOE,KS,ACE,CE,Federal Contract Tower,0,0,6,1,7,0,0,6,1,7,0,0,12,2,14,0,26,26,40
02/20/2023,FOE,KS,ACE,CE,Federal Contract Tower,0,0,11,0,11,0,0,7,0,7,0,0,18,0,18,16,0,16,34
02/21/2023,FOE,KS,ACE,CE,Federal Contract Tower,0,1,7,8,16,0,0,14,10,24,0,1,21,18,40,0,12,12,52
02/22/2023,FOE,KS,ACE,CE,Federal Contract Tower,1,1,4,4,10,0,0,0,0,0,1,1,4,4,10,0,6,6,16
02/23/2023,FOE,KS,ACE,CE,Federal Contract Tower,0,0,9,12,21,0,0,2,16,18,0,0,11,28,39,0,0,0,39
02/24/2023,FOE,KS,ACE,CE,Federal Contract Tower,2,0,16,4,22,0,0,4,0,4,2,0,20,4,26,0,0,0,26
02/25/2023,FOE,KS,ACE,CE,Federal Contract Tower,2,0,10,0,12,0,0,0,0,0,2,0,10,0,12,24,0,24,36
02/26/2023,FOE,KS,ACE,CE,Federal Contract Tower,2,1,5,3,11,0,0,0,0,0,2,1,5,3,11,0,0,0,11
02/27/2023,FOE,KS,ACE,CE,Federal Contract Tower,2,1,1,14,18,0,0,0,3,3,2,1,1,17,21,0,32,32,53
02/28/2023,FOE,KS,ACE,CE,Federal Contract Tower,1,3,7,25,36,0,16,11,17,44,1,19,18,42,80,8,82,90,170
03/01/2023,FOE,KS,ACE,CE,Federal Contract Tower,0,0,9,9,18,0,0,4,0,4,0,0,13,9,22,0,0,0,22
03/02/2023,FOE,KS,ACE,CE,Federal Contract Tower,0,0,9,14,23,0,0,0,0,0,0,0,9,14,23,0,0,0,23
03/03/2023,FOE,KS,ACE,CE,Federal Contract Tower,4,0,8,2,14,0,0,0,2,2,4,0,8,4,16,22,96,118,134
03/04/2023,FOE,KS,ACE,CE,Federal Contract Tower,4,2,5,7,18,0,0,10,0,10,4,2,15,7,28,8,56,64,92
03/05/2023,FOE,KS,ACE,CE,Federal Contract Tower,2,0,7,1,10,0,0,2,0,2,2,0,9,1,12,0,2,2,14
03/06/2023,FOE,KS,ACE,CE,Federal Contract Tower,0,0,5,15,20,0,0,4,4,8,0,0,9,19,28,2,28,30,58
03/07/2023,FOE,KS,ACE,CE,Federal Contract Tower,0,1,7,11,19,0,0,0,15,15,0,1,7,26,34,0,0,0,34
03/08/2023,FOE,KS,ACE,CE,Federal Contract Tower,0,2,8,7,17,0,0,0,0,0,0,2,8,7,17,0,0,0,17
03/09/2023,FOE,KS,ACE,CE,Federal Contract Tower,4,2,6,12,24,0,0,0,0,0,4,2,6,12,24,0,0,0,24
03/10/2023,FOE,KS,ACE,CE,Federal Contract Tower,0,0,8,5,13,0,0,0,0,0,0,0,8,5,13,16,6,22,35
03/11/2023,FOE,KS,ACE,CE,Federal Contract Tower,2,0,0,0,2,0,0,0,0,0,2,0,0,0,2,0,0,0,2
03/12/2023,FOE,KS,ACE,CE,Federal Contract Tower,0,2,14,2,18,0,0,3,0,3,0,2,17,2,21,0,0,0,21
03/13/2023,FOE,KS,ACE,CE,Federal Contract Tower,0,0,6,19,25,0,0,2,2,4,0,0,8,21,29,0,24,24,53
03/14/2023,FOE,KS,ACE,CE,Federal Contract Tower,0,0,7,13,20,0,0,7,11,18,0,0,14,24,38,8,88,96,134
03/15/2023,FOE,KS,ACE,CE,Federal Contract Tower,0,4,8,5,17,0,0,6,0,6,0,4,14,5,23,0,0,0,23
03/16/2023,FOE,KS,ACE,CE,Federal Contract Tower,1,1,0,13,15,0,0,0,0,0,1,1,0,13,15,0,0,0,15
03/17/2023,FOE,KS,ACE,CE,Federal Contract Tower,1,0,6,21,28,0,0,4,0,4,1,0,10,21,32,12,34,46,78
03/18/2023,FOE,KS,ACE,CE,Federal Contract Tower,0,0,5,2,7,0,0,2,0,2,0,0,7,2,9,4,0,4,13
03/19/2023,FOE,KS,ACE,CE,Federal Contract Tower,0,0,3,0,3,0,0,10,0,10,0,0,13,0,13,0,0,0,13
03/20/2023,FOE,KS,ACE,CE,Federal Contract Tower,0,0,8,2,10,0,0,1,2,3,0,0,9,4,13,0,0,0,13
03/21/2023,FOE,KS,ACE,CE,Federal Contract Tower,0,0,10,10,20,0,0,0,1,1,0,0,10,11,21,0,0,0,21
03/22/2023,FOE,KS,ACE,CE,Federal Contract Tower,0,0,4,5,9,0,0,0,0,0,0,0,4,5,9,0,0,0,9
03/23/2023,FOE,KS,ACE,CE,Federal Contract Tower,0,0,7,5,12,0,0,0,0,0,0,0,7,5,12,0,0,0,12
03/24/2023,FOE,KS,ACE,CE,Federal Contract Tower,0,2,14,8,24,0,0,4,0,4,0,2,18,8,28,0,12,12,40
03/25/2023,FOE,KS,ACE,CE,Federal Contract Tower,1,0,2,18,21,0,0,14,0,14,1,0,16,18,35,36,0,36,71
03/26/2023,FOE,KS,ACE,CE,Federal Contract Tower,1,2,5,0,8,0,0,0,0,0,1,2,5,0,8,0,0,0,8
03/27/2023,FOE,KS,ACE,CE,Federal Contract Tower,0,0,4,11,15,0,0,8,0,8,0,0,12,11,23,0,36,36,59
03/28/2023,FOE,KS,ACE,CE,Federal Contract Tower,0,2,11,14,27,0,0,7,6,13,0,2,18,20,40,0,22,22,62
03/29/2023,FOE,KS,ACE,CE,Federal Contract Tower,0,0,23,3,26,0,0,13,3,16,0,0,36,6,42,10,78,88,130
03/30/2023,FOE,KS,ACE,CE,Federal Contract Tower,0,4,8,22,34,0,0,8,3,11,0,4,16,25,45,12,74,86,131
03/31/2023,FOE,KS,ACE,CE,Federal Contract Tower,0,0,3,1,4,0,0,0,0,0,0,0,3,1,4,0,0,0,4
04/01/2023,FOE,KS,ACE,CE,Federal Contract Tower,0,0,8,4,12,0,0,12,0,12,0,0,20,4,24,0,10,10,34
04/02/2023,FOE,KS,ACE,CE,Federal Contract Tower,0,0,7,1,8,0,0,3,0,3,0,0,10,1,11,0,0,0,11
04/03/2023,FOE,KS,ACE,CE,Federal Contract Tower,0,0,11,22,33,0,0,2,2,4,0,0,13,24,37,8,10,18,55
04/04/2023,FOE,KS,ACE,CE,Federal Contract Tower,0,0,4,9,13,0,0,1,3,4,0,0,5,12,17,0,2,2,19
04/05/2023,FOE,KS,ACE,CE,Federal Contract Tower,0,2,2,17,21,0,0,6,0,6,0,2,8,17,27,0,72,72,99
04/06/2023,FOE,KS,ACE,CE,Federal Contract Tower,0,0,2,5,7,0,0,6,0,6,0,0,8,5,13,0,0,0,13
04/07/2023,FOE,KS,ACE,CE,Federal Contract Tower,0,0,4,9,13,0,0,20,21,41,0,0,24,30,54,12,130,142,196
04/08/2023,FOE,KS,ACE,CE,Federal Contract Tower,0,0,5,2,7,0,0,8,0,8,0,0,13,2,15,0,0,0,15
04/09/2023,FOE,KS,ACE,CE,Federal Contract Tower,1,0,3,2,6,0,0,3,0,3,1,0,6,2,9,7,0,7,16
04/10/2023,FOE,KS,ACE,CE,Federal Contract Tower,0,0,11,6,17,0,0,8,2,10,0,0,19,8,27,0,4,4,31
04/11/2023,FOE,KS,ACE,CE,Federal Contract Tower,0,2,4,8,14,0,2,5,2,9,0,4,9,10,23,0,18,18,41
04/12/2023,FOE,KS,ACE,CE,Federal Contract Tower,0,0,6,9,15,0,0,6,0,6,0,0,12,9,21,0,14,14,35
04/13/2023,FOE,KS,ACE,CE,Federal Contract Tower,0,0,2,4,6,0,0,8,1,9,0,0,10,5,15,0,0,0,15
04/14/2023,FOE,KS,ACE,CE,Federal Contract Tower,2,2,7,5,16,0,0,4,4,8,2,2,11,9,24,6,60,66,90
04/15/2023,FOE,KS,ACE,CE,Federal Contract Tower,0,0,5,0,5,0,0,2,0,2,0,0,7,0,7,0,0,0,7
04/16/2023,FOE,KS,ACE,CE,Federal Contract Tower,0,2,6,5,13,0,0,0,1,1,0,2,6,6,14,0,0,0,14
04/17/2023,FOE,KS,ACE,CE,Federal Contract Tower,2,2,15,26,45,0,0,26,3,29,2,2,41,29,74,10,68,78,152
04/18/2023,FOE,KS,ACE,CE,Federal Contract Tower,0,3,7,11,21,0,1,6,4,11,0,4,13,15,32,2,14,16,48
04/19/2023,FOE,KS,ACE,CE,Federal Contract Tower,0,0,3,13,16,0,0,6,2,8,0,0,9,15,24,2,2,4,28
04/20/2023,FOE,KS,ACE,CE,Federal Contract Tower,0,0,8,9,17,0,0,2,1,3,0,0,10,10,20,10,92,102,122
04/21/2023,FOE,KS,ACE,CE,Federal Contract Tower,0,0,3,24,27,0,0,0,2,2,0,0,3,26,29,0,68,68,97
04/22/2023,FOE,KS,ACE,CE,Federal Contract Tower,0,0,3,4,7,0,0,10,0,10,0,0,13,4,17,12,12,24,41
04/23/2023,FOE,KS,ACE,CE,Federal Contract Tower,0,0,4,0,4,0,0,24,0,24,0,0,28,0,28,0,0,0,28
04/24/2023,FOE,KS,ACE,CE,Federal Contract Tower,0,0,10,17,27,0,1,9,3,13,0,1,19,20,40,0,28,28,68
04/25/2023,FOE,KS,ACE,CE,Federal Contract Tower,0,1,11,25,37,0,4,4,2,10,0,5,15,27,47,0,28,28,75
04/26/2023,FOE,KS,ACE,CE,Federal Contract Tower,0,4,11,10,25,0,0,6,0,6,0,4,17,10,31,50,22,72,103
04/27/2023,FOE,KS,ACE,CE,Federal Contract Tower,2,1,6,15,24,0,0,8,10,18,2,1,14,25,42,0,40,40,82
04/28/2023,FOE,KS,ACE,CE,Federal Contract Tower,0,0,8,4,12,0,0,4,2,6,0,0,12,6,18,6,20,26,44
04/29/2023,FOE,KS,ACE,CE,Federal Contract Tower,0,0,5,2,7,0,0,12,2,14,0,0,17,4,21,0,0,0,21
04/30/2023,FOE,KS,ACE,CE,Federal Contract Tower,2,0,6,0,8,0,0,6,0,6,2,0,12,0,14,0,0,0,14
05/01/2023,FOE,KS,ACE,CE,Federal Contract Tower,0,3,6,23,32,0,0,4,3,7,0,3,10,26,39,0,24,24,63
05/02/2023,FOE,KS,ACE,CE,Federal Contract Tower,0,0,9,13,22,0,0,6,6,12,0,0,15,19,34,0,28,28,62
05/03/2023,FOE,KS,ACE,CE,Federal Contract Tower,0,0,15,5,20,0,0,6,0,6,0,0,21,5,26,26,10,36,62
05/04/2023,FOE,KS,ACE,CE,Federal Contract Tower,0,0,2,5,7,0,0,0,1,1,0,0,2,6,8,2,18,20,28
05/05/2023,FOE,KS,ACE,CE,Federal Contract Tower,0,0,4,5,9,0,0,2,0,2,0,0,6,5,11,0,0,0,11
05/06/2023,FOE,KS,ACE,CE,Federal Contract Tower,0,0,2,2,4,0,0,4,0,4,0,0,6,2,8,0,40,40,48
05/07/2023,FOE,KS,ACE,CE,Federal Contract Tower,2,0,10,1,13,0,0,2,0,2,2,0,12,1,15,0,0,0,15
05/08/2023,FOE,KS,ACE,CE,Federal Contract Tower,0,2,12,10,24,0,0,32,3,35,0,2,44,13,59,28,32,60,119
05/09/2023,FOE,KS,ACE,CE,Federal Contract Tower,0,5,11,25,41,0,0,9,11,20,0,5,20,36,61,0,18,18,79
05/10/2023,FOE,KS,ACE,CE,Federal Contract Tower,0,1,6,15,22,0,0,6,0,6,0,1,12,15,28,0,16,16,44
05/11/2023,FOE,KS,ACE,CE,Federal Contract Tower,0,0,6,5,11,0,0,0,0,0,0,0,6,5,11,0,0,0,11
05/12/2023,FOE,KS,ACE,CE,Federal Contract Tower,0,2,8,9,19,0,0,0,13,13,0,2,8,22,32,0,40,40,72
05/13/2023,FOE,KS,ACE,CE,Federal Contract Tower,0,2,5,9,16,0,0,10,0,10,0,2,15,9,26,12,0,12,38
05/14/2023,FOE,KS,ACE,CE,Federal Contract Tower,2,1,3,0,6,0,0,10,0,10,2,1,13,0,16,0,0,0,16
05/15/2023,FOE,KS,ACE,CE,Federal Contract Tower,1,0,8,0,9,0,0,0,0,0,1,0,8,0,9,0,0,0,9
05/16/2023,FOE,KS,ACE,CE,Federal Contract Tower,0,0,15,9,24,0,0,6,0,6,0,0,21,9,30,0,26,26,56
05/17/2023,FOE,KS,ACE,CE,Federal Contract Tower,0,0,8,14,22,0,0,12,11,23,0,0,20,25,45,0,10,10,55
05/18/2023,FOE,KS,ACE,CE,Federal Contract Tower,0,0,11,5,16,0,0,7,1,8,0,0,18,6,24,0,28,28,52
05/19/2023,FOE,KS,ACE,CE,Federal Contract Tower,0,1,17,4,22,0,0,0,0,0,0,1,17,4,22,0,0,0,22
05/20/2023,FOE,KS,ACE,CE,Federal Contract Tower,0,3,7,8,18,0,0,18,2,20,0,3,25,10,38,24,0,24,62
05/21/2023,FOE,KS,ACE,CE,Federal Contract Tower,0,2,8,4,14,0,0,11,1,12,0,2,19,5,26,0,0,0,26
05/22/2023,FOE,KS,ACE,CE,Federal Contract Tower,0,1,4,17,22,0,0,23,2,25,0,1,27,19,47,38,16,54,101
05/23/2023,FOE,KS,ACE,CE,Federal Contract Tower,0,0,12,21,33,0,0,16,13,29,0,0,28,34,62,0,32,32,94
05/24/2023,FOE,KS,ACE,CE,Federal Contract Tower,0,2,14,15,31,0,0,2,5,7,0,2,16,20,38,2,38,40,78
05/25/2023,FOE,KS,ACE,CE,Federal Contract Tower,0,2,6,5,13,0,0,3,0,3,0,2,9,5,16,0,0,0,16
05/26/2023,FOE,KS,ACE,CE,Federal Contract Tower,0,0,10,2,12,0,0,6,0,6,0,0,16,2,18,0,0,0,18
05/27/2023,FOE,KS,ACE,CE,Federal Contract Tower,0,2,7,2,11,0,0,24,0,24,0,2,31,2,35,0,0,0,35
05/28/2023,FOE,KS,ACE,CE,Federal Contract Tower,2,0,4,0,6,0,0,3,0,3,2,0,7,0,9,4,0,4,13
05/29/2023,FOE,KS,ACE,CE,Federal Contract Tower,0,0,2,0,2,0,0,13,0,13,0,0,15,0,15,16,0,16,31
05/30/2023,FOE,KS,ACE,CE,Federal Contract Tower,0,0,4,9,13,0,0,5,5,10,0,0,9,14,23,0,14,14,37
05/31/2023,FOE,KS,ACE,CE,Federal Contract Tower,0,1,6,14,21,0,0,0,0,0,0,1,6,14,21,0,0,0,21
06/01/2023,FOE,KS,ACE,CE,Federal Contract Tower,0,1,7,31,39,0,0,3,5,8,0,1,10,36,47,0,32,32,79
06/02/2023,FOE,KS,ACE,CE,Federal Contract Tower,0,0,12,5,17,0,0,0,0,0,0,0,12,5,17,0,18,18,35
06/03/2023,FOE,KS,ACE,CE,Federal Contract Tower,0,3,13,2,18,0,0,0,0,0,0,3,13,2,18,0,0,0,18
06/04/2023,FOE,KS,ACE,CE,Federal Contract Tower,0,6,3,0,9,0,0,11,0,11,0,6,14,0,20,8,0,8,28
06/05/2023,FOE,KS,ACE,CE,Federal Contract Tower,0,1,9,21,31,0,0,14,29,43,0,1,23,50,74,0,94,94,168
06/07/2023,FOE,KS,ACE,CE,Federal Contract Tower,0,0,11,15,26,0,0,2,1,3,0,0,13,16,29,0,2,2,31
06/08/2023,FOE,KS,ACE,CE,Federal Contract Tower,0,30,11,19,60,0,0,8,0,8,0,30,19,19,68,0,146,146,214
06/09/2023,FOE,KS,ACE,CE,Federal Contract Tower,0,0,12,31,43,0,0,4,12,16,0,0,16,43,59,28,74,102,161
06/10/2023,FOE,KS,ACE,CE,Federal Contract Tower,0,2,5,3,10,0,0,0,0,0,0,2,5,3,10,0,0,0,10
06/11/2023,FOE,KS,ACE,CE,Federal Contract Tower,0,2,17,0,19,0,0,1,4,5,0,2,18,4,24,0,0,0,24
06/12/2023,FOE,KS,ACE,CE,Federal Contract Tower,0,0,16,23,39,0,0,14,14,28,0,0,30,37,67,0,92,92,159
06/13/2023,FOE,KS,ACE,CE,Federal Contract Tower,0,1,12,15,28,0,1,12,15,28,0,2,24,30,56,0,12,12,68
06/14/2023,FOE,KS,ACE,CE,Federal Contract Tower,0,0,7,18,25,0,0,1,6,7,0,0,8,24,32,6,24,30,62
06/15/2023,FOE,KS,ACE,CE,Federal Contract Tower,0,3,14,15,32,0,0,0,0,0,0,3,14,15,32,0,42,42,74
06/16/2023,FOE,KS,ACE,CE,Federal Contract Tower,0,0,12,6,18,0,0,2,0,2,0,0,14,6,20,0,10,10,30
06/17/2023,FOE,KS,ACE,CE,Federal Contract Tower,0,0,5,0,5,0,0,0,0,0,0,0,5,0,5,0,0,0,5
06/18/2023,FOE,KS,ACE,CE,Federal Contract Tower,0,2,4,0,6,0,0,5,9,14,0,2,9,9,20,2,0,2,22
06/19/2023,FOE,KS,ACE,CE,Federal Contract Tower,0,2,10,0,12,0,0,10,0,10,0,2,20,0,22,14,0,14,36
06/20/2023,FOE,KS,ACE,CE,Federal Contract Tower,0,0,12,22,34,0,0,13,2,15,0,0,25,24,49,0,8,8,57
06/21/2023,FOE,KS,ACE,CE,Federal Contract Tower,0,2,13,13,28,0,0,2,3,5,0,2,15,16,33,0,8,8,41
06/22/2023,FOE,KS,ACE,CE,Federal Contract Tower,2,0,7,15,24,0,0,12,10,22,2,0,19,25,46,0,48,48,94
06/23/2023,FOE,KS,ACE,CE,Federal Contract Tower,0,0,1,23,24,0,0,4,7,11,0,0,5,30,35,0,36,36,71
06/24/2023,FOE,KS,ACE,CE,Federal Contract Tower,0,0,8,1,9,0,0,2,0,2,0,0,10,1,11,0,0,0,11
06/25/2023,FOE,KS,ACE,CE,Federal Contract Tower,0,0,8,0,8,0,0,7,0,7,0,0,15,0,15,0,0,0,15
06/26/2023,FOE,KS,ACE,CE,Federal Contract Tower,0,1,11,12,24,0,0,8,3,11,0,1,19,15,35,6,65,71,106
06/27/2023,FOE,KS,ACE,CE,Federal Contract Tower,0,0,10,15,25,0,0,13,0,13,0,0,23,15,38,8,42,50,88
06/28/2023,FOE,KS,ACE,CE,Federal Contract Tower,0,0,14,17,31,0,0,10,0,10,0,0,24,17,41,0,70,70,111
06/29/2023,FOE,KS,ACE,CE,Federal Contract Tower,1,0,2,7,10,0,0,0,0,0,1,0,2,7,10,0,28,28,38
06/30/2023,FOE,KS,ACE,CE,Federal Contract Tower,0,0,5,12,17,0,0,0,1,1,0,0,5,13,18,0,0,0,18
07/01/2023,FOE,KS,ACE,CE,Federal Contract Tower,0,2,0,0,2,0,0,4,0,4,0,2,4,0,6,0,0,0,6
07/02/2023,FOE,KS,ACE,CE,Federal Contract Tower,0,1,3,2,6,0,0,2,2,4,0,1,5,4,10,12,4,16,26
07/03/2023,FOE,KS,ACE,CE,Federal Contract Tower,0,2,2,0,4,0,0,4,0,4,0,2,6,0,8,0,0,0,8
07/04/2023,FOE,KS,ACE,CE,Federal Contract Tower,0,1,0,0,1,0,0,9,0,9,0,1,9,0,10,0,0,0,10
07/05/2023,FOE,KS,ACE,CE,Federal Contract Tower,0,1,7,20,28,0,0,11,0,11,0,1,18,20,39,0,0,0,39
07/06/2023,FOE,KS,ACE,CE,Federal Contract Tower,0,1,8,17,26,0,0,0,7,7,0,1,8,24,33,0,84,84,117
07/07/2023,FOE,KS,ACE,CE,Federal Contract Tower,0,0,2,20,22,0,0,8,6,14,0,0,10,26,36,26,85,111,147
07/08/2023,FOE,KS,ACE,CE,Federal Contract Tower,2,0,7,5,14,0,0,6,15,21,2,0,13,20,35,0,0,0,35
07/09/2023,FOE,KS,ACE,CE,Federal Contract Tower,0,2,5,6,13,0,0,1,2,3,0,2,6,8,16,0,0,0,16
07/10/2023,FOE,KS,ACE,CE,Federal Contract Tower,0,0,18,20,38,0,0,2,9,11,0,0,20,29,49,0,19,19,68
07/11/2023,FOE,KS,ACE,CE,Federal Contract Tower,0,1,7,33,41,0,0,12,10,22,0,1,19,43,63,30,70,100,163
07/12/2023,FOE,KS,ACE,CE,Federal Contract Tower,0,0,12,19,31,0,0,11,6,17,0,0,23,25,48,10,44,54,102
07/13/2023,FOE,KS,ACE,CE,Federal Contract Tower,0,0,4,9,13,0,0,12,6,18,0,0,16,15,31,2,32,34,65
07/14/2023,FOE,KS,ACE,CE,Federal Contract Tower,0,0,4,22,26,0,0,0,4,4,0,0,4,26,30,0,31,31,61
07/15/2023,FOE,KS,ACE,CE,Federal Contract Tower,0,0,2,0,2,0,0,9,4,13,0,0,11,4,15,4,0,4,19
07/16/2023,FOE,KS,ACE,CE,Federal Contract Tower,0,0,3,2,5,0,0,4,0,4,0,0,7,2,9,0,0,0,9
07/17/2023,FOE,KS,ACE,CE,Federal Contract Tower,2,1,11,11,25,0,0,2,6,8,2,1,13,17,33,6,6,12,45
07/18/2023,FOE,KS,ACE,CE,Federal Contract Tower,0,0,15,4,19,0,0,10,2,12,0,0,25,6,31,0,2,2,33
07/19/2023,FOE,KS,ACE,CE,Federal Contract Tower,0,0,25,29,54,0,0,0,0,0,0,0,25,29,54,0,0,0,54
07/20/2023,FOE,KS,ACE,CE,Federal Contract Tower,0,2,14,18,34,0,0,6,14,20,0,2,20,32,54,0,10,10,64
07/21/2023,FOE,KS,ACE,CE,Federal Contract Tower,0,3,7,11,21,0,0,0,32,32,0,3,7,43,53,0,82,82,135
07/22/2023,FOE,KS,ACE,CE,Federal Contract Tower,0,3,1,4,8,0,0,9,1,10,0,3,10,5,18,0,6,6,24
07/23/2023,FOE,KS,ACE,CE,Federal Contract Tower,2,4,11,2,19,0,0,9,0,9,2,4,20,2,28,0,0,0,28
07/24/2023,FOE,KS,ACE,CE,Federal Contract Tower,0,2,7,7,16,0,5,1,2,8,0,7,8,9,24,0,15,15,39
07/25/2023,FOE,KS,ACE,CE,Federal Contract Tower,0,2,15,19,36,0,0,2,19,21,0,2,17,38,57,0,52,52,109
07/26/2023,FOE,KS,ACE,CE,Federal Contract Tower,1,2,6,15,24,0,0,17,2,19,1,2,23,17,43,0,10,10,53
07/27/2023,FOE,KS,ACE,CE,Federal Contract Tower,0,0,0,18,18,0,2,4,4,10,0,2,4,22,28,0,38,38,66
07/28/2023,FOE,KS,ACE,CE,Federal Contract Tower,0,0,6,21,27,0,0,4,16,20,0,0,10,37,47,0,12,12,59
07/29/2023,FOE,KS,ACE,CE,Federal Contract Tower,1,1,4,0,6,0,0,3,0,3,1,1,7,0,9,0,0,0,9
07/30/2023,FOE,KS,ACE,CE,Federal Contract Tower,0,0,10,14,24,0,0,10,0,10,0,0,20,14,34,0,7,7,41
07/31/2023,FOE,KS,ACE,CE,Federal Contract Tower,0,0,1,23,24,0,0,1,5,6,0,0,2,28,30,0,6,6,36
08/01/2023,FOE,KS,ACE,CE,Federal Contract Tower,0,4,15,25,44,0,0,10,16,26,0,4,25,41,70,12,78,90,160
08/02/2023,FOE,KS,ACE,CE,Federal Contract Tower,0,0,2,7,9,0,8,7,15,30,0,8,9,22,39,0,0,0,39
08/03/2023,FOE,KS,ACE,CE,Federal Contract Tower,2,0,12,12,26,0,0,0,0,0,2,0,12,12,26,0,0,0,26
08/04/2023,FOE,KS,ACE,CE,Federal Contract Tower,0,1,15,27,43,0,0,9,4,13,0,1,24,31,56,4,80,84,140
08/05/2023,FOE,KS,ACE,CE,Federal Contract Tower,0,0,7,2,9,0,0,0,3,3,0,0,7,5,12,0,0,0,12
08/06/2023,FOE,KS,ACE,CE,Federal Contract Tower,2,0,9,13,24,0,0,7,0,7,2,0,16,13,31,0,2,2,33
08/07/2023,FOE,KS,ACE,CE,Federal Contract Tower,0,0,14,7,21,0,0,10,2,12,0,0,24,9,33,0,0,0,33
08/08/2023,FOE,KS,ACE,CE,Federal Contract Tower,2,6,12,45,65,0,0,35,29,64,2,6,47,74,129,6,74,80,209
08/09/2023,FOE,KS,ACE,CE,Federal Contract Tower,0,1,9,15,25,0,0,4,0,4,0,1,13,15,29,6,6,12,41
08/10/2023,FOE,KS,ACE,CE,Federal Contract Tower,0,0,14,19,33,0,0,6,0,6,0,0,20,19,39,0,54,54,93
08/11/2023,FOE,KS,ACE,CE,Federal Contract Tower,0,1,20,14,35,0,0,3,21,24,0,1,23,35,59,0,68,68,127
08/12/2023,FOE,KS,ACE,CE,Federal Contract Tower,2,1,3,0,6,0,0,4,0,4,2,1,7,0,10,6,0,6,16
08/13/2023,FOE,KS,ACE,CE,Federal Contract Tower,0,2,16,5,23,0,2,3,1,6,0,4,19,6,29,0,0,0,29
08/14/2023,FOE,KS,ACE,CE,Federal Contract Tower,2,0,18,26,46,0,0,8,1,9,2,0,26,27,55,6,11,17,72
08/15/2023,FOE,KS,ACE,CE,Federal Contract Tower,4,0,11,14,29,0,0,14,16,30,4,0,25,30,59,8,60,68,127
08/16/2023,FOE,KS,ACE,CE,Federal Contract Tower,0,0,6,18,24,0,0,2,12,14,0,0,8,30,38,2,54,56,94
08/17/2023,FOE,KS,ACE,CE,Federal Contract Tower,0,0,1,8,9,0,0,8,7,15,0,0,9,15,24,0,14,14,38
08/18/2023,FOE,KS,ACE,CE,Federal Contract Tower,0,0,9,7,16,0,0,7,2,9,0,0,16,9,25,6,40,46,71
08/19/2023,FOE,KS,ACE,CE,Federal Contract Tower,0,0,2,4,6,0,0,15,4,19,0,0,17,8,25,0,0,0,25
08/20/2023,FOE,KS,ACE,CE,Federal Contract Tower,0,0,9,0,9,0,0,3,4,7,0,0,12,4,16,0,0,0,16
08/21/2023,FOE,KS,ACE,CE,Federal Contract Tower,0,0,9,9,18,0,0,1,6,7,0,0,10,15,25,0,8,8,33
08/22/2023,FOE,KS,ACE,CE,Federal Contract Tower,0,2,4,9,15,0,0,10,8,18,0,2,14,17,33,0,2,2,35
08/23/2023,FOE,KS,ACE,CE,Federal Contract Tower,0,0,3,20,23,0,0,2,10,12,0,0,5,30,35,0,40,40,75
08/24/2023,FOE,KS,ACE,CE,Federal Contract Tower,0,0,12,35,47,0,0,13,10,23,0,0,25,45,70,0,62,62,132
08/25/2023,FOE,KS,ACE,CE,Federal Contract Tower,0,1,7,22,30,0,0,7,3,10,0,1,14,25,40,0,79,79,119
08/26/2023,FOE,KS,ACE,CE,Federal Contract Tower,2,3,6,2,13,0,0,2,0,2,2,3,8,2,15,2,20,22,37
08/27/2023,FOE,KS,ACE,CE,Federal Contract Tower,0,0,10,0,10,0,0,13,0,13,0,0,23,0,23,0,0,0,23
08/28/2023,FOE,KS,ACE,CE,Federal Contract Tower,0,3,12,26,41,0,1,18,13,32,0,4,30,39,73,6,16,22,95
08/29/2023,FOE,KS,ACE,CE,Federal Contract Tower,0,0,15,33,48,0,0,22,25,47,0,0,37,58,95,12,70,82,177
08/30/2023,FOE,KS,ACE,CE,Federal Contract Tower,0,0,17,31,48,0,0,13,11,24,0,0,30,42,72,2,44,46,118
08/31/2023,FOE,KS,ACE,CE,Federal Contract Tower,0,0,12,20,32,0,2,6,6,14,0,2,18,26,46,6,4,10,56
