01/01/2000,FPR,FL,ASO,ES,Towers with Display (VFR),0,2,29,0,31,0,1,87,0,88,0,3,116,0,119,0,0,0,119
01/02/2000,FPR,FL,ASO,ES,Towers with Display (VFR),0,4,112,0,116,0,0,262,0,262,0,4,374,0,378,69,0,69,447
01/03/2000,FPR,FL,ASO,ES,Towers with Display (VFR),0,5,82,0,87,0,9,170,0,179,0,14,252,0,266,226,0,226,492
01/04/2000,FPR,FL,ASO,ES,Towers with Display (VFR),0,4,63,0,67,0,1,132,0,133,0,5,195,0,200,87,0,87,287
01/05/2000,FPR,FL,ASO,ES,Towers with Display (VFR),0,3,54,0,57,0,1,139,0,140,0,4,193,0,197,90,0,90,287
01/06/2000,FPR,FL,ASO,ES,Towers with Display (VFR),0,3,55,0,58,0,0,93,0,93,0,3,148,0,151,42,0,42,193
01/07/2000,FPR,FL,ASO,ES,Towers with Display (VFR),0,4,80,0,84,0,0,143,0,143,0,4,223,0,227,188,0,188,415
01/08/2000,FPR,FL,ASO,ES,Towers with Display (VFR),0,4,81,0,85,0,0,121,4,125,0,4,202,4,210,92,0,92,302
01/09/2000,FPR,FL,ASO,ES,Towers with Display (VFR),0,2,52,0,54,0,0,203,0,203,0,2,255,0,257,150,0,150,407
01/10/2000,FPR,FL,ASO,ES,Towers with Display (VFR),0,2,40,0,42,0,0,112,0,112,0,2,152,0,154,118,0,118,272
01/11/2000,FPR,FL,ASO,ES,Towers with Display (VFR),0,1,53,0,54,0,0,114,0,114,0,1,167,0,168,204,0,204,372
01/12/2000,FPR,FL,ASO,ES,Towers with Display (VFR),0,3,60,0,63,0,0,206,0,206,0,3,266,0,269,268,0,268,537
01/13/2000,FPR,FL,ASO,ES,Towers with Display (VFR),0,3,60,0,63,0,0,223,0,223,0,3,283,0,286,268,0,268,554
01/14/2000,FPR,FL,ASO,ES,Towers with Display (VFR),0,2,25,0,27,0,1,77,0,78,0,3,102,0,105,10,0,10,115
01/15/2000,FPR,FL,ASO,ES,Towers with Display (VFR),0,1,43,0,44,0,0,117,0,117,0,1,160,0,161,65,0,65,226
01/16/2000,FPR,FL,ASO,ES,Towers with Display (VFR),0,1,67,0,68,0,0,211,0,211,0,1,278,0,279,174,0,174,453
01/17/2000,FPR,FL,ASO,ES,Towers with Display (VFR),0,2,55,0,57,0,0,193,0,193,0,2,248,0,250,434,0,434,684
01/18/2000,FPR,FL,ASO,ES,Towers with Display (VFR),0,1,31,0,32,0,6,174,0,180,0,7,205,0,212,258,0,258,470
01/19/2000,FPR,FL,ASO,ES,Towers with Display (VFR),0,1,30,0,31,0,2,126,0,128,0,3,156,0,159,260,0,260,419
01/20/2000,FPR,FL,ASO,ES,Towers with Display (VFR),0,1,36,0,37,0,4,89,0,93,0,5,125,0,130,90,0,90,220
01/21/2000,FPR,FL,ASO,ES,Towers with Display (VFR),0,2,45,0,47,0,1,188,0,189,0,3,233,0,236,224,0,224,460
01/22/2000,FPR,FL,ASO,ES,Towers with Display (VFR),0,2,46,0,48,0,0,150,0,150,0,2,196,0,198,308,0,308,506
01/23/2000,FPR,FL,ASO,ES,Towers with Display (VFR),0,3,63,0,66,0,2,185,0,187,0,5,248,0,253,190,0,190,443
01/24/2000,FPR,FL,ASO,ES,Towers with Display (VFR),0,2,46,0,48,0,2,31,0,33,0,4,77,0,81,77,0,77,158
01/25/2000,FPR,FL,ASO,ES,Towers with Display (VFR),0,2,47,0,49,0,5,189,0,194,0,7,236,0,243,353,0,353,596
01/26/2000,FPR,FL,ASO,ES,Towers with Display (VFR),0,1,41,0,42,0,6,178,0,184,0,7,219,0,226,239,0,239,465
01/27/2000,FPR,FL,ASO,ES,Towers with Display (VFR),0,3,72,0,75,0,2,191,0,193,0,5,263,0,268,350,0,350,618
01/28/2000,FPR,FL,ASO,ES,Towers with Display (VFR),0,4,85,0,89,0,0,140,0,140,0,4,225,0,229,390,0,390,619
01/29/2000,FPR,FL,ASO,ES,Towers with Display (VFR),0,2,54,0,56,0,1,97,0,98,0,3,151,0,154,82,6,88,242
01/30/2000,FPR,FL,ASO,ES,Towers with Display (VFR),0,2,55,0,57,0,17,203,4,224,0,19,258,4,281,240,0,240,521
01/31/2000,FPR,FL,ASO,ES,Towers with Display (VFR),0,3,79,0,82,0,0,35,0,35,0,3,114,0,117,47,0,47,164
02/01/2000,FPR,FL,ASO,ES,Towers with Display (VFR),0,2,43,0,45,0,4,175,2,181,0,6,218,2,226,328,0,328,554
02/02/2000,FPR,FL,ASO,ES,Towers with Display (VFR),0,2,75,0,77,0,0,108,0,108,0,2,183,0,185,257,0,257,442
02/03/2000,FPR,FL,ASO,ES,Towers with Display (VFR),0,2,41,0,43,0,3,38,0,41,0,5,79,0,84,18,0,18,102
02/04/2000,FPR,FL,ASO,ES,Towers with Display (VFR),0,2,57,0,59,0,1,198,0,199,0,3,255,0,258,154,0,154,412
02/05/2000,FPR,FL,ASO,ES,Towers with Display (VFR),0,1,33,0,34,0,0,186,0,186,0,1,219,0,220,210,0,210,430
02/06/2000,FPR,FL,ASO,ES,Towers with Display (VFR),0,2,47,0,49,0,0,231,0,231,0,2,278,0,280,206,0,206,486
02/07/2000,FPR,FL,ASO,ES,Towers with Display (VFR),0,2,45,0,47,0,4,191,0,195,0,6,236,0,242,436,0,436,678
02/08/2000,FPR,FL,ASO,ES,Towers with Display (VFR),0,3,76,0,79,0,0,164,0,164,0,3,240,0,243,262,0,262,505
02/09/2000,FPR,FL,ASO,ES,Towers with Display (VFR),0,3,58,0,61,0,4,186,1,191,0,7,244,1,252,291,0,291,543
02/10/2000,FPR,FL,ASO,ES,Towers with Display (VFR),0,3,67,0,70,0,3,187,0,190,0,6,254,0,260,340,0,340,600
02/11/2000,FPR,FL,ASO,ES,Towers with Display (VFR),0,2,35,0,37,0,2,217,4,223,0,4,252,4,260,228,0,228,488
02/12/2000,FPR,FL,ASO,ES,Towers with Display (VFR),0,2,33,0,35,0,1,216,0,217,0,3,249,0,252,158,0,158,410
02/13/2000,FPR,FL,ASO,ES,Towers with Display (VFR),0,2,48,0,50,0,0,176,0,176,0,2,224,0,226,169,0,169,395
02/14/2000,FPR,FL,ASO,ES,Towers with Display (VFR),0,2,39,0,41,0,0,127,0,127,0,2,166,0,168,188,0,188,356
02/15/2000,FPR,FL,ASO,ES,Towers with Display (VFR),0,2,85,0,87,0,7,256,0,263,0,9,341,0,350,332,0,332,682
02/16/2000,FPR,FL,ASO,ES,Towers with Display (VFR),0,2,67,0,69,0,5,247,0,252,0,7,314,0,321,410,0,410,731
02/17/2000,FPR,FL,ASO,ES,Towers with Display (VFR),0,2,78,0,80,0,1,195,0,196,0,3,273,0,276,350,0,350,626
02/18/2000,FPR,FL,ASO,ES,Towers with Display (VFR),0,2,88,0,90,0,0,201,0,201,0,2,289,0,291,313,0,313,604
02/19/2000,FPR,FL,ASO,ES,Towers with Display (VFR),0,2,80,0,82,0,5,222,0,227,0,7,302,0,309,316,0,316,625
02/20/2000,FPR,FL,ASO,ES,Towers with Display (VFR),0,3,96,0,99,0,1,73,0,74,0,4,169,0,173,109,0,109,282
02/21/2000,FPR,FL,ASO,ES,Towers with Display (VFR),0,2,79,0,81,0,5,220,0,225,0,7,299,0,306,278,0,278,584
02/22/2000,FPR,FL,ASO,ES,Towers with Display (VFR),0,2,72,0,74,0,6,178,0,184,0,8,250,0,258,250,0,250,508
02/23/2000,FPR,FL,ASO,ES,Towers with Display (VFR),0,3,101,0,104,0,1,170,0,171,0,4,271,0,275,421,0,421,696
02/24/2000,FPR,FL,ASO,ES,Towers with Display (VFR),0,2,82,0,84,0,2,171,0,173,0,4,253,0,257,271,0,271,528
02/25/2000,FPR,FL,ASO,ES,Towers with Display (VFR),0,3,107,0,110,0,2,202,0,204,0,5,309,0,314,228,0,228,542
02/26/2000,FPR,FL,ASO,ES,Towers with Display (VFR),0,0,93,0,93,0,0,204,0,204,0,0,297,0,297,258,0,258,555
02/27/2000,FPR,FL,ASO,ES,Towers with Display (VFR),0,2,65,0,67,0,3,241,0,244,0,5,306,0,311,152,0,152,463
02/28/2000,FPR,FL,ASO,ES,Towers with Display (VFR),0,2,62,0,64,0,2,191,0,193,0,4,253,0,257,277,0,277,534
02/29/2000,FPR,FL,ASO,ES,Towers with Display (VFR),0,2,77,0,79,0,7,211,0,218,0,9,288,0,297,349,0,349,646
03/01/2000,FPR,FL,ASO,ES,Towers with Display (VFR),0,4,96,0,100,0,3,193,0,196,0,7,289,0,296,307,0,307,603
03/02/2000,FPR,FL,ASO,ES,Towers with Display (VFR),0,3,55,0,58,0,3,214,0,217,0,6,269,0,275,284,0,284,559
03/03/2000,FPR,FL,ASO,ES,Towers with Display (VFR),0,1,53,0,54,0,0,200,0,200,0,1,253,0,254,202,0,202,456
03/04/2000,FPR,FL,ASO,ES,Towers with Display (VFR),0,2,52,0,54,0,0,204,0,204,0,2,256,0,258,199,0,199,457
03/05/2000,FPR,FL,ASO,ES,Towers with Display (VFR),0,3,72,0,75,0,0,214,0,214,0,3,286,0,289,161,0,161,450
03/06/2000,FPR,FL,ASO,ES,Towers with Display (VFR),0,3,78,0,81,0,2,198,0,200,0,5,276,0,281,296,0,296,577
03/07/2000,FPR,FL,ASO,ES,Towers with Display (VFR),0,4,92,0,96,0,2,247,0,249,0,6,339,0,345,344,0,344,689
03/08/2000,FPR,FL,ASO,ES,Towers with Display (VFR),0,4,88,0,92,0,3,240,0,243,0,7,328,0,335,288,0,288,623
03/09/2000,FPR,FL,ASO,ES,Towers with Display (VFR),0,3,72,0,75,0,4,230,0,234,0,7,302,0,309,210,0,210,519
03/10/2000,FPR,FL,ASO,ES,Towers with Display (VFR),0,3,84,0,87,0,0,186,0,186,0,3,270,0,273,192,0,192,465
03/11/2000,FPR,FL,ASO,ES,Towers with Display (VFR),0,3,88,0,91,0,0,141,0,141,0,3,229,0,232,202,0,202,434
03/12/2000,FPR,FL,ASO,ES,Towers with Display (VFR),0,4,88,0,92,0,2,97,0,99,0,6,185,0,191,164,0,164,355
03/13/2000,FPR,FL,ASO,ES,Towers with Display (VFR),0,4,91,0,95,0,0,203,0,203,0,4,294,0,298,253,0,253,551
03/14/2000,FPR,FL,ASO,ES,Towers with Display (VFR),0,5,118,0,123,0,4,229,0,233,0,9,347,0,356,344,0,344,700
03/15/2000,FPR,FL,ASO,ES,Towers with Display (VFR),0,4,102,0,106,0,5,253,0,258,0,9,355,0,364,355,0,355,719
03/16/2000,FPR,FL,ASO,ES,Towers with Display (VFR),0,2,81,0,83,0,1,154,0,155,0,3,235,0,238,170,0,170,408
03/17/2000,FPR,FL,ASO,ES,Towers with Display (VFR),0,3,87,0,90,0,3,216,0,219,0,6,303,0,309,303,0,303,612
03/18/2000,FPR,FL,ASO,ES,Towers with Display (VFR),0,3,87,0,90,0,0,194,0,194,0,3,281,0,284,140,0,140,424
03/19/2000,FPR,FL,ASO,ES,Towers with Display (VFR),0,3,103,0,106,0,0,39,0,39,0,3,142,0,145,10,0,10,155
03/20/2000,FPR,FL,ASO,ES,Towers with Display (VFR),0,3,91,0,94,0,5,220,0,225,0,8,311,0,319,331,0,331,650
03/21/2000,FPR,FL,ASO,ES,Towers with Display (VFR),0,2,83,0,85,0,3,263,0,266,0,5,346,0,351,286,0,286,637
03/22/2000,FPR,FL,ASO,ES,Towers with Display (VFR),0,3,93,0,96,0,4,163,0,167,0,7,256,0,263,222,0,222,485
03/23/2000,FPR,FL,ASO,ES,Towers with Display (VFR),0,2,81,0,83,0,2,191,0,193,0,4,272,0,276,208,0,208,484
03/24/2000,FPR,FL,ASO,ES,Towers with Display (VFR),0,3,90,0,93,0,1,185,0,186,0,4,275,0,279,146,0,146,425
03/25/2000,FPR,FL,ASO,ES,Towers with Display (VFR),0,3,106,0,109,0,0,279,0,279,0,3,385,0,388,180,0,180,568
03/26/2000,FPR,FL,ASO,ES,Towers with Display (VFR),0,2,58,0,60,0,2,250,0,252,0,4,308,0,312,224,0,224,536
03/27/2000,FPR,FL,ASO,ES,Towers with Display (VFR),0,1,47,0,48,0,4,139,0,143,0,5,186,0,191,174,0,174,365
03/28/2000,FPR,FL,ASO,ES,Towers with Display (VFR),0,2,70,0,72,0,3,205,0,208,0,5,275,0,280,375,0,375,655
03/29/2000,FPR,FL,ASO,ES,Towers with Display (VFR),0,2,73,0,75,0,3,222,0,225,0,5,295,0,300,260,0,260,560
03/30/2000,FPR,FL,ASO,ES,Towers with Display (VFR),0,1,52,0,53,0,2,187,0,189,0,3,239,0,242,136,0,136,378
03/31/2000,FPR,FL,ASO,ES,Towers with Display (VFR),0,2,75,0,77,0,5,155,0,160,0,7,230,0,237,116,0,116,353
04/01/2000,FPR,FL,ASO,ES,Towers with Display (VFR),0,5,133,0,138,0,2,232,0,234,0,7,365,0,372,136,0,136,508
04/02/2000,FPR,FL,ASO,ES,Towers with Display (VFR),0,4,87,0,91,0,9,247,0,256,0,13,334,0,347,178,0,178,525
04/03/2000,FPR,FL,ASO,ES,Towers with Display (VFR),0,3,111,0,114,0,0,190,0,190,0,3,301,0,304,195,0,195,499
04/04/2000,FPR,FL,ASO,ES,Towers with Display (VFR),0,2,46,0,48,0,5,170,0,175,0,7,216,0,223,287,0,287,510
04/05/2000,FPR,FL,ASO,ES,Towers with Display (VFR),0,3,81,0,84,0,1,197,0,198,0,4,278,0,282,262,0,262,544
04/06/2000,FPR,FL,ASO,ES,Towers with Display (VFR),0,4,92,0,96,0,3,226,0,229,0,7,318,0,325,307,0,307,632
04/07/2000,FPR,FL,ASO,ES,Towers with Display (VFR),0,4,95,0,99,0,2,172,0,174,0,6,267,0,273,210,0,210,483
04/08/2000,FPR,FL,ASO,ES,Towers with Display (VFR),0,2,55,0,57,0,5,178,0,183,0,7,233,0,240,178,0,178,418
04/09/2000,FPR,FL,ASO,ES,Towers with Display (VFR),0,3,70,0,73,0,3,124,0,127,0,6,194,0,200,165,0,165,365
04/10/2000,FPR,FL,ASO,ES,Towers with Display (VFR),0,3,107,0,110,0,0,203,5,208,0,3,310,5,318,317,0,317,635
04/11/2000,FPR,FL,ASO,ES,Towers with Display (VFR),0,4,96,0,100,0,6,228,0,234,0,10,324,0,334,296,0,296,630
04/12/2000,FPR,FL,ASO,ES,Towers with Display (VFR),0,4,110,0,114,0,3,41,0,44,0,7,151,0,158,27,0,27,185
04/13/2000,FPR,FL,ASO,ES,Towers with Display (VFR),0,2,56,0,58,0,4,106,0,110,0,6,162,0,168,88,0,88,256
04/14/2000,FPR,FL,ASO,ES,Towers with Display (VFR),0,2,53,0,55,0,0,11,0,11,0,2,64,0,66,2,0,2,68
04/15/2000,FPR,FL,ASO,ES,Towers with Display (VFR),0,3,80,0,83,0,4,123,0,127,0,7,203,0,210,174,0,174,384
04/16/2000,FPR,FL,ASO,ES,Towers with Display (VFR),0,2,58,0,60,0,3,147,0,150,0,5,205,0,210,182,0,182,392
04/17/2000,FPR,FL,ASO,ES,Towers with Display (VFR),0,3,80,0,83,0,1,215,0,216,0,4,295,0,299,220,0,220,519
04/18/2000,FPR,FL,ASO,ES,Towers with Display (VFR),0,1,48,0,49,0,15,198,0,213,0,16,246,0,262,317,0,317,579
04/19/2000,FPR,FL,ASO,ES,Towers with Display (VFR),0,2,84,0,86,0,2,257,0,259,0,4,341,0,345,312,0,312,657
04/20/2000,FPR,FL,ASO,ES,Towers with Display (VFR),0,2,83,0,85,0,5,241,0,246,0,7,324,0,331,374,0,374,705
04/21/2000,FPR,FL,ASO,ES,Towers with Display (VFR),0,1,52,0,53,0,1,225,0,226,0,2,277,0,279,209,0,209,488
04/22/2000,FPR,FL,ASO,ES,Towers with Display (VFR),0,1,59,0,60,0,0,197,0,197,0,1,256,0,257,235,0,235,492
04/23/2000,FPR,FL,ASO,ES,Towers with Display (VFR),0,2,60,0,62,0,2,194,0,196,0,4,254,0,258,138,0,138,396
04/24/2000,FPR,FL,ASO,ES,Towers with Display (VFR),0,3,89,0,92,0,2,187,0,189,0,5,276,0,281,255,0,255,536
04/25/2000,FPR,FL,ASO,ES,Towers with Display (VFR),0,1,36,0,37,0,4,115,0,119,0,5,151,0,156,136,0,136,292
04/26/2000,FPR,FL,ASO,ES,Towers with Display (VFR),0,1,57,0,58,0,5,243,0,248,0,6,300,0,306,368,0,368,674
04/27/2000,FPR,FL,ASO,ES,Towers with Display (VFR),0,2,77,0,79,0,7,230,0,237,0,9,307,0,316,381,0,381,697
04/28/2000,FPR,FL,ASO,ES,Towers with Display (VFR),0,1,45,0,46,0,7,240,1,248,0,8,285,1,294,310,0,310,604
04/29/2000,FPR,FL,ASO,ES,Towers with Display (VFR),0,2,76,0,78,0,3,189,0,192,0,5,265,0,270,260,0,260,530
04/30/2000,FPR,FL,ASO,ES,Towers with Display (VFR),0,2,83,0,85,0,4,209,0,213,0,6,292,0,298,130,0,130,428
05/01/2000,FPR,FL,ASO,ES,Towers with Display (VFR),0,4,96,0,100,0,2,180,5,187,0,6,276,5,287,311,0,311,598
05/02/2000,FPR,FL,ASO,ES,Towers with Display (VFR),0,3,66,0,69,0,7,185,0,192,0,10,251,0,261,332,0,332,593
05/03/2000,FPR,FL,ASO,ES,Towers with Display (VFR),0,4,100,0,104,0,5,226,0,231,0,9,326,0,335,402,0,402,737
05/04/2000,FPR,FL,ASO,ES,Towers with Display (VFR),0,3,79,0,82,0,3,180,2,185,0,6,259,2,267,342,0,342,609
05/05/2000,FPR,FL,ASO,ES,Towers with Display (VFR),0,3,80,0,83,0,8,229,0,237,0,11,309,0,320,277,0,277,597
05/06/2000,FPR,FL,ASO,ES,Towers with Display (VFR),0,3,71,0,74,0,0,234,0,234,0,3,305,0,308,248,0,248,556
05/07/2000,FPR,FL,ASO,ES,Towers with Display (VFR),0,2,71,0,73,0,0,252,0,252,0,2,323,0,325,201,0,201,526
05/08/2000,FPR,FL,ASO,ES,Towers with Display (VFR),0,3,85,0,88,0,2,188,0,190,0,5,273,0,278,306,0,306,584
05/09/2000,FPR,FL,ASO,ES,Towers with Display (VFR),0,3,90,0,93,0,6,167,0,173,0,9,257,0,266,228,0,228,494
05/10/2000,FPR,FL,ASO,ES,Towers with Display (VFR),0,3,96,0,99,0,3,204,0,207,0,6,300,0,306,294,0,294,600
05/11/2000,FPR,FL,ASO,ES,Towers with Display (VFR),0,2,68,0,70,0,1,144,0,145,0,3,212,0,215,282,0,282,497
05/12/2000,FPR,FL,ASO,ES,Towers with Display (VFR),0,3,91,0,94,0,1,234,0,235,0,4,325,0,329,390,0,390,719
05/13/2000,FPR,FL,ASO,ES,Towers with Display (VFR),0,2,59,0,61,0,7,199,0,206,0,9,258,0,267,236,0,236,503
05/14/2000,FPR,FL,ASO,ES,Towers with Display (VFR),0,1,55,0,56,0,3,210,0,213,0,4,265,0,269,218,0,218,487
05/15/2000,FPR,FL,ASO,ES,Towers with Display (VFR),0,2,76,0,78,0,6,177,0,183,0,8,253,0,261,306,0,306,567
05/16/2000,FPR,FL,ASO,ES,Towers with Display (VFR),0,2,83,0,85,0,4,213,0,217,0,6,296,0,302,365,0,365,667
05/17/2000,FPR,FL,ASO,ES,Towers with Display (VFR),0,2,76,0,78,0,12,235,0,247,0,14,311,0,325,361,0,361,686
05/18/2000,FPR,FL,ASO,ES,Towers with Display (VFR),0,3,86,0,89,0,7,208,0,215,0,10,294,0,304,249,0,249,553
05/19/2000,FPR,FL,ASO,ES,Towers with Display (VFR),0,1,46,0,47,0,4,197,0,201,0,5,243,0,248,343,0,343,591
05/20/2000,FPR,FL,ASO,ES,Towers with Display (VFR),0,0,57,0,57,0,0,275,0,275,0,0,332,0,332,314,0,314,646
05/21/2000,FPR,FL,ASO,ES,Towers with Display (VFR),0,3,106,0,109,0,0,237,2,239,0,3,343,2,348,114,0,114,462
05/22/2000,FPR,FL,ASO,ES,Towers with Display (VFR),0,1,57,0,58,0,2,153,0,155,0,3,210,0,213,214,0,214,427
05/23/2000,FPR,FL,ASO,ES,Towers with Display (VFR),0,2,69,0,71,0,9,187,6,202,0,11,256,6,273,300,0,300,573
05/24/2000,FPR,FL,ASO,ES,Towers with Display (VFR),0,2,73,0,75,0,4,171,0,175,0,6,244,0,250,378,0,378,628
05/25/2000,FPR,FL,ASO,ES,Towers with Display (VFR),0,3,100,0,103,0,4,213,0,217,0,7,313,0,320,388,0,388,708
05/26/2000,FPR,FL,ASO,ES,Towers with Display (VFR),0,2,67,0,69,0,0,253,0,253,0,2,320,0,322,266,0,266,588
05/27/2000,FPR,FL,ASO,ES,Towers with Display (VFR),0,0,62,0,62,0,0,180,0,180,0,0,242,0,242,370,0,370,612
05/28/2000,FPR,FL,ASO,ES,Towers with Display (VFR),0,1,46,0,47,0,2,195,0,197,0,3,241,0,244,234,0,234,478
05/29/2000,FPR,FL,ASO,ES,Towers with Display (VFR),0,3,109,0,112,0,5,301,0,306,0,8,410,0,418,148,0,148,566
05/30/2000,FPR,FL,ASO,ES,Towers with Display (VFR),0,3,114,0,117,0,2,162,0,164,0,5,276,0,281,246,0,246,527
05/31/2000,FPR,FL,ASO,ES,Towers with Display (VFR),0,2,76,0,78,0,3,219,0,222,0,5,295,0,300,437,0,437,737
06/01/2000,FPR,FL,ASO,ES,Towers with Display (VFR),0,3,80,0,83,0,4,224,0,228,0,7,304,0,311,405,0,405,716
06/02/2000,FPR,FL,ASO,ES,Towers with Display (VFR),0,3,71,0,74,0,2,232,0,234,0,5,303,0,308,396,0,396,704
06/03/2000,FPR,FL,ASO,ES,Towers with Display (VFR),0,3,75,0,78,0,0,205,0,205,0,3,280,0,283,317,0,317,600
06/04/2000,FPR,FL,ASO,ES,Towers with Display (VFR),0,4,105,0,109,0,2,156,0,158,0,6,261,0,267,135,0,135,402
06/05/2000,FPR,FL,ASO,ES,Towers with Display (VFR),0,2,38,0,40,0,4,211,0,215,0,6,249,0,255,248,0,248,503
06/06/2000,FPR,FL,ASO,ES,Towers with Display (VFR),0,2,38,0,40,0,10,187,0,197,0,12,225,0,237,229,0,229,466
06/07/2000,FPR,FL,ASO,ES,Towers with Display (VFR),0,1,29,0,30,0,1,148,0,149,0,2,177,0,179,338,0,338,517
06/08/2000,FPR,FL,ASO,ES,Towers with Display (VFR),0,2,39,0,41,0,8,193,0,201,0,10,232,0,242,472,0,472,714
06/09/2000,FPR,FL,ASO,ES,Towers with Display (VFR),0,2,41,0,43,0,8,195,0,203,0,10,236,0,246,340,0,340,586
06/10/2000,FPR,FL,ASO,ES,Towers with Display (VFR),0,0,0,0,0,0,3,242,0,245,0,3,242,0,245,199,0,199,444
06/11/2000,FPR,FL,ASO,ES,Towers with Display (VFR),0,3,76,0,79,0,1,97,0,98,0,4,173,0,177,112,0,112,289
06/12/2000,FPR,FL,ASO,ES,Towers with Display (VFR),0,3,62,0,65,0,6,135,1,142,0,9,197,1,207,326,0,326,533
06/13/2000,FPR,FL,ASO,ES,Towers with Display (VFR),0,3,88,0,91,0,5,193,1,199,0,8,281,1,290,317,0,317,607
06/14/2000,FPR,FL,ASO,ES,Towers with Display (VFR),0,0,0,0,0,0,13,339,0,352,0,13,339,0,352,389,0,389,741
06/15/2000,FPR,FL,ASO,ES,Towers with Display (VFR),0,3,74,0,77,0,7,232,0,239,0,10,306,0,316,382,0,382,698
06/16/2000,FPR,FL,ASO,ES,Towers with Display (VFR),0,4,110,0,114,0,4,232,0,236,0,8,342,0,350,299,0,299,649
06/17/2000,FPR,FL,ASO,ES,Towers with Display (VFR),0,2,51,0,53,0,8,210,0,218,0,10,261,0,271,142,0,142,413
06/18/2000,FPR,FL,ASO,ES,Towers with Display (VFR),0,2,73,0,75,0,3,227,0,230,0,5,300,0,305,154,0,154,459
06/19/2000,FPR,FL,ASO,ES,Towers with Display (VFR),0,1,44,0,45,0,7,168,0,175,0,8,212,0,220,334,0,334,554
06/20/2000,FPR,FL,ASO,ES,Towers with Display (VFR),0,1,50,0,51,0,2,216,0,218,0,3,266,0,269,415,0,415,684
06/21/2000,FPR,FL,ASO,ES,Towers with Display (VFR),0,2,88,0,90,0,6,242,0,248,0,8,330,0,338,343,0,343,681
06/22/2000,FPR,FL,ASO,ES,Towers with Display (VFR),0,1,56,0,57,0,2,203,0,205,0,3,259,0,262,296,0,296,558
06/23/2000,FPR,FL,ASO,ES,Towers with Display (VFR),0,1,57,0,58,0,10,117,0,127,0,11,174,0,185,218,0,218,403
06/24/2000,FPR,FL,ASO,ES,Towers with Display (VFR),0,0,2,0,2,0,9,218,0,227,0,9,220,0,229,183,0,183,412
06/25/2000,FPR,FL,ASO,ES,Towers with Display (VFR),0,1,55,0,56,0,2,123,2,127,0,3,178,2,183,114,0,114,297
06/26/2000,FPR,FL,ASO,ES,Towers with Display (VFR),0,3,104,0,107,0,3,170,0,173,0,6,274,0,280,356,0,356,636
06/27/2000,FPR,FL,ASO,ES,Towers with Display (VFR),0,2,69,0,71,0,5,56,0,61,0,7,125,0,132,113,0,113,245
06/28/2000,FPR,FL,ASO,ES,Towers with Display (VFR),0,3,91,0,94,0,6,139,0,145,0,9,230,0,239,257,0,257,496
06/29/2000,FPR,FL,ASO,ES,Towers with Display (VFR),0,2,61,0,63,0,8,181,0,189,0,10,242,0,252,372,0,372,624
06/30/2000,FPR,FL,ASO,ES,Towers with Display (VFR),0,2,69,0,71,0,5,160,0,165,0,7,229,0,236,339,0,339,575
07/01/2000,FPR,FL,ASO,ES,Towers with Display (VFR),0,3,73,0,76,0,1,117,0,118,0,4,190,0,194,122,0,122,316
07/02/2000,FPR,FL,ASO,ES,Towers with Display (VFR),0,4,83,0,87,0,13,118,0,131,0,17,201,0,218,102,0,102,320
07/03/2000,FPR,FL,ASO,ES,Towers with Display (VFR),0,3,64,0,67,0,6,196,0,202,0,9,260,0,269,299,0,299,568
07/04/2000,FPR,FL,ASO,ES,Towers with Display (VFR),0,4,76,0,80,0,0,195,0,195,0,4,271,0,275,116,0,116,391
07/05/2000,FPR,FL,ASO,ES,Towers with Display (VFR),0,3,73,0,76,0,9,166,0,175,0,12,239,0,251,250,0,250,501
07/06/2000,FPR,FL,ASO,ES,Towers with Display (VFR),0,4,90,0,94,0,4,193,0,197,0,8,283,0,291,300,0,300,591
07/07/2000,FPR,FL,ASO,ES,Towers with Display (VFR),0,2,46,0,48,0,6,173,0,179,0,8,219,0,227,292,0,292,519
07/08/2000,FPR,FL,ASO,ES,Towers with Display (VFR),0,3,58,0,61,0,2,82,0,84,0,5,140,0,145,122,0,122,267
07/09/2000,FPR,FL,ASO,ES,Towers with Display (VFR),0,3,66,0,69,0,8,176,0,184,0,11,242,0,253,182,0,182,435
07/10/2000,FPR,FL,ASO,ES,Towers with Display (VFR),0,3,65,0,68,0,8,171,0,179,0,11,236,0,247,291,0,291,538
07/11/2000,FPR,FL,ASO,ES,Towers with Display (VFR),0,4,81,0,85,0,8,164,0,172,0,12,245,0,257,259,0,259,516
07/12/2000,FPR,FL,ASO,ES,Towers with Display (VFR),0,4,81,0,85,0,3,181,0,184,0,7,262,0,269,330,0,330,599
07/13/2000,FPR,FL,ASO,ES,Towers with Display (VFR),0,2,35,0,37,0,12,175,2,189,0,14,210,2,226,426,0,426,652
07/14/2000,FPR,FL,ASO,ES,Towers with Display (VFR),0,2,49,0,51,0,5,120,0,125,0,7,169,0,176,212,0,212,388
07/15/2000,FPR,FL,ASO,ES,Towers with Display (VFR),0,2,28,0,30,0,3,115,0,118,0,5,143,0,148,187,0,187,335
07/16/2000,FPR,FL,ASO,ES,Towers with Display (VFR),0,3,58,0,61,0,2,147,0,149,0,5,205,0,210,176,0,176,386
07/17/2000,FPR,FL,ASO,ES,Towers with Display (VFR),0,2,44,0,46,0,9,160,0,169,0,11,204,0,215,277,0,277,492
07/18/2000,FPR,FL,ASO,ES,Towers with Display (VFR),0,1,32,0,33,0,6,160,0,166,0,7,192,0,199,196,0,196,395
07/19/2000,FPR,FL,ASO,ES,Towers with Display (VFR),0,2,50,0,52,0,8,106,0,114,0,10,156,0,166,72,2,74,240
07/20/2000,FPR,FL,ASO,ES,Towers with Display (VFR),0,1,49,0,50,0,6,172,0,178,0,7,221,0,228,442,0,442,670
07/21/2000,FPR,FL,ASO,ES,Towers with Display (VFR),0,1,43,0,44,0,8,164,0,172,0,9,207,0,216,300,0,300,516
07/22/2000,FPR,FL,ASO,ES,Towers with Display (VFR),0,1,41,0,42,0,14,158,0,172,0,15,199,0,214,218,0,218,432
07/23/2000,FPR,FL,ASO,ES,Towers with Display (VFR),0,1,39,0,40,0,3,181,0,184,0,4,220,0,224,140,0,140,364
07/24/2000,FPR,FL,ASO,ES,Towers with Display (VFR),0,1,32,0,33,0,8,119,0,127,0,9,151,0,160,172,0,172,332
07/25/2000,FPR,FL,ASO,ES,Towers with Display (VFR),0,2,50,0,52,0,6,162,0,168,0,8,212,0,220,270,0,270,490
07/26/2000,FPR,FL,ASO,ES,Towers with Display (VFR),0,1,42,0,43,0,4,164,0,168,0,5,206,0,211,221,0,221,432
07/27/2000,FPR,FL,ASO,ES,Towers with Display (VFR),0,3,83,0,86,0,6,156,0,162,0,9,239,0,248,414,0,414,662
07/28/2000,FPR,FL,ASO,ES,Towers with Display (VFR),0,1,43,0,44,0,9,219,2,230,0,10,262,2,274,378,0,378,652
07/29/2000,FPR,FL,ASO,ES,Towers with Display (VFR),0,2,60,0,62,0,4,187,0,191,0,6,247,0,253,241,0,241,494
07/30/2000,FPR,FL,ASO,ES,Towers with Display (VFR),0,1,34,0,35,0,1,51,0,52,0,2,85,0,87,58,0,58,145
07/31/2000,FPR,FL,ASO,ES,Towers with Display (VFR),0,1,49,0,50,0,7,166,0,173,0,8,215,0,223,332,0,332,555
08/01/2000,FPR,FL,ASO,ES,Towers with Display (VFR),0,3,55,0,58,0,3,192,0,195,0,6,247,0,253,248,0,248,501
08/02/2000,FPR,FL,ASO,ES,Towers with Display (VFR),0,3,61,0,64,0,7,136,0,143,0,10,197,0,207,208,0,208,415
08/03/2000,FPR,FL,ASO,ES,Towers with Display (VFR),0,3,61,0,64,0,1,172,0,173,0,4,233,0,237,274,0,274,511
08/04/2000,FPR,FL,ASO,ES,Towers with Display (VFR),0,3,62,0,65,0,3,211,0,214,0,6,273,0,279,304,0,304,583
08/05/2000,FPR,FL,ASO,ES,Towers with Display (VFR),0,2,38,0,40,0,6,132,0,138,0,8,170,0,178,136,0,136,314
08/06/2000,FPR,FL,ASO,ES,Towers with Display (VFR),0,4,64,0,68,0,0,152,0,152,0,4,216,0,220,105,0,105,325
08/07/2000,FPR,FL,ASO,ES,Towers with Display (VFR),0,4,71,0,75,0,2,153,0,155,0,6,224,0,230,296,0,296,526
08/08/2000,FPR,FL,ASO,ES,Towers with Display (VFR),0,4,67,0,71,0,4,143,0,147,0,8,210,0,218,194,14,208,426
08/09/2000,FPR,FL,ASO,ES,Towers with Display (VFR),0,4,73,0,77,0,4,143,0,147,0,8,216,0,224,202,0,202,426
08/10/2000,FPR,FL,ASO,ES,Towers with Display (VFR),0,4,71,0,75,0,6,119,0,125,0,10,190,0,200,263,0,263,463
08/11/2000,FPR,FL,ASO,ES,Towers with Display (VFR),0,2,41,0,43,0,4,134,0,138,0,6,175,0,181,204,0,204,385
08/12/2000,FPR,FL,ASO,ES,Towers with Display (VFR),0,2,31,0,33,0,1,100,0,101,0,3,131,0,134,64,0,64,198
08/13/2000,FPR,FL,ASO,ES,Towers with Display (VFR),0,3,43,0,46,0,11,148,0,159,0,14,191,0,205,68,0,68,273
08/14/2000,FPR,FL,ASO,ES,Towers with Display (VFR),0,2,38,0,40,0,5,107,0,112,0,7,145,0,152,84,0,84,236
08/15/2000,FPR,FL,ASO,ES,Towers with Display (VFR),0,3,50,0,53,0,2,162,0,164,0,5,212,0,217,234,0,234,451
08/16/2000,FPR,FL,ASO,ES,Towers with Display (VFR),0,4,68,0,72,0,5,125,0,130,0,9,193,0,202,305,0,305,507
08/17/2000,FPR,FL,ASO,ES,Towers with Display (VFR),0,4,67,0,71,0,6,161,0,167,0,10,228,0,238,316,0,316,554
08/18/2000,FPR,FL,ASO,ES,Towers with Display (VFR),0,3,68,0,71,0,3,160,0,163,0,6,228,0,234,364,0,364,598
08/19/2000,FPR,FL,ASO,ES,Towers with Display (VFR),0,3,63,0,66,0,0,143,0,143,0,3,206,0,209,164,0,164,373
08/20/2000,FPR,FL,ASO,ES,Towers with Display (VFR),0,1,34,0,35,0,6,165,0,171,0,7,199,0,206,173,0,173,379
08/21/2000,FPR,FL,ASO,ES,Towers with Display (VFR),0,3,81,0,84,0,6,123,2,131,0,9,204,2,215,279,0,279,494
08/22/2000,FPR,FL,ASO,ES,Towers with Display (VFR),0,3,83,0,86,0,5,121,0,126,0,8,204,0,212,213,0,213,425
08/23/2000,FPR,FL,ASO,ES,Towers with Display (VFR),0,3,82,0,85,10,4,163,0,177,10,7,245,0,262,304,0,304,566
08/24/2000,FPR,FL,ASO,ES,Towers with Display (VFR),0,3,96,0,99,0,0,157,2,159,0,3,253,2,258,372,0,372,630
08/25/2000,FPR,FL,ASO,ES,Towers with Display (VFR),0,2,63,0,65,0,4,134,0,138,0,6,197,0,203,270,0,270,473
08/26/2000,FPR,FL,ASO,ES,Towers with Display (VFR),0,2,50,0,52,0,2,163,0,165,0,4,213,0,217,248,0,248,465
08/27/2000,FPR,FL,ASO,ES,Towers with Display (VFR),0,2,53,0,55,0,3,179,0,182,0,5,232,0,237,189,0,189,426
08/28/2000,FPR,FL,ASO,ES,Towers with Display (VFR),0,2,52,0,54,0,6,121,0,127,0,8,173,0,181,279,0,279,460
08/29/2000,FPR,FL,ASO,ES,Towers with Display (VFR),0,2,52,0,54,0,5,142,0,147,0,7,194,0,201,218,0,218,419
08/30/2000,FPR,FL,ASO,ES,Towers with Display (VFR),0,2,47,0,49,0,5,117,0,122,0,7,164,0,171,180,0,180,351
08/31/2000,FPR,FL,ASO,ES,Towers with Display (VFR),0,2,60,0,62,0,2,213,0,215,0,4,273,0,277,406,0,406,683
09/01/2000,FPR,FL,ASO,ES,Towers with Display (VFR),0,2,41,0,43,0,5,211,0,216,0,7,252,0,259,262,0,262,521
09/02/2000,FPR,FL,ASO,ES,Towers with Display (VFR),0,2,43,0,45,0,4,179,0,183,0,6,222,0,228,278,0,278,506
09/03/2000,FPR,FL,ASO,ES,Towers with Display (VFR),0,2,27,0,29,0,0,200,0,200,0,2,227,0,229,183,0,183,412
09/04/2000,FPR,FL,ASO,ES,Towers with Display (VFR),0,4,61,0,65,0,5,244,0,249,0,9,305,0,314,349,0,349,663
09/05/2000,FPR,FL,ASO,ES,Towers with Display (VFR),0,3,57,0,60,0,0,160,0,160,0,3,217,0,220,335,0,335,555
09/06/2000,FPR,FL,ASO,ES,Towers with Display (VFR),0,3,59,0,62,0,3,162,0,165,0,6,221,0,227,346,0,346,573
09/07/2000,FPR,FL,ASO,ES,Towers with Display (VFR),0,3,59,0,62,0,3,185,0,188,0,6,244,0,250,424,0,424,674
09/08/2000,FPR,FL,ASO,ES,Towers with Display (VFR),0,4,61,0,65,0,6,206,0,212,0,10,267,0,277,275,0,275,552
09/09/2000,FPR,FL,ASO,ES,Towers with Display (VFR),0,0,38,0,38,0,0,145,0,145,0,0,183,0,183,224,0,224,407
09/10/2000,FPR,FL,ASO,ES,Towers with Display (VFR),0,2,35,0,37,0,0,178,0,178,0,2,213,0,215,277,0,277,492
09/11/2000,FPR,FL,ASO,ES,Towers with Display (VFR),0,2,40,0,42,0,2,166,0,168,0,4,206,0,210,279,0,279,489
09/12/2000,FPR,FL,ASO,ES,Towers with Display (VFR),0,4,66,0,70,0,6,168,0,174,0,10,234,0,244,242,0,242,486
09/13/2000,FPR,FL,ASO,ES,Towers with Display (VFR),0,3,56,0,59,0,4,173,0,177,0,7,229,0,236,155,0,155,391
09/14/2000,FPR,FL,ASO,ES,Towers with Display (VFR),0,2,41,0,43,0,6,209,0,215,0,8,250,0,258,252,0,252,510
09/15/2000,FPR,FL,ASO,ES,Towers with Display (VFR),0,3,57,0,60,0,4,182,0,186,0,7,239,0,246,234,0,234,480
09/16/2000,FPR,FL,ASO,ES,Towers with Display (VFR),0,1,33,0,34,0,0,163,0,163,0,1,196,0,197,206,0,206,403
09/17/2000,FPR,FL,ASO,ES,Towers with Display (VFR),0,0,3,0,3,0,0,3,0,3,0,0,6,0,6,0,0,0,6
09/18/2000,FPR,FL,ASO,ES,Towers with Display (VFR),0,2,45,0,47,0,4,109,0,113,0,6,154,0,160,191,0,191,351
09/19/2000,FPR,FL,ASO,ES,Towers with Display (VFR),0,3,76,0,79,0,6,121,0,127,0,9,197,0,206,179,0,179,385
09/20/2000,FPR,FL,ASO,ES,Towers with Display (VFR),0,4,102,0,106,2,0,100,0,102,2,4,202,0,208,191,0,191,399
09/21/2000,FPR,FL,ASO,ES,Towers with Display (VFR),0,2,60,0,62,0,4,111,0,115,0,6,171,0,177,226,0,226,403
09/22/2000,FPR,FL,ASO,ES,Towers with Display (VFR),0,3,65,0,68,0,3,119,0,122,0,6,184,0,190,206,0,206,396
09/23/2000,FPR,FL,ASO,ES,Towers with Display (VFR),0,1,37,0,38,0,3,151,0,154,0,4,188,0,192,190,0,190,382
09/24/2000,FPR,FL,ASO,ES,Towers with Display (VFR),0,2,46,0,48,0,2,153,0,155,0,4,199,0,203,136,0,136,339
09/25/2000,FPR,FL,ASO,ES,Towers with Display (VFR),0,3,64,0,67,0,4,153,2,159,0,7,217,2,226,184,0,184,410
09/26/2000,FPR,FL,ASO,ES,Towers with Display (VFR),0,2,48,0,50,0,7,122,2,131,0,9,170,2,181,179,0,179,360
09/27/2000,FPR,FL,ASO,ES,Towers with Display (VFR),0,2,51,0,53,0,4,159,0,163,0,6,210,0,216,255,0,255,471
09/28/2000,FPR,FL,ASO,ES,Towers with Display (VFR),0,2,61,0,63,0,3,65,0,68,0,5,126,0,131,97,0,97,228
09/29/2000,FPR,FL,ASO,ES,Towers with Display (VFR),0,2,62,0,64,0,1,179,0,180,0,3,241,0,244,198,0,198,442
09/30/2000,FPR,FL,ASO,ES,Towers with Display (VFR),0,0,70,0,70,0,0,109,0,109,0,0,179,0,179,111,0,111,290
10/01/2000,FPR,FL,ASO,ES,Towers with Display (VFR),0,1,37,0,38,0,0,126,0,126,0,1,163,0,164,132,0,132,296
10/02/2000,FPR,FL,ASO,ES,Towers with Display (VFR),0,3,78,0,81,0,0,102,2,104,0,3,180,2,185,244,0,244,429
10/03/2000,FPR,FL,ASO,ES,Towers with Display (VFR),0,3,71,0,74,0,0,20,0,20,0,3,91,0,94,2,0,2,96
10/04/2000,FPR,FL,ASO,ES,Towers with Display (VFR),0,3,76,0,79,0,3,41,0,44,0,6,117,0,123,84,0,84,207
10/05/2000,FPR,FL,ASO,ES,Towers with Display (VFR),0,2,46,0,48,0,5,190,0,195,0,7,236,0,243,276,0,276,519
10/06/2000,FPR,FL,ASO,ES,Towers with Display (VFR),0,2,50,0,52,0,2,188,0,190,0,4,238,0,242,299,0,299,541
10/07/2000,FPR,FL,ASO,ES,Towers with Display (VFR),0,2,41,0,43,0,1,160,0,161,0,3,201,0,204,243,0,243,447
10/08/2000,FPR,FL,ASO,ES,Towers with Display (VFR),0,1,63,0,64,0,0,144,0,144,0,1,207,0,208,171,0,171,379
10/09/2000,FPR,FL,ASO,ES,Towers with Display (VFR),0,2,36,0,38,0,2,37,0,39,0,4,73,0,77,20,0,20,97
10/10/2000,FPR,FL,ASO,ES,Towers with Display (VFR),0,3,57,0,60,0,1,189,0,190,0,4,246,0,250,219,0,219,469
10/11/2000,FPR,FL,ASO,ES,Towers with Display (VFR),0,4,77,0,81,0,0,210,0,210,0,4,287,0,291,247,0,247,538
10/12/2000,FPR,FL,ASO,ES,Towers with Display (VFR),0,2,47,0,49,0,3,171,0,174,0,5,218,0,223,238,0,238,461
10/13/2000,FPR,FL,ASO,ES,Towers with Display (VFR),0,2,48,0,50,0,10,177,0,187,0,12,225,0,237,147,0,147,384
10/14/2000,FPR,FL,ASO,ES,Towers with Display (VFR),0,3,60,0,63,0,0,147,0,147,0,3,207,0,210,168,0,168,378
10/15/2000,FPR,FL,ASO,ES,Towers with Display (VFR),0,3,58,0,61,0,3,167,0,170,0,6,225,0,231,207,0,207,438
10/16/2000,FPR,FL,ASO,ES,Towers with Display (VFR),0,3,51,0,54,0,1,215,0,216,0,4,266,0,270,252,0,252,522
10/17/2000,FPR,FL,ASO,ES,Towers with Display (VFR),0,2,102,0,104,0,0,235,0,235,0,2,337,0,339,229,0,229,568
10/18/2000,FPR,FL,ASO,ES,Towers with Display (VFR),0,4,116,0,120,0,1,248,0,249,0,5,364,0,369,306,0,306,675
10/19/2000,FPR,FL,ASO,ES,Towers with Display (VFR),0,2,65,0,67,0,3,215,0,218,0,5,280,0,285,239,0,239,524
10/20/2000,FPR,FL,ASO,ES,Towers with Display (VFR),0,2,87,0,89,0,0,185,0,185,0,2,272,0,274,262,0,262,536
10/21/2000,FPR,FL,ASO,ES,Towers with Display (VFR),0,0,52,0,52,0,0,147,0,147,0,0,199,0,199,133,0,133,332
10/22/2000,FPR,FL,ASO,ES,Towers with Display (VFR),0,1,43,0,44,0,1,161,0,162,0,2,204,0,206,181,0,181,387
10/23/2000,FPR,FL,ASO,ES,Towers with Display (VFR),0,2,78,0,80,0,1,144,0,145,0,3,222,0,225,173,0,173,398
10/24/2000,FPR,FL,ASO,ES,Towers with Display (VFR),0,2,57,0,59,0,0,113,0,113,0,2,170,0,172,92,0,92,264
10/25/2000,FPR,FL,ASO,ES,Towers with Display (VFR),0,2,70,0,72,0,5,178,0,183,0,7,248,0,255,294,0,294,549
10/26/2000,FPR,FL,ASO,ES,Towers with Display (VFR),0,1,45,0,46,0,5,186,2,193,0,6,231,2,239,290,0,290,529
10/27/2000,FPR,FL,ASO,ES,Towers with Display (VFR),0,2,69,0,71,0,2,206,2,210,0,4,275,2,281,168,0,168,449
10/28/2000,FPR,FL,ASO,ES,Towers with Display (VFR),0,1,38,0,39,0,2,144,2,148,0,3,182,2,187,237,0,237,424
10/29/2000,FPR,FL,ASO,ES,Towers with Display (VFR),0,2,52,0,54,0,1,206,0,207,0,3,258,0,261,145,0,145,406
10/30/2000,FPR,FL,ASO,ES,Towers with Display (VFR),0,2,77,0,79,0,1,135,0,136,0,3,212,0,215,214,0,214,429
10/31/2000,FPR,FL,ASO,ES,Towers with Display (VFR),0,3,96,0,99,0,4,255,0,259,0,7,351,0,358,348,0,348,706
11/01/2000,FPR,FL,ASO,ES,Towers with Display (VFR),0,4,81,0,85,0,3,213,2,218,0,7,294,2,303,360,28,388,691
11/02/2000,FPR,FL,ASO,ES,Towers with Display (VFR),0,6,141,0,147,0,1,233,0,234,0,7,374,0,381,286,0,286,667
11/03/2000,FPR,FL,ASO,ES,Towers with Display (VFR),0,1,96,0,97,0,0,232,0,232,0,1,328,0,329,285,0,285,614
11/04/2000,FPR,FL,ASO,ES,Towers with Display (VFR),0,2,46,0,48,0,0,160,4,164,0,2,206,4,212,192,0,192,404
11/05/2000,FPR,FL,ASO,ES,Towers with Display (VFR),0,2,42,0,44,0,0,180,0,180,0,2,222,0,224,132,0,132,356
11/06/2000,FPR,FL,ASO,ES,Towers with Display (VFR),0,4,98,0,102,0,2,118,1,121,0,6,216,1,223,196,0,196,419
11/07/2000,FPR,FL,ASO,ES,Towers with Display (VFR),0,4,78,0,82,0,0,275,0,275,0,4,353,0,357,245,0,245,602
11/08/2000,FPR,FL,ASO,ES,Towers with Display (VFR),0,4,87,0,91,0,1,268,2,271,0,5,355,2,362,236,0,236,598
11/09/2000,FPR,FL,ASO,ES,Towers with Display (VFR),0,5,108,0,113,0,0,260,2,262,0,5,368,2,375,282,0,282,657
11/10/2000,FPR,FL,ASO,ES,Towers with Display (VFR),0,3,79,1,83,0,5,196,5,206,0,8,275,6,289,236,0,236,525
11/11/2000,FPR,FL,ASO,ES,Towers with Display (VFR),0,0,47,1,48,0,0,229,6,235,0,0,276,7,283,175,0,175,458
11/12/2000,FPR,FL,ASO,ES,Towers with Display (VFR),0,1,46,1,48,0,3,192,3,198,0,4,238,4,246,154,0,154,400
11/13/2000,FPR,FL,ASO,ES,Towers with Display (VFR),0,2,56,1,59,0,1,231,1,233,0,3,287,2,292,204,0,204,496
11/14/2000,FPR,FL,ASO,ES,Towers with Display (VFR),0,2,80,0,82,0,0,210,0,210,0,2,290,0,292,246,0,246,538
11/15/2000,FPR,FL,ASO,ES,Towers with Display (VFR),0,3,96,0,99,0,8,266,0,274,0,11,362,0,373,284,0,284,657
11/16/2000,FPR,FL,ASO,ES,Towers with Display (VFR),0,3,88,1,92,0,2,249,5,256,0,5,337,6,348,240,0,240,588
11/17/2000,FPR,FL,ASO,ES,Towers with Display (VFR),0,2,67,0,69,0,1,228,4,233,0,3,295,4,302,262,0,262,564
11/18/2000,FPR,FL,ASO,ES,Towers with Display (VFR),0,1,68,0,69,0,0,200,4,204,0,1,268,4,273,271,0,271,544
11/19/2000,FPR,FL,ASO,ES,Towers with Display (VFR),0,2,60,0,62,0,1,184,0,185,0,3,244,0,247,123,0,123,370
11/20/2000,FPR,FL,ASO,ES,Towers with Display (VFR),0,3,96,0,99,0,1,31,0,32,0,4,127,0,131,104,0,104,235
11/21/2000,FPR,FL,ASO,ES,Towers with Display (VFR),0,1,52,0,53,0,3,224,0,227,0,4,276,0,280,189,0,189,469
11/22/2000,FPR,FL,ASO,ES,Towers with Display (VFR),0,2,65,0,67,0,4,240,0,244,0,6,305,0,311,241,0,241,552
11/23/2000,FPR,FL,ASO,ES,Towers with Display (VFR),0,0,10,0,10,0,0,84,0,84,0,0,94,0,94,22,0,22,116
11/24/2000,FPR,FL,ASO,ES,Towers with Display (VFR),0,2,74,0,76,0,5,178,0,183,0,7,252,0,259,174,0,174,433
11/25/2000,FPR,FL,ASO,ES,Towers with Display (VFR),0,1,52,0,53,0,2,85,0,87,0,3,137,0,140,53,0,53,193
11/26/2000,FPR,FL,ASO,ES,Towers with Display (VFR),0,4,112,0,116,0,24,42,0,66,0,28,154,0,182,76,0,76,258
11/27/2000,FPR,FL,ASO,ES,Towers with Display (VFR),0,2,59,0,61,0,1,215,0,216,0,3,274,0,277,214,21,235,512
11/28/2000,FPR,FL,ASO,ES,Towers with Display (VFR),0,1,48,0,49,0,4,242,0,246,0,5,290,0,295,406,0,406,701
11/29/2000,FPR,FL,ASO,ES,Towers with Display (VFR),0,2,60,0,62,0,6,268,0,274,0,8,328,0,336,304,0,304,640
11/30/2000,FPR,FL,ASO,ES,Towers with Display (VFR),0,3,96,0,99,0,3,265,4,272,0,6,361,4,371,220,0,220,591
12/01/2000,FPR,FL,ASO,ES,Towers with Display (VFR),0,2,105,0,107,0,0,231,2,233,0,2,336,2,340,302,0,302,642
12/02/2000,FPR,FL,ASO,ES,Towers with Display (VFR),0,1,72,0,73,0,0,227,0,227,0,1,299,0,300,204,0,204,504
12/03/2000,FPR,FL,ASO,ES,Towers with Display (VFR),0,5,127,0,132,0,4,57,0,61,0,9,184,0,193,81,0,81,274
12/04/2000,FPR,FL,ASO,ES,Towers with Display (VFR),0,2,106,0,108,0,0,202,0,202,0,2,308,0,310,313,0,313,623
12/05/2000,FPR,FL,ASO,ES,Towers with Display (VFR),0,4,91,0,95,0,3,179,0,182,0,7,270,0,277,244,0,244,521
12/06/2000,FPR,FL,ASO,ES,Towers with Display (VFR),0,4,84,0,88,0,0,245,0,245,0,4,329,0,333,344,0,344,677
12/07/2000,FPR,FL,ASO,ES,Towers with Display (VFR),0,3,55,0,58,0,3,203,1,207,0,6,258,1,265,308,0,308,573
12/08/2000,FPR,FL,ASO,ES,Towers with Display (VFR),0,4,101,0,105,0,1,250,0,251,0,5,351,0,356,298,0,298,654
12/09/2000,FPR,FL,ASO,ES,Towers with Display (VFR),0,4,91,0,95,0,0,236,0,236,0,4,327,0,331,207,0,207,538
12/10/2000,FPR,FL,ASO,ES,Towers with Display (VFR),0,3,77,0,80,0,2,155,0,157,0,5,232,0,237,240,0,240,477
12/11/2000,FPR,FL,ASO,ES,Towers with Display (VFR),0,4,100,0,104,0,2,132,0,134,0,6,232,0,238,240,0,240,478
12/12/2000,FPR,FL,ASO,ES,Towers with Display (VFR),0,3,63,0,66,0,1,167,0,168,0,4,230,0,234,228,0,228,462
12/13/2000,FPR,FL,ASO,ES,Towers with Display (VFR),0,4,100,0,104,0,4,223,0,227,0,8,323,0,331,233,0,233,564
12/14/2000,FPR,FL,ASO,ES,Towers with Display (VFR),0,3,73,0,76,0,2,191,2,195,0,5,264,2,271,280,0,280,551
12/15/2000,FPR,FL,ASO,ES,Towers with Display (VFR),0,5,113,0,118,0,5,175,0,180,0,10,288,0,298,209,0,209,507
12/16/2000,FPR,FL,ASO,ES,Towers with Display (VFR),0,3,81,0,84,0,0,172,1,173,0,3,253,1,257,134,0,134,391
12/17/2000,FPR,FL,ASO,ES,Towers with Display (VFR),0,2,59,0,61,0,4,71,0,75,0,6,130,0,136,43,0,43,179
12/18/2000,FPR,FL,ASO,ES,Towers with Display (VFR),0,2,59,0,61,0,1,159,0,160,0,3,218,0,221,194,0,194,415
12/19/2000,FPR,FL,ASO,ES,Towers with Display (VFR),0,1,43,0,44,0,6,115,4,125,0,7,158,4,169,141,0,141,310
12/20/2000,FPR,FL,ASO,ES,Towers with Display (VFR),0,2,54,0,56,0,1,156,0,157,0,3,210,0,213,132,0,132,345
12/21/2000,FPR,FL,ASO,ES,Towers with Display (VFR),0,2,62,0,64,0,1,195,0,196,0,3,257,0,260,236,0,236,496
12/22/2000,FPR,FL,ASO,ES,Towers with Display (VFR),0,1,48,0,49,0,3,172,0,175,0,4,220,0,224,155,0,155,379
12/23/2000,FPR,FL,ASO,ES,Towers with Display (VFR),0,0,53,0,53,0,0,124,0,124,0,0,177,0,177,63,0,63,240
12/24/2000,FPR,FL,ASO,ES,Towers with Display (VFR),0,0,25,0,25,0,2,45,0,47,0,2,70,0,72,16,0,16,88
12/25/2000,FPR,FL,ASO,ES,Towers with Display (VFR),0,0,8,0,8,0,0,20,0,20,0,0,28,0,28,0,0,0,28
12/26/2000,FPR,FL,ASO,ES,Towers with Display (VFR),0,3,94,0,97,0,0,145,0,145,0,3,239,0,242,56,0,56,298
12/27/2000,FPR,FL,ASO,ES,Towers with Display (VFR),0,3,99,0,102,0,6,174,0,180,0,9,273,0,282,173,0,173,455
12/28/2000,FPR,FL,ASO,ES,Towers with Display (VFR),0,2,71,0,73,0,10,53,0,63,0,12,124,0,136,122,0,122,258
12/29/2000,FPR,FL,ASO,ES,Towers with Display (VFR),0,3,92,0,95,0,4,138,0,142,0,7,230,0,237,133,0,133,370
12/30/2000,FPR,FL,ASO,ES,Towers with Display (VFR),0,2,61,0,63,0,4,141,0,145,0,6,202,0,208,132,0,132,340
12/31/2000,FPR,FL,ASO,ES,Towers with Display (VFR),0,1,53,0,54,0,4,109,0,113,0,5,162,0,167,46,0,46,213
01/01/2001,FPR,FL,ASO,ES,Towers with Display (VFR),0,3,59,0,62,0,0,133,0,133,0,3,192,0,195,6,0,6,201
01/02/2001,FPR,FL,ASO,ES,Towers with Display (VFR),0,5,115,0,120,0,1,166,0,167,0,6,281,0,287,77,0,77,364
01/03/2001,FPR,FL,ASO,ES,Towers with Display (VFR),0,3,77,0,80,0,2,171,0,173,0,5,248,0,253,111,0,111,364
01/04/2001,FPR,FL,ASO,ES,Towers with Display (VFR),0,3,75,0,78,0,1,171,4,176,0,4,246,4,254,171,0,171,425
01/05/2001,FPR,FL,ASO,ES,Towers with Display (VFR),0,2,51,0,53,0,4,183,1,188,0,6,234,1,241,272,0,272,513
01/06/2001,FPR,FL,ASO,ES,Towers with Display (VFR),0,3,77,0,80,0,0,225,0,225,0,3,302,0,305,152,0,152,457
01/07/2001,FPR,FL,ASO,ES,Towers with Display (VFR),0,2,45,0,47,0,0,212,0,212,0,2,257,0,259,194,0,194,453
01/08/2001,FPR,FL,ASO,ES,Towers with Display (VFR),0,3,64,0,67,0,8,160,0,168,0,11,224,0,235,180,0,180,415
01/09/2001,FPR,FL,ASO,ES,Towers with Display (VFR),0,2,42,0,44,0,2,221,0,223,0,4,263,0,267,259,0,259,526
01/10/2001,FPR,FL,ASO,ES,Towers with Display (VFR),0,3,66,0,69,0,15,251,1,267,0,18,317,1,336,374,0,374,710
01/11/2001,FPR,FL,ASO,ES,Towers with Display (VFR),0,4,87,0,91,0,2,285,0,287,0,6,372,0,378,391,0,391,769
01/12/2001,FPR,FL,ASO,ES,Towers with Display (VFR),0,3,64,0,67,0,2,215,1,218,0,5,279,1,285,276,0,276,561
01/13/2001,FPR,FL,ASO,ES,Towers with Display (VFR),0,1,78,0,79,0,0,192,2,194,0,1,270,2,273,179,0,179,452
01/14/2001,FPR,FL,ASO,ES,Towers with Display (VFR),0,3,87,0,90,0,0,122,0,122,0,3,209,0,212,246,0,246,458
01/15/2001,FPR,FL,ASO,ES,Towers with Display (VFR),0,4,131,0,135,0,0,212,0,212,0,4,343,0,347,288,0,288,635
01/16/2001,FPR,FL,ASO,ES,Towers with Display (VFR),0,4,138,0,142,0,1,225,0,226,0,5,363,0,368,294,0,294,662
01/17/2001,FPR,FL,ASO,ES,Towers with Display (VFR),0,3,109,0,112,0,3,258,1,262,0,6,367,1,374,353,0,353,727
01/18/2001,FPR,FL,ASO,ES,Towers with Display (VFR),0,2,75,0,77,0,0,258,2,260,0,2,333,2,337,354,0,354,691
01/19/2001,FPR,FL,ASO,ES,Towers with Display (VFR),0,2,79,0,81,0,1,227,0,228,0,3,306,0,309,271,0,271,580
01/20/2001,FPR,FL,ASO,ES,Towers with Display (VFR),0,0,68,0,68,0,0,53,0,53,0,0,121,0,121,162,0,162,283
01/21/2001,FPR,FL,ASO,ES,Towers with Display (VFR),0,0,55,0,55,0,0,207,0,207,0,0,262,0,262,201,0,201,463
01/22/2001,FPR,FL,ASO,ES,Towers with Display (VFR),0,3,90,0,93,0,1,44,1,46,0,4,134,1,139,74,0,74,213
01/23/2001,FPR,FL,ASO,ES,Towers with Display (VFR),0,2,60,0,62,0,4,224,0,228,0,6,284,0,290,243,0,243,533
01/24/2001,FPR,FL,ASO,ES,Towers with Display (VFR),0,2,67,0,69,0,3,291,0,294,0,5,358,0,363,341,0,341,704
01/25/2001,FPR,FL,ASO,ES,Towers with Display (VFR),0,2,78,0,80,0,9,224,0,233,0,11,302,0,313,314,0,314,627
01/26/2001,FPR,FL,ASO,ES,Towers with Display (VFR),0,3,109,0,112,0,4,247,0,251,0,7,356,0,363,485,0,485,848
01/27/2001,FPR,FL,ASO,ES,Towers with Display (VFR),0,1,49,0,50,0,2,260,1,263,0,3,309,1,313,331,0,331,644
01/28/2001,FPR,FL,ASO,ES,Towers with Display (VFR),0,2,70,0,72,0,2,216,0,218,0,4,286,0,290,138,0,138,428
01/29/2001,FPR,FL,ASO,ES,Towers with Display (VFR),0,3,95,0,98,0,3,233,0,236,0,6,328,0,334,423,0,423,757
01/30/2001,FPR,FL,ASO,ES,Towers with Display (VFR),0,3,115,0,118,0,3,184,0,187,0,6,299,0,305,369,0,369,674
01/31/2001,FPR,FL,ASO,ES,Towers with Display (VFR),0,2,83,0,85,0,4,198,3,205,0,6,281,3,290,518,0,518,808
02/01/2001,FPR,FL,ASO,ES,Towers with Display (VFR),0,5,129,0,134,0,0,158,0,158,0,5,287,0,292,339,0,339,631
02/02/2001,FPR,FL,ASO,ES,Towers with Display (VFR),0,4,115,0,119,0,6,75,0,81,0,10,190,0,200,152,0,152,352
02/03/2001,FPR,FL,ASO,ES,Towers with Display (VFR),0,4,128,0,132,0,0,104,0,104,0,4,232,0,236,250,0,250,486
02/04/2001,FPR,FL,ASO,ES,Towers with Display (VFR),0,2,59,0,61,0,1,138,0,139,0,3,197,0,200,76,0,76,276
02/05/2001,FPR,FL,ASO,ES,Towers with Display (VFR),0,2,76,0,78,0,0,268,0,268,0,2,344,0,346,454,0,454,800
02/06/2001,FPR,FL,ASO,ES,Towers with Display (VFR),0,3,89,0,92,0,2,323,2,327,0,5,412,2,419,283,0,283,702
02/07/2001,FPR,FL,ASO,ES,Towers with Display (VFR),0,5,129,0,134,0,4,235,8,247,0,9,364,8,381,237,0,237,618
02/08/2001,FPR,FL,ASO,ES,Towers with Display (VFR),0,3,85,0,88,0,0,251,0,251,0,3,336,0,339,208,0,208,547
02/09/2001,FPR,FL,ASO,ES,Towers with Display (VFR),0,3,99,0,102,0,0,281,0,281,0,3,380,0,383,297,0,297,680
02/10/2001,FPR,FL,ASO,ES,Towers with Display (VFR),0,4,99,0,103,0,1,198,0,199,0,5,297,0,302,202,0,202,504
02/11/2001,FPR,FL,ASO,ES,Towers with Display (VFR),0,0,110,0,110,0,0,195,0,195,0,0,305,0,305,130,0,130,435
02/12/2001,FPR,FL,ASO,ES,Towers with Display (VFR),0,3,80,0,83,0,2,223,0,225,0,5,303,0,308,246,0,246,554
02/13/2001,FPR,FL,ASO,ES,Towers with Display (VFR),0,3,107,0,110,0,0,243,10,253,0,3,350,10,363,284,0,284,647
02/14/2001,FPR,FL,ASO,ES,Towers with Display (VFR),0,3,112,0,115,0,2,258,1,261,0,5,370,1,376,217,0,217,593
02/15/2001,FPR,FL,ASO,ES,Towers with Display (VFR),0,3,105,0,108,0,4,249,0,253,0,7,354,0,361,292,0,292,653
02/16/2001,FPR,FL,ASO,ES,Towers with Display (VFR),0,4,130,0,134,0,6,290,0,296,0,10,420,0,430,387,0,387,817
02/17/2001,FPR,FL,ASO,ES,Towers with Display (VFR),0,1,74,0,75,0,0,194,0,194,0,1,268,0,269,192,0,192,461
02/18/2001,FPR,FL,ASO,ES,Towers with Display (VFR),0,0,134,0,134,0,0,188,0,188,0,0,322,0,322,137,0,137,459
02/19/2001,FPR,FL,ASO,ES,Towers with Display (VFR),0,3,119,0,122,1,44,237,0,282,1,47,356,0,404,211,0,211,615
02/20/2001,FPR,FL,ASO,ES,Towers with Display (VFR),0,3,100,0,103,0,2,287,0,289,0,5,387,0,392,258,0,258,650
02/21/2001,FPR,FL,ASO,ES,Towers with Display (VFR),0,3,123,0,126,0,2,237,0,239,0,5,360,0,365,283,0,283,648
02/22/2001,FPR,FL,ASO,ES,Towers with Display (VFR),0,2,89,0,91,0,5,215,0,220,0,7,304,0,311,285,0,285,596
02/23/2001,FPR,FL,ASO,ES,Towers with Display (VFR),0,3,113,0,116,0,0,245,0,245,0,3,358,0,361,207,0,207,568
02/24/2001,FPR,FL,ASO,ES,Towers with Display (VFR),0,2,116,0,118,0,0,175,0,175,0,2,291,0,293,158,0,158,451
02/25/2001,FPR,FL,ASO,ES,Towers with Display (VFR),0,2,84,0,86,0,2,191,0,193,0,4,275,0,279,168,0,168,447
02/26/2001,FPR,FL,ASO,ES,Towers with Display (VFR),0,3,141,0,144,0,0,218,0,218,0,3,359,0,362,218,0,218,580
02/27/2001,FPR,FL,ASO,ES,Towers with Display (VFR),0,3,123,0,126,0,4,241,0,245,0,7,364,0,371,273,0,273,644
02/28/2001,FPR,FL,ASO,ES,Towers with Display (VFR),0,2,72,0,74,0,4,223,0,227,0,6,295,0,301,311,0,311,612
03/01/2001,FPR,FL,ASO,ES,Towers with Display (VFR),0,4,93,0,97,0,0,229,0,229,0,4,322,0,326,223,0,223,549
03/02/2001,FPR,FL,ASO,ES,Towers with Display (VFR),0,3,82,0,85,0,1,217,2,220,0,4,299,2,305,255,0,255,560
03/03/2001,FPR,FL,ASO,ES,Towers with Display (VFR),0,2,64,0,66,0,0,217,0,217,0,2,281,0,283,100,0,100,383
03/04/2001,FPR,FL,ASO,ES,Towers with Display (VFR),0,2,57,0,59,0,0,58,0,58,0,2,115,0,117,56,0,56,173
03/05/2001,FPR,FL,ASO,ES,Towers with Display (VFR),0,3,72,0,75,0,0,147,0,147,0,3,219,0,222,180,1,181,403
03/06/2001,FPR,FL,ASO,ES,Towers with Display (VFR),0,2,72,0,74,0,0,184,0,184,0,2,256,0,258,165,0,165,423
03/07/2001,FPR,FL,ASO,ES,Towers with Display (VFR),0,3,90,0,93,0,2,280,0,282,0,5,370,0,375,307,0,307,682
03/08/2001,FPR,FL,ASO,ES,Towers with Display (VFR),0,2,103,0,105,0,0,331,4,335,0,2,434,4,440,333,0,333,773
03/09/2001,FPR,FL,ASO,ES,Towers with Display (VFR),0,2,121,0,123,0,0,292,0,292,0,2,413,0,415,245,0,245,660
03/10/2001,FPR,FL,ASO,ES,Towers with Display (VFR),0,4,110,0,114,0,0,215,0,215,0,4,325,0,329,222,0,222,551
03/11/2001,FPR,FL,ASO,ES,Towers with Display (VFR),0,4,94,0,98,0,1,281,0,282,0,5,375,0,380,123,0,123,503
03/12/2001,FPR,FL,ASO,ES,Towers with Display (VFR),0,2,88,0,90,0,2,264,0,266,0,4,352,0,356,284,0,284,640
03/13/2001,FPR,FL,ASO,ES,Towers with Display (VFR),0,3,90,1,94,0,2,147,0,149,0,5,237,1,243,138,0,138,381
03/14/2001,FPR,FL,ASO,ES,Towers with Display (VFR),0,3,108,0,111,0,4,250,0,254,0,7,358,0,365,389,0,389,754
03/15/2001,FPR,FL,ASO,ES,Towers with Display (VFR),0,3,93,0,96,0,5,150,0,155,0,8,243,0,251,202,0,202,453
03/16/2001,FPR,FL,ASO,ES,Towers with Display (VFR),0,3,111,0,114,0,2,204,0,206,0,5,315,0,320,328,0,328,648
03/17/2001,FPR,FL,ASO,ES,Towers with Display (VFR),0,2,111,0,113,0,0,153,0,153,0,2,264,0,266,182,0,182,448
03/18/2001,FPR,FL,ASO,ES,Towers with Display (VFR),0,3,102,0,105,0,0,140,0,140,0,3,242,0,245,96,0,96,341
03/19/2001,FPR,FL,ASO,ES,Towers with Display (VFR),0,2,86,0,88,0,2,60,0,62,0,4,146,0,150,82,0,82,232
03/20/2001,FPR,FL,ASO,ES,Towers with Display (VFR),0,2,64,0,66,0,3,192,0,195,0,5,256,0,261,227,0,227,488
03/21/2001,FPR,FL,ASO,ES,Towers with Display (VFR),0,2,76,0,78,0,3,219,0,222,0,5,295,0,300,310,0,310,610
03/22/2001,FPR,FL,ASO,ES,Towers with Display (VFR),0,2,81,0,83,0,1,306,0,307,0,3,387,0,390,313,0,313,703
03/23/2001,FPR,FL,ASO,ES,Towers with Display (VFR),0,3,109,0,112,0,0,327,0,327,0,3,436,0,439,448,0,448,887
03/24/2001,FPR,FL,ASO,ES,Towers with Display (VFR),0,2,122,0,124,0,0,245,0,245,0,2,367,0,369,353,0,353,722
03/25/2001,FPR,FL,ASO,ES,Towers with Display (VFR),0,1,92,0,93,0,0,265,0,265,0,1,357,0,358,242,0,242,600
03/26/2001,FPR,FL,ASO,ES,Towers with Display (VFR),0,2,125,0,127,0,0,244,0,244,0,2,369,0,371,403,0,403,774
03/27/2001,FPR,FL,ASO,ES,Towers with Display (VFR),0,3,114,0,117,0,3,262,0,265,0,6,376,0,382,337,0,337,719
03/28/2001,FPR,FL,ASO,ES,Towers with Display (VFR),0,3,107,0,110,0,3,274,0,277,0,6,381,0,387,330,0,330,717
03/29/2001,FPR,FL,ASO,ES,Towers with Display (VFR),0,2,63,0,65,0,2,106,0,108,0,4,169,0,173,191,0,191,364
03/30/2001,FPR,FL,ASO,ES,Towers with Display (VFR),0,2,116,0,118,0,0,119,0,119,0,2,235,0,237,210,0,210,447
03/31/2001,FPR,FL,ASO,ES,Towers with Display (VFR),0,1,90,0,91,0,0,148,0,148,0,1,238,0,239,209,0,209,448
04/01/2001,FPR,FL,ASO,ES,Towers with Display (VFR),0,3,82,0,85,0,6,237,0,243,0,9,319,0,328,108,0,108,436
04/02/2001,FPR,FL,ASO,ES,Towers with Display (VFR),0,4,101,0,105,0,2,274,0,276,0,6,375,0,381,385,0,385,766
04/03/2001,FPR,FL,ASO,ES,Towers with Display (VFR),0,5,135,0,140,0,2,290,0,292,0,7,425,0,432,410,0,410,842
04/04/2001,FPR,FL,ASO,ES,Towers with Display (VFR),0,4,107,0,111,0,2,295,0,297,0,6,402,0,408,486,0,486,894
04/05/2001,FPR,FL,ASO,ES,Towers with Display (VFR),0,5,142,0,147,0,1,193,0,194,0,6,335,0,341,456,0,456,797
04/06/2001,FPR,FL,ASO,ES,Towers with Display (VFR),0,5,136,0,141,0,0,271,0,271,0,5,407,0,412,281,0,281,693
04/07/2001,FPR,FL,ASO,ES,Towers with Display (VFR),0,1,124,0,125,0,0,286,0,286,0,1,410,0,411,225,0,225,636
04/08/2001,FPR,FL,ASO,ES,Towers with Display (VFR),0,1,84,0,85,0,0,222,0,222,0,1,306,0,307,161,0,161,468
04/09/2001,FPR,FL,ASO,ES,Towers with Display (VFR),0,3,116,0,119,0,0,285,0,285,0,3,401,0,404,207,0,207,611
04/10/2001,FPR,FL,ASO,ES,Towers with Display (VFR),0,3,129,0,132,0,0,274,0,274,0,3,403,0,406,293,0,293,699
04/11/2001,FPR,FL,ASO,ES,Towers with Display (VFR),0,5,134,0,139,0,0,292,0,292,0,5,426,0,431,217,0,217,648
04/12/2001,FPR,FL,ASO,ES,Towers with Display (VFR),0,5,134,0,139,0,0,243,0,243,0,5,377,0,382,225,0,225,607
04/13/2001,FPR,FL,ASO,ES,Towers with Display (VFR),0,5,137,0,142,0,2,296,0,298,0,7,433,0,440,270,0,270,710
04/14/2001,FPR,FL,ASO,ES,Towers with Display (VFR),0,2,85,0,87,0,1,269,0,270,0,3,354,0,357,147,0,147,504
04/15/2001,FPR,FL,ASO,ES,Towers with Display (VFR),0,1,65,0,66,0,5,169,0,174,0,6,234,0,240,176,0,176,416
04/16/2001,FPR,FL,ASO,ES,Towers with Display (VFR),0,3,113,0,116,0,4,262,0,266,0,7,375,0,382,234,0,234,616
04/17/2001,FPR,FL,ASO,ES,Towers with Display (VFR),0,2,80,0,82,0,1,267,0,268,0,3,347,0,350,397,0,397,747
04/18/2001,FPR,FL,ASO,ES,Towers with Display (VFR),0,2,75,0,77,0,4,253,0,257,0,6,328,0,334,309,0,309,643
04/19/2001,FPR,FL,ASO,ES,Towers with Display (VFR),0,3,108,0,111,0,6,254,0,260,0,9,362,0,371,268,0,268,639
04/20/2001,FPR,FL,ASO,ES,Towers with Display (VFR),0,3,138,0,141,0,0,274,0,274,0,3,412,0,415,264,0,264,679
04/21/2001,FPR,FL,ASO,ES,Towers with Display (VFR),0,2,81,0,83,0,0,225,0,225,0,2,306,0,308,215,0,215,523
04/22/2001,FPR,FL,ASO,ES,Towers with Display (VFR),0,3,102,0,105,0,5,230,0,235,0,8,332,0,340,209,0,209,549
04/23/2001,FPR,FL,ASO,ES,Towers with Display (VFR),0,3,118,0,121,0,6,223,0,229,0,9,341,0,350,342,0,342,692
04/24/2001,FPR,FL,ASO,ES,Towers with Display (VFR),0,3,102,0,105,0,1,252,0,253,0,4,354,0,358,249,0,249,607
04/25/2001,FPR,FL,ASO,ES,Towers with Display (VFR),0,1,62,0,63,0,7,207,0,214,0,8,269,0,277,207,0,207,484
04/26/2001,FPR,FL,ASO,ES,Towers with Display (VFR),0,3,99,0,102,0,4,170,0,174,0,7,269,0,276,220,0,220,496
04/27/2001,FPR,FL,ASO,ES,Towers with Display (VFR),0,2,94,0,96,0,7,293,0,300,0,9,387,0,396,245,0,245,641
04/28/2001,FPR,FL,ASO,ES,Towers with Display (VFR),0,1,87,0,88,0,0,276,0,276,0,1,363,0,364,152,0,152,516
04/29/2001,FPR,FL,ASO,ES,Towers with Display (VFR),0,3,113,0,116,0,1,132,0,133,0,4,245,0,249,190,0,190,439
04/30/2001,FPR,FL,ASO,ES,Towers with Display (VFR),0,3,126,0,129,0,12,131,0,143,0,15,257,0,272,237,0,237,509
05/01/2001,FPR,FL,ASO,ES,Towers with Display (VFR),0,4,102,0,106,0,3,158,0,161,0,7,260,0,267,106,0,106,373
05/02/2001,FPR,FL,ASO,ES,Towers with Display (VFR),0,4,114,0,118,0,4,229,0,233,0,8,343,0,351,317,0,317,668
05/03/2001,FPR,FL,ASO,ES,Towers with Display (VFR),0,4,103,0,107,0,7,190,0,197,0,11,293,0,304,254,0,254,558
05/04/2001,FPR,FL,ASO,ES,Towers with Display (VFR),0,4,105,0,109,0,1,182,0,183,0,5,287,0,292,239,0,239,531
05/05/2001,FPR,FL,ASO,ES,Towers with Display (VFR),0,1,47,0,48,0,0,189,0,189,0,1,236,0,237,116,0,116,353
05/06/2001,FPR,FL,ASO,ES,Towers with Display (VFR),0,3,74,0,77,0,3,220,0,223,0,6,294,0,300,178,0,178,478
05/07/2001,FPR,FL,ASO,ES,Towers with Display (VFR),0,4,107,0,111,0,5,297,0,302,0,9,404,0,413,262,0,262,675
05/08/2001,FPR,FL,ASO,ES,Towers with Display (VFR),0,4,106,0,110,0,1,258,0,259,0,5,364,0,369,262,0,262,631
05/09/2001,FPR,FL,ASO,ES,Towers with Display (VFR),0,4,116,0,120,0,2,317,0,319,0,6,433,0,439,330,0,330,769
05/10/2001,FPR,FL,ASO,ES,Towers with Display (VFR),0,4,110,0,114,0,4,327,4,335,0,8,437,4,449,412,0,412,861
05/11/2001,FPR,FL,ASO,ES,Towers with Display (VFR),0,5,121,0,126,0,2,315,0,317,0,7,436,0,443,357,0,357,800
05/12/2001,FPR,FL,ASO,ES,Towers with Display (VFR),0,3,78,0,81,0,0,334,0,334,0,3,412,0,415,218,0,218,633
05/13/2001,FPR,FL,ASO,ES,Towers with Display (VFR),0,3,73,0,76,0,1,263,0,264,0,4,336,0,340,145,0,145,485
05/14/2001,FPR,FL,ASO,ES,Towers with Display (VFR),0,3,99,0,102,0,0,264,0,264,0,3,363,0,366,331,0,331,697
05/15/2001,FPR,FL,ASO,ES,Towers with Display (VFR),0,2,87,0,89,0,45,251,0,296,0,47,338,0,385,326,0,326,711
05/16/2001,FPR,FL,ASO,ES,Towers with Display (VFR),0,3,99,0,102,0,3,257,0,260,0,6,356,0,362,336,0,336,698
05/17/2001,FPR,FL,ASO,ES,Towers with Display (VFR),0,3,106,0,109,0,4,250,0,254,0,7,356,0,363,253,0,253,616
05/18/2001,FPR,FL,ASO,ES,Towers with Display (VFR),0,4,126,0,130,0,0,143,0,143,0,4,269,0,273,177,0,177,450
05/19/2001,FPR,FL,ASO,ES,Towers with Display (VFR),0,2,85,0,87,0,3,269,0,272,0,5,354,0,359,188,0,188,547
05/20/2001,FPR,FL,ASO,ES,Towers with Display (VFR),0,2,60,0,62,0,3,275,0,278,0,5,335,0,340,221,0,221,561
05/21/2001,FPR,FL,ASO,ES,Towers with Display (VFR),0,2,133,0,135,0,0,244,0,244,0,2,377,0,379,285,0,285,664
05/22/2001,FPR,FL,ASO,ES,Towers with Display (VFR),0,2,85,0,87,0,6,192,0,198,0,8,277,0,285,217,0,217,502
05/23/2001,FPR,FL,ASO,ES,Towers with Display (VFR),0,1,53,0,54,0,7,74,0,81,0,8,127,0,135,110,0,110,245
05/24/2001,FPR,FL,ASO,ES,Towers with Display (VFR),0,3,138,0,141,0,0,247,0,247,0,3,385,0,388,335,0,335,723
05/25/2001,FPR,FL,ASO,ES,Towers with Display (VFR),0,3,116,0,119,0,4,189,0,193,0,7,305,0,312,169,0,169,481
05/26/2001,FPR,FL,ASO,ES,Towers with Display (VFR),0,2,85,0,87,0,4,245,0,249,0,6,330,0,336,275,0,275,611
05/27/2001,FPR,FL,ASO,ES,Towers with Display (VFR),0,2,79,0,81,0,5,139,0,144,0,7,218,0,225,161,0,161,386
05/28/2001,FPR,FL,ASO,ES,Towers with Display (VFR),0,4,137,0,141,0,2,229,0,231,0,6,366,0,372,220,0,220,592
05/29/2001,FPR,FL,ASO,ES,Towers with Display (VFR),0,4,146,0,150,0,7,252,3,262,0,11,398,3,412,269,0,269,681
05/30/2001,FPR,FL,ASO,ES,Towers with Display (VFR),0,4,144,0,148,0,12,228,1,241,0,16,372,1,389,322,0,322,711
05/31/2001,FPR,FL,ASO,ES,Towers with Display (VFR),0,2,82,0,84,0,11,203,2,216,0,13,285,2,300,137,0,137,437
06/01/2001,FPR,FL,ASO,ES,Towers with Display (VFR),0,3,104,0,107,0,5,229,1,235,0,8,333,1,342,176,0,176,518
06/02/2001,FPR,FL,ASO,ES,Towers with Display (VFR),0,1,62,0,63,0,3,225,1,229,0,4,287,1,292,160,0,160,452
06/03/2001,FPR,FL,ASO,ES,Towers with Display (VFR),0,3,130,0,133,0,1,219,0,220,0,4,349,0,353,164,0,164,517
06/04/2001,FPR,FL,ASO,ES,Towers with Display (VFR),0,3,122,0,125,0,1,293,0,294,0,4,415,0,419,184,0,184,603
06/05/2001,FPR,FL,ASO,ES,Towers with Display (VFR),0,3,126,0,129,0,5,196,2,203,0,8,322,2,332,297,0,297,629
06/06/2001,FPR,FL,ASO,ES,Towers with Display (VFR),0,3,109,0,112,0,12,183,0,195,0,15,292,0,307,209,0,209,516
06/07/2001,FPR,FL,ASO,ES,Towers with Display (VFR),0,2,132,0,134,0,8,235,0,243,0,10,367,0,377,304,0,304,681
06/08/2001,FPR,FL,ASO,ES,Towers with Display (VFR),0,2,134,0,136,0,9,218,0,227,0,11,352,0,363,257,0,257,620
06/09/2001,FPR,FL,ASO,ES,Towers with Display (VFR),0,2,104,0,106,0,2,264,0,266,0,4,368,0,372,217,0,217,589
06/10/2001,FPR,FL,ASO,ES,Towers with Display (VFR),0,2,121,0,123,0,7,236,0,243,0,9,357,0,366,149,0,149,515
06/11/2001,FPR,FL,ASO,ES,Towers with Display (VFR),0,1,100,0,101,0,8,252,0,260,0,9,352,0,361,248,0,248,609
06/12/2001,FPR,FL,ASO,ES,Towers with Display (VFR),0,1,89,1,91,0,3,226,2,231,0,4,315,3,322,307,0,307,629
06/13/2001,FPR,FL,ASO,ES,Towers with Display (VFR),0,1,97,1,99,0,5,228,1,234,0,6,325,2,333,262,0,262,595
06/14/2001,FPR,FL,ASO,ES,Towers with Display (VFR),0,2,113,0,115,0,5,271,0,276,0,7,384,0,391,325,0,325,716
06/15/2001,FPR,FL,ASO,ES,Towers with Display (VFR),0,1,98,0,99,0,7,203,0,210,0,8,301,0,309,260,0,260,569
06/16/2001,FPR,FL,ASO,ES,Towers with Display (VFR),0,1,86,0,87,0,11,247,0,258,0,12,333,0,345,240,0,240,585
06/17/2001,FPR,FL,ASO,ES,Towers with Display (VFR),0,1,92,0,93,0,5,238,0,243,0,6,330,0,336,149,0,149,485
06/18/2001,FPR,FL,ASO,ES,Towers with Display (VFR),0,2,107,0,109,0,3,280,0,283,0,5,387,0,392,297,0,297,689
06/19/2001,FPR,FL,ASO,ES,Towers with Display (VFR),0,2,130,0,132,0,3,205,0,208,0,5,335,0,340,322,0,322,662
06/20/2001,FPR,FL,ASO,ES,Towers with Display (VFR),0,2,125,0,127,0,2,231,0,233,0,4,356,0,360,366,0,366,726
06/21/2001,FPR,FL,ASO,ES,Towers with Display (VFR),0,2,120,0,122,0,6,244,0,250,0,8,364,0,372,322,0,322,694
06/22/2001,FPR,FL,ASO,ES,Towers with Display (VFR),0,1,103,0,104,0,4,266,0,270,0,5,369,0,374,249,0,249,623
06/23/2001,FPR,FL,ASO,ES,Towers with Display (VFR),0,1,93,0,94,0,10,212,0,222,0,11,305,0,316,149,0,149,465
06/24/2001,FPR,FL,ASO,ES,Towers with Display (VFR),0,1,85,0,86,0,0,183,0,183,0,1,268,0,269,96,0,96,365
06/25/2001,FPR,FL,ASO,ES,Towers with Display (VFR),0,2,130,0,132,0,5,282,0,287,0,7,412,0,419,311,0,311,730
06/26/2001,FPR,FL,ASO,ES,Towers with Display (VFR),0,2,143,0,145,0,2,255,2,259,0,4,398,2,404,230,0,230,634
06/27/2001,FPR,FL,ASO,ES,Towers with Display (VFR),0,2,146,0,148,0,4,166,0,170,0,6,312,0,318,267,0,267,585
06/28/2001,FPR,FL,ASO,ES,Towers with Display (VFR),0,1,102,0,103,0,11,89,0,100,0,12,191,0,203,177,0,177,380
06/29/2001,FPR,FL,ASO,ES,Towers with Display (VFR),0,3,173,0,176,0,9,297,0,306,0,12,470,0,482,203,0,203,685
06/30/2001,FPR,FL,ASO,ES,Towers with Display (VFR),0,2,131,0,133,0,3,297,0,300,0,5,428,0,433,176,0,176,609
07/01/2001,FPR,FL,ASO,ES,Towers with Display (VFR),0,3,131,0,134,0,4,301,0,305,0,7,432,0,439,238,0,238,677
07/02/2001,FPR,FL,ASO,ES,Towers with Display (VFR),0,4,169,0,173,0,1,259,0,260,0,5,428,0,433,206,0,206,639
07/03/2001,FPR,FL,ASO,ES,Towers with Display (VFR),0,4,153,0,157,0,5,265,0,270,0,9,418,0,427,244,0,244,671
07/04/2001,FPR,FL,ASO,ES,Towers with Display (VFR),0,3,109,0,112,0,4,157,0,161,0,7,266,0,273,178,0,178,451
07/05/2001,FPR,FL,ASO,ES,Towers with Display (VFR),0,3,106,0,109,0,11,258,0,269,0,14,364,0,378,233,0,233,611
07/06/2001,FPR,FL,ASO,ES,Towers with Display (VFR),0,4,154,0,158,0,2,297,0,299,0,6,451,0,457,244,0,244,701
07/07/2001,FPR,FL,ASO,ES,Towers with Display (VFR),0,3,111,0,114,0,7,269,0,276,0,10,380,0,390,252,0,252,642
07/08/2001,FPR,FL,ASO,ES,Towers with Display (VFR),0,3,133,0,136,0,15,252,0,267,0,18,385,0,403,182,0,182,585
07/09/2001,FPR,FL,ASO,ES,Towers with Display (VFR),0,2,83,0,85,0,5,193,0,198,0,7,276,0,283,284,0,284,567
07/10/2001,FPR,FL,ASO,ES,Towers with Display (VFR),0,2,89,0,91,0,5,234,0,239,0,7,323,0,330,301,0,301,631
07/11/2001,FPR,FL,ASO,ES,Towers with Display (VFR),0,2,85,0,87,0,4,178,0,182,0,6,263,0,269,278,0,278,547
07/12/2001,FPR,FL,ASO,ES,Towers with Display (VFR),0,2,85,0,87,0,8,234,0,242,0,10,319,0,329,264,0,264,593
07/13/2001,FPR,FL,ASO,ES,Towers with Display (VFR),0,2,76,0,78,0,5,223,0,228,0,7,299,0,306,269,0,269,575
07/14/2001,FPR,FL,ASO,ES,Towers with Display (VFR),0,2,68,0,70,0,0,113,0,113,0,2,181,0,183,239,0,239,422
07/15/2001,FPR,FL,ASO,ES,Towers with Display (VFR),0,0,96,0,96,0,0,69,0,69,0,0,165,0,165,106,0,106,271
07/16/2001,FPR,FL,ASO,ES,Towers with Display (VFR),0,4,139,0,143,0,5,299,0,304,0,9,438,0,447,304,0,304,751
07/17/2001,FPR,FL,ASO,ES,Towers with Display (VFR),0,2,107,0,109,0,3,226,0,229,0,5,333,0,338,274,0,274,612
07/18/2001,FPR,FL,ASO,ES,Towers with Display (VFR),0,2,132,0,134,0,4,251,0,255,0,6,383,0,389,278,0,278,667
07/19/2001,FPR,FL,ASO,ES,Towers with Display (VFR),0,2,98,0,100,0,4,272,0,276,0,6,370,0,376,272,0,272,648
07/20/2001,FPR,FL,ASO,ES,Towers with Display (VFR),0,2,98,0,100,0,6,191,0,197,0,8,289,0,297,254,0,254,551
07/21/2001,FPR,FL,ASO,ES,Towers with Display (VFR),0,1,53,0,54,0,4,145,0,149,0,5,198,0,203,167,0,167,370
07/22/2001,FPR,FL,ASO,ES,Towers with Display (VFR),0,2,107,0,109,0,6,164,0,170,0,8,271,0,279,191,0,191,470
07/23/2001,FPR,FL,ASO,ES,Towers with Display (VFR),0,1,68,0,69,0,3,114,0,117,0,4,182,0,186,142,0,142,328
07/24/2001,FPR,FL,ASO,ES,Towers with Display (VFR),0,3,142,0,145,0,5,319,0,324,0,8,461,0,469,322,0,322,791
07/25/2001,FPR,FL,ASO,ES,Towers with Display (VFR),0,2,120,0,122,0,5,298,0,303,0,7,418,0,425,367,0,367,792
07/26/2001,FPR,FL,ASO,ES,Towers with Display (VFR),0,2,132,0,134,0,9,287,0,296,0,11,419,0,430,336,0,336,766
07/27/2001,FPR,FL,ASO,ES,Towers with Display (VFR),0,2,126,0,128,0,7,298,0,305,0,9,424,0,433,389,0,389,822
07/28/2001,FPR,FL,ASO,ES,Towers with Display (VFR),0,2,110,0,112,0,1,322,0,323,0,3,432,0,435,256,0,256,691
07/29/2001,FPR,FL,ASO,ES,Towers with Display (VFR),0,2,95,0,97,0,4,266,0,270,0,6,361,0,367,338,0,338,705
07/30/2001,FPR,FL,ASO,ES,Towers with Display (VFR),0,2,127,0,129,0,4,246,0,250,0,6,373,0,379,282,0,282,661
07/31/2001,FPR,FL,ASO,ES,Towers with Display (VFR),0,3,152,0,155,0,7,304,0,311,0,10,456,0,466,282,0,282,748
08/01/2001,FPR,FL,ASO,ES,Towers with Display (VFR),0,3,105,0,108,0,5,121,0,126,0,8,226,0,234,171,0,171,405
08/02/2001,FPR,FL,ASO,ES,Towers with Display (VFR),0,3,110,0,113,0,8,22,0,30,0,11,132,0,143,99,0,99,242
08/03/2001,FPR,FL,ASO,ES,Towers with Display (VFR),0,4,157,0,161,0,6,197,0,203,0,10,354,0,364,331,0,331,695
08/04/2001,FPR,FL,ASO,ES,Towers with Display (VFR),0,2,78,0,80,0,7,171,0,178,0,9,249,0,258,168,0,168,426
08/05/2001,FPR,FL,ASO,ES,Towers with Display (VFR),0,2,87,0,89,0,7,236,0,243,0,9,323,0,332,247,0,247,579
08/06/2001,FPR,FL,ASO,ES,Towers with Display (VFR),0,3,107,0,110,0,1,265,0,266,0,4,372,0,376,174,0,174,550
08/07/2001,FPR,FL,ASO,ES,Towers with Display (VFR),0,4,171,0,175,0,1,251,0,252,0,5,422,0,427,211,0,211,638
08/08/2001,FPR,FL,ASO,ES,Towers with Display (VFR),0,3,116,0,119,0,4,299,0,303,0,7,415,0,422,290,0,290,712
08/09/2001,FPR,FL,ASO,ES,Towers with Display (VFR),0,2,122,0,124,0,7,247,0,254,0,9,369,0,378,352,0,352,730
08/10/2001,FPR,FL,ASO,ES,Towers with Display (VFR),0,3,147,0,150,0,2,270,0,272,0,5,417,0,422,288,0,288,710
08/11/2001,FPR,FL,ASO,ES,Towers with Display (VFR),0,2,101,0,103,0,0,229,0,229,0,2,330,0,332,168,0,168,500
08/12/2001,FPR,FL,ASO,ES,Towers with Display (VFR),0,2,105,0,107,0,3,214,0,217,0,5,319,0,324,171,0,171,495
08/13/2001,FPR,FL,ASO,ES,Towers with Display (VFR),0,2,125,0,127,0,3,272,0,275,0,5,397,0,402,247,0,247,649
08/14/2001,FPR,FL,ASO,ES,Towers with Display (VFR),0,2,109,0,111,0,4,262,0,266,0,6,371,0,377,323,0,323,700
08/15/2001,FPR,FL,ASO,ES,Towers with Display (VFR),0,2,93,0,95,0,7,294,0,301,0,9,387,0,396,299,0,299,695
08/16/2001,FPR,FL,ASO,ES,Towers with Display (VFR),0,2,104,0,106,0,6,227,0,233,0,8,331,0,339,376,0,376,715
08/17/2001,FPR,FL,ASO,ES,Towers with Display (VFR),0,2,117,0,119,0,3,222,0,225,0,5,339,0,344,444,0,444,788
08/18/2001,FPR,FL,ASO,ES,Towers with Display (VFR),0,1,51,0,52,0,18,192,0,210,0,19,243,0,262,217,0,217,479
08/19/2001,FPR,FL,ASO,ES,Towers with Display (VFR),0,1,63,0,64,0,5,218,0,223,0,6,281,0,287,95,0,95,382
08/20/2001,FPR,FL,ASO,ES,Towers with Display (VFR),0,2,91,0,93,0,6,234,9,249,0,8,325,9,342,313,0,313,655
08/21/2001,FPR,FL,ASO,ES,Towers with Display (VFR),0,2,120,0,122,0,3,200,0,203,0,5,320,0,325,275,0,275,600
08/22/2001,FPR,FL,ASO,ES,Towers with Display (VFR),0,3,148,0,151,0,3,274,0,277,0,6,422,0,428,307,0,307,735
08/23/2001,FPR,FL,ASO,ES,Towers with Display (VFR),0,3,147,0,150,0,3,226,0,229,0,6,373,0,379,299,0,299,678
08/24/2001,FPR,FL,ASO,ES,Towers with Display (VFR),0,3,143,0,146,0,3,281,0,284,0,6,424,0,430,328,0,328,758
08/25/2001,FPR,FL,ASO,ES,Towers with Display (VFR),0,1,87,0,88,0,3,297,0,300,0,4,384,0,388,253,0,253,641
08/26/2001,FPR,FL,ASO,ES,Towers with Display (VFR),0,2,123,0,125,0,0,204,0,204,0,2,327,0,329,188,0,188,517
08/27/2001,FPR,FL,ASO,ES,Towers with Display (VFR),0,3,150,0,153,0,0,210,0,210,0,3,360,0,363,226,0,226,589
08/28/2001,FPR,FL,ASO,ES,Towers with Display (VFR),0,3,143,0,146,0,2,216,0,218,0,5,359,0,364,298,0,298,662
08/29/2001,FPR,FL,ASO,ES,Towers with Display (VFR),0,3,150,0,153,0,5,213,0,218,0,8,363,0,371,310,0,310,681
08/30/2001,FPR,FL,ASO,ES,Towers with Display (VFR),0,3,144,0,147,0,3,276,0,279,0,6,420,0,426,307,0,307,733
08/31/2001,FPR,FL,ASO,ES,Towers with Display (VFR),0,2,130,0,132,0,2,263,0,265,0,4,393,0,397,182,0,182,579
09/01/2001,FPR,FL,ASO,ES,Towers with Display (VFR),0,2,75,0,77,0,0,170,0,170,0,2,245,0,247,243,0,243,490
09/02/2001,FPR,FL,ASO,ES,Towers with Display (VFR),0,3,107,0,110,0,2,164,0,166,0,5,271,0,276,154,0,154,430
09/03/2001,FPR,FL,ASO,ES,Towers with Display (VFR),0,3,158,0,161,0,0,243,0,243,0,3,401,0,404,138,0,138,542
09/04/2001,FPR,FL,ASO,ES,Towers with Display (VFR),0,3,114,0,117,0,2,211,0,213,0,5,325,0,330,195,0,195,525
09/05/2001,FPR,FL,ASO,ES,Towers with Display (VFR),0,4,131,0,135,0,0,186,0,186,0,4,317,0,321,180,0,180,501
09/06/2001,FPR,FL,ASO,ES,Towers with Display (VFR),0,4,147,0,151,0,3,180,0,183,0,7,327,0,334,237,0,237,571
09/07/2001,FPR,FL,ASO,ES,Towers with Display (VFR),0,3,83,0,86,0,0,119,0,119,0,3,202,0,205,154,0,154,359
09/08/2001,FPR,FL,ASO,ES,Towers with Display (VFR),0,1,59,0,60,0,0,88,0,88,0,1,147,0,148,76,0,76,224
09/09/2001,FPR,FL,ASO,ES,Towers with Display (VFR),0,2,87,0,89,0,0,95,0,95,0,2,182,0,184,73,0,73,257
09/10/2001,FPR,FL,ASO,ES,Towers with Display (VFR),0,4,124,0,128,0,0,181,0,181,0,4,305,0,309,228,0,228,537
09/11/2001,FPR,FL,ASO,ES,Towers with Display (VFR),0,1,16,0,17,0,1,52,0,53,0,2,68,0,70,43,0,43,113
09/12/2001,FPR,FL,ASO,ES,Towers with Display (VFR),0,0,0,0,0,0,0,0,0,0,0,0,0,0,0,0,0,0,0
09/13/2001,FPR,FL,ASO,ES,Towers with Display (VFR),0,1,4,0,5,0,1,1,0,2,0,2,5,0,7,0,0,0,7
09/14/2001,FPR,FL,ASO,ES,Towers with Display (VFR),0,1,1,0,2,0,2,0,0,2,0,3,1,0,4,0,0,0,4
09/15/2001,FPR,FL,ASO,ES,Towers with Display (VFR),0,1,18,0,19,0,4,1,0,5,0,5,19,0,24,0,0,0,24
09/16/2001,FPR,FL,ASO,ES,Towers with Display (VFR),0,1,79,0,80,0,0,15,2,17,0,1,94,2,97,2,0,2,99
09/17/2001,FPR,FL,ASO,ES,Towers with Display (VFR),0,3,144,0,147,0,5,0,0,5,0,8,144,0,152,0,0,0,152
09/18/2001,FPR,FL,ASO,ES,Towers with Display (VFR),0,3,149,0,152,0,2,4,0,6,0,5,153,0,158,0,0,0,158
09/19/2001,FPR,FL,ASO,ES,Towers with Display (VFR),0,3,155,0,158,0,9,0,0,9,0,12,155,0,167,0,0,0,167
09/20/2001,FPR,FL,ASO,ES,Towers with Display (VFR),0,3,151,0,154,0,6,41,0,47,0,9,192,0,201,0,0,0,201
09/21/2001,FPR,FL,ASO,ES,Towers with Display (VFR),0,3,139,0,142,0,4,68,0,72,0,7,207,0,214,2,0,2,216
09/22/2001,FPR,FL,ASO,ES,Towers with Display (VFR),0,0,88,0,88,0,0,161,0,161,0,0,249,0,249,120,0,120,369
09/23/2001,FPR,FL,ASO,ES,Towers with Display (VFR),0,1,64,0,65,0,0,152,0,152,0,1,216,0,217,204,0,204,421
09/24/2001,FPR,FL,ASO,ES,Towers with Display (VFR),0,2,113,0,115,0,2,235,0,237,0,4,348,0,352,191,0,191,543
09/25/2001,FPR,FL,ASO,ES,Towers with Display (VFR),0,2,90,0,92,0,4,245,0,249,0,6,335,0,341,212,0,212,553
09/26/2001,FPR,FL,ASO,ES,Towers with Display (VFR),0,3,124,0,127,0,2,217,0,219,0,5,341,0,346,189,0,189,535
09/27/2001,FPR,FL,ASO,ES,Towers with Display (VFR),0,3,159,0,162,0,1,126,0,127,0,4,285,0,289,214,0,214,503
09/28/2001,FPR,FL,ASO,ES,Towers with Display (VFR),0,1,111,0,112,0,0,214,0,214,0,1,325,0,326,349,0,349,675
09/29/2001,FPR,FL,ASO,ES,Towers with Display (VFR),0,0,103,0,103,0,0,45,0,45,0,0,148,0,148,109,0,109,257
09/30/2001,FPR,FL,ASO,ES,Towers with Display (VFR),0,1,67,0,68,0,3,117,0,120,0,4,184,0,188,198,0,198,386
10/01/2001,FPR,FL,ASO,ES,Towers with Display (VFR),0,3,108,0,111,0,4,265,0,269,0,7,373,0,380,241,0,241,621
10/02/2001,FPR,FL,ASO,ES,Towers with Display (VFR),0,2,156,0,158,0,0,309,0,309,0,2,465,0,467,294,0,294,761
10/03/2001,FPR,FL,ASO,ES,Towers with Display (VFR),0,5,164,0,169,0,4,308,0,312,0,9,472,0,481,346,0,346,827
10/04/2001,FPR,FL,ASO,ES,Towers with Display (VFR),0,4,127,0,131,0,4,282,0,286,0,8,409,0,417,306,0,306,723
10/05/2001,FPR,FL,ASO,ES,Towers with Display (VFR),0,3,101,0,104,0,0,267,0,267,0,3,368,0,371,338,0,338,709
10/06/2001,FPR,FL,ASO,ES,Towers with Display (VFR),0,0,73,0,73,0,0,215,0,215,0,0,288,0,288,268,0,268,556
10/07/2001,FPR,FL,ASO,ES,Towers with Display (VFR),0,2,70,0,72,0,0,156,0,156,0,2,226,0,228,242,0,242,470
10/08/2001,FPR,FL,ASO,ES,Towers with Display (VFR),0,3,79,0,82,0,1,119,0,120,0,4,198,0,202,197,0,197,399
10/09/2001,FPR,FL,ASO,ES,Towers with Display (VFR),0,3,80,0,83,0,1,136,0,137,0,4,216,0,220,163,0,163,383
10/10/2001,FPR,FL,ASO,ES,Towers with Display (VFR),0,4,143,0,147,0,0,201,0,201,0,4,344,0,348,314,0,314,662
10/11/2001,FPR,FL,ASO,ES,Towers with Display (VFR),0,3,96,0,99,0,4,236,0,240,0,7,332,0,339,343,0,343,682
10/12/2001,FPR,FL,ASO,ES,Towers with Display (VFR),0,1,94,0,95,0,0,238,0,238,0,1,332,0,333,354,0,354,687
10/13/2001,FPR,FL,ASO,ES,Towers with Display (VFR),0,3,90,0,93,0,3,211,0,214,0,6,301,0,307,299,0,299,606
10/14/2001,FPR,FL,ASO,ES,Towers with Display (VFR),0,3,87,0,90,0,1,184,0,185,0,4,271,0,275,162,0,162,437
10/15/2001,FPR,FL,ASO,ES,Towers with Display (VFR),0,4,114,0,118,0,0,141,0,141,0,4,255,0,259,216,0,216,475
10/16/2001,FPR,FL,ASO,ES,Towers with Display (VFR),0,3,102,0,105,0,0,195,0,195,0,3,297,0,300,430,0,430,730
10/17/2001,FPR,FL,ASO,ES,Towers with Display (VFR),0,3,93,0,96,0,7,130,0,137,0,10,223,0,233,177,0,177,410
10/18/2001,FPR,FL,ASO,ES,Towers with Display (VFR),0,1,66,0,67,0,4,138,0,142,0,5,204,0,209,228,0,228,437
10/19/2001,FPR,FL,ASO,ES,Towers with Display (VFR),0,3,118,0,121,0,1,169,0,170,0,4,287,0,291,267,0,267,558
10/20/2001,FPR,FL,ASO,ES,Towers with Display (VFR),0,2,103,0,105,0,20,149,0,169,0,22,252,0,274,286,0,286,560
10/21/2001,FPR,FL,ASO,ES,Towers with Display (VFR),0,2,95,0,97,0,1,71,0,72,0,3,166,0,169,169,0,169,338
10/22/2001,FPR,FL,ASO,ES,Towers with Display (VFR),0,3,144,0,147,0,5,74,0,79,0,8,218,0,226,180,0,180,406
10/23/2001,FPR,FL,ASO,ES,Towers with Display (VFR),0,2,101,0,103,0,1,116,0,117,0,3,217,0,220,198,0,198,418
10/24/2001,FPR,FL,ASO,ES,Towers with Display (VFR),0,2,92,0,94,0,6,220,0,226,0,8,312,0,320,408,0,408,728
10/25/2001,FPR,FL,ASO,ES,Towers with Display (VFR),0,3,143,0,146,0,7,64,2,73,0,10,207,2,219,88,0,88,307
10/26/2001,FPR,FL,ASO,ES,Towers with Display (VFR),0,2,91,0,93,0,2,142,2,146,0,4,233,2,239,204,0,204,443
10/27/2001,FPR,FL,ASO,ES,Towers with Display (VFR),0,1,68,0,69,0,2,187,0,189,0,3,255,0,258,175,0,175,433
10/28/2001,FPR,FL,ASO,ES,Towers with Display (VFR),0,2,89,0,91,0,0,171,0,171,0,2,260,0,262,95,0,95,357
10/29/2001,FPR,FL,ASO,ES,Towers with Display (VFR),0,2,155,0,157,0,0,198,0,198,0,2,353,0,355,162,0,162,517
10/30/2001,FPR,FL,ASO,ES,Towers with Display (VFR),0,3,121,0,124,0,57,163,0,220,0,60,284,0,344,292,0,292,636
10/31/2001,FPR,FL,ASO,ES,Towers with Display (VFR),0,2,107,0,109,0,1,124,0,125,0,3,231,0,234,200,0,200,434
11/01/2001,FPR,FL,ASO,ES,Towers with Display (VFR),0,3,92,0,95,0,0,203,0,203,0,3,295,0,298,269,0,269,567
11/02/2001,FPR,FL,ASO,ES,Towers with Display (VFR),0,3,97,0,100,0,1,201,0,202,0,4,298,0,302,210,0,210,512
11/03/2001,FPR,FL,ASO,ES,Towers with Display (VFR),0,0,82,0,82,0,0,145,0,145,0,0,227,0,227,203,0,203,430
11/04/2001,FPR,FL,ASO,ES,Towers with Display (VFR),0,0,76,0,76,0,0,64,0,64,0,0,140,0,140,122,0,122,262
11/05/2001,FPR,FL,ASO,ES,Towers with Display (VFR),0,1,37,0,38,0,1,28,0,29,0,2,65,0,67,71,0,71,138
11/06/2001,FPR,FL,ASO,ES,Towers with Display (VFR),0,3,103,0,106,0,5,254,0,259,0,8,357,0,365,242,0,242,607
11/07/2001,FPR,FL,ASO,ES,Towers with Display (VFR),0,4,112,0,116,0,5,276,2,283,0,9,388,2,399,311,0,311,710
11/08/2001,FPR,FL,ASO,ES,Towers with Display (VFR),0,4,126,0,130,0,3,280,1,284,0,7,406,1,414,338,0,338,752
11/09/2001,FPR,FL,ASO,ES,Towers with Display (VFR),0,3,110,0,113,0,0,306,0,306,0,3,416,0,419,294,0,294,713
11/10/2001,FPR,FL,ASO,ES,Towers with Display (VFR),0,1,72,0,73,0,0,214,2,216,0,1,286,2,289,254,0,254,543
11/11/2001,FPR,FL,ASO,ES,Towers with Display (VFR),0,3,98,0,101,0,7,253,1,261,0,10,351,1,362,128,0,128,490
11/12/2001,FPR,FL,ASO,ES,Towers with Display (VFR),0,3,130,0,133,0,0,261,1,262,0,3,391,1,395,315,0,315,710
11/13/2001,FPR,FL,ASO,ES,Towers with Display (VFR),0,3,110,0,113,0,3,182,0,185,0,6,292,0,298,193,0,193,491
11/14/2001,FPR,FL,ASO,ES,Towers with Display (VFR),0,4,124,0,128,0,6,200,0,206,0,10,324,0,334,312,0,312,646
11/15/2001,FPR,FL,ASO,ES,Towers with Display (VFR),0,4,125,0,129,0,2,40,0,42,0,6,165,0,171,19,0,19,190
11/16/2001,FPR,FL,ASO,ES,Towers with Display (VFR),0,3,110,0,113,0,1,227,0,228,0,4,337,0,341,187,0,187,528
11/17/2001,FPR,FL,ASO,ES,Towers with Display (VFR),0,1,107,0,108,0,0,213,0,213,0,1,320,0,321,136,0,136,457
11/18/2001,FPR,FL,ASO,ES,Towers with Display (VFR),0,2,78,0,80,0,4,208,0,212,0,6,286,0,292,229,0,229,521
11/19/2001,FPR,FL,ASO,ES,Towers with Display (VFR),0,2,126,0,128,0,0,231,0,231,0,2,357,0,359,241,0,241,600
11/20/2001,FPR,FL,ASO,ES,Towers with Display (VFR),0,3,129,0,132,0,8,247,0,255,0,11,376,0,387,181,0,181,568
11/21/2001,FPR,FL,ASO,ES,Towers with Display (VFR),0,3,147,0,150,0,3,247,0,250,0,6,394,0,400,198,0,198,598
11/22/2001,FPR,FL,ASO,ES,Towers with Display (VFR),0,1,51,0,52,0,4,102,0,106,0,5,153,0,158,131,0,131,289
11/23/2001,FPR,FL,ASO,ES,Towers with Display (VFR),0,2,107,0,109,0,5,151,0,156,0,7,258,0,265,161,0,161,426
11/24/2001,FPR,FL,ASO,ES,Towers with Display (VFR),0,1,91,0,92,0,0,140,0,140,0,1,231,0,232,70,0,70,302
11/25/2001,FPR,FL,ASO,ES,Towers with Display (VFR),0,2,124,0,126,0,0,262,0,262,0,2,386,0,388,136,0,136,524
11/26/2001,FPR,FL,ASO,ES,Towers with Display (VFR),0,4,148,0,152,0,2,233,0,235,0,6,381,0,387,213,0,213,600
11/27/2001,FPR,FL,ASO,ES,Towers with Display (VFR),0,2,162,0,164,0,0,260,0,260,0,2,422,0,424,284,0,284,708
11/28/2001,FPR,FL,ASO,ES,Towers with Display (VFR),0,3,135,0,138,0,9,297,0,306,0,12,432,0,444,248,0,248,692
11/29/2001,FPR,FL,ASO,ES,Towers with Display (VFR),0,3,131,0,134,0,3,224,0,227,0,6,355,0,361,315,0,315,676
11/30/2001,FPR,FL,ASO,ES,Towers with Display (VFR),0,2,148,0,150,0,0,224,0,224,0,2,372,0,374,322,0,322,696
12/01/2001,FPR,FL,ASO,ES,Towers with Display (VFR),0,0,105,0,105,0,0,205,0,205,0,0,310,0,310,270,0,270,580
12/02/2001,FPR,FL,ASO,ES,Towers with Display (VFR),0,3,119,0,122,0,0,198,0,198,0,3,317,0,320,216,0,216,536
12/03/2001,FPR,FL,ASO,ES,Towers with Display (VFR),0,3,104,0,107,0,0,163,0,163,0,3,267,0,270,301,0,301,571
12/04/2001,FPR,FL,ASO,ES,Towers with Display (VFR),0,5,129,0,134,0,1,224,0,225,0,6,353,0,359,323,0,323,682
12/05/2001,FPR,FL,ASO,ES,Towers with Display (VFR),0,3,159,0,162,0,0,187,0,187,0,3,346,0,349,188,0,188,537
12/06/2001,FPR,FL,ASO,ES,Towers with Display (VFR),0,4,128,0,132,0,0,205,0,205,0,4,333,0,337,279,0,279,616
12/07/2001,FPR,FL,ASO,ES,Towers with Display (VFR),0,1,135,0,136,0,0,180,0,180,0,1,315,0,316,404,0,404,720
12/08/2001,FPR,FL,ASO,ES,Towers with Display (VFR),0,1,68,0,69,0,0,198,0,198,0,1,266,0,267,199,0,199,466
12/09/2001,FPR,FL,ASO,ES,Towers with Display (VFR),0,0,94,0,94,0,0,213,0,213,0,0,307,0,307,156,0,156,463
12/10/2001,FPR,FL,ASO,ES,Towers with Display (VFR),0,3,77,0,80,0,3,260,0,263,0,6,337,0,343,239,0,239,582
12/11/2001,FPR,FL,ASO,ES,Towers with Display (VFR),0,2,56,0,58,0,2,241,0,243,0,4,297,0,301,336,0,336,637
12/12/2001,FPR,FL,ASO,ES,Towers with Display (VFR),0,3,101,0,104,0,0,241,0,241,0,3,342,0,345,217,0,217,562
12/13/2001,FPR,FL,ASO,ES,Towers with Display (VFR),0,4,110,0,114,0,3,267,0,270,0,7,377,0,384,206,0,206,590
12/14/2001,FPR,FL,ASO,ES,Towers with Display (VFR),0,4,114,0,118,0,1,203,0,204,0,5,317,0,322,234,0,234,556
12/15/2001,FPR,FL,ASO,ES,Towers with Display (VFR),0,3,102,0,105,0,0,208,0,208,0,3,310,0,313,92,0,92,405
12/16/2001,FPR,FL,ASO,ES,Towers with Display (VFR),0,2,74,0,76,0,1,136,0,137,0,3,210,0,213,94,0,94,307
12/17/2001,FPR,FL,ASO,ES,Towers with Display (VFR),0,1,116,0,117,0,0,165,0,165,0,1,281,0,282,124,0,124,406
12/18/2001,FPR,FL,ASO,ES,Towers with Display (VFR),0,2,78,0,80,0,6,168,0,174,0,8,246,0,254,162,0,162,416
12/19/2001,FPR,FL,ASO,ES,Towers with Display (VFR),0,3,95,0,98,0,2,277,0,279,0,5,372,0,377,196,0,196,573
12/20/2001,FPR,FL,ASO,ES,Towers with Display (VFR),0,2,83,0,85,0,4,197,0,201,0,6,280,0,286,107,0,107,393
12/21/2001,FPR,FL,ASO,ES,Towers with Display (VFR),0,2,84,0,86,0,9,195,0,204,0,11,279,0,290,117,0,117,407
12/22/2001,FPR,FL,ASO,ES,Towers with Display (VFR),0,1,89,0,90,0,0,120,0,120,0,1,209,0,210,47,0,47,257
12/23/2001,FPR,FL,ASO,ES,Towers with Display (VFR),0,1,57,0,58,0,3,94,0,97,0,4,151,0,155,14,0,14,169
12/24/2001,FPR,FL,ASO,ES,Towers with Display (VFR),0,0,24,0,24,0,1,96,0,97,0,1,120,0,121,108,0,108,229
12/25/2001,FPR,FL,ASO,ES,Towers with Display (VFR),0,0,5,0,5,0,0,34,0,34,0,0,39,0,39,4,0,4,43
12/26/2001,FPR,FL,ASO,ES,Towers with Display (VFR),0,2,71,0,73,0,6,125,0,131,0,8,196,0,204,42,0,42,246
12/27/2001,FPR,FL,ASO,ES,Towers with Display (VFR),0,2,83,0,85,0,0,171,0,171,0,2,254,0,256,77,0,77,333
12/28/2001,FPR,FL,ASO,ES,Towers with Display (VFR),0,2,81,0,83,0,6,203,0,209,0,8,284,0,292,62,0,62,354
12/29/2001,FPR,FL,ASO,ES,Towers with Display (VFR),0,2,81,0,83,0,1,150,0,151,0,3,231,0,234,56,0,56,290
12/30/2001,FPR,FL,ASO,ES,Towers with Display (VFR),0,2,77,0,79,0,2,126,0,128,0,4,203,0,207,10,0,10,217
12/31/2001,FPR,FL,ASO,ES,Towers with Display (VFR),0,2,93,0,95,0,7,63,0,70,0,9,156,0,165,147,0,147,312
01/01/2002,FPR,FL,ASO,ES,Towers with Display (VFR),0,3,87,0,90,0,7,125,0,132,0,10,212,0,222,10,0,10,232
01/02/2002,FPR,FL,ASO,ES,Towers with Display (VFR),0,4,112,0,116,0,3,105,0,108,0,7,217,0,224,82,0,82,306
01/03/2002,FPR,FL,ASO,ES,Towers with Display (VFR),0,4,115,0,119,0,3,48,0,51,0,7,163,0,170,72,0,72,242
01/04/2002,FPR,FL,ASO,ES,Towers with Display (VFR),0,4,113,0,117,0,4,234,0,238,0,8,347,0,355,179,0,179,534
01/05/2002,FPR,FL,ASO,ES,Towers with Display (VFR),0,0,111,0,111,0,0,249,0,249,0,0,360,0,360,86,0,86,446
01/06/2002,FPR,FL,ASO,ES,Towers with Display (VFR),0,2,67,0,69,0,10,50,0,60,0,12,117,0,129,40,0,40,169
01/07/2002,FPR,FL,ASO,ES,Towers with Display (VFR),0,3,98,0,101,0,4,187,0,191,0,7,285,0,292,196,0,196,488
01/08/2002,FPR,FL,ASO,ES,Towers with Display (VFR),0,3,80,0,83,0,3,243,0,246,0,6,323,0,329,159,0,159,488
01/09/2002,FPR,FL,ASO,ES,Towers with Display (VFR),0,3,104,0,107,0,1,302,0,303,0,4,406,0,410,210,0,210,620
01/10/2002,FPR,FL,ASO,ES,Towers with Display (VFR),0,3,100,0,103,0,0,246,0,246,0,3,346,0,349,217,0,217,566
01/11/2002,FPR,FL,ASO,ES,Towers with Display (VFR),0,2,75,0,77,0,1,307,0,308,0,3,382,0,385,251,0,251,636
01/12/2002,FPR,FL,ASO,ES,Towers with Display (VFR),0,2,89,0,91,0,1,270,0,271,0,3,359,0,362,183,0,183,545
01/13/2002,FPR,FL,ASO,ES,Towers with Display (VFR),0,1,58,0,59,0,2,176,0,178,0,3,234,0,237,115,0,115,352
01/14/2002,FPR,FL,ASO,ES,Towers with Display (VFR),0,2,110,0,112,0,5,116,0,121,0,7,226,0,233,260,0,260,493
01/15/2002,FPR,FL,ASO,ES,Towers with Display (VFR),0,3,125,0,128,0,1,61,0,62,0,4,186,0,190,81,0,81,271
01/16/2002,FPR,FL,ASO,ES,Towers with Display (VFR),0,3,116,0,119,0,3,297,0,300,0,6,413,0,419,292,0,292,711
01/17/2002,FPR,FL,ASO,ES,Towers with Display (VFR),0,2,77,0,79,0,2,226,0,228,0,4,303,0,307,343,0,343,650
01/18/2002,FPR,FL,ASO,ES,Towers with Display (VFR),0,3,121,0,124,0,13,131,0,144,0,16,252,0,268,153,0,153,421
01/19/2002,FPR,FL,ASO,ES,Towers with Display (VFR),0,2,83,0,85,0,0,279,0,279,0,2,362,0,364,258,0,258,622
01/20/2002,FPR,FL,ASO,ES,Towers with Display (VFR),0,3,112,0,115,0,2,217,0,219,0,5,329,0,334,115,0,115,449
01/21/2002,FPR,FL,ASO,ES,Towers with Display (VFR),0,3,127,0,130,0,1,191,0,192,0,4,318,0,322,272,0,272,594
01/22/2002,FPR,FL,ASO,ES,Towers with Display (VFR),0,2,152,0,154,0,0,211,0,211,0,2,363,0,365,302,0,302,667
01/23/2002,FPR,FL,ASO,ES,Towers with Display (VFR),0,4,150,0,154,0,0,236,0,236,0,4,386,0,390,283,0,283,673
01/24/2002,FPR,FL,ASO,ES,Towers with Display (VFR),0,4,155,0,159,0,0,269,0,269,0,4,424,0,428,274,0,274,702
01/25/2002,FPR,FL,ASO,ES,Towers with Display (VFR),0,3,129,0,132,0,0,264,0,264,0,3,393,0,396,331,0,331,727
01/26/2002,FPR,FL,ASO,ES,Towers with Display (VFR),0,1,131,0,132,0,0,240,0,240,0,1,371,0,372,147,0,147,519
01/27/2002,FPR,FL,ASO,ES,Towers with Display (VFR),0,3,131,0,134,0,2,101,0,103,0,5,232,0,237,125,0,125,362
01/28/2002,FPR,FL,ASO,ES,Towers with Display (VFR),0,4,158,0,162,0,0,230,0,230,0,4,388,0,392,270,0,270,662
01/29/2002,FPR,FL,ASO,ES,Towers with Display (VFR),0,3,139,0,142,0,2,259,2,263,0,5,398,2,405,271,0,271,676
01/30/2002,FPR,FL,ASO,ES,Towers with Display (VFR),0,4,156,0,160,0,0,212,0,212,0,4,368,0,372,228,0,228,600
01/31/2002,FPR,FL,ASO,ES,Towers with Display (VFR),0,3,139,0,142,0,0,255,0,255,0,3,394,0,397,164,0,164,561
02/01/2002,FPR,FL,ASO,ES,Towers with Display (VFR),0,4,132,0,136,0,4,166,0,170,0,8,298,0,306,274,0,274,580
02/02/2002,FPR,FL,ASO,ES,Towers with Display (VFR),0,4,127,0,131,0,0,239,0,239,0,4,366,0,370,182,0,182,552
02/03/2002,FPR,FL,ASO,ES,Towers with Display (VFR),0,4,115,0,119,0,0,138,0,138,0,4,253,0,257,170,0,170,427
02/04/2002,FPR,FL,ASO,ES,Towers with Display (VFR),0,3,79,0,82,0,2,256,0,258,0,5,335,0,340,238,0,238,578
02/05/2002,FPR,FL,ASO,ES,Towers with Display (VFR),0,4,115,0,119,0,4,221,0,225,0,8,336,0,344,292,0,292,636
02/06/2002,FPR,FL,ASO,ES,Towers with Display (VFR),0,4,123,0,127,0,3,232,0,235,0,7,355,0,362,128,0,128,490
02/07/2002,FPR,FL,ASO,ES,Towers with Display (VFR),0,3,80,0,83,0,1,104,0,105,0,4,184,0,188,107,0,107,295
02/08/2002,FPR,FL,ASO,ES,Towers with Display (VFR),0,3,142,0,145,0,0,295,0,295,0,3,437,0,440,293,0,293,733
02/09/2002,FPR,FL,ASO,ES,Towers with Display (VFR),0,1,106,0,107,0,0,216,0,216,0,1,322,0,323,249,0,249,572
02/10/2002,FPR,FL,ASO,ES,Towers with Display (VFR),0,4,127,0,131,0,1,100,0,101,0,5,227,0,232,172,0,172,404
02/11/2002,FPR,FL,ASO,ES,Towers with Display (VFR),0,0,123,0,123,0,0,257,0,257,0,0,380,0,380,303,0,303,683
02/12/2002,FPR,FL,ASO,ES,Towers with Display (VFR),0,5,148,0,153,0,9,258,0,267,0,14,406,0,420,150,0,150,570
02/13/2002,FPR,FL,ASO,ES,Towers with Display (VFR),0,4,143,0,147,0,0,262,0,262,0,4,405,0,409,202,0,202,611
02/14/2002,FPR,FL,ASO,ES,Towers with Display (VFR),0,4,149,0,153,0,0,203,0,203,0,4,352,0,356,177,0,177,533
02/15/2002,FPR,FL,ASO,ES,Towers with Display (VFR),0,4,158,0,162,0,5,263,0,268,0,9,421,0,430,195,0,195,625
02/16/2002,FPR,FL,ASO,ES,Towers with Display (VFR),0,3,117,0,120,0,0,234,0,234,0,3,351,0,354,253,0,253,607
02/17/2002,FPR,FL,ASO,ES,Towers with Display (VFR),0,2,90,0,92,0,0,246,0,246,0,2,336,0,338,183,0,183,521
02/18/2002,FPR,FL,ASO,ES,Towers with Display (VFR),0,4,141,0,145,0,3,254,0,257,0,7,395,0,402,229,0,229,631
02/19/2002,FPR,FL,ASO,ES,Towers with Display (VFR),0,5,172,0,177,0,4,297,0,301,0,9,469,0,478,161,0,161,639
02/20/2002,FPR,FL,ASO,ES,Towers with Display (VFR),0,4,143,0,147,0,4,271,0,275,0,8,414,0,422,222,0,222,644
02/21/2002,FPR,FL,ASO,ES,Towers with Display (VFR),0,2,119,0,121,0,0,245,0,245,0,2,364,0,366,308,0,308,674
02/22/2002,FPR,FL,ASO,ES,Towers with Display (VFR),0,3,119,0,122,0,1,128,0,129,0,4,247,0,251,191,0,191,442
02/23/2002,FPR,FL,ASO,ES,Towers with Display (VFR),0,2,85,0,87,0,1,23,0,24,0,3,108,0,111,16,0,16,127
02/24/2002,FPR,FL,ASO,ES,Towers with Display (VFR),0,4,151,0,155,0,3,275,0,278,0,7,426,0,433,73,0,73,506
02/25/2002,FPR,FL,ASO,ES,Towers with Display (VFR),0,4,138,0,142,0,2,243,0,245,0,6,381,0,387,244,0,244,631
02/26/2002,FPR,FL,ASO,ES,Towers with Display (VFR),0,4,145,0,149,0,1,282,0,283,0,5,427,0,432,230,0,230,662
02/27/2002,FPR,FL,ASO,ES,Towers with Display (VFR),0,3,117,0,120,0,2,167,0,169,0,5,284,0,289,202,0,202,491
02/28/2002,FPR,FL,ASO,ES,Towers with Display (VFR),0,4,143,0,147,0,2,301,0,303,0,6,444,0,450,236,0,236,686
03/01/2002,FPR,FL,ASO,ES,Towers with Display (VFR),0,3,158,0,161,0,0,232,0,232,0,3,390,0,393,309,0,309,702
03/02/2002,FPR,FL,ASO,ES,Towers with Display (VFR),0,4,142,0,146,0,3,73,0,76,0,7,215,0,222,174,0,174,396
03/03/2002,FPR,FL,ASO,ES,Towers with Display (VFR),0,4,143,0,147,0,6,120,0,126,0,10,263,0,273,142,0,142,415
03/04/2002,FPR,FL,ASO,ES,Towers with Display (VFR),0,3,119,0,122,0,1,170,0,171,0,4,289,0,293,326,0,326,619
03/05/2002,FPR,FL,ASO,ES,Towers with Display (VFR),0,4,133,0,137,0,0,284,0,284,0,4,417,0,421,235,0,235,656
03/06/2002,FPR,FL,ASO,ES,Towers with Display (VFR),0,3,141,0,144,0,0,264,0,264,0,3,405,0,408,308,0,308,716
03/07/2002,FPR,FL,ASO,ES,Towers with Display (VFR),0,5,174,0,179,0,2,209,0,211,0,7,383,0,390,312,0,312,702
03/08/2002,FPR,FL,ASO,ES,Towers with Display (VFR),0,4,171,0,175,0,3,278,0,281,0,7,449,0,456,279,0,279,735
03/09/2002,FPR,FL,ASO,ES,Towers with Display (VFR),0,3,118,0,121,0,0,275,0,275,0,3,393,0,396,188,0,188,584
03/10/2002,FPR,FL,ASO,ES,Towers with Display (VFR),0,1,151,0,152,0,0,215,0,215,0,1,366,0,367,118,0,118,485
03/11/2002,FPR,FL,ASO,ES,Towers with Display (VFR),0,3,111,0,114,0,2,274,0,276,0,5,385,0,390,253,0,253,643
03/12/2002,FPR,FL,ASO,ES,Towers with Display (VFR),0,3,103,0,106,0,0,152,0,152,0,3,255,0,258,315,0,315,573
03/13/2002,FPR,FL,ASO,ES,Towers with Display (VFR),0,3,116,0,119,0,0,189,0,189,0,3,305,0,308,227,0,227,535
03/14/2002,FPR,FL,ASO,ES,Towers with Display (VFR),0,4,143,0,147,0,4,278,0,282,0,8,421,0,429,282,0,282,711
03/15/2002,FPR,FL,ASO,ES,Towers with Display (VFR),0,3,115,0,118,0,6,280,0,286,0,9,395,0,404,283,0,283,687
03/16/2002,FPR,FL,ASO,ES,Towers with Display (VFR),0,0,89,0,89,0,0,295,0,295,0,0,384,0,384,149,0,149,533
03/17/2002,FPR,FL,ASO,ES,Towers with Display (VFR),0,3,129,0,132,0,0,242,0,242,0,3,371,0,374,132,0,132,506
03/18/2002,FPR,FL,ASO,ES,Towers with Display (VFR),0,2,124,0,126,0,3,248,0,251,0,5,372,0,377,241,0,241,618
03/19/2002,FPR,FL,ASO,ES,Towers with Display (VFR),0,3,163,0,166,0,12,288,0,300,0,15,451,0,466,259,0,259,725
03/20/2002,FPR,FL,ASO,ES,Towers with Display (VFR),0,3,142,0,145,0,0,273,0,273,0,3,415,0,418,205,0,205,623
03/21/2002,FPR,FL,ASO,ES,Towers with Display (VFR),0,2,113,0,115,0,2,282,0,284,0,4,395,0,399,284,0,284,683
03/22/2002,FPR,FL,ASO,ES,Towers with Display (VFR),0,2,128,0,130,0,3,236,0,239,0,5,364,0,369,181,0,181,550
03/23/2002,FPR,FL,ASO,ES,Towers with Display (VFR),0,3,131,0,134,0,1,291,0,292,0,4,422,0,426,187,0,187,613
03/24/2002,FPR,FL,ASO,ES,Towers with Display (VFR),0,2,129,0,131,0,2,250,0,252,0,4,379,0,383,112,0,112,495
03/25/2002,FPR,FL,ASO,ES,Towers with Display (VFR),0,1,94,0,95,0,0,274,0,274,0,1,368,0,369,336,0,336,705
03/26/2002,FPR,FL,ASO,ES,Towers with Display (VFR),0,2,116,0,118,0,2,218,0,220,0,4,334,0,338,264,0,264,602
03/27/2002,FPR,FL,ASO,ES,Towers with Display (VFR),0,3,151,0,154,0,6,291,0,297,0,9,442,0,451,317,0,317,768
03/28/2002,FPR,FL,ASO,ES,Towers with Display (VFR),0,3,169,0,172,0,9,337,0,346,0,12,506,0,518,216,0,216,734
03/29/2002,FPR,FL,ASO,ES,Towers with Display (VFR),0,4,178,0,182,0,2,319,0,321,0,6,497,0,503,221,0,221,724
03/30/2002,FPR,FL,ASO,ES,Towers with Display (VFR),0,1,145,0,146,0,0,307,0,307,0,1,452,0,453,240,0,240,693
03/31/2002,FPR,FL,ASO,ES,Towers with Display (VFR),0,2,110,0,112,0,2,195,0,197,0,4,305,0,309,102,0,102,411
04/01/2002,FPR,FL,ASO,ES,Towers with Display (VFR),0,4,122,0,126,0,3,242,0,245,0,7,364,0,371,187,0,187,558
04/02/2002,FPR,FL,ASO,ES,Towers with Display (VFR),0,5,150,0,155,0,6,225,0,231,0,11,375,0,386,251,0,251,637
04/03/2002,FPR,FL,ASO,ES,Towers with Display (VFR),0,4,126,0,130,0,4,168,0,172,0,8,294,0,302,199,0,199,501
04/04/2002,FPR,FL,ASO,ES,Towers with Display (VFR),0,4,123,0,127,0,3,313,0,316,0,7,436,0,443,221,0,221,664
04/05/2002,FPR,FL,ASO,ES,Towers with Display (VFR),0,4,137,0,141,0,2,223,0,225,0,6,360,0,366,278,0,278,644
04/06/2002,FPR,FL,ASO,ES,Towers with Display (VFR),0,2,144,0,146,0,0,244,0,244,0,2,388,0,390,233,0,233,623
04/07/2002,FPR,FL,ASO,ES,Towers with Display (VFR),0,4,124,0,128,0,5,142,0,147,0,9,266,0,275,175,0,175,450
04/08/2002,FPR,FL,ASO,ES,Towers with Display (VFR),0,4,148,0,152,0,2,183,0,185,0,6,331,0,337,161,0,161,498
04/09/2002,FPR,FL,ASO,ES,Towers with Display (VFR),0,3,111,0,114,0,2,241,0,243,0,5,352,0,357,260,0,260,617
04/10/2002,FPR,FL,ASO,ES,Towers with Display (VFR),0,4,134,0,138,0,4,292,0,296,0,8,426,0,434,193,0,193,627
04/11/2002,FPR,FL,ASO,ES,Towers with Display (VFR),0,4,112,0,116,0,1,224,0,225,0,5,336,0,341,263,0,263,604
04/12/2002,FPR,FL,ASO,ES,Towers with Display (VFR),0,4,122,0,126,0,1,152,0,153,0,5,274,0,279,220,0,220,499
04/13/2002,FPR,FL,ASO,ES,Towers with Display (VFR),0,4,143,0,147,0,2,214,0,216,0,6,357,0,363,290,0,290,653
04/14/2002,FPR,FL,ASO,ES,Towers with Display (VFR),0,3,92,0,95,0,1,101,0,102,0,4,193,0,197,148,0,148,345
04/15/2002,FPR,FL,ASO,ES,Towers with Display (VFR),0,4,123,0,127,0,1,224,0,225,0,5,347,0,352,240,0,240,592
04/16/2002,FPR,FL,ASO,ES,Towers with Display (VFR),0,3,142,0,145,0,4,277,0,281,0,7,419,0,426,229,0,229,655
04/17/2002,FPR,FL,ASO,ES,Towers with Display (VFR),0,3,140,0,143,0,1,266,0,267,0,4,406,0,410,270,0,270,680
04/18/2002,FPR,FL,ASO,ES,Towers with Display (VFR),0,2,95,0,97,0,1,283,0,284,0,3,378,0,381,213,0,213,594
04/19/2002,FPR,FL,ASO,ES,Towers with Display (VFR),0,2,111,0,113,0,0,313,0,313,0,2,424,0,426,308,0,308,734
04/20/2002,FPR,FL,ASO,ES,Towers with Display (VFR),0,2,96,0,98,0,2,291,0,293,0,4,387,0,391,271,0,271,662
04/21/2002,FPR,FL,ASO,ES,Towers with Display (VFR),0,3,129,0,132,0,4,270,0,274,0,7,399,0,406,164,0,164,570
04/22/2002,FPR,FL,ASO,ES,Towers with Display (VFR),0,2,100,0,102,0,4,245,0,249,0,6,345,0,351,310,0,310,661
04/23/2002,FPR,FL,ASO,ES,Towers with Display (VFR),0,2,98,0,100,0,6,266,0,272,0,8,364,0,372,248,0,248,620
04/24/2002,FPR,FL,ASO,ES,Towers with Display (VFR),0,3,124,0,127,0,3,256,1,260,0,6,380,1,387,244,0,244,631
04/25/2002,FPR,FL,ASO,ES,Towers with Display (VFR),0,3,117,0,120,0,2,201,0,203,0,5,318,0,323,232,0,232,555
04/26/2002,FPR,FL,ASO,ES,Towers with Display (VFR),0,2,94,0,96,0,0,242,0,242,0,2,336,0,338,285,0,285,623
04/27/2002,FPR,FL,ASO,ES,Towers with Display (VFR),0,1,98,0,99,0,0,203,0,203,0,1,301,0,302,162,0,162,464
04/28/2002,FPR,FL,ASO,ES,Towers with Display (VFR),0,2,110,0,112,0,1,206,0,207,0,3,316,0,319,187,0,187,506
04/29/2002,FPR,FL,ASO,ES,Towers with Display (VFR),0,2,99,0,101,0,1,211,0,212,0,3,310,0,313,238,0,238,551
04/30/2002,FPR,FL,ASO,ES,Towers with Display (VFR),0,2,97,0,99,0,3,236,0,239,0,5,333,0,338,284,0,284,622
05/01/2002,FPR,FL,ASO,ES,Towers with Display (VFR),0,2,85,0,87,0,5,247,0,252,0,7,332,0,339,337,0,337,676
05/02/2002,FPR,FL,ASO,ES,Towers with Display (VFR),0,3,93,0,96,0,2,232,0,234,0,5,325,0,330,213,0,213,543
05/03/2002,FPR,FL,ASO,ES,Towers with Display (VFR),0,2,86,0,88,0,1,289,0,290,0,3,375,0,378,238,0,238,616
05/04/2002,FPR,FL,ASO,ES,Towers with Display (VFR),0,0,99,0,99,0,0,201,0,201,0,0,300,0,300,255,0,255,555
05/05/2002,FPR,FL,ASO,ES,Towers with Display (VFR),0,3,103,0,106,0,5,216,0,221,0,8,319,0,327,187,0,187,514
05/06/2002,FPR,FL,ASO,ES,Towers with Display (VFR),0,2,170,0,172,0,0,241,0,241,0,2,411,0,413,191,0,191,604
05/07/2002,FPR,FL,ASO,ES,Towers with Display (VFR),0,3,126,0,129,0,1,248,1,250,0,4,374,1,379,182,0,182,561
05/08/2002,FPR,FL,ASO,ES,Towers with Display (VFR),0,3,132,0,135,0,4,269,0,273,0,7,401,0,408,168,0,168,576
05/09/2002,FPR,FL,ASO,ES,Towers with Display (VFR),0,3,113,0,116,0,0,263,0,263,0,3,376,0,379,182,0,182,561
05/10/2002,FPR,FL,ASO,ES,Towers with Display (VFR),0,3,130,0,133,0,2,299,0,301,0,5,429,0,434,196,0,196,630
05/11/2002,FPR,FL,ASO,ES,Towers with Display (VFR),0,3,102,0,105,0,0,251,0,251,0,3,353,0,356,192,0,192,548
05/12/2002,FPR,FL,ASO,ES,Towers with Display (VFR),0,2,126,0,128,0,0,200,0,200,0,2,326,0,328,206,0,206,534
05/13/2002,FPR,FL,ASO,ES,Towers with Display (VFR),0,2,154,0,156,0,0,241,1,242,0,2,395,1,398,203,0,203,601
05/14/2002,FPR,FL,ASO,ES,Towers with Display (VFR),0,2,78,0,80,0,2,171,0,173,0,4,249,0,253,170,0,170,423
05/15/2002,FPR,FL,ASO,ES,Towers with Display (VFR),0,3,120,0,123,0,2,190,0,192,0,5,310,0,315,198,0,198,513
05/16/2002,FPR,FL,ASO,ES,Towers with Display (VFR),0,2,135,0,137,0,0,159,0,159,0,2,294,0,296,254,0,254,550
05/17/2002,FPR,FL,ASO,ES,Towers with Display (VFR),0,2,101,0,103,0,3,243,0,246,0,5,344,0,349,243,0,243,592
05/18/2002,FPR,FL,ASO,ES,Towers with Display (VFR),0,2,96,0,98,0,0,240,0,240,0,2,336,0,338,161,0,161,499
05/19/2002,FPR,FL,ASO,ES,Towers with Display (VFR),0,1,73,0,74,0,1,31,0,32,0,2,104,0,106,78,0,78,184
05/20/2002,FPR,FL,ASO,ES,Towers with Display (VFR),0,3,171,0,174,0,0,243,0,243,0,3,414,0,417,203,0,203,620
05/21/2002,FPR,FL,ASO,ES,Towers with Display (VFR),0,2,101,0,103,0,2,241,0,243,0,4,342,0,346,238,0,238,584
05/22/2002,FPR,FL,ASO,ES,Towers with Display (VFR),0,2,105,0,107,0,2,205,2,209,0,4,310,2,316,231,0,231,547
05/23/2002,FPR,FL,ASO,ES,Towers with Display (VFR),0,2,128,0,130,0,6,220,0,226,0,8,348,0,356,231,0,231,587
05/24/2002,FPR,FL,ASO,ES,Towers with Display (VFR),0,2,93,0,95,0,5,315,0,320,0,7,408,0,415,267,0,267,682
05/25/2002,FPR,FL,ASO,ES,Towers with Display (VFR),0,2,124,0,126,0,2,265,0,267,0,4,389,0,393,259,0,259,652
05/26/2002,FPR,FL,ASO,ES,Towers with Display (VFR),0,1,75,0,76,0,2,207,0,209,0,3,282,0,285,148,0,148,433
05/27/2002,FPR,FL,ASO,ES,Towers with Display (VFR),0,3,153,0,156,0,5,204,0,209,0,8,357,0,365,191,0,191,556
05/28/2002,FPR,FL,ASO,ES,Towers with Display (VFR),0,2,106,0,108,0,1,245,0,246,0,3,351,0,354,196,0,196,550
05/29/2002,FPR,FL,ASO,ES,Towers with Display (VFR),0,2,121,0,123,0,3,253,0,256,0,5,374,0,379,268,0,268,647
05/30/2002,FPR,FL,ASO,ES,Towers with Display (VFR),0,2,117,0,119,0,1,194,0,195,0,3,311,0,314,259,0,259,573
05/31/2002,FPR,FL,ASO,ES,Towers with Display (VFR),0,2,127,0,129,0,2,174,0,176,0,4,301,0,305,239,0,239,544
06/01/2002,FPR,FL,ASO,ES,Towers with Display (VFR),0,3,109,0,112,0,0,326,0,326,0,3,435,0,438,207,0,207,645
06/02/2002,FPR,FL,ASO,ES,Towers with Display (VFR),0,3,103,0,106,0,3,209,0,212,0,6,312,0,318,218,0,218,536
06/03/2002,FPR,FL,ASO,ES,Towers with Display (VFR),0,1,108,0,109,0,0,244,0,244,0,1,352,0,353,202,0,202,555
06/04/2002,FPR,FL,ASO,ES,Towers with Display (VFR),0,4,116,0,120,0,3,263,0,266,0,7,379,0,386,288,0,288,674
06/05/2002,FPR,FL,ASO,ES,Towers with Display (VFR),0,4,114,0,118,0,7,250,0,257,0,11,364,0,375,222,0,222,597
06/06/2002,FPR,FL,ASO,ES,Towers with Display (VFR),0,4,111,0,115,0,1,243,0,244,0,5,354,0,359,232,0,232,591
06/07/2002,FPR,FL,ASO,ES,Towers with Display (VFR),0,4,122,0,126,0,0,159,0,159,0,4,281,0,285,230,0,230,515
06/08/2002,FPR,FL,ASO,ES,Towers with Display (VFR),0,1,145,0,146,0,0,176,0,176,0,1,321,0,322,193,0,193,515
06/09/2002,FPR,FL,ASO,ES,Towers with Display (VFR),0,3,95,0,98,0,2,210,0,212,0,5,305,0,310,130,0,130,440
06/10/2002,FPR,FL,ASO,ES,Towers with Display (VFR),0,3,121,0,124,0,0,212,0,212,0,3,333,0,336,113,0,113,449
06/11/2002,FPR,FL,ASO,ES,Towers with Display (VFR),0,3,78,0,81,0,4,202,0,206,0,7,280,0,287,197,0,197,484
06/12/2002,FPR,FL,ASO,ES,Towers with Display (VFR),0,4,107,0,111,0,1,200,0,201,0,5,307,0,312,249,0,249,561
06/13/2002,FPR,FL,ASO,ES,Towers with Display (VFR),0,2,102,0,104,0,1,214,0,215,0,3,316,0,319,251,0,251,570
06/14/2002,FPR,FL,ASO,ES,Towers with Display (VFR),0,1,79,0,80,0,0,178,0,178,0,1,257,0,258,268,0,268,526
06/15/2002,FPR,FL,ASO,ES,Towers with Display (VFR),0,2,104,0,106,0,0,111,0,111,0,2,215,0,217,66,0,66,283
06/16/2002,FPR,FL,ASO,ES,Towers with Display (VFR),0,2,97,0,99,0,0,181,0,181,0,2,278,0,280,144,0,144,424
06/17/2002,FPR,FL,ASO,ES,Towers with Display (VFR),0,2,79,0,81,0,3,183,0,186,0,5,262,0,267,234,0,234,501
06/18/2002,FPR,FL,ASO,ES,Towers with Display (VFR),0,2,102,0,104,0,2,207,0,209,0,4,309,0,313,232,0,232,545
06/19/2002,FPR,FL,ASO,ES,Towers with Display (VFR),0,3,118,0,121,0,7,250,0,257,0,10,368,0,378,202,0,202,580
06/20/2002,FPR,FL,ASO,ES,Towers with Display (VFR),0,3,125,0,128,0,2,165,0,167,0,5,290,0,295,165,0,165,460
06/21/2002,FPR,FL,ASO,ES,Towers with Display (VFR),0,2,106,0,108,0,0,151,0,151,0,2,257,0,259,262,0,262,521
06/22/2002,FPR,FL,ASO,ES,Towers with Display (VFR),0,2,89,0,91,0,2,149,0,151,0,4,238,0,242,333,0,333,575
06/23/2002,FPR,FL,ASO,ES,Towers with Display (VFR),0,2,83,0,85,0,1,152,0,153,0,3,235,0,238,252,0,252,490
06/24/2002,FPR,FL,ASO,ES,Towers with Display (VFR),0,2,89,0,91,0,6,138,0,144,0,8,227,0,235,321,0,321,556
06/25/2002,FPR,FL,ASO,ES,Towers with Display (VFR),0,3,109,0,112,0,20,47,0,67,0,23,156,0,179,102,0,102,281
06/26/2002,FPR,FL,ASO,ES,Towers with Display (VFR),0,2,101,0,103,0,6,251,0,257,0,8,352,0,360,171,0,171,531
06/27/2002,FPR,FL,ASO,ES,Towers with Display (VFR),0,3,109,0,112,0,2,225,0,227,0,5,334,0,339,290,0,290,629
06/28/2002,FPR,FL,ASO,ES,Towers with Display (VFR),0,2,98,0,100,0,1,227,0,228,0,3,325,0,328,231,0,231,559
06/29/2002,FPR,FL,ASO,ES,Towers with Display (VFR),0,3,112,0,115,0,1,196,0,197,0,4,308,0,312,286,0,286,598
06/30/2002,FPR,FL,ASO,ES,Towers with Display (VFR),0,1,97,0,98,0,0,175,0,175,0,1,272,0,273,189,0,189,462
07/01/2002,FPR,FL,ASO,ES,Towers with Display (VFR),0,2,83,0,85,0,0,67,0,67,0,2,150,0,152,136,0,136,288
07/02/2002,FPR,FL,ASO,ES,Towers with Display (VFR),0,3,113,0,116,0,3,221,0,224,0,6,334,0,340,270,0,270,610
07/03/2002,FPR,FL,ASO,ES,Towers with Display (VFR),0,3,106,0,109,0,60,196,0,256,0,63,302,0,365,192,0,192,557
07/04/2002,FPR,FL,ASO,ES,Towers with Display (VFR),0,2,80,0,82,0,0,215,0,215,0,2,295,0,297,120,0,120,417
07/05/2002,FPR,FL,ASO,ES,Towers with Display (VFR),0,3,107,0,110,0,1,199,0,200,0,4,306,0,310,198,0,198,508
07/06/2002,FPR,FL,ASO,ES,Towers with Display (VFR),0,0,92,0,92,0,0,162,0,162,0,0,254,0,254,239,0,239,493
07/07/2002,FPR,FL,ASO,ES,Towers with Display (VFR),0,0,132,0,132,0,0,225,0,225,0,0,357,0,357,158,0,158,515
07/08/2002,FPR,FL,ASO,ES,Towers with Display (VFR),0,3,120,0,123,0,0,147,0,147,0,3,267,0,270,217,0,217,487
07/09/2002,FPR,FL,ASO,ES,Towers with Display (VFR),0,3,87,0,90,0,2,139,0,141,0,5,226,0,231,215,0,215,446
07/10/2002,FPR,FL,ASO,ES,Towers with Display (VFR),0,2,72,0,74,0,9,142,0,151,0,11,214,0,225,152,0,152,377
07/11/2002,FPR,FL,ASO,ES,Towers with Display (VFR),0,3,86,0,89,0,2,239,0,241,0,5,325,0,330,166,0,166,496
07/12/2002,FPR,FL,ASO,ES,Towers with Display (VFR),0,2,57,0,59,0,3,226,0,229,0,5,283,0,288,206,0,206,494
07/13/2002,FPR,FL,ASO,ES,Towers with Display (VFR),0,2,77,0,79,0,2,240,0,242,0,4,317,0,321,258,0,258,579
07/14/2002,FPR,FL,ASO,ES,Towers with Display (VFR),0,3,102,0,105,0,1,215,0,216,0,4,317,0,321,225,0,225,546
07/15/2002,FPR,FL,ASO,ES,Towers with Display (VFR),0,2,69,0,71,0,4,215,0,219,0,6,284,0,290,327,0,327,617
07/16/2002,FPR,FL,ASO,ES,Towers with Display (VFR),0,3,82,0,85,0,1,204,0,205,0,4,286,0,290,310,0,310,600
07/17/2002,FPR,FL,ASO,ES,Towers with Display (VFR),0,1,59,0,60,0,9,207,0,216,0,10,266,0,276,199,0,199,475
07/18/2002,FPR,FL,ASO,ES,Towers with Display (VFR),0,1,54,0,55,0,3,243,0,246,0,4,297,0,301,254,0,254,555
07/19/2002,FPR,FL,ASO,ES,Towers with Display (VFR),0,1,79,0,80,0,2,213,0,215,0,3,292,0,295,257,0,257,552
07/20/2002,FPR,FL,ASO,ES,Towers with Display (VFR),0,0,67,0,67,0,0,182,0,182,0,0,249,0,249,198,0,198,447
07/21/2002,FPR,FL,ASO,ES,Towers with Display (VFR),0,0,52,0,52,0,0,141,0,141,0,0,193,0,193,109,0,109,302
07/22/2002,FPR,FL,ASO,ES,Towers with Display (VFR),0,2,86,0,88,0,5,177,0,182,0,7,263,0,270,301,0,301,571
07/23/2002,FPR,FL,ASO,ES,Towers with Display (VFR),0,2,91,0,93,0,1,237,0,238,0,3,328,0,331,268,0,268,599
07/24/2002,FPR,FL,ASO,ES,Towers with Display (VFR),0,3,140,0,143,0,3,202,0,205,0,6,342,0,348,195,0,195,543
07/25/2002,FPR,FL,ASO,ES,Towers with Display (VFR),0,3,137,0,140,0,3,232,0,235,0,6,369,0,375,264,0,264,639
07/26/2002,FPR,FL,ASO,ES,Towers with Display (VFR),0,3,157,0,160,0,0,213,0,213,0,3,370,0,373,196,0,196,569
07/27/2002,FPR,FL,ASO,ES,Towers with Display (VFR),0,2,119,0,121,0,1,194,0,195,0,3,313,0,316,157,0,157,473
07/28/2002,FPR,FL,ASO,ES,Towers with Display (VFR),0,1,77,0,78,0,5,200,0,205,0,6,277,0,283,168,0,168,451
07/29/2002,FPR,FL,ASO,ES,Towers with Display (VFR),0,2,105,0,107,0,1,184,0,185,0,3,289,0,292,297,0,297,589
07/30/2002,FPR,FL,ASO,ES,Towers with Display (VFR),0,2,98,0,100,0,2,222,0,224,0,4,320,0,324,258,0,258,582
07/31/2002,FPR,FL,ASO,ES,Towers with Display (VFR),0,1,71,0,72,0,6,210,0,216,0,7,281,0,288,170,0,170,458
08/01/2002,FPR,FL,ASO,ES,Towers with Display (VFR),0,2,76,0,78,0,4,213,0,217,0,6,289,0,295,313,0,313,608
08/02/2002,FPR,FL,ASO,ES,Towers with Display (VFR),0,2,76,0,78,0,0,175,0,175,0,2,251,0,253,194,0,194,447
08/03/2002,FPR,FL,ASO,ES,Towers with Display (VFR),0,3,83,0,86,0,1,222,0,223,0,4,305,0,309,184,0,184,493
08/04/2002,FPR,FL,ASO,ES,Towers with Display (VFR),0,3,78,0,81,0,0,229,0,229,0,3,307,0,310,145,0,145,455
08/05/2002,FPR,FL,ASO,ES,Towers with Display (VFR),0,3,92,0,95,0,2,245,0,247,0,5,337,0,342,220,0,220,562
08/06/2002,FPR,FL,ASO,ES,Towers with Display (VFR),0,3,108,0,111,0,0,241,0,241,0,3,349,0,352,278,0,278,630
08/07/2002,FPR,FL,ASO,ES,Towers with Display (VFR),0,2,73,0,75,0,5,137,0,142,0,7,210,0,217,216,0,216,433
08/08/2002,FPR,FL,ASO,ES,Towers with Display (VFR),0,1,80,0,81,0,0,218,0,218,0,1,298,0,299,241,0,241,540
08/09/2002,FPR,FL,ASO,ES,Towers with Display (VFR),0,3,92,0,95,0,0,234,0,234,0,3,326,0,329,147,0,147,476
08/10/2002,FPR,FL,ASO,ES,Towers with Display (VFR),0,3,79,0,82,0,2,193,0,195,0,5,272,0,277,123,0,123,400
08/11/2002,FPR,FL,ASO,ES,Towers with Display (VFR),0,2,76,0,78,0,3,52,0,55,0,5,128,0,133,123,0,123,256
08/12/2002,FPR,FL,ASO,ES,Towers with Display (VFR),0,2,89,0,91,0,0,193,0,193,0,2,282,0,284,310,0,310,594
08/13/2002,FPR,FL,ASO,ES,Towers with Display (VFR),0,2,74,0,76,0,2,226,0,228,0,4,300,0,304,275,0,275,579
08/14/2002,FPR,FL,ASO,ES,Towers with Display (VFR),0,3,90,0,93,0,3,150,0,153,0,6,240,0,246,202,0,202,448
08/15/2002,FPR,FL,ASO,ES,Towers with Display (VFR),0,2,84,0,86,0,1,218,0,219,0,3,302,0,305,187,0,187,492
08/16/2002,FPR,FL,ASO,ES,Towers with Display (VFR),0,2,95,0,97,0,4,175,0,179,0,6,270,0,276,160,0,160,436
08/17/2002,FPR,FL,ASO,ES,Towers with Display (VFR),0,0,66,0,66,0,0,146,0,146,0,0,212,0,212,249,0,249,461
08/18/2002,FPR,FL,ASO,ES,Towers with Display (VFR),0,2,78,0,80,0,1,166,0,167,0,3,244,0,247,229,0,229,476
08/19/2002,FPR,FL,ASO,ES,Towers with Display (VFR),0,1,69,0,70,0,4,168,0,172,0,5,237,0,242,283,0,283,525
08/20/2002,FPR,FL,ASO,ES,Towers with Display (VFR),0,1,70,0,71,0,1,182,0,183,0,2,252,0,254,291,0,291,545
08/21/2002,FPR,FL,ASO,ES,Towers with Display (VFR),0,1,68,0,69,0,4,206,0,210,0,5,274,0,279,227,0,227,506
08/22/2002,FPR,FL,ASO,ES,Towers with Display (VFR),0,2,85,0,87,0,5,208,2,215,0,7,293,2,302,174,0,174,476
08/23/2002,FPR,FL,ASO,ES,Towers with Display (VFR),0,1,80,0,81,0,0,199,0,199,0,1,279,0,280,180,0,180,460
08/24/2002,FPR,FL,ASO,ES,Towers with Display (VFR),0,1,54,0,55,0,1,193,0,194,0,2,247,0,249,201,0,201,450
08/25/2002,FPR,FL,ASO,ES,Towers with Display (VFR),0,1,63,0,64,0,1,212,0,213,0,2,275,0,277,196,0,196,473
08/26/2002,FPR,FL,ASO,ES,Towers with Display (VFR),0,1,66,0,67,0,3,154,0,157,0,4,220,0,224,238,0,238,462
08/27/2002,FPR,FL,ASO,ES,Towers with Display (VFR),0,1,53,0,54,0,5,166,0,171,0,6,219,0,225,176,0,176,401
08/28/2002,FPR,FL,ASO,ES,Towers with Display (VFR),0,2,87,0,89,0,1,141,0,142,0,3,228,0,231,142,0,142,373
08/29/2002,FPR,FL,ASO,ES,Towers with Display (VFR),0,2,114,0,116,0,2,210,0,212,0,4,324,0,328,194,0,194,522
08/30/2002,FPR,FL,ASO,ES,Towers with Display (VFR),0,2,99,0,101,0,1,219,0,220,0,3,318,0,321,160,0,160,481
08/31/2002,FPR,FL,ASO,ES,Towers with Display (VFR),0,0,68,0,68,0,0,193,0,193,0,0,261,0,261,139,0,139,400
09/01/2002,FPR,FL,ASO,ES,Towers with Display (VFR),0,0,57,0,57,0,0,183,0,183,0,0,240,0,240,172,0,172,412
09/02/2002,FPR,FL,ASO,ES,Towers with Display (VFR),0,3,96,0,99,0,0,216,0,216,0,3,312,0,315,127,0,127,442
09/03/2002,FPR,FL,ASO,ES,Towers with Display (VFR),0,2,50,0,52,0,3,208,0,211,0,5,258,0,263,255,0,255,518
09/04/2002,FPR,FL,ASO,ES,Towers with Display (VFR),0,2,47,0,49,0,3,170,0,173,0,5,217,0,222,181,0,181,403
09/05/2002,FPR,FL,ASO,ES,Towers with Display (VFR),0,2,59,0,61,0,0,140,0,140,0,2,199,0,201,208,0,208,409
09/06/2002,FPR,FL,ASO,ES,Towers with Display (VFR),0,3,71,0,74,0,0,202,0,202,0,3,273,0,276,140,0,140,416
09/07/2002,FPR,FL,ASO,ES,Towers with Display (VFR),0,0,85,0,85,0,0,196,0,196,0,0,281,0,281,221,0,221,502
09/08/2002,FPR,FL,ASO,ES,Towers with Display (VFR),0,1,68,0,69,0,0,178,0,178,0,1,246,0,247,323,0,323,570
09/09/2002,FPR,FL,ASO,ES,Towers with Display (VFR),0,1,59,0,60,0,0,243,0,243,0,1,302,0,303,283,0,283,586
09/10/2002,FPR,FL,ASO,ES,Towers with Display (VFR),0,3,69,0,72,0,8,229,0,237,0,11,298,0,309,238,0,238,547
09/11/2002,FPR,FL,ASO,ES,Towers with Display (VFR),0,2,81,0,83,0,0,163,0,163,0,2,244,0,246,313,0,313,559
09/12/2002,FPR,FL,ASO,ES,Towers with Display (VFR),0,2,57,0,59,0,2,174,0,176,0,4,231,0,235,258,0,258,493
09/13/2002,FPR,FL,ASO,ES,Towers with Display (VFR),0,2,64,0,66,0,0,177,0,177,0,2,241,0,243,202,0,202,445
09/14/2002,FPR,FL,ASO,ES,Towers with Display (VFR),0,0,66,0,66,0,0,240,0,240,0,0,306,0,306,235,0,235,541
09/15/2002,FPR,FL,ASO,ES,Towers with Display (VFR),0,2,58,0,60,0,1,165,0,166,0,3,223,0,226,255,0,255,481
09/16/2002,FPR,FL,ASO,ES,Towers with Display (VFR),0,2,74,0,76,0,1,221,0,222,0,3,295,0,298,334,0,334,632
09/17/2002,FPR,FL,ASO,ES,Towers with Display (VFR),0,2,60,0,62,0,2,208,0,210,0,4,268,0,272,232,0,232,504
09/18/2002,FPR,FL,ASO,ES,Towers with Display (VFR),0,3,91,0,94,0,4,177,0,181,0,7,268,0,275,287,0,287,562
09/19/2002,FPR,FL,ASO,ES,Towers with Display (VFR),0,2,76,0,78,0,8,213,0,221,0,10,289,0,299,226,0,226,525
09/20/2002,FPR,FL,ASO,ES,Towers with Display (VFR),0,2,70,0,72,0,5,187,0,192,0,7,257,0,264,365,0,365,629
09/21/2002,FPR,FL,ASO,ES,Towers with Display (VFR),0,2,59,0,61,0,1,184,0,185,0,3,243,0,246,317,0,317,563
09/22/2002,FPR,FL,ASO,ES,Towers with Display (VFR),0,2,78,0,80,0,0,188,0,188,0,2,266,0,268,200,0,200,468
09/23/2002,FPR,FL,ASO,ES,Towers with Display (VFR),0,3,90,0,93,0,0,181,0,181,0,3,271,0,274,239,0,239,513
09/24/2002,FPR,FL,ASO,ES,Towers with Display (VFR),0,2,57,0,59,0,3,179,0,182,0,5,236,0,241,268,0,268,509
09/25/2002,FPR,FL,ASO,ES,Towers with Display (VFR),0,3,94,0,97,0,1,203,2,206,0,4,297,2,303,209,0,209,512
09/26/2002,FPR,FL,ASO,ES,Towers with Display (VFR),0,3,87,0,90,0,0,179,0,179,0,3,266,0,269,188,0,188,457
09/27/2002,FPR,FL,ASO,ES,Towers with Display (VFR),0,2,78,0,80,0,1,210,0,211,0,3,288,0,291,248,0,248,539
09/28/2002,FPR,FL,ASO,ES,Towers with Display (VFR),0,0,51,0,51,0,0,233,0,233,0,0,284,0,284,231,0,231,515
09/29/2002,FPR,FL,ASO,ES,Towers with Display (VFR),0,1,54,0,55,0,1,199,0,200,0,2,253,0,255,238,0,238,493
09/30/2002,FPR,FL,ASO,ES,Towers with Display (VFR),0,1,56,0,57,0,2,213,0,215,0,3,269,0,272,285,0,285,557
10/01/2002,FPR,FL,ASO,ES,Towers with Display (VFR),0,3,62,0,65,0,0,195,0,195,0,3,257,0,260,360,0,360,620
10/02/2002,FPR,FL,ASO,ES,Towers with Display (VFR),0,3,75,0,78,0,2,218,0,220,0,5,293,0,298,284,0,284,582
10/03/2002,FPR,FL,ASO,ES,Towers with Display (VFR),0,2,55,0,57,0,0,227,2,229,0,2,282,2,286,260,26,286,572
10/04/2002,FPR,FL,ASO,ES,Towers with Display (VFR),0,1,86,0,87,0,0,239,0,239,0,1,325,0,326,268,0,268,594
10/05/2002,FPR,FL,ASO,ES,Towers with Display (VFR),0,2,59,0,61,0,0,212,0,212,0,2,271,0,273,344,0,344,617
10/06/2002,FPR,FL,ASO,ES,Towers with Display (VFR),0,2,71,0,73,0,0,227,0,227,0,2,298,0,300,300,0,300,600
10/07/2002,FPR,FL,ASO,ES,Towers with Display (VFR),0,2,85,0,87,0,0,199,0,199,0,2,284,0,286,248,0,248,534
10/08/2002,FPR,FL,ASO,ES,Towers with Display (VFR),0,3,59,0,62,0,1,217,0,218,0,4,276,0,280,198,0,198,478
10/09/2002,FPR,FL,ASO,ES,Towers with Display (VFR),0,4,88,0,92,0,0,196,0,196,0,4,284,0,288,292,0,292,580
10/10/2002,FPR,FL,ASO,ES,Towers with Display (VFR),0,3,62,0,65,0,2,211,0,213,0,5,273,0,278,300,0,300,578
10/11/2002,FPR,FL,ASO,ES,Towers with Display (VFR),0,3,62,0,65,0,0,220,0,220,0,3,282,0,285,269,0,269,554
10/12/2002,FPR,FL,ASO,ES,Towers with Display (VFR),0,1,53,0,54,0,0,319,0,319,0,1,372,0,373,149,0,149,522
10/13/2002,FPR,FL,ASO,ES,Towers with Display (VFR),0,1,53,0,54,0,0,207,0,207,0,1,260,0,261,204,0,204,465
10/14/2002,FPR,FL,ASO,ES,Towers with Display (VFR),0,1,52,0,53,0,2,153,0,155,0,3,205,0,208,194,0,194,402
10/15/2002,FPR,FL,ASO,ES,Towers with Display (VFR),0,2,61,0,63,0,3,182,0,185,0,5,243,0,248,209,0,209,457
10/16/2002,FPR,FL,ASO,ES,Towers with Display (VFR),0,2,58,0,60,0,1,242,0,243,0,3,300,0,303,265,0,265,568
10/17/2002,FPR,FL,ASO,ES,Towers with Display (VFR),0,2,59,0,61,0,1,238,0,239,0,3,297,0,300,180,0,180,480
10/18/2002,FPR,FL,ASO,ES,Towers with Display (VFR),0,3,91,0,94,0,2,204,0,206,0,5,295,0,300,187,0,187,487
10/19/2002,FPR,FL,ASO,ES,Towers with Display (VFR),0,1,54,0,55,0,3,254,0,257,0,4,308,0,312,201,0,201,513
10/20/2002,FPR,FL,ASO,ES,Towers with Display (VFR),0,2,68,0,70,0,0,177,0,177,0,2,245,0,247,252,0,252,499
10/21/2002,FPR,FL,ASO,ES,Towers with Display (VFR),0,1,89,0,90,0,0,200,0,200,0,1,289,0,290,223,0,223,513
10/22/2002,FPR,FL,ASO,ES,Towers with Display (VFR),0,2,75,0,77,0,2,224,0,226,0,4,299,0,303,261,0,261,564
10/23/2002,FPR,FL,ASO,ES,Towers with Display (VFR),0,2,79,0,81,0,1,244,0,245,0,3,323,0,326,276,0,276,602
10/24/2002,FPR,FL,ASO,ES,Towers with Display (VFR),0,2,72,0,74,0,2,265,3,270,0,4,337,3,344,308,0,308,652
10/25/2002,FPR,FL,ASO,ES,Towers with Display (VFR),0,2,103,0,105,0,0,274,1,275,0,2,377,1,380,288,0,288,668
10/26/2002,FPR,FL,ASO,ES,Towers with Display (VFR),0,0,83,0,83,0,0,230,0,230,0,0,313,0,313,328,0,328,641
10/27/2002,FPR,FL,ASO,ES,Towers with Display (VFR),0,2,79,0,81,0,1,237,0,238,0,3,316,0,319,307,0,307,626
10/28/2002,FPR,FL,ASO,ES,Towers with Display (VFR),0,3,95,0,98,0,0,194,0,194,0,3,289,0,292,258,0,258,550
10/29/2002,FPR,FL,ASO,ES,Towers with Display (VFR),0,3,93,0,96,0,1,244,0,245,0,4,337,0,341,216,0,216,557
10/30/2002,FPR,FL,ASO,ES,Towers with Display (VFR),0,3,83,0,86,0,4,183,2,189,0,7,266,2,275,193,0,193,468
10/31/2002,FPR,FL,ASO,ES,Towers with Display (VFR),0,3,90,0,93,0,2,207,0,209,0,5,297,0,302,286,0,286,588
11/01/2002,FPR,FL,ASO,ES,Towers with Display (VFR),0,3,79,0,82,0,0,183,0,183,0,3,262,0,265,170,0,170,435
11/02/2002,FPR,FL,ASO,ES,Towers with Display (VFR),0,3,76,0,79,0,0,227,0,227,0,3,303,0,306,220,0,220,526
11/03/2002,FPR,FL,ASO,ES,Towers with Display (VFR),0,1,65,0,66,0,0,230,0,230,0,1,295,0,296,299,0,299,595
11/04/2002,FPR,FL,ASO,ES,Towers with Display (VFR),0,4,88,0,92,0,2,204,0,206,0,6,292,0,298,277,0,277,575
11/05/2002,FPR,FL,ASO,ES,Towers with Display (VFR),0,3,93,0,96,0,0,236,0,236,0,3,329,0,332,269,0,269,601
11/06/2002,FPR,FL,ASO,ES,Towers with Display (VFR),0,2,60,0,62,0,0,118,0,118,0,2,178,0,180,226,0,226,406
11/07/2002,FPR,FL,ASO,ES,Towers with Display (VFR),0,3,77,0,80,0,0,244,0,244,0,3,321,0,324,308,0,308,632
11/08/2002,FPR,FL,ASO,ES,Towers with Display (VFR),0,2,96,0,98,0,0,225,0,225,0,2,321,0,323,239,0,239,562
11/09/2002,FPR,FL,ASO,ES,Towers with Display (VFR),0,2,59,0,61,0,0,227,0,227,0,2,286,0,288,287,0,287,575
11/10/2002,FPR,FL,ASO,ES,Towers with Display (VFR),0,0,62,0,62,0,0,199,0,199,0,0,261,0,261,220,0,220,481
11/11/2002,FPR,FL,ASO,ES,Towers with Display (VFR),0,1,51,0,52,0,2,229,0,231,0,3,280,0,283,197,0,197,480
11/12/2002,FPR,FL,ASO,ES,Towers with Display (VFR),0,2,63,0,65,0,4,174,0,178,0,6,237,0,243,244,0,244,487
11/13/2002,FPR,FL,ASO,ES,Towers with Display (VFR),0,2,86,1,89,0,4,153,2,159,0,6,239,3,248,242,0,242,490
11/14/2002,FPR,FL,ASO,ES,Towers with Display (VFR),0,3,106,1,110,0,3,230,1,234,0,6,336,2,344,306,0,306,650
11/15/2002,FPR,FL,ASO,ES,Towers with Display (VFR),0,3,101,0,104,0,4,216,0,220,0,7,317,0,324,259,0,259,583
11/16/2002,FPR,FL,ASO,ES,Towers with Display (VFR),0,0,58,0,58,0,0,50,0,50,0,0,108,0,108,150,0,150,258
11/17/2002,FPR,FL,ASO,ES,Towers with Display (VFR),0,0,54,0,54,0,0,39,0,39,0,0,93,0,93,123,0,123,216
11/18/2002,FPR,FL,ASO,ES,Towers with Display (VFR),0,2,74,0,76,0,1,241,1,243,0,3,315,1,319,217,0,217,536
11/19/2002,FPR,FL,ASO,ES,Towers with Display (VFR),0,2,86,0,88,0,6,208,0,214,0,8,294,0,302,326,0,326,628
11/20/2002,FPR,FL,ASO,ES,Towers with Display (VFR),0,2,80,0,82,0,5,219,2,226,0,7,299,2,308,227,0,227,535
11/21/2002,FPR,FL,ASO,ES,Towers with Display (VFR),0,2,83,0,85,0,1,227,1,229,0,3,310,1,314,272,0,272,586
11/22/2002,FPR,FL,ASO,ES,Towers with Display (VFR),0,2,76,0,78,0,1,214,0,215,0,3,290,0,293,222,0,222,515
11/23/2002,FPR,FL,ASO,ES,Towers with Display (VFR),0,0,88,0,88,0,0,278,1,279,0,0,366,1,367,285,0,285,652
11/24/2002,FPR,FL,ASO,ES,Towers with Display (VFR),0,0,82,0,82,0,0,251,0,251,0,0,333,0,333,249,0,249,582
11/25/2002,FPR,FL,ASO,ES,Towers with Display (VFR),0,2,63,0,65,0,1,208,0,209,0,3,271,0,274,277,0,277,551
11/26/2002,FPR,FL,ASO,ES,Towers with Display (VFR),0,3,94,0,97,0,2,199,0,201,0,5,293,0,298,289,0,289,587
11/27/2002,FPR,FL,ASO,ES,Towers with Display (VFR),0,2,87,0,89,0,0,223,1,224,0,2,310,1,313,243,0,243,556
11/28/2002,FPR,FL,ASO,ES,Towers with Display (VFR),0,1,40,0,41,0,0,136,0,136,0,1,176,0,177,220,0,220,397
11/29/2002,FPR,FL,ASO,ES,Towers with Display (VFR),0,2,76,0,78,0,1,205,0,206,0,3,281,0,284,257,0,257,541
11/30/2002,FPR,FL,ASO,ES,Towers with Display (VFR),0,0,70,0,70,0,0,247,0,247,0,0,317,0,317,196,0,196,513
12/01/2002,FPR,FL,ASO,ES,Towers with Display (VFR),0,2,109,0,111,0,0,231,0,231,0,2,340,0,342,158,0,158,500
12/02/2002,FPR,FL,ASO,ES,Towers with Display (VFR),0,2,70,0,72,0,0,225,0,225,0,2,295,0,297,274,0,274,571
12/03/2002,FPR,FL,ASO,ES,Towers with Display (VFR),0,4,125,0,129,0,0,213,0,213,0,4,338,0,342,215,0,215,557
12/04/2002,FPR,FL,ASO,ES,Towers with Display (VFR),0,5,123,0,128,0,5,187,0,192,0,10,310,0,320,193,0,193,513
12/05/2002,FPR,FL,ASO,ES,Towers with Display (VFR),0,4,103,0,107,0,0,187,0,187,0,4,290,0,294,233,0,233,527
12/06/2002,FPR,FL,ASO,ES,Towers with Display (VFR),0,3,108,0,111,0,0,19,0,19,0,3,127,0,130,13,0,13,143
12/07/2002,FPR,FL,ASO,ES,Towers with Display (VFR),0,2,114,0,116,0,0,242,0,242,0,2,356,0,358,214,0,214,572
12/08/2002,FPR,FL,ASO,ES,Towers with Display (VFR),0,2,118,0,120,0,0,225,0,225,0,2,343,0,345,167,0,167,512
12/09/2002,FPR,FL,ASO,ES,Towers with Display (VFR),0,1,105,0,106,0,0,26,0,26,0,1,131,0,132,129,0,129,261
12/10/2002,FPR,FL,ASO,ES,Towers with Display (VFR),0,3,117,0,120,0,5,116,0,121,0,8,233,0,241,176,0,176,417
12/11/2002,FPR,FL,ASO,ES,Towers with Display (VFR),0,3,100,0,103,0,4,192,0,196,0,7,292,0,299,228,0,228,527
12/12/2002,FPR,FL,ASO,ES,Towers with Display (VFR),0,4,135,0,139,0,2,127,0,129,0,6,262,0,268,179,0,179,447
12/13/2002,FPR,FL,ASO,ES,Towers with Display (VFR),0,1,45,0,46,0,1,16,0,17,0,2,61,0,63,4,0,4,67
12/14/2002,FPR,FL,ASO,ES,Towers with Display (VFR),0,2,82,0,84,0,0,242,0,242,0,2,324,0,326,230,0,230,556
12/15/2002,FPR,FL,ASO,ES,Towers with Display (VFR),0,2,98,0,100,0,0,264,0,264,0,2,362,0,364,218,0,218,582
12/16/2002,FPR,FL,ASO,ES,Towers with Display (VFR),0,3,111,0,114,0,2,220,4,226,0,5,331,4,340,204,0,204,544
12/17/2002,FPR,FL,ASO,ES,Towers with Display (VFR),0,4,133,0,137,0,0,229,0,229,0,4,362,0,366,222,0,222,588
12/18/2002,FPR,FL,ASO,ES,Towers with Display (VFR),0,4,135,0,139,0,0,206,2,208,0,4,341,2,347,226,0,226,573
12/19/2002,FPR,FL,ASO,ES,Towers with Display (VFR),0,2,143,0,145,0,0,183,7,190,0,2,326,7,335,193,0,193,528
12/20/2002,FPR,FL,ASO,ES,Towers with Display (VFR),0,2,84,0,86,0,2,126,0,128,0,4,210,0,214,95,0,95,309
12/21/2002,FPR,FL,ASO,ES,Towers with Display (VFR),0,3,93,0,96,0,1,179,0,180,0,4,272,0,276,141,0,141,417
12/22/2002,FPR,FL,ASO,ES,Towers with Display (VFR),0,1,97,0,98,0,0,190,0,190,0,1,287,0,288,139,0,139,427
12/23/2002,FPR,FL,ASO,ES,Towers with Display (VFR),0,1,73,0,74,0,0,154,0,154,0,1,227,0,228,70,0,70,298
12/24/2002,FPR,FL,ASO,ES,Towers with Display (VFR),0,1,49,0,50,0,3,72,0,75,0,4,121,0,125,58,0,58,183
12/25/2002,FPR,FL,ASO,ES,Towers with Display (VFR),0,0,12,0,12,0,2,14,0,16,0,2,26,0,28,0,0,0,28
12/26/2002,FPR,FL,ASO,ES,Towers with Display (VFR),0,2,69,0,71,0,3,159,0,162,0,5,228,0,233,80,0,80,313
12/27/2002,FPR,FL,ASO,ES,Towers with Display (VFR),0,2,70,0,72,0,3,191,0,194,0,5,261,0,266,114,0,114,380
12/28/2002,FPR,FL,ASO,ES,Towers with Display (VFR),0,2,60,0,62,0,4,155,0,159,0,6,215,0,221,122,0,122,343
12/29/2002,FPR,FL,ASO,ES,Towers with Display (VFR),0,2,69,0,71,0,4,192,0,196,0,6,261,0,267,76,0,76,343
12/30/2002,FPR,FL,ASO,ES,Towers with Display (VFR),0,3,90,0,93,0,2,147,0,149,0,5,237,0,242,86,0,86,328
12/31/2002,FPR,FL,ASO,ES,Towers with Display (VFR),0,2,62,0,64,0,4,85,0,89,0,6,147,0,153,57,0,57,210
01/01/2003,FPR,FL,ASO,ES,Towers with Display (VFR),0,0,41,0,41,0,0,37,0,37,0,0,78,0,78,11,0,11,89
01/02/2003,FPR,FL,ASO,ES,Towers with Display (VFR),0,3,103,0,106,0,0,159,0,159,0,3,262,0,265,111,0,111,376
01/03/2003,FPR,FL,ASO,ES,Towers with Display (VFR),0,1,91,0,92,0,0,129,0,129,0,1,220,0,221,164,0,164,385
01/04/2003,FPR,FL,ASO,ES,Towers with Display (VFR),0,3,109,0,112,0,0,239,0,239,0,3,348,0,351,136,0,136,487
01/05/2003,FPR,FL,ASO,ES,Towers with Display (VFR),0,0,78,0,78,0,0,212,0,212,0,0,290,0,290,161,0,161,451
01/06/2003,FPR,FL,ASO,ES,Towers with Display (VFR),0,2,72,0,74,0,6,206,0,212,0,8,278,0,286,176,0,176,462
01/07/2003,FPR,FL,ASO,ES,Towers with Display (VFR),0,2,76,0,78,0,1,181,0,182,0,3,257,0,260,127,0,127,387
01/08/2003,FPR,FL,ASO,ES,Towers with Display (VFR),0,2,86,0,88,0,3,240,0,243,0,5,326,0,331,155,0,155,486
01/09/2003,FPR,FL,ASO,ES,Towers with Display (VFR),0,2,67,0,69,0,4,290,0,294,0,6,357,0,363,239,0,239,602
01/10/2003,FPR,FL,ASO,ES,Towers with Display (VFR),0,2,78,0,80,0,1,219,0,220,0,3,297,0,300,192,0,192,492
01/11/2003,FPR,FL,ASO,ES,Towers with Display (VFR),0,3,111,0,114,0,0,165,0,165,0,3,276,0,279,235,0,235,514
01/12/2003,FPR,FL,ASO,ES,Towers with Display (VFR),0,2,89,0,91,0,0,226,0,226,0,2,315,0,317,148,0,148,465
01/13/2003,FPR,FL,ASO,ES,Towers with Display (VFR),0,3,112,0,115,0,3,158,0,161,0,6,270,0,276,339,0,339,615
01/14/2003,FPR,FL,ASO,ES,Towers with Display (VFR),0,3,90,0,93,0,0,181,2,183,0,3,271,2,276,312,0,312,588
01/15/2003,FPR,FL,ASO,ES,Towers with Display (VFR),0,3,101,0,104,0,2,200,0,202,0,5,301,0,306,380,0,380,686
01/16/2003,FPR,FL,ASO,ES,Towers with Display (VFR),0,4,127,0,131,0,0,190,2,192,0,4,317,2,323,255,0,255,578
01/17/2003,FPR,FL,ASO,ES,Towers with Display (VFR),0,2,90,0,92,0,4,120,4,128,0,6,210,4,220,342,0,342,562
01/18/2003,FPR,FL,ASO,ES,Towers with Display (VFR),0,2,90,0,92,0,0,193,0,193,0,2,283,0,285,245,0,245,530
01/19/2003,FPR,FL,ASO,ES,Towers with Display (VFR),0,2,89,0,91,0,1,193,1,195,0,3,282,1,286,229,0,229,515
01/20/2003,FPR,FL,ASO,ES,Towers with Display (VFR),0,3,104,0,107,0,1,223,0,224,0,4,327,0,331,199,0,199,530
01/21/2003,FPR,FL,ASO,ES,Towers with Display (VFR),0,3,90,0,93,0,2,258,0,260,0,5,348,0,353,283,0,283,636
01/22/2003,FPR,FL,ASO,ES,Towers with Display (VFR),0,2,61,0,63,0,1,242,0,243,0,3,303,0,306,237,0,237,543
01/23/2003,FPR,FL,ASO,ES,Towers with Display (VFR),0,2,68,0,70,0,4,132,0,136,0,6,200,0,206,181,0,181,387
01/24/2003,FPR,FL,ASO,ES,Towers with Display (VFR),0,2,60,0,62,0,3,106,0,109,0,5,166,0,171,91,0,91,262
01/25/2003,FPR,FL,ASO,ES,Towers with Display (VFR),0,1,99,0,100,0,0,225,0,225,0,1,324,0,325,175,0,175,500
01/26/2003,FPR,FL,ASO,ES,Towers with Display (VFR),0,1,82,0,83,0,0,213,0,213,0,1,295,0,296,249,0,249,545
01/27/2003,FPR,FL,ASO,ES,Towers with Display (VFR),0,2,75,0,77,0,1,192,0,193,0,3,267,0,270,210,0,210,480
01/28/2003,FPR,FL,ASO,ES,Towers with Display (VFR),0,4,120,0,124,0,0,182,0,182,0,4,302,0,306,295,0,295,601
01/29/2003,FPR,FL,ASO,ES,Towers with Display (VFR),0,3,105,0,108,0,3,236,2,241,0,6,341,2,349,301,0,301,650
01/30/2003,FPR,FL,ASO,ES,Towers with Display (VFR),0,3,123,0,126,0,0,168,0,168,0,3,291,0,294,260,0,260,554
01/31/2003,FPR,FL,ASO,ES,Towers with Display (VFR),0,3,102,0,105,0,3,209,0,212,0,6,311,0,317,224,0,224,541
02/01/2003,FPR,FL,ASO,ES,Towers with Display (VFR),0,3,95,0,98,0,0,212,2,214,0,3,307,2,312,262,0,262,574
02/02/2003,FPR,FL,ASO,ES,Towers with Display (VFR),0,2,100,0,102,0,0,228,0,228,0,2,328,0,330,226,0,226,556
02/03/2003,FPR,FL,ASO,ES,Towers with Display (VFR),0,3,99,0,102,0,0,252,0,252,0,3,351,0,354,295,0,295,649
02/04/2003,FPR,FL,ASO,ES,Towers with Display (VFR),0,5,109,0,114,0,0,156,0,156,0,5,265,0,270,156,0,156,426
02/05/2003,FPR,FL,ASO,ES,Towers with Display (VFR),0,3,108,0,111,0,0,199,2,201,0,3,307,2,312,240,0,240,552
02/06/2003,FPR,FL,ASO,ES,Towers with Display (VFR),0,3,112,0,115,0,0,208,0,208,0,3,320,0,323,287,0,287,610
02/07/2003,FPR,FL,ASO,ES,Towers with Display (VFR),0,3,67,0,70,0,3,108,0,111,0,6,175,0,181,204,0,204,385
02/08/2003,FPR,FL,ASO,ES,Towers with Display (VFR),0,0,159,0,159,0,0,122,0,122,0,0,281,0,281,192,0,192,473
02/09/2003,FPR,FL,ASO,ES,Towers with Display (VFR),0,2,132,0,134,0,0,176,0,176,0,2,308,0,310,158,0,158,468
02/10/2003,FPR,FL,ASO,ES,Towers with Display (VFR),0,3,79,0,82,0,3,108,0,111,0,6,187,0,193,70,0,70,263
02/11/2003,FPR,FL,ASO,ES,Towers with Display (VFR),0,3,101,0,104,0,3,302,0,305,0,6,403,0,409,189,0,189,598
02/12/2003,FPR,FL,ASO,ES,Towers with Display (VFR),0,3,118,0,121,0,0,264,0,264,0,3,382,0,385,236,0,236,621
02/13/2003,FPR,FL,ASO,ES,Towers with Display (VFR),0,5,135,0,140,0,2,192,0,194,0,7,327,0,334,101,0,101,435
02/14/2003,FPR,FL,ASO,ES,Towers with Display (VFR),0,4,121,0,125,0,0,235,0,235,0,4,356,0,360,188,0,188,548
02/15/2003,FPR,FL,ASO,ES,Towers with Display (VFR),0,2,102,0,104,0,0,242,0,242,0,2,344,0,346,248,0,248,594
02/16/2003,FPR,FL,ASO,ES,Towers with Display (VFR),0,1,79,0,80,0,0,164,0,164,0,1,243,0,244,180,0,180,424
02/17/2003,FPR,FL,ASO,ES,Towers with Display (VFR),0,4,117,0,121,0,2,150,0,152,0,6,267,0,273,227,0,227,500
02/18/2003,FPR,FL,ASO,ES,Towers with Display (VFR),0,5,140,0,145,0,6,295,0,301,0,11,435,0,446,229,0,229,675
02/19/2003,FPR,FL,ASO,ES,Towers with Display (VFR),0,3,105,0,108,0,1,263,2,266,0,4,368,2,374,234,0,234,608
02/20/2003,FPR,FL,ASO,ES,Towers with Display (VFR),0,3,96,0,99,0,0,181,0,181,0,3,277,0,280,243,0,243,523
02/21/2003,FPR,FL,ASO,ES,Towers with Display (VFR),0,5,143,0,148,0,1,164,0,165,0,6,307,0,313,152,0,152,465
02/22/2003,FPR,FL,ASO,ES,Towers with Display (VFR),0,0,64,0,64,0,0,109,0,109,0,0,173,0,173,84,0,84,257
02/23/2003,FPR,FL,ASO,ES,Towers with Display (VFR),0,3,103,0,106,0,3,260,0,263,0,6,363,0,369,215,0,215,584
02/24/2003,FPR,FL,ASO,ES,Towers with Display (VFR),0,1,125,0,126,0,0,226,0,226,0,1,351,0,352,250,0,250,602
02/25/2003,FPR,FL,ASO,ES,Towers with Display (VFR),0,4,119,0,123,0,1,242,0,243,0,5,361,0,366,275,0,275,641
02/26/2003,FPR,FL,ASO,ES,Towers with Display (VFR),0,4,112,0,116,0,1,278,2,281,0,5,390,2,397,252,0,252,649
02/27/2003,FPR,FL,ASO,ES,Towers with Display (VFR),0,3,79,0,82,0,2,125,0,127,0,5,204,0,209,217,0,217,426
02/28/2003,FPR,FL,ASO,ES,Towers with Display (VFR),0,4,107,0,111,0,8,55,0,63,0,12,162,0,174,161,0,161,335
03/01/2003,FPR,FL,ASO,ES,Towers with Display (VFR),0,1,67,0,68,0,0,166,0,166,0,1,233,0,234,225,0,225,459
03/02/2003,FPR,FL,ASO,ES,Towers with Display (VFR),0,2,85,0,87,0,0,135,0,135,0,2,220,0,222,178,0,178,400
03/03/2003,FPR,FL,ASO,ES,Towers with Display (VFR),0,5,126,0,131,0,0,287,0,287,0,5,413,0,418,201,0,201,619
03/04/2003,FPR,FL,ASO,ES,Towers with Display (VFR),0,5,98,0,103,0,0,107,0,107,0,5,205,0,210,202,0,202,412
03/05/2003,FPR,FL,ASO,ES,Towers with Display (VFR),0,4,115,0,119,0,0,259,0,259,0,4,374,0,378,226,0,226,604
03/06/2003,FPR,FL,ASO,ES,Towers with Display (VFR),0,5,105,0,110,0,0,242,0,242,0,5,347,0,352,201,0,201,553
03/07/2003,FPR,FL,ASO,ES,Towers with Display (VFR),0,4,72,0,76,0,2,220,0,222,0,6,292,0,298,187,0,187,485
03/08/2003,FPR,FL,ASO,ES,Towers with Display (VFR),0,6,134,0,140,0,0,197,0,197,0,6,331,0,337,285,0,285,622
03/09/2003,FPR,FL,ASO,ES,Towers with Display (VFR),0,1,85,0,86,0,0,259,0,259,0,1,344,0,345,149,0,149,494
03/10/2003,FPR,FL,ASO,ES,Towers with Display (VFR),0,3,143,0,146,0,0,186,0,186,0,3,329,0,332,227,0,227,559
03/11/2003,FPR,FL,ASO,ES,Towers with Display (VFR),0,6,122,0,128,0,0,268,0,268,0,6,390,0,396,271,0,271,667
03/12/2003,FPR,FL,ASO,ES,Towers with Display (VFR),0,5,107,0,112,0,2,237,0,239,0,7,344,0,351,333,0,333,684
03/13/2003,FPR,FL,ASO,ES,Towers with Display (VFR),0,3,82,0,85,0,4,206,0,210,0,7,288,0,295,175,0,175,470
03/14/2003,FPR,FL,ASO,ES,Towers with Display (VFR),0,5,113,0,118,0,4,233,0,237,0,9,346,0,355,288,0,288,643
03/15/2003,FPR,FL,ASO,ES,Towers with Display (VFR),0,3,109,0,112,0,0,253,0,253,0,3,362,0,365,199,0,199,564
03/16/2003,FPR,FL,ASO,ES,Towers with Display (VFR),0,5,108,0,113,0,2,147,0,149,0,7,255,0,262,108,0,108,370
03/17/2003,FPR,FL,ASO,ES,Towers with Display (VFR),0,4,92,0,96,0,1,143,0,144,0,5,235,0,240,139,0,139,379
03/18/2003,FPR,FL,ASO,ES,Towers with Display (VFR),0,3,71,0,74,0,2,226,0,228,0,5,297,0,302,152,0,152,454
03/19/2003,FPR,FL,ASO,ES,Towers with Display (VFR),0,5,128,0,133,0,10,250,0,260,0,15,378,0,393,213,0,213,606
03/20/2003,FPR,FL,ASO,ES,Towers with Display (VFR),0,4,89,0,93,0,4,145,0,149,0,8,234,0,242,179,0,179,421
03/21/2003,FPR,FL,ASO,ES,Towers with Display (VFR),0,3,95,0,98,0,0,148,0,148,0,3,243,0,246,224,0,224,470
03/22/2003,FPR,FL,ASO,ES,Towers with Display (VFR),0,1,115,0,116,0,0,21,0,21,0,1,136,0,137,52,0,52,189
03/23/2003,FPR,FL,ASO,ES,Towers with Display (VFR),0,5,124,0,129,0,4,112,0,116,0,9,236,0,245,216,0,216,461
03/24/2003,FPR,FL,ASO,ES,Towers with Display (VFR),0,3,79,0,82,0,5,355,0,360,0,8,434,0,442,161,0,161,603
03/25/2003,FPR,FL,ASO,ES,Towers with Display (VFR),0,3,90,0,93,0,0,321,0,321,0,3,411,0,414,357,0,357,771
03/26/2003,FPR,FL,ASO,ES,Towers with Display (VFR),0,4,100,0,104,0,3,292,1,296,0,7,392,1,400,313,0,313,713
03/27/2003,FPR,FL,ASO,ES,Towers with Display (VFR),0,2,62,0,64,0,4,176,2,182,0,6,238,2,246,188,0,188,434
03/28/2003,FPR,FL,ASO,ES,Towers with Display (VFR),0,6,128,0,134,0,6,283,2,291,0,12,411,2,425,297,0,297,722
03/29/2003,FPR,FL,ASO,ES,Towers with Display (VFR),0,2,125,0,127,0,0,351,0,351,0,2,476,0,478,194,0,194,672
03/30/2003,FPR,FL,ASO,ES,Towers with Display (VFR),0,4,92,0,96,0,7,135,0,142,0,11,227,0,238,130,0,130,368
03/31/2003,FPR,FL,ASO,ES,Towers with Display (VFR),0,4,97,0,101,0,7,247,0,254,0,11,344,0,355,243,0,243,598
04/01/2003,FPR,FL,ASO,ES,Towers with Display (VFR),0,2,93,0,95,0,3,238,0,241,0,5,331,0,336,264,0,264,600
04/02/2003,FPR,FL,ASO,ES,Towers with Display (VFR),0,3,105,0,108,0,2,264,0,266,0,5,369,0,374,223,0,223,597
04/03/2003,FPR,FL,ASO,ES,Towers with Display (VFR),0,3,101,0,104,0,3,218,0,221,0,6,319,0,325,244,0,244,569
04/04/2003,FPR,FL,ASO,ES,Towers with Display (VFR),0,4,119,1,124,0,0,179,3,182,0,4,298,4,306,209,0,209,515
04/05/2003,FPR,FL,ASO,ES,Towers with Display (VFR),0,2,105,0,107,0,0,235,0,235,0,2,340,0,342,206,0,206,548
04/06/2003,FPR,FL,ASO,ES,Towers with Display (VFR),0,3,97,0,100,0,0,208,0,208,0,3,305,0,308,234,0,234,542
04/07/2003,FPR,FL,ASO,ES,Towers with Display (VFR),0,3,94,1,98,0,1,202,2,205,0,4,296,3,303,230,0,230,533
04/08/2003,FPR,FL,ASO,ES,Towers with Display (VFR),0,3,84,1,88,0,3,242,4,249,0,6,326,5,337,154,0,154,491
04/09/2003,FPR,FL,ASO,ES,Towers with Display (VFR),0,2,57,0,59,0,2,161,0,163,0,4,218,0,222,187,0,187,409
04/10/2003,FPR,FL,ASO,ES,Towers with Display (VFR),0,3,83,0,86,0,5,199,0,204,0,8,282,0,290,182,0,182,472
04/11/2003,FPR,FL,ASO,ES,Towers with Display (VFR),0,2,74,1,77,0,0,202,1,203,0,2,276,2,280,133,0,133,413
04/12/2003,FPR,FL,ASO,ES,Towers with Display (VFR),0,1,72,0,73,0,0,299,0,299,0,1,371,0,372,179,0,179,551
04/13/2003,FPR,FL,ASO,ES,Towers with Display (VFR),0,2,102,0,104,0,0,245,0,245,0,2,347,0,349,211,0,211,560
04/14/2003,FPR,FL,ASO,ES,Towers with Display (VFR),0,3,96,0,99,0,1,239,0,240,0,4,335,0,339,250,0,250,589
04/15/2003,FPR,FL,ASO,ES,Towers with Display (VFR),0,4,103,1,108,0,0,170,1,171,0,4,273,2,279,273,0,273,552
04/16/2003,FPR,FL,ASO,ES,Towers with Display (VFR),0,3,101,0,104,0,0,196,0,196,0,3,297,0,300,215,0,215,515
04/17/2003,FPR,FL,ASO,ES,Towers with Display (VFR),0,2,53,0,55,0,7,204,0,211,0,9,257,0,266,228,0,228,494
04/18/2003,FPR,FL,ASO,ES,Towers with Display (VFR),0,2,85,1,88,0,0,236,1,237,0,2,321,2,325,169,0,169,494
04/19/2003,FPR,FL,ASO,ES,Towers with Display (VFR),0,3,92,0,95,0,2,186,0,188,0,5,278,0,283,212,0,212,495
04/20/2003,FPR,FL,ASO,ES,Towers with Display (VFR),0,0,68,0,68,0,0,215,0,215,0,0,283,0,283,199,0,199,482
04/21/2003,FPR,FL,ASO,ES,Towers with Display (VFR),0,3,83,0,86,0,0,254,0,254,0,3,337,0,340,277,0,277,617
04/22/2003,FPR,FL,ASO,ES,Towers with Display (VFR),0,2,53,0,55,0,2,257,0,259,0,4,310,0,314,290,0,290,604
04/23/2003,FPR,FL,ASO,ES,Towers with Display (VFR),0,3,102,0,105,0,1,226,0,227,0,4,328,0,332,182,0,182,514
04/24/2003,FPR,FL,ASO,ES,Towers with Display (VFR),0,3,127,0,130,0,0,237,0,237,0,3,364,0,367,224,0,224,591
04/25/2003,FPR,FL,ASO,ES,Towers with Display (VFR),0,2,73,0,75,0,3,171,0,174,0,5,244,0,249,140,0,140,389
04/26/2003,FPR,FL,ASO,ES,Towers with Display (VFR),0,2,59,0,61,0,2,70,0,72,0,4,129,0,133,237,0,237,370
04/27/2003,FPR,FL,ASO,ES,Towers with Display (VFR),0,5,141,0,146,0,8,167,0,175,0,13,308,0,321,180,0,180,501
04/28/2003,FPR,FL,ASO,ES,Towers with Display (VFR),0,4,106,0,110,0,0,204,2,206,0,4,310,2,316,284,0,284,600
04/29/2003,FPR,FL,ASO,ES,Towers with Display (VFR),0,3,101,0,104,0,2,204,0,206,0,5,305,0,310,290,0,290,600
04/30/2003,FPR,FL,ASO,ES,Towers with Display (VFR),0,3,100,0,103,0,4,134,1,139,0,7,234,1,242,195,4,199,441
05/01/2003,FPR,FL,ASO,ES,Towers with Display (VFR),0,4,124,0,128,0,1,102,1,104,0,5,226,1,232,195,0,195,427
05/02/2003,FPR,FL,ASO,ES,Towers with Display (VFR),0,2,78,0,80,0,0,205,1,206,0,2,283,1,286,177,0,177,463
05/03/2003,FPR,FL,ASO,ES,Towers with Display (VFR),0,2,79,0,81,0,0,186,0,186,0,2,265,0,267,283,0,283,550
05/04/2003,FPR,FL,ASO,ES,Towers with Display (VFR),0,1,84,0,85,0,0,205,0,205,0,1,289,0,290,145,0,145,435
05/05/2003,FPR,FL,ASO,ES,Towers with Display (VFR),0,3,95,0,98,0,1,196,0,197,0,4,291,0,295,255,0,255,550
05/06/2003,FPR,FL,ASO,ES,Towers with Display (VFR),0,2,99,0,101,0,0,274,0,274,0,2,373,0,375,152,0,152,527
05/07/2003,FPR,FL,ASO,ES,Towers with Display (VFR),0,4,117,0,121,0,5,221,0,226,0,9,338,0,347,209,0,209,556
05/08/2003,FPR,FL,ASO,ES,Towers with Display (VFR),0,4,119,0,123,0,4,209,0,213,0,8,328,0,336,206,0,206,542
05/09/2003,FPR,FL,ASO,ES,Towers with Display (VFR),0,4,112,0,116,0,1,202,0,203,0,5,314,0,319,156,0,156,475
05/10/2003,FPR,FL,ASO,ES,Towers with Display (VFR),0,2,91,0,93,0,0,229,0,229,0,2,320,0,322,113,0,113,435
05/11/2003,FPR,FL,ASO,ES,Towers with Display (VFR),0,2,114,0,116,0,0,171,0,171,0,2,285,0,287,132,0,132,419
05/12/2003,FPR,FL,ASO,ES,Towers with Display (VFR),0,2,75,1,78,0,1,224,1,226,0,3,299,2,304,213,0,213,517
05/13/2003,FPR,FL,ASO,ES,Towers with Display (VFR),0,2,88,0,90,0,1,203,0,204,0,3,291,0,294,237,0,237,531
05/14/2003,FPR,FL,ASO,ES,Towers with Display (VFR),0,3,133,0,136,0,0,249,0,249,0,3,382,0,385,147,0,147,532
05/15/2003,FPR,FL,ASO,ES,Towers with Display (VFR),0,3,129,1,133,0,1,177,1,179,0,4,306,2,312,107,0,107,419
05/16/2003,FPR,FL,ASO,ES,Towers with Display (VFR),0,2,116,0,118,0,0,210,0,210,0,2,326,0,328,65,0,65,393
05/17/2003,FPR,FL,ASO,ES,Towers with Display (VFR),0,2,83,0,85,0,0,213,0,213,0,2,296,0,298,144,0,144,442
05/18/2003,FPR,FL,ASO,ES,Towers with Display (VFR),0,0,98,0,98,0,0,214,0,214,0,0,312,0,312,100,0,100,412
05/19/2003,FPR,FL,ASO,ES,Towers with Display (VFR),0,3,119,0,122,0,0,223,0,223,0,3,342,0,345,162,0,162,507
05/20/2003,FPR,FL,ASO,ES,Towers with Display (VFR),0,2,112,0,114,0,0,207,0,207,0,2,319,0,321,148,0,148,469
05/21/2003,FPR,FL,ASO,ES,Towers with Display (VFR),0,3,127,0,130,0,2,192,0,194,0,5,319,0,324,208,0,208,532
05/22/2003,FPR,FL,ASO,ES,Towers with Display (VFR),0,3,122,0,125,0,6,114,0,120,0,9,236,0,245,80,0,80,325
05/23/2003,FPR,FL,ASO,ES,Towers with Display (VFR),0,3,106,0,109,0,1,121,0,122,0,4,227,0,231,137,0,137,368
05/24/2003,FPR,FL,ASO,ES,Towers with Display (VFR),0,1,98,0,99,0,0,177,0,177,0,1,275,0,276,239,0,239,515
05/25/2003,FPR,FL,ASO,ES,Towers with Display (VFR),0,1,64,0,65,0,0,193,0,193,0,1,257,0,258,171,0,171,429
05/26/2003,FPR,FL,ASO,ES,Towers with Display (VFR),0,2,103,0,105,0,0,262,0,262,0,2,365,0,367,141,0,141,508
05/27/2003,FPR,FL,ASO,ES,Towers with Display (VFR),0,1,62,0,63,0,7,181,0,188,0,8,243,0,251,149,0,149,400
05/28/2003,FPR,FL,ASO,ES,Towers with Display (VFR),0,2,81,0,83,0,3,179,0,182,0,5,260,0,265,245,0,245,510
05/29/2003,FPR,FL,ASO,ES,Towers with Display (VFR),0,2,82,0,84,0,5,203,0,208,0,7,285,0,292,208,0,208,500
05/30/2003,FPR,FL,ASO,ES,Towers with Display (VFR),0,1,80,0,81,0,0,234,0,234,0,1,314,0,315,195,0,195,510
05/31/2003,FPR,FL,ASO,ES,Towers with Display (VFR),0,2,66,0,68,0,1,210,0,211,0,3,276,0,279,145,0,145,424
06/01/2003,FPR,FL,ASO,ES,Towers with Display (VFR),0,1,75,0,76,0,0,204,0,204,0,1,279,0,280,166,0,166,446
06/02/2003,FPR,FL,ASO,ES,Towers with Display (VFR),0,2,81,0,83,0,4,223,0,227,0,6,304,0,310,129,0,129,439
06/03/2003,FPR,FL,ASO,ES,Towers with Display (VFR),0,2,69,0,71,0,0,157,0,157,0,2,226,0,228,112,0,112,340
06/04/2003,FPR,FL,ASO,ES,Towers with Display (VFR),0,3,111,0,114,0,1,185,0,186,0,4,296,0,300,210,0,210,510
06/05/2003,FPR,FL,ASO,ES,Towers with Display (VFR),0,3,108,0,111,0,1,177,0,178,0,4,285,0,289,182,0,182,471
06/06/2003,FPR,FL,ASO,ES,Towers with Display (VFR),0,2,95,0,97,0,4,198,0,202,0,6,293,0,299,125,0,125,424
06/07/2003,FPR,FL,ASO,ES,Towers with Display (VFR),0,2,88,0,90,0,4,156,0,160,0,6,244,0,250,166,0,166,416
06/08/2003,FPR,FL,ASO,ES,Towers with Display (VFR),0,3,112,0,115,0,3,217,0,220,0,6,329,0,335,159,0,159,494
06/09/2003,FPR,FL,ASO,ES,Towers with Display (VFR),0,2,94,0,96,0,1,149,0,150,0,3,243,0,246,150,0,150,396
06/10/2003,FPR,FL,ASO,ES,Towers with Display (VFR),0,6,121,0,127,0,0,202,0,202,0,6,323,0,329,276,0,276,605
06/11/2003,FPR,FL,ASO,ES,Towers with Display (VFR),0,1,94,0,95,0,1,185,0,186,0,2,279,0,281,253,0,253,534
06/12/2003,FPR,FL,ASO,ES,Towers with Display (VFR),0,2,111,0,113,0,0,153,0,153,0,2,264,0,266,196,0,196,462
06/13/2003,FPR,FL,ASO,ES,Towers with Display (VFR),0,1,108,0,109,0,1,218,0,219,0,2,326,0,328,192,0,192,520
06/14/2003,FPR,FL,ASO,ES,Towers with Display (VFR),0,1,107,0,108,0,2,200,0,202,0,3,307,0,310,211,0,211,521
06/15/2003,FPR,FL,ASO,ES,Towers with Display (VFR),0,0,94,0,94,0,1,226,0,227,0,1,320,0,321,142,0,142,463
06/16/2003,FPR,FL,ASO,ES,Towers with Display (VFR),0,1,96,0,97,0,0,201,0,201,0,1,297,0,298,285,0,285,583
06/17/2003,FPR,FL,ASO,ES,Towers with Display (VFR),0,4,154,0,158,0,0,172,0,172,0,4,326,0,330,186,0,186,516
06/18/2003,FPR,FL,ASO,ES,Towers with Display (VFR),0,2,157,0,159,0,1,153,0,154,0,3,310,0,313,195,0,195,508
06/19/2003,FPR,FL,ASO,ES,Towers with Display (VFR),0,2,88,0,90,0,0,133,0,133,0,2,221,0,223,214,0,214,437
06/20/2003,FPR,FL,ASO,ES,Towers with Display (VFR),0,3,53,0,56,0,1,93,0,94,0,4,146,0,150,131,0,131,281
06/21/2003,FPR,FL,ASO,ES,Towers with Display (VFR),0,1,76,0,77,0,0,76,0,76,0,1,152,0,153,98,0,98,251
06/22/2003,FPR,FL,ASO,ES,Towers with Display (VFR),0,1,100,0,101,0,0,99,0,99,0,1,199,0,200,68,0,68,268
06/23/2003,FPR,FL,ASO,ES,Towers with Display (VFR),0,1,116,0,117,0,1,118,0,119,0,2,234,0,236,256,0,256,492
06/24/2003,FPR,FL,ASO,ES,Towers with Display (VFR),0,2,122,0,124,0,0,198,0,198,0,2,320,0,322,284,0,284,606
06/25/2003,FPR,FL,ASO,ES,Towers with Display (VFR),0,2,117,0,119,0,1,259,0,260,0,3,376,0,379,166,0,166,545
06/26/2003,FPR,FL,ASO,ES,Towers with Display (VFR),0,2,118,0,120,0,0,170,0,170,0,2,288,0,290,248,0,248,538
06/27/2003,FPR,FL,ASO,ES,Towers with Display (VFR),0,5,119,0,124,0,2,185,0,187,0,7,304,0,311,194,0,194,505
06/28/2003,FPR,FL,ASO,ES,Towers with Display (VFR),0,2,89,0,91,0,0,149,0,149,0,2,238,0,240,129,0,129,369
06/29/2003,FPR,FL,ASO,ES,Towers with Display (VFR),0,0,105,0,105,0,0,181,0,181,0,0,286,0,286,188,0,188,474
06/30/2003,FPR,FL,ASO,ES,Towers with Display (VFR),0,3,109,0,112,0,3,194,0,197,0,6,303,0,309,169,0,169,478
07/01/2003,FPR,FL,ASO,ES,Towers with Display (VFR),0,5,106,0,111,0,1,188,0,189,0,6,294,0,300,214,0,214,514
07/02/2003,FPR,FL,ASO,ES,Towers with Display (VFR),0,3,126,0,129,0,7,205,0,212,0,10,331,0,341,174,0,174,515
07/03/2003,FPR,FL,ASO,ES,Towers with Display (VFR),0,2,131,0,133,0,2,190,0,192,0,4,321,0,325,188,0,188,513
07/04/2003,FPR,FL,ASO,ES,Towers with Display (VFR),0,1,90,0,91,0,0,150,0,150,0,1,240,0,241,168,0,168,409
07/05/2003,FPR,FL,ASO,ES,Towers with Display (VFR),0,0,75,0,75,0,1,169,0,170,0,1,244,0,245,250,0,250,495
07/06/2003,FPR,FL,ASO,ES,Towers with Display (VFR),0,0,104,0,104,0,6,198,0,204,0,6,302,0,308,142,0,142,450
07/07/2003,FPR,FL,ASO,ES,Towers with Display (VFR),0,3,116,0,119,0,2,211,0,213,0,5,327,0,332,165,0,165,497
07/08/2003,FPR,FL,ASO,ES,Towers with Display (VFR),0,2,122,0,124,0,0,184,2,186,0,2,306,2,310,184,0,184,494
07/09/2003,FPR,FL,ASO,ES,Towers with Display (VFR),0,3,116,0,119,0,2,221,0,223,0,5,337,0,342,235,0,235,577
07/10/2003,FPR,FL,ASO,ES,Towers with Display (VFR),0,4,90,0,94,0,2,178,0,180,0,6,268,0,274,135,0,135,409
07/11/2003,FPR,FL,ASO,ES,Towers with Display (VFR),0,2,110,0,112,0,0,153,0,153,0,2,263,0,265,179,0,179,444
07/12/2003,FPR,FL,ASO,ES,Towers with Display (VFR),0,2,106,0,108,0,0,183,2,185,0,2,289,2,293,244,0,244,537
07/13/2003,FPR,FL,ASO,ES,Towers with Display (VFR),0,0,73,0,73,0,1,163,0,164,0,1,236,0,237,174,0,174,411
07/14/2003,FPR,FL,ASO,ES,Towers with Display (VFR),0,0,77,0,77,0,6,140,0,146,0,6,217,0,223,292,0,292,515
07/15/2003,FPR,FL,ASO,ES,Towers with Display (VFR),0,2,90,0,92,0,0,144,0,144,0,2,234,0,236,210,0,210,446
07/16/2003,FPR,FL,ASO,ES,Towers with Display (VFR),0,3,123,0,126,0,1,177,0,178,0,4,300,0,304,201,0,201,505
07/17/2003,FPR,FL,ASO,ES,Towers with Display (VFR),0,3,121,0,124,0,1,171,0,172,0,4,292,0,296,232,0,232,528
07/18/2003,FPR,FL,ASO,ES,Towers with Display (VFR),0,1,94,0,95,0,0,216,0,216,0,1,310,0,311,149,0,149,460
07/19/2003,FPR,FL,ASO,ES,Towers with Display (VFR),0,1,80,0,81,0,0,172,0,172,0,1,252,0,253,169,0,169,422
07/20/2003,FPR,FL,ASO,ES,Towers with Display (VFR),0,1,115,0,116,0,1,229,0,230,0,2,344,0,346,155,0,155,501
07/21/2003,FPR,FL,ASO,ES,Towers with Display (VFR),0,1,65,0,66,0,0,200,0,200,0,1,265,0,266,146,0,146,412
07/22/2003,FPR,FL,ASO,ES,Towers with Display (VFR),0,3,110,0,113,0,4,194,0,198,0,7,304,0,311,210,0,210,521
07/23/2003,FPR,FL,ASO,ES,Towers with Display (VFR),0,3,137,0,140,0,1,153,0,154,0,4,290,0,294,243,0,243,537
07/24/2003,FPR,FL,ASO,ES,Towers with Display (VFR),0,3,132,2,137,0,0,161,0,161,0,3,293,2,298,229,8,237,535
07/25/2003,FPR,FL,ASO,ES,Towers with Display (VFR),0,1,88,0,89,0,3,198,0,201,0,4,286,0,290,257,0,257,547
07/26/2003,FPR,FL,ASO,ES,Towers with Display (VFR),0,0,75,0,75,0,3,197,0,200,0,3,272,0,275,236,0,236,511
07/27/2003,FPR,FL,ASO,ES,Towers with Display (VFR),0,0,85,0,85,0,0,240,0,240,0,0,325,0,325,165,0,165,490
07/28/2003,FPR,FL,ASO,ES,Towers with Display (VFR),0,2,82,0,84,0,3,233,0,236,0,5,315,0,320,251,0,251,571
07/29/2003,FPR,FL,ASO,ES,Towers with Display (VFR),0,2,83,0,85,0,2,183,0,185,0,4,266,0,270,237,0,237,507
07/30/2003,FPR,FL,ASO,ES,Towers with Display (VFR),0,6,90,0,96,0,0,189,0,189,0,6,279,0,285,168,0,168,453
07/31/2003,FPR,FL,ASO,ES,Towers with Display (VFR),0,4,82,0,86,0,0,183,0,183,0,4,265,0,269,225,0,225,494
08/01/2003,FPR,FL,ASO,ES,Towers with Display (VFR),0,3,104,0,107,0,1,214,0,215,0,4,318,0,322,235,0,235,557
08/02/2003,FPR,FL,ASO,ES,Towers with Display (VFR),0,1,58,0,59,0,2,207,0,209,0,3,265,0,268,258,0,258,526
08/03/2003,FPR,FL,ASO,ES,Towers with Display (VFR),0,0,75,0,75,0,2,177,0,179,0,2,252,0,254,148,0,148,402
08/04/2003,FPR,FL,ASO,ES,Towers with Display (VFR),0,4,112,0,116,0,3,174,0,177,0,7,286,0,293,202,0,202,495
08/05/2003,FPR,FL,ASO,ES,Towers with Display (VFR),0,2,94,0,96,0,2,235,0,237,0,4,329,0,333,262,0,262,595
08/06/2003,FPR,FL,ASO,ES,Towers with Display (VFR),0,2,80,0,82,0,1,277,0,278,0,3,357,0,360,270,0,270,630
08/07/2003,FPR,FL,ASO,ES,Towers with Display (VFR),0,1,72,0,73,0,2,217,0,219,0,3,289,0,292,284,0,284,576
08/08/2003,FPR,FL,ASO,ES,Towers with Display (VFR),0,1,77,0,78,0,0,239,0,239,0,1,316,0,317,288,0,288,605
08/09/2003,FPR,FL,ASO,ES,Towers with Display (VFR),0,0,57,0,57,0,0,132,0,132,0,0,189,0,189,211,0,211,400
08/10/2003,FPR,FL,ASO,ES,Towers with Display (VFR),0,1,72,0,73,0,0,163,0,163,0,1,235,0,236,234,0,234,470
08/11/2003,FPR,FL,ASO,ES,Towers with Display (VFR),0,1,70,0,71,0,0,222,0,222,0,1,292,0,293,271,0,271,564
08/12/2003,FPR,FL,ASO,ES,Towers with Display (VFR),0,2,108,0,110,0,0,274,0,274,0,2,382,0,384,368,0,368,752
08/13/2003,FPR,FL,ASO,ES,Towers with Display (VFR),0,1,109,0,110,0,2,216,0,218,0,3,325,0,328,313,0,313,641
08/14/2003,FPR,FL,ASO,ES,Towers with Display (VFR),0,3,46,0,49,0,0,50,0,50,0,3,96,0,99,136,0,136,235
08/15/2003,FPR,FL,ASO,ES,Towers with Display (VFR),0,1,91,0,92,0,0,162,0,162,0,1,253,0,254,256,0,256,510
08/16/2003,FPR,FL,ASO,ES,Towers with Display (VFR),0,0,93,0,93,0,0,224,0,224,0,0,317,0,317,370,0,370,687
08/17/2003,FPR,FL,ASO,ES,Towers with Display (VFR),0,0,70,0,70,0,0,242,0,242,0,0,312,0,312,249,0,249,561
08/18/2003,FPR,FL,ASO,ES,Towers with Display (VFR),0,1,86,0,87,0,1,161,0,162,0,2,247,0,249,136,0,136,385
08/19/2003,FPR,FL,ASO,ES,Towers with Display (VFR),0,3,101,0,104,0,0,187,0,187,0,3,288,0,291,296,0,296,587
08/20/2003,FPR,FL,ASO,ES,Towers with Display (VFR),0,9,78,0,87,0,0,206,0,206,0,9,284,0,293,387,0,387,680
08/21/2003,FPR,FL,ASO,ES,Towers with Display (VFR),0,3,108,0,111,0,0,210,0,210,0,3,318,0,321,247,0,247,568
08/22/2003,FPR,FL,ASO,ES,Towers with Display (VFR),0,1,93,0,94,0,1,208,0,209,0,2,301,0,303,279,0,279,582
08/23/2003,FPR,FL,ASO,ES,Towers with Display (VFR),0,1,72,0,73,0,0,144,0,144,0,1,216,0,217,232,0,232,449
08/24/2003,FPR,FL,ASO,ES,Towers with Display (VFR),0,0,95,0,95,0,1,152,0,153,0,1,247,0,248,249,0,249,497
08/25/2003,FPR,FL,ASO,ES,Towers with Display (VFR),0,1,104,0,105,0,0,182,0,182,0,1,286,0,287,257,0,257,544
08/26/2003,FPR,FL,ASO,ES,Towers with Display (VFR),0,2,93,0,95,0,3,171,0,174,0,5,264,0,269,214,0,214,483
08/27/2003,FPR,FL,ASO,ES,Towers with Display (VFR),0,6,117,0,123,0,0,138,0,138,0,6,255,0,261,205,0,205,466
08/28/2003,FPR,FL,ASO,ES,Towers with Display (VFR),0,2,89,0,91,0,1,113,0,114,0,3,202,0,205,69,0,69,274
08/29/2003,FPR,FL,ASO,ES,Towers with Display (VFR),0,1,113,0,114,0,3,205,0,208,0,4,318,0,322,418,0,418,740
08/30/2003,FPR,FL,ASO,ES,Towers with Display (VFR),0,0,73,0,73,0,0,188,0,188,0,0,261,0,261,364,0,364,625
08/31/2003,FPR,FL,ASO,ES,Towers with Display (VFR),0,0,54,0,54,0,2,214,0,216,0,2,268,0,270,265,0,265,535
09/01/2003,FPR,FL,ASO,ES,Towers with Display (VFR),0,0,103,0,103,0,1,200,0,201,0,1,303,0,304,189,0,189,493
09/02/2003,FPR,FL,ASO,ES,Towers with Display (VFR),0,1,87,2,90,0,2,171,0,173,0,3,258,2,263,329,0,329,592
09/03/2003,FPR,FL,ASO,ES,Towers with Display (VFR),0,4,83,2,89,0,0,240,0,240,0,4,323,2,329,371,0,371,700
09/04/2003,FPR,FL,ASO,ES,Towers with Display (VFR),0,5,63,0,68,0,0,162,0,162,0,5,225,0,230,265,0,265,495
09/05/2003,FPR,FL,ASO,ES,Towers with Display (VFR),0,2,73,0,75,0,1,138,0,139,0,3,211,0,214,330,0,330,544
09/06/2003,FPR,FL,ASO,ES,Towers with Display (VFR),0,1,61,0,62,0,0,150,0,150,0,1,211,0,212,237,0,237,449
09/07/2003,FPR,FL,ASO,ES,Towers with Display (VFR),0,0,62,0,62,0,0,128,0,128,0,0,190,0,190,247,0,247,437
09/08/2003,FPR,FL,ASO,ES,Towers with Display (VFR),0,2,86,2,90,0,0,233,0,233,0,2,319,2,323,254,0,254,577
09/09/2003,FPR,FL,ASO,ES,Towers with Display (VFR),0,3,55,0,58,0,4,229,0,233,0,7,284,0,291,317,0,317,608
09/10/2003,FPR,FL,ASO,ES,Towers with Display (VFR),0,5,83,2,90,0,1,249,0,250,0,6,332,2,340,234,0,234,574
09/11/2003,FPR,FL,ASO,ES,Towers with Display (VFR),0,2,82,0,84,0,0,216,0,216,0,2,298,0,300,157,0,157,457
09/12/2003,FPR,FL,ASO,ES,Towers with Display (VFR),0,2,87,0,89,0,1,187,0,188,0,3,274,0,277,215,0,215,492
09/13/2003,FPR,FL,ASO,ES,Towers with Display (VFR),0,0,106,0,106,0,1,203,0,204,0,1,309,0,310,323,0,323,633
09/14/2003,FPR,FL,ASO,ES,Towers with Display (VFR),0,2,45,0,47,0,3,185,0,188,0,5,230,0,235,369,0,369,604
09/15/2003,FPR,FL,ASO,ES,Towers with Display (VFR),0,1,60,0,61,0,0,229,0,229,0,1,289,0,290,278,0,278,568
09/16/2003,FPR,FL,ASO,ES,Towers with Display (VFR),0,2,72,0,74,0,1,116,0,117,0,3,188,0,191,136,0,136,327
09/17/2003,FPR,FL,ASO,ES,Towers with Display (VFR),0,4,81,0,85,0,0,139,0,139,0,4,220,0,224,288,0,288,512
09/18/2003,FPR,FL,ASO,ES,Towers with Display (VFR),0,2,109,0,111,0,0,235,0,235,0,2,344,0,346,243,0,243,589
09/19/2003,FPR,FL,ASO,ES,Towers with Display (VFR),0,2,97,0,99,0,2,179,0,181,0,4,276,0,280,324,0,324,604
09/20/2003,FPR,FL,ASO,ES,Towers with Display (VFR),0,0,56,0,56,0,1,134,0,135,0,1,190,0,191,387,0,387,578
09/21/2003,FPR,FL,ASO,ES,Towers with Display (VFR),0,0,69,0,69,0,0,195,0,195,0,0,264,0,264,291,0,291,555
09/22/2003,FPR,FL,ASO,ES,Towers with Display (VFR),0,1,101,0,102,0,0,205,0,205,0,1,306,0,307,374,0,374,681
09/23/2003,FPR,FL,ASO,ES,Towers with Display (VFR),0,2,93,0,95,0,0,200,0,200,0,2,293,0,295,402,0,402,697
09/24/2003,FPR,FL,ASO,ES,Towers with Display (VFR),0,3,114,0,117,0,2,203,0,205,0,5,317,0,322,319,0,319,641
09/25/2003,FPR,FL,ASO,ES,Towers with Display (VFR),0,3,78,0,81,0,3,180,0,183,0,6,258,0,264,224,0,224,488
09/26/2003,FPR,FL,ASO,ES,Towers with Display (VFR),0,2,50,0,52,0,0,70,0,70,0,2,120,0,122,192,0,192,314
09/27/2003,FPR,FL,ASO,ES,Towers with Display (VFR),0,2,58,0,60,0,2,220,0,222,0,4,278,0,282,183,0,183,465
09/28/2003,FPR,FL,ASO,ES,Towers with Display (VFR),0,0,65,0,65,0,0,160,0,160,0,0,225,0,225,179,0,179,404
09/29/2003,FPR,FL,ASO,ES,Towers with Display (VFR),0,2,88,0,90,0,0,73,0,73,0,2,161,0,163,140,0,140,303
09/30/2003,FPR,FL,ASO,ES,Towers with Display (VFR),0,3,88,0,91,0,0,147,0,147,0,3,235,0,238,262,0,262,500
10/01/2003,FPR,FL,ASO,ES,Towers with Display (VFR),0,3,72,0,75,0,0,154,2,156,0,3,226,2,231,236,0,236,467
10/02/2003,FPR,FL,ASO,ES,Towers with Display (VFR),0,3,61,0,64,0,0,261,2,263,0,3,322,2,327,233,0,233,560
10/03/2003,FPR,FL,ASO,ES,Towers with Display (VFR),0,3,67,0,70,0,1,216,0,217,0,4,283,0,287,313,0,313,600
10/04/2003,FPR,FL,ASO,ES,Towers with Display (VFR),0,4,90,0,94,0,2,194,0,196,0,6,284,0,290,318,0,318,608
10/05/2003,FPR,FL,ASO,ES,Towers with Display (VFR),0,1,64,0,65,0,0,205,0,205,0,1,269,0,270,201,0,201,471
10/06/2003,FPR,FL,ASO,ES,Towers with Display (VFR),0,1,101,0,102,0,0,216,0,216,0,1,317,0,318,268,0,268,586
10/07/2003,FPR,FL,ASO,ES,Towers with Display (VFR),0,3,94,0,97,0,0,248,0,248,0,3,342,0,345,317,0,317,662
10/08/2003,FPR,FL,ASO,ES,Towers with Display (VFR),0,2,82,0,84,0,3,231,0,234,0,5,313,0,318,219,0,219,537
10/09/2003,FPR,FL,ASO,ES,Towers with Display (VFR),0,2,75,0,77,0,5,239,0,244,0,7,314,0,321,183,0,183,504
10/10/2003,FPR,FL,ASO,ES,Towers with Display (VFR),0,1,83,0,84,0,0,239,0,239,0,1,322,0,323,384,0,384,707
10/11/2003,FPR,FL,ASO,ES,Towers with Display (VFR),0,0,54,0,54,0,0,228,0,228,0,0,282,0,282,248,0,248,530
10/12/2003,FPR,FL,ASO,ES,Towers with Display (VFR),0,2,61,0,63,0,0,237,0,237,0,2,298,0,300,240,0,240,540
10/13/2003,FPR,FL,ASO,ES,Towers with Display (VFR),0,1,90,0,91,0,0,234,0,234,0,1,324,0,325,361,0,361,686
10/14/2003,FPR,FL,ASO,ES,Towers with Display (VFR),0,2,59,0,61,0,4,239,0,243,0,6,298,0,304,314,0,314,618
10/15/2003,FPR,FL,ASO,ES,Towers with Display (VFR),0,2,68,0,70,0,3,193,0,196,0,5,261,0,266,268,0,268,534
10/16/2003,FPR,FL,ASO,ES,Towers with Display (VFR),0,1,41,0,42,0,2,239,0,241,0,3,280,0,283,253,0,253,536
10/17/2003,FPR,FL,ASO,ES,Towers with Display (VFR),0,2,103,0,105,0,0,233,0,233,0,2,336,0,338,292,0,292,630
10/18/2003,FPR,FL,ASO,ES,Towers with Display (VFR),0,0,58,0,58,0,0,234,0,234,0,0,292,0,292,241,0,241,533
10/19/2003,FPR,FL,ASO,ES,Towers with Display (VFR),0,1,62,0,63,0,0,176,0,176,0,1,238,0,239,282,0,282,521
10/20/2003,FPR,FL,ASO,ES,Towers with Display (VFR),0,3,89,0,92,0,0,232,0,232,0,3,321,0,324,334,0,334,658
10/21/2003,FPR,FL,ASO,ES,Towers with Display (VFR),0,2,78,0,80,0,3,274,2,279,0,5,352,2,359,305,0,305,664
10/22/2003,FPR,FL,ASO,ES,Towers with Display (VFR),0,2,64,0,66,0,4,235,0,239,0,6,299,0,305,362,0,362,667
10/23/2003,FPR,FL,ASO,ES,Towers with Display (VFR),0,2,72,0,74,0,1,195,0,196,0,3,267,0,270,222,0,222,492
10/24/2003,FPR,FL,ASO,ES,Towers with Display (VFR),0,2,69,0,71,0,0,263,0,263,0,2,332,0,334,346,0,346,680
10/25/2003,FPR,FL,ASO,ES,Towers with Display (VFR),0,1,75,0,76,0,0,199,0,199,0,1,274,0,275,228,0,228,503
10/26/2003,FPR,FL,ASO,ES,Towers with Display (VFR),0,1,55,0,56,0,1,176,0,177,0,2,231,0,233,339,0,339,572
10/27/2003,FPR,FL,ASO,ES,Towers with Display (VFR),0,1,82,0,83,0,0,248,0,248,0,1,330,0,331,291,0,291,622
10/28/2003,FPR,FL,ASO,ES,Towers with Display (VFR),0,1,43,0,44,0,2,206,2,210,0,3,249,2,254,232,0,232,486
10/29/2003,FPR,FL,ASO,ES,Towers with Display (VFR),0,2,71,0,73,0,0,274,0,274,0,2,345,0,347,234,0,234,581
10/30/2003,FPR,FL,ASO,ES,Towers with Display (VFR),0,2,76,0,78,0,1,200,2,203,0,3,276,2,281,161,0,161,442
10/31/2003,FPR,FL,ASO,ES,Towers with Display (VFR),0,2,72,0,74,0,0,210,0,210,0,2,282,0,284,219,0,219,503
11/01/2003,FPR,FL,ASO,ES,Towers with Display (VFR),0,0,51,0,51,0,0,156,0,156,0,0,207,0,207,129,0,129,336
11/02/2003,FPR,FL,ASO,ES,Towers with Display (VFR),0,0,46,0,46,0,0,169,0,169,0,0,215,0,215,115,0,115,330
11/03/2003,FPR,FL,ASO,ES,Towers with Display (VFR),0,2,82,0,84,0,0,179,0,179,0,2,261,0,263,246,0,246,509
11/04/2003,FPR,FL,ASO,ES,Towers with Display (VFR),0,3,113,0,116,0,0,138,0,138,0,3,251,0,254,422,0,422,676
11/05/2003,FPR,FL,ASO,ES,Towers with Display (VFR),0,4,85,0,89,0,1,75,0,76,0,5,160,0,165,107,0,107,272
11/06/2003,FPR,FL,ASO,ES,Towers with Display (VFR),0,0,0,0,0,0,1,104,0,105,0,1,104,0,105,142,0,142,247
11/07/2003,FPR,FL,ASO,ES,Towers with Display (VFR),0,3,85,0,88,0,0,278,0,278,0,3,363,0,366,278,0,278,644
11/08/2003,FPR,FL,ASO,ES,Towers with Display (VFR),0,2,53,0,55,0,2,149,0,151,0,4,202,0,206,131,0,131,337
11/09/2003,FPR,FL,ASO,ES,Towers with Display (VFR),0,2,93,0,95,0,0,115,0,115,0,2,208,0,210,165,0,165,375
11/10/2003,FPR,FL,ASO,ES,Towers with Display (VFR),0,1,89,0,90,0,0,116,0,116,0,1,205,0,206,124,0,124,330
11/11/2003,FPR,FL,ASO,ES,Towers with Display (VFR),0,4,102,0,106,0,2,228,0,230,0,6,330,0,336,231,0,231,567
11/12/2003,FPR,FL,ASO,ES,Towers with Display (VFR),0,3,80,0,83,0,4,282,2,288,0,7,362,2,371,270,0,270,641
11/13/2003,FPR,FL,ASO,ES,Towers with Display (VFR),0,4,94,0,98,0,4,195,2,201,0,8,289,2,299,195,0,195,494
11/14/2003,FPR,FL,ASO,ES,Towers with Display (VFR),0,2,93,0,95,0,0,276,0,276,0,2,369,0,371,242,0,242,613
11/15/2003,FPR,FL,ASO,ES,Towers with Display (VFR),0,2,79,0,81,0,1,262,0,263,0,3,341,0,344,232,0,232,576
11/16/2003,FPR,FL,ASO,ES,Towers with Display (VFR),0,2,80,0,82,0,1,255,0,256,0,3,335,0,338,276,0,276,614
11/17/2003,FPR,FL,ASO,ES,Towers with Display (VFR),0,2,74,0,76,0,1,242,0,243,0,3,316,0,319,266,0,266,585
11/18/2003,FPR,FL,ASO,ES,Towers with Display (VFR),0,2,61,0,63,0,6,222,0,228,0,8,283,0,291,281,0,281,572
11/19/2003,FPR,FL,ASO,ES,Towers with Display (VFR),0,3,86,0,89,0,6,94,0,100,0,9,180,0,189,103,0,103,292
11/20/2003,FPR,FL,ASO,ES,Towers with Display (VFR),0,1,55,0,56,0,2,245,0,247,0,3,300,0,303,162,0,162,465
11/21/2003,FPR,FL,ASO,ES,Towers with Display (VFR),0,3,97,0,100,0,4,249,0,253,0,7,346,0,353,275,0,275,628
11/22/2003,FPR,FL,ASO,ES,Towers with Display (VFR),0,1,83,0,84,0,0,303,0,303,0,1,386,0,387,207,0,207,594
11/23/2003,FPR,FL,ASO,ES,Towers with Display (VFR),0,1,79,0,80,0,0,248,0,248,0,1,327,0,328,289,0,289,617
11/24/2003,FPR,FL,ASO,ES,Towers with Display (VFR),0,2,115,0,117,0,0,253,0,253,0,2,368,0,370,277,0,277,647
11/25/2003,FPR,FL,ASO,ES,Towers with Display (VFR),0,3,96,0,99,0,2,238,0,240,0,5,334,0,339,362,0,362,701
11/26/2003,FPR,FL,ASO,ES,Towers with Display (VFR),0,2,85,0,87,0,4,228,0,232,0,6,313,0,319,254,0,254,573
11/27/2003,FPR,FL,ASO,ES,Towers with Display (VFR),0,0,28,0,28,0,0,77,0,77,0,0,105,0,105,46,0,46,151
11/28/2003,FPR,FL,ASO,ES,Towers with Display (VFR),0,1,55,0,56,0,2,172,0,174,0,3,227,0,230,206,0,206,436
11/29/2003,FPR,FL,ASO,ES,Towers with Display (VFR),0,1,69,0,70,0,0,142,0,142,0,1,211,0,212,139,0,139,351
11/30/2003,FPR,FL,ASO,ES,Towers with Display (VFR),0,0,96,0,96,0,0,251,0,251,0,0,347,0,347,160,0,160,507
12/01/2003,FPR,FL,ASO,ES,Towers with Display (VFR),0,1,51,0,52,0,0,176,0,176,0,1,227,0,228,218,0,218,446
12/02/2003,FPR,FL,ASO,ES,Towers with Display (VFR),0,3,55,0,58,0,7,170,0,177,0,10,225,0,235,125,0,125,360
12/03/2003,FPR,FL,ASO,ES,Towers with Display (VFR),0,4,94,0,98,0,0,227,3,230,0,4,321,3,328,231,0,231,559
12/04/2003,FPR,FL,ASO,ES,Towers with Display (VFR),0,5,89,0,94,0,1,217,0,218,0,6,306,0,312,192,0,192,504
12/05/2003,FPR,FL,ASO,ES,Towers with Display (VFR),0,3,61,0,64,0,2,177,1,180,0,5,238,1,244,183,0,183,427
12/06/2003,FPR,FL,ASO,ES,Towers with Display (VFR),0,1,59,0,60,0,0,173,0,173,0,1,232,0,233,149,0,149,382
12/07/2003,FPR,FL,ASO,ES,Towers with Display (VFR),0,0,74,0,74,0,0,222,0,222,0,0,296,0,296,173,0,173,469
12/08/2003,FPR,FL,ASO,ES,Towers with Display (VFR),0,3,93,0,96,0,0,224,0,224,0,3,317,0,320,268,0,268,588
12/09/2003,FPR,FL,ASO,ES,Towers with Display (VFR),0,5,103,0,108,0,5,217,0,222,0,10,320,0,330,201,0,201,531
12/10/2003,FPR,FL,ASO,ES,Towers with Display (VFR),0,3,77,0,80,0,0,153,0,153,0,3,230,0,233,211,0,211,444
12/11/2003,FPR,FL,ASO,ES,Towers with Display (VFR),0,3,64,0,67,0,0,251,0,251,0,3,315,0,318,261,0,261,579
12/12/2003,FPR,FL,ASO,ES,Towers with Display (VFR),0,3,64,0,67,0,4,223,0,227,0,7,287,0,294,304,0,304,598
12/13/2003,FPR,FL,ASO,ES,Towers with Display (VFR),0,0,96,0,96,0,0,200,0,200,0,0,296,0,296,266,0,266,562
12/14/2003,FPR,FL,ASO,ES,Towers with Display (VFR),0,0,49,0,49,0,0,32,0,32,0,0,81,0,81,64,0,64,145
12/15/2003,FPR,FL,ASO,ES,Towers with Display (VFR),0,2,94,1,97,0,0,212,4,216,0,2,306,5,313,220,0,220,533
12/16/2003,FPR,FL,ASO,ES,Towers with Display (VFR),0,4,128,0,132,0,0,235,0,235,0,4,363,0,367,271,0,271,638
12/17/2003,FPR,FL,ASO,ES,Towers with Display (VFR),0,2,56,0,58,0,2,39,0,41,0,4,95,0,99,51,0,51,150
12/18/2003,FPR,FL,ASO,ES,Towers with Display (VFR),0,2,79,0,81,0,0,245,0,245,0,2,324,0,326,294,0,294,620
12/19/2003,FPR,FL,ASO,ES,Towers with Display (VFR),0,3,77,0,80,0,0,202,0,202,0,3,279,0,282,243,0,243,525
12/20/2003,FPR,FL,ASO,ES,Towers with Display (VFR),0,2,52,0,54,0,3,173,0,176,0,5,225,0,230,133,0,133,363
12/21/2003,FPR,FL,ASO,ES,Towers with Display (VFR),0,1,55,0,56,0,0,108,0,108,0,1,163,0,164,113,0,113,277
12/22/2003,FPR,FL,ASO,ES,Towers with Display (VFR),0,1,79,0,80,0,0,122,0,122,0,1,201,0,202,118,0,118,320
12/23/2003,FPR,FL,ASO,ES,Towers with Display (VFR),0,4,103,0,107,0,8,76,4,88,0,12,179,4,195,102,0,102,297
12/24/2003,FPR,FL,ASO,ES,Towers with Display (VFR),0,1,31,0,32,0,2,102,0,104,0,3,133,0,136,70,0,70,206
12/25/2003,FPR,FL,ASO,ES,Towers with Display (VFR),0,0,15,0,15,0,4,30,0,34,0,4,45,0,49,6,0,6,55
12/26/2003,FPR,FL,ASO,ES,Towers with Display (VFR),0,3,81,0,84,0,0,138,0,138,0,3,219,0,222,62,0,62,284
12/27/2003,FPR,FL,ASO,ES,Towers with Display (VFR),0,3,90,0,93,0,1,167,0,168,0,4,257,0,261,75,0,75,336
12/28/2003,FPR,FL,ASO,ES,Towers with Display (VFR),0,0,76,0,76,0,0,138,0,138,0,0,214,0,214,61,0,61,275
12/29/2003,FPR,FL,ASO,ES,Towers with Display (VFR),0,2,74,0,76,0,0,159,0,159,0,2,233,0,235,61,0,61,296
12/30/2003,FPR,FL,ASO,ES,Towers with Display (VFR),0,3,89,0,92,0,3,204,0,207,0,6,293,0,299,111,0,111,410
12/31/2003,FPR,FL,ASO,ES,Towers with Display (VFR),0,5,118,0,123,0,3,160,0,163,0,8,278,0,286,134,0,134,420
01/01/2004,FPR,FL,ASO,ES,Towers with Display (VFR),0,0,44,0,44,0,0,92,0,92,0,0,136,0,136,10,0,10,146
01/02/2004,FPR,FL,ASO,ES,Towers with Display (VFR),0,4,112,0,116,0,2,197,0,199,0,6,309,0,315,137,0,137,452
01/03/2004,FPR,FL,ASO,ES,Towers with Display (VFR),0,5,126,0,131,0,1,170,0,171,0,6,296,0,302,128,0,128,430
01/04/2004,FPR,FL,ASO,ES,Towers with Display (VFR),0,3,104,0,107,0,0,231,0,231,0,3,335,0,338,120,0,120,458
01/05/2004,FPR,FL,ASO,ES,Towers with Display (VFR),0,3,95,0,98,0,1,191,0,192,0,4,286,0,290,129,0,129,419
01/06/2004,FPR,FL,ASO,ES,Towers with Display (VFR),0,4,103,0,107,0,2,175,0,177,0,6,278,0,284,159,0,159,443
01/07/2004,FPR,FL,ASO,ES,Towers with Display (VFR),0,2,39,0,41,0,7,131,1,139,0,9,170,1,180,71,0,71,251
01/08/2004,FPR,FL,ASO,ES,Towers with Display (VFR),0,3,71,0,74,0,0,224,0,224,0,3,295,0,298,169,0,169,467
01/09/2004,FPR,FL,ASO,ES,Towers with Display (VFR),0,3,82,0,85,0,1,230,0,231,0,4,312,0,316,285,0,285,601
01/10/2004,FPR,FL,ASO,ES,Towers with Display (VFR),0,0,73,0,73,0,0,52,0,52,0,0,125,0,125,32,0,32,157
01/11/2004,FPR,FL,ASO,ES,Towers with Display (VFR),0,2,91,0,93,0,0,147,0,147,0,2,238,0,240,106,0,106,346
01/12/2004,FPR,FL,ASO,ES,Towers with Display (VFR),0,4,108,0,112,0,3,213,0,216,0,7,321,0,328,302,0,302,630
01/13/2004,FPR,FL,ASO,ES,Towers with Display (VFR),0,3,85,0,88,0,1,255,0,256,0,4,340,0,344,277,0,277,621
01/14/2004,FPR,FL,ASO,ES,Towers with Display (VFR),0,4,106,0,110,0,1,282,0,283,0,5,388,0,393,212,0,212,605
01/15/2004,FPR,FL,ASO,ES,Towers with Display (VFR),0,3,89,0,92,0,4,244,0,248,0,7,333,0,340,114,0,114,454
01/16/2004,FPR,FL,ASO,ES,Towers with Display (VFR),0,2,89,0,91,0,5,233,0,238,0,7,322,0,329,163,0,163,492
01/17/2004,FPR,FL,ASO,ES,Towers with Display (VFR),0,0,119,0,119,0,0,208,0,208,0,0,327,0,327,152,0,152,479
01/18/2004,FPR,FL,ASO,ES,Towers with Display (VFR),0,2,76,0,78,0,2,72,0,74,0,4,148,0,152,109,0,109,261
01/19/2004,FPR,FL,ASO,ES,Towers with Display (VFR),0,1,74,0,75,0,0,68,0,68,0,1,142,0,143,52,0,52,195
01/20/2004,FPR,FL,ASO,ES,Towers with Display (VFR),0,2,80,0,82,0,1,248,0,249,0,3,328,0,331,206,0,206,537
01/21/2004,FPR,FL,ASO,ES,Towers with Display (VFR),0,3,99,0,102,0,0,270,0,270,0,3,369,0,372,245,0,245,617
01/22/2004,FPR,FL,ASO,ES,Towers with Display (VFR),0,1,79,0,80,0,0,226,0,226,0,1,305,0,306,273,0,273,579
01/23/2004,FPR,FL,ASO,ES,Towers with Display (VFR),0,3,119,0,122,0,1,259,0,260,0,4,378,0,382,273,0,273,655
01/24/2004,FPR,FL,ASO,ES,Towers with Display (VFR),0,0,84,0,84,0,0,243,0,243,0,0,327,0,327,281,0,281,608
01/25/2004,FPR,FL,ASO,ES,Towers with Display (VFR),0,1,86,0,87,0,0,241,0,241,0,1,327,0,328,169,0,169,497
01/26/2004,FPR,FL,ASO,ES,Towers with Display (VFR),0,2,100,0,102,0,0,212,0,212,0,2,312,0,314,262,0,262,576
01/27/2004,FPR,FL,ASO,ES,Towers with Display (VFR),0,2,74,0,76,0,2,103,0,105,0,4,177,0,181,255,0,255,436
01/28/2004,FPR,FL,ASO,ES,Towers with Display (VFR),0,3,113,0,116,0,1,248,0,249,0,4,361,0,365,212,0,212,577
01/29/2004,FPR,FL,ASO,ES,Towers with Display (VFR),0,3,103,0,106,0,2,269,0,271,0,5,372,0,377,223,0,223,600
01/30/2004,FPR,FL,ASO,ES,Towers with Display (VFR),0,1,78,0,79,0,0,178,0,178,0,1,256,0,257,348,0,348,605
01/31/2004,FPR,FL,ASO,ES,Towers with Display (VFR),0,1,116,0,117,0,0,72,0,72,0,1,188,0,189,262,0,262,451
02/01/2004,FPR,FL,ASO,ES,Towers with Display (VFR),0,0,83,0,83,0,0,106,0,106,0,0,189,0,189,164,0,164,353
02/02/2004,FPR,FL,ASO,ES,Towers with Display (VFR),0,2,74,0,76,0,0,197,0,197,0,2,271,0,273,251,0,251,524
02/03/2004,FPR,FL,ASO,ES,Towers with Display (VFR),0,3,61,0,64,0,0,250,0,250,0,3,311,0,314,185,0,185,499
02/04/2004,FPR,FL,ASO,ES,Towers with Display (VFR),0,3,91,0,94,0,0,229,0,229,0,3,320,0,323,353,0,353,676
02/05/2004,FPR,FL,ASO,ES,Towers with Display (VFR),0,3,91,0,94,0,0,296,0,296,0,3,387,0,390,150,0,150,540
02/06/2004,FPR,FL,ASO,ES,Towers with Display (VFR),0,4,116,0,120,0,3,173,0,176,0,7,289,0,296,249,0,249,545
02/07/2004,FPR,FL,ASO,ES,Towers with Display (VFR),0,0,102,0,102,0,0,180,0,180,0,0,282,0,282,225,0,225,507
02/08/2004,FPR,FL,ASO,ES,Towers with Display (VFR),0,0,78,0,78,0,0,185,0,185,0,0,263,0,263,116,0,116,379
02/09/2004,FPR,FL,ASO,ES,Towers with Display (VFR),0,2,100,0,102,0,0,235,0,235,0,2,335,0,337,277,0,277,614
02/10/2004,FPR,FL,ASO,ES,Towers with Display (VFR),0,3,80,0,83,0,4,333,0,337,0,7,413,0,420,289,0,289,709
02/11/2004,FPR,FL,ASO,ES,Towers with Display (VFR),0,4,121,0,125,0,1,261,0,262,0,5,382,0,387,297,0,297,684
02/12/2004,FPR,FL,ASO,ES,Towers with Display (VFR),0,2,81,0,83,0,0,292,0,292,0,2,373,0,375,262,0,262,637
02/13/2004,FPR,FL,ASO,ES,Towers with Display (VFR),0,3,119,0,122,0,0,108,0,108,0,3,227,0,230,214,0,214,444
02/14/2004,FPR,FL,ASO,ES,Towers with Display (VFR),0,3,75,0,78,0,0,215,0,215,0,3,290,0,293,198,0,198,491
02/15/2004,FPR,FL,ASO,ES,Towers with Display (VFR),0,0,87,0,87,0,0,111,0,111,0,0,198,0,198,219,0,219,417
02/16/2004,FPR,FL,ASO,ES,Towers with Display (VFR),0,2,134,0,136,0,0,360,0,360,0,2,494,0,496,244,0,244,740
02/17/2004,FPR,FL,ASO,ES,Towers with Display (VFR),0,4,120,0,124,0,6,170,0,176,0,10,290,0,300,419,0,419,719
02/18/2004,FPR,FL,ASO,ES,Towers with Display (VFR),0,2,76,0,78,0,6,237,0,243,0,8,313,0,321,221,0,221,542
02/19/2004,FPR,FL,ASO,ES,Towers with Display (VFR),0,3,110,0,113,0,0,317,0,317,0,3,427,0,430,292,0,292,722
02/20/2004,FPR,FL,ASO,ES,Towers with Display (VFR),0,3,109,0,112,0,0,324,0,324,0,3,433,0,436,278,0,278,714
02/21/2004,FPR,FL,ASO,ES,Towers with Display (VFR),0,3,113,0,116,0,4,296,0,300,0,7,409,0,416,157,0,157,573
02/22/2004,FPR,FL,ASO,ES,Towers with Display (VFR),0,2,88,0,90,0,0,328,0,328,0,2,416,0,418,282,0,282,700
02/23/2004,FPR,FL,ASO,ES,Towers with Display (VFR),0,3,92,0,95,0,0,267,0,267,0,3,359,0,362,344,0,344,706
02/24/2004,FPR,FL,ASO,ES,Towers with Display (VFR),0,1,57,0,58,0,2,187,0,189,0,3,244,0,247,257,0,257,504
02/25/2004,FPR,FL,ASO,ES,Towers with Display (VFR),0,1,62,0,63,0,7,23,0,30,0,8,85,0,93,91,0,91,184
02/26/2004,FPR,FL,ASO,ES,Towers with Display (VFR),0,1,48,0,49,0,3,199,0,202,0,4,247,0,251,106,0,106,357
02/27/2004,FPR,FL,ASO,ES,Towers with Display (VFR),0,2,79,0,81,0,4,54,0,58,0,6,133,0,139,233,0,233,372
02/28/2004,FPR,FL,ASO,ES,Towers with Display (VFR),0,2,92,0,94,0,0,187,0,187,0,2,279,0,281,151,0,151,432
02/29/2004,FPR,FL,ASO,ES,Towers with Display (VFR),0,2,94,0,96,0,0,326,0,326,0,2,420,0,422,205,0,205,627
03/01/2004,FPR,FL,ASO,ES,Towers with Display (VFR),0,4,83,0,87,0,0,280,0,280,0,4,363,0,367,260,0,260,627
03/02/2004,FPR,FL,ASO,ES,Towers with Display (VFR),0,5,108,0,113,0,2,265,0,267,0,7,373,0,380,303,0,303,683
03/03/2004,FPR,FL,ASO,ES,Towers with Display (VFR),0,5,117,0,122,0,1,314,0,315,0,6,431,0,437,264,0,264,701
03/04/2004,FPR,FL,ASO,ES,Towers with Display (VFR),0,5,98,0,103,0,1,286,0,287,0,6,384,0,390,224,0,224,614
03/05/2004,FPR,FL,ASO,ES,Towers with Display (VFR),0,6,122,0,128,0,2,277,2,281,0,8,399,2,409,210,0,210,619
03/06/2004,FPR,FL,ASO,ES,Towers with Display (VFR),0,4,78,0,82,0,1,273,0,274,0,5,351,0,356,294,0,294,650
03/07/2004,FPR,FL,ASO,ES,Towers with Display (VFR),0,4,80,0,84,0,1,230,0,231,0,5,310,0,315,257,0,257,572
03/08/2004,FPR,FL,ASO,ES,Towers with Display (VFR),0,1,72,0,73,0,0,264,8,272,0,1,336,8,345,271,0,271,616
03/09/2004,FPR,FL,ASO,ES,Towers with Display (VFR),0,3,107,0,110,0,0,342,0,342,0,3,449,0,452,384,0,384,836
03/10/2004,FPR,FL,ASO,ES,Towers with Display (VFR),0,3,61,0,64,0,1,318,0,319,0,4,379,0,383,238,0,238,621
03/11/2004,FPR,FL,ASO,ES,Towers with Display (VFR),0,2,78,1,81,0,0,350,0,350,0,2,428,1,431,275,0,275,706
03/12/2004,FPR,FL,ASO,ES,Towers with Display (VFR),0,3,95,0,98,0,3,354,0,357,0,6,449,0,455,365,0,365,820
03/13/2004,FPR,FL,ASO,ES,Towers with Display (VFR),0,1,76,0,77,0,0,390,0,390,0,1,466,0,467,321,0,321,788
03/14/2004,FPR,FL,ASO,ES,Towers with Display (VFR),0,2,101,0,103,0,0,260,0,260,0,2,361,0,363,260,0,260,623
03/15/2004,FPR,FL,ASO,ES,Towers with Display (VFR),0,3,90,0,93,0,2,273,0,275,0,5,363,0,368,376,0,376,744
03/16/2004,FPR,FL,ASO,ES,Towers with Display (VFR),0,2,62,0,64,0,2,91,0,93,0,4,153,0,157,180,0,180,337
03/17/2004,FPR,FL,ASO,ES,Towers with Display (VFR),0,4,101,0,105,0,2,286,0,288,0,6,387,0,393,314,0,314,707
03/18/2004,FPR,FL,ASO,ES,Towers with Display (VFR),0,3,75,0,78,0,6,361,0,367,0,9,436,0,445,330,0,330,775
03/19/2004,FPR,FL,ASO,ES,Towers with Display (VFR),0,4,104,0,108,0,0,332,0,332,0,4,436,0,440,282,0,282,722
03/20/2004,FPR,FL,ASO,ES,Towers with Display (VFR),0,1,96,0,97,0,0,250,0,250,0,1,346,0,347,235,0,235,582
03/21/2004,FPR,FL,ASO,ES,Towers with Display (VFR),0,3,72,0,75,0,3,333,0,336,0,6,405,0,411,330,0,330,741
03/22/2004,FPR,FL,ASO,ES,Towers with Display (VFR),0,3,80,0,83,0,1,261,0,262,0,4,341,0,345,240,0,240,585
03/23/2004,FPR,FL,ASO,ES,Towers with Display (VFR),0,3,88,0,91,0,1,228,0,229,0,4,316,0,320,89,0,89,409
03/24/2004,FPR,FL,ASO,ES,Towers with Display (VFR),0,3,84,0,87,0,1,264,0,265,0,4,348,0,352,338,0,338,690
03/25/2004,FPR,FL,ASO,ES,Towers with Display (VFR),0,4,96,0,100,0,0,233,0,233,0,4,329,0,333,262,0,262,595
03/26/2004,FPR,FL,ASO,ES,Towers with Display (VFR),0,1,89,0,90,0,0,256,0,256,0,1,345,0,346,114,0,114,460
03/27/2004,FPR,FL,ASO,ES,Towers with Display (VFR),0,2,76,0,78,0,0,282,0,282,0,2,358,0,360,249,0,249,609
03/28/2004,FPR,FL,ASO,ES,Towers with Display (VFR),0,1,76,0,77,0,0,303,0,303,0,1,379,0,380,306,0,306,686
03/29/2004,FPR,FL,ASO,ES,Towers with Display (VFR),0,2,79,0,81,0,0,249,0,249,0,2,328,0,330,302,0,302,632
03/30/2004,FPR,FL,ASO,ES,Towers with Display (VFR),0,3,79,0,82,0,4,308,0,312,0,7,387,0,394,386,0,386,780
03/31/2004,FPR,FL,ASO,ES,Towers with Display (VFR),0,3,90,0,93,0,1,278,1,280,0,4,368,1,373,394,0,394,767
04/01/2004,FPR,FL,ASO,ES,Towers with Display (VFR),0,2,78,0,80,0,0,305,0,305,0,2,383,0,385,419,0,419,804
04/02/2004,FPR,FL,ASO,ES,Towers with Display (VFR),0,4,96,0,100,0,0,260,0,260,0,4,356,0,360,427,0,427,787
04/03/2004,FPR,FL,ASO,ES,Towers with Display (VFR),0,0,100,0,100,0,0,288,0,288,0,0,388,0,388,345,0,345,733
04/04/2004,FPR,FL,ASO,ES,Towers with Display (VFR),0,3,74,0,77,0,1,279,0,280,0,4,353,0,357,319,0,319,676
04/05/2004,FPR,FL,ASO,ES,Towers with Display (VFR),0,3,73,0,76,0,4,281,0,285,0,7,354,0,361,469,0,469,830
04/06/2004,FPR,FL,ASO,ES,Towers with Display (VFR),0,3,75,0,78,0,2,311,1,314,0,5,386,1,392,409,0,409,801
04/07/2004,FPR,FL,ASO,ES,Towers with Display (VFR),0,4,89,0,93,0,0,292,0,292,0,4,381,0,385,405,0,405,790
04/08/2004,FPR,FL,ASO,ES,Towers with Display (VFR),0,3,81,0,84,0,0,263,0,263,0,3,344,0,347,366,0,366,713
04/09/2004,FPR,FL,ASO,ES,Towers with Display (VFR),0,4,125,0,129,0,0,215,0,215,0,4,340,0,344,377,0,377,721
04/10/2004,FPR,FL,ASO,ES,Towers with Display (VFR),0,1,120,0,121,0,0,292,0,292,0,1,412,0,413,345,0,345,758
04/11/2004,FPR,FL,ASO,ES,Towers with Display (VFR),0,1,102,0,103,0,0,201,0,201,0,1,303,0,304,173,0,173,477
04/12/2004,FPR,FL,ASO,ES,Towers with Display (VFR),0,3,67,0,70,0,2,137,1,140,0,5,204,1,210,199,0,199,409
04/13/2004,FPR,FL,ASO,ES,Towers with Display (VFR),0,3,62,0,65,0,6,140,0,146,0,9,202,0,211,202,0,202,413
04/14/2004,FPR,FL,ASO,ES,Towers with Display (VFR),0,4,85,0,89,0,6,303,0,309,0,10,388,0,398,208,0,208,606
04/15/2004,FPR,FL,ASO,ES,Towers with Display (VFR),0,3,77,0,80,0,5,415,0,420,0,8,492,0,500,305,0,305,805
04/16/2004,FPR,FL,ASO,ES,Towers with Display (VFR),0,2,88,0,90,0,0,299,0,299,0,2,387,0,389,348,0,348,737
04/17/2004,FPR,FL,ASO,ES,Towers with Display (VFR),0,1,72,0,73,0,0,273,2,275,0,1,345,2,348,230,0,230,578
04/18/2004,FPR,FL,ASO,ES,Towers with Display (VFR),0,0,98,0,98,0,0,289,0,289,0,0,387,0,387,340,0,340,727
04/19/2004,FPR,FL,ASO,ES,Towers with Display (VFR),0,3,87,0,90,0,1,262,2,265,0,4,349,2,355,459,0,459,814
04/20/2004,FPR,FL,ASO,ES,Towers with Display (VFR),0,3,94,0,97,0,2,343,0,345,0,5,437,0,442,375,0,375,817
04/21/2004,FPR,FL,ASO,ES,Towers with Display (VFR),0,2,71,0,73,0,6,342,1,349,0,8,413,1,422,455,0,455,877
04/22/2004,FPR,FL,ASO,ES,Towers with Display (VFR),0,3,118,0,121,0,0,293,0,293,0,3,411,0,414,288,0,288,702
04/23/2004,FPR,FL,ASO,ES,Towers with Display (VFR),0,3,106,0,109,0,1,345,0,346,0,4,451,0,455,285,0,285,740
04/24/2004,FPR,FL,ASO,ES,Towers with Display (VFR),0,1,79,0,80,0,0,292,0,292,0,1,371,0,372,265,0,265,637
04/25/2004,FPR,FL,ASO,ES,Towers with Display (VFR),0,3,88,0,91,0,3,296,0,299,0,6,384,0,390,190,0,190,580
04/26/2004,FPR,FL,ASO,ES,Towers with Display (VFR),0,2,73,0,75,0,4,291,0,295,0,6,364,0,370,303,0,303,673
04/27/2004,FPR,FL,ASO,ES,Towers with Display (VFR),0,2,58,0,60,0,3,118,0,121,0,5,176,0,181,181,0,181,362
04/28/2004,FPR,FL,ASO,ES,Towers with Display (VFR),0,3,80,0,83,0,4,351,0,355,0,7,431,0,438,241,0,241,679
04/29/2004,FPR,FL,ASO,ES,Towers with Display (VFR),0,3,93,0,96,0,5,198,0,203,0,8,291,0,299,413,0,413,712
04/30/2004,FPR,FL,ASO,ES,Towers with Display (VFR),0,3,87,0,90,0,1,206,0,207,0,4,293,0,297,349,0,349,646
05/01/2004,FPR,FL,ASO,ES,Towers with Display (VFR),0,4,73,0,77,0,0,206,4,210,0,4,279,4,287,205,0,205,492
05/02/2004,FPR,FL,ASO,ES,Towers with Display (VFR),0,3,62,0,65,0,3,193,0,196,0,6,255,0,261,201,0,201,462
05/03/2004,FPR,FL,ASO,ES,Towers with Display (VFR),0,4,80,0,84,0,2,150,0,152,0,6,230,0,236,315,0,315,551
05/04/2004,FPR,FL,ASO,ES,Towers with Display (VFR),0,4,111,0,115,0,0,272,0,272,0,4,383,0,387,396,0,396,783
05/05/2004,FPR,FL,ASO,ES,Towers with Display (VFR),0,4,86,0,90,0,8,309,0,317,0,12,395,0,407,361,0,361,768
05/06/2004,FPR,FL,ASO,ES,Towers with Display (VFR),0,5,106,0,111,0,4,278,0,282,0,9,384,0,393,445,0,445,838
05/07/2004,FPR,FL,ASO,ES,Towers with Display (VFR),0,5,102,0,107,0,3,327,0,330,0,8,429,0,437,363,0,363,800
05/08/2004,FPR,FL,ASO,ES,Towers with Display (VFR),0,4,93,0,97,0,0,279,0,279,0,4,372,0,376,303,0,303,679
05/09/2004,FPR,FL,ASO,ES,Towers with Display (VFR),0,3,62,0,65,0,4,280,0,284,0,7,342,0,349,269,0,269,618
05/10/2004,FPR,FL,ASO,ES,Towers with Display (VFR),0,4,87,0,91,0,0,278,0,278,0,4,365,0,369,320,0,320,689
05/11/2004,FPR,FL,ASO,ES,Towers with Display (VFR),0,2,46,0,48,0,1,302,0,303,0,3,348,0,351,410,0,410,761
05/12/2004,FPR,FL,ASO,ES,Towers with Display (VFR),0,4,74,0,78,0,1,245,0,246,0,5,319,0,324,366,0,366,690
05/13/2004,FPR,FL,ASO,ES,Towers with Display (VFR),0,4,82,0,86,0,3,249,0,252,0,7,331,0,338,233,0,233,571
05/14/2004,FPR,FL,ASO,ES,Towers with Display (VFR),0,2,106,1,109,0,0,266,0,266,0,2,372,1,375,365,0,365,740
05/15/2004,FPR,FL,ASO,ES,Towers with Display (VFR),0,3,86,0,89,0,0,162,0,162,0,3,248,0,251,256,0,256,507
05/16/2004,FPR,FL,ASO,ES,Towers with Display (VFR),0,0,111,0,111,0,0,176,0,176,0,0,287,0,287,195,0,195,482
05/17/2004,FPR,FL,ASO,ES,Towers with Display (VFR),0,2,72,0,74,0,2,211,2,215,0,4,283,2,289,254,0,254,543
05/18/2004,FPR,FL,ASO,ES,Towers with Display (VFR),0,2,93,0,95,0,0,274,0,274,0,2,367,0,369,359,0,359,728
05/19/2004,FPR,FL,ASO,ES,Towers with Display (VFR),0,3,88,0,91,0,1,259,0,260,0,4,347,0,351,407,0,407,758
05/20/2004,FPR,FL,ASO,ES,Towers with Display (VFR),0,4,102,0,106,0,5,277,0,282,0,9,379,0,388,286,0,286,674
05/21/2004,FPR,FL,ASO,ES,Towers with Display (VFR),0,3,85,0,88,0,3,265,0,268,0,6,350,0,356,256,0,256,612
05/22/2004,FPR,FL,ASO,ES,Towers with Display (VFR),0,0,73,0,73,0,0,225,0,225,0,0,298,0,298,207,0,207,505
05/23/2004,FPR,FL,ASO,ES,Towers with Display (VFR),0,1,103,0,104,0,0,198,0,198,0,1,301,0,302,91,0,91,393
05/24/2004,FPR,FL,ASO,ES,Towers with Display (VFR),0,4,115,0,119,0,3,249,0,252,0,7,364,0,371,261,0,261,632
05/25/2004,FPR,FL,ASO,ES,Towers with Display (VFR),0,4,114,0,118,0,0,267,0,267,0,4,381,0,385,292,0,292,677
05/26/2004,FPR,FL,ASO,ES,Towers with Display (VFR),0,4,110,0,114,0,1,259,0,260,0,5,369,0,374,367,0,367,741
05/27/2004,FPR,FL,ASO,ES,Towers with Display (VFR),0,3,78,0,81,0,4,314,0,318,0,7,392,0,399,297,0,297,696
05/28/2004,FPR,FL,ASO,ES,Towers with Display (VFR),0,3,95,0,98,0,5,289,0,294,0,8,384,0,392,271,0,271,663
05/29/2004,FPR,FL,ASO,ES,Towers with Display (VFR),0,0,52,0,52,0,0,219,0,219,0,0,271,0,271,166,0,166,437
05/30/2004,FPR,FL,ASO,ES,Towers with Display (VFR),0,1,73,0,74,0,0,164,0,164,0,1,237,0,238,158,0,158,396
05/31/2004,FPR,FL,ASO,ES,Towers with Display (VFR),0,2,110,0,112,0,0,293,0,293,0,2,403,0,405,153,0,153,558
06/01/2004,FPR,FL,ASO,ES,Towers with Display (VFR),0,2,90,0,92,0,0,217,2,219,0,2,307,2,311,313,0,313,624
06/02/2004,FPR,FL,ASO,ES,Towers with Display (VFR),0,3,88,0,91,0,1,223,0,224,0,4,311,0,315,245,0,245,560
06/03/2004,FPR,FL,ASO,ES,Towers with Display (VFR),0,3,93,0,96,0,1,253,0,254,0,4,346,0,350,311,0,311,661
06/04/2004,FPR,FL,ASO,ES,Towers with Display (VFR),0,2,61,0,63,0,1,142,0,143,0,3,203,0,206,307,0,307,513
06/05/2004,FPR,FL,ASO,ES,Towers with Display (VFR),0,1,77,0,78,0,0,162,0,162,0,1,239,0,240,232,0,232,472
06/06/2004,FPR,FL,ASO,ES,Towers with Display (VFR),0,2,100,0,102,0,0,214,0,214,0,2,314,0,316,295,0,295,611
06/07/2004,FPR,FL,ASO,ES,Towers with Display (VFR),0,2,104,0,106,0,0,217,0,217,0,2,321,0,323,278,0,278,601
06/08/2004,FPR,FL,ASO,ES,Towers with Display (VFR),0,2,150,0,152,0,0,187,0,187,0,2,337,0,339,282,0,282,621
06/09/2004,FPR,FL,ASO,ES,Towers with Display (VFR),0,4,141,0,145,0,0,256,0,256,0,4,397,0,401,418,0,418,819
06/10/2004,FPR,FL,ASO,ES,Towers with Display (VFR),0,2,100,1,103,0,3,227,0,230,0,5,327,1,333,210,0,210,543
06/11/2004,FPR,FL,ASO,ES,Towers with Display (VFR),0,2,87,1,90,0,1,217,3,221,0,3,304,4,311,112,19,131,442
06/12/2004,FPR,FL,ASO,ES,Towers with Display (VFR),0,1,63,1,65,0,2,202,1,205,0,3,265,2,270,392,40,432,702
06/13/2004,FPR,FL,ASO,ES,Towers with Display (VFR),0,1,60,1,62,0,2,262,1,265,0,3,322,2,327,395,40,435,762
06/14/2004,FPR,FL,ASO,ES,Towers with Display (VFR),0,0,124,0,124,0,0,200,0,200,0,0,324,0,324,281,0,281,605
06/15/2004,FPR,FL,ASO,ES,Towers with Display (VFR),0,2,113,0,115,0,0,228,0,228,0,2,341,0,343,255,0,255,598
06/16/2004,FPR,FL,ASO,ES,Towers with Display (VFR),0,2,120,0,122,0,2,238,0,240,0,4,358,0,362,224,0,224,586
06/17/2004,FPR,FL,ASO,ES,Towers with Display (VFR),0,2,104,0,106,0,0,221,0,221,0,2,325,0,327,227,0,227,554
06/18/2004,FPR,FL,ASO,ES,Towers with Display (VFR),0,1,79,0,80,0,6,186,0,192,0,7,265,0,272,284,0,284,556
06/19/2004,FPR,FL,ASO,ES,Towers with Display (VFR),0,0,92,0,92,0,0,209,0,209,0,0,301,0,301,157,0,157,458
06/20/2004,FPR,FL,ASO,ES,Towers with Display (VFR),0,1,68,0,69,0,1,214,0,215,0,2,282,0,284,153,0,153,437
06/21/2004,FPR,FL,ASO,ES,Towers with Display (VFR),0,0,78,0,78,0,0,248,0,248,0,0,326,0,326,230,0,230,556
06/22/2004,FPR,FL,ASO,ES,Towers with Display (VFR),0,1,75,0,76,0,2,209,0,211,0,3,284,0,287,242,0,242,529
06/23/2004,FPR,FL,ASO,ES,Towers with Display (VFR),0,2,85,0,87,0,1,235,0,236,0,3,320,0,323,218,0,218,541
06/24/2004,FPR,FL,ASO,ES,Towers with Display (VFR),0,2,111,0,113,0,1,228,0,229,0,3,339,0,342,211,0,211,553
06/25/2004,FPR,FL,ASO,ES,Towers with Display (VFR),0,1,88,0,89,0,0,206,0,206,0,1,294,0,295,269,0,269,564
06/26/2004,FPR,FL,ASO,ES,Towers with Display (VFR),0,0,84,0,84,0,0,201,2,203,0,0,285,2,287,183,0,183,470
06/27/2004,FPR,FL,ASO,ES,Towers with Display (VFR),0,1,84,0,85,0,0,214,0,214,0,1,298,0,299,219,0,219,518
06/28/2004,FPR,FL,ASO,ES,Towers with Display (VFR),0,1,74,0,75,0,0,198,2,200,0,1,272,2,275,278,0,278,553
06/29/2004,FPR,FL,ASO,ES,Towers with Display (VFR),0,2,89,0,91,0,5,197,0,202,0,7,286,0,293,261,0,261,554
06/30/2004,FPR,FL,ASO,ES,Towers with Display (VFR),0,1,69,0,70,0,2,258,0,260,0,3,327,0,330,217,0,217,547
07/01/2004,FPR,FL,ASO,ES,Towers with Display (VFR),0,4,110,0,114,0,0,235,0,235,0,4,345,0,349,240,0,240,589
07/02/2004,FPR,FL,ASO,ES,Towers with Display (VFR),0,4,108,0,112,0,6,295,0,301,0,10,403,0,413,213,0,213,626
07/03/2004,FPR,FL,ASO,ES,Towers with Display (VFR),0,1,59,0,60,0,0,227,0,227,0,1,286,0,287,179,0,179,466
07/04/2004,FPR,FL,ASO,ES,Towers with Display (VFR),0,0,46,0,46,0,0,156,0,156,0,0,202,0,202,70,0,70,272
07/05/2004,FPR,FL,ASO,ES,Towers with Display (VFR),0,3,94,0,97,0,2,255,0,257,0,5,349,0,354,163,0,163,517
07/06/2004,FPR,FL,ASO,ES,Towers with Display (VFR),0,2,75,0,77,0,0,267,0,267,0,2,342,0,344,266,0,266,610
07/07/2004,FPR,FL,ASO,ES,Towers with Display (VFR),0,2,51,0,53,0,5,222,0,227,0,7,273,0,280,175,0,175,455
07/08/2004,FPR,FL,ASO,ES,Towers with Display (VFR),0,3,78,0,81,0,0,265,0,265,0,3,343,0,346,295,0,295,641
07/09/2004,FPR,FL,ASO,ES,Towers with Display (VFR),0,3,102,0,105,0,4,297,0,301,0,7,399,0,406,247,0,247,653
07/10/2004,FPR,FL,ASO,ES,Towers with Display (VFR),0,1,79,0,80,0,0,270,0,270,0,1,349,0,350,209,0,209,559
07/11/2004,FPR,FL,ASO,ES,Towers with Display (VFR),0,3,73,0,76,0,0,252,2,254,0,3,325,2,330,188,0,188,518
07/12/2004,FPR,FL,ASO,ES,Towers with Display (VFR),0,1,53,0,54,0,0,224,2,226,0,1,277,2,280,204,0,204,484
07/13/2004,FPR,FL,ASO,ES,Towers with Display (VFR),0,3,72,0,75,0,0,232,0,232,0,3,304,0,307,267,0,267,574
07/14/2004,FPR,FL,ASO,ES,Towers with Display (VFR),0,2,79,0,81,0,0,207,0,207,0,2,286,0,288,280,0,280,568
07/15/2004,FPR,FL,ASO,ES,Towers with Display (VFR),0,1,62,0,63,0,4,190,0,194,0,5,252,0,257,210,0,210,467
07/16/2004,FPR,FL,ASO,ES,Towers with Display (VFR),0,1,66,0,67,0,5,178,0,183,0,6,244,0,250,233,0,233,483
07/17/2004,FPR,FL,ASO,ES,Towers with Display (VFR),0,0,73,0,73,0,0,205,0,205,0,0,278,0,278,260,0,260,538
07/18/2004,FPR,FL,ASO,ES,Towers with Display (VFR),0,1,48,0,49,0,3,149,0,152,0,4,197,0,201,188,0,188,389
07/19/2004,FPR,FL,ASO,ES,Towers with Display (VFR),0,1,55,0,56,0,1,137,0,138,0,2,192,0,194,217,0,217,411
07/20/2004,FPR,FL,ASO,ES,Towers with Display (VFR),0,1,70,0,71,0,1,137,0,138,0,2,207,0,209,220,0,220,429
07/21/2004,FPR,FL,ASO,ES,Towers with Display (VFR),0,1,87,0,88,0,0,191,0,191,0,1,278,0,279,320,0,320,599
07/22/2004,FPR,FL,ASO,ES,Towers with Display (VFR),0,1,44,0,45,0,2,175,0,177,0,3,219,0,222,54,0,54,276
07/23/2004,FPR,FL,ASO,ES,Towers with Display (VFR),0,2,98,0,100,0,0,155,0,155,0,2,253,0,255,306,0,306,561
07/24/2004,FPR,FL,ASO,ES,Towers with Display (VFR),0,0,91,0,91,0,0,241,0,241,0,0,332,0,332,297,0,297,629
07/25/2004,FPR,FL,ASO,ES,Towers with Display (VFR),0,2,97,0,99,0,0,175,0,175,0,2,272,0,274,261,0,261,535
07/26/2004,FPR,FL,ASO,ES,Towers with Display (VFR),0,2,92,0,94,0,1,159,2,162,0,3,251,2,256,253,0,253,509
07/27/2004,FPR,FL,ASO,ES,Towers with Display (VFR),0,1,70,0,71,0,1,177,0,178,0,2,247,0,249,306,0,306,555
07/28/2004,FPR,FL,ASO,ES,Towers with Display (VFR),0,2,94,0,96,0,0,191,0,191,0,2,285,0,287,310,0,310,597
07/29/2004,FPR,FL,ASO,ES,Towers with Display (VFR),0,2,94,0,96,0,5,210,0,215,0,7,304,0,311,336,0,336,647
07/30/2004,FPR,FL,ASO,ES,Towers with Display (VFR),0,3,114,0,117,0,0,219,0,219,0,3,333,0,336,306,0,306,642
07/31/2004,FPR,FL,ASO,ES,Towers with Display (VFR),0,2,91,0,93,0,1,187,0,188,0,3,278,0,281,328,0,328,609
08/01/2004,FPR,FL,ASO,ES,Towers with Display (VFR),0,2,62,0,64,0,0,163,0,163,0,2,225,0,227,112,0,112,339
08/02/2004,FPR,FL,ASO,ES,Towers with Display (VFR),0,2,73,0,75,0,1,173,0,174,0,3,246,0,249,244,0,244,493
08/03/2004,FPR,FL,ASO,ES,Towers with Display (VFR),0,2,77,0,79,0,0,168,0,168,0,2,245,0,247,189,0,189,436
08/04/2004,FPR,FL,ASO,ES,Towers with Display (VFR),0,1,73,0,74,0,0,167,0,167,0,1,240,0,241,195,0,195,436
08/05/2004,FPR,FL,ASO,ES,Towers with Display (VFR),0,2,57,0,59,0,2,173,0,175,0,4,230,0,234,293,0,293,527
08/06/2004,FPR,FL,ASO,ES,Towers with Display (VFR),0,3,93,0,96,0,1,189,0,190,0,4,282,0,286,254,0,254,540
08/07/2004,FPR,FL,ASO,ES,Towers with Display (VFR),0,1,76,0,77,0,0,94,0,94,0,1,170,0,171,101,0,101,272
08/08/2004,FPR,FL,ASO,ES,Towers with Display (VFR),0,3,97,0,100,0,1,150,0,151,0,4,247,0,251,110,0,110,361
08/09/2004,FPR,FL,ASO,ES,Towers with Display (VFR),0,2,86,0,88,0,0,195,0,195,0,2,281,0,283,181,0,181,464
08/10/2004,FPR,FL,ASO,ES,Towers with Display (VFR),0,3,105,0,108,0,0,195,0,195,0,3,300,0,303,206,0,206,509
08/11/2004,FPR,FL,ASO,ES,Towers with Display (VFR),0,3,84,0,87,0,2,226,0,228,0,5,310,0,315,234,0,234,549
08/12/2004,FPR,FL,ASO,ES,Towers with Display (VFR),0,2,59,0,61,0,5,136,0,141,0,7,195,0,202,131,0,131,333
08/13/2004,FPR,FL,ASO,ES,Towers with Display (VFR),0,1,16,0,17,0,1,25,0,26,0,2,41,0,43,41,0,41,84
08/14/2004,FPR,FL,ASO,ES,Towers with Display (VFR),0,0,31,0,31,0,2,105,0,107,0,2,136,0,138,198,0,198,336
08/15/2004,FPR,FL,ASO,ES,Towers with Display (VFR),0,1,65,0,66,0,1,170,0,171,0,2,235,0,237,161,0,161,398
08/16/2004,FPR,FL,ASO,ES,Towers with Display (VFR),0,2,99,0,101,0,6,268,3,277,0,8,367,3,378,303,0,303,681
08/17/2004,FPR,FL,ASO,ES,Towers with Display (VFR),0,3,151,0,154,0,2,201,0,203,0,5,352,0,357,314,0,314,671
08/18/2004,FPR,FL,ASO,ES,Towers with Display (VFR),0,2,78,0,80,0,0,154,0,154,0,2,232,0,234,163,0,163,397
08/19/2004,FPR,FL,ASO,ES,Towers with Display (VFR),0,2,108,0,110,0,6,177,0,183,0,8,285,0,293,229,0,229,522
08/20/2004,FPR,FL,ASO,ES,Towers with Display (VFR),0,2,109,0,111,0,4,222,0,226,0,6,331,0,337,383,0,383,720
08/21/2004,FPR,FL,ASO,ES,Towers with Display (VFR),0,1,79,0,80,0,0,186,0,186,0,1,265,0,266,278,0,278,544
08/22/2004,FPR,FL,ASO,ES,Towers with Display (VFR),0,1,79,0,80,0,0,170,0,170,0,1,249,0,250,214,0,214,464
08/23/2004,FPR,FL,ASO,ES,Towers with Display (VFR),0,2,92,0,94,0,2,212,0,214,0,4,304,0,308,242,0,242,550
08/24/2004,FPR,FL,ASO,ES,Towers with Display (VFR),0,2,84,0,86,0,1,255,0,256,0,3,339,0,342,337,0,337,679
08/25/2004,FPR,FL,ASO,ES,Towers with Display (VFR),0,2,101,0,103,0,3,194,0,197,0,5,295,0,300,284,0,284,584
08/26/2004,FPR,FL,ASO,ES,Towers with Display (VFR),0,3,119,0,122,0,1,225,0,226,0,4,344,0,348,255,0,255,603
08/27/2004,FPR,FL,ASO,ES,Towers with Display (VFR),0,2,101,0,103,0,0,250,0,250,0,2,351,0,353,321,0,321,674
08/28/2004,FPR,FL,ASO,ES,Towers with Display (VFR),0,1,92,0,93,0,0,238,0,238,0,1,330,0,331,271,0,271,602
08/29/2004,FPR,FL,ASO,ES,Towers with Display (VFR),0,1,79,0,80,0,0,230,0,230,0,1,309,0,310,286,0,286,596
08/30/2004,FPR,FL,ASO,ES,Towers with Display (VFR),0,3,125,0,128,0,1,236,0,237,0,4,361,0,365,274,0,274,639
08/31/2004,FPR,FL,ASO,ES,Towers with Display (VFR),0,1,56,0,57,0,4,271,0,275,0,5,327,0,332,258,0,258,590
09/01/2004,FPR,FL,ASO,ES,Towers with Display (VFR),0,1,53,0,54,0,0,165,0,165,0,1,218,0,219,120,0,120,339
09/02/2004,FPR,FL,ASO,ES,Towers with Display (VFR),0,0,0,0,0,0,0,0,0,0,0,0,0,0,0,0,0,0,0
09/03/2004,FPR,FL,ASO,ES,Towers with Display (VFR),0,0,0,0,0,0,0,0,0,0,0,0,0,0,0,0,0,0,0
09/04/2004,FPR,FL,ASO,ES,Towers with Display (VFR),0,0,0,0,0,0,0,0,0,0,0,0,0,0,0,0,0,0,0
09/05/2004,FPR,FL,ASO,ES,Towers with Display (VFR),0,0,0,0,0,0,0,0,0,0,0,0,0,0,0,0,0,0,0
09/06/2004,FPR,FL,ASO,ES,Towers with Display (VFR),0,0,0,0,0,0,0,0,0,0,0,0,0,0,0,0,0,0,0
09/07/2004,FPR,FL,ASO,ES,Towers with Display (VFR),0,0,11,0,11,0,0,30,0,30,0,0,41,0,41,0,0,0,41
09/08/2004,FPR,FL,ASO,ES,Towers with Display (VFR),0,1,25,0,26,0,0,56,8,64,0,1,81,8,90,0,0,0,90
09/09/2004,FPR,FL,ASO,ES,Towers with Display (VFR),0,0,19,0,19,0,0,58,0,58,0,0,77,0,77,23,0,23,100
09/10/2004,FPR,FL,ASO,ES,Towers with Display (VFR),0,1,12,0,13,0,0,81,0,81,0,1,93,0,94,55,0,55,149
09/11/2004,FPR,FL,ASO,ES,Towers with Display (VFR),0,1,14,0,15,0,0,61,0,61,0,1,75,0,76,76,0,76,152
09/12/2004,FPR,FL,ASO,ES,Towers with Display (VFR),0,0,5,0,5,0,0,78,0,78,0,0,83,0,83,62,0,62,145
09/13/2004,FPR,FL,ASO,ES,Towers with Display (VFR),0,0,10,0,10,0,0,52,0,52,0,0,62,0,62,49,0,49,111
09/14/2004,FPR,FL,ASO,ES,Towers with Display (VFR),0,0,21,0,21,0,2,74,0,76,0,2,95,0,97,40,0,40,137
09/15/2004,FPR,FL,ASO,ES,Towers with Display (VFR),0,0,33,0,33,0,3,83,0,86,0,3,116,0,119,38,0,38,157
09/16/2004,FPR,FL,ASO,ES,Towers with Display (VFR),0,0,32,0,32,0,5,115,0,120,0,5,147,0,152,44,0,44,196
09/17/2004,FPR,FL,ASO,ES,Towers with Display (VFR),0,0,17,0,17,0,1,101,0,102,0,1,118,0,119,140,0,140,259
09/18/2004,FPR,FL,ASO,ES,Towers with Display (VFR),0,0,16,0,16,0,0,123,0,123,0,0,139,0,139,82,0,82,221
09/19/2004,FPR,FL,ASO,ES,Towers with Display (VFR),0,0,34,0,34,0,0,138,0,138,0,0,172,0,172,50,0,50,222
09/20/2004,FPR,FL,ASO,ES,Towers with Display (VFR),0,0,31,0,31,0,2,28,0,30,0,2,59,0,61,51,0,51,112
09/21/2004,FPR,FL,ASO,ES,Towers with Display (VFR),0,1,68,0,69,0,0,43,0,43,0,1,111,0,112,88,0,88,200
09/22/2004,FPR,FL,ASO,ES,Towers with Display (VFR),0,1,77,0,78,0,4,135,0,139,0,5,212,0,217,172,0,172,389
09/23/2004,FPR,FL,ASO,ES,Towers with Display (VFR),0,1,74,0,75,0,0,123,0,123,0,1,197,0,198,66,0,66,264
09/24/2004,FPR,FL,ASO,ES,Towers with Display (VFR),0,0,37,0,37,0,2,105,0,107,0,2,142,0,144,41,0,41,185
09/25/2004,FPR,FL,ASO,ES,Towers with Display (VFR),0,0,0,0,0,0,0,0,0,0,0,0,0,0,0,0,0,0,0
09/26/2004,FPR,FL,ASO,ES,Towers with Display (VFR),0,0,0,0,0,0,0,0,0,0,0,0,0,0,0,0,0,0,0
09/27/2004,FPR,FL,ASO,ES,Towers with Display (VFR),0,0,5,0,5,0,0,61,0,61,0,0,66,0,66,2,0,2,68
09/28/2004,FPR,FL,ASO,ES,Towers with Display (VFR),0,0,20,0,20,0,0,53,0,53,0,0,73,0,73,95,0,95,168
09/29/2004,FPR,FL,ASO,ES,Towers with Display (VFR),0,0,19,0,19,0,1,72,2,75,0,1,91,2,94,110,0,110,204
09/30/2004,FPR,FL,ASO,ES,Towers with Display (VFR),0,0,10,0,10,0,0,71,3,74,0,0,81,3,84,65,0,65,149
10/01/2004,FPR,FL,ASO,ES,Towers with Display (VFR),0,0,25,0,25,0,1,84,0,85,0,1,109,0,110,137,0,137,247
10/02/2004,FPR,FL,ASO,ES,Towers with Display (VFR),0,0,30,0,30,0,1,123,2,126,0,1,153,2,156,117,0,117,273
10/03/2004,FPR,FL,ASO,ES,Towers with Display (VFR),0,0,19,0,19,0,0,73,0,73,0,0,92,0,92,26,0,26,118
10/04/2004,FPR,FL,ASO,ES,Towers with Display (VFR),0,0,25,0,25,0,1,119,0,120,0,1,144,0,145,119,0,119,264
10/05/2004,FPR,FL,ASO,ES,Towers with Display (VFR),0,3,43,0,46,0,1,95,0,96,0,4,138,0,142,119,0,119,261
10/06/2004,FPR,FL,ASO,ES,Towers with Display (VFR),0,1,56,0,57,0,2,76,0,78,0,3,132,0,135,67,0,67,202
10/07/2004,FPR,FL,ASO,ES,Towers with Display (VFR),0,0,53,0,53,0,0,93,0,93,0,0,146,0,146,36,0,36,182
10/08/2004,FPR,FL,ASO,ES,Towers with Display (VFR),0,0,53,0,53,0,0,129,0,129,0,0,182,0,182,105,0,105,287
10/09/2004,FPR,FL,ASO,ES,Towers with Display (VFR),0,0,45,0,45,0,0,115,0,115,0,0,160,0,160,72,0,72,232
10/10/2004,FPR,FL,ASO,ES,Towers with Display (VFR),0,0,19,0,19,0,1,119,0,120,0,1,138,0,139,66,0,66,205
10/11/2004,FPR,FL,ASO,ES,Towers with Display (VFR),0,0,57,0,57,0,0,64,0,64,0,0,121,0,121,85,0,85,206
10/12/2004,FPR,FL,ASO,ES,Towers with Display (VFR),0,1,50,0,51,0,0,78,0,78,0,1,128,0,129,109,0,109,238
10/13/2004,FPR,FL,ASO,ES,Towers with Display (VFR),0,2,48,0,50,0,0,127,0,127,0,2,175,0,177,66,0,66,243
10/14/2004,FPR,FL,ASO,ES,Towers with Display (VFR),0,0,51,0,51,0,1,178,0,179,0,1,229,0,230,99,0,99,329
10/15/2004,FPR,FL,ASO,ES,Towers with Display (VFR),0,0,35,0,35,0,1,115,0,116,0,1,150,0,151,124,0,124,275
10/16/2004,FPR,FL,ASO,ES,Towers with Display (VFR),0,0,30,0,30,0,0,146,0,146,0,0,176,0,176,166,0,166,342
10/17/2004,FPR,FL,ASO,ES,Towers with Display (VFR),0,0,30,0,30,0,0,157,0,157,0,0,187,0,187,121,0,121,308
10/18/2004,FPR,FL,ASO,ES,Towers with Display (VFR),0,0,43,0,43,0,0,152,0,152,0,0,195,0,195,99,0,99,294
10/19/2004,FPR,FL,ASO,ES,Towers with Display (VFR),0,0,44,0,44,0,0,156,0,156,0,0,200,0,200,139,0,139,339
10/20/2004,FPR,FL,ASO,ES,Towers with Display (VFR),0,0,34,0,34,0,1,123,0,124,0,1,157,0,158,170,0,170,328
10/21/2004,FPR,FL,ASO,ES,Towers with Display (VFR),0,2,47,2,51,0,3,203,2,208,0,5,250,4,259,153,0,153,412
10/22/2004,FPR,FL,ASO,ES,Towers with Display (VFR),0,0,43,0,43,0,0,153,0,153,0,0,196,0,196,177,0,177,373
10/23/2004,FPR,FL,ASO,ES,Towers with Display (VFR),0,0,47,0,47,0,0,159,0,159,0,0,206,0,206,226,0,226,432
10/24/2004,FPR,FL,ASO,ES,Towers with Display (VFR),0,0,47,0,47,0,0,156,0,156,0,0,203,0,203,127,0,127,330
10/25/2004,FPR,FL,ASO,ES,Towers with Display (VFR),0,0,0,0,0,0,0,8,0,8,0,0,8,0,8,0,0,0,8
10/26/2004,FPR,FL,ASO,ES,Towers with Display (VFR),0,0,47,0,47,0,0,204,0,204,0,0,251,0,251,225,0,225,476
10/27/2004,FPR,FL,ASO,ES,Towers with Display (VFR),0,0,38,0,38,0,0,238,0,238,0,0,276,0,276,221,0,221,497
10/28/2004,FPR,FL,ASO,ES,Towers with Display (VFR),0,2,39,2,43,0,0,240,0,240,0,2,279,2,283,257,0,257,540
10/29/2004,FPR,FL,ASO,ES,Towers with Display (VFR),0,0,32,0,32,0,0,233,0,233,0,0,265,0,265,284,0,284,549
10/30/2004,FPR,FL,ASO,ES,Towers with Display (VFR),0,0,35,0,35,0,0,180,0,180,0,0,215,0,215,201,0,201,416
10/31/2004,FPR,FL,ASO,ES,Towers with Display (VFR),0,1,48,0,49,0,0,184,0,184,0,1,232,0,233,180,0,180,413
11/01/2004,FPR,FL,ASO,ES,Towers with Radar,0,2,45,0,47,0,0,218,0,218,0,2,263,0,265,219,0,219,484
11/02/2004,FPR,FL,ASO,ES,Towers with Radar,0,0,59,0,59,0,3,245,0,248,0,3,304,0,307,266,0,266,573
11/03/2004,FPR,FL,ASO,ES,Towers with Radar,0,3,75,0,78,0,0,225,0,225,0,3,300,0,303,392,0,392,695
11/04/2004,FPR,FL,ASO,ES,Towers with Radar,0,1,64,0,65,0,0,264,0,264,0,1,328,0,329,314,0,314,643
11/05/2004,FPR,FL,ASO,ES,Towers with Radar,0,1,78,0,79,0,0,27,0,27,0,1,105,0,106,87,0,87,193
11/06/2004,FPR,FL,ASO,ES,Towers with Radar,0,1,56,0,57,0,1,174,0,175,0,2,230,0,232,108,0,108,340
11/07/2004,FPR,FL,ASO,ES,Towers with Radar,0,1,66,0,67,0,0,176,0,176,0,1,242,0,243,152,0,152,395
11/08/2004,FPR,FL,ASO,ES,Towers with Radar,0,0,76,0,76,0,2,242,0,244,0,2,318,0,320,396,0,396,716
11/09/2004,FPR,FL,ASO,ES,Towers with Radar,0,3,63,0,66,0,0,190,0,190,0,3,253,0,256,215,0,215,471
11/10/2004,FPR,FL,ASO,ES,Towers with Radar,0,0,83,0,83,0,1,236,0,237,0,1,319,0,320,293,0,293,613
11/11/2004,FPR,FL,ASO,ES,Towers with Radar,0,0,85,0,85,0,0,229,0,229,0,0,314,0,314,385,0,385,699
11/12/2004,FPR,FL,ASO,ES,Towers with Radar,0,0,91,0,91,0,1,238,0,239,0,1,329,0,330,365,0,365,695
11/13/2004,FPR,FL,ASO,ES,Towers with Radar,0,0,64,0,64,0,0,156,0,156,0,0,220,0,220,342,0,342,562
11/14/2004,FPR,FL,ASO,ES,Towers with Radar,0,0,65,0,65,0,0,32,0,32,0,0,97,0,97,31,0,31,128
11/15/2004,FPR,FL,ASO,ES,Towers with Radar,0,1,124,0,125,0,0,200,0,200,0,1,324,0,325,88,0,88,413
11/16/2004,FPR,FL,ASO,ES,Towers with Radar,0,3,111,0,114,0,3,259,0,262,0,6,370,0,376,384,0,384,760
11/17/2004,FPR,FL,ASO,ES,Towers with Radar,0,2,107,0,109,0,0,250,0,250,0,2,357,0,359,313,0,313,672
11/18/2004,FPR,FL,ASO,ES,Towers with Radar,0,2,91,0,93,0,0,220,0,220,0,2,311,0,313,297,0,297,610
11/19/2004,FPR,FL,ASO,ES,Towers with Radar,0,6,125,0,131,0,1,284,0,285,0,7,409,0,416,311,0,311,727
11/20/2004,FPR,FL,ASO,ES,Towers with Radar,0,0,100,0,100,0,0,246,0,246,0,0,346,0,346,241,0,241,587
11/21/2004,FPR,FL,ASO,ES,Towers with Radar,0,5,66,0,71,0,2,209,0,211,0,7,275,0,282,220,0,220,502
11/22/2004,FPR,FL,ASO,ES,Towers with Radar,0,0,147,0,147,0,0,293,0,293,0,0,440,0,440,247,0,247,687
11/23/2004,FPR,FL,ASO,ES,Towers with Radar,0,3,84,0,87,0,0,248,0,248,0,3,332,0,335,294,0,294,629
11/24/2004,FPR,FL,ASO,ES,Towers with Radar,0,1,93,0,94,0,0,208,2,210,0,1,301,2,304,281,0,281,585
11/25/2004,FPR,FL,ASO,ES,Towers with Radar,0,0,43,0,43,0,0,34,0,34,0,0,77,0,77,187,0,187,264
11/26/2004,FPR,FL,ASO,ES,Towers with Radar,0,1,67,0,68,0,3,197,0,200,0,4,264,0,268,323,0,323,591
11/27/2004,FPR,FL,ASO,ES,Towers with Radar,0,1,96,0,97,0,0,209,0,209,0,1,305,0,306,256,0,256,562
11/28/2004,FPR,FL,ASO,ES,Towers with Radar,0,1,85,0,86,0,2,179,0,181,0,3,264,0,267,103,0,103,370
11/29/2004,FPR,FL,ASO,ES,Towers with Radar,0,2,74,0,76,0,2,215,0,217,0,4,289,0,293,347,0,347,640
11/30/2004,FPR,FL,ASO,ES,Towers with Radar,0,2,85,0,87,0,0,251,0,251,0,2,336,0,338,326,0,326,664
12/01/2004,FPR,FL,ASO,ES,Towers with Radar,0,0,61,0,61,0,0,269,0,269,0,0,330,0,330,390,0,390,720
12/02/2004,FPR,FL,ASO,ES,Towers with Radar,0,3,73,0,76,0,0,251,0,251,0,3,324,0,327,341,0,341,668
12/03/2004,FPR,FL,ASO,ES,Towers with Radar,0,3,75,0,78,0,0,225,0,225,0,3,300,0,303,392,0,392,695
12/04/2004,FPR,FL,ASO,ES,Towers with Radar,0,0,86,0,86,0,0,228,0,228,0,0,314,0,314,244,0,244,558
12/05/2004,FPR,FL,ASO,ES,Towers with Radar,0,3,73,0,76,0,1,219,0,220,0,4,292,0,296,140,0,140,436
12/06/2004,FPR,FL,ASO,ES,Towers with Radar,0,0,73,0,73,0,0,224,0,224,0,0,297,0,297,388,0,388,685
12/07/2004,FPR,FL,ASO,ES,Towers with Radar,0,2,70,0,72,0,0,234,0,234,0,2,304,0,306,375,0,375,681
12/08/2004,FPR,FL,ASO,ES,Towers with Radar,0,3,78,0,81,0,0,277,0,277,0,3,355,0,358,251,0,251,609
12/09/2004,FPR,FL,ASO,ES,Towers with Radar,0,1,96,0,97,0,0,246,0,246,0,1,342,0,343,325,0,325,668
12/10/2004,FPR,FL,ASO,ES,Towers with Radar,0,1,46,0,47,0,0,161,0,161,0,1,207,0,208,208,0,208,416
12/11/2004,FPR,FL,ASO,ES,Towers with Radar,0,2,61,2,65,0,0,217,0,217,0,2,278,2,282,215,0,215,497
12/12/2004,FPR,FL,ASO,ES,Towers with Radar,0,0,63,0,63,0,0,221,0,221,0,0,284,0,284,237,0,237,521
12/13/2004,FPR,FL,ASO,ES,Towers with Radar,0,0,67,2,69,0,1,295,0,296,0,1,362,2,365,258,0,258,623
12/14/2004,FPR,FL,ASO,ES,Towers with Radar,0,2,71,0,73,0,0,269,0,269,0,2,340,0,342,312,0,312,654
12/15/2004,FPR,FL,ASO,ES,Towers with Radar,0,3,70,0,73,0,0,164,1,165,0,3,234,1,238,124,0,124,362
12/16/2004,FPR,FL,ASO,ES,Towers with Radar,0,0,80,0,80,0,0,256,0,256,0,0,336,0,336,307,0,307,643
12/17/2004,FPR,FL,ASO,ES,Towers with Radar,0,1,112,0,113,0,0,211,0,211,0,1,323,0,324,207,0,207,531
12/18/2004,FPR,FL,ASO,ES,Towers with Radar,0,3,88,0,91,0,3,166,0,169,0,6,254,0,260,196,0,196,456
12/19/2004,FPR,FL,ASO,ES,Towers with Radar,0,3,32,0,35,0,0,191,0,191,0,3,223,0,226,121,0,121,347
12/20/2004,FPR,FL,ASO,ES,Towers with Radar,0,1,63,0,64,0,2,236,0,238,0,3,299,0,302,194,0,194,496
12/21/2004,FPR,FL,ASO,ES,Towers with Radar,0,1,88,0,89,0,0,251,0,251,0,1,339,0,340,304,0,304,644
12/22/2004,FPR,FL,ASO,ES,Towers with Radar,0,1,62,0,63,0,1,210,0,211,0,2,272,0,274,277,0,277,551
12/23/2004,FPR,FL,ASO,ES,Towers with Radar,0,0,74,0,74,0,0,91,0,91,0,0,165,0,165,195,0,195,360
12/24/2004,FPR,FL,ASO,ES,Towers with Radar,0,1,50,0,51,0,0,0,0,0,0,1,50,0,51,0,0,0,51
12/25/2004,FPR,FL,ASO,ES,Towers with Radar,0,0,3,0,3,0,0,0,0,0,0,0,3,0,3,0,0,0,3
12/26/2004,FPR,FL,ASO,ES,Towers with Radar,0,0,45,0,45,0,1,14,0,15,0,1,59,0,60,12,0,12,72
12/27/2004,FPR,FL,ASO,ES,Towers with Radar,0,2,104,0,106,0,0,178,0,178,0,2,282,0,284,165,0,165,449
12/28/2004,FPR,FL,ASO,ES,Towers with Radar,0,1,72,0,73,0,0,214,0,214,0,1,286,0,287,281,0,281,568
12/29/2004,FPR,FL,ASO,ES,Towers with Radar,0,1,88,0,89,0,0,237,0,237,0,1,325,0,326,294,0,294,620
12/30/2004,FPR,FL,ASO,ES,Towers with Radar,0,1,111,0,112,0,0,149,0,149,0,1,260,0,261,197,0,197,458
12/31/2004,FPR,FL,ASO,ES,Towers with Radar,0,1,56,0,57,0,0,244,0,244,0,1,300,0,301,252,0,252,553
01/01/2005,FPR,FL,ASO,ES,Towers with Radar,0,6,63,0,69,0,0,83,0,83,0,6,146,0,152,43,0,43,195
01/02/2005,FPR,FL,ASO,ES,Towers with Radar,0,3,103,0,106,0,0,204,0,204,0,3,307,0,310,61,0,61,371
01/03/2005,FPR,FL,ASO,ES,Towers with Radar,0,5,76,0,81,0,0,252,2,254,0,5,328,2,335,180,0,180,515
01/04/2005,FPR,FL,ASO,ES,Towers with Radar,0,2,96,0,98,0,0,250,0,250,0,2,346,0,348,230,0,230,578
01/05/2005,FPR,FL,ASO,ES,Towers with Radar,0,0,114,0,114,0,0,236,0,236,0,0,350,0,350,276,0,276,626
01/06/2005,FPR,FL,ASO,ES,Towers with Radar,0,2,92,0,94,0,1,248,0,249,0,3,340,0,343,264,0,264,607
01/07/2005,FPR,FL,ASO,ES,Towers with Radar,0,2,104,0,106,0,0,226,0,226,0,2,330,0,332,260,0,260,592
01/08/2005,FPR,FL,ASO,ES,Towers with Radar,0,2,65,0,67,0,0,203,0,203,0,2,268,0,270,234,0,234,504
01/09/2005,FPR,FL,ASO,ES,Towers with Radar,0,2,90,0,92,0,1,166,0,167,0,3,256,0,259,158,0,158,417
01/10/2005,FPR,FL,ASO,ES,Towers with Radar,0,0,106,0,106,0,0,254,0,254,0,0,360,0,360,232,0,232,592
01/11/2005,FPR,FL,ASO,ES,Towers with Radar,0,0,130,0,130,0,1,305,0,306,0,1,435,0,436,235,0,235,671
01/12/2005,FPR,FL,ASO,ES,Towers with Radar,0,1,113,0,114,0,1,312,0,313,0,2,425,0,427,260,0,260,687
01/13/2005,FPR,FL,ASO,ES,Towers with Radar,0,2,101,4,107,0,0,138,0,138,0,2,239,4,245,126,0,126,371
01/14/2005,FPR,FL,ASO,ES,Towers with Radar,0,3,53,0,56,0,0,33,0,33,0,3,86,0,89,25,0,25,114
01/15/2005,FPR,FL,ASO,ES,Towers with Radar,0,0,88,0,88,0,0,19,0,19,0,0,107,0,107,17,0,17,124
01/16/2005,FPR,FL,ASO,ES,Towers with Radar,0,3,75,0,78,0,2,30,0,32,0,5,105,0,110,8,0,8,118
01/17/2005,FPR,FL,ASO,ES,Towers with Radar,0,0,96,0,96,0,1,234,0,235,0,1,330,0,331,183,0,183,514
01/18/2005,FPR,FL,ASO,ES,Towers with Radar,0,3,53,0,56,0,0,173,0,173,0,3,226,0,229,131,0,131,360
01/19/2005,FPR,FL,ASO,ES,Towers with Radar,0,3,94,0,97,0,3,323,0,326,0,6,417,0,423,327,0,327,750
01/20/2005,FPR,FL,ASO,ES,Towers with Radar,0,3,101,0,104,0,0,320,0,320,0,3,421,0,424,244,0,244,668
01/21/2005,FPR,FL,ASO,ES,Towers with Radar,0,2,79,0,81,0,0,290,0,290,0,2,369,0,371,241,0,241,612
01/22/2005,FPR,FL,ASO,ES,Towers with Radar,0,0,74,0,74,0,0,226,0,226,0,0,300,0,300,230,0,230,530
01/23/2005,FPR,FL,ASO,ES,Towers with Radar,0,3,52,0,55,0,0,110,0,110,0,3,162,0,165,76,0,76,241
01/24/2005,FPR,FL,ASO,ES,Towers with Radar,0,1,71,0,72,0,0,293,0,293,0,1,364,0,365,200,0,200,565
01/25/2005,FPR,FL,ASO,ES,Towers with Radar,0,1,86,0,87,0,2,308,0,310,0,3,394,0,397,223,0,223,620
01/26/2005,FPR,FL,ASO,ES,Towers with Radar,0,1,79,0,80,0,0,326,0,326,0,1,405,0,406,282,0,282,688
01/27/2005,FPR,FL,ASO,ES,Towers with Radar,0,1,89,0,90,0,0,241,0,241,0,1,330,0,331,176,0,176,507
01/28/2005,FPR,FL,ASO,ES,Towers with Radar,0,1,110,0,111,0,0,59,0,59,0,1,169,0,170,115,0,115,285
01/29/2005,FPR,FL,ASO,ES,Towers with Radar,0,3,74,0,77,0,0,198,0,198,0,3,272,0,275,219,0,219,494
01/30/2005,FPR,FL,ASO,ES,Towers with Radar,0,0,72,0,72,0,0,219,0,219,0,0,291,0,291,244,0,244,535
01/31/2005,FPR,FL,ASO,ES,Towers with Radar,0,5,122,0,127,0,0,266,0,266,0,5,388,0,393,318,0,318,711
02/01/2005,FPR,FL,ASO,ES,Towers with Radar,0,0,117,0,117,0,0,271,0,271,0,0,388,0,388,330,0,330,718
02/02/2005,FPR,FL,ASO,ES,Towers with Radar,0,1,107,0,108,0,0,142,0,142,0,1,249,0,250,432,0,432,682
02/03/2005,FPR,FL,ASO,ES,Towers with Radar,0,3,120,0,123,0,1,206,0,207,0,4,326,0,330,415,0,415,745
02/04/2005,FPR,FL,ASO,ES,Towers with Radar,0,0,101,0,101,0,0,115,0,115,0,0,216,0,216,106,0,106,322
02/05/2005,FPR,FL,ASO,ES,Towers with Radar,0,1,85,0,86,0,0,197,0,197,0,1,282,0,283,195,0,195,478
02/06/2005,FPR,FL,ASO,ES,Towers with Radar,0,0,69,0,69,0,0,152,0,152,0,0,221,0,221,123,0,123,344
02/07/2005,FPR,FL,ASO,ES,Towers with Radar,0,2,129,0,131,0,1,244,0,245,0,3,373,0,376,304,0,304,680
02/08/2005,FPR,FL,ASO,ES,Towers with Radar,0,5,39,0,44,0,0,32,0,32,0,5,71,0,76,70,0,70,146
02/09/2005,FPR,FL,ASO,ES,Towers with Radar,0,5,105,0,110,0,0,300,0,300,0,5,405,0,410,357,0,357,767
02/10/2005,FPR,FL,ASO,ES,Towers with Radar,0,1,76,0,77,0,0,224,0,224,0,1,300,0,301,403,0,403,704
02/11/2005,FPR,FL,ASO,ES,Towers with Radar,0,2,97,0,99,0,0,221,0,221,0,2,318,0,320,262,0,262,582
02/12/2005,FPR,FL,ASO,ES,Towers with Radar,0,1,83,0,84,0,0,252,0,252,0,1,335,0,336,296,0,296,632
02/13/2005,FPR,FL,ASO,ES,Towers with Radar,0,0,82,0,82,0,0,236,0,236,0,0,318,0,318,177,0,177,495
02/14/2005,FPR,FL,ASO,ES,Towers with Radar,0,1,109,0,110,0,0,207,0,207,0,1,316,0,317,200,0,200,517
02/15/2005,FPR,FL,ASO,ES,Towers with Radar,0,2,126,0,128,0,1,278,0,279,0,3,404,0,407,340,0,340,747
02/16/2005,FPR,FL,ASO,ES,Towers with Radar,0,2,97,0,99,0,0,265,0,265,0,2,362,0,364,406,0,406,770
02/17/2005,FPR,FL,ASO,ES,Towers with Radar,0,4,120,0,124,0,0,225,0,225,0,4,345,0,349,223,0,223,572
02/18/2005,FPR,FL,ASO,ES,Towers with Radar,0,5,100,0,105,0,0,219,0,219,0,5,319,0,324,219,0,219,543
02/19/2005,FPR,FL,ASO,ES,Towers with Radar,0,3,66,0,69,0,0,248,0,248,0,3,314,0,317,244,0,244,561
02/20/2005,FPR,FL,ASO,ES,Towers with Radar,0,1,81,0,82,0,1,210,0,211,0,2,291,0,293,162,0,162,455
02/21/2005,FPR,FL,ASO,ES,Towers with Radar,0,8,116,0,124,0,0,270,0,270,0,8,386,0,394,225,0,225,619
02/22/2005,FPR,FL,ASO,ES,Towers with Radar,0,5,144,0,149,0,1,224,0,225,0,6,368,0,374,414,0,414,788
02/23/2005,FPR,FL,ASO,ES,Towers with Radar,0,1,130,0,131,0,3,229,0,232,0,4,359,0,363,323,0,323,686
02/24/2005,FPR,FL,ASO,ES,Towers with Radar,0,6,73,0,79,0,0,254,0,254,0,6,327,0,333,272,0,272,605
02/25/2005,FPR,FL,ASO,ES,Towers with Radar,0,6,70,0,76,0,0,93,5,98,0,6,163,5,174,278,0,278,452
02/26/2005,FPR,FL,ASO,ES,Towers with Radar,0,1,107,0,108,0,0,142,0,142,0,1,249,0,250,72,0,72,322
02/27/2005,FPR,FL,ASO,ES,Towers with Radar,0,6,32,0,38,0,1,12,0,13,0,7,44,0,51,10,0,10,61
02/28/2005,FPR,FL,ASO,ES,Towers with Radar,0,2,83,0,85,0,0,213,0,213,0,2,296,0,298,326,0,326,624
03/01/2005,FPR,FL,ASO,ES,Towers with Radar,0,6,68,0,74,0,0,281,0,281,0,6,349,0,355,345,0,345,700
03/02/2005,FPR,FL,ASO,ES,Towers with Radar,0,7,108,0,115,0,4,307,0,311,0,11,415,0,426,374,0,374,800
03/03/2005,FPR,FL,ASO,ES,Towers with Radar,0,1,117,0,118,0,1,185,0,186,0,2,302,0,304,316,0,316,620
03/04/2005,FPR,FL,ASO,ES,Towers with Radar,0,5,107,0,112,0,0,183,0,183,0,5,290,0,295,280,0,280,575
03/05/2005,FPR,FL,ASO,ES,Towers with Radar,0,2,78,0,80,0,1,252,0,253,0,3,330,0,333,362,0,362,695
03/06/2005,FPR,FL,ASO,ES,Towers with Radar,0,4,93,0,97,0,2,223,0,225,0,6,316,0,322,258,0,258,580
03/07/2005,FPR,FL,ASO,ES,Towers with Radar,0,3,82,0,85,0,0,248,0,248,0,3,330,0,333,403,0,403,736
03/08/2005,FPR,FL,ASO,ES,Towers with Radar,0,5,39,0,44,0,0,32,0,32,0,5,71,0,76,70,0,70,146
03/09/2005,FPR,FL,ASO,ES,Towers with Radar,0,5,70,0,75,0,1,70,0,71,0,6,140,0,146,207,0,207,353
03/10/2005,FPR,FL,ASO,ES,Towers with Radar,0,3,91,0,94,0,0,313,0,313,0,3,404,0,407,340,0,340,747
03/11/2005,FPR,FL,ASO,ES,Towers with Radar,0,0,93,0,93,0,1,255,0,256,0,1,348,0,349,372,0,372,721
03/12/2005,FPR,FL,ASO,ES,Towers with Radar,0,3,82,0,85,0,0,253,0,253,0,3,335,0,338,336,0,336,674
03/13/2005,FPR,FL,ASO,ES,Towers with Radar,0,5,78,0,83,0,1,194,0,195,0,6,272,0,278,270,0,270,548
03/14/2005,FPR,FL,ASO,ES,Towers with Radar,0,1,63,0,64,0,0,215,0,215,0,1,278,0,279,313,0,313,592
03/15/2005,FPR,FL,ASO,ES,Towers with Radar,0,1,105,0,106,0,0,165,0,165,0,1,270,0,271,352,0,352,623
03/16/2005,FPR,FL,ASO,ES,Towers with Radar,0,3,64,0,67,0,0,129,0,129,0,3,193,0,196,194,0,194,390
03/17/2005,FPR,FL,ASO,ES,Towers with Radar,0,0,35,0,35,0,0,6,0,6,0,0,41,0,41,44,0,44,85
03/18/2005,FPR,FL,ASO,ES,Towers with Radar,0,3,110,0,113,0,0,200,0,200,0,3,310,0,313,190,0,190,503
03/19/2005,FPR,FL,ASO,ES,Towers with Radar,0,1,102,0,103,0,2,341,0,343,0,3,443,0,446,268,0,268,714
03/20/2005,FPR,FL,ASO,ES,Towers with Radar,0,3,87,0,90,0,1,240,0,241,0,4,327,0,331,248,0,248,579
03/21/2005,FPR,FL,ASO,ES,Towers with Radar,0,6,90,0,96,0,0,251,0,251,0,6,341,0,347,333,0,333,680
03/22/2005,FPR,FL,ASO,ES,Towers with Radar,0,2,79,0,81,0,0,159,0,159,0,2,238,0,240,237,0,237,477
03/23/2005,FPR,FL,ASO,ES,Towers with Radar,0,4,70,0,74,0,0,89,0,89,0,4,159,0,163,192,0,192,355
03/24/2005,FPR,FL,ASO,ES,Towers with Radar,0,6,83,0,89,0,3,384,0,387,0,9,467,0,476,348,0,348,824
03/25/2005,FPR,FL,ASO,ES,Towers with Radar,0,4,80,0,84,0,0,195,0,195,0,4,275,0,279,237,0,237,516
03/26/2005,FPR,FL,ASO,ES,Towers with Radar,0,4,140,0,144,0,2,196,0,198,0,6,336,0,342,184,0,184,526
03/27/2005,FPR,FL,ASO,ES,Towers with Radar,0,1,94,0,95,0,0,121,0,121,0,1,215,0,216,165,0,165,381
03/28/2005,FPR,FL,ASO,ES,Towers with Radar,0,5,173,0,178,0,0,33,0,33,0,5,206,0,211,134,0,134,345
03/29/2005,FPR,FL,ASO,ES,Towers with Radar,0,1,88,0,89,0,0,361,0,361,0,1,449,0,450,282,0,282,732
03/30/2005,FPR,FL,ASO,ES,Towers with Radar,0,2,63,0,65,0,0,362,0,362,0,2,425,0,427,356,0,356,783
03/31/2005,FPR,FL,ASO,ES,Towers with Radar,0,6,126,0,132,0,0,344,0,344,0,6,470,0,476,301,0,301,777
04/01/2005,FPR,FL,ASO,ES,Towers with Radar,0,4,125,0,129,0,0,326,0,326,0,4,451,0,455,200,0,200,655
04/02/2005,FPR,FL,ASO,ES,Towers with Radar,0,5,56,0,61,0,1,72,0,73,0,6,128,0,134,164,0,164,298
04/03/2005,FPR,FL,ASO,ES,Towers with Radar,0,2,129,0,131,0,0,234,0,234,0,2,363,0,365,154,0,154,519
04/04/2005,FPR,FL,ASO,ES,Towers with Radar,0,5,109,0,114,0,0,313,0,313,0,5,422,0,427,255,0,255,682
04/05/2005,FPR,FL,ASO,ES,Towers with Radar,0,0,132,0,132,0,0,277,0,277,0,0,409,0,409,244,0,244,653
04/06/2005,FPR,FL,ASO,ES,Towers with Radar,0,4,98,0,102,0,2,261,0,263,0,6,359,0,365,255,0,255,620
04/07/2005,FPR,FL,ASO,ES,Towers with Radar,0,3,108,0,111,0,1,243,0,244,0,4,351,0,355,223,0,223,578
04/08/2005,FPR,FL,ASO,ES,Towers with Radar,0,2,77,0,79,0,0,145,0,145,0,2,222,0,224,245,0,245,469
04/09/2005,FPR,FL,ASO,ES,Towers with Radar,0,8,104,0,112,0,0,273,0,273,0,8,377,0,385,285,0,285,670
04/10/2005,FPR,FL,ASO,ES,Towers with Radar,0,3,96,0,99,0,1,229,0,230,0,4,325,0,329,118,0,118,447
04/11/2005,FPR,FL,ASO,ES,Towers with Radar,0,4,104,0,108,0,0,353,0,353,0,4,457,0,461,203,0,203,664
04/12/2005,FPR,FL,ASO,ES,Towers with Radar,0,1,123,0,124,0,1,316,0,317,0,2,439,0,441,263,0,263,704
04/13/2005,FPR,FL,ASO,ES,Towers with Radar,0,5,89,0,94,0,2,282,0,284,0,7,371,0,378,267,0,267,645
04/14/2005,FPR,FL,ASO,ES,Towers with Radar,0,0,58,2,60,0,0,286,1,287,0,0,344,3,347,360,0,360,707
04/15/2005,FPR,FL,ASO,ES,Towers with Radar,0,2,61,0,63,0,0,161,3,164,0,2,222,3,227,92,0,92,319
04/16/2005,FPR,FL,ASO,ES,Towers with Radar,0,5,64,0,69,0,0,169,0,169,0,5,233,0,238,61,0,61,299
04/17/2005,FPR,FL,ASO,ES,Towers with Radar,0,2,58,0,60,0,1,112,0,113,0,3,170,0,173,52,0,52,225
04/18/2005,FPR,FL,ASO,ES,Towers with Radar,0,1,115,0,116,0,0,312,0,312,0,1,427,0,428,168,0,168,596
04/19/2005,FPR,FL,ASO,ES,Towers with Radar,0,6,101,3,110,0,1,333,1,335,0,7,434,4,445,333,0,333,778
04/20/2005,FPR,FL,ASO,ES,Towers with Radar,0,1,96,0,97,0,1,334,0,335,0,2,430,0,432,315,0,315,747
04/21/2005,FPR,FL,ASO,ES,Towers with Radar,0,0,95,0,95,0,0,356,0,356,0,0,451,0,451,420,0,420,871
04/22/2005,FPR,FL,ASO,ES,Towers with Radar,0,4,54,2,60,0,0,302,0,302,0,4,356,2,362,374,0,374,736
04/23/2005,FPR,FL,ASO,ES,Towers with Radar,0,2,52,0,54,0,0,194,0,194,0,2,246,0,248,383,0,383,631
04/24/2005,FPR,FL,ASO,ES,Towers with Radar,0,0,64,0,64,0,0,185,0,185,0,0,249,0,249,242,0,242,491
04/25/2005,FPR,FL,ASO,ES,Towers with Radar,0,2,102,0,104,0,0,274,0,274,0,2,376,0,378,337,0,337,715
04/26/2005,FPR,FL,ASO,ES,Towers with Radar,0,0,76,0,76,0,0,240,0,240,0,0,316,0,316,241,0,241,557
04/27/2005,FPR,FL,ASO,ES,Towers with Radar,0,3,61,0,64,0,4,196,0,200,0,7,257,0,264,459,0,459,723
04/28/2005,FPR,FL,ASO,ES,Towers with Radar,0,1,85,0,86,0,0,320,0,320,0,1,405,0,406,278,0,278,684
04/29/2005,FPR,FL,ASO,ES,Towers with Radar,0,4,70,0,74,0,0,237,0,237,0,4,307,0,311,385,0,385,696
04/30/2005,FPR,FL,ASO,ES,Towers with Radar,0,0,53,0,53,0,0,186,0,186,0,0,239,0,239,215,0,215,454
05/01/2005,FPR,FL,ASO,ES,Towers with Radar,0,2,69,0,71,0,0,93,0,93,0,2,162,0,164,110,0,110,274
05/02/2005,FPR,FL,ASO,ES,Towers with Radar,0,2,92,0,94,0,0,140,0,140,0,2,232,0,234,229,0,229,463
05/03/2005,FPR,FL,ASO,ES,Towers with Radar,0,3,84,0,87,0,0,258,0,258,0,3,342,0,345,521,0,521,866
05/04/2005,FPR,FL,ASO,ES,Towers with Radar,0,1,80,0,81,0,0,35,0,35,0,1,115,0,116,210,0,210,326
05/05/2005,FPR,FL,ASO,ES,Towers with Radar,0,2,102,0,104,0,0,108,0,108,0,2,210,0,212,206,0,206,418
05/06/2005,FPR,FL,ASO,ES,Towers with Radar,0,2,134,0,136,0,0,148,0,148,0,2,282,0,284,307,0,307,591
05/07/2005,FPR,FL,ASO,ES,Towers with Radar,0,4,65,0,69,0,0,279,0,279,0,4,344,0,348,215,0,215,563
05/08/2005,FPR,FL,ASO,ES,Towers with Radar,0,2,54,0,56,0,0,185,0,185,0,2,239,0,241,179,0,179,420
05/09/2005,FPR,FL,ASO,ES,Towers with Radar,0,1,101,0,102,0,1,227,0,228,0,2,328,0,330,406,0,406,736
05/10/2005,FPR,FL,ASO,ES,Towers with Radar,0,3,98,0,101,0,0,315,0,315,0,3,413,0,416,503,0,503,919
05/11/2005,FPR,FL,ASO,ES,Towers with Radar,0,1,85,0,86,0,3,245,0,248,0,4,330,0,334,399,0,399,733
05/12/2005,FPR,FL,ASO,ES,Towers with Radar,0,2,112,0,114,0,0,285,0,285,0,2,397,0,399,309,0,309,708
05/13/2005,FPR,FL,ASO,ES,Towers with Radar,0,4,81,1,86,0,0,248,1,249,0,4,329,2,335,308,0,308,643
05/14/2005,FPR,FL,ASO,ES,Towers with Radar,0,0,62,0,62,0,0,183,0,183,0,0,245,0,245,230,0,230,475
05/15/2005,FPR,FL,ASO,ES,Towers with Radar,0,0,90,0,90,0,0,190,0,190,0,0,280,0,280,225,0,225,505
05/16/2005,FPR,FL,ASO,ES,Towers with Radar,0,2,140,0,142,0,1,258,2,261,0,3,398,2,403,364,0,364,767
05/17/2005,FPR,FL,ASO,ES,Towers with Radar,0,0,107,0,107,0,0,226,0,226,0,0,333,0,333,355,0,355,688
05/18/2005,FPR,FL,ASO,ES,Towers with Radar,0,3,88,2,93,0,0,204,0,204,0,3,292,2,297,237,0,237,534
05/19/2005,FPR,FL,ASO,ES,Towers with Radar,0,2,126,0,128,0,0,240,0,240,0,2,366,0,368,268,0,268,636
05/20/2005,FPR,FL,ASO,ES,Towers with Radar,0,0,79,0,79,0,0,227,1,228,0,0,306,1,307,217,0,217,524
05/21/2005,FPR,FL,ASO,ES,Towers with Radar,0,0,10,0,10,0,0,57,0,57,0,0,67,0,67,32,0,32,99
05/22/2005,FPR,FL,ASO,ES,Towers with Radar,0,1,20,0,21,0,0,110,0,110,0,1,130,0,131,18,0,18,149
05/23/2005,FPR,FL,ASO,ES,Towers with Radar,0,1,86,0,87,0,0,210,0,210,0,1,296,0,297,329,0,329,626
05/24/2005,FPR,FL,ASO,ES,Towers with Radar,0,1,81,0,82,0,0,207,0,207,0,1,288,0,289,208,0,208,497
05/25/2005,FPR,FL,ASO,ES,Towers with Radar,0,3,78,0,81,0,0,59,0,59,0,3,137,0,140,110,0,110,250
05/26/2005,FPR,FL,ASO,ES,Towers with Radar,0,2,150,0,152,0,0,183,0,183,0,2,333,0,335,284,0,284,619
05/27/2005,FPR,FL,ASO,ES,Towers with Radar,0,4,127,0,131,0,1,186,0,187,0,5,313,0,318,143,0,143,461
05/28/2005,FPR,FL,ASO,ES,Towers with Radar,0,6,82,0,88,0,1,149,0,150,0,7,231,0,238,120,0,120,358
05/29/2005,FPR,FL,ASO,ES,Towers with Radar,0,0,60,0,60,0,1,159,0,160,0,1,219,0,220,133,0,133,353
05/30/2005,FPR,FL,ASO,ES,Towers with Radar,0,2,124,0,126,0,2,266,0,268,0,4,390,0,394,163,0,163,557
05/31/2005,FPR,FL,ASO,ES,Towers with Radar,0,1,69,0,70,0,1,89,0,90,0,2,158,0,160,162,0,162,322
06/01/2005,FPR,FL,ASO,ES,Towers with Radar,0,1,35,0,36,0,1,29,0,30,0,2,64,0,66,23,0,23,89
06/02/2005,FPR,FL,ASO,ES,Towers with Radar,0,1,70,0,71,0,0,96,0,96,0,1,166,0,167,201,0,201,368
06/03/2005,FPR,FL,ASO,ES,Towers with Radar,0,4,55,0,59,0,1,101,0,102,0,5,156,0,161,106,0,106,267
06/04/2005,FPR,FL,ASO,ES,Towers with Radar,0,1,85,0,86,0,0,142,0,142,0,1,227,0,228,163,0,163,391
06/05/2005,FPR,FL,ASO,ES,Towers with Radar,0,1,57,0,58,0,0,80,0,80,0,1,137,0,138,87,0,87,225
06/06/2005,FPR,FL,ASO,ES,Towers with Radar,0,1,79,0,80,0,0,167,0,167,0,1,246,0,247,329,0,329,576
06/07/2005,FPR,FL,ASO,ES,Towers with Radar,0,8,75,0,83,0,1,176,0,177,0,9,251,0,260,177,0,177,437
06/08/2005,FPR,FL,ASO,ES,Towers with Radar,0,1,74,0,75,0,0,167,0,167,0,1,241,0,242,265,0,265,507
06/09/2005,FPR,FL,ASO,ES,Towers with Radar,0,1,74,0,75,0,0,186,0,186,0,1,260,0,261,226,0,226,487
06/10/2005,FPR,FL,ASO,ES,Towers with Radar,0,3,76,0,79,0,0,69,0,69,0,3,145,0,148,157,0,157,305
06/11/2005,FPR,FL,ASO,ES,Towers with Radar,0,0,33,0,33,0,0,22,0,22,0,0,55,0,55,21,0,21,76
06/12/2005,FPR,FL,ASO,ES,Towers with Radar,0,5,71,0,76,0,0,97,0,97,0,5,168,0,173,138,0,138,311
06/13/2005,FPR,FL,ASO,ES,Towers with Radar,0,2,85,0,87,0,4,213,0,217,0,6,298,0,304,288,0,288,592
06/14/2005,FPR,FL,ASO,ES,Towers with Radar,0,1,57,0,58,0,2,222,0,224,0,3,279,0,282,257,0,257,539
06/15/2005,FPR,FL,ASO,ES,Towers with Radar,0,0,50,0,50,0,0,213,0,213,0,0,263,0,263,207,0,207,470
06/16/2005,FPR,FL,ASO,ES,Towers with Radar,0,3,73,0,76,0,0,158,0,158,0,3,231,0,234,147,0,147,381
06/17/2005,FPR,FL,ASO,ES,Towers with Radar,0,1,58,2,61,0,0,189,1,190,0,1,247,3,251,213,0,213,464
06/18/2005,FPR,FL,ASO,ES,Towers with Radar,0,0,75,0,75,0,0,130,0,130,0,0,205,0,205,124,0,124,329
06/19/2005,FPR,FL,ASO,ES,Towers with Radar,0,3,67,0,70,0,0,118,0,118,0,3,185,0,188,136,0,136,324
06/20/2005,FPR,FL,ASO,ES,Towers with Radar,0,0,90,0,90,0,0,115,0,115,0,0,205,0,205,228,0,228,433
06/21/2005,FPR,FL,ASO,ES,Towers with Radar,0,3,148,0,151,0,0,154,0,154,0,3,302,0,305,167,0,167,472
06/22/2005,FPR,FL,ASO,ES,Towers with Radar,0,1,71,0,72,0,0,155,0,155,0,1,226,0,227,206,0,206,433
06/23/2005,FPR,FL,ASO,ES,Towers with Radar,0,0,63,0,63,0,0,125,0,125,0,0,188,0,188,101,0,101,289
06/24/2005,FPR,FL,ASO,ES,Towers with Radar,0,0,64,0,64,0,0,63,0,63,0,0,127,0,127,123,0,123,250
06/25/2005,FPR,FL,ASO,ES,Towers with Radar,0,2,80,0,82,0,0,179,0,179,0,2,259,0,261,124,0,124,385
06/26/2005,FPR,FL,ASO,ES,Towers with Radar,0,3,64,0,67,0,1,142,0,143,0,4,206,0,210,69,0,69,279
06/27/2005,FPR,FL,ASO,ES,Towers with Radar,0,0,67,0,67,0,0,145,0,145,0,0,212,0,212,182,0,182,394
06/28/2005,FPR,FL,ASO,ES,Towers with Radar,0,0,75,0,75,0,0,118,0,118,0,0,193,0,193,248,0,248,441
06/29/2005,FPR,FL,ASO,ES,Towers with Radar,0,3,63,0,66,0,0,149,0,149,0,3,212,0,215,165,0,165,380
06/30/2005,FPR,FL,ASO,ES,Towers with Radar,0,1,77,0,78,0,2,132,0,134,0,3,209,0,212,156,0,156,368
07/01/2005,FPR,FL,ASO,ES,Towers with Radar,0,2,97,0,99,0,2,165,0,167,0,4,262,0,266,174,0,174,440
07/02/2005,FPR,FL,ASO,ES,Towers with Radar,0,1,70,0,71,0,0,118,0,118,0,1,188,0,189,201,0,201,390
07/03/2005,FPR,FL,ASO,ES,Towers with Radar,0,0,39,0,39,0,0,105,0,105,0,0,144,0,144,115,0,115,259
07/04/2005,FPR,FL,ASO,ES,Towers with Radar,0,1,67,0,68,0,0,174,0,174,0,1,241,0,242,195,0,195,437
07/05/2005,FPR,FL,ASO,ES,Towers with Radar,0,0,74,0,74,0,1,173,0,174,0,1,247,0,248,159,0,159,407
07/06/2005,FPR,FL,ASO,ES,Towers with Radar,0,1,63,0,64,0,0,186,0,186,0,1,249,0,250,114,0,114,364
07/07/2005,FPR,FL,ASO,ES,Towers with Radar,0,0,74,0,74,0,0,159,0,159,0,0,233,0,233,133,0,133,366
07/08/2005,FPR,FL,ASO,ES,Towers with Radar,0,1,98,0,99,0,0,139,0,139,0,1,237,0,238,175,0,175,413
07/09/2005,FPR,FL,ASO,ES,Towers with Radar,0,0,17,0,17,0,0,6,0,6,0,0,23,0,23,0,0,0,23
07/10/2005,FPR,FL,ASO,ES,Towers with Radar,0,1,54,0,55,0,0,31,0,31,0,1,85,0,86,73,0,73,159
07/11/2005,FPR,FL,ASO,ES,Towers with Radar,0,0,88,0,88,0,0,111,0,111,0,0,199,0,199,103,0,103,302
07/12/2005,FPR,FL,ASO,ES,Towers with Radar,0,0,86,0,86,0,0,133,0,133,0,0,219,0,219,224,0,224,443
07/13/2005,FPR,FL,ASO,ES,Towers with Radar,0,2,60,0,62,0,0,138,0,138,0,2,198,0,200,121,0,121,321
07/14/2005,FPR,FL,ASO,ES,Towers with Radar,0,1,68,0,69,0,0,158,0,158,0,1,226,0,227,149,0,149,376
07/15/2005,FPR,FL,ASO,ES,Towers with Radar,0,1,50,0,51,0,0,136,0,136,0,1,186,0,187,146,0,146,333
07/16/2005,FPR,FL,ASO,ES,Towers with Radar,0,1,56,0,57,0,0,123,0,123,0,1,179,0,180,95,0,95,275
07/17/2005,FPR,FL,ASO,ES,Towers with Radar,0,0,60,0,60,0,1,132,0,133,0,1,192,0,193,114,0,114,307
07/18/2005,FPR,FL,ASO,ES,Towers with Radar,0,2,54,0,56,0,0,152,0,152,0,2,206,0,208,82,0,82,290
07/19/2005,FPR,FL,ASO,ES,Towers with Radar,0,2,56,0,58,0,1,136,0,137,0,3,192,0,195,67,0,67,262
07/20/2005,FPR,FL,ASO,ES,Towers with Radar,0,2,51,0,53,0,4,139,0,143,0,6,190,0,196,136,0,136,332
07/21/2005,FPR,FL,ASO,ES,Towers with Radar,0,2,62,0,64,0,0,151,0,151,0,2,213,0,215,116,0,116,331
07/22/2005,FPR,FL,ASO,ES,Towers with Radar,0,0,41,0,41,0,0,138,0,138,0,0,179,0,179,78,0,78,257
07/23/2005,FPR,FL,ASO,ES,Towers with Radar,0,1,62,0,63,0,0,149,0,149,0,1,211,0,212,98,0,98,310
07/24/2005,FPR,FL,ASO,ES,Towers with Radar,0,1,64,0,65,0,1,73,0,74,0,2,137,0,139,76,0,76,215
07/25/2005,FPR,FL,ASO,ES,Towers with Radar,0,2,52,0,54,0,0,125,0,125,0,2,177,0,179,148,0,148,327
07/26/2005,FPR,FL,ASO,ES,Towers with Radar,0,2,36,0,38,0,0,151,0,151,0,2,187,0,189,136,0,136,325
07/27/2005,FPR,FL,ASO,ES,Towers with Radar,0,1,28,0,29,0,0,157,0,157,0,1,185,0,186,91,0,91,277
07/28/2005,FPR,FL,ASO,ES,Towers with Radar,0,0,50,0,50,0,2,151,0,153,0,2,201,0,203,141,0,141,344
07/29/2005,FPR,FL,ASO,ES,Towers with Radar,0,0,49,0,49,0,0,117,0,117,0,0,166,0,166,81,0,81,247
07/30/2005,FPR,FL,ASO,ES,Towers with Radar,0,0,45,0,45,0,0,78,0,78,0,0,123,0,123,98,0,98,221
07/31/2005,FPR,FL,ASO,ES,Towers with Radar,0,0,78,0,78,0,0,101,0,101,0,0,179,0,179,80,0,80,259
08/01/2005,FPR,FL,ASO,ES,Towers with Radar,0,2,47,0,49,0,0,110,0,110,0,2,157,0,159,65,0,65,224
08/02/2005,FPR,FL,ASO,ES,Towers with Radar,0,0,33,0,33,0,0,138,0,138,0,0,171,0,171,118,0,118,289
08/03/2005,FPR,FL,ASO,ES,Towers with Radar,0,1,45,0,46,0,0,118,0,118,0,1,163,0,164,155,0,155,319
08/04/2005,FPR,FL,ASO,ES,Towers with Radar,0,1,33,0,34,0,0,144,0,144,0,1,177,0,178,122,0,122,300
08/05/2005,FPR,FL,ASO,ES,Towers with Radar,0,2,57,0,59,0,0,149,0,149,0,2,206,0,208,216,0,216,424
08/06/2005,FPR,FL,ASO,ES,Towers with Radar,0,0,40,0,40,0,0,145,0,145,0,0,185,0,185,100,0,100,285
08/07/2005,FPR,FL,ASO,ES,Towers with Radar,0,2,58,0,60,0,0,134,0,134,0,2,192,0,194,47,0,47,241
08/08/2005,FPR,FL,ASO,ES,Towers with Radar,0,0,26,0,26,0,0,139,0,139,0,0,165,0,165,120,0,120,285
08/09/2005,FPR,FL,ASO,ES,Towers with Radar,0,0,39,0,39,0,0,137,0,137,0,0,176,0,176,129,0,129,305
08/10/2005,FPR,FL,ASO,ES,Towers with Radar,0,1,37,2,40,0,1,141,0,142,0,2,178,2,182,153,0,153,335
08/11/2005,FPR,FL,ASO,ES,Towers with Radar,0,2,59,0,61,0,0,164,0,164,0,2,223,0,225,180,0,180,405
08/12/2005,FPR,FL,ASO,ES,Towers with Radar,0,0,51,2,53,0,0,122,0,122,0,0,173,2,175,177,0,177,352
08/13/2005,FPR,FL,ASO,ES,Towers with Radar,0,1,44,0,45,0,0,139,0,139,0,1,183,0,184,166,0,166,350
08/14/2005,FPR,FL,ASO,ES,Towers with Radar,0,0,54,0,54,0,0,125,0,125,0,0,179,0,179,83,0,83,262
08/15/2005,FPR,FL,ASO,ES,Towers with Radar,0,3,35,0,38,0,0,136,0,136,0,3,171,0,174,125,0,125,299
08/16/2005,FPR,FL,ASO,ES,Towers with Radar,0,0,36,2,38,0,0,154,0,154,0,0,190,2,192,114,0,114,306
08/17/2005,FPR,FL,ASO,ES,Towers with Radar,0,2,20,0,22,0,4,143,0,147,0,6,163,0,169,151,0,151,320
08/18/2005,FPR,FL,ASO,ES,Towers with Radar,0,0,52,0,52,0,0,160,0,160,0,0,212,0,212,213,0,213,425
08/19/2005,FPR,FL,ASO,ES,Towers with Radar,0,2,54,0,56,0,0,156,0,156,0,2,210,0,212,176,0,176,388
08/20/2005,FPR,FL,ASO,ES,Towers with Radar,0,1,47,0,48,0,0,159,0,159,0,1,206,0,207,99,0,99,306
08/21/2005,FPR,FL,ASO,ES,Towers with Radar,0,0,35,0,35,0,0,106,0,106,0,0,141,0,141,88,0,88,229
08/22/2005,FPR,FL,ASO,ES,Towers with Radar,0,3,42,0,45,0,0,126,0,126,0,3,168,0,171,184,0,184,355
08/23/2005,FPR,FL,ASO,ES,Towers with Radar,0,0,58,0,58,0,0,140,0,140,0,0,198,0,198,163,0,163,361
08/24/2005,FPR,FL,ASO,ES,Towers with Radar,0,0,55,0,55,0,2,104,0,106,0,2,159,0,161,177,0,177,338
08/25/2005,FPR,FL,ASO,ES,Towers with Radar,0,0,20,0,20,0,0,15,0,15,0,0,35,0,35,0,0,0,35
08/26/2005,FPR,FL,ASO,ES,Towers with Radar,0,0,35,0,35,0,0,29,0,29,0,0,64,0,64,30,0,30,94
08/27/2005,FPR,FL,ASO,ES,Towers with Radar,0,0,42,0,42,0,0,76,0,76,0,0,118,0,118,115,0,115,233
08/28/2005,FPR,FL,ASO,ES,Towers with Radar,0,0,22,0,22,0,0,114,1,115,0,0,136,1,137,117,0,117,254
08/29/2005,FPR,FL,ASO,ES,Towers with Radar,0,1,48,0,49,0,0,130,0,130,0,1,178,0,179,82,0,82,261
08/30/2005,FPR,FL,ASO,ES,Towers with Radar,0,0,41,0,41,0,0,150,0,150,0,0,191,0,191,117,0,117,308
08/31/2005,FPR,FL,ASO,ES,Towers with Radar,0,2,41,0,43,0,0,128,0,128,0,2,169,0,171,110,0,110,281
09/01/2005,FPR,FL,ASO,ES,Towers with Radar,0,0,57,0,57,0,0,130,0,130,0,0,187,0,187,159,0,159,346
09/02/2005,FPR,FL,ASO,ES,Towers with Radar,0,0,71,0,71,0,0,135,0,135,0,0,206,0,206,102,0,102,308
09/03/2005,FPR,FL,ASO,ES,Towers with Radar,0,1,23,0,24,0,0,81,0,81,0,1,104,0,105,70,0,70,175
09/04/2005,FPR,FL,ASO,ES,Towers with Radar,0,2,20,0,22,0,0,23,0,23,0,2,43,0,45,53,0,53,98
09/05/2005,FPR,FL,ASO,ES,Towers with Radar,0,1,51,0,52,0,1,59,0,60,0,2,110,0,112,53,0,53,165
09/06/2005,FPR,FL,ASO,ES,Towers with Radar,0,0,67,0,67,0,0,80,0,80,0,0,147,0,147,257,0,257,404
09/07/2005,FPR,FL,ASO,ES,Towers with Radar,0,2,39,0,41,0,0,47,0,47,0,2,86,0,88,116,0,116,204
09/08/2005,FPR,FL,ASO,ES,Towers with Radar,0,0,38,0,38,0,0,50,0,50,0,0,88,0,88,37,0,37,125
09/09/2005,FPR,FL,ASO,ES,Towers with Radar,0,0,48,0,48,0,0,91,0,91,0,0,139,0,139,258,0,258,397
09/10/2005,FPR,FL,ASO,ES,Towers with Radar,0,2,25,0,27,0,1,150,0,151,0,3,175,0,178,146,0,146,324
09/11/2005,FPR,FL,ASO,ES,Towers with Radar,0,0,21,0,21,0,0,133,0,133,0,0,154,0,154,97,0,97,251
09/12/2005,FPR,FL,ASO,ES,Towers with Radar,0,1,52,0,53,0,0,116,0,116,0,1,168,0,169,198,0,198,367
09/13/2005,FPR,FL,ASO,ES,Towers with Radar,0,0,56,0,56,0,0,161,0,161,0,0,217,0,217,206,0,206,423
09/14/2005,FPR,FL,ASO,ES,Towers with Radar,0,2,40,0,42,0,0,152,0,152,0,2,192,0,194,288,0,288,482
09/15/2005,FPR,FL,ASO,ES,Towers with Radar,0,1,76,0,77,0,0,87,0,87,0,1,163,0,164,131,0,131,295
09/16/2005,FPR,FL,ASO,ES,Towers with Radar,0,1,59,0,60,0,0,111,0,111,0,1,170,0,171,189,0,189,360
09/17/2005,FPR,FL,ASO,ES,Towers with Radar,0,1,62,0,63,0,0,94,0,94,0,1,156,0,157,98,0,98,255
09/18/2005,FPR,FL,ASO,ES,Towers with Radar,0,0,40,0,40,0,0,131,0,131,0,0,171,0,171,127,0,127,298
09/19/2005,FPR,FL,ASO,ES,Towers with Radar,0,1,35,0,36,0,0,90,0,90,0,1,125,0,126,57,0,57,183
09/20/2005,FPR,FL,ASO,ES,Towers with Radar,0,3,14,0,17,0,0,33,4,37,0,3,47,4,54,16,0,16,70
09/21/2005,FPR,FL,ASO,ES,Towers with Radar,0,2,25,0,27,0,0,53,0,53,0,2,78,0,80,71,0,71,151
09/22/2005,FPR,FL,ASO,ES,Towers with Radar,0,0,66,0,66,0,0,80,0,80,0,0,146,0,146,170,0,170,316
09/23/2005,FPR,FL,ASO,ES,Towers with Radar,0,3,65,0,68,0,0,132,0,132,0,3,197,0,200,236,0,236,436
09/24/2005,FPR,FL,ASO,ES,Towers with Radar,0,0,39,0,39,0,0,115,0,115,0,0,154,0,154,219,0,219,373
09/25/2005,FPR,FL,ASO,ES,Towers with Radar,0,1,33,0,34,0,0,124,0,124,0,1,157,0,158,105,0,105,263
09/26/2005,FPR,FL,ASO,ES,Towers with Radar,0,1,42,0,43,0,0,144,0,144,0,1,186,0,187,221,0,221,408
09/27/2005,FPR,FL,ASO,ES,Towers with Radar,0,1,28,0,29,0,0,120,0,120,0,1,148,0,149,177,0,177,326
09/28/2005,FPR,FL,ASO,ES,Towers with Radar,0,4,37,0,41,0,0,133,0,133,0,4,170,0,174,216,0,216,390
09/29/2005,FPR,FL,ASO,ES,Towers with Radar,0,0,56,0,56,0,0,136,0,136,0,0,192,0,192,139,0,139,331
09/30/2005,FPR,FL,ASO,ES,Towers with Radar,0,1,49,0,50,0,0,119,0,119,0,1,168,0,169,138,0,138,307
10/01/2005,FPR,FL,ASO,ES,Towers with Radar,0,1,38,0,39,0,0,116,0,116,0,1,154,0,155,94,0,94,249
10/02/2005,FPR,FL,ASO,ES,Towers with Radar,0,0,57,0,57,0,0,96,0,96,0,0,153,0,153,44,0,44,197
10/03/2005,FPR,FL,ASO,ES,Towers with Radar,0,0,58,0,58,0,0,114,0,114,0,0,172,0,172,109,0,109,281
10/04/2005,FPR,FL,ASO,ES,Towers with Radar,0,0,48,0,48,0,0,10,0,10,0,0,58,0,58,0,0,0,58
10/05/2005,FPR,FL,ASO,ES,Towers with Radar,0,0,47,0,47,0,0,107,0,107,0,0,154,0,154,119,0,119,273
10/06/2005,FPR,FL,ASO,ES,Towers with Radar,0,2,42,0,44,0,1,73,0,74,0,3,115,0,118,90,0,90,208
10/07/2005,FPR,FL,ASO,ES,Towers with Radar,0,2,54,0,56,0,0,55,0,55,0,2,109,0,111,147,0,147,258
10/08/2005,FPR,FL,ASO,ES,Towers with Radar,0,2,38,0,40,0,0,131,0,131,0,2,169,0,171,139,0,139,310
10/09/2005,FPR,FL,ASO,ES,Towers with Radar,0,4,42,0,46,0,0,130,0,130,0,4,172,0,176,48,0,48,224
10/10/2005,FPR,FL,ASO,ES,Towers with Radar,0,3,54,0,57,0,1,97,0,98,0,4,151,0,155,128,0,128,283
10/11/2005,FPR,FL,ASO,ES,Towers with Radar,0,0,40,0,40,0,0,90,0,90,0,0,130,0,130,162,0,162,292
10/12/2005,FPR,FL,ASO,ES,Towers with Radar,0,1,44,0,45,0,0,133,0,133,0,1,177,0,178,151,0,151,329
10/13/2005,FPR,FL,ASO,ES,Towers with Radar,0,2,54,0,56,0,0,113,0,113,0,2,167,0,169,111,0,111,280
10/14/2005,FPR,FL,ASO,ES,Towers with Radar,0,2,70,0,72,0,0,63,0,63,0,2,133,0,135,14,0,14,149
10/15/2005,FPR,FL,ASO,ES,Towers with Radar,0,0,53,0,53,0,0,207,0,207,0,0,260,0,260,130,0,130,390
10/16/2005,FPR,FL,ASO,ES,Towers with Radar,0,0,38,0,38,0,0,149,0,149,0,0,187,0,187,91,0,91,278
10/17/2005,FPR,FL,ASO,ES,Towers with Radar,0,0,49,0,49,0,0,76,0,76,0,0,125,0,125,58,0,58,183
10/18/2005,FPR,FL,ASO,ES,Towers with Radar,0,2,37,0,39,0,0,112,0,112,0,2,149,0,151,94,0,94,245
10/19/2005,FPR,FL,ASO,ES,Towers with Radar,0,2,63,0,65,0,1,32,0,33,0,3,95,0,98,9,0,9,107
10/20/2005,FPR,FL,ASO,ES,Towers with Radar,0,2,40,0,42,0,0,130,0,130,0,2,170,0,172,77,0,77,249
10/21/2005,FPR,FL,ASO,ES,Towers with Radar,0,2,49,0,51,0,0,58,0,58,0,2,107,0,109,56,0,56,165
10/22/2005,FPR,FL,ASO,ES,Towers with Radar,0,0,32,0,32,0,0,42,0,42,0,0,74,0,74,64,0,64,138
10/23/2005,FPR,FL,ASO,ES,Towers with Radar,0,1,7,0,8,0,1,4,0,5,0,2,11,0,13,0,0,0,13
10/24/2005,FPR,FL,ASO,ES,Towers with Radar,0,0,0,0,0,0,0,0,0,0,0,0,0,0,0,0,0,0,0
10/25/2005,FPR,FL,ASO,ES,Towers with Radar,0,0,9,0,9,0,0,34,0,34,0,0,43,0,43,40,0,40,83
10/26/2005,FPR,FL,ASO,ES,Towers with Radar,0,2,34,0,36,0,0,106,0,106,0,2,140,0,142,102,0,102,244
10/27/2005,FPR,FL,ASO,ES,Towers with Radar,0,2,63,0,65,0,0,147,0,147,0,2,210,0,212,133,0,133,345
10/28/2005,FPR,FL,ASO,ES,Towers with Radar,0,2,49,0,51,0,0,130,0,130,0,2,179,0,181,39,0,39,220
10/29/2005,FPR,FL,ASO,ES,Towers with Radar,0,0,27,0,27,0,0,60,0,60,0,0,87,0,87,33,0,33,120
10/30/2005,FPR,FL,ASO,ES,Towers with Radar,0,0,48,0,48,0,0,69,0,69,0,0,117,0,117,15,0,15,132
10/31/2005,FPR,FL,ASO,ES,Towers with Radar,0,1,64,0,65,0,0,133,0,133,0,1,197,0,198,64,0,64,262
11/01/2005,FPR,FL,ASO,ES,Towers with Radar,0,0,77,0,77,0,0,28,0,28,0,0,105,0,105,53,0,53,158
11/02/2005,FPR,FL,ASO,ES,Towers with Radar,0,0,43,0,43,0,0,127,0,127,0,0,170,0,170,98,0,98,268
11/03/2005,FPR,FL,ASO,ES,Towers with Radar,0,0,84,0,84,0,0,131,0,131,0,0,215,0,215,181,0,181,396
11/04/2005,FPR,FL,ASO,ES,Towers with Radar,0,2,67,0,69,0,0,168,0,168,0,2,235,0,237,196,0,196,433
11/05/2005,FPR,FL,ASO,ES,Towers with Radar,0,0,49,0,49,0,0,146,0,146,0,0,195,0,195,85,0,85,280
11/06/2005,FPR,FL,ASO,ES,Towers with Radar,0,0,48,0,48,0,0,122,0,122,0,0,170,0,170,50,0,50,220
11/07/2005,FPR,FL,ASO,ES,Towers with Radar,0,0,70,0,70,0,0,122,0,122,0,0,192,0,192,181,0,181,373
11/08/2005,FPR,FL,ASO,ES,Towers with Radar,0,1,66,0,67,0,0,157,0,157,0,1,223,0,224,178,0,178,402
11/09/2005,FPR,FL,ASO,ES,Towers with Radar,0,1,60,0,61,0,2,163,0,165,0,3,223,0,226,100,0,100,326
11/10/2005,FPR,FL,ASO,ES,Towers with Radar,0,0,48,0,48,0,2,151,0,153,0,2,199,0,201,162,0,162,363
11/11/2005,FPR,FL,ASO,ES,Towers with Radar,0,1,47,0,48,0,0,122,0,122,0,1,169,0,170,128,0,128,298
11/12/2005,FPR,FL,ASO,ES,Towers with Radar,0,1,53,0,54,0,0,83,0,83,0,1,136,0,137,59,0,59,196
11/13/2005,FPR,FL,ASO,ES,Towers with Radar,0,2,59,0,61,0,0,102,0,102,0,2,161,0,163,39,0,39,202
11/14/2005,FPR,FL,ASO,ES,Towers with Radar,0,2,75,0,77,0,0,155,0,155,0,2,230,0,232,82,0,82,314
11/15/2005,FPR,FL,ASO,ES,Towers with Radar,0,3,47,0,50,0,2,147,0,149,0,5,194,0,199,125,0,125,324
11/16/2005,FPR,FL,ASO,ES,Towers with Radar,0,1,52,0,53,0,3,155,0,158,0,4,207,0,211,149,0,149,360
11/17/2005,FPR,FL,ASO,ES,Towers with Radar,0,1,66,0,67,0,0,81,0,81,0,1,147,0,148,63,0,63,211
11/18/2005,FPR,FL,ASO,ES,Towers with Radar,0,1,54,0,55,0,0,125,1,126,0,1,179,1,181,109,0,109,290
11/19/2005,FPR,FL,ASO,ES,Towers with Radar,0,7,64,0,71,0,0,37,0,37,0,7,101,0,108,81,0,81,189
11/20/2005,FPR,FL,ASO,ES,Towers with Radar,0,3,44,0,47,0,1,33,0,34,0,4,77,0,81,58,0,58,139
11/21/2005,FPR,FL,ASO,ES,Towers with Radar,0,4,26,0,30,0,0,75,0,75,0,4,101,0,105,89,0,89,194
11/22/2005,FPR,FL,ASO,ES,Towers with Radar,0,5,56,0,61,0,0,111,0,111,0,5,167,0,172,124,0,124,296
11/23/2005,FPR,FL,ASO,ES,Towers with Radar,0,5,59,0,64,0,1,181,0,182,0,6,240,0,246,134,0,134,380
11/24/2005,FPR,FL,ASO,ES,Towers with Radar,0,0,17,0,17,0,0,62,0,62,0,0,79,0,79,72,0,72,151
11/25/2005,FPR,FL,ASO,ES,Towers with Radar,0,0,15,0,15,0,2,135,0,137,0,2,150,0,152,134,0,134,286
11/26/2005,FPR,FL,ASO,ES,Towers with Radar,0,4,61,0,65,0,1,151,0,152,0,5,212,0,217,113,0,113,330
11/27/2005,FPR,FL,ASO,ES,Towers with Radar,0,5,96,0,101,0,0,146,0,146,0,5,242,0,247,70,0,70,317
11/28/2005,FPR,FL,ASO,ES,Towers with Radar,0,2,50,0,52,0,1,96,0,97,0,3,146,0,149,92,0,92,241
11/29/2005,FPR,FL,ASO,ES,Towers with Radar,0,0,54,0,54,0,0,28,0,28,0,0,82,0,82,49,0,49,131
11/30/2005,FPR,FL,ASO,ES,Towers with Radar,0,0,79,0,79,0,0,86,0,86,0,0,165,0,165,48,0,48,213
12/01/2005,FPR,FL,ASO,ES,Towers with Radar,0,1,42,0,43,0,0,174,0,174,0,1,216,0,217,128,0,128,345
12/02/2005,FPR,FL,ASO,ES,Towers with Radar,0,4,45,0,49,0,0,141,0,141,0,4,186,0,190,78,0,78,268
12/03/2005,FPR,FL,ASO,ES,Towers with Radar,0,1,52,0,53,0,0,115,0,115,0,1,167,0,168,73,0,73,241
12/04/2005,FPR,FL,ASO,ES,Towers with Radar,0,2,42,0,44,0,0,139,0,139,0,2,181,0,183,62,0,62,245
12/05/2005,FPR,FL,ASO,ES,Towers with Radar,0,2,50,0,52,0,0,117,0,117,0,2,167,0,169,129,0,129,298
12/06/2005,FPR,FL,ASO,ES,Towers with Radar,0,3,31,0,34,0,0,58,0,58,0,3,89,0,92,38,0,38,130
12/07/2005,FPR,FL,ASO,ES,Towers with Radar,0,1,33,0,34,0,0,68,0,68,0,1,101,0,102,27,0,27,129
12/08/2005,FPR,FL,ASO,ES,Towers with Radar,0,3,27,0,30,0,0,26,0,26,0,3,53,0,56,40,0,40,96
12/09/2005,FPR,FL,ASO,ES,Towers with Radar,0,0,38,0,38,0,0,109,4,113,0,0,147,4,151,112,0,112,263
12/10/2005,FPR,FL,ASO,ES,Towers with Radar,0,1,54,0,55,0,0,127,0,127,0,1,181,0,182,131,0,131,313
12/11/2005,FPR,FL,ASO,ES,Towers with Radar,0,0,33,0,33,0,0,92,0,92,0,0,125,0,125,142,0,142,267
12/12/2005,FPR,FL,ASO,ES,Towers with Radar,0,0,44,0,44,0,0,189,0,189,0,0,233,0,233,176,0,176,409
12/13/2005,FPR,FL,ASO,ES,Towers with Radar,0,0,46,0,46,0,1,142,0,143,0,1,188,0,189,92,0,92,281
12/14/2005,FPR,FL,ASO,ES,Towers with Radar,0,2,56,0,58,0,3,166,0,169,0,5,222,0,227,161,0,161,388
12/15/2005,FPR,FL,ASO,ES,Towers with Radar,0,1,44,0,45,0,0,106,0,106,0,1,150,0,151,65,0,65,216
12/16/2005,FPR,FL,ASO,ES,Towers with Radar,0,3,73,0,76,0,0,95,0,95,0,3,168,0,171,93,0,93,264
12/17/2005,FPR,FL,ASO,ES,Towers with Radar,0,2,44,0,46,0,0,89,0,89,0,2,133,0,135,102,0,102,237
12/18/2005,FPR,FL,ASO,ES,Towers with Radar,0,0,49,0,49,0,0,9,0,9,0,0,58,0,58,2,0,2,60
12/19/2005,FPR,FL,ASO,ES,Towers with Radar,0,2,57,0,59,0,0,8,0,8,0,2,65,0,67,20,0,20,87
12/20/2005,FPR,FL,ASO,ES,Towers with Radar,0,1,44,0,45,0,0,26,0,26,0,1,70,0,71,30,0,30,101
12/21/2005,FPR,FL,ASO,ES,Towers with Radar,0,0,46,0,46,0,0,131,0,131,0,0,177,0,177,133,0,133,310
12/22/2005,FPR,FL,ASO,ES,Towers with Radar,0,2,33,0,35,0,0,134,0,134,0,2,167,0,169,55,0,55,224
12/23/2005,FPR,FL,ASO,ES,Towers with Radar,0,0,47,0,47,0,0,98,0,98,0,0,145,0,145,51,0,51,196
12/24/2005,FPR,FL,ASO,ES,Towers with Radar,0,0,26,0,26,0,0,84,0,84,0,0,110,0,110,55,0,55,165
12/25/2005,FPR,FL,ASO,ES,Towers with Radar,0,0,6,0,6,0,0,10,0,10,0,0,16,0,16,20,0,20,36
12/26/2005,FPR,FL,ASO,ES,Towers with Radar,0,2,78,0,80,0,0,148,0,148,0,2,226,0,228,64,0,64,292
12/27/2005,FPR,FL,ASO,ES,Towers with Radar,0,1,74,0,75,0,1,130,0,131,0,2,204,0,206,74,0,74,280
12/28/2005,FPR,FL,ASO,ES,Towers with Radar,0,3,42,0,45,0,0,133,0,133,0,3,175,0,178,40,0,40,218
12/29/2005,FPR,FL,ASO,ES,Towers with Radar,0,2,56,0,58,0,0,60,0,60,0,2,116,0,118,26,0,26,144
12/30/2005,FPR,FL,ASO,ES,Towers with Radar,0,4,53,0,57,0,0,150,0,150,0,4,203,0,207,69,0,69,276
12/31/2005,FPR,FL,ASO,ES,Towers with Radar,0,2,46,0,48,0,0,123,0,123,0,2,169,0,171,94,0,94,265
01/01/2006,FPR,FL,ASO,ES,Towers with Radar,0,0,83,0,83,0,0,71,0,71,0,0,154,0,154,69,0,69,223
01/02/2006,FPR,FL,ASO,ES,Towers with Radar,0,6,113,0,119,0,0,130,0,130,0,6,243,0,249,62,0,62,311
01/03/2006,FPR,FL,ASO,ES,Towers with Radar,0,3,73,0,76,0,0,52,0,52,0,3,125,0,128,12,0,12,140
01/04/2006,FPR,FL,ASO,ES,Towers with Radar,0,3,60,0,63,0,0,166,0,166,0,3,226,0,229,152,0,152,381
01/05/2006,FPR,FL,ASO,ES,Towers with Radar,0,1,44,0,45,0,0,138,0,138,0,1,182,0,183,163,0,163,346
01/06/2006,FPR,FL,ASO,ES,Towers with Radar,0,7,38,0,45,0,0,120,0,120,0,7,158,0,165,73,0,73,238
01/07/2006,FPR,FL,ASO,ES,Towers with Radar,0,5,46,0,51,0,0,136,0,136,0,5,182,0,187,172,0,172,359
01/08/2006,FPR,FL,ASO,ES,Towers with Radar,0,3,45,0,48,0,0,158,0,158,0,3,203,0,206,94,0,94,300
01/09/2006,FPR,FL,ASO,ES,Towers with Radar,0,0,38,0,38,0,2,143,0,145,0,2,181,0,183,142,0,142,325
01/10/2006,FPR,FL,ASO,ES,Towers with Radar,0,2,48,0,50,0,0,126,0,126,0,2,174,0,176,174,0,174,350
01/11/2006,FPR,FL,ASO,ES,Towers with Radar,0,1,45,0,46,0,0,169,0,169,0,1,214,0,215,150,0,150,365
01/12/2006,FPR,FL,ASO,ES,Towers with Radar,0,0,42,0,42,0,0,155,0,155,0,0,197,0,197,148,0,148,345
01/13/2006,FPR,FL,ASO,ES,Towers with Radar,0,0,51,0,51,0,0,141,0,141,0,0,192,0,192,191,0,191,383
01/14/2006,FPR,FL,ASO,ES,Towers with Radar,0,0,31,0,31,0,0,51,0,51,0,0,82,0,82,13,0,13,95
01/15/2006,FPR,FL,ASO,ES,Towers with Radar,0,0,50,0,50,0,0,129,0,129,0,0,179,0,179,168,0,168,347
01/16/2006,FPR,FL,ASO,ES,Towers with Radar,0,2,63,0,65,0,1,178,0,179,0,3,241,0,244,126,0,126,370
01/17/2006,FPR,FL,ASO,ES,Towers with Radar,0,2,53,0,55,0,0,146,0,146,0,2,199,0,201,74,0,74,275
01/18/2006,FPR,FL,ASO,ES,Towers with Radar,0,0,48,0,48,0,0,99,0,99,0,0,147,0,147,99,0,99,246
01/19/2006,FPR,FL,ASO,ES,Towers with Radar,0,0,69,0,69,0,0,154,0,154,0,0,223,0,223,129,0,129,352
01/20/2006,FPR,FL,ASO,ES,Towers with Radar,0,2,78,0,80,0,0,92,0,92,0,2,170,0,172,160,0,160,332
01/21/2006,FPR,FL,ASO,ES,Towers with Radar,0,0,56,0,56,0,0,106,0,106,0,0,162,0,162,68,0,68,230
01/22/2006,FPR,FL,ASO,ES,Towers with Radar,0,4,41,0,45,0,0,123,0,123,0,4,164,0,168,109,0,109,277
01/23/2006,FPR,FL,ASO,ES,Towers with Radar,0,2,40,0,42,0,0,126,0,126,0,2,166,0,168,124,0,124,292
01/24/2006,FPR,FL,ASO,ES,Towers with Radar,0,0,42,0,42,0,0,120,0,120,0,0,162,0,162,64,0,64,226
01/25/2006,FPR,FL,ASO,ES,Towers with Radar,0,3,44,0,47,0,2,148,0,150,0,5,192,0,197,104,0,104,301
01/26/2006,FPR,FL,ASO,ES,Towers with Radar,0,1,60,0,61,0,1,148,0,149,0,2,208,0,210,117,0,117,327
01/27/2006,FPR,FL,ASO,ES,Towers with Radar,0,0,64,2,66,0,0,96,0,96,0,0,160,2,162,96,0,96,258
01/28/2006,FPR,FL,ASO,ES,Towers with Radar,0,0,63,0,63,0,1,83,0,84,0,1,146,0,147,78,0,78,225
01/29/2006,FPR,FL,ASO,ES,Towers with Radar,0,4,60,0,64,0,0,142,0,142,0,4,202,0,206,57,0,57,263
01/30/2006,FPR,FL,ASO,ES,Towers with Radar,0,2,56,0,58,0,0,87,0,87,0,2,143,0,145,80,0,80,225
01/31/2006,FPR,FL,ASO,ES,Towers with Radar,0,4,80,0,84,0,0,131,0,131,0,4,211,0,215,105,0,105,320
02/01/2006,FPR,FL,ASO,ES,Towers with Radar,0,0,55,0,55,0,3,169,0,172,0,3,224,0,227,180,0,180,407
02/02/2006,FPR,FL,ASO,ES,Towers with Radar,0,1,67,0,68,0,1,134,0,135,0,2,201,0,203,107,0,107,310
02/03/2006,FPR,FL,ASO,ES,Towers with Radar,0,4,33,0,37,0,0,48,0,48,0,4,81,0,85,43,0,43,128
02/04/2006,FPR,FL,ASO,ES,Towers with Radar,0,3,27,0,30,0,0,11,0,11,0,3,38,0,41,0,2,2,43
02/05/2006,FPR,FL,ASO,ES,Towers with Radar,0,0,53,0,53,0,1,138,0,139,0,1,191,0,192,144,0,144,336
02/06/2006,FPR,FL,ASO,ES,Towers with Radar,0,2,80,0,82,0,0,158,0,158,0,2,238,0,240,91,0,91,331
02/07/2006,FPR,FL,ASO,ES,Towers with Radar,0,2,57,2,61,0,1,123,2,126,0,3,180,4,187,99,0,99,286
02/08/2006,FPR,FL,ASO,ES,Towers with Radar,0,3,69,1,73,0,0,138,1,139,0,3,207,2,212,134,0,134,346
02/09/2006,FPR,FL,ASO,ES,Towers with Radar,0,2,47,0,49,0,0,156,0,156,0,2,203,0,205,96,0,96,301
02/10/2006,FPR,FL,ASO,ES,Towers with Radar,0,3,71,0,74,0,0,156,0,156,0,3,227,0,230,171,0,171,401
02/11/2006,FPR,FL,ASO,ES,Towers with Radar,0,1,51,0,52,0,0,121,0,121,0,1,172,0,173,101,0,101,274
02/12/2006,FPR,FL,ASO,ES,Towers with Radar,0,2,57,0,59,0,0,87,0,87,0,2,144,0,146,67,0,67,213
02/13/2006,FPR,FL,ASO,ES,Towers with Radar,0,2,52,0,54,0,0,138,2,140,0,2,190,2,194,116,0,116,310
02/14/2006,FPR,FL,ASO,ES,Towers with Radar,0,2,68,0,70,0,1,147,0,148,0,3,215,0,218,122,0,122,340
02/15/2006,FPR,FL,ASO,ES,Towers with Radar,0,3,58,0,61,0,0,210,0,210,0,3,268,0,271,173,0,173,444
02/16/2006,FPR,FL,ASO,ES,Towers with Radar,0,7,64,0,71,0,0,133,0,133,0,7,197,0,204,83,0,83,287
02/17/2006,FPR,FL,ASO,ES,Towers with Radar,0,3,82,0,85,0,0,153,0,153,0,3,235,0,238,73,0,73,311
02/18/2006,FPR,FL,ASO,ES,Towers with Radar,0,2,104,1,107,0,2,210,0,212,0,4,314,1,319,158,0,158,477
02/19/2006,FPR,FL,ASO,ES,Towers with Radar,0,6,85,1,92,0,0,81,0,81,0,6,166,1,173,59,0,59,232
02/20/2006,FPR,FL,ASO,ES,Towers with Radar,0,0,92,0,92,0,0,99,0,99,0,0,191,0,191,27,0,27,218
02/21/2006,FPR,FL,ASO,ES,Towers with Radar,0,3,85,0,88,0,1,153,0,154,0,4,238,0,242,137,0,137,379
02/22/2006,FPR,FL,ASO,ES,Towers with Radar,0,0,69,1,70,0,0,187,2,189,0,0,256,3,259,253,0,253,512
02/23/2006,FPR,FL,ASO,ES,Towers with Radar,0,1,61,4,66,0,0,168,0,168,0,1,229,4,234,147,0,147,381
02/24/2006,FPR,FL,ASO,ES,Towers with Radar,0,4,90,0,94,0,0,50,0,50,0,4,140,0,144,82,0,82,226
02/25/2006,FPR,FL,ASO,ES,Towers with Radar,0,2,90,0,92,0,0,164,0,164,0,2,254,0,256,100,0,100,356
02/26/2006,FPR,FL,ASO,ES,Towers with Radar,0,6,49,0,55,0,1,12,0,13,0,7,61,0,68,8,0,8,76
02/27/2006,FPR,FL,ASO,ES,Towers with Radar,0,3,87,0,90,0,1,177,0,178,0,4,264,0,268,88,0,88,356
02/28/2006,FPR,FL,ASO,ES,Towers with Radar,0,0,62,0,62,0,0,165,0,165,0,0,227,0,227,159,0,159,386
03/01/2006,FPR,FL,ASO,ES,Towers with Radar,0,2,42,0,44,0,0,201,0,201,0,2,243,0,245,193,0,193,438
03/02/2006,FPR,FL,ASO,ES,Towers with Radar,0,0,46,0,46,0,0,173,0,173,0,0,219,0,219,126,0,126,345
03/03/2006,FPR,FL,ASO,ES,Towers with Radar,0,4,81,1,86,0,0,160,1,161,0,4,241,2,247,163,0,163,410
03/04/2006,FPR,FL,ASO,ES,Towers with Radar,0,0,70,0,70,0,0,152,0,152,0,0,222,0,222,92,0,92,314
03/05/2006,FPR,FL,ASO,ES,Towers with Radar,0,4,89,0,93,0,0,143,0,143,0,4,232,0,236,118,0,118,354
03/06/2006,FPR,FL,ASO,ES,Towers with Radar,0,1,82,0,83,0,0,149,0,149,0,1,231,0,232,83,0,83,315
03/07/2006,FPR,FL,ASO,ES,Towers with Radar,0,1,60,0,61,0,0,99,0,99,0,1,159,0,160,51,0,51,211
03/08/2006,FPR,FL,ASO,ES,Towers with Radar,0,4,69,0,73,0,0,173,0,173,0,4,242,0,246,148,0,148,394
03/09/2006,FPR,FL,ASO,ES,Towers with Radar,0,3,95,0,98,0,0,163,0,163,0,3,258,0,261,42,0,42,303
03/10/2006,FPR,FL,ASO,ES,Towers with Radar,0,5,52,0,57,0,0,155,0,155,0,5,207,0,212,101,0,101,313
03/11/2006,FPR,FL,ASO,ES,Towers with Radar,0,2,72,0,74,0,0,181,0,181,0,2,253,0,255,116,0,116,371
03/12/2006,FPR,FL,ASO,ES,Towers with Radar,0,2,96,0,98,0,1,186,0,187,0,3,282,0,285,103,0,103,388
03/13/2006,FPR,FL,ASO,ES,Towers with Radar,0,2,53,0,55,0,0,188,0,188,0,2,241,0,243,164,0,164,407
03/14/2006,FPR,FL,ASO,ES,Towers with Radar,0,1,31,0,32,0,0,163,0,163,0,1,194,0,195,130,0,130,325
03/15/2006,FPR,FL,ASO,ES,Towers with Radar,0,0,39,0,39,0,0,151,0,151,0,0,190,0,190,74,0,74,264
03/16/2006,FPR,FL,ASO,ES,Towers with Radar,0,6,52,7,65,0,0,215,0,215,0,6,267,7,280,191,0,191,471
03/17/2006,FPR,FL,ASO,ES,Towers with Radar,0,8,67,0,75,0,0,203,0,203,0,8,270,0,278,116,0,116,394
03/18/2006,FPR,FL,ASO,ES,Towers with Radar,0,4,98,0,102,0,0,186,0,186,0,4,284,0,288,129,0,129,417
03/19/2006,FPR,FL,ASO,ES,Towers with Radar,0,8,92,0,100,0,0,152,0,152,0,8,244,0,252,101,0,101,353
03/20/2006,FPR,FL,ASO,ES,Towers with Radar,0,8,72,0,80,0,0,187,0,187,0,8,259,0,267,166,0,166,433
03/21/2006,FPR,FL,ASO,ES,Towers with Radar,0,1,46,0,47,0,0,146,0,146,0,1,192,0,193,64,0,64,257
03/22/2006,FPR,FL,ASO,ES,Towers with Radar,0,3,91,0,94,0,0,178,0,178,0,3,269,0,272,258,0,258,530
03/23/2006,FPR,FL,ASO,ES,Towers with Radar,0,0,58,2,60,0,1,145,7,153,0,1,203,9,213,189,0,189,402
03/24/2006,FPR,FL,ASO,ES,Towers with Radar,0,6,68,4,78,0,3,129,0,132,0,9,197,4,210,158,0,158,368
03/25/2006,FPR,FL,ASO,ES,Towers with Radar,0,5,27,0,32,0,0,113,1,114,0,5,140,1,146,61,0,61,207
03/26/2006,FPR,FL,ASO,ES,Towers with Radar,0,1,26,2,29,0,2,156,2,160,0,3,182,4,189,45,0,45,234
03/27/2006,FPR,FL,ASO,ES,Towers with Radar,0,0,72,6,78,0,0,190,3,193,0,0,262,9,271,174,2,176,447
03/28/2006,FPR,FL,ASO,ES,Towers with Radar,0,1,67,0,68,0,0,171,2,173,0,1,238,2,241,153,0,153,394
03/29/2006,FPR,FL,ASO,ES,Towers with Radar,0,2,64,0,66,0,4,199,0,203,0,6,263,0,269,158,0,158,427
03/30/2006,FPR,FL,ASO,ES,Towers with Radar,0,0,56,0,56,0,0,188,0,188,0,0,244,0,244,129,0,129,373
03/31/2006,FPR,FL,ASO,ES,Towers with Radar,0,1,88,0,89,0,0,182,0,182,0,1,270,0,271,129,0,129,400
04/01/2006,FPR,FL,ASO,ES,Towers with Radar,0,0,94,0,94,0,0,202,0,202,0,0,296,0,296,117,0,117,413
04/02/2006,FPR,FL,ASO,ES,Towers with Radar,0,2,79,0,81,0,0,155,0,155,0,2,234,0,236,62,0,62,298
04/03/2006,FPR,FL,ASO,ES,Towers with Radar,0,1,52,0,53,0,0,149,0,149,0,1,201,0,202,125,0,125,327
04/04/2006,FPR,FL,ASO,ES,Towers with Radar,0,5,64,0,69,0,0,136,0,136,0,5,200,0,205,221,0,221,426
04/05/2006,FPR,FL,ASO,ES,Towers with Radar,0,3,60,0,63,0,0,204,0,204,0,3,264,0,267,124,0,124,391
04/06/2006,FPR,FL,ASO,ES,Towers with Radar,0,2,89,0,91,0,1,195,0,196,0,3,284,0,287,88,0,88,375
04/07/2006,FPR,FL,ASO,ES,Towers with Radar,0,4,60,0,64,0,0,183,0,183,0,4,243,0,247,147,0,147,394
04/08/2006,FPR,FL,ASO,ES,Towers with Radar,0,0,58,0,58,0,0,158,0,158,0,0,216,0,216,71,0,71,287
04/09/2006,FPR,FL,ASO,ES,Towers with Radar,0,4,72,0,76,0,0,57,0,57,0,4,129,0,133,49,0,49,182
04/10/2006,FPR,FL,ASO,ES,Towers with Radar,0,6,62,0,68,0,2,87,0,89,0,8,149,0,157,18,0,18,175
04/11/2006,FPR,FL,ASO,ES,Towers with Radar,0,1,67,0,68,0,0,106,0,106,0,1,173,0,174,69,0,69,243
04/12/2006,FPR,FL,ASO,ES,Towers with Radar,0,0,67,0,67,0,0,126,0,126,0,0,193,0,193,98,0,98,291
04/13/2006,FPR,FL,ASO,ES,Towers with Radar,0,4,73,2,79,0,0,139,0,139,0,4,212,2,218,52,0,52,270
04/14/2006,FPR,FL,ASO,ES,Towers with Radar,0,2,64,0,66,0,0,186,0,186,0,2,250,0,252,171,0,171,423
04/15/2006,FPR,FL,ASO,ES,Towers with Radar,0,0,73,0,73,0,2,185,0,187,0,2,258,0,260,187,0,187,447
04/16/2006,FPR,FL,ASO,ES,Towers with Radar,0,0,48,0,48,0,0,107,0,107,0,0,155,0,155,86,0,86,241
04/17/2006,FPR,FL,ASO,ES,Towers with Radar,0,2,63,0,65,0,1,168,0,169,0,3,231,0,234,185,0,185,419
04/18/2006,FPR,FL,ASO,ES,Towers with Radar,0,2,61,2,65,0,1,96,1,98,0,3,157,3,163,182,0,182,345
04/19/2006,FPR,FL,ASO,ES,Towers with Radar,0,4,81,0,85,0,1,158,0,159,0,5,239,0,244,199,0,199,443
04/20/2006,FPR,FL,ASO,ES,Towers with Radar,0,5,60,0,65,0,3,193,0,196,0,8,253,0,261,151,0,151,412
04/21/2006,FPR,FL,ASO,ES,Towers with Radar,0,1,51,0,52,0,2,185,0,187,0,3,236,0,239,149,8,157,396
04/22/2006,FPR,FL,ASO,ES,Towers with Radar,0,4,50,0,54,0,0,136,0,136,0,4,186,0,190,25,0,25,215
04/23/2006,FPR,FL,ASO,ES,Towers with Radar,0,3,101,0,104,0,0,191,0,191,0,3,292,0,295,65,0,65,360
04/24/2006,FPR,FL,ASO,ES,Towers with Radar,0,1,56,0,57,0,0,193,0,193,0,1,249,0,250,132,0,132,382
04/25/2006,FPR,FL,ASO,ES,Towers with Radar,0,1,49,0,50,0,1,185,0,186,0,2,234,0,236,184,0,184,420
04/26/2006,FPR,FL,ASO,ES,Towers with Radar,0,2,56,0,58,0,2,164,0,166,0,4,220,0,224,179,0,179,403
04/27/2006,FPR,FL,ASO,ES,Towers with Radar,0,3,44,2,49,0,0,147,0,147,0,3,191,2,196,143,0,143,339
04/28/2006,FPR,FL,ASO,ES,Towers with Radar,0,3,63,0,66,0,0,137,0,137,0,3,200,0,203,61,0,61,264
04/29/2006,FPR,FL,ASO,ES,Towers with Radar,0,1,47,2,50,0,0,135,0,135,0,1,182,2,185,12,0,12,197
04/30/2006,FPR,FL,ASO,ES,Towers with Radar,0,0,63,0,63,0,0,120,0,120,0,0,183,0,183,59,0,59,242
05/01/2006,FPR,FL,ASO,ES,Towers with Radar,0,1,48,0,49,0,0,181,0,181,0,1,229,0,230,90,0,90,320
05/02/2006,FPR,FL,ASO,ES,Towers with Radar,0,1,39,0,40,0,0,198,0,198,0,1,237,0,238,144,0,144,382
05/03/2006,FPR,FL,ASO,ES,Towers with Radar,0,0,46,0,46,0,0,220,0,220,0,0,266,0,266,234,0,234,500
05/04/2006,FPR,FL,ASO,ES,Towers with Radar,0,0,61,0,61,0,0,180,0,180,0,0,241,0,241,209,0,209,450
05/05/2006,FPR,FL,ASO,ES,Towers with Radar,0,3,43,2,48,0,0,218,0,218,0,3,261,2,266,144,0,144,410
05/06/2006,FPR,FL,ASO,ES,Towers with Radar,0,0,42,0,42,0,0,121,0,121,0,0,163,0,163,138,0,138,301
05/07/2006,FPR,FL,ASO,ES,Towers with Radar,0,0,68,0,68,0,0,148,0,148,0,0,216,0,216,87,0,87,303
05/08/2006,FPR,FL,ASO,ES,Towers with Radar,0,4,86,0,90,0,0,203,0,203,0,4,289,0,293,136,0,136,429
05/09/2006,FPR,FL,ASO,ES,Towers with Radar,0,1,48,0,49,0,0,113,2,115,0,1,161,2,164,210,0,210,374
05/10/2006,FPR,FL,ASO,ES,Towers with Radar,0,5,74,0,79,0,0,139,0,139,0,5,213,0,218,132,0,132,350
05/11/2006,FPR,FL,ASO,ES,Towers with Radar,0,2,61,0,63,0,0,173,0,173,0,2,234,0,236,162,0,162,398
05/12/2006,FPR,FL,ASO,ES,Towers with Radar,0,4,70,0,74,0,0,156,0,156,0,4,226,0,230,155,0,155,385
05/13/2006,FPR,FL,ASO,ES,Towers with Radar,0,2,31,0,33,0,0,155,0,155,0,2,186,0,188,137,0,137,325
05/14/2006,FPR,FL,ASO,ES,Towers with Radar,0,2,65,0,67,0,0,132,0,132,0,2,197,0,199,39,0,39,238
05/15/2006,FPR,FL,ASO,ES,Towers with Radar,0,1,72,0,73,0,0,119,0,119,0,1,191,0,192,73,0,73,265
05/16/2006,FPR,FL,ASO,ES,Towers with Radar,0,0,66,0,66,0,1,70,0,71,0,1,136,0,137,82,0,82,219
05/17/2006,FPR,FL,ASO,ES,Towers with Radar,0,2,55,0,57,0,1,125,0,126,0,3,180,0,183,190,0,190,373
05/18/2006,FPR,FL,ASO,ES,Towers with Radar,0,3,87,0,90,0,1,164,0,165,0,4,251,0,255,146,0,146,401
05/19/2006,FPR,FL,ASO,ES,Towers with Radar,0,1,43,0,44,0,0,131,0,131,0,1,174,0,175,208,0,208,383
05/20/2006,FPR,FL,ASO,ES,Towers with Radar,0,2,46,0,48,0,2,151,0,153,0,4,197,0,201,113,0,113,314
05/21/2006,FPR,FL,ASO,ES,Towers with Radar,0,0,71,0,71,0,0,144,0,144,0,0,215,0,215,30,0,30,245
05/22/2006,FPR,FL,ASO,ES,Towers with Radar,0,8,77,0,85,0,1,138,0,139,0,9,215,0,224,77,0,77,301
05/23/2006,FPR,FL,ASO,ES,Towers with Radar,0,2,43,0,45,0,1,190,0,191,0,3,233,0,236,156,0,156,392
05/24/2006,FPR,FL,ASO,ES,Towers with Radar,0,2,75,0,77,0,0,134,0,134,0,2,209,0,211,90,0,90,301
05/25/2006,FPR,FL,ASO,ES,Towers with Radar,0,1,76,0,77,0,3,148,0,151,0,4,224,0,228,87,0,87,315
05/26/2006,FPR,FL,ASO,ES,Towers with Radar,0,5,110,0,115,0,0,161,0,161,0,5,271,0,276,125,0,125,401
05/27/2006,FPR,FL,ASO,ES,Towers with Radar,0,0,87,0,87,0,2,131,0,133,0,2,218,0,220,99,0,99,319
05/28/2006,FPR,FL,ASO,ES,Towers with Radar,0,0,49,0,49,0,0,135,0,135,0,0,184,0,184,31,0,31,215
05/29/2006,FPR,FL,ASO,ES,Towers with Radar,0,1,82,0,83,0,0,141,0,141,0,1,223,0,224,54,0,54,278
05/30/2006,FPR,FL,ASO,ES,Towers with Radar,0,1,112,0,113,0,1,138,0,139,0,2,250,0,252,55,0,55,307
05/31/2006,FPR,FL,ASO,ES,Towers with Radar,0,3,69,0,72,0,0,139,0,139,0,3,208,0,211,141,0,141,352
06/01/2006,FPR,FL,ASO,ES,Towers with Radar,0,0,65,0,65,0,0,46,0,46,0,0,111,0,111,38,0,38,149
06/02/2006,FPR,FL,ASO,ES,Towers with Radar,0,2,90,0,92,0,0,122,0,122,0,2,212,0,214,153,0,153,367
06/03/2006,FPR,FL,ASO,ES,Towers with Radar,0,1,57,0,58,0,0,140,0,140,0,1,197,0,198,98,0,98,296
06/04/2006,FPR,FL,ASO,ES,Towers with Radar,0,2,70,0,72,0,0,106,0,106,0,2,176,0,178,59,0,59,237
06/05/2006,FPR,FL,ASO,ES,Towers with Radar,0,3,81,0,84,0,2,146,2,150,0,5,227,2,234,175,0,175,409
06/06/2006,FPR,FL,ASO,ES,Towers with Radar,0,2,96,0,98,0,1,170,0,171,0,3,266,0,269,114,0,114,383
06/07/2006,FPR,FL,ASO,ES,Towers with Radar,0,0,94,0,94,0,2,160,0,162,0,2,254,0,256,35,0,35,291
06/08/2006,FPR,FL,ASO,ES,Towers with Radar,0,0,96,0,96,0,1,171,0,172,0,1,267,0,268,106,0,106,374
06/09/2006,FPR,FL,ASO,ES,Towers with Radar,0,0,88,0,88,0,0,121,0,121,0,0,209,0,209,96,0,96,305
06/10/2006,FPR,FL,ASO,ES,Towers with Radar,0,0,77,0,77,0,0,192,0,192,0,0,269,0,269,91,0,91,360
06/11/2006,FPR,FL,ASO,ES,Towers with Radar,0,0,71,0,71,0,0,52,0,52,0,0,123,0,123,55,0,55,178
06/12/2006,FPR,FL,ASO,ES,Towers with Radar,0,4,46,0,50,0,0,42,0,42,0,4,88,0,92,47,0,47,139
06/13/2006,FPR,FL,ASO,ES,Towers with Radar,0,3,59,0,62,0,0,65,0,65,0,3,124,0,127,32,0,32,159
06/14/2006,FPR,FL,ASO,ES,Towers with Radar,0,2,66,2,70,0,0,110,0,110,0,2,176,2,180,87,0,87,267
06/15/2006,FPR,FL,ASO,ES,Towers with Radar,0,4,73,0,77,0,0,168,0,168,0,4,241,0,245,179,0,179,424
06/16/2006,FPR,FL,ASO,ES,Towers with Radar,0,1,81,4,86,0,0,132,0,132,0,1,213,4,218,97,0,97,315
06/17/2006,FPR,FL,ASO,ES,Towers with Radar,0,1,95,0,96,0,0,90,0,90,0,1,185,0,186,35,0,35,221
06/18/2006,FPR,FL,ASO,ES,Towers with Radar,0,5,57,0,62,0,0,26,0,26,0,5,83,0,88,11,0,11,99
06/19/2006,FPR,FL,ASO,ES,Towers with Radar,0,3,101,0,104,0,1,197,8,206,0,4,298,8,310,76,0,76,386
06/20/2006,FPR,FL,ASO,ES,Towers with Radar,0,3,45,0,48,0,0,171,0,171,0,3,216,0,219,150,0,150,369
06/21/2006,FPR,FL,ASO,ES,Towers with Radar,0,3,64,0,67,0,0,180,0,180,0,3,244,0,247,111,0,111,358
06/22/2006,FPR,FL,ASO,ES,Towers with Radar,0,1,65,2,68,0,0,152,0,152,0,1,217,2,220,127,0,127,347
06/23/2006,FPR,FL,ASO,ES,Towers with Radar,0,0,84,0,84,0,0,171,0,171,0,0,255,0,255,70,0,70,325
06/24/2006,FPR,FL,ASO,ES,Towers with Radar,0,1,59,0,60,0,0,129,0,129,0,1,188,0,189,112,0,112,301
06/25/2006,FPR,FL,ASO,ES,Towers with Radar,0,1,92,0,93,0,0,68,0,68,0,1,160,0,161,49,0,49,210
06/26/2006,FPR,FL,ASO,ES,Towers with Radar,0,1,52,0,53,0,0,73,0,73,0,1,125,0,126,95,0,95,221
06/27/2006,FPR,FL,ASO,ES,Towers with Radar,0,0,71,0,71,0,0,152,0,152,0,0,223,0,223,192,0,192,415
06/28/2006,FPR,FL,ASO,ES,Towers with Radar,0,1,78,0,79,0,0,158,0,158,0,1,236,0,237,127,0,127,364
06/29/2006,FPR,FL,ASO,ES,Towers with Radar,0,1,73,0,74,0,0,160,0,160,0,1,233,0,234,151,0,151,385
06/30/2006,FPR,FL,ASO,ES,Towers with Radar,0,2,68,0,70,0,0,161,0,161,0,2,229,0,231,88,0,88,319
07/01/2006,FPR,FL,ASO,ES,Towers with Radar,0,0,80,0,80,0,0,122,0,122,0,0,202,0,202,76,0,76,278
07/02/2006,FPR,FL,ASO,ES,Towers with Radar,0,1,42,0,43,0,1,44,0,45,0,2,86,0,88,72,0,72,160
07/03/2006,FPR,FL,ASO,ES,Towers with Radar,0,2,23,0,25,0,0,118,0,118,0,2,141,0,143,139,0,139,282
07/04/2006,FPR,FL,ASO,ES,Towers with Radar,0,0,61,0,61,0,0,97,0,97,0,0,158,0,158,54,0,54,212
07/05/2006,FPR,FL,ASO,ES,Towers with Radar,0,1,63,0,64,0,1,131,0,132,0,2,194,0,196,139,0,139,335
07/06/2006,FPR,FL,ASO,ES,Towers with Radar,0,1,44,0,45,0,0,97,0,97,0,1,141,0,142,90,0,90,232
07/07/2006,FPR,FL,ASO,ES,Towers with Radar,0,1,49,0,50,0,0,92,0,92,0,1,141,0,142,111,0,111,253
07/08/2006,FPR,FL,ASO,ES,Towers with Radar,0,1,72,0,73,0,0,48,0,48,0,1,120,0,121,32,0,32,153
07/09/2006,FPR,FL,ASO,ES,Towers with Radar,0,0,66,0,66,0,0,111,0,111,0,0,177,0,177,58,0,58,235
07/10/2006,FPR,FL,ASO,ES,Towers with Radar,0,0,50,0,50,0,0,166,2,168,0,0,216,2,218,88,0,88,306
07/11/2006,FPR,FL,ASO,ES,Towers with Radar,0,1,57,0,58,0,0,101,0,101,0,1,158,0,159,99,0,99,258
07/12/2006,FPR,FL,ASO,ES,Towers with Radar,0,1,52,0,53,0,0,74,0,74,0,1,126,0,127,41,0,41,168
07/13/2006,FPR,FL,ASO,ES,Towers with Radar,0,1,102,14,117,0,1,129,3,133,0,2,231,17,250,64,0,64,314
07/14/2006,FPR,FL,ASO,ES,Towers with Radar,0,1,60,0,61,0,0,166,0,166,0,1,226,0,227,85,0,85,312
07/15/2006,FPR,FL,ASO,ES,Towers with Radar,0,0,41,0,41,0,0,172,0,172,0,0,213,0,213,54,0,54,267
07/16/2006,FPR,FL,ASO,ES,Towers with Radar,0,0,56,0,56,0,0,124,0,124,0,0,180,0,180,112,0,112,292
07/17/2006,FPR,FL,ASO,ES,Towers with Radar,0,1,63,0,64,0,0,120,0,120,0,1,183,0,184,155,0,155,339
07/18/2006,FPR,FL,ASO,ES,Towers with Radar,0,1,46,2,49,0,0,126,0,126,0,1,172,2,175,154,0,154,329
07/19/2006,FPR,FL,ASO,ES,Towers with Radar,0,0,49,0,49,0,0,151,0,151,0,0,200,0,200,57,0,57,257
07/20/2006,FPR,FL,ASO,ES,Towers with Radar,0,1,71,0,72,0,0,123,0,123,0,1,194,0,195,119,0,119,314
07/21/2006,FPR,FL,ASO,ES,Towers with Radar,0,2,86,0,88,0,0,111,0,111,0,2,197,0,199,45,0,45,244
07/22/2006,FPR,FL,ASO,ES,Towers with Radar,0,0,56,0,56,0,0,82,0,82,0,0,138,0,138,56,0,56,194
07/23/2006,FPR,FL,ASO,ES,Towers with Radar,0,3,89,0,92,0,0,95,0,95,0,3,184,0,187,67,0,67,254
07/24/2006,FPR,FL,ASO,ES,Towers with Radar,0,2,63,0,65,0,0,117,0,117,0,2,180,0,182,70,0,70,252
07/25/2006,FPR,FL,ASO,ES,Towers with Radar,0,0,103,0,103,0,0,151,0,151,0,0,254,0,254,82,0,82,336
07/26/2006,FPR,FL,ASO,ES,Towers with Radar,0,2,96,0,98,0,0,157,0,157,0,2,253,0,255,151,0,151,406
07/27/2006,FPR,FL,ASO,ES,Towers with Radar,0,3,91,0,94,0,0,143,0,143,0,3,234,0,237,94,0,94,331
07/28/2006,FPR,FL,ASO,ES,Towers with Radar,0,0,79,0,79,0,0,99,0,99,0,0,178,0,178,101,0,101,279
07/29/2006,FPR,FL,ASO,ES,Towers with Radar,0,0,79,0,79,0,0,105,0,105,0,0,184,0,184,86,0,86,270
07/30/2006,FPR,FL,ASO,ES,Towers with Radar,0,0,67,0,67,0,0,90,0,90,0,0,157,0,157,47,0,47,204
07/31/2006,FPR,FL,ASO,ES,Towers with Radar,0,0,66,0,66,0,0,86,0,86,0,0,152,0,152,75,0,75,227
08/01/2006,FPR,FL,ASO,ES,Towers with Radar,0,0,62,0,62,0,0,141,0,141,0,0,203,0,203,101,0,101,304
08/02/2006,FPR,FL,ASO,ES,Towers with Radar,0,3,58,0,61,0,0,163,0,163,0,3,221,0,224,92,0,92,316
08/03/2006,FPR,FL,ASO,ES,Towers with Radar,0,2,47,0,49,0,0,133,0,133,0,2,180,0,182,61,0,61,243
08/04/2006,FPR,FL,ASO,ES,Towers with Radar,0,0,50,0,50,0,0,139,0,139,0,0,189,0,189,78,0,78,267
08/05/2006,FPR,FL,ASO,ES,Towers with Radar,0,1,69,0,70,0,0,198,0,198,0,1,267,0,268,89,0,89,357
08/06/2006,FPR,FL,ASO,ES,Towers with Radar,0,1,52,0,53,0,0,106,0,106,0,1,158,0,159,61,0,61,220
08/07/2006,FPR,FL,ASO,ES,Towers with Radar,0,2,61,0,63,0,0,115,0,115,0,2,176,0,178,80,0,80,258
08/08/2006,FPR,FL,ASO,ES,Towers with Radar,0,0,56,0,56,0,0,123,0,123,0,0,179,0,179,91,0,91,270
08/09/2006,FPR,FL,ASO,ES,Towers with Radar,0,0,51,0,51,0,0,110,0,110,0,0,161,0,161,77,0,77,238
08/10/2006,FPR,FL,ASO,ES,Towers with Radar,0,1,71,0,72,0,0,121,0,121,0,1,192,0,193,87,0,87,280
08/11/2006,FPR,FL,ASO,ES,Towers with Radar,0,0,48,0,48,0,0,114,0,114,0,0,162,0,162,79,0,79,241
08/12/2006,FPR,FL,ASO,ES,Towers with Radar,0,0,35,0,35,0,0,132,0,132,0,0,167,0,167,66,0,66,233
08/13/2006,FPR,FL,ASO,ES,Towers with Radar,0,0,54,0,54,0,0,98,0,98,0,0,152,0,152,48,0,48,200
08/14/2006,FPR,FL,ASO,ES,Towers with Radar,0,2,51,0,53,0,0,107,0,107,0,2,158,0,160,42,0,42,202
08/15/2006,FPR,FL,ASO,ES,Towers with Radar,0,1,43,0,44,0,0,114,0,114,0,1,157,0,158,109,0,109,267
08/16/2006,FPR,FL,ASO,ES,Towers with Radar,0,1,38,0,39,0,0,111,0,111,0,1,149,0,150,71,0,71,221
08/17/2006,FPR,FL,ASO,ES,Towers with Radar,0,0,54,0,54,0,0,107,0,107,0,0,161,0,161,82,0,82,243
08/18/2006,FPR,FL,ASO,ES,Towers with Radar,0,1,40,0,41,0,0,125,0,125,0,1,165,0,166,85,0,85,251
08/19/2006,FPR,FL,ASO,ES,Towers with Radar,0,1,35,0,36,0,0,85,0,85,0,1,120,0,121,49,0,49,170
08/20/2006,FPR,FL,ASO,ES,Towers with Radar,0,0,31,0,31,0,0,85,0,85,0,0,116,0,116,65,0,65,181
08/21/2006,FPR,FL,ASO,ES,Towers with Radar,0,1,63,0,64,0,0,92,0,92,0,1,155,0,156,43,0,43,199
08/22/2006,FPR,FL,ASO,ES,Towers with Radar,0,0,53,0,53,0,0,118,0,118,0,0,171,0,171,85,0,85,256
08/23/2006,FPR,FL,ASO,ES,Towers with Radar,0,0,40,0,40,0,0,115,2,117,0,0,155,2,157,107,0,107,264
08/24/2006,FPR,FL,ASO,ES,Towers with Radar,0,0,45,0,45,0,0,89,0,89,0,0,134,0,134,79,0,79,213
08/25/2006,FPR,FL,ASO,ES,Towers with Radar,0,1,69,0,70,0,0,96,0,96,0,1,165,0,166,148,0,148,314
08/26/2006,FPR,FL,ASO,ES,Towers with Radar,0,1,29,0,30,0,0,113,0,113,0,1,142,0,143,99,0,99,242
08/27/2006,FPR,FL,ASO,ES,Towers with Radar,0,1,44,0,45,0,0,121,0,121,0,1,165,0,166,51,0,51,217
08/28/2006,FPR,FL,ASO,ES,Towers with Radar,0,0,41,0,41,0,0,124,0,124,0,0,165,0,165,81,0,81,246
08/29/2006,FPR,FL,ASO,ES,Towers with Radar,0,1,34,0,35,0,0,75,0,75,0,1,109,0,110,75,0,75,185
08/30/2006,FPR,FL,ASO,ES,Towers with Radar,0,0,0,0,0,0,0,0,0,0,0,0,0,0,0,0,0,0,0
08/31/2006,FPR,FL,ASO,ES,Towers with Radar,0,1,21,0,22,0,0,65,0,65,0,1,86,0,87,75,0,75,162
09/01/2006,FPR,FL,ASO,ES,Towers with Radar,0,0,37,0,37,0,0,96,0,96,0,0,133,0,133,105,0,105,238
09/02/2006,FPR,FL,ASO,ES,Towers with Radar,0,0,29,0,29,0,0,86,0,86,0,0,115,0,115,65,0,65,180
09/03/2006,FPR,FL,ASO,ES,Towers with Radar,0,2,25,0,27,0,1,62,0,63,0,3,87,0,90,23,0,23,113
09/04/2006,FPR,FL,ASO,ES,Towers with Radar,0,0,58,0,58,0,0,113,0,113,0,0,171,0,171,27,0,27,198
09/05/2006,FPR,FL,ASO,ES,Towers with Radar,0,0,60,0,60,0,0,81,0,81,0,0,141,0,141,82,0,82,223
09/06/2006,FPR,FL,ASO,ES,Towers with Radar,0,1,44,0,45,0,0,108,0,108,0,1,152,0,153,163,0,163,316
09/07/2006,FPR,FL,ASO,ES,Towers with Radar,0,0,60,0,60,0,0,123,0,123,0,0,183,0,183,110,0,110,293
09/08/2006,FPR,FL,ASO,ES,Towers with Radar,0,1,73,0,74,0,0,100,0,100,0,1,173,0,174,157,0,157,331
09/09/2006,FPR,FL,ASO,ES,Towers with Radar,0,1,35,0,36,0,0,105,0,105,0,1,140,0,141,112,0,112,253
09/10/2006,FPR,FL,ASO,ES,Towers with Radar,0,2,63,0,65,0,0,113,0,113,0,2,176,0,178,81,0,81,259
09/11/2006,FPR,FL,ASO,ES,Towers with Radar,0,1,59,0,60,0,1,105,1,107,0,2,164,1,167,112,0,112,279
09/12/2006,FPR,FL,ASO,ES,Towers with Radar,0,0,54,0,54,0,0,114,0,114,0,0,168,0,168,79,0,79,247
09/13/2006,FPR,FL,ASO,ES,Towers with Radar,0,0,79,0,79,0,0,110,0,110,0,0,189,0,189,89,0,89,278
09/14/2006,FPR,FL,ASO,ES,Towers with Radar,0,1,54,0,55,0,0,100,0,100,0,1,154,0,155,72,0,72,227
09/15/2006,FPR,FL,ASO,ES,Towers with Radar,0,4,70,0,74,0,1,106,0,107,0,5,176,0,181,71,0,71,252
09/16/2006,FPR,FL,ASO,ES,Towers with Radar,0,0,34,0,34,0,1,100,0,101,0,1,134,0,135,128,0,128,263
09/17/2006,FPR,FL,ASO,ES,Towers with Radar,0,0,46,0,46,0,0,97,0,97,0,0,143,0,143,65,0,65,208
09/18/2006,FPR,FL,ASO,ES,Towers with Radar,0,1,58,0,59,0,1,157,0,158,0,2,215,0,217,71,0,71,288
09/19/2006,FPR,FL,ASO,ES,Towers with Radar,0,0,38,0,38,0,0,91,0,91,0,0,129,0,129,54,0,54,183
09/20/2006,FPR,FL,ASO,ES,Towers with Radar,0,1,47,0,48,0,1,100,0,101,0,2,147,0,149,48,0,48,197
09/21/2006,FPR,FL,ASO,ES,Towers with Radar,0,1,70,0,71,0,0,126,0,126,0,1,196,0,197,48,0,48,245
09/22/2006,FPR,FL,ASO,ES,Towers with Radar,0,0,66,0,66,0,0,120,0,120,0,0,186,0,186,88,0,88,274
09/23/2006,FPR,FL,ASO,ES,Towers with Radar,0,0,52,0,52,0,0,128,0,128,0,0,180,0,180,51,0,51,231
09/24/2006,FPR,FL,ASO,ES,Towers with Radar,0,0,55,0,55,0,0,85,0,85,0,0,140,0,140,44,0,44,184
09/25/2006,FPR,FL,ASO,ES,Towers with Radar,0,1,93,0,94,0,0,85,0,85,0,1,178,0,179,48,0,48,227
09/26/2006,FPR,FL,ASO,ES,Towers with Radar,0,0,80,2,82,0,0,138,0,138,0,0,218,2,220,138,0,138,358
09/27/2006,FPR,FL,ASO,ES,Towers with Radar,0,1,35,0,36,0,1,115,0,116,0,2,150,0,152,80,0,80,232
09/28/2006,FPR,FL,ASO,ES,Towers with Radar,0,1,44,0,45,0,0,118,0,118,0,1,162,0,163,78,0,78,241
09/29/2006,FPR,FL,ASO,ES,Towers with Radar,0,0,49,0,49,0,0,148,0,148,0,0,197,0,197,129,0,129,326
09/30/2006,FPR,FL,ASO,ES,Towers with Radar,0,0,45,0,45,0,0,118,0,118,0,0,163,0,163,77,0,77,240
10/01/2006,FPR,FL,ASO,ES,Towers with Radar,0,0,42,1,43,0,0,118,0,118,0,0,160,1,161,64,0,64,225
10/02/2006,FPR,FL,ASO,ES,Towers with Radar,0,0,52,1,53,0,0,99,0,99,0,0,151,1,152,95,0,95,247
10/03/2006,FPR,FL,ASO,ES,Towers with Radar,0,1,35,0,36,0,0,102,0,102,0,1,137,0,138,122,0,122,260
10/04/2006,FPR,FL,ASO,ES,Towers with Radar,0,4,55,0,59,0,1,129,0,130,0,5,184,0,189,98,0,98,287
10/05/2006,FPR,FL,ASO,ES,Towers with Radar,0,1,63,0,64,0,0,127,0,127,0,1,190,0,191,113,0,113,304
10/06/2006,FPR,FL,ASO,ES,Towers with Radar,0,0,40,0,40,0,0,125,0,125,0,0,165,0,165,90,0,90,255
10/07/2006,FPR,FL,ASO,ES,Towers with Radar,0,0,30,0,30,0,0,118,0,118,0,0,148,0,148,46,0,46,194
10/08/2006,FPR,FL,ASO,ES,Towers with Radar,0,0,28,0,28,0,0,102,0,102,0,0,130,0,130,50,0,50,180
10/09/2006,FPR,FL,ASO,ES,Towers with Radar,0,1,45,0,46,0,0,123,0,123,0,1,168,0,169,88,0,88,257
10/10/2006,FPR,FL,ASO,ES,Towers with Radar,0,4,49,2,55,0,0,149,0,149,0,4,198,2,204,160,0,160,364
10/11/2006,FPR,FL,ASO,ES,Towers with Radar,0,0,47,0,47,0,0,111,0,111,0,0,158,0,158,204,0,204,362
10/12/2006,FPR,FL,ASO,ES,Towers with Radar,0,3,50,0,53,0,0,102,0,102,0,3,152,0,155,112,0,112,267
10/13/2006,FPR,FL,ASO,ES,Towers with Radar,0,0,51,0,51,0,0,166,0,166,0,0,217,0,217,64,0,64,281
10/14/2006,FPR,FL,ASO,ES,Towers with Radar,0,1,50,0,51,0,0,122,0,122,0,1,172,0,173,93,0,93,266
10/15/2006,FPR,FL,ASO,ES,Towers with Radar,0,2,45,0,47,0,0,115,0,115,0,2,160,0,162,66,0,66,228
10/16/2006,FPR,FL,ASO,ES,Towers with Radar,0,2,65,0,67,0,0,138,0,138,0,2,203,0,205,104,0,104,309
10/17/2006,FPR,FL,ASO,ES,Towers with Radar,0,2,67,0,69,0,0,147,0,147,0,2,214,0,216,137,0,137,353
10/18/2006,FPR,FL,ASO,ES,Towers with Radar,0,3,42,0,45,0,1,156,0,157,0,4,198,0,202,151,0,151,353
10/19/2006,FPR,FL,ASO,ES,Towers with Radar,0,2,69,0,71,0,1,116,0,117,0,3,185,0,188,161,0,161,349
10/20/2006,FPR,FL,ASO,ES,Towers with Radar,0,1,42,0,43,0,1,146,0,147,0,2,188,0,190,112,0,112,302
10/21/2006,FPR,FL,ASO,ES,Towers with Radar,0,0,25,0,25,0,0,139,0,139,0,0,164,0,164,97,0,97,261
10/22/2006,FPR,FL,ASO,ES,Towers with Radar,0,1,48,0,49,0,0,126,0,126,0,1,174,0,175,78,0,78,253
10/23/2006,FPR,FL,ASO,ES,Towers with Radar,0,1,34,0,35,0,0,110,28,138,0,1,144,28,173,215,0,215,388
10/24/2006,FPR,FL,ASO,ES,Towers with Radar,0,1,40,0,41,0,1,139,0,140,0,2,179,0,181,155,0,155,336
10/25/2006,FPR,FL,ASO,ES,Towers with Radar,0,0,34,0,34,0,0,165,0,165,0,0,199,0,199,162,0,162,361
10/26/2006,FPR,FL,ASO,ES,Towers with Radar,0,0,47,0,47,0,0,125,0,125,0,0,172,0,172,104,0,104,276
10/27/2006,FPR,FL,ASO,ES,Towers with Radar,0,1,51,0,52,0,1,122,0,123,0,2,173,0,175,66,0,66,241
10/28/2006,FPR,FL,ASO,ES,Towers with Radar,0,1,28,0,29,0,0,40,0,40,0,1,68,0,69,50,0,50,119
10/29/2006,FPR,FL,ASO,ES,Towers with Radar,0,0,51,0,51,0,0,115,0,115,0,0,166,0,166,85,0,85,251
10/30/2006,FPR,FL,ASO,ES,Towers with Radar,0,1,54,0,55,0,1,157,0,158,0,2,211,0,213,110,0,110,323
10/31/2006,FPR,FL,ASO,ES,Towers with Radar,0,2,45,0,47,0,0,84,0,84,0,2,129,0,131,82,0,82,213
11/01/2006,FPR,FL,ASO,ES,Towers with Radar,0,1,62,1,64,0,0,126,1,127,0,1,188,2,191,194,0,194,385
11/02/2006,FPR,FL,ASO,ES,Towers with Radar,0,2,77,1,80,0,0,104,0,104,0,2,181,1,184,146,0,146,330
11/03/2006,FPR,FL,ASO,ES,Towers with Radar,0,3,66,0,69,0,0,81,0,81,0,3,147,0,150,120,0,120,270
11/04/2006,FPR,FL,ASO,ES,Towers with Radar,0,1,22,0,23,0,0,74,0,74,0,1,96,0,97,38,0,38,135
11/05/2006,FPR,FL,ASO,ES,Towers with Radar,0,5,58,0,63,0,1,74,0,75,0,6,132,0,138,28,0,28,166
11/06/2006,FPR,FL,ASO,ES,Towers with Radar,0,2,56,0,58,0,0,101,0,101,0,2,157,0,159,137,0,137,296
11/07/2006,FPR,FL,ASO,ES,Towers with Radar,0,0,65,0,65,0,0,111,0,111,0,0,176,0,176,210,0,210,386
11/08/2006,FPR,FL,ASO,ES,Towers with Radar,0,0,64,0,64,0,0,100,0,100,0,0,164,0,164,187,0,187,351
11/09/2006,FPR,FL,ASO,ES,Towers with Radar,0,1,46,0,47,0,0,209,0,209,0,1,255,0,256,210,0,210,466
11/10/2006,FPR,FL,ASO,ES,Towers with Radar,0,0,78,0,78,0,0,160,0,160,0,0,238,0,238,117,0,117,355
11/11/2006,FPR,FL,ASO,ES,Towers with Radar,0,0,37,0,37,0,0,147,0,147,0,0,184,0,184,118,0,118,302
11/12/2006,FPR,FL,ASO,ES,Towers with Radar,0,0,51,0,51,0,0,148,0,148,0,0,199,0,199,81,0,81,280
11/13/2006,FPR,FL,ASO,ES,Towers with Radar,0,3,71,0,74,0,0,152,1,153,0,3,223,1,227,121,0,121,348
11/14/2006,FPR,FL,ASO,ES,Towers with Radar,0,1,66,0,67,0,0,157,0,157,0,1,223,0,224,142,0,142,366
11/15/2006,FPR,FL,ASO,ES,Towers with Radar,0,1,57,0,58,0,0,139,0,139,0,1,196,0,197,115,0,115,312
11/16/2006,FPR,FL,ASO,ES,Towers with Radar,0,0,52,0,52,0,0,47,0,47,0,0,99,0,99,15,0,15,114
11/17/2006,FPR,FL,ASO,ES,Towers with Radar,0,0,75,0,75,0,0,219,0,219,0,0,294,0,294,168,0,168,462
11/18/2006,FPR,FL,ASO,ES,Towers with Radar,0,1,59,0,60,0,0,202,0,202,0,1,261,0,262,152,0,152,414
11/19/2006,FPR,FL,ASO,ES,Towers with Radar,0,3,65,1,69,0,0,179,3,182,0,3,244,4,251,76,0,76,327
11/20/2006,FPR,FL,ASO,ES,Towers with Radar,0,1,54,0,55,0,1,160,0,161,0,2,214,0,216,188,0,188,404
11/21/2006,FPR,FL,ASO,ES,Towers with Radar,0,3,46,0,49,0,0,138,0,138,0,3,184,0,187,90,0,90,277
11/22/2006,FPR,FL,ASO,ES,Towers with Radar,0,1,60,0,61,0,0,120,0,120,0,1,180,0,181,196,0,196,377
11/23/2006,FPR,FL,ASO,ES,Towers with Radar,0,0,24,0,24,0,0,96,0,96,0,0,120,0,120,50,0,50,170
11/24/2006,FPR,FL,ASO,ES,Towers with Radar,0,1,29,0,30,0,0,119,0,119,0,1,148,0,149,112,0,112,261
11/25/2006,FPR,FL,ASO,ES,Towers with Radar,0,4,63,0,67,0,0,138,0,138,0,4,201,0,205,82,0,82,287
11/26/2006,FPR,FL,ASO,ES,Towers with Radar,0,1,80,0,81,0,0,70,0,70,0,1,150,0,151,9,0,9,160
11/27/2006,FPR,FL,ASO,ES,Towers with Radar,0,3,91,0,94,0,0,122,0,122,0,3,213,0,216,179,0,179,395
11/28/2006,FPR,FL,ASO,ES,Towers with Radar,0,0,89,0,89,0,1,99,0,100,0,1,188,0,189,206,0,206,395
11/29/2006,FPR,FL,ASO,ES,Towers with Radar,0,1,77,0,78,0,0,152,7,159,0,1,229,7,237,117,0,117,354
11/30/2006,FPR,FL,ASO,ES,Towers with Radar,0,1,77,0,78,0,0,104,0,104,0,1,181,0,182,159,0,159,341
12/01/2006,FPR,FL,ASO,ES,Towers with Radar,0,0,88,1,89,0,0,137,12,149,0,0,225,13,238,104,0,104,342
12/02/2006,FPR,FL,ASO,ES,Towers with Radar,0,3,55,2,60,0,0,186,0,186,0,3,241,2,246,163,0,163,409
12/03/2006,FPR,FL,ASO,ES,Towers with Radar,0,0,60,0,60,0,0,102,0,102,0,0,162,0,162,51,0,51,213
12/04/2006,FPR,FL,ASO,ES,Towers with Radar,0,0,30,0,30,0,0,27,0,27,0,0,57,0,57,2,0,2,59
12/05/2006,FPR,FL,ASO,ES,Towers with Radar,0,5,75,0,80,0,0,135,0,135,0,5,210,0,215,121,0,121,336
12/06/2006,FPR,FL,ASO,ES,Towers with Radar,0,2,82,2,86,0,0,167,0,167,0,2,249,2,253,99,0,99,352
12/07/2006,FPR,FL,ASO,ES,Towers with Radar,0,1,71,0,72,0,0,143,0,143,0,1,214,0,215,169,0,169,384
12/08/2006,FPR,FL,ASO,ES,Towers with Radar,0,0,61,1,62,0,0,76,0,76,0,0,137,1,138,63,0,63,201
12/09/2006,FPR,FL,ASO,ES,Towers with Radar,0,1,57,0,58,0,0,102,0,102,0,1,159,0,160,117,0,117,277
12/10/2006,FPR,FL,ASO,ES,Towers with Radar,0,0,73,0,73,0,0,196,0,196,0,0,269,0,269,76,0,76,345
12/11/2006,FPR,FL,ASO,ES,Towers with Radar,0,1,53,0,54,0,0,128,0,128,0,1,181,0,182,176,0,176,358
12/12/2006,FPR,FL,ASO,ES,Towers with Radar,0,0,53,0,53,0,0,155,0,155,0,0,208,0,208,157,0,157,365
12/13/2006,FPR,FL,ASO,ES,Towers with Radar,0,1,59,0,60,0,0,176,0,176,0,1,235,0,236,154,0,154,390
12/14/2006,FPR,FL,ASO,ES,Towers with Radar,0,6,59,0,65,0,0,42,0,42,0,6,101,0,107,86,0,86,193
12/15/2006,FPR,FL,ASO,ES,Towers with Radar,0,6,65,0,71,0,0,67,0,67,0,6,132,0,138,94,0,94,232
12/16/2006,FPR,FL,ASO,ES,Towers with Radar,0,1,87,0,88,0,0,15,0,15,0,1,102,0,103,13,0,13,116
12/17/2006,FPR,FL,ASO,ES,Towers with Radar,0,2,44,0,46,0,0,118,0,118,0,2,162,0,164,49,0,49,213
12/18/2006,FPR,FL,ASO,ES,Towers with Radar,0,3,42,0,45,0,0,150,0,150,0,3,192,0,195,137,0,137,332
12/19/2006,FPR,FL,ASO,ES,Towers with Radar,0,2,74,0,76,0,0,150,0,150,0,2,224,0,226,181,0,181,407
12/20/2006,FPR,FL,ASO,ES,Towers with Radar,0,2,29,0,31,0,1,130,0,131,0,3,159,0,162,51,0,51,213
12/21/2006,FPR,FL,ASO,ES,Towers with Radar,0,3,47,0,50,0,0,149,2,151,0,3,196,2,201,70,0,70,271
12/22/2006,FPR,FL,ASO,ES,Towers with Radar,0,1,42,0,43,0,0,102,0,102,0,1,144,0,145,82,0,82,227
12/23/2006,FPR,FL,ASO,ES,Towers with Radar,0,3,51,0,54,0,0,64,0,64,0,3,115,0,118,61,0,61,179
12/24/2006,FPR,FL,ASO,ES,Towers with Radar,0,0,25,0,25,0,0,43,0,43,0,0,68,0,68,15,0,15,83
12/25/2006,FPR,FL,ASO,ES,Towers with Radar,0,7,1,0,8,0,0,8,0,8,0,7,9,0,16,0,0,0,16
12/26/2006,FPR,FL,ASO,ES,Towers with Radar,0,0,79,0,79,0,0,40,0,40,0,0,119,0,119,48,0,48,167
12/27/2006,FPR,FL,ASO,ES,Towers with Radar,0,2,63,0,65,0,2,146,0,148,0,4,209,0,213,90,0,90,303
12/28/2006,FPR,FL,ASO,ES,Towers with Radar,0,1,41,0,42,0,0,156,0,156,0,1,197,0,198,76,0,76,274
12/29/2006,FPR,FL,ASO,ES,Towers with Radar,0,2,56,1,59,0,1,122,0,123,0,3,178,1,182,105,0,105,287
12/30/2006,FPR,FL,ASO,ES,Towers with Radar,0,1,73,0,74,0,0,103,0,103,0,1,176,0,177,36,0,36,213
12/31/2006,FPR,FL,ASO,ES,Towers with Radar,0,2,44,0,46,0,0,66,0,66,0,2,110,0,112,11,0,11,123
01/01/2007,FPR,FL,ASO,ES,Towers with Radar,0,2,79,0,81,0,0,64,0,64,0,2,143,0,145,4,0,4,149
01/02/2007,FPR,FL,ASO,ES,Towers with Radar,0,5,101,0,106,0,0,105,0,105,0,5,206,0,211,56,0,56,267
01/03/2007,FPR,FL,ASO,ES,Towers with Radar,0,1,73,0,74,0,0,87,0,87,0,1,160,0,161,98,0,98,259
01/04/2007,FPR,FL,ASO,ES,Towers with Radar,0,2,61,0,63,0,0,79,0,79,0,2,140,0,142,43,0,43,185
01/05/2007,FPR,FL,ASO,ES,Towers with Radar,0,2,59,0,61,0,4,123,0,127,0,6,182,0,188,103,0,103,291
01/06/2007,FPR,FL,ASO,ES,Towers with Radar,0,3,58,0,61,0,0,163,0,163,0,3,221,0,224,171,0,171,395
01/07/2007,FPR,FL,ASO,ES,Towers with Radar,0,2,54,0,56,0,0,120,0,120,0,2,174,0,176,68,0,68,244
01/08/2007,FPR,FL,ASO,ES,Towers with Radar,0,3,41,0,44,0,1,75,0,76,0,4,116,0,120,117,0,117,237
01/09/2007,FPR,FL,ASO,ES,Towers with Radar,0,1,55,0,56,0,0,110,0,110,0,1,165,0,166,130,0,130,296
01/10/2007,FPR,FL,ASO,ES,Towers with Radar,0,4,55,0,59,0,1,148,0,149,0,5,203,0,208,105,0,105,313
01/11/2007,FPR,FL,ASO,ES,Towers with Radar,0,2,76,0,78,0,0,134,0,134,0,2,210,0,212,129,0,129,341
01/12/2007,FPR,FL,ASO,ES,Towers with Radar,0,1,79,1,81,0,0,137,0,137,0,1,216,1,218,91,0,91,309
01/13/2007,FPR,FL,ASO,ES,Towers with Radar,0,2,39,0,41,0,0,120,0,120,0,2,159,0,161,74,0,74,235
01/14/2007,FPR,FL,ASO,ES,Towers with Radar,0,1,62,0,63,0,0,120,0,120,0,1,182,0,183,55,0,55,238
01/15/2007,FPR,FL,ASO,ES,Towers with Radar,0,0,63,0,63,0,0,118,0,118,0,0,181,0,181,76,0,76,257
01/16/2007,FPR,FL,ASO,ES,Towers with Radar,0,2,51,0,53,0,0,147,0,147,0,2,198,0,200,166,0,166,366
01/17/2007,FPR,FL,ASO,ES,Towers with Radar,0,0,47,0,47,0,0,40,0,40,0,0,87,0,87,59,0,59,146
01/18/2007,FPR,FL,ASO,ES,Towers with Radar,0,6,65,0,71,0,1,97,0,98,0,7,162,0,169,153,0,153,322
01/19/2007,FPR,FL,ASO,ES,Towers with Radar,0,7,55,0,62,0,0,83,0,83,0,7,138,0,145,98,0,98,243
01/20/2007,FPR,FL,ASO,ES,Towers with Radar,0,2,54,0,56,0,0,173,0,173,0,2,227,0,229,95,0,95,324
01/21/2007,FPR,FL,ASO,ES,Towers with Radar,0,3,65,0,68,0,2,124,0,126,0,5,189,0,194,39,0,39,233
01/22/2007,FPR,FL,ASO,ES,Towers with Radar,0,0,54,0,54,0,0,127,0,127,0,0,181,0,181,126,0,126,307
01/23/2007,FPR,FL,ASO,ES,Towers with Radar,0,2,59,0,61,0,1,148,2,151,0,3,207,2,212,169,0,169,381
01/24/2007,FPR,FL,ASO,ES,Towers with Radar,0,1,48,0,49,0,1,95,0,96,0,2,143,0,145,134,0,134,279
01/25/2007,FPR,FL,ASO,ES,Towers with Radar,0,3,73,0,76,0,0,20,0,20,0,3,93,0,96,43,0,43,139
01/26/2007,FPR,FL,ASO,ES,Towers with Radar,0,1,68,0,69,0,1,178,0,179,0,2,246,0,248,159,0,159,407
01/27/2007,FPR,FL,ASO,ES,Towers with Radar,0,0,70,0,70,0,0,215,0,215,0,0,285,0,285,144,0,144,429
01/28/2007,FPR,FL,ASO,ES,Towers with Radar,0,2,55,0,57,0,0,71,0,71,0,2,126,0,128,18,0,18,146
01/29/2007,FPR,FL,ASO,ES,Towers with Radar,0,0,72,0,72,0,0,218,0,218,0,0,290,0,290,110,0,110,400
01/30/2007,FPR,FL,ASO,ES,Towers with Radar,0,3,46,1,50,0,1,179,1,181,0,4,225,2,231,139,0,139,370
01/31/2007,FPR,FL,ASO,ES,Towers with Radar,0,1,65,0,66,0,0,172,0,172,0,1,237,0,238,92,0,92,330
02/01/2007,FPR,FL,ASO,ES,Towers with Radar,0,1,67,0,68,0,0,161,1,162,0,1,228,1,230,99,0,99,329
02/02/2007,FPR,FL,ASO,ES,Towers with Radar,0,2,30,0,32,0,0,31,0,31,0,2,61,0,63,18,0,18,81
02/03/2007,FPR,FL,ASO,ES,Towers with Radar,0,3,79,0,82,0,0,60,0,60,0,3,139,0,142,71,0,71,213
02/04/2007,FPR,FL,ASO,ES,Towers with Radar,0,3,84,0,87,0,0,28,0,28,0,3,112,0,115,6,0,6,121
02/05/2007,FPR,FL,ASO,ES,Towers with Radar,0,2,79,0,81,0,0,144,0,144,0,2,223,0,225,123,0,123,348
02/06/2007,FPR,FL,ASO,ES,Towers with Radar,0,1,61,2,64,0,0,171,4,175,0,1,232,6,239,157,0,157,396
02/07/2007,FPR,FL,ASO,ES,Towers with Radar,0,5,81,0,86,0,0,208,0,208,0,5,289,0,294,138,0,138,432
02/08/2007,FPR,FL,ASO,ES,Towers with Radar,0,5,74,0,79,0,2,226,0,228,0,7,300,0,307,121,0,121,428
02/09/2007,FPR,FL,ASO,ES,Towers with Radar,0,0,67,1,68,0,0,180,1,181,0,0,247,2,249,170,0,170,419
02/10/2007,FPR,FL,ASO,ES,Towers with Radar,0,5,73,0,78,0,0,259,0,259,0,5,332,0,337,120,0,120,457
02/11/2007,FPR,FL,ASO,ES,Towers with Radar,0,3,68,2,73,0,0,180,4,184,0,3,248,6,257,113,12,125,382
02/12/2007,FPR,FL,ASO,ES,Towers with Radar,0,0,74,2,76,0,0,83,0,83,0,0,157,2,159,204,0,204,363
02/13/2007,FPR,FL,ASO,ES,Towers with Radar,0,1,77,1,79,0,0,123,0,123,0,1,200,1,202,155,0,155,357
02/14/2007,FPR,FL,ASO,ES,Towers with Radar,0,6,85,2,93,0,2,145,0,147,0,8,230,2,240,126,0,126,366
02/15/2007,FPR,FL,ASO,ES,Towers with Radar,0,1,73,0,74,0,0,151,0,151,0,1,224,0,225,190,0,190,415
02/16/2007,FPR,FL,ASO,ES,Towers with Radar,0,6,77,0,83,0,0,155,0,155,0,6,232,0,238,103,0,103,341
02/17/2007,FPR,FL,ASO,ES,Towers with Radar,0,5,61,0,66,0,0,191,0,191,0,5,252,0,257,105,0,105,362
02/18/2007,FPR,FL,ASO,ES,Towers with Radar,0,6,40,0,46,0,2,71,0,73,0,8,111,0,119,20,0,20,139
02/19/2007,FPR,FL,ASO,ES,Towers with Radar,0,2,83,0,85,0,0,211,0,211,0,2,294,0,296,183,0,183,479
02/20/2007,FPR,FL,ASO,ES,Towers with Radar,0,1,75,0,76,0,2,186,0,188,0,3,261,0,264,185,0,185,449
02/21/2007,FPR,FL,ASO,ES,Towers with Radar,0,1,64,0,65,0,0,184,0,184,0,1,248,0,249,140,0,140,389
02/22/2007,FPR,FL,ASO,ES,Towers with Radar,0,2,85,2,89,0,0,222,0,222,0,2,307,2,311,127,0,127,438
02/23/2007,FPR,FL,ASO,ES,Towers with Radar,0,2,83,0,85,0,0,230,0,230,0,2,313,0,315,108,0,108,423
02/24/2007,FPR,FL,ASO,ES,Towers with Radar,0,7,75,0,82,0,1,166,0,167,0,8,241,0,249,124,0,124,373
02/25/2007,FPR,FL,ASO,ES,Towers with Radar,0,3,77,0,80,0,0,108,0,108,0,3,185,0,188,71,0,71,259
02/26/2007,FPR,FL,ASO,ES,Towers with Radar,0,2,84,0,86,0,0,55,0,55,0,2,139,0,141,149,0,149,290
02/27/2007,FPR,FL,ASO,ES,Towers with Radar,0,0,61,0,61,0,0,101,7,108,0,0,162,7,169,111,0,111,280
02/28/2007,FPR,FL,ASO,ES,Towers with Radar,0,5,98,0,103,0,0,170,0,170,0,5,268,0,273,110,0,110,383
03/01/2007,FPR,FL,ASO,ES,Towers with Radar,0,2,72,0,74,0,0,113,0,113,0,2,185,0,187,128,0,128,315
03/02/2007,FPR,FL,ASO,ES,Towers with Radar,0,6,81,0,87,0,0,78,0,78,0,6,159,0,165,66,0,66,231
03/03/2007,FPR,FL,ASO,ES,Towers with Radar,0,4,79,0,83,0,0,72,0,72,0,4,151,0,155,18,0,18,173
03/04/2007,FPR,FL,ASO,ES,Towers with Radar,0,5,85,0,90,0,0,126,0,126,0,5,211,0,216,45,0,45,261
03/05/2007,FPR,FL,ASO,ES,Towers with Radar,0,3,56,0,59,0,0,181,0,181,0,3,237,0,240,108,0,108,348
03/06/2007,FPR,FL,ASO,ES,Towers with Radar,0,1,56,0,57,0,0,183,2,185,0,1,239,2,242,152,0,152,394
03/07/2007,FPR,FL,ASO,ES,Towers with Radar,0,5,60,0,65,0,0,182,0,182,0,5,242,0,247,212,0,212,459
03/08/2007,FPR,FL,ASO,ES,Towers with Radar,0,3,86,0,89,0,0,229,0,229,0,3,315,0,318,126,0,126,444
03/09/2007,FPR,FL,ASO,ES,Towers with Radar,0,3,72,2,77,0,1,221,0,222,0,4,293,2,299,184,0,184,483
03/10/2007,FPR,FL,ASO,ES,Towers with Radar,0,6,90,0,96,0,0,140,0,140,0,6,230,0,236,175,0,175,411
03/11/2007,FPR,FL,ASO,ES,Towers with Radar,0,2,78,2,82,0,1,173,0,174,0,3,251,2,256,58,0,58,314
03/12/2007,FPR,FL,ASO,ES,Towers with Radar,0,3,61,0,64,0,0,183,0,183,0,3,244,0,247,156,0,156,403
03/13/2007,FPR,FL,ASO,ES,Towers with Radar,0,0,34,0,34,0,0,232,0,232,0,0,266,0,266,144,0,144,410
03/14/2007,FPR,FL,ASO,ES,Towers with Radar,0,0,69,0,69,0,0,200,0,200,0,0,269,0,269,175,0,175,444
03/15/2007,FPR,FL,ASO,ES,Towers with Radar,0,5,66,0,71,0,0,168,0,168,0,5,234,0,239,76,0,76,315
03/16/2007,FPR,FL,ASO,ES,Towers with Radar,0,5,61,0,66,0,0,95,0,95,0,5,156,0,161,48,0,48,209
03/17/2007,FPR,FL,ASO,ES,Towers with Radar,0,2,101,0,103,0,0,204,0,204,0,2,305,0,307,104,0,104,411
03/18/2007,FPR,FL,ASO,ES,Towers with Radar,0,2,56,0,58,0,0,171,0,171,0,2,227,0,229,35,0,35,264
03/19/2007,FPR,FL,ASO,ES,Towers with Radar,0,4,71,0,75,0,4,139,0,143,0,8,210,0,218,112,0,112,330
03/20/2007,FPR,FL,ASO,ES,Towers with Radar,0,1,97,0,98,0,1,110,0,111,0,2,207,0,209,157,0,157,366
03/21/2007,FPR,FL,ASO,ES,Towers with Radar,0,0,71,0,71,0,0,217,0,217,0,0,288,0,288,177,0,177,465
03/22/2007,FPR,FL,ASO,ES,Towers with Radar,0,2,57,0,59,0,0,167,0,167,0,2,224,0,226,137,0,137,363
03/23/2007,FPR,FL,ASO,ES,Towers with Radar,0,2,91,0,93,0,0,201,0,201,0,2,292,0,294,202,0,202,496
03/24/2007,FPR,FL,ASO,ES,Towers with Radar,0,4,112,0,116,0,3,173,0,176,0,7,285,0,292,165,0,165,457
03/25/2007,FPR,FL,ASO,ES,Towers with Radar,0,0,74,0,74,0,0,169,0,169,0,0,243,0,243,112,0,112,355
03/26/2007,FPR,FL,ASO,ES,Towers with Radar,0,3,59,2,64,0,0,160,0,160,0,3,219,2,224,252,0,252,476
03/27/2007,FPR,FL,ASO,ES,Towers with Radar,0,0,67,0,67,0,0,188,0,188,0,0,255,0,255,227,0,227,482
03/28/2007,FPR,FL,ASO,ES,Towers with Radar,0,2,78,0,80,0,0,259,0,259,0,2,337,0,339,183,0,183,522
03/29/2007,FPR,FL,ASO,ES,Towers with Radar,0,1,70,0,71,0,0,188,0,188,0,1,258,0,259,166,0,166,425
03/30/2007,FPR,FL,ASO,ES,Towers with Radar,0,4,91,0,95,0,1,157,0,158,0,5,248,0,253,142,0,142,395
03/31/2007,FPR,FL,ASO,ES,Towers with Radar,0,1,119,0,120,0,1,220,0,221,0,2,339,0,341,124,0,124,465
04/01/2007,FPR,FL,ASO,ES,Towers with Radar,0,0,81,0,81,0,0,137,0,137,0,0,218,0,218,48,0,48,266
04/02/2007,FPR,FL,ASO,ES,Towers with Radar,0,1,44,0,45,0,0,163,0,163,0,1,207,0,208,101,0,101,309
04/03/2007,FPR,FL,ASO,ES,Towers with Radar,0,1,42,0,43,0,0,212,0,212,0,1,254,0,255,112,0,112,367
04/04/2007,FPR,FL,ASO,ES,Towers with Radar,0,5,50,0,55,0,0,125,0,125,0,5,175,0,180,108,0,108,288
04/05/2007,FPR,FL,ASO,ES,Towers with Radar,0,3,68,0,71,0,0,126,0,126,0,3,194,0,197,210,0,210,407
04/06/2007,FPR,FL,ASO,ES,Towers with Radar,0,2,84,0,86,0,1,171,0,172,0,3,255,0,258,175,0,175,433
04/07/2007,FPR,FL,ASO,ES,Towers with Radar,0,1,85,0,86,0,0,175,0,175,0,1,260,0,261,133,0,133,394
04/08/2007,FPR,FL,ASO,ES,Towers with Radar,0,4,72,0,76,0,0,142,0,142,0,4,214,0,218,59,0,59,277
04/09/2007,FPR,FL,ASO,ES,Towers with Radar,0,1,103,0,104,0,0,167,0,167,0,1,270,0,271,109,0,109,380
04/10/2007,FPR,FL,ASO,ES,Towers with Radar,0,1,62,0,63,0,0,88,0,88,0,1,150,0,151,83,0,83,234
04/11/2007,FPR,FL,ASO,ES,Towers with Radar,0,0,63,0,63,0,0,176,0,176,0,0,239,0,239,234,0,234,473
04/12/2007,FPR,FL,ASO,ES,Towers with Radar,0,5,66,0,71,0,0,138,0,138,0,5,204,0,209,330,0,330,539
04/13/2007,FPR,FL,ASO,ES,Towers with Radar,0,5,107,0,112,0,0,205,0,205,0,5,312,0,317,200,0,200,517
04/14/2007,FPR,FL,ASO,ES,Towers with Radar,0,1,85,0,86,0,0,207,0,207,0,1,292,0,293,167,0,167,460
04/15/2007,FPR,FL,ASO,ES,Towers with Radar,0,5,29,0,34,0,0,16,2,18,0,5,45,2,52,0,0,0,52
04/16/2007,FPR,FL,ASO,ES,Towers with Radar,0,4,61,0,65,0,0,166,0,166,0,4,227,0,231,117,0,117,348
04/17/2007,FPR,FL,ASO,ES,Towers with Radar,0,2,51,2,55,0,1,187,0,188,0,3,238,2,243,240,0,240,483
04/18/2007,FPR,FL,ASO,ES,Towers with Radar,0,2,65,0,67,0,0,211,0,211,0,2,276,0,278,218,0,218,496
04/19/2007,FPR,FL,ASO,ES,Towers with Radar,0,1,83,0,84,0,0,149,0,149,0,1,232,0,233,110,0,110,343
04/20/2007,FPR,FL,ASO,ES,Towers with Radar,0,3,83,0,86,0,0,216,0,216,0,3,299,0,302,147,0,147,449
04/21/2007,FPR,FL,ASO,ES,Towers with Radar,0,2,51,0,53,0,0,104,0,104,0,2,155,0,157,164,0,164,321
04/22/2007,FPR,FL,ASO,ES,Towers with Radar,0,2,78,0,80,0,0,160,0,160,0,2,238,0,240,91,0,91,331
04/23/2007,FPR,FL,ASO,ES,Towers with Radar,0,5,79,0,84,0,1,140,0,141,0,6,219,0,225,239,0,239,464
04/24/2007,FPR,FL,ASO,ES,Towers with Radar,0,1,69,2,72,0,1,172,0,173,0,2,241,2,245,256,0,256,501
04/25/2007,FPR,FL,ASO,ES,Towers with Radar,0,6,72,0,78,0,0,195,0,195,0,6,267,0,273,255,0,255,528
04/26/2007,FPR,FL,ASO,ES,Towers with Radar,0,5,92,0,97,0,0,174,0,174,0,5,266,0,271,303,0,303,574
04/27/2007,FPR,FL,ASO,ES,Towers with Radar,0,4,84,0,88,0,0,183,0,183,0,4,267,0,271,97,0,97,368
04/28/2007,FPR,FL,ASO,ES,Towers with Radar,0,1,84,0,85,0,0,98,0,98,0,1,182,0,183,61,0,61,244
04/29/2007,FPR,FL,ASO,ES,Towers with Radar,0,0,66,0,66,0,0,195,0,195,0,0,261,0,261,58,0,58,319
04/30/2007,FPR,FL,ASO,ES,Towers with Radar,0,4,83,0,87,0,2,155,0,157,0,6,238,0,244,195,0,195,439
05/01/2007,FPR,FL,ASO,ES,Towers with Radar,0,2,48,2,52,0,1,215,0,216,0,3,263,2,268,222,0,222,490
05/02/2007,FPR,FL,ASO,ES,Towers with Radar,0,5,69,0,74,0,0,186,0,186,0,5,255,0,260,263,0,263,523
05/03/2007,FPR,FL,ASO,ES,Towers with Radar,0,2,77,0,79,0,0,154,0,154,0,2,231,0,233,194,5,199,432
05/04/2007,FPR,FL,ASO,ES,Towers with Radar,0,3,68,0,71,0,0,175,0,175,0,3,243,0,246,265,0,265,511
05/05/2007,FPR,FL,ASO,ES,Towers with Radar,0,2,54,0,56,0,0,198,0,198,0,2,252,0,254,110,0,110,364
05/06/2007,FPR,FL,ASO,ES,Towers with Radar,0,0,57,0,57,0,0,101,0,101,0,0,158,0,158,29,0,29,187
05/07/2007,FPR,FL,ASO,ES,Towers with Radar,0,4,31,1,36,0,0,73,1,74,0,4,104,2,110,56,0,56,166
05/08/2007,FPR,FL,ASO,ES,Towers with Radar,0,1,64,0,65,0,0,185,0,185,0,1,249,0,250,203,0,203,453
05/09/2007,FPR,FL,ASO,ES,Towers with Radar,0,0,47,0,47,0,0,81,0,81,0,0,128,0,128,167,0,167,295
05/10/2007,FPR,FL,ASO,ES,Towers with Radar,0,1,72,0,73,0,0,168,0,168,0,1,240,0,241,190,0,190,431
05/11/2007,FPR,FL,ASO,ES,Towers with Radar,0,4,56,0,60,0,0,99,0,99,0,4,155,0,159,120,0,120,279
05/12/2007,FPR,FL,ASO,ES,Towers with Radar,0,2,58,0,60,0,0,143,0,143,0,2,201,0,203,165,0,165,368
05/13/2007,FPR,FL,ASO,ES,Towers with Radar,0,0,83,0,83,0,0,58,0,58,0,0,141,0,141,83,0,83,224
05/14/2007,FPR,FL,ASO,ES,Towers with Radar,0,3,66,0,69,0,0,109,0,109,0,3,175,0,178,68,0,68,246
05/15/2007,FPR,FL,ASO,ES,Towers with Radar,0,3,62,0,65,0,0,145,0,145,0,3,207,0,210,88,0,88,298
05/16/2007,FPR,FL,ASO,ES,Towers with Radar,0,0,84,0,84,0,0,162,0,162,0,0,246,0,246,122,0,122,368
05/17/2007,FPR,FL,ASO,ES,Towers with Radar,0,3,48,2,53,0,0,190,0,190,0,3,238,2,243,171,0,171,414
05/18/2007,FPR,FL,ASO,ES,Towers with Radar,0,6,43,0,49,0,1,138,0,139,0,7,181,0,188,151,0,151,339
05/19/2007,FPR,FL,ASO,ES,Towers with Radar,0,0,79,2,81,0,0,89,0,89,0,0,168,2,170,39,0,39,209
05/20/2007,FPR,FL,ASO,ES,Towers with Radar,0,2,91,0,93,0,0,99,0,99,0,2,190,0,192,50,0,50,242
05/21/2007,FPR,FL,ASO,ES,Towers with Radar,0,1,65,0,66,0,0,144,0,144,0,1,209,0,210,111,0,111,321
05/22/2007,FPR,FL,ASO,ES,Towers with Radar,0,0,65,0,65,0,0,123,0,123,0,0,188,0,188,79,0,79,267
05/23/2007,FPR,FL,ASO,ES,Towers with Radar,0,2,60,0,62,0,0,137,0,137,0,2,197,0,199,114,0,114,313
05/24/2007,FPR,FL,ASO,ES,Towers with Radar,0,3,103,0,106,0,0,134,0,134,0,3,237,0,240,67,0,67,307
05/25/2007,FPR,FL,ASO,ES,Towers with Radar,0,2,53,2,57,0,0,146,0,146,0,2,199,2,203,102,0,102,305
05/26/2007,FPR,FL,ASO,ES,Towers with Radar,0,0,88,0,88,0,0,139,0,139,0,0,227,0,227,105,0,105,332
05/27/2007,FPR,FL,ASO,ES,Towers with Radar,0,0,58,2,60,0,1,119,0,120,0,1,177,2,180,57,0,57,237
05/28/2007,FPR,FL,ASO,ES,Towers with Radar,0,5,105,0,110,0,0,191,0,191,0,5,296,0,301,24,0,24,325
05/29/2007,FPR,FL,ASO,ES,Towers with Radar,0,0,86,6,92,0,0,152,1,153,0,0,238,7,245,159,0,159,404
05/30/2007,FPR,FL,ASO,ES,Towers with Radar,0,2,83,2,87,0,0,169,0,169,0,2,252,2,256,161,0,161,417
05/31/2007,FPR,FL,ASO,ES,Towers with Radar,0,4,66,2,72,0,0,157,0,157,0,4,223,2,229,148,0,148,377
06/01/2007,FPR,FL,ASO,ES,Towers with Radar,0,0,77,2,79,0,0,65,0,65,0,0,142,2,144,70,0,70,214
06/02/2007,FPR,FL,ASO,ES,Towers with Radar,0,3,27,0,30,0,0,11,0,11,0,3,38,0,41,4,0,4,45
06/03/2007,FPR,FL,ASO,ES,Towers with Radar,0,1,72,0,73,0,0,136,0,136,0,1,208,0,209,33,0,33,242
06/04/2007,FPR,FL,ASO,ES,Towers with Radar,0,5,73,0,78,0,1,114,0,115,0,6,187,0,193,119,0,119,312
06/05/2007,FPR,FL,ASO,ES,Towers with Radar,0,2,40,0,42,0,0,135,0,135,0,2,175,0,177,143,0,143,320
06/06/2007,FPR,FL,ASO,ES,Towers with Radar,0,2,61,0,63,0,0,118,0,118,0,2,179,0,181,153,0,153,334
06/07/2007,FPR,FL,ASO,ES,Towers with Radar,0,3,75,0,78,0,0,191,0,191,0,3,266,0,269,181,0,181,450
06/08/2007,FPR,FL,ASO,ES,Towers with Radar,0,3,64,0,67,0,0,66,0,66,0,3,130,0,133,142,0,142,275
06/09/2007,FPR,FL,ASO,ES,Towers with Radar,0,0,111,0,111,0,2,302,0,304,0,2,413,0,415,137,0,137,552
06/10/2007,FPR,FL,ASO,ES,Towers with Radar,0,1,72,0,73,0,0,183,0,183,0,1,255,0,256,70,0,70,326
06/11/2007,FPR,FL,ASO,ES,Towers with Radar,0,2,77,0,79,0,0,147,0,147,0,2,224,0,226,105,0,105,331
06/12/2007,FPR,FL,ASO,ES,Towers with Radar,0,4,50,0,54,0,0,149,0,149,0,4,199,0,203,170,0,170,373
06/13/2007,FPR,FL,ASO,ES,Towers with Radar,0,1,59,0,60,0,0,98,0,98,0,1,157,0,158,174,0,174,332
06/14/2007,FPR,FL,ASO,ES,Towers with Radar,0,2,90,0,92,0,0,197,0,197,0,2,287,0,289,202,0,202,491
06/15/2007,FPR,FL,ASO,ES,Towers with Radar,0,3,81,0,84,0,0,169,0,169,0,3,250,0,253,152,0,152,405
06/16/2007,FPR,FL,ASO,ES,Towers with Radar,0,2,77,0,79,0,0,130,0,130,0,2,207,0,209,116,0,116,325
06/17/2007,FPR,FL,ASO,ES,Towers with Radar,0,3,80,0,83,0,0,99,0,99,0,3,179,0,182,0,0,0,182
06/18/2007,FPR,FL,ASO,ES,Towers with Radar,0,0,78,0,78,0,0,142,0,142,0,0,220,0,220,178,0,178,398
06/19/2007,FPR,FL,ASO,ES,Towers with Radar,0,4,62,0,66,0,0,183,0,183,0,4,245,0,249,139,0,139,388
06/20/2007,FPR,FL,ASO,ES,Towers with Radar,0,4,61,0,65,0,0,189,0,189,0,4,250,0,254,163,0,163,417
06/21/2007,FPR,FL,ASO,ES,Towers with Radar,0,3,50,0,53,0,2,132,0,134,0,5,182,0,187,146,0,146,333
06/22/2007,FPR,FL,ASO,ES,Towers with Radar,0,4,73,0,77,0,0,149,0,149,0,4,222,0,226,115,0,115,341
06/23/2007,FPR,FL,ASO,ES,Towers with Radar,0,0,75,0,75,0,0,157,0,157,0,0,232,0,232,90,0,90,322
06/24/2007,FPR,FL,ASO,ES,Towers with Radar,0,1,71,0,72,0,0,139,0,139,0,1,210,0,211,45,0,45,256
06/25/2007,FPR,FL,ASO,ES,Towers with Radar,0,2,73,0,75,0,0,111,0,111,0,2,184,0,186,142,0,142,328
06/26/2007,FPR,FL,ASO,ES,Towers with Radar,0,2,54,0,56,0,0,147,0,147,0,2,201,0,203,140,0,140,343
06/27/2007,FPR,FL,ASO,ES,Towers with Radar,0,1,58,0,59,0,0,117,0,117,0,1,175,0,176,122,0,122,298
06/28/2007,FPR,FL,ASO,ES,Towers with Radar,0,4,68,0,72,0,0,127,0,127,0,4,195,0,199,151,0,151,350
06/29/2007,FPR,FL,ASO,ES,Towers with Radar,0,1,52,0,53,0,0,20,0,20,0,1,72,0,73,33,0,33,106
06/30/2007,FPR,FL,ASO,ES,Towers with Radar,0,0,64,0,64,0,2,140,0,142,0,2,204,0,206,170,0,170,376
07/01/2007,FPR,FL,ASO,ES,Towers with Radar,0,2,51,0,53,0,0,97,0,97,0,2,148,0,150,0,0,0,150
07/02/2007,FPR,FL,ASO,ES,Towers with Radar,0,0,45,0,45,0,0,187,0,187,0,0,232,0,232,105,0,105,337
07/03/2007,FPR,FL,ASO,ES,Towers with Radar,0,1,46,0,47,0,0,152,0,152,0,1,198,0,199,229,0,229,428
07/04/2007,FPR,FL,ASO,ES,Towers with Radar,0,2,52,0,54,0,0,82,0,82,0,2,134,0,136,24,0,24,160
07/05/2007,FPR,FL,ASO,ES,Towers with Radar,0,1,59,0,60,0,0,89,0,89,0,1,148,0,149,105,0,105,254
07/06/2007,FPR,FL,ASO,ES,Towers with Radar,0,1,60,0,61,0,1,161,0,162,0,2,221,0,223,106,0,106,329
07/07/2007,FPR,FL,ASO,ES,Towers with Radar,0,0,61,0,61,0,0,124,0,124,0,0,185,0,185,70,0,70,255
07/08/2007,FPR,FL,ASO,ES,Towers with Radar,0,2,82,0,84,0,0,118,0,118,0,2,200,0,202,13,0,13,215
07/09/2007,FPR,FL,ASO,ES,Towers with Radar,0,0,60,0,60,0,0,166,0,166,0,0,226,0,226,158,0,158,384
07/10/2007,FPR,FL,ASO,ES,Towers with Radar,0,2,37,0,39,0,2,178,0,180,0,4,215,0,219,202,0,202,421
07/11/2007,FPR,FL,ASO,ES,Towers with Radar,0,1,65,0,66,0,0,176,0,176,0,1,241,0,242,152,0,152,394
07/12/2007,FPR,FL,ASO,ES,Towers with Radar,0,5,43,0,48,0,0,204,0,204,0,5,247,0,252,145,0,145,397
07/13/2007,FPR,FL,ASO,ES,Towers with Radar,0,4,39,0,43,0,0,113,0,113,0,4,152,0,156,75,0,75,231
07/14/2007,FPR,FL,ASO,ES,Towers with Radar,0,0,56,2,58,0,0,188,0,188,0,0,244,2,246,105,0,105,351
07/15/2007,FPR,FL,ASO,ES,Towers with Radar,0,0,48,0,48,0,0,133,0,133,0,0,181,0,181,4,0,4,185
07/16/2007,FPR,FL,ASO,ES,Towers with Radar,0,1,55,0,56,0,0,185,0,185,0,1,240,0,241,155,0,155,396
07/17/2007,FPR,FL,ASO,ES,Towers with Radar,0,2,50,0,52,0,0,220,0,220,0,2,270,0,272,176,0,176,448
07/18/2007,FPR,FL,ASO,ES,Towers with Radar,0,3,70,0,73,0,0,164,0,164,0,3,234,0,237,247,0,247,484
07/19/2007,FPR,FL,ASO,ES,Towers with Radar,0,1,46,0,47,0,0,148,0,148,0,1,194,0,195,208,0,208,403
07/20/2007,FPR,FL,ASO,ES,Towers with Radar,0,4,74,0,78,0,1,176,0,177,0,5,250,0,255,286,0,286,541
07/21/2007,FPR,FL,ASO,ES,Towers with Radar,0,1,66,0,67,0,0,93,0,93,0,1,159,0,160,60,0,60,220
07/22/2007,FPR,FL,ASO,ES,Towers with Radar,0,4,54,0,58,0,0,89,0,89,0,4,143,0,147,58,0,58,205
07/23/2007,FPR,FL,ASO,ES,Towers with Radar,0,1,74,0,75,0,0,166,0,166,0,1,240,0,241,223,0,223,464
07/24/2007,FPR,FL,ASO,ES,Towers with Radar,0,1,54,0,55,0,1,133,0,134,0,2,187,0,189,212,0,212,401
07/25/2007,FPR,FL,ASO,ES,Towers with Radar,0,3,51,0,54,0,0,180,0,180,0,3,231,0,234,192,0,192,426
07/26/2007,FPR,FL,ASO,ES,Towers with Radar,0,2,63,0,65,0,1,186,0,187,0,3,249,0,252,328,0,328,580
07/27/2007,FPR,FL,ASO,ES,Towers with Radar,0,0,40,0,40,0,0,99,0,99,0,0,139,0,139,125,0,125,264
07/28/2007,FPR,FL,ASO,ES,Towers with Radar,0,3,61,0,64,0,0,159,0,159,0,3,220,0,223,105,0,105,328
07/29/2007,FPR,FL,ASO,ES,Towers with Radar,0,0,69,0,69,0,0,131,0,131,0,0,200,0,200,50,0,50,250
07/30/2007,FPR,FL,ASO,ES,Towers with Radar,0,0,23,2,25,0,0,179,0,179,0,0,202,2,204,108,0,108,312
07/31/2007,FPR,FL,ASO,ES,Towers with Radar,0,1,38,2,41,0,0,131,0,131,0,1,169,2,172,113,0,113,285
08/01/2007,FPR,FL,ASO,ES,Towers with Radar,0,6,68,2,76,0,0,118,0,118,0,6,186,2,194,125,0,125,319
08/02/2007,FPR,FL,ASO,ES,Towers with Radar,0,3,90,2,95,0,0,151,0,151,0,3,241,2,246,218,0,218,464
08/03/2007,FPR,FL,ASO,ES,Towers with Radar,0,2,57,0,59,0,0,207,0,207,0,2,264,0,266,222,0,222,488
08/04/2007,FPR,FL,ASO,ES,Towers with Radar,0,0,51,0,51,0,0,207,0,207,0,0,258,0,258,174,0,174,432
08/05/2007,FPR,FL,ASO,ES,Towers with Radar,0,1,66,0,67,0,0,132,0,132,0,1,198,0,199,31,0,31,230
08/06/2007,FPR,FL,ASO,ES,Towers with Radar,0,3,67,0,70,0,0,189,0,189,0,3,256,0,259,207,0,207,466
08/07/2007,FPR,FL,ASO,ES,Towers with Radar,0,1,50,3,54,0,0,189,3,192,0,1,239,6,246,224,0,224,470
08/08/2007,FPR,FL,ASO,ES,Towers with Radar,0,4,51,0,55,0,0,171,2,173,0,4,222,2,228,181,0,181,409
08/09/2007,FPR,FL,ASO,ES,Towers with Radar,0,1,69,0,70,0,0,184,0,184,0,1,253,0,254,170,0,170,424
08/10/2007,FPR,FL,ASO,ES,Towers with Radar,0,2,58,1,61,0,0,201,0,201,0,2,259,1,262,153,0,153,415
08/11/2007,FPR,FL,ASO,ES,Towers with Radar,0,1,41,0,42,0,0,199,0,199,0,1,240,0,241,94,0,94,335
08/12/2007,FPR,FL,ASO,ES,Towers with Radar,0,3,55,0,58,0,0,111,0,111,0,3,166,0,169,75,0,75,244
08/13/2007,FPR,FL,ASO,ES,Towers with Radar,0,0,54,0,54,0,1,175,0,176,0,1,229,0,230,148,0,148,378
08/14/2007,FPR,FL,ASO,ES,Towers with Radar,0,1,43,0,44,0,1,143,0,144,0,2,186,0,188,163,0,163,351
08/15/2007,FPR,FL,ASO,ES,Towers with Radar,0,1,41,0,42,0,0,169,0,169,0,1,210,0,211,217,0,217,428
08/16/2007,FPR,FL,ASO,ES,Towers with Radar,0,4,44,0,48,0,0,120,0,120,0,4,164,0,168,103,0,103,271
08/17/2007,FPR,FL,ASO,ES,Towers with Radar,0,2,43,0,45,0,0,178,0,178,0,2,221,0,223,126,0,126,349
08/18/2007,FPR,FL,ASO,ES,Towers with Radar,0,3,23,0,26,0,1,164,0,165,0,4,187,0,191,133,0,133,324
08/19/2007,FPR,FL,ASO,ES,Towers with Radar,0,2,42,0,44,0,0,105,0,105,0,2,147,0,149,16,0,16,165
08/20/2007,FPR,FL,ASO,ES,Towers with Radar,0,0,43,0,43,0,0,158,0,158,0,0,201,0,201,117,0,117,318
08/21/2007,FPR,FL,ASO,ES,Towers with Radar,0,2,31,0,33,0,1,91,0,92,0,3,122,0,125,56,0,56,181
08/22/2007,FPR,FL,ASO,ES,Towers with Radar,0,1,35,0,36,0,1,143,1,145,0,2,178,1,181,194,0,194,375
08/23/2007,FPR,FL,ASO,ES,Towers with Radar,0,1,53,0,54,0,0,178,0,178,0,1,231,0,232,167,0,167,399
08/24/2007,FPR,FL,ASO,ES,Towers with Radar,0,1,75,0,76,0,0,149,0,149,0,1,224,0,225,150,0,150,375
08/25/2007,FPR,FL,ASO,ES,Towers with Radar,0,3,24,0,27,0,0,144,0,144,0,3,168,0,171,118,0,118,289
08/26/2007,FPR,FL,ASO,ES,Towers with Radar,0,2,47,0,49,0,0,105,0,105,0,2,152,0,154,40,0,40,194
08/27/2007,FPR,FL,ASO,ES,Towers with Radar,0,2,52,0,54,0,0,196,0,196,0,2,248,0,250,234,0,234,484
08/28/2007,FPR,FL,ASO,ES,Towers with Radar,0,0,43,0,43,0,0,121,0,121,0,0,164,0,164,158,0,158,322
08/29/2007,FPR,FL,ASO,ES,Towers with Radar,0,2,44,1,47,0,0,98,2,100,0,2,142,3,147,90,0,90,237
08/30/2007,FPR,FL,ASO,ES,Towers with Radar,0,0,50,2,52,0,0,148,0,148,0,0,198,2,200,250,0,250,450
08/31/2007,FPR,FL,ASO,ES,Towers with Radar,0,1,62,0,63,0,0,130,0,130,0,1,192,0,193,237,0,237,430
09/01/2007,FPR,FL,ASO,ES,Towers with Radar,0,0,58,0,58,0,1,153,0,154,0,1,211,0,212,224,0,224,436
09/02/2007,FPR,FL,ASO,ES,Towers with Radar,0,0,22,0,22,0,0,83,0,83,0,0,105,0,105,33,0,33,138
09/03/2007,FPR,FL,ASO,ES,Towers with Radar,0,2,69,0,71,0,0,136,0,136,0,2,205,0,207,26,0,26,233
09/04/2007,FPR,FL,ASO,ES,Towers with Radar,0,0,50,0,50,0,0,169,0,169,0,0,219,0,219,200,0,200,419
09/05/2007,FPR,FL,ASO,ES,Towers with Radar,0,1,48,0,49,0,0,137,0,137,0,1,185,0,186,194,0,194,380
09/06/2007,FPR,FL,ASO,ES,Towers with Radar,0,2,60,0,62,0,0,164,2,166,0,2,224,2,228,246,0,246,474
09/07/2007,FPR,FL,ASO,ES,Towers with Radar,0,2,51,0,53,0,0,162,0,162,0,2,213,0,215,160,0,160,375
09/08/2007,FPR,FL,ASO,ES,Towers with Radar,0,1,39,0,40,0,0,120,0,120,0,1,159,0,160,161,0,161,321
09/09/2007,FPR,FL,ASO,ES,Towers with Radar,0,4,37,0,41,0,0,82,0,82,0,4,119,0,123,9,0,9,132
09/10/2007,FPR,FL,ASO,ES,Towers with Radar,0,0,51,2,53,0,0,105,0,105,0,0,156,2,158,256,0,256,414
09/11/2007,FPR,FL,ASO,ES,Towers with Radar,0,0,56,0,56,0,0,128,0,128,0,0,184,0,184,330,0,330,514
09/12/2007,FPR,FL,ASO,ES,Towers with Radar,0,0,52,2,54,0,1,137,0,138,0,1,189,2,192,269,0,269,461
09/13/2007,FPR,FL,ASO,ES,Towers with Radar,0,2,69,0,71,0,0,172,0,172,0,2,241,0,243,208,0,208,451
09/14/2007,FPR,FL,ASO,ES,Towers with Radar,0,0,49,0,49,0,0,173,0,173,0,0,222,0,222,247,0,247,469
09/15/2007,FPR,FL,ASO,ES,Towers with Radar,0,0,29,0,29,0,0,165,0,165,0,0,194,0,194,91,0,91,285
09/16/2007,FPR,FL,ASO,ES,Towers with Radar,0,0,30,0,30,0,0,129,0,129,0,0,159,0,159,27,0,27,186
09/17/2007,FPR,FL,ASO,ES,Towers with Radar,0,0,45,0,45,0,0,133,0,133,0,0,178,0,178,149,0,149,327
09/18/2007,FPR,FL,ASO,ES,Towers with Radar,0,0,37,0,37,0,0,101,0,101,0,0,138,0,138,120,0,120,258
09/19/2007,FPR,FL,ASO,ES,Towers with Radar,0,3,46,0,49,0,2,104,0,106,0,5,150,0,155,284,0,284,439
09/20/2007,FPR,FL,ASO,ES,Towers with Radar,0,0,67,0,67,0,0,162,0,162,0,0,229,0,229,192,0,192,421
09/21/2007,FPR,FL,ASO,ES,Towers with Radar,0,4,33,0,37,0,1,139,0,140,0,5,172,0,177,183,0,183,360
09/22/2007,FPR,FL,ASO,ES,Towers with Radar,0,3,25,0,28,0,0,184,0,184,0,3,209,0,212,179,0,179,391
09/23/2007,FPR,FL,ASO,ES,Towers with Radar,0,6,28,0,34,0,1,43,0,44,0,7,71,0,78,16,0,16,94
09/24/2007,FPR,FL,ASO,ES,Towers with Radar,0,0,45,0,45,0,1,150,0,151,0,1,195,0,196,219,0,219,415
09/25/2007,FPR,FL,ASO,ES,Towers with Radar,0,0,56,0,56,0,0,154,0,154,0,0,210,0,210,217,0,217,427
09/26/2007,FPR,FL,ASO,ES,Towers with Radar,0,0,45,0,45,0,0,69,0,69,0,0,114,0,114,178,0,178,292
09/27/2007,FPR,FL,ASO,ES,Towers with Radar,0,0,52,0,52,0,0,156,0,156,0,0,208,0,208,294,0,294,502
09/28/2007,FPR,FL,ASO,ES,Towers with Radar,0,0,53,0,53,0,0,210,0,210,0,0,263,0,263,145,0,145,408
09/29/2007,FPR,FL,ASO,ES,Towers with Radar,0,4,34,0,38,0,0,136,0,136,0,4,170,0,174,80,0,80,254
09/30/2007,FPR,FL,ASO,ES,Towers with Radar,0,1,26,0,27,0,0,28,0,28,0,1,54,0,55,6,0,6,61
10/01/2007,FPR,FL,ASO,ES,Towers with Radar,0,0,20,0,20,0,0,36,0,36,0,0,56,0,56,5,0,5,61
10/02/2007,FPR,FL,ASO,ES,Towers with Radar,0,1,78,0,79,0,0,140,0,140,0,1,218,0,219,262,0,262,481
10/03/2007,FPR,FL,ASO,ES,Towers with Radar,0,0,51,0,51,0,0,183,0,183,0,0,234,0,234,238,0,238,472
10/04/2007,FPR,FL,ASO,ES,Towers with Radar,0,0,48,0,48,0,0,185,0,185,0,0,233,0,233,225,0,225,458
10/05/2007,FPR,FL,ASO,ES,Towers with Radar,0,6,44,0,50,0,0,128,0,128,0,6,172,0,178,132,0,132,310
10/06/2007,FPR,FL,ASO,ES,Towers with Radar,0,1,57,0,58,0,0,107,0,107,0,1,164,0,165,211,0,211,376
10/07/2007,FPR,FL,ASO,ES,Towers with Radar,0,0,21,0,21,0,0,55,0,55,0,0,76,0,76,16,0,16,92
10/08/2007,FPR,FL,ASO,ES,Towers with Radar,0,0,45,0,45,0,2,172,0,174,0,2,217,0,219,270,0,270,489
10/09/2007,FPR,FL,ASO,ES,Towers with Radar,0,4,45,0,49,0,0,229,0,229,0,4,274,0,278,314,0,314,592
10/10/2007,FPR,FL,ASO,ES,Towers with Radar,0,3,63,0,66,0,0,250,0,250,0,3,313,0,316,300,0,300,616
10/11/2007,FPR,FL,ASO,ES,Towers with Radar,0,0,48,0,48,0,0,199,0,199,0,0,247,0,247,301,0,301,548
10/12/2007,FPR,FL,ASO,ES,Towers with Radar,0,1,54,0,55,0,1,205,0,206,0,2,259,0,261,297,0,297,558
10/13/2007,FPR,FL,ASO,ES,Towers with Radar,0,0,24,0,24,0,0,156,0,156,0,0,180,0,180,158,0,158,338
10/14/2007,FPR,FL,ASO,ES,Towers with Radar,0,0,47,0,47,0,0,106,0,106,0,0,153,0,153,18,0,18,171
10/15/2007,FPR,FL,ASO,ES,Towers with Radar,0,0,55,0,55,0,1,187,0,188,0,1,242,0,243,217,0,217,460
10/16/2007,FPR,FL,ASO,ES,Towers with Radar,0,1,55,0,56,0,0,180,0,180,0,1,235,0,236,248,0,248,484
10/17/2007,FPR,FL,ASO,ES,Towers with Radar,0,1,66,0,67,0,0,187,0,187,0,1,253,0,254,329,0,329,583
10/18/2007,FPR,FL,ASO,ES,Towers with Radar,0,1,67,0,68,0,0,241,0,241,0,1,308,0,309,230,0,230,539
10/19/2007,FPR,FL,ASO,ES,Towers with Radar,0,1,34,0,35,0,0,172,0,172,0,1,206,0,207,253,0,253,460
10/20/2007,FPR,FL,ASO,ES,Towers with Radar,0,2,39,0,41,0,0,98,0,98,0,2,137,0,139,168,0,168,307
10/21/2007,FPR,FL,ASO,ES,Towers with Radar,0,1,45,0,46,0,0,75,0,75,0,1,120,0,121,0,0,0,121
10/22/2007,FPR,FL,ASO,ES,Towers with Radar,0,0,48,0,48,0,0,233,0,233,0,0,281,0,281,238,0,238,519
10/23/2007,FPR,FL,ASO,ES,Towers with Radar,0,1,67,0,68,0,0,200,0,200,0,1,267,0,268,302,0,302,570
10/24/2007,FPR,FL,ASO,ES,Towers with Radar,0,2,55,0,57,0,0,154,0,154,0,2,209,0,211,160,0,160,371
10/25/2007,FPR,FL,ASO,ES,Towers with Radar,0,2,62,0,64,0,0,117,0,117,0,2,179,0,181,348,0,348,529
10/26/2007,FPR,FL,ASO,ES,Towers with Radar,0,5,59,0,64,0,0,117,0,117,0,5,176,0,181,382,0,382,563
10/27/2007,FPR,FL,ASO,ES,Towers with Radar,0,0,53,0,53,0,0,188,0,188,0,0,241,0,241,169,0,169,410
10/28/2007,FPR,FL,ASO,ES,Towers with Radar,0,2,55,0,57,0,0,75,0,75,0,2,130,0,132,50,0,50,182
10/29/2007,FPR,FL,ASO,ES,Towers with Radar,0,0,65,0,65,0,0,104,0,104,0,0,169,0,169,102,0,102,271
10/30/2007,FPR,FL,ASO,ES,Towers with Radar,0,1,25,0,26,0,0,16,0,16,0,1,41,0,42,4,0,4,46
10/31/2007,FPR,FL,ASO,ES,Towers with Radar,0,6,20,0,26,0,0,5,0,5,0,6,25,0,31,6,0,6,37
11/01/2007,FPR,FL,ASO,ES,Towers with Radar,0,1,41,0,42,0,0,33,0,33,0,1,74,0,75,45,0,45,120
11/02/2007,FPR,FL,ASO,ES,Towers with Radar,0,4,39,0,43,0,2,64,0,66,0,6,103,0,109,60,0,60,169
11/03/2007,FPR,FL,ASO,ES,Towers with Radar,0,3,30,0,33,0,0,219,0,219,0,3,249,0,252,120,0,120,372
11/04/2007,FPR,FL,ASO,ES,Towers with Radar,0,1,36,0,37,0,0,150,0,150,0,1,186,0,187,47,0,47,234
11/05/2007,FPR,FL,ASO,ES,Towers with Radar,0,0,54,0,54,0,0,247,0,247,0,0,301,0,301,297,0,297,598
11/06/2007,FPR,FL,ASO,ES,Towers with Radar,0,3,38,0,41,0,0,149,0,149,0,3,187,0,190,133,0,133,323
11/07/2007,FPR,FL,ASO,ES,Towers with Radar,0,0,40,0,40,0,16,264,0,280,0,16,304,0,320,292,0,292,612
11/08/2007,FPR,FL,ASO,ES,Towers with Radar,0,2,70,0,72,0,0,239,0,239,0,2,309,0,311,255,0,255,566
11/09/2007,FPR,FL,ASO,ES,Towers with Radar,0,4,35,0,39,0,0,237,2,239,0,4,272,2,278,240,0,240,518
11/10/2007,FPR,FL,ASO,ES,Towers with Radar,0,0,20,0,20,0,0,178,0,178,0,0,198,0,198,224,0,224,422
11/11/2007,FPR,FL,ASO,ES,Towers with Radar,0,4,40,0,44,0,0,141,0,141,0,4,181,0,185,77,0,77,262
11/12/2007,FPR,FL,ASO,ES,Towers with Radar,0,0,68,0,68,0,0,168,0,168,0,0,236,0,236,210,0,210,446
11/13/2007,FPR,FL,ASO,ES,Towers with Radar,0,1,53,0,54,0,0,183,0,183,0,1,236,0,237,241,0,241,478
11/14/2007,FPR,FL,ASO,ES,Towers with Radar,0,4,73,0,77,0,2,223,0,225,0,6,296,0,302,320,0,320,622
11/15/2007,FPR,FL,ASO,ES,Towers with Radar,0,5,41,0,46,0,0,195,0,195,0,5,236,0,241,325,0,325,566
11/16/2007,FPR,FL,ASO,ES,Towers with Radar,0,0,60,0,60,0,0,150,0,150,0,0,210,0,210,143,0,143,353
11/17/2007,FPR,FL,ASO,ES,Towers with Radar,0,1,72,0,73,0,0,224,0,224,0,1,296,0,297,243,0,243,540
11/18/2007,FPR,FL,ASO,ES,Towers with Radar,0,4,48,0,52,0,0,165,0,165,0,4,213,0,217,82,0,82,299
11/19/2007,FPR,FL,ASO,ES,Towers with Radar,0,3,68,0,71,0,1,149,0,150,0,4,217,0,221,218,0,218,439
11/20/2007,FPR,FL,ASO,ES,Towers with Radar,0,3,75,0,78,0,0,243,0,243,0,3,318,0,321,0,243,243,564
11/21/2007,FPR,FL,ASO,ES,Towers with Radar,0,2,64,0,66,0,0,255,0,255,0,2,319,0,321,220,0,220,541
11/22/2007,FPR,FL,ASO,ES,Towers with Radar,0,3,7,0,10,0,0,54,0,54,0,3,61,0,64,35,0,35,99
11/23/2007,FPR,FL,ASO,ES,Towers with Radar,0,1,40,0,41,0,1,150,0,151,0,2,190,0,192,223,0,223,415
11/24/2007,FPR,FL,ASO,ES,Towers with Radar,0,3,60,0,63,0,2,183,0,185,0,5,243,0,248,182,0,182,430
11/25/2007,FPR,FL,ASO,ES,Towers with Radar,0,2,103,0,105,0,1,125,0,126,0,3,228,0,231,41,0,41,272
11/26/2007,FPR,FL,ASO,ES,Towers with Radar,0,0,57,0,57,0,0,238,0,238,0,0,295,0,295,263,0,263,558
11/27/2007,FPR,FL,ASO,ES,Towers with Radar,0,6,46,0,52,0,0,187,0,187,0,6,233,0,239,234,0,234,473
11/28/2007,FPR,FL,ASO,ES,Towers with Radar,0,3,61,0,64,0,3,167,0,170,0,6,228,0,234,348,0,348,582
11/29/2007,FPR,FL,ASO,ES,Towers with Radar,0,5,50,0,55,0,0,234,0,234,0,5,284,0,289,254,0,254,543
11/30/2007,FPR,FL,ASO,ES,Towers with Radar,0,1,59,0,60,0,0,212,0,212,0,1,271,0,272,221,0,221,493
12/01/2007,FPR,FL,ASO,ES,Towers with Radar,0,3,75,0,78,0,1,142,0,143,0,4,217,0,221,159,0,159,380
12/02/2007,FPR,FL,ASO,ES,Towers with Radar,0,4,42,0,46,0,0,141,0,141,0,4,183,0,187,44,0,44,231
12/03/2007,FPR,FL,ASO,ES,Towers with Radar,0,0,46,0,46,0,0,193,4,197,0,0,239,4,243,164,0,164,407
12/04/2007,FPR,FL,ASO,ES,Towers with Radar,0,1,35,0,36,0,0,224,0,224,0,1,259,0,260,252,0,252,512
12/05/2007,FPR,FL,ASO,ES,Towers with Radar,0,3,43,0,46,0,0,215,0,215,0,3,258,0,261,250,0,250,511
12/06/2007,FPR,FL,ASO,ES,Towers with Radar,0,1,57,0,58,0,0,213,0,213,0,1,270,0,271,292,0,292,563
12/07/2007,FPR,FL,ASO,ES,Towers with Radar,0,5,69,0,74,0,0,228,0,228,0,5,297,0,302,233,0,233,535
12/08/2007,FPR,FL,ASO,ES,Towers with Radar,0,4,71,0,75,0,0,182,0,182,0,4,253,0,257,162,0,162,419
12/09/2007,FPR,FL,ASO,ES,Towers with Radar,0,2,52,0,54,0,0,111,0,111,0,2,163,0,165,76,0,76,241
12/10/2007,FPR,FL,ASO,ES,Towers with Radar,0,1,39,0,40,0,0,140,2,142,0,1,179,2,182,188,0,188,370
12/11/2007,FPR,FL,ASO,ES,Towers with Radar,0,2,33,0,35,0,0,237,0,237,0,2,270,0,272,249,0,249,521
12/12/2007,FPR,FL,ASO,ES,Towers with Radar,0,0,35,4,39,0,0,216,0,216,0,0,251,4,255,256,13,269,524
12/13/2007,FPR,FL,ASO,ES,Towers with Radar,0,0,38,0,38,0,0,196,0,196,0,0,234,0,234,273,0,273,507
12/14/2007,FPR,FL,ASO,ES,Towers with Radar,0,3,46,0,49,0,0,34,0,34,0,3,80,0,83,68,0,68,151
12/15/2007,FPR,FL,ASO,ES,Towers with Radar,0,5,41,0,46,0,0,152,0,152,0,5,193,0,198,129,0,129,327
12/16/2007,FPR,FL,ASO,ES,Towers with Radar,0,0,18,0,18,0,0,35,0,35,0,0,53,0,53,0,0,0,53
12/17/2007,FPR,FL,ASO,ES,Towers with Radar,0,2,29,0,31,0,0,189,0,189,0,2,218,0,220,176,0,176,396
12/18/2007,FPR,FL,ASO,ES,Towers with Radar,0,1,26,0,27,0,0,212,0,212,0,1,238,0,239,269,0,269,508
12/19/2007,FPR,FL,ASO,ES,Towers with Radar,0,4,42,0,46,0,0,259,0,259,0,4,301,0,305,179,0,179,484
12/20/2007,FPR,FL,ASO,ES,Towers with Radar,0,4,52,0,56,0,0,187,0,187,0,4,239,0,243,239,0,239,482
12/21/2007,FPR,FL,ASO,ES,Towers with Radar,0,3,43,0,46,0,0,189,0,189,0,3,232,0,235,110,0,110,345
12/22/2007,FPR,FL,ASO,ES,Towers with Radar,0,3,53,0,56,0,0,66,0,66,0,3,119,0,122,64,0,64,186
12/23/2007,FPR,FL,ASO,ES,Towers with Radar,0,1,36,0,37,0,0,109,0,109,0,1,145,0,146,48,0,48,194
12/24/2007,FPR,FL,ASO,ES,Towers with Radar,0,0,31,0,31,0,0,56,0,56,0,0,87,0,87,83,0,83,170
12/25/2007,FPR,FL,ASO,ES,Towers with Radar,0,0,8,0,8,0,0,17,0,17,0,0,25,0,25,0,0,0,25
12/26/2007,FPR,FL,ASO,ES,Towers with Radar,0,3,87,0,90,0,0,95,0,95,0,3,182,0,185,113,0,113,298
12/27/2007,FPR,FL,ASO,ES,Towers with Radar,0,1,60,0,61,0,0,227,0,227,0,1,287,0,288,176,0,176,464
12/28/2007,FPR,FL,ASO,ES,Towers with Radar,0,7,60,0,67,0,0,203,0,203,0,7,263,0,270,112,0,112,382
12/29/2007,FPR,FL,ASO,ES,Towers with Radar,0,1,75,0,76,0,0,170,0,170,0,1,245,0,246,105,0,105,351
12/30/2007,FPR,FL,ASO,ES,Towers with Radar,0,0,50,0,50,0,1,142,0,143,0,1,192,0,193,67,0,67,260
12/31/2007,FPR,FL,ASO,ES,Towers with Radar,0,1,49,0,50,0,0,120,0,120,0,1,169,0,170,84,0,84,254
01/01/2008,FPR,FL,ASO,ES,Towers with Radar,0,5,83,0,88,0,0,34,0,34,0,5,117,0,122,24,0,24,146
01/02/2008,FPR,FL,ASO,ES,Towers with Radar,0,1,79,0,80,0,0,137,0,137,0,1,216,0,217,86,0,86,303
01/03/2008,FPR,FL,ASO,ES,Towers with Radar,0,1,55,0,56,0,0,77,0,77,0,1,132,0,133,24,0,24,157
01/04/2008,FPR,FL,ASO,ES,Towers with Radar,0,3,61,0,64,0,0,118,0,118,0,3,179,0,182,191,0,191,373
01/05/2008,FPR,FL,ASO,ES,Towers with Radar,0,4,91,0,95,0,1,139,0,140,0,5,230,0,235,79,0,79,314
01/06/2008,FPR,FL,ASO,ES,Towers with Radar,0,0,56,0,56,0,1,135,0,136,0,1,191,0,192,60,0,60,252
01/07/2008,FPR,FL,ASO,ES,Towers with Radar,0,1,41,0,42,0,0,203,0,203,0,1,244,0,245,152,0,152,397
01/08/2008,FPR,FL,ASO,ES,Towers with Radar,0,1,65,0,66,0,1,191,0,192,0,2,256,0,258,191,0,191,449
01/09/2008,FPR,FL,ASO,ES,Towers with Radar,0,4,46,0,50,0,0,183,0,183,0,4,229,0,233,143,0,143,376
01/10/2008,FPR,FL,ASO,ES,Towers with Radar,0,4,51,0,55,0,0,225,0,225,0,4,276,0,280,169,0,169,449
01/11/2008,FPR,FL,ASO,ES,Towers with Radar,0,1,57,0,58,0,3,225,0,228,0,4,282,0,286,294,0,294,580
01/12/2008,FPR,FL,ASO,ES,Towers with Radar,0,4,47,0,51,0,2,167,0,169,0,6,214,0,220,88,0,88,308
01/13/2008,FPR,FL,ASO,ES,Towers with Radar,0,2,53,0,55,0,0,85,0,85,0,2,138,0,140,76,0,76,216
01/14/2008,FPR,FL,ASO,ES,Towers with Radar,0,0,31,0,31,0,2,221,0,223,0,2,252,0,254,242,0,242,496
01/15/2008,FPR,FL,ASO,ES,Towers with Radar,0,0,49,0,49,0,0,293,0,293,0,0,342,0,342,244,0,244,586
01/16/2008,FPR,FL,ASO,ES,Towers with Radar,0,3,50,0,53,0,1,159,0,160,0,4,209,0,213,147,0,147,360
01/17/2008,FPR,FL,ASO,ES,Towers with Radar,0,1,59,0,60,0,0,138,0,138,0,1,197,0,198,136,0,136,334
01/18/2008,FPR,FL,ASO,ES,Towers with Radar,0,6,101,0,107,0,0,36,0,36,0,6,137,0,143,32,0,32,175
01/19/2008,FPR,FL,ASO,ES,Towers with Radar,0,2,55,0,57,0,0,146,0,146,0,2,201,0,203,192,0,192,395
01/20/2008,FPR,FL,ASO,ES,Towers with Radar,0,7,55,0,62,0,0,27,0,27,0,7,82,0,89,25,0,25,114
01/21/2008,FPR,FL,ASO,ES,Towers with Radar,0,3,67,0,70,0,0,160,2,162,0,3,227,2,232,127,0,127,359
01/22/2008,FPR,FL,ASO,ES,Towers with Radar,0,2,50,0,52,0,0,214,0,214,0,2,264,0,266,237,0,237,503
01/23/2008,FPR,FL,ASO,ES,Towers with Radar,0,2,69,0,71,0,0,200,0,200,0,2,269,0,271,273,0,273,544
01/24/2008,FPR,FL,ASO,ES,Towers with Radar,0,2,88,0,90,0,1,79,0,80,0,3,167,0,170,100,0,100,270
01/25/2008,FPR,FL,ASO,ES,Towers with Radar,0,2,50,0,52,0,0,251,2,253,0,2,301,2,305,104,0,104,409
01/26/2008,FPR,FL,ASO,ES,Towers with Radar,0,3,45,0,48,0,0,246,2,248,0,3,291,2,296,249,0,249,545
01/27/2008,FPR,FL,ASO,ES,Towers with Radar,0,8,42,0,50,0,0,70,0,70,0,8,112,0,120,38,0,38,158
01/28/2008,FPR,FL,ASO,ES,Towers with Radar,0,4,51,0,55,0,1,230,0,231,0,5,281,0,286,231,0,231,517
01/29/2008,FPR,FL,ASO,ES,Towers with Radar,0,4,51,0,55,0,1,230,0,231,0,5,281,0,286,231,0,231,517
01/30/2008,FPR,FL,ASO,ES,Towers with Radar,0,2,29,0,31,0,1,267,0,268,0,3,296,0,299,247,0,247,546
01/31/2008,FPR,FL,ASO,ES,Towers with Radar,0,2,45,0,47,0,0,232,0,232,0,2,277,0,279,287,0,287,566
02/01/2008,FPR,FL,ASO,ES,Towers with Radar,0,3,46,0,49,0,0,228,0,228,0,3,274,0,277,209,0,209,486
02/02/2008,FPR,FL,ASO,ES,Towers with Radar,0,1,39,2,42,0,2,207,6,215,0,3,246,8,257,139,0,139,396
02/03/2008,FPR,FL,ASO,ES,Towers with Radar,0,1,42,0,43,0,1,171,0,172,0,2,213,0,215,69,0,69,284
02/04/2008,FPR,FL,ASO,ES,Towers with Radar,0,4,32,0,36,0,0,204,0,204,0,4,236,0,240,266,0,266,506
02/05/2008,FPR,FL,ASO,ES,Towers with Radar,0,1,42,1,44,0,4,199,1,204,0,5,241,2,248,300,0,300,548
02/06/2008,FPR,FL,ASO,ES,Towers with Radar,0,3,62,0,65,0,0,196,0,196,0,3,258,0,261,201,0,201,462
02/07/2008,FPR,FL,ASO,ES,Towers with Radar,0,2,53,0,55,0,2,216,0,218,0,4,269,0,273,220,0,220,493
02/08/2008,FPR,FL,ASO,ES,Towers with Radar,0,5,54,0,59,0,0,96,0,96,0,5,150,0,155,105,0,105,260
02/09/2008,FPR,FL,ASO,ES,Towers with Radar,0,0,85,0,85,0,0,187,0,187,0,0,272,0,272,206,0,206,478
02/10/2008,FPR,FL,ASO,ES,Towers with Radar,0,2,42,0,44,0,0,113,0,113,0,2,155,0,157,42,0,42,199
02/11/2008,FPR,FL,ASO,ES,Towers with Radar,0,1,48,0,49,0,0,231,0,231,0,1,279,0,280,231,0,231,511
02/12/2008,FPR,FL,ASO,ES,Towers with Radar,0,1,65,0,66,0,0,74,0,74,0,1,139,0,140,228,0,228,368
02/13/2008,FPR,FL,ASO,ES,Towers with Radar,0,5,45,0,50,0,0,76,0,76,0,5,121,0,126,203,0,203,329
02/14/2008,FPR,FL,ASO,ES,Towers with Radar,0,3,95,0,98,0,1,275,0,276,0,4,370,0,374,269,0,269,643
02/15/2008,FPR,FL,ASO,ES,Towers with Radar,0,4,72,0,76,0,1,233,0,234,0,5,305,0,310,198,0,198,508
02/16/2008,FPR,FL,ASO,ES,Towers with Radar,0,3,67,0,70,0,1,209,2,212,0,4,276,2,282,200,0,200,482
02/17/2008,FPR,FL,ASO,ES,Towers with Radar,0,2,75,0,77,0,0,162,0,162,0,2,237,0,239,119,0,119,358
02/18/2008,FPR,FL,ASO,ES,Towers with Radar,0,1,104,1,106,0,0,149,0,149,0,1,253,1,255,200,0,200,455
02/19/2008,FPR,FL,ASO,ES,Towers with Radar,0,2,77,0,79,0,1,224,0,225,0,3,301,0,304,282,0,282,586
02/20/2008,FPR,FL,ASO,ES,Towers with Radar,0,2,61,2,65,0,0,241,0,241,0,2,302,2,306,331,0,331,637
02/21/2008,FPR,FL,ASO,ES,Towers with Radar,0,2,88,0,90,0,0,151,0,151,0,2,239,0,241,154,0,154,395
02/22/2008,FPR,FL,ASO,ES,Towers with Radar,0,3,55,0,58,0,1,216,0,217,0,4,271,0,275,370,0,370,645
02/23/2008,FPR,FL,ASO,ES,Towers with Radar,0,3,64,0,67,0,1,230,0,231,0,4,294,0,298,149,0,149,447
02/24/2008,FPR,FL,ASO,ES,Towers with Radar,0,3,92,0,95,0,1,110,0,111,0,4,202,0,206,68,0,68,274
02/25/2008,FPR,FL,ASO,ES,Towers with Radar,0,5,70,2,77,0,0,218,0,218,0,5,288,2,295,254,0,254,549
02/26/2008,FPR,FL,ASO,ES,Towers with Radar,0,2,41,0,43,0,0,105,0,105,0,2,146,0,148,140,0,140,288
02/27/2008,FPR,FL,ASO,ES,Towers with Radar,0,4,53,1,58,0,1,189,0,190,0,5,242,1,248,279,0,279,527
02/28/2008,FPR,FL,ASO,ES,Towers with Radar,0,5,49,0,54,0,2,284,0,286,0,7,333,0,340,191,0,191,531
02/29/2008,FPR,FL,ASO,ES,Towers with Radar,0,9,81,0,90,0,0,303,0,303,0,9,384,0,393,244,0,244,637
03/01/2008,FPR,FL,ASO,ES,Towers with Radar,0,1,63,0,64,0,0,239,0,239,0,1,302,0,303,216,0,216,519
03/02/2008,FPR,FL,ASO,ES,Towers with Radar,0,7,73,0,80,0,1,164,0,165,0,8,237,0,245,117,0,117,362
03/03/2008,FPR,FL,ASO,ES,Towers with Radar,0,0,73,0,73,0,1,154,0,155,0,1,227,0,228,270,0,270,498
03/04/2008,FPR,FL,ASO,ES,Towers with Radar,0,2,45,0,47,0,1,144,0,145,0,3,189,0,192,368,0,368,560
03/05/2008,FPR,FL,ASO,ES,Towers with Radar,0,5,64,0,69,0,1,121,0,122,0,6,185,0,191,352,0,352,543
03/06/2008,FPR,FL,ASO,ES,Towers with Radar,0,4,80,0,84,0,0,152,0,152,0,4,232,0,236,223,0,223,459
03/07/2008,FPR,FL,ASO,ES,Towers with Radar,0,1,61,0,62,0,2,109,0,111,0,3,170,0,173,95,0,95,268
03/08/2008,FPR,FL,ASO,ES,Towers with Radar,0,5,76,2,83,0,1,76,0,77,0,6,152,2,160,55,0,55,215
03/09/2008,FPR,FL,ASO,ES,Towers with Radar,0,4,68,0,72,0,0,146,0,146,0,4,214,0,218,65,0,65,283
03/10/2008,FPR,FL,ASO,ES,Towers with Radar,0,4,53,0,57,0,1,262,0,263,0,5,315,0,320,292,0,292,612
03/11/2008,FPR,FL,ASO,ES,Towers with Radar,0,3,41,2,46,0,2,193,0,195,0,5,234,2,241,368,0,368,609
03/12/2008,FPR,FL,ASO,ES,Towers with Radar,0,3,71,0,74,0,2,129,0,131,0,5,200,0,205,353,0,353,558
03/13/2008,FPR,FL,ASO,ES,Towers with Radar,0,2,54,6,62,0,0,273,1,274,0,2,327,7,336,335,0,335,671
03/14/2008,FPR,FL,ASO,ES,Towers with Radar,0,5,71,0,76,0,2,234,0,236,0,7,305,0,312,287,0,287,599
03/15/2008,FPR,FL,ASO,ES,Towers with Radar,0,4,92,0,96,0,1,196,0,197,0,5,288,0,293,108,0,108,401
03/16/2008,FPR,FL,ASO,ES,Towers with Radar,0,0,77,0,77,0,1,129,0,130,0,1,206,0,207,89,0,89,296
03/17/2008,FPR,FL,ASO,ES,Towers with Radar,0,3,67,0,70,0,1,203,0,204,0,4,270,0,274,377,0,377,651
03/18/2008,FPR,FL,ASO,ES,Towers with Radar,0,2,86,0,88,0,2,143,0,145,0,4,229,0,233,340,0,340,573
03/19/2008,FPR,FL,ASO,ES,Towers with Radar,0,3,73,0,76,0,0,170,0,170,0,3,243,0,246,102,0,102,348
03/20/2008,FPR,FL,ASO,ES,Towers with Radar,0,0,56,0,56,0,0,72,0,72,0,0,128,0,128,206,0,206,334
03/21/2008,FPR,FL,ASO,ES,Towers with Radar,0,4,93,0,97,0,1,208,0,209,0,5,301,0,306,281,0,281,587
03/22/2008,FPR,FL,ASO,ES,Towers with Radar,0,3,142,0,145,0,0,106,0,106,0,3,248,0,251,227,0,227,478
03/23/2008,FPR,FL,ASO,ES,Towers with Radar,0,3,61,0,64,0,0,85,0,85,0,3,146,0,149,103,0,103,252
03/24/2008,FPR,FL,ASO,ES,Towers with Radar,0,2,71,0,73,0,2,117,0,119,0,4,188,0,192,162,0,162,354
03/25/2008,FPR,FL,ASO,ES,Towers with Radar,0,3,57,0,60,0,0,188,0,188,0,3,245,0,248,302,0,302,550
03/26/2008,FPR,FL,ASO,ES,Towers with Radar,0,1,90,0,91,0,2,230,0,232,0,3,320,0,323,346,0,346,669
03/27/2008,FPR,FL,ASO,ES,Towers with Radar,0,6,59,0,65,0,1,305,0,306,0,7,364,0,371,366,0,366,737
03/28/2008,FPR,FL,ASO,ES,Towers with Radar,0,5,102,0,107,0,0,235,0,235,0,5,337,0,342,317,0,317,659
03/29/2008,FPR,FL,ASO,ES,Towers with Radar,0,2,83,0,85,0,0,199,0,199,0,2,282,0,284,265,0,265,549
03/30/2008,FPR,FL,ASO,ES,Towers with Radar,0,8,55,2,65,0,1,133,0,134,0,9,188,2,199,175,0,175,374
03/31/2008,FPR,FL,ASO,ES,Towers with Radar,0,2,76,0,78,0,1,174,0,175,0,3,250,0,253,259,0,259,512
04/01/2008,FPR,FL,ASO,ES,Towers with Radar,0,5,75,0,80,0,0,163,0,163,0,5,238,0,243,268,0,268,511
04/02/2008,FPR,FL,ASO,ES,Towers with Radar,0,2,88,0,90,0,0,178,0,178,0,2,266,0,268,338,0,338,606
04/03/2008,FPR,FL,ASO,ES,Towers with Radar,0,2,62,0,64,0,1,272,0,273,0,3,334,0,337,284,0,284,621
04/04/2008,FPR,FL,ASO,ES,Towers with Radar,0,9,81,2,92,0,0,244,0,244,0,9,325,2,336,239,0,239,575
04/05/2008,FPR,FL,ASO,ES,Towers with Radar,0,4,74,0,78,0,0,208,0,208,0,4,282,0,286,122,0,122,408
04/06/2008,FPR,FL,ASO,ES,Towers with Radar,0,3,67,0,70,0,1,90,0,91,0,4,157,0,161,119,0,119,280
04/07/2008,FPR,FL,ASO,ES,Towers with Radar,0,3,100,0,103,0,0,197,0,197,0,3,297,0,300,307,0,307,607
04/08/2008,FPR,FL,ASO,ES,Towers with Radar,0,3,121,0,124,0,0,149,0,149,0,3,270,0,273,197,0,197,470
04/09/2008,FPR,FL,ASO,ES,Towers with Radar,0,0,97,0,97,0,1,238,0,239,0,1,335,0,336,216,0,216,552
04/10/2008,FPR,FL,ASO,ES,Towers with Radar,0,2,60,0,62,0,0,236,0,236,0,2,296,0,298,288,0,288,586
04/11/2008,FPR,FL,ASO,ES,Towers with Radar,0,2,70,0,72,0,0,277,1,278,0,2,347,1,350,203,0,203,553
04/12/2008,FPR,FL,ASO,ES,Towers with Radar,0,2,58,0,60,0,0,195,0,195,0,2,253,0,255,145,0,145,400
04/13/2008,FPR,FL,ASO,ES,Towers with Radar,0,6,70,0,76,0,0,89,0,89,0,6,159,0,165,45,0,45,210
04/14/2008,FPR,FL,ASO,ES,Towers with Radar,0,1,76,0,77,0,0,222,0,222,0,1,298,0,299,358,0,358,657
04/15/2008,FPR,FL,ASO,ES,Towers with Radar,0,5,50,0,55,0,2,208,0,210,0,7,258,0,265,233,0,233,498
04/16/2008,FPR,FL,ASO,ES,Towers with Radar,0,2,31,0,33,0,3,151,0,154,0,5,182,0,187,93,0,93,280
04/17/2008,FPR,FL,ASO,ES,Towers with Radar,0,4,75,0,79,0,0,258,0,258,0,4,333,0,337,326,0,326,663
04/18/2008,FPR,FL,ASO,ES,Towers with Radar,0,3,93,0,96,0,0,273,0,273,0,3,366,0,369,224,0,224,593
04/19/2008,FPR,FL,ASO,ES,Towers with Radar,0,3,59,0,62,0,1,220,0,221,0,4,279,0,283,202,0,202,485
04/20/2008,FPR,FL,ASO,ES,Towers with Radar,0,3,47,0,50,0,0,137,0,137,0,3,184,0,187,40,0,40,227
04/21/2008,FPR,FL,ASO,ES,Towers with Radar,0,1,69,0,70,0,1,176,14,191,0,2,245,14,261,238,0,238,499
04/22/2008,FPR,FL,ASO,ES,Towers with Radar,0,3,64,0,67,0,0,236,0,236,0,3,300,0,303,242,0,242,545
04/23/2008,FPR,FL,ASO,ES,Towers with Radar,0,3,67,0,70,0,0,191,0,191,0,3,258,0,261,228,0,228,489
04/24/2008,FPR,FL,ASO,ES,Towers with Radar,0,9,86,0,95,0,0,241,0,241,0,9,327,0,336,359,0,359,695
04/25/2008,FPR,FL,ASO,ES,Towers with Radar,0,3,62,0,65,0,0,221,0,221,0,3,283,0,286,287,0,287,573
04/26/2008,FPR,FL,ASO,ES,Towers with Radar,0,3,57,0,60,0,1,194,0,195,0,4,251,0,255,168,0,168,423
04/27/2008,FPR,FL,ASO,ES,Towers with Radar,0,1,60,0,61,0,0,140,0,140,0,1,200,0,201,31,0,31,232
04/28/2008,FPR,FL,ASO,ES,Towers with Radar,0,1,56,0,57,0,0,186,0,186,0,1,242,0,243,289,0,289,532
04/29/2008,FPR,FL,ASO,ES,Towers with Radar,0,4,73,0,77,0,0,100,0,100,0,4,173,0,177,182,0,182,359
04/30/2008,FPR,FL,ASO,ES,Towers with Radar,0,4,50,0,54,0,2,226,1,229,0,6,276,1,283,228,0,228,511
05/01/2008,FPR,FL,ASO,ES,Towers with Radar,0,5,97,0,102,0,0,183,0,183,0,5,280,0,285,286,0,286,571
05/02/2008,FPR,FL,ASO,ES,Towers with Radar,0,1,78,0,79,0,0,210,0,210,0,1,288,0,289,258,0,258,547
05/03/2008,FPR,FL,ASO,ES,Towers with Radar,0,1,52,0,53,0,2,137,0,139,0,3,189,0,192,146,0,146,338
05/04/2008,FPR,FL,ASO,ES,Towers with Radar,0,1,53,0,54,0,1,125,0,126,0,2,178,0,180,43,0,43,223
05/05/2008,FPR,FL,ASO,ES,Towers with Radar,0,1,56,0,57,0,0,205,0,205,0,1,261,0,262,274,0,274,536
05/06/2008,FPR,FL,ASO,ES,Towers with Radar,0,1,57,0,58,0,0,229,0,229,0,1,286,0,287,366,0,366,653
05/07/2008,FPR,FL,ASO,ES,Towers with Radar,0,1,70,0,71,0,2,222,0,224,0,3,292,0,295,259,0,259,554
05/08/2008,FPR,FL,ASO,ES,Towers with Radar,0,0,64,1,65,0,0,231,0,231,0,0,295,1,296,248,0,248,544
05/09/2008,FPR,FL,ASO,ES,Towers with Radar,0,3,78,0,81,0,0,147,0,147,0,3,225,0,228,270,0,270,498
05/10/2008,FPR,FL,ASO,ES,Towers with Radar,0,4,59,0,63,0,1,121,0,122,0,5,180,0,185,101,0,101,286
05/11/2008,FPR,FL,ASO,ES,Towers with Radar,0,4,47,0,51,0,2,95,0,97,0,6,142,0,148,18,0,18,166
05/12/2008,FPR,FL,ASO,ES,Towers with Radar,0,2,48,0,50,0,0,192,0,192,0,2,240,0,242,213,0,213,455
05/13/2008,FPR,FL,ASO,ES,Towers with Radar,0,3,80,0,83,0,1,173,0,174,0,4,253,0,257,207,0,207,464
05/14/2008,FPR,FL,ASO,ES,Towers with Radar,0,0,61,0,61,0,2,243,0,245,0,2,304,0,306,412,0,412,718
05/15/2008,FPR,FL,ASO,ES,Towers with Radar,0,1,78,0,79,0,1,182,0,183,0,2,260,0,262,266,0,266,528
05/16/2008,FPR,FL,ASO,ES,Towers with Radar,0,6,56,0,62,0,0,234,17,251,0,6,290,17,313,320,0,320,633
05/17/2008,FPR,FL,ASO,ES,Towers with Radar,0,1,74,0,75,0,0,112,0,112,0,1,186,0,187,218,0,218,405
05/18/2008,FPR,FL,ASO,ES,Towers with Radar,0,2,48,0,50,0,0,76,0,76,0,2,124,0,126,13,0,13,139
05/19/2008,FPR,FL,ASO,ES,Towers with Radar,0,1,51,0,52,0,1,84,0,85,0,2,135,0,137,171,0,171,308
05/20/2008,FPR,FL,ASO,ES,Towers with Radar,0,7,43,0,50,0,5,94,0,99,0,12,137,0,149,163,0,163,312
05/21/2008,FPR,FL,ASO,ES,Towers with Radar,0,1,53,0,54,0,0,168,0,168,0,1,221,0,222,212,0,212,434
05/22/2008,FPR,FL,ASO,ES,Towers with Radar,0,5,63,0,68,0,0,156,0,156,0,5,219,0,224,340,0,340,564
05/23/2008,FPR,FL,ASO,ES,Towers with Radar,0,3,62,0,65,0,0,232,0,232,0,3,294,0,297,352,0,352,649
05/24/2008,FPR,FL,ASO,ES,Towers with Radar,0,2,49,0,51,0,0,120,0,120,0,2,169,0,171,194,0,194,365
05/25/2008,FPR,FL,ASO,ES,Towers with Radar,0,2,32,0,34,0,1,120,0,121,0,3,152,0,155,24,0,24,179
05/26/2008,FPR,FL,ASO,ES,Towers with Radar,0,0,87,0,87,0,0,135,0,135,0,0,222,0,222,73,0,73,295
05/27/2008,FPR,FL,ASO,ES,Towers with Radar,0,1,62,0,63,0,0,217,0,217,0,1,279,0,280,277,0,277,557
05/28/2008,FPR,FL,ASO,ES,Towers with Radar,0,2,72,0,74,0,0,187,0,187,0,2,259,0,261,184,0,184,445
05/29/2008,FPR,FL,ASO,ES,Towers with Radar,0,4,66,0,70,0,0,197,0,197,0,4,263,0,267,243,0,243,510
05/30/2008,FPR,FL,ASO,ES,Towers with Radar,0,2,83,0,85,0,1,219,0,220,0,3,302,0,305,233,0,233,538
05/31/2008,FPR,FL,ASO,ES,Towers with Radar,0,2,70,0,72,0,1,222,0,223,0,3,292,0,295,237,0,237,532
06/01/2008,FPR,FL,ASO,ES,Towers with Radar,0,1,60,0,61,0,2,138,0,140,0,3,198,0,201,52,0,52,253
06/02/2008,FPR,FL,ASO,ES,Towers with Radar,0,0,55,0,55,0,0,166,0,166,0,0,221,0,221,263,0,263,484
06/03/2008,FPR,FL,ASO,ES,Towers with Radar,0,0,92,0,92,0,0,170,0,170,0,0,262,0,262,432,0,432,694
06/04/2008,FPR,FL,ASO,ES,Towers with Radar,0,0,68,0,68,0,0,235,0,235,0,0,303,0,303,320,0,320,623
06/05/2008,FPR,FL,ASO,ES,Towers with Radar,0,1,81,2,84,0,0,210,0,210,0,1,291,2,294,285,0,285,579
06/06/2008,FPR,FL,ASO,ES,Towers with Radar,0,1,55,0,56,0,1,181,0,182,0,2,236,0,238,216,0,216,454
06/07/2008,FPR,FL,ASO,ES,Towers with Radar,0,4,54,0,58,0,3,146,0,149,0,7,200,0,207,151,0,151,358
06/08/2008,FPR,FL,ASO,ES,Towers with Radar,0,0,66,0,66,0,0,150,0,150,0,0,216,0,216,39,0,39,255
06/09/2008,FPR,FL,ASO,ES,Towers with Radar,0,0,66,0,66,0,0,144,0,144,0,0,210,0,210,260,0,260,470
06/10/2008,FPR,FL,ASO,ES,Towers with Radar,0,4,73,0,77,0,0,223,0,223,0,4,296,0,300,347,0,347,647
06/11/2008,FPR,FL,ASO,ES,Towers with Radar,0,3,78,0,81,0,0,204,0,204,0,3,282,0,285,280,0,280,565
06/12/2008,FPR,FL,ASO,ES,Towers with Radar,0,4,50,0,54,0,0,162,2,164,0,4,212,2,218,289,0,289,507
06/13/2008,FPR,FL,ASO,ES,Towers with Radar,0,3,72,0,75,0,0,179,4,183,0,3,251,4,258,209,0,209,467
06/14/2008,FPR,FL,ASO,ES,Towers with Radar,0,1,91,0,92,0,0,221,0,221,0,1,312,0,313,139,0,139,452
06/15/2008,FPR,FL,ASO,ES,Towers with Radar,0,0,65,0,65,0,0,86,0,86,0,0,151,0,151,36,0,36,187
06/16/2008,FPR,FL,ASO,ES,Towers with Radar,0,1,62,0,63,0,0,128,0,128,0,1,190,0,191,269,0,269,460
06/17/2008,FPR,FL,ASO,ES,Towers with Radar,0,2,59,0,61,0,0,146,2,148,0,2,205,2,209,211,0,211,420
06/18/2008,FPR,FL,ASO,ES,Towers with Radar,0,1,62,0,63,0,0,114,0,114,0,1,176,0,177,234,0,234,411
06/19/2008,FPR,FL,ASO,ES,Towers with Radar,0,2,83,0,85,0,0,133,0,133,0,2,216,0,218,265,0,265,483
06/20/2008,FPR,FL,ASO,ES,Towers with Radar,0,3,46,0,49,0,0,221,0,221,0,3,267,0,270,182,0,182,452
06/21/2008,FPR,FL,ASO,ES,Towers with Radar,0,2,70,0,72,0,0,219,0,219,0,2,289,0,291,148,0,148,439
06/22/2008,FPR,FL,ASO,ES,Towers with Radar,0,2,65,0,67,0,1,150,0,151,0,3,215,0,218,34,0,34,252
06/23/2008,FPR,FL,ASO,ES,Towers with Radar,0,1,56,0,57,0,0,169,0,169,0,1,225,0,226,152,0,152,378
06/24/2008,FPR,FL,ASO,ES,Towers with Radar,0,0,90,0,90,0,0,220,0,220,0,0,310,0,310,304,0,304,614
06/25/2008,FPR,FL,ASO,ES,Towers with Radar,0,4,88,0,92,0,0,147,0,147,0,4,235,0,239,287,0,287,526
06/26/2008,FPR,FL,ASO,ES,Towers with Radar,0,2,50,0,52,0,0,91,0,91,0,2,141,0,143,98,0,98,241
06/27/2008,FPR,FL,ASO,ES,Towers with Radar,0,4,102,0,106,0,1,168,0,169,0,5,270,0,275,265,0,265,540
06/28/2008,FPR,FL,ASO,ES,Towers with Radar,0,2,67,0,69,0,0,138,0,138,0,2,205,0,207,120,0,120,327
06/29/2008,FPR,FL,ASO,ES,Towers with Radar,0,3,63,0,66,0,0,105,0,105,0,3,168,0,171,28,0,28,199
06/30/2008,FPR,FL,ASO,ES,Towers with Radar,0,2,66,0,68,0,0,161,0,161,0,2,227,0,229,267,0,267,496
07/01/2008,FPR,FL,ASO,ES,Towers with Radar,0,0,66,0,66,0,0,158,0,158,0,0,224,0,224,182,0,182,406
07/02/2008,FPR,FL,ASO,ES,Towers with Radar,0,3,54,0,57,0,0,165,0,165,0,3,219,0,222,240,0,240,462
07/03/2008,FPR,FL,ASO,ES,Towers with Radar,0,1,60,1,62,0,0,244,0,244,0,1,304,1,306,327,0,327,633
07/04/2008,FPR,FL,ASO,ES,Towers with Radar,0,1,35,0,36,0,0,99,0,99,0,1,134,0,135,47,0,47,182
07/05/2008,FPR,FL,ASO,ES,Towers with Radar,0,2,66,1,69,0,1,218,0,219,0,3,284,1,288,69,0,69,357
07/06/2008,FPR,FL,ASO,ES,Towers with Radar,0,2,57,0,59,0,0,92,0,92,0,2,149,0,151,54,0,54,205
07/07/2008,FPR,FL,ASO,ES,Towers with Radar,0,1,75,0,76,0,1,192,0,193,0,2,267,0,269,271,0,271,540
07/08/2008,FPR,FL,ASO,ES,Towers with Radar,0,4,97,0,101,0,0,177,0,177,0,4,274,0,278,223,0,223,501
07/09/2008,FPR,FL,ASO,ES,Towers with Radar,0,0,95,0,95,0,0,213,0,213,0,0,308,0,308,182,0,182,490
07/10/2008,FPR,FL,ASO,ES,Towers with Radar,0,1,66,0,67,0,0,175,0,175,0,1,241,0,242,250,0,250,492
07/11/2008,FPR,FL,ASO,ES,Towers with Radar,0,1,79,0,80,0,0,174,0,174,0,1,253,0,254,129,0,129,383
07/12/2008,FPR,FL,ASO,ES,Towers with Radar,0,1,40,0,41,0,0,111,0,111,0,1,151,0,152,182,0,182,334
07/13/2008,FPR,FL,ASO,ES,Towers with Radar,0,0,51,0,51,0,2,106,0,108,0,2,157,0,159,22,0,22,181
07/14/2008,FPR,FL,ASO,ES,Towers with Radar,0,2,54,0,56,0,0,155,0,155,0,2,209,0,211,238,0,238,449
07/15/2008,FPR,FL,ASO,ES,Towers with Radar,0,1,64,0,65,0,0,142,0,142,0,1,206,0,207,241,0,241,448
07/16/2008,FPR,FL,ASO,ES,Towers with Radar,0,1,65,0,66,0,0,128,0,128,0,1,193,0,194,156,0,156,350
07/17/2008,FPR,FL,ASO,ES,Towers with Radar,0,1,53,0,54,0,1,136,0,137,0,2,189,0,191,255,0,255,446
07/18/2008,FPR,FL,ASO,ES,Towers with Radar,0,5,82,0,87,0,3,183,0,186,0,8,265,0,273,289,0,289,562
07/19/2008,FPR,FL,ASO,ES,Towers with Radar,0,2,60,0,62,0,0,184,0,184,0,2,244,0,246,194,0,194,440
07/20/2008,FPR,FL,ASO,ES,Towers with Radar,0,2,63,0,65,0,1,153,0,154,0,3,216,0,219,24,0,24,243
07/21/2008,FPR,FL,ASO,ES,Towers with Radar,0,0,78,0,78,0,0,200,0,200,0,0,278,0,278,302,0,302,580
07/22/2008,FPR,FL,ASO,ES,Towers with Radar,0,1,57,0,58,0,0,152,0,152,0,1,209,0,210,301,0,301,511
07/23/2008,FPR,FL,ASO,ES,Towers with Radar,0,0,70,0,70,0,0,138,0,138,0,0,208,0,208,202,0,202,410
07/24/2008,FPR,FL,ASO,ES,Towers with Radar,0,3,94,0,97,0,0,210,0,210,0,3,304,0,307,305,0,305,612
07/25/2008,FPR,FL,ASO,ES,Towers with Radar,0,0,55,0,55,0,0,263,0,263,0,0,318,0,318,347,0,347,665
07/26/2008,FPR,FL,ASO,ES,Towers with Radar,0,1,69,0,70,0,0,214,0,214,0,1,283,0,284,237,0,237,521
07/27/2008,FPR,FL,ASO,ES,Towers with Radar,0,0,37,0,37,0,0,117,0,117,0,0,154,0,154,31,0,31,185
07/28/2008,FPR,FL,ASO,ES,Towers with Radar,0,2,84,0,86,0,0,147,0,147,0,2,231,0,233,116,0,116,349
07/29/2008,FPR,FL,ASO,ES,Towers with Radar,0,1,50,0,51,0,0,120,0,120,0,1,170,0,171,192,0,192,363
07/30/2008,FPR,FL,ASO,ES,Towers with Radar,0,5,57,0,62,0,0,185,0,185,0,5,242,0,247,212,0,212,459
07/31/2008,FPR,FL,ASO,ES,Towers with Radar,0,2,77,0,79,0,0,164,0,164,0,2,241,0,243,178,0,178,421
08/01/2008,FPR,FL,ASO,ES,Towers with Radar,0,2,53,0,55,0,0,188,0,188,0,2,241,0,243,141,0,141,384
08/02/2008,FPR,FL,ASO,ES,Towers with Radar,0,2,71,0,73,0,0,184,0,184,0,2,255,0,257,168,0,168,425
08/03/2008,FPR,FL,ASO,ES,Towers with Radar,0,1,63,0,64,0,1,113,0,114,0,2,176,0,178,64,0,64,242
08/04/2008,FPR,FL,ASO,ES,Towers with Radar,0,0,71,0,71,0,1,143,0,144,0,1,214,0,215,122,0,122,337
08/05/2008,FPR,FL,ASO,ES,Towers with Radar,0,2,84,0,86,0,0,162,0,162,0,2,246,0,248,214,0,214,462
08/06/2008,FPR,FL,ASO,ES,Towers with Radar,0,4,91,0,95,0,0,178,0,178,0,4,269,0,273,217,0,217,490
08/07/2008,FPR,FL,ASO,ES,Towers with Radar,0,2,56,0,58,0,1,210,0,211,0,3,266,0,269,247,0,247,516
08/08/2008,FPR,FL,ASO,ES,Towers with Radar,0,3,65,0,68,0,0,182,0,182,0,3,247,0,250,223,0,223,473
08/09/2008,FPR,FL,ASO,ES,Towers with Radar,0,3,58,0,61,0,0,145,0,145,0,3,203,0,206,105,0,105,311
08/10/2008,FPR,FL,ASO,ES,Towers with Radar,0,0,42,0,42,0,0,146,0,146,0,0,188,0,188,16,0,16,204
08/11/2008,FPR,FL,ASO,ES,Towers with Radar,0,2,76,0,78,0,0,182,0,182,0,2,258,0,260,197,0,197,457
08/12/2008,FPR,FL,ASO,ES,Towers with Radar,0,2,37,0,39,0,0,137,0,137,0,2,174,0,176,135,0,135,311
08/13/2008,FPR,FL,ASO,ES,Towers with Radar,0,4,62,0,66,0,0,165,0,165,0,4,227,0,231,249,0,249,480
08/14/2008,FPR,FL,ASO,ES,Towers with Radar,0,3,47,0,50,0,0,119,0,119,0,3,166,0,169,189,0,189,358
08/15/2008,FPR,FL,ASO,ES,Towers with Radar,0,2,56,0,58,0,0,143,0,143,0,2,199,0,201,240,0,240,441
08/16/2008,FPR,FL,ASO,ES,Towers with Radar,0,0,60,0,60,0,0,174,0,174,0,0,234,0,234,120,0,120,354
08/17/2008,FPR,FL,ASO,ES,Towers with Radar,0,4,45,0,49,0,0,128,0,128,0,4,173,0,177,28,0,28,205
08/18/2008,FPR,FL,ASO,ES,Towers with Radar,0,3,39,0,42,0,0,46,0,46,0,3,85,0,88,66,0,66,154
08/19/2008,FPR,FL,ASO,ES,Towers with Radar,0,0,0,0,0,0,0,0,0,0,0,0,0,0,0,0,0,0,0
08/20/2008,FPR,FL,ASO,ES,Towers with Radar,0,0,3,0,3,0,0,1,0,1,0,0,4,0,4,0,0,0,4
08/21/2008,FPR,FL,ASO,ES,Towers with Radar,0,3,21,0,24,0,2,12,0,14,0,5,33,0,38,13,0,13,51
08/22/2008,FPR,FL,ASO,ES,Towers with Radar,0,2,55,0,57,0,0,62,0,62,0,2,117,0,119,32,0,32,151
08/23/2008,FPR,FL,ASO,ES,Towers with Radar,0,2,62,0,64,0,1,174,0,175,0,3,236,0,239,143,0,143,382
08/24/2008,FPR,FL,ASO,ES,Towers with Radar,0,2,57,0,59,0,0,131,0,131,0,2,188,0,190,68,0,68,258
08/25/2008,FPR,FL,ASO,ES,Towers with Radar,0,3,82,0,85,0,0,114,0,114,0,3,196,0,199,144,0,144,343
08/26/2008,FPR,FL,ASO,ES,Towers with Radar,0,1,57,0,58,0,0,166,0,166,0,1,223,0,224,198,0,198,422
08/27/2008,FPR,FL,ASO,ES,Towers with Radar,0,2,89,0,91,0,1,168,0,169,0,3,257,0,260,227,0,227,487
08/28/2008,FPR,FL,ASO,ES,Towers with Radar,0,3,84,0,87,0,0,165,0,165,0,3,249,0,252,206,0,206,458
08/29/2008,FPR,FL,ASO,ES,Towers with Radar,0,3,81,0,84,0,0,179,0,179,0,3,260,0,263,214,0,214,477
08/30/2008,FPR,FL,ASO,ES,Towers with Radar,0,1,31,0,32,0,1,96,0,97,0,2,127,0,129,219,0,219,348
08/31/2008,FPR,FL,ASO,ES,Towers with Radar,0,2,42,0,44,0,3,54,0,57,0,5,96,0,101,76,0,76,177
09/01/2008,FPR,FL,ASO,ES,Towers with Radar,0,0,57,0,57,0,0,113,0,113,0,0,170,0,170,12,0,12,182
09/02/2008,FPR,FL,ASO,ES,Towers with Radar,0,4,75,0,79,0,0,157,0,157,0,4,232,0,236,184,0,184,420
09/03/2008,FPR,FL,ASO,ES,Towers with Radar,0,1,60,0,61,0,0,134,0,134,0,1,194,0,195,125,0,125,320
09/04/2008,FPR,FL,ASO,ES,Towers with Radar,0,1,51,0,52,0,0,112,0,112,0,1,163,0,164,120,0,120,284
09/05/2008,FPR,FL,ASO,ES,Towers with Radar,0,1,12,0,13,0,0,14,0,14,0,1,26,0,27,15,0,15,42
09/06/2008,FPR,FL,ASO,ES,Towers with Radar,0,0,47,0,47,0,0,223,0,223,0,0,270,0,270,131,0,131,401
09/07/2008,FPR,FL,ASO,ES,Towers with Radar,0,2,42,0,44,0,0,160,0,160,0,2,202,0,204,87,0,87,291
09/08/2008,FPR,FL,ASO,ES,Towers with Radar,0,2,29,0,31,0,1,114,0,115,0,3,143,0,146,124,0,124,270
09/09/2008,FPR,FL,ASO,ES,Towers with Radar,0,1,56,0,57,0,0,88,0,88,0,1,144,0,145,122,0,122,267
09/10/2008,FPR,FL,ASO,ES,Towers with Radar,0,0,43,0,43,0,0,81,0,81,0,0,124,0,124,135,0,135,259
09/11/2008,FPR,FL,ASO,ES,Towers with Radar,0,1,69,0,70,0,0,173,0,173,0,1,242,0,243,209,0,209,452
09/12/2008,FPR,FL,ASO,ES,Towers with Radar,0,1,103,0,104,0,0,163,0,163,0,1,266,0,267,245,0,245,512
09/13/2008,FPR,FL,ASO,ES,Towers with Radar,0,0,51,0,51,0,0,177,0,177,0,0,228,0,228,169,0,169,397
09/14/2008,FPR,FL,ASO,ES,Towers with Radar,0,1,60,0,61,0,2,136,0,138,0,3,196,0,199,91,0,91,290
09/15/2008,FPR,FL,ASO,ES,Towers with Radar,0,0,66,0,66,0,0,153,0,153,0,0,219,0,219,244,0,244,463
09/16/2008,FPR,FL,ASO,ES,Towers with Radar,0,3,76,0,79,0,0,180,0,180,0,3,256,0,259,201,0,201,460
09/17/2008,FPR,FL,ASO,ES,Towers with Radar,0,0,80,0,80,0,0,144,0,144,0,0,224,0,224,205,0,205,429
09/18/2008,FPR,FL,ASO,ES,Towers with Radar,0,1,76,0,77,0,0,118,0,118,0,1,194,0,195,182,0,182,377
09/19/2008,FPR,FL,ASO,ES,Towers with Radar,0,1,76,0,77,0,1,159,0,160,0,2,235,0,237,191,0,191,428
09/20/2008,FPR,FL,ASO,ES,Towers with Radar,0,0,76,0,76,0,0,162,0,162,0,0,238,0,238,103,0,103,341
09/21/2008,FPR,FL,ASO,ES,Towers with Radar,0,0,45,0,45,0,0,84,0,84,0,0,129,0,129,87,0,87,216
09/22/2008,FPR,FL,ASO,ES,Towers with Radar,0,0,69,0,69,0,1,162,0,163,0,1,231,0,232,177,0,177,409
09/23/2008,FPR,FL,ASO,ES,Towers with Radar,0,0,98,0,98,0,0,102,0,102,0,0,200,0,200,176,0,176,376
09/24/2008,FPR,FL,ASO,ES,Towers with Radar,0,3,50,0,53,0,0,33,0,33,0,3,83,0,86,10,0,10,96
09/25/2008,FPR,FL,ASO,ES,Towers with Radar,0,2,64,0,66,0,0,215,0,215,0,2,279,0,281,219,0,219,500
09/26/2008,FPR,FL,ASO,ES,Towers with Radar,0,1,74,0,75,0,0,185,0,185,0,1,259,0,260,267,0,267,527
09/27/2008,FPR,FL,ASO,ES,Towers with Radar,0,0,59,0,59,0,0,176,0,176,0,0,235,0,235,144,0,144,379
09/28/2008,FPR,FL,ASO,ES,Towers with Radar,0,1,52,0,53,0,0,94,0,94,0,1,146,0,147,28,0,28,175
09/29/2008,FPR,FL,ASO,ES,Towers with Radar,0,0,81,0,81,0,0,146,0,146,0,0,227,0,227,253,0,253,480
09/30/2008,FPR,FL,ASO,ES,Towers with Radar,0,3,114,0,117,0,0,59,0,59,0,3,173,0,176,139,0,139,315
10/01/2008,FPR,FL,ASO,ES,Towers with Radar,0,6,77,0,83,0,0,176,0,176,0,6,253,0,259,237,0,237,496
10/02/2008,FPR,FL,ASO,ES,Towers with Radar,0,3,98,0,101,0,0,189,0,189,0,3,287,0,290,253,0,253,543
10/03/2008,FPR,FL,ASO,ES,Towers with Radar,0,1,103,0,104,0,1,186,0,187,0,2,289,0,291,203,0,203,494
10/04/2008,FPR,FL,ASO,ES,Towers with Radar,0,2,57,0,59,0,0,84,0,84,0,2,141,0,143,150,0,150,293
10/05/2008,FPR,FL,ASO,ES,Towers with Radar,0,1,53,0,54,0,0,65,0,65,0,1,118,0,119,117,0,117,236
10/06/2008,FPR,FL,ASO,ES,Towers with Radar,0,0,92,0,92,0,0,106,0,106,0,0,198,0,198,309,0,309,507
10/07/2008,FPR,FL,ASO,ES,Towers with Radar,0,0,95,0,95,0,0,35,0,35,0,0,130,0,130,83,0,83,213
10/08/2008,FPR,FL,ASO,ES,Towers with Radar,0,3,74,0,77,0,2,105,0,107,0,5,179,0,184,216,0,216,400
10/09/2008,FPR,FL,ASO,ES,Towers with Radar,0,11,117,0,128,0,4,153,0,157,0,15,270,0,285,214,0,214,499
10/10/2008,FPR,FL,ASO,ES,Towers with Radar,0,4,105,0,109,0,2,189,0,191,0,6,294,0,300,170,0,170,470
10/11/2008,FPR,FL,ASO,ES,Towers with Radar,0,2,73,0,75,0,0,151,0,151,0,2,224,0,226,104,0,104,330
10/12/2008,FPR,FL,ASO,ES,Towers with Radar,0,0,46,0,46,0,0,114,0,114,0,0,160,0,160,55,0,55,215
10/13/2008,FPR,FL,ASO,ES,Towers with Radar,0,0,89,0,89,0,1,49,0,50,0,1,138,0,139,70,0,70,209
10/14/2008,FPR,FL,ASO,ES,Towers with Radar,0,1,121,0,122,0,0,123,0,123,0,1,244,0,245,95,0,95,340
10/15/2008,FPR,FL,ASO,ES,Towers with Radar,0,3,61,0,64,0,141,1,0,142,0,144,62,0,206,109,0,109,315
10/16/2008,FPR,FL,ASO,ES,Towers with Radar,0,2,68,0,70,0,0,215,0,215,0,2,283,0,285,223,0,223,508
10/17/2008,FPR,FL,ASO,ES,Towers with Radar,0,3,75,0,78,0,0,211,0,211,0,3,286,0,289,214,0,214,503
10/18/2008,FPR,FL,ASO,ES,Towers with Radar,0,1,35,0,36,0,0,134,0,134,0,1,169,0,170,105,0,105,275
10/19/2008,FPR,FL,ASO,ES,Towers with Radar,0,3,56,0,59,0,0,114,2,116,0,3,170,2,175,52,0,52,227
10/20/2008,FPR,FL,ASO,ES,Towers with Radar,0,3,77,0,80,0,0,167,0,167,0,3,244,0,247,141,0,141,388
10/21/2008,FPR,FL,ASO,ES,Towers with Radar,0,7,79,0,86,0,0,171,0,171,0,7,250,0,257,169,0,169,426
10/22/2008,FPR,FL,ASO,ES,Towers with Radar,0,4,87,0,91,0,0,123,0,123,0,4,210,0,214,164,0,164,378
10/23/2008,FPR,FL,ASO,ES,Towers with Radar,0,4,78,0,82,0,0,84,0,84,0,4,162,0,166,144,0,144,310
10/24/2008,FPR,FL,ASO,ES,Towers with Radar,0,2,93,0,95,0,0,52,0,52,0,2,145,0,147,93,0,93,240
10/25/2008,FPR,FL,ASO,ES,Towers with Radar,0,2,66,0,68,0,0,45,0,45,0,2,111,0,113,109,0,109,222
10/26/2008,FPR,FL,ASO,ES,Towers with Radar,0,2,53,0,55,0,1,128,0,129,0,3,181,0,184,84,0,84,268
10/27/2008,FPR,FL,ASO,ES,Towers with Radar,0,0,65,0,65,0,0,232,0,232,0,0,297,0,297,290,0,290,587
10/28/2008,FPR,FL,ASO,ES,Towers with Radar,0,2,63,0,65,0,0,132,0,132,0,2,195,0,197,198,0,198,395
10/29/2008,FPR,FL,ASO,ES,Towers with Radar,0,4,89,0,93,0,1,168,0,169,0,5,257,0,262,263,0,263,525
10/30/2008,FPR,FL,ASO,ES,Towers with Radar,0,4,63,0,67,0,0,182,0,182,0,4,245,0,249,190,0,190,439
10/31/2008,FPR,FL,ASO,ES,Towers with Radar,0,3,93,0,96,0,0,152,0,152,0,3,245,0,248,107,0,107,355
11/01/2008,FPR,FL,ASO,ES,Towers with Radar,0,1,38,0,39,0,1,71,0,72,0,2,109,0,111,152,0,152,263
11/02/2008,FPR,FL,ASO,ES,Towers with Radar,0,3,39,0,42,0,0,46,0,46,0,3,85,0,88,50,0,50,138
11/03/2008,FPR,FL,ASO,ES,Towers with Radar,0,1,73,0,74,0,1,132,0,133,0,2,205,0,207,248,0,248,455
11/04/2008,FPR,FL,ASO,ES,Towers with Radar,0,6,81,0,87,0,0,75,0,75,0,6,156,0,162,128,0,128,290
11/05/2008,FPR,FL,ASO,ES,Towers with Radar,0,7,84,0,91,0,1,180,0,181,0,8,264,0,272,219,0,219,491
11/06/2008,FPR,FL,ASO,ES,Towers with Radar,0,3,74,0,77,0,0,183,0,183,0,3,257,0,260,247,0,247,507
11/07/2008,FPR,FL,ASO,ES,Towers with Radar,0,2,82,2,86,0,1,191,0,192,0,3,273,2,278,180,0,180,458
11/08/2008,FPR,FL,ASO,ES,Towers with Radar,0,1,46,0,47,0,0,155,0,155,0,1,201,0,202,143,0,143,345
11/09/2008,FPR,FL,ASO,ES,Towers with Radar,0,3,35,4,42,0,2,89,0,91,0,5,124,4,133,74,0,74,207
11/10/2008,FPR,FL,ASO,ES,Towers with Radar,0,2,47,0,49,0,0,166,2,168,0,2,213,2,217,182,0,182,399
11/11/2008,FPR,FL,ASO,ES,Towers with Radar,0,5,72,0,77,0,1,150,0,151,0,6,222,0,228,266,0,266,494
11/12/2008,FPR,FL,ASO,ES,Towers with Radar,0,1,70,0,71,0,0,183,0,183,0,1,253,0,254,206,0,206,460
11/13/2008,FPR,FL,ASO,ES,Towers with Radar,0,3,77,0,80,0,4,157,0,161,0,7,234,0,241,295,0,295,536
11/14/2008,FPR,FL,ASO,ES,Towers with Radar,0,1,85,0,86,0,1,124,1,126,0,2,209,1,212,269,0,269,481
11/15/2008,FPR,FL,ASO,ES,Towers with Radar,0,1,50,0,51,0,0,119,1,120,0,1,169,1,171,32,0,32,203
11/16/2008,FPR,FL,ASO,ES,Towers with Radar,0,3,32,0,35,0,0,124,0,124,0,3,156,0,159,32,0,32,191
11/17/2008,FPR,FL,ASO,ES,Towers with Radar,0,4,89,0,93,0,0,159,0,159,0,4,248,0,252,203,0,203,455
11/18/2008,FPR,FL,ASO,ES,Towers with Radar,0,1,52,0,53,0,3,175,0,178,0,4,227,0,231,271,0,271,502
11/19/2008,FPR,FL,ASO,ES,Towers with Radar,0,0,45,0,45,0,0,164,0,164,0,0,209,0,209,204,0,204,413
11/20/2008,FPR,FL,ASO,ES,Towers with Radar,0,0,75,0,75,0,0,155,0,155,0,0,230,0,230,216,0,216,446
11/21/2008,FPR,FL,ASO,ES,Towers with Radar,0,2,84,0,86,0,0,169,0,169,0,2,253,0,255,217,0,217,472
11/22/2008,FPR,FL,ASO,ES,Towers with Radar,0,7,52,0,59,0,0,112,2,114,0,7,164,2,173,99,0,99,272
11/23/2008,FPR,FL,ASO,ES,Towers with Radar,0,3,55,0,58,0,0,152,0,152,0,3,207,0,210,68,0,68,278
11/24/2008,FPR,FL,ASO,ES,Towers with Radar,0,4,51,0,55,0,1,187,0,188,0,5,238,0,243,222,0,222,465
11/25/2008,FPR,FL,ASO,ES,Towers with Radar,0,2,54,0,56,0,0,185,0,185,0,2,239,0,241,283,0,283,524
11/26/2008,FPR,FL,ASO,ES,Towers with Radar,0,1,58,0,59,0,0,145,0,145,0,1,203,0,204,194,0,194,398
11/27/2008,FPR,FL,ASO,ES,Towers with Radar,0,0,7,0,7,0,0,37,0,37,0,0,44,0,44,0,0,0,44
11/28/2008,FPR,FL,ASO,ES,Towers with Radar,0,3,44,0,47,0,1,157,0,158,0,4,201,0,205,154,0,154,359
11/29/2008,FPR,FL,ASO,ES,Towers with Radar,0,2,57,0,59,0,1,184,0,185,0,3,241,0,244,101,0,101,345
11/30/2008,FPR,FL,ASO,ES,Towers with Radar,0,3,39,0,42,0,1,38,0,39,0,4,77,0,81,10,0,10,91
12/01/2008,FPR,FL,ASO,ES,Towers with Radar,0,4,67,0,71,0,1,117,0,118,0,5,184,0,189,178,0,178,367
12/02/2008,FPR,FL,ASO,ES,Towers with Radar,0,1,49,0,50,0,0,133,0,133,0,1,182,0,183,255,0,255,438
12/03/2008,FPR,FL,ASO,ES,Towers with Radar,0,2,58,0,60,0,0,137,0,137,0,2,195,0,197,131,0,131,328
12/04/2008,FPR,FL,ASO,ES,Towers with Radar,0,9,54,0,63,0,0,159,1,160,0,9,213,1,223,173,0,173,396
12/05/2008,FPR,FL,ASO,ES,Towers with Radar,0,1,72,0,73,0,1,174,2,177,0,2,246,2,250,278,0,278,528
12/06/2008,FPR,FL,ASO,ES,Towers with Radar,0,2,46,0,48,0,0,170,0,170,0,2,216,0,218,107,0,107,325
12/07/2008,FPR,FL,ASO,ES,Towers with Radar,0,4,46,0,50,0,0,117,0,117,0,4,163,0,167,26,0,26,193
12/08/2008,FPR,FL,ASO,ES,Towers with Radar,0,5,62,0,67,0,1,124,0,125,0,6,186,0,192,106,0,106,298
12/09/2008,FPR,FL,ASO,ES,Towers with Radar,0,1,51,0,52,0,1,109,0,110,0,2,160,0,162,137,0,137,299
12/10/2008,FPR,FL,ASO,ES,Towers with Radar,0,2,66,0,68,0,0,147,0,147,0,2,213,0,215,121,0,121,336
12/11/2008,FPR,FL,ASO,ES,Towers with Radar,0,3,53,0,56,0,0,34,0,34,0,3,87,0,90,35,0,35,125
12/12/2008,FPR,FL,ASO,ES,Towers with Radar,0,1,47,0,48,0,0,131,0,131,0,1,178,0,179,127,0,127,306
12/13/2008,FPR,FL,ASO,ES,Towers with Radar,0,2,50,0,52,0,0,120,0,120,0,2,170,0,172,79,0,79,251
12/14/2008,FPR,FL,ASO,ES,Towers with Radar,0,1,56,0,57,0,0,102,0,102,0,1,158,0,159,26,0,26,185
12/15/2008,FPR,FL,ASO,ES,Towers with Radar,0,1,52,0,53,0,0,118,0,118,0,1,170,0,171,216,0,216,387
12/16/2008,FPR,FL,ASO,ES,Towers with Radar,0,2,60,0,62,0,1,112,0,113,0,3,172,0,175,271,0,271,446
12/17/2008,FPR,FL,ASO,ES,Towers with Radar,0,0,95,0,95,0,0,154,0,154,0,0,249,0,249,147,0,147,396
12/18/2008,FPR,FL,ASO,ES,Towers with Radar,0,5,87,0,92,0,1,122,0,123,0,6,209,0,215,122,0,122,337
12/19/2008,FPR,FL,ASO,ES,Towers with Radar,0,2,65,0,67,0,0,152,0,152,0,2,217,0,219,111,0,111,330
12/20/2008,FPR,FL,ASO,ES,Towers with Radar,0,3,38,0,41,0,2,115,0,117,0,5,153,0,158,122,0,122,280
12/21/2008,FPR,FL,ASO,ES,Towers with Radar,0,0,29,0,29,0,0,108,0,108,0,0,137,0,137,28,0,28,165
12/22/2008,FPR,FL,ASO,ES,Towers with Radar,0,1,42,0,43,0,0,78,0,78,0,1,120,0,121,34,0,34,155
12/23/2008,FPR,FL,ASO,ES,Towers with Radar,0,0,68,0,68,0,1,63,0,64,0,1,131,0,132,36,0,36,168
12/24/2008,FPR,FL,ASO,ES,Towers with Radar,0,1,35,0,36,0,0,49,0,49,0,1,84,0,85,42,0,42,127
12/25/2008,FPR,FL,ASO,ES,Towers with Radar,0,2,24,0,26,0,1,8,0,9,0,3,32,0,35,0,0,0,35
12/26/2008,FPR,FL,ASO,ES,Towers with Radar,0,5,57,0,62,0,0,103,0,103,0,5,160,0,165,72,0,72,237
12/27/2008,FPR,FL,ASO,ES,Towers with Radar,0,7,91,0,98,0,0,103,0,103,0,7,194,0,201,57,0,57,258
12/28/2008,FPR,FL,ASO,ES,Towers with Radar,0,3,44,0,47,0,0,90,0,90,0,3,134,0,137,12,0,12,149
12/29/2008,FPR,FL,ASO,ES,Towers with Radar,0,3,41,0,44,0,1,83,0,84,0,4,124,0,128,117,0,117,245
12/30/2008,FPR,FL,ASO,ES,Towers with Radar,0,8,50,0,58,0,0,126,0,126,0,8,176,0,184,74,0,74,258
12/31/2008,FPR,FL,ASO,ES,Towers with Radar,0,2,31,0,33,0,0,120,0,120,0,2,151,0,153,73,0,73,226
01/01/2009,FPR,FL,ASO,ES,Towers with Radar,0,5,26,0,31,0,0,40,0,40,0,5,66,0,71,21,0,21,92
01/02/2009,FPR,FL,ASO,ES,Towers with Radar,0,3,69,0,72,0,0,107,0,107,0,3,176,0,179,47,0,47,226
01/03/2009,FPR,FL,ASO,ES,Towers with Radar,0,4,98,0,102,0,0,172,0,172,0,4,270,0,274,113,0,113,387
01/04/2009,FPR,FL,ASO,ES,Towers with Radar,0,4,78,0,82,0,2,137,0,139,0,6,215,0,221,21,0,21,242
01/05/2009,FPR,FL,ASO,ES,Towers with Radar,0,2,60,0,62,0,2,121,0,123,0,4,181,0,185,106,0,106,291
01/06/2009,FPR,FL,ASO,ES,Towers with Radar,0,3,37,0,40,0,4,81,0,85,0,7,118,0,125,142,0,142,267
01/07/2009,FPR,FL,ASO,ES,Towers with Radar,0,3,31,0,34,0,4,37,0,41,0,7,68,0,75,49,0,49,124
01/08/2009,FPR,FL,ASO,ES,Towers with Radar,0,2,46,0,48,0,1,132,2,135,0,3,178,2,183,156,0,156,339
01/09/2009,FPR,FL,ASO,ES,Towers with Radar,0,0,50,0,50,0,0,108,0,108,0,0,158,0,158,111,0,111,269
01/10/2009,FPR,FL,ASO,ES,Towers with Radar,0,3,34,0,37,0,0,119,0,119,0,3,153,0,156,100,0,100,256
01/11/2009,FPR,FL,ASO,ES,Towers with Radar,0,1,40,0,41,0,0,61,0,61,0,1,101,0,102,58,0,58,160
01/12/2009,FPR,FL,ASO,ES,Towers with Radar,0,0,40,0,40,0,0,48,0,48,0,0,88,0,88,86,0,86,174
01/13/2009,FPR,FL,ASO,ES,Towers with Radar,0,4,46,2,52,0,2,30,0,32,0,6,76,2,84,53,0,53,137
01/14/2009,FPR,FL,ASO,ES,Towers with Radar,0,1,43,0,44,0,0,150,0,150,0,1,193,0,194,137,0,137,331
01/15/2009,FPR,FL,ASO,ES,Towers with Radar,0,1,55,0,56,0,0,135,0,135,0,1,190,0,191,118,0,118,309
01/16/2009,FPR,FL,ASO,ES,Towers with Radar,0,4,38,0,42,0,1,124,0,125,0,5,162,0,167,54,0,54,221
01/17/2009,FPR,FL,ASO,ES,Towers with Radar,0,3,22,0,25,0,0,124,0,124,0,3,146,0,149,29,0,29,178
01/18/2009,FPR,FL,ASO,ES,Towers with Radar,0,2,34,0,36,0,0,100,0,100,0,2,134,0,136,6,0,6,142
01/19/2009,FPR,FL,ASO,ES,Towers with Radar,0,4,39,0,43,0,0,89,0,89,0,4,128,0,132,86,0,86,218
01/20/2009,FPR,FL,ASO,ES,Towers with Radar,0,0,30,0,30,0,0,114,0,114,0,0,144,0,144,62,0,62,206
01/21/2009,FPR,FL,ASO,ES,Towers with Radar,0,2,44,0,46,0,0,119,0,119,0,2,163,0,165,83,0,83,248
01/22/2009,FPR,FL,ASO,ES,Towers with Radar,0,3,45,0,48,0,0,173,0,173,0,3,218,0,221,155,0,155,376
01/23/2009,FPR,FL,ASO,ES,Towers with Radar,0,4,64,0,68,0,1,160,0,161,0,5,224,0,229,77,0,77,306
01/24/2009,FPR,FL,ASO,ES,Towers with Radar,0,1,50,0,51,0,0,147,0,147,0,1,197,0,198,74,0,74,272
01/25/2009,FPR,FL,ASO,ES,Towers with Radar,0,1,67,0,68,0,0,113,0,113,0,1,180,0,181,19,0,19,200
01/26/2009,FPR,FL,ASO,ES,Towers with Radar,0,1,46,0,47,0,0,155,0,155,0,1,201,0,202,135,0,135,337
01/27/2009,FPR,FL,ASO,ES,Towers with Radar,0,1,65,0,66,0,0,117,0,117,0,1,182,0,183,92,0,92,275
01/28/2009,FPR,FL,ASO,ES,Towers with Radar,0,0,68,0,68,0,4,130,0,134,0,4,198,0,202,95,0,95,297
01/29/2009,FPR,FL,ASO,ES,Towers with Radar,0,8,46,0,54,0,1,114,0,115,0,9,160,0,169,69,0,69,238
01/30/2009,FPR,FL,ASO,ES,Towers with Radar,0,4,52,0,56,0,1,32,0,33,0,5,84,0,89,57,0,57,146
01/31/2009,FPR,FL,ASO,ES,Towers with Radar,0,2,42,0,44,0,6,177,0,183,0,8,219,0,227,122,0,122,349
02/01/2009,FPR,FL,ASO,ES,Towers with Radar,0,3,48,0,51,0,2,106,0,108,0,5,154,0,159,56,0,56,215
02/02/2009,FPR,FL,ASO,ES,Towers with Radar,0,1,58,0,59,0,0,62,0,62,0,1,120,0,121,69,0,69,190
02/03/2009,FPR,FL,ASO,ES,Towers with Radar,0,5,54,1,60,0,0,111,5,116,0,5,165,6,176,100,0,100,276
02/04/2009,FPR,FL,ASO,ES,Towers with Radar,0,3,60,0,63,0,2,132,0,134,0,5,192,0,197,95,0,95,292
02/05/2009,FPR,FL,ASO,ES,Towers with Radar,0,4,38,0,42,0,1,152,0,153,0,5,190,0,195,96,0,96,291
02/06/2009,FPR,FL,ASO,ES,Towers with Radar,0,3,67,7,77,0,2,174,4,180,0,5,241,11,257,142,4,146,403
02/07/2009,FPR,FL,ASO,ES,Towers with Radar,0,4,58,0,62,0,0,146,0,146,0,4,204,0,208,170,0,170,378
02/08/2009,FPR,FL,ASO,ES,Towers with Radar,0,6,88,0,94,0,3,110,0,113,0,9,198,0,207,43,0,43,250
02/09/2009,FPR,FL,ASO,ES,Towers with Radar,0,1,68,0,69,0,0,135,0,135,0,1,203,0,204,193,0,193,397
02/10/2009,FPR,FL,ASO,ES,Towers with Radar,0,2,61,0,63,0,2,121,0,123,0,4,182,0,186,130,0,130,316
02/11/2009,FPR,FL,ASO,ES,Towers with Radar,0,1,95,0,96,0,0,147,0,147,0,1,242,0,243,191,0,191,434
02/12/2009,FPR,FL,ASO,ES,Towers with Radar,0,4,60,0,64,0,1,134,0,135,0,5,194,0,199,216,0,216,415
02/13/2009,FPR,FL,ASO,ES,Towers with Radar,0,5,79,0,84,0,1,137,0,138,0,6,216,0,222,139,0,139,361
02/14/2009,FPR,FL,ASO,ES,Towers with Radar,0,3,63,0,66,0,0,109,0,109,0,3,172,0,175,79,0,79,254
02/15/2009,FPR,FL,ASO,ES,Towers with Radar,0,4,73,0,77,0,1,89,0,90,0,5,162,0,167,36,0,36,203
02/16/2009,FPR,FL,ASO,ES,Towers with Radar,0,8,78,0,86,0,0,141,0,141,0,8,219,0,227,126,0,126,353
02/17/2009,FPR,FL,ASO,ES,Towers with Radar,0,3,59,0,62,0,0,154,0,154,0,3,213,0,216,202,0,202,418
02/18/2009,FPR,FL,ASO,ES,Towers with Radar,0,2,78,0,80,0,1,169,0,170,0,3,247,0,250,139,0,139,389
02/19/2009,FPR,FL,ASO,ES,Towers with Radar,0,5,42,0,47,0,0,86,0,86,0,5,128,0,133,78,0,78,211
02/20/2009,FPR,FL,ASO,ES,Towers with Radar,0,3,70,0,73,0,0,192,0,192,0,3,262,0,265,120,0,120,385
02/21/2009,FPR,FL,ASO,ES,Towers with Radar,0,2,67,0,69,0,1,194,0,195,0,3,261,0,264,154,0,154,418
02/22/2009,FPR,FL,ASO,ES,Towers with Radar,0,4,47,0,51,0,2,137,0,139,0,6,184,0,190,64,0,64,254
02/23/2009,FPR,FL,ASO,ES,Towers with Radar,0,1,42,0,43,0,0,138,0,138,0,1,180,0,181,152,0,152,333
02/24/2009,FPR,FL,ASO,ES,Towers with Radar,0,5,80,0,85,0,179,0,0,179,0,184,80,0,264,169,0,169,433
02/25/2009,FPR,FL,ASO,ES,Towers with Radar,0,2,60,0,62,0,0,135,0,135,0,2,195,0,197,198,0,198,395
02/26/2009,FPR,FL,ASO,ES,Towers with Radar,0,2,91,0,93,0,3,138,0,141,0,5,229,0,234,152,0,152,386
02/27/2009,FPR,FL,ASO,ES,Towers with Radar,0,6,54,1,61,0,1,195,7,203,0,7,249,8,264,132,0,132,396
02/28/2009,FPR,FL,ASO,ES,Towers with Radar,0,7,39,0,46,0,2,137,0,139,0,9,176,0,185,65,0,65,250
03/01/2009,FPR,FL,ASO,ES,Towers with Radar,0,8,38,0,46,0,0,41,2,43,0,8,79,2,89,40,0,40,129
03/02/2009,FPR,FL,ASO,ES,Towers with Radar,0,6,54,0,60,0,1,120,0,121,0,7,174,0,181,154,0,154,335
03/03/2009,FPR,FL,ASO,ES,Towers with Radar,0,3,50,0,53,0,1,151,0,152,0,4,201,0,205,106,0,106,311
03/04/2009,FPR,FL,ASO,ES,Towers with Radar,0,6,53,0,59,0,4,144,0,148,0,10,197,0,207,151,0,151,358
03/05/2009,FPR,FL,ASO,ES,Towers with Radar,0,1,78,0,79,0,0,155,0,155,0,1,233,0,234,150,0,150,384
03/06/2009,FPR,FL,ASO,ES,Towers with Radar,0,4,52,0,56,0,0,162,2,164,0,4,214,2,220,122,0,122,342
03/07/2009,FPR,FL,ASO,ES,Towers with Radar,0,7,75,0,82,0,3,210,0,213,0,10,285,0,295,88,0,88,383
03/08/2009,FPR,FL,ASO,ES,Towers with Radar,0,4,60,0,64,0,0,97,0,97,0,4,157,0,161,21,0,21,182
03/09/2009,FPR,FL,ASO,ES,Towers with Radar,0,4,54,0,58,0,1,158,0,159,0,5,212,0,217,220,0,220,437
03/10/2009,FPR,FL,ASO,ES,Towers with Radar,0,2,54,0,56,0,1,188,0,189,0,3,242,0,245,231,0,231,476
03/11/2009,FPR,FL,ASO,ES,Towers with Radar,0,2,52,0,54,0,1,148,0,149,0,3,200,0,203,191,0,191,394
03/12/2009,FPR,FL,ASO,ES,Towers with Radar,0,3,74,0,77,0,0,131,2,133,0,3,205,2,210,150,1,151,361
03/13/2009,FPR,FL,ASO,ES,Towers with Radar,0,8,60,0,68,0,1,134,0,135,0,9,194,0,203,277,0,277,480
03/14/2009,FPR,FL,ASO,ES,Towers with Radar,0,5,88,0,93,0,0,84,0,84,0,5,172,0,177,83,0,83,260
03/15/2009,FPR,FL,ASO,ES,Towers with Radar,0,2,70,2,74,0,2,117,0,119,0,4,187,2,193,27,0,27,220
03/16/2009,FPR,FL,ASO,ES,Towers with Radar,0,1,56,0,57,0,0,125,1,126,0,1,181,1,183,143,0,143,326
03/17/2009,FPR,FL,ASO,ES,Towers with Radar,0,2,54,0,56,0,0,134,0,134,0,2,188,0,190,100,0,100,290
03/18/2009,FPR,FL,ASO,ES,Towers with Radar,0,5,73,0,78,0,0,125,0,125,0,5,198,0,203,97,0,97,300
03/19/2009,FPR,FL,ASO,ES,Towers with Radar,0,1,83,0,84,0,0,71,0,71,0,1,154,0,155,230,0,230,385
03/20/2009,FPR,FL,ASO,ES,Towers with Radar,0,6,76,0,82,0,0,150,0,150,0,6,226,0,232,199,0,199,431
03/21/2009,FPR,FL,ASO,ES,Towers with Radar,0,6,77,0,83,0,0,34,0,34,0,6,111,0,117,17,0,17,134
03/22/2009,FPR,FL,ASO,ES,Towers with Radar,0,4,45,0,49,0,0,83,0,83,0,4,128,0,132,42,0,42,174
03/23/2009,FPR,FL,ASO,ES,Towers with Radar,0,4,60,0,64,0,0,165,0,165,0,4,225,0,229,151,0,151,380
03/24/2009,FPR,FL,ASO,ES,Towers with Radar,0,6,54,0,60,0,2,156,0,158,0,8,210,0,218,160,0,160,378
03/25/2009,FPR,FL,ASO,ES,Towers with Radar,0,3,59,0,62,0,0,149,0,149,0,3,208,0,211,84,0,84,295
03/26/2009,FPR,FL,ASO,ES,Towers with Radar,0,2,68,0,70,0,0,134,0,134,0,2,202,0,204,170,0,170,374
03/27/2009,FPR,FL,ASO,ES,Towers with Radar,0,10,58,0,68,0,0,127,0,127,0,10,185,0,195,155,0,155,350
03/28/2009,FPR,FL,ASO,ES,Towers with Radar,0,2,68,0,70,0,1,86,0,87,0,3,154,0,157,54,0,54,211
03/29/2009,FPR,FL,ASO,ES,Towers with Radar,0,0,56,0,56,0,0,9,0,9,0,0,65,0,65,20,0,20,85
03/30/2009,FPR,FL,ASO,ES,Towers with Radar,0,2,90,0,92,0,3,182,0,185,0,5,272,0,277,194,0,194,471
03/31/2009,FPR,FL,ASO,ES,Towers with Radar,0,3,73,0,76,0,0,96,0,96,0,3,169,0,172,163,0,163,335
04/01/2009,FPR,FL,ASO,ES,Towers with Radar,0,2,64,0,66,0,1,125,0,126,0,3,189,0,192,128,0,128,320
04/02/2009,FPR,FL,ASO,ES,Towers with Radar,0,9,41,0,50,0,0,141,0,141,0,9,182,0,191,153,0,153,344
04/03/2009,FPR,FL,ASO,ES,Towers with Radar,0,5,40,2,47,0,1,36,0,37,0,6,76,2,84,33,0,33,117
04/04/2009,FPR,FL,ASO,ES,Towers with Radar,0,2,85,0,87,0,2,207,0,209,0,4,292,0,296,122,0,122,418
04/05/2009,FPR,FL,ASO,ES,Towers with Radar,0,6,55,0,61,0,2,123,0,125,0,8,178,0,186,96,0,96,282
04/06/2009,FPR,FL,ASO,ES,Towers with Radar,0,6,32,0,38,0,3,61,0,64,0,9,93,0,102,39,0,39,141
04/07/2009,FPR,FL,ASO,ES,Towers with Radar,0,5,31,0,36,0,2,91,0,93,0,7,122,0,129,56,0,56,185
04/08/2009,FPR,FL,ASO,ES,Towers with Radar,0,4,38,0,42,0,6,210,0,216,0,10,248,0,258,196,0,196,454
04/09/2009,FPR,FL,ASO,ES,Towers with Radar,0,2,57,0,59,0,1,180,0,181,0,3,237,0,240,153,0,153,393
04/10/2009,FPR,FL,ASO,ES,Towers with Radar,0,6,86,0,92,0,1,180,0,181,0,7,266,0,273,136,0,136,409
04/11/2009,FPR,FL,ASO,ES,Towers with Radar,0,5,76,0,81,0,1,113,0,114,0,6,189,0,195,70,0,70,265
04/12/2009,FPR,FL,ASO,ES,Towers with Radar,0,0,55,0,55,0,0,118,0,118,0,0,173,0,173,17,0,17,190
04/13/2009,FPR,FL,ASO,ES,Towers with Radar,0,4,77,0,81,0,2,107,0,109,0,6,184,0,190,122,0,122,312
04/14/2009,FPR,FL,ASO,ES,Towers with Radar,0,4,37,0,41,0,0,89,0,89,0,4,126,0,130,83,0,83,213
04/15/2009,FPR,FL,ASO,ES,Towers with Radar,0,5,64,0,69,0,2,152,0,154,0,7,216,0,223,188,0,188,411
04/16/2009,FPR,FL,ASO,ES,Towers with Radar,0,1,77,0,78,0,0,221,0,221,0,1,298,0,299,109,0,109,408
04/17/2009,FPR,FL,ASO,ES,Towers with Radar,0,6,75,0,81,0,0,160,0,160,0,6,235,0,241,220,0,220,461
04/18/2009,FPR,FL,ASO,ES,Towers with Radar,0,5,85,0,90,0,1,143,0,144,0,6,228,0,234,84,0,84,318
04/19/2009,FPR,FL,ASO,ES,Towers with Radar,0,4,56,0,60,0,0,138,0,138,0,4,194,0,198,22,0,22,220
04/20/2009,FPR,FL,ASO,ES,Towers with Radar,0,3,53,0,56,0,2,91,0,93,0,5,144,0,149,128,0,128,277
04/21/2009,FPR,FL,ASO,ES,Towers with Radar,0,5,66,0,71,0,3,127,0,130,0,8,193,0,201,137,0,137,338
04/22/2009,FPR,FL,ASO,ES,Towers with Radar,0,1,96,0,97,0,0,166,0,166,0,1,262,0,263,125,0,125,388
04/23/2009,FPR,FL,ASO,ES,Towers with Radar,0,3,89,0,92,0,5,176,0,181,0,8,265,0,273,169,0,169,442
04/24/2009,FPR,FL,ASO,ES,Towers with Radar,0,6,47,0,53,0,1,191,0,192,0,7,238,0,245,118,0,118,363
04/25/2009,FPR,FL,ASO,ES,Towers with Radar,0,1,64,0,65,0,2,148,0,150,0,3,212,0,215,70,0,70,285
04/26/2009,FPR,FL,ASO,ES,Towers with Radar,0,4,76,0,80,0,2,116,0,118,0,6,192,0,198,30,0,30,228
04/27/2009,FPR,FL,ASO,ES,Towers with Radar,0,2,65,0,67,0,0,124,0,124,0,2,189,0,191,104,0,104,295
04/28/2009,FPR,FL,ASO,ES,Towers with Radar,0,1,90,0,91,0,0,145,0,145,0,1,235,0,236,109,0,109,345
04/29/2009,FPR,FL,ASO,ES,Towers with Radar,0,1,84,0,85,0,0,119,0,119,0,1,203,0,204,116,0,116,320
04/30/2009,FPR,FL,ASO,ES,Towers with Radar,0,2,77,0,79,0,0,184,0,184,0,2,261,0,263,168,0,168,431
05/01/2009,FPR,FL,ASO,ES,Towers with Radar,0,3,52,0,55,0,1,139,0,140,0,4,191,0,195,222,0,222,417
05/02/2009,FPR,FL,ASO,ES,Towers with Radar,0,1,45,0,46,0,2,157,0,159,0,3,202,0,205,107,0,107,312
05/03/2009,FPR,FL,ASO,ES,Towers with Radar,0,0,35,0,35,0,0,131,0,131,0,0,166,0,166,55,0,55,221
05/04/2009,FPR,FL,ASO,ES,Towers with Radar,0,2,59,0,61,0,1,143,0,144,0,3,202,0,205,139,0,139,344
05/05/2009,FPR,FL,ASO,ES,Towers with Radar,0,2,50,0,52,0,1,171,0,172,0,3,221,0,224,155,0,155,379
05/06/2009,FPR,FL,ASO,ES,Towers with Radar,0,3,75,0,78,0,2,148,0,150,0,5,223,0,228,126,0,126,354
05/07/2009,FPR,FL,ASO,ES,Towers with Radar,0,3,66,0,69,0,0,131,0,131,0,3,197,0,200,149,0,149,349
05/08/2009,FPR,FL,ASO,ES,Towers with Radar,0,2,64,0,66,0,0,118,0,118,0,2,182,0,184,148,0,148,332
05/09/2009,FPR,FL,ASO,ES,Towers with Radar,0,0,39,0,39,0,1,126,0,127,0,1,165,0,166,110,0,110,276
05/10/2009,FPR,FL,ASO,ES,Towers with Radar,0,1,53,0,54,0,1,113,0,114,0,2,166,0,168,15,0,15,183
05/11/2009,FPR,FL,ASO,ES,Towers with Radar,0,1,95,0,96,0,2,155,1,158,0,3,250,1,254,119,0,119,373
05/12/2009,FPR,FL,ASO,ES,Towers with Radar,0,7,75,0,82,0,0,161,0,161,0,7,236,0,243,128,0,128,371
05/13/2009,FPR,FL,ASO,ES,Towers with Radar,0,4,68,0,72,0,3,107,0,110,0,7,175,0,182,234,0,234,416
05/14/2009,FPR,FL,ASO,ES,Towers with Radar,0,2,72,0,74,0,0,155,3,158,0,2,227,3,232,237,2,239,471
05/15/2009,FPR,FL,ASO,ES,Towers with Radar,0,2,82,0,84,0,0,132,0,132,0,2,214,0,216,189,0,189,405
05/16/2009,FPR,FL,ASO,ES,Towers with Radar,0,0,50,0,50,0,1,126,0,127,0,1,176,0,177,99,0,99,276
05/17/2009,FPR,FL,ASO,ES,Towers with Radar,0,1,50,0,51,0,0,103,0,103,0,1,153,0,154,27,0,27,181
05/18/2009,FPR,FL,ASO,ES,Towers with Radar,0,4,44,0,48,0,0,73,0,73,0,4,117,0,121,101,0,101,222
05/19/2009,FPR,FL,ASO,ES,Towers with Radar,0,1,52,0,53,0,0,10,0,10,0,1,62,0,63,68,0,68,131
05/20/2009,FPR,FL,ASO,ES,Towers with Radar,0,2,54,0,56,0,2,60,1,63,0,4,114,1,119,41,0,41,160
05/21/2009,FPR,FL,ASO,ES,Towers with Radar,0,1,79,0,80,0,0,53,0,53,0,1,132,0,133,101,0,101,234
05/22/2009,FPR,FL,ASO,ES,Towers with Radar,0,2,98,0,100,0,3,81,0,84,0,5,179,0,184,127,0,127,311
05/23/2009,FPR,FL,ASO,ES,Towers with Radar,0,1,39,0,40,0,3,40,0,43,0,4,79,0,83,187,0,187,270
05/24/2009,FPR,FL,ASO,ES,Towers with Radar,0,1,28,0,29,0,1,81,0,82,0,2,109,0,111,72,0,72,183
05/25/2009,FPR,FL,ASO,ES,Towers with Radar,0,3,90,0,93,0,2,99,0,101,0,5,189,0,194,37,0,37,231
05/26/2009,FPR,FL,ASO,ES,Towers with Radar,0,1,53,0,54,0,0,109,0,109,0,1,162,0,163,101,0,101,264
05/27/2009,FPR,FL,ASO,ES,Towers with Radar,0,2,43,0,45,0,2,120,0,122,0,4,163,0,167,142,0,142,309
05/28/2009,FPR,FL,ASO,ES,Towers with Radar,0,1,67,0,68,0,1,133,0,134,0,2,200,0,202,63,0,63,265
05/29/2009,FPR,FL,ASO,ES,Towers with Radar,0,2,53,0,55,0,3,104,0,107,0,5,157,0,162,123,0,123,285
05/30/2009,FPR,FL,ASO,ES,Towers with Radar,0,2,49,0,51,0,4,90,0,94,0,6,139,0,145,38,0,38,183
05/31/2009,FPR,FL,ASO,ES,Towers with Radar,0,0,46,0,46,0,2,136,3,141,0,2,182,3,187,41,0,41,228
06/01/2009,FPR,FL,ASO,ES,Towers with Radar,0,1,60,0,61,0,0,158,0,158,0,1,218,0,219,112,0,112,331
06/02/2009,FPR,FL,ASO,ES,Towers with Radar,0,3,52,0,55,0,2,121,0,123,0,5,173,0,178,124,0,124,302
06/03/2009,FPR,FL,ASO,ES,Towers with Radar,0,2,91,0,93,0,1,144,0,145,0,3,235,0,238,114,0,114,352
06/04/2009,FPR,FL,ASO,ES,Towers with Radar,0,5,47,0,52,0,0,73,2,75,0,5,120,2,127,81,0,81,208
06/05/2009,FPR,FL,ASO,ES,Towers with Radar,0,1,73,0,74,0,0,97,0,97,0,1,170,0,171,122,0,122,293
06/06/2009,FPR,FL,ASO,ES,Towers with Radar,0,1,58,0,59,0,1,105,0,106,0,2,163,0,165,60,0,60,225
06/07/2009,FPR,FL,ASO,ES,Towers with Radar,0,2,46,0,48,0,0,101,0,101,0,2,147,0,149,73,0,73,222
06/08/2009,FPR,FL,ASO,ES,Towers with Radar,0,1,73,0,74,0,0,97,0,97,0,1,170,0,171,122,0,122,293
06/09/2009,FPR,FL,ASO,ES,Towers with Radar,0,0,74,0,74,0,0,125,0,125,0,0,199,0,199,131,0,131,330
06/10/2009,FPR,FL,ASO,ES,Towers with Radar,0,1,54,1,56,0,0,140,1,141,0,1,194,2,197,114,0,114,311
06/11/2009,FPR,FL,ASO,ES,Towers with Radar,0,0,72,0,72,0,0,155,0,155,0,0,227,0,227,101,0,101,328
06/12/2009,FPR,FL,ASO,ES,Towers with Radar,0,1,74,0,75,0,0,111,3,114,0,1,185,3,189,60,0,60,249
06/13/2009,FPR,FL,ASO,ES,Towers with Radar,0,1,71,0,72,0,1,162,0,163,0,2,233,0,235,90,0,90,325
06/14/2009,FPR,FL,ASO,ES,Towers with Radar,0,0,65,0,65,0,1,99,0,100,0,1,164,0,165,26,0,26,191
06/15/2009,FPR,FL,ASO,ES,Towers with Radar,0,1,37,0,38,0,1,97,0,98,0,2,134,0,136,58,0,58,194
06/16/2009,FPR,FL,ASO,ES,Towers with Radar,0,1,74,0,75,0,0,105,0,105,0,1,179,0,180,102,0,102,282
06/17/2009,FPR,FL,ASO,ES,Towers with Radar,0,0,81,0,81,0,0,91,0,91,0,0,172,0,172,81,0,81,253
06/18/2009,FPR,FL,ASO,ES,Towers with Radar,0,0,70,0,70,0,0,103,0,103,0,0,173,0,173,73,0,73,246
06/19/2009,FPR,FL,ASO,ES,Towers with Radar,0,3,57,1,61,0,0,144,1,145,0,3,201,2,206,110,4,114,320
06/20/2009,FPR,FL,ASO,ES,Towers with Radar,0,1,47,0,48,0,0,108,0,108,0,1,155,0,156,52,0,52,208
06/21/2009,FPR,FL,ASO,ES,Towers with Radar,0,1,43,1,45,0,1,89,0,90,0,2,132,1,135,28,0,28,163
06/22/2009,FPR,FL,ASO,ES,Towers with Radar,0,0,55,0,55,0,2,68,0,70,0,2,123,0,125,74,0,74,199
06/23/2009,FPR,FL,ASO,ES,Towers with Radar,0,3,42,0,45,0,0,73,0,73,0,3,115,0,118,66,0,66,184
06/24/2009,FPR,FL,ASO,ES,Towers with Radar,0,1,74,0,75,0,2,90,0,92,0,3,164,0,167,94,0,94,261
06/25/2009,FPR,FL,ASO,ES,Towers with Radar,0,1,62,0,63,0,0,117,0,117,0,1,179,0,180,145,0,145,325
06/26/2009,FPR,FL,ASO,ES,Towers with Radar,0,0,47,0,47,0,1,99,0,100,0,1,146,0,147,105,0,105,252
06/27/2009,FPR,FL,ASO,ES,Towers with Radar,0,2,67,0,69,0,0,128,0,128,0,2,195,0,197,76,0,76,273
06/28/2009,FPR,FL,ASO,ES,Towers with Radar,0,0,48,0,48,0,2,135,0,137,0,2,183,0,185,66,0,66,251
06/29/2009,FPR,FL,ASO,ES,Towers with Radar,0,2,36,0,38,0,0,44,0,44,0,2,80,0,82,102,0,102,184
06/30/2009,FPR,FL,ASO,ES,Towers with Radar,0,0,34,0,34,0,0,36,0,36,0,0,70,0,70,47,0,47,117
07/01/2009,FPR,FL,ASO,ES,Towers with Radar,0,2,45,0,47,0,0,81,0,81,0,2,126,0,128,100,0,100,228
07/02/2009,FPR,FL,ASO,ES,Towers with Radar,0,0,43,0,43,0,0,113,0,113,0,0,156,0,156,114,0,114,270
07/03/2009,FPR,FL,ASO,ES,Towers with Radar,0,2,47,0,49,0,2,146,0,148,0,4,193,0,197,137,0,137,334
07/04/2009,FPR,FL,ASO,ES,Towers with Radar,0,0,29,0,29,0,0,78,0,78,0,0,107,0,107,17,0,17,124
07/05/2009,FPR,FL,ASO,ES,Towers with Radar,0,1,61,0,62,0,1,137,0,138,0,2,198,0,200,68,0,68,268
07/06/2009,FPR,FL,ASO,ES,Towers with Radar,0,0,60,0,60,0,0,116,0,116,0,0,176,0,176,105,0,105,281
07/07/2009,FPR,FL,ASO,ES,Towers with Radar,0,0,28,0,28,0,0,121,0,121,0,0,149,0,149,102,0,102,251
07/08/2009,FPR,FL,ASO,ES,Towers with Radar,0,1,30,0,31,0,0,106,0,106,0,1,136,0,137,152,0,152,289
07/09/2009,FPR,FL,ASO,ES,Towers with Radar,0,2,42,0,44,0,1,110,0,111,0,3,152,0,155,76,0,76,231
07/10/2009,FPR,FL,ASO,ES,Towers with Radar,0,1,34,0,35,0,0,105,0,105,0,1,139,0,140,107,0,107,247
07/11/2009,FPR,FL,ASO,ES,Towers with Radar,0,0,60,0,60,0,0,126,0,126,0,0,186,0,186,102,0,102,288
07/12/2009,FPR,FL,ASO,ES,Towers with Radar,0,0,56,0,56,0,0,103,0,103,0,0,159,0,159,83,0,83,242
07/13/2009,FPR,FL,ASO,ES,Towers with Radar,0,1,62,0,63,0,1,127,0,128,0,2,189,0,191,133,0,133,324
07/14/2009,FPR,FL,ASO,ES,Towers with Radar,0,2,38,0,40,0,1,125,0,126,0,3,163,0,166,59,0,59,225
07/15/2009,FPR,FL,ASO,ES,Towers with Radar,0,6,43,0,49,0,0,145,0,145,0,6,188,0,194,176,0,176,370
07/16/2009,FPR,FL,ASO,ES,Towers with Radar,0,2,54,1,57,0,1,140,1,142,0,3,194,2,199,187,0,187,386
07/17/2009,FPR,FL,ASO,ES,Towers with Radar,0,1,30,0,31,0,0,153,0,153,0,1,183,0,184,127,0,127,311
07/18/2009,FPR,FL,ASO,ES,Towers with Radar,0,0,31,0,31,0,0,109,0,109,0,0,140,0,140,49,0,49,189
07/19/2009,FPR,FL,ASO,ES,Towers with Radar,0,0,32,0,32,0,0,125,0,125,0,0,157,0,157,73,0,73,230
07/20/2009,FPR,FL,ASO,ES,Towers with Radar,0,0,62,0,62,0,0,114,0,114,0,0,176,0,176,107,0,107,283
07/21/2009,FPR,FL,ASO,ES,Towers with Radar,0,3,31,0,34,0,1,126,2,129,0,4,157,2,163,135,0,135,298
07/22/2009,FPR,FL,ASO,ES,Towers with Radar,0,2,51,0,53,0,0,122,0,122,0,2,173,0,175,129,0,129,304
07/23/2009,FPR,FL,ASO,ES,Towers with Radar,0,7,65,0,72,0,5,145,0,150,0,12,210,0,222,119,0,119,341
07/24/2009,FPR,FL,ASO,ES,Towers with Radar,0,4,58,1,63,0,2,115,1,118,0,6,173,2,181,97,0,97,278
07/25/2009,FPR,FL,ASO,ES,Towers with Radar,0,3,36,0,39,0,1,134,0,135,0,4,170,0,174,63,0,63,237
07/26/2009,FPR,FL,ASO,ES,Towers with Radar,0,3,50,1,54,0,0,111,3,114,0,3,161,4,168,6,0,6,174
07/27/2009,FPR,FL,ASO,ES,Towers with Radar,0,2,47,0,49,0,1,92,0,93,0,3,139,0,142,100,0,100,242
07/28/2009,FPR,FL,ASO,ES,Towers with Radar,0,1,49,0,50,0,0,95,0,95,0,1,144,0,145,146,0,146,291
07/29/2009,FPR,FL,ASO,ES,Towers with Radar,0,1,53,0,54,0,0,102,0,102,0,1,155,0,156,102,0,102,258
07/30/2009,FPR,FL,ASO,ES,Towers with Radar,0,2,65,0,67,0,1,83,0,84,0,3,148,0,151,111,0,111,262
07/31/2009,FPR,FL,ASO,ES,Towers with Radar,0,2,56,0,58,0,3,144,0,147,0,5,200,0,205,113,0,113,318
08/01/2009,FPR,FL,ASO,ES,Towers with Radar,0,0,52,0,52,0,0,111,0,111,0,0,163,0,163,79,0,79,242
08/02/2009,FPR,FL,ASO,ES,Towers with Radar,0,2,48,0,50,0,0,89,0,89,0,2,137,0,139,29,0,29,168
08/03/2009,FPR,FL,ASO,ES,Towers with Radar,0,2,84,0,86,0,0,120,0,120,0,2,204,0,206,84,0,84,290
08/04/2009,FPR,FL,ASO,ES,Towers with Radar,0,0,72,0,72,0,2,118,0,120,0,2,190,0,192,97,0,97,289
08/05/2009,FPR,FL,ASO,ES,Towers with Radar,0,0,62,0,62,0,0,121,0,121,0,0,183,0,183,76,0,76,259
08/06/2009,FPR,FL,ASO,ES,Towers with Radar,0,3,77,0,80,0,0,114,0,114,0,3,191,0,194,101,0,101,295
08/07/2009,FPR,FL,ASO,ES,Towers with Radar,0,2,44,0,46,0,0,138,0,138,0,2,182,0,184,147,0,147,331
08/08/2009,FPR,FL,ASO,ES,Towers with Radar,0,6,42,0,48,0,0,133,0,133,0,6,175,0,181,101,0,101,282
08/09/2009,FPR,FL,ASO,ES,Towers with Radar,0,1,40,0,41,0,0,123,0,123,0,1,163,0,164,21,0,21,185
08/10/2009,FPR,FL,ASO,ES,Towers with Radar,0,0,65,0,65,0,0,120,0,120,0,0,185,0,185,147,0,147,332
08/11/2009,FPR,FL,ASO,ES,Towers with Radar,0,3,74,0,77,0,0,118,0,118,0,3,192,0,195,192,0,192,387
08/12/2009,FPR,FL,ASO,ES,Towers with Radar,0,5,67,1,73,0,0,112,1,113,0,5,179,2,186,161,0,161,347
08/13/2009,FPR,FL,ASO,ES,Towers with Radar,0,3,58,0,61,0,0,89,0,89,0,3,147,0,150,113,0,113,263
08/14/2009,FPR,FL,ASO,ES,Towers with Radar,0,3,57,0,60,0,0,103,0,103,0,3,160,0,163,73,0,73,236
08/15/2009,FPR,FL,ASO,ES,Towers with Radar,0,1,45,0,46,0,0,69,0,69,0,1,114,0,115,43,0,43,158
08/16/2009,FPR,FL,ASO,ES,Towers with Radar,0,5,37,0,42,0,1,82,0,83,0,6,119,0,125,22,6,28,153
08/17/2009,FPR,FL,ASO,ES,Towers with Radar,0,1,56,0,57,0,0,125,5,130,0,1,181,5,187,153,0,153,340
08/18/2009,FPR,FL,ASO,ES,Towers with Radar,0,0,44,0,44,0,1,122,0,123,0,1,166,0,167,132,0,132,299
08/19/2009,FPR,FL,ASO,ES,Towers with Radar,0,1,37,0,38,0,1,65,0,66,0,2,102,0,104,74,0,74,178
08/20/2009,FPR,FL,ASO,ES,Towers with Radar,0,1,36,0,37,0,0,118,0,118,0,1,154,0,155,120,0,120,275
08/21/2009,FPR,FL,ASO,ES,Towers with Radar,0,1,46,0,47,0,2,135,0,137,0,3,181,0,184,171,0,171,355
08/22/2009,FPR,FL,ASO,ES,Towers with Radar,0,2,21,0,23,0,0,145,0,145,0,2,166,0,168,119,0,119,287
08/23/2009,FPR,FL,ASO,ES,Towers with Radar,0,0,21,5,26,0,0,78,3,81,0,0,99,8,107,39,0,39,146
08/24/2009,FPR,FL,ASO,ES,Towers with Radar,0,5,49,0,54,0,0,106,0,106,0,5,155,0,160,192,0,192,352
08/25/2009,FPR,FL,ASO,ES,Towers with Radar,0,0,45,0,45,0,1,109,4,114,0,1,154,4,159,128,0,128,287
08/26/2009,FPR,FL,ASO,ES,Towers with Radar,0,1,53,3,57,0,0,105,0,105,0,1,158,3,162,147,0,147,309
08/27/2009,FPR,FL,ASO,ES,Towers with Radar,0,3,61,0,64,0,5,140,0,145,0,8,201,0,209,150,0,150,359
08/28/2009,FPR,FL,ASO,ES,Towers with Radar,0,1,37,0,38,0,0,124,0,124,0,1,161,0,162,163,0,163,325
08/29/2009,FPR,FL,ASO,ES,Towers with Radar,0,0,30,0,30,0,5,70,0,75,0,5,100,0,105,128,0,128,233
08/30/2009,FPR,FL,ASO,ES,Towers with Radar,0,2,30,0,32,0,0,86,0,86,0,2,116,0,118,49,0,49,167
08/31/2009,FPR,FL,ASO,ES,Towers with Radar,0,0,44,0,44,0,0,90,0,90,0,0,134,0,134,184,0,184,318
09/01/2009,FPR,FL,ASO,ES,Towers with Radar,0,2,49,0,51,0,0,88,0,88,0,2,137,0,139,124,0,124,263
09/02/2009,FPR,FL,ASO,ES,Towers with Radar,0,0,69,0,69,0,1,91,0,92,0,1,160,0,161,142,0,142,303
09/03/2009,FPR,FL,ASO,ES,Towers with Radar,0,0,47,2,49,0,2,88,0,90,0,2,135,2,139,129,0,129,268
09/04/2009,FPR,FL,ASO,ES,Towers with Radar,0,2,41,0,43,0,0,127,0,127,0,2,168,0,170,155,0,155,325
09/05/2009,FPR,FL,ASO,ES,Towers with Radar,0,0,22,0,22,0,1,80,0,81,0,1,102,0,103,66,0,66,169
09/06/2009,FPR,FL,ASO,ES,Towers with Radar,0,0,19,0,19,0,1,72,0,73,0,1,91,0,92,29,0,29,121
09/07/2009,FPR,FL,ASO,ES,Towers with Radar,0,2,42,0,44,0,1,134,0,135,0,3,176,0,179,55,0,55,234
09/08/2009,FPR,FL,ASO,ES,Towers with Radar,0,0,32,0,32,0,0,109,0,109,0,0,141,0,141,150,0,150,291
09/09/2009,FPR,FL,ASO,ES,Towers with Radar,0,0,40,0,40,0,0,75,0,75,0,0,115,0,115,115,0,115,230
09/10/2009,FPR,FL,ASO,ES,Towers with Radar,0,3,47,0,50,0,2,98,0,100,0,5,145,0,150,109,0,109,259
09/11/2009,FPR,FL,ASO,ES,Towers with Radar,0,4,65,0,69,0,0,71,0,71,0,4,136,0,140,135,0,135,275
09/12/2009,FPR,FL,ASO,ES,Towers with Radar,0,1,19,0,20,0,0,93,0,93,0,1,112,0,113,87,0,87,200
09/13/2009,FPR,FL,ASO,ES,Towers with Radar,0,4,40,0,44,0,1,72,0,73,0,5,112,0,117,58,0,58,175
09/14/2009,FPR,FL,ASO,ES,Towers with Radar,0,1,40,0,41,0,0,78,0,78,0,1,118,0,119,98,0,98,217
09/15/2009,FPR,FL,ASO,ES,Towers with Radar,0,5,30,2,37,0,1,152,0,153,0,6,182,2,190,98,6,104,294
09/16/2009,FPR,FL,ASO,ES,Towers with Radar,0,1,34,1,36,0,3,125,2,130,0,4,159,3,166,91,0,91,257
09/17/2009,FPR,FL,ASO,ES,Towers with Radar,0,0,28,0,28,0,0,149,0,149,0,0,177,0,177,272,0,272,449
09/18/2009,FPR,FL,ASO,ES,Towers with Radar,0,0,21,0,21,0,0,142,0,142,0,0,163,0,163,114,0,114,277
09/19/2009,FPR,FL,ASO,ES,Towers with Radar,0,2,17,0,19,0,1,90,0,91,0,3,107,0,110,110,0,110,220
09/20/2009,FPR,FL,ASO,ES,Towers with Radar,0,1,32,0,33,0,0,53,1,54,0,1,85,1,87,83,0,83,170
09/21/2009,FPR,FL,ASO,ES,Towers with Radar,0,0,48,0,48,0,2,138,0,140,0,2,186,0,188,175,0,175,363
09/22/2009,FPR,FL,ASO,ES,Towers with Radar,0,1,45,0,46,0,0,138,0,138,0,1,183,0,184,176,0,176,360
09/23/2009,FPR,FL,ASO,ES,Towers with Radar,0,1,38,0,39,0,1,79,0,80,0,2,117,0,119,167,0,167,286
09/24/2009,FPR,FL,ASO,ES,Towers with Radar,0,2,28,0,30,0,0,138,0,138,0,2,166,0,168,184,0,184,352
09/25/2009,FPR,FL,ASO,ES,Towers with Radar,0,2,34,0,36,0,1,122,0,123,0,3,156,0,159,218,0,218,377
09/26/2009,FPR,FL,ASO,ES,Towers with Radar,0,1,30,0,31,0,0,133,0,133,0,1,163,0,164,104,0,104,268
09/27/2009,FPR,FL,ASO,ES,Towers with Radar,0,0,36,0,36,0,2,83,1,86,0,2,119,1,122,57,0,57,179
09/28/2009,FPR,FL,ASO,ES,Towers with Radar,0,0,33,0,33,0,0,137,3,140,0,0,170,3,173,245,0,245,418
09/29/2009,FPR,FL,ASO,ES,Towers with Radar,0,0,25,0,25,0,2,108,2,112,0,2,133,2,137,197,0,197,334
09/30/2009,FPR,FL,ASO,ES,Towers with Radar,0,1,18,0,19,0,0,97,0,97,0,1,115,0,116,241,0,241,357
10/01/2009,FPR,FL,ASO,ES,Towers with Radar,0,2,31,0,33,0,0,110,0,110,0,2,141,0,143,249,0,249,392
10/02/2009,FPR,FL,ASO,ES,Towers with Radar,0,2,34,0,36,0,2,128,0,130,0,4,162,0,166,109,0,109,275
10/03/2009,FPR,FL,ASO,ES,Towers with Radar,0,0,20,0,20,0,4,122,0,126,0,4,142,0,146,121,0,121,267
10/04/2009,FPR,FL,ASO,ES,Towers with Radar,0,2,34,0,36,0,0,64,0,64,0,2,98,0,100,100,0,100,200
10/05/2009,FPR,FL,ASO,ES,Towers with Radar,0,1,25,0,26,0,0,105,0,105,0,1,130,0,131,170,0,170,301
10/06/2009,FPR,FL,ASO,ES,Towers with Radar,0,1,34,0,35,0,0,121,0,121,0,1,155,0,156,152,0,152,308
10/07/2009,FPR,FL,ASO,ES,Towers with Radar,0,1,32,0,33,0,0,146,0,146,0,1,178,0,179,104,0,104,283
10/08/2009,FPR,FL,ASO,ES,Towers with Radar,0,6,39,0,45,0,1,135,0,136,0,7,174,0,181,160,0,160,341
10/09/2009,FPR,FL,ASO,ES,Towers with Radar,0,0,52,0,52,0,2,140,0,142,0,2,192,0,194,162,0,162,356
10/10/2009,FPR,FL,ASO,ES,Towers with Radar,0,0,20,0,20,0,0,87,0,87,0,0,107,0,107,49,0,49,156
10/11/2009,FPR,FL,ASO,ES,Towers with Radar,0,2,29,1,32,0,3,73,1,77,0,5,102,2,109,12,0,12,121
10/12/2009,FPR,FL,ASO,ES,Towers with Radar,0,5,50,0,55,0,0,109,0,109,0,5,159,0,164,168,0,168,332
10/13/2009,FPR,FL,ASO,ES,Towers with Radar,0,2,35,0,37,0,0,133,0,133,0,2,168,0,170,252,0,252,422
10/14/2009,FPR,FL,ASO,ES,Towers with Radar,0,2,41,0,43,0,0,127,0,127,0,2,168,0,170,144,0,144,314
10/15/2009,FPR,FL,ASO,ES,Towers with Radar,0,2,50,0,52,0,3,103,0,106,0,5,153,0,158,210,0,210,368
10/16/2009,FPR,FL,ASO,ES,Towers with Radar,0,3,29,0,32,0,2,123,0,125,0,5,152,0,157,120,0,120,277
10/17/2009,FPR,FL,ASO,ES,Towers with Radar,0,2,33,0,35,0,0,64,0,64,0,2,97,0,99,173,0,173,272
10/18/2009,FPR,FL,ASO,ES,Towers with Radar,0,7,25,0,32,0,1,93,0,94,0,8,118,0,126,27,0,27,153
10/19/2009,FPR,FL,ASO,ES,Towers with Radar,0,2,45,0,47,0,1,88,0,89,0,3,133,0,136,118,0,118,254
10/20/2009,FPR,FL,ASO,ES,Towers with Radar,0,8,57,0,65,0,1,120,0,121,0,9,177,0,186,98,0,98,284
10/21/2009,FPR,FL,ASO,ES,Towers with Radar,0,5,53,0,58,0,0,105,0,105,0,5,158,0,163,171,0,171,334
10/22/2009,FPR,FL,ASO,ES,Towers with Radar,0,2,68,0,70,0,4,91,0,95,0,6,159,0,165,200,0,200,365
10/23/2009,FPR,FL,ASO,ES,Towers with Radar,0,2,46,0,48,0,0,128,0,128,0,2,174,0,176,200,0,200,376
10/24/2009,FPR,FL,ASO,ES,Towers with Radar,0,0,16,0,16,0,0,95,0,95,0,0,111,0,111,198,0,198,309
10/25/2009,FPR,FL,ASO,ES,Towers with Radar,0,1,31,0,32,0,1,87,0,88,0,2,118,0,120,147,0,147,267
10/26/2009,FPR,FL,ASO,ES,Towers with Radar,0,1,37,0,38,0,3,134,0,137,0,4,171,0,175,233,0,233,408
10/27/2009,FPR,FL,ASO,ES,Towers with Radar,0,9,66,0,75,0,1,98,0,99,0,10,164,0,174,222,0,222,396
10/28/2009,FPR,FL,ASO,ES,Towers with Radar,0,2,29,0,31,0,0,156,0,156,0,2,185,0,187,191,0,191,378
10/29/2009,FPR,FL,ASO,ES,Towers with Radar,0,0,57,0,57,0,0,149,0,149,0,0,206,0,206,179,0,179,385
10/30/2009,FPR,FL,ASO,ES,Towers with Radar,0,4,78,0,82,0,2,107,0,109,0,6,185,0,191,252,0,252,443
10/31/2009,FPR,FL,ASO,ES,Towers with Radar,0,2,16,0,18,0,1,112,0,113,0,3,128,0,131,73,0,73,204
11/01/2009,FPR,FL,ASO,ES,Towers with Radar,0,3,50,0,53,0,1,73,0,74,0,4,123,0,127,2,0,2,129
11/02/2009,FPR,FL,ASO,ES,Towers with Radar,0,1,61,0,62,0,2,145,0,147,0,3,206,0,209,242,0,242,451
11/03/2009,FPR,FL,ASO,ES,Towers with Radar,0,2,52,0,54,0,0,87,0,87,0,2,139,0,141,153,0,153,294
11/04/2009,FPR,FL,ASO,ES,Towers with Radar,0,0,62,0,62,0,0,140,0,140,0,0,202,0,202,151,0,151,353
11/05/2009,FPR,FL,ASO,ES,Towers with Radar,0,1,57,0,58,0,0,125,0,125,0,1,182,0,183,153,0,153,336
11/06/2009,FPR,FL,ASO,ES,Towers with Radar,0,0,48,0,48,0,2,116,3,121,0,2,164,3,169,73,0,73,242
11/07/2009,FPR,FL,ASO,ES,Towers with Radar,0,1,51,0,52,0,0,109,5,114,0,1,160,5,166,35,0,35,201
11/08/2009,FPR,FL,ASO,ES,Towers with Radar,0,1,39,2,42,0,0,66,1,67,0,1,105,3,109,4,0,4,113
11/09/2009,FPR,FL,ASO,ES,Towers with Radar,0,0,52,0,52,0,1,106,0,107,0,1,158,0,159,22,0,22,181
11/10/2009,FPR,FL,ASO,ES,Towers with Radar,0,1,57,0,58,0,1,136,0,137,0,2,193,0,195,134,0,134,329
11/11/2009,FPR,FL,ASO,ES,Towers with Radar,0,3,47,0,50,0,0,88,0,88,0,3,135,0,138,186,0,186,324
11/12/2009,FPR,FL,ASO,ES,Towers with Radar,0,2,49,1,52,0,0,48,3,51,0,2,97,4,103,143,2,145,248
11/13/2009,FPR,FL,ASO,ES,Towers with Radar,0,2,36,0,38,0,1,205,2,208,0,3,241,2,246,143,0,143,389
11/14/2009,FPR,FL,ASO,ES,Towers with Radar,0,2,34,0,36,0,3,119,0,122,0,5,153,0,158,150,0,150,308
11/15/2009,FPR,FL,ASO,ES,Towers with Radar,0,4,43,0,47,0,1,100,2,103,0,5,143,2,150,35,0,35,185
11/16/2009,FPR,FL,ASO,ES,Towers with Radar,0,0,42,3,45,0,0,162,8,170,0,0,204,11,215,171,0,171,386
11/17/2009,FPR,FL,ASO,ES,Towers with Radar,0,0,58,0,58,0,0,162,0,162,0,0,220,0,220,212,0,212,432
11/18/2009,FPR,FL,ASO,ES,Towers with Radar,0,0,47,0,47,0,1,180,0,181,0,1,227,0,228,239,0,239,467
11/19/2009,FPR,FL,ASO,ES,Towers with Radar,0,2,59,0,61,0,3,182,2,187,0,5,241,2,248,256,0,256,504
11/20/2009,FPR,FL,ASO,ES,Towers with Radar,0,3,41,0,44,0,1,172,0,173,0,4,213,0,217,133,0,133,350
11/21/2009,FPR,FL,ASO,ES,Towers with Radar,0,3,34,0,37,0,1,186,0,187,0,4,220,0,224,133,0,133,357
11/22/2009,FPR,FL,ASO,ES,Towers with Radar,0,2,62,0,64,0,5,74,2,81,0,7,136,2,145,28,0,28,173
11/23/2009,FPR,FL,ASO,ES,Towers with Radar,0,0,62,0,62,0,0,149,0,149,0,0,211,0,211,234,0,234,445
11/24/2009,FPR,FL,ASO,ES,Towers with Radar,0,1,85,0,86,0,0,181,0,181,0,1,266,0,267,264,0,264,531
11/25/2009,FPR,FL,ASO,ES,Towers with Radar,0,3,44,0,47,0,0,9,0,9,0,3,53,0,56,142,0,142,198
11/26/2009,FPR,FL,ASO,ES,Towers with Radar,0,1,36,0,37,0,0,10,0,10,0,1,46,0,47,17,0,17,64
11/27/2009,FPR,FL,ASO,ES,Towers with Radar,0,3,35,0,38,0,2,217,0,219,0,5,252,0,257,159,0,159,416
11/28/2009,FPR,FL,ASO,ES,Towers with Radar,0,3,35,0,38,0,1,159,0,160,0,4,194,0,198,168,0,168,366
11/29/2009,FPR,FL,ASO,ES,Towers with Radar,0,1,68,0,69,0,2,161,0,163,0,3,229,0,232,86,0,86,318
11/30/2009,FPR,FL,ASO,ES,Towers with Radar,0,1,61,0,62,0,2,165,0,167,0,3,226,0,229,263,0,263,492
12/01/2009,FPR,FL,ASO,ES,Towers with Radar,0,4,32,0,36,0,0,202,0,202,0,4,234,0,238,240,0,240,478
12/02/2009,FPR,FL,ASO,ES,Towers with Radar,0,1,39,0,40,0,2,124,0,126,0,3,163,0,166,84,0,84,250
12/03/2009,FPR,FL,ASO,ES,Towers with Radar,0,3,47,0,50,0,1,32,0,33,0,4,79,0,83,43,0,43,126
12/04/2009,FPR,FL,ASO,ES,Towers with Radar,0,5,42,0,47,0,0,33,0,33,0,5,75,0,80,66,0,66,146
12/05/2009,FPR,FL,ASO,ES,Towers with Radar,0,4,26,0,30,0,0,6,0,6,0,4,32,0,36,45,0,45,81
12/06/2009,FPR,FL,ASO,ES,Towers with Radar,0,0,48,0,48,0,0,112,0,112,0,0,160,0,160,154,0,154,314
12/07/2009,FPR,FL,ASO,ES,Towers with Radar,0,1,74,0,75,0,1,168,0,169,0,2,242,0,244,240,0,240,484
12/08/2009,FPR,FL,ASO,ES,Towers with Radar,0,3,73,0,76,0,0,153,0,153,0,3,226,0,229,255,0,255,484
12/09/2009,FPR,FL,ASO,ES,Towers with Radar,0,0,47,0,47,0,0,164,0,164,0,0,211,0,211,128,0,128,339
12/10/2009,FPR,FL,ASO,ES,Towers with Radar,0,3,46,0,49,0,0,81,0,81,0,3,127,0,130,156,0,156,286
12/11/2009,FPR,FL,ASO,ES,Towers with Radar,0,2,61,5,68,0,1,145,1,147,0,3,206,6,215,218,0,218,433
12/12/2009,FPR,FL,ASO,ES,Towers with Radar,0,0,53,0,53,0,0,60,0,60,0,0,113,0,113,181,0,181,294
12/13/2009,FPR,FL,ASO,ES,Towers with Radar,0,0,48,1,49,0,0,130,1,131,0,0,178,2,180,86,0,86,266
12/14/2009,FPR,FL,ASO,ES,Towers with Radar,0,2,49,0,51,0,3,216,0,219,0,5,265,0,270,380,0,380,650
12/15/2009,FPR,FL,ASO,ES,Towers with Radar,0,2,59,0,61,0,1,148,1,150,0,3,207,1,211,344,0,344,555
12/16/2009,FPR,FL,ASO,ES,Towers with Radar,0,5,58,0,63,0,1,68,0,69,0,6,126,0,132,92,0,92,224
12/17/2009,FPR,FL,ASO,ES,Towers with Radar,0,3,70,0,73,0,1,15,0,16,0,4,85,0,89,56,0,56,145
12/18/2009,FPR,FL,ASO,ES,Towers with Radar,0,3,36,0,39,0,5,9,0,14,0,8,45,0,53,38,0,38,91
12/19/2009,FPR,FL,ASO,ES,Towers with Radar,0,4,29,0,33,0,2,82,0,84,0,6,111,0,117,46,0,46,163
12/20/2009,FPR,FL,ASO,ES,Towers with Radar,0,2,27,0,29,0,1,130,0,131,0,3,157,0,160,96,0,96,256
12/21/2009,FPR,FL,ASO,ES,Towers with Radar,0,4,46,0,50,0,1,158,0,159,0,5,204,0,209,112,0,112,321
12/22/2009,FPR,FL,ASO,ES,Towers with Radar,0,2,29,0,31,0,3,158,0,161,0,5,187,0,192,156,0,156,348
12/23/2009,FPR,FL,ASO,ES,Towers with Radar,0,2,47,0,49,0,1,116,0,117,0,3,163,0,166,117,0,117,283
12/24/2009,FPR,FL,ASO,ES,Towers with Radar,0,0,15,0,15,0,0,85,0,85,0,0,100,0,100,53,0,53,153
12/25/2009,FPR,FL,ASO,ES,Towers with Radar,0,3,6,0,9,0,6,8,0,14,0,9,14,0,23,12,0,12,35
12/26/2009,FPR,FL,ASO,ES,Towers with Radar,0,3,64,0,67,0,0,102,0,102,0,3,166,0,169,91,0,91,260
12/27/2009,FPR,FL,ASO,ES,Towers with Radar,0,7,63,0,70,0,0,88,0,88,0,7,151,0,158,6,0,6,164
12/28/2009,FPR,FL,ASO,ES,Towers with Radar,0,4,53,0,57,0,3,100,0,103,0,7,153,0,160,138,0,138,298
12/29/2009,FPR,FL,ASO,ES,Towers with Radar,0,6,39,0,45,0,4,136,0,140,0,10,175,0,185,148,0,148,333
12/30/2009,FPR,FL,ASO,ES,Towers with Radar,0,2,34,0,36,0,1,97,0,98,0,3,131,0,134,149,0,149,283
12/31/2009,FPR,FL,ASO,ES,Towers with Radar,0,9,21,0,30,0,3,127,0,130,0,12,148,0,160,98,0,98,258
01/01/2010,FPR,FL,ASO,ES,Towers with Radar,0,0,3,37,40,0,1,6,0,7,0,1,9,37,47,0,0,0,47
01/02/2010,FPR,FL,ASO,ES,Towers with Radar,0,5,89,0,94,0,0,138,0,138,0,5,227,0,232,16,0,16,248
01/03/2010,FPR,FL,ASO,ES,Towers with Radar,0,3,92,0,95,0,0,112,0,112,0,3,204,0,207,30,0,30,237
01/04/2010,FPR,FL,ASO,ES,Towers with Radar,0,1,50,0,51,0,1,152,0,153,0,2,202,0,204,147,0,147,351
01/05/2010,FPR,FL,ASO,ES,Towers with Radar,0,6,49,0,55,0,1,107,0,108,0,7,156,0,163,88,0,88,251
01/06/2010,FPR,FL,ASO,ES,Towers with Radar,0,1,36,0,37,0,2,116,0,118,0,3,152,0,155,114,0,114,269
01/07/2010,FPR,FL,ASO,ES,Towers with Radar,0,3,44,0,47,0,1,177,0,178,0,4,221,0,225,159,0,159,384
01/08/2010,FPR,FL,ASO,ES,Towers with Radar,0,2,34,0,36,0,2,164,0,166,0,4,198,0,202,133,0,133,335
01/09/2010,FPR,FL,ASO,ES,Towers with Radar,0,3,24,0,27,0,1,11,0,12,0,4,35,0,39,22,0,22,61
01/10/2010,FPR,FL,ASO,ES,Towers with Radar,0,2,35,0,37,0,1,48,0,49,0,3,83,0,86,4,0,4,90
01/11/2010,FPR,FL,ASO,ES,Towers with Radar,0,2,21,0,23,0,3,128,0,131,0,5,149,0,154,147,0,147,301
01/12/2010,FPR,FL,ASO,ES,Towers with Radar,0,1,15,0,16,0,0,128,0,128,0,1,143,0,144,227,0,227,371
01/13/2010,FPR,FL,ASO,ES,Towers with Radar,0,3,22,0,25,0,3,194,0,197,0,6,216,0,222,181,0,181,403
01/14/2010,FPR,FL,ASO,ES,Towers with Radar,0,4,40,1,45,0,0,199,0,199,0,4,239,1,244,187,0,187,431
01/15/2010,FPR,FL,ASO,ES,Towers with Radar,0,1,52,0,53,0,0,183,0,183,0,1,235,0,236,203,0,203,439
01/16/2010,FPR,FL,ASO,ES,Towers with Radar,0,3,45,0,48,0,2,92,0,94,0,5,137,0,142,108,0,108,250
01/17/2010,FPR,FL,ASO,ES,Towers with Radar,0,7,33,2,42,0,0,42,0,42,0,7,75,2,84,12,0,12,96
01/18/2010,FPR,FL,ASO,ES,Towers with Radar,0,9,67,0,76,0,0,196,0,196,0,9,263,0,272,124,0,124,396
01/19/2010,FPR,FL,ASO,ES,Towers with Radar,0,8,57,0,65,0,2,142,0,144,0,10,199,0,209,211,0,211,420
01/20/2010,FPR,FL,ASO,ES,Towers with Radar,0,3,53,0,56,0,3,147,0,150,0,6,200,0,206,275,0,275,481
01/21/2010,FPR,FL,ASO,ES,Towers with Radar,0,4,50,0,54,0,1,105,0,106,0,5,155,0,160,167,0,167,327
01/22/2010,FPR,FL,ASO,ES,Towers with Radar,0,9,64,0,73,0,2,54,0,56,0,11,118,0,129,115,0,115,244
01/23/2010,FPR,FL,ASO,ES,Towers with Radar,0,3,85,0,88,0,2,181,0,183,0,5,266,0,271,236,0,236,507
01/24/2010,FPR,FL,ASO,ES,Towers with Radar,0,1,94,0,95,0,1,78,0,79,0,2,172,0,174,74,0,74,248
01/25/2010,FPR,FL,ASO,ES,Towers with Radar,0,2,41,0,43,0,0,70,0,70,0,2,111,0,113,74,0,74,187
01/26/2010,FPR,FL,ASO,ES,Towers with Radar,0,2,79,1,82,0,1,220,0,221,0,3,299,1,303,237,0,237,540
01/27/2010,FPR,FL,ASO,ES,Towers with Radar,0,3,65,1,69,0,2,190,0,192,0,5,255,1,261,314,0,314,575
01/28/2010,FPR,FL,ASO,ES,Towers with Radar,0,4,63,0,67,0,2,200,0,202,0,6,263,0,269,282,0,282,551
01/29/2010,FPR,FL,ASO,ES,Towers with Radar,0,7,69,0,76,0,6,152,0,158,0,13,221,0,234,233,0,233,467
01/30/2010,FPR,FL,ASO,ES,Towers with Radar,0,2,45,0,47,0,0,137,0,137,0,2,182,0,184,105,0,105,289
01/31/2010,FPR,FL,ASO,ES,Towers with Radar,0,0,70,0,70,0,1,28,0,29,0,1,98,0,99,2,0,2,101
02/01/2010,FPR,FL,ASO,ES,Towers with Radar,0,5,70,0,75,0,0,16,0,16,0,5,86,0,91,8,0,8,99
02/02/2010,FPR,FL,ASO,ES,Towers with Radar,0,1,46,0,47,0,0,103,0,103,0,1,149,0,150,279,0,279,429
02/03/2010,FPR,FL,ASO,ES,Towers with Radar,0,3,84,0,87,0,2,165,0,167,0,5,249,0,254,173,0,173,427
02/04/2010,FPR,FL,ASO,ES,Towers with Radar,0,8,75,0,83,0,1,160,0,161,0,9,235,0,244,225,0,225,469
02/05/2010,FPR,FL,ASO,ES,Towers with Radar,0,9,48,0,57,0,0,136,0,136,0,9,184,0,193,93,0,93,286
02/06/2010,FPR,FL,ASO,ES,Towers with Radar,0,7,65,0,72,0,4,101,0,105,0,11,166,0,177,57,0,57,234
02/07/2010,FPR,FL,ASO,ES,Towers with Radar,0,4,57,0,61,0,0,118,0,118,0,4,175,0,179,70,0,70,249
02/08/2010,FPR,FL,ASO,ES,Towers with Radar,0,5,66,0,71,0,0,184,0,184,0,5,250,0,255,263,0,263,518
02/09/2010,FPR,FL,ASO,ES,Towers with Radar,0,5,60,0,65,0,1,96,0,97,0,6,156,0,162,120,0,120,282
02/10/2010,FPR,FL,ASO,ES,Towers with Radar,0,1,48,0,49,0,0,161,0,161,0,1,209,0,210,155,0,155,365
02/11/2010,FPR,FL,ASO,ES,Towers with Radar,0,2,69,0,71,0,2,186,0,188,0,4,255,0,259,322,0,322,581
02/12/2010,FPR,FL,ASO,ES,Towers with Radar,0,8,46,0,54,0,0,85,0,85,0,8,131,0,139,169,0,169,308
02/13/2010,FPR,FL,ASO,ES,Towers with Radar,0,4,98,0,102,0,1,109,0,110,0,5,207,0,212,78,0,78,290
02/14/2010,FPR,FL,ASO,ES,Towers with Radar,0,1,61,0,62,0,1,117,0,118,0,2,178,0,180,74,0,74,254
02/15/2010,FPR,FL,ASO,ES,Towers with Radar,0,4,81,0,85,0,0,188,0,188,0,4,269,0,273,214,0,214,487
02/16/2010,FPR,FL,ASO,ES,Towers with Radar,0,7,59,0,66,0,4,161,0,165,0,11,220,0,231,177,0,177,408
02/17/2010,FPR,FL,ASO,ES,Towers with Radar,0,6,45,0,51,0,0,153,0,153,0,6,198,0,204,185,0,185,389
02/18/2010,FPR,FL,ASO,ES,Towers with Radar,0,2,66,0,68,0,0,151,0,151,0,2,217,0,219,257,0,257,476
02/19/2010,FPR,FL,ASO,ES,Towers with Radar,0,3,44,0,47,0,1,170,0,171,0,4,214,0,218,298,0,298,516
02/20/2010,FPR,FL,ASO,ES,Towers with Radar,0,6,89,0,95,0,2,200,1,203,0,8,289,1,298,146,0,146,444
02/21/2010,FPR,FL,ASO,ES,Towers with Radar,0,5,77,0,82,0,1,149,0,150,0,6,226,0,232,42,0,42,274
02/22/2010,FPR,FL,ASO,ES,Towers with Radar,0,0,50,0,50,0,1,133,0,134,0,1,183,0,184,174,0,174,358
02/23/2010,FPR,FL,ASO,ES,Towers with Radar,0,3,63,0,66,0,4,86,0,90,0,7,149,0,156,145,0,145,301
02/24/2010,FPR,FL,ASO,ES,Towers with Radar,0,6,36,0,42,0,0,64,0,64,0,6,100,0,106,176,0,176,282
02/25/2010,FPR,FL,ASO,ES,Towers with Radar,0,4,60,0,64,0,1,176,0,177,0,5,236,0,241,187,0,187,428
02/26/2010,FPR,FL,ASO,ES,Towers with Radar,0,3,63,0,66,0,1,222,0,223,0,4,285,0,289,217,0,217,506
02/27/2010,FPR,FL,ASO,ES,Towers with Radar,0,3,34,0,37,0,0,90,0,90,0,3,124,0,127,112,0,112,239
02/28/2010,FPR,FL,ASO,ES,Towers with Radar,0,8,47,1,56,0,1,122,1,124,0,9,169,2,180,117,0,117,297
03/01/2010,FPR,FL,ASO,ES,Towers with Radar,0,2,77,0,79,0,0,175,0,175,0,2,252,0,254,264,0,264,518
03/02/2010,FPR,FL,ASO,ES,Towers with Radar,0,4,35,0,39,0,0,16,2,18,0,4,51,2,57,12,0,12,69
03/03/2010,FPR,FL,ASO,ES,Towers with Radar,0,5,32,0,37,0,1,90,2,93,0,6,122,2,130,266,0,266,396
03/04/2010,FPR,FL,ASO,ES,Towers with Radar,0,4,55,0,59,0,1,155,0,156,0,5,210,0,215,150,0,150,365
03/05/2010,FPR,FL,ASO,ES,Towers with Radar,0,5,67,0,72,0,0,197,0,197,0,5,264,0,269,241,0,241,510
03/06/2010,FPR,FL,ASO,ES,Towers with Radar,0,4,57,0,61,0,2,207,0,209,0,6,264,0,270,136,0,136,406
03/07/2010,FPR,FL,ASO,ES,Towers with Radar,0,4,47,0,51,0,2,153,0,155,0,6,200,0,206,34,0,34,240
03/08/2010,FPR,FL,ASO,ES,Towers with Radar,0,8,61,0,69,0,0,181,0,181,0,8,242,0,250,253,0,253,503
03/09/2010,FPR,FL,ASO,ES,Towers with Radar,0,1,64,0,65,0,0,145,0,145,0,1,209,0,210,246,0,246,456
03/10/2010,FPR,FL,ASO,ES,Towers with Radar,0,2,47,0,49,0,0,168,0,168,0,2,215,0,217,174,0,174,391
03/11/2010,FPR,FL,ASO,ES,Towers with Radar,0,4,30,0,34,0,0,17,0,17,0,4,47,0,51,37,0,37,88
03/12/2010,FPR,FL,ASO,ES,Towers with Radar,0,5,25,0,30,0,0,0,0,0,0,5,25,0,30,0,0,0,30
03/13/2010,FPR,FL,ASO,ES,Towers with Radar,0,7,71,0,78,0,0,184,0,184,0,7,255,0,262,85,0,85,347
03/14/2010,FPR,FL,ASO,ES,Towers with Radar,0,6,52,0,58,0,3,115,0,118,0,9,167,0,176,29,0,29,205
03/15/2010,FPR,FL,ASO,ES,Towers with Radar,0,2,42,0,44,0,1,156,0,157,0,3,198,0,201,252,0,252,453
03/16/2010,FPR,FL,ASO,ES,Towers with Radar,0,3,74,0,77,0,0,208,0,208,0,3,282,0,285,349,0,349,634
03/17/2010,FPR,FL,ASO,ES,Towers with Radar,0,8,55,0,63,0,7,112,0,119,0,15,167,0,182,365,0,365,547
03/18/2010,FPR,FL,ASO,ES,Towers with Radar,0,2,54,0,56,0,1,137,0,138,0,3,191,0,194,234,0,234,428
03/19/2010,FPR,FL,ASO,ES,Towers with Radar,0,7,67,0,74,0,0,200,0,200,0,7,267,0,274,254,0,254,528
03/20/2010,FPR,FL,ASO,ES,Towers with Radar,0,2,65,0,67,0,0,226,0,226,0,2,291,0,293,180,0,180,473
03/21/2010,FPR,FL,ASO,ES,Towers with Radar,0,5,52,6,63,0,1,49,0,50,0,6,101,6,113,28,0,28,141
03/22/2010,FPR,FL,ASO,ES,Towers with Radar,0,3,49,2,54,0,0,78,0,78,0,3,127,2,132,92,0,92,224
03/23/2010,FPR,FL,ASO,ES,Towers with Radar,0,3,43,0,46,0,0,194,0,194,0,3,237,0,240,246,0,246,486
03/24/2010,FPR,FL,ASO,ES,Towers with Radar,0,1,51,0,52,0,1,193,0,194,0,2,244,0,246,302,0,302,548
03/25/2010,FPR,FL,ASO,ES,Towers with Radar,0,3,66,0,69,0,2,167,0,169,0,5,233,0,238,216,0,216,454
03/26/2010,FPR,FL,ASO,ES,Towers with Radar,0,4,42,0,46,0,1,33,0,34,0,5,75,0,80,107,0,107,187
03/27/2010,FPR,FL,ASO,ES,Towers with Radar,0,7,70,0,77,0,2,180,0,182,0,9,250,0,259,130,0,130,389
03/28/2010,FPR,FL,ASO,ES,Towers with Radar,0,2,74,0,76,0,1,50,0,51,0,3,124,0,127,75,0,75,202
03/29/2010,FPR,FL,ASO,ES,Towers with Radar,0,4,44,0,48,0,2,50,0,52,0,6,94,0,100,72,0,72,172
03/30/2010,FPR,FL,ASO,ES,Towers with Radar,0,1,49,0,50,0,0,196,0,196,0,1,245,0,246,295,0,295,541
03/31/2010,FPR,FL,ASO,ES,Towers with Radar,0,2,42,0,44,0,0,193,0,193,0,2,235,0,237,338,0,338,575
04/01/2010,FPR,FL,ASO,ES,Towers with Radar,0,3,56,0,59,0,1,199,0,200,0,4,255,0,259,270,0,270,529
04/02/2010,FPR,FL,ASO,ES,Towers with Radar,0,5,85,1,91,0,1,191,1,193,0,6,276,2,284,265,0,265,549
04/03/2010,FPR,FL,ASO,ES,Towers with Radar,0,6,52,0,58,0,1,160,0,161,0,7,212,0,219,169,0,169,388
04/04/2010,FPR,FL,ASO,ES,Towers with Radar,0,5,39,0,44,0,2,91,0,93,0,7,130,0,137,10,0,10,147
04/05/2010,FPR,FL,ASO,ES,Towers with Radar,0,5,61,0,66,0,0,164,0,164,0,5,225,0,230,233,0,233,463
04/06/2010,FPR,FL,ASO,ES,Towers with Radar,0,0,66,0,66,0,1,178,0,179,0,1,244,0,245,237,0,237,482
04/07/2010,FPR,FL,ASO,ES,Towers with Radar,0,1,60,0,61,0,2,156,0,158,0,3,216,0,219,160,0,160,379
04/08/2010,FPR,FL,ASO,ES,Towers with Radar,0,1,71,0,72,0,0,174,0,174,0,1,245,0,246,146,0,146,392
04/09/2010,FPR,FL,ASO,ES,Towers with Radar,0,1,96,0,97,0,0,60,1,61,0,1,156,1,158,59,0,59,217
04/10/2010,FPR,FL,ASO,ES,Towers with Radar,0,1,78,0,79,0,1,136,0,137,0,2,214,0,216,47,0,47,263
04/11/2010,FPR,FL,ASO,ES,Towers with Radar,0,4,100,0,104,0,2,108,0,110,0,6,208,0,214,36,0,36,250
04/12/2010,FPR,FL,ASO,ES,Towers with Radar,0,1,55,0,56,0,0,119,0,119,0,1,174,0,175,167,0,167,342
04/13/2010,FPR,FL,ASO,ES,Towers with Radar,0,1,64,0,65,0,0,135,0,135,0,1,199,0,200,182,0,182,382
04/14/2010,FPR,FL,ASO,ES,Towers with Radar,0,5,62,0,67,0,2,114,0,116,0,7,176,0,183,131,0,131,314
04/15/2010,FPR,FL,ASO,ES,Towers with Radar,0,4,70,0,74,0,1,126,0,127,0,5,196,0,201,137,0,137,338
04/16/2010,FPR,FL,ASO,ES,Towers with Radar,0,6,57,0,63,0,0,162,2,164,0,6,219,2,227,242,0,242,469
04/17/2010,FPR,FL,ASO,ES,Towers with Radar,0,2,55,0,57,0,1,132,0,133,0,3,187,0,190,140,0,140,330
04/18/2010,FPR,FL,ASO,ES,Towers with Radar,0,6,60,0,66,0,1,51,0,52,0,7,111,0,118,64,0,64,182
04/19/2010,FPR,FL,ASO,ES,Towers with Radar,0,0,40,0,40,0,0,109,0,109,0,0,149,0,149,322,0,322,471
04/20/2010,FPR,FL,ASO,ES,Towers with Radar,0,5,41,0,46,0,2,158,0,160,0,7,199,0,206,344,0,344,550
04/21/2010,FPR,FL,ASO,ES,Towers with Radar,0,4,40,0,44,0,0,106,0,106,0,4,146,0,150,254,0,254,404
04/22/2010,FPR,FL,ASO,ES,Towers with Radar,0,8,56,0,64,0,0,168,0,168,0,8,224,0,232,290,0,290,522
04/23/2010,FPR,FL,ASO,ES,Towers with Radar,0,5,62,0,67,0,0,206,1,207,0,5,268,1,274,231,0,231,505
04/24/2010,FPR,FL,ASO,ES,Towers with Radar,0,1,63,0,64,0,1,189,0,190,0,2,252,0,254,116,0,116,370
04/25/2010,FPR,FL,ASO,ES,Towers with Radar,0,7,55,0,62,0,2,133,0,135,0,9,188,0,197,19,0,19,216
04/26/2010,FPR,FL,ASO,ES,Towers with Radar,0,4,41,0,45,0,0,38,0,38,0,4,79,0,83,48,0,48,131
04/27/2010,FPR,FL,ASO,ES,Towers with Radar,0,3,59,0,62,0,0,204,0,204,0,3,263,0,266,274,0,274,540
04/28/2010,FPR,FL,ASO,ES,Towers with Radar,0,1,49,0,50,0,1,222,0,223,0,2,271,0,273,303,0,303,576
04/29/2010,FPR,FL,ASO,ES,Towers with Radar,0,0,56,0,56,0,6,167,0,173,0,6,223,0,229,319,0,319,548
04/30/2010,FPR,FL,ASO,ES,Towers with Radar,0,5,39,0,44,0,1,143,0,144,0,6,182,0,188,218,0,218,406
05/01/2010,FPR,FL,ASO,ES,Towers with Radar,0,3,37,0,40,0,0,138,0,138,0,3,175,0,178,161,0,161,339
05/02/2010,FPR,FL,ASO,ES,Towers with Radar,0,4,61,0,65,0,2,107,0,109,0,6,168,0,174,48,0,48,222
05/03/2010,FPR,FL,ASO,ES,Towers with Radar,0,1,47,0,48,0,0,118,0,118,0,1,165,0,166,207,0,207,373
05/04/2010,FPR,FL,ASO,ES,Towers with Radar,0,1,72,0,73,0,1,117,0,118,0,2,189,0,191,264,0,264,455
05/05/2010,FPR,FL,ASO,ES,Towers with Radar,0,2,31,0,33,0,2,114,0,116,0,4,145,0,149,305,0,305,454
05/06/2010,FPR,FL,ASO,ES,Towers with Radar,0,3,47,0,50,0,2,142,0,144,0,5,189,0,194,327,0,327,521
05/07/2010,FPR,FL,ASO,ES,Towers with Radar,0,5,49,0,54,0,1,168,0,169,0,6,217,0,223,202,0,202,425
05/08/2010,FPR,FL,ASO,ES,Towers with Radar,0,1,52,2,55,0,0,128,0,128,0,1,180,2,183,238,0,238,421
05/09/2010,FPR,FL,ASO,ES,Towers with Radar,0,0,46,0,46,0,2,64,0,66,0,2,110,0,112,73,0,73,185
05/10/2010,FPR,FL,ASO,ES,Towers with Radar,0,3,38,0,41,0,3,117,0,120,0,6,155,0,161,219,0,219,380
05/11/2010,FPR,FL,ASO,ES,Towers with Radar,0,1,74,0,75,0,0,135,0,135,0,1,209,0,210,129,0,129,339
05/12/2010,FPR,FL,ASO,ES,Towers with Radar,0,4,72,0,76,0,0,118,0,118,0,4,190,0,194,198,0,198,392
05/13/2010,FPR,FL,ASO,ES,Towers with Radar,0,0,107,0,107,0,1,162,0,163,0,1,269,0,270,275,0,275,545
05/14/2010,FPR,FL,ASO,ES,Towers with Radar,0,2,72,0,74,0,0,157,0,157,0,2,229,0,231,203,0,203,434
05/15/2010,FPR,FL,ASO,ES,Towers with Radar,0,4,84,0,88,0,0,165,0,165,0,4,249,0,253,142,0,142,395
05/16/2010,FPR,FL,ASO,ES,Towers with Radar,0,3,58,0,61,0,1,128,0,129,0,4,186,0,190,115,0,115,305
05/17/2010,FPR,FL,ASO,ES,Towers with Radar,0,2,51,0,53,0,2,102,0,104,0,4,153,0,157,199,0,199,356
05/18/2010,FPR,FL,ASO,ES,Towers with Radar,0,0,64,0,64,0,0,192,0,192,0,0,256,0,256,368,0,368,624
05/19/2010,FPR,FL,ASO,ES,Towers with Radar,0,6,41,0,47,0,2,157,0,159,0,8,198,0,206,328,0,328,534
05/20/2010,FPR,FL,ASO,ES,Towers with Radar,0,2,91,0,93,0,0,192,0,192,0,2,283,0,285,242,0,242,527
05/21/2010,FPR,FL,ASO,ES,Towers with Radar,0,2,66,0,68,0,0,162,0,162,0,2,228,0,230,209,0,209,439
05/22/2010,FPR,FL,ASO,ES,Towers with Radar,0,2,52,0,54,0,3,145,0,148,0,5,197,0,202,109,0,109,311
05/23/2010,FPR,FL,ASO,ES,Towers with Radar,0,1,61,0,62,0,0,131,0,131,0,1,192,0,193,55,0,55,248
05/24/2010,FPR,FL,ASO,ES,Towers with Radar,0,0,57,0,57,0,4,156,0,160,0,4,213,0,217,204,0,204,421
05/25/2010,FPR,FL,ASO,ES,Towers with Radar,0,2,67,2,71,0,0,178,0,178,0,2,245,2,249,241,0,241,490
05/26/2010,FPR,FL,ASO,ES,Towers with Radar,0,2,38,0,40,0,2,203,0,205,0,4,241,0,245,236,0,236,481
05/27/2010,FPR,FL,ASO,ES,Towers with Radar,0,2,66,0,68,0,1,117,0,118,0,3,183,0,186,254,0,254,440
05/28/2010,FPR,FL,ASO,ES,Towers with Radar,0,2,80,0,82,0,2,131,0,133,0,4,211,0,215,242,0,242,457
05/29/2010,FPR,FL,ASO,ES,Towers with Radar,0,3,58,0,61,0,5,102,0,107,0,8,160,0,168,74,0,74,242
05/30/2010,FPR,FL,ASO,ES,Towers with Radar,0,0,27,0,27,0,3,63,0,66,0,3,90,0,93,48,0,48,141
05/31/2010,FPR,FL,ASO,ES,Towers with Radar,0,2,71,0,73,0,4,88,0,92,0,6,159,0,165,20,0,20,185
06/01/2010,FPR,FL,ASO,ES,Towers with Radar,0,5,87,0,92,0,1,113,0,114,0,6,200,0,206,123,0,123,329
06/02/2010,FPR,FL,ASO,ES,Towers with Radar,0,1,78,0,79,0,0,122,0,122,0,1,200,0,201,231,0,231,432
06/03/2010,FPR,FL,ASO,ES,Towers with Radar,0,0,71,0,71,0,0,129,0,129,0,0,200,0,200,241,0,241,441
06/04/2010,FPR,FL,ASO,ES,Towers with Radar,0,0,43,1,44,0,3,141,0,144,0,3,184,1,188,232,0,232,420
06/05/2010,FPR,FL,ASO,ES,Towers with Radar,0,1,54,0,55,0,3,187,0,190,0,4,241,0,245,125,0,125,370
06/06/2010,FPR,FL,ASO,ES,Towers with Radar,0,0,49,1,50,0,2,134,1,137,0,2,183,2,187,118,0,118,305
06/07/2010,FPR,FL,ASO,ES,Towers with Radar,0,1,44,0,45,0,0,137,2,139,0,1,181,2,184,238,0,238,422
06/08/2010,FPR,FL,ASO,ES,Towers with Radar,0,0,81,0,81,0,2,132,0,134,0,2,213,0,215,158,0,158,373
06/09/2010,FPR,FL,ASO,ES,Towers with Radar,0,0,74,0,74,0,1,171,0,172,0,1,245,0,246,174,0,174,420
06/10/2010,FPR,FL,ASO,ES,Towers with Radar,0,2,56,0,58,0,0,159,0,159,0,2,215,0,217,208,0,208,425
06/11/2010,FPR,FL,ASO,ES,Towers with Radar,0,2,78,0,80,0,1,213,0,214,0,3,291,0,294,194,0,194,488
06/12/2010,FPR,FL,ASO,ES,Towers with Radar,0,5,52,0,57,0,0,141,0,141,0,5,193,0,198,113,0,113,311
06/13/2010,FPR,FL,ASO,ES,Towers with Radar,0,2,44,0,46,0,0,104,0,104,0,2,148,0,150,73,0,73,223
06/14/2010,FPR,FL,ASO,ES,Towers with Radar,0,0,57,0,57,0,0,142,0,142,0,0,199,0,199,264,0,264,463
06/15/2010,FPR,FL,ASO,ES,Towers with Radar,0,0,60,0,60,0,1,108,0,109,0,1,168,0,169,250,0,250,419
06/16/2010,FPR,FL,ASO,ES,Towers with Radar,0,0,65,0,65,0,0,179,0,179,0,0,244,0,244,438,0,438,682
06/17/2010,FPR,FL,ASO,ES,Towers with Radar,0,0,54,0,54,0,0,145,0,145,0,0,199,0,199,277,0,277,476
06/18/2010,FPR,FL,ASO,ES,Towers with Radar,0,2,60,0,62,0,1,176,0,177,0,3,236,0,239,191,0,191,430
06/19/2010,FPR,FL,ASO,ES,Towers with Radar,0,0,58,0,58,0,0,147,0,147,0,0,205,0,205,93,0,93,298
06/20/2010,FPR,FL,ASO,ES,Towers with Radar,0,2,43,0,45,0,0,105,0,105,0,2,148,0,150,75,0,75,225
06/21/2010,FPR,FL,ASO,ES,Towers with Radar,0,5,54,0,59,0,2,139,0,141,0,7,193,0,200,195,0,195,395
06/22/2010,FPR,FL,ASO,ES,Towers with Radar,0,1,68,0,69,0,0,152,0,152,0,1,220,0,221,197,0,197,418
06/23/2010,FPR,FL,ASO,ES,Towers with Radar,0,3,50,0,53,0,1,160,0,161,0,4,210,0,214,278,0,278,492
06/24/2010,FPR,FL,ASO,ES,Towers with Radar,0,0,75,0,75,0,0,164,0,164,0,0,239,0,239,239,0,239,478
06/25/2010,FPR,FL,ASO,ES,Towers with Radar,0,3,51,0,54,0,2,170,0,172,0,5,221,0,226,183,0,183,409
06/26/2010,FPR,FL,ASO,ES,Towers with Radar,0,3,68,0,71,0,1,162,0,163,0,4,230,0,234,179,0,179,413
06/27/2010,FPR,FL,ASO,ES,Towers with Radar,0,0,77,0,77,0,0,131,0,131,0,0,208,0,208,133,0,133,341
06/28/2010,FPR,FL,ASO,ES,Towers with Radar,0,5,73,0,78,0,0,135,0,135,0,5,208,0,213,327,0,327,540
06/29/2010,FPR,FL,ASO,ES,Towers with Radar,0,3,71,0,74,0,2,131,0,133,0,5,202,0,207,221,0,221,428
06/30/2010,FPR,FL,ASO,ES,Towers with Radar,0,0,35,1,36,0,1,186,0,187,0,1,221,1,223,345,0,345,568
07/01/2010,FPR,FL,ASO,ES,Towers with Radar,0,3,52,0,55,0,3,166,0,169,0,6,218,0,224,365,0,365,589
07/02/2010,FPR,FL,ASO,ES,Towers with Radar,0,3,51,0,54,0,0,140,0,140,0,3,191,0,194,287,0,287,481
07/03/2010,FPR,FL,ASO,ES,Towers with Radar,0,0,41,0,41,0,2,85,0,87,0,2,126,0,128,216,0,216,344
07/04/2010,FPR,FL,ASO,ES,Towers with Radar,0,0,16,0,16,0,3,42,0,45,0,3,58,0,61,11,0,11,72
07/05/2010,FPR,FL,ASO,ES,Towers with Radar,0,2,69,0,71,0,0,56,0,56,0,2,125,0,127,118,0,118,245
07/06/2010,FPR,FL,ASO,ES,Towers with Radar,0,4,68,0,72,0,0,144,0,144,0,4,212,0,216,341,0,341,557
07/07/2010,FPR,FL,ASO,ES,Towers with Radar,0,5,33,0,38,0,1,153,0,154,0,6,186,0,192,202,0,202,394
07/08/2010,FPR,FL,ASO,ES,Towers with Radar,0,2,41,0,43,0,0,162,0,162,0,2,203,0,205,253,0,253,458
07/09/2010,FPR,FL,ASO,ES,Towers with Radar,0,0,53,0,53,0,3,167,0,170,0,3,220,0,223,325,0,325,548
07/10/2010,FPR,FL,ASO,ES,Towers with Radar,0,0,54,0,54,0,0,137,0,137,0,0,191,0,191,186,0,186,377
07/11/2010,FPR,FL,ASO,ES,Towers with Radar,0,0,44,0,44,0,1,92,0,93,0,1,136,0,137,59,0,59,196
07/12/2010,FPR,FL,ASO,ES,Towers with Radar,0,0,44,0,44,0,0,108,0,108,0,0,152,0,152,278,0,278,430
07/13/2010,FPR,FL,ASO,ES,Towers with Radar,0,2,57,0,59,0,0,106,0,106,0,2,163,0,165,174,0,174,339
07/14/2010,FPR,FL,ASO,ES,Towers with Radar,0,1,52,0,53,0,4,121,0,125,0,5,173,0,178,311,0,311,489
07/15/2010,FPR,FL,ASO,ES,Towers with Radar,0,4,75,0,79,0,2,138,0,140,0,6,213,0,219,186,0,186,405
07/16/2010,FPR,FL,ASO,ES,Towers with Radar,0,1,71,0,72,0,0,144,0,144,0,1,215,0,216,198,0,198,414
07/17/2010,FPR,FL,ASO,ES,Towers with Radar,0,1,38,0,39,0,2,119,0,121,0,3,157,0,160,111,0,111,271
07/18/2010,FPR,FL,ASO,ES,Towers with Radar,0,2,68,0,70,0,0,96,0,96,0,2,164,0,166,45,0,45,211
07/19/2010,FPR,FL,ASO,ES,Towers with Radar,0,0,65,0,65,0,1,152,0,153,0,1,217,0,218,127,0,127,345
07/20/2010,FPR,FL,ASO,ES,Towers with Radar,0,4,55,0,59,0,3,125,0,128,0,7,180,0,187,227,1,228,415
07/21/2010,FPR,FL,ASO,ES,Towers with Radar,0,2,89,0,91,0,0,130,0,130,0,2,219,0,221,197,0,197,418
07/22/2010,FPR,FL,ASO,ES,Towers with Radar,0,0,92,0,92,0,0,120,0,120,0,0,212,0,212,306,0,306,518
07/23/2010,FPR,FL,ASO,ES,Towers with Radar,0,5,26,0,31,0,0,47,0,47,0,5,73,0,78,140,0,140,218
07/24/2010,FPR,FL,ASO,ES,Towers with Radar,0,2,44,0,46,0,1,124,0,125,0,3,168,0,171,226,0,226,397
07/25/2010,FPR,FL,ASO,ES,Towers with Radar,0,6,55,0,61,0,0,57,0,57,0,6,112,0,118,58,0,58,176
07/26/2010,FPR,FL,ASO,ES,Towers with Radar,0,0,83,0,83,0,0,143,0,143,0,0,226,0,226,352,0,352,578
07/27/2010,FPR,FL,ASO,ES,Towers with Radar,0,1,61,0,62,0,3,156,0,159,0,4,217,0,221,357,0,357,578
07/28/2010,FPR,FL,ASO,ES,Towers with Radar,0,3,34,2,39,0,1,148,0,149,0,4,182,2,188,339,0,339,527
07/29/2010,FPR,FL,ASO,ES,Towers with Radar,0,1,59,0,60,0,0,146,0,146,0,1,205,0,206,230,0,230,436
07/30/2010,FPR,FL,ASO,ES,Towers with Radar,0,1,60,0,61,0,0,162,0,162,0,1,222,0,223,282,0,282,505
07/31/2010,FPR,FL,ASO,ES,Towers with Radar,0,0,56,0,56,0,0,126,0,126,0,0,182,0,182,179,0,179,361
08/01/2010,FPR,FL,ASO,ES,Towers with Radar,0,0,44,0,44,0,0,103,0,103,0,0,147,0,147,36,0,36,183
08/02/2010,FPR,FL,ASO,ES,Towers with Radar,0,3,58,0,61,0,1,166,0,167,0,4,224,0,228,219,0,219,447
08/03/2010,FPR,FL,ASO,ES,Towers with Radar,0,3,50,0,53,0,1,152,0,153,0,4,202,0,206,299,0,299,505
08/04/2010,FPR,FL,ASO,ES,Towers with Radar,0,1,52,0,53,0,0,88,0,88,0,1,140,0,141,137,0,137,278
08/05/2010,FPR,FL,ASO,ES,Towers with Radar,0,0,96,0,96,0,1,160,0,161,0,1,256,0,257,225,0,225,482
08/06/2010,FPR,FL,ASO,ES,Towers with Radar,0,1,46,0,47,0,2,152,0,154,0,3,198,0,201,223,0,223,424
08/07/2010,FPR,FL,ASO,ES,Towers with Radar,0,0,70,0,70,0,2,137,0,139,0,2,207,0,209,145,0,145,354
08/08/2010,FPR,FL,ASO,ES,Towers with Radar,0,1,36,0,37,0,0,41,0,41,0,1,77,0,78,12,0,12,90
08/09/2010,FPR,FL,ASO,ES,Towers with Radar,0,0,98,0,98,0,0,81,0,81,0,0,179,0,179,208,0,208,387
08/10/2010,FPR,FL,ASO,ES,Towers with Radar,0,2,55,0,57,0,0,63,0,63,0,2,118,0,120,103,0,103,223
08/11/2010,FPR,FL,ASO,ES,Towers with Radar,0,0,67,0,67,0,1,147,0,148,0,1,214,0,215,241,0,241,456
08/12/2010,FPR,FL,ASO,ES,Towers with Radar,0,2,36,0,38,0,1,200,2,203,0,3,236,2,241,319,2,321,562
08/13/2010,FPR,FL,ASO,ES,Towers with Radar,0,3,74,0,77,0,1,138,0,139,0,4,212,0,216,265,0,265,481
08/14/2010,FPR,FL,ASO,ES,Towers with Radar,0,1,42,0,43,0,0,158,0,158,0,1,200,0,201,225,0,225,426
08/15/2010,FPR,FL,ASO,ES,Towers with Radar,0,3,38,0,41,0,0,69,0,69,0,3,107,0,110,54,0,54,164
08/16/2010,FPR,FL,ASO,ES,Towers with Radar,0,0,66,0,66,0,1,164,0,165,0,1,230,0,231,242,0,242,473
08/17/2010,FPR,FL,ASO,ES,Towers with Radar,0,0,52,0,52,0,0,139,0,139,0,0,191,0,191,173,0,173,364
08/18/2010,FPR,FL,ASO,ES,Towers with Radar,0,0,77,2,79,0,0,189,0,189,0,0,266,2,268,316,0,316,584
08/19/2010,FPR,FL,ASO,ES,Towers with Radar,0,0,70,0,70,0,0,167,0,167,0,0,237,0,237,325,0,325,562
08/20/2010,FPR,FL,ASO,ES,Towers with Radar,0,1,41,0,42,0,2,162,0,164,0,3,203,0,206,313,0,313,519
08/21/2010,FPR,FL,ASO,ES,Towers with Radar,0,0,41,0,41,0,0,161,0,161,0,0,202,0,202,223,0,223,425
08/22/2010,FPR,FL,ASO,ES,Towers with Radar,0,2,30,0,32,0,0,55,0,55,0,2,85,0,87,30,0,30,117
08/23/2010,FPR,FL,ASO,ES,Towers with Radar,0,1,46,0,47,0,2,98,0,100,0,3,144,0,147,136,0,136,283
08/24/2010,FPR,FL,ASO,ES,Towers with Radar,0,1,56,0,57,0,1,111,0,112,0,2,167,0,169,226,0,226,395
08/25/2010,FPR,FL,ASO,ES,Towers with Radar,0,2,53,0,55,0,0,141,0,141,0,2,194,0,196,220,0,220,416
08/26/2010,FPR,FL,ASO,ES,Towers with Radar,0,0,65,0,65,0,1,130,0,131,0,1,195,0,196,266,0,266,462
08/27/2010,FPR,FL,ASO,ES,Towers with Radar,0,3,57,0,60,0,5,183,0,188,0,8,240,0,248,204,0,204,452
08/28/2010,FPR,FL,ASO,ES,Towers with Radar,0,0,56,0,56,0,3,133,0,136,0,3,189,0,192,217,0,217,409
08/29/2010,FPR,FL,ASO,ES,Towers with Radar,0,1,30,0,31,0,2,26,0,28,0,3,56,0,59,14,0,14,73
08/30/2010,FPR,FL,ASO,ES,Towers with Radar,0,0,58,0,58,0,0,95,0,95,0,0,153,0,153,213,0,213,366
08/31/2010,FPR,FL,ASO,ES,Towers with Radar,0,0,88,0,88,0,2,124,0,126,0,2,212,0,214,150,0,150,364
09/01/2010,FPR,FL,ASO,ES,Towers with Radar,0,0,62,2,64,0,0,98,0,98,0,0,160,2,162,189,0,189,351
09/02/2010,FPR,FL,ASO,ES,Towers with Radar,0,0,68,0,68,0,0,148,0,148,0,0,216,0,216,217,0,217,433
09/03/2010,FPR,FL,ASO,ES,Towers with Radar,0,0,61,0,61,0,3,167,0,170,0,3,228,0,231,280,0,280,511
09/04/2010,FPR,FL,ASO,ES,Towers with Radar,0,1,37,0,38,0,0,127,0,127,0,1,164,0,165,194,0,194,359
09/05/2010,FPR,FL,ASO,ES,Towers with Radar,0,0,9,0,9,0,0,74,0,74,0,0,83,0,83,42,0,42,125
09/06/2010,FPR,FL,ASO,ES,Towers with Radar,0,1,35,0,36,0,0,66,0,66,0,1,101,0,102,22,0,22,124
09/07/2010,FPR,FL,ASO,ES,Towers with Radar,0,0,48,0,48,0,1,97,0,98,0,1,145,0,146,213,0,213,359
09/08/2010,FPR,FL,ASO,ES,Towers with Radar,0,0,81,0,81,0,0,133,0,133,0,0,214,0,214,298,0,298,512
09/09/2010,FPR,FL,ASO,ES,Towers with Radar,0,1,70,0,71,0,2,141,0,143,0,3,211,0,214,281,0,281,495
09/10/2010,FPR,FL,ASO,ES,Towers with Radar,0,4,45,0,49,0,1,145,0,146,0,5,190,0,195,22,0,22,217
09/11/2010,FPR,FL,ASO,ES,Towers with Radar,0,2,52,0,54,0,7,171,0,178,0,9,223,0,232,308,0,308,540
09/12/2010,FPR,FL,ASO,ES,Towers with Radar,0,2,17,0,19,0,3,78,1,82,0,5,95,1,101,64,0,64,165
09/13/2010,FPR,FL,ASO,ES,Towers with Radar,0,2,47,0,49,0,3,130,0,133,0,5,177,0,182,194,0,194,376
09/14/2010,FPR,FL,ASO,ES,Towers with Radar,0,0,76,0,76,0,0,167,0,167,0,0,243,0,243,197,0,197,440
09/15/2010,FPR,FL,ASO,ES,Towers with Radar,0,2,81,0,83,0,0,106,0,106,0,2,187,0,189,239,0,239,428
09/16/2010,FPR,FL,ASO,ES,Towers with Radar,0,0,70,0,70,0,3,178,0,181,0,3,248,0,251,289,0,289,540
09/17/2010,FPR,FL,ASO,ES,Towers with Radar,0,0,52,0,52,0,5,146,0,151,0,5,198,0,203,218,0,218,421
09/18/2010,FPR,FL,ASO,ES,Towers with Radar,0,1,31,0,32,0,9,113,0,122,0,10,144,0,154,133,0,133,287
09/19/2010,FPR,FL,ASO,ES,Towers with Radar,0,1,37,0,38,0,1,61,0,62,0,2,98,0,100,8,0,8,108
09/20/2010,FPR,FL,ASO,ES,Towers with Radar,0,0,22,0,22,0,3,122,0,125,0,3,144,0,147,173,0,173,320
09/21/2010,FPR,FL,ASO,ES,Towers with Radar,0,1,44,0,45,0,0,130,0,130,0,1,174,0,175,190,0,190,365
09/22/2010,FPR,FL,ASO,ES,Towers with Radar,0,3,52,0,55,0,1,111,0,112,0,4,163,0,167,179,0,179,346
09/23/2010,FPR,FL,ASO,ES,Towers with Radar,0,2,40,0,42,0,1,105,0,106,0,3,145,0,148,199,0,199,347
09/24/2010,FPR,FL,ASO,ES,Towers with Radar,0,1,37,0,38,0,0,89,0,89,0,1,126,0,127,190,0,190,317
09/25/2010,FPR,FL,ASO,ES,Towers with Radar,0,2,40,0,42,0,3,143,0,146,0,5,183,0,188,253,0,253,441
09/26/2010,FPR,FL,ASO,ES,Towers with Radar,0,1,33,0,34,0,6,90,0,96,0,7,123,0,130,36,0,36,166
09/27/2010,FPR,FL,ASO,ES,Towers with Radar,0,0,1,33,34,0,0,6,90,96,0,0,7,123,130,36,0,36,166
09/28/2010,FPR,FL,ASO,ES,Towers with Radar,0,2,25,0,27,0,0,94,0,94,0,2,119,0,121,200,0,200,321
09/29/2010,FPR,FL,ASO,ES,Towers with Radar,0,1,33,0,34,0,0,16,0,16,0,1,49,0,50,81,0,81,131
09/30/2010,FPR,FL,ASO,ES,Towers with Radar,0,1,34,2,37,0,0,141,0,141,0,1,175,2,178,295,0,295,473
10/01/2010,FPR,FL,ASO,ES,Towers with Radar,0,4,50,0,54,0,1,166,0,167,0,5,216,0,221,282,0,282,503
10/02/2010,FPR,FL,ASO,ES,Towers with Radar,0,2,29,0,31,0,6,199,0,205,0,8,228,0,236,193,0,193,429
10/03/2010,FPR,FL,ASO,ES,Towers with Radar,0,4,19,0,23,0,0,88,0,88,0,4,107,0,111,22,0,22,133
10/04/2010,FPR,FL,ASO,ES,Towers with Radar,0,0,26,0,26,0,0,147,0,147,0,0,173,0,173,116,0,116,289
10/05/2010,FPR,FL,ASO,ES,Towers with Radar,0,0,32,0,32,0,0,139,0,139,0,0,171,0,171,171,0,171,342
10/06/2010,FPR,FL,ASO,ES,Towers with Radar,0,1,54,0,55,0,0,97,0,97,0,1,151,0,152,75,0,75,227
10/07/2010,FPR,FL,ASO,ES,Towers with Radar,0,4,44,0,48,0,1,175,0,176,0,5,219,0,224,261,0,261,485
10/08/2010,FPR,FL,ASO,ES,Towers with Radar,0,3,42,0,45,0,0,190,0,190,0,3,232,0,235,399,0,399,634
10/09/2010,FPR,FL,ASO,ES,Towers with Radar,0,0,30,0,30,0,0,164,0,164,0,0,194,0,194,195,0,195,389
10/10/2010,FPR,FL,ASO,ES,Towers with Radar,0,0,49,0,49,0,3,94,0,97,0,3,143,0,146,30,0,30,176
10/11/2010,FPR,FL,ASO,ES,Towers with Radar,0,3,49,0,52,0,2,185,0,187,0,5,234,0,239,312,0,312,551
10/12/2010,FPR,FL,ASO,ES,Towers with Radar,0,5,69,0,74,0,0,174,0,174,0,5,243,0,248,339,0,339,587
10/13/2010,FPR,FL,ASO,ES,Towers with Radar,0,1,56,0,57,0,0,191,0,191,0,1,247,0,248,396,0,396,644
10/14/2010,FPR,FL,ASO,ES,Towers with Radar,0,0,65,0,65,0,0,172,0,172,0,0,237,0,237,310,0,310,547
10/15/2010,FPR,FL,ASO,ES,Towers with Radar,0,3,50,4,57,0,2,224,0,226,0,5,274,4,283,288,0,288,571
10/16/2010,FPR,FL,ASO,ES,Towers with Radar,0,3,30,0,33,0,3,148,0,151,0,6,178,0,184,179,0,179,363
10/17/2010,FPR,FL,ASO,ES,Towers with Radar,0,3,27,0,30,0,5,115,0,120,0,8,142,0,150,52,0,52,202
10/18/2010,FPR,FL,ASO,ES,Towers with Radar,0,1,55,0,56,0,0,156,0,156,0,1,211,0,212,348,0,348,560
10/19/2010,FPR,FL,ASO,ES,Towers with Radar,0,0,59,0,59,0,0,149,0,149,0,0,208,0,208,287,0,287,495
10/20/2010,FPR,FL,ASO,ES,Towers with Radar,0,0,61,0,61,0,2,146,0,148,0,2,207,0,209,315,0,315,524
10/21/2010,FPR,FL,ASO,ES,Towers with Radar,0,1,73,0,74,0,0,195,0,195,0,1,268,0,269,260,0,260,529
10/22/2010,FPR,FL,ASO,ES,Towers with Radar,0,2,38,0,40,0,3,205,0,208,0,5,243,0,248,235,0,235,483
10/23/2010,FPR,FL,ASO,ES,Towers with Radar,0,1,48,0,49,0,3,166,0,169,0,4,214,0,218,317,0,317,535
10/24/2010,FPR,FL,ASO,ES,Towers with Radar,0,2,44,0,46,0,2,84,0,86,0,4,128,0,132,35,0,35,167
10/25/2010,FPR,FL,ASO,ES,Towers with Radar,0,3,64,0,67,0,0,150,0,150,0,3,214,0,217,276,0,276,493
10/26/2010,FPR,FL,ASO,ES,Towers with Radar,0,2,73,0,75,0,0,163,0,163,0,2,236,0,238,266,0,266,504
10/27/2010,FPR,FL,ASO,ES,Towers with Radar,0,1,88,0,89,0,1,186,0,187,0,2,274,0,276,331,0,331,607
10/28/2010,FPR,FL,ASO,ES,Towers with Radar,0,6,57,0,63,0,1,145,0,146,0,7,202,0,209,314,0,314,523
10/29/2010,FPR,FL,ASO,ES,Towers with Radar,0,2,36,0,38,0,0,82,0,82,0,2,118,0,120,162,0,162,282
10/30/2010,FPR,FL,ASO,ES,Towers with Radar,0,0,54,0,54,0,3,201,0,204,0,3,255,0,258,129,0,129,387
10/31/2010,FPR,FL,ASO,ES,Towers with Radar,0,2,41,3,46,0,6,90,0,96,0,8,131,3,142,2,0,2,144
11/01/2010,FPR,FL,ASO,ES,Towers with Radar,0,3,56,0,59,0,3,133,5,141,0,6,189,5,200,277,0,277,477
11/02/2010,FPR,FL,ASO,ES,Towers with Radar,0,4,64,0,68,0,0,187,10,197,0,4,251,10,265,308,0,308,573
11/03/2010,FPR,FL,ASO,ES,Towers with Radar,0,4,62,0,66,0,0,146,0,146,0,4,208,0,212,188,0,188,400
11/04/2010,FPR,FL,ASO,ES,Towers with Radar,0,2,79,0,81,0,1,27,0,28,0,3,106,0,109,163,0,163,272
11/05/2010,FPR,FL,ASO,ES,Towers with Radar,0,3,67,0,70,0,3,192,1,196,0,6,259,1,266,189,0,189,455
11/06/2010,FPR,FL,ASO,ES,Towers with Radar,0,1,41,0,42,0,4,166,4,174,0,5,207,4,216,202,0,202,418
11/07/2010,FPR,FL,ASO,ES,Towers with Radar,0,1,43,0,44,0,2,93,1,96,0,3,136,1,140,36,0,36,176
11/08/2010,FPR,FL,ASO,ES,Towers with Radar,0,2,59,0,61,0,2,174,1,177,0,4,233,1,238,240,0,240,478
11/09/2010,FPR,FL,ASO,ES,Towers with Radar,0,1,45,0,46,0,0,224,0,224,0,1,269,0,270,392,0,392,662
11/10/2010,FPR,FL,ASO,ES,Towers with Radar,0,7,85,0,92,0,2,194,0,196,0,9,279,0,288,403,0,403,691
11/11/2010,FPR,FL,ASO,ES,Towers with Radar,0,5,50,0,55,0,3,162,0,165,0,8,212,0,220,256,0,256,476
11/12/2010,FPR,FL,ASO,ES,Towers with Radar,0,1,50,0,51,0,6,161,0,167,0,7,211,0,218,192,0,192,410
11/13/2010,FPR,FL,ASO,ES,Towers with Radar,0,3,52,0,55,0,0,172,2,174,0,3,224,2,229,208,0,208,437
11/14/2010,FPR,FL,ASO,ES,Towers with Radar,0,6,68,0,74,0,2,107,3,112,0,8,175,3,186,2,2,4,190
11/15/2010,FPR,FL,ASO,ES,Towers with Radar,0,1,47,0,48,0,3,172,1,176,0,4,219,1,224,274,0,274,498
11/16/2010,FPR,FL,ASO,ES,Towers with Radar,0,0,59,0,59,0,2,152,0,154,0,2,211,0,213,141,0,141,354
11/17/2010,FPR,FL,ASO,ES,Towers with Radar,0,0,63,0,63,0,4,156,0,160,0,4,219,0,223,338,0,338,561
11/18/2010,FPR,FL,ASO,ES,Towers with Radar,0,1,53,2,56,0,3,113,4,120,0,4,166,6,176,322,0,322,498
11/19/2010,FPR,FL,ASO,ES,Towers with Radar,0,3,66,0,69,0,0,124,0,124,0,3,190,0,193,199,0,199,392
11/20/2010,FPR,FL,ASO,ES,Towers with Radar,0,2,79,0,81,0,2,117,0,119,0,4,196,0,200,146,0,146,346
11/21/2010,FPR,FL,ASO,ES,Towers with Radar,0,2,47,0,49,0,9,92,0,101,0,11,139,0,150,39,0,39,189
11/22/2010,FPR,FL,ASO,ES,Towers with Radar,0,1,55,0,56,0,2,165,0,167,0,3,220,0,223,411,0,411,634
11/23/2010,FPR,FL,ASO,ES,Towers with Radar,0,6,62,0,68,0,0,198,0,198,0,6,260,0,266,284,0,284,550
11/24/2010,FPR,FL,ASO,ES,Towers with Radar,0,4,42,0,46,0,0,154,0,154,0,4,196,0,200,210,0,210,410
11/25/2010,FPR,FL,ASO,ES,Towers with Radar,0,1,14,0,15,0,2,31,0,33,0,3,45,0,48,0,0,0,48
11/26/2010,FPR,FL,ASO,ES,Towers with Radar,0,1,30,0,31,0,3,109,0,112,0,4,139,0,143,164,0,164,307
11/27/2010,FPR,FL,ASO,ES,Towers with Radar,0,3,60,0,63,0,0,67,0,67,0,3,127,0,130,135,0,135,265
11/28/2010,FPR,FL,ASO,ES,Towers with Radar,0,2,78,0,80,0,0,112,0,112,0,2,190,0,192,48,0,48,240
11/29/2010,FPR,FL,ASO,ES,Towers with Radar,0,2,58,0,60,0,2,70,0,72,0,4,128,0,132,216,0,216,348
11/30/2010,FPR,FL,ASO,ES,Towers with Radar,0,0,60,0,60,0,0,72,0,72,0,0,132,0,132,104,0,104,236
12/01/2010,FPR,FL,ASO,ES,Towers with Radar,0,6,55,0,61,0,1,111,0,112,0,7,166,0,173,241,0,241,414
12/02/2010,FPR,FL,ASO,ES,Towers with Radar,0,2,49,0,51,0,4,192,0,196,0,6,241,0,247,205,0,205,452
12/03/2010,FPR,FL,ASO,ES,Towers with Radar,0,2,34,0,36,0,4,180,0,184,0,6,214,0,220,258,0,258,478
12/04/2010,FPR,FL,ASO,ES,Towers with Radar,0,4,34,0,38,0,1,213,0,214,0,5,247,0,252,191,0,191,443
12/05/2010,FPR,FL,ASO,ES,Towers with Radar,0,5,40,0,45,0,3,86,0,89,0,8,126,0,134,46,0,46,180
12/06/2010,FPR,FL,ASO,ES,Towers with Radar,0,0,40,0,40,0,0,122,0,122,0,0,162,0,162,269,0,269,431
12/07/2010,FPR,FL,ASO,ES,Towers with Radar,0,2,38,0,40,0,0,130,0,130,0,2,168,0,170,283,0,283,453
12/08/2010,FPR,FL,ASO,ES,Towers with Radar,0,3,35,0,38,0,0,141,0,141,0,3,176,0,179,292,0,292,471
12/09/2010,FPR,FL,ASO,ES,Towers with Radar,0,1,35,0,36,0,0,140,0,140,0,1,175,0,176,284,0,284,460
12/10/2010,FPR,FL,ASO,ES,Towers with Radar,0,2,31,0,33,0,2,178,0,180,0,4,209,0,213,236,0,236,449
12/11/2010,FPR,FL,ASO,ES,Towers with Radar,0,1,58,0,59,0,1,160,0,161,0,2,218,0,220,187,0,187,407
12/12/2010,FPR,FL,ASO,ES,Towers with Radar,0,1,33,0,34,0,1,116,0,117,0,2,149,0,151,89,0,89,240
12/13/2010,FPR,FL,ASO,ES,Towers with Radar,0,0,18,0,18,0,0,68,0,68,0,0,86,0,86,62,0,62,148
12/14/2010,FPR,FL,ASO,ES,Towers with Radar,0,2,45,0,47,0,3,137,0,140,0,5,182,0,187,236,0,236,423
12/15/2010,FPR,FL,ASO,ES,Towers with Radar,0,2,54,0,56,0,3,150,0,153,0,5,204,0,209,343,0,343,552
12/16/2010,FPR,FL,ASO,ES,Towers with Radar,0,2,33,0,35,0,4,137,0,141,0,6,170,0,176,283,0,283,459
12/17/2010,FPR,FL,ASO,ES,Towers with Radar,0,5,58,0,63,0,1,155,0,156,0,6,213,0,219,217,0,217,436
12/18/2010,FPR,FL,ASO,ES,Towers with Radar,0,4,35,0,39,0,0,62,0,62,0,4,97,0,101,131,0,131,232
12/19/2010,FPR,FL,ASO,ES,Towers with Radar,0,1,50,0,51,0,0,19,0,19,0,1,69,0,70,40,0,40,110
12/20/2010,FPR,FL,ASO,ES,Towers with Radar,0,0,35,0,35,0,0,161,0,161,0,0,196,0,196,131,0,131,327
12/21/2010,FPR,FL,ASO,ES,Towers with Radar,0,2,40,0,42,0,0,169,0,169,0,2,209,0,211,256,0,256,467
12/22/2010,FPR,FL,ASO,ES,Towers with Radar,0,0,32,0,32,0,1,116,0,117,0,1,148,0,149,278,0,278,427
12/23/2010,FPR,FL,ASO,ES,Towers with Radar,0,4,49,0,53,0,5,75,0,80,0,9,124,0,133,96,0,96,229
12/24/2010,FPR,FL,ASO,ES,Towers with Radar,0,3,11,0,14,0,1,65,0,66,0,4,76,0,80,22,0,22,102
12/25/2010,FPR,FL,ASO,ES,Towers with Radar,0,0,5,0,5,0,0,15,0,15,0,0,20,0,20,0,0,0,20
12/26/2010,FPR,FL,ASO,ES,Towers with Radar,0,4,31,0,35,0,0,14,0,14,0,4,45,0,49,0,0,0,49
12/27/2010,FPR,FL,ASO,ES,Towers with Radar,0,5,52,0,57,0,0,62,0,62,0,5,114,0,119,50,0,50,169
12/28/2010,FPR,FL,ASO,ES,Towers with Radar,0,7,56,0,63,0,3,104,0,107,0,10,160,0,170,194,0,194,364
12/29/2010,FPR,FL,ASO,ES,Towers with Radar,0,1,58,0,59,0,3,109,0,112,0,4,167,0,171,105,0,105,276
12/30/2010,FPR,FL,ASO,ES,Towers with Radar,0,3,79,0,82,0,4,80,0,84,0,7,159,0,166,162,0,162,328
12/31/2010,FPR,FL,ASO,ES,Towers with Radar,0,6,46,0,52,0,1,91,0,92,0,7,137,0,144,26,0,26,170
01/01/2011,FPR,FL,ASO,ES,Towers with Radar,0,8,31,0,39,0,2,66,0,68,0,10,97,0,107,4,0,4,111
01/02/2011,FPR,FL,ASO,ES,Towers with Radar,0,2,124,0,126,0,2,103,0,105,0,4,227,0,231,16,0,16,247
01/03/2011,FPR,FL,ASO,ES,Towers with Radar,0,4,75,1,80,0,2,99,0,101,0,6,174,1,181,96,0,96,277
01/04/2011,FPR,FL,ASO,ES,Towers with Radar,0,1,48,0,49,0,0,135,0,135,0,1,183,0,184,141,0,141,325
01/05/2011,FPR,FL,ASO,ES,Towers with Radar,0,1,49,0,50,0,7,137,0,144,0,8,186,0,194,139,0,139,333
01/06/2011,FPR,FL,ASO,ES,Towers with Radar,0,4,40,0,44,0,0,19,0,19,0,4,59,0,63,50,0,50,113
01/07/2011,FPR,FL,ASO,ES,Towers with Radar,0,3,38,0,41,0,2,175,0,177,0,5,213,0,218,209,0,209,427
01/08/2011,FPR,FL,ASO,ES,Towers with Radar,0,3,35,0,38,0,1,149,0,150,0,4,184,0,188,113,0,113,301
01/09/2011,FPR,FL,ASO,ES,Towers with Radar,0,7,30,0,37,0,0,136,0,136,0,7,166,0,173,62,0,62,235
01/10/2011,FPR,FL,ASO,ES,Towers with Radar,0,2,62,0,64,0,4,148,0,152,0,6,210,0,216,140,0,140,356
01/11/2011,FPR,FL,ASO,ES,Towers with Radar,0,0,74,0,74,0,0,27,0,27,0,0,101,0,101,81,0,81,182
01/12/2011,FPR,FL,ASO,ES,Towers with Radar,0,2,36,0,38,0,0,128,0,128,0,2,164,0,166,230,0,230,396
01/13/2011,FPR,FL,ASO,ES,Towers with Radar,0,1,45,0,46,0,5,170,0,175,0,6,215,0,221,165,0,165,386
01/14/2011,FPR,FL,ASO,ES,Towers with Radar,0,3,58,0,61,0,2,201,0,203,0,5,259,0,264,210,0,210,474
01/15/2011,FPR,FL,ASO,ES,Towers with Radar,0,2,38,0,40,0,1,180,0,181,0,3,218,0,221,322,0,322,543
01/16/2011,FPR,FL,ASO,ES,Towers with Radar,0,0,52,0,52,0,3,126,0,129,0,3,178,0,181,180,0,180,361
01/17/2011,FPR,FL,ASO,ES,Towers with Radar,0,6,51,0,57,0,0,65,0,65,0,6,116,0,122,153,0,153,275
01/18/2011,FPR,FL,ASO,ES,Towers with Radar,0,0,36,2,38,0,3,108,0,111,0,3,144,2,149,149,0,149,298
01/19/2011,FPR,FL,ASO,ES,Towers with Radar,0,3,53,0,56,0,1,163,0,164,0,4,216,0,220,257,0,257,477
01/20/2011,FPR,FL,ASO,ES,Towers with Radar,0,3,68,0,71,0,0,205,0,205,0,3,273,0,276,453,0,453,729
01/21/2011,FPR,FL,ASO,ES,Towers with Radar,0,2,41,0,43,0,0,41,0,41,0,2,82,0,84,108,0,108,192
01/22/2011,FPR,FL,ASO,ES,Towers with Radar,0,2,42,0,44,0,0,86,0,86,0,2,128,0,130,95,0,95,225
01/23/2011,FPR,FL,ASO,ES,Towers with Radar,0,0,55,0,55,0,1,146,0,147,0,1,201,0,202,85,0,85,287
01/24/2011,FPR,FL,ASO,ES,Towers with Radar,0,2,48,0,50,0,1,217,0,218,0,3,265,0,268,382,0,382,650
01/25/2011,FPR,FL,ASO,ES,Towers with Radar,0,0,36,0,36,0,0,77,0,77,0,0,113,0,113,170,0,170,283
01/26/2011,FPR,FL,ASO,ES,Towers with Radar,0,3,42,0,45,0,0,79,0,79,0,3,121,0,124,264,0,264,388
01/27/2011,FPR,FL,ASO,ES,Towers with Radar,0,1,71,0,72,0,1,218,0,219,0,2,289,0,291,343,0,343,634
01/28/2011,FPR,FL,ASO,ES,Towers with Radar,0,2,49,0,51,0,5,142,0,147,0,7,191,0,198,315,0,315,513
01/29/2011,FPR,FL,ASO,ES,Towers with Radar,0,1,46,0,47,0,2,176,0,178,0,3,222,0,225,230,0,230,455
01/30/2011,FPR,FL,ASO,ES,Towers with Radar,0,0,41,0,41,0,1,110,0,111,0,1,151,0,152,124,0,124,276
01/31/2011,FPR,FL,ASO,ES,Towers with Radar,0,1,55,0,56,0,2,188,0,190,0,3,243,0,246,290,0,290,536
02/01/2011,FPR,FL,ASO,ES,Towers with Radar,0,0,59,0,59,0,1,156,0,157,0,1,215,0,216,215,0,215,431
02/02/2011,FPR,FL,ASO,ES,Towers with Radar,0,0,54,0,54,0,1,165,1,167,0,1,219,1,221,223,0,223,444
02/03/2011,FPR,FL,ASO,ES,Towers with Radar,0,5,72,6,83,0,4,47,0,51,0,9,119,6,134,110,0,110,244
02/04/2011,FPR,FL,ASO,ES,Towers with Radar,0,1,80,0,81,0,2,176,0,178,0,3,256,0,259,210,0,210,469
02/05/2011,FPR,FL,ASO,ES,Towers with Radar,0,1,56,0,57,0,7,147,0,154,0,8,203,0,211,182,0,182,393
02/06/2011,FPR,FL,ASO,ES,Towers with Radar,0,2,67,0,69,0,3,25,0,28,0,5,92,0,97,64,0,64,161
02/07/2011,FPR,FL,ASO,ES,Towers with Radar,0,2,34,0,36,0,0,62,0,62,0,2,96,0,98,138,0,138,236
02/08/2011,FPR,FL,ASO,ES,Towers with Radar,0,4,57,0,61,0,4,176,0,180,0,8,233,0,241,206,0,206,447
02/09/2011,FPR,FL,ASO,ES,Towers with Radar,0,2,44,0,46,0,0,115,0,115,0,2,159,0,161,71,0,71,232
02/10/2011,FPR,FL,ASO,ES,Towers with Radar,0,1,58,0,59,0,0,6,0,6,0,1,64,0,65,10,0,10,75
02/11/2011,FPR,FL,ASO,ES,Towers with Radar,0,0,73,0,73,0,0,32,0,32,0,0,105,0,105,72,0,72,177
02/12/2011,FPR,FL,ASO,ES,Towers with Radar,0,1,43,0,44,0,5,190,0,195,0,6,233,0,239,196,0,196,435
02/13/2011,FPR,FL,ASO,ES,Towers with Radar,0,3,49,0,52,0,3,136,0,139,0,6,185,0,191,73,0,73,264
02/14/2011,FPR,FL,ASO,ES,Towers with Radar,0,3,74,0,77,0,0,158,0,158,0,3,232,0,235,290,0,290,525
02/15/2011,FPR,FL,ASO,ES,Towers with Radar,0,5,61,0,66,0,6,212,0,218,0,11,273,0,284,250,0,250,534
02/16/2011,FPR,FL,ASO,ES,Towers with Radar,0,2,63,0,65,0,2,172,0,174,0,4,235,0,239,334,0,334,573
02/17/2011,FPR,FL,ASO,ES,Towers with Radar,0,5,84,0,89,0,3,178,0,181,0,8,262,0,270,355,0,355,625
02/18/2011,FPR,FL,ASO,ES,Towers with Radar,0,4,65,0,69,0,3,195,0,198,0,7,260,0,267,167,0,167,434
02/19/2011,FPR,FL,ASO,ES,Towers with Radar,0,11,53,0,64,0,0,201,0,201,0,11,254,0,265,198,0,198,463
02/20/2011,FPR,FL,ASO,ES,Towers with Radar,0,3,69,0,72,0,2,85,0,87,0,5,154,0,159,9,0,9,168
02/21/2011,FPR,FL,ASO,ES,Towers with Radar,0,5,83,0,88,0,1,138,0,139,0,6,221,0,227,184,0,184,411
02/22/2011,FPR,FL,ASO,ES,Towers with Radar,0,1,60,0,61,0,1,137,0,138,0,2,197,0,199,267,0,267,466
02/23/2011,FPR,FL,ASO,ES,Towers with Radar,0,4,86,0,90,0,8,139,0,147,0,12,225,0,237,127,0,127,364
02/24/2011,FPR,FL,ASO,ES,Towers with Radar,0,5,75,0,80,0,0,160,0,160,0,5,235,0,240,237,0,237,477
02/25/2011,FPR,FL,ASO,ES,Towers with Radar,0,8,53,2,63,0,1,142,0,143,0,9,195,2,206,268,0,268,474
02/26/2011,FPR,FL,ASO,ES,Towers with Radar,0,1,57,0,58,0,4,175,0,179,0,5,232,0,237,230,0,230,467
02/27/2011,FPR,FL,ASO,ES,Towers with Radar,0,10,73,0,83,0,0,148,0,148,0,10,221,0,231,141,0,141,372
02/28/2011,FPR,FL,ASO,ES,Towers with Radar,0,2,64,0,66,0,1,184,0,185,0,3,248,0,251,189,0,189,440
03/01/2011,FPR,FL,ASO,ES,Towers with Radar,0,10,69,0,79,0,0,78,1,79,0,10,147,1,158,216,0,216,374
03/02/2011,FPR,FL,ASO,ES,Towers with Radar,0,7,109,0,116,0,0,117,0,117,0,7,226,0,233,182,0,182,415
03/03/2011,FPR,FL,ASO,ES,Towers with Radar,0,5,53,0,58,0,0,114,0,114,0,5,167,0,172,101,0,101,273
03/04/2011,FPR,FL,ASO,ES,Towers with Radar,0,3,76,0,79,0,1,131,0,132,0,4,207,0,211,295,0,295,506
03/05/2011,FPR,FL,ASO,ES,Towers with Radar,0,2,68,0,70,0,0,178,0,178,0,2,246,0,248,162,0,162,410
03/06/2011,FPR,FL,ASO,ES,Towers with Radar,0,6,62,0,68,0,2,51,0,53,0,8,113,0,121,113,0,113,234
03/07/2011,FPR,FL,ASO,ES,Towers with Radar,0,1,58,0,59,0,0,202,0,202,0,1,260,0,261,190,0,190,451
03/08/2011,FPR,FL,ASO,ES,Towers with Radar,0,3,83,0,86,0,2,182,0,184,0,5,265,0,270,382,0,382,652
03/09/2011,FPR,FL,ASO,ES,Towers with Radar,0,3,69,0,72,0,4,154,0,158,0,7,223,0,230,248,0,248,478
03/10/2011,FPR,FL,ASO,ES,Towers with Radar,0,4,38,0,42,0,0,50,0,50,0,4,88,0,92,234,0,234,326
03/11/2011,FPR,FL,ASO,ES,Towers with Radar,0,1,73,0,74,0,4,195,0,199,0,5,268,0,273,294,0,294,567
03/12/2011,FPR,FL,ASO,ES,Towers with Radar,0,3,79,0,82,0,4,238,0,242,0,7,317,0,324,254,0,254,578
03/13/2011,FPR,FL,ASO,ES,Towers with Radar,0,8,67,0,75,0,1,153,0,154,0,9,220,0,229,170,0,170,399
03/14/2011,FPR,FL,ASO,ES,Towers with Radar,0,0,67,0,67,0,1,162,0,163,0,1,229,0,230,355,0,355,585
03/15/2011,FPR,FL,ASO,ES,Towers with Radar,0,5,77,0,82,0,4,171,0,175,0,9,248,0,257,389,0,389,646
03/16/2011,FPR,FL,ASO,ES,Towers with Radar,0,9,88,0,97,0,1,212,0,213,0,10,300,0,310,353,0,353,663
03/17/2011,FPR,FL,ASO,ES,Towers with Radar,0,2,77,2,81,0,4,218,3,225,0,6,295,5,306,261,0,261,567
03/18/2011,FPR,FL,ASO,ES,Towers with Radar,0,4,68,0,72,0,1,205,0,206,0,5,273,0,278,212,0,212,490
03/19/2011,FPR,FL,ASO,ES,Towers with Radar,0,5,85,0,90,0,3,182,0,185,0,8,267,0,275,166,0,166,441
03/20/2011,FPR,FL,ASO,ES,Towers with Radar,0,3,55,0,58,0,0,141,0,141,0,3,196,0,199,46,0,46,245
03/21/2011,FPR,FL,ASO,ES,Towers with Radar,0,3,52,0,55,0,4,158,0,162,0,7,210,0,217,187,0,187,404
03/22/2011,FPR,FL,ASO,ES,Towers with Radar,0,3,63,0,66,0,6,210,0,216,0,9,273,0,282,284,0,284,566
03/23/2011,FPR,FL,ASO,ES,Towers with Radar,0,1,46,0,47,0,0,143,0,143,0,1,189,0,190,169,0,169,359
03/24/2011,FPR,FL,ASO,ES,Towers with Radar,0,1,58,0,59,0,2,149,0,151,0,3,207,0,210,195,0,195,405
03/25/2011,FPR,FL,ASO,ES,Towers with Radar,0,1,80,0,81,0,2,188,0,190,0,3,268,0,271,274,0,274,545
03/26/2011,FPR,FL,ASO,ES,Towers with Radar,0,6,83,0,89,0,3,177,2,182,0,9,260,2,271,233,0,233,504
03/27/2011,FPR,FL,ASO,ES,Towers with Radar,0,3,81,0,84,0,6,157,0,163,0,9,238,0,247,89,0,89,336
03/28/2011,FPR,FL,ASO,ES,Towers with Radar,0,1,24,0,25,0,0,12,0,12,0,1,36,0,37,46,0,46,83
03/29/2011,FPR,FL,ASO,ES,Towers with Radar,0,2,80,0,82,0,3,196,0,199,0,5,276,0,281,295,0,295,576
03/30/2011,FPR,FL,ASO,ES,Towers with Radar,0,1,72,0,73,0,0,131,0,131,0,1,203,0,204,184,0,184,388
03/31/2011,FPR,FL,ASO,ES,Towers with Radar,0,3,30,0,33,0,0,41,0,41,0,3,71,0,74,74,0,74,148
04/01/2011,FPR,FL,ASO,ES,Towers with Radar,0,3,82,0,85,0,2,168,0,170,0,5,250,0,255,301,0,301,556
04/02/2011,FPR,FL,ASO,ES,Towers with Radar,0,2,98,2,102,0,3,176,0,179,0,5,274,2,281,255,0,255,536
04/03/2011,FPR,FL,ASO,ES,Towers with Radar,0,5,48,0,53,0,3,158,0,161,0,8,206,0,214,169,0,169,383
04/04/2011,FPR,FL,ASO,ES,Towers with Radar,0,1,131,2,134,0,0,123,0,123,0,1,254,2,257,217,0,217,474
04/05/2011,FPR,FL,ASO,ES,Towers with Radar,0,2,24,0,26,0,0,44,0,44,0,2,68,0,70,269,0,269,339
04/06/2011,FPR,FL,ASO,ES,Towers with Radar,0,3,84,0,87,0,2,214,0,216,0,5,298,0,303,291,0,291,594
04/07/2011,FPR,FL,ASO,ES,Towers with Radar,0,3,85,0,88,0,5,195,0,200,0,8,280,0,288,349,0,349,637
04/08/2011,FPR,FL,ASO,ES,Towers with Radar,0,0,62,0,62,0,1,208,0,209,0,1,270,0,271,318,0,318,589
04/09/2011,FPR,FL,ASO,ES,Towers with Radar,0,4,69,0,73,0,3,143,0,146,0,7,212,0,219,214,0,214,433
04/10/2011,FPR,FL,ASO,ES,Towers with Radar,0,2,62,0,64,0,0,126,0,126,0,2,188,0,190,77,0,77,267
04/11/2011,FPR,FL,ASO,ES,Towers with Radar,0,1,72,0,73,0,2,182,0,184,0,3,254,0,257,327,0,327,584
04/12/2011,FPR,FL,ASO,ES,Towers with Radar,0,3,46,0,49,0,0,103,0,103,0,3,149,0,152,115,0,115,267
04/13/2011,FPR,FL,ASO,ES,Towers with Radar,0,2,81,0,83,0,2,148,0,150,0,4,229,0,233,313,0,313,546
04/14/2011,FPR,FL,ASO,ES,Towers with Radar,0,1,74,0,75,0,1,189,0,190,0,2,263,0,265,276,0,276,541
04/15/2011,FPR,FL,ASO,ES,Towers with Radar,0,3,63,2,68,0,3,93,0,96,0,6,156,2,164,119,0,119,283
04/16/2011,FPR,FL,ASO,ES,Towers with Radar,0,1,69,0,70,0,3,125,0,128,0,4,194,0,198,194,0,194,392
04/17/2011,FPR,FL,ASO,ES,Towers with Radar,0,2,51,0,53,0,5,102,0,107,0,7,153,0,160,84,0,84,244
04/18/2011,FPR,FL,ASO,ES,Towers with Radar,0,3,48,0,51,0,2,113,0,115,0,5,161,0,166,247,0,247,413
04/19/2011,FPR,FL,ASO,ES,Towers with Radar,0,5,69,0,74,0,2,176,0,178,0,7,245,0,252,233,0,233,485
04/20/2011,FPR,FL,ASO,ES,Towers with Radar,0,1,82,0,83,0,0,176,2,178,0,1,258,2,261,261,0,261,522
04/21/2011,FPR,FL,ASO,ES,Towers with Radar,0,1,80,0,81,0,1,159,0,160,0,2,239,0,241,310,0,310,551
04/22/2011,FPR,FL,ASO,ES,Towers with Radar,0,2,76,0,78,0,2,186,0,188,0,4,262,0,266,321,0,321,587
04/23/2011,FPR,FL,ASO,ES,Towers with Radar,0,1,68,1,70,0,3,150,3,156,0,4,218,4,226,268,0,268,494
04/24/2011,FPR,FL,ASO,ES,Towers with Radar,0,2,30,0,32,0,0,78,0,78,0,2,108,0,110,152,0,152,262
04/25/2011,FPR,FL,ASO,ES,Towers with Radar,0,3,97,1,101,0,0,105,0,105,0,3,202,1,206,251,0,251,457
04/26/2011,FPR,FL,ASO,ES,Towers with Radar,0,3,67,0,70,0,1,103,0,104,0,4,170,0,174,200,0,200,374
04/27/2011,FPR,FL,ASO,ES,Towers with Radar,0,4,76,0,80,0,0,137,0,137,0,4,213,0,217,160,0,160,377
04/28/2011,FPR,FL,ASO,ES,Towers with Radar,0,0,63,0,63,0,2,133,0,135,0,2,196,0,198,210,0,210,408
04/29/2011,FPR,FL,ASO,ES,Towers with Radar,0,5,58,0,63,0,2,55,0,57,0,7,113,0,120,131,0,131,251
04/30/2011,FPR,FL,ASO,ES,Towers with Radar,0,4,75,0,79,0,1,164,0,165,0,5,239,0,244,184,0,184,428
05/01/2011,FPR,FL,ASO,ES,Towers with Radar,0,1,63,0,64,0,2,122,0,124,0,3,185,0,188,81,0,81,269
05/02/2011,FPR,FL,ASO,ES,Towers with Radar,0,4,89,0,93,0,0,156,0,156,0,4,245,0,249,353,0,353,602
05/03/2011,FPR,FL,ASO,ES,Towers with Radar,0,9,69,0,78,0,0,164,0,164,0,9,233,0,242,207,0,207,449
05/04/2011,FPR,FL,ASO,ES,Towers with Radar,0,4,75,0,79,0,1,82,0,83,0,5,157,0,162,209,0,209,371
05/05/2011,FPR,FL,ASO,ES,Towers with Radar,0,0,64,0,64,0,0,159,0,159,0,0,223,0,223,163,0,163,386
05/06/2011,FPR,FL,ASO,ES,Towers with Radar,0,1,61,0,62,0,0,103,0,103,0,1,164,0,165,235,0,235,400
05/07/2011,FPR,FL,ASO,ES,Towers with Radar,0,0,47,0,47,0,0,167,0,167,0,0,214,0,214,207,0,207,421
05/08/2011,FPR,FL,ASO,ES,Towers with Radar,0,0,44,0,44,0,3,100,0,103,0,3,144,0,147,102,0,102,249
05/09/2011,FPR,FL,ASO,ES,Towers with Radar,0,3,67,0,70,0,0,166,0,166,0,3,233,0,236,236,0,236,472
05/10/2011,FPR,FL,ASO,ES,Towers with Radar,0,2,78,0,80,0,0,152,0,152,0,2,230,0,232,247,0,247,479
05/11/2011,FPR,FL,ASO,ES,Towers with Radar,0,10,52,2,64,0,0,142,1,143,0,10,194,3,207,237,0,237,444
05/12/2011,FPR,FL,ASO,ES,Towers with Radar,0,3,87,0,90,0,5,136,0,141,0,8,223,0,231,330,0,330,561
05/13/2011,FPR,FL,ASO,ES,Towers with Radar,0,0,44,2,46,0,0,158,0,158,0,0,202,2,204,220,0,220,424
05/14/2011,FPR,FL,ASO,ES,Towers with Radar,0,2,28,0,30,0,1,115,0,116,0,3,143,0,146,60,0,60,206
05/15/2011,FPR,FL,ASO,ES,Towers with Radar,0,1,51,0,52,0,2,54,0,56,0,3,105,0,108,35,0,35,143
05/16/2011,FPR,FL,ASO,ES,Towers with Radar,0,2,62,0,64,0,1,183,0,184,0,3,245,0,248,235,0,235,483
05/17/2011,FPR,FL,ASO,ES,Towers with Radar,0,0,31,1,32,0,0,154,1,155,0,0,185,2,187,186,0,186,373
05/18/2011,FPR,FL,ASO,ES,Towers with Radar,0,4,47,0,51,0,2,164,2,168,0,6,211,2,219,292,4,296,515
05/19/2011,FPR,FL,ASO,ES,Towers with Radar,0,0,45,0,45,0,4,160,0,164,0,4,205,0,209,202,0,202,411
05/20/2011,FPR,FL,ASO,ES,Towers with Radar,0,5,62,0,67,0,1,153,0,154,0,6,215,0,221,229,0,229,450
05/21/2011,FPR,FL,ASO,ES,Towers with Radar,0,2,41,0,43,0,0,152,0,152,0,2,193,0,195,150,0,150,345
05/22/2011,FPR,FL,ASO,ES,Towers with Radar,0,3,60,0,63,0,2,127,0,129,0,5,187,0,192,38,0,38,230
05/23/2011,FPR,FL,ASO,ES,Towers with Radar,0,1,69,0,70,0,1,117,0,118,0,2,186,0,188,325,6,331,519
05/24/2011,FPR,FL,ASO,ES,Towers with Radar,0,4,64,0,68,0,0,172,0,172,0,4,236,0,240,282,0,282,522
05/25/2011,FPR,FL,ASO,ES,Towers with Radar,0,2,86,0,88,0,0,143,0,143,0,2,229,0,231,158,0,158,389
05/26/2011,FPR,FL,ASO,ES,Towers with Radar,0,1,53,0,54,0,1,123,0,124,0,2,176,0,178,168,0,168,346
05/27/2011,FPR,FL,ASO,ES,Towers with Radar,0,0,68,5,73,0,1,106,1,108,0,1,174,6,181,136,0,136,317
05/28/2011,FPR,FL,ASO,ES,Towers with Radar,0,1,55,1,57,0,2,117,0,119,0,3,172,1,176,186,0,186,362
05/29/2011,FPR,FL,ASO,ES,Towers with Radar,0,1,29,0,30,0,0,106,0,106,0,1,135,0,136,101,0,101,237
05/30/2011,FPR,FL,ASO,ES,Towers with Radar,0,0,75,0,75,0,6,110,0,116,0,6,185,0,191,45,0,45,236
05/31/2011,FPR,FL,ASO,ES,Towers with Radar,0,1,62,0,63,0,1,157,0,158,0,2,219,0,221,227,0,227,448
06/01/2011,FPR,FL,ASO,ES,Towers with Radar,0,2,64,2,68,0,4,96,0,100,0,6,160,2,168,157,0,157,325
06/02/2011,FPR,FL,ASO,ES,Towers with Radar,0,1,81,2,84,0,0,124,0,124,0,1,205,2,208,162,0,162,370
06/03/2011,FPR,FL,ASO,ES,Towers with Radar,0,6,85,0,91,0,0,169,0,169,0,6,254,0,260,186,0,186,446
06/04/2011,FPR,FL,ASO,ES,Towers with Radar,0,5,52,0,57,0,1,152,0,153,0,6,204,0,210,106,0,106,316
06/05/2011,FPR,FL,ASO,ES,Towers with Radar,0,1,28,0,29,0,0,113,0,113,0,1,141,0,142,63,0,63,205
06/06/2011,FPR,FL,ASO,ES,Towers with Radar,0,4,68,0,72,0,3,161,0,164,0,7,229,0,236,282,0,282,518
06/07/2011,FPR,FL,ASO,ES,Towers with Radar,0,1,78,0,79,0,0,155,0,155,0,1,233,0,234,240,0,240,474
06/08/2011,FPR,FL,ASO,ES,Towers with Radar,0,1,46,0,47,0,6,114,0,120,0,7,160,0,167,187,0,187,354
06/09/2011,FPR,FL,ASO,ES,Towers with Radar,0,0,77,0,77,0,4,122,0,126,0,4,199,0,203,184,0,184,387
06/10/2011,FPR,FL,ASO,ES,Towers with Radar,0,0,86,0,86,0,2,138,0,140,0,2,224,0,226,188,0,188,414
06/11/2011,FPR,FL,ASO,ES,Towers with Radar,0,1,41,0,42,0,0,155,0,155,0,1,196,0,197,67,0,67,264
06/12/2011,FPR,FL,ASO,ES,Towers with Radar,0,0,65,0,65,0,6,85,0,91,0,6,150,0,156,28,0,28,184
06/13/2011,FPR,FL,ASO,ES,Towers with Radar,0,0,55,0,55,0,3,157,0,160,0,3,212,0,215,168,0,168,383
06/14/2011,FPR,FL,ASO,ES,Towers with Radar,0,3,39,0,42,0,2,130,0,132,0,5,169,0,174,169,0,169,343
06/15/2011,FPR,FL,ASO,ES,Towers with Radar,0,0,60,0,60,0,0,50,0,50,0,0,110,0,110,104,0,104,214
06/16/2011,FPR,FL,ASO,ES,Towers with Radar,0,0,53,0,53,0,1,98,0,99,0,1,151,0,152,132,0,132,284
06/17/2011,FPR,FL,ASO,ES,Towers with Radar,0,2,60,0,62,0,0,114,0,114,0,2,174,0,176,180,0,180,356
06/18/2011,FPR,FL,ASO,ES,Towers with Radar,0,4,80,0,84,0,5,173,0,178,0,9,253,0,262,90,0,90,352
06/19/2011,FPR,FL,ASO,ES,Towers with Radar,0,1,45,0,46,0,0,120,0,120,0,1,165,0,166,58,0,58,224
06/20/2011,FPR,FL,ASO,ES,Towers with Radar,0,5,62,0,67,0,1,154,0,155,0,6,216,0,222,168,0,168,390
06/21/2011,FPR,FL,ASO,ES,Towers with Radar,0,3,50,0,53,0,0,148,0,148,0,3,198,0,201,187,0,187,388
06/22/2011,FPR,FL,ASO,ES,Towers with Radar,0,1,53,0,54,0,1,150,0,151,0,2,203,0,205,146,0,146,351
06/23/2011,FPR,FL,ASO,ES,Towers with Radar,0,0,47,0,47,0,0,133,0,133,0,0,180,0,180,150,0,150,330
06/24/2011,FPR,FL,ASO,ES,Towers with Radar,0,0,75,0,75,0,1,122,0,123,0,1,197,0,198,116,0,116,314
06/25/2011,FPR,FL,ASO,ES,Towers with Radar,0,5,61,0,66,0,0,111,0,111,0,5,172,0,177,105,0,105,282
06/26/2011,FPR,FL,ASO,ES,Towers with Radar,0,2,36,0,38,0,0,69,0,69,0,2,105,0,107,51,0,51,158
06/27/2011,FPR,FL,ASO,ES,Towers with Radar,0,0,60,0,60,0,1,104,0,105,0,1,164,0,165,174,0,174,339
06/28/2011,FPR,FL,ASO,ES,Towers with Radar,0,2,48,0,50,0,0,91,0,91,0,2,139,0,141,159,0,159,300
06/29/2011,FPR,FL,ASO,ES,Towers with Radar,0,0,57,0,57,0,0,65,0,65,0,0,122,0,122,117,0,117,239
06/30/2011,FPR,FL,ASO,ES,Towers with Radar,0,1,63,0,64,0,0,138,0,138,0,1,201,0,202,241,0,241,443
07/01/2011,FPR,FL,ASO,ES,Towers with Radar,0,5,58,0,63,0,1,121,0,122,0,6,179,0,185,188,0,188,373
07/02/2011,FPR,FL,ASO,ES,Towers with Radar,0,5,65,0,70,0,0,147,0,147,0,5,212,0,217,191,0,191,408
07/03/2011,FPR,FL,ASO,ES,Towers with Radar,0,0,23,0,23,0,2,104,0,106,0,2,127,0,129,38,0,38,167
07/04/2011,FPR,FL,ASO,ES,Towers with Radar,0,0,31,0,31,0,0,66,0,66,0,0,97,0,97,6,0,6,103
07/05/2011,FPR,FL,ASO,ES,Towers with Radar,0,0,79,0,79,0,0,176,0,176,0,0,255,0,255,210,0,210,465
07/06/2011,FPR,FL,ASO,ES,Towers with Radar,0,1,75,0,76,0,0,114,0,114,0,1,189,0,190,139,0,139,329
07/07/2011,FPR,FL,ASO,ES,Towers with Radar,0,1,53,0,54,0,1,46,0,47,0,2,99,0,101,166,0,166,267
07/08/2011,FPR,FL,ASO,ES,Towers with Radar,0,0,40,0,40,0,0,90,0,90,0,0,130,0,130,92,0,92,222
07/09/2011,FPR,FL,ASO,ES,Towers with Radar,0,1,77,0,78,0,1,158,0,159,0,2,235,0,237,98,0,98,335
07/10/2011,FPR,FL,ASO,ES,Towers with Radar,0,5,41,0,46,0,0,129,0,129,0,5,170,0,175,104,0,104,279
07/11/2011,FPR,FL,ASO,ES,Towers with Radar,0,2,43,0,45,0,2,161,0,163,0,4,204,0,208,216,0,216,424
07/12/2011,FPR,FL,ASO,ES,Towers with Radar,0,6,23,0,29,0,0,133,0,133,0,6,156,0,162,199,0,199,361
07/13/2011,FPR,FL,ASO,ES,Towers with Radar,0,1,44,0,45,0,0,144,0,144,0,1,188,0,189,273,0,273,462
07/14/2011,FPR,FL,ASO,ES,Towers with Radar,0,0,41,0,41,0,3,127,0,130,0,3,168,0,171,277,0,277,448
07/15/2011,FPR,FL,ASO,ES,Towers with Radar,0,0,43,0,43,0,1,100,1,102,0,1,143,1,145,258,0,258,403
07/16/2011,FPR,FL,ASO,ES,Towers with Radar,0,0,36,0,36,0,4,132,0,136,0,4,168,0,172,130,0,130,302
07/17/2011,FPR,FL,ASO,ES,Towers with Radar,0,3,42,0,45,0,1,93,0,94,0,4,135,0,139,50,0,50,189
07/18/2011,FPR,FL,ASO,ES,Towers with Radar,0,2,45,0,47,0,1,84,0,85,0,3,129,0,132,131,0,131,263
07/19/2011,FPR,FL,ASO,ES,Towers with Radar,0,2,41,1,44,0,5,158,0,163,0,7,199,1,207,178,0,178,385
07/20/2011,FPR,FL,ASO,ES,Towers with Radar,0,5,55,0,60,0,3,143,0,146,0,8,198,0,206,250,0,250,456
07/21/2011,FPR,FL,ASO,ES,Towers with Radar,0,4,57,0,61,0,6,129,0,135,0,10,186,0,196,218,0,218,414
07/22/2011,FPR,FL,ASO,ES,Towers with Radar,0,1,52,0,53,0,3,108,0,111,0,4,160,0,164,202,0,202,366
07/23/2011,FPR,FL,ASO,ES,Towers with Radar,0,1,57,0,58,0,3,109,0,112,0,4,166,0,170,120,0,120,290
07/24/2011,FPR,FL,ASO,ES,Towers with Radar,0,0,69,0,69,0,0,82,0,82,0,0,151,0,151,79,0,79,230
07/25/2011,FPR,FL,ASO,ES,Towers with Radar,0,2,63,0,65,0,2,148,0,150,0,4,211,0,215,225,0,225,440
07/26/2011,FPR,FL,ASO,ES,Towers with Radar,0,1,66,0,67,0,0,97,0,97,0,1,163,0,164,114,0,114,278
07/27/2011,FPR,FL,ASO,ES,Towers with Radar,0,1,77,0,78,0,0,111,0,111,0,1,188,0,189,228,0,228,417
07/28/2011,FPR,FL,ASO,ES,Towers with Radar,0,2,41,0,43,0,3,134,0,137,0,5,175,0,180,186,0,186,366
07/29/2011,FPR,FL,ASO,ES,Towers with Radar,0,2,61,0,63,0,1,131,0,132,0,3,192,0,195,251,0,251,446
07/30/2011,FPR,FL,ASO,ES,Towers with Radar,0,1,37,0,38,0,0,122,0,122,0,1,159,0,160,136,0,136,296
07/31/2011,FPR,FL,ASO,ES,Towers with Radar,0,3,45,0,48,0,2,111,0,113,0,5,156,0,161,70,0,70,231
08/01/2011,FPR,FL,ASO,ES,Towers with Radar,0,2,68,0,70,0,1,120,0,121,0,3,188,0,191,175,0,175,366
08/02/2011,FPR,FL,ASO,ES,Towers with Radar,0,2,39,0,41,0,0,80,0,80,0,2,119,0,121,227,0,227,348
08/03/2011,FPR,FL,ASO,ES,Towers with Radar,0,2,58,0,60,0,1,149,0,150,0,3,207,0,210,234,0,234,444
08/04/2011,FPR,FL,ASO,ES,Towers with Radar,0,0,70,0,70,0,1,88,0,89,0,1,158,0,159,159,0,159,318
08/05/2011,FPR,FL,ASO,ES,Towers with Radar,0,0,54,0,54,0,4,166,0,170,0,4,220,0,224,180,0,180,404
08/06/2011,FPR,FL,ASO,ES,Towers with Radar,0,4,25,0,29,0,2,123,0,125,0,6,148,0,154,129,0,129,283
08/07/2011,FPR,FL,ASO,ES,Towers with Radar,0,2,40,0,42,0,3,60,0,63,0,5,100,0,105,71,0,71,176
08/08/2011,FPR,FL,ASO,ES,Towers with Radar,0,0,27,0,27,0,0,84,0,84,0,0,111,0,111,157,0,157,268
08/09/2011,FPR,FL,ASO,ES,Towers with Radar,0,5,26,0,31,0,16,56,0,72,0,21,82,0,103,132,0,132,235
08/10/2011,FPR,FL,ASO,ES,Towers with Radar,0,0,29,0,29,0,0,143,0,143,0,0,172,0,172,218,0,218,390
08/11/2011,FPR,FL,ASO,ES,Towers with Radar,0,1,53,0,54,0,3,118,0,121,0,4,171,0,175,143,0,143,318
08/12/2011,FPR,FL,ASO,ES,Towers with Radar,0,5,55,0,60,0,4,159,0,163,0,9,214,0,223,194,0,194,417
08/13/2011,FPR,FL,ASO,ES,Towers with Radar,0,1,55,0,56,0,7,153,0,160,0,8,208,0,216,194,0,194,410
08/14/2011,FPR,FL,ASO,ES,Towers with Radar,0,1,43,0,44,0,0,104,0,104,0,1,147,0,148,70,0,70,218
08/15/2011,FPR,FL,ASO,ES,Towers with Radar,0,2,43,0,45,0,0,146,0,146,0,2,189,0,191,238,0,238,429
08/16/2011,FPR,FL,ASO,ES,Towers with Radar,0,1,42,0,43,0,0,159,0,159,0,1,201,0,202,265,0,265,467
08/17/2011,FPR,FL,ASO,ES,Towers with Radar,0,0,41,0,41,0,0,105,0,105,0,0,146,0,146,263,0,263,409
08/18/2011,FPR,FL,ASO,ES,Towers with Radar,0,3,49,0,52,0,0,121,0,121,0,3,170,0,173,262,0,262,435
08/19/2011,FPR,FL,ASO,ES,Towers with Radar,0,0,54,2,56,0,0,160,2,162,0,0,214,4,218,303,0,303,521
08/20/2011,FPR,FL,ASO,ES,Towers with Radar,0,1,30,0,31,0,2,107,0,109,0,3,137,0,140,180,0,180,320
08/21/2011,FPR,FL,ASO,ES,Towers with Radar,0,0,37,0,37,0,1,119,0,120,0,1,156,0,157,120,0,120,277
08/22/2011,FPR,FL,ASO,ES,Towers with Radar,0,0,57,0,57,0,0,153,0,153,0,0,210,0,210,217,0,217,427
08/23/2011,FPR,FL,ASO,ES,Towers with Radar,0,2,54,0,56,0,0,132,0,132,0,2,186,0,188,225,0,225,413
08/24/2011,FPR,FL,ASO,ES,Towers with Radar,0,0,38,0,38,0,1,107,0,108,0,1,145,0,146,140,0,140,286
08/25/2011,FPR,FL,ASO,ES,Towers with Radar,0,1,1,0,2,0,1,4,0,5,0,2,5,0,7,0,0,0,7
08/26/2011,FPR,FL,ASO,ES,Towers with Radar,0,0,28,0,28,0,0,62,0,62,0,0,90,0,90,14,0,14,104
08/27/2011,FPR,FL,ASO,ES,Towers with Radar,0,0,25,0,25,0,1,87,0,88,0,1,112,0,113,72,0,72,185
08/28/2011,FPR,FL,ASO,ES,Towers with Radar,0,1,41,0,42,0,2,129,0,131,0,3,170,0,173,50,0,50,223
08/29/2011,FPR,FL,ASO,ES,Towers with Radar,0,0,63,0,63,0,2,98,0,100,0,2,161,0,163,147,0,147,310
08/30/2011,FPR,FL,ASO,ES,Towers with Radar,0,2,55,0,57,0,0,139,0,139,0,2,194,0,196,231,0,231,427
08/31/2011,FPR,FL,ASO,ES,Towers with Radar,0,0,51,0,51,0,0,100,0,100,0,0,151,0,151,134,0,134,285
09/01/2011,FPR,FL,ASO,ES,Towers with Radar,0,2,64,0,66,0,1,108,0,109,0,3,172,0,175,265,0,265,440
09/02/2011,FPR,FL,ASO,ES,Towers with Radar,0,4,87,1,92,0,2,115,0,117,0,6,202,1,209,127,0,127,336
09/03/2011,FPR,FL,ASO,ES,Towers with Radar,0,2,41,0,43,0,4,125,0,129,0,6,166,0,172,109,0,109,281
09/04/2011,FPR,FL,ASO,ES,Towers with Radar,0,0,38,0,38,0,2,82,0,84,0,2,120,0,122,105,0,105,227
09/05/2011,FPR,FL,ASO,ES,Towers with Radar,0,1,58,0,59,0,0,87,0,87,0,1,145,0,146,16,0,16,162
09/06/2011,FPR,FL,ASO,ES,Towers with Radar,0,0,52,0,52,0,0,99,2,101,0,0,151,2,153,123,0,123,276
09/07/2011,FPR,FL,ASO,ES,Towers with Radar,0,1,55,0,56,0,2,83,0,85,0,3,138,0,141,226,0,226,367
09/08/2011,FPR,FL,ASO,ES,Towers with Radar,0,1,58,0,59,0,0,143,0,143,0,1,201,0,202,192,0,192,394
09/09/2011,FPR,FL,ASO,ES,Towers with Radar,0,3,49,0,52,0,0,127,0,127,0,3,176,0,179,203,0,203,382
09/10/2011,FPR,FL,ASO,ES,Towers with Radar,0,0,69,0,69,0,0,143,0,143,0,0,212,0,212,109,0,109,321
09/11/2011,FPR,FL,ASO,ES,Towers with Radar,0,3,28,0,31,0,7,57,0,64,0,10,85,0,95,34,0,34,129
09/12/2011,FPR,FL,ASO,ES,Towers with Radar,0,2,32,0,34,0,0,87,0,87,0,2,119,0,121,150,0,150,271
09/13/2011,FPR,FL,ASO,ES,Towers with Radar,0,0,48,0,48,0,0,131,0,131,0,0,179,0,179,224,0,224,403
09/14/2011,FPR,FL,ASO,ES,Towers with Radar,0,1,65,0,66,0,0,146,0,146,0,1,211,0,212,141,0,141,353
09/15/2011,FPR,FL,ASO,ES,Towers with Radar,0,0,42,0,42,0,2,137,0,139,0,2,179,0,181,348,0,348,529
09/16/2011,FPR,FL,ASO,ES,Towers with Radar,0,0,39,0,39,0,3,142,0,145,0,3,181,0,184,297,0,297,481
09/17/2011,FPR,FL,ASO,ES,Towers with Radar,0,0,36,0,36,0,3,110,0,113,0,3,146,0,149,190,0,190,339
09/18/2011,FPR,FL,ASO,ES,Towers with Radar,0,1,28,0,29,0,0,78,0,78,0,1,106,0,107,81,0,81,188
09/19/2011,FPR,FL,ASO,ES,Towers with Radar,0,0,70,0,70,0,0,103,0,103,0,0,173,0,173,282,0,282,455
09/20/2011,FPR,FL,ASO,ES,Towers with Radar,0,3,33,0,36,0,0,130,0,130,0,3,163,0,166,369,0,369,535
09/21/2011,FPR,FL,ASO,ES,Towers with Radar,0,0,52,0,52,0,1,130,0,131,0,1,182,0,183,286,0,286,469
09/22/2011,FPR,FL,ASO,ES,Towers with Radar,0,1,55,0,56,0,0,75,1,76,0,1,130,1,132,142,0,142,274
09/23/2011,FPR,FL,ASO,ES,Towers with Radar,0,3,38,0,41,0,0,115,0,115,0,3,153,0,156,319,0,319,475
09/24/2011,FPR,FL,ASO,ES,Towers with Radar,0,1,44,0,45,0,7,98,0,105,0,8,142,0,150,160,0,160,310
09/25/2011,FPR,FL,ASO,ES,Towers with Radar,0,0,21,0,21,0,0,80,0,80,0,0,101,0,101,87,0,87,188
09/26/2011,FPR,FL,ASO,ES,Towers with Radar,0,0,61,0,61,0,1,113,0,114,0,1,174,0,175,237,0,237,412
09/27/2011,FPR,FL,ASO,ES,Towers with Radar,0,0,55,0,55,0,3,95,0,98,0,3,150,0,153,302,0,302,455
09/28/2011,FPR,FL,ASO,ES,Towers with Radar,0,2,57,0,59,0,3,165,0,168,0,5,222,0,227,346,0,346,573
09/29/2011,FPR,FL,ASO,ES,Towers with Radar,0,0,41,0,41,0,2,164,0,166,0,2,205,0,207,175,0,175,382
09/30/2011,FPR,FL,ASO,ES,Towers with Radar,0,4,49,0,53,0,0,103,0,103,0,4,152,0,156,140,0,140,296
10/01/2011,FPR,FL,ASO,ES,Towers with Radar,0,0,27,0,27,0,0,126,0,126,0,0,153,0,153,108,0,108,261
10/02/2011,FPR,FL,ASO,ES,Towers with Radar,0,0,25,0,25,0,0,109,0,109,0,0,134,0,134,90,0,90,224
10/03/2011,FPR,FL,ASO,ES,Towers with Radar,0,1,62,0,63,0,0,129,0,129,0,1,191,0,192,233,0,233,425
10/04/2011,FPR,FL,ASO,ES,Towers with Radar,0,0,65,0,65,0,3,155,0,158,0,3,220,0,223,225,0,225,448
10/05/2011,FPR,FL,ASO,ES,Towers with Radar,0,0,61,0,61,0,0,143,0,143,0,0,204,0,204,161,0,161,365
10/06/2011,FPR,FL,ASO,ES,Towers with Radar,0,0,79,0,79,0,3,83,0,86,0,3,162,0,165,80,0,80,245
10/07/2011,FPR,FL,ASO,ES,Towers with Radar,0,1,29,0,30,0,1,54,0,55,0,2,83,0,85,32,0,32,117
10/08/2011,FPR,FL,ASO,ES,Towers with Radar,0,2,8,0,10,0,0,9,0,9,0,2,17,0,19,19,0,19,38
10/09/2011,FPR,FL,ASO,ES,Towers with Radar,0,2,14,0,16,0,2,25,0,27,0,4,39,0,43,2,0,2,45
10/10/2011,FPR,FL,ASO,ES,Towers with Radar,0,0,74,0,74,0,1,200,0,201,0,1,274,0,275,248,0,248,523
10/11/2011,FPR,FL,ASO,ES,Towers with Radar,0,0,46,0,46,0,3,137,0,140,0,3,183,0,186,294,0,294,480
10/12/2011,FPR,FL,ASO,ES,Towers with Radar,0,1,52,0,53,0,0,132,0,132,0,1,184,0,185,190,0,190,375
10/13/2011,FPR,FL,ASO,ES,Towers with Radar,0,0,57,0,57,0,14,134,0,148,0,14,191,0,205,285,0,285,490
10/14/2011,FPR,FL,ASO,ES,Towers with Radar,0,5,42,0,47,0,3,112,0,115,0,8,154,0,162,233,0,233,395
10/15/2011,FPR,FL,ASO,ES,Towers with Radar,0,1,42,0,43,0,0,138,0,138,0,1,180,0,181,166,0,166,347
10/16/2011,FPR,FL,ASO,ES,Towers with Radar,0,0,31,0,31,0,3,57,0,60,0,3,88,0,91,17,0,17,108
10/17/2011,FPR,FL,ASO,ES,Towers with Radar,0,3,56,0,59,0,0,94,0,94,0,3,150,0,153,293,0,293,446
10/18/2011,FPR,FL,ASO,ES,Towers with Radar,0,0,50,0,50,0,2,24,0,26,0,2,74,0,76,48,0,48,124
10/19/2011,FPR,FL,ASO,ES,Towers with Radar,0,1,40,0,41,0,0,30,0,30,0,1,70,0,71,32,0,32,103
10/20/2011,FPR,FL,ASO,ES,Towers with Radar,0,1,54,0,55,0,0,196,0,196,0,1,250,0,251,211,0,211,462
10/21/2011,FPR,FL,ASO,ES,Towers with Radar,0,0,43,0,43,0,6,163,0,169,0,6,206,0,212,223,0,223,435
10/22/2011,FPR,FL,ASO,ES,Towers with Radar,0,0,59,0,59,0,0,172,0,172,0,0,231,0,231,213,0,213,444
10/23/2011,FPR,FL,ASO,ES,Towers with Radar,0,6,47,0,53,0,1,79,0,80,0,7,126,0,133,52,0,52,185
10/24/2011,FPR,FL,ASO,ES,Towers with Radar,0,2,38,0,40,0,0,161,0,161,0,2,199,0,201,171,0,171,372
10/25/2011,FPR,FL,ASO,ES,Towers with Radar,0,1,86,0,87,0,2,131,0,133,0,3,217,0,220,212,0,212,432
10/26/2011,FPR,FL,ASO,ES,Towers with Radar,0,1,77,0,78,0,0,163,0,163,0,1,240,0,241,271,0,271,512
10/27/2011,FPR,FL,ASO,ES,Towers with Radar,0,0,70,0,70,0,0,168,0,168,0,0,238,0,238,231,0,231,469
10/28/2011,FPR,FL,ASO,ES,Towers with Radar,0,0,97,0,97,0,3,96,0,99,0,3,193,0,196,265,0,265,461
10/29/2011,FPR,FL,ASO,ES,Towers with Radar,0,0,56,0,56,0,4,20,0,24,0,4,76,0,80,31,0,31,111
10/30/2011,FPR,FL,ASO,ES,Towers with Radar,0,0,45,0,45,0,1,26,0,27,0,1,71,0,72,60,0,60,132
10/31/2011,FPR,FL,ASO,ES,Towers with Radar,0,3,39,0,42,0,0,7,0,7,0,3,46,0,49,4,0,4,53
11/01/2011,FPR,FL,ASO,ES,Towers with Radar,0,2,76,0,78,0,0,90,0,90,0,2,166,0,168,96,0,96,264
11/02/2011,FPR,FL,ASO,ES,Towers with Radar,0,2,63,0,65,0,2,169,0,171,0,4,232,0,236,247,0,247,483
11/03/2011,FPR,FL,ASO,ES,Towers with Radar,0,3,70,0,73,0,1,170,0,171,0,4,240,0,244,339,0,339,583
11/04/2011,FPR,FL,ASO,ES,Towers with Radar,0,3,56,0,59,0,4,126,0,130,0,7,182,0,189,199,0,199,388
11/05/2011,FPR,FL,ASO,ES,Towers with Radar,0,1,52,0,53,0,3,91,0,94,0,4,143,0,147,120,0,120,267
11/06/2011,FPR,FL,ASO,ES,Towers with Radar,0,0,43,0,43,0,2,65,0,67,0,2,108,0,110,28,0,28,138
11/07/2011,FPR,FL,ASO,ES,Towers with Radar,0,0,106,0,106,0,1,134,0,135,0,1,240,0,241,160,0,160,401
11/08/2011,FPR,FL,ASO,ES,Towers with Radar,0,1,153,0,154,0,3,132,0,135,0,4,285,0,289,242,0,242,531
11/09/2011,FPR,FL,ASO,ES,Towers with Radar,0,0,73,0,73,0,0,158,0,158,0,0,231,0,231,342,0,342,573
11/10/2011,FPR,FL,ASO,ES,Towers with Radar,0,6,62,0,68,0,1,138,0,139,0,7,200,0,207,429,0,429,636
11/11/2011,FPR,FL,ASO,ES,Towers with Radar,0,4,46,0,50,0,0,130,0,130,0,4,176,0,180,135,0,135,315
11/12/2011,FPR,FL,ASO,ES,Towers with Radar,0,1,52,0,53,0,8,108,0,116,0,9,160,0,169,217,0,217,386
11/13/2011,FPR,FL,ASO,ES,Towers with Radar,0,2,81,0,83,0,4,119,0,123,0,6,200,0,206,78,0,78,284
11/14/2011,FPR,FL,ASO,ES,Towers with Radar,0,2,106,0,108,0,7,116,0,123,0,9,222,0,231,278,0,278,509
11/15/2011,FPR,FL,ASO,ES,Towers with Radar,0,2,94,0,96,0,1,142,0,143,0,3,236,0,239,473,0,473,712
11/16/2011,FPR,FL,ASO,ES,Towers with Radar,0,0,82,0,82,0,1,143,0,144,0,1,225,0,226,169,0,169,395
11/17/2011,FPR,FL,ASO,ES,Towers with Radar,0,2,69,0,71,0,1,117,0,118,0,3,186,0,189,236,0,236,425
11/18/2011,FPR,FL,ASO,ES,Towers with Radar,0,0,77,0,77,0,5,61,0,66,0,5,138,0,143,66,0,66,209
11/19/2011,FPR,FL,ASO,ES,Towers with Radar,0,2,92,0,94,0,3,76,0,79,0,5,168,0,173,187,0,187,360
11/20/2011,FPR,FL,ASO,ES,Towers with Radar,0,0,50,0,50,0,1,100,0,101,0,1,150,0,151,47,0,47,198
11/21/2011,FPR,FL,ASO,ES,Towers with Radar,0,0,82,0,82,0,1,166,0,167,0,1,248,0,249,332,0,332,581
11/22/2011,FPR,FL,ASO,ES,Towers with Radar,0,2,74,0,76,0,1,181,0,182,0,3,255,0,258,271,0,271,529
11/23/2011,FPR,FL,ASO,ES,Towers with Radar,0,2,65,0,67,0,4,140,0,144,0,6,205,0,211,204,0,204,415
11/24/2011,FPR,FL,ASO,ES,Towers with Radar,0,0,10,0,10,0,2,31,0,33,0,2,41,0,43,4,0,4,47
11/25/2011,FPR,FL,ASO,ES,Towers with Radar,0,1,50,0,51,0,1,122,0,123,0,2,172,0,174,171,0,171,345
11/26/2011,FPR,FL,ASO,ES,Towers with Radar,0,0,72,0,72,0,2,135,0,137,0,2,207,0,209,155,0,155,364
11/27/2011,FPR,FL,ASO,ES,Towers with Radar,0,4,94,0,98,0,3,149,0,152,0,7,243,0,250,77,0,77,327
11/28/2011,FPR,FL,ASO,ES,Towers with Radar,0,0,73,0,73,0,1,100,0,101,0,1,173,0,174,197,0,197,371
11/29/2011,FPR,FL,ASO,ES,Towers with Radar,0,1,65,0,66,0,6,169,0,175,0,7,234,0,241,324,0,324,565
11/30/2011,FPR,FL,ASO,ES,Towers with Radar,0,0,55,0,55,0,0,166,0,166,0,0,221,0,221,348,0,348,569
12/01/2011,FPR,FL,ASO,ES,Towers with Radar,0,2,52,0,54,0,4,166,0,170,0,6,218,0,224,201,0,201,425
12/02/2011,FPR,FL,ASO,ES,Towers with Radar,0,0,99,0,99,0,7,108,0,115,0,7,207,0,214,150,0,150,364
12/03/2011,FPR,FL,ASO,ES,Towers with Radar,0,0,69,0,69,0,3,129,0,132,0,3,198,0,201,111,0,111,312
12/04/2011,FPR,FL,ASO,ES,Towers with Radar,0,3,67,0,70,0,0,70,0,70,0,3,137,0,140,60,0,60,200
12/05/2011,FPR,FL,ASO,ES,Towers with Radar,0,1,70,0,71,0,0,151,0,151,0,1,221,0,222,275,0,275,497
12/06/2011,FPR,FL,ASO,ES,Towers with Radar,0,0,61,0,61,0,0,122,0,122,0,0,183,0,183,329,0,329,512
12/07/2011,FPR,FL,ASO,ES,Towers with Radar,0,4,34,0,38,0,1,142,0,143,0,5,176,0,181,282,0,282,463
12/08/2011,FPR,FL,ASO,ES,Towers with Radar,0,3,40,0,43,0,0,120,0,120,0,3,160,0,163,209,0,209,372
12/09/2011,FPR,FL,ASO,ES,Towers with Radar,0,0,107,0,107,0,5,142,0,147,0,5,249,0,254,247,0,247,501
12/10/2011,FPR,FL,ASO,ES,Towers with Radar,0,3,63,0,66,0,0,15,0,15,0,3,78,0,81,12,0,12,93
12/11/2011,FPR,FL,ASO,ES,Towers with Radar,0,0,75,0,75,0,1,22,0,23,0,1,97,0,98,12,0,12,110
12/12/2011,FPR,FL,ASO,ES,Towers with Radar,0,0,69,0,69,0,0,77,0,77,0,0,146,0,146,236,0,236,382
12/13/2011,FPR,FL,ASO,ES,Towers with Radar,0,0,80,0,80,0,0,156,0,156,0,0,236,0,236,144,0,144,380
12/14/2011,FPR,FL,ASO,ES,Towers with Radar,0,0,85,0,85,0,5,135,0,140,0,5,220,0,225,135,0,135,360
12/15/2011,FPR,FL,ASO,ES,Towers with Radar,0,0,69,1,70,0,3,102,0,105,0,3,171,1,175,225,0,225,400
12/16/2011,FPR,FL,ASO,ES,Towers with Radar,0,0,105,0,105,0,6,156,0,162,0,6,261,0,267,168,0,168,435
12/17/2011,FPR,FL,ASO,ES,Towers with Radar,0,3,63,0,66,0,1,167,0,168,0,4,230,0,234,138,0,138,372
12/18/2011,FPR,FL,ASO,ES,Towers with Radar,0,1,38,0,39,0,3,108,0,111,0,4,146,0,150,61,0,61,211
12/19/2011,FPR,FL,ASO,ES,Towers with Radar,0,2,57,0,59,0,4,142,0,146,0,6,199,0,205,128,0,128,333
12/20/2011,FPR,FL,ASO,ES,Towers with Radar,0,2,45,0,47,0,3,128,0,131,0,5,173,0,178,169,0,169,347
12/21/2011,FPR,FL,ASO,ES,Towers with Radar,0,0,56,0,56,0,0,124,0,124,0,0,180,0,180,164,0,164,344
12/22/2011,FPR,FL,ASO,ES,Towers with Radar,0,0,48,0,48,0,0,71,0,71,0,0,119,0,119,112,0,112,231
12/23/2011,FPR,FL,ASO,ES,Towers with Radar,0,6,63,0,69,0,2,95,0,97,0,8,158,0,166,182,0,182,348
12/24/2011,FPR,FL,ASO,ES,Towers with Radar,0,5,31,0,36,0,1,58,0,59,0,6,89,0,95,45,0,45,140
12/25/2011,FPR,FL,ASO,ES,Towers with Radar,0,0,5,0,5,0,5,10,0,15,0,5,15,0,20,12,0,12,32
12/26/2011,FPR,FL,ASO,ES,Towers with Radar,0,8,71,0,79,0,2,52,0,54,0,10,123,0,133,33,0,33,166
12/27/2011,FPR,FL,ASO,ES,Towers with Radar,0,3,45,0,48,0,6,55,0,61,0,9,100,0,109,48,0,48,157
12/28/2011,FPR,FL,ASO,ES,Towers with Radar,0,1,51,0,52,0,0,142,0,142,0,1,193,0,194,128,0,128,322
12/29/2011,FPR,FL,ASO,ES,Towers with Radar,0,1,56,1,58,0,3,90,0,93,0,4,146,1,151,113,0,113,264
12/30/2011,FPR,FL,ASO,ES,Towers with Radar,0,3,42,0,45,0,3,118,0,121,0,6,160,0,166,164,0,164,330
12/31/2011,FPR,FL,ASO,ES,Towers with Radar,0,2,31,0,33,0,0,78,0,78,0,2,109,0,111,34,0,34,145
01/01/2012,FPR,FL,ASO,ES,Towers with Radar,0,8,52,0,60,0,5,67,0,72,0,13,119,0,132,0,0,0,132
01/02/2012,FPR,FL,ASO,ES,Towers with Radar,0,6,114,0,120,0,5,78,0,83,0,11,192,0,203,49,0,49,252
01/03/2012,FPR,FL,ASO,ES,Towers with Radar,0,6,49,0,55,0,4,46,0,50,0,10,95,0,105,14,0,14,119
01/04/2012,FPR,FL,ASO,ES,Towers with Radar,0,1,33,0,34,0,1,123,0,124,0,2,156,0,158,186,0,186,344
01/05/2012,FPR,FL,ASO,ES,Towers with Radar,0,2,56,0,58,0,6,123,0,129,0,8,179,0,187,136,0,136,323
01/06/2012,FPR,FL,ASO,ES,Towers with Radar,0,2,42,0,44,0,4,122,0,126,0,6,164,0,170,121,0,121,291
01/07/2012,FPR,FL,ASO,ES,Towers with Radar,0,8,48,0,56,0,1,147,0,148,0,9,195,0,204,186,0,186,390
01/08/2012,FPR,FL,ASO,ES,Towers with Radar,0,4,47,0,51,0,6,95,0,101,0,10,142,0,152,97,0,97,249
01/09/2012,FPR,FL,ASO,ES,Towers with Radar,0,5,63,0,68,0,3,152,0,155,0,8,215,0,223,113,0,113,336
01/10/2012,FPR,FL,ASO,ES,Towers with Radar,0,1,71,0,72,0,1,114,0,115,0,2,185,0,187,167,0,167,354
01/11/2012,FPR,FL,ASO,ES,Towers with Radar,0,3,36,0,39,0,1,71,0,72,0,4,107,0,111,160,0,160,271
01/12/2012,FPR,FL,ASO,ES,Towers with Radar,0,0,63,0,63,0,3,141,0,144,0,3,204,0,207,133,0,133,340
01/13/2012,FPR,FL,ASO,ES,Towers with Radar,0,3,42,0,45,0,1,141,0,142,0,4,183,0,187,172,0,172,359
01/14/2012,FPR,FL,ASO,ES,Towers with Radar,0,1,52,0,53,0,7,104,0,111,0,8,156,0,164,139,0,139,303
01/15/2012,FPR,FL,ASO,ES,Towers with Radar,0,1,51,0,52,0,3,105,1,109,0,4,156,1,161,60,0,60,221
01/16/2012,FPR,FL,ASO,ES,Towers with Radar,0,0,66,0,66,0,0,157,0,157,0,0,223,0,223,197,0,197,420
01/17/2012,FPR,FL,ASO,ES,Towers with Radar,0,1,60,0,61,0,0,142,0,142,0,1,202,0,203,174,0,174,377
01/18/2012,FPR,FL,ASO,ES,Towers with Radar,0,1,29,0,30,0,3,124,0,127,0,4,153,0,157,284,0,284,441
01/19/2012,FPR,FL,ASO,ES,Towers with Radar,0,2,49,0,51,0,0,132,0,132,0,2,181,0,183,179,0,179,362
01/20/2012,FPR,FL,ASO,ES,Towers with Radar,0,2,66,7,75,0,0,155,0,155,0,2,221,7,230,168,2,170,400
01/21/2012,FPR,FL,ASO,ES,Towers with Radar,0,0,26,0,26,0,3,158,0,161,0,3,184,0,187,135,0,135,322
01/22/2012,FPR,FL,ASO,ES,Towers with Radar,0,4,61,0,65,0,1,86,0,87,0,5,147,0,152,74,0,74,226
01/23/2012,FPR,FL,ASO,ES,Towers with Radar,0,3,67,1,71,0,1,113,0,114,0,4,180,1,185,122,0,122,307
01/24/2012,FPR,FL,ASO,ES,Towers with Radar,0,0,59,0,59,0,0,123,0,123,0,0,182,0,182,312,0,312,494
01/25/2012,FPR,FL,ASO,ES,Towers with Radar,0,3,36,0,39,0,1,157,0,158,0,4,193,0,197,250,0,250,447
01/26/2012,FPR,FL,ASO,ES,Towers with Radar,0,2,74,0,76,0,6,152,0,158,0,8,226,0,234,166,0,166,400
01/27/2012,FPR,FL,ASO,ES,Towers with Radar,0,2,45,0,47,0,2,99,0,101,0,4,144,0,148,115,0,115,263
01/28/2012,FPR,FL,ASO,ES,Towers with Radar,0,4,40,0,44,0,2,154,0,156,0,6,194,0,200,218,0,218,418
01/29/2012,FPR,FL,ASO,ES,Towers with Radar,0,3,41,0,44,0,7,146,0,153,0,10,187,0,197,112,0,112,309
01/30/2012,FPR,FL,ASO,ES,Towers with Radar,0,2,76,0,78,0,0,138,1,139,0,2,214,1,217,194,0,194,411
01/31/2012,FPR,FL,ASO,ES,Towers with Radar,0,1,56,0,57,0,0,133,0,133,0,1,189,0,190,319,0,319,509
02/01/2012,FPR,FL,ASO,ES,Towers with Radar,0,6,63,0,69,0,6,173,0,179,0,12,236,0,248,279,0,279,527
02/02/2012,FPR,FL,ASO,ES,Towers with Radar,0,2,80,0,82,0,0,157,0,157,0,2,237,0,239,278,0,278,517
02/03/2012,FPR,FL,ASO,ES,Towers with Radar,0,2,71,1,74,0,3,132,0,135,0,5,203,1,209,54,0,54,263
02/04/2012,FPR,FL,ASO,ES,Towers with Radar,0,4,43,0,47,0,2,128,0,130,0,6,171,0,177,136,0,136,313
02/05/2012,FPR,FL,ASO,ES,Towers with Radar,0,3,54,0,57,0,1,60,0,61,0,4,114,0,118,138,0,138,256
02/06/2012,FPR,FL,ASO,ES,Towers with Radar,0,4,84,8,96,0,1,40,0,41,0,5,124,8,137,90,0,90,227
02/07/2012,FPR,FL,ASO,ES,Towers with Radar,0,0,94,0,94,0,1,15,12,28,0,1,109,12,122,74,0,74,196
02/08/2012,FPR,FL,ASO,ES,Towers with Radar,0,1,64,1,66,0,0,56,0,56,0,1,120,1,122,82,0,82,204
02/09/2012,FPR,FL,ASO,ES,Towers with Radar,0,1,69,0,70,0,3,174,0,177,0,4,243,0,247,200,0,200,447
02/10/2012,FPR,FL,ASO,ES,Towers with Radar,0,3,102,0,105,0,1,83,0,84,0,4,185,0,189,214,0,214,403
02/11/2012,FPR,FL,ASO,ES,Towers with Radar,0,2,69,0,71,0,5,93,0,98,0,7,162,0,169,77,0,77,246
02/12/2012,FPR,FL,ASO,ES,Towers with Radar,0,3,55,0,58,0,2,116,0,118,0,5,171,0,176,64,0,64,240
02/13/2012,FPR,FL,ASO,ES,Towers with Radar,0,6,49,0,55,0,0,119,0,119,0,6,168,0,174,130,0,130,304
02/14/2012,FPR,FL,ASO,ES,Towers with Radar,0,2,61,0,63,0,2,195,0,197,0,4,256,0,260,319,0,319,579
02/15/2012,FPR,FL,ASO,ES,Towers with Radar,0,6,83,0,89,0,5,172,0,177,0,11,255,0,266,304,0,304,570
02/16/2012,FPR,FL,ASO,ES,Towers with Radar,0,9,77,0,86,0,8,213,0,221,0,17,290,0,307,284,0,284,591
02/17/2012,FPR,FL,ASO,ES,Towers with Radar,0,10,62,1,73,0,4,127,5,136,0,14,189,6,209,429,0,429,638
02/18/2012,FPR,FL,ASO,ES,Towers with Radar,0,6,66,0,72,0,4,82,0,86,0,10,148,0,158,209,0,209,367
02/19/2012,FPR,FL,ASO,ES,Towers with Radar,0,6,51,0,57,0,2,67,0,69,0,8,118,0,126,8,0,8,134
02/20/2012,FPR,FL,ASO,ES,Towers with Radar,0,9,57,0,66,0,0,146,0,146,0,9,203,0,212,215,0,215,427
02/21/2012,FPR,FL,ASO,ES,Towers with Radar,0,2,51,0,53,0,1,170,0,171,0,3,221,0,224,481,0,481,705
02/22/2012,FPR,FL,ASO,ES,Towers with Radar,0,5,36,0,41,0,1,108,1,110,0,6,144,1,151,268,0,268,419
02/23/2012,FPR,FL,ASO,ES,Towers with Radar,0,0,47,0,47,0,4,146,0,150,0,4,193,0,197,214,0,214,411
02/24/2012,FPR,FL,ASO,ES,Towers with Radar,0,6,75,0,81,0,12,144,0,156,0,18,219,0,237,132,0,132,369
02/25/2012,FPR,FL,ASO,ES,Towers with Radar,0,3,58,0,61,0,2,54,0,56,0,5,112,0,117,75,0,75,192
02/26/2012,FPR,FL,ASO,ES,Towers with Radar,0,3,76,0,79,0,3,49,0,52,0,6,125,0,131,135,0,135,266
02/27/2012,FPR,FL,ASO,ES,Towers with Radar,0,3,83,0,86,0,0,96,0,96,0,3,179,0,182,276,0,276,458
02/28/2012,FPR,FL,ASO,ES,Towers with Radar,0,3,65,0,68,0,4,136,0,140,0,7,201,0,208,380,0,380,588
02/29/2012,FPR,FL,ASO,ES,Towers with Radar,0,5,62,0,67,0,3,137,0,140,0,8,199,0,207,385,0,385,592
03/01/2012,FPR,FL,ASO,ES,Towers with Radar,0,1,64,2,67,0,0,169,0,169,0,1,233,2,236,226,0,226,462
03/02/2012,FPR,FL,ASO,ES,Towers with Radar,0,3,73,0,76,0,3,147,0,150,0,6,220,0,226,240,0,240,466
03/03/2012,FPR,FL,ASO,ES,Towers with Radar,0,4,63,0,67,0,1,183,0,184,0,5,246,0,251,80,0,80,331
03/04/2012,FPR,FL,ASO,ES,Towers with Radar,0,4,39,0,43,0,0,45,0,45,0,4,84,0,88,18,0,18,106
03/05/2012,FPR,FL,ASO,ES,Towers with Radar,0,4,60,0,64,0,0,165,0,165,0,4,225,0,229,218,0,218,447
03/06/2012,FPR,FL,ASO,ES,Towers with Radar,0,6,44,0,50,0,4,77,0,81,0,10,121,0,131,139,0,139,270
03/07/2012,FPR,FL,ASO,ES,Towers with Radar,0,2,57,0,59,0,5,165,0,170,0,7,222,0,229,147,0,147,376
03/08/2012,FPR,FL,ASO,ES,Towers with Radar,0,1,84,0,85,0,2,133,0,135,0,3,217,0,220,204,0,204,424
03/09/2012,FPR,FL,ASO,ES,Towers with Radar,0,3,120,0,123,0,1,115,0,116,0,4,235,0,239,261,0,261,500
03/10/2012,FPR,FL,ASO,ES,Towers with Radar,0,6,108,0,114,0,6,97,0,103,0,12,205,0,217,219,0,219,436
03/11/2012,FPR,FL,ASO,ES,Towers with Radar,0,4,77,0,81,0,4,31,0,35,0,8,108,0,116,11,0,11,127
03/12/2012,FPR,FL,ASO,ES,Towers with Radar,0,7,77,0,84,0,0,171,0,171,0,7,248,0,255,232,0,232,487
03/13/2012,FPR,FL,ASO,ES,Towers with Radar,0,5,77,0,82,0,2,169,0,171,0,7,246,0,253,194,0,194,447
03/14/2012,FPR,FL,ASO,ES,Towers with Radar,0,6,57,0,63,0,3,175,0,178,0,9,232,0,241,280,0,280,521
03/15/2012,FPR,FL,ASO,ES,Towers with Radar,0,2,84,0,86,0,0,138,0,138,0,2,222,0,224,385,0,385,609
03/16/2012,FPR,FL,ASO,ES,Towers with Radar,0,7,88,0,95,0,4,180,0,184,0,11,268,0,279,387,0,387,666
03/17/2012,FPR,FL,ASO,ES,Towers with Radar,0,14,67,0,81,0,2,215,0,217,0,16,282,0,298,159,0,159,457
03/18/2012,FPR,FL,ASO,ES,Towers with Radar,0,11,63,0,74,0,8,134,0,142,0,19,197,0,216,103,0,103,319
03/19/2012,FPR,FL,ASO,ES,Towers with Radar,0,3,60,0,63,0,1,170,0,171,0,4,230,0,234,312,0,312,546
03/20/2012,FPR,FL,ASO,ES,Towers with Radar,0,2,53,0,55,0,1,195,0,196,0,3,248,0,251,191,0,191,442
03/21/2012,FPR,FL,ASO,ES,Towers with Radar,0,3,46,0,49,0,3,91,0,94,0,6,137,0,143,116,0,116,259
03/22/2012,FPR,FL,ASO,ES,Towers with Radar,0,5,71,1,77,0,2,187,0,189,0,7,258,1,266,234,0,234,500
03/23/2012,FPR,FL,ASO,ES,Towers with Radar,0,5,77,0,82,0,3,208,0,211,0,8,285,0,293,223,0,223,516
03/24/2012,FPR,FL,ASO,ES,Towers with Radar,0,6,71,0,77,0,3,146,0,149,0,9,217,0,226,130,0,130,356
03/25/2012,FPR,FL,ASO,ES,Towers with Radar,0,5,57,0,62,0,4,76,0,80,0,9,133,0,142,71,0,71,213
03/26/2012,FPR,FL,ASO,ES,Towers with Radar,0,5,59,0,64,0,5,211,0,216,0,10,270,0,280,164,0,164,444
03/27/2012,FPR,FL,ASO,ES,Towers with Radar,0,12,81,0,93,0,1,212,0,213,0,13,293,0,306,359,0,359,665
03/28/2012,FPR,FL,ASO,ES,Towers with Radar,0,4,77,0,81,0,0,192,0,192,0,4,269,0,273,353,0,353,626
03/29/2012,FPR,FL,ASO,ES,Towers with Radar,0,2,72,0,74,0,8,174,0,182,0,10,246,0,256,354,0,354,610
03/30/2012,FPR,FL,ASO,ES,Towers with Radar,0,3,58,0,61,0,1,205,0,206,0,4,263,0,267,288,0,288,555
03/31/2012,FPR,FL,ASO,ES,Towers with Radar,0,10,67,0,77,0,1,103,0,104,0,11,170,0,181,156,0,156,337
04/01/2012,FPR,FL,ASO,ES,Towers with Radar,0,8,59,0,67,0,0,150,0,150,0,8,209,0,217,76,0,76,293
04/02/2012,FPR,FL,ASO,ES,Towers with Radar,0,3,62,0,65,0,0,171,0,171,0,3,233,0,236,253,0,253,489
04/03/2012,FPR,FL,ASO,ES,Towers with Radar,0,4,58,0,62,0,2,146,0,148,0,6,204,0,210,294,0,294,504
04/04/2012,FPR,FL,ASO,ES,Towers with Radar,0,4,52,0,56,0,1,178,0,179,0,5,230,0,235,296,0,296,531
04/05/2012,FPR,FL,ASO,ES,Towers with Radar,0,5,69,0,74,0,3,145,0,148,0,8,214,0,222,303,0,303,525
04/06/2012,FPR,FL,ASO,ES,Towers with Radar,0,6,63,0,69,0,1,94,0,95,0,7,157,0,164,129,0,129,293
04/07/2012,FPR,FL,ASO,ES,Towers with Radar,0,2,91,0,93,0,9,82,0,91,0,11,173,0,184,36,0,36,220
04/08/2012,FPR,FL,ASO,ES,Towers with Radar,0,2,49,0,51,0,0,105,0,105,0,2,154,0,156,66,0,66,222
04/09/2012,FPR,FL,ASO,ES,Towers with Radar,0,3,78,0,81,0,0,181,0,181,0,3,259,0,262,368,0,368,630
04/10/2012,FPR,FL,ASO,ES,Towers with Radar,0,2,83,0,85,0,2,147,0,149,0,4,230,0,234,400,0,400,634
04/11/2012,FPR,FL,ASO,ES,Towers with Radar,0,2,78,0,80,0,0,190,0,190,0,2,268,0,270,384,0,384,654
04/12/2012,FPR,FL,ASO,ES,Towers with Radar,0,3,79,0,82,0,2,126,0,128,0,5,205,0,210,230,0,230,440
04/13/2012,FPR,FL,ASO,ES,Towers with Radar,0,5,56,0,61,0,8,152,0,160,0,13,208,0,221,279,0,279,500
04/14/2012,FPR,FL,ASO,ES,Towers with Radar,0,5,79,0,84,0,4,78,0,82,0,9,157,0,166,59,0,59,225
04/15/2012,FPR,FL,ASO,ES,Towers with Radar,0,8,57,0,65,0,5,128,0,133,0,13,185,0,198,53,0,53,251
04/16/2012,FPR,FL,ASO,ES,Towers with Radar,0,1,74,0,75,0,0,164,0,164,0,1,238,0,239,191,0,191,430
04/17/2012,FPR,FL,ASO,ES,Towers with Radar,0,4,45,0,49,0,0,160,0,160,0,4,205,0,209,239,0,239,448
04/18/2012,FPR,FL,ASO,ES,Towers with Radar,0,2,50,0,52,0,3,175,0,178,0,5,225,0,230,249,0,249,479
04/19/2012,FPR,FL,ASO,ES,Towers with Radar,0,0,45,0,45,0,1,114,0,115,0,1,159,0,160,340,0,340,500
04/20/2012,FPR,FL,ASO,ES,Towers with Radar,0,5,64,0,69,0,3,107,0,110,0,8,171,0,179,256,0,256,435
04/21/2012,FPR,FL,ASO,ES,Towers with Radar,0,6,60,0,66,0,6,68,0,74,0,12,128,0,140,220,0,220,360
04/22/2012,FPR,FL,ASO,ES,Towers with Radar,0,3,38,0,41,0,4,96,2,102,0,7,134,2,143,100,0,100,243
04/23/2012,FPR,FL,ASO,ES,Towers with Radar,0,6,50,2,58,0,0,119,0,119,0,6,169,2,177,196,0,196,373
04/24/2012,FPR,FL,ASO,ES,Towers with Radar,0,5,65,0,70,0,1,178,0,179,0,6,243,0,249,375,0,375,624
04/25/2012,FPR,FL,ASO,ES,Towers with Radar,0,4,70,0,74,0,1,168,0,169,0,5,238,0,243,367,0,367,610
04/26/2012,FPR,FL,ASO,ES,Towers with Radar,0,3,73,0,76,0,8,173,0,181,0,11,246,0,257,356,0,356,613
04/27/2012,FPR,FL,ASO,ES,Towers with Radar,0,3,71,0,74,0,4,199,0,203,0,7,270,0,277,264,0,264,541
04/28/2012,FPR,FL,ASO,ES,Towers with Radar,0,5,53,0,58,0,4,90,0,94,0,9,143,0,152,162,0,162,314
04/29/2012,FPR,FL,ASO,ES,Towers with Radar,0,5,107,1,113,0,2,80,1,83,0,7,187,2,196,86,0,86,282
04/30/2012,FPR,FL,ASO,ES,Towers with Radar,0,6,72,0,78,0,1,121,0,122,0,7,193,0,200,80,0,80,280
05/01/2012,FPR,FL,ASO,ES,Towers with Radar,0,3,65,0,68,0,1,140,4,145,0,4,205,4,213,218,0,218,431
05/02/2012,FPR,FL,ASO,ES,Towers with Radar,0,4,87,0,91,0,4,173,0,177,0,8,260,0,268,200,0,200,468
05/03/2012,FPR,FL,ASO,ES,Towers with Radar,0,6,54,1,61,0,1,169,0,170,0,7,223,1,231,269,0,269,500
05/04/2012,FPR,FL,ASO,ES,Towers with Radar,0,4,47,0,51,0,0,199,0,199,0,4,246,0,250,365,0,365,615
05/05/2012,FPR,FL,ASO,ES,Towers with Radar,0,3,46,0,49,0,6,177,0,183,0,9,223,0,232,290,0,290,522
05/06/2012,FPR,FL,ASO,ES,Towers with Radar,0,0,51,0,51,0,1,122,0,123,0,1,173,0,174,172,0,172,346
05/07/2012,FPR,FL,ASO,ES,Towers with Radar,0,0,63,0,63,0,2,163,0,165,0,2,226,0,228,251,0,251,479
05/08/2012,FPR,FL,ASO,ES,Towers with Radar,0,10,51,0,61,0,2,144,0,146,0,12,195,0,207,242,0,242,449
05/09/2012,FPR,FL,ASO,ES,Towers with Radar,0,0,42,0,42,0,9,121,0,130,0,9,163,0,172,245,0,245,417
05/10/2012,FPR,FL,ASO,ES,Towers with Radar,0,7,57,0,64,0,1,133,0,134,0,8,190,0,198,170,0,170,368
05/11/2012,FPR,FL,ASO,ES,Towers with Radar,0,0,58,0,58,0,5,129,0,134,0,5,187,0,192,192,0,192,384
05/12/2012,FPR,FL,ASO,ES,Towers with Radar,0,2,46,0,48,0,7,119,0,126,0,9,165,0,174,210,0,210,384
05/13/2012,FPR,FL,ASO,ES,Towers with Radar,0,1,59,0,60,0,0,117,0,117,0,1,176,0,177,93,0,93,270
05/14/2012,FPR,FL,ASO,ES,Towers with Radar,0,0,68,0,68,0,1,118,0,119,0,1,186,0,187,262,0,262,449
05/15/2012,FPR,FL,ASO,ES,Towers with Radar,0,1,51,0,52,0,1,106,0,107,0,2,157,0,159,245,0,245,404
05/16/2012,FPR,FL,ASO,ES,Towers with Radar,0,6,73,0,79,0,0,129,0,129,0,6,202,0,208,256,0,256,464
05/17/2012,FPR,FL,ASO,ES,Towers with Radar,0,3,61,0,64,0,5,88,0,93,0,8,149,0,157,163,0,163,320
05/18/2012,FPR,FL,ASO,ES,Towers with Radar,0,6,77,0,83,0,0,217,0,217,0,6,294,0,300,266,0,266,566
05/19/2012,FPR,FL,ASO,ES,Towers with Radar,0,0,35,0,35,0,1,143,0,144,0,1,178,0,179,183,0,183,362
05/20/2012,FPR,FL,ASO,ES,Towers with Radar,0,0,45,0,45,0,0,103,0,103,0,0,148,0,148,101,0,101,249
05/21/2012,FPR,FL,ASO,ES,Towers with Radar,0,4,62,0,66,0,0,182,0,182,0,4,244,0,248,302,0,302,550
05/22/2012,FPR,FL,ASO,ES,Towers with Radar,0,0,60,0,60,0,1,129,1,131,0,1,189,1,191,242,0,242,433
05/23/2012,FPR,FL,ASO,ES,Towers with Radar,0,1,56,0,57,0,1,139,0,140,0,2,195,0,197,350,0,350,547
05/24/2012,FPR,FL,ASO,ES,Towers with Radar,0,1,87,0,88,0,0,86,0,86,0,1,173,0,174,386,0,386,560
05/25/2012,FPR,FL,ASO,ES,Towers with Radar,0,3,76,0,79,0,1,166,0,167,0,4,242,0,246,216,0,216,462
05/26/2012,FPR,FL,ASO,ES,Towers with Radar,0,1,55,0,56,0,6,142,0,148,0,7,197,0,204,252,0,252,456
05/27/2012,FPR,FL,ASO,ES,Towers with Radar,0,0,39,0,39,0,0,82,0,82,0,0,121,0,121,32,0,32,153
05/28/2012,FPR,FL,ASO,ES,Towers with Radar,0,3,60,0,63,0,0,71,0,71,0,3,131,0,134,12,0,12,146
05/29/2012,FPR,FL,ASO,ES,Towers with Radar,0,2,44,0,46,0,1,133,0,134,0,3,177,0,180,235,0,235,415
05/30/2012,FPR,FL,ASO,ES,Towers with Radar,0,2,34,0,36,0,0,148,0,148,0,2,182,0,184,230,0,230,414
05/31/2012,FPR,FL,ASO,ES,Towers with Radar,0,1,59,0,60,0,0,79,0,79,0,1,138,0,139,128,0,128,267
06/01/2012,FPR,FL,ASO,ES,Towers with Radar,0,1,49,0,50,0,2,124,0,126,0,3,173,0,176,165,0,165,341
06/02/2012,FPR,FL,ASO,ES,Towers with Radar,0,3,74,0,77,0,0,79,0,79,0,3,153,0,156,186,0,186,342
06/03/2012,FPR,FL,ASO,ES,Towers with Radar,0,1,51,0,52,0,5,124,0,129,0,6,175,0,181,56,0,56,237
06/04/2012,FPR,FL,ASO,ES,Towers with Radar,0,1,38,0,39,0,2,189,0,191,0,3,227,0,230,221,0,221,451
06/05/2012,FPR,FL,ASO,ES,Towers with Radar,0,2,40,0,42,0,0,110,0,110,0,2,150,0,152,193,0,193,345
06/06/2012,FPR,FL,ASO,ES,Towers with Radar,0,1,61,0,62,0,2,80,1,83,0,3,141,1,145,179,0,179,324
06/07/2012,FPR,FL,ASO,ES,Towers with Radar,0,5,53,0,58,0,1,102,0,103,0,6,155,0,161,234,0,234,395
06/08/2012,FPR,FL,ASO,ES,Towers with Radar,0,1,76,0,77,0,1,95,0,96,0,2,171,0,173,168,0,168,341
06/09/2012,FPR,FL,ASO,ES,Towers with Radar,0,0,66,0,66,0,2,146,0,148,0,2,212,0,214,165,0,165,379
06/10/2012,FPR,FL,ASO,ES,Towers with Radar,0,0,73,0,73,0,0,119,0,119,0,0,192,0,192,123,0,123,315
06/11/2012,FPR,FL,ASO,ES,Towers with Radar,0,7,60,0,67,0,2,174,0,176,0,9,234,0,243,198,0,198,441
06/12/2012,FPR,FL,ASO,ES,Towers with Radar,0,1,43,0,44,0,4,143,0,147,0,5,186,0,191,263,0,263,454
06/13/2012,FPR,FL,ASO,ES,Towers with Radar,0,1,45,0,46,0,0,158,0,158,0,1,203,0,204,260,0,260,464
06/14/2012,FPR,FL,ASO,ES,Towers with Radar,0,3,46,0,49,0,2,134,0,136,0,5,180,0,185,158,0,158,343
06/15/2012,FPR,FL,ASO,ES,Towers with Radar,0,1,97,0,98,0,3,154,0,157,0,4,251,0,255,197,0,197,452
06/16/2012,FPR,FL,ASO,ES,Towers with Radar,0,2,79,0,81,0,2,121,0,123,0,4,200,0,204,126,0,126,330
06/17/2012,FPR,FL,ASO,ES,Towers with Radar,0,0,44,0,44,0,2,136,0,138,0,2,180,0,182,113,0,113,295
06/18/2012,FPR,FL,ASO,ES,Towers with Radar,0,1,68,0,69,0,1,170,0,171,0,2,238,0,240,324,0,324,564
06/19/2012,FPR,FL,ASO,ES,Towers with Radar,0,0,41,0,41,0,0,162,0,162,0,0,203,0,203,299,0,299,502
06/20/2012,FPR,FL,ASO,ES,Towers with Radar,0,5,80,0,85,0,0,19,0,19,0,5,99,0,104,88,0,88,192
06/21/2012,FPR,FL,ASO,ES,Towers with Radar,0,1,68,4,73,0,1,162,0,163,0,2,230,4,236,332,0,332,568
06/22/2012,FPR,FL,ASO,ES,Towers with Radar,0,2,60,0,62,0,1,122,0,123,0,3,182,0,185,319,0,319,504
06/23/2012,FPR,FL,ASO,ES,Towers with Radar,0,1,89,0,90,0,0,152,0,152,0,1,241,0,242,250,0,250,492
06/24/2012,FPR,FL,ASO,ES,Towers with Radar,0,1,50,0,51,0,0,25,0,25,0,1,75,0,76,8,0,8,84
06/25/2012,FPR,FL,ASO,ES,Towers with Radar,0,0,29,0,29,0,1,53,0,54,0,1,82,0,83,157,0,157,240
06/26/2012,FPR,FL,ASO,ES,Towers with Radar,0,1,19,0,20,0,1,43,2,46,0,2,62,2,66,22,0,22,88
06/27/2012,FPR,FL,ASO,ES,Towers with Radar,0,4,46,0,50,0,0,29,0,29,0,4,75,0,79,57,0,57,136
06/28/2012,FPR,FL,ASO,ES,Towers with Radar,0,2,50,0,52,0,1,202,0,203,0,3,252,0,255,322,0,322,577
06/29/2012,FPR,FL,ASO,ES,Towers with Radar,0,2,59,0,61,0,3,182,0,185,0,5,241,0,246,210,0,210,456
06/30/2012,FPR,FL,ASO,ES,Towers with Radar,0,2,59,0,61,0,5,163,0,168,0,7,222,0,229,207,0,207,436
07/01/2012,FPR,FL,ASO,ES,Towers with Radar,0,0,55,0,55,0,2,131,0,133,0,2,186,0,188,142,0,142,330
07/02/2012,FPR,FL,ASO,ES,Towers with Radar,0,3,52,0,55,0,0,201,0,201,0,3,253,0,256,167,0,167,423
07/03/2012,FPR,FL,ASO,ES,Towers with Radar,0,0,36,0,36,0,0,126,0,126,0,0,162,0,162,239,0,239,401
07/04/2012,FPR,FL,ASO,ES,Towers with Radar,0,2,27,0,29,0,0,55,0,55,0,2,82,0,84,2,0,2,86
07/05/2012,FPR,FL,ASO,ES,Towers with Radar,0,2,35,0,37,0,2,123,0,125,0,4,158,0,162,393,0,393,555
07/06/2012,FPR,FL,ASO,ES,Towers with Radar,0,5,54,0,59,0,0,128,0,128,0,5,182,0,187,439,0,439,626
07/07/2012,FPR,FL,ASO,ES,Towers with Radar,0,0,67,0,67,0,2,151,0,153,0,2,218,0,220,328,0,328,548
07/08/2012,FPR,FL,ASO,ES,Towers with Radar,0,0,67,0,67,0,2,133,0,135,0,2,200,0,202,110,0,110,312
07/09/2012,FPR,FL,ASO,ES,Towers with Radar,0,2,44,0,46,0,1,176,0,177,0,3,220,0,223,267,0,267,490
07/10/2012,FPR,FL,ASO,ES,Towers with Radar,0,1,63,0,64,0,0,170,0,170,0,1,233,0,234,325,0,325,559
07/11/2012,FPR,FL,ASO,ES,Towers with Radar,0,0,62,0,62,0,2,69,0,71,0,2,131,0,133,178,0,178,311
07/12/2012,FPR,FL,ASO,ES,Towers with Radar,0,2,46,0,48,0,0,155,0,155,0,2,201,0,203,249,0,249,452
07/13/2012,FPR,FL,ASO,ES,Towers with Radar,0,6,54,0,60,0,2,131,0,133,0,8,185,0,193,226,0,226,419
07/14/2012,FPR,FL,ASO,ES,Towers with Radar,0,1,51,0,52,0,6,158,0,164,0,7,209,0,216,187,0,187,403
07/15/2012,FPR,FL,ASO,ES,Towers with Radar,0,2,32,0,34,0,0,97,0,97,0,2,129,0,131,138,0,138,269
07/16/2012,FPR,FL,ASO,ES,Towers with Radar,0,3,55,0,58,0,2,104,0,106,0,5,159,0,164,230,0,230,394
07/17/2012,FPR,FL,ASO,ES,Towers with Radar,0,2,46,0,48,0,2,89,0,91,0,4,135,0,139,210,0,210,349
07/18/2012,FPR,FL,ASO,ES,Towers with Radar,0,1,41,0,42,0,2,159,0,161,0,3,200,0,203,253,0,253,456
07/19/2012,FPR,FL,ASO,ES,Towers with Radar,0,0,53,0,53,0,1,156,0,157,0,1,209,0,210,215,0,215,425
07/20/2012,FPR,FL,ASO,ES,Towers with Radar,0,0,66,1,67,0,4,159,1,164,0,4,225,2,231,305,0,305,536
07/21/2012,FPR,FL,ASO,ES,Towers with Radar,0,5,57,0,62,0,1,134,1,136,0,6,191,1,198,187,0,187,385
07/22/2012,FPR,FL,ASO,ES,Towers with Radar,0,4,41,0,45,0,3,51,0,54,0,7,92,0,99,100,0,100,199
07/23/2012,FPR,FL,ASO,ES,Towers with Radar,0,1,44,0,45,0,0,104,0,104,0,1,148,0,149,210,0,210,359
07/24/2012,FPR,FL,ASO,ES,Towers with Radar,0,2,68,0,70,0,1,118,0,119,0,3,186,0,189,188,0,188,377
07/25/2012,FPR,FL,ASO,ES,Towers with Radar,0,3,51,0,54,0,0,145,0,145,0,3,196,0,199,293,0,293,492
07/26/2012,FPR,FL,ASO,ES,Towers with Radar,0,0,27,0,27,0,2,146,0,148,0,2,173,0,175,230,0,230,405
07/27/2012,FPR,FL,ASO,ES,Towers with Radar,0,2,46,0,48,0,0,150,0,150,0,2,196,0,198,331,0,331,529
07/28/2012,FPR,FL,ASO,ES,Towers with Radar,0,6,70,0,76,0,2,125,0,127,0,8,195,0,203,128,0,128,331
07/29/2012,FPR,FL,ASO,ES,Towers with Radar,0,1,67,0,68,0,0,118,0,118,0,1,185,0,186,122,0,122,308
07/30/2012,FPR,FL,ASO,ES,Towers with Radar,0,4,65,0,69,0,0,131,0,131,0,4,196,0,200,266,0,266,466
07/31/2012,FPR,FL,ASO,ES,Towers with Radar,0,2,56,0,58,0,3,152,0,155,0,5,208,0,213,249,0,249,462
08/01/2012,FPR,FL,ASO,ES,Towers with Radar,0,1,60,0,61,0,0,112,0,112,0,1,172,0,173,225,0,225,398
08/02/2012,FPR,FL,ASO,ES,Towers with Radar,0,2,45,0,47,0,1,158,0,159,0,3,203,0,206,195,0,195,401
08/03/2012,FPR,FL,ASO,ES,Towers with Radar,0,2,60,0,62,0,3,126,0,129,0,5,186,0,191,136,0,136,327
08/04/2012,FPR,FL,ASO,ES,Towers with Radar,0,3,69,0,72,0,0,108,0,108,0,3,177,0,180,196,0,196,376
08/05/2012,FPR,FL,ASO,ES,Towers with Radar,0,1,47,0,48,0,0,68,0,68,0,1,115,0,116,106,0,106,222
08/06/2012,FPR,FL,ASO,ES,Towers with Radar,0,3,59,0,62,0,0,78,0,78,0,3,137,0,140,170,0,170,310
08/07/2012,FPR,FL,ASO,ES,Towers with Radar,0,0,68,0,68,0,1,121,0,122,0,1,189,0,190,238,0,238,428
08/08/2012,FPR,FL,ASO,ES,Towers with Radar,0,2,58,0,60,0,3,139,1,143,0,5,197,1,203,243,0,243,446
08/09/2012,FPR,FL,ASO,ES,Towers with Radar,0,2,70,0,72,0,5,137,0,142,0,7,207,0,214,201,0,201,415
08/10/2012,FPR,FL,ASO,ES,Towers with Radar,0,2,56,0,58,0,1,110,0,111,0,3,166,0,169,198,0,198,367
08/11/2012,FPR,FL,ASO,ES,Towers with Radar,0,1,52,0,53,0,0,147,0,147,0,1,199,0,200,181,0,181,381
08/12/2012,FPR,FL,ASO,ES,Towers with Radar,0,0,55,0,55,0,0,99,0,99,0,0,154,0,154,70,0,70,224
08/13/2012,FPR,FL,ASO,ES,Towers with Radar,0,2,80,0,82,0,3,147,0,150,0,5,227,0,232,210,0,210,442
08/14/2012,FPR,FL,ASO,ES,Towers with Radar,0,5,63,0,68,0,1,148,0,149,0,6,211,0,217,268,0,268,485
08/15/2012,FPR,FL,ASO,ES,Towers with Radar,0,2,51,0,53,0,9,190,0,199,0,11,241,0,252,207,0,207,459
08/16/2012,FPR,FL,ASO,ES,Towers with Radar,0,3,30,0,33,0,1,150,0,151,0,4,180,0,184,219,0,219,403
08/17/2012,FPR,FL,ASO,ES,Towers with Radar,0,0,65,0,65,0,2,141,0,143,0,2,206,0,208,155,0,155,363
08/18/2012,FPR,FL,ASO,ES,Towers with Radar,0,0,46,0,46,0,0,147,0,147,0,0,193,0,193,207,0,207,400
08/19/2012,FPR,FL,ASO,ES,Towers with Radar,0,2,24,0,26,0,2,103,0,105,0,4,127,0,131,169,0,169,300
08/20/2012,FPR,FL,ASO,ES,Towers with Radar,0,1,26,0,27,0,1,148,0,149,0,2,174,0,176,131,0,131,307
08/21/2012,FPR,FL,ASO,ES,Towers with Radar,0,2,46,2,50,0,0,123,0,123,0,2,169,2,173,100,0,100,273
08/22/2012,FPR,FL,ASO,ES,Towers with Radar,0,1,65,0,66,0,2,123,0,125,0,3,188,0,191,185,0,185,376
08/23/2012,FPR,FL,ASO,ES,Towers with Radar,0,1,59,2,62,0,0,128,0,128,0,1,187,2,190,239,0,239,429
08/24/2012,FPR,FL,ASO,ES,Towers with Radar,0,3,68,0,71,0,0,145,0,145,0,3,213,0,216,194,0,194,410
08/25/2012,FPR,FL,ASO,ES,Towers with Radar,0,4,23,0,27,0,1,40,0,41,0,5,63,0,68,78,0,78,146
08/26/2012,FPR,FL,ASO,ES,Towers with Radar,0,1,3,0,4,0,0,0,0,0,0,1,3,0,4,0,0,0,4
08/27/2012,FPR,FL,ASO,ES,Towers with Radar,0,1,1,0,2,0,0,1,0,1,0,1,2,0,3,0,0,0,3
08/28/2012,FPR,FL,ASO,ES,Towers with Radar,0,2,54,0,56,0,1,126,0,127,0,3,180,0,183,186,0,186,369
08/29/2012,FPR,FL,ASO,ES,Towers with Radar,0,2,76,0,78,0,2,172,0,174,0,4,248,0,252,253,0,253,505
08/30/2012,FPR,FL,ASO,ES,Towers with Radar,0,1,49,0,50,0,3,176,0,179,0,4,225,0,229,260,0,260,489
08/31/2012,FPR,FL,ASO,ES,Towers with Radar,0,1,39,0,40,0,0,149,0,149,0,1,188,0,189,192,0,192,381
09/01/2012,FPR,FL,ASO,ES,Towers with Radar,0,3,21,0,24,0,0,138,0,138,0,3,159,0,162,90,0,90,252
09/02/2012,FPR,FL,ASO,ES,Towers with Radar,0,3,26,1,30,0,5,102,0,107,0,8,128,1,137,110,0,110,247
09/03/2012,FPR,FL,ASO,ES,Towers with Radar,0,1,55,0,56,0,3,110,0,113,0,4,165,0,169,8,0,8,177
09/04/2012,FPR,FL,ASO,ES,Towers with Radar,0,2,38,0,40,0,1,114,0,115,0,3,152,0,155,240,0,240,395
09/05/2012,FPR,FL,ASO,ES,Towers with Radar,0,0,32,0,32,0,0,131,0,131,0,0,163,0,163,186,0,186,349
09/06/2012,FPR,FL,ASO,ES,Towers with Radar,0,2,51,0,53,0,0,127,0,127,0,2,178,0,180,169,0,169,349
09/07/2012,FPR,FL,ASO,ES,Towers with Radar,0,2,25,0,27,0,0,133,0,133,0,2,158,0,160,273,0,273,433
09/08/2012,FPR,FL,ASO,ES,Towers with Radar,0,1,39,0,40,0,0,162,0,162,0,1,201,0,202,191,0,191,393
09/09/2012,FPR,FL,ASO,ES,Towers with Radar,0,1,2,0,3,0,2,16,1,19,0,3,18,1,22,0,0,0,22
09/10/2012,FPR,FL,ASO,ES,Towers with Radar,0,0,35,0,35,0,0,97,0,97,0,0,132,0,132,270,0,270,402
09/11/2012,FPR,FL,ASO,ES,Towers with Radar,0,0,54,0,54,0,0,103,0,103,0,0,157,0,157,129,0,129,286
09/12/2012,FPR,FL,ASO,ES,Towers with Radar,0,1,42,0,43,0,1,151,0,152,0,2,193,0,195,255,0,255,450
09/13/2012,FPR,FL,ASO,ES,Towers with Radar,0,1,52,0,53,0,8,132,0,140,0,9,184,0,193,263,0,263,456
09/14/2012,FPR,FL,ASO,ES,Towers with Radar,0,1,43,0,44,0,1,85,0,86,0,2,128,0,130,234,0,234,364
09/15/2012,FPR,FL,ASO,ES,Towers with Radar,0,2,33,0,35,0,0,110,0,110,0,2,143,0,145,198,0,198,343
09/16/2012,FPR,FL,ASO,ES,Towers with Radar,0,1,45,0,46,0,6,85,0,91,0,7,130,0,137,104,0,104,241
09/17/2012,FPR,FL,ASO,ES,Towers with Radar,0,2,31,0,33,0,0,110,0,110,0,2,141,0,143,256,0,256,399
09/18/2012,FPR,FL,ASO,ES,Towers with Radar,0,2,32,0,34,0,0,51,0,51,0,2,83,0,85,137,0,137,222
09/19/2012,FPR,FL,ASO,ES,Towers with Radar,0,1,41,0,42,0,4,95,0,99,0,5,136,0,141,297,0,297,438
09/20/2012,FPR,FL,ASO,ES,Towers with Radar,0,0,46,0,46,0,6,117,0,123,0,6,163,0,169,318,0,318,487
09/21/2012,FPR,FL,ASO,ES,Towers with Radar,0,3,45,0,48,0,4,94,0,98,0,7,139,0,146,250,0,250,396
09/22/2012,FPR,FL,ASO,ES,Towers with Radar,0,1,22,0,23,0,0,63,0,63,0,1,85,0,86,318,0,318,404
09/23/2012,FPR,FL,ASO,ES,Towers with Radar,0,0,24,0,24,0,1,133,0,134,0,1,157,0,158,125,0,125,283
09/24/2012,FPR,FL,ASO,ES,Towers with Radar,0,1,35,0,36,0,1,125,0,126,0,2,160,0,162,286,0,286,448
09/25/2012,FPR,FL,ASO,ES,Towers with Radar,0,0,51,0,51,0,0,168,0,168,0,0,219,0,219,364,0,364,583
09/26/2012,FPR,FL,ASO,ES,Towers with Radar,0,1,42,0,43,0,2,141,0,143,0,3,183,0,186,231,0,231,417
09/27/2012,FPR,FL,ASO,ES,Towers with Radar,0,0,83,0,83,0,0,140,0,140,0,0,223,0,223,308,0,308,531
09/28/2012,FPR,FL,ASO,ES,Towers with Radar,0,2,69,0,71,0,3,147,0,150,0,5,216,0,221,220,0,220,441
09/29/2012,FPR,FL,ASO,ES,Towers with Radar,0,0,35,0,35,0,8,125,0,133,0,8,160,0,168,120,0,120,288
09/30/2012,FPR,FL,ASO,ES,Towers with Radar,0,3,26,2,31,0,2,104,0,106,0,5,130,2,137,112,0,112,249
10/01/2012,FPR,FL,ASO,ES,Towers with Radar,0,1,54,0,55,0,0,88,0,88,0,1,142,0,143,136,0,136,279
10/02/2012,FPR,FL,ASO,ES,Towers with Radar,0,1,30,0,31,0,0,66,0,66,0,1,96,0,97,145,0,145,242
10/03/2012,FPR,FL,ASO,ES,Towers with Radar,0,4,73,0,77,0,4,147,0,151,0,8,220,0,228,226,0,226,454
10/04/2012,FPR,FL,ASO,ES,Towers with Radar,0,3,48,0,51,0,2,157,0,159,0,5,205,0,210,321,0,321,531
10/05/2012,FPR,FL,ASO,ES,Towers with Radar,0,3,60,0,63,0,6,111,0,117,0,9,171,0,180,208,0,208,388
10/06/2012,FPR,FL,ASO,ES,Towers with Radar,0,0,44,0,44,0,4,114,0,118,0,4,158,0,162,188,0,188,350
10/07/2012,FPR,FL,ASO,ES,Towers with Radar,0,2,46,0,48,0,0,84,0,84,0,2,130,0,132,75,0,75,207
10/08/2012,FPR,FL,ASO,ES,Towers with Radar,0,0,61,0,61,0,1,131,0,132,0,1,192,0,193,178,0,178,371
10/09/2012,FPR,FL,ASO,ES,Towers with Radar,0,5,77,0,82,0,2,134,0,136,0,7,211,0,218,221,0,221,439
10/10/2012,FPR,FL,ASO,ES,Towers with Radar,0,6,59,0,65,0,8,155,0,163,0,14,214,0,228,206,0,206,434
10/11/2012,FPR,FL,ASO,ES,Towers with Radar,0,0,33,0,33,0,0,114,0,114,0,0,147,0,147,193,0,193,340
10/12/2012,FPR,FL,ASO,ES,Towers with Radar,0,2,44,0,46,0,1,87,0,88,0,3,131,0,134,70,0,70,204
10/13/2012,FPR,FL,ASO,ES,Towers with Radar,0,7,27,0,34,0,16,88,0,104,0,23,115,0,138,108,0,108,246
10/14/2012,FPR,FL,ASO,ES,Towers with Radar,0,0,35,0,35,0,5,65,0,70,0,5,100,0,105,113,0,113,218
10/15/2012,FPR,FL,ASO,ES,Towers with Radar,0,3,49,0,52,0,2,140,2,144,0,5,189,2,196,343,0,343,539
10/16/2012,FPR,FL,ASO,ES,Towers with Radar,0,0,56,0,56,0,1,148,0,149,0,1,204,0,205,309,0,309,514
10/17/2012,FPR,FL,ASO,ES,Towers with Radar,0,1,69,0,70,0,1,81,0,82,0,2,150,0,152,291,0,291,443
10/18/2012,FPR,FL,ASO,ES,Towers with Radar,0,1,50,0,51,0,4,122,0,126,0,5,172,0,177,281,0,281,458
10/19/2012,FPR,FL,ASO,ES,Towers with Radar,0,2,27,0,29,0,1,113,0,114,0,3,140,0,143,166,0,166,309
10/20/2012,FPR,FL,ASO,ES,Towers with Radar,0,0,55,0,55,0,4,139,0,143,0,4,194,0,198,273,0,273,471
10/21/2012,FPR,FL,ASO,ES,Towers with Radar,0,0,46,0,46,0,2,111,0,113,0,2,157,0,159,104,0,104,263
10/22/2012,FPR,FL,ASO,ES,Towers with Radar,0,0,46,0,46,0,4,106,0,110,0,4,152,0,156,192,0,192,348
10/23/2012,FPR,FL,ASO,ES,Towers with Radar,0,6,66,0,72,0,0,96,0,96,0,6,162,0,168,258,0,258,426
10/24/2012,FPR,FL,ASO,ES,Towers with Radar,0,2,54,0,56,0,1,130,0,131,0,3,184,0,187,183,0,183,370
10/25/2012,FPR,FL,ASO,ES,Towers with Radar,0,0,52,0,52,0,3,36,0,39,0,3,88,0,91,98,0,98,189
10/26/2012,FPR,FL,ASO,ES,Towers with Radar,0,0,3,0,3,0,0,0,0,0,0,0,3,0,3,0,0,0,3
10/27/2012,FPR,FL,ASO,ES,Towers with Radar,0,3,7,0,10,0,5,9,0,14,0,8,16,0,24,14,0,14,38
10/28/2012,FPR,FL,ASO,ES,Towers with Radar,0,1,19,0,20,0,2,100,0,102,0,3,119,0,122,100,0,100,222
10/29/2012,FPR,FL,ASO,ES,Towers with Radar,0,0,44,0,44,0,0,127,0,127,0,0,171,0,171,229,0,229,400
10/30/2012,FPR,FL,ASO,ES,Towers with Radar,0,1,43,0,44,0,0,171,0,171,0,1,214,0,215,319,0,319,534
10/31/2012,FPR,FL,ASO,ES,Towers with Radar,0,0,25,0,25,0,0,173,0,173,0,0,198,0,198,339,0,339,537
11/01/2012,FPR,FL,ASO,ES,Towers with Radar,0,1,48,0,49,0,6,193,0,199,0,7,241,0,248,241,0,241,489
11/02/2012,FPR,FL,ASO,ES,Towers with Radar,0,0,60,0,60,0,3,177,0,180,0,3,237,0,240,234,0,234,474
11/03/2012,FPR,FL,ASO,ES,Towers with Radar,0,2,39,0,41,0,3,134,0,137,0,5,173,0,178,209,0,209,387
11/04/2012,FPR,FL,ASO,ES,Towers with Radar,0,4,58,0,62,0,2,129,0,131,0,6,187,0,193,154,0,154,347
11/05/2012,FPR,FL,ASO,ES,Towers with Radar,0,1,52,0,53,0,0,167,0,167,0,1,219,0,220,169,0,169,389
11/06/2012,FPR,FL,ASO,ES,Towers with Radar,0,0,51,0,51,0,2,155,0,157,0,2,206,0,208,321,0,321,529
11/07/2012,FPR,FL,ASO,ES,Towers with Radar,0,2,41,0,43,0,1,147,0,148,0,3,188,0,191,203,0,203,394
11/08/2012,FPR,FL,ASO,ES,Towers with Radar,0,4,35,0,39,0,0,157,1,158,0,4,192,1,197,159,0,159,356
11/09/2012,FPR,FL,ASO,ES,Towers with Radar,0,4,68,0,72,0,1,126,2,129,0,5,194,2,201,133,0,133,334
11/10/2012,FPR,FL,ASO,ES,Towers with Radar,0,3,57,0,60,0,1,158,2,161,0,4,215,2,221,256,0,256,477
11/11/2012,FPR,FL,ASO,ES,Towers with Radar,0,4,79,0,83,0,0,87,0,87,0,4,166,0,170,74,3,77,247
11/12/2012,FPR,FL,ASO,ES,Towers with Radar,0,0,92,0,92,0,0,136,0,136,0,0,228,0,228,322,0,322,550
11/13/2012,FPR,FL,ASO,ES,Towers with Radar,0,0,84,0,84,0,6,149,0,155,0,6,233,0,239,305,0,305,544
11/14/2012,FPR,FL,ASO,ES,Towers with Radar,0,3,84,0,87,0,1,154,0,155,0,4,238,0,242,294,0,294,536
11/15/2012,FPR,FL,ASO,ES,Towers with Radar,0,4,73,0,77,0,1,111,0,112,0,5,184,0,189,353,0,353,542
11/16/2012,FPR,FL,ASO,ES,Towers with Radar,0,3,57,0,60,0,5,95,0,100,0,8,152,0,160,161,0,161,321
11/17/2012,FPR,FL,ASO,ES,Towers with Radar,0,0,64,0,64,0,2,165,0,167,0,2,229,0,231,199,0,199,430
11/18/2012,FPR,FL,ASO,ES,Towers with Radar,0,2,65,0,67,0,3,82,0,85,0,5,147,0,152,26,0,26,178
11/19/2012,FPR,FL,ASO,ES,Towers with Radar,0,1,60,0,61,0,0,16,0,16,0,1,76,0,77,81,0,81,158
11/20/2012,FPR,FL,ASO,ES,Towers with Radar,0,1,60,0,61,0,0,109,0,109,0,1,169,0,170,193,0,193,363
11/21/2012,FPR,FL,ASO,ES,Towers with Radar,0,1,55,0,56,0,1,128,0,129,0,2,183,0,185,202,0,202,387
11/22/2012,FPR,FL,ASO,ES,Towers with Radar,0,4,8,0,12,0,6,15,0,21,0,10,23,0,33,1,0,1,34
11/23/2012,FPR,FL,ASO,ES,Towers with Radar,0,2,33,0,35,0,5,135,0,140,0,7,168,0,175,300,0,300,475
11/24/2012,FPR,FL,ASO,ES,Towers with Radar,0,0,52,0,52,0,0,155,0,155,0,0,207,0,207,280,0,280,487
11/25/2012,FPR,FL,ASO,ES,Towers with Radar,0,4,79,0,83,0,5,155,0,160,0,9,234,0,243,186,0,186,429
11/26/2012,FPR,FL,ASO,ES,Towers with Radar,0,2,55,0,57,0,9,133,0,142,0,11,188,0,199,295,0,295,494
11/27/2012,FPR,FL,ASO,ES,Towers with Radar,0,1,47,0,48,0,3,184,0,187,0,4,231,0,235,297,0,297,532
11/28/2012,FPR,FL,ASO,ES,Towers with Radar,0,2,45,0,47,0,0,116,0,116,0,2,161,0,163,142,0,142,305
11/29/2012,FPR,FL,ASO,ES,Towers with Radar,0,5,51,0,56,0,5,142,0,147,0,10,193,0,203,280,0,280,483
11/30/2012,FPR,FL,ASO,ES,Towers with Radar,0,1,62,3,66,0,5,170,1,176,0,6,232,4,242,352,0,352,594
12/01/2012,FPR,FL,ASO,ES,Towers with Radar,0,0,53,2,55,0,4,130,0,134,0,4,183,2,189,161,0,161,350
12/02/2012,FPR,FL,ASO,ES,Towers with Radar,0,0,46,3,49,0,1,106,1,108,0,1,152,4,157,160,4,164,321
12/03/2012,FPR,FL,ASO,ES,Towers with Radar,0,2,81,0,83,0,0,237,0,237,0,2,318,0,320,454,0,454,774
12/04/2012,FPR,FL,ASO,ES,Towers with Radar,0,0,65,0,65,0,2,143,0,145,0,2,208,0,210,331,0,331,541
12/05/2012,FPR,FL,ASO,ES,Towers with Radar,0,0,70,0,70,0,3,197,0,200,0,3,267,0,270,361,0,361,631
12/06/2012,FPR,FL,ASO,ES,Towers with Radar,0,4,60,0,64,0,4,147,0,151,0,8,207,0,215,306,0,306,521
12/07/2012,FPR,FL,ASO,ES,Towers with Radar,0,2,63,0,65,0,3,175,0,178,0,5,238,0,243,300,0,300,543
12/08/2012,FPR,FL,ASO,ES,Towers with Radar,0,4,41,0,45,0,0,162,0,162,0,4,203,0,207,176,0,176,383
12/09/2012,FPR,FL,ASO,ES,Towers with Radar,0,1,67,0,68,0,2,113,0,115,0,3,180,0,183,194,0,194,377
12/10/2012,FPR,FL,ASO,ES,Towers with Radar,0,1,76,0,77,0,1,82,0,83,0,2,158,0,160,118,0,118,278
12/11/2012,FPR,FL,ASO,ES,Towers with Radar,0,0,39,0,39,0,0,104,0,104,0,0,143,0,143,335,0,335,478
12/12/2012,FPR,FL,ASO,ES,Towers with Radar,0,0,64,0,64,0,0,125,0,125,0,0,189,0,189,233,0,233,422
12/13/2012,FPR,FL,ASO,ES,Towers with Radar,0,1,81,0,82,0,0,4,0,4,0,1,85,0,86,34,0,34,120
12/14/2012,FPR,FL,ASO,ES,Towers with Radar,0,2,52,0,54,0,9,199,0,208,0,11,251,0,262,187,0,187,449
12/15/2012,FPR,FL,ASO,ES,Towers with Radar,0,2,42,0,44,0,1,124,0,125,0,3,166,0,169,252,0,252,421
12/16/2012,FPR,FL,ASO,ES,Towers with Radar,0,1,36,0,37,0,3,99,0,102,0,4,135,0,139,144,0,144,283
12/17/2012,FPR,FL,ASO,ES,Towers with Radar,0,2,58,0,60,0,1,142,0,143,0,3,200,0,203,247,0,247,450
12/18/2012,FPR,FL,ASO,ES,Towers with Radar,0,1,38,0,39,0,0,104,1,105,0,1,142,1,144,248,0,248,392
12/19/2012,FPR,FL,ASO,ES,Towers with Radar,0,1,57,0,58,0,3,139,0,142,0,4,196,0,200,380,0,380,580
12/20/2012,FPR,FL,ASO,ES,Towers with Radar,0,2,44,0,46,0,2,178,0,180,0,4,222,0,226,253,0,253,479
12/21/2012,FPR,FL,ASO,ES,Towers with Radar,0,5,35,0,40,0,0,74,0,74,0,5,109,0,114,72,0,72,186
12/22/2012,FPR,FL,ASO,ES,Towers with Radar,0,3,39,0,42,0,1,122,0,123,0,4,161,0,165,110,0,110,275
12/23/2012,FPR,FL,ASO,ES,Towers with Radar,0,2,42,0,44,0,0,138,0,138,0,2,180,0,182,151,0,151,333
12/24/2012,FPR,FL,ASO,ES,Towers with Radar,0,2,10,0,12,0,1,91,0,92,0,3,101,0,104,76,0,76,180
12/25/2012,FPR,FL,ASO,ES,Towers with Radar,0,1,4,0,5,0,3,11,0,14,0,4,15,0,19,0,0,0,19
12/26/2012,FPR,FL,ASO,ES,Towers with Radar,0,5,39,0,44,0,2,39,0,41,0,7,78,0,85,64,0,64,149
12/27/2012,FPR,FL,ASO,ES,Towers with Radar,0,4,64,0,68,0,5,157,0,162,0,9,221,0,230,231,0,231,461
12/28/2012,FPR,FL,ASO,ES,Towers with Radar,0,5,95,0,100,0,7,133,0,140,0,12,228,0,240,195,0,195,435
12/29/2012,FPR,FL,ASO,ES,Towers with Radar,0,5,43,0,48,0,3,30,0,33,0,8,73,0,81,34,0,34,115
12/30/2012,FPR,FL,ASO,ES,Towers with Radar,0,1,65,0,66,0,2,51,0,53,0,3,116,0,119,51,0,51,170
12/31/2012,FPR,FL,ASO,ES,Towers with Radar,0,2,38,0,40,0,1,123,0,124,0,3,161,0,164,51,0,51,215
01/01/2013,FPR,FL,ASO,ES,Towers with Radar,0,12,58,0,70,0,1,30,0,31,0,13,88,0,101,2,0,2,103
01/02/2013,FPR,FL,ASO,ES,Towers with Radar,0,5,86,0,91,0,5,130,0,135,0,10,216,0,226,181,0,181,407
01/03/2013,FPR,FL,ASO,ES,Towers with Radar,0,1,72,0,73,0,7,118,0,125,0,8,190,0,198,119,0,119,317
01/04/2013,FPR,FL,ASO,ES,Towers with Radar,0,0,93,0,93,0,4,8,0,12,0,4,101,0,105,14,0,14,119
01/05/2013,FPR,FL,ASO,ES,Towers with Radar,0,3,71,0,74,0,3,107,0,110,0,6,178,0,184,145,0,145,329
01/06/2013,FPR,FL,ASO,ES,Towers with Radar,0,4,50,0,54,0,0,115,0,115,0,4,165,0,169,161,0,161,330
01/07/2013,FPR,FL,ASO,ES,Towers with Radar,0,1,34,0,35,0,0,64,0,64,0,1,98,0,99,127,0,127,226
01/08/2013,FPR,FL,ASO,ES,Towers with Radar,0,1,71,0,72,0,1,91,0,92,0,2,162,0,164,152,0,152,316
01/09/2013,FPR,FL,ASO,ES,Towers with Radar,0,4,31,0,35,0,2,120,0,122,0,6,151,0,157,266,0,266,423
01/10/2013,FPR,FL,ASO,ES,Towers with Radar,0,9,58,0,67,0,3,134,0,137,0,12,192,0,204,270,0,270,474
01/11/2013,FPR,FL,ASO,ES,Towers with Radar,0,4,53,4,61,0,3,139,0,142,0,7,192,4,203,229,0,229,432
01/12/2013,FPR,FL,ASO,ES,Towers with Radar,0,9,44,0,53,0,14,192,0,206,0,23,236,0,259,259,0,259,518
01/13/2013,FPR,FL,ASO,ES,Towers with Radar,0,7,53,1,61,0,0,100,0,100,0,7,153,1,161,156,0,156,317
01/14/2013,FPR,FL,ASO,ES,Towers with Radar,0,0,54,0,54,0,2,126,1,129,0,2,180,1,183,160,0,160,343
01/15/2013,FPR,FL,ASO,ES,Towers with Radar,0,2,61,0,63,0,3,186,0,189,0,5,247,0,252,238,0,238,490
01/16/2013,FPR,FL,ASO,ES,Towers with Radar,0,0,36,0,36,0,2,142,0,144,0,2,178,0,180,131,0,131,311
01/17/2013,FPR,FL,ASO,ES,Towers with Radar,0,10,33,0,43,0,2,162,0,164,0,12,195,0,207,194,0,194,401
01/18/2013,FPR,FL,ASO,ES,Towers with Radar,0,2,79,0,81,0,2,105,0,107,0,4,184,0,188,121,0,121,309
01/19/2013,FPR,FL,ASO,ES,Towers with Radar,0,1,47,0,48,0,8,99,0,107,0,9,146,0,155,183,0,183,338
01/20/2013,FPR,FL,ASO,ES,Towers with Radar,0,6,53,0,59,0,6,82,0,88,0,12,135,0,147,123,0,123,270
01/21/2013,FPR,FL,ASO,ES,Towers with Radar,0,4,47,0,51,0,1,157,0,158,0,5,204,0,209,252,0,252,461
01/22/2013,FPR,FL,ASO,ES,Towers with Radar,0,0,29,0,29,0,1,132,1,134,0,1,161,1,163,159,0,159,322
01/23/2013,FPR,FL,ASO,ES,Towers with Radar,0,1,49,0,50,0,4,167,0,171,0,5,216,0,221,222,0,222,443
01/24/2013,FPR,FL,ASO,ES,Towers with Radar,0,0,41,0,41,0,3,171,0,174,0,3,212,0,215,278,0,278,493
01/25/2013,FPR,FL,ASO,ES,Towers with Radar,0,3,40,0,43,0,3,144,0,147,0,6,184,0,190,198,0,198,388
01/26/2013,FPR,FL,ASO,ES,Towers with Radar,0,3,42,0,45,0,7,167,0,174,0,10,209,0,219,228,0,228,447
01/27/2013,FPR,FL,ASO,ES,Towers with Radar,0,4,45,0,49,0,3,120,0,123,0,7,165,0,172,151,0,151,323
01/28/2013,FPR,FL,ASO,ES,Towers with Radar,0,0,63,0,63,0,4,188,0,192,0,4,251,0,255,293,0,293,548
01/29/2013,FPR,FL,ASO,ES,Towers with Radar,0,0,74,0,74,0,2,90,0,92,0,2,164,0,166,221,0,221,387
01/30/2013,FPR,FL,ASO,ES,Towers with Radar,0,0,44,0,44,0,2,103,0,105,0,2,147,0,149,88,8,96,245
01/31/2013,FPR,FL,ASO,ES,Towers with Radar,0,4,27,0,31,0,0,78,0,78,0,4,105,0,109,190,0,190,299
02/01/2013,FPR,FL,ASO,ES,Towers with Radar,0,3,44,0,47,0,3,168,2,173,0,6,212,2,220,134,0,134,354
02/02/2013,FPR,FL,ASO,ES,Towers with Radar,0,3,52,0,55,0,0,178,0,178,0,3,230,0,233,145,0,145,378
02/03/2013,FPR,FL,ASO,ES,Towers with Radar,0,3,48,1,52,0,3,146,1,150,0,6,194,2,202,151,0,151,353
02/04/2013,FPR,FL,ASO,ES,Towers with Radar,0,5,29,0,34,0,2,141,0,143,0,7,170,0,177,157,0,157,334
02/05/2013,FPR,FL,ASO,ES,Towers with Radar,0,1,75,2,78,0,2,157,0,159,0,3,232,2,237,233,0,233,470
02/06/2013,FPR,FL,ASO,ES,Towers with Radar,0,3,63,0,66,0,5,116,0,121,0,8,179,0,187,234,0,234,421
02/07/2013,FPR,FL,ASO,ES,Towers with Radar,0,5,58,0,63,0,1,164,0,165,0,6,222,0,228,200,0,200,428
02/08/2013,FPR,FL,ASO,ES,Towers with Radar,0,5,51,0,56,0,2,120,0,122,0,7,171,0,178,218,0,218,396
02/09/2013,FPR,FL,ASO,ES,Towers with Radar,0,7,64,0,71,0,9,147,0,156,0,16,211,0,227,171,0,171,398
02/10/2013,FPR,FL,ASO,ES,Towers with Radar,0,1,63,0,64,0,8,120,0,128,0,9,183,0,192,62,0,62,254
02/11/2013,FPR,FL,ASO,ES,Towers with Radar,0,1,62,0,63,0,3,157,0,160,0,4,219,0,223,209,0,209,432
02/12/2013,FPR,FL,ASO,ES,Towers with Radar,0,2,68,0,70,0,0,151,0,151,0,2,219,0,221,238,0,238,459
02/13/2013,FPR,FL,ASO,ES,Towers with Radar,0,3,64,0,67,0,0,81,0,81,0,3,145,0,148,100,0,100,248
02/14/2013,FPR,FL,ASO,ES,Towers with Radar,0,1,70,0,71,0,0,37,0,37,0,1,107,0,108,66,0,66,174
02/15/2013,FPR,FL,ASO,ES,Towers with Radar,0,8,58,0,66,0,3,34,0,37,0,11,92,0,103,53,0,53,156
02/16/2013,FPR,FL,ASO,ES,Towers with Radar,0,5,46,0,51,0,0,14,0,14,0,5,60,0,65,0,0,0,65
02/17/2013,FPR,FL,ASO,ES,Towers with Radar,0,6,51,0,57,0,2,20,0,22,0,8,71,0,79,0,0,0,79
02/18/2013,FPR,FL,ASO,ES,Towers with Radar,0,6,77,0,83,0,2,32,0,34,0,8,109,0,117,44,0,44,161
02/19/2013,FPR,FL,ASO,ES,Towers with Radar,0,4,72,0,76,0,1,182,0,183,0,5,254,0,259,262,0,262,521
02/20/2013,FPR,FL,ASO,ES,Towers with Radar,0,7,85,0,92,0,0,143,0,143,0,7,228,0,235,218,0,218,453
02/21/2013,FPR,FL,ASO,ES,Towers with Radar,0,6,93,0,99,0,1,169,0,170,0,7,262,0,269,249,0,249,518
02/22/2013,FPR,FL,ASO,ES,Towers with Radar,0,8,85,0,93,0,0,182,0,182,0,8,267,0,275,202,0,202,477
02/23/2013,FPR,FL,ASO,ES,Towers with Radar,0,4,71,0,75,0,6,174,0,180,0,10,245,0,255,169,0,169,424
02/24/2013,FPR,FL,ASO,ES,Towers with Radar,0,7,86,0,93,0,2,114,0,116,0,9,200,0,209,180,0,180,389
02/25/2013,FPR,FL,ASO,ES,Towers with Radar,0,3,67,0,70,0,1,156,0,157,0,4,223,0,227,226,0,226,453
02/26/2013,FPR,FL,ASO,ES,Towers with Radar,0,5,54,0,59,0,0,98,0,98,0,5,152,0,157,127,0,127,284
02/27/2013,FPR,FL,ASO,ES,Towers with Radar,0,2,57,0,59,0,3,154,0,157,0,5,211,0,216,243,0,243,459
02/28/2013,FPR,FL,ASO,ES,Towers with Radar,0,5,41,0,46,0,4,160,0,164,0,9,201,0,210,331,0,331,541
03/01/2013,FPR,FL,ASO,ES,Towers with Radar,0,2,67,0,69,0,5,126,0,131,0,7,193,0,200,189,0,189,389
03/02/2013,FPR,FL,ASO,ES,Towers with Radar,0,6,37,0,43,0,1,168,0,169,0,7,205,0,212,291,0,291,503
03/03/2013,FPR,FL,ASO,ES,Towers with Radar,0,4,46,0,50,0,7,135,0,142,0,11,181,0,192,66,0,66,258
03/04/2013,FPR,FL,ASO,ES,Towers with Radar,0,3,73,0,76,0,10,143,0,153,0,13,216,0,229,178,0,178,407
03/05/2013,FPR,FL,ASO,ES,Towers with Radar,0,4,72,0,76,0,3,176,0,179,0,7,248,0,255,442,0,442,697
03/06/2013,FPR,FL,ASO,ES,Towers with Radar,0,2,48,0,50,0,0,107,0,107,0,2,155,0,157,226,0,226,383
03/07/2013,FPR,FL,ASO,ES,Towers with Radar,0,5,73,0,78,0,7,173,0,180,0,12,246,0,258,350,0,350,608
03/08/2013,FPR,FL,ASO,ES,Towers with Radar,0,4,76,0,80,0,0,147,0,147,0,4,223,0,227,193,0,193,420
03/09/2013,FPR,FL,ASO,ES,Towers with Radar,0,4,56,0,60,0,3,185,0,188,0,7,241,0,248,243,0,243,491
03/10/2013,FPR,FL,ASO,ES,Towers with Radar,0,5,89,0,94,0,0,108,0,108,0,5,197,0,202,90,0,90,292
03/11/2013,FPR,FL,ASO,ES,Towers with Radar,0,3,98,0,101,0,0,135,0,135,0,3,233,0,236,311,0,311,547
03/12/2013,FPR,FL,ASO,ES,Towers with Radar,0,0,67,0,67,0,1,71,0,72,0,1,138,0,139,145,0,145,284
03/13/2013,FPR,FL,ASO,ES,Towers with Radar,0,5,89,0,94,0,1,123,0,124,0,6,212,0,218,255,0,255,473
03/14/2013,FPR,FL,ASO,ES,Towers with Radar,0,3,71,0,74,0,1,110,0,111,0,4,181,0,185,194,0,194,379
03/15/2013,FPR,FL,ASO,ES,Towers with Radar,0,4,57,0,61,0,6,164,0,170,0,10,221,0,231,355,0,355,586
03/16/2013,FPR,FL,ASO,ES,Towers with Radar,0,7,45,0,52,0,1,160,0,161,0,8,205,0,213,127,0,127,340
03/17/2013,FPR,FL,ASO,ES,Towers with Radar,0,3,83,0,86,0,2,158,0,160,0,5,241,0,246,122,0,122,368
03/18/2013,FPR,FL,ASO,ES,Towers with Radar,0,1,79,0,80,0,2,122,0,124,0,3,201,0,204,193,0,193,397
03/19/2013,FPR,FL,ASO,ES,Towers with Radar,0,5,72,0,77,0,3,122,0,125,0,8,194,0,202,399,0,399,601
03/20/2013,FPR,FL,ASO,ES,Towers with Radar,0,8,48,0,56,0,2,95,0,97,0,10,143,0,153,270,0,270,423
03/21/2013,FPR,FL,ASO,ES,Towers with Radar,0,1,88,0,89,0,5,193,0,198,0,6,281,0,287,216,0,216,503
03/22/2013,FPR,FL,ASO,ES,Towers with Radar,0,5,94,0,99,0,3,183,0,186,0,8,277,0,285,275,0,275,560
03/23/2013,FPR,FL,ASO,ES,Towers with Radar,0,6,92,0,98,0,2,150,0,152,0,8,242,0,250,131,0,131,381
03/24/2013,FPR,FL,ASO,ES,Towers with Radar,0,0,58,0,58,0,6,19,0,25,0,6,77,0,83,0,0,0,83
03/25/2013,FPR,FL,ASO,ES,Towers with Radar,0,0,57,1,58,0,6,208,0,214,0,6,265,1,272,223,0,223,495
03/26/2013,FPR,FL,ASO,ES,Towers with Radar,0,6,56,1,63,0,1,175,3,179,0,7,231,4,242,228,0,228,470
03/27/2013,FPR,FL,ASO,ES,Towers with Radar,0,5,71,0,76,0,6,165,0,171,0,11,236,0,247,214,0,214,461
03/28/2013,FPR,FL,ASO,ES,Towers with Radar,0,3,72,0,75,0,4,201,0,205,0,7,273,0,280,221,0,221,501
03/29/2013,FPR,FL,ASO,ES,Towers with Radar,0,3,93,0,96,0,0,165,0,165,0,3,258,0,261,256,0,256,517
03/30/2013,FPR,FL,ASO,ES,Towers with Radar,0,3,99,0,102,0,3,173,0,176,0,6,272,0,278,242,0,242,520
03/31/2013,FPR,FL,ASO,ES,Towers with Radar,0,5,61,0,66,0,0,68,0,68,0,5,129,0,134,30,0,30,164
04/01/2013,FPR,FL,ASO,ES,Towers with Radar,0,1,57,0,58,0,0,126,0,126,0,1,183,0,184,290,0,290,474
04/02/2013,FPR,FL,ASO,ES,Towers with Radar,0,6,37,0,43,0,3,152,0,155,0,9,189,0,198,247,0,247,445
04/03/2013,FPR,FL,ASO,ES,Towers with Radar,0,1,92,0,93,0,2,127,0,129,0,3,219,0,222,202,0,202,424
04/04/2013,FPR,FL,ASO,ES,Towers with Radar,0,5,66,0,71,0,0,41,0,41,0,5,107,0,112,226,0,226,338
04/05/2013,FPR,FL,ASO,ES,Towers with Radar,0,2,63,0,65,0,5,70,0,75,0,7,133,0,140,194,0,194,334
04/06/2013,FPR,FL,ASO,ES,Towers with Radar,0,1,89,0,90,0,0,144,0,144,0,1,233,0,234,208,0,208,442
04/07/2013,FPR,FL,ASO,ES,Towers with Radar,0,8,105,0,113,0,4,106,0,110,0,12,211,0,223,118,0,118,341
04/08/2013,FPR,FL,ASO,ES,Towers with Radar,0,3,49,0,52,0,0,160,0,160,0,3,209,0,212,371,0,371,583
04/09/2013,FPR,FL,ASO,ES,Towers with Radar,0,3,58,0,61,0,2,109,0,111,0,5,167,0,172,350,0,350,522
04/10/2013,FPR,FL,ASO,ES,Towers with Radar,0,5,80,0,85,0,0,117,0,117,0,5,197,0,202,214,0,214,416
04/11/2013,FPR,FL,ASO,ES,Towers with Radar,0,2,86,0,88,0,1,129,0,130,0,3,215,0,218,138,0,138,356
04/12/2013,FPR,FL,ASO,ES,Towers with Radar,0,6,48,0,54,0,4,86,0,90,0,10,134,0,144,221,0,221,365
04/13/2013,FPR,FL,ASO,ES,Towers with Radar,0,4,57,0,61,0,7,83,0,90,0,11,140,0,151,183,0,183,334
04/14/2013,FPR,FL,ASO,ES,Towers with Radar,0,4,68,0,72,0,0,88,0,88,0,4,156,0,160,50,0,50,210
04/15/2013,FPR,FL,ASO,ES,Towers with Radar,0,6,50,0,56,0,3,145,0,148,0,9,195,0,204,240,0,240,444
04/16/2013,FPR,FL,ASO,ES,Towers with Radar,0,2,69,0,71,0,4,153,0,157,0,6,222,0,228,246,0,246,474
04/17/2013,FPR,FL,ASO,ES,Towers with Radar,0,4,85,0,89,0,2,148,0,150,0,6,233,0,239,247,0,247,486
04/18/2013,FPR,FL,ASO,ES,Towers with Radar,0,4,67,0,71,0,1,158,0,159,0,5,225,0,230,253,0,253,483
04/19/2013,FPR,FL,ASO,ES,Towers with Radar,0,0,68,0,68,0,0,137,0,137,0,0,205,0,205,101,0,101,306
04/20/2013,FPR,FL,ASO,ES,Towers with Radar,0,2,60,0,62,0,3,38,0,41,0,5,98,0,103,108,0,108,211
04/21/2013,FPR,FL,ASO,ES,Towers with Radar,0,0,71,0,71,0,0,72,0,72,0,0,143,0,143,94,0,94,237
04/22/2013,FPR,FL,ASO,ES,Towers with Radar,0,10,56,0,66,0,1,75,0,76,0,11,131,0,142,135,0,135,277
04/23/2013,FPR,FL,ASO,ES,Towers with Radar,0,1,79,0,80,0,3,162,0,165,0,4,241,0,245,187,0,187,432
04/24/2013,FPR,FL,ASO,ES,Towers with Radar,0,3,68,0,71,0,6,191,0,197,0,9,259,0,268,301,0,301,569
04/25/2013,FPR,FL,ASO,ES,Towers with Radar,0,5,75,0,80,0,3,195,0,198,0,8,270,0,278,291,0,291,569
04/26/2013,FPR,FL,ASO,ES,Towers with Radar,0,0,49,0,49,0,0,177,0,177,0,0,226,0,226,297,0,297,523
04/27/2013,FPR,FL,ASO,ES,Towers with Radar,0,6,59,0,65,0,5,156,0,161,0,11,215,0,226,217,0,217,443
04/28/2013,FPR,FL,ASO,ES,Towers with Radar,0,0,71,0,71,0,2,146,0,148,0,2,217,0,219,111,0,111,330
04/29/2013,FPR,FL,ASO,ES,Towers with Radar,0,0,65,0,65,0,0,123,0,123,0,0,188,0,188,129,0,129,317
04/30/2013,FPR,FL,ASO,ES,Towers with Radar,0,2,53,0,55,0,0,74,0,74,0,2,127,0,129,338,0,338,467
05/01/2013,FPR,FL,ASO,ES,Towers with Radar,0,2,62,0,64,0,0,89,0,89,0,2,151,0,153,223,0,223,376
05/02/2013,FPR,FL,ASO,ES,Towers with Radar,0,5,35,0,40,0,2,14,0,16,0,7,49,0,56,79,0,79,135
05/03/2013,FPR,FL,ASO,ES,Towers with Radar,0,4,64,0,68,0,0,101,0,101,0,4,165,0,169,178,0,178,347
05/04/2013,FPR,FL,ASO,ES,Towers with Radar,0,0,61,0,61,0,2,78,0,80,0,2,139,0,141,123,0,123,264
05/05/2013,FPR,FL,ASO,ES,Towers with Radar,0,3,46,0,49,0,1,106,0,107,0,4,152,0,156,84,0,84,240
05/06/2013,FPR,FL,ASO,ES,Towers with Radar,0,0,46,0,46,0,4,168,0,172,0,4,214,0,218,264,0,264,482
05/07/2013,FPR,FL,ASO,ES,Towers with Radar,0,0,42,0,42,0,1,139,0,140,0,1,181,0,182,283,0,283,465
05/08/2013,FPR,FL,ASO,ES,Towers with Radar,0,2,48,0,50,0,1,121,2,124,0,3,169,2,174,325,0,325,499
05/09/2013,FPR,FL,ASO,ES,Towers with Radar,0,4,55,0,59,0,6,143,0,149,0,10,198,0,208,366,0,366,574
05/10/2013,FPR,FL,ASO,ES,Towers with Radar,0,1,58,0,59,0,0,158,0,158,0,1,216,0,217,249,0,249,466
05/11/2013,FPR,FL,ASO,ES,Towers with Radar,0,5,54,0,59,0,0,129,0,129,0,5,183,0,188,125,0,125,313
05/12/2013,FPR,FL,ASO,ES,Towers with Radar,0,3,60,0,63,0,1,73,0,74,0,4,133,0,137,64,0,64,201
05/13/2013,FPR,FL,ASO,ES,Towers with Radar,0,1,50,0,51,0,0,126,0,126,0,1,176,0,177,211,0,211,388
05/14/2013,FPR,FL,ASO,ES,Towers with Radar,0,1,64,0,65,0,1,148,0,149,0,2,212,0,214,189,0,189,403
05/15/2013,FPR,FL,ASO,ES,Towers with Radar,0,0,70,0,70,0,4,165,0,169,0,4,235,0,239,298,0,298,537
05/16/2013,FPR,FL,ASO,ES,Towers with Radar,0,2,52,0,54,0,3,128,0,131,0,5,180,0,185,251,0,251,436
05/17/2013,FPR,FL,ASO,ES,Towers with Radar,0,0,57,0,57,0,4,185,0,189,0,4,242,0,246,158,0,158,404
05/18/2013,FPR,FL,ASO,ES,Towers with Radar,0,0,58,0,58,0,0,142,0,142,0,0,200,0,200,207,0,207,407
05/19/2013,FPR,FL,ASO,ES,Towers with Radar,0,3,50,0,53,0,0,123,0,123,0,3,173,0,176,91,0,91,267
05/20/2013,FPR,FL,ASO,ES,Towers with Radar,0,0,72,0,72,0,1,105,0,106,0,1,177,0,178,140,0,140,318
05/21/2013,FPR,FL,ASO,ES,Towers with Radar,0,0,45,0,45,0,0,138,0,138,0,0,183,0,183,229,0,229,412
05/22/2013,FPR,FL,ASO,ES,Towers with Radar,0,0,62,0,62,0,4,105,0,109,0,4,167,0,171,164,0,164,335
05/23/2013,FPR,FL,ASO,ES,Towers with Radar,0,2,63,0,65,0,4,162,1,167,0,6,225,1,232,273,0,273,505
05/24/2013,FPR,FL,ASO,ES,Towers with Radar,0,5,98,0,103,0,5,195,1,201,0,10,293,1,304,145,0,145,449
05/25/2013,FPR,FL,ASO,ES,Towers with Radar,0,1,67,0,68,0,4,148,0,152,0,5,215,0,220,73,0,73,293
05/26/2013,FPR,FL,ASO,ES,Towers with Radar,0,0,41,0,41,0,2,99,0,101,0,2,140,0,142,32,0,32,174
05/27/2013,FPR,FL,ASO,ES,Towers with Radar,0,3,94,0,97,0,3,117,0,120,0,6,211,0,217,6,0,6,223
05/28/2013,FPR,FL,ASO,ES,Towers with Radar,0,1,108,0,109,0,1,100,0,101,0,2,208,0,210,176,0,176,386
05/29/2013,FPR,FL,ASO,ES,Towers with Radar,0,0,44,0,44,0,1,62,0,63,0,1,106,0,107,96,0,96,203
05/30/2013,FPR,FL,ASO,ES,Towers with Radar,0,1,59,0,60,0,0,73,0,73,0,1,132,0,133,75,0,75,208
05/31/2013,FPR,FL,ASO,ES,Towers with Radar,0,2,96,0,98,0,1,131,0,132,0,3,227,0,230,114,0,114,344
06/01/2013,FPR,FL,ASO,ES,Towers with Radar,0,0,69,0,69,0,2,80,1,83,0,2,149,1,152,99,0,99,251
06/02/2013,FPR,FL,ASO,ES,Towers with Radar,0,0,66,0,66,0,1,103,0,104,0,1,169,0,170,64,0,64,234
06/03/2013,FPR,FL,ASO,ES,Towers with Radar,0,2,46,0,48,0,0,146,0,146,0,2,192,0,194,165,0,165,359
06/04/2013,FPR,FL,ASO,ES,Towers with Radar,0,1,79,0,80,0,0,83,0,83,0,1,162,0,163,183,0,183,346
06/05/2013,FPR,FL,ASO,ES,Towers with Radar,0,1,94,0,95,0,2,138,0,140,0,3,232,0,235,178,0,178,413
06/06/2013,FPR,FL,ASO,ES,Towers with Radar,0,0,12,0,12,0,3,5,0,8,0,3,17,0,20,16,0,16,36
06/07/2013,FPR,FL,ASO,ES,Towers with Radar,0,2,92,0,94,0,3,90,0,93,0,5,182,0,187,80,0,80,267
06/08/2013,FPR,FL,ASO,ES,Towers with Radar,0,1,59,0,60,0,1,88,0,89,0,2,147,0,149,111,0,111,260
06/09/2013,FPR,FL,ASO,ES,Towers with Radar,0,2,52,0,54,0,2,105,0,107,0,4,157,0,161,35,0,35,196
06/10/2013,FPR,FL,ASO,ES,Towers with Radar,0,1,82,0,83,0,2,124,0,126,0,3,206,0,209,232,0,232,441
06/11/2013,FPR,FL,ASO,ES,Towers with Radar,0,0,58,0,58,0,6,130,0,136,0,6,188,0,194,338,0,338,532
06/12/2013,FPR,FL,ASO,ES,Towers with Radar,0,1,64,0,65,0,7,162,2,171,0,8,226,2,236,220,0,220,456
06/13/2013,FPR,FL,ASO,ES,Towers with Radar,0,0,57,0,57,0,4,158,0,162,0,4,215,0,219,221,0,221,440
06/14/2013,FPR,FL,ASO,ES,Towers with Radar,0,2,64,0,66,0,2,162,0,164,0,4,226,0,230,267,0,267,497
06/15/2013,FPR,FL,ASO,ES,Towers with Radar,0,6,78,0,84,0,6,157,0,163,0,12,235,0,247,218,0,218,465
06/16/2013,FPR,FL,ASO,ES,Towers with Radar,0,1,89,0,90,0,5,150,0,155,0,6,239,0,245,80,0,80,325
06/17/2013,FPR,FL,ASO,ES,Towers with Radar,0,2,71,0,73,0,1,168,0,169,0,3,239,0,242,334,0,334,576
06/18/2013,FPR,FL,ASO,ES,Towers with Radar,0,1,63,0,64,0,5,196,0,201,0,6,259,0,265,263,0,263,528
06/19/2013,FPR,FL,ASO,ES,Towers with Radar,0,1,111,0,112,0,0,166,0,166,0,1,277,0,278,219,0,219,497
06/20/2013,FPR,FL,ASO,ES,Towers with Radar,0,1,72,0,73,0,1,124,0,125,0,2,196,0,198,120,0,120,318
06/21/2013,FPR,FL,ASO,ES,Towers with Radar,0,1,80,0,81,0,3,115,0,118,0,4,195,0,199,182,0,182,381
06/22/2013,FPR,FL,ASO,ES,Towers with Radar,0,0,76,0,76,0,0,163,0,163,0,0,239,0,239,208,0,208,447
06/23/2013,FPR,FL,ASO,ES,Towers with Radar,0,6,69,0,75,0,0,67,0,67,0,6,136,0,142,82,0,82,224
06/24/2013,FPR,FL,ASO,ES,Towers with Radar,0,1,80,0,81,0,3,181,0,184,0,4,261,0,265,224,0,224,489
06/25/2013,FPR,FL,ASO,ES,Towers with Radar,0,2,59,0,61,0,1,159,0,160,0,3,218,0,221,310,0,310,531
06/26/2013,FPR,FL,ASO,ES,Towers with Radar,0,2,62,0,64,0,0,132,0,132,0,2,194,0,196,204,0,204,400
06/27/2013,FPR,FL,ASO,ES,Towers with Radar,0,1,70,0,71,0,8,137,0,145,0,9,207,0,216,241,0,241,457
06/28/2013,FPR,FL,ASO,ES,Towers with Radar,0,2,51,0,53,0,5,134,0,139,0,7,185,0,192,177,0,177,369
06/29/2013,FPR,FL,ASO,ES,Towers with Radar,0,3,58,0,61,0,0,135,0,135,0,3,193,0,196,91,0,91,287
06/30/2013,FPR,FL,ASO,ES,Towers with Radar,0,0,66,0,66,0,0,86,0,86,0,0,152,0,152,46,0,46,198
07/01/2013,FPR,FL,ASO,ES,Towers with Radar,0,5,70,0,75,0,2,114,0,116,0,7,184,0,191,181,0,181,372
07/02/2013,FPR,FL,ASO,ES,Towers with Radar,0,0,102,0,102,0,3,134,0,137,0,3,236,0,239,209,0,209,448
07/03/2013,FPR,FL,ASO,ES,Towers with Radar,0,0,95,0,95,0,1,150,0,151,0,1,245,0,246,131,0,131,377
07/04/2013,FPR,FL,ASO,ES,Towers with Radar,0,1,33,0,34,0,2,53,0,55,0,3,86,0,89,6,0,6,95
07/05/2013,FPR,FL,ASO,ES,Towers with Radar,0,0,66,0,66,0,4,135,0,139,0,4,201,0,205,155,0,155,360
07/06/2013,FPR,FL,ASO,ES,Towers with Radar,0,0,81,0,81,0,0,136,0,136,0,0,217,0,217,107,0,107,324
07/07/2013,FPR,FL,ASO,ES,Towers with Radar,0,0,105,0,105,0,1,135,0,136,0,1,240,0,241,54,0,54,295
07/08/2013,FPR,FL,ASO,ES,Towers with Radar,0,1,59,0,60,0,4,167,1,172,0,5,226,1,232,257,0,257,489
07/09/2013,FPR,FL,ASO,ES,Towers with Radar,0,0,71,0,71,0,2,100,0,102,0,2,171,0,173,276,0,276,449
07/10/2013,FPR,FL,ASO,ES,Towers with Radar,0,2,68,0,70,0,8,221,0,229,0,10,289,0,299,344,0,344,643
07/11/2013,FPR,FL,ASO,ES,Towers with Radar,0,1,66,0,67,0,3,113,0,116,0,4,179,0,183,193,0,193,376
07/12/2013,FPR,FL,ASO,ES,Towers with Radar,0,0,59,0,59,0,1,160,0,161,0,1,219,0,220,248,0,248,468
07/13/2013,FPR,FL,ASO,ES,Towers with Radar,0,3,54,0,57,0,0,64,0,64,0,3,118,0,121,112,0,112,233
07/14/2013,FPR,FL,ASO,ES,Towers with Radar,0,0,36,0,36,0,0,27,0,27,0,0,63,0,63,20,0,20,83
07/15/2013,FPR,FL,ASO,ES,Towers with Radar,0,0,59,0,59,0,4,150,0,154,0,4,209,0,213,256,0,256,469
07/16/2013,FPR,FL,ASO,ES,Towers with Radar,0,1,53,0,54,0,0,100,0,100,0,1,153,0,154,129,0,129,283
07/17/2013,FPR,FL,ASO,ES,Towers with Radar,0,4,64,0,68,0,4,121,2,127,0,8,185,2,195,340,0,340,535
07/18/2013,FPR,FL,ASO,ES,Towers with Radar,0,4,54,0,58,0,2,96,0,98,0,6,150,0,156,353,0,353,509
07/19/2013,FPR,FL,ASO,ES,Towers with Radar,0,3,71,0,74,0,7,180,0,187,0,10,251,0,261,205,0,205,466
07/20/2013,FPR,FL,ASO,ES,Towers with Radar,0,3,41,0,44,0,1,92,0,93,0,4,133,0,137,185,0,185,322
07/21/2013,FPR,FL,ASO,ES,Towers with Radar,0,2,38,0,40,0,0,78,0,78,0,2,116,0,118,86,0,86,204
07/22/2013,FPR,FL,ASO,ES,Towers with Radar,0,0,76,0,76,0,1,151,0,152,0,1,227,0,228,218,0,218,446
07/23/2013,FPR,FL,ASO,ES,Towers with Radar,0,1,63,0,64,0,1,170,0,171,0,2,233,0,235,216,0,216,451
07/24/2013,FPR,FL,ASO,ES,Towers with Radar,0,1,44,0,45,0,4,133,0,137,0,5,177,0,182,201,0,201,383
07/25/2013,FPR,FL,ASO,ES,Towers with Radar,0,0,43,0,43,0,3,132,0,135,0,3,175,0,178,280,0,280,458
07/26/2013,FPR,FL,ASO,ES,Towers with Radar,0,0,74,0,74,0,6,112,0,118,0,6,186,0,192,277,0,277,469
07/27/2013,FPR,FL,ASO,ES,Towers with Radar,0,8,62,0,70,0,6,127,0,133,0,14,189,0,203,95,0,95,298
07/28/2013,FPR,FL,ASO,ES,Towers with Radar,0,3,46,0,49,0,0,83,0,83,0,3,129,0,132,22,0,22,154
07/29/2013,FPR,FL,ASO,ES,Towers with Radar,0,0,67,0,67,0,3,160,0,163,0,3,227,0,230,337,0,337,567
07/30/2013,FPR,FL,ASO,ES,Towers with Radar,0,3,56,0,59,0,3,118,0,121,0,6,174,0,180,304,0,304,484
07/31/2013,FPR,FL,ASO,ES,Towers with Radar,0,2,72,0,74,0,2,143,0,145,0,4,215,0,219,270,0,270,489
08/01/2013,FPR,FL,ASO,ES,Towers with Radar,0,3,79,0,82,0,1,139,0,140,0,4,218,0,222,340,0,340,562
08/02/2013,FPR,FL,ASO,ES,Towers with Radar,0,0,50,0,50,0,4,121,0,125,0,4,171,0,175,211,0,211,386
08/03/2013,FPR,FL,ASO,ES,Towers with Radar,0,1,57,0,58,0,0,52,0,52,0,1,109,0,110,82,0,82,192
08/04/2013,FPR,FL,ASO,ES,Towers with Radar,0,1,55,0,56,0,2,80,0,82,0,3,135,0,138,19,0,19,157
08/05/2013,FPR,FL,ASO,ES,Towers with Radar,0,0,40,0,40,0,1,110,0,111,0,1,150,0,151,229,0,229,380
08/06/2013,FPR,FL,ASO,ES,Towers with Radar,0,0,73,0,73,0,3,160,0,163,0,3,233,0,236,386,0,386,622
08/07/2013,FPR,FL,ASO,ES,Towers with Radar,0,2,70,0,72,0,1,154,0,155,0,3,224,0,227,245,0,245,472
08/08/2013,FPR,FL,ASO,ES,Towers with Radar,0,1,64,0,65,0,0,131,0,131,0,1,195,0,196,319,0,319,515
08/09/2013,FPR,FL,ASO,ES,Towers with Radar,0,0,57,0,57,0,2,174,0,176,0,2,231,0,233,221,0,221,454
08/10/2013,FPR,FL,ASO,ES,Towers with Radar,0,1,61,0,62,0,2,121,0,123,0,3,182,0,185,170,0,170,355
08/11/2013,FPR,FL,ASO,ES,Towers with Radar,0,0,43,0,43,0,0,109,0,109,0,0,152,0,152,115,0,115,267
08/12/2013,FPR,FL,ASO,ES,Towers with Radar,0,0,44,0,44,0,2,165,0,167,0,2,209,0,211,249,0,249,460
08/13/2013,FPR,FL,ASO,ES,Towers with Radar,0,0,48,0,48,0,0,167,0,167,0,0,215,0,215,212,0,212,427
08/14/2013,FPR,FL,ASO,ES,Towers with Radar,0,2,50,0,52,0,2,132,0,134,0,4,182,0,186,211,0,211,397
08/15/2013,FPR,FL,ASO,ES,Towers with Radar,0,1,57,0,58,0,5,124,0,129,0,6,181,0,187,311,0,311,498
08/16/2013,FPR,FL,ASO,ES,Towers with Radar,0,1,48,0,49,0,1,130,0,131,0,2,178,0,180,233,0,233,413
08/17/2013,FPR,FL,ASO,ES,Towers with Radar,0,0,45,0,45,0,0,106,0,106,0,0,151,0,151,145,0,145,296
08/18/2013,FPR,FL,ASO,ES,Towers with Radar,0,0,36,0,36,0,0,69,0,69,0,0,105,0,105,90,0,90,195
08/19/2013,FPR,FL,ASO,ES,Towers with Radar,0,1,51,0,52,0,3,123,0,126,0,4,174,0,178,241,0,241,419
08/20/2013,FPR,FL,ASO,ES,Towers with Radar,0,0,60,0,60,0,2,128,0,130,0,2,188,0,190,204,0,204,394
08/21/2013,FPR,FL,ASO,ES,Towers with Radar,0,0,54,0,54,0,2,128,0,130,0,2,182,0,184,207,0,207,391
08/22/2013,FPR,FL,ASO,ES,Towers with Radar,0,0,58,0,58,0,0,131,0,131,0,0,189,0,189,215,0,215,404
08/23/2013,FPR,FL,ASO,ES,Towers with Radar,0,0,71,0,71,0,9,168,0,177,0,9,239,0,248,265,0,265,513
08/24/2013,FPR,FL,ASO,ES,Towers with Radar,0,0,54,0,54,0,0,131,0,131,0,0,185,0,185,171,0,171,356
08/25/2013,FPR,FL,ASO,ES,Towers with Radar,0,0,37,0,37,0,2,60,0,62,0,2,97,0,99,44,0,44,143
08/26/2013,FPR,FL,ASO,ES,Towers with Radar,0,0,52,0,52,0,0,135,0,135,0,0,187,0,187,197,0,197,384
08/27/2013,FPR,FL,ASO,ES,Towers with Radar,0,1,89,0,90,0,2,114,0,116,0,3,203,0,206,273,0,273,479
08/28/2013,FPR,FL,ASO,ES,Towers with Radar,0,1,55,0,56,0,1,172,0,173,0,2,227,0,229,224,0,224,453
08/29/2013,FPR,FL,ASO,ES,Towers with Radar,0,0,46,0,46,0,1,172,0,173,0,1,218,0,219,193,0,193,412
08/30/2013,FPR,FL,ASO,ES,Towers with Radar,0,0,63,0,63,0,2,145,0,147,0,2,208,0,210,145,0,145,355
08/31/2013,FPR,FL,ASO,ES,Towers with Radar,0,2,32,0,34,0,1,123,0,124,0,3,155,0,158,123,0,123,281
09/01/2013,FPR,FL,ASO,ES,Towers with Radar,0,0,22,0,22,0,0,97,0,97,0,0,119,0,119,80,0,80,199
09/02/2013,FPR,FL,ASO,ES,Towers with Radar,0,0,70,0,70,0,0,101,0,101,0,0,171,0,171,0,0,0,171
09/03/2013,FPR,FL,ASO,ES,Towers with Radar,0,0,77,0,77,0,2,125,0,127,0,2,202,0,204,224,0,224,428
09/04/2013,FPR,FL,ASO,ES,Towers with Radar,0,1,96,0,97,0,3,140,0,143,0,4,236,0,240,298,0,298,538
09/05/2013,FPR,FL,ASO,ES,Towers with Radar,0,1,42,0,43,0,2,129,0,131,0,3,171,0,174,240,0,240,414
09/06/2013,FPR,FL,ASO,ES,Towers with Radar,0,0,60,0,60,0,3,110,0,113,0,3,170,0,173,195,0,195,368
09/07/2013,FPR,FL,ASO,ES,Towers with Radar,0,2,40,0,42,0,1,99,0,100,0,3,139,0,142,176,0,176,318
09/08/2013,FPR,FL,ASO,ES,Towers with Radar,0,2,37,2,41,0,1,87,0,88,0,3,124,2,129,64,0,64,193
09/09/2013,FPR,FL,ASO,ES,Towers with Radar,0,0,60,0,60,0,2,157,0,159,0,2,217,0,219,232,0,232,451
09/10/2013,FPR,FL,ASO,ES,Towers with Radar,0,2,52,0,54,0,2,110,0,112,0,4,162,0,166,157,0,157,323
09/11/2013,FPR,FL,ASO,ES,Towers with Radar,0,1,56,0,57,0,0,115,0,115,0,1,171,0,172,266,0,266,438
09/12/2013,FPR,FL,ASO,ES,Towers with Radar,0,1,40,0,41,0,2,101,0,103,0,3,141,0,144,206,0,206,350
09/13/2013,FPR,FL,ASO,ES,Towers with Radar,0,2,48,0,50,0,4,131,0,135,0,6,179,0,185,215,0,215,400
09/14/2013,FPR,FL,ASO,ES,Towers with Radar,0,1,18,0,19,0,0,99,0,99,0,1,117,0,118,150,0,150,268
09/15/2013,FPR,FL,ASO,ES,Towers with Radar,0,0,22,0,22,0,2,71,0,73,0,2,93,0,95,68,0,68,163
09/16/2013,FPR,FL,ASO,ES,Towers with Radar,0,2,36,2,40,0,2,61,0,63,0,4,97,2,103,142,0,142,245
09/17/2013,FPR,FL,ASO,ES,Towers with Radar,0,0,28,0,28,0,2,77,0,79,0,2,105,0,107,118,0,118,225
09/18/2013,FPR,FL,ASO,ES,Towers with Radar,0,2,42,0,44,0,3,136,0,139,0,5,178,0,183,314,0,314,497
09/19/2013,FPR,FL,ASO,ES,Towers with Radar,0,0,61,0,61,0,0,117,0,117,0,0,178,0,178,258,0,258,436
09/20/2013,FPR,FL,ASO,ES,Towers with Radar,0,2,38,0,40,0,7,169,0,176,0,9,207,0,216,371,0,371,587
09/21/2013,FPR,FL,ASO,ES,Towers with Radar,0,0,29,0,29,0,4,143,0,147,0,4,172,0,176,299,0,299,475
09/22/2013,FPR,FL,ASO,ES,Towers with Radar,0,0,27,0,27,0,3,95,0,98,0,3,122,0,125,47,0,47,172
09/23/2013,FPR,FL,ASO,ES,Towers with Radar,0,0,32,0,32,0,0,85,0,85,0,0,117,0,117,246,0,246,363
09/24/2013,FPR,FL,ASO,ES,Towers with Radar,0,1,35,0,36,0,4,112,0,116,0,5,147,0,152,308,0,308,460
09/25/2013,FPR,FL,ASO,ES,Towers with Radar,0,1,32,0,33,0,3,99,0,102,0,4,131,0,135,299,0,299,434
09/26/2013,FPR,FL,ASO,ES,Towers with Radar,0,0,62,0,62,0,6,75,0,81,0,6,137,0,143,218,0,218,361
09/27/2013,FPR,FL,ASO,ES,Towers with Radar,0,0,35,0,35,0,2,92,0,94,0,2,127,0,129,152,0,152,281
09/28/2013,FPR,FL,ASO,ES,Towers with Radar,0,1,51,0,52,0,2,129,0,131,0,3,180,0,183,257,0,257,440
09/29/2013,FPR,FL,ASO,ES,Towers with Radar,0,0,30,0,30,0,0,124,0,124,0,0,154,0,154,133,0,133,287
09/30/2013,FPR,FL,ASO,ES,Towers with Radar,0,0,46,0,46,0,0,168,0,168,0,0,214,0,214,417,0,417,631
10/01/2013,FPR,FL,ASO,ES,Towers with Radar,0,0,79,0,79,0,3,135,0,138,0,3,214,0,217,327,0,327,544
10/02/2013,FPR,FL,ASO,ES,Towers with Radar,0,0,44,0,44,0,0,143,0,143,0,0,187,0,187,350,0,350,537
10/03/2013,FPR,FL,ASO,ES,Towers with Radar,0,1,44,0,45,0,7,184,0,191,0,8,228,0,236,397,0,397,633
10/04/2013,FPR,FL,ASO,ES,Towers with Radar,0,4,37,0,41,0,6,157,4,167,0,10,194,4,208,420,0,420,628
10/05/2013,FPR,FL,ASO,ES,Towers with Radar,0,0,15,0,15,0,3,84,0,87,0,3,99,0,102,143,0,143,245
10/06/2013,FPR,FL,ASO,ES,Towers with Radar,0,0,15,0,15,0,1,69,0,70,0,1,84,0,85,35,0,35,120
10/07/2013,FPR,FL,ASO,ES,Towers with Radar,0,0,44,0,44,0,2,111,0,113,0,2,155,0,157,154,0,154,311
10/08/2013,FPR,FL,ASO,ES,Towers with Radar,0,3,32,0,35,0,4,171,0,175,0,7,203,0,210,294,0,294,504
10/09/2013,FPR,FL,ASO,ES,Towers with Radar,0,0,27,0,27,0,1,97,0,98,0,1,124,0,125,139,0,139,264
10/10/2013,FPR,FL,ASO,ES,Towers with Radar,0,2,23,0,25,0,20,133,0,153,0,22,156,0,178,209,0,209,387
10/11/2013,FPR,FL,ASO,ES,Towers with Radar,0,3,33,0,36,0,4,176,0,180,0,7,209,0,216,334,0,334,550
10/12/2013,FPR,FL,ASO,ES,Towers with Radar,0,0,33,0,33,0,2,112,0,114,0,2,145,0,147,204,0,204,351
10/13/2013,FPR,FL,ASO,ES,Towers with Radar,0,4,38,0,42,0,3,102,0,105,0,7,140,0,147,123,0,123,270
10/14/2013,FPR,FL,ASO,ES,Towers with Radar,0,0,34,0,34,0,7,170,0,177,0,7,204,0,211,271,0,271,482
10/15/2013,FPR,FL,ASO,ES,Towers with Radar,0,2,40,0,42,0,5,150,0,155,0,7,190,0,197,255,0,255,452
10/16/2013,FPR,FL,ASO,ES,Towers with Radar,0,2,50,0,52,0,6,182,0,188,0,8,232,0,240,360,0,360,600
10/17/2013,FPR,FL,ASO,ES,Towers with Radar,0,0,59,0,59,0,3,181,1,185,0,3,240,1,244,315,0,315,559
10/18/2013,FPR,FL,ASO,ES,Towers with Radar,0,3,44,0,47,0,2,147,0,149,0,5,191,0,196,291,0,291,487
10/19/2013,FPR,FL,ASO,ES,Towers with Radar,0,0,32,0,32,0,5,138,0,143,0,5,170,0,175,146,0,146,321
10/20/2013,FPR,FL,ASO,ES,Towers with Radar,0,4,33,0,37,0,4,62,0,66,0,8,95,0,103,51,0,51,154
10/21/2013,FPR,FL,ASO,ES,Towers with Radar,0,0,79,0,79,0,3,122,0,125,0,3,201,0,204,301,0,301,505
10/22/2013,FPR,FL,ASO,ES,Towers with Radar,0,1,49,0,50,0,0,170,0,170,0,1,219,0,220,358,0,358,578
10/23/2013,FPR,FL,ASO,ES,Towers with Radar,0,0,28,0,28,0,4,159,0,163,0,4,187,0,191,229,0,229,420
10/24/2013,FPR,FL,ASO,ES,Towers with Radar,0,1,38,0,39,0,5,162,0,167,0,6,200,0,206,145,0,145,351
10/25/2013,FPR,FL,ASO,ES,Towers with Radar,0,3,33,0,36,0,2,160,0,162,0,5,193,0,198,222,0,222,420
10/26/2013,FPR,FL,ASO,ES,Towers with Radar,0,2,42,0,44,0,1,103,0,104,0,3,145,0,148,65,0,65,213
10/27/2013,FPR,FL,ASO,ES,Towers with Radar,0,2,34,0,36,0,6,119,0,125,0,8,153,0,161,24,0,24,185
10/28/2013,FPR,FL,ASO,ES,Towers with Radar,0,0,73,0,73,0,3,128,0,131,0,3,201,0,204,349,0,349,553
10/29/2013,FPR,FL,ASO,ES,Towers with Radar,0,1,42,0,43,0,2,144,0,146,0,3,186,0,189,338,0,338,527
10/30/2013,FPR,FL,ASO,ES,Towers with Radar,0,5,53,0,58,0,3,160,0,163,0,8,213,0,221,325,0,325,546
10/31/2013,FPR,FL,ASO,ES,Towers with Radar,0,3,50,0,53,0,3,145,0,148,0,6,195,0,201,242,0,242,443
11/01/2013,FPR,FL,ASO,ES,Towers with Radar,0,6,55,0,61,0,6,153,0,159,0,12,208,0,220,276,0,276,496
11/02/2013,FPR,FL,ASO,ES,Towers with Radar,0,11,36,0,47,0,2,104,0,106,0,13,140,0,153,158,0,158,311
11/03/2013,FPR,FL,ASO,ES,Towers with Radar,0,7,27,0,34,0,2,75,0,77,0,9,102,0,111,43,0,43,154
11/04/2013,FPR,FL,ASO,ES,Towers with Radar,0,0,35,0,35,0,0,70,0,70,0,0,105,0,105,44,0,44,149
11/05/2013,FPR,FL,ASO,ES,Towers with Radar,0,1,58,0,59,0,1,90,0,91,0,2,148,0,150,91,0,91,241
11/06/2013,FPR,FL,ASO,ES,Towers with Radar,0,2,98,0,100,0,8,206,0,214,0,10,304,0,314,471,0,471,785
11/07/2013,FPR,FL,ASO,ES,Towers with Radar,0,0,68,0,68,0,2,196,0,198,0,2,264,0,266,421,0,421,687
11/08/2013,FPR,FL,ASO,ES,Towers with Radar,0,2,55,0,57,0,1,125,0,126,0,3,180,0,183,94,0,94,277
11/09/2013,FPR,FL,ASO,ES,Towers with Radar,0,3,47,0,50,0,3,100,0,103,0,6,147,0,153,170,0,170,323
11/10/2013,FPR,FL,ASO,ES,Towers with Radar,0,0,88,0,88,0,4,131,0,135,0,4,219,0,223,114,0,114,337
11/11/2013,FPR,FL,ASO,ES,Towers with Radar,0,2,51,0,53,0,1,201,0,202,0,3,252,0,255,435,0,435,690
11/12/2013,FPR,FL,ASO,ES,Towers with Radar,0,4,54,0,58,0,2,184,0,186,0,6,238,0,244,409,0,409,653
11/13/2013,FPR,FL,ASO,ES,Towers with Radar,0,3,28,0,31,0,3,29,0,32,0,6,57,0,63,18,0,18,81
11/14/2013,FPR,FL,ASO,ES,Towers with Radar,0,4,72,0,76,0,2,157,0,159,0,6,229,0,235,195,0,195,430
11/15/2013,FPR,FL,ASO,ES,Towers with Radar,0,3,43,0,46,0,4,179,0,183,0,7,222,0,229,415,0,415,644
11/16/2013,FPR,FL,ASO,ES,Towers with Radar,0,0,52,0,52,0,2,126,0,128,0,2,178,0,180,393,0,393,573
11/17/2013,FPR,FL,ASO,ES,Towers with Radar,0,1,44,0,45,0,0,126,0,126,0,1,170,0,171,94,0,94,265
11/18/2013,FPR,FL,ASO,ES,Towers with Radar,0,3,37,0,40,0,0,164,0,164,0,3,201,0,204,472,0,472,676
11/19/2013,FPR,FL,ASO,ES,Towers with Radar,0,0,66,0,66,0,1,126,0,127,0,1,192,0,193,420,0,420,613
11/20/2013,FPR,FL,ASO,ES,Towers with Radar,0,1,89,0,90,0,4,49,0,53,0,5,138,0,143,161,0,161,304
11/21/2013,FPR,FL,ASO,ES,Towers with Radar,0,4,64,0,68,0,1,21,0,22,0,5,85,0,90,110,0,110,200
11/22/2013,FPR,FL,ASO,ES,Towers with Radar,0,3,84,0,87,0,4,200,0,204,0,7,284,0,291,305,0,305,596
11/23/2013,FPR,FL,ASO,ES,Towers with Radar,0,1,66,0,67,0,3,192,0,195,0,4,258,0,262,505,0,505,767
11/24/2013,FPR,FL,ASO,ES,Towers with Radar,0,3,31,0,34,0,1,41,0,42,0,4,72,0,76,42,0,42,118
11/25/2013,FPR,FL,ASO,ES,Towers with Radar,0,2,51,0,53,0,0,126,0,126,0,2,177,0,179,96,0,96,275
11/26/2013,FPR,FL,ASO,ES,Towers with Radar,0,0,81,0,81,0,0,77,0,77,0,0,158,0,158,151,0,151,309
11/27/2013,FPR,FL,ASO,ES,Towers with Radar,0,1,40,0,41,0,0,140,0,140,0,1,180,0,181,216,0,216,397
11/28/2013,FPR,FL,ASO,ES,Towers with Radar,0,1,8,0,9,0,6,40,0,46,0,7,48,0,55,11,0,11,66
11/29/2013,FPR,FL,ASO,ES,Towers with Radar,0,3,29,0,32,0,2,142,0,144,0,5,171,0,176,174,0,174,350
11/30/2013,FPR,FL,ASO,ES,Towers with Radar,0,1,45,0,46,0,6,83,0,89,0,7,128,0,135,128,0,128,263
12/01/2013,FPR,FL,ASO,ES,Towers with Radar,0,9,73,0,82,0,0,3,0,3,0,9,76,0,85,0,0,0,85
12/02/2013,FPR,FL,ASO,ES,Towers with Radar,0,0,26,0,26,0,8,156,0,164,0,8,182,0,190,482,0,482,672
12/03/2013,FPR,FL,ASO,ES,Towers with Radar,0,0,35,0,35,0,2,170,0,172,0,2,205,0,207,498,0,498,705
12/04/2013,FPR,FL,ASO,ES,Towers with Radar,0,6,42,0,48,0,3,159,0,162,0,9,201,0,210,476,0,476,686
12/05/2013,FPR,FL,ASO,ES,Towers with Radar,0,6,42,0,48,0,6,176,0,182,0,12,218,0,230,357,0,357,587
12/06/2013,FPR,FL,ASO,ES,Towers with Radar,0,2,37,0,39,0,1,120,0,121,0,3,157,0,160,226,0,226,386
12/07/2013,FPR,FL,ASO,ES,Towers with Radar,0,3,38,0,41,0,0,164,0,164,0,3,202,0,205,277,0,277,482
12/08/2013,FPR,FL,ASO,ES,Towers with Radar,0,2,33,0,35,0,0,126,0,126,0,2,159,0,161,158,0,158,319
12/09/2013,FPR,FL,ASO,ES,Towers with Radar,0,1,50,0,51,0,2,205,0,207,0,3,255,0,258,319,0,319,577
12/10/2013,FPR,FL,ASO,ES,Towers with Radar,0,1,44,0,45,0,5,193,0,198,0,6,237,0,243,363,0,363,606
12/11/2013,FPR,FL,ASO,ES,Towers with Radar,0,1,56,0,57,0,0,174,0,174,0,1,230,0,231,336,0,336,567
12/12/2013,FPR,FL,ASO,ES,Towers with Radar,0,2,65,0,67,0,3,74,0,77,0,5,139,0,144,26,0,26,170
12/13/2013,FPR,FL,ASO,ES,Towers with Radar,0,2,51,0,53,0,1,137,0,138,0,3,188,0,191,337,0,337,528
12/14/2013,FPR,FL,ASO,ES,Towers with Radar,0,4,38,0,42,0,5,72,0,77,0,9,110,0,119,168,0,168,287
12/15/2013,FPR,FL,ASO,ES,Towers with Radar,0,1,61,0,62,0,0,15,0,15,0,1,76,0,77,38,0,38,115
12/16/2013,FPR,FL,ASO,ES,Towers with Radar,0,1,38,0,39,0,4,164,0,168,0,5,202,0,207,326,0,326,533
12/17/2013,FPR,FL,ASO,ES,Towers with Radar,0,2,34,0,36,0,2,205,0,207,0,4,239,0,243,339,0,339,582
12/18/2013,FPR,FL,ASO,ES,Towers with Radar,0,0,24,0,24,0,2,167,0,169,0,2,191,0,193,282,0,282,475
12/19/2013,FPR,FL,ASO,ES,Towers with Radar,0,5,55,0,60,0,1,169,1,171,0,6,224,1,231,301,0,301,532
12/20/2013,FPR,FL,ASO,ES,Towers with Radar,0,5,62,0,67,0,10,170,0,180,0,15,232,0,247,193,0,193,440
12/21/2013,FPR,FL,ASO,ES,Towers with Radar,0,0,24,0,24,0,0,147,0,147,0,0,171,0,171,82,0,82,253
12/22/2013,FPR,FL,ASO,ES,Towers with Radar,0,2,46,0,48,0,2,87,0,89,0,4,133,0,137,39,0,39,176
12/23/2013,FPR,FL,ASO,ES,Towers with Radar,0,3,48,0,51,0,0,131,0,131,0,3,179,0,182,216,0,216,398
12/24/2013,FPR,FL,ASO,ES,Towers with Radar,0,0,36,0,36,0,1,14,0,15,0,1,50,0,51,2,0,2,53
12/25/2013,FPR,FL,ASO,ES,Towers with Radar,0,0,6,0,6,0,2,24,0,26,0,2,30,0,32,0,0,0,32
12/26/2013,FPR,FL,ASO,ES,Towers with Radar,0,2,57,0,59,0,1,102,0,103,0,3,159,0,162,232,0,232,394
12/27/2013,FPR,FL,ASO,ES,Towers with Radar,0,5,71,0,76,0,5,136,0,141,0,10,207,0,217,239,0,239,456
12/28/2013,FPR,FL,ASO,ES,Towers with Radar,0,3,63,0,66,0,5,84,0,89,0,8,147,0,155,111,0,111,266
12/29/2013,FPR,FL,ASO,ES,Towers with Radar,0,0,60,0,60,0,8,35,0,43,0,8,95,0,103,20,0,20,123
12/30/2013,FPR,FL,ASO,ES,Towers with Radar,0,1,79,0,80,0,1,32,0,33,0,2,111,0,113,151,0,151,264
12/31/2013,FPR,FL,ASO,ES,Towers with Radar,0,1,31,0,32,0,8,91,0,99,0,9,122,0,131,181,0,181,312
01/01/2014,FPR,FL,ASO,ES,Towers with Radar,0,3,34,0,37,0,1,4,0,5,0,4,38,0,42,0,0,0,42
01/02/2014,FPR,FL,ASO,ES,Towers with Radar,0,0,59,0,59,0,4,91,0,95,0,4,150,0,154,155,0,155,309
01/03/2014,FPR,FL,ASO,ES,Towers with Radar,0,5,91,0,96,0,3,88,0,91,0,8,179,0,187,105,0,105,292
01/04/2014,FPR,FL,ASO,ES,Towers with Radar,0,5,89,0,94,0,1,82,0,83,0,6,171,0,177,216,0,216,393
01/05/2014,FPR,FL,ASO,ES,Towers with Radar,0,8,52,0,60,0,1,53,0,54,0,9,105,0,114,9,0,9,123
01/06/2014,FPR,FL,ASO,ES,Towers with Radar,0,3,44,0,47,0,0,80,0,80,0,3,124,0,127,242,0,242,369
01/07/2014,FPR,FL,ASO,ES,Towers with Radar,0,1,40,0,41,0,0,132,0,132,0,1,172,0,173,151,0,151,324
01/08/2014,FPR,FL,ASO,ES,Towers with Radar,0,5,60,0,65,0,3,121,0,124,0,8,181,0,189,394,0,394,583
01/09/2014,FPR,FL,ASO,ES,Towers with Radar,0,0,57,0,57,0,0,4,0,4,0,0,61,0,61,16,0,16,77
01/10/2014,FPR,FL,ASO,ES,Towers with Radar,0,1,77,0,78,0,2,120,0,122,0,3,197,0,200,436,0,436,636
01/11/2014,FPR,FL,ASO,ES,Towers with Radar,0,4,50,0,54,0,0,177,0,177,0,4,227,0,231,113,0,113,344
01/12/2014,FPR,FL,ASO,ES,Towers with Radar,0,2,58,0,60,0,2,164,0,166,0,4,222,0,226,79,0,79,305
01/13/2014,FPR,FL,ASO,ES,Towers with Radar,0,0,67,0,67,0,6,182,0,188,0,6,249,0,255,447,0,447,702
01/14/2014,FPR,FL,ASO,ES,Towers with Radar,0,3,49,0,52,0,1,92,0,93,0,4,141,0,145,312,0,312,457
01/15/2014,FPR,FL,ASO,ES,Towers with Radar,0,1,45,0,46,0,1,171,0,172,0,2,216,0,218,510,0,510,728
01/16/2014,FPR,FL,ASO,ES,Towers with Radar,0,2,33,0,35,0,2,188,0,190,0,4,221,0,225,290,0,290,515
01/17/2014,FPR,FL,ASO,ES,Towers with Radar,0,7,46,0,53,0,2,152,0,154,0,9,198,0,207,388,0,388,595
01/18/2014,FPR,FL,ASO,ES,Towers with Radar,0,0,28,0,28,0,4,103,0,107,0,4,131,0,135,160,0,160,295
01/19/2014,FPR,FL,ASO,ES,Towers with Radar,0,3,48,0,51,0,0,143,0,143,0,3,191,0,194,82,0,82,276
01/20/2014,FPR,FL,ASO,ES,Towers with Radar,0,10,27,1,38,0,1,172,0,173,0,11,199,1,211,467,0,467,678
01/21/2014,FPR,FL,ASO,ES,Towers with Radar,0,0,46,2,48,0,1,122,0,123,0,1,168,2,171,235,0,235,406
01/22/2014,FPR,FL,ASO,ES,Towers with Radar,0,0,19,0,19,0,1,178,0,179,0,1,197,0,198,404,0,404,602
01/23/2014,FPR,FL,ASO,ES,Towers with Radar,0,3,37,0,40,0,2,195,0,197,0,5,232,0,237,359,0,359,596
01/24/2014,FPR,FL,ASO,ES,Towers with Radar,0,1,41,0,42,0,6,192,0,198,0,7,233,0,240,145,0,145,385
01/25/2014,FPR,FL,ASO,ES,Towers with Radar,0,0,66,0,66,0,4,178,0,182,0,4,244,0,248,351,0,351,599
01/26/2014,FPR,FL,ASO,ES,Towers with Radar,0,0,55,0,55,0,1,110,0,111,0,1,165,0,166,103,0,103,269
01/27/2014,FPR,FL,ASO,ES,Towers with Radar,0,2,47,4,53,0,1,146,0,147,0,3,193,4,200,390,0,390,590
01/28/2014,FPR,FL,ASO,ES,Towers with Radar,0,5,72,0,77,0,0,171,0,171,0,5,243,0,248,389,0,389,637
01/29/2014,FPR,FL,ASO,ES,Towers with Radar,0,3,69,0,72,0,0,1,0,1,0,3,70,0,73,0,0,0,73
01/30/2014,FPR,FL,ASO,ES,Towers with Radar,0,6,74,0,80,0,0,0,0,0,0,6,74,0,80,0,0,0,80
01/31/2014,FPR,FL,ASO,ES,Towers with Radar,0,7,91,0,98,0,0,19,0,19,0,7,110,0,117,80,0,80,197
02/01/2014,FPR,FL,ASO,ES,Towers with Radar,0,7,43,0,50,0,12,177,0,189,0,19,220,0,239,180,0,180,419
02/02/2014,FPR,FL,ASO,ES,Towers with Radar,0,7,47,0,54,0,4,95,0,99,0,11,142,0,153,91,0,91,244
02/03/2014,FPR,FL,ASO,ES,Towers with Radar,0,4,71,0,75,0,1,147,0,148,0,5,218,0,223,358,0,358,581
02/04/2014,FPR,FL,ASO,ES,Towers with Radar,0,0,87,0,87,0,3,194,2,199,0,3,281,2,286,417,0,417,703
02/05/2014,FPR,FL,ASO,ES,Towers with Radar,0,5,105,0,110,0,6,128,0,134,0,11,233,0,244,240,0,240,484
02/06/2014,FPR,FL,ASO,ES,Towers with Radar,0,6,77,0,83,0,0,77,0,77,0,6,154,0,160,260,0,260,420
02/07/2014,FPR,FL,ASO,ES,Towers with Radar,0,7,94,0,101,0,2,142,1,145,0,9,236,1,246,302,0,302,548
02/08/2014,FPR,FL,ASO,ES,Towers with Radar,0,5,56,0,61,0,0,22,0,22,0,5,78,0,83,82,0,82,165
02/09/2014,FPR,FL,ASO,ES,Towers with Radar,0,2,53,0,55,0,0,164,0,164,0,2,217,0,219,113,0,113,332
02/10/2014,FPR,FL,ASO,ES,Towers with Radar,0,4,69,0,73,0,1,200,0,201,0,5,269,0,274,458,0,458,732
02/11/2014,FPR,FL,ASO,ES,Towers with Radar,0,1,71,0,72,0,1,245,0,246,0,2,316,0,318,448,0,448,766
02/12/2014,FPR,FL,ASO,ES,Towers with Radar,0,2,43,0,45,0,1,156,0,157,0,3,199,0,202,254,0,254,456
02/13/2014,FPR,FL,ASO,ES,Towers with Radar,0,2,41,0,43,0,0,89,0,89,0,2,130,0,132,91,0,91,223
02/14/2014,FPR,FL,ASO,ES,Towers with Radar,0,1,69,0,70,0,2,182,0,184,0,3,251,0,254,482,0,482,736
02/15/2014,FPR,FL,ASO,ES,Towers with Radar,0,7,36,0,43,0,1,110,0,111,0,8,146,0,154,228,0,228,382
02/16/2014,FPR,FL,ASO,ES,Towers with Radar,0,4,36,0,40,0,3,135,0,138,0,7,171,0,178,246,0,246,424
02/17/2014,FPR,FL,ASO,ES,Towers with Radar,0,2,98,0,100,0,8,190,0,198,0,10,288,0,298,527,0,527,825
02/18/2014,FPR,FL,ASO,ES,Towers with Radar,0,7,64,8,79,0,3,214,0,217,0,10,278,8,296,568,0,568,864
02/19/2014,FPR,FL,ASO,ES,Towers with Radar,0,1,66,0,67,0,3,201,0,204,0,4,267,0,271,525,0,525,796
02/20/2014,FPR,FL,ASO,ES,Towers with Radar,0,5,69,0,74,0,5,178,0,183,0,10,247,0,257,406,0,406,663
02/21/2014,FPR,FL,ASO,ES,Towers with Radar,0,5,53,0,58,0,5,149,0,154,0,10,202,0,212,182,0,182,394
02/22/2014,FPR,FL,ASO,ES,Towers with Radar,0,1,37,0,38,0,4,70,0,74,0,5,107,0,112,218,0,218,330
02/23/2014,FPR,FL,ASO,ES,Towers with Radar,0,6,70,0,76,0,12,139,0,151,0,18,209,0,227,75,0,75,302
02/24/2014,FPR,FL,ASO,ES,Towers with Radar,0,1,46,0,47,0,3,162,0,165,0,4,208,0,212,279,0,279,491
02/25/2014,FPR,FL,ASO,ES,Towers with Radar,0,3,60,0,63,0,1,169,0,170,0,4,229,0,233,536,0,536,769
02/26/2014,FPR,FL,ASO,ES,Towers with Radar,0,5,38,0,43,0,2,128,0,130,0,7,166,0,173,286,0,286,459
02/27/2014,FPR,FL,ASO,ES,Towers with Radar,0,11,56,0,67,0,3,120,0,123,0,14,176,0,190,305,0,305,495
02/28/2014,FPR,FL,ASO,ES,Towers with Radar,0,3,50,0,53,0,4,194,0,198,0,7,244,0,251,371,0,371,622
03/01/2014,FPR,FL,ASO,ES,Towers with Radar,0,1,33,0,34,0,4,211,0,215,0,5,244,0,249,182,0,182,431
03/02/2014,FPR,FL,ASO,ES,Towers with Radar,0,4,48,0,52,0,3,127,0,130,0,7,175,0,182,48,0,48,230
03/03/2014,FPR,FL,ASO,ES,Towers with Radar,0,3,34,0,37,0,3,149,0,152,0,6,183,0,189,312,0,312,501
03/04/2014,FPR,FL,ASO,ES,Towers with Radar,0,1,67,0,68,0,10,127,0,137,0,11,194,0,205,284,0,284,489
03/05/2014,FPR,FL,ASO,ES,Towers with Radar,0,0,69,0,69,0,4,128,0,132,0,4,197,0,201,210,0,210,411
03/06/2014,FPR,FL,ASO,ES,Towers with Radar,0,2,46,0,48,0,0,61,0,61,0,2,107,0,109,259,0,259,368
03/07/2014,FPR,FL,ASO,ES,Towers with Radar,0,2,69,0,71,0,3,140,0,143,0,5,209,0,214,187,0,187,401
03/08/2014,FPR,FL,ASO,ES,Towers with Radar,0,4,69,0,73,0,2,181,0,183,0,6,250,0,256,445,0,445,701
03/09/2014,FPR,FL,ASO,ES,Towers with Radar,0,1,53,0,54,0,2,130,0,132,0,3,183,0,186,99,0,99,285
03/10/2014,FPR,FL,ASO,ES,Towers with Radar,0,3,76,0,79,0,3,182,0,185,0,6,258,0,264,419,0,419,683
03/11/2014,FPR,FL,ASO,ES,Towers with Radar,0,2,52,0,54,0,8,150,0,158,0,10,202,0,212,469,0,469,681
03/12/2014,FPR,FL,ASO,ES,Towers with Radar,0,2,44,0,46,0,2,96,0,98,0,4,140,0,144,107,0,107,251
03/13/2014,FPR,FL,ASO,ES,Towers with Radar,0,0,46,0,46,0,0,127,0,127,0,0,173,0,173,185,0,185,358
03/14/2014,FPR,FL,ASO,ES,Towers with Radar,0,7,67,0,74,0,3,189,0,192,0,10,256,0,266,291,0,291,557
03/15/2014,FPR,FL,ASO,ES,Towers with Radar,0,2,89,0,91,0,7,157,0,164,0,9,246,0,255,311,0,311,566
03/16/2014,FPR,FL,ASO,ES,Towers with Radar,0,2,40,0,42,0,1,84,0,85,0,3,124,0,127,17,0,17,144
03/17/2014,FPR,FL,ASO,ES,Towers with Radar,0,5,35,0,40,0,0,53,0,53,0,5,88,0,93,47,0,47,140
03/18/2014,FPR,FL,ASO,ES,Towers with Radar,0,0,59,0,59,0,3,118,0,121,0,3,177,0,180,295,0,295,475
03/19/2014,FPR,FL,ASO,ES,Towers with Radar,0,6,53,0,59,0,8,183,0,191,0,14,236,0,250,382,0,382,632
03/20/2014,FPR,FL,ASO,ES,Towers with Radar,0,6,85,0,91,0,3,201,0,204,0,9,286,0,295,372,0,372,667
03/21/2014,FPR,FL,ASO,ES,Towers with Radar,0,4,92,0,96,0,6,219,0,225,0,10,311,0,321,393,0,393,714
03/22/2014,FPR,FL,ASO,ES,Towers with Radar,0,0,79,0,79,0,3,138,0,141,0,3,217,0,220,219,0,219,439
03/23/2014,FPR,FL,ASO,ES,Towers with Radar,0,4,46,0,50,0,4,149,0,153,0,8,195,0,203,78,0,78,281
03/24/2014,FPR,FL,ASO,ES,Towers with Radar,0,3,45,0,48,0,3,93,0,96,0,6,138,0,144,407,0,407,551
03/25/2014,FPR,FL,ASO,ES,Towers with Radar,0,3,88,0,91,0,2,64,0,66,0,5,152,0,157,123,0,123,280
03/26/2014,FPR,FL,ASO,ES,Towers with Radar,0,5,38,0,43,0,6,217,0,223,0,11,255,0,266,170,0,170,436
03/27/2014,FPR,FL,ASO,ES,Towers with Radar,0,11,75,0,86,0,1,179,0,180,0,12,254,0,266,479,0,479,745
03/28/2014,FPR,FL,ASO,ES,Towers with Radar,0,5,63,0,68,0,0,148,0,148,0,5,211,0,216,168,0,168,384
03/29/2014,FPR,FL,ASO,ES,Towers with Radar,0,4,72,0,76,0,1,61,0,62,0,5,133,0,138,35,0,35,173
03/30/2014,FPR,FL,ASO,ES,Towers with Radar,0,3,71,0,74,0,3,138,0,141,0,6,209,0,215,83,0,83,298
03/31/2014,FPR,FL,ASO,ES,Towers with Radar,0,1,53,0,54,0,2,173,0,175,0,3,226,0,229,387,0,387,616
04/01/2014,FPR,FL,ASO,ES,Towers with Radar,0,5,72,0,77,0,1,153,0,154,0,6,225,0,231,373,0,373,604
04/02/2014,FPR,FL,ASO,ES,Towers with Radar,0,4,43,0,47,0,6,157,0,163,0,10,200,0,210,335,0,335,545
04/03/2014,FPR,FL,ASO,ES,Towers with Radar,0,5,54,0,59,0,0,174,0,174,0,5,228,0,233,244,0,244,477
04/04/2014,FPR,FL,ASO,ES,Towers with Radar,0,3,54,0,57,0,8,114,0,122,0,11,168,0,179,224,0,224,403
04/05/2014,FPR,FL,ASO,ES,Towers with Radar,0,2,66,0,68,0,14,128,0,142,0,16,194,0,210,237,0,237,447
04/06/2014,FPR,FL,ASO,ES,Towers with Radar,0,4,51,0,55,0,4,159,0,163,0,8,210,0,218,63,0,63,281
04/07/2014,FPR,FL,ASO,ES,Towers with Radar,0,3,45,0,48,0,1,128,0,129,0,4,173,0,177,158,0,158,335
04/08/2014,FPR,FL,ASO,ES,Towers with Radar,0,3,52,0,55,0,4,15,0,19,0,7,67,0,74,45,0,45,119
04/09/2014,FPR,FL,ASO,ES,Towers with Radar,0,1,42,0,43,0,3,174,0,177,0,4,216,0,220,312,0,312,532
04/10/2014,FPR,FL,ASO,ES,Towers with Radar,0,5,54,0,59,0,7,198,0,205,0,12,252,0,264,433,0,433,697
04/11/2014,FPR,FL,ASO,ES,Towers with Radar,0,3,62,0,65,0,3,184,0,187,0,6,246,0,252,355,0,355,607
04/12/2014,FPR,FL,ASO,ES,Towers with Radar,0,3,78,0,81,0,1,184,0,185,0,4,262,0,266,214,0,214,480
04/13/2014,FPR,FL,ASO,ES,Towers with Radar,0,5,42,0,47,0,0,99,0,99,0,5,141,0,146,87,0,87,233
04/14/2014,FPR,FL,ASO,ES,Towers with Radar,0,0,55,0,55,0,6,133,0,139,0,6,188,0,194,377,0,377,571
04/15/2014,FPR,FL,ASO,ES,Towers with Radar,0,4,45,0,49,0,0,162,0,162,0,4,207,0,211,214,0,214,425
04/16/2014,FPR,FL,ASO,ES,Towers with Radar,0,0,82,0,82,0,1,76,0,77,0,1,158,0,159,135,0,135,294
04/17/2014,FPR,FL,ASO,ES,Towers with Radar,0,0,73,0,73,0,1,83,0,84,0,1,156,0,157,171,0,171,328
04/18/2014,FPR,FL,ASO,ES,Towers with Radar,0,2,53,0,55,0,2,150,0,152,0,4,203,0,207,229,0,229,436
04/19/2014,FPR,FL,ASO,ES,Towers with Radar,0,9,43,0,52,0,4,127,0,131,0,13,170,0,183,290,0,290,473
04/20/2014,FPR,FL,ASO,ES,Towers with Radar,0,3,63,0,66,0,0,70,0,70,0,3,133,0,136,108,0,108,244
04/21/2014,FPR,FL,ASO,ES,Towers with Radar,0,3,75,0,78,0,0,153,0,153,0,3,228,0,231,352,0,352,583
04/22/2014,FPR,FL,ASO,ES,Towers with Radar,0,3,41,0,44,0,3,192,0,195,0,6,233,0,239,525,0,525,764
04/23/2014,FPR,FL,ASO,ES,Towers with Radar,0,4,38,0,42,0,0,191,0,191,0,4,229,0,233,351,0,351,584
04/24/2014,FPR,FL,ASO,ES,Towers with Radar,0,10,59,0,69,0,1,201,0,202,0,11,260,0,271,325,0,325,596
04/25/2014,FPR,FL,ASO,ES,Towers with Radar,0,3,65,0,68,0,2,173,1,176,0,5,238,1,244,394,0,394,638
04/26/2014,FPR,FL,ASO,ES,Towers with Radar,0,4,55,0,59,0,0,204,0,204,0,4,259,0,263,172,0,172,435
04/27/2014,FPR,FL,ASO,ES,Towers with Radar,0,2,67,0,69,0,2,138,0,140,0,4,205,0,209,87,0,87,296
04/28/2014,FPR,FL,ASO,ES,Towers with Radar,0,3,66,0,69,0,1,177,0,178,0,4,243,0,247,197,0,197,444
04/29/2014,FPR,FL,ASO,ES,Towers with Radar,0,3,46,0,49,0,0,138,0,138,0,3,184,0,187,58,0,58,245
04/30/2014,FPR,FL,ASO,ES,Towers with Radar,0,1,58,0,59,0,3,115,0,118,0,4,173,0,177,117,0,117,294
05/01/2014,FPR,FL,ASO,ES,Towers with Radar,0,6,46,0,52,0,1,169,0,170,0,7,215,0,222,125,0,125,347
05/02/2014,FPR,FL,ASO,ES,Towers with Radar,0,0,56,0,56,0,2,136,0,138,0,2,192,0,194,107,0,107,301
05/03/2014,FPR,FL,ASO,ES,Towers with Radar,0,0,52,0,52,0,3,62,0,65,0,3,114,0,117,92,0,92,209
05/04/2014,FPR,FL,ASO,ES,Towers with Radar,0,0,57,0,57,0,0,132,0,132,0,0,189,0,189,22,0,22,211
05/05/2014,FPR,FL,ASO,ES,Towers with Radar,0,3,53,0,56,0,0,182,0,182,0,3,235,0,238,205,0,205,443
05/06/2014,FPR,FL,ASO,ES,Towers with Radar,0,0,46,0,46,0,0,206,0,206,0,0,252,0,252,193,0,193,445
05/07/2014,FPR,FL,ASO,ES,Towers with Radar,0,6,53,0,59,0,9,139,0,148,0,15,192,0,207,272,0,272,479
05/08/2014,FPR,FL,ASO,ES,Towers with Radar,0,2,44,0,46,0,3,214,0,217,0,5,258,0,263,248,0,248,511
05/09/2014,FPR,FL,ASO,ES,Towers with Radar,0,10,37,0,47,0,4,180,0,184,0,14,217,0,231,172,0,172,403
05/10/2014,FPR,FL,ASO,ES,Towers with Radar,0,6,38,0,44,0,4,134,0,138,0,10,172,0,182,133,0,133,315
05/11/2014,FPR,FL,ASO,ES,Towers with Radar,0,2,27,0,29,0,3,112,0,115,0,5,139,0,144,73,0,73,217
05/12/2014,FPR,FL,ASO,ES,Towers with Radar,0,4,40,0,44,0,0,152,0,152,0,4,192,0,196,223,0,223,419
05/13/2014,FPR,FL,ASO,ES,Towers with Radar,0,0,47,0,47,0,1,180,0,181,0,1,227,0,228,324,0,324,552
05/14/2014,FPR,FL,ASO,ES,Towers with Radar,0,0,58,0,58,0,2,126,0,128,0,2,184,0,186,277,0,277,463
05/15/2014,FPR,FL,ASO,ES,Towers with Radar,0,6,53,0,59,0,0,55,0,55,0,6,108,0,114,200,0,200,314
05/16/2014,FPR,FL,ASO,ES,Towers with Radar,0,3,53,0,56,0,1,162,0,163,0,4,215,0,219,118,0,118,337
05/17/2014,FPR,FL,ASO,ES,Towers with Radar,0,4,40,0,44,0,2,146,0,148,0,6,186,0,192,87,0,87,279
05/18/2014,FPR,FL,ASO,ES,Towers with Radar,0,3,50,0,53,0,4,117,0,121,0,7,167,0,174,29,0,29,203
05/19/2014,FPR,FL,ASO,ES,Towers with Radar,0,3,37,0,40,0,0,200,0,200,0,3,237,0,240,350,0,350,590
05/20/2014,FPR,FL,ASO,ES,Towers with Radar,0,1,58,0,59,0,1,184,0,185,0,2,242,0,244,435,0,435,679
05/21/2014,FPR,FL,ASO,ES,Towers with Radar,0,2,50,1,53,0,0,168,1,169,0,2,218,2,222,472,0,472,694
05/22/2014,FPR,FL,ASO,ES,Towers with Radar,0,4,69,0,73,0,1,171,0,172,0,5,240,0,245,510,0,510,755
05/23/2014,FPR,FL,ASO,ES,Towers with Radar,0,3,61,0,64,0,3,178,0,181,0,6,239,0,245,297,0,297,542
05/24/2014,FPR,FL,ASO,ES,Towers with Radar,0,4,55,0,59,0,0,91,0,91,0,4,146,0,150,158,0,158,308
05/25/2014,FPR,FL,ASO,ES,Towers with Radar,0,0,25,0,25,0,3,72,0,75,0,3,97,0,100,83,0,83,183
05/26/2014,FPR,FL,ASO,ES,Towers with Radar,0,0,81,0,81,0,4,76,0,80,0,4,157,0,161,63,0,63,224
05/27/2014,FPR,FL,ASO,ES,Towers with Radar,0,4,76,0,80,0,0,180,0,180,0,4,256,0,260,245,0,245,505
05/28/2014,FPR,FL,ASO,ES,Towers with Radar,0,3,57,0,60,0,3,170,0,173,0,6,227,0,233,239,0,239,472
05/29/2014,FPR,FL,ASO,ES,Towers with Radar,0,2,35,0,37,0,1,116,0,117,0,3,151,0,154,265,0,265,419
05/30/2014,FPR,FL,ASO,ES,Towers with Radar,0,4,58,0,62,0,0,169,0,169,0,4,227,0,231,297,0,297,528
05/31/2014,FPR,FL,ASO,ES,Towers with Radar,0,4,49,0,53,0,0,103,0,103,0,4,152,0,156,224,0,224,380
06/01/2014,FPR,FL,ASO,ES,Towers with Radar,0,0,59,0,59,0,2,43,0,45,0,2,102,0,104,14,0,14,118
06/02/2014,FPR,FL,ASO,ES,Towers with Radar,0,2,60,0,62,0,0,102,0,102,0,2,162,0,164,148,0,148,312
06/03/2014,FPR,FL,ASO,ES,Towers with Radar,0,0,67,0,67,0,1,186,0,187,0,1,253,0,254,272,0,272,526
06/04/2014,FPR,FL,ASO,ES,Towers with Radar,0,0,66,0,66,0,2,192,0,194,0,2,258,0,260,316,0,316,576
06/05/2014,FPR,FL,ASO,ES,Towers with Radar,0,3,58,0,61,0,0,178,0,178,0,3,236,0,239,258,0,258,497
06/06/2014,FPR,FL,ASO,ES,Towers with Radar,0,1,49,0,50,0,3,203,0,206,0,4,252,0,256,265,0,265,521
06/07/2014,FPR,FL,ASO,ES,Towers with Radar,0,0,45,0,45,0,5,96,0,101,0,5,141,0,146,94,0,94,240
06/08/2014,FPR,FL,ASO,ES,Towers with Radar,0,4,42,0,46,0,0,111,0,111,0,4,153,0,157,36,0,36,193
06/09/2014,FPR,FL,ASO,ES,Towers with Radar,0,2,58,0,60,0,3,226,0,229,0,5,284,0,289,207,0,207,496
06/10/2014,FPR,FL,ASO,ES,Towers with Radar,0,1,45,0,46,0,4,162,0,166,0,5,207,0,212,217,0,217,429
06/11/2014,FPR,FL,ASO,ES,Towers with Radar,0,2,49,0,51,0,0,146,0,146,0,2,195,0,197,185,0,185,382
06/12/2014,FPR,FL,ASO,ES,Towers with Radar,0,2,49,0,51,0,0,128,0,128,0,2,177,0,179,212,0,212,391
06/13/2014,FPR,FL,ASO,ES,Towers with Radar,0,2,41,0,43,0,1,170,0,171,0,3,211,0,214,353,0,353,567
06/14/2014,FPR,FL,ASO,ES,Towers with Radar,0,3,56,0,59,0,2,129,0,131,0,5,185,0,190,305,0,305,495
06/15/2014,FPR,FL,ASO,ES,Towers with Radar,0,3,42,0,45,0,1,60,0,61,0,4,102,0,106,30,0,30,136
06/16/2014,FPR,FL,ASO,ES,Towers with Radar,0,1,63,0,64,0,1,205,1,207,0,2,268,1,271,400,0,400,671
06/17/2014,FPR,FL,ASO,ES,Towers with Radar,0,8,49,0,57,0,3,171,0,174,0,11,220,0,231,386,0,386,617
06/18/2014,FPR,FL,ASO,ES,Towers with Radar,0,3,71,0,74,0,2,129,0,131,0,5,200,0,205,337,0,337,542
06/19/2014,FPR,FL,ASO,ES,Towers with Radar,0,2,60,0,62,0,0,160,0,160,0,2,220,0,222,276,0,276,498
06/20/2014,FPR,FL,ASO,ES,Towers with Radar,0,1,58,0,59,0,4,140,0,144,0,5,198,0,203,237,0,237,440
06/21/2014,FPR,FL,ASO,ES,Towers with Radar,0,1,65,0,66,0,2,186,0,188,0,3,251,0,254,226,0,226,480
06/22/2014,FPR,FL,ASO,ES,Towers with Radar,0,2,56,0,58,0,1,91,0,92,0,3,147,0,150,67,0,67,217
06/23/2014,FPR,FL,ASO,ES,Towers with Radar,0,2,73,0,75,0,0,119,0,119,0,2,192,0,194,242,0,242,436
06/24/2014,FPR,FL,ASO,ES,Towers with Radar,0,2,54,0,56,0,0,187,0,187,0,2,241,0,243,310,0,310,553
06/25/2014,FPR,FL,ASO,ES,Towers with Radar,0,2,54,0,56,0,4,210,0,214,0,6,264,0,270,305,0,305,575
06/26/2014,FPR,FL,ASO,ES,Towers with Radar,0,0,52,0,52,0,3,191,0,194,0,3,243,0,246,347,0,347,593
06/27/2014,FPR,FL,ASO,ES,Towers with Radar,0,0,63,0,63,0,0,193,0,193,0,0,256,0,256,243,0,243,499
06/28/2014,FPR,FL,ASO,ES,Towers with Radar,0,0,65,0,65,0,0,153,0,153,0,0,218,0,218,245,0,245,463
06/29/2014,FPR,FL,ASO,ES,Towers with Radar,0,0,47,0,47,0,1,102,0,103,0,1,149,0,150,81,0,81,231
06/30/2014,FPR,FL,ASO,ES,Towers with Radar,0,1,40,0,41,0,3,100,0,103,0,4,140,0,144,138,0,138,282
07/01/2014,FPR,FL,ASO,ES,Towers with Radar,0,0,35,0,35,0,0,38,0,38,0,0,73,0,73,19,0,19,92
07/02/2014,FPR,FL,ASO,ES,Towers with Radar,0,0,34,0,34,0,3,150,0,153,0,3,184,0,187,243,0,243,430
07/03/2014,FPR,FL,ASO,ES,Towers with Radar,0,1,66,0,67,0,0,175,0,175,0,1,241,0,242,319,0,319,561
07/04/2014,FPR,FL,ASO,ES,Towers with Radar,0,1,17,0,18,0,3,34,0,37,0,4,51,0,55,26,0,26,81
07/05/2014,FPR,FL,ASO,ES,Towers with Radar,0,1,40,0,41,0,0,99,0,99,0,1,139,0,140,176,0,176,316
07/06/2014,FPR,FL,ASO,ES,Towers with Radar,0,0,74,0,74,0,0,123,0,123,0,0,197,0,197,94,0,94,291
07/07/2014,FPR,FL,ASO,ES,Towers with Radar,0,2,50,0,52,0,3,134,0,137,0,5,184,0,189,329,0,329,518
07/08/2014,FPR,FL,ASO,ES,Towers with Radar,0,2,45,0,47,0,0,125,0,125,0,2,170,0,172,218,0,218,390
07/09/2014,FPR,FL,ASO,ES,Towers with Radar,0,1,44,0,45,0,4,149,0,153,0,5,193,0,198,393,0,393,591
07/10/2014,FPR,FL,ASO,ES,Towers with Radar,0,3,69,0,72,0,6,113,0,119,0,9,182,0,191,321,0,321,512
07/11/2014,FPR,FL,ASO,ES,Towers with Radar,0,2,44,0,46,0,2,215,0,217,0,4,259,0,263,347,0,347,610
07/12/2014,FPR,FL,ASO,ES,Towers with Radar,0,0,57,0,57,0,1,192,0,193,0,1,249,0,250,221,0,221,471
07/13/2014,FPR,FL,ASO,ES,Towers with Radar,0,4,51,0,55,0,3,149,0,152,0,7,200,0,207,68,0,68,275
07/14/2014,FPR,FL,ASO,ES,Towers with Radar,0,1,82,0,83,0,1,175,0,176,0,2,257,0,259,329,0,329,588
07/15/2014,FPR,FL,ASO,ES,Towers with Radar,0,1,52,0,53,0,3,124,0,127,0,4,176,0,180,350,0,350,530
07/16/2014,FPR,FL,ASO,ES,Towers with Radar,0,0,31,0,31,0,0,103,0,103,0,0,134,0,134,182,0,182,316
07/17/2014,FPR,FL,ASO,ES,Towers with Radar,0,4,46,0,50,0,4,143,0,147,0,8,189,0,197,328,0,328,525
07/18/2014,FPR,FL,ASO,ES,Towers with Radar,0,3,74,0,77,0,2,159,0,161,0,5,233,0,238,326,0,326,564
07/19/2014,FPR,FL,ASO,ES,Towers with Radar,0,0,49,0,49,0,5,162,0,167,0,5,211,0,216,181,0,181,397
07/20/2014,FPR,FL,ASO,ES,Towers with Radar,0,1,40,0,41,0,2,131,0,133,0,3,171,0,174,39,0,39,213
07/21/2014,FPR,FL,ASO,ES,Towers with Radar,0,1,75,0,76,0,2,155,0,157,0,3,230,0,233,262,0,262,495
07/22/2014,FPR,FL,ASO,ES,Towers with Radar,0,0,43,0,43,0,3,153,0,156,0,3,196,0,199,154,0,154,353
07/23/2014,FPR,FL,ASO,ES,Towers with Radar,0,0,36,0,36,0,3,151,0,154,0,3,187,0,190,305,0,305,495
07/24/2014,FPR,FL,ASO,ES,Towers with Radar,0,1,48,0,49,0,3,179,0,182,0,4,227,0,231,282,0,282,513
07/25/2014,FPR,FL,ASO,ES,Towers with Radar,0,3,62,0,65,0,7,159,0,166,0,10,221,0,231,288,0,288,519
07/26/2014,FPR,FL,ASO,ES,Towers with Radar,0,0,41,0,41,0,6,108,0,114,0,6,149,0,155,205,0,205,360
07/27/2014,FPR,FL,ASO,ES,Towers with Radar,0,0,42,0,42,0,6,114,0,120,0,6,156,0,162,60,0,60,222
07/28/2014,FPR,FL,ASO,ES,Towers with Radar,0,1,43,0,44,0,4,158,0,162,0,5,201,0,206,338,0,338,544
07/29/2014,FPR,FL,ASO,ES,Towers with Radar,0,2,42,0,44,0,0,115,0,115,0,2,157,0,159,246,0,246,405
07/30/2014,FPR,FL,ASO,ES,Towers with Radar,0,2,22,0,24,0,2,124,0,126,0,4,146,0,150,314,0,314,464
07/31/2014,FPR,FL,ASO,ES,Towers with Radar,0,0,74,0,74,0,7,167,0,174,0,7,241,0,248,343,0,343,591
08/01/2014,FPR,FL,ASO,ES,Towers with Radar,0,0,55,0,55,0,2,139,0,141,0,2,194,0,196,279,0,279,475
08/02/2014,FPR,FL,ASO,ES,Towers with Radar,0,0,48,0,48,0,3,100,0,103,0,3,148,0,151,180,0,180,331
08/03/2014,FPR,FL,ASO,ES,Towers with Radar,0,1,37,0,38,0,2,72,0,74,0,3,109,0,112,91,0,91,203
08/04/2014,FPR,FL,ASO,ES,Towers with Radar,0,2,38,0,40,0,6,86,0,92,0,8,124,0,132,173,0,173,305
08/05/2014,FPR,FL,ASO,ES,Towers with Radar,0,2,48,0,50,0,7,138,0,145,0,9,186,0,195,272,0,272,467
08/06/2014,FPR,FL,ASO,ES,Towers with Radar,0,0,56,0,56,0,0,190,0,190,0,0,246,0,246,317,0,317,563
08/07/2014,FPR,FL,ASO,ES,Towers with Radar,0,2,40,0,42,0,2,152,0,154,0,4,192,0,196,277,0,277,473
08/08/2014,FPR,FL,ASO,ES,Towers with Radar,0,0,66,0,66,0,4,189,0,193,0,4,255,0,259,196,0,196,455
08/09/2014,FPR,FL,ASO,ES,Towers with Radar,0,3,39,0,42,0,4,114,0,118,0,7,153,0,160,138,0,138,298
08/10/2014,FPR,FL,ASO,ES,Towers with Radar,0,2,32,0,34,0,5,99,0,104,0,7,131,0,138,40,0,40,178
08/11/2014,FPR,FL,ASO,ES,Towers with Radar,0,3,48,0,51,0,1,126,0,127,0,4,174,0,178,239,0,239,417
08/12/2014,FPR,FL,ASO,ES,Towers with Radar,0,3,33,0,36,0,2,160,0,162,0,5,193,0,198,297,0,297,495
08/13/2014,FPR,FL,ASO,ES,Towers with Radar,0,2,21,0,23,0,8,152,0,160,0,10,173,0,183,301,0,301,484
08/14/2014,FPR,FL,ASO,ES,Towers with Radar,0,3,35,0,38,0,0,153,0,153,0,3,188,0,191,321,0,321,512
08/15/2014,FPR,FL,ASO,ES,Towers with Radar,0,1,22,0,23,0,6,99,0,105,0,7,121,0,128,238,0,238,366
08/16/2014,FPR,FL,ASO,ES,Towers with Radar,0,0,22,0,22,0,3,131,0,134,0,3,153,0,156,162,0,162,318
08/17/2014,FPR,FL,ASO,ES,Towers with Radar,0,0,38,0,38,0,5,99,0,104,0,5,137,0,142,9,0,9,151
08/18/2014,FPR,FL,ASO,ES,Towers with Radar,0,2,52,0,54,0,4,146,0,150,0,6,198,0,204,310,0,310,514
08/19/2014,FPR,FL,ASO,ES,Towers with Radar,0,0,46,0,46,0,10,155,0,165,0,10,201,0,211,263,0,263,474
08/20/2014,FPR,FL,ASO,ES,Towers with Radar,0,0,42,0,42,0,3,165,0,168,0,3,207,0,210,391,0,391,601
08/21/2014,FPR,FL,ASO,ES,Towers with Radar,0,0,31,0,31,0,4,147,0,151,0,4,178,0,182,221,0,221,403
08/22/2014,FPR,FL,ASO,ES,Towers with Radar,0,1,47,0,48,0,0,195,0,195,0,1,242,0,243,296,0,296,539
08/23/2014,FPR,FL,ASO,ES,Towers with Radar,0,0,53,0,53,0,1,127,0,128,0,1,180,0,181,97,0,97,278
08/24/2014,FPR,FL,ASO,ES,Towers with Radar,0,0,37,0,37,0,0,93,0,93,0,0,130,0,130,68,0,68,198
08/25/2014,FPR,FL,ASO,ES,Towers with Radar,0,0,64,0,64,0,4,86,0,90,0,4,150,0,154,63,0,63,217
08/26/2014,FPR,FL,ASO,ES,Towers with Radar,0,0,48,0,48,0,8,150,0,158,0,8,198,0,206,106,0,106,312
08/27/2014,FPR,FL,ASO,ES,Towers with Radar,0,2,52,0,54,0,6,171,0,177,0,8,223,0,231,342,0,342,573
08/28/2014,FPR,FL,ASO,ES,Towers with Radar,0,0,69,0,69,0,2,162,0,164,0,2,231,0,233,390,0,390,623
08/29/2014,FPR,FL,ASO,ES,Towers with Radar,0,2,45,0,47,0,4,137,0,141,0,6,182,0,188,270,0,270,458
08/30/2014,FPR,FL,ASO,ES,Towers with Radar,0,2,53,0,55,0,9,95,0,104,0,11,148,0,159,231,0,231,390
08/31/2014,FPR,FL,ASO,ES,Towers with Radar,0,1,24,0,25,0,2,98,0,100,0,3,122,0,125,70,0,70,195
09/01/2014,FPR,FL,ASO,ES,Towers with Radar,0,0,44,0,44,0,2,66,0,68,0,2,110,0,112,27,0,27,139
09/02/2014,FPR,FL,ASO,ES,Towers with Radar,0,2,57,0,59,0,5,144,0,149,0,7,201,0,208,338,0,338,546
09/03/2014,FPR,FL,ASO,ES,Towers with Radar,0,2,67,0,69,0,11,167,0,178,0,13,234,0,247,366,0,366,613
09/04/2014,FPR,FL,ASO,ES,Towers with Radar,0,2,63,0,65,0,1,108,0,109,0,3,171,0,174,252,0,252,426
09/05/2014,FPR,FL,ASO,ES,Towers with Radar,0,0,71,0,71,0,0,115,0,115,0,0,186,0,186,172,0,172,358
09/06/2014,FPR,FL,ASO,ES,Towers with Radar,0,0,42,0,42,0,0,117,0,117,0,0,159,0,159,154,0,154,313
09/07/2014,FPR,FL,ASO,ES,Towers with Radar,0,2,31,0,33,0,1,53,0,54,0,3,84,0,87,47,0,47,134
09/08/2014,FPR,FL,ASO,ES,Towers with Radar,0,4,65,0,69,0,3,167,0,170,0,7,232,0,239,242,0,242,481
09/09/2014,FPR,FL,ASO,ES,Towers with Radar,0,0,78,0,78,0,3,185,0,188,0,3,263,0,266,274,0,274,540
09/10/2014,FPR,FL,ASO,ES,Towers with Radar,0,0,91,0,91,0,3,174,0,177,0,3,265,0,268,255,0,255,523
09/11/2014,FPR,FL,ASO,ES,Towers with Radar,0,1,38,0,39,0,6,20,0,26,0,7,58,0,65,39,0,39,104
09/12/2014,FPR,FL,ASO,ES,Towers with Radar,0,1,68,0,69,0,4,170,0,174,0,5,238,0,243,257,0,257,500
09/13/2014,FPR,FL,ASO,ES,Towers with Radar,0,4,31,0,35,0,4,111,0,115,0,8,142,0,150,167,0,167,317
09/14/2014,FPR,FL,ASO,ES,Towers with Radar,0,1,50,0,51,0,7,95,0,102,0,8,145,0,153,52,0,52,205
09/15/2014,FPR,FL,ASO,ES,Towers with Radar,0,3,45,4,52,0,1,177,0,178,0,4,222,4,230,305,0,305,535
09/16/2014,FPR,FL,ASO,ES,Towers with Radar,0,0,33,0,33,0,3,135,0,138,0,3,168,0,171,248,0,248,419
09/17/2014,FPR,FL,ASO,ES,Towers with Radar,0,2,33,0,35,0,4,125,0,129,0,6,158,0,164,320,0,320,484
09/18/2014,FPR,FL,ASO,ES,Towers with Radar,0,0,41,0,41,0,0,127,0,127,0,0,168,0,168,240,0,240,408
09/19/2014,FPR,FL,ASO,ES,Towers with Radar,0,1,31,0,32,0,0,118,0,118,0,1,149,0,150,249,0,249,399
09/20/2014,FPR,FL,ASO,ES,Towers with Radar,0,0,38,0,38,0,14,59,0,73,0,14,97,0,111,197,0,197,308
09/21/2014,FPR,FL,ASO,ES,Towers with Radar,0,0,37,0,37,0,0,76,0,76,0,0,113,0,113,95,0,95,208
09/22/2014,FPR,FL,ASO,ES,Towers with Radar,0,1,47,0,48,0,0,115,0,115,0,1,162,0,163,226,0,226,389
09/23/2014,FPR,FL,ASO,ES,Towers with Radar,0,4,42,0,46,0,0,161,0,161,0,4,203,0,207,239,0,239,446
09/24/2014,FPR,FL,ASO,ES,Towers with Radar,0,0,72,0,72,0,2,126,0,128,0,2,198,0,200,236,0,236,436
09/25/2014,FPR,FL,ASO,ES,Towers with Radar,0,1,82,0,83,0,0,104,0,104,0,1,186,0,187,257,0,257,444
09/26/2014,FPR,FL,ASO,ES,Towers with Radar,0,0,73,3,76,0,2,114,3,119,0,2,187,6,195,376,0,376,571
09/27/2014,FPR,FL,ASO,ES,Towers with Radar,0,0,64,0,64,0,1,126,0,127,0,1,190,0,191,119,0,119,310
09/28/2014,FPR,FL,ASO,ES,Towers with Radar,0,0,55,0,55,0,0,83,0,83,0,0,138,0,138,56,0,56,194
09/29/2014,FPR,FL,ASO,ES,Towers with Radar,0,0,55,0,55,0,2,132,0,134,0,2,187,0,189,222,0,222,411
09/30/2014,FPR,FL,ASO,ES,Towers with Radar,0,4,28,0,32,0,2,116,0,118,0,6,144,0,150,262,0,262,412
10/01/2014,FPR,FL,ASO,ES,Towers with Radar,0,1,23,0,24,0,1,180,2,183,0,2,203,2,207,205,0,205,412
10/02/2014,FPR,FL,ASO,ES,Towers with Radar,0,0,36,0,36,0,4,161,0,165,0,4,197,0,201,196,0,196,397
10/03/2014,FPR,FL,ASO,ES,Towers with Radar,0,0,48,0,48,0,4,150,2,156,0,4,198,2,204,249,0,249,453
10/04/2014,FPR,FL,ASO,ES,Towers with Radar,0,0,29,0,29,0,11,106,0,117,0,11,135,0,146,225,0,225,371
10/05/2014,FPR,FL,ASO,ES,Towers with Radar,0,0,37,0,37,0,1,123,0,124,0,1,160,0,161,50,0,50,211
10/06/2014,FPR,FL,ASO,ES,Towers with Radar,0,0,50,0,50,0,4,191,0,195,0,4,241,0,245,420,0,420,665
10/07/2014,FPR,FL,ASO,ES,Towers with Radar,0,0,79,0,79,0,5,154,0,159,0,5,233,0,238,314,0,314,552
10/08/2014,FPR,FL,ASO,ES,Towers with Radar,0,0,79,0,79,0,2,155,0,157,0,2,234,0,236,336,0,336,572
10/09/2014,FPR,FL,ASO,ES,Towers with Radar,0,1,89,0,90,0,8,180,0,188,0,9,269,0,278,376,0,376,654
10/10/2014,FPR,FL,ASO,ES,Towers with Radar,0,0,95,0,95,0,3,202,2,207,0,3,297,2,302,309,0,309,611
10/11/2014,FPR,FL,ASO,ES,Towers with Radar,0,2,41,0,43,0,1,139,0,140,0,3,180,0,183,245,0,245,428
10/12/2014,FPR,FL,ASO,ES,Towers with Radar,0,1,35,0,36,0,0,112,0,112,0,1,147,0,148,46,0,46,194
10/13/2014,FPR,FL,ASO,ES,Towers with Radar,0,3,71,0,74,0,9,186,0,195,0,12,257,0,269,264,0,264,533
10/14/2014,FPR,FL,ASO,ES,Towers with Radar,0,0,53,0,53,0,3,167,0,170,0,3,220,0,223,301,0,301,524
10/15/2014,FPR,FL,ASO,ES,Towers with Radar,0,3,37,0,40,0,5,185,0,190,0,8,222,0,230,466,0,466,696
10/16/2014,FPR,FL,ASO,ES,Towers with Radar,0,1,46,0,47,0,4,232,0,236,0,5,278,0,283,295,0,295,578
10/17/2014,FPR,FL,ASO,ES,Towers with Radar,0,0,53,0,53,0,0,191,0,191,0,0,244,0,244,532,0,532,776
10/18/2014,FPR,FL,ASO,ES,Towers with Radar,0,0,39,0,39,0,6,119,0,125,0,6,158,0,164,320,0,320,484
10/19/2014,FPR,FL,ASO,ES,Towers with Radar,0,0,26,0,26,0,4,89,0,93,0,4,115,0,119,102,0,102,221
10/20/2014,FPR,FL,ASO,ES,Towers with Radar,0,1,58,0,59,0,6,182,1,189,0,7,240,1,248,283,0,283,531
10/21/2014,FPR,FL,ASO,ES,Towers with Radar,0,4,76,0,80,0,0,98,0,98,0,4,174,0,178,303,0,303,481
10/22/2014,FPR,FL,ASO,ES,Towers with Radar,0,3,91,0,94,0,4,147,0,151,0,7,238,0,245,224,0,224,469
10/23/2014,FPR,FL,ASO,ES,Towers with Radar,0,1,61,0,62,0,3,230,0,233,0,4,291,0,295,408,0,408,703
10/24/2014,FPR,FL,ASO,ES,Towers with Radar,0,0,71,0,71,0,4,187,3,194,0,4,258,3,265,231,0,231,496
10/25/2014,FPR,FL,ASO,ES,Towers with Radar,0,3,39,0,42,0,6,195,0,201,0,9,234,0,243,127,0,127,370
10/26/2014,FPR,FL,ASO,ES,Towers with Radar,0,0,26,0,26,0,0,106,0,106,0,0,132,0,132,90,0,90,222
10/27/2014,FPR,FL,ASO,ES,Towers with Radar,0,0,43,0,43,0,5,184,0,189,0,5,227,0,232,341,0,341,573
10/28/2014,FPR,FL,ASO,ES,Towers with Radar,0,3,69,0,72,0,3,210,0,213,0,6,279,0,285,378,0,378,663
10/29/2014,FPR,FL,ASO,ES,Towers with Radar,0,0,61,0,61,0,6,162,0,168,0,6,223,0,229,410,0,410,639
10/30/2014,FPR,FL,ASO,ES,Towers with Radar,0,1,65,0,66,0,9,170,0,179,0,10,235,0,245,366,0,366,611
10/31/2014,FPR,FL,ASO,ES,Towers with Radar,0,2,33,0,35,0,8,155,0,163,0,10,188,0,198,350,0,350,548
11/01/2014,FPR,FL,ASO,ES,Towers with Radar,0,0,20,0,20,0,8,68,0,76,0,8,88,0,96,123,0,123,219
11/02/2014,FPR,FL,ASO,ES,Towers with Radar,0,3,40,0,43,0,7,91,0,98,0,10,131,0,141,16,0,16,157
11/03/2014,FPR,FL,ASO,ES,Towers with Radar,0,1,53,0,54,0,7,132,0,139,0,8,185,0,193,285,0,285,478
11/04/2014,FPR,FL,ASO,ES,Towers with Radar,0,1,78,0,79,0,0,187,0,187,0,1,265,0,266,414,0,414,680
11/05/2014,FPR,FL,ASO,ES,Towers with Radar,0,6,69,0,75,0,2,207,0,209,0,8,276,0,284,431,0,431,715
11/06/2014,FPR,FL,ASO,ES,Towers with Radar,0,1,112,0,113,0,0,225,0,225,0,1,337,0,338,416,0,416,754
11/07/2014,FPR,FL,ASO,ES,Towers with Radar,0,0,52,0,52,0,0,143,0,143,0,0,195,0,195,260,0,260,455
11/08/2014,FPR,FL,ASO,ES,Towers with Radar,0,0,58,0,58,0,1,151,0,152,0,1,209,0,210,127,0,127,337
11/09/2014,FPR,FL,ASO,ES,Towers with Radar,0,0,70,0,70,0,0,0,0,0,0,0,70,0,70,0,0,0,70
11/10/2014,FPR,FL,ASO,ES,Towers with Radar,0,0,45,0,45,0,0,110,0,110,0,0,155,0,155,150,0,150,305
11/11/2014,FPR,FL,ASO,ES,Towers with Radar,0,2,45,0,47,0,3,275,0,278,0,5,320,0,325,197,0,197,522
11/12/2014,FPR,FL,ASO,ES,Towers with Radar,0,0,47,0,47,0,2,163,0,165,0,2,210,0,212,316,0,316,528
11/13/2014,FPR,FL,ASO,ES,Towers with Radar,0,3,65,0,68,0,1,241,0,242,0,4,306,0,310,324,0,324,634
11/14/2014,FPR,FL,ASO,ES,Towers with Radar,0,6,60,0,66,0,14,121,0,135,0,20,181,0,201,243,0,243,444
11/15/2014,FPR,FL,ASO,ES,Towers with Radar,0,3,46,0,49,0,5,148,0,153,0,8,194,0,202,255,0,255,457
11/16/2014,FPR,FL,ASO,ES,Towers with Radar,0,0,64,0,64,0,6,143,0,149,0,6,207,0,213,109,0,109,322
11/17/2014,FPR,FL,ASO,ES,Towers with Radar,0,4,53,0,57,0,4,120,0,124,0,8,173,0,181,99,0,99,280
11/18/2014,FPR,FL,ASO,ES,Towers with Radar,0,1,58,0,59,0,14,41,0,55,0,15,99,0,114,81,0,81,195
11/19/2014,FPR,FL,ASO,ES,Towers with Radar,0,2,29,0,31,0,6,220,0,226,0,8,249,0,257,212,0,212,469
11/20/2014,FPR,FL,ASO,ES,Towers with Radar,0,0,34,0,34,0,1,217,0,218,0,1,251,0,252,179,0,179,431
11/21/2014,FPR,FL,ASO,ES,Towers with Radar,0,1,89,0,90,0,4,160,1,165,0,5,249,1,255,292,0,292,547
11/22/2014,FPR,FL,ASO,ES,Towers with Radar,0,1,74,0,75,0,5,26,0,31,0,6,100,0,106,100,0,100,206
11/23/2014,FPR,FL,ASO,ES,Towers with Radar,0,0,34,0,34,0,1,142,0,143,0,1,176,0,177,133,0,133,310
11/24/2014,FPR,FL,ASO,ES,Towers with Radar,0,0,80,0,80,0,1,133,0,134,0,1,213,0,214,222,0,222,436
11/25/2014,FPR,FL,ASO,ES,Towers with Radar,0,2,74,0,76,0,2,117,0,119,0,4,191,0,195,287,0,287,482
11/26/2014,FPR,FL,ASO,ES,Towers with Radar,0,7,53,0,60,0,2,64,1,67,0,9,117,1,127,52,0,52,179
11/27/2014,FPR,FL,ASO,ES,Towers with Radar,0,1,7,0,8,0,3,20,0,23,0,4,27,0,31,0,0,0,31
11/28/2014,FPR,FL,ASO,ES,Towers with Radar,0,0,23,0,23,0,6,150,0,156,0,6,173,0,179,268,0,268,447
11/29/2014,FPR,FL,ASO,ES,Towers with Radar,0,0,62,0,62,0,2,142,0,144,0,2,204,0,206,308,0,308,514
11/30/2014,FPR,FL,ASO,ES,Towers with Radar,0,0,93,0,93,0,4,154,0,158,0,4,247,0,251,98,0,98,349
12/01/2014,FPR,FL,ASO,ES,Towers with Radar,0,0,69,0,69,0,3,105,0,108,0,3,174,0,177,246,0,246,423
12/02/2014,FPR,FL,ASO,ES,Towers with Radar,0,1,68,0,69,0,11,132,0,143,0,12,200,0,212,270,0,270,482
12/03/2014,FPR,FL,ASO,ES,Towers with Radar,0,0,64,0,64,0,9,189,0,198,0,9,253,0,262,299,0,299,561
12/04/2014,FPR,FL,ASO,ES,Towers with Radar,0,2,73,0,75,0,4,183,0,187,0,6,256,0,262,341,0,341,603
12/05/2014,FPR,FL,ASO,ES,Towers with Radar,0,2,77,0,79,0,6,93,0,99,0,8,170,0,178,224,0,224,402
12/06/2014,FPR,FL,ASO,ES,Towers with Radar,0,0,52,0,52,0,6,178,0,184,0,6,230,0,236,323,0,323,559
12/07/2014,FPR,FL,ASO,ES,Towers with Radar,0,2,39,0,41,0,2,23,0,25,0,4,62,0,66,44,0,44,110
12/08/2014,FPR,FL,ASO,ES,Towers with Radar,0,0,53,2,55,0,2,61,0,63,0,2,114,2,118,252,0,252,370
12/09/2014,FPR,FL,ASO,ES,Towers with Radar,0,2,40,0,42,0,3,163,0,166,0,5,203,0,208,204,0,204,412
12/10/2014,FPR,FL,ASO,ES,Towers with Radar,0,2,32,0,34,0,3,214,0,217,0,5,246,0,251,262,0,262,513
12/11/2014,FPR,FL,ASO,ES,Towers with Radar,0,1,49,0,50,0,6,165,0,171,0,7,214,0,221,354,0,354,575
12/12/2014,FPR,FL,ASO,ES,Towers with Radar,0,3,24,0,27,0,11,195,4,210,0,14,219,4,237,312,0,312,549
12/13/2014,FPR,FL,ASO,ES,Towers with Radar,0,0,44,0,44,0,1,200,0,201,0,1,244,0,245,233,0,233,478
12/14/2014,FPR,FL,ASO,ES,Towers with Radar,0,0,34,0,34,0,3,132,0,135,0,3,166,0,169,132,0,132,301
12/15/2014,FPR,FL,ASO,ES,Towers with Radar,0,0,49,0,49,0,4,182,0,186,0,4,231,0,235,416,0,416,651
12/16/2014,FPR,FL,ASO,ES,Towers with Radar,0,0,28,0,28,0,3,188,0,191,0,3,216,0,219,379,0,379,598
12/17/2014,FPR,FL,ASO,ES,Towers with Radar,0,0,43,0,43,0,4,153,0,157,0,4,196,0,200,381,0,381,581
12/18/2014,FPR,FL,ASO,ES,Towers with Radar,0,4,33,0,37,0,4,176,0,180,0,8,209,0,217,285,0,285,502
12/19/2014,FPR,FL,ASO,ES,Towers with Radar,0,0,60,0,60,0,2,204,0,206,0,2,264,0,266,417,0,417,683
12/20/2014,FPR,FL,ASO,ES,Towers with Radar,0,4,39,0,43,0,0,157,0,157,0,4,196,0,200,199,0,199,399
12/21/2014,FPR,FL,ASO,ES,Towers with Radar,0,2,31,0,33,0,0,122,0,122,0,2,153,0,155,124,0,124,279
12/22/2014,FPR,FL,ASO,ES,Towers with Radar,0,1,54,0,55,0,1,163,0,164,0,2,217,0,219,196,0,196,415
12/23/2014,FPR,FL,ASO,ES,Towers with Radar,0,2,57,0,59,0,6,91,0,97,0,8,148,0,156,131,0,131,287
12/24/2014,FPR,FL,ASO,ES,Towers with Radar,0,0,24,0,24,0,2,18,0,20,0,2,42,0,44,82,0,82,126
12/25/2014,FPR,FL,ASO,ES,Towers with Radar,0,0,4,0,4,0,4,17,0,21,0,4,21,0,25,31,0,31,56
12/26/2014,FPR,FL,ASO,ES,Towers with Radar,0,1,87,0,88,0,0,71,0,71,0,1,158,0,159,171,0,171,330
12/27/2014,FPR,FL,ASO,ES,Towers with Radar,0,2,70,1,73,0,5,102,0,107,0,7,172,1,180,193,0,193,373
12/28/2014,FPR,FL,ASO,ES,Towers with Radar,0,2,62,0,64,0,0,86,0,86,0,2,148,0,150,103,0,103,253
12/29/2014,FPR,FL,ASO,ES,Towers with Radar,0,1,49,0,50,0,6,103,0,109,0,7,152,0,159,132,0,132,291
12/30/2014,FPR,FL,ASO,ES,Towers with Radar,0,0,55,0,55,0,9,89,0,98,0,9,144,0,153,159,0,159,312
12/31/2014,FPR,FL,ASO,ES,Towers with Radar,0,0,48,0,48,0,0,21,0,21,0,0,69,0,69,0,0,0,69
01/01/2015,FPR,FL,ASO,ES,Towers with Radar,0,4,28,0,32,0,0,4,0,4,0,4,32,0,36,0,0,0,36
01/02/2015,FPR,FL,ASO,ES,Towers with Radar,0,1,108,0,109,0,5,53,0,58,0,6,161,0,167,106,0,106,273
01/03/2015,FPR,FL,ASO,ES,Towers with Radar,0,5,108,0,113,0,0,134,0,134,0,5,242,0,247,82,0,82,329
01/04/2015,FPR,FL,ASO,ES,Towers with Radar,0,7,86,0,93,0,10,148,0,158,0,17,234,0,251,58,0,58,309
01/05/2015,FPR,FL,ASO,ES,Towers with Radar,0,1,62,0,63,0,2,45,0,47,0,3,107,0,110,17,0,17,127
01/06/2015,FPR,FL,ASO,ES,Towers with Radar,0,0,44,0,44,0,4,137,2,143,0,4,181,2,187,341,0,341,528
01/07/2015,FPR,FL,ASO,ES,Towers with Radar,0,2,46,0,48,0,2,181,0,183,0,4,227,0,231,240,0,240,471
01/08/2015,FPR,FL,ASO,ES,Towers with Radar,0,1,34,0,35,0,1,95,0,96,0,2,129,0,131,135,0,135,266
01/09/2015,FPR,FL,ASO,ES,Towers with Radar,0,3,48,0,51,0,10,146,0,156,0,13,194,0,207,224,0,224,431
01/10/2015,FPR,FL,ASO,ES,Towers with Radar,0,2,47,0,49,0,3,139,0,142,0,5,186,0,191,135,0,135,326
01/11/2015,FPR,FL,ASO,ES,Towers with Radar,0,0,55,0,55,0,2,59,0,61,0,2,114,0,116,22,0,22,138
01/12/2015,FPR,FL,ASO,ES,Towers with Radar,0,1,47,0,48,0,3,62,0,65,0,4,109,0,113,187,0,187,300
01/13/2015,FPR,FL,ASO,ES,Towers with Radar,0,0,50,0,50,0,9,93,0,102,0,9,143,0,152,243,0,243,395
01/14/2015,FPR,FL,ASO,ES,Towers with Radar,0,0,48,0,48,0,0,35,0,35,0,0,83,0,83,90,0,90,173
01/15/2015,FPR,FL,ASO,ES,Towers with Radar,0,0,33,0,33,0,4,139,0,143,0,4,172,0,176,254,0,254,430
01/16/2015,FPR,FL,ASO,ES,Towers with Radar,0,3,54,0,57,0,0,134,0,134,0,3,188,0,191,179,0,179,370
01/17/2015,FPR,FL,ASO,ES,Towers with Radar,0,0,26,0,26,0,4,171,0,175,0,4,197,0,201,246,0,246,447
01/18/2015,FPR,FL,ASO,ES,Towers with Radar,0,2,45,0,47,0,3,103,0,106,0,5,148,0,153,58,0,58,211
01/19/2015,FPR,FL,ASO,ES,Towers with Radar,0,2,61,0,63,0,5,167,0,172,0,7,228,0,235,244,0,244,479
01/20/2015,FPR,FL,ASO,ES,Towers with Radar,0,0,59,0,59,0,0,133,0,133,0,0,192,0,192,307,0,307,499
01/21/2015,FPR,FL,ASO,ES,Towers with Radar,0,0,43,0,43,0,2,132,0,134,0,2,175,0,177,355,0,355,532
01/22/2015,FPR,FL,ASO,ES,Towers with Radar,0,2,74,0,76,0,1,213,0,214,0,3,287,0,290,379,0,379,669
01/23/2015,FPR,FL,ASO,ES,Towers with Radar,0,1,39,0,40,0,4,130,0,134,0,5,169,0,174,220,0,220,394
01/24/2015,FPR,FL,ASO,ES,Towers with Radar,0,1,40,0,41,0,3,30,0,33,0,4,70,0,74,10,0,10,84
01/25/2015,FPR,FL,ASO,ES,Towers with Radar,0,3,54,0,57,0,6,162,0,168,0,9,216,0,225,89,0,89,314
01/26/2015,FPR,FL,ASO,ES,Towers with Radar,0,0,28,0,28,0,0,73,0,73,0,0,101,0,101,83,0,83,184
01/27/2015,FPR,FL,ASO,ES,Towers with Radar,0,2,25,0,27,0,9,158,0,167,0,11,183,0,194,234,0,234,428
01/28/2015,FPR,FL,ASO,ES,Towers with Radar,0,5,41,0,46,0,3,178,0,181,0,8,219,0,227,243,0,243,470
01/29/2015,FPR,FL,ASO,ES,Towers with Radar,0,1,50,0,51,0,4,188,0,192,0,5,238,0,243,390,0,390,633
01/30/2015,FPR,FL,ASO,ES,Towers with Radar,0,0,44,0,44,0,2,220,0,222,0,2,264,0,266,317,0,317,583
01/31/2015,FPR,FL,ASO,ES,Towers with Radar,0,6,56,0,62,0,3,131,0,134,0,9,187,0,196,227,0,227,423
02/01/2015,FPR,FL,ASO,ES,Towers with Radar,0,0,55,0,55,0,2,119,0,121,0,2,174,0,176,47,0,47,223
02/02/2015,FPR,FL,ASO,ES,Towers with Radar,0,2,34,0,36,0,2,106,0,108,0,4,140,0,144,171,0,171,315
02/03/2015,FPR,FL,ASO,ES,Towers with Radar,0,2,29,0,31,0,5,182,0,187,0,7,211,0,218,217,0,217,435
02/04/2015,FPR,FL,ASO,ES,Towers with Radar,0,5,91,0,96,0,1,187,2,190,0,6,278,2,286,345,0,345,631
02/05/2015,FPR,FL,ASO,ES,Towers with Radar,0,0,36,0,36,0,1,43,0,44,0,1,79,0,80,92,0,92,172
02/06/2015,FPR,FL,ASO,ES,Towers with Radar,0,8,38,0,46,0,4,139,0,143,0,12,177,0,189,125,0,125,314
02/07/2015,FPR,FL,ASO,ES,Towers with Radar,0,2,39,0,41,0,6,189,0,195,0,8,228,0,236,263,0,263,499
02/08/2015,FPR,FL,ASO,ES,Towers with Radar,0,0,34,0,34,0,3,174,0,177,0,3,208,0,211,82,0,82,293
02/09/2015,FPR,FL,ASO,ES,Towers with Radar,0,3,38,0,41,0,5,95,0,100,0,8,133,0,141,252,0,252,393
02/10/2015,FPR,FL,ASO,ES,Towers with Radar,0,1,34,0,35,0,0,127,0,127,0,1,161,0,162,179,0,179,341
02/11/2015,FPR,FL,ASO,ES,Towers with Radar,0,0,35,0,35,0,2,232,0,234,0,2,267,0,269,345,0,345,614
02/12/2015,FPR,FL,ASO,ES,Towers with Radar,0,0,40,0,40,0,4,189,0,193,0,4,229,0,233,457,0,457,690
02/13/2015,FPR,FL,ASO,ES,Towers with Radar,0,1,36,0,37,0,2,196,0,198,0,3,232,0,235,268,0,268,503
02/14/2015,FPR,FL,ASO,ES,Towers with Radar,0,0,32,0,32,0,4,144,0,148,0,4,176,0,180,289,0,289,469
02/15/2015,FPR,FL,ASO,ES,Towers with Radar,0,1,35,0,36,0,2,104,0,106,0,3,139,0,142,111,0,111,253
02/16/2015,FPR,FL,ASO,ES,Towers with Radar,0,2,74,0,76,0,0,160,0,160,0,2,234,0,236,236,0,236,472
02/17/2015,FPR,FL,ASO,ES,Towers with Radar,0,2,29,0,31,0,4,90,0,94,0,6,119,0,125,77,0,77,202
02/18/2015,FPR,FL,ASO,ES,Towers with Radar,0,3,44,0,47,0,4,173,0,177,0,7,217,0,224,175,0,175,399
02/19/2015,FPR,FL,ASO,ES,Towers with Radar,0,3,34,0,37,0,9,169,0,178,0,12,203,0,215,221,0,221,436
02/20/2015,FPR,FL,ASO,ES,Towers with Radar,0,2,61,0,63,0,10,220,0,230,0,12,281,0,293,214,0,214,507
02/21/2015,FPR,FL,ASO,ES,Towers with Radar,0,3,74,0,77,0,5,147,0,152,0,8,221,0,229,231,0,231,460
02/22/2015,FPR,FL,ASO,ES,Towers with Radar,0,3,46,0,49,0,2,156,0,158,0,5,202,0,207,113,0,113,320
02/23/2015,FPR,FL,ASO,ES,Towers with Radar,0,0,40,0,40,0,2,139,3,144,0,2,179,3,184,392,0,392,576
02/24/2015,FPR,FL,ASO,ES,Towers with Radar,0,1,41,0,42,0,1,155,3,159,0,2,196,3,201,379,0,379,580
02/25/2015,FPR,FL,ASO,ES,Towers with Radar,0,5,74,0,79,0,6,121,0,127,0,11,195,0,206,405,0,405,611
02/26/2015,FPR,FL,ASO,ES,Towers with Radar,0,0,47,0,47,0,0,48,0,48,0,0,95,0,95,109,0,109,204
02/27/2015,FPR,FL,ASO,ES,Towers with Radar,0,1,43,0,44,0,3,10,0,13,0,4,53,0,57,58,0,58,115
02/28/2015,FPR,FL,ASO,ES,Towers with Radar,0,3,59,0,62,0,1,5,0,6,0,4,64,0,68,0,0,0,68
03/01/2015,FPR,FL,ASO,ES,Towers with Radar,0,7,86,0,93,0,10,151,0,161,0,17,237,0,254,79,0,79,333
03/02/2015,FPR,FL,ASO,ES,Towers with Radar,0,4,96,0,100,0,3,180,0,183,0,7,276,0,283,395,0,395,678
03/03/2015,FPR,FL,ASO,ES,Towers with Radar,0,1,76,0,77,0,0,158,0,158,0,1,234,0,235,398,0,398,633
03/04/2015,FPR,FL,ASO,ES,Towers with Radar,0,5,83,0,88,0,1,239,0,240,0,6,322,0,328,236,0,236,564
03/05/2015,FPR,FL,ASO,ES,Towers with Radar,0,0,63,0,63,0,1,201,0,202,0,1,264,0,265,275,0,275,540
03/06/2015,FPR,FL,ASO,ES,Towers with Radar,0,0,91,0,91,0,4,130,0,134,0,4,221,0,225,158,0,158,383
03/07/2015,FPR,FL,ASO,ES,Towers with Radar,0,5,93,0,98,0,1,48,0,49,0,6,141,0,147,72,0,72,219
03/08/2015,FPR,FL,ASO,ES,Towers with Radar,0,1,41,0,42,0,7,154,0,161,0,8,195,0,203,83,0,83,286
03/09/2015,FPR,FL,ASO,ES,Towers with Radar,0,0,74,0,74,0,1,174,0,175,0,1,248,0,249,346,0,346,595
03/10/2015,FPR,FL,ASO,ES,Towers with Radar,0,2,100,0,102,0,4,213,0,217,0,6,313,0,319,224,0,224,543
03/11/2015,FPR,FL,ASO,ES,Towers with Radar,0,0,79,0,79,0,8,115,0,123,0,8,194,0,202,247,0,247,449
03/12/2015,FPR,FL,ASO,ES,Towers with Radar,0,1,62,0,63,0,2,213,0,215,0,3,275,0,278,317,0,317,595
03/13/2015,FPR,FL,ASO,ES,Towers with Radar,0,2,68,0,70,0,1,174,0,175,0,3,242,0,245,249,0,249,494
03/14/2015,FPR,FL,ASO,ES,Towers with Radar,0,1,112,0,113,0,3,169,0,172,0,4,281,0,285,101,0,101,386
03/15/2015,FPR,FL,ASO,ES,Towers with Radar,0,1,74,0,75,0,6,134,0,140,0,7,208,0,215,129,0,129,344
03/16/2015,FPR,FL,ASO,ES,Towers with Radar,0,3,77,0,80,0,5,202,0,207,0,8,279,0,287,428,0,428,715
03/17/2015,FPR,FL,ASO,ES,Towers with Radar,0,2,50,0,52,0,4,161,0,165,0,6,211,0,217,376,0,376,593
03/18/2015,FPR,FL,ASO,ES,Towers with Radar,0,2,57,0,59,0,6,177,0,183,0,8,234,0,242,285,0,285,527
03/19/2015,FPR,FL,ASO,ES,Towers with Radar,0,0,77,0,77,0,2,180,0,182,0,2,257,0,259,347,0,347,606
03/20/2015,FPR,FL,ASO,ES,Towers with Radar,0,3,46,0,49,0,3,165,0,168,0,6,211,0,217,426,0,426,643
03/21/2015,FPR,FL,ASO,ES,Towers with Radar,0,0,72,0,72,0,9,79,0,88,0,9,151,0,160,143,0,143,303
03/22/2015,FPR,FL,ASO,ES,Towers with Radar,0,9,61,0,70,0,1,95,0,96,0,10,156,0,166,22,0,22,188
03/23/2015,FPR,FL,ASO,ES,Towers with Radar,0,4,51,0,55,0,0,72,0,72,0,4,123,0,127,213,0,213,340
03/24/2015,FPR,FL,ASO,ES,Towers with Radar,0,2,88,0,90,0,3,137,0,140,0,5,225,0,230,405,0,405,635
03/25/2015,FPR,FL,ASO,ES,Towers with Radar,0,3,124,0,127,0,6,83,0,89,0,9,207,0,216,245,0,245,461
03/26/2015,FPR,FL,ASO,ES,Towers with Radar,0,2,78,0,80,0,2,172,2,176,0,4,250,2,256,181,0,181,437
03/27/2015,FPR,FL,ASO,ES,Towers with Radar,0,0,50,0,50,0,0,52,0,52,0,0,102,0,102,91,0,91,193
03/28/2015,FPR,FL,ASO,ES,Towers with Radar,0,2,38,1,41,0,1,35,0,36,0,3,73,1,77,6,0,6,83
03/29/2015,FPR,FL,ASO,ES,Towers with Radar,0,6,35,1,42,0,1,20,0,21,0,7,55,1,63,23,0,23,86
03/30/2015,FPR,FL,ASO,ES,Towers with Radar,0,3,58,0,61,0,3,223,0,226,0,6,281,0,287,487,0,487,774
03/31/2015,FPR,FL,ASO,ES,Towers with Radar,0,2,65,0,67,0,0,225,0,225,0,2,290,0,292,494,0,494,786
04/01/2015,FPR,FL,ASO,ES,Towers with Radar,0,8,69,0,77,0,3,190,0,193,0,11,259,0,270,266,0,266,536
04/02/2015,FPR,FL,ASO,ES,Towers with Radar,0,4,51,0,55,0,5,216,0,221,0,9,267,0,276,401,0,401,677
04/03/2015,FPR,FL,ASO,ES,Towers with Radar,0,4,67,0,71,0,4,192,0,196,0,8,259,0,267,340,0,340,607
04/04/2015,FPR,FL,ASO,ES,Towers with Radar,0,0,63,0,63,0,6,189,0,195,0,6,252,0,258,334,0,334,592
04/05/2015,FPR,FL,ASO,ES,Towers with Radar,0,5,52,0,57,0,4,67,0,71,0,9,119,0,128,36,0,36,164
04/06/2015,FPR,FL,ASO,ES,Towers with Radar,0,2,65,0,67,0,3,196,0,199,0,5,261,0,266,357,0,357,623
04/07/2015,FPR,FL,ASO,ES,Towers with Radar,0,0,77,0,77,0,3,194,0,197,0,3,271,0,274,480,0,480,754
04/08/2015,FPR,FL,ASO,ES,Towers with Radar,0,2,66,0,68,0,13,203,0,216,0,15,269,0,284,458,0,458,742
04/09/2015,FPR,FL,ASO,ES,Towers with Radar,0,2,98,0,100,0,2,229,0,231,0,4,327,0,331,309,0,309,640
04/10/2015,FPR,FL,ASO,ES,Towers with Radar,0,2,69,2,73,0,1,193,2,196,0,3,262,4,269,192,0,192,461
04/11/2015,FPR,FL,ASO,ES,Towers with Radar,0,0,77,0,77,0,2,150,0,152,0,2,227,0,229,147,0,147,376
04/12/2015,FPR,FL,ASO,ES,Towers with Radar,0,1,89,0,90,0,2,128,0,130,0,3,217,0,220,73,0,73,293
04/13/2015,FPR,FL,ASO,ES,Towers with Radar,0,0,54,0,54,0,2,132,0,134,0,2,186,0,188,185,0,185,373
04/14/2015,FPR,FL,ASO,ES,Towers with Radar,0,1,73,0,74,0,1,224,0,225,0,2,297,0,299,301,0,301,600
04/15/2015,FPR,FL,ASO,ES,Towers with Radar,0,2,81,0,83,0,2,210,0,212,0,4,291,0,295,343,0,343,638
04/16/2015,FPR,FL,ASO,ES,Towers with Radar,0,0,62,0,62,0,0,170,0,170,0,0,232,0,232,317,0,317,549
04/17/2015,FPR,FL,ASO,ES,Towers with Radar,0,0,48,0,48,0,2,165,0,167,0,2,213,0,215,279,0,279,494
04/18/2015,FPR,FL,ASO,ES,Towers with Radar,0,0,70,0,70,0,7,136,1,144,0,7,206,1,214,323,0,323,537
04/19/2015,FPR,FL,ASO,ES,Towers with Radar,0,3,86,0,89,0,2,119,0,121,0,5,205,0,210,122,0,122,332
04/20/2015,FPR,FL,ASO,ES,Towers with Radar,0,0,52,0,52,0,0,77,0,77,0,0,129,0,129,189,0,189,318
04/21/2015,FPR,FL,ASO,ES,Towers with Radar,0,1,73,0,74,0,3,243,0,246,0,4,316,0,320,468,0,468,788
04/22/2015,FPR,FL,ASO,ES,Towers with Radar,0,0,74,0,74,0,6,165,0,171,0,6,239,0,245,562,0,562,807
04/23/2015,FPR,FL,ASO,ES,Towers with Radar,0,3,79,0,82,0,3,185,0,188,0,6,264,0,270,352,0,352,622
04/24/2015,FPR,FL,ASO,ES,Towers with Radar,0,0,82,0,82,0,3,180,0,183,0,3,262,0,265,280,0,280,545
04/25/2015,FPR,FL,ASO,ES,Towers with Radar,0,3,33,0,36,0,0,164,0,164,0,3,197,0,200,176,0,176,376
04/26/2015,FPR,FL,ASO,ES,Towers with Radar,0,8,75,0,83,0,2,93,0,95,0,10,168,0,178,26,0,26,204
04/27/2015,FPR,FL,ASO,ES,Towers with Radar,0,0,55,0,55,0,2,150,0,152,0,2,205,0,207,318,0,318,525
04/28/2015,FPR,FL,ASO,ES,Towers with Radar,0,4,27,0,31,0,1,82,0,83,0,5,109,0,114,185,0,185,299
04/29/2015,FPR,FL,ASO,ES,Towers with Radar,0,4,37,0,41,0,2,185,0,187,0,6,222,0,228,372,0,372,600
04/30/2015,FPR,FL,ASO,ES,Towers with Radar,0,4,39,0,43,0,2,194,0,196,0,6,233,0,239,413,0,413,652
05/01/2015,FPR,FL,ASO,ES,Towers with Radar,0,4,52,0,56,0,5,187,0,192,0,9,239,0,248,314,0,314,562
05/02/2015,FPR,FL,ASO,ES,Towers with Radar,0,1,38,8,47,0,0,217,0,217,0,1,255,8,264,182,0,182,446
05/03/2015,FPR,FL,ASO,ES,Towers with Radar,0,2,62,0,64,0,2,101,0,103,0,4,163,0,167,76,0,76,243
05/04/2015,FPR,FL,ASO,ES,Towers with Radar,0,5,90,0,95,0,12,156,0,168,0,17,246,0,263,231,0,231,494
05/05/2015,FPR,FL,ASO,ES,Towers with Radar,0,0,66,0,66,0,2,77,0,79,0,2,143,0,145,203,0,203,348
05/06/2015,FPR,FL,ASO,ES,Towers with Radar,0,0,53,0,53,0,0,141,0,141,0,0,194,0,194,138,0,138,332
05/07/2015,FPR,FL,ASO,ES,Towers with Radar,0,0,48,0,48,0,5,237,0,242,0,5,285,0,290,433,0,433,723
05/08/2015,FPR,FL,ASO,ES,Towers with Radar,0,2,29,0,31,0,0,171,0,171,0,2,200,0,202,406,0,406,608
05/09/2015,FPR,FL,ASO,ES,Towers with Radar,0,1,48,0,49,0,9,152,0,161,0,10,200,0,210,202,0,202,412
05/10/2015,FPR,FL,ASO,ES,Towers with Radar,0,3,42,0,45,0,1,107,0,108,0,4,149,0,153,49,0,49,202
05/11/2015,FPR,FL,ASO,ES,Towers with Radar,0,0,79,0,79,0,5,204,0,209,0,5,283,0,288,374,0,374,662
05/12/2015,FPR,FL,ASO,ES,Towers with Radar,0,2,76,0,78,0,6,162,0,168,0,8,238,0,246,354,0,354,600
05/13/2015,FPR,FL,ASO,ES,Towers with Radar,0,4,81,0,85,0,8,211,0,219,0,12,292,0,304,362,0,362,666
05/14/2015,FPR,FL,ASO,ES,Towers with Radar,0,0,85,0,85,0,3,164,0,167,0,3,249,0,252,224,0,224,476
05/15/2015,FPR,FL,ASO,ES,Towers with Radar,0,5,99,0,104,0,0,164,0,164,0,5,263,0,268,241,0,241,509
05/16/2015,FPR,FL,ASO,ES,Towers with Radar,0,3,51,0,54,0,1,133,0,134,0,4,184,0,188,270,0,270,458
05/17/2015,FPR,FL,ASO,ES,Towers with Radar,0,6,56,0,62,0,0,104,0,104,0,6,160,0,166,108,0,108,274
05/18/2015,FPR,FL,ASO,ES,Towers with Radar,0,1,69,0,70,0,6,181,0,187,0,7,250,0,257,309,0,309,566
05/19/2015,FPR,FL,ASO,ES,Towers with Radar,0,0,58,0,58,0,2,183,0,185,0,2,241,0,243,426,0,426,669
05/20/2015,FPR,FL,ASO,ES,Towers with Radar,0,0,69,0,69,0,6,199,0,205,0,6,268,0,274,303,0,303,577
05/21/2015,FPR,FL,ASO,ES,Towers with Radar,0,2,68,0,70,0,5,185,2,192,0,7,253,2,262,302,0,302,564
05/22/2015,FPR,FL,ASO,ES,Towers with Radar,0,2,53,0,55,0,5,171,0,176,0,7,224,0,231,243,0,243,474
05/23/2015,FPR,FL,ASO,ES,Towers with Radar,0,0,57,0,57,0,1,123,0,124,0,1,180,0,181,169,0,169,350
05/24/2015,FPR,FL,ASO,ES,Towers with Radar,0,0,31,0,31,0,3,96,0,99,0,3,127,0,130,115,0,115,245
05/25/2015,FPR,FL,ASO,ES,Towers with Radar,0,3,79,0,82,0,9,120,0,129,0,12,199,0,211,64,0,64,275
05/26/2015,FPR,FL,ASO,ES,Towers with Radar,0,1,73,0,74,0,1,174,0,175,0,2,247,0,249,291,0,291,540
05/27/2015,FPR,FL,ASO,ES,Towers with Radar,0,0,101,0,101,0,6,162,0,168,0,6,263,0,269,181,0,181,450
05/28/2015,FPR,FL,ASO,ES,Towers with Radar,0,0,97,0,97,0,4,190,0,194,0,4,287,0,291,305,0,305,596
05/29/2015,FPR,FL,ASO,ES,Towers with Radar,0,2,101,0,103,0,1,151,0,152,0,3,252,0,255,270,0,270,525
05/30/2015,FPR,FL,ASO,ES,Towers with Radar,0,1,61,0,62,0,12,154,0,166,0,13,215,0,228,301,0,301,529
05/31/2015,FPR,FL,ASO,ES,Towers with Radar,0,5,81,0,86,0,2,121,0,123,0,7,202,0,209,97,0,97,306
06/01/2015,FPR,FL,ASO,ES,Towers with Radar,0,3,57,0,60,0,0,176,0,176,0,3,233,0,236,305,0,305,541
06/02/2015,FPR,FL,ASO,ES,Towers with Radar,0,0,57,0,57,0,4,114,0,118,0,4,171,0,175,275,0,275,450
06/03/2015,FPR,FL,ASO,ES,Towers with Radar,0,3,79,0,82,0,1,156,0,157,0,4,235,0,239,315,0,315,554
06/04/2015,FPR,FL,ASO,ES,Towers with Radar,0,2,67,0,69,0,1,192,0,193,0,3,259,0,262,252,0,252,514
06/05/2015,FPR,FL,ASO,ES,Towers with Radar,0,0,86,0,86,0,5,148,0,153,0,5,234,0,239,253,0,253,492
06/06/2015,FPR,FL,ASO,ES,Towers with Radar,0,2,38,0,40,0,5,135,0,140,0,7,173,0,180,359,0,359,539
06/07/2015,FPR,FL,ASO,ES,Towers with Radar,0,2,48,0,50,0,6,148,0,154,0,8,196,0,204,185,0,185,389
06/08/2015,FPR,FL,ASO,ES,Towers with Radar,0,2,78,0,80,0,1,212,0,213,0,3,290,0,293,341,0,341,634
06/09/2015,FPR,FL,ASO,ES,Towers with Radar,0,2,47,0,49,0,2,157,0,159,0,4,204,0,208,350,0,350,558
06/10/2015,FPR,FL,ASO,ES,Towers with Radar,0,1,30,0,31,0,1,80,0,81,0,2,110,0,112,162,0,162,274
06/11/2015,FPR,FL,ASO,ES,Towers with Radar,0,0,73,0,73,0,4,204,0,208,0,4,277,0,281,341,0,341,622
06/12/2015,FPR,FL,ASO,ES,Towers with Radar,0,5,92,0,97,0,4,144,0,148,0,9,236,0,245,313,0,313,558
06/13/2015,FPR,FL,ASO,ES,Towers with Radar,0,2,68,0,70,0,7,133,0,140,0,9,201,0,210,187,0,187,397
06/14/2015,FPR,FL,ASO,ES,Towers with Radar,0,2,48,0,50,0,1,124,0,125,0,3,172,0,175,57,0,57,232
06/15/2015,FPR,FL,ASO,ES,Towers with Radar,0,2,60,0,62,0,2,164,0,166,0,4,224,0,228,275,0,275,503
06/16/2015,FPR,FL,ASO,ES,Towers with Radar,0,0,92,0,92,0,3,177,0,180,0,3,269,0,272,354,0,354,626
06/17/2015,FPR,FL,ASO,ES,Towers with Radar,0,3,78,0,81,0,1,233,0,234,0,4,311,0,315,310,0,310,625
06/18/2015,FPR,FL,ASO,ES,Towers with Radar,0,1,101,0,102,0,8,184,0,192,0,9,285,0,294,275,0,275,569
06/19/2015,FPR,FL,ASO,ES,Towers with Radar,0,4,88,0,92,0,1,145,0,146,0,5,233,0,238,236,0,236,474
06/20/2015,FPR,FL,ASO,ES,Towers with Radar,0,0,59,0,59,0,5,159,0,164,0,5,218,0,223,163,0,163,386
06/21/2015,FPR,FL,ASO,ES,Towers with Radar,0,4,37,0,41,0,4,106,0,110,0,8,143,0,151,11,0,11,162
06/22/2015,FPR,FL,ASO,ES,Towers with Radar,0,0,70,0,70,0,4,189,0,193,0,4,259,0,263,324,0,324,587
06/23/2015,FPR,FL,ASO,ES,Towers with Radar,0,1,69,0,70,0,0,155,0,155,0,1,224,0,225,242,0,242,467
06/24/2015,FPR,FL,ASO,ES,Towers with Radar,0,1,80,0,81,0,1,187,0,188,0,2,267,0,269,205,0,205,474
06/25/2015,FPR,FL,ASO,ES,Towers with Radar,0,2,72,0,74,0,3,138,0,141,0,5,210,0,215,244,0,244,459
06/26/2015,FPR,FL,ASO,ES,Towers with Radar,0,3,71,0,74,0,1,142,0,143,0,4,213,0,217,218,0,218,435
06/27/2015,FPR,FL,ASO,ES,Towers with Radar,0,0,58,0,58,0,0,155,0,155,0,0,213,0,213,178,0,178,391
06/28/2015,FPR,FL,ASO,ES,Towers with Radar,0,2,46,0,48,0,3,129,0,132,0,5,175,0,180,67,0,67,247
06/29/2015,FPR,FL,ASO,ES,Towers with Radar,0,3,37,0,40,0,0,107,0,107,0,3,144,0,147,226,0,226,373
06/30/2015,FPR,FL,ASO,ES,Towers with Radar,0,0,50,0,50,0,6,161,0,167,0,6,211,0,217,320,0,320,537
07/01/2015,FPR,FL,ASO,ES,Towers with Radar,0,3,79,0,82,0,1,186,0,187,0,4,265,0,269,275,0,275,544
07/02/2015,FPR,FL,ASO,ES,Towers with Radar,0,2,127,0,129,0,2,151,0,153,0,4,278,0,282,230,0,230,512
07/03/2015,FPR,FL,ASO,ES,Towers with Radar,0,0,27,0,27,0,3,44,0,47,0,3,71,0,74,45,0,45,119
07/04/2015,FPR,FL,ASO,ES,Towers with Radar,0,0,19,0,19,0,5,42,0,47,0,5,61,0,66,11,0,11,77
07/05/2015,FPR,FL,ASO,ES,Towers with Radar,0,0,62,0,62,0,0,100,0,100,0,0,162,0,162,72,0,72,234
07/06/2015,FPR,FL,ASO,ES,Towers with Radar,0,5,60,1,66,0,0,162,0,162,0,5,222,1,228,184,0,184,412
07/07/2015,FPR,FL,ASO,ES,Towers with Radar,0,0,71,0,71,0,2,147,0,149,0,2,218,0,220,257,0,257,477
07/08/2015,FPR,FL,ASO,ES,Towers with Radar,0,0,112,0,112,0,1,141,0,142,0,1,253,0,254,322,0,322,576
07/09/2015,FPR,FL,ASO,ES,Towers with Radar,0,2,59,0,61,0,4,128,0,132,0,6,187,0,193,287,0,287,480
07/10/2015,FPR,FL,ASO,ES,Towers with Radar,0,0,77,0,77,0,4,153,0,157,0,4,230,0,234,272,0,272,506
07/11/2015,FPR,FL,ASO,ES,Towers with Radar,0,1,58,0,59,0,0,167,0,167,0,1,225,0,226,196,0,196,422
07/12/2015,FPR,FL,ASO,ES,Towers with Radar,0,0,51,0,51,0,5,111,0,116,0,5,162,0,167,72,0,72,239
07/13/2015,FPR,FL,ASO,ES,Towers with Radar,0,0,54,0,54,0,1,159,0,160,0,1,213,0,214,236,0,236,450
07/14/2015,FPR,FL,ASO,ES,Towers with Radar,0,1,45,0,46,0,2,151,2,155,0,3,196,2,201,258,0,258,459
07/15/2015,FPR,FL,ASO,ES,Towers with Radar,0,0,48,0,48,0,3,137,0,140,0,3,185,0,188,233,0,233,421
07/16/2015,FPR,FL,ASO,ES,Towers with Radar,0,0,46,0,46,0,1,125,0,126,0,1,171,0,172,139,0,139,311
07/17/2015,FPR,FL,ASO,ES,Towers with Radar,0,1,58,0,59,0,2,170,0,172,0,3,228,0,231,211,0,211,442
07/18/2015,FPR,FL,ASO,ES,Towers with Radar,0,1,71,0,72,0,5,130,0,135,0,6,201,0,207,92,0,92,299
07/19/2015,FPR,FL,ASO,ES,Towers with Radar,0,0,56,0,56,0,3,101,0,104,0,3,157,0,160,62,0,62,222
07/20/2015,FPR,FL,ASO,ES,Towers with Radar,0,0,76,0,76,0,6,153,0,159,0,6,229,0,235,245,0,245,480
07/21/2015,FPR,FL,ASO,ES,Towers with Radar,0,1,40,0,41,0,10,147,0,157,0,11,187,0,198,275,0,275,473
07/22/2015,FPR,FL,ASO,ES,Towers with Radar,0,0,33,0,33,0,2,121,0,123,0,2,154,0,156,229,0,229,385
07/23/2015,FPR,FL,ASO,ES,Towers with Radar,0,0,51,0,51,0,0,92,0,92,0,0,143,0,143,210,0,210,353
07/24/2015,FPR,FL,ASO,ES,Towers with Radar,0,2,47,0,49,0,2,107,0,109,0,4,154,0,158,174,0,174,332
07/25/2015,FPR,FL,ASO,ES,Towers with Radar,0,2,26,0,28,0,3,127,0,130,0,5,153,0,158,235,0,235,393
07/26/2015,FPR,FL,ASO,ES,Towers with Radar,0,1,38,0,39,0,0,131,2,133,0,1,169,2,172,40,0,40,212
07/27/2015,FPR,FL,ASO,ES,Towers with Radar,0,0,51,0,51,0,3,118,0,121,0,3,169,0,172,191,0,191,363
07/28/2015,FPR,FL,ASO,ES,Towers with Radar,0,1,30,0,31,0,2,171,0,173,0,3,201,0,204,339,0,339,543
07/29/2015,FPR,FL,ASO,ES,Towers with Radar,0,0,31,0,31,0,3,124,0,127,0,3,155,0,158,364,0,364,522
07/30/2015,FPR,FL,ASO,ES,Towers with Radar,0,0,29,0,29,0,0,88,0,88,0,0,117,0,117,300,0,300,417
07/31/2015,FPR,FL,ASO,ES,Towers with Radar,0,0,32,0,32,0,5,121,0,126,0,5,153,0,158,304,0,304,462
08/01/2015,FPR,FL,ASO,ES,Towers with Radar,0,0,41,0,41,0,2,102,0,104,0,2,143,0,145,198,0,198,343
08/02/2015,FPR,FL,ASO,ES,Towers with Radar,0,2,39,0,41,0,0,82,0,82,0,2,121,0,123,102,0,102,225
08/03/2015,FPR,FL,ASO,ES,Towers with Radar,0,3,41,4,48,0,3,185,0,188,0,6,226,4,236,218,0,218,454
08/04/2015,FPR,FL,ASO,ES,Towers with Radar,0,0,59,0,59,0,4,157,0,161,0,4,216,0,220,306,0,306,526
08/05/2015,FPR,FL,ASO,ES,Towers with Radar,0,5,104,0,109,0,1,160,0,161,0,6,264,0,270,189,0,189,459
08/06/2015,FPR,FL,ASO,ES,Towers with Radar,0,2,52,0,54,0,4,179,0,183,0,6,231,0,237,223,0,223,460
08/07/2015,FPR,FL,ASO,ES,Towers with Radar,0,0,36,0,36,0,0,134,0,134,0,0,170,0,170,170,0,170,340
08/08/2015,FPR,FL,ASO,ES,Towers with Radar,0,0,29,0,29,0,2,114,0,116,0,2,143,0,145,68,0,68,213
08/09/2015,FPR,FL,ASO,ES,Towers with Radar,0,2,55,0,57,0,0,110,0,110,0,2,165,0,167,77,0,77,244
08/10/2015,FPR,FL,ASO,ES,Towers with Radar,0,0,60,0,60,0,8,154,0,162,0,8,214,0,222,302,0,302,524
08/11/2015,FPR,FL,ASO,ES,Towers with Radar,0,0,40,0,40,0,1,152,0,153,0,1,192,0,193,213,0,213,406
08/12/2015,FPR,FL,ASO,ES,Towers with Radar,0,0,41,0,41,0,10,158,0,168,0,10,199,0,209,256,0,256,465
08/13/2015,FPR,FL,ASO,ES,Towers with Radar,0,1,40,0,41,0,1,111,0,112,0,2,151,0,153,271,0,271,424
08/14/2015,FPR,FL,ASO,ES,Towers with Radar,0,2,56,0,58,0,2,130,0,132,0,4,186,0,190,172,0,172,362
08/15/2015,FPR,FL,ASO,ES,Towers with Radar,0,0,41,0,41,0,0,102,0,102,0,0,143,0,143,216,0,216,359
08/16/2015,FPR,FL,ASO,ES,Towers with Radar,0,4,53,0,57,0,2,96,2,100,0,6,149,2,157,90,0,90,247
08/17/2015,FPR,FL,ASO,ES,Towers with Radar,0,2,103,0,105,0,2,151,0,153,0,4,254,0,258,287,0,287,545
08/18/2015,FPR,FL,ASO,ES,Towers with Radar,0,1,74,0,75,0,0,147,0,147,0,1,221,0,222,252,0,252,474
08/19/2015,FPR,FL,ASO,ES,Towers with Radar,0,0,96,0,96,0,0,150,0,150,0,0,246,0,246,198,0,198,444
08/20/2015,FPR,FL,ASO,ES,Towers with Radar,0,0,90,0,90,0,1,97,0,98,0,1,187,0,188,243,0,243,431
08/21/2015,FPR,FL,ASO,ES,Towers with Radar,0,2,46,0,48,0,2,104,0,106,0,4,150,0,154,238,0,238,392
08/22/2015,FPR,FL,ASO,ES,Towers with Radar,0,2,59,0,61,0,5,128,0,133,0,7,187,0,194,191,0,191,385
08/23/2015,FPR,FL,ASO,ES,Towers with Radar,0,2,53,0,55,0,1,93,0,94,0,3,146,0,149,52,0,52,201
08/24/2015,FPR,FL,ASO,ES,Towers with Radar,0,0,64,0,64,0,5,150,0,155,0,5,214,0,219,241,0,241,460
08/25/2015,FPR,FL,ASO,ES,Towers with Radar,0,1,52,0,53,0,1,189,3,193,0,2,241,3,246,221,0,221,467
08/26/2015,FPR,FL,ASO,ES,Towers with Radar,0,1,36,0,37,0,0,114,0,114,0,1,150,0,151,231,0,231,382
08/27/2015,FPR,FL,ASO,ES,Towers with Radar,0,0,62,0,62,0,0,92,0,92,0,0,154,0,154,305,0,305,459
08/28/2015,FPR,FL,ASO,ES,Towers with Radar,0,1,79,0,80,0,4,116,0,120,0,5,195,0,200,220,0,220,420
08/29/2015,FPR,FL,ASO,ES,Towers with Radar,0,1,48,0,49,0,2,122,0,124,0,3,170,0,173,293,0,293,466
08/30/2015,FPR,FL,ASO,ES,Towers with Radar,0,2,7,0,9,0,0,4,0,4,0,2,11,0,13,0,0,0,13
08/31/2015,FPR,FL,ASO,ES,Towers with Radar,0,3,59,0,62,0,11,103,0,114,0,14,162,0,176,188,0,188,364
09/01/2015,FPR,FL,ASO,ES,Towers with Radar,0,2,96,0,98,0,2,160,0,162,0,4,256,0,260,356,0,356,616
09/02/2015,FPR,FL,ASO,ES,Towers with Radar,0,1,69,0,70,0,6,84,0,90,0,7,153,0,160,211,0,211,371
09/03/2015,FPR,FL,ASO,ES,Towers with Radar,0,0,48,0,48,0,4,175,0,179,0,4,223,0,227,228,0,228,455
09/04/2015,FPR,FL,ASO,ES,Towers with Radar,0,6,27,0,33,0,2,158,0,160,0,8,185,0,193,242,0,242,435
09/05/2015,FPR,FL,ASO,ES,Towers with Radar,0,0,37,0,37,0,3,100,0,103,0,3,137,0,140,183,0,183,323
09/06/2015,FPR,FL,ASO,ES,Towers with Radar,0,0,31,0,31,0,2,81,0,83,0,2,112,0,114,83,0,83,197
09/07/2015,FPR,FL,ASO,ES,Towers with Radar,0,0,68,0,68,0,5,133,0,138,0,5,201,0,206,165,0,165,371
09/08/2015,FPR,FL,ASO,ES,Towers with Radar,0,2,61,0,63,0,1,147,0,148,0,3,208,0,211,178,0,178,389
09/09/2015,FPR,FL,ASO,ES,Towers with Radar,0,0,65,0,65,0,0,130,0,130,0,0,195,0,195,267,0,267,462
09/10/2015,FPR,FL,ASO,ES,Towers with Radar,0,1,36,0,37,0,3,164,0,167,0,4,200,0,204,361,0,361,565
09/11/2015,FPR,FL,ASO,ES,Towers with Radar,0,0,21,0,21,0,5,27,0,32,0,5,48,0,53,2,0,2,55
09/12/2015,FPR,FL,ASO,ES,Towers with Radar,0,2,36,0,38,0,0,133,0,133,0,2,169,0,171,144,0,144,315
09/13/2015,FPR,FL,ASO,ES,Towers with Radar,0,2,21,0,23,0,2,69,0,71,0,4,90,0,94,82,0,82,176
09/14/2015,FPR,FL,ASO,ES,Towers with Radar,0,0,51,0,51,0,6,137,0,143,0,6,188,0,194,220,0,220,414
09/15/2015,FPR,FL,ASO,ES,Towers with Radar,0,2,50,0,52,0,4,130,2,136,0,6,180,2,188,187,0,187,375
09/16/2015,FPR,FL,ASO,ES,Towers with Radar,0,0,38,0,38,0,1,32,0,33,0,1,70,0,71,22,0,22,93
09/17/2015,FPR,FL,ASO,ES,Towers with Radar,0,0,41,0,41,0,0,16,0,16,0,0,57,0,57,64,0,64,121
09/18/2015,FPR,FL,ASO,ES,Towers with Radar,0,5,51,0,56,0,0,150,0,150,0,5,201,0,206,227,0,227,433
09/19/2015,FPR,FL,ASO,ES,Towers with Radar,0,0,37,0,37,0,2,168,0,170,0,2,205,0,207,185,0,185,392
09/20/2015,FPR,FL,ASO,ES,Towers with Radar,0,1,63,0,64,0,3,92,0,95,0,4,155,0,159,51,0,51,210
09/21/2015,FPR,FL,ASO,ES,Towers with Radar,0,0,71,0,71,0,1,178,1,180,0,1,249,1,251,318,0,318,569
09/22/2015,FPR,FL,ASO,ES,Towers with Radar,0,0,65,0,65,0,1,190,0,191,0,1,255,0,256,259,0,259,515
09/23/2015,FPR,FL,ASO,ES,Towers with Radar,0,2,67,0,69,0,2,159,2,163,0,4,226,2,232,230,0,230,462
09/24/2015,FPR,FL,ASO,ES,Towers with Radar,0,1,73,0,74,0,2,136,0,138,0,3,209,0,212,316,0,316,528
09/25/2015,FPR,FL,ASO,ES,Towers with Radar,0,0,73,0,73,0,2,153,0,155,0,2,226,0,228,261,0,261,489
09/26/2015,FPR,FL,ASO,ES,Towers with Radar,0,0,54,0,54,0,8,165,0,173,0,8,219,0,227,223,0,223,450
09/27/2015,FPR,FL,ASO,ES,Towers with Radar,0,2,33,0,35,0,4,97,0,101,0,6,130,0,136,98,0,98,234
09/28/2015,FPR,FL,ASO,ES,Towers with Radar,0,0,65,1,66,0,1,183,1,185,0,1,248,2,251,243,0,243,494
09/29/2015,FPR,FL,ASO,ES,Towers with Radar,0,2,66,0,68,0,2,94,0,96,0,4,160,0,164,150,0,150,314
09/30/2015,FPR,FL,ASO,ES,Towers with Radar,0,2,50,0,52,0,2,142,0,144,0,4,192,0,196,193,0,193,389
10/01/2015,FPR,FL,ASO,ES,Towers with Radar,0,0,48,0,48,0,0,130,0,130,0,0,178,0,178,124,0,124,302
10/02/2015,FPR,FL,ASO,ES,Towers with Radar,0,2,53,0,55,0,1,160,0,161,0,3,213,0,216,145,0,145,361
10/03/2015,FPR,FL,ASO,ES,Towers with Radar,0,0,68,0,68,0,1,99,0,100,0,1,167,0,168,231,0,231,399
10/04/2015,FPR,FL,ASO,ES,Towers with Radar,0,2,22,0,24,0,4,102,0,106,0,6,124,0,130,156,0,156,286
10/05/2015,FPR,FL,ASO,ES,Towers with Radar,0,3,16,0,19,0,9,144,0,153,0,12,160,0,172,401,0,401,573
10/06/2015,FPR,FL,ASO,ES,Towers with Radar,0,0,32,0,32,0,0,149,0,149,0,0,181,0,181,342,0,342,523
10/07/2015,FPR,FL,ASO,ES,Towers with Radar,0,0,66,0,66,0,9,206,1,216,0,9,272,1,282,281,0,281,563
10/08/2015,FPR,FL,ASO,ES,Towers with Radar,0,0,92,0,92,0,1,176,0,177,0,1,268,0,269,240,0,240,509
10/09/2015,FPR,FL,ASO,ES,Towers with Radar,0,0,47,0,47,0,2,112,0,114,0,2,159,0,161,184,0,184,345
10/10/2015,FPR,FL,ASO,ES,Towers with Radar,0,0,29,0,29,0,2,96,0,98,0,2,125,0,127,114,0,114,241
10/11/2015,FPR,FL,ASO,ES,Towers with Radar,0,3,45,0,48,0,5,85,0,90,0,8,130,0,138,72,0,72,210
10/12/2015,FPR,FL,ASO,ES,Towers with Radar,0,0,55,0,55,0,1,189,0,190,0,1,244,0,245,376,0,376,621
10/13/2015,FPR,FL,ASO,ES,Towers with Radar,0,0,50,0,50,0,0,165,0,165,0,0,215,0,215,270,0,270,485
10/14/2015,FPR,FL,ASO,ES,Towers with Radar,0,2,48,0,50,0,2,165,0,167,0,4,213,0,217,269,0,269,486
10/15/2015,FPR,FL,ASO,ES,Towers with Radar,0,2,90,0,92,0,3,152,0,155,0,5,242,0,247,245,0,245,492
10/16/2015,FPR,FL,ASO,ES,Towers with Radar,0,1,57,0,58,0,6,138,0,144,0,7,195,0,202,366,12,378,580
10/17/2015,FPR,FL,ASO,ES,Towers with Radar,0,1,54,0,55,0,5,170,0,175,0,6,224,0,230,215,0,215,445
10/18/2015,FPR,FL,ASO,ES,Towers with Radar,0,1,33,0,34,0,6,48,0,54,0,7,81,0,88,40,0,40,128
10/19/2015,FPR,FL,ASO,ES,Towers with Radar,0,0,65,0,65,0,2,101,0,103,0,2,166,0,168,58,0,58,226
10/20/2015,FPR,FL,ASO,ES,Towers with Radar,0,1,80,0,81,0,3,156,0,159,0,4,236,0,240,218,0,218,458
10/21/2015,FPR,FL,ASO,ES,Towers with Radar,0,0,65,0,65,0,2,160,0,162,0,2,225,0,227,312,0,312,539
10/22/2015,FPR,FL,ASO,ES,Towers with Radar,0,0,96,0,96,0,3,163,0,166,0,3,259,0,262,280,0,280,542
10/23/2015,FPR,FL,ASO,ES,Towers with Radar,0,3,73,0,76,0,4,152,0,156,0,7,225,0,232,283,0,283,515
10/24/2015,FPR,FL,ASO,ES,Towers with Radar,0,0,54,0,54,0,6,140,0,146,0,6,194,0,200,229,0,229,429
10/25/2015,FPR,FL,ASO,ES,Towers with Radar,0,0,48,0,48,0,0,82,0,82,0,0,130,0,130,77,0,77,207
10/26/2015,FPR,FL,ASO,ES,Towers with Radar,0,1,78,0,79,0,8,144,0,152,0,9,222,0,231,366,0,366,597
10/27/2015,FPR,FL,ASO,ES,Towers with Radar,0,0,65,0,65,0,4,160,0,164,0,4,225,0,229,197,0,197,426
10/28/2015,FPR,FL,ASO,ES,Towers with Radar,0,0,48,0,48,0,2,111,0,113,0,2,159,0,161,258,0,258,419
10/29/2015,FPR,FL,ASO,ES,Towers with Radar,0,3,50,0,53,0,1,88,0,89,0,4,138,0,142,280,0,280,422
10/30/2015,FPR,FL,ASO,ES,Towers with Radar,0,1,57,0,58,0,5,184,0,189,0,6,241,0,247,304,0,304,551
10/31/2015,FPR,FL,ASO,ES,Towers with Radar,0,0,39,0,39,0,4,137,0,141,0,4,176,0,180,295,0,295,475
11/01/2015,FPR,FL,ASO,ES,Towers with Radar,0,0,34,0,34,0,5,86,0,91,0,5,120,0,125,83,0,83,208
11/02/2015,FPR,FL,ASO,ES,Towers with Radar,0,0,58,0,58,0,3,140,0,143,0,3,198,0,201,287,0,287,488
11/03/2015,FPR,FL,ASO,ES,Towers with Radar,0,1,92,1,94,0,4,163,1,168,0,5,255,2,262,405,0,405,667
11/04/2015,FPR,FL,ASO,ES,Towers with Radar,0,1,121,0,122,0,6,132,0,138,0,7,253,0,260,208,0,208,468
11/05/2015,FPR,FL,ASO,ES,Towers with Radar,0,2,99,1,102,0,5,142,0,147,0,7,241,1,249,208,0,208,457
11/06/2015,FPR,FL,ASO,ES,Towers with Radar,0,0,102,0,102,0,5,216,1,222,0,5,318,1,324,280,0,280,604
11/07/2015,FPR,FL,ASO,ES,Towers with Radar,0,0,65,0,65,0,2,164,2,168,0,2,229,2,233,167,0,167,400
11/08/2015,FPR,FL,ASO,ES,Towers with Radar,0,1,69,0,70,0,4,75,0,79,0,5,144,0,149,90,0,90,239
11/09/2015,FPR,FL,ASO,ES,Towers with Radar,0,2,80,0,82,0,0,137,0,137,0,2,217,0,219,189,0,189,408
11/10/2015,FPR,FL,ASO,ES,Towers with Radar,0,2,44,0,46,0,0,119,0,119,0,2,163,0,165,272,0,272,437
11/11/2015,FPR,FL,ASO,ES,Towers with Radar,0,0,39,0,39,0,1,48,0,49,0,1,87,0,88,37,0,37,125
11/12/2015,FPR,FL,ASO,ES,Towers with Radar,0,0,75,6,81,0,3,262,0,265,0,3,337,6,346,369,0,369,715
11/13/2015,FPR,FL,ASO,ES,Towers with Radar,0,1,65,0,66,0,2,173,0,175,0,3,238,0,241,280,0,280,521
11/14/2015,FPR,FL,ASO,ES,Towers with Radar,0,0,67,0,67,0,4,120,0,124,0,4,187,0,191,202,0,202,393
11/15/2015,FPR,FL,ASO,ES,Towers with Radar,0,0,50,0,50,0,0,61,0,61,0,0,111,0,111,43,0,43,154
11/16/2015,FPR,FL,ASO,ES,Towers with Radar,0,0,104,0,104,0,0,105,1,106,0,0,209,1,210,301,0,301,511
11/17/2015,FPR,FL,ASO,ES,Towers with Radar,0,0,74,0,74,0,0,178,0,178,0,0,252,0,252,381,0,381,633
11/18/2015,FPR,FL,ASO,ES,Towers with Radar,0,2,71,0,73,0,4,101,0,105,0,6,172,0,178,213,0,213,391
11/19/2015,FPR,FL,ASO,ES,Towers with Radar,0,2,83,0,85,0,4,172,0,176,0,6,255,0,261,313,0,313,574
11/20/2015,FPR,FL,ASO,ES,Towers with Radar,0,0,74,0,74,0,3,132,0,135,0,3,206,0,209,316,0,316,525
11/21/2015,FPR,FL,ASO,ES,Towers with Radar,0,4,54,0,58,0,0,124,0,124,0,4,178,0,182,256,0,256,438
11/22/2015,FPR,FL,ASO,ES,Towers with Radar,0,1,36,0,37,0,0,58,0,58,0,1,94,0,95,101,0,101,196
11/23/2015,FPR,FL,ASO,ES,Towers with Radar,0,3,50,0,53,0,1,211,0,212,0,4,261,0,265,222,0,222,487
11/24/2015,FPR,FL,ASO,ES,Towers with Radar,0,0,87,0,87,0,9,172,0,181,0,9,259,0,268,174,0,174,442
11/25/2015,FPR,FL,ASO,ES,Towers with Radar,0,2,80,0,82,0,0,128,0,128,0,2,208,0,210,208,0,208,418
11/26/2015,FPR,FL,ASO,ES,Towers with Radar,0,0,5,0,5,0,4,10,0,14,0,4,15,0,19,4,0,4,23
11/27/2015,FPR,FL,ASO,ES,Towers with Radar,0,2,47,0,49,0,0,97,0,97,0,2,144,0,146,200,0,200,346
11/28/2015,FPR,FL,ASO,ES,Towers with Radar,0,2,42,0,44,0,0,121,0,121,0,2,163,0,165,300,0,300,465
11/29/2015,FPR,FL,ASO,ES,Towers with Radar,0,1,69,4,74,0,0,132,0,132,0,1,201,4,206,136,0,136,342
11/30/2015,FPR,FL,ASO,ES,Towers with Radar,0,3,89,0,92,0,3,71,0,74,0,6,160,0,166,214,0,214,380
12/01/2015,FPR,FL,ASO,ES,Towers with Radar,0,2,63,0,65,0,4,144,0,148,0,6,207,0,213,369,0,369,582
12/02/2015,FPR,FL,ASO,ES,Towers with Radar,0,2,83,0,85,0,2,131,0,133,0,4,214,0,218,216,0,216,434
12/03/2015,FPR,FL,ASO,ES,Towers with Radar,0,2,42,0,44,0,0,4,0,4,0,2,46,0,48,31,0,31,79
12/04/2015,FPR,FL,ASO,ES,Towers with Radar,0,0,78,0,78,0,0,6,0,6,0,0,84,0,84,8,0,8,92
12/05/2015,FPR,FL,ASO,ES,Towers with Radar,0,4,54,0,58,0,0,53,0,53,0,4,107,0,111,13,0,13,124
12/06/2015,FPR,FL,ASO,ES,Towers with Radar,0,0,37,0,37,0,3,121,0,124,0,3,158,0,161,59,0,59,220
12/07/2015,FPR,FL,ASO,ES,Towers with Radar,0,0,51,0,51,0,4,55,0,59,0,4,106,0,110,126,0,126,236
12/08/2015,FPR,FL,ASO,ES,Towers with Radar,0,1,43,0,44,0,5,165,0,170,0,6,208,0,214,189,0,189,403
12/09/2015,FPR,FL,ASO,ES,Towers with Radar,0,1,105,0,106,0,2,175,0,177,0,3,280,0,283,447,0,447,730
12/10/2015,FPR,FL,ASO,ES,Towers with Radar,0,0,39,0,39,0,4,188,0,192,0,4,227,0,231,170,0,170,401
12/11/2015,FPR,FL,ASO,ES,Towers with Radar,0,6,43,0,49,0,6,169,0,175,0,12,212,0,224,283,0,283,507
12/12/2015,FPR,FL,ASO,ES,Towers with Radar,0,0,63,0,63,0,5,179,0,184,0,5,242,0,247,245,0,245,492
12/13/2015,FPR,FL,ASO,ES,Towers with Radar,0,1,73,0,74,0,1,109,0,110,0,2,182,0,184,61,0,61,245
12/14/2015,FPR,FL,ASO,ES,Towers with Radar,0,3,61,0,64,0,7,101,0,108,0,10,162,0,172,319,0,319,491
12/15/2015,FPR,FL,ASO,ES,Towers with Radar,0,0,45,0,45,0,3,149,0,152,0,3,194,0,197,335,0,335,532
12/16/2015,FPR,FL,ASO,ES,Towers with Radar,0,0,88,0,88,0,7,208,0,215,0,7,296,0,303,334,0,334,637
12/17/2015,FPR,FL,ASO,ES,Towers with Radar,0,2,98,0,100,0,3,160,0,163,0,5,258,0,263,247,0,247,510
12/18/2015,FPR,FL,ASO,ES,Towers with Radar,0,3,43,0,46,0,5,53,0,58,0,8,96,0,104,85,0,85,189
12/19/2015,FPR,FL,ASO,ES,Towers with Radar,0,3,79,0,82,0,0,73,0,73,0,3,152,0,155,17,0,17,172
12/20/2015,FPR,FL,ASO,ES,Towers with Radar,0,0,51,0,51,0,7,64,0,71,0,7,115,0,122,51,0,51,173
12/21/2015,FPR,FL,ASO,ES,Towers with Radar,0,2,81,0,83,0,2,123,1,126,0,4,204,1,209,220,0,220,429
12/22/2015,FPR,FL,ASO,ES,Towers with Radar,0,3,61,0,64,0,1,111,0,112,0,4,172,0,176,252,0,252,428
12/23/2015,FPR,FL,ASO,ES,Towers with Radar,0,3,95,2,100,0,3,88,0,91,0,6,183,2,191,183,0,183,374
12/24/2015,FPR,FL,ASO,ES,Towers with Radar,0,0,22,0,22,0,6,35,0,41,0,6,57,0,63,79,0,79,142
12/25/2015,FPR,FL,ASO,ES,Towers with Radar,0,2,3,0,5,0,2,14,0,16,0,4,17,0,21,0,0,0,21
12/26/2015,FPR,FL,ASO,ES,Towers with Radar,0,4,79,0,83,0,3,59,0,62,0,7,138,0,145,76,0,76,221
12/27/2015,FPR,FL,ASO,ES,Towers with Radar,0,6,83,0,89,0,1,58,0,59,0,7,141,0,148,86,0,86,234
12/28/2015,FPR,FL,ASO,ES,Towers with Radar,0,2,79,0,81,0,3,116,0,119,0,5,195,0,200,167,0,167,367
12/29/2015,FPR,FL,ASO,ES,Towers with Radar,0,0,73,0,73,0,4,113,0,117,0,4,186,0,190,188,0,188,378
12/30/2015,FPR,FL,ASO,ES,Towers with Radar,0,7,84,0,91,0,2,135,0,137,0,9,219,0,228,144,0,144,372
12/31/2015,FPR,FL,ASO,ES,Towers with Radar,0,0,46,0,46,0,7,46,0,53,0,7,92,0,99,38,0,38,137
01/01/2016,FPR,FL,ASO,ES,Towers with Radar,0,1,30,0,31,0,8,53,0,61,0,9,83,0,92,17,0,17,109
01/02/2016,FPR,FL,ASO,ES,Towers with Radar,0,2,151,0,153,0,2,71,0,73,0,4,222,0,226,94,0,94,320
01/03/2016,FPR,FL,ASO,ES,Towers with Radar,0,1,104,0,105,0,1,48,0,49,0,2,152,0,154,26,0,26,180
01/04/2016,FPR,FL,ASO,ES,Towers with Radar,0,2,62,0,64,0,3,143,0,146,0,5,205,0,210,163,0,163,373
01/05/2016,FPR,FL,ASO,ES,Towers with Radar,0,1,93,0,94,0,11,82,0,93,0,12,175,0,187,58,0,58,245
01/06/2016,FPR,FL,ASO,ES,Towers with Radar,0,2,77,0,79,0,0,69,0,69,0,2,146,0,148,187,0,187,335
01/07/2016,FPR,FL,ASO,ES,Towers with Radar,0,4,64,0,68,0,2,113,0,115,0,6,177,0,183,174,0,174,357
01/08/2016,FPR,FL,ASO,ES,Towers with Radar,0,3,84,0,87,0,2,115,0,117,0,5,199,0,204,233,0,233,437
01/09/2016,FPR,FL,ASO,ES,Towers with Radar,0,3,55,0,58,0,0,108,0,108,0,3,163,0,166,168,0,168,334
01/10/2016,FPR,FL,ASO,ES,Towers with Radar,0,1,67,0,68,0,0,43,0,43,0,1,110,0,111,49,11,60,171
01/11/2016,FPR,FL,ASO,ES,Towers with Radar,0,0,32,0,32,0,0,206,0,206,0,0,238,0,238,156,0,156,394
01/12/2016,FPR,FL,ASO,ES,Towers with Radar,0,2,30,0,32,0,5,192,0,197,0,7,222,0,229,206,0,206,435
01/13/2016,FPR,FL,ASO,ES,Towers with Radar,0,2,50,0,52,0,2,219,0,221,0,4,269,0,273,205,0,205,478
01/14/2016,FPR,FL,ASO,ES,Towers with Radar,0,0,71,0,71,0,0,145,2,147,0,0,216,2,218,309,0,309,527
01/15/2016,FPR,FL,ASO,ES,Towers with Radar,0,3,16,0,19,0,0,32,0,32,0,3,48,0,51,139,0,139,190
01/16/2016,FPR,FL,ASO,ES,Towers with Radar,0,1,42,0,43,0,7,216,0,223,0,8,258,0,266,232,0,232,498
01/17/2016,FPR,FL,ASO,ES,Towers with Radar,0,0,25,0,25,0,1,30,0,31,0,1,55,0,56,19,0,19,75
01/18/2016,FPR,FL,ASO,ES,Towers with Radar,0,0,53,0,53,0,5,222,0,227,0,5,275,0,280,190,0,190,470
01/19/2016,FPR,FL,ASO,ES,Towers with Radar,0,0,32,0,32,0,3,208,0,211,0,3,240,0,243,249,0,249,492
01/20/2016,FPR,FL,ASO,ES,Towers with Radar,0,3,24,0,27,0,0,206,0,206,0,3,230,0,233,219,0,219,452
01/21/2016,FPR,FL,ASO,ES,Towers with Radar,0,3,92,0,95,0,5,221,0,226,0,8,313,0,321,319,0,319,640
01/22/2016,FPR,FL,ASO,ES,Towers with Radar,0,0,38,0,38,0,0,72,0,72,0,0,110,0,110,91,0,91,201
01/23/2016,FPR,FL,ASO,ES,Towers with Radar,0,1,9,0,10,0,3,40,0,43,0,4,49,0,53,5,0,5,58
01/24/2016,FPR,FL,ASO,ES,Towers with Radar,0,2,51,0,53,0,5,169,0,174,0,7,220,0,227,122,0,122,349
01/25/2016,FPR,FL,ASO,ES,Towers with Radar,0,1,72,0,73,0,2,171,0,173,0,3,243,0,246,330,0,330,576
01/26/2016,FPR,FL,ASO,ES,Towers with Radar,0,0,118,0,118,0,0,152,0,152,0,0,270,0,270,270,0,270,540
01/27/2016,FPR,FL,ASO,ES,Towers with Radar,0,0,45,0,45,0,4,17,0,21,0,4,62,0,66,44,0,44,110
01/28/2016,FPR,FL,ASO,ES,Towers with Radar,0,0,53,1,54,0,0,14,0,14,0,0,67,1,68,24,0,24,92
01/29/2016,FPR,FL,ASO,ES,Towers with Radar,0,0,43,0,43,0,3,268,0,271,0,3,311,0,314,363,0,363,677
01/30/2016,FPR,FL,ASO,ES,Towers with Radar,0,0,60,0,60,0,11,228,0,239,0,11,288,0,299,335,0,335,634
01/31/2016,FPR,FL,ASO,ES,Towers with Radar,0,0,55,0,55,0,4,138,0,142,0,4,193,0,197,52,0,52,249
02/01/2016,FPR,FL,ASO,ES,Towers with Radar,0,0,73,1,74,0,17,169,0,186,0,17,242,1,260,375,0,375,635
02/02/2016,FPR,FL,ASO,ES,Towers with Radar,0,1,100,2,103,0,8,135,0,143,0,9,235,2,246,279,0,279,525
02/03/2016,FPR,FL,ASO,ES,Towers with Radar,0,2,76,0,78,0,0,167,0,167,0,2,243,0,245,154,0,154,399
02/04/2016,FPR,FL,ASO,ES,Towers with Radar,0,0,83,0,83,0,6,170,0,176,0,6,253,0,259,236,0,236,495
02/05/2016,FPR,FL,ASO,ES,Towers with Radar,0,4,37,0,41,0,3,131,0,134,0,7,168,0,175,101,0,101,276
02/06/2016,FPR,FL,ASO,ES,Towers with Radar,0,1,72,0,73,0,6,160,0,166,0,7,232,0,239,321,0,321,560
02/07/2016,FPR,FL,ASO,ES,Towers with Radar,0,0,30,0,30,0,0,44,0,44,0,0,74,0,74,9,0,9,83
02/08/2016,FPR,FL,ASO,ES,Towers with Radar,0,3,24,0,27,0,5,167,0,172,0,8,191,0,199,278,0,278,477
02/09/2016,FPR,FL,ASO,ES,Towers with Radar,0,0,25,0,25,0,1,129,0,130,0,1,154,0,155,303,0,303,458
02/10/2016,FPR,FL,ASO,ES,Towers with Radar,0,0,34,0,34,0,3,165,0,168,0,3,199,0,202,253,0,253,455
02/11/2016,FPR,FL,ASO,ES,Towers with Radar,0,0,54,2,56,0,5,176,0,181,0,5,230,2,237,289,0,289,526
02/12/2016,FPR,FL,ASO,ES,Towers with Radar,0,2,68,0,70,0,0,216,0,216,0,2,284,0,286,395,0,395,681
02/13/2016,FPR,FL,ASO,ES,Towers with Radar,0,0,48,0,48,0,3,155,0,158,0,3,203,0,206,250,0,250,456
02/14/2016,FPR,FL,ASO,ES,Towers with Radar,0,4,50,0,54,0,2,119,0,121,0,6,169,0,175,168,0,168,343
02/15/2016,FPR,FL,ASO,ES,Towers with Radar,0,0,81,0,81,0,2,103,0,105,0,2,184,0,186,169,0,169,355
02/16/2016,FPR,FL,ASO,ES,Towers with Radar,0,2,35,0,37,0,0,152,0,152,0,2,187,0,189,400,0,400,589
02/17/2016,FPR,FL,ASO,ES,Towers with Radar,0,1,65,0,66,0,0,207,0,207,0,1,272,0,273,410,0,410,683
02/18/2016,FPR,FL,ASO,ES,Towers with Radar,0,0,36,0,36,0,3,208,0,211,0,3,244,0,247,191,0,191,438
02/19/2016,FPR,FL,ASO,ES,Towers with Radar,0,21,88,1,110,0,4,138,0,142,0,25,226,1,252,226,0,226,478
02/20/2016,FPR,FL,ASO,ES,Towers with Radar,0,1,74,0,75,0,3,194,0,197,0,4,268,0,272,365,0,365,637
02/21/2016,FPR,FL,ASO,ES,Towers with Radar,0,3,79,0,82,0,1,156,0,157,0,4,235,0,239,190,0,190,429
02/22/2016,FPR,FL,ASO,ES,Towers with Radar,0,2,63,0,65,0,2,193,0,195,0,4,256,0,260,279,0,279,539
02/23/2016,FPR,FL,ASO,ES,Towers with Radar,0,0,69,0,69,0,1,123,0,124,0,1,192,0,193,216,0,216,409
02/24/2016,FPR,FL,ASO,ES,Towers with Radar,0,4,36,0,40,0,1,38,0,39,0,5,74,0,79,51,0,51,130
02/25/2016,FPR,FL,ASO,ES,Towers with Radar,0,4,55,0,59,0,11,190,0,201,0,15,245,0,260,223,0,223,483
02/26/2016,FPR,FL,ASO,ES,Towers with Radar,0,4,49,0,53,0,7,200,0,207,0,11,249,0,260,298,0,298,558
02/27/2016,FPR,FL,ASO,ES,Towers with Radar,0,2,52,0,54,0,0,191,0,191,0,2,243,0,245,226,0,226,471
02/28/2016,FPR,FL,ASO,ES,Towers with Radar,0,4,48,0,52,0,3,129,0,132,0,7,177,0,184,137,0,137,321
02/29/2016,FPR,FL,ASO,ES,Towers with Radar,0,0,108,0,108,0,1,193,0,194,0,1,301,0,302,397,0,397,699
03/01/2016,FPR,FL,ASO,ES,Towers with Radar,0,2,118,0,120,0,2,158,0,160,0,4,276,0,280,345,0,345,625
03/02/2016,FPR,FL,ASO,ES,Towers with Radar,0,1,46,0,47,0,2,171,0,173,0,3,217,0,220,286,0,286,506
03/03/2016,FPR,FL,ASO,ES,Towers with Radar,0,4,48,0,52,0,1,167,0,168,0,5,215,0,220,301,0,301,521
03/04/2016,FPR,FL,ASO,ES,Towers with Radar,0,1,40,0,41,0,0,158,0,158,0,1,198,0,199,268,0,268,467
03/05/2016,FPR,FL,ASO,ES,Towers with Radar,0,0,42,0,42,0,2,212,0,214,0,2,254,0,256,214,0,214,470
03/06/2016,FPR,FL,ASO,ES,Towers with Radar,0,3,67,0,70,0,4,143,0,147,0,7,210,0,217,46,0,46,263
03/07/2016,FPR,FL,ASO,ES,Towers with Radar,0,3,83,0,86,0,1,167,0,168,0,4,250,0,254,325,0,325,579
03/08/2016,FPR,FL,ASO,ES,Towers with Radar,0,0,84,0,84,0,1,168,0,169,0,1,252,0,253,318,0,318,571
03/09/2016,FPR,FL,ASO,ES,Towers with Radar,0,3,80,0,83,0,6,164,0,170,0,9,244,0,253,187,0,187,440
03/10/2016,FPR,FL,ASO,ES,Towers with Radar,0,0,81,0,81,0,0,161,0,161,0,0,242,0,242,202,0,202,444
03/11/2016,FPR,FL,ASO,ES,Towers with Radar,0,1,87,0,88,0,4,194,0,198,0,5,281,0,286,169,0,169,455
03/12/2016,FPR,FL,ASO,ES,Towers with Radar,0,2,72,0,74,0,7,139,0,146,0,9,211,0,220,132,0,132,352
03/13/2016,FPR,FL,ASO,ES,Towers with Radar,0,5,67,0,72,0,2,115,0,117,0,7,182,0,189,98,0,98,287
03/14/2016,FPR,FL,ASO,ES,Towers with Radar,0,2,57,0,59,0,3,169,0,172,0,5,226,0,231,237,0,237,468
03/15/2016,FPR,FL,ASO,ES,Towers with Radar,0,4,48,0,52,0,8,199,0,207,0,12,247,0,259,215,0,215,474
03/16/2016,FPR,FL,ASO,ES,Towers with Radar,0,3,73,0,76,0,6,156,0,162,0,9,229,0,238,253,0,253,491
03/17/2016,FPR,FL,ASO,ES,Towers with Radar,0,4,79,0,83,0,5,206,0,211,0,9,285,0,294,258,0,258,552
03/18/2016,FPR,FL,ASO,ES,Towers with Radar,0,12,72,0,84,0,0,184,0,184,0,12,256,0,268,346,0,346,614
03/19/2016,FPR,FL,ASO,ES,Towers with Radar,0,0,51,0,51,0,11,79,0,90,0,11,130,0,141,106,0,106,247
03/20/2016,FPR,FL,ASO,ES,Towers with Radar,0,7,57,0,64,0,2,72,0,74,0,9,129,0,138,93,0,93,231
03/21/2016,FPR,FL,ASO,ES,Towers with Radar,0,6,54,0,60,0,4,159,0,163,0,10,213,0,223,177,0,177,400
03/22/2016,FPR,FL,ASO,ES,Towers with Radar,0,1,73,0,74,0,11,230,0,241,0,12,303,0,315,316,0,316,631
03/23/2016,FPR,FL,ASO,ES,Towers with Radar,0,0,70,0,70,0,9,208,0,217,0,9,278,0,287,372,0,372,659
03/24/2016,FPR,FL,ASO,ES,Towers with Radar,0,3,96,0,99,0,5,98,0,103,0,8,194,0,202,202,0,202,404
03/25/2016,FPR,FL,ASO,ES,Towers with Radar,0,3,86,0,89,0,5,149,0,154,0,8,235,0,243,320,0,320,563
03/26/2016,FPR,FL,ASO,ES,Towers with Radar,0,4,109,0,113,0,5,129,0,134,0,9,238,0,247,225,0,225,472
03/27/2016,FPR,FL,ASO,ES,Towers with Radar,0,1,36,0,37,0,7,61,0,68,0,8,97,0,105,81,0,81,186
03/28/2016,FPR,FL,ASO,ES,Towers with Radar,0,0,55,0,55,0,2,67,0,69,0,2,122,0,124,96,0,96,220
03/29/2016,FPR,FL,ASO,ES,Towers with Radar,0,2,60,0,62,0,10,138,0,148,0,12,198,0,210,138,0,138,348
03/30/2016,FPR,FL,ASO,ES,Towers with Radar,0,4,92,0,96,0,6,170,0,176,0,10,262,0,272,177,0,177,449
03/31/2016,FPR,FL,ASO,ES,Towers with Radar,0,2,111,0,113,0,5,201,0,206,0,7,312,0,319,240,0,240,559
04/01/2016,FPR,FL,ASO,ES,Towers with Radar,0,4,80,0,84,0,5,197,0,202,0,9,277,0,286,190,0,190,476
04/02/2016,FPR,FL,ASO,ES,Towers with Radar,0,2,59,0,61,0,2,93,0,95,0,4,152,0,156,217,0,217,373
04/03/2016,FPR,FL,ASO,ES,Towers with Radar,0,1,62,0,63,0,6,148,0,154,0,7,210,0,217,64,0,64,281
04/04/2016,FPR,FL,ASO,ES,Towers with Radar,0,0,88,0,88,0,0,227,0,227,0,0,315,0,315,270,0,270,585
04/05/2016,FPR,FL,ASO,ES,Towers with Radar,0,2,56,0,58,0,3,164,0,167,0,5,220,0,225,359,0,359,584
04/06/2016,FPR,FL,ASO,ES,Towers with Radar,0,0,43,0,43,0,2,132,0,134,0,2,175,0,177,251,0,251,428
04/07/2016,FPR,FL,ASO,ES,Towers with Radar,0,2,53,0,55,0,1,146,0,147,0,3,199,0,202,278,0,278,480
04/08/2016,FPR,FL,ASO,ES,Towers with Radar,0,2,53,0,55,0,7,190,0,197,0,9,243,0,252,352,0,352,604
04/09/2016,FPR,FL,ASO,ES,Towers with Radar,0,2,39,0,41,0,0,130,0,130,0,2,169,0,171,97,0,97,268
04/10/2016,FPR,FL,ASO,ES,Towers with Radar,0,4,55,0,59,0,0,150,0,150,0,4,205,0,209,104,0,104,313
04/11/2016,FPR,FL,ASO,ES,Towers with Radar,0,0,66,0,66,0,3,134,0,137,0,3,200,0,203,243,0,243,446
04/12/2016,FPR,FL,ASO,ES,Towers with Radar,0,0,42,0,42,0,9,192,0,201,0,9,234,0,243,339,0,339,582
04/13/2016,FPR,FL,ASO,ES,Towers with Radar,0,0,44,0,44,0,4,179,0,183,0,4,223,0,227,286,0,286,513
04/14/2016,FPR,FL,ASO,ES,Towers with Radar,0,3,65,0,68,0,0,150,0,150,0,3,215,0,218,287,0,287,505
04/15/2016,FPR,FL,ASO,ES,Towers with Radar,0,1,38,0,39,0,3,76,0,79,0,4,114,0,118,178,0,178,296
04/16/2016,FPR,FL,ASO,ES,Towers with Radar,0,0,61,0,61,0,0,68,0,68,0,0,129,0,129,74,0,74,203
04/17/2016,FPR,FL,ASO,ES,Towers with Radar,0,1,57,0,58,0,1,123,2,126,0,2,180,2,184,59,0,59,243
04/18/2016,FPR,FL,ASO,ES,Towers with Radar,0,6,85,0,91,0,9,122,0,131,0,15,207,0,222,310,0,310,532
04/19/2016,FPR,FL,ASO,ES,Towers with Radar,0,0,67,0,67,0,3,174,0,177,0,3,241,0,244,337,0,337,581
04/20/2016,FPR,FL,ASO,ES,Towers with Radar,0,1,76,0,77,0,3,165,0,168,0,4,241,0,245,340,0,340,585
04/21/2016,FPR,FL,ASO,ES,Towers with Radar,0,3,74,0,77,0,1,175,0,176,0,4,249,0,253,276,0,276,529
04/22/2016,FPR,FL,ASO,ES,Towers with Radar,0,3,75,0,78,0,2,165,0,167,0,5,240,0,245,186,0,186,431
04/23/2016,FPR,FL,ASO,ES,Towers with Radar,0,2,54,0,56,0,0,105,0,105,0,2,159,0,161,219,0,219,380
04/24/2016,FPR,FL,ASO,ES,Towers with Radar,0,0,65,0,65,0,3,144,0,147,0,3,209,0,212,149,0,149,361
04/25/2016,FPR,FL,ASO,ES,Towers with Radar,0,2,80,0,82,0,3,172,0,175,0,5,252,0,257,347,0,347,604
04/26/2016,FPR,FL,ASO,ES,Towers with Radar,0,1,62,0,63,0,0,189,0,189,0,1,251,0,252,396,0,396,648
04/27/2016,FPR,FL,ASO,ES,Towers with Radar,0,2,44,0,46,0,8,228,0,236,0,10,272,0,282,394,0,394,676
04/28/2016,FPR,FL,ASO,ES,Towers with Radar,0,4,82,0,86,0,3,244,0,247,0,7,326,0,333,335,0,335,668
04/29/2016,FPR,FL,ASO,ES,Towers with Radar,0,3,45,0,48,0,1,198,0,199,0,4,243,0,247,401,0,401,648
04/30/2016,FPR,FL,ASO,ES,Towers with Radar,0,4,48,0,52,0,4,158,0,162,0,8,206,0,214,246,0,246,460
05/01/2016,FPR,FL,ASO,ES,Towers with Radar,0,1,59,0,60,0,3,126,0,129,0,4,185,0,189,100,0,100,289
05/02/2016,FPR,FL,ASO,ES,Towers with Radar,0,2,41,0,43,0,5,134,0,139,0,7,175,0,182,233,0,233,415
05/03/2016,FPR,FL,ASO,ES,Towers with Radar,0,2,44,0,46,0,1,154,0,155,0,3,198,0,201,275,0,275,476
05/04/2016,FPR,FL,ASO,ES,Towers with Radar,0,0,31,0,31,0,0,37,0,37,0,0,68,0,68,71,0,71,139
05/05/2016,FPR,FL,ASO,ES,Towers with Radar,0,0,51,0,51,0,1,154,0,155,0,1,205,0,206,253,0,253,459
05/06/2016,FPR,FL,ASO,ES,Towers with Radar,0,3,46,0,49,0,4,179,0,183,0,7,225,0,232,200,0,200,432
05/07/2016,FPR,FL,ASO,ES,Towers with Radar,0,0,31,0,31,0,0,118,0,118,0,0,149,0,149,175,0,175,324
05/08/2016,FPR,FL,ASO,ES,Towers with Radar,0,2,28,0,30,0,4,106,0,110,0,6,134,0,140,101,0,101,241
05/09/2016,FPR,FL,ASO,ES,Towers with Radar,0,1,74,0,75,0,1,164,0,165,0,2,238,0,240,276,0,276,516
05/10/2016,FPR,FL,ASO,ES,Towers with Radar,0,2,60,4,66,0,3,193,0,196,0,5,253,4,262,316,0,316,578
05/11/2016,FPR,FL,ASO,ES,Towers with Radar,0,7,50,0,57,0,2,178,0,180,0,9,228,0,237,371,0,371,608
05/12/2016,FPR,FL,ASO,ES,Towers with Radar,0,0,72,0,72,0,3,174,1,178,0,3,246,1,250,282,0,282,532
05/13/2016,FPR,FL,ASO,ES,Towers with Radar,0,2,49,0,51,0,0,166,0,166,0,2,215,0,217,292,0,292,509
05/14/2016,FPR,FL,ASO,ES,Towers with Radar,0,0,36,0,36,0,2,129,0,131,0,2,165,0,167,227,0,227,394
05/15/2016,FPR,FL,ASO,ES,Towers with Radar,0,1,54,0,55,0,4,75,0,79,0,5,129,0,134,102,0,102,236
05/16/2016,FPR,FL,ASO,ES,Towers with Radar,0,0,48,0,48,0,6,172,0,178,0,6,220,0,226,241,0,241,467
05/17/2016,FPR,FL,ASO,ES,Towers with Radar,0,0,43,0,43,0,4,76,0,80,0,4,119,0,123,97,0,97,220
05/18/2016,FPR,FL,ASO,ES,Towers with Radar,0,1,35,0,36,0,1,119,0,120,0,2,154,0,156,142,0,142,298
05/19/2016,FPR,FL,ASO,ES,Towers with Radar,0,0,52,0,52,0,0,152,0,152,0,0,204,0,204,238,0,238,442
05/20/2016,FPR,FL,ASO,ES,Towers with Radar,0,1,51,0,52,0,0,140,0,140,0,1,191,0,192,213,0,213,405
05/21/2016,FPR,FL,ASO,ES,Towers with Radar,0,0,45,0,45,0,7,116,0,123,0,7,161,0,168,184,0,184,352
05/22/2016,FPR,FL,ASO,ES,Towers with Radar,0,0,46,0,46,0,6,116,0,122,0,6,162,0,168,140,0,140,308
05/23/2016,FPR,FL,ASO,ES,Towers with Radar,0,0,75,0,75,0,1,217,0,218,0,1,292,0,293,287,0,287,580
05/24/2016,FPR,FL,ASO,ES,Towers with Radar,0,1,100,0,101,0,1,138,1,140,0,2,238,1,241,163,0,163,404
05/25/2016,FPR,FL,ASO,ES,Towers with Radar,0,0,86,0,86,0,3,175,0,178,0,3,261,0,264,351,0,351,615
05/26/2016,FPR,FL,ASO,ES,Towers with Radar,0,2,85,0,87,0,0,158,0,158,0,2,243,0,245,317,0,317,562
05/27/2016,FPR,FL,ASO,ES,Towers with Radar,0,2,69,0,71,0,3,123,0,126,0,5,192,0,197,233,0,233,430
05/28/2016,FPR,FL,ASO,ES,Towers with Radar,0,0,92,0,92,0,4,185,0,189,0,4,277,0,281,219,0,219,500
05/29/2016,FPR,FL,ASO,ES,Towers with Radar,0,0,33,0,33,0,1,51,0,52,0,1,84,0,85,74,0,74,159
05/30/2016,FPR,FL,ASO,ES,Towers with Radar,0,5,50,0,55,0,1,81,0,82,0,6,131,0,137,14,0,14,151
05/31/2016,FPR,FL,ASO,ES,Towers with Radar,0,0,21,0,21,0,0,77,0,77,0,0,98,0,98,176,0,176,274
06/01/2016,FPR,FL,ASO,ES,Towers with Radar,0,4,59,0,63,0,1,174,0,175,0,5,233,0,238,324,0,324,562
06/02/2016,FPR,FL,ASO,ES,Towers with Radar,0,4,86,0,90,0,0,191,0,191,0,4,277,0,281,221,0,221,502
06/03/2016,FPR,FL,ASO,ES,Towers with Radar,0,7,53,0,60,0,2,139,1,142,0,9,192,1,202,252,0,252,454
06/04/2016,FPR,FL,ASO,ES,Towers with Radar,0,8,47,0,55,0,0,0,0,0,0,8,47,0,55,0,0,0,55
06/05/2016,FPR,FL,ASO,ES,Towers with Radar,0,6,37,0,43,0,3,4,0,7,0,9,41,0,50,0,0,0,50
06/06/2016,FPR,FL,ASO,ES,Towers with Radar,0,0,50,0,50,0,0,102,0,102,0,0,152,0,152,172,0,172,324
06/07/2016,FPR,FL,ASO,ES,Towers with Radar,0,0,40,0,40,0,0,91,0,91,0,0,131,0,131,124,0,124,255
06/08/2016,FPR,FL,ASO,ES,Towers with Radar,0,0,57,0,57,0,6,43,0,49,0,6,100,0,106,77,0,77,183
06/09/2016,FPR,FL,ASO,ES,Towers with Radar,0,1,84,0,85,0,0,95,0,95,0,1,179,0,180,118,0,118,298
06/10/2016,FPR,FL,ASO,ES,Towers with Radar,0,2,57,1,60,0,2,97,0,99,0,4,154,1,159,170,0,170,329
06/11/2016,FPR,FL,ASO,ES,Towers with Radar,0,0,82,0,82,0,5,92,0,97,0,5,174,0,179,243,0,243,422
06/12/2016,FPR,FL,ASO,ES,Towers with Radar,0,2,51,0,53,0,1,142,0,143,0,3,193,0,196,210,0,210,406
06/13/2016,FPR,FL,ASO,ES,Towers with Radar,0,4,63,1,68,0,2,190,1,193,0,6,253,2,261,340,0,340,601
06/14/2016,FPR,FL,ASO,ES,Towers with Radar,0,0,38,0,38,0,0,149,0,149,0,0,187,0,187,242,0,242,429
06/15/2016,FPR,FL,ASO,ES,Towers with Radar,0,2,61,0,63,0,0,136,0,136,0,2,197,0,199,243,0,243,442
06/16/2016,FPR,FL,ASO,ES,Towers with Radar,0,0,46,0,46,0,0,125,2,127,0,0,171,2,173,225,0,225,398
06/17/2016,FPR,FL,ASO,ES,Towers with Radar,0,0,33,0,33,0,1,102,0,103,0,1,135,0,136,148,0,148,284
06/18/2016,FPR,FL,ASO,ES,Towers with Radar,0,2,46,0,48,0,0,82,0,82,0,2,128,0,130,109,0,109,239
06/19/2016,FPR,FL,ASO,ES,Towers with Radar,0,7,51,0,58,0,1,79,0,80,0,8,130,0,138,43,0,43,181
06/20/2016,FPR,FL,ASO,ES,Towers with Radar,0,2,71,0,73,0,2,165,0,167,0,4,236,0,240,170,0,170,410
06/21/2016,FPR,FL,ASO,ES,Towers with Radar,0,4,79,1,84,0,1,168,0,169,0,5,247,1,253,223,0,223,476
06/22/2016,FPR,FL,ASO,ES,Towers with Radar,0,0,76,0,76,0,0,156,0,156,0,0,232,0,232,310,0,310,542
06/23/2016,FPR,FL,ASO,ES,Towers with Radar,0,1,105,0,106,0,1,193,0,194,0,2,298,0,300,292,0,292,592
06/24/2016,FPR,FL,ASO,ES,Towers with Radar,0,4,53,0,57,0,0,204,0,204,0,4,257,0,261,288,0,288,549
06/25/2016,FPR,FL,ASO,ES,Towers with Radar,0,4,43,0,47,0,1,109,0,110,0,5,152,0,157,209,0,209,366
06/26/2016,FPR,FL,ASO,ES,Towers with Radar,0,1,58,0,59,0,1,111,0,112,0,2,169,0,171,93,0,93,264
06/27/2016,FPR,FL,ASO,ES,Towers with Radar,0,0,58,0,58,0,0,142,1,143,0,0,200,1,201,308,0,308,509
06/28/2016,FPR,FL,ASO,ES,Towers with Radar,0,2,52,0,54,0,1,176,0,177,0,3,228,0,231,172,0,172,403
06/29/2016,FPR,FL,ASO,ES,Towers with Radar,0,0,42,0,42,0,0,132,0,132,0,0,174,0,174,145,0,145,319
06/30/2016,FPR,FL,ASO,ES,Towers with Radar,0,0,89,0,89,0,0,93,0,93,0,0,182,0,182,115,0,115,297
07/01/2016,FPR,FL,ASO,ES,Towers with Radar,0,0,69,0,69,0,2,115,0,117,0,2,184,0,186,205,0,205,391
07/02/2016,FPR,FL,ASO,ES,Towers with Radar,0,1,28,0,29,0,3,122,0,125,0,4,150,0,154,152,0,152,306
07/03/2016,FPR,FL,ASO,ES,Towers with Radar,0,0,23,0,23,0,1,75,0,76,0,1,98,0,99,109,0,109,208
07/04/2016,FPR,FL,ASO,ES,Towers with Radar,0,0,31,0,31,0,0,38,0,38,0,0,69,0,69,0,0,0,69
07/05/2016,FPR,FL,ASO,ES,Towers with Radar,0,0,90,0,90,0,8,135,0,143,0,8,225,0,233,194,0,194,427
07/06/2016,FPR,FL,ASO,ES,Towers with Radar,0,1,54,0,55,0,4,154,0,158,0,5,208,0,213,171,0,171,384
07/07/2016,FPR,FL,ASO,ES,Towers with Radar,0,0,63,0,63,0,8,199,0,207,0,8,262,0,270,191,0,191,461
07/08/2016,FPR,FL,ASO,ES,Towers with Radar,0,0,78,0,78,0,0,184,0,184,0,0,262,0,262,230,0,230,492
07/09/2016,FPR,FL,ASO,ES,Towers with Radar,0,0,53,0,53,0,2,171,0,173,0,2,224,0,226,159,0,159,385
07/10/2016,FPR,FL,ASO,ES,Towers with Radar,0,3,46,0,49,0,8,84,0,92,0,11,130,0,141,60,0,60,201
07/11/2016,FPR,FL,ASO,ES,Towers with Radar,0,0,55,0,55,0,3,135,0,138,0,3,190,0,193,246,0,246,439
07/12/2016,FPR,FL,ASO,ES,Towers with Radar,0,0,52,0,52,0,2,102,0,104,0,2,154,0,156,244,0,244,400
07/13/2016,FPR,FL,ASO,ES,Towers with Radar,0,2,35,0,37,0,1,139,0,140,0,3,174,0,177,273,0,273,450
07/14/2016,FPR,FL,ASO,ES,Towers with Radar,0,0,46,0,46,0,8,156,0,164,0,8,202,0,210,287,0,287,497
07/15/2016,FPR,FL,ASO,ES,Towers with Radar,0,2,48,0,50,0,2,176,0,178,0,4,224,0,228,283,0,283,511
07/16/2016,FPR,FL,ASO,ES,Towers with Radar,0,0,48,0,48,0,1,98,0,99,0,1,146,0,147,188,0,188,335
07/17/2016,FPR,FL,ASO,ES,Towers with Radar,0,1,67,0,68,0,10,97,0,107,0,11,164,0,175,65,0,65,240
07/18/2016,FPR,FL,ASO,ES,Towers with Radar,0,0,69,0,69,0,5,161,0,166,0,5,230,0,235,289,0,289,524
07/19/2016,FPR,FL,ASO,ES,Towers with Radar,0,0,60,0,60,0,2,134,0,136,0,2,194,0,196,353,0,353,549
07/20/2016,FPR,FL,ASO,ES,Towers with Radar,0,2,70,0,72,0,4,183,0,187,0,6,253,0,259,343,0,343,602
07/21/2016,FPR,FL,ASO,ES,Towers with Radar,0,2,60,0,62,0,4,162,0,166,0,6,222,0,228,326,0,326,554
07/22/2016,FPR,FL,ASO,ES,Towers with Radar,0,4,47,0,51,0,1,120,0,121,0,5,167,0,172,259,0,259,431
07/23/2016,FPR,FL,ASO,ES,Towers with Radar,0,5,58,0,63,0,7,140,0,147,0,12,198,0,210,204,0,204,414
07/24/2016,FPR,FL,ASO,ES,Towers with Radar,0,1,43,0,44,0,1,125,0,126,0,2,168,0,170,101,0,101,271
07/25/2016,FPR,FL,ASO,ES,Towers with Radar,0,3,34,0,37,0,5,197,0,202,0,8,231,0,239,442,0,442,681
07/26/2016,FPR,FL,ASO,ES,Towers with Radar,0,1,54,0,55,0,7,162,0,169,0,8,216,0,224,437,0,437,661
07/27/2016,FPR,FL,ASO,ES,Towers with Radar,0,5,76,0,81,0,2,144,1,147,0,7,220,1,228,307,0,307,535
07/28/2016,FPR,FL,ASO,ES,Towers with Radar,0,3,86,0,89,0,2,124,0,126,0,5,210,0,215,238,0,238,453
07/29/2016,FPR,FL,ASO,ES,Towers with Radar,0,0,65,0,65,0,3,169,0,172,0,3,234,0,237,242,0,242,479
07/30/2016,FPR,FL,ASO,ES,Towers with Radar,0,2,49,0,51,0,5,141,0,146,0,7,190,0,197,279,0,279,476
07/31/2016,FPR,FL,ASO,ES,Towers with Radar,0,0,37,0,37,0,5,86,0,91,0,5,123,0,128,133,0,133,261
08/01/2016,FPR,FL,ASO,ES,Towers with Radar,0,1,71,0,72,0,3,160,0,163,0,4,231,0,235,330,0,330,565
08/02/2016,FPR,FL,ASO,ES,Towers with Radar,0,3,71,0,74,0,10,119,0,129,0,13,190,0,203,342,0,342,545
08/03/2016,FPR,FL,ASO,ES,Towers with Radar,0,0,62,0,62,0,3,137,1,141,0,3,199,1,203,315,0,315,518
08/04/2016,FPR,FL,ASO,ES,Towers with Radar,0,1,52,0,53,0,6,112,0,118,0,7,164,0,171,390,0,390,561
08/05/2016,FPR,FL,ASO,ES,Towers with Radar,0,3,60,0,63,0,1,144,0,145,0,4,204,0,208,402,0,402,610
08/06/2016,FPR,FL,ASO,ES,Towers with Radar,0,2,42,0,44,0,2,115,0,117,0,4,157,0,161,265,0,265,426
08/07/2016,FPR,FL,ASO,ES,Towers with Radar,0,2,49,0,51,0,0,68,0,68,0,2,117,0,119,29,0,29,148
08/08/2016,FPR,FL,ASO,ES,Towers with Radar,0,2,48,0,50,0,0,75,0,75,0,2,123,0,125,307,0,307,432
08/09/2016,FPR,FL,ASO,ES,Towers with Radar,0,0,53,0,53,0,2,116,0,118,0,2,169,0,171,427,0,427,598
08/10/2016,FPR,FL,ASO,ES,Towers with Radar,0,4,79,0,83,0,1,129,0,130,0,5,208,0,213,316,0,316,529
08/11/2016,FPR,FL,ASO,ES,Towers with Radar,0,0,58,0,58,0,2,168,0,170,0,2,226,0,228,404,0,404,632
08/12/2016,FPR,FL,ASO,ES,Towers with Radar,0,0,49,0,49,0,5,161,0,166,0,5,210,0,215,285,0,285,500
08/13/2016,FPR,FL,ASO,ES,Towers with Radar,0,0,54,0,54,0,2,129,0,131,0,2,183,0,185,202,0,202,387
08/14/2016,FPR,FL,ASO,ES,Towers with Radar,0,0,33,0,33,0,6,62,0,68,0,6,95,0,101,115,0,115,216
08/15/2016,FPR,FL,ASO,ES,Towers with Radar,0,0,49,0,49,0,4,149,0,153,0,4,198,0,202,400,0,400,602
08/16/2016,FPR,FL,ASO,ES,Towers with Radar,0,0,80,0,80,0,0,170,0,170,0,0,250,0,250,326,0,326,576
08/17/2016,FPR,FL,ASO,ES,Towers with Radar,0,0,104,0,104,0,1,133,0,134,0,1,237,0,238,307,0,307,545
08/18/2016,FPR,FL,ASO,ES,Towers with Radar,0,1,80,0,81,0,11,137,0,148,0,12,217,0,229,279,0,279,508
08/19/2016,FPR,FL,ASO,ES,Towers with Radar,0,0,88,0,88,0,2,195,0,197,0,2,283,0,285,322,0,322,607
08/20/2016,FPR,FL,ASO,ES,Towers with Radar,0,5,63,0,68,0,2,152,0,154,0,7,215,0,222,189,0,189,411
08/21/2016,FPR,FL,ASO,ES,Towers with Radar,0,0,22,0,22,0,0,97,0,97,0,0,119,0,119,180,0,180,299
08/22/2016,FPR,FL,ASO,ES,Towers with Radar,0,1,66,0,67,0,0,182,1,183,0,1,248,1,250,406,0,406,656
08/23/2016,FPR,FL,ASO,ES,Towers with Radar,0,4,93,0,97,0,0,141,0,141,0,4,234,0,238,354,0,354,592
08/24/2016,FPR,FL,ASO,ES,Towers with Radar,0,1,35,0,36,0,0,72,0,72,0,1,107,0,108,157,0,157,265
08/25/2016,FPR,FL,ASO,ES,Towers with Radar,0,1,78,0,79,0,4,102,0,106,0,5,180,0,185,130,0,130,315
08/26/2016,FPR,FL,ASO,ES,Towers with Radar,0,0,92,0,92,0,12,108,0,120,0,12,200,0,212,227,0,227,439
08/27/2016,FPR,FL,ASO,ES,Towers with Radar,0,1,31,0,32,0,0,71,0,71,0,1,102,0,103,184,0,184,287
08/28/2016,FPR,FL,ASO,ES,Towers with Radar,0,0,22,0,22,0,2,61,0,63,0,2,83,0,85,60,0,60,145
08/29/2016,FPR,FL,ASO,ES,Towers with Radar,0,0,71,0,71,0,0,67,0,67,0,0,138,0,138,138,0,138,276
08/30/2016,FPR,FL,ASO,ES,Towers with Radar,0,0,70,0,70,0,3,99,0,102,0,3,169,0,172,182,0,182,354
08/31/2016,FPR,FL,ASO,ES,Towers with Radar,0,0,50,0,50,0,3,139,0,142,0,3,189,0,192,225,0,225,417
09/01/2016,FPR,FL,ASO,ES,Towers with Radar,0,0,87,0,87,0,1,184,0,185,0,1,271,0,272,208,0,208,480
09/02/2016,FPR,FL,ASO,ES,Towers with Radar,0,0,39,0,39,0,6,127,0,133,0,6,166,0,172,192,0,192,364
09/03/2016,FPR,FL,ASO,ES,Towers with Radar,0,0,58,0,58,0,3,162,0,165,0,3,220,0,223,238,0,238,461
09/04/2016,FPR,FL,ASO,ES,Towers with Radar,0,0,80,0,80,0,2,155,0,157,0,2,235,0,237,147,0,147,384
09/05/2016,FPR,FL,ASO,ES,Towers with Radar,0,0,37,0,37,0,4,42,0,46,0,4,79,0,83,24,0,24,107
09/06/2016,FPR,FL,ASO,ES,Towers with Radar,0,3,85,0,88,0,0,141,0,141,0,3,226,0,229,251,0,251,480
09/07/2016,FPR,FL,ASO,ES,Towers with Radar,0,0,137,0,137,0,0,180,0,180,0,0,317,0,317,251,0,251,568
09/08/2016,FPR,FL,ASO,ES,Towers with Radar,0,1,106,0,107,0,10,147,0,157,0,11,253,0,264,213,0,213,477
09/09/2016,FPR,FL,ASO,ES,Towers with Radar,0,0,92,0,92,0,1,167,0,168,0,1,259,0,260,187,0,187,447
09/10/2016,FPR,FL,ASO,ES,Towers with Radar,0,0,82,0,82,0,4,160,0,164,0,4,242,0,246,268,0,268,514
09/11/2016,FPR,FL,ASO,ES,Towers with Radar,0,1,33,0,34,0,4,45,0,49,0,5,78,0,83,25,0,25,108
09/12/2016,FPR,FL,ASO,ES,Towers with Radar,0,0,75,4,79,0,4,130,0,134,0,4,205,4,213,223,0,223,436
09/13/2016,FPR,FL,ASO,ES,Towers with Radar,0,1,64,0,65,0,2,58,0,60,0,3,122,0,125,76,0,76,201
09/14/2016,FPR,FL,ASO,ES,Towers with Radar,0,3,106,0,109,0,1,126,0,127,0,4,232,0,236,172,0,172,408
09/15/2016,FPR,FL,ASO,ES,Towers with Radar,0,0,78,0,78,0,3,169,0,172,0,3,247,0,250,283,0,283,533
09/16/2016,FPR,FL,ASO,ES,Towers with Radar,0,2,87,0,89,0,0,136,0,136,0,2,223,0,225,241,0,241,466
09/17/2016,FPR,FL,ASO,ES,Towers with Radar,0,0,54,0,54,0,4,115,0,119,0,4,169,0,173,235,0,235,408
09/18/2016,FPR,FL,ASO,ES,Towers with Radar,0,0,46,0,46,0,6,130,0,136,0,6,176,0,182,114,0,114,296
09/19/2016,FPR,FL,ASO,ES,Towers with Radar,0,0,56,0,56,0,3,108,1,112,0,3,164,1,168,178,0,178,346
09/20/2016,FPR,FL,ASO,ES,Towers with Radar,0,3,70,0,73,0,3,182,0,185,0,6,252,0,258,338,0,338,596
09/21/2016,FPR,FL,ASO,ES,Towers with Radar,0,1,138,0,139,0,0,148,0,148,0,1,286,0,287,260,0,260,547
09/22/2016,FPR,FL,ASO,ES,Towers with Radar,0,0,72,0,72,0,1,130,0,131,0,1,202,0,203,278,0,278,481
09/23/2016,FPR,FL,ASO,ES,Towers with Radar,0,0,79,0,79,0,3,181,0,184,0,3,260,0,263,351,0,351,614
09/24/2016,FPR,FL,ASO,ES,Towers with Radar,0,0,51,0,51,0,3,147,0,150,0,3,198,0,201,254,0,254,455
09/25/2016,FPR,FL,ASO,ES,Towers with Radar,0,0,37,0,37,0,4,110,1,115,0,4,147,1,152,103,0,103,255
09/26/2016,FPR,FL,ASO,ES,Towers with Radar,0,0,81,0,81,0,9,156,0,165,0,9,237,0,246,343,0,343,589
09/27/2016,FPR,FL,ASO,ES,Towers with Radar,0,4,56,0,60,0,4,156,0,160,0,8,212,0,220,266,0,266,486
09/28/2016,FPR,FL,ASO,ES,Towers with Radar,0,2,54,0,56,0,2,144,0,146,0,4,198,0,202,217,0,217,419
09/29/2016,FPR,FL,ASO,ES,Towers with Radar,0,0,53,0,53,0,4,115,0,119,0,4,168,0,172,304,0,304,476
09/30/2016,FPR,FL,ASO,ES,Towers with Radar,0,0,96,0,96,0,4,138,0,142,0,4,234,0,238,315,0,315,553
10/01/2016,FPR,FL,ASO,ES,Towers with Radar,0,2,80,0,82,0,0,139,0,139,0,2,219,0,221,277,0,277,498
10/02/2016,FPR,FL,ASO,ES,Towers with Radar,0,1,34,0,35,0,0,61,0,61,0,1,95,0,96,48,0,48,144
10/03/2016,FPR,FL,ASO,ES,Towers with Radar,0,0,39,0,39,0,0,113,0,113,0,0,152,0,152,164,0,164,316
10/04/2016,FPR,FL,ASO,ES,Towers with Radar,0,0,75,0,75,0,5,183,0,188,0,5,258,0,263,271,0,271,534
10/05/2016,FPR,FL,ASO,ES,Towers with Radar,0,1,42,0,43,0,1,25,0,26,0,2,67,0,69,7,0,7,76
10/06/2016,FPR,FL,ASO,ES,Towers with Radar,0,2,4,0,6,0,1,2,0,3,0,3,6,0,9,0,0,0,9
10/07/2016,FPR,FL,ASO,ES,Towers with Radar,0,0,0,0,0,0,0,0,0,0,0,0,0,0,0,0,0,0,0
10/08/2016,FPR,FL,ASO,ES,Towers with Radar,0,2,15,0,17,0,1,19,0,20,0,3,34,0,37,29,0,29,66
10/09/2016,FPR,FL,ASO,ES,Towers with Radar,0,0,10,0,10,0,6,33,0,39,0,6,43,0,49,18,0,18,67
10/10/2016,FPR,FL,ASO,ES,Towers with Radar,0,0,62,0,62,0,3,147,0,150,0,3,209,0,212,156,0,156,368
10/11/2016,FPR,FL,ASO,ES,Towers with Radar,0,2,95,0,97,0,1,140,0,141,0,3,235,0,238,156,0,156,394
10/12/2016,FPR,FL,ASO,ES,Towers with Radar,0,2,77,0,79,0,2,117,0,119,0,4,194,0,198,74,0,74,272
10/13/2016,FPR,FL,ASO,ES,Towers with Radar,0,0,79,0,79,0,5,173,0,178,0,5,252,0,257,251,0,251,508
10/14/2016,FPR,FL,ASO,ES,Towers with Radar,0,1,83,0,84,0,0,200,0,200,0,1,283,0,284,294,0,294,578
10/15/2016,FPR,FL,ASO,ES,Towers with Radar,0,1,97,0,98,0,7,176,0,183,0,8,273,0,281,362,0,362,643
10/16/2016,FPR,FL,ASO,ES,Towers with Radar,0,1,48,0,49,0,3,91,0,94,0,4,139,0,143,135,0,135,278
10/17/2016,FPR,FL,ASO,ES,Towers with Radar,0,0,74,0,74,0,5,195,0,200,0,5,269,0,274,358,0,358,632
10/18/2016,FPR,FL,ASO,ES,Towers with Radar,0,1,93,0,94,0,3,200,0,203,0,4,293,0,297,240,0,240,537
10/19/2016,FPR,FL,ASO,ES,Towers with Radar,0,0,105,0,105,0,7,162,0,169,0,7,267,0,274,285,0,285,559
10/20/2016,FPR,FL,ASO,ES,Towers with Radar,0,1,116,0,117,0,3,167,0,170,0,4,283,0,287,299,0,299,586
10/21/2016,FPR,FL,ASO,ES,Towers with Radar,0,1,44,0,45,0,5,187,0,192,0,6,231,0,237,283,0,283,520
10/22/2016,FPR,FL,ASO,ES,Towers with Radar,0,2,17,0,19,0,7,194,0,201,0,9,211,0,220,300,0,300,520
10/23/2016,FPR,FL,ASO,ES,Towers with Radar,0,1,27,0,28,0,2,129,0,131,0,3,156,0,159,225,0,225,384
10/24/2016,FPR,FL,ASO,ES,Towers with Radar,0,2,49,0,51,0,3,140,2,145,0,5,189,2,196,294,0,294,490
10/25/2016,FPR,FL,ASO,ES,Towers with Radar,0,0,92,1,93,0,2,158,0,160,0,2,250,1,253,386,0,386,639
10/26/2016,FPR,FL,ASO,ES,Towers with Radar,0,0,69,0,69,0,2,180,0,182,0,2,249,0,251,269,0,269,520
10/27/2016,FPR,FL,ASO,ES,Towers with Radar,0,0,94,0,94,0,3,172,0,175,0,3,266,0,269,189,0,189,458
10/28/2016,FPR,FL,ASO,ES,Towers with Radar,0,0,55,0,55,0,6,158,0,164,0,6,213,0,219,273,0,273,492
10/29/2016,FPR,FL,ASO,ES,Towers with Radar,0,0,34,0,34,0,1,99,0,100,0,1,133,0,134,90,0,90,224
10/30/2016,FPR,FL,ASO,ES,Towers with Radar,0,2,42,0,44,0,10,83,0,93,0,12,125,0,137,103,0,103,240
10/31/2016,FPR,FL,ASO,ES,Towers with Radar,0,1,83,0,84,0,3,152,0,155,0,4,235,0,239,354,0,354,593
11/01/2016,FPR,FL,ASO,ES,Towers with Radar,0,6,78,0,84,0,1,177,2,180,0,7,255,2,264,419,0,419,683
11/02/2016,FPR,FL,ASO,ES,Towers with Radar,0,0,96,0,96,0,1,158,0,159,0,1,254,0,255,374,0,374,629
11/03/2016,FPR,FL,ASO,ES,Towers with Radar,0,2,99,0,101,0,8,258,30,296,0,10,357,30,397,425,0,425,822
11/04/2016,FPR,FL,ASO,ES,Towers with Radar,0,0,60,0,60,0,13,217,2,232,0,13,277,2,292,292,0,292,584
11/05/2016,FPR,FL,ASO,ES,Towers with Radar,0,0,61,0,61,0,8,144,0,152,0,8,205,0,213,89,0,89,302
11/06/2016,FPR,FL,ASO,ES,Towers with Radar,0,3,45,0,48,0,6,158,0,164,0,9,203,0,212,170,0,170,382
11/07/2016,FPR,FL,ASO,ES,Towers with Radar,0,2,89,2,93,0,9,213,1,223,0,11,302,3,316,317,0,317,633
11/08/2016,FPR,FL,ASO,ES,Towers with Radar,0,4,39,2,45,0,2,207,2,211,0,6,246,4,256,352,0,352,608
11/09/2016,FPR,FL,ASO,ES,Towers with Radar,0,3,63,0,66,0,4,215,0,219,0,7,278,0,285,434,0,434,719
11/10/2016,FPR,FL,ASO,ES,Towers with Radar,0,2,64,0,66,0,1,217,0,218,0,3,281,0,284,270,0,270,554
11/11/2016,FPR,FL,ASO,ES,Towers with Radar,0,5,74,0,79,0,11,324,0,335,0,16,398,0,414,371,0,371,785
11/12/2016,FPR,FL,ASO,ES,Towers with Radar,0,0,51,0,51,0,0,181,0,181,0,0,232,0,232,250,0,250,482
11/13/2016,FPR,FL,ASO,ES,Towers with Radar,0,0,72,0,72,0,4,196,0,200,0,4,268,0,272,138,0,138,410
11/14/2016,FPR,FL,ASO,ES,Towers with Radar,0,0,40,0,40,0,6,161,0,167,0,6,201,0,207,356,0,356,563
11/15/2016,FPR,FL,ASO,ES,Towers with Radar,0,0,35,0,35,0,8,226,0,234,0,8,261,0,269,317,0,317,586
11/16/2016,FPR,FL,ASO,ES,Towers with Radar,0,6,39,0,45,0,5,219,0,224,0,11,258,0,269,277,0,277,546
11/17/2016,FPR,FL,ASO,ES,Towers with Radar,0,2,40,0,42,0,5,225,0,230,0,7,265,0,272,143,0,143,415
11/18/2016,FPR,FL,ASO,ES,Towers with Radar,0,8,95,0,103,0,9,237,0,246,0,17,332,0,349,352,0,352,701
11/19/2016,FPR,FL,ASO,ES,Towers with Radar,0,5,63,0,68,0,11,154,0,165,0,16,217,0,233,169,0,169,402
11/20/2016,FPR,FL,ASO,ES,Towers with Radar,0,1,42,0,43,0,10,150,0,160,0,11,192,0,203,101,0,101,304
11/21/2016,FPR,FL,ASO,ES,Towers with Radar,0,0,43,0,43,0,5,227,0,232,0,5,270,0,275,363,0,363,638
11/22/2016,FPR,FL,ASO,ES,Towers with Radar,0,2,68,0,70,0,0,257,0,257,0,2,325,0,327,400,0,400,727
11/23/2016,FPR,FL,ASO,ES,Towers with Radar,0,2,74,0,76,0,7,238,0,245,0,9,312,0,321,331,0,331,652
11/24/2016,FPR,FL,ASO,ES,Towers with Radar,0,0,7,0,7,0,5,31,0,36,0,5,38,0,43,67,0,67,110
11/25/2016,FPR,FL,ASO,ES,Towers with Radar,0,4,39,0,43,0,6,212,0,218,0,10,251,0,261,352,0,352,613
11/26/2016,FPR,FL,ASO,ES,Towers with Radar,0,0,46,0,46,0,3,221,0,224,0,3,267,0,270,180,0,180,450
11/27/2016,FPR,FL,ASO,ES,Towers with Radar,0,4,77,0,81,0,3,200,0,203,0,7,277,0,284,127,0,127,411
11/28/2016,FPR,FL,ASO,ES,Towers with Radar,0,2,61,2,65,0,6,171,0,177,0,8,232,2,242,236,0,236,478
11/29/2016,FPR,FL,ASO,ES,Towers with Radar,0,1,53,0,54,0,0,225,0,225,0,1,278,0,279,187,0,187,466
11/30/2016,FPR,FL,ASO,ES,Towers with Radar,0,3,70,0,73,0,9,249,0,258,0,12,319,0,331,177,0,177,508
12/01/2016,FPR,FL,ASO,ES,Towers with Radar,0,6,43,0,49,0,1,177,0,178,0,7,220,0,227,246,0,246,473
12/02/2016,FPR,FL,ASO,ES,Towers with Radar,0,5,47,0,52,0,7,196,0,203,0,12,243,0,255,241,0,241,496
12/03/2016,FPR,FL,ASO,ES,Towers with Radar,0,8,46,0,54,0,2,170,0,172,0,10,216,0,226,412,0,412,638
12/04/2016,FPR,FL,ASO,ES,Towers with Radar,0,0,42,0,42,0,4,125,0,129,0,4,167,0,171,133,0,133,304
12/05/2016,FPR,FL,ASO,ES,Towers with Radar,0,2,93,0,95,0,0,188,0,188,0,2,281,0,283,229,0,229,512
12/06/2016,FPR,FL,ASO,ES,Towers with Radar,0,0,44,0,44,0,0,90,0,90,0,0,134,0,134,42,0,42,176
12/07/2016,FPR,FL,ASO,ES,Towers with Radar,0,4,53,0,57,0,5,198,0,203,0,9,251,0,260,399,0,399,659
12/08/2016,FPR,FL,ASO,ES,Towers with Radar,0,4,49,0,53,0,7,234,0,241,0,11,283,0,294,282,0,282,576
12/09/2016,FPR,FL,ASO,ES,Towers with Radar,0,2,60,0,62,0,4,180,0,184,0,6,240,0,246,117,0,117,363
12/10/2016,FPR,FL,ASO,ES,Towers with Radar,0,6,51,0,57,0,2,119,0,121,0,8,170,0,178,128,0,128,306
12/11/2016,FPR,FL,ASO,ES,Towers with Radar,0,3,65,0,68,0,4,97,0,101,0,7,162,0,169,97,0,97,266
12/12/2016,FPR,FL,ASO,ES,Towers with Radar,0,3,59,0,62,0,0,163,0,163,0,3,222,0,225,344,0,344,569
12/13/2016,FPR,FL,ASO,ES,Towers with Radar,0,7,45,0,52,0,4,191,0,195,0,11,236,0,247,399,0,399,646
12/14/2016,FPR,FL,ASO,ES,Towers with Radar,0,5,52,0,57,0,7,228,0,235,0,12,280,0,292,382,0,382,674
12/15/2016,FPR,FL,ASO,ES,Towers with Radar,0,5,49,0,54,0,2,112,0,114,0,7,161,0,168,153,0,153,321
12/16/2016,FPR,FL,ASO,ES,Towers with Radar,0,0,77,0,77,0,8,163,0,171,0,8,240,0,248,282,0,282,530
12/17/2016,FPR,FL,ASO,ES,Towers with Radar,0,6,40,0,46,0,5,202,0,207,0,11,242,0,253,167,0,167,420
12/18/2016,FPR,FL,ASO,ES,Towers with Radar,0,1,42,0,43,0,1,108,0,109,0,2,150,0,152,111,0,111,263
12/19/2016,FPR,FL,ASO,ES,Towers with Radar,0,2,46,0,48,0,2,169,0,171,0,4,215,0,219,208,0,208,427
12/20/2016,FPR,FL,ASO,ES,Towers with Radar,0,1,44,0,45,0,0,76,0,76,0,1,120,0,121,18,0,18,139
12/21/2016,FPR,FL,ASO,ES,Towers with Radar,0,0,56,0,56,0,10,35,0,45,0,10,91,0,101,76,0,76,177
12/22/2016,FPR,FL,ASO,ES,Towers with Radar,0,0,35,0,35,0,0,109,0,109,0,0,144,0,144,130,0,130,274
12/23/2016,FPR,FL,ASO,ES,Towers with Radar,0,1,61,0,62,0,4,155,0,159,0,5,216,0,221,85,0,85,306
12/24/2016,FPR,FL,ASO,ES,Towers with Radar,0,0,27,0,27,0,4,52,0,56,0,4,79,0,83,1,0,1,84
12/25/2016,FPR,FL,ASO,ES,Towers with Radar,0,0,7,0,7,0,4,9,0,13,0,4,16,0,20,0,0,0,20
12/26/2016,FPR,FL,ASO,ES,Towers with Radar,0,4,61,0,65,0,1,58,0,59,0,5,119,0,124,8,0,8,132
12/27/2016,FPR,FL,ASO,ES,Towers with Radar,0,8,63,0,71,0,8,61,0,69,0,16,124,0,140,46,0,46,186
12/28/2016,FPR,FL,ASO,ES,Towers with Radar,0,0,38,0,38,0,15,69,0,84,0,15,107,0,122,13,0,13,135
12/29/2016,FPR,FL,ASO,ES,Towers with Radar,0,2,37,0,39,0,1,73,0,74,0,3,110,0,113,32,0,32,145
12/30/2016,FPR,FL,ASO,ES,Towers with Radar,0,0,34,0,34,0,9,70,0,79,0,9,104,0,113,3,0,3,116
12/31/2016,FPR,FL,ASO,ES,Towers with Radar,0,2,46,0,48,0,2,58,0,60,0,4,104,0,108,3,0,3,111
01/01/2017,FPR,FL,ASO,ES,Towers with Radar,0,0,48,0,48,0,1,72,0,73,0,1,120,0,121,0,0,0,121
01/02/2017,FPR,FL,ASO,ES,Towers with Radar,0,10,87,0,97,0,5,56,0,61,0,15,143,0,158,7,0,7,165
01/03/2017,FPR,FL,ASO,ES,Towers with Radar,0,10,68,0,78,0,5,132,0,137,0,15,200,0,215,59,0,59,274
01/04/2017,FPR,FL,ASO,ES,Towers with Radar,0,4,59,0,63,0,4,65,0,69,0,8,124,0,132,66,0,66,198
01/05/2017,FPR,FL,ASO,ES,Towers with Radar,0,1,62,0,63,0,6,201,0,207,0,7,263,0,270,227,0,227,497
01/06/2017,FPR,FL,ASO,ES,Towers with Radar,0,3,65,0,68,0,0,179,0,179,0,3,244,0,247,236,0,236,483
01/07/2017,FPR,FL,ASO,ES,Towers with Radar,0,2,15,0,17,0,0,11,0,11,0,2,26,0,28,16,0,16,44
01/08/2017,FPR,FL,ASO,ES,Towers with Radar,0,0,40,0,40,0,0,64,0,64,0,0,104,0,104,31,0,31,135
01/09/2017,FPR,FL,ASO,ES,Towers with Radar,0,2,52,0,54,0,4,191,0,195,0,6,243,0,249,166,0,166,415
01/10/2017,FPR,FL,ASO,ES,Towers with Radar,0,12,77,0,89,0,7,118,0,125,0,19,195,0,214,95,0,95,309
01/11/2017,FPR,FL,ASO,ES,Towers with Radar,0,1,39,0,40,0,7,256,0,263,0,8,295,0,303,144,0,144,447
01/12/2017,FPR,FL,ASO,ES,Towers with Radar,0,8,57,0,65,0,5,225,0,230,0,13,282,0,295,233,0,233,528
01/13/2017,FPR,FL,ASO,ES,Towers with Radar,0,13,72,1,86,0,8,173,0,181,0,21,245,1,267,193,0,193,460
01/14/2017,FPR,FL,ASO,ES,Towers with Radar,0,9,31,0,40,0,2,167,0,169,0,11,198,0,209,246,0,246,455
01/15/2017,FPR,FL,ASO,ES,Towers with Radar,0,1,42,1,44,0,1,161,0,162,0,2,203,1,206,124,0,124,330
01/16/2017,FPR,FL,ASO,ES,Towers with Radar,0,2,72,0,74,0,3,224,0,227,0,5,296,0,301,321,0,321,622
01/17/2017,FPR,FL,ASO,ES,Towers with Radar,0,1,48,0,49,0,8,247,0,255,0,9,295,0,304,188,0,188,492
01/18/2017,FPR,FL,ASO,ES,Towers with Radar,0,2,34,0,36,0,3,212,0,215,0,5,246,0,251,163,0,163,414
01/19/2017,FPR,FL,ASO,ES,Towers with Radar,0,2,47,0,49,0,6,183,0,189,0,8,230,0,238,352,0,352,590
01/20/2017,FPR,FL,ASO,ES,Towers with Radar,0,2,38,0,40,0,2,223,0,225,0,4,261,0,265,278,0,278,543
01/21/2017,FPR,FL,ASO,ES,Towers with Radar,0,2,48,0,50,0,5,194,0,199,0,7,242,0,249,114,0,114,363
01/22/2017,FPR,FL,ASO,ES,Towers with Radar,0,2,31,1,34,0,3,31,1,35,0,5,62,2,69,39,0,39,108
01/23/2017,FPR,FL,ASO,ES,Towers with Radar,0,0,27,0,27,0,0,34,0,34,0,0,61,0,61,33,0,33,94
01/24/2017,FPR,FL,ASO,ES,Towers with Radar,0,0,46,0,46,0,1,213,0,214,0,1,259,0,260,293,0,293,553
01/25/2017,FPR,FL,ASO,ES,Towers with Radar,0,2,63,0,65,0,1,188,0,189,0,3,251,0,254,298,0,298,552
01/26/2017,FPR,FL,ASO,ES,Towers with Radar,0,2,69,0,71,0,3,195,0,198,0,5,264,0,269,189,0,189,458
01/27/2017,FPR,FL,ASO,ES,Towers with Radar,0,2,57,0,59,0,6,146,0,152,0,8,203,0,211,268,0,268,479
01/28/2017,FPR,FL,ASO,ES,Towers with Radar,0,1,26,0,27,0,6,217,0,223,0,7,243,0,250,236,0,236,486
01/29/2017,FPR,FL,ASO,ES,Towers with Radar,0,1,55,0,56,0,0,48,0,48,0,1,103,0,104,44,0,44,148
01/30/2017,FPR,FL,ASO,ES,Towers with Radar,0,0,52,0,52,0,11,186,0,197,0,11,238,0,249,355,0,355,604
01/31/2017,FPR,FL,ASO,ES,Towers with Radar,0,3,70,0,73,0,3,224,0,227,0,6,294,0,300,374,0,374,674
02/01/2017,FPR,FL,ASO,ES,Towers with Radar,0,3,63,0,66,0,5,177,0,182,0,8,240,0,248,333,0,333,581
02/02/2017,FPR,FL,ASO,ES,Towers with Radar,0,0,81,0,81,0,5,232,0,237,0,5,313,0,318,321,0,321,639
02/03/2017,FPR,FL,ASO,ES,Towers with Radar,0,3,85,0,88,0,5,234,0,239,0,8,319,0,327,339,0,339,666
02/04/2017,FPR,FL,ASO,ES,Towers with Radar,0,5,79,0,84,0,12,196,0,208,0,17,275,0,292,146,0,146,438
02/05/2017,FPR,FL,ASO,ES,Towers with Radar,0,0,53,0,53,0,9,123,0,132,0,9,176,0,185,71,0,71,256
02/06/2017,FPR,FL,ASO,ES,Towers with Radar,0,0,85,0,85,0,4,233,0,237,0,4,318,0,322,269,0,269,591
02/07/2017,FPR,FL,ASO,ES,Towers with Radar,0,4,83,0,87,0,1,213,0,214,0,5,296,0,301,265,0,265,566
02/08/2017,FPR,FL,ASO,ES,Towers with Radar,0,8,56,0,64,0,7,176,0,183,0,15,232,0,247,260,0,260,507
02/09/2017,FPR,FL,ASO,ES,Towers with Radar,0,1,71,0,72,0,4,154,0,158,0,5,225,0,230,153,0,153,383
02/10/2017,FPR,FL,ASO,ES,Towers with Radar,0,10,58,0,68,0,5,228,0,233,0,15,286,0,301,235,0,235,536
02/11/2017,FPR,FL,ASO,ES,Towers with Radar,0,0,78,0,78,0,2,197,1,200,0,2,275,1,278,307,0,307,585
02/12/2017,FPR,FL,ASO,ES,Towers with Radar,0,4,59,0,63,0,1,138,5,144,0,5,197,5,207,149,0,149,356
02/13/2017,FPR,FL,ASO,ES,Towers with Radar,0,2,87,0,89,0,2,132,0,134,0,4,219,0,223,189,0,189,412
02/14/2017,FPR,FL,ASO,ES,Towers with Radar,0,2,55,0,57,0,1,138,0,139,0,3,193,0,196,374,0,374,570
02/15/2017,FPR,FL,ASO,ES,Towers with Radar,0,1,24,0,25,0,0,37,0,37,0,1,61,0,62,57,0,57,119
02/16/2017,FPR,FL,ASO,ES,Towers with Radar,0,9,73,0,82,0,1,197,0,198,0,10,270,0,280,282,0,282,562
02/17/2017,FPR,FL,ASO,ES,Towers with Radar,0,4,101,0,105,0,7,226,0,233,0,11,327,0,338,312,0,312,650
02/18/2017,FPR,FL,ASO,ES,Towers with Radar,0,6,66,0,72,0,3,116,2,121,0,9,182,2,193,126,2,128,321
02/19/2017,FPR,FL,ASO,ES,Towers with Radar,0,0,65,0,65,0,3,63,0,66,0,3,128,0,131,65,0,65,196
02/20/2017,FPR,FL,ASO,ES,Towers with Radar,0,3,109,0,112,0,11,280,0,291,0,14,389,0,403,450,0,450,853
02/21/2017,FPR,FL,ASO,ES,Towers with Radar,0,1,78,0,79,0,4,197,0,201,0,5,275,0,280,366,0,366,646
02/22/2017,FPR,FL,ASO,ES,Towers with Radar,0,4,44,0,48,0,1,16,0,17,0,5,60,0,65,18,0,18,83
02/23/2017,FPR,FL,ASO,ES,Towers with Radar,0,6,64,0,70,0,5,132,0,137,0,11,196,0,207,189,0,189,396
02/24/2017,FPR,FL,ASO,ES,Towers with Radar,0,5,77,0,82,0,4,188,0,192,0,9,265,0,274,206,0,206,480
02/25/2017,FPR,FL,ASO,ES,Towers with Radar,0,4,66,0,70,0,1,189,0,190,0,5,255,0,260,258,0,258,518
02/26/2017,FPR,FL,ASO,ES,Towers with Radar,0,0,54,0,54,0,1,163,0,164,0,1,217,0,218,55,0,55,273
02/27/2017,FPR,FL,ASO,ES,Towers with Radar,0,1,68,0,69,0,7,162,0,169,0,8,230,0,238,213,0,213,451
02/28/2017,FPR,FL,ASO,ES,Towers with Radar,0,3,80,2,85,0,2,172,0,174,0,5,252,2,259,380,0,380,639
03/01/2017,FPR,FL,ASO,ES,Towers with Radar,0,3,62,0,65,0,1,223,0,224,0,4,285,0,289,298,0,298,587
03/02/2017,FPR,FL,ASO,ES,Towers with Radar,0,2,60,0,62,0,5,168,0,173,0,7,228,0,235,302,0,302,537
03/03/2017,FPR,FL,ASO,ES,Towers with Radar,0,7,70,0,77,0,3,88,0,91,0,10,158,0,168,38,0,38,206
03/04/2017,FPR,FL,ASO,ES,Towers with Radar,0,2,64,0,66,0,10,120,0,130,0,12,184,0,196,12,0,12,208
03/05/2017,FPR,FL,ASO,ES,Towers with Radar,0,2,63,0,65,0,3,24,0,27,0,5,87,0,92,0,0,0,92
03/06/2017,FPR,FL,ASO,ES,Towers with Radar,0,0,77,4,81,0,2,98,0,100,0,2,175,4,181,60,0,60,241
03/07/2017,FPR,FL,ASO,ES,Towers with Radar,0,5,77,0,82,0,6,204,0,210,0,11,281,0,292,234,0,234,526
03/08/2017,FPR,FL,ASO,ES,Towers with Radar,0,2,74,0,76,0,5,167,1,173,0,7,241,1,249,386,0,386,635
03/09/2017,FPR,FL,ASO,ES,Towers with Radar,0,4,74,0,78,0,6,226,1,233,0,10,300,1,311,414,0,414,725
03/10/2017,FPR,FL,ASO,ES,Towers with Radar,0,7,49,3,59,0,0,200,1,201,0,7,249,4,260,348,0,348,608
03/11/2017,FPR,FL,ASO,ES,Towers with Radar,0,8,89,0,97,0,2,210,0,212,0,10,299,0,309,162,0,162,471
03/12/2017,FPR,FL,ASO,ES,Towers with Radar,0,1,71,0,72,0,5,87,0,92,0,6,158,0,164,110,0,110,274
03/13/2017,FPR,FL,ASO,ES,Towers with Radar,0,4,67,0,71,0,3,121,0,124,0,7,188,0,195,269,0,269,464
03/14/2017,FPR,FL,ASO,ES,Towers with Radar,0,0,68,0,68,0,10,198,0,208,0,10,266,0,276,180,0,180,456
03/15/2017,FPR,FL,ASO,ES,Towers with Radar,0,7,78,0,85,0,1,222,0,223,0,8,300,0,308,170,0,170,478
03/16/2017,FPR,FL,ASO,ES,Towers with Radar,0,2,60,0,62,0,2,193,0,195,0,4,253,0,257,154,0,154,411
03/17/2017,FPR,FL,ASO,ES,Towers with Radar,0,2,74,0,76,0,3,191,0,194,0,5,265,0,270,309,0,309,579
03/18/2017,FPR,FL,ASO,ES,Towers with Radar,0,8,106,0,114,0,2,225,0,227,0,10,331,0,341,181,0,181,522
03/19/2017,FPR,FL,ASO,ES,Towers with Radar,0,4,86,0,90,0,1,125,0,126,0,5,211,0,216,17,0,17,233
03/20/2017,FPR,FL,ASO,ES,Towers with Radar,0,5,62,0,67,0,3,224,1,228,0,8,286,1,295,243,0,243,538
03/21/2017,FPR,FL,ASO,ES,Towers with Radar,0,2,82,0,84,0,3,218,0,221,0,5,300,0,305,268,0,268,573
03/22/2017,FPR,FL,ASO,ES,Towers with Radar,0,5,58,0,63,0,1,225,0,226,0,6,283,0,289,355,0,355,644
03/23/2017,FPR,FL,ASO,ES,Towers with Radar,0,3,74,0,77,0,0,58,0,58,0,3,132,0,135,40,0,40,175
03/24/2017,FPR,FL,ASO,ES,Towers with Radar,0,8,129,0,137,0,2,210,0,212,0,10,339,0,349,224,0,224,573
03/25/2017,FPR,FL,ASO,ES,Towers with Radar,0,2,76,0,78,0,5,160,0,165,0,7,236,0,243,203,0,203,446
03/26/2017,FPR,FL,ASO,ES,Towers with Radar,0,2,77,0,79,0,5,111,0,116,0,7,188,0,195,144,0,144,339
03/27/2017,FPR,FL,ASO,ES,Towers with Radar,0,3,66,0,69,0,3,168,0,171,0,6,234,0,240,367,0,367,607
03/28/2017,FPR,FL,ASO,ES,Towers with Radar,0,11,73,0,84,0,3,182,0,185,0,14,255,0,269,369,0,369,638
03/29/2017,FPR,FL,ASO,ES,Towers with Radar,0,4,84,0,88,0,4,226,0,230,0,8,310,0,318,369,0,369,687
03/30/2017,FPR,FL,ASO,ES,Towers with Radar,0,1,102,0,103,0,9,205,0,214,0,10,307,0,317,264,0,264,581
03/31/2017,FPR,FL,ASO,ES,Towers with Radar,0,0,76,0,76,0,7,166,1,174,0,7,242,1,250,163,0,163,413
04/01/2017,FPR,FL,ASO,ES,Towers with Radar,0,4,73,0,77,0,2,184,0,186,0,6,257,0,263,233,0,233,496
04/02/2017,FPR,FL,ASO,ES,Towers with Radar,0,6,114,0,120,0,5,75,0,80,0,11,189,0,200,65,0,65,265
04/03/2017,FPR,FL,ASO,ES,Towers with Radar,0,5,83,0,88,0,2,136,0,138,0,7,219,0,226,194,0,194,420
04/04/2017,FPR,FL,ASO,ES,Towers with Radar,0,3,52,4,59,0,0,127,0,127,0,3,179,4,186,212,0,212,398
04/05/2017,FPR,FL,ASO,ES,Towers with Radar,0,4,69,0,73,0,3,167,0,170,0,7,236,0,243,214,0,214,457
04/06/2017,FPR,FL,ASO,ES,Towers with Radar,0,4,50,0,54,0,3,102,0,105,0,7,152,0,159,107,0,107,266
04/07/2017,FPR,FL,ASO,ES,Towers with Radar,0,1,65,1,67,0,2,212,0,214,0,3,277,1,281,218,0,218,499
04/08/2017,FPR,FL,ASO,ES,Towers with Radar,0,3,62,0,65,0,6,161,0,167,0,9,223,0,232,220,0,220,452
04/09/2017,FPR,FL,ASO,ES,Towers with Radar,0,5,70,0,75,0,9,181,0,190,0,14,251,0,265,172,0,172,437
04/10/2017,FPR,FL,ASO,ES,Towers with Radar,0,8,72,4,84,0,1,195,1,197,0,9,267,5,281,217,0,217,498
04/11/2017,FPR,FL,ASO,ES,Towers with Radar,0,3,71,0,74,0,4,228,0,232,0,7,299,0,306,403,0,403,709
04/12/2017,FPR,FL,ASO,ES,Towers with Radar,0,4,62,1,67,0,3,184,1,188,0,7,246,2,255,313,0,313,568
04/13/2017,FPR,FL,ASO,ES,Towers with Radar,0,3,70,0,73,0,6,250,0,256,0,9,320,0,329,445,0,445,774
04/14/2017,FPR,FL,ASO,ES,Towers with Radar,0,3,72,0,75,0,6,198,0,204,0,9,270,0,279,326,0,326,605
04/15/2017,FPR,FL,ASO,ES,Towers with Radar,0,2,54,2,58,0,1,149,0,150,0,3,203,2,208,178,0,178,386
04/16/2017,FPR,FL,ASO,ES,Towers with Radar,0,2,68,0,70,0,9,152,0,161,0,11,220,0,231,204,0,204,435
04/17/2017,FPR,FL,ASO,ES,Towers with Radar,0,6,83,0,89,0,7,243,0,250,0,13,326,0,339,243,0,243,582
04/18/2017,FPR,FL,ASO,ES,Towers with Radar,0,4,56,0,60,0,2,241,0,243,0,6,297,0,303,347,0,347,650
04/19/2017,FPR,FL,ASO,ES,Towers with Radar,0,0,69,0,69,0,2,186,0,188,0,2,255,0,257,336,0,336,593
04/20/2017,FPR,FL,ASO,ES,Towers with Radar,0,2,93,0,95,0,5,216,0,221,0,7,309,0,316,379,0,379,695
04/21/2017,FPR,FL,ASO,ES,Towers with Radar,0,1,48,0,49,0,12,209,0,221,0,13,257,0,270,303,0,303,573
04/22/2017,FPR,FL,ASO,ES,Towers with Radar,0,3,61,0,64,0,13,98,0,111,0,16,159,0,175,224,0,224,399
04/23/2017,FPR,FL,ASO,ES,Towers with Radar,0,0,42,0,42,0,3,20,0,23,0,3,62,0,65,17,0,17,82
04/24/2017,FPR,FL,ASO,ES,Towers with Radar,0,5,86,0,91,0,1,197,0,198,0,6,283,0,289,292,0,292,581
04/25/2017,FPR,FL,ASO,ES,Towers with Radar,0,6,60,0,66,0,0,212,0,212,0,6,272,0,278,446,0,446,724
04/26/2017,FPR,FL,ASO,ES,Towers with Radar,0,3,61,0,64,0,3,174,0,177,0,6,235,0,241,354,0,354,595
04/27/2017,FPR,FL,ASO,ES,Towers with Radar,0,1,73,0,74,0,4,173,0,177,0,5,246,0,251,234,0,234,485
04/28/2017,FPR,FL,ASO,ES,Towers with Radar,0,0,82,0,82,0,0,203,0,203,0,0,285,0,285,234,0,234,519
04/29/2017,FPR,FL,ASO,ES,Towers with Radar,0,3,52,0,55,0,3,138,0,141,0,6,190,0,196,177,0,177,373
04/30/2017,FPR,FL,ASO,ES,Towers with Radar,0,1,88,0,89,0,5,95,0,100,0,6,183,0,189,74,0,74,263
05/01/2017,FPR,FL,ASO,ES,Towers with Radar,0,3,50,0,53,0,1,122,0,123,0,4,172,0,176,143,0,143,319
05/02/2017,FPR,FL,ASO,ES,Towers with Radar,0,1,47,2,50,0,0,74,0,74,0,1,121,2,124,157,0,157,281
05/03/2017,FPR,FL,ASO,ES,Towers with Radar,0,1,89,0,90,0,6,226,0,232,0,7,315,0,322,272,0,272,594
05/04/2017,FPR,FL,ASO,ES,Towers with Radar,0,4,70,0,74,0,2,165,0,167,0,6,235,0,241,204,0,204,445
05/05/2017,FPR,FL,ASO,ES,Towers with Radar,0,4,48,0,52,0,0,65,0,65,0,4,113,0,117,123,0,123,240
05/06/2017,FPR,FL,ASO,ES,Towers with Radar,0,1,35,0,36,0,1,107,1,109,0,2,142,1,145,128,0,128,273
05/07/2017,FPR,FL,ASO,ES,Towers with Radar,0,1,51,0,52,0,5,123,0,128,0,6,174,0,180,15,0,15,195
05/08/2017,FPR,FL,ASO,ES,Towers with Radar,0,2,73,0,75,0,1,203,0,204,0,3,276,0,279,338,0,338,617
05/09/2017,FPR,FL,ASO,ES,Towers with Radar,0,2,71,0,73,0,2,176,0,178,0,4,247,0,251,353,0,353,604
05/10/2017,FPR,FL,ASO,ES,Towers with Radar,0,1,67,0,68,0,2,201,0,203,0,3,268,0,271,381,0,381,652
05/11/2017,FPR,FL,ASO,ES,Towers with Radar,0,3,54,0,57,0,5,216,0,221,0,8,270,0,278,363,0,363,641
05/12/2017,FPR,FL,ASO,ES,Towers with Radar,0,0,48,0,48,0,10,207,0,217,0,10,255,0,265,270,0,270,535
05/13/2017,FPR,FL,ASO,ES,Towers with Radar,0,0,38,0,38,0,7,126,0,133,0,7,164,0,171,121,0,121,292
05/14/2017,FPR,FL,ASO,ES,Towers with Radar,0,2,70,1,73,0,0,129,1,130,0,2,199,2,203,196,0,196,399
05/15/2017,FPR,FL,ASO,ES,Towers with Radar,0,0,63,0,63,0,1,175,0,176,0,1,238,0,239,357,0,357,596
05/16/2017,FPR,FL,ASO,ES,Towers with Radar,0,4,125,0,129,0,2,216,1,219,0,6,341,1,348,398,0,398,746
05/17/2017,FPR,FL,ASO,ES,Towers with Radar,0,5,77,0,82,0,12,210,0,222,0,17,287,0,304,343,0,343,647
05/18/2017,FPR,FL,ASO,ES,Towers with Radar,0,1,112,0,113,0,4,193,0,197,0,5,305,0,310,164,0,164,474
05/19/2017,FPR,FL,ASO,ES,Towers with Radar,0,3,75,0,78,0,5,151,0,156,0,8,226,0,234,244,0,244,478
05/20/2017,FPR,FL,ASO,ES,Towers with Radar,0,2,62,0,64,0,3,153,0,156,0,5,215,0,220,177,0,177,397
05/21/2017,FPR,FL,ASO,ES,Towers with Radar,0,2,74,0,76,0,5,124,1,130,0,7,198,1,206,241,0,241,447
05/22/2017,FPR,FL,ASO,ES,Towers with Radar,0,2,95,0,97,0,3,218,1,222,0,5,313,1,319,291,0,291,610
05/23/2017,FPR,FL,ASO,ES,Towers with Radar,0,1,40,0,41,0,2,150,0,152,0,3,190,0,193,319,0,319,512
05/24/2017,FPR,FL,ASO,ES,Towers with Radar,0,4,14,0,18,0,0,81,0,81,0,4,95,0,99,77,0,77,176
05/25/2017,FPR,FL,ASO,ES,Towers with Radar,0,0,73,0,73,0,1,123,0,124,0,1,196,0,197,241,0,241,438
05/26/2017,FPR,FL,ASO,ES,Towers with Radar,0,4,102,0,106,0,3,272,2,277,0,7,374,2,383,324,0,324,707
05/27/2017,FPR,FL,ASO,ES,Towers with Radar,0,3,67,0,70,0,8,198,0,206,0,11,265,0,276,344,0,344,620
05/28/2017,FPR,FL,ASO,ES,Towers with Radar,0,2,43,0,45,0,3,171,0,174,0,5,214,0,219,173,0,173,392
05/29/2017,FPR,FL,ASO,ES,Towers with Radar,0,2,56,0,58,0,4,109,0,113,0,6,165,0,171,20,0,20,191
05/30/2017,FPR,FL,ASO,ES,Towers with Radar,0,0,93,0,93,0,1,234,0,235,0,1,327,0,328,399,0,399,727
05/31/2017,FPR,FL,ASO,ES,Towers with Radar,0,4,106,0,110,0,2,212,0,214,0,6,318,0,324,325,0,325,649
06/01/2017,FPR,FL,ASO,ES,Towers with Radar,0,6,94,0,100,0,0,174,0,174,0,6,268,0,274,216,0,216,490
06/02/2017,FPR,FL,ASO,ES,Towers with Radar,0,0,69,0,69,0,0,107,0,107,0,0,176,0,176,113,0,113,289
06/03/2017,FPR,FL,ASO,ES,Towers with Radar,0,2,74,0,76,0,3,168,0,171,0,5,242,0,247,234,0,234,481
06/04/2017,FPR,FL,ASO,ES,Towers with Radar,0,0,57,0,57,0,1,76,0,77,0,1,133,0,134,74,0,74,208
06/05/2017,FPR,FL,ASO,ES,Towers with Radar,0,6,49,0,55,0,0,114,0,114,0,6,163,0,169,127,0,127,296
06/06/2017,FPR,FL,ASO,ES,Towers with Radar,0,0,70,0,70,0,0,82,0,82,0,0,152,0,152,93,0,93,245
06/07/2017,FPR,FL,ASO,ES,Towers with Radar,0,5,51,0,56,0,3,86,0,89,0,8,137,0,145,163,0,163,308
06/08/2017,FPR,FL,ASO,ES,Towers with Radar,0,0,107,0,107,0,9,100,0,109,0,9,207,0,216,155,0,155,371
06/09/2017,FPR,FL,ASO,ES,Towers with Radar,0,3,89,0,92,0,5,220,0,225,0,8,309,0,317,222,0,222,539
06/10/2017,FPR,FL,ASO,ES,Towers with Radar,0,4,89,0,93,0,1,140,0,141,0,5,229,0,234,181,0,181,415
06/11/2017,FPR,FL,ASO,ES,Towers with Radar,0,1,54,0,55,0,1,128,0,129,0,2,182,0,184,257,0,257,441
06/12/2017,FPR,FL,ASO,ES,Towers with Radar,0,1,76,0,77,0,4,188,2,194,0,5,264,2,271,254,0,254,525
06/13/2017,FPR,FL,ASO,ES,Towers with Radar,0,1,55,0,56,0,0,145,0,145,0,1,200,0,201,275,0,275,476
06/14/2017,FPR,FL,ASO,ES,Towers with Radar,0,2,56,2,60,0,0,158,0,158,0,2,214,2,218,221,0,221,439
06/15/2017,FPR,FL,ASO,ES,Towers with Radar,0,0,45,0,45,0,0,126,1,127,0,0,171,1,172,224,0,224,396
06/16/2017,FPR,FL,ASO,ES,Towers with Radar,0,1,56,0,57,0,4,164,0,168,0,5,220,0,225,244,0,244,469
06/17/2017,FPR,FL,ASO,ES,Towers with Radar,0,0,87,0,87,0,4,178,0,182,0,4,265,0,269,218,0,218,487
06/18/2017,FPR,FL,ASO,ES,Towers with Radar,0,0,53,0,53,0,2,92,0,94,0,2,145,0,147,157,0,157,304
06/19/2017,FPR,FL,ASO,ES,Towers with Radar,0,0,106,0,106,0,3,157,0,160,0,3,263,0,266,183,0,183,449
06/20/2017,FPR,FL,ASO,ES,Towers with Radar,0,4,102,4,110,0,4,224,4,232,0,8,326,8,342,181,0,181,523
06/21/2017,FPR,FL,ASO,ES,Towers with Radar,0,4,65,0,69,0,8,178,0,186,0,12,243,0,255,191,0,191,446
06/22/2017,FPR,FL,ASO,ES,Towers with Radar,0,2,98,0,100,0,4,195,0,199,0,6,293,0,299,284,0,284,583
06/23/2017,FPR,FL,ASO,ES,Towers with Radar,0,2,79,0,81,0,11,227,0,238,0,13,306,0,319,235,0,235,554
06/24/2017,FPR,FL,ASO,ES,Towers with Radar,0,0,76,0,76,0,5,200,0,205,0,5,276,0,281,249,0,249,530
06/25/2017,FPR,FL,ASO,ES,Towers with Radar,0,2,51,0,53,0,0,139,0,139,0,2,190,0,192,189,0,189,381
06/26/2017,FPR,FL,ASO,ES,Towers with Radar,0,0,80,0,80,0,1,181,0,182,0,1,261,0,262,242,0,242,504
06/27/2017,FPR,FL,ASO,ES,Towers with Radar,0,0,53,0,53,0,7,183,0,190,0,7,236,0,243,197,0,197,440
06/28/2017,FPR,FL,ASO,ES,Towers with Radar,0,0,98,0,98,0,2,189,0,191,0,2,287,0,289,204,0,204,493
06/29/2017,FPR,FL,ASO,ES,Towers with Radar,0,2,86,0,88,0,4,219,0,223,0,6,305,0,311,300,0,300,611
06/30/2017,FPR,FL,ASO,ES,Towers with Radar,0,4,87,0,91,0,4,230,0,234,0,8,317,0,325,207,0,207,532
07/01/2017,FPR,FL,ASO,ES,Towers with Radar,0,2,85,0,87,0,1,183,0,184,0,3,268,0,271,202,0,202,473
07/02/2017,FPR,FL,ASO,ES,Towers with Radar,0,0,44,0,44,0,6,138,0,144,0,6,182,0,188,159,0,159,347
07/03/2017,FPR,FL,ASO,ES,Towers with Radar,0,0,51,0,51,0,3,170,0,173,0,3,221,0,224,184,0,184,408
07/04/2017,FPR,FL,ASO,ES,Towers with Radar,0,1,27,0,28,0,2,50,0,52,0,3,77,0,80,20,0,20,100
07/05/2017,FPR,FL,ASO,ES,Towers with Radar,0,0,83,0,83,0,6,205,0,211,0,6,288,0,294,254,0,254,548
07/06/2017,FPR,FL,ASO,ES,Towers with Radar,0,2,99,0,101,0,1,262,2,265,0,3,361,2,366,325,0,325,691
07/07/2017,FPR,FL,ASO,ES,Towers with Radar,0,0,97,0,97,0,5,173,0,178,0,5,270,0,275,317,0,317,592
07/08/2017,FPR,FL,ASO,ES,Towers with Radar,0,0,97,0,97,0,4,247,0,251,0,4,344,0,348,160,0,160,508
07/09/2017,FPR,FL,ASO,ES,Towers with Radar,0,6,74,0,80,0,5,124,0,129,0,11,198,0,209,117,0,117,326
07/10/2017,FPR,FL,ASO,ES,Towers with Radar,0,0,54,0,54,0,12,191,0,203,0,12,245,0,257,269,0,269,526
07/11/2017,FPR,FL,ASO,ES,Towers with Radar,0,0,61,0,61,0,4,195,0,199,0,4,256,0,260,378,0,378,638
07/12/2017,FPR,FL,ASO,ES,Towers with Radar,0,0,49,0,49,0,0,86,0,86,0,0,135,0,135,197,0,197,332
07/13/2017,FPR,FL,ASO,ES,Towers with Radar,0,0,75,0,75,0,1,171,0,172,0,1,246,0,247,241,0,241,488
07/14/2017,FPR,FL,ASO,ES,Towers with Radar,0,2,80,0,82,0,10,228,0,238,0,12,308,0,320,302,0,302,622
07/15/2017,FPR,FL,ASO,ES,Towers with Radar,1,2,69,0,72,0,11,175,0,186,1,13,244,0,258,250,0,250,508
07/16/2017,FPR,FL,ASO,ES,Towers with Radar,0,4,56,0,60,0,0,129,0,129,0,4,185,0,189,154,0,154,343
07/17/2017,FPR,FL,ASO,ES,Towers with Radar,0,0,64,0,64,0,3,203,0,206,0,3,267,0,270,215,0,215,485
07/18/2017,FPR,FL,ASO,ES,Towers with Radar,0,0,98,0,98,0,8,160,0,168,0,8,258,0,266,237,0,237,503
07/19/2017,FPR,FL,ASO,ES,Towers with Radar,0,1,42,0,43,0,3,99,0,102,0,4,141,0,145,136,0,136,281
07/20/2017,FPR,FL,ASO,ES,Towers with Radar,0,0,84,0,84,0,4,154,0,158,0,4,238,0,242,172,0,172,414
07/21/2017,FPR,FL,ASO,ES,Towers with Radar,0,0,89,0,89,0,7,188,0,195,0,7,277,0,284,209,0,209,493
07/22/2017,FPR,FL,ASO,ES,Towers with Radar,0,0,67,0,67,0,8,164,0,172,0,8,231,0,239,246,0,246,485
07/23/2017,FPR,FL,ASO,ES,Towers with Radar,0,0,49,0,49,0,5,137,1,143,0,5,186,1,192,113,0,113,305
07/24/2017,FPR,FL,ASO,ES,Towers with Radar,0,6,56,0,62,0,11,192,0,203,0,17,248,0,265,281,0,281,546
07/25/2017,FPR,FL,ASO,ES,Towers with Radar,0,0,44,2,46,0,3,207,0,210,0,3,251,2,256,334,0,334,590
07/26/2017,FPR,FL,ASO,ES,Towers with Radar,0,4,70,0,74,0,10,222,0,232,0,14,292,0,306,404,0,404,710
07/27/2017,FPR,FL,ASO,ES,Towers with Radar,0,0,74,0,74,0,4,164,0,168,0,4,238,0,242,337,0,337,579
07/28/2017,FPR,FL,ASO,ES,Towers with Radar,0,0,56,0,56,0,4,138,0,142,0,4,194,0,198,314,0,314,512
07/29/2017,FPR,FL,ASO,ES,Towers with Radar,0,2,48,0,50,0,4,143,0,147,0,6,191,0,197,207,0,207,404
07/30/2017,FPR,FL,ASO,ES,Towers with Radar,0,0,30,0,30,0,3,65,0,68,0,3,95,0,98,153,0,153,251
07/31/2017,FPR,FL,ASO,ES,Towers with Radar,0,0,31,0,31,0,0,17,0,17,0,0,48,0,48,81,0,81,129
08/01/2017,FPR,FL,ASO,ES,Towers with Radar,0,4,78,0,82,0,0,149,0,149,0,4,227,0,231,246,0,246,477
08/02/2017,FPR,FL,ASO,ES,Towers with Radar,0,2,59,0,61,0,1,177,0,178,0,3,236,0,239,343,0,343,582
08/03/2017,FPR,FL,ASO,ES,Towers with Radar,0,4,99,0,103,0,4,181,0,185,0,8,280,0,288,198,0,198,486
08/04/2017,FPR,FL,ASO,ES,Towers with Radar,0,5,103,0,108,0,2,176,0,178,0,7,279,0,286,204,0,204,490
08/05/2017,FPR,FL,ASO,ES,Towers with Radar,0,2,89,0,91,0,2,169,0,171,0,4,258,0,262,250,0,250,512
08/06/2017,FPR,FL,ASO,ES,Towers with Radar,0,1,60,0,61,0,2,147,0,149,0,3,207,0,210,204,0,204,414
08/07/2017,FPR,FL,ASO,ES,Towers with Radar,0,5,84,0,89,0,4,174,0,178,0,9,258,0,267,241,0,241,508
08/08/2017,FPR,FL,ASO,ES,Towers with Radar,0,2,80,0,82,0,5,196,0,201,0,7,276,0,283,262,0,262,545
08/09/2017,FPR,FL,ASO,ES,Towers with Radar,0,6,104,0,110,0,4,186,0,190,0,10,290,0,300,291,0,291,591
08/10/2017,FPR,FL,ASO,ES,Towers with Radar,0,0,76,0,76,0,1,96,0,97,0,1,172,0,173,173,0,173,346
08/11/2017,FPR,FL,ASO,ES,Towers with Radar,0,0,101,0,101,0,0,138,0,138,0,0,239,0,239,208,0,208,447
08/12/2017,FPR,FL,ASO,ES,Towers with Radar,0,4,52,1,57,0,7,175,0,182,0,11,227,1,239,360,0,360,599
08/13/2017,FPR,FL,ASO,ES,Towers with Radar,0,0,51,0,51,0,8,117,0,125,0,8,168,0,176,144,0,144,320
08/14/2017,FPR,FL,ASO,ES,Towers with Radar,0,0,60,0,60,0,9,157,0,166,0,9,217,0,226,251,0,251,477
08/15/2017,FPR,FL,ASO,ES,Towers with Radar,0,2,57,0,59,0,3,127,0,130,0,5,184,0,189,156,0,156,345
08/16/2017,FPR,FL,ASO,ES,Towers with Radar,0,0,56,3,59,0,3,75,0,78,0,3,131,3,137,60,0,60,197
08/17/2017,FPR,FL,ASO,ES,Towers with Radar,0,4,75,0,79,0,6,173,0,179,0,10,248,0,258,362,0,362,620
08/18/2017,FPR,FL,ASO,ES,Towers with Radar,0,3,51,2,56,0,7,185,0,192,0,10,236,2,248,297,0,297,545
08/19/2017,FPR,FL,ASO,ES,Towers with Radar,0,2,48,0,50,0,10,173,0,183,0,12,221,0,233,205,0,205,438
08/20/2017,FPR,FL,ASO,ES,Towers with Radar,0,1,32,0,33,0,3,52,0,55,0,4,84,0,88,105,0,105,193
08/21/2017,FPR,FL,ASO,ES,Towers with Radar,0,0,71,0,71,0,2,173,0,175,0,2,244,0,246,282,0,282,528
08/22/2017,FPR,FL,ASO,ES,Towers with Radar,0,1,73,0,74,0,2,114,0,116,0,3,187,0,190,294,0,294,484
08/23/2017,FPR,FL,ASO,ES,Towers with Radar,0,0,48,0,48,0,0,107,0,107,0,0,155,0,155,263,0,263,418
08/24/2017,FPR,FL,ASO,ES,Towers with Radar,0,0,57,1,58,0,3,89,0,92,0,3,146,1,150,126,0,126,276
08/25/2017,FPR,FL,ASO,ES,Towers with Radar,0,2,59,0,61,0,7,104,0,111,0,9,163,0,172,164,0,164,336
08/26/2017,FPR,FL,ASO,ES,Towers with Radar,0,0,52,0,52,0,1,96,0,97,0,1,148,0,149,131,0,131,280
08/27/2017,FPR,FL,ASO,ES,Towers with Radar,0,0,14,0,14,0,3,61,0,64,0,3,75,0,78,53,0,53,131
08/28/2017,FPR,FL,ASO,ES,Towers with Radar,0,2,50,0,52,0,3,128,0,131,0,5,178,0,183,202,0,202,385
08/29/2017,FPR,FL,ASO,ES,Towers with Radar,0,2,51,0,53,0,0,181,0,181,0,2,232,0,234,344,0,344,578
08/30/2017,FPR,FL,ASO,ES,Towers with Radar,0,1,42,0,43,0,11,168,0,179,0,12,210,0,222,302,0,302,524
08/31/2017,FPR,FL,ASO,ES,Towers with Radar,0,1,67,0,68,0,5,134,0,139,0,6,201,0,207,287,0,287,494
09/01/2017,FPR,FL,ASO,ES,Towers with Radar,0,0,49,1,50,0,10,147,0,157,0,10,196,1,207,155,0,155,362
09/02/2017,FPR,FL,ASO,ES,Towers with Radar,0,3,38,0,41,0,11,113,0,124,0,14,151,0,165,213,0,213,378
09/03/2017,FPR,FL,ASO,ES,Towers with Radar,0,0,36,0,36,0,2,114,0,116,0,2,150,0,152,158,0,158,310
09/04/2017,FPR,FL,ASO,ES,Towers with Radar,0,0,42,0,42,0,1,62,0,63,0,1,104,0,105,21,0,21,126
09/05/2017,FPR,FL,ASO,ES,Towers with Radar,0,0,47,0,47,0,0,141,0,141,0,0,188,0,188,313,0,313,501
09/06/2017,FPR,FL,ASO,ES,Towers with Radar,0,2,20,0,22,0,2,65,0,67,0,4,85,0,89,103,0,103,192
09/07/2017,FPR,FL,ASO,ES,Towers with Radar,0,1,44,0,45,0,9,42,0,51,0,10,86,0,96,2,0,2,98
09/08/2017,FPR,FL,ASO,ES,Towers with Radar,0,13,19,0,32,0,2,29,0,31,0,15,48,0,63,6,0,6,69
09/09/2017,FPR,FL,ASO,ES,Towers with Radar,0,1,2,0,3,0,1,0,0,1,0,2,2,0,4,0,0,0,4
09/10/2017,FPR,FL,ASO,ES,Towers with Radar,0,0,0,0,0,0,0,0,0,0,0,0,0,0,0,0,0,0,0
09/11/2017,FPR,FL,ASO,ES,Towers with Radar,0,0,0,0,0,0,0,6,0,6,0,0,6,0,6,0,0,0,6
09/12/2017,FPR,FL,ASO,ES,Towers with Radar,0,0,6,0,6,0,3,25,0,28,0,3,31,0,34,6,0,6,40
09/13/2017,FPR,FL,ASO,ES,Towers with Radar,0,0,1,0,1,0,7,25,0,32,0,7,26,0,33,33,0,33,66
09/14/2017,FPR,FL,ASO,ES,Towers with Radar,0,1,24,0,25,0,5,64,0,69,0,6,88,0,94,96,0,96,190
09/15/2017,FPR,FL,ASO,ES,Towers with Radar,0,2,49,0,51,0,4,129,0,133,0,6,178,0,184,235,0,235,419
09/16/2017,FPR,FL,ASO,ES,Towers with Radar,0,0,18,0,18,0,10,143,0,153,0,10,161,0,171,108,0,108,279
09/17/2017,FPR,FL,ASO,ES,Towers with Radar,0,2,44,1,47,0,2,110,3,115,0,4,154,4,162,66,0,66,228
09/18/2017,FPR,FL,ASO,ES,Towers with Radar,0,2,35,0,37,0,4,118,0,122,0,6,153,0,159,174,0,174,333
09/19/2017,FPR,FL,ASO,ES,Towers with Radar,0,0,50,4,54,0,8,189,0,197,0,8,239,4,251,290,0,290,541
09/20/2017,FPR,FL,ASO,ES,Towers with Radar,0,2,48,2,52,0,4,167,0,171,0,6,215,2,223,270,0,270,493
09/21/2017,FPR,FL,ASO,ES,Towers with Radar,0,2,49,0,51,0,3,196,0,199,0,5,245,0,250,205,0,205,455
09/22/2017,FPR,FL,ASO,ES,Towers with Radar,0,0,44,0,44,0,7,111,0,118,0,7,155,0,162,287,0,287,449
09/23/2017,FPR,FL,ASO,ES,Towers with Radar,0,2,24,0,26,0,0,64,0,64,0,2,88,0,90,163,0,163,253
09/24/2017,FPR,FL,ASO,ES,Towers with Radar,0,0,34,0,34,0,1,114,0,115,0,1,148,0,149,66,0,66,215
09/25/2017,FPR,FL,ASO,ES,Towers with Radar,0,2,36,0,38,0,7,192,0,199,0,9,228,0,237,266,0,266,503
09/26/2017,FPR,FL,ASO,ES,Towers with Radar,0,0,42,2,44,0,11,220,0,231,0,11,262,2,275,342,0,342,617
09/27/2017,FPR,FL,ASO,ES,Towers with Radar,0,0,57,1,58,0,8,189,1,198,0,8,246,2,256,318,0,318,574
09/28/2017,FPR,FL,ASO,ES,Towers with Radar,0,3,83,0,86,0,7,195,0,202,0,10,278,0,288,200,0,200,488
09/29/2017,FPR,FL,ASO,ES,Towers with Radar,0,2,50,0,52,0,0,91,2,93,0,2,141,2,145,129,0,129,274
09/30/2017,FPR,FL,ASO,ES,Towers with Radar,0,4,29,0,33,0,2,106,0,108,0,6,135,0,141,167,0,167,308
10/01/2017,FPR,FL,ASO,ES,Towers with Radar,0,1,46,0,47,0,6,41,0,47,0,7,87,0,94,81,0,81,175
10/02/2017,FPR,FL,ASO,ES,Towers with Radar,0,3,60,7,70,0,0,95,0,95,0,3,155,7,165,183,0,183,348
10/03/2017,FPR,FL,ASO,ES,Towers with Radar,0,0,36,0,36,0,1,10,0,11,0,1,46,0,47,5,0,5,52
10/04/2017,FPR,FL,ASO,ES,Towers with Radar,0,5,75,0,80,0,6,56,0,62,0,11,131,0,142,16,0,16,158
10/05/2017,FPR,FL,ASO,ES,Towers with Radar,0,0,48,0,48,0,0,8,0,8,0,0,56,0,56,10,0,10,66
10/06/2017,FPR,FL,ASO,ES,Towers with Radar,0,1,111,0,112,0,14,194,0,208,0,15,305,0,320,253,0,253,573
10/07/2017,FPR,FL,ASO,ES,Towers with Radar,0,4,60,0,64,0,8,132,0,140,0,12,192,0,204,193,0,193,397
10/08/2017,FPR,FL,ASO,ES,Towers with Radar,0,1,58,0,59,0,4,141,0,145,0,5,199,0,204,216,0,216,420
10/09/2017,FPR,FL,ASO,ES,Towers with Radar,0,0,72,0,72,0,5,216,0,221,0,5,288,0,293,312,0,312,605
10/10/2017,FPR,FL,ASO,ES,Towers with Radar,0,1,85,0,86,0,10,212,0,222,0,11,297,0,308,369,0,369,677
10/11/2017,FPR,FL,ASO,ES,Towers with Radar,0,1,92,0,93,0,0,188,0,188,0,1,280,0,281,362,0,362,643
10/12/2017,FPR,FL,ASO,ES,Towers with Radar,0,2,70,0,72,0,5,107,0,112,0,7,177,0,184,138,0,138,322
10/13/2017,FPR,FL,ASO,ES,Towers with Radar,0,4,94,0,98,0,3,133,0,136,0,7,227,0,234,341,0,341,575
10/14/2017,FPR,FL,ASO,ES,Towers with Radar,0,2,68,0,70,0,3,109,0,112,0,5,177,0,182,215,0,215,397
10/15/2017,FPR,FL,ASO,ES,Towers with Radar,0,0,53,0,53,0,7,130,0,137,0,7,183,0,190,410,0,410,600
10/16/2017,FPR,FL,ASO,ES,Towers with Radar,0,3,77,0,80,0,0,197,0,197,0,3,274,0,277,400,0,400,677
10/17/2017,FPR,FL,ASO,ES,Towers with Radar,0,4,65,0,69,0,8,139,0,147,0,12,204,0,216,369,0,369,585
10/18/2017,FPR,FL,ASO,ES,Towers with Radar,0,1,73,0,74,0,2,120,4,126,0,3,193,4,200,120,0,120,320
10/19/2017,FPR,FL,ASO,ES,Towers with Radar,0,6,77,0,83,0,2,164,0,166,0,8,241,0,249,357,0,357,606
10/20/2017,FPR,FL,ASO,ES,Towers with Radar,0,6,67,1,74,0,3,115,2,120,0,9,182,3,194,180,0,180,374
10/21/2017,FPR,FL,ASO,ES,Towers with Radar,1,2,42,0,45,0,3,109,0,112,1,5,151,0,157,317,0,317,474
10/22/2017,FPR,FL,ASO,ES,Towers with Radar,1,1,37,0,39,0,9,74,0,83,1,10,111,0,122,291,0,291,413
10/23/2017,FPR,FL,ASO,ES,Towers with Radar,0,3,108,0,111,0,2,142,0,144,0,5,250,0,255,357,0,357,612
10/24/2017,FPR,FL,ASO,ES,Towers with Radar,0,3,52,0,55,0,1,104,0,105,0,4,156,0,160,331,0,331,491
10/25/2017,FPR,FL,ASO,ES,Towers with Radar,0,7,60,0,67,0,1,182,0,183,0,8,242,0,250,256,0,256,506
10/26/2017,FPR,FL,ASO,ES,Towers with Radar,0,4,65,0,69,0,13,165,0,178,0,17,230,0,247,270,0,270,517
10/27/2017,FPR,FL,ASO,ES,Towers with Radar,0,1,51,0,52,0,10,183,0,193,0,11,234,0,245,357,0,357,602
10/28/2017,FPR,FL,ASO,ES,Towers with Radar,0,4,50,0,54,0,0,70,0,70,0,4,120,0,124,232,0,232,356
10/29/2017,FPR,FL,ASO,ES,Towers with Radar,0,1,33,0,34,0,2,29,0,31,0,3,62,0,65,39,0,39,104
10/30/2017,FPR,FL,ASO,ES,Towers with Radar,0,2,81,0,83,0,4,215,0,219,0,6,296,0,302,270,0,270,572
10/31/2017,FPR,FL,ASO,ES,Towers with Radar,0,4,49,0,53,0,2,197,0,199,0,6,246,0,252,206,0,206,458
11/01/2017,FPR,FL,ASO,ES,Towers with Radar,0,4,86,0,90,0,2,170,0,172,0,6,256,0,262,348,0,348,610
11/02/2017,FPR,FL,ASO,ES,Towers with Radar,0,3,77,0,80,0,5,158,0,163,0,8,235,0,243,293,0,293,536
11/03/2017,FPR,FL,ASO,ES,Towers with Radar,0,2,44,0,46,0,3,164,8,175,0,5,208,8,221,222,0,222,443
11/04/2017,FPR,FL,ASO,ES,Towers with Radar,0,3,22,0,25,0,11,156,7,174,0,14,178,7,199,154,0,154,353
11/05/2017,FPR,FL,ASO,ES,Towers with Radar,0,3,33,0,36,0,0,79,1,80,0,3,112,1,116,188,0,188,304
11/06/2017,FPR,FL,ASO,ES,Towers with Radar,0,2,65,0,67,0,3,161,1,165,0,5,226,1,232,262,0,262,494
11/07/2017,FPR,FL,ASO,ES,Towers with Radar,0,1,59,0,60,0,5,150,1,156,0,6,209,1,216,167,0,167,383
11/08/2017,FPR,FL,ASO,ES,Towers with Radar,0,5,77,0,82,0,7,148,0,155,0,12,225,0,237,268,0,268,505
11/09/2017,FPR,FL,ASO,ES,Towers with Radar,0,4,84,2,90,0,3,192,0,195,0,7,276,2,285,402,0,402,687
11/10/2017,FPR,FL,ASO,ES,Towers with Radar,0,7,92,0,99,0,7,116,0,123,0,14,208,0,222,161,0,161,383
11/11/2017,FPR,FL,ASO,ES,Towers with Radar,0,5,73,0,78,0,20,80,0,100,0,25,153,0,178,122,0,122,300
11/12/2017,FPR,FL,ASO,ES,Towers with Radar,0,1,95,0,96,0,0,10,0,10,0,1,105,0,106,2,0,2,108
11/13/2017,FPR,FL,ASO,ES,Towers with Radar,0,1,36,0,37,0,1,78,0,79,0,2,114,0,116,194,0,194,310
11/14/2017,FPR,FL,ASO,ES,Towers with Radar,0,3,47,0,50,0,8,161,0,169,0,11,208,0,219,239,0,239,458
11/15/2017,FPR,FL,ASO,ES,Towers with Radar,0,1,68,0,69,0,4,82,0,86,0,5,150,0,155,152,0,152,307
11/16/2017,FPR,FL,ASO,ES,Towers with Radar,0,2,77,0,79,0,0,75,0,75,0,2,152,0,154,117,0,117,271
11/17/2017,FPR,FL,ASO,ES,Towers with Radar,0,2,68,0,70,0,3,265,0,268,0,5,333,0,338,226,0,226,564
11/18/2017,FPR,FL,ASO,ES,Towers with Radar,0,1,78,0,79,0,13,249,0,262,0,14,327,0,341,370,0,370,711
11/19/2017,FPR,FL,ASO,ES,Towers with Radar,0,1,96,0,97,0,3,152,0,155,0,4,248,0,252,328,0,328,580
11/20/2017,FPR,FL,ASO,ES,Towers with Radar,0,2,83,0,85,0,5,206,0,211,0,7,289,0,296,399,0,399,695
11/21/2017,FPR,FL,ASO,ES,Towers with Radar,0,2,87,0,89,0,10,107,1,118,0,12,194,1,207,202,0,202,409
11/22/2017,FPR,FL,ASO,ES,Towers with Radar,0,4,82,0,86,0,3,183,0,186,0,7,265,0,272,214,0,214,486
11/23/2017,FPR,FL,ASO,ES,Towers with Radar,0,1,9,0,10,0,2,29,0,31,0,3,38,0,41,36,0,36,77
11/24/2017,FPR,FL,ASO,ES,Towers with Radar,0,2,49,0,51,0,2,115,0,117,0,4,164,0,168,313,0,313,481
11/25/2017,FPR,FL,ASO,ES,Towers with Radar,0,3,62,0,65,0,8,181,0,189,0,11,243,0,254,420,0,420,674
11/26/2017,FPR,FL,ASO,ES,Towers with Radar,0,6,96,0,102,0,6,183,0,189,0,12,279,0,291,251,0,251,542
11/27/2017,FPR,FL,ASO,ES,Towers with Radar,0,0,77,0,77,0,5,198,0,203,0,5,275,0,280,402,0,402,682
11/28/2017,FPR,FL,ASO,ES,Towers with Radar,0,0,85,0,85,0,5,174,2,181,0,5,259,2,266,291,0,291,557
11/29/2017,FPR,FL,ASO,ES,Towers with Radar,0,1,62,0,63,0,4,154,0,158,0,5,216,0,221,309,0,309,530
11/30/2017,FPR,FL,ASO,ES,Towers with Radar,0,4,60,1,65,0,2,222,0,224,0,6,282,1,289,250,0,250,539
12/01/2017,FPR,FL,ASO,ES,Towers with Radar,0,4,65,0,69,0,1,202,3,206,0,5,267,3,275,370,0,370,645
12/02/2017,FPR,FL,ASO,ES,Towers with Radar,0,0,81,0,81,0,0,164,1,165,0,0,245,1,246,204,0,204,450
12/03/2017,FPR,FL,ASO,ES,Towers with Radar,0,0,54,0,54,0,8,132,0,140,0,8,186,0,194,337,0,337,531
12/04/2017,FPR,FL,ASO,ES,Towers with Radar,0,15,64,0,79,0,0,179,0,179,0,15,243,0,258,402,0,402,660
12/05/2017,FPR,FL,ASO,ES,Towers with Radar,0,27,67,0,94,0,1,166,0,167,0,28,233,0,261,326,0,326,587
12/06/2017,FPR,FL,ASO,ES,Towers with Radar,0,26,71,0,97,0,6,155,0,161,0,32,226,0,258,255,0,255,513
12/07/2017,FPR,FL,ASO,ES,Towers with Radar,0,15,59,0,74,0,10,144,0,154,0,25,203,0,228,334,0,334,562
12/08/2017,FPR,FL,ASO,ES,Towers with Radar,0,13,57,0,70,0,4,87,0,91,0,17,144,0,161,101,0,101,262
12/09/2017,FPR,FL,ASO,ES,Towers with Radar,0,3,12,0,15,0,0,10,0,10,0,3,22,0,25,4,0,4,29
12/10/2017,FPR,FL,ASO,ES,Towers with Radar,0,3,48,0,51,0,16,161,0,177,0,19,209,0,228,192,0,192,420
12/11/2017,FPR,FL,ASO,ES,Towers with Radar,0,20,52,0,72,0,9,160,0,169,0,29,212,0,241,317,0,317,558
12/12/2017,FPR,FL,ASO,ES,Towers with Radar,0,3,34,0,37,0,2,135,0,137,0,5,169,0,174,251,0,251,425
12/13/2017,FPR,FL,ASO,ES,Towers with Radar,0,18,35,0,53,0,14,170,0,184,0,32,205,0,237,407,0,407,644
12/14/2017,FPR,FL,ASO,ES,Towers with Radar,0,7,42,0,49,0,8,188,0,196,0,15,230,0,245,214,0,214,459
12/15/2017,FPR,FL,ASO,ES,Towers with Radar,0,3,29,0,32,0,5,157,0,162,0,8,186,0,194,257,0,257,451
12/16/2017,FPR,FL,ASO,ES,Towers with Radar,0,6,40,0,46,0,2,146,0,148,0,8,186,0,194,174,0,174,368
12/17/2017,FPR,FL,ASO,ES,Towers with Radar,0,4,39,0,43,0,4,100,0,104,0,8,139,0,147,230,0,230,377
12/18/2017,FPR,FL,ASO,ES,Towers with Radar,0,6,35,0,41,0,9,105,0,114,0,15,140,0,155,145,0,145,300
12/19/2017,FPR,FL,ASO,ES,Towers with Radar,0,3,52,0,55,0,6,111,0,117,0,9,163,0,172,263,0,263,435
12/20/2017,FPR,FL,ASO,ES,Towers with Radar,0,2,36,0,38,0,3,126,0,129,0,5,162,0,167,198,0,198,365
12/21/2017,FPR,FL,ASO,ES,Towers with Radar,0,2,47,0,49,0,5,94,1,100,0,7,141,1,149,141,0,141,290
12/22/2017,FPR,FL,ASO,ES,Towers with Radar,0,12,61,0,73,0,5,94,3,102,0,17,155,3,175,141,0,141,316
12/23/2017,FPR,FL,ASO,ES,Towers with Radar,0,12,55,0,67,0,3,63,0,66,0,15,118,0,133,142,0,142,275
12/24/2017,FPR,FL,ASO,ES,Towers with Radar,0,2,14,0,16,0,3,53,0,56,0,5,67,0,72,12,0,12,84
12/25/2017,FPR,FL,ASO,ES,Towers with Radar,0,0,3,0,3,0,3,12,0,15,0,3,15,0,18,0,0,0,18
12/26/2017,FPR,FL,ASO,ES,Towers with Radar,0,11,73,0,84,0,5,64,0,69,0,16,137,0,153,70,0,70,223
12/27/2017,FPR,FL,ASO,ES,Towers with Radar,0,9,60,0,69,0,5,64,0,69,0,14,124,0,138,31,0,31,169
12/28/2017,FPR,FL,ASO,ES,Towers with Radar,0,13,61,0,74,0,1,50,0,51,0,14,111,0,125,76,0,76,201
12/29/2017,FPR,FL,ASO,ES,Towers with Radar,0,4,75,0,79,0,4,8,0,12,0,8,83,0,91,0,0,0,91
12/30/2017,FPR,FL,ASO,ES,Towers with Radar,0,3,70,0,73,0,3,51,0,54,0,6,121,0,127,14,0,14,141
12/31/2017,FPR,FL,ASO,ES,Towers with Radar,0,1,48,0,49,0,4,90,0,94,0,5,138,0,143,4,0,4,147
01/01/2018,FPR,FL,ASO,ES,Towers with Radar,0,3,87,0,90,0,1,63,0,64,0,4,150,0,154,0,0,0,154
01/02/2018,FPR,FL,ASO,ES,Towers with Radar,0,0,116,0,116,0,3,13,0,16,0,3,129,0,132,2,0,2,134
01/03/2018,FPR,FL,ASO,ES,Towers with Radar,0,6,49,0,55,0,1,10,0,11,0,7,59,0,66,2,0,2,68
01/04/2018,FPR,FL,ASO,ES,Towers with Radar,0,8,46,0,54,0,9,79,0,88,0,17,125,0,142,132,0,132,274
01/05/2018,FPR,FL,ASO,ES,Towers with Radar,0,16,38,0,54,0,20,130,0,150,0,36,168,0,204,149,0,149,353
01/06/2018,FPR,FL,ASO,ES,Towers with Radar,0,16,44,0,60,0,7,126,0,133,0,23,170,0,193,171,0,171,364
01/07/2018,FPR,FL,ASO,ES,Towers with Radar,0,15,44,0,59,0,10,87,0,97,0,25,131,0,156,157,0,157,313
01/08/2018,FPR,FL,ASO,ES,Towers with Radar,0,30,32,0,62,0,4,73,1,78,0,34,105,1,140,194,0,194,334
01/09/2018,FPR,FL,ASO,ES,Towers with Radar,0,5,45,0,50,0,0,53,0,53,0,5,98,0,103,173,0,173,276
01/10/2018,FPR,FL,ASO,ES,Towers with Radar,0,23,47,0,70,0,7,82,0,89,0,30,129,0,159,156,0,156,315
01/11/2018,FPR,FL,ASO,ES,Towers with Radar,0,17,68,0,85,0,9,182,0,191,0,26,250,0,276,224,0,224,500
01/12/2018,FPR,FL,ASO,ES,Towers with Radar,0,6,53,0,59,0,9,72,1,82,0,15,125,1,141,122,0,122,263
01/13/2018,FPR,FL,ASO,ES,Towers with Radar,0,20,47,0,67,0,6,131,0,137,0,26,178,0,204,305,0,305,509
01/14/2018,FPR,FL,ASO,ES,Towers with Radar,0,1,37,0,38,0,2,96,0,98,0,3,133,0,136,137,0,137,273
01/15/2018,FPR,FL,ASO,ES,Towers with Radar,0,27,52,0,79,0,0,114,0,114,0,27,166,0,193,99,0,99,292
01/16/2018,FPR,FL,ASO,ES,Towers with Radar,0,5,36,0,41,0,52,152,0,204,0,57,188,0,245,244,0,244,489
01/17/2018,FPR,FL,ASO,ES,Towers with Radar,0,20,44,0,64,0,16,151,1,168,0,36,195,1,232,402,0,402,634
01/18/2018,FPR,FL,ASO,ES,Towers with Radar,0,5,44,0,49,0,14,150,0,164,0,19,194,0,213,201,0,201,414
01/19/2018,FPR,FL,ASO,ES,Towers with Radar,0,11,41,0,52,0,22,163,0,185,0,33,204,0,237,209,0,209,446
01/20/2018,FPR,FL,ASO,ES,Towers with Radar,0,1,49,0,50,0,10,122,0,132,0,11,171,0,182,297,0,297,479
01/21/2018,FPR,FL,ASO,ES,Towers with Radar,0,2,38,0,40,0,18,114,0,132,0,20,152,0,172,221,0,221,393
01/22/2018,FPR,FL,ASO,ES,Towers with Radar,0,14,53,0,67,0,5,157,2,164,0,19,210,2,231,295,3,298,529
01/23/2018,FPR,FL,ASO,ES,Towers with Radar,0,7,45,0,52,0,7,109,2,118,0,14,154,2,170,255,0,255,425
01/24/2018,FPR,FL,ASO,ES,Towers with Radar,0,7,53,0,60,0,4,155,0,159,0,11,208,0,219,227,0,227,446
01/25/2018,FPR,FL,ASO,ES,Towers with Radar,0,2,51,0,53,0,3,120,0,123,0,5,171,0,176,82,0,82,258
01/26/2018,FPR,FL,ASO,ES,Towers with Radar,0,14,41,0,55,0,8,132,0,140,0,22,173,0,195,94,0,94,289
01/27/2018,FPR,FL,ASO,ES,Towers with Radar,0,9,33,0,42,0,25,62,1,88,0,34,95,1,130,37,0,37,167
01/28/2018,FPR,FL,ASO,ES,Towers with Radar,0,0,30,0,30,0,5,56,0,61,0,5,86,0,91,146,0,146,237
01/29/2018,FPR,FL,ASO,ES,Towers with Radar,0,0,47,0,47,0,5,32,0,37,0,5,79,0,84,139,0,139,223
01/30/2018,FPR,FL,ASO,ES,Towers with Radar,0,6,47,0,53,0,10,155,0,165,0,16,202,0,218,231,0,231,449
01/31/2018,FPR,FL,ASO,ES,Towers with Radar,0,8,40,0,48,0,12,174,0,186,0,20,214,0,234,376,0,376,610
02/01/2018,FPR,FL,ASO,ES,Towers with Radar,0,9,36,0,45,0,5,171,1,177,0,14,207,1,222,360,0,360,582
02/02/2018,FPR,FL,ASO,ES,Towers with Radar,0,3,51,0,54,0,18,157,0,175,0,21,208,0,229,374,0,374,603
02/03/2018,FPR,FL,ASO,ES,Towers with Radar,0,19,39,0,58,0,13,109,0,122,0,32,148,0,180,242,0,242,422
02/04/2018,FPR,FL,ASO,ES,Towers with Radar,0,1,53,0,54,0,2,100,0,102,0,3,153,0,156,188,0,188,344
02/05/2018,FPR,FL,ASO,ES,Towers with Radar,0,2,49,0,51,0,3,88,0,91,0,5,137,0,142,195,0,195,337
02/06/2018,FPR,FL,ASO,ES,Towers with Radar,0,2,23,0,25,0,23,196,0,219,0,25,219,0,244,416,0,416,660
02/07/2018,FPR,FL,ASO,ES,Towers with Radar,0,8,38,0,46,0,11,147,0,158,0,19,185,0,204,297,0,297,501
02/08/2018,FPR,FL,ASO,ES,Towers with Radar,0,5,50,0,55,0,10,116,0,126,0,15,166,0,181,297,0,297,478
02/09/2018,FPR,FL,ASO,ES,Towers with Radar,0,6,54,0,60,0,16,201,0,217,0,22,255,0,277,302,0,302,579
02/10/2018,FPR,FL,ASO,ES,Towers with Radar,0,15,42,0,57,0,6,160,0,166,0,21,202,0,223,236,0,236,459
02/11/2018,FPR,FL,ASO,ES,Towers with Radar,0,14,56,0,70,0,14,117,2,133,0,28,173,2,203,240,0,240,443
02/12/2018,FPR,FL,ASO,ES,Towers with Radar,0,6,61,0,67,0,5,161,0,166,0,11,222,0,233,255,0,255,488
02/13/2018,FPR,FL,ASO,ES,Towers with Radar,0,9,57,0,66,0,4,156,0,160,0,13,213,0,226,488,0,488,714
02/14/2018,FPR,FL,ASO,ES,Towers with Radar,0,6,86,0,92,0,1,67,0,68,0,7,153,0,160,120,0,120,280
02/15/2018,FPR,FL,ASO,ES,Towers with Radar,0,2,72,0,74,0,3,175,0,178,0,5,247,0,252,314,0,314,566
02/16/2018,FPR,FL,ASO,ES,Towers with Radar,0,14,62,0,76,0,2,167,0,169,0,16,229,0,245,343,0,343,588
02/17/2018,FPR,FL,ASO,ES,Towers with Radar,0,18,51,0,69,0,16,156,0,172,0,34,207,0,241,317,0,317,558
02/18/2018,FPR,FL,ASO,ES,Towers with Radar,0,6,69,0,75,0,14,140,1,155,0,20,209,1,230,241,0,241,471
02/19/2018,FPR,FL,ASO,ES,Towers with Radar,0,13,103,0,116,0,15,205,0,220,0,28,308,0,336,341,0,341,677
02/20/2018,FPR,FL,ASO,ES,Towers with Radar,0,8,56,0,64,0,10,152,0,162,0,18,208,0,226,264,0,264,490
02/21/2018,FPR,FL,ASO,ES,Towers with Radar,0,9,65,0,74,0,2,215,0,217,0,11,280,0,291,347,0,347,638
02/22/2018,FPR,FL,ASO,ES,Towers with Radar,0,15,63,0,78,0,19,173,0,192,0,34,236,0,270,417,0,417,687
02/23/2018,FPR,FL,ASO,ES,Towers with Radar,0,22,56,0,78,0,19,175,0,194,0,41,231,0,272,282,0,282,554
02/24/2018,FPR,FL,ASO,ES,Towers with Radar,0,0,61,0,61,0,9,150,0,159,0,9,211,0,220,313,0,313,533
02/25/2018,FPR,FL,ASO,ES,Towers with Radar,0,9,56,0,65,0,7,125,0,132,0,16,181,0,197,284,0,284,481
02/26/2018,FPR,FL,ASO,ES,Towers with Radar,0,10,35,0,45,0,5,160,0,165,0,15,195,0,210,362,0,362,572
02/27/2018,FPR,FL,ASO,ES,Towers with Radar,0,9,63,0,72,0,6,154,0,160,0,15,217,0,232,231,0,231,463
02/28/2018,FPR,FL,ASO,ES,Towers with Radar,0,4,42,0,46,0,9,207,0,216,0,13,249,0,262,379,0,379,641
03/01/2018,FPR,FL,ASO,ES,Towers with Radar,0,7,72,0,79,0,9,192,0,201,0,16,264,0,280,321,0,321,601
03/02/2018,FPR,FL,ASO,ES,Towers with Radar,0,12,67,1,80,0,11,164,1,176,0,23,231,2,256,157,0,157,413
03/03/2018,FPR,FL,ASO,ES,Towers with Radar,0,17,67,0,84,0,6,113,0,119,0,23,180,0,203,95,0,95,298
03/04/2018,FPR,FL,ASO,ES,Towers with Radar,0,18,68,0,86,0,10,94,0,104,0,28,162,0,190,158,0,158,348
03/05/2018,FPR,FL,ASO,ES,Towers with Radar,0,16,47,0,63,0,3,170,0,173,0,19,217,0,236,467,0,467,703
03/06/2018,FPR,FL,ASO,ES,Towers with Radar,0,6,48,0,54,1,12,208,1,222,1,18,256,1,276,332,0,332,608
03/07/2018,FPR,FL,ASO,ES,Towers with Radar,0,15,38,0,53,0,5,127,0,132,0,20,165,0,185,393,0,393,578
03/08/2018,FPR,FL,ASO,ES,Towers with Radar,0,15,55,0,70,0,7,182,0,189,0,22,237,0,259,288,0,288,547
03/09/2018,FPR,FL,ASO,ES,Towers with Radar,0,34,70,0,104,0,10,198,24,232,0,44,268,24,336,249,0,249,585
03/10/2018,FPR,FL,ASO,ES,Towers with Radar,0,23,83,0,106,0,5,144,0,149,0,28,227,0,255,134,0,134,389
03/11/2018,FPR,FL,ASO,ES,Towers with Radar,0,5,60,0,65,0,7,73,0,80,0,12,133,0,145,152,0,152,297
03/12/2018,FPR,FL,ASO,ES,Towers with Radar,0,10,30,0,40,0,5,81,0,86,0,15,111,0,126,78,0,78,204
03/13/2018,FPR,FL,ASO,ES,Towers with Radar,0,13,56,0,69,0,5,223,0,228,0,18,279,0,297,343,0,343,640
03/14/2018,FPR,FL,ASO,ES,Towers with Radar,0,7,52,0,59,0,5,208,0,213,0,12,260,0,272,341,0,341,613
03/15/2018,FPR,FL,ASO,ES,Towers with Radar,0,24,58,0,82,0,7,220,0,227,0,31,278,0,309,250,0,250,559
03/16/2018,FPR,FL,ASO,ES,Towers with Radar,0,18,90,0,108,0,8,191,0,199,0,26,281,0,307,380,0,380,687
03/17/2018,FPR,FL,ASO,ES,Towers with Radar,0,15,87,0,102,0,8,133,2,143,0,23,220,2,245,224,0,224,469
03/18/2018,FPR,FL,ASO,ES,Towers with Radar,0,7,76,0,83,0,9,156,0,165,0,16,232,0,248,215,0,215,463
03/19/2018,FPR,FL,ASO,ES,Towers with Radar,0,23,53,0,76,0,6,146,0,152,0,29,199,0,228,449,0,449,677
03/20/2018,FPR,FL,ASO,ES,Towers with Radar,0,16,48,0,64,0,5,58,0,63,0,21,106,0,127,73,0,73,200
03/21/2018,FPR,FL,ASO,ES,Towers with Radar,0,20,61,0,81,0,9,149,0,158,0,29,210,0,239,317,0,317,556
03/22/2018,FPR,FL,ASO,ES,Towers with Radar,0,14,45,0,59,0,2,211,1,214,0,16,256,1,273,331,0,331,604
03/23/2018,FPR,FL,ASO,ES,Towers with Radar,0,10,83,0,93,0,26,181,0,207,0,36,264,0,300,294,0,294,594
03/24/2018,FPR,FL,ASO,ES,Towers with Radar,0,13,87,0,100,0,4,151,0,155,0,17,238,0,255,215,0,215,470
03/25/2018,FPR,FL,ASO,ES,Towers with Radar,1,12,60,0,73,0,4,139,0,143,1,16,199,0,216,296,0,296,512
03/26/2018,FPR,FL,ASO,ES,Towers with Radar,0,7,69,0,76,0,2,107,0,109,0,9,176,0,185,209,0,209,394
03/27/2018,FPR,FL,ASO,ES,Towers with Radar,0,16,45,0,61,0,9,150,0,159,0,25,195,0,220,265,0,265,485
03/28/2018,FPR,FL,ASO,ES,Towers with Radar,0,6,55,0,61,0,10,181,2,193,0,16,236,2,254,314,0,314,568
03/29/2018,FPR,FL,ASO,ES,Towers with Radar,0,10,93,0,103,0,6,182,0,188,0,16,275,0,291,182,0,182,473
03/30/2018,FPR,FL,ASO,ES,Towers with Radar,0,10,77,0,87,0,4,211,0,215,0,14,288,0,302,224,0,224,526
03/31/2018,FPR,FL,ASO,ES,Towers with Radar,0,2,125,0,127,0,13,101,0,114,0,15,226,0,241,151,0,151,392
04/01/2018,FPR,FL,ASO,ES,Towers with Radar,0,0,63,0,63,0,6,89,0,95,0,6,152,0,158,156,0,156,314
04/02/2018,FPR,FL,ASO,ES,Towers with Radar,0,8,65,0,73,0,3,184,0,187,0,11,249,0,260,366,0,366,626
04/03/2018,FPR,FL,ASO,ES,Towers with Radar,0,3,61,0,64,0,12,203,0,215,0,15,264,0,279,328,0,328,607
04/04/2018,FPR,FL,ASO,ES,Towers with Radar,0,10,58,2,70,0,4,167,0,171,0,14,225,2,241,270,0,270,511
04/05/2018,FPR,FL,ASO,ES,Towers with Radar,0,4,48,0,52,0,9,154,0,163,0,13,202,0,215,175,0,175,390
04/06/2018,FPR,FL,ASO,ES,Towers with Radar,0,3,78,0,81,0,14,177,3,194,0,17,255,3,275,363,0,363,638
04/07/2018,FPR,FL,ASO,ES,Towers with Radar,0,18,82,0,100,0,9,125,0,134,0,27,207,0,234,114,0,114,348
04/08/2018,FPR,FL,ASO,ES,Towers with Radar,0,5,78,0,83,0,1,48,0,49,0,6,126,0,132,125,0,125,257
04/09/2018,FPR,FL,ASO,ES,Towers with Radar,0,6,35,0,41,0,23,199,0,222,0,29,234,0,263,305,0,305,568
04/10/2018,FPR,FL,ASO,ES,Towers with Radar,0,11,29,1,41,0,16,109,3,128,0,27,138,4,169,181,0,181,350
04/11/2018,FPR,FL,ASO,ES,Towers with Radar,0,9,56,0,65,0,7,117,0,124,0,16,173,0,189,124,0,124,313
04/12/2018,FPR,FL,ASO,ES,Towers with Radar,0,16,73,0,89,0,9,193,1,203,0,25,266,1,292,371,0,371,663
04/13/2018,FPR,FL,ASO,ES,Towers with Radar,0,6,61,1,68,0,16,219,0,235,0,22,280,1,303,389,0,389,692
04/14/2018,FPR,FL,ASO,ES,Towers with Radar,0,9,62,0,71,0,24,109,0,133,0,33,171,0,204,153,0,153,357
04/15/2018,FPR,FL,ASO,ES,Towers with Radar,0,15,21,0,36,0,6,43,0,49,0,21,64,0,85,90,0,90,175
04/16/2018,FPR,FL,ASO,ES,Towers with Radar,0,12,64,0,76,0,17,238,0,255,0,29,302,0,331,378,0,378,709
04/17/2018,FPR,FL,ASO,ES,Towers with Radar,0,18,56,0,74,0,29,217,1,247,0,47,273,1,321,432,0,432,753
04/18/2018,FPR,FL,ASO,ES,Towers with Radar,0,17,61,0,78,0,9,237,1,247,0,26,298,1,325,414,0,414,739
04/19/2018,FPR,FL,ASO,ES,Towers with Radar,0,8,40,0,48,0,24,176,1,201,0,32,216,1,249,524,0,524,773
04/20/2018,FPR,FL,ASO,ES,Towers with Radar,0,8,67,0,75,0,59,214,0,273,0,67,281,0,348,406,0,406,754
04/21/2018,FPR,FL,ASO,ES,Towers with Radar,0,7,58,0,65,0,61,86,0,147,0,68,144,0,212,217,0,217,429
04/22/2018,FPR,FL,ASO,ES,Towers with Radar,0,11,68,0,79,0,10,43,1,54,0,21,111,1,133,40,0,40,173
04/23/2018,FPR,FL,ASO,ES,Towers with Radar,0,14,33,0,47,0,12,86,0,98,0,26,119,0,145,176,0,176,321
04/24/2018,FPR,FL,ASO,ES,Towers with Radar,0,8,43,0,51,0,2,37,1,40,0,10,80,1,91,98,0,98,189
04/25/2018,FPR,FL,ASO,ES,Towers with Radar,0,14,40,0,54,0,8,194,0,202,0,22,234,0,256,397,0,397,653
04/26/2018,FPR,FL,ASO,ES,Towers with Radar,0,5,38,0,43,0,2,229,0,231,0,7,267,0,274,346,0,346,620
04/27/2018,FPR,FL,ASO,ES,Towers with Radar,0,7,51,0,58,0,4,182,2,188,0,11,233,2,246,279,0,279,525
04/28/2018,FPR,FL,ASO,ES,Towers with Radar,0,11,46,0,57,0,8,152,4,164,0,19,198,4,221,210,0,210,431
04/29/2018,FPR,FL,ASO,ES,Towers with Radar,0,11,88,0,99,0,19,135,0,154,0,30,223,0,253,157,0,157,410
04/30/2018,FPR,FL,ASO,ES,Towers with Radar,0,17,71,0,88,0,4,156,0,160,0,21,227,0,248,263,0,263,511
05/01/2018,FPR,FL,ASO,ES,Towers with Radar,0,20,42,0,62,0,6,169,2,177,0,26,211,2,239,443,0,443,682
05/02/2018,FPR,FL,ASO,ES,Towers with Radar,0,8,62,0,70,0,12,201,0,213,0,20,263,0,283,315,0,315,598
05/03/2018,FPR,FL,ASO,ES,Towers with Radar,0,7,50,0,57,0,6,171,0,177,0,13,221,0,234,298,0,298,532
05/04/2018,FPR,FL,ASO,ES,Towers with Radar,0,10,50,0,60,0,6,165,1,172,0,16,215,1,232,283,0,283,515
05/05/2018,FPR,FL,ASO,ES,Towers with Radar,0,6,35,0,41,0,7,79,0,86,0,13,114,0,127,205,0,205,332
05/06/2018,FPR,FL,ASO,ES,Towers with Radar,0,4,45,0,49,0,3,67,0,70,0,7,112,0,119,143,0,143,262
05/07/2018,FPR,FL,ASO,ES,Towers with Radar,0,13,56,0,69,0,2,150,0,152,0,15,206,0,221,382,0,382,603
05/08/2018,FPR,FL,ASO,ES,Towers with Radar,0,14,28,0,42,0,12,180,0,192,0,26,208,0,234,341,0,341,575
05/09/2018,FPR,FL,ASO,ES,Towers with Radar,0,12,33,0,45,0,13,200,0,213,0,25,233,0,258,309,0,309,567
05/10/2018,FPR,FL,ASO,ES,Towers with Radar,0,10,51,0,61,0,3,192,0,195,0,13,243,0,256,504,0,504,760
05/11/2018,FPR,FL,ASO,ES,Towers with Radar,0,13,39,0,52,0,6,175,0,181,0,19,214,0,233,453,0,453,686
05/12/2018,FPR,FL,ASO,ES,Towers with Radar,0,14,44,0,58,0,8,160,0,168,0,22,204,0,226,335,0,335,561
05/13/2018,FPR,FL,ASO,ES,Towers with Radar,0,13,41,0,54,0,1,24,0,25,0,14,65,0,79,44,0,44,123
05/14/2018,FPR,FL,ASO,ES,Towers with Radar,0,5,19,0,24,0,0,19,0,19,0,5,38,0,43,48,0,48,91
05/15/2018,FPR,FL,ASO,ES,Towers with Radar,0,26,47,0,73,0,8,127,0,135,0,34,174,0,208,210,0,210,418
05/16/2018,FPR,FL,ASO,ES,Towers with Radar,0,14,55,0,69,0,5,141,0,146,0,19,196,0,215,253,0,253,468
05/17/2018,FPR,FL,ASO,ES,Towers with Radar,0,14,57,0,71,0,6,73,0,79,0,20,130,0,150,121,0,121,271
05/18/2018,FPR,FL,ASO,ES,Towers with Radar,0,20,54,3,77,0,0,190,0,190,0,20,244,3,267,330,0,330,597
05/19/2018,FPR,FL,ASO,ES,Towers with Radar,0,4,47,0,51,0,0,52,0,52,0,4,99,0,103,113,0,113,216
05/20/2018,FPR,FL,ASO,ES,Towers with Radar,0,8,72,0,80,0,0,69,0,69,0,8,141,0,149,85,0,85,234
05/21/2018,FPR,FL,ASO,ES,Towers with Radar,0,14,48,0,62,0,3,91,0,94,0,17,139,0,156,174,0,174,330
05/22/2018,FPR,FL,ASO,ES,Towers with Radar,0,14,50,0,64,0,0,55,0,55,0,14,105,0,119,225,0,225,344
05/23/2018,FPR,FL,ASO,ES,Towers with Radar,0,26,66,0,92,0,7,219,0,226,0,33,285,0,318,457,0,457,775
05/24/2018,FPR,FL,ASO,ES,Towers with Radar,0,12,75,0,87,0,2,148,0,150,0,14,223,0,237,322,0,322,559
05/25/2018,FPR,FL,ASO,ES,Towers with Radar,0,21,126,0,147,0,6,119,0,125,0,27,245,0,272,230,0,230,502
05/26/2018,FPR,FL,ASO,ES,Towers with Radar,0,0,80,0,80,0,1,113,0,114,0,1,193,0,194,204,0,204,398
05/27/2018,FPR,FL,ASO,ES,Towers with Radar,0,0,10,0,10,0,0,4,0,4,0,0,14,0,14,6,0,6,20
05/28/2018,FPR,FL,ASO,ES,Towers with Radar,0,5,56,3,64,0,14,33,5,52,0,19,89,8,116,23,0,23,139
05/29/2018,FPR,FL,ASO,ES,Towers with Radar,0,26,55,0,81,0,5,202,0,207,0,31,257,0,288,273,0,273,561
05/30/2018,FPR,FL,ASO,ES,Towers with Radar,0,21,83,0,104,0,0,119,1,120,0,21,202,1,224,211,0,211,435
05/31/2018,FPR,FL,ASO,ES,Towers with Radar,0,11,66,0,77,0,7,155,0,162,0,18,221,0,239,314,0,314,553
06/01/2018,FPR,FL,ASO,ES,Towers with Radar,0,8,59,0,67,0,14,253,0,267,0,22,312,0,334,273,0,273,607
06/02/2018,FPR,FL,ASO,ES,Towers with Radar,0,12,66,0,78,0,9,172,0,181,0,21,238,0,259,224,0,224,483
06/03/2018,FPR,FL,ASO,ES,Towers with Radar,0,2,53,0,55,0,10,126,0,136,0,12,179,0,191,171,0,171,362
06/04/2018,FPR,FL,ASO,ES,Towers with Radar,0,7,68,0,75,0,6,146,0,152,0,13,214,0,227,301,0,301,528
06/05/2018,FPR,FL,ASO,ES,Towers with Radar,0,12,54,0,66,0,6,110,0,116,0,18,164,0,182,144,0,144,326
06/06/2018,FPR,FL,ASO,ES,Towers with Radar,0,9,51,0,60,0,11,130,0,141,0,20,181,0,201,195,0,195,396
06/07/2018,FPR,FL,ASO,ES,Towers with Radar,0,14,65,0,79,0,4,137,0,141,0,18,202,0,220,271,0,271,491
06/08/2018,FPR,FL,ASO,ES,Towers with Radar,0,10,76,0,86,0,1,184,0,185,0,11,260,0,271,293,0,293,564
06/09/2018,FPR,FL,ASO,ES,Towers with Radar,0,12,103,0,115,0,3,178,0,181,0,15,281,0,296,243,0,243,539
06/10/2018,FPR,FL,ASO,ES,Towers with Radar,0,13,67,0,80,0,3,128,0,131,0,16,195,0,211,143,0,143,354
06/11/2018,FPR,FL,ASO,ES,Towers with Radar,0,12,63,0,75,0,3,214,0,217,0,15,277,0,292,322,0,322,614
06/12/2018,FPR,FL,ASO,ES,Towers with Radar,0,14,69,0,83,0,8,225,0,233,0,22,294,0,316,341,0,341,657
06/13/2018,FPR,FL,ASO,ES,Towers with Radar,0,13,52,0,65,0,5,164,0,169,0,18,216,0,234,354,0,354,588
06/14/2018,FPR,FL,ASO,ES,Towers with Radar,0,13,52,0,65,0,3,190,0,193,0,16,242,0,258,381,0,381,639
06/15/2018,FPR,FL,ASO,ES,Towers with Radar,0,3,52,0,55,0,6,162,3,171,0,9,214,3,226,235,0,235,461
06/16/2018,FPR,FL,ASO,ES,Towers with Radar,0,15,55,0,70,0,6,140,0,146,0,21,195,0,216,225,0,225,441
06/17/2018,FPR,FL,ASO,ES,Towers with Radar,0,11,71,0,82,0,6,134,0,140,0,17,205,0,222,194,0,194,416
06/18/2018,FPR,FL,ASO,ES,Towers with Radar,0,11,81,0,92,0,7,191,0,198,0,18,272,0,290,240,0,240,530
06/19/2018,FPR,FL,ASO,ES,Towers with Radar,0,17,62,0,79,0,2,228,0,230,0,19,290,0,309,291,0,291,600
06/20/2018,FPR,FL,ASO,ES,Towers with Radar,0,10,68,0,78,0,1,228,0,229,0,11,296,0,307,364,0,364,671
06/21/2018,FPR,FL,ASO,ES,Towers with Radar,0,12,54,0,66,0,1,164,0,165,0,13,218,0,231,304,0,304,535
06/22/2018,FPR,FL,ASO,ES,Towers with Radar,0,12,48,0,60,0,8,166,1,175,0,20,214,1,235,304,0,304,539
06/23/2018,FPR,FL,ASO,ES,Towers with Radar,0,10,68,0,78,0,10,146,0,156,0,20,214,0,234,213,0,213,447
06/24/2018,FPR,FL,ASO,ES,Towers with Radar,0,18,67,0,85,0,8,131,0,139,0,26,198,0,224,220,0,220,444
06/25/2018,FPR,FL,ASO,ES,Towers with Radar,0,13,67,0,80,0,0,157,0,157,0,13,224,0,237,270,0,270,507
06/26/2018,FPR,FL,ASO,ES,Towers with Radar,0,17,69,0,86,0,6,197,0,203,0,23,266,0,289,280,0,280,569
06/27/2018,FPR,FL,ASO,ES,Towers with Radar,0,6,39,0,45,0,14,172,0,186,0,20,211,0,231,362,0,362,593
06/28/2018,FPR,FL,ASO,ES,Towers with Radar,0,20,45,0,65,0,5,222,0,227,0,25,267,0,292,308,0,308,600
06/29/2018,FPR,FL,ASO,ES,Towers with Radar,0,4,57,0,61,0,11,183,1,195,0,15,240,1,256,213,0,213,469
06/30/2018,FPR,FL,ASO,ES,Towers with Radar,0,5,55,0,60,0,5,148,0,153,0,10,203,0,213,119,0,119,332
07/01/2018,FPR,FL,ASO,ES,Towers with Radar,0,13,66,0,79,0,1,123,0,124,0,14,189,0,203,271,0,271,474
07/02/2018,FPR,FL,ASO,ES,Towers with Radar,0,16,66,0,82,0,7,236,0,243,0,23,302,0,325,322,0,322,647
07/03/2018,FPR,FL,ASO,ES,Towers with Radar,0,2,59,0,61,0,1,231,0,232,0,3,290,0,293,357,0,357,650
07/04/2018,FPR,FL,ASO,ES,Towers with Radar,0,0,19,0,19,0,11,60,0,71,0,11,79,0,90,0,0,0,90
07/05/2018,FPR,FL,ASO,ES,Towers with Radar,0,8,43,0,51,0,13,169,0,182,0,21,212,0,233,245,0,245,478
07/06/2018,FPR,FL,ASO,ES,Towers with Radar,0,8,57,0,65,0,10,199,0,209,0,18,256,0,274,328,0,328,602
07/07/2018,FPR,FL,ASO,ES,Towers with Radar,0,14,74,0,88,0,4,185,0,189,0,18,259,0,277,271,0,271,548
07/08/2018,FPR,FL,ASO,ES,Towers with Radar,0,8,65,0,73,0,7,138,0,145,0,15,203,0,218,134,0,134,352
07/09/2018,FPR,FL,ASO,ES,Towers with Radar,0,12,68,3,83,0,16,200,0,216,0,28,268,3,299,372,0,372,671
07/10/2018,FPR,FL,ASO,ES,Towers with Radar,0,11,56,0,67,0,4,179,0,183,0,15,235,0,250,359,0,359,609
07/11/2018,FPR,FL,ASO,ES,Towers with Radar,0,17,70,0,87,0,5,197,0,202,0,22,267,0,289,319,0,319,608
07/12/2018,FPR,FL,ASO,ES,Towers with Radar,0,15,62,0,77,0,9,189,0,198,0,24,251,0,275,354,0,354,629
07/13/2018,FPR,FL,ASO,ES,Towers with Radar,0,22,52,0,74,0,11,207,0,218,0,33,259,0,292,341,0,341,633
07/14/2018,FPR,FL,ASO,ES,Towers with Radar,0,7,60,0,67,0,22,181,1,204,0,29,241,1,271,305,0,305,576
07/15/2018,FPR,FL,ASO,ES,Towers with Radar,0,2,34,0,36,0,8,94,0,102,0,10,128,0,138,119,0,119,257
07/16/2018,FPR,FL,ASO,ES,Towers with Radar,0,17,72,0,89,0,4,217,0,221,0,21,289,0,310,313,0,313,623
07/17/2018,FPR,FL,ASO,ES,Towers with Radar,0,7,51,0,58,0,6,149,0,155,0,13,200,0,213,317,0,317,530
07/18/2018,FPR,FL,ASO,ES,Towers with Radar,0,6,54,0,60,0,6,203,0,209,0,12,257,0,269,312,0,312,581
07/19/2018,FPR,FL,ASO,ES,Towers with Radar,0,12,65,0,77,0,6,194,0,200,0,18,259,0,277,269,0,269,546
07/20/2018,FPR,FL,ASO,ES,Towers with Radar,0,21,65,0,86,0,23,193,0,216,0,44,258,0,302,304,0,304,606
07/21/2018,FPR,FL,ASO,ES,Towers with Radar,0,3,52,0,55,0,12,111,0,123,0,15,163,0,178,90,0,90,268
07/22/2018,FPR,FL,ASO,ES,Towers with Radar,0,3,43,0,46,0,8,76,0,84,0,11,119,0,130,102,0,102,232
07/23/2018,FPR,FL,ASO,ES,Towers with Radar,0,14,29,0,43,0,5,122,0,127,0,19,151,0,170,224,0,224,394
07/24/2018,FPR,FL,ASO,ES,Towers with Radar,0,24,55,0,79,0,7,145,0,152,0,31,200,0,231,210,0,210,441
07/25/2018,FPR,FL,ASO,ES,Towers with Radar,0,18,60,0,78,0,0,188,0,188,0,18,248,0,266,213,0,213,479
07/26/2018,FPR,FL,ASO,ES,Towers with Radar,0,9,71,0,80,0,7,203,0,210,0,16,274,0,290,249,0,249,539
07/27/2018,FPR,FL,ASO,ES,Towers with Radar,0,10,49,0,59,0,6,160,1,167,0,16,209,1,226,231,0,231,457
07/28/2018,FPR,FL,ASO,ES,Towers with Radar,0,3,69,0,72,0,0,113,0,113,0,3,182,0,185,184,0,184,369
07/29/2018,FPR,FL,ASO,ES,Towers with Radar,0,3,44,0,47,0,2,68,0,70,0,5,112,0,117,139,0,139,256
07/30/2018,FPR,FL,ASO,ES,Towers with Radar,0,10,55,0,65,0,8,177,0,185,0,18,232,0,250,193,0,193,443
07/31/2018,FPR,FL,ASO,ES,Towers with Radar,0,15,57,0,72,0,2,162,0,164,0,17,219,0,236,161,0,161,397
08/01/2018,FPR,FL,ASO,ES,Towers with Radar,0,9,62,0,71,0,14,147,0,161,0,23,209,0,232,212,0,212,444
08/02/2018,FPR,FL,ASO,ES,Towers with Radar,0,16,48,4,68,0,5,167,0,172,0,21,215,4,240,185,0,185,425
08/03/2018,FPR,FL,ASO,ES,Towers with Radar,0,2,68,0,70,0,4,179,1,184,0,6,247,1,254,346,0,346,600
08/04/2018,FPR,FL,ASO,ES,Towers with Radar,0,15,80,0,95,0,16,126,0,142,0,31,206,0,237,241,0,241,478
08/05/2018,FPR,FL,ASO,ES,Towers with Radar,0,7,74,0,81,0,8,117,0,125,0,15,191,0,206,148,0,148,354
08/06/2018,FPR,FL,ASO,ES,Towers with Radar,0,15,49,4,68,0,5,153,3,161,0,20,202,7,229,290,0,290,519
08/07/2018,FPR,FL,ASO,ES,Towers with Radar,0,16,66,0,82,0,7,196,0,203,0,23,262,0,285,303,0,303,588
08/08/2018,FPR,FL,ASO,ES,Towers with Radar,0,17,51,0,68,0,7,202,0,209,0,24,253,0,277,274,0,274,551
08/09/2018,FPR,FL,ASO,ES,Towers with Radar,0,25,48,0,73,0,2,166,0,168,0,27,214,0,241,347,0,347,588
08/10/2018,FPR,FL,ASO,ES,Towers with Radar,0,0,52,0,52,0,8,132,1,141,0,8,184,1,193,344,0,344,537
08/11/2018,FPR,FL,ASO,ES,Towers with Radar,0,9,62,0,71,0,4,124,0,128,0,13,186,0,199,168,0,168,367
08/12/2018,FPR,FL,ASO,ES,Towers with Radar,0,9,59,0,68,0,7,70,0,77,0,16,129,0,145,124,0,124,269
08/13/2018,FPR,FL,ASO,ES,Towers with Radar,0,25,63,0,88,0,4,191,0,195,0,29,254,0,283,398,0,398,681
08/14/2018,FPR,FL,ASO,ES,Towers with Radar,0,26,52,0,78,0,5,151,0,156,0,31,203,0,234,349,0,349,583
08/15/2018,FPR,FL,ASO,ES,Towers with Radar,0,3,59,0,62,0,13,180,0,193,0,16,239,0,255,301,0,301,556
08/16/2018,FPR,FL,ASO,ES,Towers with Radar,0,49,56,0,105,0,5,164,0,169,0,54,220,0,274,276,0,276,550
08/17/2018,FPR,FL,ASO,ES,Towers with Radar,0,30,72,0,102,0,6,209,0,215,0,36,281,0,317,293,0,293,610
08/18/2018,FPR,FL,ASO,ES,Towers with Radar,0,8,39,0,47,0,3,96,0,99,0,11,135,0,146,245,0,245,391
08/19/2018,FPR,FL,ASO,ES,Towers with Radar,0,10,53,0,63,0,7,112,0,119,0,17,165,0,182,113,0,113,295
08/20/2018,FPR,FL,ASO,ES,Towers with Radar,0,14,54,0,68,0,8,143,0,151,0,22,197,0,219,294,0,294,513
08/21/2018,FPR,FL,ASO,ES,Towers with Radar,0,16,64,4,84,0,15,199,0,214,0,31,263,4,298,266,0,266,564
08/22/2018,FPR,FL,ASO,ES,Towers with Radar,0,10,51,0,61,0,19,172,0,191,0,29,223,0,252,231,0,231,483
08/23/2018,FPR,FL,ASO,ES,Towers with Radar,0,29,46,0,75,0,3,156,0,159,0,32,202,0,234,294,0,294,528
08/24/2018,FPR,FL,ASO,ES,Towers with Radar,0,34,39,0,73,0,5,174,2,181,0,39,213,2,254,282,0,282,536
08/25/2018,FPR,FL,ASO,ES,Towers with Radar,0,21,36,0,57,0,11,83,0,94,0,32,119,0,151,225,0,225,376
08/26/2018,FPR,FL,ASO,ES,Towers with Radar,0,8,80,0,88,0,2,136,0,138,0,10,216,0,226,151,0,151,377
08/27/2018,FPR,FL,ASO,ES,Towers with Radar,0,22,62,0,84,0,6,152,0,158,0,28,214,0,242,331,0,331,573
08/28/2018,FPR,FL,ASO,ES,Towers with Radar,0,39,51,0,90,0,4,140,0,144,0,43,191,0,234,301,0,301,535
08/29/2018,FPR,FL,ASO,ES,Towers with Radar,0,41,97,0,138,0,13,183,0,196,0,54,280,0,334,339,0,339,673
08/30/2018,FPR,FL,ASO,ES,Towers with Radar,0,35,88,0,123,0,4,172,0,176,0,39,260,0,299,235,0,235,534
08/31/2018,FPR,FL,ASO,ES,Towers with Radar,0,58,63,8,129,0,12,158,3,173,0,70,221,11,302,228,0,228,530
09/01/2018,FPR,FL,ASO,ES,Towers with Radar,0,25,58,0,83,0,11,105,0,116,0,36,163,0,199,168,0,168,367
09/02/2018,FPR,FL,ASO,ES,Towers with Radar,0,6,44,0,50,0,4,66,0,70,0,10,110,0,120,118,0,118,238
09/03/2018,FPR,FL,ASO,ES,Towers with Radar,0,2,38,0,40,0,4,25,0,29,0,6,63,0,69,7,0,7,76
09/04/2018,FPR,FL,ASO,ES,Towers with Radar,0,52,58,0,110,0,13,142,0,155,0,65,200,0,265,235,0,235,500
09/05/2018,FPR,FL,ASO,ES,Towers with Radar,0,45,65,3,113,0,12,166,0,178,0,57,231,3,291,257,0,257,548
09/06/2018,FPR,FL,ASO,ES,Towers with Radar,0,33,57,0,90,0,5,128,0,133,0,38,185,0,223,331,0,331,554
09/07/2018,FPR,FL,ASO,ES,Towers with Radar,0,31,37,2,70,0,9,178,0,187,0,40,215,2,257,254,0,254,511
09/08/2018,FPR,FL,ASO,ES,Towers with Radar,0,29,37,0,66,0,9,114,0,123,0,38,151,0,189,244,0,244,433
09/09/2018,FPR,FL,ASO,ES,Towers with Radar,0,24,30,0,54,0,1,82,0,83,0,25,112,0,137,210,0,210,347
09/10/2018,FPR,FL,ASO,ES,Towers with Radar,0,18,63,0,81,0,8,166,0,174,0,26,229,0,255,294,0,294,549
09/11/2018,FPR,FL,ASO,ES,Towers with Radar,0,39,68,0,107,0,14,156,0,170,0,53,224,0,277,334,0,334,611
09/12/2018,FPR,FL,ASO,ES,Towers with Radar,0,27,90,0,117,0,11,157,0,168,0,38,247,0,285,350,0,350,635
09/13/2018,FPR,FL,ASO,ES,Towers with Radar,0,42,58,0,100,0,14,137,0,151,0,56,195,0,251,210,0,210,461
09/14/2018,FPR,FL,ASO,ES,Towers with Radar,0,29,62,0,91,0,3,142,0,145,0,32,204,0,236,243,0,243,479
09/15/2018,FPR,FL,ASO,ES,Towers with Radar,0,19,22,0,41,0,25,111,0,136,0,44,133,0,177,133,0,133,310
09/16/2018,FPR,FL,ASO,ES,Towers with Radar,0,35,40,0,75,0,2,94,0,96,0,37,134,0,171,97,0,97,268
09/17/2018,FPR,FL,ASO,ES,Towers with Radar,0,38,50,0,88,0,5,164,0,169,0,43,214,0,257,292,0,292,549
09/18/2018,FPR,FL,ASO,ES,Towers with Radar,0,32,46,0,78,0,23,181,0,204,0,55,227,0,282,334,0,334,616
09/19/2018,FPR,FL,ASO,ES,Towers with Radar,0,18,61,4,83,0,11,179,6,196,0,29,240,10,279,318,0,318,597
09/20/2018,FPR,FL,ASO,ES,Towers with Radar,0,14,58,0,72,0,12,190,0,202,0,26,248,0,274,300,0,300,574
09/21/2018,FPR,FL,ASO,ES,Towers with Radar,0,24,74,2,100,0,19,148,4,171,0,43,222,6,271,206,0,206,477
09/22/2018,FPR,FL,ASO,ES,Towers with Radar,0,3,35,0,38,0,6,110,0,116,0,9,145,0,154,211,0,211,365
09/23/2018,FPR,FL,ASO,ES,Towers with Radar,0,26,52,0,78,0,5,79,0,84,0,31,131,0,162,160,0,160,322
09/24/2018,FPR,FL,ASO,ES,Towers with Radar,0,22,77,2,101,0,8,183,2,193,0,30,260,4,294,353,0,353,647
09/25/2018,FPR,FL,ASO,ES,Towers with Radar,0,23,75,0,98,0,12,180,0,192,0,35,255,0,290,347,0,347,637
09/26/2018,FPR,FL,ASO,ES,Towers with Radar,0,41,61,0,102,0,1,213,0,214,0,42,274,0,316,355,0,355,671
09/27/2018,FPR,FL,ASO,ES,Towers with Radar,0,24,66,0,90,0,10,188,0,198,0,34,254,0,288,297,0,297,585
09/28/2018,FPR,FL,ASO,ES,Towers with Radar,0,34,70,0,104,0,8,212,0,220,0,42,282,0,324,276,0,276,600
09/29/2018,FPR,FL,ASO,ES,Towers with Radar,0,16,77,0,93,0,17,155,0,172,0,33,232,0,265,210,0,210,475
09/30/2018,FPR,FL,ASO,ES,Towers with Radar,0,7,60,0,67,0,9,101,0,110,0,16,161,0,177,134,0,134,311
10/01/2018,FPR,FL,ASO,ES,Towers with Radar,0,26,83,0,109,0,12,199,0,211,0,38,282,0,320,258,0,258,578
10/02/2018,FPR,FL,ASO,ES,Towers with Radar,0,66,97,0,163,0,10,129,0,139,0,76,226,0,302,196,0,196,498
10/03/2018,FPR,FL,ASO,ES,Towers with Radar,0,59,90,0,149,0,12,198,0,210,0,71,288,0,359,213,0,213,572
10/04/2018,FPR,FL,ASO,ES,Towers with Radar,0,33,79,0,112,0,4,170,0,174,0,37,249,0,286,321,0,321,607
10/05/2018,FPR,FL,ASO,ES,Towers with Radar,0,27,83,0,110,0,7,206,0,213,0,34,289,0,323,382,0,382,705
10/06/2018,FPR,FL,ASO,ES,Towers with Radar,0,19,51,0,70,0,10,118,0,128,0,29,169,0,198,313,0,313,511
10/07/2018,FPR,FL,ASO,ES,Towers with Radar,0,14,43,0,57,0,5,97,1,103,0,19,140,1,160,204,0,204,364
10/08/2018,FPR,FL,ASO,ES,Towers with Radar,0,60,86,0,146,0,7,148,0,155,0,67,234,0,301,169,0,169,470
10/09/2018,FPR,FL,ASO,ES,Towers with Radar,0,45,75,0,120,0,4,130,0,134,0,49,205,0,254,356,0,356,610
10/10/2018,FPR,FL,ASO,ES,Towers with Radar,0,56,65,0,121,0,8,185,0,193,0,64,250,0,314,238,0,238,552
10/11/2018,FPR,FL,ASO,ES,Towers with Radar,0,16,47,0,63,0,9,117,0,126,0,25,164,0,189,309,0,309,498
10/12/2018,FPR,FL,ASO,ES,Towers with Radar,0,23,63,0,86,0,4,110,0,114,0,27,173,0,200,322,0,322,522
10/13/2018,FPR,FL,ASO,ES,Towers with Radar,0,10,32,0,42,0,10,132,0,142,0,20,164,0,184,233,0,233,417
10/14/2018,FPR,FL,ASO,ES,Towers with Radar,0,7,64,0,71,0,19,138,0,157,0,26,202,0,228,211,0,211,439
10/15/2018,FPR,FL,ASO,ES,Towers with Radar,0,62,25,0,87,0,6,71,0,77,0,68,96,0,164,24,0,24,188
10/16/2018,FPR,FL,ASO,ES,Towers with Radar,0,69,89,0,158,0,5,199,0,204,0,74,288,0,362,439,0,439,801
10/17/2018,FPR,FL,ASO,ES,Towers with Radar,0,50,77,3,130,0,12,177,2,191,0,62,254,5,321,414,0,414,735
10/18/2018,FPR,FL,ASO,ES,Towers with Radar,0,34,53,0,87,0,2,184,0,186,0,36,237,0,273,348,0,348,621
10/19/2018,FPR,FL,ASO,ES,Towers with Radar,0,24,57,0,81,0,19,183,0,202,0,43,240,0,283,289,0,289,572
10/20/2018,FPR,FL,ASO,ES,Towers with Radar,0,18,46,0,64,0,12,172,0,184,0,30,218,0,248,277,0,277,525
10/21/2018,FPR,FL,ASO,ES,Towers with Radar,0,14,44,0,58,0,6,113,0,119,0,20,157,0,177,81,0,81,258
10/22/2018,FPR,FL,ASO,ES,Towers with Radar,0,20,51,0,71,0,9,144,0,153,0,29,195,0,224,319,0,319,543
10/23/2018,FPR,FL,ASO,ES,Towers with Radar,0,40,55,0,95,0,7,195,0,202,0,47,250,0,297,320,0,320,617
10/24/2018,FPR,FL,ASO,ES,Towers with Radar,0,23,47,0,70,0,12,174,0,186,0,35,221,0,256,266,0,266,522
10/25/2018,FPR,FL,ASO,ES,Towers with Radar,0,26,55,0,81,0,7,162,0,169,0,33,217,0,250,444,0,444,694
10/26/2018,FPR,FL,ASO,ES,Towers with Radar,0,18,42,0,60,0,12,156,0,168,0,30,198,0,228,285,0,285,513
10/27/2018,FPR,FL,ASO,ES,Towers with Radar,0,4,53,0,57,0,5,161,0,166,0,9,214,0,223,367,0,367,590
10/28/2018,FPR,FL,ASO,ES,Towers with Radar,0,8,45,0,53,0,5,75,0,80,0,13,120,0,133,192,0,192,325
10/29/2018,FPR,FL,ASO,ES,Towers with Radar,0,19,52,3,74,0,14,158,0,172,0,33,210,3,246,408,0,408,654
10/30/2018,FPR,FL,ASO,ES,Towers with Radar,0,30,44,3,77,0,8,175,0,183,0,38,219,3,260,410,5,415,675
10/31/2018,FPR,FL,ASO,ES,Towers with Radar,0,10,71,0,81,0,20,194,0,214,0,30,265,0,295,405,0,405,700
11/01/2018,FPR,FL,ASO,ES,Towers with Radar,0,41,83,0,124,0,6,211,0,217,0,47,294,0,341,355,0,355,696
11/02/2018,FPR,FL,ASO,ES,Towers with Radar,0,31,57,2,90,0,7,182,2,191,0,38,239,4,281,216,0,216,497
11/03/2018,FPR,FL,ASO,ES,Towers with Radar,0,5,86,0,91,0,22,134,7,163,0,27,220,7,254,179,0,179,433
11/04/2018,FPR,FL,ASO,ES,Towers with Radar,0,21,67,0,88,0,8,81,2,91,0,29,148,2,179,299,0,299,478
11/05/2018,FPR,FL,ASO,ES,Towers with Radar,0,40,92,0,132,0,2,159,0,161,0,42,251,0,293,383,0,383,676
11/06/2018,FPR,FL,ASO,ES,Towers with Radar,0,20,68,0,88,0,11,172,0,183,0,31,240,0,271,403,0,403,674
11/07/2018,FPR,FL,ASO,ES,Towers with Radar,0,29,89,0,118,0,16,237,0,253,0,45,326,0,371,495,0,495,866
11/08/2018,FPR,FL,ASO,ES,Towers with Radar,0,25,101,0,126,0,19,262,0,281,0,44,363,0,407,380,0,380,787
11/09/2018,FPR,FL,ASO,ES,Towers with Radar,0,28,82,0,110,0,16,203,0,219,0,44,285,0,329,365,0,365,694
11/10/2018,FPR,FL,ASO,ES,Towers with Radar,0,10,65,0,75,0,11,126,0,137,0,21,191,0,212,221,0,221,433
11/11/2018,FPR,FL,ASO,ES,Towers with Radar,0,2,76,0,78,0,19,123,0,142,0,21,199,0,220,282,0,282,502
11/12/2018,FPR,FL,ASO,ES,Towers with Radar,0,41,77,1,119,0,12,118,0,130,0,53,195,1,249,174,0,174,423
11/13/2018,FPR,FL,ASO,ES,Towers with Radar,0,38,62,0,100,0,4,130,0,134,0,42,192,0,234,271,0,271,505
11/14/2018,FPR,FL,ASO,ES,Towers with Radar,0,45,65,0,110,0,20,172,0,192,0,65,237,0,302,411,0,411,713
11/15/2018,FPR,FL,ASO,ES,Towers with Radar,0,20,57,0,77,0,9,120,0,129,0,29,177,0,206,322,0,322,528
11/16/2018,FPR,FL,ASO,ES,Towers with Radar,0,14,84,0,98,0,11,181,1,193,0,25,265,1,291,230,0,230,521
11/17/2018,FPR,FL,ASO,ES,Towers with Radar,0,16,71,0,87,0,7,156,0,163,0,23,227,0,250,355,0,355,605
11/18/2018,FPR,FL,ASO,ES,Towers with Radar,0,15,74,0,89,0,8,129,0,137,0,23,203,0,226,310,0,310,536
11/19/2018,FPR,FL,ASO,ES,Towers with Radar,0,31,76,0,107,0,16,141,0,157,0,47,217,0,264,369,0,369,633
11/20/2018,FPR,FL,ASO,ES,Towers with Radar,0,36,59,0,95,0,4,109,0,113,0,40,168,0,208,290,0,290,498
11/21/2018,FPR,FL,ASO,ES,Towers with Radar,0,9,71,0,80,0,7,194,0,201,0,16,265,0,281,287,0,287,568
11/22/2018,FPR,FL,ASO,ES,Towers with Radar,0,0,11,0,11,0,4,17,0,21,0,4,28,0,32,12,0,12,44
11/23/2018,FPR,FL,ASO,ES,Towers with Radar,0,5,45,0,50,0,9,43,0,52,0,14,88,0,102,38,0,38,140
11/24/2018,FPR,FL,ASO,ES,Towers with Radar,0,12,75,0,87,0,20,171,0,191,0,32,246,0,278,379,0,379,657
11/25/2018,FPR,FL,ASO,ES,Towers with Radar,0,10,67,0,77,0,11,108,0,119,0,21,175,0,196,181,0,181,377
11/26/2018,FPR,FL,ASO,ES,Towers with Radar,0,26,63,7,96,0,9,146,1,156,0,35,209,8,252,391,0,391,643
11/27/2018,FPR,FL,ASO,ES,Towers with Radar,0,29,47,0,76,0,15,179,0,194,0,44,226,0,270,460,0,460,730
11/28/2018,FPR,FL,ASO,ES,Towers with Radar,0,17,52,0,69,0,11,195,0,206,0,28,247,0,275,484,0,484,759
11/29/2018,FPR,FL,ASO,ES,Towers with Radar,0,35,64,0,99,0,11,234,0,245,0,46,298,0,344,486,0,486,830
11/30/2018,FPR,FL,ASO,ES,Towers with Radar,0,9,74,4,87,0,10,182,0,192,0,19,256,4,279,429,0,429,708
12/01/2018,FPR,FL,ASO,ES,Towers with Radar,0,23,63,0,86,0,17,119,0,136,0,40,182,0,222,244,0,244,466
12/02/2018,FPR,FL,ASO,ES,Towers with Radar,0,15,65,0,80,0,7,117,0,124,0,22,182,0,204,211,0,211,415
12/03/2018,FPR,FL,ASO,ES,Towers with Radar,0,18,63,0,81,0,12,176,0,188,0,30,239,0,269,265,0,265,534
12/04/2018,FPR,FL,ASO,ES,Towers with Radar,0,31,83,0,114,0,3,63,2,68,0,34,146,2,182,228,0,228,410
12/05/2018,FPR,FL,ASO,ES,Towers with Radar,0,24,51,0,75,0,24,216,0,240,0,48,267,0,315,251,0,251,566
12/06/2018,FPR,FL,ASO,ES,Towers with Radar,0,26,67,2,95,0,10,237,0,247,0,36,304,2,342,518,0,518,860
12/07/2018,FPR,FL,ASO,ES,Towers with Radar,0,20,69,0,89,0,4,209,0,213,0,24,278,0,302,404,0,404,706
12/08/2018,FPR,FL,ASO,ES,Towers with Radar,0,36,58,0,94,0,13,190,0,203,0,49,248,0,297,382,0,382,679
12/09/2018,FPR,FL,ASO,ES,Towers with Radar,0,8,27,0,35,0,5,25,0,30,0,13,52,0,65,110,0,110,175
12/10/2018,FPR,FL,ASO,ES,Towers with Radar,0,28,59,0,87,0,11,181,0,192,0,39,240,0,279,317,0,317,596
12/11/2018,FPR,FL,ASO,ES,Towers with Radar,0,18,68,0,86,0,12,180,0,192,0,30,248,0,278,238,0,238,516
12/12/2018,FPR,FL,ASO,ES,Towers with Radar,0,21,45,0,66,0,13,152,1,166,0,34,197,1,232,248,0,248,480
12/13/2018,FPR,FL,ASO,ES,Towers with Radar,0,57,70,0,127,0,7,151,0,158,0,64,221,0,285,331,0,331,616
12/14/2018,FPR,FL,ASO,ES,Towers with Radar,0,24,57,0,81,0,4,157,0,161,0,28,214,0,242,248,0,248,490
12/15/2018,FPR,FL,ASO,ES,Towers with Radar,0,29,52,0,81,0,9,70,0,79,0,38,122,0,160,161,0,161,321
12/16/2018,FPR,FL,ASO,ES,Towers with Radar,0,28,55,0,83,0,24,156,1,181,0,52,211,1,264,313,0,313,577
12/17/2018,FPR,FL,ASO,ES,Towers with Radar,0,16,34,0,50,0,13,183,0,196,0,29,217,0,246,363,0,363,609
12/18/2018,FPR,FL,ASO,ES,Towers with Radar,0,29,35,0,64,0,7,165,0,172,0,36,200,0,236,329,0,329,565
12/19/2018,FPR,FL,ASO,ES,Towers with Radar,0,23,71,0,94,0,16,162,0,178,0,39,233,0,272,279,0,279,551
12/20/2018,FPR,FL,ASO,ES,Towers with Radar,0,1,21,0,22,0,5,13,0,18,0,6,34,0,40,15,0,15,55
12/21/2018,FPR,FL,ASO,ES,Towers with Radar,0,12,32,0,44,0,7,18,0,25,0,19,50,0,69,14,0,14,83
12/22/2018,FPR,FL,ASO,ES,Towers with Radar,0,14,38,0,52,0,10,81,0,91,0,24,119,0,143,42,0,42,185
12/23/2018,FPR,FL,ASO,ES,Towers with Radar,0,16,28,0,44,0,15,56,0,71,0,31,84,0,115,56,0,56,171
12/24/2018,FPR,FL,ASO,ES,Towers with Radar,0,2,19,1,22,0,8,54,0,62,0,10,73,1,84,19,0,19,103
12/25/2018,FPR,FL,ASO,ES,Towers with Radar,0,0,6,0,6,0,7,5,1,13,0,7,11,1,19,0,0,0,19
12/26/2018,FPR,FL,ASO,ES,Towers with Radar,0,41,58,0,99,0,11,51,0,62,0,52,109,0,161,95,0,95,256
12/27/2018,FPR,FL,ASO,ES,Towers with Radar,0,49,44,0,93,0,3,64,0,67,0,52,108,0,160,49,0,49,209
12/28/2018,FPR,FL,ASO,ES,Towers with Radar,0,31,44,0,75,0,11,30,0,41,0,42,74,0,116,40,0,40,156
12/29/2018,FPR,FL,ASO,ES,Towers with Radar,0,18,46,0,64,0,14,54,0,68,0,32,100,0,132,29,0,29,161
12/30/2018,FPR,FL,ASO,ES,Towers with Radar,0,23,31,0,54,0,13,53,0,66,0,36,84,0,120,86,0,86,206
12/31/2018,FPR,FL,ASO,ES,Towers with Radar,0,2,28,0,30,0,2,53,0,55,0,4,81,0,85,7,0,7,92
01/01/2019,FPR,FL,ASO,ES,Towers with Radar,0,4,65,0,69,0,7,60,0,67,0,11,125,0,136,0,0,0,136
01/02/2019,FPR,FL,ASO,ES,Towers with Radar,0,54,88,0,142,0,14,105,0,119,0,68,193,0,261,135,0,135,396
01/03/2019,FPR,FL,ASO,ES,Towers with Radar,0,28,68,0,96,0,11,132,0,143,0,39,200,0,239,206,0,206,445
01/04/2019,FPR,FL,ASO,ES,Towers with Radar,0,21,69,0,90,0,17,164,0,181,0,38,233,0,271,146,0,146,417
01/05/2019,FPR,FL,ASO,ES,Towers with Radar,0,8,88,1,97,0,16,143,0,159,0,24,231,1,256,194,0,194,450
01/06/2019,FPR,FL,ASO,ES,Towers with Radar,0,7,64,0,71,0,17,117,0,134,0,24,181,0,205,235,0,235,440
01/07/2019,FPR,FL,ASO,ES,Towers with Radar,0,31,61,0,92,0,8,136,0,144,0,39,197,0,236,405,0,405,641
01/08/2019,FPR,FL,ASO,ES,Towers with Radar,0,50,58,0,108,0,17,188,0,205,0,67,246,0,313,315,0,315,628
01/09/2019,FPR,FL,ASO,ES,Towers with Radar,0,14,39,1,54,0,9,150,0,159,0,23,189,1,213,362,0,362,575
01/10/2019,FPR,FL,ASO,ES,Towers with Radar,0,29,49,0,78,0,11,224,0,235,0,40,273,0,313,423,0,423,736
01/11/2019,FPR,FL,ASO,ES,Towers with Radar,0,18,62,0,80,0,12,157,0,169,0,30,219,0,249,341,0,341,590
01/12/2019,FPR,FL,ASO,ES,Towers with Radar,0,27,45,0,72,0,15,97,0,112,0,42,142,0,184,278,0,278,462
01/13/2019,FPR,FL,ASO,ES,Towers with Radar,0,13,49,0,62,0,13,131,0,144,0,26,180,0,206,295,0,295,501
01/14/2019,FPR,FL,ASO,ES,Towers with Radar,0,13,41,0,54,0,14,124,0,138,0,27,165,0,192,179,0,179,371
01/15/2019,FPR,FL,ASO,ES,Towers with Radar,0,22,45,0,67,0,8,176,0,184,0,30,221,0,251,300,0,300,551
01/16/2019,FPR,FL,ASO,ES,Towers with Radar,0,12,59,0,71,0,13,182,0,195,0,25,241,0,266,256,0,256,522
01/17/2019,FPR,FL,ASO,ES,Towers with Radar,0,16,51,0,67,0,11,190,0,201,0,27,241,0,268,380,0,380,648
01/18/2019,FPR,FL,ASO,ES,Towers with Radar,0,19,64,0,83,0,5,191,0,196,0,24,255,0,279,446,0,446,725
01/19/2019,FPR,FL,ASO,ES,Towers with Radar,0,13,52,0,65,0,9,156,0,165,0,22,208,0,230,229,0,229,459
01/20/2019,FPR,FL,ASO,ES,Towers with Radar,0,9,37,0,46,0,5,44,0,49,0,14,81,0,95,35,0,35,130
01/21/2019,FPR,FL,ASO,ES,Towers with Radar,0,9,41,0,50,0,3,208,0,211,0,12,249,0,261,236,0,236,497
01/22/2019,FPR,FL,ASO,ES,Towers with Radar,0,43,65,0,108,0,9,168,0,177,0,52,233,0,285,282,0,282,567
01/23/2019,FPR,FL,ASO,ES,Towers with Radar,0,25,63,0,88,0,11,122,0,133,0,36,185,0,221,137,0,137,358
01/24/2019,FPR,FL,ASO,ES,Towers with Radar,0,4,29,0,33,0,3,86,0,89,0,7,115,0,122,240,0,240,362
01/25/2019,FPR,FL,ASO,ES,Towers with Radar,0,21,44,0,65,0,16,190,0,206,0,37,234,0,271,267,0,267,538
01/26/2019,FPR,FL,ASO,ES,Towers with Radar,0,28,47,0,75,0,14,123,0,137,0,42,170,0,212,194,0,194,406
01/27/2019,FPR,FL,ASO,ES,Towers with Radar,0,2,24,0,26,0,0,1,0,1,0,2,25,0,27,4,0,4,31
01/28/2019,FPR,FL,ASO,ES,Towers with Radar,0,23,82,0,105,0,10,106,0,116,0,33,188,0,221,257,0,257,478
01/29/2019,FPR,FL,ASO,ES,Towers with Radar,0,31,51,0,82,0,19,215,0,234,0,50,266,0,316,506,0,506,822
01/30/2019,FPR,FL,ASO,ES,Towers with Radar,0,12,55,0,67,0,4,195,0,199,0,16,250,0,266,310,0,310,576
01/31/2019,FPR,FL,ASO,ES,Towers with Radar,0,31,83,0,114,0,3,91,0,94,0,34,174,0,208,334,0,334,542
02/01/2019,FPR,FL,ASO,ES,Towers with Radar,0,45,97,0,142,0,3,94,0,97,0,48,191,0,239,348,0,348,587
02/02/2019,FPR,FL,ASO,ES,Towers with Radar,0,42,63,0,105,0,22,203,0,225,0,64,266,0,330,382,0,382,712
02/03/2019,FPR,FL,ASO,ES,Towers with Radar,0,10,50,0,60,0,12,120,0,132,0,22,170,0,192,286,0,286,478
02/04/2019,FPR,FL,ASO,ES,Towers with Radar,0,34,94,0,128,0,6,104,0,110,0,40,198,0,238,204,0,204,442
02/05/2019,FPR,FL,ASO,ES,Towers with Radar,0,33,72,0,105,0,7,208,0,215,0,40,280,0,320,400,0,400,720
02/06/2019,FPR,FL,ASO,ES,Towers with Radar,0,44,56,0,100,0,7,230,0,237,0,51,286,0,337,407,0,407,744
02/07/2019,FPR,FL,ASO,ES,Towers with Radar,0,48,54,0,102,0,9,242,0,251,0,57,296,0,353,451,0,451,804
02/08/2019,FPR,FL,ASO,ES,Towers with Radar,0,45,71,0,116,0,9,240,0,249,0,54,311,0,365,432,0,432,797
02/09/2019,FPR,FL,ASO,ES,Towers with Radar,0,16,46,0,62,0,13,181,0,194,0,29,227,0,256,403,0,403,659
02/10/2019,FPR,FL,ASO,ES,Towers with Radar,0,34,78,0,112,0,27,99,0,126,0,61,177,0,238,300,0,300,538
02/11/2019,FPR,FL,ASO,ES,Towers with Radar,0,38,60,0,98,0,12,174,0,186,0,50,234,0,284,504,0,504,788
02/12/2019,FPR,FL,ASO,ES,Towers with Radar,0,52,70,0,122,0,8,128,0,136,0,60,198,0,258,246,0,246,504
02/13/2019,FPR,FL,ASO,ES,Towers with Radar,0,7,41,0,48,0,0,10,0,10,0,7,51,0,58,6,0,6,64
02/14/2019,FPR,FL,ASO,ES,Towers with Radar,0,16,51,0,67,0,12,218,0,230,0,28,269,0,297,478,0,478,775
02/15/2019,FPR,FL,ASO,ES,Towers with Radar,0,7,78,0,85,0,20,230,0,250,0,27,308,0,335,506,0,506,841
02/16/2019,FPR,FL,ASO,ES,Towers with Radar,0,23,62,0,85,0,8,166,0,174,0,31,228,0,259,350,0,350,609
02/17/2019,FPR,FL,ASO,ES,Towers with Radar,0,7,79,0,86,0,18,145,0,163,0,25,224,0,249,298,0,298,547
02/18/2019,FPR,FL,ASO,ES,Towers with Radar,0,43,88,0,131,0,4,192,0,196,0,47,280,0,327,435,0,435,762
02/19/2019,FPR,FL,ASO,ES,Towers with Radar,0,63,76,0,139,0,9,169,0,178,0,72,245,0,317,468,0,468,785
02/20/2019,FPR,FL,ASO,ES,Towers with Radar,0,60,61,0,121,0,9,133,0,142,0,69,194,0,263,274,0,274,537
02/21/2019,FPR,FL,ASO,ES,Towers with Radar,0,58,76,4,138,0,13,221,1,235,0,71,297,5,373,340,0,340,713
02/22/2019,FPR,FL,ASO,ES,Towers with Radar,0,43,75,0,118,0,22,223,0,245,0,65,298,0,363,456,0,456,819
02/23/2019,FPR,FL,ASO,ES,Towers with Radar,0,21,48,8,77,0,13,150,0,163,0,34,198,8,240,289,0,289,529
02/24/2019,FPR,FL,ASO,ES,Towers with Radar,0,4,69,0,73,0,3,133,0,136,0,7,202,0,209,282,0,282,491
02/25/2019,FPR,FL,ASO,ES,Towers with Radar,0,38,61,0,99,0,7,132,3,142,0,45,193,3,241,185,0,185,426
02/26/2019,FPR,FL,ASO,ES,Towers with Radar,0,29,70,0,99,0,6,190,0,196,0,35,260,0,295,462,0,462,757
02/27/2019,FPR,FL,ASO,ES,Towers with Radar,0,46,55,0,101,0,8,158,0,166,0,54,213,0,267,509,0,509,776
02/28/2019,FPR,FL,ASO,ES,Towers with Radar,0,48,85,0,133,0,10,172,0,182,0,58,257,0,315,363,0,363,678
03/01/2019,FPR,FL,ASO,ES,Towers with Radar,0,37,73,0,110,0,11,216,0,227,0,48,289,0,337,447,0,447,784
03/02/2019,FPR,FL,ASO,ES,Towers with Radar,0,33,82,0,115,0,7,184,0,191,0,40,266,0,306,324,0,324,630
03/03/2019,FPR,FL,ASO,ES,Towers with Radar,0,19,63,0,82,0,2,118,0,120,0,21,181,0,202,252,0,252,454
03/04/2019,FPR,FL,ASO,ES,Towers with Radar,0,30,63,0,93,0,11,87,0,98,0,41,150,0,191,256,0,256,447
03/05/2019,FPR,FL,ASO,ES,Towers with Radar,0,35,62,0,97,0,5,50,0,55,0,40,112,0,152,135,0,135,287
03/06/2019,FPR,FL,ASO,ES,Towers with Radar,0,6,61,0,67,0,2,189,0,191,0,8,250,0,258,201,0,201,459
03/07/2019,FPR,FL,ASO,ES,Towers with Radar,0,33,74,0,107,0,14,229,1,244,0,47,303,1,351,524,0,524,875
03/08/2019,FPR,FL,ASO,ES,Towers with Radar,0,35,84,0,119,0,21,176,0,197,0,56,260,0,316,542,0,542,858
03/09/2019,FPR,FL,ASO,ES,Towers with Radar,0,15,101,0,116,0,18,176,1,195,0,33,277,1,311,253,0,253,564
03/10/2019,FPR,FL,ASO,ES,Towers with Radar,0,9,77,0,86,0,10,113,0,123,0,19,190,0,209,307,0,307,516
03/11/2019,FPR,FL,ASO,ES,Towers with Radar,0,30,78,6,114,0,14,200,0,214,0,44,278,6,328,508,0,508,836
03/12/2019,FPR,FL,ASO,ES,Towers with Radar,0,37,78,0,115,0,4,128,0,132,0,41,206,0,247,277,0,277,524
03/13/2019,FPR,FL,ASO,ES,Towers with Radar,0,37,90,6,133,0,13,182,0,195,0,50,272,6,328,341,0,341,669
03/14/2019,FPR,FL,ASO,ES,Towers with Radar,0,38,83,0,121,0,20,221,0,241,0,58,304,0,362,439,0,439,801
03/15/2019,FPR,FL,ASO,ES,Towers with Radar,0,30,97,0,127,0,12,180,0,192,0,42,277,0,319,377,0,377,696
03/16/2019,FPR,FL,ASO,ES,Towers with Radar,0,17,118,1,136,0,2,32,0,34,0,19,150,1,170,124,0,124,294
03/17/2019,FPR,FL,ASO,ES,Towers with Radar,0,12,92,0,104,0,7,65,0,72,0,19,157,0,176,142,0,142,318
03/18/2019,FPR,FL,ASO,ES,Towers with Radar,0,20,76,0,96,0,9,94,0,103,0,29,170,0,199,179,0,179,378
03/19/2019,FPR,FL,ASO,ES,Towers with Radar,0,0,64,8,72,0,2,37,0,39,0,2,101,8,111,79,0,79,190
03/20/2019,FPR,FL,ASO,ES,Towers with Radar,0,47,90,0,137,0,8,147,0,155,0,55,237,0,292,184,0,184,476
03/21/2019,FPR,FL,ASO,ES,Towers with Radar,0,30,92,0,122,0,5,258,0,263,0,35,350,0,385,485,0,485,870
03/22/2019,FPR,FL,ASO,ES,Towers with Radar,0,27,86,0,113,0,13,159,0,172,0,40,245,0,285,414,0,414,699
03/23/2019,FPR,FL,ASO,ES,Towers with Radar,0,26,122,0,148,0,14,220,0,234,0,40,342,0,382,427,0,427,809
03/24/2019,FPR,FL,ASO,ES,Towers with Radar,0,32,83,0,115,0,2,154,2,158,0,34,237,2,273,297,0,297,570
03/25/2019,FPR,FL,ASO,ES,Towers with Radar,0,49,77,0,126,0,12,209,0,221,0,61,286,0,347,474,0,474,821
03/26/2019,FPR,FL,ASO,ES,Towers with Radar,0,19,113,0,132,0,10,159,0,169,0,29,272,0,301,478,0,478,779
03/27/2019,FPR,FL,ASO,ES,Towers with Radar,0,0,21,0,21,0,2,12,0,14,0,2,33,0,35,25,0,25,60
03/28/2019,FPR,FL,ASO,ES,Towers with Radar,0,27,56,0,83,0,3,59,0,62,0,30,115,0,145,70,0,70,215
03/29/2019,FPR,FL,ASO,ES,Towers with Radar,0,6,106,0,112,0,2,213,0,215,0,8,319,0,327,383,0,383,710
03/30/2019,FPR,FL,ASO,ES,Towers with Radar,0,20,114,0,134,0,8,141,0,149,0,28,255,0,283,281,0,281,564
03/31/2019,FPR,FL,ASO,ES,Towers with Radar,0,8,99,0,107,0,10,156,0,166,0,18,255,0,273,359,0,359,632
04/01/2019,FPR,FL,ASO,ES,Towers with Radar,0,47,67,0,114,0,2,154,0,156,0,49,221,0,270,352,0,352,622
04/02/2019,FPR,FL,ASO,ES,Towers with Radar,0,13,51,0,64,0,6,64,0,70,0,19,115,0,134,241,0,241,375
04/03/2019,FPR,FL,ASO,ES,Towers with Radar,0,41,72,0,113,0,18,155,0,173,0,59,227,0,286,267,0,267,553
04/04/2019,FPR,FL,ASO,ES,Towers with Radar,0,53,72,0,125,0,14,225,0,239,0,67,297,0,364,462,0,462,826
04/05/2019,FPR,FL,ASO,ES,Towers with Radar,0,15,59,0,74,0,4,75,0,79,0,19,134,0,153,144,0,144,297
04/06/2019,FPR,FL,ASO,ES,Towers with Radar,0,11,101,0,112,0,2,161,0,163,0,13,262,0,275,268,0,268,543
04/07/2019,FPR,FL,ASO,ES,Towers with Radar,0,9,105,0,114,0,4,129,0,133,0,13,234,0,247,187,0,187,434
04/08/2019,FPR,FL,ASO,ES,Towers with Radar,0,18,81,1,100,0,1,152,0,153,0,19,233,1,253,220,0,220,473
04/09/2019,FPR,FL,ASO,ES,Towers with Radar,0,26,52,0,78,0,6,71,0,77,0,32,123,0,155,146,0,146,301
04/10/2019,FPR,FL,ASO,ES,Towers with Radar,0,15,48,0,63,0,16,100,0,116,0,31,148,0,179,137,0,137,316
04/11/2019,FPR,FL,ASO,ES,Towers with Radar,0,44,102,0,146,0,16,235,1,252,0,60,337,1,398,481,0,481,879
04/12/2019,FPR,FL,ASO,ES,Towers with Radar,0,18,69,0,87,0,8,210,0,218,0,26,279,0,305,308,0,308,613
04/13/2019,FPR,FL,ASO,ES,Towers with Radar,0,16,77,0,93,0,9,144,0,153,0,25,221,0,246,177,0,177,423
04/14/2019,FPR,FL,ASO,ES,Towers with Radar,0,6,62,0,68,0,4,99,0,103,0,10,161,0,171,169,0,169,340
04/15/2019,FPR,FL,ASO,ES,Towers with Radar,0,21,60,0,81,0,4,151,0,155,0,25,211,0,236,378,0,378,614
04/16/2019,FPR,FL,ASO,ES,Towers with Radar,0,30,105,0,135,0,14,194,0,208,0,44,299,0,343,396,0,396,739
04/17/2019,FPR,FL,ASO,ES,Towers with Radar,0,16,78,0,94,0,15,205,0,220,0,31,283,0,314,405,0,405,719
04/18/2019,FPR,FL,ASO,ES,Towers with Radar,0,28,107,0,135,0,5,149,0,154,0,33,256,0,289,174,0,174,463
04/19/2019,FPR,FL,ASO,ES,Towers with Radar,0,0,29,0,29,0,0,55,0,55,0,0,84,0,84,119,0,119,203
04/20/2019,FPR,FL,ASO,ES,Towers with Radar,0,13,78,0,91,0,7,145,0,152,0,20,223,0,243,262,0,262,505
04/21/2019,FPR,FL,ASO,ES,Towers with Radar,0,3,57,0,60,0,3,52,0,55,0,6,109,0,115,36,0,36,151
04/22/2019,FPR,FL,ASO,ES,Towers with Radar,0,32,120,0,152,0,13,197,0,210,0,45,317,0,362,485,0,485,847
04/23/2019,FPR,FL,ASO,ES,Towers with Radar,0,29,83,0,112,0,0,59,0,59,0,29,142,0,171,56,0,56,227
04/24/2019,FPR,FL,ASO,ES,Towers with Radar,0,16,92,0,108,0,13,226,0,239,0,29,318,0,347,459,0,459,806
04/25/2019,FPR,FL,ASO,ES,Towers with Radar,0,25,71,0,96,0,13,207,0,220,0,38,278,0,316,448,0,448,764
04/26/2019,FPR,FL,ASO,ES,Towers with Radar,0,14,54,0,68,0,19,118,1,138,0,33,172,1,206,197,0,197,403
04/27/2019,FPR,FL,ASO,ES,Towers with Radar,0,5,45,0,50,0,5,86,0,91,0,10,131,0,141,20,0,20,161
04/28/2019,FPR,FL,ASO,ES,Towers with Radar,0,7,68,0,75,0,7,77,0,84,0,14,145,0,159,130,0,130,289
04/29/2019,FPR,FL,ASO,ES,Towers with Radar,0,9,76,1,86,0,6,200,1,207,0,15,276,2,293,472,0,472,765
04/30/2019,FPR,FL,ASO,ES,Towers with Radar,0,26,74,0,100,0,3,190,0,193,0,29,264,0,293,387,0,387,680
05/01/2019,FPR,FL,ASO,ES,Towers with Radar,0,22,49,0,71,0,6,123,0,129,0,28,172,0,200,238,0,238,438
05/02/2019,FPR,FL,ASO,ES,Towers with Radar,0,43,71,0,114,0,5,92,0,97,0,48,163,0,211,394,0,394,605
05/03/2019,FPR,FL,ASO,ES,Towers with Radar,0,13,65,0,78,0,1,69,0,70,0,14,134,0,148,174,0,174,322
05/04/2019,FPR,FL,ASO,ES,Towers with Radar,0,5,52,0,57,0,8,75,0,83,0,13,127,0,140,182,0,182,322
05/05/2019,FPR,FL,ASO,ES,Towers with Radar,0,2,69,0,71,0,2,72,0,74,0,4,141,0,145,222,0,222,367
05/06/2019,FPR,FL,ASO,ES,Towers with Radar,0,7,56,0,63,0,6,110,0,116,0,13,166,0,179,376,0,376,555
05/07/2019,FPR,FL,ASO,ES,Towers with Radar,0,11,50,0,61,0,9,165,0,174,0,20,215,0,235,376,0,376,611
05/08/2019,FPR,FL,ASO,ES,Towers with Radar,0,3,31,0,34,0,14,202,0,216,0,17,233,0,250,484,0,484,734
05/09/2019,FPR,FL,ASO,ES,Towers with Radar,0,8,56,0,64,0,10,199,0,209,0,18,255,0,273,485,0,485,758
05/10/2019,FPR,FL,ASO,ES,Towers with Radar,0,32,44,0,76,0,8,164,0,172,0,40,208,0,248,426,0,426,674
05/11/2019,FPR,FL,ASO,ES,Towers with Radar,0,6,69,0,75,0,3,127,0,130,0,9,196,0,205,308,0,308,513
05/12/2019,FPR,FL,ASO,ES,Towers with Radar,0,2,41,0,43,0,3,91,0,94,0,5,132,0,137,275,0,275,412
05/13/2019,FPR,FL,ASO,ES,Towers with Radar,0,8,34,0,42,0,6,149,0,155,0,14,183,0,197,213,0,213,410
05/14/2019,FPR,FL,ASO,ES,Towers with Radar,0,3,59,0,62,0,5,142,0,147,0,8,201,0,209,373,0,373,582
05/15/2019,FPR,FL,ASO,ES,Towers with Radar,0,34,66,0,100,0,21,149,0,170,0,55,215,0,270,433,0,433,703
05/16/2019,FPR,FL,ASO,ES,Towers with Radar,0,8,68,0,76,0,9,202,0,211,0,17,270,0,287,417,0,417,704
05/17/2019,FPR,FL,ASO,ES,Towers with Radar,0,16,71,0,87,0,8,188,0,196,0,24,259,0,283,352,0,352,635
05/18/2019,FPR,FL,ASO,ES,Towers with Radar,0,26,52,0,78,0,7,126,2,135,0,33,178,2,213,290,0,290,503
05/19/2019,FPR,FL,ASO,ES,Towers with Radar,0,10,53,1,64,0,9,106,0,115,0,19,159,1,179,284,0,284,463
05/20/2019,FPR,FL,ASO,ES,Towers with Radar,0,36,73,0,109,0,13,157,0,170,0,49,230,0,279,488,0,488,767
05/21/2019,FPR,FL,ASO,ES,Towers with Radar,0,12,50,0,62,0,24,183,0,207,0,36,233,0,269,485,0,485,754
05/22/2019,FPR,FL,ASO,ES,Towers with Radar,0,18,60,0,78,0,24,179,5,208,0,42,239,5,286,397,0,397,683
05/23/2019,FPR,FL,ASO,ES,Towers with Radar,0,11,81,1,93,0,18,152,1,171,0,29,233,2,264,389,0,389,653
05/24/2019,FPR,FL,ASO,ES,Towers with Radar,0,18,87,0,105,0,20,208,1,229,0,38,295,1,334,338,0,338,672
05/25/2019,FPR,FL,ASO,ES,Towers with Radar,0,13,57,0,70,0,4,148,4,156,0,17,205,4,226,263,0,263,489
05/26/2019,FPR,FL,ASO,ES,Towers with Radar,0,12,58,0,70,0,15,118,2,135,0,27,176,2,205,200,0,200,405
05/27/2019,FPR,FL,ASO,ES,Towers with Radar,0,3,64,0,67,0,11,70,4,85,0,14,134,4,152,25,0,25,177
05/28/2019,FPR,FL,ASO,ES,Towers with Radar,0,25,79,0,104,0,36,173,0,209,0,61,252,0,313,483,0,483,796
05/29/2019,FPR,FL,ASO,ES,Towers with Radar,0,31,57,0,88,0,26,204,0,230,0,57,261,0,318,463,0,463,781
05/30/2019,FPR,FL,ASO,ES,Towers with Radar,0,30,69,0,99,0,17,165,0,182,0,47,234,0,281,397,0,397,678
05/31/2019,FPR,FL,ASO,ES,Towers with Radar,0,43,54,0,97,0,11,173,0,184,0,54,227,0,281,355,0,355,636
06/01/2019,FPR,FL,ASO,ES,Towers with Radar,0,10,32,0,42,0,4,81,0,85,0,14,113,0,127,149,0,149,276
06/02/2019,FPR,FL,ASO,ES,Towers with Radar,0,12,70,0,82,0,11,103,1,115,0,23,173,1,197,301,0,301,498
06/03/2019,FPR,FL,ASO,ES,Towers with Radar,0,24,46,0,70,0,17,144,0,161,0,41,190,0,231,459,0,459,690
06/04/2019,FPR,FL,ASO,ES,Towers with Radar,0,37,46,0,83,0,14,163,0,177,0,51,209,0,260,452,0,452,712
06/05/2019,FPR,FL,ASO,ES,Towers with Radar,0,43,37,0,80,0,25,69,0,94,0,68,106,0,174,81,0,81,255
06/06/2019,FPR,FL,ASO,ES,Towers with Radar,0,39,56,0,95,0,8,152,0,160,0,47,208,0,255,688,0,688,943
06/07/2019,FPR,FL,ASO,ES,Towers with Radar,0,27,41,0,68,0,13,162,0,175,0,40,203,0,243,326,0,326,569
06/08/2019,FPR,FL,ASO,ES,Towers with Radar,0,8,66,0,74,0,3,116,0,119,0,11,182,0,193,328,0,328,521
06/09/2019,FPR,FL,ASO,ES,Towers with Radar,0,4,40,0,44,0,9,58,0,67,0,13,98,0,111,133,0,133,244
06/10/2019,FPR,FL,ASO,ES,Towers with Radar,0,21,43,0,64,0,15,124,0,139,0,36,167,0,203,339,0,339,542
06/11/2019,FPR,FL,ASO,ES,Towers with Radar,0,31,50,0,81,0,13,160,1,174,0,44,210,1,255,394,0,394,649
06/12/2019,FPR,FL,ASO,ES,Towers with Radar,0,42,46,0,88,0,25,182,0,207,0,67,228,0,295,500,0,500,795
06/13/2019,FPR,FL,ASO,ES,Towers with Radar,0,19,45,0,64,0,2,120,0,122,0,21,165,0,186,326,0,326,512
06/14/2019,FPR,FL,ASO,ES,Towers with Radar,0,33,50,0,83,0,10,170,0,180,0,43,220,0,263,444,0,444,707
06/15/2019,FPR,FL,ASO,ES,Towers with Radar,0,19,58,0,77,0,4,136,0,140,0,23,194,0,217,378,0,378,595
06/16/2019,FPR,FL,ASO,ES,Towers with Radar,0,16,49,0,65,0,0,74,1,75,0,16,123,1,140,179,0,179,319
06/17/2019,FPR,FL,ASO,ES,Towers with Radar,0,39,56,0,95,0,3,81,0,84,0,42,137,0,179,218,0,218,397
06/18/2019,FPR,FL,ASO,ES,Towers with Radar,0,34,61,0,95,0,18,132,2,152,0,52,193,2,247,322,0,322,569
06/19/2019,FPR,FL,ASO,ES,Towers with Radar,0,17,38,0,55,0,20,125,0,145,0,37,163,0,200,409,0,409,609
06/20/2019,FPR,FL,ASO,ES,Towers with Radar,0,27,54,0,81,0,15,172,0,187,0,42,226,0,268,450,0,450,718
06/21/2019,FPR,FL,ASO,ES,Towers with Radar,0,27,41,0,68,0,21,179,0,200,0,48,220,0,268,538,0,538,806
06/22/2019,FPR,FL,ASO,ES,Towers with Radar,0,33,70,0,103,0,15,152,0,167,0,48,222,0,270,426,0,426,696
06/23/2019,FPR,FL,ASO,ES,Towers with Radar,0,17,62,0,79,0,10,139,0,149,0,27,201,0,228,302,0,302,530
06/24/2019,FPR,FL,ASO,ES,Towers with Radar,0,11,80,0,91,0,20,156,0,176,0,31,236,0,267,426,0,426,693
06/25/2019,FPR,FL,ASO,ES,Towers with Radar,0,30,53,0,83,0,24,141,0,165,0,54,194,0,248,364,0,364,612
06/26/2019,FPR,FL,ASO,ES,Towers with Radar,0,16,54,0,70,0,14,149,0,163,0,30,203,0,233,444,0,444,677
06/27/2019,FPR,FL,ASO,ES,Towers with Radar,0,54,57,0,111,0,17,138,1,156,0,71,195,1,267,385,0,385,652
06/28/2019,FPR,FL,ASO,ES,Towers with Radar,0,23,51,0,74,0,3,122,0,125,0,26,173,0,199,294,0,294,493
06/29/2019,FPR,FL,ASO,ES,Towers with Radar,0,7,74,0,81,0,5,77,0,82,0,12,151,0,163,219,0,219,382
06/30/2019,FPR,FL,ASO,ES,Towers with Radar,0,14,68,0,82,0,8,98,0,106,0,22,166,0,188,323,0,323,511
07/01/2019,FPR,FL,ASO,ES,Towers with Radar,0,26,47,0,73,0,14,138,2,154,0,40,185,2,227,433,0,433,660
07/02/2019,FPR,FL,ASO,ES,Towers with Radar,0,34,34,0,68,0,10,146,0,156,0,44,180,0,224,364,0,364,588
07/03/2019,FPR,FL,ASO,ES,Towers with Radar,0,31,67,10,108,0,10,173,0,183,0,41,240,10,291,484,0,484,775
07/04/2019,FPR,FL,ASO,ES,Towers with Radar,0,0,15,0,15,0,2,43,0,45,0,2,58,0,60,42,0,42,102
07/05/2019,FPR,FL,ASO,ES,Towers with Radar,0,2,59,0,61,0,3,153,0,156,0,5,212,0,217,369,0,369,586
07/06/2019,FPR,FL,ASO,ES,Towers with Radar,0,10,98,0,108,0,8,82,0,90,0,18,180,0,198,88,0,88,286
07/07/2019,FPR,FL,ASO,ES,Towers with Radar,0,2,101,0,103,0,7,90,0,97,0,9,191,0,200,227,0,227,427
07/08/2019,FPR,FL,ASO,ES,Towers with Radar,0,13,43,0,56,0,7,103,0,110,0,20,146,0,166,235,0,235,401
07/09/2019,FPR,FL,ASO,ES,Towers with Radar,0,31,53,2,86,0,11,159,0,170,0,42,212,2,256,214,0,214,470
07/10/2019,FPR,FL,ASO,ES,Towers with Radar,0,48,47,0,95,0,8,175,0,183,0,56,222,0,278,377,0,377,655
07/11/2019,FPR,FL,ASO,ES,Towers with Radar,0,28,55,0,83,0,6,131,0,137,0,34,186,0,220,325,0,325,545
07/12/2019,FPR,FL,ASO,ES,Towers with Radar,0,15,56,0,71,0,21,151,0,172,0,36,207,0,243,375,0,375,618
07/13/2019,FPR,FL,ASO,ES,Towers with Radar,0,18,73,0,91,0,16,144,0,160,0,34,217,0,251,350,0,350,601
07/14/2019,FPR,FL,ASO,ES,Towers with Radar,0,14,84,0,98,0,9,130,0,139,0,23,214,0,237,235,0,235,472
07/15/2019,FPR,FL,ASO,ES,Towers with Radar,0,14,59,10,83,0,19,155,1,175,0,33,214,11,258,467,0,467,725
07/16/2019,FPR,FL,ASO,ES,Towers with Radar,0,28,62,5,95,0,14,173,5,192,0,42,235,10,287,380,0,380,667
07/17/2019,FPR,FL,ASO,ES,Towers with Radar,0,46,56,0,102,0,8,139,3,150,0,54,195,3,252,313,0,313,565
07/18/2019,FPR,FL,ASO,ES,Towers with Radar,0,39,58,0,97,0,4,111,0,115,0,43,169,0,212,257,0,257,469
07/19/2019,FPR,FL,ASO,ES,Towers with Radar,0,48,52,0,100,0,4,139,0,143,0,52,191,0,243,347,0,347,590
07/20/2019,FPR,FL,ASO,ES,Towers with Radar,0,17,64,0,81,0,9,111,0,120,0,26,175,0,201,286,0,286,487
07/21/2019,FPR,FL,ASO,ES,Towers with Radar,0,3,66,0,69,0,1,99,0,100,0,4,165,0,169,205,0,205,374
07/22/2019,FPR,FL,ASO,ES,Towers with Radar,0,27,46,0,73,0,10,144,0,154,0,37,190,0,227,368,0,368,595
07/23/2019,FPR,FL,ASO,ES,Towers with Radar,0,34,45,0,79,0,4,118,0,122,0,38,163,0,201,302,0,302,503
07/24/2019,FPR,FL,ASO,ES,Towers with Radar,0,16,34,0,50,0,7,139,0,146,0,23,173,0,196,320,0,320,516
07/25/2019,FPR,FL,ASO,ES,Towers with Radar,0,40,65,0,105,0,1,150,0,151,0,41,215,0,256,273,0,273,529
07/26/2019,FPR,FL,ASO,ES,Towers with Radar,0,23,58,0,81,0,8,125,1,134,0,31,183,1,215,323,0,323,538
07/27/2019,FPR,FL,ASO,ES,Towers with Radar,0,30,59,0,89,0,13,128,0,141,0,43,187,0,230,262,0,262,492
07/28/2019,FPR,FL,ASO,ES,Towers with Radar,0,6,55,0,61,0,3,94,0,97,0,9,149,0,158,264,0,264,422
07/29/2019,FPR,FL,ASO,ES,Towers with Radar,0,38,62,0,100,0,5,154,0,159,0,43,216,0,259,318,0,318,577
07/30/2019,FPR,FL,ASO,ES,Towers with Radar,0,22,57,0,79,0,3,115,2,120,0,25,172,2,199,264,0,264,463
07/31/2019,FPR,FL,ASO,ES,Towers with Radar,0,33,71,0,104,0,9,159,0,168,0,42,230,0,272,394,0,394,666
08/01/2019,FPR,FL,ASO,ES,Towers with Radar,0,21,35,0,56,0,6,84,0,90,0,27,119,0,146,224,0,224,370
08/02/2019,FPR,FL,ASO,ES,Towers with Radar,0,14,52,0,66,0,11,77,0,88,0,25,129,0,154,144,0,144,298
08/03/2019,FPR,FL,ASO,ES,Towers with Radar,0,20,55,0,75,0,11,107,0,118,0,31,162,0,193,159,0,159,352
08/04/2019,FPR,FL,ASO,ES,Towers with Radar,0,7,46,0,53,0,2,105,0,107,0,9,151,0,160,156,0,156,316
08/05/2019,FPR,FL,ASO,ES,Towers with Radar,0,24,37,0,61,0,5,81,0,86,0,29,118,0,147,248,0,248,395
08/06/2019,FPR,FL,ASO,ES,Towers with Radar,0,43,39,0,82,0,18,115,0,133,0,61,154,0,215,356,0,356,571
08/07/2019,FPR,FL,ASO,ES,Towers with Radar,0,39,55,0,94,0,10,139,0,149,0,49,194,0,243,248,0,248,491
08/08/2019,FPR,FL,ASO,ES,Towers with Radar,0,19,52,0,71,0,2,150,0,152,0,21,202,0,223,280,0,280,503
08/09/2019,FPR,FL,ASO,ES,Towers with Radar,0,40,49,0,89,0,13,147,0,160,0,53,196,0,249,290,0,290,539
08/10/2019,FPR,FL,ASO,ES,Towers with Radar,0,20,49,0,69,0,3,108,0,111,0,23,157,0,180,249,0,249,429
08/11/2019,FPR,FL,ASO,ES,Towers with Radar,0,15,57,0,72,0,7,95,0,102,0,22,152,0,174,194,0,194,368
08/12/2019,FPR,FL,ASO,ES,Towers with Radar,0,14,43,0,57,0,3,86,0,89,0,17,129,0,146,269,0,269,415
08/13/2019,FPR,FL,ASO,ES,Towers with Radar,0,27,43,0,70,0,8,124,0,132,0,35,167,0,202,301,0,301,503
08/14/2019,FPR,FL,ASO,ES,Towers with Radar,0,47,52,0,99,0,9,107,1,117,0,56,159,1,216,356,0,356,572
08/15/2019,FPR,FL,ASO,ES,Towers with Radar,0,16,34,0,50,0,8,111,0,119,0,24,145,0,169,207,0,207,376
08/16/2019,FPR,FL,ASO,ES,Towers with Radar,0,32,54,0,86,0,7,152,0,159,0,39,206,0,245,309,0,309,554
08/17/2019,FPR,FL,ASO,ES,Towers with Radar,0,23,60,0,83,0,2,146,0,148,0,25,206,0,231,252,0,252,483
08/18/2019,FPR,FL,ASO,ES,Towers with Radar,0,20,72,0,92,0,7,85,0,92,0,27,157,0,184,210,0,210,394
08/19/2019,FPR,FL,ASO,ES,Towers with Radar,0,52,87,0,139,0,12,188,0,200,0,64,275,0,339,308,0,308,647
08/20/2019,FPR,FL,ASO,ES,Towers with Radar,0,41,57,1,99,0,16,164,1,181,0,57,221,2,280,355,0,355,635
08/21/2019,FPR,FL,ASO,ES,Towers with Radar,0,43,59,0,102,0,10,164,0,174,0,53,223,0,276,406,0,406,682
08/22/2019,FPR,FL,ASO,ES,Towers with Radar,0,41,66,0,107,0,12,121,1,134,0,53,187,1,241,371,0,371,612
08/23/2019,FPR,FL,ASO,ES,Towers with Radar,0,45,51,0,96,0,6,116,0,122,0,51,167,0,218,357,0,357,575
08/24/2019,FPR,FL,ASO,ES,Towers with Radar,0,31,40,0,71,0,4,90,0,94,0,35,130,0,165,281,0,281,446
08/25/2019,FPR,FL,ASO,ES,Towers with Radar,0,16,56,0,72,0,1,86,0,87,0,17,142,0,159,193,0,193,352
08/26/2019,FPR,FL,ASO,ES,Towers with Radar,0,33,52,0,85,0,8,98,3,109,0,41,150,3,194,293,0,293,487
08/27/2019,FPR,FL,ASO,ES,Towers with Radar,0,26,40,0,66,0,17,139,0,156,0,43,179,0,222,293,0,293,515
08/28/2019,FPR,FL,ASO,ES,Towers with Radar,0,25,73,0,98,0,13,178,0,191,0,38,251,0,289,251,0,251,540
08/29/2019,FPR,FL,ASO,ES,Towers with Radar,0,43,36,0,79,0,9,106,0,115,0,52,142,0,194,298,0,298,492
08/30/2019,FPR,FL,ASO,ES,Towers with Radar,0,3,56,0,59,0,0,25,0,25,0,3,81,0,84,4,0,4,88
08/31/2019,FPR,FL,ASO,ES,Towers with Radar,0,0,6,0,6,0,3,7,0,10,0,3,13,0,16,0,0,0,16
09/01/2019,FPR,FL,ASO,ES,Towers with Radar,0,0,5,0,5,0,2,7,0,9,0,2,12,0,14,2,0,2,16
09/02/2019,FPR,FL,ASO,ES,Towers with Radar,0,0,0,0,0,0,0,0,0,0,0,0,0,0,0,0,0,0,0
09/03/2019,FPR,FL,ASO,ES,Towers with Radar,0,0,0,0,0,0,0,0,0,0,0,0,0,0,0,0,0,0,0
09/04/2019,FPR,FL,ASO,ES,Towers with Radar,0,1,7,0,8,0,3,11,0,14,0,4,18,0,22,0,0,0,22
09/05/2019,FPR,FL,ASO,ES,Towers with Radar,0,2,57,0,59,0,2,30,0,32,0,4,87,0,91,3,0,3,94
09/06/2019,FPR,FL,ASO,ES,Towers with Radar,0,4,30,0,34,0,2,104,0,106,0,6,134,0,140,137,0,137,277
09/07/2019,FPR,FL,ASO,ES,Towers with Radar,0,60,64,0,124,0,6,114,0,120,0,66,178,0,244,159,0,159,403
09/08/2019,FPR,FL,ASO,ES,Towers with Radar,0,22,49,0,71,0,3,157,0,160,0,25,206,0,231,155,0,155,386
09/09/2019,FPR,FL,ASO,ES,Towers with Radar,0,55,63,0,118,0,4,144,0,148,0,59,207,0,266,308,0,308,574
09/10/2019,FPR,FL,ASO,ES,Towers with Radar,0,63,94,7,164,0,8,165,1,174,0,71,259,8,338,345,0,345,683
09/11/2019,FPR,FL,ASO,ES,Towers with Radar,0,65,84,0,149,0,21,135,0,156,0,86,219,0,305,241,0,241,546
09/12/2019,FPR,FL,ASO,ES,Towers with Radar,0,38,61,0,99,0,5,105,0,110,0,43,166,0,209,191,0,191,400
09/13/2019,FPR,FL,ASO,ES,Towers with Radar,0,36,37,0,73,0,4,68,1,73,0,40,105,1,146,55,0,55,201
09/14/2019,FPR,FL,ASO,ES,Towers with Radar,0,1,7,0,8,0,8,11,0,19,0,9,18,0,27,0,0,0,27
09/15/2019,FPR,FL,ASO,ES,Towers with Radar,0,1,11,0,12,0,2,32,0,34,0,3,43,0,46,18,0,18,64
09/16/2019,FPR,FL,ASO,ES,Towers with Radar,0,46,51,0,97,0,2,127,0,129,0,48,178,0,226,248,0,248,474
09/17/2019,FPR,FL,ASO,ES,Towers with Radar,0,41,69,0,110,0,8,164,0,172,0,49,233,0,282,318,0,318,600
09/18/2019,FPR,FL,ASO,ES,Towers with Radar,0,72,60,0,132,0,9,201,0,210,0,81,261,0,342,440,0,440,782
09/19/2019,FPR,FL,ASO,ES,Towers with Radar,0,41,56,0,97,0,17,144,0,161,0,58,200,0,258,229,0,229,487
09/20/2019,FPR,FL,ASO,ES,Towers with Radar,0,37,60,4,101,0,10,80,0,90,0,47,140,4,191,113,0,113,304
09/21/2019,FPR,FL,ASO,ES,Towers with Radar,0,39,53,0,92,0,5,84,0,89,0,44,137,0,181,195,0,195,376
09/22/2019,FPR,FL,ASO,ES,Towers with Radar,0,8,31,0,39,0,5,86,0,91,0,13,117,0,130,267,0,267,397
09/23/2019,FPR,FL,ASO,ES,Towers with Radar,0,67,44,0,111,0,13,120,0,133,0,80,164,0,244,391,0,391,635
09/24/2019,FPR,FL,ASO,ES,Towers with Radar,0,46,48,0,94,0,13,143,0,156,0,59,191,0,250,248,0,248,498
09/25/2019,FPR,FL,ASO,ES,Towers with Radar,0,47,52,0,99,0,21,175,0,196,0,68,227,0,295,353,0,353,648
09/26/2019,FPR,FL,ASO,ES,Towers with Radar,0,28,48,0,76,0,8,161,0,169,0,36,209,0,245,349,0,349,594
09/27/2019,FPR,FL,ASO,ES,Towers with Radar,0,38,57,0,95,0,5,167,1,173,0,43,224,1,268,392,0,392,660
09/28/2019,FPR,FL,ASO,ES,Towers with Radar,0,18,52,0,70,0,6,105,0,111,0,24,157,0,181,218,0,218,399
09/29/2019,FPR,FL,ASO,ES,Towers with Radar,0,0,15,0,15,0,6,78,0,84,0,6,93,0,99,85,0,85,184
09/30/2019,FPR,FL,ASO,ES,Towers with Radar,0,44,46,0,90,0,18,117,0,135,0,62,163,0,225,151,0,151,376
10/01/2019,FPR,FL,ASO,ES,Towers with Radar,0,44,69,0,113,0,12,154,1,167,0,56,223,1,280,208,0,208,488
10/02/2019,FPR,FL,ASO,ES,Towers with Radar,0,40,48,0,88,0,19,166,0,185,0,59,214,0,273,276,0,276,549
10/03/2019,FPR,FL,ASO,ES,Towers with Radar,0,43,61,0,104,0,4,148,0,152,0,47,209,0,256,383,0,383,639
10/04/2019,FPR,FL,ASO,ES,Towers with Radar,0,32,60,0,92,0,7,145,0,152,0,39,205,0,244,365,0,365,609
10/05/2019,FPR,FL,ASO,ES,Towers with Radar,0,28,59,0,87,0,14,111,0,125,0,42,170,0,212,177,0,177,389
10/06/2019,FPR,FL,ASO,ES,Towers with Radar,0,1,41,0,42,0,6,64,0,70,0,7,105,0,112,121,0,121,233
10/07/2019,FPR,FL,ASO,ES,Towers with Radar,0,40,58,1,99,0,16,88,0,104,0,56,146,1,203,268,0,268,471
10/08/2019,FPR,FL,ASO,ES,Towers with Radar,0,24,31,0,55,0,13,55,0,68,0,37,86,0,123,202,0,202,325
10/09/2019,FPR,FL,ASO,ES,Towers with Radar,0,32,44,0,76,0,12,94,0,106,0,44,138,0,182,174,0,174,356
10/10/2019,FPR,FL,ASO,ES,Towers with Radar,0,54,56,0,110,0,6,115,0,121,0,60,171,0,231,256,0,256,487
10/11/2019,FPR,FL,ASO,ES,Towers with Radar,0,42,94,0,136,0,12,137,1,150,0,54,231,1,286,234,0,234,520
10/12/2019,FPR,FL,ASO,ES,Towers with Radar,0,36,61,0,97,0,10,150,1,161,0,46,211,1,258,224,0,224,482
10/13/2019,FPR,FL,ASO,ES,Towers with Radar,0,0,53,0,53,0,3,142,0,145,0,3,195,0,198,224,0,224,422
10/14/2019,FPR,FL,ASO,ES,Towers with Radar,0,61,68,0,129,0,10,189,0,199,0,71,257,0,328,341,0,341,669
10/15/2019,FPR,FL,ASO,ES,Towers with Radar,0,38,57,2,97,0,22,158,0,180,0,60,215,2,277,346,0,346,623
10/16/2019,FPR,FL,ASO,ES,Towers with Radar,0,40,37,0,77,0,14,126,0,140,0,54,163,0,217,336,0,336,553
10/17/2019,FPR,FL,ASO,ES,Towers with Radar,0,48,55,0,103,0,25,145,0,170,0,73,200,0,273,172,0,172,445
10/18/2019,FPR,FL,ASO,ES,Towers with Radar,0,40,44,0,84,0,3,145,0,148,0,43,189,0,232,317,0,317,549
10/19/2019,FPR,FL,ASO,ES,Towers with Radar,0,0,21,0,21,0,0,40,0,40,0,0,61,0,61,54,0,54,115
10/20/2019,FPR,FL,ASO,ES,Towers with Radar,0,2,52,0,54,0,0,112,0,112,0,2,164,0,166,178,0,178,344
10/21/2019,FPR,FL,ASO,ES,Towers with Radar,0,56,65,0,121,0,7,194,0,201,0,63,259,0,322,356,0,356,678
10/22/2019,FPR,FL,ASO,ES,Towers with Radar,0,42,74,0,116,0,9,195,0,204,0,51,269,0,320,348,0,348,668
10/23/2019,FPR,FL,ASO,ES,Towers with Radar,0,35,83,0,118,0,10,79,0,89,0,45,162,0,207,204,0,204,411
10/24/2019,FPR,FL,ASO,ES,Towers with Radar,0,44,67,0,111,0,12,176,0,188,0,56,243,0,299,331,0,331,630
10/25/2019,FPR,FL,ASO,ES,Towers with Radar,0,48,59,0,107,0,6,91,0,97,0,54,150,0,204,169,0,169,373
10/26/2019,FPR,FL,ASO,ES,Towers with Radar,0,21,45,0,66,0,6,62,0,68,0,27,107,0,134,173,0,173,307
10/27/2019,FPR,FL,ASO,ES,Towers with Radar,0,5,31,0,36,0,4,30,0,34,0,9,61,0,70,7,0,7,77
10/28/2019,FPR,FL,ASO,ES,Towers with Radar,0,30,77,0,107,0,14,161,1,176,0,44,238,1,283,436,0,436,719
10/29/2019,FPR,FL,ASO,ES,Towers with Radar,0,35,56,0,91,0,21,197,0,218,0,56,253,0,309,420,0,420,729
10/30/2019,FPR,FL,ASO,ES,Towers with Radar,0,21,53,0,74,0,17,191,0,208,0,38,244,0,282,374,0,374,656
10/31/2019,FPR,FL,ASO,ES,Towers with Radar,0,68,67,0,135,0,10,182,1,193,0,78,249,1,328,390,0,390,718
11/01/2019,FPR,FL,ASO,ES,Towers with Radar,0,36,54,0,90,0,13,82,0,95,0,49,136,0,185,155,0,155,340
11/02/2019,FPR,FL,ASO,ES,Towers with Radar,0,43,46,0,89,0,7,95,0,102,0,50,141,0,191,209,0,209,400
11/03/2019,FPR,FL,ASO,ES,Towers with Radar,0,3,49,0,52,0,3,17,0,20,0,6,66,0,72,0,0,0,72
11/04/2019,FPR,FL,ASO,ES,Towers with Radar,0,72,69,0,141,0,10,158,0,168,0,82,227,0,309,361,0,361,670
11/05/2019,FPR,FL,ASO,ES,Towers with Radar,0,45,67,0,112,0,10,181,0,191,0,55,248,0,303,475,0,475,778
11/06/2019,FPR,FL,ASO,ES,Towers with Radar,0,44,72,0,116,0,14,133,0,147,0,58,205,0,263,377,0,377,640
11/07/2019,FPR,FL,ASO,ES,Towers with Radar,0,32,52,0,84,0,21,195,0,216,0,53,247,0,300,504,0,504,804
11/08/2019,FPR,FL,ASO,ES,Towers with Radar,0,36,45,0,81,0,9,137,0,146,0,45,182,0,227,293,0,293,520
11/09/2019,FPR,FL,ASO,ES,Towers with Radar,0,15,43,0,58,0,10,43,0,53,0,25,86,0,111,87,0,87,198
11/10/2019,FPR,FL,ASO,ES,Towers with Radar,0,2,65,0,67,0,12,121,0,133,0,14,186,0,200,240,0,240,440
11/11/2019,FPR,FL,ASO,ES,Towers with Radar,0,50,69,0,119,0,11,199,0,210,0,61,268,0,329,487,0,487,816
11/12/2019,FPR,FL,ASO,ES,Towers with Radar,0,58,49,0,107,0,14,178,0,192,0,72,227,0,299,414,0,414,713
11/13/2019,FPR,FL,ASO,ES,Towers with Radar,0,24,43,0,67,0,0,21,0,21,0,24,64,0,88,19,0,19,107
11/14/2019,FPR,FL,ASO,ES,Towers with Radar,0,20,82,0,102,0,10,148,0,158,0,30,230,0,260,403,0,403,663
11/15/2019,FPR,FL,ASO,ES,Towers with Radar,0,46,63,0,109,0,9,100,0,109,0,55,163,0,218,234,0,234,452
11/16/2019,FPR,FL,ASO,ES,Towers with Radar,0,21,66,0,87,0,12,112,0,124,0,33,178,0,211,286,0,286,497
11/17/2019,FPR,FL,ASO,ES,Towers with Radar,0,4,99,0,103,0,3,11,0,14,0,7,110,0,117,58,0,58,175
11/18/2019,FPR,FL,ASO,ES,Towers with Radar,0,26,62,0,88,0,4,168,0,172,0,30,230,0,260,350,0,350,610
11/19/2019,FPR,FL,ASO,ES,Towers with Radar,0,50,56,0,106,0,13,171,0,184,0,63,227,0,290,456,0,456,746
11/20/2019,FPR,FL,ASO,ES,Towers with Radar,0,46,50,0,96,0,16,154,0,170,0,62,204,0,266,223,0,223,489
11/21/2019,FPR,FL,ASO,ES,Towers with Radar,0,49,81,0,130,0,20,222,0,242,0,69,303,0,372,524,0,524,896
11/22/2019,FPR,FL,ASO,ES,Towers with Radar,0,46,77,0,123,0,14,201,0,215,0,60,278,0,338,544,0,544,882
11/23/2019,FPR,FL,ASO,ES,Towers with Radar,0,36,68,0,104,0,24,160,0,184,0,60,228,0,288,403,0,403,691
11/24/2019,FPR,FL,ASO,ES,Towers with Radar,0,4,41,0,45,0,3,67,0,70,0,7,108,0,115,265,0,265,380
11/25/2019,FPR,FL,ASO,ES,Towers with Radar,0,36,39,0,75,0,11,144,3,158,0,47,183,3,233,405,0,405,638
11/26/2019,FPR,FL,ASO,ES,Towers with Radar,0,28,62,1,91,0,13,155,0,168,0,41,217,1,259,477,0,477,736
11/27/2019,FPR,FL,ASO,ES,Towers with Radar,0,34,83,0,117,0,10,179,0,189,0,44,262,0,306,486,0,486,792
11/28/2019,FPR,FL,ASO,ES,Towers with Radar,0,1,3,0,4,0,1,21,0,22,0,2,24,0,26,14,0,14,40
11/29/2019,FPR,FL,ASO,ES,Towers with Radar,0,10,50,0,60,0,10,170,0,180,0,20,220,0,240,421,0,421,661
11/30/2019,FPR,FL,ASO,ES,Towers with Radar,0,24,106,0,130,0,9,124,0,133,0,33,230,0,263,388,0,388,651
12/01/2019,FPR,FL,ASO,ES,Towers with Radar,0,0,45,0,45,0,15,78,0,93,0,15,123,0,138,146,0,146,284
12/02/2019,FPR,FL,ASO,ES,Towers with Radar,0,45,44,0,89,0,12,124,0,136,0,57,168,0,225,189,0,189,414
12/03/2019,FPR,FL,ASO,ES,Towers with Radar,0,34,46,0,80,0,20,152,0,172,0,54,198,0,252,494,0,494,746
12/04/2019,FPR,FL,ASO,ES,Towers with Radar,0,42,43,0,85,0,15,165,0,180,0,57,208,0,265,365,0,365,630
12/05/2019,FPR,FL,ASO,ES,Towers with Radar,0,30,21,0,51,0,5,65,0,70,0,35,86,0,121,44,0,44,165
12/06/2019,FPR,FL,ASO,ES,Towers with Radar,0,41,56,0,97,0,7,204,3,214,0,48,260,3,311,494,6,500,811
12/07/2019,FPR,FL,ASO,ES,Towers with Radar,0,26,93,0,119,0,15,180,0,195,0,41,273,0,314,349,0,349,663
12/08/2019,FPR,FL,ASO,ES,Towers with Radar,0,6,45,0,51,0,7,156,0,163,0,13,201,0,214,415,0,415,629
12/09/2019,FPR,FL,ASO,ES,Towers with Radar,0,51,38,0,89,0,8,185,1,194,0,59,223,1,283,437,0,437,720
12/10/2019,FPR,FL,ASO,ES,Towers with Radar,0,51,60,0,111,0,5,167,0,172,0,56,227,0,283,338,0,338,621
12/11/2019,FPR,FL,ASO,ES,Towers with Radar,0,11,60,0,71,0,1,35,0,36,0,12,95,0,107,58,0,58,165
12/12/2019,FPR,FL,ASO,ES,Towers with Radar,0,13,48,0,61,0,0,14,0,14,0,13,62,0,75,2,0,2,77
12/13/2019,FPR,FL,ASO,ES,Towers with Radar,0,26,49,0,75,0,11,144,0,155,0,37,193,0,230,433,0,433,663
12/14/2019,FPR,FL,ASO,ES,Towers with Radar,0,8,32,0,40,0,6,79,0,85,0,14,111,0,125,244,0,244,369
12/15/2019,FPR,FL,ASO,ES,Towers with Radar,0,2,55,0,57,0,6,151,0,157,0,8,206,0,214,412,0,412,626
12/16/2019,FPR,FL,ASO,ES,Towers with Radar,0,45,55,0,100,0,2,155,0,157,0,47,210,0,257,399,0,399,656
12/17/2019,FPR,FL,ASO,ES,Towers with Radar,0,22,56,0,78,0,3,136,0,139,0,25,192,0,217,294,0,294,511
12/18/2019,FPR,FL,ASO,ES,Towers with Radar,0,27,58,0,85,0,2,13,0,15,0,29,71,0,100,20,0,20,120
12/19/2019,FPR,FL,ASO,ES,Towers with Radar,0,18,65,0,83,0,7,126,0,133,0,25,191,0,216,173,0,173,389
12/20/2019,FPR,FL,ASO,ES,Towers with Radar,0,32,38,0,70,0,11,66,0,77,0,43,104,0,147,173,0,173,320
12/21/2019,FPR,FL,ASO,ES,Towers with Radar,0,22,67,0,89,0,6,44,0,50,0,28,111,0,139,52,0,52,191
12/22/2019,FPR,FL,ASO,ES,Towers with Radar,0,0,32,0,32,0,0,16,0,16,0,0,48,0,48,25,0,25,73
12/23/2019,FPR,FL,ASO,ES,Towers with Radar,0,24,16,0,40,0,5,51,0,56,0,29,67,0,96,99,0,99,195
12/24/2019,FPR,FL,ASO,ES,Towers with Radar,0,6,18,0,24,0,1,45,1,47,0,7,63,1,71,38,0,38,109
12/25/2019,FPR,FL,ASO,ES,Towers with Radar,0,0,4,0,4,0,6,9,0,15,0,6,13,0,19,6,0,6,25
12/26/2019,FPR,FL,ASO,ES,Towers with Radar,0,15,45,0,60,0,2,58,0,60,0,17,103,0,120,87,0,87,207
12/27/2019,FPR,FL,ASO,ES,Towers with Radar,0,7,53,0,60,0,4,25,0,29,0,11,78,0,89,28,0,28,117
12/28/2019,FPR,FL,ASO,ES,Towers with Radar,0,9,58,0,67,0,3,23,0,26,0,12,81,0,93,100,0,100,193
12/29/2019,FPR,FL,ASO,ES,Towers with Radar,0,4,41,0,45,0,0,34,0,34,0,4,75,0,79,29,0,29,108
12/30/2019,FPR,FL,ASO,ES,Towers with Radar,0,21,41,0,62,0,15,68,0,83,0,36,109,0,145,240,0,240,385
12/31/2019,FPR,FL,ASO,ES,Towers with Radar,0,16,29,0,45,0,5,89,2,96,0,21,118,2,141,184,0,184,325
01/01/2020,FPR,FL,ASO,ES,Towers with Radar,0,0,37,0,37,0,5,81,0,86,0,5,118,0,123,66,0,66,189
01/02/2020,FPR,FL,ASO,ES,Towers with Radar,0,22,63,0,85,0,4,113,0,117,0,26,176,0,202,227,0,227,429
01/03/2020,FPR,FL,ASO,ES,Towers with Radar,0,32,59,0,91,0,14,121,1,136,0,46,180,1,227,233,0,233,460
01/04/2020,FPR,FL,ASO,ES,Towers with Radar,0,14,58,0,72,0,4,32,0,36,0,18,90,0,108,50,0,50,158
01/05/2020,FPR,FL,ASO,ES,Towers with Radar,0,4,53,0,57,0,4,94,0,98,0,8,147,0,155,170,0,170,325
01/06/2020,FPR,FL,ASO,ES,Towers with Radar,0,16,46,0,62,0,16,146,0,162,0,32,192,0,224,308,0,308,532
01/07/2020,FPR,FL,ASO,ES,Towers with Radar,0,22,58,0,80,0,10,149,0,159,0,32,207,0,239,368,0,368,607
01/08/2020,FPR,FL,ASO,ES,Towers with Radar,0,17,56,0,73,0,9,122,0,131,0,26,178,0,204,216,0,216,420
01/09/2020,FPR,FL,ASO,ES,Towers with Radar,0,41,58,0,99,0,8,107,0,115,0,49,165,0,214,176,0,176,390
01/10/2020,FPR,FL,ASO,ES,Towers with Radar,0,32,51,0,83,0,3,101,0,104,0,35,152,0,187,122,0,122,309
01/11/2020,FPR,FL,ASO,ES,Towers with Radar,0,27,48,0,75,0,4,42,0,46,0,31,90,0,121,43,0,43,164
01/12/2020,FPR,FL,ASO,ES,Towers with Radar,0,4,41,0,45,0,1,87,0,88,0,5,128,0,133,238,0,238,371
01/13/2020,FPR,FL,ASO,ES,Towers with Radar,0,36,54,0,90,0,17,181,0,198,0,53,235,0,288,412,0,412,700
01/14/2020,FPR,FL,ASO,ES,Towers with Radar,0,30,46,0,76,0,10,105,0,115,0,40,151,0,191,347,0,347,538
01/15/2020,FPR,FL,ASO,ES,Towers with Radar,0,31,66,0,97,0,14,151,2,167,0,45,217,2,264,537,0,537,801
01/16/2020,FPR,FL,ASO,ES,Towers with Radar,0,28,78,0,106,0,15,202,1,218,0,43,280,1,324,546,0,546,870
01/17/2020,FPR,FL,ASO,ES,Towers with Radar,0,33,49,0,82,0,10,131,0,141,0,43,180,0,223,201,0,201,424
01/18/2020,FPR,FL,ASO,ES,Towers with Radar,0,22,65,0,87,0,10,126,0,136,0,32,191,0,223,288,0,288,511
01/19/2020,FPR,FL,ASO,ES,Towers with Radar,0,3,48,0,51,0,11,150,0,161,0,14,198,0,212,411,0,411,623
01/20/2020,FPR,FL,ASO,ES,Towers with Radar,0,21,55,0,76,0,16,157,0,173,0,37,212,0,249,291,0,291,540
01/21/2020,FPR,FL,ASO,ES,Towers with Radar,0,8,36,0,44,0,24,147,0,171,0,32,183,0,215,281,0,281,496
01/22/2020,FPR,FL,ASO,ES,Towers with Radar,0,33,40,1,74,0,3,46,1,50,0,36,86,2,124,63,0,63,187
01/23/2020,FPR,FL,ASO,ES,Towers with Radar,0,41,84,0,125,0,12,78,0,90,0,53,162,0,215,304,0,304,519
01/24/2020,FPR,FL,ASO,ES,Towers with Radar,0,23,67,0,90,0,11,96,0,107,0,34,163,0,197,303,0,303,500
01/25/2020,FPR,FL,ASO,ES,Towers with Radar,0,11,49,0,60,0,6,159,0,165,0,17,208,0,225,412,0,412,637
01/26/2020,FPR,FL,ASO,ES,Towers with Radar,0,2,55,0,57,0,7,148,0,155,0,9,203,0,212,443,0,443,655
01/27/2020,FPR,FL,ASO,ES,Towers with Radar,0,39,57,0,96,0,17,168,0,185,0,56,225,0,281,491,0,491,772
01/28/2020,FPR,FL,ASO,ES,Towers with Radar,0,17,49,0,66,0,12,197,0,209,0,29,246,0,275,259,0,259,534
01/29/2020,FPR,FL,ASO,ES,Towers with Radar,0,30,59,1,90,0,16,203,1,220,0,46,262,2,310,425,0,425,735
01/30/2020,FPR,FL,ASO,ES,Towers with Radar,0,30,58,0,88,0,10,113,0,123,0,40,171,0,211,119,0,119,330
01/31/2020,FPR,FL,ASO,ES,Towers with Radar,0,47,69,3,119,0,11,218,1,230,0,58,287,4,349,477,0,477,826
02/01/2020,FPR,FL,ASO,ES,Towers with Radar,0,20,29,0,49,0,0,12,0,12,0,20,41,0,61,27,0,27,88
02/02/2020,FPR,FL,ASO,ES,Towers with Radar,0,3,49,0,52,0,5,158,0,163,0,8,207,0,215,432,0,432,647
02/03/2020,FPR,FL,ASO,ES,Towers with Radar,0,33,68,1,102,0,20,199,0,219,0,53,267,1,321,532,0,532,853
02/04/2020,FPR,FL,ASO,ES,Towers with Radar,0,53,56,1,110,0,14,233,0,247,0,67,289,1,357,300,0,300,657
02/05/2020,FPR,FL,ASO,ES,Towers with Radar,0,42,56,0,98,0,18,194,0,212,0,60,250,0,310,447,0,447,757
02/06/2020,FPR,FL,ASO,ES,Towers with Radar,0,41,51,0,92,0,4,98,0,102,0,45,149,0,194,107,0,107,301
02/07/2020,FPR,FL,ASO,ES,Towers with Radar,0,17,33,0,50,0,12,148,0,160,0,29,181,0,210,411,0,411,621
02/08/2020,FPR,FL,ASO,ES,Towers with Radar,0,7,63,0,70,0,17,199,2,218,0,24,262,2,288,380,0,380,668
02/09/2020,FPR,FL,ASO,ES,Towers with Radar,0,3,47,0,50,0,10,117,0,127,0,13,164,0,177,258,0,258,435
02/10/2020,FPR,FL,ASO,ES,Towers with Radar,0,15,32,0,47,0,8,165,2,175,0,23,197,2,222,434,0,434,656
02/11/2020,FPR,FL,ASO,ES,Towers with Radar,0,27,62,0,89,0,13,186,2,201,0,40,248,2,290,532,0,532,822
02/12/2020,FPR,FL,ASO,ES,Towers with Radar,0,37,50,0,87,0,4,156,0,160,0,41,206,0,247,258,0,258,505
02/13/2020,FPR,FL,ASO,ES,Towers with Radar,0,28,53,0,81,0,12,152,0,164,0,40,205,0,245,327,0,327,572
02/14/2020,FPR,FL,ASO,ES,Towers with Radar,4,13,81,1,99,0,2,31,1,34,4,15,112,2,133,112,0,112,245
02/15/2020,FPR,FL,ASO,ES,Towers with Radar,0,21,49,0,70,0,8,49,3,60,0,29,98,3,130,108,0,108,238
02/16/2020,FPR,FL,ASO,ES,Towers with Radar,0,0,65,0,65,0,6,126,8,140,0,6,191,8,205,355,0,355,560
02/17/2020,FPR,FL,ASO,ES,Towers with Radar,0,29,69,0,98,0,18,205,0,223,0,47,274,0,321,502,0,502,823
02/18/2020,FPR,FL,ASO,ES,Towers with Radar,0,42,89,0,131,0,15,252,0,267,0,57,341,0,398,519,0,519,917
02/19/2020,FPR,FL,ASO,ES,Towers with Radar,0,42,122,2,166,0,14,234,0,248,0,56,356,2,414,577,0,577,991
02/20/2020,FPR,FL,ASO,ES,Towers with Radar,0,29,82,0,111,0,7,176,0,183,0,36,258,0,294,480,0,480,774
02/21/2020,FPR,FL,ASO,ES,Towers with Radar,0,2,35,0,37,0,1,1,0,2,0,3,36,0,39,30,0,30,69
02/22/2020,FPR,FL,ASO,ES,Towers with Radar,0,21,56,0,77,0,3,88,0,91,0,24,144,0,168,46,0,46,214
02/23/2020,FPR,FL,ASO,ES,Towers with Radar,0,6,66,0,72,0,1,165,0,166,0,7,231,0,238,427,0,427,665
02/24/2020,FPR,FL,ASO,ES,Towers with Radar,0,46,74,0,120,0,16,196,0,212,0,62,270,0,332,384,0,384,716
02/25/2020,FPR,FL,ASO,ES,Towers with Radar,0,23,54,0,77,0,11,171,0,182,0,34,225,0,259,389,0,389,648
02/26/2020,FPR,FL,ASO,ES,Towers with Radar,0,25,37,0,62,0,4,86,0,90,0,29,123,0,152,248,0,248,400
02/27/2020,FPR,FL,ASO,ES,Towers with Radar,0,33,61,0,94,0,13,183,0,196,0,46,244,0,290,396,0,396,686
02/28/2020,FPR,FL,ASO,ES,Towers with Radar,0,25,54,0,79,0,12,175,0,187,0,37,229,0,266,531,0,531,797
02/29/2020,FPR,FL,ASO,ES,Towers with Radar,0,22,57,0,79,0,11,146,0,157,0,33,203,0,236,247,0,247,483
03/01/2020,FPR,FL,ASO,ES,Towers with Radar,0,10,59,0,69,0,3,139,0,142,0,13,198,0,211,343,0,343,554
03/02/2020,FPR,FL,ASO,ES,Towers with Radar,0,15,47,0,62,0,10,128,0,138,0,25,175,0,200,466,0,466,666
03/03/2020,FPR,FL,ASO,ES,Towers with Radar,0,33,58,0,91,0,15,181,0,196,0,48,239,0,287,277,0,277,564
03/04/2020,FPR,FL,ASO,ES,Towers with Radar,0,26,68,0,94,0,14,174,0,188,0,40,242,0,282,351,0,351,633
03/05/2020,FPR,FL,ASO,ES,Towers with Radar,0,22,55,0,77,0,14,145,0,159,0,36,200,0,236,405,0,405,641
03/06/2020,FPR,FL,ASO,ES,Towers with Radar,0,30,66,0,96,0,7,136,0,143,0,37,202,0,239,597,0,597,836
03/07/2020,FPR,FL,ASO,ES,Towers with Radar,0,6,40,1,47,0,8,63,1,72,0,14,103,2,119,103,0,103,222
03/08/2020,FPR,FL,ASO,ES,Towers with Radar,0,5,62,0,67,0,4,81,0,85,0,9,143,0,152,214,0,214,366
03/09/2020,FPR,FL,ASO,ES,Towers with Radar,0,17,75,0,92,0,11,145,0,156,0,28,220,0,248,466,0,466,714
03/10/2020,FPR,FL,ASO,ES,Towers with Radar,0,15,64,0,79,0,8,226,4,238,0,23,290,4,317,614,0,614,931
03/11/2020,FPR,FL,ASO,ES,Towers with Radar,0,13,68,0,81,0,12,194,1,207,0,25,262,1,288,677,0,677,965
03/12/2020,FPR,FL,ASO,ES,Towers with Radar,0,8,80,0,88,0,15,207,0,222,0,23,287,0,310,556,0,556,866
03/13/2020,FPR,FL,ASO,ES,Towers with Radar,0,20,89,0,109,0,5,226,0,231,0,25,315,0,340,638,0,638,978
03/14/2020,FPR,FL,ASO,ES,Towers with Radar,0,18,57,0,75,0,5,137,0,142,0,23,194,0,217,474,0,474,691
03/15/2020,FPR,FL,ASO,ES,Towers with Radar,0,8,65,0,73,0,8,125,0,133,0,16,190,0,206,379,0,379,585
03/16/2020,FPR,FL,ASO,ES,Towers with Radar,0,6,45,0,51,0,7,149,0,156,0,13,194,0,207,450,0,450,657
03/17/2020,FPR,FL,ASO,ES,Towers with Radar,0,2,71,0,73,0,13,197,0,210,0,15,268,0,283,579,0,579,862
03/18/2020,FPR,FL,ASO,ES,Towers with Radar,0,24,85,0,109,0,10,184,0,194,0,34,269,0,303,475,0,475,778
03/19/2020,FPR,FL,ASO,ES,Towers with Radar,0,22,87,0,109,0,5,197,8,210,0,27,284,8,319,442,0,442,761
03/20/2020,FPR,FL,ASO,ES,Towers with Radar,0,12,74,0,86,0,4,214,0,218,0,16,288,0,304,507,0,507,811
03/21/2020,FPR,FL,ASO,ES,Towers with Radar,0,6,63,0,69,0,12,137,0,149,0,18,200,0,218,445,0,445,663
03/22/2020,FPR,FL,ASO,ES,Towers with Radar,1,9,45,0,55,0,4,150,0,154,1,13,195,0,209,494,0,494,703
03/23/2020,FPR,FL,ASO,ES,Towers with Radar,0,16,42,0,58,0,10,170,0,180,0,26,212,0,238,491,0,491,729
03/24/2020,FPR,FL,ASO,ES,Towers with Radar,0,15,34,0,49,0,13,181,1,195,0,28,215,1,244,496,0,496,740
03/25/2020,FPR,FL,ASO,ES,Towers with Radar,0,10,38,0,48,0,1,116,0,117,0,11,154,0,165,359,0,359,524
03/26/2020,FPR,FL,ASO,ES,Towers with Radar,0,12,31,0,43,0,3,128,0,131,0,15,159,0,174,375,0,375,549
03/27/2020,FPR,FL,ASO,ES,Towers with Radar,0,8,59,0,67,0,8,161,0,169,0,16,220,0,236,580,0,580,816
03/28/2020,FPR,FL,ASO,ES,Towers with Radar,0,15,27,0,42,0,6,138,0,144,0,21,165,0,186,321,0,321,507
03/29/2020,FPR,FL,ASO,ES,Towers with Radar,0,5,24,0,29,0,13,106,0,119,0,18,130,0,148,282,0,282,430
03/30/2020,FPR,FL,ASO,ES,Towers with Radar,0,25,33,0,58,0,9,164,0,173,0,34,197,0,231,413,0,413,644
03/31/2020,FPR,FL,ASO,ES,Towers with Radar,0,3,19,0,22,0,0,123,0,123,0,3,142,0,145,265,0,265,410
04/01/2020,FPR,FL,ASO,ES,Towers with Radar,0,13,22,0,35,0,0,131,0,131,0,13,153,0,166,248,0,248,414
04/02/2020,FPR,FL,ASO,ES,Towers with Radar,0,18,46,0,64,0,3,148,0,151,0,21,194,0,215,357,0,357,572
04/03/2020,FPR,FL,ASO,ES,Towers with Radar,0,15,5,0,20,0,3,33,0,36,0,18,38,0,56,37,0,37,93
04/04/2020,FPR,FL,ASO,ES,Towers with Radar,0,2,5,0,7,0,6,28,0,34,0,8,33,0,41,6,0,6,47
04/05/2020,FPR,FL,ASO,ES,Towers with Radar,0,2,1,0,3,0,2,4,0,6,0,4,5,0,9,0,0,0,9
04/06/2020,FPR,FL,ASO,ES,Towers with Radar,0,24,5,1,30,0,0,3,0,3,0,24,8,1,33,0,0,0,33
04/07/2020,FPR,FL,ASO,ES,Towers with Radar,0,18,20,0,38,0,1,20,0,21,0,19,40,0,59,54,0,54,113
04/08/2020,FPR,FL,ASO,ES,Towers with Radar,0,6,7,0,13,0,13,31,0,44,0,19,38,0,57,4,0,4,61
04/09/2020,FPR,FL,ASO,ES,Towers with Radar,0,9,9,0,18,0,5,8,0,13,0,14,17,0,31,6,0,6,37
04/10/2020,FPR,FL,ASO,ES,Towers with Radar,0,11,4,0,15,0,0,9,0,9,0,11,13,0,24,15,0,15,39
04/11/2020,FPR,FL,ASO,ES,Towers with Radar,0,0,13,0,13,0,3,32,0,35,0,3,45,0,48,5,0,5,53
04/12/2020,FPR,FL,ASO,ES,Towers with Radar,0,2,7,0,9,0,1,3,0,4,0,3,10,0,13,0,0,0,13
04/13/2020,FPR,FL,ASO,ES,Towers with Radar,0,13,4,2,19,0,6,4,0,10,0,19,8,2,29,0,0,0,29
04/14/2020,FPR,FL,ASO,ES,Towers with Radar,0,6,4,0,10,0,6,22,0,28,0,12,26,0,38,63,0,63,101
04/15/2020,FPR,FL,ASO,ES,Towers with Radar,0,20,4,0,24,0,2,8,0,10,0,22,12,0,34,8,0,8,42
04/16/2020,FPR,FL,ASO,ES,Towers with Radar,0,10,8,0,18,0,0,6,0,6,0,10,14,0,24,43,0,43,67
04/17/2020,FPR,FL,ASO,ES,Towers with Radar,0,24,23,0,47,0,0,10,0,10,0,24,33,0,57,2,0,2,59
04/18/2020,FPR,FL,ASO,ES,Towers with Radar,0,0,6,0,6,0,3,23,0,26,0,3,29,0,32,15,0,15,47
04/19/2020,FPR,FL,ASO,ES,Towers with Radar,0,5,12,0,17,0,3,13,0,16,0,8,25,0,33,13,0,13,46
04/20/2020,FPR,FL,ASO,ES,Towers with Radar,0,6,5,0,11,0,4,8,0,12,0,10,13,0,23,9,0,9,32
04/21/2020,FPR,FL,ASO,ES,Towers with Radar,0,22,9,0,31,0,5,61,0,66,0,27,70,0,97,99,0,99,196
04/22/2020,FPR,FL,ASO,ES,Towers with Radar,0,23,9,0,32,0,6,52,0,58,0,29,61,0,90,89,0,89,179
04/23/2020,FPR,FL,ASO,ES,Towers with Radar,0,8,13,0,21,0,13,41,0,54,0,21,54,0,75,63,0,63,138
04/24/2020,FPR,FL,ASO,ES,Towers with Radar,0,4,4,0,8,0,1,11,0,12,0,5,15,0,20,52,0,52,72
04/25/2020,FPR,FL,ASO,ES,Towers with Radar,0,2,7,0,9,0,3,12,0,15,0,5,19,0,24,11,0,11,35
04/26/2020,FPR,FL,ASO,ES,Towers with Radar,0,0,6,0,6,0,1,1,0,2,0,1,7,0,8,0,0,0,8
04/27/2020,FPR,FL,ASO,ES,Towers with Radar,0,20,25,0,45,0,17,58,2,77,0,37,83,2,122,101,0,101,223
04/28/2020,FPR,FL,ASO,ES,Towers with Radar,0,20,36,0,56,0,9,74,0,83,0,29,110,0,139,260,0,260,399
04/29/2020,FPR,FL,ASO,ES,Towers with Radar,0,28,20,2,50,0,2,50,0,52,0,30,70,2,102,82,0,82,184
04/30/2020,FPR,FL,ASO,ES,Towers with Radar,0,8,3,0,11,0,3,7,0,10,0,11,10,0,21,36,0,36,57
05/01/2020,FPR,FL,ASO,ES,Towers with Radar,0,28,16,2,46,0,6,68,0,74,0,34,84,2,120,131,0,131,251
05/02/2020,FPR,FL,ASO,ES,Towers with Radar,0,1,8,0,9,0,5,49,0,54,0,6,57,0,63,66,0,66,129
05/03/2020,FPR,FL,ASO,ES,Towers with Radar,0,2,12,0,14,0,3,17,0,20,0,5,29,0,34,19,0,19,53
05/04/2020,FPR,FL,ASO,ES,Towers with Radar,0,11,19,0,30,0,5,60,0,65,0,16,79,0,95,171,0,171,266
05/05/2020,FPR,FL,ASO,ES,Towers with Radar,0,14,27,0,41,0,3,158,0,161,0,17,185,0,202,385,0,385,587
05/06/2020,FPR,FL,ASO,ES,Towers with Radar,0,10,21,0,31,0,3,148,0,151,0,13,169,0,182,382,0,382,564
05/07/2020,FPR,FL,ASO,ES,Towers with Radar,0,11,37,0,48,0,3,101,0,104,0,14,138,0,152,221,0,221,373
05/08/2020,FPR,FL,ASO,ES,Towers with Radar,0,16,62,0,78,0,8,156,0,164,0,24,218,0,242,385,0,385,627
05/09/2020,FPR,FL,ASO,ES,Towers with Radar,0,2,26,0,28,0,4,113,0,117,0,6,139,0,145,278,0,278,423
05/10/2020,FPR,FL,ASO,ES,Towers with Radar,0,0,11,4,15,0,1,0,0,1,0,1,11,4,16,0,0,0,16
05/11/2020,FPR,FL,ASO,ES,Towers with Radar,0,11,23,0,34,0,5,104,0,109,0,16,127,0,143,240,0,240,383
05/12/2020,FPR,FL,ASO,ES,Towers with Radar,0,12,29,0,41,0,2,152,0,154,0,14,181,0,195,427,0,427,622
05/13/2020,FPR,FL,ASO,ES,Towers with Radar,0,21,27,0,48,0,3,127,0,130,0,24,154,0,178,279,0,279,457
05/14/2020,FPR,FL,ASO,ES,Towers with Radar,0,21,32,2,55,0,7,105,3,115,0,28,137,5,170,302,0,302,472
05/15/2020,FPR,FL,ASO,ES,Towers with Radar,0,12,32,1,45,0,4,23,0,27,0,16,55,1,72,95,0,95,167
05/16/2020,FPR,FL,ASO,ES,Towers with Radar,0,0,18,0,18,0,3,54,0,57,0,3,72,0,75,352,0,352,427
05/17/2020,FPR,FL,ASO,ES,Towers with Radar,0,0,20,0,20,0,4,104,0,108,0,4,124,0,128,345,0,345,473
05/18/2020,FPR,FL,ASO,ES,Towers with Radar,0,14,18,0,32,0,1,94,0,95,0,15,112,0,127,359,0,359,486
05/19/2020,FPR,FL,ASO,ES,Towers with Radar,0,18,47,0,65,0,0,127,0,127,0,18,174,0,192,261,0,261,453
05/20/2020,FPR,FL,ASO,ES,Towers with Radar,0,19,46,0,65,0,9,183,0,192,0,28,229,0,257,498,0,498,755
05/21/2020,FPR,FL,ASO,ES,Towers with Radar,0,12,34,0,46,0,7,120,0,127,0,19,154,0,173,390,0,390,563
05/22/2020,FPR,FL,ASO,ES,Towers with Radar,0,20,68,2,90,0,4,163,0,167,0,24,231,2,257,354,0,354,611
05/23/2020,FPR,FL,ASO,ES,Towers with Radar,0,1,33,0,34,0,8,103,0,111,0,9,136,0,145,351,0,351,496
05/24/2020,FPR,FL,ASO,ES,Towers with Radar,0,0,28,0,28,0,2,63,0,65,0,2,91,0,93,263,0,263,356
05/25/2020,FPR,FL,ASO,ES,Towers with Radar,0,1,3,0,4,0,0,1,0,1,0,1,4,0,5,0,0,0,5
05/26/2020,FPR,FL,ASO,ES,Towers with Radar,0,3,26,0,29,0,1,38,0,39,0,4,64,0,68,88,0,88,156
05/27/2020,FPR,FL,ASO,ES,Towers with Radar,0,7,42,0,49,0,2,120,0,122,0,9,162,0,171,222,0,222,393
05/28/2020,FPR,FL,ASO,ES,Towers with Radar,0,17,48,0,65,0,1,158,0,159,0,18,206,0,224,419,0,419,643
05/29/2020,FPR,FL,ASO,ES,Towers with Radar,0,12,70,0,82,0,5,146,0,151,0,17,216,0,233,389,0,389,622
05/30/2020,FPR,FL,ASO,ES,Towers with Radar,0,2,32,0,34,0,4,126,0,130,0,6,158,0,164,346,0,346,510
05/31/2020,FPR,FL,ASO,ES,Towers with Radar,0,3,23,0,26,0,8,129,0,137,0,11,152,0,163,357,0,357,520
06/01/2020,FPR,FL,ASO,ES,Towers with Radar,0,24,36,0,60,0,2,153,0,155,0,26,189,0,215,574,0,574,789
06/02/2020,FPR,FL,ASO,ES,Towers with Radar,0,13,48,0,61,0,3,65,0,68,0,16,113,0,129,233,0,233,362
06/03/2020,FPR,FL,ASO,ES,Towers with Radar,0,0,12,0,12,0,2,43,0,45,0,2,55,0,57,119,0,119,176
06/04/2020,FPR,FL,ASO,ES,Towers with Radar,0,4,48,0,52,0,5,65,1,71,0,9,113,1,123,251,0,251,374
06/05/2020,FPR,FL,ASO,ES,Towers with Radar,0,18,36,2,56,0,5,103,0,108,0,23,139,2,164,287,0,287,451
06/06/2020,FPR,FL,ASO,ES,Towers with Radar,0,2,51,0,53,0,9,125,0,134,0,11,176,0,187,397,0,397,584
06/07/2020,FPR,FL,ASO,ES,Towers with Radar,0,3,39,0,42,0,2,131,0,133,0,5,170,0,175,279,0,279,454
06/08/2020,FPR,FL,ASO,ES,Towers with Radar,0,20,46,0,66,0,11,89,0,100,0,31,135,0,166,196,0,196,362
06/09/2020,FPR,FL,ASO,ES,Towers with Radar,0,24,71,2,97,0,4,152,0,156,0,28,223,2,253,450,0,450,703
06/10/2020,FPR,FL,ASO,ES,Towers with Radar,0,20,44,2,66,0,5,150,0,155,0,25,194,2,221,469,0,469,690
06/11/2020,FPR,FL,ASO,ES,Towers with Radar,0,16,55,2,73,0,10,178,0,188,0,26,233,2,261,366,0,366,627
06/12/2020,FPR,FL,ASO,ES,Towers with Radar,0,19,58,2,79,0,9,177,0,186,0,28,235,2,265,476,0,476,741
06/13/2020,FPR,FL,ASO,ES,Towers with Radar,0,1,30,0,31,0,7,149,0,156,0,8,179,0,187,365,0,365,552
06/14/2020,FPR,FL,ASO,ES,Towers with Radar,0,1,28,0,29,0,6,88,0,94,0,7,116,0,123,273,0,273,396
06/15/2020,FPR,FL,ASO,ES,Towers with Radar,0,26,26,0,52,0,0,111,0,111,0,26,137,0,163,223,0,223,386
06/16/2020,FPR,FL,ASO,ES,Towers with Radar,0,35,42,0,77,0,2,210,0,212,0,37,252,0,289,423,0,423,712
06/17/2020,FPR,FL,ASO,ES,Towers with Radar,0,41,57,0,98,0,7,175,0,182,0,48,232,0,280,522,0,522,802
06/18/2020,FPR,FL,ASO,ES,Towers with Radar,0,8,39,0,47,0,2,70,0,72,0,10,109,0,119,296,0,296,415
06/19/2020,FPR,FL,ASO,ES,Towers with Radar,0,9,42,0,51,0,4,73,0,77,0,13,115,0,128,334,0,334,462
06/20/2020,FPR,FL,ASO,ES,Towers with Radar,0,1,53,0,54,0,5,127,0,132,0,6,180,0,186,243,0,243,429
06/21/2020,FPR,FL,ASO,ES,Towers with Radar,0,0,37,0,37,0,0,103,0,103,0,0,140,0,140,251,0,251,391
06/22/2020,FPR,FL,ASO,ES,Towers with Radar,0,17,56,0,73,0,6,185,0,191,0,23,241,0,264,454,0,454,718
06/23/2020,FPR,FL,ASO,ES,Towers with Radar,0,16,51,0,67,0,5,190,0,195,0,21,241,0,262,533,0,533,795
06/24/2020,FPR,FL,ASO,ES,Towers with Radar,0,25,76,0,101,0,9,213,0,222,0,34,289,0,323,442,0,442,765
06/25/2020,FPR,FL,ASO,ES,Towers with Radar,0,15,95,0,110,0,17,217,0,234,0,32,312,0,344,506,0,506,850
06/26/2020,FPR,FL,ASO,ES,Towers with Radar,0,18,67,0,85,0,16,196,0,212,0,34,263,0,297,600,0,600,897
06/27/2020,FPR,FL,ASO,ES,Towers with Radar,0,3,55,0,58,0,5,143,0,148,0,8,198,0,206,319,0,319,525
06/28/2020,FPR,FL,ASO,ES,Towers with Radar,0,2,42,0,44,0,6,117,0,123,0,8,159,0,167,331,0,331,498
06/29/2020,FPR,FL,ASO,ES,Towers with Radar,0,24,44,0,68,0,5,175,0,180,0,29,219,0,248,345,0,345,593
06/30/2020,FPR,FL,ASO,ES,Towers with Radar,0,11,47,0,58,0,3,175,0,178,0,14,222,0,236,425,0,425,661
07/01/2020,FPR,FL,ASO,ES,Towers with Radar,0,8,65,0,73,0,4,134,0,138,0,12,199,0,211,291,0,291,502
07/02/2020,FPR,FL,ASO,ES,Towers with Radar,0,7,71,0,78,0,3,178,0,181,0,10,249,0,259,463,0,463,722
07/03/2020,FPR,FL,ASO,ES,Towers with Radar,0,3,29,0,32,0,0,41,0,41,0,3,70,0,73,9,0,9,82
07/04/2020,FPR,FL,ASO,ES,Towers with Radar,0,0,8,0,8,0,7,22,0,29,0,7,30,0,37,8,0,8,45
07/05/2020,FPR,FL,ASO,ES,Towers with Radar,0,3,41,0,44,0,1,98,0,99,0,4,139,0,143,267,0,267,410
07/06/2020,FPR,FL,ASO,ES,Towers with Radar,0,12,71,2,85,0,5,136,0,141,0,17,207,2,226,325,0,325,551
07/07/2020,FPR,FL,ASO,ES,Towers with Radar,0,10,67,0,77,0,6,184,0,190,0,16,251,0,267,345,0,345,612
07/08/2020,FPR,FL,ASO,ES,Towers with Radar,0,10,54,0,64,0,7,154,0,161,0,17,208,0,225,488,0,488,713
07/09/2020,FPR,FL,ASO,ES,Towers with Radar,0,10,59,0,69,0,2,135,0,137,0,12,194,0,206,244,0,244,450
07/10/2020,FPR,FL,ASO,ES,Towers with Radar,0,10,54,0,64,0,0,96,0,96,0,10,150,0,160,263,0,263,423
07/11/2020,FPR,FL,ASO,ES,Towers with Radar,0,0,33,0,33,0,0,55,0,55,0,0,88,0,88,148,0,148,236
07/12/2020,FPR,FL,ASO,ES,Towers with Radar,0,0,20,3,23,0,4,99,0,103,0,4,119,3,126,241,0,241,367
07/13/2020,FPR,FL,ASO,ES,Towers with Radar,0,20,54,0,74,0,4,139,0,143,0,24,193,0,217,357,0,357,574
07/14/2020,FPR,FL,ASO,ES,Towers with Radar,0,18,49,0,67,0,10,169,0,179,0,28,218,0,246,322,0,322,568
07/15/2020,FPR,FL,ASO,ES,Towers with Radar,0,22,60,0,82,0,8,162,0,170,0,30,222,0,252,235,0,235,487
07/16/2020,FPR,FL,ASO,ES,Towers with Radar,0,16,61,0,77,0,4,154,0,158,0,20,215,0,235,430,0,430,665
07/17/2020,FPR,FL,ASO,ES,Towers with Radar,0,16,63,0,79,0,3,121,0,124,0,19,184,0,203,279,0,279,482
07/18/2020,FPR,FL,ASO,ES,Towers with Radar,0,0,43,0,43,0,6,98,0,104,0,6,141,0,147,274,0,274,421
07/19/2020,FPR,FL,ASO,ES,Towers with Radar,0,1,60,0,61,0,1,117,0,118,0,2,177,0,179,214,0,214,393
07/20/2020,FPR,FL,ASO,ES,Towers with Radar,0,22,64,0,86,0,4,155,0,159,0,26,219,0,245,306,0,306,551
07/21/2020,FPR,FL,ASO,ES,Towers with Radar,0,15,60,0,75,0,4,126,0,130,0,19,186,0,205,253,0,253,458
07/22/2020,FPR,FL,ASO,ES,Towers with Radar,0,31,60,0,91,0,0,103,0,103,0,31,163,0,194,234,0,234,428
07/23/2020,FPR,FL,ASO,ES,Towers with Radar,0,26,66,1,93,0,6,113,1,120,0,32,179,2,213,226,0,226,439
07/24/2020,FPR,FL,ASO,ES,Towers with Radar,0,17,75,0,92,0,1,190,0,191,0,18,265,0,283,291,0,291,574
07/25/2020,FPR,FL,ASO,ES,Towers with Radar,0,2,47,0,49,0,0,84,0,84,0,2,131,0,133,179,0,179,312
07/26/2020,FPR,FL,ASO,ES,Towers with Radar,0,1,48,0,49,0,3,97,0,100,0,4,145,0,149,201,0,201,350
07/27/2020,FPR,FL,ASO,ES,Towers with Radar,0,17,45,0,62,0,6,155,0,161,0,23,200,0,223,415,0,415,638
07/28/2020,FPR,FL,ASO,ES,Towers with Radar,0,10,56,0,66,0,5,182,0,187,0,15,238,0,253,441,0,441,694
07/29/2020,FPR,FL,ASO,ES,Towers with Radar,0,16,86,0,102,0,12,207,0,219,0,28,293,0,321,454,0,454,775
07/30/2020,FPR,FL,ASO,ES,Towers with Radar,0,24,85,0,109,0,4,200,2,206,0,28,285,2,315,342,0,342,657
07/31/2020,FPR,FL,ASO,ES,Towers with Radar,0,5,63,1,69,0,1,205,0,206,0,6,268,1,275,355,0,355,630
08/01/2020,FPR,FL,ASO,ES,Towers with Radar,0,1,7,0,8,0,2,17,0,19,0,3,24,0,27,0,0,0,27
08/02/2020,FPR,FL,ASO,ES,Towers with Radar,0,0,1,0,1,0,0,0,0,0,0,0,1,0,1,0,0,0,1
08/03/2020,FPR,FL,ASO,ES,Towers with Radar,0,4,53,0,57,0,9,129,6,144,0,13,182,6,201,302,0,302,503
08/04/2020,FPR,FL,ASO,ES,Towers with Radar,0,3,50,0,53,0,6,114,0,120,0,9,164,0,173,303,0,303,476
08/05/2020,FPR,FL,ASO,ES,Towers with Radar,0,15,44,0,59,0,3,104,0,107,0,18,148,0,166,279,0,279,445
08/06/2020,FPR,FL,ASO,ES,Towers with Radar,0,18,65,0,83,0,4,182,1,187,0,22,247,1,270,368,0,368,638
08/07/2020,FPR,FL,ASO,ES,Towers with Radar,0,20,71,2,93,0,8,194,0,202,0,28,265,2,295,430,0,430,725
08/08/2020,FPR,FL,ASO,ES,Towers with Radar,0,6,51,0,57,0,7,110,11,128,0,13,161,11,185,102,0,102,287
08/09/2020,FPR,FL,ASO,ES,Towers with Radar,0,1,48,0,49,0,1,127,0,128,0,2,175,0,177,247,0,247,424
08/10/2020,FPR,FL,ASO,ES,Towers with Radar,0,34,67,0,101,0,3,181,0,184,0,37,248,0,285,384,0,384,669
08/11/2020,FPR,FL,ASO,ES,Towers with Radar,0,17,67,0,84,0,12,210,0,222,0,29,277,0,306,394,0,394,700
08/12/2020,FPR,FL,ASO,ES,Towers with Radar,0,19,57,0,76,0,4,178,0,182,0,23,235,0,258,325,0,325,583
08/13/2020,FPR,FL,ASO,ES,Towers with Radar,0,14,64,0,78,0,5,153,0,158,0,19,217,0,236,266,0,266,502
08/14/2020,FPR,FL,ASO,ES,Towers with Radar,0,10,81,0,91,0,2,175,0,177,0,12,256,0,268,300,0,300,568
08/15/2020,FPR,FL,ASO,ES,Towers with Radar,0,5,34,0,39,0,1,109,0,110,0,6,143,0,149,184,0,184,333
08/16/2020,FPR,FL,ASO,ES,Towers with Radar,0,3,40,0,43,0,4,79,0,83,0,7,119,0,126,219,0,219,345
08/17/2020,FPR,FL,ASO,ES,Towers with Radar,0,22,54,0,76,0,3,143,0,146,0,25,197,0,222,312,0,312,534
08/18/2020,FPR,FL,ASO,ES,Towers with Radar,0,10,44,0,54,0,7,182,0,189,0,17,226,0,243,339,0,339,582
08/19/2020,FPR,FL,ASO,ES,Towers with Radar,0,6,43,0,49,0,6,123,0,129,0,12,166,0,178,263,0,263,441
08/20/2020,FPR,FL,ASO,ES,Towers with Radar,0,13,68,0,81,0,5,134,0,139,0,18,202,0,220,273,0,273,493
08/21/2020,FPR,FL,ASO,ES,Towers with Radar,0,14,43,0,57,0,1,104,0,105,0,15,147,0,162,303,0,303,465
08/22/2020,FPR,FL,ASO,ES,Towers with Radar,0,0,28,0,28,0,1,93,0,94,0,1,121,0,122,205,0,205,327
08/23/2020,FPR,FL,ASO,ES,Towers with Radar,0,0,28,0,28,0,2,79,0,81,0,2,107,0,109,218,0,218,327
08/24/2020,FPR,FL,ASO,ES,Towers with Radar,0,2,54,0,56,0,0,93,0,93,0,2,147,0,149,82,0,82,231
08/25/2020,FPR,FL,ASO,ES,Towers with Radar,0,34,76,0,110,0,5,157,0,162,0,39,233,0,272,309,0,309,581
08/26/2020,FPR,FL,ASO,ES,Towers with Radar,0,17,77,0,94,0,11,159,0,170,0,28,236,0,264,247,0,247,511
08/27/2020,FPR,FL,ASO,ES,Towers with Radar,0,18,80,0,98,0,4,145,0,149,0,22,225,0,247,295,0,295,542
08/28/2020,FPR,FL,ASO,ES,Towers with Radar,0,18,64,0,82,0,3,178,1,182,0,21,242,1,264,360,0,360,624
08/29/2020,FPR,FL,ASO,ES,Towers with Radar,0,1,33,0,34,0,2,70,0,72,0,3,103,0,106,117,0,117,223
08/30/2020,FPR,FL,ASO,ES,Towers with Radar,0,0,27,0,27,0,3,78,0,81,0,3,105,0,108,186,0,186,294
08/31/2020,FPR,FL,ASO,ES,Towers with Radar,0,9,25,0,34,0,7,92,0,99,0,16,117,0,133,250,0,250,383
09/01/2020,FPR,FL,ASO,ES,Towers with Radar,0,10,73,0,83,0,1,208,0,209,0,11,281,0,292,397,0,397,689
09/02/2020,FPR,FL,ASO,ES,Towers with Radar,0,10,82,0,92,0,8,188,0,196,0,18,270,0,288,346,0,346,634
09/03/2020,FPR,FL,ASO,ES,Towers with Radar,0,17,76,0,93,0,4,165,0,169,0,21,241,0,262,305,0,305,567
09/04/2020,FPR,FL,ASO,ES,Towers with Radar,0,7,55,0,62,0,5,146,0,151,0,12,201,0,213,300,0,300,513
09/05/2020,FPR,FL,ASO,ES,Towers with Radar,0,2,44,0,46,0,8,123,2,133,0,10,167,2,179,154,0,154,333
09/06/2020,FPR,FL,ASO,ES,Towers with Radar,0,0,23,0,23,0,1,90,0,91,0,1,113,0,114,177,0,177,291
09/07/2020,FPR,FL,ASO,ES,Towers with Radar,0,0,21,0,21,0,1,16,0,17,0,1,37,0,38,0,0,0,38
09/08/2020,FPR,FL,ASO,ES,Towers with Radar,0,2,65,0,67,0,7,130,0,137,0,9,195,0,204,236,0,236,440
09/09/2020,FPR,FL,ASO,ES,Towers with Radar,0,5,49,0,54,0,3,141,0,144,0,8,190,0,198,225,0,225,423
09/10/2020,FPR,FL,ASO,ES,Towers with Radar,0,22,84,0,106,0,1,205,0,206,0,23,289,0,312,293,0,293,605
09/11/2020,FPR,FL,ASO,ES,Towers with Radar,0,11,69,0,80,0,2,137,0,139,0,13,206,0,219,271,0,271,490
09/12/2020,FPR,FL,ASO,ES,Towers with Radar,0,2,5,0,7,0,4,33,0,37,0,6,38,0,44,45,0,45,89
09/13/2020,FPR,FL,ASO,ES,Towers with Radar,0,1,35,0,36,0,3,90,0,93,0,4,125,0,129,156,0,156,285
09/14/2020,FPR,FL,ASO,ES,Towers with Radar,0,0,99,0,99,0,1,189,0,190,0,1,288,0,289,282,0,282,571
09/15/2020,FPR,FL,ASO,ES,Towers with Radar,0,37,97,0,134,0,12,223,0,235,0,49,320,0,369,336,0,336,705
09/16/2020,FPR,FL,ASO,ES,Towers with Radar,0,16,56,0,72,0,5,135,0,140,0,21,191,0,212,214,0,214,426
09/17/2020,FPR,FL,ASO,ES,Towers with Radar,0,8,64,0,72,0,1,183,0,184,0,9,247,0,256,257,0,257,513
09/18/2020,FPR,FL,ASO,ES,Towers with Radar,0,6,35,0,41,0,3,164,0,167,0,9,199,0,208,248,0,248,456
09/19/2020,FPR,FL,ASO,ES,Towers with Radar,0,2,53,0,55,0,3,122,0,125,0,5,175,0,180,193,0,193,373
09/20/2020,FPR,FL,ASO,ES,Towers with Radar,0,0,48,0,48,0,1,51,0,52,0,1,99,0,100,185,0,185,285
09/21/2020,FPR,FL,ASO,ES,Towers with Radar,0,5,43,0,48,0,3,36,0,39,0,8,79,0,87,5,0,5,92
09/22/2020,FPR,FL,ASO,ES,Towers with Radar,0,22,117,0,139,0,10,203,0,213,0,32,320,0,352,246,0,246,598
09/23/2020,FPR,FL,ASO,ES,Towers with Radar,0,32,107,0,139,0,7,251,0,258,0,39,358,0,397,331,0,331,728
09/24/2020,FPR,FL,ASO,ES,Towers with Radar,0,17,77,0,94,0,6,151,0,157,0,23,228,0,251,271,0,271,522
09/25/2020,FPR,FL,ASO,ES,Towers with Radar,0,8,62,0,70,0,4,129,0,133,0,12,191,0,203,280,0,280,483
09/26/2020,FPR,FL,ASO,ES,Towers with Radar,0,0,51,0,51,0,3,106,0,109,0,3,157,0,160,252,0,252,412
09/27/2020,FPR,FL,ASO,ES,Towers with Radar,0,2,58,0,60,0,3,129,0,132,0,5,187,0,192,287,0,287,479
09/28/2020,FPR,FL,ASO,ES,Towers with Radar,0,7,50,0,57,0,5,103,1,109,0,12,153,1,166,195,0,195,361
09/29/2020,FPR,FL,ASO,ES,Towers with Radar,0,14,94,0,108,0,4,178,0,182,0,18,272,0,290,227,0,227,517
09/30/2020,FPR,FL,ASO,ES,Towers with Radar,0,9,56,0,65,0,3,49,0,52,0,12,105,0,117,107,0,107,224
10/01/2020,FPR,FL,ASO,ES,Towers with Radar,0,8,58,0,66,0,0,33,0,33,0,8,91,0,99,110,0,110,209
10/02/2020,FPR,FL,ASO,ES,Towers with Radar,0,8,70,0,78,0,4,165,0,169,0,12,235,0,247,261,0,261,508
10/03/2020,FPR,FL,ASO,ES,Towers with Radar,0,0,33,0,33,0,3,50,0,53,0,3,83,0,86,94,0,94,180
10/04/2020,FPR,FL,ASO,ES,Towers with Radar,0,6,53,0,59,0,1,96,0,97,0,7,149,0,156,190,0,190,346
10/05/2020,FPR,FL,ASO,ES,Towers with Radar,0,14,83,0,97,0,0,143,0,143,0,14,226,0,240,292,0,292,532
10/06/2020,FPR,FL,ASO,ES,Towers with Radar,0,14,78,0,92,0,9,155,0,164,0,23,233,0,256,342,0,342,598
10/07/2020,FPR,FL,ASO,ES,Towers with Radar,0,23,62,0,85,0,4,173,0,177,0,27,235,0,262,294,0,294,556
10/08/2020,FPR,FL,ASO,ES,Towers with Radar,0,14,67,0,81,0,3,167,0,170,0,17,234,0,251,322,0,322,573
10/09/2020,FPR,FL,ASO,ES,Towers with Radar,0,6,40,1,47,0,7,146,1,154,0,13,186,2,201,262,0,262,463
10/10/2020,FPR,FL,ASO,ES,Towers with Radar,0,3,33,0,36,0,0,54,0,54,0,3,87,0,90,102,0,102,192
10/11/2020,FPR,FL,ASO,ES,Towers with Radar,0,4,33,0,37,0,1,83,0,84,0,5,116,0,121,167,0,167,288
10/12/2020,FPR,FL,ASO,ES,Towers with Radar,0,0,43,0,43,0,5,93,0,98,0,5,136,0,141,121,0,121,262
10/13/2020,FPR,FL,ASO,ES,Towers with Radar,0,17,50,0,67,0,13,131,0,144,0,30,181,0,211,206,0,206,417
10/14/2020,FPR,FL,ASO,ES,Towers with Radar,0,5,92,0,97,0,15,174,0,189,0,20,266,0,286,210,0,210,496
10/15/2020,FPR,FL,ASO,ES,Towers with Radar,0,19,44,1,64,0,10,172,3,185,0,29,216,4,249,440,0,440,689
10/16/2020,FPR,FL,ASO,ES,Towers with Radar,0,18,66,0,84,0,5,111,0,116,0,23,177,0,200,224,0,224,424
10/17/2020,FPR,FL,ASO,ES,Towers with Radar,0,6,65,0,71,0,5,73,0,78,0,11,138,0,149,114,0,114,263
10/18/2020,FPR,FL,ASO,ES,Towers with Radar,0,2,44,0,46,0,1,64,0,65,0,3,108,0,111,131,0,131,242
10/19/2020,FPR,FL,ASO,ES,Towers with Radar,0,8,49,0,57,0,0,45,0,45,0,8,94,0,102,129,0,129,231
10/20/2020,FPR,FL,ASO,ES,Towers with Radar,0,12,76,0,88,0,0,122,0,122,0,12,198,0,210,274,0,274,484
10/21/2020,FPR,FL,ASO,ES,Towers with Radar,0,15,81,0,96,0,1,152,0,153,0,16,233,0,249,235,0,235,484
10/22/2020,FPR,FL,ASO,ES,Towers with Radar,0,6,103,0,109,0,0,174,0,174,0,6,277,0,283,341,0,341,624
10/23/2020,FPR,FL,ASO,ES,Towers with Radar,0,18,108,0,126,0,1,165,0,166,0,19,273,0,292,259,0,259,551
10/24/2020,FPR,FL,ASO,ES,Towers with Radar,0,1,57,0,58,0,1,102,0,103,0,2,159,0,161,195,0,195,356
10/25/2020,FPR,FL,ASO,ES,Towers with Radar,0,0,39,0,39,0,0,74,0,74,0,0,113,0,113,129,0,129,242
10/26/2020,FPR,FL,ASO,ES,Towers with Radar,0,14,80,0,94,0,2,202,0,204,0,16,282,0,298,279,0,279,577
10/27/2020,FPR,FL,ASO,ES,Towers with Radar,0,31,95,0,126,0,7,158,0,165,0,38,253,0,291,277,0,277,568
10/28/2020,FPR,FL,ASO,ES,Towers with Radar,0,36,96,0,132,0,6,165,0,171,0,42,261,0,303,234,0,234,537
10/29/2020,FPR,FL,ASO,ES,Towers with Radar,0,9,42,0,51,0,5,138,0,143,0,14,180,0,194,239,0,239,433
10/30/2020,FPR,FL,ASO,ES,Towers with Radar,0,9,60,0,69,0,5,121,0,126,0,14,181,0,195,260,0,260,455
10/31/2020,FPR,FL,ASO,ES,Towers with Radar,0,7,38,0,45,0,2,75,0,77,0,9,113,0,122,161,0,161,283
11/01/2020,FPR,FL,ASO,ES,Towers with Radar,0,4,29,0,33,0,1,57,0,58,0,5,86,0,91,136,0,136,227
11/02/2020,FPR,FL,ASO,ES,Towers with Radar,0,2,13,0,15,0,6,20,0,26,0,8,33,0,41,40,0,40,81
11/03/2020,FPR,FL,ASO,ES,Towers with Radar,0,3,23,0,26,0,4,62,0,66,0,7,85,0,92,29,0,29,121
11/04/2020,FPR,FL,ASO,ES,Towers with Radar,0,18,79,0,97,0,9,165,0,174,0,27,244,0,271,180,0,180,451
11/05/2020,FPR,FL,ASO,ES,Towers with Radar,0,13,103,0,116,0,2,155,0,157,0,15,258,0,273,267,0,267,540
11/06/2020,FPR,FL,ASO,ES,Towers with Radar,0,13,98,0,111,0,4,153,4,161,0,17,251,4,272,223,0,223,495
11/07/2020,FPR,FL,ASO,ES,Towers with Radar,0,5,51,0,56,0,0,61,0,61,0,5,112,0,117,46,0,46,163
11/08/2020,FPR,FL,ASO,ES,Towers with Radar,0,2,17,0,19,0,0,5,0,5,0,2,22,0,24,0,0,0,24
11/09/2020,FPR,FL,ASO,ES,Towers with Radar,0,2,5,0,7,0,0,0,0,0,0,2,5,0,7,0,0,0,7
11/10/2020,FPR,FL,ASO,ES,Towers with Radar,0,4,57,0,61,0,3,78,0,81,0,7,135,0,142,172,0,172,314
11/11/2020,FPR,FL,ASO,ES,Towers with Radar,0,15,37,0,52,0,3,85,0,88,0,18,122,0,140,100,0,100,240
11/12/2020,FPR,FL,ASO,ES,Towers with Radar,0,4,55,0,59,0,4,111,0,115,0,8,166,0,174,264,0,264,438
11/13/2020,FPR,FL,ASO,ES,Towers with Radar,0,19,84,1,104,0,3,107,2,112,0,22,191,3,216,252,0,252,468
11/14/2020,FPR,FL,ASO,ES,Towers with Radar,0,4,63,0,67,0,2,111,0,113,0,6,174,0,180,212,0,212,392
11/15/2020,FPR,FL,ASO,ES,Towers with Radar,0,0,49,0,49,0,4,81,0,85,0,4,130,0,134,147,0,147,281
11/16/2020,FPR,FL,ASO,ES,Towers with Radar,0,15,67,0,82,0,9,163,0,172,0,24,230,0,254,292,0,292,546
11/17/2020,FPR,FL,ASO,ES,Towers with Radar,0,6,79,0,85,0,6,176,0,182,0,12,255,0,267,214,0,214,481
11/18/2020,FPR,FL,ASO,ES,Towers with Radar,0,8,62,0,70,0,11,155,0,166,0,19,217,0,236,128,0,128,364
11/19/2020,FPR,FL,ASO,ES,Towers with Radar,0,18,80,0,98,0,4,123,0,127,0,22,203,0,225,157,0,157,382
11/20/2020,FPR,FL,ASO,ES,Towers with Radar,0,27,93,0,120,0,8,144,1,153,0,35,237,1,273,199,0,199,472
11/21/2020,FPR,FL,ASO,ES,Towers with Radar,0,2,68,0,70,0,0,58,0,58,0,2,126,0,128,135,0,135,263
11/22/2020,FPR,FL,ASO,ES,Towers with Radar,0,2,71,0,73,0,0,106,0,106,0,2,177,0,179,190,0,190,369
11/23/2020,FPR,FL,ASO,ES,Towers with Radar,0,9,44,0,53,0,1,129,0,130,0,10,173,0,183,100,0,100,283
11/24/2020,FPR,FL,ASO,ES,Towers with Radar,0,21,88,0,109,0,11,190,4,205,0,32,278,4,314,393,0,393,707
11/25/2020,FPR,FL,ASO,ES,Towers with Radar,0,9,78,0,87,0,6,183,0,189,0,15,261,0,276,271,0,271,547
11/26/2020,FPR,FL,ASO,ES,Towers with Radar,0,0,9,0,9,0,2,24,0,26,0,2,33,0,35,45,0,45,80
11/27/2020,FPR,FL,ASO,ES,Towers with Radar,0,2,13,0,15,0,4,41,0,45,0,6,54,0,60,34,0,34,94
11/28/2020,FPR,FL,ASO,ES,Towers with Radar,0,2,68,0,70,0,9,141,0,150,0,11,209,0,220,288,0,288,508
11/29/2020,FPR,FL,ASO,ES,Towers with Radar,0,3,76,0,79,0,3,154,0,157,0,6,230,0,236,317,0,317,553
11/30/2020,FPR,FL,ASO,ES,Towers with Radar,0,5,39,0,44,0,6,89,0,95,0,11,128,0,139,156,0,156,295
12/01/2020,FPR,FL,ASO,ES,Towers with Radar,0,14,50,0,64,0,9,142,0,151,0,23,192,0,215,206,0,206,421
12/02/2020,FPR,FL,ASO,ES,Towers with Radar,0,4,57,0,61,0,9,147,0,156,0,13,204,0,217,171,0,171,388
12/03/2020,FPR,FL,ASO,ES,Towers with Radar,0,9,22,0,31,0,13,154,0,167,0,22,176,0,198,288,0,288,486
12/04/2020,FPR,FL,ASO,ES,Towers with Radar,0,10,30,0,40,0,12,151,0,163,0,22,181,0,203,267,0,267,470
12/05/2020,FPR,FL,ASO,ES,Towers with Radar,0,1,33,0,34,0,3,150,0,153,0,4,183,0,187,177,0,177,364
12/06/2020,FPR,FL,ASO,ES,Towers with Radar,0,0,18,0,18,0,0,160,0,160,0,0,178,0,178,252,0,252,430
12/07/2020,FPR,FL,ASO,ES,Towers with Radar,0,1,21,0,22,0,4,73,0,77,0,5,94,0,99,101,0,101,200
12/08/2020,FPR,FL,ASO,ES,Towers with Radar,0,2,32,0,34,0,12,177,0,189,0,14,209,0,223,346,0,346,569
12/09/2020,FPR,FL,ASO,ES,Towers with Radar,0,3,49,0,52,0,17,173,0,190,0,20,222,0,242,254,0,254,496
12/10/2020,FPR,FL,ASO,ES,Towers with Radar,0,13,69,0,82,0,4,177,0,181,0,17,246,0,263,309,0,309,572
12/11/2020,FPR,FL,ASO,ES,Towers with Radar,0,8,68,0,76,0,10,168,0,178,0,18,236,0,254,288,0,288,542
12/12/2020,FPR,FL,ASO,ES,Towers with Radar,0,2,68,0,70,0,8,55,0,63,0,10,123,0,133,164,0,164,297
12/13/2020,FPR,FL,ASO,ES,Towers with Radar,0,0,68,0,68,0,2,135,0,137,0,2,203,0,205,253,0,253,458
12/14/2020,FPR,FL,ASO,ES,Towers with Radar,0,8,51,0,59,0,7,116,0,123,0,15,167,0,182,192,0,192,374
12/15/2020,FPR,FL,ASO,ES,Towers with Radar,0,1,77,0,78,0,2,54,0,56,0,3,131,0,134,162,0,162,296
12/16/2020,FPR,FL,ASO,ES,Towers with Radar,0,2,53,0,55,0,6,143,0,149,0,8,196,0,204,282,0,282,486
12/17/2020,FPR,FL,ASO,ES,Towers with Radar,0,10,45,0,55,0,5,42,2,49,0,15,87,2,104,226,0,226,330
12/18/2020,FPR,FL,ASO,ES,Towers with Radar,0,2,44,0,46,0,8,107,0,115,0,10,151,0,161,209,0,209,370
12/19/2020,FPR,FL,ASO,ES,Towers with Radar,0,7,47,0,54,0,4,99,0,103,0,11,146,0,157,146,0,146,303
12/20/2020,FPR,FL,ASO,ES,Towers with Radar,0,0,35,0,35,0,1,79,0,80,0,1,114,0,115,129,0,129,244
12/21/2020,FPR,FL,ASO,ES,Towers with Radar,0,2,33,0,35,0,1,94,0,95,0,3,127,0,130,219,0,219,349
12/22/2020,FPR,FL,ASO,ES,Towers with Radar,0,4,35,0,39,0,4,105,1,110,0,8,140,1,149,194,0,194,343
12/23/2020,FPR,FL,ASO,ES,Towers with Radar,0,6,42,2,50,0,9,64,0,73,0,15,106,2,123,20,0,20,143
12/24/2020,FPR,FL,ASO,ES,Towers with Radar,0,6,12,0,18,0,4,29,0,33,0,10,41,0,51,28,0,28,79
12/25/2020,FPR,FL,ASO,ES,Towers with Radar,0,1,1,0,2,0,0,1,0,1,0,1,2,0,3,0,0,0,3
12/26/2020,FPR,FL,ASO,ES,Towers with Radar,0,2,40,0,42,0,7,33,0,40,0,9,73,0,82,16,0,16,98
12/27/2020,FPR,FL,ASO,ES,Towers with Radar,0,6,32,0,38,0,1,25,0,26,0,7,57,0,64,30,0,30,94
12/28/2020,FPR,FL,ASO,ES,Towers with Radar,0,10,20,0,30,0,0,40,0,40,0,10,60,0,70,63,0,63,133
12/29/2020,FPR,FL,ASO,ES,Towers with Radar,0,13,48,0,61,0,6,80,0,86,0,19,128,0,147,80,0,80,227
12/30/2020,FPR,FL,ASO,ES,Towers with Radar,0,5,57,0,62,0,6,67,0,73,0,11,124,0,135,38,0,38,173
12/31/2020,FPR,FL,ASO,ES,Towers with Radar,0,8,16,0,24,0,9,26,0,35,0,17,42,0,59,30,0,30,89
01/01/2021,FPR,FL,ASO,ES,Towers with Radar,0,1,18,0,19,0,1,19,0,20,0,2,37,0,39,0,0,0,39
01/02/2021,FPR,FL,ASO,ES,Towers with Radar,0,5,60,0,65,0,1,21,0,22,0,6,81,0,87,1,0,1,88
01/03/2021,FPR,FL,ASO,ES,Towers with Radar,0,0,54,0,54,0,5,42,0,47,0,5,96,0,101,1,0,1,102
01/04/2021,FPR,FL,ASO,ES,Towers with Radar,0,4,58,0,62,0,3,98,0,101,0,7,156,0,163,135,0,135,298
01/05/2021,FPR,FL,ASO,ES,Towers with Radar,0,9,30,1,40,0,8,142,0,150,0,17,172,1,190,275,0,275,465
01/06/2021,FPR,FL,ASO,ES,Towers with Radar,0,2,56,0,58,0,3,105,0,108,0,5,161,0,166,139,0,139,305
01/07/2021,FPR,FL,ASO,ES,Towers with Radar,0,12,52,0,64,0,8,111,0,119,0,20,163,0,183,231,0,231,414
01/08/2021,FPR,FL,ASO,ES,Towers with Radar,0,8,39,0,47,0,3,107,0,110,0,11,146,0,157,151,35,186,343
01/09/2021,FPR,FL,ASO,ES,Towers with Radar,0,2,36,0,38,0,4,73,0,77,0,6,109,0,115,137,0,137,252
01/10/2021,FPR,FL,ASO,ES,Towers with Radar,0,0,32,0,32,0,2,83,0,85,0,2,115,0,117,122,0,122,239
01/11/2021,FPR,FL,ASO,ES,Towers with Radar,0,23,71,2,96,0,9,134,3,146,0,32,205,5,242,211,0,211,453
01/12/2021,FPR,FL,ASO,ES,Towers with Radar,0,17,54,0,71,0,8,101,0,109,0,25,155,0,180,190,0,190,370
01/13/2021,FPR,FL,ASO,ES,Towers with Radar,0,12,34,0,46,0,6,101,0,107,0,18,135,0,153,312,0,312,465
01/14/2021,FPR,FL,ASO,ES,Towers with Radar,0,7,59,0,66,0,11,142,0,153,0,18,201,0,219,316,0,316,535
01/15/2021,FPR,FL,ASO,ES,Towers with Radar,0,10,80,0,90,0,6,139,0,145,0,16,219,0,235,308,0,308,543
01/16/2021,FPR,FL,ASO,ES,Towers with Radar,0,3,35,0,38,0,7,82,0,89,0,10,117,0,127,132,0,132,259
01/17/2021,FPR,FL,ASO,ES,Towers with Radar,0,5,34,0,39,0,8,69,0,77,0,13,103,0,116,188,0,188,304
01/18/2021,FPR,FL,ASO,ES,Towers with Radar,0,7,70,0,77,0,1,151,0,152,0,8,221,0,229,222,0,222,451
01/19/2021,FPR,FL,ASO,ES,Towers with Radar,0,16,62,0,78,0,5,158,0,163,0,21,220,0,241,284,0,284,525
01/20/2021,FPR,FL,ASO,ES,Towers with Radar,0,6,68,0,74,0,5,189,0,194,0,11,257,0,268,301,0,301,569
01/21/2021,FPR,FL,ASO,ES,Towers with Radar,0,5,59,0,64,0,7,132,0,139,0,12,191,0,203,297,0,297,500
01/22/2021,FPR,FL,ASO,ES,Towers with Radar,0,9,41,0,50,0,9,130,0,139,0,18,171,0,189,242,0,242,431
01/23/2021,FPR,FL,ASO,ES,Towers with Radar,0,4,54,0,58,0,4,79,0,83,0,8,133,0,141,173,0,173,314
01/24/2021,FPR,FL,ASO,ES,Towers with Radar,0,5,58,0,63,0,4,68,0,72,0,9,126,0,135,183,0,183,318
01/25/2021,FPR,FL,ASO,ES,Towers with Radar,0,10,52,0,62,0,1,101,0,102,0,11,153,0,164,219,0,219,383
01/26/2021,FPR,FL,ASO,ES,Towers with Radar,0,14,74,0,88,0,3,161,0,164,0,17,235,0,252,343,0,343,595
01/27/2021,FPR,FL,ASO,ES,Towers with Radar,0,3,59,0,62,0,3,123,0,126,0,6,182,0,188,252,0,252,440
01/28/2021,FPR,FL,ASO,ES,Towers with Radar,0,1,56,1,58,0,13,86,0,99,0,14,142,1,157,75,0,75,232
01/29/2021,FPR,FL,ASO,ES,Towers with Radar,0,4,70,0,74,0,9,150,0,159,0,13,220,0,233,177,0,177,410
01/30/2021,FPR,FL,ASO,ES,Towers with Radar,0,6,33,0,39,0,12,75,0,87,0,18,108,0,126,219,0,219,345
01/31/2021,FPR,FL,ASO,ES,Towers with Radar,0,4,48,0,52,0,8,61,0,69,0,12,109,0,121,123,0,123,244
02/01/2021,FPR,FL,ASO,ES,Towers with Radar,0,0,31,0,31,0,3,46,0,49,0,3,77,0,80,70,0,70,150
02/02/2021,FPR,FL,ASO,ES,Towers with Radar,0,2,35,0,37,0,10,88,0,98,0,12,123,0,135,126,0,126,261
02/03/2021,FPR,FL,ASO,ES,Towers with Radar,0,10,39,1,50,0,14,132,0,146,0,24,171,1,196,273,0,273,469
02/04/2021,FPR,FL,ASO,ES,Towers with Radar,0,9,52,0,61,0,7,169,0,176,0,16,221,0,237,304,0,304,541
02/05/2021,FPR,FL,ASO,ES,Towers with Radar,0,4,57,0,61,0,4,121,0,125,0,8,178,0,186,189,0,189,375
02/06/2021,FPR,FL,ASO,ES,Towers with Radar,0,2,35,0,37,0,1,66,0,67,0,3,101,0,104,116,0,116,220
02/07/2021,FPR,FL,ASO,ES,Towers with Radar,0,0,32,0,32,0,7,39,0,46,0,7,71,0,78,53,0,53,131
02/08/2021,FPR,FL,ASO,ES,Towers with Radar,0,2,94,0,96,0,5,54,0,59,0,7,148,0,155,140,0,140,295
02/09/2021,FPR,FL,ASO,ES,Towers with Radar,0,15,51,0,66,0,7,127,0,134,0,22,178,0,200,249,0,249,449
02/10/2021,FPR,FL,ASO,ES,Towers with Radar,0,4,46,0,50,0,6,157,0,163,0,10,203,0,213,332,0,332,545
02/11/2021,FPR,FL,ASO,ES,Towers with Radar,0,25,58,0,83,0,5,161,0,166,0,30,219,0,249,316,0,316,565
02/12/2021,FPR,FL,ASO,ES,Towers with Radar,0,15,56,0,71,0,7,158,0,165,0,22,214,0,236,293,0,293,529
02/13/2021,FPR,FL,ASO,ES,Towers with Radar,0,4,28,0,32,0,3,31,0,34,0,7,59,0,66,50,0,50,116
02/14/2021,FPR,FL,ASO,ES,Towers with Radar,0,3,48,0,51,0,5,61,0,66,0,8,109,0,117,104,0,104,221
02/15/2021,FPR,FL,ASO,ES,Towers with Radar,0,2,40,0,42,0,10,123,0,133,0,12,163,0,175,306,0,306,481
02/16/2021,FPR,FL,ASO,ES,Towers with Radar,0,13,52,0,65,0,1,86,0,87,0,14,138,0,152,262,0,262,414
02/17/2021,FPR,FL,ASO,ES,Towers with Radar,0,8,69,0,77,0,4,56,0,60,0,12,125,0,137,153,0,153,290
02/18/2021,FPR,FL,ASO,ES,Towers with Radar,0,24,58,0,82,0,9,152,0,161,0,33,210,0,243,289,0,289,532
02/19/2021,FPR,FL,ASO,ES,Towers with Radar,0,6,42,0,48,0,9,85,0,94,0,15,127,0,142,90,0,90,232
02/20/2021,FPR,FL,ASO,ES,Towers with Radar,0,8,44,0,52,0,11,76,0,87,0,19,120,0,139,116,0,116,255
02/21/2021,FPR,FL,ASO,ES,Towers with Radar,0,8,33,0,41,0,1,98,0,99,0,9,131,0,140,114,0,114,254
02/22/2021,FPR,FL,ASO,ES,Towers with Radar,0,13,33,0,46,0,5,129,0,134,0,18,162,0,180,291,0,291,471
02/23/2021,FPR,FL,ASO,ES,Towers with Radar,0,4,54,0,58,0,3,135,0,138,0,7,189,0,196,330,0,330,526
02/24/2021,FPR,FL,ASO,ES,Towers with Radar,0,13,39,0,52,0,6,123,0,129,0,19,162,0,181,353,0,353,534
02/25/2021,FPR,FL,ASO,ES,Towers with Radar,0,8,40,0,48,0,1,127,0,128,0,9,167,0,176,250,0,250,426
02/26/2021,FPR,FL,ASO,ES,Towers with Radar,0,11,49,0,60,0,14,131,0,145,0,25,180,0,205,332,0,332,537
02/27/2021,FPR,FL,ASO,ES,Towers with Radar,0,6,53,0,59,0,8,93,0,101,0,14,146,0,160,120,0,120,280
02/28/2021,FPR,FL,ASO,ES,Towers with Radar,0,3,61,0,64,0,6,67,0,73,0,9,128,0,137,134,0,134,271
03/01/2021,FPR,FL,ASO,ES,Towers with Radar,0,16,45,0,61,0,9,106,2,117,0,25,151,2,178,230,0,230,408
03/02/2021,FPR,FL,ASO,ES,Towers with Radar,0,14,73,0,87,0,8,117,0,125,0,22,190,0,212,314,0,314,526
03/03/2021,FPR,FL,ASO,ES,Towers with Radar,0,7,47,0,54,0,2,66,0,68,0,9,113,0,122,170,0,170,292
03/04/2021,FPR,FL,ASO,ES,Towers with Radar,0,7,80,0,87,0,7,133,0,140,0,14,213,0,227,319,0,319,546
03/05/2021,FPR,FL,ASO,ES,Towers with Radar,0,10,80,0,90,0,6,171,0,177,0,16,251,0,267,346,0,346,613
03/06/2021,FPR,FL,ASO,ES,Towers with Radar,0,2,36,0,38,0,1,49,0,50,0,3,85,0,88,161,0,161,249
03/07/2021,FPR,FL,ASO,ES,Towers with Radar,0,5,41,1,47,0,3,24,0,27,0,8,65,1,74,46,0,46,120
03/08/2021,FPR,FL,ASO,ES,Towers with Radar,0,5,57,0,62,0,3,85,0,88,0,8,142,0,150,176,0,176,326
03/09/2021,FPR,FL,ASO,ES,Towers with Radar,0,4,79,0,83,0,6,149,0,155,0,10,228,0,238,281,0,281,519
03/10/2021,FPR,FL,ASO,ES,Towers with Radar,0,10,61,0,71,0,16,139,0,155,0,26,200,0,226,373,0,373,599
03/11/2021,FPR,FL,ASO,ES,Towers with Radar,2,12,70,0,84,0,7,128,0,135,2,19,198,0,219,268,0,268,487
03/12/2021,FPR,FL,ASO,ES,Towers with Radar,0,15,61,0,76,0,11,123,0,134,0,26,184,0,210,307,0,307,517
03/13/2021,FPR,FL,ASO,ES,Towers with Radar,0,2,54,0,56,0,6,83,0,89,0,8,137,0,145,233,0,233,378
03/14/2021,FPR,FL,ASO,ES,Towers with Radar,2,0,46,0,48,0,7,67,1,75,2,7,113,1,123,193,0,193,316
03/15/2021,FPR,FL,ASO,ES,Towers with Radar,0,10,48,0,58,0,11,98,0,109,0,21,146,0,167,324,0,324,491
03/16/2021,FPR,FL,ASO,ES,Towers with Radar,0,1,62,0,63,0,8,126,0,134,0,9,188,0,197,170,0,170,367
03/17/2021,FPR,FL,ASO,ES,Towers with Radar,0,12,66,0,78,0,7,144,0,151,0,19,210,0,229,212,0,212,441
03/18/2021,FPR,FL,ASO,ES,Towers with Radar,0,2,59,0,61,0,6,83,0,89,0,8,142,0,150,112,0,112,262
03/19/2021,FPR,FL,ASO,ES,Towers with Radar,0,8,69,0,77,0,6,90,0,96,0,14,159,0,173,234,0,234,407
03/20/2021,FPR,FL,ASO,ES,Towers with Radar,0,4,69,0,73,0,1,84,0,85,0,5,153,0,158,82,0,82,240
03/21/2021,FPR,FL,ASO,ES,Towers with Radar,0,8,67,0,75,0,4,54,0,58,0,12,121,0,133,152,0,152,285
03/22/2021,FPR,FL,ASO,ES,Towers with Radar,0,10,49,0,59,0,3,93,1,97,0,13,142,1,156,182,0,182,338
03/23/2021,FPR,FL,ASO,ES,Towers with Radar,0,16,77,0,93,0,5,106,0,111,0,21,183,0,204,223,0,223,427
03/24/2021,FPR,FL,ASO,ES,Towers with Radar,0,2,55,0,57,0,4,133,0,137,0,6,188,0,194,259,0,259,453
03/25/2021,FPR,FL,ASO,ES,Towers with Radar,0,1,62,0,63,0,2,130,0,132,0,3,192,0,195,203,0,203,398
03/26/2021,FPR,FL,ASO,ES,Towers with Radar,0,15,61,0,76,0,1,148,0,149,0,16,209,0,225,320,0,320,545
03/27/2021,FPR,FL,ASO,ES,Towers with Radar,0,10,59,2,71,0,3,68,1,72,0,13,127,3,143,156,0,156,299
03/28/2021,FPR,FL,ASO,ES,Towers with Radar,0,1,63,0,64,0,6,100,0,106,0,7,163,0,170,159,0,159,329
03/29/2021,FPR,FL,ASO,ES,Towers with Radar,0,18,76,0,94,0,0,129,0,129,0,18,205,0,223,276,0,276,499
03/30/2021,FPR,FL,ASO,ES,Towers with Radar,0,11,53,0,64,0,8,167,0,175,0,19,220,0,239,329,0,329,568
03/31/2021,FPR,FL,ASO,ES,Towers with Radar,0,7,54,0,61,0,5,83,0,88,0,12,137,0,149,214,0,214,363
04/01/2021,FPR,FL,ASO,ES,Towers with Radar,0,12,39,0,51,0,2,71,0,73,0,14,110,0,124,221,0,221,345
04/02/2021,FPR,FL,ASO,ES,Towers with Radar,0,3,45,0,48,0,6,53,0,59,0,9,98,0,107,58,0,58,165
04/03/2021,FPR,FL,ASO,ES,Towers with Radar,0,7,65,0,72,0,4,62,0,66,0,11,127,0,138,99,0,99,237
04/04/2021,FPR,FL,ASO,ES,Towers with Radar,0,10,51,0,61,0,8,53,1,62,0,18,104,1,123,163,0,163,286
04/05/2021,FPR,FL,ASO,ES,Towers with Radar,0,7,76,0,83,0,4,133,0,137,0,11,209,0,220,372,0,372,592
04/06/2021,FPR,FL,ASO,ES,Towers with Radar,0,0,50,0,50,0,16,132,0,148,0,16,182,0,198,323,0,323,521
04/07/2021,FPR,FL,ASO,ES,Towers with Radar,0,2,53,0,55,0,9,140,0,149,0,11,193,0,204,378,0,378,582
04/08/2021,FPR,FL,ASO,ES,Towers with Radar,0,6,59,0,65,0,4,204,0,208,0,10,263,0,273,427,0,427,700
04/09/2021,FPR,FL,ASO,ES,Towers with Radar,0,7,55,0,62,0,10,162,0,172,0,17,217,0,234,397,0,397,631
04/10/2021,FPR,FL,ASO,ES,Towers with Radar,0,1,66,0,67,0,5,69,0,74,0,6,135,0,141,117,0,117,258
04/11/2021,FPR,FL,ASO,ES,Towers with Radar,0,2,34,0,36,0,2,37,0,39,0,4,71,0,75,34,0,34,109
04/12/2021,FPR,FL,ASO,ES,Towers with Radar,0,9,62,0,71,0,14,81,0,95,0,23,143,0,166,200,0,200,366
04/13/2021,FPR,FL,ASO,ES,Towers with Radar,0,7,49,0,56,0,8,140,0,148,0,15,189,0,204,267,0,267,471
04/14/2021,FPR,FL,ASO,ES,Towers with Radar,0,6,39,0,45,0,14,109,0,123,0,20,148,0,168,324,0,324,492
04/15/2021,FPR,FL,ASO,ES,Towers with Radar,0,10,52,0,62,0,14,119,0,133,0,24,171,0,195,292,0,292,487
04/16/2021,FPR,FL,ASO,ES,Towers with Radar,0,11,43,0,54,0,0,75,0,75,0,11,118,0,129,237,0,237,366
04/17/2021,FPR,FL,ASO,ES,Towers with Radar,0,7,58,0,65,0,0,75,1,76,0,7,133,1,141,139,0,139,280
04/18/2021,FPR,FL,ASO,ES,Towers with Radar,0,2,47,0,49,0,2,57,0,59,0,4,104,0,108,117,0,117,225
04/19/2021,FPR,FL,ASO,ES,Towers with Radar,0,1,28,0,29,0,1,19,0,20,0,2,47,0,49,20,0,20,69
04/20/2021,FPR,FL,ASO,ES,Towers with Radar,0,6,23,0,29,0,4,36,0,40,0,10,59,0,69,116,0,116,185
04/21/2021,FPR,FL,ASO,ES,Towers with Radar,0,12,46,0,58,0,7,124,0,131,0,19,170,0,189,315,0,315,504
04/22/2021,FPR,FL,ASO,ES,Towers with Radar,0,2,61,0,63,0,4,163,0,167,0,6,224,0,230,154,0,154,384
04/23/2021,FPR,FL,ASO,ES,Towers with Radar,0,12,70,0,82,0,1,142,0,143,0,13,212,0,225,301,0,301,526
04/24/2021,FPR,FL,ASO,ES,Towers with Radar,0,11,43,0,54,0,2,59,1,62,0,13,102,1,116,86,0,86,202
04/25/2021,FPR,FL,ASO,ES,Towers with Radar,0,2,72,0,74,0,1,54,0,55,0,3,126,0,129,84,0,84,213
04/26/2021,FPR,FL,ASO,ES,Towers with Radar,0,8,64,0,72,0,4,142,0,146,0,12,206,0,218,269,0,269,487
04/27/2021,FPR,FL,ASO,ES,Towers with Radar,0,14,66,0,80,0,9,138,0,147,0,23,204,0,227,252,0,252,479
04/28/2021,FPR,FL,ASO,ES,Towers with Radar,0,12,64,0,76,0,1,158,0,159,0,13,222,0,235,213,0,213,448
04/29/2021,FPR,FL,ASO,ES,Towers with Radar,0,11,66,0,77,0,4,126,0,130,0,15,192,0,207,229,0,229,436
04/30/2021,FPR,FL,ASO,ES,Towers with Radar,0,2,64,0,66,0,1,100,0,101,0,3,164,0,167,327,0,327,494
05/01/2021,FPR,FL,ASO,ES,Towers with Radar,0,0,56,0,56,0,10,81,0,91,0,10,137,0,147,116,0,116,263
05/02/2021,FPR,FL,ASO,ES,Towers with Radar,0,8,46,0,54,0,1,61,0,62,0,9,107,0,116,125,0,125,241
05/03/2021,FPR,FL,ASO,ES,Towers with Radar,0,4,51,0,55,0,7,92,0,99,0,11,143,0,154,194,0,194,348
05/04/2021,FPR,FL,ASO,ES,Towers with Radar,0,16,42,0,58,0,9,131,0,140,0,25,173,0,198,254,0,254,452
05/05/2021,FPR,FL,ASO,ES,Towers with Radar,0,16,47,0,63,0,9,181,3,193,0,25,228,3,256,310,0,310,566
05/06/2021,FPR,FL,ASO,ES,Towers with Radar,0,4,46,0,50,0,9,86,0,95,0,13,132,0,145,206,0,206,351
05/07/2021,FPR,FL,ASO,ES,Towers with Radar,0,6,70,0,76,0,4,146,0,150,0,10,216,0,226,228,0,228,454
05/08/2021,FPR,FL,ASO,ES,Towers with Radar,0,6,42,0,48,0,5,92,0,97,0,11,134,0,145,151,0,151,296
05/09/2021,FPR,FL,ASO,ES,Towers with Radar,0,5,63,0,68,0,11,75,3,89,0,16,138,3,157,111,0,111,268
05/10/2021,FPR,FL,ASO,ES,Towers with Radar,0,6,53,0,59,0,7,131,2,140,0,13,184,2,199,224,0,224,423
05/11/2021,FPR,FL,ASO,ES,Towers with Radar,0,5,59,0,64,0,4,143,1,148,0,9,202,1,212,264,0,264,476
05/12/2021,FPR,FL,ASO,ES,Towers with Radar,0,10,54,0,64,0,4,149,0,153,0,14,203,0,217,289,0,289,506
05/13/2021,FPR,FL,ASO,ES,Towers with Radar,0,5,70,0,75,0,8,81,0,89,0,13,151,0,164,176,0,176,340
05/14/2021,FPR,FL,ASO,ES,Towers with Radar,0,6,49,1,56,0,7,108,1,116,0,13,157,2,172,197,0,197,369
05/15/2021,FPR,FL,ASO,ES,Towers with Radar,0,2,60,0,62,0,9,90,1,100,0,11,150,1,162,68,0,68,230
05/16/2021,FPR,FL,ASO,ES,Towers with Radar,0,2,63,1,66,0,1,66,1,68,0,3,129,2,134,77,0,77,211
05/17/2021,FPR,FL,ASO,ES,Towers with Radar,0,11,49,0,60,0,6,145,0,151,0,17,194,0,211,281,0,281,492
05/18/2021,FPR,FL,ASO,ES,Towers with Radar,0,11,47,0,58,0,4,113,0,117,0,15,160,0,175,111,0,111,286
05/19/2021,FPR,FL,ASO,ES,Towers with Radar,0,22,39,0,61,0,7,71,0,78,0,29,110,0,139,176,0,176,315
05/20/2021,FPR,FL,ASO,ES,Towers with Radar,0,2,50,0,52,0,9,82,0,91,0,11,132,0,143,135,0,135,278
05/21/2021,FPR,FL,ASO,ES,Towers with Radar,0,6,69,0,75,0,7,87,1,95,0,13,156,1,170,158,0,158,328
05/22/2021,FPR,FL,ASO,ES,Towers with Radar,0,3,34,0,37,0,7,82,0,89,0,10,116,0,126,131,0,131,257
05/23/2021,FPR,FL,ASO,ES,Towers with Radar,0,2,40,0,42,0,3,92,0,95,0,5,132,0,137,213,0,213,350
05/24/2021,FPR,FL,ASO,ES,Towers with Radar,0,8,68,0,76,0,8,170,0,178,0,16,238,0,254,393,0,393,647
05/25/2021,FPR,FL,ASO,ES,Towers with Radar,0,12,43,0,55,0,9,180,2,191,0,21,223,2,246,394,0,394,640
05/26/2021,FPR,FL,ASO,ES,Towers with Radar,0,11,80,0,91,0,4,160,0,164,0,15,240,0,255,403,0,403,658
05/27/2021,FPR,FL,ASO,ES,Towers with Radar,0,6,67,0,73,0,6,147,0,153,0,12,214,0,226,432,0,432,658
05/28/2021,FPR,FL,ASO,ES,Towers with Radar,0,8,51,0,59,0,2,115,0,117,0,10,166,0,176,268,0,268,444
05/29/2021,FPR,FL,ASO,ES,Towers with Radar,0,2,45,0,47,0,2,55,0,57,0,4,100,0,104,147,0,147,251
05/30/2021,FPR,FL,ASO,ES,Towers with Radar,0,2,28,0,30,0,6,42,0,48,0,8,70,0,78,148,0,148,226
05/31/2021,FPR,FL,ASO,ES,Towers with Radar,0,6,81,0,87,0,9,76,0,85,0,15,157,0,172,186,0,186,358
06/01/2021,FPR,FL,ASO,ES,Towers with Radar,0,1,66,0,67,0,2,107,0,109,0,3,173,0,176,340,0,340,516
06/02/2021,FPR,FL,ASO,ES,Towers with Radar,0,4,52,0,56,0,6,84,0,90,0,10,136,0,146,204,0,204,350
06/03/2021,FPR,FL,ASO,ES,Towers with Radar,0,4,30,0,34,0,9,76,1,86,0,13,106,1,120,83,0,83,203
06/04/2021,FPR,FL,ASO,ES,Towers with Radar,0,3,62,0,65,0,3,90,0,93,0,6,152,0,158,197,0,197,355
06/05/2021,FPR,FL,ASO,ES,Towers with Radar,0,2,65,0,67,0,1,81,0,82,0,3,146,0,149,156,0,156,305
06/06/2021,FPR,FL,ASO,ES,Towers with Radar,0,2,80,0,82,0,5,74,0,79,0,7,154,0,161,170,0,170,331
06/07/2021,FPR,FL,ASO,ES,Towers with Radar,0,4,57,0,61,0,17,110,0,127,0,21,167,0,188,269,0,269,457
06/08/2021,FPR,FL,ASO,ES,Towers with Radar,0,6,65,2,73,0,15,127,0,142,0,21,192,2,215,253,0,253,468
06/09/2021,FPR,FL,ASO,ES,Towers with Radar,0,5,65,0,70,0,6,163,0,169,0,11,228,0,239,310,0,310,549
06/10/2021,FPR,FL,ASO,ES,Towers with Radar,0,4,58,0,62,0,8,107,0,115,0,12,165,0,177,287,0,287,464
06/11/2021,FPR,FL,ASO,ES,Towers with Radar,0,8,55,0,63,0,8,109,0,117,0,16,164,0,180,287,0,287,467
06/12/2021,FPR,FL,ASO,ES,Towers with Radar,0,2,42,0,44,0,2,93,0,95,0,4,135,0,139,188,0,188,327
06/13/2021,FPR,FL,ASO,ES,Towers with Radar,0,2,62,0,64,0,3,66,0,69,0,5,128,0,133,158,0,158,291
06/14/2021,FPR,FL,ASO,ES,Towers with Radar,0,0,50,0,50,0,10,71,0,81,0,10,121,0,131,149,0,149,280
06/15/2021,FPR,FL,ASO,ES,Towers with Radar,0,2,43,0,45,0,2,88,0,90,0,4,131,0,135,232,0,232,367
06/16/2021,FPR,FL,ASO,ES,Towers with Radar,0,2,40,0,42,0,7,99,0,106,0,9,139,0,148,189,0,189,337
06/17/2021,FPR,FL,ASO,ES,Towers with Radar,0,6,57,0,63,0,4,136,0,140,0,10,193,0,203,188,0,188,391
06/18/2021,FPR,FL,ASO,ES,Towers with Radar,0,8,67,0,75,0,6,112,0,118,0,14,179,0,193,213,0,213,406
06/19/2021,FPR,FL,ASO,ES,Towers with Radar,0,2,86,0,88,0,4,76,0,80,0,6,162,0,168,120,0,120,288
06/20/2021,FPR,FL,ASO,ES,Towers with Radar,0,2,40,0,42,0,4,64,0,68,0,6,104,0,110,112,0,112,222
06/21/2021,FPR,FL,ASO,ES,Towers with Radar,0,2,49,0,51,0,3,95,0,98,0,5,144,0,149,151,0,151,300
06/22/2021,FPR,FL,ASO,ES,Towers with Radar,0,2,45,0,47,0,4,88,1,93,0,6,133,1,140,107,0,107,247
06/23/2021,FPR,FL,ASO,ES,Towers with Radar,0,6,55,0,61,0,1,108,0,109,0,7,163,0,170,167,0,167,337
06/24/2021,FPR,FL,ASO,ES,Towers with Radar,0,9,52,0,61,0,10,131,0,141,0,19,183,0,202,246,0,246,448
06/25/2021,FPR,FL,ASO,ES,Towers with Radar,0,3,60,0,63,0,5,75,0,80,0,8,135,0,143,136,0,136,279
06/26/2021,FPR,FL,ASO,ES,Towers with Radar,0,1,64,0,65,0,3,58,4,65,0,4,122,4,130,140,0,140,270
06/27/2021,FPR,FL,ASO,ES,Towers with Radar,0,4,64,0,68,0,4,85,0,89,0,8,149,0,157,74,0,74,231
06/28/2021,FPR,FL,ASO,ES,Towers with Radar,0,0,54,0,54,0,3,101,0,104,0,3,155,0,158,199,0,199,357
06/29/2021,FPR,FL,ASO,ES,Towers with Radar,0,5,66,0,71,0,2,101,0,103,0,7,167,0,174,221,0,221,395
06/30/2021,FPR,FL,ASO,ES,Towers with Radar,0,1,62,0,63,0,2,89,0,91,0,3,151,0,154,182,0,182,336
07/01/2021,FPR,FL,ASO,ES,Towers with Radar,0,8,47,0,55,0,4,90,0,94,0,12,137,0,149,230,0,230,379
07/02/2021,FPR,FL,ASO,ES,Towers with Radar,0,10,63,0,73,0,4,109,0,113,0,14,172,0,186,196,0,196,382
07/03/2021,FPR,FL,ASO,ES,Towers with Radar,0,3,67,0,70,0,2,61,0,63,0,5,128,0,133,65,0,65,198
07/04/2021,FPR,FL,ASO,ES,Towers with Radar,0,0,15,0,15,0,8,46,0,54,0,8,61,0,69,4,0,4,73
07/05/2021,FPR,FL,ASO,ES,Towers with Radar,0,2,54,0,56,0,0,36,0,36,0,2,90,0,92,50,0,50,142
07/06/2021,FPR,FL,ASO,ES,Towers with Radar,0,8,41,0,49,0,0,46,0,46,0,8,87,0,95,88,0,88,183
07/07/2021,FPR,FL,ASO,ES,Towers with Radar,0,4,40,0,44,0,3,83,0,86,0,7,123,0,130,108,0,108,238
07/08/2021,FPR,FL,ASO,ES,Towers with Radar,0,0,60,0,60,0,0,102,0,102,0,0,162,0,162,208,0,208,370
07/09/2021,FPR,FL,ASO,ES,Towers with Radar,0,7,60,0,67,0,5,100,0,105,0,12,160,0,172,213,0,213,385
07/10/2021,FPR,FL,ASO,ES,Towers with Radar,0,10,65,0,75,0,4,105,0,109,0,14,170,0,184,128,0,128,312
07/11/2021,FPR,FL,ASO,ES,Towers with Radar,0,4,62,0,66,0,3,69,0,72,0,7,131,0,138,132,0,132,270
07/12/2021,FPR,FL,ASO,ES,Towers with Radar,0,10,41,0,51,0,7,91,1,99,0,17,132,1,150,152,0,152,302
07/13/2021,FPR,FL,ASO,ES,Towers with Radar,0,4,50,0,54,0,2,125,0,127,0,6,175,0,181,186,0,186,367
07/14/2021,FPR,FL,ASO,ES,Towers with Radar,0,10,62,0,72,0,4,139,0,143,0,14,201,0,215,324,0,324,539
07/15/2021,FPR,FL,ASO,ES,Towers with Radar,0,5,60,0,65,0,15,131,0,146,0,20,191,0,211,258,0,258,469
07/16/2021,FPR,FL,ASO,ES,Towers with Radar,0,17,66,0,83,0,9,131,0,140,0,26,197,0,223,362,0,362,585
07/17/2021,FPR,FL,ASO,ES,Towers with Radar,0,2,60,0,62,0,6,80,0,86,0,8,140,0,148,80,0,80,228
07/18/2021,FPR,FL,ASO,ES,Towers with Radar,0,4,43,0,47,0,0,65,0,65,0,4,108,0,112,93,0,93,205
07/19/2021,FPR,FL,ASO,ES,Towers with Radar,0,0,43,0,43,0,8,113,0,121,0,8,156,0,164,296,0,296,460
07/20/2021,FPR,FL,ASO,ES,Towers with Radar,0,9,46,0,55,0,10,121,0,131,0,19,167,0,186,234,0,234,420
07/21/2021,FPR,FL,ASO,ES,Towers with Radar,0,7,59,0,66,0,6,121,0,127,0,13,180,0,193,214,0,214,407
07/22/2021,FPR,FL,ASO,ES,Towers with Radar,0,5,44,0,49,0,5,105,0,110,0,10,149,0,159,214,0,214,373
07/23/2021,FPR,FL,ASO,ES,Towers with Radar,0,0,44,0,44,0,0,85,0,85,0,0,129,0,129,239,0,239,368
07/24/2021,FPR,FL,ASO,ES,Towers with Radar,0,6,66,0,72,0,2,70,0,72,0,8,136,0,144,123,0,123,267
07/25/2021,FPR,FL,ASO,ES,Towers with Radar,0,2,51,0,53,0,5,71,0,76,0,7,122,0,129,128,0,128,257
07/26/2021,FPR,FL,ASO,ES,Towers with Radar,0,6,32,0,38,0,3,111,0,114,0,9,143,0,152,222,0,222,374
07/27/2021,FPR,FL,ASO,ES,Towers with Radar,0,6,58,0,64,0,8,84,0,92,0,14,142,0,156,252,0,252,408
07/28/2021,FPR,FL,ASO,ES,Towers with Radar,0,2,34,0,36,0,7,85,0,92,0,9,119,0,128,163,0,163,291
07/29/2021,FPR,FL,ASO,ES,Towers with Radar,0,6,49,0,55,0,8,108,0,116,0,14,157,0,171,241,0,241,412
07/30/2021,FPR,FL,ASO,ES,Towers with Radar,0,10,49,0,59,0,8,107,0,115,0,18,156,0,174,205,0,205,379
07/31/2021,FPR,FL,ASO,ES,Towers with Radar,0,4,58,0,62,0,15,98,0,113,0,19,156,0,175,167,0,167,342
08/01/2021,FPR,FL,ASO,ES,Towers with Radar,0,0,42,0,42,0,4,41,1,46,0,4,83,1,88,103,0,103,191
08/02/2021,FPR,FL,ASO,ES,Towers with Radar,0,0,36,0,36,0,9,96,0,105,0,9,132,0,141,151,0,151,292
08/03/2021,FPR,FL,ASO,ES,Towers with Radar,0,0,23,0,23,0,4,62,0,66,0,4,85,0,89,115,0,115,204
08/04/2021,FPR,FL,ASO,ES,Towers with Radar,0,4,48,0,52,0,0,109,0,109,0,4,157,0,161,114,0,114,275
08/05/2021,FPR,FL,ASO,ES,Towers with Radar,0,8,42,0,50,0,8,113,0,121,0,16,155,0,171,193,0,193,364
08/06/2021,FPR,FL,ASO,ES,Towers with Radar,0,18,41,0,59,0,61,88,3,152,0,79,129,3,211,250,0,250,461
08/07/2021,FPR,FL,ASO,ES,Towers with Radar,0,7,30,0,37,0,40,38,0,78,0,47,68,0,115,186,0,186,301
08/08/2021,FPR,FL,ASO,ES,Towers with Radar,0,8,24,0,32,0,48,61,0,109,0,56,85,0,141,160,0,160,301
08/09/2021,FPR,FL,ASO,ES,Towers with Radar,0,23,14,0,37,0,65,64,0,129,0,88,78,0,166,272,0,272,438
08/10/2021,FPR,FL,ASO,ES,Towers with Radar,0,26,20,0,46,0,83,77,0,160,0,109,97,0,206,295,0,295,501
08/11/2021,FPR,FL,ASO,ES,Towers with Radar,0,28,14,0,42,0,71,70,0,141,0,99,84,0,183,321,0,321,504
08/12/2021,FPR,FL,ASO,ES,Towers with Radar,0,25,19,0,44,0,47,54,0,101,0,72,73,0,145,219,0,219,364
08/13/2021,FPR,FL,ASO,ES,Towers with Radar,0,24,22,0,46,0,56,30,0,86,0,80,52,0,132,208,0,208,340
08/14/2021,FPR,FL,ASO,ES,Towers with Radar,0,10,7,0,17,0,29,18,0,47,0,39,25,0,64,71,0,71,135
08/15/2021,FPR,FL,ASO,ES,Towers with Radar,0,12,12,0,24,0,27,16,0,43,0,39,28,0,67,58,0,58,125
08/16/2021,FPR,FL,ASO,ES,Towers with Radar,0,20,24,0,44,0,58,42,0,100,0,78,66,0,144,187,0,187,331
08/17/2021,FPR,FL,ASO,ES,Towers with Radar,0,25,14,0,39,0,87,55,0,142,0,112,69,0,181,170,0,170,351
08/18/2021,FPR,FL,ASO,ES,Towers with Radar,0,29,26,0,55,0,97,45,0,142,0,126,71,0,197,251,0,251,448
08/19/2021,FPR,FL,ASO,ES,Towers with Radar,0,29,21,0,50,0,69,57,0,126,0,98,78,0,176,207,0,207,383
08/20/2021,FPR,FL,ASO,ES,Towers with Radar,0,13,13,0,26,0,69,56,0,125,0,82,69,0,151,203,0,203,354
08/21/2021,FPR,FL,ASO,ES,Towers with Radar,0,8,17,0,25,0,39,50,0,89,0,47,67,0,114,92,0,92,206
08/22/2021,FPR,FL,ASO,ES,Towers with Radar,0,10,20,0,30,0,32,42,0,74,0,42,62,0,104,158,0,158,262
08/23/2021,FPR,FL,ASO,ES,Towers with Radar,0,31,20,0,51,0,75,21,0,96,0,106,41,0,147,181,0,181,328
08/24/2021,FPR,FL,ASO,ES,Towers with Radar,0,27,27,0,54,0,78,39,0,117,0,105,66,0,171,249,0,249,420
08/25/2021,FPR,FL,ASO,ES,Towers with Radar,0,28,25,0,53,0,85,61,0,146,0,113,86,0,199,295,0,295,494
08/26/2021,FPR,FL,ASO,ES,Towers with Radar,0,34,23,0,57,0,84,45,0,129,0,118,68,0,186,240,0,240,426
08/27/2021,FPR,FL,ASO,ES,Towers with Radar,0,20,17,0,37,0,36,21,0,57,0,56,38,0,94,115,0,115,209
08/28/2021,FPR,FL,ASO,ES,Towers with Radar,0,13,25,0,38,0,58,40,0,98,0,71,65,0,136,150,0,150,286
08/29/2021,FPR,FL,ASO,ES,Towers with Radar,0,2,28,0,30,0,7,41,0,48,0,9,69,0,78,18,0,18,96
08/30/2021,FPR,FL,ASO,ES,Towers with Radar,0,29,16,0,45,0,98,69,0,167,0,127,85,0,212,312,0,312,524
08/31/2021,FPR,FL,ASO,ES,Towers with Radar,0,29,22,0,51,0,86,64,0,150,0,115,86,0,201,285,0,285,486
09/01/2021,FPR,FL,ASO,ES,Towers with Radar,0,18,12,0,30,0,68,43,0,111,0,86,55,0,141,176,0,176,317
09/02/2021,FPR,FL,ASO,ES,Towers with Radar,0,11,19,0,30,0,85,34,0,119,0,96,53,0,149,198,0,198,347
09/03/2021,FPR,FL,ASO,ES,Towers with Radar,0,10,23,0,33,0,61,30,0,91,0,71,53,0,124,172,0,172,296
09/04/2021,FPR,FL,ASO,ES,Towers with Radar,0,12,24,0,36,0,33,34,0,67,0,45,58,0,103,132,0,132,235
09/05/2021,FPR,FL,ASO,ES,Towers with Radar,0,0,9,0,9,0,12,28,0,40,0,12,37,0,49,10,0,10,59
09/06/2021,FPR,FL,ASO,ES,Towers with Radar,0,2,27,0,29,0,3,57,0,60,0,5,84,0,89,31,0,31,120
09/07/2021,FPR,FL,ASO,ES,Towers with Radar,0,24,13,1,38,0,63,48,0,111,0,87,61,1,149,245,0,245,394
09/08/2021,FPR,FL,ASO,ES,Towers with Radar,0,25,21,0,46,0,105,61,0,166,0,130,82,0,212,358,0,358,570
09/09/2021,FPR,FL,ASO,ES,Towers with Radar,0,17,12,0,29,0,67,50,0,117,0,84,62,0,146,300,0,300,446
09/10/2021,FPR,FL,ASO,ES,Towers with Radar,0,18,26,0,44,0,67,41,0,108,0,85,67,0,152,344,0,344,496
09/11/2021,FPR,FL,ASO,ES,Towers with Radar,0,18,19,0,37,0,53,36,0,89,0,71,55,0,126,198,0,198,324
09/12/2021,FPR,FL,ASO,ES,Towers with Radar,0,1,17,0,18,0,7,22,0,29,0,8,39,0,47,4,0,4,51
09/13/2021,FPR,FL,ASO,ES,Towers with Radar,0,30,16,0,46,0,57,33,0,90,0,87,49,0,136,216,0,216,352
09/14/2021,FPR,FL,ASO,ES,Towers with Radar,0,41,22,0,63,0,92,77,0,169,0,133,99,0,232,351,0,351,583
09/15/2021,FPR,FL,ASO,ES,Towers with Radar,0,33,29,0,62,0,106,67,0,173,0,139,96,0,235,307,0,307,542
09/16/2021,FPR,FL,ASO,ES,Towers with Radar,0,18,23,0,41,0,76,44,0,120,0,94,67,0,161,216,0,216,377
09/17/2021,FPR,FL,ASO,ES,Towers with Radar,0,18,18,2,38,0,68,44,0,112,0,86,62,2,150,235,0,235,385
09/18/2021,FPR,FL,ASO,ES,Towers with Radar,0,10,18,0,28,0,30,42,0,72,0,40,60,0,100,107,0,107,207
09/19/2021,FPR,FL,ASO,ES,Towers with Radar,0,0,13,0,13,0,5,51,0,56,0,5,64,0,69,54,0,54,123
09/20/2021,FPR,FL,ASO,ES,Towers with Radar,0,19,13,0,32,0,67,46,0,113,0,86,59,0,145,206,0,206,351
09/21/2021,FPR,FL,ASO,ES,Towers with Radar,0,21,18,0,39,0,58,28,0,86,0,79,46,0,125,102,0,102,227
09/22/2021,FPR,FL,ASO,ES,Towers with Radar,0,32,27,0,59,0,72,39,1,112,0,104,66,1,171,194,0,194,365
09/23/2021,FPR,FL,ASO,ES,Towers with Radar,0,28,17,0,45,0,42,22,0,64,0,70,39,0,109,138,0,138,247
09/24/2021,FPR,FL,ASO,ES,Towers with Radar,0,35,10,0,45,0,120,42,0,162,0,155,52,0,207,197,0,197,404
09/25/2021,FPR,FL,ASO,ES,Towers with Radar,0,18,17,0,35,0,28,43,0,71,0,46,60,0,106,76,0,76,182
09/26/2021,FPR,FL,ASO,ES,Towers with Radar,0,0,13,0,13,0,3,44,0,47,0,3,57,0,60,12,0,12,72
09/27/2021,FPR,FL,ASO,ES,Towers with Radar,0,33,30,0,63,0,129,70,0,199,0,162,100,0,262,278,0,278,540
09/28/2021,FPR,FL,ASO,ES,Towers with Radar,0,51,15,0,66,0,136,73,0,209,0,187,88,0,275,278,0,278,553
09/29/2021,FPR,FL,ASO,ES,Towers with Radar,0,21,20,0,41,0,117,78,0,195,0,138,98,0,236,389,0,389,625
09/30/2021,FPR,FL,ASO,ES,Towers with Radar,0,48,19,0,67,0,130,50,0,180,0,178,69,0,247,351,0,351,598
10/01/2021,FPR,FL,ASO,ES,Towers with Radar,0,21,25,0,46,0,121,45,0,166,0,142,70,0,212,318,0,318,530
10/02/2021,FPR,FL,ASO,ES,Towers with Radar,0,19,15,0,34,0,49,37,0,86,0,68,52,0,120,101,0,101,221
10/03/2021,FPR,FL,ASO,ES,Towers with Radar,0,4,14,0,18,0,3,31,0,34,0,7,45,0,52,19,0,19,71
10/04/2021,FPR,FL,ASO,ES,Towers with Radar,0,29,26,0,55,0,130,48,0,178,0,159,74,0,233,407,0,407,640
10/05/2021,FPR,FL,ASO,ES,Towers with Radar,0,40,22,4,66,0,164,57,1,222,0,204,79,5,288,342,0,342,630
10/06/2021,FPR,FL,ASO,ES,Towers with Radar,0,42,23,1,66,0,155,58,0,213,0,197,81,1,279,398,0,398,677
10/07/2021,FPR,FL,ASO,ES,Towers with Radar,0,35,40,0,75,0,91,52,0,143,0,126,92,0,218,265,0,265,483
10/08/2021,FPR,FL,ASO,ES,Towers with Radar,0,31,29,1,61,0,73,31,1,105,0,104,60,2,166,318,0,318,484
10/09/2021,FPR,FL,ASO,ES,Towers with Radar,0,15,15,0,30,0,34,17,0,51,0,49,32,0,81,157,0,157,238
10/10/2021,FPR,FL,ASO,ES,Towers with Radar,0,4,23,0,27,0,6,41,1,48,0,10,64,1,75,40,0,40,115
10/11/2021,FPR,FL,ASO,ES,Towers with Radar,0,33,26,0,59,0,112,47,0,159,0,145,73,0,218,323,0,323,541
10/12/2021,FPR,FL,ASO,ES,Towers with Radar,0,45,21,1,67,0,131,60,0,191,0,176,81,1,258,323,0,323,581
10/13/2021,FPR,FL,ASO,ES,Towers with Radar,0,38,22,1,61,0,105,70,0,175,0,143,92,1,236,406,0,406,642
10/14/2021,FPR,FL,ASO,ES,Towers with Radar,0,41,34,0,75,0,129,84,0,213,0,170,118,0,288,369,0,369,657
10/15/2021,FPR,FL,ASO,ES,Towers with Radar,0,30,15,0,45,0,90,46,0,136,0,120,61,0,181,349,0,349,530
10/16/2021,FPR,FL,ASO,ES,Towers with Radar,0,10,19,0,29,0,65,37,0,102,0,75,56,0,131,195,0,195,326
10/17/2021,FPR,FL,ASO,ES,Towers with Radar,0,0,22,0,22,0,5,28,1,34,0,5,50,1,56,36,0,36,92
10/18/2021,FPR,FL,ASO,ES,Towers with Radar,0,44,49,0,93,0,124,56,0,180,0,168,105,0,273,270,0,270,543
10/19/2021,FPR,FL,ASO,ES,Towers with Radar,0,31,43,0,74,0,143,57,0,200,0,174,100,0,274,316,0,316,590
10/20/2021,FPR,FL,ASO,ES,Towers with Radar,0,39,37,0,76,0,115,59,0,174,0,154,96,0,250,392,0,392,642
10/21/2021,FPR,FL,ASO,ES,Towers with Radar,0,45,38,0,83,0,120,63,0,183,0,165,101,0,266,352,0,352,618
10/22/2021,FPR,FL,ASO,ES,Towers with Radar,0,37,14,0,51,0,91,59,0,150,0,128,73,0,201,473,0,473,674
10/23/2021,FPR,FL,ASO,ES,Towers with Radar,0,11,25,0,36,0,42,41,0,83,0,53,66,0,119,257,0,257,376
10/24/2021,FPR,FL,ASO,ES,Towers with Radar,0,4,21,0,25,0,0,15,0,15,0,4,36,0,40,0,0,0,40
10/25/2021,FPR,FL,ASO,ES,Towers with Radar,0,15,18,0,33,0,92,39,0,131,0,107,57,0,164,285,0,285,449
10/26/2021,FPR,FL,ASO,ES,Towers with Radar,0,22,17,0,39,0,104,43,0,147,0,126,60,0,186,226,0,226,412
10/27/2021,FPR,FL,ASO,ES,Towers with Radar,0,13,11,0,24,0,128,77,0,205,0,141,88,0,229,450,0,450,679
10/28/2021,FPR,FL,ASO,ES,Towers with Radar,0,15,27,0,42,0,57,26,0,83,0,72,53,0,125,109,0,109,234
10/29/2021,FPR,FL,ASO,ES,Towers with Radar,0,19,24,0,43,0,98,27,0,125,0,117,51,0,168,255,0,255,423
10/30/2021,FPR,FL,ASO,ES,Towers with Radar,0,9,26,0,35,0,54,61,0,115,0,63,87,0,150,143,0,143,293
10/31/2021,FPR,FL,ASO,ES,Towers with Radar,0,5,24,0,29,0,4,57,0,61,0,9,81,0,90,25,0,25,115
11/01/2021,FPR,FL,ASO,ES,Towers with Radar,0,31,13,0,44,0,120,53,0,173,0,151,66,0,217,384,0,384,601
11/02/2021,FPR,FL,ASO,ES,Towers with Radar,0,58,27,0,85,0,116,57,0,173,0,174,84,0,258,396,0,396,654
11/03/2021,FPR,FL,ASO,ES,Towers with Radar,0,73,40,0,113,0,135,57,0,192,0,208,97,0,305,391,0,391,696
11/04/2021,FPR,FL,ASO,ES,Towers with Radar,0,43,34,0,77,0,110,64,0,174,0,153,98,0,251,345,0,345,596
11/05/2021,FPR,FL,ASO,ES,Towers with Radar,0,43,10,0,53,0,3,3,0,6,0,46,13,0,59,15,0,15,74
11/06/2021,FPR,FL,ASO,ES,Towers with Radar,0,10,20,0,30,0,35,19,0,54,0,45,39,0,84,37,0,37,121
11/07/2021,FPR,FL,ASO,ES,Towers with Radar,0,8,51,0,59,0,4,28,0,32,0,12,79,0,91,7,0,7,98
11/08/2021,FPR,FL,ASO,ES,Towers with Radar,0,26,24,0,50,0,86,46,0,132,0,112,70,0,182,263,0,263,445
11/09/2021,FPR,FL,ASO,ES,Towers with Radar,0,53,37,0,90,0,151,72,0,223,0,204,109,0,313,458,0,458,771
11/10/2021,FPR,FL,ASO,ES,Towers with Radar,0,70,49,0,119,0,27,20,0,47,0,97,69,0,166,103,0,103,269
11/11/2021,FPR,FL,ASO,ES,Towers with Radar,0,49,52,0,101,0,115,42,2,159,0,164,94,2,260,344,0,344,604
11/12/2021,FPR,FL,ASO,ES,Towers with Radar,0,16,44,0,60,0,67,23,0,90,0,83,67,0,150,288,0,288,438
11/13/2021,FPR,FL,ASO,ES,Towers with Radar,0,21,42,4,67,0,60,36,0,96,0,81,78,4,163,191,0,191,354
11/14/2021,FPR,FL,ASO,ES,Towers with Radar,0,8,42,0,50,0,0,41,1,42,0,8,83,1,92,3,0,3,95
11/15/2021,FPR,FL,ASO,ES,Towers with Radar,0,30,49,0,79,0,120,79,0,199,0,150,128,0,278,339,0,339,617
11/16/2021,FPR,FL,ASO,ES,Towers with Radar,0,75,37,0,112,0,147,65,1,213,0,222,102,1,325,445,0,445,770
11/17/2021,FPR,FL,ASO,ES,Towers with Radar,0,85,35,0,120,0,134,84,0,218,0,219,119,0,338,502,0,502,840
11/18/2021,FPR,FL,ASO,ES,Towers with Radar,0,78,44,0,122,0,105,51,0,156,0,183,95,0,278,360,0,360,638
11/19/2021,FPR,FL,ASO,ES,Towers with Radar,0,77,40,0,117,0,32,31,0,63,0,109,71,0,180,141,0,141,321
11/20/2021,FPR,FL,ASO,ES,Towers with Radar,0,39,44,0,83,0,17,15,0,32,0,56,59,0,115,15,0,15,130
11/21/2021,FPR,FL,ASO,ES,Towers with Radar,0,5,27,0,32,0,0,4,0,4,0,5,31,0,36,0,0,0,36
11/22/2021,FPR,FL,ASO,ES,Towers with Radar,0,21,26,0,47,0,67,36,0,103,0,88,62,0,150,226,0,226,376
11/23/2021,FPR,FL,ASO,ES,Towers with Radar,0,19,32,0,51,0,75,47,0,122,0,94,79,0,173,186,0,186,359
11/24/2021,FPR,FL,ASO,ES,Towers with Radar,0,46,32,0,78,0,119,54,0,173,0,165,86,0,251,327,0,327,578
11/25/2021,FPR,FL,ASO,ES,Towers with Radar,0,0,4,0,4,0,5,18,0,23,0,5,22,0,27,20,0,20,47
11/26/2021,FPR,FL,ASO,ES,Towers with Radar,0,21,30,0,51,0,76,48,0,124,0,97,78,0,175,303,0,303,478
11/27/2021,FPR,FL,ASO,ES,Towers with Radar,0,32,62,0,94,0,62,41,0,103,0,94,103,0,197,244,0,244,441
11/28/2021,FPR,FL,ASO,ES,Towers with Radar,0,6,66,0,72,0,11,54,0,65,0,17,120,0,137,40,0,40,177
11/29/2021,FPR,FL,ASO,ES,Towers with Radar,0,39,21,0,60,0,124,59,0,183,0,163,80,0,243,391,0,391,634
11/30/2021,FPR,FL,ASO,ES,Towers with Radar,0,52,26,0,78,0,125,80,0,205,0,177,106,0,283,307,0,307,590
12/01/2021,FPR,FL,ASO,ES,Towers with Radar,0,82,28,0,110,0,127,75,1,203,0,209,103,1,313,423,0,423,736
12/02/2021,FPR,FL,ASO,ES,Towers with Radar,0,62,33,0,95,0,103,61,0,164,0,165,94,0,259,286,0,286,545
12/03/2021,FPR,FL,ASO,ES,Towers with Radar,0,43,25,0,68,0,94,57,0,151,0,137,82,0,219,390,0,390,609
12/04/2021,FPR,FL,ASO,ES,Towers with Radar,0,24,34,0,58,0,62,66,2,130,0,86,100,2,188,330,8,338,526
12/05/2021,FPR,FL,ASO,ES,Towers with Radar,0,5,43,0,48,0,5,30,0,35,0,10,73,0,83,50,0,50,133
12/06/2021,FPR,FL,ASO,ES,Towers with Radar,0,51,26,0,77,0,98,37,0,135,0,149,63,0,212,332,0,332,544
12/07/2021,FPR,FL,ASO,ES,Towers with Radar,0,48,41,0,89,0,123,55,0,178,0,171,96,0,267,325,0,325,592
12/08/2021,FPR,FL,ASO,ES,Towers with Radar,0,27,34,0,61,0,106,44,0,150,0,133,78,0,211,312,0,312,523
12/09/2021,FPR,FL,ASO,ES,Towers with Radar,0,64,27,0,91,0,76,30,0,106,0,140,57,0,197,235,0,235,432
12/10/2021,FPR,FL,ASO,ES,Towers with Radar,0,55,40,0,95,0,93,74,0,167,0,148,114,0,262,329,0,329,591
12/11/2021,FPR,FL,ASO,ES,Towers with Radar,0,25,28,0,53,0,74,59,0,133,0,99,87,0,186,337,0,337,523
12/12/2021,FPR,FL,ASO,ES,Towers with Radar,0,8,26,2,36,0,8,36,0,44,0,16,62,2,80,24,0,24,104
12/13/2021,FPR,FL,ASO,ES,Towers with Radar,0,67,36,0,103,0,98,51,0,149,0,165,87,0,252,319,0,319,571
12/14/2021,FPR,FL,ASO,ES,Towers with Radar,0,52,29,0,81,0,59,16,0,75,0,111,45,0,156,140,0,140,296
12/15/2021,FPR,FL,ASO,ES,Towers with Radar,0,69,37,0,106,0,81,52,0,133,0,150,89,0,239,234,0,234,473
12/16/2021,FPR,FL,ASO,ES,Towers with Radar,0,67,42,0,109,0,117,77,0,194,0,184,119,0,303,357,0,357,660
12/17/2021,FPR,FL,ASO,ES,Towers with Radar,0,47,28,0,75,0,101,90,0,191,0,148,118,0,266,279,0,279,545
12/18/2021,FPR,FL,ASO,ES,Towers with Radar,0,16,27,0,43,0,51,34,0,85,0,67,61,0,128,311,0,311,439
12/19/2021,FPR,FL,ASO,ES,Towers with Radar,0,4,27,0,31,0,0,22,0,22,0,4,49,0,53,8,0,8,61
12/20/2021,FPR,FL,ASO,ES,Towers with Radar,0,37,47,1,85,0,43,38,0,81,0,80,85,1,166,212,0,212,378
12/21/2021,FPR,FL,ASO,ES,Towers with Radar,0,5,20,0,25,0,1,4,0,5,0,6,24,0,30,0,0,0,30
12/22/2021,FPR,FL,ASO,ES,Towers with Radar,0,14,34,0,48,0,59,56,0,115,0,73,90,0,163,191,0,191,354
12/23/2021,FPR,FL,ASO,ES,Towers with Radar,0,16,31,0,47,0,32,66,0,98,0,48,97,0,145,157,0,157,302
12/24/2021,FPR,FL,ASO,ES,Towers with Radar,0,2,14,0,16,0,7,27,0,34,0,9,41,0,50,6,0,6,56
12/25/2021,FPR,FL,ASO,ES,Towers with Radar,0,4,4,0,8,0,5,5,0,10,0,9,9,0,18,0,0,0,18
12/26/2021,FPR,FL,ASO,ES,Towers with Radar,0,9,77,0,86,0,3,69,0,72,0,12,146,0,158,25,0,25,183
12/27/2021,FPR,FL,ASO,ES,Towers with Radar,0,9,55,0,64,0,12,64,0,76,0,21,119,0,140,97,0,97,237
12/28/2021,FPR,FL,ASO,ES,Towers with Radar,0,5,51,0,56,0,23,46,0,69,0,28,97,0,125,41,0,41,166
12/29/2021,FPR,FL,ASO,ES,Towers with Radar,0,11,37,0,48,0,22,67,0,89,0,33,104,0,137,96,0,96,233
12/30/2021,FPR,FL,ASO,ES,Towers with Radar,0,9,36,0,45,0,35,68,0,103,0,44,104,0,148,122,0,122,270
12/31/2021,FPR,FL,ASO,ES,Towers with Radar,0,3,24,0,27,0,3,39,0,42,0,6,63,0,69,2,0,2,71
01/01/2022,FPR,FL,ASO,ES,Towers with Radar,0,5,40,0,45,0,11,47,0,58,0,16,87,0,103,6,0,6,109
01/02/2022,FPR,FL,ASO,ES,Towers with Radar,0,4,87,0,91,0,8,61,0,69,0,12,148,0,160,3,0,3,163
01/03/2022,FPR,FL,ASO,ES,Towers with Radar,0,7,82,0,89,0,35,41,0,76,0,42,123,0,165,73,0,73,238
01/04/2022,FPR,FL,ASO,ES,Towers with Radar,0,29,64,0,93,0,68,64,0,132,0,97,128,0,225,180,0,180,405
01/05/2022,FPR,FL,ASO,ES,Towers with Radar,0,30,56,0,86,0,67,66,0,133,0,97,122,0,219,260,0,260,479
01/06/2022,FPR,FL,ASO,ES,Towers with Radar,0,18,37,0,55,0,74,70,0,144,0,92,107,0,199,266,0,266,465
01/07/2022,FPR,FL,ASO,ES,Towers with Radar,0,14,23,0,37,0,87,51,0,138,0,101,74,0,175,279,0,279,454
01/08/2022,FPR,FL,ASO,ES,Towers with Radar,0,11,47,0,58,0,37,46,0,83,0,48,93,0,141,143,0,143,284
01/09/2022,FPR,FL,ASO,ES,Towers with Radar,0,2,47,0,49,0,7,43,1,51,0,9,90,1,100,2,0,2,102
01/10/2022,FPR,FL,ASO,ES,Towers with Radar,0,11,31,0,42,0,56,35,0,91,0,67,66,0,133,178,0,178,311
01/11/2022,FPR,FL,ASO,ES,Towers with Radar,0,22,28,0,50,0,47,38,0,85,0,69,66,0,135,77,0,77,212
01/12/2022,FPR,FL,ASO,ES,Towers with Radar,0,31,35,0,66,0,68,31,0,99,0,99,66,0,165,182,0,182,347
01/13/2022,FPR,FL,ASO,ES,Towers with Radar,0,19,28,0,47,0,91,49,0,140,0,110,77,0,187,447,0,447,634
01/14/2022,FPR,FL,ASO,ES,Towers with Radar,0,16,30,0,46,0,78,63,0,141,0,94,93,0,187,281,0,281,468
01/15/2022,FPR,FL,ASO,ES,Towers with Radar,0,21,37,0,58,0,74,83,0,157,0,95,120,0,215,282,0,282,497
01/16/2022,FPR,FL,ASO,ES,Towers with Radar,0,7,15,0,22,0,1,6,1,8,0,8,21,1,30,0,0,0,30
01/17/2022,FPR,FL,ASO,ES,Towers with Radar,0,29,71,0,100,0,79,51,0,130,0,108,122,0,230,165,0,165,395
01/18/2022,FPR,FL,ASO,ES,Towers with Radar,0,35,43,0,78,0,124,51,0,175,0,159,94,0,253,377,0,377,630
01/19/2022,FPR,FL,ASO,ES,Towers with Radar,0,54,49,0,103,0,118,57,0,175,0,172,106,0,278,283,0,283,561
01/20/2022,FPR,FL,ASO,ES,Towers with Radar,0,41,47,0,88,0,110,73,0,183,0,151,120,0,271,271,0,271,542
01/21/2022,FPR,FL,ASO,ES,Towers with Radar,0,39,33,0,72,0,92,45,0,137,0,131,78,0,209,282,0,282,491
01/22/2022,FPR,FL,ASO,ES,Towers with Radar,0,12,43,0,55,0,0,1,0,1,0,12,44,0,56,0,0,0,56
01/23/2022,FPR,FL,ASO,ES,Towers with Radar,0,7,64,0,71,0,1,6,0,7,0,8,70,0,78,2,0,2,80
01/24/2022,FPR,FL,ASO,ES,Towers with Radar,0,36,26,0,62,0,133,76,0,209,0,169,102,0,271,360,0,360,631
01/25/2022,FPR,FL,ASO,ES,Towers with Radar,0,47,25,0,72,0,130,45,0,175,0,177,70,0,247,370,0,370,617
01/26/2022,FPR,FL,ASO,ES,Towers with Radar,0,33,22,0,55,0,6,2,0,8,0,39,24,0,63,25,0,25,88
01/27/2022,FPR,FL,ASO,ES,Towers with Radar,0,25,51,0,76,0,80,42,0,122,0,105,93,0,198,167,0,167,365
01/28/2022,FPR,FL,ASO,ES,Towers with Radar,0,10,29,0,39,0,47,9,0,56,0,57,38,0,95,118,0,118,213
01/29/2022,FPR,FL,ASO,ES,Towers with Radar,0,11,22,0,33,0,41,19,0,60,0,52,41,0,93,58,0,58,151
01/30/2022,FPR,FL,ASO,ES,Towers with Radar,0,5,28,0,33,0,9,38,0,47,0,14,66,0,80,44,0,44,124
01/31/2022,FPR,FL,ASO,ES,Towers with Radar,0,39,26,0,65,0,165,65,0,230,0,204,91,0,295,395,0,395,690
02/01/2022,FPR,FL,ASO,ES,Towers with Radar,0,23,28,0,51,0,161,75,0,236,0,184,103,0,287,518,0,518,805
02/02/2022,FPR,FL,ASO,ES,Towers with Radar,0,34,43,0,77,0,104,70,0,174,0,138,113,0,251,299,0,299,550
02/03/2022,FPR,FL,ASO,ES,Towers with Radar,0,37,25,0,62,0,126,68,0,194,0,163,93,0,256,330,0,330,586
02/04/2022,FPR,FL,ASO,ES,Towers with Radar,0,32,38,1,71,0,131,95,1,227,0,163,133,2,298,340,0,340,638
02/05/2022,FPR,FL,ASO,ES,Towers with Radar,0,18,45,0,63,0,10,17,0,27,0,28,62,0,90,67,0,67,157
02/06/2022,FPR,FL,ASO,ES,Towers with Radar,0,2,52,0,54,0,4,36,0,40,0,6,88,0,94,26,0,26,120
02/07/2022,FPR,FL,ASO,ES,Towers with Radar,0,44,42,0,86,0,58,26,0,84,0,102,68,0,170,220,0,220,390
02/08/2022,FPR,FL,ASO,ES,Towers with Radar,0,21,33,0,54,0,94,21,0,115,0,115,54,0,169,252,0,252,421
02/09/2022,FPR,FL,ASO,ES,Towers with Radar,0,39,44,0,83,0,129,22,0,151,0,168,66,0,234,415,0,415,649
02/10/2022,FPR,FL,ASO,ES,Towers with Radar,0,40,36,0,76,0,135,99,0,234,0,175,135,0,310,501,0,501,811
02/11/2022,FPR,FL,ASO,ES,Towers with Radar,0,47,57,0,104,0,139,106,0,245,0,186,163,0,349,535,0,535,884
02/12/2022,FPR,FL,ASO,ES,Towers with Radar,0,19,49,0,68,0,90,80,0,170,0,109,129,0,238,350,0,350,588
02/13/2022,FPR,FL,ASO,ES,Towers with Radar,0,7,52,0,59,0,5,17,0,22,0,12,69,0,81,26,0,26,107
02/14/2022,FPR,FL,ASO,ES,Towers with Radar,0,11,27,0,38,0,63,49,0,112,0,74,76,0,150,147,0,147,297
02/15/2022,FPR,FL,ASO,ES,Towers with Radar,0,57,54,0,111,0,108,52,0,160,0,165,106,0,271,374,0,374,645
02/16/2022,FPR,FL,ASO,ES,Towers with Radar,0,62,29,0,91,0,103,39,0,142,0,165,68,0,233,177,0,177,410
02/17/2022,FPR,FL,ASO,ES,Towers with Radar,0,34,43,0,77,0,83,43,0,126,0,117,86,0,203,229,0,229,432
02/18/2022,FPR,FL,ASO,ES,Towers with Radar,0,40,47,0,87,1,75,51,0,127,1,115,98,0,214,370,0,370,584
02/19/2022,FPR,FL,ASO,ES,Towers with Radar,0,11,31,0,42,0,13,18,1,32,0,24,49,1,74,106,0,106,180
02/20/2022,FPR,FL,ASO,ES,Towers with Radar,0,4,82,0,86,0,4,53,0,57,0,8,135,0,143,0,0,0,143
02/21/2022,FPR,FL,ASO,ES,Towers with Radar,0,39,64,0,103,0,134,81,0,215,0,173,145,0,318,499,0,499,817
02/22/2022,FPR,FL,ASO,ES,Towers with Radar,0,52,58,0,110,0,135,65,0,200,0,187,123,0,310,398,0,398,708
02/23/2022,FPR,FL,ASO,ES,Towers with Radar,0,45,52,0,97,0,124,84,0,208,0,169,136,0,305,438,0,438,743
02/24/2022,FPR,FL,ASO,ES,Towers with Radar,0,54,41,0,95,0,122,71,0,193,0,176,112,0,288,390,0,390,678
02/25/2022,FPR,FL,ASO,ES,Towers with Radar,0,67,55,0,122,0,108,82,0,190,0,175,137,0,312,372,0,372,684
02/26/2022,FPR,FL,ASO,ES,Towers with Radar,0,27,49,0,76,0,68,96,0,164,0,95,145,0,240,395,0,395,635
02/27/2022,FPR,FL,ASO,ES,Towers with Radar,0,11,57,0,68,0,9,56,0,65,0,20,113,0,133,19,0,19,152
02/28/2022,FPR,FL,ASO,ES,Towers with Radar,0,29,42,1,72,0,98,68,0,166,0,127,110,1,238,392,0,392,630
03/01/2022,FPR,FL,ASO,ES,Towers with Radar,0,27,37,2,66,0,63,25,0,88,0,90,62,2,154,225,0,225,379
03/02/2022,FPR,FL,ASO,ES,Towers with Radar,0,54,43,0,97,0,104,82,0,186,0,158,125,0,283,454,0,454,737
03/03/2022,FPR,FL,ASO,ES,Towers with Radar,0,44,45,5,94,0,101,85,2,188,0,145,130,7,282,451,0,451,733
03/04/2022,FPR,FL,ASO,ES,Towers with Radar,0,48,52,0,100,0,98,78,0,176,0,146,130,0,276,366,0,366,642
03/05/2022,FPR,FL,ASO,ES,Towers with Radar,0,21,52,0,73,0,53,46,0,99,0,74,98,0,172,121,0,121,293
03/06/2022,FPR,FL,ASO,ES,Towers with Radar,0,10,42,0,52,0,5,23,0,28,0,15,65,0,80,0,0,0,80
03/07/2022,FPR,FL,ASO,ES,Towers with Radar,0,41,30,0,71,0,82,36,0,118,0,123,66,0,189,242,0,242,431
03/08/2022,FPR,FL,ASO,ES,Towers with Radar,0,45,28,0,73,0,109,51,0,160,0,154,79,0,233,468,0,468,701
03/09/2022,FPR,FL,ASO,ES,Towers with Radar,0,31,35,0,66,0,74,34,0,108,0,105,69,0,174,224,0,224,398
03/10/2022,FPR,FL,ASO,ES,Towers with Radar,0,33,41,0,74,0,78,49,0,127,0,111,90,0,201,405,0,405,606
03/11/2022,FPR,FL,ASO,ES,Towers with Radar,0,36,45,0,81,0,97,50,0,147,0,133,95,0,228,372,0,372,600
03/12/2022,FPR,FL,ASO,ES,Towers with Radar,0,12,28,0,40,0,20,6,0,26,0,32,34,0,66,28,0,28,94
03/13/2022,FPR,FL,ASO,ES,Towers with Radar,0,2,74,0,76,0,3,35,0,38,0,5,109,0,114,30,0,30,144
03/14/2022,FPR,FL,ASO,ES,Towers with Radar,0,35,52,0,87,0,124,69,0,193,0,159,121,0,280,369,0,369,649
03/15/2022,FPR,FL,ASO,ES,Towers with Radar,0,43,29,0,72,0,62,37,0,99,0,105,66,0,171,357,0,357,528
03/16/2022,FPR,FL,ASO,ES,Towers with Radar,0,31,39,0,70,0,36,21,0,57,0,67,60,0,127,148,0,148,275
03/17/2022,FPR,FL,ASO,ES,Towers with Radar,0,46,55,0,101,0,88,54,0,142,0,134,109,0,243,358,0,358,601
03/18/2022,FPR,FL,ASO,ES,Towers with Radar,0,34,51,0,85,0,77,72,0,149,0,111,123,0,234,293,0,293,527
03/19/2022,FPR,FL,ASO,ES,Towers with Radar,0,27,76,0,103,0,53,65,0,118,0,80,141,0,221,238,0,238,459
03/20/2022,FPR,FL,ASO,ES,Towers with Radar,0,11,63,0,74,0,11,68,0,79,0,22,131,0,153,15,0,15,168
03/21/2022,FPR,FL,ASO,ES,Towers with Radar,0,44,39,0,83,0,114,73,0,187,0,158,112,0,270,295,0,295,565
03/22/2022,FPR,FL,ASO,ES,Towers with Radar,0,52,35,0,87,0,86,50,0,136,0,138,85,0,223,175,0,175,398
03/23/2022,FPR,FL,ASO,ES,Towers with Radar,0,50,29,0,79,0,78,45,0,123,0,128,74,0,202,189,0,189,391
03/24/2022,FPR,FL,ASO,ES,Towers with Radar,0,41,23,0,64,0,46,26,0,72,0,87,49,0,136,123,0,123,259
03/25/2022,FPR,FL,ASO,ES,Towers with Radar,0,36,57,0,93,0,112,53,0,165,0,148,110,0,258,451,0,451,709
03/26/2022,FPR,FL,ASO,ES,Towers with Radar,0,15,57,0,72,0,48,116,0,164,0,63,173,0,236,224,0,224,460
03/27/2022,FPR,FL,ASO,ES,Towers with Radar,0,10,61,0,71,0,7,61,1,69,0,17,122,1,140,9,0,9,149
03/28/2022,FPR,FL,ASO,ES,Towers with Radar,0,24,45,0,69,0,95,100,0,195,0,119,145,0,264,339,0,339,603
03/29/2022,FPR,FL,ASO,ES,Towers with Radar,0,48,48,3,99,0,114,84,0,198,0,162,132,3,297,430,0,430,727
03/30/2022,FPR,FL,ASO,ES,Towers with Radar,0,21,40,0,61,0,52,49,0,101,0,73,89,0,162,161,0,161,323
03/31/2022,FPR,FL,ASO,ES,Towers with Radar,0,17,57,0,74,0,50,58,0,108,0,67,115,0,182,157,0,157,339
04/01/2022,FPR,FL,ASO,ES,Towers with Radar,0,8,94,0,102,0,40,24,0,64,0,48,118,0,166,147,0,147,313
04/02/2022,FPR,FL,ASO,ES,Towers with Radar,0,14,48,0,62,0,25,21,0,46,0,39,69,0,108,143,0,143,251
04/03/2022,FPR,FL,ASO,ES,Towers with Radar,0,4,61,0,65,0,3,49,0,52,0,7,110,0,117,46,0,46,163
04/04/2022,FPR,FL,ASO,ES,Towers with Radar,0,42,57,0,99,0,83,78,0,161,0,125,135,0,260,321,0,321,581
04/05/2022,FPR,FL,ASO,ES,Towers with Radar,0,45,28,0,73,0,57,71,0,128,0,102,99,0,201,257,0,257,458
04/06/2022,FPR,FL,ASO,ES,Towers with Radar,0,38,36,0,74,0,81,64,0,145,0,119,100,0,219,204,0,204,423
04/07/2022,FPR,FL,ASO,ES,Towers with Radar,0,5,47,0,52,0,36,23,0,59,0,41,70,0,111,94,0,94,205
04/08/2022,FPR,FL,ASO,ES,Towers with Radar,0,23,54,0,77,0,89,78,0,167,0,112,132,0,244,338,0,338,582
04/09/2022,FPR,FL,ASO,ES,Towers with Radar,0,11,48,0,59,0,30,78,0,108,0,41,126,0,167,203,0,203,370
04/10/2022,FPR,FL,ASO,ES,Towers with Radar,0,8,58,0,66,0,5,68,0,73,0,13,126,0,139,20,0,20,159
04/11/2022,FPR,FL,ASO,ES,Towers with Radar,0,40,43,0,83,0,98,87,0,185,0,138,130,0,268,327,0,327,595
04/12/2022,FPR,FL,ASO,ES,Towers with Radar,0,50,33,0,83,0,81,82,0,163,0,131,115,0,246,281,0,281,527
04/13/2022,FPR,FL,ASO,ES,Towers with Radar,0,54,48,0,102,0,86,78,0,164,0,140,126,0,266,246,0,246,512
04/14/2022,FPR,FL,ASO,ES,Towers with Radar,0,30,49,0,79,0,84,81,0,165,0,114,130,0,244,338,0,338,582
04/15/2022,FPR,FL,ASO,ES,Towers with Radar,0,20,52,0,72,0,47,36,0,83,0,67,88,0,155,132,0,132,287
04/16/2022,FPR,FL,ASO,ES,Towers with Radar,0,22,69,0,91,0,54,71,0,125,0,76,140,0,216,200,0,200,416
04/17/2022,FPR,FL,ASO,ES,Towers with Radar,0,4,31,0,35,0,17,41,0,58,0,21,72,0,93,45,0,45,138
04/18/2022,FPR,FL,ASO,ES,Towers with Radar,0,21,50,0,71,0,85,54,0,139,0,106,104,0,210,251,0,251,461
04/19/2022,FPR,FL,ASO,ES,Towers with Radar,0,9,37,0,46,0,61,44,0,105,0,70,81,0,151,95,0,95,246
04/20/2022,FPR,FL,ASO,ES,Towers with Radar,0,38,41,0,79,0,96,56,0,152,0,134,97,0,231,213,0,213,444
04/21/2022,FPR,FL,ASO,ES,Towers with Radar,0,44,47,0,91,0,36,46,0,82,0,80,93,0,173,147,0,147,320
04/22/2022,FPR,FL,ASO,ES,Towers with Radar,0,30,46,0,76,0,81,66,0,147,0,111,112,0,223,205,0,205,428
04/23/2022,FPR,FL,ASO,ES,Towers with Radar,0,27,55,2,84,0,55,58,0,113,0,82,113,2,197,152,0,152,349
04/24/2022,FPR,FL,ASO,ES,Towers with Radar,0,6,60,0,66,0,3,62,0,65,0,9,122,0,131,30,0,30,161
04/25/2022,FPR,FL,ASO,ES,Towers with Radar,0,53,64,0,117,0,114,63,0,177,0,167,127,0,294,304,0,304,598
04/26/2022,FPR,FL,ASO,ES,Towers with Radar,0,57,45,0,102,0,120,91,0,211,0,177,136,0,313,354,0,354,667
04/27/2022,FPR,FL,ASO,ES,Towers with Radar,0,28,30,0,58,0,78,96,0,174,0,106,126,0,232,314,0,314,546
04/28/2022,FPR,FL,ASO,ES,Towers with Radar,1,34,52,0,87,0,87,78,0,165,1,121,130,0,252,236,0,236,488
04/29/2022,FPR,FL,ASO,ES,Towers with Radar,1,16,46,0,63,0,24,25,0,49,1,40,71,0,112,93,0,93,205
04/30/2022,FPR,FL,ASO,ES,Towers with Radar,2,24,39,0,65,0,43,35,2,80,2,67,74,2,145,235,0,235,380
05/01/2022,FPR,FL,ASO,ES,Towers with Radar,0,12,53,0,65,0,4,28,0,32,0,16,81,0,97,33,0,33,130
05/02/2022,FPR,FL,ASO,ES,Towers with Radar,0,73,38,0,111,0,93,78,0,171,0,166,116,0,282,289,0,289,571
05/03/2022,FPR,FL,ASO,ES,Towers with Radar,0,63,38,0,101,0,110,77,0,187,0,173,115,0,288,395,0,395,683
05/04/2022,FPR,FL,ASO,ES,Towers with Radar,0,49,41,0,90,0,73,64,0,137,0,122,105,0,227,264,0,264,491
05/05/2022,FPR,FL,ASO,ES,Towers with Radar,0,39,29,0,68,0,99,85,0,184,0,138,114,0,252,287,0,287,539
05/06/2022,FPR,FL,ASO,ES,Towers with Radar,0,20,38,0,58,0,60,91,0,151,0,80,129,0,209,256,0,256,465
05/07/2022,FPR,FL,ASO,ES,Towers with Radar,0,6,30,0,36,0,23,24,0,47,0,29,54,0,83,147,0,147,230
05/08/2022,FPR,FL,ASO,ES,Towers with Radar,0,2,45,0,47,0,1,61,0,62,0,3,106,0,109,50,0,50,159
05/09/2022,FPR,FL,ASO,ES,Towers with Radar,0,39,37,0,76,0,86,68,0,154,0,125,105,0,230,231,0,231,461
05/10/2022,FPR,FL,ASO,ES,Towers with Radar,0,22,49,0,71,0,75,66,0,141,0,97,115,0,212,216,0,216,428
05/11/2022,FPR,FL,ASO,ES,Towers with Radar,0,13,21,0,34,0,31,41,0,72,0,44,62,0,106,81,0,81,187
05/12/2022,FPR,FL,ASO,ES,Towers with Radar,0,10,35,0,45,0,79,73,0,152,0,89,108,0,197,210,0,210,407
05/13/2022,FPR,FL,ASO,ES,Towers with Radar,0,25,28,0,53,0,81,61,0,142,0,106,89,0,195,375,0,375,570
05/14/2022,FPR,FL,ASO,ES,Towers with Radar,0,26,40,0,66,0,39,71,0,110,0,65,111,0,176,216,0,216,392
05/15/2022,FPR,FL,ASO,ES,Towers with Radar,0,6,51,0,57,0,5,36,0,41,0,11,87,0,98,33,0,33,131
05/16/2022,FPR,FL,ASO,ES,Towers with Radar,0,29,46,0,75,0,74,50,0,124,0,103,96,0,199,318,0,318,517
05/17/2022,FPR,FL,ASO,ES,Towers with Radar,0,33,29,2,64,0,111,108,0,219,0,144,137,2,283,291,0,291,574
05/18/2022,FPR,FL,ASO,ES,Towers with Radar,0,56,37,0,93,0,86,54,0,140,0,142,91,0,233,209,0,209,442
05/19/2022,FPR,FL,ASO,ES,Towers with Radar,0,33,48,0,81,0,77,88,0,165,0,110,136,0,246,291,0,291,537
05/20/2022,FPR,FL,ASO,ES,Towers with Radar,0,23,45,0,68,0,42,35,0,77,0,65,80,0,145,144,0,144,289
05/21/2022,FPR,FL,ASO,ES,Towers with Radar,0,23,51,0,74,0,31,24,0,55,0,54,75,0,129,158,0,158,287
05/22/2022,FPR,FL,ASO,ES,Towers with Radar,0,6,67,0,73,0,11,60,0,71,0,17,127,0,144,6,0,6,150
05/23/2022,FPR,FL,ASO,ES,Towers with Radar,0,45,44,0,89,0,84,76,0,160,0,129,120,0,249,288,0,288,537
05/24/2022,FPR,FL,ASO,ES,Towers with Radar,0,46,37,0,83,0,103,66,0,169,0,149,103,0,252,195,0,195,447
05/25/2022,FPR,FL,ASO,ES,Towers with Radar,0,44,35,0,79,0,103,78,0,181,0,147,113,0,260,171,0,171,431
05/26/2022,FPR,FL,ASO,ES,Towers with Radar,0,44,48,0,92,0,85,90,0,175,0,129,138,0,267,184,0,184,451
05/27/2022,FPR,FL,ASO,ES,Towers with Radar,0,40,39,0,79,0,111,71,0,182,0,151,110,0,261,294,0,294,555
05/28/2022,FPR,FL,ASO,ES,Towers with Radar,0,11,50,0,61,0,42,50,0,92,0,53,100,0,153,185,0,185,338
05/29/2022,FPR,FL,ASO,ES,Towers with Radar,0,2,29,0,31,0,4,41,0,45,0,6,70,0,76,20,0,20,96
05/30/2022,FPR,FL,ASO,ES,Towers with Radar,0,2,58,0,60,0,17,41,0,58,0,19,99,0,118,38,0,38,156
05/31/2022,FPR,FL,ASO,ES,Towers with Radar,0,37,34,0,71,0,79,62,0,141,0,116,96,0,212,211,0,211,423
06/01/2022,FPR,FL,ASO,ES,Towers with Radar,0,26,45,0,71,0,42,31,0,73,0,68,76,0,144,125,0,125,269
06/02/2022,FPR,FL,ASO,ES,Towers with Radar,0,41,42,0,83,0,86,66,0,152,0,127,108,0,235,222,0,222,457
06/03/2022,FPR,FL,ASO,ES,Towers with Radar,0,31,51,0,82,0,23,32,0,55,0,54,83,0,137,120,0,120,257
06/04/2022,FPR,FL,ASO,ES,Towers with Radar,0,3,0,0,3,0,2,3,0,5,0,5,3,0,8,4,0,4,12
06/05/2022,FPR,FL,ASO,ES,Towers with Radar,0,3,40,0,43,0,6,72,0,78,0,9,112,0,121,52,0,52,173
06/06/2022,FPR,FL,ASO,ES,Towers with Radar,0,27,37,0,64,0,71,53,0,124,0,98,90,0,188,333,0,333,521
06/07/2022,FPR,FL,ASO,ES,Towers with Radar,0,34,34,0,68,0,71,68,0,139,0,105,102,0,207,390,0,390,597
06/08/2022,FPR,FL,ASO,ES,Towers with Radar,0,12,27,0,39,0,83,55,1,139,0,95,82,1,178,208,0,208,386
06/09/2022,FPR,FL,ASO,ES,Towers with Radar,0,16,33,0,49,0,68,41,0,109,0,84,74,0,158,199,0,199,357
06/10/2022,FPR,FL,ASO,ES,Towers with Radar,0,14,34,0,48,0,41,44,0,85,0,55,78,0,133,175,0,175,308
06/11/2022,FPR,FL,ASO,ES,Towers with Radar,0,12,49,0,61,0,44,49,2,95,0,56,98,2,156,223,0,223,379
06/12/2022,FPR,FL,ASO,ES,Towers with Radar,0,6,41,0,47,0,2,47,0,49,0,8,88,0,96,46,0,46,142
06/13/2022,FPR,FL,ASO,ES,Towers with Radar,0,34,38,0,72,0,95,60,0,155,0,129,98,0,227,318,0,318,545
06/14/2022,FPR,FL,ASO,ES,Towers with Radar,0,27,29,0,56,0,82,79,0,161,0,109,108,0,217,274,0,274,491
06/15/2022,FPR,FL,ASO,ES,Towers with Radar,0,40,27,0,67,0,99,63,0,162,0,139,90,0,229,322,0,322,551
06/16/2022,FPR,FL,ASO,ES,Towers with Radar,0,27,31,0,58,0,84,68,0,152,0,111,99,0,210,369,0,369,579
06/17/2022,FPR,FL,ASO,ES,Towers with Radar,0,29,41,0,70,0,97,41,0,138,0,126,82,0,208,313,0,313,521
06/18/2022,FPR,FL,ASO,ES,Towers with Radar,0,6,63,0,69,0,30,53,0,83,0,36,116,0,152,209,0,209,361
06/19/2022,FPR,FL,ASO,ES,Towers with Radar,0,2,39,0,41,0,3,35,0,38,0,5,74,0,79,15,0,15,94
06/20/2022,FPR,FL,ASO,ES,Towers with Radar,0,21,45,0,66,0,79,47,0,126,0,100,92,0,192,274,0,274,466
06/21/2022,FPR,FL,ASO,ES,Towers with Radar,0,30,40,0,70,0,87,50,0,137,0,117,90,0,207,245,0,245,452
06/22/2022,FPR,FL,ASO,ES,Towers with Radar,0,32,41,0,73,0,90,48,1,139,0,122,89,1,212,289,0,289,501
06/23/2022,FPR,FL,ASO,ES,Towers with Radar,0,23,30,0,53,0,67,48,0,115,0,90,78,0,168,317,0,317,485
06/24/2022,FPR,FL,ASO,ES,Towers with Radar,0,23,23,0,46,0,65,43,0,108,0,88,66,0,154,250,0,250,404
06/25/2022,FPR,FL,ASO,ES,Towers with Radar,0,21,50,0,71,0,31,42,0,73,0,52,92,0,144,193,0,193,337
06/26/2022,FPR,FL,ASO,ES,Towers with Radar,0,0,57,1,58,0,2,39,1,42,0,2,96,2,100,0,0,0,100
06/27/2022,FPR,FL,ASO,ES,Towers with Radar,0,37,41,0,78,0,78,42,0,120,0,115,83,0,198,404,0,404,602
06/28/2022,FPR,FL,ASO,ES,Towers with Radar,0,32,38,0,70,0,65,55,0,120,0,97,93,0,190,345,0,345,535
06/29/2022,FPR,FL,ASO,ES,Towers with Radar,0,23,42,0,65,0,45,30,0,75,0,68,72,0,140,227,0,227,367
06/30/2022,FPR,FL,ASO,ES,Towers with Radar,0,35,49,0,84,0,39,47,0,86,0,74,96,0,170,244,0,244,414
07/01/2022,FPR,FL,ASO,ES,Towers with Radar,0,31,66,0,97,0,65,58,0,123,0,96,124,0,220,210,0,210,430
07/02/2022,FPR,FL,ASO,ES,Towers with Radar,0,9,48,0,57,0,50,62,0,112,0,59,110,0,169,204,0,204,373
07/03/2022,FPR,FL,ASO,ES,Towers with Radar,0,4,31,0,35,0,5,35,0,40,0,9,66,0,75,33,0,33,108
07/04/2022,FPR,FL,ASO,ES,Towers with Radar,0,0,42,0,42,0,2,43,0,45,0,2,85,0,87,8,0,8,95
07/05/2022,FPR,FL,ASO,ES,Towers with Radar,0,47,49,0,96,0,95,55,0,150,0,142,104,0,246,176,0,176,422
07/06/2022,FPR,FL,ASO,ES,Towers with Radar,0,42,46,0,88,0,57,47,0,104,0,99,93,0,192,236,0,236,428
07/07/2022,FPR,FL,ASO,ES,Towers with Radar,0,43,25,0,68,0,70,54,0,124,0,113,79,0,192,258,0,258,450
07/08/2022,FPR,FL,ASO,ES,Towers with Radar,0,22,29,0,51,0,82,63,0,145,0,104,92,0,196,274,0,274,470
07/09/2022,FPR,FL,ASO,ES,Towers with Radar,0,23,43,0,66,0,51,38,0,89,0,74,81,0,155,173,0,173,328
07/10/2022,FPR,FL,ASO,ES,Towers with Radar,0,1,48,0,49,0,2,51,0,53,0,3,99,0,102,31,0,31,133
07/11/2022,FPR,FL,ASO,ES,Towers with Radar,0,42,30,0,72,0,89,31,0,120,0,131,61,0,192,177,0,177,369
07/12/2022,FPR,FL,ASO,ES,Towers with Radar,0,37,36,0,73,0,71,41,0,112,0,108,77,0,185,223,0,223,408
07/13/2022,FPR,FL,ASO,ES,Towers with Radar,0,63,49,0,112,0,91,54,0,145,0,154,103,0,257,259,0,259,516
07/14/2022,FPR,FL,ASO,ES,Towers with Radar,0,41,31,0,72,0,88,47,0,135,0,129,78,0,207,206,0,206,413
07/15/2022,FPR,FL,ASO,ES,Towers with Radar,0,53,26,0,79,0,106,55,0,161,0,159,81,0,240,241,0,241,481
07/16/2022,FPR,FL,ASO,ES,Towers with Radar,0,15,37,0,52,0,36,43,0,79,0,51,80,0,131,171,0,171,302
07/17/2022,FPR,FL,ASO,ES,Towers with Radar,0,1,27,0,28,0,2,19,0,21,0,3,46,0,49,0,0,0,49
07/18/2022,FPR,FL,ASO,ES,Towers with Radar,0,36,52,0,88,0,78,43,0,121,0,114,95,0,209,200,0,200,409
07/19/2022,FPR,FL,ASO,ES,Towers with Radar,0,66,25,0,91,0,112,54,0,166,0,178,79,0,257,220,0,220,477
07/20/2022,FPR,FL,ASO,ES,Towers with Radar,0,53,53,0,106,0,93,70,1,164,0,146,123,1,270,230,0,230,500
07/21/2022,FPR,FL,ASO,ES,Towers with Radar,0,49,31,0,80,0,89,48,1,138,0,138,79,1,218,216,0,216,434
07/22/2022,FPR,FL,ASO,ES,Towers with Radar,0,39,41,0,80,0,76,32,0,108,0,115,73,0,188,198,0,198,386
07/23/2022,FPR,FL,ASO,ES,Towers with Radar,0,25,44,0,69,0,58,43,0,101,0,83,87,0,170,160,0,160,330
07/24/2022,FPR,FL,ASO,ES,Towers with Radar,0,6,50,0,56,0,1,52,0,53,0,7,102,0,109,0,0,0,109
07/25/2022,FPR,FL,ASO,ES,Towers with Radar,0,38,35,0,73,0,84,51,0,135,0,122,86,0,208,231,0,231,439
07/26/2022,FPR,FL,ASO,ES,Towers with Radar,0,33,24,0,57,0,57,51,0,108,0,90,75,0,165,159,0,159,324
07/27/2022,FPR,FL,ASO,ES,Towers with Radar,0,52,23,0,75,0,100,53,0,153,0,152,76,0,228,222,0,222,450
07/28/2022,FPR,FL,ASO,ES,Towers with Radar,0,72,29,0,101,0,110,57,0,167,0,182,86,0,268,276,0,276,544
07/29/2022,FPR,FL,ASO,ES,Towers with Radar,0,39,64,0,103,0,114,56,0,170,0,153,120,0,273,235,0,235,508
07/30/2022,FPR,FL,ASO,ES,Towers with Radar,0,21,38,0,59,0,47,51,0,98,0,68,89,0,157,220,0,220,377
07/31/2022,FPR,FL,ASO,ES,Towers with Radar,0,3,47,4,54,0,4,53,0,57,0,7,100,4,111,24,0,24,135
08/01/2022,FPR,FL,ASO,ES,Towers with Radar,0,48,39,0,87,0,70,33,0,103,0,118,72,0,190,223,0,223,413
08/02/2022,FPR,FL,ASO,ES,Towers with Radar,0,39,28,0,67,0,79,51,0,130,0,118,79,0,197,282,0,282,479
08/03/2022,FPR,FL,ASO,ES,Towers with Radar,0,44,29,0,73,0,71,67,0,138,0,115,96,0,211,163,19,182,393
08/04/2022,FPR,FL,ASO,ES,Towers with Radar,0,36,35,0,71,0,61,52,0,113,0,97,87,0,184,182,0,182,366
08/05/2022,FPR,FL,ASO,ES,Towers with Radar,0,61,41,0,102,0,95,41,0,136,0,156,82,0,238,254,0,254,492
08/06/2022,FPR,FL,ASO,ES,Towers with Radar,0,24,51,0,75,0,50,41,0,91,0,74,92,0,166,117,0,117,283
08/07/2022,FPR,FL,ASO,ES,Towers with Radar,0,2,46,0,48,0,3,45,0,48,0,5,91,0,96,12,0,12,108
08/08/2022,FPR,FL,ASO,ES,Towers with Radar,0,35,49,0,84,0,68,33,0,101,0,103,82,0,185,341,0,341,526
08/09/2022,FPR,FL,ASO,ES,Towers with Radar,0,36,27,0,63,0,28,55,0,83,0,64,82,0,146,126,0,126,272
08/10/2022,FPR,FL,ASO,ES,Towers with Radar,0,65,38,1,104,0,68,77,0,145,0,133,115,1,249,206,0,206,455
08/11/2022,FPR,FL,ASO,ES,Towers with Radar,0,49,41,0,90,0,72,77,0,149,0,121,118,0,239,267,0,267,506
08/12/2022,FPR,FL,ASO,ES,Towers with Radar,0,39,32,0,71,0,83,41,0,124,0,122,73,0,195,251,0,251,446
08/13/2022,FPR,FL,ASO,ES,Towers with Radar,0,15,21,0,36,0,37,41,0,78,0,52,62,0,114,112,0,112,226
08/14/2022,FPR,FL,ASO,ES,Towers with Radar,0,0,26,0,26,0,2,50,0,52,0,2,76,0,78,9,0,9,87
08/15/2022,FPR,FL,ASO,ES,Towers with Radar,0,29,14,0,43,0,59,63,0,122,0,88,77,0,165,166,0,166,331
08/16/2022,FPR,FL,ASO,ES,Towers with Radar,0,30,19,0,49,0,53,56,0,109,0,83,75,0,158,161,0,161,319
08/17/2022,FPR,FL,ASO,ES,Towers with Radar,0,28,21,0,49,0,80,50,0,130,0,108,71,0,179,149,0,149,328
08/18/2022,FPR,FL,ASO,ES,Towers with Radar,0,33,21,0,54,0,43,40,0,83,0,76,61,0,137,90,0,90,227
08/19/2022,FPR,FL,ASO,ES,Towers with Radar,0,53,24,0,77,0,80,50,0,130,0,133,74,0,207,184,0,184,391
08/20/2022,FPR,FL,ASO,ES,Towers with Radar,0,24,32,0,56,0,47,33,0,80,0,71,65,0,136,182,0,182,318
08/21/2022,FPR,FL,ASO,ES,Towers with Radar,0,2,27,0,29,0,9,37,0,46,0,11,64,0,75,17,0,17,92
08/22/2022,FPR,FL,ASO,ES,Towers with Radar,0,59,24,0,83,0,95,46,0,141,0,154,70,0,224,172,0,172,396
08/23/2022,FPR,FL,ASO,ES,Towers with Radar,0,70,27,0,97,0,90,49,2,141,0,160,76,2,238,164,0,164,402
08/24/2022,FPR,FL,ASO,ES,Towers with Radar,0,56,26,0,82,0,70,49,0,119,0,126,75,0,201,197,0,197,398
08/25/2022,FPR,FL,ASO,ES,Towers with Radar,0,38,43,0,81,0,60,57,0,117,0,98,100,0,198,170,0,170,368
08/26/2022,FPR,FL,ASO,ES,Towers with Radar,0,49,31,0,80,0,82,31,0,113,0,131,62,0,193,202,0,202,395
08/27/2022,FPR,FL,ASO,ES,Towers with Radar,0,10,22,0,32,0,27,28,0,55,0,37,50,0,87,108,0,108,195
08/28/2022,FPR,FL,ASO,ES,Towers with Radar,0,1,41,0,42,0,2,29,0,31,0,3,70,0,73,47,0,47,120
08/29/2022,FPR,FL,ASO,ES,Towers with Radar,0,41,37,0,78,0,81,44,1,126,0,122,81,1,204,195,0,195,399
08/30/2022,FPR,FL,ASO,ES,Towers with Radar,0,31,33,0,64,0,58,56,0,114,0,89,89,0,178,204,0,204,382
08/31/2022,FPR,FL,ASO,ES,Towers with Radar,0,31,51,6,88,0,78,49,0,127,0,109,100,6,215,283,0,283,498
09/01/2022,FPR,FL,ASO,ES,Towers with Radar,0,26,39,0,65,0,62,49,0,111,0,88,88,0,176,294,0,294,470
09/02/2022,FPR,FL,ASO,ES,Towers with Radar,0,48,49,0,97,0,66,52,0,118,0,114,101,0,215,301,0,301,516
09/03/2022,FPR,FL,ASO,ES,Towers with Radar,0,13,16,0,29,0,35,26,0,61,0,48,42,0,90,160,0,160,250
09/04/2022,FPR,FL,ASO,ES,Towers with Radar,0,1,27,1,29,0,10,27,1,38,0,11,54,2,67,7,0,7,74
09/05/2022,FPR,FL,ASO,ES,Towers with Radar,0,7,45,0,52,0,7,65,0,72,0,14,110,0,124,37,0,37,161
09/06/2022,FPR,FL,ASO,ES,Towers with Radar,0,28,40,0,68,0,79,64,0,143,0,107,104,0,211,318,0,318,529
09/07/2022,FPR,FL,ASO,ES,Towers with Radar,0,48,48,0,96,0,69,37,0,106,0,117,85,0,202,284,0,284,486
09/08/2022,FPR,FL,ASO,ES,Towers with Radar,0,21,29,0,50,0,27,33,0,60,0,48,62,0,110,121,0,121,231
09/09/2022,FPR,FL,ASO,ES,Towers with Radar,0,25,27,0,52,0,65,25,0,90,0,90,52,0,142,225,0,225,367
09/10/2022,FPR,FL,ASO,ES,Towers with Radar,0,31,17,0,48,0,52,29,0,81,0,83,46,0,129,162,0,162,291
09/11/2022,FPR,FL,ASO,ES,Towers with Radar,0,0,29,0,29,0,2,31,0,33,0,2,60,0,62,0,0,0,62
09/12/2022,FPR,FL,ASO,ES,Towers with Radar,0,17,26,0,43,0,89,35,0,124,0,106,61,0,167,363,0,363,530
09/13/2022,FPR,FL,ASO,ES,Towers with Radar,0,18,15,0,33,0,68,50,0,118,0,86,65,0,151,306,0,306,457
09/14/2022,FPR,FL,ASO,ES,Towers with Radar,0,24,24,0,48,0,52,41,0,93,0,76,65,0,141,235,0,235,376
09/15/2022,FPR,FL,ASO,ES,Towers with Radar,0,20,26,0,46,0,33,25,0,58,0,53,51,0,104,156,0,156,260
09/16/2022,FPR,FL,ASO,ES,Towers with Radar,0,47,37,0,84,0,60,46,0,106,0,107,83,0,190,187,0,187,377
09/17/2022,FPR,FL,ASO,ES,Towers with Radar,0,18,18,0,36,0,61,22,0,83,0,79,40,0,119,228,0,228,347
09/18/2022,FPR,FL,ASO,ES,Towers with Radar,0,3,28,0,31,0,4,22,0,26,0,7,50,0,57,21,0,21,78
09/19/2022,FPR,FL,ASO,ES,Towers with Radar,0,34,35,0,69,0,98,44,0,142,0,132,79,0,211,230,0,230,441
09/20/2022,FPR,FL,ASO,ES,Towers with Radar,0,49,18,0,67,0,94,39,0,133,0,143,57,0,200,260,0,260,460
09/21/2022,FPR,FL,ASO,ES,Towers with Radar,0,39,24,0,63,0,65,35,0,100,0,104,59,0,163,167,0,167,330
09/22/2022,FPR,FL,ASO,ES,Towers with Radar,0,26,29,0,55,0,67,47,0,114,0,93,76,0,169,228,0,228,397
09/23/2022,FPR,FL,ASO,ES,Towers with Radar,0,26,28,0,54,0,55,53,0,108,0,81,81,0,162,122,0,122,284
09/24/2022,FPR,FL,ASO,ES,Towers with Radar,0,22,13,0,35,0,35,16,0,51,0,57,29,0,86,101,0,101,187
09/25/2022,FPR,FL,ASO,ES,Towers with Radar,0,3,30,0,33,0,0,30,0,30,0,3,60,0,63,10,0,10,73
09/26/2022,FPR,FL,ASO,ES,Towers with Radar,0,29,21,0,50,0,49,48,0,97,0,78,69,0,147,196,0,196,343
09/27/2022,FPR,FL,ASO,ES,Towers with Radar,0,19,15,0,34,0,9,9,1,19,0,28,24,1,53,11,0,11,64
09/28/2022,FPR,FL,ASO,ES,Towers with Radar,0,0,3,0,3,0,0,0,0,0,0,0,3,0,3,0,0,0,3
09/29/2022,FPR,FL,ASO,ES,Towers with Radar,0,0,0,0,0,0,0,0,0,0,0,0,0,0,0,0,0,0,0
09/30/2022,FPR,FL,ASO,ES,Towers with Radar,0,20,17,0,37,0,98,32,0,130,0,118,49,0,167,216,0,216,383
10/01/2022,FPR,FL,ASO,ES,Towers with Radar,0,18,13,0,31,0,60,48,0,108,0,78,61,0,139,208,0,208,347
10/02/2022,FPR,FL,ASO,ES,Towers with Radar,0,0,19,0,19,0,10,34,0,44,0,10,53,0,63,6,0,6,69
10/03/2022,FPR,FL,ASO,ES,Towers with Radar,0,35,15,0,50,0,117,53,0,170,0,152,68,0,220,282,0,282,502
10/04/2022,FPR,FL,ASO,ES,Towers with Radar,0,24,28,0,52,0,87,47,0,134,0,111,75,0,186,271,0,271,457
10/05/2022,FPR,FL,ASO,ES,Towers with Radar,0,31,40,0,71,0,85,71,0,156,0,116,111,0,227,347,0,347,574
10/06/2022,FPR,FL,ASO,ES,Towers with Radar,0,41,25,0,66,0,134,66,0,200,0,175,91,0,266,265,0,265,531
10/07/2022,FPR,FL,ASO,ES,Towers with Radar,0,31,27,0,58,0,126,65,0,191,0,157,92,0,249,279,0,279,528
10/08/2022,FPR,FL,ASO,ES,Towers with Radar,0,17,20,0,37,0,75,43,0,118,0,92,63,0,155,232,0,232,387
10/09/2022,FPR,FL,ASO,ES,Towers with Radar,0,0,26,0,26,0,0,28,0,28,0,0,54,0,54,4,0,4,58
10/10/2022,FPR,FL,ASO,ES,Towers with Radar,0,34,21,0,55,0,98,52,0,150,0,132,73,0,205,375,0,375,580
10/11/2022,FPR,FL,ASO,ES,Towers with Radar,0,40,32,0,72,0,96,63,0,159,0,136,95,0,231,370,0,370,601
10/12/2022,FPR,FL,ASO,ES,Towers with Radar,0,33,34,0,67,0,118,49,0,167,0,151,83,0,234,357,0,357,591
10/13/2022,FPR,FL,ASO,ES,Towers with Radar,0,29,37,0,66,0,81,47,0,128,0,110,84,0,194,319,0,319,513
10/14/2022,FPR,FL,ASO,ES,Towers with Radar,0,36,48,0,84,0,78,49,0,127,0,114,97,0,211,268,0,268,479
10/15/2022,FPR,FL,ASO,ES,Towers with Radar,0,13,27,0,40,0,19,31,0,50,0,32,58,0,90,74,0,74,164
10/16/2022,FPR,FL,ASO,ES,Towers with Radar,0,2,38,0,40,0,7,61,0,68,0,9,99,0,108,10,0,10,118
10/17/2022,FPR,FL,ASO,ES,Towers with Radar,0,35,37,0,72,0,63,45,0,108,0,98,82,0,180,299,0,299,479
10/18/2022,FPR,FL,ASO,ES,Towers with Radar,0,15,24,0,39,0,62,34,0,96,0,77,58,0,135,203,0,203,338
10/19/2022,FPR,FL,ASO,ES,Towers with Radar,0,21,23,0,44,0,83,62,0,145,0,104,85,0,189,353,0,353,542
10/20/2022,FPR,FL,ASO,ES,Towers with Radar,0,21,47,0,68,0,104,56,0,160,0,125,103,0,228,421,0,421,649
10/21/2022,FPR,FL,ASO,ES,Towers with Radar,0,13,30,0,43,0,61,29,0,90,0,74,59,0,133,95,0,95,228
10/22/2022,FPR,FL,ASO,ES,Towers with Radar,0,19,15,0,34,0,41,81,0,122,0,60,96,0,156,54,0,54,210
10/23/2022,FPR,FL,ASO,ES,Towers with Radar,0,0,36,0,36,0,3,30,0,33,0,3,66,0,69,26,0,26,95
10/24/2022,FPR,FL,ASO,ES,Towers with Radar,0,48,46,0,94,0,89,53,0,142,0,137,99,0,236,403,0,403,639
10/25/2022,FPR,FL,ASO,ES,Towers with Radar,0,42,34,0,76,0,109,61,0,170,0,151,95,0,246,354,0,354,600
10/26/2022,FPR,FL,ASO,ES,Towers with Radar,0,29,18,0,47,0,78,56,0,134,0,107,74,0,181,332,0,332,513
10/27/2022,FPR,FL,ASO,ES,Towers with Radar,0,36,40,0,76,0,94,60,0,154,0,130,100,0,230,338,0,338,568
10/28/2022,FPR,FL,ASO,ES,Towers with Radar,0,59,29,0,88,0,114,64,0,178,0,173,93,0,266,404,0,404,670
10/29/2022,FPR,FL,ASO,ES,Towers with Radar,0,32,19,0,51,0,25,40,0,65,0,57,59,0,116,203,0,203,319
10/30/2022,FPR,FL,ASO,ES,Towers with Radar,0,5,34,0,39,0,7,45,0,52,0,12,79,0,91,47,0,47,138
10/31/2022,FPR,FL,ASO,ES,Towers with Radar,0,43,37,0,80,0,88,55,0,143,0,131,92,0,223,363,0,363,586
11/01/2022,FPR,FL,ASO,ES,Towers with Radar,0,40,43,0,83,0,81,47,0,128,0,121,90,0,211,341,0,341,552
11/02/2022,FPR,FL,ASO,ES,Towers with Radar,0,51,33,0,84,0,71,74,0,145,0,122,107,0,229,375,0,375,604
11/03/2022,FPR,FL,ASO,ES,Towers with Radar,0,26,45,0,71,0,74,113,0,187,0,100,158,0,258,225,0,225,483
11/04/2022,FPR,FL,ASO,ES,Towers with Radar,0,30,40,0,70,0,69,90,0,159,0,99,130,0,229,229,0,229,458
11/05/2022,FPR,FL,ASO,ES,Towers with Radar,0,17,45,0,62,0,30,81,0,111,0,47,126,0,173,178,0,178,351
11/06/2022,FPR,FL,ASO,ES,Towers with Radar,0,2,42,0,44,0,5,72,2,79,0,7,114,2,123,48,0,48,171
11/07/2022,FPR,FL,ASO,ES,Towers with Radar,0,41,44,0,85,0,85,50,0,135,0,126,94,0,220,194,0,194,414
11/08/2022,FPR,FL,ASO,ES,Towers with Radar,0,35,33,0,68,0,31,27,0,58,0,66,60,0,126,9,0,9,135
11/09/2022,FPR,FL,ASO,ES,Towers with Radar,0,0,3,0,3,0,0,0,0,0,0,0,3,0,3,0,0,0,3
11/10/2022,FPR,FL,ASO,ES,Towers with Radar,0,24,8,0,32,0,8,4,0,12,0,32,12,0,44,0,0,0,44
11/11/2022,FPR,FL,ASO,ES,Towers with Radar,0,18,41,0,59,0,76,40,0,116,0,94,81,0,175,267,0,267,442
11/12/2022,FPR,FL,ASO,ES,Towers with Radar,0,16,23,0,39,0,69,51,0,120,0,85,74,0,159,253,0,253,412
11/13/2022,FPR,FL,ASO,ES,Towers with Radar,0,4,37,0,41,0,9,59,0,68,0,13,96,0,109,2,0,2,111
11/14/2022,FPR,FL,ASO,ES,Towers with Radar,0,31,39,0,70,0,82,95,0,177,0,113,134,0,247,458,0,458,705
11/15/2022,FPR,FL,ASO,ES,Towers with Radar,0,49,60,0,109,0,95,80,2,177,0,144,140,2,286,484,0,484,770
11/16/2022,FPR,FL,ASO,ES,Towers with Radar,0,13,36,0,49,0,76,82,0,158,0,89,118,0,207,348,0,348,555
11/17/2022,FPR,FL,ASO,ES,Towers with Radar,0,22,18,0,40,0,67,60,0,127,0,89,78,0,167,149,0,149,316
11/18/2022,FPR,FL,ASO,ES,Towers with Radar,0,13,47,0,60,0,88,83,0,171,0,101,130,0,231,314,0,314,545
11/19/2022,FPR,FL,ASO,ES,Towers with Radar,0,12,88,0,100,0,46,41,0,87,0,58,129,0,187,268,0,268,455
11/20/2022,FPR,FL,ASO,ES,Towers with Radar,0,5,37,0,42,0,0,12,0,12,0,5,49,0,54,0,0,0,54
11/21/2022,FPR,FL,ASO,ES,Towers with Radar,0,41,40,0,81,0,15,6,0,21,0,56,46,0,102,59,0,59,161
11/22/2022,FPR,FL,ASO,ES,Towers with Radar,0,52,73,0,125,0,11,9,0,20,0,63,82,0,145,95,0,95,240
11/23/2022,FPR,FL,ASO,ES,Towers with Radar,0,33,52,0,85,0,3,3,0,6,0,36,55,0,91,10,0,10,101
11/24/2022,FPR,FL,ASO,ES,Towers with Radar,0,2,10,0,12,0,0,19,0,19,0,2,29,0,31,47,0,47,78
11/25/2022,FPR,FL,ASO,ES,Towers with Radar,0,6,33,0,39,0,16,49,0,65,0,22,82,0,104,117,0,117,221
11/26/2022,FPR,FL,ASO,ES,Towers with Radar,0,40,64,0,104,0,78,56,0,134,0,118,120,0,238,293,0,293,531
11/27/2022,FPR,FL,ASO,ES,Towers with Radar,0,5,72,0,77,0,6,42,0,48,0,11,114,0,125,5,0,5,130
11/28/2022,FPR,FL,ASO,ES,Towers with Radar,0,29,35,0,64,0,100,50,0,150,0,129,85,0,214,484,0,484,698
11/29/2022,FPR,FL,ASO,ES,Towers with Radar,0,48,48,0,96,0,113,69,0,182,0,161,117,0,278,443,0,443,721
11/30/2022,FPR,FL,ASO,ES,Towers with Radar,0,37,25,0,62,0,94,57,0,151,0,131,82,0,213,541,0,541,754
12/01/2022,FPR,FL,ASO,ES,Towers with Radar,0,45,42,0,87,0,84,42,0,126,0,129,84,0,213,196,0,196,409
12/02/2022,FPR,FL,ASO,ES,Towers with Radar,0,53,47,0,100,0,105,45,0,150,0,158,92,0,250,446,0,446,696
12/03/2022,FPR,FL,ASO,ES,Towers with Radar,0,40,18,0,58,0,91,44,0,135,0,131,62,0,193,280,0,280,473
12/04/2022,FPR,FL,ASO,ES,Towers with Radar,0,7,42,0,49,0,6,69,0,75,0,13,111,0,124,161,0,161,285
12/05/2022,FPR,FL,ASO,ES,Towers with Radar,0,68,43,0,111,0,117,62,0,179,0,185,105,0,290,476,0,476,766
12/06/2022,FPR,FL,ASO,ES,Towers with Radar,0,45,40,0,85,0,102,81,0,183,0,147,121,0,268,449,0,449,717
12/07/2022,FPR,FL,ASO,ES,Towers with Radar,0,52,31,0,83,0,89,69,0,158,0,141,100,0,241,457,0,457,698
12/08/2022,FPR,FL,ASO,ES,Towers with Radar,0,52,41,0,93,0,101,53,0,154,0,153,94,0,247,378,0,378,625
12/09/2022,FPR,FL,ASO,ES,Towers with Radar,0,33,25,0,58,0,127,67,0,194,0,160,92,0,252,376,0,376,628
12/10/2022,FPR,FL,ASO,ES,Towers with Radar,0,13,19,0,32,0,62,62,0,124,0,75,81,0,156,318,0,318,474
12/11/2022,FPR,FL,ASO,ES,Towers with Radar,0,10,37,0,47,0,1,46,0,47,0,11,83,0,94,8,0,8,102
12/12/2022,FPR,FL,ASO,ES,Towers with Radar,0,25,46,0,71,0,37,31,0,68,0,62,77,0,139,146,0,146,285
12/13/2022,FPR,FL,ASO,ES,Towers with Radar,0,43,35,0,78,0,88,46,0,134,0,131,81,0,212,342,0,342,554
12/14/2022,FPR,FL,ASO,ES,Towers with Radar,0,46,25,2,73,0,59,62,0,121,0,105,87,2,194,275,0,275,469
12/15/2022,FPR,FL,ASO,ES,Towers with Radar,0,24,26,0,50,0,61,35,0,96,0,85,61,0,146,102,0,102,248
12/16/2022,FPR,FL,ASO,ES,Towers with Radar,0,15,35,0,50,0,66,48,0,114,0,81,83,0,164,351,0,351,515
12/17/2022,FPR,FL,ASO,ES,Towers with Radar,0,23,54,0,77,0,55,55,0,110,0,78,109,0,187,280,0,280,467
12/18/2022,FPR,FL,ASO,ES,Towers with Radar,0,0,38,0,38,0,5,28,0,33,0,5,66,0,71,12,0,12,83
12/19/2022,FPR,FL,ASO,ES,Towers with Radar,0,24,44,0,68,0,98,83,0,181,0,122,127,0,249,219,0,219,468
12/20/2022,FPR,FL,ASO,ES,Towers with Radar,0,11,24,0,35,0,41,44,0,85,0,52,68,0,120,195,0,195,315
12/21/2022,FPR,FL,ASO,ES,Towers with Radar,0,12,50,0,62,0,22,26,0,48,0,34,76,0,110,173,0,173,283
12/22/2022,FPR,FL,ASO,ES,Towers with Radar,0,6,40,0,46,0,39,22,0,61,0,45,62,0,107,170,0,170,277
12/23/2022,FPR,FL,ASO,ES,Towers with Radar,0,3,39,0,42,0,13,49,0,62,0,16,88,0,104,94,0,94,198
12/24/2022,FPR,FL,ASO,ES,Towers with Radar,0,0,18,0,18,0,10,18,0,28,0,10,36,0,46,4,0,4,50
12/25/2022,FPR,FL,ASO,ES,Towers with Radar,0,1,2,0,3,0,1,6,0,7,0,2,8,0,10,0,0,0,10
12/26/2022,FPR,FL,ASO,ES,Towers with Radar,0,6,72,0,78,0,13,48,0,61,0,19,120,0,139,28,0,28,167
12/27/2022,FPR,FL,ASO,ES,Towers with Radar,0,7,59,0,66,0,13,28,0,41,0,20,87,0,107,57,0,57,164
12/28/2022,FPR,FL,ASO,ES,Towers with Radar,0,7,48,0,55,0,10,66,0,76,0,17,114,0,131,65,0,65,196
12/29/2022,FPR,FL,ASO,ES,Towers with Radar,0,9,34,0,43,0,16,69,0,85,0,25,103,0,128,104,0,104,232
12/30/2022,FPR,FL,ASO,ES,Towers with Radar,0,16,58,0,74,0,8,72,0,80,0,24,130,0,154,73,0,73,227
12/31/2022,FPR,FL,ASO,ES,Towers with Radar,0,8,49,0,57,0,5,33,0,38,0,13,82,0,95,26,0,26,121
01/01/2023,FPR,FL,ASO,ES,Towers with Radar,0,9,49,0,58,0,1,15,0,16,0,10,64,0,74,2,0,2,76
01/02/2023,FPR,FL,ASO,ES,Towers with Radar,0,9,119,0,128,0,13,86,0,99,0,22,205,0,227,57,0,57,284
01/03/2023,FPR,FL,ASO,ES,Towers with Radar,0,31,82,0,113,0,37,80,0,117,0,68,162,0,230,162,0,162,392
01/04/2023,FPR,FL,ASO,ES,Towers with Radar,0,18,61,0,79,0,45,68,0,113,0,63,129,0,192,177,0,177,369
01/05/2023,FPR,FL,ASO,ES,Towers with Radar,0,16,46,0,62,0,38,41,0,79,0,54,87,0,141,239,0,239,380
01/06/2023,FPR,FL,ASO,ES,Towers with Radar,0,23,44,0,67,0,48,76,0,124,0,71,120,0,191,154,0,154,345
01/07/2023,FPR,FL,ASO,ES,Towers with Radar,0,17,51,0,68,0,34,66,0,100,0,51,117,0,168,119,0,119,287
01/08/2023,FPR,FL,ASO,ES,Towers with Radar,0,8,63,0,71,0,9,53,0,62,0,17,116,0,133,16,0,16,149
01/09/2023,FPR,FL,ASO,ES,Towers with Radar,0,40,23,0,63,0,92,57,0,149,0,132,80,0,212,255,0,255,467
01/10/2023,FPR,FL,ASO,ES,Towers with Radar,0,18,32,0,50,0,55,51,1,107,0,73,83,1,157,301,0,301,458
01/11/2023,FPR,FL,ASO,ES,Towers with Radar,0,46,50,0,96,0,76,60,1,137,0,122,110,1,233,196,0,196,429
01/12/2023,FPR,FL,ASO,ES,Towers with Radar,0,39,63,0,102,0,85,76,0,161,0,124,139,0,263,284,0,284,547
01/13/2023,FPR,FL,ASO,ES,Towers with Radar,0,9,24,0,33,0,22,15,0,37,0,31,39,0,70,67,0,67,137
01/14/2023,FPR,FL,ASO,ES,Towers with Radar,0,6,29,0,35,0,40,19,0,59,0,46,48,0,94,106,0,106,200
01/15/2023,FPR,FL,ASO,ES,Towers with Radar,0,2,25,0,27,0,6,58,0,64,0,8,83,0,91,45,0,45,136
01/16/2023,FPR,FL,ASO,ES,Towers with Radar,0,41,50,0,91,0,106,89,0,195,0,147,139,0,286,336,0,336,622
01/17/2023,FPR,FL,ASO,ES,Towers with Radar,0,29,36,0,65,0,96,70,2,168,0,125,106,2,233,268,0,268,501
01/18/2023,FPR,FL,ASO,ES,Towers with Radar,0,47,47,0,94,0,101,64,0,165,0,148,111,0,259,254,0,254,513
01/19/2023,FPR,FL,ASO,ES,Towers with Radar,0,20,55,0,75,0,75,68,0,143,0,95,123,0,218,246,0,246,464
01/20/2023,FPR,FL,ASO,ES,Towers with Radar,0,32,26,0,58,0,78,59,0,137,0,110,85,0,195,308,0,308,503
01/21/2023,FPR,FL,ASO,ES,Towers with Radar,0,22,49,0,71,0,41,38,0,79,0,63,87,0,150,120,0,120,270
01/22/2023,FPR,FL,ASO,ES,Towers with Radar,0,0,50,0,50,0,25,33,0,58,0,25,83,0,108,26,0,26,134
01/23/2023,FPR,FL,ASO,ES,Towers with Radar,0,22,40,0,62,0,52,21,0,73,0,74,61,0,135,224,0,224,359
01/24/2023,FPR,FL,ASO,ES,Towers with Radar,0,47,34,0,81,0,97,50,0,147,0,144,84,0,228,298,0,298,526
01/25/2023,FPR,FL,ASO,ES,Towers with Radar,0,31,35,0,66,0,69,56,0,125,0,100,91,0,191,187,0,187,378
01/26/2023,FPR,FL,ASO,ES,Towers with Radar,0,26,39,0,65,0,85,54,0,139,0,111,93,0,204,269,0,269,473
01/27/2023,FPR,FL,ASO,ES,Towers with Radar,0,20,49,0,69,0,73,54,0,127,0,93,103,0,196,137,0,137,333
01/28/2023,FPR,FL,ASO,ES,Towers with Radar,0,18,29,0,47,0,43,39,0,82,0,61,68,0,129,173,0,173,302
01/29/2023,FPR,FL,ASO,ES,Towers with Radar,0,8,40,0,48,0,10,45,0,55,0,18,85,0,103,63,0,63,166
01/30/2023,FPR,FL,ASO,ES,Towers with Radar,0,41,51,0,92,0,104,105,0,209,0,145,156,0,301,397,0,397,698
01/31/2023,FPR,FL,ASO,ES,Towers with Radar,0,64,47,0,111,0,105,46,0,151,0,169,93,0,262,278,0,278,540
02/01/2023,FPR,FL,ASO,ES,Towers with Radar,0,46,44,0,90,0,87,111,0,198,0,133,155,0,288,263,0,263,551
02/02/2023,FPR,FL,ASO,ES,Towers with Radar,0,42,31,0,73,0,90,67,0,157,0,132,98,0,230,289,0,289,519
02/03/2023,FPR,FL,ASO,ES,Towers with Radar,0,6,33,0,39,0,17,18,0,35,0,23,51,0,74,88,0,88,162
02/04/2023,FPR,FL,ASO,ES,Towers with Radar,0,23,33,0,56,0,45,10,0,55,0,68,43,0,111,72,0,72,183
02/05/2023,FPR,FL,ASO,ES,Towers with Radar,0,10,37,0,47,0,0,4,0,4,0,10,41,0,51,0,0,0,51
02/06/2023,FPR,FL,ASO,ES,Towers with Radar,0,35,43,0,78,0,102,74,0,176,0,137,117,0,254,221,0,221,475
02/07/2023,FPR,FL,ASO,ES,Towers with Radar,0,57,39,0,96,0,121,50,0,171,0,178,89,0,267,323,0,323,590
02/08/2023,FPR,FL,ASO,ES,Towers with Radar,0,44,42,0,86,0,139,90,0,229,0,183,132,0,315,325,0,325,640
02/09/2023,FPR,FL,ASO,ES,Towers with Radar,0,50,62,0,112,0,90,56,0,146,0,140,118,0,258,171,1,172,430
02/10/2023,FPR,FL,ASO,ES,Towers with Radar,0,39,42,0,81,0,114,50,0,164,0,153,92,0,245,231,0,231,476
02/11/2023,FPR,FL,ASO,ES,Towers with Radar,0,35,31,0,66,0,81,70,0,151,0,116,101,0,217,127,0,127,344
02/12/2023,FPR,FL,ASO,ES,Towers with Radar,0,4,51,0,55,0,3,14,0,17,0,7,65,0,72,6,0,6,78
02/13/2023,FPR,FL,ASO,ES,Towers with Radar,0,19,64,0,83,0,104,86,0,190,0,123,150,0,273,365,0,365,638
02/14/2023,FPR,FL,ASO,ES,Towers with Radar,0,54,29,0,83,0,103,76,0,179,0,157,105,0,262,398,0,398,660
02/15/2023,FPR,FL,ASO,ES,Towers with Radar,0,54,51,0,105,0,108,82,0,190,0,162,133,0,295,304,0,304,599
02/16/2023,FPR,FL,ASO,ES,Towers with Radar,0,41,46,0,87,0,86,81,0,167,0,127,127,0,254,265,0,265,519
02/17/2023,FPR,FL,ASO,ES,Towers with Radar,0,18,42,0,60,0,109,81,0,190,0,127,123,0,250,292,0,292,542
02/18/2023,FPR,FL,ASO,ES,Towers with Radar,0,33,37,0,70,0,36,21,0,57,0,69,58,0,127,75,0,75,202
02/19/2023,FPR,FL,ASO,ES,Towers with Radar,0,5,49,0,54,0,4,68,0,72,0,9,117,0,126,69,0,69,195
02/20/2023,FPR,FL,ASO,ES,Towers with Radar,0,35,65,0,100,0,135,96,0,231,0,170,161,0,331,539,0,539,870
02/21/2023,FPR,FL,ASO,ES,Towers with Radar,0,16,38,0,54,0,107,73,0,180,0,123,111,0,234,302,0,302,536
02/22/2023,FPR,FL,ASO,ES,Towers with Radar,0,44,34,0,78,0,89,66,0,155,0,133,100,0,233,344,0,344,577
02/23/2023,FPR,FL,ASO,ES,Towers with Radar,0,54,41,0,95,0,106,86,0,192,0,160,127,0,287,365,0,365,652
02/24/2023,FPR,FL,ASO,ES,Towers with Radar,0,38,57,0,95,0,91,71,0,162,0,129,128,0,257,365,0,365,622
02/25/2023,FPR,FL,ASO,ES,Towers with Radar,0,24,48,0,72,0,67,87,0,154,0,91,135,0,226,323,0,323,549
02/26/2023,FPR,FL,ASO,ES,Towers with Radar,0,0,62,0,62,0,17,52,0,69,0,17,114,0,131,69,0,69,200
02/27/2023,FPR,FL,ASO,ES,Towers with Radar,0,26,29,1,56,0,100,61,1,162,0,126,90,2,218,288,8,296,514
02/28/2023,FPR,FL,ASO,ES,Towers with Radar,0,21,37,0,58,0,98,66,0,164,0,119,103,0,222,443,0,443,665
03/01/2023,FPR,FL,ASO,ES,Towers with Radar,0,49,47,0,96,0,80,67,0,147,0,129,114,0,243,318,0,318,561
03/02/2023,FPR,FL,ASO,ES,Towers with Radar,0,63,51,0,114,0,103,83,0,186,0,166,134,0,300,352,0,352,652
03/03/2023,FPR,FL,ASO,ES,Towers with Radar,0,37,36,0,73,0,57,47,0,104,0,94,83,0,177,159,0,159,336
03/04/2023,FPR,FL,ASO,ES,Towers with Radar,0,20,61,0,81,0,29,45,0,74,0,49,106,0,155,48,0,48,203
03/05/2023,FPR,FL,ASO,ES,Towers with Radar,0,2,43,0,45,0,6,68,0,74,0,8,111,0,119,145,0,145,264
03/06/2023,FPR,FL,ASO,ES,Towers with Radar,0,36,45,0,81,0,103,54,0,157,0,139,99,0,238,449,0,449,687
03/07/2023,FPR,FL,ASO,ES,Towers with Radar,0,36,37,0,73,0,96,67,0,163,0,132,104,0,236,425,0,425,661
03/08/2023,FPR,FL,ASO,ES,Towers with Radar,0,51,68,0,119,0,101,55,0,156,0,152,123,0,275,251,0,251,526
03/09/2023,FPR,FL,ASO,ES,Towers with Radar,0,63,62,0,125,0,86,80,0,166,0,149,142,0,291,434,0,434,725
03/10/2023,FPR,FL,ASO,ES,Towers with Radar,0,21,64,0,85,0,86,60,0,146,0,107,124,0,231,357,0,357,588
03/11/2023,FPR,FL,ASO,ES,Towers with Radar,0,29,85,0,114,0,46,89,0,135,0,75,174,0,249,270,0,270,519
03/12/2023,FPR,FL,ASO,ES,Towers with Radar,0,8,76,0,84,0,4,56,0,60,0,12,132,0,144,40,0,40,184
03/13/2023,FPR,FL,ASO,ES,Towers with Radar,0,18,48,0,66,0,27,25,0,52,0,45,73,0,118,152,0,152,270
03/14/2023,FPR,FL,ASO,ES,Towers with Radar,0,35,29,0,64,0,98,78,0,176,0,133,107,0,240,427,0,427,667
03/15/2023,FPR,FL,ASO,ES,Towers with Radar,0,30,61,0,91,0,94,70,0,164,0,124,131,0,255,376,0,376,631
03/16/2023,FPR,FL,ASO,ES,Towers with Radar,0,52,60,0,112,0,96,107,0,203,0,148,167,0,315,433,0,433,748
03/17/2023,FPR,FL,ASO,ES,Towers with Radar,0,32,109,0,141,0,62,120,0,182,0,94,229,0,323,168,0,168,491
03/18/2023,FPR,FL,ASO,ES,Towers with Radar,0,16,76,0,92,0,42,95,0,137,0,58,171,0,229,71,0,71,300
03/19/2023,FPR,FL,ASO,ES,Towers with Radar,0,2,77,0,79,0,0,22,0,22,0,2,99,0,101,4,0,4,105
03/20/2023,FPR,FL,ASO,ES,Towers with Radar,0,28,45,0,73,0,58,37,0,95,0,86,82,0,168,171,0,171,339
03/21/2023,FPR,FL,ASO,ES,Towers with Radar,0,30,46,0,76,0,90,65,0,155,0,120,111,0,231,451,0,451,682
03/22/2023,FPR,FL,ASO,ES,Towers with Radar,0,46,71,0,117,0,81,67,0,148,0,127,138,0,265,345,0,345,610
03/23/2023,FPR,FL,ASO,ES,Towers with Radar,0,45,61,0,106,0,79,80,0,159,0,124,141,0,265,394,0,394,659
03/24/2023,FPR,FL,ASO,ES,Towers with Radar,0,49,50,0,99,0,87,53,0,140,0,136,103,0,239,431,0,431,670
03/25/2023,FPR,FL,ASO,ES,Towers with Radar,0,25,67,0,92,0,39,92,0,131,0,64,159,0,223,170,0,170,393
03/26/2023,FPR,FL,ASO,ES,Towers with Radar,0,3,50,0,53,0,11,68,0,79,0,14,118,0,132,47,0,47,179
03/27/2023,FPR,FL,ASO,ES,Towers with Radar,0,36,56,0,92,0,79,80,0,159,0,115,136,0,251,299,0,299,550
03/28/2023,FPR,FL,ASO,ES,Towers with Radar,0,43,41,0,84,0,70,63,0,133,0,113,104,0,217,374,0,374,591
03/29/2023,FPR,FL,ASO,ES,Towers with Radar,0,35,62,1,98,0,57,41,0,98,0,92,103,1,196,252,0,252,448
03/30/2023,FPR,FL,ASO,ES,Towers with Radar,0,54,66,0,120,0,72,64,0,136,0,126,130,0,256,266,0,266,522
03/31/2023,FPR,FL,ASO,ES,Towers with Radar,0,37,53,0,90,0,51,58,0,109,0,88,111,0,199,141,0,141,340
04/01/2023,FPR,FL,ASO,ES,Towers with Radar,0,19,94,0,113,0,39,58,0,97,0,58,152,0,210,97,0,97,307
04/02/2023,FPR,FL,ASO,ES,Towers with Radar,0,4,63,0,67,0,7,58,0,65,0,11,121,0,132,77,0,77,209
04/03/2023,FPR,FL,ASO,ES,Towers with Radar,0,37,48,0,85,0,83,41,3,127,0,120,89,3,212,265,0,265,477
04/04/2023,FPR,FL,ASO,ES,Towers with Radar,0,37,56,1,94,0,79,76,0,155,0,116,132,1,249,341,0,341,590
04/05/2023,FPR,FL,ASO,ES,Towers with Radar,0,51,57,0,108,0,98,73,0,171,0,149,130,0,279,304,0,304,583
04/06/2023,FPR,FL,ASO,ES,Towers with Radar,0,54,75,0,129,0,83,73,0,156,0,137,148,0,285,242,0,242,527
04/07/2023,FPR,FL,ASO,ES,Towers with Radar,0,28,71,0,99,0,70,91,0,161,0,98,162,0,260,179,0,179,439
04/08/2023,FPR,FL,ASO,ES,Towers with Radar,0,28,81,0,109,0,47,88,0,135,0,75,169,0,244,222,0,222,466
04/09/2023,FPR,FL,ASO,ES,Towers with Radar,0,1,46,0,47,0,4,17,0,21,0,5,63,0,68,0,0,0,68
04/10/2023,FPR,FL,ASO,ES,Towers with Radar,0,23,74,0,97,0,28,20,0,48,0,51,94,0,145,41,0,41,186
04/11/2023,FPR,FL,ASO,ES,Towers with Radar,0,27,27,0,54,0,20,21,0,41,0,47,48,0,95,28,0,28,123
04/12/2023,FPR,FL,ASO,ES,Towers with Radar,0,9,30,1,40,0,5,8,2,15,0,14,38,3,55,1,0,1,56
04/13/2023,FPR,FL,ASO,ES,Towers with Radar,0,37,50,0,87,0,52,24,0,76,0,89,74,0,163,267,0,267,430
04/14/2023,FPR,FL,ASO,ES,Towers with Radar,0,43,65,0,108,0,113,66,0,179,0,156,131,0,287,348,0,348,635
04/15/2023,FPR,FL,ASO,ES,Towers with Radar,0,37,66,0,103,0,74,76,0,150,0,111,142,0,253,316,0,316,569
04/16/2023,FPR,FL,ASO,ES,Towers with Radar,0,5,69,0,74,0,0,50,0,50,0,5,119,0,124,16,0,16,140
04/17/2023,FPR,FL,ASO,ES,Towers with Radar,0,17,37,0,54,0,17,15,0,32,0,34,52,0,86,105,0,105,191
04/18/2023,FPR,FL,ASO,ES,Towers with Radar,0,46,40,0,86,0,111,94,0,205,0,157,134,0,291,351,0,351,642
04/19/2023,FPR,FL,ASO,ES,Towers with Radar,0,50,60,0,110,0,81,75,0,156,0,131,135,0,266,316,0,316,582
04/20/2023,FPR,FL,ASO,ES,Towers with Radar,0,43,40,0,83,0,87,48,0,135,0,130,88,0,218,373,0,373,591
04/21/2023,FPR,FL,ASO,ES,Towers with Radar,0,40,55,0,95,0,97,88,0,185,0,137,143,0,280,304,0,304,584
04/22/2023,FPR,FL,ASO,ES,Towers with Radar,0,33,45,0,78,0,64,87,0,151,0,97,132,0,229,268,0,268,497
04/23/2023,FPR,FL,ASO,ES,Towers with Radar,0,6,63,0,69,0,5,54,0,59,0,11,117,0,128,40,0,40,168
04/24/2023,FPR,FL,ASO,ES,Towers with Radar,0,16,66,0,82,0,39,38,0,77,0,55,104,0,159,221,0,221,380
04/25/2023,FPR,FL,ASO,ES,Towers with Radar,0,27,36,0,63,0,83,54,0,137,0,110,90,0,200,272,0,272,472
04/26/2023,FPR,FL,ASO,ES,Towers with Radar,0,30,49,0,79,0,60,62,0,122,0,90,111,0,201,365,0,365,566
04/27/2023,FPR,FL,ASO,ES,Towers with Radar,0,40,49,0,89,0,60,59,0,119,0,100,108,0,208,266,0,266,474
04/28/2023,FPR,FL,ASO,ES,Towers with Radar,0,32,44,0,76,0,65,62,2,129,0,97,106,2,205,258,0,258,463
04/29/2023,FPR,FL,ASO,ES,Towers with Radar,0,23,60,0,83,0,55,52,0,107,0,78,112,0,190,176,0,176,366
04/30/2023,FPR,FL,ASO,ES,Towers with Radar,0,4,55,0,59,0,3,24,0,27,0,7,79,0,86,0,0,0,86
05/01/2023,FPR,FL,ASO,ES,Towers with Radar,0,15,61,0,76,0,77,106,0,183,0,92,167,0,259,411,0,411,670
05/02/2023,FPR,FL,ASO,ES,Towers with Radar,0,20,30,2,52,0,68,58,0,126,0,88,88,2,178,358,0,358,536
05/03/2023,FPR,FL,ASO,ES,Towers with Radar,0,24,42,0,66,0,83,79,0,162,0,107,121,0,228,393,23,416,644
05/04/2023,FPR,FL,ASO,ES,Towers with Radar,0,40,63,0,103,0,104,85,0,189,0,144,148,0,292,406,0,406,698
05/05/2023,FPR,FL,ASO,ES,Towers with Radar,0,42,53,0,95,0,104,83,0,187,0,146,136,0,282,289,0,289,571
05/06/2023,FPR,FL,ASO,ES,Towers with Radar,0,31,60,0,91,0,43,39,0,82,0,74,99,0,173,140,0,140,313
05/07/2023,FPR,FL,ASO,ES,Towers with Radar,0,3,56,0,59,0,5,56,0,61,0,8,112,0,120,16,0,16,136
05/08/2023,FPR,FL,ASO,ES,Towers with Radar,0,44,48,0,92,0,105,86,0,191,0,149,134,0,283,283,0,283,566
05/09/2023,FPR,FL,ASO,ES,Towers with Radar,0,50,69,0,119,0,80,80,0,160,0,130,149,0,279,379,0,379,658
05/10/2023,FPR,FL,ASO,ES,Towers with Radar,0,35,51,0,86,0,74,63,0,137,0,109,114,0,223,334,0,334,557
05/11/2023,FPR,FL,ASO,ES,Towers with Radar,1,50,53,0,104,0,54,75,0,129,1,104,128,0,233,284,0,284,517
05/12/2023,FPR,FL,ASO,ES,Towers with Radar,0,47,55,0,102,0,69,89,0,158,0,116,144,0,260,291,0,291,551
05/13/2023,FPR,FL,ASO,ES,Towers with Radar,0,32,56,0,88,0,60,75,0,135,0,92,131,0,223,160,0,160,383
05/14/2023,FPR,FL,ASO,ES,Towers with Radar,0,11,46,0,57,0,8,70,0,78,0,19,116,0,135,41,0,41,176
05/15/2023,FPR,FL,ASO,ES,Towers with Radar,0,47,64,0,111,0,82,90,0,172,0,129,154,0,283,221,0,221,504
05/16/2023,FPR,FL,ASO,ES,Towers with Radar,0,45,48,0,93,0,96,91,0,187,0,141,139,0,280,281,0,281,561
05/17/2023,FPR,FL,ASO,ES,Towers with Radar,0,26,45,0,71,0,69,54,2,125,0,95,99,2,196,317,0,317,513
05/18/2023,FPR,FL,ASO,ES,Towers with Radar,0,44,38,0,82,0,79,72,0,151,0,123,110,0,233,313,0,313,546
05/19/2023,FPR,FL,ASO,ES,Towers with Radar,0,59,60,0,119,0,86,90,0,176,0,145,150,0,295,304,0,304,599
05/20/2023,FPR,FL,ASO,ES,Towers with Radar,0,19,54,0,73,0,35,58,1,94,0,54,112,1,167,149,0,149,316
05/21/2023,FPR,FL,ASO,ES,Towers with Radar,0,2,52,0,54,0,8,72,0,80,0,10,124,0,134,57,0,57,191
05/22/2023,FPR,FL,ASO,ES,Towers with Radar,0,50,54,0,104,0,64,56,0,120,0,114,110,0,224,233,0,233,457
05/23/2023,FPR,FL,ASO,ES,Towers with Radar,0,51,53,0,104,0,51,24,0,75,0,102,77,0,179,142,0,142,321
05/24/2023,FPR,FL,ASO,ES,Towers with Radar,0,7,36,0,43,0,29,29,0,58,0,36,65,0,101,122,0,122,223
05/25/2023,FPR,FL,ASO,ES,Towers with Radar,0,59,72,0,131,0,52,55,0,107,0,111,127,0,238,205,0,205,443
05/26/2023,FPR,FL,ASO,ES,Towers with Radar,0,9,62,0,71,0,32,50,2,84,0,41,112,2,155,135,0,135,290
05/27/2023,FPR,FL,ASO,ES,Towers with Radar,0,22,54,0,76,0,76,72,1,149,0,98,126,1,225,276,0,276,501
05/28/2023,FPR,FL,ASO,ES,Towers with Radar,0,0,20,0,20,0,14,52,0,66,0,14,72,0,86,20,0,20,106
05/29/2023,FPR,FL,ASO,ES,Towers with Radar,0,12,75,0,87,0,11,45,0,56,0,23,120,0,143,34,0,34,177
05/30/2023,FPR,FL,ASO,ES,Towers with Radar,0,44,83,0,127,0,83,70,0,153,0,127,153,0,280,348,0,348,628
05/31/2023,FPR,FL,ASO,ES,Towers with Radar,0,42,49,0,91,0,27,14,0,41,0,69,63,0,132,51,0,51,183
06/01/2023,FPR,FL,ASO,ES,Towers with Radar,0,29,60,0,89,0,45,39,0,84,0,74,99,0,173,282,0,282,455
06/02/2023,FPR,FL,ASO,ES,Towers with Radar,0,67,65,0,132,0,86,56,0,142,0,153,121,0,274,301,0,301,575
06/03/2023,FPR,FL,ASO,ES,Towers with Radar,0,43,53,0,96,0,53,56,0,109,0,96,109,0,205,147,0,147,352
06/04/2023,FPR,FL,ASO,ES,Towers with Radar,0,2,51,0,53,0,6,34,0,40,0,8,85,0,93,32,0,32,125
06/05/2023,FPR,FL,ASO,ES,Towers with Radar,0,47,67,0,114,0,57,70,2,129,0,104,137,2,243,198,0,198,441
06/06/2023,FPR,FL,ASO,ES,Towers with Radar,0,31,59,0,90,0,71,114,0,185,0,102,173,0,275,372,0,372,647
06/07/2023,FPR,FL,ASO,ES,Towers with Radar,0,41,57,0,98,0,61,98,0,159,0,102,155,0,257,278,0,278,535
06/08/2023,FPR,FL,ASO,ES,Towers with Radar,0,14,24,0,38,0,48,60,0,108,0,62,84,0,146,295,0,295,441
06/09/2023,FPR,FL,ASO,ES,Towers with Radar,0,26,30,0,56,0,88,67,0,155,0,114,97,0,211,309,0,309,520
06/10/2023,FPR,FL,ASO,ES,Towers with Radar,0,23,70,0,93,0,66,113,0,179,0,89,183,0,272,218,0,218,490
06/11/2023,FPR,FL,ASO,ES,Towers with Radar,0,3,51,0,54,0,5,62,0,67,0,8,113,0,121,86,0,86,207
06/12/2023,FPR,FL,ASO,ES,Towers with Radar,0,12,33,0,45,0,64,93,0,157,0,76,126,0,202,363,0,363,565
06/13/2023,FPR,FL,ASO,ES,Towers with Radar,0,27,37,0,64,0,85,76,0,161,0,112,113,0,225,302,0,302,527
06/14/2023,FPR,FL,ASO,ES,Towers with Radar,0,21,29,0,50,0,99,85,0,184,0,120,114,0,234,392,0,392,626
06/15/2023,FPR,FL,ASO,ES,Towers with Radar,0,20,43,0,63,0,83,67,0,150,0,103,110,0,213,457,0,457,670
06/16/2023,FPR,FL,ASO,ES,Towers with Radar,0,9,39,0,48,0,51,72,0,123,0,60,111,0,171,342,0,342,513
06/17/2023,FPR,FL,ASO,ES,Towers with Radar,0,9,50,0,59,0,39,62,0,101,0,48,112,0,160,165,0,165,325
06/18/2023,FPR,FL,ASO,ES,Towers with Radar,0,4,47,0,51,0,6,50,0,56,0,10,97,0,107,28,0,28,135
06/19/2023,FPR,FL,ASO,ES,Towers with Radar,0,25,30,0,55,0,82,80,0,162,0,107,110,0,217,368,0,368,585
06/20/2023,FPR,FL,ASO,ES,Towers with Radar,0,14,42,0,56,0,68,51,0,119,0,82,93,0,175,239,0,239,414
06/21/2023,FPR,FL,ASO,ES,Towers with Radar,0,38,45,2,85,0,75,60,0,135,0,113,105,2,220,357,0,357,577
06/22/2023,FPR,FL,ASO,ES,Towers with Radar,0,45,31,0,76,0,85,67,0,152,0,130,98,0,228,286,0,286,514
06/23/2023,FPR,FL,ASO,ES,Towers with Radar,0,66,68,0,134,0,97,48,0,145,0,163,116,0,279,397,0,397,676
06/24/2023,FPR,FL,ASO,ES,Towers with Radar,0,30,83,0,113,0,41,67,0,108,0,71,150,0,221,197,0,197,418
06/25/2023,FPR,FL,ASO,ES,Towers with Radar,0,6,54,0,60,0,7,36,0,43,0,13,90,0,103,12,0,12,115
06/26/2023,FPR,FL,ASO,ES,Towers with Radar,0,54,37,0,91,0,94,68,0,162,0,148,105,0,253,332,0,332,585
06/27/2023,FPR,FL,ASO,ES,Towers with Radar,0,29,37,0,66,0,81,68,0,149,0,110,105,0,215,402,0,402,617
06/28/2023,FPR,FL,ASO,ES,Towers with Radar,0,18,33,0,51,0,45,56,0,101,0,63,89,0,152,265,0,265,417
06/29/2023,FPR,FL,ASO,ES,Towers with Radar,0,61,70,0,131,0,77,59,0,136,0,138,129,0,267,416,0,416,683
06/30/2023,FPR,FL,ASO,ES,Towers with Radar,0,44,71,0,115,0,72,82,0,154,0,116,153,0,269,186,0,186,455
07/01/2023,FPR,FL,ASO,ES,Towers with Radar,0,35,55,0,90,0,53,77,0,130,0,88,132,0,220,225,0,225,445
07/02/2023,FPR,FL,ASO,ES,Towers with Radar,0,1,39,0,40,0,1,51,0,52,0,2,90,0,92,22,0,22,114
07/03/2023,FPR,FL,ASO,ES,Towers with Radar,0,56,52,0,108,0,105,51,0,156,0,161,103,0,264,451,0,451,715
07/04/2023,FPR,FL,ASO,ES,Towers with Radar,0,4,25,0,29,0,0,60,0,60,0,4,85,0,89,68,0,68,157
07/05/2023,FPR,FL,ASO,ES,Towers with Radar,0,33,61,0,94,0,81,75,0,156,0,114,136,0,250,324,0,324,574
07/06/2023,FPR,FL,ASO,ES,Towers with Radar,0,14,57,0,71,0,53,47,0,100,0,67,104,0,171,294,0,294,465
07/07/2023,FPR,FL,ASO,ES,Towers with Radar,0,16,34,0,50,0,54,56,2,112,0,70,90,2,162,315,0,315,477
07/08/2023,FPR,FL,ASO,ES,Towers with Radar,0,16,77,0,93,0,27,35,1,63,0,43,112,1,156,221,0,221,377
07/09/2023,FPR,FL,ASO,ES,Towers with Radar,0,1,60,0,61,0,5,63,1,69,0,6,123,1,130,19,0,19,149
07/10/2023,FPR,FL,ASO,ES,Towers with Radar,0,18,41,0,59,0,69,62,0,131,0,87,103,0,190,407,0,407,597
07/11/2023,FPR,FL,ASO,ES,Towers with Radar,0,36,30,0,66,0,65,76,0,141,0,101,106,0,207,240,0,240,447
07/12/2023,FPR,FL,ASO,ES,Towers with Radar,0,55,66,0,121,0,74,93,0,167,0,129,159,0,288,362,0,362,650
07/13/2023,FPR,FL,ASO,ES,Towers with Radar,0,40,41,0,81,0,68,33,0,101,0,108,74,0,182,305,0,305,487
07/14/2023,FPR,FL,ASO,ES,Towers with Radar,0,23,58,0,81,0,71,91,0,162,0,94,149,0,243,398,0,398,641
07/15/2023,FPR,FL,ASO,ES,Towers with Radar,0,15,40,0,55,0,40,53,0,93,0,55,93,0,148,195,0,195,343
07/16/2023,FPR,FL,ASO,ES,Towers with Radar,0,0,48,0,48,0,4,47,0,51,0,4,95,0,99,17,0,17,116
07/17/2023,FPR,FL,ASO,ES,Towers with Radar,0,16,42,0,58,0,51,40,0,91,0,67,82,0,149,231,0,231,380
07/18/2023,FPR,FL,ASO,ES,Towers with Radar,0,25,38,0,63,0,45,56,0,101,0,70,94,0,164,276,0,276,440
07/19/2023,FPR,FL,ASO,ES,Towers with Radar,0,43,38,0,81,0,79,66,0,145,0,122,104,0,226,369,0,369,595
07/20/2023,FPR,FL,ASO,ES,Towers with Radar,0,45,76,0,121,0,75,78,0,153,0,120,154,0,274,245,57,302,576
07/21/2023,FPR,FL,ASO,ES,Towers with Radar,0,26,36,0,62,0,67,90,0,157,0,93,126,0,219,317,0,317,536
07/22/2023,FPR,FL,ASO,ES,Towers with Radar,0,16,33,0,49,0,36,58,0,94,0,52,91,0,143,179,0,179,322
07/23/2023,FPR,FL,ASO,ES,Towers with Radar,0,4,34,0,38,0,6,72,0,78,0,10,106,0,116,122,0,122,238
07/24/2023,FPR,FL,ASO,ES,Towers with Radar,1,36,65,0,102,0,90,95,0,185,1,126,160,0,287,386,0,386,673
07/25/2023,FPR,FL,ASO,ES,Towers with Radar,0,50,42,0,92,0,84,79,0,163,0,134,121,0,255,342,0,342,597
07/26/2023,FPR,FL,ASO,ES,Towers with Radar,0,53,51,0,104,0,98,75,0,173,0,151,126,0,277,386,0,386,663
07/27/2023,FPR,FL,ASO,ES,Towers with Radar,0,24,45,0,69,0,55,35,0,90,0,79,80,0,159,238,0,238,397
07/28/2023,FPR,FL,ASO,ES,Towers with Radar,0,38,33,0,71,0,48,28,0,76,0,86,61,0,147,105,0,105,252
07/29/2023,FPR,FL,ASO,ES,Towers with Radar,0,30,57,0,87,0,68,73,0,141,0,98,130,0,228,245,0,245,473
07/30/2023,FPR,FL,ASO,ES,Towers with Radar,0,1,27,0,28,0,9,65,0,74,0,10,92,0,102,42,0,42,144
07/31/2023,FPR,FL,ASO,ES,Towers with Radar,0,13,22,0,35,0,55,64,0,119,0,68,86,0,154,231,0,231,385
08/01/2023,FPR,FL,ASO,ES,Towers with Radar,0,33,34,0,67,0,90,90,0,180,0,123,124,0,247,269,0,269,516
08/02/2023,FPR,FL,ASO,ES,Towers with Radar,0,55,61,0,116,0,121,98,0,219,0,176,159,0,335,419,0,419,754
08/03/2023,FPR,FL,ASO,ES,Towers with Radar,0,79,49,0,128,0,115,93,0,208,0,194,142,0,336,394,0,394,730
08/04/2023,FPR,FL,ASO,ES,Towers with Radar,0,53,52,2,107,0,91,47,0,138,0,144,99,2,245,283,0,283,528
08/05/2023,FPR,FL,ASO,ES,Towers with Radar,0,24,50,0,74,1,62,62,0,125,1,86,112,0,199,240,0,240,439
08/06/2023,FPR,FL,ASO,ES,Towers with Radar,0,1,30,0,31,0,2,66,0,68,0,3,96,0,99,46,0,46,145
08/07/2023,FPR,FL,ASO,ES,Towers with Radar,0,38,26,0,64,0,97,64,2,163,0,135,90,2,227,334,0,334,561
08/08/2023,FPR,FL,ASO,ES,Towers with Radar,0,33,43,0,76,0,94,56,0,150,0,127,99,0,226,304,0,304,530
08/09/2023,FPR,FL,ASO,ES,Towers with Radar,0,40,34,0,74,0,91,74,0,165,0,131,108,0,239,268,0,268,507
08/10/2023,FPR,FL,ASO,ES,Towers with Radar,0,29,27,0,56,0,46,51,0,97,0,75,78,0,153,232,0,232,385
08/11/2023,FPR,FL,ASO,ES,Towers with Radar,0,40,58,0,98,0,107,57,0,164,0,147,115,0,262,219,0,219,481
08/12/2023,FPR,FL,ASO,ES,Towers with Radar,0,21,32,0,53,0,49,62,0,111,0,70,94,0,164,185,0,185,349
08/13/2023,FPR,FL,ASO,ES,Towers with Radar,0,0,35,0,35,0,4,46,1,51,0,4,81,1,86,52,0,52,138
08/14/2023,FPR,FL,ASO,ES,Towers with Radar,0,23,45,0,68,0,52,46,0,98,0,75,91,0,166,207,0,207,373
08/15/2023,FPR,FL,ASO,ES,Towers with Radar,0,12,44,0,56,0,8,57,0,65,0,20,101,0,121,145,0,145,266
08/16/2023,FPR,FL,ASO,ES,Towers with Radar,0,50,37,0,87,0,79,62,0,141,0,129,99,0,228,284,0,284,512
08/17/2023,FPR,FL,ASO,ES,Towers with Radar,0,10,30,0,40,0,35,78,0,113,0,45,108,0,153,193,0,193,346
08/18/2023,FPR,FL,ASO,ES,Towers with Radar,0,5,54,0,59,0,13,72,0,85,0,18,126,0,144,202,0,202,346
08/19/2023,FPR,FL,ASO,ES,Towers with Radar,0,17,29,0,46,0,15,52,0,67,0,32,81,0,113,80,0,80,193
08/20/2023,FPR,FL,ASO,ES,Towers with Radar,0,3,29,0,32,0,5,30,0,35,0,8,59,0,67,26,0,26,93
08/21/2023,FPR,FL,ASO,ES,Towers with Radar,0,41,51,0,92,0,53,42,0,95,0,94,93,0,187,121,0,121,308
08/22/2023,FPR,FL,ASO,ES,Towers with Radar,0,54,46,0,100,0,67,79,0,146,0,121,125,0,246,228,0,228,474
08/23/2023,FPR,FL,ASO,ES,Towers with Radar,0,36,58,0,94,0,59,72,0,131,0,95,130,0,225,301,0,301,526
08/24/2023,FPR,FL,ASO,ES,Towers with Radar,0,65,52,0,117,0,61,63,0,124,0,126,115,0,241,171,0,171,412
08/25/2023,FPR,FL,ASO,ES,Towers with Radar,0,55,54,2,111,0,57,67,0,124,0,112,121,2,235,321,0,321,556
08/26/2023,FPR,FL,ASO,ES,Towers with Radar,0,34,37,0,71,0,53,58,0,111,0,87,95,0,182,202,0,202,384
08/27/2023,FPR,FL,ASO,ES,Towers with Radar,0,7,20,0,27,0,1,63,0,64,0,8,83,0,91,36,0,36,127
08/28/2023,FPR,FL,ASO,ES,Towers with Radar,0,23,29,0,52,0,34,54,0,88,0,57,83,0,140,183,0,183,323
08/29/2023,FPR,FL,ASO,ES,Towers with Radar,0,21,33,0,54,0,59,42,0,101,0,80,75,0,155,188,0,188,343
08/30/2023,FPR,FL,ASO,ES,Towers with Radar,0,0,2,0,2,0,2,5,0,7,0,2,7,0,9,0,0,0,9
08/31/2023,FPR,FL,ASO,ES,Towers with Radar,0,21,41,1,63,0,49,46,5,100,0,70,87,6,163,164,0,164,327
