01/01/2000,FSD,SD,AGL,CE,Towers with Radar,12,25,14,0,51,9,4,25,0,38,21,29,39,0,89,46,0,46,135
01/02/2000,FSD,SD,AGL,CE,Towers with Radar,20,31,25,0,76,0,0,33,0,33,20,31,58,0,109,30,0,30,139
01/03/2000,FSD,SD,AGL,CE,Towers with Radar,31,67,36,0,134,0,12,0,0,12,31,79,36,0,146,10,0,10,156
01/04/2000,FSD,SD,AGL,CE,Towers with Radar,36,87,51,9,183,0,6,45,6,57,36,93,96,15,240,42,28,70,310
01/05/2000,FSD,SD,AGL,CE,Towers with Radar,36,84,49,0,169,0,16,19,0,35,36,100,68,0,204,18,0,18,222
01/06/2000,FSD,SD,AGL,CE,Towers with Radar,38,90,52,7,187,0,2,30,0,32,38,92,82,7,219,4,0,4,223
01/07/2000,FSD,SD,AGL,CE,Towers with Radar,38,84,49,9,180,0,0,76,6,82,38,84,125,15,262,86,6,92,354
01/08/2000,FSD,SD,AGL,CE,Towers with Radar,22,47,27,5,101,13,7,67,2,89,35,54,94,7,190,78,0,78,268
01/09/2000,FSD,SD,AGL,CE,Towers with Radar,23,40,28,6,97,7,0,22,6,35,30,40,50,12,132,54,10,64,196
01/10/2000,FSD,SD,AGL,CE,Towers with Radar,31,71,41,5,148,0,16,12,0,28,31,87,53,5,176,10,0,10,186
01/11/2000,FSD,SD,AGL,CE,Towers with Radar,40,91,54,9,194,0,0,61,3,64,40,91,115,12,258,46,4,50,308
01/12/2000,FSD,SD,AGL,CE,Towers with Radar,36,98,57,8,199,0,25,32,0,57,36,123,89,8,256,48,0,48,304
01/13/2000,FSD,SD,AGL,CE,Towers with Radar,42,90,61,9,202,0,0,66,8,74,42,90,127,17,276,72,16,88,364
01/14/2000,FSD,SD,AGL,CE,Towers with Radar,38,75,45,3,161,0,17,45,0,62,38,92,90,3,223,48,0,48,271
01/15/2000,FSD,SD,AGL,CE,Towers with Radar,25,49,30,5,109,13,0,80,12,105,38,49,110,17,214,126,0,126,340
01/16/2000,FSD,SD,AGL,CE,Towers with Radar,18,35,22,1,76,7,8,6,0,21,25,43,28,1,97,18,0,18,115
01/17/2000,FSD,SD,AGL,CE,Towers with Radar,28,57,34,0,119,0,4,32,0,36,28,61,66,0,155,58,0,58,213
01/18/2000,FSD,SD,AGL,CE,Towers with Radar,41,86,52,4,183,0,20,68,0,88,41,106,120,4,271,126,0,126,397
01/19/2000,FSD,SD,AGL,CE,Towers with Radar,30,64,34,0,128,0,28,0,0,28,30,92,34,0,156,4,0,4,160
01/20/2000,FSD,SD,AGL,CE,Towers with Radar,45,92,55,2,194,0,0,92,0,92,45,92,147,2,286,70,0,70,356
01/21/2000,FSD,SD,AGL,CE,Towers with Radar,40,79,48,7,174,0,13,55,3,71,40,92,103,10,245,54,10,64,309
01/22/2000,FSD,SD,AGL,CE,Towers with Radar,22,41,27,1,91,10,0,56,0,66,32,41,83,1,157,96,0,96,253
01/23/2000,FSD,SD,AGL,CE,Towers with Radar,17,32,20,1,70,7,3,12,0,22,24,35,32,1,92,14,0,14,106
01/24/2000,FSD,SD,AGL,CE,Towers with Radar,28,68,41,2,139,0,8,31,0,39,28,76,72,2,178,60,0,60,238
01/25/2000,FSD,SD,AGL,CE,Towers with Radar,39,92,55,9,195,0,0,47,11,58,39,92,102,20,253,106,38,144,397
01/26/2000,FSD,SD,AGL,CE,Towers with Radar,43,92,55,9,199,0,7,33,10,50,43,99,88,19,249,52,22,74,323
01/27/2000,FSD,SD,AGL,CE,Towers with Radar,42,98,61,9,210,0,0,54,11,65,42,98,115,20,275,58,16,74,349
01/28/2000,FSD,SD,AGL,CE,Towers with Radar,45,86,54,8,193,2,0,31,9,42,47,86,85,17,235,48,14,62,297
01/29/2000,FSD,SD,AGL,CE,Towers with Radar,27,44,32,3,106,13,0,16,0,29,40,44,48,3,135,24,0,24,159
01/30/2000,FSD,SD,AGL,CE,Towers with Radar,18,35,16,0,69,6,6,0,0,12,24,41,16,0,81,20,0,20,101
01/31/2000,FSD,SD,AGL,CE,Towers with Radar,29,65,38,2,134,0,7,52,0,59,29,72,90,2,193,72,0,72,265
02/01/2000,FSD,SD,AGL,CE,Towers with Radar,44,94,56,13,207,0,5,0,3,8,44,99,56,16,215,4,0,4,219
02/02/2000,FSD,SD,AGL,CE,Towers with Radar,43,94,58,12,207,0,20,43,2,65,43,114,101,14,272,82,108,190,462
02/03/2000,FSD,SD,AGL,CE,Towers with Radar,44,90,55,9,198,2,10,13,0,25,46,100,68,9,223,8,16,24,247
02/04/2000,FSD,SD,AGL,CE,Towers with Radar,41,82,52,11,186,2,0,26,14,42,43,82,78,25,228,54,10,64,292
02/05/2000,FSD,SD,AGL,CE,Towers with Radar,28,53,35,7,123,0,0,95,15,110,28,53,130,22,233,86,28,114,347
02/06/2000,FSD,SD,AGL,CE,Towers with Radar,20,42,26,5,93,6,5,44,9,64,26,47,70,14,157,78,2,80,237
02/07/2000,FSD,SD,AGL,CE,Towers with Radar,30,74,46,10,160,0,18,56,3,77,30,92,102,13,237,72,6,78,315
02/08/2000,FSD,SD,AGL,CE,Towers with Radar,38,84,52,11,185,0,15,56,0,71,38,99,108,11,256,60,14,74,330
02/09/2000,FSD,SD,AGL,CE,Towers with Radar,43,89,55,8,195,0,4,5,0,9,43,93,60,8,204,6,0,6,210
02/10/2000,FSD,SD,AGL,CE,Towers with Radar,40,83,51,2,176,8,8,5,0,21,48,91,56,2,197,22,0,22,219
02/11/2000,FSD,SD,AGL,CE,Towers with Radar,36,74,45,1,156,3,6,53,0,62,39,80,98,1,218,28,0,28,246
02/12/2000,FSD,SD,AGL,CE,Towers with Radar,24,45,30,4,103,8,0,41,0,49,32,45,71,4,152,70,0,70,222
02/13/2000,FSD,SD,AGL,CE,Towers with Radar,19,37,23,1,80,8,4,30,0,42,27,41,53,1,122,54,0,54,176
02/14/2000,FSD,SD,AGL,CE,Towers with Radar,29,59,37,0,125,0,20,82,0,102,29,79,119,0,227,84,0,84,311
02/15/2000,FSD,SD,AGL,CE,Towers with Radar,44,110,69,14,237,0,21,40,4,65,44,131,109,18,302,64,0,64,366
02/16/2000,FSD,SD,AGL,CE,Towers with Radar,45,92,62,12,211,0,0,67,10,77,45,92,129,22,288,79,6,85,373
02/17/2000,FSD,SD,AGL,CE,Towers with Radar,46,91,58,6,201,0,1,10,0,11,46,92,68,6,212,40,0,40,252
02/18/2000,FSD,SD,AGL,CE,Towers with Radar,40,95,67,14,216,0,0,40,11,51,40,95,107,25,267,60,6,66,333
02/19/2000,FSD,SD,AGL,CE,Towers with Radar,23,45,29,3,100,7,11,86,0,104,30,56,115,3,204,86,0,86,290
02/20/2000,FSD,SD,AGL,CE,Towers with Radar,20,38,25,0,83,8,14,50,0,72,28,52,75,0,155,88,0,88,243
02/21/2000,FSD,SD,AGL,CE,Towers with Radar,28,59,38,0,125,0,5,80,0,85,28,64,118,0,210,130,0,130,340
02/22/2000,FSD,SD,AGL,CE,Towers with Radar,42,85,54,11,192,3,10,11,20,44,45,95,65,31,236,142,6,148,384
02/23/2000,FSD,SD,AGL,CE,Towers with Radar,38,89,43,12,182,0,0,0,1,1,38,89,43,13,183,14,0,14,197
02/24/2000,FSD,SD,AGL,CE,Towers with Radar,45,95,65,14,219,0,0,0,17,17,45,95,65,31,236,6,4,10,246
02/25/2000,FSD,SD,AGL,CE,Towers with Radar,38,77,43,10,168,0,12,0,3,15,38,89,43,13,183,12,0,12,195
02/26/2000,FSD,SD,AGL,CE,Towers with Radar,21,42,16,0,79,7,10,0,0,17,28,52,16,0,96,0,0,0,96
02/27/2000,FSD,SD,AGL,CE,Towers with Radar,22,43,28,1,94,4,0,93,0,97,26,43,121,1,191,100,0,100,291
02/28/2000,FSD,SD,AGL,CE,Towers with Radar,30,61,39,0,130,0,14,16,0,30,30,75,55,0,160,10,0,10,170
02/29/2000,FSD,SD,AGL,CE,Towers with Radar,38,84,54,11,187,0,10,57,6,73,38,94,111,17,260,90,8,98,358
03/01/2000,FSD,SD,AGL,CE,Towers with Radar,41,100,69,17,227,0,12,87,7,106,41,112,156,24,333,154,32,186,519
03/02/2000,FSD,SD,AGL,CE,Towers with Radar,43,91,63,15,212,1,9,66,1,77,44,100,129,16,289,82,26,108,397
03/03/2000,FSD,SD,AGL,CE,Towers with Radar,41,87,61,15,204,3,11,57,2,73,44,98,118,17,277,128,0,128,405
03/04/2000,FSD,SD,AGL,CE,Towers with Radar,28,58,42,10,138,4,0,118,0,122,32,58,160,10,260,104,0,104,364
03/05/2000,FSD,SD,AGL,CE,Towers with Radar,22,46,33,8,109,4,0,77,0,81,26,46,110,8,190,132,2,134,324
03/06/2000,FSD,SD,AGL,CE,Towers with Radar,28,63,43,9,143,0,21,32,0,53,28,84,75,9,196,38,12,50,246
03/07/2000,FSD,SD,AGL,CE,Towers with Radar,39,91,63,15,208,0,6,56,4,66,39,97,119,19,274,38,12,50,324
03/08/2000,FSD,SD,AGL,CE,Towers with Radar,36,70,54,13,173,5,0,24,6,35,41,70,78,19,208,62,0,62,270
03/09/2000,FSD,SD,AGL,CE,Towers with Radar,41,92,60,16,209,0,7,0,8,15,41,99,60,24,224,26,0,26,250
03/10/2000,FSD,SD,AGL,CE,Towers with Radar,39,84,58,11,192,3,4,49,0,56,42,88,107,11,248,54,8,62,310
03/11/2000,FSD,SD,AGL,CE,Towers with Radar,22,47,32,7,108,12,0,73,0,85,34,47,105,7,193,130,12,142,335
03/12/2000,FSD,SD,AGL,CE,Towers with Radar,16,37,21,0,74,9,3,0,0,12,25,40,21,0,86,0,0,0,86
03/13/2000,FSD,SD,AGL,CE,Towers with Radar,28,65,46,0,139,0,0,66,0,66,28,65,112,0,205,94,0,94,299
03/14/2000,FSD,SD,AGL,CE,Towers with Radar,38,88,66,15,207,0,0,77,0,77,38,88,143,15,284,120,6,126,410
03/15/2000,FSD,SD,AGL,CE,Towers with Radar,40,86,66,14,206,0,0,15,5,20,40,86,81,19,226,6,6,12,238
03/16/2000,FSD,SD,AGL,CE,Towers with Radar,42,87,62,14,205,0,3,79,10,92,42,90,141,24,297,96,10,106,403
03/17/2000,FSD,SD,AGL,CE,Towers with Radar,38,78,56,14,186,4,3,37,12,56,42,81,93,26,242,90,8,98,340
03/18/2000,FSD,SD,AGL,CE,Towers with Radar,23,43,34,7,107,11,0,10,0,21,34,43,44,7,128,6,0,6,134
03/19/2000,FSD,SD,AGL,CE,Towers with Radar,21,43,26,2,92,3,0,0,0,3,24,43,26,2,95,2,0,2,97
03/20/2000,FSD,SD,AGL,CE,Towers with Radar,28,60,43,6,137,0,6,3,0,9,28,66,46,6,146,0,0,0,146
03/21/2000,FSD,SD,AGL,CE,Towers with Radar,38,103,76,19,236,0,0,48,14,62,38,103,124,33,298,68,28,96,394
03/22/2000,FSD,SD,AGL,CE,Towers with Radar,40,91,67,16,214,0,0,30,6,36,40,91,97,22,250,32,2,34,284
03/23/2000,FSD,SD,AGL,CE,Towers with Radar,44,91,69,14,218,0,0,17,0,17,44,91,86,14,235,14,0,14,249
03/24/2000,FSD,SD,AGL,CE,Towers with Radar,38,79,57,12,186,0,1,21,0,22,38,80,78,12,208,70,0,70,278
03/25/2000,FSD,SD,AGL,CE,Towers with Radar,21,43,31,2,97,11,1,78,0,90,32,44,109,2,187,128,0,128,315
03/26/2000,FSD,SD,AGL,CE,Towers with Radar,21,40,31,2,94,5,0,27,0,32,26,40,58,2,126,38,0,38,164
03/27/2000,FSD,SD,AGL,CE,Towers with Radar,29,61,43,0,133,1,12,19,0,32,30,73,62,0,165,20,0,20,185
03/28/2000,FSD,SD,AGL,CE,Towers with Radar,40,93,66,12,211,0,1,108,0,109,40,94,174,12,320,160,16,176,496
03/29/2000,FSD,SD,AGL,CE,Towers with Radar,40,103,74,17,234,0,0,103,0,103,40,103,177,17,337,108,8,116,453
03/30/2000,FSD,SD,AGL,CE,Towers with Radar,41,98,70,17,226,0,0,88,0,88,41,98,158,17,314,76,8,84,398
03/31/2000,FSD,SD,AGL,CE,Towers with Radar,41,86,60,14,201,0,3,45,0,48,41,89,105,14,249,42,6,48,297
04/01/2000,FSD,SD,AGL,CE,Towers with Radar,21,39,28,0,88,14,0,69,0,83,35,39,97,0,171,150,0,150,321
04/02/2000,FSD,SD,AGL,CE,Towers with Radar,19,33,25,1,78,7,0,20,0,27,26,33,45,1,105,42,0,42,147
04/03/2000,FSD,SD,AGL,CE,Towers with Radar,30,73,50,9,162,0,2,20,6,28,30,75,70,15,190,14,0,14,204
04/04/2000,FSD,SD,AGL,CE,Towers with Radar,43,93,63,12,211,0,1,71,10,82,43,94,134,22,293,128,10,138,431
04/05/2000,FSD,SD,AGL,CE,Towers with Radar,48,96,65,5,214,13,2,26,0,41,61,98,91,5,255,26,0,26,281
04/06/2000,FSD,SD,AGL,CE,Towers with Radar,41,89,61,11,202,0,13,51,4,68,41,102,112,15,270,106,4,110,380
04/07/2000,FSD,SD,AGL,CE,Towers with Radar,34,70,47,2,153,1,20,0,0,21,35,90,47,2,174,0,0,0,174
04/08/2000,FSD,SD,AGL,CE,Towers with Radar,23,47,32,5,107,13,12,70,0,95,36,59,102,5,202,124,0,124,326
04/09/2000,FSD,SD,AGL,CE,Towers with Radar,20,32,28,3,83,5,0,82,0,87,25,32,110,3,170,112,0,112,282
04/10/2000,FSD,SD,AGL,CE,Towers with Radar,32,81,55,11,179,0,0,24,21,45,32,81,79,32,224,70,18,88,312
04/11/2000,FSD,SD,AGL,CE,Towers with Radar,38,91,62,12,203,0,2,58,11,71,38,93,120,23,274,102,12,114,388
04/12/2000,FSD,SD,AGL,CE,Towers with Radar,43,92,62,12,209,0,16,14,7,37,43,108,76,19,246,28,10,38,284
04/13/2000,FSD,SD,AGL,CE,Towers with Radar,40,92,63,10,205,0,1,83,0,84,40,93,146,10,289,84,4,88,377
04/14/2000,FSD,SD,AGL,CE,Towers with Radar,37,77,54,0,168,0,5,28,0,33,37,82,82,0,201,64,0,64,265
04/15/2000,FSD,SD,AGL,CE,Towers with Radar,20,39,19,0,78,16,3,0,0,19,36,42,19,0,97,0,0,0,97
04/16/2000,FSD,SD,AGL,CE,Towers with Radar,17,32,11,0,60,8,9,0,0,17,25,41,11,0,77,0,0,0,77
04/17/2000,FSD,SD,AGL,CE,Towers with Radar,32,71,60,12,175,0,0,33,10,43,32,71,93,22,218,58,16,74,292
04/18/2000,FSD,SD,AGL,CE,Towers with Radar,41,99,72,14,226,0,0,42,8,50,41,99,114,22,276,30,16,46,322
04/19/2000,FSD,SD,AGL,CE,Towers with Radar,41,77,55,10,183,3,0,3,2,8,44,77,58,12,191,18,0,18,209
04/20/2000,FSD,SD,AGL,CE,Towers with Radar,44,92,64,11,211,0,5,44,0,49,44,97,108,11,260,38,4,42,302
04/21/2000,FSD,SD,AGL,CE,Towers with Radar,36,69,49,0,154,1,10,72,0,83,37,79,121,0,237,136,0,136,373
04/22/2000,FSD,SD,AGL,CE,Towers with Radar,24,45,32,4,105,13,14,87,0,114,37,59,119,4,219,180,4,184,403
04/23/2000,FSD,SD,AGL,CE,Towers with Radar,16,31,22,0,69,8,12,29,0,49,24,43,51,0,118,42,0,42,160
04/24/2000,FSD,SD,AGL,CE,Towers with Radar,29,67,47,0,143,0,8,60,0,68,29,75,107,0,211,50,0,50,261
04/25/2000,FSD,SD,AGL,CE,Towers with Radar,39,87,61,12,199,0,7,71,0,78,39,94,132,12,277,96,22,118,395
04/26/2000,FSD,SD,AGL,CE,Towers with Radar,40,105,73,15,233,0,2,53,4,59,40,107,126,19,292,42,0,42,334
04/27/2000,FSD,SD,AGL,CE,Towers with Radar,41,92,69,12,214,0,0,37,0,37,41,92,106,12,251,28,0,28,279
04/28/2000,FSD,SD,AGL,CE,Towers with Radar,29,87,59,12,187,0,8,80,12,100,29,95,139,24,287,170,30,200,487
04/29/2000,FSD,SD,AGL,CE,Towers with Radar,27,47,36,0,110,7,0,83,0,90,34,47,119,0,200,156,0,156,356
04/30/2000,FSD,SD,AGL,CE,Towers with Radar,21,34,27,0,82,5,0,33,0,38,26,34,60,0,120,48,0,48,168
05/01/2000,FSD,SD,AGL,CE,Towers with Radar,29,62,46,1,138,2,15,55,0,72,31,77,101,1,210,24,0,24,234
05/02/2000,FSD,SD,AGL,CE,Towers with Radar,41,90,67,13,211,0,10,73,2,85,41,100,140,15,296,72,26,98,394
05/03/2000,FSD,SD,AGL,CE,Towers with Radar,41,96,72,13,222,0,3,50,20,73,41,99,122,33,295,66,34,100,395
05/04/2000,FSD,SD,AGL,CE,Towers with Radar,38,96,72,13,219,0,5,83,3,91,38,101,155,16,310,82,2,84,394
05/05/2000,FSD,SD,AGL,CE,Towers with Radar,34,75,56,10,175,4,16,22,11,53,38,91,78,21,228,26,10,36,264
05/06/2000,FSD,SD,AGL,CE,Towers with Radar,26,58,43,8,135,10,6,48,12,76,36,64,91,20,211,36,12,48,259
05/07/2000,FSD,SD,AGL,CE,Towers with Radar,14,25,23,4,66,11,0,18,0,29,25,25,41,4,95,48,0,48,143
05/08/2000,FSD,SD,AGL,CE,Towers with Radar,29,71,56,4,160,0,0,36,0,36,29,71,92,4,196,48,0,48,244
05/09/2000,FSD,SD,AGL,CE,Towers with Radar,38,82,61,11,192,5,4,54,2,65,43,86,115,13,257,58,8,66,323
05/10/2000,FSD,SD,AGL,CE,Towers with Radar,41,96,72,5,214,0,15,56,0,71,41,111,128,5,285,20,12,32,317
05/11/2000,FSD,SD,AGL,CE,Towers with Radar,40,91,68,10,209,0,7,44,0,51,40,98,112,10,260,18,8,26,286
05/12/2000,FSD,SD,AGL,CE,Towers with Radar,36,85,64,8,193,0,4,50,0,54,36,89,114,8,247,10,8,18,265
05/13/2000,FSD,SD,AGL,CE,Towers with Radar,19,42,31,2,94,13,9,4,0,26,32,51,35,2,120,26,0,26,146
05/14/2000,FSD,SD,AGL,CE,Towers with Radar,17,36,27,1,81,11,2,52,0,65,28,38,79,1,146,102,0,102,248
05/15/2000,FSD,SD,AGL,CE,Towers with Radar,30,69,52,0,151,0,3,69,0,72,30,72,121,0,223,30,0,30,253
05/16/2000,FSD,SD,AGL,CE,Towers with Radar,43,101,76,12,232,0,0,65,0,65,43,101,141,12,297,90,20,110,407
05/17/2000,FSD,SD,AGL,CE,Towers with Radar,39,81,65,12,197,0,0,1,6,7,39,81,66,18,204,16,0,16,220
05/18/2000,FSD,SD,AGL,CE,Towers with Radar,37,78,60,7,182,1,12,13,0,26,38,90,73,7,208,14,10,24,232
05/19/2000,FSD,SD,AGL,CE,Towers with Radar,40,83,64,10,197,0,10,72,7,89,40,93,136,17,286,138,22,160,446
05/20/2000,FSD,SD,AGL,CE,Towers with Radar,21,44,34,2,101,14,2,65,0,81,35,46,99,2,182,64,0,64,246
05/21/2000,FSD,SD,AGL,CE,Towers with Radar,21,33,34,6,94,7,0,52,0,59,28,33,86,6,153,60,0,60,213
05/22/2000,FSD,SD,AGL,CE,Towers with Radar,27,63,49,4,143,0,5,64,0,69,27,68,113,4,212,32,8,40,252
05/23/2000,FSD,SD,AGL,CE,Towers with Radar,42,92,71,10,215,0,1,72,0,73,42,93,143,10,288,80,0,80,368
05/24/2000,FSD,SD,AGL,CE,Towers with Radar,41,89,68,8,206,0,15,35,0,50,41,104,103,8,256,44,20,64,320
05/25/2000,FSD,SD,AGL,CE,Towers with Radar,42,93,82,10,227,0,0,61,0,61,42,93,143,10,288,90,30,120,408
05/26/2000,FSD,SD,AGL,CE,Towers with Radar,38,100,82,14,234,0,0,33,16,49,38,100,115,30,283,66,16,82,365
05/27/2000,FSD,SD,AGL,CE,Towers with Radar,29,63,61,5,158,0,0,56,0,56,29,63,117,5,214,40,0,40,254
05/28/2000,FSD,SD,AGL,CE,Towers with Radar,16,34,26,2,78,5,0,37,0,42,21,34,63,2,120,41,48,89,209
05/29/2000,FSD,SD,AGL,CE,Towers with Radar,21,30,33,0,84,1,0,72,0,73,22,30,105,0,157,57,34,91,248
05/30/2000,FSD,SD,AGL,CE,Towers with Radar,30,89,68,4,191,0,1,31,0,32,30,90,99,4,223,30,36,66,289
05/31/2000,FSD,SD,AGL,CE,Towers with Radar,39,89,67,11,206,0,1,20,8,29,39,90,87,19,235,112,12,124,359
06/01/2000,FSD,SD,AGL,CE,Towers with Radar,40,98,69,15,222,0,0,35,23,58,40,98,104,38,280,78,22,100,380
06/02/2000,FSD,SD,AGL,CE,Towers with Radar,42,87,68,15,212,0,0,107,1,108,42,87,175,16,320,142,26,168,488
06/03/2000,FSD,SD,AGL,CE,Towers with Radar,26,52,37,8,123,9,0,57,1,67,35,52,94,9,190,54,4,58,248
06/04/2000,FSD,SD,AGL,CE,Towers with Radar,21,43,30,0,94,6,5,17,0,28,27,48,47,0,122,8,0,8,130
06/05/2000,FSD,SD,AGL,CE,Towers with Radar,28,72,58,13,171,0,0,128,2,130,28,72,186,15,301,124,0,124,425
06/06/2000,FSD,SD,AGL,CE,Towers with Radar,41,90,63,7,201,0,8,93,0,101,41,98,156,7,302,82,12,94,396
06/07/2000,FSD,SD,AGL,CE,Towers with Radar,42,86,60,14,202,1,4,50,2,57,43,90,110,16,259,34,22,56,315
06/08/2000,FSD,SD,AGL,CE,Towers with Radar,40,94,68,15,217,0,0,47,27,74,40,94,115,42,291,20,22,42,333
06/09/2000,FSD,SD,AGL,CE,Towers with Radar,37,76,53,11,177,2,9,27,0,38,39,85,80,11,215,14,24,38,253
06/10/2000,FSD,SD,AGL,CE,Towers with Radar,21,43,30,7,101,15,7,28,0,50,36,50,58,7,151,58,10,68,219
06/11/2000,FSD,SD,AGL,CE,Towers with Radar,16,31,23,3,73,13,0,36,0,49,29,31,59,3,122,12,4,16,138
06/12/2000,FSD,SD,AGL,CE,Towers with Radar,28,77,55,12,172,0,4,74,1,79,28,81,129,13,251,52,8,60,311
06/13/2000,FSD,SD,AGL,CE,Towers with Radar,40,83,59,12,194,4,0,12,7,23,44,83,71,19,217,28,32,60,277
06/14/2000,FSD,SD,AGL,CE,Towers with Radar,40,93,67,4,204,0,11,26,0,37,40,104,93,4,241,22,2,24,265
06/15/2000,FSD,SD,AGL,CE,Towers with Radar,41,87,68,11,207,0,0,68,0,68,41,87,136,11,275,64,0,64,339
06/16/2000,FSD,SD,AGL,CE,Towers with Radar,43,86,62,13,204,1,1,49,1,52,44,87,111,14,256,60,8,68,324
06/17/2000,FSD,SD,AGL,CE,Towers with Radar,27,53,38,9,127,7,8,71,0,86,34,61,109,9,213,26,0,26,239
06/18/2000,FSD,SD,AGL,CE,Towers with Radar,19,30,26,6,81,8,0,53,0,61,27,30,79,6,142,20,0,20,162
06/19/2000,FSD,SD,AGL,CE,Towers with Radar,28,63,45,7,143,0,8,19,0,27,28,71,64,7,170,12,4,16,186
06/20/2000,FSD,SD,AGL,CE,Towers with Radar,37,82,59,14,192,0,18,26,0,44,37,100,85,14,236,48,2,50,286
06/21/2000,FSD,SD,AGL,CE,Towers with Radar,41,81,58,13,193,2,16,18,1,37,43,97,76,14,230,10,6,16,246
06/22/2000,FSD,SD,AGL,CE,Towers with Radar,41,80,58,13,192,0,14,95,2,111,41,94,153,15,303,60,6,66,369
06/23/2000,FSD,SD,AGL,CE,Towers with Radar,42,82,59,13,196,1,8,70,7,86,43,90,129,20,282,82,30,112,394
06/24/2000,FSD,SD,AGL,CE,Towers with Radar,31,51,44,10,136,7,0,40,9,56,38,51,84,19,192,54,4,58,250
06/25/2000,FSD,SD,AGL,CE,Towers with Radar,16,31,23,3,73,10,0,3,0,13,26,31,26,3,86,8,0,8,94
06/26/2000,FSD,SD,AGL,CE,Towers with Radar,31,76,55,0,162,0,5,89,0,94,31,81,144,0,256,48,0,48,304
06/27/2000,FSD,SD,AGL,CE,Towers with Radar,41,87,68,12,208,0,0,92,0,92,41,87,160,12,300,108,16,124,424
06/28/2000,FSD,SD,AGL,CE,Towers with Radar,43,86,62,14,205,0,2,52,11,65,43,88,114,25,270,92,44,136,406
06/29/2000,FSD,SD,AGL,CE,Towers with Radar,40,90,63,9,202,0,3,104,0,107,40,93,167,9,309,112,4,116,425
06/30/2000,FSD,SD,AGL,CE,Towers with Radar,40,81,56,5,182,3,15,93,0,111,43,96,149,5,293,124,0,124,417
07/01/2000,FSD,SD,AGL,CE,Towers with Radar,26,54,39,8,127,10,10,48,3,71,36,64,87,11,198,76,0,76,274
07/02/2000,FSD,SD,AGL,CE,Towers with Radar,15,31,23,5,74,8,0,32,0,40,23,31,55,5,114,42,0,42,156
07/03/2000,FSD,SD,AGL,CE,Towers with Radar,27,64,47,4,142,0,7,30,0,37,27,71,77,4,179,78,0,78,257
07/04/2000,FSD,SD,AGL,CE,Towers with Radar,17,35,25,0,77,9,4,34,0,47,26,39,59,0,124,46,0,46,170
07/05/2000,FSD,SD,AGL,CE,Towers with Radar,36,86,63,12,197,0,1,43,3,47,36,87,106,15,244,30,14,44,288
07/06/2000,FSD,SD,AGL,CE,Towers with Radar,41,86,63,10,200,0,13,62,0,75,41,99,125,10,275,72,0,72,347
07/07/2000,FSD,SD,AGL,CE,Towers with Radar,42,87,64,13,206,2,19,142,32,195,44,106,206,45,401,30,2,32,433
07/08/2000,FSD,SD,AGL,CE,Towers with Radar,22,45,33,6,106,10,9,19,0,38,32,54,52,6,144,0,4,4,148
07/09/2000,FSD,SD,AGL,CE,Towers with Radar,17,32,28,0,77,9,0,22,0,31,26,32,50,0,108,26,0,26,134
07/10/2000,FSD,SD,AGL,CE,Towers with Radar,29,70,52,10,161,0,6,81,2,89,29,76,133,12,250,32,8,40,290
07/11/2000,FSD,SD,AGL,CE,Towers with Radar,41,93,69,11,214,0,0,60,0,60,41,93,129,11,274,98,10,108,382
07/12/2000,FSD,SD,AGL,CE,Towers with Radar,38,79,58,3,178,2,14,72,0,88,40,93,130,3,266,96,0,96,362
07/13/2000,FSD,SD,AGL,CE,Towers with Radar,39,94,69,12,214,0,16,61,6,83,39,110,130,18,297,78,10,88,385
07/14/2000,FSD,SD,AGL,CE,Towers with Radar,37,81,61,7,186,0,12,100,0,112,37,93,161,7,298,128,6,134,432
07/15/2000,FSD,SD,AGL,CE,Towers with Radar,25,50,38,1,114,10,1,46,0,57,35,51,84,1,171,106,0,106,277
07/16/2000,FSD,SD,AGL,CE,Towers with Radar,20,30,29,5,84,6,0,24,12,42,26,30,53,17,126,38,4,42,168
07/17/2000,FSD,SD,AGL,CE,Towers with Radar,29,70,53,2,154,0,0,82,0,82,29,70,135,2,236,72,0,72,308
07/18/2000,FSD,SD,AGL,CE,Towers with Radar,42,99,75,8,224,0,1,36,0,37,42,100,111,8,261,28,0,28,289
07/19/2000,FSD,SD,AGL,CE,Towers with Radar,39,90,72,13,214,0,0,59,0,59,39,90,131,13,273,28,0,28,301
07/20/2000,FSD,SD,AGL,CE,Towers with Radar,37,92,69,12,210,0,5,76,11,92,37,97,145,23,302,88,4,92,394
07/21/2000,FSD,SD,AGL,CE,Towers with Radar,40,79,60,10,189,1,18,46,22,87,41,97,106,32,276,124,50,174,450
07/22/2000,FSD,SD,AGL,CE,Towers with Radar,25,48,37,6,116,10,1,68,4,83,35,49,105,10,199,50,0,50,249
07/23/2000,FSD,SD,AGL,CE,Towers with Radar,17,27,26,3,73,9,0,48,0,57,26,27,74,3,130,36,0,36,166
07/24/2000,FSD,SD,AGL,CE,Towers with Radar,31,67,51,0,149,0,6,41,0,47,31,73,92,0,196,28,0,28,224
07/25/2000,FSD,SD,AGL,CE,Towers with Radar,46,95,73,13,227,0,0,70,10,80,46,95,143,23,307,78,32,110,417
07/26/2000,FSD,SD,AGL,CE,Towers with Radar,40,94,71,12,217,0,2,90,12,104,40,96,161,24,321,38,38,76,397
07/27/2000,FSD,SD,AGL,CE,Towers with Radar,37,99,75,14,225,0,2,83,15,100,37,101,158,29,325,62,34,96,421
07/28/2000,FSD,SD,AGL,CE,Towers with Radar,40,79,72,13,204,0,0,117,17,134,40,79,189,30,338,46,30,76,414
07/29/2000,FSD,SD,AGL,CE,Towers with Radar,32,55,46,8,141,8,0,100,0,108,40,55,146,8,249,10,0,10,259
07/30/2000,FSD,SD,AGL,CE,Towers with Radar,22,22,34,4,82,6,0,81,0,87,28,22,115,4,169,40,0,40,209
07/31/2000,FSD,SD,AGL,CE,Towers with Radar,27,66,49,2,144,0,31,66,0,97,27,97,115,2,241,44,10,54,295
08/01/2000,FSD,SD,AGL,CE,Towers with Radar,37,80,60,13,190,0,17,43,3,63,37,97,103,16,253,46,46,92,345
08/02/2000,FSD,SD,AGL,CE,Towers with Radar,39,87,67,15,208,0,0,90,2,92,39,87,157,17,300,66,18,84,384
08/03/2000,FSD,SD,AGL,CE,Towers with Radar,38,86,64,12,200,0,3,83,0,86,38,89,147,12,286,62,12,74,360
08/04/2000,FSD,SD,AGL,CE,Towers with Radar,38,85,67,16,206,0,0,50,5,55,38,85,117,21,261,14,28,42,303
08/05/2000,FSD,SD,AGL,CE,Towers with Radar,19,41,30,6,96,17,3,42,0,62,36,44,72,6,158,20,26,46,204
08/06/2000,FSD,SD,AGL,CE,Towers with Radar,21,39,34,8,102,6,0,39,9,54,27,39,73,17,156,2,10,12,168
08/07/2000,FSD,SD,AGL,CE,Towers with Radar,29,65,48,9,151,0,0,66,0,66,29,65,114,9,217,22,16,38,255
08/08/2000,FSD,SD,AGL,CE,Towers with Radar,40,90,67,15,212,0,13,48,2,63,40,103,115,17,275,74,6,80,355
08/09/2000,FSD,SD,AGL,CE,Towers with Radar,39,83,61,14,197,0,19,65,2,86,39,102,126,16,283,74,2,76,359
08/10/2000,FSD,SD,AGL,CE,Towers with Radar,39,91,68,15,213,0,19,61,9,89,39,110,129,24,302,38,8,46,348
08/11/2000,FSD,SD,AGL,CE,Towers with Radar,36,77,57,2,172,2,12,66,0,80,38,89,123,2,252,26,0,26,278
08/12/2000,FSD,SD,AGL,CE,Towers with Radar,20,44,32,6,102,15,4,31,0,50,35,48,63,6,152,8,0,8,160
08/13/2000,FSD,SD,AGL,CE,Towers with Radar,17,27,25,5,74,9,0,30,0,39,26,27,55,5,113,12,0,12,125
08/14/2000,FSD,SD,AGL,CE,Towers with Radar,28,78,58,13,177,0,11,66,3,80,28,89,124,16,257,20,8,28,285
08/15/2000,FSD,SD,AGL,CE,Towers with Radar,39,81,61,14,195,0,6,58,3,67,39,87,119,17,262,22,32,54,316
08/16/2000,FSD,SD,AGL,CE,Towers with Radar,39,82,63,14,198,0,8,23,1,32,39,90,86,15,230,0,4,4,234
08/17/2000,FSD,SD,AGL,CE,Towers with Radar,40,96,73,17,226,0,6,55,2,63,40,102,128,19,289,44,30,74,363
08/18/2000,FSD,SD,AGL,CE,Towers with Radar,35,73,56,11,175,4,11,73,0,88,39,84,129,11,263,108,0,108,371
08/19/2000,FSD,SD,AGL,CE,Towers with Radar,29,51,46,10,136,8,0,13,10,31,37,51,59,20,167,12,0,12,179
08/20/2000,FSD,SD,AGL,CE,Towers with Radar,23,34,36,3,96,4,0,14,0,18,27,34,50,3,114,0,0,0,114
08/21/2000,FSD,SD,AGL,CE,Towers with Radar,29,70,54,2,155,0,12,32,0,44,29,82,86,2,199,16,0,16,215
08/22/2000,FSD,SD,AGL,CE,Towers with Radar,39,82,63,8,192,0,16,34,0,50,39,98,97,8,242,40,0,40,282
08/23/2000,FSD,SD,AGL,CE,Towers with Radar,37,92,71,8,208,0,0,62,0,62,37,92,133,8,270,26,22,48,318
08/24/2000,FSD,SD,AGL,CE,Towers with Radar,41,98,75,18,232,0,0,59,19,78,41,98,134,37,310,62,34,96,406
08/25/2000,FSD,SD,AGL,CE,Towers with Radar,39,100,76,18,233,0,0,21,16,37,39,100,97,34,270,40,28,68,338
08/26/2000,FSD,SD,AGL,CE,Towers with Radar,28,57,44,4,133,11,1,60,0,72,39,58,104,4,205,20,0,20,225
08/27/2000,FSD,SD,AGL,CE,Towers with Radar,20,34,32,2,88,8,0,36,0,44,28,34,68,2,132,4,0,4,136
08/28/2000,FSD,SD,AGL,CE,Towers with Radar,32,82,64,4,182,0,0,48,0,48,32,82,112,4,230,36,0,36,266
08/29/2000,FSD,SD,AGL,CE,Towers with Radar,38,84,62,13,197,0,3,89,0,92,38,87,151,13,289,68,0,68,357
08/30/2000,FSD,SD,AGL,CE,Towers with Radar,40,92,69,16,217,0,1,21,5,27,40,93,90,21,244,26,16,42,286
08/31/2000,FSD,SD,AGL,CE,Towers with Radar,42,94,78,19,233,0,0,37,9,46,42,94,115,28,279,34,42,76,355
09/01/2000,FSD,SD,AGL,CE,Towers with Radar,39,88,74,18,219,0,0,25,0,25,39,88,99,18,244,20,6,26,270
09/02/2000,FSD,SD,AGL,CE,Towers with Radar,24,51,38,0,113,9,7,15,0,31,33,58,53,0,144,24,0,24,168
09/03/2000,FSD,SD,AGL,CE,Towers with Radar,16,32,25,2,75,5,0,23,0,28,21,32,48,2,103,14,0,14,117
09/04/2000,FSD,SD,AGL,CE,Towers with Radar,19,34,31,0,84,1,0,15,0,16,20,34,46,0,100,18,0,18,118
09/05/2000,FSD,SD,AGL,CE,Towers with Radar,29,64,49,0,142,0,18,54,0,72,29,82,103,0,214,30,0,30,244
09/06/2000,FSD,SD,AGL,CE,Towers with Radar,41,84,64,18,207,0,13,32,2,47,41,97,96,20,254,34,58,92,346
09/07/2000,FSD,SD,AGL,CE,Towers with Radar,39,94,76,22,231,0,0,70,22,92,39,94,146,44,323,84,74,158,481
09/08/2000,FSD,SD,AGL,CE,Towers with Radar,41,86,66,19,212,0,0,54,16,70,41,86,120,35,282,74,90,164,446
09/09/2000,FSD,SD,AGL,CE,Towers with Radar,25,52,39,11,127,9,2,46,0,57,34,54,85,11,184,50,14,64,248
09/10/2000,FSD,SD,AGL,CE,Towers with Radar,16,31,26,4,77,9,0,35,0,44,25,31,61,4,121,50,0,50,171
09/11/2000,FSD,SD,AGL,CE,Towers with Radar,30,70,60,17,177,0,0,30,23,53,30,70,90,40,230,44,34,78,308
09/12/2000,FSD,SD,AGL,CE,Towers with Radar,42,89,68,20,219,0,8,84,5,97,42,97,152,25,316,110,30,140,456
09/13/2000,FSD,SD,AGL,CE,Towers with Radar,44,97,80,23,244,0,0,102,16,118,44,97,182,39,362,156,68,224,586
09/14/2000,FSD,SD,AGL,CE,Towers with Radar,43,97,74,21,235,0,9,82,4,95,43,106,156,25,330,76,12,88,418
09/15/2000,FSD,SD,AGL,CE,Towers with Radar,36,71,56,3,166,8,20,88,0,116,44,91,144,3,282,156,0,156,438
09/16/2000,FSD,SD,AGL,CE,Towers with Radar,23,45,36,2,106,11,7,93,0,111,34,52,129,2,217,16,0,16,233
09/17/2000,FSD,SD,AGL,CE,Towers with Radar,17,34,27,4,82,8,0,54,0,62,25,34,81,4,144,20,0,20,164
09/18/2000,FSD,SD,AGL,CE,Towers with Radar,26,60,48,0,134,0,16,61,0,77,26,76,109,0,211,90,0,90,301
09/19/2000,FSD,SD,AGL,CE,Towers with Radar,42,97,76,21,236,0,3,37,0,40,42,100,113,21,276,20,18,38,314
09/20/2000,FSD,SD,AGL,CE,Towers with Radar,43,85,67,10,205,0,11,22,0,33,43,96,89,10,238,18,0,18,256
09/21/2000,FSD,SD,AGL,CE,Towers with Radar,44,87,69,19,219,0,9,70,1,80,44,96,139,20,299,56,10,66,365
09/22/2000,FSD,SD,AGL,CE,Towers with Radar,43,92,96,27,258,0,0,8,43,51,43,92,104,70,309,22,36,58,367
09/23/2000,FSD,SD,AGL,CE,Towers with Radar,30,55,46,13,144,6,0,9,0,15,36,55,55,13,159,50,0,50,209
09/24/2000,FSD,SD,AGL,CE,Towers with Radar,19,33,30,4,86,7,0,57,0,64,26,33,87,4,150,40,4,44,194
09/25/2000,FSD,SD,AGL,CE,Towers with Radar,29,67,53,10,159,0,2,64,0,66,29,69,117,10,225,62,16,78,303
09/26/2000,FSD,SD,AGL,CE,Towers with Radar,41,85,67,19,212,0,13,62,2,77,41,98,129,21,289,66,46,112,401
09/27/2000,FSD,SD,AGL,CE,Towers with Radar,39,87,68,19,213,0,5,88,10,103,39,92,156,29,316,88,64,152,468
09/28/2000,FSD,SD,AGL,CE,Towers with Radar,40,83,65,2,190,0,6,100,0,106,40,89,165,2,296,64,0,64,360
09/29/2000,FSD,SD,AGL,CE,Towers with Radar,38,75,59,14,186,3,8,81,0,92,41,83,140,14,278,84,8,92,370
09/30/2000,FSD,SD,AGL,CE,Towers with Radar,23,45,36,2,106,9,14,64,0,87,32,59,100,2,193,114,8,122,315
10/01/2000,FSD,SD,AGL,CE,Towers with Radar,18,20,27,4,69,12,0,38,0,50,30,20,65,4,119,28,0,28,147
10/02/2000,FSD,SD,AGL,CE,Towers with Radar,29,62,51,6,148,0,17,63,0,80,29,79,114,6,228,86,30,116,344
10/03/2000,FSD,SD,AGL,CE,Towers with Radar,43,81,67,17,208,3,11,32,0,46,46,92,99,17,254,48,6,54,308
10/04/2000,FSD,SD,AGL,CE,Towers with Radar,42,85,70,17,214,0,14,53,0,67,42,99,123,17,281,88,4,92,373
10/05/2000,FSD,SD,AGL,CE,Towers with Radar,43,82,68,4,197,0,8,35,0,43,43,90,103,4,240,24,0,24,264
10/06/2000,FSD,SD,AGL,CE,Towers with Radar,35,65,54,8,162,8,17,61,0,86,43,82,115,8,248,28,0,28,276
10/07/2000,FSD,SD,AGL,CE,Towers with Radar,20,40,33,0,93,13,7,33,0,53,33,47,66,0,146,28,0,28,174
10/08/2000,FSD,SD,AGL,CE,Towers with Radar,16,28,24,7,75,12,0,30,4,46,28,28,54,11,121,24,0,24,145
10/09/2000,FSD,SD,AGL,CE,Towers with Radar,25,50,41,5,121,4,6,67,0,77,29,56,108,5,198,100,0,100,298
10/10/2000,FSD,SD,AGL,CE,Towers with Radar,38,71,58,1,168,3,31,64,0,98,41,102,122,1,266,52,0,52,318
10/11/2000,FSD,SD,AGL,CE,Towers with Radar,39,73,60,11,183,1,19,55,0,75,40,92,115,11,258,40,6,46,304
10/12/2000,FSD,SD,AGL,CE,Towers with Radar,41,76,62,16,195,2,17,29,10,58,43,93,91,26,253,36,54,90,343
10/13/2000,FSD,SD,AGL,CE,Towers with Radar,38,71,58,9,176,5,5,47,0,57,43,76,105,9,233,60,4,64,297
10/14/2000,FSD,SD,AGL,CE,Towers with Radar,34,57,53,14,158,0,0,49,18,67,34,57,102,32,225,72,34,106,331
10/15/2000,FSD,SD,AGL,CE,Towers with Radar,22,22,34,8,86,7,0,42,22,71,29,22,76,30,157,34,0,34,191
10/16/2000,FSD,SD,AGL,CE,Towers with Radar,34,73,61,5,173,0,2,43,0,45,34,75,104,5,218,22,2,24,242
10/17/2000,FSD,SD,AGL,CE,Towers with Radar,42,97,86,21,246,0,0,93,25,118,42,97,179,46,364,152,20,172,536
10/18/2000,FSD,SD,AGL,CE,Towers with Radar,42,82,69,17,210,0,6,98,2,106,42,88,167,19,316,114,8,122,438
10/19/2000,FSD,SD,AGL,CE,Towers with Radar,41,73,62,16,192,1,9,65,7,82,42,82,127,23,274,36,16,52,326
10/20/2000,FSD,SD,AGL,CE,Towers with Radar,44,77,68,14,203,0,0,90,0,90,44,77,158,14,293,88,6,94,387
10/21/2000,FSD,SD,AGL,CE,Towers with Radar,23,40,34,8,105,11,18,53,2,84,34,58,87,10,189,52,0,52,241
10/22/2000,FSD,SD,AGL,CE,Towers with Radar,20,24,30,2,76,10,0,0,0,10,30,24,30,2,86,14,0,14,100
10/23/2000,FSD,SD,AGL,CE,Towers with Radar,33,73,62,0,168,0,0,7,0,7,33,73,69,0,175,0,0,0,175
10/24/2000,FSD,SD,AGL,CE,Towers with Radar,39,95,87,21,242,0,0,21,8,29,39,95,108,29,271,38,14,52,323
10/25/2000,FSD,SD,AGL,CE,Towers with Radar,43,83,80,20,226,0,0,9,10,19,43,83,89,30,245,24,36,60,305
10/26/2000,FSD,SD,AGL,CE,Towers with Radar,43,95,89,22,249,0,0,37,28,65,43,95,126,50,314,76,90,166,480
10/27/2000,FSD,SD,AGL,CE,Towers with Radar,41,78,76,18,213,0,0,16,2,18,41,78,92,20,231,50,36,86,317
10/28/2000,FSD,SD,AGL,CE,Towers with Radar,23,43,11,0,77,13,11,0,0,24,36,54,11,0,101,0,0,0,101
10/29/2000,FSD,SD,AGL,CE,Towers with Radar,20,28,25,0,73,10,0,0,0,10,30,28,25,0,83,8,0,8,91
10/30/2000,FSD,SD,AGL,CE,Towers with Radar,30,66,56,0,152,0,0,48,0,48,30,66,104,0,200,52,0,52,252
10/31/2000,FSD,SD,AGL,CE,Towers with Radar,35,84,79,19,217,0,0,44,17,61,35,84,123,36,278,20,40,60,338
11/01/2000,FSD,SD,AGL,CE,Towers with Radar,42,91,71,12,216,0,0,4,19,23,42,91,75,31,239,0,28,28,267
11/02/2000,FSD,SD,AGL,CE,Towers with Radar,42,76,55,1,174,3,8,31,0,42,45,84,86,1,216,18,0,18,234
11/03/2000,FSD,SD,AGL,CE,Towers with Radar,43,79,63,11,196,0,0,69,17,86,43,79,132,28,282,30,64,94,376
11/04/2000,FSD,SD,AGL,CE,Towers with Radar,32,58,42,7,139,3,1,61,21,86,35,59,103,28,225,142,30,172,397
11/05/2000,FSD,SD,AGL,CE,Towers with Radar,21,25,23,4,73,8,0,0,0,8,29,25,23,4,81,22,0,22,103
11/06/2000,FSD,SD,AGL,CE,Towers with Radar,30,56,31,7,124,0,13,0,0,13,30,69,31,7,137,10,0,10,147
11/07/2000,FSD,SD,AGL,CE,Towers with Radar,31,57,30,0,118,3,20,0,0,23,34,77,30,0,141,0,0,0,141
11/08/2000,FSD,SD,AGL,CE,Towers with Radar,47,88,65,11,211,0,0,32,5,37,47,88,97,16,248,50,20,70,318
11/09/2000,FSD,SD,AGL,CE,Towers with Radar,42,80,70,12,204,0,0,55,7,62,42,80,125,19,266,88,32,120,386
11/10/2000,FSD,SD,AGL,CE,Towers with Radar,41,75,55,1,172,6,0,39,0,45,47,75,94,1,217,100,0,100,317
11/11/2000,FSD,SD,AGL,CE,Towers with Radar,20,38,13,0,71,13,6,0,0,19,33,44,13,0,90,0,0,0,90
11/12/2000,FSD,SD,AGL,CE,Towers with Radar,11,15,12,0,38,12,0,0,0,12,23,15,12,0,50,0,0,0,50
11/13/2000,FSD,SD,AGL,CE,Towers with Radar,30,60,44,1,135,0,22,4,0,26,30,82,48,1,161,0,0,0,161
11/14/2000,FSD,SD,AGL,CE,Towers with Radar,45,81,59,0,185,2,1,72,0,75,47,82,131,0,260,68,0,68,328
11/15/2000,FSD,SD,AGL,CE,Towers with Radar,39,83,63,3,188,0,0,46,0,46,39,83,109,3,234,36,0,36,270
11/16/2000,FSD,SD,AGL,CE,Towers with Radar,38,93,69,2,202,0,14,29,0,43,38,107,98,2,245,0,0,0,245
11/17/2000,FSD,SD,AGL,CE,Towers with Radar,40,77,58,2,177,0,11,58,0,69,40,88,116,2,246,60,0,60,306
11/18/2000,FSD,SD,AGL,CE,Towers with Radar,27,47,36,2,112,9,3,57,0,69,36,50,93,2,181,74,0,74,255
11/19/2000,FSD,SD,AGL,CE,Towers with Radar,19,26,25,2,72,11,0,0,0,11,30,26,25,2,83,0,0,0,83
11/20/2000,FSD,SD,AGL,CE,Towers with Radar,30,65,51,7,153,0,0,60,12,72,30,65,111,19,225,86,16,102,327
11/21/2000,FSD,SD,AGL,CE,Towers with Radar,46,96,72,11,225,0,10,69,2,81,46,106,141,13,306,56,18,74,380
11/22/2000,FSD,SD,AGL,CE,Towers with Radar,46,80,60,9,195,0,14,98,11,123,46,94,158,20,318,70,16,86,404
11/23/2000,FSD,SD,AGL,CE,Towers with Radar,16,22,21,0,59,12,0,16,0,28,28,22,37,0,87,32,0,32,119
11/24/2000,FSD,SD,AGL,CE,Towers with Radar,28,53,40,0,121,0,15,66,0,81,28,68,106,0,202,110,0,110,312
11/25/2000,FSD,SD,AGL,CE,Towers with Radar,25,42,32,4,103,9,12,29,0,50,34,54,61,4,153,54,0,54,207
11/26/2000,FSD,SD,AGL,CE,Towers with Radar,23,27,30,4,84,9,0,41,2,52,32,27,71,6,136,72,0,72,208
11/27/2000,FSD,SD,AGL,CE,Towers with Radar,34,73,56,7,170,0,0,83,0,83,34,73,139,7,253,124,18,142,395
11/28/2000,FSD,SD,AGL,CE,Towers with Radar,42,73,43,8,166,0,17,0,10,27,42,90,43,18,193,10,22,32,225
11/29/2000,FSD,SD,AGL,CE,Towers with Radar,45,90,77,11,223,0,0,29,16,45,45,90,106,27,268,56,0,56,324
11/30/2000,FSD,SD,AGL,CE,Towers with Radar,44,82,62,0,188,0,3,14,0,17,44,85,76,0,205,0,0,0,205
12/01/2000,FSD,SD,AGL,CE,Towers with Radar,44,83,53,0,180,1,8,0,0,9,45,91,53,0,189,6,0,6,195
12/02/2000,FSD,SD,AGL,CE,Towers with Radar,24,44,27,0,95,6,0,0,0,6,30,44,27,0,101,0,0,0,101
12/03/2000,FSD,SD,AGL,CE,Towers with Radar,16,26,19,0,61,12,0,0,0,12,28,26,19,0,73,34,0,34,107
12/04/2000,FSD,SD,AGL,CE,Towers with Radar,29,65,41,8,143,0,7,22,4,33,29,72,63,12,176,32,0,32,208
12/05/2000,FSD,SD,AGL,CE,Towers with Radar,44,92,65,11,212,0,0,32,2,34,44,92,97,13,246,40,4,44,290
12/06/2000,FSD,SD,AGL,CE,Towers with Radar,47,87,65,11,210,0,0,63,15,78,47,87,128,26,288,50,8,58,346
12/07/2000,FSD,SD,AGL,CE,Towers with Radar,46,104,76,13,239,0,0,35,29,64,46,104,111,42,303,38,36,74,377
12/08/2000,FSD,SD,AGL,CE,Towers with Radar,44,81,58,5,188,0,0,58,0,58,44,81,116,5,246,88,14,102,348
12/09/2000,FSD,SD,AGL,CE,Towers with Radar,25,48,30,4,107,10,18,17,6,51,35,66,47,10,158,84,0,84,242
12/10/2000,FSD,SD,AGL,CE,Towers with Radar,18,24,21,2,65,11,0,20,0,31,29,24,41,2,96,14,0,14,110
12/11/2000,FSD,SD,AGL,CE,Towers with Radar,29,66,42,0,137,0,11,5,0,16,29,77,47,0,153,20,0,20,173
12/12/2000,FSD,SD,AGL,CE,Towers with Radar,44,94,60,10,208,0,0,85,2,87,44,94,145,12,295,72,16,88,383
12/13/2000,FSD,SD,AGL,CE,Towers with Radar,41,98,62,0,201,0,4,39,0,43,41,102,101,0,244,50,0,50,294
12/14/2000,FSD,SD,AGL,CE,Towers with Radar,45,104,67,10,226,0,0,46,10,56,45,104,113,20,282,132,26,158,440
12/15/2000,FSD,SD,AGL,CE,Towers with Radar,40,84,54,8,186,0,4,2,0,6,40,88,56,8,192,0,0,0,192
12/16/2000,FSD,SD,AGL,CE,Towers with Radar,5,10,1,0,16,3,2,0,0,5,8,12,1,0,21,0,0,0,21
12/17/2000,FSD,SD,AGL,CE,Towers with Radar,17,31,21,0,69,11,0,23,0,34,28,31,44,0,103,0,82,82,185
12/18/2000,FSD,SD,AGL,CE,Towers with Radar,31,56,26,0,113,4,18,0,0,22,35,74,26,0,135,0,0,0,135
12/19/2000,FSD,SD,AGL,CE,Towers with Radar,46,87,65,9,207,0,0,94,10,104,46,87,159,19,311,100,8,108,419
12/20/2000,FSD,SD,AGL,CE,Towers with Radar,45,94,62,9,210,0,5,28,4,37,45,99,90,13,247,38,14,52,299
12/21/2000,FSD,SD,AGL,CE,Towers with Radar,42,94,62,6,204,0,0,53,0,53,42,94,115,6,257,12,18,30,287
12/22/2000,FSD,SD,AGL,CE,Towers with Radar,42,86,56,5,189,0,13,48,0,61,42,99,104,5,250,116,0,116,366
12/23/2000,FSD,SD,AGL,CE,Towers with Radar,26,47,31,2,106,11,13,13,0,37,37,60,44,2,143,40,0,40,183
12/24/2000,FSD,SD,AGL,CE,Towers with Radar,11,17,14,0,42,13,0,7,0,20,24,17,21,0,62,8,0,8,70
12/25/2000,FSD,SD,AGL,CE,Towers with Radar,13,22,15,0,50,9,0,0,0,9,22,22,15,0,59,16,0,16,75
12/26/2000,FSD,SD,AGL,CE,Towers with Radar,27,59,39,0,125,0,14,15,0,29,27,73,54,0,154,130,0,130,284
12/27/2000,FSD,SD,AGL,CE,Towers with Radar,41,75,49,7,172,2,11,14,5,32,43,86,63,12,204,106,22,128,332
12/28/2000,FSD,SD,AGL,CE,Towers with Radar,30,55,13,0,98,8,25,0,0,33,38,80,13,0,131,0,0,0,131
12/29/2000,FSD,SD,AGL,CE,Towers with Radar,39,84,55,8,186,0,14,29,8,51,39,98,84,16,237,116,2,118,355
12/30/2000,FSD,SD,AGL,CE,Towers with Radar,29,50,35,4,118,2,0,52,0,54,31,50,87,4,172,96,0,96,268
12/31/2000,FSD,SD,AGL,CE,Towers with Radar,14,17,17,3,51,14,0,26,1,41,28,17,43,4,92,58,0,58,150
01/01/2001,FSD,SD,AGL,CE,Towers with Radar,15,26,20,0,61,5,0,4,0,9,20,26,24,0,70,2,0,2,72
01/02/2001,FSD,SD,AGL,CE,Towers with Radar,32,68,50,8,158,0,9,18,0,27,32,77,68,8,185,54,32,86,271
01/03/2001,FSD,SD,AGL,CE,Towers with Radar,42,79,64,11,196,0,0,88,0,88,42,79,152,11,284,132,8,140,424
01/04/2001,FSD,SD,AGL,CE,Towers with Radar,41,83,61,12,197,0,4,30,5,39,41,87,91,17,236,34,8,42,278
01/05/2001,FSD,SD,AGL,CE,Towers with Radar,40,75,55,12,182,0,1,42,8,51,40,76,97,20,233,112,46,158,391
01/06/2001,FSD,SD,AGL,CE,Towers with Radar,27,42,37,7,113,5,0,29,20,54,32,42,66,27,167,114,10,124,291
01/07/2001,FSD,SD,AGL,CE,Towers with Radar,18,27,25,0,70,9,0,9,0,18,27,27,34,0,88,54,0,54,142
01/08/2001,FSD,SD,AGL,CE,Towers with Radar,30,64,53,11,158,0,0,7,13,20,30,64,60,24,178,6,2,8,186
01/09/2001,FSD,SD,AGL,CE,Towers with Radar,44,93,68,15,220,0,5,79,11,95,44,98,147,26,315,198,48,246,561
01/10/2001,FSD,SD,AGL,CE,Towers with Radar,39,85,68,14,206,0,0,71,17,88,39,85,139,31,294,132,30,162,456
01/11/2001,FSD,SD,AGL,CE,Towers with Radar,39,78,49,12,178,0,4,0,3,7,39,82,49,15,185,4,6,10,195
01/12/2001,FSD,SD,AGL,CE,Towers with Radar,33,59,43,4,139,8,1,0,0,9,41,60,43,4,148,6,0,6,154
01/13/2001,FSD,SD,AGL,CE,Towers with Radar,19,33,12,0,64,10,13,0,0,23,29,46,12,0,87,0,0,0,87
01/14/2001,FSD,SD,AGL,CE,Towers with Radar,12,19,8,0,39,16,0,0,0,16,28,19,8,0,55,0,0,0,55
01/15/2001,FSD,SD,AGL,CE,Towers with Radar,26,52,40,0,118,0,4,21,0,25,26,56,61,0,143,0,0,0,143
01/16/2001,FSD,SD,AGL,CE,Towers with Radar,42,80,61,4,187,0,5,56,0,61,42,85,117,4,248,98,16,114,362
01/17/2001,FSD,SD,AGL,CE,Towers with Radar,41,78,61,13,193,0,0,54,5,59,41,78,115,18,252,132,40,172,424
01/18/2001,FSD,SD,AGL,CE,Towers with Radar,41,82,63,13,199,0,0,14,7,21,41,82,77,20,220,26,8,34,254
01/19/2001,FSD,SD,AGL,CE,Towers with Radar,42,73,56,11,182,0,4,71,3,78,42,77,127,14,260,104,14,118,378
01/20/2001,FSD,SD,AGL,CE,Towers with Radar,28,47,38,7,120,4,0,60,2,66,32,47,98,9,186,14,4,18,204
01/21/2001,FSD,SD,AGL,CE,Towers with Radar,23,29,30,2,84,5,0,85,0,90,28,29,115,2,174,156,0,156,330
01/22/2001,FSD,SD,AGL,CE,Towers with Radar,28,54,41,0,123,0,6,35,0,41,28,60,76,0,164,22,0,22,186
01/23/2001,FSD,SD,AGL,CE,Towers with Radar,38,73,56,11,178,0,7,71,4,82,38,80,127,15,260,106,26,132,392
01/24/2001,FSD,SD,AGL,CE,Towers with Radar,42,79,60,10,191,0,1,85,0,86,42,80,145,10,277,158,12,170,447
01/25/2001,FSD,SD,AGL,CE,Towers with Radar,39,82,64,13,198,0,0,52,2,54,39,82,116,15,252,44,46,90,342
01/26/2001,FSD,SD,AGL,CE,Towers with Radar,33,61,31,2,127,10,17,0,0,27,43,78,31,2,154,8,0,8,162
01/27/2001,FSD,SD,AGL,CE,Towers with Radar,23,41,30,0,94,9,10,37,0,56,32,51,67,0,150,44,0,44,194
01/28/2001,FSD,SD,AGL,CE,Towers with Radar,18,30,23,0,71,7,0,25,0,32,25,30,48,0,103,74,0,74,177
01/29/2001,FSD,SD,AGL,CE,Towers with Radar,13,23,16,0,52,4,3,0,0,7,17,26,16,0,59,0,0,0,59
01/30/2001,FSD,SD,AGL,CE,Towers with Radar,36,68,50,0,154,0,17,0,0,17,36,85,50,0,171,0,0,0,171
01/31/2001,FSD,SD,AGL,CE,Towers with Radar,41,73,54,1,169,0,5,54,0,59,41,78,108,1,228,44,0,44,272
02/01/2001,FSD,SD,AGL,CE,Towers with Radar,42,73,53,2,170,0,0,28,0,28,42,73,81,2,198,30,0,30,228
02/02/2001,FSD,SD,AGL,CE,Towers with Radar,38,74,50,5,167,0,0,32,0,32,38,74,82,5,199,50,0,50,249
02/03/2001,FSD,SD,AGL,CE,Towers with Radar,24,41,21,3,89,6,6,0,8,20,30,47,21,11,109,22,0,22,131
02/04/2001,FSD,SD,AGL,CE,Towers with Radar,16,22,11,2,51,13,0,0,3,16,29,22,11,5,67,0,0,0,67
02/05/2001,FSD,SD,AGL,CE,Towers with Radar,28,68,45,5,146,0,5,50,0,55,28,73,95,5,201,80,22,102,303
02/06/2001,FSD,SD,AGL,CE,Towers with Radar,41,80,59,6,186,0,0,74,7,81,41,80,133,13,267,139,56,195,462
02/07/2001,FSD,SD,AGL,CE,Towers with Radar,35,70,45,0,150,0,5,13,0,18,35,75,58,0,168,2,0,2,170
02/08/2001,FSD,SD,AGL,CE,Towers with Radar,35,62,38,0,135,10,10,0,0,20,45,72,38,0,155,0,0,0,155
02/09/2001,FSD,SD,AGL,CE,Towers with Radar,40,72,46,4,162,0,12,19,0,31,40,84,65,4,193,26,0,26,219
02/10/2001,FSD,SD,AGL,CE,Towers with Radar,25,43,27,0,95,9,2,45,0,56,34,45,72,0,151,38,0,38,189
02/11/2001,FSD,SD,AGL,CE,Towers with Radar,14,27,6,2,49,15,4,0,0,19,29,31,6,2,68,38,0,38,106
02/12/2001,FSD,SD,AGL,CE,Towers with Radar,33,72,50,6,161,0,0,69,6,75,33,72,119,12,236,116,30,146,382
02/13/2001,FSD,SD,AGL,CE,Towers with Radar,39,74,45,5,163,0,6,0,1,7,39,80,45,6,170,20,0,20,190
02/14/2001,FSD,SD,AGL,CE,Towers with Radar,40,78,50,0,168,0,20,34,0,54,40,98,84,0,222,26,0,26,248
02/15/2001,FSD,SD,AGL,CE,Towers with Radar,41,96,63,7,207,0,0,46,12,58,41,96,109,19,265,92,22,114,379
02/16/2001,FSD,SD,AGL,CE,Towers with Radar,42,74,47,5,168,0,3,34,9,46,42,77,81,14,214,64,44,108,322
02/17/2001,FSD,SD,AGL,CE,Towers with Radar,25,42,28,3,98,7,0,41,8,56,32,42,69,11,154,98,6,104,258
02/18/2001,FSD,SD,AGL,CE,Towers with Radar,20,28,22,2,72,8,0,32,5,45,28,28,54,7,117,36,0,36,153
02/19/2001,FSD,SD,AGL,CE,Towers with Radar,27,45,30,0,102,3,0,48,0,51,30,45,78,0,153,102,0,102,255
02/20/2001,FSD,SD,AGL,CE,Towers with Radar,41,73,47,5,166,0,4,46,1,51,41,77,93,6,217,102,0,102,319
02/21/2001,FSD,SD,AGL,CE,Towers with Radar,41,82,52,6,181,0,6,30,0,36,41,88,82,6,217,66,0,66,283
02/22/2001,FSD,SD,AGL,CE,Towers with Radar,43,79,66,19,207,0,7,73,2,82,43,86,139,21,289,172,30,202,491
02/23/2001,FSD,SD,AGL,CE,Towers with Radar,37,71,46,5,159,0,4,11,5,20,37,75,57,10,179,20,4,24,203
02/24/2001,FSD,SD,AGL,CE,Towers with Radar,15,26,3,0,44,16,0,0,0,16,31,26,3,0,60,0,0,0,60
02/25/2001,FSD,SD,AGL,CE,Towers with Radar,16,28,18,2,64,13,2,0,0,15,29,30,18,2,79,0,0,0,79
02/26/2001,FSD,SD,AGL,CE,Towers with Radar,28,68,44,0,140,0,0,44,0,44,28,68,88,0,184,20,0,20,204
02/27/2001,FSD,SD,AGL,CE,Towers with Radar,40,77,50,2,169,0,19,47,0,66,40,96,97,2,235,124,16,140,375
02/28/2001,FSD,SD,AGL,CE,Towers with Radar,41,84,54,3,182,0,0,70,0,70,41,84,124,3,252,104,0,104,356
03/01/2001,FSD,SD,AGL,CE,Towers with Radar,39,70,62,13,184,2,4,61,1,68,41,74,123,14,252,126,16,142,394
03/02/2001,FSD,SD,AGL,CE,Towers with Radar,41,81,42,16,180,1,2,48,2,53,42,83,90,18,233,94,18,112,345
03/03/2001,FSD,SD,AGL,CE,Towers with Radar,31,44,36,19,130,1,1,50,2,54,32,45,86,21,184,58,34,92,276
03/04/2001,FSD,SD,AGL,CE,Towers with Radar,30,26,16,7,79,1,0,39,2,42,31,26,55,9,121,88,8,96,217
03/05/2001,FSD,SD,AGL,CE,Towers with Radar,31,64,40,19,154,1,1,50,2,54,32,65,90,21,208,74,24,98,306
03/06/2001,FSD,SD,AGL,CE,Towers with Radar,39,85,63,15,202,0,7,46,4,57,39,92,109,19,259,70,24,94,353
03/07/2001,FSD,SD,AGL,CE,Towers with Radar,41,88,65,15,209,0,5,38,7,50,41,93,103,22,259,132,22,154,413
03/08/2001,FSD,SD,AGL,CE,Towers with Radar,42,84,65,15,206,0,0,10,7,17,42,84,75,22,223,56,0,56,279
03/09/2001,FSD,SD,AGL,CE,Towers with Radar,42,84,63,6,195,0,13,1,0,14,42,97,64,6,209,0,0,0,209
03/10/2001,FSD,SD,AGL,CE,Towers with Radar,20,38,24,2,84,14,3,0,0,17,34,41,24,2,101,4,0,4,105
03/11/2001,FSD,SD,AGL,CE,Towers with Radar,17,24,24,2,67,10,0,28,0,38,27,24,52,2,105,64,0,64,169
03/12/2001,FSD,SD,AGL,CE,Towers with Radar,36,70,53,0,159,0,3,22,0,25,36,73,75,0,184,32,0,32,216
03/13/2001,FSD,SD,AGL,CE,Towers with Radar,42,78,59,9,188,0,12,48,0,60,42,90,107,9,248,70,6,76,324
03/14/2001,FSD,SD,AGL,CE,Towers with Radar,38,76,58,11,183,0,8,55,0,63,38,84,113,11,246,126,12,138,384
03/15/2001,FSD,SD,AGL,CE,Towers with Radar,43,96,72,17,228,0,5,56,7,68,43,101,128,24,296,108,22,130,426
03/16/2001,FSD,SD,AGL,CE,Towers with Radar,38,66,44,12,160,1,0,0,15,16,39,66,44,27,176,190,68,258,434
03/17/2001,FSD,SD,AGL,CE,Towers with Radar,27,49,38,8,122,8,3,51,8,70,35,52,89,16,192,70,4,74,266
03/18/2001,FSD,SD,AGL,CE,Towers with Radar,16,31,23,2,72,11,2,11,0,24,27,33,34,2,96,6,0,6,102
03/19/2001,FSD,SD,AGL,CE,Towers with Radar,26,63,48,4,141,0,0,27,0,27,26,63,75,4,168,0,0,0,168
03/20/2001,FSD,SD,AGL,CE,Towers with Radar,44,84,62,11,201,0,5,46,0,51,44,89,108,11,252,160,10,170,422
03/21/2001,FSD,SD,AGL,CE,Towers with Radar,40,66,58,8,172,0,0,16,0,16,40,66,74,8,188,14,0,14,202
03/22/2001,FSD,SD,AGL,CE,Towers with Radar,43,83,53,9,188,0,12,0,0,12,43,95,53,9,200,2,0,2,202
03/23/2001,FSD,SD,AGL,CE,Towers with Radar,39,82,59,13,193,0,2,30,2,34,39,84,89,15,227,62,10,72,299
03/24/2001,FSD,SD,AGL,CE,Towers with Radar,24,47,34,6,111,8,1,18,0,27,32,48,52,6,138,70,0,70,208
03/25/2001,FSD,SD,AGL,CE,Towers with Radar,18,28,26,1,73,12,0,30,0,42,30,28,56,1,115,20,2,22,137
03/26/2001,FSD,SD,AGL,CE,Towers with Radar,28,67,48,7,150,0,6,96,0,102,28,73,144,7,252,112,10,122,374
03/27/2001,FSD,SD,AGL,CE,Towers with Radar,40,85,61,13,199,0,1,66,2,69,40,86,127,15,268,54,10,64,332
03/28/2001,FSD,SD,AGL,CE,Towers with Radar,39,81,57,13,190,0,7,0,0,7,39,88,57,13,197,20,0,20,217
03/29/2001,FSD,SD,AGL,CE,Towers with Radar,40,84,62,14,200,0,3,16,6,25,40,87,78,20,225,66,20,86,311
03/30/2001,FSD,SD,AGL,CE,Towers with Radar,39,85,64,15,203,0,0,31,10,41,39,85,95,25,244,90,8,98,342
03/31/2001,FSD,SD,AGL,CE,Towers with Radar,20,39,28,2,89,16,7,20,0,43,36,46,48,2,132,50,0,50,182
04/01/2001,FSD,SD,AGL,CE,Towers with Radar,22,32,29,7,90,6,0,43,0,49,28,32,72,7,139,114,0,114,253
04/02/2001,FSD,SD,AGL,CE,Towers with Radar,31,62,51,1,145,0,0,73,0,73,31,62,124,1,218,46,0,46,264
04/03/2001,FSD,SD,AGL,CE,Towers with Radar,45,79,62,18,204,0,0,33,12,45,45,79,95,30,249,74,54,128,377
04/04/2001,FSD,SD,AGL,CE,Towers with Radar,42,79,61,17,199,0,3,20,4,27,42,82,81,21,226,26,0,26,252
04/05/2001,FSD,SD,AGL,CE,Towers with Radar,51,82,70,19,222,0,0,3,11,14,51,82,73,30,236,12,32,44,280
04/06/2001,FSD,SD,AGL,CE,Towers with Radar,34,73,56,16,179,0,0,8,0,8,34,73,64,16,187,20,0,20,207
04/07/2001,FSD,SD,AGL,CE,Towers with Radar,20,35,16,2,73,13,10,0,0,23,33,45,16,2,96,0,0,0,96
04/08/2001,FSD,SD,AGL,CE,Towers with Radar,17,21,22,6,66,13,0,34,6,53,30,21,56,12,119,28,0,28,147
04/09/2001,FSD,SD,AGL,CE,Towers with Radar,30,75,65,18,188,0,0,103,15,118,30,75,168,33,306,138,82,220,526
04/10/2001,FSD,SD,AGL,CE,Towers with Radar,39,77,70,19,205,0,0,24,23,47,39,77,94,42,252,28,56,84,336
04/11/2001,FSD,SD,AGL,CE,Towers with Radar,34,60,39,3,136,6,8,0,0,14,40,68,39,3,150,0,0,0,150
04/12/2001,FSD,SD,AGL,CE,Towers with Radar,42,76,60,10,188,0,9,26,0,35,42,85,86,10,223,58,38,96,319
04/13/2001,FSD,SD,AGL,CE,Towers with Radar,36,61,48,3,148,2,21,56,0,79,38,82,104,3,227,92,0,92,319
04/14/2001,FSD,SD,AGL,CE,Towers with Radar,24,39,31,6,100,10,4,37,0,51,34,43,68,6,151,114,0,114,265
04/15/2001,FSD,SD,AGL,CE,Towers with Radar,14,22,18,0,54,13,7,6,0,26,27,29,24,0,80,6,0,6,86
04/16/2001,FSD,SD,AGL,CE,Towers with Radar,33,55,43,0,131,0,9,20,0,29,33,64,63,0,160,6,0,6,166
04/17/2001,FSD,SD,AGL,CE,Towers with Radar,43,80,63,14,200,0,1,133,0,134,43,81,196,14,334,136,34,170,504
04/18/2001,FSD,SD,AGL,CE,Towers with Radar,43,75,59,15,192,0,9,56,0,65,43,84,115,15,257,88,44,132,389
04/19/2001,FSD,SD,AGL,CE,Towers with Radar,42,78,62,17,199,0,7,52,5,64,42,85,114,22,263,92,18,110,373
04/20/2001,FSD,SD,AGL,CE,Towers with Radar,38,76,60,16,190,0,1,37,13,51,38,77,97,29,241,120,88,208,449
04/21/2001,FSD,SD,AGL,CE,Towers with Radar,26,42,33,0,101,8,1,19,0,28,34,43,52,0,129,62,0,62,191
04/22/2001,FSD,SD,AGL,CE,Towers with Radar,11,17,3,0,31,14,0,0,0,14,25,17,3,0,45,0,0,0,45
04/23/2001,FSD,SD,AGL,CE,Towers with Radar,34,56,45,10,145,1,10,8,0,19,35,66,53,10,164,50,38,88,252
04/24/2001,FSD,SD,AGL,CE,Towers with Radar,45,75,59,14,193,2,5,74,0,81,47,80,133,14,274,132,22,154,428
04/25/2001,FSD,SD,AGL,CE,Towers with Radar,41,79,69,19,208,0,0,108,18,126,41,79,177,37,334,138,52,190,524
04/26/2001,FSD,SD,AGL,CE,Towers with Radar,41,72,57,11,181,0,19,81,0,100,41,91,138,11,281,88,12,100,381
04/27/2001,FSD,SD,AGL,CE,Towers with Radar,40,68,54,15,177,0,8,66,0,74,40,76,120,15,251,102,6,108,359
04/28/2001,FSD,SD,AGL,CE,Towers with Radar,26,40,34,9,109,8,0,45,3,56,34,40,79,12,165,46,10,56,221
04/29/2001,FSD,SD,AGL,CE,Towers with Radar,18,26,22,0,66,10,0,24,0,34,28,26,46,0,100,10,0,10,110
04/30/2001,FSD,SD,AGL,CE,Towers with Radar,29,64,49,12,154,0,6,69,0,75,29,70,118,12,229,74,0,74,303
05/01/2001,FSD,SD,AGL,CE,Towers with Radar,45,83,58,14,200,8,19,43,0,70,53,102,101,14,270,38,12,50,320
05/02/2001,FSD,SD,AGL,CE,Towers with Radar,37,76,55,14,182,0,0,96,1,97,37,76,151,15,279,112,10,122,401
05/03/2001,FSD,SD,AGL,CE,Towers with Radar,38,72,51,3,164,0,5,50,0,55,38,77,101,3,219,108,0,108,327
05/04/2001,FSD,SD,AGL,CE,Towers with Radar,39,77,57,16,189,0,0,21,19,40,39,77,78,35,229,30,18,48,277
05/05/2001,FSD,SD,AGL,CE,Towers with Radar,19,36,15,6,76,16,3,0,0,19,35,39,15,6,95,0,0,0,95
05/06/2001,FSD,SD,AGL,CE,Towers with Radar,15,26,12,4,57,18,0,0,0,18,33,26,12,4,75,2,0,2,77
05/07/2001,FSD,SD,AGL,CE,Towers with Radar,30,69,49,12,160,0,15,49,10,74,30,84,98,22,234,16,30,46,280
05/08/2001,FSD,SD,AGL,CE,Towers with Radar,40,82,58,15,195,0,2,137,2,141,40,84,195,17,336,130,0,130,466
05/09/2001,FSD,SD,AGL,CE,Towers with Radar,43,90,69,18,220,0,0,53,36,89,43,90,122,54,309,122,50,172,481
05/10/2001,FSD,SD,AGL,CE,Towers with Radar,39,87,61,17,204,0,2,33,14,49,39,89,94,31,253,74,22,96,349
05/11/2001,FSD,SD,AGL,CE,Towers with Radar,39,73,52,14,178,3,8,67,1,79,42,81,119,15,257,92,20,112,369
05/12/2001,FSD,SD,AGL,CE,Towers with Radar,24,42,31,6,103,11,0,58,0,69,35,42,89,6,172,148,8,156,328
05/13/2001,FSD,SD,AGL,CE,Towers with Radar,18,29,23,6,76,9,0,69,0,78,27,29,92,6,154,90,10,100,254
05/14/2001,FSD,SD,AGL,CE,Towers with Radar,31,58,40,2,131,0,5,59,0,64,31,63,99,2,195,102,10,112,307
05/15/2001,FSD,SD,AGL,CE,Towers with Radar,37,74,53,14,178,0,13,50,4,67,37,87,103,18,245,76,10,86,331
05/16/2001,FSD,SD,AGL,CE,Towers with Radar,37,79,58,16,190,0,0,100,4,104,37,79,158,20,294,96,10,106,400
05/17/2001,FSD,SD,AGL,CE,Towers with Radar,38,84,61,16,199,0,1,83,1,85,38,85,144,17,284,74,20,94,378
05/18/2001,FSD,SD,AGL,CE,Towers with Radar,39,70,51,14,174,0,7,57,5,69,39,77,108,19,243,38,0,38,281
05/19/2001,FSD,SD,AGL,CE,Towers with Radar,25,44,33,8,110,9,3,78,1,91,34,47,111,9,201,34,8,42,243
05/20/2001,FSD,SD,AGL,CE,Towers with Radar,18,22,20,6,66,9,0,0,5,14,27,22,20,11,80,12,0,12,92
05/21/2001,FSD,SD,AGL,CE,Towers with Radar,31,65,48,0,144,0,0,29,0,29,31,65,77,0,173,14,0,14,187
05/22/2001,FSD,SD,AGL,CE,Towers with Radar,38,76,55,14,183,0,8,22,5,35,38,84,77,19,218,10,34,44,262
05/23/2001,FSD,SD,AGL,CE,Towers with Radar,38,82,59,7,186,0,10,26,0,36,38,92,85,7,222,12,12,24,246
05/24/2001,FSD,SD,AGL,CE,Towers with Radar,39,83,64,16,202,0,0,41,2,43,39,83,105,18,245,58,0,58,303
05/25/2001,FSD,SD,AGL,CE,Towers with Radar,37,66,48,7,158,2,4,51,0,57,39,70,99,7,215,50,10,60,275
05/26/2001,FSD,SD,AGL,CE,Towers with Radar,25,45,33,6,109,10,2,28,0,40,35,47,61,6,149,28,0,28,177
05/27/2001,FSD,SD,AGL,CE,Towers with Radar,15,25,20,4,64,6,0,29,0,35,21,25,49,4,99,26,0,26,125
05/28/2001,FSD,SD,AGL,CE,Towers with Radar,22,26,28,0,76,1,0,59,0,60,23,26,87,0,136,30,0,30,166
05/29/2001,FSD,SD,AGL,CE,Towers with Radar,32,71,52,2,157,0,2,83,0,85,32,73,135,2,242,92,0,92,334
05/30/2001,FSD,SD,AGL,CE,Towers with Radar,39,83,63,14,199,0,0,55,0,55,39,83,118,14,254,102,28,130,384
05/31/2001,FSD,SD,AGL,CE,Towers with Radar,40,73,52,11,176,1,8,56,0,65,41,81,108,11,241,100,24,124,365
06/01/2001,FSD,SD,AGL,CE,Towers with Radar,35,67,44,7,153,3,7,39,0,49,38,74,83,7,202,80,2,82,284
06/02/2001,FSD,SD,AGL,CE,Towers with Radar,29,52,36,7,124,6,0,58,0,64,35,52,94,7,188,58,0,58,246
06/03/2001,FSD,SD,AGL,CE,Towers with Radar,17,32,21,5,75,11,0,17,1,29,28,32,38,6,104,14,0,14,118
06/04/2001,FSD,SD,AGL,CE,Towers with Radar,29,60,40,9,138,0,7,30,3,40,29,67,70,12,178,30,34,64,242
06/05/2001,FSD,SD,AGL,CE,Towers with Radar,38,80,59,5,182,0,0,35,0,35,38,80,94,5,217,78,8,86,303
06/06/2001,FSD,SD,AGL,CE,Towers with Radar,39,76,50,11,176,0,9,37,0,46,39,85,87,11,222,94,8,102,324
06/07/2001,FSD,SD,AGL,CE,Towers with Radar,42,84,56,14,196,0,0,80,0,80,42,84,136,14,276,80,16,96,372
06/08/2001,FSD,SD,AGL,CE,Towers with Radar,38,69,48,12,167,0,0,91,4,95,38,69,139,16,262,106,32,138,400
06/09/2001,FSD,SD,AGL,CE,Towers with Radar,23,43,28,3,97,12,3,39,0,54,35,46,67,3,151,56,0,56,207
06/10/2001,FSD,SD,AGL,CE,Towers with Radar,19,31,24,6,80,11,0,38,1,50,30,31,62,7,130,34,6,40,170
06/11/2001,FSD,SD,AGL,CE,Towers with Radar,36,67,45,9,157,3,0,52,0,55,39,67,97,9,212,32,14,46,258
06/12/2001,FSD,SD,AGL,CE,Towers with Radar,35,64,47,2,148,0,0,51,0,51,35,64,98,2,199,50,0,50,249
06/13/2001,FSD,SD,AGL,CE,Towers with Radar,37,74,48,12,171,0,11,0,7,18,37,85,48,19,189,12,24,36,225
06/14/2001,FSD,SD,AGL,CE,Towers with Radar,42,87,59,14,202,0,0,25,6,31,42,87,84,20,233,88,6,94,327
06/15/2001,FSD,SD,AGL,CE,Towers with Radar,39,72,49,8,168,0,10,72,0,82,39,82,121,8,250,134,12,146,396
06/16/2001,FSD,SD,AGL,CE,Towers with Radar,27,48,35,4,114,9,0,95,0,104,36,48,130,4,218,126,0,126,344
06/17/2001,FSD,SD,AGL,CE,Towers with Radar,19,33,24,3,79,10,0,32,0,42,29,33,56,3,121,38,0,38,159
06/18/2001,FSD,SD,AGL,CE,Towers with Radar,28,51,35,0,114,4,9,29,0,42,32,60,64,0,156,72,0,72,228
06/19/2001,FSD,SD,AGL,CE,Towers with Radar,40,89,62,16,207,0,0,92,15,107,40,89,154,31,314,200,26,226,540
06/20/2001,FSD,SD,AGL,CE,Towers with Radar,39,89,62,15,205,0,0,92,15,107,39,89,154,30,312,234,48,282,594
06/21/2001,FSD,SD,AGL,CE,Towers with Radar,33,79,56,14,182,0,0,77,13,90,33,79,133,27,272,180,26,206,478
06/22/2001,FSD,SD,AGL,CE,Towers with Radar,35,71,49,10,165,0,12,90,0,102,35,83,139,10,267,124,16,140,407
06/23/2001,FSD,SD,AGL,CE,Towers with Radar,25,46,32,7,110,9,0,20,10,39,34,46,52,17,149,20,22,42,191
06/24/2001,FSD,SD,AGL,CE,Towers with Radar,18,28,22,2,70,11,0,39,0,50,29,28,61,2,120,24,0,24,144
06/25/2001,FSD,SD,AGL,CE,Towers with Radar,29,56,39,9,133,0,11,33,0,44,29,67,72,9,177,64,26,90,267
06/26/2001,FSD,SD,AGL,CE,Towers with Radar,40,81,55,11,187,0,3,52,0,55,40,84,107,11,242,48,2,50,292
06/27/2001,FSD,SD,AGL,CE,Towers with Radar,39,88,59,14,200,0,8,69,0,77,39,96,128,14,277,160,0,160,437
06/28/2001,FSD,SD,AGL,CE,Towers with Radar,36,85,57,14,192,0,4,69,7,80,36,89,126,21,272,78,28,106,378
06/29/2001,FSD,SD,AGL,CE,Towers with Radar,32,72,48,12,164,0,0,52,12,64,32,72,100,24,228,64,18,82,310
06/30/2001,FSD,SD,AGL,CE,Towers with Radar,22,40,26,3,91,12,15,16,0,43,34,55,42,3,134,74,2,76,210
07/01/2001,FSD,SD,AGL,CE,Towers with Radar,14,27,19,1,61,14,5,24,0,43,28,32,43,1,104,36,0,36,140
07/02/2001,FSD,SD,AGL,CE,Towers with Radar,32,68,49,2,151,0,5,62,0,67,32,73,111,2,218,68,0,68,286
07/03/2001,FSD,SD,AGL,CE,Towers with Radar,35,65,47,4,151,4,13,58,0,75,39,78,105,4,226,128,0,128,354
07/04/2001,FSD,SD,AGL,CE,Towers with Radar,16,31,22,0,69,14,0,59,0,73,30,31,81,0,142,56,0,56,198
07/05/2001,FSD,SD,AGL,CE,Towers with Radar,27,60,43,12,142,0,14,44,13,71,27,74,87,25,213,66,40,106,319
07/06/2001,FSD,SD,AGL,CE,Towers with Radar,42,79,57,17,195,1,15,56,7,79,43,94,113,24,274,106,44,150,424
07/07/2001,FSD,SD,AGL,CE,Towers with Radar,30,49,42,11,132,3,0,55,10,68,33,49,97,21,200,38,16,54,254
07/08/2001,FSD,SD,AGL,CE,Towers with Radar,20,29,27,8,84,6,0,44,9,59,26,29,71,17,143,80,0,80,223
07/09/2001,FSD,SD,AGL,CE,Towers with Radar,30,61,46,13,150,0,0,59,9,68,30,61,105,22,218,68,16,84,302
07/10/2001,FSD,SD,AGL,CE,Towers with Radar,38,79,57,17,191,0,6,84,3,93,38,85,141,20,284,148,16,164,448
07/11/2001,FSD,SD,AGL,CE,Towers with Radar,40,77,55,16,188,0,7,74,5,86,40,84,129,21,274,56,10,66,340
07/12/2001,FSD,SD,AGL,CE,Towers with Radar,39,80,59,16,194,0,6,77,6,89,39,86,136,22,283,126,30,156,439
07/13/2001,FSD,SD,AGL,CE,Towers with Radar,35,65,48,6,154,4,8,70,0,82,39,73,118,6,236,94,0,94,330
07/14/2001,FSD,SD,AGL,CE,Towers with Radar,21,38,29,6,94,12,3,60,0,75,33,41,89,6,169,18,0,18,187
07/15/2001,FSD,SD,AGL,CE,Towers with Radar,18,32,24,6,80,10,3,33,3,49,28,35,57,9,129,4,0,4,133
07/16/2001,FSD,SD,AGL,CE,Towers with Radar,33,61,46,5,145,0,7,51,0,58,33,68,97,5,203,68,0,68,271
07/17/2001,FSD,SD,AGL,CE,Towers with Radar,38,84,62,17,201,0,11,50,6,67,38,95,112,23,268,100,28,128,396
07/18/2001,FSD,SD,AGL,CE,Towers with Radar,40,78,59,16,193,0,10,68,1,79,40,88,127,17,272,116,42,158,430
07/19/2001,FSD,SD,AGL,CE,Towers with Radar,35,83,65,14,197,0,0,68,0,68,35,83,133,14,265,82,8,90,355
07/20/2001,FSD,SD,AGL,CE,Towers with Radar,40,78,58,17,193,0,2,44,6,52,40,80,102,23,245,48,34,82,327
07/21/2001,FSD,SD,AGL,CE,Towers with Radar,26,46,35,9,116,8,5,43,11,67,34,51,78,20,183,10,12,22,205
07/22/2001,FSD,SD,AGL,CE,Towers with Radar,24,34,32,2,92,8,0,61,0,69,32,34,93,2,161,48,0,48,209
07/23/2001,FSD,SD,AGL,CE,Towers with Radar,29,58,43,12,142,0,0,85,0,85,29,58,128,12,227,76,22,98,325
07/24/2001,FSD,SD,AGL,CE,Towers with Radar,40,73,54,8,175,1,16,38,0,55,41,89,92,8,230,72,6,78,308
07/25/2001,FSD,SD,AGL,CE,Towers with Radar,38,93,69,19,219,0,5,123,4,132,38,98,192,23,351,136,46,182,533
07/26/2001,FSD,SD,AGL,CE,Towers with Radar,38,76,69,18,201,0,0,74,15,89,38,76,143,33,290,74,44,118,408
07/27/2001,FSD,SD,AGL,CE,Towers with Radar,38,85,68,18,209,0,0,11,0,11,38,85,79,18,220,42,0,42,262
07/28/2001,FSD,SD,AGL,CE,Towers with Radar,34,45,46,12,137,1,0,55,35,91,35,45,101,47,228,52,8,60,288
07/29/2001,FSD,SD,AGL,CE,Towers with Radar,19,33,25,3,80,10,5,33,0,48,29,38,58,3,128,56,4,60,188
07/30/2001,FSD,SD,AGL,CE,Towers with Radar,30,58,43,8,139,0,5,74,0,79,30,63,117,8,218,56,0,56,274
07/31/2001,FSD,SD,AGL,CE,Towers with Radar,38,69,50,15,172,0,8,43,4,55,38,77,93,19,227,34,18,52,279
08/01/2001,FSD,SD,AGL,CE,Towers with Radar,36,78,56,14,184,1,0,46,0,47,37,78,102,14,231,46,12,58,289
08/02/2001,FSD,SD,AGL,CE,Towers with Radar,34,74,45,16,169,1,2,59,4,66,35,76,104,20,235,116,40,156,391
08/03/2001,FSD,SD,AGL,CE,Towers with Radar,37,76,40,18,171,1,1,64,1,67,38,77,104,19,238,32,44,76,314
08/04/2001,FSD,SD,AGL,CE,Towers with Radar,34,46,29,5,114,1,2,63,3,69,35,48,92,8,183,68,22,90,273
08/05/2001,FSD,SD,AGL,CE,Towers with Radar,27,20,20,16,83,1,10,40,4,55,28,30,60,20,138,10,8,18,156
08/06/2001,FSD,SD,AGL,CE,Towers with Radar,29,57,47,37,170,0,0,76,0,76,29,57,123,37,246,136,32,168,414
08/07/2001,FSD,SD,AGL,CE,Towers with Radar,38,85,69,11,203,0,2,59,1,62,38,87,128,12,265,120,18,138,403
08/08/2001,FSD,SD,AGL,CE,Towers with Radar,40,73,52,20,185,0,0,64,0,64,40,73,116,20,249,138,24,162,411
08/09/2001,FSD,SD,AGL,CE,Towers with Radar,38,78,68,15,199,0,1,44,3,48,38,79,112,18,247,128,6,134,381
08/10/2001,FSD,SD,AGL,CE,Towers with Radar,36,74,63,7,180,0,9,68,2,79,36,83,131,9,259,182,0,182,441
08/11/2001,FSD,SD,AGL,CE,Towers with Radar,34,33,31,2,100,0,27,77,0,104,34,60,108,2,204,64,0,64,268
08/12/2001,FSD,SD,AGL,CE,Towers with Radar,29,20,23,4,76,0,35,6,1,42,29,55,29,5,118,22,0,22,140
08/13/2001,FSD,SD,AGL,CE,Towers with Radar,32,67,31,6,136,0,3,69,0,72,32,70,100,6,208,134,32,166,374
08/14/2001,FSD,SD,AGL,CE,Towers with Radar,38,84,56,25,203,0,3,70,0,73,38,87,126,25,276,64,20,84,360
08/15/2001,FSD,SD,AGL,CE,Towers with Radar,45,89,57,19,210,0,2,43,1,46,45,91,100,20,256,162,4,166,422
08/16/2001,FSD,SD,AGL,CE,Towers with Radar,38,75,89,31,233,0,4,86,3,93,38,79,175,34,326,150,28,178,504
08/17/2001,FSD,SD,AGL,CE,Towers with Radar,41,79,44,13,177,0,2,54,2,58,41,81,98,15,235,96,4,100,335
08/18/2001,FSD,SD,AGL,CE,Towers with Radar,35,45,27,13,120,0,4,107,0,111,35,49,134,13,231,68,10,78,309
08/19/2001,FSD,SD,AGL,CE,Towers with Radar,29,30,12,2,73,0,0,46,0,46,29,30,58,2,119,52,0,52,171
08/20/2001,FSD,SD,AGL,CE,Towers with Radar,29,60,55,15,159,0,0,73,2,75,29,60,128,17,234,96,4,100,334
08/21/2001,FSD,SD,AGL,CE,Towers with Radar,38,80,33,16,167,0,2,67,0,69,38,82,100,16,236,150,0,150,386
08/22/2001,FSD,SD,AGL,CE,Towers with Radar,35,85,77,13,210,0,7,20,0,27,35,92,97,13,237,54,0,54,291
08/23/2001,FSD,SD,AGL,CE,Towers with Radar,34,95,67,18,214,0,12,37,14,63,34,107,104,32,277,46,34,80,357
08/24/2001,FSD,SD,AGL,CE,Towers with Radar,39,97,59,4,199,0,0,14,0,14,39,97,73,4,213,16,4,20,233
08/25/2001,FSD,SD,AGL,CE,Towers with Radar,24,41,32,2,99,11,0,36,0,47,35,41,68,2,146,8,0,8,154
08/26/2001,FSD,SD,AGL,CE,Towers with Radar,28,31,23,0,82,0,3,40,2,45,28,34,63,2,127,34,0,34,161
08/27/2001,FSD,SD,AGL,CE,Towers with Radar,32,64,51,1,148,0,1,68,1,70,32,65,119,2,218,80,0,80,298
08/28/2001,FSD,SD,AGL,CE,Towers with Radar,36,89,58,19,202,0,1,81,3,85,36,90,139,22,287,86,12,98,385
08/29/2001,FSD,SD,AGL,CE,Towers with Radar,38,79,41,9,167,0,0,42,0,42,38,79,83,9,209,40,14,54,263
08/30/2001,FSD,SD,AGL,CE,Towers with Radar,37,77,46,10,170,0,6,64,3,73,37,83,110,13,243,138,12,150,393
08/31/2001,FSD,SD,AGL,CE,Towers with Radar,34,78,43,9,164,0,3,80,3,86,34,81,123,12,250,150,10,160,410
09/01/2001,FSD,SD,AGL,CE,Towers with Radar,25,50,12,1,88,1,5,36,4,46,26,55,48,5,134,80,0,80,214
09/02/2001,FSD,SD,AGL,CE,Towers with Radar,21,30,7,0,58,3,5,30,2,40,24,35,37,2,98,10,0,10,108
09/03/2001,FSD,SD,AGL,CE,Towers with Radar,18,27,18,2,65,3,2,59,0,64,21,29,77,2,129,50,0,50,179
09/04/2001,FSD,SD,AGL,CE,Towers with Radar,28,71,48,8,155,3,4,62,0,69,31,75,110,8,224,68,22,90,314
09/05/2001,FSD,SD,AGL,CE,Towers with Radar,34,86,89,10,219,3,2,60,2,67,37,88,149,12,286,48,12,60,346
09/06/2001,FSD,SD,AGL,CE,Towers with Radar,34,79,79,15,207,3,0,34,3,40,37,79,113,18,247,82,12,94,341
09/07/2001,FSD,SD,AGL,CE,Towers with Radar,38,73,53,9,173,3,0,17,2,22,41,73,70,11,195,36,0,36,231
09/08/2001,FSD,SD,AGL,CE,Towers with Radar,26,41,24,34,125,3,1,40,2,46,29,42,64,36,171,46,0,46,217
09/09/2001,FSD,SD,AGL,CE,Towers with Radar,31,25,20,22,98,3,0,57,3,63,34,25,77,25,161,18,16,34,195
09/10/2001,FSD,SD,AGL,CE,Towers with Radar,29,58,73,3,163,3,0,76,1,80,32,58,149,4,243,98,30,128,371
09/11/2001,FSD,SD,AGL,CE,Towers with Radar,9,25,9,0,43,3,1,21,1,26,12,26,30,1,69,0,0,0,69
09/12/2001,FSD,SD,AGL,CE,Towers with Radar,0,3,1,0,4,0,3,0,0,3,0,6,1,0,7,0,0,0,7
09/13/2001,FSD,SD,AGL,CE,Towers with Radar,8,34,0,5,47,0,27,0,4,31,8,61,0,9,78,0,6,6,84
09/14/2001,FSD,SD,AGL,CE,Towers with Radar,22,56,7,1,86,9,32,0,0,41,31,88,7,1,127,0,2,2,129
09/15/2001,FSD,SD,AGL,CE,Towers with Radar,18,47,16,7,88,2,14,0,0,16,20,61,16,7,104,0,0,0,104
09/16/2001,FSD,SD,AGL,CE,Towers with Radar,12,33,16,0,61,8,0,0,0,8,20,33,16,0,69,10,0,10,79
09/17/2001,FSD,SD,AGL,CE,Towers with Radar,22,84,56,0,162,0,5,20,0,25,22,89,76,0,187,10,0,10,197
09/18/2001,FSD,SD,AGL,CE,Towers with Radar,28,101,72,17,218,0,0,0,29,29,28,101,72,46,247,10,28,38,285
09/19/2001,FSD,SD,AGL,CE,Towers with Radar,28,92,63,12,195,0,0,15,0,15,28,92,78,12,210,0,24,24,234
09/20/2001,FSD,SD,AGL,CE,Towers with Radar,37,98,67,15,217,0,0,32,1,33,37,98,99,16,250,48,0,48,298
09/21/2001,FSD,SD,AGL,CE,Towers with Radar,29,77,56,13,175,0,0,43,5,48,29,77,99,18,223,12,26,38,261
09/22/2001,FSD,SD,AGL,CE,Towers with Radar,16,43,27,0,86,6,4,9,0,19,22,47,36,0,105,14,0,14,119
09/23/2001,FSD,SD,AGL,CE,Towers with Radar,14,29,23,0,66,8,0,34,0,42,22,29,57,0,108,50,0,50,158
09/24/2001,FSD,SD,AGL,CE,Towers with Radar,26,71,47,11,155,0,2,54,4,60,26,73,101,15,215,72,2,74,289
09/25/2001,FSD,SD,AGL,CE,Towers with Radar,32,75,56,12,175,0,0,85,4,89,32,75,141,16,264,82,6,88,352
09/26/2001,FSD,SD,AGL,CE,Towers with Radar,30,85,64,15,194,0,0,59,2,61,30,85,123,17,255,106,18,124,379
09/27/2001,FSD,SD,AGL,CE,Towers with Radar,29,82,60,14,185,0,0,79,9,88,29,82,139,23,273,128,38,166,439
09/28/2001,FSD,SD,AGL,CE,Towers with Radar,28,71,50,7,156,0,14,44,0,58,28,85,94,7,214,90,16,106,320
09/29/2001,FSD,SD,AGL,CE,Towers with Radar,14,34,24,2,74,8,9,41,0,58,22,43,65,2,132,36,0,36,168
09/30/2001,FSD,SD,AGL,CE,Towers with Radar,15,37,26,0,78,5,4,44,0,53,20,41,70,0,131,34,0,34,165
10/01/2001,FSD,SD,AGL,CE,Towers with Radar,21,64,44,20,149,1,0,72,0,73,22,64,116,20,222,90,4,94,316
10/02/2001,FSD,SD,AGL,CE,Towers with Radar,29,89,44,23,185,0,4,39,0,43,29,93,83,23,228,64,30,94,322
10/03/2001,FSD,SD,AGL,CE,Towers with Radar,32,89,65,21,207,1,0,81,0,82,33,89,146,21,289,122,0,122,411
10/04/2001,FSD,SD,AGL,CE,Towers with Radar,29,84,53,13,179,0,16,34,0,50,29,100,87,13,229,70,22,92,321
10/05/2001,FSD,SD,AGL,CE,Towers with Radar,29,92,43,7,171,0,10,53,0,63,29,102,96,7,234,78,12,90,324
10/06/2001,FSD,SD,AGL,CE,Towers with Radar,25,45,19,3,92,0,1,77,1,79,25,46,96,4,171,72,0,72,243
10/07/2001,FSD,SD,AGL,CE,Towers with Radar,22,27,22,0,71,0,0,45,0,45,22,27,67,0,116,44,0,44,160
10/08/2001,FSD,SD,AGL,CE,Towers with Radar,23,61,33,0,117,0,9,36,0,45,23,70,69,0,162,38,0,38,200
10/09/2001,FSD,SD,AGL,CE,Towers with Radar,29,74,71,2,176,0,0,7,0,7,29,74,78,2,183,48,0,48,231
10/10/2001,FSD,SD,AGL,CE,Towers with Radar,32,92,67,20,211,0,0,18,0,18,32,92,85,20,229,20,26,46,275
10/11/2001,FSD,SD,AGL,CE,Towers with Radar,32,86,69,28,215,0,3,68,8,79,32,89,137,36,294,102,106,208,502
10/12/2001,FSD,SD,AGL,CE,Towers with Radar,29,86,43,22,180,0,0,33,4,37,29,86,76,26,217,112,50,162,379
10/13/2001,FSD,SD,AGL,CE,Towers with Radar,22,42,28,23,115,0,10,23,0,33,22,52,51,23,148,36,16,52,200
10/14/2001,FSD,SD,AGL,CE,Towers with Radar,22,26,23,0,71,0,4,18,1,23,22,30,41,1,94,12,0,12,106
10/15/2001,FSD,SD,AGL,CE,Towers with Radar,26,64,40,15,145,0,2,37,0,39,26,66,77,15,184,36,8,44,228
10/16/2001,FSD,SD,AGL,CE,Towers with Radar,38,91,59,26,214,0,3,74,0,77,38,94,133,26,291,96,0,96,387
10/17/2001,FSD,SD,AGL,CE,Towers with Radar,31,100,54,20,205,0,1,58,0,59,31,101,112,20,264,74,6,80,344
10/18/2001,FSD,SD,AGL,CE,Towers with Radar,31,86,54,27,198,0,3,36,2,41,31,89,90,29,239,42,24,66,305
10/19/2001,FSD,SD,AGL,CE,Towers with Radar,30,76,42,2,150,0,3,94,2,99,30,79,136,4,249,76,0,76,325
10/20/2001,FSD,SD,AGL,CE,Towers with Radar,20,45,21,0,86,0,2,52,0,54,20,47,73,0,140,58,0,58,198
10/21/2001,FSD,SD,AGL,CE,Towers with Radar,22,28,25,2,77,0,3,56,2,61,22,31,81,4,138,62,0,62,200
10/22/2001,FSD,SD,AGL,CE,Towers with Radar,23,74,63,2,162,0,0,36,1,37,23,74,99,3,199,72,0,72,271
10/23/2001,FSD,SD,AGL,CE,Towers with Radar,31,86,70,8,195,0,0,70,1,71,31,86,140,9,266,114,16,130,396
10/24/2001,FSD,SD,AGL,CE,Towers with Radar,30,84,59,10,183,0,0,11,0,11,30,84,70,10,194,30,10,40,234
10/25/2001,FSD,SD,AGL,CE,Towers with Radar,32,80,50,4,166,0,6,12,0,18,32,86,62,4,184,2,12,14,198
10/26/2001,FSD,SD,AGL,CE,Towers with Radar,30,78,46,31,185,0,6,60,6,72,30,84,106,37,257,132,44,176,433
10/27/2001,FSD,SD,AGL,CE,Towers with Radar,21,42,16,7,86,0,0,45,2,47,21,42,61,9,133,64,12,76,209
10/28/2001,FSD,SD,AGL,CE,Towers with Radar,24,28,19,0,71,0,0,27,0,27,24,28,46,0,98,40,0,40,138
10/29/2001,FSD,SD,AGL,CE,Towers with Radar,26,68,33,2,129,0,2,45,0,47,26,70,78,2,176,46,0,46,222
10/30/2001,FSD,SD,AGL,CE,Towers with Radar,30,89,52,18,189,0,1,49,0,50,30,90,101,18,239,160,24,184,423
10/31/2001,FSD,SD,AGL,CE,Towers with Radar,31,80,45,13,169,0,0,53,0,53,31,80,98,13,222,116,14,130,352
11/01/2001,FSD,SD,AGL,CE,Towers with Radar,30,76,46,14,166,1,0,51,0,52,31,76,97,14,218,88,18,106,324
11/02/2001,FSD,SD,AGL,CE,Towers with Radar,31,74,40,18,163,0,0,71,0,71,31,74,111,18,234,110,40,150,384
11/03/2001,FSD,SD,AGL,CE,Towers with Radar,28,43,19,13,103,0,0,51,1,52,28,43,70,14,155,74,66,140,295
11/04/2001,FSD,SD,AGL,CE,Towers with Radar,22,27,23,7,79,0,0,54,0,54,22,27,77,7,133,2,0,2,135
11/05/2001,FSD,SD,AGL,CE,Towers with Radar,26,78,29,3,136,0,0,65,1,66,26,78,94,4,202,122,0,122,324
11/06/2001,FSD,SD,AGL,CE,Towers with Radar,30,81,59,22,192,0,0,68,0,68,30,81,127,22,260,82,40,122,382
11/07/2001,FSD,SD,AGL,CE,Towers with Radar,41,81,64,3,189,0,0,43,0,43,41,81,107,3,232,120,8,128,360
11/08/2001,FSD,SD,AGL,CE,Towers with Radar,32,77,67,7,183,0,0,59,0,59,32,77,126,7,242,116,0,116,358
11/09/2001,FSD,SD,AGL,CE,Towers with Radar,30,86,43,4,163,0,0,61,0,61,30,86,104,4,224,86,4,90,314
11/10/2001,FSD,SD,AGL,CE,Towers with Radar,23,50,27,0,100,0,0,75,1,76,23,50,102,1,176,102,0,102,278
11/11/2001,FSD,SD,AGL,CE,Towers with Radar,21,34,42,0,97,0,4,51,0,55,21,38,93,0,152,84,0,84,236
11/12/2001,FSD,SD,AGL,CE,Towers with Radar,24,52,41,0,117,0,0,37,0,37,24,52,78,0,154,48,0,48,202
11/13/2001,FSD,SD,AGL,CE,Towers with Radar,31,83,60,2,176,0,0,30,0,30,31,83,90,2,206,70,0,70,276
11/14/2001,FSD,SD,AGL,CE,Towers with Radar,30,80,73,15,198,0,0,30,0,30,30,80,103,15,228,90,22,112,340
11/15/2001,FSD,SD,AGL,CE,Towers with Radar,26,83,54,19,182,0,0,62,0,62,26,83,116,19,244,114,48,162,406
11/16/2001,FSD,SD,AGL,CE,Towers with Radar,30,76,45,12,163,0,0,58,0,58,30,76,103,12,221,140,4,144,365
11/17/2001,FSD,SD,AGL,CE,Towers with Radar,23,49,28,6,106,0,0,65,8,73,23,49,93,14,179,56,44,100,279
11/18/2001,FSD,SD,AGL,CE,Towers with Radar,14,25,15,2,56,6,0,1,0,7,20,25,16,2,63,2,0,2,65
11/19/2001,FSD,SD,AGL,CE,Towers with Radar,24,61,35,7,127,0,0,77,3,80,24,61,112,10,207,108,2,110,317
11/20/2001,FSD,SD,AGL,CE,Towers with Radar,32,80,49,10,171,0,0,60,12,72,32,80,109,22,243,60,16,76,319
11/21/2001,FSD,SD,AGL,CE,Towers with Radar,33,92,52,7,184,0,16,54,0,70,33,108,106,7,254,146,20,166,420
11/22/2001,FSD,SD,AGL,CE,Towers with Radar,12,28,13,0,53,8,0,3,0,11,20,28,16,0,64,0,0,0,64
11/23/2001,FSD,SD,AGL,CE,Towers with Radar,20,47,18,0,85,5,16,0,0,21,25,63,18,0,106,8,0,8,114
11/24/2001,FSD,SD,AGL,CE,Towers with Radar,17,38,9,2,66,11,5,0,0,16,28,43,9,2,82,0,0,0,82
11/25/2001,FSD,SD,AGL,CE,Towers with Radar,15,24,17,1,57,8,0,6,0,14,23,24,23,1,71,10,0,10,81
11/26/2001,FSD,SD,AGL,CE,Towers with Radar,4,8,0,0,12,2,0,0,1,3,6,8,0,1,15,0,0,0,15
11/27/2001,FSD,SD,AGL,CE,Towers with Radar,32,77,33,0,142,0,30,0,0,30,32,107,33,0,172,2,0,2,174
11/28/2001,FSD,SD,AGL,CE,Towers with Radar,36,83,46,4,169,0,4,15,0,19,36,87,61,4,188,26,2,28,216
11/29/2001,FSD,SD,AGL,CE,Towers with Radar,33,95,55,12,195,0,0,7,7,14,33,95,62,19,209,2,0,2,211
11/30/2001,FSD,SD,AGL,CE,Towers with Radar,31,70,24,6,131,0,18,0,0,18,31,88,24,6,149,4,16,20,169
12/01/2001,FSD,SD,AGL,CE,Towers with Radar,25,44,43,6,118,1,13,41,0,55,26,57,84,6,173,58,6,64,237
12/02/2001,FSD,SD,AGL,CE,Towers with Radar,14,32,26,0,72,1,0,36,0,37,15,32,62,0,109,78,0,78,187
12/03/2001,FSD,SD,AGL,CE,Towers with Radar,20,79,43,9,151,0,1,39,1,41,20,80,82,10,192,122,10,132,324
12/04/2001,FSD,SD,AGL,CE,Towers with Radar,12,38,27,1,78,0,0,0,1,1,12,38,27,2,79,0,0,0,79
12/05/2001,FSD,SD,AGL,CE,Towers with Radar,24,91,60,19,194,0,0,22,3,25,24,91,82,22,219,44,50,94,313
12/06/2001,FSD,SD,AGL,CE,Towers with Radar,27,97,58,9,191,0,1,60,1,62,27,98,118,10,253,98,12,110,363
12/07/2001,FSD,SD,AGL,CE,Towers with Radar,22,99,61,3,185,0,1,41,3,45,22,100,102,6,230,56,0,56,286
12/08/2001,FSD,SD,AGL,CE,Towers with Radar,18,45,51,8,122,1,1,65,9,76,19,46,116,17,198,90,20,110,308
12/09/2001,FSD,SD,AGL,CE,Towers with Radar,16,30,27,4,77,0,2,39,3,44,16,32,66,7,121,44,0,44,165
12/10/2001,FSD,SD,AGL,CE,Towers with Radar,19,73,52,1,145,0,1,49,0,50,19,74,101,1,195,38,0,38,233
12/11/2001,FSD,SD,AGL,CE,Towers with Radar,26,93,39,19,177,0,2,22,0,24,26,95,61,19,201,44,10,54,255
12/12/2001,FSD,SD,AGL,CE,Towers with Radar,27,95,46,23,191,0,1,25,0,26,27,96,71,23,217,54,0,54,271
12/13/2001,FSD,SD,AGL,CE,Towers with Radar,28,106,67,19,220,0,0,39,4,43,28,106,106,23,263,122,28,150,413
12/14/2001,FSD,SD,AGL,CE,Towers with Radar,24,91,55,11,181,0,4,52,1,57,24,95,107,12,238,84,32,116,354
12/15/2001,FSD,SD,AGL,CE,Towers with Radar,19,57,24,0,100,0,2,29,0,31,19,59,53,0,131,12,0,12,143
12/16/2001,FSD,SD,AGL,CE,Towers with Radar,16,35,27,3,81,0,2,18,1,21,16,37,45,4,102,80,0,80,182
12/17/2001,FSD,SD,AGL,CE,Towers with Radar,20,78,59,0,157,0,1,44,0,45,20,79,103,0,202,102,0,102,304
12/18/2001,FSD,SD,AGL,CE,Towers with Radar,29,108,58,2,197,0,2,49,0,51,29,110,107,2,248,84,24,108,356
12/19/2001,FSD,SD,AGL,CE,Towers with Radar,27,110,63,13,213,0,0,76,1,77,27,110,139,14,290,112,18,130,420
12/20/2001,FSD,SD,AGL,CE,Towers with Radar,26,104,59,23,212,0,2,58,4,64,26,106,117,27,276,88,28,116,392
12/21/2001,FSD,SD,AGL,CE,Towers with Radar,27,117,45,12,201,0,0,40,3,43,27,117,85,15,244,128,30,158,402
12/22/2001,FSD,SD,AGL,CE,Towers with Radar,17,74,16,2,109,0,0,2,0,2,17,74,18,2,111,0,0,0,111
12/23/2001,FSD,SD,AGL,CE,Towers with Radar,14,37,6,0,57,0,0,5,0,5,14,37,11,0,62,0,0,0,62
12/24/2001,FSD,SD,AGL,CE,Towers with Radar,17,66,12,0,95,0,2,14,0,16,17,68,26,0,111,18,0,18,129
12/25/2001,FSD,SD,AGL,CE,Towers with Radar,12,29,8,0,49,0,0,0,0,0,12,29,8,0,49,4,0,4,53
12/26/2001,FSD,SD,AGL,CE,Towers with Radar,24,97,40,8,169,0,0,22,2,24,24,97,62,10,193,96,0,96,289
12/27/2001,FSD,SD,AGL,CE,Towers with Radar,26,100,29,15,170,0,0,16,1,17,26,100,45,16,187,54,0,54,241
12/28/2001,FSD,SD,AGL,CE,Towers with Radar,24,87,42,23,176,0,0,23,0,23,24,87,65,23,199,44,6,50,249
12/29/2001,FSD,SD,AGL,CE,Towers with Radar,17,54,17,0,88,0,1,34,0,35,17,55,51,0,123,80,0,80,203
12/30/2001,FSD,SD,AGL,CE,Towers with Radar,17,30,21,0,68,0,0,21,0,21,17,30,42,0,89,8,0,8,97
12/31/2001,FSD,SD,AGL,CE,Towers with Radar,17,61,22,0,100,0,2,53,0,55,17,63,75,0,155,146,0,146,301
01/01/2002,FSD,SD,AGL,CE,Towers with Radar,9,34,18,0,61,1,1,4,0,6,10,35,22,0,67,28,0,28,95
01/02/2002,FSD,SD,AGL,CE,Towers with Radar,26,102,49,22,199,0,0,43,1,44,26,102,92,23,243,86,30,116,359
01/03/2002,FSD,SD,AGL,CE,Towers with Radar,25,93,49,15,182,0,2,51,1,54,25,95,100,16,236,48,8,56,292
01/04/2002,FSD,SD,AGL,CE,Towers with Radar,23,85,48,25,181,0,1,50,1,52,23,86,98,26,233,168,46,214,447
01/05/2002,FSD,SD,AGL,CE,Towers with Radar,20,54,19,2,95,0,1,55,1,57,20,55,74,3,152,100,0,100,252
01/06/2002,FSD,SD,AGL,CE,Towers with Radar,16,37,14,2,69,0,2,24,1,27,16,39,38,3,96,32,0,32,128
01/07/2002,FSD,SD,AGL,CE,Towers with Radar,18,77,42,25,162,0,1,62,2,65,18,78,104,27,227,114,32,146,373
01/08/2002,FSD,SD,AGL,CE,Towers with Radar,23,98,63,22,206,0,1,71,3,75,23,99,134,25,281,68,38,106,387
01/09/2002,FSD,SD,AGL,CE,Towers with Radar,27,94,51,19,191,0,0,44,4,48,27,94,95,23,239,146,46,192,431
01/10/2002,FSD,SD,AGL,CE,Towers with Radar,24,99,57,32,212,0,2,41,1,44,24,101,98,33,256,94,12,106,362
01/11/2002,FSD,SD,AGL,CE,Towers with Radar,26,92,47,23,188,0,1,52,0,53,26,93,99,23,241,66,40,106,347
01/12/2002,FSD,SD,AGL,CE,Towers with Radar,18,50,36,17,121,0,3,72,2,77,18,53,108,19,198,168,30,198,396
01/13/2002,FSD,SD,AGL,CE,Towers with Radar,16,36,5,0,57,0,0,1,0,1,16,36,6,0,58,18,0,18,76
01/14/2002,FSD,SD,AGL,CE,Towers with Radar,16,82,26,21,145,0,1,5,0,6,16,83,31,21,151,14,28,42,193
01/15/2002,FSD,SD,AGL,CE,Towers with Radar,27,98,68,23,216,0,0,35,2,37,27,98,103,25,253,42,20,62,315
01/16/2002,FSD,SD,AGL,CE,Towers with Radar,28,87,62,34,211,0,0,33,2,35,28,87,95,36,246,82,52,134,380
01/17/2002,FSD,SD,AGL,CE,Towers with Radar,24,105,46,17,192,0,1,43,1,45,24,106,89,18,237,64,4,68,305
01/18/2002,FSD,SD,AGL,CE,Towers with Radar,24,102,51,2,179,0,1,45,1,47,24,103,96,3,226,72,0,72,298
01/19/2002,FSD,SD,AGL,CE,Towers with Radar,19,44,28,0,91,0,0,39,0,39,19,44,67,0,130,90,0,90,220
01/20/2002,FSD,SD,AGL,CE,Towers with Radar,12,38,22,0,72,6,0,39,0,45,18,38,61,0,117,74,0,74,191
01/21/2002,FSD,SD,AGL,CE,Towers with Radar,17,76,25,0,118,0,0,64,0,64,17,76,89,0,182,104,0,104,286
01/22/2002,FSD,SD,AGL,CE,Towers with Radar,26,88,61,8,183,0,0,59,0,59,26,88,120,8,242,100,28,128,370
01/23/2002,FSD,SD,AGL,CE,Towers with Radar,25,92,64,25,206,0,0,35,0,35,25,92,99,25,241,90,30,120,361
01/24/2002,FSD,SD,AGL,CE,Towers with Radar,27,87,50,19,183,0,0,57,6,63,27,87,107,25,246,100,28,128,374
01/25/2002,FSD,SD,AGL,CE,Towers with Radar,26,94,40,17,177,0,2,50,2,54,26,96,90,19,231,116,0,116,347
01/26/2002,FSD,SD,AGL,CE,Towers with Radar,17,47,24,10,98,0,1,92,4,97,17,48,116,14,195,132,16,148,343
01/27/2002,FSD,SD,AGL,CE,Towers with Radar,18,43,13,1,75,0,0,14,0,14,18,43,27,1,89,36,0,36,125
01/28/2002,FSD,SD,AGL,CE,Towers with Radar,20,74,42,2,138,0,0,0,0,0,20,74,42,2,138,0,0,0,138
01/29/2002,FSD,SD,AGL,CE,Towers with Radar,26,108,41,0,175,0,3,10,0,13,26,111,51,0,188,18,0,18,206
01/30/2002,FSD,SD,AGL,CE,Towers with Radar,23,99,55,43,220,0,2,47,4,53,23,101,102,47,273,132,82,214,487
01/31/2002,FSD,SD,AGL,CE,Towers with Radar,29,101,54,2,186,0,0,13,0,13,29,101,67,2,199,56,0,56,255
02/01/2002,FSD,SD,AGL,CE,Towers with Radar,26,90,53,12,181,1,1,61,1,64,27,91,114,13,245,164,14,178,423
02/02/2002,FSD,SD,AGL,CE,Towers with Radar,16,51,18,15,100,1,5,32,0,38,17,56,50,15,138,86,20,106,244
02/03/2002,FSD,SD,AGL,CE,Towers with Radar,17,32,12,4,65,0,5,14,0,19,17,37,26,4,84,22,0,22,106
02/04/2002,FSD,SD,AGL,CE,Towers with Radar,20,77,54,15,166,0,1,28,0,29,20,78,82,15,195,30,4,34,229
02/05/2002,FSD,SD,AGL,CE,Towers with Radar,26,100,52,18,196,0,1,52,0,53,26,101,104,18,249,110,8,118,367
02/06/2002,FSD,SD,AGL,CE,Towers with Radar,26,93,50,25,194,0,1,56,1,58,26,94,106,26,252,106,64,170,422
02/07/2002,FSD,SD,AGL,CE,Towers with Radar,29,94,68,18,209,0,1,54,0,55,29,95,122,18,264,96,18,114,378
02/08/2002,FSD,SD,AGL,CE,Towers with Radar,23,85,47,6,161,0,0,56,0,56,23,85,103,6,217,72,12,84,301
02/09/2002,FSD,SD,AGL,CE,Towers with Radar,15,50,6,0,71,0,2,0,2,4,15,52,6,2,75,48,0,48,123
02/10/2002,FSD,SD,AGL,CE,Towers with Radar,19,35,17,0,71,0,0,0,0,0,19,35,17,0,71,0,0,0,71
02/11/2002,FSD,SD,AGL,CE,Towers with Radar,20,73,30,3,126,0,4,16,1,21,20,77,46,4,147,4,4,8,155
02/12/2002,FSD,SD,AGL,CE,Towers with Radar,25,97,47,0,169,0,0,31,0,31,25,97,78,0,200,34,0,34,234
02/13/2002,FSD,SD,AGL,CE,Towers with Radar,25,101,56,14,196,0,0,70,4,74,25,101,126,18,270,80,44,124,394
02/14/2002,FSD,SD,AGL,CE,Towers with Radar,32,102,48,14,196,0,0,72,2,74,32,102,120,16,270,64,16,80,350
02/15/2002,FSD,SD,AGL,CE,Towers with Radar,24,96,46,17,183,0,1,51,1,53,24,97,97,18,236,56,24,80,316
02/16/2002,FSD,SD,AGL,CE,Towers with Radar,17,60,19,9,105,0,2,67,2,71,17,62,86,11,176,26,0,26,202
02/17/2002,FSD,SD,AGL,CE,Towers with Radar,17,33,33,0,83,0,5,35,0,40,17,38,68,0,123,0,0,0,123
02/18/2002,FSD,SD,AGL,CE,Towers with Radar,18,67,42,0,127,0,5,42,0,47,18,72,84,0,174,70,0,70,244
02/19/2002,FSD,SD,AGL,CE,Towers with Radar,26,104,72,11,213,0,0,3,0,3,26,104,75,11,216,0,12,12,228
02/20/2002,FSD,SD,AGL,CE,Towers with Radar,25,101,44,4,174,0,0,26,4,30,25,101,70,8,204,56,16,72,276
02/21/2002,FSD,SD,AGL,CE,Towers with Radar,26,109,67,2,204,0,1,81,5,87,26,110,148,7,291,122,0,122,413
02/22/2002,FSD,SD,AGL,CE,Towers with Radar,22,88,49,4,163,0,1,63,2,66,22,89,112,6,229,178,0,178,407
02/23/2002,FSD,SD,AGL,CE,Towers with Radar,17,60,26,0,103,0,0,61,2,63,17,60,87,2,166,68,0,68,234
02/24/2002,FSD,SD,AGL,CE,Towers with Radar,18,35,15,2,70,0,0,0,0,0,18,35,15,2,70,0,0,0,70
02/25/2002,FSD,SD,AGL,CE,Towers with Radar,20,78,55,6,159,0,0,9,0,9,20,78,64,6,168,10,12,22,190
02/26/2002,FSD,SD,AGL,CE,Towers with Radar,25,99,62,9,195,0,0,20,0,20,25,99,82,9,215,32,2,34,249
02/27/2002,FSD,SD,AGL,CE,Towers with Radar,26,97,65,0,188,0,0,56,0,56,26,97,121,0,244,56,0,56,300
02/28/2002,FSD,SD,AGL,CE,Towers with Radar,27,105,40,1,173,0,2,48,0,50,27,107,88,1,223,98,0,98,321
03/01/2002,FSD,SD,AGL,CE,Towers with Radar,23,96,38,13,170,1,1,20,0,22,24,97,58,13,192,58,0,58,250
03/02/2002,FSD,SD,AGL,CE,Towers with Radar,17,47,20,7,91,0,7,34,0,41,17,54,54,7,132,114,0,114,246
03/03/2002,FSD,SD,AGL,CE,Towers with Radar,17,34,20,5,76,1,3,24,0,28,18,37,44,5,104,36,0,36,140
03/04/2002,FSD,SD,AGL,CE,Towers with Radar,21,87,30,4,142,1,1,28,0,30,22,88,58,4,172,30,2,32,204
03/05/2002,FSD,SD,AGL,CE,Towers with Radar,25,102,46,18,191,1,1,59,0,61,26,103,105,18,252,104,0,104,356
03/06/2002,FSD,SD,AGL,CE,Towers with Radar,25,100,49,15,189,0,1,27,0,28,25,101,76,15,217,56,0,56,273
03/07/2002,FSD,SD,AGL,CE,Towers with Radar,24,83,31,0,138,1,1,3,0,5,25,84,34,0,143,20,0,20,163
03/08/2002,FSD,SD,AGL,CE,Towers with Radar,26,101,17,0,144,1,1,0,0,2,27,102,17,0,146,0,0,0,146
03/09/2002,FSD,SD,AGL,CE,Towers with Radar,15,65,14,1,95,1,2,5,0,8,16,67,19,1,103,0,0,0,103
03/10/2002,FSD,SD,AGL,CE,Towers with Radar,16,41,33,4,94,0,1,54,1,56,16,42,87,5,150,124,0,124,274
03/11/2002,FSD,SD,AGL,CE,Towers with Radar,19,82,41,3,145,1,1,76,0,78,20,83,117,3,223,32,0,32,255
03/12/2002,FSD,SD,AGL,CE,Towers with Radar,24,115,60,17,216,1,1,83,0,85,25,116,143,17,301,134,2,136,437
03/13/2002,FSD,SD,AGL,CE,Towers with Radar,27,114,69,18,228,1,1,77,0,79,28,115,146,18,307,114,34,148,455
03/14/2002,FSD,SD,AGL,CE,Towers with Radar,14,75,16,0,105,1,1,0,0,2,15,76,16,0,107,0,0,0,107
03/15/2002,FSD,SD,AGL,CE,Towers with Radar,27,118,75,0,220,1,6,48,0,55,28,124,123,0,275,168,0,168,443
03/16/2002,FSD,SD,AGL,CE,Towers with Radar,14,53,29,12,108,1,4,59,10,74,15,57,88,22,182,150,16,166,348
03/17/2002,FSD,SD,AGL,CE,Towers with Radar,18,39,21,5,83,1,1,7,0,9,19,40,28,5,92,26,10,36,128
03/18/2002,FSD,SD,AGL,CE,Towers with Radar,16,81,25,13,135,1,1,3,0,5,17,82,28,13,140,8,0,8,148
03/19/2002,FSD,SD,AGL,CE,Towers with Radar,22,111,59,12,204,0,5,55,18,78,22,116,114,30,282,98,32,130,412
03/20/2002,FSD,SD,AGL,CE,Towers with Radar,21,99,55,9,184,1,0,8,0,9,22,99,63,9,193,0,0,0,193
03/21/2002,FSD,SD,AGL,CE,Towers with Radar,26,99,75,7,207,0,6,32,1,39,26,105,107,8,246,74,0,74,320
03/22/2002,FSD,SD,AGL,CE,Towers with Radar,24,100,54,4,182,0,2,79,0,81,24,102,133,4,263,130,0,130,393
03/23/2002,FSD,SD,AGL,CE,Towers with Radar,19,56,38,3,116,0,1,67,4,72,19,57,105,7,188,166,0,166,354
03/24/2002,FSD,SD,AGL,CE,Towers with Radar,18,35,34,2,89,0,0,47,0,47,18,35,81,2,136,74,0,74,210
03/25/2002,FSD,SD,AGL,CE,Towers with Radar,19,69,67,1,156,0,1,81,0,82,19,70,148,1,238,102,0,102,340
03/26/2002,FSD,SD,AGL,CE,Towers with Radar,25,95,69,15,204,0,1,70,0,71,25,96,139,15,275,184,12,196,471
03/27/2002,FSD,SD,AGL,CE,Towers with Radar,29,119,74,16,238,0,0,85,4,89,29,119,159,20,327,92,16,108,435
03/28/2002,FSD,SD,AGL,CE,Towers with Radar,26,92,56,30,204,0,2,64,0,66,26,94,120,30,270,218,42,260,530
03/29/2002,FSD,SD,AGL,CE,Towers with Radar,22,86,53,29,190,0,4,59,0,63,22,90,112,29,253,118,60,178,431
03/30/2002,FSD,SD,AGL,CE,Towers with Radar,17,57,23,0,97,0,4,44,0,48,17,61,67,0,145,136,0,136,281
03/31/2002,FSD,SD,AGL,CE,Towers with Radar,18,41,13,2,74,0,3,27,0,30,18,44,40,2,104,4,0,4,108
04/01/2002,FSD,SD,AGL,CE,Towers with Radar,28,72,38,13,151,0,2,56,0,58,28,74,94,13,209,104,8,112,321
04/02/2002,FSD,SD,AGL,CE,Towers with Radar,27,92,54,2,175,0,2,8,0,10,27,94,62,2,185,0,0,0,185
04/03/2002,FSD,SD,AGL,CE,Towers with Radar,25,95,76,30,226,0,2,38,0,40,25,97,114,30,266,100,40,140,406
04/04/2002,FSD,SD,AGL,CE,Towers with Radar,25,93,50,17,185,0,2,73,0,75,25,95,123,17,260,80,16,96,356
04/05/2002,FSD,SD,AGL,CE,Towers with Radar,25,101,79,19,224,0,4,97,2,103,25,105,176,21,327,290,38,328,655
04/06/2002,FSD,SD,AGL,CE,Towers with Radar,15,61,40,3,119,0,2,20,7,29,15,63,60,10,148,48,14,62,210
04/07/2002,FSD,SD,AGL,CE,Towers with Radar,12,3,29,2,46,4,0,44,0,48,16,3,73,2,94,112,2,114,208
04/08/2002,FSD,SD,AGL,CE,Towers with Radar,20,74,65,23,182,0,2,66,0,68,20,76,131,23,250,102,6,108,358
04/09/2002,FSD,SD,AGL,CE,Towers with Radar,24,102,65,24,215,0,2,73,0,75,24,104,138,24,290,100,10,110,400
04/10/2002,FSD,SD,AGL,CE,Towers with Radar,22,100,55,34,211,0,2,46,0,48,22,102,101,34,259,120,40,160,419
04/11/2002,FSD,SD,AGL,CE,Towers with Radar,22,111,80,2,215,0,1,1,1,3,22,112,81,3,218,6,0,6,224
04/12/2002,FSD,SD,AGL,CE,Towers with Radar,25,79,53,12,169,0,4,69,5,78,25,83,122,17,247,146,46,192,439
04/13/2002,FSD,SD,AGL,CE,Towers with Radar,15,53,21,0,89,0,5,25,1,31,15,58,46,1,120,76,0,76,196
04/14/2002,FSD,SD,AGL,CE,Towers with Radar,16,35,23,4,78,0,1,44,4,49,16,36,67,8,127,104,6,110,237
04/15/2002,FSD,SD,AGL,CE,Towers with Radar,20,83,40,11,154,0,3,47,1,51,20,86,87,12,205,28,16,44,249
04/16/2002,FSD,SD,AGL,CE,Towers with Radar,27,94,53,27,201,0,3,43,0,46,27,97,96,27,247,34,18,52,299
04/17/2002,FSD,SD,AGL,CE,Towers with Radar,25,93,81,20,219,0,4,83,1,88,25,97,164,21,307,62,46,108,415
04/18/2002,FSD,SD,AGL,CE,Towers with Radar,25,106,62,27,220,0,5,33,0,38,25,111,95,27,258,92,36,128,386
04/19/2002,FSD,SD,AGL,CE,Towers with Radar,24,104,39,0,167,0,1,43,0,44,24,105,82,0,211,108,0,108,319
04/20/2002,FSD,SD,AGL,CE,Towers with Radar,16,57,26,2,101,0,5,34,0,39,16,62,60,2,140,108,0,108,248
04/21/2002,FSD,SD,AGL,CE,Towers with Radar,16,34,10,0,60,0,1,0,0,1,16,35,10,0,61,0,0,0,61
04/22/2002,FSD,SD,AGL,CE,Towers with Radar,18,81,57,6,162,0,1,34,4,39,18,82,91,10,201,56,0,56,257
04/23/2002,FSD,SD,AGL,CE,Towers with Radar,25,89,68,13,195,0,1,60,0,61,25,90,128,13,256,78,4,82,338
04/24/2002,FSD,SD,AGL,CE,Towers with Radar,26,98,45,6,175,0,1,30,0,31,26,99,75,6,206,4,0,4,210
04/25/2002,FSD,SD,AGL,CE,Towers with Radar,25,97,59,9,190,0,1,64,4,69,25,98,123,13,259,36,4,40,299
04/26/2002,FSD,SD,AGL,CE,Towers with Radar,23,105,65,16,209,0,4,43,1,48,23,109,108,17,257,100,14,114,371
04/27/2002,FSD,SD,AGL,CE,Towers with Radar,13,68,24,0,105,0,1,0,0,1,13,69,24,0,106,6,0,6,112
04/28/2002,FSD,SD,AGL,CE,Towers with Radar,14,35,46,0,95,0,8,17,0,25,14,43,63,0,120,38,0,38,158
04/29/2002,FSD,SD,AGL,CE,Towers with Radar,20,83,39,7,149,0,2,67,0,69,20,85,106,7,218,82,34,116,334
04/30/2002,FSD,SD,AGL,CE,Towers with Radar,30,113,94,15,252,0,2,84,1,87,30,115,178,16,339,148,2,150,489
05/01/2002,FSD,SD,AGL,CE,Towers with Radar,26,105,77,26,234,1,0,27,0,28,27,105,104,26,262,50,16,66,328
05/02/2002,FSD,SD,AGL,CE,Towers with Radar,28,96,80,10,214,0,0,57,8,65,28,96,137,18,279,78,34,112,391
05/03/2002,FSD,SD,AGL,CE,Towers with Radar,27,95,30,21,173,1,2,28,1,32,28,97,58,22,205,88,8,96,301
05/04/2002,FSD,SD,AGL,CE,Towers with Radar,20,55,33,24,132,1,5,58,10,74,21,60,91,34,206,108,88,196,402
05/05/2002,FSD,SD,AGL,CE,Towers with Radar,17,35,18,0,70,1,4,18,1,24,18,39,36,1,94,38,0,38,132
05/06/2002,FSD,SD,AGL,CE,Towers with Radar,18,85,62,25,190,0,1,23,0,24,18,86,85,25,214,66,54,120,334
05/07/2002,FSD,SD,AGL,CE,Towers with Radar,27,96,47,19,189,1,0,27,0,28,28,96,74,19,217,38,22,60,277
05/08/2002,FSD,SD,AGL,CE,Towers with Radar,43,109,70,0,222,0,0,0,0,0,43,109,70,0,222,40,0,40,262
05/09/2002,FSD,SD,AGL,CE,Towers with Radar,26,98,47,14,185,1,5,36,0,42,27,103,83,14,227,28,0,28,255
05/10/2002,FSD,SD,AGL,CE,Towers with Radar,24,100,39,10,173,1,12,49,3,65,25,112,88,13,238,184,46,230,468
05/11/2002,FSD,SD,AGL,CE,Towers with Radar,20,57,27,0,104,1,0,0,0,1,21,57,27,0,105,24,0,24,129
05/12/2002,FSD,SD,AGL,CE,Towers with Radar,19,44,48,4,115,1,4,18,0,23,20,48,66,4,138,130,20,150,288
05/13/2002,FSD,SD,AGL,CE,Towers with Radar,22,79,53,4,158,1,0,71,0,72,23,79,124,4,230,54,38,92,322
05/14/2002,FSD,SD,AGL,CE,Towers with Radar,26,93,67,25,211,0,1,99,11,111,26,94,166,36,322,112,44,156,478
05/15/2002,FSD,SD,AGL,CE,Towers with Radar,26,103,49,17,195,0,1,49,0,50,26,104,98,17,245,112,36,148,393
05/16/2002,FSD,SD,AGL,CE,Towers with Radar,26,90,83,36,235,0,5,39,0,44,26,95,122,36,279,88,34,122,401
05/17/2002,FSD,SD,AGL,CE,Towers with Radar,25,95,58,20,198,0,3,106,0,109,25,98,164,20,307,148,28,176,483
05/18/2002,FSD,SD,AGL,CE,Towers with Radar,22,52,25,11,110,0,1,100,2,103,22,53,125,13,213,92,26,118,331
05/19/2002,FSD,SD,AGL,CE,Towers with Radar,18,42,42,1,103,0,2,56,1,59,18,44,98,2,162,120,0,120,282
05/20/2002,FSD,SD,AGL,CE,Towers with Radar,21,81,42,8,152,0,0,60,0,60,21,81,102,8,212,110,18,128,340
05/21/2002,FSD,SD,AGL,CE,Towers with Radar,25,97,61,14,197,0,0,55,0,55,25,97,116,14,252,56,4,60,312
05/22/2002,FSD,SD,AGL,CE,Towers with Radar,28,100,41,9,178,0,1,23,0,24,28,101,64,9,202,54,8,62,264
05/23/2002,FSD,SD,AGL,CE,Towers with Radar,23,100,54,7,184,0,4,45,0,49,23,104,99,7,233,36,8,44,277
05/24/2002,FSD,SD,AGL,CE,Towers with Radar,24,98,82,15,219,0,2,95,0,97,24,100,177,15,316,148,14,162,478
05/25/2002,FSD,SD,AGL,CE,Towers with Radar,22,51,38,0,111,0,6,54,0,60,22,57,92,0,171,54,0,54,225
05/26/2002,FSD,SD,AGL,CE,Towers with Radar,12,37,17,0,66,0,3,21,0,24,12,40,38,0,90,24,0,24,114
05/27/2002,FSD,SD,AGL,CE,Towers with Radar,14,38,20,0,72,0,0,31,0,31,14,38,51,0,103,88,0,88,191
05/28/2002,FSD,SD,AGL,CE,Towers with Radar,28,95,59,2,184,0,0,59,0,59,28,95,118,2,243,112,10,122,365
05/29/2002,FSD,SD,AGL,CE,Towers with Radar,27,104,64,18,213,0,1,55,1,57,27,105,119,19,270,154,44,198,468
05/30/2002,FSD,SD,AGL,CE,Towers with Radar,27,97,58,12,194,0,0,63,0,63,27,97,121,12,257,86,20,106,363
05/31/2002,FSD,SD,AGL,CE,Towers with Radar,26,105,58,27,216,0,7,67,2,76,26,112,125,29,292,106,38,144,436
06/01/2002,FSD,SD,AGL,CE,Towers with Radar,20,64,37,3,124,1,0,30,0,31,21,64,67,3,155,34,0,34,189
06/02/2002,FSD,SD,AGL,CE,Towers with Radar,20,46,26,0,92,0,2,8,0,10,20,48,34,0,102,66,8,74,176
06/03/2002,FSD,SD,AGL,CE,Towers with Radar,20,80,68,0,168,0,0,0,0,0,20,80,68,0,168,26,0,26,194
06/04/2002,FSD,SD,AGL,CE,Towers with Radar,25,93,71,29,218,0,0,41,0,41,25,93,112,29,259,132,12,144,403
06/05/2002,FSD,SD,AGL,CE,Towers with Radar,26,99,66,12,203,0,1,66,0,67,26,100,132,12,270,66,28,94,364
06/06/2002,FSD,SD,AGL,CE,Towers with Radar,26,101,58,19,204,0,0,42,2,44,26,101,100,21,248,22,26,48,296
06/07/2002,FSD,SD,AGL,CE,Towers with Radar,26,101,37,11,175,0,4,44,0,48,26,105,81,11,223,102,16,118,341
06/08/2002,FSD,SD,AGL,CE,Towers with Radar,23,59,32,23,137,0,0,20,0,20,23,59,52,23,157,46,24,70,227
06/09/2002,FSD,SD,AGL,CE,Towers with Radar,20,35,17,10,82,0,0,1,0,1,20,35,18,10,83,0,0,0,83
06/10/2002,FSD,SD,AGL,CE,Towers with Radar,25,76,73,19,193,3,1,37,0,41,28,77,110,19,234,28,12,40,274
06/11/2002,FSD,SD,AGL,CE,Towers with Radar,27,87,56,22,192,0,0,83,0,83,27,87,139,22,275,110,42,152,427
06/12/2002,FSD,SD,AGL,CE,Towers with Radar,29,97,50,31,207,0,1,49,0,50,29,98,99,31,257,90,46,136,393
06/13/2002,FSD,SD,AGL,CE,Towers with Radar,28,104,59,25,216,0,1,46,0,47,28,105,105,25,263,110,28,138,401
06/14/2002,FSD,SD,AGL,CE,Towers with Radar,28,96,44,9,177,0,2,62,0,64,28,98,106,9,241,58,12,70,311
06/15/2002,FSD,SD,AGL,CE,Towers with Radar,26,58,31,4,119,0,0,58,0,58,26,58,89,4,177,36,0,36,213
06/16/2002,FSD,SD,AGL,CE,Towers with Radar,20,37,21,2,80,0,1,42,0,43,20,38,63,2,123,34,0,34,157
06/17/2002,FSD,SD,AGL,CE,Towers with Radar,23,90,57,2,172,0,3,51,2,56,23,93,108,4,228,80,0,80,308
06/18/2002,FSD,SD,AGL,CE,Towers with Radar,27,93,74,29,223,0,0,59,0,59,27,93,133,29,282,96,52,148,430
06/19/2002,FSD,SD,AGL,CE,Towers with Radar,33,101,65,30,229,0,6,56,0,62,33,107,121,30,291,94,36,130,421
06/20/2002,FSD,SD,AGL,CE,Towers with Radar,28,98,65,14,205,0,1,86,4,91,28,99,151,18,296,130,10,140,436
06/21/2002,FSD,SD,AGL,CE,Towers with Radar,27,89,50,11,177,0,2,39,2,43,27,91,89,13,220,52,2,54,274
06/22/2002,FSD,SD,AGL,CE,Towers with Radar,22,60,27,0,109,0,1,37,3,41,22,61,64,3,150,80,0,80,230
06/23/2002,FSD,SD,AGL,CE,Towers with Radar,19,40,26,2,87,0,2,37,2,41,19,42,63,4,128,38,0,38,166
06/24/2002,FSD,SD,AGL,CE,Towers with Radar,27,90,41,9,167,0,0,52,0,52,27,90,93,9,219,90,26,116,335
06/25/2002,FSD,SD,AGL,CE,Towers with Radar,23,89,50,14,176,0,6,41,1,48,23,95,91,15,224,50,18,68,292
06/26/2002,FSD,SD,AGL,CE,Towers with Radar,26,111,71,15,223,0,1,81,0,82,26,112,152,15,305,138,26,164,469
06/27/2002,FSD,SD,AGL,CE,Towers with Radar,27,109,45,18,199,0,4,97,5,106,27,113,142,23,305,96,42,138,443
06/28/2002,FSD,SD,AGL,CE,Towers with Radar,26,98,48,14,186,0,4,61,0,65,26,102,109,14,251,92,22,114,365
06/29/2002,FSD,SD,AGL,CE,Towers with Radar,24,68,24,1,117,0,0,44,2,46,24,68,68,3,163,100,0,100,263
06/30/2002,FSD,SD,AGL,CE,Towers with Radar,20,39,28,0,87,0,0,45,0,45,20,39,73,0,132,38,0,38,170
07/01/2002,FSD,SD,AGL,CE,Towers with Radar,21,85,36,30,172,1,8,42,0,51,22,93,78,30,223,14,36,50,273
07/02/2002,FSD,SD,AGL,CE,Towers with Radar,27,100,65,17,209,1,3,58,0,62,28,103,123,17,271,80,0,80,351
07/03/2002,FSD,SD,AGL,CE,Towers with Radar,29,99,51,11,190,1,0,94,2,97,30,99,145,13,287,134,32,166,453
07/04/2002,FSD,SD,AGL,CE,Towers with Radar,13,43,12,0,68,0,0,18,4,22,13,43,30,4,90,2,0,2,92
07/05/2002,FSD,SD,AGL,CE,Towers with Radar,19,91,24,2,136,0,3,40,0,43,19,94,64,2,179,44,0,44,223
07/06/2002,FSD,SD,AGL,CE,Towers with Radar,23,55,18,2,98,0,2,47,2,51,23,57,65,4,149,38,0,38,187
07/07/2002,FSD,SD,AGL,CE,Towers with Radar,20,46,28,8,102,0,4,25,0,29,20,50,53,8,131,50,0,50,181
07/08/2002,FSD,SD,AGL,CE,Towers with Radar,25,93,75,0,193,0,1,40,0,41,25,94,115,0,234,32,0,32,266
07/09/2002,FSD,SD,AGL,CE,Towers with Radar,26,105,54,19,204,0,1,75,0,76,26,106,129,19,280,94,8,102,382
07/10/2002,FSD,SD,AGL,CE,Towers with Radar,31,111,67,24,233,0,0,54,0,54,31,111,121,24,287,114,44,158,445
07/11/2002,FSD,SD,AGL,CE,Towers with Radar,30,98,65,29,222,0,0,20,4,24,30,98,85,33,246,48,2,50,296
07/12/2002,FSD,SD,AGL,CE,Towers with Radar,28,94,76,14,212,0,7,116,1,124,28,101,192,15,336,124,48,172,508
07/13/2002,FSD,SD,AGL,CE,Towers with Radar,24,60,32,8,124,0,1,43,4,48,24,61,75,12,172,64,0,64,236
07/14/2002,FSD,SD,AGL,CE,Towers with Radar,20,40,26,5,91,0,0,43,0,43,20,40,69,5,134,14,0,14,148
07/15/2002,FSD,SD,AGL,CE,Towers with Radar,21,86,45,15,167,0,2,66,0,68,21,88,111,15,235,34,52,86,321
07/16/2002,FSD,SD,AGL,CE,Towers with Radar,26,107,44,8,185,0,3,71,0,74,26,110,115,8,259,84,18,102,361
07/17/2002,FSD,SD,AGL,CE,Towers with Radar,30,103,38,12,183,0,1,67,4,72,30,104,105,16,255,88,16,104,359
07/18/2002,FSD,SD,AGL,CE,Towers with Radar,27,103,57,8,195,0,3,65,2,70,27,106,122,10,265,130,16,146,411
07/19/2002,FSD,SD,AGL,CE,Towers with Radar,29,100,55,0,184,0,3,57,1,61,29,103,112,1,245,116,0,116,361
07/20/2002,FSD,SD,AGL,CE,Towers with Radar,32,54,27,0,113,0,3,89,4,96,32,57,116,4,209,60,0,60,269
07/21/2002,FSD,SD,AGL,CE,Towers with Radar,19,38,20,2,79,0,0,45,0,45,19,38,65,2,124,10,0,10,134
07/22/2002,FSD,SD,AGL,CE,Towers with Radar,23,68,39,0,130,0,2,82,0,84,23,70,121,0,214,98,0,98,312
07/23/2002,FSD,SD,AGL,CE,Towers with Radar,31,106,47,8,192,0,2,75,0,77,31,108,122,8,269,78,0,78,347
07/24/2002,FSD,SD,AGL,CE,Towers with Radar,26,100,49,11,186,0,5,53,0,58,26,105,102,11,244,34,32,66,310
07/25/2002,FSD,SD,AGL,CE,Towers with Radar,29,103,57,11,200,0,13,100,0,113,29,116,157,11,313,68,12,80,393
07/26/2002,FSD,SD,AGL,CE,Towers with Radar,25,97,59,12,193,0,5,114,1,120,25,102,173,13,313,164,22,186,499
07/27/2002,FSD,SD,AGL,CE,Towers with Radar,27,56,41,11,135,0,0,26,3,29,27,56,67,14,164,16,4,20,184
07/28/2002,FSD,SD,AGL,CE,Towers with Radar,20,41,37,3,101,0,0,43,0,43,20,41,80,3,144,24,0,24,168
07/29/2002,FSD,SD,AGL,CE,Towers with Radar,25,78,50,4,157,0,2,75,0,77,25,80,125,4,234,54,0,54,288
07/30/2002,FSD,SD,AGL,CE,Towers with Radar,29,104,51,14,198,0,0,66,1,67,29,104,117,15,265,132,0,132,397
07/31/2002,FSD,SD,AGL,CE,Towers with Radar,27,101,67,23,218,0,19,59,3,81,27,120,126,26,299,122,22,144,443
08/01/2002,FSD,SD,AGL,CE,Towers with Radar,26,112,61,20,219,1,1,73,0,75,27,113,134,20,294,64,34,98,392
08/02/2002,FSD,SD,AGL,CE,Towers with Radar,27,106,48,19,200,1,3,81,0,85,28,109,129,19,285,198,42,240,525
08/03/2002,FSD,SD,AGL,CE,Towers with Radar,22,54,34,13,123,1,5,26,0,32,23,59,60,13,155,70,14,84,239
08/04/2002,FSD,SD,AGL,CE,Towers with Radar,20,46,42,3,111,1,0,11,0,12,21,46,53,3,123,40,0,40,163
08/05/2002,FSD,SD,AGL,CE,Towers with Radar,18,84,88,26,216,1,0,19,0,20,19,84,107,26,236,52,4,56,292
08/06/2002,FSD,SD,AGL,CE,Towers with Radar,28,110,63,21,222,1,0,22,0,23,29,110,85,21,245,54,2,56,301
08/07/2002,FSD,SD,AGL,CE,Towers with Radar,29,110,56,18,213,0,1,45,1,47,29,111,101,19,260,136,4,140,400
08/08/2002,FSD,SD,AGL,CE,Towers with Radar,29,98,64,13,204,0,12,60,5,77,29,110,124,18,281,102,4,106,387
08/09/2002,FSD,SD,AGL,CE,Towers with Radar,26,85,56,5,172,0,10,58,0,68,26,95,114,5,240,152,14,166,406
08/10/2002,FSD,SD,AGL,CE,Towers with Radar,22,59,29,0,110,0,2,67,5,74,22,61,96,5,184,206,0,206,390
08/11/2002,FSD,SD,AGL,CE,Towers with Radar,18,36,11,0,65,0,0,67,0,67,18,36,78,0,132,46,0,46,178
08/12/2002,FSD,SD,AGL,CE,Towers with Radar,19,73,46,1,139,0,2,26,1,29,19,75,72,2,168,24,0,24,192
08/13/2002,FSD,SD,AGL,CE,Towers with Radar,28,95,43,22,188,0,1,63,1,65,28,96,106,23,253,84,26,110,363
08/14/2002,FSD,SD,AGL,CE,Towers with Radar,28,98,46,10,182,0,0,58,0,58,28,98,104,10,240,84,10,94,334
08/15/2002,FSD,SD,AGL,CE,Towers with Radar,31,101,51,25,208,0,2,66,0,68,31,103,117,25,276,84,24,108,384
08/16/2002,FSD,SD,AGL,CE,Towers with Radar,26,95,50,9,180,0,1,31,0,32,26,96,81,9,212,40,0,40,252
08/17/2002,FSD,SD,AGL,CE,Towers with Radar,22,59,33,8,122,0,0,39,1,40,22,59,72,9,162,78,10,88,250
08/18/2002,FSD,SD,AGL,CE,Towers with Radar,22,42,26,2,92,0,6,59,2,67,22,48,85,4,159,64,0,64,223
08/19/2002,FSD,SD,AGL,CE,Towers with Radar,24,77,82,4,187,0,2,114,0,116,24,79,196,4,303,150,0,150,453
08/20/2002,FSD,SD,AGL,CE,Towers with Radar,27,96,65,21,209,0,0,49,1,50,27,96,114,22,259,58,8,66,325
08/21/2002,FSD,SD,AGL,CE,Towers with Radar,29,106,78,28,241,0,3,29,1,33,29,109,107,29,274,104,42,146,420
08/22/2002,FSD,SD,AGL,CE,Towers with Radar,30,98,73,16,217,0,0,89,1,90,30,98,162,17,307,48,24,72,379
08/23/2002,FSD,SD,AGL,CE,Towers with Radar,27,99,86,26,238,0,3,36,1,40,27,102,122,27,278,124,4,128,406
08/24/2002,FSD,SD,AGL,CE,Towers with Radar,24,63,36,0,123,0,7,41,3,51,24,70,77,3,174,68,0,68,242
08/25/2002,FSD,SD,AGL,CE,Towers with Radar,20,42,38,2,102,0,0,57,0,57,20,42,95,2,159,68,0,68,227
08/26/2002,FSD,SD,AGL,CE,Towers with Radar,21,87,69,4,181,0,9,58,0,67,21,96,127,4,248,100,0,100,348
08/27/2002,FSD,SD,AGL,CE,Towers with Radar,28,101,88,21,238,0,1,59,3,63,28,102,147,24,301,120,24,144,445
08/28/2002,FSD,SD,AGL,CE,Towers with Radar,28,108,70,18,224,0,3,67,1,71,28,111,137,19,295,92,22,114,409
08/29/2002,FSD,SD,AGL,CE,Towers with Radar,29,98,60,2,189,0,1,69,0,70,29,99,129,2,259,78,0,78,337
08/30/2002,FSD,SD,AGL,CE,Towers with Radar,26,94,40,8,168,0,1,39,0,40,26,95,79,8,208,70,0,70,278
08/31/2002,FSD,SD,AGL,CE,Towers with Radar,23,62,35,5,125,0,1,39,1,41,23,63,74,6,166,82,10,92,258
09/01/2002,FSD,SD,AGL,CE,Towers with Radar,18,42,28,0,88,1,0,19,0,20,19,42,47,0,108,48,0,48,156
09/02/2002,FSD,SD,AGL,CE,Towers with Radar,13,46,28,0,87,0,0,37,0,37,13,46,65,0,124,32,0,32,156
09/03/2002,FSD,SD,AGL,CE,Towers with Radar,24,90,41,2,157,0,3,119,3,125,24,93,160,5,282,78,0,78,360
09/04/2002,FSD,SD,AGL,CE,Towers with Radar,28,105,51,11,195,0,1,35,1,37,28,106,86,12,232,48,30,78,310
09/05/2002,FSD,SD,AGL,CE,Towers with Radar,34,100,48,4,186,0,6,45,0,51,34,106,93,4,237,102,24,126,363
09/06/2002,FSD,SD,AGL,CE,Towers with Radar,28,118,60,4,210,0,1,50,0,51,28,119,110,4,261,92,0,92,353
09/07/2002,FSD,SD,AGL,CE,Towers with Radar,23,46,23,5,97,0,5,42,0,47,23,51,65,5,144,78,6,84,228
09/08/2002,FSD,SD,AGL,CE,Towers with Radar,20,33,24,5,82,0,0,32,4,36,20,33,56,9,118,20,2,22,140
09/09/2002,FSD,SD,AGL,CE,Towers with Radar,21,76,43,6,146,0,1,22,3,26,21,77,65,9,172,48,4,52,224
09/10/2002,FSD,SD,AGL,CE,Towers with Radar,24,88,51,12,175,0,1,71,7,79,24,89,122,19,254,86,44,130,384
09/11/2002,FSD,SD,AGL,CE,Towers with Radar,26,88,53,9,176,0,1,66,1,68,26,89,119,10,244,98,10,108,352
09/12/2002,FSD,SD,AGL,CE,Towers with Radar,25,100,72,7,204,0,0,80,5,85,25,100,152,12,289,122,10,132,421
09/13/2002,FSD,SD,AGL,CE,Towers with Radar,26,98,69,4,197,0,1,15,4,20,26,99,84,8,217,38,0,38,255
09/14/2002,FSD,SD,AGL,CE,Towers with Radar,22,54,32,8,116,0,0,24,2,26,22,54,56,10,142,90,0,90,232
09/15/2002,FSD,SD,AGL,CE,Towers with Radar,19,39,13,8,79,0,2,47,1,50,19,41,60,9,129,16,20,36,165
09/16/2002,FSD,SD,AGL,CE,Towers with Radar,22,72,39,1,134,0,0,59,0,59,22,72,98,1,193,10,0,10,203
09/17/2002,FSD,SD,AGL,CE,Towers with Radar,27,49,56,15,147,0,0,64,3,67,27,49,120,18,214,68,12,80,294
09/18/2002,FSD,SD,AGL,CE,Towers with Radar,29,92,63,16,200,0,1,19,0,20,29,93,82,16,220,38,0,38,258
09/19/2002,FSD,SD,AGL,CE,Towers with Radar,27,98,89,28,242,0,6,70,14,90,27,104,159,42,332,94,24,118,450
09/20/2002,FSD,SD,AGL,CE,Towers with Radar,28,86,67,6,187,0,7,87,1,95,28,93,154,7,282,178,32,210,492
09/21/2002,FSD,SD,AGL,CE,Towers with Radar,23,57,30,6,116,0,0,79,0,79,23,57,109,6,195,66,0,66,261
09/22/2002,FSD,SD,AGL,CE,Towers with Radar,20,29,14,2,65,0,0,61,2,63,20,29,75,4,128,56,0,56,184
09/23/2002,FSD,SD,AGL,CE,Towers with Radar,21,82,47,2,152,0,1,31,0,32,21,83,78,2,184,80,0,80,264
09/24/2002,FSD,SD,AGL,CE,Towers with Radar,31,93,69,18,211,0,1,59,0,60,31,94,128,18,271,38,26,64,335
09/25/2002,FSD,SD,AGL,CE,Towers with Radar,28,98,67,3,196,0,2,4,0,6,28,100,71,3,202,18,0,18,220
09/26/2002,FSD,SD,AGL,CE,Towers with Radar,28,103,63,4,198,0,1,67,0,68,28,104,130,4,266,68,0,68,334
09/27/2002,FSD,SD,AGL,CE,Towers with Radar,27,98,76,5,206,0,2,73,3,78,27,100,149,8,284,114,4,118,402
09/28/2002,FSD,SD,AGL,CE,Towers with Radar,22,52,41,1,116,0,0,0,0,0,22,52,41,1,116,0,0,0,116
09/29/2002,FSD,SD,AGL,CE,Towers with Radar,18,38,37,0,93,0,0,18,0,18,18,38,55,0,111,12,0,12,123
09/30/2002,FSD,SD,AGL,CE,Towers with Radar,23,77,58,5,163,0,0,71,0,71,23,77,129,5,234,100,0,100,334
10/01/2002,FSD,SD,AGL,CE,Towers with Radar,29,92,48,10,179,0,1,48,4,53,29,93,96,14,232,66,6,72,304
10/02/2002,FSD,SD,AGL,CE,Towers with Radar,27,92,78,17,214,0,1,22,0,23,27,93,100,17,237,64,0,64,301
10/03/2002,FSD,SD,AGL,CE,Towers with Radar,28,91,92,13,224,0,0,2,0,2,28,91,94,13,226,42,0,42,268
10/04/2002,FSD,SD,AGL,CE,Towers with Radar,29,93,50,5,177,0,0,14,0,14,29,93,64,5,191,34,0,34,225
10/05/2002,FSD,SD,AGL,CE,Towers with Radar,24,48,40,10,122,0,6,71,4,81,24,54,111,14,203,90,4,94,297
10/06/2002,FSD,SD,AGL,CE,Towers with Radar,19,34,11,5,69,0,2,11,3,16,19,36,22,8,85,14,4,18,103
10/07/2002,FSD,SD,AGL,CE,Towers with Radar,20,72,26,24,142,0,1,62,0,63,20,73,88,24,205,82,6,88,293
10/08/2002,FSD,SD,AGL,CE,Towers with Radar,28,94,63,19,204,0,1,58,4,63,28,95,121,23,267,90,38,128,395
10/09/2002,FSD,SD,AGL,CE,Towers with Radar,27,108,82,25,242,0,0,39,1,40,27,108,121,26,282,74,14,88,370
10/10/2002,FSD,SD,AGL,CE,Towers with Radar,28,88,71,19,206,0,0,62,1,63,28,88,133,20,269,116,2,118,387
10/11/2002,FSD,SD,AGL,CE,Towers with Radar,32,82,43,0,157,0,5,44,4,53,32,87,87,4,210,68,0,68,278
10/12/2002,FSD,SD,AGL,CE,Towers with Radar,22,48,10,2,82,0,3,18,0,21,22,51,28,2,103,24,0,24,127
10/13/2002,FSD,SD,AGL,CE,Towers with Radar,19,35,33,0,87,0,1,53,0,54,19,36,86,0,141,66,0,66,207
10/14/2002,FSD,SD,AGL,CE,Towers with Radar,21,60,61,2,144,0,3,71,0,74,21,63,132,2,218,66,0,66,284
10/15/2002,FSD,SD,AGL,CE,Towers with Radar,29,95,51,20,195,0,2,87,1,90,29,97,138,21,285,136,16,152,437
10/16/2002,FSD,SD,AGL,CE,Towers with Radar,28,98,42,11,179,0,0,0,0,0,28,98,42,11,179,0,0,0,179
10/17/2002,FSD,SD,AGL,CE,Towers with Radar,26,100,70,42,238,0,3,44,1,48,26,103,114,43,286,150,72,222,508
10/18/2002,FSD,SD,AGL,CE,Towers with Radar,28,88,37,32,185,0,1,44,3,48,28,89,81,35,233,88,34,122,355
10/19/2002,FSD,SD,AGL,CE,Towers with Radar,24,57,19,2,102,0,2,46,0,48,24,59,65,2,150,50,0,50,200
10/20/2002,FSD,SD,AGL,CE,Towers with Radar,20,31,24,5,80,0,3,4,0,7,20,34,28,5,87,22,0,22,109
10/21/2002,FSD,SD,AGL,CE,Towers with Radar,21,80,51,33,185,0,0,31,2,33,21,80,82,35,218,40,10,50,268
10/22/2002,FSD,SD,AGL,CE,Towers with Radar,26,91,60,1,178,0,0,10,0,10,26,91,70,1,188,40,0,40,228
10/23/2002,FSD,SD,AGL,CE,Towers with Radar,26,106,70,17,219,0,0,31,3,34,26,106,101,20,253,46,30,76,329
10/24/2002,FSD,SD,AGL,CE,Towers with Radar,28,104,64,27,223,0,0,24,0,24,28,104,88,27,247,62,0,62,309
10/25/2002,FSD,SD,AGL,CE,Towers with Radar,27,86,60,9,182,0,0,19,1,20,27,86,79,10,202,26,14,40,242
10/26/2002,FSD,SD,AGL,CE,Towers with Radar,22,54,32,28,136,0,0,20,6,26,22,54,52,34,162,76,30,106,268
10/27/2002,FSD,SD,AGL,CE,Towers with Radar,17,42,16,1,76,0,0,3,0,3,17,42,19,1,79,0,0,0,79
10/28/2002,FSD,SD,AGL,CE,Towers with Radar,20,93,40,0,153,0,0,0,0,0,20,93,40,0,153,0,0,0,153
10/29/2002,FSD,SD,AGL,CE,Towers with Radar,24,103,43,2,172,0,0,0,0,0,24,103,43,2,172,14,0,14,186
10/30/2002,FSD,SD,AGL,CE,Towers with Radar,28,97,52,0,177,0,1,1,0,2,28,98,53,0,179,0,0,0,179
10/31/2002,FSD,SD,AGL,CE,Towers with Radar,25,96,73,9,203,0,1,78,2,81,25,97,151,11,284,110,42,152,436
11/01/2002,FSD,SD,AGL,CE,Towers with Radar,28,92,38,35,193,0,2,54,0,56,28,94,92,35,249,86,48,134,383
11/02/2002,FSD,SD,AGL,CE,Towers with Radar,21,57,28,28,134,0,3,81,0,84,21,60,109,28,218,78,48,126,344
11/03/2002,FSD,SD,AGL,CE,Towers with Radar,21,44,23,21,109,0,0,46,0,46,21,44,69,21,155,68,12,80,235
11/04/2002,FSD,SD,AGL,CE,Towers with Radar,19,73,62,34,188,0,1,51,3,55,19,74,113,37,243,154,28,182,425
11/05/2002,FSD,SD,AGL,CE,Towers with Radar,29,95,47,26,197,0,1,1,0,2,29,96,48,26,199,14,4,18,217
11/06/2002,FSD,SD,AGL,CE,Towers with Radar,25,102,54,22,203,0,4,76,4,84,25,106,130,26,287,124,10,134,421
11/07/2002,FSD,SD,AGL,CE,Towers with Radar,24,98,55,18,195,0,2,69,4,75,24,100,124,22,270,160,6,166,436
11/08/2002,FSD,SD,AGL,CE,Towers with Radar,28,91,44,2,165,0,1,63,0,64,28,92,107,2,229,94,2,96,325
11/09/2002,FSD,SD,AGL,CE,Towers with Radar,22,48,16,21,107,0,2,44,0,46,22,50,60,21,153,78,32,110,263
11/10/2002,FSD,SD,AGL,CE,Towers with Radar,18,37,13,0,68,0,2,3,0,5,18,39,16,0,73,0,0,0,73
11/11/2002,FSD,SD,AGL,CE,Towers with Radar,19,70,79,0,168,0,0,41,3,44,19,70,120,3,212,92,14,106,318
11/12/2002,FSD,SD,AGL,CE,Towers with Radar,29,94,48,15,186,0,0,86,10,96,29,94,134,25,282,116,42,158,440
11/13/2002,FSD,SD,AGL,CE,Towers with Radar,24,98,58,17,197,0,1,64,1,66,24,99,122,18,263,122,42,164,427
11/14/2002,FSD,SD,AGL,CE,Towers with Radar,27,90,64,24,205,0,2,9,0,11,27,92,73,24,216,20,4,24,240
11/15/2002,FSD,SD,AGL,CE,Towers with Radar,32,85,43,28,188,0,0,25,0,25,32,85,68,28,213,52,0,52,265
11/16/2002,FSD,SD,AGL,CE,Towers with Radar,22,56,31,2,111,0,0,50,2,52,22,56,81,4,163,96,0,96,259
11/17/2002,FSD,SD,AGL,CE,Towers with Radar,19,38,19,4,80,0,0,28,0,28,19,38,47,4,108,36,0,36,144
11/18/2002,FSD,SD,AGL,CE,Towers with Radar,19,80,51,16,166,0,2,79,2,83,19,82,130,18,249,156,20,176,425
11/19/2002,FSD,SD,AGL,CE,Towers with Radar,28,98,66,29,221,0,2,88,0,90,28,100,154,29,311,134,2,136,447
11/20/2002,FSD,SD,AGL,CE,Towers with Radar,23,101,70,19,213,0,2,43,1,46,23,103,113,20,259,82,6,88,347
11/21/2002,FSD,SD,AGL,CE,Towers with Radar,28,96,60,27,211,0,0,28,0,28,28,96,88,27,239,10,22,32,271
11/22/2002,FSD,SD,AGL,CE,Towers with Radar,26,102,44,9,181,0,2,34,5,41,26,104,78,14,222,56,10,66,288
11/23/2002,FSD,SD,AGL,CE,Towers with Radar,21,58,25,11,115,0,0,35,8,43,21,58,60,19,158,26,0,26,184
11/24/2002,FSD,SD,AGL,CE,Towers with Radar,19,34,9,4,66,0,1,18,1,20,19,35,27,5,86,20,0,20,106
11/25/2002,FSD,SD,AGL,CE,Towers with Radar,20,75,51,11,157,0,0,60,0,60,20,75,111,11,217,56,36,92,309
11/26/2002,FSD,SD,AGL,CE,Towers with Radar,26,87,73,6,192,0,1,33,4,38,26,88,106,10,230,94,0,94,324
11/27/2002,FSD,SD,AGL,CE,Towers with Radar,26,95,45,0,166,0,3,37,0,40,26,98,82,0,206,20,2,22,228
11/28/2002,FSD,SD,AGL,CE,Towers with Radar,16,35,6,0,57,0,3,24,0,27,16,38,30,0,84,24,6,30,114
11/29/2002,FSD,SD,AGL,CE,Towers with Radar,19,72,17,0,108,0,2,22,1,25,19,74,39,1,133,18,0,18,151
11/30/2002,FSD,SD,AGL,CE,Towers with Radar,20,58,12,2,92,0,1,27,0,28,20,59,39,2,120,48,0,48,168
12/01/2002,FSD,SD,AGL,CE,Towers with Radar,19,32,37,1,89,0,1,27,0,28,19,33,64,1,117,68,0,68,185
12/02/2002,FSD,SD,AGL,CE,Towers with Radar,20,79,34,3,136,0,3,14,0,17,20,82,48,3,153,4,0,4,157
12/03/2002,FSD,SD,AGL,CE,Towers with Radar,33,95,49,6,183,0,1,52,0,53,33,96,101,6,236,26,0,26,262
12/04/2002,FSD,SD,AGL,CE,Towers with Radar,26,89,45,0,160,0,1,14,0,15,26,90,59,0,175,62,0,62,237
12/05/2002,FSD,SD,AGL,CE,Towers with Radar,26,97,67,4,194,0,1,56,1,58,26,98,123,5,252,106,0,106,358
12/06/2002,FSD,SD,AGL,CE,Towers with Radar,24,89,48,6,167,0,4,36,0,40,24,93,84,6,207,48,10,58,265
12/07/2002,FSD,SD,AGL,CE,Towers with Radar,20,55,18,8,101,0,0,45,4,49,20,55,63,12,150,32,6,38,188
12/08/2002,FSD,SD,AGL,CE,Towers with Radar,16,41,23,3,83,0,0,37,0,37,16,41,60,3,120,76,10,86,206
12/09/2002,FSD,SD,AGL,CE,Towers with Radar,21,85,37,4,147,0,1,38,0,39,21,86,75,4,186,60,4,64,250
12/10/2002,FSD,SD,AGL,CE,Towers with Radar,24,92,44,10,170,0,1,44,0,45,24,93,88,10,215,26,4,30,245
12/11/2002,FSD,SD,AGL,CE,Towers with Radar,25,107,55,7,194,0,2,16,0,18,25,109,71,7,212,44,22,66,278
12/12/2002,FSD,SD,AGL,CE,Towers with Radar,26,103,59,7,195,0,3,54,0,57,26,106,113,7,252,134,14,148,400
12/13/2002,FSD,SD,AGL,CE,Towers with Radar,25,86,60,5,176,0,2,49,6,57,25,88,109,11,233,126,12,138,371
12/14/2002,FSD,SD,AGL,CE,Towers with Radar,20,48,19,3,90,0,4,100,3,107,20,52,119,6,197,100,8,108,305
12/15/2002,FSD,SD,AGL,CE,Towers with Radar,16,31,21,4,72,0,0,43,0,43,16,31,64,4,115,72,0,72,187
12/16/2002,FSD,SD,AGL,CE,Towers with Radar,23,91,46,3,163,0,0,2,0,2,23,91,48,3,165,0,0,0,165
12/17/2002,FSD,SD,AGL,CE,Towers with Radar,29,87,45,3,164,2,0,9,0,11,31,87,54,3,175,0,0,0,175
12/18/2002,FSD,SD,AGL,CE,Towers with Radar,36,95,54,10,195,0,1,7,0,8,36,96,61,10,203,10,2,12,215
12/19/2002,FSD,SD,AGL,CE,Towers with Radar,44,100,31,7,182,0,11,11,0,22,44,111,42,7,204,14,16,30,234
12/20/2002,FSD,SD,AGL,CE,Towers with Radar,35,91,41,2,169,0,1,7,0,8,35,92,48,2,177,0,0,0,177
12/21/2002,FSD,SD,AGL,CE,Towers with Radar,22,62,28,0,112,0,0,15,0,15,22,62,43,0,127,50,0,50,177
12/22/2002,FSD,SD,AGL,CE,Towers with Radar,15,31,24,0,70,0,2,17,0,19,15,33,41,0,89,32,0,32,121
12/23/2002,FSD,SD,AGL,CE,Towers with Radar,20,74,58,2,154,0,1,61,0,62,20,75,119,2,216,98,0,98,314
12/24/2002,FSD,SD,AGL,CE,Towers with Radar,25,86,29,0,140,0,3,33,0,36,25,89,62,0,176,26,0,26,202
12/25/2002,FSD,SD,AGL,CE,Towers with Radar,11,38,8,0,57,0,1,15,0,16,11,39,23,0,73,24,0,24,97
12/26/2002,FSD,SD,AGL,CE,Towers with Radar,22,91,35,4,152,0,1,51,2,54,22,92,86,6,206,88,0,88,294
12/27/2002,FSD,SD,AGL,CE,Towers with Radar,26,86,38,4,154,0,0,82,0,82,26,86,120,4,236,158,0,158,394
12/28/2002,FSD,SD,AGL,CE,Towers with Radar,19,50,18,0,87,0,4,79,0,83,19,54,97,0,170,62,0,62,232
12/29/2002,FSD,SD,AGL,CE,Towers with Radar,15,27,22,0,64,0,1,43,0,44,15,28,65,0,108,34,0,34,142
12/30/2002,FSD,SD,AGL,CE,Towers with Radar,19,84,23,4,130,0,1,28,0,29,19,85,51,4,159,38,0,38,197
12/31/2002,FSD,SD,AGL,CE,Towers with Radar,25,101,20,4,150,0,0,12,0,12,25,101,32,4,162,126,0,126,288
01/01/2003,FSD,SD,AGL,CE,Towers with Radar,12,39,9,0,60,1,0,15,0,16,13,39,24,0,76,12,0,12,88
01/02/2003,FSD,SD,AGL,CE,Towers with Radar,24,94,42,3,163,1,0,34,0,35,25,94,76,3,198,84,0,84,282
01/03/2003,FSD,SD,AGL,CE,Towers with Radar,23,87,26,6,142,1,0,15,0,16,24,87,41,6,158,26,6,32,190
01/04/2003,FSD,SD,AGL,CE,Towers with Radar,21,56,38,2,117,1,0,24,0,25,22,56,62,2,142,90,0,90,232
01/05/2003,FSD,SD,AGL,CE,Towers with Radar,16,36,29,4,85,0,0,9,0,9,16,36,38,4,94,68,0,68,162
01/06/2003,FSD,SD,AGL,CE,Towers with Radar,21,80,43,1,145,1,0,8,0,9,22,80,51,1,154,6,0,6,160
01/07/2003,FSD,SD,AGL,CE,Towers with Radar,25,91,34,4,154,1,2,77,4,84,26,93,111,8,238,110,10,120,358
01/08/2003,FSD,SD,AGL,CE,Towers with Radar,27,95,47,7,176,0,1,46,4,51,27,96,93,11,227,88,4,92,319
01/09/2003,FSD,SD,AGL,CE,Towers with Radar,26,93,46,4,169,1,0,19,2,22,27,93,65,6,191,20,6,26,217
01/10/2003,FSD,SD,AGL,CE,Towers with Radar,24,91,46,22,183,0,1,38,0,39,24,92,84,22,222,72,44,116,338
01/11/2003,FSD,SD,AGL,CE,Towers with Radar,16,48,45,22,131,1,0,58,15,74,17,48,103,37,205,124,14,138,343
01/12/2003,FSD,SD,AGL,CE,Towers with Radar,14,34,27,10,85,0,0,22,0,22,14,34,49,10,107,26,2,28,135
01/13/2003,FSD,SD,AGL,CE,Towers with Radar,24,72,31,12,139,0,4,31,0,35,24,76,62,12,174,12,14,26,200
01/14/2003,FSD,SD,AGL,CE,Towers with Radar,25,96,52,15,188,0,2,82,2,86,25,98,134,17,274,66,28,94,368
01/15/2003,FSD,SD,AGL,CE,Towers with Radar,27,95,57,16,195,0,0,58,22,80,27,95,115,38,275,60,22,82,357
01/16/2003,FSD,SD,AGL,CE,Towers with Radar,33,95,78,6,212,0,5,25,0,30,33,100,103,6,242,96,42,138,380
01/17/2003,FSD,SD,AGL,CE,Towers with Radar,26,88,36,2,152,0,2,39,2,43,26,90,75,4,195,92,0,92,287
01/18/2003,FSD,SD,AGL,CE,Towers with Radar,20,48,18,7,93,0,0,16,0,16,20,48,34,7,109,32,10,42,151
01/19/2003,FSD,SD,AGL,CE,Towers with Radar,16,32,14,2,64,0,0,23,0,23,16,32,37,2,87,66,0,66,153
01/20/2003,FSD,SD,AGL,CE,Towers with Radar,19,71,36,0,126,0,0,13,0,13,19,71,49,0,139,34,0,34,173
01/21/2003,FSD,SD,AGL,CE,Towers with Radar,27,96,40,0,163,0,3,21,1,25,27,99,61,1,188,102,0,102,290
01/22/2003,FSD,SD,AGL,CE,Towers with Radar,28,93,37,6,164,0,2,24,2,28,28,95,61,8,192,42,0,42,234
01/23/2003,FSD,SD,AGL,CE,Towers with Radar,27,98,52,11,188,0,5,34,4,43,27,103,86,15,231,92,22,114,345
01/24/2003,FSD,SD,AGL,CE,Towers with Radar,33,96,50,19,198,0,2,21,4,27,33,98,71,23,225,48,8,56,281
01/25/2003,FSD,SD,AGL,CE,Towers with Radar,18,54,20,2,94,0,3,12,0,15,18,57,32,2,109,16,0,16,125
01/26/2003,FSD,SD,AGL,CE,Towers with Radar,15,28,18,2,63,0,0,17,0,17,15,28,35,2,80,32,0,32,112
01/27/2003,FSD,SD,AGL,CE,Towers with Radar,21,80,33,0,134,0,0,39,0,39,21,80,72,0,173,102,0,102,275
01/28/2003,FSD,SD,AGL,CE,Towers with Radar,25,96,17,0,138,0,0,17,0,17,25,96,34,0,155,0,0,0,155
01/29/2003,FSD,SD,AGL,CE,Towers with Radar,28,98,48,0,174,0,0,10,0,10,28,98,58,0,184,4,0,4,188
01/30/2003,FSD,SD,AGL,CE,Towers with Radar,25,102,66,12,205,0,0,14,0,14,25,102,80,12,219,52,0,52,271
01/31/2003,FSD,SD,AGL,CE,Towers with Radar,27,86,47,14,174,0,0,20,0,20,27,86,67,14,194,44,0,44,238
02/01/2003,FSD,SD,AGL,CE,Towers with Radar,18,48,22,19,107,0,0,62,0,62,18,48,84,19,169,54,12,66,235
02/02/2003,FSD,SD,AGL,CE,Towers with Radar,15,33,13,10,71,0,0,0,0,0,15,33,13,10,71,6,0,6,77
02/03/2003,FSD,SD,AGL,CE,Towers with Radar,22,80,38,11,151,0,4,9,1,14,22,84,47,12,165,10,10,20,185
02/04/2003,FSD,SD,AGL,CE,Towers with Radar,26,90,47,13,176,0,1,54,8,63,26,91,101,21,239,44,30,74,313
02/05/2003,FSD,SD,AGL,CE,Towers with Radar,26,93,48,13,180,0,2,25,13,40,26,95,73,26,220,78,30,108,328
02/06/2003,FSD,SD,AGL,CE,Towers with Radar,28,89,41,9,167,0,1,37,2,40,28,90,78,11,207,82,22,104,311
02/07/2003,FSD,SD,AGL,CE,Towers with Radar,26,93,46,0,165,0,0,44,0,44,26,93,90,0,209,84,0,84,293
02/08/2003,FSD,SD,AGL,CE,Towers with Radar,18,48,21,0,87,0,1,38,1,40,18,49,59,1,127,60,0,60,187
02/09/2003,FSD,SD,AGL,CE,Towers with Radar,15,32,16,0,63,0,0,15,0,15,15,32,31,0,78,44,0,44,122
02/10/2003,FSD,SD,AGL,CE,Towers with Radar,22,83,41,15,161,0,3,50,0,53,22,86,91,15,214,88,8,96,310
02/11/2003,FSD,SD,AGL,CE,Towers with Radar,25,89,45,1,160,0,3,31,0,34,25,92,76,1,194,46,6,52,246
02/12/2003,FSD,SD,AGL,CE,Towers with Radar,26,93,55,22,196,0,6,66,4,76,26,99,121,26,272,112,40,152,424
02/13/2003,FSD,SD,AGL,CE,Towers with Radar,27,95,54,20,196,0,8,42,6,56,27,103,96,26,252,54,30,84,336
02/14/2003,FSD,SD,AGL,CE,Towers with Radar,26,69,17,0,112,0,2,0,0,2,26,71,17,0,114,0,0,0,114
02/15/2003,FSD,SD,AGL,CE,Towers with Radar,18,65,30,0,113,0,4,34,0,38,18,69,64,0,151,14,0,14,165
02/16/2003,FSD,SD,AGL,CE,Towers with Radar,15,27,14,1,57,0,1,27,1,29,15,28,41,2,86,22,0,22,108
02/17/2003,FSD,SD,AGL,CE,Towers with Radar,20,72,36,0,128,0,1,21,0,22,20,73,57,0,150,32,0,32,182
02/18/2003,FSD,SD,AGL,CE,Towers with Radar,27,104,47,7,185,0,0,44,0,44,27,104,91,7,229,70,26,96,325
02/19/2003,FSD,SD,AGL,CE,Towers with Radar,27,94,42,12,175,0,1,47,1,49,27,95,89,13,224,78,24,102,326
02/20/2003,FSD,SD,AGL,CE,Towers with Radar,28,93,47,19,187,0,1,59,2,62,28,94,106,21,249,80,38,118,367
02/21/2003,FSD,SD,AGL,CE,Towers with Radar,26,89,33,21,169,0,0,2,0,2,26,89,35,21,171,0,0,0,171
02/22/2003,FSD,SD,AGL,CE,Towers with Radar,17,57,15,0,89,0,2,10,0,12,17,59,25,0,101,26,0,26,127
02/23/2003,FSD,SD,AGL,CE,Towers with Radar,15,36,14,2,67,0,0,0,0,0,15,36,14,2,67,0,0,0,67
02/24/2003,FSD,SD,AGL,CE,Towers with Radar,19,79,31,0,129,0,0,36,0,36,19,79,67,0,165,24,0,24,189
02/25/2003,FSD,SD,AGL,CE,Towers with Radar,28,91,41,11,171,0,1,50,4,55,28,92,91,15,226,72,12,84,310
02/26/2003,FSD,SD,AGL,CE,Towers with Radar,25,97,53,15,190,0,2,50,4,56,25,99,103,19,246,102,40,142,388
02/27/2003,FSD,SD,AGL,CE,Towers with Radar,29,89,42,12,172,0,2,59,3,64,29,91,101,15,236,106,36,142,378
02/28/2003,FSD,SD,AGL,CE,Towers with Radar,26,84,53,9,172,0,0,53,0,53,26,84,106,9,225,74,0,74,299
03/01/2003,FSD,SD,AGL,CE,Towers with Radar,19,49,21,13,102,0,0,46,0,46,19,49,67,13,148,58,16,74,222
03/02/2003,FSD,SD,AGL,CE,Towers with Radar,17,36,11,14,78,0,2,33,1,36,17,38,44,15,114,60,6,66,180
03/03/2003,FSD,SD,AGL,CE,Towers with Radar,25,73,48,22,168,0,1,14,0,15,25,74,62,22,183,38,20,58,241
03/04/2003,FSD,SD,AGL,CE,Towers with Radar,27,88,51,12,178,0,1,28,0,29,27,89,79,12,207,80,0,80,287
03/05/2003,FSD,SD,AGL,CE,Towers with Radar,27,76,56,13,172,0,2,45,0,47,27,78,101,13,219,120,4,124,343
03/06/2003,FSD,SD,AGL,CE,Towers with Radar,33,86,54,11,184,0,2,21,0,23,33,88,75,11,207,60,8,68,275
03/07/2003,FSD,SD,AGL,CE,Towers with Radar,30,85,38,0,153,0,2,40,0,42,30,87,78,0,195,42,0,42,237
03/08/2003,FSD,SD,AGL,CE,Towers with Radar,18,44,24,2,88,0,0,20,0,20,18,44,44,2,108,18,0,18,126
03/09/2003,FSD,SD,AGL,CE,Towers with Radar,17,30,22,0,69,0,0,24,0,24,17,30,46,0,93,14,0,14,107
03/10/2003,FSD,SD,AGL,CE,Towers with Radar,25,77,53,0,155,0,0,30,1,31,25,77,83,1,186,42,0,42,228
03/11/2003,FSD,SD,AGL,CE,Towers with Radar,25,100,57,24,206,0,4,54,7,65,25,104,111,31,271,76,14,90,361
03/12/2003,FSD,SD,AGL,CE,Towers with Radar,25,96,59,25,205,0,1,23,0,24,25,97,82,25,229,68,4,72,301
03/13/2003,FSD,SD,AGL,CE,Towers with Radar,30,82,53,25,190,0,0,6,0,6,30,82,59,25,196,40,18,58,254
03/14/2003,FSD,SD,AGL,CE,Towers with Radar,28,87,56,21,192,0,1,61,2,64,28,88,117,23,256,96,12,108,364
03/15/2003,FSD,SD,AGL,CE,Towers with Radar,19,43,21,2,85,0,1,65,4,70,19,44,86,6,155,70,24,94,249
03/16/2003,FSD,SD,AGL,CE,Towers with Radar,17,33,24,0,74,0,0,44,0,44,17,33,68,0,118,62,0,62,180
03/17/2003,FSD,SD,AGL,CE,Towers with Radar,22,62,26,12,122,0,0,13,0,13,22,62,39,12,135,28,0,28,163
03/18/2003,FSD,SD,AGL,CE,Towers with Radar,26,77,47,8,158,0,0,1,0,1,26,77,48,8,159,10,0,10,169
03/19/2003,FSD,SD,AGL,CE,Towers with Radar,24,90,39,10,163,0,0,4,0,4,24,90,43,10,167,42,2,44,211
03/20/2003,FSD,SD,AGL,CE,Towers with Radar,28,94,58,19,199,0,10,21,0,31,28,104,79,19,230,74,8,82,312
03/21/2003,FSD,SD,AGL,CE,Towers with Radar,29,88,38,8,163,0,4,45,2,51,29,92,83,10,214,58,20,78,292
03/22/2003,FSD,SD,AGL,CE,Towers with Radar,20,50,17,1,88,0,1,53,0,54,20,51,70,1,142,70,0,70,212
03/23/2003,FSD,SD,AGL,CE,Towers with Radar,17,39,16,3,75,0,10,36,8,54,17,49,52,11,129,52,0,52,181
03/24/2003,FSD,SD,AGL,CE,Towers with Radar,25,76,42,7,150,0,3,43,1,47,25,79,85,8,197,46,14,60,257
03/25/2003,FSD,SD,AGL,CE,Towers with Radar,29,84,38,16,167,0,1,62,0,63,29,85,100,16,230,90,24,114,344
03/26/2003,FSD,SD,AGL,CE,Towers with Radar,27,100,62,13,202,0,1,66,0,67,27,101,128,13,269,128,6,134,403
03/27/2003,FSD,SD,AGL,CE,Towers with Radar,29,102,40,7,178,0,2,2,0,4,29,104,42,7,182,32,0,32,214
03/28/2003,FSD,SD,AGL,CE,Towers with Radar,27,87,28,16,158,0,0,21,3,24,27,87,49,19,182,40,8,48,230
03/29/2003,FSD,SD,AGL,CE,Towers with Radar,18,55,23,4,100,0,1,51,2,54,18,56,74,6,154,60,0,60,214
03/30/2003,FSD,SD,AGL,CE,Towers with Radar,16,30,26,2,74,0,1,56,0,57,16,31,82,2,131,94,0,94,225
03/31/2003,FSD,SD,AGL,CE,Towers with Radar,30,64,45,4,143,0,1,56,0,57,30,65,101,4,200,42,0,42,242
04/01/2003,FSD,SD,AGL,CE,Towers with Radar,27,85,53,15,180,0,0,68,0,68,27,85,121,15,248,140,0,140,388
04/02/2003,FSD,SD,AGL,CE,Towers with Radar,27,88,50,29,194,0,5,40,0,45,27,93,90,29,239,56,44,100,339
04/03/2003,FSD,SD,AGL,CE,Towers with Radar,27,98,44,25,194,0,0,2,0,2,27,98,46,25,196,20,0,20,216
04/04/2003,FSD,SD,AGL,CE,Towers with Radar,27,80,53,24,184,0,0,5,0,5,27,80,58,24,189,8,0,8,197
04/05/2003,FSD,SD,AGL,CE,Towers with Radar,20,48,34,11,113,0,1,34,2,37,20,49,68,13,150,96,28,124,274
04/06/2003,FSD,SD,AGL,CE,Towers with Radar,12,32,9,6,59,0,0,4,0,4,12,32,13,6,63,8,0,8,71
04/07/2003,FSD,SD,AGL,CE,Towers with Radar,22,70,24,1,117,0,1,0,0,1,22,71,24,1,118,0,0,0,118
04/08/2003,FSD,SD,AGL,CE,Towers with Radar,26,90,58,18,192,0,2,65,0,67,26,92,123,18,259,104,12,116,375
04/09/2003,FSD,SD,AGL,CE,Towers with Radar,25,95,35,18,173,0,3,65,0,68,25,98,100,18,241,40,4,44,285
04/10/2003,FSD,SD,AGL,CE,Towers with Radar,27,82,56,28,193,0,7,74,4,85,27,89,130,32,278,88,16,104,382
04/11/2003,FSD,SD,AGL,CE,Towers with Radar,25,77,42,2,146,0,3,62,2,67,25,80,104,4,213,92,0,92,305
04/12/2003,FSD,SD,AGL,CE,Towers with Radar,18,44,18,0,80,0,5,73,3,81,18,49,91,3,161,96,0,96,257
04/13/2003,FSD,SD,AGL,CE,Towers with Radar,13,34,8,2,57,0,0,12,0,12,13,34,20,2,69,4,0,4,73
04/14/2003,FSD,SD,AGL,CE,Towers with Radar,21,68,46,25,160,0,0,40,0,40,21,68,86,25,200,74,16,90,290
04/15/2003,FSD,SD,AGL,CE,Towers with Radar,39,98,55,10,202,0,3,45,0,48,39,101,100,10,250,44,28,72,322
04/16/2003,FSD,SD,AGL,CE,Towers with Radar,24,96,54,11,185,0,0,0,0,0,24,96,54,11,185,20,0,20,205
04/17/2003,FSD,SD,AGL,CE,Towers with Radar,25,85,82,18,210,0,1,30,0,31,25,86,112,18,241,60,20,80,321
04/18/2003,FSD,SD,AGL,CE,Towers with Radar,23,75,28,3,129,0,0,0,0,0,23,75,28,3,129,4,0,4,133
04/19/2003,FSD,SD,AGL,CE,Towers with Radar,18,43,13,0,74,0,0,1,0,1,18,43,14,0,75,0,0,0,75
04/20/2003,FSD,SD,AGL,CE,Towers with Radar,13,41,9,0,63,0,0,1,0,1,13,41,10,0,64,2,0,2,66
04/21/2003,FSD,SD,AGL,CE,Towers with Radar,19,69,34,9,131,0,1,62,4,67,19,70,96,13,198,60,6,66,264
04/22/2003,FSD,SD,AGL,CE,Towers with Radar,25,90,51,11,177,0,0,100,0,100,25,90,151,11,277,110,14,124,401
04/23/2003,FSD,SD,AGL,CE,Towers with Radar,25,90,62,19,196,0,3,30,3,36,25,93,92,22,232,22,34,56,288
04/24/2003,FSD,SD,AGL,CE,Towers with Radar,25,84,49,9,167,0,1,16,0,17,25,85,65,9,184,20,0,20,204
04/25/2003,FSD,SD,AGL,CE,Towers with Radar,25,85,33,1,144,0,1,60,0,61,25,86,93,1,205,66,0,66,271
04/26/2003,FSD,SD,AGL,CE,Towers with Radar,20,50,9,0,79,0,2,36,0,38,20,52,45,0,117,16,0,16,133
04/27/2003,FSD,SD,AGL,CE,Towers with Radar,13,31,14,0,58,0,0,30,0,30,13,31,44,0,88,22,0,22,110
04/28/2003,FSD,SD,AGL,CE,Towers with Radar,21,69,48,0,138,0,0,64,0,64,21,69,112,0,202,114,0,114,316
04/29/2003,FSD,SD,AGL,CE,Towers with Radar,24,82,50,12,168,0,1,32,0,33,24,83,82,12,201,82,8,90,291
04/30/2003,FSD,SD,AGL,CE,Towers with Radar,25,82,72,16,195,0,3,8,0,11,25,85,80,16,206,46,0,46,252
05/01/2003,FSD,SD,AGL,CE,Towers with Radar,28,79,57,16,180,0,2,50,0,52,28,81,107,16,232,90,0,90,322
05/02/2003,FSD,SD,AGL,CE,Towers with Radar,26,87,36,5,154,0,4,60,0,64,26,91,96,5,218,102,0,102,320
05/03/2003,FSD,SD,AGL,CE,Towers with Radar,18,42,22,35,117,0,2,28,5,35,18,44,50,40,152,86,42,128,280
05/04/2003,FSD,SD,AGL,CE,Towers with Radar,16,30,15,21,82,0,3,2,3,8,16,33,17,24,90,20,18,38,128
05/05/2003,FSD,SD,AGL,CE,Towers with Radar,17,71,50,10,148,0,0,11,0,11,17,71,61,10,159,70,0,70,229
05/06/2003,FSD,SD,AGL,CE,Towers with Radar,23,87,56,25,191,0,3,46,0,49,23,90,102,25,240,74,24,98,338
05/07/2003,FSD,SD,AGL,CE,Towers with Radar,24,84,61,20,189,0,1,72,3,76,24,85,133,23,265,100,46,146,411
05/08/2003,FSD,SD,AGL,CE,Towers with Radar,25,83,61,31,200,0,1,13,0,14,25,84,74,31,214,34,38,72,286
05/09/2003,FSD,SD,AGL,CE,Towers with Radar,24,89,55,1,169,0,0,20,0,20,24,89,75,1,189,36,0,36,225
05/10/2003,FSD,SD,AGL,CE,Towers with Radar,19,42,39,0,100,0,1,11,0,12,19,43,50,0,112,22,0,22,134
05/11/2003,FSD,SD,AGL,CE,Towers with Radar,14,27,4,2,47,0,0,9,0,9,14,27,13,2,56,0,0,0,56
05/12/2003,FSD,SD,AGL,CE,Towers with Radar,23,72,56,19,170,0,3,66,1,70,23,75,122,20,240,104,2,106,346
05/13/2003,FSD,SD,AGL,CE,Towers with Radar,23,107,40,8,178,0,1,25,1,27,23,108,65,9,205,26,12,38,243
05/14/2003,FSD,SD,AGL,CE,Towers with Radar,24,95,91,18,228,0,1,18,1,20,24,96,109,19,248,10,2,12,260
05/15/2003,FSD,SD,AGL,CE,Towers with Radar,24,84,84,23,215,0,1,41,3,45,24,85,125,26,260,96,28,124,384
05/16/2003,FSD,SD,AGL,CE,Towers with Radar,32,89,40,17,178,0,0,47,4,51,32,89,87,21,229,22,36,58,287
05/17/2003,FSD,SD,AGL,CE,Towers with Radar,18,44,22,1,85,0,0,72,5,77,18,44,94,6,162,24,24,48,210
05/18/2003,FSD,SD,AGL,CE,Towers with Radar,11,31,23,0,65,4,0,20,0,24,15,31,43,0,89,0,0,0,89
05/19/2003,FSD,SD,AGL,CE,Towers with Radar,16,81,24,1,122,0,4,17,1,22,16,85,41,2,144,30,0,30,174
05/20/2003,FSD,SD,AGL,CE,Towers with Radar,24,74,49,24,171,0,5,77,4,86,24,79,126,28,257,102,40,142,399
05/21/2003,FSD,SD,AGL,CE,Towers with Radar,24,100,41,16,181,0,4,55,8,67,24,104,96,24,248,58,26,84,332
05/22/2003,FSD,SD,AGL,CE,Towers with Radar,24,93,60,16,193,0,3,36,1,40,24,96,96,17,233,24,20,44,277
05/23/2003,FSD,SD,AGL,CE,Towers with Radar,25,75,59,15,174,0,2,37,0,39,25,77,96,15,213,94,26,120,333
05/24/2003,FSD,SD,AGL,CE,Towers with Radar,17,51,26,2,96,0,0,22,0,22,17,51,48,2,118,10,0,10,128
05/25/2003,FSD,SD,AGL,CE,Towers with Radar,11,34,20,0,65,1,2,31,0,34,12,36,51,0,99,2,0,2,101
05/26/2003,FSD,SD,AGL,CE,Towers with Radar,10,33,19,0,62,0,0,36,0,36,10,33,55,0,98,18,0,18,116
05/27/2003,FSD,SD,AGL,CE,Towers with Radar,19,79,28,2,128,0,2,51,0,53,19,81,79,2,181,76,0,76,257
05/28/2003,FSD,SD,AGL,CE,Towers with Radar,26,82,45,12,165,0,2,58,2,62,26,84,103,14,227,84,24,108,335
05/29/2003,FSD,SD,AGL,CE,Towers with Radar,25,90,66,9,190,0,5,56,0,61,25,95,122,9,251,80,6,86,337
05/30/2003,FSD,SD,AGL,CE,Towers with Radar,24,86,33,1,144,0,1,18,0,19,24,87,51,1,163,10,0,10,173
05/31/2003,FSD,SD,AGL,CE,Towers with Radar,18,51,24,1,94,0,1,57,0,58,18,52,81,1,152,102,0,102,254
06/01/2003,FSD,SD,AGL,CE,Towers with Radar,14,34,10,10,68,0,0,24,6,30,14,34,34,16,98,34,6,40,138
06/02/2003,FSD,SD,AGL,CE,Towers with Radar,17,72,49,0,138,0,0,24,0,24,17,72,73,0,162,60,0,60,222
06/03/2003,FSD,SD,AGL,CE,Towers with Radar,26,82,57,8,173,0,0,45,0,45,26,82,102,8,218,44,0,44,262
06/04/2003,FSD,SD,AGL,CE,Towers with Radar,24,96,49,8,177,0,0,64,0,64,24,96,113,8,241,86,0,86,327
06/05/2003,FSD,SD,AGL,CE,Towers with Radar,22,86,42,10,160,0,1,31,5,37,22,87,73,15,197,50,12,62,259
06/06/2003,FSD,SD,AGL,CE,Towers with Radar,26,96,33,7,162,0,2,25,0,27,26,98,58,7,189,44,0,44,233
06/07/2003,FSD,SD,AGL,CE,Towers with Radar,22,48,17,7,94,0,1,43,18,62,22,49,60,25,156,52,28,80,236
06/08/2003,FSD,SD,AGL,CE,Towers with Radar,15,36,17,2,70,0,0,14,1,15,15,36,31,3,85,6,4,10,95
06/09/2003,FSD,SD,AGL,CE,Towers with Radar,21,76,42,0,139,0,2,60,1,63,21,78,102,1,202,92,0,92,294
06/10/2003,FSD,SD,AGL,CE,Towers with Radar,22,94,86,11,213,0,3,31,7,41,22,97,117,18,254,106,10,116,370
06/11/2003,FSD,SD,AGL,CE,Towers with Radar,22,96,59,8,185,0,1,76,5,82,22,97,135,13,267,68,10,78,345
06/12/2003,FSD,SD,AGL,CE,Towers with Radar,25,95,54,7,181,0,5,51,3,59,25,100,105,10,240,128,10,138,378
06/13/2003,FSD,SD,AGL,CE,Towers with Radar,23,82,47,15,167,0,4,66,50,120,23,86,113,65,287,78,8,86,373
06/14/2003,FSD,SD,AGL,CE,Towers with Radar,18,58,12,3,91,0,1,157,2,160,18,59,169,5,251,160,0,160,411
06/15/2003,FSD,SD,AGL,CE,Towers with Radar,15,36,17,3,71,0,0,32,0,32,15,36,49,3,103,6,0,6,109
06/16/2003,FSD,SD,AGL,CE,Towers with Radar,19,67,37,3,126,0,3,44,0,47,19,70,81,3,173,100,0,100,273
06/17/2003,FSD,SD,AGL,CE,Towers with Radar,24,91,58,16,189,0,2,56,0,58,24,93,114,16,247,70,28,98,345
06/18/2003,FSD,SD,AGL,CE,Towers with Radar,23,97,54,15,189,0,2,85,1,88,23,99,139,16,277,62,14,76,353
06/19/2003,FSD,SD,AGL,CE,Towers with Radar,24,94,55,24,197,0,3,89,10,102,24,97,144,34,299,42,12,54,353
06/20/2003,FSD,SD,AGL,CE,Towers with Radar,23,81,26,17,147,0,2,60,3,65,23,83,86,20,212,30,4,34,246
06/21/2003,FSD,SD,AGL,CE,Towers with Radar,20,49,12,17,98,0,5,38,1,44,20,54,50,18,142,6,20,26,168
06/22/2003,FSD,SD,AGL,CE,Towers with Radar,16,36,18,10,80,0,0,9,1,10,16,36,27,11,90,8,0,8,98
06/23/2003,FSD,SD,AGL,CE,Towers with Radar,19,78,43,20,160,0,0,23,0,23,19,78,66,20,183,18,26,44,227
06/24/2003,FSD,SD,AGL,CE,Towers with Radar,22,80,39,7,148,0,1,24,6,31,22,81,63,13,179,26,0,26,205
06/25/2003,FSD,SD,AGL,CE,Towers with Radar,25,123,55,16,219,0,1,10,3,14,25,124,65,19,233,50,4,54,287
06/26/2003,FSD,SD,AGL,CE,Towers with Radar,25,85,82,18,210,0,5,49,1,55,25,90,131,19,265,54,20,74,339
06/27/2003,FSD,SD,AGL,CE,Towers with Radar,23,76,41,0,140,0,6,40,6,52,23,82,81,6,192,36,0,36,228
06/28/2003,FSD,SD,AGL,CE,Towers with Radar,21,53,22,0,96,0,0,73,1,74,21,53,95,1,170,68,0,68,238
06/29/2003,FSD,SD,AGL,CE,Towers with Radar,15,35,37,2,89,0,1,26,0,27,15,36,63,2,116,60,0,60,176
06/30/2003,FSD,SD,AGL,CE,Towers with Radar,17,82,48,0,147,0,4,73,0,77,17,86,121,0,224,88,0,88,312
07/01/2003,FSD,SD,AGL,CE,Towers with Radar,22,86,40,15,163,0,1,55,0,56,22,87,95,15,219,26,12,38,257
07/02/2003,FSD,SD,AGL,CE,Towers with Radar,24,98,50,17,189,0,2,56,2,60,24,100,106,19,249,52,14,66,315
07/03/2003,FSD,SD,AGL,CE,Towers with Radar,24,80,43,16,163,0,2,45,2,49,24,82,88,18,212,34,42,76,288
07/04/2003,FSD,SD,AGL,CE,Towers with Radar,10,33,13,0,56,0,2,17,0,19,10,35,30,0,75,8,0,8,83
07/05/2003,FSD,SD,AGL,CE,Towers with Radar,15,47,15,4,81,0,3,18,0,21,15,50,33,4,102,4,0,4,106
07/06/2003,FSD,SD,AGL,CE,Towers with Radar,14,37,18,0,69,0,0,27,0,27,14,37,45,0,96,0,0,0,96
07/07/2003,FSD,SD,AGL,CE,Towers with Radar,19,81,26,0,126,0,0,38,0,38,19,81,64,0,164,28,0,28,192
07/08/2003,FSD,SD,AGL,CE,Towers with Radar,26,90,42,14,172,0,1,63,4,68,26,91,105,18,240,142,34,176,416
07/09/2003,FSD,SD,AGL,CE,Towers with Radar,25,102,39,21,187,0,1,50,10,61,25,103,89,31,248,86,12,98,346
07/10/2003,FSD,SD,AGL,CE,Towers with Radar,24,100,55,17,196,0,5,44,7,56,24,105,99,24,252,72,22,94,346
07/11/2003,FSD,SD,AGL,CE,Towers with Radar,24,91,32,18,165,0,3,58,3,64,24,94,90,21,229,88,30,118,347
07/12/2003,FSD,SD,AGL,CE,Towers with Radar,20,58,11,22,111,0,14,63,0,77,20,72,74,22,188,88,36,124,312
07/13/2003,FSD,SD,AGL,CE,Towers with Radar,15,34,29,10,88,0,0,49,0,49,15,34,78,10,137,56,14,70,207
07/14/2003,FSD,SD,AGL,CE,Towers with Radar,21,87,48,19,175,0,0,48,0,48,21,87,96,19,223,52,20,72,295
07/15/2003,FSD,SD,AGL,CE,Towers with Radar,24,93,28,22,167,0,5,102,0,107,24,98,130,22,274,250,34,284,558
07/16/2003,FSD,SD,AGL,CE,Towers with Radar,24,88,48,24,184,0,3,60,0,63,24,91,108,24,247,102,22,124,371
07/17/2003,FSD,SD,AGL,CE,Towers with Radar,24,90,62,20,196,0,1,63,0,64,24,91,125,20,260,72,6,78,338
07/18/2003,FSD,SD,AGL,CE,Towers with Radar,25,82,48,4,159,0,0,36,0,36,25,82,84,4,195,64,0,64,259
07/19/2003,FSD,SD,AGL,CE,Towers with Radar,18,54,19,2,93,0,1,40,0,41,18,55,59,2,134,24,0,24,158
07/20/2003,FSD,SD,AGL,CE,Towers with Radar,15,36,15,3,69,0,13,21,0,34,15,49,36,3,103,34,0,34,137
07/21/2003,FSD,SD,AGL,CE,Towers with Radar,19,79,34,10,142,0,6,50,2,58,19,85,84,12,200,70,0,70,270
07/22/2003,FSD,SD,AGL,CE,Towers with Radar,23,91,39,6,159,0,1,84,4,89,23,92,123,10,248,74,6,80,328
07/23/2003,FSD,SD,AGL,CE,Towers with Radar,27,84,35,18,164,0,2,93,3,98,27,86,128,21,262,96,18,114,376
07/24/2003,FSD,SD,AGL,CE,Towers with Radar,23,86,50,21,180,0,2,51,10,63,23,88,101,31,243,56,16,72,315
07/25/2003,FSD,SD,AGL,CE,Towers with Radar,21,80,37,14,152,0,4,33,0,37,21,84,70,14,189,10,16,26,215
07/26/2003,FSD,SD,AGL,CE,Towers with Radar,21,53,16,2,92,0,2,52,0,54,21,55,68,2,146,66,0,66,212
07/27/2003,FSD,SD,AGL,CE,Towers with Radar,14,38,17,0,69,0,1,69,0,70,14,39,86,0,139,42,0,42,181
07/28/2003,FSD,SD,AGL,CE,Towers with Radar,20,74,50,0,144,0,0,81,0,81,20,74,131,0,225,78,0,78,303
07/29/2003,FSD,SD,AGL,CE,Towers with Radar,24,89,42,16,171,0,9,46,4,59,24,98,88,20,230,50,8,58,288
07/30/2003,FSD,SD,AGL,CE,Towers with Radar,24,91,47,21,183,0,1,77,1,79,24,92,124,22,262,90,36,126,388
07/31/2003,FSD,SD,AGL,CE,Towers with Radar,24,93,56,14,187,0,4,86,0,90,24,97,142,14,277,124,36,160,437
08/01/2003,FSD,SD,AGL,CE,Towers with Radar,22,88,44,16,170,0,3,75,2,80,22,91,119,18,250,72,10,82,332
08/02/2003,FSD,SD,AGL,CE,Towers with Radar,20,53,22,2,97,0,0,52,0,52,20,53,74,2,149,24,2,26,175
08/03/2003,FSD,SD,AGL,CE,Towers with Radar,15,42,40,0,97,0,0,45,0,45,15,42,85,0,142,30,0,30,172
08/04/2003,FSD,SD,AGL,CE,Towers with Radar,19,73,48,16,156,0,2,49,0,51,19,75,97,16,207,66,12,78,285
08/05/2003,FSD,SD,AGL,CE,Towers with Radar,23,97,65,20,205,0,0,35,0,35,23,97,100,20,240,66,12,78,318
08/06/2003,FSD,SD,AGL,CE,Towers with Radar,24,91,65,17,197,0,3,49,0,52,24,94,114,17,249,114,16,130,379
08/07/2003,FSD,SD,AGL,CE,Towers with Radar,24,89,41,17,171,0,1,40,0,41,24,90,81,17,212,38,50,88,300
08/08/2003,FSD,SD,AGL,CE,Towers with Radar,24,94,54,0,172,0,1,49,0,50,24,95,103,0,222,70,0,70,292
08/09/2003,FSD,SD,AGL,CE,Towers with Radar,20,56,23,0,99,0,1,46,0,47,20,57,69,0,146,40,0,40,186
08/10/2003,FSD,SD,AGL,CE,Towers with Radar,15,40,26,5,86,0,0,21,0,21,15,40,47,5,107,58,6,64,171
08/11/2003,FSD,SD,AGL,CE,Towers with Radar,18,75,53,22,168,0,0,34,0,34,18,75,87,22,202,22,16,38,240
08/12/2003,FSD,SD,AGL,CE,Towers with Radar,23,93,17,21,154,0,4,0,1,5,23,97,17,22,159,66,4,70,229
08/13/2003,FSD,SD,AGL,CE,Towers with Radar,23,91,66,29,209,0,3,74,0,77,23,94,140,29,286,158,28,186,472
08/14/2003,FSD,SD,AGL,CE,Towers with Radar,23,99,82,19,223,0,1,71,0,72,23,100,153,19,295,100,14,114,409
08/15/2003,FSD,SD,AGL,CE,Towers with Radar,26,90,34,3,153,0,2,58,3,63,26,92,92,6,216,60,26,86,302
08/16/2003,FSD,SD,AGL,CE,Towers with Radar,22,60,18,0,100,0,3,42,0,45,22,63,60,0,145,42,0,42,187
08/17/2003,FSD,SD,AGL,CE,Towers with Radar,17,47,18,2,84,0,5,32,0,37,17,52,50,2,121,26,0,26,147
08/18/2003,FSD,SD,AGL,CE,Towers with Radar,18,69,42,4,133,0,9,49,0,58,18,78,91,4,191,20,12,32,223
08/19/2003,FSD,SD,AGL,CE,Towers with Radar,24,85,48,14,171,0,6,58,1,65,24,91,106,15,236,36,40,76,312
08/20/2003,FSD,SD,AGL,CE,Towers with Radar,27,96,59,14,196,0,4,54,1,59,27,100,113,15,255,92,30,122,377
08/21/2003,FSD,SD,AGL,CE,Towers with Radar,25,88,60,28,201,0,3,75,3,81,25,91,135,31,282,112,58,170,452
08/22/2003,FSD,SD,AGL,CE,Towers with Radar,24,86,40,12,162,0,5,63,1,69,24,91,103,13,231,66,8,74,305
08/23/2003,FSD,SD,AGL,CE,Towers with Radar,20,49,13,0,82,0,5,33,3,41,20,54,46,3,123,54,0,54,177
08/24/2003,FSD,SD,AGL,CE,Towers with Radar,15,41,15,0,71,0,0,36,0,36,15,41,51,0,107,6,0,6,113
08/25/2003,FSD,SD,AGL,CE,Towers with Radar,17,66,42,2,127,0,4,43,0,47,17,70,85,2,174,36,0,36,210
08/26/2003,FSD,SD,AGL,CE,Towers with Radar,24,106,44,25,199,0,14,90,1,105,24,120,134,26,304,106,16,122,426
08/27/2003,FSD,SD,AGL,CE,Towers with Radar,23,98,66,23,210,0,8,79,2,89,23,106,145,25,299,110,32,142,441
08/28/2003,FSD,SD,AGL,CE,Towers with Radar,23,89,35,4,151,0,5,45,3,53,23,94,80,7,204,76,0,76,280
08/29/2003,FSD,SD,AGL,CE,Towers with Radar,24,96,43,9,172,0,5,48,0,53,24,101,91,9,225,88,4,92,317
08/30/2003,FSD,SD,AGL,CE,Towers with Radar,18,52,17,0,87,0,1,47,0,48,18,53,64,0,135,68,0,68,203
08/31/2003,FSD,SD,AGL,CE,Towers with Radar,11,27,9,2,49,0,0,26,0,26,11,27,35,2,75,6,0,6,81
09/01/2003,FSD,SD,AGL,CE,Towers with Radar,11,42,11,0,64,0,0,32,0,32,11,42,43,0,96,34,0,34,130
09/02/2003,FSD,SD,AGL,CE,Towers with Radar,18,77,42,13,150,0,3,51,0,54,18,80,93,13,204,40,30,70,274
09/03/2003,FSD,SD,AGL,CE,Towers with Radar,20,96,43,23,182,0,3,50,3,56,20,99,93,26,238,58,30,88,326
09/04/2003,FSD,SD,AGL,CE,Towers with Radar,22,87,62,17,188,0,4,62,3,69,22,91,124,20,257,64,24,88,345
09/05/2003,FSD,SD,AGL,CE,Towers with Radar,22,89,64,16,191,0,3,45,3,51,22,92,109,19,242,106,28,134,376
09/06/2003,FSD,SD,AGL,CE,Towers with Radar,16,51,19,12,98,0,0,50,2,52,16,51,69,14,150,82,10,92,242
09/07/2003,FSD,SD,AGL,CE,Towers with Radar,13,39,18,12,82,0,1,34,0,35,13,40,52,12,117,16,28,44,161
09/08/2003,FSD,SD,AGL,CE,Towers with Radar,15,68,63,15,161,0,4,38,0,42,15,72,101,15,203,30,18,48,251
09/09/2003,FSD,SD,AGL,CE,Towers with Radar,23,90,55,14,182,0,3,12,1,16,23,93,67,15,198,40,4,44,242
09/10/2003,FSD,SD,AGL,CE,Towers with Radar,22,92,37,1,152,0,1,7,3,11,22,93,44,4,163,38,4,42,205
09/11/2003,FSD,SD,AGL,CE,Towers with Radar,18,84,65,20,187,0,1,17,2,20,18,85,82,22,207,32,0,32,239
09/12/2003,FSD,SD,AGL,CE,Towers with Radar,20,88,47,13,168,0,3,53,0,56,20,91,100,13,224,92,26,118,342
09/13/2003,FSD,SD,AGL,CE,Towers with Radar,16,49,17,17,99,0,0,38,8,46,16,49,55,25,145,42,32,74,219
09/14/2003,FSD,SD,AGL,CE,Towers with Radar,11,34,22,0,67,0,2,34,0,36,11,36,56,0,103,46,0,46,149
09/15/2003,FSD,SD,AGL,CE,Towers with Radar,17,70,47,0,134,0,1,69,0,70,17,71,116,0,204,42,0,42,246
09/16/2003,FSD,SD,AGL,CE,Towers with Radar,22,97,39,14,172,0,1,43,1,45,22,98,82,15,217,82,32,114,331
09/17/2003,FSD,SD,AGL,CE,Towers with Radar,22,88,59,14,183,0,0,27,0,27,22,88,86,14,210,30,0,30,240
09/18/2003,FSD,SD,AGL,CE,Towers with Radar,26,84,79,17,206,0,2,13,2,17,26,86,92,19,223,38,32,70,293
09/19/2003,FSD,SD,AGL,CE,Towers with Radar,22,89,49,18,178,0,6,80,1,87,22,95,129,19,265,144,30,174,439
09/20/2003,FSD,SD,AGL,CE,Towers with Radar,16,51,14,3,84,0,1,83,4,88,16,52,97,7,172,174,0,174,346
09/21/2003,FSD,SD,AGL,CE,Towers with Radar,14,34,27,5,80,0,0,26,0,26,14,34,53,5,106,40,0,40,146
09/22/2003,FSD,SD,AGL,CE,Towers with Radar,16,71,47,18,152,0,2,46,0,48,16,73,93,18,200,36,8,44,244
09/23/2003,FSD,SD,AGL,CE,Towers with Radar,22,82,48,19,171,0,2,90,1,93,22,84,138,20,264,74,20,94,358
09/24/2003,FSD,SD,AGL,CE,Towers with Radar,22,94,52,21,189,0,0,49,0,49,22,94,101,21,238,64,2,66,304
09/25/2003,FSD,SD,AGL,CE,Towers with Radar,22,99,57,11,189,0,3,59,2,64,22,102,116,13,253,60,14,74,327
09/26/2003,FSD,SD,AGL,CE,Towers with Radar,22,86,35,0,143,0,0,20,0,20,22,86,55,0,163,40,0,40,203
09/27/2003,FSD,SD,AGL,CE,Towers with Radar,16,48,33,0,97,0,4,56,0,60,16,52,89,0,157,94,0,94,251
09/28/2003,FSD,SD,AGL,CE,Towers with Radar,9,43,25,6,83,0,4,37,0,41,9,47,62,6,124,46,0,46,170
09/29/2003,FSD,SD,AGL,CE,Towers with Radar,16,81,62,0,159,0,0,52,0,52,16,81,114,0,211,86,0,86,297
09/30/2003,FSD,SD,AGL,CE,Towers with Radar,26,90,46,0,162,0,4,70,0,74,26,94,116,0,236,64,0,64,300
10/01/2003,FSD,SD,AGL,CE,Towers with Radar,21,80,48,10,159,3,4,62,4,73,24,84,110,14,232,102,8,110,342
10/02/2003,FSD,SD,AGL,CE,Towers with Radar,24,92,54,12,182,0,5,70,11,86,24,97,124,23,268,110,24,134,402
10/03/2003,FSD,SD,AGL,CE,Towers with Radar,21,81,48,11,161,0,3,40,10,53,21,84,88,21,214,78,12,90,304
10/04/2003,FSD,SD,AGL,CE,Towers with Radar,15,60,35,8,118,4,19,64,6,93,19,79,99,14,211,62,4,66,277
10/05/2003,FSD,SD,AGL,CE,Towers with Radar,10,39,22,1,72,6,2,56,0,64,16,41,78,1,136,46,2,48,184
10/06/2003,FSD,SD,AGL,CE,Towers with Radar,15,76,47,10,148,0,0,84,4,88,15,76,131,14,236,134,0,134,370
10/07/2003,FSD,SD,AGL,CE,Towers with Radar,23,89,52,12,176,2,8,41,16,67,25,97,93,28,243,114,38,152,395
10/08/2003,FSD,SD,AGL,CE,Towers with Radar,24,100,59,10,193,0,0,57,0,57,24,100,116,10,250,60,14,74,324
10/09/2003,FSD,SD,AGL,CE,Towers with Radar,21,80,47,2,150,3,10,51,0,64,24,90,98,2,214,84,0,84,298
10/10/2003,FSD,SD,AGL,CE,Towers with Radar,24,90,53,0,167,0,1,12,0,13,24,91,65,0,180,18,0,18,198
10/11/2003,FSD,SD,AGL,CE,Towers with Radar,13,50,28,0,91,6,7,0,0,13,19,57,28,0,104,16,0,16,120
10/12/2003,FSD,SD,AGL,CE,Towers with Radar,10,38,23,0,71,3,0,37,0,40,13,38,60,0,111,38,0,38,149
10/13/2003,FSD,SD,AGL,CE,Towers with Radar,14,69,40,0,123,0,0,54,0,54,14,69,94,0,177,76,0,76,253
10/14/2003,FSD,SD,AGL,CE,Towers with Radar,20,76,45,1,142,7,13,45,0,65,27,89,90,1,207,88,0,88,295
10/15/2003,FSD,SD,AGL,CE,Towers with Radar,24,92,55,10,181,0,5,65,0,70,24,97,120,10,251,86,4,90,341
10/16/2003,FSD,SD,AGL,CE,Towers with Radar,23,95,60,13,191,0,0,63,0,63,23,95,123,13,254,100,4,104,358
10/17/2003,FSD,SD,AGL,CE,Towers with Radar,25,90,53,11,179,0,3,49,6,58,25,93,102,17,237,44,14,58,295
10/18/2003,FSD,SD,AGL,CE,Towers with Radar,13,45,26,5,89,5,5,59,0,69,18,50,85,5,158,92,2,94,252
10/19/2003,FSD,SD,AGL,CE,Towers with Radar,13,45,28,2,88,0,0,46,0,46,13,45,74,2,134,44,2,46,180
10/20/2003,FSD,SD,AGL,CE,Towers with Radar,15,73,47,9,144,0,0,53,11,64,15,73,100,20,208,26,0,26,234
10/21/2003,FSD,SD,AGL,CE,Towers with Radar,24,85,60,13,182,0,0,75,7,82,24,85,135,20,264,76,4,80,344
10/22/2003,FSD,SD,AGL,CE,Towers with Radar,24,92,63,13,192,0,0,96,8,104,24,92,159,21,296,92,20,112,408
10/23/2003,FSD,SD,AGL,CE,Towers with Radar,23,87,53,10,173,0,7,53,8,68,23,94,106,18,241,62,0,62,303
10/24/2003,FSD,SD,AGL,CE,Towers with Radar,25,98,59,8,190,0,24,28,0,52,25,122,87,8,242,92,38,130,372
10/25/2003,FSD,SD,AGL,CE,Towers with Radar,13,45,27,0,85,5,12,11,0,28,18,57,38,0,113,58,0,58,171
10/26/2003,FSD,SD,AGL,CE,Towers with Radar,11,37,24,1,73,4,0,13,0,17,15,37,37,1,90,44,0,44,134
10/27/2003,FSD,SD,AGL,CE,Towers with Radar,19,91,55,0,165,0,3,54,0,57,19,94,109,0,222,2,0,2,224
10/28/2003,FSD,SD,AGL,CE,Towers with Radar,22,83,50,10,165,0,13,9,0,22,22,96,59,10,187,0,12,12,199
10/29/2003,FSD,SD,AGL,CE,Towers with Radar,26,93,56,11,186,0,0,45,3,48,26,93,101,14,234,64,12,76,310
10/30/2003,FSD,SD,AGL,CE,Towers with Radar,24,91,62,13,190,0,0,13,7,20,24,91,75,20,210,0,0,0,210
10/31/2003,FSD,SD,AGL,CE,Towers with Radar,23,84,51,10,168,3,5,15,4,27,26,89,66,14,195,74,0,74,269
11/01/2003,FSD,SD,AGL,CE,Towers with Radar,16,62,33,6,117,4,1,0,2,7,20,63,33,8,124,36,0,36,160
11/02/2003,FSD,SD,AGL,CE,Towers with Radar,11,43,23,2,79,4,1,13,0,18,15,44,36,2,97,50,0,50,147
11/03/2003,FSD,SD,AGL,CE,Towers with Radar,14,52,24,0,90,3,10,0,0,13,17,62,24,0,103,0,0,0,103
11/04/2003,FSD,SD,AGL,CE,Towers with Radar,21,95,52,6,174,0,5,8,0,13,21,100,60,6,187,28,0,28,215
11/05/2003,FSD,SD,AGL,CE,Towers with Radar,24,92,50,7,173,0,1,52,0,53,24,93,102,7,226,62,4,66,292
11/06/2003,FSD,SD,AGL,CE,Towers with Radar,24,96,65,10,195,0,0,65,7,72,24,96,130,17,267,108,12,120,387
11/07/2003,FSD,SD,AGL,CE,Towers with Radar,22,83,45,2,152,5,1,55,0,61,27,84,100,2,213,80,0,80,293
11/08/2003,FSD,SD,AGL,CE,Towers with Radar,14,55,30,0,99,4,10,26,0,40,18,65,56,0,139,20,0,20,159
11/09/2003,FSD,SD,AGL,CE,Towers with Radar,10,42,23,0,75,5,4,6,0,15,15,46,29,0,90,32,0,32,122
11/10/2003,FSD,SD,AGL,CE,Towers with Radar,16,83,45,5,149,0,2,16,0,18,16,85,61,5,167,34,0,34,201
11/11/2003,FSD,SD,AGL,CE,Towers with Radar,22,82,45,0,149,1,6,62,0,69,23,88,107,0,218,86,0,86,304
11/12/2003,FSD,SD,AGL,CE,Towers with Radar,25,94,51,9,179,8,2,9,3,22,33,96,60,12,201,26,26,52,253
11/13/2003,FSD,SD,AGL,CE,Towers with Radar,24,90,56,9,179,0,0,68,5,73,24,90,124,14,252,48,4,52,304
11/14/2003,FSD,SD,AGL,CE,Towers with Radar,25,92,55,9,181,0,0,43,4,47,25,92,98,13,228,34,14,48,276
11/15/2003,FSD,SD,AGL,CE,Towers with Radar,14,54,31,1,100,0,8,5,0,13,14,62,36,1,113,8,0,8,121
11/16/2003,FSD,SD,AGL,CE,Towers with Radar,11,38,22,4,75,1,4,21,1,27,12,42,43,5,102,30,0,30,132
11/17/2003,FSD,SD,AGL,CE,Towers with Radar,15,70,53,7,145,0,0,54,12,66,15,70,107,19,211,48,78,126,337
11/18/2003,FSD,SD,AGL,CE,Towers with Radar,24,99,57,8,188,0,0,68,3,71,24,99,125,11,259,30,16,46,305
11/19/2003,FSD,SD,AGL,CE,Towers with Radar,26,104,59,8,197,0,3,83,8,94,26,107,142,16,291,86,40,126,417
11/20/2003,FSD,SD,AGL,CE,Towers with Radar,22,87,53,7,169,0,0,81,3,84,22,87,134,10,253,90,6,96,349
11/21/2003,FSD,SD,AGL,CE,Towers with Radar,22,79,45,4,150,2,9,27,0,38,24,88,72,4,188,66,0,66,254
11/22/2003,FSD,SD,AGL,CE,Towers with Radar,12,43,12,3,70,1,16,0,2,19,13,59,12,5,89,14,0,14,103
11/23/2003,FSD,SD,AGL,CE,Towers with Radar,8,26,7,0,41,3,12,0,0,15,11,38,7,0,56,0,0,0,56
11/24/2003,FSD,SD,AGL,CE,Towers with Radar,18,69,39,0,126,0,15,55,0,70,18,84,94,0,196,66,0,66,262
11/25/2003,FSD,SD,AGL,CE,Towers with Radar,25,90,51,7,173,1,0,44,8,53,26,90,95,15,226,86,10,96,322
11/26/2003,FSD,SD,AGL,CE,Towers with Radar,26,98,55,8,187,0,0,62,4,66,26,98,117,12,253,30,6,36,289
11/27/2003,FSD,SD,AGL,CE,Towers with Radar,7,28,15,2,52,3,9,2,1,15,10,37,17,3,67,22,0,22,89
11/28/2003,FSD,SD,AGL,CE,Towers with Radar,17,66,36,0,119,0,14,24,0,38,17,80,60,0,157,38,0,38,195
11/29/2003,FSD,SD,AGL,CE,Towers with Radar,13,46,25,0,84,7,16,18,0,41,20,62,43,0,125,12,0,12,137
11/30/2003,FSD,SD,AGL,CE,Towers with Radar,10,36,19,0,65,3,0,20,0,23,13,36,39,0,88,30,0,30,118
12/01/2003,FSD,SD,AGL,CE,Towers with Radar,17,72,37,4,130,0,3,51,0,54,17,75,88,4,184,60,16,76,260
12/02/2003,FSD,SD,AGL,CE,Towers with Radar,25,95,49,9,178,0,0,55,1,56,25,95,104,10,234,74,12,86,320
12/03/2003,FSD,SD,AGL,CE,Towers with Radar,25,97,54,7,183,0,0,22,0,22,25,97,76,7,205,16,0,16,221
12/04/2003,FSD,SD,AGL,CE,Towers with Radar,28,87,43,0,158,19,0,0,0,19,47,87,43,0,177,0,0,0,177
12/05/2003,FSD,SD,AGL,CE,Towers with Radar,28,91,44,0,163,0,2,4,0,6,28,93,48,0,169,98,0,98,267
12/06/2003,FSD,SD,AGL,CE,Towers with Radar,17,56,19,0,92,1,12,0,0,13,18,68,19,0,105,0,0,0,105
12/07/2003,FSD,SD,AGL,CE,Towers with Radar,13,46,25,5,89,0,0,56,1,57,13,46,81,6,146,76,12,88,234
12/08/2003,FSD,SD,AGL,CE,Towers with Radar,15,76,42,8,141,0,0,14,2,16,15,76,56,10,157,12,0,12,169
12/09/2003,FSD,SD,AGL,CE,Towers with Radar,24,79,39,0,142,0,15,0,0,15,24,94,39,0,157,0,0,0,157
12/10/2003,FSD,SD,AGL,CE,Towers with Radar,30,88,48,6,172,2,0,52,0,54,32,88,100,6,226,82,26,108,334
12/11/2003,FSD,SD,AGL,CE,Towers with Radar,31,88,52,8,179,0,0,43,0,43,31,88,95,8,222,0,0,0,222
12/12/2003,FSD,SD,AGL,CE,Towers with Radar,30,97,48,3,178,1,0,26,0,27,31,97,74,3,205,52,2,54,259
12/13/2003,FSD,SD,AGL,CE,Towers with Radar,18,60,29,0,107,1,0,18,0,19,19,60,47,0,126,44,0,44,170
12/14/2003,FSD,SD,AGL,CE,Towers with Radar,12,40,10,2,64,2,4,0,0,6,14,44,10,2,70,0,0,0,70
12/15/2003,FSD,SD,AGL,CE,Towers with Radar,16,57,28,0,101,0,17,17,0,34,16,74,45,0,135,54,50,104,239
12/16/2003,FSD,SD,AGL,CE,Towers with Radar,31,103,56,9,199,0,0,52,19,71,31,103,108,28,270,60,0,60,330
12/17/2003,FSD,SD,AGL,CE,Towers with Radar,31,98,49,1,179,3,0,9,0,12,34,98,58,1,191,0,0,0,191
12/18/2003,FSD,SD,AGL,CE,Towers with Radar,36,96,56,9,197,0,0,68,4,72,36,96,124,13,269,56,0,56,325
12/19/2003,FSD,SD,AGL,CE,Towers with Radar,28,88,44,0,160,7,7,46,0,60,35,95,90,0,220,64,10,74,294
12/20/2003,FSD,SD,AGL,CE,Towers with Radar,16,52,26,2,96,3,9,31,0,43,19,61,57,2,139,38,0,38,177
12/21/2003,FSD,SD,AGL,CE,Towers with Radar,12,36,19,0,67,5,11,22,0,38,17,47,41,0,105,20,0,20,125
12/22/2003,FSD,SD,AGL,CE,Towers with Radar,19,80,44,7,150,0,0,57,9,66,19,80,101,16,216,52,10,62,278
12/23/2003,FSD,SD,AGL,CE,Towers with Radar,33,103,53,8,197,2,0,30,18,50,35,103,83,26,247,54,24,78,325
12/24/2003,FSD,SD,AGL,CE,Towers with Radar,23,72,37,0,132,2,24,26,0,52,25,96,63,0,184,72,0,72,256
12/25/2003,FSD,SD,AGL,CE,Towers with Radar,8,25,11,0,44,1,14,0,0,15,9,39,11,0,59,16,0,16,75
12/26/2003,FSD,SD,AGL,CE,Towers with Radar,25,78,40,0,143,1,13,2,0,16,26,91,42,0,159,12,0,12,171
12/27/2003,FSD,SD,AGL,CE,Towers with Radar,16,50,26,0,92,11,2,25,0,38,27,52,51,0,130,76,0,76,206
12/28/2003,FSD,SD,AGL,CE,Towers with Radar,12,36,19,0,67,1,1,31,0,33,13,37,50,0,100,80,52,132,232
12/29/2003,FSD,SD,AGL,CE,Towers with Radar,21,74,41,6,142,0,0,26,16,42,21,74,67,22,184,88,54,142,326
12/30/2003,FSD,SD,AGL,CE,Towers with Radar,23,90,45,7,165,0,16,32,13,61,23,106,77,20,226,76,20,96,322
12/31/2003,FSD,SD,AGL,CE,Towers with Radar,23,82,42,6,153,0,11,40,9,60,23,93,82,15,213,136,26,162,375
01/01/2004,FSD,SD,AGL,CE,Towers with Radar,8,34,18,0,60,0,5,45,0,50,8,39,63,0,110,108,0,108,218
01/02/2004,FSD,SD,AGL,CE,Towers with Radar,23,77,40,0,140,5,15,48,0,68,28,92,88,0,208,64,0,64,272
01/03/2004,FSD,SD,AGL,CE,Towers with Radar,14,46,24,0,84,5,5,31,0,41,19,51,55,0,125,30,0,30,155
01/04/2004,FSD,SD,AGL,CE,Towers with Radar,10,32,18,0,60,3,0,5,0,8,13,32,23,0,68,0,0,0,68
01/05/2004,FSD,SD,AGL,CE,Towers with Radar,15,70,37,0,122,0,7,21,0,28,15,77,58,0,150,22,0,22,172
01/06/2004,FSD,SD,AGL,CE,Towers with Radar,22,73,38,5,138,6,14,21,0,41,28,87,59,5,179,44,0,44,223
01/07/2004,FSD,SD,AGL,CE,Towers with Radar,27,85,45,8,165,1,0,39,5,45,28,85,84,13,210,34,16,50,260
01/08/2004,FSD,SD,AGL,CE,Towers with Radar,26,98,52,1,177,0,0,31,0,31,26,98,83,1,208,0,0,0,208
01/09/2004,FSD,SD,AGL,CE,Towers with Radar,30,93,52,9,184,3,0,38,7,48,33,93,90,16,232,62,30,92,324
01/10/2004,FSD,SD,AGL,CE,Towers with Radar,14,47,23,2,86,4,1,0,0,5,18,48,23,2,91,0,0,0,91
01/11/2004,FSD,SD,AGL,CE,Towers with Radar,12,42,22,4,80,1,1,10,3,15,13,43,32,7,95,34,2,36,131
01/12/2004,FSD,SD,AGL,CE,Towers with Radar,20,71,40,7,138,0,0,50,5,55,20,71,90,12,193,62,4,66,259
01/13/2004,FSD,SD,AGL,CE,Towers with Radar,28,91,58,10,187,0,0,51,10,61,28,91,109,20,248,54,22,76,324
01/14/2004,FSD,SD,AGL,CE,Towers with Radar,27,90,52,9,178,0,0,35,11,46,27,90,87,20,224,20,24,44,268
01/15/2004,FSD,SD,AGL,CE,Towers with Radar,33,87,57,10,187,0,0,100,3,103,33,87,157,13,290,68,10,78,368
01/16/2004,FSD,SD,AGL,CE,Towers with Radar,27,95,51,3,176,0,3,66,0,69,27,98,117,3,245,78,0,78,323
01/17/2004,FSD,SD,AGL,CE,Towers with Radar,14,44,24,0,82,4,3,34,0,41,18,47,58,0,123,30,2,32,155
01/18/2004,FSD,SD,AGL,CE,Towers with Radar,10,29,16,0,55,5,3,7,0,15,15,32,23,0,70,8,0,8,78
01/19/2004,FSD,SD,AGL,CE,Towers with Radar,17,65,36,1,119,0,11,38,0,49,17,76,74,1,168,76,0,76,244
01/20/2004,FSD,SD,AGL,CE,Towers with Radar,25,82,45,3,155,0,14,15,0,29,25,96,60,3,184,16,0,16,200
01/21/2004,FSD,SD,AGL,CE,Towers with Radar,27,83,55,8,173,0,0,44,8,52,27,83,99,16,225,48,10,58,283
01/22/2004,FSD,SD,AGL,CE,Towers with Radar,28,79,48,7,162,0,0,36,15,51,28,79,84,22,213,26,30,56,269
01/23/2004,FSD,SD,AGL,CE,Towers with Radar,24,78,42,3,147,0,11,41,0,52,24,89,83,3,199,58,2,60,259
01/24/2004,FSD,SD,AGL,CE,Towers with Radar,17,50,28,4,99,5,2,8,4,19,22,52,36,8,118,70,0,70,188
01/25/2004,FSD,SD,AGL,CE,Towers with Radar,11,34,6,2,53,5,10,0,1,16,16,44,6,3,69,6,0,6,75
01/26/2004,FSD,SD,AGL,CE,Towers with Radar,21,65,32,0,118,0,13,0,0,13,21,78,32,0,131,0,0,0,131
01/27/2004,FSD,SD,AGL,CE,Towers with Radar,28,86,49,2,165,0,0,51,0,51,28,86,100,2,216,92,0,92,308
01/28/2004,FSD,SD,AGL,CE,Towers with Radar,26,90,49,2,167,0,10,13,0,23,26,100,62,2,190,34,0,34,224
01/29/2004,FSD,SD,AGL,CE,Towers with Radar,28,89,48,5,170,0,2,9,0,11,28,91,57,5,181,8,0,8,189
01/30/2004,FSD,SD,AGL,CE,Towers with Radar,29,87,54,8,178,0,0,36,14,50,29,87,90,22,228,18,14,32,260
01/31/2004,FSD,SD,AGL,CE,Towers with Radar,13,43,13,0,69,5,7,0,0,12,18,50,13,0,81,10,0,10,91
02/01/2004,FSD,SD,AGL,CE,Towers with Radar,9,31,11,0,51,6,7,0,0,13,15,38,11,0,64,0,0,0,64
02/02/2004,FSD,SD,AGL,CE,Towers with Radar,16,71,41,3,131,0,6,15,0,21,16,77,56,3,152,38,0,38,190
02/03/2004,FSD,SD,AGL,CE,Towers with Radar,25,87,54,2,168,3,0,56,0,59,28,87,110,2,227,96,0,96,323
02/04/2004,FSD,SD,AGL,CE,Towers with Radar,26,96,56,5,183,0,7,6,0,13,26,103,62,5,196,10,0,10,206
02/05/2004,FSD,SD,AGL,CE,Towers with Radar,21,82,48,0,151,8,14,1,0,23,29,96,49,0,174,0,0,0,174
02/06/2004,FSD,SD,AGL,CE,Towers with Radar,23,79,47,2,151,8,0,12,0,20,31,79,59,2,171,4,0,4,175
02/07/2004,FSD,SD,AGL,CE,Towers with Radar,17,59,35,6,117,0,5,34,6,45,17,64,69,12,162,94,22,116,278
02/08/2004,FSD,SD,AGL,CE,Towers with Radar,10,37,21,4,72,5,3,4,2,14,15,40,25,6,86,10,0,10,96
02/09/2004,FSD,SD,AGL,CE,Towers with Radar,19,84,51,5,159,0,0,50,0,50,19,84,101,5,209,18,20,38,247
02/10/2004,FSD,SD,AGL,CE,Towers with Radar,27,95,61,10,193,0,0,67,11,78,27,95,128,21,271,88,16,104,375
02/11/2004,FSD,SD,AGL,CE,Towers with Radar,23,76,44,2,145,4,9,0,0,13,27,85,44,2,158,20,0,20,178
02/12/2004,FSD,SD,AGL,CE,Towers with Radar,28,87,62,11,188,0,0,55,10,65,28,87,117,21,253,84,32,116,369
02/13/2004,FSD,SD,AGL,CE,Towers with Radar,24,79,48,8,159,3,4,48,4,59,27,83,96,12,218,82,26,108,326
02/14/2004,FSD,SD,AGL,CE,Towers with Radar,12,38,24,3,77,3,10,46,0,59,15,48,70,3,136,46,0,46,182
02/15/2004,FSD,SD,AGL,CE,Towers with Radar,10,32,20,0,62,2,10,31,0,43,12,42,51,0,105,94,0,94,199
02/16/2004,FSD,SD,AGL,CE,Towers with Radar,19,68,41,0,128,0,2,50,0,52,19,70,91,0,180,72,0,72,252
02/17/2004,FSD,SD,AGL,CE,Towers with Radar,24,83,51,0,158,0,8,29,0,37,24,91,80,0,195,32,0,32,227
02/18/2004,FSD,SD,AGL,CE,Towers with Radar,28,88,59,11,186,0,0,57,12,69,28,88,116,23,255,110,32,142,397
02/19/2004,FSD,SD,AGL,CE,Towers with Radar,24,90,67,13,194,0,0,17,6,23,24,90,84,19,217,0,0,0,217
02/20/2004,FSD,SD,AGL,CE,Towers with Radar,26,86,54,10,176,0,0,0,22,22,26,86,54,32,198,14,32,46,244
02/21/2004,FSD,SD,AGL,CE,Towers with Radar,14,47,29,3,93,0,6,88,0,94,14,53,117,3,187,132,0,132,319
02/22/2004,FSD,SD,AGL,CE,Towers with Radar,11,34,21,0,66,0,3,45,0,48,11,37,66,0,114,68,0,68,182
02/23/2004,FSD,SD,AGL,CE,Towers with Radar,21,79,54,7,161,0,0,26,0,26,21,79,80,7,187,30,10,40,227
02/24/2004,FSD,SD,AGL,CE,Towers with Radar,25,92,67,12,196,0,0,38,11,49,25,92,105,23,245,56,0,56,301
02/25/2004,FSD,SD,AGL,CE,Towers with Radar,26,92,51,11,180,0,0,0,10,10,26,92,51,21,190,4,0,4,194
02/26/2004,FSD,SD,AGL,CE,Towers with Radar,27,89,59,11,186,0,0,72,5,77,27,89,131,16,263,114,12,126,389
02/27/2004,FSD,SD,AGL,CE,Towers with Radar,25,84,49,9,167,2,13,35,0,50,27,97,84,9,217,98,16,114,331
02/28/2004,FSD,SD,AGL,CE,Towers with Radar,13,43,25,0,81,1,9,9,0,19,14,52,34,0,100,36,0,36,136
02/29/2004,FSD,SD,AGL,CE,Towers with Radar,10,34,12,0,56,2,9,0,0,11,12,43,12,0,67,8,0,8,75
03/01/2004,FSD,SD,AGL,CE,Towers with Radar,16,56,29,0,101,2,13,0,0,15,18,69,29,0,116,0,0,0,116
03/02/2004,FSD,SD,AGL,CE,Towers with Radar,25,94,56,11,186,0,0,25,13,38,25,94,81,24,224,106,0,106,330
03/03/2004,FSD,SD,AGL,CE,Towers with Radar,24,85,48,9,166,4,0,0,4,8,28,85,48,13,174,0,0,0,174
03/04/2004,FSD,SD,AGL,CE,Towers with Radar,27,95,57,0,179,0,0,8,0,8,27,95,65,0,187,0,0,0,187
03/05/2004,FSD,SD,AGL,CE,Towers with Radar,21,82,39,9,151,0,3,0,10,13,21,85,39,19,164,0,0,0,164
03/06/2004,FSD,SD,AGL,CE,Towers with Radar,15,51,31,6,103,2,0,39,12,53,17,51,70,18,156,84,0,84,240
03/07/2004,FSD,SD,AGL,CE,Towers with Radar,8,35,20,1,64,5,2,11,0,18,13,37,31,1,82,30,0,30,112
03/08/2004,FSD,SD,AGL,CE,Towers with Radar,24,76,50,9,159,6,0,49,0,55,30,76,99,9,214,32,6,38,252
03/09/2004,FSD,SD,AGL,CE,Towers with Radar,25,80,51,10,166,2,0,72,5,79,27,80,123,15,245,114,2,116,361
03/10/2004,FSD,SD,AGL,CE,Towers with Radar,24,90,53,7,174,0,0,22,0,22,24,90,75,7,196,16,2,18,214
03/11/2004,FSD,SD,AGL,CE,Towers with Radar,25,88,52,4,169,3,0,45,0,48,28,88,97,4,217,48,4,52,269
03/12/2004,FSD,SD,AGL,CE,Towers with Radar,24,85,49,5,163,7,4,51,0,62,31,89,100,5,225,108,0,108,333
03/13/2004,FSD,SD,AGL,CE,Towers with Radar,12,45,19,5,81,2,8,0,6,16,14,53,19,11,97,28,0,28,125
03/14/2004,FSD,SD,AGL,CE,Towers with Radar,11,36,22,3,72,1,7,0,0,8,12,43,22,3,80,8,0,8,88
03/15/2004,FSD,SD,AGL,CE,Towers with Radar,19,75,45,2,141,0,3,14,0,17,19,78,59,2,158,0,0,0,158
03/16/2004,FSD,SD,AGL,CE,Towers with Radar,27,93,57,1,178,0,0,3,0,3,27,93,60,1,181,0,0,0,181
03/17/2004,FSD,SD,AGL,CE,Towers with Radar,24,98,60,10,192,0,0,62,1,63,24,98,122,11,255,60,4,64,319
03/18/2004,FSD,SD,AGL,CE,Towers with Radar,24,88,58,10,180,0,0,69,3,72,24,88,127,13,252,106,14,120,372
03/19/2004,FSD,SD,AGL,CE,Towers with Radar,27,92,55,10,184,0,8,52,5,65,27,100,107,15,249,112,16,128,377
03/20/2004,FSD,SD,AGL,CE,Towers with Radar,14,47,28,3,92,1,8,26,0,35,15,55,54,3,127,34,0,34,161
03/21/2004,FSD,SD,AGL,CE,Towers with Radar,12,40,25,2,79,0,0,56,0,56,12,40,81,2,135,118,0,118,253
03/22/2004,FSD,SD,AGL,CE,Towers with Radar,17,80,48,2,147,0,0,61,0,61,17,80,109,2,208,50,0,50,258
03/23/2004,FSD,SD,AGL,CE,Towers with Radar,26,98,62,10,196,0,0,84,5,89,26,98,146,15,285,234,14,248,533
03/24/2004,FSD,SD,AGL,CE,Towers with Radar,24,95,57,9,185,0,6,82,6,94,24,101,139,15,279,106,10,116,395
03/25/2004,FSD,SD,AGL,CE,Towers with Radar,27,85,55,9,176,5,0,10,0,15,32,85,65,9,191,18,0,18,209
03/26/2004,FSD,SD,AGL,CE,Towers with Radar,25,96,57,10,188,0,0,27,6,33,25,96,84,16,221,120,30,150,371
03/27/2004,FSD,SD,AGL,CE,Towers with Radar,12,40,16,0,68,2,14,0,0,16,14,54,16,0,84,6,0,6,90
03/28/2004,FSD,SD,AGL,CE,Towers with Radar,12,40,21,0,73,0,4,0,0,4,12,44,21,0,77,0,0,0,77
03/29/2004,FSD,SD,AGL,CE,Towers with Radar,17,69,41,0,127,0,6,48,0,54,17,75,89,0,181,90,0,90,271
03/30/2004,FSD,SD,AGL,CE,Towers with Radar,25,84,50,8,167,3,10,32,2,47,28,94,82,10,214,118,4,122,336
03/31/2004,FSD,SD,AGL,CE,Towers with Radar,27,89,57,10,183,0,0,75,11,86,27,89,132,21,269,140,18,158,427
04/01/2004,FSD,SD,AGL,CE,Towers with Radar,26,86,51,14,177,2,0,85,3,90,28,86,136,17,267,92,8,100,367
04/02/2004,FSD,SD,AGL,CE,Towers with Radar,24,86,48,13,171,0,14,59,6,79,24,100,107,19,250,162,16,178,428
04/03/2004,FSD,SD,AGL,CE,Towers with Radar,14,50,28,7,99,1,5,35,14,55,15,55,63,21,154,38,6,44,198
04/04/2004,FSD,SD,AGL,CE,Towers with Radar,12,41,24,6,83,2,0,50,7,59,14,41,74,13,142,74,22,96,238
04/05/2004,FSD,SD,AGL,CE,Towers with Radar,17,66,37,2,122,0,12,35,0,47,17,78,72,2,169,16,0,16,185
04/06/2004,FSD,SD,AGL,CE,Towers with Radar,25,91,51,13,180,0,6,71,5,82,25,97,122,18,262,160,8,168,430
04/07/2004,FSD,SD,AGL,CE,Towers with Radar,22,78,43,10,153,3,5,32,8,48,25,83,75,18,201,32,14,46,247
04/08/2004,FSD,SD,AGL,CE,Towers with Radar,25,83,55,14,177,0,0,68,23,91,25,83,123,37,268,86,14,100,368
04/09/2004,FSD,SD,AGL,CE,Towers with Radar,23,82,44,11,160,1,3,0,19,23,24,85,44,30,183,54,4,58,241
04/10/2004,FSD,SD,AGL,CE,Towers with Radar,11,42,23,5,81,7,11,51,2,71,18,53,74,7,152,134,0,134,286
04/11/2004,FSD,SD,AGL,CE,Towers with Radar,7,28,15,0,50,3,9,9,0,21,10,37,24,0,71,28,0,28,99
04/12/2004,FSD,SD,AGL,CE,Towers with Radar,21,67,42,0,130,1,0,68,0,69,22,67,110,0,199,94,0,94,293
04/13/2004,FSD,SD,AGL,CE,Towers with Radar,24,80,48,12,164,4,0,70,8,82,28,80,118,20,246,148,8,156,402
04/14/2004,FSD,SD,AGL,CE,Towers with Radar,23,80,45,11,159,1,2,25,4,32,24,82,70,15,191,50,18,68,259
04/15/2004,FSD,SD,AGL,CE,Towers with Radar,23,77,44,9,153,2,7,49,0,58,25,84,93,9,211,64,18,82,293
04/16/2004,FSD,SD,AGL,CE,Towers with Radar,26,87,50,9,172,0,6,61,0,67,26,93,111,9,239,72,8,80,319
04/17/2004,FSD,SD,AGL,CE,Towers with Radar,13,44,26,0,83,5,18,21,0,44,18,62,47,0,127,88,0,88,215
04/18/2004,FSD,SD,AGL,CE,Towers with Radar,8,25,15,0,48,5,12,0,0,17,13,37,15,0,65,2,0,2,67
04/19/2004,FSD,SD,AGL,CE,Towers with Radar,15,75,51,12,153,0,0,73,2,75,15,75,124,14,228,76,8,84,312
04/20/2004,FSD,SD,AGL,CE,Towers with Radar,23,91,62,15,191,0,0,60,0,60,23,91,122,15,251,0,0,0,251
04/21/2004,FSD,SD,AGL,CE,Towers with Radar,25,102,59,12,198,0,0,55,0,55,25,102,114,12,253,120,0,120,373
04/22/2004,FSD,SD,AGL,CE,Towers with Radar,26,89,51,9,175,0,0,50,0,50,26,89,101,9,225,126,0,126,351
04/23/2004,FSD,SD,AGL,CE,Towers with Radar,21,71,41,1,134,5,19,60,0,84,26,90,101,1,218,114,0,114,332
04/24/2004,FSD,SD,AGL,CE,Towers with Radar,16,53,31,7,107,3,6,25,2,36,19,59,56,9,143,82,4,86,229
04/25/2004,FSD,SD,AGL,CE,Towers with Radar,11,40,23,4,78,0,3,23,0,26,11,43,46,4,104,2,10,12,116
04/26/2004,FSD,SD,AGL,CE,Towers with Radar,17,71,41,9,138,0,0,37,1,38,17,71,78,10,176,52,0,52,228
04/27/2004,FSD,SD,AGL,CE,Towers with Radar,25,95,54,13,187,0,6,77,0,83,25,101,131,13,270,110,4,114,384
04/28/2004,FSD,SD,AGL,CE,Towers with Radar,25,83,47,11,166,0,0,47,8,55,25,83,94,19,221,76,48,124,345
04/29/2004,FSD,SD,AGL,CE,Towers with Radar,25,97,58,15,195,0,0,69,0,69,25,97,127,15,264,4,0,4,268
04/30/2004,FSD,SD,AGL,CE,Towers with Radar,25,86,48,12,171,0,6,49,0,55,25,92,97,12,226,58,12,70,296
05/01/2004,FSD,SD,AGL,CE,Towers with Radar,16,51,30,6,103,1,4,34,6,45,17,55,64,12,148,14,2,16,164
05/02/2004,FSD,SD,AGL,CE,Towers with Radar,12,37,24,5,78,3,0,46,2,51,15,37,70,7,129,44,12,56,185
05/03/2004,FSD,SD,AGL,CE,Towers with Radar,18,61,37,0,116,0,12,41,0,53,18,73,78,0,169,44,0,44,213
05/04/2004,FSD,SD,AGL,CE,Towers with Radar,26,84,51,10,171,0,13,49,0,62,26,97,100,10,233,104,6,110,343
05/05/2004,FSD,SD,AGL,CE,Towers with Radar,27,85,52,5,169,2,9,33,0,44,29,94,85,5,213,6,12,18,231
05/06/2004,FSD,SD,AGL,CE,Towers with Radar,27,88,54,10,179,0,0,31,3,34,27,88,85,13,213,56,2,58,271
05/07/2004,FSD,SD,AGL,CE,Towers with Radar,26,85,51,9,171,0,4,20,0,24,26,89,71,9,195,22,4,26,221
05/08/2004,FSD,SD,AGL,CE,Towers with Radar,16,51,31,3,101,1,12,28,0,41,17,63,59,3,142,58,8,66,208
05/09/2004,FSD,SD,AGL,CE,Towers with Radar,14,44,27,0,85,12,0,17,0,29,26,44,44,0,114,26,0,26,140
05/10/2004,FSD,SD,AGL,CE,Towers with Radar,19,74,44,8,145,0,0,48,6,54,19,74,92,14,199,62,12,74,273
05/11/2004,FSD,SD,AGL,CE,Towers with Radar,24,76,46,2,148,4,7,17,0,28,28,83,63,2,176,0,0,0,176
05/12/2004,FSD,SD,AGL,CE,Towers with Radar,29,86,55,10,180,9,0,25,2,36,38,86,80,12,216,14,4,18,234
05/13/2004,FSD,SD,AGL,CE,Towers with Radar,27,77,50,7,161,0,0,28,0,28,27,77,78,7,189,56,2,58,247
05/14/2004,FSD,SD,AGL,CE,Towers with Radar,27,83,51,9,170,0,0,69,2,71,27,83,120,11,241,112,0,112,353
05/15/2004,FSD,SD,AGL,CE,Towers with Radar,17,52,34,5,108,1,0,29,5,35,18,52,63,10,143,76,0,76,219
05/16/2004,FSD,SD,AGL,CE,Towers with Radar,13,32,25,2,72,4,0,17,0,21,17,32,42,2,93,18,0,18,111
05/17/2004,FSD,SD,AGL,CE,Towers with Radar,17,63,40,6,126,0,4,28,0,32,17,67,68,6,158,18,0,18,176
05/18/2004,FSD,SD,AGL,CE,Towers with Radar,27,91,58,10,186,0,0,68,6,74,27,91,126,16,260,110,2,112,372
05/19/2004,FSD,SD,AGL,CE,Towers with Radar,24,89,65,11,189,0,0,30,7,37,24,89,95,18,226,34,4,38,264
05/20/2004,FSD,SD,AGL,CE,Towers with Radar,27,85,57,9,178,0,0,64,10,74,27,85,121,19,252,62,4,66,318
05/21/2004,FSD,SD,AGL,CE,Towers with Radar,24,79,49,8,160,0,7,10,0,17,24,86,59,8,177,18,2,20,197
05/22/2004,FSD,SD,AGL,CE,Towers with Radar,15,47,30,0,92,5,0,11,0,16,20,47,41,0,108,40,0,40,148
05/23/2004,FSD,SD,AGL,CE,Towers with Radar,15,39,27,4,85,2,0,13,3,18,17,39,40,7,103,36,0,36,139
05/24/2004,FSD,SD,AGL,CE,Towers with Radar,17,84,52,0,153,0,4,20,0,24,17,88,72,0,177,0,0,0,177
05/25/2004,FSD,SD,AGL,CE,Towers with Radar,27,92,64,11,194,0,0,43,16,59,27,92,107,27,253,46,20,66,319
05/26/2004,FSD,SD,AGL,CE,Towers with Radar,26,87,54,9,176,0,7,27,8,42,26,94,81,17,218,42,22,64,282
05/27/2004,FSD,SD,AGL,CE,Towers with Radar,27,90,54,9,180,0,2,67,3,72,27,92,121,12,252,102,14,116,368
05/28/2004,FSD,SD,AGL,CE,Towers with Radar,26,91,55,8,180,0,12,60,0,72,26,103,115,8,252,20,0,20,272
05/29/2004,FSD,SD,AGL,CE,Towers with Radar,10,30,15,0,55,5,13,0,0,18,15,43,15,0,73,14,0,14,87
05/30/2004,FSD,SD,AGL,CE,Towers with Radar,10,30,17,2,59,6,3,0,0,9,16,33,17,2,68,8,0,8,76
05/31/2004,FSD,SD,AGL,CE,Towers with Radar,12,37,24,1,74,0,0,11,0,11,12,37,35,1,85,4,0,4,89
06/01/2004,FSD,SD,AGL,CE,Towers with Radar,21,75,54,2,152,0,10,18,0,28,21,85,72,2,180,16,0,16,196
06/02/2004,FSD,SD,AGL,CE,Towers with Radar,27,98,70,17,212,0,0,62,10,72,27,98,132,27,284,44,12,56,340
06/03/2004,FSD,SD,AGL,CE,Towers with Radar,27,89,64,15,195,0,0,68,1,69,27,89,132,16,264,162,48,210,474
06/04/2004,FSD,SD,AGL,CE,Towers with Radar,25,83,58,14,180,3,6,34,16,59,28,89,92,30,239,76,44,120,359
06/05/2004,FSD,SD,AGL,CE,Towers with Radar,16,63,44,11,134,0,2,24,17,43,16,65,68,28,177,56,36,92,269
06/06/2004,FSD,SD,AGL,CE,Towers with Radar,12,42,29,8,91,6,3,45,0,54,18,45,74,8,145,38,10,48,193
06/07/2004,FSD,SD,AGL,CE,Towers with Radar,20,71,50,12,153,0,9,35,5,49,20,80,85,17,202,50,28,78,280
06/08/2004,FSD,SD,AGL,CE,Towers with Radar,26,92,64,15,197,0,6,21,6,33,26,98,85,21,230,56,8,64,294
06/09/2004,FSD,SD,AGL,CE,Towers with Radar,25,94,81,20,220,0,0,20,12,32,25,94,101,32,252,44,4,48,300
06/10/2004,FSD,SD,AGL,CE,Towers with Radar,26,84,62,13,185,0,0,23,0,23,26,84,85,13,208,16,0,16,224
06/11/2004,FSD,SD,AGL,CE,Towers with Radar,28,86,64,15,193,10,0,41,0,51,38,86,105,15,244,80,14,94,338
06/12/2004,FSD,SD,AGL,CE,Towers with Radar,19,58,46,10,133,0,0,78,12,90,19,58,124,22,223,166,22,188,411
06/13/2004,FSD,SD,AGL,CE,Towers with Radar,11,33,26,2,72,7,0,39,0,46,18,33,65,2,118,40,0,40,158
06/14/2004,FSD,SD,AGL,CE,Towers with Radar,16,62,44,0,122,0,18,88,0,106,16,80,132,0,228,170,0,170,398
06/15/2004,FSD,SD,AGL,CE,Towers with Radar,27,85,60,10,182,2,1,30,0,33,29,86,90,10,215,52,8,60,275
06/16/2004,FSD,SD,AGL,CE,Towers with Radar,22,69,50,7,148,9,16,7,0,32,31,85,57,7,180,6,0,6,186
06/17/2004,FSD,SD,AGL,CE,Towers with Radar,27,87,67,13,194,0,0,64,0,64,27,87,131,13,258,94,8,102,360
06/18/2004,FSD,SD,AGL,CE,Towers with Radar,24,76,55,9,164,2,6,30,0,38,26,82,85,9,202,60,40,100,302
06/19/2004,FSD,SD,AGL,CE,Towers with Radar,15,50,36,2,103,1,11,52,0,64,16,61,88,2,167,54,8,62,229
06/20/2004,FSD,SD,AGL,CE,Towers with Radar,14,43,31,0,88,4,2,14,0,20,18,45,45,0,108,14,6,20,128
06/21/2004,FSD,SD,AGL,CE,Towers with Radar,19,78,56,12,165,0,0,43,0,43,19,78,99,12,208,64,22,86,294
06/22/2004,FSD,SD,AGL,CE,Towers with Radar,24,75,54,12,165,0,14,40,6,60,24,89,94,18,225,74,34,108,333
06/23/2004,FSD,SD,AGL,CE,Towers with Radar,25,80,58,6,169,0,11,53,0,64,25,91,111,6,233,50,12,62,295
06/24/2004,FSD,SD,AGL,CE,Towers with Radar,28,86,69,15,198,0,0,47,3,50,28,86,116,18,248,78,28,106,354
06/25/2004,FSD,SD,AGL,CE,Towers with Radar,23,79,62,13,177,0,0,62,3,65,23,79,124,16,242,64,40,104,346
06/26/2004,FSD,SD,AGL,CE,Towers with Radar,14,42,30,4,90,2,18,29,0,49,16,60,59,4,139,54,0,54,193
06/27/2004,FSD,SD,AGL,CE,Towers with Radar,16,36,36,3,91,1,0,41,0,42,17,36,77,3,133,66,0,66,199
06/28/2004,FSD,SD,AGL,CE,Towers with Radar,18,59,43,2,122,0,11,58,0,69,18,70,101,2,191,118,0,118,309
06/29/2004,FSD,SD,AGL,CE,Towers with Radar,25,79,57,13,174,2,4,70,3,79,27,83,127,16,253,116,18,134,387
06/30/2004,FSD,SD,AGL,CE,Towers with Radar,25,93,67,14,199,0,8,46,9,63,25,101,113,23,262,24,26,50,312
07/01/2004,FSD,SD,AGL,CE,Towers with Radar,25,93,67,11,196,0,6,57,6,69,25,99,124,17,265,48,2,50,315
07/02/2004,FSD,SD,AGL,CE,Towers with Radar,24,86,60,4,174,1,13,26,0,40,25,99,86,4,214,44,8,52,266
07/03/2004,FSD,SD,AGL,CE,Towers with Radar,14,51,35,6,106,1,3,15,1,20,15,54,50,7,126,30,12,42,168
07/04/2004,FSD,SD,AGL,CE,Towers with Radar,10,36,25,0,71,2,2,22,0,26,12,38,47,0,97,14,0,14,111
07/05/2004,FSD,SD,AGL,CE,Towers with Radar,10,41,30,0,81,0,0,10,0,10,10,41,40,0,91,0,0,0,91
07/06/2004,FSD,SD,AGL,CE,Towers with Radar,19,77,57,1,154,0,0,29,0,29,19,77,86,1,183,10,0,10,193
07/07/2004,FSD,SD,AGL,CE,Towers with Radar,28,81,70,12,191,3,0,80,18,101,31,81,150,30,292,114,44,158,450
07/08/2004,FSD,SD,AGL,CE,Towers with Radar,26,92,65,11,194,3,0,35,7,45,29,92,100,18,239,10,0,10,249
07/09/2004,FSD,SD,AGL,CE,Towers with Radar,25,83,63,0,171,0,0,36,0,36,25,83,99,0,207,32,0,32,239
07/10/2004,FSD,SD,AGL,CE,Towers with Radar,14,52,32,6,104,2,0,0,16,18,16,52,32,22,122,10,10,20,142
07/11/2004,FSD,SD,AGL,CE,Towers with Radar,13,37,32,0,82,11,0,45,0,56,24,37,77,0,138,62,0,62,200
07/12/2004,FSD,SD,AGL,CE,Towers with Radar,17,62,43,1,123,0,9,31,0,40,17,71,74,1,163,20,0,20,183
07/13/2004,FSD,SD,AGL,CE,Towers with Radar,22,79,55,9,165,4,10,67,7,88,26,89,122,16,253,60,12,72,325
07/14/2004,FSD,SD,AGL,CE,Towers with Radar,22,80,61,9,172,0,0,54,15,69,22,80,115,24,241,110,38,148,389
07/15/2004,FSD,SD,AGL,CE,Towers with Radar,26,88,66,10,190,1,0,41,4,46,27,88,107,14,236,24,0,24,260
07/16/2004,FSD,SD,AGL,CE,Towers with Radar,24,81,59,9,173,2,5,52,6,65,26,86,111,15,238,86,24,110,348
07/17/2004,FSD,SD,AGL,CE,Towers with Radar,14,46,34,1,95,3,13,34,0,50,17,59,68,1,145,130,0,130,275
07/18/2004,FSD,SD,AGL,CE,Towers with Radar,12,36,28,2,78,5,0,48,0,53,17,36,76,2,131,52,0,52,183
07/19/2004,FSD,SD,AGL,CE,Towers with Radar,19,83,60,2,164,0,3,83,0,86,19,86,143,2,250,54,0,54,304
07/20/2004,FSD,SD,AGL,CE,Towers with Radar,26,88,64,10,188,1,3,36,16,56,27,91,100,26,244,66,12,78,322
07/21/2004,FSD,SD,AGL,CE,Towers with Radar,24,82,60,9,175,0,0,46,13,59,24,82,106,22,234,50,6,56,290
07/22/2004,FSD,SD,AGL,CE,Towers with Radar,26,91,67,10,194,0,0,54,5,59,26,91,121,15,253,64,14,78,331
07/23/2004,FSD,SD,AGL,CE,Towers with Radar,22,89,64,10,185,0,5,54,4,63,22,94,118,14,248,66,14,80,328
07/24/2004,FSD,SD,AGL,CE,Towers with Radar,14,55,40,0,109,0,11,67,0,78,14,66,107,0,187,74,0,74,261
07/25/2004,FSD,SD,AGL,CE,Towers with Radar,15,47,35,0,97,1,0,111,0,112,16,47,146,0,209,74,0,74,283
07/26/2004,FSD,SD,AGL,CE,Towers with Radar,15,66,48,0,129,0,10,92,0,102,15,76,140,0,231,104,0,104,335
07/27/2004,FSD,SD,AGL,CE,Towers with Radar,23,96,69,11,199,0,4,47,5,56,23,100,116,16,255,80,6,86,341
07/28/2004,FSD,SD,AGL,CE,Towers with Radar,23,91,70,10,194,0,0,57,10,67,23,91,127,20,261,116,6,122,383
07/29/2004,FSD,SD,AGL,CE,Towers with Radar,25,93,67,10,195,0,12,74,5,91,25,105,141,15,286,44,6,50,336
07/30/2004,FSD,SD,AGL,CE,Towers with Radar,32,105,78,12,227,1,0,61,7,69,33,105,139,19,296,48,12,60,356
07/31/2004,FSD,SD,AGL,CE,Towers with Radar,17,60,43,0,120,0,6,63,0,69,17,66,106,0,189,36,0,36,225
08/01/2004,FSD,SD,AGL,CE,Towers with Radar,14,46,36,8,104,2,0,54,0,56,16,46,90,8,160,44,24,68,228
08/02/2004,FSD,SD,AGL,CE,Towers with Radar,15,76,47,0,138,0,7,76,0,83,15,83,123,0,221,126,0,126,347
08/03/2004,FSD,SD,AGL,CE,Towers with Radar,22,106,68,16,212,0,0,9,2,11,22,106,77,18,223,36,0,36,259
08/04/2004,FSD,SD,AGL,CE,Towers with Radar,23,96,60,14,193,0,0,62,4,66,23,96,122,18,259,112,12,124,383
08/05/2004,FSD,SD,AGL,CE,Towers with Radar,24,103,63,15,205,2,2,53,8,65,26,105,116,23,270,96,14,110,380
08/06/2004,FSD,SD,AGL,CE,Towers with Radar,24,100,61,13,198,4,1,42,0,47,28,101,103,13,245,42,8,50,295
08/07/2004,FSD,SD,AGL,CE,Towers with Radar,14,61,39,8,122,0,0,18,25,43,14,61,57,33,165,24,16,40,205
08/08/2004,FSD,SD,AGL,CE,Towers with Radar,11,41,28,1,81,5,0,35,0,40,16,41,63,1,121,28,10,38,159
08/09/2004,FSD,SD,AGL,CE,Towers with Radar,14,71,43,2,130,0,9,18,0,27,14,80,61,2,157,8,0,8,165
08/10/2004,FSD,SD,AGL,CE,Towers with Radar,22,103,68,15,208,0,0,56,3,59,22,103,124,18,267,28,0,28,295
08/11/2004,FSD,SD,AGL,CE,Towers with Radar,23,94,57,10,184,0,12,40,0,52,23,106,97,10,236,60,0,60,296
08/12/2004,FSD,SD,AGL,CE,Towers with Radar,25,102,62,12,201,0,13,37,0,50,25,115,99,12,251,42,8,50,301
08/13/2004,FSD,SD,AGL,CE,Towers with Radar,20,83,50,8,161,5,10,37,0,52,25,93,87,8,213,40,0,40,253
08/14/2004,FSD,SD,AGL,CE,Towers with Radar,13,53,32,2,100,1,10,55,0,66,14,63,87,2,166,70,0,70,236
08/15/2004,FSD,SD,AGL,CE,Towers with Radar,11,41,28,4,84,5,0,34,0,39,16,41,62,4,123,34,0,34,157
08/16/2004,FSD,SD,AGL,CE,Towers with Radar,16,89,55,2,162,0,0,62,0,62,16,89,117,2,224,82,0,82,306
08/17/2004,FSD,SD,AGL,CE,Towers with Radar,24,95,63,14,196,0,0,42,5,47,24,95,105,19,243,58,10,68,311
08/18/2004,FSD,SD,AGL,CE,Towers with Radar,25,99,61,14,199,0,0,52,0,52,25,99,113,14,251,152,6,158,409
08/19/2004,FSD,SD,AGL,CE,Towers with Radar,23,87,55,12,177,3,0,64,7,74,26,87,119,19,251,110,30,140,391
08/20/2004,FSD,SD,AGL,CE,Towers with Radar,22,87,55,11,175,2,0,77,0,79,24,87,132,11,254,88,14,102,356
08/21/2004,FSD,SD,AGL,CE,Towers with Radar,14,52,33,7,106,0,8,37,2,47,14,60,70,9,153,112,4,116,269
08/22/2004,FSD,SD,AGL,CE,Towers with Radar,11,41,26,4,82,4,4,37,0,45,15,45,63,4,127,24,0,24,151
08/23/2004,FSD,SD,AGL,CE,Towers with Radar,17,87,54,11,169,0,4,8,10,22,17,91,62,21,191,34,16,50,241
08/24/2004,FSD,SD,AGL,CE,Towers with Radar,23,96,68,15,202,0,0,34,11,45,23,96,102,26,247,72,36,108,355
08/25/2004,FSD,SD,AGL,CE,Towers with Radar,23,92,65,14,194,0,0,35,13,48,23,92,100,27,242,150,36,186,428
08/26/2004,FSD,SD,AGL,CE,Towers with Radar,25,99,66,15,205,0,0,39,0,39,25,99,105,15,244,64,6,70,314
08/27/2004,FSD,SD,AGL,CE,Towers with Radar,24,96,60,0,180,1,5,72,0,78,25,101,132,0,258,132,0,132,390
08/28/2004,FSD,SD,AGL,CE,Towers with Radar,11,54,34,1,100,0,16,23,0,39,11,70,57,1,139,104,0,104,243
08/29/2004,FSD,SD,AGL,CE,Towers with Radar,12,47,30,6,95,8,3,22,0,33,20,50,52,6,128,20,20,40,168
08/30/2004,FSD,SD,AGL,CE,Towers with Radar,17,70,44,0,131,0,8,56,0,64,17,78,100,0,195,100,0,100,295
08/31/2004,FSD,SD,AGL,CE,Towers with Radar,22,83,53,12,170,1,0,65,8,74,23,83,118,20,244,96,20,116,360
09/01/2004,FSD,SD,AGL,CE,Towers with Radar,23,88,56,12,179,2,4,40,3,49,25,92,96,15,228,64,20,84,312
09/02/2004,FSD,SD,AGL,CE,Towers with Radar,24,91,58,13,186,4,4,26,12,46,28,95,84,25,232,26,42,68,300
09/03/2004,FSD,SD,AGL,CE,Towers with Radar,25,89,59,13,186,2,0,49,8,59,27,89,108,21,245,58,52,110,355
09/04/2004,FSD,SD,AGL,CE,Towers with Radar,11,44,27,0,82,2,14,20,0,36,13,58,47,0,118,42,0,42,160
09/05/2004,FSD,SD,AGL,CE,Towers with Radar,9,39,21,0,69,3,5,0,0,8,12,44,21,0,77,2,0,2,79
09/06/2004,FSD,SD,AGL,CE,Towers with Radar,10,41,25,0,76,0,13,23,0,36,10,54,48,0,112,34,0,34,146
09/07/2004,FSD,SD,AGL,CE,Towers with Radar,18,78,49,2,147,0,13,46,0,59,18,91,95,2,206,64,4,68,274
09/08/2004,FSD,SD,AGL,CE,Towers with Radar,26,84,61,14,185,0,0,58,13,71,26,84,119,27,256,122,18,140,396
09/09/2004,FSD,SD,AGL,CE,Towers with Radar,27,95,66,15,203,0,0,58,8,66,27,95,124,23,269,92,12,104,373
09/10/2004,FSD,SD,AGL,CE,Towers with Radar,23,89,59,13,184,0,0,32,9,41,23,89,91,22,225,38,8,46,271
09/11/2004,FSD,SD,AGL,CE,Towers with Radar,13,52,34,8,107,2,10,32,16,60,15,62,66,24,167,54,40,94,261
09/12/2004,FSD,SD,AGL,CE,Towers with Radar,11,41,27,5,84,5,0,19,0,24,16,41,46,5,108,24,4,28,136
09/13/2004,FSD,SD,AGL,CE,Towers with Radar,16,62,40,0,118,0,19,4,0,23,16,81,44,0,141,0,0,0,141
09/14/2004,FSD,SD,AGL,CE,Towers with Radar,22,83,54,10,169,0,8,10,0,18,22,91,64,10,187,46,0,46,233
09/15/2004,FSD,SD,AGL,CE,Towers with Radar,26,95,62,13,196,0,0,13,0,13,26,95,75,13,209,12,0,12,221
09/16/2004,FSD,SD,AGL,CE,Towers with Radar,27,91,64,13,195,0,0,47,8,55,27,91,111,21,250,72,14,86,336
09/17/2004,FSD,SD,AGL,CE,Towers with Radar,28,92,67,14,201,0,0,64,1,65,28,92,131,15,266,134,24,158,424
09/18/2004,FSD,SD,AGL,CE,Towers with Radar,15,54,36,7,112,0,13,36,4,53,15,67,72,11,165,56,22,78,243
09/19/2004,FSD,SD,AGL,CE,Towers with Radar,13,46,30,5,94,4,2,43,0,49,17,48,73,5,143,30,2,32,175
09/20/2004,FSD,SD,AGL,CE,Towers with Radar,19,90,60,12,181,0,0,11,0,11,19,90,71,12,192,14,2,16,208
09/21/2004,FSD,SD,AGL,CE,Towers with Radar,25,94,70,14,203,0,0,29,3,32,25,94,99,17,235,26,2,28,263
09/22/2004,FSD,SD,AGL,CE,Towers with Radar,25,101,66,10,202,0,6,12,0,18,25,107,78,10,220,40,4,44,264
09/23/2004,FSD,SD,AGL,CE,Towers with Radar,29,102,71,14,216,0,0,25,6,31,29,102,96,20,247,36,12,48,295
09/24/2004,FSD,SD,AGL,CE,Towers with Radar,26,95,62,5,188,2,5,71,0,78,28,100,133,5,266,100,6,106,372
09/25/2004,FSD,SD,AGL,CE,Towers with Radar,14,50,33,7,104,1,2,84,3,90,15,52,117,10,194,78,0,78,272
09/26/2004,FSD,SD,AGL,CE,Towers with Radar,14,43,32,0,89,2,0,82,0,84,16,43,114,0,173,48,0,48,221
09/27/2004,FSD,SD,AGL,CE,Towers with Radar,16,75,61,12,164,0,0,58,20,78,16,75,119,32,242,100,70,170,412
09/28/2004,FSD,SD,AGL,CE,Towers with Radar,22,83,52,2,159,3,7,64,0,74,25,90,116,2,233,90,0,90,323
09/29/2004,FSD,SD,AGL,CE,Towers with Radar,24,86,55,0,165,2,8,55,0,65,26,94,110,0,230,82,0,82,312
09/30/2004,FSD,SD,AGL,CE,Towers with Radar,26,95,60,4,185,1,1,37,0,39,27,96,97,4,224,32,6,38,262
10/01/2004,FSD,SD,AGL,CE,Combined TRACON& Tower with Radar,28,100,40,18,186,0,1,31,0,32,28,101,71,18,218,72,2,74,292
10/02/2004,FSD,SD,AGL,CE,Combined TRACON& Tower with Radar,14,64,27,50,155,0,1,52,2,55,14,65,79,52,210,58,76,134,344
10/03/2004,FSD,SD,AGL,CE,Combined TRACON& Tower with Radar,17,55,30,21,123,0,11,33,2,46,17,66,63,23,169,64,48,112,281
10/04/2004,FSD,SD,AGL,CE,Combined TRACON& Tower with Radar,19,100,71,0,190,0,2,53,0,55,19,102,124,0,245,90,0,90,335
10/05/2004,FSD,SD,AGL,CE,Combined TRACON& Tower with Radar,29,96,67,6,198,0,2,47,0,49,29,98,114,6,247,34,4,38,285
10/06/2004,FSD,SD,AGL,CE,Combined TRACON& Tower with Radar,24,90,68,13,195,0,0,58,0,58,24,90,126,13,253,82,12,94,347
10/07/2004,FSD,SD,AGL,CE,Combined TRACON& Tower with Radar,29,95,84,17,225,0,0,7,0,7,29,95,91,17,232,36,0,36,268
10/08/2004,FSD,SD,AGL,CE,Combined TRACON& Tower with Radar,25,97,51,16,189,0,2,42,0,44,25,99,93,16,233,34,10,44,277
10/09/2004,FSD,SD,AGL,CE,Combined TRACON& Tower with Radar,16,58,18,2,94,0,5,41,2,48,16,63,59,4,142,12,18,30,172
10/10/2004,FSD,SD,AGL,CE,Combined TRACON& Tower with Radar,16,41,13,0,70,0,1,23,2,26,16,42,36,2,96,0,0,0,96
10/11/2004,FSD,SD,AGL,CE,Combined TRACON& Tower with Radar,16,74,59,10,159,0,3,45,0,48,16,77,104,10,207,18,10,28,235
10/12/2004,FSD,SD,AGL,CE,Combined TRACON& Tower with Radar,23,94,57,0,174,0,2,67,2,71,23,96,124,2,245,80,0,80,325
10/13/2004,FSD,SD,AGL,CE,Combined TRACON& Tower with Radar,28,97,75,12,212,0,2,17,0,19,28,99,92,12,231,66,0,66,297
10/14/2004,FSD,SD,AGL,CE,Combined TRACON& Tower with Radar,31,100,74,2,207,0,0,38,0,38,31,100,112,2,245,54,0,54,299
10/15/2004,FSD,SD,AGL,CE,Combined TRACON& Tower with Radar,26,100,70,6,202,0,3,27,0,30,26,103,97,6,232,50,8,58,290
10/16/2004,FSD,SD,AGL,CE,Combined TRACON& Tower with Radar,15,60,27,0,102,0,1,41,0,42,15,61,68,0,144,60,0,60,204
10/17/2004,FSD,SD,AGL,CE,Combined TRACON& Tower with Radar,16,44,24,0,84,0,0,24,0,24,16,44,48,0,108,4,0,4,112
10/18/2004,FSD,SD,AGL,CE,Combined TRACON& Tower with Radar,15,80,58,4,157,0,0,49,0,49,15,80,107,4,206,44,2,46,252
10/19/2004,FSD,SD,AGL,CE,Combined TRACON& Tower with Radar,24,102,76,24,226,0,0,29,0,29,24,102,105,24,255,80,20,100,355
10/20/2004,FSD,SD,AGL,CE,Combined TRACON& Tower with Radar,28,105,79,20,232,0,0,3,0,3,28,105,82,20,235,32,0,32,267
10/21/2004,FSD,SD,AGL,CE,Combined TRACON& Tower with Radar,33,111,97,17,258,0,0,0,0,0,33,111,97,17,258,10,6,16,274
10/22/2004,FSD,SD,AGL,CE,Combined TRACON& Tower with Radar,35,103,59,7,204,0,0,2,0,2,35,103,61,7,206,22,0,22,228
10/23/2004,FSD,SD,AGL,CE,Combined TRACON& Tower with Radar,18,71,23,11,123,0,0,17,2,19,18,71,40,13,142,50,30,80,222
10/24/2004,FSD,SD,AGL,CE,Combined TRACON& Tower with Radar,20,47,33,0,100,0,4,27,1,32,20,51,60,1,132,40,0,40,172
10/25/2004,FSD,SD,AGL,CE,Combined TRACON& Tower with Radar,21,80,57,20,178,0,0,53,0,53,21,80,110,20,231,54,6,60,291
10/26/2004,FSD,SD,AGL,CE,Combined TRACON& Tower with Radar,25,105,70,21,221,0,1,42,0,43,25,106,112,21,264,80,0,80,344
10/27/2004,FSD,SD,AGL,CE,Combined TRACON& Tower with Radar,26,99,63,20,208,0,0,8,0,8,26,99,71,20,216,24,0,24,240
10/28/2004,FSD,SD,AGL,CE,Combined TRACON& Tower with Radar,28,95,79,6,208,0,10,4,0,14,28,105,83,6,222,8,0,8,230
10/29/2004,FSD,SD,AGL,CE,Combined TRACON& Tower with Radar,25,108,67,2,202,0,0,19,0,19,25,108,86,2,221,22,2,24,245
10/30/2004,FSD,SD,AGL,CE,Combined TRACON& Tower with Radar,20,55,28,3,106,0,0,4,0,4,20,55,32,3,110,10,0,10,120
10/31/2004,FSD,SD,AGL,CE,Combined TRACON& Tower with Radar,18,36,29,0,83,0,4,42,0,46,18,40,71,0,129,10,0,10,139
11/01/2004,FSD,SD,AGL,CE,Combined TRACON& Tower with Radar,17,69,89,0,175,0,0,13,0,13,17,69,102,0,188,64,0,64,252
11/02/2004,FSD,SD,AGL,CE,Combined TRACON& Tower with Radar,26,84,69,14,193,0,1,35,5,41,26,85,104,19,234,79,30,109,343
11/03/2004,FSD,SD,AGL,CE,Combined TRACON& Tower with Radar,28,97,93,8,226,0,2,42,0,44,28,99,135,8,270,60,4,64,334
11/04/2004,FSD,SD,AGL,CE,Combined TRACON& Tower with Radar,27,95,65,8,195,0,0,33,0,33,27,95,98,8,228,46,2,48,276
11/05/2004,FSD,SD,AGL,CE,Combined TRACON& Tower with Radar,27,94,26,14,161,0,2,55,2,59,27,96,81,16,220,84,20,104,324
11/06/2004,FSD,SD,AGL,CE,Combined TRACON& Tower with Radar,15,57,22,12,106,0,0,40,0,40,15,57,62,12,146,30,6,36,182
11/07/2004,FSD,SD,AGL,CE,Combined TRACON& Tower with Radar,18,39,16,4,77,0,0,29,0,29,18,39,45,4,106,22,0,22,128
11/08/2004,FSD,SD,AGL,CE,Combined TRACON& Tower with Radar,19,63,43,13,138,0,3,25,0,28,19,66,68,13,166,38,8,46,212
11/09/2004,FSD,SD,AGL,CE,Combined TRACON& Tower with Radar,29,80,50,16,175,0,3,44,0,47,29,83,94,16,222,4,30,34,256
11/10/2004,FSD,SD,AGL,CE,Combined TRACON& Tower with Radar,27,92,42,12,173,0,0,11,0,11,27,92,53,12,184,12,0,12,196
11/11/2004,FSD,SD,AGL,CE,Combined TRACON& Tower with Radar,27,74,48,0,149,0,5,55,0,60,27,79,103,0,209,86,0,86,295
11/12/2004,FSD,SD,AGL,CE,Combined TRACON& Tower with Radar,25,80,21,0,126,0,2,33,1,36,25,82,54,1,162,34,0,34,196
11/13/2004,FSD,SD,AGL,CE,Combined TRACON& Tower with Radar,17,61,16,4,98,0,0,40,4,44,17,61,56,8,142,34,16,50,192
11/14/2004,FSD,SD,AGL,CE,Combined TRACON& Tower with Radar,18,38,43,0,99,0,0,28,0,28,18,38,71,0,127,66,0,66,193
11/15/2004,FSD,SD,AGL,CE,Combined TRACON& Tower with Radar,14,66,46,26,152,0,0,43,2,45,14,66,89,28,197,58,10,68,265
11/16/2004,FSD,SD,AGL,CE,Combined TRACON& Tower with Radar,24,93,65,25,207,0,2,28,6,36,24,95,93,31,243,46,28,74,317
11/17/2004,FSD,SD,AGL,CE,Combined TRACON& Tower with Radar,32,100,63,18,213,0,0,36,2,38,32,100,99,20,251,112,30,142,393
11/18/2004,FSD,SD,AGL,CE,Combined TRACON& Tower with Radar,28,87,67,15,197,0,0,33,1,34,28,87,100,16,231,44,14,58,289
11/19/2004,FSD,SD,AGL,CE,Combined TRACON& Tower with Radar,28,92,48,1,169,0,0,0,0,0,28,92,48,1,169,0,0,0,169
11/20/2004,FSD,SD,AGL,CE,Combined TRACON& Tower with Radar,15,55,27,0,97,0,0,21,0,21,15,55,48,0,118,37,0,37,155
11/21/2004,FSD,SD,AGL,CE,Combined TRACON& Tower with Radar,18,38,8,7,71,0,1,41,2,44,18,39,49,9,115,44,50,94,209
11/22/2004,FSD,SD,AGL,CE,Combined TRACON& Tower with Radar,17,67,54,0,138,0,0,27,0,27,17,67,81,0,165,58,0,58,223
11/23/2004,FSD,SD,AGL,CE,Combined TRACON& Tower with Radar,26,93,63,21,203,0,3,34,2,39,26,96,97,23,242,38,16,54,296
11/24/2004,FSD,SD,AGL,CE,Combined TRACON& Tower with Radar,24,81,71,16,192,0,5,47,0,52,24,86,118,16,244,130,18,148,392
11/25/2004,FSD,SD,AGL,CE,Combined TRACON& Tower with Radar,9,34,8,0,51,0,0,21,0,21,9,34,29,0,72,10,0,10,82
11/26/2004,FSD,SD,AGL,CE,Combined TRACON& Tower with Radar,20,90,16,2,128,0,1,18,0,19,20,91,34,2,147,48,2,50,197
11/27/2004,FSD,SD,AGL,CE,Combined TRACON& Tower with Radar,14,60,15,0,89,0,0,16,0,16,14,60,31,0,105,16,0,16,121
11/28/2004,FSD,SD,AGL,CE,Combined TRACON& Tower with Radar,19,47,29,0,95,0,1,24,0,25,19,48,53,0,120,18,0,18,138
11/29/2004,FSD,SD,AGL,CE,Combined TRACON& Tower with Radar,16,62,50,0,128,0,0,37,0,37,16,62,87,0,165,74,0,74,239
11/30/2004,FSD,SD,AGL,CE,Combined TRACON& Tower with Radar,26,86,65,16,193,0,3,43,0,46,26,89,108,16,239,78,32,110,349
12/01/2004,FSD,SD,AGL,CE,Combined TRACON& Tower with Radar,24,92,48,11,175,0,9,33,0,42,24,101,81,11,217,40,6,46,263
12/02/2004,FSD,SD,AGL,CE,Combined TRACON& Tower with Radar,26,91,80,15,212,0,0,26,0,26,26,91,106,15,238,38,10,48,286
12/03/2004,FSD,SD,AGL,CE,Combined TRACON& Tower with Radar,23,94,43,11,171,0,0,41,0,41,23,94,84,11,212,34,16,50,262
12/04/2004,FSD,SD,AGL,CE,Combined TRACON& Tower with Radar,11,66,44,19,140,0,5,54,2,61,11,71,98,21,201,92,46,138,339
12/05/2004,FSD,SD,AGL,CE,Combined TRACON& Tower with Radar,18,38,16,6,78,0,3,6,0,9,18,41,22,6,87,14,0,14,101
12/06/2004,FSD,SD,AGL,CE,Combined TRACON& Tower with Radar,18,68,57,0,143,0,0,1,0,1,18,68,58,0,144,16,0,16,160
12/07/2004,FSD,SD,AGL,CE,Combined TRACON& Tower with Radar,24,98,77,19,218,0,0,14,0,14,24,98,91,19,232,34,0,34,266
12/08/2004,FSD,SD,AGL,CE,Combined TRACON& Tower with Radar,28,96,80,16,220,0,1,37,4,42,28,97,117,20,262,124,10,134,396
12/09/2004,FSD,SD,AGL,CE,Combined TRACON& Tower with Radar,27,103,83,0,213,0,0,0,0,0,27,103,83,0,213,0,0,0,213
12/10/2004,FSD,SD,AGL,CE,Combined TRACON& Tower with Radar,25,91,59,23,198,0,1,4,0,5,25,92,63,23,203,34,6,40,243
12/11/2004,FSD,SD,AGL,CE,Combined TRACON& Tower with Radar,14,57,14,2,87,0,0,19,2,21,14,57,33,4,108,50,0,50,158
12/12/2004,FSD,SD,AGL,CE,Combined TRACON& Tower with Radar,18,31,16,0,65,0,0,3,0,3,18,31,19,0,68,0,0,0,68
12/13/2004,FSD,SD,AGL,CE,Combined TRACON& Tower with Radar,13,67,78,20,178,0,12,30,0,42,13,79,108,20,220,72,4,76,296
12/14/2004,FSD,SD,AGL,CE,Combined TRACON& Tower with Radar,27,108,93,20,248,0,3,85,2,90,27,111,178,22,338,46,10,56,394
12/15/2004,FSD,SD,AGL,CE,Combined TRACON& Tower with Radar,25,94,56,24,199,0,4,37,3,44,25,98,93,27,243,70,26,96,339
12/16/2004,FSD,SD,AGL,CE,Combined TRACON& Tower with Radar,30,98,62,23,213,0,3,44,0,47,30,101,106,23,260,46,4,50,310
12/17/2004,FSD,SD,AGL,CE,Combined TRACON& Tower with Radar,26,87,74,0,187,0,2,36,2,40,26,89,110,2,227,28,0,28,255
12/18/2004,FSD,SD,AGL,CE,Combined TRACON& Tower with Radar,19,68,24,1,112,0,0,13,0,13,19,68,37,1,125,14,8,22,147
12/19/2004,FSD,SD,AGL,CE,Combined TRACON& Tower with Radar,18,36,10,1,65,0,1,11,0,12,18,37,21,1,77,16,0,16,93
12/20/2004,FSD,SD,AGL,CE,Combined TRACON& Tower with Radar,19,73,60,0,152,0,0,14,0,14,19,73,74,0,166,8,0,8,174
12/21/2004,FSD,SD,AGL,CE,Combined TRACON& Tower with Radar,34,93,42,11,180,0,2,14,4,20,34,95,56,15,200,50,6,56,256
12/22/2004,FSD,SD,AGL,CE,Combined TRACON& Tower with Radar,29,99,59,6,193,0,3,42,2,47,29,102,101,8,240,64,14,78,318
12/23/2004,FSD,SD,AGL,CE,Combined TRACON& Tower with Radar,23,82,40,0,145,0,1,12,0,13,23,83,52,0,158,18,0,18,176
12/24/2004,FSD,SD,AGL,CE,Combined TRACON& Tower with Radar,20,89,14,0,123,0,5,11,0,16,20,94,25,0,139,4,0,4,143
12/25/2004,FSD,SD,AGL,CE,Combined TRACON& Tower with Radar,7,39,6,0,52,0,0,3,0,3,7,39,9,0,55,4,0,4,59
12/26/2004,FSD,SD,AGL,CE,Combined TRACON& Tower with Radar,18,45,29,2,94,0,0,4,0,4,18,45,33,2,98,0,0,0,98
12/27/2004,FSD,SD,AGL,CE,Combined TRACON& Tower with Radar,19,81,33,1,134,0,13,28,0,41,19,94,61,1,175,36,0,36,211
12/28/2004,FSD,SD,AGL,CE,Combined TRACON& Tower with Radar,28,102,49,25,204,0,0,8,0,8,28,102,57,25,212,20,6,26,238
12/29/2004,FSD,SD,AGL,CE,Combined TRACON& Tower with Radar,27,101,48,16,192,0,0,42,1,43,27,101,90,17,235,108,44,152,387
12/30/2004,FSD,SD,AGL,CE,Combined TRACON& Tower with Radar,25,93,37,12,167,0,2,19,1,22,25,95,56,13,189,70,6,76,265
12/31/2004,FSD,SD,AGL,CE,Combined TRACON& Tower with Radar,21,82,29,0,132,0,1,19,1,21,21,83,48,1,153,66,0,66,219
01/01/2005,FSD,SD,AGL,CE,Combined TRACON& Tower with Radar,8,35,2,0,45,0,1,0,0,1,8,36,2,0,46,0,0,0,46
01/02/2005,FSD,SD,AGL,CE,Combined TRACON& Tower with Radar,21,37,17,0,75,0,0,13,0,13,21,37,30,0,88,4,0,4,92
01/03/2005,FSD,SD,AGL,CE,Combined TRACON& Tower with Radar,14,77,45,0,136,0,0,35,0,35,14,77,80,0,171,52,0,52,223
01/04/2005,FSD,SD,AGL,CE,Combined TRACON& Tower with Radar,24,93,27,0,144,0,0,8,0,8,24,93,35,0,152,0,0,0,152
01/05/2005,FSD,SD,AGL,CE,Combined TRACON& Tower with Radar,18,79,25,1,123,0,0,1,0,1,18,79,26,1,124,0,0,0,124
01/06/2005,FSD,SD,AGL,CE,Combined TRACON& Tower with Radar,34,77,4,0,115,71,0,0,0,71,105,77,4,0,186,28,0,28,214
01/07/2005,FSD,SD,AGL,CE,Combined TRACON& Tower with Radar,25,96,67,6,194,0,0,23,0,23,25,96,90,6,217,40,0,40,257
01/08/2005,FSD,SD,AGL,CE,Combined TRACON& Tower with Radar,14,58,24,17,113,0,1,24,3,28,14,59,48,20,141,34,46,80,221
01/09/2005,FSD,SD,AGL,CE,Combined TRACON& Tower with Radar,15,40,23,1,79,0,1,6,0,7,15,41,29,1,86,24,2,26,112
01/10/2005,FSD,SD,AGL,CE,Combined TRACON& Tower with Radar,15,78,37,3,133,0,1,8,3,12,15,79,45,6,145,30,6,36,181
01/11/2005,FSD,SD,AGL,CE,Combined TRACON& Tower with Radar,26,104,53,11,194,0,0,1,0,1,26,104,54,11,195,0,0,0,195
01/12/2005,FSD,SD,AGL,CE,Combined TRACON& Tower with Radar,22,102,40,0,164,0,0,4,0,4,22,102,44,0,168,0,0,0,168
01/13/2005,FSD,SD,AGL,CE,Combined TRACON& Tower with Radar,26,98,72,0,196,0,3,16,0,19,26,101,88,0,215,22,0,22,237
01/14/2005,FSD,SD,AGL,CE,Combined TRACON& Tower with Radar,26,89,45,0,160,0,1,31,0,32,26,90,76,0,192,16,0,16,208
01/15/2005,FSD,SD,AGL,CE,Combined TRACON& Tower with Radar,14,53,18,2,87,0,4,24,0,28,14,57,42,2,115,34,0,34,149
01/16/2005,FSD,SD,AGL,CE,Combined TRACON& Tower with Radar,14,39,17,0,70,0,4,7,0,11,14,43,24,0,81,28,0,28,109
01/17/2005,FSD,SD,AGL,CE,Combined TRACON& Tower with Radar,15,77,51,0,143,0,0,25,0,25,15,77,76,0,168,74,0,74,242
01/18/2005,FSD,SD,AGL,CE,Combined TRACON& Tower with Radar,25,96,51,17,189,0,2,27,0,29,25,98,78,17,218,8,16,24,242
01/19/2005,FSD,SD,AGL,CE,Combined TRACON& Tower with Radar,27,102,70,24,223,0,0,2,0,2,27,102,72,24,225,0,2,2,227
01/20/2005,FSD,SD,AGL,CE,Combined TRACON& Tower with Radar,28,109,73,14,224,0,0,4,0,4,28,109,77,14,228,0,0,0,228
01/21/2005,FSD,SD,AGL,CE,Combined TRACON& Tower with Radar,23,78,17,2,120,0,0,0,0,0,23,78,17,2,120,0,0,0,120
01/22/2005,FSD,SD,AGL,CE,Combined TRACON& Tower with Radar,13,57,14,0,84,0,1,17,0,18,13,58,31,0,102,16,0,16,118
01/23/2005,FSD,SD,AGL,CE,Combined TRACON& Tower with Radar,12,37,20,1,70,0,1,20,0,21,12,38,40,1,91,36,0,36,127
01/24/2005,FSD,SD,AGL,CE,Combined TRACON& Tower with Radar,17,74,61,22,174,0,2,129,0,131,17,76,190,22,305,96,6,102,407
01/25/2005,FSD,SD,AGL,CE,Combined TRACON& Tower with Radar,24,91,50,27,192,0,0,46,0,46,24,91,96,27,238,94,30,124,362
01/26/2005,FSD,SD,AGL,CE,Combined TRACON& Tower with Radar,24,98,64,23,209,0,0,23,0,23,24,98,87,23,232,34,2,36,268
01/27/2005,FSD,SD,AGL,CE,Combined TRACON& Tower with Radar,29,102,86,24,241,0,3,10,1,14,29,105,96,25,255,30,0,30,285
01/28/2005,FSD,SD,AGL,CE,Combined TRACON& Tower with Radar,26,102,35,1,164,0,1,2,0,3,26,103,37,1,167,0,0,0,167
01/29/2005,FSD,SD,AGL,CE,Combined TRACON& Tower with Radar,13,67,16,1,97,0,0,0,0,0,13,67,16,1,97,6,6,12,109
01/30/2005,FSD,SD,AGL,CE,Combined TRACON& Tower with Radar,14,44,9,9,76,0,0,0,0,0,14,44,9,9,76,0,2,2,78
01/31/2005,FSD,SD,AGL,CE,Combined TRACON& Tower with Radar,15,98,49,0,162,0,0,14,0,14,15,98,63,0,176,18,0,18,194
02/01/2005,FSD,SD,AGL,CE,Combined TRACON& Tower with Radar,26,98,43,28,195,0,0,4,0,4,26,98,47,28,199,6,38,44,243
02/02/2005,FSD,SD,AGL,CE,Combined TRACON& Tower with Radar,23,111,61,20,215,0,6,43,1,50,23,117,104,21,265,60,22,82,347
02/03/2005,FSD,SD,AGL,CE,Combined TRACON& Tower with Radar,26,98,51,20,195,0,4,65,5,74,26,102,116,25,269,114,24,138,407
02/04/2005,FSD,SD,AGL,CE,Combined TRACON& Tower with Radar,24,90,47,12,173,0,4,78,1,83,24,94,125,13,256,140,4,144,400
02/05/2005,FSD,SD,AGL,CE,Combined TRACON& Tower with Radar,12,61,24,17,114,0,0,45,0,45,12,61,69,17,159,108,36,144,303
02/06/2005,FSD,SD,AGL,CE,Combined TRACON& Tower with Radar,14,44,20,11,89,0,0,9,0,9,14,44,29,11,98,4,4,8,106
02/07/2005,FSD,SD,AGL,CE,Combined TRACON& Tower with Radar,16,85,76,2,179,0,0,22,0,22,16,85,98,2,201,20,0,20,221
02/08/2005,FSD,SD,AGL,CE,Combined TRACON& Tower with Radar,29,114,43,0,186,0,0,2,0,2,29,114,45,0,188,8,0,8,196
02/09/2005,FSD,SD,AGL,CE,Combined TRACON& Tower with Radar,26,102,49,18,195,0,0,35,8,43,26,102,84,26,238,44,56,100,338
02/10/2005,FSD,SD,AGL,CE,Combined TRACON& Tower with Radar,26,93,50,20,189,0,1,39,0,40,26,94,89,20,229,76,44,120,349
02/11/2005,FSD,SD,AGL,CE,Combined TRACON& Tower with Radar,24,79,63,26,192,0,4,69,4,77,24,83,132,30,269,152,66,218,487
02/12/2005,FSD,SD,AGL,CE,Combined TRACON& Tower with Radar,12,61,25,4,102,0,9,73,0,82,12,70,98,4,184,100,12,112,296
02/13/2005,FSD,SD,AGL,CE,Combined TRACON& Tower with Radar,11,44,7,8,70,0,0,3,0,3,11,44,10,8,73,0,10,10,83
02/14/2005,FSD,SD,AGL,CE,Combined TRACON& Tower with Radar,17,75,46,23,161,0,2,22,2,26,17,77,68,25,187,18,12,30,217
02/15/2005,FSD,SD,AGL,CE,Combined TRACON& Tower with Radar,28,89,42,16,175,0,2,35,1,38,28,91,77,17,213,38,0,38,251
02/16/2005,FSD,SD,AGL,CE,Combined TRACON& Tower with Radar,24,95,48,17,184,0,0,42,0,42,24,95,90,17,226,72,10,82,308
02/17/2005,FSD,SD,AGL,CE,Combined TRACON& Tower with Radar,26,95,46,15,182,0,5,55,0,60,26,100,101,15,242,26,0,26,268
02/18/2005,FSD,SD,AGL,CE,Combined TRACON& Tower with Radar,23,102,50,15,190,0,4,56,0,60,23,106,106,15,250,72,28,100,350
02/19/2005,FSD,SD,AGL,CE,Combined TRACON& Tower with Radar,12,59,14,0,85,0,1,2,0,3,12,60,16,0,88,0,0,0,88
02/20/2005,FSD,SD,AGL,CE,Combined TRACON& Tower with Radar,14,33,3,0,50,0,1,0,0,1,14,34,3,0,51,0,0,0,51
02/21/2005,FSD,SD,AGL,CE,Combined TRACON& Tower with Radar,15,78,33,8,134,0,0,20,0,20,15,78,53,8,154,20,6,26,180
02/22/2005,FSD,SD,AGL,CE,Combined TRACON& Tower with Radar,27,105,33,15,180,0,2,34,0,36,27,107,67,15,216,32,12,44,260
02/23/2005,FSD,SD,AGL,CE,Combined TRACON& Tower with Radar,24,107,42,10,183,0,2,51,0,53,24,109,93,10,236,98,6,104,340
02/24/2005,FSD,SD,AGL,CE,Combined TRACON& Tower with Radar,26,90,77,0,193,0,1,4,0,5,26,91,81,0,198,10,0,10,208
02/25/2005,FSD,SD,AGL,CE,Combined TRACON& Tower with Radar,24,94,56,13,187,0,1,39,0,40,24,95,95,13,227,78,28,106,333
02/26/2005,FSD,SD,AGL,CE,Combined TRACON& Tower with Radar,11,60,48,0,119,0,0,29,0,29,11,60,77,0,148,54,0,54,202
02/27/2005,FSD,SD,AGL,CE,Combined TRACON& Tower with Radar,14,46,32,0,92,0,0,3,0,3,14,46,35,0,95,14,0,14,109
02/28/2005,FSD,SD,AGL,CE,Combined TRACON& Tower with Radar,17,93,51,2,163,0,2,11,0,13,17,95,62,2,176,60,0,60,236
03/01/2005,FSD,SD,AGL,CE,Combined TRACON& Tower with Radar,24,89,53,21,187,0,8,66,2,76,24,97,119,23,263,114,0,114,377
03/02/2005,FSD,SD,AGL,CE,Combined TRACON& Tower with Radar,24,93,65,22,204,0,11,38,2,51,24,104,103,24,255,90,20,110,365
03/03/2005,FSD,SD,AGL,CE,Combined TRACON& Tower with Radar,31,94,50,15,190,0,7,69,1,77,31,101,119,16,267,110,10,120,387
03/04/2005,FSD,SD,AGL,CE,Combined TRACON& Tower with Radar,24,90,39,19,172,0,4,32,9,45,24,94,71,28,217,76,24,100,317
03/05/2005,FSD,SD,AGL,CE,Combined TRACON& Tower with Radar,15,63,21,23,122,0,5,38,7,50,15,68,59,30,172,90,32,122,294
03/06/2005,FSD,SD,AGL,CE,Combined TRACON& Tower with Radar,13,38,15,16,82,0,0,38,1,39,13,38,53,17,121,36,28,64,185
03/07/2005,FSD,SD,AGL,CE,Combined TRACON& Tower with Radar,14,68,46,5,133,0,8,16,0,24,14,76,62,5,157,60,0,60,217
03/08/2005,FSD,SD,AGL,CE,Combined TRACON& Tower with Radar,26,95,43,0,164,0,4,27,0,31,26,99,70,0,195,60,0,60,255
03/09/2005,FSD,SD,AGL,CE,Combined TRACON& Tower with Radar,26,94,61,23,204,0,0,50,0,50,26,94,111,23,254,70,24,94,348
03/10/2005,FSD,SD,AGL,CE,Combined TRACON& Tower with Radar,28,86,41,2,157,0,0,8,2,10,28,86,49,4,167,0,0,0,167
03/11/2005,FSD,SD,AGL,CE,Combined TRACON& Tower with Radar,25,91,38,14,168,0,2,29,1,32,25,93,67,15,200,56,2,58,258
03/12/2005,FSD,SD,AGL,CE,Combined TRACON& Tower with Radar,12,74,9,0,95,0,5,6,1,12,12,79,15,1,107,16,0,16,123
03/13/2005,FSD,SD,AGL,CE,Combined TRACON& Tower with Radar,13,41,12,1,67,0,2,12,0,14,13,43,24,1,81,76,0,76,157
03/14/2005,FSD,SD,AGL,CE,Combined TRACON& Tower with Radar,15,83,51,19,168,0,5,28,2,35,15,88,79,21,203,50,8,58,261
03/15/2005,FSD,SD,AGL,CE,Combined TRACON& Tower with Radar,27,100,68,24,219,0,7,54,0,61,27,107,122,24,280,62,36,98,378
03/16/2005,FSD,SD,AGL,CE,Combined TRACON& Tower with Radar,25,89,57,17,188,0,3,58,2,63,25,92,115,19,251,132,8,140,391
03/17/2005,FSD,SD,AGL,CE,Combined TRACON& Tower with Radar,26,97,63,16,202,0,5,11,1,17,26,102,74,17,219,16,12,28,247
03/18/2005,FSD,SD,AGL,CE,Combined TRACON& Tower with Radar,13,100,17,0,130,0,1,0,1,2,13,101,17,1,132,0,0,0,132
03/19/2005,FSD,SD,AGL,CE,Combined TRACON& Tower with Radar,10,74,25,2,111,0,1,25,0,26,10,75,50,2,137,56,4,60,197
03/20/2005,FSD,SD,AGL,CE,Combined TRACON& Tower with Radar,13,39,17,2,71,0,2,24,1,27,13,41,41,3,98,34,0,34,132
03/21/2005,FSD,SD,AGL,CE,Combined TRACON& Tower with Radar,16,80,57,0,153,0,0,18,0,18,16,80,75,0,171,46,0,46,217
03/22/2005,FSD,SD,AGL,CE,Combined TRACON& Tower with Radar,25,90,54,12,181,0,0,26,0,26,25,90,80,12,207,30,4,34,241
03/23/2005,FSD,SD,AGL,CE,Combined TRACON& Tower with Radar,23,107,52,18,200,0,2,63,0,65,23,109,115,18,265,92,32,124,389
03/24/2005,FSD,SD,AGL,CE,Combined TRACON& Tower with Radar,25,104,48,3,180,0,0,11,0,11,25,104,59,3,191,52,0,52,243
03/25/2005,FSD,SD,AGL,CE,Combined TRACON& Tower with Radar,22,94,33,16,165,0,3,47,0,50,22,97,80,16,215,76,12,88,303
03/26/2005,FSD,SD,AGL,CE,Combined TRACON& Tower with Radar,11,48,8,0,67,0,7,46,5,58,11,55,54,5,125,36,10,46,171
03/27/2005,FSD,SD,AGL,CE,Combined TRACON& Tower with Radar,13,36,10,2,61,0,1,28,0,29,13,37,38,2,90,8,0,8,98
03/28/2005,FSD,SD,AGL,CE,Combined TRACON& Tower with Radar,18,71,47,15,151,0,4,54,3,61,18,75,101,18,212,56,16,72,284
03/29/2005,FSD,SD,AGL,CE,Combined TRACON& Tower with Radar,20,93,56,12,181,0,4,56,2,62,20,97,112,14,243,124,36,160,403
03/30/2005,FSD,SD,AGL,CE,Combined TRACON& Tower with Radar,26,95,57,8,186,0,1,16,4,21,26,96,73,12,207,30,24,54,261
03/31/2005,FSD,SD,AGL,CE,Combined TRACON& Tower with Radar,25,96,70,12,203,0,4,39,1,44,25,100,109,13,247,20,16,36,283
04/01/2005,FSD,SD,AGL,CE,Combined TRACON& Tower with Radar,26,79,38,24,167,0,4,57,0,61,26,83,95,24,228,52,4,56,284
04/02/2005,FSD,SD,AGL,CE,Combined TRACON& Tower with Radar,10,65,14,30,119,0,1,42,4,47,10,66,56,34,166,114,0,114,280
04/03/2005,FSD,SD,AGL,CE,Combined TRACON& Tower with Radar,13,44,20,16,93,0,2,36,0,38,13,46,56,16,131,48,0,48,179
04/04/2005,FSD,SD,AGL,CE,Combined TRACON& Tower with Radar,16,58,48,4,126,0,0,70,0,70,16,58,118,4,196,80,0,80,276
04/05/2005,FSD,SD,AGL,CE,Combined TRACON& Tower with Radar,25,94,60,35,214,0,0,41,0,41,25,94,101,35,255,34,20,54,309
04/06/2005,FSD,SD,AGL,CE,Combined TRACON& Tower with Radar,25,83,64,20,192,0,4,41,0,45,25,87,105,20,237,24,16,40,277
04/07/2005,FSD,SD,AGL,CE,Combined TRACON& Tower with Radar,25,84,73,20,202,0,2,75,0,77,25,86,148,20,279,136,4,140,419
04/08/2005,FSD,SD,AGL,CE,Combined TRACON& Tower with Radar,26,89,51,0,166,0,6,28,1,35,26,95,79,1,201,60,0,60,261
04/09/2005,FSD,SD,AGL,CE,Combined TRACON& Tower with Radar,12,54,27,2,95,0,0,31,0,31,12,54,58,2,126,60,0,60,186
04/10/2005,FSD,SD,AGL,CE,Combined TRACON& Tower with Radar,16,33,4,0,53,0,0,4,0,4,16,33,8,0,57,20,0,20,77
04/11/2005,FSD,SD,AGL,CE,Combined TRACON& Tower with Radar,17,70,51,21,159,0,2,3,0,5,17,72,54,21,164,34,0,34,198
04/12/2005,FSD,SD,AGL,CE,Combined TRACON& Tower with Radar,30,90,80,21,221,0,0,1,0,1,30,90,81,21,222,14,0,14,236
04/13/2005,FSD,SD,AGL,CE,Combined TRACON& Tower with Radar,23,90,61,0,174,0,2,60,1,63,23,92,121,1,237,112,0,112,349
04/14/2005,FSD,SD,AGL,CE,Combined TRACON& Tower with Radar,23,83,49,0,155,0,3,44,1,48,23,86,93,1,203,50,0,50,253
04/15/2005,FSD,SD,AGL,CE,Combined TRACON& Tower with Radar,27,105,76,9,217,0,5,33,0,38,27,110,109,9,255,78,34,112,367
04/16/2005,FSD,SD,AGL,CE,Combined TRACON& Tower with Radar,11,64,25,1,101,0,6,24,2,32,11,70,49,3,133,50,0,50,183
04/17/2005,FSD,SD,AGL,CE,Combined TRACON& Tower with Radar,18,40,17,6,81,0,0,21,0,21,18,40,38,6,102,36,8,44,146
04/18/2005,FSD,SD,AGL,CE,Combined TRACON& Tower with Radar,18,74,46,5,143,0,6,40,0,46,18,80,86,5,189,38,0,38,227
04/19/2005,FSD,SD,AGL,CE,Combined TRACON& Tower with Radar,23,85,80,4,192,0,2,49,0,51,23,87,129,4,243,158,4,162,405
04/20/2005,FSD,SD,AGL,CE,Combined TRACON& Tower with Radar,22,90,88,4,204,0,1,8,0,9,22,91,96,4,213,20,0,20,233
04/21/2005,FSD,SD,AGL,CE,Combined TRACON& Tower with Radar,31,92,63,0,186,0,0,4,0,4,31,92,67,0,190,10,0,10,200
04/22/2005,FSD,SD,AGL,CE,Combined TRACON& Tower with Radar,26,91,45,9,171,0,1,18,0,19,26,92,63,9,190,4,0,4,194
04/23/2005,FSD,SD,AGL,CE,Combined TRACON& Tower with Radar,14,50,27,0,91,0,1,64,25,90,14,51,91,25,181,56,0,56,237
04/24/2005,FSD,SD,AGL,CE,Combined TRACON& Tower with Radar,14,35,23,0,72,0,1,70,0,71,14,36,93,0,143,100,0,100,243
04/25/2005,FSD,SD,AGL,CE,Combined TRACON& Tower with Radar,18,71,56,4,149,0,3,27,0,30,18,74,83,4,179,54,0,54,233
04/26/2005,FSD,SD,AGL,CE,Combined TRACON& Tower with Radar,25,93,97,14,229,0,0,22,3,25,25,93,119,17,254,48,16,64,318
04/27/2005,FSD,SD,AGL,CE,Combined TRACON& Tower with Radar,24,102,76,10,212,0,2,65,1,68,24,104,141,11,280,84,4,88,368
04/28/2005,FSD,SD,AGL,CE,Combined TRACON& Tower with Radar,26,85,81,5,197,0,3,54,0,57,26,88,135,5,254,120,26,146,400
04/29/2005,FSD,SD,AGL,CE,Combined TRACON& Tower with Radar,27,90,38,14,169,0,8,45,4,57,27,98,83,18,226,38,38,76,302
04/30/2005,FSD,SD,AGL,CE,Combined TRACON& Tower with Radar,13,55,11,0,79,0,3,30,0,33,13,58,41,0,112,32,0,32,144
05/01/2005,FSD,SD,AGL,CE,Combined TRACON& Tower with Radar,15,41,18,0,74,0,0,15,0,15,15,41,33,0,89,2,0,2,91
05/02/2005,FSD,SD,AGL,CE,Combined TRACON& Tower with Radar,17,76,38,0,131,0,0,64,0,64,17,76,102,0,195,54,0,54,249
05/03/2005,FSD,SD,AGL,CE,Combined TRACON& Tower with Radar,25,84,40,7,156,0,1,78,1,80,25,85,118,8,236,122,18,140,376
05/04/2005,FSD,SD,AGL,CE,Combined TRACON& Tower with Radar,24,98,46,11,179,0,4,59,0,63,24,102,105,11,242,80,4,84,326
05/05/2005,FSD,SD,AGL,CE,Combined TRACON& Tower with Radar,31,87,76,13,207,0,6,56,0,62,31,93,132,13,269,142,8,150,419
05/06/2005,FSD,SD,AGL,CE,Combined TRACON& Tower with Radar,29,94,41,16,180,0,5,56,2,63,29,99,97,18,243,132,30,162,405
05/07/2005,FSD,SD,AGL,CE,Combined TRACON& Tower with Radar,19,57,16,0,92,0,1,8,0,9,19,58,24,0,101,0,0,0,101
05/08/2005,FSD,SD,AGL,CE,Combined TRACON& Tower with Radar,20,43,14,1,78,0,1,14,3,18,20,44,28,4,96,6,6,12,108
05/09/2005,FSD,SD,AGL,CE,Combined TRACON& Tower with Radar,21,72,78,0,171,0,0,6,0,6,21,72,84,0,177,32,0,32,209
05/10/2005,FSD,SD,AGL,CE,Combined TRACON& Tower with Radar,29,97,98,19,243,0,0,41,0,41,29,97,139,19,284,82,2,84,368
05/11/2005,FSD,SD,AGL,CE,Combined TRACON& Tower with Radar,28,91,67,22,208,0,0,3,0,3,28,91,70,22,211,30,0,30,241
05/12/2005,FSD,SD,AGL,CE,Combined TRACON& Tower with Radar,27,108,60,17,212,0,0,0,0,0,27,108,60,17,212,12,0,12,224
05/13/2005,FSD,SD,AGL,CE,Combined TRACON& Tower with Radar,29,98,71,26,224,0,0,15,0,15,29,98,86,26,239,82,6,88,327
05/14/2005,FSD,SD,AGL,CE,Combined TRACON& Tower with Radar,19,58,14,19,110,0,0,7,5,12,19,58,21,24,122,4,0,4,126
05/15/2005,FSD,SD,AGL,CE,Combined TRACON& Tower with Radar,20,37,33,11,101,0,1,47,9,57,20,38,80,20,158,60,32,92,250
05/16/2005,FSD,SD,AGL,CE,Combined TRACON& Tower with Radar,21,65,37,23,146,0,4,19,0,23,21,69,56,23,169,38,14,52,221
05/17/2005,FSD,SD,AGL,CE,Combined TRACON& Tower with Radar,0,1,29,0,30,0,0,0,0,0,0,1,29,0,30,24,0,24,54
05/18/2005,FSD,SD,AGL,CE,Combined TRACON& Tower with Radar,26,99,62,28,215,0,3,23,0,26,26,102,85,28,241,56,10,66,307
05/19/2005,FSD,SD,AGL,CE,Combined TRACON& Tower with Radar,29,74,56,16,175,0,3,73,1,77,29,77,129,17,252,110,0,110,362
05/20/2005,FSD,SD,AGL,CE,Combined TRACON& Tower with Radar,30,89,63,6,188,0,6,54,8,68,30,95,117,14,256,172,2,174,430
05/21/2005,FSD,SD,AGL,CE,Combined TRACON& Tower with Radar,18,60,17,4,99,0,2,16,2,20,18,62,33,6,119,14,0,14,133
05/22/2005,FSD,SD,AGL,CE,Combined TRACON& Tower with Radar,0,0,15,0,15,0,0,17,0,17,0,0,32,0,32,4,0,4,36
05/23/2005,FSD,SD,AGL,CE,Combined TRACON& Tower with Radar,22,64,60,0,146,0,6,81,0,87,22,70,141,0,233,114,0,114,347
05/24/2005,FSD,SD,AGL,CE,Combined TRACON& Tower with Radar,29,87,60,14,190,0,1,42,0,43,29,88,102,14,233,54,6,60,293
05/25/2005,FSD,SD,AGL,CE,Combined TRACON& Tower with Radar,26,100,77,14,217,0,0,6,0,6,26,100,83,14,223,52,4,56,279
05/26/2005,FSD,SD,AGL,CE,Combined TRACON& Tower with Radar,28,95,65,5,193,0,5,39,0,44,28,100,104,5,237,44,0,44,281
05/27/2005,FSD,SD,AGL,CE,Combined TRACON& Tower with Radar,30,90,37,7,164,0,7,35,1,43,30,97,72,8,207,74,6,80,287
05/28/2005,FSD,SD,AGL,CE,Combined TRACON& Tower with Radar,17,59,27,2,105,0,1,51,0,52,17,60,78,2,157,94,0,94,251
05/29/2005,FSD,SD,AGL,CE,Combined TRACON& Tower with Radar,16,41,13,0,70,0,1,25,0,26,16,42,38,0,96,48,0,48,144
05/30/2005,FSD,SD,AGL,CE,Combined TRACON& Tower with Radar,14,51,21,0,86,0,13,54,0,67,14,64,75,0,153,54,0,54,207
05/31/2005,FSD,SD,AGL,CE,Combined TRACON& Tower with Radar,20,80,43,2,145,0,1,25,0,26,20,81,68,2,171,24,0,24,195
06/01/2005,FSD,SD,AGL,CE,Combined TRACON& Tower with Radar,26,93,69,1,189,0,0,20,0,20,26,93,89,1,209,34,0,34,243
06/02/2005,FSD,SD,AGL,CE,Combined TRACON& Tower with Radar,31,94,73,2,200,0,2,37,0,39,31,96,110,2,239,104,4,108,347
06/03/2005,FSD,SD,AGL,CE,Combined TRACON& Tower with Radar,29,90,47,0,166,0,0,11,0,11,29,90,58,0,177,40,0,40,217
06/04/2005,FSD,SD,AGL,CE,Combined TRACON& Tower with Radar,17,55,19,4,95,0,2,14,0,16,17,57,33,4,111,54,0,54,165
06/05/2005,FSD,SD,AGL,CE,Combined TRACON& Tower with Radar,20,42,18,0,80,0,0,12,0,12,20,42,30,0,92,32,0,32,124
06/06/2005,FSD,SD,AGL,CE,Combined TRACON& Tower with Radar,21,73,35,0,129,0,6,37,0,43,21,79,72,0,172,72,0,72,244
06/07/2005,FSD,SD,AGL,CE,Combined TRACON& Tower with Radar,29,80,47,0,156,0,2,32,0,34,29,82,79,0,190,60,0,60,250
06/08/2005,FSD,SD,AGL,CE,Combined TRACON& Tower with Radar,26,95,49,5,175,0,2,34,0,36,26,97,83,5,211,56,14,70,281
06/09/2005,FSD,SD,AGL,CE,Combined TRACON& Tower with Radar,23,90,71,0,184,0,3,28,1,32,23,93,99,1,216,44,0,44,260
06/10/2005,FSD,SD,AGL,CE,Combined TRACON& Tower with Radar,24,104,55,18,201,0,1,24,1,26,24,105,79,19,227,44,4,48,275
06/11/2005,FSD,SD,AGL,CE,Combined TRACON& Tower with Radar,13,60,19,1,93,0,0,12,2,14,13,60,31,3,107,20,0,20,127
06/12/2005,FSD,SD,AGL,CE,Combined TRACON& Tower with Radar,15,41,24,7,87,0,3,27,2,32,15,44,51,9,119,72,0,72,191
06/13/2005,FSD,SD,AGL,CE,Combined TRACON& Tower with Radar,18,80,44,1,143,0,1,8,2,11,18,81,52,3,154,4,0,4,158
06/14/2005,FSD,SD,AGL,CE,Combined TRACON& Tower with Radar,25,113,79,1,218,0,5,38,0,43,25,118,117,1,261,18,0,18,279
06/15/2005,FSD,SD,AGL,CE,Combined TRACON& Tower with Radar,23,98,77,1,199,0,1,55,0,56,23,99,132,1,255,114,0,114,369
06/16/2005,FSD,SD,AGL,CE,Combined TRACON& Tower with Radar,25,102,70,13,210,0,4,51,0,55,25,106,121,13,265,78,28,106,371
06/17/2005,FSD,SD,AGL,CE,Combined TRACON& Tower with Radar,22,90,49,12,173,0,4,57,0,61,22,94,106,12,234,130,8,138,372
06/18/2005,FSD,SD,AGL,CE,Combined TRACON& Tower with Radar,13,66,24,0,103,0,0,36,0,36,13,66,60,0,139,74,0,74,213
06/19/2005,FSD,SD,AGL,CE,Combined TRACON& Tower with Radar,15,37,11,2,65,0,0,27,0,27,15,37,38,2,92,18,4,22,114
06/20/2005,FSD,SD,AGL,CE,Combined TRACON& Tower with Radar,25,78,53,0,156,0,4,40,0,44,25,82,93,0,200,52,0,52,252
06/21/2005,FSD,SD,AGL,CE,Combined TRACON& Tower with Radar,20,111,60,4,195,0,5,39,1,45,20,116,99,5,240,94,4,98,338
06/22/2005,FSD,SD,AGL,CE,Combined TRACON& Tower with Radar,21,103,70,10,204,0,9,65,0,74,21,112,135,10,278,82,8,90,368
06/23/2005,FSD,SD,AGL,CE,Combined TRACON& Tower with Radar,22,93,68,8,191,0,5,39,0,44,22,98,107,8,235,78,16,94,329
06/24/2005,FSD,SD,AGL,CE,Combined TRACON& Tower with Radar,25,99,69,9,202,0,4,50,0,54,25,103,119,9,256,60,0,60,316
06/25/2005,FSD,SD,AGL,CE,Combined TRACON& Tower with Radar,13,47,55,7,122,0,1,34,2,37,13,48,89,9,159,82,18,100,259
06/26/2005,FSD,SD,AGL,CE,Combined TRACON& Tower with Radar,14,47,31,0,92,0,0,34,2,36,14,47,65,2,128,52,0,52,180
06/27/2005,FSD,SD,AGL,CE,Combined TRACON& Tower with Radar,0,0,50,0,50,0,0,0,0,0,0,0,50,0,50,60,22,82,132
06/28/2005,FSD,SD,AGL,CE,Combined TRACON& Tower with Radar,24,93,73,13,203,0,5,58,0,63,24,98,131,13,266,58,26,84,350
06/29/2005,FSD,SD,AGL,CE,Combined TRACON& Tower with Radar,22,104,65,11,202,0,3,46,1,50,22,107,111,12,252,58,16,74,326
06/30/2005,FSD,SD,AGL,CE,Combined TRACON& Tower with Radar,24,93,72,14,203,0,4,41,1,46,24,97,113,15,249,30,6,36,285
07/01/2005,FSD,SD,AGL,CE,Combined TRACON& Tower with Radar,23,93,54,0,170,0,7,72,0,79,23,100,126,0,249,154,0,154,403
07/02/2005,FSD,SD,AGL,CE,Combined TRACON& Tower with Radar,11,67,27,0,105,0,3,55,0,58,11,70,82,0,163,96,0,96,259
07/03/2005,FSD,SD,AGL,CE,Combined TRACON& Tower with Radar,0,2,23,1,26,0,0,7,0,7,0,2,30,1,33,32,0,32,65
07/04/2005,FSD,SD,AGL,CE,Combined TRACON& Tower with Radar,14,41,17,0,72,0,2,51,0,53,14,43,68,0,125,6,0,6,131
07/05/2005,FSD,SD,AGL,CE,Combined TRACON& Tower with Radar,16,80,71,4,171,0,5,39,2,46,16,85,110,6,217,36,40,76,293
07/06/2005,FSD,SD,AGL,CE,Combined TRACON& Tower with Radar,22,84,58,13,177,0,3,50,1,54,22,87,108,14,231,40,4,44,275
07/07/2005,FSD,SD,AGL,CE,Combined TRACON& Tower with Radar,24,86,61,13,184,0,1,43,0,44,24,87,104,13,228,46,0,46,274
07/08/2005,FSD,SD,AGL,CE,Combined TRACON& Tower with Radar,24,93,61,6,184,0,5,40,0,45,24,98,101,6,229,52,2,54,283
07/09/2005,FSD,SD,AGL,CE,Combined TRACON& Tower with Radar,13,55,24,0,92,0,3,47,3,53,13,58,71,3,145,70,0,70,215
07/10/2005,FSD,SD,AGL,CE,Combined TRACON& Tower with Radar,16,43,20,0,79,0,1,23,0,24,16,44,43,0,103,46,0,46,149
07/11/2005,FSD,SD,AGL,CE,Combined TRACON& Tower with Radar,18,65,69,0,152,0,2,35,0,37,18,67,104,0,189,46,0,46,235
07/12/2005,FSD,SD,AGL,CE,Combined TRACON& Tower with Radar,21,96,75,18,210,0,1,63,0,64,21,97,138,18,274,72,36,108,382
07/13/2005,FSD,SD,AGL,CE,Combined TRACON& Tower with Radar,21,94,64,15,194,0,6,40,1,47,21,100,104,16,241,44,28,72,313
07/14/2005,FSD,SD,AGL,CE,Combined TRACON& Tower with Radar,25,98,73,15,211,0,2,46,2,50,25,100,119,17,261,60,24,84,345
07/15/2005,FSD,SD,AGL,CE,Combined TRACON& Tower with Radar,21,91,45,16,173,0,3,41,1,45,21,94,86,17,218,46,10,56,274
07/16/2005,FSD,SD,AGL,CE,Combined TRACON& Tower with Radar,15,53,36,0,104,0,0,47,0,47,15,53,83,0,151,102,0,102,253
07/17/2005,FSD,SD,AGL,CE,Combined TRACON& Tower with Radar,14,55,23,0,92,0,0,20,0,20,14,55,43,0,112,28,0,28,140
07/18/2005,FSD,SD,AGL,CE,Combined TRACON& Tower with Radar,12,68,65,2,147,0,0,55,0,55,12,68,120,2,202,136,2,138,340
07/19/2005,FSD,SD,AGL,CE,Combined TRACON& Tower with Radar,20,91,71,19,201,0,2,55,0,57,20,93,126,19,258,72,54,126,384
07/20/2005,FSD,SD,AGL,CE,Combined TRACON& Tower with Radar,21,94,97,18,230,0,8,51,0,59,21,102,148,18,289,114,34,148,437
07/21/2005,FSD,SD,AGL,CE,Combined TRACON& Tower with Radar,3,46,0,0,49,0,0,0,0,0,3,46,0,0,49,46,30,76,125
07/22/2005,FSD,SD,AGL,CE,Combined TRACON& Tower with Radar,22,101,63,13,199,0,2,60,0,62,22,103,123,13,261,74,2,76,337
07/23/2005,FSD,SD,AGL,CE,Combined TRACON& Tower with Radar,17,55,26,0,98,0,0,58,0,58,17,55,84,0,156,66,0,66,222
07/24/2005,FSD,SD,AGL,CE,Combined TRACON& Tower with Radar,13,48,23,0,84,0,0,37,0,37,13,48,60,0,121,26,0,26,147
07/25/2005,FSD,SD,AGL,CE,Combined TRACON& Tower with Radar,21,96,51,0,168,0,0,21,0,21,21,96,72,0,189,36,0,36,225
07/26/2005,FSD,SD,AGL,CE,Combined TRACON& Tower with Radar,23,85,82,14,204,0,0,65,4,69,23,85,147,18,273,62,26,88,361
07/27/2005,FSD,SD,AGL,CE,Combined TRACON& Tower with Radar,20,102,45,16,183,0,7,73,7,87,20,109,118,23,270,110,16,126,396
07/28/2005,FSD,SD,AGL,CE,Combined TRACON& Tower with Radar,21,83,56,15,175,0,10,65,5,80,21,93,121,20,255,68,28,96,351
07/29/2005,FSD,SD,AGL,CE,Combined TRACON& Tower with Radar,24,93,55,18,190,0,6,50,1,57,24,99,105,19,247,64,6,70,317
07/30/2005,FSD,SD,AGL,CE,Combined TRACON& Tower with Radar,16,59,18,0,93,0,0,44,3,47,16,59,62,3,140,116,16,132,272
07/31/2005,FSD,SD,AGL,CE,Combined TRACON& Tower with Radar,0,41,34,0,75,0,1,51,1,53,0,42,85,1,128,34,0,34,162
08/01/2005,FSD,SD,AGL,CE,Combined TRACON& Tower with Radar,15,78,64,0,157,0,2,38,0,40,15,80,102,0,197,50,0,50,247
08/02/2005,FSD,SD,AGL,CE,Combined TRACON& Tower with Radar,21,87,65,14,187,0,4,52,1,57,21,91,117,15,244,76,26,102,346
08/03/2005,FSD,SD,AGL,CE,Combined TRACON& Tower with Radar,20,110,48,18,196,0,6,26,0,32,20,116,74,18,228,4,48,52,280
08/04/2005,FSD,SD,AGL,CE,Combined TRACON& Tower with Radar,20,97,75,13,205,0,2,38,0,40,20,99,113,13,245,48,24,72,317
08/05/2005,FSD,SD,AGL,CE,Combined TRACON& Tower with Radar,19,103,53,16,191,0,6,67,0,73,19,109,120,16,264,50,38,88,352
08/06/2005,FSD,SD,AGL,CE,Combined TRACON& Tower with Radar,12,57,26,3,98,0,4,36,5,45,12,61,62,8,143,72,0,72,215
08/07/2005,FSD,SD,AGL,CE,Combined TRACON& Tower with Radar,18,53,16,0,87,0,0,28,0,28,18,53,44,0,115,26,0,26,141
08/08/2005,FSD,SD,AGL,CE,Combined TRACON& Tower with Radar,24,79,64,4,171,0,42,3,0,45,24,121,67,4,216,48,18,66,282
08/09/2005,FSD,SD,AGL,CE,Combined TRACON& Tower with Radar,29,89,60,7,185,0,6,29,1,36,29,95,89,8,221,52,12,64,285
08/10/2005,FSD,SD,AGL,CE,Combined TRACON& Tower with Radar,22,90,46,18,176,0,3,28,4,35,22,93,74,22,211,46,24,70,281
08/11/2005,FSD,SD,AGL,CE,Combined TRACON& Tower with Radar,22,100,66,21,209,0,0,15,1,16,22,100,81,22,225,24,10,34,259
08/12/2005,FSD,SD,AGL,CE,Combined TRACON& Tower with Radar,29,87,39,13,168,0,2,67,4,73,29,89,106,17,241,50,32,82,323
08/13/2005,FSD,SD,AGL,CE,Combined TRACON& Tower with Radar,15,57,18,1,91,0,0,16,24,40,15,57,34,25,131,14,8,22,153
08/14/2005,FSD,SD,AGL,CE,Combined TRACON& Tower with Radar,18,39,22,1,80,0,1,26,17,44,18,40,48,18,124,52,8,60,184
08/15/2005,FSD,SD,AGL,CE,Combined TRACON& Tower with Radar,0,8,55,0,63,0,0,6,0,6,0,8,61,0,69,78,0,78,147
08/16/2005,FSD,SD,AGL,CE,Combined TRACON& Tower with Radar,21,102,74,19,216,0,2,60,3,65,21,104,134,22,281,44,32,76,357
08/17/2005,FSD,SD,AGL,CE,Combined TRACON& Tower with Radar,22,97,74,21,214,0,1,31,0,32,22,98,105,21,246,62,22,84,330
08/18/2005,FSD,SD,AGL,CE,Combined TRACON& Tower with Radar,22,87,71,15,195,0,3,62,0,65,22,90,133,15,260,76,30,106,366
08/19/2005,FSD,SD,AGL,CE,Combined TRACON& Tower with Radar,22,101,49,18,190,0,2,44,0,46,22,103,93,18,236,102,46,148,384
08/20/2005,FSD,SD,AGL,CE,Combined TRACON& Tower with Radar,13,61,21,5,100,0,0,137,0,137,13,61,158,5,237,162,4,166,403
08/21/2005,FSD,SD,AGL,CE,Combined TRACON& Tower with Radar,14,34,28,5,81,0,0,37,10,47,14,34,65,15,128,50,32,82,210
08/22/2005,FSD,SD,AGL,CE,Combined TRACON& Tower with Radar,0,4,38,0,42,0,0,0,0,0,0,4,38,0,42,56,8,64,106
08/23/2005,FSD,SD,AGL,CE,Combined TRACON& Tower with Radar,24,85,54,7,170,0,6,36,1,43,24,91,90,8,213,50,14,64,277
08/24/2005,FSD,SD,AGL,CE,Combined TRACON& Tower with Radar,24,96,73,12,205,0,1,18,5,24,24,97,91,17,229,36,32,68,297
08/25/2005,FSD,SD,AGL,CE,Combined TRACON& Tower with Radar,27,106,81,10,224,0,0,2,0,2,27,106,83,10,226,18,0,18,244
08/26/2005,FSD,SD,AGL,CE,Combined TRACON& Tower with Radar,27,99,23,26,175,0,2,58,1,61,27,101,81,27,236,64,30,94,330
08/27/2005,FSD,SD,AGL,CE,Combined TRACON& Tower with Radar,14,49,26,14,103,0,0,55,7,62,14,49,81,21,165,84,78,162,327
08/28/2005,FSD,SD,AGL,CE,Combined TRACON& Tower with Radar,18,37,17,4,76,0,0,48,0,48,18,37,65,4,124,102,0,102,226
08/29/2005,FSD,SD,AGL,CE,Combined TRACON& Tower with Radar,18,67,81,2,168,0,0,57,0,57,18,67,138,2,225,104,0,104,329
08/30/2005,FSD,SD,AGL,CE,Combined TRACON& Tower with Radar,24,92,66,15,197,0,5,78,1,84,24,97,144,16,281,44,12,56,337
08/31/2005,FSD,SD,AGL,CE,Combined TRACON& Tower with Radar,24,90,58,23,195,0,7,38,6,51,24,97,96,29,246,20,36,56,302
09/01/2005,FSD,SD,AGL,CE,Combined TRACON& Tower with Radar,22,87,63,21,193,0,4,60,1,65,22,91,123,22,258,74,20,94,352
09/02/2005,FSD,SD,AGL,CE,Combined TRACON& Tower with Radar,30,98,32,17,177,0,12,71,21,104,30,110,103,38,281,94,20,114,395
09/03/2005,FSD,SD,AGL,CE,Combined TRACON& Tower with Radar,19,70,18,1,108,0,1,32,0,33,19,71,50,1,141,16,0,16,157
09/04/2005,FSD,SD,AGL,CE,Combined TRACON& Tower with Radar,0,0,11,0,11,0,0,15,0,15,0,0,26,0,26,8,0,8,34
09/05/2005,FSD,SD,AGL,CE,Combined TRACON& Tower with Radar,0,7,14,2,23,0,0,18,0,18,0,7,32,2,41,0,12,12,53
09/06/2005,FSD,SD,AGL,CE,Combined TRACON& Tower with Radar,17,71,40,2,130,0,2,31,0,33,17,73,71,2,163,34,0,34,197
09/07/2005,FSD,SD,AGL,CE,Combined TRACON& Tower with Radar,24,97,93,8,222,0,0,33,0,33,24,97,126,8,255,78,4,82,337
09/08/2005,FSD,SD,AGL,CE,Combined TRACON& Tower with Radar,26,88,59,15,188,0,0,26,3,29,26,88,85,18,217,22,6,28,245
09/09/2005,FSD,SD,AGL,CE,Combined TRACON& Tower with Radar,24,87,52,18,181,0,1,31,0,32,24,88,83,18,213,38,26,64,277
09/10/2005,FSD,SD,AGL,CE,Combined TRACON& Tower with Radar,20,76,16,0,112,0,0,24,2,26,20,76,40,2,138,62,0,62,200
09/11/2005,FSD,SD,AGL,CE,Combined TRACON& Tower with Radar,15,45,23,2,85,0,0,20,0,20,15,45,43,2,105,16,0,16,121
09/12/2005,FSD,SD,AGL,CE,Combined TRACON& Tower with Radar,18,64,48,0,130,0,3,6,0,9,18,67,54,0,139,26,6,32,171
09/13/2005,FSD,SD,AGL,CE,Combined TRACON& Tower with Radar,22,95,73,21,211,0,0,51,0,51,22,95,124,21,262,76,18,94,356
09/14/2005,FSD,SD,AGL,CE,Combined TRACON& Tower with Radar,23,86,76,27,212,0,3,57,2,62,23,89,133,29,274,42,14,56,330
09/15/2005,FSD,SD,AGL,CE,Combined TRACON& Tower with Radar,25,92,58,13,188,0,9,58,2,69,25,101,116,15,257,76,10,86,343
09/16/2005,FSD,SD,AGL,CE,Combined TRACON& Tower with Radar,27,86,36,11,160,0,5,40,5,50,27,91,76,16,210,6,8,14,224
09/17/2005,FSD,SD,AGL,CE,Combined TRACON& Tower with Radar,15,56,11,0,82,0,0,12,5,17,15,56,23,5,99,10,0,10,109
09/18/2005,FSD,SD,AGL,CE,Combined TRACON& Tower with Radar,16,40,31,0,87,0,0,39,0,39,16,40,70,0,126,46,2,48,174
09/19/2005,FSD,SD,AGL,CE,Combined TRACON& Tower with Radar,0,18,47,0,65,0,0,3,0,3,0,18,50,0,68,0,18,18,86
09/20/2005,FSD,SD,AGL,CE,Combined TRACON& Tower with Radar,21,89,68,17,195,0,4,68,0,72,21,93,136,17,267,64,16,80,347
09/21/2005,FSD,SD,AGL,CE,Combined TRACON& Tower with Radar,34,95,58,19,206,0,3,55,0,58,34,98,113,19,264,66,38,104,368
09/22/2005,FSD,SD,AGL,CE,Combined TRACON& Tower with Radar,26,99,72,42,239,0,3,51,1,55,26,102,123,43,294,78,96,174,468
09/23/2005,FSD,SD,AGL,CE,Combined TRACON& Tower with Radar,24,89,51,2,166,0,3,53,0,56,24,92,104,2,222,50,0,50,272
09/24/2005,FSD,SD,AGL,CE,Combined TRACON& Tower with Radar,15,60,14,0,89,0,0,9,0,9,15,60,23,0,98,0,0,0,98
09/25/2005,FSD,SD,AGL,CE,Combined TRACON& Tower with Radar,16,44,24,0,84,0,0,0,0,0,16,44,24,0,84,4,0,4,88
09/26/2005,FSD,SD,AGL,CE,Combined TRACON& Tower with Radar,19,65,62,0,146,0,2,53,0,55,19,67,115,0,201,54,3,57,258
09/27/2005,FSD,SD,AGL,CE,Combined TRACON& Tower with Radar,25,90,67,9,191,0,5,53,0,58,25,95,120,9,249,70,10,80,329
09/28/2005,FSD,SD,AGL,CE,Combined TRACON& Tower with Radar,22,94,51,0,167,0,0,23,0,23,22,94,74,0,190,80,0,80,270
09/29/2005,FSD,SD,AGL,CE,Combined TRACON& Tower with Radar,26,82,66,1,175,0,6,42,2,50,26,88,108,3,225,56,0,56,281
09/30/2005,FSD,SD,AGL,CE,Combined TRACON& Tower with Radar,27,93,46,2,168,0,8,59,0,67,27,101,105,2,235,48,0,48,283
10/01/2005,FSD,SD,AGL,CE,Combined TRACON& Tower with Radar,13,48,22,10,93,0,7,40,2,49,13,55,62,12,142,26,16,42,184
10/02/2005,FSD,SD,AGL,CE,Combined TRACON& Tower with Radar,20,41,18,8,87,0,0,13,0,13,20,41,31,8,100,56,0,56,156
10/03/2005,FSD,SD,AGL,CE,Combined TRACON& Tower with Radar,0,16,41,0,57,0,0,0,0,0,0,16,41,0,57,16,2,18,75
10/04/2005,FSD,SD,AGL,CE,Combined TRACON& Tower with Radar,33,122,76,7,238,0,0,4,0,4,33,122,80,7,242,38,2,40,282
10/05/2005,FSD,SD,AGL,CE,Combined TRACON& Tower with Radar,21,91,58,10,180,0,1,21,0,22,21,92,79,10,202,52,0,52,254
10/06/2005,FSD,SD,AGL,CE,Combined TRACON& Tower with Radar,23,96,85,6,210,0,0,20,0,20,23,96,105,6,230,18,0,18,248
10/07/2005,FSD,SD,AGL,CE,Combined TRACON& Tower with Radar,22,92,45,5,164,0,2,38,0,40,22,94,83,5,204,66,6,72,276
10/08/2005,FSD,SD,AGL,CE,Combined TRACON& Tower with Radar,13,50,43,0,106,0,0,63,0,63,13,50,106,0,169,80,0,80,249
10/09/2005,FSD,SD,AGL,CE,Combined TRACON& Tower with Radar,14,52,40,5,111,0,1,24,0,25,14,53,64,5,136,44,0,44,180
10/10/2005,FSD,SD,AGL,CE,Combined TRACON& Tower with Radar,13,63,63,7,146,0,9,34,2,45,13,72,97,9,191,132,0,132,323
10/11/2005,FSD,SD,AGL,CE,Combined TRACON& Tower with Radar,19,91,74,6,190,0,2,51,1,54,19,93,125,7,244,38,8,46,290
10/12/2005,FSD,SD,AGL,CE,Combined TRACON& Tower with Radar,21,102,65,7,195,0,0,14,0,14,21,102,79,7,209,48,8,56,265
10/13/2005,FSD,SD,AGL,CE,Combined TRACON& Tower with Radar,25,103,71,13,212,0,1,48,5,54,25,104,119,18,266,76,12,88,354
10/14/2005,FSD,SD,AGL,CE,Combined TRACON& Tower with Radar,33,98,43,17,191,19,6,74,0,99,52,104,117,17,290,98,32,130,420
10/15/2005,FSD,SD,AGL,CE,Combined TRACON& Tower with Radar,13,54,13,0,80,0,3,66,0,69,13,57,79,0,149,50,0,50,199
10/16/2005,FSD,SD,AGL,CE,Combined TRACON& Tower with Radar,14,42,18,0,74,0,0,32,0,32,14,42,50,0,106,28,0,28,134
10/17/2005,FSD,SD,AGL,CE,Combined TRACON& Tower with Radar,0,6,54,0,60,0,0,1,0,1,0,6,55,0,61,34,24,58,119
10/18/2005,FSD,SD,AGL,CE,Combined TRACON& Tower with Radar,23,93,67,18,201,0,3,48,0,51,23,96,115,18,252,54,14,68,320
10/19/2005,FSD,SD,AGL,CE,Combined TRACON& Tower with Radar,24,89,70,16,199,0,4,40,0,44,24,93,110,16,243,56,4,60,303
10/20/2005,FSD,SD,AGL,CE,Combined TRACON& Tower with Radar,24,99,82,23,228,0,2,52,1,55,24,101,134,24,283,44,8,52,335
10/21/2005,FSD,SD,AGL,CE,Combined TRACON& Tower with Radar,25,105,49,0,179,0,1,51,2,54,25,106,100,2,233,114,0,114,347
10/22/2005,FSD,SD,AGL,CE,Combined TRACON& Tower with Radar,12,63,20,3,98,0,1,21,6,28,12,64,41,9,126,20,4,24,150
10/23/2005,FSD,SD,AGL,CE,Combined TRACON& Tower with Radar,19,36,36,0,91,0,0,9,0,9,19,36,45,0,100,90,0,90,190
10/24/2005,FSD,SD,AGL,CE,Combined TRACON& Tower with Radar,17,71,46,0,134,0,0,49,0,49,17,71,95,0,183,66,0,66,249
10/25/2005,FSD,SD,AGL,CE,Combined TRACON& Tower with Radar,21,98,56,20,195,0,4,50,1,55,21,102,106,21,250,78,12,90,340
10/26/2005,FSD,SD,AGL,CE,Combined TRACON& Tower with Radar,26,87,66,14,193,0,5,39,0,44,26,92,105,14,237,30,4,34,271
10/27/2005,FSD,SD,AGL,CE,Combined TRACON& Tower with Radar,24,97,98,22,241,0,6,65,0,71,24,103,163,22,312,70,22,92,404
10/28/2005,FSD,SD,AGL,CE,Combined TRACON& Tower with Radar,32,97,32,18,179,0,2,47,2,51,32,99,79,20,230,62,36,98,328
10/29/2005,FSD,SD,AGL,CE,Combined TRACON& Tower with Radar,14,63,20,2,99,0,7,38,1,46,14,70,58,3,145,48,0,48,193
10/30/2005,FSD,SD,AGL,CE,Combined TRACON& Tower with Radar,14,43,28,4,89,0,1,28,1,30,14,44,56,5,119,74,4,78,197
10/31/2005,FSD,SD,AGL,CE,Combined TRACON& Tower with Radar,0,8,34,0,42,0,0,0,0,0,0,8,34,0,42,62,14,76,118
11/01/2005,FSD,SD,AGL,CE,Combined TRACON& Tower with Radar,26,96,47,14,183,0,10,45,5,60,26,106,92,19,243,76,20,96,339
11/02/2005,FSD,SD,AGL,CE,Combined TRACON& Tower with Radar,25,91,60,17,193,0,4,34,3,41,25,95,94,20,234,50,4,54,288
11/03/2005,FSD,SD,AGL,CE,Combined TRACON& Tower with Radar,28,100,68,18,214,0,16,53,2,71,28,116,121,20,285,102,0,102,387
11/04/2005,FSD,SD,AGL,CE,Combined TRACON& Tower with Radar,30,89,40,27,186,0,2,37,8,47,30,91,77,35,233,82,46,128,361
11/05/2005,FSD,SD,AGL,CE,Combined TRACON& Tower with Radar,17,59,38,19,133,0,0,26,0,26,17,59,64,19,159,26,30,56,215
11/06/2005,FSD,SD,AGL,CE,Combined TRACON& Tower with Radar,17,40,20,0,77,0,5,29,0,34,17,45,49,0,111,26,0,26,137
11/07/2005,FSD,SD,AGL,CE,Combined TRACON& Tower with Radar,25,66,58,0,149,0,9,30,0,39,25,75,88,0,188,44,0,44,232
11/08/2005,FSD,SD,AGL,CE,Combined TRACON& Tower with Radar,28,92,63,15,198,0,5,52,5,62,28,97,115,20,260,44,38,82,342
11/09/2005,FSD,SD,AGL,CE,Combined TRACON& Tower with Radar,29,89,67,10,195,0,3,48,0,51,29,92,115,10,246,100,26,126,372
11/10/2005,FSD,SD,AGL,CE,Combined TRACON& Tower with Radar,27,92,64,12,195,0,2,80,6,88,27,94,144,18,283,120,16,136,419
11/11/2005,FSD,SD,AGL,CE,Combined TRACON& Tower with Radar,24,90,44,2,160,0,0,58,1,59,24,90,102,3,219,82,6,88,307
11/12/2005,FSD,SD,AGL,CE,Combined TRACON& Tower with Radar,16,59,19,0,94,0,0,15,0,15,16,59,34,0,109,20,0,20,129
11/13/2005,FSD,SD,AGL,CE,Combined TRACON& Tower with Radar,18,35,17,3,73,0,1,18,4,23,18,36,35,7,96,8,2,10,106
11/14/2005,FSD,SD,AGL,CE,Combined TRACON& Tower with Radar,0,0,22,0,22,0,0,0,0,0,0,0,22,0,22,32,0,32,54
11/15/2005,FSD,SD,AGL,CE,Combined TRACON& Tower with Radar,26,96,38,0,160,0,0,2,0,2,26,96,40,0,162,14,0,14,176
11/16/2005,FSD,SD,AGL,CE,Combined TRACON& Tower with Radar,28,110,69,22,229,0,2,28,1,31,28,112,97,23,260,62,12,74,334
11/17/2005,FSD,SD,AGL,CE,Combined TRACON& Tower with Radar,27,103,103,18,251,0,2,29,0,31,27,105,132,18,282,30,4,34,316
11/18/2005,FSD,SD,AGL,CE,Combined TRACON& Tower with Radar,29,84,53,2,168,0,3,46,0,49,29,87,99,2,217,42,0,42,259
11/19/2005,FSD,SD,AGL,CE,Combined TRACON& Tower with Radar,14,72,38,4,128,0,1,3,0,4,14,73,41,4,132,54,6,60,192
11/20/2005,FSD,SD,AGL,CE,Combined TRACON& Tower with Radar,20,35,23,2,80,0,1,39,3,43,20,36,62,5,123,36,4,40,163
11/21/2005,FSD,SD,AGL,CE,Combined TRACON& Tower with Radar,22,75,68,0,165,0,8,37,0,45,22,83,105,0,210,46,12,58,268
11/22/2005,FSD,SD,AGL,CE,Combined TRACON& Tower with Radar,25,95,59,13,192,0,4,55,4,63,25,99,114,17,255,52,16,68,323
11/23/2005,FSD,SD,AGL,CE,Combined TRACON& Tower with Radar,27,102,37,11,177,0,8,45,0,53,27,110,82,11,230,64,24,88,318
11/24/2005,FSD,SD,AGL,CE,Combined TRACON& Tower with Radar,10,33,9,0,52,0,3,13,0,16,10,36,22,0,68,2,0,2,70
11/25/2005,FSD,SD,AGL,CE,Combined TRACON& Tower with Radar,23,78,18,0,119,0,3,23,0,26,23,81,41,0,145,36,0,36,181
11/26/2005,FSD,SD,AGL,CE,Combined TRACON& Tower with Radar,15,59,17,0,91,0,0,41,0,41,15,59,58,0,132,38,0,38,170
11/27/2005,FSD,SD,AGL,CE,Combined TRACON& Tower with Radar,18,42,26,0,86,0,0,0,0,0,18,42,26,0,86,0,0,0,86
11/28/2005,FSD,SD,AGL,CE,Combined TRACON& Tower with Radar,0,0,0,0,0,0,0,0,0,0,0,0,0,0,0,0,0,0,0
11/29/2005,FSD,SD,AGL,CE,Combined TRACON& Tower with Radar,21,110,54,4,189,0,0,7,3,10,21,110,61,7,199,0,16,16,215
11/30/2005,FSD,SD,AGL,CE,Combined TRACON& Tower with Radar,24,94,39,2,159,0,1,2,2,5,24,95,41,4,164,0,0,0,164
12/01/2005,FSD,SD,AGL,CE,Combined TRACON& Tower with Radar,30,96,60,2,188,0,3,16,0,19,30,99,76,2,207,2,0,2,209
12/02/2005,FSD,SD,AGL,CE,Combined TRACON& Tower with Radar,30,98,49,0,177,0,2,0,0,2,30,100,49,0,179,0,0,0,179
12/03/2005,FSD,SD,AGL,CE,Combined TRACON& Tower with Radar,19,58,12,6,95,0,1,11,3,15,19,59,23,9,110,14,0,14,124
12/04/2005,FSD,SD,AGL,CE,Combined TRACON& Tower with Radar,16,35,20,6,77,0,0,9,0,9,16,35,29,6,86,22,6,28,114
12/05/2005,FSD,SD,AGL,CE,Combined TRACON& Tower with Radar,22,65,61,2,150,0,0,18,0,18,22,65,79,2,168,22,0,22,190
12/06/2005,FSD,SD,AGL,CE,Combined TRACON& Tower with Radar,25,79,69,0,173,0,6,40,0,46,25,85,109,0,219,44,0,44,263
12/07/2005,FSD,SD,AGL,CE,Combined TRACON& Tower with Radar,28,91,66,8,193,0,9,35,0,44,28,100,101,8,237,52,4,56,293
12/08/2005,FSD,SD,AGL,CE,Combined TRACON& Tower with Radar,27,88,72,9,196,0,1,21,0,22,27,89,93,9,218,2,10,12,230
12/09/2005,FSD,SD,AGL,CE,Combined TRACON& Tower with Radar,29,99,62,7,197,0,4,27,0,31,29,103,89,7,228,46,0,46,274
12/10/2005,FSD,SD,AGL,CE,Combined TRACON& Tower with Radar,15,55,30,0,100,0,1,3,0,4,15,56,33,0,104,0,0,0,104
12/11/2005,FSD,SD,AGL,CE,Combined TRACON& Tower with Radar,16,32,18,1,67,0,2,9,2,13,16,34,27,3,80,0,0,0,80
12/12/2005,FSD,SD,AGL,CE,Combined TRACON& Tower with Radar,0,2,58,0,60,0,0,0,0,0,0,2,58,0,60,46,40,86,146
12/13/2005,FSD,SD,AGL,CE,Combined TRACON& Tower with Radar,26,103,57,15,201,0,0,34,0,34,26,103,91,15,235,50,60,110,345
12/14/2005,FSD,SD,AGL,CE,Combined TRACON& Tower with Radar,28,113,48,8,197,0,2,21,3,26,28,115,69,11,223,42,8,50,273
12/15/2005,FSD,SD,AGL,CE,Combined TRACON& Tower with Radar,27,110,57,4,198,0,0,6,0,6,27,110,63,4,204,0,0,0,204
12/16/2005,FSD,SD,AGL,CE,Combined TRACON& Tower with Radar,28,99,49,17,193,0,1,8,0,9,28,100,57,17,202,22,34,56,258
12/17/2005,FSD,SD,AGL,CE,Combined TRACON& Tower with Radar,19,60,14,0,93,0,2,18,4,24,19,62,32,4,117,66,0,66,183
12/18/2005,FSD,SD,AGL,CE,Combined TRACON& Tower with Radar,14,39,24,7,84,0,6,19,1,26,14,45,43,8,110,86,14,100,210
12/19/2005,FSD,SD,AGL,CE,Combined TRACON& Tower with Radar,21,78,49,23,171,0,0,47,4,51,21,78,96,27,222,68,62,130,352
12/20/2005,FSD,SD,AGL,CE,Combined TRACON& Tower with Radar,30,100,44,28,202,0,0,56,2,58,30,100,100,30,260,26,28,54,314
12/21/2005,FSD,SD,AGL,CE,Combined TRACON& Tower with Radar,32,109,67,24,232,0,9,53,5,67,32,118,120,29,299,74,20,94,393
12/22/2005,FSD,SD,AGL,CE,Combined TRACON& Tower with Radar,33,99,50,15,197,0,3,51,2,56,33,102,101,17,253,88,2,90,343
12/23/2005,FSD,SD,AGL,CE,Combined TRACON& Tower with Radar,33,105,34,0,172,0,6,21,0,27,33,111,55,0,199,20,0,20,219
12/24/2005,FSD,SD,AGL,CE,Combined TRACON& Tower with Radar,15,53,15,0,83,0,10,10,0,20,15,63,25,0,103,48,0,48,151
12/25/2005,FSD,SD,AGL,CE,Combined TRACON& Tower with Radar,8,45,6,0,59,0,0,0,0,0,8,45,6,0,59,0,0,0,59
12/26/2005,FSD,SD,AGL,CE,Combined TRACON& Tower with Radar,0,0,0,0,0,0,0,0,0,0,0,0,0,0,0,0,0,0,0
12/27/2005,FSD,SD,AGL,CE,Combined TRACON& Tower with Radar,21,93,49,12,175,0,6,18,1,25,21,99,67,13,200,60,94,154,354
12/28/2005,FSD,SD,AGL,CE,Combined TRACON& Tower with Radar,23,73,40,28,164,0,0,0,0,0,23,73,40,28,164,10,24,34,198
12/29/2005,FSD,SD,AGL,CE,Combined TRACON& Tower with Radar,21,102,35,2,160,0,0,0,0,0,21,102,35,2,160,0,6,6,166
12/30/2005,FSD,SD,AGL,CE,Combined TRACON& Tower with Radar,27,103,27,0,157,0,0,0,0,0,27,103,27,0,157,0,0,0,157
12/31/2005,FSD,SD,AGL,CE,Combined TRACON& Tower with Radar,16,57,14,0,87,0,2,18,2,22,16,59,32,2,109,66,0,66,175
01/01/2006,FSD,SD,AGL,CE,Combined TRACON& Tower with Radar,11,30,13,0,54,0,0,0,0,0,11,30,13,0,54,0,0,0,54
01/02/2006,FSD,SD,AGL,CE,Combined TRACON& Tower with Radar,13,41,17,0,71,0,0,0,0,0,13,41,17,0,71,0,0,0,71
01/03/2006,FSD,SD,AGL,CE,Combined TRACON& Tower with Radar,16,58,29,0,103,0,0,0,0,0,16,58,29,0,103,0,0,0,103
01/04/2006,FSD,SD,AGL,CE,Combined TRACON& Tower with Radar,27,94,65,31,217,0,6,32,0,38,27,100,97,31,255,124,74,198,453
01/05/2006,FSD,SD,AGL,CE,Combined TRACON& Tower with Radar,25,102,79,25,231,0,0,0,0,0,25,102,79,25,231,10,6,16,247
01/06/2006,FSD,SD,AGL,CE,Combined TRACON& Tower with Radar,25,96,73,13,207,0,7,46,0,53,25,103,119,13,260,78,32,110,370
01/07/2006,FSD,SD,AGL,CE,Combined TRACON& Tower with Radar,17,53,26,19,115,0,1,62,4,67,17,54,88,23,182,46,32,78,260
01/08/2006,FSD,SD,AGL,CE,Combined TRACON& Tower with Radar,14,36,9,14,73,0,0,0,0,0,14,36,9,14,73,0,8,8,81
01/09/2006,FSD,SD,AGL,CE,Combined TRACON& Tower with Radar,20,62,42,0,124,0,0,36,0,36,20,62,78,0,160,0,0,0,160
01/10/2006,FSD,SD,AGL,CE,Combined TRACON& Tower with Radar,24,98,51,17,190,0,5,56,6,67,24,103,107,23,257,36,12,48,305
01/11/2006,FSD,SD,AGL,CE,Combined TRACON& Tower with Radar,23,91,50,17,181,0,4,46,4,54,23,95,96,21,235,126,12,138,373
01/12/2006,FSD,SD,AGL,CE,Combined TRACON& Tower with Radar,24,86,52,17,179,0,7,19,8,34,24,93,71,25,213,18,12,30,243
01/13/2006,FSD,SD,AGL,CE,Combined TRACON& Tower with Radar,25,87,73,22,207,0,3,21,2,26,25,90,94,24,233,70,12,82,315
01/14/2006,FSD,SD,AGL,CE,Combined TRACON& Tower with Radar,15,61,28,5,109,0,1,58,6,65,15,62,86,11,174,118,6,124,298
01/15/2006,FSD,SD,AGL,CE,Combined TRACON& Tower with Radar,14,31,9,0,54,0,3,36,0,39,14,34,45,0,93,52,0,52,145
01/16/2006,FSD,SD,AGL,CE,Combined TRACON& Tower with Radar,17,67,27,0,111,0,3,7,0,10,17,70,34,0,121,0,0,0,121
01/17/2006,FSD,SD,AGL,CE,Combined TRACON& Tower with Radar,24,90,50,0,164,0,0,20,2,22,24,90,70,2,186,46,6,52,238
01/18/2006,FSD,SD,AGL,CE,Combined TRACON& Tower with Radar,26,96,50,19,191,0,2,35,2,39,26,98,85,21,230,72,16,88,318
01/19/2006,FSD,SD,AGL,CE,Combined TRACON& Tower with Radar,26,101,84,18,229,0,0,13,0,13,26,101,97,18,242,128,0,128,370
01/20/2006,FSD,SD,AGL,CE,Combined TRACON& Tower with Radar,27,100,61,12,200,0,0,13,0,13,27,100,74,12,213,16,6,22,235
01/21/2006,FSD,SD,AGL,CE,Combined TRACON& Tower with Radar,17,53,43,5,118,0,0,54,4,58,17,53,97,9,176,52,0,52,228
01/22/2006,FSD,SD,AGL,CE,Combined TRACON& Tower with Radar,14,27,20,0,61,0,1,10,1,12,14,28,30,1,73,14,0,14,87
01/23/2006,FSD,SD,AGL,CE,Combined TRACON& Tower with Radar,20,70,45,7,142,0,7,41,0,48,20,77,86,7,190,14,14,28,218
01/24/2006,FSD,SD,AGL,CE,Combined TRACON& Tower with Radar,20,95,37,9,161,0,2,29,4,35,20,97,66,13,196,32,6,38,234
01/25/2006,FSD,SD,AGL,CE,Combined TRACON& Tower with Radar,23,96,47,28,194,0,2,70,11,83,23,98,117,39,277,82,60,142,419
01/26/2006,FSD,SD,AGL,CE,Combined TRACON& Tower with Radar,25,100,40,6,171,0,4,41,0,45,25,104,81,6,216,38,4,42,258
01/27/2006,FSD,SD,AGL,CE,Combined TRACON& Tower with Radar,28,92,46,10,176,0,1,68,3,72,28,93,114,13,248,108,10,118,366
01/28/2006,FSD,SD,AGL,CE,Combined TRACON& Tower with Radar,16,57,67,6,146,0,2,6,0,8,16,59,73,6,154,70,6,76,230
01/29/2006,FSD,SD,AGL,CE,Combined TRACON& Tower with Radar,14,36,15,0,65,0,0,2,0,2,14,36,17,0,67,0,0,0,67
01/30/2006,FSD,SD,AGL,CE,Combined TRACON& Tower with Radar,18,76,43,12,149,0,1,9,2,12,18,77,52,14,161,46,10,56,217
01/31/2006,FSD,SD,AGL,CE,Combined TRACON& Tower with Radar,23,92,65,17,197,0,2,25,0,27,23,94,90,17,224,12,16,28,252
02/01/2006,FSD,SD,AGL,CE,Combined TRACON& Tower with Radar,22,98,58,9,187,0,4,22,5,31,22,102,80,14,218,74,20,94,312
02/02/2006,FSD,SD,AGL,CE,Combined TRACON& Tower with Radar,28,88,61,14,191,0,5,48,0,53,28,93,109,14,244,108,36,144,388
02/03/2006,FSD,SD,AGL,CE,Combined TRACON& Tower with Radar,26,95,46,6,173,0,5,16,3,24,26,100,62,9,197,68,30,98,295
02/04/2006,FSD,SD,AGL,CE,Combined TRACON& Tower with Radar,17,56,30,8,111,0,6,44,2,52,17,62,74,10,163,70,0,70,233
02/05/2006,FSD,SD,AGL,CE,Combined TRACON& Tower with Radar,16,37,22,0,75,0,1,12,0,13,16,38,34,0,88,30,0,30,118
02/06/2006,FSD,SD,AGL,CE,Combined TRACON& Tower with Radar,23,79,57,0,159,0,0,20,0,20,23,79,77,0,179,50,0,50,229
02/07/2006,FSD,SD,AGL,CE,Combined TRACON& Tower with Radar,20,99,64,11,194,0,24,0,0,24,20,123,64,11,218,14,30,44,262
02/08/2006,FSD,SD,AGL,CE,Combined TRACON& Tower with Radar,36,84,62,7,189,0,3,52,0,55,36,87,114,7,244,96,20,116,360
02/09/2006,FSD,SD,AGL,CE,Combined TRACON& Tower with Radar,34,87,55,2,178,0,0,11,0,11,34,87,66,2,189,2,2,4,193
02/10/2006,FSD,SD,AGL,CE,Combined TRACON& Tower with Radar,28,83,28,0,139,0,0,3,0,3,28,83,31,0,142,12,0,12,154
02/11/2006,FSD,SD,AGL,CE,Combined TRACON& Tower with Radar,24,46,31,2,103,0,0,17,2,19,24,46,48,4,122,28,12,40,162
02/12/2006,FSD,SD,AGL,CE,Combined TRACON& Tower with Radar,22,27,19,0,68,0,0,7,0,7,22,27,26,0,75,10,0,10,85
02/13/2006,FSD,SD,AGL,CE,Combined TRACON& Tower with Radar,28,68,54,3,153,0,1,28,0,29,28,69,82,3,182,22,0,22,204
02/14/2006,FSD,SD,AGL,CE,Combined TRACON& Tower with Radar,28,85,63,7,183,0,8,38,0,46,28,93,101,7,229,90,0,90,319
02/15/2006,FSD,SD,AGL,CE,Combined TRACON& Tower with Radar,34,86,51,8,179,0,0,12,0,12,34,86,63,8,191,36,12,48,239
02/16/2006,FSD,SD,AGL,CE,Combined TRACON& Tower with Radar,31,83,41,0,155,0,4,9,0,13,31,87,50,0,168,18,0,18,186
02/17/2006,FSD,SD,AGL,CE,Combined TRACON& Tower with Radar,34,85,48,9,176,0,3,17,1,21,34,88,65,10,197,6,10,16,213
02/18/2006,FSD,SD,AGL,CE,Combined TRACON& Tower with Radar,18,44,9,7,78,0,6,17,0,23,18,50,26,7,101,54,0,54,155
02/19/2006,FSD,SD,AGL,CE,Combined TRACON& Tower with Radar,27,25,11,0,63,0,0,19,0,19,27,25,30,0,82,52,0,52,134
02/20/2006,FSD,SD,AGL,CE,Combined TRACON& Tower with Radar,29,60,33,3,125,0,4,51,0,55,29,64,84,3,180,26,14,40,220
02/21/2006,FSD,SD,AGL,CE,Combined TRACON& Tower with Radar,28,80,43,6,157,0,0,45,0,45,28,80,88,6,202,40,6,46,248
02/22/2006,FSD,SD,AGL,CE,Combined TRACON& Tower with Radar,32,90,61,13,196,0,2,64,0,66,32,92,125,13,262,96,8,104,366
02/23/2006,FSD,SD,AGL,CE,Combined TRACON& Tower with Radar,33,91,38,16,178,0,7,37,1,45,33,98,75,17,223,32,12,44,267
02/24/2006,FSD,SD,AGL,CE,Combined TRACON& Tower with Radar,32,95,39,18,184,0,1,36,6,43,32,96,75,24,227,80,32,112,339
02/25/2006,FSD,SD,AGL,CE,Combined TRACON& Tower with Radar,24,39,14,0,77,0,9,47,2,58,24,48,61,2,135,56,0,56,191
02/26/2006,FSD,SD,AGL,CE,Combined TRACON& Tower with Radar,24,25,24,12,85,0,2,27,2,31,24,27,51,14,116,44,4,48,164
02/27/2006,FSD,SD,AGL,CE,Combined TRACON& Tower with Radar,27,56,50,0,133,0,4,30,0,34,27,60,80,0,167,40,0,40,207
02/28/2006,FSD,SD,AGL,CE,Combined TRACON& Tower with Radar,30,76,55,14,175,0,7,39,0,46,30,83,94,14,221,52,6,58,279
03/01/2006,FSD,SD,AGL,CE,Combined TRACON& Tower with Radar,31,91,66,14,202,0,0,38,1,39,31,91,104,15,241,30,12,42,283
03/02/2006,FSD,SD,AGL,CE,Combined TRACON& Tower with Radar,34,89,43,17,183,0,0,19,0,19,34,89,62,17,202,96,18,114,316
03/03/2006,FSD,SD,AGL,CE,Combined TRACON& Tower with Radar,38,98,65,10,211,0,3,11,0,14,38,101,76,10,225,138,6,144,369
03/04/2006,FSD,SD,AGL,CE,Combined TRACON& Tower with Radar,32,27,4,10,73,0,1,10,1,12,32,28,14,11,85,12,0,12,97
03/05/2006,FSD,SD,AGL,CE,Combined TRACON& Tower with Radar,24,22,17,12,75,0,0,17,1,18,24,22,34,13,93,34,0,34,127
03/06/2006,FSD,SD,AGL,CE,Combined TRACON& Tower with Radar,24,79,45,4,152,0,11,40,0,51,24,90,85,4,203,52,0,52,255
03/07/2006,FSD,SD,AGL,CE,Combined TRACON& Tower with Radar,28,84,47,15,174,0,1,20,2,23,28,85,67,17,197,50,34,84,281
03/08/2006,FSD,SD,AGL,CE,Combined TRACON& Tower with Radar,31,78,67,7,183,0,10,28,0,38,31,88,95,7,221,34,8,42,263
03/09/2006,FSD,SD,AGL,CE,Combined TRACON& Tower with Radar,32,93,89,15,229,0,10,65,0,75,32,103,154,15,304,130,18,148,452
03/10/2006,FSD,SD,AGL,CE,Combined TRACON& Tower with Radar,32,88,36,22,178,0,1,33,7,41,32,89,69,29,219,54,26,80,299
03/11/2006,FSD,SD,AGL,CE,Combined TRACON& Tower with Radar,24,39,18,0,81,0,1,7,0,8,24,40,25,0,89,32,0,32,121
03/12/2006,FSD,SD,AGL,CE,Combined TRACON& Tower with Radar,24,22,12,2,60,0,1,1,0,2,24,23,13,2,62,0,0,0,62
03/13/2006,FSD,SD,AGL,CE,Combined TRACON& Tower with Radar,0,5,14,0,19,0,0,0,0,0,0,5,14,0,19,6,0,6,25
03/14/2006,FSD,SD,AGL,CE,Combined TRACON& Tower with Radar,30,89,59,21,199,0,8,56,0,64,30,97,115,21,263,110,6,116,379
03/15/2006,FSD,SD,AGL,CE,Combined TRACON& Tower with Radar,32,80,61,17,190,0,0,29,0,29,32,80,90,17,219,40,44,84,303
03/16/2006,FSD,SD,AGL,CE,Combined TRACON& Tower with Radar,33,84,56,0,173,0,0,10,0,10,33,84,66,0,183,10,0,10,193
03/17/2006,FSD,SD,AGL,CE,Combined TRACON& Tower with Radar,36,86,46,0,168,0,4,56,2,62,36,90,102,2,230,74,0,74,304
03/18/2006,FSD,SD,AGL,CE,Combined TRACON& Tower with Radar,24,44,18,1,87,0,1,23,0,24,24,45,41,1,111,78,0,78,189
03/19/2006,FSD,SD,AGL,CE,Combined TRACON& Tower with Radar,25,22,14,1,62,0,0,8,0,8,25,22,22,1,70,10,0,10,80
03/20/2006,FSD,SD,AGL,CE,Combined TRACON& Tower with Radar,25,67,41,0,133,0,3,17,0,20,25,70,58,0,153,22,0,22,175
03/21/2006,FSD,SD,AGL,CE,Combined TRACON& Tower with Radar,32,94,63,8,197,0,12,40,0,52,32,106,103,8,249,76,6,82,331
03/22/2006,FSD,SD,AGL,CE,Combined TRACON& Tower with Radar,32,86,59,14,191,0,8,47,0,55,32,94,106,14,246,80,14,94,340
03/23/2006,FSD,SD,AGL,CE,Combined TRACON& Tower with Radar,32,79,74,18,203,0,7,38,2,47,32,86,112,20,250,50,14,64,314
03/24/2006,FSD,SD,AGL,CE,Combined TRACON& Tower with Radar,32,84,67,13,196,0,0,17,0,17,32,84,84,13,213,38,18,56,269
03/25/2006,FSD,SD,AGL,CE,Combined TRACON& Tower with Radar,25,45,21,0,91,0,0,16,0,16,25,45,37,0,107,32,0,32,139
03/26/2006,FSD,SD,AGL,CE,Combined TRACON& Tower with Radar,24,18,16,0,58,0,0,8,0,8,24,18,24,0,66,2,0,2,68
03/27/2006,FSD,SD,AGL,CE,Combined TRACON& Tower with Radar,27,67,62,0,156,0,0,3,0,3,27,67,65,0,159,14,0,14,173
03/28/2006,FSD,SD,AGL,CE,Combined TRACON& Tower with Radar,35,94,72,19,220,0,1,25,0,26,35,95,97,19,246,52,6,58,304
03/29/2006,FSD,SD,AGL,CE,Combined TRACON& Tower with Radar,32,86,59,19,196,0,2,36,0,38,32,88,95,19,234,36,8,44,278
03/30/2006,FSD,SD,AGL,CE,Combined TRACON& Tower with Radar,30,90,67,12,199,0,0,7,2,9,30,90,74,14,208,18,0,18,226
03/31/2006,FSD,SD,AGL,CE,Combined TRACON& Tower with Radar,36,91,37,0,164,0,1,8,0,9,36,92,45,0,173,12,0,12,185
04/01/2006,FSD,SD,AGL,CE,Combined TRACON& Tower with Radar,24,52,59,0,135,0,0,11,0,11,24,52,70,0,146,50,0,50,196
04/02/2006,FSD,SD,AGL,CE,Combined TRACON& Tower with Radar,22,28,24,0,74,0,1,1,0,2,22,29,25,0,76,44,0,44,120
04/03/2006,FSD,SD,AGL,CE,Combined TRACON& Tower with Radar,21,63,62,0,146,0,10,62,0,72,21,73,124,0,218,74,0,74,292
04/04/2006,FSD,SD,AGL,CE,Combined TRACON& Tower with Radar,27,89,77,15,208,0,4,65,0,69,27,93,142,15,277,84,22,106,383
04/05/2006,FSD,SD,AGL,CE,Combined TRACON& Tower with Radar,29,96,54,10,189,0,13,42,0,55,29,109,96,10,244,58,34,92,336
04/06/2006,FSD,SD,AGL,CE,Combined TRACON& Tower with Radar,44,90,54,17,205,0,0,11,0,11,44,90,65,17,216,62,0,62,278
04/07/2006,FSD,SD,AGL,CE,Combined TRACON& Tower with Radar,35,83,34,1,153,0,2,8,0,10,35,85,42,1,163,0,0,0,163
04/08/2006,FSD,SD,AGL,CE,Combined TRACON& Tower with Radar,20,38,21,20,99,0,4,70,3,77,20,42,91,23,176,100,12,112,288
04/09/2006,FSD,SD,AGL,CE,Combined TRACON& Tower with Radar,22,30,24,7,83,0,2,22,6,30,22,32,46,13,113,14,16,30,143
04/10/2006,FSD,SD,AGL,CE,Combined TRACON& Tower with Radar,25,68,54,0,147,0,1,47,0,48,25,69,101,0,195,48,0,48,243
04/11/2006,FSD,SD,AGL,CE,Combined TRACON& Tower with Radar,28,88,70,20,206,0,4,57,2,63,28,92,127,22,269,48,18,66,335
04/12/2006,FSD,SD,AGL,CE,Combined TRACON& Tower with Radar,30,90,54,10,184,0,9,62,4,75,30,99,116,14,259,74,12,86,345
04/13/2006,FSD,SD,AGL,CE,Combined TRACON& Tower with Radar,29,83,53,10,175,0,3,51,1,55,29,86,104,11,230,50,6,56,286
04/14/2006,FSD,SD,AGL,CE,Combined TRACON& Tower with Radar,30,79,44,10,163,0,8,59,0,67,30,87,103,10,230,70,16,86,316
04/15/2006,FSD,SD,AGL,CE,Combined TRACON& Tower with Radar,15,44,3,2,64,0,2,12,4,18,15,46,15,6,82,18,4,22,104
04/16/2006,FSD,SD,AGL,CE,Combined TRACON& Tower with Radar,21,23,4,0,48,0,0,8,0,8,21,23,12,0,56,16,0,16,72
04/17/2006,FSD,SD,AGL,CE,Combined TRACON& Tower with Radar,0,5,31,0,36,0,0,0,0,0,0,5,31,0,36,54,0,54,90
04/18/2006,FSD,SD,AGL,CE,Combined TRACON& Tower with Radar,35,97,53,8,193,0,0,2,0,2,35,97,55,8,195,34,0,34,229
04/19/2006,FSD,SD,AGL,CE,Combined TRACON& Tower with Radar,30,93,39,6,168,0,4,16,0,20,30,97,55,6,188,20,0,20,208
04/20/2006,FSD,SD,AGL,CE,Combined TRACON& Tower with Radar,29,91,68,10,198,0,2,9,0,11,29,93,77,10,209,22,2,24,233
04/21/2006,FSD,SD,AGL,CE,Combined TRACON& Tower with Radar,34,80,66,5,185,0,4,33,3,40,34,84,99,8,225,30,0,30,255
04/22/2006,FSD,SD,AGL,CE,Combined TRACON& Tower with Radar,19,54,10,1,84,0,1,49,34,84,19,55,59,35,168,14,4,18,186
04/23/2006,FSD,SD,AGL,CE,Combined TRACON& Tower with Radar,21,25,22,5,73,0,3,42,19,64,21,28,64,24,137,32,12,44,181
04/24/2006,FSD,SD,AGL,CE,Combined TRACON& Tower with Radar,24,78,49,4,155,0,3,18,0,21,24,81,67,4,176,22,0,22,198
04/25/2006,FSD,SD,AGL,CE,Combined TRACON& Tower with Radar,29,87,75,17,208,0,10,61,3,74,29,97,136,20,282,90,28,118,400
04/26/2006,FSD,SD,AGL,CE,Combined TRACON& Tower with Radar,30,78,57,9,174,0,9,81,1,91,30,87,138,10,265,110,6,116,381
04/27/2006,FSD,SD,AGL,CE,Combined TRACON& Tower with Radar,29,98,70,12,209,0,6,47,3,56,29,104,117,15,265,90,30,120,385
04/28/2006,FSD,SD,AGL,CE,Combined TRACON& Tower with Radar,30,101,91,6,228,0,0,6,1,7,30,101,97,7,235,14,6,20,255
04/29/2006,FSD,SD,AGL,CE,Combined TRACON& Tower with Radar,18,54,31,1,104,0,0,0,0,0,18,54,31,1,104,6,0,6,110
04/30/2006,FSD,SD,AGL,CE,Combined TRACON& Tower with Radar,21,33,45,2,101,0,0,2,0,2,21,33,47,2,103,38,0,38,141
05/01/2006,FSD,SD,AGL,CE,Combined TRACON& Tower with Radar,25,62,71,0,158,0,6,10,0,16,25,68,81,0,174,10,0,10,184
05/02/2006,FSD,SD,AGL,CE,Combined TRACON& Tower with Radar,29,86,24,3,142,0,6,0,0,6,29,92,24,3,148,48,0,48,196
05/03/2006,FSD,SD,AGL,CE,Combined TRACON& Tower with Radar,34,94,66,9,203,0,4,38,5,47,34,98,104,14,250,38,32,70,320
05/04/2006,FSD,SD,AGL,CE,Combined TRACON& Tower with Radar,34,76,64,4,178,0,5,43,0,48,34,81,107,4,226,70,2,72,298
05/05/2006,FSD,SD,AGL,CE,Combined TRACON& Tower with Radar,37,82,64,9,192,0,3,54,0,57,37,85,118,9,249,120,4,124,373
05/06/2006,FSD,SD,AGL,CE,Combined TRACON& Tower with Radar,27,41,20,4,92,0,3,50,2,55,27,44,70,6,147,76,6,82,229
05/07/2006,FSD,SD,AGL,CE,Combined TRACON& Tower with Radar,25,18,19,4,66,0,0,28,2,30,25,18,47,6,96,10,0,10,106
05/08/2006,FSD,SD,AGL,CE,Combined TRACON& Tower with Radar,40,57,65,3,165,0,0,24,0,24,40,57,89,3,189,0,0,0,189
05/09/2006,FSD,SD,AGL,CE,Combined TRACON& Tower with Radar,31,75,70,19,195,0,1,45,0,46,31,76,115,19,241,52,14,66,307
05/10/2006,FSD,SD,AGL,CE,Combined TRACON& Tower with Radar,35,83,61,4,183,0,2,33,0,35,35,85,94,4,218,68,0,68,286
05/11/2006,FSD,SD,AGL,CE,Combined TRACON& Tower with Radar,34,86,67,16,203,0,6,31,0,37,34,92,98,16,240,24,2,26,266
05/12/2006,FSD,SD,AGL,CE,Combined TRACON& Tower with Radar,37,76,53,3,169,0,7,25,0,32,37,83,78,3,201,44,0,44,245
05/13/2006,FSD,SD,AGL,CE,Combined TRACON& Tower with Radar,27,38,21,1,87,0,0,25,1,26,27,38,46,2,113,52,0,52,165
05/14/2006,FSD,SD,AGL,CE,Combined TRACON& Tower with Radar,25,27,20,0,72,0,0,14,0,14,25,27,34,0,86,14,0,14,100
05/15/2006,FSD,SD,AGL,CE,Combined TRACON& Tower with Radar,31,71,85,23,210,0,5,41,0,46,31,76,126,23,256,12,14,26,282
05/16/2006,FSD,SD,AGL,CE,Combined TRACON& Tower with Radar,30,87,54,20,191,0,7,48,1,56,30,94,102,21,247,76,32,108,355
05/17/2006,FSD,SD,AGL,CE,Combined TRACON& Tower with Radar,33,77,35,20,165,0,4,32,5,41,33,81,67,25,206,66,24,90,296
05/18/2006,FSD,SD,AGL,CE,Combined TRACON& Tower with Radar,30,91,61,13,195,0,1,66,3,70,30,92,127,16,265,122,4,126,391
05/19/2006,FSD,SD,AGL,CE,Combined TRACON& Tower with Radar,37,79,49,0,165,0,2,50,0,52,37,81,99,0,217,38,0,38,255
05/20/2006,FSD,SD,AGL,CE,Combined TRACON& Tower with Radar,27,41,13,3,84,0,3,45,0,48,27,44,58,3,132,66,2,68,200
05/21/2006,FSD,SD,AGL,CE,Combined TRACON& Tower with Radar,25,23,20,0,68,0,1,35,0,36,25,24,55,0,104,46,0,46,150
05/22/2006,FSD,SD,AGL,CE,Combined TRACON& Tower with Radar,29,61,71,12,173,0,1,47,2,50,29,62,118,14,223,42,14,56,279
05/23/2006,FSD,SD,AGL,CE,Combined TRACON& Tower with Radar,32,70,75,15,192,0,8,53,0,61,32,78,128,15,253,40,26,66,319
05/24/2006,FSD,SD,AGL,CE,Combined TRACON& Tower with Radar,34,78,52,3,167,0,1,23,1,25,34,79,75,4,192,28,4,32,224
05/25/2006,FSD,SD,AGL,CE,Combined TRACON& Tower with Radar,32,85,93,12,222,0,1,22,2,25,32,86,115,14,247,80,0,80,327
05/26/2006,FSD,SD,AGL,CE,Combined TRACON& Tower with Radar,36,80,44,1,161,0,6,60,2,68,36,86,104,3,229,62,0,62,291
05/27/2006,FSD,SD,AGL,CE,Combined TRACON& Tower with Radar,27,42,14,6,89,0,0,25,0,25,27,42,39,6,114,16,6,22,136
05/28/2006,FSD,SD,AGL,CE,Combined TRACON& Tower with Radar,21,19,10,0,50,0,0,9,0,9,21,19,19,0,59,4,0,4,63
05/29/2006,FSD,SD,AGL,CE,Combined TRACON& Tower with Radar,25,29,25,2,81,0,4,28,0,32,25,33,53,2,113,88,0,88,201
05/30/2006,FSD,SD,AGL,CE,Combined TRACON& Tower with Radar,26,72,68,0,166,0,3,66,8,77,26,75,134,8,243,40,0,40,283
05/31/2006,FSD,SD,AGL,CE,Combined TRACON& Tower with Radar,34,77,54,21,186,0,6,49,3,58,34,83,103,24,244,52,30,82,326
06/01/2006,FSD,SD,AGL,CE,Combined TRACON& Tower with Radar,32,82,78,12,204,0,4,58,0,62,32,86,136,12,266,114,16,130,396
06/02/2006,FSD,SD,AGL,CE,Combined TRACON& Tower with Radar,7,86,43,2,138,0,5,46,2,53,7,91,89,4,191,42,0,42,233
06/03/2006,FSD,SD,AGL,CE,Combined TRACON& Tower with Radar,27,39,26,37,129,0,5,32,1,38,27,44,58,38,167,56,14,70,237
06/04/2006,FSD,SD,AGL,CE,Combined TRACON& Tower with Radar,25,32,24,18,99,0,2,22,0,24,25,34,46,18,123,40,4,44,167
06/05/2006,FSD,SD,AGL,CE,Combined TRACON& Tower with Radar,30,54,59,0,143,0,0,17,0,17,30,54,76,0,160,26,0,26,186
06/06/2006,FSD,SD,AGL,CE,Combined TRACON& Tower with Radar,32,73,70,5,180,0,10,64,3,77,32,83,134,8,257,52,12,64,321
06/07/2006,FSD,SD,AGL,CE,Combined TRACON& Tower with Radar,34,86,53,9,182,0,12,52,0,64,34,98,105,9,246,58,6,64,310
06/08/2006,FSD,SD,AGL,CE,Combined TRACON& Tower with Radar,30,100,62,6,198,0,2,25,1,28,30,102,87,7,226,38,0,38,264
06/09/2006,FSD,SD,AGL,CE,Combined TRACON& Tower with Radar,29,88,37,13,167,0,5,35,2,42,29,93,72,15,209,44,0,44,253
06/10/2006,FSD,SD,AGL,CE,Combined TRACON& Tower with Radar,23,41,30,7,101,0,1,3,0,4,23,42,33,7,105,22,0,22,127
06/11/2006,FSD,SD,AGL,CE,Combined TRACON& Tower with Radar,19,35,35,0,89,0,0,24,0,24,19,35,59,0,113,70,2,72,185
06/12/2006,FSD,SD,AGL,CE,Combined TRACON& Tower with Radar,23,68,41,12,144,0,0,0,0,0,23,68,41,12,144,62,6,68,212
06/13/2006,FSD,SD,AGL,CE,Combined TRACON& Tower with Radar,31,98,49,11,189,0,11,62,1,74,31,109,111,12,263,62,4,66,329
06/14/2006,FSD,SD,AGL,CE,Combined TRACON& Tower with Radar,29,85,62,8,184,0,6,26,0,32,29,91,88,8,216,16,2,18,234
06/15/2006,FSD,SD,AGL,CE,Combined TRACON& Tower with Radar,29,82,80,12,203,0,2,28,1,31,29,84,108,13,234,6,0,6,240
06/16/2006,FSD,SD,AGL,CE,Combined TRACON& Tower with Radar,33,85,52,5,175,0,3,41,0,44,33,88,93,5,219,36,0,36,255
06/17/2006,FSD,SD,AGL,CE,Combined TRACON& Tower with Radar,23,53,38,0,114,0,1,18,0,19,23,54,56,0,133,58,0,58,191
06/18/2006,FSD,SD,AGL,CE,Combined TRACON& Tower with Radar,18,34,16,4,72,0,2,39,0,41,18,36,55,4,113,70,4,74,187
06/19/2006,FSD,SD,AGL,CE,Combined TRACON& Tower with Radar,25,63,61,0,149,0,0,86,0,86,25,63,147,0,235,24,0,24,259
06/20/2006,FSD,SD,AGL,CE,Combined TRACON& Tower with Radar,28,83,42,12,165,0,3,31,0,34,28,86,73,12,199,58,12,70,269
06/21/2006,FSD,SD,AGL,CE,Combined TRACON& Tower with Radar,29,79,71,18,197,0,2,55,7,64,29,81,126,25,261,92,52,144,405
06/22/2006,FSD,SD,AGL,CE,Combined TRACON& Tower with Radar,29,97,61,15,202,0,2,41,2,45,29,99,102,17,247,30,4,34,281
06/23/2006,FSD,SD,AGL,CE,Combined TRACON& Tower with Radar,30,81,51,13,175,0,1,44,2,47,30,82,95,15,222,44,14,58,280
06/24/2006,FSD,SD,AGL,CE,Combined TRACON& Tower with Radar,20,44,30,3,97,0,0,28,2,30,20,44,58,5,127,52,0,52,179
06/25/2006,FSD,SD,AGL,CE,Combined TRACON& Tower with Radar,17,25,29,0,71,0,0,29,0,29,17,25,58,0,100,44,0,44,144
06/26/2006,FSD,SD,AGL,CE,Combined TRACON& Tower with Radar,22,67,59,1,149,2,3,54,1,60,24,70,113,2,209,56,2,58,267
06/27/2006,FSD,SD,AGL,CE,Combined TRACON& Tower with Radar,30,80,63,13,186,0,2,57,1,60,30,82,120,14,246,26,4,30,276
06/28/2006,FSD,SD,AGL,CE,Combined TRACON& Tower with Radar,31,92,53,23,199,0,4,83,1,88,31,96,136,24,287,70,30,100,387
06/29/2006,FSD,SD,AGL,CE,Combined TRACON& Tower with Radar,34,84,69,11,198,0,3,60,2,65,34,87,129,13,263,98,2,100,363
06/30/2006,FSD,SD,AGL,CE,Combined TRACON& Tower with Radar,31,90,52,6,179,0,4,73,5,82,31,94,125,11,261,32,2,34,295
07/01/2006,FSD,SD,AGL,CE,Combined TRACON& Tower with Radar,20,51,33,1,105,0,2,49,2,53,20,53,82,3,158,52,0,52,210
07/02/2006,FSD,SD,AGL,CE,Combined TRACON& Tower with Radar,19,29,13,0,61,0,2,37,0,39,19,31,50,0,100,10,0,10,110
07/03/2006,FSD,SD,AGL,CE,Combined TRACON& Tower with Radar,21,72,37,2,132,0,5,28,0,33,21,77,65,2,165,66,2,68,233
07/04/2006,FSD,SD,AGL,CE,Combined TRACON& Tower with Radar,14,41,9,2,66,0,0,42,0,42,14,41,51,2,108,30,12,42,150
07/05/2006,FSD,SD,AGL,CE,Combined TRACON& Tower with Radar,27,81,38,11,157,0,4,20,4,28,27,85,58,15,185,10,8,18,203
07/06/2006,FSD,SD,AGL,CE,Combined TRACON& Tower with Radar,27,84,49,16,176,0,6,61,0,67,27,90,110,16,243,52,10,62,305
07/07/2006,FSD,SD,AGL,CE,Combined TRACON& Tower with Radar,28,86,42,11,167,0,1,50,2,53,28,87,92,13,220,56,14,70,290
07/08/2006,FSD,SD,AGL,CE,Combined TRACON& Tower with Radar,19,55,29,0,103,0,3,55,0,58,19,58,84,0,161,78,0,78,239
07/09/2006,FSD,SD,AGL,CE,Combined TRACON& Tower with Radar,15,33,21,1,70,0,0,25,0,25,15,33,46,1,95,4,0,4,99
07/10/2006,FSD,SD,AGL,CE,Combined TRACON& Tower with Radar,21,70,57,0,148,0,0,44,0,44,21,70,101,0,192,58,0,58,250
07/11/2006,FSD,SD,AGL,CE,Combined TRACON& Tower with Radar,25,94,76,12,207,0,3,50,4,57,25,97,126,16,264,30,30,60,324
07/12/2006,FSD,SD,AGL,CE,Combined TRACON& Tower with Radar,27,94,78,14,213,0,2,26,9,37,27,96,104,23,250,52,8,60,310
07/13/2006,FSD,SD,AGL,CE,Combined TRACON& Tower with Radar,27,92,65,15,199,0,3,15,0,18,27,95,80,15,217,16,26,42,259
07/14/2006,FSD,SD,AGL,CE,Combined TRACON& Tower with Radar,30,91,39,12,172,0,1,50,1,52,30,92,89,13,224,16,26,42,266
07/15/2006,FSD,SD,AGL,CE,Combined TRACON& Tower with Radar,0,0,22,0,22,0,0,0,0,0,0,0,22,0,22,0,0,0,22
07/16/2006,FSD,SD,AGL,CE,Combined TRACON& Tower with Radar,16,38,22,0,76,0,3,21,0,24,16,41,43,0,100,0,0,0,100
07/17/2006,FSD,SD,AGL,CE,Combined TRACON& Tower with Radar,24,71,46,0,141,0,0,33,0,33,24,71,79,0,174,36,0,36,210
07/18/2006,FSD,SD,AGL,CE,Combined TRACON& Tower with Radar,27,103,55,17,202,0,3,32,4,39,27,106,87,21,241,36,50,86,327
07/19/2006,FSD,SD,AGL,CE,Combined TRACON& Tower with Radar,42,88,76,23,229,0,6,40,34,80,42,94,116,57,309,32,56,88,397
07/20/2006,FSD,SD,AGL,CE,Combined TRACON& Tower with Radar,26,80,82,10,198,0,1,75,5,81,26,81,157,15,279,44,10,54,333
07/21/2006,FSD,SD,AGL,CE,Combined TRACON& Tower with Radar,23,65,52,24,164,0,3,61,7,71,23,68,113,31,235,24,30,54,289
07/22/2006,FSD,SD,AGL,CE,Combined TRACON& Tower with Radar,21,61,19,4,105,0,4,99,4,107,21,65,118,8,212,26,0,26,238
07/23/2006,FSD,SD,AGL,CE,Combined TRACON& Tower with Radar,20,30,21,13,84,0,0,86,3,89,20,30,107,16,173,18,2,20,193
07/24/2006,FSD,SD,AGL,CE,Combined TRACON& Tower with Radar,22,68,54,11,155,0,4,66,0,70,22,72,120,11,225,20,0,20,245
07/25/2006,FSD,SD,AGL,CE,Combined TRACON& Tower with Radar,30,90,69,20,209,0,6,60,1,67,30,96,129,21,276,32,38,70,346
07/26/2006,FSD,SD,AGL,CE,Combined TRACON& Tower with Radar,29,95,56,23,203,0,4,81,7,92,29,99,137,30,295,64,62,126,421
07/27/2006,FSD,SD,AGL,CE,Combined TRACON& Tower with Radar,26,84,93,18,221,0,0,84,2,86,26,84,177,20,307,64,22,86,393
07/28/2006,FSD,SD,AGL,CE,Combined TRACON& Tower with Radar,30,90,64,14,198,0,4,62,4,70,30,94,126,18,268,64,40,104,372
07/29/2006,FSD,SD,AGL,CE,Combined TRACON& Tower with Radar,23,50,25,3,101,0,2,23,2,27,23,52,48,5,128,20,0,20,148
07/30/2006,FSD,SD,AGL,CE,Combined TRACON& Tower with Radar,16,42,52,9,119,0,0,41,0,41,16,42,93,9,160,48,8,56,216
07/31/2006,FSD,SD,AGL,CE,Combined TRACON& Tower with Radar,3,54,44,0,101,0,4,35,0,39,3,58,79,0,140,24,0,24,164
08/01/2006,FSD,SD,AGL,CE,Combined TRACON& Tower with Radar,28,97,62,14,201,0,0,17,0,17,28,97,79,14,218,12,14,26,244
08/02/2006,FSD,SD,AGL,CE,Combined TRACON& Tower with Radar,25,101,82,17,225,6,6,48,1,61,31,107,130,18,286,104,8,112,398
08/03/2006,FSD,SD,AGL,CE,Combined TRACON& Tower with Radar,27,97,59,16,199,0,4,74,1,79,27,101,133,17,278,24,36,60,338
08/04/2006,FSD,SD,AGL,CE,Combined TRACON& Tower with Radar,29,97,65,26,217,0,0,39,2,41,29,97,104,28,258,38,42,80,338
08/05/2006,FSD,SD,AGL,CE,Combined TRACON& Tower with Radar,18,49,20,18,105,0,0,27,5,32,18,49,47,23,137,34,24,58,195
08/06/2006,FSD,SD,AGL,CE,Combined TRACON& Tower with Radar,16,37,37,0,90,0,1,38,4,43,16,38,75,4,133,26,0,26,159
08/07/2006,FSD,SD,AGL,CE,Combined TRACON& Tower with Radar,0,6,64,0,70,0,0,0,0,0,0,6,64,0,70,60,8,68,138
08/08/2006,FSD,SD,AGL,CE,Combined TRACON& Tower with Radar,25,93,88,22,228,0,10,65,0,75,25,103,153,22,303,80,0,80,383
08/09/2006,FSD,SD,AGL,CE,Combined TRACON& Tower with Radar,24,95,86,18,223,0,0,21,0,21,24,95,107,18,244,34,24,58,302
08/10/2006,FSD,SD,AGL,CE,Combined TRACON& Tower with Radar,25,92,70,13,200,0,2,30,0,32,25,94,100,13,232,88,12,100,332
08/11/2006,FSD,SD,AGL,CE,Combined TRACON& Tower with Radar,28,102,51,12,193,0,7,53,0,60,28,109,104,12,253,76,2,78,331
08/12/2006,FSD,SD,AGL,CE,Combined TRACON& Tower with Radar,17,53,19,0,89,0,1,23,0,24,17,54,42,0,113,26,0,26,139
08/13/2006,FSD,SD,AGL,CE,Combined TRACON& Tower with Radar,16,47,22,0,85,0,8,14,2,24,16,55,36,2,109,18,14,32,141
08/14/2006,FSD,SD,AGL,CE,Combined TRACON& Tower with Radar,22,75,78,0,175,0,5,72,0,77,22,80,150,0,252,90,22,112,364
08/15/2006,FSD,SD,AGL,CE,Combined TRACON& Tower with Radar,30,88,66,13,197,0,2,72,0,74,30,90,138,13,271,52,2,54,325
08/16/2006,FSD,SD,AGL,CE,Combined TRACON& Tower with Radar,25,94,52,12,183,2,4,44,1,51,27,98,96,13,234,84,26,110,344
08/17/2006,FSD,SD,AGL,CE,Combined TRACON& Tower with Radar,27,79,85,13,204,0,1,30,0,31,27,80,115,13,235,40,12,52,287
08/18/2006,FSD,SD,AGL,CE,Combined TRACON& Tower with Radar,29,96,64,14,203,0,0,17,0,17,29,96,81,14,220,28,4,32,252
08/19/2006,FSD,SD,AGL,CE,Combined TRACON& Tower with Radar,17,54,23,0,94,0,0,39,2,41,17,54,62,2,135,44,0,44,179
08/20/2006,FSD,SD,AGL,CE,Combined TRACON& Tower with Radar,16,40,33,9,98,0,0,52,2,54,16,40,85,11,152,64,18,82,234
08/21/2006,FSD,SD,AGL,CE,Combined TRACON& Tower with Radar,21,75,66,15,177,0,21,48,0,69,21,96,114,15,246,70,16,86,332
08/22/2006,FSD,SD,AGL,CE,Combined TRACON& Tower with Radar,29,76,55,20,180,0,0,38,1,39,29,76,93,21,219,4,12,16,235
08/23/2006,FSD,SD,AGL,CE,Combined TRACON& Tower with Radar,37,89,60,21,207,0,3,50,2,55,37,92,110,23,262,62,8,70,332
08/24/2006,FSD,SD,AGL,CE,Combined TRACON& Tower with Radar,58,95,79,16,248,0,3,47,2,52,58,98,126,18,300,90,18,108,408
08/25/2006,FSD,SD,AGL,CE,Combined TRACON& Tower with Radar,33,99,55,4,191,0,3,25,0,28,33,102,80,4,219,24,0,24,243
08/26/2006,FSD,SD,AGL,CE,Combined TRACON& Tower with Radar,25,46,30,0,101,0,1,37,1,39,25,47,67,1,140,102,0,102,242
08/27/2006,FSD,SD,AGL,CE,Combined TRACON& Tower with Radar,21,33,27,0,81,0,2,43,1,46,21,35,70,1,127,80,0,80,207
08/28/2006,FSD,SD,AGL,CE,Combined TRACON& Tower with Radar,0,0,21,0,21,0,0,0,0,0,0,0,21,0,21,12,0,12,33
08/29/2006,FSD,SD,AGL,CE,Combined TRACON& Tower with Radar,35,83,55,17,190,0,6,66,2,74,35,89,121,19,264,56,18,74,338
08/30/2006,FSD,SD,AGL,CE,Combined TRACON& Tower with Radar,32,96,58,11,197,0,7,64,1,72,32,103,122,12,269,66,8,74,343
08/31/2006,FSD,SD,AGL,CE,Combined TRACON& Tower with Radar,32,86,56,10,184,0,1,21,0,22,32,87,77,10,206,20,4,24,230
09/01/2006,FSD,SD,AGL,CE,Combined TRACON& Tower with Radar,36,87,32,8,163,0,1,10,1,12,36,88,42,9,175,8,6,14,189
09/02/2006,FSD,SD,AGL,CE,Combined TRACON& Tower with Radar,22,51,22,1,96,0,0,9,1,10,22,51,31,2,106,28,0,28,134
09/03/2006,FSD,SD,AGL,CE,Combined TRACON& Tower with Radar,18,27,19,0,64,0,0,21,0,21,18,27,40,0,85,42,0,42,127
09/04/2006,FSD,SD,AGL,CE,Combined TRACON& Tower with Radar,26,26,21,0,73,0,12,33,0,45,26,38,54,0,118,8,12,20,138
09/05/2006,FSD,SD,AGL,CE,Combined TRACON& Tower with Radar,24,72,53,5,154,0,1,46,3,50,24,73,99,8,204,96,26,122,326
09/06/2006,FSD,SD,AGL,CE,Combined TRACON& Tower with Radar,39,86,80,13,218,0,4,49,1,54,39,90,129,14,272,34,16,50,322
09/07/2006,FSD,SD,AGL,CE,Combined TRACON& Tower with Radar,35,82,53,11,181,0,6,54,0,60,35,88,107,11,241,24,12,36,277
09/08/2006,FSD,SD,AGL,CE,Combined TRACON& Tower with Radar,41,86,52,22,201,0,3,35,0,38,41,89,87,22,239,22,0,22,261
09/09/2006,FSD,SD,AGL,CE,Combined TRACON& Tower with Radar,23,48,66,9,146,0,0,5,0,5,23,48,71,9,151,32,12,44,195
09/10/2006,FSD,SD,AGL,CE,Combined TRACON& Tower with Radar,24,34,54,4,116,0,0,0,0,0,24,34,54,4,116,28,0,28,144
09/11/2006,FSD,SD,AGL,CE,Combined TRACON& Tower with Radar,34,60,69,0,163,0,0,11,0,11,34,60,80,0,174,14,8,22,196
09/12/2006,FSD,SD,AGL,CE,Combined TRACON& Tower with Radar,0,4,19,0,23,0,0,0,0,0,0,4,19,0,23,36,12,48,71
09/13/2006,FSD,SD,AGL,CE,Combined TRACON& Tower with Radar,28,95,48,21,192,0,10,55,3,68,28,105,103,24,260,42,18,60,320
09/14/2006,FSD,SD,AGL,CE,Combined TRACON& Tower with Radar,38,85,61,17,201,0,3,37,2,42,38,88,98,19,243,20,20,40,283
09/15/2006,FSD,SD,AGL,CE,Combined TRACON& Tower with Radar,36,88,33,4,161,0,3,25,0,28,36,91,58,4,189,28,0,28,217
09/16/2006,FSD,SD,AGL,CE,Combined TRACON& Tower with Radar,21,39,27,5,92,0,4,18,0,22,21,43,45,5,114,28,10,38,152
09/17/2006,FSD,SD,AGL,CE,Combined TRACON& Tower with Radar,21,25,23,2,71,0,0,22,2,24,21,25,45,4,95,4,0,4,99
09/18/2006,FSD,SD,AGL,CE,Combined TRACON& Tower with Radar,32,58,45,20,155,0,6,18,0,24,32,64,63,20,179,28,0,28,207
09/19/2006,FSD,SD,AGL,CE,Combined TRACON& Tower with Radar,34,89,52,26,201,0,5,55,7,67,34,94,107,33,268,50,36,86,354
09/20/2006,FSD,SD,AGL,CE,Combined TRACON& Tower with Radar,35,83,48,20,186,0,8,54,1,63,35,91,102,21,249,44,8,52,301
09/21/2006,FSD,SD,AGL,CE,Combined TRACON& Tower with Radar,35,103,93,1,232,0,0,8,0,8,35,103,101,1,240,14,2,16,256
09/22/2006,FSD,SD,AGL,CE,Combined TRACON& Tower with Radar,38,97,84,0,219,0,0,2,0,2,38,97,86,0,221,42,0,42,263
09/23/2006,FSD,SD,AGL,CE,Combined TRACON& Tower with Radar,23,47,43,6,119,0,2,2,0,4,23,49,45,6,123,32,0,32,155
09/24/2006,FSD,SD,AGL,CE,Combined TRACON& Tower with Radar,24,30,28,0,82,0,0,46,0,46,24,30,74,0,128,78,0,78,206
09/25/2006,FSD,SD,AGL,CE,Combined TRACON& Tower with Radar,28,61,59,0,148,0,3,58,0,61,28,64,117,0,209,58,8,66,275
09/26/2006,FSD,SD,AGL,CE,Combined TRACON& Tower with Radar,34,88,72,25,219,0,7,61,10,78,34,95,133,35,297,70,44,114,411
09/27/2006,FSD,SD,AGL,CE,Combined TRACON& Tower with Radar,33,87,72,25,217,0,2,13,0,15,33,89,85,25,232,32,10,42,274
09/28/2006,FSD,SD,AGL,CE,Combined TRACON& Tower with Radar,34,76,91,23,224,0,3,63,4,70,34,79,154,27,294,76,14,90,384
09/29/2006,FSD,SD,AGL,CE,Combined TRACON& Tower with Radar,34,90,52,3,179,0,2,48,0,50,34,92,100,3,229,44,2,46,275
09/30/2006,FSD,SD,AGL,CE,Combined TRACON& Tower with Radar,23,46,38,2,109,0,7,54,2,63,23,53,92,4,172,110,62,172,344
10/01/2006,FSD,SD,AGL,CE,Combined TRACON& Tower with Radar,25,22,27,0,74,0,3,38,2,43,25,25,65,2,117,24,0,24,141
10/02/2006,FSD,SD,AGL,CE,Combined TRACON& Tower with Radar,26,61,57,0,144,0,10,58,0,68,26,71,115,0,212,18,4,22,234
10/03/2006,FSD,SD,AGL,CE,Combined TRACON& Tower with Radar,29,91,65,18,203,0,0,44,2,46,29,91,109,20,249,30,16,46,295
10/04/2006,FSD,SD,AGL,CE,Combined TRACON& Tower with Radar,29,89,65,19,202,0,0,45,2,47,29,89,110,21,249,52,24,76,325
10/05/2006,FSD,SD,AGL,CE,Combined TRACON& Tower with Radar,32,81,56,2,171,0,17,43,1,61,32,98,99,3,232,56,0,56,288
10/06/2006,FSD,SD,AGL,CE,Combined TRACON& Tower with Radar,36,103,60,1,200,0,5,41,0,46,36,108,101,1,246,16,0,16,262
10/07/2006,FSD,SD,AGL,CE,Combined TRACON& Tower with Radar,22,41,13,0,76,0,4,18,3,25,22,45,31,3,101,0,0,0,101
10/08/2006,FSD,SD,AGL,CE,Combined TRACON& Tower with Radar,22,31,32,0,85,0,1,13,0,14,22,32,45,0,99,18,0,18,117
10/09/2006,FSD,SD,AGL,CE,Combined TRACON& Tower with Radar,27,63,47,0,137,0,1,44,2,47,27,64,91,2,184,18,0,18,202
10/10/2006,FSD,SD,AGL,CE,Combined TRACON& Tower with Radar,31,86,64,12,193,0,4,54,14,72,31,90,118,26,265,34,12,46,311
10/11/2006,FSD,SD,AGL,CE,Combined TRACON& Tower with Radar,31,91,78,6,206,0,0,21,0,21,31,91,99,6,227,24,6,30,257
10/12/2006,FSD,SD,AGL,CE,Combined TRACON& Tower with Radar,32,91,80,4,207,0,0,32,0,32,32,91,112,4,239,22,4,26,265
10/13/2006,FSD,SD,AGL,CE,Combined TRACON& Tower with Radar,31,85,50,8,174,0,2,31,14,47,31,87,81,22,221,32,48,80,301
10/14/2006,FSD,SD,AGL,CE,Combined TRACON& Tower with Radar,18,44,20,5,87,0,3,46,6,55,18,47,66,11,142,60,10,70,212
10/15/2006,FSD,SD,AGL,CE,Combined TRACON& Tower with Radar,21,33,41,4,99,0,0,46,0,46,21,33,87,4,145,78,0,78,223
10/16/2006,FSD,SD,AGL,CE,Combined TRACON& Tower with Radar,31,68,77,6,182,0,0,0,0,0,31,68,77,6,182,12,4,16,198
10/17/2006,FSD,SD,AGL,CE,Combined TRACON& Tower with Radar,32,93,68,0,193,0,0,7,0,7,32,93,75,0,200,48,0,48,248
10/18/2006,FSD,SD,AGL,CE,Combined TRACON& Tower with Radar,36,89,42,2,169,0,2,9,0,11,36,91,51,2,180,16,0,16,196
10/19/2006,FSD,SD,AGL,CE,Combined TRACON& Tower with Radar,36,84,70,4,194,0,0,46,0,46,36,84,116,4,240,28,0,28,268
10/20/2006,FSD,SD,AGL,CE,Combined TRACON& Tower with Radar,40,88,50,3,181,0,0,29,1,30,40,88,79,4,211,16,0,16,227
10/21/2006,FSD,SD,AGL,CE,Combined TRACON& Tower with Radar,22,38,21,0,81,0,5,16,0,21,22,43,37,0,102,30,0,30,132
10/22/2006,FSD,SD,AGL,CE,Combined TRACON& Tower with Radar,25,21,15,0,61,0,0,36,3,39,25,21,51,3,100,48,0,48,148
10/23/2006,FSD,SD,AGL,CE,Combined TRACON& Tower with Radar,30,68,60,0,158,0,1,34,2,37,30,69,94,2,195,14,0,14,209
10/24/2006,FSD,SD,AGL,CE,Combined TRACON& Tower with Radar,38,83,79,6,206,0,7,55,2,64,38,90,134,8,270,36,14,50,320
10/25/2006,FSD,SD,AGL,CE,Combined TRACON& Tower with Radar,35,76,81,10,202,0,6,62,0,68,35,82,143,10,270,86,6,92,362
10/26/2006,FSD,SD,AGL,CE,Combined TRACON& Tower with Radar,37,83,92,11,223,0,5,17,1,23,37,88,109,12,246,84,0,84,330
10/27/2006,FSD,SD,AGL,CE,Combined TRACON& Tower with Radar,37,82,54,13,186,0,4,49,2,55,37,86,103,15,241,154,8,162,403
10/28/2006,FSD,SD,AGL,CE,Combined TRACON& Tower with Radar,18,46,26,7,97,0,3,37,5,45,18,49,63,12,142,38,18,56,198
10/29/2006,FSD,SD,AGL,CE,Combined TRACON& Tower with Radar,23,34,26,0,83,0,1,47,2,50,23,35,73,2,133,62,0,62,195
10/30/2006,FSD,SD,AGL,CE,Combined TRACON& Tower with Radar,25,71,78,0,174,0,1,17,0,18,25,72,95,0,192,18,0,18,210
10/31/2006,FSD,SD,AGL,CE,Combined TRACON& Tower with Radar,32,91,65,4,192,0,2,29,0,31,32,93,94,4,223,56,0,56,279
11/01/2006,FSD,SD,AGL,CE,Combined TRACON& Tower with Radar,30,93,49,2,174,0,0,39,0,39,30,93,88,2,213,18,8,26,239
11/02/2006,FSD,SD,AGL,CE,Combined TRACON& Tower with Radar,33,79,72,0,184,0,3,45,0,48,33,82,117,0,232,116,0,116,348
11/03/2006,FSD,SD,AGL,CE,Combined TRACON& Tower with Radar,31,86,60,4,181,0,2,61,0,63,31,88,121,4,244,32,2,34,278
11/04/2006,FSD,SD,AGL,CE,Combined TRACON& Tower with Radar,14,47,22,2,85,0,4,40,2,46,14,51,62,4,131,22,6,28,159
11/05/2006,FSD,SD,AGL,CE,Combined TRACON& Tower with Radar,21,30,16,3,70,0,0,48,0,48,21,30,64,3,118,40,0,40,158
11/06/2006,FSD,SD,AGL,CE,Combined TRACON& Tower with Radar,26,63,59,1,149,0,0,57,1,58,26,63,116,2,207,42,4,46,253
11/07/2006,FSD,SD,AGL,CE,Combined TRACON& Tower with Radar,31,87,59,4,181,0,3,74,0,77,31,90,133,4,258,46,0,46,304
11/08/2006,FSD,SD,AGL,CE,Combined TRACON& Tower with Radar,32,80,41,6,159,0,2,50,2,54,32,82,91,8,213,140,2,142,355
11/09/2006,FSD,SD,AGL,CE,Combined TRACON& Tower with Radar,31,82,92,13,218,0,0,38,4,42,31,82,130,17,260,50,16,66,326
11/10/2006,FSD,SD,AGL,CE,Combined TRACON& Tower with Radar,30,75,25,0,130,0,1,14,0,15,30,76,39,0,145,20,0,20,165
11/11/2006,FSD,SD,AGL,CE,Combined TRACON& Tower with Radar,16,45,11,0,72,0,0,58,0,58,16,45,69,0,130,82,0,82,212
11/12/2006,FSD,SD,AGL,CE,Combined TRACON& Tower with Radar,21,39,12,0,72,0,0,19,0,19,21,39,31,0,91,54,0,54,145
11/13/2006,FSD,SD,AGL,CE,Combined TRACON& Tower with Radar,24,76,47,0,147,0,7,36,0,43,24,83,83,0,190,56,0,56,246
11/14/2006,FSD,SD,AGL,CE,Combined TRACON& Tower with Radar,29,86,70,12,197,0,0,43,0,43,29,86,113,12,240,48,14,62,302
11/15/2006,FSD,SD,AGL,CE,Combined TRACON& Tower with Radar,34,106,51,7,198,0,2,19,0,21,34,108,70,7,219,66,0,66,285
11/16/2006,FSD,SD,AGL,CE,Combined TRACON& Tower with Radar,35,99,92,8,234,0,5,29,0,34,35,104,121,8,268,30,12,42,310
11/17/2006,FSD,SD,AGL,CE,Combined TRACON& Tower with Radar,26,78,58,0,162,0,1,11,0,12,26,79,69,0,174,42,0,42,216
11/18/2006,FSD,SD,AGL,CE,Combined TRACON& Tower with Radar,26,56,57,2,141,0,5,33,0,38,26,61,90,2,179,84,0,84,263
11/19/2006,FSD,SD,AGL,CE,Combined TRACON& Tower with Radar,21,33,17,9,80,0,2,45,1,48,21,35,62,10,128,38,8,46,174
11/20/2006,FSD,SD,AGL,CE,Combined TRACON& Tower with Radar,22,77,43,0,142,0,7,32,0,39,22,84,75,0,181,40,0,40,221
11/21/2006,FSD,SD,AGL,CE,Combined TRACON& Tower with Radar,29,99,62,0,190,0,12,48,0,60,29,111,110,0,250,52,0,52,302
11/22/2006,FSD,SD,AGL,CE,Combined TRACON& Tower with Radar,29,92,29,0,150,0,9,38,0,47,29,101,67,0,197,116,0,116,313
11/23/2006,FSD,SD,AGL,CE,Combined TRACON& Tower with Radar,17,26,9,0,52,0,1,25,0,26,17,27,34,0,78,16,0,16,94
11/24/2006,FSD,SD,AGL,CE,Combined TRACON& Tower with Radar,23,82,21,1,127,0,0,63,0,63,23,82,84,1,190,134,0,134,324
11/25/2006,FSD,SD,AGL,CE,Combined TRACON& Tower with Radar,19,50,14,0,83,0,3,29,0,32,19,53,43,0,115,34,0,34,149
11/26/2006,FSD,SD,AGL,CE,Combined TRACON& Tower with Radar,25,25,17,0,67,0,0,25,0,25,25,25,42,0,92,52,0,52,144
11/27/2006,FSD,SD,AGL,CE,Combined TRACON& Tower with Radar,20,42,29,0,91,0,0,0,0,0,20,42,29,0,91,0,0,0,91
11/28/2006,FSD,SD,AGL,CE,Combined TRACON& Tower with Radar,28,105,48,2,183,0,0,8,0,8,28,105,56,2,191,6,0,6,197
11/29/2006,FSD,SD,AGL,CE,Combined TRACON& Tower with Radar,29,106,54,0,189,0,1,37,0,38,29,107,91,0,227,84,0,84,311
11/30/2006,FSD,SD,AGL,CE,Combined TRACON& Tower with Radar,31,87,87,0,205,0,1,38,0,39,31,88,125,0,244,62,22,84,328
12/01/2006,FSD,SD,AGL,CE,Combined TRACON& Tower with Radar,27,85,59,6,177,0,4,37,1,42,27,89,96,7,219,74,0,74,293
12/02/2006,FSD,SD,AGL,CE,Combined TRACON& Tower with Radar,17,49,25,8,99,0,1,11,0,12,17,50,36,8,111,28,2,30,141
12/03/2006,FSD,SD,AGL,CE,Combined TRACON& Tower with Radar,18,40,20,0,78,0,2,31,1,34,18,42,51,1,112,20,0,20,132
12/04/2006,FSD,SD,AGL,CE,Combined TRACON& Tower with Radar,23,76,47,6,152,0,0,39,0,39,23,76,86,6,191,22,6,28,219
12/05/2006,FSD,SD,AGL,CE,Combined TRACON& Tower with Radar,26,93,48,3,170,0,3,60,0,63,26,96,108,3,233,116,2,118,351
12/06/2006,FSD,SD,AGL,CE,Combined TRACON& Tower with Radar,21,108,61,0,190,0,5,15,2,22,21,113,76,2,212,36,0,36,248
12/07/2006,FSD,SD,AGL,CE,Combined TRACON& Tower with Radar,30,82,66,2,180,0,0,31,2,33,30,82,97,4,213,62,0,62,275
12/08/2006,FSD,SD,AGL,CE,Combined TRACON& Tower with Radar,30,81,52,0,163,0,1,53,3,57,30,82,105,3,220,66,6,72,292
12/09/2006,FSD,SD,AGL,CE,Combined TRACON& Tower with Radar,17,48,15,1,81,0,3,43,3,49,17,51,58,4,130,72,0,72,202
12/10/2006,FSD,SD,AGL,CE,Combined TRACON& Tower with Radar,19,35,7,3,64,0,0,44,3,47,19,35,51,6,111,92,28,120,231
12/11/2006,FSD,SD,AGL,CE,Combined TRACON& Tower with Radar,20,67,73,0,160,0,0,20,0,20,20,67,93,0,180,98,0,98,278
12/12/2006,FSD,SD,AGL,CE,Combined TRACON& Tower with Radar,32,93,69,10,204,0,1,2,2,5,32,94,71,12,209,10,28,38,247
12/13/2006,FSD,SD,AGL,CE,Combined TRACON& Tower with Radar,35,91,68,6,200,0,7,47,1,55,35,98,115,7,255,52,10,62,317
12/14/2006,FSD,SD,AGL,CE,Combined TRACON& Tower with Radar,39,91,64,0,194,1,3,38,0,42,40,94,102,0,236,38,0,38,274
12/15/2006,FSD,SD,AGL,CE,Combined TRACON& Tower with Radar,33,95,44,3,175,0,6,3,5,14,33,101,47,8,189,14,12,26,215
12/16/2006,FSD,SD,AGL,CE,Combined TRACON& Tower with Radar,24,50,15,1,90,0,4,30,4,38,24,54,45,5,128,86,14,100,228
12/17/2006,FSD,SD,AGL,CE,Combined TRACON& Tower with Radar,25,27,14,0,66,0,3,33,0,36,25,30,47,0,102,30,0,30,132
12/18/2006,FSD,SD,AGL,CE,Combined TRACON& Tower with Radar,27,76,42,0,145,0,3,24,1,28,27,79,66,1,173,34,8,42,215
12/19/2006,FSD,SD,AGL,CE,Combined TRACON& Tower with Radar,38,97,61,4,200,0,3,53,0,56,38,100,114,4,256,84,0,84,340
12/20/2006,FSD,SD,AGL,CE,Combined TRACON& Tower with Radar,38,102,30,3,173,0,0,2,0,2,38,102,32,3,175,14,0,14,189
12/21/2006,FSD,SD,AGL,CE,Combined TRACON& Tower with Radar,32,90,22,2,146,0,0,0,0,0,32,90,22,2,146,0,0,0,146
12/22/2006,FSD,SD,AGL,CE,Combined TRACON& Tower with Radar,29,107,33,5,174,0,0,0,0,0,29,107,33,5,174,0,4,4,178
12/23/2006,FSD,SD,AGL,CE,Combined TRACON& Tower with Radar,26,67,25,0,118,0,1,57,0,58,26,68,82,0,176,138,0,138,314
12/24/2006,FSD,SD,AGL,CE,Combined TRACON& Tower with Radar,21,22,6,0,49,0,1,9,0,10,21,23,15,0,59,14,0,14,73
12/25/2006,FSD,SD,AGL,CE,Combined TRACON& Tower with Radar,16,29,9,0,54,0,0,12,0,12,16,29,21,0,66,12,0,12,78
12/26/2006,FSD,SD,AGL,CE,Combined TRACON& Tower with Radar,20,75,42,0,137,0,4,58,0,62,20,79,100,0,199,116,0,116,315
12/27/2006,FSD,SD,AGL,CE,Combined TRACON& Tower with Radar,32,87,31,6,156,0,2,46,2,50,32,89,77,8,206,62,6,68,274
12/28/2006,FSD,SD,AGL,CE,Combined TRACON& Tower with Radar,32,86,37,5,160,0,1,26,0,27,32,87,63,5,187,106,18,124,311
12/29/2006,FSD,SD,AGL,CE,Combined TRACON& Tower with Radar,28,81,53,3,165,0,0,0,0,0,28,81,53,3,165,40,4,44,209
12/30/2006,FSD,SD,AGL,CE,Combined TRACON& Tower with Radar,23,47,43,0,113,0,0,0,0,0,23,47,43,0,113,36,0,36,149
12/31/2006,FSD,SD,AGL,CE,Combined TRACON& Tower with Radar,14,28,9,0,51,0,2,2,0,4,14,30,11,0,55,0,0,0,55
01/01/2007,FSD,SD,AGL,CE,Combined TRACON& Tower with Radar,17,36,15,0,68,0,3,15,0,18,17,39,30,0,86,30,0,30,116
01/02/2007,FSD,SD,AGL,CE,Combined TRACON& Tower with Radar,22,78,31,0,131,0,0,22,0,22,22,78,53,0,153,66,0,66,219
01/03/2007,FSD,SD,AGL,CE,Combined TRACON& Tower with Radar,31,80,43,2,156,0,0,48,2,50,31,80,91,4,206,54,0,54,260
01/04/2007,FSD,SD,AGL,CE,Combined TRACON& Tower with Radar,31,85,59,5,180,0,1,56,2,59,31,86,115,7,239,96,26,122,361
01/05/2007,FSD,SD,AGL,CE,Combined TRACON& Tower with Radar,30,95,35,21,181,0,2,31,0,33,30,97,66,21,214,28,36,64,278
01/06/2007,FSD,SD,AGL,CE,Combined TRACON& Tower with Radar,24,54,40,24,142,0,3,67,3,73,24,57,107,27,215,148,70,218,433
01/07/2007,FSD,SD,AGL,CE,Combined TRACON& Tower with Radar,21,33,16,8,78,0,0,13,0,13,21,33,29,8,91,6,0,6,97
01/08/2007,FSD,SD,AGL,CE,Combined TRACON& Tower with Radar,26,65,34,1,126,0,4,14,0,18,26,69,48,1,144,26,0,26,170
01/09/2007,FSD,SD,AGL,CE,Combined TRACON& Tower with Radar,31,94,48,18,191,0,0,32,0,32,31,94,80,18,223,14,52,66,289
01/10/2007,FSD,SD,AGL,CE,Combined TRACON& Tower with Radar,35,75,54,23,187,0,0,52,0,52,35,75,106,23,239,72,56,128,367
01/11/2007,FSD,SD,AGL,CE,Combined TRACON& Tower with Radar,30,77,70,28,205,0,0,20,3,23,30,77,90,31,228,8,62,70,298
01/12/2007,FSD,SD,AGL,CE,Combined TRACON& Tower with Radar,32,81,48,9,170,0,2,26,0,28,32,83,74,9,198,20,18,38,236
01/13/2007,FSD,SD,AGL,CE,Combined TRACON& Tower with Radar,21,50,24,4,99,0,0,30,6,36,21,50,54,10,135,50,18,68,203
01/14/2007,FSD,SD,AGL,CE,Combined TRACON& Tower with Radar,21,25,14,1,61,0,0,4,4,8,21,25,18,5,69,14,0,14,83
01/15/2007,FSD,SD,AGL,CE,Combined TRACON& Tower with Radar,25,58,30,2,115,0,4,20,0,24,25,62,50,2,139,6,0,6,145
01/16/2007,FSD,SD,AGL,CE,Combined TRACON& Tower with Radar,32,75,42,0,149,0,2,28,0,30,32,77,70,0,179,58,0,58,237
01/17/2007,FSD,SD,AGL,CE,Combined TRACON& Tower with Radar,39,80,54,0,173,0,6,42,0,48,39,86,96,0,221,40,0,40,261
01/18/2007,FSD,SD,AGL,CE,Combined TRACON& Tower with Radar,33,77,55,0,165,0,0,20,0,20,33,77,75,0,185,10,0,10,195
01/19/2007,FSD,SD,AGL,CE,Combined TRACON& Tower with Radar,34,74,38,15,161,0,2,40,0,42,34,76,78,15,203,28,22,50,253
01/20/2007,FSD,SD,AGL,CE,Combined TRACON& Tower with Radar,17,63,27,2,109,0,6,63,2,71,17,69,90,4,180,84,2,86,266
01/21/2007,FSD,SD,AGL,CE,Combined TRACON& Tower with Radar,20,30,34,4,88,0,0,2,0,2,20,30,36,4,90,28,0,28,118
01/22/2007,FSD,SD,AGL,CE,Combined TRACON& Tower with Radar,27,52,52,1,132,0,4,13,0,17,27,56,65,1,149,46,0,46,195
01/23/2007,FSD,SD,AGL,CE,Combined TRACON& Tower with Radar,31,93,32,3,159,0,1,12,0,13,31,94,44,3,172,6,0,6,178
01/24/2007,FSD,SD,AGL,CE,Combined TRACON& Tower with Radar,35,90,50,14,189,0,0,28,5,33,35,90,78,19,222,42,18,60,282
01/25/2007,FSD,SD,AGL,CE,Combined TRACON& Tower with Radar,28,79,80,8,195,0,0,0,0,0,28,79,80,8,195,0,0,0,195
01/26/2007,FSD,SD,AGL,CE,Combined TRACON& Tower with Radar,36,96,47,22,201,0,4,50,0,54,36,100,97,22,255,86,38,124,379
01/27/2007,FSD,SD,AGL,CE,Combined TRACON& Tower with Radar,18,49,44,0,111,0,2,8,2,12,18,51,52,2,123,20,0,20,143
01/28/2007,FSD,SD,AGL,CE,Combined TRACON& Tower with Radar,22,22,24,0,68,0,4,35,0,39,22,26,59,0,107,24,0,24,131
01/29/2007,FSD,SD,AGL,CE,Combined TRACON& Tower with Radar,27,60,54,0,141,0,0,4,0,4,27,60,58,0,145,6,0,6,151
01/30/2007,FSD,SD,AGL,CE,Combined TRACON& Tower with Radar,32,82,31,10,155,0,4,38,2,44,32,86,69,12,199,54,40,94,293
01/31/2007,FSD,SD,AGL,CE,Combined TRACON& Tower with Radar,36,92,39,35,202,0,3,17,0,20,36,95,56,35,222,34,44,78,300
02/01/2007,FSD,SD,AGL,CE,Combined TRACON& Tower with Radar,33,85,65,15,198,0,4,18,0,22,33,89,83,15,220,38,20,58,278
02/02/2007,FSD,SD,AGL,CE,Combined TRACON& Tower with Radar,32,85,30,4,151,0,0,29,0,29,32,85,59,4,180,28,0,28,208
02/03/2007,FSD,SD,AGL,CE,Combined TRACON& Tower with Radar,19,51,19,2,91,0,4,17,0,21,19,55,36,2,112,26,0,26,138
02/04/2007,FSD,SD,AGL,CE,Combined TRACON& Tower with Radar,20,25,12,4,61,0,0,17,4,21,20,25,29,8,82,34,0,34,116
02/05/2007,FSD,SD,AGL,CE,Combined TRACON& Tower with Radar,26,68,43,0,137,0,0,32,0,32,26,68,75,0,169,34,0,34,203
02/06/2007,FSD,SD,AGL,CE,Combined TRACON& Tower with Radar,31,91,59,0,181,0,1,14,0,15,31,92,73,0,196,4,0,4,200
02/07/2007,FSD,SD,AGL,CE,Combined TRACON& Tower with Radar,34,89,80,15,218,0,4,24,0,28,34,93,104,15,246,50,8,58,304
02/08/2007,FSD,SD,AGL,CE,Combined TRACON& Tower with Radar,38,90,60,14,202,0,8,41,0,49,38,98,101,14,251,38,30,68,319
02/09/2007,FSD,SD,AGL,CE,Combined TRACON& Tower with Radar,34,82,31,9,156,0,4,42,1,47,34,86,73,10,203,44,10,54,257
02/10/2007,FSD,SD,AGL,CE,Combined TRACON& Tower with Radar,19,51,26,1,97,0,1,23,6,30,19,52,49,7,127,74,0,74,201
02/11/2007,FSD,SD,AGL,CE,Combined TRACON& Tower with Radar,19,21,4,0,44,0,0,0,0,0,19,21,4,0,44,0,0,0,44
02/12/2007,FSD,SD,AGL,CE,Combined TRACON& Tower with Radar,21,54,33,0,108,0,0,12,0,12,21,54,45,0,120,16,0,16,136
02/13/2007,FSD,SD,AGL,CE,Combined TRACON& Tower with Radar,29,81,52,4,166,0,12,20,0,32,29,93,72,4,198,12,8,20,218
02/14/2007,FSD,SD,AGL,CE,Combined TRACON& Tower with Radar,34,94,46,28,202,0,9,34,0,43,34,103,80,28,245,46,42,88,333
02/15/2007,FSD,SD,AGL,CE,Combined TRACON& Tower with Radar,31,86,67,15,199,0,1,38,2,41,31,87,105,17,240,30,6,36,276
02/16/2007,FSD,SD,AGL,CE,Combined TRACON& Tower with Radar,32,77,30,1,140,0,2,5,0,7,32,79,35,1,147,10,0,10,157
02/17/2007,FSD,SD,AGL,CE,Combined TRACON& Tower with Radar,20,53,14,12,99,0,0,11,2,13,20,53,25,14,112,28,0,28,140
02/18/2007,FSD,SD,AGL,CE,Combined TRACON& Tower with Radar,21,33,14,0,68,0,0,14,2,16,21,33,28,2,84,0,14,14,98
02/19/2007,FSD,SD,AGL,CE,Combined TRACON& Tower with Radar,21,70,62,5,158,0,4,45,0,49,21,74,107,5,207,24,0,24,231
02/20/2007,FSD,SD,AGL,CE,Combined TRACON& Tower with Radar,28,89,68,0,185,0,2,47,0,49,28,91,115,0,234,96,18,114,348
02/21/2007,FSD,SD,AGL,CE,Combined TRACON& Tower with Radar,28,86,60,17,191,0,4,31,0,35,28,90,91,17,226,26,14,40,266
02/22/2007,FSD,SD,AGL,CE,Combined TRACON& Tower with Radar,28,88,54,29,199,0,0,50,3,53,28,88,104,32,252,92,48,140,392
02/23/2007,FSD,SD,AGL,CE,Combined TRACON& Tower with Radar,27,90,41,8,166,0,2,7,0,9,27,92,48,8,175,4,6,10,185
02/24/2007,FSD,SD,AGL,CE,Combined TRACON& Tower with Radar,16,39,0,0,55,0,0,0,0,0,16,39,0,0,55,0,0,0,55
02/25/2007,FSD,SD,AGL,CE,Combined TRACON& Tower with Radar,18,24,6,0,48,0,0,0,0,0,18,24,6,0,48,0,0,0,48
02/26/2007,FSD,SD,AGL,CE,Combined TRACON& Tower with Radar,22,64,57,1,144,0,0,11,1,12,22,64,68,2,156,42,0,42,198
02/27/2007,FSD,SD,AGL,CE,Combined TRACON& Tower with Radar,32,79,62,15,188,0,0,10,9,19,32,79,72,24,207,78,50,128,335
02/28/2007,FSD,SD,AGL,CE,Combined TRACON& Tower with Radar,31,88,32,0,151,0,3,0,0,3,31,91,32,0,154,14,0,14,168
03/01/2007,FSD,SD,AGL,CE,Combined TRACON& Tower with Radar,11,40,8,10,69,0,0,0,0,0,11,40,8,10,69,0,12,12,81
03/02/2007,FSD,SD,AGL,CE,Combined TRACON& Tower with Radar,21,50,13,2,86,0,0,0,0,0,21,50,13,2,86,0,0,0,86
03/03/2007,FSD,SD,AGL,CE,Combined TRACON& Tower with Radar,23,53,19,0,95,0,10,9,1,20,23,63,28,1,115,12,0,12,127
03/04/2007,FSD,SD,AGL,CE,Combined TRACON& Tower with Radar,21,32,18,4,75,0,5,31,0,36,21,37,49,4,111,68,0,68,179
03/05/2007,FSD,SD,AGL,CE,Combined TRACON& Tower with Radar,20,75,40,0,135,0,2,25,0,27,20,77,65,0,162,26,0,26,188
03/06/2007,FSD,SD,AGL,CE,Combined TRACON& Tower with Radar,28,86,52,16,182,0,2,22,0,24,28,88,74,16,206,82,12,94,300
03/07/2007,FSD,SD,AGL,CE,Combined TRACON& Tower with Radar,29,92,54,24,199,0,2,0,0,2,29,94,54,24,201,10,0,10,211
03/08/2007,FSD,SD,AGL,CE,Combined TRACON& Tower with Radar,26,97,53,18,194,0,0,6,0,6,26,97,59,18,200,26,4,30,230
03/09/2007,FSD,SD,AGL,CE,Combined TRACON& Tower with Radar,29,95,46,21,191,0,1,44,4,49,29,96,90,25,240,94,24,118,358
03/10/2007,FSD,SD,AGL,CE,Combined TRACON& Tower with Radar,20,43,21,6,90,0,9,53,10,72,20,52,74,16,162,120,20,140,302
03/11/2007,FSD,SD,AGL,CE,Combined TRACON& Tower with Radar,21,27,28,0,76,0,5,47,4,56,21,32,75,4,132,68,4,72,204
03/12/2007,FSD,SD,AGL,CE,Combined TRACON& Tower with Radar,20,71,55,18,164,0,8,35,2,45,20,79,90,20,209,64,14,78,287
03/13/2007,FSD,SD,AGL,CE,Combined TRACON& Tower with Radar,26,86,42,19,173,0,3,50,0,53,26,89,92,19,226,46,12,58,284
03/14/2007,FSD,SD,AGL,CE,Combined TRACON& Tower with Radar,32,87,44,20,183,0,3,35,0,38,32,90,79,20,221,48,10,58,279
03/15/2007,FSD,SD,AGL,CE,Combined TRACON& Tower with Radar,26,93,57,27,203,0,0,44,4,48,26,93,101,31,251,60,18,78,329
03/16/2007,FSD,SD,AGL,CE,Combined TRACON& Tower with Radar,27,82,66,1,176,0,2,43,4,49,27,84,109,5,225,64,0,64,289
03/17/2007,FSD,SD,AGL,CE,Combined TRACON& Tower with Radar,24,40,29,24,117,0,3,13,3,19,24,43,42,27,136,22,0,22,158
03/18/2007,FSD,SD,AGL,CE,Combined TRACON& Tower with Radar,21,38,22,9,90,0,0,27,0,27,21,38,49,9,117,70,0,70,187
03/19/2007,FSD,SD,AGL,CE,Combined TRACON& Tower with Radar,21,64,49,0,134,0,0,32,0,32,21,64,81,0,166,44,0,44,210
03/20/2007,FSD,SD,AGL,CE,Combined TRACON& Tower with Radar,28,100,59,24,211,0,1,43,2,46,28,101,102,26,257,42,32,74,331
03/21/2007,FSD,SD,AGL,CE,Combined TRACON& Tower with Radar,28,82,41,13,164,0,0,9,0,9,28,82,50,13,173,0,10,10,183
03/22/2007,FSD,SD,AGL,CE,Combined TRACON& Tower with Radar,26,88,57,16,187,0,5,67,0,72,26,93,124,16,259,34,26,60,319
03/23/2007,FSD,SD,AGL,CE,Combined TRACON& Tower with Radar,26,79,63,20,188,0,4,47,3,54,26,83,110,23,242,36,16,52,294
03/24/2007,FSD,SD,AGL,CE,Combined TRACON& Tower with Radar,22,54,34,0,110,0,0,0,0,0,22,54,34,0,110,10,0,10,120
03/25/2007,FSD,SD,AGL,CE,Combined TRACON& Tower with Radar,23,36,25,4,88,0,0,17,2,19,23,36,42,6,107,32,0,32,139
03/26/2007,FSD,SD,AGL,CE,Combined TRACON& Tower with Radar,21,72,33,1,127,0,14,48,2,64,21,86,81,3,191,72,0,72,263
03/27/2007,FSD,SD,AGL,CE,Combined TRACON& Tower with Radar,32,97,56,13,198,0,21,41,0,62,32,118,97,13,260,50,0,50,310
03/28/2007,FSD,SD,AGL,CE,Combined TRACON& Tower with Radar,0,0,0,0,0,0,0,0,0,0,0,0,0,0,0,18,0,18,18
03/29/2007,FSD,SD,AGL,CE,Combined TRACON& Tower with Radar,0,0,0,0,0,0,0,0,0,0,0,0,0,0,0,10,0,10,10
03/30/2007,FSD,SD,AGL,CE,Combined TRACON& Tower with Radar,28,93,62,6,189,0,0,3,0,3,28,93,65,6,192,32,0,32,224
03/31/2007,FSD,SD,AGL,CE,Combined TRACON& Tower with Radar,18,49,29,5,101,0,0,0,0,0,18,49,29,5,101,16,6,22,123
04/01/2007,FSD,SD,AGL,CE,Combined TRACON& Tower with Radar,20,27,37,0,84,0,0,16,0,16,20,27,53,0,100,32,0,32,132
04/02/2007,FSD,SD,AGL,CE,Combined TRACON& Tower with Radar,22,66,47,0,135,0,0,18,0,18,22,66,65,0,153,64,0,64,217
04/03/2007,FSD,SD,AGL,CE,Combined TRACON& Tower with Radar,30,93,43,20,186,0,3,7,0,10,30,96,50,20,196,6,20,26,222
04/04/2007,FSD,SD,AGL,CE,Combined TRACON& Tower with Radar,32,96,55,18,201,0,0,32,0,32,32,96,87,18,233,18,14,32,265
04/05/2007,FSD,SD,AGL,CE,Combined TRACON& Tower with Radar,29,84,53,17,183,0,6,32,4,42,29,90,85,21,225,50,4,54,279
04/06/2007,FSD,SD,AGL,CE,Combined TRACON& Tower with Radar,26,76,24,12,138,0,1,40,0,41,26,77,64,12,179,14,12,26,205
04/07/2007,FSD,SD,AGL,CE,Combined TRACON& Tower with Radar,18,50,16,0,84,0,3,46,2,51,18,53,62,2,135,62,4,66,201
04/08/2007,FSD,SD,AGL,CE,Combined TRACON& Tower with Radar,19,27,14,0,60,0,2,22,0,24,19,29,36,0,84,18,0,18,102
04/09/2007,FSD,SD,AGL,CE,Combined TRACON& Tower with Radar,21,64,44,0,129,0,0,81,5,86,21,64,125,5,215,116,6,122,337
04/10/2007,FSD,SD,AGL,CE,Combined TRACON& Tower with Radar,27,67,28,0,122,0,0,0,0,0,27,67,28,0,122,0,0,0,122
04/11/2007,FSD,SD,AGL,CE,Combined TRACON& Tower with Radar,29,92,43,0,164,0,0,0,0,0,29,92,43,0,164,0,0,0,164
04/12/2007,FSD,SD,AGL,CE,Combined TRACON& Tower with Radar,31,90,57,15,193,0,4,36,7,47,31,94,93,22,240,84,22,106,346
04/13/2007,FSD,SD,AGL,CE,Combined TRACON& Tower with Radar,26,87,47,19,179,0,4,51,0,55,26,91,98,19,234,124,2,126,360
04/14/2007,FSD,SD,AGL,CE,Combined TRACON& Tower with Radar,22,49,14,18,103,0,4,48,1,53,22,53,62,19,156,60,22,82,238
04/15/2007,FSD,SD,AGL,CE,Combined TRACON& Tower with Radar,23,27,22,6,78,0,3,53,3,59,23,30,75,9,137,108,4,112,249
04/16/2007,FSD,SD,AGL,CE,Combined TRACON& Tower with Radar,24,69,51,2,146,0,0,26,0,26,24,69,77,2,172,24,2,26,198
04/17/2007,FSD,SD,AGL,CE,Combined TRACON& Tower with Radar,28,93,60,12,193,0,13,71,0,84,28,106,131,12,277,66,0,66,343
04/18/2007,FSD,SD,AGL,CE,Combined TRACON& Tower with Radar,31,99,66,18,214,0,13,73,0,86,31,112,139,18,300,136,10,146,446
04/19/2007,FSD,SD,AGL,CE,Combined TRACON& Tower with Radar,31,87,55,8,181,0,7,31,1,39,31,94,86,9,220,58,4,62,282
04/20/2007,FSD,SD,AGL,CE,Combined TRACON& Tower with Radar,29,91,29,18,167,0,0,0,0,0,29,91,29,18,167,52,26,78,245
04/21/2007,FSD,SD,AGL,CE,Combined TRACON& Tower with Radar,20,56,10,0,86,0,1,18,0,19,20,57,28,0,105,26,0,26,131
04/22/2007,FSD,SD,AGL,CE,Combined TRACON& Tower with Radar,22,26,8,0,56,0,0,0,2,2,22,26,8,2,58,0,0,0,58
04/23/2007,FSD,SD,AGL,CE,Combined TRACON& Tower with Radar,21,68,37,14,140,0,8,53,0,61,21,76,90,14,201,104,6,110,311
04/24/2007,FSD,SD,AGL,CE,Combined TRACON& Tower with Radar,31,97,57,11,196,0,1,24,0,25,31,98,81,11,221,34,0,34,255
04/25/2007,FSD,SD,AGL,CE,Combined TRACON& Tower with Radar,28,97,54,18,197,0,1,36,0,37,28,98,90,18,234,24,46,70,304
04/26/2007,FSD,SD,AGL,CE,Combined TRACON& Tower with Radar,28,90,66,15,199,0,10,50,5,65,28,100,116,20,264,104,16,120,384
04/27/2007,FSD,SD,AGL,CE,Combined TRACON& Tower with Radar,29,85,39,8,161,0,3,41,4,48,29,88,80,12,209,76,32,108,317
04/28/2007,FSD,SD,AGL,CE,Combined TRACON& Tower with Radar,16,41,22,0,79,0,3,43,2,48,16,44,65,2,127,78,0,78,205
04/29/2007,FSD,SD,AGL,CE,Combined TRACON& Tower with Radar,21,21,11,2,55,0,6,39,0,45,21,27,50,2,100,40,0,40,140
04/30/2007,FSD,SD,AGL,CE,Combined TRACON& Tower with Radar,22,71,51,0,144,0,0,28,0,28,22,71,79,0,172,28,6,34,206
05/01/2007,FSD,SD,AGL,CE,Combined TRACON& Tower with Radar,31,77,55,8,171,0,3,52,0,55,31,80,107,8,226,82,20,102,328
05/02/2007,FSD,SD,AGL,CE,Combined TRACON& Tower with Radar,32,94,60,12,198,0,7,52,3,62,32,101,112,15,260,88,14,102,362
05/03/2007,FSD,SD,AGL,CE,Combined TRACON& Tower with Radar,31,95,74,16,216,0,3,22,2,27,31,98,96,18,243,40,0,40,283
05/04/2007,FSD,SD,AGL,CE,Combined TRACON& Tower with Radar,31,86,64,13,194,0,0,6,2,8,31,86,70,15,202,22,10,32,234
05/05/2007,FSD,SD,AGL,CE,Combined TRACON& Tower with Radar,22,40,16,9,87,0,2,0,0,2,22,42,16,9,89,6,6,12,101
05/06/2007,FSD,SD,AGL,CE,Combined TRACON& Tower with Radar,23,31,14,16,84,0,3,3,0,6,23,34,17,16,90,16,2,18,108
05/07/2007,FSD,SD,AGL,CE,Combined TRACON& Tower with Radar,22,79,65,4,170,0,3,12,3,18,22,82,77,7,188,34,20,54,242
05/08/2007,FSD,SD,AGL,CE,Combined TRACON& Tower with Radar,29,93,49,14,185,0,6,52,0,58,29,99,101,14,243,108,12,120,363
05/09/2007,FSD,SD,AGL,CE,Combined TRACON& Tower with Radar,33,91,59,14,197,0,7,69,6,82,33,98,128,20,279,92,52,144,423
05/10/2007,FSD,SD,AGL,CE,Combined TRACON& Tower with Radar,31,82,43,10,166,0,11,31,5,47,31,93,74,15,213,34,8,42,255
05/11/2007,FSD,SD,AGL,CE,Combined TRACON& Tower with Radar,41,109,34,11,195,0,7,41,9,57,41,116,75,20,252,58,2,60,312
05/12/2007,FSD,SD,AGL,CE,Combined TRACON& Tower with Radar,20,51,23,1,95,0,5,25,3,33,20,56,48,4,128,54,4,58,186
05/13/2007,FSD,SD,AGL,CE,Combined TRACON& Tower with Radar,24,25,9,0,58,0,20,0,0,20,24,45,9,0,78,52,0,52,130
05/14/2007,FSD,SD,AGL,CE,Combined TRACON& Tower with Radar,27,72,35,0,134,0,8,22,0,30,27,80,57,0,164,34,0,34,198
05/15/2007,FSD,SD,AGL,CE,Combined TRACON& Tower with Radar,30,83,65,11,189,0,1,28,0,29,30,84,93,11,218,22,14,36,254
05/16/2007,FSD,SD,AGL,CE,Combined TRACON& Tower with Radar,33,85,62,6,186,0,2,62,3,67,33,87,124,9,253,92,2,94,347
05/17/2007,FSD,SD,AGL,CE,Combined TRACON& Tower with Radar,30,91,43,17,181,0,4,41,0,45,30,95,84,17,226,26,12,38,264
05/18/2007,FSD,SD,AGL,CE,Combined TRACON& Tower with Radar,31,82,36,28,177,0,5,32,5,42,31,87,68,33,219,6,18,24,243
05/19/2007,FSD,SD,AGL,CE,Combined TRACON& Tower with Radar,22,48,14,4,88,0,3,38,2,43,22,51,52,6,131,52,4,56,187
05/20/2007,FSD,SD,AGL,CE,Combined TRACON& Tower with Radar,24,22,27,3,76,0,3,30,3,36,24,25,57,6,112,30,8,38,150
05/21/2007,FSD,SD,AGL,CE,Combined TRACON& Tower with Radar,24,73,57,16,170,0,0,22,0,22,24,73,79,16,192,34,18,52,244
05/22/2007,FSD,SD,AGL,CE,Combined TRACON& Tower with Radar,31,97,41,11,180,0,3,11,0,14,31,100,52,11,194,14,0,14,208
05/23/2007,FSD,SD,AGL,CE,Combined TRACON& Tower with Radar,43,88,59,13,203,0,0,30,0,30,43,88,89,13,233,36,16,52,285
05/24/2007,FSD,SD,AGL,CE,Combined TRACON& Tower with Radar,34,89,64,18,205,0,1,37,3,41,34,90,101,21,246,34,2,36,282
05/25/2007,FSD,SD,AGL,CE,Combined TRACON& Tower with Radar,33,87,49,2,171,0,3,34,8,45,33,90,83,10,216,22,14,36,252
05/26/2007,FSD,SD,AGL,CE,Combined TRACON& Tower with Radar,21,53,16,6,96,0,4,19,0,23,21,57,35,6,119,32,10,42,161
05/27/2007,FSD,SD,AGL,CE,Combined TRACON& Tower with Radar,19,28,25,0,72,0,4,43,0,47,19,32,68,0,119,64,0,64,183
05/28/2007,FSD,SD,AGL,CE,Combined TRACON& Tower with Radar,19,31,32,1,83,0,0,12,0,12,19,31,44,1,95,6,0,6,101
05/29/2007,FSD,SD,AGL,CE,Combined TRACON& Tower with Radar,26,76,49,0,151,0,4,9,0,13,26,80,58,0,164,42,0,42,206
05/30/2007,FSD,SD,AGL,CE,Combined TRACON& Tower with Radar,33,90,60,21,204,0,2,8,3,13,33,92,68,24,217,62,10,72,289
05/31/2007,FSD,SD,AGL,CE,Combined TRACON& Tower with Radar,31,90,64,17,202,0,7,47,3,57,31,97,111,20,259,52,28,80,339
06/01/2007,FSD,SD,AGL,CE,Combined TRACON& Tower with Radar,31,83,48,10,172,0,0,21,0,21,31,83,69,10,193,12,0,12,205
06/02/2007,FSD,SD,AGL,CE,Combined TRACON& Tower with Radar,22,48,31,0,101,0,2,0,0,2,22,50,31,0,103,6,0,6,109
06/03/2007,FSD,SD,AGL,CE,Combined TRACON& Tower with Radar,23,28,25,2,78,0,0,33,0,33,23,28,58,2,111,100,0,100,211
06/04/2007,FSD,SD,AGL,CE,Combined TRACON& Tower with Radar,27,79,38,2,146,0,0,38,3,41,27,79,76,5,187,56,2,58,245
06/05/2007,FSD,SD,AGL,CE,Combined TRACON& Tower with Radar,31,89,55,13,188,0,9,83,1,93,31,98,138,14,281,92,8,100,381
06/06/2007,FSD,SD,AGL,CE,Combined TRACON& Tower with Radar,29,90,43,9,171,0,2,29,1,32,29,92,72,10,203,18,24,42,245
06/07/2007,FSD,SD,AGL,CE,Combined TRACON& Tower with Radar,34,88,46,0,168,0,1,22,4,27,34,89,68,4,195,8,0,8,203
06/08/2007,FSD,SD,AGL,CE,Combined TRACON& Tower with Radar,30,96,54,17,197,0,14,62,2,78,30,110,116,19,275,34,26,60,335
06/09/2007,FSD,SD,AGL,CE,Combined TRACON& Tower with Radar,24,42,21,15,102,0,2,38,1,41,24,44,59,16,143,6,10,16,159
06/10/2007,FSD,SD,AGL,CE,Combined TRACON& Tower with Radar,21,33,14,9,77,0,1,36,0,37,21,34,50,9,114,20,24,44,158
06/11/2007,FSD,SD,AGL,CE,Combined TRACON& Tower with Radar,25,73,42,2,142,0,0,38,0,38,25,73,80,2,180,22,0,22,202
06/12/2007,FSD,SD,AGL,CE,Combined TRACON& Tower with Radar,32,80,43,19,174,0,7,31,1,39,32,87,74,20,213,32,16,48,261
06/13/2007,FSD,SD,AGL,CE,Combined TRACON& Tower with Radar,32,110,51,7,200,0,2,8,1,11,32,112,59,8,211,4,0,4,215
06/14/2007,FSD,SD,AGL,CE,Combined TRACON& Tower with Radar,31,99,61,15,206,0,0,21,2,23,31,99,82,17,229,6,4,10,239
06/15/2007,FSD,SD,AGL,CE,Combined TRACON& Tower with Radar,30,86,45,23,184,0,4,42,1,47,30,90,87,24,231,66,20,86,317
06/16/2007,FSD,SD,AGL,CE,Combined TRACON& Tower with Radar,22,48,11,6,87,0,0,31,0,31,22,48,42,6,118,46,0,46,164
06/17/2007,FSD,SD,AGL,CE,Combined TRACON& Tower with Radar,26,27,15,2,70,0,5,20,0,25,26,32,35,2,95,8,0,8,103
06/18/2007,FSD,SD,AGL,CE,Combined TRACON& Tower with Radar,25,70,45,9,149,0,0,27,0,27,25,70,72,9,176,10,0,10,186
06/19/2007,FSD,SD,AGL,CE,Combined TRACON& Tower with Radar,29,85,42,15,171,0,15,73,3,91,29,100,115,18,262,68,24,92,354
06/20/2007,FSD,SD,AGL,CE,Combined TRACON& Tower with Radar,35,84,68,17,204,0,3,50,4,57,35,87,118,21,261,18,16,34,295
06/21/2007,FSD,SD,AGL,CE,Combined TRACON& Tower with Radar,28,87,38,15,168,0,5,33,1,39,28,92,71,16,207,58,0,58,265
06/22/2007,FSD,SD,AGL,CE,Combined TRACON& Tower with Radar,28,92,62,15,197,0,9,40,0,49,28,101,102,15,246,20,0,20,266
06/23/2007,FSD,SD,AGL,CE,Combined TRACON& Tower with Radar,30,45,22,7,104,0,2,55,1,58,30,47,77,8,162,32,10,42,204
06/24/2007,FSD,SD,AGL,CE,Combined TRACON& Tower with Radar,22,40,27,4,93,0,3,46,0,49,22,43,73,4,142,96,0,96,238
06/25/2007,FSD,SD,AGL,CE,Combined TRACON& Tower with Radar,24,65,53,2,144,0,1,21,0,22,24,66,74,2,166,2,0,2,168
06/26/2007,FSD,SD,AGL,CE,Combined TRACON& Tower with Radar,28,91,51,15,185,0,2,42,1,45,28,93,93,16,230,14,18,32,262
06/27/2007,FSD,SD,AGL,CE,Combined TRACON& Tower with Radar,29,73,52,17,171,0,9,57,0,66,29,82,109,17,237,42,22,64,301
06/28/2007,FSD,SD,AGL,CE,Combined TRACON& Tower with Radar,28,90,76,22,216,0,9,64,6,79,28,99,140,28,295,50,10,60,355
06/29/2007,FSD,SD,AGL,CE,Combined TRACON& Tower with Radar,27,94,46,7,174,0,2,48,0,50,27,96,94,7,224,14,0,14,238
06/30/2007,FSD,SD,AGL,CE,Combined TRACON& Tower with Radar,23,47,16,3,89,0,1,39,0,40,23,48,55,3,129,30,8,38,167
07/01/2007,FSD,SD,AGL,CE,Combined TRACON& Tower with Radar,20,39,19,8,86,0,4,33,4,41,20,43,52,12,127,26,2,28,155
07/02/2007,FSD,SD,AGL,CE,Combined TRACON& Tower with Radar,21,62,44,2,129,0,6,13,0,19,21,68,57,2,148,28,0,28,176
07/03/2007,FSD,SD,AGL,CE,Combined TRACON& Tower with Radar,28,82,35,13,158,0,0,24,0,24,28,82,59,13,182,16,22,38,220
07/04/2007,FSD,SD,AGL,CE,Combined TRACON& Tower with Radar,18,28,12,0,58,0,0,54,2,56,18,28,66,2,114,36,0,36,150
07/05/2007,FSD,SD,AGL,CE,Combined TRACON& Tower with Radar,22,70,38,15,145,0,5,28,0,33,22,75,66,15,178,48,6,54,232
07/06/2007,FSD,SD,AGL,CE,Combined TRACON& Tower with Radar,33,95,29,12,169,0,5,36,4,45,33,100,65,16,214,18,0,18,232
07/07/2007,FSD,SD,AGL,CE,Combined TRACON& Tower with Radar,20,44,18,3,85,0,4,11,2,17,20,48,29,5,102,6,0,6,108
07/08/2007,FSD,SD,AGL,CE,Combined TRACON& Tower with Radar,28,42,29,1,100,0,1,30,2,33,28,43,59,3,133,20,0,20,153
07/09/2007,FSD,SD,AGL,CE,Combined TRACON& Tower with Radar,24,73,43,0,140,0,7,55,3,65,24,80,98,3,205,34,0,34,239
07/10/2007,FSD,SD,AGL,CE,Combined TRACON& Tower with Radar,26,93,49,18,186,0,2,25,6,33,26,95,74,24,219,10,6,16,235
07/11/2007,FSD,SD,AGL,CE,Combined TRACON& Tower with Radar,30,92,55,17,194,0,6,56,7,69,30,98,111,24,263,80,42,122,385
07/12/2007,FSD,SD,AGL,CE,Combined TRACON& Tower with Radar,30,93,54,6,183,0,7,39,3,49,30,100,93,9,232,50,12,62,294
07/13/2007,FSD,SD,AGL,CE,Combined TRACON& Tower with Radar,30,91,43,3,167,0,2,30,4,36,30,93,73,7,203,38,4,42,245
07/14/2007,FSD,SD,AGL,CE,Combined TRACON& Tower with Radar,20,49,31,0,100,0,1,39,0,40,20,50,70,0,140,26,0,26,166
07/15/2007,FSD,SD,AGL,CE,Combined TRACON& Tower with Radar,19,41,17,13,90,0,2,19,0,21,19,43,36,13,111,30,16,46,157
07/16/2007,FSD,SD,AGL,CE,Combined TRACON& Tower with Radar,24,72,45,2,143,0,0,30,0,30,24,72,75,2,173,52,0,52,225
07/17/2007,FSD,SD,AGL,CE,Combined TRACON& Tower with Radar,28,91,60,10,189,0,0,41,1,42,28,91,101,11,231,52,14,66,297
07/18/2007,FSD,SD,AGL,CE,Combined TRACON& Tower with Radar,41,88,50,19,198,0,0,24,0,24,41,88,74,19,222,12,14,26,248
07/19/2007,FSD,SD,AGL,CE,Combined TRACON& Tower with Radar,29,83,66,20,198,0,2,69,3,74,29,85,135,23,272,54,36,90,362
07/20/2007,FSD,SD,AGL,CE,Combined TRACON& Tower with Radar,29,92,62,16,199,0,7,41,3,51,29,99,103,19,250,30,16,46,296
07/21/2007,FSD,SD,AGL,CE,Combined TRACON& Tower with Radar,21,47,32,4,104,0,2,40,3,45,21,49,72,7,149,8,0,8,157
07/22/2007,FSD,SD,AGL,CE,Combined TRACON& Tower with Radar,20,39,39,1,99,0,5,48,4,57,20,44,87,5,156,24,0,24,180
07/23/2007,FSD,SD,AGL,CE,Combined TRACON& Tower with Radar,22,74,51,5,152,0,4,47,1,52,22,78,98,6,204,66,0,66,270
07/24/2007,FSD,SD,AGL,CE,Combined TRACON& Tower with Radar,27,97,67,18,209,0,3,42,1,46,27,100,109,19,255,20,30,50,305
07/25/2007,FSD,SD,AGL,CE,Combined TRACON& Tower with Radar,29,85,78,14,206,0,2,40,0,42,29,87,118,14,248,16,26,42,290
07/26/2007,FSD,SD,AGL,CE,Combined TRACON& Tower with Radar,33,89,81,4,207,0,2,38,3,43,33,91,119,7,250,12,12,24,274
07/27/2007,FSD,SD,AGL,CE,Combined TRACON& Tower with Radar,29,99,42,12,182,0,4,43,0,47,29,103,85,12,229,12,16,28,257
07/28/2007,FSD,SD,AGL,CE,Combined TRACON& Tower with Radar,20,46,18,0,84,0,6,50,0,56,20,52,68,0,140,18,0,18,158
07/29/2007,FSD,SD,AGL,CE,Combined TRACON& Tower with Radar,18,38,27,0,83,0,6,31,0,37,18,44,58,0,120,10,0,10,130
07/30/2007,FSD,SD,AGL,CE,Combined TRACON& Tower with Radar,24,72,50,0,146,0,7,44,0,51,24,79,94,0,197,20,0,20,217
07/31/2007,FSD,SD,AGL,CE,Combined TRACON& Tower with Radar,28,94,64,16,202,0,3,46,2,51,28,97,110,18,253,70,4,74,327
08/01/2007,FSD,SD,AGL,CE,Combined TRACON& Tower with Radar,34,87,54,14,189,0,2,26,0,28,34,89,80,14,217,38,0,38,255
08/02/2007,FSD,SD,AGL,CE,Combined TRACON& Tower with Radar,29,91,72,16,208,0,6,53,0,59,29,97,125,16,267,46,16,62,329
08/03/2007,FSD,SD,AGL,CE,Combined TRACON& Tower with Radar,28,95,33,16,172,0,5,40,4,49,28,100,73,20,221,18,30,48,269
08/04/2007,FSD,SD,AGL,CE,Combined TRACON& Tower with Radar,25,60,32,3,120,0,2,9,1,12,25,62,41,4,132,10,0,10,142
08/05/2007,FSD,SD,AGL,CE,Combined TRACON& Tower with Radar,20,37,52,5,114,0,0,8,0,8,20,37,60,5,122,16,0,16,138
08/06/2007,FSD,SD,AGL,CE,Combined TRACON& Tower with Radar,21,78,64,0,163,0,0,2,0,2,21,78,66,0,165,0,0,0,165
08/07/2007,FSD,SD,AGL,CE,Combined TRACON& Tower with Radar,29,80,55,1,165,0,0,17,0,17,29,80,72,1,182,36,4,40,222
08/08/2007,FSD,SD,AGL,CE,Combined TRACON& Tower with Radar,36,103,65,3,207,0,4,22,0,26,36,107,87,3,233,8,0,8,241
08/09/2007,FSD,SD,AGL,CE,Combined TRACON& Tower with Radar,32,88,58,2,180,0,2,59,0,61,32,90,117,2,241,18,0,18,259
08/10/2007,FSD,SD,AGL,CE,Combined TRACON& Tower with Radar,33,89,55,5,182,0,0,39,1,40,33,89,94,6,222,50,4,54,276
08/11/2007,FSD,SD,AGL,CE,Combined TRACON& Tower with Radar,27,46,12,0,85,0,7,38,2,47,27,53,50,2,132,74,0,74,206
08/12/2007,FSD,SD,AGL,CE,Combined TRACON& Tower with Radar,21,34,13,0,68,0,0,35,0,35,21,34,48,0,103,0,4,4,107
08/13/2007,FSD,SD,AGL,CE,Combined TRACON& Tower with Radar,27,77,43,0,147,0,10,29,0,39,27,87,72,0,186,16,0,16,202
08/14/2007,FSD,SD,AGL,CE,Combined TRACON& Tower with Radar,29,81,56,20,186,0,6,28,5,39,29,87,84,25,225,6,40,46,271
08/15/2007,FSD,SD,AGL,CE,Combined TRACON& Tower with Radar,30,91,66,24,211,0,1,38,1,40,30,92,104,25,251,38,22,60,311
08/16/2007,FSD,SD,AGL,CE,Combined TRACON& Tower with Radar,25,95,73,27,220,0,4,56,3,63,25,99,129,30,283,50,18,68,351
08/17/2007,FSD,SD,AGL,CE,Combined TRACON& Tower with Radar,37,84,26,16,163,0,1,59,2,62,37,85,85,18,225,38,26,64,289
08/18/2007,FSD,SD,AGL,CE,Combined TRACON& Tower with Radar,24,54,19,0,97,0,0,1,0,1,24,54,20,0,98,0,0,0,98
08/19/2007,FSD,SD,AGL,CE,Combined TRACON& Tower with Radar,23,27,28,0,78,0,0,3,0,3,23,27,31,0,81,22,0,22,103
08/20/2007,FSD,SD,AGL,CE,Combined TRACON& Tower with Radar,22,71,47,11,151,0,0,6,0,6,22,71,53,11,157,0,0,0,157
08/21/2007,FSD,SD,AGL,CE,Combined TRACON& Tower with Radar,34,89,58,12,193,0,2,29,2,33,34,91,87,14,226,14,24,38,264
08/22/2007,FSD,SD,AGL,CE,Combined TRACON& Tower with Radar,33,96,70,24,223,0,0,10,0,10,33,96,80,24,233,44,40,84,317
08/23/2007,FSD,SD,AGL,CE,Combined TRACON& Tower with Radar,36,80,90,18,224,0,1,4,0,5,36,81,94,18,229,16,0,16,245
08/24/2007,FSD,SD,AGL,CE,Combined TRACON& Tower with Radar,35,89,51,0,175,0,11,42,0,53,35,100,93,0,228,48,0,48,276
08/25/2007,FSD,SD,AGL,CE,Combined TRACON& Tower with Radar,25,51,19,10,105,0,1,45,5,51,25,52,64,15,156,34,2,36,192
08/26/2007,FSD,SD,AGL,CE,Combined TRACON& Tower with Radar,25,26,27,4,82,0,0,30,0,30,25,26,57,4,112,42,0,42,154
08/27/2007,FSD,SD,AGL,CE,Combined TRACON& Tower with Radar,27,79,52,0,158,0,2,41,0,43,27,81,93,0,201,16,0,16,217
08/28/2007,FSD,SD,AGL,CE,Combined TRACON& Tower with Radar,32,89,74,24,219,0,0,3,0,3,32,89,77,24,222,30,10,40,262
08/29/2007,FSD,SD,AGL,CE,Combined TRACON& Tower with Radar,33,80,63,24,200,0,0,0,0,0,33,80,63,24,200,68,30,98,298
08/30/2007,FSD,SD,AGL,CE,Combined TRACON& Tower with Radar,34,96,56,27,213,0,4,63,5,72,34,100,119,32,285,68,28,96,381
08/31/2007,FSD,SD,AGL,CE,Combined TRACON& Tower with Radar,33,89,47,11,180,0,2,44,2,48,33,91,91,13,228,24,30,54,282
09/01/2007,FSD,SD,AGL,CE,Combined TRACON& Tower with Radar,21,40,27,1,89,0,1,34,1,36,21,41,61,2,125,42,0,42,167
09/02/2007,FSD,SD,AGL,CE,Combined TRACON& Tower with Radar,17,26,26,0,69,0,0,40,2,42,17,26,66,2,111,46,0,46,157
09/03/2007,FSD,SD,AGL,CE,Combined TRACON& Tower with Radar,20,40,29,0,89,0,0,22,0,22,20,40,51,0,111,12,0,12,123
09/04/2007,FSD,SD,AGL,CE,Combined TRACON& Tower with Radar,23,72,32,4,131,0,8,36,0,44,23,80,68,4,175,40,0,40,215
09/05/2007,FSD,SD,AGL,CE,Combined TRACON& Tower with Radar,28,88,72,16,204,0,7,30,7,44,28,95,102,23,248,18,12,30,278
09/06/2007,FSD,SD,AGL,CE,Combined TRACON& Tower with Radar,30,88,72,19,209,0,1,16,0,17,30,89,88,19,226,6,8,14,240
09/07/2007,FSD,SD,AGL,CE,Combined TRACON& Tower with Radar,32,81,50,15,178,0,9,39,2,50,32,90,89,17,228,70,14,84,312
09/08/2007,FSD,SD,AGL,CE,Combined TRACON& Tower with Radar,18,37,13,0,68,0,0,22,0,22,18,37,35,0,90,24,0,24,114
09/09/2007,FSD,SD,AGL,CE,Combined TRACON& Tower with Radar,20,39,42,7,108,0,1,17,4,22,20,40,59,11,130,36,6,42,172
09/10/2007,FSD,SD,AGL,CE,Combined TRACON& Tower with Radar,20,73,76,0,169,0,2,33,0,35,20,75,109,0,204,38,0,38,242
09/11/2007,FSD,SD,AGL,CE,Combined TRACON& Tower with Radar,29,84,68,16,197,0,0,42,0,42,29,84,110,16,239,24,4,28,267
09/12/2007,FSD,SD,AGL,CE,Combined TRACON& Tower with Radar,27,95,63,14,199,0,8,37,3,48,27,103,100,17,247,8,28,36,283
09/13/2007,FSD,SD,AGL,CE,Combined TRACON& Tower with Radar,30,98,87,3,218,0,5,48,3,56,30,103,135,6,274,44,0,44,318
09/14/2007,FSD,SD,AGL,CE,Combined TRACON& Tower with Radar,30,84,56,0,170,0,9,30,0,39,30,93,86,0,209,26,0,26,235
09/15/2007,FSD,SD,AGL,CE,Combined TRACON& Tower with Radar,19,44,20,39,122,0,6,23,3,32,19,50,43,42,154,18,4,22,176
09/16/2007,FSD,SD,AGL,CE,Combined TRACON& Tower with Radar,20,39,33,19,111,0,4,28,4,36,20,43,61,23,147,14,18,32,179
09/17/2007,FSD,SD,AGL,CE,Combined TRACON& Tower with Radar,23,60,52,0,135,0,0,18,0,18,23,60,70,0,153,4,0,4,157
09/18/2007,FSD,SD,AGL,CE,Combined TRACON& Tower with Radar,27,106,41,39,213,0,0,7,0,7,27,106,48,39,220,2,20,22,242
09/19/2007,FSD,SD,AGL,CE,Combined TRACON& Tower with Radar,28,88,66,17,199,0,7,52,7,66,28,95,118,24,265,62,6,68,333
09/20/2007,FSD,SD,AGL,CE,Combined TRACON& Tower with Radar,45,95,64,13,217,0,2,25,4,31,45,97,89,17,248,10,0,10,258
09/21/2007,FSD,SD,AGL,CE,Combined TRACON& Tower with Radar,33,80,53,6,172,0,1,32,0,33,33,81,85,6,205,12,4,16,221
09/22/2007,FSD,SD,AGL,CE,Combined TRACON& Tower with Radar,19,45,16,2,82,0,4,45,0,49,19,49,61,2,131,42,0,42,173
09/23/2007,FSD,SD,AGL,CE,Combined TRACON& Tower with Radar,20,29,18,1,68,0,2,15,2,19,20,31,33,3,87,6,0,6,93
09/24/2007,FSD,SD,AGL,CE,Combined TRACON& Tower with Radar,27,69,60,0,156,0,4,10,0,14,27,73,70,0,170,26,0,26,196
09/25/2007,FSD,SD,AGL,CE,Combined TRACON& Tower with Radar,28,80,54,11,173,0,2,26,0,28,28,82,80,11,201,16,28,44,245
09/26/2007,FSD,SD,AGL,CE,Combined TRACON& Tower with Radar,37,96,69,19,221,0,0,55,3,58,37,96,124,22,279,38,22,60,339
09/27/2007,FSD,SD,AGL,CE,Combined TRACON& Tower with Radar,31,83,55,2,171,0,6,39,1,46,31,89,94,3,217,8,2,10,227
09/28/2007,FSD,SD,AGL,CE,Combined TRACON& Tower with Radar,31,74,51,0,156,0,3,50,5,58,31,77,101,5,214,22,4,26,240
09/29/2007,FSD,SD,AGL,CE,Combined TRACON& Tower with Radar,23,35,14,0,72,0,2,21,0,23,23,37,35,0,95,12,0,12,107
09/30/2007,FSD,SD,AGL,CE,Combined TRACON& Tower with Radar,20,26,18,0,64,0,0,3,0,3,20,26,21,0,67,0,0,0,67
10/01/2007,FSD,SD,AGL,CE,Combined TRACON& Tower with Radar,25,53,46,0,124,0,12,42,0,54,25,65,88,0,178,32,0,32,210
10/02/2007,FSD,SD,AGL,CE,Combined TRACON& Tower with Radar,31,93,41,13,178,0,9,13,0,22,31,102,54,13,200,12,34,46,246
10/03/2007,FSD,SD,AGL,CE,Combined TRACON& Tower with Radar,30,85,55,13,183,0,7,24,0,31,30,92,79,13,214,8,28,36,250
10/04/2007,FSD,SD,AGL,CE,Combined TRACON& Tower with Radar,30,77,57,14,178,0,0,52,0,52,30,77,109,14,230,54,22,76,306
10/05/2007,FSD,SD,AGL,CE,Combined TRACON& Tower with Radar,34,89,35,13,171,0,3,34,0,37,34,92,69,13,208,62,0,62,270
10/06/2007,FSD,SD,AGL,CE,Combined TRACON& Tower with Radar,22,34,13,4,73,0,0,23,4,27,22,34,36,8,100,38,10,48,148
10/07/2007,FSD,SD,AGL,CE,Combined TRACON& Tower with Radar,20,24,23,0,67,0,0,1,0,1,20,24,24,0,68,20,0,20,88
10/08/2007,FSD,SD,AGL,CE,Combined TRACON& Tower with Radar,25,55,52,0,132,0,1,37,2,40,25,56,89,2,172,44,0,44,216
10/09/2007,FSD,SD,AGL,CE,Combined TRACON& Tower with Radar,29,89,59,0,177,0,11,36,1,48,29,100,95,1,225,20,0,20,245
10/10/2007,FSD,SD,AGL,CE,Combined TRACON& Tower with Radar,30,84,64,21,199,0,0,43,10,53,30,84,107,31,252,20,30,50,302
10/11/2007,FSD,SD,AGL,CE,Combined TRACON& Tower with Radar,31,80,73,14,198,0,6,36,6,48,31,86,109,20,246,62,28,90,336
10/12/2007,FSD,SD,AGL,CE,Combined TRACON& Tower with Radar,32,80,39,11,162,0,3,49,2,54,32,83,88,13,216,26,12,38,254
10/13/2007,FSD,SD,AGL,CE,Combined TRACON& Tower with Radar,22,47,28,20,117,0,4,16,2,22,22,51,44,22,139,18,0,18,157
10/14/2007,FSD,SD,AGL,CE,Combined TRACON& Tower with Radar,22,32,16,9,79,0,0,0,0,0,22,32,16,9,79,0,0,0,79
10/15/2007,FSD,SD,AGL,CE,Combined TRACON& Tower with Radar,0,0,0,0,0,0,0,0,0,0,0,0,0,0,0,0,0,0,0
10/16/2007,FSD,SD,AGL,CE,Combined TRACON& Tower with Radar,30,87,73,13,203,0,0,0,0,0,30,87,73,13,203,22,0,22,225
10/17/2007,FSD,SD,AGL,CE,Combined TRACON& Tower with Radar,34,94,89,1,218,0,0,1,0,1,34,94,90,1,219,0,12,12,231
10/18/2007,FSD,SD,AGL,CE,Combined TRACON& Tower with Radar,29,80,86,4,199,0,0,1,0,1,29,80,87,4,200,2,0,2,202
10/19/2007,FSD,SD,AGL,CE,Combined TRACON& Tower with Radar,34,80,47,2,163,0,2,23,0,25,34,82,70,2,188,12,0,12,200
10/20/2007,FSD,SD,AGL,CE,Combined TRACON& Tower with Radar,20,36,11,0,67,0,2,55,1,58,20,38,66,1,125,56,0,56,181
10/21/2007,FSD,SD,AGL,CE,Combined TRACON& Tower with Radar,20,29,31,3,83,0,0,12,3,15,20,29,43,6,98,8,0,8,106
10/22/2007,FSD,SD,AGL,CE,Combined TRACON& Tower with Radar,24,70,45,22,161,0,4,37,1,42,24,74,82,23,203,80,14,94,297
10/23/2007,FSD,SD,AGL,CE,Combined TRACON& Tower with Radar,32,83,53,22,190,0,2,50,1,53,32,85,103,23,243,26,18,44,287
10/24/2007,FSD,SD,AGL,CE,Combined TRACON& Tower with Radar,29,96,97,22,244,0,7,53,1,61,29,103,150,23,305,54,10,64,369
10/25/2007,FSD,SD,AGL,CE,Combined TRACON& Tower with Radar,34,88,46,20,188,0,2,45,0,47,34,90,91,20,235,50,0,50,285
10/26/2007,FSD,SD,AGL,CE,Combined TRACON& Tower with Radar,33,86,81,1,201,0,6,50,0,56,33,92,131,1,257,52,6,58,315
10/27/2007,FSD,SD,AGL,CE,Combined TRACON& Tower with Radar,20,46,20,0,86,0,3,38,1,42,20,49,58,1,128,26,0,26,154
10/28/2007,FSD,SD,AGL,CE,Combined TRACON& Tower with Radar,26,31,30,0,87,0,2,21,0,23,26,33,51,0,110,24,0,24,134
10/29/2007,FSD,SD,AGL,CE,Combined TRACON& Tower with Radar,26,66,43,0,135,0,0,36,0,36,26,66,79,0,171,26,0,26,197
10/30/2007,FSD,SD,AGL,CE,Combined TRACON& Tower with Radar,31,79,42,16,168,0,9,45,1,55,31,88,87,17,223,18,18,36,259
10/31/2007,FSD,SD,AGL,CE,Combined TRACON& Tower with Radar,29,76,47,12,164,0,3,25,0,28,29,79,72,12,192,12,4,16,208
11/01/2007,FSD,SD,AGL,CE,Combined TRACON& Tower with Radar,36,83,46,21,186,0,3,40,0,43,36,86,86,21,229,16,4,20,249
11/02/2007,FSD,SD,AGL,CE,Combined TRACON& Tower with Radar,34,77,32,26,169,0,7,27,0,34,34,84,59,26,203,20,22,42,245
11/03/2007,FSD,SD,AGL,CE,Combined TRACON& Tower with Radar,18,40,24,26,108,0,2,18,9,29,18,42,42,35,137,34,32,66,203
11/04/2007,FSD,SD,AGL,CE,Combined TRACON& Tower with Radar,22,33,19,11,85,0,0,25,2,27,22,33,44,13,112,14,0,14,126
11/05/2007,FSD,SD,AGL,CE,Combined TRACON& Tower with Radar,23,65,55,2,145,0,2,16,2,20,23,67,71,4,165,28,0,28,193
11/06/2007,FSD,SD,AGL,CE,Combined TRACON& Tower with Radar,26,77,56,19,178,0,9,37,0,46,26,86,93,19,224,34,14,48,272
11/07/2007,FSD,SD,AGL,CE,Combined TRACON& Tower with Radar,30,86,59,21,196,0,11,47,2,60,30,97,106,23,256,18,16,34,290
11/08/2007,FSD,SD,AGL,CE,Combined TRACON& Tower with Radar,31,90,72,21,214,0,0,21,0,21,31,90,93,21,235,8,2,10,245
11/09/2007,FSD,SD,AGL,CE,Combined TRACON& Tower with Radar,35,87,44,20,186,0,2,32,0,34,35,89,76,20,220,4,6,10,230
11/10/2007,FSD,SD,AGL,CE,Combined TRACON& Tower with Radar,20,42,22,0,84,0,5,39,2,46,20,47,61,2,130,32,0,32,162
11/11/2007,FSD,SD,AGL,CE,Combined TRACON& Tower with Radar,22,37,19,0,78,0,0,36,0,36,22,37,55,0,114,44,0,44,158
11/12/2007,FSD,SD,AGL,CE,Combined TRACON& Tower with Radar,24,61,49,5,139,0,1,28,1,30,24,62,77,6,169,28,2,30,199
11/13/2007,FSD,SD,AGL,CE,Combined TRACON& Tower with Radar,26,97,47,0,170,0,11,30,6,47,26,108,77,6,217,20,0,20,237
11/14/2007,FSD,SD,AGL,CE,Combined TRACON& Tower with Radar,32,85,50,1,168,0,3,27,13,43,32,88,77,14,211,20,0,20,231
11/15/2007,FSD,SD,AGL,CE,Combined TRACON& Tower with Radar,32,96,48,18,194,0,10,27,2,39,32,106,75,20,233,18,20,38,271
11/16/2007,FSD,SD,AGL,CE,Combined TRACON& Tower with Radar,28,84,53,18,183,0,5,53,2,60,28,89,106,20,243,68,16,84,327
11/17/2007,FSD,SD,AGL,CE,Combined TRACON& Tower with Radar,22,40,25,0,87,0,3,21,0,24,22,43,46,0,111,16,0,16,127
11/18/2007,FSD,SD,AGL,CE,Combined TRACON& Tower with Radar,23,31,30,0,84,0,0,0,0,0,23,31,30,0,84,0,0,0,84
11/19/2007,FSD,SD,AGL,CE,Combined TRACON& Tower with Radar,22,77,47,16,162,0,6,18,1,25,22,83,65,17,187,24,34,58,245
11/20/2007,FSD,SD,AGL,CE,Combined TRACON& Tower with Radar,25,93,59,19,196,0,2,16,3,21,25,95,75,22,217,8,0,8,225
11/21/2007,FSD,SD,AGL,CE,Combined TRACON& Tower with Radar,37,90,28,12,167,0,6,6,0,12,37,96,34,12,179,0,12,12,191
11/22/2007,FSD,SD,AGL,CE,Combined TRACON& Tower with Radar,16,28,3,0,47,0,1,8,0,9,16,29,11,0,56,0,0,0,56
11/23/2007,FSD,SD,AGL,CE,Combined TRACON& Tower with Radar,27,79,17,4,127,0,7,37,8,52,27,86,54,12,179,68,18,86,265
11/24/2007,FSD,SD,AGL,CE,Combined TRACON& Tower with Radar,21,46,19,0,86,0,2,23,1,26,21,48,42,1,112,30,0,30,142
11/25/2007,FSD,SD,AGL,CE,Combined TRACON& Tower with Radar,22,32,19,0,73,0,0,21,0,21,22,32,40,0,94,32,0,32,126
11/26/2007,FSD,SD,AGL,CE,Combined TRACON& Tower with Radar,23,71,46,1,141,0,0,38,0,38,23,71,84,1,179,36,2,38,217
11/27/2007,FSD,SD,AGL,CE,Combined TRACON& Tower with Radar,28,91,56,14,189,0,3,21,0,24,28,94,77,14,213,10,8,18,231
11/28/2007,FSD,SD,AGL,CE,Combined TRACON& Tower with Radar,32,82,58,16,188,0,12,15,0,27,32,94,73,16,215,14,34,48,263
11/29/2007,FSD,SD,AGL,CE,Combined TRACON& Tower with Radar,31,90,66,16,203,0,1,28,0,29,31,91,94,16,232,40,6,46,278
11/30/2007,FSD,SD,AGL,CE,Combined TRACON& Tower with Radar,30,81,51,3,165,0,4,35,0,39,30,85,86,3,204,68,4,72,276
12/01/2007,FSD,SD,AGL,CE,Combined TRACON& Tower with Radar,16,27,2,0,45,0,0,0,0,0,16,27,2,0,45,0,0,0,45
12/02/2007,FSD,SD,AGL,CE,Combined TRACON& Tower with Radar,21,34,15,0,70,0,6,10,0,16,21,40,25,0,86,2,0,2,88
12/03/2007,FSD,SD,AGL,CE,Combined TRACON& Tower with Radar,26,70,50,0,146,0,3,28,2,33,26,73,78,2,179,10,16,26,205
12/04/2007,FSD,SD,AGL,CE,Combined TRACON& Tower with Radar,23,100,48,9,180,0,2,15,0,17,23,102,63,9,197,14,0,14,211
12/05/2007,FSD,SD,AGL,CE,Combined TRACON& Tower with Radar,24,90,63,22,199,0,3,21,3,27,24,93,84,25,226,28,20,48,274
12/06/2007,FSD,SD,AGL,CE,Combined TRACON& Tower with Radar,30,92,57,18,197,0,4,4,0,8,30,96,61,18,205,14,18,32,237
12/07/2007,FSD,SD,AGL,CE,Combined TRACON& Tower with Radar,27,90,88,16,221,0,6,64,5,75,27,96,152,21,296,60,24,84,380
12/08/2007,FSD,SD,AGL,CE,Combined TRACON& Tower with Radar,21,44,8,3,76,0,2,8,3,13,21,46,16,6,89,44,0,44,133
12/09/2007,FSD,SD,AGL,CE,Combined TRACON& Tower with Radar,19,33,15,0,67,0,3,6,2,11,19,36,21,2,78,0,0,0,78
12/10/2007,FSD,SD,AGL,CE,Combined TRACON& Tower with Radar,21,81,43,19,164,0,2,23,3,28,21,83,66,22,192,48,8,56,248
12/11/2007,FSD,SD,AGL,CE,Combined TRACON& Tower with Radar,27,98,39,20,184,0,7,18,25,50,27,105,57,45,234,16,0,16,250
12/12/2007,FSD,SD,AGL,CE,Combined TRACON& Tower with Radar,32,90,54,20,196,0,4,30,10,44,32,94,84,30,240,22,28,50,290
12/13/2007,FSD,SD,AGL,CE,Combined TRACON& Tower with Radar,30,91,48,29,198,0,4,38,5,47,30,95,86,34,245,4,40,44,289
12/14/2007,FSD,SD,AGL,CE,Combined TRACON& Tower with Radar,27,91,41,0,159,0,6,45,3,54,27,97,86,3,213,40,0,40,253
12/15/2007,FSD,SD,AGL,CE,Combined TRACON& Tower with Radar,21,50,25,0,96,0,0,25,2,27,21,50,50,2,123,20,0,20,143
12/16/2007,FSD,SD,AGL,CE,Combined TRACON& Tower with Radar,18,37,15,0,70,0,4,18,2,24,18,41,33,2,94,32,18,50,144
12/17/2007,FSD,SD,AGL,CE,Combined TRACON& Tower with Radar,24,70,48,15,157,0,0,32,1,33,24,70,80,16,190,30,20,50,240
12/18/2007,FSD,SD,AGL,CE,Combined TRACON& Tower with Radar,28,87,52,10,177,0,8,34,0,42,28,95,86,10,219,24,2,26,245
12/19/2007,FSD,SD,AGL,CE,Combined TRACON& Tower with Radar,32,96,56,19,203,0,1,36,1,38,32,97,92,20,241,22,38,60,301
12/20/2007,FSD,SD,AGL,CE,Combined TRACON& Tower with Radar,28,113,45,1,187,0,1,17,0,18,28,114,62,1,205,0,0,0,205
12/21/2007,FSD,SD,AGL,CE,Combined TRACON& Tower with Radar,31,109,30,10,180,0,4,12,1,17,31,113,42,11,197,48,30,78,275
12/22/2007,FSD,SD,AGL,CE,Combined TRACON& Tower with Radar,26,58,17,0,101,0,6,15,0,21,26,64,32,0,122,34,0,34,156
12/23/2007,FSD,SD,AGL,CE,Combined TRACON& Tower with Radar,33,46,22,0,101,0,0,15,0,15,33,46,37,0,116,12,0,12,128
12/24/2007,FSD,SD,AGL,CE,Combined TRACON& Tower with Radar,18,77,9,0,104,0,0,2,0,2,18,77,11,0,106,0,0,0,106
12/25/2007,FSD,SD,AGL,CE,Combined TRACON& Tower with Radar,10,28,4,0,42,0,0,0,0,0,10,28,4,0,42,0,0,0,42
12/26/2007,FSD,SD,AGL,CE,Combined TRACON& Tower with Radar,20,62,15,0,97,0,0,0,0,0,20,62,15,0,97,36,0,36,133
12/27/2007,FSD,SD,AGL,CE,Combined TRACON& Tower with Radar,31,97,18,1,147,0,0,0,0,0,31,97,18,1,147,0,0,0,147
12/28/2007,FSD,SD,AGL,CE,Combined TRACON& Tower with Radar,26,88,18,0,132,0,0,2,0,2,26,88,20,0,134,18,0,18,152
12/29/2007,FSD,SD,AGL,CE,Combined TRACON& Tower with Radar,19,53,12,0,84,0,0,0,0,0,19,53,12,0,84,0,0,0,84
12/30/2007,FSD,SD,AGL,CE,Combined TRACON& Tower with Radar,18,33,18,0,69,0,3,23,0,26,18,36,41,0,95,32,0,32,127
12/31/2007,FSD,SD,AGL,CE,Combined TRACON& Tower with Radar,20,67,33,4,124,0,2,21,0,23,20,69,54,4,147,46,16,62,209
01/01/2008,FSD,SD,AGL,CE,Combined TRACON& Tower with Radar,11,34,4,0,49,0,0,0,0,0,11,34,4,0,49,22,0,22,71
01/02/2008,FSD,SD,AGL,CE,Combined TRACON& Tower with Radar,31,83,36,16,166,0,8,31,0,39,31,91,67,16,205,12,40,52,257
01/03/2008,FSD,SD,AGL,CE,Combined TRACON& Tower with Radar,32,91,35,28,186,0,1,30,0,31,32,92,65,28,217,4,48,52,269
01/04/2008,FSD,SD,AGL,CE,Combined TRACON& Tower with Radar,28,83,39,13,163,0,4,33,5,42,28,87,72,18,205,12,40,52,257
01/05/2008,FSD,SD,AGL,CE,Combined TRACON& Tower with Radar,20,49,19,17,105,0,0,17,4,21,20,49,36,21,126,48,64,112,238
01/06/2008,FSD,SD,AGL,CE,Combined TRACON& Tower with Radar,20,37,28,11,96,0,1,36,3,40,20,38,64,14,136,72,10,82,218
01/07/2008,FSD,SD,AGL,CE,Combined TRACON& Tower with Radar,25,66,72,0,163,0,1,34,0,35,25,67,106,0,198,64,0,64,262
01/08/2008,FSD,SD,AGL,CE,Combined TRACON& Tower with Radar,25,81,55,32,193,0,3,22,3,28,25,84,77,35,221,24,68,92,313
01/09/2008,FSD,SD,AGL,CE,Combined TRACON& Tower with Radar,25,89,43,13,170,0,0,38,0,38,25,89,81,13,208,24,16,40,248
01/10/2008,FSD,SD,AGL,CE,Combined TRACON& Tower with Radar,27,85,70,12,194,0,1,8,0,9,27,86,78,12,203,22,4,26,229
01/11/2008,FSD,SD,AGL,CE,Combined TRACON& Tower with Radar,22,76,45,14,157,0,0,28,0,28,22,76,73,14,185,56,46,102,287
01/12/2008,FSD,SD,AGL,CE,Combined TRACON& Tower with Radar,19,43,23,7,92,0,0,21,3,24,19,43,44,10,116,98,0,98,214
01/13/2008,FSD,SD,AGL,CE,Combined TRACON& Tower with Radar,19,24,12,2,57,0,0,16,4,20,19,24,28,6,77,44,18,62,139
01/14/2008,FSD,SD,AGL,CE,Combined TRACON& Tower with Radar,16,81,40,1,138,0,5,12,2,19,16,86,52,3,157,28,6,34,191
01/15/2008,FSD,SD,AGL,CE,Combined TRACON& Tower with Radar,23,87,48,0,158,0,2,6,0,8,23,89,54,0,166,12,0,12,178
01/16/2008,FSD,SD,AGL,CE,Combined TRACON& Tower with Radar,24,96,46,5,171,0,2,20,3,25,24,98,66,8,196,10,6,16,212
01/17/2008,FSD,SD,AGL,CE,Combined TRACON& Tower with Radar,25,91,64,2,182,0,2,24,0,26,25,93,88,2,208,34,0,34,242
01/18/2008,FSD,SD,AGL,CE,Combined TRACON& Tower with Radar,25,89,42,3,159,0,0,26,0,26,25,89,68,3,185,46,0,46,231
01/19/2008,FSD,SD,AGL,CE,Combined TRACON& Tower with Radar,16,46,20,0,82,0,0,26,5,31,16,46,46,5,113,60,0,60,173
01/20/2008,FSD,SD,AGL,CE,Combined TRACON& Tower with Radar,20,26,5,1,52,0,0,3,0,3,20,26,8,1,55,8,0,8,63
01/21/2008,FSD,SD,AGL,CE,Combined TRACON& Tower with Radar,18,67,26,0,111,0,0,4,0,4,18,67,30,0,115,0,0,0,115
01/22/2008,FSD,SD,AGL,CE,Combined TRACON& Tower with Radar,20,91,41,1,153,0,3,23,0,26,20,94,64,1,179,8,0,8,187
01/23/2008,FSD,SD,AGL,CE,Combined TRACON& Tower with Radar,24,86,48,0,158,0,1,6,0,7,24,87,54,0,165,0,0,0,165
01/24/2008,FSD,SD,AGL,CE,Combined TRACON& Tower with Radar,28,86,53,0,167,0,5,27,0,32,28,91,80,0,199,20,0,20,219
01/25/2008,FSD,SD,AGL,CE,Combined TRACON& Tower with Radar,23,80,33,7,143,0,2,14,2,18,23,82,47,9,161,16,6,22,183
01/26/2008,FSD,SD,AGL,CE,Combined TRACON& Tower with Radar,18,42,17,0,77,0,10,32,26,68,18,52,49,26,145,34,0,34,179
01/27/2008,FSD,SD,AGL,CE,Combined TRACON& Tower with Radar,20,28,17,0,65,0,3,32,8,43,20,31,49,8,108,48,0,48,156
01/28/2008,FSD,SD,AGL,CE,Combined TRACON& Tower with Radar,16,70,27,0,113,0,2,26,0,28,16,72,53,0,141,40,24,64,205
01/29/2008,FSD,SD,AGL,CE,Combined TRACON& Tower with Radar,19,95,30,1,145,0,1,3,0,4,19,96,33,1,149,0,0,0,149
01/30/2008,FSD,SD,AGL,CE,Combined TRACON& Tower with Radar,24,94,48,2,168,0,2,4,0,6,24,96,52,2,174,0,0,0,174
01/31/2008,FSD,SD,AGL,CE,Combined TRACON& Tower with Radar,26,85,34,4,149,0,5,12,0,17,26,90,46,4,166,30,0,30,196
02/01/2008,FSD,SD,AGL,CE,Combined TRACON& Tower with Radar,25,94,53,8,180,0,1,25,0,26,25,95,78,8,206,16,24,40,246
02/02/2008,FSD,SD,AGL,CE,Combined TRACON& Tower with Radar,14,41,27,5,87,0,3,19,0,22,14,44,46,5,109,18,0,18,127
02/03/2008,FSD,SD,AGL,CE,Combined TRACON& Tower with Radar,20,47,14,2,83,0,0,0,2,2,20,47,14,4,85,0,0,0,85
02/04/2008,FSD,SD,AGL,CE,Combined TRACON& Tower with Radar,15,74,18,0,107,0,0,0,0,0,15,74,18,0,107,0,0,0,107
02/05/2008,FSD,SD,AGL,CE,Combined TRACON& Tower with Radar,22,107,41,0,170,0,0,0,0,0,22,107,41,0,170,0,0,0,170
02/06/2008,FSD,SD,AGL,CE,Combined TRACON& Tower with Radar,25,96,56,12,189,0,4,0,0,4,25,100,56,12,193,0,16,16,209
02/07/2008,FSD,SD,AGL,CE,Combined TRACON& Tower with Radar,28,87,57,18,190,0,1,2,0,3,28,88,59,18,193,0,0,0,193
02/08/2008,FSD,SD,AGL,CE,Combined TRACON& Tower with Radar,26,93,33,5,157,0,0,1,0,1,26,93,34,5,158,0,0,0,158
02/09/2008,FSD,SD,AGL,CE,Combined TRACON& Tower with Radar,16,43,15,0,74,0,0,0,0,0,16,43,15,0,74,0,0,0,74
02/10/2008,FSD,SD,AGL,CE,Combined TRACON& Tower with Radar,20,27,9,0,56,0,2,19,0,21,20,29,28,0,77,28,0,28,105
02/11/2008,FSD,SD,AGL,CE,Combined TRACON& Tower with Radar,21,86,34,0,141,0,1,0,0,1,21,87,34,0,142,0,0,0,142
02/12/2008,FSD,SD,AGL,CE,Combined TRACON& Tower with Radar,20,80,25,2,127,0,2,31,0,33,20,82,56,2,160,18,0,18,178
02/13/2008,FSD,SD,AGL,CE,Combined TRACON& Tower with Radar,28,93,61,10,192,0,1,0,0,1,28,94,61,10,193,0,0,0,193
02/14/2008,FSD,SD,AGL,CE,Combined TRACON& Tower with Radar,25,98,59,11,193,0,4,10,0,14,25,102,69,11,207,0,12,12,219
02/15/2008,FSD,SD,AGL,CE,Combined TRACON& Tower with Radar,25,89,55,10,179,0,3,24,0,27,25,92,79,10,206,18,4,22,228
02/16/2008,FSD,SD,AGL,CE,Combined TRACON& Tower with Radar,18,56,13,0,87,0,3,36,2,41,18,59,49,2,128,26,0,26,154
02/17/2008,FSD,SD,AGL,CE,Combined TRACON& Tower with Radar,16,35,10,0,61,0,1,3,0,4,16,36,13,0,65,2,0,2,67
02/18/2008,FSD,SD,AGL,CE,Combined TRACON& Tower with Radar,22,66,30,0,118,0,0,16,0,16,22,66,46,0,134,6,46,52,186
02/19/2008,FSD,SD,AGL,CE,Combined TRACON& Tower with Radar,21,99,61,1,182,0,4,14,0,18,21,103,75,1,200,6,0,6,206
02/20/2008,FSD,SD,AGL,CE,Combined TRACON& Tower with Radar,31,83,44,10,168,0,2,20,2,24,31,85,64,12,192,8,12,20,212
02/21/2008,FSD,SD,AGL,CE,Combined TRACON& Tower with Radar,26,95,48,17,186,0,1,16,2,19,26,96,64,19,205,14,16,30,235
02/22/2008,FSD,SD,AGL,CE,Combined TRACON& Tower with Radar,23,75,27,14,139,0,2,27,4,33,23,77,54,18,172,12,20,32,204
02/23/2008,FSD,SD,AGL,CE,Combined TRACON& Tower with Radar,20,43,17,0,80,0,8,38,8,54,20,51,55,8,134,26,0,26,160
02/24/2008,FSD,SD,AGL,CE,Combined TRACON& Tower with Radar,23,33,0,0,56,0,1,34,0,35,23,34,34,0,91,14,0,14,105
02/25/2008,FSD,SD,AGL,CE,Combined TRACON& Tower with Radar,19,77,16,0,112,0,3,0,2,5,19,80,16,2,117,0,0,0,117
02/26/2008,FSD,SD,AGL,CE,Combined TRACON& Tower with Radar,22,92,34,18,166,0,0,22,0,22,22,92,56,18,188,0,12,12,200
02/27/2008,FSD,SD,AGL,CE,Combined TRACON& Tower with Radar,25,99,50,13,187,0,15,28,5,48,25,114,78,18,235,66,14,80,315
02/28/2008,FSD,SD,AGL,CE,Combined TRACON& Tower with Radar,45,91,41,22,199,0,2,20,6,28,45,93,61,28,227,0,26,26,253
02/29/2008,FSD,SD,AGL,CE,Combined TRACON& Tower with Radar,23,89,27,4,143,0,1,28,4,33,23,90,55,8,176,4,0,4,180
03/01/2008,FSD,SD,AGL,CE,Combined TRACON& Tower with Radar,16,54,17,13,100,0,3,33,2,38,16,57,50,15,138,20,6,26,164
03/02/2008,FSD,SD,AGL,CE,Combined TRACON& Tower with Radar,19,36,11,0,66,0,0,0,0,0,19,36,11,0,66,0,0,0,66
03/03/2008,FSD,SD,AGL,CE,Combined TRACON& Tower with Radar,18,71,27,0,116,0,0,16,0,16,18,71,43,0,132,22,0,22,154
03/04/2008,FSD,SD,AGL,CE,Combined TRACON& Tower with Radar,27,89,34,17,167,0,6,20,0,26,27,95,54,17,193,8,2,10,203
03/05/2008,FSD,SD,AGL,CE,Combined TRACON& Tower with Radar,27,86,37,1,151,0,7,1,0,8,27,93,38,1,159,0,0,0,159
03/06/2008,FSD,SD,AGL,CE,Combined TRACON& Tower with Radar,27,86,34,18,165,0,1,7,0,8,27,87,41,18,173,0,4,4,177
03/07/2008,FSD,SD,AGL,CE,Combined TRACON& Tower with Radar,22,89,33,6,150,0,4,33,6,43,22,93,66,12,193,16,0,16,209
03/08/2008,FSD,SD,AGL,CE,Combined TRACON& Tower with Radar,18,49,21,1,89,0,0,14,2,16,18,49,35,3,105,8,0,8,113
03/09/2008,FSD,SD,AGL,CE,Combined TRACON& Tower with Radar,17,33,24,0,74,0,0,13,0,13,17,33,37,0,87,36,0,36,123
03/10/2008,FSD,SD,AGL,CE,Combined TRACON& Tower with Radar,20,69,47,4,140,0,4,28,1,33,20,73,75,5,173,38,0,38,211
03/11/2008,FSD,SD,AGL,CE,Combined TRACON& Tower with Radar,24,80,53,16,173,0,4,43,3,50,24,84,96,19,223,16,14,30,253
03/12/2008,FSD,SD,AGL,CE,Combined TRACON& Tower with Radar,26,103,39,14,182,0,10,18,2,30,26,113,57,16,212,26,8,34,246
03/13/2008,FSD,SD,AGL,CE,Combined TRACON& Tower with Radar,26,105,42,9,182,0,20,26,0,46,26,125,68,9,228,24,0,24,252
03/14/2008,FSD,SD,AGL,CE,Combined TRACON& Tower with Radar,25,93,63,4,185,0,4,19,6,29,25,97,82,10,214,16,0,16,230
03/15/2008,FSD,SD,AGL,CE,Combined TRACON& Tower with Radar,19,47,19,7,92,0,9,23,0,32,19,56,42,7,124,36,0,36,160
03/16/2008,FSD,SD,AGL,CE,Combined TRACON& Tower with Radar,18,27,11,2,58,0,3,7,0,10,18,30,18,2,68,0,0,0,68
03/17/2008,FSD,SD,AGL,CE,Combined TRACON& Tower with Radar,15,74,28,0,117,0,0,0,0,0,15,74,28,0,117,0,0,0,117
03/18/2008,FSD,SD,AGL,CE,Combined TRACON& Tower with Radar,28,96,52,18,194,0,1,7,0,8,28,97,59,18,202,0,16,16,218
03/19/2008,FSD,SD,AGL,CE,Combined TRACON& Tower with Radar,25,87,67,2,181,0,2,24,0,26,25,89,91,2,207,14,0,14,221
03/20/2008,FSD,SD,AGL,CE,Combined TRACON& Tower with Radar,26,101,69,0,196,0,0,1,0,1,26,101,70,0,197,2,0,2,199
03/21/2008,FSD,SD,AGL,CE,Combined TRACON& Tower with Radar,23,73,20,3,119,0,0,4,0,4,23,73,24,3,123,0,0,0,123
03/22/2008,FSD,SD,AGL,CE,Combined TRACON& Tower with Radar,18,48,5,1,72,0,0,0,2,2,18,48,5,3,74,16,0,16,90
03/23/2008,FSD,SD,AGL,CE,Combined TRACON& Tower with Radar,19,27,3,0,49,0,0,7,0,7,19,27,10,0,56,0,0,0,56
03/24/2008,FSD,SD,AGL,CE,Combined TRACON& Tower with Radar,16,71,49,2,138,0,5,27,2,34,16,76,76,4,172,10,10,20,192
03/25/2008,FSD,SD,AGL,CE,Combined TRACON& Tower with Radar,27,78,31,6,142,0,4,14,0,18,27,82,45,6,160,8,6,14,174
03/26/2008,FSD,SD,AGL,CE,Combined TRACON& Tower with Radar,28,99,58,2,187,0,13,20,0,33,28,112,78,2,220,16,0,16,236
03/27/2008,FSD,SD,AGL,CE,Combined TRACON& Tower with Radar,26,95,39,1,161,0,1,4,0,5,26,96,43,1,166,8,0,8,174
03/28/2008,FSD,SD,AGL,CE,Combined TRACON& Tower with Radar,25,85,28,16,154,0,7,29,10,46,25,92,57,26,200,32,0,32,232
03/29/2008,FSD,SD,AGL,CE,Combined TRACON& Tower with Radar,16,48,22,2,88,0,2,11,0,13,16,50,33,2,101,20,0,20,121
03/30/2008,FSD,SD,AGL,CE,Combined TRACON& Tower with Radar,20,32,22,7,81,0,2,19,3,24,20,34,41,10,105,44,8,52,157
03/31/2008,FSD,SD,AGL,CE,Combined TRACON& Tower with Radar,20,90,10,0,120,0,0,0,0,0,20,90,10,0,120,0,0,0,120
04/01/2008,FSD,SD,AGL,CE,Combined TRACON& Tower with Radar,23,81,36,3,143,0,4,28,0,32,23,85,64,3,175,28,2,30,205
04/02/2008,FSD,SD,AGL,CE,Combined TRACON& Tower with Radar,29,87,44,11,171,0,6,16,2,24,29,93,60,13,195,8,14,22,217
04/03/2008,FSD,SD,AGL,CE,Combined TRACON& Tower with Radar,27,86,67,17,197,0,3,24,0,27,27,89,91,17,224,16,10,26,250
04/04/2008,FSD,SD,AGL,CE,Combined TRACON& Tower with Radar,27,90,37,2,156,0,4,36,2,42,27,94,73,4,198,12,14,26,224
04/05/2008,FSD,SD,AGL,CE,Combined TRACON& Tower with Radar,15,46,13,10,84,0,4,26,2,32,15,50,39,12,116,36,24,60,176
04/06/2008,FSD,SD,AGL,CE,Combined TRACON& Tower with Radar,18,45,17,9,89,0,0,0,0,0,18,45,17,9,89,0,0,0,89
04/07/2008,FSD,SD,AGL,CE,Combined TRACON& Tower with Radar,22,65,43,0,130,0,5,27,0,32,22,70,70,0,162,18,0,18,180
04/08/2008,FSD,SD,AGL,CE,Combined TRACON& Tower with Radar,26,85,37,10,158,0,8,24,0,32,26,93,61,10,190,26,42,68,258
04/09/2008,FSD,SD,AGL,CE,Combined TRACON& Tower with Radar,36,95,44,27,202,0,8,15,0,23,36,103,59,27,225,14,26,40,265
04/10/2008,FSD,SD,AGL,CE,Combined TRACON& Tower with Radar,27,73,24,2,126,0,0,0,0,0,27,73,24,2,126,0,0,0,126
04/11/2008,FSD,SD,AGL,CE,Combined TRACON& Tower with Radar,27,83,15,0,125,0,5,1,0,6,27,88,16,0,131,0,0,0,131
04/12/2008,FSD,SD,AGL,CE,Combined TRACON& Tower with Radar,18,44,13,1,76,0,8,6,1,15,18,52,19,2,91,2,14,16,107
04/13/2008,FSD,SD,AGL,CE,Combined TRACON& Tower with Radar,22,34,23,1,80,0,2,39,0,41,22,36,62,1,121,54,0,54,175
04/14/2008,FSD,SD,AGL,CE,Combined TRACON& Tower with Radar,20,64,53,2,139,0,6,20,0,26,20,70,73,2,165,26,0,26,191
04/15/2008,FSD,SD,AGL,CE,Combined TRACON& Tower with Radar,30,76,44,9,159,0,9,19,0,28,30,85,63,9,187,2,0,2,189
04/16/2008,FSD,SD,AGL,CE,Combined TRACON& Tower with Radar,29,87,50,16,182,0,3,25,0,28,29,90,75,16,210,4,26,30,240
04/17/2008,FSD,SD,AGL,CE,Combined TRACON& Tower with Radar,30,83,62,17,192,0,10,24,2,36,30,93,86,19,228,18,26,44,272
04/18/2008,FSD,SD,AGL,CE,Combined TRACON& Tower with Radar,27,90,43,24,184,0,3,38,0,41,27,93,81,24,225,10,30,40,265
04/19/2008,FSD,SD,AGL,CE,Combined TRACON& Tower with Radar,16,39,29,0,84,0,9,44,0,53,16,48,73,0,137,62,0,62,199
04/20/2008,FSD,SD,AGL,CE,Combined TRACON& Tower with Radar,23,34,14,0,71,0,2,6,0,8,23,36,20,0,79,0,0,0,79
04/21/2008,FSD,SD,AGL,CE,Combined TRACON& Tower with Radar,23,73,57,0,153,0,0,9,0,9,23,73,66,0,162,6,0,6,168
04/22/2008,FSD,SD,AGL,CE,Combined TRACON& Tower with Radar,25,75,61,14,175,0,6,44,0,50,25,81,105,14,225,22,6,28,253
04/23/2008,FSD,SD,AGL,CE,Combined TRACON& Tower with Radar,26,81,46,12,165,0,4,0,0,4,26,85,46,12,169,32,4,36,205
04/24/2008,FSD,SD,AGL,CE,Combined TRACON& Tower with Radar,27,90,50,1,168,0,4,0,0,4,27,94,50,1,172,0,0,0,172
04/25/2008,FSD,SD,AGL,CE,Combined TRACON& Tower with Radar,24,71,25,0,120,0,0,0,0,0,24,71,25,0,120,0,0,0,120
04/26/2008,FSD,SD,AGL,CE,Combined TRACON& Tower with Radar,15,39,12,0,66,0,4,14,0,18,15,43,26,0,84,4,0,4,88
04/27/2008,FSD,SD,AGL,CE,Combined TRACON& Tower with Radar,20,31,13,1,65,0,0,20,0,20,20,31,33,1,85,0,0,0,85
04/28/2008,FSD,SD,AGL,CE,Combined TRACON& Tower with Radar,20,67,29,1,117,0,4,54,0,58,20,71,83,1,175,0,0,0,175
04/29/2008,FSD,SD,AGL,CE,Combined TRACON& Tower with Radar,26,85,42,18,171,0,6,29,0,35,26,91,71,18,206,0,0,0,206
04/30/2008,FSD,SD,AGL,CE,Combined TRACON& Tower with Radar,28,93,42,19,182,0,13,33,0,46,28,106,75,19,228,0,0,0,228
05/01/2008,FSD,SD,AGL,CE,Combined TRACON& Tower with Radar,28,87,28,11,154,0,2,13,0,15,28,89,41,11,169,0,0,0,169
05/02/2008,FSD,SD,AGL,CE,Combined TRACON& Tower with Radar,32,73,23,0,128,0,2,0,0,2,32,75,23,0,130,0,0,0,130
05/03/2008,FSD,SD,AGL,CE,Combined TRACON& Tower with Radar,18,42,14,12,86,0,14,18,0,32,18,56,32,12,118,0,0,0,118
05/04/2008,FSD,SD,AGL,CE,Combined TRACON& Tower with Radar,22,28,17,0,67,0,0,35,0,35,22,28,52,0,102,0,0,0,102
05/05/2008,FSD,SD,AGL,CE,Combined TRACON& Tower with Radar,20,63,29,0,112,0,6,28,1,35,20,69,57,1,147,0,0,0,147
05/06/2008,FSD,SD,AGL,CE,Combined TRACON& Tower with Radar,28,113,9,0,150,0,0,12,0,12,28,113,21,0,162,0,0,0,162
05/07/2008,FSD,SD,AGL,CE,Combined TRACON& Tower with Radar,26,81,35,18,160,0,8,24,3,35,26,89,59,21,195,0,0,0,195
05/08/2008,FSD,SD,AGL,CE,Combined TRACON& Tower with Radar,32,87,50,23,192,0,4,12,12,28,32,91,62,35,220,0,0,0,220
05/09/2008,FSD,SD,AGL,CE,Combined TRACON& Tower with Radar,28,73,46,10,157,0,3,21,1,25,28,76,67,11,182,4,0,4,186
05/10/2008,FSD,SD,AGL,CE,Combined TRACON& Tower with Radar,18,45,21,1,85,0,2,1,0,3,18,47,22,1,88,0,0,0,88
05/11/2008,FSD,SD,AGL,CE,Combined TRACON& Tower with Radar,22,25,8,0,55,0,2,23,1,26,22,27,31,1,81,0,0,0,81
05/12/2008,FSD,SD,AGL,CE,Combined TRACON& Tower with Radar,19,61,44,0,124,0,6,24,0,30,19,67,68,0,154,0,0,0,154
05/13/2008,FSD,SD,AGL,CE,Combined TRACON& Tower with Radar,29,82,70,11,192,0,6,20,0,26,29,88,90,11,218,0,0,0,218
05/14/2008,FSD,SD,AGL,CE,Combined TRACON& Tower with Radar,28,80,40,15,163,0,5,38,0,43,28,85,78,15,206,0,0,0,206
05/15/2008,FSD,SD,AGL,CE,Combined TRACON& Tower with Radar,30,88,69,10,197,0,8,22,0,30,30,96,91,10,227,0,0,0,227
05/16/2008,FSD,SD,AGL,CE,Combined TRACON& Tower with Radar,30,78,35,11,154,0,5,31,0,36,30,83,66,11,190,0,6,6,196
05/17/2008,FSD,SD,AGL,CE,Combined TRACON& Tower with Radar,19,38,9,4,70,0,6,29,3,38,19,44,38,7,108,6,2,8,116
05/18/2008,FSD,SD,AGL,CE,Combined TRACON& Tower with Radar,22,25,19,1,67,0,2,33,1,36,22,27,52,2,103,0,0,0,103
05/19/2008,FSD,SD,AGL,CE,Combined TRACON& Tower with Radar,20,64,39,0,123,0,5,21,0,26,20,69,60,0,149,0,0,0,149
05/20/2008,FSD,SD,AGL,CE,Combined TRACON& Tower with Radar,28,82,39,10,159,0,8,19,0,27,28,90,58,10,186,2,4,6,192
05/21/2008,FSD,SD,AGL,CE,Combined TRACON& Tower with Radar,30,95,57,10,192,0,3,44,1,48,30,98,101,11,240,0,0,0,240
05/22/2008,FSD,SD,AGL,CE,Combined TRACON& Tower with Radar,32,89,60,6,187,0,4,9,3,16,32,93,69,9,203,0,0,0,203
05/23/2008,FSD,SD,AGL,CE,Combined TRACON& Tower with Radar,35,77,34,18,164,0,0,7,0,7,35,77,41,18,171,0,2,2,173
05/24/2008,FSD,SD,AGL,CE,Combined TRACON& Tower with Radar,18,44,12,0,74,0,0,3,0,3,18,44,15,0,77,0,0,0,77
05/25/2008,FSD,SD,AGL,CE,Combined TRACON& Tower with Radar,24,22,9,0,55,0,0,5,0,5,24,22,14,0,60,0,0,0,60
05/26/2008,FSD,SD,AGL,CE,Combined TRACON& Tower with Radar,15,36,20,0,71,0,0,12,0,12,15,36,32,0,83,0,0,0,83
05/27/2008,FSD,SD,AGL,CE,Combined TRACON& Tower with Radar,23,73,53,0,149,0,4,9,0,13,23,77,62,0,162,0,0,0,162
05/28/2008,FSD,SD,AGL,CE,Combined TRACON& Tower with Radar,31,86,53,15,185,0,1,25,2,28,31,87,78,17,213,0,2,2,215
05/29/2008,FSD,SD,AGL,CE,Combined TRACON& Tower with Radar,30,90,35,15,170,0,0,0,0,0,30,90,35,15,170,0,0,0,170
05/30/2008,FSD,SD,AGL,CE,Combined TRACON& Tower with Radar,26,87,37,9,159,0,9,19,2,30,26,96,56,11,189,0,0,0,189
05/31/2008,FSD,SD,AGL,CE,Combined TRACON& Tower with Radar,18,51,16,2,87,0,4,21,3,28,18,55,37,5,115,0,0,0,115
06/01/2008,FSD,SD,AGL,CE,Combined TRACON& Tower with Radar,23,30,13,0,66,0,0,12,2,14,23,30,25,2,80,0,0,0,80
06/02/2008,FSD,SD,AGL,CE,Combined TRACON& Tower with Radar,24,66,32,0,122,0,3,19,0,22,24,69,51,0,144,0,0,0,144
06/03/2008,FSD,SD,AGL,CE,Combined TRACON& Tower with Radar,25,86,60,13,184,0,0,10,0,10,25,86,70,13,194,0,0,0,194
06/04/2008,FSD,SD,AGL,CE,Combined TRACON& Tower with Radar,25,88,32,4,149,0,2,4,0,6,25,90,36,4,155,0,0,0,155
06/05/2008,FSD,SD,AGL,CE,Combined TRACON& Tower with Radar,33,73,49,6,161,0,1,4,0,5,33,74,53,6,166,0,0,0,166
06/06/2008,FSD,SD,AGL,CE,Combined TRACON& Tower with Radar,35,81,30,4,150,0,0,14,3,17,35,81,44,7,167,0,0,0,167
06/07/2008,FSD,SD,AGL,CE,Combined TRACON& Tower with Radar,27,35,9,3,74,0,1,14,0,15,27,36,23,3,89,0,0,0,89
06/08/2008,FSD,SD,AGL,CE,Combined TRACON& Tower with Radar,21,23,16,5,65,0,0,17,2,19,21,23,33,7,84,8,0,8,92
06/09/2008,FSD,SD,AGL,CE,Combined TRACON& Tower with Radar,27,60,44,0,131,0,2,20,10,32,27,62,64,10,163,4,0,4,167
06/10/2008,FSD,SD,AGL,CE,Combined TRACON& Tower with Radar,29,79,40,11,159,0,3,42,2,47,29,82,82,13,206,0,14,14,220
06/11/2008,FSD,SD,AGL,CE,Combined TRACON& Tower with Radar,38,87,46,9,180,0,1,3,1,5,38,88,49,10,185,0,0,0,185
06/12/2008,FSD,SD,AGL,CE,Combined TRACON& Tower with Radar,33,83,43,13,172,0,12,38,1,51,33,95,81,14,223,14,26,40,263
06/13/2008,FSD,SD,AGL,CE,Combined TRACON& Tower with Radar,34,68,43,12,157,0,7,24,2,33,34,75,67,14,190,0,28,28,218
06/14/2008,FSD,SD,AGL,CE,Combined TRACON& Tower with Radar,33,33,7,4,77,0,8,24,0,32,33,41,31,4,109,58,0,58,167
06/15/2008,FSD,SD,AGL,CE,Combined TRACON& Tower with Radar,21,17,15,0,53,0,4,20,0,24,21,21,35,0,77,4,0,4,81
06/16/2008,FSD,SD,AGL,CE,Combined TRACON& Tower with Radar,26,61,51,1,139,0,4,25,0,29,26,65,76,1,168,12,0,12,180
06/17/2008,FSD,SD,AGL,CE,Combined TRACON& Tower with Radar,29,77,28,19,153,0,6,22,0,28,29,83,50,19,181,16,4,20,201
06/18/2008,FSD,SD,AGL,CE,Combined TRACON& Tower with Radar,34,76,32,26,168,0,4,34,3,41,34,80,66,29,209,28,26,54,263
06/19/2008,FSD,SD,AGL,CE,Combined TRACON& Tower with Radar,36,81,52,22,191,0,3,26,4,33,36,84,78,26,224,4,8,12,236
06/20/2008,FSD,SD,AGL,CE,Combined TRACON& Tower with Radar,0,2,21,4,27,0,0,0,0,0,0,2,21,4,27,14,10,24,51
06/21/2008,FSD,SD,AGL,CE,Combined TRACON& Tower with Radar,27,34,7,16,84,0,5,15,0,20,27,39,22,16,104,0,2,2,106
06/22/2008,FSD,SD,AGL,CE,Combined TRACON& Tower with Radar,22,28,27,10,87,0,2,25,0,27,22,30,52,10,114,6,16,22,136
06/23/2008,FSD,SD,AGL,CE,Combined TRACON& Tower with Radar,26,61,28,16,131,0,6,26,0,32,26,67,54,16,163,4,6,10,173
06/24/2008,FSD,SD,AGL,CE,Combined TRACON& Tower with Radar,29,76,45,25,175,0,4,31,4,39,29,80,76,29,214,34,16,50,264
06/25/2008,FSD,SD,AGL,CE,Combined TRACON& Tower with Radar,31,86,56,18,191,0,6,36,0,42,31,92,92,18,233,18,0,18,251
06/26/2008,FSD,SD,AGL,CE,Combined TRACON& Tower with Radar,34,74,49,22,179,0,7,27,1,35,34,81,76,23,214,12,0,12,226
06/27/2008,FSD,SD,AGL,CE,Combined TRACON& Tower with Radar,34,89,33,2,158,0,7,25,0,32,34,96,58,2,190,14,0,14,204
06/28/2008,FSD,SD,AGL,CE,Combined TRACON& Tower with Radar,27,40,32,1,100,0,4,10,0,14,27,44,42,1,114,4,0,4,118
06/29/2008,FSD,SD,AGL,CE,Combined TRACON& Tower with Radar,23,30,22,1,76,0,0,30,0,30,23,30,52,1,106,36,2,38,144
06/30/2008,FSD,SD,AGL,CE,Combined TRACON& Tower with Radar,0,5,24,0,29,0,0,12,0,12,0,5,36,0,41,12,0,12,53
07/01/2008,FSD,SD,AGL,CE,Combined TRACON& Tower with Radar,28,67,85,13,193,0,0,45,0,45,28,67,130,13,238,10,22,32,270
07/02/2008,FSD,SD,AGL,CE,Combined TRACON& Tower with Radar,31,71,53,8,163,0,8,16,3,27,31,79,69,11,190,0,0,0,190
07/03/2008,FSD,SD,AGL,CE,Combined TRACON& Tower with Radar,31,63,34,5,133,0,13,34,1,48,31,76,68,6,181,18,16,34,215
07/04/2008,FSD,SD,AGL,CE,Combined TRACON& Tower with Radar,18,21,6,0,45,0,6,60,0,66,18,27,66,0,111,14,0,14,125
07/05/2008,FSD,SD,AGL,CE,Combined TRACON& Tower with Radar,18,38,12,0,68,0,25,17,0,42,18,63,29,0,110,0,0,0,110
07/06/2008,FSD,SD,AGL,CE,Combined TRACON& Tower with Radar,20,24,13,0,57,0,0,15,0,15,20,24,28,0,72,8,0,8,80
07/07/2008,FSD,SD,AGL,CE,Combined TRACON& Tower with Radar,25,70,24,0,119,0,17,23,0,40,25,87,47,0,159,4,0,4,163
07/08/2008,FSD,SD,AGL,CE,Combined TRACON& Tower with Radar,27,71,44,18,160,0,4,48,4,56,27,75,92,22,216,12,12,24,240
07/09/2008,FSD,SD,AGL,CE,Combined TRACON& Tower with Radar,29,83,42,22,176,0,12,44,5,61,29,95,86,27,237,26,30,56,293
07/10/2008,FSD,SD,AGL,CE,Combined TRACON& Tower with Radar,33,82,73,17,205,0,25,24,3,52,33,107,97,20,257,14,18,32,289
07/11/2008,FSD,SD,AGL,CE,Combined TRACON& Tower with Radar,36,81,50,21,188,0,4,31,0,35,36,85,81,21,223,12,10,22,245
07/12/2008,FSD,SD,AGL,CE,Combined TRACON& Tower with Radar,24,32,21,17,94,0,6,26,1,33,24,38,47,18,127,8,32,40,167
07/13/2008,FSD,SD,AGL,CE,Combined TRACON& Tower with Radar,23,32,20,13,88,0,2,26,4,32,23,34,46,17,120,20,10,30,150
07/14/2008,FSD,SD,AGL,CE,Combined TRACON& Tower with Radar,25,60,56,2,143,0,2,45,0,47,25,62,101,2,190,48,0,48,238
07/15/2008,FSD,SD,AGL,CE,Combined TRACON& Tower with Radar,28,72,47,9,156,0,17,13,0,30,28,89,60,9,186,0,2,2,188
07/16/2008,FSD,SD,AGL,CE,Combined TRACON& Tower with Radar,30,70,50,9,159,0,2,32,0,34,30,72,82,9,193,18,10,28,221
07/17/2008,FSD,SD,AGL,CE,Combined TRACON& Tower with Radar,32,77,56,3,168,0,5,22,1,28,32,82,78,4,196,0,8,8,204
07/18/2008,FSD,SD,AGL,CE,Combined TRACON& Tower with Radar,30,72,41,12,155,0,4,16,0,20,30,76,57,12,175,10,8,18,193
07/19/2008,FSD,SD,AGL,CE,Combined TRACON& Tower with Radar,30,29,14,2,75,0,1,8,0,9,30,30,22,2,84,10,0,10,94
07/20/2008,FSD,SD,AGL,CE,Combined TRACON& Tower with Radar,22,29,10,0,61,0,8,19,0,27,22,37,29,0,88,0,0,0,88
07/21/2008,FSD,SD,AGL,CE,Combined TRACON& Tower with Radar,27,61,48,0,136,0,2,53,0,55,27,63,101,0,191,34,0,34,225
07/22/2008,FSD,SD,AGL,CE,Combined TRACON& Tower with Radar,27,79,34,9,149,0,28,33,0,61,27,107,67,9,210,2,0,2,212
07/23/2008,FSD,SD,AGL,CE,Combined TRACON& Tower with Radar,33,86,55,3,177,0,1,0,0,1,33,87,55,3,178,0,0,0,178
07/24/2008,FSD,SD,AGL,CE,Combined TRACON& Tower with Radar,33,78,66,4,181,0,3,13,0,16,33,81,79,4,197,0,0,0,197
07/25/2008,FSD,SD,AGL,CE,Combined TRACON& Tower with Radar,32,71,36,1,140,0,5,28,0,33,32,76,64,1,173,10,0,10,183
07/26/2008,FSD,SD,AGL,CE,Combined TRACON& Tower with Radar,26,28,7,1,62,1,2,34,1,38,27,30,41,2,100,50,0,50,150
07/27/2008,FSD,SD,AGL,CE,Combined TRACON& Tower with Radar,22,31,26,0,79,0,7,7,0,14,22,38,33,0,93,6,0,6,99
07/28/2008,FSD,SD,AGL,CE,Combined TRACON& Tower with Radar,22,50,46,0,118,0,4,26,0,30,22,54,72,0,148,8,0,8,156
07/29/2008,FSD,SD,AGL,CE,Combined TRACON& Tower with Radar,26,82,43,0,151,0,0,38,0,38,26,82,81,0,189,26,0,26,215
07/30/2008,FSD,SD,AGL,CE,Combined TRACON& Tower with Radar,31,79,49,2,161,0,5,21,0,26,31,84,70,2,187,16,0,16,203
07/31/2008,FSD,SD,AGL,CE,Combined TRACON& Tower with Radar,32,87,59,5,183,0,5,20,0,25,32,92,79,5,208,0,2,2,210
08/01/2008,FSD,SD,AGL,CE,Combined TRACON& Tower with Radar,26,73,35,7,141,0,6,31,0,37,26,79,66,7,178,24,0,24,202
08/02/2008,FSD,SD,AGL,CE,Combined TRACON& Tower with Radar,26,40,20,4,90,1,1,22,0,24,27,41,42,4,114,6,0,6,120
08/03/2008,FSD,SD,AGL,CE,Combined TRACON& Tower with Radar,21,35,23,6,85,0,2,12,1,15,21,37,35,7,100,8,0,8,108
08/04/2008,FSD,SD,AGL,CE,Combined TRACON& Tower with Radar,25,60,48,0,133,0,3,17,0,20,25,63,65,0,153,20,0,20,173
08/05/2008,FSD,SD,AGL,CE,Combined TRACON& Tower with Radar,28,82,35,1,146,0,2,30,0,32,28,84,65,1,178,10,0,10,188
08/06/2008,FSD,SD,AGL,CE,Combined TRACON& Tower with Radar,29,87,41,3,160,0,8,24,0,32,29,95,65,3,192,8,0,8,200
08/07/2008,FSD,SD,AGL,CE,Combined TRACON& Tower with Radar,31,78,39,5,153,0,5,47,0,52,31,83,86,5,205,20,0,20,225
08/08/2008,FSD,SD,AGL,CE,Combined TRACON& Tower with Radar,30,85,36,0,151,0,8,18,0,26,30,93,54,0,177,0,0,0,177
08/09/2008,FSD,SD,AGL,CE,Combined TRACON& Tower with Radar,25,39,15,0,79,0,1,29,0,30,25,40,44,0,109,22,0,22,131
08/10/2008,FSD,SD,AGL,CE,Combined TRACON& Tower with Radar,22,25,16,1,64,0,8,27,1,36,22,33,43,2,100,8,0,8,108
08/11/2008,FSD,SD,AGL,CE,Combined TRACON& Tower with Radar,28,53,56,0,137,0,4,13,0,17,28,57,69,0,154,10,0,10,164
08/12/2008,FSD,SD,AGL,CE,Combined TRACON& Tower with Radar,27,71,36,0,134,0,4,23,2,29,27,75,59,2,163,28,0,28,191
08/13/2008,FSD,SD,AGL,CE,Combined TRACON& Tower with Radar,30,77,55,0,162,0,9,21,0,30,30,86,76,0,192,0,0,0,192
08/14/2008,FSD,SD,AGL,CE,Combined TRACON& Tower with Radar,41,72,47,1,161,0,5,26,0,31,41,77,73,1,192,22,0,22,214
08/15/2008,FSD,SD,AGL,CE,Combined TRACON& Tower with Radar,29,70,44,2,145,0,4,14,0,18,29,74,58,2,163,0,0,0,163
08/16/2008,FSD,SD,AGL,CE,Combined TRACON& Tower with Radar,21,41,16,0,78,0,11,27,0,38,21,52,43,0,116,24,0,24,140
08/17/2008,FSD,SD,AGL,CE,Combined TRACON& Tower with Radar,22,30,20,4,76,0,4,23,0,27,22,34,43,4,103,40,0,40,143
08/18/2008,FSD,SD,AGL,CE,Combined TRACON& Tower with Radar,26,68,47,1,142,0,3,31,0,34,26,71,78,1,176,8,0,8,184
08/19/2008,FSD,SD,AGL,CE,Combined TRACON& Tower with Radar,28,71,62,3,164,0,3,17,0,20,28,74,79,3,184,0,0,0,184
08/20/2008,FSD,SD,AGL,CE,Combined TRACON& Tower with Radar,30,81,55,2,168,0,5,45,0,50,30,86,100,2,218,18,0,18,236
08/21/2008,FSD,SD,AGL,CE,Combined TRACON& Tower with Radar,27,86,53,6,172,0,3,21,0,24,27,89,74,6,196,0,0,0,196
08/22/2008,FSD,SD,AGL,CE,Combined TRACON& Tower with Radar,30,81,54,2,167,0,2,25,1,28,30,83,79,3,195,6,0,6,201
08/23/2008,FSD,SD,AGL,CE,Combined TRACON& Tower with Radar,18,33,30,0,81,0,4,35,1,40,18,37,65,1,121,24,0,24,145
08/24/2008,FSD,SD,AGL,CE,Combined TRACON& Tower with Radar,22,26,16,0,64,0,0,35,4,39,22,26,51,4,103,60,0,60,163
08/25/2008,FSD,SD,AGL,CE,Combined TRACON& Tower with Radar,25,67,33,1,126,0,2,26,1,29,25,69,59,2,155,4,0,4,159
08/26/2008,FSD,SD,AGL,CE,Combined TRACON& Tower with Radar,26,71,43,2,142,0,4,30,0,34,26,75,73,2,176,2,6,8,184
08/27/2008,FSD,SD,AGL,CE,Combined TRACON& Tower with Radar,32,83,51,4,170,0,2,15,1,18,32,85,66,5,188,2,2,4,192
08/28/2008,FSD,SD,AGL,CE,Combined TRACON& Tower with Radar,26,88,47,0,161,0,6,31,0,37,26,94,78,0,198,10,0,10,208
08/29/2008,FSD,SD,AGL,CE,Combined TRACON& Tower with Radar,29,76,36,2,143,0,3,45,4,52,29,79,81,6,195,24,0,24,219
08/30/2008,FSD,SD,AGL,CE,Combined TRACON& Tower with Radar,13,37,10,0,60,0,9,31,3,43,13,46,41,3,103,68,0,68,171
08/31/2008,FSD,SD,AGL,CE,Combined TRACON& Tower with Radar,16,22,12,0,50,0,0,8,0,8,16,22,20,0,58,2,0,2,60
09/01/2008,FSD,SD,AGL,CE,Combined TRACON& Tower with Radar,16,36,27,0,79,0,2,21,0,23,16,38,48,0,102,0,0,0,102
09/02/2008,FSD,SD,AGL,CE,Combined TRACON& Tower with Radar,21,76,45,2,144,0,3,21,0,24,21,79,66,2,168,18,0,18,186
09/03/2008,FSD,SD,AGL,CE,Combined TRACON& Tower with Radar,24,82,40,12,158,0,1,23,0,24,24,83,63,12,182,2,4,6,188
09/04/2008,FSD,SD,AGL,CE,Combined TRACON& Tower with Radar,28,86,54,0,168,2,5,34,0,41,30,91,88,0,209,100,0,100,309
09/05/2008,FSD,SD,AGL,CE,Combined TRACON& Tower with Radar,26,89,56,0,171,0,8,37,1,46,26,97,93,1,217,18,0,18,235
09/06/2008,FSD,SD,AGL,CE,Combined TRACON& Tower with Radar,15,30,23,2,70,0,1,22,5,28,15,31,45,7,98,20,0,20,118
09/07/2008,FSD,SD,AGL,CE,Combined TRACON& Tower with Radar,23,23,20,0,66,0,2,8,0,10,23,25,28,0,76,6,0,6,82
09/08/2008,FSD,SD,AGL,CE,Combined TRACON& Tower with Radar,17,68,33,0,118,0,6,12,0,18,17,74,45,0,136,16,0,16,152
09/09/2008,FSD,SD,AGL,CE,Combined TRACON& Tower with Radar,25,85,45,0,155,0,8,26,0,34,25,93,71,0,189,12,0,12,201
09/10/2008,FSD,SD,AGL,CE,Combined TRACON& Tower with Radar,30,92,50,0,172,0,8,13,0,21,30,100,63,0,193,4,0,4,197
09/11/2008,FSD,SD,AGL,CE,Combined TRACON& Tower with Radar,26,95,71,13,205,0,3,6,0,9,26,98,77,13,214,0,12,12,226
09/12/2008,FSD,SD,AGL,CE,Combined TRACON& Tower with Radar,26,84,53,13,176,0,8,33,2,43,26,92,86,15,219,28,38,66,285
09/13/2008,FSD,SD,AGL,CE,Combined TRACON& Tower with Radar,16,45,20,10,91,0,2,4,0,6,16,47,24,10,97,2,0,2,99
09/14/2008,FSD,SD,AGL,CE,Combined TRACON& Tower with Radar,23,32,32,0,87,0,1,4,1,6,23,33,36,1,93,4,0,4,97
09/15/2008,FSD,SD,AGL,CE,Combined TRACON& Tower with Radar,17,61,41,0,119,0,6,36,0,42,17,67,77,0,161,6,0,6,167
09/16/2008,FSD,SD,AGL,CE,Combined TRACON& Tower with Radar,23,80,58,5,166,0,9,34,1,44,23,89,92,6,210,6,4,10,220
09/17/2008,FSD,SD,AGL,CE,Combined TRACON& Tower with Radar,24,88,51,5,168,0,11,30,0,41,24,99,81,5,209,16,0,16,225
09/18/2008,FSD,SD,AGL,CE,Combined TRACON& Tower with Radar,23,91,57,5,176,0,2,36,0,38,23,93,93,5,214,0,4,4,218
09/19/2008,FSD,SD,AGL,CE,Combined TRACON& Tower with Radar,27,77,45,5,154,0,9,46,0,55,27,86,91,5,209,18,0,18,227
09/20/2008,FSD,SD,AGL,CE,Combined TRACON& Tower with Radar,15,32,7,0,54,0,13,21,0,34,15,45,28,0,88,16,0,16,104
09/21/2008,FSD,SD,AGL,CE,Combined TRACON& Tower with Radar,23,31,33,0,87,0,6,19,2,27,23,37,52,2,114,2,0,2,116
09/22/2008,FSD,SD,AGL,CE,Combined TRACON& Tower with Radar,21,66,36,4,127,0,1,13,0,14,21,67,49,4,141,0,0,0,141
09/23/2008,FSD,SD,AGL,CE,Combined TRACON& Tower with Radar,24,92,36,2,154,0,5,6,0,11,24,97,42,2,165,6,0,6,171
09/24/2008,FSD,SD,AGL,CE,Combined TRACON& Tower with Radar,26,81,52,5,164,0,3,29,0,32,26,84,81,5,196,0,0,0,196
09/25/2008,FSD,SD,AGL,CE,Combined TRACON& Tower with Radar,24,94,57,1,176,0,4,33,0,37,24,98,90,1,213,0,0,0,213
09/26/2008,FSD,SD,AGL,CE,Combined TRACON& Tower with Radar,30,85,39,5,159,0,1,21,0,22,30,86,60,5,181,0,0,0,181
09/27/2008,FSD,SD,AGL,CE,Combined TRACON& Tower with Radar,16,38,18,2,74,0,10,12,1,23,16,48,30,3,97,18,0,18,115
09/28/2008,FSD,SD,AGL,CE,Combined TRACON& Tower with Radar,22,24,26,0,72,0,0,9,0,9,22,24,35,0,81,16,0,16,97
09/29/2008,FSD,SD,AGL,CE,Combined TRACON& Tower with Radar,21,71,40,0,132,0,10,20,1,31,21,81,60,1,163,10,0,10,173
09/30/2008,FSD,SD,AGL,CE,Combined TRACON& Tower with Radar,23,82,43,0,148,0,3,34,1,38,23,85,77,1,186,12,0,12,198
10/01/2008,FSD,SD,AGL,CE,Combined TRACON& Tower with Radar,25,86,43,3,157,0,4,19,0,23,25,90,62,3,180,18,0,18,198
10/02/2008,FSD,SD,AGL,CE,Combined TRACON& Tower with Radar,24,80,43,0,147,0,5,52,0,57,24,85,95,0,204,28,0,28,232
10/03/2008,FSD,SD,AGL,CE,Combined TRACON& Tower with Radar,26,78,61,0,165,0,5,48,1,54,26,83,109,1,219,22,0,22,241
10/04/2008,FSD,SD,AGL,CE,Combined TRACON& Tower with Radar,18,33,14,5,70,0,5,27,2,34,18,38,41,7,104,16,8,24,128
10/05/2008,FSD,SD,AGL,CE,Combined TRACON& Tower with Radar,24,25,13,2,64,0,0,5,0,5,24,25,18,2,69,16,0,16,85
10/06/2008,FSD,SD,AGL,CE,Combined TRACON& Tower with Radar,20,64,36,0,120,0,0,3,0,3,20,64,39,0,123,0,0,0,123
10/07/2008,FSD,SD,AGL,CE,Combined TRACON& Tower with Radar,23,72,57,4,156,0,4,34,2,40,23,76,91,6,196,24,16,40,236
10/08/2008,FSD,SD,AGL,CE,Combined TRACON& Tower with Radar,24,86,51,0,161,0,4,25,0,29,24,90,76,0,190,20,0,20,210
10/09/2008,FSD,SD,AGL,CE,Combined TRACON& Tower with Radar,24,84,59,7,174,0,8,24,0,32,24,92,83,7,206,4,4,8,214
10/10/2008,FSD,SD,AGL,CE,Combined TRACON& Tower with Radar,26,87,28,3,144,0,4,7,2,13,26,91,35,5,157,8,0,8,165
10/11/2008,FSD,SD,AGL,CE,Combined TRACON& Tower with Radar,17,37,18,0,72,0,0,7,0,7,17,37,25,0,79,2,0,2,81
10/12/2008,FSD,SD,AGL,CE,Combined TRACON& Tower with Radar,23,27,13,2,65,0,0,2,0,2,23,27,15,2,67,0,0,0,67
10/13/2008,FSD,SD,AGL,CE,Combined TRACON& Tower with Radar,19,64,41,0,124,0,1,9,0,10,19,65,50,0,134,24,0,24,158
10/14/2008,FSD,SD,AGL,CE,Combined TRACON& Tower with Radar,22,78,52,0,152,0,3,25,0,28,22,81,77,0,180,10,0,10,190
10/15/2008,FSD,SD,AGL,CE,Combined TRACON& Tower with Radar,22,86,46,5,159,0,0,24,0,24,22,86,70,5,183,6,8,14,197
10/16/2008,FSD,SD,AGL,CE,Combined TRACON& Tower with Radar,26,90,71,0,187,0,4,38,0,42,26,94,109,0,229,10,0,10,239
10/17/2008,FSD,SD,AGL,CE,Combined TRACON& Tower with Radar,26,82,39,2,149,0,0,12,0,12,26,82,51,2,161,8,0,8,169
10/18/2008,FSD,SD,AGL,CE,Combined TRACON& Tower with Radar,18,28,13,6,65,0,0,13,1,14,18,28,26,7,79,4,0,4,83
10/19/2008,FSD,SD,AGL,CE,Combined TRACON& Tower with Radar,23,27,22,0,72,0,5,26,0,31,23,32,48,0,103,28,0,28,131
10/20/2008,FSD,SD,AGL,CE,Combined TRACON& Tower with Radar,17,76,41,2,136,0,16,27,0,43,17,92,68,2,179,2,4,6,185
10/21/2008,FSD,SD,AGL,CE,Combined TRACON& Tower with Radar,22,88,53,1,164,0,2,17,0,19,22,90,70,1,183,16,0,16,199
10/22/2008,FSD,SD,AGL,CE,Combined TRACON& Tower with Radar,22,92,32,2,148,0,0,0,0,0,22,92,32,2,148,0,0,0,148
10/23/2008,FSD,SD,AGL,CE,Combined TRACON& Tower with Radar,29,82,89,17,217,0,0,12,1,13,29,82,101,18,230,0,0,0,230
10/24/2008,FSD,SD,AGL,CE,Combined TRACON& Tower with Radar,26,82,29,11,148,0,0,8,6,14,26,82,37,17,162,6,0,6,168
10/25/2008,FSD,SD,AGL,CE,Combined TRACON& Tower with Radar,16,39,21,1,77,0,5,28,1,34,16,44,49,2,111,26,0,26,137
10/26/2008,FSD,SD,AGL,CE,Combined TRACON& Tower with Radar,25,27,16,2,70,0,0,4,1,5,25,27,20,3,75,0,0,0,75
10/27/2008,FSD,SD,AGL,CE,Combined TRACON& Tower with Radar,24,60,47,2,133,0,5,11,1,17,24,65,58,3,150,4,12,16,166
10/28/2008,FSD,SD,AGL,CE,Combined TRACON& Tower with Radar,24,76,39,44,183,0,1,60,0,61,24,77,99,44,244,34,42,76,320
10/29/2008,FSD,SD,AGL,CE,Combined TRACON& Tower with Radar,22,87,54,8,171,0,0,37,0,37,22,87,91,8,208,38,20,58,266
10/30/2008,FSD,SD,AGL,CE,Combined TRACON& Tower with Radar,27,86,38,8,159,2,5,33,3,43,29,91,71,11,202,22,20,42,244
10/31/2008,FSD,SD,AGL,CE,Combined TRACON& Tower with Radar,25,82,16,18,141,0,5,35,0,40,25,87,51,18,181,56,8,64,245
11/01/2008,FSD,SD,AGL,CE,Combined TRACON& Tower with Radar,18,41,18,18,95,0,2,15,4,21,18,43,33,22,116,0,14,14,130
11/02/2008,FSD,SD,AGL,CE,Combined TRACON& Tower with Radar,22,19,32,7,80,0,6,39,3,48,22,25,71,10,128,60,30,90,218
11/03/2008,FSD,SD,AGL,CE,Combined TRACON& Tower with Radar,21,64,45,0,130,2,1,17,2,22,23,65,62,2,152,18,0,18,170
11/04/2008,FSD,SD,AGL,CE,Combined TRACON& Tower with Radar,21,74,27,17,139,0,4,24,6,34,21,78,51,23,173,44,28,72,245
11/05/2008,FSD,SD,AGL,CE,Combined TRACON& Tower with Radar,22,83,32,18,155,0,0,1,3,4,22,83,33,21,159,0,20,20,179
11/06/2008,FSD,SD,AGL,CE,Combined TRACON& Tower with Radar,26,79,37,24,166,0,2,2,1,5,26,81,39,25,171,2,48,50,221
11/07/2008,FSD,SD,AGL,CE,Combined TRACON& Tower with Radar,25,84,17,0,126,0,1,0,0,1,25,85,17,0,127,0,0,0,127
11/08/2008,FSD,SD,AGL,CE,Combined TRACON& Tower with Radar,18,34,9,0,61,0,0,0,1,1,18,34,9,1,62,0,0,0,62
11/09/2008,FSD,SD,AGL,CE,Combined TRACON& Tower with Radar,21,23,15,0,59,0,0,1,0,1,21,23,16,0,60,34,0,34,94
11/10/2008,FSD,SD,AGL,CE,Combined TRACON& Tower with Radar,20,66,32,1,119,0,5,17,0,22,20,71,49,1,141,40,0,40,181
11/11/2008,FSD,SD,AGL,CE,Combined TRACON& Tower with Radar,26,72,19,0,117,0,0,0,0,0,26,72,19,0,117,0,0,0,117
11/12/2008,FSD,SD,AGL,CE,Combined TRACON& Tower with Radar,24,93,55,16,188,0,0,0,2,2,24,93,55,18,190,0,0,0,190
11/13/2008,FSD,SD,AGL,CE,Combined TRACON& Tower with Radar,25,82,57,41,205,0,4,16,1,21,25,86,73,42,226,0,28,28,254
11/14/2008,FSD,SD,AGL,CE,Combined TRACON& Tower with Radar,29,77,30,12,148,0,0,17,0,17,29,77,47,12,165,2,10,12,177
11/15/2008,FSD,SD,AGL,CE,Combined TRACON& Tower with Radar,20,29,16,0,65,0,2,9,0,11,20,31,25,0,76,0,0,0,76
11/16/2008,FSD,SD,AGL,CE,Combined TRACON& Tower with Radar,21,27,26,1,75,0,2,11,0,13,21,29,37,1,88,0,0,0,88
11/17/2008,FSD,SD,AGL,CE,Combined TRACON& Tower with Radar,19,62,61,17,159,0,0,10,0,10,19,62,71,17,169,18,8,26,195
11/18/2008,FSD,SD,AGL,CE,Combined TRACON& Tower with Radar,22,74,41,19,156,0,2,19,0,21,22,76,60,19,177,8,0,8,185
11/19/2008,FSD,SD,AGL,CE,Combined TRACON& Tower with Radar,24,68,68,23,183,0,2,11,0,13,24,70,79,23,196,14,0,14,210
11/20/2008,FSD,SD,AGL,CE,Combined TRACON& Tower with Radar,26,78,42,22,168,0,7,15,1,23,26,85,57,23,191,12,6,18,209
11/21/2008,FSD,SD,AGL,CE,Combined TRACON& Tower with Radar,26,76,54,1,157,0,2,27,0,29,26,78,81,1,186,10,0,10,196
11/22/2008,FSD,SD,AGL,CE,Combined TRACON& Tower with Radar,18,36,18,1,73,0,1,0,0,1,18,37,18,1,74,0,0,0,74
11/23/2008,FSD,SD,AGL,CE,Combined TRACON& Tower with Radar,21,22,6,1,50,0,2,19,2,23,21,24,25,3,73,36,0,36,109
11/24/2008,FSD,SD,AGL,CE,Combined TRACON& Tower with Radar,21,62,30,28,141,0,7,18,0,25,21,69,48,28,166,10,26,36,202
11/25/2008,FSD,SD,AGL,CE,Combined TRACON& Tower with Radar,29,75,44,9,157,0,2,43,1,46,29,77,87,10,203,34,12,46,249
11/26/2008,FSD,SD,AGL,CE,Combined TRACON& Tower with Radar,30,79,30,2,141,0,1,43,0,44,30,80,73,2,185,44,0,44,229
11/27/2008,FSD,SD,AGL,CE,Combined TRACON& Tower with Radar,7,22,3,0,32,0,2,7,0,9,7,24,10,0,41,0,0,0,41
11/28/2008,FSD,SD,AGL,CE,Combined TRACON& Tower with Radar,21,76,10,0,107,0,26,6,0,32,21,102,16,0,139,26,0,26,165
11/29/2008,FSD,SD,AGL,CE,Combined TRACON& Tower with Radar,21,38,23,0,82,0,0,16,0,16,21,38,39,0,98,6,0,6,104
11/30/2008,FSD,SD,AGL,CE,Combined TRACON& Tower with Radar,21,37,24,0,82,0,0,2,0,2,21,37,26,0,84,0,0,0,84
12/01/2008,FSD,SD,AGL,CE,Combined TRACON& Tower with Radar,17,50,37,3,107,0,1,18,3,22,17,51,55,6,129,14,0,14,143
12/02/2008,FSD,SD,AGL,CE,Combined TRACON& Tower with Radar,19,79,35,16,149,0,0,26,0,26,19,79,61,16,175,32,24,56,231
12/03/2008,FSD,SD,AGL,CE,Combined TRACON& Tower with Radar,24,74,54,6,158,0,2,7,0,9,24,76,61,6,167,8,6,14,181
12/04/2008,FSD,SD,AGL,CE,Combined TRACON& Tower with Radar,31,71,48,12,162,0,0,23,0,23,31,71,71,12,185,18,12,30,215
12/05/2008,FSD,SD,AGL,CE,Combined TRACON& Tower with Radar,25,85,29,10,149,0,0,13,1,14,25,85,42,11,163,0,6,6,169
12/06/2008,FSD,SD,AGL,CE,Combined TRACON& Tower with Radar,20,32,18,9,79,0,0,11,8,19,20,32,29,17,98,10,2,12,110
12/07/2008,FSD,SD,AGL,CE,Combined TRACON& Tower with Radar,21,29,14,8,72,0,2,3,2,7,21,31,17,10,79,0,8,8,87
12/08/2008,FSD,SD,AGL,CE,Combined TRACON& Tower with Radar,19,65,27,3,114,0,2,5,0,7,19,67,32,3,121,0,0,0,121
12/09/2008,FSD,SD,AGL,CE,Combined TRACON& Tower with Radar,20,82,29,9,140,0,2,6,3,11,20,84,35,12,151,0,16,16,167
12/10/2008,FSD,SD,AGL,CE,Combined TRACON& Tower with Radar,25,91,50,23,189,0,11,23,0,34,25,102,73,23,223,20,34,54,277
12/11/2008,FSD,SD,AGL,CE,Combined TRACON& Tower with Radar,27,81,58,14,180,0,1,19,0,20,27,82,77,14,200,2,8,10,210
12/12/2008,FSD,SD,AGL,CE,Combined TRACON& Tower with Radar,24,77,32,1,134,0,3,40,2,45,24,80,72,3,179,14,6,20,199
12/13/2008,FSD,SD,AGL,CE,Combined TRACON& Tower with Radar,17,37,12,2,68,0,3,32,15,50,17,40,44,17,118,14,6,20,138
12/14/2008,FSD,SD,AGL,CE,Combined TRACON& Tower with Radar,21,19,3,0,43,0,0,0,0,0,21,19,3,0,43,0,0,0,43
12/15/2008,FSD,SD,AGL,CE,Combined TRACON& Tower with Radar,16,65,39,0,120,0,1,14,0,15,16,66,53,0,135,0,0,0,135
12/16/2008,FSD,SD,AGL,CE,Combined TRACON& Tower with Radar,23,81,40,0,144,0,1,1,0,2,23,82,41,0,146,0,0,0,146
12/17/2008,FSD,SD,AGL,CE,Combined TRACON& Tower with Radar,27,99,52,43,221,0,2,24,0,26,27,101,76,43,247,0,14,14,261
12/18/2008,FSD,SD,AGL,CE,Combined TRACON& Tower with Radar,25,96,48,15,184,0,1,1,5,7,25,97,49,20,191,2,26,28,219
12/19/2008,FSD,SD,AGL,CE,Combined TRACON& Tower with Radar,25,89,29,0,143,1,2,3,0,6,26,91,32,0,149,8,0,8,157
12/20/2008,FSD,SD,AGL,CE,Combined TRACON& Tower with Radar,15,47,2,0,64,0,0,0,0,0,15,47,2,0,64,0,0,0,64
12/21/2008,FSD,SD,AGL,CE,Combined TRACON& Tower with Radar,21,36,8,0,65,0,1,0,0,1,21,37,8,0,66,0,0,0,66
12/22/2008,FSD,SD,AGL,CE,Combined TRACON& Tower with Radar,17,77,31,17,142,0,2,13,0,15,17,79,44,17,157,8,4,12,169
12/23/2008,FSD,SD,AGL,CE,Combined TRACON& Tower with Radar,29,92,25,22,168,0,0,13,0,13,29,92,38,22,181,6,12,18,199
12/24/2008,FSD,SD,AGL,CE,Combined TRACON& Tower with Radar,28,105,13,0,146,0,7,26,0,33,28,112,39,0,179,8,0,8,187
12/25/2008,FSD,SD,AGL,CE,Combined TRACON& Tower with Radar,12,25,8,0,45,0,0,4,0,4,12,25,12,0,49,4,0,4,53
12/26/2008,FSD,SD,AGL,CE,Combined TRACON& Tower with Radar,21,87,11,0,119,0,0,2,0,2,21,87,13,0,121,0,0,0,121
12/27/2008,FSD,SD,AGL,CE,Combined TRACON& Tower with Radar,22,47,20,0,89,0,7,11,0,18,22,54,31,0,107,10,0,10,117
12/28/2008,FSD,SD,AGL,CE,Combined TRACON& Tower with Radar,18,36,31,0,85,0,1,28,0,29,18,37,59,0,114,60,0,60,174
12/29/2008,FSD,SD,AGL,CE,Combined TRACON& Tower with Radar,19,55,25,0,99,0,5,28,0,33,19,60,53,0,132,8,0,8,140
12/30/2008,FSD,SD,AGL,CE,Combined TRACON& Tower with Radar,33,88,25,5,151,0,6,16,0,22,33,94,41,5,173,8,8,16,189
12/31/2008,FSD,SD,AGL,CE,Combined TRACON& Tower with Radar,28,72,11,7,118,0,6,16,0,22,28,78,27,7,140,16,16,32,172
01/01/2009,FSD,SD,AGL,CE,Combined TRACON& Tower with Radar,14,28,8,0,50,0,1,6,0,7,14,29,14,0,57,0,0,0,57
01/02/2009,FSD,SD,AGL,CE,Combined TRACON& Tower with Radar,24,77,16,0,117,0,4,23,0,27,24,81,39,0,144,22,0,22,166
01/03/2009,FSD,SD,AGL,CE,Combined TRACON& Tower with Radar,17,44,3,0,64,0,0,0,0,0,17,44,3,0,64,0,0,0,64
01/04/2009,FSD,SD,AGL,CE,Combined TRACON& Tower with Radar,18,24,9,0,51,0,2,22,0,24,18,26,31,0,75,32,0,32,107
01/05/2009,FSD,SD,AGL,CE,Combined TRACON& Tower with Radar,18,59,26,6,109,0,3,13,10,26,18,62,39,16,135,14,0,14,149
01/06/2009,FSD,SD,AGL,CE,Combined TRACON& Tower with Radar,23,73,38,18,152,0,4,29,9,42,23,77,67,27,194,42,18,60,254
01/07/2009,FSD,SD,AGL,CE,Combined TRACON& Tower with Radar,26,89,27,14,156,0,0,11,1,12,26,89,38,15,168,24,20,44,212
01/08/2009,FSD,SD,AGL,CE,Combined TRACON& Tower with Radar,21,77,39,16,153,0,1,17,1,19,21,78,56,17,172,22,2,24,196
01/09/2009,FSD,SD,AGL,CE,Combined TRACON& Tower with Radar,25,88,14,0,127,0,3,4,0,7,25,91,18,0,134,0,0,0,134
01/10/2009,FSD,SD,AGL,CE,Combined TRACON& Tower with Radar,14,43,19,16,92,0,5,12,9,26,14,48,31,25,118,8,10,18,136
01/11/2009,FSD,SD,AGL,CE,Combined TRACON& Tower with Radar,19,32,9,10,70,0,3,2,0,5,19,35,11,10,75,0,2,2,77
01/12/2009,FSD,SD,AGL,CE,Combined TRACON& Tower with Radar,19,54,9,0,82,0,1,0,0,1,19,55,9,0,83,0,0,0,83
01/13/2009,FSD,SD,AGL,CE,Combined TRACON& Tower with Radar,24,93,36,8,161,0,2,3,0,5,24,95,39,8,166,0,0,0,166
01/14/2009,FSD,SD,AGL,CE,Combined TRACON& Tower with Radar,23,102,31,0,156,0,16,7,0,23,23,118,38,0,179,8,0,8,187
01/15/2009,FSD,SD,AGL,CE,Combined TRACON& Tower with Radar,24,85,45,8,162,0,1,10,0,11,24,86,55,8,173,16,2,18,191
01/16/2009,FSD,SD,AGL,CE,Combined TRACON& Tower with Radar,22,81,22,17,142,0,10,8,0,18,22,91,30,17,160,0,8,8,168
01/17/2009,FSD,SD,AGL,CE,Combined TRACON& Tower with Radar,14,44,8,0,66,0,0,2,0,2,14,44,10,0,68,0,0,0,68
01/18/2009,FSD,SD,AGL,CE,Combined TRACON& Tower with Radar,21,27,13,0,61,0,0,12,0,12,21,27,25,0,73,6,0,6,79
01/19/2009,FSD,SD,AGL,CE,Combined TRACON& Tower with Radar,17,73,20,0,110,0,0,2,0,2,17,73,22,0,112,0,0,0,112
01/20/2009,FSD,SD,AGL,CE,Combined TRACON& Tower with Radar,22,78,48,0,148,0,2,10,0,12,22,80,58,0,160,4,0,4,164
01/21/2009,FSD,SD,AGL,CE,Combined TRACON& Tower with Radar,31,91,30,11,163,0,1,34,0,35,31,92,64,11,198,40,14,54,252
01/22/2009,FSD,SD,AGL,CE,Combined TRACON& Tower with Radar,27,84,52,30,193,0,8,37,5,50,27,92,89,35,243,36,20,56,299
01/23/2009,FSD,SD,AGL,CE,Combined TRACON& Tower with Radar,22,91,20,13,146,0,3,5,0,8,22,94,25,13,154,4,8,12,166
01/24/2009,FSD,SD,AGL,CE,Combined TRACON& Tower with Radar,14,39,5,7,65,0,4,10,8,22,14,43,15,15,87,16,8,24,111
01/25/2009,FSD,SD,AGL,CE,Combined TRACON& Tower with Radar,18,34,11,4,67,0,0,7,1,8,18,34,18,5,75,18,0,18,93
01/26/2009,FSD,SD,AGL,CE,Combined TRACON& Tower with Radar,17,65,28,10,120,0,0,6,0,6,17,65,34,10,126,0,6,6,132
01/27/2009,FSD,SD,AGL,CE,Combined TRACON& Tower with Radar,20,85,45,14,164,0,3,12,3,18,20,88,57,17,182,10,0,10,192
01/28/2009,FSD,SD,AGL,CE,Combined TRACON& Tower with Radar,22,93,43,17,175,0,6,18,3,27,22,99,61,20,202,10,4,14,216
01/29/2009,FSD,SD,AGL,CE,Combined TRACON& Tower with Radar,26,80,35,14,155,0,4,3,0,7,26,84,38,14,162,0,0,0,162
01/30/2009,FSD,SD,AGL,CE,Combined TRACON& Tower with Radar,22,90,32,1,145,0,4,5,1,10,22,94,37,2,155,8,0,8,163
01/31/2009,FSD,SD,AGL,CE,Combined TRACON& Tower with Radar,14,41,34,0,89,0,1,40,0,41,14,42,74,0,130,30,0,30,160
02/01/2009,FSD,SD,AGL,CE,Combined TRACON& Tower with Radar,21,28,5,0,54,0,2,15,0,17,21,30,20,0,71,20,0,20,91
02/02/2009,FSD,SD,AGL,CE,Combined TRACON& Tower with Radar,16,71,45,1,133,0,3,10,0,13,16,74,55,1,146,10,0,10,156
02/03/2009,FSD,SD,AGL,CE,Combined TRACON& Tower with Radar,21,79,32,15,147,0,7,25,0,32,21,86,57,15,179,32,14,46,225
02/04/2009,FSD,SD,AGL,CE,Combined TRACON& Tower with Radar,24,85,37,16,162,0,1,26,0,27,24,86,63,16,189,36,8,44,233
02/05/2009,FSD,SD,AGL,CE,Combined TRACON& Tower with Radar,24,76,35,20,155,0,5,24,4,33,24,81,59,24,188,30,6,36,224
02/06/2009,FSD,SD,AGL,CE,Combined TRACON& Tower with Radar,27,85,32,6,150,0,10,32,0,42,27,95,64,6,192,26,6,32,224
02/07/2009,FSD,SD,AGL,CE,Combined TRACON& Tower with Radar,14,40,2,16,72,0,1,13,0,14,14,41,15,16,86,12,12,24,110
02/08/2009,FSD,SD,AGL,CE,Combined TRACON& Tower with Radar,21,64,30,8,123,0,8,35,0,43,21,72,65,8,166,78,4,82,248
02/09/2009,FSD,SD,AGL,CE,Combined TRACON& Tower with Radar,17,76,12,0,105,0,1,2,0,3,17,77,14,0,108,0,0,0,108
02/10/2009,FSD,SD,AGL,CE,Combined TRACON& Tower with Radar,19,83,30,38,170,0,2,7,0,9,19,85,37,38,179,8,68,76,255
02/11/2009,FSD,SD,AGL,CE,Combined TRACON& Tower with Radar,23,98,55,30,206,0,8,12,3,23,23,106,67,33,229,0,84,84,313
02/12/2009,FSD,SD,AGL,CE,Combined TRACON& Tower with Radar,33,83,30,27,173,0,0,21,0,21,33,83,51,27,194,22,20,42,236
02/13/2009,FSD,SD,AGL,CE,Combined TRACON& Tower with Radar,32,85,24,8,149,0,5,10,0,15,32,90,34,8,164,18,0,18,182
02/14/2009,FSD,SD,AGL,CE,Combined TRACON& Tower with Radar,12,39,4,0,55,0,9,20,2,31,12,48,24,2,86,8,0,8,94
02/15/2009,FSD,SD,AGL,CE,Combined TRACON& Tower with Radar,23,24,3,0,50,0,0,19,0,19,23,24,22,0,69,36,0,36,105
02/16/2009,FSD,SD,AGL,CE,Combined TRACON& Tower with Radar,25,54,19,0,98,0,3,22,0,25,25,57,41,0,123,18,0,18,141
02/17/2009,FSD,SD,AGL,CE,Combined TRACON& Tower with Radar,28,82,44,0,154,0,0,20,0,20,28,82,64,0,174,28,0,28,202
02/18/2009,FSD,SD,AGL,CE,Combined TRACON& Tower with Radar,31,82,35,11,159,0,4,14,0,18,31,86,49,11,177,18,8,26,203
02/19/2009,FSD,SD,AGL,CE,Combined TRACON& Tower with Radar,26,81,31,4,142,0,4,18,0,22,26,85,49,4,164,0,0,0,164
02/20/2009,FSD,SD,AGL,CE,Combined TRACON& Tower with Radar,28,81,21,5,135,0,0,8,0,8,28,81,29,5,143,18,0,18,161
02/21/2009,FSD,SD,AGL,CE,Combined TRACON& Tower with Radar,14,43,25,10,92,0,4,11,0,15,14,47,36,10,107,30,0,30,137
02/22/2009,FSD,SD,AGL,CE,Combined TRACON& Tower with Radar,21,23,16,0,60,0,7,42,0,49,21,30,58,0,109,24,0,24,133
02/23/2009,FSD,SD,AGL,CE,Combined TRACON& Tower with Radar,22,51,32,18,123,0,8,21,2,31,22,59,53,20,154,4,2,6,160
02/24/2009,FSD,SD,AGL,CE,Combined TRACON& Tower with Radar,24,79,36,13,152,0,0,30,13,43,24,79,66,26,195,70,0,70,265
02/25/2009,FSD,SD,AGL,CE,Combined TRACON& Tower with Radar,27,80,56,14,177,0,3,18,3,24,27,83,74,17,201,32,12,44,245
02/26/2009,FSD,SD,AGL,CE,Combined TRACON& Tower with Radar,31,88,6,0,125,0,0,0,0,0,31,88,6,0,125,0,0,0,125
02/27/2009,FSD,SD,AGL,CE,Combined TRACON& Tower with Radar,27,74,27,11,139,0,4,9,0,13,27,78,36,11,152,8,2,10,162
02/28/2009,FSD,SD,AGL,CE,Combined TRACON& Tower with Radar,14,41,18,4,77,0,4,25,0,29,14,45,43,4,106,8,0,8,114
03/01/2009,FSD,SD,AGL,CE,Combined TRACON& Tower with Radar,21,25,5,0,51,0,8,6,0,14,21,33,11,0,65,0,0,0,65
03/02/2009,FSD,SD,AGL,CE,Combined TRACON& Tower with Radar,19,65,30,0,114,0,5,13,0,18,19,70,43,0,132,8,0,8,140
03/03/2009,FSD,SD,AGL,CE,Combined TRACON& Tower with Radar,24,87,36,14,161,0,2,26,0,28,24,89,62,14,189,12,2,14,203
03/04/2009,FSD,SD,AGL,CE,Combined TRACON& Tower with Radar,28,80,54,14,176,0,1,32,3,36,28,81,86,17,212,32,18,50,262
03/05/2009,FSD,SD,AGL,CE,Combined TRACON& Tower with Radar,26,93,48,14,181,0,0,11,0,11,26,93,59,14,192,4,4,8,200
03/06/2009,FSD,SD,AGL,CE,Combined TRACON& Tower with Radar,32,82,26,7,147,0,0,17,0,17,32,82,43,7,164,16,2,18,182
03/07/2009,FSD,SD,AGL,CE,Combined TRACON& Tower with Radar,17,52,17,8,94,0,2,8,0,10,17,54,25,8,104,16,4,20,124
03/08/2009,FSD,SD,AGL,CE,Combined TRACON& Tower with Radar,18,26,9,0,53,0,1,6,0,7,18,27,15,0,60,0,0,0,60
03/09/2009,FSD,SD,AGL,CE,Combined TRACON& Tower with Radar,27,57,19,0,103,0,0,0,0,0,27,57,19,0,103,0,0,0,103
03/10/2009,FSD,SD,AGL,CE,Combined TRACON& Tower with Radar,24,69,8,0,101,0,0,0,0,0,24,69,8,0,101,0,0,0,101
03/11/2009,FSD,SD,AGL,CE,Combined TRACON& Tower with Radar,25,83,45,3,156,0,2,13,1,16,25,85,58,4,172,6,0,6,178
03/12/2009,FSD,SD,AGL,CE,Combined TRACON& Tower with Radar,27,82,34,9,152,0,3,35,2,40,27,85,69,11,192,20,8,28,220
03/13/2009,FSD,SD,AGL,CE,Combined TRACON& Tower with Radar,27,82,15,8,132,0,1,44,0,45,27,83,59,8,177,16,20,36,213
03/14/2009,FSD,SD,AGL,CE,Combined TRACON& Tower with Radar,14,41,18,2,75,0,4,42,1,47,14,45,60,3,122,26,0,26,148
03/15/2009,FSD,SD,AGL,CE,Combined TRACON& Tower with Radar,16,30,8,2,56,0,4,12,0,16,16,34,20,2,72,16,0,16,88
03/16/2009,FSD,SD,AGL,CE,Combined TRACON& Tower with Radar,23,71,28,14,136,0,7,28,1,36,23,78,56,15,172,50,4,54,226
03/17/2009,FSD,SD,AGL,CE,Combined TRACON& Tower with Radar,27,84,43,19,173,0,5,19,0,24,27,89,62,19,197,26,0,26,223
03/18/2009,FSD,SD,AGL,CE,Combined TRACON& Tower with Radar,31,100,31,20,182,0,16,30,0,46,31,116,61,20,228,32,24,56,284
03/19/2009,FSD,SD,AGL,CE,Combined TRACON& Tower with Radar,24,83,45,20,172,0,2,39,1,42,24,85,84,21,214,30,8,38,252
03/20/2009,FSD,SD,AGL,CE,Combined TRACON& Tower with Radar,26,82,24,8,140,0,2,23,8,33,26,84,47,16,173,6,0,6,179
03/21/2009,FSD,SD,AGL,CE,Combined TRACON& Tower with Radar,13,44,20,0,77,0,0,30,2,32,13,44,50,2,109,24,0,24,133
03/22/2009,FSD,SD,AGL,CE,Combined TRACON& Tower with Radar,20,19,16,0,55,0,0,0,0,0,20,19,16,0,55,0,0,0,55
03/23/2009,FSD,SD,AGL,CE,Combined TRACON& Tower with Radar,26,52,11,0,89,0,4,0,0,4,26,56,11,0,93,12,0,12,105
03/24/2009,FSD,SD,AGL,CE,Combined TRACON& Tower with Radar,24,80,32,9,145,0,1,5,1,7,24,81,37,10,152,0,0,0,152
03/25/2009,FSD,SD,AGL,CE,Combined TRACON& Tower with Radar,28,89,39,13,169,0,3,7,2,12,28,92,46,15,181,0,12,12,193
03/26/2009,FSD,SD,AGL,CE,Combined TRACON& Tower with Radar,28,83,55,11,177,0,1,12,2,15,28,84,67,13,192,6,0,6,198
03/27/2009,FSD,SD,AGL,CE,Combined TRACON& Tower with Radar,25,84,35,8,152,0,0,63,0,63,25,84,98,8,215,46,12,58,273
03/28/2009,FSD,SD,AGL,CE,Combined TRACON& Tower with Radar,12,57,26,12,107,0,6,23,0,29,12,63,49,12,136,66,14,80,216
03/29/2009,FSD,SD,AGL,CE,Combined TRACON& Tower with Radar,16,12,25,6,59,0,4,30,2,36,16,16,55,8,95,50,6,56,151
03/30/2009,FSD,SD,AGL,CE,Combined TRACON& Tower with Radar,21,62,17,1,101,0,1,2,0,3,21,63,19,1,104,0,0,0,104
03/31/2009,FSD,SD,AGL,CE,Combined TRACON& Tower with Radar,22,69,9,9,109,0,0,0,0,0,22,69,9,9,109,0,0,0,109
04/01/2009,FSD,SD,AGL,CE,Combined TRACON& Tower with Radar,27,105,21,19,172,0,3,10,5,18,27,108,31,24,190,22,58,80,270
04/02/2009,FSD,SD,AGL,CE,Combined TRACON& Tower with Radar,24,88,33,0,145,0,6,29,2,37,24,94,62,2,182,10,0,10,192
04/03/2009,FSD,SD,AGL,CE,Combined TRACON& Tower with Radar,27,89,37,3,156,0,3,32,1,36,27,92,69,4,192,22,4,26,218
04/04/2009,FSD,SD,AGL,CE,Combined TRACON& Tower with Radar,12,30,1,3,46,0,0,1,0,1,12,30,2,3,47,0,0,0,47
04/05/2009,FSD,SD,AGL,CE,Combined TRACON& Tower with Radar,16,25,5,0,46,0,4,1,0,5,16,29,6,0,51,0,0,0,51
04/06/2009,FSD,SD,AGL,CE,Combined TRACON& Tower with Radar,25,58,36,3,122,0,1,6,0,7,25,59,42,3,129,2,0,2,131
04/07/2009,FSD,SD,AGL,CE,Combined TRACON& Tower with Radar,27,76,34,4,141,0,4,15,0,19,27,80,49,4,160,6,0,6,166
04/08/2009,FSD,SD,AGL,CE,Combined TRACON& Tower with Radar,26,86,50,4,166,0,9,21,3,33,26,95,71,7,199,26,2,28,227
04/09/2009,FSD,SD,AGL,CE,Combined TRACON& Tower with Radar,28,87,39,24,178,0,5,30,0,35,28,92,69,24,213,6,6,12,225
04/10/2009,FSD,SD,AGL,CE,Combined TRACON& Tower with Radar,24,74,27,2,127,0,16,25,0,41,24,90,52,2,168,42,0,42,210
04/11/2009,FSD,SD,AGL,CE,Combined TRACON& Tower with Radar,14,34,9,6,63,0,2,19,3,24,14,36,28,9,87,26,0,26,113
04/12/2009,FSD,SD,AGL,CE,Combined TRACON& Tower with Radar,19,26,11,0,56,0,3,12,0,15,19,29,23,0,71,6,0,6,77
04/13/2009,FSD,SD,AGL,CE,Combined TRACON& Tower with Radar,24,65,47,5,141,0,5,40,0,45,24,70,87,5,186,6,0,6,192
04/14/2009,FSD,SD,AGL,CE,Combined TRACON& Tower with Radar,24,75,41,14,154,0,9,57,0,66,24,84,98,14,220,50,6,56,276
04/15/2009,FSD,SD,AGL,CE,Combined TRACON& Tower with Radar,24,80,35,8,147,0,3,19,0,22,24,83,54,8,169,8,0,8,177
04/16/2009,FSD,SD,AGL,CE,Combined TRACON& Tower with Radar,27,89,48,14,178,0,3,19,2,24,27,92,67,16,202,22,6,28,230
04/17/2009,FSD,SD,AGL,CE,Combined TRACON& Tower with Radar,22,79,47,15,163,0,2,33,1,36,22,81,80,16,199,50,22,72,271
04/18/2009,FSD,SD,AGL,CE,Combined TRACON& Tower with Radar,16,39,17,0,72,0,1,17,0,18,16,40,34,0,90,18,0,18,108
04/19/2009,FSD,SD,AGL,CE,Combined TRACON& Tower with Radar,29,34,8,0,71,0,2,3,1,6,29,36,11,1,77,12,0,12,89
04/20/2009,FSD,SD,AGL,CE,Combined TRACON& Tower with Radar,19,59,40,8,126,0,4,19,0,23,19,63,59,8,149,12,0,12,161
04/21/2009,FSD,SD,AGL,CE,Combined TRACON& Tower with Radar,28,73,50,17,168,0,10,22,3,35,28,83,72,20,203,12,0,12,215
04/22/2009,FSD,SD,AGL,CE,Combined TRACON& Tower with Radar,23,73,36,18,150,0,5,33,3,41,23,78,69,21,191,0,0,0,191
04/23/2009,FSD,SD,AGL,CE,Combined TRACON& Tower with Radar,28,77,50,16,171,0,1,15,2,18,28,78,65,18,189,14,6,20,209
04/24/2009,FSD,SD,AGL,CE,Combined TRACON& Tower with Radar,24,83,47,7,161,0,4,13,4,21,24,87,60,11,182,14,0,14,196
04/25/2009,FSD,SD,AGL,CE,Combined TRACON& Tower with Radar,14,36,10,0,60,0,2,20,4,26,14,38,30,4,86,26,0,26,112
04/26/2009,FSD,SD,AGL,CE,Combined TRACON& Tower with Radar,19,31,25,0,75,0,0,3,0,3,19,31,28,0,78,0,0,0,78
04/27/2009,FSD,SD,AGL,CE,Combined TRACON& Tower with Radar,19,62,21,2,104,0,11,9,1,21,19,73,30,3,125,4,0,4,129
04/28/2009,FSD,SD,AGL,CE,Combined TRACON& Tower with Radar,25,79,35,13,152,0,1,13,1,15,25,80,48,14,167,14,2,16,183
04/29/2009,FSD,SD,AGL,CE,Combined TRACON& Tower with Radar,24,92,25,1,142,0,0,0,0,0,24,92,25,1,142,0,0,0,142
04/30/2009,FSD,SD,AGL,CE,Combined TRACON& Tower with Radar,26,75,54,2,157,0,3,15,3,21,26,78,69,5,178,24,0,24,202
05/01/2009,FSD,SD,AGL,CE,Combined TRACON& Tower with Radar,22,69,18,16,125,0,5,21,0,26,22,74,39,16,151,14,0,14,165
05/02/2009,FSD,SD,AGL,CE,Combined TRACON& Tower with Radar,15,42,12,6,75,0,6,67,3,76,15,48,79,9,151,32,0,32,183
05/03/2009,FSD,SD,AGL,CE,Combined TRACON& Tower with Radar,18,25,19,4,66,0,16,22,1,39,18,41,41,5,105,38,0,38,143
05/04/2009,FSD,SD,AGL,CE,Combined TRACON& Tower with Radar,19,69,38,4,130,0,1,15,0,16,19,70,53,4,146,14,0,14,160
05/05/2009,FSD,SD,AGL,CE,Combined TRACON& Tower with Radar,23,76,43,10,152,0,1,25,2,28,23,77,68,12,180,8,22,30,210
05/06/2009,FSD,SD,AGL,CE,Combined TRACON& Tower with Radar,22,82,24,14,142,0,0,14,0,14,22,82,38,14,156,14,0,14,170
05/07/2009,FSD,SD,AGL,CE,Combined TRACON& Tower with Radar,26,90,42,13,171,0,9,30,2,41,26,99,72,15,212,26,4,30,242
05/08/2009,FSD,SD,AGL,CE,Combined TRACON& Tower with Radar,26,85,30,13,154,0,2,9,0,11,26,87,39,13,165,0,0,0,165
05/09/2009,FSD,SD,AGL,CE,Combined TRACON& Tower with Radar,13,43,14,0,70,0,2,14,0,16,13,45,28,0,86,18,0,18,104
05/10/2009,FSD,SD,AGL,CE,Combined TRACON& Tower with Radar,17,24,7,0,48,0,4,13,0,17,17,28,20,0,65,10,0,10,75
05/11/2009,FSD,SD,AGL,CE,Combined TRACON& Tower with Radar,26,78,42,0,146,0,11,23,0,34,26,89,65,0,180,16,0,16,196
05/12/2009,FSD,SD,AGL,CE,Combined TRACON& Tower with Radar,22,84,42,11,159,0,4,8,2,14,22,88,50,13,173,0,8,8,181
05/13/2009,FSD,SD,AGL,CE,Combined TRACON& Tower with Radar,26,84,27,0,137,0,2,9,0,11,26,86,36,0,148,10,0,10,158
05/14/2009,FSD,SD,AGL,CE,Combined TRACON& Tower with Radar,25,78,60,22,185,0,4,23,0,27,25,82,83,22,212,8,20,28,240
05/15/2009,FSD,SD,AGL,CE,Combined TRACON& Tower with Radar,28,81,34,23,166,0,1,19,4,24,28,82,53,27,190,2,42,44,234
05/16/2009,FSD,SD,AGL,CE,Combined TRACON& Tower with Radar,20,44,4,2,70,0,7,19,4,30,20,51,23,6,100,2,10,12,112
05/17/2009,FSD,SD,AGL,CE,Combined TRACON& Tower with Radar,19,22,16,2,59,0,8,17,2,27,19,30,33,4,86,0,0,0,86
05/18/2009,FSD,SD,AGL,CE,Combined TRACON& Tower with Radar,20,63,41,21,145,0,7,47,0,54,20,70,88,21,199,30,4,34,233
05/19/2009,FSD,SD,AGL,CE,Combined TRACON& Tower with Radar,24,83,37,23,167,0,13,18,10,41,24,96,55,33,208,0,12,12,220
05/20/2009,FSD,SD,AGL,CE,Combined TRACON& Tower with Radar,27,77,44,22,170,0,6,14,4,24,27,83,58,26,194,0,14,14,208
05/21/2009,FSD,SD,AGL,CE,Combined TRACON& Tower with Radar,26,89,36,19,170,0,6,16,0,22,26,95,52,19,192,12,4,16,208
05/22/2009,FSD,SD,AGL,CE,Combined TRACON& Tower with Radar,24,83,15,0,122,0,10,12,1,23,24,93,27,1,145,10,0,10,155
05/23/2009,FSD,SD,AGL,CE,Combined TRACON& Tower with Radar,17,40,10,0,67,0,9,18,0,27,17,49,28,0,94,10,0,10,104
05/24/2009,FSD,SD,AGL,CE,Combined TRACON& Tower with Radar,15,24,7,0,46,0,4,28,0,32,15,28,35,0,78,26,0,26,104
05/25/2009,FSD,SD,AGL,CE,Combined TRACON& Tower with Radar,17,23,11,1,52,0,4,7,0,11,17,27,18,1,63,14,0,14,77
05/26/2009,FSD,SD,AGL,CE,Combined TRACON& Tower with Radar,18,80,51,5,154,0,10,10,0,20,18,90,61,5,174,0,0,0,174
05/27/2009,FSD,SD,AGL,CE,Combined TRACON& Tower with Radar,27,85,44,17,173,0,1,12,0,13,27,86,56,17,186,2,0,2,188
05/28/2009,FSD,SD,AGL,CE,Combined TRACON& Tower with Radar,27,85,39,11,162,0,9,28,0,37,27,94,67,11,199,8,12,20,219
05/29/2009,FSD,SD,AGL,CE,Combined TRACON& Tower with Radar,26,78,16,5,125,0,0,35,3,38,26,78,51,8,163,4,20,24,187
05/30/2009,FSD,SD,AGL,CE,Combined TRACON& Tower with Radar,17,39,12,5,73,0,7,26,0,33,17,46,38,5,106,6,0,6,112
05/31/2009,FSD,SD,AGL,CE,Combined TRACON& Tower with Radar,18,26,10,0,54,0,5,12,1,18,18,31,22,1,72,0,0,0,72
06/01/2009,FSD,SD,AGL,CE,Combined TRACON& Tower with Radar,22,61,26,3,112,0,7,17,0,24,22,68,43,3,136,2,0,2,138
06/02/2009,FSD,SD,AGL,CE,Combined TRACON& Tower with Radar,22,80,33,8,143,0,3,29,0,32,22,83,62,8,175,30,20,50,225
06/03/2009,FSD,SD,AGL,CE,Combined TRACON& Tower with Radar,27,74,44,15,160,0,2,32,0,34,27,76,76,15,194,8,12,20,214
06/04/2009,FSD,SD,AGL,CE,Combined TRACON& Tower with Radar,25,78,41,5,149,0,6,37,2,45,25,84,78,7,194,26,0,26,220
06/05/2009,FSD,SD,AGL,CE,Combined TRACON& Tower with Radar,20,79,29,6,134,0,0,20,0,20,20,79,49,6,154,40,4,44,198
06/06/2009,FSD,SD,AGL,CE,Combined TRACON& Tower with Radar,15,51,14,2,82,0,0,2,0,2,15,51,16,2,84,0,0,0,84
06/07/2009,FSD,SD,AGL,CE,Combined TRACON& Tower with Radar,20,29,14,1,64,0,0,3,0,3,20,29,17,1,67,4,0,4,71
06/08/2009,FSD,SD,AGL,CE,Combined TRACON& Tower with Radar,15,75,72,8,170,0,4,18,2,24,15,79,90,10,194,4,0,4,198
06/09/2009,FSD,SD,AGL,CE,Combined TRACON& Tower with Radar,22,88,64,4,178,0,5,20,0,25,22,93,84,4,203,20,0,20,223
06/10/2009,FSD,SD,AGL,CE,Combined TRACON& Tower with Radar,26,85,41,9,161,0,5,8,1,14,26,90,49,10,175,0,2,2,177
06/11/2009,FSD,SD,AGL,CE,Combined TRACON& Tower with Radar,24,82,64,9,179,0,7,26,4,37,24,89,90,13,216,30,4,34,250
06/12/2009,FSD,SD,AGL,CE,Combined TRACON& Tower with Radar,20,81,43,16,160,0,5,17,1,23,20,86,60,17,183,0,4,4,187
06/13/2009,FSD,SD,AGL,CE,Combined TRACON& Tower with Radar,14,45,17,7,83,0,12,15,0,27,14,57,32,7,110,22,0,22,132
06/14/2009,FSD,SD,AGL,CE,Combined TRACON& Tower with Radar,20,28,15,0,63,0,7,36,0,43,20,35,51,0,106,36,0,36,142
06/15/2009,FSD,SD,AGL,CE,Combined TRACON& Tower with Radar,19,70,27,0,116,0,2,2,0,4,19,72,29,0,120,0,0,0,120
06/16/2009,FSD,SD,AGL,CE,Combined TRACON& Tower with Radar,22,84,51,2,159,0,3,3,0,6,22,87,54,2,165,0,0,0,165
06/17/2009,FSD,SD,AGL,CE,Combined TRACON& Tower with Radar,25,85,39,8,157,0,7,5,5,17,25,92,44,13,174,0,2,2,176
06/18/2009,FSD,SD,AGL,CE,Combined TRACON& Tower with Radar,22,83,33,11,149,0,1,29,4,34,22,84,62,15,183,20,8,28,211
06/19/2009,FSD,SD,AGL,CE,Combined TRACON& Tower with Radar,26,75,33,11,145,0,2,26,1,29,26,77,59,12,174,8,20,28,202
06/20/2009,FSD,SD,AGL,CE,Combined TRACON& Tower with Radar,15,51,17,0,83,0,5,22,0,27,15,56,39,0,110,10,0,10,120
06/21/2009,FSD,SD,AGL,CE,Combined TRACON& Tower with Radar,21,29,23,0,73,0,1,8,2,11,21,30,31,2,84,4,0,4,88
06/22/2009,FSD,SD,AGL,CE,Combined TRACON& Tower with Radar,18,74,39,0,131,0,2,27,4,33,18,76,66,4,164,18,4,22,186
06/23/2009,FSD,SD,AGL,CE,Combined TRACON& Tower with Radar,21,87,49,4,161,0,1,20,1,22,21,88,69,5,183,34,4,38,221
06/24/2009,FSD,SD,AGL,CE,Combined TRACON& Tower with Radar,29,89,42,12,172,0,3,19,3,25,29,92,61,15,197,4,14,18,215
06/25/2009,FSD,SD,AGL,CE,Combined TRACON& Tower with Radar,21,96,39,14,170,0,2,35,0,37,21,98,74,14,207,12,22,34,241
06/26/2009,FSD,SD,AGL,CE,Combined TRACON& Tower with Radar,22,78,31,13,144,0,2,45,0,47,22,80,76,13,191,54,18,72,263
06/27/2009,FSD,SD,AGL,CE,Combined TRACON& Tower with Radar,18,46,9,9,82,0,1,3,1,5,18,47,12,10,87,0,0,0,87
06/28/2009,FSD,SD,AGL,CE,Combined TRACON& Tower with Radar,19,34,16,4,73,0,0,22,0,22,19,34,38,4,95,6,0,6,101
06/29/2009,FSD,SD,AGL,CE,Combined TRACON& Tower with Radar,15,68,32,6,121,0,2,21,0,23,15,70,53,6,144,36,8,44,188
06/30/2009,FSD,SD,AGL,CE,Combined TRACON& Tower with Radar,25,83,34,9,151,0,2,33,3,38,25,85,67,12,189,0,10,10,199
07/01/2009,FSD,SD,AGL,CE,Combined TRACON& Tower with Radar,22,93,39,19,173,0,12,28,0,40,22,105,67,19,213,2,26,28,241
07/02/2009,FSD,SD,AGL,CE,Combined TRACON& Tower with Radar,21,86,45,2,154,0,10,67,0,77,21,96,112,2,231,50,0,50,281
07/03/2009,FSD,SD,AGL,CE,Combined TRACON& Tower with Radar,23,66,14,3,106,0,0,6,0,6,23,66,20,3,112,0,0,0,112
07/04/2009,FSD,SD,AGL,CE,Combined TRACON& Tower with Radar,18,26,11,0,55,0,3,11,0,14,18,29,22,0,69,6,0,6,75
07/05/2009,FSD,SD,AGL,CE,Combined TRACON& Tower with Radar,24,34,14,1,73,0,0,17,0,17,24,34,31,1,90,0,0,0,90
07/06/2009,FSD,SD,AGL,CE,Combined TRACON& Tower with Radar,17,81,22,2,122,0,4,27,0,31,17,85,49,2,153,26,0,26,179
07/07/2009,FSD,SD,AGL,CE,Combined TRACON& Tower with Radar,22,88,50,19,179,0,1,32,0,33,22,89,82,19,212,24,24,48,260
07/08/2009,FSD,SD,AGL,CE,Combined TRACON& Tower with Radar,26,83,49,18,176,0,1,17,1,19,26,84,66,19,195,24,2,26,221
07/09/2009,FSD,SD,AGL,CE,Combined TRACON& Tower with Radar,21,86,47,22,176,0,1,10,1,12,21,87,57,23,188,12,14,26,214
07/10/2009,FSD,SD,AGL,CE,Combined TRACON& Tower with Radar,22,93,39,16,170,0,1,30,0,31,22,94,69,16,201,6,8,14,215
07/11/2009,FSD,SD,AGL,CE,Combined TRACON& Tower with Radar,18,48,16,0,82,0,11,15,0,26,18,59,31,0,108,16,0,16,124
07/12/2009,FSD,SD,AGL,CE,Combined TRACON& Tower with Radar,20,35,32,0,87,0,0,5,0,5,20,35,37,0,92,0,0,0,92
07/13/2009,FSD,SD,AGL,CE,Combined TRACON& Tower with Radar,17,71,42,2,132,0,0,12,0,12,17,71,54,2,144,14,0,14,158
07/14/2009,FSD,SD,AGL,CE,Combined TRACON& Tower with Radar,22,93,36,22,173,0,0,8,0,8,22,93,44,22,181,12,4,16,197
07/15/2009,FSD,SD,AGL,CE,Combined TRACON& Tower with Radar,26,88,56,13,183,0,0,22,5,27,26,88,78,18,210,12,26,38,248
07/16/2009,FSD,SD,AGL,CE,Combined TRACON& Tower with Radar,22,85,55,10,172,0,2,23,1,26,22,87,78,11,198,24,12,36,234
07/17/2009,FSD,SD,AGL,CE,Combined TRACON& Tower with Radar,22,78,36,18,154,0,5,23,1,29,22,83,59,19,183,0,0,0,183
07/18/2009,FSD,SD,AGL,CE,Combined TRACON& Tower with Radar,22,47,19,2,90,0,8,36,0,44,22,55,55,2,134,10,0,10,144
07/19/2009,FSD,SD,AGL,CE,Combined TRACON& Tower with Radar,21,43,11,0,75,0,4,32,0,36,21,47,43,0,111,16,0,16,127
07/20/2009,FSD,SD,AGL,CE,Combined TRACON& Tower with Radar,16,80,38,2,136,0,0,26,0,26,16,80,64,2,162,14,0,14,176
07/21/2009,FSD,SD,AGL,CE,Combined TRACON& Tower with Radar,22,92,27,17,158,0,0,30,2,32,22,92,57,19,190,50,18,68,258
07/22/2009,FSD,SD,AGL,CE,Combined TRACON& Tower with Radar,26,88,54,9,177,0,5,60,0,65,26,93,114,9,242,34,0,34,276
07/23/2009,FSD,SD,AGL,CE,Combined TRACON& Tower with Radar,20,86,40,7,153,0,3,86,2,91,20,89,126,9,244,8,50,58,302
07/24/2009,FSD,SD,AGL,CE,Combined TRACON& Tower with Radar,21,83,18,16,138,0,1,66,7,74,21,84,84,23,212,6,4,10,222
07/25/2009,FSD,SD,AGL,CE,Combined TRACON& Tower with Radar,19,40,13,0,72,0,1,83,2,86,19,41,96,2,158,0,0,0,158
07/26/2009,FSD,SD,AGL,CE,Combined TRACON& Tower with Radar,22,35,24,6,87,0,3,67,3,73,22,38,91,9,160,12,0,12,172
07/27/2009,FSD,SD,AGL,CE,Combined TRACON& Tower with Radar,16,78,35,11,140,0,3,33,1,37,16,81,68,12,177,6,8,14,191
07/28/2009,FSD,SD,AGL,CE,Combined TRACON& Tower with Radar,22,86,53,8,169,0,1,23,2,26,22,87,76,10,195,28,0,28,223
07/29/2009,FSD,SD,AGL,CE,Combined TRACON& Tower with Radar,26,101,32,9,168,0,0,20,0,20,26,101,52,9,188,16,0,16,204
07/30/2009,FSD,SD,AGL,CE,Combined TRACON& Tower with Radar,20,93,50,16,179,0,1,24,0,25,20,94,74,16,204,8,10,18,222
07/31/2009,FSD,SD,AGL,CE,Combined TRACON& Tower with Radar,23,89,31,0,143,0,2,33,0,35,23,91,64,0,178,10,0,10,188
08/01/2009,FSD,SD,AGL,CE,Combined TRACON& Tower with Radar,24,40,24,0,88,0,3,23,0,26,24,43,47,0,114,0,0,0,114
08/02/2009,FSD,SD,AGL,CE,Combined TRACON& Tower with Radar,23,30,20,0,73,0,1,27,0,28,23,31,47,0,101,0,0,0,101
08/03/2009,FSD,SD,AGL,CE,Combined TRACON& Tower with Radar,16,71,21,0,108,0,2,27,0,29,16,73,48,0,137,16,0,16,153
08/04/2009,FSD,SD,AGL,CE,Combined TRACON& Tower with Radar,22,94,38,10,164,0,9,21,1,31,22,103,59,11,195,22,8,30,225
08/05/2009,FSD,SD,AGL,CE,Combined TRACON& Tower with Radar,26,87,37,21,171,0,1,25,0,26,26,88,62,21,197,14,8,22,219
08/06/2009,FSD,SD,AGL,CE,Combined TRACON& Tower with Radar,23,105,63,7,198,0,0,30,1,31,23,105,93,8,229,0,0,0,229
08/07/2009,FSD,SD,AGL,CE,Combined TRACON& Tower with Radar,23,97,37,13,170,0,0,6,1,7,23,97,43,14,177,6,0,6,183
08/08/2009,FSD,SD,AGL,CE,Combined TRACON& Tower with Radar,21,48,29,9,107,0,3,7,1,11,21,51,36,10,118,0,0,0,118
08/09/2009,FSD,SD,AGL,CE,Combined TRACON& Tower with Radar,20,32,13,11,76,0,2,8,0,10,20,34,21,11,86,0,0,0,86
08/10/2009,FSD,SD,AGL,CE,Combined TRACON& Tower with Radar,17,77,45,2,141,0,12,28,0,40,17,89,73,2,181,20,0,20,201
08/11/2009,FSD,SD,AGL,CE,Combined TRACON& Tower with Radar,22,89,43,22,176,0,4,26,2,32,22,93,69,24,208,18,46,64,272
08/12/2009,FSD,SD,AGL,CE,Combined TRACON& Tower with Radar,24,87,51,20,182,0,1,21,0,22,24,88,72,20,204,4,26,30,234
08/13/2009,FSD,SD,AGL,CE,Combined TRACON& Tower with Radar,25,89,36,18,168,0,2,22,0,24,25,91,58,18,192,10,8,18,210
08/14/2009,FSD,SD,AGL,CE,Combined TRACON& Tower with Radar,22,96,31,3,152,0,1,16,1,18,22,97,47,4,170,0,2,2,172
08/15/2009,FSD,SD,AGL,CE,Combined TRACON& Tower with Radar,21,51,20,6,98,0,0,0,0,0,21,51,20,6,98,0,0,0,98
08/16/2009,FSD,SD,AGL,CE,Combined TRACON& Tower with Radar,22,32,13,10,77,0,2,10,0,12,22,34,23,10,89,10,0,10,99
08/17/2009,FSD,SD,AGL,CE,Combined TRACON& Tower with Radar,19,75,24,2,120,0,3,28,0,31,19,78,52,2,151,8,0,8,159
08/18/2009,FSD,SD,AGL,CE,Combined TRACON& Tower with Radar,22,87,47,6,162,0,2,24,0,26,22,89,71,6,188,8,0,8,196
08/19/2009,FSD,SD,AGL,CE,Combined TRACON& Tower with Radar,22,93,19,13,147,0,1,3,0,4,22,94,22,13,151,2,0,2,153
08/20/2009,FSD,SD,AGL,CE,Combined TRACON& Tower with Radar,24,80,37,10,151,0,1,7,0,8,24,81,44,10,159,0,0,0,159
08/21/2009,FSD,SD,AGL,CE,Combined TRACON& Tower with Radar,25,79,53,6,163,0,0,18,0,18,25,79,71,6,181,16,0,16,197
08/22/2009,FSD,SD,AGL,CE,Combined TRACON& Tower with Radar,17,42,19,10,88,0,0,20,0,20,17,42,39,10,108,24,0,24,132
08/23/2009,FSD,SD,AGL,CE,Combined TRACON& Tower with Radar,25,27,22,1,75,0,6,31,0,37,25,33,53,1,112,8,0,8,120
08/24/2009,FSD,SD,AGL,CE,Combined TRACON& Tower with Radar,21,62,32,0,115,0,2,8,0,10,21,64,40,0,125,8,0,8,133
08/25/2009,FSD,SD,AGL,CE,Combined TRACON& Tower with Radar,24,82,40,15,161,0,1,19,0,20,24,83,59,15,181,14,18,32,213
08/26/2009,FSD,SD,AGL,CE,Combined TRACON& Tower with Radar,24,81,48,16,169,0,3,19,1,23,24,84,67,17,192,8,0,8,200
08/27/2009,FSD,SD,AGL,CE,Combined TRACON& Tower with Radar,24,97,65,24,210,0,4,29,0,33,24,101,94,24,243,0,28,28,271
08/28/2009,FSD,SD,AGL,CE,Combined TRACON& Tower with Radar,23,84,38,12,157,0,4,18,0,22,23,88,56,12,179,20,8,28,207
08/29/2009,FSD,SD,AGL,CE,Combined TRACON& Tower with Radar,18,43,16,0,77,0,0,33,0,33,18,43,49,0,110,26,0,26,136
08/30/2009,FSD,SD,AGL,CE,Combined TRACON& Tower with Radar,24,19,18,2,63,0,0,32,0,32,24,19,50,2,95,16,0,16,111
08/31/2009,FSD,SD,AGL,CE,Combined TRACON& Tower with Radar,15,71,40,20,146,0,11,36,0,47,15,82,76,20,193,32,4,36,229
09/01/2009,FSD,SD,AGL,CE,Combined TRACON& Tower with Radar,20,80,51,16,167,0,3,28,3,34,20,83,79,19,201,0,0,0,201
09/02/2009,FSD,SD,AGL,CE,Combined TRACON& Tower with Radar,22,85,61,9,177,0,0,21,0,21,22,85,82,9,198,4,8,12,210
09/03/2009,FSD,SD,AGL,CE,Combined TRACON& Tower with Radar,26,94,47,21,188,0,2,12,0,14,26,96,59,21,202,4,4,8,210
09/04/2009,FSD,SD,AGL,CE,Combined TRACON& Tower with Radar,19,81,30,0,130,0,5,30,1,36,19,86,60,1,166,4,0,4,170
09/05/2009,FSD,SD,AGL,CE,Combined TRACON& Tower with Radar,13,44,12,0,69,0,3,34,0,37,13,47,46,0,106,26,0,26,132
09/06/2009,FSD,SD,AGL,CE,Combined TRACON& Tower with Radar,13,21,17,0,51,0,4,19,0,23,13,25,36,0,74,10,0,10,84
09/07/2009,FSD,SD,AGL,CE,Combined TRACON& Tower with Radar,10,33,17,0,60,0,2,18,0,20,10,35,35,0,80,12,0,12,92
09/08/2009,FSD,SD,AGL,CE,Combined TRACON& Tower with Radar,19,81,44,0,144,0,4,14,0,18,19,85,58,0,162,0,0,0,162
09/09/2009,FSD,SD,AGL,CE,Combined TRACON& Tower with Radar,22,91,35,24,172,0,2,8,1,11,22,93,43,25,183,6,10,16,199
09/10/2009,FSD,SD,AGL,CE,Combined TRACON& Tower with Radar,24,81,59,20,184,0,2,30,0,32,24,83,89,20,216,10,2,12,228
09/11/2009,FSD,SD,AGL,CE,Combined TRACON& Tower with Radar,22,87,19,11,139,0,1,12,0,13,22,88,31,11,152,6,2,8,160
09/12/2009,FSD,SD,AGL,CE,Combined TRACON& Tower with Radar,16,30,10,2,58,0,2,5,0,7,16,32,15,2,65,4,0,4,69
09/13/2009,FSD,SD,AGL,CE,Combined TRACON& Tower with Radar,18,21,23,2,64,0,4,5,2,11,18,25,28,4,75,28,0,28,103
09/14/2009,FSD,SD,AGL,CE,Combined TRACON& Tower with Radar,15,68,36,0,119,0,6,36,0,42,15,74,72,0,161,14,0,14,175
09/15/2009,FSD,SD,AGL,CE,Combined TRACON& Tower with Radar,24,96,54,30,204,0,1,28,0,29,24,97,82,30,233,12,26,38,271
09/16/2009,FSD,SD,AGL,CE,Combined TRACON& Tower with Radar,22,89,43,20,174,0,3,19,0,22,22,92,62,20,196,6,10,16,212
09/17/2009,FSD,SD,AGL,CE,Combined TRACON& Tower with Radar,24,85,66,18,193,0,1,11,0,12,24,86,77,18,205,20,20,40,245
09/18/2009,FSD,SD,AGL,CE,Combined TRACON& Tower with Radar,22,81,39,1,143,0,7,45,0,52,22,88,84,1,195,26,0,26,221
09/19/2009,FSD,SD,AGL,CE,Combined TRACON& Tower with Radar,17,38,18,24,97,0,1,17,0,18,17,39,35,24,115,16,14,30,145
09/20/2009,FSD,SD,AGL,CE,Combined TRACON& Tower with Radar,20,23,22,26,91,0,4,19,2,25,20,27,41,28,116,30,18,48,164
09/21/2009,FSD,SD,AGL,CE,Combined TRACON& Tower with Radar,15,64,36,7,122,0,0,2,0,2,15,64,38,7,124,10,0,10,134
09/22/2009,FSD,SD,AGL,CE,Combined TRACON& Tower with Radar,24,86,57,19,186,0,0,4,0,4,24,86,61,19,190,0,0,0,190
09/23/2009,FSD,SD,AGL,CE,Combined TRACON& Tower with Radar,20,80,42,10,152,0,7,5,0,12,20,87,47,10,164,10,0,10,174
09/24/2009,FSD,SD,AGL,CE,Combined TRACON& Tower with Radar,24,87,63,0,174,0,2,15,1,18,24,89,78,1,192,6,0,6,198
09/25/2009,FSD,SD,AGL,CE,Combined TRACON& Tower with Radar,23,88,35,5,151,0,0,15,0,15,23,88,50,5,166,20,0,20,186
09/26/2009,FSD,SD,AGL,CE,Combined TRACON& Tower with Radar,17,34,16,2,69,0,5,25,1,31,17,39,41,3,100,48,0,48,148
09/27/2009,FSD,SD,AGL,CE,Combined TRACON& Tower with Radar,20,24,21,0,65,0,2,14,0,16,20,26,35,0,81,0,0,0,81
09/28/2009,FSD,SD,AGL,CE,Combined TRACON& Tower with Radar,15,76,31,5,127,0,2,7,0,9,15,78,38,5,136,0,0,0,136
09/29/2009,FSD,SD,AGL,CE,Combined TRACON& Tower with Radar,23,79,48,6,156,0,11,29,0,40,23,90,77,6,196,56,0,56,252
09/30/2009,FSD,SD,AGL,CE,Combined TRACON& Tower with Radar,24,85,46,5,160,0,5,16,1,22,24,90,62,6,182,2,0,2,184
10/01/2009,FSD,SD,AGL,CE,Combined TRACON& Tower with Radar,26,87,34,23,170,0,0,1,0,1,26,87,35,23,171,0,0,0,171
10/02/2009,FSD,SD,AGL,CE,Combined TRACON& Tower with Radar,24,81,32,5,142,0,0,4,0,4,24,81,36,5,146,0,0,0,146
10/03/2009,FSD,SD,AGL,CE,Combined TRACON& Tower with Radar,20,36,46,23,125,0,0,17,0,17,20,36,63,23,142,16,10,26,168
10/04/2009,FSD,SD,AGL,CE,Combined TRACON& Tower with Radar,20,20,31,12,83,0,0,16,0,16,20,20,47,12,99,0,0,0,99
10/05/2009,FSD,SD,AGL,CE,Combined TRACON& Tower with Radar,19,59,67,0,145,0,0,0,0,0,19,59,67,0,145,0,0,0,145
10/06/2009,FSD,SD,AGL,CE,Combined TRACON& Tower with Radar,22,86,32,26,166,0,0,2,0,2,22,86,34,26,168,0,0,0,168
10/07/2009,FSD,SD,AGL,CE,Combined TRACON& Tower with Radar,24,91,42,45,202,0,16,35,3,54,24,107,77,48,256,10,42,52,308
10/08/2009,FSD,SD,AGL,CE,Combined TRACON& Tower with Radar,26,88,29,28,171,0,4,14,1,19,26,92,43,29,190,26,16,42,232
10/09/2009,FSD,SD,AGL,CE,Combined TRACON& Tower with Radar,25,76,33,24,158,0,1,33,0,34,25,77,66,24,192,4,10,14,206
10/10/2009,FSD,SD,AGL,CE,Combined TRACON& Tower with Radar,18,36,13,0,67,0,0,13,0,13,18,36,26,0,80,8,0,8,88
10/11/2009,FSD,SD,AGL,CE,Combined TRACON& Tower with Radar,20,24,19,0,63,0,0,9,0,9,20,24,28,0,72,0,0,0,72
10/12/2009,FSD,SD,AGL,CE,Combined TRACON& Tower with Radar,19,59,66,0,144,0,0,0,0,0,19,59,66,0,144,0,0,0,144
10/13/2009,FSD,SD,AGL,CE,Combined TRACON& Tower with Radar,24,83,34,4,145,0,0,14,0,14,24,83,48,4,159,0,0,0,159
10/14/2009,FSD,SD,AGL,CE,Combined TRACON& Tower with Radar,22,88,17,17,144,0,2,0,0,2,22,90,17,17,146,0,0,0,146
10/15/2009,FSD,SD,AGL,CE,Combined TRACON& Tower with Radar,24,88,56,13,181,0,0,0,0,0,24,88,56,13,181,0,0,0,181
10/16/2009,FSD,SD,AGL,CE,Combined TRACON& Tower with Radar,41,71,40,32,184,0,0,6,0,6,41,71,46,32,190,0,0,0,190
10/17/2009,FSD,SD,AGL,CE,Combined TRACON& Tower with Radar,21,35,35,2,93,0,5,9,1,15,21,40,44,3,108,10,0,10,118
10/18/2009,FSD,SD,AGL,CE,Combined TRACON& Tower with Radar,22,17,30,3,72,0,2,25,0,27,22,19,55,3,99,24,8,32,131
10/19/2009,FSD,SD,AGL,CE,Combined TRACON& Tower with Radar,19,61,43,0,123,0,1,31,1,33,19,62,74,1,156,14,0,14,170
10/20/2009,FSD,SD,AGL,CE,Combined TRACON& Tower with Radar,22,83,35,21,161,0,5,5,3,13,22,88,40,24,174,0,0,0,174
10/21/2009,FSD,SD,AGL,CE,Combined TRACON& Tower with Radar,24,90,57,5,176,0,0,0,0,0,24,90,57,5,176,0,0,0,176
10/22/2009,FSD,SD,AGL,CE,Combined TRACON& Tower with Radar,27,93,63,7,190,0,1,3,0,4,27,94,66,7,194,0,0,0,194
10/23/2009,FSD,SD,AGL,CE,Combined TRACON& Tower with Radar,25,87,37,7,156,0,6,14,0,20,25,93,51,7,176,26,0,26,202
10/24/2009,FSD,SD,AGL,CE,Combined TRACON& Tower with Radar,17,39,13,10,79,0,5,19,1,25,17,44,32,11,104,10,0,10,114
10/25/2009,FSD,SD,AGL,CE,Combined TRACON& Tower with Radar,19,28,15,4,66,0,1,2,0,3,19,29,17,4,69,6,0,6,75
10/26/2009,FSD,SD,AGL,CE,Combined TRACON& Tower with Radar,21,74,41,23,159,0,8,22,0,30,21,82,63,23,189,12,4,16,205
10/27/2009,FSD,SD,AGL,CE,Combined TRACON& Tower with Radar,26,79,41,18,164,0,4,11,1,16,26,83,52,19,180,4,0,4,184
10/28/2009,FSD,SD,AGL,CE,Combined TRACON& Tower with Radar,26,98,53,9,186,0,1,5,0,6,26,99,58,9,192,0,0,0,192
10/29/2009,FSD,SD,AGL,CE,Combined TRACON& Tower with Radar,24,71,55,2,152,0,0,0,0,0,24,71,55,2,152,0,0,0,152
10/30/2009,FSD,SD,AGL,CE,Combined TRACON& Tower with Radar,27,79,28,0,134,0,0,0,0,0,27,79,28,0,134,0,0,0,134
10/31/2009,FSD,SD,AGL,CE,Combined TRACON& Tower with Radar,18,38,19,0,75,0,3,22,0,25,18,41,41,0,100,48,0,48,148
11/01/2009,FSD,SD,AGL,CE,Combined TRACON& Tower with Radar,20,26,27,2,75,0,2,16,0,18,20,28,43,2,93,18,0,18,111
11/02/2009,FSD,SD,AGL,CE,Combined TRACON& Tower with Radar,23,54,44,0,121,0,1,13,0,14,23,55,57,0,135,16,0,16,151
11/03/2009,FSD,SD,AGL,CE,Combined TRACON& Tower with Radar,26,72,38,14,150,0,0,11,0,11,26,72,49,14,161,8,8,16,177
11/04/2009,FSD,SD,AGL,CE,Combined TRACON& Tower with Radar,28,81,38,20,167,0,5,20,0,25,28,86,58,20,192,30,0,30,222
11/05/2009,FSD,SD,AGL,CE,Combined TRACON& Tower with Radar,30,81,54,19,184,0,9,30,1,40,30,90,84,20,224,14,2,16,240
11/06/2009,FSD,SD,AGL,CE,Combined TRACON& Tower with Radar,34,79,29,13,155,0,11,26,0,37,34,90,55,13,192,4,4,8,200
11/07/2009,FSD,SD,AGL,CE,Combined TRACON& Tower with Radar,20,38,30,22,110,0,9,43,1,53,20,47,73,23,163,36,8,44,207
11/08/2009,FSD,SD,AGL,CE,Combined TRACON& Tower with Radar,21,28,23,9,81,0,6,15,0,21,21,34,38,9,102,0,0,0,102
11/09/2009,FSD,SD,AGL,CE,Combined TRACON& Tower with Radar,23,60,41,0,124,0,0,15,0,15,23,60,56,0,139,0,0,0,139
11/10/2009,FSD,SD,AGL,CE,Combined TRACON& Tower with Radar,26,84,44,17,171,0,5,27,0,32,26,89,71,17,203,40,10,50,253
11/11/2009,FSD,SD,AGL,CE,Combined TRACON& Tower with Radar,29,66,17,0,112,0,1,11,0,12,29,67,28,0,124,12,0,12,136
11/12/2009,FSD,SD,AGL,CE,Combined TRACON& Tower with Radar,30,73,64,18,185,0,1,5,0,6,30,74,69,18,191,0,0,0,191
11/13/2009,FSD,SD,AGL,CE,Combined TRACON& Tower with Radar,29,88,37,2,156,0,0,0,0,0,29,88,37,2,156,0,0,0,156
11/14/2009,FSD,SD,AGL,CE,Combined TRACON& Tower with Radar,21,35,10,0,66,0,4,22,0,26,21,39,32,0,92,14,0,14,106
11/15/2009,FSD,SD,AGL,CE,Combined TRACON& Tower with Radar,25,28,39,0,92,0,5,27,0,32,25,33,66,0,124,40,0,40,164
11/16/2009,FSD,SD,AGL,CE,Combined TRACON& Tower with Radar,23,58,42,15,138,0,5,36,0,41,23,63,78,15,179,24,12,36,215
11/17/2009,FSD,SD,AGL,CE,Combined TRACON& Tower with Radar,27,76,55,21,179,0,3,23,0,26,27,79,78,21,205,18,10,28,233
11/18/2009,FSD,SD,AGL,CE,Combined TRACON& Tower with Radar,30,70,57,19,176,0,4,26,0,30,30,74,83,19,206,14,8,22,228
11/19/2009,FSD,SD,AGL,CE,Combined TRACON& Tower with Radar,30,85,47,18,180,0,7,13,2,22,30,92,60,20,202,2,6,8,210
11/20/2009,FSD,SD,AGL,CE,Combined TRACON& Tower with Radar,29,73,18,1,121,0,4,28,0,32,29,77,46,1,153,46,0,46,199
11/21/2009,FSD,SD,AGL,CE,Combined TRACON& Tower with Radar,21,51,7,0,79,0,0,36,0,36,21,51,43,0,115,0,0,0,115
11/22/2009,FSD,SD,AGL,CE,Combined TRACON& Tower with Radar,16,27,19,4,66,0,0,2,0,2,16,27,21,4,68,10,0,10,78
11/23/2009,FSD,SD,AGL,CE,Combined TRACON& Tower with Radar,23,62,37,32,154,0,0,4,0,4,23,62,41,32,158,0,26,26,184
11/24/2009,FSD,SD,AGL,CE,Combined TRACON& Tower with Radar,31,80,44,11,166,0,0,9,0,9,31,80,53,11,175,34,0,34,209
11/25/2009,FSD,SD,AGL,CE,Combined TRACON& Tower with Radar,32,91,13,11,147,0,0,2,0,2,32,91,15,11,149,0,14,14,163
11/26/2009,FSD,SD,AGL,CE,Combined TRACON& Tower with Radar,12,17,6,0,35,0,1,8,0,9,12,18,14,0,44,0,0,0,44
11/27/2009,FSD,SD,AGL,CE,Combined TRACON& Tower with Radar,18,65,15,0,98,0,1,22,0,23,18,66,37,0,121,28,0,28,149
11/28/2009,FSD,SD,AGL,CE,Combined TRACON& Tower with Radar,22,44,14,0,80,0,0,10,0,10,22,44,24,0,90,18,0,18,108
11/29/2009,FSD,SD,AGL,CE,Combined TRACON& Tower with Radar,25,26,17,2,70,0,2,5,0,7,25,28,22,2,77,4,0,4,81
11/30/2009,FSD,SD,AGL,CE,Combined TRACON& Tower with Radar,23,59,33,0,115,0,4,12,0,16,23,63,45,0,131,4,0,4,135
12/01/2009,FSD,SD,AGL,CE,Combined TRACON& Tower with Radar,24,83,33,24,164,0,0,12,3,15,24,83,45,27,179,20,16,36,215
12/02/2009,FSD,SD,AGL,CE,Combined TRACON& Tower with Radar,24,85,51,14,174,0,1,14,0,15,24,86,65,14,189,4,6,10,199
12/03/2009,FSD,SD,AGL,CE,Combined TRACON& Tower with Radar,22,88,40,8,158,0,3,4,0,7,22,91,44,8,165,0,10,10,175
12/04/2009,FSD,SD,AGL,CE,Combined TRACON& Tower with Radar,21,88,42,9,160,0,11,29,0,40,21,99,71,9,200,6,0,6,206
12/05/2009,FSD,SD,AGL,CE,Combined TRACON& Tower with Radar,13,47,16,9,85,0,10,45,0,55,13,57,61,9,140,32,0,32,172
12/06/2009,FSD,SD,AGL,CE,Combined TRACON& Tower with Radar,13,42,15,9,79,0,2,4,0,6,13,44,19,9,85,0,0,0,85
12/07/2009,FSD,SD,AGL,CE,Combined TRACON& Tower with Radar,13,72,29,0,114,0,3,5,0,8,13,75,34,0,122,0,0,0,122
12/08/2009,FSD,SD,AGL,CE,Combined TRACON& Tower with Radar,18,77,22,0,117,0,0,0,0,0,18,77,22,0,117,0,0,0,117
12/09/2009,FSD,SD,AGL,CE,Combined TRACON& Tower with Radar,25,83,19,5,132,0,10,9,0,19,25,93,28,5,151,8,10,18,169
12/10/2009,FSD,SD,AGL,CE,Combined TRACON& Tower with Radar,26,90,48,3,167,0,7,24,0,31,26,97,72,3,198,6,0,6,204
12/11/2009,FSD,SD,AGL,CE,Combined TRACON& Tower with Radar,23,78,32,3,136,0,3,28,0,31,23,81,60,3,167,38,8,46,213
12/12/2009,FSD,SD,AGL,CE,Combined TRACON& Tower with Radar,11,54,28,4,97,0,1,44,0,45,11,55,72,4,142,22,0,22,164
12/13/2009,FSD,SD,AGL,CE,Combined TRACON& Tower with Radar,11,33,23,1,68,0,0,1,0,1,11,33,24,1,69,0,0,0,69
12/14/2009,FSD,SD,AGL,CE,Combined TRACON& Tower with Radar,15,71,33,0,119,0,5,7,1,13,15,76,40,1,132,30,0,30,162
12/15/2009,FSD,SD,AGL,CE,Combined TRACON& Tower with Radar,22,88,29,16,155,0,8,10,0,18,22,96,39,16,173,12,26,38,211
12/16/2009,FSD,SD,AGL,CE,Combined TRACON& Tower with Radar,26,95,58,23,202,0,2,27,3,32,26,97,85,26,234,10,0,10,244
12/17/2009,FSD,SD,AGL,CE,Combined TRACON& Tower with Radar,27,93,65,11,196,0,3,27,3,33,27,96,92,14,229,0,18,18,247
12/18/2009,FSD,SD,AGL,CE,Combined TRACON& Tower with Radar,30,86,39,2,157,0,0,1,0,1,30,86,40,2,158,0,0,0,158
12/19/2009,FSD,SD,AGL,CE,Combined TRACON& Tower with Radar,22,44,13,0,79,0,0,0,0,0,22,44,13,0,79,0,0,0,79
12/20/2009,FSD,SD,AGL,CE,Combined TRACON& Tower with Radar,19,26,12,0,57,0,2,25,0,27,19,28,37,0,84,0,0,0,84
12/21/2009,FSD,SD,AGL,CE,Combined TRACON& Tower with Radar,25,57,42,0,124,0,0,0,0,0,25,57,42,0,124,0,0,0,124
12/22/2009,FSD,SD,AGL,CE,Combined TRACON& Tower with Radar,30,102,37,0,169,0,0,1,0,1,30,102,38,0,170,0,0,0,170
12/23/2009,FSD,SD,AGL,CE,Combined TRACON& Tower with Radar,32,89,5,0,126,0,0,0,0,0,32,89,5,0,126,0,0,0,126
12/24/2009,FSD,SD,AGL,CE,Combined TRACON& Tower with Radar,18,88,0,0,106,0,0,0,0,0,18,88,0,0,106,0,0,0,106
12/25/2009,FSD,SD,AGL,CE,Combined TRACON& Tower with Radar,0,0,0,0,0,0,0,0,0,0,0,0,0,0,0,0,0,0,0
12/26/2009,FSD,SD,AGL,CE,Combined TRACON& Tower with Radar,19,27,12,0,58,0,0,0,0,0,19,27,12,0,58,0,0,0,58
12/27/2009,FSD,SD,AGL,CE,Combined TRACON& Tower with Radar,21,42,16,2,81,0,1,0,0,1,21,43,16,2,82,0,0,0,82
12/28/2009,FSD,SD,AGL,CE,Combined TRACON& Tower with Radar,26,65,22,0,113,0,3,6,0,9,26,68,28,0,122,0,0,0,122
12/29/2009,FSD,SD,AGL,CE,Combined TRACON& Tower with Radar,26,80,32,0,138,0,3,31,0,34,26,83,63,0,172,0,0,0,172
12/30/2009,FSD,SD,AGL,CE,Combined TRACON& Tower with Radar,33,70,35,0,138,0,0,9,0,9,33,70,44,0,147,10,0,10,157
12/31/2009,FSD,SD,AGL,CE,Combined TRACON& Tower with Radar,23,72,23,0,118,0,5,27,0,32,23,77,50,0,150,22,0,22,172
01/01/2010,FSD,SD,AGL,CE,Combined TRACON& Tower with Radar,17,28,4,0,49,0,4,3,0,7,17,32,7,0,56,0,0,0,56
01/02/2010,FSD,SD,AGL,CE,Combined TRACON& Tower with Radar,24,39,6,2,71,0,3,3,0,6,24,42,9,2,77,0,0,0,77
01/03/2010,FSD,SD,AGL,CE,Combined TRACON& Tower with Radar,20,26,19,2,67,0,2,11,0,13,20,28,30,2,80,6,0,6,86
01/04/2010,FSD,SD,AGL,CE,Combined TRACON& Tower with Radar,21,55,28,0,104,0,2,13,0,15,21,57,41,0,119,0,0,0,119
01/05/2010,FSD,SD,AGL,CE,Combined TRACON& Tower with Radar,26,78,37,8,149,0,1,14,0,15,26,79,51,8,164,0,6,6,170
01/06/2010,FSD,SD,AGL,CE,Combined TRACON& Tower with Radar,28,74,19,0,121,0,0,0,0,0,28,74,19,0,121,0,0,0,121
01/07/2010,FSD,SD,AGL,CE,Combined TRACON& Tower with Radar,22,90,26,0,138,0,0,0,0,0,22,90,26,0,138,0,0,0,138
01/08/2010,FSD,SD,AGL,CE,Combined TRACON& Tower with Radar,23,85,29,3,140,0,4,1,0,5,23,89,30,3,145,0,6,6,151
01/09/2010,FSD,SD,AGL,CE,Combined TRACON& Tower with Radar,17,32,7,9,65,0,4,3,0,7,17,36,10,9,72,0,8,8,80
01/10/2010,FSD,SD,AGL,CE,Combined TRACON& Tower with Radar,17,23,8,6,54,0,5,6,0,11,17,28,14,6,65,0,0,0,65
01/11/2010,FSD,SD,AGL,CE,Combined TRACON& Tower with Radar,17,62,44,2,125,0,3,5,0,8,17,65,49,2,133,0,0,0,133
01/12/2010,FSD,SD,AGL,CE,Combined TRACON& Tower with Radar,24,84,39,4,151,0,7,14,0,21,24,91,53,4,172,8,10,18,190
01/13/2010,FSD,SD,AGL,CE,Combined TRACON& Tower with Radar,28,73,46,4,151,0,4,16,0,20,28,77,62,4,171,16,0,16,187
01/14/2010,FSD,SD,AGL,CE,Combined TRACON& Tower with Radar,24,86,32,9,151,0,0,1,0,1,24,86,33,9,152,0,0,0,152
01/15/2010,FSD,SD,AGL,CE,Combined TRACON& Tower with Radar,23,81,38,2,144,0,4,30,0,34,23,85,68,2,178,12,0,12,190
01/16/2010,FSD,SD,AGL,CE,Combined TRACON& Tower with Radar,17,30,10,0,57,0,3,22,0,25,17,33,32,0,82,4,0,4,86
01/17/2010,FSD,SD,AGL,CE,Combined TRACON& Tower with Radar,15,28,9,0,52,0,6,7,0,13,15,34,16,0,65,0,0,0,65
01/18/2010,FSD,SD,AGL,CE,Combined TRACON& Tower with Radar,26,36,21,0,83,0,0,0,0,0,26,36,21,0,83,0,0,0,83
01/19/2010,FSD,SD,AGL,CE,Combined TRACON& Tower with Radar,20,78,20,0,118,0,0,0,0,0,20,78,20,0,118,0,0,0,118
01/20/2010,FSD,SD,AGL,CE,Combined TRACON& Tower with Radar,22,64,6,0,92,0,0,0,0,0,22,64,6,0,92,0,0,0,92
01/21/2010,FSD,SD,AGL,CE,Combined TRACON& Tower with Radar,26,68,20,0,114,0,0,0,0,0,26,68,20,0,114,0,0,0,114
01/22/2010,FSD,SD,AGL,CE,Combined TRACON& Tower with Radar,21,62,11,0,94,0,0,0,0,0,21,62,11,0,94,0,0,0,94
01/23/2010,FSD,SD,AGL,CE,Combined TRACON& Tower with Radar,17,36,2,0,55,0,0,0,0,0,17,36,2,0,55,0,0,0,55
01/24/2010,FSD,SD,AGL,CE,Combined TRACON& Tower with Radar,17,25,7,0,49,0,0,0,0,0,17,25,7,0,49,0,0,0,49
01/25/2010,FSD,SD,AGL,CE,Combined TRACON& Tower with Radar,15,49,10,0,74,0,0,0,0,0,15,49,10,0,74,0,0,0,74
01/26/2010,FSD,SD,AGL,CE,Combined TRACON& Tower with Radar,21,83,27,1,132,0,7,9,1,17,21,90,36,2,149,14,0,14,163
01/27/2010,FSD,SD,AGL,CE,Combined TRACON& Tower with Radar,26,74,33,5,138,0,7,8,2,17,26,81,41,7,155,2,6,8,163
01/28/2010,FSD,SD,AGL,CE,Combined TRACON& Tower with Radar,10,33,16,4,63,0,2,10,0,12,10,35,26,4,75,0,16,16,91
01/29/2010,FSD,SD,AGL,CE,Combined TRACON& Tower with Radar,16,32,42,9,99,0,6,28,0,34,16,38,70,9,133,36,6,42,175
01/30/2010,FSD,SD,AGL,CE,Combined TRACON& Tower with Radar,17,39,11,0,67,0,5,7,0,12,17,44,18,0,79,0,0,0,79
01/31/2010,FSD,SD,AGL,CE,Combined TRACON& Tower with Radar,19,23,12,0,54,0,6,3,0,9,19,29,15,0,63,16,0,16,79
02/01/2010,FSD,SD,AGL,CE,Combined TRACON& Tower with Radar,4,15,14,0,33,0,0,0,0,0,4,15,14,0,33,0,0,0,33
02/02/2010,FSD,SD,AGL,CE,Combined TRACON& Tower with Radar,39,42,19,7,107,0,3,2,0,5,39,45,21,7,112,34,0,34,146
02/03/2010,FSD,SD,AGL,CE,Combined TRACON& Tower with Radar,28,79,40,8,155,0,4,22,0,26,28,83,62,8,181,4,8,12,193
02/04/2010,FSD,SD,AGL,CE,Combined TRACON& Tower with Radar,26,84,18,0,128,0,0,0,0,0,26,84,18,0,128,0,0,0,128
02/05/2010,FSD,SD,AGL,CE,Combined TRACON& Tower with Radar,23,79,28,2,132,0,0,0,0,0,23,79,28,2,132,0,0,0,132
02/06/2010,FSD,SD,AGL,CE,Combined TRACON& Tower with Radar,17,41,6,2,66,0,0,0,0,0,17,41,6,2,66,2,0,2,68
02/07/2010,FSD,SD,AGL,CE,Combined TRACON& Tower with Radar,17,30,2,4,53,0,0,0,0,0,17,30,2,4,53,0,0,0,53
02/08/2010,FSD,SD,AGL,CE,Combined TRACON& Tower with Radar,59,69,41,0,169,0,2,2,25,29,59,71,43,25,198,98,0,98,296
02/09/2010,FSD,SD,AGL,CE,Combined TRACON& Tower with Radar,22,84,46,0,152,0,5,10,0,15,22,89,56,0,167,10,0,10,177
02/10/2010,FSD,SD,AGL,CE,Combined TRACON& Tower with Radar,30,84,47,1,162,0,12,14,0,26,30,96,61,1,188,12,0,12,200
02/11/2010,FSD,SD,AGL,CE,Combined TRACON& Tower with Radar,18,114,52,1,185,0,0,9,0,9,18,114,61,1,194,4,0,4,198
02/12/2010,FSD,SD,AGL,CE,Combined TRACON& Tower with Radar,14,87,24,2,127,0,2,4,0,6,14,89,28,2,133,0,0,0,133
02/13/2010,FSD,SD,AGL,CE,Combined TRACON& Tower with Radar,16,46,3,1,66,0,0,0,0,0,16,46,3,1,66,0,0,0,66
02/14/2010,FSD,SD,AGL,CE,Combined TRACON& Tower with Radar,14,27,8,3,52,0,3,0,0,3,14,30,8,3,55,4,0,4,59
02/15/2010,FSD,SD,AGL,CE,Combined TRACON& Tower with Radar,9,79,32,0,120,0,11,1,0,12,9,90,33,0,132,6,0,6,138
02/16/2010,FSD,SD,AGL,CE,Combined TRACON& Tower with Radar,15,89,32,2,138,0,4,18,0,22,15,93,50,2,160,6,0,6,166
02/17/2010,FSD,SD,AGL,CE,Combined TRACON& Tower with Radar,16,87,56,2,161,0,12,24,0,36,16,99,80,2,197,24,0,24,221
02/18/2010,FSD,SD,AGL,CE,Combined TRACON& Tower with Radar,16,84,52,8,160,0,3,22,0,25,16,87,74,8,185,12,18,30,215
02/19/2010,FSD,SD,AGL,CE,Combined TRACON& Tower with Radar,17,86,41,6,150,0,2,2,1,5,17,88,43,7,155,0,0,0,155
02/20/2010,FSD,SD,AGL,CE,Combined TRACON& Tower with Radar,11,54,24,0,89,0,3,13,0,16,11,57,37,0,105,12,0,12,117
02/21/2010,FSD,SD,AGL,CE,Combined TRACON& Tower with Radar,14,29,27,0,70,0,2,10,0,12,14,31,37,0,82,6,0,6,88
02/22/2010,FSD,SD,AGL,CE,Combined TRACON& Tower with Radar,11,69,37,0,117,0,1,2,0,3,11,70,39,0,120,0,2,2,122
02/23/2010,FSD,SD,AGL,CE,Combined TRACON& Tower with Radar,16,83,39,4,142,0,0,10,2,12,16,83,49,6,154,2,0,2,156
02/24/2010,FSD,SD,AGL,CE,Combined TRACON& Tower with Radar,16,87,45,6,154,0,10,22,2,34,16,97,67,8,188,0,8,8,196
02/25/2010,FSD,SD,AGL,CE,Combined TRACON& Tower with Radar,16,83,58,25,182,0,4,13,1,18,16,87,71,26,200,4,12,16,216
02/26/2010,FSD,SD,AGL,CE,Combined TRACON& Tower with Radar,19,88,33,9,149,0,0,14,0,14,19,88,47,9,163,0,0,0,163
02/27/2010,FSD,SD,AGL,CE,Combined TRACON& Tower with Radar,12,46,16,2,76,0,6,22,0,28,12,52,38,2,104,6,0,6,110
02/28/2010,FSD,SD,AGL,CE,Combined TRACON& Tower with Radar,18,25,22,0,65,0,16,28,0,44,18,41,50,0,109,54,0,54,163
03/01/2010,FSD,SD,AGL,CE,Combined TRACON& Tower with Radar,11,76,40,0,127,0,6,23,0,29,11,82,63,0,156,10,0,10,166
03/02/2010,FSD,SD,AGL,CE,Combined TRACON& Tower with Radar,21,77,60,8,166,0,1,25,0,26,21,78,85,8,192,10,4,14,206
03/03/2010,FSD,SD,AGL,CE,Combined TRACON& Tower with Radar,22,82,49,14,167,0,8,28,0,36,22,90,77,14,203,24,20,44,247
03/04/2010,FSD,SD,AGL,CE,Combined TRACON& Tower with Radar,22,83,51,26,182,0,1,35,5,41,22,84,86,31,223,14,50,64,287
03/05/2010,FSD,SD,AGL,CE,Combined TRACON& Tower with Radar,22,73,25,16,136,0,4,6,0,10,22,77,31,16,146,10,16,26,172
03/06/2010,FSD,SD,AGL,CE,Combined TRACON& Tower with Radar,20,37,8,10,75,0,0,0,0,0,20,37,8,10,75,0,0,0,75
03/07/2010,FSD,SD,AGL,CE,Combined TRACON& Tower with Radar,20,19,14,2,55,0,0,1,0,1,20,19,15,2,56,0,0,0,56
03/08/2010,FSD,SD,AGL,CE,Combined TRACON& Tower with Radar,17,62,27,0,106,0,0,0,0,0,17,62,27,0,106,0,0,0,106
03/09/2010,FSD,SD,AGL,CE,Combined TRACON& Tower with Radar,24,84,54,0,162,0,0,0,0,0,24,84,54,0,162,0,0,0,162
03/10/2010,FSD,SD,AGL,CE,Combined TRACON& Tower with Radar,28,59,33,9,129,0,0,0,0,0,28,59,33,9,129,0,0,0,129
03/11/2010,FSD,SD,AGL,CE,Combined TRACON& Tower with Radar,23,71,22,0,116,0,0,0,0,0,23,71,22,0,116,0,0,0,116
03/12/2010,FSD,SD,AGL,CE,Combined TRACON& Tower with Radar,25,80,17,2,124,0,0,1,0,1,25,80,18,2,125,0,0,0,125
03/13/2010,FSD,SD,AGL,CE,Combined TRACON& Tower with Radar,17,45,9,1,72,0,0,2,0,2,17,45,11,1,74,0,0,0,74
03/14/2010,FSD,SD,AGL,CE,Combined TRACON& Tower with Radar,18,23,12,0,53,0,0,0,0,0,18,23,12,0,53,0,0,0,53
03/15/2010,FSD,SD,AGL,CE,Combined TRACON& Tower with Radar,17,70,37,0,124,0,0,0,0,0,17,70,37,0,124,0,0,0,124
03/16/2010,FSD,SD,AGL,CE,Combined TRACON& Tower with Radar,20,80,50,15,165,0,0,1,0,1,20,80,51,15,166,0,0,0,166
03/17/2010,FSD,SD,AGL,CE,Combined TRACON& Tower with Radar,24,76,42,26,168,0,6,29,0,35,24,82,71,26,203,30,18,48,251
03/18/2010,FSD,SD,AGL,CE,Combined TRACON& Tower with Radar,24,80,40,24,168,0,0,36,0,36,24,80,76,24,204,14,32,46,250
03/19/2010,FSD,SD,AGL,CE,Combined TRACON& Tower with Radar,22,82,23,24,151,0,1,6,0,7,22,83,29,24,158,0,0,0,158
03/20/2010,FSD,SD,AGL,CE,Combined TRACON& Tower with Radar,19,39,13,10,81,0,3,22,0,25,19,42,35,10,106,66,8,74,180
03/21/2010,FSD,SD,AGL,CE,Combined TRACON& Tower with Radar,20,26,18,0,64,0,4,35,0,39,20,30,53,0,103,40,0,40,143
03/22/2010,FSD,SD,AGL,CE,Combined TRACON& Tower with Radar,19,72,37,28,156,0,2,34,0,36,19,74,71,28,192,38,28,66,258
03/23/2010,FSD,SD,AGL,CE,Combined TRACON& Tower with Radar,22,100,55,20,197,0,0,17,0,17,22,100,72,20,214,8,10,18,232
03/24/2010,FSD,SD,AGL,CE,Combined TRACON& Tower with Radar,21,81,45,33,180,0,9,40,0,49,21,90,85,33,229,46,8,54,283
03/25/2010,FSD,SD,AGL,CE,Combined TRACON& Tower with Radar,23,95,61,21,200,0,12,37,0,49,23,107,98,21,249,56,0,56,305
03/26/2010,FSD,SD,AGL,CE,Combined TRACON& Tower with Radar,20,84,22,0,126,0,0,16,0,16,20,84,38,0,142,8,0,8,150
03/27/2010,FSD,SD,AGL,CE,Combined TRACON& Tower with Radar,17,44,24,1,86,0,0,22,0,22,17,44,46,1,108,12,0,12,120
03/28/2010,FSD,SD,AGL,CE,Combined TRACON& Tower with Radar,18,20,9,3,50,0,20,27,0,47,18,40,36,3,97,44,0,44,141
03/29/2010,FSD,SD,AGL,CE,Combined TRACON& Tower with Radar,19,63,30,0,112,0,1,24,0,25,19,64,54,0,137,36,0,36,173
03/30/2010,FSD,SD,AGL,CE,Combined TRACON& Tower with Radar,22,76,25,17,140,0,4,27,0,31,22,80,52,17,171,50,20,70,241
03/31/2010,FSD,SD,AGL,CE,Combined TRACON& Tower with Radar,24,78,31,24,157,0,1,24,2,27,24,79,55,26,184,108,20,128,312
04/01/2010,FSD,SD,AGL,CE,Combined TRACON& Tower with Radar,22,77,32,20,151,0,1,13,1,15,22,78,45,21,166,36,28,64,230
04/02/2010,FSD,SD,AGL,CE,Combined TRACON& Tower with Radar,22,79,11,2,114,0,1,11,0,12,22,80,22,2,126,12,0,12,138
04/03/2010,FSD,SD,AGL,CE,Combined TRACON& Tower with Radar,17,34,12,0,63,0,4,10,0,14,17,38,22,0,77,0,0,0,77
04/04/2010,FSD,SD,AGL,CE,Combined TRACON& Tower with Radar,16,26,6,0,48,0,1,16,0,17,16,27,22,0,65,8,0,8,73
04/05/2010,FSD,SD,AGL,CE,Combined TRACON& Tower with Radar,15,59,38,1,113,0,5,25,0,30,15,64,63,1,143,36,0,36,179
04/06/2010,FSD,SD,AGL,CE,Combined TRACON& Tower with Radar,22,88,39,7,156,0,0,2,0,2,22,88,41,7,158,0,0,0,158
04/07/2010,FSD,SD,AGL,CE,Combined TRACON& Tower with Radar,20,99,40,11,170,0,14,11,0,25,20,113,51,11,195,8,2,10,205
04/08/2010,FSD,SD,AGL,CE,Combined TRACON& Tower with Radar,20,101,50,13,184,0,11,31,1,43,20,112,81,14,227,36,4,40,267
04/09/2010,FSD,SD,AGL,CE,Combined TRACON& Tower with Radar,19,86,35,13,153,0,4,20,0,24,19,90,55,13,177,2,12,14,191
04/10/2010,FSD,SD,AGL,CE,Combined TRACON& Tower with Radar,14,47,13,4,78,0,4,30,0,34,14,51,43,4,112,26,2,28,140
04/11/2010,FSD,SD,AGL,CE,Combined TRACON& Tower with Radar,15,42,14,9,80,0,14,27,0,41,15,56,41,9,121,16,4,20,141
04/12/2010,FSD,SD,AGL,CE,Combined TRACON& Tower with Radar,15,77,43,0,135,0,1,7,0,8,15,78,50,0,143,12,0,12,155
04/13/2010,FSD,SD,AGL,CE,Combined TRACON& Tower with Radar,20,89,32,5,146,0,1,15,0,16,20,90,47,5,162,10,10,20,182
04/14/2010,FSD,SD,AGL,CE,Combined TRACON& Tower with Radar,25,99,41,10,175,0,1,10,1,12,25,100,51,11,187,8,0,8,195
04/15/2010,FSD,SD,AGL,CE,Combined TRACON& Tower with Radar,21,91,44,13,169,0,5,18,4,27,21,96,62,17,196,14,20,34,230
04/16/2010,FSD,SD,AGL,CE,Combined TRACON& Tower with Radar,19,93,24,26,162,0,3,22,3,28,19,96,46,29,190,8,14,22,212
04/17/2010,FSD,SD,AGL,CE,Combined TRACON& Tower with Radar,16,49,13,4,82,0,11,34,0,45,16,60,47,4,127,28,0,28,155
04/18/2010,FSD,SD,AGL,CE,Combined TRACON& Tower with Radar,15,45,16,2,78,0,9,16,0,25,15,54,32,2,103,8,0,8,111
04/19/2010,FSD,SD,AGL,CE,Combined TRACON& Tower with Radar,18,74,35,14,141,0,5,34,0,39,18,79,69,14,180,44,14,58,238
04/20/2010,FSD,SD,AGL,CE,Combined TRACON& Tower with Radar,18,91,41,15,165,0,2,30,0,32,18,93,71,15,197,30,12,42,239
04/21/2010,FSD,SD,AGL,CE,Combined TRACON& Tower with Radar,22,102,60,22,206,0,9,44,0,53,22,111,104,22,259,42,10,52,311
04/22/2010,FSD,SD,AGL,CE,Combined TRACON& Tower with Radar,18,90,43,12,163,0,4,48,1,53,18,94,91,13,216,0,0,0,216
04/23/2010,FSD,SD,AGL,CE,Combined TRACON& Tower with Radar,20,93,43,2,158,0,0,2,0,2,20,93,45,2,160,0,0,0,160
04/24/2010,FSD,SD,AGL,CE,Combined TRACON& Tower with Radar,17,51,23,0,91,0,0,9,0,9,17,51,32,0,100,0,0,0,100
04/25/2010,FSD,SD,AGL,CE,Combined TRACON& Tower with Radar,13,40,8,2,63,0,0,5,0,5,13,40,13,2,68,0,0,0,68
04/26/2010,FSD,SD,AGL,CE,Combined TRACON& Tower with Radar,15,75,52,2,144,0,2,2,1,5,15,77,54,3,149,4,0,4,153
04/27/2010,FSD,SD,AGL,CE,Combined TRACON& Tower with Radar,18,92,58,27,195,0,4,34,1,39,18,96,92,28,234,36,26,62,296
04/28/2010,FSD,SD,AGL,CE,Combined TRACON& Tower with Radar,20,90,51,13,174,0,3,32,0,35,20,93,83,13,209,8,14,22,231
04/29/2010,FSD,SD,AGL,CE,Combined TRACON& Tower with Radar,23,89,38,19,169,0,0,29,0,29,23,89,67,19,198,12,10,22,220
04/30/2010,FSD,SD,AGL,CE,Combined TRACON& Tower with Radar,23,89,36,20,168,0,9,15,0,24,23,98,51,20,192,0,20,20,212
05/01/2010,FSD,SD,AGL,CE,Combined TRACON& Tower with Radar,14,56,8,3,81,0,0,24,1,25,14,56,32,4,106,4,20,24,130
05/02/2010,FSD,SD,AGL,CE,Combined TRACON& Tower with Radar,13,40,13,5,71,0,0,8,3,11,13,40,21,8,82,4,6,10,92
05/03/2010,FSD,SD,AGL,CE,Combined TRACON& Tower with Radar,11,81,22,0,114,0,1,22,0,23,11,82,44,0,137,22,0,22,159
05/04/2010,FSD,SD,AGL,CE,Combined TRACON& Tower with Radar,16,93,43,8,160,0,8,26,0,34,16,101,69,8,194,12,4,16,210
05/05/2010,FSD,SD,AGL,CE,Combined TRACON& Tower with Radar,18,93,43,7,161,0,2,20,2,24,18,95,63,9,185,28,20,48,233
05/06/2010,FSD,SD,AGL,CE,Combined TRACON& Tower with Radar,19,101,57,17,194,0,1,10,0,11,19,102,67,17,205,8,8,16,221
05/07/2010,FSD,SD,AGL,CE,Combined TRACON& Tower with Radar,20,102,28,7,157,0,2,2,0,4,20,104,30,7,161,0,0,0,161
05/08/2010,FSD,SD,AGL,CE,Combined TRACON& Tower with Radar,13,56,16,5,90,0,2,33,0,35,13,58,49,5,125,4,0,4,129
05/09/2010,FSD,SD,AGL,CE,Combined TRACON& Tower with Radar,13,39,14,2,68,0,1,12,1,14,13,40,26,3,82,10,0,10,92
05/10/2010,FSD,SD,AGL,CE,Combined TRACON& Tower with Radar,17,80,38,0,135,0,2,6,0,8,17,82,44,0,143,0,0,0,143
05/11/2010,FSD,SD,AGL,CE,Combined TRACON& Tower with Radar,16,107,48,17,188,0,0,3,0,3,16,107,51,17,191,0,0,0,191
05/12/2010,FSD,SD,AGL,CE,Combined TRACON& Tower with Radar,18,99,32,13,162,0,0,0,0,0,18,99,32,13,162,0,0,0,162
05/13/2010,FSD,SD,AGL,CE,Combined TRACON& Tower with Radar,18,104,56,30,208,0,2,10,0,12,18,106,66,30,220,12,22,34,254
05/14/2010,FSD,SD,AGL,CE,Combined TRACON& Tower with Radar,19,85,29,0,133,0,6,25,0,31,19,91,54,0,164,0,0,0,164
05/15/2010,FSD,SD,AGL,CE,Combined TRACON& Tower with Radar,13,58,27,11,109,0,4,34,6,44,13,62,61,17,153,8,16,24,177
05/16/2010,FSD,SD,AGL,CE,Combined TRACON& Tower with Radar,13,45,9,5,72,0,4,20,0,24,13,49,29,5,96,12,0,12,108
05/17/2010,FSD,SD,AGL,CE,Combined TRACON& Tower with Radar,13,82,42,1,138,0,4,34,1,39,13,86,76,2,177,46,0,46,223
05/18/2010,FSD,SD,AGL,CE,Combined TRACON& Tower with Radar,18,87,31,20,156,0,7,32,4,43,18,94,63,24,199,24,16,40,239
05/19/2010,FSD,SD,AGL,CE,Combined TRACON& Tower with Radar,20,90,62,9,181,0,3,30,6,39,20,93,92,15,220,10,22,32,252
05/20/2010,FSD,SD,AGL,CE,Combined TRACON& Tower with Radar,20,95,44,13,172,0,1,16,3,20,20,96,60,16,192,8,4,12,204
05/21/2010,FSD,SD,AGL,CE,Combined TRACON& Tower with Radar,21,100,36,16,173,0,5,13,3,21,21,105,49,19,194,2,12,14,208
05/22/2010,FSD,SD,AGL,CE,Combined TRACON& Tower with Radar,16,50,5,0,71,0,1,2,1,4,16,51,7,1,75,0,0,0,75
05/23/2010,FSD,SD,AGL,CE,Combined TRACON& Tower with Radar,15,43,17,0,75,0,2,14,0,16,15,45,31,0,91,4,0,4,95
05/24/2010,FSD,SD,AGL,CE,Combined TRACON& Tower with Radar,12,72,30,0,114,0,1,5,1,7,12,73,35,1,121,0,0,0,121
05/25/2010,FSD,SD,AGL,CE,Combined TRACON& Tower with Radar,24,97,44,14,179,0,5,23,0,28,24,102,67,14,207,30,18,48,255
05/26/2010,FSD,SD,AGL,CE,Combined TRACON& Tower with Radar,20,96,38,14,168,0,3,15,0,18,20,99,53,14,186,16,10,26,212
05/27/2010,FSD,SD,AGL,CE,Combined TRACON& Tower with Radar,20,93,62,11,186,0,3,32,0,35,20,96,94,11,221,16,22,38,259
05/28/2010,FSD,SD,AGL,CE,Combined TRACON& Tower with Radar,21,90,29,11,151,0,2,14,0,16,21,92,43,11,167,26,8,34,201
05/29/2010,FSD,SD,AGL,CE,Combined TRACON& Tower with Radar,15,49,7,0,71,0,4,14,0,18,15,53,21,0,89,26,0,26,115
05/30/2010,FSD,SD,AGL,CE,Combined TRACON& Tower with Radar,13,45,6,0,64,0,0,10,0,10,13,45,16,0,74,6,0,6,80
05/31/2010,FSD,SD,AGL,CE,Combined TRACON& Tower with Radar,10,40,13,0,63,0,0,26,0,26,10,40,39,0,89,24,0,24,113
06/01/2010,FSD,SD,AGL,CE,Combined TRACON& Tower with Radar,15,97,32,0,144,0,1,2,0,3,15,98,34,0,147,0,0,0,147
06/02/2010,FSD,SD,AGL,CE,Combined TRACON& Tower with Radar,20,95,28,16,159,0,2,21,0,23,20,97,49,16,182,38,18,56,238
06/03/2010,FSD,SD,AGL,CE,Combined TRACON& Tower with Radar,20,101,45,13,179,0,2,24,0,26,20,103,69,13,205,14,2,16,221
06/04/2010,FSD,SD,AGL,CE,Combined TRACON& Tower with Radar,19,95,19,18,151,0,1,16,3,20,19,96,35,21,171,0,24,24,195
06/05/2010,FSD,SD,AGL,CE,Combined TRACON& Tower with Radar,15,55,11,0,81,0,0,18,0,18,15,55,29,0,99,6,0,6,105
06/06/2010,FSD,SD,AGL,CE,Combined TRACON& Tower with Radar,11,48,11,0,70,0,3,5,0,8,11,51,16,0,78,0,0,0,78
06/07/2010,FSD,SD,AGL,CE,Combined TRACON& Tower with Radar,17,79,40,12,148,0,6,12,0,18,17,85,52,12,166,0,0,0,166
06/08/2010,FSD,SD,AGL,CE,Combined TRACON& Tower with Radar,18,98,42,15,173,0,1,15,1,17,18,99,57,16,190,20,10,30,220
06/09/2010,FSD,SD,AGL,CE,Combined TRACON& Tower with Radar,20,96,47,16,179,0,3,37,0,40,20,99,84,16,219,18,40,58,277
06/10/2010,FSD,SD,AGL,CE,Combined TRACON& Tower with Radar,22,88,36,10,156,0,0,0,0,0,22,88,36,10,156,0,2,2,158
06/11/2010,FSD,SD,AGL,CE,Combined TRACON& Tower with Radar,19,113,36,10,178,0,1,9,2,12,19,114,45,12,190,0,0,0,190
06/12/2010,FSD,SD,AGL,CE,Combined TRACON& Tower with Radar,16,53,14,3,86,0,0,0,0,0,16,53,14,3,86,0,0,0,86
06/13/2010,FSD,SD,AGL,CE,Combined TRACON& Tower with Radar,16,42,41,2,101,0,0,5,0,5,16,42,46,2,106,6,0,6,112
06/14/2010,FSD,SD,AGL,CE,Combined TRACON& Tower with Radar,13,83,35,0,131,0,0,0,0,0,13,83,35,0,131,0,0,0,131
06/15/2010,FSD,SD,AGL,CE,Combined TRACON& Tower with Radar,15,98,41,27,181,0,1,16,4,21,15,99,57,31,202,16,52,68,270
06/16/2010,FSD,SD,AGL,CE,Combined TRACON& Tower with Radar,20,99,45,14,178,0,3,25,0,28,20,102,70,14,206,6,8,14,220
06/17/2010,FSD,SD,AGL,CE,Combined TRACON& Tower with Radar,27,113,59,9,208,0,6,12,1,19,27,119,71,10,227,16,8,24,251
06/18/2010,FSD,SD,AGL,CE,Combined TRACON& Tower with Radar,18,94,30,19,161,0,4,19,2,25,18,98,49,21,186,6,26,32,218
06/19/2010,FSD,SD,AGL,CE,Combined TRACON& Tower with Radar,16,54,21,2,93,0,8,41,0,49,16,62,62,2,142,16,8,24,166
06/20/2010,FSD,SD,AGL,CE,Combined TRACON& Tower with Radar,14,45,23,3,85,0,3,15,0,18,14,48,38,3,103,14,0,14,117
06/21/2010,FSD,SD,AGL,CE,Combined TRACON& Tower with Radar,10,83,31,4,128,0,6,7,0,13,10,89,38,4,141,10,22,32,173
06/22/2010,FSD,SD,AGL,CE,Combined TRACON& Tower with Radar,17,91,35,16,159,0,4,26,0,30,17,95,61,16,189,16,10,26,215
06/23/2010,FSD,SD,AGL,CE,Combined TRACON& Tower with Radar,18,84,49,14,165,0,2,24,3,29,18,86,73,17,194,6,18,24,218
06/24/2010,FSD,SD,AGL,CE,Combined TRACON& Tower with Radar,18,105,43,20,186,0,4,34,4,42,18,109,77,24,228,44,50,94,322
06/25/2010,FSD,SD,AGL,CE,Combined TRACON& Tower with Radar,33,111,26,9,179,0,9,19,0,28,33,120,45,9,207,18,14,32,239
06/26/2010,FSD,SD,AGL,CE,Combined TRACON& Tower with Radar,16,60,16,5,97,0,1,12,1,14,16,61,28,6,111,8,2,10,121
06/27/2010,FSD,SD,AGL,CE,Combined TRACON& Tower with Radar,13,46,20,0,79,0,8,4,1,13,13,54,24,1,92,6,0,6,98
06/28/2010,FSD,SD,AGL,CE,Combined TRACON& Tower with Radar,11,77,38,2,128,0,3,12,1,16,11,80,50,3,144,6,2,8,152
06/29/2010,FSD,SD,AGL,CE,Combined TRACON& Tower with Radar,20,92,26,9,147,0,5,16,0,21,20,97,42,9,168,2,6,8,176
06/30/2010,FSD,SD,AGL,CE,Combined TRACON& Tower with Radar,16,96,62,8,182,0,0,21,0,21,16,96,83,8,203,12,0,12,215
07/01/2010,FSD,SD,AGL,CE,Combined TRACON& Tower with Radar,16,110,20,10,156,0,4,15,1,20,16,114,35,11,176,0,10,10,186
07/02/2010,FSD,SD,AGL,CE,Combined TRACON& Tower with Radar,20,97,27,8,152,0,1,14,0,15,20,98,41,8,167,0,14,14,181
07/03/2010,FSD,SD,AGL,CE,Combined TRACON& Tower with Radar,16,54,7,0,77,0,3,6,0,9,16,57,13,0,86,4,0,4,90
07/04/2010,FSD,SD,AGL,CE,Combined TRACON& Tower with Radar,11,39,14,10,74,0,2,12,0,14,11,41,26,10,88,4,12,16,104
07/05/2010,FSD,SD,AGL,CE,Combined TRACON& Tower with Radar,10,58,17,0,85,0,4,18,0,22,10,62,35,0,107,6,0,6,113
07/06/2010,FSD,SD,AGL,CE,Combined TRACON& Tower with Radar,14,98,45,0,157,0,0,19,0,19,14,98,64,0,176,6,0,6,182
07/07/2010,FSD,SD,AGL,CE,Combined TRACON& Tower with Radar,18,97,51,10,176,0,2,11,0,13,18,99,62,10,189,14,10,24,213
07/08/2010,FSD,SD,AGL,CE,Combined TRACON& Tower with Radar,20,100,35,13,168,0,3,41,0,44,20,103,76,13,212,28,16,44,256
07/09/2010,FSD,SD,AGL,CE,Combined TRACON& Tower with Radar,19,94,31,15,159,0,7,50,2,59,19,101,81,17,218,12,18,30,248
07/10/2010,FSD,SD,AGL,CE,Combined TRACON& Tower with Radar,16,57,21,16,110,0,3,18,0,21,16,60,39,16,131,40,26,66,197
07/11/2010,FSD,SD,AGL,CE,Combined TRACON& Tower with Radar,14,54,42,5,115,0,4,8,0,12,14,58,50,5,127,0,0,0,127
07/12/2010,FSD,SD,AGL,CE,Combined TRACON& Tower with Radar,11,80,42,5,138,0,9,30,0,39,11,89,72,5,177,8,0,8,185
07/13/2010,FSD,SD,AGL,CE,Combined TRACON& Tower with Radar,18,114,42,13,187,0,1,14,2,17,18,115,56,15,204,2,6,8,212
07/14/2010,FSD,SD,AGL,CE,Combined TRACON& Tower with Radar,18,107,79,13,217,0,7,39,6,52,18,114,118,19,269,26,4,30,299
07/15/2010,FSD,SD,AGL,CE,Combined TRACON& Tower with Radar,18,108,46,17,189,0,3,42,1,46,18,111,88,18,235,48,26,74,309
07/16/2010,FSD,SD,AGL,CE,Combined TRACON& Tower with Radar,19,102,34,11,166,0,4,25,0,29,19,106,59,11,195,30,18,48,243
07/17/2010,FSD,SD,AGL,CE,Combined TRACON& Tower with Radar,22,52,12,0,86,0,1,17,0,18,22,53,29,0,104,6,0,6,110
07/18/2010,FSD,SD,AGL,CE,Combined TRACON& Tower with Radar,14,53,14,2,83,0,3,22,5,30,14,56,36,7,113,18,12,30,143
07/19/2010,FSD,SD,AGL,CE,Combined TRACON& Tower with Radar,11,77,37,0,125,0,2,23,0,25,11,79,60,0,150,20,0,20,170
07/20/2010,FSD,SD,AGL,CE,Combined TRACON& Tower with Radar,18,102,47,10,177,0,1,16,0,17,18,103,63,10,194,16,8,24,218
07/21/2010,FSD,SD,AGL,CE,Combined TRACON& Tower with Radar,18,95,52,11,176,0,2,40,0,42,18,97,92,11,218,18,16,34,252
07/22/2010,FSD,SD,AGL,CE,Combined TRACON& Tower with Radar,18,116,59,26,219,0,0,14,0,14,18,116,73,26,233,10,44,54,287
07/23/2010,FSD,SD,AGL,CE,Combined TRACON& Tower with Radar,17,91,73,12,193,0,0,27,0,27,17,91,100,12,220,2,0,2,222
07/24/2010,FSD,SD,AGL,CE,Combined TRACON& Tower with Radar,14,58,29,6,107,0,2,33,0,35,14,60,62,6,142,30,8,38,180
07/25/2010,FSD,SD,AGL,CE,Combined TRACON& Tower with Radar,12,55,27,8,102,0,4,30,0,34,12,59,57,8,136,0,10,10,146
07/26/2010,FSD,SD,AGL,CE,Combined TRACON& Tower with Radar,10,75,51,6,142,0,4,27,0,31,10,79,78,6,173,8,4,12,185
07/27/2010,FSD,SD,AGL,CE,Combined TRACON& Tower with Radar,16,102,35,18,171,0,2,31,5,38,16,104,66,23,209,0,30,30,239
07/28/2010,FSD,SD,AGL,CE,Combined TRACON& Tower with Radar,20,108,45,13,186,0,5,35,1,41,20,113,80,14,227,34,10,44,271
07/29/2010,FSD,SD,AGL,CE,Combined TRACON& Tower with Radar,16,109,49,11,185,0,1,31,0,32,16,110,80,11,217,0,0,0,217
07/30/2010,FSD,SD,AGL,CE,Combined TRACON& Tower with Radar,19,101,37,13,170,0,1,21,0,22,19,102,58,13,192,2,14,16,208
07/31/2010,FSD,SD,AGL,CE,Combined TRACON& Tower with Radar,14,53,15,4,86,0,1,31,0,32,14,54,46,4,118,22,0,22,140
08/01/2010,FSD,SD,AGL,CE,Combined TRACON& Tower with Radar,14,40,21,5,80,0,2,27,0,29,14,42,48,5,109,16,10,26,135
08/02/2010,FSD,SD,AGL,CE,Combined TRACON& Tower with Radar,9,73,30,0,112,0,1,24,0,25,9,74,54,0,137,0,0,0,137
08/03/2010,FSD,SD,AGL,CE,Combined TRACON& Tower with Radar,14,91,34,17,156,0,1,11,0,12,14,92,45,17,168,0,20,20,188
08/04/2010,FSD,SD,AGL,CE,Combined TRACON& Tower with Radar,20,96,53,15,184,0,4,31,0,35,20,100,84,15,219,2,18,20,239
08/05/2010,FSD,SD,AGL,CE,Combined TRACON& Tower with Radar,18,100,36,17,171,0,1,25,0,26,18,101,61,17,197,10,22,32,229
08/06/2010,FSD,SD,AGL,CE,Combined TRACON& Tower with Radar,17,104,27,2,150,0,4,22,0,26,17,108,49,2,176,10,0,10,186
08/07/2010,FSD,SD,AGL,CE,Combined TRACON& Tower with Radar,15,48,19,10,92,0,1,14,2,17,15,49,33,12,109,0,16,16,125
08/08/2010,FSD,SD,AGL,CE,Combined TRACON& Tower with Radar,14,42,20,0,76,0,2,22,0,24,14,44,42,0,100,0,0,0,100
08/09/2010,FSD,SD,AGL,CE,Combined TRACON& Tower with Radar,12,80,33,2,127,0,2,15,0,17,12,82,48,2,144,0,0,0,144
08/10/2010,FSD,SD,AGL,CE,Combined TRACON& Tower with Radar,28,107,48,14,197,0,2,4,0,6,28,109,52,14,203,2,8,10,213
08/11/2010,FSD,SD,AGL,CE,Combined TRACON& Tower with Radar,18,95,40,16,169,0,0,17,0,17,18,95,57,16,186,18,20,38,224
08/12/2010,FSD,SD,AGL,CE,Combined TRACON& Tower with Radar,18,110,38,16,182,0,1,13,1,15,18,111,51,17,197,4,30,34,231
08/13/2010,FSD,SD,AGL,CE,Combined TRACON& Tower with Radar,16,100,42,6,164,0,0,16,0,16,16,100,58,6,180,4,2,6,186
08/14/2010,FSD,SD,AGL,CE,Combined TRACON& Tower with Radar,16,52,8,0,76,0,0,17,0,17,16,52,25,0,93,4,0,4,97
08/15/2010,FSD,SD,AGL,CE,Combined TRACON& Tower with Radar,13,50,24,0,87,0,3,43,0,46,13,53,67,0,133,0,0,0,133
08/16/2010,FSD,SD,AGL,CE,Combined TRACON& Tower with Radar,10,72,56,4,142,0,1,20,0,21,10,73,76,4,163,8,0,8,171
08/17/2010,FSD,SD,AGL,CE,Combined TRACON& Tower with Radar,15,97,59,5,176,0,2,16,3,21,15,99,75,8,197,2,8,10,207
08/18/2010,FSD,SD,AGL,CE,Combined TRACON& Tower with Radar,19,105,59,8,191,0,4,13,0,17,19,109,72,8,208,14,8,22,230
08/19/2010,FSD,SD,AGL,CE,Combined TRACON& Tower with Radar,15,93,38,17,163,0,0,13,0,13,15,93,51,17,176,0,16,16,192
08/20/2010,FSD,SD,AGL,CE,Combined TRACON& Tower with Radar,16,100,40,8,164,0,0,16,1,17,16,100,56,9,181,0,0,0,181
08/21/2010,FSD,SD,AGL,CE,Combined TRACON& Tower with Radar,12,51,19,8,90,0,5,15,0,20,12,56,34,8,110,16,8,24,134
08/22/2010,FSD,SD,AGL,CE,Combined TRACON& Tower with Radar,12,47,20,1,80,0,0,21,0,21,12,47,41,1,101,18,0,18,119
08/23/2010,FSD,SD,AGL,CE,Combined TRACON& Tower with Radar,6,90,33,0,129,0,3,12,1,16,6,93,45,1,145,0,0,0,145
08/24/2010,FSD,SD,AGL,CE,Combined TRACON& Tower with Radar,14,105,47,13,179,0,3,36,0,39,14,108,83,13,218,22,12,34,252
08/25/2010,FSD,SD,AGL,CE,Combined TRACON& Tower with Radar,16,106,47,11,180,0,12,40,2,54,16,118,87,13,234,28,12,40,274
08/26/2010,FSD,SD,AGL,CE,Combined TRACON& Tower with Radar,14,96,59,13,182,0,4,23,2,29,14,100,82,15,211,0,8,8,219
08/27/2010,FSD,SD,AGL,CE,Combined TRACON& Tower with Radar,15,97,31,17,160,0,3,30,2,35,15,100,61,19,195,10,6,16,211
08/28/2010,FSD,SD,AGL,CE,Combined TRACON& Tower with Radar,11,51,10,0,72,0,4,4,2,10,11,55,14,2,82,0,0,0,82
08/29/2010,FSD,SD,AGL,CE,Combined TRACON& Tower with Radar,13,42,14,4,73,0,1,12,0,13,13,43,26,4,86,0,0,0,86
08/30/2010,FSD,SD,AGL,CE,Combined TRACON& Tower with Radar,6,81,33,0,120,0,1,13,0,14,6,82,46,0,134,10,0,10,144
08/31/2010,FSD,SD,AGL,CE,Combined TRACON& Tower with Radar,14,105,47,10,176,0,1,18,0,19,14,106,65,10,195,24,2,26,221
09/01/2010,FSD,SD,AGL,CE,Combined TRACON& Tower with Radar,17,95,39,38,189,0,2,29,0,31,17,97,68,38,220,34,14,48,268
09/02/2010,FSD,SD,AGL,CE,Combined TRACON& Tower with Radar,16,97,51,22,186,0,2,17,1,20,16,99,68,23,206,0,26,26,232
09/03/2010,FSD,SD,AGL,CE,Combined TRACON& Tower with Radar,16,98,33,8,155,0,2,27,0,29,16,100,60,8,184,13,2,15,199
09/04/2010,FSD,SD,AGL,CE,Combined TRACON& Tower with Radar,11,48,16,33,108,0,8,31,0,39,11,56,47,33,147,16,28,44,191
09/05/2010,FSD,SD,AGL,CE,Combined TRACON& Tower with Radar,12,29,10,0,51,0,6,14,0,20,12,35,24,0,71,4,0,4,75
09/06/2010,FSD,SD,AGL,CE,Combined TRACON& Tower with Radar,5,48,21,2,76,0,0,8,0,8,5,48,29,2,84,0,0,0,84
09/07/2010,FSD,SD,AGL,CE,Combined TRACON& Tower with Radar,11,97,37,16,161,0,1,23,0,24,11,98,60,16,185,22,50,72,257
09/08/2010,FSD,SD,AGL,CE,Combined TRACON& Tower with Radar,16,108,59,10,193,0,1,30,0,31,16,109,89,10,224,4,0,4,228
09/09/2010,FSD,SD,AGL,CE,Combined TRACON& Tower with Radar,15,104,73,10,202,0,0,5,0,5,15,104,78,10,207,16,4,20,227
09/10/2010,FSD,SD,AGL,CE,Combined TRACON& Tower with Radar,18,102,24,0,144,0,1,2,0,3,18,103,26,0,147,0,0,0,147
09/11/2010,FSD,SD,AGL,CE,Combined TRACON& Tower with Radar,13,51,28,10,102,0,2,28,0,30,13,53,56,10,132,8,2,10,142
09/12/2010,FSD,SD,AGL,CE,Combined TRACON& Tower with Radar,13,39,23,3,78,0,4,26,0,30,13,43,49,3,108,34,4,38,146
09/13/2010,FSD,SD,AGL,CE,Combined TRACON& Tower with Radar,9,88,52,2,151,0,8,26,0,34,9,96,78,2,185,12,0,12,197
09/14/2010,FSD,SD,AGL,CE,Combined TRACON& Tower with Radar,14,131,46,13,204,0,2,5,0,7,14,133,51,13,211,0,0,0,211
09/15/2010,FSD,SD,AGL,CE,Combined TRACON& Tower with Radar,16,108,46,15,185,0,3,5,0,8,16,111,51,15,193,2,20,22,215
09/16/2010,FSD,SD,AGL,CE,Combined TRACON& Tower with Radar,14,105,60,15,194,0,3,14,0,17,14,108,74,15,211,8,8,16,227
09/17/2010,FSD,SD,AGL,CE,Combined TRACON& Tower with Radar,18,92,39,9,158,0,2,19,0,21,18,94,58,9,179,12,12,24,203
09/18/2010,FSD,SD,AGL,CE,Combined TRACON& Tower with Radar,10,41,23,1,75,0,3,20,0,23,10,44,43,1,98,42,0,42,140
09/19/2010,FSD,SD,AGL,CE,Combined TRACON& Tower with Radar,13,41,29,0,83,0,0,11,0,11,13,41,40,0,94,18,0,18,112
09/20/2010,FSD,SD,AGL,CE,Combined TRACON& Tower with Radar,9,76,48,12,145,0,1,8,1,10,9,77,56,13,155,0,4,4,159
09/21/2010,FSD,SD,AGL,CE,Combined TRACON& Tower with Radar,16,99,45,25,185,0,4,33,0,37,16,103,78,25,222,20,18,38,260
09/22/2010,FSD,SD,AGL,CE,Combined TRACON& Tower with Radar,16,97,63,1,177,0,1,4,1,6,16,98,67,2,183,2,0,2,185
09/23/2010,FSD,SD,AGL,CE,Combined TRACON& Tower with Radar,12,105,46,14,177,0,0,1,1,2,12,105,47,15,179,0,0,0,179
09/24/2010,FSD,SD,AGL,CE,Combined TRACON& Tower with Radar,17,103,63,3,186,0,3,21,0,24,17,106,84,3,210,26,0,26,236
09/25/2010,FSD,SD,AGL,CE,Combined TRACON& Tower with Radar,11,45,25,9,90,0,3,24,0,27,11,48,49,9,117,16,0,16,133
09/26/2010,FSD,SD,AGL,CE,Combined TRACON& Tower with Radar,10,46,21,5,82,0,4,19,0,23,10,50,40,5,105,14,16,30,135
09/27/2010,FSD,SD,AGL,CE,Combined TRACON& Tower with Radar,6,91,51,0,148,0,7,23,0,30,6,98,74,0,178,10,0,10,188
09/28/2010,FSD,SD,AGL,CE,Combined TRACON& Tower with Radar,18,102,51,31,202,0,7,35,0,42,18,109,86,31,244,20,30,50,294
09/29/2010,FSD,SD,AGL,CE,Combined TRACON& Tower with Radar,18,113,48,15,194,0,8,29,3,40,18,121,77,18,234,8,0,8,242
09/30/2010,FSD,SD,AGL,CE,Combined TRACON& Tower with Radar,14,102,51,2,169,0,13,34,0,47,14,115,85,2,216,0,0,0,216
10/01/2010,FSD,SD,AGL,CE,Combined TRACON& Tower with Radar,20,95,33,8,156,0,1,35,0,36,20,96,68,8,192,20,16,36,228
10/02/2010,FSD,SD,AGL,CE,Combined TRACON& Tower with Radar,15,50,15,10,90,0,9,20,0,29,15,59,35,10,119,36,6,42,161
10/03/2010,FSD,SD,AGL,CE,Combined TRACON& Tower with Radar,13,45,31,3,92,0,3,22,0,25,13,48,53,3,117,20,0,20,137
10/04/2010,FSD,SD,AGL,CE,Combined TRACON& Tower with Radar,13,85,15,0,113,0,0,17,0,17,13,85,32,0,130,32,0,32,162
10/05/2010,FSD,SD,AGL,CE,Combined TRACON& Tower with Radar,16,93,46,13,168,0,3,43,0,46,16,96,89,13,214,48,12,60,274
10/06/2010,FSD,SD,AGL,CE,Combined TRACON& Tower with Radar,18,100,54,14,186,0,1,52,0,53,18,101,106,14,239,4,4,8,247
10/07/2010,FSD,SD,AGL,CE,Combined TRACON& Tower with Radar,17,100,52,12,181,0,7,42,0,49,17,107,94,12,230,26,0,26,256
10/08/2010,FSD,SD,AGL,CE,Combined TRACON& Tower with Radar,21,97,32,11,161,0,3,29,0,32,21,100,61,11,193,14,6,20,213
10/09/2010,FSD,SD,AGL,CE,Combined TRACON& Tower with Radar,12,51,16,1,80,0,0,22,0,22,12,51,38,1,102,26,0,26,128
10/10/2010,FSD,SD,AGL,CE,Combined TRACON& Tower with Radar,13,39,29,0,81,0,6,12,1,19,13,45,41,1,100,0,0,0,100
10/11/2010,FSD,SD,AGL,CE,Combined TRACON& Tower with Radar,14,79,55,0,148,0,3,31,0,34,14,82,86,0,182,10,0,10,192
10/12/2010,FSD,SD,AGL,CE,Combined TRACON& Tower with Radar,16,92,52,2,162,0,2,21,0,23,16,94,73,2,185,4,0,4,189
10/13/2010,FSD,SD,AGL,CE,Combined TRACON& Tower with Radar,18,101,34,12,165,0,6,20,1,27,18,107,54,13,192,10,14,24,216
10/14/2010,FSD,SD,AGL,CE,Combined TRACON& Tower with Radar,20,92,64,14,190,0,0,21,5,26,20,92,85,19,216,18,2,20,236
10/15/2010,FSD,SD,AGL,CE,Combined TRACON& Tower with Radar,31,88,39,13,171,0,0,46,3,49,31,88,85,16,220,20,8,28,248
10/16/2010,FSD,SD,AGL,CE,Combined TRACON& Tower with Radar,17,54,19,2,92,0,4,24,0,28,17,58,43,2,120,18,0,18,138
10/17/2010,FSD,SD,AGL,CE,Combined TRACON& Tower with Radar,15,46,28,0,89,0,0,18,0,18,15,46,46,0,107,0,0,0,107
10/18/2010,FSD,SD,AGL,CE,Combined TRACON& Tower with Radar,15,77,70,14,176,0,0,35,1,36,15,77,105,15,212,2,14,16,228
10/19/2010,FSD,SD,AGL,CE,Combined TRACON& Tower with Radar,16,99,49,29,193,0,6,22,2,30,16,105,71,31,223,18,66,84,307
10/20/2010,FSD,SD,AGL,CE,Combined TRACON& Tower with Radar,18,95,67,17,197,0,2,39,9,50,18,97,106,26,247,18,0,18,265
10/21/2010,FSD,SD,AGL,CE,Combined TRACON& Tower with Radar,18,103,58,19,198,0,4,37,4,45,18,107,95,23,243,18,20,38,281
10/22/2010,FSD,SD,AGL,CE,Combined TRACON& Tower with Radar,25,96,51,2,174,0,1,35,0,36,25,97,86,2,210,6,0,6,216
10/23/2010,FSD,SD,AGL,CE,Combined TRACON& Tower with Radar,15,51,33,9,108,0,1,2,2,5,15,52,35,11,113,0,0,0,113
10/24/2010,FSD,SD,AGL,CE,Combined TRACON& Tower with Radar,12,48,41,0,101,0,0,2,0,2,12,48,43,0,103,2,0,2,105
10/25/2010,FSD,SD,AGL,CE,Combined TRACON& Tower with Radar,15,81,47,2,145,0,0,6,0,6,15,81,53,2,151,0,0,0,151
10/26/2010,FSD,SD,AGL,CE,Combined TRACON& Tower with Radar,14,98,42,0,154,0,2,10,0,12,14,100,52,0,166,0,0,0,166
10/27/2010,FSD,SD,AGL,CE,Combined TRACON& Tower with Radar,15,84,10,0,109,0,1,0,0,1,15,85,10,0,110,0,0,0,110
10/28/2010,FSD,SD,AGL,CE,Combined TRACON& Tower with Radar,18,97,66,28,209,0,0,29,0,29,18,97,95,28,238,24,62,86,324
10/29/2010,FSD,SD,AGL,CE,Combined TRACON& Tower with Radar,24,92,45,8,169,0,5,45,0,50,24,97,90,8,219,8,4,12,231
10/30/2010,FSD,SD,AGL,CE,Combined TRACON& Tower with Radar,15,55,9,0,79,0,1,28,0,29,15,56,37,0,108,36,0,36,144
10/31/2010,FSD,SD,AGL,CE,Combined TRACON& Tower with Radar,14,38,26,0,78,0,0,28,0,28,14,38,54,0,106,70,0,70,176
11/01/2010,FSD,SD,AGL,CE,Combined TRACON& Tower with Radar,15,84,51,0,150,0,0,21,0,21,15,84,72,0,171,48,0,48,219
11/02/2010,FSD,SD,AGL,CE,Combined TRACON& Tower with Radar,18,95,44,13,170,0,9,16,0,25,18,104,60,13,195,22,16,38,233
11/03/2010,FSD,SD,AGL,CE,Combined TRACON& Tower with Radar,18,107,36,7,168,0,13,17,0,30,18,120,53,7,198,0,6,6,204
11/04/2010,FSD,SD,AGL,CE,Combined TRACON& Tower with Radar,21,101,54,10,186,0,6,19,0,25,21,107,73,10,211,40,2,42,253
11/05/2010,FSD,SD,AGL,CE,Combined TRACON& Tower with Radar,24,83,40,0,147,0,2,21,0,23,24,85,61,0,170,40,0,40,210
11/06/2010,FSD,SD,AGL,CE,Combined TRACON& Tower with Radar,18,41,16,4,79,0,3,13,0,16,18,44,29,4,95,6,8,14,109
11/07/2010,FSD,SD,AGL,CE,Combined TRACON& Tower with Radar,13,41,24,8,86,0,0,20,0,20,13,41,44,8,106,0,16,16,122
11/08/2010,FSD,SD,AGL,CE,Combined TRACON& Tower with Radar,17,79,45,11,152,0,1,29,0,30,17,80,74,11,182,16,12,28,210
11/09/2010,FSD,SD,AGL,CE,Combined TRACON& Tower with Radar,17,93,44,8,162,0,3,17,0,20,17,96,61,8,182,12,14,26,208
11/10/2010,FSD,SD,AGL,CE,Combined TRACON& Tower with Radar,20,94,50,6,170,0,0,3,0,3,20,94,53,6,173,2,0,2,175
11/11/2010,FSD,SD,AGL,CE,Combined TRACON& Tower with Radar,22,91,41,0,154,0,4,16,0,20,22,95,57,0,174,20,0,20,194
11/12/2010,FSD,SD,AGL,CE,Combined TRACON& Tower with Radar,27,89,30,0,146,0,0,7,0,7,27,89,37,0,153,4,0,4,157
11/13/2010,FSD,SD,AGL,CE,Combined TRACON& Tower with Radar,25,43,9,3,80,0,3,11,0,14,25,46,20,3,94,0,0,0,94
11/14/2010,FSD,SD,AGL,CE,Combined TRACON& Tower with Radar,14,38,14,2,68,0,4,4,0,8,14,42,18,2,76,0,0,0,76
11/15/2010,FSD,SD,AGL,CE,Combined TRACON& Tower with Radar,19,91,48,6,164,0,8,16,2,26,19,99,64,8,190,26,2,28,218
11/16/2010,FSD,SD,AGL,CE,Combined TRACON& Tower with Radar,18,95,42,5,160,0,5,2,1,8,18,100,44,6,168,0,0,0,168
11/17/2010,FSD,SD,AGL,CE,Combined TRACON& Tower with Radar,20,96,35,6,157,0,0,10,0,10,20,96,45,6,167,34,0,34,201
11/18/2010,FSD,SD,AGL,CE,Combined TRACON& Tower with Radar,20,92,49,7,168,0,0,8,2,10,20,92,57,9,178,2,6,8,186
11/19/2010,FSD,SD,AGL,CE,Combined TRACON& Tower with Radar,27,101,33,0,161,0,5,25,1,31,27,106,58,1,192,16,0,16,208
11/20/2010,FSD,SD,AGL,CE,Combined TRACON& Tower with Radar,14,53,5,8,80,0,0,5,0,5,14,53,10,8,85,8,18,26,111
11/21/2010,FSD,SD,AGL,CE,Combined TRACON& Tower with Radar,11,41,15,0,67,0,0,1,0,1,11,41,16,0,68,0,0,0,68
11/22/2010,FSD,SD,AGL,CE,Combined TRACON& Tower with Radar,22,77,46,5,150,0,1,2,0,3,22,78,48,5,153,0,0,0,153
11/23/2010,FSD,SD,AGL,CE,Combined TRACON& Tower with Radar,22,104,48,10,184,0,5,17,9,31,22,109,65,19,215,0,46,46,261
11/24/2010,FSD,SD,AGL,CE,Combined TRACON& Tower with Radar,22,101,16,0,139,0,0,2,0,2,22,101,18,0,141,0,0,0,141
11/25/2010,FSD,SD,AGL,CE,Combined TRACON& Tower with Radar,6,29,8,0,43,0,0,1,0,1,6,29,9,0,44,0,0,0,44
11/26/2010,FSD,SD,AGL,CE,Combined TRACON& Tower with Radar,18,83,9,0,110,0,3,5,0,8,18,86,14,0,118,0,0,0,118
11/27/2010,FSD,SD,AGL,CE,Combined TRACON& Tower with Radar,12,64,15,0,91,0,10,31,0,41,12,74,46,0,132,2,0,2,134
11/28/2010,FSD,SD,AGL,CE,Combined TRACON& Tower with Radar,13,43,14,0,70,0,0,7,0,7,13,43,21,0,77,0,0,0,77
11/29/2010,FSD,SD,AGL,CE,Combined TRACON& Tower with Radar,16,87,26,0,129,0,0,0,0,0,16,87,26,0,129,0,0,0,129
11/30/2010,FSD,SD,AGL,CE,Combined TRACON& Tower with Radar,18,102,37,14,171,0,4,0,1,5,18,106,37,15,176,0,20,20,196
12/01/2010,FSD,SD,AGL,CE,Combined TRACON& Tower with Radar,22,101,38,7,168,0,3,8,1,12,22,104,46,8,180,22,10,32,212
12/02/2010,FSD,SD,AGL,CE,Combined TRACON& Tower with Radar,20,98,44,9,171,0,2,19,0,21,20,100,63,9,192,22,4,26,218
12/03/2010,FSD,SD,AGL,CE,Combined TRACON& Tower with Radar,26,100,31,5,162,0,0,2,0,2,26,100,33,5,164,0,4,4,168
12/04/2010,FSD,SD,AGL,CE,Combined TRACON& Tower with Radar,15,60,17,20,112,0,0,13,0,13,15,60,30,20,125,4,10,14,139
12/05/2010,FSD,SD,AGL,CE,Combined TRACON& Tower with Radar,10,50,48,7,115,0,0,5,1,6,10,50,53,8,121,0,0,0,121
12/06/2010,FSD,SD,AGL,CE,Combined TRACON& Tower with Radar,17,80,61,3,161,0,2,41,9,52,17,82,102,12,213,24,8,32,245
12/07/2010,FSD,SD,AGL,CE,Combined TRACON& Tower with Radar,18,100,33,14,165,0,1,16,1,18,18,101,49,15,183,14,14,28,211
12/08/2010,FSD,SD,AGL,CE,Combined TRACON& Tower with Radar,22,98,41,10,171,0,0,2,0,2,22,98,43,10,173,0,6,6,179
12/09/2010,FSD,SD,AGL,CE,Combined TRACON& Tower with Radar,20,90,41,11,162,0,0,34,0,34,20,90,75,11,196,18,10,28,224
12/10/2010,FSD,SD,AGL,CE,Combined TRACON& Tower with Radar,23,90,54,9,176,0,1,29,0,30,23,91,83,9,206,2,6,8,214
12/11/2010,FSD,SD,AGL,CE,Combined TRACON& Tower with Radar,4,18,3,0,25,0,0,0,0,0,4,18,3,0,25,0,0,0,25
12/12/2010,FSD,SD,AGL,CE,Combined TRACON& Tower with Radar,15,27,15,0,57,0,4,2,0,6,15,31,17,0,63,0,0,0,63
12/13/2010,FSD,SD,AGL,CE,Combined TRACON& Tower with Radar,16,84,46,0,146,0,6,9,1,16,16,90,55,1,162,18,0,18,180
12/14/2010,FSD,SD,AGL,CE,Combined TRACON& Tower with Radar,18,108,66,8,200,0,6,16,5,27,18,114,82,13,227,0,8,8,235
12/15/2010,FSD,SD,AGL,CE,Combined TRACON& Tower with Radar,25,123,57,8,213,0,5,11,1,17,25,128,68,9,230,8,10,18,248
12/16/2010,FSD,SD,AGL,CE,Combined TRACON& Tower with Radar,20,103,54,10,187,0,0,26,0,26,20,103,80,10,213,6,4,10,223
12/17/2010,FSD,SD,AGL,CE,Combined TRACON& Tower with Radar,26,116,37,9,188,0,1,41,1,43,26,117,78,10,231,26,0,26,257
12/18/2010,FSD,SD,AGL,CE,Combined TRACON& Tower with Radar,10,57,25,0,92,0,0,39,2,41,10,57,64,2,133,16,0,16,149
12/19/2010,FSD,SD,AGL,CE,Combined TRACON& Tower with Radar,15,42,28,0,85,0,0,21,0,21,15,42,49,0,106,2,0,2,108
12/20/2010,FSD,SD,AGL,CE,Combined TRACON& Tower with Radar,17,97,13,0,127,0,0,0,0,0,17,97,13,0,127,0,0,0,127
12/21/2010,FSD,SD,AGL,CE,Combined TRACON& Tower with Radar,19,111,30,18,178,0,5,7,2,14,19,116,37,20,192,4,8,12,204
12/22/2010,FSD,SD,AGL,CE,Combined TRACON& Tower with Radar,19,135,28,18,200,0,1,1,0,2,19,136,29,18,202,0,0,0,202
12/23/2010,FSD,SD,AGL,CE,Combined TRACON& Tower with Radar,20,119,14,0,153,0,0,0,0,0,20,119,14,0,153,0,0,0,153
12/24/2010,FSD,SD,AGL,CE,Combined TRACON& Tower with Radar,21,94,17,0,132,0,0,0,0,0,21,94,17,0,132,0,0,0,132
12/25/2010,FSD,SD,AGL,CE,Combined TRACON& Tower with Radar,7,47,0,1,55,0,0,0,0,0,7,47,0,1,55,0,0,0,55
12/26/2010,FSD,SD,AGL,CE,Combined TRACON& Tower with Radar,16,58,18,0,92,0,0,5,0,5,16,58,23,0,97,0,0,0,97
12/27/2010,FSD,SD,AGL,CE,Combined TRACON& Tower with Radar,16,81,36,1,134,0,1,12,0,13,16,82,48,1,147,6,0,6,153
12/28/2010,FSD,SD,AGL,CE,Combined TRACON& Tower with Radar,14,94,26,12,146,0,0,35,5,40,14,94,61,17,186,14,12,26,212
12/29/2010,FSD,SD,AGL,CE,Combined TRACON& Tower with Radar,19,84,27,9,139,0,1,10,1,12,19,85,37,10,151,14,0,14,165
12/30/2010,FSD,SD,AGL,CE,Combined TRACON& Tower with Radar,14,70,5,3,92,0,0,0,0,0,14,70,5,3,92,0,0,0,92
12/31/2010,FSD,SD,AGL,CE,Combined TRACON& Tower with Radar,18,55,4,0,77,0,0,0,0,0,18,55,4,0,77,0,0,0,77
01/01/2011,FSD,SD,AGL,CE,Combined TRACON& Tower with Radar,7,49,4,0,60,0,0,0,0,0,7,49,4,0,60,0,0,0,60
01/02/2011,FSD,SD,AGL,CE,Combined TRACON& Tower with Radar,16,50,12,0,78,0,0,17,0,17,16,50,29,0,95,0,0,0,95
01/03/2011,FSD,SD,AGL,CE,Combined TRACON& Tower with Radar,17,76,18,2,113,0,0,0,0,0,17,76,18,2,113,0,0,0,113
01/04/2011,FSD,SD,AGL,CE,Combined TRACON& Tower with Radar,12,90,28,8,138,0,3,17,2,22,12,93,45,10,160,0,2,2,162
01/05/2011,FSD,SD,AGL,CE,Combined TRACON& Tower with Radar,16,107,33,10,166,0,0,10,1,11,16,107,43,11,177,2,8,10,187
01/06/2011,FSD,SD,AGL,CE,Combined TRACON& Tower with Radar,16,95,36,10,157,0,1,6,0,7,16,96,42,10,164,12,6,18,182
01/07/2011,FSD,SD,AGL,CE,Combined TRACON& Tower with Radar,19,113,23,8,163,0,0,7,0,7,19,113,30,8,170,0,0,0,170
01/08/2011,FSD,SD,AGL,CE,Combined TRACON& Tower with Radar,11,53,20,10,94,0,4,14,0,18,11,57,34,10,112,0,4,4,116
01/09/2011,FSD,SD,AGL,CE,Combined TRACON& Tower with Radar,8,40,7,0,55,0,0,0,0,0,8,40,7,0,55,0,0,0,55
01/10/2011,FSD,SD,AGL,CE,Combined TRACON& Tower with Radar,12,75,32,0,119,0,0,2,0,2,12,75,34,0,121,0,0,0,121
01/11/2011,FSD,SD,AGL,CE,Combined TRACON& Tower with Radar,13,95,32,4,144,0,1,4,0,5,13,96,36,4,149,0,14,14,163
01/12/2011,FSD,SD,AGL,CE,Combined TRACON& Tower with Radar,16,105,44,7,172,0,0,0,0,0,16,105,44,7,172,0,0,0,172
01/13/2011,FSD,SD,AGL,CE,Combined TRACON& Tower with Radar,16,97,50,42,205,0,0,16,0,16,16,97,66,42,221,8,40,48,269
01/14/2011,FSD,SD,AGL,CE,Combined TRACON& Tower with Radar,23,92,46,8,169,0,4,19,2,25,23,96,65,10,194,8,0,8,202
01/15/2011,FSD,SD,AGL,CE,Combined TRACON& Tower with Radar,11,51,9,0,71,0,0,7,0,7,11,51,16,0,78,8,0,8,86
01/16/2011,FSD,SD,AGL,CE,Combined TRACON& Tower with Radar,10,41,16,0,67,0,0,3,0,3,10,41,19,0,70,0,0,0,70
01/17/2011,FSD,SD,AGL,CE,Combined TRACON& Tower with Radar,13,70,22,0,105,0,0,4,0,4,13,70,26,0,109,0,0,0,109
01/18/2011,FSD,SD,AGL,CE,Combined TRACON& Tower with Radar,14,112,51,0,177,0,3,10,0,13,14,115,61,0,190,0,0,0,190
01/19/2011,FSD,SD,AGL,CE,Combined TRACON& Tower with Radar,16,98,66,8,188,0,0,10,0,10,16,98,76,8,198,0,0,0,198
01/20/2011,FSD,SD,AGL,CE,Combined TRACON& Tower with Radar,16,104,52,0,172,0,4,8,0,12,16,108,60,0,184,0,0,0,184
01/21/2011,FSD,SD,AGL,CE,Combined TRACON& Tower with Radar,19,94,34,16,163,0,1,2,0,3,19,95,36,16,166,2,4,6,172
01/22/2011,FSD,SD,AGL,CE,Combined TRACON& Tower with Radar,11,50,13,5,79,0,3,1,0,4,11,53,14,5,83,0,0,0,83
01/23/2011,FSD,SD,AGL,CE,Combined TRACON& Tower with Radar,9,42,3,0,54,0,0,3,0,3,9,42,6,0,57,0,0,0,57
01/24/2011,FSD,SD,AGL,CE,Combined TRACON& Tower with Radar,15,82,35,10,142,0,0,1,0,1,15,82,36,10,143,0,0,0,143
01/25/2011,FSD,SD,AGL,CE,Combined TRACON& Tower with Radar,14,105,30,18,167,0,1,5,0,6,14,106,35,18,173,0,0,0,173
01/26/2011,FSD,SD,AGL,CE,Combined TRACON& Tower with Radar,15,94,55,12,176,0,1,18,1,20,15,95,73,13,196,14,0,14,210
01/27/2011,FSD,SD,AGL,CE,Combined TRACON& Tower with Radar,15,94,54,17,180,0,3,36,1,40,15,97,90,18,220,40,12,52,272
01/28/2011,FSD,SD,AGL,CE,Combined TRACON& Tower with Radar,18,99,23,4,144,0,3,19,0,22,18,102,42,4,166,0,0,0,166
01/29/2011,FSD,SD,AGL,CE,Combined TRACON& Tower with Radar,13,49,5,0,67,0,0,7,0,7,13,49,12,0,74,4,0,4,78
01/30/2011,FSD,SD,AGL,CE,Combined TRACON& Tower with Radar,8,51,21,2,82,0,0,1,0,1,8,51,22,2,83,10,0,10,93
01/31/2011,FSD,SD,AGL,CE,Combined TRACON& Tower with Radar,15,80,24,0,119,0,0,0,0,0,15,80,24,0,119,0,0,0,119
02/01/2011,FSD,SD,AGL,CE,Combined TRACON& Tower with Radar,16,94,25,0,135,0,1,1,0,2,16,95,26,0,137,0,0,0,137
02/02/2011,FSD,SD,AGL,CE,Combined TRACON& Tower with Radar,18,81,26,0,125,0,2,4,0,6,18,83,30,0,131,8,0,8,139
02/03/2011,FSD,SD,AGL,CE,Combined TRACON& Tower with Radar,14,88,29,10,141,0,2,26,0,28,14,90,55,10,169,30,2,32,201
02/04/2011,FSD,SD,AGL,CE,Combined TRACON& Tower with Radar,21,89,42,9,161,0,2,22,0,24,21,91,64,9,185,34,0,34,219
02/05/2011,FSD,SD,AGL,CE,Combined TRACON& Tower with Radar,11,55,2,3,71,0,0,0,0,0,11,55,2,3,71,0,0,0,71
02/06/2011,FSD,SD,AGL,CE,Combined TRACON& Tower with Radar,7,38,6,4,55,0,0,1,0,1,7,38,7,4,56,0,0,0,56
02/07/2011,FSD,SD,AGL,CE,Combined TRACON& Tower with Radar,15,76,41,0,132,0,0,11,0,11,15,76,52,0,143,16,0,16,159
02/08/2011,FSD,SD,AGL,CE,Combined TRACON& Tower with Radar,12,94,51,21,178,0,3,15,0,18,12,97,66,21,196,0,22,22,218
02/09/2011,FSD,SD,AGL,CE,Combined TRACON& Tower with Radar,18,88,39,0,145,0,2,17,0,19,18,90,56,0,164,10,0,10,174
02/10/2011,FSD,SD,AGL,CE,Combined TRACON& Tower with Radar,14,100,59,0,173,0,4,23,1,28,14,104,82,1,201,42,0,42,243
02/11/2011,FSD,SD,AGL,CE,Combined TRACON& Tower with Radar,22,89,45,3,159,0,3,16,0,19,22,92,61,3,178,28,0,28,206
02/12/2011,FSD,SD,AGL,CE,Combined TRACON& Tower with Radar,13,46,9,0,68,0,18,25,0,43,13,64,34,0,111,18,0,18,129
02/13/2011,FSD,SD,AGL,CE,Combined TRACON& Tower with Radar,11,45,10,0,66,0,1,9,0,10,11,46,19,0,76,24,0,24,100
02/14/2011,FSD,SD,AGL,CE,Combined TRACON& Tower with Radar,17,75,43,0,135,0,0,24,0,24,17,75,67,0,159,6,0,6,165
02/15/2011,FSD,SD,AGL,CE,Combined TRACON& Tower with Radar,14,101,45,4,164,0,4,43,0,47,14,105,88,4,211,40,0,40,251
02/16/2011,FSD,SD,AGL,CE,Combined TRACON& Tower with Radar,17,97,54,1,169,0,2,21,0,23,17,99,75,1,192,30,0,30,222
02/17/2011,FSD,SD,AGL,CE,Combined TRACON& Tower with Radar,14,88,60,16,178,0,1,28,0,29,14,89,88,16,207,16,28,44,251
02/18/2011,FSD,SD,AGL,CE,Combined TRACON& Tower with Radar,23,93,31,11,158,0,4,25,0,29,23,97,56,11,187,42,2,44,231
02/19/2011,FSD,SD,AGL,CE,Combined TRACON& Tower with Radar,12,57,20,5,94,0,3,36,0,39,12,60,56,5,133,20,0,20,153
02/20/2011,FSD,SD,AGL,CE,Combined TRACON& Tower with Radar,6,15,2,0,23,0,0,0,0,0,6,15,2,0,23,0,0,0,23
02/21/2011,FSD,SD,AGL,CE,Combined TRACON& Tower with Radar,15,75,28,2,120,0,0,1,0,1,15,75,29,2,121,0,0,0,121
02/22/2011,FSD,SD,AGL,CE,Combined TRACON& Tower with Radar,14,104,53,0,171,0,8,15,1,24,14,112,68,1,195,0,0,0,195
02/23/2011,FSD,SD,AGL,CE,Combined TRACON& Tower with Radar,20,111,68,10,209,0,2,11,0,13,20,113,79,10,222,0,0,0,222
02/24/2011,FSD,SD,AGL,CE,Combined TRACON& Tower with Radar,14,94,63,7,178,0,1,11,2,14,14,95,74,9,192,2,12,14,206
02/25/2011,FSD,SD,AGL,CE,Combined TRACON& Tower with Radar,28,95,37,8,168,0,0,5,0,5,28,95,42,8,173,0,0,0,173
02/26/2011,FSD,SD,AGL,CE,Combined TRACON& Tower with Radar,15,53,13,0,81,0,0,0,0,0,15,53,13,0,81,0,0,0,81
02/27/2011,FSD,SD,AGL,CE,Combined TRACON& Tower with Radar,12,47,17,2,78,0,0,13,0,13,12,47,30,2,91,16,0,16,107
02/28/2011,FSD,SD,AGL,CE,Combined TRACON& Tower with Radar,17,84,40,2,143,0,1,35,0,36,17,85,75,2,179,28,0,28,207
03/01/2011,FSD,SD,AGL,CE,Combined TRACON& Tower with Radar,16,102,32,12,162,0,3,14,0,17,16,105,46,12,179,6,6,12,191
03/02/2011,FSD,SD,AGL,CE,Combined TRACON& Tower with Radar,19,98,47,11,175,0,4,31,0,35,19,102,78,11,210,14,0,14,224
03/03/2011,FSD,SD,AGL,CE,Combined TRACON& Tower with Radar,17,99,35,13,164,0,3,22,0,25,17,102,57,13,189,0,6,6,195
03/04/2011,FSD,SD,AGL,CE,Combined TRACON& Tower with Radar,24,105,31,3,163,0,0,10,0,10,24,105,41,3,173,4,0,4,177
03/05/2011,FSD,SD,AGL,CE,Combined TRACON& Tower with Radar,14,51,15,8,88,0,6,30,1,37,14,57,45,9,125,38,4,42,167
03/06/2011,FSD,SD,AGL,CE,Combined TRACON& Tower with Radar,15,42,7,5,69,0,1,0,0,1,15,43,7,5,70,20,0,20,90
03/07/2011,FSD,SD,AGL,CE,Combined TRACON& Tower with Radar,21,86,52,0,159,0,0,0,0,0,21,86,52,0,159,0,0,0,159
03/08/2011,FSD,SD,AGL,CE,Combined TRACON& Tower with Radar,22,97,28,0,147,0,0,0,0,0,22,97,28,0,147,0,0,0,147
03/09/2011,FSD,SD,AGL,CE,Combined TRACON& Tower with Radar,22,93,39,8,162,0,0,6,0,6,22,93,45,8,168,0,0,0,168
03/10/2011,FSD,SD,AGL,CE,Combined TRACON& Tower with Radar,22,100,51,14,187,0,6,23,0,29,22,106,74,14,216,0,0,0,216
03/11/2011,FSD,SD,AGL,CE,Combined TRACON& Tower with Radar,27,98,28,8,161,0,1,13,0,14,27,99,41,8,175,0,0,0,175
03/12/2011,FSD,SD,AGL,CE,Combined TRACON& Tower with Radar,17,60,24,0,101,0,2,3,0,5,17,62,27,0,106,0,0,0,106
03/13/2011,FSD,SD,AGL,CE,Combined TRACON& Tower with Radar,19,51,10,4,84,0,6,10,0,16,19,57,20,4,100,14,0,14,114
03/14/2011,FSD,SD,AGL,CE,Combined TRACON& Tower with Radar,23,72,59,18,172,0,1,28,0,29,23,73,87,18,201,12,26,38,239
03/15/2011,FSD,SD,AGL,CE,Combined TRACON& Tower with Radar,20,93,38,12,163,0,1,22,0,23,20,94,60,12,186,8,8,16,202
03/16/2011,FSD,SD,AGL,CE,Combined TRACON& Tower with Radar,26,95,50,18,189,0,4,37,0,41,26,99,87,18,230,4,8,12,242
03/17/2011,FSD,SD,AGL,CE,Combined TRACON& Tower with Radar,22,92,56,6,176,0,8,26,0,34,22,100,82,6,210,46,18,64,274
03/18/2011,FSD,SD,AGL,CE,Combined TRACON& Tower with Radar,29,97,44,0,170,0,2,39,1,42,29,99,83,1,212,22,0,22,234
03/19/2011,FSD,SD,AGL,CE,Combined TRACON& Tower with Radar,23,53,13,0,89,0,1,20,0,21,23,54,33,0,110,22,0,22,132
03/20/2011,FSD,SD,AGL,CE,Combined TRACON& Tower with Radar,18,49,43,2,112,0,0,4,0,4,18,49,47,2,116,18,0,18,134
03/21/2011,FSD,SD,AGL,CE,Combined TRACON& Tower with Radar,22,73,36,6,137,0,1,15,4,20,22,74,51,10,157,4,0,4,161
03/22/2011,FSD,SD,AGL,CE,Combined TRACON& Tower with Radar,24,83,42,0,149,0,0,0,0,0,24,83,42,0,149,0,0,0,149
03/23/2011,FSD,SD,AGL,CE,Combined TRACON& Tower with Radar,21,82,38,14,155,0,0,0,1,1,21,82,38,15,156,0,0,0,156
03/24/2011,FSD,SD,AGL,CE,Combined TRACON& Tower with Radar,22,99,72,10,203,0,8,52,0,60,22,107,124,10,263,20,2,22,285
03/25/2011,FSD,SD,AGL,CE,Combined TRACON& Tower with Radar,25,95,35,2,157,0,0,7,0,7,25,95,42,2,164,0,0,0,164
03/26/2011,FSD,SD,AGL,CE,Combined TRACON& Tower with Radar,17,47,21,0,85,0,0,4,0,4,17,47,25,0,89,0,0,0,89
03/27/2011,FSD,SD,AGL,CE,Combined TRACON& Tower with Radar,15,49,27,0,91,0,4,19,0,23,15,53,46,0,114,64,6,70,184
03/28/2011,FSD,SD,AGL,CE,Combined TRACON& Tower with Radar,20,74,43,0,137,0,3,27,0,30,20,77,70,0,167,18,0,18,185
03/29/2011,FSD,SD,AGL,CE,Combined TRACON& Tower with Radar,20,96,39,4,159,0,0,20,0,20,20,96,59,4,179,34,0,34,213
03/30/2011,FSD,SD,AGL,CE,Combined TRACON& Tower with Radar,20,110,37,12,179,0,0,11,0,11,20,110,48,12,190,12,30,42,232
03/31/2011,FSD,SD,AGL,CE,Combined TRACON& Tower with Radar,22,104,62,9,197,0,0,0,0,0,22,104,62,9,197,0,0,0,197
04/01/2011,FSD,SD,AGL,CE,Combined TRACON& Tower with Radar,29,91,44,6,170,0,4,56,1,61,29,95,100,7,231,46,6,52,283
04/02/2011,FSD,SD,AGL,CE,Combined TRACON& Tower with Radar,12,52,14,20,98,0,5,41,1,47,12,57,55,21,145,34,8,42,187
04/03/2011,FSD,SD,AGL,CE,Combined TRACON& Tower with Radar,10,48,14,7,79,0,1,12,0,13,10,49,26,7,92,6,0,6,98
04/04/2011,FSD,SD,AGL,CE,Combined TRACON& Tower with Radar,19,75,50,0,144,0,6,12,0,18,19,81,62,0,162,20,0,20,182
04/05/2011,FSD,SD,AGL,CE,Combined TRACON& Tower with Radar,16,90,54,12,172,0,5,50,0,55,16,95,104,12,227,36,16,52,279
04/06/2011,FSD,SD,AGL,CE,Combined TRACON& Tower with Radar,18,93,43,23,177,0,7,26,0,33,18,100,69,23,210,8,62,70,280
04/07/2011,FSD,SD,AGL,CE,Combined TRACON& Tower with Radar,18,86,39,15,158,0,5,25,0,30,18,91,64,15,188,18,18,36,224
04/08/2011,FSD,SD,AGL,CE,Combined TRACON& Tower with Radar,25,84,50,8,167,0,0,5,0,5,25,84,55,8,172,8,0,8,180
04/09/2011,FSD,SD,AGL,CE,Combined TRACON& Tower with Radar,11,51,17,0,79,0,0,0,0,0,11,51,17,0,79,0,0,0,79
04/10/2011,FSD,SD,AGL,CE,Combined TRACON& Tower with Radar,9,46,25,0,80,0,0,0,0,0,9,46,25,0,80,0,0,0,80
04/11/2011,FSD,SD,AGL,CE,Combined TRACON& Tower with Radar,22,89,51,0,162,0,13,32,0,45,22,102,83,0,207,26,0,26,233
04/12/2011,FSD,SD,AGL,CE,Combined TRACON& Tower with Radar,17,104,61,9,191,0,14,39,0,53,17,118,100,9,244,44,12,56,300
04/13/2011,FSD,SD,AGL,CE,Combined TRACON& Tower with Radar,18,102,49,14,183,0,10,9,0,19,18,112,58,14,202,0,0,0,202
04/14/2011,FSD,SD,AGL,CE,Combined TRACON& Tower with Radar,18,119,54,16,207,0,8,2,0,10,18,127,56,16,217,0,0,0,217
04/15/2011,FSD,SD,AGL,CE,Combined TRACON& Tower with Radar,25,94,22,0,141,0,0,0,0,0,25,94,22,0,141,2,0,2,143
04/16/2011,FSD,SD,AGL,CE,Combined TRACON& Tower with Radar,11,56,15,25,107,0,0,2,0,2,11,56,17,25,109,0,16,16,125
04/17/2011,FSD,SD,AGL,CE,Combined TRACON& Tower with Radar,8,50,12,1,71,0,0,5,0,5,8,50,17,1,76,14,0,14,90
04/18/2011,FSD,SD,AGL,CE,Combined TRACON& Tower with Radar,19,78,53,0,150,0,0,6,0,6,19,78,59,0,156,0,0,0,156
04/19/2011,FSD,SD,AGL,CE,Combined TRACON& Tower with Radar,15,87,29,15,146,0,1,4,2,7,15,88,33,17,153,0,6,6,159
04/20/2011,FSD,SD,AGL,CE,Combined TRACON& Tower with Radar,20,100,55,16,191,0,1,20,0,21,20,101,75,16,212,28,4,32,244
04/21/2011,FSD,SD,AGL,CE,Combined TRACON& Tower with Radar,20,89,48,19,176,0,0,13,0,13,20,89,61,19,189,4,10,14,203
04/22/2011,FSD,SD,AGL,CE,Combined TRACON& Tower with Radar,23,89,26,0,138,0,0,0,0,0,23,89,26,0,138,0,0,0,138
04/23/2011,FSD,SD,AGL,CE,Combined TRACON& Tower with Radar,15,46,8,0,69,0,3,13,0,16,15,49,21,0,85,16,0,16,101
04/24/2011,FSD,SD,AGL,CE,Combined TRACON& Tower with Radar,11,36,8,0,55,0,0,13,0,13,11,36,21,0,68,18,0,18,86
04/25/2011,FSD,SD,AGL,CE,Combined TRACON& Tower with Radar,19,73,43,0,135,0,0,32,0,32,19,73,75,0,167,44,0,44,211
04/26/2011,FSD,SD,AGL,CE,Combined TRACON& Tower with Radar,16,91,48,18,173,0,2,1,0,3,16,93,49,18,176,0,2,2,178
04/27/2011,FSD,SD,AGL,CE,Combined TRACON& Tower with Radar,18,107,54,21,200,0,8,21,0,29,18,115,75,21,229,0,10,10,239
04/28/2011,FSD,SD,AGL,CE,Combined TRACON& Tower with Radar,17,103,44,24,188,0,5,38,0,43,17,108,82,24,231,48,22,70,301
04/29/2011,FSD,SD,AGL,CE,Combined TRACON& Tower with Radar,23,89,29,4,145,0,0,16,0,16,23,89,45,4,161,0,14,14,175
04/30/2011,FSD,SD,AGL,CE,Combined TRACON& Tower with Radar,14,44,11,0,69,0,1,6,0,7,14,45,17,0,76,0,0,0,76
05/01/2011,FSD,SD,AGL,CE,Combined TRACON& Tower with Radar,11,39,13,2,65,0,1,19,1,21,11,40,32,3,86,20,0,20,106
05/02/2011,FSD,SD,AGL,CE,Combined TRACON& Tower with Radar,19,81,36,4,140,0,9,17,0,26,19,90,53,4,166,20,8,28,194
05/03/2011,FSD,SD,AGL,CE,Combined TRACON& Tower with Radar,18,99,63,8,188,0,4,41,0,45,18,103,104,8,233,40,4,44,277
05/04/2011,FSD,SD,AGL,CE,Combined TRACON& Tower with Radar,19,96,33,0,148,0,7,7,0,14,19,103,40,0,162,36,0,36,198
05/05/2011,FSD,SD,AGL,CE,Combined TRACON& Tower with Radar,20,101,35,8,164,0,0,16,2,18,20,101,51,10,182,0,18,18,200
05/06/2011,FSD,SD,AGL,CE,Combined TRACON& Tower with Radar,25,101,30,11,167,0,4,25,0,29,25,105,55,11,196,26,0,26,222
05/07/2011,FSD,SD,AGL,CE,Combined TRACON& Tower with Radar,18,50,17,0,85,0,2,39,0,41,18,52,56,0,126,24,0,24,150
05/08/2011,FSD,SD,AGL,CE,Combined TRACON& Tower with Radar,12,39,10,0,61,0,0,8,0,8,12,39,18,0,69,0,0,0,69
05/09/2011,FSD,SD,AGL,CE,Combined TRACON& Tower with Radar,19,78,42,0,139,0,0,24,0,24,19,78,66,0,163,4,0,4,167
05/10/2011,FSD,SD,AGL,CE,Combined TRACON& Tower with Radar,24,92,56,15,187,0,3,21,0,24,24,95,77,15,211,8,16,24,235
05/11/2011,FSD,SD,AGL,CE,Combined TRACON& Tower with Radar,23,84,39,10,156,0,1,22,0,23,23,85,61,10,179,52,20,72,251
05/12/2011,FSD,SD,AGL,CE,Combined TRACON& Tower with Radar,23,111,49,15,198,0,0,0,0,0,23,111,49,15,198,16,0,16,214
05/13/2011,FSD,SD,AGL,CE,Combined TRACON& Tower with Radar,25,100,57,6,188,0,0,8,0,8,25,100,65,6,196,6,4,10,206
05/14/2011,FSD,SD,AGL,CE,Combined TRACON& Tower with Radar,18,50,17,0,85,0,2,39,0,41,18,52,56,0,126,0,0,0,126
05/15/2011,FSD,SD,AGL,CE,Combined TRACON& Tower with Radar,12,39,10,0,61,0,0,8,0,8,12,39,18,0,69,10,6,16,85
05/16/2011,FSD,SD,AGL,CE,Combined TRACON& Tower with Radar,18,85,54,2,159,0,5,65,0,70,18,90,119,2,229,114,0,114,343
05/17/2011,FSD,SD,AGL,CE,Combined TRACON& Tower with Radar,18,98,50,18,184,0,5,41,2,48,18,103,91,20,232,40,24,64,296
05/18/2011,FSD,SD,AGL,CE,Combined TRACON& Tower with Radar,22,102,51,9,184,0,5,41,1,47,22,107,92,10,231,16,28,44,275
05/19/2011,FSD,SD,AGL,CE,Combined TRACON& Tower with Radar,23,104,59,6,192,0,0,12,0,12,23,104,71,6,204,0,12,12,216
05/20/2011,FSD,SD,AGL,CE,Combined TRACON& Tower with Radar,24,93,29,12,158,0,0,0,0,0,24,93,29,12,158,0,0,0,158
05/21/2011,FSD,SD,AGL,CE,Combined TRACON& Tower with Radar,13,44,19,7,83,0,4,12,5,21,13,48,31,12,104,32,6,38,142
05/22/2011,FSD,SD,AGL,CE,Combined TRACON& Tower with Radar,28,39,20,2,89,0,1,5,0,6,28,40,25,2,95,18,0,18,113
05/23/2011,FSD,SD,AGL,CE,Combined TRACON& Tower with Radar,16,79,52,12,159,0,4,11,0,15,16,83,63,12,174,32,12,44,218
05/24/2011,FSD,SD,AGL,CE,Combined TRACON& Tower with Radar,18,99,59,19,195,0,0,8,0,8,18,99,67,19,203,18,8,26,229
05/25/2011,FSD,SD,AGL,CE,Combined TRACON& Tower with Radar,21,94,30,11,156,0,0,3,0,3,21,94,33,11,159,0,8,8,167
05/26/2011,FSD,SD,AGL,CE,Combined TRACON& Tower with Radar,21,88,53,14,176,0,6,62,0,68,21,94,115,14,244,44,10,54,298
05/27/2011,FSD,SD,AGL,CE,Combined TRACON& Tower with Radar,25,103,31,0,159,0,1,1,0,2,25,104,32,0,161,2,0,2,163
05/28/2011,FSD,SD,AGL,CE,Combined TRACON& Tower with Radar,22,49,3,0,74,0,3,8,0,11,22,52,11,0,85,22,0,22,107
05/29/2011,FSD,SD,AGL,CE,Combined TRACON& Tower with Radar,19,26,12,0,57,0,3,7,0,10,19,29,19,0,67,0,0,0,67
05/30/2011,FSD,SD,AGL,CE,Combined TRACON& Tower with Radar,13,37,16,6,72,0,1,7,0,8,13,38,23,6,80,0,0,0,80
05/31/2011,FSD,SD,AGL,CE,Combined TRACON& Tower with Radar,15,81,32,2,130,0,1,15,0,16,15,82,47,2,146,0,0,0,146
06/01/2011,FSD,SD,AGL,CE,Combined TRACON& Tower with Radar,24,93,47,18,182,0,2,44,1,47,24,95,91,19,229,26,6,32,261
06/02/2011,FSD,SD,AGL,CE,Combined TRACON& Tower with Radar,22,99,59,9,189,0,1,29,0,30,22,100,88,9,219,34,22,56,275
06/03/2011,FSD,SD,AGL,CE,Combined TRACON& Tower with Radar,27,102,40,7,176,0,4,26,1,31,27,106,66,8,207,8,0,8,215
06/04/2011,FSD,SD,AGL,CE,Combined TRACON& Tower with Radar,16,57,11,6,90,0,5,33,1,39,16,62,44,7,129,64,10,74,203
06/05/2011,FSD,SD,AGL,CE,Combined TRACON& Tower with Radar,16,39,21,16,92,0,2,22,0,24,16,41,43,16,116,6,8,14,130
06/06/2011,FSD,SD,AGL,CE,Combined TRACON& Tower with Radar,17,80,38,16,151,0,4,32,0,36,17,84,70,16,187,4,16,20,207
06/07/2011,FSD,SD,AGL,CE,Combined TRACON& Tower with Radar,18,88,40,12,158,0,3,16,0,19,18,91,56,12,177,20,16,36,213
06/08/2011,FSD,SD,AGL,CE,Combined TRACON& Tower with Radar,22,95,47,7,171,0,1,30,1,32,22,96,77,8,203,2,0,2,205
06/09/2011,FSD,SD,AGL,CE,Combined TRACON& Tower with Radar,23,85,67,7,182,0,1,21,0,22,23,86,88,7,204,10,16,26,230
06/10/2011,FSD,SD,AGL,CE,Combined TRACON& Tower with Radar,24,103,56,17,200,0,0,6,0,6,24,103,62,17,206,0,0,0,206
06/11/2011,FSD,SD,AGL,CE,Combined TRACON& Tower with Radar,13,48,30,8,99,0,1,27,0,28,13,49,57,8,127,4,0,4,131
06/12/2011,FSD,SD,AGL,CE,Combined TRACON& Tower with Radar,19,40,8,2,69,0,1,12,0,13,19,41,20,2,82,0,0,0,82
06/13/2011,FSD,SD,AGL,CE,Combined TRACON& Tower with Radar,16,74,30,0,120,0,4,22,0,26,16,78,52,0,146,8,0,8,154
06/14/2011,FSD,SD,AGL,CE,Combined TRACON& Tower with Radar,18,98,49,5,170,0,3,2,0,5,18,101,51,5,175,0,0,0,175
06/15/2011,FSD,SD,AGL,CE,Combined TRACON& Tower with Radar,22,89,44,21,176,0,1,37,8,46,22,90,81,29,222,6,38,44,266
06/16/2011,FSD,SD,AGL,CE,Combined TRACON& Tower with Radar,26,100,55,12,193,0,4,43,2,49,26,104,98,14,242,20,8,28,270
06/17/2011,FSD,SD,AGL,CE,Combined TRACON& Tower with Radar,24,97,42,5,168,0,6,22,0,28,24,103,64,5,196,14,12,26,222
06/18/2011,FSD,SD,AGL,CE,Combined TRACON& Tower with Radar,15,50,38,2,105,0,7,35,0,42,15,57,73,2,147,2,0,2,149
06/19/2011,FSD,SD,AGL,CE,Combined TRACON& Tower with Radar,18,49,38,0,105,0,1,17,0,18,18,50,55,0,123,10,0,10,133
06/20/2011,FSD,SD,AGL,CE,Combined TRACON& Tower with Radar,12,82,40,0,134,0,0,9,0,9,12,82,49,0,143,0,0,0,143
06/21/2011,FSD,SD,AGL,CE,Combined TRACON& Tower with Radar,15,102,55,13,185,0,0,3,0,3,15,102,58,13,188,4,0,4,192
06/22/2011,FSD,SD,AGL,CE,Combined TRACON& Tower with Radar,20,100,42,9,171,0,0,0,0,0,20,100,42,9,171,6,22,28,199
06/23/2011,FSD,SD,AGL,CE,Combined TRACON& Tower with Radar,23,103,77,4,207,0,4,30,0,34,23,107,107,4,241,20,12,32,273
06/24/2011,FSD,SD,AGL,CE,Combined TRACON& Tower with Radar,21,94,35,7,157,0,1,75,1,77,21,95,110,8,234,58,0,58,292
06/25/2011,FSD,SD,AGL,CE,Combined TRACON& Tower with Radar,15,57,20,1,93,0,5,33,2,40,15,62,53,3,133,38,0,38,171
06/26/2011,FSD,SD,AGL,CE,Combined TRACON& Tower with Radar,15,45,23,0,83,0,0,7,0,7,15,45,30,0,90,16,0,16,106
06/27/2011,FSD,SD,AGL,CE,Combined TRACON& Tower with Radar,14,81,37,0,132,0,2,30,1,33,14,83,67,1,165,0,0,0,165
06/28/2011,FSD,SD,AGL,CE,Combined TRACON& Tower with Radar,18,99,36,9,162,0,3,39,11,53,18,102,75,20,215,50,18,68,283
06/29/2011,FSD,SD,AGL,CE,Combined TRACON& Tower with Radar,19,104,42,9,174,0,0,30,5,35,19,104,72,14,209,0,0,0,209
06/30/2011,FSD,SD,AGL,CE,Combined TRACON& Tower with Radar,24,107,59,6,196,0,3,29,1,33,24,110,88,7,229,48,8,56,285
07/01/2011,FSD,SD,AGL,CE,Combined TRACON& Tower with Radar,22,102,28,14,166,0,1,27,2,30,22,103,55,16,196,32,8,40,236
07/02/2011,FSD,SD,AGL,CE,Combined TRACON& Tower with Radar,15,50,9,0,74,0,6,39,0,45,15,56,48,0,119,28,0,28,147
07/03/2011,FSD,SD,AGL,CE,Combined TRACON& Tower with Radar,16,35,12,1,64,0,0,14,1,15,16,35,26,2,79,0,0,0,79
07/04/2011,FSD,SD,AGL,CE,Combined TRACON& Tower with Radar,10,40,13,0,63,0,3,27,0,30,10,43,40,0,93,4,0,4,97
07/05/2011,FSD,SD,AGL,CE,Combined TRACON& Tower with Radar,17,93,33,0,143,0,2,19,0,21,17,95,52,0,164,18,0,18,182
07/06/2011,FSD,SD,AGL,CE,Combined TRACON& Tower with Radar,21,102,38,8,169,0,1,40,0,41,21,103,78,8,210,56,12,68,278
07/07/2011,FSD,SD,AGL,CE,Combined TRACON& Tower with Radar,25,103,36,10,174,0,1,47,0,48,25,104,83,10,222,16,12,28,250
07/08/2011,FSD,SD,AGL,CE,Combined TRACON& Tower with Radar,21,90,33,5,149,0,0,46,0,46,21,90,79,5,195,54,8,62,257
07/09/2011,FSD,SD,AGL,CE,Combined TRACON& Tower with Radar,20,43,14,6,83,0,2,23,0,25,20,45,37,6,108,40,0,40,148
07/10/2011,FSD,SD,AGL,CE,Combined TRACON& Tower with Radar,18,50,15,4,87,0,3,28,0,31,18,53,43,4,118,14,0,14,132
07/11/2011,FSD,SD,AGL,CE,Combined TRACON& Tower with Radar,15,73,52,0,140,0,2,39,4,45,15,75,91,4,185,30,0,30,215
07/12/2011,FSD,SD,AGL,CE,Combined TRACON& Tower with Radar,20,104,54,11,189,0,8,13,4,25,20,112,67,15,214,20,6,26,240
07/13/2011,FSD,SD,AGL,CE,Combined TRACON& Tower with Radar,22,94,61,6,183,0,3,30,2,35,22,97,91,8,218,12,0,12,230
07/14/2011,FSD,SD,AGL,CE,Combined TRACON& Tower with Radar,22,96,61,13,192,0,0,6,1,7,22,96,67,14,199,0,0,0,199
07/15/2011,FSD,SD,AGL,CE,Combined TRACON& Tower with Radar,29,85,32,16,162,0,1,17,1,19,29,86,49,17,181,10,0,10,191
07/16/2011,FSD,SD,AGL,CE,Combined TRACON& Tower with Radar,17,48,22,4,91,0,4,36,3,43,17,52,58,7,134,14,0,14,148
07/17/2011,FSD,SD,AGL,CE,Combined TRACON& Tower with Radar,18,47,21,0,86,0,3,6,0,9,18,50,27,0,95,0,0,0,95
07/18/2011,FSD,SD,AGL,CE,Combined TRACON& Tower with Radar,17,69,45,0,131,0,3,31,0,34,17,72,76,0,165,36,0,36,201
07/19/2011,FSD,SD,AGL,CE,Combined TRACON& Tower with Radar,27,95,68,10,200,0,3,43,0,46,27,98,111,10,246,6,24,30,276
07/20/2011,FSD,SD,AGL,CE,Combined TRACON& Tower with Radar,22,90,61,8,181,0,2,46,0,48,22,92,107,8,229,12,4,16,245
07/21/2011,FSD,SD,AGL,CE,Combined TRACON& Tower with Radar,24,100,43,15,182,0,4,26,3,33,24,104,69,18,215,2,18,20,235
07/22/2011,FSD,SD,AGL,CE,Combined TRACON& Tower with Radar,25,92,37,6,160,0,3,25,0,28,25,95,62,6,188,26,0,26,214
07/23/2011,FSD,SD,AGL,CE,Combined TRACON& Tower with Radar,18,48,17,0,83,0,2,13,0,15,18,50,30,0,98,4,0,4,102
07/24/2011,FSD,SD,AGL,CE,Combined TRACON& Tower with Radar,19,42,24,5,90,0,0,28,0,28,19,42,52,5,118,36,0,36,154
07/25/2011,FSD,SD,AGL,CE,Combined TRACON& Tower with Radar,18,72,43,0,133,0,2,32,0,34,18,74,75,0,167,10,0,10,177
07/26/2011,FSD,SD,AGL,CE,Combined TRACON& Tower with Radar,21,95,55,12,183,0,2,21,0,23,21,97,76,12,206,4,6,10,216
07/27/2011,FSD,SD,AGL,CE,Combined TRACON& Tower with Radar,21,103,33,7,164,0,5,33,3,41,21,108,66,10,205,20,16,36,241
07/28/2011,FSD,SD,AGL,CE,Combined TRACON& Tower with Radar,23,104,69,14,210,0,11,29,1,41,23,115,98,15,251,48,6,54,305
07/29/2011,FSD,SD,AGL,CE,Combined TRACON& Tower with Radar,23,91,23,11,148,0,7,27,0,34,23,98,50,11,182,6,8,14,196
07/30/2011,FSD,SD,AGL,CE,Combined TRACON& Tower with Radar,16,44,19,0,79,0,0,14,0,14,16,44,33,0,93,2,0,2,95
07/31/2011,FSD,SD,AGL,CE,Combined TRACON& Tower with Radar,18,49,23,0,90,0,1,4,0,5,18,50,27,0,95,0,0,0,95
08/01/2011,FSD,SD,AGL,CE,Combined TRACON& Tower with Radar,19,81,28,0,128,0,1,20,0,21,19,82,48,0,149,2,0,2,151
08/02/2011,FSD,SD,AGL,CE,Combined TRACON& Tower with Radar,21,99,46,6,172,0,3,21,0,24,21,102,67,6,196,14,16,30,226
08/03/2011,FSD,SD,AGL,CE,Combined TRACON& Tower with Radar,22,91,35,9,157,0,1,25,4,30,22,92,60,13,187,38,16,54,241
08/04/2011,FSD,SD,AGL,CE,Combined TRACON& Tower with Radar,24,98,50,11,183,0,6,25,3,34,24,104,75,14,217,52,18,70,287
08/05/2011,FSD,SD,AGL,CE,Combined TRACON& Tower with Radar,27,87,51,5,170,0,1,12,0,13,27,88,63,5,183,18,0,18,201
08/06/2011,FSD,SD,AGL,CE,Combined TRACON& Tower with Radar,18,53,22,8,101,0,0,8,0,8,18,53,30,8,109,8,12,20,129
08/07/2011,FSD,SD,AGL,CE,Combined TRACON& Tower with Radar,18,40,29,14,101,0,0,7,0,7,18,40,36,14,108,0,6,6,114
08/08/2011,FSD,SD,AGL,CE,Combined TRACON& Tower with Radar,17,84,34,0,135,0,1,28,0,29,17,85,62,0,164,18,0,18,182
08/09/2011,FSD,SD,AGL,CE,Combined TRACON& Tower with Radar,20,105,63,10,198,0,5,49,0,54,20,110,112,10,252,40,0,40,292
08/10/2011,FSD,SD,AGL,CE,Combined TRACON& Tower with Radar,22,93,53,11,179,0,2,40,0,42,22,95,93,11,221,18,28,46,267
08/11/2011,FSD,SD,AGL,CE,Combined TRACON& Tower with Radar,24,93,45,16,178,0,0,25,1,26,24,93,70,17,204,0,16,16,220
08/12/2011,FSD,SD,AGL,CE,Combined TRACON& Tower with Radar,25,102,31,15,173,0,1,24,0,25,25,103,55,15,198,10,16,26,224
08/13/2011,FSD,SD,AGL,CE,Combined TRACON& Tower with Radar,17,50,17,2,86,0,1,14,0,15,17,51,31,2,101,0,0,0,101
08/14/2011,FSD,SD,AGL,CE,Combined TRACON& Tower with Radar,16,49,15,3,83,0,3,19,0,22,16,52,34,3,105,8,0,8,113
08/15/2011,FSD,SD,AGL,CE,Combined TRACON& Tower with Radar,17,90,44,8,159,0,10,26,2,38,17,100,70,10,197,52,0,52,249
08/16/2011,FSD,SD,AGL,CE,Combined TRACON& Tower with Radar,18,90,60,10,178,0,2,12,0,14,18,92,72,10,192,0,8,8,200
08/17/2011,FSD,SD,AGL,CE,Combined TRACON& Tower with Radar,20,92,58,13,183,0,1,55,0,56,20,93,113,13,239,32,28,60,299
08/18/2011,FSD,SD,AGL,CE,Combined TRACON& Tower with Radar,20,93,60,13,186,0,0,14,0,14,20,93,74,13,200,2,40,42,242
08/19/2011,FSD,SD,AGL,CE,Combined TRACON& Tower with Radar,24,108,46,0,178,0,0,36,0,36,24,108,82,0,214,0,0,0,214
08/20/2011,FSD,SD,AGL,CE,Combined TRACON& Tower with Radar,16,48,15,2,81,0,2,20,0,22,16,50,35,2,103,0,0,0,103
08/21/2011,FSD,SD,AGL,CE,Combined TRACON& Tower with Radar,11,38,15,2,66,0,0,30,0,30,11,38,45,2,96,8,0,8,104
08/22/2011,FSD,SD,AGL,CE,Combined TRACON& Tower with Radar,19,88,54,0,161,0,7,20,0,27,19,95,74,0,188,2,0,2,190
08/23/2011,FSD,SD,AGL,CE,Combined TRACON& Tower with Radar,18,101,55,4,178,0,5,26,7,38,18,106,81,11,216,6,12,18,234
08/24/2011,FSD,SD,AGL,CE,Combined TRACON& Tower with Radar,20,101,39,8,168,0,0,28,1,29,20,101,67,9,197,2,18,20,217
08/25/2011,FSD,SD,AGL,CE,Combined TRACON& Tower with Radar,19,98,48,12,177,0,2,46,1,49,19,100,94,13,226,50,19,69,295
08/26/2011,FSD,SD,AGL,CE,Combined TRACON& Tower with Radar,25,102,22,9,158,0,3,26,0,29,25,105,48,9,187,30,6,36,223
08/27/2011,FSD,SD,AGL,CE,Combined TRACON& Tower with Radar,15,45,11,2,73,0,0,19,0,19,15,45,30,2,92,8,0,8,100
08/28/2011,FSD,SD,AGL,CE,Combined TRACON& Tower with Radar,11,51,11,0,73,0,0,11,1,12,11,51,22,1,85,0,0,0,85
08/29/2011,FSD,SD,AGL,CE,Combined TRACON& Tower with Radar,19,78,52,20,169,0,1,23,0,24,19,79,75,20,193,30,24,54,247
08/30/2011,FSD,SD,AGL,CE,Combined TRACON& Tower with Radar,18,93,57,9,177,0,0,5,0,5,18,93,62,9,182,0,0,0,182
08/31/2011,FSD,SD,AGL,CE,Combined TRACON& Tower with Radar,21,104,45,10,180,0,0,11,0,11,21,104,56,10,191,18,0,18,209
09/01/2011,FSD,SD,AGL,CE,Combined TRACON& Tower with Radar,20,98,52,23,193,0,4,24,0,28,20,102,76,23,221,0,20,20,241
09/02/2011,FSD,SD,AGL,CE,Combined TRACON& Tower with Radar,26,91,40,0,157,0,0,11,0,11,26,91,51,0,168,6,0,6,174
09/03/2011,FSD,SD,AGL,CE,Combined TRACON& Tower with Radar,14,55,17,0,86,0,0,14,0,14,14,55,31,0,100,18,0,18,118
09/04/2011,FSD,SD,AGL,CE,Combined TRACON& Tower with Radar,12,29,10,0,51,0,2,30,0,32,12,31,40,0,83,14,0,14,97
09/05/2011,FSD,SD,AGL,CE,Combined TRACON& Tower with Radar,18,45,15,0,78,0,1,25,0,26,18,46,40,0,104,0,0,0,104
09/06/2011,FSD,SD,AGL,CE,Combined TRACON& Tower with Radar,14,85,31,0,130,0,14,12,0,26,14,99,43,0,156,14,0,14,170
09/07/2011,FSD,SD,AGL,CE,Combined TRACON& Tower with Radar,20,91,46,17,174,0,4,31,0,35,20,95,77,17,209,2,18,20,229
09/08/2011,FSD,SD,AGL,CE,Combined TRACON& Tower with Radar,20,101,53,7,181,0,4,32,0,36,20,105,85,7,217,4,12,16,233
09/09/2011,FSD,SD,AGL,CE,Combined TRACON& Tower with Radar,26,96,35,7,164,0,0,29,0,29,26,96,64,7,193,14,12,26,219
09/10/2011,FSD,SD,AGL,CE,Combined TRACON& Tower with Radar,19,47,18,2,86,0,4,37,2,43,19,51,55,4,129,18,4,22,151
09/11/2011,FSD,SD,AGL,CE,Combined TRACON& Tower with Radar,13,32,17,4,66,0,11,22,0,33,13,43,39,4,99,10,8,18,117
09/12/2011,FSD,SD,AGL,CE,Combined TRACON& Tower with Radar,17,73,53,4,147,0,0,13,0,13,17,73,66,4,160,12,12,24,184
09/13/2011,FSD,SD,AGL,CE,Combined TRACON& Tower with Radar,18,88,43,8,157,0,2,17,0,19,18,90,60,8,176,0,0,0,176
09/14/2011,FSD,SD,AGL,CE,Combined TRACON& Tower with Radar,20,99,49,7,175,0,2,20,1,23,20,101,69,8,198,2,0,2,200
09/15/2011,FSD,SD,AGL,CE,Combined TRACON& Tower with Radar,19,92,69,9,189,0,0,24,1,25,19,92,93,10,214,10,14,24,238
09/16/2011,FSD,SD,AGL,CE,Combined TRACON& Tower with Radar,27,85,56,11,179,0,0,19,0,19,27,85,75,11,198,18,8,26,224
09/17/2011,FSD,SD,AGL,CE,Combined TRACON& Tower with Radar,15,41,15,0,71,0,0,3,1,4,15,41,18,1,75,12,0,12,87
09/18/2011,FSD,SD,AGL,CE,Combined TRACON& Tower with Radar,16,45,36,0,97,0,0,4,0,4,16,45,40,0,101,4,0,4,105
09/19/2011,FSD,SD,AGL,CE,Combined TRACON& Tower with Radar,17,67,33,12,129,0,3,30,1,34,17,70,63,13,163,28,8,36,199
09/20/2011,FSD,SD,AGL,CE,Combined TRACON& Tower with Radar,20,95,45,6,166,0,2,7,4,13,20,97,52,10,179,6,0,6,185
09/21/2011,FSD,SD,AGL,CE,Combined TRACON& Tower with Radar,20,97,65,13,195,0,3,10,5,18,20,100,75,18,213,0,8,8,221
09/22/2011,FSD,SD,AGL,CE,Combined TRACON& Tower with Radar,20,91,64,24,199,0,4,30,2,36,20,95,94,26,235,18,24,42,277
09/23/2011,FSD,SD,AGL,CE,Combined TRACON& Tower with Radar,25,93,36,8,162,0,2,41,0,43,25,95,77,8,205,14,2,16,221
09/24/2011,FSD,SD,AGL,CE,Combined TRACON& Tower with Radar,17,48,13,0,78,0,0,31,0,31,17,48,44,0,109,46,0,46,155
09/25/2011,FSD,SD,AGL,CE,Combined TRACON& Tower with Radar,15,36,31,2,84,0,3,31,0,34,15,39,62,2,118,28,0,28,146
09/26/2011,FSD,SD,AGL,CE,Combined TRACON& Tower with Radar,17,76,39,1,133,0,2,29,1,32,17,78,68,2,165,2,0,2,167
09/27/2011,FSD,SD,AGL,CE,Combined TRACON& Tower with Radar,18,97,31,7,153,0,4,42,1,47,18,101,73,8,200,46,6,52,252
09/28/2011,FSD,SD,AGL,CE,Combined TRACON& Tower with Radar,22,94,47,12,175,0,2,33,1,36,22,96,80,13,211,10,12,22,233
09/29/2011,FSD,SD,AGL,CE,Combined TRACON& Tower with Radar,20,86,48,2,156,0,0,22,0,22,20,86,70,2,178,0,0,0,178
09/30/2011,FSD,SD,AGL,CE,Combined TRACON& Tower with Radar,26,92,36,2,156,0,4,31,0,35,26,96,67,2,191,12,0,12,203
10/01/2011,FSD,SD,AGL,CE,Combined TRACON& Tower with Radar,15,43,20,18,96,0,2,28,1,31,15,45,48,19,127,8,0,8,135
10/02/2011,FSD,SD,AGL,CE,Combined TRACON& Tower with Radar,16,52,24,13,105,0,2,10,0,12,16,54,34,13,117,22,8,30,147
10/03/2011,FSD,SD,AGL,CE,Combined TRACON& Tower with Radar,19,80,43,0,142,0,6,24,0,30,19,86,67,0,172,16,0,16,188
10/04/2011,FSD,SD,AGL,CE,Combined TRACON& Tower with Radar,20,92,39,10,161,0,2,21,0,23,20,94,60,10,184,6,10,16,200
10/05/2011,FSD,SD,AGL,CE,Combined TRACON& Tower with Radar,22,95,38,8,163,0,8,31,2,41,22,103,69,10,204,36,10,46,250
10/06/2011,FSD,SD,AGL,CE,Combined TRACON& Tower with Radar,22,91,48,4,165,0,6,15,0,21,22,97,63,4,186,24,8,32,218
10/07/2011,FSD,SD,AGL,CE,Combined TRACON& Tower with Radar,28,93,31,0,152,0,1,5,0,6,28,94,36,0,158,0,0,0,158
10/08/2011,FSD,SD,AGL,CE,Combined TRACON& Tower with Radar,18,47,32,0,97,0,0,4,0,4,18,47,36,0,101,0,0,0,101
10/09/2011,FSD,SD,AGL,CE,Combined TRACON& Tower with Radar,13,44,22,0,79,0,0,9,0,9,13,44,31,0,88,18,0,18,106
10/10/2011,FSD,SD,AGL,CE,Combined TRACON& Tower with Radar,17,73,47,0,137,0,5,14,0,19,17,78,61,0,156,12,0,12,168
10/11/2011,FSD,SD,AGL,CE,Combined TRACON& Tower with Radar,20,88,33,2,143,0,0,16,0,16,20,88,49,2,159,12,4,16,175
10/12/2011,FSD,SD,AGL,CE,Combined TRACON& Tower with Radar,25,95,51,18,189,0,0,16,1,17,25,95,67,19,206,6,44,50,256
10/13/2011,FSD,SD,AGL,CE,Combined TRACON& Tower with Radar,22,94,49,13,178,0,4,17,0,21,22,98,66,13,199,0,10,10,209
10/14/2011,FSD,SD,AGL,CE,Combined TRACON& Tower with Radar,35,82,33,16,166,0,7,26,0,33,35,89,59,16,199,2,20,22,221
10/15/2011,FSD,SD,AGL,CE,Combined TRACON& Tower with Radar,20,48,12,0,80,0,0,14,0,14,20,48,26,0,94,2,0,2,96
10/16/2011,FSD,SD,AGL,CE,Combined TRACON& Tower with Radar,16,40,29,0,85,0,0,12,0,12,16,40,41,0,97,0,0,0,97
10/17/2011,FSD,SD,AGL,CE,Combined TRACON& Tower with Radar,29,63,39,18,149,0,0,18,2,20,29,63,57,20,169,0,6,6,175
10/18/2011,FSD,SD,AGL,CE,Combined TRACON& Tower with Radar,30,90,41,15,176,0,3,25,7,35,30,93,66,22,211,12,22,34,245
10/19/2011,FSD,SD,AGL,CE,Combined TRACON& Tower with Radar,25,98,57,15,195,0,11,32,4,47,25,109,89,19,242,0,4,4,246
10/20/2011,FSD,SD,AGL,CE,Combined TRACON& Tower with Radar,23,101,54,8,186,0,8,39,2,49,23,109,93,10,235,24,6,30,265
10/21/2011,FSD,SD,AGL,CE,Combined TRACON& Tower with Radar,28,100,42,0,170,0,1,23,1,25,28,101,65,1,195,6,0,6,201
10/22/2011,FSD,SD,AGL,CE,Combined TRACON& Tower with Radar,19,46,15,0,80,0,2,41,0,43,19,48,56,0,123,10,0,10,133
10/23/2011,FSD,SD,AGL,CE,Combined TRACON& Tower with Radar,14,43,20,0,77,0,0,13,0,13,14,43,33,0,90,6,0,6,96
10/24/2011,FSD,SD,AGL,CE,Combined TRACON& Tower with Radar,21,77,55,0,153,0,1,37,0,38,21,78,92,0,191,16,0,16,207
10/25/2011,FSD,SD,AGL,CE,Combined TRACON& Tower with Radar,22,88,45,11,166,0,0,22,0,22,22,88,67,11,188,12,18,30,218
10/26/2011,FSD,SD,AGL,CE,Combined TRACON& Tower with Radar,23,118,55,15,211,0,0,9,0,9,23,118,64,15,220,2,12,14,234
10/27/2011,FSD,SD,AGL,CE,Combined TRACON& Tower with Radar,23,99,55,16,193,0,6,17,0,23,23,105,72,16,216,14,34,48,264
10/28/2011,FSD,SD,AGL,CE,Combined TRACON& Tower with Radar,28,93,44,8,173,0,3,34,0,37,28,96,78,8,210,10,20,30,240
10/29/2011,FSD,SD,AGL,CE,Combined TRACON& Tower with Radar,17,48,23,0,88,0,1,24,1,26,17,49,47,1,114,44,0,44,158
10/30/2011,FSD,SD,AGL,CE,Combined TRACON& Tower with Radar,15,44,14,0,73,0,0,18,0,18,15,44,32,0,91,0,0,0,91
10/31/2011,FSD,SD,AGL,CE,Combined TRACON& Tower with Radar,20,70,30,0,120,0,2,16,1,19,20,72,46,1,139,10,0,10,149
11/01/2011,FSD,SD,AGL,CE,Combined TRACON& Tower with Radar,22,84,41,22,169,0,2,20,0,22,22,86,61,22,191,14,18,32,223
11/02/2011,FSD,SD,AGL,CE,Combined TRACON& Tower with Radar,23,91,36,11,161,0,2,23,0,25,23,93,59,11,186,24,32,56,242
11/03/2011,FSD,SD,AGL,CE,Combined TRACON& Tower with Radar,23,96,54,10,183,0,0,27,2,29,23,96,81,12,212,14,16,30,242
11/04/2011,FSD,SD,AGL,CE,Combined TRACON& Tower with Radar,28,88,27,12,155,0,1,15,0,16,28,89,42,12,171,2,12,14,185
11/05/2011,FSD,SD,AGL,CE,Combined TRACON& Tower with Radar,19,45,12,10,86,0,2,11,0,13,19,47,23,10,99,0,14,14,113
11/06/2011,FSD,SD,AGL,CE,Combined TRACON& Tower with Radar,17,41,22,0,80,0,0,6,0,6,17,41,28,0,86,0,0,0,86
11/07/2011,FSD,SD,AGL,CE,Combined TRACON& Tower with Radar,19,83,30,0,132,0,0,17,0,17,19,83,47,0,149,46,0,46,195
11/08/2011,FSD,SD,AGL,CE,Combined TRACON& Tower with Radar,19,87,37,14,157,0,6,11,0,17,19,93,48,14,174,10,30,40,214
11/09/2011,FSD,SD,AGL,CE,Combined TRACON& Tower with Radar,24,95,38,11,168,0,4,10,0,14,24,99,48,11,182,16,14,30,212
11/10/2011,FSD,SD,AGL,CE,Combined TRACON& Tower with Radar,22,94,50,11,177,0,2,17,1,20,22,96,67,12,197,0,20,20,217
11/11/2011,FSD,SD,AGL,CE,Combined TRACON& Tower with Radar,25,96,33,0,154,0,0,42,0,42,25,96,75,0,196,20,0,20,216
11/12/2011,FSD,SD,AGL,CE,Combined TRACON& Tower with Radar,18,56,19,0,93,0,1,30,0,31,18,57,49,0,124,14,0,14,138
11/13/2011,FSD,SD,AGL,CE,Combined TRACON& Tower with Radar,16,48,14,0,78,0,2,17,0,19,16,50,31,0,97,12,0,12,109
11/14/2011,FSD,SD,AGL,CE,Combined TRACON& Tower with Radar,21,79,39,12,151,0,2,18,0,20,21,81,57,12,171,24,8,32,203
11/15/2011,FSD,SD,AGL,CE,Combined TRACON& Tower with Radar,20,96,46,14,176,0,1,13,3,17,20,97,59,17,193,4,16,20,213
11/16/2011,FSD,SD,AGL,CE,Combined TRACON& Tower with Radar,22,96,60,21,199,0,6,16,0,22,22,102,76,21,221,18,10,28,249
11/17/2011,FSD,SD,AGL,CE,Combined TRACON& Tower with Radar,24,105,46,15,190,0,2,28,1,31,24,107,74,16,221,12,6,18,239
11/18/2011,FSD,SD,AGL,CE,Combined TRACON& Tower with Radar,25,88,29,5,147,0,0,24,0,24,25,88,53,5,171,8,0,8,179
11/19/2011,FSD,SD,AGL,CE,Combined TRACON& Tower with Radar,16,47,7,0,70,0,1,0,0,1,16,48,7,0,71,0,0,0,71
11/20/2011,FSD,SD,AGL,CE,Combined TRACON& Tower with Radar,15,39,19,1,74,0,0,12,0,12,15,39,31,1,86,24,0,24,110
11/21/2011,FSD,SD,AGL,CE,Combined TRACON& Tower with Radar,21,72,46,10,149,0,8,13,0,21,21,80,59,10,170,14,38,52,222
11/22/2011,FSD,SD,AGL,CE,Combined TRACON& Tower with Radar,22,102,59,21,204,0,0,13,0,13,22,102,72,21,217,0,19,19,236
11/23/2011,FSD,SD,AGL,CE,Combined TRACON& Tower with Radar,24,108,22,26,180,0,2,24,1,27,24,110,46,27,207,30,42,72,279
11/24/2011,FSD,SD,AGL,CE,Combined TRACON& Tower with Radar,9,22,17,0,48,0,2,21,0,23,9,24,38,0,71,0,0,0,71
11/25/2011,FSD,SD,AGL,CE,Combined TRACON& Tower with Radar,15,82,9,0,106,0,3,17,0,20,15,85,26,0,126,36,0,36,162
11/26/2011,FSD,SD,AGL,CE,Combined TRACON& Tower with Radar,14,54,5,0,73,0,2,2,0,4,14,56,7,0,77,0,0,0,77
11/27/2011,FSD,SD,AGL,CE,Combined TRACON& Tower with Radar,17,54,16,0,87,0,4,13,1,18,17,58,29,1,105,26,0,26,131
11/28/2011,FSD,SD,AGL,CE,Combined TRACON& Tower with Radar,19,81,57,6,163,0,1,24,0,25,19,82,81,6,188,10,0,10,198
11/29/2011,FSD,SD,AGL,CE,Combined TRACON& Tower with Radar,18,93,48,10,169,0,13,23,2,38,18,106,71,12,207,10,26,36,243
11/30/2011,FSD,SD,AGL,CE,Combined TRACON& Tower with Radar,22,96,39,21,178,0,7,24,0,31,22,103,63,21,209,42,18,60,269
12/01/2011,FSD,SD,AGL,CE,Combined TRACON& Tower with Radar,20,98,43,15,176,0,8,11,1,20,20,106,54,16,196,22,24,46,242
12/02/2011,FSD,SD,AGL,CE,Combined TRACON& Tower with Radar,21,97,37,4,159,0,9,27,2,38,21,106,64,6,197,18,0,18,215
12/03/2011,FSD,SD,AGL,CE,Combined TRACON& Tower with Radar,16,49,11,11,87,0,0,11,0,11,16,49,22,11,98,4,20,24,122
12/04/2011,FSD,SD,AGL,CE,Combined TRACON& Tower with Radar,16,37,14,10,77,0,0,6,0,6,16,37,20,10,83,52,0,52,135
12/05/2011,FSD,SD,AGL,CE,Combined TRACON& Tower with Radar,17,81,36,0,134,0,1,7,0,8,17,82,43,0,142,8,0,8,150
12/06/2011,FSD,SD,AGL,CE,Combined TRACON& Tower with Radar,18,90,30,0,138,0,1,20,0,21,18,91,50,0,159,8,0,8,167
12/07/2011,FSD,SD,AGL,CE,Combined TRACON& Tower with Radar,20,94,44,12,170,0,0,17,0,17,20,94,61,12,187,18,4,22,209
12/08/2011,FSD,SD,AGL,CE,Combined TRACON& Tower with Radar,20,96,57,11,184,0,4,19,1,24,20,100,76,12,208,12,20,32,240
12/09/2011,FSD,SD,AGL,CE,Combined TRACON& Tower with Radar,21,87,36,8,152,0,2,25,0,27,21,89,61,8,179,4,8,12,191
12/10/2011,FSD,SD,AGL,CE,Combined TRACON& Tower with Radar,14,45,13,0,72,0,3,37,1,41,14,48,50,1,113,52,0,52,165
12/11/2011,FSD,SD,AGL,CE,Combined TRACON& Tower with Radar,14,50,13,0,77,0,0,1,0,1,14,50,14,0,78,0,0,0,78
12/12/2011,FSD,SD,AGL,CE,Combined TRACON& Tower with Radar,17,88,30,16,151,0,0,0,0,0,17,88,30,16,151,0,0,0,151
12/13/2011,FSD,SD,AGL,CE,Combined TRACON& Tower with Radar,18,106,45,12,181,0,0,0,0,0,18,106,45,12,181,0,0,0,181
12/14/2011,FSD,SD,AGL,CE,Combined TRACON& Tower with Radar,21,101,31,0,153,0,0,0,0,0,21,101,31,0,153,0,0,0,153
12/15/2011,FSD,SD,AGL,CE,Combined TRACON& Tower with Radar,24,116,53,12,205,0,4,28,2,34,24,120,81,14,239,4,0,4,243
12/16/2011,FSD,SD,AGL,CE,Combined TRACON& Tower with Radar,26,101,50,0,177,0,3,37,0,40,26,104,87,0,217,12,0,12,229
12/17/2011,FSD,SD,AGL,CE,Combined TRACON& Tower with Radar,13,67,13,0,93,0,7,54,0,61,13,74,67,0,154,48,0,48,202
12/18/2011,FSD,SD,AGL,CE,Combined TRACON& Tower with Radar,13,39,20,0,72,0,3,29,0,32,13,42,49,0,104,54,0,54,158
12/19/2011,FSD,SD,AGL,CE,Combined TRACON& Tower with Radar,16,88,40,7,151,0,8,9,0,17,16,96,49,7,168,8,0,8,176
12/20/2011,FSD,SD,AGL,CE,Combined TRACON& Tower with Radar,20,110,71,23,224,0,4,21,0,25,20,114,92,23,249,6,34,40,289
12/21/2011,FSD,SD,AGL,CE,Combined TRACON& Tower with Radar,21,123,41,15,200,0,3,24,0,27,21,126,65,15,227,30,36,66,293
12/22/2011,FSD,SD,AGL,CE,Combined TRACON& Tower with Radar,24,121,38,14,197,0,3,16,1,20,24,124,54,15,217,0,12,12,229
12/23/2011,FSD,SD,AGL,CE,Combined TRACON& Tower with Radar,25,113,18,5,161,0,3,28,0,31,25,116,46,5,192,2,12,14,206
12/24/2011,FSD,SD,AGL,CE,Combined TRACON& Tower with Radar,14,50,8,0,72,0,0,8,0,8,14,50,16,0,80,0,0,0,80
12/25/2011,FSD,SD,AGL,CE,Combined TRACON& Tower with Radar,7,25,9,0,41,0,2,12,0,14,7,27,21,0,55,16,0,16,71
12/26/2011,FSD,SD,AGL,CE,Combined TRACON& Tower with Radar,14,49,18,0,81,0,0,20,0,20,14,49,38,0,101,0,0,0,101
12/27/2011,FSD,SD,AGL,CE,Combined TRACON& Tower with Radar,12,82,26,0,120,0,2,28,0,30,12,84,54,0,150,20,0,20,170
12/28/2011,FSD,SD,AGL,CE,Combined TRACON& Tower with Radar,22,84,22,24,152,0,1,26,0,27,22,85,48,24,179,4,36,40,219
12/29/2011,FSD,SD,AGL,CE,Combined TRACON& Tower with Radar,18,89,18,13,138,0,1,9,0,10,18,90,27,13,148,0,24,24,172
12/30/2011,FSD,SD,AGL,CE,Combined TRACON& Tower with Radar,23,91,11,13,138,0,0,2,0,2,23,91,13,13,140,0,0,0,140
12/31/2011,FSD,SD,AGL,CE,Combined TRACON& Tower with Radar,12,59,12,1,84,0,1,12,2,15,12,60,24,3,99,0,0,0,99
01/01/2012,FSD,SD,AGL,CE,Combined TRACON& Tower with Radar,8,44,8,0,60,0,0,2,0,2,8,44,10,0,62,0,0,0,62
01/02/2012,FSD,SD,AGL,CE,Combined TRACON& Tower with Radar,12,44,15,0,71,0,0,17,0,17,12,44,32,0,88,16,0,16,104
01/03/2012,FSD,SD,AGL,CE,Combined TRACON& Tower with Radar,14,80,20,0,114,0,0,10,0,10,14,80,30,0,124,18,0,18,142
01/04/2012,FSD,SD,AGL,CE,Combined TRACON& Tower with Radar,17,87,30,15,149,0,2,19,1,22,17,89,49,16,171,8,16,24,195
01/05/2012,FSD,SD,AGL,CE,Combined TRACON& Tower with Radar,21,92,52,19,184,0,1,42,5,48,21,93,94,24,232,24,38,62,294
01/06/2012,FSD,SD,AGL,CE,Combined TRACON& Tower with Radar,25,88,26,5,144,0,0,20,0,20,25,88,46,5,164,0,6,6,170
01/07/2012,FSD,SD,AGL,CE,Combined TRACON& Tower with Radar,12,51,24,12,99,0,3,24,0,27,12,54,48,12,126,72,4,76,202
01/08/2012,FSD,SD,AGL,CE,Combined TRACON& Tower with Radar,12,36,11,6,65,0,3,20,0,23,12,39,31,6,88,40,18,58,146
01/09/2012,FSD,SD,AGL,CE,Combined TRACON& Tower with Radar,19,69,37,1,126,0,3,18,2,23,19,72,55,3,149,6,0,6,155
01/10/2012,FSD,SD,AGL,CE,Combined TRACON& Tower with Radar,16,91,42,13,162,0,0,26,4,30,16,91,68,17,192,52,26,78,270
01/11/2012,FSD,SD,AGL,CE,Combined TRACON& Tower with Radar,16,84,36,0,136,0,0,4,2,6,16,84,40,2,142,0,0,0,142
01/12/2012,FSD,SD,AGL,CE,Combined TRACON& Tower with Radar,20,83,48,16,167,0,0,3,1,4,20,83,51,17,171,2,8,10,181
01/13/2012,FSD,SD,AGL,CE,Combined TRACON& Tower with Radar,23,89,23,15,150,0,1,16,0,17,23,90,39,15,167,8,10,18,185
01/14/2012,FSD,SD,AGL,CE,Combined TRACON& Tower with Radar,10,46,12,2,70,0,0,16,0,16,10,46,28,2,86,22,0,22,108
01/15/2012,FSD,SD,AGL,CE,Combined TRACON& Tower with Radar,12,48,15,0,75,0,1,47,0,48,12,49,62,0,123,42,0,42,165
01/16/2012,FSD,SD,AGL,CE,Combined TRACON& Tower with Radar,18,74,37,0,129,0,4,20,0,24,18,78,57,0,153,8,0,8,161
01/17/2012,FSD,SD,AGL,CE,Combined TRACON& Tower with Radar,16,86,42,4,148,0,11,14,0,25,16,97,56,4,173,8,8,16,189
01/18/2012,FSD,SD,AGL,CE,Combined TRACON& Tower with Radar,16,100,47,19,182,0,9,11,2,22,16,109,58,21,204,14,22,36,240
01/19/2012,FSD,SD,AGL,CE,Combined TRACON& Tower with Radar,20,103,61,12,196,0,1,10,0,11,20,104,71,12,207,12,0,12,219
01/20/2012,FSD,SD,AGL,CE,Combined TRACON& Tower with Radar,20,82,37,1,140,0,4,3,1,8,20,86,40,2,148,0,0,0,148
01/21/2012,FSD,SD,AGL,CE,Combined TRACON& Tower with Radar,13,47,5,3,68,0,0,0,0,0,13,47,5,3,68,0,0,0,68
01/22/2012,FSD,SD,AGL,CE,Combined TRACON& Tower with Radar,14,30,8,5,57,0,0,0,0,0,14,30,8,5,57,0,0,0,57
01/23/2012,FSD,SD,AGL,CE,Combined TRACON& Tower with Radar,17,66,40,0,123,0,0,1,0,1,17,66,41,0,124,0,0,0,124
01/24/2012,FSD,SD,AGL,CE,Combined TRACON& Tower with Radar,16,75,33,8,132,0,0,2,0,2,16,75,35,8,134,0,0,0,134
01/25/2012,FSD,SD,AGL,CE,Combined TRACON& Tower with Radar,18,83,19,1,121,0,0,0,0,0,18,83,19,1,121,0,0,0,121
01/26/2012,FSD,SD,AGL,CE,Combined TRACON& Tower with Radar,20,88,55,8,171,0,3,33,0,36,20,91,88,8,207,14,2,16,223
01/27/2012,FSD,SD,AGL,CE,Combined TRACON& Tower with Radar,24,91,29,1,145,0,0,3,0,3,24,91,32,1,148,0,0,0,148
01/28/2012,FSD,SD,AGL,CE,Combined TRACON& Tower with Radar,13,45,21,2,81,0,0,24,0,24,13,45,45,2,105,38,0,38,143
01/29/2012,FSD,SD,AGL,CE,Combined TRACON& Tower with Radar,14,49,11,1,75,0,2,11,0,13,14,51,22,1,88,10,0,10,98
01/30/2012,FSD,SD,AGL,CE,Combined TRACON& Tower with Radar,19,67,43,1,130,0,1,20,0,21,19,68,63,1,151,78,0,78,229
01/31/2012,FSD,SD,AGL,CE,Combined TRACON& Tower with Radar,16,91,43,11,161,0,0,27,0,27,16,91,70,11,188,32,18,50,238
02/01/2012,FSD,SD,AGL,CE,Combined TRACON& Tower with Radar,17,80,53,16,166,0,4,50,0,54,17,84,103,16,220,46,42,88,308
02/02/2012,FSD,SD,AGL,CE,Combined TRACON& Tower with Radar,25,81,52,14,172,0,1,36,0,37,25,82,88,14,209,40,20,60,269
02/03/2012,FSD,SD,AGL,CE,Combined TRACON& Tower with Radar,26,86,24,14,150,0,0,1,0,1,26,86,25,14,151,2,0,2,153
02/04/2012,FSD,SD,AGL,CE,Combined TRACON& Tower with Radar,14,55,12,13,94,0,0,11,0,11,14,55,23,13,105,6,20,26,131
02/05/2012,FSD,SD,AGL,CE,Combined TRACON& Tower with Radar,12,36,5,12,65,0,2,8,0,10,12,38,13,12,75,8,0,8,83
02/06/2012,FSD,SD,AGL,CE,Combined TRACON& Tower with Radar,17,76,36,0,129,0,1,18,0,19,17,77,54,0,148,20,0,20,168
02/07/2012,FSD,SD,AGL,CE,Combined TRACON& Tower with Radar,16,78,43,16,153,0,2,12,0,14,16,80,55,16,167,34,0,34,201
02/08/2012,FSD,SD,AGL,CE,Combined TRACON& Tower with Radar,16,87,43,11,157,0,5,19,0,24,16,92,62,11,181,110,38,148,329
02/09/2012,FSD,SD,AGL,CE,Combined TRACON& Tower with Radar,20,77,30,17,144,0,0,19,4,23,20,77,49,21,167,46,40,86,253
02/10/2012,FSD,SD,AGL,CE,Combined TRACON& Tower with Radar,23,94,23,9,149,0,0,16,0,16,23,94,39,9,165,22,6,28,193
02/11/2012,FSD,SD,AGL,CE,Combined TRACON& Tower with Radar,12,39,11,0,62,0,5,42,1,48,12,44,53,1,110,18,0,18,128
02/12/2012,FSD,SD,AGL,CE,Combined TRACON& Tower with Radar,12,36,5,12,65,0,2,8,0,10,12,38,13,12,75,14,0,14,89
02/13/2012,FSD,SD,AGL,CE,Combined TRACON& Tower with Radar,17,76,36,0,129,0,1,18,0,19,17,77,54,0,148,0,0,0,148
02/14/2012,FSD,SD,AGL,CE,Combined TRACON& Tower with Radar,15,95,57,13,180,0,0,30,0,30,15,95,87,13,210,54,14,68,278
02/15/2012,FSD,SD,AGL,CE,Combined TRACON& Tower with Radar,24,97,46,21,188,0,0,9,0,9,24,97,55,21,197,38,0,38,235
02/16/2012,FSD,SD,AGL,CE,Combined TRACON& Tower with Radar,19,98,46,15,178,0,4,14,1,19,19,102,60,16,197,14,14,28,225
02/17/2012,FSD,SD,AGL,CE,Combined TRACON& Tower with Radar,23,104,39,4,170,0,1,29,0,30,23,105,68,4,200,10,0,10,210
02/18/2012,FSD,SD,AGL,CE,Combined TRACON& Tower with Radar,13,45,14,0,72,0,9,42,1,52,13,54,56,1,124,58,0,58,182
02/19/2012,FSD,SD,AGL,CE,Combined TRACON& Tower with Radar,13,45,14,2,74,0,1,24,0,25,13,46,38,2,99,6,0,6,105
02/20/2012,FSD,SD,AGL,CE,Combined TRACON& Tower with Radar,31,66,29,0,126,0,0,0,0,0,31,66,29,0,126,0,0,0,126
02/21/2012,FSD,SD,AGL,CE,Combined TRACON& Tower with Radar,15,99,55,0,169,0,5,16,1,22,15,104,71,1,191,20,0,20,211
02/22/2012,FSD,SD,AGL,CE,Combined TRACON& Tower with Radar,22,88,58,16,184,0,0,18,0,18,22,88,76,16,202,4,14,18,220
02/23/2012,FSD,SD,AGL,CE,Combined TRACON& Tower with Radar,20,81,30,0,131,0,0,0,0,0,20,81,30,0,131,0,0,0,131
02/24/2012,FSD,SD,AGL,CE,Combined TRACON& Tower with Radar,24,95,40,0,159,0,1,12,1,14,24,96,52,1,173,10,0,10,183
02/25/2012,FSD,SD,AGL,CE,Combined TRACON& Tower with Radar,15,49,14,15,93,0,0,14,0,14,15,49,28,15,107,8,14,22,129
02/26/2012,FSD,SD,AGL,CE,Combined TRACON& Tower with Radar,14,48,8,0,70,0,0,3,0,3,14,48,11,0,73,0,0,0,73
02/27/2012,FSD,SD,AGL,CE,Combined TRACON& Tower with Radar,19,74,42,0,135,0,3,31,0,34,19,77,73,0,169,52,0,52,221
02/28/2012,FSD,SD,AGL,CE,Combined TRACON& Tower with Radar,16,84,12,0,112,0,0,0,0,0,16,84,12,0,112,0,0,0,112
02/29/2012,FSD,SD,AGL,CE,Combined TRACON& Tower with Radar,24,87,14,0,125,0,0,0,0,0,24,87,14,0,125,0,0,0,125
03/01/2012,FSD,SD,AGL,CE,Combined TRACON& Tower with Radar,20,95,42,11,168,0,0,12,0,12,20,95,54,11,180,20,2,22,202
03/02/2012,FSD,SD,AGL,CE,Combined TRACON& Tower with Radar,25,100,37,12,174,0,3,4,0,7,25,103,41,12,181,0,0,0,181
03/03/2012,FSD,SD,AGL,CE,Combined TRACON& Tower with Radar,18,51,15,21,105,0,0,11,0,11,18,51,26,21,116,0,0,0,116
03/04/2012,FSD,SD,AGL,CE,Combined TRACON& Tower with Radar,12,48,15,2,77,0,0,2,0,2,12,48,17,2,79,0,0,0,79
03/05/2012,FSD,SD,AGL,CE,Combined TRACON& Tower with Radar,19,71,47,2,139,0,0,17,0,17,19,71,64,2,156,4,0,4,160
03/06/2012,FSD,SD,AGL,CE,Combined TRACON& Tower with Radar,16,99,43,21,179,0,4,27,1,32,16,103,70,22,211,42,10,52,263
03/07/2012,FSD,SD,AGL,CE,Combined TRACON& Tower with Radar,23,85,35,20,163,0,0,4,0,4,23,85,39,20,167,0,0,0,167
03/08/2012,FSD,SD,AGL,CE,Combined TRACON& Tower with Radar,22,90,46,17,175,0,3,11,0,14,22,93,57,17,189,0,12,12,201
03/09/2012,FSD,SD,AGL,CE,Combined TRACON& Tower with Radar,25,89,45,9,168,0,4,49,0,53,25,93,94,9,221,26,20,46,267
03/10/2012,FSD,SD,AGL,CE,Combined TRACON& Tower with Radar,18,43,6,2,69,0,0,16,0,16,18,43,22,2,85,10,0,10,95
03/11/2012,FSD,SD,AGL,CE,Combined TRACON& Tower with Radar,14,42,13,0,69,0,0,10,0,10,14,42,23,0,79,0,0,0,79
03/12/2012,FSD,SD,AGL,CE,Combined TRACON& Tower with Radar,19,74,43,11,147,0,4,8,0,12,19,78,51,11,159,16,16,32,191
03/13/2012,FSD,SD,AGL,CE,Combined TRACON& Tower with Radar,22,87,41,18,168,0,1,47,0,48,22,88,88,18,216,40,4,44,260
03/14/2012,FSD,SD,AGL,CE,Combined TRACON& Tower with Radar,23,103,32,32,190,0,9,18,1,28,23,112,50,33,218,20,16,36,254
03/15/2012,FSD,SD,AGL,CE,Combined TRACON& Tower with Radar,21,99,54,32,206,0,0,44,0,44,21,99,98,32,250,56,46,102,352
03/16/2012,FSD,SD,AGL,CE,Combined TRACON& Tower with Radar,25,87,40,4,156,0,1,28,0,29,25,88,68,4,185,10,0,10,195
03/17/2012,FSD,SD,AGL,CE,Combined TRACON& Tower with Radar,18,53,14,4,89,0,0,13,0,13,18,53,27,4,102,4,0,4,106
03/18/2012,FSD,SD,AGL,CE,Combined TRACON& Tower with Radar,14,38,8,2,62,0,0,0,0,0,14,38,8,2,62,0,0,0,62
03/19/2012,FSD,SD,AGL,CE,Combined TRACON& Tower with Radar,23,85,31,14,153,0,1,7,2,10,23,86,38,16,163,0,4,4,167
03/20/2012,FSD,SD,AGL,CE,Combined TRACON& Tower with Radar,20,91,63,27,201,0,4,5,1,10,20,95,68,28,211,0,12,12,223
03/21/2012,FSD,SD,AGL,CE,Combined TRACON& Tower with Radar,20,110,47,19,196,0,2,19,6,27,20,112,66,25,223,22,6,28,251
03/22/2012,FSD,SD,AGL,CE,Combined TRACON& Tower with Radar,22,95,37,19,173,0,0,0,0,0,22,95,37,19,173,0,0,0,173
03/23/2012,FSD,SD,AGL,CE,Combined TRACON& Tower with Radar,21,93,47,0,161,0,1,48,3,52,21,94,95,3,213,20,0,20,233
03/24/2012,FSD,SD,AGL,CE,Combined TRACON& Tower with Radar,17,52,24,0,93,0,4,49,1,54,17,56,73,1,147,36,0,36,183
03/25/2012,FSD,SD,AGL,CE,Combined TRACON& Tower with Radar,11,44,18,0,73,0,1,9,0,10,11,45,27,0,83,0,0,0,83
03/26/2012,FSD,SD,AGL,CE,Combined TRACON& Tower with Radar,18,68,42,0,128,0,2,16,0,18,18,70,58,0,146,4,0,4,150
03/27/2012,FSD,SD,AGL,CE,Combined TRACON& Tower with Radar,20,94,53,0,167,0,0,15,0,15,20,94,68,0,182,0,0,0,182
03/28/2012,FSD,SD,AGL,CE,Combined TRACON& Tower with Radar,18,81,34,32,165,0,2,37,6,45,18,83,71,38,210,12,54,66,276
03/29/2012,FSD,SD,AGL,CE,Combined TRACON& Tower with Radar,20,91,60,17,188,0,1,11,0,12,20,92,71,17,200,6,20,26,226
03/30/2012,FSD,SD,AGL,CE,Combined TRACON& Tower with Radar,23,90,35,13,161,0,5,21,0,26,23,95,56,13,187,42,30,72,259
03/31/2012,FSD,SD,AGL,CE,Combined TRACON& Tower with Radar,16,57,16,0,89,0,16,27,1,44,16,73,43,1,133,26,0,26,159
04/01/2012,FSD,SD,AGL,CE,Combined TRACON& Tower with Radar,12,47,11,0,70,0,3,10,0,13,12,50,21,0,83,0,0,0,83
04/02/2012,FSD,SD,AGL,CE,Combined TRACON& Tower with Radar,19,75,34,0,128,0,1,4,0,5,19,76,38,0,133,6,0,6,139
04/03/2012,FSD,SD,AGL,CE,Combined TRACON& Tower with Radar,18,95,53,20,186,0,8,11,0,19,18,103,64,20,205,2,16,18,223
04/04/2012,FSD,SD,AGL,CE,Combined TRACON& Tower with Radar,18,90,54,15,177,0,3,36,0,39,18,93,90,15,216,22,24,46,262
04/05/2012,FSD,SD,AGL,CE,Combined TRACON& Tower with Radar,20,91,46,16,173,0,2,33,0,35,20,93,79,16,208,14,32,46,254
04/06/2012,FSD,SD,AGL,CE,Combined TRACON& Tower with Radar,21,85,32,5,143,0,2,31,1,34,21,87,63,6,177,0,4,4,181
04/07/2012,FSD,SD,AGL,CE,Combined TRACON& Tower with Radar,14,41,5,0,60,0,0,9,0,9,14,41,14,0,69,0,0,0,69
04/08/2012,FSD,SD,AGL,CE,Combined TRACON& Tower with Radar,11,37,16,0,64,0,1,15,0,16,11,38,31,0,80,0,0,0,80
04/09/2012,FSD,SD,AGL,CE,Combined TRACON& Tower with Radar,18,72,42,2,134,0,3,23,0,26,18,75,65,2,160,0,0,0,160
04/10/2012,FSD,SD,AGL,CE,Combined TRACON& Tower with Radar,19,89,40,16,164,0,6,41,1,48,19,95,81,17,212,60,10,70,282
04/11/2012,FSD,SD,AGL,CE,Combined TRACON& Tower with Radar,20,81,43,16,160,0,9,33,4,46,20,90,76,20,206,0,0,0,206
04/12/2012,FSD,SD,AGL,CE,Combined TRACON& Tower with Radar,19,95,46,9,169,0,4,10,0,14,19,99,56,9,183,0,0,0,183
04/13/2012,FSD,SD,AGL,CE,Combined TRACON& Tower with Radar,24,105,22,1,152,0,3,4,0,7,24,108,26,1,159,0,0,0,159
04/14/2012,FSD,SD,AGL,CE,Combined TRACON& Tower with Radar,17,54,6,25,102,4,5,26,1,36,21,59,32,26,138,12,36,48,186
04/15/2012,FSD,SD,AGL,CE,Combined TRACON& Tower with Radar,14,44,17,7,82,0,0,4,1,5,14,44,21,8,87,0,0,0,87
04/16/2012,FSD,SD,AGL,CE,Combined TRACON& Tower with Radar,19,81,59,0,159,0,1,11,0,12,19,82,70,0,171,0,0,0,171
04/17/2012,FSD,SD,AGL,CE,Combined TRACON& Tower with Radar,18,104,57,15,194,0,2,53,0,55,18,106,110,15,249,20,26,46,295
04/18/2012,FSD,SD,AGL,CE,Combined TRACON& Tower with Radar,17,97,56,10,180,0,9,32,5,46,17,106,88,15,226,0,0,0,226
04/19/2012,FSD,SD,AGL,CE,Combined TRACON& Tower with Radar,18,90,71,19,198,0,0,2,1,3,18,90,73,20,201,2,0,2,203
04/20/2012,FSD,SD,AGL,CE,Combined TRACON& Tower with Radar,23,89,37,7,156,0,7,27,1,35,23,96,64,8,191,24,14,38,229
04/21/2012,FSD,SD,AGL,CE,Combined TRACON& Tower with Radar,14,58,8,0,80,0,3,6,1,10,14,61,14,1,90,10,0,10,100
04/22/2012,FSD,SD,AGL,CE,Combined TRACON& Tower with Radar,12,37,9,0,58,0,0,6,0,6,12,37,15,0,64,24,0,24,88
04/23/2012,FSD,SD,AGL,CE,Combined TRACON& Tower with Radar,17,97,37,14,165,0,12,27,0,39,17,109,64,14,204,0,0,0,204
04/24/2012,FSD,SD,AGL,CE,Combined TRACON& Tower with Radar,16,91,37,14,158,0,7,54,1,62,16,98,91,15,220,30,10,40,260
04/25/2012,FSD,SD,AGL,CE,Combined TRACON& Tower with Radar,18,98,25,22,163,0,2,31,0,33,18,100,56,22,196,0,0,0,196
04/26/2012,FSD,SD,AGL,CE,Combined TRACON& Tower with Radar,20,113,54,21,208,0,2,22,0,24,20,115,76,21,232,0,0,0,232
04/27/2012,FSD,SD,AGL,CE,Combined TRACON& Tower with Radar,23,104,23,0,150,0,2,0,0,2,23,106,23,0,152,0,0,0,152
04/28/2012,FSD,SD,AGL,CE,Combined TRACON& Tower with Radar,12,55,18,8,93,0,0,22,0,22,12,55,40,8,115,30,24,54,169
04/29/2012,FSD,SD,AGL,CE,Combined TRACON& Tower with Radar,14,47,39,2,102,0,1,3,0,4,14,48,42,2,106,0,0,0,106
04/30/2012,FSD,SD,AGL,CE,Combined TRACON& Tower with Radar,17,81,41,0,139,0,6,22,1,29,17,87,63,1,168,36,10,46,214
05/01/2012,FSD,SD,AGL,CE,Combined TRACON& Tower with Radar,22,89,45,8,164,0,0,17,1,18,22,89,62,9,182,0,12,12,194
05/02/2012,FSD,SD,AGL,CE,Combined TRACON& Tower with Radar,24,94,46,20,184,0,2,29,0,31,24,96,75,20,215,18,22,40,255
05/03/2012,FSD,SD,AGL,CE,Combined TRACON& Tower with Radar,28,93,47,9,177,0,8,37,4,49,28,101,84,13,226,12,8,20,246
05/04/2012,FSD,SD,AGL,CE,Combined TRACON& Tower with Radar,24,97,36,7,164,0,3,15,0,18,24,100,51,7,182,10,0,10,192
05/05/2012,FSD,SD,AGL,CE,Combined TRACON& Tower with Radar,11,51,16,6,84,0,0,7,0,7,11,51,23,6,91,14,1,15,106
05/06/2012,FSD,SD,AGL,CE,Combined TRACON& Tower with Radar,15,40,29,10,94,0,0,9,0,9,15,40,38,10,103,0,0,0,103
05/07/2012,FSD,SD,AGL,CE,Combined TRACON& Tower with Radar,18,79,52,1,150,0,0,32,0,32,18,79,84,1,182,42,2,44,226
05/08/2012,FSD,SD,AGL,CE,Combined TRACON& Tower with Radar,18,94,54,16,182,0,0,19,0,19,18,94,73,16,201,0,0,0,201
05/09/2012,FSD,SD,AGL,CE,Combined TRACON& Tower with Radar,22,96,36,19,173,0,0,43,1,44,22,96,79,20,217,22,14,36,253
05/10/2012,FSD,SD,AGL,CE,Combined TRACON& Tower with Radar,22,97,55,17,191,0,3,32,0,35,22,100,87,17,226,0,26,26,252
05/11/2012,FSD,SD,AGL,CE,Combined TRACON& Tower with Radar,22,94,46,23,185,0,3,18,0,21,22,97,64,23,206,0,0,0,206
05/12/2012,FSD,SD,AGL,CE,Combined TRACON& Tower with Radar,10,51,19,0,80,0,6,30,0,36,10,57,49,0,116,30,0,30,146
05/13/2012,FSD,SD,AGL,CE,Combined TRACON& Tower with Radar,15,38,18,4,75,0,0,21,0,21,15,38,39,4,96,18,2,20,116
05/14/2012,FSD,SD,AGL,CE,Combined TRACON& Tower with Radar,23,72,50,18,163,0,3,35,0,38,23,75,85,18,201,0,0,0,201
05/15/2012,FSD,SD,AGL,CE,Combined TRACON& Tower with Radar,18,94,59,24,195,0,0,15,3,18,18,94,74,27,213,0,0,0,213
05/16/2012,FSD,SD,AGL,CE,Combined TRACON& Tower with Radar,22,84,63,20,189,0,5,33,2,40,22,89,96,22,229,34,14,48,277
05/17/2012,FSD,SD,AGL,CE,Combined TRACON& Tower with Radar,26,90,53,19,188,0,5,11,0,16,26,95,64,19,204,0,0,0,204
05/18/2012,FSD,SD,AGL,CE,Combined TRACON& Tower with Radar,21,97,36,0,154,0,2,13,0,15,21,99,49,0,169,0,0,0,169
05/19/2012,FSD,SD,AGL,CE,Combined TRACON& Tower with Radar,11,51,28,12,102,0,1,21,3,25,11,52,49,15,127,0,18,18,145
05/20/2012,FSD,SD,AGL,CE,Combined TRACON& Tower with Radar,19,35,15,0,69,0,1,9,0,10,19,36,24,0,79,10,0,10,89
05/21/2012,FSD,SD,AGL,CE,Combined TRACON& Tower with Radar,19,73,55,16,163,0,5,30,4,39,19,78,85,20,202,0,0,0,202
05/22/2012,FSD,SD,AGL,CE,Combined TRACON& Tower with Radar,21,98,68,7,194,0,13,23,3,39,21,111,91,10,233,0,0,0,233
05/23/2012,FSD,SD,AGL,CE,Combined TRACON& Tower with Radar,24,98,41,15,178,0,9,14,2,25,24,107,55,17,203,32,24,56,259
05/24/2012,FSD,SD,AGL,CE,Combined TRACON& Tower with Radar,25,104,50,22,201,0,0,7,1,8,25,104,57,23,209,0,0,0,209
05/25/2012,FSD,SD,AGL,CE,Combined TRACON& Tower with Radar,21,90,36,1,148,0,3,29,0,32,21,93,65,1,180,16,0,16,196
05/26/2012,FSD,SD,AGL,CE,Combined TRACON& Tower with Radar,13,50,11,0,74,0,1,1,0,2,13,51,12,0,76,2,0,2,78
05/27/2012,FSD,SD,AGL,CE,Combined TRACON& Tower with Radar,14,24,7,0,45,0,0,0,0,0,14,24,7,0,45,0,0,0,45
05/28/2012,FSD,SD,AGL,CE,Combined TRACON& Tower with Radar,11,38,18,0,67,0,3,16,0,19,11,41,34,0,86,0,0,0,86
05/29/2012,FSD,SD,AGL,CE,Combined TRACON& Tower with Radar,17,77,39,2,135,0,1,35,0,36,17,78,74,2,171,22,24,46,217
05/30/2012,FSD,SD,AGL,CE,Combined TRACON& Tower with Radar,22,89,50,16,177,0,2,27,0,29,22,91,77,16,206,0,0,0,206
05/31/2012,FSD,SD,AGL,CE,Combined TRACON& Tower with Radar,24,90,54,15,183,0,0,34,0,34,24,90,88,15,217,66,18,84,301
06/01/2012,FSD,SD,AGL,CE,Combined TRACON& Tower with Radar,20,88,28,11,147,0,2,24,2,28,20,90,52,13,175,0,12,12,187
06/02/2012,FSD,SD,AGL,CE,Combined TRACON& Tower with Radar,13,52,22,0,87,0,5,31,0,36,13,57,53,0,123,22,0,22,145
06/03/2012,FSD,SD,AGL,CE,Combined TRACON& Tower with Radar,18,40,19,0,77,0,0,22,0,22,18,40,41,0,99,0,0,0,99
06/04/2012,FSD,SD,AGL,CE,Combined TRACON& Tower with Radar,17,71,42,0,130,0,0,28,0,28,17,71,70,0,158,0,0,0,158
06/05/2012,FSD,SD,AGL,CE,Combined TRACON& Tower with Radar,19,90,40,20,169,0,2,28,0,30,19,92,68,20,199,18,4,22,221
06/06/2012,FSD,SD,AGL,CE,Combined TRACON& Tower with Radar,20,88,39,0,147,0,4,19,0,23,20,92,58,0,170,6,0,6,176
06/07/2012,FSD,SD,AGL,CE,Combined TRACON& Tower with Radar,25,98,53,0,176,0,17,13,0,30,25,115,66,0,206,2,0,2,208
06/08/2012,FSD,SD,AGL,CE,Combined TRACON& Tower with Radar,22,99,34,12,167,0,4,31,4,39,22,103,65,16,206,8,4,12,218
06/09/2012,FSD,SD,AGL,CE,Combined TRACON& Tower with Radar,13,59,14,30,116,0,2,12,0,14,13,61,26,30,130,0,38,38,168
06/10/2012,FSD,SD,AGL,CE,Combined TRACON& Tower with Radar,24,41,19,21,105,0,1,13,0,14,24,42,32,21,119,6,20,26,145
06/11/2012,FSD,SD,AGL,CE,Combined TRACON& Tower with Radar,18,75,58,0,151,0,5,5,0,10,18,80,63,0,161,4,0,4,165
06/12/2012,FSD,SD,AGL,CE,Combined TRACON& Tower with Radar,20,85,48,12,165,0,2,35,0,37,20,87,83,12,202,40,24,64,266
06/13/2012,FSD,SD,AGL,CE,Combined TRACON& Tower with Radar,22,93,33,26,174,0,2,10,2,14,22,95,43,28,188,24,52,76,264
06/14/2012,FSD,SD,AGL,CE,Combined TRACON& Tower with Radar,34,102,46,9,191,0,3,10,1,14,34,105,56,10,205,4,16,20,225
06/15/2012,FSD,SD,AGL,CE,Combined TRACON& Tower with Radar,23,94,38,16,171,0,8,12,0,20,23,102,50,16,191,0,16,16,207
06/16/2012,FSD,SD,AGL,CE,Combined TRACON& Tower with Radar,14,50,18,0,82,0,1,11,0,12,14,51,29,0,94,8,0,8,102
06/17/2012,FSD,SD,AGL,CE,Combined TRACON& Tower with Radar,22,44,18,0,84,0,3,8,1,12,22,47,26,1,96,10,0,10,106
06/18/2012,FSD,SD,AGL,CE,Combined TRACON& Tower with Radar,17,73,47,0,137,0,1,25,0,26,17,74,72,0,163,28,0,28,191
06/19/2012,FSD,SD,AGL,CE,Combined TRACON& Tower with Radar,20,102,54,18,194,0,2,7,1,10,20,104,61,19,204,0,42,42,246
06/20/2012,FSD,SD,AGL,CE,Combined TRACON& Tower with Radar,22,87,42,13,164,0,2,7,0,9,22,89,49,13,173,10,8,18,191
06/21/2012,FSD,SD,AGL,CE,Combined TRACON& Tower with Radar,26,92,57,13,188,0,0,44,3,47,26,92,101,16,235,10,20,30,265
06/22/2012,FSD,SD,AGL,CE,Combined TRACON& Tower with Radar,23,96,45,19,183,0,0,28,0,28,23,96,73,19,211,4,24,28,239
06/23/2012,FSD,SD,AGL,CE,Combined TRACON& Tower with Radar,14,47,24,2,87,0,0,21,0,21,14,47,45,2,108,12,0,12,120
06/24/2012,FSD,SD,AGL,CE,Combined TRACON& Tower with Radar,18,45,20,1,84,0,1,22,0,23,18,46,42,1,107,0,0,0,107
06/25/2012,FSD,SD,AGL,CE,Combined TRACON& Tower with Radar,17,69,45,0,131,0,1,14,0,15,17,70,59,0,146,0,0,0,146
06/26/2012,FSD,SD,AGL,CE,Combined TRACON& Tower with Radar,18,86,44,8,156,0,1,22,1,24,18,87,66,9,180,16,6,22,202
06/27/2012,FSD,SD,AGL,CE,Combined TRACON& Tower with Radar,21,98,57,10,186,0,1,17,0,18,21,99,74,10,204,0,0,0,204
06/28/2012,FSD,SD,AGL,CE,Combined TRACON& Tower with Radar,24,102,64,26,216,0,4,22,0,26,24,106,86,26,242,0,36,36,278
06/29/2012,FSD,SD,AGL,CE,Combined TRACON& Tower with Radar,26,92,45,17,180,0,1,17,0,18,26,93,62,17,198,0,0,0,198
06/30/2012,FSD,SD,AGL,CE,Combined TRACON& Tower with Radar,15,52,22,0,89,0,2,19,0,21,15,54,41,0,110,0,0,0,110
07/01/2012,FSD,SD,AGL,CE,Combined TRACON& Tower with Radar,19,50,19,0,88,0,2,17,0,19,19,52,36,0,107,26,0,26,133
07/02/2012,FSD,SD,AGL,CE,Combined TRACON& Tower with Radar,20,63,30,2,115,0,3,26,0,29,20,66,56,2,144,0,0,0,144
07/03/2012,FSD,SD,AGL,CE,Combined TRACON& Tower with Radar,19,76,35,13,143,0,1,27,0,28,19,77,62,13,171,0,0,0,171
07/04/2012,FSD,SD,AGL,CE,Combined TRACON& Tower with Radar,11,32,10,0,53,0,1,22,0,23,11,33,32,0,76,14,0,14,90
07/05/2012,FSD,SD,AGL,CE,Combined TRACON& Tower with Radar,25,78,38,15,156,0,2,18,5,25,25,80,56,20,181,6,26,32,213
07/06/2012,FSD,SD,AGL,CE,Combined TRACON& Tower with Radar,24,86,22,10,142,0,2,22,0,24,24,88,44,10,166,14,16,30,196
07/07/2012,FSD,SD,AGL,CE,Combined TRACON& Tower with Radar,14,56,17,2,89,0,6,17,0,23,14,62,34,2,112,14,0,14,126
07/08/2012,FSD,SD,AGL,CE,Combined TRACON& Tower with Radar,21,42,19,0,82,0,4,16,0,20,21,46,35,0,102,28,0,28,130
07/09/2012,FSD,SD,AGL,CE,Combined TRACON& Tower with Radar,18,84,38,0,140,0,9,26,1,36,18,93,64,1,176,28,0,28,204
07/10/2012,FSD,SD,AGL,CE,Combined TRACON& Tower with Radar,20,92,63,17,192,0,8,24,3,35,20,100,87,20,227,2,54,56,283
07/11/2012,FSD,SD,AGL,CE,Combined TRACON& Tower with Radar,21,86,39,19,165,0,5,33,2,40,21,91,72,21,205,18,25,43,248
07/12/2012,FSD,SD,AGL,CE,Combined TRACON& Tower with Radar,26,95,56,22,199,0,3,24,3,30,26,98,80,25,229,4,36,40,269
07/13/2012,FSD,SD,AGL,CE,Combined TRACON& Tower with Radar,26,98,37,16,177,0,3,23,2,28,26,101,60,18,205,0,0,0,205
07/14/2012,FSD,SD,AGL,CE,Combined TRACON& Tower with Radar,16,54,24,0,94,0,1,23,0,24,16,55,47,0,118,0,0,0,118
07/15/2012,FSD,SD,AGL,CE,Combined TRACON& Tower with Radar,21,47,23,2,93,0,8,17,0,25,21,55,40,2,118,14,0,14,132
07/16/2012,FSD,SD,AGL,CE,Combined TRACON& Tower with Radar,13,77,38,1,129,0,0,26,0,26,13,77,64,1,155,14,40,54,209
07/17/2012,FSD,SD,AGL,CE,Combined TRACON& Tower with Radar,20,107,48,28,203,0,0,32,0,32,20,107,80,28,235,40,64,104,339
07/18/2012,FSD,SD,AGL,CE,Combined TRACON& Tower with Radar,18,104,56,8,186,0,0,46,4,50,18,104,102,12,236,32,8,40,276
07/19/2012,FSD,SD,AGL,CE,Combined TRACON& Tower with Radar,24,100,46,3,173,0,3,51,4,58,24,103,97,7,231,23,4,27,258
07/20/2012,FSD,SD,AGL,CE,Combined TRACON& Tower with Radar,24,94,32,9,159,0,2,26,9,37,24,96,58,18,196,8,8,16,212
07/21/2012,FSD,SD,AGL,CE,Combined TRACON& Tower with Radar,18,43,15,7,83,0,5,49,3,57,18,48,64,10,140,4,0,4,144
07/22/2012,FSD,SD,AGL,CE,Combined TRACON& Tower with Radar,21,41,16,8,86,0,3,44,8,55,21,44,60,16,141,0,0,0,141
07/23/2012,FSD,SD,AGL,CE,Combined TRACON& Tower with Radar,17,82,36,7,142,0,0,31,9,40,17,82,67,16,182,0,0,0,182
07/24/2012,FSD,SD,AGL,CE,Combined TRACON& Tower with Radar,22,112,48,8,190,0,0,20,8,28,22,112,68,16,218,8,8,16,234
07/25/2012,FSD,SD,AGL,CE,Combined TRACON& Tower with Radar,21,93,51,21,186,0,2,25,2,29,21,95,76,23,215,14,58,72,287
07/26/2012,FSD,SD,AGL,CE,Combined TRACON& Tower with Radar,25,103,45,19,192,0,0,31,1,32,25,103,76,20,224,0,0,0,224
07/27/2012,FSD,SD,AGL,CE,Combined TRACON& Tower with Radar,21,93,43,22,179,0,1,27,1,29,21,94,70,23,208,18,52,70,278
07/28/2012,FSD,SD,AGL,CE,Combined TRACON& Tower with Radar,17,58,25,1,101,0,2,33,0,35,17,60,58,1,136,2,0,2,138
07/29/2012,FSD,SD,AGL,CE,Combined TRACON& Tower with Radar,21,50,19,2,92,0,2,33,0,35,21,52,52,2,127,6,0,6,133
07/30/2012,FSD,SD,AGL,CE,Combined TRACON& Tower with Radar,16,78,44,0,138,0,1,26,0,27,16,79,70,0,165,0,0,0,165
07/31/2012,FSD,SD,AGL,CE,Combined TRACON& Tower with Radar,19,87,48,30,184,0,6,15,0,21,19,93,63,30,205,22,58,80,285
08/01/2012,FSD,SD,AGL,CE,Combined TRACON& Tower with Radar,21,95,27,13,156,0,1,20,0,21,21,96,47,13,177,6,30,36,213
08/02/2012,FSD,SD,AGL,CE,Combined TRACON& Tower with Radar,25,94,49,13,181,0,0,26,1,27,25,94,75,14,208,4,42,46,254
08/03/2012,FSD,SD,AGL,CE,Combined TRACON& Tower with Radar,21,102,27,8,158,0,1,4,0,5,21,103,31,8,163,0,0,0,163
08/04/2012,FSD,SD,AGL,CE,Combined TRACON& Tower with Radar,12,64,22,3,101,0,2,15,0,17,12,66,37,3,118,14,0,14,132
08/05/2012,FSD,SD,AGL,CE,Combined TRACON& Tower with Radar,19,47,28,1,95,0,0,18,0,18,19,47,46,1,113,22,20,42,155
08/06/2012,FSD,SD,AGL,CE,Combined TRACON& Tower with Radar,16,80,39,16,151,0,1,10,0,11,16,81,49,16,162,0,0,0,162
08/07/2012,FSD,SD,AGL,CE,Combined TRACON& Tower with Radar,20,96,52,16,184,0,4,18,0,22,20,100,70,16,206,4,8,12,218
08/08/2012,FSD,SD,AGL,CE,Combined TRACON& Tower with Radar,19,95,42,17,173,0,3,23,0,26,19,98,65,17,199,22,10,32,231
08/09/2012,FSD,SD,AGL,CE,Combined TRACON& Tower with Radar,22,103,53,14,192,0,4,24,0,28,22,107,77,14,220,18,18,36,256
08/10/2012,FSD,SD,AGL,CE,Combined TRACON& Tower with Radar,22,89,22,1,134,0,1,22,1,24,22,90,44,2,158,30,0,30,188
08/11/2012,FSD,SD,AGL,CE,Combined TRACON& Tower with Radar,14,57,19,4,94,0,0,14,0,14,14,57,33,4,108,56,0,56,164
08/12/2012,FSD,SD,AGL,CE,Combined TRACON& Tower with Radar,21,50,20,0,91,0,1,7,0,8,21,51,27,0,99,22,0,22,121
08/13/2012,FSD,SD,AGL,CE,Combined TRACON& Tower with Radar,15,80,47,5,147,0,1,6,0,7,15,81,53,5,154,14,4,18,172
08/14/2012,FSD,SD,AGL,CE,Combined TRACON& Tower with Radar,16,115,56,8,195,0,1,22,1,24,16,116,78,9,219,2,10,12,231
08/15/2012,FSD,SD,AGL,CE,Combined TRACON& Tower with Radar,16,110,53,8,187,0,0,20,0,20,16,110,73,8,207,34,0,34,241
08/16/2012,FSD,SD,AGL,CE,Combined TRACON& Tower with Radar,16,89,57,15,177,0,1,13,0,14,16,90,70,15,191,14,24,38,229
08/17/2012,FSD,SD,AGL,CE,Combined TRACON& Tower with Radar,9,57,34,2,102,0,0,28,0,28,9,57,62,2,130,8,8,16,146
08/18/2012,FSD,SD,AGL,CE,Combined TRACON& Tower with Radar,0,19,9,0,28,0,1,26,0,27,0,20,35,0,55,4,0,4,59
08/19/2012,FSD,SD,AGL,CE,Combined TRACON& Tower with Radar,0,1,15,2,18,0,1,13,0,14,0,2,28,2,32,16,0,16,48
08/20/2012,FSD,SD,AGL,CE,Combined TRACON& Tower with Radar,7,39,22,0,68,0,2,22,0,24,7,41,44,0,92,32,0,32,124
08/21/2012,FSD,SD,AGL,CE,Combined TRACON& Tower with Radar,16,88,57,11,172,0,9,25,0,34,16,97,82,11,206,20,32,52,258
08/22/2012,FSD,SD,AGL,CE,Combined TRACON& Tower with Radar,16,91,47,16,170,0,2,16,0,18,16,93,63,16,188,18,46,64,252
08/23/2012,FSD,SD,AGL,CE,Combined TRACON& Tower with Radar,14,94,36,26,170,0,4,18,0,22,14,98,54,26,192,8,38,46,238
08/24/2012,FSD,SD,AGL,CE,Combined TRACON& Tower with Radar,11,61,35,9,116,0,1,25,0,26,11,62,60,9,142,6,20,26,168
08/25/2012,FSD,SD,AGL,CE,Combined TRACON& Tower with Radar,0,16,16,0,32,0,0,10,0,10,0,16,26,0,42,2,0,2,44
08/26/2012,FSD,SD,AGL,CE,Combined TRACON& Tower with Radar,0,7,16,0,23,0,3,18,0,21,0,10,34,0,44,18,0,18,62
08/27/2012,FSD,SD,AGL,CE,Combined TRACON& Tower with Radar,7,50,32,0,89,0,4,18,0,22,7,54,50,0,111,0,0,0,111
08/28/2012,FSD,SD,AGL,CE,Combined TRACON& Tower with Radar,19,84,41,17,161,0,2,19,0,21,19,86,60,17,182,4,16,20,202
08/29/2012,FSD,SD,AGL,CE,Combined TRACON& Tower with Radar,20,82,49,13,164,0,4,28,1,33,20,86,77,14,197,18,32,50,247
08/30/2012,FSD,SD,AGL,CE,Combined TRACON& Tower with Radar,19,108,46,10,183,0,1,18,0,19,19,109,64,10,202,8,20,28,230
08/31/2012,FSD,SD,AGL,CE,Combined TRACON& Tower with Radar,24,90,44,18,176,0,0,16,0,16,24,90,60,18,192,8,28,36,228
09/01/2012,FSD,SD,AGL,CE,Combined TRACON& Tower with Radar,17,43,10,0,70,0,1,23,0,24,17,44,33,0,94,20,0,20,114
09/02/2012,FSD,SD,AGL,CE,Combined TRACON& Tower with Radar,12,23,14,0,49,0,0,12,0,12,12,23,26,0,61,0,0,0,61
09/03/2012,FSD,SD,AGL,CE,Combined TRACON& Tower with Radar,10,37,26,0,73,0,1,30,0,31,10,38,56,0,104,30,0,30,134
09/04/2012,FSD,SD,AGL,CE,Combined TRACON& Tower with Radar,13,88,31,0,132,0,1,11,0,12,13,89,42,0,144,0,0,0,144
09/05/2012,FSD,SD,AGL,CE,Combined TRACON& Tower with Radar,20,87,45,28,180,0,2,21,0,23,20,89,66,28,203,18,40,58,261
09/06/2012,FSD,SD,AGL,CE,Combined TRACON& Tower with Radar,19,101,43,17,180,0,3,32,0,35,19,104,75,17,215,24,34,58,273
09/07/2012,FSD,SD,AGL,CE,Combined TRACON& Tower with Radar,12,58,36,8,114,0,4,14,0,18,12,62,50,8,132,2,18,20,152
09/08/2012,FSD,SD,AGL,CE,Combined TRACON& Tower with Radar,0,17,12,0,29,0,0,15,2,17,0,17,27,2,46,0,0,0,46
09/09/2012,FSD,SD,AGL,CE,Combined TRACON& Tower with Radar,0,13,21,0,34,0,2,25,1,28,0,15,46,1,62,14,0,14,76
09/10/2012,FSD,SD,AGL,CE,Combined TRACON& Tower with Radar,7,38,24,0,69,0,4,10,0,14,7,42,34,0,83,0,0,0,83
09/11/2012,FSD,SD,AGL,CE,Combined TRACON& Tower with Radar,22,81,43,18,164,0,3,18,3,24,22,84,61,21,188,16,30,46,234
09/12/2012,FSD,SD,AGL,CE,Combined TRACON& Tower with Radar,19,83,43,52,197,0,1,16,2,19,19,84,59,54,216,0,56,56,272
09/13/2012,FSD,SD,AGL,CE,Combined TRACON& Tower with Radar,19,88,60,14,181,0,0,34,1,35,19,88,94,15,216,2,36,38,254
09/14/2012,FSD,SD,AGL,CE,Combined TRACON& Tower with Radar,18,70,39,4,131,0,4,42,0,46,18,74,81,4,177,12,10,22,199
09/15/2012,FSD,SD,AGL,CE,Combined TRACON& Tower with Radar,5,23,9,0,37,0,1,25,0,26,5,24,34,0,63,18,0,18,81
09/16/2012,FSD,SD,AGL,CE,Combined TRACON& Tower with Radar,1,12,20,3,36,0,0,11,1,12,1,12,31,4,48,4,0,4,52
09/17/2012,FSD,SD,AGL,CE,Combined TRACON& Tower with Radar,7,40,41,10,98,0,4,10,0,14,7,44,51,10,112,0,0,0,112
09/18/2012,FSD,SD,AGL,CE,Combined TRACON& Tower with Radar,19,75,71,13,178,0,4,20,0,24,19,79,91,13,202,16,22,38,240
09/19/2012,FSD,SD,AGL,CE,Combined TRACON& Tower with Radar,19,96,64,11,190,0,6,30,0,36,19,102,94,11,226,6,0,6,232
09/20/2012,FSD,SD,AGL,CE,Combined TRACON& Tower with Radar,21,93,69,17,200,0,1,28,0,29,21,94,97,17,229,0,22,22,251
09/21/2012,FSD,SD,AGL,CE,Combined TRACON& Tower with Radar,27,89,54,4,174,0,4,20,0,24,27,93,74,4,198,8,0,8,206
09/22/2012,FSD,SD,AGL,CE,Combined TRACON& Tower with Radar,17,46,18,1,82,0,0,34,2,36,17,46,52,3,118,36,18,54,172
09/23/2012,FSD,SD,AGL,CE,Combined TRACON& Tower with Radar,16,41,14,0,71,0,0,24,0,24,16,41,38,0,95,30,0,30,125
09/24/2012,FSD,SD,AGL,CE,Combined TRACON& Tower with Radar,18,69,46,0,133,0,3,14,0,17,18,72,60,0,150,2,0,2,152
09/25/2012,FSD,SD,AGL,CE,Combined TRACON& Tower with Radar,20,90,65,19,194,0,6,41,0,47,20,96,106,19,241,32,36,68,309
09/26/2012,FSD,SD,AGL,CE,Combined TRACON& Tower with Radar,22,90,46,16,174,0,8,22,0,30,22,98,68,16,204,30,42,72,276
09/27/2012,FSD,SD,AGL,CE,Combined TRACON& Tower with Radar,22,81,62,21,186,0,0,30,0,30,22,81,92,21,216,2,38,40,256
09/28/2012,FSD,SD,AGL,CE,Combined TRACON& Tower with Radar,24,83,45,15,167,0,3,35,0,38,24,86,80,15,205,4,22,26,231
09/29/2012,FSD,SD,AGL,CE,Combined TRACON& Tower with Radar,15,42,10,4,71,0,1,18,0,19,15,43,28,4,90,18,0,18,108
09/30/2012,FSD,SD,AGL,CE,Combined TRACON& Tower with Radar,15,36,19,2,72,0,0,25,0,25,15,36,44,2,97,46,0,46,143
10/01/2012,FSD,SD,AGL,CE,Combined TRACON& Tower with Radar,22,63,43,18,146,0,2,8,0,10,22,65,51,18,156,4,8,12,168
10/02/2012,FSD,SD,AGL,CE,Combined TRACON& Tower with Radar,22,77,40,26,165,0,3,21,0,24,22,80,61,26,189,6,26,32,221
10/03/2012,FSD,SD,AGL,CE,Combined TRACON& Tower with Radar,24,71,35,14,144,0,0,14,0,14,24,71,49,14,158,34,12,46,204
10/04/2012,FSD,SD,AGL,CE,Combined TRACON& Tower with Radar,25,83,58,25,191,0,0,9,1,10,25,83,67,26,201,0,26,26,227
10/05/2012,FSD,SD,AGL,CE,Combined TRACON& Tower with Radar,28,77,35,6,146,0,2,26,2,30,28,79,61,8,176,0,0,0,176
10/06/2012,FSD,SD,AGL,CE,Combined TRACON& Tower with Radar,13,50,23,0,86,0,0,15,0,15,13,50,38,0,101,12,0,12,113
10/07/2012,FSD,SD,AGL,CE,Combined TRACON& Tower with Radar,17,39,22,0,78,0,1,57,0,58,17,40,79,0,136,0,0,0,136
10/08/2012,FSD,SD,AGL,CE,Combined TRACON& Tower with Radar,23,54,38,2,117,0,0,11,0,11,23,54,49,2,128,0,0,0,128
10/09/2012,FSD,SD,AGL,CE,Combined TRACON& Tower with Radar,22,73,54,14,163,0,0,15,6,21,22,73,69,20,184,2,26,28,212
10/10/2012,FSD,SD,AGL,CE,Combined TRACON& Tower with Radar,26,76,52,15,169,0,1,21,0,22,26,77,73,15,191,4,40,44,235
10/11/2012,FSD,SD,AGL,CE,Combined TRACON& Tower with Radar,26,90,70,14,200,0,1,30,0,31,26,91,100,14,231,20,36,56,287
10/12/2012,FSD,SD,AGL,CE,Combined TRACON& Tower with Radar,34,84,41,7,166,0,0,16,2,18,34,84,57,9,184,0,32,32,216
10/13/2012,FSD,SD,AGL,CE,Combined TRACON& Tower with Radar,14,52,25,34,125,0,1,10,3,14,14,53,35,37,139,34,40,74,213
10/14/2012,FSD,SD,AGL,CE,Combined TRACON& Tower with Radar,16,35,23,0,74,0,0,10,0,10,16,35,33,0,84,20,0,20,104
10/15/2012,FSD,SD,AGL,CE,Combined TRACON& Tower with Radar,23,64,49,2,138,0,0,26,0,26,23,64,75,2,164,12,0,12,176
10/16/2012,FSD,SD,AGL,CE,Combined TRACON& Tower with Radar,22,78,53,20,173,0,1,19,1,21,22,79,72,21,194,10,36,46,240
10/17/2012,FSD,SD,AGL,CE,Combined TRACON& Tower with Radar,23,90,47,3,163,0,1,6,0,7,23,91,53,3,170,0,0,0,170
10/18/2012,FSD,SD,AGL,CE,Combined TRACON& Tower with Radar,29,83,40,0,152,0,0,2,0,2,29,83,42,0,154,0,0,0,154
10/19/2012,FSD,SD,AGL,CE,Combined TRACON& Tower with Radar,35,82,48,20,185,0,0,2,0,2,35,82,50,20,187,0,0,0,187
10/20/2012,FSD,SD,AGL,CE,Combined TRACON& Tower with Radar,20,44,32,0,96,0,1,43,0,44,20,45,75,0,140,24,0,24,164
10/21/2012,FSD,SD,AGL,CE,Combined TRACON& Tower with Radar,21,45,23,0,89,0,0,16,0,16,21,45,39,0,105,18,0,18,123
10/22/2012,FSD,SD,AGL,CE,Combined TRACON& Tower with Radar,28,63,56,22,169,0,0,11,0,11,28,63,67,22,180,10,0,10,190
10/23/2012,FSD,SD,AGL,CE,Combined TRACON& Tower with Radar,26,78,77,23,204,0,0,4,0,4,26,78,81,23,208,12,0,12,220
10/24/2012,FSD,SD,AGL,CE,Combined TRACON& Tower with Radar,28,110,53,33,224,0,8,4,0,12,28,118,57,33,236,14,34,48,284
10/25/2012,FSD,SD,AGL,CE,Combined TRACON& Tower with Radar,30,107,53,18,208,0,0,3,0,3,30,107,56,18,211,0,0,0,211
10/26/2012,FSD,SD,AGL,CE,Combined TRACON& Tower with Radar,36,90,48,5,179,0,0,6,0,6,36,90,54,5,185,8,0,8,193
10/27/2012,FSD,SD,AGL,CE,Combined TRACON& Tower with Radar,21,52,19,0,92,0,4,14,0,18,21,56,33,0,110,28,0,28,138
10/28/2012,FSD,SD,AGL,CE,Combined TRACON& Tower with Radar,22,36,26,1,85,0,3,30,0,33,22,39,56,1,118,34,0,34,152
10/29/2012,FSD,SD,AGL,CE,Combined TRACON& Tower with Radar,27,70,58,0,155,0,3,25,0,28,27,73,83,0,183,24,0,24,207
10/30/2012,FSD,SD,AGL,CE,Combined TRACON& Tower with Radar,26,78,47,12,163,0,3,13,0,16,26,81,60,12,179,50,40,90,269
10/31/2012,FSD,SD,AGL,CE,Combined TRACON& Tower with Radar,26,79,41,16,162,0,6,20,16,42,26,85,61,32,204,72,24,96,300
11/01/2012,FSD,SD,AGL,CE,Combined TRACON& Tower with Radar,28,76,67,18,189,0,0,37,1,38,28,76,104,19,227,4,36,40,267
11/02/2012,FSD,SD,AGL,CE,Combined TRACON& Tower with Radar,36,80,41,8,165,0,7,15,2,24,36,87,56,10,189,30,0,30,219
11/03/2012,FSD,SD,AGL,CE,Combined TRACON& Tower with Radar,19,49,25,18,111,0,1,30,0,31,19,50,55,18,142,40,32,72,214
11/04/2012,FSD,SD,AGL,CE,Combined TRACON& Tower with Radar,24,46,27,10,107,0,0,1,0,1,24,46,28,10,108,14,0,14,122
11/05/2012,FSD,SD,AGL,CE,Combined TRACON& Tower with Radar,29,67,40,19,155,0,0,1,0,1,29,67,41,19,156,26,0,26,182
11/06/2012,FSD,SD,AGL,CE,Combined TRACON& Tower with Radar,28,74,43,20,165,0,2,7,0,9,28,76,50,20,174,8,54,62,236
11/07/2012,FSD,SD,AGL,CE,Combined TRACON& Tower with Radar,29,74,50,12,165,0,8,38,0,46,29,82,88,12,211,26,30,56,267
11/08/2012,FSD,SD,AGL,CE,Combined TRACON& Tower with Radar,31,76,63,11,181,0,1,18,0,19,31,77,81,11,200,18,48,66,266
11/09/2012,FSD,SD,AGL,CE,Combined TRACON& Tower with Radar,32,85,35,0,152,0,0,4,1,5,32,85,39,1,157,6,0,6,163
11/10/2012,FSD,SD,AGL,CE,Combined TRACON& Tower with Radar,18,45,15,0,78,0,0,0,0,0,18,45,15,0,78,12,0,12,90
11/11/2012,FSD,SD,AGL,CE,Combined TRACON& Tower with Radar,22,43,13,0,78,0,1,8,0,9,22,44,21,0,87,6,0,6,93
11/12/2012,FSD,SD,AGL,CE,Combined TRACON& Tower with Radar,28,58,45,0,131,0,2,6,0,8,28,60,51,0,139,0,0,0,139
11/13/2012,FSD,SD,AGL,CE,Combined TRACON& Tower with Radar,31,90,44,0,165,0,15,10,0,25,31,105,54,0,190,14,0,14,204
11/14/2012,FSD,SD,AGL,CE,Combined TRACON& Tower with Radar,31,78,56,13,178,0,8,32,0,40,31,86,88,13,218,54,0,54,272
11/15/2012,FSD,SD,AGL,CE,Combined TRACON& Tower with Radar,35,83,62,24,204,0,2,29,0,31,35,85,91,24,235,30,40,70,305
11/16/2012,FSD,SD,AGL,CE,Combined TRACON& Tower with Radar,36,78,47,11,172,0,5,23,0,28,36,83,70,11,200,42,24,66,266
11/17/2012,FSD,SD,AGL,CE,Combined TRACON& Tower with Radar,20,39,22,8,89,0,0,35,0,35,20,39,57,8,124,20,12,32,156
11/18/2012,FSD,SD,AGL,CE,Combined TRACON& Tower with Radar,23,32,20,3,78,0,0,18,0,18,23,32,38,3,96,38,0,38,134
11/19/2012,FSD,SD,AGL,CE,Combined TRACON& Tower with Radar,26,59,54,0,139,0,6,21,1,28,26,65,75,1,167,54,0,54,221
11/20/2012,FSD,SD,AGL,CE,Combined TRACON& Tower with Radar,36,85,38,13,172,0,8,34,0,42,36,93,72,13,214,48,40,88,302
11/21/2012,FSD,SD,AGL,CE,Combined TRACON& Tower with Radar,30,82,32,11,155,0,3,37,0,40,30,85,69,11,195,30,20,50,245
11/22/2012,FSD,SD,AGL,CE,Combined TRACON& Tower with Radar,12,20,6,0,38,0,2,0,0,2,12,22,6,0,40,0,0,0,40
11/23/2012,FSD,SD,AGL,CE,Combined TRACON& Tower with Radar,25,62,13,0,100,0,1,12,0,13,25,63,25,0,113,0,0,0,113
11/24/2012,FSD,SD,AGL,CE,Combined TRACON& Tower with Radar,31,47,13,0,91,0,3,14,0,17,31,50,27,0,108,0,0,0,108
11/25/2012,FSD,SD,AGL,CE,Combined TRACON& Tower with Radar,30,32,15,0,77,0,0,9,0,9,30,32,24,0,86,0,0,0,86
11/26/2012,FSD,SD,AGL,CE,Combined TRACON& Tower with Radar,24,64,52,0,140,0,1,13,0,14,24,65,65,0,154,0,0,0,154
11/27/2012,FSD,SD,AGL,CE,Combined TRACON& Tower with Radar,26,85,60,33,204,0,6,18,2,26,26,91,78,35,230,30,30,60,290
11/28/2012,FSD,SD,AGL,CE,Combined TRACON& Tower with Radar,25,81,59,27,192,0,1,20,1,22,25,82,79,28,214,34,14,48,262
11/29/2012,FSD,SD,AGL,CE,Combined TRACON& Tower with Radar,28,98,58,23,207,0,0,22,0,22,28,98,80,23,229,30,0,30,259
11/30/2012,FSD,SD,AGL,CE,Combined TRACON& Tower with Radar,26,94,47,11,178,0,0,21,0,21,26,94,68,11,199,0,0,0,199
12/01/2012,FSD,SD,AGL,CE,Combined TRACON& Tower with Radar,16,44,14,20,94,0,0,16,0,16,16,44,30,20,110,72,10,82,192
12/02/2012,FSD,SD,AGL,CE,Combined TRACON& Tower with Radar,27,42,23,16,108,0,0,21,0,21,27,42,44,16,129,68,6,74,203
12/03/2012,FSD,SD,AGL,CE,Combined TRACON& Tower with Radar,21,66,54,12,153,0,0,7,0,7,21,66,61,12,160,0,0,0,160
12/04/2012,FSD,SD,AGL,CE,Combined TRACON& Tower with Radar,22,92,63,16,193,0,2,30,1,33,22,94,93,17,226,34,12,46,272
12/05/2012,FSD,SD,AGL,CE,Combined TRACON& Tower with Radar,23,91,46,20,180,0,11,15,0,26,23,102,61,20,206,0,24,24,230
12/06/2012,FSD,SD,AGL,CE,Combined TRACON& Tower with Radar,27,88,66,20,201,0,2,37,0,39,27,90,103,20,240,60,28,88,328
12/07/2012,FSD,SD,AGL,CE,Combined TRACON& Tower with Radar,29,80,34,8,151,0,2,4,0,6,29,82,38,8,157,0,16,16,173
12/08/2012,FSD,SD,AGL,CE,Combined TRACON& Tower with Radar,17,49,14,0,80,0,0,0,0,0,17,49,14,0,80,0,0,0,80
12/09/2012,FSD,SD,AGL,CE,Combined TRACON& Tower with Radar,21,27,12,0,60,0,0,0,0,0,21,27,12,0,60,0,0,0,60
12/10/2012,FSD,SD,AGL,CE,Combined TRACON& Tower with Radar,22,63,65,12,162,0,1,12,0,13,22,64,77,12,175,0,0,0,175
12/11/2012,FSD,SD,AGL,CE,Combined TRACON& Tower with Radar,24,86,54,18,182,0,0,25,0,25,24,86,79,18,207,54,10,64,271
12/12/2012,FSD,SD,AGL,CE,Combined TRACON& Tower with Radar,25,83,69,23,200,0,1,28,0,29,25,84,97,23,229,16,26,42,271
12/13/2012,FSD,SD,AGL,CE,Combined TRACON& Tower with Radar,27,85,67,18,197,0,0,41,3,44,27,85,108,21,241,24,24,48,289
12/14/2012,FSD,SD,AGL,CE,Combined TRACON& Tower with Radar,29,97,46,0,172,0,1,88,0,89,29,98,134,0,261,10,0,10,271
12/15/2012,FSD,SD,AGL,CE,Combined TRACON& Tower with Radar,13,57,24,0,94,0,0,8,0,8,13,57,32,0,102,0,0,0,102
12/16/2012,FSD,SD,AGL,CE,Combined TRACON& Tower with Radar,19,41,25,0,85,0,0,2,0,2,19,41,27,0,87,0,0,0,87
12/17/2012,FSD,SD,AGL,CE,Combined TRACON& Tower with Radar,21,80,62,0,163,0,0,1,0,1,21,80,63,0,164,0,0,0,164
12/18/2012,FSD,SD,AGL,CE,Combined TRACON& Tower with Radar,24,99,76,28,227,0,0,5,0,5,24,99,81,28,232,16,28,44,276
12/19/2012,FSD,SD,AGL,CE,Combined TRACON& Tower with Radar,21,116,65,22,224,0,7,22,5,34,21,123,87,27,258,0,44,44,302
12/20/2012,FSD,SD,AGL,CE,Combined TRACON& Tower with Radar,28,99,52,14,193,0,2,49,0,51,28,101,101,14,244,10,34,44,288
12/21/2012,FSD,SD,AGL,CE,Combined TRACON& Tower with Radar,29,113,38,4,184,0,2,121,1,124,29,115,159,5,308,56,10,66,374
12/22/2012,FSD,SD,AGL,CE,Combined TRACON& Tower with Radar,18,50,23,0,91,0,1,93,0,94,18,51,116,0,185,8,0,8,193
12/23/2012,FSD,SD,AGL,CE,Combined TRACON& Tower with Radar,21,49,13,0,83,0,0,28,0,28,21,49,41,0,111,6,0,6,117
12/24/2012,FSD,SD,AGL,CE,Combined TRACON& Tower with Radar,18,60,13,0,91,0,1,4,0,5,18,61,17,0,96,0,0,0,96
12/25/2012,FSD,SD,AGL,CE,Combined TRACON& Tower with Radar,7,29,17,0,53,0,0,48,0,48,7,29,65,0,101,20,0,20,121
12/26/2012,FSD,SD,AGL,CE,Combined TRACON& Tower with Radar,21,97,20,0,138,0,2,24,1,27,21,99,44,1,165,10,0,10,175
12/27/2012,FSD,SD,AGL,CE,Combined TRACON& Tower with Radar,22,76,25,0,123,0,0,0,0,0,22,76,25,0,123,0,0,0,123
12/28/2012,FSD,SD,AGL,CE,Combined TRACON& Tower with Radar,23,88,22,0,133,13,0,19,0,32,36,88,41,0,165,16,0,16,181
12/29/2012,FSD,SD,AGL,CE,Combined TRACON& Tower with Radar,18,54,15,0,87,0,0,1,0,1,18,54,16,0,88,2,0,2,90
12/30/2012,FSD,SD,AGL,CE,Combined TRACON& Tower with Radar,18,40,20,0,78,0,2,19,0,21,18,42,39,0,99,0,0,0,99
12/31/2012,FSD,SD,AGL,CE,Combined TRACON& Tower with Radar,14,56,7,0,77,0,2,12,0,14,14,58,19,0,91,2,0,2,93
01/01/2013,FSD,SD,AGL,CE,Combined TRACON& Tower with Radar,12,38,11,0,61,0,0,1,0,1,12,38,12,0,62,0,0,0,62
01/02/2013,FSD,SD,AGL,CE,Combined TRACON& Tower with Radar,20,92,43,15,170,0,0,4,0,4,20,92,47,15,174,4,4,8,182
01/03/2013,FSD,SD,AGL,CE,Combined TRACON& Tower with Radar,26,97,36,19,178,0,1,9,0,10,26,98,45,19,188,10,10,20,208
01/04/2013,FSD,SD,AGL,CE,Combined TRACON& Tower with Radar,25,92,25,0,142,0,4,28,0,32,25,96,53,0,174,0,0,0,174
01/05/2013,FSD,SD,AGL,CE,Combined TRACON& Tower with Radar,14,53,12,14,93,0,1,11,0,12,14,54,23,14,105,4,8,12,117
01/06/2013,FSD,SD,AGL,CE,Combined TRACON& Tower with Radar,16,32,15,5,68,0,3,19,0,22,16,35,34,5,90,36,12,48,138
01/07/2013,FSD,SD,AGL,CE,Combined TRACON& Tower with Radar,18,63,40,0,121,0,1,22,0,23,18,64,62,0,144,18,0,18,162
01/08/2013,FSD,SD,AGL,CE,Combined TRACON& Tower with Radar,17,79,35,7,138,0,2,12,5,19,17,81,47,12,157,20,24,44,201
01/09/2013,FSD,SD,AGL,CE,Combined TRACON& Tower with Radar,17,83,30,10,140,0,4,21,0,25,17,87,51,10,165,16,34,50,215
01/10/2013,FSD,SD,AGL,CE,Combined TRACON& Tower with Radar,21,85,46,10,162,0,0,2,0,2,21,85,48,10,164,4,30,34,198
01/11/2013,FSD,SD,AGL,CE,Combined TRACON& Tower with Radar,23,77,8,0,108,0,0,0,0,0,23,77,8,0,108,0,0,0,108
01/12/2013,FSD,SD,AGL,CE,Combined TRACON& Tower with Radar,12,55,7,2,76,0,0,10,0,10,12,55,17,2,86,0,0,0,86
01/13/2013,FSD,SD,AGL,CE,Combined TRACON& Tower with Radar,16,32,6,0,54,0,2,17,0,19,16,34,23,0,73,24,0,24,97
01/14/2013,FSD,SD,AGL,CE,Combined TRACON& Tower with Radar,18,61,41,25,145,0,2,22,0,24,18,63,63,25,169,8,30,38,207
01/15/2013,FSD,SD,AGL,CE,Combined TRACON& Tower with Radar,17,78,42,16,153,0,1,18,0,19,17,79,60,16,172,0,16,16,188
01/16/2013,FSD,SD,AGL,CE,Combined TRACON& Tower with Radar,18,96,40,13,167,0,0,15,0,15,18,96,55,13,182,0,6,6,188
01/17/2013,FSD,SD,AGL,CE,Combined TRACON& Tower with Radar,23,78,60,10,171,0,1,21,1,23,23,79,81,11,194,40,0,40,234
01/18/2013,FSD,SD,AGL,CE,Combined TRACON& Tower with Radar,22,85,41,6,154,0,3,29,0,32,22,88,70,6,186,18,4,22,208
01/19/2013,FSD,SD,AGL,CE,Combined TRACON& Tower with Radar,16,42,7,0,65,0,0,5,0,5,16,42,12,0,70,0,0,0,70
01/20/2013,FSD,SD,AGL,CE,Combined TRACON& Tower with Radar,16,28,10,0,54,0,0,1,0,1,16,28,11,0,55,0,0,0,55
01/21/2013,FSD,SD,AGL,CE,Combined TRACON& Tower with Radar,14,61,30,0,105,0,1,4,1,6,14,62,34,1,111,0,0,0,111
01/22/2013,FSD,SD,AGL,CE,Combined TRACON& Tower with Radar,16,79,35,0,130,0,8,7,0,15,16,87,42,0,145,2,0,2,147
01/23/2013,FSD,SD,AGL,CE,Combined TRACON& Tower with Radar,20,95,38,8,161,0,3,25,0,28,20,98,63,8,189,34,14,48,237
01/24/2013,FSD,SD,AGL,CE,Combined TRACON& Tower with Radar,22,83,35,0,140,0,0,34,0,34,22,83,69,0,174,26,4,30,204
01/25/2013,FSD,SD,AGL,CE,Combined TRACON& Tower with Radar,23,88,22,26,159,0,1,15,0,16,23,89,37,26,175,44,32,76,251
01/26/2013,FSD,SD,AGL,CE,Combined TRACON& Tower with Radar,16,45,7,0,68,0,2,32,0,34,16,47,39,0,102,70,0,70,172
01/27/2013,FSD,SD,AGL,CE,Combined TRACON& Tower with Radar,14,31,6,0,51,0,0,2,0,2,14,31,8,0,53,0,0,0,53
01/28/2013,FSD,SD,AGL,CE,Combined TRACON& Tower with Radar,14,38,23,0,75,0,0,0,0,0,14,38,23,0,75,0,0,0,75
01/29/2013,FSD,SD,AGL,CE,Combined TRACON& Tower with Radar,17,96,35,12,160,0,4,2,0,6,17,100,37,12,166,6,34,40,206
01/30/2013,FSD,SD,AGL,CE,Combined TRACON& Tower with Radar,17,79,30,13,139,0,2,1,0,3,17,81,31,13,142,2,34,36,178
01/31/2013,FSD,SD,AGL,CE,Combined TRACON& Tower with Radar,24,85,30,4,143,0,4,3,0,7,24,89,33,4,150,14,12,26,176
02/01/2013,FSD,SD,AGL,CE,Combined TRACON& Tower with Radar,24,80,38,4,146,0,1,9,0,10,24,81,47,4,156,2,14,16,172
02/02/2013,FSD,SD,AGL,CE,Combined TRACON& Tower with Radar,13,54,16,11,94,0,0,0,0,0,13,54,16,11,94,0,0,0,94
02/03/2013,FSD,SD,AGL,CE,Combined TRACON& Tower with Radar,15,32,13,13,73,0,1,14,0,15,15,33,27,13,88,18,0,18,106
02/04/2013,FSD,SD,AGL,CE,Combined TRACON& Tower with Radar,16,70,46,0,132,0,1,2,0,3,16,71,48,0,135,0,0,0,135
02/05/2013,FSD,SD,AGL,CE,Combined TRACON& Tower with Radar,17,85,43,30,175,0,1,6,5,12,17,86,49,35,187,8,34,42,229
02/06/2013,FSD,SD,AGL,CE,Combined TRACON& Tower with Radar,18,83,53,17,171,0,2,27,0,29,18,85,80,17,200,18,22,40,240
02/07/2013,FSD,SD,AGL,CE,Combined TRACON& Tower with Radar,24,80,40,17,161,0,0,0,0,0,24,80,40,17,161,0,0,0,161
02/08/2013,FSD,SD,AGL,CE,Combined TRACON& Tower with Radar,25,95,37,7,164,0,0,4,0,4,25,95,41,7,168,0,4,4,172
02/09/2013,FSD,SD,AGL,CE,Combined TRACON& Tower with Radar,15,54,6,0,75,0,0,0,0,0,15,54,6,0,75,0,0,0,75
02/10/2013,FSD,SD,AGL,CE,Combined TRACON& Tower with Radar,13,28,0,0,41,0,0,0,0,0,13,28,0,0,41,0,0,0,41
02/11/2013,FSD,SD,AGL,CE,Combined TRACON& Tower with Radar,22,74,32,0,128,0,0,1,0,1,22,74,33,0,129,0,0,0,129
02/12/2013,FSD,SD,AGL,CE,Combined TRACON& Tower with Radar,17,77,42,6,142,0,1,27,0,28,17,78,69,6,170,36,14,50,220
02/13/2013,FSD,SD,AGL,CE,Combined TRACON& Tower with Radar,19,80,54,27,180,0,0,21,0,21,19,80,75,27,201,36,30,66,267
02/14/2013,FSD,SD,AGL,CE,Combined TRACON& Tower with Radar,28,87,43,10,168,0,0,9,0,9,28,87,52,10,177,20,0,20,197
02/15/2013,FSD,SD,AGL,CE,Combined TRACON& Tower with Radar,27,73,39,0,139,0,0,14,0,14,27,73,53,0,153,20,0,20,173
02/16/2013,FSD,SD,AGL,CE,Combined TRACON& Tower with Radar,15,52,22,0,89,0,0,14,0,14,15,52,36,0,103,4,0,4,107
02/17/2013,FSD,SD,AGL,CE,Combined TRACON& Tower with Radar,20,33,18,0,71,0,2,10,0,12,20,35,28,0,83,28,0,28,111
02/18/2013,FSD,SD,AGL,CE,Combined TRACON& Tower with Radar,22,67,40,0,129,0,0,3,0,3,22,67,43,0,132,0,0,0,132
02/19/2013,FSD,SD,AGL,CE,Combined TRACON& Tower with Radar,23,86,56,0,165,0,2,15,0,17,23,88,71,0,182,24,0,24,206
02/20/2013,FSD,SD,AGL,CE,Combined TRACON& Tower with Radar,23,89,62,4,178,0,0,29,0,29,23,89,91,4,207,24,4,28,235
02/21/2013,FSD,SD,AGL,CE,Combined TRACON& Tower with Radar,29,79,38,17,163,0,1,8,0,9,29,80,46,17,172,6,0,6,178
02/22/2013,FSD,SD,AGL,CE,Combined TRACON& Tower with Radar,29,76,35,9,149,0,0,1,0,1,29,76,36,9,150,0,0,0,150
02/23/2013,FSD,SD,AGL,CE,Combined TRACON& Tower with Radar,15,43,8,3,69,0,1,32,0,33,15,44,40,3,102,54,0,54,156
02/24/2013,FSD,SD,AGL,CE,Combined TRACON& Tower with Radar,16,42,27,0,85,0,0,0,0,0,16,42,27,0,85,0,0,0,85
02/25/2013,FSD,SD,AGL,CE,Combined TRACON& Tower with Radar,22,74,43,0,139,0,0,2,0,2,22,74,45,0,141,0,0,0,141
02/26/2013,FSD,SD,AGL,CE,Combined TRACON& Tower with Radar,24,79,27,2,132,0,0,0,0,0,24,79,27,2,132,0,0,0,132
02/27/2013,FSD,SD,AGL,CE,Combined TRACON& Tower with Radar,24,83,55,0,162,0,9,18,0,27,24,92,73,0,189,50,0,50,239
02/28/2013,FSD,SD,AGL,CE,Combined TRACON& Tower with Radar,28,84,37,0,149,0,0,3,0,3,28,84,40,0,152,0,0,0,152
03/01/2013,FSD,SD,AGL,CE,Combined TRACON& Tower with Radar,22,95,31,0,148,0,1,12,0,13,22,96,43,0,161,20,0,20,181
03/02/2013,FSD,SD,AGL,CE,Combined TRACON& Tower with Radar,19,53,24,0,96,0,1,32,0,33,19,54,56,0,129,24,0,24,153
03/03/2013,FSD,SD,AGL,CE,Combined TRACON& Tower with Radar,20,43,13,0,76,0,0,20,0,20,20,43,33,0,96,22,0,22,118
03/04/2013,FSD,SD,AGL,CE,Combined TRACON& Tower with Radar,20,69,22,0,111,0,0,1,0,1,20,69,23,0,112,0,0,0,112
03/05/2013,FSD,SD,AGL,CE,Combined TRACON& Tower with Radar,21,77,41,0,139,0,0,2,0,2,21,77,43,0,141,0,0,0,141
03/06/2013,FSD,SD,AGL,CE,Combined TRACON& Tower with Radar,22,87,57,7,173,0,0,3,0,3,22,87,60,7,176,32,0,32,208
03/07/2013,FSD,SD,AGL,CE,Combined TRACON& Tower with Radar,27,83,47,0,157,0,1,20,0,21,27,84,67,0,178,2,0,2,180
03/08/2013,FSD,SD,AGL,CE,Combined TRACON& Tower with Radar,26,78,55,4,163,0,0,32,2,34,26,78,87,6,197,0,4,4,201
03/09/2013,FSD,SD,AGL,CE,Combined TRACON& Tower with Radar,19,50,8,0,77,0,0,0,0,0,19,50,8,0,77,0,0,0,77
03/10/2013,FSD,SD,AGL,CE,Combined TRACON& Tower with Radar,18,48,9,0,75,0,0,0,0,0,18,48,9,0,75,0,0,0,75
03/11/2013,FSD,SD,AGL,CE,Combined TRACON& Tower with Radar,18,67,59,0,144,0,0,21,0,21,18,67,80,0,165,34,0,34,199
03/12/2013,FSD,SD,AGL,CE,Combined TRACON& Tower with Radar,22,81,60,0,163,0,1,6,0,7,22,82,66,0,170,0,0,0,170
03/13/2013,FSD,SD,AGL,CE,Combined TRACON& Tower with Radar,19,67,53,1,140,0,3,27,0,30,19,70,80,1,170,16,8,24,194
03/14/2013,FSD,SD,AGL,CE,Combined TRACON& Tower with Radar,25,85,47,10,167,0,4,38,2,44,25,89,85,12,211,38,34,72,283
03/15/2013,FSD,SD,AGL,CE,Combined TRACON& Tower with Radar,23,92,31,5,151,0,0,8,0,8,23,92,39,5,159,22,0,22,181
03/16/2013,FSD,SD,AGL,CE,Combined TRACON& Tower with Radar,22,52,12,11,97,0,4,15,3,22,22,56,27,14,119,28,2,30,149
03/17/2013,FSD,SD,AGL,CE,Combined TRACON& Tower with Radar,21,40,11,3,75,0,0,4,0,4,21,40,15,3,79,24,0,24,103
03/18/2013,FSD,SD,AGL,CE,Combined TRACON& Tower with Radar,18,74,49,0,141,0,1,1,0,2,18,75,50,0,143,0,0,0,143
03/19/2013,FSD,SD,AGL,CE,Combined TRACON& Tower with Radar,26,82,62,2,172,0,4,24,0,28,26,86,86,2,200,6,0,6,206
03/20/2013,FSD,SD,AGL,CE,Combined TRACON& Tower with Radar,22,81,72,8,183,0,6,58,0,64,22,87,130,8,247,90,4,94,341
03/21/2013,FSD,SD,AGL,CE,Combined TRACON& Tower with Radar,27,81,49,2,159,0,2,36,0,38,27,83,85,2,197,62,0,62,259
03/22/2013,FSD,SD,AGL,CE,Combined TRACON& Tower with Radar,21,81,40,4,146,0,0,24,0,24,21,81,64,4,170,14,10,24,194
03/23/2013,FSD,SD,AGL,CE,Combined TRACON& Tower with Radar,21,43,31,10,105,0,0,21,0,21,21,43,52,10,126,32,0,32,158
03/24/2013,FSD,SD,AGL,CE,Combined TRACON& Tower with Radar,21,35,16,0,72,0,0,1,0,1,21,35,17,0,73,0,0,0,73
03/25/2013,FSD,SD,AGL,CE,Combined TRACON& Tower with Radar,15,75,42,2,134,0,2,12,0,14,15,77,54,2,148,0,0,0,148
03/26/2013,FSD,SD,AGL,CE,Combined TRACON& Tower with Radar,22,86,53,0,161,0,15,35,0,50,22,101,88,0,211,32,0,32,243
03/27/2013,FSD,SD,AGL,CE,Combined TRACON& Tower with Radar,24,83,44,3,154,0,9,30,0,39,24,92,74,3,193,16,0,16,209
03/28/2013,FSD,SD,AGL,CE,Combined TRACON& Tower with Radar,25,81,81,0,187,0,0,53,0,53,25,81,134,0,240,32,0,32,272
03/29/2013,FSD,SD,AGL,CE,Combined TRACON& Tower with Radar,21,86,34,4,145,0,1,25,0,26,21,87,59,4,171,14,2,16,187
03/30/2013,FSD,SD,AGL,CE,Combined TRACON& Tower with Radar,18,52,11,0,81,0,2,10,0,12,18,54,21,0,93,18,0,18,111
03/31/2013,FSD,SD,AGL,CE,Combined TRACON& Tower with Radar,21,40,12,0,73,0,0,3,0,3,21,40,15,0,76,0,0,0,76
04/01/2013,FSD,SD,AGL,CE,Combined TRACON& Tower with Radar,17,62,29,3,111,0,3,15,0,18,17,65,44,3,129,10,4,14,143
04/02/2013,FSD,SD,AGL,CE,Combined TRACON& Tower with Radar,22,84,38,15,159,0,1,20,0,21,22,85,58,15,180,18,34,52,232
04/03/2013,FSD,SD,AGL,CE,Combined TRACON& Tower with Radar,24,77,52,18,171,0,4,17,0,21,24,81,69,18,192,14,52,66,258
04/04/2013,FSD,SD,AGL,CE,Combined TRACON& Tower with Radar,27,80,41,28,176,0,3,41,8,52,27,83,82,36,228,30,44,74,302
04/05/2013,FSD,SD,AGL,CE,Combined TRACON& Tower with Radar,23,83,30,0,136,0,1,26,0,27,23,84,56,0,163,16,0,16,179
04/06/2013,FSD,SD,AGL,CE,Combined TRACON& Tower with Radar,16,48,9,16,89,0,1,17,0,18,16,49,26,16,107,4,38,42,149
04/07/2013,FSD,SD,AGL,CE,Combined TRACON& Tower with Radar,20,47,8,9,84,0,1,5,0,6,20,48,13,9,90,0,18,18,108
04/08/2013,FSD,SD,AGL,CE,Combined TRACON& Tower with Radar,18,71,41,0,130,0,0,1,0,1,18,71,42,0,131,0,0,0,131
04/09/2013,FSD,SD,AGL,CE,Combined TRACON& Tower with Radar,14,26,9,0,49,0,0,0,0,0,14,26,9,0,49,0,0,0,49
04/10/2013,FSD,SD,AGL,CE,Combined TRACON& Tower with Radar,17,32,8,0,57,0,0,0,0,0,17,32,8,0,57,0,0,0,57
04/11/2013,FSD,SD,AGL,CE,Combined TRACON& Tower with Radar,17,91,21,0,129,0,0,0,0,0,17,91,21,0,129,0,0,0,129
04/12/2013,FSD,SD,AGL,CE,Combined TRACON& Tower with Radar,21,86,22,22,151,0,0,0,1,1,21,86,22,23,152,0,4,4,156
04/13/2013,FSD,SD,AGL,CE,Combined TRACON& Tower with Radar,15,38,13,0,66,0,2,21,0,23,15,40,34,0,89,8,0,8,97
04/14/2013,FSD,SD,AGL,CE,Combined TRACON& Tower with Radar,15,48,12,0,75,0,0,0,0,0,15,48,12,0,75,0,0,0,75
04/15/2013,FSD,SD,AGL,CE,Combined TRACON& Tower with Radar,15,76,72,1,164,0,1,8,1,10,15,77,80,2,174,24,0,24,198
04/16/2013,FSD,SD,AGL,CE,Combined TRACON& Tower with Radar,17,74,67,23,181,0,4,48,3,55,17,78,115,26,236,74,20,94,330
04/17/2013,FSD,SD,AGL,CE,Combined TRACON& Tower with Radar,23,88,42,0,153,0,1,1,0,2,23,89,43,0,155,0,0,0,155
04/18/2013,FSD,SD,AGL,CE,Combined TRACON& Tower with Radar,19,73,32,0,124,0,0,1,0,1,19,73,33,0,125,0,0,0,125
04/19/2013,FSD,SD,AGL,CE,Combined TRACON& Tower with Radar,23,90,34,4,151,0,5,19,0,24,23,95,53,4,175,4,8,12,187
04/20/2013,FSD,SD,AGL,CE,Combined TRACON& Tower with Radar,15,40,9,0,64,0,1,26,0,27,15,41,35,0,91,22,0,22,113
04/21/2013,FSD,SD,AGL,CE,Combined TRACON& Tower with Radar,17,48,11,2,78,0,1,3,2,6,17,49,14,4,84,0,0,0,84
04/22/2013,FSD,SD,AGL,CE,Combined TRACON& Tower with Radar,15,81,37,0,133,0,1,0,0,1,15,82,37,0,134,0,0,0,134
04/23/2013,FSD,SD,AGL,CE,Combined TRACON& Tower with Radar,19,93,40,18,170,0,12,14,0,26,19,105,54,18,196,22,26,48,244
04/24/2013,FSD,SD,AGL,CE,Combined TRACON& Tower with Radar,19,86,45,19,169,0,10,12,3,25,19,96,57,22,194,26,18,44,238
04/25/2013,FSD,SD,AGL,CE,Combined TRACON& Tower with Radar,22,87,76,10,195,0,11,48,3,62,22,98,124,13,257,18,10,28,285
04/26/2013,FSD,SD,AGL,CE,Combined TRACON& Tower with Radar,20,97,39,2,158,0,1,46,0,47,20,98,85,2,205,20,4,24,229
04/27/2013,FSD,SD,AGL,CE,Combined TRACON& Tower with Radar,14,51,19,0,84,0,0,66,0,66,14,51,85,0,150,76,0,76,226
04/28/2013,FSD,SD,AGL,CE,Combined TRACON& Tower with Radar,15,47,13,2,77,0,1,35,0,36,15,48,48,2,113,48,0,48,161
04/29/2013,FSD,SD,AGL,CE,Combined TRACON& Tower with Radar,17,77,40,0,134,0,4,26,1,31,17,81,66,1,165,36,0,36,201
04/30/2013,FSD,SD,AGL,CE,Combined TRACON& Tower with Radar,19,86,35,14,154,0,2,31,0,33,19,88,66,14,187,52,32,84,271
05/01/2013,FSD,SD,AGL,CE,Combined TRACON& Tower with Radar,22,77,52,9,160,0,0,9,0,9,22,77,61,9,169,0,10,10,179
05/02/2013,FSD,SD,AGL,CE,Combined TRACON& Tower with Radar,22,83,41,29,175,0,3,29,5,37,22,86,70,34,212,0,0,0,212
05/03/2013,FSD,SD,AGL,CE,Combined TRACON& Tower with Radar,23,80,27,0,130,0,5,18,0,23,23,85,45,0,153,8,0,8,161
05/04/2013,FSD,SD,AGL,CE,Combined TRACON& Tower with Radar,15,52,19,7,93,0,0,1,0,1,15,52,20,7,94,0,0,0,94
05/05/2013,FSD,SD,AGL,CE,Combined TRACON& Tower with Radar,16,50,24,2,92,0,0,0,0,0,16,50,24,2,92,0,0,0,92
05/06/2013,FSD,SD,AGL,CE,Combined TRACON& Tower with Radar,18,70,46,2,136,0,1,10,0,11,18,71,56,2,147,16,0,16,163
05/07/2013,FSD,SD,AGL,CE,Combined TRACON& Tower with Radar,21,88,47,19,175,0,3,31,0,34,21,91,78,19,209,4,28,32,241
05/08/2013,FSD,SD,AGL,CE,Combined TRACON& Tower with Radar,22,97,58,5,182,0,1,0,1,2,22,98,58,6,184,0,12,12,196
05/09/2013,FSD,SD,AGL,CE,Combined TRACON& Tower with Radar,23,100,60,23,206,0,1,3,1,5,23,101,63,24,211,0,12,12,223
05/10/2013,FSD,SD,AGL,CE,Combined TRACON& Tower with Radar,24,98,41,15,178,0,3,35,0,38,24,101,76,15,216,38,44,82,298
05/11/2013,FSD,SD,AGL,CE,Combined TRACON& Tower with Radar,13,47,25,0,85,0,2,18,0,20,13,49,43,0,105,42,22,64,169
05/12/2013,FSD,SD,AGL,CE,Combined TRACON& Tower with Radar,16,43,14,1,74,0,0,35,0,35,16,43,49,1,109,28,0,28,137
05/13/2013,FSD,SD,AGL,CE,Combined TRACON& Tower with Radar,18,72,50,5,145,0,3,26,4,33,18,75,76,9,178,18,20,38,216
05/14/2013,FSD,SD,AGL,CE,Combined TRACON& Tower with Radar,22,78,45,25,170,0,2,20,0,22,22,80,65,25,192,16,12,28,220
05/15/2013,FSD,SD,AGL,CE,Combined TRACON& Tower with Radar,22,76,68,14,180,0,4,30,0,34,22,80,98,14,214,16,34,50,264
05/16/2013,FSD,SD,AGL,CE,Combined TRACON& Tower with Radar,23,97,42,20,182,0,2,15,0,17,23,99,57,20,199,22,28,50,249
05/17/2013,FSD,SD,AGL,CE,Combined TRACON& Tower with Radar,24,87,42,12,165,0,6,19,0,25,24,93,61,12,190,6,20,26,216
05/18/2013,FSD,SD,AGL,CE,Combined TRACON& Tower with Radar,14,59,8,4,85,0,1,18,0,19,14,60,26,4,104,16,4,20,124
05/19/2013,FSD,SD,AGL,CE,Combined TRACON& Tower with Radar,22,49,21,0,92,0,0,4,0,4,22,49,25,0,96,18,0,18,114
05/20/2013,FSD,SD,AGL,CE,Combined TRACON& Tower with Radar,17,61,58,27,163,0,1,6,6,13,17,62,64,33,176,0,36,36,212
05/21/2013,FSD,SD,AGL,CE,Combined TRACON& Tower with Radar,22,84,75,16,197,0,0,2,0,2,22,84,77,16,199,6,0,6,205
05/22/2013,FSD,SD,AGL,CE,Combined TRACON& Tower with Radar,22,82,54,15,173,0,0,1,0,1,22,82,55,15,174,0,0,0,174
05/23/2013,FSD,SD,AGL,CE,Combined TRACON& Tower with Radar,23,84,57,16,180,0,6,56,5,67,23,90,113,21,247,60,14,74,321
05/24/2013,FSD,SD,AGL,CE,Combined TRACON& Tower with Radar,24,92,32,1,149,0,6,19,0,25,24,98,51,1,174,8,0,8,182
05/25/2013,FSD,SD,AGL,CE,Combined TRACON& Tower with Radar,15,46,27,0,88,0,5,17,0,22,15,51,44,0,110,0,0,0,110
05/26/2013,FSD,SD,AGL,CE,Combined TRACON& Tower with Radar,14,32,9,0,55,0,0,0,0,0,14,32,9,0,55,0,0,0,55
05/27/2013,FSD,SD,AGL,CE,Combined TRACON& Tower with Radar,14,47,40,0,101,0,0,1,0,1,14,47,41,0,102,0,0,0,102
05/28/2013,FSD,SD,AGL,CE,Combined TRACON& Tower with Radar,15,80,45,0,140,0,4,9,0,13,15,84,54,0,153,12,0,12,165
05/29/2013,FSD,SD,AGL,CE,Combined TRACON& Tower with Radar,26,81,52,16,175,0,1,8,0,9,26,82,60,16,184,20,0,20,204
05/30/2013,FSD,SD,AGL,CE,Combined TRACON& Tower with Radar,23,97,40,19,179,0,4,8,1,13,23,101,48,20,192,0,0,0,192
05/31/2013,FSD,SD,AGL,CE,Combined TRACON& Tower with Radar,24,84,26,15,149,0,2,4,0,6,24,86,30,15,155,2,18,20,175
06/01/2013,FSD,SD,AGL,CE,Combined TRACON& Tower with Radar,13,44,19,0,76,0,1,0,0,1,13,45,19,0,77,0,0,0,77
06/02/2013,FSD,SD,AGL,CE,Combined TRACON& Tower with Radar,18,42,15,0,75,0,2,49,0,51,18,44,64,0,126,36,0,36,162
06/03/2013,FSD,SD,AGL,CE,Combined TRACON& Tower with Radar,18,70,42,0,130,0,11,24,0,35,18,81,66,0,165,0,0,0,165
06/04/2013,FSD,SD,AGL,CE,Combined TRACON& Tower with Radar,20,77,39,13,149,0,2,4,1,7,20,79,43,14,156,2,0,2,158
06/05/2013,FSD,SD,AGL,CE,Combined TRACON& Tower with Radar,21,97,47,18,183,0,6,10,0,16,21,103,57,18,199,8,46,54,253
06/06/2013,FSD,SD,AGL,CE,Combined TRACON& Tower with Radar,20,86,52,0,158,0,5,19,0,24,20,91,71,0,182,2,0,2,184
06/07/2013,FSD,SD,AGL,CE,Combined TRACON& Tower with Radar,21,94,41,0,156,0,12,29,0,41,21,106,70,0,197,40,2,42,239
06/08/2013,FSD,SD,AGL,CE,Combined TRACON& Tower with Radar,14,54,11,40,119,0,0,1,0,1,14,54,12,40,120,0,0,0,120
06/09/2013,FSD,SD,AGL,CE,Combined TRACON& Tower with Radar,14,50,29,49,142,0,0,1,0,1,14,50,30,49,143,0,0,0,143
06/10/2013,FSD,SD,AGL,CE,Combined TRACON& Tower with Radar,14,76,63,1,154,0,6,38,0,44,14,82,101,1,198,26,0,26,224
06/11/2013,FSD,SD,AGL,CE,Combined TRACON& Tower with Radar,18,89,63,18,188,0,3,24,0,27,18,92,87,18,215,6,32,38,253
06/12/2013,FSD,SD,AGL,CE,Combined TRACON& Tower with Radar,20,95,72,14,201,0,7,9,0,16,20,102,81,14,217,0,14,14,231
06/13/2013,FSD,SD,AGL,CE,Combined TRACON& Tower with Radar,20,96,81,20,217,0,8,42,0,50,20,104,123,20,267,30,0,30,297
06/14/2013,FSD,SD,AGL,CE,Combined TRACON& Tower with Radar,21,92,34,15,162,0,7,5,0,12,21,99,39,15,174,0,0,0,174
06/15/2013,FSD,SD,AGL,CE,Combined TRACON& Tower with Radar,16,57,25,0,98,0,8,19,0,27,16,65,44,0,125,6,0,6,131
06/16/2013,FSD,SD,AGL,CE,Combined TRACON& Tower with Radar,16,46,20,0,82,0,0,33,0,33,16,46,53,0,115,20,0,20,135
06/17/2013,FSD,SD,AGL,CE,Combined TRACON& Tower with Radar,17,76,54,2,149,0,6,28,0,34,17,82,82,2,183,2,0,2,185
06/18/2013,FSD,SD,AGL,CE,Combined TRACON& Tower with Radar,15,92,63,16,186,0,4,28,0,32,15,96,91,16,218,26,28,54,272
06/19/2013,FSD,SD,AGL,CE,Combined TRACON& Tower with Radar,20,102,67,15,204,0,9,33,0,42,20,111,100,15,246,22,30,52,298
06/20/2013,FSD,SD,AGL,CE,Combined TRACON& Tower with Radar,24,100,59,8,191,0,6,15,0,21,24,106,74,8,212,6,6,12,224
06/21/2013,FSD,SD,AGL,CE,Combined TRACON& Tower with Radar,25,87,43,13,168,0,3,28,0,31,25,90,71,13,199,8,10,18,217
06/22/2013,FSD,SD,AGL,CE,Combined TRACON& Tower with Radar,17,60,14,0,91,0,2,11,0,13,17,62,25,0,104,4,0,4,108
06/23/2013,FSD,SD,AGL,CE,Combined TRACON& Tower with Radar,18,48,19,0,85,0,0,8,0,8,18,48,27,0,93,32,0,32,125
06/24/2013,FSD,SD,AGL,CE,Combined TRACON& Tower with Radar,14,65,57,0,136,0,2,17,0,19,14,67,74,0,155,34,0,34,189
06/25/2013,FSD,SD,AGL,CE,Combined TRACON& Tower with Radar,17,87,57,14,175,0,7,21,2,30,17,94,78,16,205,4,22,26,231
06/26/2013,FSD,SD,AGL,CE,Combined TRACON& Tower with Radar,20,88,39,19,166,0,1,22,1,24,20,89,61,20,190,26,32,58,248
06/27/2013,FSD,SD,AGL,CE,Combined TRACON& Tower with Radar,22,99,62,17,200,0,6,26,0,32,22,105,88,17,232,16,6,22,254
06/28/2013,FSD,SD,AGL,CE,Combined TRACON& Tower with Radar,22,91,27,20,160,0,2,20,1,23,22,93,47,21,183,26,34,60,243
06/29/2013,FSD,SD,AGL,CE,Combined TRACON& Tower with Radar,17,49,13,0,79,0,0,22,0,22,17,49,35,0,101,32,0,32,133
06/30/2013,FSD,SD,AGL,CE,Combined TRACON& Tower with Radar,13,45,14,0,72,0,1,22,0,23,13,46,36,0,95,26,0,26,121
07/01/2013,FSD,SD,AGL,CE,Combined TRACON& Tower with Radar,14,74,52,8,148,0,1,29,0,30,14,75,81,8,178,6,6,12,190
07/02/2013,FSD,SD,AGL,CE,Combined TRACON& Tower with Radar,23,93,39,15,170,0,0,34,0,34,23,93,73,15,204,36,28,64,268
07/03/2013,FSD,SD,AGL,CE,Combined TRACON& Tower with Radar,24,100,32,2,158,0,2,22,0,24,24,102,54,2,182,8,0,8,190
07/04/2013,FSD,SD,AGL,CE,Combined TRACON& Tower with Radar,15,29,7,0,51,0,3,14,0,17,15,32,21,0,68,10,0,10,78
07/05/2013,FSD,SD,AGL,CE,Combined TRACON& Tower with Radar,21,73,13,0,107,0,0,21,0,21,21,73,34,0,128,10,0,10,138
07/06/2013,FSD,SD,AGL,CE,Combined TRACON& Tower with Radar,17,58,11,0,86,0,1,13,0,14,17,59,24,0,100,6,0,6,106
07/07/2013,FSD,SD,AGL,CE,Combined TRACON& Tower with Radar,17,49,20,0,86,0,0,11,0,11,17,49,31,0,97,22,0,22,119
07/08/2013,FSD,SD,AGL,CE,Combined TRACON& Tower with Radar,18,75,51,0,144,0,2,17,0,19,18,77,68,0,163,0,0,0,163
07/09/2013,FSD,SD,AGL,CE,Combined TRACON& Tower with Radar,22,94,47,11,174,0,0,24,0,24,22,94,71,11,198,28,0,28,226
07/10/2013,FSD,SD,AGL,CE,Combined TRACON& Tower with Radar,20,102,53,14,189,0,6,32,6,44,20,108,85,20,233,46,12,58,291
07/11/2013,FSD,SD,AGL,CE,Combined TRACON& Tower with Radar,23,91,57,9,180,0,0,19,0,19,23,91,76,9,199,34,20,54,253
07/12/2013,FSD,SD,AGL,CE,Combined TRACON& Tower with Radar,25,93,24,4,146,0,5,12,0,17,25,98,36,4,163,18,8,26,189
07/13/2013,FSD,SD,AGL,CE,Combined TRACON& Tower with Radar,29,56,26,9,120,0,2,28,0,30,29,58,54,9,150,12,0,12,162
07/14/2013,FSD,SD,AGL,CE,Combined TRACON& Tower with Radar,16,50,22,2,90,0,0,13,0,13,16,50,35,2,103,10,0,10,113
07/15/2013,FSD,SD,AGL,CE,Combined TRACON& Tower with Radar,18,88,35,7,148,0,0,30,0,30,18,88,65,7,178,8,0,8,186
07/16/2013,FSD,SD,AGL,CE,Combined TRACON& Tower with Radar,20,81,43,6,150,0,0,31,0,31,20,81,74,6,181,14,6,20,201
07/17/2013,FSD,SD,AGL,CE,Combined TRACON& Tower with Radar,22,103,55,30,210,0,3,26,0,29,22,106,81,30,239,10,32,42,281
07/18/2013,FSD,SD,AGL,CE,Combined TRACON& Tower with Radar,23,86,43,15,167,0,1,34,1,36,23,87,77,16,203,10,32,42,245
07/19/2013,FSD,SD,AGL,CE,Combined TRACON& Tower with Radar,25,98,39,3,165,0,0,46,0,46,25,98,85,3,211,8,2,10,221
07/20/2013,FSD,SD,AGL,CE,Combined TRACON& Tower with Radar,15,51,17,4,87,0,0,6,0,6,15,51,23,4,93,2,0,2,95
07/21/2013,FSD,SD,AGL,CE,Combined TRACON& Tower with Radar,17,51,19,1,88,0,0,22,0,22,17,51,41,1,110,38,0,38,148
07/22/2013,FSD,SD,AGL,CE,Combined TRACON& Tower with Radar,18,78,51,0,147,0,0,22,0,22,18,78,73,0,169,20,0,20,189
07/23/2013,FSD,SD,AGL,CE,Combined TRACON& Tower with Radar,18,95,52,6,171,0,6,24,1,31,18,101,76,7,202,34,4,38,240
07/24/2013,FSD,SD,AGL,CE,Combined TRACON& Tower with Radar,21,93,62,0,176,0,1,28,2,31,21,94,90,2,207,44,0,44,251
07/25/2013,FSD,SD,AGL,CE,Combined TRACON& Tower with Radar,25,92,47,7,171,0,1,38,2,41,25,93,85,9,212,14,0,14,226
07/26/2013,FSD,SD,AGL,CE,Combined TRACON& Tower with Radar,25,89,38,4,156,0,0,15,2,17,25,89,53,6,173,0,4,4,177
07/27/2013,FSD,SD,AGL,CE,Combined TRACON& Tower with Radar,17,59,13,0,89,0,1,32,0,33,17,60,45,0,122,6,0,6,128
07/28/2013,FSD,SD,AGL,CE,Combined TRACON& Tower with Radar,16,47,30,0,93,0,2,29,0,31,16,49,59,0,124,0,0,0,124
07/29/2013,FSD,SD,AGL,CE,Combined TRACON& Tower with Radar,18,74,44,0,136,0,0,18,0,18,18,74,62,0,154,0,0,0,154
07/30/2013,FSD,SD,AGL,CE,Combined TRACON& Tower with Radar,20,109,58,10,197,0,6,12,0,18,20,115,70,10,215,20,0,20,235
07/31/2013,FSD,SD,AGL,CE,Combined TRACON& Tower with Radar,22,99,52,6,179,0,0,30,0,30,22,99,82,6,209,20,4,24,233
08/01/2013,FSD,SD,AGL,CE,Combined TRACON& Tower with Radar,22,100,47,12,181,0,1,31,1,33,22,101,78,13,214,20,14,34,248
08/02/2013,FSD,SD,AGL,CE,Combined TRACON& Tower with Radar,25,89,28,7,149,0,2,13,0,15,25,91,41,7,164,10,0,10,174
08/03/2013,FSD,SD,AGL,CE,Combined TRACON& Tower with Radar,14,51,20,9,94,0,4,20,0,24,14,55,40,9,118,4,16,20,138
08/04/2013,FSD,SD,AGL,CE,Combined TRACON& Tower with Radar,16,50,22,7,95,0,0,26,0,26,16,50,48,7,121,10,0,10,131
08/05/2013,FSD,SD,AGL,CE,Combined TRACON& Tower with Radar,16,87,45,6,154,0,1,17,0,18,16,88,62,6,172,16,4,20,192
08/06/2013,FSD,SD,AGL,CE,Combined TRACON& Tower with Radar,27,98,57,2,184,0,1,14,0,15,27,99,71,2,199,32,0,32,231
08/07/2013,FSD,SD,AGL,CE,Combined TRACON& Tower with Radar,18,94,52,11,175,0,1,17,0,18,18,95,69,11,193,26,12,38,231
08/08/2013,FSD,SD,AGL,CE,Combined TRACON& Tower with Radar,23,103,39,6,171,0,0,17,0,17,23,103,56,6,188,0,4,4,192
08/09/2013,FSD,SD,AGL,CE,Combined TRACON& Tower with Radar,22,93,16,2,133,0,0,37,0,37,22,93,53,2,170,26,10,36,206
08/10/2013,FSD,SD,AGL,CE,Combined TRACON& Tower with Radar,14,46,9,0,69,0,0,15,0,15,14,46,24,0,84,6,0,6,90
08/11/2013,FSD,SD,AGL,CE,Combined TRACON& Tower with Radar,17,46,18,0,81,0,0,20,0,20,17,46,38,0,101,10,0,10,111
08/12/2013,FSD,SD,AGL,CE,Combined TRACON& Tower with Radar,18,87,70,4,179,0,0,48,5,53,18,87,118,9,232,32,0,32,264
08/13/2013,FSD,SD,AGL,CE,Combined TRACON& Tower with Radar,16,93,46,9,164,0,10,30,1,41,16,103,76,10,205,22,4,26,231
08/14/2013,FSD,SD,AGL,CE,Combined TRACON& Tower with Radar,18,106,67,11,202,0,10,29,0,39,18,116,96,11,241,42,16,58,299
08/15/2013,FSD,SD,AGL,CE,Combined TRACON& Tower with Radar,20,104,59,14,197,0,3,5,0,8,20,107,64,14,205,0,0,0,205
08/16/2013,FSD,SD,AGL,CE,Combined TRACON& Tower with Radar,16,100,52,5,173,0,0,16,0,16,16,100,68,5,189,0,0,0,189
08/17/2013,FSD,SD,AGL,CE,Combined TRACON& Tower with Radar,11,57,11,0,79,0,0,28,0,28,11,57,39,0,107,24,0,24,131
08/18/2013,FSD,SD,AGL,CE,Combined TRACON& Tower with Radar,14,45,18,1,78,0,0,6,0,6,14,45,24,1,84,0,0,0,84
08/19/2013,FSD,SD,AGL,CE,Combined TRACON& Tower with Radar,11,76,45,6,138,0,0,17,0,17,11,76,62,6,155,42,0,42,197
08/20/2013,FSD,SD,AGL,CE,Combined TRACON& Tower with Radar,16,102,52,23,193,0,5,19,0,24,16,107,71,23,217,8,28,36,253
08/21/2013,FSD,SD,AGL,CE,Combined TRACON& Tower with Radar,16,100,66,7,189,0,0,12,0,12,16,100,78,7,201,18,0,18,219
08/22/2013,FSD,SD,AGL,CE,Combined TRACON& Tower with Radar,22,93,70,9,194,0,3,24,2,29,22,96,94,11,223,26,18,44,267
08/23/2013,FSD,SD,AGL,CE,Combined TRACON& Tower with Radar,18,91,55,12,176,0,3,35,0,38,18,94,90,12,214,4,2,6,220
08/24/2013,FSD,SD,AGL,CE,Combined TRACON& Tower with Radar,11,45,10,2,68,0,3,1,0,4,11,48,11,2,72,2,0,2,74
08/25/2013,FSD,SD,AGL,CE,Combined TRACON& Tower with Radar,13,45,9,1,68,0,0,9,0,9,13,45,18,1,77,20,0,20,97
08/26/2013,FSD,SD,AGL,CE,Combined TRACON& Tower with Radar,8,55,24,2,89,0,3,8,0,11,8,58,32,2,100,0,0,0,100
08/27/2013,FSD,SD,AGL,CE,Combined TRACON& Tower with Radar,16,96,42,19,173,0,7,23,0,30,16,103,65,19,203,26,28,54,257
08/28/2013,FSD,SD,AGL,CE,Combined TRACON& Tower with Radar,16,97,52,2,167,0,4,24,0,28,16,101,76,2,195,14,4,18,213
08/29/2013,FSD,SD,AGL,CE,Combined TRACON& Tower with Radar,19,112,52,4,187,0,5,31,0,36,19,117,83,4,223,18,4,22,245
08/30/2013,FSD,SD,AGL,CE,Combined TRACON& Tower with Radar,19,97,35,2,153,0,3,11,0,14,19,100,46,2,167,8,0,8,175
08/31/2013,FSD,SD,AGL,CE,Combined TRACON& Tower with Radar,13,47,21,0,81,0,4,12,0,16,13,51,33,0,97,0,0,0,97
09/01/2013,FSD,SD,AGL,CE,Combined TRACON& Tower with Radar,11,36,12,0,59,0,0,17,0,17,11,36,29,0,76,4,0,4,80
09/02/2013,FSD,SD,AGL,CE,Combined TRACON& Tower with Radar,7,50,16,0,73,0,5,22,0,27,7,55,38,0,100,24,0,24,124
09/03/2013,FSD,SD,AGL,CE,Combined TRACON& Tower with Radar,11,88,41,0,140,0,11,12,0,23,11,99,53,0,163,18,0,18,181
09/04/2013,FSD,SD,AGL,CE,Combined TRACON& Tower with Radar,17,97,65,13,192,0,4,37,1,42,17,101,102,14,234,26,18,44,278
09/05/2013,FSD,SD,AGL,CE,Combined TRACON& Tower with Radar,20,104,73,4,201,0,2,27,0,29,20,106,100,4,230,12,0,12,242
09/06/2013,FSD,SD,AGL,CE,Combined TRACON& Tower with Radar,18,101,44,19,182,0,2,28,5,35,18,103,72,24,217,62,20,82,299
09/07/2013,FSD,SD,AGL,CE,Combined TRACON& Tower with Radar,12,40,15,12,79,0,5,17,2,24,12,45,32,14,103,0,0,0,103
09/08/2013,FSD,SD,AGL,CE,Combined TRACON& Tower with Radar,13,50,21,4,88,0,0,19,0,19,13,50,40,4,107,20,24,44,151
09/09/2013,FSD,SD,AGL,CE,Combined TRACON& Tower with Radar,11,81,58,0,150,0,0,20,0,20,11,81,78,0,170,18,0,18,188
09/10/2013,FSD,SD,AGL,CE,Combined TRACON& Tower with Radar,16,93,46,8,163,0,4,30,0,34,16,97,76,8,197,18,8,26,223
09/11/2013,FSD,SD,AGL,CE,Combined TRACON& Tower with Radar,16,87,54,6,163,0,1,24,3,28,16,88,78,9,191,14,2,16,207
09/12/2013,FSD,SD,AGL,CE,Combined TRACON& Tower with Radar,21,98,52,10,181,0,3,34,1,38,21,101,86,11,219,36,10,46,265
09/13/2013,FSD,SD,AGL,CE,Combined TRACON& Tower with Radar,19,93,47,7,166,0,0,40,0,40,19,93,87,7,206,8,0,8,214
09/14/2013,FSD,SD,AGL,CE,Combined TRACON& Tower with Radar,13,45,16,0,74,0,1,18,0,19,13,46,34,0,93,2,0,2,95
09/15/2013,FSD,SD,AGL,CE,Combined TRACON& Tower with Radar,13,45,33,9,100,0,1,8,0,9,13,46,41,9,109,12,2,14,123
09/16/2013,FSD,SD,AGL,CE,Combined TRACON& Tower with Radar,9,80,59,1,149,0,1,18,0,19,9,81,77,1,168,8,0,8,176
09/17/2013,FSD,SD,AGL,CE,Combined TRACON& Tower with Radar,16,92,64,12,184,0,1,0,0,1,16,93,64,12,185,0,0,0,185
09/18/2013,FSD,SD,AGL,CE,Combined TRACON& Tower with Radar,16,88,80,13,197,0,1,15,0,16,16,89,95,13,213,0,18,18,231
09/19/2013,FSD,SD,AGL,CE,Combined TRACON& Tower with Radar,22,90,62,36,210,0,0,17,1,18,22,90,79,37,228,16,12,28,256
09/20/2013,FSD,SD,AGL,CE,Combined TRACON& Tower with Radar,21,104,42,15,182,0,0,18,0,18,21,104,60,15,200,0,10,10,210
09/21/2013,FSD,SD,AGL,CE,Combined TRACON& Tower with Radar,12,39,33,0,84,0,7,34,0,41,12,46,67,0,125,38,0,38,163
09/22/2013,FSD,SD,AGL,CE,Combined TRACON& Tower with Radar,11,37,33,0,81,0,3,25,0,28,11,40,58,0,109,60,0,60,169
09/23/2013,FSD,SD,AGL,CE,Combined TRACON& Tower with Radar,15,76,69,0,160,0,9,7,0,16,15,85,76,0,176,0,0,0,176
09/24/2013,FSD,SD,AGL,CE,Combined TRACON& Tower with Radar,16,95,45,12,168,0,9,7,1,17,16,104,52,13,185,18,20,38,223
09/25/2013,FSD,SD,AGL,CE,Combined TRACON& Tower with Radar,20,104,64,7,195,0,8,16,0,24,20,112,80,7,219,30,8,38,257
09/26/2013,FSD,SD,AGL,CE,Combined TRACON& Tower with Radar,22,98,65,12,197,0,5,13,3,21,22,103,78,15,218,0,0,0,218
09/27/2013,FSD,SD,AGL,CE,Combined TRACON& Tower with Radar,22,103,33,13,171,0,0,20,0,20,22,103,53,13,191,12,0,12,203
09/28/2013,FSD,SD,AGL,CE,Combined TRACON& Tower with Radar,12,53,32,1,98,0,1,12,0,13,12,54,44,1,111,26,0,26,137
09/29/2013,FSD,SD,AGL,CE,Combined TRACON& Tower with Radar,15,49,22,2,88,0,3,26,0,29,15,52,48,2,117,6,0,6,123
09/30/2013,FSD,SD,AGL,CE,Combined TRACON& Tower with Radar,15,77,53,1,146,0,6,21,0,27,15,83,74,1,173,28,0,28,201
10/01/2013,FSD,SD,AGL,CE,Combined TRACON& Tower with Radar,20,90,49,0,159,0,7,22,0,29,20,97,71,0,188,0,0,0,188
10/02/2013,FSD,SD,AGL,CE,Combined TRACON& Tower with Radar,20,106,58,0,184,0,0,20,0,20,20,106,78,0,204,10,0,10,214
10/03/2013,FSD,SD,AGL,CE,Combined TRACON& Tower with Radar,22,97,77,0,196,0,0,0,0,0,22,97,77,0,196,0,0,0,196
10/04/2013,FSD,SD,AGL,CE,Combined TRACON& Tower with Radar,24,78,40,0,142,0,0,0,0,0,24,78,40,0,142,0,0,0,142
10/05/2013,FSD,SD,AGL,CE,Combined TRACON& Tower with Radar,14,44,13,0,71,0,1,2,0,3,14,45,15,0,74,0,0,0,74
10/06/2013,FSD,SD,AGL,CE,Combined TRACON& Tower with Radar,18,38,17,0,73,0,0,2,0,2,18,38,19,0,75,0,0,0,75
10/07/2013,FSD,SD,AGL,CE,Combined TRACON& Tower with Radar,16,72,66,0,154,0,4,26,0,30,16,76,92,0,184,32,0,32,216
10/08/2013,FSD,SD,AGL,CE,Combined TRACON& Tower with Radar,12,61,52,5,130,0,4,12,0,16,12,65,64,5,146,2,0,2,148
10/09/2013,FSD,SD,AGL,CE,Combined TRACON& Tower with Radar,14,62,32,8,116,0,1,29,0,30,14,63,61,8,146,4,20,24,170
10/10/2013,FSD,SD,AGL,CE,Combined TRACON& Tower with Radar,26,96,53,5,180,0,1,27,0,28,26,97,80,5,208,10,4,14,222
10/11/2013,FSD,SD,AGL,CE,Combined TRACON& Tower with Radar,24,101,33,3,161,0,2,12,0,14,24,103,45,3,175,10,0,10,185
10/12/2013,FSD,SD,AGL,CE,Combined TRACON& Tower with Radar,12,52,17,0,81,0,0,10,0,10,12,52,27,0,91,4,0,4,95
10/13/2013,FSD,SD,AGL,CE,Combined TRACON& Tower with Radar,18,39,28,0,85,0,1,35,0,36,18,40,63,0,121,2,0,2,123
10/14/2013,FSD,SD,AGL,CE,Combined TRACON& Tower with Radar,16,75,46,2,139,0,0,0,0,0,16,75,46,2,139,0,0,0,139
10/15/2013,FSD,SD,AGL,CE,Combined TRACON& Tower with Radar,23,100,44,0,167,0,0,0,0,0,23,100,44,0,167,0,0,0,167
10/16/2013,FSD,SD,AGL,CE,Combined TRACON& Tower with Radar,25,88,56,18,187,0,3,32,1,36,25,91,88,19,223,18,14,32,255
10/17/2013,FSD,SD,AGL,CE,Combined TRACON& Tower with Radar,29,89,64,24,206,0,6,21,0,27,29,95,85,24,233,12,18,30,263
10/18/2013,FSD,SD,AGL,CE,Combined TRACON& Tower with Radar,30,95,61,19,205,0,3,25,1,29,30,98,86,20,234,0,0,0,234
10/19/2013,FSD,SD,AGL,CE,Combined TRACON& Tower with Radar,19,54,16,0,89,0,7,10,0,17,19,61,26,0,106,0,0,0,106
10/20/2013,FSD,SD,AGL,CE,Combined TRACON& Tower with Radar,22,42,37,0,101,0,1,2,0,3,22,43,39,0,104,0,12,12,116
10/21/2013,FSD,SD,AGL,CE,Combined TRACON& Tower with Radar,21,73,58,19,171,0,0,26,0,26,21,73,84,19,197,18,12,30,227
10/22/2013,FSD,SD,AGL,CE,Combined TRACON& Tower with Radar,25,108,69,25,227,0,3,4,0,7,25,111,73,25,234,4,10,14,248
10/23/2013,FSD,SD,AGL,CE,Combined TRACON& Tower with Radar,27,120,56,30,233,0,1,10,0,11,27,121,66,30,244,6,0,6,250
10/24/2013,FSD,SD,AGL,CE,Combined TRACON& Tower with Radar,30,95,77,15,217,0,2,32,0,34,30,97,109,15,251,22,8,30,281
10/25/2013,FSD,SD,AGL,CE,Combined TRACON& Tower with Radar,30,97,54,6,187,0,2,28,0,30,30,99,82,6,217,14,0,14,231
10/26/2013,FSD,SD,AGL,CE,Combined TRACON& Tower with Radar,19,48,8,14,89,0,5,27,0,32,19,53,35,14,121,18,14,32,153
10/27/2013,FSD,SD,AGL,CE,Combined TRACON& Tower with Radar,22,43,34,5,104,0,1,35,0,36,22,44,69,5,140,28,0,28,168
10/28/2013,FSD,SD,AGL,CE,Combined TRACON& Tower with Radar,21,71,83,0,175,0,0,22,0,22,21,71,105,0,197,0,0,0,197
10/29/2013,FSD,SD,AGL,CE,Combined TRACON& Tower with Radar,25,85,62,17,189,0,0,1,0,1,25,85,63,17,190,0,0,0,190
10/30/2013,FSD,SD,AGL,CE,Combined TRACON& Tower with Radar,26,102,39,0,167,0,0,0,0,0,26,102,39,0,167,0,0,0,167
10/31/2013,FSD,SD,AGL,CE,Combined TRACON& Tower with Radar,24,88,36,16,164,0,0,2,0,2,24,88,38,16,166,0,0,0,166
11/01/2013,FSD,SD,AGL,CE,Combined TRACON& Tower with Radar,34,91,44,7,176,0,2,16,0,18,34,93,60,7,194,4,0,4,198
11/02/2013,FSD,SD,AGL,CE,Combined TRACON& Tower with Radar,19,43,26,13,101,0,1,38,1,40,19,44,64,14,141,18,4,22,163
11/03/2013,FSD,SD,AGL,CE,Combined TRACON& Tower with Radar,19,45,15,6,85,0,2,3,1,6,19,47,18,7,91,8,8,16,107
11/04/2013,FSD,SD,AGL,CE,Combined TRACON& Tower with Radar,25,73,69,0,167,0,2,16,0,18,25,75,85,0,185,28,0,28,213
11/05/2013,FSD,SD,AGL,CE,Combined TRACON& Tower with Radar,23,86,49,10,168,0,3,0,0,3,23,89,49,10,171,0,0,0,171
11/06/2013,FSD,SD,AGL,CE,Combined TRACON& Tower with Radar,24,92,72,7,195,0,0,26,0,26,24,92,98,7,221,0,0,0,221
11/07/2013,FSD,SD,AGL,CE,Combined TRACON& Tower with Radar,27,103,60,23,213,0,1,25,1,27,27,104,85,24,240,10,34,44,284
11/08/2013,FSD,SD,AGL,CE,Combined TRACON& Tower with Radar,34,92,56,14,196,0,1,19,0,20,34,93,75,14,216,20,12,32,248
11/09/2013,FSD,SD,AGL,CE,Combined TRACON& Tower with Radar,20,38,19,0,77,0,0,10,0,10,20,38,29,0,87,0,0,0,87
11/10/2013,FSD,SD,AGL,CE,Combined TRACON& Tower with Radar,19,42,28,0,89,0,4,28,0,32,19,46,56,0,121,10,0,10,131
11/11/2013,FSD,SD,AGL,CE,Combined TRACON& Tower with Radar,25,61,41,0,127,0,0,5,0,5,25,61,46,0,132,0,0,0,132
11/12/2013,FSD,SD,AGL,CE,Combined TRACON& Tower with Radar,23,89,62,0,174,0,4,22,1,27,23,93,84,1,201,2,0,2,203
11/13/2013,FSD,SD,AGL,CE,Combined TRACON& Tower with Radar,23,96,36,16,171,0,5,20,0,25,23,101,56,16,196,4,16,20,216
11/14/2013,FSD,SD,AGL,CE,Combined TRACON& Tower with Radar,28,90,48,26,192,0,3,30,0,33,28,93,78,26,225,8,32,40,265
11/15/2013,FSD,SD,AGL,CE,Combined TRACON& Tower with Radar,32,87,42,16,177,0,3,24,0,27,32,90,66,16,204,6,10,16,220
11/16/2013,FSD,SD,AGL,CE,Combined TRACON& Tower with Radar,18,46,45,28,137,0,0,2,1,3,18,46,47,29,140,0,44,44,184
11/17/2013,FSD,SD,AGL,CE,Combined TRACON& Tower with Radar,19,54,22,0,95,0,0,15,0,15,19,54,37,0,110,14,0,14,124
11/18/2013,FSD,SD,AGL,CE,Combined TRACON& Tower with Radar,25,63,58,16,162,0,2,37,0,39,25,65,95,16,201,10,0,10,211
11/19/2013,FSD,SD,AGL,CE,Combined TRACON& Tower with Radar,23,90,51,21,185,0,2,32,0,34,23,92,83,21,219,4,0,4,223
11/20/2013,FSD,SD,AGL,CE,Combined TRACON& Tower with Radar,23,106,75,14,218,0,0,34,1,35,23,106,109,15,253,40,4,44,297
11/21/2013,FSD,SD,AGL,CE,Combined TRACON& Tower with Radar,28,100,60,6,194,0,0,4,0,4,28,100,64,6,198,0,0,0,198
11/22/2013,FSD,SD,AGL,CE,Combined TRACON& Tower with Radar,33,106,49,1,189,0,2,18,0,20,33,108,67,1,209,10,0,10,219
11/23/2013,FSD,SD,AGL,CE,Combined TRACON& Tower with Radar,21,38,9,0,68,0,5,23,0,28,21,43,32,0,96,40,0,40,136
11/24/2013,FSD,SD,AGL,CE,Combined TRACON& Tower with Radar,22,37,16,2,77,0,1,17,0,18,22,38,33,2,95,0,0,0,95
11/25/2013,FSD,SD,AGL,CE,Combined TRACON& Tower with Radar,22,54,44,8,128,0,0,24,0,24,22,54,68,8,152,2,0,2,154
11/26/2013,FSD,SD,AGL,CE,Combined TRACON& Tower with Radar,32,92,42,29,195,0,0,23,0,23,32,92,65,29,218,12,32,44,262
11/27/2013,FSD,SD,AGL,CE,Combined TRACON& Tower with Radar,27,103,18,25,173,0,5,4,0,9,27,108,22,25,182,0,16,16,198
11/28/2013,FSD,SD,AGL,CE,Combined TRACON& Tower with Radar,9,30,2,0,41,0,2,4,0,6,9,32,6,0,47,8,0,8,55
11/29/2013,FSD,SD,AGL,CE,Combined TRACON& Tower with Radar,23,72,13,0,108,0,2,14,0,16,23,74,27,0,124,2,0,2,126
11/30/2013,FSD,SD,AGL,CE,Combined TRACON& Tower with Radar,23,54,20,0,97,0,1,25,0,26,23,55,45,0,123,32,0,32,155
12/01/2013,FSD,SD,AGL,CE,Combined TRACON& Tower with Radar,22,45,24,0,91,0,3,15,0,18,22,48,39,0,109,24,0,24,133
12/02/2013,FSD,SD,AGL,CE,Combined TRACON& Tower with Radar,22,85,65,8,180,0,7,18,1,26,22,92,83,9,206,54,26,80,286
12/03/2013,FSD,SD,AGL,CE,Combined TRACON& Tower with Radar,25,87,40,0,152,0,0,0,0,0,25,87,40,0,152,0,0,0,152
12/04/2013,FSD,SD,AGL,CE,Combined TRACON& Tower with Radar,23,95,33,0,151,0,0,0,0,0,23,95,33,0,151,0,0,0,151
12/05/2013,FSD,SD,AGL,CE,Combined TRACON& Tower with Radar,29,99,67,0,195,0,6,15,1,22,29,105,82,1,217,8,2,10,227
12/06/2013,FSD,SD,AGL,CE,Combined TRACON& Tower with Radar,31,87,45,15,178,0,7,19,5,31,31,94,64,20,209,40,22,62,271
12/07/2013,FSD,SD,AGL,CE,Combined TRACON& Tower with Radar,19,45,22,15,101,0,2,26,0,28,19,47,48,15,129,8,30,38,167
12/08/2013,FSD,SD,AGL,CE,Combined TRACON& Tower with Radar,18,31,16,4,69,0,0,2,0,2,18,31,18,4,71,20,0,20,91
12/09/2013,FSD,SD,AGL,CE,Combined TRACON& Tower with Radar,25,68,53,0,146,0,8,14,0,22,25,76,67,0,168,18,0,18,186
12/10/2013,FSD,SD,AGL,CE,Combined TRACON& Tower with Radar,21,104,56,9,190,0,6,6,0,12,21,110,62,9,202,4,30,34,236
12/11/2013,FSD,SD,AGL,CE,Combined TRACON& Tower with Radar,24,96,32,12,164,0,6,26,0,32,24,102,58,12,196,36,26,62,258
12/12/2013,FSD,SD,AGL,CE,Combined TRACON& Tower with Radar,27,101,65,22,215,0,9,53,0,62,27,110,118,22,277,42,30,72,349
12/13/2013,FSD,SD,AGL,CE,Combined TRACON& Tower with Radar,29,95,44,5,173,0,3,98,0,101,29,98,142,5,274,4,0,4,278
12/14/2013,FSD,SD,AGL,CE,Combined TRACON& Tower with Radar,18,41,23,0,82,0,1,68,0,69,18,42,91,0,151,0,0,0,151
12/15/2013,FSD,SD,AGL,CE,Combined TRACON& Tower with Radar,22,39,11,2,74,0,0,51,0,51,22,39,62,2,125,4,0,4,129
12/16/2013,FSD,SD,AGL,CE,Combined TRACON& Tower with Radar,21,77,66,21,185,0,6,27,2,35,21,83,93,23,220,52,12,64,284
12/17/2013,FSD,SD,AGL,CE,Combined TRACON& Tower with Radar,22,106,60,24,212,0,9,23,1,33,22,115,83,25,245,22,24,46,291
12/18/2013,FSD,SD,AGL,CE,Combined TRACON& Tower with Radar,27,117,54,14,212,0,8,57,0,65,27,125,111,14,277,62,4,66,343
12/19/2013,FSD,SD,AGL,CE,Combined TRACON& Tower with Radar,28,111,64,16,219,0,0,51,0,51,28,111,115,16,270,0,0,0,270
12/20/2013,FSD,SD,AGL,CE,Combined TRACON& Tower with Radar,30,105,26,0,161,0,0,94,0,94,30,105,120,0,255,0,0,0,255
12/21/2013,FSD,SD,AGL,CE,Combined TRACON& Tower with Radar,20,66,32,0,118,0,1,78,0,79,20,67,110,0,197,54,0,54,251
12/22/2013,FSD,SD,AGL,CE,Combined TRACON& Tower with Radar,21,38,14,0,73,0,0,5,0,5,21,38,19,0,78,0,0,0,78
12/23/2013,FSD,SD,AGL,CE,Combined TRACON& Tower with Radar,19,90,29,4,142,0,5,31,1,37,19,95,60,5,179,18,0,18,197
12/24/2013,FSD,SD,AGL,CE,Combined TRACON& Tower with Radar,24,102,4,0,130,0,0,7,0,7,24,102,11,0,137,0,0,0,137
12/25/2013,FSD,SD,AGL,CE,Combined TRACON& Tower with Radar,8,36,4,0,48,0,3,8,0,11,8,39,12,0,59,0,0,0,59
12/26/2013,FSD,SD,AGL,CE,Combined TRACON& Tower with Radar,21,112,25,0,158,0,3,24,0,27,21,115,49,0,185,0,0,0,185
12/27/2013,FSD,SD,AGL,CE,Combined TRACON& Tower with Radar,27,98,28,19,172,0,5,49,0,54,27,103,77,19,226,6,18,24,250
12/28/2013,FSD,SD,AGL,CE,Combined TRACON& Tower with Radar,18,52,11,0,81,0,0,15,0,15,18,52,26,0,96,16,0,16,112
12/29/2013,FSD,SD,AGL,CE,Combined TRACON& Tower with Radar,19,39,10,0,68,0,3,3,1,7,19,42,13,1,75,0,0,0,75
12/30/2013,FSD,SD,AGL,CE,Combined TRACON& Tower with Radar,16,69,11,0,96,0,5,4,0,9,16,74,15,0,105,2,0,2,107
12/31/2013,FSD,SD,AGL,CE,Combined TRACON& Tower with Radar,19,94,15,0,128,0,1,8,0,9,19,95,23,0,137,14,0,14,151
01/01/2014,FSD,SD,AGL,CE,Combined TRACON& Tower with Radar,11,37,9,0,57,0,0,9,0,9,11,37,18,0,66,26,0,26,92
01/02/2014,FSD,SD,AGL,CE,Combined TRACON& Tower with Radar,22,95,22,18,157,0,5,7,0,12,22,100,29,18,169,0,10,10,179
01/03/2014,FSD,SD,AGL,CE,Combined TRACON& Tower with Radar,25,94,20,13,152,0,0,7,0,7,25,94,27,13,159,0,0,0,159
01/04/2014,FSD,SD,AGL,CE,Combined TRACON& Tower with Radar,16,58,17,0,91,0,1,15,1,17,16,59,32,1,108,0,0,0,108
01/05/2014,FSD,SD,AGL,CE,Combined TRACON& Tower with Radar,14,36,15,0,65,0,1,3,0,4,14,37,18,0,69,4,0,4,73
01/06/2014,FSD,SD,AGL,CE,Combined TRACON& Tower with Radar,17,56,24,0,97,0,0,6,0,6,17,56,30,0,103,0,0,0,103
01/07/2014,FSD,SD,AGL,CE,Combined TRACON& Tower with Radar,16,96,58,24,194,0,2,16,0,18,16,98,74,24,212,44,30,74,286
01/08/2014,FSD,SD,AGL,CE,Combined TRACON& Tower with Radar,17,98,46,10,171,0,0,25,0,25,17,98,71,10,196,22,16,38,234
01/09/2014,FSD,SD,AGL,CE,Combined TRACON& Tower with Radar,24,89,51,9,173,0,0,11,5,16,24,89,62,14,189,2,26,28,217
01/10/2014,FSD,SD,AGL,CE,Combined TRACON& Tower with Radar,26,112,29,2,169,0,0,2,1,3,26,112,31,3,172,0,0,0,172
01/11/2014,FSD,SD,AGL,CE,Combined TRACON& Tower with Radar,16,50,6,5,77,0,0,18,1,19,16,50,24,6,96,0,0,0,96
01/12/2014,FSD,SD,AGL,CE,Combined TRACON& Tower with Radar,16,46,6,2,70,0,1,19,0,20,16,47,25,2,90,20,6,26,116
01/13/2014,FSD,SD,AGL,CE,Combined TRACON& Tower with Radar,22,63,46,0,131,0,2,20,1,23,22,65,66,1,154,6,0,6,160
01/14/2014,FSD,SD,AGL,CE,Combined TRACON& Tower with Radar,17,87,34,0,138,0,0,1,0,1,17,87,35,0,139,0,0,0,139
01/15/2014,FSD,SD,AGL,CE,Combined TRACON& Tower with Radar,21,88,59,2,170,0,6,17,0,23,21,94,76,2,193,2,0,2,195
01/16/2014,FSD,SD,AGL,CE,Combined TRACON& Tower with Radar,19,61,23,0,103,0,1,0,0,1,19,62,23,0,104,0,0,0,104
01/17/2014,FSD,SD,AGL,CE,Combined TRACON& Tower with Radar,29,87,43,2,161,0,4,25,0,29,29,91,68,2,190,12,0,12,202
01/18/2014,FSD,SD,AGL,CE,Combined TRACON& Tower with Radar,16,44,8,0,68,0,0,1,0,1,16,44,9,0,69,0,0,0,69
01/19/2014,FSD,SD,AGL,CE,Combined TRACON& Tower with Radar,16,39,11,0,66,0,2,19,0,21,16,41,30,0,87,28,0,28,115
01/20/2014,FSD,SD,AGL,CE,Combined TRACON& Tower with Radar,24,72,36,0,132,0,0,1,0,1,24,72,37,0,133,2,0,2,135
01/21/2014,FSD,SD,AGL,CE,Combined TRACON& Tower with Radar,19,96,50,0,165,0,0,4,0,4,19,96,54,0,169,0,0,0,169
01/22/2014,FSD,SD,AGL,CE,Combined TRACON& Tower with Radar,19,97,32,2,150,0,1,5,1,7,19,98,37,3,157,2,0,2,159
01/23/2014,FSD,SD,AGL,CE,Combined TRACON& Tower with Radar,25,101,56,2,184,0,5,17,0,22,25,106,73,2,206,14,2,16,222
01/24/2014,FSD,SD,AGL,CE,Combined TRACON& Tower with Radar,31,102,36,0,169,0,3,14,0,17,31,105,50,0,186,30,0,30,216
01/25/2014,FSD,SD,AGL,CE,Combined TRACON& Tower with Radar,14,57,8,9,88,0,1,6,0,7,14,58,14,9,95,26,8,34,129
01/26/2014,FSD,SD,AGL,CE,Combined TRACON& Tower with Radar,16,37,5,2,60,0,0,0,0,0,16,37,5,2,60,0,0,0,60
01/27/2014,FSD,SD,AGL,CE,Combined TRACON& Tower with Radar,21,64,29,0,114,0,2,4,0,6,21,66,33,0,120,2,0,2,122
01/28/2014,FSD,SD,AGL,CE,Combined TRACON& Tower with Radar,16,79,43,17,155,0,0,11,0,11,16,79,54,17,166,6,20,26,192
01/29/2014,FSD,SD,AGL,CE,Combined TRACON& Tower with Radar,18,93,56,10,177,0,5,26,0,31,18,98,82,10,208,16,6,22,230
01/30/2014,FSD,SD,AGL,CE,Combined TRACON& Tower with Radar,22,67,24,0,113,0,1,2,0,3,22,68,26,0,116,0,0,0,116
01/31/2014,FSD,SD,AGL,CE,Combined TRACON& Tower with Radar,28,104,47,11,190,0,7,22,0,29,28,111,69,11,219,46,0,46,265
02/01/2014,FSD,SD,AGL,CE,Combined TRACON& Tower with Radar,13,56,14,11,94,0,0,9,0,9,13,56,23,11,103,4,22,26,129
02/02/2014,FSD,SD,AGL,CE,Combined TRACON& Tower with Radar,15,45,14,7,81,0,0,19,0,19,15,45,33,7,100,30,0,30,130
02/03/2014,FSD,SD,AGL,CE,Combined TRACON& Tower with Radar,22,76,55,0,153,0,1,20,1,22,22,77,75,1,175,10,0,10,185
02/04/2014,FSD,SD,AGL,CE,Combined TRACON& Tower with Radar,18,97,41,0,156,0,4,0,1,5,18,101,41,1,161,0,0,0,161
02/05/2014,FSD,SD,AGL,CE,Combined TRACON& Tower with Radar,19,90,47,4,160,0,3,21,0,24,19,93,68,4,184,16,0,16,200
02/06/2014,FSD,SD,AGL,CE,Combined TRACON& Tower with Radar,25,91,46,0,162,0,2,10,0,12,25,93,56,0,174,8,0,8,182
02/07/2014,FSD,SD,AGL,CE,Combined TRACON& Tower with Radar,28,97,37,35,197,0,1,25,2,28,28,98,62,37,225,14,24,38,263
02/08/2014,FSD,SD,AGL,CE,Combined TRACON& Tower with Radar,14,50,7,2,73,0,2,17,0,19,14,52,24,2,92,36,0,36,128
02/09/2014,FSD,SD,AGL,CE,Combined TRACON& Tower with Radar,16,39,8,0,63,0,3,9,0,12,16,42,17,0,75,34,0,34,109
02/10/2014,FSD,SD,AGL,CE,Combined TRACON& Tower with Radar,21,67,48,61,197,0,5,16,0,21,21,72,64,61,218,28,52,80,298
02/11/2014,FSD,SD,AGL,CE,Combined TRACON& Tower with Radar,19,91,67,21,198,0,5,13,0,18,19,96,80,21,216,14,6,20,236
02/12/2014,FSD,SD,AGL,CE,Combined TRACON& Tower with Radar,21,102,48,16,187,0,6,24,0,30,21,108,72,16,217,34,0,34,251
02/13/2014,FSD,SD,AGL,CE,Combined TRACON& Tower with Radar,21,99,45,21,186,0,8,19,0,27,21,107,64,21,213,4,22,26,239
02/14/2014,FSD,SD,AGL,CE,Combined TRACON& Tower with Radar,27,100,34,1,162,0,4,72,0,76,27,104,106,1,238,16,0,16,254
02/15/2014,FSD,SD,AGL,CE,Combined TRACON& Tower with Radar,16,53,4,0,73,0,5,39,0,44,16,58,43,0,117,24,0,24,141
02/16/2014,FSD,SD,AGL,CE,Combined TRACON& Tower with Radar,14,43,21,0,78,0,0,0,0,0,14,43,21,0,78,0,0,0,78
02/17/2014,FSD,SD,AGL,CE,Combined TRACON& Tower with Radar,17,75,50,0,142,0,5,18,0,23,17,80,68,0,165,16,0,16,181
02/18/2014,FSD,SD,AGL,CE,Combined TRACON& Tower with Radar,19,108,59,3,189,0,2,33,0,35,19,110,92,3,224,10,8,18,242
02/19/2014,FSD,SD,AGL,CE,Combined TRACON& Tower with Radar,18,97,64,11,190,0,1,23,2,26,18,98,87,13,216,18,8,26,242
02/20/2014,FSD,SD,AGL,CE,Combined TRACON& Tower with Radar,23,99,35,9,166,0,1,1,0,2,23,100,36,9,168,0,8,8,176
02/21/2014,FSD,SD,AGL,CE,Combined TRACON& Tower with Radar,24,103,48,19,194,0,2,23,2,27,24,105,71,21,221,2,12,14,235
02/22/2014,FSD,SD,AGL,CE,Combined TRACON& Tower with Radar,15,56,10,0,81,0,6,15,0,21,15,62,25,0,102,40,0,40,142
02/23/2014,FSD,SD,AGL,CE,Combined TRACON& Tower with Radar,15,45,9,2,71,0,4,25,0,29,15,49,34,2,100,32,0,32,132
02/24/2014,FSD,SD,AGL,CE,Combined TRACON& Tower with Radar,16,83,25,0,124,0,2,3,0,5,16,85,28,0,129,0,0,0,129
02/25/2014,FSD,SD,AGL,CE,Combined TRACON& Tower with Radar,22,91,55,7,175,0,1,9,0,10,22,92,64,7,185,6,6,12,197
02/26/2014,FSD,SD,AGL,CE,Combined TRACON& Tower with Radar,20,89,61,15,185,0,4,14,0,18,20,93,75,15,203,20,52,72,275
02/27/2014,FSD,SD,AGL,CE,Combined TRACON& Tower with Radar,28,88,40,13,169,0,5,33,0,38,28,93,73,13,207,30,20,50,257
02/28/2014,FSD,SD,AGL,CE,Combined TRACON& Tower with Radar,24,102,23,0,149,0,1,4,0,5,24,103,27,0,154,0,0,0,154
03/01/2014,FSD,SD,AGL,CE,Combined TRACON& Tower with Radar,17,49,8,0,74,0,0,0,0,0,17,49,8,0,74,0,0,0,74
03/02/2014,FSD,SD,AGL,CE,Combined TRACON& Tower with Radar,26,29,21,9,85,0,0,9,1,10,26,29,30,10,95,20,8,28,123
03/03/2014,FSD,SD,AGL,CE,Combined TRACON& Tower with Radar,20,67,37,14,138,0,0,13,0,13,20,67,50,14,151,4,12,16,167
03/04/2014,FSD,SD,AGL,CE,Combined TRACON& Tower with Radar,20,101,63,28,212,0,9,18,0,27,20,110,81,28,239,6,24,30,269
03/05/2014,FSD,SD,AGL,CE,Combined TRACON& Tower with Radar,20,102,46,23,191,0,1,6,0,7,20,103,52,23,198,6,20,26,224
03/06/2014,FSD,SD,AGL,CE,Combined TRACON& Tower with Radar,27,111,56,27,221,0,5,6,4,15,27,116,62,31,236,0,42,42,278
03/07/2014,FSD,SD,AGL,CE,Combined TRACON& Tower with Radar,27,103,39,8,177,0,1,10,0,11,27,104,49,8,188,2,12,14,202
03/08/2014,FSD,SD,AGL,CE,Combined TRACON& Tower with Radar,20,59,18,0,97,0,3,35,1,39,20,62,53,1,136,26,0,26,162
03/09/2014,FSD,SD,AGL,CE,Combined TRACON& Tower with Radar,18,45,9,2,74,0,1,9,0,10,18,46,18,2,84,16,0,16,100
03/10/2014,FSD,SD,AGL,CE,Combined TRACON& Tower with Radar,20,70,45,0,135,0,8,23,0,31,20,78,68,0,166,20,0,20,186
03/11/2014,FSD,SD,AGL,CE,Combined TRACON& Tower with Radar,25,101,36,9,171,0,7,2,0,9,25,108,38,9,180,0,0,0,180
03/12/2014,FSD,SD,AGL,CE,Combined TRACON& Tower with Radar,21,109,64,18,212,0,5,20,0,25,21,114,84,18,237,4,16,20,257
03/13/2014,FSD,SD,AGL,CE,Combined TRACON& Tower with Radar,24,95,67,13,199,0,14,38,0,52,24,109,105,13,251,24,30,54,305
03/14/2014,FSD,SD,AGL,CE,Combined TRACON& Tower with Radar,27,88,34,11,160,0,2,18,1,21,27,90,52,12,181,0,14,14,195
03/15/2014,FSD,SD,AGL,CE,Combined TRACON& Tower with Radar,20,50,9,0,79,0,1,4,0,5,20,51,13,0,84,0,0,0,84
03/16/2014,FSD,SD,AGL,CE,Combined TRACON& Tower with Radar,18,46,23,0,87,0,2,18,0,20,18,48,41,0,107,38,0,38,145
03/17/2014,FSD,SD,AGL,CE,Combined TRACON& Tower with Radar,22,80,58,13,173,0,8,24,1,33,22,88,82,14,206,4,12,16,222
03/18/2014,FSD,SD,AGL,CE,Combined TRACON& Tower with Radar,24,96,35,0,155,0,0,1,0,1,24,96,36,0,156,2,0,2,158
03/19/2014,FSD,SD,AGL,CE,Combined TRACON& Tower with Radar,21,94,69,17,201,0,2,21,0,23,21,96,90,17,224,6,6,12,236
03/20/2014,FSD,SD,AGL,CE,Combined TRACON& Tower with Radar,23,100,62,18,203,0,9,38,0,47,23,109,100,18,250,30,14,44,294
03/21/2014,FSD,SD,AGL,CE,Combined TRACON& Tower with Radar,29,104,31,1,165,0,2,8,0,10,29,106,39,1,175,0,0,0,175
03/22/2014,FSD,SD,AGL,CE,Combined TRACON& Tower with Radar,18,44,28,0,90,0,2,17,0,19,18,46,45,0,109,8,0,8,117
03/23/2014,FSD,SD,AGL,CE,Combined TRACON& Tower with Radar,18,47,17,1,83,0,4,19,0,23,18,51,36,1,106,46,0,46,152
03/24/2014,FSD,SD,AGL,CE,Combined TRACON& Tower with Radar,20,69,30,18,137,0,0,4,0,4,20,69,34,18,141,4,16,20,161
03/25/2014,FSD,SD,AGL,CE,Combined TRACON& Tower with Radar,25,97,59,17,198,0,6,38,0,44,25,103,97,17,242,48,10,58,300
03/26/2014,FSD,SD,AGL,CE,Combined TRACON& Tower with Radar,21,92,34,2,149,0,9,5,2,16,21,101,39,4,165,30,0,30,195
03/27/2014,FSD,SD,AGL,CE,Combined TRACON& Tower with Radar,23,88,44,1,156,0,0,0,0,0,23,88,44,1,156,0,0,0,156
03/28/2014,FSD,SD,AGL,CE,Combined TRACON& Tower with Radar,27,90,46,3,166,0,3,20,0,23,27,93,66,3,189,22,0,22,211
03/29/2014,FSD,SD,AGL,CE,Combined TRACON& Tower with Radar,16,55,22,0,93,0,3,32,0,35,16,58,54,0,128,8,0,8,136
03/30/2014,FSD,SD,AGL,CE,Combined TRACON& Tower with Radar,15,43,20,2,80,0,4,22,1,27,15,47,42,3,107,12,0,12,119
03/31/2014,FSD,SD,AGL,CE,Combined TRACON& Tower with Radar,18,61,26,13,118,0,6,5,0,11,18,67,31,13,129,2,0,2,131
04/01/2014,FSD,SD,AGL,CE,Combined TRACON& Tower with Radar,21,98,26,28,173,0,6,20,3,29,21,104,46,31,202,6,80,86,288
04/02/2014,FSD,SD,AGL,CE,Combined TRACON& Tower with Radar,24,102,37,25,188,0,16,7,0,23,24,118,44,25,211,24,22,46,257
04/03/2014,FSD,SD,AGL,CE,Combined TRACON& Tower with Radar,19,84,27,2,132,0,0,0,0,0,19,84,27,2,132,0,0,0,132
04/04/2014,FSD,SD,AGL,CE,Combined TRACON& Tower with Radar,28,98,33,11,170,0,7,12,1,20,28,105,45,12,190,32,0,32,222
04/05/2014,FSD,SD,AGL,CE,Combined TRACON& Tower with Radar,15,48,8,6,77,0,7,20,0,27,15,55,28,6,104,4,0,4,108
04/06/2014,FSD,SD,AGL,CE,Combined TRACON& Tower with Radar,17,39,12,0,68,0,1,29,0,30,17,40,41,0,98,34,0,34,132
04/07/2014,FSD,SD,AGL,CE,Combined TRACON& Tower with Radar,21,61,43,0,125,0,1,17,0,18,21,62,60,0,143,6,0,6,149
04/08/2014,FSD,SD,AGL,CE,Combined TRACON& Tower with Radar,23,88,40,22,173,0,5,25,0,30,23,93,65,22,203,24,20,44,247
04/09/2014,FSD,SD,AGL,CE,Combined TRACON& Tower with Radar,23,96,51,13,183,0,4,27,0,31,23,100,78,13,214,8,6,14,228
04/10/2014,FSD,SD,AGL,CE,Combined TRACON& Tower with Radar,24,85,55,3,167,0,10,40,0,50,24,95,95,3,217,12,0,12,229
04/11/2014,FSD,SD,AGL,CE,Combined TRACON& Tower with Radar,28,88,32,6,154,0,7,39,4,50,28,95,71,10,204,0,0,0,204
04/12/2014,FSD,SD,AGL,CE,Combined TRACON& Tower with Radar,13,43,13,53,122,0,2,26,24,52,13,45,39,77,174,26,70,96,270
04/13/2014,FSD,SD,AGL,CE,Combined TRACON& Tower with Radar,16,45,13,8,82,0,1,1,0,2,16,46,14,8,84,0,0,0,84
04/14/2014,FSD,SD,AGL,CE,Combined TRACON& Tower with Radar,21,60,51,6,138,0,4,24,0,28,21,64,75,6,166,8,0,8,174
04/15/2014,FSD,SD,AGL,CE,Combined TRACON& Tower with Radar,21,87,66,12,186,0,11,26,0,37,21,98,92,12,223,0,12,12,235
04/16/2014,FSD,SD,AGL,CE,Combined TRACON& Tower with Radar,25,105,35,20,185,0,6,3,0,9,25,111,38,20,194,6,38,44,238
04/17/2014,FSD,SD,AGL,CE,Combined TRACON& Tower with Radar,24,89,58,24,195,0,3,40,1,44,24,92,98,25,239,22,32,54,293
04/18/2014,FSD,SD,AGL,CE,Combined TRACON& Tower with Radar,25,92,25,4,146,0,0,16,0,16,25,92,41,4,162,4,0,4,166
04/19/2014,FSD,SD,AGL,CE,Combined TRACON& Tower with Radar,12,43,8,0,63,0,3,29,0,32,12,46,37,0,95,0,0,0,95
04/20/2014,FSD,SD,AGL,CE,Combined TRACON& Tower with Radar,14,36,10,0,60,0,1,13,0,14,14,37,23,0,74,18,0,18,92
04/21/2014,FSD,SD,AGL,CE,Combined TRACON& Tower with Radar,23,67,48,0,138,0,4,35,0,39,23,71,83,0,177,28,0,28,205
04/22/2014,FSD,SD,AGL,CE,Combined TRACON& Tower with Radar,18,86,69,14,187,0,2,33,0,35,18,88,102,14,222,10,32,42,264
04/23/2014,FSD,SD,AGL,CE,Combined TRACON& Tower with Radar,21,79,47,6,153,0,0,13,0,13,21,79,60,6,166,4,0,4,170
04/24/2014,FSD,SD,AGL,CE,Combined TRACON& Tower with Radar,24,88,75,21,208,0,1,23,2,26,24,89,98,23,234,22,40,62,296
04/25/2014,FSD,SD,AGL,CE,Combined TRACON& Tower with Radar,30,88,38,16,172,0,0,49,0,49,30,88,87,16,221,12,36,48,269
04/26/2014,FSD,SD,AGL,CE,Combined TRACON& Tower with Radar,15,52,26,0,93,0,0,21,0,21,15,52,47,0,114,8,0,8,122
04/27/2014,FSD,SD,AGL,CE,Combined TRACON& Tower with Radar,17,39,20,0,76,0,0,1,0,1,17,39,21,0,77,0,0,0,77
04/28/2014,FSD,SD,AGL,CE,Combined TRACON& Tower with Radar,22,57,52,2,133,0,0,0,0,0,22,57,52,2,133,0,0,0,133
04/29/2014,FSD,SD,AGL,CE,Combined TRACON& Tower with Radar,21,90,27,2,140,0,0,2,0,2,21,90,29,2,142,0,0,0,142
04/30/2014,FSD,SD,AGL,CE,Combined TRACON& Tower with Radar,21,103,51,22,197,0,3,8,0,11,21,106,59,22,208,0,14,14,222
05/01/2014,FSD,SD,AGL,CE,Combined TRACON& Tower with Radar,24,89,48,21,182,0,0,11,0,11,24,89,59,21,193,2,4,6,199
05/02/2014,FSD,SD,AGL,CE,Combined TRACON& Tower with Radar,25,81,48,0,154,0,1,17,0,18,25,82,65,0,172,6,0,6,178
05/03/2014,FSD,SD,AGL,CE,Combined TRACON& Tower with Radar,13,43,28,7,91,0,2,36,0,38,13,45,64,7,129,26,36,62,191
05/04/2014,FSD,SD,AGL,CE,Combined TRACON& Tower with Radar,18,36,16,6,76,0,0,19,0,19,18,36,35,6,95,12,12,24,119
05/05/2014,FSD,SD,AGL,CE,Combined TRACON& Tower with Radar,19,70,58,0,147,0,4,34,0,38,19,74,92,0,185,24,0,24,209
05/06/2014,FSD,SD,AGL,CE,Combined TRACON& Tower with Radar,21,83,42,8,154,0,9,17,3,29,21,92,59,11,183,4,24,28,211
05/07/2014,FSD,SD,AGL,CE,Combined TRACON& Tower with Radar,26,82,44,11,163,0,3,22,0,25,26,85,66,11,188,30,18,48,236
05/08/2014,FSD,SD,AGL,CE,Combined TRACON& Tower with Radar,28,95,67,23,213,0,0,4,0,4,28,95,71,23,217,0,0,0,217
05/09/2014,FSD,SD,AGL,CE,Combined TRACON& Tower with Radar,28,94,33,11,166,0,14,26,1,41,28,108,59,12,207,14,0,14,221
05/10/2014,FSD,SD,AGL,CE,Combined TRACON& Tower with Radar,16,45,16,0,77,0,2,19,0,21,16,47,35,0,98,10,0,10,108
05/11/2014,FSD,SD,AGL,CE,Combined TRACON& Tower with Radar,20,34,8,2,64,0,0,8,0,8,20,34,16,2,72,10,0,10,82
05/12/2014,FSD,SD,AGL,CE,Combined TRACON& Tower with Radar,23,55,48,17,143,0,0,0,0,0,23,55,48,17,143,0,4,4,147
05/13/2014,FSD,SD,AGL,CE,Combined TRACON& Tower with Radar,20,89,59,21,189,0,1,39,0,40,20,90,98,21,229,28,12,40,269
05/14/2014,FSD,SD,AGL,CE,Combined TRACON& Tower with Radar,24,79,56,14,173,0,2,28,3,33,24,81,84,17,206,42,16,58,264
05/15/2014,FSD,SD,AGL,CE,Combined TRACON& Tower with Radar,25,84,46,15,170,0,0,18,0,18,25,84,64,15,188,4,0,4,192
05/16/2014,FSD,SD,AGL,CE,Combined TRACON& Tower with Radar,28,82,32,2,144,0,1,39,0,40,28,83,71,2,184,32,0,32,216
05/17/2014,FSD,SD,AGL,CE,Combined TRACON& Tower with Radar,13,38,16,0,67,0,1,33,0,34,13,39,49,0,101,0,0,0,101
05/18/2014,FSD,SD,AGL,CE,Combined TRACON& Tower with Radar,21,39,12,2,74,0,0,4,0,4,21,39,16,2,78,0,0,0,78
05/19/2014,FSD,SD,AGL,CE,Combined TRACON& Tower with Radar,22,74,64,0,160,0,1,7,0,8,22,75,71,0,168,14,0,14,182
05/20/2014,FSD,SD,AGL,CE,Combined TRACON& Tower with Radar,22,88,48,9,167,0,5,30,1,36,22,93,78,10,203,20,36,56,259
05/21/2014,FSD,SD,AGL,CE,Combined TRACON& Tower with Radar,26,83,50,16,175,0,0,31,0,31,26,83,81,16,206,70,34,104,310
05/22/2014,FSD,SD,AGL,CE,Combined TRACON& Tower with Radar,26,98,69,6,199,0,5,30,0,35,26,103,99,6,234,40,20,60,294
05/23/2014,FSD,SD,AGL,CE,Combined TRACON& Tower with Radar,28,84,38,4,154,0,1,25,0,26,28,85,63,4,180,16,6,22,202
05/24/2014,FSD,SD,AGL,CE,Combined TRACON& Tower with Radar,14,48,11,0,73,0,3,14,0,17,14,51,25,0,90,14,0,14,104
05/25/2014,FSD,SD,AGL,CE,Combined TRACON& Tower with Radar,13,38,9,0,60,0,1,8,0,9,13,39,17,0,69,18,0,18,87
05/26/2014,FSD,SD,AGL,CE,Combined TRACON& Tower with Radar,18,49,14,8,89,0,0,14,0,14,18,49,28,8,103,6,0,6,109
05/27/2014,FSD,SD,AGL,CE,Combined TRACON& Tower with Radar,20,85,43,1,149,0,4,23,0,27,20,89,66,1,176,24,0,24,200
05/28/2014,FSD,SD,AGL,CE,Combined TRACON& Tower with Radar,27,89,57,2,175,0,1,28,0,29,27,90,85,2,204,8,2,10,214
05/29/2014,FSD,SD,AGL,CE,Combined TRACON& Tower with Radar,27,97,59,2,185,0,2,31,0,33,27,99,90,2,218,28,4,32,250
05/30/2014,FSD,SD,AGL,CE,Combined TRACON& Tower with Radar,29,83,17,12,141,0,3,18,1,22,29,86,35,13,163,0,0,0,163
05/31/2014,FSD,SD,AGL,CE,Combined TRACON& Tower with Radar,12,47,12,0,71,0,1,18,1,20,12,48,30,1,91,12,0,12,103
06/01/2014,FSD,SD,AGL,CE,Combined TRACON& Tower with Radar,19,35,15,0,69,0,0,4,1,5,19,35,19,1,74,20,0,20,94
06/02/2014,FSD,SD,AGL,CE,Combined TRACON& Tower with Radar,23,60,49,8,140,0,3,26,0,29,23,63,75,8,169,12,8,20,189
06/03/2014,FSD,SD,AGL,CE,Combined TRACON& Tower with Radar,21,86,59,6,172,0,4,32,0,36,21,90,91,6,208,8,8,16,224
06/04/2014,FSD,SD,AGL,CE,Combined TRACON& Tower with Radar,25,96,55,9,185,0,1,22,1,24,25,97,77,10,209,8,18,26,235
06/05/2014,FSD,SD,AGL,CE,Combined TRACON& Tower with Radar,24,85,31,2,142,0,1,7,0,8,24,86,38,2,150,4,0,4,154
06/06/2014,FSD,SD,AGL,CE,Combined TRACON& Tower with Radar,25,88,31,4,148,0,4,36,0,40,25,92,67,4,188,24,0,24,212
06/07/2014,FSD,SD,AGL,CE,Combined TRACON& Tower with Radar,19,52,13,8,92,0,1,3,0,4,19,53,16,8,96,6,0,6,102
06/08/2014,FSD,SD,AGL,CE,Combined TRACON& Tower with Radar,15,41,21,2,79,0,3,18,1,22,15,44,39,3,101,50,0,50,151
06/09/2014,FSD,SD,AGL,CE,Combined TRACON& Tower with Radar,18,79,49,10,156,0,0,10,2,12,18,79,59,12,168,8,24,32,200
06/10/2014,FSD,SD,AGL,CE,Combined TRACON& Tower with Radar,20,87,50,8,165,0,3,46,0,49,20,90,96,8,214,48,22,70,284
06/11/2014,FSD,SD,AGL,CE,Combined TRACON& Tower with Radar,21,106,64,8,199,0,6,26,4,36,21,112,90,12,235,0,26,26,261
06/12/2014,FSD,SD,AGL,CE,Combined TRACON& Tower with Radar,25,87,62,30,204,0,6,32,0,38,25,93,94,30,242,8,46,54,296
06/13/2014,FSD,SD,AGL,CE,Combined TRACON& Tower with Radar,26,86,35,11,158,0,1,25,0,26,26,87,60,11,184,26,24,50,234
06/14/2014,FSD,SD,AGL,CE,Combined TRACON& Tower with Radar,26,52,13,0,91,0,2,2,0,4,26,54,15,0,95,0,0,0,95
06/15/2014,FSD,SD,AGL,CE,Combined TRACON& Tower with Radar,22,39,17,1,79,0,0,10,0,10,22,39,27,1,89,0,0,0,89
06/16/2014,FSD,SD,AGL,CE,Combined TRACON& Tower with Radar,19,61,27,1,108,0,0,13,4,17,19,61,40,5,125,0,0,0,125
06/17/2014,FSD,SD,AGL,CE,Combined TRACON& Tower with Radar,25,103,55,17,200,0,0,9,0,9,25,103,64,17,209,16,0,16,225
06/18/2014,FSD,SD,AGL,CE,Combined TRACON& Tower with Radar,25,87,69,11,192,0,4,13,2,19,25,91,82,13,211,6,22,28,239
06/19/2014,FSD,SD,AGL,CE,Combined TRACON& Tower with Radar,27,103,54,13,197,0,0,23,0,23,27,103,77,13,220,14,0,14,234
06/20/2014,FSD,SD,AGL,CE,Combined TRACON& Tower with Radar,29,96,47,13,185,0,2,49,4,55,29,98,96,17,240,24,4,28,268
06/21/2014,FSD,SD,AGL,CE,Combined TRACON& Tower with Radar,22,54,15,17,108,0,4,50,1,55,22,58,65,18,163,40,12,52,215
06/22/2014,FSD,SD,AGL,CE,Combined TRACON& Tower with Radar,22,48,24,0,94,0,1,14,0,15,22,49,38,0,109,0,0,0,109
06/23/2014,FSD,SD,AGL,CE,Combined TRACON& Tower with Radar,22,72,36,2,132,0,2,32,0,34,22,74,68,2,166,48,0,48,214
06/24/2014,FSD,SD,AGL,CE,Combined TRACON& Tower with Radar,24,83,69,0,176,0,1,21,0,22,24,84,90,0,198,0,0,0,198
06/25/2014,FSD,SD,AGL,CE,Combined TRACON& Tower with Radar,25,85,41,6,157,0,3,36,0,39,25,88,77,6,196,22,12,34,230
06/26/2014,FSD,SD,AGL,CE,Combined TRACON& Tower with Radar,27,80,50,9,166,0,0,20,0,20,27,80,70,9,186,6,10,16,202
06/27/2014,FSD,SD,AGL,CE,Combined TRACON& Tower with Radar,26,96,57,0,179,0,2,3,0,5,26,98,60,0,184,0,0,0,184
06/28/2014,FSD,SD,AGL,CE,Combined TRACON& Tower with Radar,23,47,13,4,87,0,0,4,0,4,23,47,17,4,91,0,0,0,91
06/29/2014,FSD,SD,AGL,CE,Combined TRACON& Tower with Radar,22,46,27,0,95,0,2,20,0,22,22,48,47,0,117,22,0,22,139
06/30/2014,FSD,SD,AGL,CE,Combined TRACON& Tower with Radar,20,63,36,1,120,0,4,8,0,12,20,67,44,1,132,18,0,18,150
07/01/2014,FSD,SD,AGL,CE,Combined TRACON& Tower with Radar,20,82,45,12,159,0,3,22,1,26,20,85,67,13,185,8,0,8,193
07/02/2014,FSD,SD,AGL,CE,Combined TRACON& Tower with Radar,24,96,43,19,182,0,0,37,0,37,24,96,80,19,219,6,22,28,247
07/03/2014,FSD,SD,AGL,CE,Combined TRACON& Tower with Radar,25,83,41,0,149,0,5,44,0,49,25,88,85,0,198,54,0,54,252
07/04/2014,FSD,SD,AGL,CE,Combined TRACON& Tower with Radar,14,31,5,0,50,0,0,19,2,21,14,31,24,2,71,12,0,12,83
07/05/2014,FSD,SD,AGL,CE,Combined TRACON& Tower with Radar,19,49,8,2,78,0,3,17,0,20,19,52,25,2,98,8,0,8,106
07/06/2014,FSD,SD,AGL,CE,Combined TRACON& Tower with Radar,23,41,14,0,78,0,1,22,0,23,23,42,36,0,101,20,0,20,121
07/07/2014,FSD,SD,AGL,CE,Combined TRACON& Tower with Radar,32,68,40,0,140,0,2,28,0,30,32,70,68,0,170,8,0,8,178
07/08/2014,FSD,SD,AGL,CE,Combined TRACON& Tower with Radar,23,83,63,5,174,0,4,37,1,42,23,87,100,6,216,8,10,18,234
07/09/2014,FSD,SD,AGL,CE,Combined TRACON& Tower with Radar,25,95,52,14,186,0,4,41,0,45,25,99,93,14,231,20,26,46,277
07/10/2014,FSD,SD,AGL,CE,Combined TRACON& Tower with Radar,27,96,54,13,190,0,2,26,1,29,27,98,80,14,219,4,24,28,247
07/11/2014,FSD,SD,AGL,CE,Combined TRACON& Tower with Radar,31,78,46,5,160,0,4,16,4,24,31,82,62,9,184,6,0,6,190
07/12/2014,FSD,SD,AGL,CE,Combined TRACON& Tower with Radar,21,48,19,0,88,0,1,22,0,23,21,49,41,0,111,6,0,6,117
07/13/2014,FSD,SD,AGL,CE,Combined TRACON& Tower with Radar,25,34,28,0,87,0,0,43,0,43,25,34,71,0,130,0,0,0,130
07/14/2014,FSD,SD,AGL,CE,Combined TRACON& Tower with Radar,22,57,46,0,125,0,2,22,0,24,22,59,68,0,149,8,0,8,157
07/15/2014,FSD,SD,AGL,CE,Combined TRACON& Tower with Radar,20,75,62,6,163,0,0,37,0,37,20,75,99,6,200,12,14,26,226
07/16/2014,FSD,SD,AGL,CE,Combined TRACON& Tower with Radar,24,85,68,12,189,0,2,43,0,45,24,87,111,12,234,8,36,44,278
07/17/2014,FSD,SD,AGL,CE,Combined TRACON& Tower with Radar,22,92,64,16,194,0,2,34,0,36,22,94,98,16,230,0,0,0,230
07/18/2014,FSD,SD,AGL,CE,Combined TRACON& Tower with Radar,29,86,27,20,162,0,1,25,1,27,29,87,52,21,189,0,22,22,211
07/19/2014,FSD,SD,AGL,CE,Combined TRACON& Tower with Radar,23,44,14,0,81,0,0,18,0,18,23,44,32,0,99,8,0,8,107
07/20/2014,FSD,SD,AGL,CE,Combined TRACON& Tower with Radar,26,32,21,0,79,0,0,14,0,14,26,32,35,0,93,12,0,12,105
07/21/2014,FSD,SD,AGL,CE,Combined TRACON& Tower with Radar,21,68,55,0,144,0,2,7,0,9,21,70,62,0,153,22,0,22,175
07/22/2014,FSD,SD,AGL,CE,Combined TRACON& Tower with Radar,21,87,60,5,173,0,3,34,0,37,21,90,94,5,210,16,2,18,228
07/23/2014,FSD,SD,AGL,CE,Combined TRACON& Tower with Radar,25,98,57,12,192,0,5,50,0,55,25,103,107,12,247,20,28,48,295
07/24/2014,FSD,SD,AGL,CE,Combined TRACON& Tower with Radar,25,90,72,17,204,0,1,29,1,31,25,91,101,18,235,0,4,4,239
07/25/2014,FSD,SD,AGL,CE,Combined TRACON& Tower with Radar,27,88,46,16,177,0,0,42,0,42,27,88,88,16,219,37,8,45,264
07/26/2014,FSD,SD,AGL,CE,Combined TRACON& Tower with Radar,19,50,12,0,81,0,4,20,2,26,19,54,32,2,107,6,0,6,113
07/27/2014,FSD,SD,AGL,CE,Combined TRACON& Tower with Radar,25,31,27,0,83,0,0,22,0,22,25,31,49,0,105,0,0,0,105
07/28/2014,FSD,SD,AGL,CE,Combined TRACON& Tower with Radar,18,68,43,2,131,0,5,17,0,22,18,73,60,2,153,10,8,18,171
07/29/2014,FSD,SD,AGL,CE,Combined TRACON& Tower with Radar,21,86,55,19,181,0,1,20,1,22,21,87,75,20,203,0,0,0,203
07/30/2014,FSD,SD,AGL,CE,Combined TRACON& Tower with Radar,27,86,40,14,167,0,2,39,0,41,27,88,79,14,208,26,26,52,260
07/31/2014,FSD,SD,AGL,CE,Combined TRACON& Tower with Radar,25,92,60,28,205,0,3,29,1,33,25,95,89,29,238,24,32,56,294
08/01/2014,FSD,SD,AGL,CE,Combined TRACON& Tower with Radar,27,92,42,6,167,0,3,31,0,34,27,95,73,6,201,36,12,48,249
08/02/2014,FSD,SD,AGL,CE,Combined TRACON& Tower with Radar,17,54,28,19,118,0,1,25,1,27,17,55,53,20,145,14,10,24,169
08/03/2014,FSD,SD,AGL,CE,Combined TRACON& Tower with Radar,24,36,30,7,97,0,2,27,0,29,24,38,57,7,126,32,18,50,176
08/04/2014,FSD,SD,AGL,CE,Combined TRACON& Tower with Radar,19,64,44,3,130,0,2,20,1,23,19,66,64,4,153,14,0,14,167
08/05/2014,FSD,SD,AGL,CE,Combined TRACON& Tower with Radar,23,90,49,14,176,0,0,11,0,11,23,90,60,14,187,6,12,18,205
08/06/2014,FSD,SD,AGL,CE,Combined TRACON& Tower with Radar,27,83,51,13,174,0,0,1,12,13,27,83,52,25,187,0,14,14,201
08/07/2014,FSD,SD,AGL,CE,Combined TRACON& Tower with Radar,27,89,62,16,194,0,1,4,0,5,27,90,66,16,199,0,6,6,205
08/08/2014,FSD,SD,AGL,CE,Combined TRACON& Tower with Radar,25,95,30,5,155,0,3,3,0,6,25,98,33,5,161,0,0,0,161
08/09/2014,FSD,SD,AGL,CE,Combined TRACON& Tower with Radar,19,54,23,0,96,0,0,7,0,7,19,54,30,0,103,6,0,6,109
08/10/2014,FSD,SD,AGL,CE,Combined TRACON& Tower with Radar,26,41,27,0,94,0,0,4,0,4,26,41,31,0,98,2,0,2,100
08/11/2014,FSD,SD,AGL,CE,Combined TRACON& Tower with Radar,18,50,35,0,103,0,1,23,0,24,18,51,58,0,127,6,0,6,133
08/12/2014,FSD,SD,AGL,CE,Combined TRACON& Tower with Radar,25,89,72,13,199,0,0,49,1,50,25,89,121,14,249,26,32,58,307
08/13/2014,FSD,SD,AGL,CE,Combined TRACON& Tower with Radar,25,97,63,13,198,0,7,45,2,54,25,104,108,15,252,46,38,84,336
08/14/2014,FSD,SD,AGL,CE,Combined TRACON& Tower with Radar,27,85,53,31,196,0,0,24,0,24,27,85,77,31,220,22,18,40,260
08/15/2014,FSD,SD,AGL,CE,Combined TRACON& Tower with Radar,21,85,34,5,145,0,0,17,0,17,21,85,51,5,162,0,0,0,162
08/16/2014,FSD,SD,AGL,CE,Combined TRACON& Tower with Radar,19,55,17,0,91,0,1,5,0,6,19,56,22,0,97,2,0,2,99
08/17/2014,FSD,SD,AGL,CE,Combined TRACON& Tower with Radar,29,31,42,1,103,0,0,5,0,5,29,31,47,1,108,6,4,10,118
08/18/2014,FSD,SD,AGL,CE,Combined TRACON& Tower with Radar,16,78,55,0,149,0,9,17,0,26,16,87,72,0,175,44,0,44,219
08/19/2014,FSD,SD,AGL,CE,Combined TRACON& Tower with Radar,28,98,66,36,228,0,11,34,1,46,28,109,100,37,274,46,34,80,354
08/20/2014,FSD,SD,AGL,CE,Combined TRACON& Tower with Radar,28,95,70,24,217,0,8,21,0,29,28,103,91,24,246,6,12,18,264
08/21/2014,FSD,SD,AGL,CE,Combined TRACON& Tower with Radar,29,80,62,36,207,0,7,23,6,36,29,87,85,42,243,0,36,36,279
08/22/2014,FSD,SD,AGL,CE,Combined TRACON& Tower with Radar,27,78,41,41,187,0,0,18,5,23,27,78,59,46,210,0,0,0,210
08/23/2014,FSD,SD,AGL,CE,Combined TRACON& Tower with Radar,21,45,16,0,82,0,0,13,0,13,21,45,29,0,95,0,0,0,95
08/24/2014,FSD,SD,AGL,CE,Combined TRACON& Tower with Radar,25,36,21,2,84,0,1,19,0,20,25,37,40,2,104,0,8,8,112
08/25/2014,FSD,SD,AGL,CE,Combined TRACON& Tower with Radar,23,54,57,23,157,0,0,29,0,29,23,54,86,23,186,18,12,30,216
08/26/2014,FSD,SD,AGL,CE,Combined TRACON& Tower with Radar,25,94,71,20,210,0,4,35,0,39,25,98,106,20,249,46,22,68,317
08/27/2014,FSD,SD,AGL,CE,Combined TRACON& Tower with Radar,25,95,59,5,184,0,4,29,0,33,25,99,88,5,217,10,4,14,231
08/28/2014,FSD,SD,AGL,CE,Combined TRACON& Tower with Radar,33,100,70,3,206,0,0,0,0,0,33,100,70,3,206,0,0,0,206
08/29/2014,FSD,SD,AGL,CE,Combined TRACON& Tower with Radar,32,92,50,2,176,0,0,6,0,6,32,92,56,2,182,0,0,0,182
08/30/2014,FSD,SD,AGL,CE,Combined TRACON& Tower with Radar,18,49,16,0,83,0,1,10,0,11,18,50,26,0,94,0,0,0,94
08/31/2014,FSD,SD,AGL,CE,Combined TRACON& Tower with Radar,20,35,10,0,65,0,0,15,0,15,20,35,25,0,80,0,0,0,80
09/01/2014,FSD,SD,AGL,CE,Combined TRACON& Tower with Radar,17,48,22,0,87,0,5,30,0,35,17,53,52,0,122,20,0,20,142
09/02/2014,FSD,SD,AGL,CE,Combined TRACON& Tower with Radar,23,70,45,2,140,0,7,36,0,43,23,77,81,2,183,6,0,6,189
09/03/2014,FSD,SD,AGL,CE,Combined TRACON& Tower with Radar,26,85,78,12,201,0,3,12,0,15,26,88,90,12,216,4,0,4,220
09/04/2014,FSD,SD,AGL,CE,Combined TRACON& Tower with Radar,30,107,58,15,210,0,2,19,0,21,30,109,77,15,231,10,4,14,245
09/05/2014,FSD,SD,AGL,CE,Combined TRACON& Tower with Radar,27,83,53,6,169,0,2,27,0,29,27,85,80,6,198,36,2,38,236
09/06/2014,FSD,SD,AGL,CE,Combined TRACON& Tower with Radar,18,47,20,21,106,0,5,35,0,40,18,52,55,21,146,30,2,32,178
09/07/2014,FSD,SD,AGL,CE,Combined TRACON& Tower with Radar,22,37,18,0,77,0,3,12,0,15,22,40,30,0,92,4,0,4,96
09/08/2014,FSD,SD,AGL,CE,Combined TRACON& Tower with Radar,25,66,51,0,142,0,5,17,0,22,25,71,68,0,164,44,0,44,208
09/09/2014,FSD,SD,AGL,CE,Combined TRACON& Tower with Radar,27,84,34,2,147,0,0,0,0,0,27,84,34,2,147,0,0,0,147
09/10/2014,FSD,SD,AGL,CE,Combined TRACON& Tower with Radar,29,83,68,20,200,0,0,1,0,1,29,83,69,20,201,6,0,6,207
09/11/2014,FSD,SD,AGL,CE,Combined TRACON& Tower with Radar,34,74,67,18,193,0,1,13,0,14,34,75,80,18,207,32,0,32,239
09/12/2014,FSD,SD,AGL,CE,Combined TRACON& Tower with Radar,36,68,64,15,183,0,2,55,0,57,36,70,119,15,240,34,6,40,280
09/13/2014,FSD,SD,AGL,CE,Combined TRACON& Tower with Radar,18,46,26,0,90,0,3,75,0,78,18,49,101,0,168,36,0,36,204
09/14/2014,FSD,SD,AGL,CE,Combined TRACON& Tower with Radar,23,38,33,0,94,0,4,38,0,42,23,42,71,0,136,2,0,2,138
09/15/2014,FSD,SD,AGL,CE,Combined TRACON& Tower with Radar,22,60,62,25,169,0,0,13,0,13,22,60,75,25,182,0,14,14,196
09/16/2014,FSD,SD,AGL,CE,Combined TRACON& Tower with Radar,28,86,62,18,194,0,3,29,0,32,28,89,91,18,226,8,14,22,248
09/17/2014,FSD,SD,AGL,CE,Combined TRACON& Tower with Radar,27,84,95,16,222,0,2,34,0,36,27,86,129,16,258,12,12,24,282
09/18/2014,FSD,SD,AGL,CE,Combined TRACON& Tower with Radar,33,90,76,15,214,0,2,27,0,29,33,92,103,15,243,4,2,6,249
09/19/2014,FSD,SD,AGL,CE,Combined TRACON& Tower with Radar,34,87,85,4,210,0,1,13,0,14,34,88,98,4,224,2,4,6,230
09/20/2014,FSD,SD,AGL,CE,Combined TRACON& Tower with Radar,19,43,18,2,82,0,0,21,0,21,19,43,39,2,103,8,0,8,111
09/21/2014,FSD,SD,AGL,CE,Combined TRACON& Tower with Radar,21,36,27,4,88,0,1,29,0,30,21,37,56,4,118,0,0,0,118
09/22/2014,FSD,SD,AGL,CE,Combined TRACON& Tower with Radar,21,74,64,0,159,0,6,29,0,35,21,80,93,0,194,0,0,0,194
09/23/2014,FSD,SD,AGL,CE,Combined TRACON& Tower with Radar,27,91,68,11,197,0,3,10,0,13,27,94,78,11,210,6,0,6,216
09/24/2014,FSD,SD,AGL,CE,Combined TRACON& Tower with Radar,27,90,91,16,224,0,4,28,1,33,27,94,119,17,257,24,34,58,315
09/25/2014,FSD,SD,AGL,CE,Combined TRACON& Tower with Radar,31,90,66,0,187,0,6,35,0,41,31,96,101,0,228,46,0,46,274
09/26/2014,FSD,SD,AGL,CE,Combined TRACON& Tower with Radar,29,77,59,16,181,0,0,43,4,47,29,77,102,20,228,6,40,46,274
09/27/2014,FSD,SD,AGL,CE,Combined TRACON& Tower with Radar,20,48,15,4,87,0,8,16,0,24,20,56,31,4,111,24,0,24,135
09/28/2014,FSD,SD,AGL,CE,Combined TRACON& Tower with Radar,23,21,8,0,52,0,0,24,1,25,23,21,32,1,77,14,0,14,91
09/29/2014,FSD,SD,AGL,CE,Combined TRACON& Tower with Radar,22,62,49,0,133,0,0,7,0,7,22,62,56,0,140,0,0,0,140
09/30/2014,FSD,SD,AGL,CE,Combined TRACON& Tower with Radar,29,77,68,0,174,0,4,4,0,8,29,81,72,0,182,8,0,8,190
10/01/2014,FSD,SD,AGL,CE,Combined TRACON& Tower with Radar,24,99,54,18,195,0,1,14,0,15,24,100,68,18,210,6,34,40,250
10/02/2014,FSD,SD,AGL,CE,Combined TRACON& Tower with Radar,28,85,51,18,182,0,4,12,2,18,28,89,63,20,200,38,8,46,246
10/03/2014,FSD,SD,AGL,CE,Combined TRACON& Tower with Radar,34,90,34,0,158,0,4,6,0,10,34,94,40,0,168,0,0,0,168
10/04/2014,FSD,SD,AGL,CE,Combined TRACON& Tower with Radar,17,45,31,13,106,0,3,25,0,28,17,48,56,13,134,12,2,14,148
10/05/2014,FSD,SD,AGL,CE,Combined TRACON& Tower with Radar,22,41,18,5,86,0,3,8,0,11,22,44,26,5,97,8,0,8,105
10/06/2014,FSD,SD,AGL,CE,Combined TRACON& Tower with Radar,20,60,60,0,140,0,1,18,2,21,20,61,78,2,161,6,0,6,167
10/07/2014,FSD,SD,AGL,CE,Combined TRACON& Tower with Radar,28,85,57,2,172,0,1,20,0,21,28,86,77,2,193,6,0,6,199
10/08/2014,FSD,SD,AGL,CE,Combined TRACON& Tower with Radar,23,90,34,18,165,0,11,28,0,39,23,101,62,18,204,8,38,46,250
10/09/2014,FSD,SD,AGL,CE,Combined TRACON& Tower with Radar,31,79,70,8,188,0,3,30,1,34,31,82,100,9,222,12,16,28,250
10/10/2014,FSD,SD,AGL,CE,Combined TRACON& Tower with Radar,28,84,55,12,179,0,2,40,0,42,28,86,95,12,221,16,16,32,253
10/11/2014,FSD,SD,AGL,CE,Combined TRACON& Tower with Radar,15,40,11,0,66,0,1,29,0,30,15,41,40,0,96,18,0,18,114
10/12/2014,FSD,SD,AGL,CE,Combined TRACON& Tower with Radar,20,33,19,0,72,0,0,9,0,9,20,33,28,0,81,2,0,2,83
10/13/2014,FSD,SD,AGL,CE,Combined TRACON& Tower with Radar,21,63,40,0,124,0,5,14,0,19,21,68,54,0,143,0,0,0,143
10/14/2014,FSD,SD,AGL,CE,Combined TRACON& Tower with Radar,26,95,68,0,189,0,13,24,0,37,26,108,92,0,226,22,0,22,248
10/15/2014,FSD,SD,AGL,CE,Combined TRACON& Tower with Radar,23,93,59,14,189,0,14,39,0,53,23,107,98,14,242,42,20,62,304
10/16/2014,FSD,SD,AGL,CE,Combined TRACON& Tower with Radar,27,86,63,22,198,0,6,10,0,16,27,92,73,22,214,0,16,16,230
10/17/2014,FSD,SD,AGL,CE,Combined TRACON& Tower with Radar,24,89,63,11,187,0,1,16,0,17,24,90,79,11,204,0,0,0,204
10/18/2014,FSD,SD,AGL,CE,Combined TRACON& Tower with Radar,15,44,40,0,99,0,3,21,0,24,15,47,61,0,123,8,0,8,131
10/19/2014,FSD,SD,AGL,CE,Combined TRACON& Tower with Radar,20,40,34,0,94,0,2,21,2,25,20,42,55,2,119,24,0,24,143
10/20/2014,FSD,SD,AGL,CE,Combined TRACON& Tower with Radar,20,69,54,15,158,0,6,28,0,34,20,75,82,15,192,16,14,30,222
10/21/2014,FSD,SD,AGL,CE,Combined TRACON& Tower with Radar,26,85,76,11,198,0,1,26,0,27,26,86,102,11,225,40,6,46,271
10/22/2014,FSD,SD,AGL,CE,Combined TRACON& Tower with Radar,23,94,51,15,183,0,3,9,0,12,23,97,60,15,195,6,16,22,217
10/23/2014,FSD,SD,AGL,CE,Combined TRACON& Tower with Radar,27,87,73,13,200,0,5,35,1,41,27,92,108,14,241,32,0,32,273
10/24/2014,FSD,SD,AGL,CE,Combined TRACON& Tower with Radar,31,97,61,2,191,0,7,24,0,31,31,104,85,2,222,20,0,20,242
10/25/2014,FSD,SD,AGL,CE,Combined TRACON& Tower with Radar,17,51,38,0,106,0,2,30,2,34,17,53,68,2,140,20,0,20,160
10/26/2014,FSD,SD,AGL,CE,Combined TRACON& Tower with Radar,19,39,24,0,82,0,1,16,0,17,19,40,40,0,99,0,0,0,99
10/27/2014,FSD,SD,AGL,CE,Combined TRACON& Tower with Radar,21,66,46,2,135,0,3,21,0,24,21,69,67,2,159,28,2,30,189
10/28/2014,FSD,SD,AGL,CE,Combined TRACON& Tower with Radar,23,83,58,21,185,0,2,14,0,16,23,85,72,21,201,2,14,16,217
10/29/2014,FSD,SD,AGL,CE,Combined TRACON& Tower with Radar,23,85,51,22,181,0,5,40,0,45,23,90,91,22,226,32,36,68,294
10/30/2014,FSD,SD,AGL,CE,Combined TRACON& Tower with Radar,29,88,65,18,200,0,0,25,1,26,29,88,90,19,226,26,30,56,282
10/31/2014,FSD,SD,AGL,CE,Combined TRACON& Tower with Radar,23,79,23,11,136,0,0,27,0,27,23,79,50,11,163,14,0,14,177
11/01/2014,FSD,SD,AGL,CE,Combined TRACON& Tower with Radar,20,44,19,15,98,0,4,22,0,26,20,48,41,15,124,0,22,22,146
11/02/2014,FSD,SD,AGL,CE,Combined TRACON& Tower with Radar,22,33,14,0,69,0,4,14,0,18,22,37,28,0,87,2,0,2,89
11/03/2014,FSD,SD,AGL,CE,Combined TRACON& Tower with Radar,19,67,54,0,140,0,0,29,0,29,19,67,83,0,169,16,0,16,185
11/04/2014,FSD,SD,AGL,CE,Combined TRACON& Tower with Radar,26,82,44,14,166,0,3,27,0,30,26,85,71,14,196,20,8,28,224
11/05/2014,FSD,SD,AGL,CE,Combined TRACON& Tower with Radar,26,87,56,17,186,0,2,10,4,16,26,89,66,21,202,4,16,20,222
11/06/2014,FSD,SD,AGL,CE,Combined TRACON& Tower with Radar,30,103,65,13,211,0,8,32,0,40,30,111,97,13,251,26,28,54,305
11/07/2014,FSD,SD,AGL,CE,Combined TRACON& Tower with Radar,27,93,53,12,185,0,2,27,0,29,27,95,80,12,214,8,0,8,222
11/08/2014,FSD,SD,AGL,CE,Combined TRACON& Tower with Radar,17,39,20,0,76,0,3,47,0,50,17,42,67,0,126,52,0,52,178
11/09/2014,FSD,SD,AGL,CE,Combined TRACON& Tower with Radar,21,52,27,1,101,0,0,15,0,15,21,52,42,1,116,6,0,6,122
11/10/2014,FSD,SD,AGL,CE,Combined TRACON& Tower with Radar,13,68,42,0,123,0,0,1,0,1,13,68,43,0,124,2,0,2,126
11/11/2014,FSD,SD,AGL,CE,Combined TRACON& Tower with Radar,25,102,59,0,186,0,5,7,0,12,25,107,66,0,198,28,0,28,226
11/12/2014,FSD,SD,AGL,CE,Combined TRACON& Tower with Radar,27,96,48,14,185,0,0,4,0,4,27,96,52,14,189,10,0,10,199
11/13/2014,FSD,SD,AGL,CE,Combined TRACON& Tower with Radar,30,94,90,20,234,0,0,27,0,27,30,94,117,20,261,32,40,72,333
11/14/2014,FSD,SD,AGL,CE,Combined TRACON& Tower with Radar,29,98,53,8,188,0,1,36,2,39,29,99,89,10,227,4,18,22,249
11/15/2014,FSD,SD,AGL,CE,Combined TRACON& Tower with Radar,19,50,28,0,97,0,0,0,0,0,19,50,28,0,97,0,0,0,97
11/16/2014,FSD,SD,AGL,CE,Combined TRACON& Tower with Radar,21,37,36,0,94,0,1,10,0,11,21,38,46,0,105,8,0,8,113
11/17/2014,FSD,SD,AGL,CE,Combined TRACON& Tower with Radar,22,71,58,0,151,0,0,15,0,15,22,71,73,0,166,4,0,4,170
11/18/2014,FSD,SD,AGL,CE,Combined TRACON& Tower with Radar,28,93,75,15,211,0,1,22,0,23,28,94,97,15,234,2,0,2,236
11/19/2014,FSD,SD,AGL,CE,Combined TRACON& Tower with Radar,26,97,58,12,193,0,1,4,0,5,26,98,62,12,198,6,0,6,204
11/20/2014,FSD,SD,AGL,CE,Combined TRACON& Tower with Radar,28,101,70,6,205,0,8,28,3,39,28,109,98,9,244,4,0,4,248
11/21/2014,FSD,SD,AGL,CE,Combined TRACON& Tower with Radar,30,95,39,7,171,0,1,15,6,22,30,96,54,13,193,0,0,0,193
11/22/2014,FSD,SD,AGL,CE,Combined TRACON& Tower with Radar,17,54,25,1,97,0,1,20,0,21,17,55,45,1,118,10,0,10,128
11/23/2014,FSD,SD,AGL,CE,Combined TRACON& Tower with Radar,20,39,10,0,69,0,0,4,0,4,20,39,14,0,73,6,0,6,79
11/24/2014,FSD,SD,AGL,CE,Combined TRACON& Tower with Radar,19,77,37,0,133,0,1,2,0,3,19,78,39,0,136,0,0,0,136
11/25/2014,FSD,SD,AGL,CE,Combined TRACON& Tower with Radar,29,101,56,9,195,0,3,27,2,32,29,104,83,11,227,0,0,0,227
11/26/2014,FSD,SD,AGL,CE,Combined TRACON& Tower with Radar,36,90,35,8,169,0,0,1,0,1,36,90,36,8,170,8,8,16,186
11/27/2014,FSD,SD,AGL,CE,Combined TRACON& Tower with Radar,9,31,3,1,44,0,0,1,0,1,9,31,4,1,45,0,0,0,45
11/28/2014,FSD,SD,AGL,CE,Combined TRACON& Tower with Radar,25,73,15,0,113,0,2,16,0,18,25,75,31,0,131,6,0,6,137
11/29/2014,FSD,SD,AGL,CE,Combined TRACON& Tower with Radar,22,57,13,0,92,0,0,18,0,18,22,57,31,0,110,6,0,6,116
11/30/2014,FSD,SD,AGL,CE,Combined TRACON& Tower with Radar,20,39,23,0,82,0,1,11,0,12,20,40,34,0,94,0,0,0,94
12/01/2014,FSD,SD,AGL,CE,Combined TRACON& Tower with Radar,21,84,42,4,151,0,10,7,0,17,21,94,49,4,168,0,2,2,170
12/02/2014,FSD,SD,AGL,CE,Combined TRACON& Tower with Radar,31,82,52,5,170,0,1,21,0,22,31,83,73,5,192,8,8,16,208
12/03/2014,FSD,SD,AGL,CE,Combined TRACON& Tower with Radar,31,86,44,3,164,0,5,17,4,26,31,91,61,7,190,10,0,10,200
12/04/2014,FSD,SD,AGL,CE,Combined TRACON& Tower with Radar,38,94,45,9,186,0,0,21,2,23,38,94,66,11,209,0,6,6,215
12/05/2014,FSD,SD,AGL,CE,Combined TRACON& Tower with Radar,33,102,42,3,180,0,0,27,0,27,33,102,69,3,207,0,0,0,207
12/06/2014,FSD,SD,AGL,CE,Combined TRACON& Tower with Radar,19,46,17,18,100,0,0,38,3,41,19,46,55,21,141,42,30,72,213
12/07/2014,FSD,SD,AGL,CE,Combined TRACON& Tower with Radar,22,41,22,0,85,0,0,1,0,1,22,41,23,0,86,0,0,0,86
12/08/2014,FSD,SD,AGL,CE,Combined TRACON& Tower with Radar,25,69,59,0,153,0,1,3,0,4,25,70,62,0,157,0,0,0,157
12/09/2014,FSD,SD,AGL,CE,Combined TRACON& Tower with Radar,35,89,60,9,193,0,0,0,0,0,35,89,60,9,193,0,0,0,193
12/10/2014,FSD,SD,AGL,CE,Combined TRACON& Tower with Radar,35,90,59,20,204,0,0,6,2,8,35,90,65,22,212,0,0,0,212
12/11/2014,FSD,SD,AGL,CE,Combined TRACON& Tower with Radar,39,91,80,8,218,0,0,8,0,8,39,91,88,8,226,0,0,0,226
12/12/2014,FSD,SD,AGL,CE,Combined TRACON& Tower with Radar,29,84,21,2,136,0,0,32,0,32,29,84,53,2,168,0,0,0,168
12/13/2014,FSD,SD,AGL,CE,Combined TRACON& Tower with Radar,15,44,36,0,95,0,2,25,0,27,15,46,61,0,122,0,0,0,122
12/14/2014,FSD,SD,AGL,CE,Combined TRACON& Tower with Radar,25,43,17,0,85,0,0,0,0,0,25,43,17,0,85,0,0,0,85
12/15/2014,FSD,SD,AGL,CE,Combined TRACON& Tower with Radar,25,60,33,0,118,0,0,0,0,0,25,60,33,0,118,0,0,0,118
12/16/2014,FSD,SD,AGL,CE,Combined TRACON& Tower with Radar,36,112,55,2,205,0,4,19,0,23,36,116,74,2,228,0,0,0,228
12/17/2014,FSD,SD,AGL,CE,Combined TRACON& Tower with Radar,41,114,60,35,250,0,5,42,2,49,41,119,102,37,299,14,42,56,355
12/18/2014,FSD,SD,AGL,CE,Combined TRACON& Tower with Radar,37,104,66,19,226,0,1,33,0,34,37,105,99,19,260,0,0,0,260
12/19/2014,FSD,SD,AGL,CE,Combined TRACON& Tower with Radar,33,115,80,0,228,0,0,5,0,5,33,115,85,0,233,0,0,0,233
12/20/2014,FSD,SD,AGL,CE,Combined TRACON& Tower with Radar,20,61,9,0,90,0,0,0,0,0,20,61,9,0,90,0,0,0,90
12/21/2014,FSD,SD,AGL,CE,Combined TRACON& Tower with Radar,28,46,20,0,94,0,0,0,0,0,28,46,20,0,94,0,0,0,94
12/22/2014,FSD,SD,AGL,CE,Combined TRACON& Tower with Radar,25,92,32,0,149,0,0,0,0,0,25,92,32,0,149,0,0,0,149
12/23/2014,FSD,SD,AGL,CE,Combined TRACON& Tower with Radar,30,109,27,0,166,0,0,13,0,13,30,109,40,0,179,0,0,0,179
12/24/2014,FSD,SD,AGL,CE,Combined TRACON& Tower with Radar,29,105,7,0,141,0,0,0,0,0,29,105,7,0,141,0,0,0,141
12/25/2014,FSD,SD,AGL,CE,Combined TRACON& Tower with Radar,15,29,3,0,47,0,0,2,0,2,15,29,5,0,49,0,0,0,49
12/26/2014,FSD,SD,AGL,CE,Combined TRACON& Tower with Radar,29,68,17,0,114,0,0,0,0,0,29,68,17,0,114,4,0,4,118
12/27/2014,FSD,SD,AGL,CE,Combined TRACON& Tower with Radar,21,53,16,0,90,0,4,19,0,23,21,57,35,0,113,4,0,4,117
12/28/2014,FSD,SD,AGL,CE,Combined TRACON& Tower with Radar,21,36,14,0,71,0,0,10,0,10,21,36,24,0,81,0,0,0,81
12/29/2014,FSD,SD,AGL,CE,Combined TRACON& Tower with Radar,20,62,16,2,100,0,2,14,0,16,20,64,30,2,116,0,0,0,116
12/30/2014,FSD,SD,AGL,CE,Combined TRACON& Tower with Radar,27,81,39,0,147,0,6,14,5,25,27,87,53,5,172,6,0,6,178
12/31/2014,FSD,SD,AGL,CE,Combined TRACON& Tower with Radar,25,78,16,0,119,0,3,14,0,17,25,81,30,0,136,6,0,6,142
01/01/2015,FSD,SD,AGL,CE,Combined TRACON& Tower with Radar,9,37,5,0,51,0,0,12,0,12,9,37,17,0,63,20,0,20,83
01/02/2015,FSD,SD,AGL,CE,Combined TRACON& Tower with Radar,29,85,31,27,172,0,1,21,0,22,29,86,52,27,194,36,28,64,258
01/03/2015,FSD,SD,AGL,CE,Combined TRACON& Tower with Radar,18,51,15,0,84,0,0,4,0,4,18,51,19,0,88,12,0,12,100
01/04/2015,FSD,SD,AGL,CE,Combined TRACON& Tower with Radar,21,27,15,0,63,0,3,1,0,4,21,30,16,0,67,10,0,10,77
01/05/2015,FSD,SD,AGL,CE,Combined TRACON& Tower with Radar,19,54,19,0,92,0,0,2,0,2,19,54,21,0,94,0,0,0,94
01/06/2015,FSD,SD,AGL,CE,Combined TRACON& Tower with Radar,28,75,38,0,141,0,1,5,1,7,28,76,43,1,148,10,0,10,158
01/07/2015,FSD,SD,AGL,CE,Combined TRACON& Tower with Radar,26,87,28,1,142,0,1,4,0,5,26,88,32,1,147,0,0,0,147
01/08/2015,FSD,SD,AGL,CE,Combined TRACON& Tower with Radar,31,80,27,14,152,0,0,0,0,0,31,80,27,14,152,0,0,0,152
01/09/2015,FSD,SD,AGL,CE,Combined TRACON& Tower with Radar,28,86,35,1,150,0,1,13,0,14,28,87,48,1,164,0,0,0,164
01/10/2015,FSD,SD,AGL,CE,Combined TRACON& Tower with Radar,17,42,21,23,103,0,0,8,0,8,17,42,29,23,111,20,32,52,163
01/11/2015,FSD,SD,AGL,CE,Combined TRACON& Tower with Radar,22,37,10,12,81,0,0,12,0,12,22,37,22,12,93,10,24,34,127
01/12/2015,FSD,SD,AGL,CE,Combined TRACON& Tower with Radar,20,78,52,4,154,0,3,10,0,13,20,81,62,4,167,0,0,0,167
01/13/2015,FSD,SD,AGL,CE,Combined TRACON& Tower with Radar,28,81,56,13,178,0,0,23,0,23,28,81,79,13,201,2,8,10,211
01/14/2015,FSD,SD,AGL,CE,Combined TRACON& Tower with Radar,26,81,53,19,179,0,1,13,0,14,26,82,66,19,193,6,38,44,237
01/15/2015,FSD,SD,AGL,CE,Combined TRACON& Tower with Radar,32,79,64,20,195,0,6,38,0,44,32,85,102,20,239,14,16,30,269
01/16/2015,FSD,SD,AGL,CE,Combined TRACON& Tower with Radar,30,80,46,28,184,0,5,17,0,22,30,85,63,28,206,12,14,26,232
01/17/2015,FSD,SD,AGL,CE,Combined TRACON& Tower with Radar,21,39,22,1,83,0,0,9,0,9,21,39,31,1,92,0,0,0,92
01/18/2015,FSD,SD,AGL,CE,Combined TRACON& Tower with Radar,21,34,9,0,64,0,3,17,0,20,21,37,26,0,84,32,0,32,116
01/19/2015,FSD,SD,AGL,CE,Combined TRACON& Tower with Radar,18,68,33,0,119,0,1,21,1,23,18,69,54,1,142,32,0,32,174
01/20/2015,FSD,SD,AGL,CE,Combined TRACON& Tower with Radar,28,87,64,0,179,0,0,2,0,2,28,87,66,0,181,4,0,4,185
01/21/2015,FSD,SD,AGL,CE,Combined TRACON& Tower with Radar,23,93,59,9,184,0,0,3,0,3,23,93,62,9,187,0,0,0,187
01/22/2015,FSD,SD,AGL,CE,Combined TRACON& Tower with Radar,32,83,50,18,183,0,5,18,0,23,32,88,68,18,206,20,0,20,226
01/23/2015,FSD,SD,AGL,CE,Combined TRACON& Tower with Radar,30,78,34,16,158,0,4,19,0,23,30,82,53,16,181,24,24,48,229
01/24/2015,FSD,SD,AGL,CE,Combined TRACON& Tower with Radar,18,46,23,0,87,0,1,19,0,20,18,47,42,0,107,2,0,2,109
01/25/2015,FSD,SD,AGL,CE,Combined TRACON& Tower with Radar,23,40,19,0,82,0,0,0,0,0,23,40,19,0,82,0,0,0,82
01/26/2015,FSD,SD,AGL,CE,Combined TRACON& Tower with Radar,19,63,47,0,129,0,3,24,2,29,19,66,71,2,158,20,0,20,178
01/27/2015,FSD,SD,AGL,CE,Combined TRACON& Tower with Radar,26,82,56,6,170,0,4,10,0,14,26,86,66,6,184,16,8,24,208
01/28/2015,FSD,SD,AGL,CE,Combined TRACON& Tower with Radar,28,93,38,12,171,0,3,10,0,13,28,96,48,12,184,16,30,46,230
01/29/2015,FSD,SD,AGL,CE,Combined TRACON& Tower with Radar,30,90,54,6,180,0,0,11,2,13,30,90,65,8,193,8,0,8,201
01/30/2015,FSD,SD,AGL,CE,Combined TRACON& Tower with Radar,30,85,40,8,163,0,4,24,0,28,30,89,64,8,191,10,6,16,207
01/31/2015,FSD,SD,AGL,CE,Combined TRACON& Tower with Radar,19,45,14,1,79,0,0,0,0,0,19,45,14,1,79,0,0,0,79
02/01/2015,FSD,SD,AGL,CE,Combined TRACON& Tower with Radar,18,20,6,0,44,0,0,0,0,0,18,20,6,0,44,0,0,0,44
02/02/2015,FSD,SD,AGL,CE,Combined TRACON& Tower with Radar,18,54,35,0,107,0,5,16,0,21,18,59,51,0,128,18,0,18,146
02/03/2015,FSD,SD,AGL,CE,Combined TRACON& Tower with Radar,28,81,70,6,185,0,0,8,1,9,28,81,78,7,194,2,4,6,200
02/04/2015,FSD,SD,AGL,CE,Combined TRACON& Tower with Radar,23,81,48,40,192,0,2,24,0,26,23,83,72,40,218,28,56,84,302
02/05/2015,FSD,SD,AGL,CE,Combined TRACON& Tower with Radar,30,74,67,14,185,0,0,28,9,37,30,74,95,23,222,32,4,36,258
02/06/2015,FSD,SD,AGL,CE,Combined TRACON& Tower with Radar,30,87,52,0,169,0,6,26,1,33,30,93,78,1,202,46,0,46,248
02/07/2015,FSD,SD,AGL,CE,Combined TRACON& Tower with Radar,20,45,15,9,89,0,0,23,0,23,20,45,38,9,112,10,0,10,122
02/08/2015,FSD,SD,AGL,CE,Combined TRACON& Tower with Radar,23,45,27,2,97,0,0,0,0,0,23,45,27,2,97,0,0,0,97
02/09/2015,FSD,SD,AGL,CE,Combined TRACON& Tower with Radar,18,69,45,0,132,0,0,0,0,0,18,69,45,0,132,0,0,0,132
02/10/2015,FSD,SD,AGL,CE,Combined TRACON& Tower with Radar,24,83,49,0,156,0,0,1,1,2,24,83,50,1,158,12,0,12,170
02/11/2015,FSD,SD,AGL,CE,Combined TRACON& Tower with Radar,31,76,46,4,157,0,0,12,1,13,31,76,58,5,170,8,0,8,178
02/12/2015,FSD,SD,AGL,CE,Combined TRACON& Tower with Radar,30,96,49,4,179,0,4,11,0,15,30,100,60,4,194,16,0,16,210
02/13/2015,FSD,SD,AGL,CE,Combined TRACON& Tower with Radar,29,99,39,3,170,0,4,56,0,60,29,103,95,3,230,24,0,24,254
02/14/2015,FSD,SD,AGL,CE,Combined TRACON& Tower with Radar,21,55,10,6,92,0,1,37,0,38,21,56,47,6,130,31,0,31,161
02/15/2015,FSD,SD,AGL,CE,Combined TRACON& Tower with Radar,19,33,14,4,70,0,0,4,0,4,19,33,18,4,74,0,0,0,74
02/16/2015,FSD,SD,AGL,CE,Combined TRACON& Tower with Radar,22,71,50,0,143,0,0,5,0,5,22,71,55,0,148,8,0,8,156
02/17/2015,FSD,SD,AGL,CE,Combined TRACON& Tower with Radar,25,93,44,7,169,0,1,12,4,17,25,94,56,11,186,10,20,30,216
02/18/2015,FSD,SD,AGL,CE,Combined TRACON& Tower with Radar,29,103,43,0,175,0,3,21,0,24,29,106,64,0,199,20,0,20,219
02/19/2015,FSD,SD,AGL,CE,Combined TRACON& Tower with Radar,29,96,70,18,213,0,1,35,0,36,29,97,105,18,249,20,22,42,291
02/20/2015,FSD,SD,AGL,CE,Combined TRACON& Tower with Radar,28,85,41,20,174,0,0,7,0,7,28,85,48,20,181,12,8,20,201
02/21/2015,FSD,SD,AGL,CE,Combined TRACON& Tower with Radar,21,46,17,2,86,0,3,21,0,24,21,49,38,2,110,6,0,6,116
02/22/2015,FSD,SD,AGL,CE,Combined TRACON& Tower with Radar,22,33,16,0,71,0,5,17,0,22,22,38,33,0,93,6,0,6,99
02/23/2015,FSD,SD,AGL,CE,Combined TRACON& Tower with Radar,23,71,27,0,121,0,3,16,1,20,23,74,43,1,141,14,0,14,155
02/24/2015,FSD,SD,AGL,CE,Combined TRACON& Tower with Radar,27,82,50,16,175,0,0,9,0,9,27,82,59,16,184,6,22,28,212
02/25/2015,FSD,SD,AGL,CE,Combined TRACON& Tower with Radar,28,86,38,0,152,0,6,1,0,7,28,92,39,0,159,0,0,0,159
02/26/2015,FSD,SD,AGL,CE,Combined TRACON& Tower with Radar,28,92,66,10,196,0,7,11,0,18,28,99,77,10,214,12,0,12,226
02/27/2015,FSD,SD,AGL,CE,Combined TRACON& Tower with Radar,31,73,36,11,151,0,3,21,0,24,31,76,57,11,175,0,0,0,175
02/28/2015,FSD,SD,AGL,CE,Combined TRACON& Tower with Radar,25,43,11,0,79,0,0,14,0,14,25,43,25,0,93,14,0,14,107
03/01/2015,FSD,SD,AGL,CE,Combined TRACON& Tower with Radar,19,35,25,0,79,0,2,24,0,26,19,37,49,0,105,0,0,0,105
03/02/2015,FSD,SD,AGL,CE,Combined TRACON& Tower with Radar,18,59,42,0,119,0,2,10,0,12,18,61,52,0,131,8,0,8,139
03/03/2015,FSD,SD,AGL,CE,Combined TRACON& Tower with Radar,24,85,30,0,139,0,1,0,0,1,24,86,30,0,140,0,0,0,140
03/04/2015,FSD,SD,AGL,CE,Combined TRACON& Tower with Radar,24,97,40,12,173,0,0,19,0,19,24,97,59,12,192,2,38,40,232
03/05/2015,FSD,SD,AGL,CE,Combined TRACON& Tower with Radar,23,91,61,17,192,0,17,38,1,56,23,108,99,18,248,22,22,44,292
03/06/2015,FSD,SD,AGL,CE,Combined TRACON& Tower with Radar,28,87,32,0,147,0,13,39,1,53,28,100,71,1,200,50,0,50,250
03/07/2015,FSD,SD,AGL,CE,Combined TRACON& Tower with Radar,22,50,16,0,88,0,1,23,0,24,22,51,39,0,112,20,0,20,132
03/08/2015,FSD,SD,AGL,CE,Combined TRACON& Tower with Radar,20,34,18,11,83,0,1,22,0,23,20,35,40,11,106,10,14,24,130
03/09/2015,FSD,SD,AGL,CE,Combined TRACON& Tower with Radar,23,77,49,2,151,0,0,11,0,11,23,77,60,2,162,6,0,6,168
03/10/2015,FSD,SD,AGL,CE,Combined TRACON& Tower with Radar,29,78,49,12,168,0,3,28,0,31,29,81,77,12,199,22,18,40,239
03/11/2015,FSD,SD,AGL,CE,Combined TRACON& Tower with Radar,30,81,41,12,164,0,1,24,4,29,30,82,65,16,193,0,10,10,203
03/12/2015,FSD,SD,AGL,CE,Combined TRACON& Tower with Radar,29,83,58,10,180,0,7,16,2,25,29,90,74,12,205,0,4,4,209
03/13/2015,FSD,SD,AGL,CE,Combined TRACON& Tower with Radar,30,77,22,12,141,0,5,27,3,35,30,82,49,15,176,38,8,46,222
03/14/2015,FSD,SD,AGL,CE,Combined TRACON& Tower with Radar,22,58,9,0,89,0,3,29,0,32,22,61,38,0,121,36,0,36,157
03/15/2015,FSD,SD,AGL,CE,Combined TRACON& Tower with Radar,19,37,22,0,78,0,1,17,0,18,19,38,39,0,96,0,0,0,96
03/16/2015,FSD,SD,AGL,CE,Combined TRACON& Tower with Radar,22,70,30,26,148,0,3,10,0,13,22,73,40,26,161,4,22,26,187
03/17/2015,FSD,SD,AGL,CE,Combined TRACON& Tower with Radar,27,80,54,14,175,0,3,21,0,24,27,83,75,14,199,28,0,28,227
03/18/2015,FSD,SD,AGL,CE,Combined TRACON& Tower with Radar,28,99,64,15,206,0,9,32,0,41,28,108,96,15,247,46,0,46,293
03/19/2015,FSD,SD,AGL,CE,Combined TRACON& Tower with Radar,27,79,62,15,183,0,1,34,0,35,27,80,96,15,218,50,0,50,268
03/20/2015,FSD,SD,AGL,CE,Combined TRACON& Tower with Radar,29,78,51,2,160,0,1,31,0,32,29,79,82,2,192,32,0,32,224
03/21/2015,FSD,SD,AGL,CE,Combined TRACON& Tower with Radar,21,42,16,0,79,0,1,19,0,20,21,43,35,0,99,34,0,34,133
03/22/2015,FSD,SD,AGL,CE,Combined TRACON& Tower with Radar,19,46,14,1,80,0,0,8,0,8,19,46,22,1,88,2,0,2,90
03/23/2015,FSD,SD,AGL,CE,Combined TRACON& Tower with Radar,24,65,43,5,137,0,0,7,0,7,24,65,50,5,144,0,0,0,144
03/24/2015,FSD,SD,AGL,CE,Combined TRACON& Tower with Radar,29,102,63,18,212,0,0,0,0,0,29,102,63,18,212,0,0,0,212
03/25/2015,FSD,SD,AGL,CE,Combined TRACON& Tower with Radar,28,89,51,13,181,0,3,3,0,6,28,92,54,13,187,0,0,0,187
03/26/2015,FSD,SD,AGL,CE,Combined TRACON& Tower with Radar,27,75,72,13,187,0,0,20,1,21,27,75,92,14,208,0,28,28,236
03/27/2015,FSD,SD,AGL,CE,Combined TRACON& Tower with Radar,32,77,45,9,163,0,0,25,5,30,32,77,70,14,193,8,32,40,233
03/28/2015,FSD,SD,AGL,CE,Combined TRACON& Tower with Radar,20,58,19,0,97,0,1,27,2,30,20,59,46,2,127,28,0,28,155
03/29/2015,FSD,SD,AGL,CE,Combined TRACON& Tower with Radar,21,35,18,0,74,0,0,1,0,1,21,35,19,0,75,0,0,0,75
03/30/2015,FSD,SD,AGL,CE,Combined TRACON& Tower with Radar,22,57,41,0,120,0,2,26,0,28,22,59,67,0,148,24,0,24,172
03/31/2015,FSD,SD,AGL,CE,Combined TRACON& Tower with Radar,28,79,47,10,164,0,2,53,1,56,28,81,100,11,220,38,0,38,258
04/01/2015,FSD,SD,AGL,CE,Combined TRACON& Tower with Radar,34,100,28,17,179,0,4,7,0,11,34,104,35,17,190,0,10,10,200
04/02/2015,FSD,SD,AGL,CE,Combined TRACON& Tower with Radar,28,87,60,11,186,0,4,33,1,38,28,91,93,12,224,0,6,6,230
04/03/2015,FSD,SD,AGL,CE,Combined TRACON& Tower with Radar,23,69,37,8,137,0,0,26,0,26,23,69,63,8,163,74,12,86,249
04/04/2015,FSD,SD,AGL,CE,Combined TRACON& Tower with Radar,21,42,13,0,76,0,6,23,0,29,21,48,36,0,105,6,0,6,111
04/05/2015,FSD,SD,AGL,CE,Combined TRACON& Tower with Radar,14,38,11,0,63,0,1,12,0,13,14,39,23,0,76,0,0,0,76
04/06/2015,FSD,SD,AGL,CE,Combined TRACON& Tower with Radar,21,59,35,2,117,0,0,3,0,3,21,59,38,2,120,0,0,0,120
04/07/2015,FSD,SD,AGL,CE,Combined TRACON& Tower with Radar,31,63,50,22,166,0,0,1,0,1,31,63,51,22,167,16,8,24,191
04/08/2015,FSD,SD,AGL,CE,Combined TRACON& Tower with Radar,25,89,54,20,188,0,0,0,0,0,25,89,54,20,188,0,0,0,188
04/09/2015,FSD,SD,AGL,CE,Combined TRACON& Tower with Radar,29,70,66,11,176,0,0,1,0,1,29,70,67,11,177,0,0,0,177
04/10/2015,FSD,SD,AGL,CE,Combined TRACON& Tower with Radar,28,83,46,11,168,0,7,31,2,40,28,90,77,13,208,14,20,34,242
04/11/2015,FSD,SD,AGL,CE,Combined TRACON& Tower with Radar,16,44,22,12,94,0,9,21,1,31,16,53,43,13,125,46,0,46,171
04/12/2015,FSD,SD,AGL,CE,Combined TRACON& Tower with Radar,22,29,11,16,78,0,1,9,0,10,22,30,20,16,88,46,0,46,134
04/13/2015,FSD,SD,AGL,CE,Combined TRACON& Tower with Radar,25,56,37,0,118,0,0,26,1,27,25,56,63,1,145,28,0,28,173
04/14/2015,FSD,SD,AGL,CE,Combined TRACON& Tower with Radar,31,71,52,12,166,0,5,15,0,20,31,76,67,12,186,26,14,40,226
04/15/2015,FSD,SD,AGL,CE,Combined TRACON& Tower with Radar,26,89,56,13,184,0,4,23,0,27,26,93,79,13,211,6,12,18,229
04/16/2015,FSD,SD,AGL,CE,Combined TRACON& Tower with Radar,29,75,66,17,187,0,3,39,0,42,29,78,105,17,229,30,16,46,275
04/17/2015,FSD,SD,AGL,CE,Combined TRACON& Tower with Radar,32,70,52,10,164,0,3,24,4,31,32,73,76,14,195,28,38,66,261
04/18/2015,FSD,SD,AGL,CE,Combined TRACON& Tower with Radar,18,51,26,0,95,0,0,4,0,4,18,51,30,0,99,20,0,20,119
04/19/2015,FSD,SD,AGL,CE,Combined TRACON& Tower with Radar,25,37,19,0,81,0,3,5,3,11,25,40,24,3,92,0,0,0,92
04/20/2015,FSD,SD,AGL,CE,Combined TRACON& Tower with Radar,25,54,36,9,124,0,4,9,0,13,25,58,45,9,137,0,0,0,137
04/21/2015,FSD,SD,AGL,CE,Combined TRACON& Tower with Radar,27,68,57,14,166,0,5,9,1,15,27,73,66,15,181,28,22,50,231
04/22/2015,FSD,SD,AGL,CE,Combined TRACON& Tower with Radar,27,79,75,16,197,0,5,28,0,33,27,84,103,16,230,52,4,56,286
04/23/2015,FSD,SD,AGL,CE,Combined TRACON& Tower with Radar,30,74,76,36,216,0,6,41,0,47,30,80,117,36,263,24,22,46,309
04/24/2015,FSD,SD,AGL,CE,Combined TRACON& Tower with Radar,28,77,35,2,142,0,4,12,3,19,28,81,47,5,161,0,8,8,169
04/25/2015,FSD,SD,AGL,CE,Combined TRACON& Tower with Radar,18,44,20,0,82,0,1,4,0,5,18,45,24,0,87,0,0,0,87
04/26/2015,FSD,SD,AGL,CE,Combined TRACON& Tower with Radar,21,33,23,0,77,0,2,26,0,28,21,35,49,0,105,34,0,34,139
04/27/2015,FSD,SD,AGL,CE,Combined TRACON& Tower with Radar,23,60,43,1,127,0,5,25,0,30,23,65,68,1,157,26,0,26,183
04/28/2015,FSD,SD,AGL,CE,Combined TRACON& Tower with Radar,28,82,57,16,183,0,5,24,1,30,28,87,81,17,213,6,38,44,257
04/29/2015,FSD,SD,AGL,CE,Combined TRACON& Tower with Radar,27,72,50,14,163,0,3,31,0,34,27,75,81,14,197,34,22,56,253
04/30/2015,FSD,SD,AGL,CE,Combined TRACON& Tower with Radar,32,75,44,15,166,0,7,30,1,38,32,82,74,16,204,28,12,40,244
05/01/2015,FSD,SD,AGL,CE,Combined TRACON& Tower with Radar,30,79,38,11,158,0,0,18,0,18,30,79,56,11,176,24,24,48,224
05/02/2015,FSD,SD,AGL,CE,Combined TRACON& Tower with Radar,16,44,24,12,96,0,5,32,0,37,16,49,56,12,133,28,36,64,197
05/03/2015,FSD,SD,AGL,CE,Combined TRACON& Tower with Radar,25,28,19,6,78,0,0,13,2,15,25,28,32,8,93,20,18,38,131
05/04/2015,FSD,SD,AGL,CE,Combined TRACON& Tower with Radar,26,65,57,2,150,0,5,11,0,16,26,70,68,2,166,2,0,2,168
05/05/2015,FSD,SD,AGL,CE,Combined TRACON& Tower with Radar,31,77,62,10,180,0,6,10,0,16,31,83,72,10,196,0,18,18,214
05/06/2015,FSD,SD,AGL,CE,Combined TRACON& Tower with Radar,30,88,44,19,181,0,3,6,0,9,30,91,50,19,190,0,0,0,190
05/07/2015,FSD,SD,AGL,CE,Combined TRACON& Tower with Radar,42,90,73,12,217,0,2,8,0,10,42,92,81,12,227,8,0,8,235
05/08/2015,FSD,SD,AGL,CE,Combined TRACON& Tower with Radar,34,73,40,3,150,0,2,13,0,15,34,75,53,3,165,0,0,0,165
05/09/2015,FSD,SD,AGL,CE,Combined TRACON& Tower with Radar,22,33,23,3,81,0,4,8,0,12,22,37,31,3,93,0,0,0,93
05/10/2015,FSD,SD,AGL,CE,Combined TRACON& Tower with Radar,33,22,8,1,64,0,0,1,0,1,33,22,9,1,65,0,0,0,65
05/11/2015,FSD,SD,AGL,CE,Combined TRACON& Tower with Radar,27,54,49,10,140,0,1,1,0,2,27,55,50,10,142,0,0,0,142
05/12/2015,FSD,SD,AGL,CE,Combined TRACON& Tower with Radar,36,74,72,4,186,0,1,31,0,32,36,75,103,4,218,30,12,42,260
05/13/2015,FSD,SD,AGL,CE,Combined TRACON& Tower with Radar,37,82,32,5,156,0,2,6,0,8,37,84,38,5,164,0,0,0,164
05/14/2015,FSD,SD,AGL,CE,Combined TRACON& Tower with Radar,40,70,66,3,179,0,0,1,0,1,40,70,67,3,180,0,0,0,180
05/15/2015,FSD,SD,AGL,CE,Combined TRACON& Tower with Radar,32,66,33,5,136,0,4,11,3,18,32,70,44,8,154,38,20,58,212
05/16/2015,FSD,SD,AGL,CE,Combined TRACON& Tower with Radar,28,32,20,0,80,0,0,0,0,0,28,32,20,0,80,0,0,0,80
05/17/2015,FSD,SD,AGL,CE,Combined TRACON& Tower with Radar,28,36,15,0,79,0,1,4,0,5,28,37,19,0,84,22,0,22,106
05/18/2015,FSD,SD,AGL,CE,Combined TRACON& Tower with Radar,26,54,37,0,117,0,2,11,0,13,26,56,48,0,130,20,0,20,150
05/19/2015,FSD,SD,AGL,CE,Combined TRACON& Tower with Radar,36,73,59,6,174,0,3,15,0,18,36,76,74,6,192,0,10,10,202
05/20/2015,FSD,SD,AGL,CE,Combined TRACON& Tower with Radar,36,76,58,14,184,0,0,16,0,16,36,76,74,14,200,30,8,38,238
05/21/2015,FSD,SD,AGL,CE,Combined TRACON& Tower with Radar,39,71,82,7,199,0,2,29,1,32,39,73,111,8,231,4,6,10,241
05/22/2015,FSD,SD,AGL,CE,Combined TRACON& Tower with Radar,32,65,31,4,132,0,3,35,0,38,32,68,66,4,170,40,10,50,220
05/23/2015,FSD,SD,AGL,CE,Combined TRACON& Tower with Radar,26,34,11,0,71,0,1,10,0,11,26,35,21,0,82,0,0,0,82
05/24/2015,FSD,SD,AGL,CE,Combined TRACON& Tower with Radar,34,33,10,0,77,0,0,0,0,0,34,33,10,0,77,0,0,0,77
05/25/2015,FSD,SD,AGL,CE,Combined TRACON& Tower with Radar,20,29,18,0,67,0,0,6,0,6,20,29,24,0,73,8,0,8,81
05/26/2015,FSD,SD,AGL,CE,Combined TRACON& Tower with Radar,31,61,51,1,144,0,1,5,0,6,31,62,56,1,150,20,0,20,170
05/27/2015,FSD,SD,AGL,CE,Combined TRACON& Tower with Radar,29,73,58,2,162,0,1,35,0,36,29,74,93,2,198,44,14,58,256
05/28/2015,FSD,SD,AGL,CE,Combined TRACON& Tower with Radar,40,83,53,11,187,0,0,15,0,15,40,83,68,11,202,0,10,10,212
05/29/2015,FSD,SD,AGL,CE,Combined TRACON& Tower with Radar,31,79,24,5,139,0,0,3,0,3,31,79,27,5,142,0,0,0,142
05/30/2015,FSD,SD,AGL,CE,Combined TRACON& Tower with Radar,23,36,25,0,84,0,1,29,0,30,23,37,54,0,114,10,0,10,124
05/31/2015,FSD,SD,AGL,CE,Combined TRACON& Tower with Radar,30,25,12,0,67,0,1,6,0,7,30,26,18,0,74,0,0,0,74
06/01/2015,FSD,SD,AGL,CE,Combined TRACON& Tower with Radar,25,57,47,0,129,0,3,20,0,23,25,60,67,0,152,18,0,18,170
06/02/2015,FSD,SD,AGL,CE,Combined TRACON& Tower with Radar,40,66,46,2,154,0,13,20,0,33,40,79,66,2,187,10,8,18,205
06/03/2015,FSD,SD,AGL,CE,Combined TRACON& Tower with Radar,37,89,47,3,176,0,3,20,0,23,37,92,67,3,199,32,8,40,239
06/04/2015,FSD,SD,AGL,CE,Combined TRACON& Tower with Radar,38,71,76,2,187,0,0,19,0,19,38,71,95,2,206,22,4,26,232
06/05/2015,FSD,SD,AGL,CE,Combined TRACON& Tower with Radar,27,70,29,10,136,0,3,17,0,20,27,73,46,10,156,0,16,16,172
06/06/2015,FSD,SD,AGL,CE,Combined TRACON& Tower with Radar,23,43,14,5,85,0,6,5,9,20,23,49,19,14,105,4,20,24,129
06/07/2015,FSD,SD,AGL,CE,Combined TRACON& Tower with Radar,29,25,21,7,82,0,2,27,1,30,29,27,48,8,112,14,6,20,132
06/08/2015,FSD,SD,AGL,CE,Combined TRACON& Tower with Radar,22,62,71,0,155,0,3,49,0,52,22,65,120,0,207,64,0,64,271
06/09/2015,FSD,SD,AGL,CE,Combined TRACON& Tower with Radar,35,86,57,3,181,0,2,23,2,27,35,88,80,5,208,30,0,30,238
06/10/2015,FSD,SD,AGL,CE,Combined TRACON& Tower with Radar,33,82,63,4,182,0,1,19,1,21,33,83,82,5,203,20,14,34,237
06/11/2015,FSD,SD,AGL,CE,Combined TRACON& Tower with Radar,34,81,69,1,185,0,0,2,0,2,34,81,71,1,187,0,0,0,187
06/12/2015,FSD,SD,AGL,CE,Combined TRACON& Tower with Radar,29,80,57,9,175,0,4,21,2,27,29,84,78,11,202,48,4,52,254
06/13/2015,FSD,SD,AGL,CE,Combined TRACON& Tower with Radar,26,40,13,0,79,0,0,10,2,12,26,40,23,2,91,28,32,60,151
06/14/2015,FSD,SD,AGL,CE,Combined TRACON& Tower with Radar,25,29,29,6,89,0,1,42,0,43,25,30,71,6,132,102,6,108,240
06/15/2015,FSD,SD,AGL,CE,Combined TRACON& Tower with Radar,25,51,44,0,120,0,5,26,3,34,25,56,70,3,154,12,0,12,166
06/16/2015,FSD,SD,AGL,CE,Combined TRACON& Tower with Radar,31,82,65,4,182,0,5,27,0,32,31,87,92,4,214,22,4,26,240
06/17/2015,FSD,SD,AGL,CE,Combined TRACON& Tower with Radar,30,75,78,6,189,0,1,15,2,18,30,76,93,8,207,24,0,24,231
06/18/2015,FSD,SD,AGL,CE,Combined TRACON& Tower with Radar,37,79,58,24,198,0,1,32,5,38,37,80,90,29,236,0,22,22,258
06/19/2015,FSD,SD,AGL,CE,Combined TRACON& Tower with Radar,32,86,46,4,168,0,2,24,0,26,32,88,70,4,194,6,10,16,210
06/20/2015,FSD,SD,AGL,CE,Combined TRACON& Tower with Radar,25,40,19,0,84,0,4,23,0,27,25,44,42,0,111,38,0,38,149
06/21/2015,FSD,SD,AGL,CE,Combined TRACON& Tower with Radar,27,31,23,0,81,0,0,39,0,39,27,31,62,0,120,14,0,14,134
06/22/2015,FSD,SD,AGL,CE,Combined TRACON& Tower with Radar,23,42,34,0,99,0,1,24,0,25,23,43,58,0,124,20,0,20,144
06/23/2015,FSD,SD,AGL,CE,Combined TRACON& Tower with Radar,34,68,72,2,176,0,2,17,0,19,34,70,89,2,195,8,0,8,203
06/24/2015,FSD,SD,AGL,CE,Combined TRACON& Tower with Radar,28,74,41,5,148,0,0,25,0,25,28,74,66,5,173,6,0,6,179
06/25/2015,FSD,SD,AGL,CE,Combined TRACON& Tower with Radar,36,73,52,9,170,0,6,22,0,28,36,79,74,9,198,24,8,32,230
06/26/2015,FSD,SD,AGL,CE,Combined TRACON& Tower with Radar,29,77,27,2,135,0,3,37,5,45,29,80,64,7,180,46,0,46,226
06/27/2015,FSD,SD,AGL,CE,Combined TRACON& Tower with Radar,22,42,26,0,90,0,0,27,0,27,22,42,53,0,117,26,0,26,143
06/28/2015,FSD,SD,AGL,CE,Combined TRACON& Tower with Radar,31,30,18,2,81,0,4,25,4,33,31,34,43,6,114,0,0,0,114
06/29/2015,FSD,SD,AGL,CE,Combined TRACON& Tower with Radar,26,61,46,0,133,0,10,36,0,46,26,71,82,0,179,58,0,58,237
06/30/2015,FSD,SD,AGL,CE,Combined TRACON& Tower with Radar,29,73,47,1,150,0,2,20,1,23,29,75,67,2,173,2,0,2,175
07/01/2015,FSD,SD,AGL,CE,Combined TRACON& Tower with Radar,32,83,76,7,198,0,2,27,0,29,32,85,103,7,227,50,4,54,281
07/02/2015,FSD,SD,AGL,CE,Combined TRACON& Tower with Radar,35,84,38,6,163,0,5,14,2,21,35,89,52,8,184,0,8,8,192
07/03/2015,FSD,SD,AGL,CE,Combined TRACON& Tower with Radar,19,53,16,0,88,0,0,20,0,20,19,53,36,0,108,40,0,40,148
07/04/2015,FSD,SD,AGL,CE,Combined TRACON& Tower with Radar,19,23,10,0,52,0,4,18,0,22,19,27,28,0,74,0,0,0,74
07/05/2015,FSD,SD,AGL,CE,Combined TRACON& Tower with Radar,29,36,29,0,94,0,0,14,0,14,29,36,43,0,108,0,0,0,108
07/06/2015,FSD,SD,AGL,CE,Combined TRACON& Tower with Radar,22,66,52,2,142,0,1,3,0,4,22,67,55,2,146,0,0,0,146
07/07/2015,FSD,SD,AGL,CE,Combined TRACON& Tower with Radar,30,81,45,1,157,0,3,34,5,42,30,84,79,6,199,32,12,44,243
07/08/2015,FSD,SD,AGL,CE,Combined TRACON& Tower with Radar,29,83,67,6,185,0,1,58,0,59,29,84,125,6,244,40,16,56,300
07/09/2015,FSD,SD,AGL,CE,Combined TRACON& Tower with Radar,35,91,57,10,193,0,2,36,0,38,35,93,93,10,231,46,14,60,291
07/10/2015,FSD,SD,AGL,CE,Combined TRACON& Tower with Radar,27,84,46,0,157,0,3,21,0,24,27,87,67,0,181,6,0,6,187
07/11/2015,FSD,SD,AGL,CE,Combined TRACON& Tower with Radar,20,54,23,14,111,0,1,10,2,13,20,55,33,16,124,22,2,24,148
07/12/2015,FSD,SD,AGL,CE,Combined TRACON& Tower with Radar,27,33,20,0,80,0,1,9,0,10,27,34,29,0,90,0,0,0,90
07/13/2015,FSD,SD,AGL,CE,Combined TRACON& Tower with Radar,22,61,41,2,126,0,2,31,4,37,22,63,72,6,163,14,0,14,177
07/14/2015,FSD,SD,AGL,CE,Combined TRACON& Tower with Radar,30,83,62,6,181,0,2,40,0,42,30,85,102,6,223,32,8,40,263
07/15/2015,FSD,SD,AGL,CE,Combined TRACON& Tower with Radar,30,89,51,4,174,0,3,24,0,27,30,92,75,4,201,10,6,16,217
07/16/2015,FSD,SD,AGL,CE,Combined TRACON& Tower with Radar,37,89,78,7,211,0,4,25,0,29,37,93,103,7,240,8,0,8,248
07/17/2015,FSD,SD,AGL,CE,Combined TRACON& Tower with Radar,31,99,39,0,169,0,3,55,0,58,31,102,94,0,227,34,0,34,261
07/18/2015,FSD,SD,AGL,CE,Combined TRACON& Tower with Radar,22,50,27,0,99,0,0,33,0,33,22,50,60,0,132,34,0,34,166
07/19/2015,FSD,SD,AGL,CE,Combined TRACON& Tower with Radar,33,34,22,0,89,0,2,40,0,42,33,36,62,0,131,18,0,18,149
07/20/2015,FSD,SD,AGL,CE,Combined TRACON& Tower with Radar,22,71,65,2,160,0,4,32,2,38,22,75,97,4,198,24,0,24,222
07/21/2015,FSD,SD,AGL,CE,Combined TRACON& Tower with Radar,31,94,46,2,173,0,2,41,0,43,31,96,87,2,216,14,6,20,236
07/22/2015,FSD,SD,AGL,CE,Combined TRACON& Tower with Radar,27,91,76,1,195,0,2,38,1,41,27,93,114,2,236,60,6,66,302
07/23/2015,FSD,SD,AGL,CE,Combined TRACON& Tower with Radar,39,93,50,0,182,0,4,33,0,37,39,97,83,0,219,22,0,22,241
07/24/2015,FSD,SD,AGL,CE,Combined TRACON& Tower with Radar,26,85,37,1,149,0,4,29,0,33,26,89,66,1,182,22,0,22,204
07/25/2015,FSD,SD,AGL,CE,Combined TRACON& Tower with Radar,20,42,8,17,87,0,1,24,0,25,20,43,32,17,112,16,0,16,128
07/26/2015,FSD,SD,AGL,CE,Combined TRACON& Tower with Radar,29,32,19,2,82,0,1,23,0,24,29,33,42,2,106,18,0,18,124
07/27/2015,FSD,SD,AGL,CE,Combined TRACON& Tower with Radar,20,61,49,0,130,0,3,12,0,15,20,64,61,0,145,36,0,36,181
07/28/2015,FSD,SD,AGL,CE,Combined TRACON& Tower with Radar,30,85,41,5,161,0,2,9,0,11,30,87,50,5,172,0,4,4,176
07/29/2015,FSD,SD,AGL,CE,Combined TRACON& Tower with Radar,28,94,62,17,201,0,3,26,0,29,28,97,88,17,230,14,22,36,266
07/30/2015,FSD,SD,AGL,CE,Combined TRACON& Tower with Radar,35,86,60,1,182,0,0,50,0,50,35,86,110,1,232,76,0,76,308
07/31/2015,FSD,SD,AGL,CE,Combined TRACON& Tower with Radar,27,86,41,1,155,0,3,26,0,29,27,89,67,1,184,36,0,36,220
08/01/2015,FSD,SD,AGL,CE,Combined TRACON& Tower with Radar,26,50,14,1,91,0,1,26,0,27,26,51,40,1,118,8,0,8,126
08/02/2015,FSD,SD,AGL,CE,Combined TRACON& Tower with Radar,31,29,32,2,94,0,2,29,0,31,31,31,61,2,125,12,2,14,139
08/03/2015,FSD,SD,AGL,CE,Combined TRACON& Tower with Radar,22,61,56,8,147,0,1,22,8,31,22,62,78,16,178,14,14,28,206
08/04/2015,FSD,SD,AGL,CE,Combined TRACON& Tower with Radar,36,74,57,13,180,0,2,23,1,26,36,76,80,14,206,36,4,40,246
08/05/2015,FSD,SD,AGL,CE,Combined TRACON& Tower with Radar,34,77,51,6,168,0,0,26,0,26,34,77,77,6,194,8,16,24,218
08/06/2015,FSD,SD,AGL,CE,Combined TRACON& Tower with Radar,39,88,47,0,174,0,0,4,0,4,39,88,51,0,178,38,0,38,216
08/07/2015,FSD,SD,AGL,CE,Combined TRACON& Tower with Radar,28,79,20,11,138,0,3,25,1,29,28,82,45,12,167,20,4,24,191
08/08/2015,FSD,SD,AGL,CE,Combined TRACON& Tower with Radar,26,45,14,4,89,0,4,12,2,18,26,49,26,6,107,0,0,0,107
08/09/2015,FSD,SD,AGL,CE,Combined TRACON& Tower with Radar,35,24,22,0,81,0,3,12,0,15,35,27,34,0,96,22,0,22,118
08/10/2015,FSD,SD,AGL,CE,Combined TRACON& Tower with Radar,24,58,46,0,128,0,1,27,0,28,24,59,73,0,156,12,0,12,168
08/11/2015,FSD,SD,AGL,CE,Combined TRACON& Tower with Radar,34,82,67,2,185,0,3,30,0,33,34,85,97,2,218,44,8,52,270
08/12/2015,FSD,SD,AGL,CE,Combined TRACON& Tower with Radar,33,84,41,7,165,0,2,22,4,28,33,86,63,11,193,11,32,43,236
08/13/2015,FSD,SD,AGL,CE,Combined TRACON& Tower with Radar,39,83,69,4,195,0,2,27,0,29,39,85,96,4,224,12,18,30,254
08/14/2015,FSD,SD,AGL,CE,Combined TRACON& Tower with Radar,30,81,39,9,159,0,0,29,0,29,30,81,68,9,188,16,6,22,210
08/15/2015,FSD,SD,AGL,CE,Combined TRACON& Tower with Radar,26,48,23,19,116,0,1,18,1,20,26,49,41,20,136,12,28,40,176
08/16/2015,FSD,SD,AGL,CE,Combined TRACON& Tower with Radar,32,33,13,4,82,0,0,4,1,5,32,33,17,5,87,12,0,12,99
08/17/2015,FSD,SD,AGL,CE,Combined TRACON& Tower with Radar,23,77,48,2,150,0,1,7,0,8,23,78,55,2,158,0,0,0,158
08/18/2015,FSD,SD,AGL,CE,Combined TRACON& Tower with Radar,39,71,30,5,145,0,0,0,0,0,39,71,30,5,145,0,0,0,145
08/19/2015,FSD,SD,AGL,CE,Combined TRACON& Tower with Radar,31,88,62,8,189,0,2,15,0,17,31,90,77,8,206,12,8,20,226
08/20/2015,FSD,SD,AGL,CE,Combined TRACON& Tower with Radar,40,86,57,12,195,0,5,40,0,45,40,91,97,12,240,4,16,20,260
08/21/2015,FSD,SD,AGL,CE,Combined TRACON& Tower with Radar,31,77,41,10,159,0,1,23,2,26,31,78,64,12,185,8,26,34,219
08/22/2015,FSD,SD,AGL,CE,Combined TRACON& Tower with Radar,29,41,14,35,119,0,2,6,2,10,29,43,20,37,129,0,0,0,129
08/23/2015,FSD,SD,AGL,CE,Combined TRACON& Tower with Radar,29,34,17,0,80,0,0,16,2,18,29,34,33,2,98,14,0,14,112
08/24/2015,FSD,SD,AGL,CE,Combined TRACON& Tower with Radar,25,54,36,2,117,0,4,36,0,40,25,58,72,2,157,0,0,0,157
08/25/2015,FSD,SD,AGL,CE,Combined TRACON& Tower with Radar,38,73,59,12,182,0,3,43,4,50,38,76,102,16,232,71,26,97,329
08/26/2015,FSD,SD,AGL,CE,Combined TRACON& Tower with Radar,34,80,57,5,176,0,0,24,1,25,34,80,81,6,201,2,8,10,211
08/27/2015,FSD,SD,AGL,CE,Combined TRACON& Tower with Radar,36,65,60,9,170,0,0,18,0,18,36,65,78,9,188,0,22,22,210
08/28/2015,FSD,SD,AGL,CE,Combined TRACON& Tower with Radar,38,80,51,7,176,0,1,18,0,19,38,81,69,7,195,4,8,12,207
08/29/2015,FSD,SD,AGL,CE,Combined TRACON& Tower with Radar,20,51,14,0,85,0,1,33,0,34,20,52,47,0,119,10,0,10,129
08/30/2015,FSD,SD,AGL,CE,Combined TRACON& Tower with Radar,27,36,22,0,85,0,1,18,0,19,27,37,40,0,104,0,0,0,104
08/31/2015,FSD,SD,AGL,CE,Combined TRACON& Tower with Radar,26,56,32,0,114,0,3,27,0,30,26,59,59,0,144,40,0,40,184
09/01/2015,FSD,SD,AGL,CE,Combined TRACON& Tower with Radar,36,84,48,5,173,0,12,25,0,37,36,96,73,5,210,12,6,18,228
09/02/2015,FSD,SD,AGL,CE,Combined TRACON& Tower with Radar,30,79,60,5,174,0,8,33,1,42,30,87,93,6,216,16,4,20,236
09/03/2015,FSD,SD,AGL,CE,Combined TRACON& Tower with Radar,35,72,51,11,169,0,3,30,1,34,35,75,81,12,203,26,4,30,233
09/04/2015,FSD,SD,AGL,CE,Combined TRACON& Tower with Radar,32,77,36,5,150,0,4,13,3,20,32,81,49,8,170,24,4,28,198
09/05/2015,FSD,SD,AGL,CE,Combined TRACON& Tower with Radar,20,42,24,0,86,0,5,24,1,30,20,47,48,1,116,22,0,22,138
09/06/2015,FSD,SD,AGL,CE,Combined TRACON& Tower with Radar,24,19,4,0,47,0,0,7,2,9,24,19,11,2,56,4,0,4,60
09/07/2015,FSD,SD,AGL,CE,Combined TRACON& Tower with Radar,20,35,15,2,72,0,0,26,0,26,20,35,41,2,98,34,4,38,136
09/08/2015,FSD,SD,AGL,CE,Combined TRACON& Tower with Radar,24,68,76,6,174,0,2,22,0,24,24,70,98,6,198,30,6,36,234
09/09/2015,FSD,SD,AGL,CE,Combined TRACON& Tower with Radar,30,83,63,10,186,0,2,18,0,20,30,85,81,10,206,26,10,36,242
09/10/2015,FSD,SD,AGL,CE,Combined TRACON& Tower with Radar,37,79,71,5,192,0,1,26,0,27,37,80,97,5,219,26,4,30,249
09/11/2015,FSD,SD,AGL,CE,Combined TRACON& Tower with Radar,36,75,34,19,164,0,5,25,1,31,36,80,59,20,195,24,16,40,235
09/12/2015,FSD,SD,AGL,CE,Combined TRACON& Tower with Radar,17,35,15,4,71,0,5,49,1,55,17,40,64,5,126,70,0,70,196
09/13/2015,FSD,SD,AGL,CE,Combined TRACON& Tower with Radar,31,18,20,4,73,0,3,22,0,25,31,21,42,4,98,2,0,2,100
09/14/2015,FSD,SD,AGL,CE,Combined TRACON& Tower with Radar,25,52,45,0,122,0,1,19,0,20,25,53,64,0,142,0,0,0,142
09/15/2015,FSD,SD,AGL,CE,Combined TRACON& Tower with Radar,33,77,57,8,175,0,4,21,0,25,33,81,78,8,200,30,6,36,236
09/16/2015,FSD,SD,AGL,CE,Combined TRACON& Tower with Radar,30,88,55,10,183,0,4,28,1,33,30,92,83,11,216,24,24,48,264
09/17/2015,FSD,SD,AGL,CE,Combined TRACON& Tower with Radar,36,72,62,8,178,0,3,16,0,19,36,75,78,8,197,4,16,20,217
09/18/2015,FSD,SD,AGL,CE,Combined TRACON& Tower with Radar,32,75,46,2,155,0,0,5,0,5,32,75,51,2,160,0,2,2,162
09/19/2015,FSD,SD,AGL,CE,Combined TRACON& Tower with Radar,27,39,27,0,93,0,1,14,1,16,27,40,41,1,109,20,0,20,129
09/20/2015,FSD,SD,AGL,CE,Combined TRACON& Tower with Radar,32,15,26,4,77,0,4,15,0,19,32,19,41,4,96,22,0,22,118
09/21/2015,FSD,SD,AGL,CE,Combined TRACON& Tower with Radar,23,55,51,7,136,0,4,21,0,25,23,59,72,7,161,22,4,26,187
09/22/2015,FSD,SD,AGL,CE,Combined TRACON& Tower with Radar,36,74,66,8,184,0,10,7,1,18,36,84,73,9,202,26,12,38,240
09/23/2015,FSD,SD,AGL,CE,Combined TRACON& Tower with Radar,30,82,69,6,187,0,1,14,0,15,30,83,83,6,202,0,10,10,212
09/24/2015,FSD,SD,AGL,CE,Combined TRACON& Tower with Radar,38,67,82,12,199,0,0,1,0,1,38,67,83,12,200,0,0,0,200
09/25/2015,FSD,SD,AGL,CE,Combined TRACON& Tower with Radar,32,86,48,13,179,0,3,32,3,38,32,89,80,16,217,6,18,24,241
09/26/2015,FSD,SD,AGL,CE,Combined TRACON& Tower with Radar,22,42,18,2,84,0,2,35,0,37,22,44,53,2,121,16,0,16,137
09/27/2015,FSD,SD,AGL,CE,Combined TRACON& Tower with Radar,26,32,29,6,93,0,3,32,0,35,26,35,61,6,128,16,0,16,144
09/28/2015,FSD,SD,AGL,CE,Combined TRACON& Tower with Radar,26,65,37,3,131,0,0,18,1,19,26,65,55,4,150,18,0,18,168
09/29/2015,FSD,SD,AGL,CE,Combined TRACON& Tower with Radar,33,91,53,2,179,0,5,14,1,20,33,96,67,3,199,2,12,14,213
09/30/2015,FSD,SD,AGL,CE,Combined TRACON& Tower with Radar,33,74,54,0,161,0,0,29,2,31,33,74,83,2,192,38,0,38,230
10/01/2015,FSD,SD,AGL,CE,Combined TRACON& Tower with Radar,43,75,52,10,180,0,3,33,0,36,43,78,85,10,216,10,24,34,250
10/02/2015,FSD,SD,AGL,CE,Combined TRACON& Tower with Radar,36,69,47,8,160,0,4,21,1,26,36,73,68,9,186,20,18,38,224
10/03/2015,FSD,SD,AGL,CE,Combined TRACON& Tower with Radar,25,28,21,12,86,0,5,13,0,18,25,33,34,12,104,12,12,24,128
10/04/2015,FSD,SD,AGL,CE,Combined TRACON& Tower with Radar,34,21,23,7,85,0,0,36,0,36,34,21,59,7,121,12,12,24,145
10/05/2015,FSD,SD,AGL,CE,Combined TRACON& Tower with Radar,28,59,40,0,127,0,5,24,0,29,28,64,64,0,156,28,0,28,184
10/06/2015,FSD,SD,AGL,CE,Combined TRACON& Tower with Radar,38,66,67,8,179,0,4,14,0,18,38,70,81,8,197,0,0,0,197
10/07/2015,FSD,SD,AGL,CE,Combined TRACON& Tower with Radar,33,74,66,21,194,0,7,41,1,49,33,81,107,22,243,24,30,54,297
10/08/2015,FSD,SD,AGL,CE,Combined TRACON& Tower with Radar,38,67,38,12,155,0,1,34,1,36,38,68,72,13,191,51,12,63,254
10/09/2015,FSD,SD,AGL,CE,Combined TRACON& Tower with Radar,36,75,51,10,172,0,4,23,1,28,36,79,74,11,200,4,8,12,212
10/10/2015,FSD,SD,AGL,CE,Combined TRACON& Tower with Radar,25,33,9,0,67,0,5,17,1,23,25,38,26,1,90,46,0,46,136
10/11/2015,FSD,SD,AGL,CE,Combined TRACON& Tower with Radar,32,28,27,0,87,0,1,22,2,25,32,29,49,2,112,15,0,15,127
10/12/2015,FSD,SD,AGL,CE,Combined TRACON& Tower with Radar,25,57,23,0,105,0,0,2,0,2,25,57,25,0,107,4,0,4,111
10/13/2015,FSD,SD,AGL,CE,Combined TRACON& Tower with Radar,36,72,77,0,185,0,5,28,1,34,36,77,105,1,219,36,0,36,255
10/14/2015,FSD,SD,AGL,CE,Combined TRACON& Tower with Radar,33,64,54,11,162,0,3,41,1,45,33,67,95,12,207,24,20,44,251
10/15/2015,FSD,SD,AGL,CE,Combined TRACON& Tower with Radar,42,83,58,12,195,0,2,27,0,29,42,85,85,12,224,36,12,48,272
10/16/2015,FSD,SD,AGL,CE,Combined TRACON& Tower with Radar,38,67,55,15,175,0,0,35,0,35,38,67,90,15,210,12,18,30,240
10/17/2015,FSD,SD,AGL,CE,Combined TRACON& Tower with Radar,26,33,20,0,79,0,0,33,0,33,26,33,53,0,112,0,0,0,112
10/18/2015,FSD,SD,AGL,CE,Combined TRACON& Tower with Radar,33,25,40,0,98,0,5,17,0,22,33,30,57,0,120,6,0,6,126
10/19/2015,FSD,SD,AGL,CE,Combined TRACON& Tower with Radar,28,54,73,32,187,0,4,46,0,50,28,58,119,32,237,12,20,32,269
10/20/2015,FSD,SD,AGL,CE,Combined TRACON& Tower with Radar,38,75,53,12,178,0,6,24,0,30,38,81,77,12,208,6,22,28,236
10/21/2015,FSD,SD,AGL,CE,Combined TRACON& Tower with Radar,35,80,76,28,219,0,6,29,0,35,35,86,105,28,254,16,34,50,304
10/22/2015,FSD,SD,AGL,CE,Combined TRACON& Tower with Radar,43,75,71,19,208,0,0,23,0,23,43,75,94,19,231,36,30,66,297
10/23/2015,FSD,SD,AGL,CE,Combined TRACON& Tower with Radar,31,71,52,4,158,0,0,0,0,0,31,71,52,4,158,0,0,0,158
10/24/2015,FSD,SD,AGL,CE,Combined TRACON& Tower with Radar,23,42,12,0,77,0,3,17,0,20,23,45,29,0,97,22,0,22,119
10/25/2015,FSD,SD,AGL,CE,Combined TRACON& Tower with Radar,31,30,19,1,81,0,3,20,0,23,31,33,39,1,104,26,0,26,130
10/26/2015,FSD,SD,AGL,CE,Combined TRACON& Tower with Radar,24,68,42,19,153,0,6,22,1,29,24,74,64,20,182,22,18,40,222
10/27/2015,FSD,SD,AGL,CE,Combined TRACON& Tower with Radar,32,89,68,16,205,0,18,25,1,44,32,107,93,17,249,28,18,46,295
10/28/2015,FSD,SD,AGL,CE,Combined TRACON& Tower with Radar,30,85,65,2,182,0,1,8,2,11,30,86,73,4,193,2,0,2,195
10/29/2015,FSD,SD,AGL,CE,Combined TRACON& Tower with Radar,39,83,75,16,213,0,1,15,0,16,39,84,90,16,229,10,10,20,249
10/30/2015,FSD,SD,AGL,CE,Combined TRACON& Tower with Radar,34,76,49,1,160,0,1,29,1,31,34,77,78,2,191,6,0,6,197
10/31/2015,FSD,SD,AGL,CE,Combined TRACON& Tower with Radar,25,41,22,24,112,0,0,7,0,7,25,41,29,24,119,2,14,16,135
11/01/2015,FSD,SD,AGL,CE,Combined TRACON& Tower with Radar,30,29,20,0,79,0,3,24,0,27,30,32,44,0,106,4,0,4,110
11/02/2015,FSD,SD,AGL,CE,Combined TRACON& Tower with Radar,30,58,50,2,140,0,1,30,0,31,30,59,80,2,171,26,0,26,197
11/03/2015,FSD,SD,AGL,CE,Combined TRACON& Tower with Radar,36,78,74,14,202,0,9,36,0,45,36,87,110,14,247,34,36,70,317
11/04/2015,FSD,SD,AGL,CE,Combined TRACON& Tower with Radar,32,75,99,13,219,0,0,8,0,8,32,75,107,13,227,0,14,14,241
11/05/2015,FSD,SD,AGL,CE,Combined TRACON& Tower with Radar,42,81,64,20,207,0,0,3,0,3,42,81,67,20,210,0,0,0,210
11/06/2015,FSD,SD,AGL,CE,Combined TRACON& Tower with Radar,37,71,48,7,163,0,2,21,0,23,37,73,69,7,186,10,16,26,212
11/07/2015,FSD,SD,AGL,CE,Combined TRACON& Tower with Radar,27,45,16,8,96,0,8,30,0,38,27,53,46,8,134,2,14,16,150
11/08/2015,FSD,SD,AGL,CE,Combined TRACON& Tower with Radar,34,28,29,0,91,0,2,16,0,18,34,30,45,0,109,0,0,0,109
11/09/2015,FSD,SD,AGL,CE,Combined TRACON& Tower with Radar,28,63,60,0,151,0,1,29,0,30,28,64,89,0,181,38,0,38,219
11/10/2015,FSD,SD,AGL,CE,Combined TRACON& Tower with Radar,40,74,72,10,196,0,5,27,0,32,40,79,99,10,228,6,30,36,264
11/11/2015,FSD,SD,AGL,CE,Combined TRACON& Tower with Radar,37,66,45,0,148,0,0,0,0,0,37,66,45,0,148,0,0,0,148
11/12/2015,FSD,SD,AGL,CE,Combined TRACON& Tower with Radar,41,67,56,0,164,0,3,18,0,21,41,70,74,0,185,10,0,10,195
11/13/2015,FSD,SD,AGL,CE,Combined TRACON& Tower with Radar,33,74,55,8,170,0,3,46,0,49,33,77,101,8,219,2,0,2,221
11/14/2015,FSD,SD,AGL,CE,Combined TRACON& Tower with Radar,28,37,14,0,79,0,4,27,0,31,28,41,41,0,110,8,0,8,118
11/15/2015,FSD,SD,AGL,CE,Combined TRACON& Tower with Radar,34,27,33,0,94,0,2,38,0,40,34,29,71,0,134,4,0,4,138
11/16/2015,FSD,SD,AGL,CE,Combined TRACON& Tower with Radar,28,57,65,1,151,0,0,0,0,0,28,57,65,1,151,0,0,0,151
11/17/2015,FSD,SD,AGL,CE,Combined TRACON& Tower with Radar,39,83,60,9,191,0,0,0,0,0,39,83,60,9,191,0,0,0,191
11/18/2015,FSD,SD,AGL,CE,Combined TRACON& Tower with Radar,39,91,59,11,200,0,1,10,0,11,39,92,69,11,211,8,8,16,227
11/19/2015,FSD,SD,AGL,CE,Combined TRACON& Tower with Radar,43,68,46,9,166,0,6,4,0,10,43,74,50,9,176,0,0,0,176
11/20/2015,FSD,SD,AGL,CE,Combined TRACON& Tower with Radar,41,64,14,0,119,0,0,7,0,7,41,64,21,0,126,0,0,0,126
11/21/2015,FSD,SD,AGL,CE,Combined TRACON& Tower with Radar,28,35,21,0,84,0,1,6,0,7,28,36,27,0,91,6,0,6,97
11/22/2015,FSD,SD,AGL,CE,Combined TRACON& Tower with Radar,30,32,29,0,91,0,1,24,0,25,30,33,53,0,116,24,0,24,140
11/23/2015,FSD,SD,AGL,CE,Combined TRACON& Tower with Radar,30,55,51,0,136,0,5,20,0,25,30,60,71,0,161,18,0,18,179
11/24/2015,FSD,SD,AGL,CE,Combined TRACON& Tower with Radar,39,77,47,23,186,0,8,20,0,28,39,85,67,23,214,14,38,52,266
11/25/2015,FSD,SD,AGL,CE,Combined TRACON& Tower with Radar,43,81,30,19,173,0,0,0,0,0,43,81,30,19,173,4,8,12,185
11/26/2015,FSD,SD,AGL,CE,Combined TRACON& Tower with Radar,19,19,7,0,45,0,1,0,0,1,19,20,7,0,46,0,0,0,46
11/27/2015,FSD,SD,AGL,CE,Combined TRACON& Tower with Radar,29,49,19,0,97,0,3,15,0,18,29,52,34,0,115,26,0,26,141
11/28/2015,FSD,SD,AGL,CE,Combined TRACON& Tower with Radar,32,45,24,0,101,0,0,34,0,34,32,45,58,0,135,6,0,6,141
11/29/2015,FSD,SD,AGL,CE,Combined TRACON& Tower with Radar,40,29,31,0,100,0,0,10,0,10,40,29,41,0,110,0,0,0,110
11/30/2015,FSD,SD,AGL,CE,Combined TRACON& Tower with Radar,23,42,10,0,75,0,0,0,0,0,23,42,10,0,75,0,0,0,75
12/01/2015,FSD,SD,AGL,CE,Combined TRACON& Tower with Radar,50,77,39,0,166,0,0,0,0,0,50,77,39,0,166,0,0,0,166
12/02/2015,FSD,SD,AGL,CE,Combined TRACON& Tower with Radar,38,98,77,6,219,0,8,24,2,34,38,106,101,8,253,20,0,20,273
12/03/2015,FSD,SD,AGL,CE,Combined TRACON& Tower with Radar,42,90,65,16,213,0,2,24,0,26,42,92,89,16,239,0,26,26,265
12/04/2015,FSD,SD,AGL,CE,Combined TRACON& Tower with Radar,34,90,32,21,177,0,2,27,1,30,34,92,59,22,207,2,8,10,217
12/05/2015,FSD,SD,AGL,CE,Combined TRACON& Tower with Radar,22,35,11,14,82,0,0,25,0,25,22,35,36,14,107,4,10,14,121
12/06/2015,FSD,SD,AGL,CE,Combined TRACON& Tower with Radar,32,37,36,5,110,0,2,18,0,20,32,39,54,5,130,18,0,18,148
12/07/2015,FSD,SD,AGL,CE,Combined TRACON& Tower with Radar,30,58,86,0,174,0,5,18,0,23,30,63,104,0,197,16,0,16,213
12/08/2015,FSD,SD,AGL,CE,Combined TRACON& Tower with Radar,39,84,79,13,215,0,2,29,0,31,39,86,108,13,246,18,12,30,276
12/09/2015,FSD,SD,AGL,CE,Combined TRACON& Tower with Radar,37,86,55,15,193,0,4,28,0,32,37,90,83,15,225,30,10,40,265
12/10/2015,FSD,SD,AGL,CE,Combined TRACON& Tower with Radar,40,96,57,11,204,0,0,36,4,40,40,96,93,15,244,18,4,22,266
12/11/2015,FSD,SD,AGL,CE,Combined TRACON& Tower with Radar,33,88,42,14,177,0,7,50,0,57,33,95,92,14,234,16,2,18,252
12/12/2015,FSD,SD,AGL,CE,Combined TRACON& Tower with Radar,25,42,21,0,88,0,0,26,0,26,25,42,47,0,114,0,0,0,114
12/13/2015,FSD,SD,AGL,CE,Combined TRACON& Tower with Radar,35,23,25,0,83,0,0,0,0,0,35,23,25,0,83,0,0,0,83
12/14/2015,FSD,SD,AGL,CE,Combined TRACON& Tower with Radar,31,75,54,0,160,0,0,2,0,2,31,75,56,0,162,0,0,0,162
12/15/2015,FSD,SD,AGL,CE,Combined TRACON& Tower with Radar,44,77,23,0,144,0,0,0,0,0,44,77,23,0,144,0,0,0,144
12/16/2015,FSD,SD,AGL,CE,Combined TRACON& Tower with Radar,41,78,41,7,167,0,3,0,0,3,41,81,41,7,170,0,0,0,170
12/17/2015,FSD,SD,AGL,CE,Combined TRACON& Tower with Radar,43,104,81,3,231,0,7,58,3,68,43,111,139,6,299,0,0,0,299
12/18/2015,FSD,SD,AGL,CE,Combined TRACON& Tower with Radar,36,88,47,18,189,0,2,63,0,65,36,90,110,18,254,6,0,6,260
12/19/2015,FSD,SD,AGL,CE,Combined TRACON& Tower with Radar,21,64,26,0,111,0,10,59,0,69,21,74,85,0,180,50,0,50,230
12/20/2015,FSD,SD,AGL,CE,Combined TRACON& Tower with Radar,34,34,27,0,95,0,0,7,0,7,34,34,34,0,102,0,0,0,102
12/21/2015,FSD,SD,AGL,CE,Combined TRACON& Tower with Radar,33,58,28,0,119,0,0,0,0,0,33,58,28,0,119,0,0,0,119
12/22/2015,FSD,SD,AGL,CE,Combined TRACON& Tower with Radar,39,99,44,6,188,0,0,11,0,11,39,99,55,6,199,4,12,16,215
12/23/2015,FSD,SD,AGL,CE,Combined TRACON& Tower with Radar,37,107,27,13,184,0,5,10,3,18,37,112,37,16,202,0,0,0,202
12/24/2015,FSD,SD,AGL,CE,Combined TRACON& Tower with Radar,36,86,19,0,141,0,1,10,0,11,36,87,29,0,152,8,0,8,160
12/25/2015,FSD,SD,AGL,CE,Combined TRACON& Tower with Radar,13,22,5,0,40,0,0,0,0,0,13,22,5,0,40,0,0,0,40
12/26/2015,FSD,SD,AGL,CE,Combined TRACON& Tower with Radar,23,50,17,0,90,0,0,2,0,2,23,50,19,0,92,0,0,0,92
12/27/2015,FSD,SD,AGL,CE,Combined TRACON& Tower with Radar,28,27,33,0,88,0,2,16,0,18,28,29,49,0,106,0,0,0,106
12/28/2015,FSD,SD,AGL,CE,Combined TRACON& Tower with Radar,22,54,27,0,103,0,1,8,0,9,22,55,35,0,112,4,0,4,116
12/29/2015,FSD,SD,AGL,CE,Combined TRACON& Tower with Radar,37,88,21,0,146,0,5,3,0,8,37,93,24,0,154,20,0,20,174
12/30/2015,FSD,SD,AGL,CE,Combined TRACON& Tower with Radar,39,82,21,3,145,0,2,25,0,27,39,84,46,3,172,30,0,30,202
12/31/2015,FSD,SD,AGL,CE,Combined TRACON& Tower with Radar,33,69,19,15,136,0,2,21,0,23,33,71,40,15,159,22,0,22,181
01/01/2016,FSD,SD,AGL,CE,Combined TRACON& Tower with Radar,14,18,16,0,48,0,1,14,0,15,14,19,30,0,63,0,0,0,63
01/02/2016,FSD,SD,AGL,CE,Combined TRACON& Tower with Radar,28,49,20,0,97,0,1,23,0,24,28,50,43,0,121,44,0,44,165
01/03/2016,FSD,SD,AGL,CE,Combined TRACON& Tower with Radar,28,40,34,0,102,0,0,0,0,0,28,40,34,0,102,0,0,0,102
01/04/2016,FSD,SD,AGL,CE,Combined TRACON& Tower with Radar,25,58,51,0,134,0,1,25,0,26,25,59,76,0,160,6,0,6,166
01/05/2016,FSD,SD,AGL,CE,Combined TRACON& Tower with Radar,29,96,72,12,209,0,2,2,0,4,29,98,74,12,213,4,0,4,217
01/06/2016,FSD,SD,AGL,CE,Combined TRACON& Tower with Radar,30,85,50,1,166,0,0,1,0,1,30,85,51,1,167,0,0,0,167
01/07/2016,FSD,SD,AGL,CE,Combined TRACON& Tower with Radar,32,81,34,0,147,0,0,0,0,0,32,81,34,0,147,0,0,0,147
01/08/2016,FSD,SD,AGL,CE,Combined TRACON& Tower with Radar,27,77,21,0,125,0,0,0,0,0,27,77,21,0,125,0,0,0,125
01/09/2016,FSD,SD,AGL,CE,Combined TRACON& Tower with Radar,20,44,13,1,78,0,0,4,0,4,20,44,17,1,82,4,0,4,86
01/10/2016,FSD,SD,AGL,CE,Combined TRACON& Tower with Radar,23,21,24,16,84,0,0,11,0,11,23,21,35,16,95,6,10,16,111
01/11/2016,FSD,SD,AGL,CE,Combined TRACON& Tower with Radar,21,60,44,1,126,0,2,10,0,12,21,62,54,1,138,0,0,0,138
01/12/2016,FSD,SD,AGL,CE,Combined TRACON& Tower with Radar,26,93,54,14,187,0,13,23,0,36,26,106,77,14,223,18,8,26,249
01/13/2016,FSD,SD,AGL,CE,Combined TRACON& Tower with Radar,27,91,55,19,192,0,14,38,0,52,27,105,93,19,244,66,50,116,360
01/14/2016,FSD,SD,AGL,CE,Combined TRACON& Tower with Radar,31,78,64,15,188,0,1,48,0,49,31,79,112,15,237,54,26,80,317
01/15/2016,FSD,SD,AGL,CE,Combined TRACON& Tower with Radar,30,76,37,19,162,0,2,9,0,11,30,78,46,19,173,40,16,56,229
01/16/2016,FSD,SD,AGL,CE,Combined TRACON& Tower with Radar,22,46,9,0,77,0,0,3,0,3,22,46,12,0,80,10,0,10,90
01/17/2016,FSD,SD,AGL,CE,Combined TRACON& Tower with Radar,23,30,9,0,62,0,0,6,0,6,23,30,15,0,68,0,0,0,68
01/18/2016,FSD,SD,AGL,CE,Combined TRACON& Tower with Radar,21,53,41,0,115,0,2,14,0,16,21,55,55,0,131,0,0,0,131
01/19/2016,FSD,SD,AGL,CE,Combined TRACON& Tower with Radar,27,77,58,1,163,0,0,1,0,1,27,77,59,1,164,0,0,0,164
01/20/2016,FSD,SD,AGL,CE,Combined TRACON& Tower with Radar,28,103,74,18,223,0,0,1,0,1,28,103,75,18,224,0,0,0,224
01/21/2016,FSD,SD,AGL,CE,Combined TRACON& Tower with Radar,33,76,38,0,147,0,0,0,0,0,33,76,38,0,147,0,0,0,147
01/22/2016,FSD,SD,AGL,CE,Combined TRACON& Tower with Radar,24,73,40,12,149,0,0,8,0,8,24,73,48,12,157,0,0,0,157
01/23/2016,FSD,SD,AGL,CE,Combined TRACON& Tower with Radar,19,47,15,7,88,0,0,0,0,0,19,47,15,7,88,0,0,0,88
01/24/2016,FSD,SD,AGL,CE,Combined TRACON& Tower with Radar,25,30,29,3,87,0,0,0,0,0,25,30,29,3,87,18,0,18,105
01/25/2016,FSD,SD,AGL,CE,Combined TRACON& Tower with Radar,21,59,34,0,114,0,0,0,0,0,21,59,34,0,114,0,0,0,114
01/26/2016,FSD,SD,AGL,CE,Combined TRACON& Tower with Radar,27,82,52,7,168,0,0,7,0,7,27,82,59,7,175,0,2,2,177
01/27/2016,FSD,SD,AGL,CE,Combined TRACON& Tower with Radar,27,88,57,10,182,0,15,29,2,46,27,103,86,12,228,20,12,32,260
01/28/2016,FSD,SD,AGL,CE,Combined TRACON& Tower with Radar,32,82,60,2,176,0,9,26,0,35,32,91,86,2,211,34,6,40,251
01/29/2016,FSD,SD,AGL,CE,Combined TRACON& Tower with Radar,28,78,30,10,146,0,3,29,0,32,28,81,59,10,178,44,16,60,238
01/30/2016,FSD,SD,AGL,CE,Combined TRACON& Tower with Radar,24,40,15,0,79,0,3,17,0,20,24,43,32,0,99,34,0,34,133
01/31/2016,FSD,SD,AGL,CE,Combined TRACON& Tower with Radar,23,40,18,0,81,0,3,17,0,20,23,43,35,0,101,4,0,4,105
02/01/2016,FSD,SD,AGL,CE,Combined TRACON& Tower with Radar,18,67,44,0,129,0,1,16,0,17,18,68,60,0,146,10,0,10,156
02/02/2016,FSD,SD,AGL,CE,Combined TRACON& Tower with Radar,9,26,8,0,43,0,0,0,0,0,9,26,8,0,43,0,0,0,43
02/03/2016,FSD,SD,AGL,CE,Combined TRACON& Tower with Radar,32,74,50,9,165,0,6,10,0,16,32,80,60,9,181,8,20,28,209
02/04/2016,FSD,SD,AGL,CE,Combined TRACON& Tower with Radar,31,74,63,2,170,0,4,10,2,16,31,78,73,4,186,4,0,4,190
02/05/2016,FSD,SD,AGL,CE,Combined TRACON& Tower with Radar,29,70,47,4,150,0,1,3,0,4,29,71,50,4,154,2,0,2,156
02/06/2016,FSD,SD,AGL,CE,Combined TRACON& Tower with Radar,20,48,20,16,104,0,0,33,0,33,20,48,53,16,137,42,24,66,203
02/07/2016,FSD,SD,AGL,CE,Combined TRACON& Tower with Radar,24,24,14,9,71,0,0,0,0,0,24,24,14,9,71,0,0,0,71
02/08/2016,FSD,SD,AGL,CE,Combined TRACON& Tower with Radar,20,56,43,8,127,0,4,0,1,5,20,60,43,9,132,2,18,20,152
02/09/2016,FSD,SD,AGL,CE,Combined TRACON& Tower with Radar,31,88,43,11,173,0,10,16,0,26,31,98,59,11,199,12,6,18,217
02/10/2016,FSD,SD,AGL,CE,Combined TRACON& Tower with Radar,29,90,57,10,186,0,0,1,0,1,29,90,58,10,187,18,0,18,205
02/11/2016,FSD,SD,AGL,CE,Combined TRACON& Tower with Radar,30,81,40,10,161,0,1,2,0,3,30,82,42,10,164,10,0,10,174
02/12/2016,FSD,SD,AGL,CE,Combined TRACON& Tower with Radar,32,72,30,19,153,0,2,37,1,40,32,74,67,20,193,32,36,68,261
02/13/2016,FSD,SD,AGL,CE,Combined TRACON& Tower with Radar,26,42,25,0,93,0,1,25,0,26,26,43,50,0,119,0,0,0,119
02/14/2016,FSD,SD,AGL,CE,Combined TRACON& Tower with Radar,23,32,12,0,67,0,0,4,0,4,23,32,16,0,71,0,0,0,71
02/15/2016,FSD,SD,AGL,CE,Combined TRACON& Tower with Radar,25,65,25,0,115,0,13,14,0,27,25,78,39,0,142,18,0,18,160
02/16/2016,FSD,SD,AGL,CE,Combined TRACON& Tower with Radar,32,72,54,2,160,0,1,4,0,5,32,73,58,2,165,4,0,4,169
02/17/2016,FSD,SD,AGL,CE,Combined TRACON& Tower with Radar,35,85,87,20,227,0,0,6,0,6,35,85,93,20,233,0,0,0,233
02/18/2016,FSD,SD,AGL,CE,Combined TRACON& Tower with Radar,38,89,45,18,190,0,4,19,0,23,38,93,64,18,213,32,18,50,263
02/19/2016,FSD,SD,AGL,CE,Combined TRACON& Tower with Radar,35,80,37,9,161,0,3,14,0,17,35,83,51,9,178,34,0,34,212
02/20/2016,FSD,SD,AGL,CE,Combined TRACON& Tower with Radar,23,53,20,0,96,0,2,20,0,22,23,55,40,0,118,18,0,18,136
02/21/2016,FSD,SD,AGL,CE,Combined TRACON& Tower with Radar,27,35,23,0,85,0,0,0,0,0,27,35,23,0,85,0,0,0,85
02/22/2016,FSD,SD,AGL,CE,Combined TRACON& Tower with Radar,28,79,74,21,202,0,0,2,0,2,28,79,76,21,204,4,0,4,208
02/23/2016,FSD,SD,AGL,CE,Combined TRACON& Tower with Radar,32,90,52,19,193,0,6,14,0,20,32,96,66,19,213,26,10,36,249
02/24/2016,FSD,SD,AGL,CE,Combined TRACON& Tower with Radar,35,73,93,24,225,0,0,10,0,10,35,73,103,24,235,10,0,10,245
02/25/2016,FSD,SD,AGL,CE,Combined TRACON& Tower with Radar,36,74,75,24,209,0,0,16,0,16,36,74,91,24,225,6,16,22,247
02/26/2016,FSD,SD,AGL,CE,Combined TRACON& Tower with Radar,36,60,43,4,143,0,3,48,0,51,36,63,91,4,194,42,0,42,236
02/27/2016,FSD,SD,AGL,CE,Combined TRACON& Tower with Radar,24,37,21,2,84,0,3,52,0,55,24,40,73,2,139,52,0,52,191
02/28/2016,FSD,SD,AGL,CE,Combined TRACON& Tower with Radar,25,29,29,0,83,0,0,11,0,11,25,29,40,0,94,6,0,6,100
02/29/2016,FSD,SD,AGL,CE,Combined TRACON& Tower with Radar,28,50,45,0,123,0,4,13,0,17,28,54,58,0,140,0,0,0,140
03/01/2016,FSD,SD,AGL,CE,Combined TRACON& Tower with Radar,30,82,41,9,162,0,8,28,2,38,30,90,69,11,200,56,16,72,272
03/02/2016,FSD,SD,AGL,CE,Combined TRACON& Tower with Radar,27,98,44,15,184,0,3,25,0,28,27,101,69,15,212,22,14,36,248
03/03/2016,FSD,SD,AGL,CE,Combined TRACON& Tower with Radar,34,107,46,13,200,0,12,15,0,27,34,119,61,13,227,8,4,12,239
03/04/2016,FSD,SD,AGL,CE,Combined TRACON& Tower with Radar,36,82,51,18,187,0,9,46,0,55,36,91,97,18,242,26,26,52,294
03/05/2016,FSD,SD,AGL,CE,Combined TRACON& Tower with Radar,28,43,18,12,101,0,0,36,0,36,28,43,54,12,137,12,16,28,165
03/06/2016,FSD,SD,AGL,CE,Combined TRACON& Tower with Radar,23,37,24,5,89,0,15,25,0,40,23,52,49,5,129,32,18,50,179
03/07/2016,FSD,SD,AGL,CE,Combined TRACON& Tower with Radar,28,75,51,0,154,0,1,28,0,29,28,76,79,0,183,12,0,12,195
03/08/2016,FSD,SD,AGL,CE,Combined TRACON& Tower with Radar,27,87,47,11,172,0,0,3,0,3,27,87,50,11,175,0,0,0,175
03/09/2016,FSD,SD,AGL,CE,Combined TRACON& Tower with Radar,34,88,50,29,201,0,0,29,0,29,34,88,79,29,230,46,22,68,298
03/10/2016,FSD,SD,AGL,CE,Combined TRACON& Tower with Radar,34,74,61,5,174,0,3,42,0,45,34,77,103,5,219,42,0,42,261
03/11/2016,FSD,SD,AGL,CE,Combined TRACON& Tower with Radar,34,69,23,10,136,0,0,34,0,34,34,69,57,10,170,24,8,32,202
03/12/2016,FSD,SD,AGL,CE,Combined TRACON& Tower with Radar,27,37,23,29,116,0,2,23,3,28,27,39,46,32,144,8,0,8,152
03/13/2016,FSD,SD,AGL,CE,Combined TRACON& Tower with Radar,26,30,15,0,71,0,0,2,0,2,26,30,17,0,73,30,0,30,103
03/14/2016,FSD,SD,AGL,CE,Combined TRACON& Tower with Radar,27,62,28,10,127,0,3,6,0,9,27,65,34,10,136,18,0,18,154
03/15/2016,FSD,SD,AGL,CE,Combined TRACON& Tower with Radar,30,94,69,22,215,0,12,24,1,37,30,106,93,23,252,22,24,46,298
03/16/2016,FSD,SD,AGL,CE,Combined TRACON& Tower with Radar,38,81,46,17,182,0,2,14,0,16,38,83,60,17,198,16,0,16,214
03/17/2016,FSD,SD,AGL,CE,Combined TRACON& Tower with Radar,35,91,52,11,189,0,0,14,0,14,35,91,66,11,203,0,8,8,211
03/18/2016,FSD,SD,AGL,CE,Combined TRACON& Tower with Radar,32,79,48,0,159,0,2,8,0,10,32,81,56,0,169,4,0,4,173
03/19/2016,FSD,SD,AGL,CE,Combined TRACON& Tower with Radar,28,45,16,1,90,0,4,8,0,12,28,49,24,1,102,8,0,8,110
03/20/2016,FSD,SD,AGL,CE,Combined TRACON& Tower with Radar,25,35,18,4,82,0,0,28,0,28,25,35,46,4,110,16,0,16,126
03/21/2016,FSD,SD,AGL,CE,Combined TRACON& Tower with Radar,27,51,40,14,132,0,2,37,3,42,27,53,77,17,174,22,8,30,204
03/22/2016,FSD,SD,AGL,CE,Combined TRACON& Tower with Radar,34,81,50,17,182,0,12,44,0,56,34,93,94,17,238,14,10,24,262
03/23/2016,FSD,SD,AGL,CE,Combined TRACON& Tower with Radar,30,63,27,0,120,0,0,1,0,1,30,63,28,0,121,0,0,0,121
03/24/2016,FSD,SD,AGL,CE,Combined TRACON& Tower with Radar,35,85,50,12,182,0,2,45,1,48,35,87,95,13,230,16,4,20,250
03/25/2016,FSD,SD,AGL,CE,Combined TRACON& Tower with Radar,31,68,27,12,138,0,3,26,0,29,31,71,53,12,167,8,20,28,195
03/26/2016,FSD,SD,AGL,CE,Combined TRACON& Tower with Radar,24,34,15,0,73,0,0,0,0,0,24,34,15,0,73,0,0,0,73
03/27/2016,FSD,SD,AGL,CE,Combined TRACON& Tower with Radar,34,26,8,0,68,0,0,6,0,6,34,26,14,0,74,0,0,0,74
03/28/2016,FSD,SD,AGL,CE,Combined TRACON& Tower with Radar,27,60,54,0,141,0,2,49,2,53,27,62,103,2,194,50,0,50,244
03/29/2016,FSD,SD,AGL,CE,Combined TRACON& Tower with Radar,30,82,60,13,185,0,6,13,1,20,30,88,73,14,205,2,8,10,215
03/30/2016,FSD,SD,AGL,CE,Combined TRACON& Tower with Radar,29,75,43,9,156,0,2,1,0,3,29,77,44,9,159,0,0,0,159
03/31/2016,FSD,SD,AGL,CE,Combined TRACON& Tower with Radar,37,74,71,6,188,0,2,16,0,18,37,76,87,6,206,76,2,78,284
04/01/2016,FSD,SD,AGL,CE,Combined TRACON& Tower with Radar,30,80,43,10,163,0,2,26,0,28,30,82,69,10,191,10,12,22,213
04/02/2016,FSD,SD,AGL,CE,Combined TRACON& Tower with Radar,27,42,11,17,97,0,3,37,1,41,27,45,48,18,138,16,12,28,166
04/03/2016,FSD,SD,AGL,CE,Combined TRACON& Tower with Radar,24,29,24,0,77,0,1,20,0,21,24,30,44,0,98,20,0,20,118
04/04/2016,FSD,SD,AGL,CE,Combined TRACON& Tower with Radar,29,66,52,0,147,0,4,42,0,46,29,70,94,0,193,20,0,20,213
04/05/2016,FSD,SD,AGL,CE,Combined TRACON& Tower with Radar,28,73,49,15,165,0,0,5,0,5,28,73,54,15,170,0,4,4,174
04/06/2016,FSD,SD,AGL,CE,Combined TRACON& Tower with Radar,30,79,56,10,175,0,1,4,0,5,30,80,60,10,180,4,0,4,184
04/07/2016,FSD,SD,AGL,CE,Combined TRACON& Tower with Radar,31,74,58,9,172,0,3,14,0,17,31,77,72,9,189,4,0,4,193
04/08/2016,FSD,SD,AGL,CE,Combined TRACON& Tower with Radar,34,68,43,8,153,0,3,27,0,30,34,71,70,8,183,14,4,18,201
04/09/2016,FSD,SD,AGL,CE,Combined TRACON& Tower with Radar,20,43,22,0,85,0,0,25,0,25,20,43,47,0,110,5,0,5,115
04/10/2016,FSD,SD,AGL,CE,Combined TRACON& Tower with Radar,27,29,24,0,80,0,3,18,0,21,27,32,42,0,101,10,0,10,111
04/11/2016,FSD,SD,AGL,CE,Combined TRACON& Tower with Radar,23,74,56,26,179,0,1,24,0,25,23,75,80,26,204,4,26,30,234
04/12/2016,FSD,SD,AGL,CE,Combined TRACON& Tower with Radar,28,77,47,25,177,0,0,23,0,23,28,77,70,25,200,30,22,52,252
04/13/2016,FSD,SD,AGL,CE,Combined TRACON& Tower with Radar,28,71,38,23,160,0,3,59,0,62,28,74,97,23,222,40,18,58,280
04/14/2016,FSD,SD,AGL,CE,Combined TRACON& Tower with Radar,34,85,61,23,203,0,4,20,1,25,34,89,81,24,228,0,8,8,236
04/15/2016,FSD,SD,AGL,CE,Combined TRACON& Tower with Radar,34,73,47,0,154,0,1,13,0,14,34,74,60,0,168,0,0,0,168
04/16/2016,FSD,SD,AGL,CE,Combined TRACON& Tower with Radar,24,39,12,0,75,0,2,11,0,13,24,41,23,0,88,0,0,0,88
04/17/2016,FSD,SD,AGL,CE,Combined TRACON& Tower with Radar,25,23,18,0,66,0,0,11,0,11,25,23,29,0,77,4,0,4,81
04/18/2016,FSD,SD,AGL,CE,Combined TRACON& Tower with Radar,25,59,36,0,120,0,0,3,0,3,25,59,39,0,123,0,0,0,123
04/19/2016,FSD,SD,AGL,CE,Combined TRACON& Tower with Radar,26,85,63,15,189,0,8,10,0,18,26,93,73,15,207,12,18,30,237
04/20/2016,FSD,SD,AGL,CE,Combined TRACON& Tower with Radar,28,88,57,1,174,0,0,0,0,0,28,88,57,1,174,2,0,2,176
04/21/2016,FSD,SD,AGL,CE,Combined TRACON& Tower with Radar,30,70,61,14,175,0,1,19,0,20,30,71,80,14,195,2,0,2,197
04/22/2016,FSD,SD,AGL,CE,Combined TRACON& Tower with Radar,32,66,38,8,144,0,1,54,0,55,32,67,92,8,199,30,12,42,241
04/23/2016,FSD,SD,AGL,CE,Combined TRACON& Tower with Radar,23,38,20,0,81,0,1,43,0,44,23,39,63,0,125,0,0,0,125
04/24/2016,FSD,SD,AGL,CE,Combined TRACON& Tower with Radar,26,22,18,2,68,0,0,5,0,5,26,22,23,2,73,18,0,18,91
04/25/2016,FSD,SD,AGL,CE,Combined TRACON& Tower with Radar,25,67,56,2,150,0,1,8,0,9,25,68,64,2,159,0,14,14,173
04/26/2016,FSD,SD,AGL,CE,Combined TRACON& Tower with Radar,28,82,67,11,188,0,0,5,0,5,28,82,72,11,193,28,0,28,221
04/27/2016,FSD,SD,AGL,CE,Combined TRACON& Tower with Radar,30,80,59,0,169,0,0,0,0,0,30,80,59,0,169,0,0,0,169
04/28/2016,FSD,SD,AGL,CE,Combined TRACON& Tower with Radar,30,66,53,10,159,0,0,0,0,0,30,66,53,10,159,0,0,0,159
04/29/2016,FSD,SD,AGL,CE,Combined TRACON& Tower with Radar,32,81,45,3,161,0,2,13,0,15,32,83,58,3,176,8,4,12,188
04/30/2016,FSD,SD,AGL,CE,Combined TRACON& Tower with Radar,23,44,15,25,107,0,0,3,0,3,23,44,18,25,110,0,0,0,110
05/01/2016,FSD,SD,AGL,CE,Combined TRACON& Tower with Radar,26,26,31,1,84,0,0,22,0,22,26,26,53,1,106,2,0,2,108
05/02/2016,FSD,SD,AGL,CE,Combined TRACON& Tower with Radar,26,51,48,2,127,0,2,44,0,46,26,53,92,2,173,26,0,26,199
05/03/2016,FSD,SD,AGL,CE,Combined TRACON& Tower with Radar,27,81,44,10,162,0,0,31,0,31,27,81,75,10,193,14,8,22,215
05/04/2016,FSD,SD,AGL,CE,Combined TRACON& Tower with Radar,29,83,75,21,208,0,1,71,1,73,29,84,146,22,281,40,18,58,339
05/05/2016,FSD,SD,AGL,CE,Combined TRACON& Tower with Radar,33,87,63,13,196,0,1,58,0,59,33,88,121,13,255,24,4,28,283
05/06/2016,FSD,SD,AGL,CE,Combined TRACON& Tower with Radar,34,88,43,14,179,0,0,31,0,31,34,88,74,14,210,30,4,34,244
05/07/2016,FSD,SD,AGL,CE,Combined TRACON& Tower with Radar,22,46,32,13,113,0,3,27,7,37,22,49,59,20,150,0,0,0,150
05/08/2016,FSD,SD,AGL,CE,Combined TRACON& Tower with Radar,26,14,31,0,71,0,0,18,0,18,26,14,49,0,89,32,0,32,121
05/09/2016,FSD,SD,AGL,CE,Combined TRACON& Tower with Radar,31,59,68,0,158,0,0,10,0,10,31,59,78,0,168,2,0,2,170
05/10/2016,FSD,SD,AGL,CE,Combined TRACON& Tower with Radar,29,81,59,18,187,0,0,10,0,10,29,81,69,18,197,18,22,40,237
05/11/2016,FSD,SD,AGL,CE,Combined TRACON& Tower with Radar,31,80,50,17,178,0,5,16,2,23,31,85,66,19,201,24,30,54,255
05/12/2016,FSD,SD,AGL,CE,Combined TRACON& Tower with Radar,35,72,71,14,192,0,1,30,0,31,35,73,101,14,223,20,10,30,253
05/13/2016,FSD,SD,AGL,CE,Combined TRACON& Tower with Radar,36,78,34,17,165,0,1,10,0,11,36,79,44,17,176,2,0,2,178
05/14/2016,FSD,SD,AGL,CE,Combined TRACON& Tower with Radar,26,35,16,2,79,0,4,21,2,27,26,39,37,4,106,0,0,0,106
05/15/2016,FSD,SD,AGL,CE,Combined TRACON& Tower with Radar,23,35,23,0,81,0,2,30,0,32,23,37,53,0,113,16,0,16,129
05/16/2016,FSD,SD,AGL,CE,Combined TRACON& Tower with Radar,29,49,41,15,134,0,2,43,0,45,29,51,84,15,179,30,12,42,221
05/17/2016,FSD,SD,AGL,CE,Combined TRACON& Tower with Radar,29,72,65,16,182,0,1,31,0,32,29,73,96,16,214,20,16,36,250
05/18/2016,FSD,SD,AGL,CE,Combined TRACON& Tower with Radar,35,79,72,13,199,0,1,48,0,49,35,80,120,13,248,48,0,48,296
05/19/2016,FSD,SD,AGL,CE,Combined TRACON& Tower with Radar,34,70,68,19,191,0,1,33,0,34,34,71,101,19,225,12,6,18,243
05/20/2016,FSD,SD,AGL,CE,Combined TRACON& Tower with Radar,33,71,48,4,156,0,5,25,0,30,33,76,73,4,186,10,0,10,196
05/21/2016,FSD,SD,AGL,CE,Combined TRACON& Tower with Radar,26,39,15,0,80,0,1,23,0,24,26,40,38,0,104,0,0,0,104
05/22/2016,FSD,SD,AGL,CE,Combined TRACON& Tower with Radar,29,28,23,0,80,0,3,13,0,16,29,31,36,0,96,8,0,8,104
05/23/2016,FSD,SD,AGL,CE,Combined TRACON& Tower with Radar,26,74,55,0,155,0,1,7,0,8,26,75,62,0,163,4,0,4,167
05/24/2016,FSD,SD,AGL,CE,Combined TRACON& Tower with Radar,35,75,63,12,185,0,2,16,1,19,35,77,79,13,204,26,4,30,234
05/25/2016,FSD,SD,AGL,CE,Combined TRACON& Tower with Radar,35,99,42,12,188,0,2,17,0,19,35,101,59,12,207,18,30,48,255
05/26/2016,FSD,SD,AGL,CE,Combined TRACON& Tower with Radar,38,76,56,27,197,0,3,32,0,35,38,79,88,27,232,48,27,75,307
05/27/2016,FSD,SD,AGL,CE,Combined TRACON& Tower with Radar,38,96,32,6,172,0,3,28,0,31,38,99,60,6,203,10,4,14,217
05/28/2016,FSD,SD,AGL,CE,Combined TRACON& Tower with Radar,30,33,13,0,76,0,0,0,0,0,30,33,13,0,76,0,0,0,76
05/29/2016,FSD,SD,AGL,CE,Combined TRACON& Tower with Radar,27,25,20,6,78,0,0,32,0,32,27,25,52,6,110,6,0,6,116
05/30/2016,FSD,SD,AGL,CE,Combined TRACON& Tower with Radar,22,33,12,0,67,0,3,16,0,19,22,36,28,0,86,70,0,70,156
05/31/2016,FSD,SD,AGL,CE,Combined TRACON& Tower with Radar,30,72,52,4,158,0,1,9,0,10,30,73,61,4,168,4,10,14,182
06/01/2016,FSD,SD,AGL,CE,Combined TRACON& Tower with Radar,34,73,43,26,176,0,3,19,1,23,34,76,62,27,199,32,48,80,279
06/02/2016,FSD,SD,AGL,CE,Combined TRACON& Tower with Radar,35,78,56,7,176,0,0,29,0,29,35,78,85,7,205,26,22,48,253
06/03/2016,FSD,SD,AGL,CE,Combined TRACON& Tower with Radar,31,90,34,15,170,0,4,17,0,21,31,94,51,15,191,20,20,40,231
06/04/2016,FSD,SD,AGL,CE,Combined TRACON& Tower with Radar,25,39,17,10,91,0,3,11,0,14,25,42,28,10,105,0,0,0,105
06/05/2016,FSD,SD,AGL,CE,Combined TRACON& Tower with Radar,29,25,30,8,92,0,0,23,0,23,29,25,53,8,115,18,18,36,151
06/06/2016,FSD,SD,AGL,CE,Combined TRACON& Tower with Radar,28,68,50,0,146,0,3,18,0,21,28,71,68,0,167,24,0,24,191
06/07/2016,FSD,SD,AGL,CE,Combined TRACON& Tower with Radar,33,79,69,14,195,0,6,39,0,45,33,85,108,14,240,48,16,64,304
06/08/2016,FSD,SD,AGL,CE,Combined TRACON& Tower with Radar,38,83,42,9,172,0,0,28,1,29,38,83,70,10,201,8,4,12,213
06/09/2016,FSD,SD,AGL,CE,Combined TRACON& Tower with Radar,35,93,47,12,187,0,7,32,2,41,35,100,79,14,228,24,8,32,260
06/10/2016,FSD,SD,AGL,CE,Combined TRACON& Tower with Radar,32,90,54,12,188,0,3,24,0,27,32,93,78,12,215,22,8,30,245
06/11/2016,FSD,SD,AGL,CE,Combined TRACON& Tower with Radar,31,31,11,0,73,0,1,13,0,14,31,32,24,0,87,0,0,0,87
06/12/2016,FSD,SD,AGL,CE,Combined TRACON& Tower with Radar,29,35,20,0,84,0,0,10,0,10,29,35,30,0,94,8,0,8,102
06/13/2016,FSD,SD,AGL,CE,Combined TRACON& Tower with Radar,26,51,42,12,131,0,3,13,0,16,26,54,55,12,147,40,22,62,209
06/14/2016,FSD,SD,AGL,CE,Combined TRACON& Tower with Radar,41,90,67,13,211,0,8,7,0,15,41,98,74,13,226,0,18,18,244
06/15/2016,FSD,SD,AGL,CE,Combined TRACON& Tower with Radar,37,104,60,21,222,0,6,54,3,63,37,110,114,24,285,36,66,102,387
06/16/2016,FSD,SD,AGL,CE,Combined TRACON& Tower with Radar,34,82,54,9,179,0,1,33,0,34,34,83,87,9,213,26,18,44,257
06/17/2016,FSD,SD,AGL,CE,Combined TRACON& Tower with Radar,34,73,41,5,153,0,1,29,0,30,34,74,70,5,183,32,0,32,215
06/18/2016,FSD,SD,AGL,CE,Combined TRACON& Tower with Radar,36,40,20,0,96,0,1,22,0,23,36,41,42,0,119,0,0,0,119
06/19/2016,FSD,SD,AGL,CE,Combined TRACON& Tower with Radar,28,34,20,2,84,0,2,16,0,18,28,36,36,2,102,12,0,12,114
06/20/2016,FSD,SD,AGL,CE,Combined TRACON& Tower with Radar,26,66,41,2,135,0,4,32,0,36,26,70,73,2,171,14,4,18,189
06/21/2016,FSD,SD,AGL,CE,Combined TRACON& Tower with Radar,31,88,64,7,190,0,3,21,1,25,31,91,85,8,215,0,12,12,227
06/22/2016,FSD,SD,AGL,CE,Combined TRACON& Tower with Radar,41,87,66,13,207,0,0,31,1,32,41,87,97,14,239,22,26,48,287
06/23/2016,FSD,SD,AGL,CE,Combined TRACON& Tower with Radar,35,82,65,11,193,0,6,38,2,46,35,88,103,13,239,12,14,26,265
06/24/2016,FSD,SD,AGL,CE,Combined TRACON& Tower with Radar,35,74,40,53,202,0,0,35,0,35,35,74,75,53,237,48,42,90,327
06/25/2016,FSD,SD,AGL,CE,Combined TRACON& Tower with Radar,27,43,12,0,82,0,0,18,0,18,27,43,30,0,100,28,0,28,128
06/26/2016,FSD,SD,AGL,CE,Combined TRACON& Tower with Radar,29,40,22,0,91,0,1,24,0,25,29,41,46,0,116,12,0,12,128
06/27/2016,FSD,SD,AGL,CE,Combined TRACON& Tower with Radar,27,70,44,0,141,0,0,52,0,52,27,70,96,0,193,4,0,4,197
06/28/2016,FSD,SD,AGL,CE,Combined TRACON& Tower with Radar,31,87,53,6,177,0,6,36,0,42,31,93,89,6,219,20,8,28,247
06/29/2016,FSD,SD,AGL,CE,Combined TRACON& Tower with Radar,37,86,82,8,213,0,0,49,0,49,37,86,131,8,262,38,0,38,300
06/30/2016,FSD,SD,AGL,CE,Combined TRACON& Tower with Radar,51,79,63,11,204,0,3,43,0,46,51,82,106,11,250,38,8,46,296
07/01/2016,FSD,SD,AGL,CE,Combined TRACON& Tower with Radar,25,86,28,10,149,0,4,41,1,46,25,90,69,11,195,60,10,70,265
07/02/2016,FSD,SD,AGL,CE,Combined TRACON& Tower with Radar,26,46,26,0,98,0,1,27,0,28,26,47,53,0,126,56,0,56,182
07/03/2016,FSD,SD,AGL,CE,Combined TRACON& Tower with Radar,23,28,16,0,67,0,3,26,0,29,23,31,42,0,96,12,0,12,108
07/04/2016,FSD,SD,AGL,CE,Combined TRACON& Tower with Radar,19,29,14,0,62,0,1,11,0,12,19,30,25,0,74,14,0,14,88
07/05/2016,FSD,SD,AGL,CE,Combined TRACON& Tower with Radar,32,105,47,0,184,0,3,17,0,20,32,108,64,0,204,0,0,0,204
07/06/2016,FSD,SD,AGL,CE,Combined TRACON& Tower with Radar,37,83,44,19,183,0,5,43,0,48,37,88,87,19,231,64,22,86,317
07/07/2016,FSD,SD,AGL,CE,Combined TRACON& Tower with Radar,36,84,35,7,162,0,0,19,0,19,36,84,54,7,181,14,8,22,203
07/08/2016,FSD,SD,AGL,CE,Combined TRACON& Tower with Radar,30,79,26,12,147,0,0,42,1,43,30,79,68,13,190,22,0,22,212
07/09/2016,FSD,SD,AGL,CE,Combined TRACON& Tower with Radar,26,51,23,1,101,0,1,35,0,36,26,52,58,1,137,8,0,8,145
07/10/2016,FSD,SD,AGL,CE,Combined TRACON& Tower with Radar,23,42,18,2,85,0,0,10,0,10,23,42,28,2,95,0,0,0,95
07/11/2016,FSD,SD,AGL,CE,Combined TRACON& Tower with Radar,28,79,49,0,156,0,2,10,0,12,28,81,59,0,168,0,0,0,168
07/12/2016,FSD,SD,AGL,CE,Combined TRACON& Tower with Radar,31,84,57,7,179,0,1,35,0,36,31,85,92,7,215,14,10,24,239
07/13/2016,FSD,SD,AGL,CE,Combined TRACON& Tower with Radar,35,81,63,12,191,0,3,36,3,42,35,84,99,15,233,76,16,92,325
07/14/2016,FSD,SD,AGL,CE,Combined TRACON& Tower with Radar,38,114,48,6,206,0,6,12,0,18,38,120,60,6,224,6,8,14,238
07/15/2016,FSD,SD,AGL,CE,Combined TRACON& Tower with Radar,30,86,55,1,172,0,1,25,0,26,30,87,80,1,198,46,0,46,244
07/16/2016,FSD,SD,AGL,CE,Combined TRACON& Tower with Radar,27,37,21,0,85,0,8,16,0,24,27,45,37,0,109,20,0,20,129
07/17/2016,FSD,SD,AGL,CE,Combined TRACON& Tower with Radar,25,50,32,0,107,0,7,25,1,33,25,57,57,1,140,14,0,14,154
07/18/2016,FSD,SD,AGL,CE,Combined TRACON& Tower with Radar,26,67,64,2,159,0,13,48,6,67,26,80,112,8,226,74,0,74,300
07/19/2016,FSD,SD,AGL,CE,Combined TRACON& Tower with Radar,30,91,88,11,220,0,7,66,4,77,30,98,154,15,297,6,0,6,303
07/20/2016,FSD,SD,AGL,CE,Combined TRACON& Tower with Radar,36,87,68,15,206,0,3,67,15,85,36,90,135,30,291,22,5,27,318
07/21/2016,FSD,SD,AGL,CE,Combined TRACON& Tower with Radar,26,87,47,8,168,0,0,60,2,62,26,87,107,10,230,12,6,18,248
07/22/2016,FSD,SD,AGL,CE,Combined TRACON& Tower with Radar,23,73,21,19,136,0,1,38,2,41,23,74,59,21,177,4,0,4,181
07/23/2016,FSD,SD,AGL,CE,Combined TRACON& Tower with Radar,23,46,9,6,84,0,3,31,5,39,23,49,40,11,123,0,0,0,123
07/24/2016,FSD,SD,AGL,CE,Combined TRACON& Tower with Radar,18,30,16,11,75,0,6,45,2,53,18,36,61,13,128,0,0,0,128
07/25/2016,FSD,SD,AGL,CE,Combined TRACON& Tower with Radar,20,79,47,21,167,0,3,36,0,39,20,82,83,21,206,12,0,12,218
07/26/2016,FSD,SD,AGL,CE,Combined TRACON& Tower with Radar,24,92,50,10,176,0,0,41,0,41,24,92,91,10,217,20,20,40,257
07/27/2016,FSD,SD,AGL,CE,Combined TRACON& Tower with Radar,26,106,51,20,203,0,0,30,3,33,26,106,81,23,236,6,28,34,270
07/28/2016,FSD,SD,AGL,CE,Combined TRACON& Tower with Radar,26,91,76,10,203,0,2,34,0,36,26,93,110,10,239,36,2,38,277
07/29/2016,FSD,SD,AGL,CE,Combined TRACON& Tower with Radar,22,92,43,4,161,0,4,49,0,53,22,96,92,4,214,46,0,46,260
07/30/2016,FSD,SD,AGL,CE,Combined TRACON& Tower with Radar,28,52,23,0,103,0,4,41,0,45,28,56,64,0,148,10,0,10,158
07/31/2016,FSD,SD,AGL,CE,Combined TRACON& Tower with Radar,20,48,31,0,99,0,3,26,0,29,20,51,57,0,128,0,0,0,128
08/01/2016,FSD,SD,AGL,CE,Combined TRACON& Tower with Radar,14,81,32,0,127,0,3,12,0,15,14,84,44,0,142,0,0,0,142
08/02/2016,FSD,SD,AGL,CE,Combined TRACON& Tower with Radar,23,113,80,14,230,0,3,27,0,30,23,116,107,14,260,53,6,59,319
08/03/2016,FSD,SD,AGL,CE,Combined TRACON& Tower with Radar,26,103,67,11,207,0,0,30,0,30,26,103,97,11,237,30,6,36,273
08/04/2016,FSD,SD,AGL,CE,Combined TRACON& Tower with Radar,26,103,59,19,207,0,6,13,1,20,26,109,72,20,227,4,38,42,269
08/05/2016,FSD,SD,AGL,CE,Combined TRACON& Tower with Radar,26,90,50,12,178,0,2,30,0,32,26,92,80,12,210,2,6,8,218
08/06/2016,FSD,SD,AGL,CE,Combined TRACON& Tower with Radar,25,49,19,2,95,0,1,17,1,19,25,50,36,3,114,24,0,24,138
08/07/2016,FSD,SD,AGL,CE,Combined TRACON& Tower with Radar,18,45,29,0,92,0,1,17,0,18,18,46,46,0,110,26,0,26,136
08/08/2016,FSD,SD,AGL,CE,Combined TRACON& Tower with Radar,16,77,45,0,138,0,3,17,0,20,16,80,62,0,158,0,0,0,158
08/09/2016,FSD,SD,AGL,CE,Combined TRACON& Tower with Radar,21,111,61,18,211,0,3,18,0,21,21,114,79,18,232,2,42,44,276
08/10/2016,FSD,SD,AGL,CE,Combined TRACON& Tower with Radar,27,98,40,16,181,0,0,17,1,18,27,98,57,17,199,12,48,60,259
08/11/2016,FSD,SD,AGL,CE,Combined TRACON& Tower with Radar,30,110,58,18,216,0,0,11,0,11,30,110,69,18,227,0,40,40,267
08/12/2016,FSD,SD,AGL,CE,Combined TRACON& Tower with Radar,21,101,46,15,183,0,2,30,0,32,21,103,76,15,215,18,20,38,253
08/13/2016,FSD,SD,AGL,CE,Combined TRACON& Tower with Radar,25,49,28,5,107,0,1,31,3,35,25,50,59,8,142,20,0,20,162
08/14/2016,FSD,SD,AGL,CE,Combined TRACON& Tower with Radar,18,44,22,7,91,0,1,42,0,43,18,45,64,7,134,0,0,0,134
08/15/2016,FSD,SD,AGL,CE,Combined TRACON& Tower with Radar,18,76,46,9,149,0,4,12,0,16,18,80,58,9,165,0,8,8,173
08/16/2016,FSD,SD,AGL,CE,Combined TRACON& Tower with Radar,27,113,65,21,226,0,6,24,1,31,27,119,89,22,257,10,12,22,279
08/17/2016,FSD,SD,AGL,CE,Combined TRACON& Tower with Radar,27,106,73,22,228,0,6,43,0,49,27,112,116,22,277,2,14,16,293
08/18/2016,FSD,SD,AGL,CE,Combined TRACON& Tower with Radar,28,85,67,16,196,0,2,19,0,21,28,87,86,16,217,16,12,28,245
08/19/2016,FSD,SD,AGL,CE,Combined TRACON& Tower with Radar,26,90,38,5,159,0,2,6,0,8,26,92,44,5,167,0,0,0,167
08/20/2016,FSD,SD,AGL,CE,Combined TRACON& Tower with Radar,17,60,20,0,97,0,1,12,1,14,17,61,32,1,111,0,0,0,111
08/21/2016,FSD,SD,AGL,CE,Combined TRACON& Tower with Radar,21,40,21,3,85,0,0,37,0,37,21,40,58,3,122,34,4,38,160
08/22/2016,FSD,SD,AGL,CE,Combined TRACON& Tower with Radar,25,78,49,1,153,0,5,27,0,32,25,83,76,1,185,20,0,20,205
08/23/2016,FSD,SD,AGL,CE,Combined TRACON& Tower with Radar,24,102,74,15,215,0,5,16,0,21,24,107,90,15,236,4,0,4,240
08/24/2016,FSD,SD,AGL,CE,Combined TRACON& Tower with Radar,25,95,58,33,211,0,3,20,0,23,25,98,78,33,234,10,20,30,264
08/25/2016,FSD,SD,AGL,CE,Combined TRACON& Tower with Radar,27,89,66,15,197,0,6,20,1,27,27,95,86,16,224,36,32,68,292
08/26/2016,FSD,SD,AGL,CE,Combined TRACON& Tower with Radar,32,81,36,12,161,0,4,23,1,28,32,85,59,13,189,16,0,16,205
08/27/2016,FSD,SD,AGL,CE,Combined TRACON& Tower with Radar,25,41,36,0,102,0,3,2,0,5,25,44,38,0,107,6,0,6,113
08/28/2016,FSD,SD,AGL,CE,Combined TRACON& Tower with Radar,25,27,41,0,93,0,2,28,0,30,25,29,69,0,123,0,0,0,123
08/29/2016,FSD,SD,AGL,CE,Combined TRACON& Tower with Radar,30,60,57,8,155,0,0,32,0,32,30,60,89,8,187,18,8,26,213
08/30/2016,FSD,SD,AGL,CE,Combined TRACON& Tower with Radar,32,91,47,13,183,0,5,8,0,13,32,96,55,13,196,32,14,46,242
08/31/2016,FSD,SD,AGL,CE,Combined TRACON& Tower with Radar,38,76,52,2,168,0,0,32,0,32,38,76,84,2,200,16,8,24,224
09/01/2016,FSD,SD,AGL,CE,Combined TRACON& Tower with Radar,42,67,69,1,179,0,2,43,0,45,42,69,112,1,224,8,0,8,232
09/02/2016,FSD,SD,AGL,CE,Combined TRACON& Tower with Radar,38,93,49,5,185,0,11,22,0,33,38,104,71,5,218,8,0,8,226
09/03/2016,FSD,SD,AGL,CE,Combined TRACON& Tower with Radar,26,33,10,0,69,0,2,10,1,13,26,35,20,1,82,2,0,2,84
09/04/2016,FSD,SD,AGL,CE,Combined TRACON& Tower with Radar,23,18,10,0,51,0,0,1,0,1,23,18,11,0,52,0,0,0,52
09/05/2016,FSD,SD,AGL,CE,Combined TRACON& Tower with Radar,26,23,35,0,84,0,1,6,0,7,26,24,41,0,91,4,0,4,95
09/06/2016,FSD,SD,AGL,CE,Combined TRACON& Tower with Radar,28,105,54,2,189,0,1,2,0,3,28,106,56,2,192,0,0,0,192
09/07/2016,FSD,SD,AGL,CE,Combined TRACON& Tower with Radar,35,100,88,13,236,0,0,6,0,6,35,100,94,13,242,8,26,34,276
09/08/2016,FSD,SD,AGL,CE,Combined TRACON& Tower with Radar,37,98,78,5,218,0,11,23,1,35,37,109,101,6,253,2,8,10,263
09/09/2016,FSD,SD,AGL,CE,Combined TRACON& Tower with Radar,34,84,46,14,178,0,2,19,0,21,34,86,65,14,199,0,24,24,223
09/10/2016,FSD,SD,AGL,CE,Combined TRACON& Tower with Radar,22,45,32,5,104,0,1,35,1,37,22,46,67,6,141,16,8,24,165
09/11/2016,FSD,SD,AGL,CE,Combined TRACON& Tower with Radar,26,36,35,11,108,0,2,36,0,38,26,38,71,11,146,14,0,14,160
09/12/2016,FSD,SD,AGL,CE,Combined TRACON& Tower with Radar,28,55,57,0,140,0,3,19,0,22,28,58,76,0,162,16,0,16,178
09/13/2016,FSD,SD,AGL,CE,Combined TRACON& Tower with Radar,31,85,64,12,192,0,1,23,0,24,31,86,87,12,216,36,12,48,264
09/14/2016,FSD,SD,AGL,CE,Combined TRACON& Tower with Radar,35,74,59,14,182,0,2,18,4,24,35,76,77,18,206,10,46,56,262
09/15/2016,FSD,SD,AGL,CE,Combined TRACON& Tower with Radar,38,95,29,0,162,0,0,1,0,1,38,95,30,0,163,0,0,0,163
09/16/2016,FSD,SD,AGL,CE,Combined TRACON& Tower with Radar,37,106,59,19,221,0,0,10,0,10,37,106,69,19,231,4,8,12,243
09/17/2016,FSD,SD,AGL,CE,Combined TRACON& Tower with Radar,24,43,32,3,102,0,5,22,0,27,24,48,54,3,129,0,0,0,129
09/18/2016,FSD,SD,AGL,CE,Combined TRACON& Tower with Radar,27,30,28,1,86,0,1,21,0,22,27,31,49,1,108,16,0,16,124
09/19/2016,FSD,SD,AGL,CE,Combined TRACON& Tower with Radar,30,61,51,3,145,0,1,50,0,51,30,62,101,3,196,6,0,6,202
09/20/2016,FSD,SD,AGL,CE,Combined TRACON& Tower with Radar,30,92,35,4,161,0,8,17,1,26,30,100,52,5,187,6,20,26,213
09/21/2016,FSD,SD,AGL,CE,Combined TRACON& Tower with Radar,45,83,63,23,214,0,9,24,3,36,45,92,87,26,250,10,20,30,280
09/22/2016,FSD,SD,AGL,CE,Combined TRACON& Tower with Radar,39,94,46,5,184,0,2,6,0,8,39,96,52,5,192,0,0,0,192
09/23/2016,FSD,SD,AGL,CE,Combined TRACON& Tower with Radar,38,78,42,7,165,0,0,4,0,4,38,78,46,7,169,0,0,0,169
09/24/2016,FSD,SD,AGL,CE,Combined TRACON& Tower with Radar,25,38,17,2,82,0,4,2,1,7,25,42,19,3,89,0,0,0,89
09/25/2016,FSD,SD,AGL,CE,Combined TRACON& Tower with Radar,28,34,35,7,104,0,0,6,1,7,28,34,41,8,111,0,0,0,111
09/26/2016,FSD,SD,AGL,CE,Combined TRACON& Tower with Radar,30,67,51,0,148,0,4,14,0,18,30,71,65,0,166,0,0,0,166
09/27/2016,FSD,SD,AGL,CE,Combined TRACON& Tower with Radar,32,90,52,6,180,0,2,19,2,23,32,92,71,8,203,4,2,6,209
09/28/2016,FSD,SD,AGL,CE,Combined TRACON& Tower with Radar,35,74,85,13,207,0,3,20,0,23,35,77,105,13,230,26,18,44,274
09/29/2016,FSD,SD,AGL,CE,Combined TRACON& Tower with Radar,42,81,44,16,183,0,1,27,1,29,42,82,71,17,212,30,0,30,242
09/30/2016,FSD,SD,AGL,CE,Combined TRACON& Tower with Radar,41,69,44,5,159,0,3,38,0,41,41,72,82,5,200,28,0,28,228
10/01/2016,FSD,SD,AGL,CE,Combined TRACON& Tower with Radar,24,36,33,7,100,0,10,11,2,23,24,46,44,9,123,2,0,2,125
10/02/2016,FSD,SD,AGL,CE,Combined TRACON& Tower with Radar,27,26,22,10,85,0,5,30,1,36,27,31,52,11,121,2,0,2,123
10/03/2016,FSD,SD,AGL,CE,Combined TRACON& Tower with Radar,30,58,45,3,136,0,0,20,0,20,30,58,65,3,156,0,0,0,156
10/04/2016,FSD,SD,AGL,CE,Combined TRACON& Tower with Radar,32,77,42,1,152,0,0,0,0,0,32,77,42,1,152,0,0,0,152
10/05/2016,FSD,SD,AGL,CE,Combined TRACON& Tower with Radar,36,92,38,23,189,0,2,45,1,48,36,94,83,24,237,17,26,43,280
10/06/2016,FSD,SD,AGL,CE,Combined TRACON& Tower with Radar,41,79,42,23,185,0,0,4,1,5,41,79,46,24,190,0,28,28,218
10/07/2016,FSD,SD,AGL,CE,Combined TRACON& Tower with Radar,41,70,31,14,156,0,6,16,0,22,41,76,47,14,178,12,34,46,224
10/08/2016,FSD,SD,AGL,CE,Combined TRACON& Tower with Radar,26,40,24,0,90,0,1,27,1,29,26,41,51,1,119,26,0,26,145
10/09/2016,FSD,SD,AGL,CE,Combined TRACON& Tower with Radar,33,37,46,0,116,0,4,16,0,20,33,41,62,0,136,2,0,2,138
10/10/2016,FSD,SD,AGL,CE,Combined TRACON& Tower with Radar,31,51,49,0,131,0,1,26,1,28,31,52,75,1,159,0,0,0,159
10/11/2016,FSD,SD,AGL,CE,Combined TRACON& Tower with Radar,38,88,71,0,197,0,0,1,0,1,38,88,72,0,198,0,0,0,198
10/12/2016,FSD,SD,AGL,CE,Combined TRACON& Tower with Radar,37,81,81,15,214,0,4,12,0,16,37,85,93,15,230,20,4,24,254
10/13/2016,FSD,SD,AGL,CE,Combined TRACON& Tower with Radar,41,76,55,14,186,0,1,23,1,25,41,77,78,15,211,13,16,29,240
10/14/2016,FSD,SD,AGL,CE,Combined TRACON& Tower with Radar,42,68,48,26,184,0,2,25,0,27,42,70,73,26,211,6,8,14,225
10/15/2016,FSD,SD,AGL,CE,Combined TRACON& Tower with Radar,27,41,22,26,116,0,1,38,12,51,27,42,60,38,167,2,30,32,199
10/16/2016,FSD,SD,AGL,CE,Combined TRACON& Tower with Radar,31,32,37,0,100,0,0,5,0,5,31,32,42,0,105,12,0,12,117
10/17/2016,FSD,SD,AGL,CE,Combined TRACON& Tower with Radar,32,53,54,8,147,0,0,7,4,11,32,53,61,12,158,14,38,52,210
10/18/2016,FSD,SD,AGL,CE,Combined TRACON& Tower with Radar,38,89,63,13,203,0,0,42,1,43,38,89,105,14,246,64,10,74,320
10/19/2016,FSD,SD,AGL,CE,Combined TRACON& Tower with Radar,37,76,71,17,201,0,3,21,3,27,37,79,92,20,228,53,20,73,301
10/20/2016,FSD,SD,AGL,CE,Combined TRACON& Tower with Radar,42,73,61,7,183,0,1,15,0,16,42,74,76,7,199,32,16,48,247
10/21/2016,FSD,SD,AGL,CE,Combined TRACON& Tower with Radar,41,81,31,14,167,0,4,22,0,26,41,85,53,14,193,2,28,30,223
10/22/2016,FSD,SD,AGL,CE,Combined TRACON& Tower with Radar,27,39,20,0,86,0,2,35,1,38,27,41,55,1,124,24,0,24,148
10/23/2016,FSD,SD,AGL,CE,Combined TRACON& Tower with Radar,34,20,23,0,77,0,1,17,0,18,34,21,40,0,95,22,0,22,117
10/24/2016,FSD,SD,AGL,CE,Combined TRACON& Tower with Radar,34,59,49,22,164,0,6,26,0,32,34,65,75,22,196,14,20,34,230
10/25/2016,FSD,SD,AGL,CE,Combined TRACON& Tower with Radar,38,97,70,16,221,0,2,13,0,15,38,99,83,16,236,0,8,8,244
10/26/2016,FSD,SD,AGL,CE,Combined TRACON& Tower with Radar,37,82,93,23,235,0,0,1,0,1,37,82,94,23,236,0,0,0,236
10/27/2016,FSD,SD,AGL,CE,Combined TRACON& Tower with Radar,42,79,64,18,203,0,0,18,8,26,42,79,82,26,229,0,18,18,247
10/28/2016,FSD,SD,AGL,CE,Combined TRACON& Tower with Radar,41,84,44,1,170,0,4,36,0,40,41,88,80,1,210,12,0,12,222
10/29/2016,FSD,SD,AGL,CE,Combined TRACON& Tower with Radar,30,46,18,0,94,0,0,1,0,1,30,46,19,0,95,0,0,0,95
10/30/2016,FSD,SD,AGL,CE,Combined TRACON& Tower with Radar,29,33,31,1,94,0,0,4,0,4,29,33,35,1,98,0,0,0,98
10/31/2016,FSD,SD,AGL,CE,Combined TRACON& Tower with Radar,31,60,52,0,143,0,5,1,0,6,31,65,53,0,149,0,0,0,149
11/01/2016,FSD,SD,AGL,CE,Combined TRACON& Tower with Radar,34,89,59,8,190,0,3,24,0,27,34,92,83,8,217,10,0,10,227
11/02/2016,FSD,SD,AGL,CE,Combined TRACON& Tower with Radar,33,75,41,14,163,0,1,24,4,29,33,76,65,18,192,20,26,46,238
11/03/2016,FSD,SD,AGL,CE,Combined TRACON& Tower with Radar,36,79,57,28,200,0,1,40,4,45,36,80,97,32,245,28,20,48,293
11/04/2016,FSD,SD,AGL,CE,Combined TRACON& Tower with Radar,41,72,34,16,163,0,2,35,0,37,41,74,69,16,200,22,20,42,242
11/05/2016,FSD,SD,AGL,CE,Combined TRACON& Tower with Radar,27,44,25,14,110,0,0,28,1,29,27,44,53,15,139,10,8,18,157
11/06/2016,FSD,SD,AGL,CE,Combined TRACON& Tower with Radar,28,32,19,6,85,0,0,12,0,12,28,32,31,6,97,0,0,0,97
11/07/2016,FSD,SD,AGL,CE,Combined TRACON& Tower with Radar,21,70,48,0,139,0,6,14,0,20,21,76,62,0,159,15,0,15,174
11/08/2016,FSD,SD,AGL,CE,Combined TRACON& Tower with Radar,30,85,54,12,181,0,1,17,3,21,30,86,71,15,202,18,4,22,224
11/09/2016,FSD,SD,AGL,CE,Combined TRACON& Tower with Radar,29,79,53,12,173,0,2,32,4,38,29,81,85,16,211,24,10,34,245
11/10/2016,FSD,SD,AGL,CE,Combined TRACON& Tower with Radar,34,85,41,9,169,0,13,22,1,36,34,98,63,10,205,6,6,12,217
11/11/2016,FSD,SD,AGL,CE,Combined TRACON& Tower with Radar,32,70,37,12,151,0,2,35,2,39,32,72,72,14,190,24,0,24,214
11/12/2016,FSD,SD,AGL,CE,Combined TRACON& Tower with Radar,27,33,30,2,92,0,0,18,0,18,27,33,48,2,110,0,0,0,110
11/13/2016,FSD,SD,AGL,CE,Combined TRACON& Tower with Radar,24,29,17,0,70,0,4,19,0,23,24,33,36,0,93,4,0,4,97
11/14/2016,FSD,SD,AGL,CE,Combined TRACON& Tower with Radar,26,63,49,15,153,0,3,24,0,27,26,66,73,15,180,0,14,14,194
11/15/2016,FSD,SD,AGL,CE,Combined TRACON& Tower with Radar,30,74,62,17,183,0,1,33,2,36,30,75,95,19,219,8,16,24,243
11/16/2016,FSD,SD,AGL,CE,Combined TRACON& Tower with Radar,31,105,62,15,213,0,15,34,0,49,31,120,96,15,262,12,16,28,290
11/17/2016,FSD,SD,AGL,CE,Combined TRACON& Tower with Radar,32,84,71,14,201,0,6,7,0,13,32,90,78,14,214,12,0,12,226
11/18/2016,FSD,SD,AGL,CE,Combined TRACON& Tower with Radar,26,56,14,0,96,0,0,0,0,0,26,56,14,0,96,0,0,0,96
11/19/2016,FSD,SD,AGL,CE,Combined TRACON& Tower with Radar,31,43,15,0,89,0,7,30,0,37,31,50,45,0,126,0,0,0,126
11/20/2016,FSD,SD,AGL,CE,Combined TRACON& Tower with Radar,27,32,34,0,93,0,0,16,0,16,27,32,50,0,109,18,0,18,127
11/21/2016,FSD,SD,AGL,CE,Combined TRACON& Tower with Radar,25,49,47,4,125,0,7,21,0,28,25,56,68,4,153,10,8,18,171
11/22/2016,FSD,SD,AGL,CE,Combined TRACON& Tower with Radar,31,114,35,7,187,0,1,0,0,1,31,115,35,7,188,0,0,0,188
11/23/2016,FSD,SD,AGL,CE,Combined TRACON& Tower with Radar,38,117,18,10,183,0,0,0,0,0,38,117,18,10,183,0,0,0,183
11/24/2016,FSD,SD,AGL,CE,Combined TRACON& Tower with Radar,19,20,3,0,42,0,0,0,0,0,19,20,3,0,42,0,0,0,42
11/25/2016,FSD,SD,AGL,CE,Combined TRACON& Tower with Radar,31,65,9,0,105,0,8,12,1,21,31,73,21,1,126,6,0,6,132
11/26/2016,FSD,SD,AGL,CE,Combined TRACON& Tower with Radar,31,42,17,0,90,0,0,16,1,17,31,42,33,1,107,20,0,20,127
11/27/2016,FSD,SD,AGL,CE,Combined TRACON& Tower with Radar,41,36,27,0,104,0,1,3,0,4,41,37,30,0,108,0,0,0,108
11/28/2016,FSD,SD,AGL,CE,Combined TRACON& Tower with Radar,33,66,40,0,139,0,0,3,0,3,33,66,43,0,142,4,0,4,146
11/29/2016,FSD,SD,AGL,CE,Combined TRACON& Tower with Radar,33,98,31,6,168,0,1,0,1,2,33,99,31,7,170,0,0,0,170
11/30/2016,FSD,SD,AGL,CE,Combined TRACON& Tower with Radar,40,99,49,17,205,0,0,1,0,1,40,99,50,17,206,0,0,0,206
12/01/2016,FSD,SD,AGL,CE,Combined TRACON& Tower with Radar,40,94,48,11,193,0,0,3,0,3,40,94,51,11,196,0,0,0,196
12/02/2016,FSD,SD,AGL,CE,Combined TRACON& Tower with Radar,39,99,66,14,218,0,1,7,0,8,39,100,73,14,226,8,0,8,234
12/03/2016,FSD,SD,AGL,CE,Combined TRACON& Tower with Radar,27,47,31,10,115,0,0,22,4,26,27,47,53,14,141,0,5,5,146
12/04/2016,FSD,SD,AGL,CE,Combined TRACON& Tower with Radar,33,33,21,10,97,0,0,13,4,17,33,33,34,14,114,2,12,14,128
12/05/2016,FSD,SD,AGL,CE,Combined TRACON& Tower with Radar,33,62,54,0,149,0,1,15,0,16,33,63,69,0,165,14,0,14,179
12/06/2016,FSD,SD,AGL,CE,Combined TRACON& Tower with Radar,35,84,31,3,153,0,1,3,0,4,35,85,34,3,157,0,0,0,157
12/07/2016,FSD,SD,AGL,CE,Combined TRACON& Tower with Radar,39,91,44,17,191,0,2,6,0,8,39,93,50,17,199,10,8,18,217
12/08/2016,FSD,SD,AGL,CE,Combined TRACON& Tower with Radar,41,92,46,21,200,0,9,23,0,32,41,101,69,21,232,10,8,18,250
12/09/2016,FSD,SD,AGL,CE,Combined TRACON& Tower with Radar,39,80,36,4,159,0,2,29,0,31,39,82,65,4,190,36,8,44,234
12/10/2016,FSD,SD,AGL,CE,Combined TRACON& Tower with Radar,25,42,18,0,85,0,0,10,0,10,25,42,28,0,95,8,16,24,119
12/11/2016,FSD,SD,AGL,CE,Combined TRACON& Tower with Radar,27,27,24,2,80,0,4,3,1,8,27,31,27,3,88,6,0,6,94
12/12/2016,FSD,SD,AGL,CE,Combined TRACON& Tower with Radar,31,76,71,17,195,0,1,15,0,16,31,77,86,17,211,18,16,34,245
12/13/2016,FSD,SD,AGL,CE,Combined TRACON& Tower with Radar,39,87,50,20,196,0,3,19,0,22,39,90,69,20,218,10,32,42,260
12/14/2016,FSD,SD,AGL,CE,Combined TRACON& Tower with Radar,40,94,53,11,198,0,7,17,0,24,40,101,70,11,222,2,4,6,228
12/15/2016,FSD,SD,AGL,CE,Combined TRACON& Tower with Radar,45,90,46,10,191,0,0,32,0,32,45,90,78,10,223,20,6,26,249
12/16/2016,FSD,SD,AGL,CE,Combined TRACON& Tower with Radar,32,72,10,1,115,0,0,0,0,0,32,72,10,1,115,0,0,0,115
12/17/2016,FSD,SD,AGL,CE,Combined TRACON& Tower with Radar,25,46,7,0,78,0,2,1,0,3,25,48,8,0,81,0,0,0,81
12/18/2016,FSD,SD,AGL,CE,Combined TRACON& Tower with Radar,29,34,16,0,79,0,0,24,0,24,29,34,40,0,103,0,0,0,103
12/19/2016,FSD,SD,AGL,CE,Combined TRACON& Tower with Radar,29,75,33,5,142,0,0,16,0,16,29,75,49,5,158,10,0,10,168
12/20/2016,FSD,SD,AGL,CE,Combined TRACON& Tower with Radar,31,113,63,10,217,0,1,35,3,39,31,114,98,13,256,0,14,14,270
12/21/2016,FSD,SD,AGL,CE,Combined TRACON& Tower with Radar,35,107,45,8,195,0,1,20,0,21,35,108,65,8,216,2,0,2,218
12/22/2016,FSD,SD,AGL,CE,Combined TRACON& Tower with Radar,32,114,33,11,190,0,2,26,0,28,32,116,59,11,218,2,8,10,228
12/23/2016,FSD,SD,AGL,CE,Combined TRACON& Tower with Radar,34,115,22,0,171,0,2,15,0,17,34,117,37,0,188,24,0,24,212
12/24/2016,FSD,SD,AGL,CE,Combined TRACON& Tower with Radar,28,65,9,0,102,0,0,0,0,0,28,65,9,0,102,0,0,0,102
12/25/2016,FSD,SD,AGL,CE,Combined TRACON& Tower with Radar,14,18,0,0,32,0,0,0,0,0,14,18,0,0,32,0,0,0,32
12/26/2016,FSD,SD,AGL,CE,Combined TRACON& Tower with Radar,22,32,7,0,61,0,0,6,0,6,22,32,13,0,67,0,0,0,67
12/27/2016,FSD,SD,AGL,CE,Combined TRACON& Tower with Radar,25,104,35,0,164,0,4,33,2,39,25,108,68,2,203,58,0,58,261
12/28/2016,FSD,SD,AGL,CE,Combined TRACON& Tower with Radar,37,86,30,18,171,0,2,22,0,24,37,88,52,18,195,0,0,0,195
12/29/2016,FSD,SD,AGL,CE,Combined TRACON& Tower with Radar,36,101,14,11,162,0,1,7,0,8,36,102,21,11,170,0,2,2,172
12/30/2016,FSD,SD,AGL,CE,Combined TRACON& Tower with Radar,27,101,25,5,158,0,8,30,0,38,27,109,55,5,196,52,8,60,256
12/31/2016,FSD,SD,AGL,CE,Combined TRACON& Tower with Radar,26,54,28,0,108,0,1,27,1,29,26,55,55,1,137,12,0,12,149
01/01/2017,FSD,SD,AGL,CE,Combined TRACON& Tower with Radar,20,36,17,0,73,0,1,6,0,7,20,37,23,0,80,0,0,0,80
01/02/2017,FSD,SD,AGL,CE,Combined TRACON& Tower with Radar,18,49,16,0,83,0,0,0,0,0,18,49,16,0,83,0,0,0,83
01/03/2017,FSD,SD,AGL,CE,Combined TRACON& Tower with Radar,26,95,33,0,154,0,1,8,0,9,26,96,41,0,163,0,0,0,163
01/04/2017,FSD,SD,AGL,CE,Combined TRACON& Tower with Radar,31,93,39,3,166,0,5,26,1,32,31,98,65,4,198,8,2,10,208
01/05/2017,FSD,SD,AGL,CE,Combined TRACON& Tower with Radar,34,82,29,12,157,0,2,8,0,10,34,84,37,12,167,0,0,0,167
01/06/2017,FSD,SD,AGL,CE,Combined TRACON& Tower with Radar,30,81,43,10,164,0,3,19,1,23,30,84,62,11,187,10,0,10,197
01/07/2017,FSD,SD,AGL,CE,Combined TRACON& Tower with Radar,25,48,23,11,107,0,2,21,1,24,25,50,44,12,131,14,4,18,149
01/08/2017,FSD,SD,AGL,CE,Combined TRACON& Tower with Radar,26,27,24,5,82,0,0,8,0,8,26,27,32,5,90,4,0,4,94
01/09/2017,FSD,SD,AGL,CE,Combined TRACON& Tower with Radar,22,83,34,1,140,0,0,8,0,8,22,83,42,1,148,0,0,0,148
01/10/2017,FSD,SD,AGL,CE,Combined TRACON& Tower with Radar,24,92,42,3,161,0,1,5,0,6,24,93,47,3,167,0,0,0,167
01/11/2017,FSD,SD,AGL,CE,Combined TRACON& Tower with Radar,29,81,36,6,152,0,0,8,0,8,29,81,44,6,160,0,16,16,176
01/12/2017,FSD,SD,AGL,CE,Combined TRACON& Tower with Radar,34,80,53,17,184,0,1,29,1,31,34,81,82,18,215,24,10,34,249
01/13/2017,FSD,SD,AGL,CE,Combined TRACON& Tower with Radar,29,74,43,10,156,0,6,7,0,13,29,80,50,10,169,12,8,20,189
01/14/2017,FSD,SD,AGL,CE,Combined TRACON& Tower with Radar,24,37,35,0,96,0,4,30,0,34,24,41,65,0,130,36,0,36,166
01/15/2017,FSD,SD,AGL,CE,Combined TRACON& Tower with Radar,25,31,20,0,76,0,2,21,0,23,25,33,41,0,99,44,0,44,143
01/16/2017,FSD,SD,AGL,CE,Combined TRACON& Tower with Radar,21,61,17,0,99,0,0,0,0,0,21,61,17,0,99,0,0,0,99
01/17/2017,FSD,SD,AGL,CE,Combined TRACON& Tower with Radar,26,101,52,0,179,0,5,14,0,19,26,106,66,0,198,8,0,8,206
01/18/2017,FSD,SD,AGL,CE,Combined TRACON& Tower with Radar,34,96,59,8,197,0,0,32,0,32,34,96,91,8,229,2,0,2,231
01/19/2017,FSD,SD,AGL,CE,Combined TRACON& Tower with Radar,34,96,33,0,163,0,0,2,0,2,34,96,35,0,165,4,0,4,169
01/20/2017,FSD,SD,AGL,CE,Combined TRACON& Tower with Radar,29,72,14,12,127,0,0,0,0,0,29,72,14,12,127,0,0,0,127
01/21/2017,FSD,SD,AGL,CE,Combined TRACON& Tower with Radar,25,51,15,0,91,0,0,0,0,0,25,51,15,0,91,0,0,0,91
01/22/2017,FSD,SD,AGL,CE,Combined TRACON& Tower with Radar,29,35,25,0,89,0,0,0,0,0,29,35,25,0,89,0,0,0,89
01/23/2017,FSD,SD,AGL,CE,Combined TRACON& Tower with Radar,22,74,46,14,156,0,0,1,0,1,22,74,47,14,157,0,0,0,157
01/24/2017,FSD,SD,AGL,CE,Combined TRACON& Tower with Radar,25,78,30,0,133,0,0,0,0,0,25,78,30,0,133,0,0,0,133
01/25/2017,FSD,SD,AGL,CE,Combined TRACON& Tower with Radar,29,84,20,0,133,0,0,2,0,2,29,84,22,0,135,0,0,0,135
01/26/2017,FSD,SD,AGL,CE,Combined TRACON& Tower with Radar,36,94,64,10,204,0,6,3,0,9,36,100,67,10,213,2,0,2,215
01/27/2017,FSD,SD,AGL,CE,Combined TRACON& Tower with Radar,33,77,49,0,159,0,0,16,0,16,33,77,65,0,175,0,0,0,175
01/28/2017,FSD,SD,AGL,CE,Combined TRACON& Tower with Radar,24,53,23,0,100,0,0,9,0,9,24,53,32,0,109,12,0,12,121
01/29/2017,FSD,SD,AGL,CE,Combined TRACON& Tower with Radar,24,29,13,0,66,0,0,5,0,5,24,29,18,0,71,14,0,14,85
01/30/2017,FSD,SD,AGL,CE,Combined TRACON& Tower with Radar,22,76,18,0,116,0,5,4,0,9,22,81,22,0,125,0,0,0,125
01/31/2017,FSD,SD,AGL,CE,Combined TRACON& Tower with Radar,25,81,37,13,156,0,0,17,2,19,25,81,54,15,175,8,36,44,219
02/01/2017,FSD,SD,AGL,CE,Combined TRACON& Tower with Radar,33,91,30,17,171,0,5,7,0,12,33,96,37,17,183,0,6,6,189
02/02/2017,FSD,SD,AGL,CE,Combined TRACON& Tower with Radar,36,83,32,17,168,0,3,28,1,32,36,86,60,18,200,28,24,52,252
02/03/2017,FSD,SD,AGL,CE,Combined TRACON& Tower with Radar,31,99,36,18,184,0,5,22,0,27,31,104,58,18,211,40,54,94,305
02/04/2017,FSD,SD,AGL,CE,Combined TRACON& Tower with Radar,26,45,17,13,101,0,2,21,1,24,26,47,38,14,125,10,24,34,159
02/05/2017,FSD,SD,AGL,CE,Combined TRACON& Tower with Radar,27,36,9,8,80,0,4,21,0,25,27,40,30,8,105,22,10,32,137
02/06/2017,FSD,SD,AGL,CE,Combined TRACON& Tower with Radar,22,75,46,0,143,0,2,18,0,20,22,77,64,0,163,0,2,2,165
02/07/2017,FSD,SD,AGL,CE,Combined TRACON& Tower with Radar,26,91,31,7,155,0,2,2,0,4,26,93,33,7,159,0,18,18,177
02/08/2017,FSD,SD,AGL,CE,Combined TRACON& Tower with Radar,35,93,51,11,190,0,6,21,1,28,35,99,72,12,218,12,52,64,282
02/09/2017,FSD,SD,AGL,CE,Combined TRACON& Tower with Radar,34,90,50,14,188,0,2,16,0,18,34,92,66,14,206,12,16,28,234
02/10/2017,FSD,SD,AGL,CE,Combined TRACON& Tower with Radar,31,79,37,20,167,0,1,52,0,53,31,80,89,20,220,14,34,48,268
02/11/2017,FSD,SD,AGL,CE,Combined TRACON& Tower with Radar,25,37,16,0,78,0,1,17,0,18,25,38,33,0,96,22,0,22,118
02/12/2017,FSD,SD,AGL,CE,Combined TRACON& Tower with Radar,30,35,22,3,90,0,3,29,1,33,30,38,51,4,123,20,0,20,143
02/13/2017,FSD,SD,AGL,CE,Combined TRACON& Tower with Radar,22,63,42,17,144,0,4,12,0,16,22,67,54,17,160,20,26,46,206
02/14/2017,FSD,SD,AGL,CE,Combined TRACON& Tower with Radar,26,111,51,13,201,0,5,37,0,42,26,116,88,13,243,60,16,76,319
02/15/2017,FSD,SD,AGL,CE,Combined TRACON& Tower with Radar,35,85,56,13,189,0,4,25,0,29,35,89,81,13,218,8,8,16,234
02/16/2017,FSD,SD,AGL,CE,Combined TRACON& Tower with Radar,34,82,39,14,169,0,4,38,4,46,34,86,77,18,215,34,24,58,273
02/17/2017,FSD,SD,AGL,CE,Combined TRACON& Tower with Radar,33,85,45,0,163,0,2,36,1,39,33,87,81,1,202,10,0,10,212
02/18/2017,FSD,SD,AGL,CE,Combined TRACON& Tower with Radar,25,40,25,2,92,0,8,31,1,40,25,48,56,3,132,2,14,16,148
02/19/2017,FSD,SD,AGL,CE,Combined TRACON& Tower with Radar,27,25,17,0,69,0,0,15,0,15,27,25,32,0,84,12,0,12,96
02/20/2017,FSD,SD,AGL,CE,Combined TRACON& Tower with Radar,30,87,29,0,146,0,8,1,0,9,30,95,30,0,155,0,0,0,155
02/21/2017,FSD,SD,AGL,CE,Combined TRACON& Tower with Radar,37,93,50,2,182,0,5,20,1,26,37,98,70,3,208,44,0,44,252
02/22/2017,FSD,SD,AGL,CE,Combined TRACON& Tower with Radar,41,93,62,12,208,0,1,30,1,32,41,94,92,13,240,8,30,38,278
02/23/2017,FSD,SD,AGL,CE,Combined TRACON& Tower with Radar,33,92,36,2,163,0,0,3,0,3,33,92,39,2,166,0,0,0,166
02/24/2017,FSD,SD,AGL,CE,Combined TRACON& Tower with Radar,37,88,19,2,146,0,0,5,0,5,37,88,24,2,151,8,0,8,159
02/25/2017,FSD,SD,AGL,CE,Combined TRACON& Tower with Radar,28,41,29,0,98,0,3,27,0,30,28,44,56,0,128,6,0,6,134
02/26/2017,FSD,SD,AGL,CE,Combined TRACON& Tower with Radar,25,35,23,0,83,0,3,33,0,36,25,38,56,0,119,26,0,26,145
02/27/2017,FSD,SD,AGL,CE,Combined TRACON& Tower with Radar,26,69,29,0,124,0,4,23,1,28,26,73,52,1,152,8,0,8,160
02/28/2017,FSD,SD,AGL,CE,Combined TRACON& Tower with Radar,34,102,43,18,197,0,0,3,0,3,34,102,46,18,200,30,0,30,230
03/01/2017,FSD,SD,AGL,CE,Combined TRACON& Tower with Radar,38,95,33,14,180,0,1,13,0,14,38,96,46,14,194,14,0,14,208
03/02/2017,FSD,SD,AGL,CE,Combined TRACON& Tower with Radar,36,84,52,13,185,0,2,11,0,13,36,86,63,13,198,34,0,34,232
03/03/2017,FSD,SD,AGL,CE,Combined TRACON& Tower with Radar,34,95,24,2,155,0,2,13,2,17,34,97,37,4,172,0,0,0,172
03/04/2017,FSD,SD,AGL,CE,Combined TRACON& Tower with Radar,32,36,17,9,94,0,0,17,0,17,32,36,34,9,111,0,0,0,111
03/05/2017,FSD,SD,AGL,CE,Combined TRACON& Tower with Radar,32,28,20,0,80,0,3,27,1,31,32,31,47,1,111,40,0,40,151
03/06/2017,FSD,SD,AGL,CE,Combined TRACON& Tower with Radar,31,56,28,0,115,0,0,4,0,4,31,56,32,0,119,0,0,0,119
03/07/2017,FSD,SD,AGL,CE,Combined TRACON& Tower with Radar,32,83,43,0,158,0,2,4,2,8,32,85,47,2,166,10,0,10,176
03/08/2017,FSD,SD,AGL,CE,Combined TRACON& Tower with Radar,34,101,41,2,178,0,0,16,0,16,34,101,57,2,194,0,0,0,194
03/09/2017,FSD,SD,AGL,CE,Combined TRACON& Tower with Radar,32,103,74,6,215,0,7,20,2,29,32,110,94,8,244,8,0,8,252
03/10/2017,FSD,SD,AGL,CE,Combined TRACON& Tower with Radar,30,94,39,2,165,0,3,16,0,19,30,97,55,2,184,26,0,26,210
03/11/2017,FSD,SD,AGL,CE,Combined TRACON& Tower with Radar,29,49,16,0,94,0,0,1,0,1,29,49,17,0,95,0,0,0,95
03/12/2017,FSD,SD,AGL,CE,Combined TRACON& Tower with Radar,27,24,11,0,62,0,0,0,0,0,27,24,11,0,62,0,0,0,62
03/13/2017,FSD,SD,AGL,CE,Combined TRACON& Tower with Radar,23,68,25,0,116,0,7,7,0,14,23,75,32,0,130,0,0,0,130
03/14/2017,FSD,SD,AGL,CE,Combined TRACON& Tower with Radar,28,86,59,6,179,0,4,16,0,20,28,90,75,6,199,20,6,26,225
03/15/2017,FSD,SD,AGL,CE,Combined TRACON& Tower with Radar,37,98,46,3,184,0,10,18,0,28,37,108,64,3,212,12,0,12,224
03/16/2017,FSD,SD,AGL,CE,Combined TRACON& Tower with Radar,34,98,42,3,177,0,13,21,0,34,34,111,63,3,211,16,30,46,257
03/17/2017,FSD,SD,AGL,CE,Combined TRACON& Tower with Radar,29,92,24,3,148,0,8,20,0,28,29,100,44,3,176,8,0,8,184
03/18/2017,FSD,SD,AGL,CE,Combined TRACON& Tower with Radar,28,45,33,4,110,0,3,34,2,39,28,48,67,6,149,64,0,64,213
03/19/2017,FSD,SD,AGL,CE,Combined TRACON& Tower with Radar,28,34,27,3,92,0,2,11,0,13,28,36,38,3,105,23,0,23,128
03/20/2017,FSD,SD,AGL,CE,Combined TRACON& Tower with Radar,23,72,64,1,160,0,5,34,0,39,23,77,98,1,199,0,0,0,199
03/21/2017,FSD,SD,AGL,CE,Combined TRACON& Tower with Radar,27,100,74,0,201,0,3,23,0,26,27,103,97,0,227,16,0,16,243
03/22/2017,FSD,SD,AGL,CE,Combined TRACON& Tower with Radar,34,106,71,18,229,0,0,23,0,23,34,106,94,18,252,18,30,48,300
03/23/2017,FSD,SD,AGL,CE,Combined TRACON& Tower with Radar,34,89,49,7,179,0,1,2,0,3,34,90,51,7,182,0,0,0,182
03/24/2017,FSD,SD,AGL,CE,Combined TRACON& Tower with Radar,30,103,42,26,201,0,0,1,0,1,30,103,43,26,202,0,0,0,202
03/25/2017,FSD,SD,AGL,CE,Combined TRACON& Tower with Radar,27,57,51,3,138,0,0,0,0,0,27,57,51,3,138,0,0,0,138
03/26/2017,FSD,SD,AGL,CE,Combined TRACON& Tower with Radar,29,40,36,1,106,0,1,4,0,5,29,41,40,1,111,26,0,26,137
03/27/2017,FSD,SD,AGL,CE,Combined TRACON& Tower with Radar,23,70,42,13,148,0,1,29,0,30,23,71,71,13,178,8,0,8,186
03/28/2017,FSD,SD,AGL,CE,Combined TRACON& Tower with Radar,31,95,61,21,208,0,3,33,0,36,31,98,94,21,244,64,46,110,354
03/29/2017,FSD,SD,AGL,CE,Combined TRACON& Tower with Radar,35,97,90,31,253,0,4,11,0,15,35,101,101,31,268,44,24,68,336
03/30/2017,FSD,SD,AGL,CE,Combined TRACON& Tower with Radar,33,111,63,12,219,0,0,2,0,2,33,111,65,12,221,16,0,16,237
03/31/2017,FSD,SD,AGL,CE,Combined TRACON& Tower with Radar,31,93,46,2,172,0,2,34,1,37,31,95,80,3,209,62,0,62,271
04/01/2017,FSD,SD,AGL,CE,Combined TRACON& Tower with Radar,29,41,22,15,107,0,0,64,0,64,29,41,86,15,171,28,40,68,239
04/02/2017,FSD,SD,AGL,CE,Combined TRACON& Tower with Radar,25,34,36,5,100,0,0,17,0,17,25,34,53,5,117,24,0,24,141
04/03/2017,FSD,SD,AGL,CE,Combined TRACON& Tower with Radar,21,83,40,0,144,0,0,3,0,3,21,83,43,0,147,0,0,0,147
04/04/2017,FSD,SD,AGL,CE,Combined TRACON& Tower with Radar,26,89,34,29,178,0,8,33,1,42,26,97,67,30,220,40,36,76,296
04/05/2017,FSD,SD,AGL,CE,Combined TRACON& Tower with Radar,27,90,41,10,168,0,2,27,0,29,27,92,68,10,197,28,4,32,229
04/06/2017,FSD,SD,AGL,CE,Combined TRACON& Tower with Radar,29,95,52,15,191,0,8,32,0,40,29,103,84,15,231,10,23,33,264
04/07/2017,FSD,SD,AGL,CE,Combined TRACON& Tower with Radar,23,84,28,13,148,0,1,32,0,33,23,85,60,13,181,10,2,12,193
04/08/2017,FSD,SD,AGL,CE,Combined TRACON& Tower with Radar,19,37,14,0,70,0,6,64,0,70,19,43,78,0,140,16,0,16,156
04/09/2017,FSD,SD,AGL,CE,Combined TRACON& Tower with Radar,22,34,13,2,71,0,0,24,0,24,22,34,37,2,95,4,0,4,99
04/10/2017,FSD,SD,AGL,CE,Combined TRACON& Tower with Radar,23,71,31,16,141,0,0,3,0,3,23,71,34,16,144,6,0,6,150
04/11/2017,FSD,SD,AGL,CE,Combined TRACON& Tower with Radar,26,90,36,20,172,0,3,46,0,49,26,93,82,20,221,22,12,34,255
04/12/2017,FSD,SD,AGL,CE,Combined TRACON& Tower with Radar,26,102,43,13,184,0,1,14,0,15,26,103,57,13,199,18,0,18,217
04/13/2017,FSD,SD,AGL,CE,Combined TRACON& Tower with Radar,29,116,54,11,210,0,0,7,0,7,29,116,61,11,217,0,16,16,233
04/14/2017,FSD,SD,AGL,CE,Combined TRACON& Tower with Radar,27,98,32,0,157,0,2,20,0,22,27,100,52,0,179,30,0,30,209
04/15/2017,FSD,SD,AGL,CE,Combined TRACON& Tower with Radar,20,45,14,0,79,0,1,4,0,5,20,46,18,0,84,34,0,34,118
04/16/2017,FSD,SD,AGL,CE,Combined TRACON& Tower with Radar,24,36,19,0,79,0,0,31,0,31,24,36,50,0,110,6,0,6,116
04/17/2017,FSD,SD,AGL,CE,Combined TRACON& Tower with Radar,19,69,36,0,124,0,5,37,0,42,19,74,73,0,166,32,0,32,198
04/18/2017,FSD,SD,AGL,CE,Combined TRACON& Tower with Radar,28,107,53,8,196,0,8,15,0,23,28,115,68,8,219,2,30,32,251
04/19/2017,FSD,SD,AGL,CE,Combined TRACON& Tower with Radar,34,103,58,1,196,0,0,0,0,0,34,103,58,1,196,0,0,0,196
04/20/2017,FSD,SD,AGL,CE,Combined TRACON& Tower with Radar,29,101,49,12,191,0,0,24,2,26,29,101,73,14,217,24,0,24,241
04/21/2017,FSD,SD,AGL,CE,Combined TRACON& Tower with Radar,30,90,42,13,175,0,9,38,0,47,30,99,80,13,222,28,28,56,278
04/22/2017,FSD,SD,AGL,CE,Combined TRACON& Tower with Radar,23,46,14,1,84,0,1,38,0,39,23,47,52,1,123,32,0,32,155
04/23/2017,FSD,SD,AGL,CE,Combined TRACON& Tower with Radar,22,29,21,2,74,0,2,34,0,36,22,31,55,2,110,34,0,34,144
04/24/2017,FSD,SD,AGL,CE,Combined TRACON& Tower with Radar,21,71,36,0,128,0,3,5,0,8,21,74,41,0,136,0,0,0,136
04/25/2017,FSD,SD,AGL,CE,Combined TRACON& Tower with Radar,26,97,38,0,161,0,0,0,0,0,26,97,38,0,161,0,0,0,161
04/26/2017,FSD,SD,AGL,CE,Combined TRACON& Tower with Radar,28,107,48,22,205,0,4,3,0,7,28,111,51,22,212,0,0,0,212
04/27/2017,FSD,SD,AGL,CE,Combined TRACON& Tower with Radar,27,104,59,12,202,0,3,31,0,34,27,107,90,12,236,10,12,22,258
04/28/2017,FSD,SD,AGL,CE,Combined TRACON& Tower with Radar,28,91,35,12,166,0,7,28,0,35,28,98,63,12,201,39,10,49,250
04/29/2017,FSD,SD,AGL,CE,Combined TRACON& Tower with Radar,23,47,22,0,92,0,0,32,1,33,23,47,54,1,125,14,0,14,139
04/30/2017,FSD,SD,AGL,CE,Combined TRACON& Tower with Radar,20,32,15,0,67,0,0,1,0,1,20,32,16,0,68,0,0,0,68
05/01/2017,FSD,SD,AGL,CE,Combined TRACON& Tower with Radar,22,72,22,0,116,0,1,1,0,2,22,73,23,0,118,0,0,0,118
05/02/2017,FSD,SD,AGL,CE,Combined TRACON& Tower with Radar,28,105,41,11,185,0,4,44,1,49,28,109,85,12,234,40,26,66,300
05/03/2017,FSD,SD,AGL,CE,Combined TRACON& Tower with Radar,28,82,25,5,140,0,4,28,1,33,28,86,53,6,173,30,8,38,211
05/04/2017,FSD,SD,AGL,CE,Combined TRACON& Tower with Radar,30,97,45,6,178,0,2,55,0,57,30,99,100,6,235,46,4,50,285
05/05/2017,FSD,SD,AGL,CE,Combined TRACON& Tower with Radar,32,83,39,9,163,0,3,26,3,32,32,86,65,12,195,2,12,14,209
05/06/2017,FSD,SD,AGL,CE,Combined TRACON& Tower with Radar,25,36,17,19,97,0,5,25,5,35,25,41,42,24,132,0,50,50,182
05/07/2017,FSD,SD,AGL,CE,Combined TRACON& Tower with Radar,26,25,41,12,104,0,3,18,0,21,26,28,59,12,125,0,20,20,145
05/08/2017,FSD,SD,AGL,CE,Combined TRACON& Tower with Radar,25,80,49,0,154,0,4,11,4,19,25,84,60,4,173,0,0,0,173
05/09/2017,FSD,SD,AGL,CE,Combined TRACON& Tower with Radar,32,103,39,12,186,0,7,14,2,23,32,110,53,14,209,0,0,0,209
05/10/2017,FSD,SD,AGL,CE,Combined TRACON& Tower with Radar,34,91,50,6,181,0,3,28,2,33,34,94,78,8,214,54,4,58,272
05/11/2017,FSD,SD,AGL,CE,Combined TRACON& Tower with Radar,36,87,51,10,184,0,4,28,1,33,36,91,79,11,217,10,20,30,247
05/12/2017,FSD,SD,AGL,CE,Combined TRACON& Tower with Radar,31,90,27,7,155,0,5,32,2,39,31,95,59,9,194,20,16,36,230
05/13/2017,FSD,SD,AGL,CE,Combined TRACON& Tower with Radar,25,49,15,0,89,0,5,16,0,21,25,54,31,0,110,0,0,0,110
05/14/2017,FSD,SD,AGL,CE,Combined TRACON& Tower with Radar,23,34,14,0,71,0,1,19,0,20,23,35,33,0,91,14,0,14,105
05/15/2017,FSD,SD,AGL,CE,Combined TRACON& Tower with Radar,25,73,38,16,152,0,3,15,0,18,25,76,53,16,170,0,4,4,174
05/16/2017,FSD,SD,AGL,CE,Combined TRACON& Tower with Radar,32,100,45,13,190,0,3,14,0,17,32,103,59,13,207,60,0,60,267
05/17/2017,FSD,SD,AGL,CE,Combined TRACON& Tower with Radar,46,103,39,0,188,0,0,0,0,0,46,103,39,0,188,4,0,4,192
05/18/2017,FSD,SD,AGL,CE,Combined TRACON& Tower with Radar,34,94,93,16,237,0,2,6,2,10,34,96,99,18,247,0,0,0,247
05/19/2017,FSD,SD,AGL,CE,Combined TRACON& Tower with Radar,35,95,42,2,174,0,3,1,0,4,35,98,43,2,178,0,0,0,178
05/20/2017,FSD,SD,AGL,CE,Combined TRACON& Tower with Radar,30,43,3,0,76,0,0,0,0,0,30,43,3,0,76,0,0,0,76
05/21/2017,FSD,SD,AGL,CE,Combined TRACON& Tower with Radar,24,35,25,0,84,0,1,7,0,8,24,36,32,0,92,10,0,10,102
05/22/2017,FSD,SD,AGL,CE,Combined TRACON& Tower with Radar,26,66,21,0,113,0,1,22,0,23,26,67,43,0,136,48,0,48,184
05/23/2017,FSD,SD,AGL,CE,Combined TRACON& Tower with Radar,30,113,47,7,197,0,4,7,0,11,30,117,54,7,208,12,0,12,220
05/24/2017,FSD,SD,AGL,CE,Combined TRACON& Tower with Radar,38,89,48,8,183,0,4,16,2,22,38,93,64,10,205,37,14,51,256
05/25/2017,FSD,SD,AGL,CE,Combined TRACON& Tower with Radar,34,97,50,11,192,0,3,32,0,35,34,100,82,11,227,38,18,56,283
05/26/2017,FSD,SD,AGL,CE,Combined TRACON& Tower with Radar,32,87,44,10,173,0,11,38,1,50,32,98,82,11,223,34,26,60,283
05/27/2017,FSD,SD,AGL,CE,Combined TRACON& Tower with Radar,27,43,14,0,84,0,6,13,0,19,27,49,27,0,103,36,0,36,139
05/28/2017,FSD,SD,AGL,CE,Combined TRACON& Tower with Radar,29,27,6,0,62,0,1,8,0,9,29,28,14,0,71,16,0,16,87
05/29/2017,FSD,SD,AGL,CE,Combined TRACON& Tower with Radar,25,38,16,0,79,0,2,11,2,15,25,40,27,2,94,16,0,16,110
05/30/2017,FSD,SD,AGL,CE,Combined TRACON& Tower with Radar,25,86,35,0,146,0,3,18,4,25,25,89,53,4,171,2,0,2,173
05/31/2017,FSD,SD,AGL,CE,Combined TRACON& Tower with Radar,38,107,48,15,208,0,3,20,1,24,38,110,68,16,232,24,20,44,276
06/01/2017,FSD,SD,AGL,CE,Combined TRACON& Tower with Radar,41,95,69,14,219,0,6,40,0,46,41,101,109,14,265,38,16,54,319
06/02/2017,FSD,SD,AGL,CE,Combined TRACON& Tower with Radar,32,91,39,3,165,0,4,25,2,31,32,95,64,5,196,12,0,12,208
06/03/2017,FSD,SD,AGL,CE,Combined TRACON& Tower with Radar,27,40,16,13,96,0,7,25,3,35,27,47,41,16,131,18,12,30,161
06/04/2017,FSD,SD,AGL,CE,Combined TRACON& Tower with Radar,26,30,32,11,99,0,0,29,2,31,26,30,61,13,130,12,6,18,148
06/05/2017,FSD,SD,AGL,CE,Combined TRACON& Tower with Radar,26,71,49,0,146,0,3,27,0,30,26,74,76,0,176,62,0,62,238
06/06/2017,FSD,SD,AGL,CE,Combined TRACON& Tower with Radar,32,97,46,18,193,0,2,40,0,42,32,99,86,18,235,26,20,46,281
06/07/2017,FSD,SD,AGL,CE,Combined TRACON& Tower with Radar,40,84,37,4,165,0,4,29,0,33,40,88,66,4,198,26,0,26,224
06/08/2017,FSD,SD,AGL,CE,Combined TRACON& Tower with Radar,32,105,57,13,207,0,6,32,1,39,32,111,89,14,246,26,4,30,276
06/09/2017,FSD,SD,AGL,CE,Combined TRACON& Tower with Radar,34,90,69,12,205,0,4,27,3,34,34,94,96,15,239,4,20,24,263
06/10/2017,FSD,SD,AGL,CE,Combined TRACON& Tower with Radar,28,56,17,0,101,0,4,10,0,14,28,60,27,0,115,0,0,0,115
06/11/2017,FSD,SD,AGL,CE,Combined TRACON& Tower with Radar,32,32,17,2,83,0,2,15,0,17,32,34,32,2,100,38,0,38,138
06/12/2017,FSD,SD,AGL,CE,Combined TRACON& Tower with Radar,30,66,44,0,140,0,3,8,0,11,30,69,52,0,151,8,0,8,159
06/13/2017,FSD,SD,AGL,CE,Combined TRACON& Tower with Radar,36,88,40,14,178,0,3,9,3,15,36,91,49,17,193,10,10,20,213
06/14/2017,FSD,SD,AGL,CE,Combined TRACON& Tower with Radar,44,81,60,9,194,0,5,17,0,22,44,86,77,9,216,28,6,34,250
06/15/2017,FSD,SD,AGL,CE,Combined TRACON& Tower with Radar,38,86,43,19,186,0,2,32,1,35,38,88,75,20,221,40,34,74,295
06/16/2017,FSD,SD,AGL,CE,Combined TRACON& Tower with Radar,36,80,33,18,167,0,3,32,0,35,36,83,65,18,202,10,38,48,250
06/17/2017,FSD,SD,AGL,CE,Combined TRACON& Tower with Radar,33,46,20,0,99,0,4,42,2,48,33,50,62,2,147,16,0,16,163
06/18/2017,FSD,SD,AGL,CE,Combined TRACON& Tower with Radar,28,31,18,0,77,0,2,41,1,44,28,33,59,1,121,94,0,94,215
06/19/2017,FSD,SD,AGL,CE,Combined TRACON& Tower with Radar,28,58,47,2,135,0,4,33,2,39,28,62,80,4,174,54,0,54,228
06/20/2017,FSD,SD,AGL,CE,Combined TRACON& Tower with Radar,33,85,59,10,187,0,5,29,0,34,33,90,88,10,221,62,20,82,303
06/21/2017,FSD,SD,AGL,CE,Combined TRACON& Tower with Radar,42,83,48,6,179,0,5,33,0,38,42,88,81,6,217,36,0,36,253
06/22/2017,FSD,SD,AGL,CE,Combined TRACON& Tower with Radar,40,80,75,10,205,0,8,28,0,36,40,88,103,10,241,22,12,34,275
06/23/2017,FSD,SD,AGL,CE,Combined TRACON& Tower with Radar,35,81,36,10,162,0,4,24,0,28,35,85,60,10,190,38,0,38,228
06/24/2017,FSD,SD,AGL,CE,Combined TRACON& Tower with Radar,31,46,29,2,108,0,5,19,0,24,31,51,48,2,132,0,0,0,132
06/25/2017,FSD,SD,AGL,CE,Combined TRACON& Tower with Radar,26,34,43,0,103,1,3,15,1,20,27,37,58,1,123,26,0,26,149
06/26/2017,FSD,SD,AGL,CE,Combined TRACON& Tower with Radar,28,73,47,3,151,0,7,35,2,44,28,80,82,5,195,94,0,94,289
06/27/2017,FSD,SD,AGL,CE,Combined TRACON& Tower with Radar,34,96,47,10,187,0,8,13,0,21,34,104,60,10,208,10,14,24,232
06/28/2017,FSD,SD,AGL,CE,Combined TRACON& Tower with Radar,42,100,51,9,202,0,7,27,11,45,42,107,78,20,247,0,58,58,305
06/29/2017,FSD,SD,AGL,CE,Combined TRACON& Tower with Radar,38,90,49,5,182,0,2,14,0,16,38,92,63,5,198,30,12,42,240
06/30/2017,FSD,SD,AGL,CE,Combined TRACON& Tower with Radar,34,94,31,13,172,0,3,33,1,37,34,97,64,14,209,30,12,42,251
07/01/2017,FSD,SD,AGL,CE,Combined TRACON& Tower with Radar,29,56,14,0,99,0,1,27,2,30,29,57,41,2,129,32,0,32,161
07/02/2017,FSD,SD,AGL,CE,Combined TRACON& Tower with Radar,28,31,18,0,77,0,3,24,0,27,28,34,42,0,104,18,0,18,122
07/03/2017,FSD,SD,AGL,CE,Combined TRACON& Tower with Radar,23,63,20,0,106,0,2,10,0,12,23,65,30,0,118,22,0,22,140
07/04/2017,FSD,SD,AGL,CE,Combined TRACON& Tower with Radar,22,33,7,0,62,0,2,24,1,27,22,35,31,1,89,46,0,46,135
07/05/2017,FSD,SD,AGL,CE,Combined TRACON& Tower with Radar,37,97,33,13,180,0,8,25,5,38,37,105,58,18,218,42,10,52,270
07/06/2017,FSD,SD,AGL,CE,Combined TRACON& Tower with Radar,38,105,42,16,201,0,12,21,2,35,38,117,63,18,236,26,8,34,270
07/07/2017,FSD,SD,AGL,CE,Combined TRACON& Tower with Radar,31,96,46,12,185,0,4,24,1,29,31,100,70,13,214,62,8,70,284
07/08/2017,FSD,SD,AGL,CE,Combined TRACON& Tower with Radar,33,41,12,16,102,0,5,32,0,37,33,46,44,16,139,8,6,14,153
07/09/2017,FSD,SD,AGL,CE,Combined TRACON& Tower with Radar,34,31,36,7,108,0,3,33,1,37,34,34,69,8,145,10,0,10,155
07/10/2017,FSD,SD,AGL,CE,Combined TRACON& Tower with Radar,25,83,40,2,150,0,5,21,0,26,25,88,61,2,176,42,0,42,218
07/11/2017,FSD,SD,AGL,CE,Combined TRACON& Tower with Radar,30,90,53,12,185,0,2,18,0,20,30,92,71,12,205,28,4,32,237
07/12/2017,FSD,SD,AGL,CE,Combined TRACON& Tower with Radar,36,85,47,26,194,0,8,23,2,33,36,93,70,28,227,30,68,98,325
07/13/2017,FSD,SD,AGL,CE,Combined TRACON& Tower with Radar,32,96,63,12,203,0,9,36,0,45,32,105,99,12,248,28,4,32,280
07/14/2017,FSD,SD,AGL,CE,Combined TRACON& Tower with Radar,32,104,40,13,189,0,6,39,0,45,32,110,79,13,234,30,0,30,264
07/15/2017,FSD,SD,AGL,CE,Combined TRACON& Tower with Radar,35,51,22,15,123,0,5,29,2,36,35,56,51,17,159,28,6,34,193
07/16/2017,FSD,SD,AGL,CE,Combined TRACON& Tower with Radar,31,43,19,2,95,0,1,20,1,22,31,44,39,3,117,10,0,10,127
07/17/2017,FSD,SD,AGL,CE,Combined TRACON& Tower with Radar,22,70,44,1,137,0,2,18,1,21,22,72,62,2,158,6,0,6,164
07/18/2017,FSD,SD,AGL,CE,Combined TRACON& Tower with Radar,30,110,52,11,203,0,4,26,3,33,30,114,78,14,236,48,10,58,294
07/19/2017,FSD,SD,AGL,CE,Combined TRACON& Tower with Radar,38,96,67,7,208,0,8,11,0,19,38,104,78,7,227,4,0,4,231
07/20/2017,FSD,SD,AGL,CE,Combined TRACON& Tower with Radar,34,92,50,14,190,0,6,17,0,23,34,98,67,14,213,20,8,28,241
07/21/2017,FSD,SD,AGL,CE,Combined TRACON& Tower with Radar,30,89,32,14,165,0,2,9,1,12,30,91,41,15,177,22,2,24,201
07/22/2017,FSD,SD,AGL,CE,Combined TRACON& Tower with Radar,30,53,30,0,113,0,5,25,0,30,30,58,55,0,143,20,0,20,163
07/23/2017,FSD,SD,AGL,CE,Combined TRACON& Tower with Radar,34,32,33,0,99,0,2,45,0,47,34,34,78,0,146,8,0,8,154
07/24/2017,FSD,SD,AGL,CE,Combined TRACON& Tower with Radar,22,73,51,0,146,0,2,28,0,30,22,75,79,0,176,24,0,24,200
07/25/2017,FSD,SD,AGL,CE,Combined TRACON& Tower with Radar,34,81,62,14,191,0,3,25,4,32,34,84,87,18,223,26,12,38,261
07/26/2017,FSD,SD,AGL,CE,Combined TRACON& Tower with Radar,36,99,64,17,216,0,5,32,0,37,36,104,96,17,253,50,22,72,325
07/27/2017,FSD,SD,AGL,CE,Combined TRACON& Tower with Radar,38,101,63,26,228,0,5,49,0,54,38,106,112,26,282,34,18,52,334
07/28/2017,FSD,SD,AGL,CE,Combined TRACON& Tower with Radar,34,85,46,20,185,0,5,35,2,42,34,90,81,22,227,24,26,50,277
07/29/2017,FSD,SD,AGL,CE,Combined TRACON& Tower with Radar,31,40,13,2,86,0,8,24,1,33,31,48,37,3,119,14,12,26,145
07/30/2017,FSD,SD,AGL,CE,Combined TRACON& Tower with Radar,34,38,32,1,105,0,2,35,0,37,34,40,67,1,142,18,12,30,172
07/31/2017,FSD,SD,AGL,CE,Combined TRACON& Tower with Radar,25,69,50,3,147,0,7,20,0,27,25,76,70,3,174,16,0,16,190
08/01/2017,FSD,SD,AGL,CE,Combined TRACON& Tower with Radar,32,105,55,14,206,0,7,26,0,33,32,112,81,14,239,12,2,14,253
08/02/2017,FSD,SD,AGL,CE,Combined TRACON& Tower with Radar,36,102,59,12,209,0,2,20,1,23,36,104,79,13,232,22,8,30,262
08/03/2017,FSD,SD,AGL,CE,Combined TRACON& Tower with Radar,40,97,64,16,217,0,2,9,1,12,40,99,73,17,229,0,12,12,241
08/04/2017,FSD,SD,AGL,CE,Combined TRACON& Tower with Radar,32,98,43,7,180,0,2,31,0,33,32,100,74,7,213,40,4,44,257
08/05/2017,FSD,SD,AGL,CE,Combined TRACON& Tower with Radar,32,42,31,3,108,0,3,35,0,38,32,45,66,3,146,20,12,32,178
08/06/2017,FSD,SD,AGL,CE,Combined TRACON& Tower with Radar,30,47,45,0,122,0,0,16,0,16,30,47,61,0,138,22,0,22,160
08/07/2017,FSD,SD,AGL,CE,Combined TRACON& Tower with Radar,26,68,52,6,152,0,3,21,0,24,26,71,73,6,176,0,12,12,188
08/08/2017,FSD,SD,AGL,CE,Combined TRACON& Tower with Radar,30,109,44,0,183,0,6,37,0,43,30,115,81,0,226,76,12,88,314
08/09/2017,FSD,SD,AGL,CE,Combined TRACON& Tower with Radar,36,91,55,2,184,0,3,19,0,22,36,94,74,2,206,10,0,10,216
08/10/2017,FSD,SD,AGL,CE,Combined TRACON& Tower with Radar,34,97,62,5,198,0,3,14,0,17,34,100,76,5,215,10,0,10,225
08/11/2017,FSD,SD,AGL,CE,Combined TRACON& Tower with Radar,34,86,39,5,164,0,5,44,0,49,34,91,83,5,213,22,4,26,239
08/12/2017,FSD,SD,AGL,CE,Combined TRACON& Tower with Radar,30,51,13,0,94,0,0,20,2,22,30,51,33,2,116,24,0,24,140
08/13/2017,FSD,SD,AGL,CE,Combined TRACON& Tower with Radar,30,40,30,0,100,0,1,5,0,6,30,41,35,0,106,0,0,0,106
08/14/2017,FSD,SD,AGL,CE,Combined TRACON& Tower with Radar,24,80,60,0,164,0,3,10,0,13,24,83,70,0,177,24,0,24,201
08/15/2017,FSD,SD,AGL,CE,Combined TRACON& Tower with Radar,28,104,60,0,192,0,3,6,0,9,28,107,66,0,201,4,0,4,205
08/16/2017,FSD,SD,AGL,CE,Combined TRACON& Tower with Radar,33,101,66,1,201,0,0,0,0,0,33,101,66,1,201,0,0,0,201
08/17/2017,FSD,SD,AGL,CE,Combined TRACON& Tower with Radar,33,90,54,4,181,0,4,22,0,26,33,94,76,4,207,14,2,16,223
08/18/2017,FSD,SD,AGL,CE,Combined TRACON& Tower with Radar,31,96,52,8,187,0,2,14,1,17,31,98,66,9,204,32,4,36,240
08/19/2017,FSD,SD,AGL,CE,Combined TRACON& Tower with Radar,30,56,20,0,106,0,4,36,0,40,30,60,56,0,146,18,0,18,164
08/20/2017,FSD,SD,AGL,CE,Combined TRACON& Tower with Radar,23,38,31,0,92,0,7,10,0,17,23,45,41,0,109,0,0,0,109
08/21/2017,FSD,SD,AGL,CE,Combined TRACON& Tower with Radar,27,71,39,0,137,0,1,7,0,8,27,72,46,0,145,6,0,6,151
08/22/2017,FSD,SD,AGL,CE,Combined TRACON& Tower with Radar,29,92,69,24,214,0,4,21,0,25,29,96,90,24,239,4,14,18,257
08/23/2017,FSD,SD,AGL,CE,Combined TRACON& Tower with Radar,33,104,74,14,225,0,12,30,0,42,33,116,104,14,267,28,12,40,307
08/24/2017,FSD,SD,AGL,CE,Combined TRACON& Tower with Radar,34,90,54,12,190,0,1,23,0,24,34,91,77,12,214,18,0,18,232
08/25/2017,FSD,SD,AGL,CE,Combined TRACON& Tower with Radar,30,73,46,21,170,0,1,12,0,13,30,74,58,21,183,10,0,10,193
08/26/2017,FSD,SD,AGL,CE,Combined TRACON& Tower with Radar,28,46,18,0,92,0,4,9,1,14,28,50,27,1,106,24,0,24,130
08/27/2017,FSD,SD,AGL,CE,Combined TRACON& Tower with Radar,21,37,26,0,84,0,1,22,0,23,21,38,48,0,107,18,0,18,125
08/28/2017,FSD,SD,AGL,CE,Combined TRACON& Tower with Radar,22,55,47,10,134,0,5,32,0,37,22,60,79,10,171,28,0,28,199
08/29/2017,FSD,SD,AGL,CE,Combined TRACON& Tower with Radar,22,101,42,18,183,0,5,20,0,25,22,106,62,18,208,26,18,44,252
08/30/2017,FSD,SD,AGL,CE,Combined TRACON& Tower with Radar,32,101,57,7,197,0,6,35,0,41,32,107,92,7,238,46,0,46,284
08/31/2017,FSD,SD,AGL,CE,Combined TRACON& Tower with Radar,30,97,55,17,199,0,4,15,0,19,30,101,70,17,218,8,0,8,226
09/01/2017,FSD,SD,AGL,CE,Combined TRACON& Tower with Radar,32,85,32,18,167,0,2,4,0,6,32,87,36,18,173,10,0,10,183
09/02/2017,FSD,SD,AGL,CE,Combined TRACON& Tower with Radar,25,45,21,0,91,0,6,18,3,27,25,51,39,3,118,6,0,6,124
09/03/2017,FSD,SD,AGL,CE,Combined TRACON& Tower with Radar,23,24,17,0,64,0,8,8,0,16,23,32,25,0,80,0,0,0,80
09/04/2017,FSD,SD,AGL,CE,Combined TRACON& Tower with Radar,19,34,25,2,80,0,0,18,0,18,19,34,43,2,98,6,0,6,104
09/05/2017,FSD,SD,AGL,CE,Combined TRACON& Tower with Radar,17,76,42,2,137,0,6,21,0,27,17,82,63,2,164,32,0,32,196
09/06/2017,FSD,SD,AGL,CE,Combined TRACON& Tower with Radar,33,80,72,16,201,0,7,35,5,47,33,87,107,21,248,28,6,34,282
09/07/2017,FSD,SD,AGL,CE,Combined TRACON& Tower with Radar,35,100,57,20,212,0,7,19,0,26,35,107,76,20,238,6,30,36,274
09/08/2017,FSD,SD,AGL,CE,Combined TRACON& Tower with Radar,36,96,39,47,218,0,5,21,1,27,36,101,60,48,245,54,18,72,317
09/09/2017,FSD,SD,AGL,CE,Combined TRACON& Tower with Radar,24,42,15,14,95,0,5,17,0,22,24,47,32,14,117,42,0,42,159
09/10/2017,FSD,SD,AGL,CE,Combined TRACON& Tower with Radar,25,28,25,10,88,0,4,23,0,27,25,32,48,10,115,14,0,14,129
09/11/2017,FSD,SD,AGL,CE,Combined TRACON& Tower with Radar,25,73,63,0,161,0,6,36,0,42,25,79,99,0,203,6,0,6,209
09/12/2017,FSD,SD,AGL,CE,Combined TRACON& Tower with Radar,25,87,46,17,175,0,11,13,3,27,25,98,59,20,202,24,40,64,266
09/13/2017,FSD,SD,AGL,CE,Combined TRACON& Tower with Radar,31,88,57,17,193,0,7,31,0,38,31,95,88,17,231,28,10,38,269
09/14/2017,FSD,SD,AGL,CE,Combined TRACON& Tower with Radar,32,86,63,16,197,0,15,34,0,49,32,101,97,16,246,24,14,38,284
09/15/2017,FSD,SD,AGL,CE,Combined TRACON& Tower with Radar,37,99,37,19,192,0,2,12,0,14,37,101,49,19,206,22,30,52,258
09/16/2017,FSD,SD,AGL,CE,Combined TRACON& Tower with Radar,26,50,36,3,115,0,0,7,0,7,26,50,43,3,122,48,0,48,170
09/17/2017,FSD,SD,AGL,CE,Combined TRACON& Tower with Radar,23,36,47,3,109,0,4,21,0,25,23,40,68,3,134,12,0,12,146
09/18/2017,FSD,SD,AGL,CE,Combined TRACON& Tower with Radar,29,76,57,14,176,0,1,28,0,29,29,77,85,14,205,54,0,54,259
09/19/2017,FSD,SD,AGL,CE,Combined TRACON& Tower with Radar,27,81,60,16,184,0,0,8,0,8,27,81,68,16,192,4,8,12,204
09/20/2017,FSD,SD,AGL,CE,Combined TRACON& Tower with Radar,33,114,66,22,235,0,15,30,0,45,33,129,96,22,280,20,6,26,306
09/21/2017,FSD,SD,AGL,CE,Combined TRACON& Tower with Radar,30,102,84,16,232,0,11,32,0,43,30,113,116,16,275,4,4,8,283
09/22/2017,FSD,SD,AGL,CE,Combined TRACON& Tower with Radar,36,89,35,0,160,0,15,15,0,30,36,104,50,0,190,6,0,6,196
09/23/2017,FSD,SD,AGL,CE,Combined TRACON& Tower with Radar,28,41,28,2,99,0,0,5,0,5,28,41,33,2,104,18,0,18,122
09/24/2017,FSD,SD,AGL,CE,Combined TRACON& Tower with Radar,23,47,26,0,96,0,0,10,0,10,23,47,36,0,106,0,0,0,106
09/25/2017,FSD,SD,AGL,CE,Combined TRACON& Tower with Radar,24,70,41,2,137,0,0,0,0,0,24,70,41,2,137,0,0,0,137
09/26/2017,FSD,SD,AGL,CE,Combined TRACON& Tower with Radar,26,108,46,35,215,0,2,14,5,21,26,110,60,40,236,16,30,46,282
09/27/2017,FSD,SD,AGL,CE,Combined TRACON& Tower with Radar,35,96,65,16,212,0,4,41,0,45,35,100,106,16,257,14,12,26,283
09/28/2017,FSD,SD,AGL,CE,Combined TRACON& Tower with Radar,32,97,64,16,209,0,4,42,0,46,32,101,106,16,255,26,16,42,297
09/29/2017,FSD,SD,AGL,CE,Combined TRACON& Tower with Radar,32,90,31,4,157,0,9,23,0,32,32,99,54,4,189,48,0,48,237
09/30/2017,FSD,SD,AGL,CE,Combined TRACON& Tower with Radar,25,59,29,0,113,0,7,12,0,19,25,66,41,0,132,22,0,22,154
10/01/2017,FSD,SD,AGL,CE,Combined TRACON& Tower with Radar,26,40,32,0,98,0,1,0,0,1,26,41,32,0,99,6,0,6,105
10/02/2017,FSD,SD,AGL,CE,Combined TRACON& Tower with Radar,31,73,39,0,143,0,0,4,0,4,31,73,43,0,147,0,0,0,147
10/03/2017,FSD,SD,AGL,CE,Combined TRACON& Tower with Radar,33,89,49,2,173,0,5,12,0,17,33,94,61,2,190,18,0,18,208
10/04/2017,FSD,SD,AGL,CE,Combined TRACON& Tower with Radar,39,97,41,13,190,0,11,24,1,36,39,108,65,14,226,38,4,42,268
10/05/2017,FSD,SD,AGL,CE,Combined TRACON& Tower with Radar,49,89,40,15,193,0,0,2,0,2,49,89,42,15,195,0,0,0,195
10/06/2017,FSD,SD,AGL,CE,Combined TRACON& Tower with Radar,44,86,42,0,172,0,0,2,0,2,44,86,44,0,174,0,0,0,174
10/07/2017,FSD,SD,AGL,CE,Combined TRACON& Tower with Radar,35,34,13,1,83,0,9,20,0,29,35,43,33,1,112,48,0,48,160
10/08/2017,FSD,SD,AGL,CE,Combined TRACON& Tower with Radar,32,31,27,0,90,0,1,16,0,17,32,32,43,0,107,10,0,10,117
10/09/2017,FSD,SD,AGL,CE,Combined TRACON& Tower with Radar,30,57,22,0,109,0,3,13,0,16,30,60,35,0,125,24,0,24,149
10/10/2017,FSD,SD,AGL,CE,Combined TRACON& Tower with Radar,41,91,56,1,189,0,7,29,0,36,41,98,85,1,225,36,0,36,261
10/11/2017,FSD,SD,AGL,CE,Combined TRACON& Tower with Radar,41,90,89,0,220,0,3,23,0,26,41,93,112,0,246,0,0,0,246
10/12/2017,FSD,SD,AGL,CE,Combined TRACON& Tower with Radar,43,85,41,2,171,0,4,25,0,29,43,89,66,2,200,26,0,26,226
10/13/2017,FSD,SD,AGL,CE,Combined TRACON& Tower with Radar,41,87,32,15,175,0,6,22,0,28,41,93,54,15,203,54,2,56,259
10/14/2017,FSD,SD,AGL,CE,Combined TRACON& Tower with Radar,34,41,19,40,134,0,1,6,0,7,34,42,25,40,141,20,0,20,161
10/15/2017,FSD,SD,AGL,CE,Combined TRACON& Tower with Radar,31,34,34,21,120,0,7,18,1,26,31,41,52,22,146,56,4,60,206
10/16/2017,FSD,SD,AGL,CE,Combined TRACON& Tower with Radar,29,71,43,0,143,0,4,26,0,30,29,75,69,0,173,52,0,52,225
10/17/2017,FSD,SD,AGL,CE,Combined TRACON& Tower with Radar,39,86,46,0,171,0,2,19,2,23,39,88,65,2,194,32,0,32,226
10/18/2017,FSD,SD,AGL,CE,Combined TRACON& Tower with Radar,41,80,53,13,187,0,6,24,1,31,41,86,77,14,218,22,12,34,252
10/19/2017,FSD,SD,AGL,CE,Combined TRACON& Tower with Radar,44,83,66,15,208,0,6,26,2,34,44,89,92,17,242,16,0,16,258
10/20/2017,FSD,SD,AGL,CE,Combined TRACON& Tower with Radar,41,73,49,7,170,0,6,25,0,31,41,79,74,7,201,10,0,10,211
10/21/2017,FSD,SD,AGL,CE,Combined TRACON& Tower with Radar,35,53,22,0,110,0,4,7,0,11,35,57,29,0,121,0,0,0,121
10/22/2017,FSD,SD,AGL,CE,Combined TRACON& Tower with Radar,30,32,36,0,98,0,0,29,0,29,30,32,65,0,127,34,0,34,161
10/23/2017,FSD,SD,AGL,CE,Combined TRACON& Tower with Radar,27,57,32,26,142,0,6,9,0,15,27,63,41,26,157,0,0,0,157
10/24/2017,FSD,SD,AGL,CE,Combined TRACON& Tower with Radar,37,80,45,12,174,0,8,26,0,34,37,88,71,12,208,12,16,28,236
10/25/2017,FSD,SD,AGL,CE,Combined TRACON& Tower with Radar,39,101,57,18,215,0,12,50,0,62,39,113,107,18,277,60,22,82,359
10/26/2017,FSD,SD,AGL,CE,Combined TRACON& Tower with Radar,44,98,50,6,198,0,1,12,0,13,44,99,62,6,211,6,0,6,217
10/27/2017,FSD,SD,AGL,CE,Combined TRACON& Tower with Radar,40,84,31,2,157,0,1,6,0,7,40,85,37,2,164,0,0,0,164
10/28/2017,FSD,SD,AGL,CE,Combined TRACON& Tower with Radar,34,36,17,0,87,0,2,35,5,42,34,38,52,5,129,30,0,30,159
10/29/2017,FSD,SD,AGL,CE,Combined TRACON& Tower with Radar,29,32,42,0,103,0,2,16,0,18,29,34,58,0,121,34,0,34,155
10/30/2017,FSD,SD,AGL,CE,Combined TRACON& Tower with Radar,29,58,46,0,133,0,1,6,0,7,29,59,52,0,140,10,0,10,150
10/31/2017,FSD,SD,AGL,CE,Combined TRACON& Tower with Radar,35,78,35,20,168,0,4,8,1,13,35,82,43,21,181,20,0,20,201
11/01/2017,FSD,SD,AGL,CE,Combined TRACON& Tower with Radar,44,89,51,24,208,0,3,17,2,22,44,92,68,26,230,34,4,38,268
11/02/2017,FSD,SD,AGL,CE,Combined TRACON& Tower with Radar,42,83,67,23,215,0,1,12,2,15,42,84,79,25,230,12,0,12,242
11/03/2017,FSD,SD,AGL,CE,Combined TRACON& Tower with Radar,38,88,61,11,198,0,0,15,1,16,38,88,76,12,214,62,0,62,276
11/04/2017,FSD,SD,AGL,CE,Combined TRACON& Tower with Radar,36,41,28,17,122,0,0,7,0,7,36,41,35,17,129,4,0,4,133
11/05/2017,FSD,SD,AGL,CE,Combined TRACON& Tower with Radar,33,35,30,10,108,0,2,9,0,11,33,37,39,10,119,10,0,10,129
11/06/2017,FSD,SD,AGL,CE,Combined TRACON& Tower with Radar,31,67,48,0,146,0,2,7,0,9,31,69,55,0,155,0,0,0,155
11/07/2017,FSD,SD,AGL,CE,Combined TRACON& Tower with Radar,39,100,64,21,224,0,1,5,0,6,39,101,69,21,230,4,2,6,236
11/08/2017,FSD,SD,AGL,CE,Combined TRACON& Tower with Radar,42,91,47,16,196,0,3,28,1,32,42,94,75,17,228,26,12,38,266
11/09/2017,FSD,SD,AGL,CE,Combined TRACON& Tower with Radar,44,100,68,16,228,0,9,34,0,43,44,109,102,16,271,42,6,48,319
11/10/2017,FSD,SD,AGL,CE,Combined TRACON& Tower with Radar,41,76,46,0,163,0,2,18,0,20,41,78,64,0,183,16,0,16,199
11/11/2017,FSD,SD,AGL,CE,Combined TRACON& Tower with Radar,34,40,23,0,97,0,2,30,2,34,34,42,53,2,131,40,0,40,171
11/12/2017,FSD,SD,AGL,CE,Combined TRACON& Tower with Radar,35,22,31,0,88,0,1,39,0,40,35,23,70,0,128,20,0,20,148
11/13/2017,FSD,SD,AGL,CE,Combined TRACON& Tower with Radar,35,76,59,22,192,0,0,9,0,9,35,76,68,22,201,4,0,4,205
11/14/2017,FSD,SD,AGL,CE,Combined TRACON& Tower with Radar,39,95,70,26,230,0,0,2,6,8,39,95,72,32,238,26,12,38,276
11/15/2017,FSD,SD,AGL,CE,Combined TRACON& Tower with Radar,41,97,47,18,203,0,1,31,0,32,41,98,78,18,235,0,6,6,241
11/16/2017,FSD,SD,AGL,CE,Combined TRACON& Tower with Radar,40,100,82,19,241,0,0,18,0,18,40,100,100,19,259,0,0,0,259
11/17/2017,FSD,SD,AGL,CE,Combined TRACON& Tower with Radar,42,89,72,2,205,0,7,35,0,42,42,96,107,2,247,30,0,30,277
11/18/2017,FSD,SD,AGL,CE,Combined TRACON& Tower with Radar,34,43,28,7,112,0,1,31,1,33,34,44,59,8,145,32,0,32,177
11/19/2017,FSD,SD,AGL,CE,Combined TRACON& Tower with Radar,31,30,25,5,91,0,6,45,1,52,31,36,70,6,143,26,0,26,169
11/20/2017,FSD,SD,AGL,CE,Combined TRACON& Tower with Radar,33,73,57,14,177,0,6,50,4,60,33,79,107,18,237,22,10,32,269
11/21/2017,FSD,SD,AGL,CE,Combined TRACON& Tower with Radar,42,90,42,12,186,0,14,12,2,28,42,104,54,14,214,10,14,24,238
11/22/2017,FSD,SD,AGL,CE,Combined TRACON& Tower with Radar,44,97,42,17,200,0,8,21,1,30,44,105,63,18,230,4,8,12,242
11/23/2017,FSD,SD,AGL,CE,Combined TRACON& Tower with Radar,16,12,8,0,36,0,3,20,0,23,16,15,28,0,59,12,0,12,71
11/24/2017,FSD,SD,AGL,CE,Combined TRACON& Tower with Radar,29,74,29,0,132,0,2,7,0,9,29,76,36,0,141,36,0,36,177
11/25/2017,FSD,SD,AGL,CE,Combined TRACON& Tower with Radar,29,52,32,0,113,0,0,56,0,56,29,52,88,0,169,52,0,52,221
11/26/2017,FSD,SD,AGL,CE,Combined TRACON& Tower with Radar,37,29,39,0,105,0,1,39,0,40,37,30,78,0,145,8,0,8,153
11/27/2017,FSD,SD,AGL,CE,Combined TRACON& Tower with Radar,37,85,48,1,171,0,6,22,0,28,37,91,70,1,199,32,0,32,231
11/28/2017,FSD,SD,AGL,CE,Combined TRACON& Tower with Radar,41,101,51,14,207,0,11,33,0,44,41,112,84,14,251,30,8,38,289
11/29/2017,FSD,SD,AGL,CE,Combined TRACON& Tower with Radar,39,92,53,16,200,0,6,21,0,27,39,98,74,16,227,20,2,22,249
11/30/2017,FSD,SD,AGL,CE,Combined TRACON& Tower with Radar,46,94,67,24,231,0,7,31,1,39,46,101,98,25,270,10,8,18,288
12/01/2017,FSD,SD,AGL,CE,Combined TRACON& Tower with Radar,41,85,61,12,199,0,3,35,1,39,41,88,96,13,238,0,0,0,238
12/02/2017,FSD,SD,AGL,CE,Combined TRACON& Tower with Radar,31,32,21,26,110,0,3,31,0,34,31,35,52,26,144,22,14,36,180
12/03/2017,FSD,SD,AGL,CE,Combined TRACON& Tower with Radar,36,29,25,0,90,0,2,32,1,35,36,31,57,1,125,42,0,42,167
12/04/2017,FSD,SD,AGL,CE,Combined TRACON& Tower with Radar,30,52,40,1,123,0,0,0,0,0,30,52,40,1,123,0,0,0,123
12/05/2017,FSD,SD,AGL,CE,Combined TRACON& Tower with Radar,43,103,59,23,228,0,7,9,0,16,43,110,68,23,244,2,0,2,246
12/06/2017,FSD,SD,AGL,CE,Combined TRACON& Tower with Radar,42,108,39,20,209,0,0,13,0,13,42,108,52,20,222,14,0,14,236
12/07/2017,FSD,SD,AGL,CE,Combined TRACON& Tower with Radar,48,102,60,19,229,0,6,27,0,33,48,108,87,19,262,18,0,18,280
12/08/2017,FSD,SD,AGL,CE,Combined TRACON& Tower with Radar,39,103,45,0,187,0,1,7,0,8,39,104,52,0,195,0,0,0,195
12/09/2017,FSD,SD,AGL,CE,Combined TRACON& Tower with Radar,28,32,32,0,92,0,1,19,2,22,28,33,51,2,114,0,0,0,114
12/10/2017,FSD,SD,AGL,CE,Combined TRACON& Tower with Radar,33,32,20,0,85,0,3,37,0,40,33,35,57,0,125,48,8,56,181
12/11/2017,FSD,SD,AGL,CE,Combined TRACON& Tower with Radar,35,87,46,0,168,0,0,10,0,10,35,87,56,0,178,0,0,0,178
12/12/2017,FSD,SD,AGL,CE,Combined TRACON& Tower with Radar,38,99,73,12,222,0,4,46,2,52,38,103,119,14,274,45,18,63,337
12/13/2017,FSD,SD,AGL,CE,Combined TRACON& Tower with Radar,41,103,46,7,197,0,1,5,0,6,41,104,51,7,203,4,0,4,207
12/14/2017,FSD,SD,AGL,CE,Combined TRACON& Tower with Radar,43,110,50,19,222,0,0,2,0,2,43,110,52,19,224,48,0,48,272
12/15/2017,FSD,SD,AGL,CE,Combined TRACON& Tower with Radar,43,100,36,24,203,0,4,42,0,46,43,104,78,24,249,38,42,80,329
12/16/2017,FSD,SD,AGL,CE,Combined TRACON& Tower with Radar,31,60,28,10,129,0,1,26,0,27,31,61,54,10,156,28,2,30,186
12/17/2017,FSD,SD,AGL,CE,Combined TRACON& Tower with Radar,36,37,28,7,108,0,0,17,0,17,36,37,45,7,125,10,0,10,135
12/18/2017,FSD,SD,AGL,CE,Combined TRACON& Tower with Radar,37,67,53,18,175,0,2,28,0,30,37,69,81,18,205,14,12,26,231
12/19/2017,FSD,SD,AGL,CE,Combined TRACON& Tower with Radar,39,92,70,12,213,0,11,32,1,44,39,103,102,13,257,70,4,74,331
12/20/2017,FSD,SD,AGL,CE,Combined TRACON& Tower with Radar,42,96,36,12,186,0,3,22,0,25,42,99,58,12,211,18,10,28,239
12/21/2017,FSD,SD,AGL,CE,Combined TRACON& Tower with Radar,39,115,22,0,176,0,0,0,0,0,39,115,22,0,176,0,0,0,176
12/22/2017,FSD,SD,AGL,CE,Combined TRACON& Tower with Radar,37,115,38,0,190,0,8,13,2,23,37,123,51,2,213,0,0,0,213
12/23/2017,FSD,SD,AGL,CE,Combined TRACON& Tower with Radar,30,69,17,2,118,0,0,16,0,16,30,69,33,2,134,0,0,0,134
12/24/2017,FSD,SD,AGL,CE,Combined TRACON& Tower with Radar,22,30,12,0,64,0,1,3,0,4,22,31,15,0,68,0,0,0,68
12/25/2017,FSD,SD,AGL,CE,Combined TRACON& Tower with Radar,20,28,10,0,58,0,0,1,0,1,20,28,11,0,59,0,0,0,59
12/26/2017,FSD,SD,AGL,CE,Combined TRACON& Tower with Radar,27,77,25,4,133,0,4,5,0,9,27,81,30,4,142,6,18,24,166
12/27/2017,FSD,SD,AGL,CE,Combined TRACON& Tower with Radar,39,90,29,13,171,0,5,10,0,15,39,95,39,13,186,18,8,26,212
12/28/2017,FSD,SD,AGL,CE,Combined TRACON& Tower with Radar,37,93,42,6,178,0,2,9,0,11,37,95,51,6,189,8,0,8,197
12/29/2017,FSD,SD,AGL,CE,Combined TRACON& Tower with Radar,31,96,22,0,149,0,0,11,1,12,31,96,33,1,161,0,0,0,161
12/30/2017,FSD,SD,AGL,CE,Combined TRACON& Tower with Radar,27,50,19,0,96,0,0,16,0,16,27,50,35,0,112,0,0,0,112
12/31/2017,FSD,SD,AGL,CE,Combined TRACON& Tower with Radar,19,20,10,0,49,0,4,4,0,8,19,24,14,0,57,0,0,0,57
01/01/2018,FSD,SD,AGL,CE,Combined TRACON& Tower with Radar,21,41,21,0,83,0,6,12,0,18,21,47,33,0,101,0,0,0,101
01/02/2018,FSD,SD,AGL,CE,Combined TRACON& Tower with Radar,25,94,48,0,167,0,6,13,1,20,25,100,61,1,187,4,0,4,191
01/03/2018,FSD,SD,AGL,CE,Combined TRACON& Tower with Radar,31,102,44,12,189,0,8,14,0,22,31,110,58,12,211,16,0,16,227
01/04/2018,FSD,SD,AGL,CE,Combined TRACON& Tower with Radar,30,99,30,15,174,0,6,15,0,21,30,105,45,15,195,6,8,14,209
01/05/2018,FSD,SD,AGL,CE,Combined TRACON& Tower with Radar,32,110,50,9,201,0,10,19,0,29,32,120,69,9,230,8,0,8,238
01/06/2018,FSD,SD,AGL,CE,Combined TRACON& Tower with Radar,24,53,18,5,100,0,2,6,0,8,24,55,24,5,108,14,0,14,122
01/07/2018,FSD,SD,AGL,CE,Combined TRACON& Tower with Radar,19,35,20,5,79,0,0,32,1,33,19,35,52,6,112,30,0,30,142
01/08/2018,FSD,SD,AGL,CE,Combined TRACON& Tower with Radar,23,69,35,2,129,0,1,28,0,29,23,70,63,2,158,52,0,52,210
01/09/2018,FSD,SD,AGL,CE,Combined TRACON& Tower with Radar,27,94,49,0,170,0,4,18,0,22,27,98,67,0,192,6,0,6,198
01/10/2018,FSD,SD,AGL,CE,Combined TRACON& Tower with Radar,32,89,40,0,161,0,0,0,0,0,32,89,40,0,161,0,0,0,161
01/11/2018,FSD,SD,AGL,CE,Combined TRACON& Tower with Radar,34,98,42,0,174,0,0,2,0,2,34,98,44,0,176,0,0,0,176
01/12/2018,FSD,SD,AGL,CE,Combined TRACON& Tower with Radar,27,85,42,0,154,0,8,10,0,18,27,93,52,0,172,0,0,0,172
01/13/2018,FSD,SD,AGL,CE,Combined TRACON& Tower with Radar,26,52,24,0,102,0,0,22,0,22,26,52,46,0,124,6,0,6,130
01/14/2018,FSD,SD,AGL,CE,Combined TRACON& Tower with Radar,26,36,37,0,99,0,0,1,0,1,26,36,38,0,100,0,0,0,100
01/15/2018,FSD,SD,AGL,CE,Combined TRACON& Tower with Radar,25,83,35,0,143,0,2,6,0,8,25,85,41,0,151,0,0,0,151
01/16/2018,FSD,SD,AGL,CE,Combined TRACON& Tower with Radar,28,104,66,0,198,0,17,12,0,29,28,121,78,0,227,12,0,12,239
01/17/2018,FSD,SD,AGL,CE,Combined TRACON& Tower with Radar,32,104,76,0,212,0,11,34,0,45,32,115,110,0,257,38,0,38,295
01/18/2018,FSD,SD,AGL,CE,Combined TRACON& Tower with Radar,34,107,59,3,203,0,11,27,0,38,34,118,86,3,241,36,0,36,277
01/19/2018,FSD,SD,AGL,CE,Combined TRACON& Tower with Radar,36,87,46,5,174,0,0,29,0,29,36,87,75,5,203,22,0,22,225
01/20/2018,FSD,SD,AGL,CE,Combined TRACON& Tower with Radar,26,46,33,1,106,0,2,40,0,42,26,48,73,1,148,46,4,50,198
01/21/2018,FSD,SD,AGL,CE,Combined TRACON& Tower with Radar,21,30,21,1,73,0,1,7,0,8,21,31,28,1,81,0,0,0,81
01/22/2018,FSD,SD,AGL,CE,Combined TRACON& Tower with Radar,16,46,15,0,77,0,0,0,0,0,16,46,15,0,77,0,0,0,77
01/23/2018,FSD,SD,AGL,CE,Combined TRACON& Tower with Radar,30,98,30,13,171,0,1,1,0,2,30,99,31,13,173,0,0,0,173
01/24/2018,FSD,SD,AGL,CE,Combined TRACON& Tower with Radar,35,106,45,7,193,0,14,6,1,21,35,120,51,8,214,12,12,24,238
01/25/2018,FSD,SD,AGL,CE,Combined TRACON& Tower with Radar,34,90,40,13,177,0,1,1,0,2,34,91,41,13,179,0,10,10,189
01/26/2018,FSD,SD,AGL,CE,Combined TRACON& Tower with Radar,34,76,47,20,177,0,1,23,0,24,34,77,70,20,201,30,20,50,251
01/27/2018,FSD,SD,AGL,CE,Combined TRACON& Tower with Radar,27,37,23,0,87,0,1,30,1,32,27,38,53,1,119,30,0,30,149
01/28/2018,FSD,SD,AGL,CE,Combined TRACON& Tower with Radar,28,26,11,2,67,0,8,8,0,16,28,34,19,2,83,0,0,0,83
01/29/2018,FSD,SD,AGL,CE,Combined TRACON& Tower with Radar,26,72,34,0,132,0,1,23,0,24,26,73,57,0,156,10,0,10,166
01/30/2018,FSD,SD,AGL,CE,Combined TRACON& Tower with Radar,30,85,52,16,183,0,4,18,0,22,30,89,70,16,205,22,10,32,237
01/31/2018,FSD,SD,AGL,CE,Combined TRACON& Tower with Radar,36,95,46,15,192,0,13,13,3,29,36,108,59,18,221,6,4,10,231
02/01/2018,FSD,SD,AGL,CE,Combined TRACON& Tower with Radar,34,91,31,12,168,0,9,10,0,19,34,100,41,12,187,8,16,24,211
02/02/2018,FSD,SD,AGL,CE,Combined TRACON& Tower with Radar,38,82,52,6,178,0,1,4,0,5,38,83,56,6,183,2,0,2,185
02/03/2018,FSD,SD,AGL,CE,Combined TRACON& Tower with Radar,27,47,12,14,100,0,0,3,0,3,27,47,15,14,103,0,10,10,113
02/04/2018,FSD,SD,AGL,CE,Combined TRACON& Tower with Radar,22,34,18,0,74,0,5,8,1,14,22,39,26,1,88,8,0,8,96
02/05/2018,FSD,SD,AGL,CE,Combined TRACON& Tower with Radar,26,75,38,0,139,0,3,3,0,6,26,78,41,0,145,0,0,0,145
02/06/2018,FSD,SD,AGL,CE,Combined TRACON& Tower with Radar,30,87,50,2,169,0,1,12,0,13,30,88,62,2,182,6,0,6,188
02/07/2018,FSD,SD,AGL,CE,Combined TRACON& Tower with Radar,33,92,74,0,199,0,5,34,0,39,33,97,108,0,238,34,0,34,272
02/08/2018,FSD,SD,AGL,CE,Combined TRACON& Tower with Radar,34,85,41,10,170,0,0,3,0,3,34,85,44,10,173,4,0,4,177
02/09/2018,FSD,SD,AGL,CE,Combined TRACON& Tower with Radar,31,88,35,9,163,0,4,18,0,22,31,92,53,9,185,23,14,37,222
02/10/2018,FSD,SD,AGL,CE,Combined TRACON& Tower with Radar,27,59,24,2,112,0,11,22,0,33,27,70,46,2,145,0,0,0,145
02/11/2018,FSD,SD,AGL,CE,Combined TRACON& Tower with Radar,24,32,30,2,88,0,2,29,2,33,24,34,59,4,121,36,0,36,157
02/12/2018,FSD,SD,AGL,CE,Combined TRACON& Tower with Radar,26,81,48,15,170,0,3,24,0,27,26,84,72,15,197,28,8,36,233
02/13/2018,FSD,SD,AGL,CE,Combined TRACON& Tower with Radar,32,100,49,18,199,0,2,19,0,21,32,102,68,18,220,30,10,40,260
02/14/2018,FSD,SD,AGL,CE,Combined TRACON& Tower with Radar,35,97,38,17,187,0,3,27,1,31,35,100,65,18,218,40,4,44,262
02/15/2018,FSD,SD,AGL,CE,Combined TRACON& Tower with Radar,39,83,49,8,179,0,0,4,0,4,39,83,53,8,183,0,0,0,183
02/16/2018,FSD,SD,AGL,CE,Combined TRACON& Tower with Radar,32,98,41,2,173,0,12,14,0,26,32,110,55,2,199,24,4,28,227
02/17/2018,FSD,SD,AGL,CE,Combined TRACON& Tower with Radar,28,48,19,0,95,0,3,8,0,11,28,51,27,0,106,18,0,18,124
02/18/2018,FSD,SD,AGL,CE,Combined TRACON& Tower with Radar,29,33,26,2,90,0,0,11,0,11,29,33,37,2,101,0,0,0,101
02/19/2018,FSD,SD,AGL,CE,Combined TRACON& Tower with Radar,24,60,31,0,115,0,0,1,0,1,24,60,32,0,116,0,0,0,116
02/20/2018,FSD,SD,AGL,CE,Combined TRACON& Tower with Radar,29,106,47,2,184,0,5,8,0,13,29,111,55,2,197,24,0,24,221
02/21/2018,FSD,SD,AGL,CE,Combined TRACON& Tower with Radar,35,94,47,13,189,0,1,20,0,21,35,95,67,13,210,66,10,76,286
02/22/2018,FSD,SD,AGL,CE,Combined TRACON& Tower with Radar,38,90,35,13,176,0,0,4,0,4,38,90,39,13,180,2,0,2,182
02/23/2018,FSD,SD,AGL,CE,Combined TRACON& Tower with Radar,34,105,26,18,183,0,0,0,0,0,34,105,26,18,183,0,0,0,183
02/24/2018,FSD,SD,AGL,CE,Combined TRACON& Tower with Radar,31,53,4,0,88,0,0,0,0,0,31,53,4,0,88,0,0,0,88
02/25/2018,FSD,SD,AGL,CE,Combined TRACON& Tower with Radar,27,26,15,10,78,0,2,10,0,12,27,28,25,10,90,12,26,38,128
02/26/2018,FSD,SD,AGL,CE,Combined TRACON& Tower with Radar,26,69,45,0,140,0,4,13,0,17,26,73,58,0,157,6,0,6,163
02/27/2018,FSD,SD,AGL,CE,Combined TRACON& Tower with Radar,30,83,41,17,171,0,4,29,0,33,30,87,70,17,204,10,14,24,228
02/28/2018,FSD,SD,AGL,CE,Combined TRACON& Tower with Radar,37,102,44,20,203,0,1,22,0,23,37,103,66,20,226,20,8,28,254
03/01/2018,FSD,SD,AGL,CE,Combined TRACON& Tower with Radar,36,87,52,18,193,0,12,41,0,53,36,99,93,18,246,12,4,16,262
03/02/2018,FSD,SD,AGL,CE,Combined TRACON& Tower with Radar,38,84,36,8,166,0,0,25,0,25,38,84,61,8,191,12,10,22,213
03/03/2018,FSD,SD,AGL,CE,Combined TRACON& Tower with Radar,32,46,20,16,114,0,4,19,1,24,32,50,39,17,138,2,2,4,142
03/04/2018,FSD,SD,AGL,CE,Combined TRACON& Tower with Radar,27,25,18,5,75,0,1,12,0,13,27,26,30,5,88,4,2,6,94
03/05/2018,FSD,SD,AGL,CE,Combined TRACON& Tower with Radar,22,28,8,0,58,0,0,0,0,0,22,28,8,0,58,0,0,0,58
03/06/2018,FSD,SD,AGL,CE,Combined TRACON& Tower with Radar,38,93,26,0,157,0,0,1,0,1,38,93,27,0,158,0,0,0,158
03/07/2018,FSD,SD,AGL,CE,Combined TRACON& Tower with Radar,42,98,39,3,182,0,2,4,0,6,42,100,43,3,188,6,0,6,194
03/08/2018,FSD,SD,AGL,CE,Combined TRACON& Tower with Radar,40,102,57,3,202,0,0,35,0,35,40,102,92,3,237,20,0,20,257
03/09/2018,FSD,SD,AGL,CE,Combined TRACON& Tower with Radar,38,83,31,1,153,0,0,16,0,16,38,83,47,1,169,42,0,42,211
03/10/2018,FSD,SD,AGL,CE,Combined TRACON& Tower with Radar,29,62,15,0,106,0,0,1,0,1,29,62,16,0,107,0,0,0,107
03/11/2018,FSD,SD,AGL,CE,Combined TRACON& Tower with Radar,24,39,21,2,86,0,0,0,0,0,24,39,21,2,86,0,0,0,86
03/12/2018,FSD,SD,AGL,CE,Combined TRACON& Tower with Radar,30,79,57,0,166,0,4,31,0,35,30,83,88,0,201,50,0,50,251
03/13/2018,FSD,SD,AGL,CE,Combined TRACON& Tower with Radar,36,82,71,2,191,0,10,52,0,62,36,92,123,2,253,36,0,36,289
03/14/2018,FSD,SD,AGL,CE,Combined TRACON& Tower with Radar,42,87,55,2,186,0,4,44,0,48,42,91,99,2,234,74,0,74,308
03/15/2018,FSD,SD,AGL,CE,Combined TRACON& Tower with Radar,38,78,58,0,174,0,1,12,2,15,38,79,70,2,189,0,0,0,189
03/16/2018,FSD,SD,AGL,CE,Combined TRACON& Tower with Radar,34,66,23,0,123,0,2,7,0,9,34,68,30,0,132,0,0,0,132
03/17/2018,FSD,SD,AGL,CE,Combined TRACON& Tower with Radar,31,52,8,2,93,0,0,9,0,9,31,52,17,2,102,10,0,10,112
03/18/2018,FSD,SD,AGL,CE,Combined TRACON& Tower with Radar,24,32,28,0,84,0,0,2,1,3,24,32,30,1,87,4,0,4,91
03/19/2018,FSD,SD,AGL,CE,Combined TRACON& Tower with Radar,29,77,25,0,131,0,1,3,0,4,29,78,28,0,135,0,0,0,135
03/20/2018,FSD,SD,AGL,CE,Combined TRACON& Tower with Radar,36,93,56,2,187,0,0,0,0,0,36,93,56,2,187,0,0,0,187
03/21/2018,FSD,SD,AGL,CE,Combined TRACON& Tower with Radar,40,93,66,2,201,0,0,13,2,15,40,93,79,4,216,10,0,10,226
03/22/2018,FSD,SD,AGL,CE,Combined TRACON& Tower with Radar,38,93,57,4,192,0,4,41,0,45,38,97,98,4,237,46,0,46,283
03/23/2018,FSD,SD,AGL,CE,Combined TRACON& Tower with Radar,36,63,36,2,137,0,0,9,0,9,36,63,45,2,146,10,0,10,156
03/24/2018,FSD,SD,AGL,CE,Combined TRACON& Tower with Radar,30,47,15,5,97,0,1,0,0,1,30,48,15,5,98,0,0,0,98
03/25/2018,FSD,SD,AGL,CE,Combined TRACON& Tower with Radar,26,41,23,0,90,0,0,2,0,2,26,41,25,0,92,0,0,0,92
03/26/2018,FSD,SD,AGL,CE,Combined TRACON& Tower with Radar,28,63,16,0,107,0,0,0,0,0,28,63,16,0,107,0,0,0,107
03/27/2018,FSD,SD,AGL,CE,Combined TRACON& Tower with Radar,34,93,85,4,216,0,1,47,2,50,34,94,132,6,266,74,12,86,352
03/28/2018,FSD,SD,AGL,CE,Combined TRACON& Tower with Radar,38,89,82,22,231,0,0,27,0,27,38,89,109,22,258,38,22,60,318
03/29/2018,FSD,SD,AGL,CE,Combined TRACON& Tower with Radar,38,79,47,20,184,0,0,25,0,25,38,79,72,20,209,2,22,24,233
03/30/2018,FSD,SD,AGL,CE,Combined TRACON& Tower with Radar,33,79,47,18,177,0,0,30,0,30,33,79,77,18,207,14,4,18,225
03/31/2018,FSD,SD,AGL,CE,Combined TRACON& Tower with Radar,24,37,12,0,73,0,2,1,0,3,24,39,13,0,76,0,0,0,76
04/01/2018,FSD,SD,AGL,CE,Combined TRACON& Tower with Radar,22,32,16,0,70,0,0,25,1,26,22,32,41,1,96,6,0,6,102
04/02/2018,FSD,SD,AGL,CE,Combined TRACON& Tower with Radar,31,74,30,0,135,0,1,10,0,11,31,75,40,0,146,6,0,6,152
04/03/2018,FSD,SD,AGL,CE,Combined TRACON& Tower with Radar,30,86,34,0,150,0,0,3,0,3,30,86,37,0,153,0,0,0,153
04/04/2018,FSD,SD,AGL,CE,Combined TRACON& Tower with Radar,30,95,68,13,206,0,1,44,1,46,30,96,112,14,252,36,10,46,298
04/05/2018,FSD,SD,AGL,CE,Combined TRACON& Tower with Radar,32,101,53,14,200,0,1,44,3,48,32,102,97,17,248,47,20,67,315
04/06/2018,FSD,SD,AGL,CE,Combined TRACON& Tower with Radar,28,86,42,6,162,0,2,14,0,16,28,88,56,6,178,22,0,22,200
04/07/2018,FSD,SD,AGL,CE,Combined TRACON& Tower with Radar,18,54,40,10,122,0,2,45,2,49,18,56,85,12,171,50,2,52,223
04/08/2018,FSD,SD,AGL,CE,Combined TRACON& Tower with Radar,16,18,17,0,51,0,0,0,0,0,16,18,17,0,51,0,0,0,51
04/09/2018,FSD,SD,AGL,CE,Combined TRACON& Tower with Radar,25,85,43,2,155,0,0,5,0,5,25,85,48,2,160,12,0,12,172
04/10/2018,FSD,SD,AGL,CE,Combined TRACON& Tower with Radar,27,102,80,20,229,0,8,44,0,52,27,110,124,20,281,94,12,106,387
04/11/2018,FSD,SD,AGL,CE,Combined TRACON& Tower with Radar,32,99,44,14,189,0,6,23,0,29,32,105,67,14,218,24,0,24,242
04/12/2018,FSD,SD,AGL,CE,Combined TRACON& Tower with Radar,29,105,54,11,199,0,0,25,2,27,29,105,79,13,226,32,6,38,264
04/13/2018,FSD,SD,AGL,CE,Combined TRACON& Tower with Radar,26,68,11,0,105,0,0,0,0,0,26,68,11,0,105,0,0,0,105
04/14/2018,FSD,SD,AGL,CE,Combined TRACON& Tower with Radar,0,0,0,0,0,0,0,0,0,0,0,0,0,0,0,0,0,0,0
04/15/2018,FSD,SD,AGL,CE,Combined TRACON& Tower with Radar,21,48,25,0,94,0,0,1,0,1,21,48,26,0,95,0,0,0,95
04/16/2018,FSD,SD,AGL,CE,Combined TRACON& Tower with Radar,23,80,29,15,147,0,6,36,0,42,23,86,65,15,189,40,0,40,229
04/17/2018,FSD,SD,AGL,CE,Combined TRACON& Tower with Radar,27,96,55,14,192,0,8,25,1,34,27,104,80,15,226,17,0,17,243
04/18/2018,FSD,SD,AGL,CE,Combined TRACON& Tower with Radar,29,69,19,17,134,0,1,1,0,2,29,70,20,17,136,0,0,0,136
04/19/2018,FSD,SD,AGL,CE,Combined TRACON& Tower with Radar,33,100,50,18,201,0,4,39,0,43,33,104,89,18,244,32,14,46,290
04/20/2018,FSD,SD,AGL,CE,Combined TRACON& Tower with Radar,30,90,30,0,150,0,5,35,0,40,30,95,65,0,190,36,0,36,226
04/21/2018,FSD,SD,AGL,CE,Combined TRACON& Tower with Radar,21,57,16,0,94,0,4,18,0,22,21,61,34,0,116,20,0,20,136
04/22/2018,FSD,SD,AGL,CE,Combined TRACON& Tower with Radar,23,38,22,2,85,0,4,34,0,38,23,42,56,2,123,46,0,46,169
04/23/2018,FSD,SD,AGL,CE,Combined TRACON& Tower with Radar,23,69,32,0,124,0,3,28,0,31,23,72,60,0,155,60,0,60,215
04/24/2018,FSD,SD,AGL,CE,Combined TRACON& Tower with Radar,32,97,51,13,193,0,2,14,0,16,32,99,65,13,209,10,0,10,219
04/25/2018,FSD,SD,AGL,CE,Combined TRACON& Tower with Radar,30,99,41,18,188,0,0,40,0,40,30,99,81,18,228,64,20,84,312
04/26/2018,FSD,SD,AGL,CE,Combined TRACON& Tower with Radar,33,88,54,5,180,0,5,18,3,26,33,93,72,8,206,20,0,20,226
04/27/2018,FSD,SD,AGL,CE,Combined TRACON& Tower with Radar,30,81,31,13,155,0,4,31,1,36,30,85,62,14,191,8,8,16,207
04/28/2018,FSD,SD,AGL,CE,Combined TRACON& Tower with Radar,20,47,11,0,78,0,7,57,0,64,20,54,68,0,142,82,0,82,224
04/29/2018,FSD,SD,AGL,CE,Combined TRACON& Tower with Radar,23,29,11,0,63,0,0,2,0,2,23,29,13,0,65,0,0,0,65
04/30/2018,FSD,SD,AGL,CE,Combined TRACON& Tower with Radar,25,64,39,1,129,0,4,14,0,18,25,68,53,1,147,8,4,12,159
05/01/2018,FSD,SD,AGL,CE,Combined TRACON& Tower with Radar,28,96,71,12,207,0,2,21,0,23,28,98,92,12,230,8,14,22,252
05/02/2018,FSD,SD,AGL,CE,Combined TRACON& Tower with Radar,29,83,35,23,170,0,0,27,0,27,29,83,62,23,197,72,34,106,303
05/03/2018,FSD,SD,AGL,CE,Combined TRACON& Tower with Radar,32,99,48,18,197,0,6,21,1,28,32,105,69,19,225,12,28,40,265
05/04/2018,FSD,SD,AGL,CE,Combined TRACON& Tower with Radar,28,93,54,6,181,0,1,20,0,21,28,94,74,6,202,30,0,30,232
05/05/2018,FSD,SD,AGL,CE,Combined TRACON& Tower with Radar,22,48,21,6,97,0,1,41,1,43,22,49,62,7,140,16,6,22,162
05/06/2018,FSD,SD,AGL,CE,Combined TRACON& Tower with Radar,21,37,33,0,91,0,6,27,3,36,21,43,60,3,127,26,0,26,153
05/07/2018,FSD,SD,AGL,CE,Combined TRACON& Tower with Radar,27,72,25,10,134,0,4,28,2,34,27,76,53,12,168,2,0,2,170
05/08/2018,FSD,SD,AGL,CE,Combined TRACON& Tower with Radar,28,100,34,8,170,0,0,5,0,5,28,100,39,8,175,0,0,0,175
05/09/2018,FSD,SD,AGL,CE,Combined TRACON& Tower with Radar,30,101,41,19,191,0,2,15,2,19,30,103,56,21,210,38,6,44,254
05/10/2018,FSD,SD,AGL,CE,Combined TRACON& Tower with Radar,30,104,47,12,193,0,0,29,0,29,30,104,76,12,222,26,0,26,248
05/11/2018,FSD,SD,AGL,CE,Combined TRACON& Tower with Radar,34,122,48,0,204,0,0,0,0,0,34,122,48,0,204,2,0,2,206
05/12/2018,FSD,SD,AGL,CE,Combined TRACON& Tower with Radar,36,46,16,2,100,0,3,0,0,3,36,49,16,2,103,0,0,0,103
05/13/2018,FSD,SD,AGL,CE,Combined TRACON& Tower with Radar,21,28,25,0,74,0,1,6,0,7,21,29,31,0,81,0,0,0,81
05/14/2018,FSD,SD,AGL,CE,Combined TRACON& Tower with Radar,23,80,45,14,162,0,5,6,0,11,23,85,51,14,173,0,0,0,173
05/15/2018,FSD,SD,AGL,CE,Combined TRACON& Tower with Radar,33,96,72,17,218,0,5,35,0,40,33,101,107,17,258,34,18,52,310
05/16/2018,FSD,SD,AGL,CE,Combined TRACON& Tower with Radar,31,96,65,16,208,0,1,46,3,50,31,97,111,19,258,18,20,38,296
05/17/2018,FSD,SD,AGL,CE,Combined TRACON& Tower with Radar,32,92,54,20,198,0,4,22,0,26,32,96,76,20,224,22,12,34,258
05/18/2018,FSD,SD,AGL,CE,Combined TRACON& Tower with Radar,28,99,45,2,174,0,6,16,0,22,28,105,61,2,196,20,0,20,216
05/19/2018,FSD,SD,AGL,CE,Combined TRACON& Tower with Radar,22,44,33,0,99,0,2,2,0,4,22,46,35,0,103,4,0,4,107
05/20/2018,FSD,SD,AGL,CE,Combined TRACON& Tower with Radar,21,43,23,0,87,0,0,8,0,8,21,43,31,0,95,0,0,0,95
05/21/2018,FSD,SD,AGL,CE,Combined TRACON& Tower with Radar,21,78,64,0,163,0,2,9,0,11,21,80,73,0,174,48,0,48,222
05/22/2018,FSD,SD,AGL,CE,Combined TRACON& Tower with Radar,28,98,54,20,200,0,6,14,0,20,28,104,68,20,220,36,42,78,298
05/23/2018,FSD,SD,AGL,CE,Combined TRACON& Tower with Radar,34,91,43,16,184,0,2,12,1,15,34,93,55,17,199,0,8,8,207
05/24/2018,FSD,SD,AGL,CE,Combined TRACON& Tower with Radar,31,98,51,17,197,0,6,18,6,30,31,104,69,23,227,12,2,14,241
05/25/2018,FSD,SD,AGL,CE,Combined TRACON& Tower with Radar,31,89,35,16,171,0,2,23,0,25,31,91,58,16,196,12,4,16,212
05/26/2018,FSD,SD,AGL,CE,Combined TRACON& Tower with Radar,24,56,16,0,96,0,2,19,0,21,24,58,35,0,117,2,0,2,119
05/27/2018,FSD,SD,AGL,CE,Combined TRACON& Tower with Radar,17,27,12,0,56,0,2,12,2,16,17,29,24,2,72,52,0,52,124
05/28/2018,FSD,SD,AGL,CE,Combined TRACON& Tower with Radar,18,41,16,0,75,0,1,19,0,20,18,42,35,0,95,16,0,16,111
05/29/2018,FSD,SD,AGL,CE,Combined TRACON& Tower with Radar,29,101,35,0,165,0,2,13,1,16,29,103,48,1,181,8,0,8,189
05/30/2018,FSD,SD,AGL,CE,Combined TRACON& Tower with Radar,35,93,49,18,195,0,4,40,0,44,35,97,89,18,239,22,12,34,273
05/31/2018,FSD,SD,AGL,CE,Combined TRACON& Tower with Radar,28,88,41,14,171,0,8,23,4,35,28,96,64,18,206,24,8,32,238
06/01/2018,FSD,SD,AGL,CE,Combined TRACON& Tower with Radar,25,99,35,14,173,0,9,32,1,42,25,108,67,15,215,16,12,28,243
06/02/2018,FSD,SD,AGL,CE,Combined TRACON& Tower with Radar,23,69,21,14,127,0,7,4,0,11,23,76,25,14,138,0,6,6,144
06/03/2018,FSD,SD,AGL,CE,Combined TRACON& Tower with Radar,21,41,24,9,95,0,5,11,0,16,21,46,35,9,111,4,16,20,131
06/04/2018,FSD,SD,AGL,CE,Combined TRACON& Tower with Radar,21,90,45,0,156,0,3,12,0,15,21,93,57,0,171,12,0,12,183
06/05/2018,FSD,SD,AGL,CE,Combined TRACON& Tower with Radar,28,91,44,16,179,0,6,17,0,23,28,97,61,16,202,32,0,32,234
06/06/2018,FSD,SD,AGL,CE,Combined TRACON& Tower with Radar,33,103,27,13,176,0,2,14,0,16,33,105,41,13,192,10,16,26,218
06/07/2018,FSD,SD,AGL,CE,Combined TRACON& Tower with Radar,30,99,59,8,196,0,1,14,0,15,30,100,73,8,211,24,0,24,235
06/08/2018,FSD,SD,AGL,CE,Combined TRACON& Tower with Radar,31,93,41,8,173,0,2,16,0,18,31,95,57,8,191,18,2,20,211
06/09/2018,FSD,SD,AGL,CE,Combined TRACON& Tower with Radar,27,53,24,0,104,0,0,17,0,17,27,53,41,0,121,4,0,4,125
06/10/2018,FSD,SD,AGL,CE,Combined TRACON& Tower with Radar,24,39,29,0,92,0,1,8,0,9,24,40,37,0,101,6,0,6,107
06/11/2018,FSD,SD,AGL,CE,Combined TRACON& Tower with Radar,25,95,41,2,163,0,1,10,0,11,25,96,51,2,174,0,0,0,174
06/12/2018,FSD,SD,AGL,CE,Combined TRACON& Tower with Radar,34,102,65,18,219,0,1,14,0,15,34,103,79,18,234,10,0,10,244
06/13/2018,FSD,SD,AGL,CE,Combined TRACON& Tower with Radar,38,113,62,6,219,0,5,21,0,26,38,118,83,6,245,26,4,30,275
06/14/2018,FSD,SD,AGL,CE,Combined TRACON& Tower with Radar,32,114,60,15,221,0,5,11,2,18,32,119,71,17,239,0,14,14,253
06/15/2018,FSD,SD,AGL,CE,Combined TRACON& Tower with Radar,32,90,36,0,158,0,6,20,0,26,32,96,56,0,184,0,0,0,184
06/16/2018,FSD,SD,AGL,CE,Combined TRACON& Tower with Radar,27,50,27,1,105,0,2,11,4,17,27,52,38,5,122,0,0,0,122
06/17/2018,FSD,SD,AGL,CE,Combined TRACON& Tower with Radar,23,36,20,2,81,0,1,9,1,11,23,37,29,3,92,0,0,0,92
06/18/2018,FSD,SD,AGL,CE,Combined TRACON& Tower with Radar,23,74,61,1,159,0,1,5,0,6,23,75,66,1,165,2,0,2,167
06/19/2018,FSD,SD,AGL,CE,Combined TRACON& Tower with Radar,31,103,88,15,237,0,0,1,0,1,31,103,89,15,238,0,0,0,238
06/20/2018,FSD,SD,AGL,CE,Combined TRACON& Tower with Radar,40,100,32,18,190,0,0,0,1,1,40,100,32,19,191,0,0,0,191
06/21/2018,FSD,SD,AGL,CE,Combined TRACON& Tower with Radar,35,108,51,10,204,0,2,18,0,20,35,110,69,10,224,10,0,10,234
06/22/2018,FSD,SD,AGL,CE,Combined TRACON& Tower with Radar,28,96,55,24,203,0,0,52,0,52,28,96,107,24,255,24,4,28,283
06/23/2018,FSD,SD,AGL,CE,Combined TRACON& Tower with Radar,26,54,13,0,93,0,1,28,1,30,26,55,41,1,123,32,0,32,155
06/24/2018,FSD,SD,AGL,CE,Combined TRACON& Tower with Radar,26,43,28,0,97,0,0,21,0,21,26,43,49,0,118,8,0,8,126
06/25/2018,FSD,SD,AGL,CE,Combined TRACON& Tower with Radar,22,67,29,0,118,0,0,3,0,3,22,67,32,0,121,12,0,12,133
06/26/2018,FSD,SD,AGL,CE,Combined TRACON& Tower with Radar,31,86,50,17,184,0,2,17,0,19,31,88,67,17,203,2,14,16,219
06/27/2018,FSD,SD,AGL,CE,Combined TRACON& Tower with Radar,38,101,60,15,214,0,6,21,0,27,38,107,81,15,241,6,0,6,247
06/28/2018,FSD,SD,AGL,CE,Combined TRACON& Tower with Radar,34,94,66,12,206,0,1,38,0,39,34,95,104,12,245,2,0,2,247
06/29/2018,FSD,SD,AGL,CE,Combined TRACON& Tower with Radar,28,100,40,0,168,0,7,30,1,38,28,107,70,1,206,14,0,14,220
06/30/2018,FSD,SD,AGL,CE,Combined TRACON& Tower with Radar,27,53,11,0,91,0,2,2,0,4,27,55,13,0,95,4,0,4,99
07/01/2018,FSD,SD,AGL,CE,Combined TRACON& Tower with Radar,24,35,29,0,88,0,3,30,0,33,24,38,59,0,121,26,0,26,147
07/02/2018,FSD,SD,AGL,CE,Combined TRACON& Tower with Radar,20,56,19,0,95,0,18,22,1,41,20,74,41,1,136,10,0,10,146
07/03/2018,FSD,SD,AGL,CE,Combined TRACON& Tower with Radar,23,106,44,0,173,0,3,9,0,12,23,109,53,0,185,0,0,0,185
07/04/2018,FSD,SD,AGL,CE,Combined TRACON& Tower with Radar,21,35,7,0,63,0,3,8,0,11,21,38,15,0,74,12,0,12,86
07/05/2018,FSD,SD,AGL,CE,Combined TRACON& Tower with Radar,29,89,20,14,152,0,4,22,0,26,29,93,42,14,178,14,18,32,210
07/06/2018,FSD,SD,AGL,CE,Combined TRACON& Tower with Radar,30,99,36,16,181,0,6,46,1,53,30,105,82,17,234,36,14,50,284
07/07/2018,FSD,SD,AGL,CE,Combined TRACON& Tower with Radar,25,56,21,0,102,0,7,27,2,36,25,63,48,2,138,12,0,12,150
07/08/2018,FSD,SD,AGL,CE,Combined TRACON& Tower with Radar,20,51,39,0,110,0,0,32,2,34,20,51,71,2,144,14,0,14,158
07/09/2018,FSD,SD,AGL,CE,Combined TRACON& Tower with Radar,15,78,46,1,140,0,4,31,1,36,15,82,77,2,176,40,0,40,216
07/10/2018,FSD,SD,AGL,CE,Combined TRACON& Tower with Radar,24,114,37,16,191,0,6,13,0,19,24,120,50,16,210,4,2,6,216
07/11/2018,FSD,SD,AGL,CE,Combined TRACON& Tower with Radar,28,112,43,17,200,0,4,19,1,24,28,116,62,18,224,22,20,42,266
07/12/2018,FSD,SD,AGL,CE,Combined TRACON& Tower with Radar,28,100,42,13,183,0,1,19,0,20,28,101,61,13,203,2,6,8,211
07/13/2018,FSD,SD,AGL,CE,Combined TRACON& Tower with Radar,26,96,73,16,211,0,6,16,1,23,26,102,89,17,234,40,0,40,274
07/14/2018,FSD,SD,AGL,CE,Combined TRACON& Tower with Radar,25,61,18,0,104,0,2,20,0,22,25,63,38,0,126,48,0,48,174
07/15/2018,FSD,SD,AGL,CE,Combined TRACON& Tower with Radar,19,48,37,2,106,0,0,18,0,18,19,48,55,2,124,2,0,2,126
07/16/2018,FSD,SD,AGL,CE,Combined TRACON& Tower with Radar,18,75,32,1,126,0,8,37,0,45,18,83,69,1,171,66,0,66,237
07/17/2018,FSD,SD,AGL,CE,Combined TRACON& Tower with Radar,27,103,50,0,180,0,3,36,0,39,27,106,86,0,219,46,0,46,265
07/18/2018,FSD,SD,AGL,CE,Combined TRACON& Tower with Radar,36,102,35,1,174,0,0,15,0,15,36,102,50,1,189,20,0,20,209
07/19/2018,FSD,SD,AGL,CE,Combined TRACON& Tower with Radar,27,109,52,1,189,0,3,14,0,17,27,112,66,1,206,8,0,8,214
07/20/2018,FSD,SD,AGL,CE,Combined TRACON& Tower with Radar,29,99,57,3,188,0,5,44,1,50,29,104,101,4,238,60,0,60,298
07/21/2018,FSD,SD,AGL,CE,Combined TRACON& Tower with Radar,27,53,28,11,119,0,3,44,1,48,27,56,72,12,167,32,0,32,199
07/22/2018,FSD,SD,AGL,CE,Combined TRACON& Tower with Radar,18,56,41,2,117,0,0,53,0,53,18,56,94,2,170,36,0,36,206
07/23/2018,FSD,SD,AGL,CE,Combined TRACON& Tower with Radar,18,78,36,0,132,0,1,20,0,21,18,79,56,0,153,36,0,36,189
07/24/2018,FSD,SD,AGL,CE,Combined TRACON& Tower with Radar,24,104,66,0,194,0,5,37,0,42,24,109,103,0,236,56,0,56,292
07/25/2018,FSD,SD,AGL,CE,Combined TRACON& Tower with Radar,32,103,42,6,183,0,6,25,1,32,32,109,67,7,215,46,14,60,275
07/26/2018,FSD,SD,AGL,CE,Combined TRACON& Tower with Radar,28,110,69,7,214,0,6,49,0,55,28,116,118,7,269,16,0,16,285
07/27/2018,FSD,SD,AGL,CE,Combined TRACON& Tower with Radar,25,94,44,8,171,0,2,35,0,37,25,96,79,8,208,66,0,66,274
07/28/2018,FSD,SD,AGL,CE,Combined TRACON& Tower with Radar,25,50,43,0,118,0,2,35,0,37,25,52,78,0,155,34,0,34,189
07/29/2018,FSD,SD,AGL,CE,Combined TRACON& Tower with Radar,18,40,25,0,83,0,1,23,0,24,18,41,48,0,107,0,0,0,107
07/30/2018,FSD,SD,AGL,CE,Combined TRACON& Tower with Radar,18,72,40,0,130,0,4,27,1,32,18,76,67,1,162,34,0,34,196
07/31/2018,FSD,SD,AGL,CE,Combined TRACON& Tower with Radar,22,104,55,1,182,0,5,33,3,41,22,109,88,4,223,64,0,64,287
08/01/2018,FSD,SD,AGL,CE,Combined TRACON& Tower with Radar,34,106,54,1,195,0,3,33,0,36,34,109,87,1,231,34,0,34,265
08/02/2018,FSD,SD,AGL,CE,Combined TRACON& Tower with Radar,30,97,58,6,191,0,4,48,0,52,30,101,106,6,243,26,4,30,273
08/03/2018,FSD,SD,AGL,CE,Combined TRACON& Tower with Radar,29,106,43,5,183,0,1,23,2,26,29,107,66,7,209,14,4,18,227
08/04/2018,FSD,SD,AGL,CE,Combined TRACON& Tower with Radar,23,59,10,5,97,0,0,9,0,9,23,59,19,5,106,0,2,2,108
08/05/2018,FSD,SD,AGL,CE,Combined TRACON& Tower with Radar,20,50,25,3,98,0,3,9,0,12,20,53,34,3,110,16,10,26,136
08/06/2018,FSD,SD,AGL,CE,Combined TRACON& Tower with Radar,18,77,45,0,140,0,5,24,0,29,18,82,69,0,169,72,0,72,241
08/07/2018,FSD,SD,AGL,CE,Combined TRACON& Tower with Radar,23,104,58,0,185,0,2,34,1,37,23,106,92,1,222,60,0,60,282
08/08/2018,FSD,SD,AGL,CE,Combined TRACON& Tower with Radar,30,104,59,3,196,0,0,34,0,34,30,104,93,3,230,22,0,22,252
08/09/2018,FSD,SD,AGL,CE,Combined TRACON& Tower with Radar,29,86,42,11,168,0,2,36,0,38,29,88,78,11,206,46,10,56,262
08/10/2018,FSD,SD,AGL,CE,Combined TRACON& Tower with Radar,30,85,44,0,159,0,2,30,0,32,30,87,74,0,191,24,0,24,215
08/11/2018,FSD,SD,AGL,CE,Combined TRACON& Tower with Radar,25,47,32,0,104,0,5,20,0,25,25,52,52,0,129,8,0,8,137
08/12/2018,FSD,SD,AGL,CE,Combined TRACON& Tower with Radar,19,53,33,0,105,0,3,22,0,25,19,56,55,0,130,24,0,24,154
08/13/2018,FSD,SD,AGL,CE,Combined TRACON& Tower with Radar,19,83,43,0,145,0,1,22,0,23,19,84,65,0,168,16,0,16,184
08/14/2018,FSD,SD,AGL,CE,Combined TRACON& Tower with Radar,25,96,44,1,166,0,0,12,1,13,25,96,56,2,179,2,0,2,181
08/15/2018,FSD,SD,AGL,CE,Combined TRACON& Tower with Radar,29,110,59,5,203,0,0,6,1,7,29,110,65,6,210,8,0,8,218
08/16/2018,FSD,SD,AGL,CE,Combined TRACON& Tower with Radar,24,110,38,0,172,0,0,15,0,15,24,110,53,0,187,0,0,0,187
08/17/2018,FSD,SD,AGL,CE,Combined TRACON& Tower with Radar,26,110,34,5,175,0,3,27,2,32,26,113,61,7,207,14,0,14,221
08/18/2018,FSD,SD,AGL,CE,Combined TRACON& Tower with Radar,20,53,22,1,96,1,4,31,1,37,21,57,53,2,133,28,0,28,161
08/19/2018,FSD,SD,AGL,CE,Combined TRACON& Tower with Radar,13,48,32,3,96,0,1,1,0,2,13,49,33,3,98,0,0,0,98
08/20/2018,FSD,SD,AGL,CE,Combined TRACON& Tower with Radar,22,74,54,0,150,0,2,6,0,8,22,76,60,0,158,4,0,4,162
08/21/2018,FSD,SD,AGL,CE,Combined TRACON& Tower with Radar,26,110,51,2,189,0,3,23,0,26,26,113,74,2,215,52,8,60,275
08/22/2018,FSD,SD,AGL,CE,Combined TRACON& Tower with Radar,32,91,65,4,192,0,5,28,1,34,32,96,93,5,226,32,2,34,260
08/23/2018,FSD,SD,AGL,CE,Combined TRACON& Tower with Radar,34,101,65,9,209,0,0,11,0,11,34,101,76,9,220,6,0,6,226
08/24/2018,FSD,SD,AGL,CE,Combined TRACON& Tower with Radar,34,96,57,0,187,0,1,14,0,15,34,97,71,0,202,22,0,22,224
08/25/2018,FSD,SD,AGL,CE,Combined TRACON& Tower with Radar,25,48,22,0,95,0,5,23,1,29,25,53,45,1,124,24,0,24,148
08/26/2018,FSD,SD,AGL,CE,Combined TRACON& Tower with Radar,22,31,36,0,89,0,1,28,0,29,22,32,64,0,118,14,0,14,132
08/27/2018,FSD,SD,AGL,CE,Combined TRACON& Tower with Radar,29,65,56,0,150,0,3,4,0,7,29,68,60,0,157,8,0,8,165
08/28/2018,FSD,SD,AGL,CE,Combined TRACON& Tower with Radar,25,93,69,0,187,0,3,18,0,21,25,96,87,0,208,14,0,14,222
08/29/2018,FSD,SD,AGL,CE,Combined TRACON& Tower with Radar,32,97,59,6,194,0,3,35,0,38,32,100,94,6,232,58,0,58,290
08/30/2018,FSD,SD,AGL,CE,Combined TRACON& Tower with Radar,32,104,50,7,193,0,0,15,0,15,32,104,65,7,208,0,0,0,208
08/31/2018,FSD,SD,AGL,CE,Combined TRACON& Tower with Radar,50,92,53,0,195,0,1,10,0,11,50,93,63,0,206,4,0,4,210
09/01/2018,FSD,SD,AGL,CE,Combined TRACON& Tower with Radar,19,44,19,0,82,0,6,17,0,23,19,50,36,0,105,26,0,26,131
09/02/2018,FSD,SD,AGL,CE,Combined TRACON& Tower with Radar,18,23,22,0,63,0,1,3,0,4,18,24,25,0,67,0,0,0,67
09/03/2018,FSD,SD,AGL,CE,Combined TRACON& Tower with Radar,23,33,37,0,93,0,0,2,0,2,23,33,39,0,95,28,0,28,123
09/04/2018,FSD,SD,AGL,CE,Combined TRACON& Tower with Radar,25,93,30,2,150,0,0,0,0,0,25,93,30,2,150,0,0,0,150
09/05/2018,FSD,SD,AGL,CE,Combined TRACON& Tower with Radar,33,105,60,4,202,0,5,16,1,22,33,110,76,5,224,48,0,48,272
09/06/2018,FSD,SD,AGL,CE,Combined TRACON& Tower with Radar,33,98,62,9,202,0,7,24,0,31,33,105,86,9,233,20,2,22,255
09/07/2018,FSD,SD,AGL,CE,Combined TRACON& Tower with Radar,43,80,53,6,182,0,6,30,4,40,43,86,83,10,222,10,0,10,232
09/08/2018,FSD,SD,AGL,CE,Combined TRACON& Tower with Radar,30,40,25,1,96,0,6,33,0,39,30,46,58,1,135,42,0,42,177
09/09/2018,FSD,SD,AGL,CE,Combined TRACON& Tower with Radar,27,43,35,0,105,0,5,34,0,39,27,48,69,0,144,54,0,54,198
09/10/2018,FSD,SD,AGL,CE,Combined TRACON& Tower with Radar,31,66,72,0,169,0,5,45,2,52,31,71,117,2,221,48,0,48,269
09/11/2018,FSD,SD,AGL,CE,Combined TRACON& Tower with Radar,32,102,53,4,191,0,2,21,2,25,32,104,74,6,216,16,4,20,236
09/12/2018,FSD,SD,AGL,CE,Combined TRACON& Tower with Radar,36,91,62,4,193,0,3,38,1,42,36,94,100,5,235,20,0,20,255
09/13/2018,FSD,SD,AGL,CE,Combined TRACON& Tower with Radar,36,92,78,0,206,0,3,4,0,7,36,95,82,0,213,0,0,0,213
09/14/2018,FSD,SD,AGL,CE,Combined TRACON& Tower with Radar,40,84,60,15,199,0,3,7,0,10,40,87,67,15,209,6,0,6,215
09/15/2018,FSD,SD,AGL,CE,Combined TRACON& Tower with Radar,28,45,21,0,94,0,9,25,1,35,28,54,46,1,129,34,0,34,163
09/16/2018,FSD,SD,AGL,CE,Combined TRACON& Tower with Radar,27,49,28,0,104,0,2,16,1,19,27,51,44,1,123,12,0,12,135
09/17/2018,FSD,SD,AGL,CE,Combined TRACON& Tower with Radar,32,69,68,0,169,0,11,19,1,31,32,80,87,1,200,36,0,36,236
09/18/2018,FSD,SD,AGL,CE,Combined TRACON& Tower with Radar,32,92,47,5,176,0,0,4,0,4,32,92,51,5,180,12,0,12,192
09/19/2018,FSD,SD,AGL,CE,Combined TRACON& Tower with Radar,48,88,33,4,173,0,0,1,0,1,48,88,34,4,174,0,0,0,174
09/20/2018,FSD,SD,AGL,CE,Combined TRACON& Tower with Radar,34,101,37,0,172,0,0,1,0,1,34,101,38,0,173,6,0,6,179
09/21/2018,FSD,SD,AGL,CE,Combined TRACON& Tower with Radar,39,80,51,18,188,0,2,22,3,27,39,82,73,21,215,30,14,44,259
09/22/2018,FSD,SD,AGL,CE,Combined TRACON& Tower with Radar,28,39,30,3,100,0,4,21,4,29,28,43,51,7,129,14,0,14,143
09/23/2018,FSD,SD,AGL,CE,Combined TRACON& Tower with Radar,28,29,44,0,101,0,6,33,3,42,28,35,77,3,143,10,0,10,153
09/24/2018,FSD,SD,AGL,CE,Combined TRACON& Tower with Radar,34,65,47,0,146,0,2,2,0,4,34,67,49,0,150,22,0,22,172
09/25/2018,FSD,SD,AGL,CE,Combined TRACON& Tower with Radar,38,98,61,5,202,0,2,4,0,6,38,100,65,5,208,24,0,24,232
09/26/2018,FSD,SD,AGL,CE,Combined TRACON& Tower with Radar,37,85,56,2,180,0,6,39,0,45,37,91,95,2,225,63,0,63,288
09/27/2018,FSD,SD,AGL,CE,Combined TRACON& Tower with Radar,36,85,60,2,183,0,3,25,0,28,36,88,85,2,211,58,0,58,269
09/28/2018,FSD,SD,AGL,CE,Combined TRACON& Tower with Radar,39,83,42,2,166,0,4,21,0,25,39,87,63,2,191,12,0,12,203
09/29/2018,FSD,SD,AGL,CE,Combined TRACON& Tower with Radar,36,44,17,0,97,0,1,7,0,8,36,45,24,0,105,0,0,0,105
09/30/2018,FSD,SD,AGL,CE,Combined TRACON& Tower with Radar,30,35,40,0,105,0,0,12,0,12,30,35,52,0,117,26,0,26,143
10/01/2018,FSD,SD,AGL,CE,Combined TRACON& Tower with Radar,32,78,40,0,150,0,0,1,2,3,32,78,41,2,153,0,0,0,153
10/02/2018,FSD,SD,AGL,CE,Combined TRACON& Tower with Radar,35,107,53,10,205,0,0,2,0,2,35,107,55,10,207,0,0,0,207
10/03/2018,FSD,SD,AGL,CE,Combined TRACON& Tower with Radar,46,94,47,17,204,0,2,10,4,16,46,96,57,21,220,6,26,32,252
10/04/2018,FSD,SD,AGL,CE,Combined TRACON& Tower with Radar,39,98,51,2,190,0,0,12,0,12,39,98,63,2,202,12,0,12,214
10/05/2018,FSD,SD,AGL,CE,Combined TRACON& Tower with Radar,47,92,61,2,202,0,0,0,0,0,47,92,61,2,202,0,0,0,202
10/06/2018,FSD,SD,AGL,CE,Combined TRACON& Tower with Radar,33,42,18,0,93,0,0,12,0,12,33,42,30,0,105,0,0,0,105
10/07/2018,FSD,SD,AGL,CE,Combined TRACON& Tower with Radar,32,30,31,0,93,0,3,1,0,4,32,33,32,0,97,0,0,0,97
10/08/2018,FSD,SD,AGL,CE,Combined TRACON& Tower with Radar,60,72,27,0,159,0,0,0,0,0,60,72,27,0,159,0,0,0,159
10/09/2018,FSD,SD,AGL,CE,Combined TRACON& Tower with Radar,38,96,39,0,173,0,0,0,0,0,38,96,39,0,173,0,0,0,173
10/10/2018,FSD,SD,AGL,CE,Combined TRACON& Tower with Radar,41,95,67,6,209,0,1,1,0,2,41,96,68,6,211,0,0,0,211
10/11/2018,FSD,SD,AGL,CE,Combined TRACON& Tower with Radar,42,86,45,1,174,0,2,10,0,12,42,88,55,1,186,20,0,20,206
10/12/2018,FSD,SD,AGL,CE,Combined TRACON& Tower with Radar,45,77,59,0,181,0,3,8,0,11,45,80,67,0,192,36,0,36,228
10/13/2018,FSD,SD,AGL,CE,Combined TRACON& Tower with Radar,34,49,25,4,112,0,2,15,2,19,34,51,40,6,131,24,2,26,157
10/14/2018,FSD,SD,AGL,CE,Combined TRACON& Tower with Radar,28,44,45,0,117,0,4,9,1,14,28,48,54,1,131,2,0,2,133
10/15/2018,FSD,SD,AGL,CE,Combined TRACON& Tower with Radar,35,56,59,2,152,0,4,30,1,35,35,60,89,3,187,38,0,38,225
10/16/2018,FSD,SD,AGL,CE,Combined TRACON& Tower with Radar,42,82,52,7,183,0,7,19,0,26,42,89,71,7,209,21,4,25,234
10/17/2018,FSD,SD,AGL,CE,Combined TRACON& Tower with Radar,47,85,45,4,181,0,10,41,1,52,47,95,86,5,233,38,8,46,279
10/18/2018,FSD,SD,AGL,CE,Combined TRACON& Tower with Radar,45,92,43,6,186,0,8,36,1,45,45,100,79,7,231,8,0,8,239
10/19/2018,FSD,SD,AGL,CE,Combined TRACON& Tower with Radar,47,70,44,0,161,0,7,24,1,32,47,77,68,1,193,3,0,3,196
10/20/2018,FSD,SD,AGL,CE,Combined TRACON& Tower with Radar,33,31,19,2,85,0,5,35,1,41,33,36,54,3,126,36,0,36,162
10/21/2018,FSD,SD,AGL,CE,Combined TRACON& Tower with Radar,31,26,40,0,97,0,3,47,3,53,31,29,87,3,150,42,0,42,192
10/22/2018,FSD,SD,AGL,CE,Combined TRACON& Tower with Radar,36,58,62,2,158,0,8,42,1,51,36,66,104,3,209,40,0,40,249
10/23/2018,FSD,SD,AGL,CE,Combined TRACON& Tower with Radar,40,81,79,9,209,0,6,46,0,52,40,87,125,9,261,36,4,40,301
10/24/2018,FSD,SD,AGL,CE,Combined TRACON& Tower with Radar,43,83,54,4,184,0,3,32,1,36,43,86,86,5,220,10,0,10,230
10/25/2018,FSD,SD,AGL,CE,Combined TRACON& Tower with Radar,44,87,90,1,222,0,0,1,0,1,44,87,91,1,223,0,0,0,223
10/26/2018,FSD,SD,AGL,CE,Combined TRACON& Tower with Radar,50,83,65,0,198,0,3,14,0,17,50,86,79,0,215,18,0,18,233
10/27/2018,FSD,SD,AGL,CE,Combined TRACON& Tower with Radar,36,32,11,0,79,0,2,27,1,30,36,34,38,1,109,66,0,66,175
10/28/2018,FSD,SD,AGL,CE,Combined TRACON& Tower with Radar,27,40,33,0,100,0,2,21,0,23,27,42,54,0,123,10,0,10,133
10/29/2018,FSD,SD,AGL,CE,Combined TRACON& Tower with Radar,27,68,46,0,141,0,4,24,0,28,27,72,70,0,169,24,0,24,193
10/30/2018,FSD,SD,AGL,CE,Combined TRACON& Tower with Radar,33,91,47,19,190,0,5,35,0,40,33,96,82,19,230,36,14,50,280
10/31/2018,FSD,SD,AGL,CE,Combined TRACON& Tower with Radar,32,82,39,16,169,0,6,23,0,29,32,88,62,16,198,8,20,28,226
11/01/2018,FSD,SD,AGL,CE,Combined TRACON& Tower with Radar,34,84,30,7,155,0,2,33,2,37,34,86,63,9,192,18,16,34,226
11/02/2018,FSD,SD,AGL,CE,Combined TRACON& Tower with Radar,39,103,42,13,197,0,2,2,0,4,39,105,44,13,201,16,0,16,217
11/03/2018,FSD,SD,AGL,CE,Combined TRACON& Tower with Radar,37,52,18,11,118,0,0,0,0,0,37,52,18,11,118,0,0,0,118
11/04/2018,FSD,SD,AGL,CE,Combined TRACON& Tower with Radar,33,60,38,4,135,0,1,1,0,2,33,61,39,4,137,0,0,0,137
11/05/2018,FSD,SD,AGL,CE,Combined TRACON& Tower with Radar,35,69,69,1,174,0,0,1,0,1,35,69,70,1,175,0,0,0,175
11/06/2018,FSD,SD,AGL,CE,Combined TRACON& Tower with Radar,39,70,47,17,173,0,0,6,1,7,39,70,53,18,180,6,38,44,224
11/07/2018,FSD,SD,AGL,CE,Combined TRACON& Tower with Radar,42,63,59,11,175,0,4,14,0,18,42,67,73,11,193,0,0,0,193
11/08/2018,FSD,SD,AGL,CE,Combined TRACON& Tower with Radar,44,65,58,0,167,0,4,13,0,17,44,69,71,0,184,24,0,24,208
11/09/2018,FSD,SD,AGL,CE,Combined TRACON& Tower with Radar,45,62,39,7,153,0,1,13,1,15,45,63,52,8,168,0,0,0,168
11/10/2018,FSD,SD,AGL,CE,Combined TRACON& Tower with Radar,33,42,21,1,97,0,5,45,0,50,33,47,66,1,147,6,0,6,153
11/11/2018,FSD,SD,AGL,CE,Combined TRACON& Tower with Radar,33,31,27,0,91,0,1,39,0,40,33,32,66,0,131,22,0,22,153
11/12/2018,FSD,SD,AGL,CE,Combined TRACON& Tower with Radar,33,60,43,0,136,0,6,14,1,21,33,66,57,1,157,2,0,2,159
11/13/2018,FSD,SD,AGL,CE,Combined TRACON& Tower with Radar,38,65,76,0,179,0,23,47,1,71,38,88,123,1,250,22,0,22,272
11/14/2018,FSD,SD,AGL,CE,Combined TRACON& Tower with Radar,39,74,88,6,207,0,22,36,1,59,39,96,124,7,266,34,0,34,300
11/15/2018,FSD,SD,AGL,CE,Combined TRACON& Tower with Radar,45,70,56,10,181,0,14,26,0,40,45,84,82,10,221,12,14,26,247
11/16/2018,FSD,SD,AGL,CE,Combined TRACON& Tower with Radar,39,70,54,4,167,0,8,8,1,17,39,78,62,5,184,4,0,4,188
11/17/2018,FSD,SD,AGL,CE,Combined TRACON& Tower with Radar,33,45,20,7,105,0,13,8,1,22,33,58,28,8,127,4,0,4,131
11/18/2018,FSD,SD,AGL,CE,Combined TRACON& Tower with Radar,37,33,24,1,95,0,4,16,1,21,37,37,40,2,116,26,0,26,142
11/19/2018,FSD,SD,AGL,CE,Combined TRACON& Tower with Radar,38,64,38,5,145,0,13,11,0,24,38,77,49,5,169,28,0,28,197
11/20/2018,FSD,SD,AGL,CE,Combined TRACON& Tower with Radar,40,87,64,7,198,0,13,20,2,35,40,100,84,9,233,36,6,42,275
11/21/2018,FSD,SD,AGL,CE,Combined TRACON& Tower with Radar,49,77,38,1,165,0,0,5,0,5,49,77,43,1,170,4,0,4,174
11/22/2018,FSD,SD,AGL,CE,Combined TRACON& Tower with Radar,22,13,10,0,45,0,0,9,0,9,22,13,19,0,54,4,0,4,58
11/23/2018,FSD,SD,AGL,CE,Combined TRACON& Tower with Radar,26,71,16,0,113,0,7,8,0,15,26,78,24,0,128,14,0,14,142
11/24/2018,FSD,SD,AGL,CE,Combined TRACON& Tower with Radar,33,52,37,0,122,0,0,19,0,19,33,52,56,0,141,14,0,14,155
11/25/2018,FSD,SD,AGL,CE,Combined TRACON& Tower with Radar,38,38,23,2,101,0,3,10,0,13,38,41,33,2,114,12,0,12,126
11/26/2018,FSD,SD,AGL,CE,Combined TRACON& Tower with Radar,34,60,45,0,139,0,7,18,2,27,34,67,63,2,166,10,0,10,176
11/27/2018,FSD,SD,AGL,CE,Combined TRACON& Tower with Radar,34,77,45,10,166,0,23,31,0,54,34,100,76,10,220,16,0,16,236
11/28/2018,FSD,SD,AGL,CE,Combined TRACON& Tower with Radar,34,82,65,0,181,0,0,1,0,1,34,82,66,0,182,0,0,0,182
11/29/2018,FSD,SD,AGL,CE,Combined TRACON& Tower with Radar,41,88,53,5,187,0,4,11,0,15,41,92,64,5,202,16,0,16,218
11/30/2018,FSD,SD,AGL,CE,Combined TRACON& Tower with Radar,43,69,33,2,147,0,0,0,0,0,43,69,33,2,147,0,0,0,147
12/01/2018,FSD,SD,AGL,CE,Combined TRACON& Tower with Radar,27,25,7,0,59,0,0,0,0,0,27,25,7,0,59,0,0,0,59
12/02/2018,FSD,SD,AGL,CE,Combined TRACON& Tower with Radar,31,46,11,0,88,0,0,0,0,0,31,46,11,0,88,0,0,0,88
12/03/2018,FSD,SD,AGL,CE,Combined TRACON& Tower with Radar,31,64,26,0,121,0,2,5,0,7,31,66,31,0,128,4,0,4,132
12/04/2018,FSD,SD,AGL,CE,Combined TRACON& Tower with Radar,34,80,74,10,198,0,0,26,2,28,34,80,100,12,226,6,18,24,250
12/05/2018,FSD,SD,AGL,CE,Combined TRACON& Tower with Radar,36,73,63,0,172,0,4,40,0,44,36,77,103,0,216,64,0,64,280
12/06/2018,FSD,SD,AGL,CE,Combined TRACON& Tower with Radar,44,70,47,11,172,0,0,14,0,14,44,70,61,11,186,4,0,4,190
12/07/2018,FSD,SD,AGL,CE,Combined TRACON& Tower with Radar,45,60,54,31,190,0,7,47,1,55,45,67,101,32,245,50,8,58,303
12/08/2018,FSD,SD,AGL,CE,Combined TRACON& Tower with Radar,31,33,25,0,89,0,3,14,2,19,31,36,39,2,108,12,0,12,120
12/09/2018,FSD,SD,AGL,CE,Combined TRACON& Tower with Radar,33,38,41,2,114,0,1,6,0,7,33,39,47,2,121,24,0,24,145
12/10/2018,FSD,SD,AGL,CE,Combined TRACON& Tower with Radar,37,61,52,13,163,0,3,30,0,33,37,64,82,13,196,22,0,22,218
12/11/2018,FSD,SD,AGL,CE,Combined TRACON& Tower with Radar,39,83,71,15,208,0,3,45,1,49,39,86,116,16,257,36,10,46,303
12/12/2018,FSD,SD,AGL,CE,Combined TRACON& Tower with Radar,35,81,40,20,176,0,0,1,0,1,35,81,41,20,177,0,18,18,195
12/13/2018,FSD,SD,AGL,CE,Combined TRACON& Tower with Radar,42,77,56,20,195,0,2,29,0,31,42,79,85,20,226,10,18,28,254
12/14/2018,FSD,SD,AGL,CE,Combined TRACON& Tower with Radar,42,68,59,0,169,0,5,57,0,62,42,73,116,0,231,36,0,36,267
12/15/2018,FSD,SD,AGL,CE,Combined TRACON& Tower with Radar,35,39,31,0,105,0,3,25,0,28,35,42,56,0,133,18,0,18,151
12/16/2018,FSD,SD,AGL,CE,Combined TRACON& Tower with Radar,34,44,38,0,116,0,2,36,2,40,34,46,74,2,156,18,0,18,174
12/17/2018,FSD,SD,AGL,CE,Combined TRACON& Tower with Radar,39,64,59,8,170,0,8,40,0,48,39,72,99,8,218,0,8,8,226
12/18/2018,FSD,SD,AGL,CE,Combined TRACON& Tower with Radar,42,79,39,12,172,0,5,22,1,28,42,84,61,13,200,22,10,32,232
12/19/2018,FSD,SD,AGL,CE,Combined TRACON& Tower with Radar,42,72,66,12,192,0,2,22,0,24,42,74,88,12,216,4,24,28,244
12/20/2018,FSD,SD,AGL,CE,Combined TRACON& Tower with Radar,42,77,55,23,197,0,1,34,0,35,42,78,89,23,232,0,0,0,232
12/21/2018,FSD,SD,AGL,CE,Combined TRACON& Tower with Radar,44,82,28,0,154,0,0,1,0,1,44,82,29,0,155,0,0,0,155
12/22/2018,FSD,SD,AGL,CE,Combined TRACON& Tower with Radar,33,45,16,1,95,0,3,29,0,32,33,48,45,1,127,0,0,0,127
12/23/2018,FSD,SD,AGL,CE,Combined TRACON& Tower with Radar,31,37,10,1,79,0,2,47,0,49,31,39,57,1,128,0,0,0,128
12/24/2018,FSD,SD,AGL,CE,Combined TRACON& Tower with Radar,28,45,11,0,84,0,2,14,1,17,28,47,25,1,101,0,0,0,101
12/25/2018,FSD,SD,AGL,CE,Combined TRACON& Tower with Radar,17,34,12,0,63,0,0,0,0,0,17,34,12,0,63,0,0,0,63
12/26/2018,FSD,SD,AGL,CE,Combined TRACON& Tower with Radar,30,65,8,0,103,0,0,0,0,0,30,65,8,0,103,0,0,0,103
12/27/2018,FSD,SD,AGL,CE,Combined TRACON& Tower with Radar,31,47,5,0,83,0,0,0,0,0,31,47,5,0,83,0,0,0,83
12/28/2018,FSD,SD,AGL,CE,Combined TRACON& Tower with Radar,31,63,16,0,110,0,0,1,0,1,31,63,17,0,111,0,0,0,111
12/29/2018,FSD,SD,AGL,CE,Combined TRACON& Tower with Radar,31,52,24,0,107,0,3,13,0,16,31,55,37,0,123,0,0,0,123
12/30/2018,FSD,SD,AGL,CE,Combined TRACON& Tower with Radar,30,33,16,0,79,0,4,15,2,21,30,37,31,2,100,0,0,0,100
12/31/2018,FSD,SD,AGL,CE,Combined TRACON& Tower with Radar,24,33,3,0,60,0,0,0,0,0,24,33,3,0,60,0,0,0,60
01/01/2019,FSD,SD,AGL,CE,Combined TRACON& Tower with Radar,20,32,25,0,77,0,5,24,0,29,20,37,49,0,106,22,0,22,128
01/02/2019,FSD,SD,AGL,CE,Combined TRACON& Tower with Radar,36,75,27,15,153,0,1,19,0,20,36,76,46,15,173,4,24,28,201
01/03/2019,FSD,SD,AGL,CE,Combined TRACON& Tower with Radar,40,59,40,15,154,0,1,28,0,29,40,60,68,15,183,22,2,24,207
01/04/2019,FSD,SD,AGL,CE,Combined TRACON& Tower with Radar,38,64,41,15,158,0,2,22,0,24,38,66,63,15,182,12,10,22,204
01/05/2019,FSD,SD,AGL,CE,Combined TRACON& Tower with Radar,30,40,34,12,116,0,5,26,0,31,30,45,60,12,147,10,10,20,167
01/06/2019,FSD,SD,AGL,CE,Combined TRACON& Tower with Radar,30,38,19,14,101,0,0,3,1,4,30,38,22,15,105,0,4,4,109
01/07/2019,FSD,SD,AGL,CE,Combined TRACON& Tower with Radar,31,69,50,15,165,0,2,23,0,25,31,71,73,15,190,15,4,19,209
01/08/2019,FSD,SD,AGL,CE,Combined TRACON& Tower with Radar,28,69,28,15,140,0,5,14,0,19,28,74,42,15,159,8,0,8,167
01/09/2019,FSD,SD,AGL,CE,Combined TRACON& Tower with Radar,26,69,76,19,190,0,5,18,1,24,26,74,94,20,214,20,14,34,248
01/10/2019,FSD,SD,AGL,CE,Combined TRACON& Tower with Radar,40,57,50,19,166,0,3,15,0,18,40,60,65,19,184,6,16,22,206
01/11/2019,FSD,SD,AGL,CE,Combined TRACON& Tower with Radar,37,63,57,0,157,0,0,25,0,25,37,63,82,0,182,30,0,30,212
01/12/2019,FSD,SD,AGL,CE,Combined TRACON& Tower with Radar,27,38,12,0,77,0,0,5,0,5,27,38,17,0,82,6,0,6,88
01/13/2019,FSD,SD,AGL,CE,Combined TRACON& Tower with Radar,27,31,17,0,75,0,0,2,0,2,27,31,19,0,77,6,0,6,83
01/14/2019,FSD,SD,AGL,CE,Combined TRACON& Tower with Radar,32,61,35,0,128,0,0,0,0,0,32,61,35,0,128,0,0,0,128
01/15/2019,FSD,SD,AGL,CE,Combined TRACON& Tower with Radar,31,68,35,9,143,0,0,2,0,2,31,68,37,9,145,6,0,6,151
01/16/2019,FSD,SD,AGL,CE,Combined TRACON& Tower with Radar,31,71,60,12,174,0,12,28,0,40,31,83,88,12,214,62,28,90,304
01/17/2019,FSD,SD,AGL,CE,Combined TRACON& Tower with Radar,36,69,58,8,171,0,0,13,0,13,36,69,71,8,184,0,0,0,184
01/18/2019,FSD,SD,AGL,CE,Combined TRACON& Tower with Radar,35,64,21,0,120,0,0,0,0,0,35,64,21,0,120,0,0,0,120
01/19/2019,FSD,SD,AGL,CE,Combined TRACON& Tower with Radar,25,37,22,0,84,0,5,13,0,18,25,42,35,0,102,10,0,10,112
01/20/2019,FSD,SD,AGL,CE,Combined TRACON& Tower with Radar,28,32,17,0,77,0,0,9,0,9,28,32,26,0,86,18,0,18,104
01/21/2019,FSD,SD,AGL,CE,Combined TRACON& Tower with Radar,32,53,35,0,120,0,0,0,0,0,32,53,35,0,120,2,0,2,122
01/22/2019,FSD,SD,AGL,CE,Combined TRACON& Tower with Radar,27,67,49,0,143,0,3,1,2,6,27,70,50,2,149,0,0,0,149
01/23/2019,FSD,SD,AGL,CE,Combined TRACON& Tower with Radar,30,61,53,17,161,0,9,41,0,50,30,70,94,17,211,30,18,48,259
01/24/2019,FSD,SD,AGL,CE,Combined TRACON& Tower with Radar,34,69,53,1,157,0,0,8,0,8,34,69,61,1,165,16,0,16,181
01/25/2019,FSD,SD,AGL,CE,Combined TRACON& Tower with Radar,38,58,35,21,152,0,10,21,0,31,38,68,56,21,183,22,22,44,227
01/26/2019,FSD,SD,AGL,CE,Combined TRACON& Tower with Radar,29,36,41,0,106,0,1,2,0,3,29,37,43,0,109,0,0,0,109
01/27/2019,FSD,SD,AGL,CE,Combined TRACON& Tower with Radar,24,37,15,0,76,0,0,0,0,0,24,37,15,0,76,0,0,0,76
01/28/2019,FSD,SD,AGL,CE,Combined TRACON& Tower with Radar,30,53,30,0,113,0,2,2,0,4,30,55,32,0,117,0,0,0,117
01/29/2019,FSD,SD,AGL,CE,Combined TRACON& Tower with Radar,21,58,36,1,116,0,0,0,0,0,21,58,36,1,116,0,0,0,116
01/30/2019,FSD,SD,AGL,CE,Combined TRACON& Tower with Radar,21,43,26,8,98,0,1,0,1,2,21,44,26,9,100,0,4,4,104
01/31/2019,FSD,SD,AGL,CE,Combined TRACON& Tower with Radar,31,57,43,8,139,0,0,29,0,29,31,57,72,8,168,32,0,32,200
02/01/2019,FSD,SD,AGL,CE,Combined TRACON& Tower with Radar,34,61,53,19,167,0,4,56,0,60,34,65,109,19,227,38,14,52,279
02/02/2019,FSD,SD,AGL,CE,Combined TRACON& Tower with Radar,31,40,32,12,115,0,1,45,1,47,31,41,77,13,162,72,10,82,244
02/03/2019,FSD,SD,AGL,CE,Combined TRACON& Tower with Radar,31,16,18,2,67,0,0,0,0,0,31,16,18,2,67,0,0,0,67
02/04/2019,FSD,SD,AGL,CE,Combined TRACON& Tower with Radar,29,70,37,0,136,0,3,9,0,12,29,73,46,0,148,6,0,6,154
02/05/2019,FSD,SD,AGL,CE,Combined TRACON& Tower with Radar,29,76,46,11,162,0,0,8,0,8,29,76,54,11,170,0,0,0,170
02/06/2019,FSD,SD,AGL,CE,Combined TRACON& Tower with Radar,32,67,43,2,144,0,0,0,0,0,32,67,43,2,144,6,0,6,150
02/07/2019,FSD,SD,AGL,CE,Combined TRACON& Tower with Radar,16,16,10,0,42,0,0,0,0,0,16,16,10,0,42,0,0,0,42
02/08/2019,FSD,SD,AGL,CE,Combined TRACON& Tower with Radar,35,68,38,0,141,0,1,11,0,12,35,69,49,0,153,30,0,30,183
02/09/2019,FSD,SD,AGL,CE,Combined TRACON& Tower with Radar,30,37,16,0,83,0,1,26,0,27,30,38,42,0,110,38,0,38,148
02/10/2019,FSD,SD,AGL,CE,Combined TRACON& Tower with Radar,28,39,21,0,88,0,0,1,0,1,28,39,22,0,89,0,0,0,89
02/11/2019,FSD,SD,AGL,CE,Combined TRACON& Tower with Radar,29,54,20,0,103,0,0,0,0,0,29,54,20,0,103,0,0,0,103
02/12/2019,FSD,SD,AGL,CE,Combined TRACON& Tower with Radar,27,76,33,6,142,0,3,16,0,19,27,79,49,6,161,18,0,18,179
02/13/2019,FSD,SD,AGL,CE,Combined TRACON& Tower with Radar,36,65,51,17,169,0,4,23,0,27,36,69,74,17,196,24,2,26,222
02/14/2019,FSD,SD,AGL,CE,Combined TRACON& Tower with Radar,35,77,43,8,163,0,0,0,0,0,35,77,43,8,163,0,0,0,163
02/15/2019,FSD,SD,AGL,CE,Combined TRACON& Tower with Radar,34,65,34,28,161,0,2,28,1,31,34,67,62,29,192,58,12,70,262
02/16/2019,FSD,SD,AGL,CE,Combined TRACON& Tower with Radar,30,37,21,0,88,0,4,7,0,11,30,41,28,0,99,12,0,12,111
02/17/2019,FSD,SD,AGL,CE,Combined TRACON& Tower with Radar,26,31,6,0,63,0,0,0,0,0,26,31,6,0,63,0,0,0,63
02/18/2019,FSD,SD,AGL,CE,Combined TRACON& Tower with Radar,26,59,30,0,115,0,7,35,0,42,26,66,65,0,157,58,0,58,215
02/19/2019,FSD,SD,AGL,CE,Combined TRACON& Tower with Radar,31,70,56,0,157,0,1,24,0,25,31,71,80,0,182,16,0,16,198
02/20/2019,FSD,SD,AGL,CE,Combined TRACON& Tower with Radar,39,71,41,0,151,0,0,2,0,2,39,71,43,0,153,6,0,6,159
02/21/2019,FSD,SD,AGL,CE,Combined TRACON& Tower with Radar,34,81,40,14,169,0,1,26,0,27,34,82,66,14,196,20,0,20,216
02/22/2019,FSD,SD,AGL,CE,Combined TRACON& Tower with Radar,33,71,32,12,148,0,1,4,0,5,33,72,36,12,153,0,0,0,153
02/23/2019,FSD,SD,AGL,CE,Combined TRACON& Tower with Radar,23,42,16,0,81,0,0,0,0,0,23,42,16,0,81,2,0,2,83
02/24/2019,FSD,SD,AGL,CE,Combined TRACON& Tower with Radar,23,33,21,0,77,0,0,7,0,7,23,33,28,0,84,2,0,2,86
02/25/2019,FSD,SD,AGL,CE,Combined TRACON& Tower with Radar,28,67,33,0,128,0,1,15,0,16,28,68,48,0,144,18,0,18,162
02/26/2019,FSD,SD,AGL,CE,Combined TRACON& Tower with Radar,29,85,56,7,177,0,1,8,0,9,29,86,64,7,186,12,0,12,198
02/27/2019,FSD,SD,AGL,CE,Combined TRACON& Tower with Radar,34,69,43,14,160,0,2,46,2,50,34,71,89,16,210,48,0,48,258
02/28/2019,FSD,SD,AGL,CE,Combined TRACON& Tower with Radar,33,73,67,7,180,0,1,26,2,29,33,74,93,9,209,12,0,12,221
03/01/2019,FSD,SD,AGL,CE,Combined TRACON& Tower with Radar,36,69,13,0,118,0,3,1,0,4,36,72,14,0,122,0,0,0,122
03/02/2019,FSD,SD,AGL,CE,Combined TRACON& Tower with Radar,32,36,22,16,106,0,2,9,2,13,32,38,31,18,119,0,0,0,119
03/03/2019,FSD,SD,AGL,CE,Combined TRACON& Tower with Radar,23,33,28,0,84,0,2,7,0,9,23,35,35,0,93,0,0,0,93
03/04/2019,FSD,SD,AGL,CE,Combined TRACON& Tower with Radar,23,58,29,0,110,0,1,14,0,15,23,59,43,0,125,20,0,20,145
03/05/2019,FSD,SD,AGL,CE,Combined TRACON& Tower with Radar,26,74,40,16,156,0,3,15,0,18,26,77,55,16,174,68,20,88,262
03/06/2019,FSD,SD,AGL,CE,Combined TRACON& Tower with Radar,34,62,44,16,156,0,3,32,1,36,34,65,76,17,192,50,4,54,246
03/07/2019,FSD,SD,AGL,CE,Combined TRACON& Tower with Radar,36,79,44,2,161,0,0,3,0,3,36,79,47,2,164,0,0,0,164
03/08/2019,FSD,SD,AGL,CE,Combined TRACON& Tower with Radar,34,74,42,8,158,0,0,0,0,0,34,74,42,8,158,0,0,0,158
03/09/2019,FSD,SD,AGL,CE,Combined TRACON& Tower with Radar,26,22,1,0,49,0,0,0,0,0,26,22,1,0,49,0,0,0,49
03/10/2019,FSD,SD,AGL,CE,Combined TRACON& Tower with Radar,28,31,20,0,79,0,1,25,0,26,28,32,45,0,105,28,0,28,133
03/11/2019,FSD,SD,AGL,CE,Combined TRACON& Tower with Radar,28,67,41,0,136,0,0,29,0,29,28,67,70,0,165,0,0,0,165
03/12/2019,FSD,SD,AGL,CE,Combined TRACON& Tower with Radar,30,65,45,18,158,0,0,1,0,1,30,65,46,18,159,0,0,0,159
03/13/2019,FSD,SD,AGL,CE,Combined TRACON& Tower with Radar,17,18,10,0,45,0,0,0,0,0,17,18,10,0,45,0,0,0,45
03/14/2019,FSD,SD,AGL,CE,Combined TRACON& Tower with Radar,21,37,17,0,75,0,1,0,0,1,21,38,17,0,76,0,0,0,76
03/15/2019,FSD,SD,AGL,CE,Combined TRACON& Tower with Radar,34,69,53,14,170,0,7,21,2,30,34,76,74,16,200,0,20,20,220
03/16/2019,FSD,SD,AGL,CE,Combined TRACON& Tower with Radar,32,41,28,0,101,0,4,24,0,28,32,45,52,0,129,28,0,28,157
03/17/2019,FSD,SD,AGL,CE,Combined TRACON& Tower with Radar,26,40,45,2,113,0,1,56,0,57,26,41,101,2,170,64,0,64,234
03/18/2019,FSD,SD,AGL,CE,Combined TRACON& Tower with Radar,28,57,46,1,132,0,2,51,0,53,28,59,97,1,185,74,0,74,259
03/19/2019,FSD,SD,AGL,CE,Combined TRACON& Tower with Radar,32,75,67,8,182,0,1,16,1,18,32,76,83,9,200,4,0,4,204
03/20/2019,FSD,SD,AGL,CE,Combined TRACON& Tower with Radar,38,78,56,1,173,0,2,32,0,34,38,80,88,1,207,16,0,16,223
03/21/2019,FSD,SD,AGL,CE,Combined TRACON& Tower with Radar,36,72,55,13,176,0,4,46,0,50,36,76,101,13,226,46,16,62,288
03/22/2019,FSD,SD,AGL,CE,Combined TRACON& Tower with Radar,33,56,38,6,133,0,2,63,1,66,33,58,101,7,199,50,0,50,249
03/23/2019,FSD,SD,AGL,CE,Combined TRACON& Tower with Radar,36,39,32,2,109,0,1,19,1,21,36,40,51,3,130,24,0,24,154
03/24/2019,FSD,SD,AGL,CE,Combined TRACON& Tower with Radar,24,28,37,0,89,0,1,16,0,17,24,29,53,0,106,28,0,28,134
03/25/2019,FSD,SD,AGL,CE,Combined TRACON& Tower with Radar,29,54,37,0,120,0,1,32,2,35,29,55,69,2,155,38,0,38,193
03/26/2019,FSD,SD,AGL,CE,Combined TRACON& Tower with Radar,32,82,52,0,166,0,3,31,0,34,32,85,83,0,200,16,0,16,216
03/27/2019,FSD,SD,AGL,CE,Combined TRACON& Tower with Radar,39,65,51,0,155,0,4,29,0,33,39,69,80,0,188,14,0,14,202
03/28/2019,FSD,SD,AGL,CE,Combined TRACON& Tower with Radar,34,61,64,0,159,0,5,26,2,33,34,66,90,2,192,32,0,32,224
03/29/2019,FSD,SD,AGL,CE,Combined TRACON& Tower with Radar,31,60,53,2,146,0,0,34,1,35,31,60,87,3,181,56,2,58,239
03/30/2019,FSD,SD,AGL,CE,Combined TRACON& Tower with Radar,35,41,23,0,99,0,7,13,0,20,35,48,36,0,119,12,0,12,131
03/31/2019,FSD,SD,AGL,CE,Combined TRACON& Tower with Radar,31,36,28,0,95,0,1,25,0,26,31,37,53,0,121,42,0,42,163
04/01/2019,FSD,SD,AGL,CE,Combined TRACON& Tower with Radar,28,55,20,2,105,0,1,3,0,4,28,56,23,2,109,0,0,0,109
04/02/2019,FSD,SD,AGL,CE,Combined TRACON& Tower with Radar,34,63,42,1,140,0,0,15,1,16,34,63,57,2,156,10,0,10,166
04/03/2019,FSD,SD,AGL,CE,Combined TRACON& Tower with Radar,40,67,53,2,162,0,0,15,0,15,40,67,68,2,177,1,0,1,178
04/04/2019,FSD,SD,AGL,CE,Combined TRACON& Tower with Radar,42,70,50,4,166,0,0,0,0,0,42,70,50,4,166,0,0,0,166
04/05/2019,FSD,SD,AGL,CE,Combined TRACON& Tower with Radar,39,61,39,7,146,0,0,4,0,4,39,61,43,7,150,0,0,0,150
04/06/2019,FSD,SD,AGL,CE,Combined TRACON& Tower with Radar,33,34,24,14,105,0,0,10,0,10,33,34,34,14,115,0,0,0,115
04/07/2019,FSD,SD,AGL,CE,Combined TRACON& Tower with Radar,32,35,35,6,108,0,5,28,2,35,32,40,63,8,143,30,0,30,173
04/08/2019,FSD,SD,AGL,CE,Combined TRACON& Tower with Radar,34,56,38,0,128,0,2,26,1,29,34,58,64,1,157,20,0,20,177
04/09/2019,FSD,SD,AGL,CE,Combined TRACON& Tower with Radar,32,67,47,14,160,0,1,29,0,30,32,68,76,14,190,26,10,36,226
04/10/2019,FSD,SD,AGL,CE,Combined TRACON& Tower with Radar,30,33,23,3,89,0,0,0,0,0,30,33,23,3,89,0,0,0,89
04/11/2019,FSD,SD,AGL,CE,Combined TRACON& Tower with Radar,17,7,1,0,25,0,0,0,0,0,17,7,1,0,25,0,0,0,25
04/12/2019,FSD,SD,AGL,CE,Combined TRACON& Tower with Radar,31,58,30,0,119,0,0,0,0,0,31,58,30,0,119,2,0,2,121
04/13/2019,FSD,SD,AGL,CE,Combined TRACON& Tower with Radar,32,42,25,0,99,0,6,38,2,46,32,48,63,2,145,18,0,18,163
04/14/2019,FSD,SD,AGL,CE,Combined TRACON& Tower with Radar,30,33,25,0,88,0,12,23,1,36,30,45,48,1,124,36,0,36,160
04/15/2019,FSD,SD,AGL,CE,Combined TRACON& Tower with Radar,34,48,41,25,148,0,1,16,2,19,34,49,57,27,167,6,16,22,189
04/16/2019,FSD,SD,AGL,CE,Combined TRACON& Tower with Radar,31,80,48,21,180,0,8,32,0,40,31,88,80,21,220,20,12,32,252
04/17/2019,FSD,SD,AGL,CE,Combined TRACON& Tower with Radar,42,75,61,21,199,0,0,7,0,7,42,75,68,21,206,0,0,0,206
04/18/2019,FSD,SD,AGL,CE,Combined TRACON& Tower with Radar,40,73,67,18,198,0,0,12,0,12,40,73,79,18,210,12,8,20,230
04/19/2019,FSD,SD,AGL,CE,Combined TRACON& Tower with Radar,36,51,42,2,131,0,8,40,0,48,36,59,82,2,179,20,0,20,199
04/20/2019,FSD,SD,AGL,CE,Combined TRACON& Tower with Radar,31,37,24,0,92,0,5,24,0,29,31,42,48,0,121,18,0,18,139
04/21/2019,FSD,SD,AGL,CE,Combined TRACON& Tower with Radar,29,18,11,0,58,0,1,6,0,7,29,19,17,0,65,6,0,6,71
04/22/2019,FSD,SD,AGL,CE,Combined TRACON& Tower with Radar,31,53,63,0,147,0,1,1,0,2,31,54,64,0,149,0,0,0,149
04/23/2019,FSD,SD,AGL,CE,Combined TRACON& Tower with Radar,34,62,66,14,176,0,2,41,1,44,34,64,107,15,220,18,14,32,252
04/24/2019,FSD,SD,AGL,CE,Combined TRACON& Tower with Radar,37,58,55,15,165,0,5,26,0,31,37,63,81,15,196,20,18,38,234
04/25/2019,FSD,SD,AGL,CE,Combined TRACON& Tower with Radar,38,74,59,13,184,0,1,30,0,31,38,75,89,13,215,10,12,22,237
04/26/2019,FSD,SD,AGL,CE,Combined TRACON& Tower with Radar,36,55,61,11,163,0,3,45,0,48,36,58,106,11,211,52,20,72,283
04/27/2019,FSD,SD,AGL,CE,Combined TRACON& Tower with Radar,29,30,16,0,75,0,0,5,0,5,29,30,21,0,80,0,0,0,80
04/28/2019,FSD,SD,AGL,CE,Combined TRACON& Tower with Radar,30,35,22,0,87,0,3,10,0,13,30,38,32,0,100,0,0,0,100
04/29/2019,FSD,SD,AGL,CE,Combined TRACON& Tower with Radar,30,51,56,8,145,0,3,24,0,27,30,54,80,8,172,30,14,44,216
04/30/2019,FSD,SD,AGL,CE,Combined TRACON& Tower with Radar,36,75,69,17,197,0,0,0,0,0,36,75,69,17,197,12,0,12,209
05/01/2019,FSD,SD,AGL,CE,Combined TRACON& Tower with Radar,39,72,37,23,171,0,0,0,0,0,39,72,37,23,171,0,0,0,171
05/02/2019,FSD,SD,AGL,CE,Combined TRACON& Tower with Radar,39,61,50,28,178,0,3,29,0,32,39,64,79,28,210,18,38,56,266
05/03/2019,FSD,SD,AGL,CE,Combined TRACON& Tower with Radar,34,62,26,11,133,0,4,22,2,28,34,66,48,13,161,0,28,28,189
05/04/2019,FSD,SD,AGL,CE,Combined TRACON& Tower with Radar,31,48,30,13,122,0,2,29,1,32,31,50,59,14,154,22,10,32,186
05/05/2019,FSD,SD,AGL,CE,Combined TRACON& Tower with Radar,32,31,22,8,93,0,0,23,2,25,32,31,45,10,118,20,22,42,160
05/06/2019,FSD,SD,AGL,CE,Combined TRACON& Tower with Radar,30,59,39,9,137,0,1,36,0,37,30,60,75,9,174,10,2,12,186
05/07/2019,FSD,SD,AGL,CE,Combined TRACON& Tower with Radar,35,70,52,6,163,0,2,23,2,27,35,72,75,8,190,4,0,4,194
05/08/2019,FSD,SD,AGL,CE,Combined TRACON& Tower with Radar,33,72,55,1,161,0,0,0,0,0,33,72,55,1,161,0,0,0,161
05/09/2019,FSD,SD,AGL,CE,Combined TRACON& Tower with Radar,41,55,47,23,166,0,0,25,0,25,41,55,72,23,191,34,32,66,257
05/10/2019,FSD,SD,AGL,CE,Combined TRACON& Tower with Radar,39,64,56,1,160,0,10,57,0,67,39,74,113,1,227,34,0,34,261
05/11/2019,FSD,SD,AGL,CE,Combined TRACON& Tower with Radar,36,29,26,0,91,0,2,22,1,25,36,31,48,1,116,16,12,28,144
05/12/2019,FSD,SD,AGL,CE,Combined TRACON& Tower with Radar,32,35,31,0,98,0,2,11,0,13,32,37,42,0,111,44,0,44,155
05/13/2019,FSD,SD,AGL,CE,Combined TRACON& Tower with Radar,32,51,66,0,149,0,10,47,2,59,32,61,113,2,208,0,0,0,208
05/14/2019,FSD,SD,AGL,CE,Combined TRACON& Tower with Radar,32,77,69,18,196,0,10,51,0,61,32,87,120,18,257,22,30,52,309
05/15/2019,FSD,SD,AGL,CE,Combined TRACON& Tower with Radar,40,66,78,12,196,0,6,85,0,91,40,72,163,12,287,14,2,16,303
05/16/2019,FSD,SD,AGL,CE,Combined TRACON& Tower with Radar,38,68,55,15,176,0,3,49,3,55,38,71,104,18,231,22,28,50,281
05/17/2019,FSD,SD,AGL,CE,Combined TRACON& Tower with Radar,36,69,32,2,139,0,0,2,0,2,36,69,34,2,141,2,0,2,143
05/18/2019,FSD,SD,AGL,CE,Combined TRACON& Tower with Radar,32,52,28,0,112,0,0,1,0,1,32,52,29,0,113,0,0,0,113
05/19/2019,FSD,SD,AGL,CE,Combined TRACON& Tower with Radar,27,33,24,1,85,0,1,3,0,4,27,34,27,1,89,14,0,14,103
05/20/2019,FSD,SD,AGL,CE,Combined TRACON& Tower with Radar,31,48,45,8,132,0,2,42,0,44,31,50,87,8,176,26,4,30,206
05/21/2019,FSD,SD,AGL,CE,Combined TRACON& Tower with Radar,35,83,56,0,174,0,0,4,0,4,35,83,60,0,178,0,0,0,178
05/22/2019,FSD,SD,AGL,CE,Combined TRACON& Tower with Radar,38,69,56,25,188,0,0,6,0,6,38,69,62,25,194,0,0,0,194
05/23/2019,FSD,SD,AGL,CE,Combined TRACON& Tower with Radar,38,76,56,6,176,0,0,18,1,19,38,76,74,7,195,24,0,24,219
05/24/2019,FSD,SD,AGL,CE,Combined TRACON& Tower with Radar,36,61,41,10,148,0,0,30,0,30,36,61,71,10,178,6,4,10,188
05/25/2019,FSD,SD,AGL,CE,Combined TRACON& Tower with Radar,32,30,21,0,83,0,1,35,0,36,32,31,56,0,119,8,0,8,127
05/26/2019,FSD,SD,AGL,CE,Combined TRACON& Tower with Radar,31,35,19,2,87,0,1,32,1,34,31,36,51,3,121,4,0,4,125
05/27/2019,FSD,SD,AGL,CE,Combined TRACON& Tower with Radar,21,26,12,0,59,0,0,0,0,0,21,26,12,0,59,0,0,0,59
05/28/2019,FSD,SD,AGL,CE,Combined TRACON& Tower with Radar,29,67,45,2,143,0,1,8,0,9,29,68,53,2,152,10,0,10,162
05/29/2019,FSD,SD,AGL,CE,Combined TRACON& Tower with Radar,38,69,49,9,165,0,0,16,0,16,38,69,65,9,181,54,10,64,245
05/30/2019,FSD,SD,AGL,CE,Combined TRACON& Tower with Radar,42,62,51,12,167,0,0,45,1,46,42,62,96,13,213,0,0,0,213
05/31/2019,FSD,SD,AGL,CE,Combined TRACON& Tower with Radar,38,69,35,22,164,0,8,29,5,42,38,77,64,27,206,0,10,10,216
06/01/2019,FSD,SD,AGL,CE,Combined TRACON& Tower with Radar,31,29,21,14,95,0,4,28,3,35,31,33,49,17,130,20,12,32,162
06/02/2019,FSD,SD,AGL,CE,Combined TRACON& Tower with Radar,28,30,19,8,85,0,0,31,0,31,28,30,50,8,116,38,0,38,154
06/03/2019,FSD,SD,AGL,CE,Combined TRACON& Tower with Radar,29,55,41,2,127,0,7,47,1,55,29,62,88,3,182,10,6,16,198
06/04/2019,FSD,SD,AGL,CE,Combined TRACON& Tower with Radar,46,78,52,10,186,0,1,30,2,33,46,79,82,12,219,40,0,40,259
06/05/2019,FSD,SD,AGL,CE,Combined TRACON& Tower with Radar,47,73,37,15,172,0,4,42,0,46,47,77,79,15,218,40,4,44,262
06/06/2019,FSD,SD,AGL,CE,Combined TRACON& Tower with Radar,35,83,56,16,190,0,5,38,1,44,35,88,94,17,234,22,4,26,260
06/07/2019,FSD,SD,AGL,CE,Combined TRACON& Tower with Radar,34,74,42,12,162,0,7,31,0,38,34,81,73,12,200,0,6,6,206
06/08/2019,FSD,SD,AGL,CE,Combined TRACON& Tower with Radar,28,45,29,6,108,0,4,17,0,21,28,49,46,6,129,2,0,2,131
06/09/2019,FSD,SD,AGL,CE,Combined TRACON& Tower with Radar,19,51,33,6,109,0,1,21,3,25,19,52,54,9,134,34,4,38,172
06/10/2019,FSD,SD,AGL,CE,Combined TRACON& Tower with Radar,21,67,55,0,143,0,8,29,2,39,21,75,84,2,182,12,0,12,194
06/11/2019,FSD,SD,AGL,CE,Combined TRACON& Tower with Radar,28,84,58,13,183,0,5,33,0,38,28,89,91,13,221,4,2,6,227
06/12/2019,FSD,SD,AGL,CE,Combined TRACON& Tower with Radar,35,92,64,7,198,0,17,43,0,60,35,109,107,7,258,6,0,6,264
06/13/2019,FSD,SD,AGL,CE,Combined TRACON& Tower with Radar,31,76,59,12,178,0,5,68,0,73,31,81,127,12,251,4,16,20,271
06/14/2019,FSD,SD,AGL,CE,Combined TRACON& Tower with Radar,28,76,29,11,144,0,8,18,1,27,28,84,47,12,171,36,4,40,211
06/15/2019,FSD,SD,AGL,CE,Combined TRACON& Tower with Radar,24,46,19,0,89,0,6,24,4,34,24,52,43,4,123,16,0,16,139
06/16/2019,FSD,SD,AGL,CE,Combined TRACON& Tower with Radar,24,49,40,2,115,0,1,30,1,32,24,50,70,3,147,22,0,22,169
06/17/2019,FSD,SD,AGL,CE,Combined TRACON& Tower with Radar,22,68,52,3,145,0,1,38,0,39,22,69,90,3,184,34,0,34,218
06/18/2019,FSD,SD,AGL,CE,Combined TRACON& Tower with Radar,28,77,73,21,199,0,6,46,0,52,28,83,119,21,251,6,18,24,275
06/19/2019,FSD,SD,AGL,CE,Combined TRACON& Tower with Radar,34,77,64,16,191,0,5,40,0,45,34,82,104,16,236,32,10,42,278
06/20/2019,FSD,SD,AGL,CE,Combined TRACON& Tower with Radar,30,83,55,15,183,0,3,17,1,21,30,86,72,16,204,28,4,32,236
06/21/2019,FSD,SD,AGL,CE,Combined TRACON& Tower with Radar,28,81,44,15,168,0,2,5,0,7,28,83,49,15,175,0,2,2,177
06/22/2019,FSD,SD,AGL,CE,Combined TRACON& Tower with Radar,27,41,12,0,80,0,0,3,0,3,27,41,15,0,83,2,0,2,85
06/23/2019,FSD,SD,AGL,CE,Combined TRACON& Tower with Radar,23,48,17,2,90,0,0,5,1,6,23,48,22,3,96,2,0,2,98
06/24/2019,FSD,SD,AGL,CE,Combined TRACON& Tower with Radar,19,66,60,0,145,0,13,53,1,67,19,79,113,1,212,42,0,42,254
06/25/2019,FSD,SD,AGL,CE,Combined TRACON& Tower with Radar,30,89,54,9,182,0,3,51,0,54,30,92,105,9,236,12,0,12,248
06/26/2019,FSD,SD,AGL,CE,Combined TRACON& Tower with Radar,38,76,55,15,184,0,6,34,0,40,38,82,89,15,224,30,14,44,268
06/27/2019,FSD,SD,AGL,CE,Combined TRACON& Tower with Radar,34,81,49,7,171,0,2,12,0,14,34,83,61,7,185,14,2,16,201
06/28/2019,FSD,SD,AGL,CE,Combined TRACON& Tower with Radar,26,82,55,13,176,0,2,12,0,14,26,84,67,13,190,6,10,16,206
06/29/2019,FSD,SD,AGL,CE,Combined TRACON& Tower with Radar,29,48,25,8,110,0,1,26,4,31,29,49,51,12,141,32,0,32,173
06/30/2019,FSD,SD,AGL,CE,Combined TRACON& Tower with Radar,30,41,38,2,111,0,1,25,0,26,30,42,63,2,137,10,0,10,147
07/01/2019,FSD,SD,AGL,CE,Combined TRACON& Tower with Radar,22,73,47,12,154,0,3,3,0,6,22,76,50,12,160,0,8,8,168
07/02/2019,FSD,SD,AGL,CE,Combined TRACON& Tower with Radar,29,86,76,14,205,0,1,17,0,18,29,87,93,14,223,4,6,10,233
07/03/2019,FSD,SD,AGL,CE,Combined TRACON& Tower with Radar,35,90,19,9,153,0,9,21,0,30,35,99,40,9,183,44,6,50,233
07/04/2019,FSD,SD,AGL,CE,Combined TRACON& Tower with Radar,16,35,14,0,65,0,0,13,0,13,16,35,27,0,78,0,0,0,78
07/05/2019,FSD,SD,AGL,CE,Combined TRACON& Tower with Radar,24,68,9,0,101,0,2,2,0,4,24,70,11,0,105,12,0,12,117
07/06/2019,FSD,SD,AGL,CE,Combined TRACON& Tower with Radar,23,50,26,1,100,0,4,20,2,26,23,54,46,3,126,0,0,0,126
07/07/2019,FSD,SD,AGL,CE,Combined TRACON& Tower with Radar,23,54,50,0,127,0,2,26,1,29,23,56,76,1,156,24,0,24,180
07/08/2019,FSD,SD,AGL,CE,Combined TRACON& Tower with Radar,21,81,57,0,159,0,1,31,0,32,21,82,88,0,191,18,0,18,209
07/09/2019,FSD,SD,AGL,CE,Combined TRACON& Tower with Radar,30,83,45,15,173,0,2,13,1,16,30,85,58,16,189,2,0,2,191
07/10/2019,FSD,SD,AGL,CE,Combined TRACON& Tower with Radar,34,85,50,8,177,0,2,13,0,15,34,87,63,8,192,2,0,2,194
07/11/2019,FSD,SD,AGL,CE,Combined TRACON& Tower with Radar,30,70,63,18,181,0,4,53,1,58,30,74,116,19,239,68,16,84,323
07/12/2019,FSD,SD,AGL,CE,Combined TRACON& Tower with Radar,28,85,27,4,144,0,4,24,1,29,28,89,51,5,173,28,8,36,209
07/13/2019,FSD,SD,AGL,CE,Combined TRACON& Tower with Radar,24,43,23,25,115,0,3,16,9,28,24,46,39,34,143,12,12,24,167
07/14/2019,FSD,SD,AGL,CE,Combined TRACON& Tower with Radar,23,43,33,6,105,0,0,36,1,37,23,43,69,7,142,20,0,20,162
07/15/2019,FSD,SD,AGL,CE,Combined TRACON& Tower with Radar,25,76,43,2,146,0,2,43,1,46,25,78,86,3,192,32,0,32,224
07/16/2019,FSD,SD,AGL,CE,Combined TRACON& Tower with Radar,33,78,64,6,181,0,3,27,2,32,33,81,91,8,213,30,6,36,249
07/17/2019,FSD,SD,AGL,CE,Combined TRACON& Tower with Radar,36,90,59,19,204,0,3,20,1,24,36,93,79,20,228,38,8,46,274
07/18/2019,FSD,SD,AGL,CE,Combined TRACON& Tower with Radar,27,83,61,14,185,0,2,23,0,25,27,85,84,14,210,2,10,12,222
07/19/2019,FSD,SD,AGL,CE,Combined TRACON& Tower with Radar,29,75,53,15,172,0,2,30,4,36,29,77,83,19,208,0,0,0,208
07/20/2019,FSD,SD,AGL,CE,Combined TRACON& Tower with Radar,20,41,25,0,86,0,2,23,0,25,20,43,48,0,111,14,0,14,125
07/21/2019,FSD,SD,AGL,CE,Combined TRACON& Tower with Radar,23,44,56,0,123,0,0,47,0,47,23,44,103,0,170,0,0,0,170
07/22/2019,FSD,SD,AGL,CE,Combined TRACON& Tower with Radar,20,65,42,0,127,0,5,36,0,41,20,70,78,0,168,40,0,40,208
07/23/2019,FSD,SD,AGL,CE,Combined TRACON& Tower with Radar,29,83,42,7,161,0,9,45,0,54,29,92,87,7,215,0,0,0,215
07/24/2019,FSD,SD,AGL,CE,Combined TRACON& Tower with Radar,34,78,57,9,178,0,18,50,1,69,34,96,107,10,247,60,8,68,315
07/25/2019,FSD,SD,AGL,CE,Combined TRACON& Tower with Radar,29,78,74,11,192,0,6,30,0,36,29,84,104,11,228,6,4,10,238
07/26/2019,FSD,SD,AGL,CE,Combined TRACON& Tower with Radar,34,78,33,13,158,0,5,73,1,79,34,83,106,14,237,50,22,72,309
07/27/2019,FSD,SD,AGL,CE,Combined TRACON& Tower with Radar,24,50,21,1,96,0,2,24,1,27,24,52,45,2,123,2,0,2,125
07/28/2019,FSD,SD,AGL,CE,Combined TRACON& Tower with Radar,24,46,22,0,92,0,0,6,0,6,24,46,28,0,98,0,0,0,98
07/29/2019,FSD,SD,AGL,CE,Combined TRACON& Tower with Radar,22,72,63,0,157,0,24,48,0,72,22,96,111,0,229,72,0,72,301
07/30/2019,FSD,SD,AGL,CE,Combined TRACON& Tower with Radar,32,78,52,22,184,0,2,28,3,33,32,80,80,25,217,0,0,0,217
07/31/2019,FSD,SD,AGL,CE,Combined TRACON& Tower with Radar,34,88,46,9,177,0,2,23,1,26,34,90,69,10,203,18,2,20,223
08/01/2019,FSD,SD,AGL,CE,Combined TRACON& Tower with Radar,28,71,46,20,165,0,4,33,0,37,28,75,79,20,202,26,22,48,250
08/02/2019,FSD,SD,AGL,CE,Combined TRACON& Tower with Radar,26,87,52,12,177,0,1,21,0,22,26,88,73,12,199,32,36,68,267
08/03/2019,FSD,SD,AGL,CE,Combined TRACON& Tower with Radar,26,48,20,0,94,0,0,9,0,9,26,48,29,0,103,2,0,2,105
08/04/2019,FSD,SD,AGL,CE,Combined TRACON& Tower with Radar,27,54,27,2,110,0,1,20,0,21,27,55,47,2,131,2,0,2,133
08/05/2019,FSD,SD,AGL,CE,Combined TRACON& Tower with Radar,25,68,46,0,139,0,3,29,0,32,25,71,75,0,171,26,0,26,197
08/06/2019,FSD,SD,AGL,CE,Combined TRACON& Tower with Radar,26,82,65,15,188,0,12,37,0,49,26,94,102,15,237,22,12,34,271
08/07/2019,FSD,SD,AGL,CE,Combined TRACON& Tower with Radar,33,87,40,10,170,0,2,37,1,40,33,89,77,11,210,62,8,70,280
08/08/2019,FSD,SD,AGL,CE,Combined TRACON& Tower with Radar,29,90,56,12,187,0,8,26,1,35,29,98,82,13,222,22,20,42,264
08/09/2019,FSD,SD,AGL,CE,Combined TRACON& Tower with Radar,28,87,38,10,163,0,2,21,2,25,28,89,59,12,188,18,12,30,218
08/10/2019,FSD,SD,AGL,CE,Combined TRACON& Tower with Radar,24,53,36,1,114,0,0,12,1,13,24,53,48,2,127,8,0,8,135
08/11/2019,FSD,SD,AGL,CE,Combined TRACON& Tower with Radar,27,45,53,2,127,0,1,10,0,11,27,46,63,2,138,8,0,8,146
08/12/2019,FSD,SD,AGL,CE,Combined TRACON& Tower with Radar,21,69,38,0,128,0,3,26,0,29,21,72,64,0,157,12,0,12,169
08/13/2019,FSD,SD,AGL,CE,Combined TRACON& Tower with Radar,31,89,59,14,193,0,3,27,3,33,31,92,86,17,226,18,6,24,250
08/14/2019,FSD,SD,AGL,CE,Combined TRACON& Tower with Radar,28,87,91,12,218,0,4,51,8,63,28,91,142,20,281,46,4,50,331
08/15/2019,FSD,SD,AGL,CE,Combined TRACON& Tower with Radar,26,91,61,15,193,0,3,57,8,68,26,94,118,23,261,30,4,34,295
08/16/2019,FSD,SD,AGL,CE,Combined TRACON& Tower with Radar,30,86,40,11,167,0,11,25,16,52,30,97,65,27,219,6,8,14,233
08/17/2019,FSD,SD,AGL,CE,Combined TRACON& Tower with Radar,18,38,9,2,67,0,2,15,12,29,18,40,24,14,96,0,0,0,96
08/18/2019,FSD,SD,AGL,CE,Combined TRACON& Tower with Radar,21,40,20,7,88,0,3,24,4,31,21,43,44,11,119,0,2,2,121
08/19/2019,FSD,SD,AGL,CE,Combined TRACON& Tower with Radar,27,63,48,7,145,0,4,40,3,47,27,67,88,10,192,27,2,29,221
08/20/2019,FSD,SD,AGL,CE,Combined TRACON& Tower with Radar,30,79,62,16,187,0,1,25,0,26,30,80,87,16,213,42,0,42,255
08/21/2019,FSD,SD,AGL,CE,Combined TRACON& Tower with Radar,28,84,68,13,193,0,7,40,3,50,28,91,108,16,243,34,4,38,281
08/22/2019,FSD,SD,AGL,CE,Combined TRACON& Tower with Radar,34,71,71,15,191,0,7,38,2,47,34,78,109,17,238,8,10,18,256
08/23/2019,FSD,SD,AGL,CE,Combined TRACON& Tower with Radar,34,71,50,0,155,0,10,14,0,24,34,81,64,0,179,0,0,0,179
08/24/2019,FSD,SD,AGL,CE,Combined TRACON& Tower with Radar,23,33,21,0,77,0,0,15,0,15,23,33,36,0,92,10,0,10,102
08/25/2019,FSD,SD,AGL,CE,Combined TRACON& Tower with Radar,17,47,51,2,117,0,0,2,0,2,17,47,53,2,119,0,0,0,119
08/26/2019,FSD,SD,AGL,CE,Combined TRACON& Tower with Radar,25,63,40,0,128,0,2,9,0,11,25,65,49,0,139,2,0,2,141
08/27/2019,FSD,SD,AGL,CE,Combined TRACON& Tower with Radar,33,93,44,14,184,0,3,13,0,16,33,96,57,14,200,0,0,0,200
08/28/2019,FSD,SD,AGL,CE,Combined TRACON& Tower with Radar,29,89,57,10,185,0,5,36,0,41,29,94,93,10,226,22,12,34,260
08/29/2019,FSD,SD,AGL,CE,Combined TRACON& Tower with Radar,26,76,53,25,180,0,8,18,0,26,26,84,71,25,206,0,30,30,236
08/30/2019,FSD,SD,AGL,CE,Combined TRACON& Tower with Radar,31,68,38,10,147,0,7,11,2,20,31,75,49,12,167,4,4,8,175
08/31/2019,FSD,SD,AGL,CE,Combined TRACON& Tower with Radar,20,42,31,1,94,0,1,5,0,6,20,43,36,1,100,8,0,8,108
09/01/2019,FSD,SD,AGL,CE,Combined TRACON& Tower with Radar,18,37,20,0,75,0,1,3,0,4,18,38,23,0,79,6,0,6,85
09/02/2019,FSD,SD,AGL,CE,Combined TRACON& Tower with Radar,22,31,22,0,75,0,0,6,0,6,22,31,28,0,81,0,0,0,81
09/03/2019,FSD,SD,AGL,CE,Combined TRACON& Tower with Radar,25,62,42,0,129,0,5,15,1,21,25,67,57,1,150,6,0,6,156
09/04/2019,FSD,SD,AGL,CE,Combined TRACON& Tower with Radar,30,75,51,24,180,0,3,26,1,30,30,78,77,25,210,8,22,30,240
09/05/2019,FSD,SD,AGL,CE,Combined TRACON& Tower with Radar,31,70,68,12,181,0,3,42,0,45,31,73,110,12,226,44,6,50,276
09/06/2019,FSD,SD,AGL,CE,Combined TRACON& Tower with Radar,37,81,42,24,184,0,9,19,0,28,37,90,61,24,212,6,12,18,230
09/07/2019,FSD,SD,AGL,CE,Combined TRACON& Tower with Radar,18,46,17,18,99,0,4,5,2,11,18,50,22,20,110,0,6,6,116
09/08/2019,FSD,SD,AGL,CE,Combined TRACON& Tower with Radar,25,45,31,5,106,0,0,0,0,0,25,45,31,5,106,0,0,0,106
09/09/2019,FSD,SD,AGL,CE,Combined TRACON& Tower with Radar,27,74,33,0,134,0,2,7,0,9,27,76,40,0,143,18,0,18,161
09/10/2019,FSD,SD,AGL,CE,Combined TRACON& Tower with Radar,30,81,52,7,170,0,4,33,0,37,30,85,85,7,207,12,28,40,247
09/11/2019,FSD,SD,AGL,CE,Combined TRACON& Tower with Radar,30,87,75,8,200,0,0,6,0,6,30,87,81,8,206,0,0,0,206
09/12/2019,FSD,SD,AGL,CE,Combined TRACON& Tower with Radar,33,81,68,11,193,0,0,7,0,7,33,81,75,11,200,22,0,22,222
09/13/2019,FSD,SD,AGL,CE,Combined TRACON& Tower with Radar,36,88,51,15,190,0,0,24,1,25,36,88,75,16,215,6,0,6,221
09/14/2019,FSD,SD,AGL,CE,Combined TRACON& Tower with Radar,19,57,42,0,118,0,1,38,0,39,19,58,80,0,157,34,0,34,191
09/15/2019,FSD,SD,AGL,CE,Combined TRACON& Tower with Radar,23,41,27,0,91,0,0,25,2,27,23,41,52,2,118,16,0,16,134
09/16/2019,FSD,SD,AGL,CE,Combined TRACON& Tower with Radar,28,74,62,13,177,0,3,35,0,38,28,77,97,13,215,26,0,26,241
09/17/2019,FSD,SD,AGL,CE,Combined TRACON& Tower with Radar,26,78,51,22,177,0,15,18,0,33,26,93,69,22,210,10,12,22,232
09/18/2019,FSD,SD,AGL,CE,Combined TRACON& Tower with Radar,30,72,64,17,183,0,5,29,1,35,30,77,93,18,218,26,0,26,244
09/19/2019,FSD,SD,AGL,CE,Combined TRACON& Tower with Radar,31,81,59,13,184,0,4,19,0,23,31,85,78,13,207,2,6,8,215
09/20/2019,FSD,SD,AGL,CE,Combined TRACON& Tower with Radar,37,75,44,3,159,0,5,19,2,26,37,80,63,5,185,10,6,16,201
09/21/2019,FSD,SD,AGL,CE,Combined TRACON& Tower with Radar,21,52,31,0,104,0,1,13,0,14,21,53,44,0,118,0,0,0,118
09/22/2019,FSD,SD,AGL,CE,Combined TRACON& Tower with Radar,24,47,39,1,111,0,0,17,0,17,24,47,56,1,128,30,0,30,158
09/23/2019,FSD,SD,AGL,CE,Combined TRACON& Tower with Radar,27,70,68,1,166,0,17,23,0,40,27,87,91,1,206,20,0,20,226
09/24/2019,FSD,SD,AGL,CE,Combined TRACON& Tower with Radar,32,88,61,6,187,0,13,24,0,37,32,101,85,6,224,38,0,38,262
09/25/2019,FSD,SD,AGL,CE,Combined TRACON& Tower with Radar,35,88,56,10,189,0,4,16,0,20,35,92,72,10,209,24,8,32,241
09/26/2019,FSD,SD,AGL,CE,Combined TRACON& Tower with Radar,32,88,57,23,200,0,7,37,0,44,32,95,94,23,244,28,6,34,278
09/27/2019,FSD,SD,AGL,CE,Combined TRACON& Tower with Radar,30,86,78,6,200,0,1,14,0,15,30,87,92,6,215,12,24,36,251
09/28/2019,FSD,SD,AGL,CE,Combined TRACON& Tower with Radar,21,47,23,2,93,0,10,27,6,43,21,57,50,8,136,12,0,12,148
09/29/2019,FSD,SD,AGL,CE,Combined TRACON& Tower with Radar,24,78,27,0,129,0,0,0,0,0,24,78,27,0,129,0,0,0,129
09/30/2019,FSD,SD,AGL,CE,Combined TRACON& Tower with Radar,26,67,60,0,153,0,3,17,5,25,26,70,77,5,178,22,0,22,200
10/01/2019,FSD,SD,AGL,CE,Combined TRACON& Tower with Radar,30,82,45,15,172,0,0,0,0,0,30,82,45,15,172,0,0,0,172
10/02/2019,FSD,SD,AGL,CE,Combined TRACON& Tower with Radar,32,82,58,11,183,0,0,0,0,0,32,82,58,11,183,0,0,0,183
10/03/2019,FSD,SD,AGL,CE,Combined TRACON& Tower with Radar,39,75,99,24,237,0,6,9,1,16,39,81,108,25,253,0,0,0,253
10/04/2019,FSD,SD,AGL,CE,Combined TRACON& Tower with Radar,39,72,48,42,201,0,2,15,3,20,39,74,63,45,221,4,2,6,227
10/05/2019,FSD,SD,AGL,CE,Combined TRACON& Tower with Radar,35,41,18,28,122,0,1,3,1,5,35,42,21,29,127,0,12,12,139
10/06/2019,FSD,SD,AGL,CE,Combined TRACON& Tower with Radar,34,29,29,18,110,0,8,20,2,30,34,37,49,20,140,10,0,10,150
10/07/2019,FSD,SD,AGL,CE,Combined TRACON& Tower with Radar,35,58,58,0,151,0,9,27,4,40,35,67,85,4,191,22,0,22,213
10/08/2019,FSD,SD,AGL,CE,Combined TRACON& Tower with Radar,32,73,62,11,178,0,9,13,9,31,32,82,75,20,209,0,12,12,221
10/09/2019,FSD,SD,AGL,CE,Combined TRACON& Tower with Radar,35,85,70,13,203,0,1,26,3,30,35,86,96,16,233,2,0,2,235
10/10/2019,FSD,SD,AGL,CE,Combined TRACON& Tower with Radar,36,92,34,0,162,0,0,0,0,0,36,92,34,0,162,0,0,0,162
10/11/2019,FSD,SD,AGL,CE,Combined TRACON& Tower with Radar,44,72,26,12,154,0,1,1,0,2,44,73,27,12,156,0,0,0,156
10/12/2019,FSD,SD,AGL,CE,Combined TRACON& Tower with Radar,33,49,24,0,106,0,1,1,0,2,33,50,25,0,108,0,0,0,108
10/13/2019,FSD,SD,AGL,CE,Combined TRACON& Tower with Radar,29,38,27,3,97,0,8,18,1,27,29,46,45,4,124,14,0,14,138
10/14/2019,FSD,SD,AGL,CE,Combined TRACON& Tower with Radar,31,70,61,0,162,0,9,36,2,47,31,79,97,2,209,28,16,44,253
10/15/2019,FSD,SD,AGL,CE,Combined TRACON& Tower with Radar,33,84,59,4,180,0,2,10,0,12,33,86,69,4,192,0,0,0,192
10/16/2019,FSD,SD,AGL,CE,Combined TRACON& Tower with Radar,35,77,61,18,191,0,7,29,0,36,35,84,90,18,227,26,10,36,263
10/17/2019,FSD,SD,AGL,CE,Combined TRACON& Tower with Radar,35,83,61,15,194,0,12,48,0,60,35,95,109,15,254,30,0,30,284
10/18/2019,FSD,SD,AGL,CE,Combined TRACON& Tower with Radar,39,81,56,12,188,0,5,21,2,28,39,86,77,14,216,12,4,16,232
10/19/2019,FSD,SD,AGL,CE,Combined TRACON& Tower with Radar,28,45,26,13,112,0,5,28,4,37,28,50,54,17,149,26,10,36,185
10/20/2019,FSD,SD,AGL,CE,Combined TRACON& Tower with Radar,33,47,40,0,120,0,7,13,0,20,33,54,53,0,140,0,0,0,140
10/21/2019,FSD,SD,AGL,CE,Combined TRACON& Tower with Radar,29,78,46,0,153,0,0,0,0,0,29,78,46,0,153,0,0,0,153
10/22/2019,FSD,SD,AGL,CE,Combined TRACON& Tower with Radar,34,75,49,17,175,0,5,8,0,13,34,80,57,17,188,8,14,22,210
10/23/2019,FSD,SD,AGL,CE,Combined TRACON& Tower with Radar,36,67,44,16,163,0,4,3,0,7,36,71,47,16,170,0,2,2,172
10/24/2019,FSD,SD,AGL,CE,Combined TRACON& Tower with Radar,37,80,57,12,186,0,15,32,2,49,37,95,89,14,235,0,0,0,235
10/25/2019,FSD,SD,AGL,CE,Combined TRACON& Tower with Radar,40,76,56,7,179,0,10,37,0,47,40,86,93,7,226,30,0,30,256
10/26/2019,FSD,SD,AGL,CE,Combined TRACON& Tower with Radar,28,43,25,4,100,0,12,31,12,55,28,55,56,16,155,34,22,56,211
10/27/2019,FSD,SD,AGL,CE,Combined TRACON& Tower with Radar,34,42,26,0,102,0,0,8,0,8,34,42,34,0,110,0,0,0,110
10/28/2019,FSD,SD,AGL,CE,Combined TRACON& Tower with Radar,35,52,61,1,149,0,6,15,1,22,35,58,76,2,171,28,0,28,199
10/29/2019,FSD,SD,AGL,CE,Combined TRACON& Tower with Radar,39,66,63,17,185,0,8,33,8,49,39,74,96,25,234,16,0,16,250
10/30/2019,FSD,SD,AGL,CE,Combined TRACON& Tower with Radar,39,63,60,14,176,0,5,22,3,30,39,68,82,17,206,38,10,48,254
10/31/2019,FSD,SD,AGL,CE,Combined TRACON& Tower with Radar,33,63,35,12,143,0,9,27,0,36,33,72,62,12,179,2,4,6,185
11/01/2019,FSD,SD,AGL,CE,Combined TRACON& Tower with Radar,41,79,29,12,161,0,1,5,1,7,41,80,34,13,168,10,0,10,178
11/02/2019,FSD,SD,AGL,CE,Combined TRACON& Tower with Radar,27,46,26,11,110,0,2,24,3,29,27,48,50,14,139,12,10,22,161
11/03/2019,FSD,SD,AGL,CE,Combined TRACON& Tower with Radar,30,49,35,8,122,0,1,8,0,9,30,50,43,8,131,0,2,2,133
11/04/2019,FSD,SD,AGL,CE,Combined TRACON& Tower with Radar,40,67,62,0,169,0,9,19,0,28,40,76,81,0,197,8,0,8,205
11/05/2019,FSD,SD,AGL,CE,Combined TRACON& Tower with Radar,38,78,35,15,166,0,0,11,0,11,38,78,46,15,177,6,0,6,183
11/06/2019,FSD,SD,AGL,CE,Combined TRACON& Tower with Radar,41,77,74,0,192,0,0,11,0,11,41,77,85,0,203,0,0,0,203
11/07/2019,FSD,SD,AGL,CE,Combined TRACON& Tower with Radar,44,64,50,17,175,0,6,20,1,27,44,70,70,18,202,36,4,40,242
11/08/2019,FSD,SD,AGL,CE,Combined TRACON& Tower with Radar,50,73,46,8,177,0,6,32,1,39,50,79,78,9,216,16,4,20,236
11/09/2019,FSD,SD,AGL,CE,Combined TRACON& Tower with Radar,30,51,38,0,119,0,5,35,2,42,30,56,73,2,161,42,0,42,203
11/10/2019,FSD,SD,AGL,CE,Combined TRACON& Tower with Radar,35,46,25,0,106,0,0,0,0,0,35,46,25,0,106,0,0,0,106
11/11/2019,FSD,SD,AGL,CE,Combined TRACON& Tower with Radar,33,42,44,0,119,0,4,8,0,12,33,46,52,0,131,6,0,6,137
11/12/2019,FSD,SD,AGL,CE,Combined TRACON& Tower with Radar,37,72,52,0,161,0,7,17,0,24,37,79,69,0,185,0,0,0,185
11/13/2019,FSD,SD,AGL,CE,Combined TRACON& Tower with Radar,39,73,64,18,194,0,2,9,0,11,39,75,73,18,205,4,0,4,209
11/14/2019,FSD,SD,AGL,CE,Combined TRACON& Tower with Radar,45,64,67,11,187,0,2,18,0,20,45,66,85,11,207,0,14,14,221
11/15/2019,FSD,SD,AGL,CE,Combined TRACON& Tower with Radar,42,68,48,12,170,0,3,16,0,19,42,71,64,12,189,10,8,18,207
11/16/2019,FSD,SD,AGL,CE,Combined TRACON& Tower with Radar,27,36,10,2,75,0,9,14,0,23,27,45,24,2,98,0,0,0,98
11/17/2019,FSD,SD,AGL,CE,Combined TRACON& Tower with Radar,37,37,36,0,110,0,0,4,0,4,37,37,40,0,114,28,0,28,142
11/18/2019,FSD,SD,AGL,CE,Combined TRACON& Tower with Radar,39,69,33,13,154,0,2,5,0,7,39,71,38,13,161,2,0,2,163
11/19/2019,FSD,SD,AGL,CE,Combined TRACON& Tower with Radar,44,77,82,20,223,0,3,22,3,28,44,80,104,23,251,0,16,16,267
11/20/2019,FSD,SD,AGL,CE,Combined TRACON& Tower with Radar,41,78,49,17,185,0,4,22,0,26,41,82,71,17,211,28,6,34,245
11/21/2019,FSD,SD,AGL,CE,Combined TRACON& Tower with Radar,47,77,39,12,175,0,5,5,1,11,47,82,44,13,186,0,0,0,186
11/22/2019,FSD,SD,AGL,CE,Combined TRACON& Tower with Radar,48,71,52,5,176,0,7,21,0,28,48,78,73,5,204,12,0,12,216
11/23/2019,FSD,SD,AGL,CE,Combined TRACON& Tower with Radar,35,33,31,0,99,0,5,28,1,34,35,38,59,1,133,12,0,12,145
11/24/2019,FSD,SD,AGL,CE,Combined TRACON& Tower with Radar,36,33,16,0,85,0,5,40,1,46,36,38,56,1,131,72,0,72,203
11/25/2019,FSD,SD,AGL,CE,Combined TRACON& Tower with Radar,39,62,37,11,149,0,1,4,0,5,39,63,41,11,154,12,8,20,174
11/26/2019,FSD,SD,AGL,CE,Combined TRACON& Tower with Radar,32,71,18,9,130,0,0,3,0,3,32,71,21,9,133,0,0,0,133
11/27/2019,FSD,SD,AGL,CE,Combined TRACON& Tower with Radar,52,74,23,0,149,0,1,0,0,1,52,75,23,0,150,0,0,0,150
11/28/2019,FSD,SD,AGL,CE,Combined TRACON& Tower with Radar,18,26,2,0,46,0,0,0,0,0,18,26,2,0,46,0,0,0,46
11/29/2019,FSD,SD,AGL,CE,Combined TRACON& Tower with Radar,34,42,11,0,87,0,0,0,0,0,34,42,11,0,87,0,0,0,87
11/30/2019,FSD,SD,AGL,CE,Combined TRACON& Tower with Radar,39,26,14,0,79,0,0,0,0,0,39,26,14,0,79,2,0,2,81
12/01/2019,FSD,SD,AGL,CE,Combined TRACON& Tower with Radar,50,39,52,0,141,0,0,1,0,1,50,39,53,0,142,0,0,0,142
12/02/2019,FSD,SD,AGL,CE,Combined TRACON& Tower with Radar,41,70,47,4,162,0,4,13,1,18,41,74,60,5,180,4,6,10,190
12/03/2019,FSD,SD,AGL,CE,Combined TRACON& Tower with Radar,40,83,43,19,185,0,7,17,1,25,40,90,60,20,210,8,12,20,230
12/04/2019,FSD,SD,AGL,CE,Combined TRACON& Tower with Radar,39,90,71,10,210,0,3,32,1,36,39,93,103,11,246,28,18,46,292
12/05/2019,FSD,SD,AGL,CE,Combined TRACON& Tower with Radar,42,82,41,14,179,0,2,24,0,26,42,84,65,14,205,14,6,20,225
12/06/2019,FSD,SD,AGL,CE,Combined TRACON& Tower with Radar,43,79,32,12,166,0,4,16,0,20,43,83,48,12,186,10,0,10,196
12/07/2019,FSD,SD,AGL,CE,Combined TRACON& Tower with Radar,32,32,27,12,103,0,1,30,0,31,32,33,57,12,134,10,8,18,152
12/08/2019,FSD,SD,AGL,CE,Combined TRACON& Tower with Radar,40,39,28,8,115,0,1,3,0,4,40,40,31,8,119,0,8,8,127
12/09/2019,FSD,SD,AGL,CE,Combined TRACON& Tower with Radar,35,64,31,0,130,0,3,6,0,9,35,67,37,0,139,10,0,10,149
12/10/2019,FSD,SD,AGL,CE,Combined TRACON& Tower with Radar,42,76,60,8,186,0,4,16,0,20,42,80,76,8,206,24,20,44,250
12/11/2019,FSD,SD,AGL,CE,Combined TRACON& Tower with Radar,41,66,83,12,202,0,6,21,1,28,41,72,104,13,230,20,2,22,252
12/12/2019,FSD,SD,AGL,CE,Combined TRACON& Tower with Radar,47,86,52,15,200,0,0,2,0,2,47,86,54,15,202,0,0,0,202
12/13/2019,FSD,SD,AGL,CE,Combined TRACON& Tower with Radar,43,66,30,1,140,0,0,0,0,0,43,66,30,1,140,0,0,0,140
12/14/2019,FSD,SD,AGL,CE,Combined TRACON& Tower with Radar,33,35,38,0,106,0,2,30,0,32,33,37,68,0,138,0,0,0,138
12/15/2019,FSD,SD,AGL,CE,Combined TRACON& Tower with Radar,33,45,31,0,109,0,1,10,0,11,33,46,41,0,120,8,0,8,128
12/16/2019,FSD,SD,AGL,CE,Combined TRACON& Tower with Radar,33,66,42,23,164,0,0,2,0,2,33,66,44,23,166,0,0,0,166
12/17/2019,FSD,SD,AGL,CE,Combined TRACON& Tower with Radar,41,86,67,17,211,0,7,19,1,27,41,93,86,18,238,12,2,14,252
12/18/2019,FSD,SD,AGL,CE,Combined TRACON& Tower with Radar,35,89,74,15,213,0,2,35,1,38,35,91,109,16,251,12,0,12,263
12/19/2019,FSD,SD,AGL,CE,Combined TRACON& Tower with Radar,46,77,58,12,193,0,4,25,0,29,46,81,83,12,222,8,0,8,230
12/20/2019,FSD,SD,AGL,CE,Combined TRACON& Tower with Radar,51,73,42,5,171,0,12,18,0,30,51,85,60,5,201,14,4,18,219
12/21/2019,FSD,SD,AGL,CE,Combined TRACON& Tower with Radar,35,32,26,0,93,0,5,32,4,41,35,37,58,4,134,16,0,16,150
12/22/2019,FSD,SD,AGL,CE,Combined TRACON& Tower with Radar,32,29,28,2,91,0,1,34,5,40,32,30,62,7,131,20,0,20,151
12/23/2019,FSD,SD,AGL,CE,Combined TRACON& Tower with Radar,42,54,43,5,144,0,7,32,0,39,42,61,75,5,183,0,0,0,183
12/24/2019,FSD,SD,AGL,CE,Combined TRACON& Tower with Radar,30,61,17,0,108,0,2,1,0,3,30,63,18,0,111,0,0,0,111
12/25/2019,FSD,SD,AGL,CE,Combined TRACON& Tower with Radar,20,13,0,0,33,0,0,0,0,0,20,13,0,0,33,0,0,0,33
12/26/2019,FSD,SD,AGL,CE,Combined TRACON& Tower with Radar,32,82,19,0,133,0,0,10,0,10,32,82,29,0,143,0,0,0,143
12/27/2019,FSD,SD,AGL,CE,Combined TRACON& Tower with Radar,40,82,46,9,177,0,6,38,0,44,40,88,84,9,221,14,18,32,253
12/28/2019,FSD,SD,AGL,CE,Combined TRACON& Tower with Radar,30,35,7,0,72,0,0,0,0,0,30,35,7,0,72,0,0,0,72
12/29/2019,FSD,SD,AGL,CE,Combined TRACON& Tower with Radar,34,33,5,0,72,0,0,0,0,0,34,33,5,0,72,0,0,0,72
12/30/2019,FSD,SD,AGL,CE,Combined TRACON& Tower with Radar,41,48,12,0,101,0,1,0,0,1,41,49,12,0,102,0,0,0,102
12/31/2019,FSD,SD,AGL,CE,Combined TRACON& Tower with Radar,34,65,23,0,122,0,8,15,1,24,34,73,38,1,146,0,0,0,146
01/01/2020,FSD,SD,AGL,CE,Combined TRACON& Tower with Radar,24,29,12,0,65,0,2,7,0,9,24,31,19,0,74,2,0,2,76
01/02/2020,FSD,SD,AGL,CE,Combined TRACON& Tower with Radar,42,73,41,15,171,0,1,10,0,11,42,74,51,15,182,0,0,0,182
01/03/2020,FSD,SD,AGL,CE,Combined TRACON& Tower with Radar,46,77,31,5,159,0,1,2,0,3,46,78,33,5,162,0,0,0,162
01/04/2020,FSD,SD,AGL,CE,Combined TRACON& Tower with Radar,33,36,20,0,89,0,10,44,2,56,33,46,64,2,145,14,0,14,159
01/05/2020,FSD,SD,AGL,CE,Combined TRACON& Tower with Radar,35,33,20,0,88,0,3,6,1,10,35,36,26,1,98,0,0,0,98
01/06/2020,FSD,SD,AGL,CE,Combined TRACON& Tower with Radar,36,61,49,0,146,0,5,17,0,22,36,66,66,0,168,0,0,0,168
01/07/2020,FSD,SD,AGL,CE,Combined TRACON& Tower with Radar,31,74,42,10,157,0,8,11,0,19,31,82,53,10,176,8,0,8,184
01/08/2020,FSD,SD,AGL,CE,Combined TRACON& Tower with Radar,28,68,49,9,154,0,3,16,0,19,28,71,65,9,173,0,2,2,175
01/09/2020,FSD,SD,AGL,CE,Combined TRACON& Tower with Radar,42,78,47,17,184,0,10,10,0,20,42,88,57,17,204,0,0,0,204
01/10/2020,FSD,SD,AGL,CE,Combined TRACON& Tower with Radar,37,76,46,4,163,0,0,5,0,5,37,76,51,4,168,14,0,14,182
01/11/2020,FSD,SD,AGL,CE,Combined TRACON& Tower with Radar,25,32,16,16,89,0,3,8,3,14,25,35,24,19,103,2,14,16,119
01/12/2020,FSD,SD,AGL,CE,Combined TRACON& Tower with Radar,32,33,23,12,100,0,0,5,0,5,32,33,28,12,105,8,6,14,119
01/13/2020,FSD,SD,AGL,CE,Combined TRACON& Tower with Radar,32,52,33,0,117,0,0,0,0,0,32,52,33,0,117,0,0,0,117
01/14/2020,FSD,SD,AGL,CE,Combined TRACON& Tower with Radar,31,80,57,8,176,0,5,20,0,25,31,85,77,8,201,28,0,28,229
01/15/2020,FSD,SD,AGL,CE,Combined TRACON& Tower with Radar,28,69,40,3,140,0,0,1,0,1,28,69,41,3,141,0,0,0,141
01/16/2020,FSD,SD,AGL,CE,Combined TRACON& Tower with Radar,39,69,60,11,179,0,2,19,0,21,39,71,79,11,200,14,0,14,214
01/17/2020,FSD,SD,AGL,CE,Combined TRACON& Tower with Radar,19,17,3,0,39,0,0,0,0,0,19,17,3,0,39,0,0,0,39
01/18/2020,FSD,SD,AGL,CE,Combined TRACON& Tower with Radar,3,7,0,0,10,0,0,0,0,0,3,7,0,0,10,0,0,0,10
01/19/2020,FSD,SD,AGL,CE,Combined TRACON& Tower with Radar,32,34,22,0,88,0,10,11,1,22,32,44,33,1,110,12,0,12,122
01/20/2020,FSD,SD,AGL,CE,Combined TRACON& Tower with Radar,32,54,32,0,118,0,7,22,1,30,32,61,54,1,148,2,0,2,150
01/21/2020,FSD,SD,AGL,CE,Combined TRACON& Tower with Radar,35,70,50,0,155,0,1,13,0,14,35,71,63,0,169,0,0,0,169
01/22/2020,FSD,SD,AGL,CE,Combined TRACON& Tower with Radar,27,71,27,16,141,0,0,0,0,0,27,71,27,16,141,0,0,0,141
01/23/2020,FSD,SD,AGL,CE,Combined TRACON& Tower with Radar,39,91,41,0,171,0,0,0,0,0,39,91,41,0,171,0,0,0,171
01/24/2020,FSD,SD,AGL,CE,Combined TRACON& Tower with Radar,38,69,33,9,149,0,0,1,0,1,38,69,34,9,150,0,0,0,150
01/25/2020,FSD,SD,AGL,CE,Combined TRACON& Tower with Radar,28,51,19,1,99,0,0,9,0,9,28,51,28,1,108,40,0,40,148
01/26/2020,FSD,SD,AGL,CE,Combined TRACON& Tower with Radar,33,40,21,0,94,0,0,16,0,16,33,40,37,0,110,0,0,0,110
01/27/2020,FSD,SD,AGL,CE,Combined TRACON& Tower with Radar,31,75,41,0,147,0,0,0,0,0,31,75,41,0,147,0,0,0,147
01/28/2020,FSD,SD,AGL,CE,Combined TRACON& Tower with Radar,29,80,30,7,146,0,0,0,0,0,29,80,30,7,146,0,0,0,146
01/29/2020,FSD,SD,AGL,CE,Combined TRACON& Tower with Radar,32,67,32,25,156,0,0,2,0,2,32,67,34,25,158,6,4,10,168
01/30/2020,FSD,SD,AGL,CE,Combined TRACON& Tower with Radar,41,64,24,0,129,0,0,0,0,0,41,64,24,0,129,0,0,0,129
01/31/2020,FSD,SD,AGL,CE,Combined TRACON& Tower with Radar,39,66,26,0,131,0,0,0,0,0,39,66,26,0,131,0,0,0,131
02/01/2020,FSD,SD,AGL,CE,Combined TRACON& Tower with Radar,28,31,21,12,92,0,3,40,0,43,28,34,61,12,135,24,14,38,173
02/02/2020,FSD,SD,AGL,CE,Combined TRACON& Tower with Radar,32,34,14,5,85,0,1,30,0,31,32,35,44,5,116,38,4,42,158
02/03/2020,FSD,SD,AGL,CE,Combined TRACON& Tower with Radar,32,56,53,2,143,0,2,17,0,19,32,58,70,2,162,12,0,12,174
02/04/2020,FSD,SD,AGL,CE,Combined TRACON& Tower with Radar,34,62,63,12,171,0,5,38,0,43,34,67,101,12,214,28,0,28,242
02/05/2020,FSD,SD,AGL,CE,Combined TRACON& Tower with Radar,31,69,38,12,150,0,0,24,0,24,31,69,62,12,174,58,6,64,238
02/06/2020,FSD,SD,AGL,CE,Combined TRACON& Tower with Radar,34,66,36,7,143,0,0,18,0,18,34,66,54,7,161,28,0,28,189
02/07/2020,FSD,SD,AGL,CE,Combined TRACON& Tower with Radar,40,72,43,8,163,0,1,1,0,2,40,73,44,8,165,2,0,2,167
02/08/2020,FSD,SD,AGL,CE,Combined TRACON& Tower with Radar,26,33,15,0,74,0,0,19,0,19,26,33,34,0,93,8,0,8,101
02/09/2020,FSD,SD,AGL,CE,Combined TRACON& Tower with Radar,33,34,10,0,77,0,1,10,5,16,33,35,20,5,93,4,0,4,97
02/10/2020,FSD,SD,AGL,CE,Combined TRACON& Tower with Radar,33,58,53,0,144,0,2,22,0,24,33,60,75,0,168,14,0,14,182
02/11/2020,FSD,SD,AGL,CE,Combined TRACON& Tower with Radar,33,69,61,6,169,0,4,45,0,49,33,73,106,6,218,12,0,12,230
02/12/2020,FSD,SD,AGL,CE,Combined TRACON& Tower with Radar,37,68,44,7,156,0,2,3,0,5,37,70,47,7,161,2,0,2,163
02/13/2020,FSD,SD,AGL,CE,Combined TRACON& Tower with Radar,39,55,46,9,149,0,5,12,5,22,39,60,58,14,171,8,2,10,181
02/14/2020,FSD,SD,AGL,CE,Combined TRACON& Tower with Radar,38,72,28,4,142,0,1,6,0,7,38,73,34,4,149,0,2,2,151
02/15/2020,FSD,SD,AGL,CE,Combined TRACON& Tower with Radar,32,42,39,2,115,0,8,31,0,39,32,50,70,2,154,14,0,14,168
02/16/2020,FSD,SD,AGL,CE,Combined TRACON& Tower with Radar,37,48,30,0,115,0,0,0,0,0,37,48,30,0,115,0,0,0,115
02/17/2020,FSD,SD,AGL,CE,Combined TRACON& Tower with Radar,37,52,30,0,119,0,0,5,0,5,37,52,35,0,124,0,0,0,124
02/18/2020,FSD,SD,AGL,CE,Combined TRACON& Tower with Radar,35,76,64,0,175,0,0,24,0,24,35,76,88,0,199,6,0,6,205
02/19/2020,FSD,SD,AGL,CE,Combined TRACON& Tower with Radar,37,79,71,6,193,0,4,32,0,36,37,83,103,6,229,30,6,36,265
02/20/2020,FSD,SD,AGL,CE,Combined TRACON& Tower with Radar,44,76,46,15,181,0,5,43,0,48,44,81,89,15,229,42,6,48,277
02/21/2020,FSD,SD,AGL,CE,Combined TRACON& Tower with Radar,38,73,44,11,166,0,8,37,1,46,38,81,81,12,212,64,14,78,290
02/22/2020,FSD,SD,AGL,CE,Combined TRACON& Tower with Radar,36,41,23,2,102,0,2,36,0,38,36,43,59,2,140,30,0,30,170
02/23/2020,FSD,SD,AGL,CE,Combined TRACON& Tower with Radar,35,35,27,1,98,0,6,19,2,27,35,41,46,3,125,26,0,26,151
02/24/2020,FSD,SD,AGL,CE,Combined TRACON& Tower with Radar,33,72,53,13,171,0,2,28,0,30,33,74,81,13,201,14,0,14,215
02/25/2020,FSD,SD,AGL,CE,Combined TRACON& Tower with Radar,35,83,32,16,166,0,1,4,0,5,35,84,36,16,171,0,0,0,171
02/26/2020,FSD,SD,AGL,CE,Combined TRACON& Tower with Radar,37,74,43,19,173,0,0,9,0,9,37,74,52,19,182,24,4,28,210
02/27/2020,FSD,SD,AGL,CE,Combined TRACON& Tower with Radar,43,69,59,14,185,0,2,17,2,21,43,71,76,16,206,4,0,4,210
02/28/2020,FSD,SD,AGL,CE,Combined TRACON& Tower with Radar,38,65,33,1,137,0,0,3,0,3,38,65,36,1,140,0,0,0,140
02/29/2020,FSD,SD,AGL,CE,Combined TRACON& Tower with Radar,34,43,25,0,102,0,2,27,0,29,34,45,52,0,131,26,0,26,157
03/01/2020,FSD,SD,AGL,CE,Combined TRACON& Tower with Radar,36,31,28,0,95,0,0,27,2,29,36,31,55,2,124,4,0,4,128
03/02/2020,FSD,SD,AGL,CE,Combined TRACON& Tower with Radar,35,67,54,0,156,0,5,29,0,34,35,72,83,0,190,44,0,44,234
03/03/2020,FSD,SD,AGL,CE,Combined TRACON& Tower with Radar,38,70,48,12,168,0,0,31,0,31,38,70,79,12,199,12,0,12,211
03/04/2020,FSD,SD,AGL,CE,Combined TRACON& Tower with Radar,42,78,49,20,189,0,4,26,4,34,42,82,75,24,223,40,14,54,277
03/05/2020,FSD,SD,AGL,CE,Combined TRACON& Tower with Radar,46,61,43,25,175,0,1,10,0,11,46,62,53,25,186,14,0,14,200
03/06/2020,FSD,SD,AGL,CE,Combined TRACON& Tower with Radar,40,63,44,8,155,0,4,32,2,38,40,67,76,10,193,90,2,92,285
03/07/2020,FSD,SD,AGL,CE,Combined TRACON& Tower with Radar,34,39,22,12,107,0,2,16,0,18,34,41,38,12,125,22,12,34,159
03/08/2020,FSD,SD,AGL,CE,Combined TRACON& Tower with Radar,36,38,16,11,101,0,1,26,0,27,36,39,42,11,128,36,4,40,168
03/09/2020,FSD,SD,AGL,CE,Combined TRACON& Tower with Radar,36,96,54,7,193,0,3,11,0,14,36,99,65,7,207,24,0,24,231
03/10/2020,FSD,SD,AGL,CE,Combined TRACON& Tower with Radar,36,78,43,12,169,0,2,11,0,13,36,80,54,12,182,4,0,4,186
03/11/2020,FSD,SD,AGL,CE,Combined TRACON& Tower with Radar,40,77,49,6,172,0,5,30,1,36,40,82,79,7,208,14,4,18,226
03/12/2020,FSD,SD,AGL,CE,Combined TRACON& Tower with Radar,46,67,47,12,172,0,0,7,0,7,46,67,54,12,179,0,0,0,179
03/13/2020,FSD,SD,AGL,CE,Combined TRACON& Tower with Radar,41,61,49,9,160,0,3,51,0,54,41,64,100,9,214,60,10,70,284
03/14/2020,FSD,SD,AGL,CE,Combined TRACON& Tower with Radar,39,48,27,0,114,0,1,3,0,4,39,49,30,0,118,2,0,2,120
03/15/2020,FSD,SD,AGL,CE,Combined TRACON& Tower with Radar,37,39,20,0,96,0,0,1,0,1,37,39,21,0,97,4,0,4,101
03/16/2020,FSD,SD,AGL,CE,Combined TRACON& Tower with Radar,37,52,14,13,116,0,1,2,0,3,37,53,16,13,119,0,0,0,119
03/17/2020,FSD,SD,AGL,CE,Combined TRACON& Tower with Radar,40,71,42,14,167,0,9,6,0,15,40,80,48,14,182,20,0,20,202
03/18/2020,FSD,SD,AGL,CE,Combined TRACON& Tower with Radar,42,84,25,23,174,0,0,3,0,3,42,84,28,23,177,12,0,12,189
03/19/2020,FSD,SD,AGL,CE,Combined TRACON& Tower with Radar,35,57,14,0,106,0,0,0,0,0,35,57,14,0,106,0,0,0,106
03/20/2020,FSD,SD,AGL,CE,Combined TRACON& Tower with Radar,35,72,33,0,140,0,4,19,0,23,35,76,52,0,163,2,0,2,165
03/21/2020,FSD,SD,AGL,CE,Combined TRACON& Tower with Radar,29,28,23,0,80,0,0,17,1,18,29,28,40,1,98,24,0,24,122
03/22/2020,FSD,SD,AGL,CE,Combined TRACON& Tower with Radar,21,31,15,0,67,0,2,15,0,17,21,33,30,0,84,16,0,16,100
03/23/2020,FSD,SD,AGL,CE,Combined TRACON& Tower with Radar,18,57,21,0,96,0,0,2,0,2,18,57,23,0,98,0,0,0,98
03/24/2020,FSD,SD,AGL,CE,Combined TRACON& Tower with Radar,30,73,16,11,130,0,0,4,0,4,30,73,20,11,134,0,0,0,134
03/25/2020,FSD,SD,AGL,CE,Combined TRACON& Tower with Radar,19,44,33,12,108,0,0,2,0,2,19,44,35,12,110,2,0,2,112
03/26/2020,FSD,SD,AGL,CE,Combined TRACON& Tower with Radar,26,56,19,6,107,0,0,7,0,7,26,56,26,6,114,44,0,44,158
03/27/2020,FSD,SD,AGL,CE,Combined TRACON& Tower with Radar,17,37,39,10,103,0,0,11,0,11,17,37,50,10,114,20,8,28,142
03/28/2020,FSD,SD,AGL,CE,Combined TRACON& Tower with Radar,17,28,6,0,51,0,0,0,0,0,17,28,6,0,51,0,0,0,51
03/29/2020,FSD,SD,AGL,CE,Combined TRACON& Tower with Radar,13,20,17,0,50,0,7,26,0,33,13,27,43,0,83,18,0,18,101
03/30/2020,FSD,SD,AGL,CE,Combined TRACON& Tower with Radar,14,40,24,8,86,0,6,30,0,36,14,46,54,8,122,20,4,24,146
03/31/2020,FSD,SD,AGL,CE,Combined TRACON& Tower with Radar,23,47,18,10,98,0,0,24,0,24,23,47,42,10,122,22,0,22,144
04/01/2020,FSD,SD,AGL,CE,Combined TRACON& Tower with Radar,19,50,14,3,86,0,0,8,2,10,19,50,22,5,96,10,2,12,108
04/02/2020,FSD,SD,AGL,CE,Combined TRACON& Tower with Radar,15,29,7,0,51,0,0,0,0,0,15,29,7,0,51,0,0,0,51
04/03/2020,FSD,SD,AGL,CE,Combined TRACON& Tower with Radar,19,46,18,8,91,0,0,4,0,4,19,46,22,8,95,6,0,6,101
04/04/2020,FSD,SD,AGL,CE,Combined TRACON& Tower with Radar,13,20,9,9,51,0,3,33,1,37,13,23,42,10,88,0,0,0,88
04/05/2020,FSD,SD,AGL,CE,Combined TRACON& Tower with Radar,15,15,8,2,40,0,1,11,0,12,15,16,19,2,52,30,0,30,82
04/06/2020,FSD,SD,AGL,CE,Combined TRACON& Tower with Radar,11,29,45,12,97,0,1,22,1,24,11,30,67,13,121,24,0,24,145
04/07/2020,FSD,SD,AGL,CE,Combined TRACON& Tower with Radar,15,51,28,14,108,0,0,39,0,39,15,51,67,14,147,14,14,28,175
04/08/2020,FSD,SD,AGL,CE,Combined TRACON& Tower with Radar,19,41,25,4,89,0,0,18,0,18,19,41,43,4,107,4,0,4,111
04/09/2020,FSD,SD,AGL,CE,Combined TRACON& Tower with Radar,20,40,17,9,86,0,1,8,0,9,20,41,25,9,95,4,0,4,99
04/10/2020,FSD,SD,AGL,CE,Combined TRACON& Tower with Radar,17,41,13,8,79,0,2,43,0,45,17,43,56,8,124,18,8,26,150
04/11/2020,FSD,SD,AGL,CE,Combined TRACON& Tower with Radar,14,25,10,0,49,0,2,39,0,41,14,27,49,0,90,20,0,20,110
04/12/2020,FSD,SD,AGL,CE,Combined TRACON& Tower with Radar,9,9,1,0,19,0,1,0,0,1,9,10,1,0,20,0,0,0,20
04/13/2020,FSD,SD,AGL,CE,Combined TRACON& Tower with Radar,14,25,17,4,60,0,0,10,0,10,14,25,27,4,70,0,0,0,70
04/14/2020,FSD,SD,AGL,CE,Combined TRACON& Tower with Radar,16,48,30,13,107,0,0,21,0,21,16,48,51,13,128,6,0,6,134
04/15/2020,FSD,SD,AGL,CE,Combined TRACON& Tower with Radar,13,52,26,2,93,0,0,20,0,20,13,52,46,2,113,34,0,34,147
04/16/2020,FSD,SD,AGL,CE,Combined TRACON& Tower with Radar,18,44,15,12,89,0,0,29,0,29,18,44,44,12,118,50,8,58,176
04/17/2020,FSD,SD,AGL,CE,Combined TRACON& Tower with Radar,13,37,13,16,79,0,3,30,1,34,13,40,43,17,113,76,18,94,207
04/18/2020,FSD,SD,AGL,CE,Combined TRACON& Tower with Radar,9,18,11,0,38,0,2,44,0,46,9,20,55,0,84,14,0,14,98
04/19/2020,FSD,SD,AGL,CE,Combined TRACON& Tower with Radar,9,10,13,0,32,0,1,42,0,43,9,11,55,0,75,22,0,22,97
04/20/2020,FSD,SD,AGL,CE,Combined TRACON& Tower with Radar,10,29,12,12,63,0,0,14,0,14,10,29,26,12,77,2,4,6,83
04/21/2020,FSD,SD,AGL,CE,Combined TRACON& Tower with Radar,17,51,19,8,95,0,1,45,0,46,17,52,64,8,141,56,2,58,199
04/22/2020,FSD,SD,AGL,CE,Combined TRACON& Tower with Radar,15,40,25,2,82,0,0,44,0,44,15,40,69,2,126,8,0,8,134
04/23/2020,FSD,SD,AGL,CE,Combined TRACON& Tower with Radar,19,33,11,6,69,0,0,30,0,30,19,33,41,6,99,36,0,36,135
04/24/2020,FSD,SD,AGL,CE,Combined TRACON& Tower with Radar,16,39,7,8,70,0,1,17,0,18,16,40,24,8,88,28,0,28,116
04/25/2020,FSD,SD,AGL,CE,Combined TRACON& Tower with Radar,11,20,2,0,33,0,0,10,0,10,11,20,12,0,43,34,0,34,77
04/26/2020,FSD,SD,AGL,CE,Combined TRACON& Tower with Radar,10,11,7,2,30,0,1,41,0,42,10,12,48,2,72,0,0,0,72
04/27/2020,FSD,SD,AGL,CE,Combined TRACON& Tower with Radar,12,37,20,9,78,0,3,62,0,65,12,40,82,9,143,18,0,18,161
04/28/2020,FSD,SD,AGL,CE,Combined TRACON& Tower with Radar,15,40,15,10,80,0,1,11,0,12,15,41,26,10,92,0,0,0,92
04/29/2020,FSD,SD,AGL,CE,Combined TRACON& Tower with Radar,14,48,26,7,95,0,2,20,1,23,14,50,46,8,118,16,8,24,142
04/30/2020,FSD,SD,AGL,CE,Combined TRACON& Tower with Radar,18,40,25,8,91,0,2,50,1,53,18,42,75,9,144,44,18,62,206
05/01/2020,FSD,SD,AGL,CE,Combined TRACON& Tower with Radar,19,40,25,8,92,0,2,15,0,17,19,42,40,8,109,6,4,10,119
05/02/2020,FSD,SD,AGL,CE,Combined TRACON& Tower with Radar,17,19,18,0,54,0,0,35,0,35,17,19,53,0,89,20,0,20,109
05/03/2020,FSD,SD,AGL,CE,Combined TRACON& Tower with Radar,16,12,10,0,38,0,0,47,0,47,16,12,57,0,85,28,0,28,113
05/04/2020,FSD,SD,AGL,CE,Combined TRACON& Tower with Radar,18,29,15,16,78,0,3,4,5,12,18,32,19,21,90,10,0,10,100
05/05/2020,FSD,SD,AGL,CE,Combined TRACON& Tower with Radar,21,42,24,12,99,0,1,2,0,3,21,43,26,12,102,2,0,2,104
05/06/2020,FSD,SD,AGL,CE,Combined TRACON& Tower with Radar,22,38,21,2,83,0,5,16,0,21,22,43,37,2,104,2,0,2,106
05/07/2020,FSD,SD,AGL,CE,Combined TRACON& Tower with Radar,27,52,41,0,120,0,7,7,1,15,27,59,48,1,135,0,0,0,135
05/08/2020,FSD,SD,AGL,CE,Combined TRACON& Tower with Radar,19,29,26,17,91,0,1,31,0,32,19,30,57,17,123,20,2,22,145
05/09/2020,FSD,SD,AGL,CE,Combined TRACON& Tower with Radar,22,24,18,6,70,0,1,12,0,13,22,25,30,6,83,16,2,18,101
05/10/2020,FSD,SD,AGL,CE,Combined TRACON& Tower with Radar,19,12,11,2,44,0,0,13,0,13,19,12,24,2,57,0,0,0,57
05/11/2020,FSD,SD,AGL,CE,Combined TRACON& Tower with Radar,21,35,24,17,97,0,8,26,0,34,21,43,50,17,131,10,8,18,149
05/12/2020,FSD,SD,AGL,CE,Combined TRACON& Tower with Radar,20,47,24,12,103,0,9,26,0,35,20,56,50,12,138,40,8,48,186
05/13/2020,FSD,SD,AGL,CE,Combined TRACON& Tower with Radar,22,46,34,11,113,0,1,6,0,7,22,47,40,11,120,4,0,4,124
05/14/2020,FSD,SD,AGL,CE,Combined TRACON& Tower with Radar,24,47,29,10,110,0,3,25,0,28,24,50,54,10,138,32,0,32,170
05/15/2020,FSD,SD,AGL,CE,Combined TRACON& Tower with Radar,22,34,24,18,98,0,4,37,1,42,22,38,61,19,140,38,14,52,192
05/16/2020,FSD,SD,AGL,CE,Combined TRACON& Tower with Radar,25,13,13,2,53,0,1,6,1,8,25,14,19,3,61,8,0,8,69
05/17/2020,FSD,SD,AGL,CE,Combined TRACON& Tower with Radar,20,19,14,2,55,0,0,9,0,9,20,19,23,2,64,4,0,4,68
05/18/2020,FSD,SD,AGL,CE,Combined TRACON& Tower with Radar,19,27,27,8,81,0,4,12,0,16,19,31,39,8,97,28,6,34,131
05/19/2020,FSD,SD,AGL,CE,Combined TRACON& Tower with Radar,22,44,38,14,118,0,3,14,0,17,22,47,52,14,135,0,6,6,141
05/20/2020,FSD,SD,AGL,CE,Combined TRACON& Tower with Radar,22,42,30,9,103,0,3,6,0,9,22,45,36,9,112,20,0,20,132
05/21/2020,FSD,SD,AGL,CE,Combined TRACON& Tower with Radar,32,37,42,15,126,0,0,5,1,6,32,37,47,16,132,0,0,0,132
05/22/2020,FSD,SD,AGL,CE,Combined TRACON& Tower with Radar,21,41,19,10,91,0,0,4,0,4,21,41,23,10,95,0,0,0,95
05/23/2020,FSD,SD,AGL,CE,Combined TRACON& Tower with Radar,20,20,23,0,63,0,0,17,1,18,20,20,40,1,81,6,0,6,87
05/24/2020,FSD,SD,AGL,CE,Combined TRACON& Tower with Radar,25,10,27,3,65,0,0,9,0,9,25,10,36,3,74,18,0,18,92
05/25/2020,FSD,SD,AGL,CE,Combined TRACON& Tower with Radar,16,18,25,0,59,0,0,2,0,2,16,18,27,0,61,0,0,0,61
05/26/2020,FSD,SD,AGL,CE,Combined TRACON& Tower with Radar,19,33,23,13,88,0,2,31,0,33,19,35,54,13,121,6,0,6,127
05/27/2020,FSD,SD,AGL,CE,Combined TRACON& Tower with Radar,24,38,23,12,97,0,3,29,0,32,24,41,52,12,129,22,4,26,155
05/28/2020,FSD,SD,AGL,CE,Combined TRACON& Tower with Radar,32,47,39,5,123,0,3,22,0,25,32,50,61,5,148,2,0,2,150
05/29/2020,FSD,SD,AGL,CE,Combined TRACON& Tower with Radar,23,46,35,6,110,0,3,30,0,33,23,49,65,6,143,20,2,22,165
05/30/2020,FSD,SD,AGL,CE,Combined TRACON& Tower with Radar,24,18,14,9,65,0,5,23,0,28,24,23,37,9,93,0,0,0,93
05/31/2020,FSD,SD,AGL,CE,Combined TRACON& Tower with Radar,29,16,21,7,73,0,0,30,0,30,29,16,51,7,103,16,0,16,119
06/01/2020,FSD,SD,AGL,CE,Combined TRACON& Tower with Radar,19,33,32,16,100,0,1,24,0,25,19,34,56,16,125,0,16,16,141
06/02/2020,FSD,SD,AGL,CE,Combined TRACON& Tower with Radar,22,33,28,8,91,0,2,31,0,33,22,35,59,8,124,12,4,16,140
06/03/2020,FSD,SD,AGL,CE,Combined TRACON& Tower with Radar,27,44,26,8,105,0,3,30,0,33,27,47,56,8,138,24,0,24,162
06/04/2020,FSD,SD,AGL,CE,Combined TRACON& Tower with Radar,28,46,46,9,129,0,2,40,0,42,28,48,86,9,171,6,4,10,181
06/05/2020,FSD,SD,AGL,CE,Combined TRACON& Tower with Radar,24,39,36,12,111,0,7,64,0,71,24,46,100,12,182,0,12,12,194
06/06/2020,FSD,SD,AGL,CE,Combined TRACON& Tower with Radar,23,23,25,1,72,0,4,11,1,16,23,27,36,2,88,0,0,0,88
06/07/2020,FSD,SD,AGL,CE,Combined TRACON& Tower with Radar,25,15,27,0,67,0,0,8,0,8,25,15,35,0,75,0,0,0,75
06/08/2020,FSD,SD,AGL,CE,Combined TRACON& Tower with Radar,20,39,42,4,105,0,2,16,0,18,20,41,58,4,123,4,0,4,127
06/09/2020,FSD,SD,AGL,CE,Combined TRACON& Tower with Radar,22,45,44,13,124,0,2,11,1,14,22,47,55,14,138,6,0,6,144
06/10/2020,FSD,SD,AGL,CE,Combined TRACON& Tower with Radar,24,46,50,12,132,0,7,34,0,41,24,53,84,12,173,4,0,4,177
06/11/2020,FSD,SD,AGL,CE,Combined TRACON& Tower with Radar,31,56,69,15,171,0,2,57,0,59,31,58,126,15,230,24,12,36,266
06/12/2020,FSD,SD,AGL,CE,Combined TRACON& Tower with Radar,27,31,38,4,100,0,6,32,1,39,27,37,70,5,139,32,0,32,171
06/13/2020,FSD,SD,AGL,CE,Combined TRACON& Tower with Radar,24,22,28,0,74,0,1,34,1,36,24,23,62,1,110,12,0,12,122
06/14/2020,FSD,SD,AGL,CE,Combined TRACON& Tower with Radar,27,18,22,0,67,0,0,3,0,3,27,18,25,0,70,4,0,4,74
06/15/2020,FSD,SD,AGL,CE,Combined TRACON& Tower with Radar,21,37,33,10,101,0,7,6,0,13,21,44,39,10,114,2,14,16,130
06/16/2020,FSD,SD,AGL,CE,Combined TRACON& Tower with Radar,22,48,36,15,121,0,1,15,3,19,22,49,51,18,140,0,8,8,148
06/17/2020,FSD,SD,AGL,CE,Combined TRACON& Tower with Radar,24,48,26,12,110,0,8,9,1,18,24,56,35,13,128,4,0,4,132
06/18/2020,FSD,SD,AGL,CE,Combined TRACON& Tower with Radar,29,49,32,0,110,0,0,10,0,10,29,49,42,0,120,6,0,6,126
06/19/2020,FSD,SD,AGL,CE,Combined TRACON& Tower with Radar,28,41,43,9,121,0,11,32,2,45,28,52,75,11,166,52,4,56,222
06/20/2020,FSD,SD,AGL,CE,Combined TRACON& Tower with Radar,24,15,25,0,64,0,1,8,0,9,24,16,33,0,73,0,0,0,73
06/21/2020,FSD,SD,AGL,CE,Combined TRACON& Tower with Radar,26,18,22,0,66,0,1,18,0,19,26,19,40,0,85,0,0,0,85
06/22/2020,FSD,SD,AGL,CE,Combined TRACON& Tower with Radar,23,43,37,0,103,0,1,18,0,19,23,44,55,0,122,30,0,30,152
06/23/2020,FSD,SD,AGL,CE,Combined TRACON& Tower with Radar,24,52,40,13,129,0,3,27,1,31,24,55,67,14,160,10,2,12,172
06/24/2020,FSD,SD,AGL,CE,Combined TRACON& Tower with Radar,23,49,40,8,120,0,4,36,0,40,23,53,76,8,160,36,8,44,204
06/25/2020,FSD,SD,AGL,CE,Combined TRACON& Tower with Radar,28,51,40,22,141,0,1,33,2,36,28,52,73,24,177,16,8,24,201
06/26/2020,FSD,SD,AGL,CE,Combined TRACON& Tower with Radar,26,44,31,11,112,0,2,19,2,23,26,46,50,13,135,6,30,36,171
06/27/2020,FSD,SD,AGL,CE,Combined TRACON& Tower with Radar,27,31,33,0,91,0,4,30,0,34,27,35,63,0,125,14,0,14,139
06/28/2020,FSD,SD,AGL,CE,Combined TRACON& Tower with Radar,25,16,29,0,70,0,6,22,0,28,25,22,51,0,98,14,0,14,112
06/29/2020,FSD,SD,AGL,CE,Combined TRACON& Tower with Radar,23,50,53,5,131,0,4,12,0,16,23,54,65,5,147,6,0,6,153
06/30/2020,FSD,SD,AGL,CE,Combined TRACON& Tower with Radar,22,46,49,15,132,0,2,14,1,17,22,48,63,16,149,6,0,6,155
07/01/2020,FSD,SD,AGL,CE,Combined TRACON& Tower with Radar,26,53,40,8,127,0,5,25,0,30,26,58,65,8,157,12,0,12,169
07/02/2020,FSD,SD,AGL,CE,Combined TRACON& Tower with Radar,33,36,38,2,109,0,4,40,0,44,33,40,78,2,153,34,0,34,187
07/03/2020,FSD,SD,AGL,CE,Combined TRACON& Tower with Radar,26,50,31,6,113,0,2,14,0,16,26,52,45,6,129,0,0,0,129
07/04/2020,FSD,SD,AGL,CE,Combined TRACON& Tower with Radar,23,9,5,0,37,0,2,19,0,21,23,11,24,0,58,0,0,0,58
07/05/2020,FSD,SD,AGL,CE,Combined TRACON& Tower with Radar,30,12,26,0,68,0,1,12,0,13,30,13,38,0,81,0,0,0,81
07/06/2020,FSD,SD,AGL,CE,Combined TRACON& Tower with Radar,27,41,19,0,87,0,1,10,0,11,27,42,29,0,98,8,0,8,106
07/07/2020,FSD,SD,AGL,CE,Combined TRACON& Tower with Radar,27,45,50,6,128,0,4,21,0,25,27,49,71,6,153,18,6,24,177
07/08/2020,FSD,SD,AGL,CE,Combined TRACON& Tower with Radar,32,48,28,7,115,0,7,13,3,23,32,55,41,10,138,2,2,4,142
07/09/2020,FSD,SD,AGL,CE,Combined TRACON& Tower with Radar,36,39,40,11,126,0,6,27,0,33,36,45,67,11,159,12,0,12,171
07/10/2020,FSD,SD,AGL,CE,Combined TRACON& Tower with Radar,32,37,40,4,113,0,5,39,0,44,32,42,79,4,157,30,0,30,187
07/11/2020,FSD,SD,AGL,CE,Combined TRACON& Tower with Radar,32,19,26,8,85,0,5,16,0,21,32,24,42,8,106,8,4,12,118
07/12/2020,FSD,SD,AGL,CE,Combined TRACON& Tower with Radar,26,16,31,4,77,0,1,42,1,44,26,17,73,5,121,32,12,44,165
07/13/2020,FSD,SD,AGL,CE,Combined TRACON& Tower with Radar,31,33,26,4,94,0,2,12,0,14,31,35,38,4,108,12,0,12,120
07/14/2020,FSD,SD,AGL,CE,Combined TRACON& Tower with Radar,28,47,40,9,124,0,4,10,1,15,28,51,50,10,139,6,0,6,145
07/15/2020,FSD,SD,AGL,CE,Combined TRACON& Tower with Radar,32,44,35,14,125,0,6,46,0,52,32,50,81,14,177,40,6,46,223
07/16/2020,FSD,SD,AGL,CE,Combined TRACON& Tower with Radar,39,50,43,11,143,0,5,28,1,34,39,55,71,12,177,10,6,16,193
07/17/2020,FSD,SD,AGL,CE,Combined TRACON& Tower with Radar,34,41,29,11,115,0,3,19,2,24,34,44,48,13,139,4,4,8,147
07/18/2020,FSD,SD,AGL,CE,Combined TRACON& Tower with Radar,32,32,22,0,86,0,4,16,1,21,32,36,38,1,107,4,0,4,111
07/19/2020,FSD,SD,AGL,CE,Combined TRACON& Tower with Radar,27,10,20,0,57,0,1,26,0,27,27,11,46,0,84,6,0,6,90
07/20/2020,FSD,SD,AGL,CE,Combined TRACON& Tower with Radar,30,46,41,5,122,0,6,33,0,39,30,52,74,5,161,34,0,34,195
07/21/2020,FSD,SD,AGL,CE,Combined TRACON& Tower with Radar,28,56,61,15,160,0,3,23,0,26,28,59,84,15,186,6,6,12,198
07/22/2020,FSD,SD,AGL,CE,Combined TRACON& Tower with Radar,34,56,37,16,143,0,4,64,0,68,34,60,101,16,211,26,12,38,249
07/23/2020,FSD,SD,AGL,CE,Combined TRACON& Tower with Radar,38,61,37,13,149,0,5,42,0,47,38,66,79,13,196,16,8,24,220
07/24/2020,FSD,SD,AGL,CE,Combined TRACON& Tower with Radar,34,40,44,4,122,0,6,17,0,23,34,46,61,4,145,8,6,14,159
07/25/2020,FSD,SD,AGL,CE,Combined TRACON& Tower with Radar,27,28,25,4,84,0,3,15,0,18,27,31,40,4,102,20,0,20,122
07/26/2020,FSD,SD,AGL,CE,Combined TRACON& Tower with Radar,27,22,37,0,86,0,2,22,0,24,27,24,59,0,110,8,0,8,118
07/27/2020,FSD,SD,AGL,CE,Combined TRACON& Tower with Radar,31,36,29,2,98,0,2,30,0,32,31,38,59,2,130,32,0,32,162
07/28/2020,FSD,SD,AGL,CE,Combined TRACON& Tower with Radar,28,47,28,24,127,0,2,21,0,23,28,49,49,24,150,50,8,58,208
07/29/2020,FSD,SD,AGL,CE,Combined TRACON& Tower with Radar,36,56,46,11,149,0,7,32,3,42,36,63,78,14,191,34,0,34,225
07/30/2020,FSD,SD,AGL,CE,Combined TRACON& Tower with Radar,39,47,26,14,126,0,3,34,2,39,39,50,60,16,165,4,14,18,183
07/31/2020,FSD,SD,AGL,CE,Combined TRACON& Tower with Radar,34,42,36,4,116,0,3,30,1,34,34,45,66,5,150,4,14,18,168
08/01/2020,FSD,SD,AGL,CE,Combined TRACON& Tower with Radar,34,26,21,13,94,0,3,19,0,22,34,29,40,13,116,10,10,20,136
08/02/2020,FSD,SD,AGL,CE,Combined TRACON& Tower with Radar,32,23,30,4,89,0,1,28,0,29,32,24,58,4,118,2,4,6,124
08/03/2020,FSD,SD,AGL,CE,Combined TRACON& Tower with Radar,32,34,40,8,114,0,3,25,1,29,32,37,65,9,143,6,8,14,157
08/04/2020,FSD,SD,AGL,CE,Combined TRACON& Tower with Radar,30,44,46,19,139,0,9,35,0,44,30,53,81,19,183,20,14,34,217
08/05/2020,FSD,SD,AGL,CE,Combined TRACON& Tower with Radar,31,58,52,17,158,0,2,9,0,11,31,60,61,17,169,12,12,24,193
08/06/2020,FSD,SD,AGL,CE,Combined TRACON& Tower with Radar,40,60,56,11,167,0,1,23,1,25,40,61,79,12,192,8,8,16,208
08/07/2020,FSD,SD,AGL,CE,Combined TRACON& Tower with Radar,36,50,29,2,117,0,0,6,2,8,36,50,35,4,125,0,0,0,125
08/08/2020,FSD,SD,AGL,CE,Combined TRACON& Tower with Radar,30,24,20,0,74,0,0,7,3,10,30,24,27,3,84,4,0,4,88
08/09/2020,FSD,SD,AGL,CE,Combined TRACON& Tower with Radar,30,16,22,0,68,0,2,16,0,18,30,18,38,0,86,2,0,2,88
08/10/2020,FSD,SD,AGL,CE,Combined TRACON& Tower with Radar,31,42,27,5,105,0,4,17,0,21,31,46,44,5,126,16,2,18,144
08/11/2020,FSD,SD,AGL,CE,Combined TRACON& Tower with Radar,30,51,35,14,130,0,2,22,0,24,30,53,57,14,154,18,10,28,182
08/12/2020,FSD,SD,AGL,CE,Combined TRACON& Tower with Radar,30,54,61,14,159,0,0,14,0,14,30,54,75,14,173,8,0,8,181
08/13/2020,FSD,SD,AGL,CE,Combined TRACON& Tower with Radar,39,62,50,9,160,0,6,30,1,37,39,68,80,10,197,18,4,22,219
08/14/2020,FSD,SD,AGL,CE,Combined TRACON& Tower with Radar,34,62,27,6,129,0,8,16,0,24,34,70,43,6,153,0,0,0,153
08/15/2020,FSD,SD,AGL,CE,Combined TRACON& Tower with Radar,30,21,23,11,85,0,3,21,3,27,30,24,44,14,112,10,6,16,128
08/16/2020,FSD,SD,AGL,CE,Combined TRACON& Tower with Radar,29,20,24,6,79,0,0,18,1,19,29,20,42,7,98,20,0,20,118
08/17/2020,FSD,SD,AGL,CE,Combined TRACON& Tower with Radar,31,44,45,12,132,0,2,34,0,36,31,46,79,12,168,64,12,76,244
08/18/2020,FSD,SD,AGL,CE,Combined TRACON& Tower with Radar,32,50,36,19,137,0,11,27,3,41,32,61,63,22,178,2,4,6,184
08/19/2020,FSD,SD,AGL,CE,Combined TRACON& Tower with Radar,28,51,37,14,130,0,12,17,0,29,28,63,54,14,159,44,22,66,225
08/20/2020,FSD,SD,AGL,CE,Combined TRACON& Tower with Radar,34,54,38,8,134,0,2,14,0,16,34,56,52,8,150,0,4,4,154
08/21/2020,FSD,SD,AGL,CE,Combined TRACON& Tower with Radar,32,46,39,0,117,0,4,24,0,28,32,50,63,0,145,8,0,8,153
08/22/2020,FSD,SD,AGL,CE,Combined TRACON& Tower with Radar,26,35,30,0,91,0,4,49,0,53,26,39,79,0,144,0,0,0,144
08/23/2020,FSD,SD,AGL,CE,Combined TRACON& Tower with Radar,23,29,17,0,69,0,4,21,3,28,23,33,38,3,97,14,0,14,111
08/24/2020,FSD,SD,AGL,CE,Combined TRACON& Tower with Radar,29,42,28,0,99,0,6,13,0,19,29,48,41,0,118,2,0,2,120
08/25/2020,FSD,SD,AGL,CE,Combined TRACON& Tower with Radar,30,59,49,23,161,0,6,30,0,36,30,65,79,23,197,4,26,30,227
08/26/2020,FSD,SD,AGL,CE,Combined TRACON& Tower with Radar,29,45,52,16,142,0,6,12,4,22,29,51,64,20,164,14,8,22,186
08/27/2020,FSD,SD,AGL,CE,Combined TRACON& Tower with Radar,39,62,56,12,169,0,7,24,0,31,39,69,80,12,200,10,4,14,214
08/28/2020,FSD,SD,AGL,CE,Combined TRACON& Tower with Radar,32,49,34,22,137,0,5,22,2,29,32,54,56,24,166,14,28,42,208
08/29/2020,FSD,SD,AGL,CE,Combined TRACON& Tower with Radar,26,23,19,8,76,0,5,42,0,47,26,28,61,8,123,20,2,22,145
08/30/2020,FSD,SD,AGL,CE,Combined TRACON& Tower with Radar,24,12,12,0,48,0,0,4,0,4,24,12,16,0,52,0,0,0,52
08/31/2020,FSD,SD,AGL,CE,Combined TRACON& Tower with Radar,30,41,36,10,117,1,8,18,1,28,31,49,54,11,145,30,14,44,189
09/01/2020,FSD,SD,AGL,CE,Combined TRACON& Tower with Radar,29,64,40,19,152,0,1,15,3,19,29,65,55,22,171,6,24,30,201
09/02/2020,FSD,SD,AGL,CE,Combined TRACON& Tower with Radar,29,64,51,24,168,0,4,23,4,31,29,68,74,28,199,26,14,40,239
09/03/2020,FSD,SD,AGL,CE,Combined TRACON& Tower with Radar,36,59,52,17,164,0,4,9,5,18,36,63,61,22,182,4,18,22,204
09/04/2020,FSD,SD,AGL,CE,Combined TRACON& Tower with Radar,34,55,33,1,123,0,2,27,0,29,34,57,60,1,152,50,0,50,202
09/05/2020,FSD,SD,AGL,CE,Combined TRACON& Tower with Radar,25,29,18,0,72,0,4,24,0,28,25,33,42,0,100,8,0,8,108
09/06/2020,FSD,SD,AGL,CE,Combined TRACON& Tower with Radar,23,21,13,2,59,0,0,13,0,13,23,21,26,2,72,12,0,12,84
09/07/2020,FSD,SD,AGL,CE,Combined TRACON& Tower with Radar,26,25,23,0,74,0,2,5,0,7,26,27,28,0,81,8,0,8,89
09/08/2020,FSD,SD,AGL,CE,Combined TRACON& Tower with Radar,27,54,39,9,129,0,5,6,0,11,27,59,45,9,140,26,0,26,166
09/09/2020,FSD,SD,AGL,CE,Combined TRACON& Tower with Radar,30,63,50,13,156,0,9,19,0,28,30,72,69,13,184,8,10,18,202
09/10/2020,FSD,SD,AGL,CE,Combined TRACON& Tower with Radar,37,68,73,23,201,0,8,25,2,35,37,76,98,25,236,100,32,132,368
09/11/2020,FSD,SD,AGL,CE,Combined TRACON& Tower with Radar,32,65,33,18,148,0,0,0,0,0,32,65,33,18,148,0,0,0,148
09/12/2020,FSD,SD,AGL,CE,Combined TRACON& Tower with Radar,28,42,32,15,117,0,1,4,2,7,28,43,36,17,124,18,0,18,142
09/13/2020,FSD,SD,AGL,CE,Combined TRACON& Tower with Radar,29,28,36,10,103,0,3,45,2,50,29,31,81,12,153,50,16,66,219
09/14/2020,FSD,SD,AGL,CE,Combined TRACON& Tower with Radar,31,57,40,9,137,0,3,31,1,35,31,60,71,10,172,26,12,38,210
09/15/2020,FSD,SD,AGL,CE,Combined TRACON& Tower with Radar,32,77,50,15,174,0,7,25,5,37,32,84,75,20,211,0,0,0,211
09/16/2020,FSD,SD,AGL,CE,Combined TRACON& Tower with Radar,32,65,61,12,170,0,2,37,2,41,32,67,98,14,211,6,2,8,219
09/17/2020,FSD,SD,AGL,CE,Combined TRACON& Tower with Radar,36,65,43,10,154,0,5,25,1,31,36,70,68,11,185,4,0,4,189
09/18/2020,FSD,SD,AGL,CE,Combined TRACON& Tower with Radar,32,54,33,0,119,0,6,27,2,35,32,60,60,2,154,28,0,28,182
09/19/2020,FSD,SD,AGL,CE,Combined TRACON& Tower with Radar,26,39,27,0,92,0,1,34,0,35,26,40,61,0,127,4,0,4,131
09/20/2020,FSD,SD,AGL,CE,Combined TRACON& Tower with Radar,27,31,20,0,78,0,2,5,1,8,27,33,25,1,86,0,0,0,86
09/21/2020,FSD,SD,AGL,CE,Combined TRACON& Tower with Radar,29,50,45,7,131,0,2,39,1,42,29,52,84,8,173,30,0,30,203
09/22/2020,FSD,SD,AGL,CE,Combined TRACON& Tower with Radar,32,64,59,25,180,0,2,42,3,47,32,66,101,28,227,32,18,50,277
09/23/2020,FSD,SD,AGL,CE,Combined TRACON& Tower with Radar,32,57,58,29,176,0,4,31,0,35,32,61,89,29,211,36,28,64,275
09/24/2020,FSD,SD,AGL,CE,Combined TRACON& Tower with Radar,38,61,51,26,176,0,5,24,2,31,38,66,75,28,207,0,20,20,227
09/25/2020,FSD,SD,AGL,CE,Combined TRACON& Tower with Radar,32,57,39,9,137,0,2,29,0,31,32,59,68,9,168,8,0,8,176
09/26/2020,FSD,SD,AGL,CE,Combined TRACON& Tower with Radar,26,32,19,26,103,0,3,21,0,24,26,35,40,26,127,14,16,30,157
09/27/2020,FSD,SD,AGL,CE,Combined TRACON& Tower with Radar,27,27,24,1,79,0,1,9,0,10,27,28,33,1,89,0,6,6,95
09/28/2020,FSD,SD,AGL,CE,Combined TRACON& Tower with Radar,29,47,37,2,115,0,7,21,0,28,29,54,58,2,143,4,0,4,147
09/29/2020,FSD,SD,AGL,CE,Combined TRACON& Tower with Radar,34,64,56,17,171,0,2,25,3,30,34,66,81,20,201,10,12,22,223
09/30/2020,FSD,SD,AGL,CE,Combined TRACON& Tower with Radar,31,61,41,12,145,0,5,13,0,18,31,66,54,12,163,0,16,16,179
10/01/2020,FSD,SD,AGL,CE,Combined TRACON& Tower with Radar,44,61,39,16,160,0,4,15,0,19,44,65,54,16,179,34,20,54,233
10/02/2020,FSD,SD,AGL,CE,Combined TRACON& Tower with Radar,36,52,25,6,119,0,7,30,0,37,36,59,55,6,156,18,0,18,174
10/03/2020,FSD,SD,AGL,CE,Combined TRACON& Tower with Radar,26,40,30,12,108,0,2,23,1,26,26,42,53,13,134,12,2,14,148
10/04/2020,FSD,SD,AGL,CE,Combined TRACON& Tower with Radar,31,30,22,9,92,0,1,35,0,36,31,31,57,9,128,30,4,34,162
10/05/2020,FSD,SD,AGL,CE,Combined TRACON& Tower with Radar,33,47,31,20,131,0,2,23,1,26,33,49,54,21,157,0,20,20,177
10/06/2020,FSD,SD,AGL,CE,Combined TRACON& Tower with Radar,37,63,41,17,158,0,3,25,0,28,37,66,66,17,186,48,2,50,236
10/07/2020,FSD,SD,AGL,CE,Combined TRACON& Tower with Radar,38,59,60,11,168,0,5,28,2,35,38,64,88,13,203,20,0,20,223
10/08/2020,FSD,SD,AGL,CE,Combined TRACON& Tower with Radar,40,50,33,16,139,0,5,19,1,25,40,55,52,17,164,4,10,14,178
10/09/2020,FSD,SD,AGL,CE,Combined TRACON& Tower with Radar,40,57,35,0,132,0,7,46,0,53,40,64,81,0,185,32,0,32,217
10/10/2020,FSD,SD,AGL,CE,Combined TRACON& Tower with Radar,30,18,25,0,73,0,5,30,0,35,30,23,55,0,108,32,0,32,140
10/11/2020,FSD,SD,AGL,CE,Combined TRACON& Tower with Radar,33,11,12,0,56,0,3,8,0,11,33,14,20,0,67,0,0,0,67
10/12/2020,FSD,SD,AGL,CE,Combined TRACON& Tower with Radar,38,32,25,1,96,0,5,28,1,34,38,37,53,2,130,0,0,0,130
10/13/2020,FSD,SD,AGL,CE,Combined TRACON& Tower with Radar,37,75,44,23,179,0,4,25,4,33,37,79,69,27,212,0,0,0,212
10/14/2020,FSD,SD,AGL,CE,Combined TRACON& Tower with Radar,36,54,38,20,148,0,4,7,0,11,36,58,45,20,159,0,0,0,159
10/15/2020,FSD,SD,AGL,CE,Combined TRACON& Tower with Radar,42,59,37,15,153,0,5,23,1,29,42,64,60,16,182,0,0,0,182
10/16/2020,FSD,SD,AGL,CE,Combined TRACON& Tower with Radar,44,65,32,0,141,0,8,26,0,34,44,73,58,0,175,0,0,0,175
10/17/2020,FSD,SD,AGL,CE,Combined TRACON& Tower with Radar,32,34,28,0,94,0,4,18,0,22,32,38,46,0,116,0,0,0,116
10/18/2020,FSD,SD,AGL,CE,Combined TRACON& Tower with Radar,34,28,32,0,94,0,1,12,1,14,34,29,44,1,108,0,0,0,108
10/19/2020,FSD,SD,AGL,CE,Combined TRACON& Tower with Radar,35,42,37,4,118,0,0,2,0,2,35,42,39,4,120,0,0,0,120
10/20/2020,FSD,SD,AGL,CE,Combined TRACON& Tower with Radar,38,66,43,20,167,0,0,0,0,0,38,66,43,20,167,0,0,0,167
10/21/2020,FSD,SD,AGL,CE,Combined TRACON& Tower with Radar,39,57,42,14,152,0,0,6,0,6,39,57,48,14,158,0,0,0,158
10/22/2020,FSD,SD,AGL,CE,Combined TRACON& Tower with Radar,43,62,32,8,145,0,0,0,0,0,43,62,32,8,145,0,0,0,145
10/23/2020,FSD,SD,AGL,CE,Combined TRACON& Tower with Radar,40,63,56,2,161,0,1,9,1,11,40,64,65,3,172,0,0,0,172
10/24/2020,FSD,SD,AGL,CE,Combined TRACON& Tower with Radar,30,45,28,9,112,0,1,13,1,15,30,46,41,10,127,0,0,0,127
10/25/2020,FSD,SD,AGL,CE,Combined TRACON& Tower with Radar,32,40,22,0,94,0,0,0,0,0,32,40,22,0,94,0,0,0,94
10/26/2020,FSD,SD,AGL,CE,Combined TRACON& Tower with Radar,34,42,33,9,118,0,8,27,0,35,34,50,60,9,153,0,0,0,153
10/27/2020,FSD,SD,AGL,CE,Combined TRACON& Tower with Radar,35,68,62,8,173,0,11,21,3,35,35,79,83,11,208,0,0,0,208
10/28/2020,FSD,SD,AGL,CE,Combined TRACON& Tower with Radar,32,45,52,12,141,0,5,45,6,56,32,50,97,18,197,0,0,0,197
10/29/2020,FSD,SD,AGL,CE,Combined TRACON& Tower with Radar,39,53,60,11,163,0,5,32,0,37,39,58,92,11,200,0,0,0,200
10/30/2020,FSD,SD,AGL,CE,Combined TRACON& Tower with Radar,40,50,25,0,115,0,8,31,0,39,40,58,56,0,154,0,0,0,154
10/31/2020,FSD,SD,AGL,CE,Combined TRACON& Tower with Radar,24,27,21,0,72,0,4,10,0,14,24,31,31,0,86,0,0,0,86
11/01/2020,FSD,SD,AGL,CE,Combined TRACON& Tower with Radar,31,25,28,0,84,0,1,25,0,26,31,26,53,0,110,36,0,36,146
11/02/2020,FSD,SD,AGL,CE,Combined TRACON& Tower with Radar,34,51,32,0,117,0,6,21,1,28,34,57,53,1,145,36,0,36,181
11/03/2020,FSD,SD,AGL,CE,Combined TRACON& Tower with Radar,32,47,31,11,121,0,5,42,0,47,32,52,73,11,168,40,6,46,214
11/04/2020,FSD,SD,AGL,CE,Combined TRACON& Tower with Radar,32,56,41,21,150,0,9,43,0,52,32,65,84,21,202,58,16,74,276
11/05/2020,FSD,SD,AGL,CE,Combined TRACON& Tower with Radar,44,55,35,10,144,0,7,37,0,44,44,62,72,10,188,22,4,26,214
11/06/2020,FSD,SD,AGL,CE,Combined TRACON& Tower with Radar,45,46,39,13,143,0,6,6,0,12,45,52,45,13,155,0,18,18,173
11/07/2020,FSD,SD,AGL,CE,Combined TRACON& Tower with Radar,37,29,17,12,95,0,2,7,1,10,37,31,24,13,105,0,0,0,105
11/08/2020,FSD,SD,AGL,CE,Combined TRACON& Tower with Radar,37,31,13,7,88,0,1,2,0,3,37,32,15,7,91,0,0,0,91
11/09/2020,FSD,SD,AGL,CE,Combined TRACON& Tower with Radar,39,45,21,0,105,0,1,1,0,2,39,46,22,0,107,0,0,0,107
11/10/2020,FSD,SD,AGL,CE,Combined TRACON& Tower with Radar,33,54,24,0,111,0,0,0,1,1,33,54,24,1,112,0,0,0,112
11/11/2020,FSD,SD,AGL,CE,Combined TRACON& Tower with Radar,38,65,45,0,148,0,8,18,0,26,38,73,63,0,174,26,0,26,200
11/12/2020,FSD,SD,AGL,CE,Combined TRACON& Tower with Radar,46,56,50,20,172,0,9,18,2,29,46,65,68,22,201,0,8,8,209
11/13/2020,FSD,SD,AGL,CE,Combined TRACON& Tower with Radar,44,53,24,0,121,0,9,22,0,31,44,62,46,0,152,12,0,12,164
11/14/2020,FSD,SD,AGL,CE,Combined TRACON& Tower with Radar,36,25,19,0,80,0,9,20,2,31,36,34,39,2,111,16,0,16,127
11/15/2020,FSD,SD,AGL,CE,Combined TRACON& Tower with Radar,36,17,20,0,73,0,4,2,1,7,36,21,22,1,80,0,0,0,80
11/16/2020,FSD,SD,AGL,CE,Combined TRACON& Tower with Radar,43,47,37,10,137,0,11,19,2,32,43,58,56,12,169,0,0,0,169
11/17/2020,FSD,SD,AGL,CE,Combined TRACON& Tower with Radar,39,58,51,16,164,0,8,24,0,32,39,66,75,16,196,10,0,10,206
11/18/2020,FSD,SD,AGL,CE,Combined TRACON& Tower with Radar,40,64,49,15,168,0,8,26,0,34,40,72,75,15,202,38,4,42,244
11/19/2020,FSD,SD,AGL,CE,Combined TRACON& Tower with Radar,46,52,46,16,160,0,9,34,0,43,46,61,80,16,203,62,2,64,267
11/20/2020,FSD,SD,AGL,CE,Combined TRACON& Tower with Radar,48,62,37,0,147,0,4,36,2,42,48,66,73,2,189,22,0,22,211
11/21/2020,FSD,SD,AGL,CE,Combined TRACON& Tower with Radar,36,30,15,8,89,0,4,20,1,25,36,34,35,9,114,20,10,30,144
11/22/2020,FSD,SD,AGL,CE,Combined TRACON& Tower with Radar,44,26,27,0,97,0,5,11,0,16,44,31,38,0,113,8,0,8,121
11/23/2020,FSD,SD,AGL,CE,Combined TRACON& Tower with Radar,49,42,28,20,139,0,3,4,0,7,49,45,32,20,146,0,0,0,146
11/24/2020,FSD,SD,AGL,CE,Combined TRACON& Tower with Radar,46,73,28,10,157,0,0,2,0,2,46,73,30,10,159,0,0,0,159
11/25/2020,FSD,SD,AGL,CE,Combined TRACON& Tower with Radar,45,73,29,16,163,0,0,0,0,0,45,73,29,16,163,0,0,0,163
11/26/2020,FSD,SD,AGL,CE,Combined TRACON& Tower with Radar,18,26,12,0,56,0,4,4,0,8,18,30,16,0,64,8,0,8,72
11/27/2020,FSD,SD,AGL,CE,Combined TRACON& Tower with Radar,42,49,30,0,121,0,15,47,0,62,42,64,77,0,183,26,0,26,209
11/28/2020,FSD,SD,AGL,CE,Combined TRACON& Tower with Radar,46,29,15,0,90,0,4,33,0,37,46,33,48,0,127,20,0,20,147
11/29/2020,FSD,SD,AGL,CE,Combined TRACON& Tower with Radar,41,34,27,0,102,0,0,4,1,5,41,34,31,1,107,0,0,0,107
11/30/2020,FSD,SD,AGL,CE,Combined TRACON& Tower with Radar,45,42,39,0,126,0,6,34,1,41,45,48,73,1,167,40,0,40,207
12/01/2020,FSD,SD,AGL,CE,Combined TRACON& Tower with Radar,44,54,30,12,140,0,9,23,2,34,44,63,53,14,174,10,6,16,190
12/02/2020,FSD,SD,AGL,CE,Combined TRACON& Tower with Radar,41,71,44,13,169,0,1,20,0,21,41,72,64,13,190,24,24,48,238
12/03/2020,FSD,SD,AGL,CE,Combined TRACON& Tower with Radar,49,56,44,17,166,0,3,27,0,30,49,59,71,17,196,20,4,24,220
12/04/2020,FSD,SD,AGL,CE,Combined TRACON& Tower with Radar,44,48,33,11,136,0,12,26,1,39,44,60,59,12,175,42,0,42,217
12/05/2020,FSD,SD,AGL,CE,Combined TRACON& Tower with Radar,29,27,23,9,88,0,8,52,0,60,29,35,75,9,148,30,10,40,188
12/06/2020,FSD,SD,AGL,CE,Combined TRACON& Tower with Radar,43,24,19,0,86,0,6,28,3,37,43,30,47,3,123,40,0,40,163
12/07/2020,FSD,SD,AGL,CE,Combined TRACON& Tower with Radar,45,46,30,8,129,0,8,15,0,23,45,54,45,8,152,10,0,10,162
12/08/2020,FSD,SD,AGL,CE,Combined TRACON& Tower with Radar,37,78,36,9,160,0,12,30,0,42,37,90,66,9,202,4,12,16,218
12/09/2020,FSD,SD,AGL,CE,Combined TRACON& Tower with Radar,39,75,59,18,191,0,10,53,0,63,39,85,112,18,254,50,4,54,308
12/10/2020,FSD,SD,AGL,CE,Combined TRACON& Tower with Radar,51,57,44,13,165,0,0,22,0,22,51,57,66,13,187,4,2,6,193
12/11/2020,FSD,SD,AGL,CE,Combined TRACON& Tower with Radar,44,65,32,6,147,0,0,7,0,7,44,65,39,6,154,0,10,10,164
12/12/2020,FSD,SD,AGL,CE,Combined TRACON& Tower with Radar,30,34,17,0,81,0,1,0,0,1,30,35,17,0,82,0,0,0,82
12/13/2020,FSD,SD,AGL,CE,Combined TRACON& Tower with Radar,41,26,12,0,79,0,1,9,0,10,41,27,21,0,89,28,0,28,117
12/14/2020,FSD,SD,AGL,CE,Combined TRACON& Tower with Radar,43,54,45,15,157,0,0,40,2,42,43,54,85,17,199,38,0,38,237
12/15/2020,FSD,SD,AGL,CE,Combined TRACON& Tower with Radar,44,82,40,13,179,0,0,13,0,13,44,82,53,13,192,8,0,8,200
12/16/2020,FSD,SD,AGL,CE,Combined TRACON& Tower with Radar,40,74,60,15,189,0,7,14,0,21,40,81,74,15,210,24,0,24,234
12/17/2020,FSD,SD,AGL,CE,Combined TRACON& Tower with Radar,47,70,47,16,180,0,2,24,0,26,47,72,71,16,206,30,0,30,236
12/18/2020,FSD,SD,AGL,CE,Combined TRACON& Tower with Radar,48,76,43,18,185,0,1,27,0,28,48,77,70,18,213,2,14,16,229
12/19/2020,FSD,SD,AGL,CE,Combined TRACON& Tower with Radar,35,23,46,0,104,0,7,41,0,48,35,30,87,0,152,50,0,50,202
12/20/2020,FSD,SD,AGL,CE,Combined TRACON& Tower with Radar,41,24,30,0,95,0,5,32,0,37,41,29,62,0,132,44,0,44,176
12/21/2020,FSD,SD,AGL,CE,Combined TRACON& Tower with Radar,44,46,35,13,138,0,1,7,1,9,44,47,42,14,147,0,0,0,147
12/22/2020,FSD,SD,AGL,CE,Combined TRACON& Tower with Radar,49,60,31,4,144,0,3,32,0,35,49,63,63,4,179,10,0,10,189
12/23/2020,FSD,SD,AGL,CE,Combined TRACON& Tower with Radar,20,24,7,0,51,0,0,0,0,0,20,24,7,0,51,0,0,0,51
12/24/2020,FSD,SD,AGL,CE,Combined TRACON& Tower with Radar,55,50,11,0,116,0,2,12,0,14,55,52,23,0,130,0,0,0,130
12/25/2020,FSD,SD,AGL,CE,Combined TRACON& Tower with Radar,22,15,4,0,41,0,7,7,1,15,22,22,11,1,56,0,0,0,56
12/26/2020,FSD,SD,AGL,CE,Combined TRACON& Tower with Radar,35,35,34,0,104,0,1,33,0,34,35,36,67,0,138,32,0,32,170
12/27/2020,FSD,SD,AGL,CE,Combined TRACON& Tower with Radar,42,26,8,0,76,0,0,2,0,2,42,26,10,0,78,0,0,0,78
12/28/2020,FSD,SD,AGL,CE,Combined TRACON& Tower with Radar,35,48,24,2,109,0,1,47,1,49,35,49,71,3,158,40,0,40,198
12/29/2020,FSD,SD,AGL,CE,Combined TRACON& Tower with Radar,44,61,10,0,115,0,3,0,0,3,44,64,10,0,118,0,0,0,118
12/30/2020,FSD,SD,AGL,CE,Combined TRACON& Tower with Radar,49,62,39,5,155,0,1,6,0,7,49,63,45,5,162,6,0,6,168
12/31/2020,FSD,SD,AGL,CE,Combined TRACON& Tower with Radar,42,45,18,0,105,0,2,42,0,44,42,47,60,0,149,15,0,15,164
01/01/2021,FSD,SD,AGL,CE,Combined TRACON& Tower with Radar,24,23,10,0,57,0,7,6,0,13,24,30,16,0,70,20,0,20,90
01/02/2021,FSD,SD,AGL,CE,Combined TRACON& Tower with Radar,36,46,28,0,110,0,1,10,0,11,36,47,38,0,121,44,0,44,165
01/03/2021,FSD,SD,AGL,CE,Combined TRACON& Tower with Radar,32,19,22,0,73,1,2,7,0,10,33,21,29,0,83,18,0,18,101
01/04/2021,FSD,SD,AGL,CE,Combined TRACON& Tower with Radar,36,52,43,0,131,0,3,20,0,23,36,55,63,0,154,28,0,28,182
01/05/2021,FSD,SD,AGL,CE,Combined TRACON& Tower with Radar,37,67,41,4,149,0,4,14,0,18,37,71,55,4,167,0,2,2,169
01/06/2021,FSD,SD,AGL,CE,Combined TRACON& Tower with Radar,36,60,17,0,113,0,0,0,0,0,36,60,17,0,113,0,0,0,113
01/07/2021,FSD,SD,AGL,CE,Combined TRACON& Tower with Radar,41,53,36,5,135,0,0,0,0,0,41,53,36,5,135,0,0,0,135
01/08/2021,FSD,SD,AGL,CE,Combined TRACON& Tower with Radar,44,64,29,6,143,0,0,0,0,0,44,64,29,6,143,0,0,0,143
01/09/2021,FSD,SD,AGL,CE,Combined TRACON& Tower with Radar,30,42,20,3,95,0,1,0,0,1,30,43,20,3,96,0,6,6,102
01/10/2021,FSD,SD,AGL,CE,Combined TRACON& Tower with Radar,33,25,33,5,96,0,1,4,0,5,33,26,37,5,101,2,0,2,103
01/11/2021,FSD,SD,AGL,CE,Combined TRACON& Tower with Radar,41,59,34,2,136,0,6,31,0,37,41,65,65,2,173,48,0,48,221
01/12/2021,FSD,SD,AGL,CE,Combined TRACON& Tower with Radar,36,63,37,5,141,0,0,36,0,36,36,63,73,5,177,38,0,38,215
01/13/2021,FSD,SD,AGL,CE,Combined TRACON& Tower with Radar,36,64,58,4,162,0,0,45,0,45,36,64,103,4,207,56,0,56,263
01/14/2021,FSD,SD,AGL,CE,Combined TRACON& Tower with Radar,20,45,21,0,86,0,0,0,0,0,20,45,21,0,86,0,0,0,86
01/15/2021,FSD,SD,AGL,CE,Combined TRACON& Tower with Radar,46,49,12,0,107,0,0,2,0,2,46,49,14,0,109,2,0,2,111
01/16/2021,FSD,SD,AGL,CE,Combined TRACON& Tower with Radar,30,31,23,0,84,0,0,1,0,1,30,31,24,0,85,0,0,0,85
01/17/2021,FSD,SD,AGL,CE,Combined TRACON& Tower with Radar,29,30,23,0,82,0,0,12,0,12,29,30,35,0,94,12,0,12,106
01/18/2021,FSD,SD,AGL,CE,Combined TRACON& Tower with Radar,42,44,28,0,114,0,0,1,0,1,42,44,29,0,115,6,0,6,121
01/19/2021,FSD,SD,AGL,CE,Combined TRACON& Tower with Radar,37,53,29,5,124,0,1,16,0,17,37,54,45,5,141,58,2,60,201
01/20/2021,FSD,SD,AGL,CE,Combined TRACON& Tower with Radar,36,61,44,14,155,0,8,27,2,37,36,69,71,16,192,10,16,26,218
01/21/2021,FSD,SD,AGL,CE,Combined TRACON& Tower with Radar,38,54,36,14,142,0,2,26,4,32,38,56,62,18,174,6,0,6,180
01/22/2021,FSD,SD,AGL,CE,Combined TRACON& Tower with Radar,44,40,41,10,135,0,5,25,0,30,44,45,66,10,165,52,2,54,219
01/23/2021,FSD,SD,AGL,CE,Combined TRACON& Tower with Radar,30,28,9,0,67,0,0,0,0,0,30,28,9,0,67,0,0,0,67
01/24/2021,FSD,SD,AGL,CE,Combined TRACON& Tower with Radar,31,34,26,0,91,0,0,20,0,20,31,34,46,0,111,10,0,10,121
01/25/2021,FSD,SD,AGL,CE,Combined TRACON& Tower with Radar,41,47,25,5,118,0,1,10,0,11,41,48,35,5,129,10,4,14,143
01/26/2021,FSD,SD,AGL,CE,Combined TRACON& Tower with Radar,36,59,45,6,146,0,3,21,1,25,36,62,66,7,171,8,2,10,181
01/27/2021,FSD,SD,AGL,CE,Combined TRACON& Tower with Radar,35,63,39,5,142,0,5,25,0,30,35,68,64,5,172,54,0,54,226
01/28/2021,FSD,SD,AGL,CE,Combined TRACON& Tower with Radar,43,55,40,6,144,0,0,0,0,0,43,55,40,6,144,0,0,0,144
01/29/2021,FSD,SD,AGL,CE,Combined TRACON& Tower with Radar,44,52,20,0,116,0,0,2,0,2,44,52,22,0,118,0,0,0,118
01/30/2021,FSD,SD,AGL,CE,Combined TRACON& Tower with Radar,26,27,10,0,63,0,0,0,0,0,26,27,10,0,63,0,0,0,63
01/31/2021,FSD,SD,AGL,CE,Combined TRACON& Tower with Radar,30,34,23,0,87,0,0,1,0,1,30,34,24,0,88,0,0,0,88
02/01/2021,FSD,SD,AGL,CE,Combined TRACON& Tower with Radar,42,51,29,0,122,0,0,0,0,0,42,51,29,0,122,0,0,0,122
02/02/2021,FSD,SD,AGL,CE,Combined TRACON& Tower with Radar,36,65,22,4,127,0,0,0,0,0,36,65,22,4,127,0,0,0,127
02/03/2021,FSD,SD,AGL,CE,Combined TRACON& Tower with Radar,36,57,35,5,133,0,0,10,0,10,36,57,45,5,143,26,4,30,173
02/04/2021,FSD,SD,AGL,CE,Combined TRACON& Tower with Radar,39,54,43,15,151,0,0,6,5,11,39,54,49,20,162,2,18,20,182
02/05/2021,FSD,SD,AGL,CE,Combined TRACON& Tower with Radar,41,56,31,15,143,0,1,32,2,35,41,57,63,17,178,28,32,60,238
02/06/2021,FSD,SD,AGL,CE,Combined TRACON& Tower with Radar,31,35,16,4,86,0,5,15,0,20,31,40,31,4,106,30,2,32,138
02/07/2021,FSD,SD,AGL,CE,Combined TRACON& Tower with Radar,29,17,9,4,59,0,1,6,1,8,29,18,15,5,67,8,0,8,75
02/08/2021,FSD,SD,AGL,CE,Combined TRACON& Tower with Radar,41,44,32,2,119,0,7,19,2,28,41,51,51,4,147,20,0,20,167
02/09/2021,FSD,SD,AGL,CE,Combined TRACON& Tower with Radar,36,55,41,7,139,0,3,20,0,23,36,58,61,7,162,42,2,44,206
02/10/2021,FSD,SD,AGL,CE,Combined TRACON& Tower with Radar,41,54,49,8,152,0,5,36,0,41,41,59,85,8,193,58,4,62,255
02/11/2021,FSD,SD,AGL,CE,Combined TRACON& Tower with Radar,41,66,32,8,147,0,0,3,0,3,41,66,35,8,150,0,6,6,156
02/12/2021,FSD,SD,AGL,CE,Combined TRACON& Tower with Radar,49,54,26,7,136,0,6,11,8,25,49,60,37,15,161,0,12,12,173
02/13/2021,FSD,SD,AGL,CE,Combined TRACON& Tower with Radar,39,35,9,2,85,0,0,7,0,7,39,35,16,2,92,0,0,0,92
02/14/2021,FSD,SD,AGL,CE,Combined TRACON& Tower with Radar,31,13,16,0,60,0,1,3,0,4,31,14,19,0,64,0,0,0,64
02/15/2021,FSD,SD,AGL,CE,Combined TRACON& Tower with Radar,38,39,29,0,106,0,1,14,0,15,38,40,43,0,121,16,0,16,137
02/16/2021,FSD,SD,AGL,CE,Combined TRACON& Tower with Radar,33,59,39,10,141,0,2,6,0,8,33,61,45,10,149,4,12,16,165
02/17/2021,FSD,SD,AGL,CE,Combined TRACON& Tower with Radar,38,66,39,4,147,0,0,3,1,4,38,66,42,5,151,0,0,0,151
02/18/2021,FSD,SD,AGL,CE,Combined TRACON& Tower with Radar,46,62,45,17,170,0,2,17,0,19,46,64,62,17,189,18,18,36,225
02/19/2021,FSD,SD,AGL,CE,Combined TRACON& Tower with Radar,46,47,45,5,143,0,5,52,0,57,46,52,97,5,200,90,2,92,292
02/20/2021,FSD,SD,AGL,CE,Combined TRACON& Tower with Radar,38,45,30,0,113,0,2,19,0,21,38,47,49,0,134,6,0,6,140
02/21/2021,FSD,SD,AGL,CE,Combined TRACON& Tower with Radar,32,24,9,0,65,0,0,2,0,2,32,24,11,0,67,0,0,0,67
02/22/2021,FSD,SD,AGL,CE,Combined TRACON& Tower with Radar,51,42,19,6,118,0,10,16,0,26,51,52,35,6,144,8,8,16,160
02/23/2021,FSD,SD,AGL,CE,Combined TRACON& Tower with Radar,42,55,54,0,151,0,0,43,0,43,42,55,97,0,194,52,0,52,246
02/24/2021,FSD,SD,AGL,CE,Combined TRACON& Tower with Radar,47,59,42,13,161,0,4,25,0,29,47,63,67,13,190,24,6,30,220
02/25/2021,FSD,SD,AGL,CE,Combined TRACON& Tower with Radar,49,63,56,9,177,0,3,33,0,36,49,66,89,9,213,30,12,42,255
02/26/2021,FSD,SD,AGL,CE,Combined TRACON& Tower with Radar,53,40,49,1,143,0,0,20,0,20,53,40,69,1,163,28,0,28,191
02/27/2021,FSD,SD,AGL,CE,Combined TRACON& Tower with Radar,38,29,19,12,98,0,0,33,1,34,38,29,52,13,132,16,6,22,154
02/28/2021,FSD,SD,AGL,CE,Combined TRACON& Tower with Radar,37,27,26,0,90,0,0,14,0,14,37,27,40,0,104,42,0,42,146
03/01/2021,FSD,SD,AGL,CE,Combined TRACON& Tower with Radar,46,45,40,2,133,0,0,34,0,34,46,45,74,2,167,84,0,84,251
03/02/2021,FSD,SD,AGL,CE,Combined TRACON& Tower with Radar,41,58,32,16,147,0,4,27,0,31,41,62,59,16,178,28,4,32,210
03/03/2021,FSD,SD,AGL,CE,Combined TRACON& Tower with Radar,52,48,44,4,148,0,4,62,0,66,52,52,106,4,214,96,4,100,314
03/04/2021,FSD,SD,AGL,CE,Combined TRACON& Tower with Radar,59,51,44,10,164,0,2,36,0,38,59,53,80,10,202,38,6,44,246
03/05/2021,FSD,SD,AGL,CE,Combined TRACON& Tower with Radar,54,47,46,2,149,0,0,35,0,35,54,47,81,2,184,44,4,48,232
03/06/2021,FSD,SD,AGL,CE,Combined TRACON& Tower with Radar,46,27,31,8,112,0,3,34,6,43,46,30,65,14,155,12,4,16,171
03/07/2021,FSD,SD,AGL,CE,Combined TRACON& Tower with Radar,45,19,25,2,91,0,3,20,0,23,45,22,45,2,114,10,0,10,124
03/08/2021,FSD,SD,AGL,CE,Combined TRACON& Tower with Radar,55,42,46,0,143,0,2,20,0,22,55,44,66,0,165,4,0,4,169
03/09/2021,FSD,SD,AGL,CE,Combined TRACON& Tower with Radar,44,65,42,20,171,0,4,22,2,28,44,69,64,22,199,26,32,58,257
03/10/2021,FSD,SD,AGL,CE,Combined TRACON& Tower with Radar,52,56,34,10,152,0,0,0,0,0,52,56,34,10,152,0,0,0,152
03/11/2021,FSD,SD,AGL,CE,Combined TRACON& Tower with Radar,55,57,46,15,173,0,4,27,0,31,55,61,73,15,204,34,10,44,248
03/12/2021,FSD,SD,AGL,CE,Combined TRACON& Tower with Radar,55,52,28,14,149,0,7,34,0,41,55,59,62,14,190,68,6,74,264
03/13/2021,FSD,SD,AGL,CE,Combined TRACON& Tower with Radar,46,27,26,1,100,0,0,51,0,51,46,27,77,1,151,28,0,28,179
03/14/2021,FSD,SD,AGL,CE,Combined TRACON& Tower with Radar,43,20,15,0,78,0,1,0,0,1,43,21,15,0,79,0,0,0,79
03/15/2021,FSD,SD,AGL,CE,Combined TRACON& Tower with Radar,44,34,16,0,94,0,0,0,0,0,44,34,16,0,94,0,0,0,94
03/16/2021,FSD,SD,AGL,CE,Combined TRACON& Tower with Radar,48,68,32,3,151,0,0,0,0,0,48,68,32,3,151,0,0,0,151
03/17/2021,FSD,SD,AGL,CE,Combined TRACON& Tower with Radar,53,55,58,5,171,0,0,0,0,0,53,55,58,5,171,0,0,0,171
03/18/2021,FSD,SD,AGL,CE,Combined TRACON& Tower with Radar,54,71,40,11,176,0,6,30,0,36,54,77,70,11,212,32,16,48,260
03/19/2021,FSD,SD,AGL,CE,Combined TRACON& Tower with Radar,58,56,45,18,177,0,1,42,0,43,58,57,87,18,220,36,34,70,290
03/20/2021,FSD,SD,AGL,CE,Combined TRACON& Tower with Radar,48,17,15,0,80,0,6,5,1,12,48,23,20,1,92,0,0,0,92
03/21/2021,FSD,SD,AGL,CE,Combined TRACON& Tower with Radar,46,15,21,0,82,0,2,5,1,8,46,17,26,1,90,20,0,20,110
03/22/2021,FSD,SD,AGL,CE,Combined TRACON& Tower with Radar,52,55,40,6,153,0,13,18,1,32,52,68,58,7,185,10,6,16,201
03/23/2021,FSD,SD,AGL,CE,Combined TRACON& Tower with Radar,47,70,29,5,151,0,0,0,0,0,47,70,29,5,151,0,0,0,151
03/24/2021,FSD,SD,AGL,CE,Combined TRACON& Tower with Radar,51,73,50,14,188,0,3,10,0,13,51,76,60,14,201,12,0,12,213
03/25/2021,FSD,SD,AGL,CE,Combined TRACON& Tower with Radar,53,60,54,21,188,0,6,46,8,60,53,66,100,29,248,38,4,42,290
03/26/2021,FSD,SD,AGL,CE,Combined TRACON& Tower with Radar,52,47,30,5,134,0,4,33,0,37,52,51,63,5,171,30,0,30,201
03/27/2021,FSD,SD,AGL,CE,Combined TRACON& Tower with Radar,44,28,12,0,84,0,3,9,0,12,44,31,21,0,96,6,0,6,102
03/28/2021,FSD,SD,AGL,CE,Combined TRACON& Tower with Radar,44,24,23,0,91,0,4,46,0,50,44,28,69,0,141,46,0,46,187
03/29/2021,FSD,SD,AGL,CE,Combined TRACON& Tower with Radar,54,39,28,8,129,0,1,13,0,14,54,40,41,8,143,0,0,0,143
03/30/2021,FSD,SD,AGL,CE,Combined TRACON& Tower with Radar,48,44,21,4,117,0,2,5,0,7,48,46,26,4,124,2,0,2,126
03/31/2021,FSD,SD,AGL,CE,Combined TRACON& Tower with Radar,53,58,24,5,140,0,12,23,0,35,53,70,47,5,175,18,2,20,195
04/01/2021,FSD,SD,AGL,CE,Combined TRACON& Tower with Radar,56,67,37,6,166,0,5,39,0,44,56,72,76,6,210,16,20,36,246
04/02/2021,FSD,SD,AGL,CE,Combined TRACON& Tower with Radar,52,46,24,10,132,0,3,7,2,12,52,49,31,12,144,4,8,12,156
04/03/2021,FSD,SD,AGL,CE,Combined TRACON& Tower with Radar,42,29,26,0,97,0,5,48,0,53,42,34,74,0,150,40,0,40,190
04/04/2021,FSD,SD,AGL,CE,Combined TRACON& Tower with Radar,45,24,15,1,85,0,3,15,0,18,45,27,30,1,103,6,0,6,109
04/05/2021,FSD,SD,AGL,CE,Combined TRACON& Tower with Radar,47,45,36,1,129,0,11,35,2,48,47,56,71,3,177,6,0,6,183
04/06/2021,FSD,SD,AGL,CE,Combined TRACON& Tower with Radar,46,53,36,4,139,0,5,22,2,29,46,58,58,6,168,4,0,4,172
04/07/2021,FSD,SD,AGL,CE,Combined TRACON& Tower with Radar,48,61,34,13,156,0,0,0,0,0,48,61,34,13,156,0,0,0,156
04/08/2021,FSD,SD,AGL,CE,Combined TRACON& Tower with Radar,54,55,45,18,172,0,0,0,0,0,54,55,45,18,172,0,0,0,172
04/09/2021,FSD,SD,AGL,CE,Combined TRACON& Tower with Radar,48,60,40,20,168,0,0,9,0,9,48,60,49,20,177,0,0,0,177
04/10/2021,FSD,SD,AGL,CE,Combined TRACON& Tower with Radar,44,24,35,14,117,0,2,49,1,52,44,26,84,15,169,46,12,58,227
04/11/2021,FSD,SD,AGL,CE,Combined TRACON& Tower with Radar,44,21,35,6,106,0,4,44,0,48,44,25,79,6,154,18,4,22,176
04/12/2021,FSD,SD,AGL,CE,Combined TRACON& Tower with Radar,48,55,22,0,125,0,5,2,4,11,48,60,24,4,136,0,0,0,136
04/13/2021,FSD,SD,AGL,CE,Combined TRACON& Tower with Radar,40,64,55,8,167,0,0,3,0,3,40,64,58,8,170,0,0,0,170
04/14/2021,FSD,SD,AGL,CE,Combined TRACON& Tower with Radar,40,70,79,10,199,0,3,30,0,33,40,73,109,10,232,12,20,32,264
04/15/2021,FSD,SD,AGL,CE,Combined TRACON& Tower with Radar,48,66,62,8,184,0,1,22,1,24,48,67,84,9,208,2,0,2,210
04/16/2021,FSD,SD,AGL,CE,Combined TRACON& Tower with Radar,48,51,38,3,140,0,0,5,0,5,48,51,43,3,145,6,0,6,151
04/17/2021,FSD,SD,AGL,CE,Combined TRACON& Tower with Radar,38,30,40,0,108,0,3,21,1,25,38,33,61,1,133,24,0,24,157
04/18/2021,FSD,SD,AGL,CE,Combined TRACON& Tower with Radar,37,21,17,1,76,0,2,17,0,19,37,23,34,1,95,0,0,0,95
04/19/2021,FSD,SD,AGL,CE,Combined TRACON& Tower with Radar,43,45,21,8,117,0,3,15,0,18,43,48,36,8,135,16,0,16,151
04/20/2021,FSD,SD,AGL,CE,Combined TRACON& Tower with Radar,42,68,45,21,176,0,6,25,0,31,42,74,70,21,207,26,8,34,241
04/21/2021,FSD,SD,AGL,CE,Combined TRACON& Tower with Radar,40,62,47,10,159,0,0,33,1,34,40,62,80,11,193,64,0,64,257
04/22/2021,FSD,SD,AGL,CE,Combined TRACON& Tower with Radar,51,56,43,16,166,0,3,23,0,26,51,59,66,16,192,2,8,10,202
04/23/2021,FSD,SD,AGL,CE,Combined TRACON& Tower with Radar,44,59,47,6,156,0,2,17,0,19,44,61,64,6,175,26,6,32,207
04/24/2021,FSD,SD,AGL,CE,Combined TRACON& Tower with Radar,39,32,15,0,86,0,3,26,0,29,39,35,41,0,115,20,0,20,135
04/25/2021,FSD,SD,AGL,CE,Combined TRACON& Tower with Radar,43,23,22,0,88,0,0,6,2,8,43,23,28,2,96,8,0,8,104
04/26/2021,FSD,SD,AGL,CE,Combined TRACON& Tower with Radar,43,50,30,0,123,0,3,19,0,22,43,53,49,0,145,12,0,12,157
04/27/2021,FSD,SD,AGL,CE,Combined TRACON& Tower with Radar,38,56,70,13,177,0,0,4,0,4,38,56,74,13,181,16,10,26,207
04/28/2021,FSD,SD,AGL,CE,Combined TRACON& Tower with Radar,42,60,61,10,173,0,4,26,0,30,42,64,87,10,203,36,0,36,239
04/29/2021,FSD,SD,AGL,CE,Combined TRACON& Tower with Radar,48,56,43,4,151,0,2,29,0,31,48,58,72,4,182,36,0,36,218
04/30/2021,FSD,SD,AGL,CE,Combined TRACON& Tower with Radar,47,57,29,6,139,0,2,38,0,40,47,59,67,6,179,14,6,20,199
05/01/2021,FSD,SD,AGL,CE,Combined TRACON& Tower with Radar,36,39,26,7,108,0,0,23,1,24,36,39,49,8,132,10,10,20,152
05/02/2021,FSD,SD,AGL,CE,Combined TRACON& Tower with Radar,37,22,14,6,79,0,0,7,2,9,37,22,21,8,88,4,8,12,100
05/03/2021,FSD,SD,AGL,CE,Combined TRACON& Tower with Radar,42,44,40,0,126,0,0,7,1,8,42,44,47,1,134,0,0,0,134
05/04/2021,FSD,SD,AGL,CE,Combined TRACON& Tower with Radar,38,68,62,7,175,0,1,37,0,38,38,69,99,7,213,22,8,30,243
05/05/2021,FSD,SD,AGL,CE,Combined TRACON& Tower with Radar,40,65,41,10,156,0,4,5,0,9,40,69,46,10,165,2,0,2,167
05/06/2021,FSD,SD,AGL,CE,Combined TRACON& Tower with Radar,54,68,36,13,171,0,8,28,0,36,54,76,64,13,207,24,8,32,239
05/07/2021,FSD,SD,AGL,CE,Combined TRACON& Tower with Radar,54,55,44,12,165,0,2,28,8,38,54,57,72,20,203,48,8,56,259
05/08/2021,FSD,SD,AGL,CE,Combined TRACON& Tower with Radar,45,41,14,0,100,0,1,2,0,3,45,42,16,0,103,10,0,10,113
05/09/2021,FSD,SD,AGL,CE,Combined TRACON& Tower with Radar,45,19,18,0,82,0,4,6,0,10,45,23,24,0,92,28,0,28,120
05/10/2021,FSD,SD,AGL,CE,Combined TRACON& Tower with Radar,48,51,30,1,130,0,5,20,3,28,48,56,50,4,158,0,0,0,158
05/11/2021,FSD,SD,AGL,CE,Combined TRACON& Tower with Radar,48,54,47,11,160,0,3,50,4,57,48,57,97,15,217,20,20,40,257
05/12/2021,FSD,SD,AGL,CE,Combined TRACON& Tower with Radar,48,58,41,21,168,0,9,21,1,31,48,67,62,22,199,22,30,52,251
05/13/2021,FSD,SD,AGL,CE,Combined TRACON& Tower with Radar,55,59,62,19,195,0,4,17,1,22,55,63,79,20,217,10,12,22,239
05/14/2021,FSD,SD,AGL,CE,Combined TRACON& Tower with Radar,56,60,45,14,175,0,1,13,1,15,56,61,58,15,190,10,16,26,216
05/15/2021,FSD,SD,AGL,CE,Combined TRACON& Tower with Radar,43,38,34,0,115,0,1,30,0,31,43,39,64,0,146,26,0,26,172
05/16/2021,FSD,SD,AGL,CE,Combined TRACON& Tower with Radar,46,27,46,2,121,0,1,9,0,10,46,28,55,2,131,6,0,6,137
05/17/2021,FSD,SD,AGL,CE,Combined TRACON& Tower with Radar,50,41,70,10,171,0,1,11,0,12,50,42,81,10,183,16,8,24,207
05/18/2021,FSD,SD,AGL,CE,Combined TRACON& Tower with Radar,48,75,56,19,198,0,3,6,0,9,48,78,62,19,207,0,0,0,207
05/19/2021,FSD,SD,AGL,CE,Combined TRACON& Tower with Radar,53,59,57,17,186,0,1,3,1,5,53,60,60,18,191,10,10,20,211
05/20/2021,FSD,SD,AGL,CE,Combined TRACON& Tower with Radar,55,61,58,13,187,0,1,13,0,14,55,62,71,13,201,18,2,20,221
05/21/2021,FSD,SD,AGL,CE,Combined TRACON& Tower with Radar,56,48,44,1,149,0,4,12,0,16,56,52,56,1,165,16,0,16,181
05/22/2021,FSD,SD,AGL,CE,Combined TRACON& Tower with Radar,44,21,23,10,98,0,1,18,5,24,44,22,41,15,122,6,0,6,128
05/23/2021,FSD,SD,AGL,CE,Combined TRACON& Tower with Radar,45,15,35,0,95,0,1,9,0,10,45,16,44,0,105,32,0,32,137
05/24/2021,FSD,SD,AGL,CE,Combined TRACON& Tower with Radar,49,47,42,1,139,0,4,16,0,20,49,51,58,1,159,8,0,8,167
05/25/2021,FSD,SD,AGL,CE,Combined TRACON& Tower with Radar,49,65,53,17,184,0,4,21,2,27,49,69,74,19,211,32,20,52,263
05/26/2021,FSD,SD,AGL,CE,Combined TRACON& Tower with Radar,54,54,61,16,185,0,9,44,1,54,54,63,105,17,239,40,24,64,303
05/27/2021,FSD,SD,AGL,CE,Combined TRACON& Tower with Radar,58,65,46,15,184,0,0,0,0,0,58,65,46,15,184,0,0,0,184
05/28/2021,FSD,SD,AGL,CE,Combined TRACON& Tower with Radar,50,50,51,0,151,0,3,6,0,9,50,53,57,0,160,4,0,4,164
05/29/2021,FSD,SD,AGL,CE,Combined TRACON& Tower with Radar,46,37,18,0,101,0,1,5,0,6,46,38,23,0,107,0,0,0,107
05/30/2021,FSD,SD,AGL,CE,Combined TRACON& Tower with Radar,45,17,25,0,87,0,2,10,1,13,45,19,35,1,100,16,0,16,116
05/31/2021,FSD,SD,AGL,CE,Combined TRACON& Tower with Radar,44,18,16,1,79,0,2,23,5,30,44,20,39,6,109,26,12,38,147
06/01/2021,FSD,SD,AGL,CE,Combined TRACON& Tower with Radar,48,54,48,8,158,0,6,41,0,47,48,60,89,8,205,36,10,46,251
06/02/2021,FSD,SD,AGL,CE,Combined TRACON& Tower with Radar,58,59,44,18,179,0,2,17,0,19,58,61,61,18,198,58,12,70,268
06/03/2021,FSD,SD,AGL,CE,Combined TRACON& Tower with Radar,53,59,42,12,166,0,3,16,4,23,53,62,58,16,189,12,14,26,215
06/04/2021,FSD,SD,AGL,CE,Combined TRACON& Tower with Radar,46,52,31,6,135,0,1,31,0,32,46,53,62,6,167,20,6,26,193
06/05/2021,FSD,SD,AGL,CE,Combined TRACON& Tower with Radar,45,41,29,7,122,0,1,29,1,31,45,42,58,8,153,14,10,24,177
06/06/2021,FSD,SD,AGL,CE,Combined TRACON& Tower with Radar,35,25,24,6,90,0,4,8,0,12,35,29,32,6,102,0,0,0,102
06/07/2021,FSD,SD,AGL,CE,Combined TRACON& Tower with Radar,36,51,56,2,145,0,5,29,0,34,36,56,85,2,179,14,0,14,193
06/08/2021,FSD,SD,AGL,CE,Combined TRACON& Tower with Radar,46,78,59,18,201,0,3,18,1,22,46,81,77,19,223,26,14,40,263
06/09/2021,FSD,SD,AGL,CE,Combined TRACON& Tower with Radar,58,65,64,23,210,0,0,35,0,35,58,65,99,23,245,24,20,44,289
06/10/2021,FSD,SD,AGL,CE,Combined TRACON& Tower with Radar,53,68,60,5,186,0,3,34,0,37,53,71,94,5,223,10,6,16,239
06/11/2021,FSD,SD,AGL,CE,Combined TRACON& Tower with Radar,44,59,44,3,150,0,10,11,1,22,44,69,55,4,172,6,2,8,180
06/12/2021,FSD,SD,AGL,CE,Combined TRACON& Tower with Radar,45,48,27,2,122,0,10,26,2,38,45,58,53,4,160,34,0,34,194
06/13/2021,FSD,SD,AGL,CE,Combined TRACON& Tower with Radar,38,30,28,0,96,0,1,16,0,17,38,31,44,0,113,4,0,4,117
06/14/2021,FSD,SD,AGL,CE,Combined TRACON& Tower with Radar,45,59,48,0,152,0,1,20,1,22,45,60,68,1,174,12,0,12,186
06/15/2021,FSD,SD,AGL,CE,Combined TRACON& Tower with Radar,48,74,69,1,192,0,6,29,0,35,48,80,98,1,227,34,0,34,261
06/16/2021,FSD,SD,AGL,CE,Combined TRACON& Tower with Radar,55,63,51,1,170,0,11,24,2,37,55,74,75,3,207,16,0,16,223
06/17/2021,FSD,SD,AGL,CE,Combined TRACON& Tower with Radar,61,57,54,3,175,0,3,22,0,25,61,60,76,3,200,16,8,24,224
06/18/2021,FSD,SD,AGL,CE,Combined TRACON& Tower with Radar,43,66,54,2,165,0,11,38,0,49,43,77,92,2,214,20,0,20,234
06/19/2021,FSD,SD,AGL,CE,Combined TRACON& Tower with Radar,44,42,22,0,108,0,3,37,2,42,44,45,59,2,150,24,0,24,174
06/20/2021,FSD,SD,AGL,CE,Combined TRACON& Tower with Radar,41,36,24,2,103,0,0,7,1,8,41,36,31,3,111,0,0,0,111
06/21/2021,FSD,SD,AGL,CE,Combined TRACON& Tower with Radar,40,39,49,0,128,0,7,27,0,34,40,46,76,0,162,8,0,8,170
06/22/2021,FSD,SD,AGL,CE,Combined TRACON& Tower with Radar,46,76,59,14,195,0,10,40,3,53,46,86,99,17,248,26,6,32,280
06/23/2021,FSD,SD,AGL,CE,Combined TRACON& Tower with Radar,53,61,54,13,181,0,3,30,0,33,53,64,84,13,214,8,26,34,248
06/24/2021,FSD,SD,AGL,CE,Combined TRACON& Tower with Radar,51,69,49,15,184,0,4,21,1,26,51,73,70,16,210,6,22,28,238
06/25/2021,FSD,SD,AGL,CE,Combined TRACON& Tower with Radar,42,60,44,17,163,0,7,22,1,30,42,67,66,18,193,10,18,28,221
06/26/2021,FSD,SD,AGL,CE,Combined TRACON& Tower with Radar,47,36,16,0,99,0,1,10,1,12,47,37,26,1,111,4,0,4,115
06/27/2021,FSD,SD,AGL,CE,Combined TRACON& Tower with Radar,44,35,24,0,103,0,2,12,1,15,44,37,36,1,118,32,0,32,150
06/28/2021,FSD,SD,AGL,CE,Combined TRACON& Tower with Radar,41,50,35,6,132,0,4,13,0,17,41,54,48,6,149,6,0,6,155
06/29/2021,FSD,SD,AGL,CE,Combined TRACON& Tower with Radar,54,71,46,12,183,0,13,31,0,44,54,84,77,12,227,48,18,66,293
06/30/2021,FSD,SD,AGL,CE,Combined TRACON& Tower with Radar,46,59,39,17,161,0,16,39,2,57,46,75,78,19,218,62,10,72,290
07/01/2021,FSD,SD,AGL,CE,Combined TRACON& Tower with Radar,46,69,35,13,163,0,6,33,0,39,46,75,68,13,202,46,0,46,248
07/02/2021,FSD,SD,AGL,CE,Combined TRACON& Tower with Radar,40,61,38,0,139,0,5,34,0,39,40,66,72,0,178,18,0,18,196
07/03/2021,FSD,SD,AGL,CE,Combined TRACON& Tower with Radar,38,54,19,0,111,0,1,17,0,18,38,55,36,0,129,12,0,12,141
07/04/2021,FSD,SD,AGL,CE,Combined TRACON& Tower with Radar,35,44,21,0,100,0,2,14,0,16,35,46,35,0,116,6,0,6,122
07/05/2021,FSD,SD,AGL,CE,Combined TRACON& Tower with Radar,34,39,41,0,114,0,1,21,0,22,34,40,62,0,136,44,0,44,180
07/06/2021,FSD,SD,AGL,CE,Combined TRACON& Tower with Radar,44,70,37,5,156,0,4,8,0,12,44,74,45,5,168,8,0,8,176
07/07/2021,FSD,SD,AGL,CE,Combined TRACON& Tower with Radar,47,71,54,12,184,0,6,18,0,24,47,77,72,12,208,62,4,66,274
07/08/2021,FSD,SD,AGL,CE,Combined TRACON& Tower with Radar,50,68,54,11,183,0,0,30,0,30,50,68,84,11,213,4,2,6,219
07/09/2021,FSD,SD,AGL,CE,Combined TRACON& Tower with Radar,41,77,47,8,173,0,0,27,0,27,41,77,74,8,200,12,12,24,224
07/10/2021,FSD,SD,AGL,CE,Combined TRACON& Tower with Radar,46,38,23,0,107,0,0,1,0,1,46,38,24,0,108,0,0,0,108
07/11/2021,FSD,SD,AGL,CE,Combined TRACON& Tower with Radar,39,40,28,4,111,0,3,24,1,28,39,43,52,5,139,26,4,30,169
07/12/2021,FSD,SD,AGL,CE,Combined TRACON& Tower with Radar,37,54,40,0,131,0,3,51,0,54,37,57,91,0,185,22,0,22,207
07/13/2021,FSD,SD,AGL,CE,Combined TRACON& Tower with Radar,48,77,54,10,189,0,4,59,0,63,48,81,113,10,252,90,24,114,366
07/14/2021,FSD,SD,AGL,CE,Combined TRACON& Tower with Radar,48,77,57,4,186,0,2,11,0,13,48,79,68,4,199,4,0,4,203
07/15/2021,FSD,SD,AGL,CE,Combined TRACON& Tower with Radar,47,68,81,12,208,0,6,41,0,47,47,74,122,12,255,58,18,76,331
07/16/2021,FSD,SD,AGL,CE,Combined TRACON& Tower with Radar,42,71,54,4,171,0,9,35,1,45,42,80,89,5,216,14,0,14,230
07/17/2021,FSD,SD,AGL,CE,Combined TRACON& Tower with Radar,44,48,26,0,118,0,2,19,0,21,44,50,45,0,139,4,0,4,143
07/18/2021,FSD,SD,AGL,CE,Combined TRACON& Tower with Radar,39,39,39,0,117,0,5,29,2,36,39,44,68,2,153,24,0,24,177
07/19/2021,FSD,SD,AGL,CE,Combined TRACON& Tower with Radar,40,69,53,8,170,0,7,20,1,28,40,76,73,9,198,36,6,42,240
07/20/2021,FSD,SD,AGL,CE,Combined TRACON& Tower with Radar,43,79,61,2,185,0,10,34,1,45,43,89,95,3,230,44,4,48,278
07/21/2021,FSD,SD,AGL,CE,Combined TRACON& Tower with Radar,48,81,62,3,194,0,6,25,1,32,48,87,87,4,226,10,0,10,236
07/22/2021,FSD,SD,AGL,CE,Combined TRACON& Tower with Radar,49,70,44,3,166,0,4,24,0,28,49,74,68,3,194,4,0,4,198
07/23/2021,FSD,SD,AGL,CE,Combined TRACON& Tower with Radar,42,67,59,0,168,0,2,50,2,54,42,69,109,2,222,14,12,26,248
07/24/2021,FSD,SD,AGL,CE,Combined TRACON& Tower with Radar,42,48,29,12,131,0,8,33,2,43,42,56,62,14,174,20,14,34,208
07/25/2021,FSD,SD,AGL,CE,Combined TRACON& Tower with Radar,38,36,50,4,128,0,3,35,1,39,38,39,85,5,167,28,6,34,201
07/26/2021,FSD,SD,AGL,CE,Combined TRACON& Tower with Radar,39,57,40,0,136,0,3,18,0,21,39,60,58,0,157,16,0,16,173
07/27/2021,FSD,SD,AGL,CE,Combined TRACON& Tower with Radar,45,69,65,13,192,0,2,32,2,36,45,71,97,15,228,36,24,60,288
07/28/2021,FSD,SD,AGL,CE,Combined TRACON& Tower with Radar,45,70,59,11,185,0,0,31,3,34,45,70,90,14,219,16,12,28,247
07/29/2021,FSD,SD,AGL,CE,Combined TRACON& Tower with Radar,47,70,79,11,207,0,0,7,0,7,47,70,86,11,214,0,0,0,214
07/30/2021,FSD,SD,AGL,CE,Combined TRACON& Tower with Radar,51,74,39,16,180,1,0,0,0,1,52,74,39,16,181,0,0,0,181
07/31/2021,FSD,SD,AGL,CE,Combined TRACON& Tower with Radar,47,51,41,0,139,0,0,8,0,8,47,51,49,0,147,0,0,0,147
08/01/2021,FSD,SD,AGL,CE,Combined TRACON& Tower with Radar,40,27,48,0,115,0,3,35,0,38,40,30,83,0,153,28,0,28,181
08/02/2021,FSD,SD,AGL,CE,Combined TRACON& Tower with Radar,40,64,43,8,155,0,2,41,4,47,40,66,84,12,202,45,0,45,247
08/03/2021,FSD,SD,AGL,CE,Combined TRACON& Tower with Radar,44,72,62,12,190,0,4,31,2,37,44,76,93,14,227,54,6,60,287
08/04/2021,FSD,SD,AGL,CE,Combined TRACON& Tower with Radar,36,85,61,8,190,0,1,33,14,48,36,86,94,22,238,18,0,18,256
08/05/2021,FSD,SD,AGL,CE,Combined TRACON& Tower with Radar,48,79,83,11,221,0,1,46,7,54,48,80,129,18,275,4,18,22,297
08/06/2021,FSD,SD,AGL,CE,Combined TRACON& Tower with Radar,47,59,55,25,186,0,3,69,6,78,47,62,124,31,264,40,4,44,308
08/07/2021,FSD,SD,AGL,CE,Combined TRACON& Tower with Radar,42,48,25,1,116,0,3,42,13,58,42,51,67,14,174,4,0,4,178
08/08/2021,FSD,SD,AGL,CE,Combined TRACON& Tower with Radar,37,41,37,3,118,0,2,77,10,89,37,43,114,13,207,16,4,20,227
08/09/2021,FSD,SD,AGL,CE,Combined TRACON& Tower with Radar,41,35,49,5,130,0,2,33,1,36,41,37,82,6,166,16,0,16,182
08/10/2021,FSD,SD,AGL,CE,Combined TRACON& Tower with Radar,45,50,54,9,158,0,5,25,1,31,45,55,79,10,189,36,2,38,227
08/11/2021,FSD,SD,AGL,CE,Combined TRACON& Tower with Radar,53,73,78,6,210,0,7,32,1,40,53,80,110,7,250,50,4,54,304
08/12/2021,FSD,SD,AGL,CE,Combined TRACON& Tower with Radar,51,70,61,8,190,0,5,34,0,39,51,75,95,8,229,18,6,24,253
08/13/2021,FSD,SD,AGL,CE,Combined TRACON& Tower with Radar,42,73,63,2,180,0,11,46,0,57,42,84,109,2,237,68,0,68,305
08/14/2021,FSD,SD,AGL,CE,Combined TRACON& Tower with Radar,40,37,35,0,112,0,3,29,1,33,40,40,64,1,145,12,0,12,157
08/15/2021,FSD,SD,AGL,CE,Combined TRACON& Tower with Radar,38,32,33,0,103,0,1,33,1,35,38,33,66,1,138,4,0,4,142
08/16/2021,FSD,SD,AGL,CE,Combined TRACON& Tower with Radar,43,60,47,0,150,0,4,17,0,21,43,64,64,0,171,20,0,20,191
08/17/2021,FSD,SD,AGL,CE,Combined TRACON& Tower with Radar,40,67,47,2,156,0,8,12,1,21,40,75,59,3,177,12,0,12,189
08/18/2021,FSD,SD,AGL,CE,Combined TRACON& Tower with Radar,44,58,64,9,175,0,6,18,1,25,44,64,82,10,200,12,18,30,230
08/19/2021,FSD,SD,AGL,CE,Combined TRACON& Tower with Radar,49,68,49,9,175,0,3,22,0,25,49,71,71,9,200,14,0,14,214
08/20/2021,FSD,SD,AGL,CE,Combined TRACON& Tower with Radar,45,71,42,1,159,0,1,2,0,3,45,72,44,1,162,0,0,0,162
08/21/2021,FSD,SD,AGL,CE,Combined TRACON& Tower with Radar,41,49,40,0,130,0,7,15,2,24,41,56,55,2,154,8,0,8,162
08/22/2021,FSD,SD,AGL,CE,Combined TRACON& Tower with Radar,41,47,33,0,121,0,1,14,1,16,41,48,47,1,137,2,0,2,139
08/23/2021,FSD,SD,AGL,CE,Combined TRACON& Tower with Radar,43,54,50,18,165,0,4,13,0,17,43,58,63,18,182,8,0,8,190
08/24/2021,FSD,SD,AGL,CE,Combined TRACON& Tower with Radar,52,69,60,7,188,0,7,27,1,35,52,76,87,8,223,26,0,26,249
08/25/2021,FSD,SD,AGL,CE,Combined TRACON& Tower with Radar,46,59,49,9,163,0,0,17,0,17,46,59,66,9,180,20,0,20,200
08/26/2021,FSD,SD,AGL,CE,Combined TRACON& Tower with Radar,50,62,51,5,168,0,3,6,0,9,50,65,57,5,177,0,2,2,179
08/27/2021,FSD,SD,AGL,CE,Combined TRACON& Tower with Radar,48,64,32,0,144,0,1,8,0,9,48,65,40,0,153,0,0,0,153
08/28/2021,FSD,SD,AGL,CE,Combined TRACON& Tower with Radar,36,31,20,0,87,0,1,9,0,10,36,32,29,0,97,0,0,0,97
08/29/2021,FSD,SD,AGL,CE,Combined TRACON& Tower with Radar,41,36,38,0,115,0,7,37,0,44,41,43,75,0,159,32,0,32,191
08/30/2021,FSD,SD,AGL,CE,Combined TRACON& Tower with Radar,40,57,37,0,134,0,5,17,0,22,40,62,54,0,156,8,0,8,164
08/31/2021,FSD,SD,AGL,CE,Combined TRACON& Tower with Radar,46,67,60,12,185,0,11,25,2,38,46,78,85,14,223,28,4,32,255
09/01/2021,FSD,SD,AGL,CE,Combined TRACON& Tower with Radar,46,62,52,8,168,0,2,30,0,32,46,64,82,8,200,16,0,16,216
09/02/2021,FSD,SD,AGL,CE,Combined TRACON& Tower with Radar,60,78,57,2,197,0,0,2,0,2,60,78,59,2,199,0,0,0,199
09/03/2021,FSD,SD,AGL,CE,Combined TRACON& Tower with Radar,52,81,41,0,174,0,0,4,0,4,52,81,45,0,178,8,0,8,186
09/04/2021,FSD,SD,AGL,CE,Combined TRACON& Tower with Radar,40,48,22,0,110,0,6,23,2,31,40,54,45,2,141,2,0,2,143
09/05/2021,FSD,SD,AGL,CE,Combined TRACON& Tower with Radar,35,36,22,0,93,0,10,30,0,40,35,46,52,0,133,36,0,36,169
09/06/2021,FSD,SD,AGL,CE,Combined TRACON& Tower with Radar,36,39,42,0,117,0,7,22,0,29,36,46,64,0,146,26,0,26,172
09/07/2021,FSD,SD,AGL,CE,Combined TRACON& Tower with Radar,41,65,37,10,153,0,8,25,2,35,41,73,62,12,188,38,10,48,236
09/08/2021,FSD,SD,AGL,CE,Combined TRACON& Tower with Radar,46,73,56,10,185,0,14,33,1,48,46,87,89,11,233,6,4,10,243
09/09/2021,FSD,SD,AGL,CE,Combined TRACON& Tower with Radar,50,81,65,8,204,0,13,29,2,44,50,94,94,10,248,4,12,16,264
09/10/2021,FSD,SD,AGL,CE,Combined TRACON& Tower with Radar,47,59,36,4,146,0,6,26,0,32,47,65,62,4,178,30,2,32,210
09/11/2021,FSD,SD,AGL,CE,Combined TRACON& Tower with Radar,41,45,21,1,108,0,11,20,0,31,41,56,41,1,139,8,0,8,147
09/12/2021,FSD,SD,AGL,CE,Combined TRACON& Tower with Radar,37,43,36,5,121,0,3,19,1,23,37,46,55,6,144,12,12,24,168
09/13/2021,FSD,SD,AGL,CE,Combined TRACON& Tower with Radar,43,60,51,0,154,0,1,2,0,3,43,61,53,0,157,0,0,0,157
09/14/2021,FSD,SD,AGL,CE,Combined TRACON& Tower with Radar,46,83,64,11,204,0,2,19,0,21,46,85,83,11,225,0,2,2,227
09/15/2021,FSD,SD,AGL,CE,Combined TRACON& Tower with Radar,41,72,53,16,182,0,8,31,1,40,41,80,84,17,222,2,20,22,244
09/16/2021,FSD,SD,AGL,CE,Combined TRACON& Tower with Radar,53,76,53,3,185,0,7,23,0,30,53,83,76,3,215,0,0,0,215
09/17/2021,FSD,SD,AGL,CE,Combined TRACON& Tower with Radar,45,86,63,9,203,0,10,36,1,47,45,96,99,10,250,2,6,8,258
09/18/2021,FSD,SD,AGL,CE,Combined TRACON& Tower with Radar,38,42,30,0,110,0,3,22,2,27,38,45,52,2,137,12,0,12,149
09/19/2021,FSD,SD,AGL,CE,Combined TRACON& Tower with Radar,43,59,32,0,134,0,3,5,0,8,43,62,37,0,142,0,0,0,142
09/20/2021,FSD,SD,AGL,CE,Combined TRACON& Tower with Radar,42,56,46,18,162,0,2,5,0,7,42,58,51,18,169,8,0,8,177
09/21/2021,FSD,SD,AGL,CE,Combined TRACON& Tower with Radar,48,74,49,9,180,0,1,25,0,26,48,75,74,9,206,6,0,6,212
09/22/2021,FSD,SD,AGL,CE,Combined TRACON& Tower with Radar,48,61,52,2,163,0,9,34,0,43,48,70,86,2,206,20,0,20,226
09/23/2021,FSD,SD,AGL,CE,Combined TRACON& Tower with Radar,53,65,47,0,165,0,7,18,2,27,53,72,65,2,192,8,0,8,200
09/24/2021,FSD,SD,AGL,CE,Combined TRACON& Tower with Radar,50,69,56,0,175,0,2,24,0,26,50,71,80,0,201,4,0,4,205
09/25/2021,FSD,SD,AGL,CE,Combined TRACON& Tower with Radar,43,38,24,0,105,0,5,16,0,21,43,43,40,0,126,6,0,6,132
09/26/2021,FSD,SD,AGL,CE,Combined TRACON& Tower with Radar,41,39,45,2,127,0,6,22,2,30,41,45,67,4,157,4,0,4,161
09/27/2021,FSD,SD,AGL,CE,Combined TRACON& Tower with Radar,43,64,43,2,152,0,3,31,0,34,43,67,74,2,186,0,0,0,186
09/28/2021,FSD,SD,AGL,CE,Combined TRACON& Tower with Radar,48,73,49,2,172,0,6,21,0,27,48,79,70,2,199,18,0,18,217
09/29/2021,FSD,SD,AGL,CE,Combined TRACON& Tower with Radar,44,63,40,0,147,0,3,19,0,22,44,66,59,0,169,4,0,4,173
09/30/2021,FSD,SD,AGL,CE,Combined TRACON& Tower with Radar,51,67,51,3,172,0,0,9,0,9,51,67,60,3,181,0,0,0,181
10/01/2021,FSD,SD,AGL,CE,Combined TRACON& Tower with Radar,55,79,54,0,188,0,1,1,0,2,55,80,55,0,190,0,0,0,190
10/02/2021,FSD,SD,AGL,CE,Combined TRACON& Tower with Radar,50,58,22,11,141,0,1,2,2,5,50,59,24,13,146,0,0,0,146
10/03/2021,FSD,SD,AGL,CE,Combined TRACON& Tower with Radar,41,32,42,6,121,0,2,38,0,40,41,34,80,6,161,18,10,28,189
10/04/2021,FSD,SD,AGL,CE,Combined TRACON& Tower with Radar,47,60,58,0,165,0,2,27,0,29,47,62,85,0,194,44,0,44,238
10/05/2021,FSD,SD,AGL,CE,Combined TRACON& Tower with Radar,42,65,57,12,176,0,6,41,0,47,42,71,98,12,223,70,10,80,303
10/06/2021,FSD,SD,AGL,CE,Combined TRACON& Tower with Radar,44,81,82,19,226,0,4,19,2,25,44,85,101,21,251,22,2,24,275
10/07/2021,FSD,SD,AGL,CE,Combined TRACON& Tower with Radar,52,87,59,19,217,0,3,15,0,18,52,90,74,19,235,6,0,6,241
10/08/2021,FSD,SD,AGL,CE,Combined TRACON& Tower with Radar,42,51,44,0,137,0,2,22,0,24,42,53,66,0,161,12,0,12,173
10/09/2021,FSD,SD,AGL,CE,Combined TRACON& Tower with Radar,46,37,25,0,108,0,2,14,0,16,46,39,39,0,124,0,0,0,124
10/10/2021,FSD,SD,AGL,CE,Combined TRACON& Tower with Radar,41,42,53,0,136,0,4,4,0,8,41,46,57,0,144,0,0,0,144
10/11/2021,FSD,SD,AGL,CE,Combined TRACON& Tower with Radar,41,57,42,0,140,0,9,44,1,54,41,66,86,1,194,22,0,22,216
10/12/2021,FSD,SD,AGL,CE,Combined TRACON& Tower with Radar,47,58,63,12,180,0,6,35,2,43,47,64,98,14,223,34,6,40,263
10/13/2021,FSD,SD,AGL,CE,Combined TRACON& Tower with Radar,42,73,50,5,170,0,6,5,0,11,42,79,55,5,181,0,0,0,181
10/14/2021,FSD,SD,AGL,CE,Combined TRACON& Tower with Radar,52,82,58,11,203,0,4,14,0,18,52,86,72,11,221,0,4,4,225
10/15/2021,FSD,SD,AGL,CE,Combined TRACON& Tower with Radar,45,70,46,18,179,0,12,9,1,22,45,82,55,19,201,0,4,4,205
10/16/2021,FSD,SD,AGL,CE,Combined TRACON& Tower with Radar,43,38,26,4,111,0,4,30,1,35,43,42,56,5,146,20,4,24,170
10/17/2021,FSD,SD,AGL,CE,Combined TRACON& Tower with Radar,42,50,56,0,148,0,6,31,1,38,42,56,87,1,186,8,0,8,194
10/18/2021,FSD,SD,AGL,CE,Combined TRACON& Tower with Radar,36,52,48,15,151,0,4,19,0,23,36,56,67,15,174,20,0,20,194
10/19/2021,FSD,SD,AGL,CE,Combined TRACON& Tower with Radar,45,82,59,10,196,0,13,21,0,34,45,95,80,10,230,28,4,32,262
10/20/2021,FSD,SD,AGL,CE,Combined TRACON& Tower with Radar,50,87,47,7,191,0,0,0,0,0,50,87,47,7,191,0,0,0,191
10/21/2021,FSD,SD,AGL,CE,Combined TRACON& Tower with Radar,48,90,54,10,202,0,10,23,0,33,48,100,77,10,235,0,4,4,239
10/22/2021,FSD,SD,AGL,CE,Combined TRACON& Tower with Radar,38,71,55,0,164,0,2,23,0,25,38,73,78,0,189,28,0,28,217
10/23/2021,FSD,SD,AGL,CE,Combined TRACON& Tower with Radar,41,49,28,0,118,0,1,21,0,22,41,50,49,0,140,0,6,6,146
10/24/2021,FSD,SD,AGL,CE,Combined TRACON& Tower with Radar,43,44,31,6,124,0,2,1,0,3,43,46,32,6,127,4,14,18,145
10/25/2021,FSD,SD,AGL,CE,Combined TRACON& Tower with Radar,39,58,39,1,137,0,9,31,5,45,39,67,70,6,182,36,0,36,218
10/26/2021,FSD,SD,AGL,CE,Combined TRACON& Tower with Radar,50,64,29,19,162,0,0,9,1,10,50,64,38,20,172,0,8,8,180
10/27/2021,FSD,SD,AGL,CE,Combined TRACON& Tower with Radar,47,87,26,1,161,0,0,0,0,0,47,87,26,1,161,0,0,0,161
10/28/2021,FSD,SD,AGL,CE,Combined TRACON& Tower with Radar,54,87,71,21,233,0,5,46,0,51,54,92,117,21,284,2,26,28,312
10/29/2021,FSD,SD,AGL,CE,Combined TRACON& Tower with Radar,41,63,37,10,151,0,4,33,3,40,41,67,70,13,191,30,0,30,221
10/30/2021,FSD,SD,AGL,CE,Combined TRACON& Tower with Radar,42,38,29,0,109,0,6,22,4,32,42,44,51,4,141,24,0,24,165
10/31/2021,FSD,SD,AGL,CE,Combined TRACON& Tower with Radar,40,40,29,0,109,0,6,27,0,33,40,46,56,0,142,12,0,12,154
11/01/2021,FSD,SD,AGL,CE,Combined TRACON& Tower with Radar,36,70,38,2,146,0,2,20,0,22,36,72,58,2,168,16,0,16,184
11/02/2021,FSD,SD,AGL,CE,Combined TRACON& Tower with Radar,38,68,39,25,170,0,4,20,0,24,38,72,59,25,194,20,18,38,232
11/03/2021,FSD,SD,AGL,CE,Combined TRACON& Tower with Radar,34,74,47,31,186,0,7,14,2,23,34,81,61,33,209,16,18,34,243
11/04/2021,FSD,SD,AGL,CE,Combined TRACON& Tower with Radar,46,85,37,7,175,0,1,0,0,1,46,86,37,7,176,0,0,0,176
11/05/2021,FSD,SD,AGL,CE,Combined TRACON& Tower with Radar,37,89,51,12,189,0,1,10,0,11,37,90,61,12,200,8,8,16,216
11/06/2021,FSD,SD,AGL,CE,Combined TRACON& Tower with Radar,29,43,30,25,127,0,4,44,5,53,29,47,74,30,180,4,20,24,204
11/07/2021,FSD,SD,AGL,CE,Combined TRACON& Tower with Radar,31,33,41,9,114,0,3,46,1,50,31,36,87,10,164,20,6,26,190
11/08/2021,FSD,SD,AGL,CE,Combined TRACON& Tower with Radar,31,64,65,2,162,0,6,25,0,31,31,70,90,2,193,0,0,0,193
11/09/2021,FSD,SD,AGL,CE,Combined TRACON& Tower with Radar,33,71,65,14,183,0,3,30,0,33,33,74,95,14,216,0,0,0,216
11/10/2021,FSD,SD,AGL,CE,Combined TRACON& Tower with Radar,30,78,48,6,162,0,2,2,0,4,30,80,50,6,166,0,0,0,166
11/11/2021,FSD,SD,AGL,CE,Combined TRACON& Tower with Radar,44,77,53,0,174,0,0,3,0,3,44,77,56,0,177,0,0,0,177
11/12/2021,FSD,SD,AGL,CE,Combined TRACON& Tower with Radar,35,74,25,0,134,0,0,2,0,2,35,74,27,0,136,6,0,6,142
11/13/2021,FSD,SD,AGL,CE,Combined TRACON& Tower with Radar,26,46,22,0,94,0,0,4,0,4,26,46,26,0,98,4,0,4,102
11/14/2021,FSD,SD,AGL,CE,Combined TRACON& Tower with Radar,31,33,45,0,109,0,3,27,0,30,31,36,72,0,139,4,0,4,143
11/15/2021,FSD,SD,AGL,CE,Combined TRACON& Tower with Radar,34,68,53,13,168,0,3,33,1,37,34,71,86,14,205,26,0,26,231
11/16/2021,FSD,SD,AGL,CE,Combined TRACON& Tower with Radar,34,81,63,15,193,0,4,40,1,45,34,85,103,16,238,12,12,24,262
11/17/2021,FSD,SD,AGL,CE,Combined TRACON& Tower with Radar,29,64,56,16,165,0,2,21,1,24,29,66,77,17,189,0,24,24,213
11/18/2021,FSD,SD,AGL,CE,Combined TRACON& Tower with Radar,39,82,74,34,229,0,5,60,1,66,39,87,134,35,295,34,48,82,377
11/19/2021,FSD,SD,AGL,CE,Combined TRACON& Tower with Radar,40,78,38,4,160,0,6,28,0,34,40,84,66,4,194,10,0,10,204
11/20/2021,FSD,SD,AGL,CE,Combined TRACON& Tower with Radar,28,47,35,2,112,0,2,30,0,32,28,49,65,2,144,24,0,24,168
11/21/2021,FSD,SD,AGL,CE,Combined TRACON& Tower with Radar,36,34,50,0,120,0,2,23,1,26,36,36,73,1,146,2,0,2,148
11/22/2021,FSD,SD,AGL,CE,Combined TRACON& Tower with Radar,38,60,49,0,147,0,3,36,0,39,38,63,85,0,186,28,0,28,214
11/23/2021,FSD,SD,AGL,CE,Combined TRACON& Tower with Radar,42,81,57,21,201,0,5,26,0,31,42,86,83,21,232,2,26,28,260
11/24/2021,FSD,SD,AGL,CE,Combined TRACON& Tower with Radar,45,87,42,10,184,0,2,10,1,13,45,89,52,11,197,4,10,14,211
11/25/2021,FSD,SD,AGL,CE,Combined TRACON& Tower with Radar,20,17,11,0,48,0,0,5,1,6,20,17,16,1,54,10,0,10,64
11/26/2021,FSD,SD,AGL,CE,Combined TRACON& Tower with Radar,33,63,21,0,117,0,2,28,0,30,33,65,49,0,147,32,0,32,179
11/27/2021,FSD,SD,AGL,CE,Combined TRACON& Tower with Radar,32,38,22,0,92,0,2,9,0,11,32,40,31,0,103,0,0,0,103
11/28/2021,FSD,SD,AGL,CE,Combined TRACON& Tower with Radar,34,37,43,1,115,0,1,21,0,22,34,38,64,1,137,4,0,4,141
11/29/2021,FSD,SD,AGL,CE,Combined TRACON& Tower with Radar,37,67,46,0,150,0,6,33,0,39,37,73,79,0,189,36,0,36,225
11/30/2021,FSD,SD,AGL,CE,Combined TRACON& Tower with Radar,34,70,50,9,163,0,8,20,0,28,34,78,70,9,191,6,4,10,201
12/01/2021,FSD,SD,AGL,CE,Combined TRACON& Tower with Radar,33,75,58,22,188,0,0,24,1,25,33,75,82,23,213,18,16,34,247
12/02/2021,FSD,SD,AGL,CE,Combined TRACON& Tower with Radar,46,70,50,8,174,0,0,51,0,51,46,70,101,8,225,34,8,42,267
12/03/2021,FSD,SD,AGL,CE,Combined TRACON& Tower with Radar,46,73,57,9,185,0,8,35,0,43,46,81,92,9,228,20,12,32,260
12/04/2021,FSD,SD,AGL,CE,Combined TRACON& Tower with Radar,25,47,19,4,95,0,2,24,0,26,25,49,43,4,121,14,6,20,141
12/05/2021,FSD,SD,AGL,CE,Combined TRACON& Tower with Radar,43,34,30,6,113,0,4,4,0,8,43,38,34,6,121,0,0,0,121
12/06/2021,FSD,SD,AGL,CE,Combined TRACON& Tower with Radar,42,60,48,5,155,0,6,11,2,19,42,66,59,7,174,0,22,22,196
12/07/2021,FSD,SD,AGL,CE,Combined TRACON& Tower with Radar,33,73,33,21,160,0,1,7,0,8,33,74,40,21,168,0,6,6,174
12/08/2021,FSD,SD,AGL,CE,Combined TRACON& Tower with Radar,37,73,46,14,170,0,6,30,0,36,37,79,76,14,206,8,24,32,238
12/09/2021,FSD,SD,AGL,CE,Combined TRACON& Tower with Radar,43,71,75,13,202,0,9,30,0,39,43,80,105,13,241,20,8,28,269
12/10/2021,FSD,SD,AGL,CE,Combined TRACON& Tower with Radar,27,35,7,0,69,0,0,0,0,0,27,35,7,0,69,0,0,0,69
12/11/2021,FSD,SD,AGL,CE,Combined TRACON& Tower with Radar,29,47,29,0,105,0,7,29,0,36,29,54,58,0,141,0,0,0,141
12/12/2021,FSD,SD,AGL,CE,Combined TRACON& Tower with Radar,35,37,23,0,95,0,2,22,0,24,35,39,45,0,119,28,0,28,147
12/13/2021,FSD,SD,AGL,CE,Combined TRACON& Tower with Radar,39,52,63,15,169,0,2,27,1,30,39,54,90,16,199,22,0,22,221
12/14/2021,FSD,SD,AGL,CE,Combined TRACON& Tower with Radar,35,69,72,19,195,0,10,36,0,46,35,79,108,19,241,34,8,42,283
12/15/2021,FSD,SD,AGL,CE,Combined TRACON& Tower with Radar,36,65,28,11,140,0,2,5,1,8,36,67,33,12,148,0,0,0,148
12/16/2021,FSD,SD,AGL,CE,Combined TRACON& Tower with Radar,42,81,57,1,181,0,12,21,1,34,42,93,78,2,215,2,0,2,217
12/17/2021,FSD,SD,AGL,CE,Combined TRACON& Tower with Radar,48,91,73,0,212,0,0,30,0,30,48,91,103,0,242,32,0,32,274
12/18/2021,FSD,SD,AGL,CE,Combined TRACON& Tower with Radar,39,39,38,0,116,0,0,8,0,8,39,39,46,0,124,22,0,22,146
12/19/2021,FSD,SD,AGL,CE,Combined TRACON& Tower with Radar,34,30,34,0,98,0,3,35,3,41,34,33,69,3,139,36,0,36,175
12/20/2021,FSD,SD,AGL,CE,Combined TRACON& Tower with Radar,49,61,43,0,153,0,9,39,0,48,49,70,82,0,201,30,0,30,231
12/21/2021,FSD,SD,AGL,CE,Combined TRACON& Tower with Radar,46,71,44,17,178,0,0,42,0,42,46,71,86,17,220,52,16,68,288
12/22/2021,FSD,SD,AGL,CE,Combined TRACON& Tower with Radar,54,77,41,15,187,0,6,41,0,47,54,83,82,15,234,74,6,80,314
12/23/2021,FSD,SD,AGL,CE,Combined TRACON& Tower with Radar,50,71,22,9,152,0,4,33,0,37,50,75,55,9,189,44,6,50,239
12/24/2021,FSD,SD,AGL,CE,Combined TRACON& Tower with Radar,39,47,11,0,97,0,6,29,0,35,39,53,40,0,132,10,0,10,142
12/25/2021,FSD,SD,AGL,CE,Combined TRACON& Tower with Radar,21,25,6,0,52,0,0,2,0,2,21,25,8,0,54,0,0,0,54
12/26/2021,FSD,SD,AGL,CE,Combined TRACON& Tower with Radar,30,39,27,0,96,0,2,0,0,2,30,41,27,0,98,0,0,0,98
12/27/2021,FSD,SD,AGL,CE,Combined TRACON& Tower with Radar,43,51,26,2,122,0,7,6,0,13,43,58,32,2,135,6,0,6,141
12/28/2021,FSD,SD,AGL,CE,Combined TRACON& Tower with Radar,33,64,28,11,136,0,1,12,0,13,33,65,40,11,149,8,0,8,157
12/29/2021,FSD,SD,AGL,CE,Combined TRACON& Tower with Radar,45,74,20,6,145,0,1,23,0,24,45,75,43,6,169,10,8,18,187
12/30/2021,FSD,SD,AGL,CE,Combined TRACON& Tower with Radar,36,59,43,4,142,0,7,43,0,50,36,66,86,4,192,16,0,16,208
12/31/2021,FSD,SD,AGL,CE,Combined TRACON& Tower with Radar,36,52,26,0,114,0,1,33,0,34,36,53,59,0,148,10,0,10,158
01/01/2022,FSD,SD,AGL,CE,Combined TRACON& Tower with Radar,22,34,8,0,64,0,2,7,0,9,22,36,15,0,73,0,0,0,73
01/02/2022,FSD,SD,AGL,CE,Combined TRACON& Tower with Radar,26,42,25,0,93,0,0,16,0,16,26,42,41,0,109,0,0,0,109
01/03/2022,FSD,SD,AGL,CE,Combined TRACON& Tower with Radar,41,62,29,0,132,0,2,19,0,21,41,64,48,0,153,58,0,58,211
01/04/2022,FSD,SD,AGL,CE,Combined TRACON& Tower with Radar,34,65,33,17,149,0,0,10,0,10,34,65,43,17,159,0,12,12,171
01/05/2022,FSD,SD,AGL,CE,Combined TRACON& Tower with Radar,27,72,40,0,139,0,0,2,0,2,27,72,42,0,141,0,0,0,141
01/06/2022,FSD,SD,AGL,CE,Combined TRACON& Tower with Radar,36,69,43,0,148,0,3,16,0,19,36,72,59,0,167,0,0,0,167
01/07/2022,FSD,SD,AGL,CE,Combined TRACON& Tower with Radar,39,64,38,9,150,0,3,18,0,21,39,67,56,9,171,34,8,42,213
01/08/2022,FSD,SD,AGL,CE,Combined TRACON& Tower with Radar,18,30,18,11,77,0,0,23,3,26,18,30,41,14,103,20,14,34,137
01/09/2022,FSD,SD,AGL,CE,Combined TRACON& Tower with Radar,30,27,30,5,92,0,3,15,0,18,30,30,45,5,110,14,0,14,124
01/10/2022,FSD,SD,AGL,CE,Combined TRACON& Tower with Radar,26,60,25,0,111,0,2,12,0,14,26,62,37,0,125,24,0,24,149
01/11/2022,FSD,SD,AGL,CE,Combined TRACON& Tower with Radar,31,55,47,21,154,0,1,10,0,11,31,56,57,21,165,6,6,12,177
01/12/2022,FSD,SD,AGL,CE,Combined TRACON& Tower with Radar,28,69,40,16,153,0,3,23,0,26,28,72,63,16,179,12,4,16,195
01/13/2022,FSD,SD,AGL,CE,Combined TRACON& Tower with Radar,35,91,48,16,190,0,0,10,0,10,35,91,58,16,200,0,6,6,206
01/14/2022,FSD,SD,AGL,CE,Combined TRACON& Tower with Radar,40,51,13,0,104,0,0,0,0,0,40,51,13,0,104,0,0,0,104
01/15/2022,FSD,SD,AGL,CE,Combined TRACON& Tower with Radar,19,42,21,0,82,0,6,8,1,15,19,48,29,1,97,14,0,14,111
01/16/2022,FSD,SD,AGL,CE,Combined TRACON& Tower with Radar,27,28,29,0,84,0,1,12,1,14,27,29,41,1,98,26,0,26,124
01/17/2022,FSD,SD,AGL,CE,Combined TRACON& Tower with Radar,34,46,49,0,129,0,0,26,0,26,34,46,75,0,155,14,0,14,169
01/18/2022,FSD,SD,AGL,CE,Combined TRACON& Tower with Radar,27,85,47,9,168,0,4,15,0,19,27,89,62,9,187,8,0,8,195
01/19/2022,FSD,SD,AGL,CE,Combined TRACON& Tower with Radar,29,74,49,7,159,0,1,25,0,26,29,75,74,7,185,18,4,22,207
01/20/2022,FSD,SD,AGL,CE,Combined TRACON& Tower with Radar,38,69,52,11,170,0,6,19,2,27,38,75,71,13,197,34,4,38,235
01/21/2022,FSD,SD,AGL,CE,Combined TRACON& Tower with Radar,37,77,21,8,143,0,2,5,0,7,37,79,26,8,150,2,0,2,152
01/22/2022,FSD,SD,AGL,CE,Combined TRACON& Tower with Radar,22,52,20,2,96,0,0,8,0,8,22,52,28,2,104,12,0,12,116
01/23/2022,FSD,SD,AGL,CE,Combined TRACON& Tower with Radar,30,32,9,0,71,0,0,4,0,4,30,32,13,0,75,0,0,0,75
01/24/2022,FSD,SD,AGL,CE,Combined TRACON& Tower with Radar,35,63,29,16,143,0,1,18,0,19,35,64,47,16,162,2,0,2,164
01/25/2022,FSD,SD,AGL,CE,Combined TRACON& Tower with Radar,28,78,34,17,157,0,2,24,3,29,28,80,58,20,186,4,0,4,190
01/26/2022,FSD,SD,AGL,CE,Combined TRACON& Tower with Radar,30,73,42,17,162,0,4,19,0,23,30,77,61,17,185,28,0,28,213
01/27/2022,FSD,SD,AGL,CE,Combined TRACON& Tower with Radar,38,83,39,15,175,0,7,33,0,40,38,90,72,15,215,44,0,44,259
01/28/2022,FSD,SD,AGL,CE,Combined TRACON& Tower with Radar,48,53,29,0,130,0,7,28,0,35,48,60,57,0,165,38,0,38,203
01/29/2022,FSD,SD,AGL,CE,Combined TRACON& Tower with Radar,24,43,22,0,89,0,1,26,0,27,24,44,48,0,116,50,0,50,166
01/30/2022,FSD,SD,AGL,CE,Combined TRACON& Tower with Radar,29,37,18,0,84,0,0,23,0,23,29,37,41,0,107,10,0,10,117
01/31/2022,FSD,SD,AGL,CE,Combined TRACON& Tower with Radar,35,57,60,0,152,0,5,31,0,36,35,62,91,0,188,8,0,8,196
02/01/2022,FSD,SD,AGL,CE,Combined TRACON& Tower with Radar,27,73,54,10,164,0,3,27,0,30,27,76,81,10,194,4,4,8,202
02/02/2022,FSD,SD,AGL,CE,Combined TRACON& Tower with Radar,31,67,52,10,160,1,7,24,1,33,32,74,76,11,193,12,6,18,211
02/03/2022,FSD,SD,AGL,CE,Combined TRACON& Tower with Radar,29,72,56,15,172,0,6,36,3,45,29,78,92,18,217,48,0,48,265
02/04/2022,FSD,SD,AGL,CE,Combined TRACON& Tower with Radar,37,55,38,6,136,0,4,16,0,20,37,59,54,6,156,0,4,4,160
02/05/2022,FSD,SD,AGL,CE,Combined TRACON& Tower with Radar,20,45,26,9,100,0,4,26,2,32,20,49,52,11,132,30,6,36,168
02/06/2022,FSD,SD,AGL,CE,Combined TRACON& Tower with Radar,32,39,26,0,97,0,0,3,0,3,32,39,29,0,100,2,0,2,102
02/07/2022,FSD,SD,AGL,CE,Combined TRACON& Tower with Radar,38,54,49,0,141,0,8,53,0,61,38,62,102,0,202,66,0,66,268
02/08/2022,FSD,SD,AGL,CE,Combined TRACON& Tower with Radar,26,66,40,11,143,0,2,18,0,20,26,68,58,11,163,8,18,26,189
02/09/2022,FSD,SD,AGL,CE,Combined TRACON& Tower with Radar,27,78,34,13,152,0,2,10,0,12,27,80,44,13,164,6,22,28,192
02/10/2022,FSD,SD,AGL,CE,Combined TRACON& Tower with Radar,41,78,44,11,174,0,1,6,0,7,41,79,50,11,181,6,20,26,207
02/11/2022,FSD,SD,AGL,CE,Combined TRACON& Tower with Radar,39,73,24,11,147,0,0,2,0,2,39,73,26,11,149,0,6,6,155
02/12/2022,FSD,SD,AGL,CE,Combined TRACON& Tower with Radar,24,54,24,0,102,0,1,20,0,21,24,55,44,0,123,6,0,6,129
02/13/2022,FSD,SD,AGL,CE,Combined TRACON& Tower with Radar,34,34,23,0,91,0,3,27,0,30,34,37,50,0,121,4,0,4,125
02/14/2022,FSD,SD,AGL,CE,Combined TRACON& Tower with Radar,39,62,47,0,148,0,5,55,0,60,39,67,102,0,208,14,0,14,222
02/15/2022,FSD,SD,AGL,CE,Combined TRACON& Tower with Radar,28,83,51,11,173,0,10,46,0,56,28,93,97,11,229,38,0,38,267
02/16/2022,FSD,SD,AGL,CE,Combined TRACON& Tower with Radar,36,91,66,16,209,0,5,26,0,31,36,96,92,16,240,18,12,30,270
02/17/2022,FSD,SD,AGL,CE,Combined TRACON& Tower with Radar,40,68,56,14,178,0,8,54,1,63,40,76,110,15,241,92,6,98,339
02/18/2022,FSD,SD,AGL,CE,Combined TRACON& Tower with Radar,35,73,27,1,136,0,3,6,0,9,35,76,33,1,145,0,0,0,145
02/19/2022,FSD,SD,AGL,CE,Combined TRACON& Tower with Radar,31,47,21,1,100,0,5,25,2,32,31,52,46,3,132,12,0,12,144
02/20/2022,FSD,SD,AGL,CE,Combined TRACON& Tower with Radar,28,36,46,0,110,0,1,48,0,49,28,37,94,0,159,16,0,16,175
02/21/2022,FSD,SD,AGL,CE,Combined TRACON& Tower with Radar,32,46,34,0,112,0,1,1,0,2,32,47,35,0,114,0,0,0,114
02/22/2022,FSD,SD,AGL,CE,Combined TRACON& Tower with Radar,31,67,22,0,120,0,0,0,0,0,31,67,22,0,120,0,0,0,120
02/23/2022,FSD,SD,AGL,CE,Combined TRACON& Tower with Radar,35,74,46,14,169,0,8,31,2,41,35,82,77,16,210,24,6,30,240
02/24/2022,FSD,SD,AGL,CE,Combined TRACON& Tower with Radar,32,84,37,0,153,0,0,5,0,5,32,84,42,0,158,2,0,2,160
02/25/2022,FSD,SD,AGL,CE,Combined TRACON& Tower with Radar,33,68,24,2,127,0,13,28,0,41,33,81,52,2,168,14,0,14,182
02/26/2022,FSD,SD,AGL,CE,Combined TRACON& Tower with Radar,32,36,27,1,96,0,3,30,0,33,32,39,57,1,129,10,0,10,139
02/27/2022,FSD,SD,AGL,CE,Combined TRACON& Tower with Radar,27,33,41,0,101,0,9,39,0,48,27,42,80,0,149,46,0,46,195
02/28/2022,FSD,SD,AGL,CE,Combined TRACON& Tower with Radar,35,65,45,0,145,0,3,51,0,54,35,68,96,0,199,0,0,0,199
03/01/2022,FSD,SD,AGL,CE,Combined TRACON& Tower with Radar,30,76,58,8,172,0,1,46,0,47,30,77,104,8,219,76,4,80,299
03/02/2022,FSD,SD,AGL,CE,Combined TRACON& Tower with Radar,36,75,45,11,167,0,1,7,0,8,36,76,52,11,175,0,2,2,177
03/03/2022,FSD,SD,AGL,CE,Combined TRACON& Tower with Radar,38,76,44,17,175,0,2,23,0,25,38,78,67,17,200,24,18,42,242
03/04/2022,FSD,SD,AGL,CE,Combined TRACON& Tower with Radar,42,60,33,7,142,0,1,27,0,28,42,61,60,7,170,0,0,0,170
03/05/2022,FSD,SD,AGL,CE,Combined TRACON& Tower with Radar,34,45,20,0,99,0,0,0,0,0,34,45,20,0,99,0,0,0,99
03/06/2022,FSD,SD,AGL,CE,Combined TRACON& Tower with Radar,30,27,15,0,72,0,1,0,0,1,30,28,15,0,73,0,0,0,73
03/07/2022,FSD,SD,AGL,CE,Combined TRACON& Tower with Radar,35,67,54,0,156,0,3,50,3,56,35,70,104,3,212,72,0,72,284
03/08/2022,FSD,SD,AGL,CE,Combined TRACON& Tower with Radar,33,73,46,13,165,0,2,17,0,19,33,75,63,13,184,6,4,10,194
03/09/2022,FSD,SD,AGL,CE,Combined TRACON& Tower with Radar,38,70,57,14,179,0,3,5,0,8,38,73,62,14,187,4,0,4,191
03/10/2022,FSD,SD,AGL,CE,Combined TRACON& Tower with Radar,38,79,64,13,194,0,2,31,1,34,38,81,95,14,228,30,18,48,276
03/11/2022,FSD,SD,AGL,CE,Combined TRACON& Tower with Radar,39,64,32,5,140,0,8,10,0,18,39,72,42,5,158,10,6,16,174
03/12/2022,FSD,SD,AGL,CE,Combined TRACON& Tower with Radar,38,48,15,0,101,0,1,11,1,13,38,49,26,1,114,14,0,14,128
03/13/2022,FSD,SD,AGL,CE,Combined TRACON& Tower with Radar,27,37,35,0,99,0,2,31,1,34,27,39,66,1,133,16,0,16,149
03/14/2022,FSD,SD,AGL,CE,Combined TRACON& Tower with Radar,33,62,68,16,179,0,0,3,0,3,33,62,71,16,182,40,0,40,222
03/15/2022,FSD,SD,AGL,CE,Combined TRACON& Tower with Radar,32,68,55,17,172,0,6,38,0,44,32,74,93,17,216,4,6,10,226
03/16/2022,FSD,SD,AGL,CE,Combined TRACON& Tower with Radar,40,72,55,18,185,0,11,37,0,48,40,83,92,18,233,32,6,38,271
03/17/2022,FSD,SD,AGL,CE,Combined TRACON& Tower with Radar,38,74,48,12,172,0,6,26,0,32,38,80,74,12,204,40,8,48,252
03/18/2022,FSD,SD,AGL,CE,Combined TRACON& Tower with Radar,40,74,35,10,159,0,0,20,0,20,40,74,55,10,179,52,0,52,231
03/19/2022,FSD,SD,AGL,CE,Combined TRACON& Tower with Radar,34,42,28,0,104,0,9,26,0,35,34,51,54,0,139,30,0,30,169
03/20/2022,FSD,SD,AGL,CE,Combined TRACON& Tower with Radar,25,33,39,0,97,0,8,24,2,34,25,41,63,2,131,18,0,18,149
03/21/2022,FSD,SD,AGL,CE,Combined TRACON& Tower with Radar,36,58,35,0,129,0,2,21,0,23,36,60,56,0,152,10,0,10,162
03/22/2022,FSD,SD,AGL,CE,Combined TRACON& Tower with Radar,26,70,49,7,152,0,0,2,0,2,26,70,51,7,154,0,0,0,154
03/23/2022,FSD,SD,AGL,CE,Combined TRACON& Tower with Radar,38,79,30,14,161,0,0,2,0,2,38,79,32,14,163,4,14,18,181
03/24/2022,FSD,SD,AGL,CE,Combined TRACON& Tower with Radar,40,73,36,12,161,0,2,16,1,19,40,75,52,13,180,38,4,42,222
03/25/2022,FSD,SD,AGL,CE,Combined TRACON& Tower with Radar,42,62,28,5,137,0,4,2,0,6,42,66,30,5,143,0,4,4,147
03/26/2022,FSD,SD,AGL,CE,Combined TRACON& Tower with Radar,36,32,21,0,89,1,4,43,0,48,37,36,64,0,137,56,0,56,193
03/27/2022,FSD,SD,AGL,CE,Combined TRACON& Tower with Radar,30,25,32,0,87,0,2,50,0,52,30,27,82,0,139,30,0,30,169
03/28/2022,FSD,SD,AGL,CE,Combined TRACON& Tower with Radar,39,56,48,2,145,0,14,25,0,39,39,70,73,2,184,0,0,0,184
03/29/2022,FSD,SD,AGL,CE,Combined TRACON& Tower with Radar,33,59,50,11,153,0,2,19,1,22,33,61,69,12,175,6,4,10,185
03/30/2022,FSD,SD,AGL,CE,Combined TRACON& Tower with Radar,39,60,36,0,135,0,0,1,0,1,39,60,37,0,136,0,0,0,136
03/31/2022,FSD,SD,AGL,CE,Combined TRACON& Tower with Radar,42,64,36,9,151,0,2,29,0,31,42,66,65,9,182,46,0,46,228
04/01/2022,FSD,SD,AGL,CE,Combined TRACON& Tower with Radar,40,55,34,4,133,0,1,29,0,30,40,56,63,4,163,10,0,10,173
04/02/2022,FSD,SD,AGL,CE,Combined TRACON& Tower with Radar,36,33,24,0,93,0,2,34,0,36,36,35,58,0,129,46,0,46,175
04/03/2022,FSD,SD,AGL,CE,Combined TRACON& Tower with Radar,30,19,16,0,65,0,0,12,0,12,30,19,28,0,77,0,0,0,77
04/04/2022,FSD,SD,AGL,CE,Combined TRACON& Tower with Radar,38,61,50,0,149,0,6,24,0,30,38,67,74,0,179,38,0,38,217
04/05/2022,FSD,SD,AGL,CE,Combined TRACON& Tower with Radar,31,81,36,0,148,0,3,6,0,9,31,84,42,0,157,0,0,0,157
04/06/2022,FSD,SD,AGL,CE,Combined TRACON& Tower with Radar,37,85,43,3,168,0,2,1,1,4,37,87,44,4,172,0,2,2,174
04/07/2022,FSD,SD,AGL,CE,Combined TRACON& Tower with Radar,31,78,30,0,139,0,0,0,0,0,31,78,30,0,139,0,0,0,139
04/08/2022,FSD,SD,AGL,CE,Combined TRACON& Tower with Radar,40,73,38,0,151,0,5,23,0,28,40,78,61,0,179,34,0,34,213
04/09/2022,FSD,SD,AGL,CE,Combined TRACON& Tower with Radar,31,34,20,0,85,0,4,28,0,32,31,38,48,0,117,16,0,16,133
04/10/2022,FSD,SD,AGL,CE,Combined TRACON& Tower with Radar,26,33,39,0,98,0,1,21,0,22,26,34,60,0,120,22,0,22,142
04/11/2022,FSD,SD,AGL,CE,Combined TRACON& Tower with Radar,35,62,56,1,154,0,5,28,2,35,35,67,84,3,189,38,0,38,227
04/12/2022,FSD,SD,AGL,CE,Combined TRACON& Tower with Radar,32,67,54,0,153,0,1,5,0,6,32,68,59,0,159,0,0,0,159
04/13/2022,FSD,SD,AGL,CE,Combined TRACON& Tower with Radar,46,67,42,1,156,0,0,5,0,5,46,67,47,1,161,4,0,4,165
04/14/2022,FSD,SD,AGL,CE,Combined TRACON& Tower with Radar,41,46,29,0,116,0,1,2,0,3,41,47,31,0,119,0,0,0,119
04/15/2022,FSD,SD,AGL,CE,Combined TRACON& Tower with Radar,39,59,40,5,143,0,1,11,0,12,39,60,51,5,155,20,0,20,175
04/16/2022,FSD,SD,AGL,CE,Combined TRACON& Tower with Radar,35,29,18,2,84,0,3,27,0,30,35,32,45,2,114,10,0,10,124
04/17/2022,FSD,SD,AGL,CE,Combined TRACON& Tower with Radar,30,30,7,3,70,0,2,3,0,5,30,32,10,3,75,0,0,0,75
04/18/2022,FSD,SD,AGL,CE,Combined TRACON& Tower with Radar,40,61,43,3,147,0,3,14,0,17,40,64,57,3,164,14,0,14,178
04/19/2022,FSD,SD,AGL,CE,Combined TRACON& Tower with Radar,28,105,65,11,209,0,4,16,1,21,28,109,81,12,230,2,8,10,240
04/20/2022,FSD,SD,AGL,CE,Combined TRACON& Tower with Radar,39,79,44,28,190,0,0,21,3,24,39,79,65,31,214,18,22,40,254
04/21/2022,FSD,SD,AGL,CE,Combined TRACON& Tower with Radar,41,75,60,12,188,0,8,37,0,45,41,83,97,12,233,54,10,64,297
04/22/2022,FSD,SD,AGL,CE,Combined TRACON& Tower with Radar,40,84,38,9,171,0,0,0,0,0,40,84,38,9,171,0,0,0,171
04/23/2022,FSD,SD,AGL,CE,Combined TRACON& Tower with Radar,40,45,13,2,100,0,1,0,0,1,40,46,13,2,101,0,0,0,101
04/24/2022,FSD,SD,AGL,CE,Combined TRACON& Tower with Radar,28,35,22,0,85,0,2,0,0,2,28,37,22,0,87,0,0,0,87
04/25/2022,FSD,SD,AGL,CE,Combined TRACON& Tower with Radar,35,59,45,2,141,0,2,16,0,18,35,61,61,2,159,8,0,8,167
04/26/2022,FSD,SD,AGL,CE,Combined TRACON& Tower with Radar,33,76,69,15,193,0,3,47,1,51,33,79,116,16,244,28,26,54,298
04/27/2022,FSD,SD,AGL,CE,Combined TRACON& Tower with Radar,41,75,47,10,173,0,3,23,1,27,41,78,70,11,200,4,10,14,214
04/28/2022,FSD,SD,AGL,CE,Combined TRACON& Tower with Radar,42,79,66,14,201,0,3,19,0,22,42,82,85,14,223,2,0,2,225
04/29/2022,FSD,SD,AGL,CE,Combined TRACON& Tower with Radar,39,66,39,1,145,0,0,0,0,0,39,66,39,1,145,0,0,0,145
04/30/2022,FSD,SD,AGL,CE,Combined TRACON& Tower with Radar,33,44,17,1,95,0,1,0,0,1,33,45,17,1,96,0,0,0,96
05/01/2022,FSD,SD,AGL,CE,Combined TRACON& Tower with Radar,30,26,16,8,80,0,1,0,1,2,30,27,16,9,82,0,0,0,82
05/02/2022,FSD,SD,AGL,CE,Combined TRACON& Tower with Radar,32,49,54,1,136,0,2,1,0,3,32,51,55,1,139,4,0,4,143
05/03/2022,FSD,SD,AGL,CE,Combined TRACON& Tower with Radar,33,79,56,15,183,0,1,26,0,27,33,80,82,15,210,0,0,0,210
05/04/2022,FSD,SD,AGL,CE,Combined TRACON& Tower with Radar,41,81,54,17,193,0,1,28,0,29,41,82,82,17,222,52,26,78,300
05/05/2022,FSD,SD,AGL,CE,Combined TRACON& Tower with Radar,43,79,52,14,188,0,2,2,0,4,43,81,54,14,192,12,0,12,204
05/06/2022,FSD,SD,AGL,CE,Combined TRACON& Tower with Radar,41,69,46,17,173,0,0,29,0,29,41,69,75,17,202,16,14,30,232
05/07/2022,FSD,SD,AGL,CE,Combined TRACON& Tower with Radar,36,33,34,0,103,0,2,18,1,21,36,35,52,1,124,10,0,10,134
05/08/2022,FSD,SD,AGL,CE,Combined TRACON& Tower with Radar,35,34,24,0,93,0,1,1,0,2,35,35,25,0,95,0,0,0,95
05/09/2022,FSD,SD,AGL,CE,Combined TRACON& Tower with Radar,39,44,41,2,126,0,3,7,0,10,39,47,48,2,136,22,2,24,160
05/10/2022,FSD,SD,AGL,CE,Combined TRACON& Tower with Radar,38,69,32,20,159,0,7,34,1,42,38,76,66,21,201,56,24,80,281
05/11/2022,FSD,SD,AGL,CE,Combined TRACON& Tower with Radar,53,73,40,7,173,0,1,6,0,7,53,74,46,7,180,0,4,4,184
05/12/2022,FSD,SD,AGL,CE,Combined TRACON& Tower with Radar,45,58,55,0,158,0,4,18,2,24,45,62,73,2,182,0,0,0,182
05/13/2022,FSD,SD,AGL,CE,Combined TRACON& Tower with Radar,43,70,37,9,159,0,1,37,2,40,43,71,74,11,199,16,16,32,231
05/14/2022,FSD,SD,AGL,CE,Combined TRACON& Tower with Radar,41,33,22,0,96,0,2,20,0,22,41,35,42,0,118,14,0,14,132
05/15/2022,FSD,SD,AGL,CE,Combined TRACON& Tower with Radar,36,31,26,0,93,0,5,22,0,27,36,36,48,0,120,24,0,24,144
05/16/2022,FSD,SD,AGL,CE,Combined TRACON& Tower with Radar,39,59,39,0,137,0,0,28,0,28,39,59,67,0,165,38,0,38,203
05/17/2022,FSD,SD,AGL,CE,Combined TRACON& Tower with Radar,38,74,38,9,159,0,4,4,0,8,38,78,42,9,167,0,10,10,177
05/18/2022,FSD,SD,AGL,CE,Combined TRACON& Tower with Radar,46,62,65,16,189,0,5,26,0,31,46,67,91,16,220,18,8,26,246
05/19/2022,FSD,SD,AGL,CE,Combined TRACON& Tower with Radar,48,79,46,25,198,0,0,31,1,32,48,79,77,26,230,2,20,22,252
05/20/2022,FSD,SD,AGL,CE,Combined TRACON& Tower with Radar,43,63,42,6,154,0,1,20,2,23,43,64,62,8,177,0,20,20,197
05/21/2022,FSD,SD,AGL,CE,Combined TRACON& Tower with Radar,35,42,32,8,117,1,2,27,1,31,36,44,59,9,148,20,0,20,168
05/22/2022,FSD,SD,AGL,CE,Combined TRACON& Tower with Radar,39,26,43,0,108,0,3,29,0,32,39,29,72,0,140,52,0,52,192
05/23/2022,FSD,SD,AGL,CE,Combined TRACON& Tower with Radar,40,45,56,2,143,0,2,35,1,38,40,47,91,3,181,0,0,0,181
05/24/2022,FSD,SD,AGL,CE,Combined TRACON& Tower with Radar,40,69,54,14,177,0,2,31,0,33,40,71,85,14,210,14,6,20,230
05/25/2022,FSD,SD,AGL,CE,Combined TRACON& Tower with Radar,46,69,46,30,191,0,0,1,0,1,46,69,47,30,192,0,0,0,192
05/26/2022,FSD,SD,AGL,CE,Combined TRACON& Tower with Radar,46,56,56,13,171,0,7,33,2,42,46,63,89,15,213,20,0,20,233
05/27/2022,FSD,SD,AGL,CE,Combined TRACON& Tower with Radar,40,56,41,0,137,0,7,42,0,49,40,63,83,0,186,18,0,18,204
05/28/2022,FSD,SD,AGL,CE,Combined TRACON& Tower with Radar,36,35,24,0,95,0,12,23,1,36,36,47,47,1,131,0,0,0,131
05/29/2022,FSD,SD,AGL,CE,Combined TRACON& Tower with Radar,35,36,23,0,94,0,3,15,0,18,35,39,38,0,112,18,0,18,130
05/30/2022,FSD,SD,AGL,CE,Combined TRACON& Tower with Radar,44,17,10,0,71,0,1,0,0,1,44,18,10,0,72,0,0,0,72
05/31/2022,FSD,SD,AGL,CE,Combined TRACON& Tower with Radar,35,64,48,17,164,0,5,10,0,15,35,69,58,17,179,0,0,0,179
06/01/2022,FSD,SD,AGL,CE,Combined TRACON& Tower with Radar,46,55,59,24,184,0,6,46,11,63,46,61,105,35,247,24,32,56,303
06/02/2022,FSD,SD,AGL,CE,Combined TRACON& Tower with Radar,46,67,57,6,176,0,5,36,1,42,46,72,93,7,218,22,0,22,240
06/03/2022,FSD,SD,AGL,CE,Combined TRACON& Tower with Radar,39,69,48,6,162,0,5,29,0,34,39,74,77,6,196,12,0,12,208
06/04/2022,FSD,SD,AGL,CE,Combined TRACON& Tower with Radar,29,38,37,5,109,0,2,11,0,13,29,40,48,5,122,0,0,0,122
06/05/2022,FSD,SD,AGL,CE,Combined TRACON& Tower with Radar,37,40,44,1,122,0,3,0,0,3,37,43,44,1,125,0,0,0,125
06/06/2022,FSD,SD,AGL,CE,Combined TRACON& Tower with Radar,35,65,72,1,173,0,4,16,1,21,35,69,88,2,194,22,0,22,216
06/07/2022,FSD,SD,AGL,CE,Combined TRACON& Tower with Radar,42,67,71,0,180,0,2,40,1,43,42,69,111,1,223,32,0,32,255
06/08/2022,FSD,SD,AGL,CE,Combined TRACON& Tower with Radar,42,78,76,0,196,0,0,40,0,40,42,78,116,0,236,20,0,20,256
06/09/2022,FSD,SD,AGL,CE,Combined TRACON& Tower with Radar,46,69,67,21,203,0,1,32,1,34,46,70,99,22,237,6,12,18,255
06/10/2022,FSD,SD,AGL,CE,Combined TRACON& Tower with Radar,43,68,49,1,161,0,0,21,2,23,43,68,70,3,184,18,16,34,218
06/11/2022,FSD,SD,AGL,CE,Combined TRACON& Tower with Radar,33,46,28,3,110,0,2,15,7,24,33,48,43,10,134,6,6,12,146
06/12/2022,FSD,SD,AGL,CE,Combined TRACON& Tower with Radar,35,42,36,2,115,0,2,26,4,32,35,44,62,6,147,28,0,28,175
06/13/2022,FSD,SD,AGL,CE,Combined TRACON& Tower with Radar,37,70,65,3,175,0,3,3,4,10,37,73,68,7,185,2,8,10,195
06/14/2022,FSD,SD,AGL,CE,Combined TRACON& Tower with Radar,40,79,62,35,216,0,7,23,1,31,40,86,85,36,247,16,10,26,273
06/15/2022,FSD,SD,AGL,CE,Combined TRACON& Tower with Radar,42,72,77,26,217,0,11,35,2,48,42,83,112,28,265,28,22,50,315
06/16/2022,FSD,SD,AGL,CE,Combined TRACON& Tower with Radar,45,69,52,39,205,0,1,24,2,27,45,70,76,41,232,34,24,58,290
06/17/2022,FSD,SD,AGL,CE,Combined TRACON& Tower with Radar,43,66,44,16,169,0,3,25,3,31,43,69,69,19,200,22,14,36,236
06/18/2022,FSD,SD,AGL,CE,Combined TRACON& Tower with Radar,33,32,32,2,99,0,4,6,0,10,33,36,38,2,109,0,0,0,109
06/19/2022,FSD,SD,AGL,CE,Combined TRACON& Tower with Radar,36,37,22,2,97,0,1,13,4,18,36,38,35,6,115,0,0,0,115
06/20/2022,FSD,SD,AGL,CE,Combined TRACON& Tower with Radar,36,54,67,0,157,0,12,16,0,28,36,66,83,0,185,10,0,10,195
06/21/2022,FSD,SD,AGL,CE,Combined TRACON& Tower with Radar,39,75,62,41,217,0,5,18,4,27,39,80,80,45,244,41,32,73,317
06/22/2022,FSD,SD,AGL,CE,Combined TRACON& Tower with Radar,42,69,60,47,218,1,10,25,2,38,43,79,85,49,256,26,34,60,316
06/23/2022,FSD,SD,AGL,CE,Combined TRACON& Tower with Radar,46,71,60,26,203,0,17,28,4,49,46,88,88,30,252,0,6,6,258
06/24/2022,FSD,SD,AGL,CE,Combined TRACON& Tower with Radar,43,79,56,29,207,0,9,22,1,32,43,88,78,30,239,8,36,44,283
06/25/2022,FSD,SD,AGL,CE,Combined TRACON& Tower with Radar,39,44,22,6,111,0,2,7,0,9,39,46,29,6,120,0,0,0,120
06/26/2022,FSD,SD,AGL,CE,Combined TRACON& Tower with Radar,39,34,37,0,110,0,4,26,0,30,39,38,63,0,140,0,0,0,140
06/27/2022,FSD,SD,AGL,CE,Combined TRACON& Tower with Radar,39,50,55,0,144,0,5,32,0,37,39,55,87,0,181,24,0,24,205
06/28/2022,FSD,SD,AGL,CE,Combined TRACON& Tower with Radar,44,73,52,18,187,0,10,47,0,57,44,83,99,18,244,56,4,60,304
06/29/2022,FSD,SD,AGL,CE,Combined TRACON& Tower with Radar,48,60,54,18,180,0,12,19,1,32,48,72,73,19,212,0,2,2,214
06/30/2022,FSD,SD,AGL,CE,Combined TRACON& Tower with Radar,50,74,50,11,185,0,10,41,0,51,50,84,91,11,236,58,20,78,314
07/01/2022,FSD,SD,AGL,CE,Combined TRACON& Tower with Radar,44,43,50,0,137,0,4,37,1,42,44,47,87,1,179,40,0,40,219
07/02/2022,FSD,SD,AGL,CE,Combined TRACON& Tower with Radar,42,35,13,0,90,0,2,22,0,24,42,37,35,0,114,0,0,0,114
07/03/2022,FSD,SD,AGL,CE,Combined TRACON& Tower with Radar,36,23,19,0,78,0,5,7,1,13,36,28,26,1,91,6,0,6,97
07/04/2022,FSD,SD,AGL,CE,Combined TRACON& Tower with Radar,33,33,20,0,86,0,3,21,0,24,33,36,41,0,110,0,0,0,110
07/05/2022,FSD,SD,AGL,CE,Combined TRACON& Tower with Radar,46,57,30,10,143,0,4,8,0,12,46,61,38,10,155,8,8,16,171
07/06/2022,FSD,SD,AGL,CE,Combined TRACON& Tower with Radar,43,72,60,13,188,1,1,22,5,29,44,73,82,18,217,30,4,34,251
07/07/2022,FSD,SD,AGL,CE,Combined TRACON& Tower with Radar,49,67,39,12,167,0,3,2,2,7,49,70,41,14,174,0,6,6,180
07/08/2022,FSD,SD,AGL,CE,Combined TRACON& Tower with Radar,44,64,43,16,167,0,0,24,1,25,44,64,67,17,192,48,12,60,252
07/09/2022,FSD,SD,AGL,CE,Combined TRACON& Tower with Radar,38,27,28,2,95,0,0,33,0,33,38,27,61,2,128,28,0,28,156
07/10/2022,FSD,SD,AGL,CE,Combined TRACON& Tower with Radar,43,25,42,0,110,0,0,16,0,16,43,25,58,0,126,0,0,0,126
07/11/2022,FSD,SD,AGL,CE,Combined TRACON& Tower with Radar,41,47,43,0,131,0,6,34,4,44,41,53,77,4,175,10,0,10,185
07/12/2022,FSD,SD,AGL,CE,Combined TRACON& Tower with Radar,39,65,51,14,169,0,13,30,2,45,39,78,81,16,214,18,24,42,256
07/13/2022,FSD,SD,AGL,CE,Combined TRACON& Tower with Radar,44,69,54,22,189,0,8,51,12,71,44,77,105,34,260,66,44,110,370
07/14/2022,FSD,SD,AGL,CE,Combined TRACON& Tower with Radar,50,71,65,25,211,0,5,45,4,54,50,76,110,29,265,78,22,100,365
07/15/2022,FSD,SD,AGL,CE,Combined TRACON& Tower with Radar,46,49,36,15,146,0,1,30,2,33,46,50,66,17,179,12,6,18,197
07/16/2022,FSD,SD,AGL,CE,Combined TRACON& Tower with Radar,40,32,24,0,96,0,1,7,0,8,40,33,31,0,104,0,0,0,104
07/17/2022,FSD,SD,AGL,CE,Combined TRACON& Tower with Radar,40,35,49,0,124,0,1,25,0,26,40,36,74,0,150,42,0,42,192
07/18/2022,FSD,SD,AGL,CE,Combined TRACON& Tower with Radar,42,49,42,0,133,0,5,30,0,35,42,54,72,0,168,18,0,18,186
07/19/2022,FSD,SD,AGL,CE,Combined TRACON& Tower with Radar,40,58,57,7,162,0,1,17,3,21,40,59,74,10,183,4,18,22,205
07/20/2022,FSD,SD,AGL,CE,Combined TRACON& Tower with Radar,45,62,42,12,161,0,5,27,1,33,45,67,69,13,194,34,18,52,246
07/21/2022,FSD,SD,AGL,CE,Combined TRACON& Tower with Radar,54,59,56,23,192,0,5,33,1,39,54,64,89,24,231,18,18,36,267
07/22/2022,FSD,SD,AGL,CE,Combined TRACON& Tower with Radar,46,54,41,17,158,0,3,37,0,40,46,57,78,17,198,20,20,40,238
07/23/2022,FSD,SD,AGL,CE,Combined TRACON& Tower with Radar,42,36,34,0,112,0,0,28,2,30,42,36,62,2,142,0,0,0,142
07/24/2022,FSD,SD,AGL,CE,Combined TRACON& Tower with Radar,39,27,41,1,108,0,9,37,1,47,39,36,78,2,155,16,0,16,171
07/25/2022,FSD,SD,AGL,CE,Combined TRACON& Tower with Radar,41,42,49,2,134,0,4,25,1,30,41,46,74,3,164,0,0,0,164
07/26/2022,FSD,SD,AGL,CE,Combined TRACON& Tower with Radar,42,57,42,14,155,0,1,16,0,17,42,58,58,14,172,4,0,4,176
07/27/2022,FSD,SD,AGL,CE,Combined TRACON& Tower with Radar,43,67,65,21,196,0,6,34,0,40,43,73,99,21,236,26,14,40,276
07/28/2022,FSD,SD,AGL,CE,Combined TRACON& Tower with Radar,51,63,53,24,191,0,1,54,5,60,51,64,107,29,251,0,20,20,271
07/29/2022,FSD,SD,AGL,CE,Combined TRACON& Tower with Radar,46,55,72,27,200,0,2,41,0,43,46,57,113,27,243,28,38,66,309
07/30/2022,FSD,SD,AGL,CE,Combined TRACON& Tower with Radar,39,34,25,0,98,0,4,38,0,42,39,38,63,0,140,0,0,0,140
07/31/2022,FSD,SD,AGL,CE,Combined TRACON& Tower with Radar,41,32,35,0,108,0,1,15,1,17,41,33,50,1,125,0,0,0,125
08/01/2022,FSD,SD,AGL,CE,Combined TRACON& Tower with Radar,40,48,41,0,129,0,1,27,2,30,40,49,68,2,159,0,0,0,159
08/02/2022,FSD,SD,AGL,CE,Combined TRACON& Tower with Radar,36,61,44,13,154,0,4,20,2,26,36,65,64,15,180,0,8,8,188
08/03/2022,FSD,SD,AGL,CE,Combined TRACON& Tower with Radar,41,59,62,21,183,0,5,31,13,49,41,64,93,34,232,20,46,66,298
08/04/2022,FSD,SD,AGL,CE,Combined TRACON& Tower with Radar,45,73,42,18,178,0,5,41,10,56,45,78,83,28,234,18,32,50,284
08/05/2022,FSD,SD,AGL,CE,Combined TRACON& Tower with Radar,38,62,49,6,155,0,2,26,1,29,38,64,75,7,184,0,8,8,192
08/06/2022,FSD,SD,AGL,CE,Combined TRACON& Tower with Radar,37,39,24,5,105,0,0,2,0,2,37,39,26,5,107,0,0,0,107
08/07/2022,FSD,SD,AGL,CE,Combined TRACON& Tower with Radar,38,33,41,6,118,0,0,0,0,0,38,33,41,6,118,0,0,0,118
08/08/2022,FSD,SD,AGL,CE,Combined TRACON& Tower with Radar,37,59,53,0,149,0,5,45,0,50,37,64,98,0,199,74,0,74,273
08/09/2022,FSD,SD,AGL,CE,Combined TRACON& Tower with Radar,35,68,47,17,167,0,1,41,0,42,35,69,88,17,209,24,16,40,249
08/10/2022,FSD,SD,AGL,CE,Combined TRACON& Tower with Radar,40,58,63,17,178,0,11,40,5,56,40,69,103,22,234,50,26,76,310
08/11/2022,FSD,SD,AGL,CE,Combined TRACON& Tower with Radar,50,64,59,29,202,0,4,23,0,27,50,68,82,29,229,14,18,32,261
08/12/2022,FSD,SD,AGL,CE,Combined TRACON& Tower with Radar,42,62,37,14,155,0,7,11,1,19,42,69,48,15,174,10,12,22,196
08/13/2022,FSD,SD,AGL,CE,Combined TRACON& Tower with Radar,35,38,29,2,104,0,2,12,0,14,35,40,41,2,118,14,0,14,132
08/14/2022,FSD,SD,AGL,CE,Combined TRACON& Tower with Radar,36,30,35,0,101,0,0,19,0,19,36,30,54,0,120,16,0,16,136
08/15/2022,FSD,SD,AGL,CE,Combined TRACON& Tower with Radar,37,61,69,0,167,0,1,0,0,1,37,62,69,0,168,0,0,0,168
08/16/2022,FSD,SD,AGL,CE,Combined TRACON& Tower with Radar,34,83,58,24,199,0,1,16,0,17,34,84,74,24,216,12,0,12,228
08/17/2022,FSD,SD,AGL,CE,Combined TRACON& Tower with Radar,34,69,55,17,175,0,10,22,0,32,34,79,77,17,207,40,22,62,269
08/18/2022,FSD,SD,AGL,CE,Combined TRACON& Tower with Radar,40,81,58,9,188,0,7,14,3,24,40,88,72,12,212,32,4,36,248
08/19/2022,FSD,SD,AGL,CE,Combined TRACON& Tower with Radar,33,75,35,8,151,0,0,5,0,5,33,75,40,8,156,0,0,0,156
08/20/2022,FSD,SD,AGL,CE,Combined TRACON& Tower with Radar,28,43,27,11,109,0,7,16,0,23,28,50,43,11,132,2,2,4,136
08/21/2022,FSD,SD,AGL,CE,Combined TRACON& Tower with Radar,38,34,26,2,100,0,0,12,0,12,38,34,38,2,112,6,0,6,118
08/22/2022,FSD,SD,AGL,CE,Combined TRACON& Tower with Radar,30,51,43,4,128,0,2,24,0,26,30,53,67,4,154,10,0,10,164
08/23/2022,FSD,SD,AGL,CE,Combined TRACON& Tower with Radar,36,60,52,18,166,0,2,20,2,24,36,62,72,20,190,2,10,12,202
08/24/2022,FSD,SD,AGL,CE,Combined TRACON& Tower with Radar,37,73,66,12,188,0,4,16,0,20,37,77,82,12,208,6,0,6,214
08/25/2022,FSD,SD,AGL,CE,Combined TRACON& Tower with Radar,41,67,70,17,195,0,4,29,1,34,41,71,99,18,229,6,6,12,241
08/26/2022,FSD,SD,AGL,CE,Combined TRACON& Tower with Radar,31,57,47,14,149,0,1,29,0,30,31,58,76,14,179,12,4,16,195
08/27/2022,FSD,SD,AGL,CE,Combined TRACON& Tower with Radar,36,33,38,2,109,0,3,29,0,32,36,36,67,2,141,5,6,11,152
08/28/2022,FSD,SD,AGL,CE,Combined TRACON& Tower with Radar,29,38,38,0,105,0,10,20,1,31,29,48,58,1,136,34,0,34,170
08/29/2022,FSD,SD,AGL,CE,Combined TRACON& Tower with Radar,28,53,51,0,132,0,5,38,0,43,28,58,89,0,175,36,0,36,211
08/30/2022,FSD,SD,AGL,CE,Combined TRACON& Tower with Radar,31,81,52,10,174,0,2,35,0,37,31,83,87,10,211,38,0,38,249
08/31/2022,FSD,SD,AGL,CE,Combined TRACON& Tower with Radar,32,64,47,17,160,0,1,25,0,26,32,65,72,17,186,21,18,39,225
09/01/2022,FSD,SD,AGL,CE,Combined TRACON& Tower with Radar,41,77,49,19,186,0,1,24,0,25,41,78,73,19,211,12,0,12,223
09/02/2022,FSD,SD,AGL,CE,Combined TRACON& Tower with Radar,33,58,49,6,146,0,4,35,2,41,33,62,84,8,187,40,0,40,227
09/03/2022,FSD,SD,AGL,CE,Combined TRACON& Tower with Radar,27,31,38,1,97,0,1,24,0,25,27,32,62,1,122,28,0,28,150
09/04/2022,FSD,SD,AGL,CE,Combined TRACON& Tower with Radar,32,29,15,0,76,0,5,12,2,19,32,34,27,2,95,14,0,14,109
09/05/2022,FSD,SD,AGL,CE,Combined TRACON& Tower with Radar,26,33,40,6,105,0,1,9,1,11,26,34,49,7,116,0,0,0,116
09/06/2022,FSD,SD,AGL,CE,Combined TRACON& Tower with Radar,31,58,68,24,181,0,7,24,1,32,31,65,92,25,213,6,26,32,245
09/07/2022,FSD,SD,AGL,CE,Combined TRACON& Tower with Radar,30,63,59,16,168,0,1,33,0,34,30,64,92,16,202,8,10,18,220
09/08/2022,FSD,SD,AGL,CE,Combined TRACON& Tower with Radar,42,73,60,13,188,0,4,20,0,24,42,77,80,13,212,6,4,10,222
09/09/2022,FSD,SD,AGL,CE,Combined TRACON& Tower with Radar,41,61,41,19,162,0,0,2,0,2,41,61,43,19,164,0,0,0,164
09/10/2022,FSD,SD,AGL,CE,Combined TRACON& Tower with Radar,36,27,23,10,96,0,9,39,4,52,36,36,62,14,148,18,0,18,166
09/11/2022,FSD,SD,AGL,CE,Combined TRACON& Tower with Radar,36,34,44,6,120,0,4,27,0,31,36,38,71,6,151,18,0,18,169
09/12/2022,FSD,SD,AGL,CE,Combined TRACON& Tower with Radar,35,51,67,2,155,0,7,49,2,58,35,58,116,4,213,22,0,22,235
09/13/2022,FSD,SD,AGL,CE,Combined TRACON& Tower with Radar,34,69,74,17,194,0,9,59,1,69,34,78,133,18,263,78,28,106,369
09/14/2022,FSD,SD,AGL,CE,Combined TRACON& Tower with Radar,34,78,65,12,189,0,2,52,1,55,34,80,117,13,244,24,4,28,272
09/15/2022,FSD,SD,AGL,CE,Combined TRACON& Tower with Radar,41,89,47,17,194,0,1,9,0,10,41,90,56,17,204,0,12,12,216
09/16/2022,FSD,SD,AGL,CE,Combined TRACON& Tower with Radar,38,72,65,6,181,0,0,33,0,33,38,72,98,6,214,68,0,68,282
09/17/2022,FSD,SD,AGL,CE,Combined TRACON& Tower with Radar,30,44,31,0,105,0,7,23,0,30,30,51,54,0,135,22,0,22,157
09/18/2022,FSD,SD,AGL,CE,Combined TRACON& Tower with Radar,36,30,33,0,99,0,1,23,2,26,36,31,56,2,125,24,0,24,149
09/19/2022,FSD,SD,AGL,CE,Combined TRACON& Tower with Radar,34,44,64,0,142,0,4,42,0,46,34,48,106,0,188,0,0,0,188
09/20/2022,FSD,SD,AGL,CE,Combined TRACON& Tower with Radar,35,80,76,1,192,0,8,54,0,62,35,88,130,1,254,64,0,64,318
09/21/2022,FSD,SD,AGL,CE,Combined TRACON& Tower with Radar,32,67,50,7,156,0,4,34,2,40,32,71,84,9,196,28,0,28,224
09/22/2022,FSD,SD,AGL,CE,Combined TRACON& Tower with Radar,44,66,47,9,166,0,1,43,0,44,44,67,90,9,210,54,6,60,270
09/23/2022,FSD,SD,AGL,CE,Combined TRACON& Tower with Radar,40,61,71,3,175,0,2,4,0,6,40,63,75,3,181,2,2,4,185
09/24/2022,FSD,SD,AGL,CE,Combined TRACON& Tower with Radar,34,45,19,18,116,0,1,11,4,16,34,46,30,22,132,2,6,8,140
09/25/2022,FSD,SD,AGL,CE,Combined TRACON& Tower with Radar,32,31,33,2,98,0,2,19,1,22,32,33,52,3,120,0,0,0,120
09/26/2022,FSD,SD,AGL,CE,Combined TRACON& Tower with Radar,35,50,69,0,154,0,3,45,2,50,35,53,114,2,204,10,0,10,214
09/27/2022,FSD,SD,AGL,CE,Combined TRACON& Tower with Radar,33,65,66,15,179,0,4,38,0,42,33,69,104,15,221,16,5,21,242
09/28/2022,FSD,SD,AGL,CE,Combined TRACON& Tower with Radar,32,77,55,6,170,0,9,38,0,47,32,86,93,6,217,28,6,34,251
09/29/2022,FSD,SD,AGL,CE,Combined TRACON& Tower with Radar,41,57,59,13,170,0,5,43,2,50,41,62,102,15,220,0,0,0,220
09/30/2022,FSD,SD,AGL,CE,Combined TRACON& Tower with Radar,40,60,55,3,158,0,6,40,0,46,40,66,95,3,204,28,0,28,232
10/01/2022,FSD,SD,AGL,CE,Combined TRACON& Tower with Radar,36,33,32,15,116,0,6,28,1,35,36,39,60,16,151,16,12,28,179
10/02/2022,FSD,SD,AGL,CE,Combined TRACON& Tower with Radar,35,28,38,6,107,0,3,20,3,26,35,31,58,9,133,6,4,10,143
10/03/2022,FSD,SD,AGL,CE,Combined TRACON& Tower with Radar,33,55,57,0,145,0,1,44,0,45,33,56,101,0,190,32,0,32,222
10/04/2022,FSD,SD,AGL,CE,Combined TRACON& Tower with Radar,35,69,51,24,179,0,0,24,3,27,35,69,75,27,206,14,14,28,234
10/05/2022,FSD,SD,AGL,CE,Combined TRACON& Tower with Radar,36,83,62,14,195,0,3,9,1,13,36,86,71,15,208,6,0,6,214
10/06/2022,FSD,SD,AGL,CE,Combined TRACON& Tower with Radar,50,60,63,20,193,0,5,28,0,33,50,65,91,20,226,50,16,66,292
10/07/2022,FSD,SD,AGL,CE,Combined TRACON& Tower with Radar,40,62,83,2,187,0,4,35,0,39,40,66,118,2,226,62,0,62,288
10/08/2022,FSD,SD,AGL,CE,Combined TRACON& Tower with Radar,33,38,52,0,123,0,5,39,0,44,33,43,91,0,167,22,0,22,189
10/09/2022,FSD,SD,AGL,CE,Combined TRACON& Tower with Radar,44,26,38,0,108,0,8,26,0,34,44,34,64,0,142,32,0,32,174
10/10/2022,FSD,SD,AGL,CE,Combined TRACON& Tower with Radar,33,57,64,0,154,0,0,40,0,40,33,57,104,0,194,48,0,48,242
10/11/2022,FSD,SD,AGL,CE,Combined TRACON& Tower with Radar,36,72,45,9,162,0,1,17,0,18,36,73,62,9,180,0,6,6,186
10/12/2022,FSD,SD,AGL,CE,Combined TRACON& Tower with Radar,36,69,51,12,168,0,4,13,0,17,36,73,64,12,185,0,0,0,185
10/13/2022,FSD,SD,AGL,CE,Combined TRACON& Tower with Radar,54,78,53,12,197,0,2,12,0,14,54,80,65,12,211,4,0,4,215
10/14/2022,FSD,SD,AGL,CE,Combined TRACON& Tower with Radar,42,66,26,24,158,0,6,17,0,23,42,72,43,24,181,6,20,26,207
10/15/2022,FSD,SD,AGL,CE,Combined TRACON& Tower with Radar,35,36,19,0,90,0,12,29,2,43,35,48,48,2,133,38,0,38,171
10/16/2022,FSD,SD,AGL,CE,Combined TRACON& Tower with Radar,42,21,33,0,96,0,5,26,0,31,42,26,59,0,127,18,0,18,145
10/17/2022,FSD,SD,AGL,CE,Combined TRACON& Tower with Radar,33,47,43,2,125,0,7,20,1,28,33,54,63,3,153,8,0,8,161
10/18/2022,FSD,SD,AGL,CE,Combined TRACON& Tower with Radar,36,56,61,23,176,0,2,50,1,53,36,58,111,24,229,56,16,72,301
10/19/2022,FSD,SD,AGL,CE,Combined TRACON& Tower with Radar,36,73,71,24,204,0,5,62,0,67,36,78,133,24,271,116,24,140,411
10/20/2022,FSD,SD,AGL,CE,Combined TRACON& Tower with Radar,49,68,51,8,176,0,5,48,1,54,49,73,99,9,230,40,8,48,278
10/21/2022,FSD,SD,AGL,CE,Combined TRACON& Tower with Radar,40,57,50,15,162,0,7,50,6,63,40,64,100,21,225,62,68,130,355
10/22/2022,FSD,SD,AGL,CE,Combined TRACON& Tower with Radar,33,28,33,0,94,0,1,34,1,36,33,29,67,1,130,44,0,44,174
10/23/2022,FSD,SD,AGL,CE,Combined TRACON& Tower with Radar,42,31,25,0,98,0,1,16,0,17,42,32,41,0,115,0,0,0,115
10/24/2022,FSD,SD,AGL,CE,Combined TRACON& Tower with Radar,31,48,31,18,128,0,2,4,0,6,31,50,35,18,134,10,0,10,144
10/25/2022,FSD,SD,AGL,CE,Combined TRACON& Tower with Radar,35,70,47,24,176,0,9,30,0,39,35,79,77,24,215,34,4,38,253
10/26/2022,FSD,SD,AGL,CE,Combined TRACON& Tower with Radar,35,50,77,19,181,1,3,30,1,35,36,53,107,20,216,24,2,26,242
10/27/2022,FSD,SD,AGL,CE,Combined TRACON& Tower with Radar,49,79,50,29,207,0,0,13,0,13,49,79,63,29,220,4,2,6,226
10/28/2022,FSD,SD,AGL,CE,Combined TRACON& Tower with Radar,41,52,61,1,155,0,0,37,2,39,41,52,98,3,194,16,0,16,210
10/29/2022,FSD,SD,AGL,CE,Combined TRACON& Tower with Radar,36,37,20,0,93,0,2,22,0,24,36,39,42,0,117,16,0,16,133
10/30/2022,FSD,SD,AGL,CE,Combined TRACON& Tower with Radar,44,25,52,0,121,0,3,35,2,40,44,28,87,2,161,22,0,22,183
10/31/2022,FSD,SD,AGL,CE,Combined TRACON& Tower with Radar,37,51,43,2,133,0,11,34,0,45,37,62,77,2,178,16,0,16,194
11/01/2022,FSD,SD,AGL,CE,Combined TRACON& Tower with Radar,36,65,70,21,192,0,3,45,2,50,36,68,115,23,242,18,18,36,278
11/02/2022,FSD,SD,AGL,CE,Combined TRACON& Tower with Radar,36,76,54,19,185,0,2,29,0,31,36,78,83,19,216,4,20,24,240
11/03/2022,FSD,SD,AGL,CE,Combined TRACON& Tower with Radar,49,79,74,22,224,0,0,4,0,4,49,79,78,22,228,0,0,0,228
11/04/2022,FSD,SD,AGL,CE,Combined TRACON& Tower with Radar,42,65,46,8,161,0,11,31,3,45,42,76,77,11,206,52,6,58,264
11/05/2022,FSD,SD,AGL,CE,Combined TRACON& Tower with Radar,35,40,27,16,118,0,11,57,1,69,35,51,84,17,187,44,22,66,253
11/06/2022,FSD,SD,AGL,CE,Combined TRACON& Tower with Radar,45,33,38,9,125,0,3,16,1,20,45,36,54,10,145,6,4,10,155
11/07/2022,FSD,SD,AGL,CE,Combined TRACON& Tower with Radar,35,53,71,6,165,0,0,33,0,33,35,53,104,6,198,54,2,56,254
11/08/2022,FSD,SD,AGL,CE,Combined TRACON& Tower with Radar,38,65,48,17,168,0,0,5,0,5,38,65,53,17,173,0,0,0,173
11/09/2022,FSD,SD,AGL,CE,Combined TRACON& Tower with Radar,42,73,39,9,163,0,0,0,0,0,42,73,39,9,163,0,0,0,163
11/10/2022,FSD,SD,AGL,CE,Combined TRACON& Tower with Radar,48,52,37,0,137,0,0,5,0,5,48,52,42,0,142,0,0,0,142
11/11/2022,FSD,SD,AGL,CE,Combined TRACON& Tower with Radar,40,67,28,0,135,0,0,6,0,6,40,67,34,0,141,6,0,6,147
11/12/2022,FSD,SD,AGL,CE,Combined TRACON& Tower with Radar,35,30,18,0,83,0,0,2,0,2,35,30,20,0,85,16,0,16,101
11/13/2022,FSD,SD,AGL,CE,Combined TRACON& Tower with Radar,43,29,48,0,120,0,4,26,0,30,43,33,74,0,150,8,0,8,158
11/14/2022,FSD,SD,AGL,CE,Combined TRACON& Tower with Radar,34,64,40,6,144,0,1,3,1,5,34,65,43,7,149,4,12,16,165
11/15/2022,FSD,SD,AGL,CE,Combined TRACON& Tower with Radar,38,72,46,20,176,0,2,2,2,6,38,74,48,22,182,0,0,0,182
11/16/2022,FSD,SD,AGL,CE,Combined TRACON& Tower with Radar,35,77,57,27,196,0,9,22,1,32,35,86,79,28,228,6,26,32,260
11/17/2022,FSD,SD,AGL,CE,Combined TRACON& Tower with Radar,46,65,65,26,202,0,3,0,2,5,46,68,65,28,207,0,0,0,207
11/18/2022,FSD,SD,AGL,CE,Combined TRACON& Tower with Radar,39,55,43,7,144,0,4,35,1,40,39,59,78,8,184,14,8,22,206
11/19/2022,FSD,SD,AGL,CE,Combined TRACON& Tower with Radar,36,40,17,0,93,0,1,9,0,10,36,41,26,0,103,26,0,26,129
11/20/2022,FSD,SD,AGL,CE,Combined TRACON& Tower with Radar,44,21,29,0,94,0,0,45,0,45,44,21,74,0,139,32,0,32,171
11/21/2022,FSD,SD,AGL,CE,Combined TRACON& Tower with Radar,33,52,54,3,142,0,1,38,0,39,33,53,92,3,181,34,10,44,225
11/22/2022,FSD,SD,AGL,CE,Combined TRACON& Tower with Radar,52,70,35,24,181,0,5,43,1,49,52,75,78,25,230,24,30,54,284
11/23/2022,FSD,SD,AGL,CE,Combined TRACON& Tower with Radar,46,58,41,7,152,0,8,53,3,64,46,66,94,10,216,36,16,52,268
11/24/2022,FSD,SD,AGL,CE,Combined TRACON& Tower with Radar,20,13,19,0,52,0,7,16,0,23,20,20,35,0,75,0,0,0,75
11/25/2022,FSD,SD,AGL,CE,Combined TRACON& Tower with Radar,40,37,26,0,103,0,5,44,1,50,40,42,70,1,153,10,0,10,163
11/26/2022,FSD,SD,AGL,CE,Combined TRACON& Tower with Radar,37,34,25,0,96,0,4,38,0,42,37,38,63,0,138,8,0,8,146
11/27/2022,FSD,SD,AGL,CE,Combined TRACON& Tower with Radar,41,29,30,0,100,0,2,35,1,38,41,31,65,1,138,20,0,20,158
11/28/2022,FSD,SD,AGL,CE,Combined TRACON& Tower with Radar,35,40,59,0,134,0,4,36,2,42,35,44,95,2,176,24,0,24,200
11/29/2022,FSD,SD,AGL,CE,Combined TRACON& Tower with Radar,40,68,26,0,134,0,2,2,0,4,40,70,28,0,138,8,0,8,146
11/30/2022,FSD,SD,AGL,CE,Combined TRACON& Tower with Radar,43,74,55,9,181,0,12,52,0,64,43,86,107,9,245,34,0,34,279
12/01/2022,FSD,SD,AGL,CE,Combined TRACON& Tower with Radar,51,60,34,12,157,0,8,13,2,23,51,68,47,14,180,0,10,10,190
12/02/2022,FSD,SD,AGL,CE,Combined TRACON& Tower with Radar,45,73,42,6,166,0,1,5,0,6,45,74,47,6,172,10,12,22,194
12/03/2022,FSD,SD,AGL,CE,Combined TRACON& Tower with Radar,36,41,27,10,114,0,3,27,4,34,36,44,54,14,148,44,6,50,198
12/04/2022,FSD,SD,AGL,CE,Combined TRACON& Tower with Radar,42,22,38,7,109,0,8,30,3,41,42,30,68,10,150,48,0,48,198
12/05/2022,FSD,SD,AGL,CE,Combined TRACON& Tower with Radar,41,52,28,2,123,0,6,20,0,26,41,58,48,2,149,56,0,56,205
12/06/2022,FSD,SD,AGL,CE,Combined TRACON& Tower with Radar,40,64,52,19,175,0,6,32,0,38,40,70,84,19,213,68,10,78,291
12/07/2022,FSD,SD,AGL,CE,Combined TRACON& Tower with Radar,44,72,56,9,181,0,7,22,1,30,44,79,78,10,211,18,2,20,231
12/08/2022,FSD,SD,AGL,CE,Combined TRACON& Tower with Radar,39,43,47,6,135,0,0,5,0,5,39,43,52,6,140,16,4,20,160
12/09/2022,FSD,SD,AGL,CE,Combined TRACON& Tower with Radar,51,54,37,4,146,0,1,0,1,2,51,55,37,5,148,0,0,0,148
12/10/2022,FSD,SD,AGL,CE,Combined TRACON& Tower with Radar,36,38,18,0,92,0,1,19,0,20,36,39,37,0,112,0,0,0,112
12/11/2022,FSD,SD,AGL,CE,Combined TRACON& Tower with Radar,44,21,20,0,85,0,0,25,0,25,44,21,45,0,110,0,0,0,110
12/12/2022,FSD,SD,AGL,CE,Combined TRACON& Tower with Radar,31,24,14,0,69,0,0,0,0,0,31,24,14,0,69,0,0,0,69
12/13/2022,FSD,SD,AGL,CE,Combined TRACON& Tower with Radar,35,27,5,0,67,0,0,0,0,0,35,27,5,0,67,0,0,0,67
12/14/2022,FSD,SD,AGL,CE,Combined TRACON& Tower with Radar,41,38,17,0,96,0,0,0,0,0,41,38,17,0,96,0,0,0,96
12/15/2022,FSD,SD,AGL,CE,Combined TRACON& Tower with Radar,23,11,22,0,56,0,0,0,0,0,23,11,22,0,56,0,0,0,56
12/16/2022,FSD,SD,AGL,CE,Combined TRACON& Tower with Radar,58,50,28,0,136,0,0,0,0,0,58,50,28,0,136,0,0,0,136
12/17/2022,FSD,SD,AGL,CE,Combined TRACON& Tower with Radar,48,42,39,0,129,0,0,8,1,9,48,42,47,1,138,0,0,0,138
12/18/2022,FSD,SD,AGL,CE,Combined TRACON& Tower with Radar,38,19,26,2,85,0,2,27,0,29,38,21,53,2,114,20,0,20,134
12/19/2022,FSD,SD,AGL,CE,Combined TRACON& Tower with Radar,41,47,42,0,130,0,0,6,0,6,41,47,48,0,136,8,0,8,144
12/20/2022,FSD,SD,AGL,CE,Combined TRACON& Tower with Radar,43,63,70,6,182,0,9,30,0,39,43,72,100,6,221,14,8,22,243
12/21/2022,FSD,SD,AGL,CE,Combined TRACON& Tower with Radar,36,61,23,0,120,0,0,0,0,0,36,61,23,0,120,0,0,0,120
12/22/2022,FSD,SD,AGL,CE,Combined TRACON& Tower with Radar,13,15,8,0,36,0,0,0,0,0,13,15,8,0,36,0,0,0,36
12/23/2022,FSD,SD,AGL,CE,Combined TRACON& Tower with Radar,3,16,10,0,29,0,0,0,0,0,3,16,10,0,29,0,0,0,29
12/24/2022,FSD,SD,AGL,CE,Combined TRACON& Tower with Radar,30,45,37,0,112,0,0,1,0,1,30,45,38,0,113,0,0,0,113
12/25/2022,FSD,SD,AGL,CE,Combined TRACON& Tower with Radar,30,25,5,0,60,0,2,1,0,3,30,27,6,0,63,0,0,0,63
12/26/2022,FSD,SD,AGL,CE,Combined TRACON& Tower with Radar,43,27,25,0,95,0,5,29,0,34,43,32,54,0,129,8,0,8,137
12/27/2022,FSD,SD,AGL,CE,Combined TRACON& Tower with Radar,45,58,56,14,173,0,1,33,0,34,45,59,89,14,207,22,14,36,243
12/28/2022,FSD,SD,AGL,CE,Combined TRACON& Tower with Radar,38,71,66,15,190,0,10,32,4,46,38,81,98,19,236,14,14,28,264
12/29/2022,FSD,SD,AGL,CE,Combined TRACON& Tower with Radar,51,68,27,0,146,0,0,0,0,0,51,68,27,0,146,0,0,0,146
12/30/2022,FSD,SD,AGL,CE,Combined TRACON& Tower with Radar,52,53,53,0,158,0,2,31,0,33,52,55,84,0,191,4,0,4,195
12/31/2022,FSD,SD,AGL,CE,Combined TRACON& Tower with Radar,31,30,27,0,88,0,5,15,0,20,31,35,42,0,108,0,0,0,108
01/01/2023,FSD,SD,AGL,CE,Combined TRACON& Tower with Radar,30,26,32,0,88,0,3,22,0,25,30,29,54,0,113,46,0,46,159
01/02/2023,FSD,SD,AGL,CE,Combined TRACON& Tower with Radar,32,23,11,0,66,0,0,0,0,0,32,23,11,0,66,0,0,0,66
01/03/2023,FSD,SD,AGL,CE,Combined TRACON& Tower with Radar,45,58,56,14,173,0,1,33,0,34,45,59,89,14,207,0,0,0,207
01/04/2023,FSD,SD,AGL,CE,Combined TRACON& Tower with Radar,39,53,27,0,119,0,0,0,0,0,39,53,27,0,119,0,0,0,119
01/05/2023,FSD,SD,AGL,CE,Combined TRACON& Tower with Radar,51,79,40,0,170,0,13,3,0,16,51,92,43,0,186,0,0,0,186
01/06/2023,FSD,SD,AGL,CE,Combined TRACON& Tower with Radar,51,52,34,2,139,0,5,11,0,16,51,57,45,2,155,8,0,8,163
01/07/2023,FSD,SD,AGL,CE,Combined TRACON& Tower with Radar,38,51,16,5,110,0,6,3,0,9,38,57,19,5,119,8,0,8,127
01/08/2023,FSD,SD,AGL,CE,Combined TRACON& Tower with Radar,42,35,28,6,111,0,4,12,1,17,42,39,40,7,128,2,14,16,144
01/09/2023,FSD,SD,AGL,CE,Combined TRACON& Tower with Radar,53,43,41,2,139,0,2,25,1,28,53,45,66,3,167,12,0,12,179
01/10/2023,FSD,SD,AGL,CE,Combined TRACON& Tower with Radar,39,79,48,21,187,0,5,12,3,20,39,84,60,24,207,0,0,0,207
01/11/2023,FSD,SD,AGL,CE,Combined TRACON& Tower with Radar,38,62,41,10,151,0,0,2,0,2,38,62,43,10,153,0,0,0,153
01/12/2023,FSD,SD,AGL,CE,Combined TRACON& Tower with Radar,44,74,47,17,182,0,0,1,0,1,44,74,48,17,183,6,0,6,189
01/13/2023,FSD,SD,AGL,CE,Combined TRACON& Tower with Radar,44,56,33,0,133,0,0,11,0,11,44,56,44,0,144,0,0,0,144
01/14/2023,FSD,SD,AGL,CE,Combined TRACON& Tower with Radar,30,41,19,0,90,0,3,35,2,40,30,44,54,2,130,6,0,6,136
01/15/2023,FSD,SD,AGL,CE,Combined TRACON& Tower with Radar,37,34,36,0,107,0,0,30,0,30,37,34,66,0,137,34,0,34,171
01/16/2023,FSD,SD,AGL,CE,Combined TRACON& Tower with Radar,38,50,14,0,102,0,0,0,0,0,38,50,14,0,102,0,0,0,102
01/17/2023,FSD,SD,AGL,CE,Combined TRACON& Tower with Radar,38,73,52,18,181,0,0,5,0,5,38,73,57,18,186,0,8,8,194
01/18/2023,FSD,SD,AGL,CE,Combined TRACON& Tower with Radar,37,60,38,2,137,0,0,0,0,0,37,60,38,2,137,0,0,0,137
01/19/2023,FSD,SD,AGL,CE,Combined TRACON& Tower with Radar,46,59,52,7,164,0,0,0,0,0,46,59,52,7,164,0,0,0,164
01/20/2023,FSD,SD,AGL,CE,Combined TRACON& Tower with Radar,43,65,27,11,146,0,0,0,0,0,43,65,27,11,146,0,0,0,146
01/21/2023,FSD,SD,AGL,CE,Combined TRACON& Tower with Radar,32,28,17,6,83,0,0,1,0,1,32,28,18,6,84,0,12,12,96
01/22/2023,FSD,SD,AGL,CE,Combined TRACON& Tower with Radar,41,28,17,0,86,0,1,19,0,20,41,29,36,0,106,0,0,0,106
01/23/2023,FSD,SD,AGL,CE,Combined TRACON& Tower with Radar,39,41,34,19,133,0,1,17,1,19,39,42,51,20,152,28,6,34,186
01/24/2023,FSD,SD,AGL,CE,Combined TRACON& Tower with Radar,38,58,53,18,167,0,2,37,1,40,38,60,90,19,207,28,8,36,243
01/25/2023,FSD,SD,AGL,CE,Combined TRACON& Tower with Radar,35,69,48,15,167,0,0,10,0,10,35,69,58,15,177,2,0,2,179
01/26/2023,FSD,SD,AGL,CE,Combined TRACON& Tower with Radar,46,64,26,7,143,0,2,5,0,7,46,66,31,7,150,6,0,6,156
01/27/2023,FSD,SD,AGL,CE,Combined TRACON& Tower with Radar,44,71,27,0,142,0,2,6,0,8,44,73,33,0,150,32,0,32,182
01/28/2023,FSD,SD,AGL,CE,Combined TRACON& Tower with Radar,36,38,15,0,89,0,0,0,1,1,36,38,15,1,90,0,0,0,90
01/29/2023,FSD,SD,AGL,CE,Combined TRACON& Tower with Radar,39,38,25,0,102,0,2,11,0,13,39,40,36,0,115,34,0,34,149
01/30/2023,FSD,SD,AGL,CE,Combined TRACON& Tower with Radar,38,39,45,1,123,0,7,33,0,40,38,46,78,1,163,28,0,28,191
01/31/2023,FSD,SD,AGL,CE,Combined TRACON& Tower with Radar,38,54,57,20,169,0,8,30,0,38,38,62,87,20,207,50,26,76,283
02/01/2023,FSD,SD,AGL,CE,Combined TRACON& Tower with Radar,31,63,46,11,151,0,4,19,0,23,31,67,65,11,174,18,4,22,196
02/02/2023,FSD,SD,AGL,CE,Combined TRACON& Tower with Radar,43,64,42,6,155,0,0,21,0,21,43,64,63,6,176,0,0,0,176
02/03/2023,FSD,SD,AGL,CE,Combined TRACON& Tower with Radar,48,46,35,11,140,0,3,11,0,14,48,49,46,11,154,32,20,52,206
02/04/2023,FSD,SD,AGL,CE,Combined TRACON& Tower with Radar,44,31,14,0,89,0,3,39,0,42,44,34,53,0,131,58,0,58,189
02/05/2023,FSD,SD,AGL,CE,Combined TRACON& Tower with Radar,47,20,17,0,84,0,3,5,0,8,47,23,22,0,92,4,0,4,96
02/06/2023,FSD,SD,AGL,CE,Combined TRACON& Tower with Radar,47,41,26,0,114,0,6,2,0,8,47,47,28,0,122,0,0,0,122
02/07/2023,FSD,SD,AGL,CE,Combined TRACON& Tower with Radar,47,61,49,12,169,0,12,25,0,37,47,73,74,12,206,44,2,46,252
02/08/2023,FSD,SD,AGL,CE,Combined TRACON& Tower with Radar,44,56,49,12,161,0,4,33,0,37,44,60,82,12,198,38,18,56,254
02/09/2023,FSD,SD,AGL,CE,Combined TRACON& Tower with Radar,51,60,43,14,168,0,1,0,0,1,51,61,43,14,169,0,0,0,169
02/10/2023,FSD,SD,AGL,CE,Combined TRACON& Tower with Radar,51,52,44,21,168,0,6,28,0,34,51,58,72,21,202,42,24,66,268
02/11/2023,FSD,SD,AGL,CE,Combined TRACON& Tower with Radar,42,30,28,0,100,0,2,42,0,44,42,32,70,0,144,26,0,26,170
02/12/2023,FSD,SD,AGL,CE,Combined TRACON& Tower with Radar,45,22,23,2,92,0,1,26,0,27,45,23,49,2,119,8,0,8,127
02/13/2023,FSD,SD,AGL,CE,Combined TRACON& Tower with Radar,45,51,38,3,137,0,0,34,0,34,45,51,72,3,171,20,0,20,191
02/14/2023,FSD,SD,AGL,CE,Combined TRACON& Tower with Radar,52,57,41,0,150,0,0,0,0,0,52,57,41,0,150,0,0,0,150
02/15/2023,FSD,SD,AGL,CE,Combined TRACON& Tower with Radar,54,69,37,22,182,0,1,10,0,11,54,70,47,22,193,0,26,26,219
02/16/2023,FSD,SD,AGL,CE,Combined TRACON& Tower with Radar,50,51,52,15,168,0,7,45,1,53,50,58,97,16,221,86,12,98,319
02/17/2023,FSD,SD,AGL,CE,Combined TRACON& Tower with Radar,47,45,38,0,130,0,0,36,0,36,47,45,74,0,166,42,0,42,208
02/18/2023,FSD,SD,AGL,CE,Combined TRACON& Tower with Radar,46,22,19,0,87,0,3,30,0,33,46,25,49,0,120,28,0,28,148
02/19/2023,FSD,SD,AGL,CE,Combined TRACON& Tower with Radar,43,28,26,0,97,0,1,1,0,2,43,29,27,0,99,10,0,10,109
02/20/2023,FSD,SD,AGL,CE,Combined TRACON& Tower with Radar,45,38,17,0,100,0,3,15,1,19,45,41,32,1,119,0,0,0,119
02/21/2023,FSD,SD,AGL,CE,Combined TRACON& Tower with Radar,38,57,36,9,140,0,1,1,0,2,38,58,37,9,142,0,0,0,142
02/22/2023,FSD,SD,AGL,CE,Combined TRACON& Tower with Radar,6,8,0,0,14,0,0,0,0,0,6,8,0,0,14,0,0,0,14
02/23/2023,FSD,SD,AGL,CE,Combined TRACON& Tower with Radar,28,43,9,0,80,0,0,2,1,3,28,43,11,1,83,0,0,0,83
02/24/2023,FSD,SD,AGL,CE,Combined TRACON& Tower with Radar,46,53,19,2,120,0,1,4,0,5,46,54,23,2,125,0,0,0,125
02/25/2023,FSD,SD,AGL,CE,Combined TRACON& Tower with Radar,49,27,38,13,127,0,1,38,1,40,49,28,76,14,167,56,18,74,241
02/26/2023,FSD,SD,AGL,CE,Combined TRACON& Tower with Radar,47,35,27,4,113,0,6,17,1,24,47,41,44,5,137,16,8,24,161
02/27/2023,FSD,SD,AGL,CE,Combined TRACON& Tower with Radar,45,62,33,0,140,0,1,9,1,11,45,63,42,1,151,0,0,0,151
02/28/2023,FSD,SD,AGL,CE,Combined TRACON& Tower with Radar,45,74,45,22,186,0,0,15,2,17,45,74,60,24,203,10,0,10,213
03/01/2023,FSD,SD,AGL,CE,Combined TRACON& Tower with Radar,50,52,41,7,150,0,2,3,0,5,50,54,44,7,155,0,0,0,155
03/02/2023,FSD,SD,AGL,CE,Combined TRACON& Tower with Radar,51,66,43,13,173,0,1,11,0,12,51,67,54,13,185,6,2,8,193
03/03/2023,FSD,SD,AGL,CE,Combined TRACON& Tower with Radar,45,57,47,20,169,0,2,18,0,20,45,59,65,20,189,8,10,18,207
03/04/2023,FSD,SD,AGL,CE,Combined TRACON& Tower with Radar,45,16,29,1,91,0,4,36,0,40,45,20,65,1,131,26,0,26,157
03/05/2023,FSD,SD,AGL,CE,Combined TRACON& Tower with Radar,44,16,14,2,76,0,0,0,0,0,44,16,14,2,76,0,0,0,76
03/06/2023,FSD,SD,AGL,CE,Combined TRACON& Tower with Radar,46,42,44,0,132,0,0,7,0,7,46,42,51,0,139,4,0,4,143
03/07/2023,FSD,SD,AGL,CE,Combined TRACON& Tower with Radar,42,61,43,0,146,0,0,6,0,6,42,61,49,0,152,0,0,0,152
03/08/2023,FSD,SD,AGL,CE,Combined TRACON& Tower with Radar,50,59,51,12,172,0,0,0,0,0,50,59,51,12,172,0,0,0,172
03/09/2023,FSD,SD,AGL,CE,Combined TRACON& Tower with Radar,51,56,21,0,128,0,0,0,0,0,51,56,21,0,128,0,0,0,128
03/10/2023,FSD,SD,AGL,CE,Combined TRACON& Tower with Radar,48,67,26,7,148,0,0,1,0,1,48,67,27,7,149,4,0,4,153
03/11/2023,FSD,SD,AGL,CE,Combined TRACON& Tower with Radar,46,34,13,0,93,0,2,0,0,2,46,36,13,0,95,20,0,20,115
03/12/2023,FSD,SD,AGL,CE,Combined TRACON& Tower with Radar,45,30,20,7,102,0,0,0,0,0,45,30,20,7,102,0,0,0,102
03/13/2023,FSD,SD,AGL,CE,Combined TRACON& Tower with Radar,43,53,45,0,141,0,6,14,1,21,43,59,59,1,162,8,0,8,170
03/14/2023,FSD,SD,AGL,CE,Combined TRACON& Tower with Radar,42,61,43,16,162,0,2,17,2,21,42,63,60,18,183,4,4,8,191
03/15/2023,FSD,SD,AGL,CE,Combined TRACON& Tower with Radar,51,45,38,9,143,0,9,23,1,33,51,54,61,10,176,16,0,16,192
03/16/2023,FSD,SD,AGL,CE,Combined TRACON& Tower with Radar,40,29,19,0,88,0,1,0,0,1,40,30,19,0,89,0,0,0,89
03/17/2023,FSD,SD,AGL,CE,Combined TRACON& Tower with Radar,50,63,26,0,139,0,2,5,0,7,50,65,31,0,146,2,0,2,148
03/18/2023,FSD,SD,AGL,CE,Combined TRACON& Tower with Radar,46,34,20,0,100,0,3,5,0,8,46,37,25,0,108,20,0,20,128
03/19/2023,FSD,SD,AGL,CE,Combined TRACON& Tower with Radar,46,11,28,0,85,0,5,36,0,41,46,16,64,0,126,38,0,38,164
03/20/2023,FSD,SD,AGL,CE,Combined TRACON& Tower with Radar,43,51,42,21,157,0,4,45,1,50,43,55,87,22,207,66,8,74,281
03/21/2023,FSD,SD,AGL,CE,Combined TRACON& Tower with Radar,44,46,49,23,162,0,0,11,0,11,44,46,60,23,173,6,10,16,189
03/22/2023,FSD,SD,AGL,CE,Combined TRACON& Tower with Radar,50,67,43,20,180,0,0,4,0,4,50,67,47,20,184,6,6,12,196
03/23/2023,FSD,SD,AGL,CE,Combined TRACON& Tower with Radar,52,55,46,20,173,0,7,47,2,56,52,62,93,22,229,82,6,88,317
03/24/2023,FSD,SD,AGL,CE,Combined TRACON& Tower with Radar,50,54,53,0,157,0,3,67,0,70,50,57,120,0,227,54,0,54,281
03/25/2023,FSD,SD,AGL,CE,Combined TRACON& Tower with Radar,45,24,20,0,89,0,0,20,0,20,45,24,40,0,109,14,0,14,123
03/26/2023,FSD,SD,AGL,CE,Combined TRACON& Tower with Radar,45,9,34,0,88,0,2,44,1,47,45,11,78,1,135,26,0,26,161
03/27/2023,FSD,SD,AGL,CE,Combined TRACON& Tower with Radar,47,25,39,24,135,0,0,24,0,24,47,25,63,24,159,8,26,34,193
03/28/2023,FSD,SD,AGL,CE,Combined TRACON& Tower with Radar,46,42,60,1,149,0,2,28,0,30,46,44,88,1,179,28,0,28,207
03/29/2023,FSD,SD,AGL,CE,Combined TRACON& Tower with Radar,53,56,65,4,178,0,9,42,0,51,53,65,107,4,229,72,0,72,301
03/30/2023,FSD,SD,AGL,CE,Combined TRACON& Tower with Radar,58,40,55,15,168,0,0,7,0,7,58,40,62,15,175,0,6,6,181
03/31/2023,FSD,SD,AGL,CE,Combined TRACON& Tower with Radar,52,25,12,15,104,0,0,0,0,0,52,25,12,15,104,0,0,0,104
04/01/2023,FSD,SD,AGL,CE,Combined TRACON& Tower with Radar,45,41,29,9,124,0,1,33,1,35,45,42,62,10,159,42,4,46,205
04/02/2023,FSD,SD,AGL,CE,Combined TRACON& Tower with Radar,48,9,18,6,81,0,1,23,2,26,48,10,41,8,107,54,2,56,163
04/03/2023,FSD,SD,AGL,CE,Combined TRACON& Tower with Radar,47,42,59,0,148,0,9,33,0,42,47,51,92,0,190,18,0,18,208
04/04/2023,FSD,SD,AGL,CE,Combined TRACON& Tower with Radar,45,28,21,1,95,0,0,0,0,0,45,28,21,1,95,0,0,0,95
04/05/2023,FSD,SD,AGL,CE,Combined TRACON& Tower with Radar,52,40,30,2,124,0,1,1,0,2,52,41,31,2,126,0,0,0,126
04/06/2023,FSD,SD,AGL,CE,Combined TRACON& Tower with Radar,55,41,59,15,170,0,4,54,0,58,55,45,113,15,228,98,4,102,330
04/07/2023,FSD,SD,AGL,CE,Combined TRACON& Tower with Radar,51,47,40,21,159,0,2,57,6,65,51,49,97,27,224,28,30,58,282
04/08/2023,FSD,SD,AGL,CE,Combined TRACON& Tower with Radar,46,31,22,0,99,0,4,34,0,38,46,35,56,0,137,10,0,10,147
04/09/2023,FSD,SD,AGL,CE,Combined TRACON& Tower with Radar,47,3,13,0,63,0,0,10,0,10,47,3,23,0,73,6,0,6,79
04/10/2023,FSD,SD,AGL,CE,Combined TRACON& Tower with Radar,45,39,58,2,144,0,3,51,0,54,45,42,109,2,198,52,0,52,250
04/11/2023,FSD,SD,AGL,CE,Combined TRACON& Tower with Radar,48,54,58,11,171,0,1,26,1,28,48,55,84,12,199,8,6,14,213
04/12/2023,FSD,SD,AGL,CE,Combined TRACON& Tower with Radar,54,44,60,25,183,0,4,36,0,40,54,48,96,25,223,42,24,66,289
04/13/2023,FSD,SD,AGL,CE,Combined TRACON& Tower with Radar,51,49,75,15,190,0,10,22,4,36,51,59,97,19,226,8,30,38,264
04/14/2023,FSD,SD,AGL,CE,Combined TRACON& Tower with Radar,49,45,57,12,163,0,2,32,0,34,49,47,89,12,197,4,22,26,223
04/15/2023,FSD,SD,AGL,CE,Combined TRACON& Tower with Radar,45,24,12,0,81,0,0,2,0,2,45,24,14,0,83,0,0,0,83
04/16/2023,FSD,SD,AGL,CE,Combined TRACON& Tower with Radar,49,12,21,0,82,0,3,7,0,10,49,15,28,0,92,0,0,0,92
04/17/2023,FSD,SD,AGL,CE,Combined TRACON& Tower with Radar,46,48,58,2,154,0,2,75,2,79,46,50,133,4,233,60,0,60,293
04/18/2023,FSD,SD,AGL,CE,Combined TRACON& Tower with Radar,47,58,53,7,165,0,6,22,2,30,47,64,75,9,195,0,8,8,203
04/19/2023,FSD,SD,AGL,CE,Combined TRACON& Tower with Radar,52,45,54,16,167,0,0,4,0,4,52,45,58,16,171,0,0,0,171
04/20/2023,FSD,SD,AGL,CE,Combined TRACON& Tower with Radar,47,53,51,1,152,0,0,8,0,8,47,53,59,1,160,4,0,4,164
04/21/2023,FSD,SD,AGL,CE,Combined TRACON& Tower with Radar,52,59,19,4,134,0,0,0,0,0,52,59,19,4,134,0,6,6,140
04/22/2023,FSD,SD,AGL,CE,Combined TRACON& Tower with Radar,48,21,16,0,85,0,5,5,0,10,48,26,21,0,95,4,0,4,99
04/23/2023,FSD,SD,AGL,CE,Combined TRACON& Tower with Radar,49,13,25,0,87,0,2,35,0,37,49,15,60,0,124,14,0,14,138
04/24/2023,FSD,SD,AGL,CE,Combined TRACON& Tower with Radar,46,47,60,16,169,0,4,48,0,52,46,51,108,16,221,60,4,64,285
04/25/2023,FSD,SD,AGL,CE,Combined TRACON& Tower with Radar,45,48,73,22,188,1,6,28,1,36,46,54,101,23,224,30,10,40,264
04/26/2023,FSD,SD,AGL,CE,Combined TRACON& Tower with Radar,52,46,84,15,197,0,1,24,1,26,52,47,108,16,223,14,8,22,245
04/27/2023,FSD,SD,AGL,CE,Combined TRACON& Tower with Radar,53,43,46,17,159,0,2,20,2,24,53,45,66,19,183,12,4,16,199
04/28/2023,FSD,SD,AGL,CE,Combined TRACON& Tower with Radar,50,43,46,0,139,0,2,9,0,11,50,45,55,0,150,8,0,8,158
04/29/2023,FSD,SD,AGL,CE,Combined TRACON& Tower with Radar,45,18,29,0,92,0,0,18,0,18,45,18,47,0,110,4,0,4,114
04/30/2023,FSD,SD,AGL,CE,Combined TRACON& Tower with Radar,47,10,28,0,85,0,5,3,0,8,47,15,31,0,93,0,0,0,93
05/01/2023,FSD,SD,AGL,CE,Combined TRACON& Tower with Radar,46,35,48,0,129,0,6,11,0,17,46,41,59,0,146,2,0,2,148
05/02/2023,FSD,SD,AGL,CE,Combined TRACON& Tower with Radar,46,65,52,17,180,0,8,28,1,37,46,73,80,18,217,6,10,16,233
05/03/2023,FSD,SD,AGL,CE,Combined TRACON& Tower with Radar,52,51,42,8,153,0,7,69,0,76,52,58,111,8,229,58,12,70,299
05/04/2023,FSD,SD,AGL,CE,Combined TRACON& Tower with Radar,53,48,42,11,154,0,2,29,0,31,53,50,71,11,185,14,8,22,207
05/05/2023,FSD,SD,AGL,CE,Combined TRACON& Tower with Radar,47,51,37,24,159,0,0,19,2,21,47,51,56,26,180,0,0,0,180
05/06/2023,FSD,SD,AGL,CE,Combined TRACON& Tower with Radar,45,27,20,13,105,0,1,7,0,8,45,28,27,13,113,2,20,22,135
05/07/2023,FSD,SD,AGL,CE,Combined TRACON& Tower with Radar,43,24,47,5,119,0,2,39,0,41,43,26,86,5,160,14,2,16,176
05/08/2023,FSD,SD,AGL,CE,Combined TRACON& Tower with Radar,45,44,46,1,136,0,5,62,0,67,45,49,108,1,203,48,0,48,251
05/09/2023,FSD,SD,AGL,CE,Combined TRACON& Tower with Radar,44,65,78,9,196,0,12,32,1,45,44,77,110,10,241,34,0,34,275
05/10/2023,FSD,SD,AGL,CE,Combined TRACON& Tower with Radar,49,54,78,11,192,0,1,43,0,44,49,55,121,11,236,22,16,38,274
05/11/2023,FSD,SD,AGL,CE,Combined TRACON& Tower with Radar,48,63,59,18,188,1,2,11,0,14,49,65,70,18,202,2,8,10,212
05/12/2023,FSD,SD,AGL,CE,Combined TRACON& Tower with Radar,49,38,35,6,128,0,1,0,0,1,49,39,35,6,129,0,0,0,129
05/13/2023,FSD,SD,AGL,CE,Combined TRACON& Tower with Radar,42,26,17,0,85,0,0,0,0,0,42,26,17,0,85,0,0,0,85
05/14/2023,FSD,SD,AGL,CE,Combined TRACON& Tower with Radar,43,27,10,0,80,0,1,0,0,1,43,28,10,0,81,0,0,0,81
05/15/2023,FSD,SD,AGL,CE,Combined TRACON& Tower with Radar,42,37,53,23,155,0,1,43,2,46,42,38,96,25,201,72,10,82,283
05/16/2023,FSD,SD,AGL,CE,Combined TRACON& Tower with Radar,46,66,75,20,207,0,1,40,0,41,46,67,115,20,248,32,4,36,284
05/17/2023,FSD,SD,AGL,CE,Combined TRACON& Tower with Radar,50,52,64,18,184,0,5,31,1,37,50,57,95,19,221,38,4,42,263
05/18/2023,FSD,SD,AGL,CE,Combined TRACON& Tower with Radar,45,55,51,11,162,0,2,7,0,9,45,57,58,11,171,4,0,4,175
05/19/2023,FSD,SD,AGL,CE,Combined TRACON& Tower with Radar,45,57,64,0,166,0,4,30,0,34,45,61,94,0,200,26,0,26,226
05/20/2023,FSD,SD,AGL,CE,Combined TRACON& Tower with Radar,42,28,25,0,95,0,8,56,0,64,42,36,81,0,159,26,0,26,185
05/21/2023,FSD,SD,AGL,CE,Combined TRACON& Tower with Radar,39,21,31,0,91,0,3,40,0,43,39,24,71,0,134,42,0,42,176
05/22/2023,FSD,SD,AGL,CE,Combined TRACON& Tower with Radar,42,33,40,0,115,0,6,52,1,59,42,39,92,1,174,24,0,24,198
05/23/2023,FSD,SD,AGL,CE,Combined TRACON& Tower with Radar,42,53,66,21,182,0,1,65,0,66,42,54,131,21,248,72,0,72,320
05/24/2023,FSD,SD,AGL,CE,Combined TRACON& Tower with Radar,49,52,79,12,192,0,3,47,0,50,49,55,126,12,242,32,0,32,274
05/25/2023,FSD,SD,AGL,CE,Combined TRACON& Tower with Radar,46,47,74,10,177,0,4,49,1,54,46,51,123,11,231,16,0,16,247
05/26/2023,FSD,SD,AGL,CE,Combined TRACON& Tower with Radar,47,56,45,1,149,0,5,29,0,34,47,61,74,1,183,18,0,18,201
05/27/2023,FSD,SD,AGL,CE,Combined TRACON& Tower with Radar,41,26,12,0,79,0,7,20,1,28,41,33,32,1,107,28,0,28,135
05/28/2023,FSD,SD,AGL,CE,Combined TRACON& Tower with Radar,37,6,14,2,59,0,3,25,0,28,37,9,39,2,87,18,0,18,105
05/29/2023,FSD,SD,AGL,CE,Combined TRACON& Tower with Radar,40,19,19,0,78,0,4,19,1,24,40,23,38,1,102,12,0,12,114
05/30/2023,FSD,SD,AGL,CE,Combined TRACON& Tower with Radar,39,36,71,7,153,0,8,29,1,38,39,44,100,8,191,46,16,62,253
05/31/2023,FSD,SD,AGL,CE,Combined TRACON& Tower with Radar,52,38,69,18,177,0,1,43,0,44,52,39,112,18,221,36,6,42,263
06/01/2023,FSD,SD,AGL,CE,Combined TRACON& Tower with Radar,48,56,56,18,178,0,1,32,2,35,48,57,88,20,213,16,20,36,249
06/02/2023,FSD,SD,AGL,CE,Combined TRACON& Tower with Radar,50,48,41,3,142,0,3,17,0,20,50,51,58,3,162,16,0,16,178
06/03/2023,FSD,SD,AGL,CE,Combined TRACON& Tower with Radar,44,38,41,2,125,0,4,24,0,28,44,42,65,2,153,16,0,16,169
06/04/2023,FSD,SD,AGL,CE,Combined TRACON& Tower with Radar,38,12,29,2,81,0,3,27,0,30,38,15,56,2,111,10,0,10,121
06/05/2023,FSD,SD,AGL,CE,Combined TRACON& Tower with Radar,45,38,53,2,138,0,3,34,0,37,45,41,87,2,175,35,0,35,210
06/06/2023,FSD,SD,AGL,CE,Combined TRACON& Tower with Radar,47,48,65,0,160,0,4,38,1,43,47,52,103,1,203,0,0,0,203
06/07/2023,FSD,SD,AGL,CE,Combined TRACON& Tower with Radar,53,52,39,6,150,0,4,23,0,27,53,56,62,6,177,18,6,24,201
06/08/2023,FSD,SD,AGL,CE,Combined TRACON& Tower with Radar,51,54,74,10,189,0,5,30,0,35,51,59,104,10,224,2,4,6,230
06/09/2023,FSD,SD,AGL,CE,Combined TRACON& Tower with Radar,49,46,43,6,144,0,3,17,0,20,49,49,60,6,164,10,0,10,174
06/10/2023,FSD,SD,AGL,CE,Combined TRACON& Tower with Radar,47,32,25,0,104,0,0,18,0,18,47,32,43,0,122,0,0,0,122
06/11/2023,FSD,SD,AGL,CE,Combined TRACON& Tower with Radar,40,19,34,2,95,0,1,22,0,23,40,20,56,2,118,22,0,22,140
06/12/2023,FSD,SD,AGL,CE,Combined TRACON& Tower with Radar,45,40,54,0,139,0,4,26,0,30,45,44,80,0,169,24,0,24,193
06/13/2023,FSD,SD,AGL,CE,Combined TRACON& Tower with Radar,44,55,66,4,169,0,7,34,0,41,44,62,100,4,210,28,6,34,244
06/14/2023,FSD,SD,AGL,CE,Combined TRACON& Tower with Radar,55,56,83,0,194,0,10,29,1,40,55,66,112,1,234,10,0,10,244
06/15/2023,FSD,SD,AGL,CE,Combined TRACON& Tower with Radar,48,59,40,12,159,0,16,42,0,58,48,75,82,12,217,18,0,18,235
06/16/2023,FSD,SD,AGL,CE,Combined TRACON& Tower with Radar,48,40,50,0,138,0,6,26,1,33,48,46,76,1,171,14,0,14,185
06/17/2023,FSD,SD,AGL,CE,Combined TRACON& Tower with Radar,45,27,18,2,92,0,0,11,1,12,45,27,29,3,104,0,4,4,108
06/18/2023,FSD,SD,AGL,CE,Combined TRACON& Tower with Radar,40,21,32,0,93,0,2,28,0,30,40,23,60,0,123,30,0,30,153
06/19/2023,FSD,SD,AGL,CE,Combined TRACON& Tower with Radar,45,41,50,2,138,0,3,38,0,41,45,44,88,2,179,58,0,58,237
06/20/2023,FSD,SD,AGL,CE,Combined TRACON& Tower with Radar,45,57,52,9,163,0,7,56,2,65,45,64,108,11,228,34,0,34,262
06/21/2023,FSD,SD,AGL,CE,Combined TRACON& Tower with Radar,52,58,62,14,186,0,1,40,2,43,52,59,102,16,229,22,12,34,263
06/22/2023,FSD,SD,AGL,CE,Combined TRACON& Tower with Radar,49,51,83,6,189,0,1,38,0,39,49,52,121,6,228,24,2,26,254
06/23/2023,FSD,SD,AGL,CE,Combined TRACON& Tower with Radar,48,45,51,4,148,0,4,17,4,25,48,49,68,8,173,24,0,24,197
06/24/2023,FSD,SD,AGL,CE,Combined TRACON& Tower with Radar,48,23,33,2,106,0,2,11,0,13,48,25,44,2,119,10,0,10,129
06/25/2023,FSD,SD,AGL,CE,Combined TRACON& Tower with Radar,37,9,37,1,84,0,1,5,0,6,37,10,42,1,90,12,0,12,102
06/26/2023,FSD,SD,AGL,CE,Combined TRACON& Tower with Radar,48,50,51,0,149,0,2,36,3,41,48,52,87,3,190,26,0,26,216
06/27/2023,FSD,SD,AGL,CE,Combined TRACON& Tower with Radar,41,50,63,2,156,0,5,33,2,40,41,55,96,4,196,26,0,26,222
06/28/2023,FSD,SD,AGL,CE,Combined TRACON& Tower with Radar,53,59,82,4,198,0,9,39,0,48,53,68,121,4,246,22,0,22,268
06/29/2023,FSD,SD,AGL,CE,Combined TRACON& Tower with Radar,49,40,73,6,168,0,8,48,2,58,49,48,121,8,226,40,0,40,266
06/30/2023,FSD,SD,AGL,CE,Combined TRACON& Tower with Radar,48,49,69,13,179,0,7,40,0,47,48,56,109,13,226,44,10,54,280
07/01/2023,FSD,SD,AGL,CE,Combined TRACON& Tower with Radar,44,22,52,2,120,0,7,28,1,36,44,29,80,3,156,8,0,8,164
07/02/2023,FSD,SD,AGL,CE,Combined TRACON& Tower with Radar,36,26,24,0,86,0,8,22,0,30,36,34,46,0,116,0,0,0,116
07/03/2023,FSD,SD,AGL,CE,Combined TRACON& Tower with Radar,39,38,14,1,92,0,4,19,1,24,39,42,33,2,116,8,0,8,124
07/04/2023,FSD,SD,AGL,CE,Combined TRACON& Tower with Radar,30,20,5,0,55,0,1,2,0,3,30,21,7,0,58,20,0,20,78
07/05/2023,FSD,SD,AGL,CE,Combined TRACON& Tower with Radar,47,53,54,9,163,0,6,33,1,40,47,59,87,10,203,24,6,30,233
07/06/2023,FSD,SD,AGL,CE,Combined TRACON& Tower with Radar,44,58,39,5,146,0,7,49,0,56,44,65,88,5,202,70,0,70,272
07/07/2023,FSD,SD,AGL,CE,Combined TRACON& Tower with Radar,43,50,32,3,128,0,2,14,1,17,43,52,46,4,145,16,0,16,161
07/08/2023,FSD,SD,AGL,CE,Combined TRACON& Tower with Radar,44,30,34,1,109,0,7,36,0,43,44,37,70,1,152,18,0,18,170
07/09/2023,FSD,SD,AGL,CE,Combined TRACON& Tower with Radar,37,24,38,3,102,0,4,44,1,49,37,28,82,4,151,28,0,28,179
07/10/2023,FSD,SD,AGL,CE,Combined TRACON& Tower with Radar,41,44,43,0,128,0,2,37,1,40,41,46,80,1,168,46,0,46,214
07/11/2023,FSD,SD,AGL,CE,Combined TRACON& Tower with Radar,40,65,56,12,173,0,5,11,0,16,40,70,67,12,189,22,4,26,215
07/12/2023,FSD,SD,AGL,CE,Combined TRACON& Tower with Radar,51,61,66,21,199,0,4,20,1,25,51,65,86,22,224,38,2,40,264
07/13/2023,FSD,SD,AGL,CE,Combined TRACON& Tower with Radar,45,52,75,9,181,0,4,38,0,42,45,56,113,9,223,34,12,46,269
07/14/2023,FSD,SD,AGL,CE,Combined TRACON& Tower with Radar,43,53,45,21,162,0,6,42,8,56,43,59,87,29,218,30,16,46,264
07/15/2023,FSD,SD,AGL,CE,Combined TRACON& Tower with Radar,42,26,39,0,107,0,3,7,0,10,42,29,46,0,117,10,0,10,127
07/16/2023,FSD,SD,AGL,CE,Combined TRACON& Tower with Radar,35,27,28,3,93,0,1,5,0,6,35,28,33,3,99,0,0,0,99
07/17/2023,FSD,SD,AGL,CE,Combined TRACON& Tower with Radar,38,43,34,0,115,0,4,34,0,38,38,47,68,0,153,56,0,56,209
07/18/2023,FSD,SD,AGL,CE,Combined TRACON& Tower with Radar,40,61,63,16,180,0,4,40,1,45,40,65,103,17,225,32,14,46,271
07/19/2023,FSD,SD,AGL,CE,Combined TRACON& Tower with Radar,48,55,50,11,164,0,3,21,1,25,48,58,71,12,189,4,6,10,199
07/20/2023,FSD,SD,AGL,CE,Combined TRACON& Tower with Radar,44,62,68,11,185,0,7,39,2,48,44,69,107,13,233,24,2,26,259
07/21/2023,FSD,SD,AGL,CE,Combined TRACON& Tower with Radar,44,52,58,12,166,0,6,48,1,55,44,58,106,13,221,46,4,50,271
07/22/2023,FSD,SD,AGL,CE,Combined TRACON& Tower with Radar,39,34,30,0,103,0,8,50,1,59,39,42,80,1,162,22,0,22,184
07/23/2023,FSD,SD,AGL,CE,Combined TRACON& Tower with Radar,34,30,41,1,106,0,1,36,2,39,34,31,77,3,145,8,0,8,153
07/24/2023,FSD,SD,AGL,CE,Combined TRACON& Tower with Radar,43,47,55,0,145,0,11,52,0,63,43,58,107,0,208,66,0,66,274
07/25/2023,FSD,SD,AGL,CE,Combined TRACON& Tower with Radar,41,58,54,11,164,0,5,63,2,70,41,63,117,13,234,36,8,44,278
07/26/2023,FSD,SD,AGL,CE,Combined TRACON& Tower with Radar,49,71,61,14,195,0,4,36,2,42,49,75,97,16,237,22,10,32,269
07/27/2023,FSD,SD,AGL,CE,Combined TRACON& Tower with Radar,43,59,80,6,188,0,1,75,1,77,43,60,155,7,265,10,20,30,295
07/28/2023,FSD,SD,AGL,CE,Combined TRACON& Tower with Radar,46,44,30,10,130,0,2,36,13,51,46,46,66,23,181,21,2,23,204
07/29/2023,FSD,SD,AGL,CE,Combined TRACON& Tower with Radar,41,29,29,2,101,0,4,24,27,55,41,33,53,29,156,6,0,6,162
07/30/2023,FSD,SD,AGL,CE,Combined TRACON& Tower with Radar,34,12,30,2,78,0,6,34,4,44,34,18,64,6,122,18,0,18,140
07/31/2023,FSD,SD,AGL,CE,Combined TRACON& Tower with Radar,43,44,39,18,144,0,8,42,3,53,43,52,81,21,197,16,0,16,213
08/01/2023,FSD,SD,AGL,CE,Combined TRACON& Tower with Radar,39,75,45,16,175,0,5,21,2,28,39,80,66,18,203,8,8,16,219
08/02/2023,FSD,SD,AGL,CE,Combined TRACON& Tower with Radar,46,63,53,21,183,0,1,21,3,25,46,64,74,24,208,32,16,48,256
08/03/2023,FSD,SD,AGL,CE,Combined TRACON& Tower with Radar,46,59,43,16,164,0,4,31,0,35,46,63,74,16,199,42,6,48,247
08/04/2023,FSD,SD,AGL,CE,Combined TRACON& Tower with Radar,45,47,48,12,152,0,2,28,0,30,45,49,76,12,182,50,0,50,232
08/05/2023,FSD,SD,AGL,CE,Combined TRACON& Tower with Radar,44,25,22,0,91,0,0,1,0,1,44,25,23,0,92,0,0,0,92
08/06/2023,FSD,SD,AGL,CE,Combined TRACON& Tower with Radar,33,30,16,0,79,0,0,2,0,2,33,30,18,0,81,0,0,0,81
08/07/2023,FSD,SD,AGL,CE,Combined TRACON& Tower with Radar,42,40,51,0,133,0,11,22,1,34,42,51,73,1,167,68,0,68,235
08/08/2023,FSD,SD,AGL,CE,Combined TRACON& Tower with Radar,39,53,60,10,162,0,7,27,0,34,39,60,87,10,196,44,10,54,250
08/09/2023,FSD,SD,AGL,CE,Combined TRACON& Tower with Radar,48,53,64,0,165,0,15,34,0,49,48,68,98,0,214,34,0,34,248
08/10/2023,FSD,SD,AGL,CE,Combined TRACON& Tower with Radar,47,50,59,6,162,0,9,28,0,37,47,59,87,6,199,6,4,10,209
08/11/2023,FSD,SD,AGL,CE,Combined TRACON& Tower with Radar,45,47,53,12,157,0,6,35,5,46,45,53,88,17,203,60,18,78,281
08/12/2023,FSD,SD,AGL,CE,Combined TRACON& Tower with Radar,42,37,30,11,120,0,6,37,2,45,42,43,67,13,165,46,0,46,211
08/13/2023,FSD,SD,AGL,CE,Combined TRACON& Tower with Radar,36,13,38,0,87,0,0,5,0,5,36,13,43,0,92,10,0,10,102
08/14/2023,FSD,SD,AGL,CE,Combined TRACON& Tower with Radar,43,48,66,0,157,0,0,16,0,16,43,48,82,0,173,4,0,4,177
08/15/2023,FSD,SD,AGL,CE,Combined TRACON& Tower with Radar,40,67,74,1,182,0,5,63,2,70,40,72,137,3,252,44,0,44,296
08/16/2023,FSD,SD,AGL,CE,Combined TRACON& Tower with Radar,45,50,58,1,154,0,9,20,3,32,45,59,78,4,186,0,0,0,186
08/17/2023,FSD,SD,AGL,CE,Combined TRACON& Tower with Radar,44,77,52,2,175,0,5,36,0,41,44,82,88,2,216,30,0,30,246
08/18/2023,FSD,SD,AGL,CE,Combined TRACON& Tower with Radar,43,62,53,0,158,0,4,31,0,35,43,66,84,0,193,14,0,14,207
08/19/2023,FSD,SD,AGL,CE,Combined TRACON& Tower with Radar,36,35,47,0,118,0,4,25,0,29,36,39,72,0,147,2,0,2,149
08/20/2023,FSD,SD,AGL,CE,Combined TRACON& Tower with Radar,32,27,38,0,97,0,4,29,0,33,32,31,67,0,130,10,0,10,140
08/21/2023,FSD,SD,AGL,CE,Combined TRACON& Tower with Radar,44,53,65,1,163,0,4,23,0,27,44,57,88,1,190,26,0,26,216
08/22/2023,FSD,SD,AGL,CE,Combined TRACON& Tower with Radar,44,63,52,3,162,0,6,18,1,25,44,69,70,4,187,44,0,44,231
08/23/2023,FSD,SD,AGL,CE,Combined TRACON& Tower with Radar,51,64,44,0,159,0,5,20,1,26,51,69,64,1,185,22,0,22,207
08/24/2023,FSD,SD,AGL,CE,Combined TRACON& Tower with Radar,46,73,51,12,182,0,2,29,3,34,46,75,80,15,216,24,2,26,242
08/25/2023,FSD,SD,AGL,CE,Combined TRACON& Tower with Radar,48,64,54,15,181,0,4,24,6,34,48,68,78,21,215,26,12,38,253
08/26/2023,FSD,SD,AGL,CE,Combined TRACON& Tower with Radar,37,31,34,3,105,0,1,28,2,31,37,32,62,5,136,10,0,10,146
08/27/2023,FSD,SD,AGL,CE,Combined TRACON& Tower with Radar,32,25,28,0,85,0,2,27,0,29,32,27,55,0,114,24,0,24,138
08/28/2023,FSD,SD,AGL,CE,Combined TRACON& Tower with Radar,38,39,70,1,148,0,4,37,0,41,38,43,107,1,189,34,0,34,223
08/29/2023,FSD,SD,AGL,CE,Combined TRACON& Tower with Radar,38,49,79,14,180,0,7,33,2,42,38,56,112,16,222,18,18,36,258
08/30/2023,FSD,SD,AGL,CE,Combined TRACON& Tower with Radar,47,55,74,22,198,0,5,46,0,51,47,60,120,22,249,6,30,36,285
08/31/2023,FSD,SD,AGL,CE,Combined TRACON& Tower with Radar,41,60,51,7,159,0,6,22,2,30,41,66,73,9,189,4,8,12,201
