01/01/2000,FSM,AR,ASW,CE,Towers with Radar,0,20,15,12,47,0,6,41,0,47,0,26,56,12,94,10,36,46,140
01/02/2000,FSM,AR,ASW,CE,Towers with Radar,1,26,23,24,74,4,0,13,0,17,5,26,36,24,91,10,48,58,149
01/03/2000,FSM,AR,ASW,CE,Towers with Radar,1,35,25,33,94,5,3,5,10,23,6,38,30,43,117,24,44,68,185
01/04/2000,FSM,AR,ASW,CE,Towers with Radar,0,38,27,39,104,0,0,16,12,28,0,38,43,51,132,10,38,48,180
01/05/2000,FSM,AR,ASW,CE,Towers with Radar,0,45,35,41,121,0,0,32,0,32,0,45,67,41,153,8,52,60,213
01/06/2000,FSM,AR,ASW,CE,Towers with Radar,1,48,36,46,131,1,0,33,22,56,2,48,69,68,187,22,52,74,261
01/07/2000,FSM,AR,ASW,CE,Towers with Radar,4,37,46,46,133,0,0,39,0,39,4,37,85,46,172,4,46,50,222
01/08/2000,FSM,AR,ASW,CE,Towers with Radar,0,31,9,0,40,0,0,0,0,0,0,31,9,0,40,2,0,2,42
01/09/2000,FSM,AR,ASW,CE,Towers with Radar,0,29,17,12,58,0,0,22,3,25,0,29,39,15,83,14,0,14,97
01/10/2000,FSM,AR,ASW,CE,Towers with Radar,0,39,36,43,118,0,0,28,17,45,0,39,64,60,163,30,66,96,259
01/11/2000,FSM,AR,ASW,CE,Towers with Radar,0,35,38,77,150,6,24,26,0,56,6,59,64,77,206,18,48,66,272
01/12/2000,FSM,AR,ASW,CE,Towers with Radar,0,42,48,47,137,0,0,21,0,21,0,42,69,47,158,0,26,26,184
01/13/2000,FSM,AR,ASW,CE,Towers with Radar,0,42,39,48,129,0,0,27,10,37,0,42,66,58,166,20,88,108,274
01/14/2000,FSM,AR,ASW,CE,Towers with Radar,0,43,36,21,100,0,0,64,0,64,0,43,100,21,164,12,30,42,206
01/15/2000,FSM,AR,ASW,CE,Towers with Radar,0,29,22,11,62,0,3,16,0,19,0,32,38,11,81,7,22,29,110
01/16/2000,FSM,AR,ASW,CE,Towers with Radar,0,31,25,1,57,0,0,12,1,13,0,31,37,2,70,22,0,22,92
01/17/2000,FSM,AR,ASW,CE,Towers with Radar,0,37,29,9,75,0,1,17,0,18,0,38,46,9,93,4,8,12,105
01/18/2000,FSM,AR,ASW,CE,Towers with Radar,0,41,61,32,134,0,0,4,0,4,0,41,65,32,138,0,6,6,144
01/19/2000,FSM,AR,ASW,CE,Towers with Radar,0,41,56,45,142,0,0,8,0,8,0,41,64,45,150,14,86,100,250
01/20/2000,FSM,AR,ASW,CE,Towers with Radar,0,40,34,40,114,0,0,53,10,63,0,40,87,50,177,40,42,82,259
01/21/2000,FSM,AR,ASW,CE,Towers with Radar,0,41,36,42,119,0,0,26,27,53,0,41,62,69,172,8,65,73,245
01/22/2000,FSM,AR,ASW,CE,Towers with Radar,0,33,25,30,88,0,2,27,13,42,0,35,52,43,130,121,22,143,273
01/23/2000,FSM,AR,ASW,CE,Towers with Radar,0,27,22,23,72,0,0,26,0,26,0,27,48,23,98,28,46,74,172
01/24/2000,FSM,AR,ASW,CE,Towers with Radar,1,45,46,42,134,0,4,15,12,31,1,49,61,54,165,48,80,128,293
01/25/2000,FSM,AR,ASW,CE,Towers with Radar,0,40,42,68,150,0,0,31,0,31,0,40,73,68,181,10,70,80,261
01/26/2000,FSM,AR,ASW,CE,Towers with Radar,0,43,28,22,93,0,0,8,0,8,0,43,36,22,101,40,36,76,177
01/27/2000,FSM,AR,ASW,CE,Towers with Radar,0,10,8,0,18,0,0,0,0,0,0,10,8,0,18,0,0,0,18
01/28/2000,FSM,AR,ASW,CE,Towers with Radar,0,22,16,0,38,0,10,3,0,13,0,32,19,0,51,0,0,0,51
01/29/2000,FSM,AR,ASW,CE,Towers with Radar,0,37,9,4,50,0,0,12,0,12,0,37,21,4,62,4,0,4,66
01/30/2000,FSM,AR,ASW,CE,Towers with Radar,0,32,9,0,41,0,1,17,0,18,0,33,26,0,59,2,0,2,61
01/31/2000,FSM,AR,ASW,CE,Towers with Radar,0,42,32,40,114,2,2,28,10,42,2,44,60,50,156,6,28,34,190
02/01/2000,FSM,AR,ASW,CE,Towers with Radar,0,42,35,20,97,0,1,42,12,55,0,43,77,32,152,30,28,58,210
02/02/2000,FSM,AR,ASW,CE,Towers with Radar,0,38,30,23,91,0,0,1,0,1,0,38,31,23,92,2,20,22,114
02/03/2000,FSM,AR,ASW,CE,Towers with Radar,1,44,33,36,114,1,0,35,10,46,2,44,68,46,160,16,8,24,184
02/04/2000,FSM,AR,ASW,CE,Towers with Radar,0,53,39,44,136,0,3,46,23,72,0,56,85,67,208,4,36,40,248
02/05/2000,FSM,AR,ASW,CE,Towers with Radar,0,31,24,26,81,0,4,22,0,26,0,35,46,26,107,30,44,74,181
02/06/2000,FSM,AR,ASW,CE,Towers with Radar,0,32,24,26,82,0,4,47,13,64,0,36,71,39,146,28,54,82,228
02/07/2000,FSM,AR,ASW,CE,Towers with Radar,0,41,35,40,116,0,0,7,34,41,0,41,42,74,157,35,108,143,300
02/08/2000,FSM,AR,ASW,CE,Towers with Radar,0,43,38,46,127,0,1,31,0,32,0,44,69,46,159,56,34,90,249
02/09/2000,FSM,AR,ASW,CE,Towers with Radar,0,47,25,42,114,0,31,19,0,50,0,78,44,42,164,24,22,46,210
02/10/2000,FSM,AR,ASW,CE,Towers with Radar,0,40,42,46,128,0,0,33,4,37,0,40,75,50,165,12,97,109,274
02/11/2000,FSM,AR,ASW,CE,Towers with Radar,0,37,40,21,98,0,0,4,0,4,0,37,44,21,102,12,0,12,114
02/12/2000,FSM,AR,ASW,CE,Towers with Radar,0,29,22,6,57,0,2,16,0,18,0,31,38,6,75,18,0,18,93
02/13/2000,FSM,AR,ASW,CE,Towers with Radar,0,27,18,4,49,0,8,17,0,25,0,35,35,4,74,18,0,18,92
02/14/2000,FSM,AR,ASW,CE,Towers with Radar,3,47,44,84,178,0,0,26,0,26,3,47,70,84,204,22,54,76,280
02/15/2000,FSM,AR,ASW,CE,Towers with Radar,2,38,31,52,123,0,0,16,0,16,2,38,47,52,139,33,37,70,209
02/16/2000,FSM,AR,ASW,CE,Towers with Radar,0,41,42,53,136,0,0,23,2,25,0,41,65,55,161,20,54,74,235
02/17/2000,FSM,AR,ASW,CE,Towers with Radar,0,48,19,0,67,0,0,0,0,0,0,48,19,0,67,0,0,0,67
02/18/2000,FSM,AR,ASW,CE,Towers with Radar,0,40,34,27,101,2,0,10,0,12,2,40,44,27,113,0,6,6,119
02/19/2000,FSM,AR,ASW,CE,Towers with Radar,0,38,28,1,67,0,3,34,0,37,0,41,62,1,104,46,0,46,150
02/20/2000,FSM,AR,ASW,CE,Towers with Radar,1,34,19,1,55,0,4,60,12,76,1,38,79,13,131,52,0,52,183
02/21/2000,FSM,AR,ASW,CE,Towers with Radar,2,34,35,7,78,0,5,16,2,23,2,39,51,9,101,18,0,18,119
02/22/2000,FSM,AR,ASW,CE,Towers with Radar,0,46,46,29,121,0,0,1,0,1,0,46,47,29,122,8,50,58,180
02/23/2000,FSM,AR,ASW,CE,Towers with Radar,0,42,39,18,99,0,0,0,2,2,0,42,39,20,101,0,12,12,113
02/24/2000,FSM,AR,ASW,CE,Towers with Radar,1,41,44,47,133,0,0,24,32,56,1,41,68,79,189,10,12,22,211
02/25/2000,FSM,AR,ASW,CE,Towers with Radar,0,32,26,12,70,0,0,0,0,0,0,32,26,12,70,0,0,0,70
02/26/2000,FSM,AR,ASW,CE,Towers with Radar,0,27,22,20,69,0,1,18,0,19,0,28,40,20,88,10,24,34,122
02/27/2000,FSM,AR,ASW,CE,Towers with Radar,0,36,19,32,87,0,7,45,7,59,0,43,64,39,146,47,50,97,243
02/28/2000,FSM,AR,ASW,CE,Towers with Radar,0,39,35,39,113,0,0,39,16,55,0,39,74,55,168,66,78,144,312
02/29/2000,FSM,AR,ASW,CE,Towers with Radar,0,50,37,41,128,0,0,41,1,42,0,50,78,42,170,2,20,22,192
03/01/2000,FSM,AR,ASW,CE,Towers with Radar,0,42,53,55,150,0,0,52,0,52,0,42,105,55,202,36,42,78,280
03/02/2000,FSM,AR,ASW,CE,Towers with Radar,0,36,37,2,75,0,7,1,0,8,0,43,38,2,83,6,0,6,89
03/03/2000,FSM,AR,ASW,CE,Towers with Radar,0,39,39,2,80,0,8,1,0,9,0,47,40,2,89,2,4,6,95
03/04/2000,FSM,AR,ASW,CE,Towers with Radar,0,34,27,6,67,0,3,40,0,43,0,37,67,6,110,40,14,54,164
03/05/2000,FSM,AR,ASW,CE,Towers with Radar,0,32,16,5,53,0,1,37,0,38,0,33,53,5,91,48,4,52,143
03/06/2000,FSM,AR,ASW,CE,Towers with Radar,0,41,52,29,122,0,0,22,0,22,0,41,74,29,144,22,72,94,238
03/07/2000,FSM,AR,ASW,CE,Towers with Radar,0,39,53,46,138,0,2,21,0,23,0,41,74,46,161,2,60,62,223
03/08/2000,FSM,AR,ASW,CE,Towers with Radar,0,40,54,80,174,1,0,7,14,22,1,40,61,94,196,12,82,94,290
03/09/2000,FSM,AR,ASW,CE,Towers with Radar,1,49,62,56,168,0,0,52,53,105,1,49,114,109,273,22,70,92,365
03/10/2000,FSM,AR,ASW,CE,Towers with Radar,0,33,41,16,90,0,0,19,0,19,0,33,60,16,109,6,8,14,123
03/11/2000,FSM,AR,ASW,CE,Towers with Radar,0,26,27,23,76,0,11,15,8,34,0,37,42,31,110,4,48,52,162
03/12/2000,FSM,AR,ASW,CE,Towers with Radar,1,39,34,17,91,0,5,48,0,53,1,44,82,17,144,88,37,125,269
03/13/2000,FSM,AR,ASW,CE,Towers with Radar,3,41,50,71,165,1,2,29,0,32,4,43,79,71,197,52,82,134,331
03/14/2000,FSM,AR,ASW,CE,Towers with Radar,0,34,30,43,107,0,0,24,0,24,0,34,54,43,131,44,78,122,253
03/15/2000,FSM,AR,ASW,CE,Towers with Radar,0,42,61,42,145,0,4,30,6,40,0,46,91,48,185,82,72,154,339
03/16/2000,FSM,AR,ASW,CE,Towers with Radar,4,50,58,10,122,0,0,4,4,8,4,50,62,14,130,8,16,24,154
03/17/2000,FSM,AR,ASW,CE,Towers with Radar,3,43,37,13,96,0,10,0,8,18,3,53,37,21,114,0,14,14,128
03/18/2000,FSM,AR,ASW,CE,Towers with Radar,0,34,14,0,48,0,0,9,0,9,0,34,23,0,57,64,0,64,121
03/19/2000,FSM,AR,ASW,CE,Towers with Radar,0,36,30,4,70,0,0,6,0,6,0,36,36,4,76,0,0,0,76
03/20/2000,FSM,AR,ASW,CE,Towers with Radar,0,41,48,48,137,0,0,50,0,50,0,41,98,48,187,24,98,122,309
03/21/2000,FSM,AR,ASW,CE,Towers with Radar,0,40,42,71,153,0,0,11,0,11,0,40,53,71,164,4,80,84,248
03/22/2000,FSM,AR,ASW,CE,Towers with Radar,0,44,47,25,116,0,0,24,0,24,0,44,71,25,140,10,4,14,154
03/23/2000,FSM,AR,ASW,CE,Towers with Radar,0,38,38,28,104,1,0,8,0,9,1,38,46,28,113,16,20,36,149
03/24/2000,FSM,AR,ASW,CE,Towers with Radar,0,41,46,42,129,0,0,47,6,53,0,41,93,48,182,43,46,89,271
03/25/2000,FSM,AR,ASW,CE,Towers with Radar,0,31,30,21,82,0,3,28,0,31,0,34,58,21,113,24,36,60,173
03/26/2000,FSM,AR,ASW,CE,Towers with Radar,0,31,33,30,94,0,0,5,0,5,0,31,38,30,99,12,26,38,137
03/27/2000,FSM,AR,ASW,CE,Towers with Radar,0,43,44,40,127,2,5,47,3,57,2,48,91,43,184,14,60,74,258
03/28/2000,FSM,AR,ASW,CE,Towers with Radar,0,43,45,40,128,2,0,31,12,45,2,43,76,52,173,12,66,78,251
03/29/2000,FSM,AR,ASW,CE,Towers with Radar,0,44,41,21,106,0,5,0,0,5,0,49,41,21,111,0,16,16,127
03/30/2000,FSM,AR,ASW,CE,Towers with Radar,0,44,54,49,147,0,0,0,0,0,0,44,54,49,147,8,24,32,179
03/31/2000,FSM,AR,ASW,CE,Towers with Radar,1,38,57,53,149,0,0,33,18,51,1,38,90,71,200,30,56,86,286
04/01/2000,FSM,AR,ASW,CE,Towers with Radar,0,35,24,3,62,0,9,20,1,30,0,44,44,4,92,8,7,15,107
04/02/2000,FSM,AR,ASW,CE,Towers with Radar,0,33,31,11,75,0,0,2,0,2,0,33,33,11,77,0,0,0,77
04/03/2000,FSM,AR,ASW,CE,Towers with Radar,0,35,40,34,109,0,0,6,15,21,0,35,46,49,130,0,36,36,166
04/04/2000,FSM,AR,ASW,CE,Towers with Radar,0,52,41,47,140,0,5,47,10,62,0,57,88,57,202,2,54,56,258
04/05/2000,FSM,AR,ASW,CE,Towers with Radar,1,46,40,34,121,0,3,24,1,28,1,49,64,35,149,16,44,60,209
04/06/2000,FSM,AR,ASW,CE,Towers with Radar,2,48,44,34,128,6,7,59,0,72,8,55,103,34,200,6,42,48,248
04/07/2000,FSM,AR,ASW,CE,Towers with Radar,2,44,45,39,130,1,0,0,26,27,3,44,45,65,157,6,56,62,219
04/08/2000,FSM,AR,ASW,CE,Towers with Radar,0,27,22,20,69,0,8,39,12,59,0,35,61,32,128,24,58,82,210
04/09/2000,FSM,AR,ASW,CE,Towers with Radar,0,29,24,15,68,0,8,45,0,53,0,37,69,15,121,46,16,62,183
04/10/2000,FSM,AR,ASW,CE,Towers with Radar,2,44,44,54,144,0,0,16,0,16,2,44,60,54,160,28,46,74,234
04/11/2000,FSM,AR,ASW,CE,Towers with Radar,0,34,37,1,72,0,0,0,0,0,0,34,37,1,72,0,0,0,72
04/12/2000,FSM,AR,ASW,CE,Towers with Radar,0,41,68,34,143,0,10,36,0,46,0,51,104,34,189,38,34,72,261
04/13/2000,FSM,AR,ASW,CE,Towers with Radar,0,48,44,37,129,0,0,57,5,62,0,48,101,42,191,44,46,90,281
04/14/2000,FSM,AR,ASW,CE,Towers with Radar,0,37,38,32,107,0,1,34,0,35,0,38,72,32,142,4,54,58,200
04/15/2000,FSM,AR,ASW,CE,Towers with Radar,0,31,26,7,64,2,4,35,0,41,2,35,61,7,105,32,6,38,143
04/16/2000,FSM,AR,ASW,CE,Towers with Radar,0,33,19,4,56,0,3,16,0,19,0,36,35,4,75,46,0,46,121
04/17/2000,FSM,AR,ASW,CE,Towers with Radar,0,34,47,65,146,0,21,71,0,92,0,55,118,65,238,76,64,140,378
04/18/2000,FSM,AR,ASW,CE,Towers with Radar,0,46,41,12,99,0,3,32,0,35,0,49,73,12,134,50,18,68,202
04/19/2000,FSM,AR,ASW,CE,Towers with Radar,0,42,52,23,117,0,0,33,0,33,0,42,85,23,150,42,20,62,212
04/20/2000,FSM,AR,ASW,CE,Towers with Radar,0,46,46,37,129,0,0,34,6,40,0,46,80,43,169,2,42,44,213
04/21/2000,FSM,AR,ASW,CE,Towers with Radar,0,39,31,43,113,0,11,51,0,62,0,50,82,43,175,18,34,52,227
04/22/2000,FSM,AR,ASW,CE,Towers with Radar,0,32,15,4,51,0,13,62,0,75,0,45,77,4,126,84,0,84,210
04/23/2000,FSM,AR,ASW,CE,Towers with Radar,0,24,13,0,37,0,5,0,0,5,0,29,13,0,42,6,0,6,48
04/24/2000,FSM,AR,ASW,CE,Towers with Radar,1,46,45,37,129,0,0,8,32,40,1,46,53,69,169,0,38,38,207
04/25/2000,FSM,AR,ASW,CE,Towers with Radar,2,41,53,43,139,0,0,30,46,76,2,41,83,89,215,20,62,82,297
04/26/2000,FSM,AR,ASW,CE,Towers with Radar,0,42,64,48,154,0,5,32,0,37,0,47,96,48,191,46,24,70,261
04/27/2000,FSM,AR,ASW,CE,Towers with Radar,0,47,46,24,117,0,0,15,0,15,0,47,61,24,132,26,54,80,212
04/28/2000,FSM,AR,ASW,CE,Towers with Radar,0,39,45,30,114,0,0,32,0,32,0,39,77,30,146,2,32,34,180
04/29/2000,FSM,AR,ASW,CE,Towers with Radar,0,26,25,2,53,0,5,27,0,32,0,31,52,2,85,0,0,0,85
04/30/2000,FSM,AR,ASW,CE,Towers with Radar,0,30,28,13,71,1,0,11,0,12,1,30,39,13,83,0,8,8,91
05/01/2000,FSM,AR,ASW,CE,Towers with Radar,0,34,30,11,75,0,6,22,0,28,0,40,52,11,103,22,10,32,135
05/02/2000,FSM,AR,ASW,CE,Towers with Radar,1,42,29,17,89,0,0,14,1,15,1,42,43,18,104,30,0,30,134
05/03/2000,FSM,AR,ASW,CE,Towers with Radar,2,46,38,13,99,0,5,0,0,5,2,51,38,13,104,2,10,12,116
05/04/2000,FSM,AR,ASW,CE,Towers with Radar,1,42,43,22,108,0,0,3,0,3,1,42,46,22,111,8,26,34,145
05/05/2000,FSM,AR,ASW,CE,Towers with Radar,2,38,39,33,112,0,0,1,0,1,2,38,40,33,113,0,12,12,125
05/06/2000,FSM,AR,ASW,CE,Towers with Radar,3,30,15,0,48,0,0,4,3,7,3,30,19,3,55,20,0,20,75
05/07/2000,FSM,AR,ASW,CE,Towers with Radar,0,34,28,24,86,0,8,21,32,61,0,42,49,56,147,0,26,26,173
05/08/2000,FSM,AR,ASW,CE,Towers with Radar,0,39,32,28,99,0,5,27,34,66,0,44,59,62,165,42,50,92,257
05/09/2000,FSM,AR,ASW,CE,Towers with Radar,0,43,44,12,99,0,0,5,0,5,0,43,49,12,104,0,14,14,118
05/10/2000,FSM,AR,ASW,CE,Towers with Radar,1,39,56,69,165,0,2,53,12,67,1,41,109,81,232,26,40,66,298
05/11/2000,FSM,AR,ASW,CE,Towers with Radar,0,44,42,37,123,0,0,25,5,30,0,44,67,42,153,4,32,36,189
05/12/2000,FSM,AR,ASW,CE,Towers with Radar,0,45,44,26,115,0,0,27,0,27,0,45,71,26,142,0,10,10,152
05/13/2000,FSM,AR,ASW,CE,Towers with Radar,0,34,18,4,56,0,0,39,9,48,0,34,57,13,104,6,0,6,110
05/14/2000,FSM,AR,ASW,CE,Towers with Radar,0,25,21,6,52,0,17,59,0,76,0,42,80,6,128,68,0,68,196
05/15/2000,FSM,AR,ASW,CE,Towers with Radar,1,36,41,36,114,1,0,24,50,75,2,36,65,86,189,38,48,86,275
05/16/2000,FSM,AR,ASW,CE,Towers with Radar,0,40,46,17,103,0,0,11,28,39,0,40,57,45,142,2,8,10,152
05/17/2000,FSM,AR,ASW,CE,Towers with Radar,0,41,39,36,116,0,0,19,6,25,0,41,58,42,141,48,56,104,245
05/18/2000,FSM,AR,ASW,CE,Towers with Radar,1,38,41,38,118,1,0,24,0,25,2,38,65,38,143,2,22,24,167
05/19/2000,FSM,AR,ASW,CE,Towers with Radar,1,29,41,38,109,0,0,17,37,54,1,29,58,75,163,23,80,103,266
05/20/2000,FSM,AR,ASW,CE,Towers with Radar,0,32,17,0,49,0,0,34,8,42,0,32,51,8,91,88,0,88,179
05/21/2000,FSM,AR,ASW,CE,Towers with Radar,0,33,31,17,81,0,0,19,0,19,0,33,50,17,100,78,4,82,182
05/22/2000,FSM,AR,ASW,CE,Towers with Radar,0,38,32,14,84,0,8,16,0,24,0,46,48,14,108,30,12,42,150
05/23/2000,FSM,AR,ASW,CE,Towers with Radar,0,45,35,38,118,1,0,54,31,86,1,45,89,69,204,16,68,84,288
05/24/2000,FSM,AR,ASW,CE,Towers with Radar,0,42,45,65,152,0,0,52,14,66,0,42,97,79,218,36,38,74,292
05/25/2000,FSM,AR,ASW,CE,Towers with Radar,1,43,44,41,129,3,0,37,7,47,4,43,81,48,176,22,24,46,222
05/26/2000,FSM,AR,ASW,CE,Towers with Radar,0,37,50,4,91,1,1,22,7,31,1,38,72,11,122,14,0,14,136
05/27/2000,FSM,AR,ASW,CE,Towers with Radar,0,25,17,0,42,0,6,10,0,16,0,31,27,0,58,4,0,4,62
05/28/2000,FSM,AR,ASW,CE,Towers with Radar,0,26,22,1,49,0,13,23,0,36,0,39,45,1,85,29,0,29,114
05/29/2000,FSM,AR,ASW,CE,Towers with Radar,0,27,23,13,63,2,11,40,0,53,2,38,63,13,116,0,10,10,126
05/30/2000,FSM,AR,ASW,CE,Towers with Radar,0,35,38,34,107,0,0,26,42,68,0,35,64,76,175,4,38,42,217
05/31/2000,FSM,AR,ASW,CE,Towers with Radar,0,41,45,80,166,0,2,51,0,53,0,43,96,80,219,28,96,124,343
06/01/2000,FSM,AR,ASW,CE,Towers with Radar,0,44,39,59,142,5,1,43,13,62,5,45,82,72,204,54,52,106,310
06/02/2000,FSM,AR,ASW,CE,Towers with Radar,0,39,29,39,107,0,6,10,0,16,0,45,39,39,123,24,74,98,221
06/03/2000,FSM,AR,ASW,CE,Towers with Radar,0,30,8,7,45,0,6,29,0,35,0,36,37,7,80,12,12,24,104
06/04/2000,FSM,AR,ASW,CE,Towers with Radar,0,30,23,6,59,0,4,1,0,5,0,34,24,6,64,4,0,4,68
06/05/2000,FSM,AR,ASW,CE,Towers with Radar,2,35,45,67,149,0,0,25,46,71,2,35,70,113,220,18,96,114,334
06/06/2000,FSM,AR,ASW,CE,Towers with Radar,0,37,39,60,136,0,0,45,13,58,0,37,84,73,194,58,96,154,348
06/07/2000,FSM,AR,ASW,CE,Towers with Radar,1,44,42,63,150,0,0,50,0,50,1,44,92,63,200,26,30,56,256
06/08/2000,FSM,AR,ASW,CE,Towers with Radar,1,47,49,69,166,3,0,41,5,49,4,47,90,74,215,48,40,88,303
06/09/2000,FSM,AR,ASW,CE,Towers with Radar,0,39,36,67,142,0,5,22,0,27,0,44,58,67,169,14,58,72,241
06/10/2000,FSM,AR,ASW,CE,Towers with Radar,0,31,12,2,45,0,2,8,0,10,0,33,20,2,55,4,0,4,59
06/11/2000,FSM,AR,ASW,CE,Towers with Radar,0,27,27,37,91,2,8,6,0,16,2,35,33,37,107,8,10,18,125
06/12/2000,FSM,AR,ASW,CE,Towers with Radar,0,40,41,57,138,0,0,19,0,19,0,40,60,57,157,52,0,52,209
06/13/2000,FSM,AR,ASW,CE,Towers with Radar,0,35,43,63,141,0,0,25,5,30,0,35,68,68,171,20,110,130,301
06/14/2000,FSM,AR,ASW,CE,Towers with Radar,0,30,30,6,66,0,4,1,0,5,0,34,31,6,71,0,0,0,71
06/15/2000,FSM,AR,ASW,CE,Towers with Radar,1,43,46,64,154,1,0,24,0,25,2,43,70,64,179,42,18,60,239
06/16/2000,FSM,AR,ASW,CE,Towers with Radar,0,40,49,46,135,0,15,40,0,55,0,55,89,46,190,34,6,40,230
06/17/2000,FSM,AR,ASW,CE,Towers with Radar,0,30,11,15,56,0,0,6,0,6,0,30,17,15,62,6,0,6,68
06/18/2000,FSM,AR,ASW,CE,Towers with Radar,1,37,27,16,81,1,7,23,0,31,2,44,50,16,112,42,4,46,158
06/19/2000,FSM,AR,ASW,CE,Towers with Radar,0,39,52,2,93,0,4,10,0,14,0,43,62,2,107,8,0,8,115
06/20/2000,FSM,AR,ASW,CE,Towers with Radar,0,41,42,59,142,0,0,23,5,28,0,41,65,64,170,35,19,54,224
06/21/2000,FSM,AR,ASW,CE,Towers with Radar,2,35,25,5,67,0,2,0,0,2,2,37,25,5,69,2,0,2,71
06/22/2000,FSM,AR,ASW,CE,Towers with Radar,0,42,44,24,110,0,0,28,0,28,0,42,72,24,138,4,10,14,152
06/23/2000,FSM,AR,ASW,CE,Towers with Radar,1,49,43,27,120,0,11,30,0,41,1,60,73,27,161,34,28,62,223
06/24/2000,FSM,AR,ASW,CE,Towers with Radar,0,34,27,0,61,0,0,25,0,25,0,34,52,0,86,4,0,4,90
06/25/2000,FSM,AR,ASW,CE,Towers with Radar,2,32,19,9,62,0,0,40,0,40,2,32,59,9,102,24,14,38,140
06/26/2000,FSM,AR,ASW,CE,Towers with Radar,0,36,37,30,103,0,0,26,0,26,0,36,63,30,129,26,4,30,159
06/27/2000,FSM,AR,ASW,CE,Towers with Radar,0,36,46,79,161,0,0,20,0,20,0,36,66,79,181,48,54,102,283
06/28/2000,FSM,AR,ASW,CE,Towers with Radar,4,47,49,7,107,2,0,3,0,5,6,47,52,7,112,26,12,38,150
06/29/2000,FSM,AR,ASW,CE,Towers with Radar,0,43,52,151,246,0,4,35,0,39,0,47,87,151,285,8,75,83,368
06/30/2000,FSM,AR,ASW,CE,Towers with Radar,1,42,41,60,144,0,0,41,10,51,1,42,82,70,195,6,68,74,269
07/01/2000,FSM,AR,ASW,CE,Towers with Radar,0,38,12,4,54,0,2,34,0,36,0,40,46,4,90,2,2,4,94
07/02/2000,FSM,AR,ASW,CE,Towers with Radar,2,33,12,2,49,0,3,18,0,21,2,36,30,2,70,24,0,24,94
07/03/2000,FSM,AR,ASW,CE,Towers with Radar,0,30,18,12,60,0,0,16,0,16,0,30,34,12,76,44,34,78,154
07/04/2000,FSM,AR,ASW,CE,Towers with Radar,0,27,10,2,39,0,7,34,0,41,0,34,44,2,80,36,0,36,116
07/05/2000,FSM,AR,ASW,CE,Towers with Radar,0,36,41,54,131,2,0,15,37,54,2,36,56,91,185,22,94,116,301
07/06/2000,FSM,AR,ASW,CE,Towers with Radar,0,41,39,51,131,0,0,27,22,49,0,41,66,73,180,18,64,82,262
07/07/2000,FSM,AR,ASW,CE,Towers with Radar,0,36,42,54,132,0,0,27,19,46,0,36,69,73,178,38,48,86,264
07/08/2000,FSM,AR,ASW,CE,Towers with Radar,0,28,16,4,48,0,10,46,0,56,0,38,62,4,104,26,0,26,130
07/09/2000,FSM,AR,ASW,CE,Towers with Radar,3,35,8,59,105,1,3,33,0,37,4,38,41,59,142,34,6,40,182
07/10/2000,FSM,AR,ASW,CE,Towers with Radar,0,39,28,50,117,0,13,31,23,67,0,52,59,73,184,14,56,70,254
07/11/2000,FSM,AR,ASW,CE,Towers with Radar,0,37,48,39,124,0,0,25,34,59,0,37,73,73,183,78,58,136,319
07/12/2000,FSM,AR,ASW,CE,Towers with Radar,0,35,39,46,120,0,0,32,0,32,0,35,71,46,152,8,40,48,200
07/13/2000,FSM,AR,ASW,CE,Towers with Radar,0,48,42,58,148,0,0,49,3,52,0,48,91,61,200,44,68,112,312
07/14/2000,FSM,AR,ASW,CE,Towers with Radar,0,43,37,34,114,2,5,48,0,55,2,48,85,34,169,16,30,46,215
07/15/2000,FSM,AR,ASW,CE,Towers with Radar,1,34,22,8,65,0,0,30,0,30,1,34,52,8,95,4,2,6,101
07/16/2000,FSM,AR,ASW,CE,Towers with Radar,4,36,19,14,73,0,12,55,0,67,4,48,74,14,140,66,8,74,214
07/17/2000,FSM,AR,ASW,CE,Towers with Radar,0,41,37,50,128,0,10,19,0,29,0,51,56,50,157,14,93,107,264
07/18/2000,FSM,AR,ASW,CE,Towers with Radar,0,37,55,60,152,0,0,17,0,17,0,37,72,60,169,30,96,126,295
07/19/2000,FSM,AR,ASW,CE,Towers with Radar,2,45,43,60,150,0,0,39,0,39,2,45,82,60,189,0,38,38,227
07/20/2000,FSM,AR,ASW,CE,Towers with Radar,0,38,46,17,101,0,0,24,0,24,0,38,70,17,125,6,0,6,131
07/21/2000,FSM,AR,ASW,CE,Towers with Radar,0,30,31,31,92,0,0,33,0,33,0,30,64,31,125,20,28,48,173
07/22/2000,FSM,AR,ASW,CE,Towers with Radar,0,26,25,14,65,0,5,21,0,26,0,31,46,14,91,16,8,24,115
07/23/2000,FSM,AR,ASW,CE,Towers with Radar,0,35,34,46,115,2,0,29,3,34,2,35,63,49,149,14,20,34,183
07/24/2000,FSM,AR,ASW,CE,Towers with Radar,0,37,33,44,114,2,1,79,0,82,2,38,112,44,196,26,62,88,284
07/25/2000,FSM,AR,ASW,CE,Towers with Radar,0,39,51,52,142,0,2,39,5,46,0,41,90,57,188,24,62,86,274
07/26/2000,FSM,AR,ASW,CE,Towers with Radar,1,39,46,62,148,0,0,32,3,35,1,39,78,65,183,10,112,122,305
07/27/2000,FSM,AR,ASW,CE,Towers with Radar,0,34,39,42,115,0,0,41,0,41,0,34,80,42,156,34,68,102,258
07/28/2000,FSM,AR,ASW,CE,Towers with Radar,2,34,25,29,90,0,0,31,0,31,2,34,56,29,121,4,18,22,143
07/29/2000,FSM,AR,ASW,CE,Towers with Radar,1,31,23,2,57,0,4,20,0,24,1,35,43,2,81,24,0,24,105
07/30/2000,FSM,AR,ASW,CE,Towers with Radar,0,31,32,10,73,0,0,38,0,38,0,31,70,10,111,14,2,16,127
07/31/2000,FSM,AR,ASW,CE,Towers with Radar,2,40,45,59,146,1,0,49,25,75,3,40,94,84,221,34,84,118,339
08/01/2000,FSM,AR,ASW,CE,Towers with Radar,1,42,44,42,129,0,6,28,0,34,1,48,72,42,163,42,74,116,279
08/02/2000,FSM,AR,ASW,CE,Towers with Radar,0,38,56,74,168,0,0,31,22,53,0,38,87,96,221,12,110,122,343
08/03/2000,FSM,AR,ASW,CE,Towers with Radar,2,39,44,36,121,0,0,42,0,42,2,39,86,36,163,34,72,106,269
08/04/2000,FSM,AR,ASW,CE,Towers with Radar,2,40,46,61,149,0,0,39,26,65,2,40,85,87,214,32,84,116,330
08/05/2000,FSM,AR,ASW,CE,Towers with Radar,0,24,25,26,75,0,18,9,0,27,0,42,34,26,102,2,48,50,152
08/06/2000,FSM,AR,ASW,CE,Towers with Radar,1,23,25,28,77,1,10,31,0,42,2,33,56,28,119,22,40,62,181
08/07/2000,FSM,AR,ASW,CE,Towers with Radar,0,35,36,48,119,0,0,39,7,46,0,35,75,55,165,40,62,102,267
08/08/2000,FSM,AR,ASW,CE,Towers with Radar,0,38,45,59,142,0,0,33,24,57,0,38,78,83,199,12,88,100,299
08/09/2000,FSM,AR,ASW,CE,Towers with Radar,2,43,43,59,147,0,6,50,8,64,2,49,93,67,211,46,38,84,295
08/10/2000,FSM,AR,ASW,CE,Towers with Radar,0,36,58,55,149,0,0,40,4,44,0,36,98,59,193,28,36,64,257
08/11/2000,FSM,AR,ASW,CE,Towers with Radar,0,36,55,59,150,0,0,50,17,67,0,36,105,76,217,20,6,26,243
08/12/2000,FSM,AR,ASW,CE,Towers with Radar,0,23,23,6,52,2,13,37,0,52,2,36,60,6,104,2,0,2,106
08/13/2000,FSM,AR,ASW,CE,Towers with Radar,0,26,25,10,61,0,7,39,0,46,0,33,64,10,107,26,6,32,139
08/14/2000,FSM,AR,ASW,CE,Towers with Radar,1,38,38,54,131,1,0,46,10,57,2,38,84,64,188,52,92,144,332
08/15/2000,FSM,AR,ASW,CE,Towers with Radar,0,50,51,83,184,0,3,62,19,84,0,53,113,102,268,12,58,70,338
08/16/2000,FSM,AR,ASW,CE,Towers with Radar,1,46,53,72,172,0,0,2,2,4,1,46,55,74,176,6,102,108,284
08/17/2000,FSM,AR,ASW,CE,Towers with Radar,1,38,46,55,140,1,0,51,0,52,2,38,97,55,192,0,129,129,321
08/18/2000,FSM,AR,ASW,CE,Towers with Radar,1,45,45,63,154,1,2,35,30,68,2,47,80,93,222,24,59,83,305
08/19/2000,FSM,AR,ASW,CE,Towers with Radar,0,28,29,16,73,2,1,10,0,13,2,29,39,16,86,14,40,54,140
08/20/2000,FSM,AR,ASW,CE,Towers with Radar,0,26,25,34,85,0,16,45,0,61,0,42,70,34,146,4,48,52,198
08/21/2000,FSM,AR,ASW,CE,Towers with Radar,0,39,31,36,106,0,3,31,16,50,0,42,62,52,156,32,60,92,248
08/22/2000,FSM,AR,ASW,CE,Towers with Radar,0,40,41,49,130,0,3,31,0,34,0,43,72,49,164,20,44,64,228
08/23/2000,FSM,AR,ASW,CE,Towers with Radar,0,45,49,60,154,0,0,27,0,27,0,45,76,60,181,20,96,116,297
08/24/2000,FSM,AR,ASW,CE,Towers with Radar,1,35,46,61,143,1,0,18,5,24,2,35,64,66,167,2,26,28,195
08/25/2000,FSM,AR,ASW,CE,Towers with Radar,0,45,40,36,121,0,0,26,16,42,0,45,66,52,163,12,80,92,255
08/26/2000,FSM,AR,ASW,CE,Towers with Radar,0,38,25,0,63,0,0,23,0,23,0,38,48,0,86,6,0,6,92
08/27/2000,FSM,AR,ASW,CE,Towers with Radar,0,35,20,3,58,0,0,31,0,31,0,35,51,3,89,8,0,8,97
08/28/2000,FSM,AR,ASW,CE,Towers with Radar,0,39,34,81,154,0,0,33,17,50,0,39,67,98,204,26,78,104,308
08/29/2000,FSM,AR,ASW,CE,Towers with Radar,0,38,48,100,186,2,2,39,0,43,2,40,87,100,229,40,134,174,403
08/30/2000,FSM,AR,ASW,CE,Towers with Radar,0,39,43,57,139,0,0,33,0,33,0,39,76,57,172,2,56,58,230
08/31/2000,FSM,AR,ASW,CE,Towers with Radar,1,36,47,62,146,0,0,26,38,64,1,36,73,100,210,36,32,68,278
09/01/2000,FSM,AR,ASW,CE,Towers with Radar,0,35,47,31,113,0,0,43,0,43,0,35,90,31,156,10,24,34,190
09/02/2000,FSM,AR,ASW,CE,Towers with Radar,0,20,17,0,37,0,7,38,0,45,0,27,55,0,82,0,0,0,82
09/03/2000,FSM,AR,ASW,CE,Towers with Radar,1,21,9,0,31,0,0,49,0,49,1,21,58,0,80,48,0,48,128
09/04/2000,FSM,AR,ASW,CE,Towers with Radar,0,32,12,12,56,0,6,47,3,56,0,38,59,15,112,8,10,18,130
09/05/2000,FSM,AR,ASW,CE,Towers with Radar,1,31,41,37,110,0,0,28,11,39,1,31,69,48,149,14,20,34,183
09/06/2000,FSM,AR,ASW,CE,Towers with Radar,1,41,41,39,122,0,0,62,9,71,1,41,103,48,193,38,68,106,299
09/07/2000,FSM,AR,ASW,CE,Towers with Radar,2,38,55,59,154,0,4,30,0,34,2,42,85,59,188,32,58,90,278
09/08/2000,FSM,AR,ASW,CE,Towers with Radar,1,49,57,56,163,0,0,23,5,28,1,49,80,61,191,12,20,32,223
09/09/2000,FSM,AR,ASW,CE,Towers with Radar,0,30,26,16,72,1,6,6,0,13,1,36,32,16,85,22,30,52,137
09/10/2000,FSM,AR,ASW,CE,Towers with Radar,0,29,25,27,81,2,7,34,5,48,2,36,59,32,129,32,28,60,189
09/11/2000,FSM,AR,ASW,CE,Towers with Radar,0,39,40,38,117,3,0,29,0,32,3,39,69,38,149,30,74,104,253
09/12/2000,FSM,AR,ASW,CE,Towers with Radar,0,39,57,29,125,0,0,20,0,20,0,39,77,29,145,28,32,60,205
09/13/2000,FSM,AR,ASW,CE,Towers with Radar,0,33,42,43,118,0,0,29,8,37,0,33,71,51,155,26,30,56,211
09/14/2000,FSM,AR,ASW,CE,Towers with Radar,0,44,45,46,135,0,0,49,9,58,0,44,94,55,193,36,76,112,305
09/15/2000,FSM,AR,ASW,CE,Towers with Radar,0,45,49,49,143,0,7,44,0,51,0,52,93,49,194,4,58,62,256
09/16/2000,FSM,AR,ASW,CE,Towers with Radar,0,34,15,10,59,0,0,59,0,59,0,34,74,10,118,28,24,52,170
09/17/2000,FSM,AR,ASW,CE,Towers with Radar,0,32,28,13,73,0,11,37,0,48,0,43,65,13,121,62,2,64,185
09/18/2000,FSM,AR,ASW,CE,Towers with Radar,1,40,35,33,109,0,2,41,10,53,1,42,76,43,162,26,14,40,202
09/19/2000,FSM,AR,ASW,CE,Towers with Radar,0,40,43,50,133,2,21,67,17,107,2,61,110,67,240,56,71,127,367
09/20/2000,FSM,AR,ASW,CE,Towers with Radar,0,46,40,61,147,0,21,79,0,100,0,67,119,61,247,30,106,136,383
09/21/2000,FSM,AR,ASW,CE,Towers with Radar,0,40,45,93,178,0,0,64,0,64,0,40,109,93,242,18,92,110,352
09/22/2000,FSM,AR,ASW,CE,Towers with Radar,0,44,37,66,147,0,10,33,21,64,0,54,70,87,211,10,116,126,337
09/23/2000,FSM,AR,ASW,CE,Towers with Radar,0,24,22,14,60,0,8,19,0,27,0,32,41,14,87,40,18,58,145
09/24/2000,FSM,AR,ASW,CE,Towers with Radar,0,31,14,8,53,0,4,0,0,4,0,35,14,8,57,0,0,0,57
09/25/2000,FSM,AR,ASW,CE,Towers with Radar,0,45,41,41,127,2,0,8,5,15,2,45,49,46,142,12,0,12,154
09/26/2000,FSM,AR,ASW,CE,Towers with Radar,0,44,52,36,132,0,0,36,0,36,0,44,88,36,168,44,18,62,230
09/27/2000,FSM,AR,ASW,CE,Towers with Radar,0,39,52,44,135,0,0,60,0,60,0,39,112,44,195,42,38,80,275
09/28/2000,FSM,AR,ASW,CE,Towers with Radar,1,38,50,24,113,0,0,60,0,60,1,38,110,24,173,27,8,35,208
09/29/2000,FSM,AR,ASW,CE,Towers with Radar,0,38,54,7,99,0,0,58,4,62,0,38,112,11,161,50,6,56,217
09/30/2000,FSM,AR,ASW,CE,Towers with Radar,0,32,10,5,47,0,2,79,0,81,0,34,89,5,128,10,0,10,138
10/01/2000,FSM,AR,ASW,CE,Towers with Radar,0,35,31,2,68,0,4,50,0,54,0,39,81,2,122,10,0,10,132
10/02/2000,FSM,AR,ASW,CE,Towers with Radar,0,33,34,48,115,0,7,35,50,92,0,40,69,98,207,16,74,90,297
10/03/2000,FSM,AR,ASW,CE,Towers with Radar,3,40,41,43,127,3,1,12,0,16,6,41,53,43,143,8,66,74,217
10/04/2000,FSM,AR,ASW,CE,Towers with Radar,0,36,40,42,118,0,5,18,17,40,0,41,58,59,158,24,40,64,222
10/05/2000,FSM,AR,ASW,CE,Towers with Radar,3,35,39,54,131,3,0,12,5,20,6,35,51,59,151,6,28,34,185
10/06/2000,FSM,AR,ASW,CE,Towers with Radar,4,35,34,23,96,1,10,20,1,32,5,45,54,24,128,26,26,52,180
10/07/2000,FSM,AR,ASW,CE,Towers with Radar,0,32,17,6,55,0,0,9,3,12,0,32,26,9,67,6,10,16,83
10/08/2000,FSM,AR,ASW,CE,Towers with Radar,0,34,8,22,64,0,5,47,0,52,0,39,55,22,116,32,22,54,170
10/09/2000,FSM,AR,ASW,CE,Towers with Radar,0,31,34,10,75,3,0,29,0,32,3,31,63,10,107,38,0,38,145
10/10/2000,FSM,AR,ASW,CE,Towers with Radar,2,34,30,54,120,5,12,34,0,51,7,46,64,54,171,34,40,74,245
10/11/2000,FSM,AR,ASW,CE,Towers with Radar,0,33,57,75,165,0,0,32,0,32,0,33,89,75,197,46,108,154,351
10/12/2000,FSM,AR,ASW,CE,Towers with Radar,0,43,43,58,144,0,0,35,8,43,0,43,78,66,187,34,122,156,343
10/13/2000,FSM,AR,ASW,CE,Towers with Radar,1,34,40,47,122,0,0,46,0,46,1,34,86,47,168,26,20,46,214
10/14/2000,FSM,AR,ASW,CE,Towers with Radar,1,29,25,19,74,1,0,22,3,26,2,29,47,22,100,42,34,76,176
10/15/2000,FSM,AR,ASW,CE,Towers with Radar,0,25,26,16,67,0,4,4,0,8,0,29,30,16,75,8,14,22,97
10/16/2000,FSM,AR,ASW,CE,Towers with Radar,0,40,44,26,110,0,1,15,2,18,0,41,59,28,128,16,6,22,150
10/17/2000,FSM,AR,ASW,CE,Towers with Radar,1,36,40,81,158,1,0,19,0,20,2,36,59,81,178,42,132,174,352
10/18/2000,FSM,AR,ASW,CE,Towers with Radar,0,34,48,69,151,0,0,41,0,41,0,34,89,69,192,14,112,126,318
10/19/2000,FSM,AR,ASW,CE,Towers with Radar,0,41,44,43,128,0,0,53,0,53,0,41,97,43,181,42,20,62,243
10/20/2000,FSM,AR,ASW,CE,Towers with Radar,1,36,42,55,134,0,3,25,1,29,1,39,67,56,163,18,40,58,221
10/21/2000,FSM,AR,ASW,CE,Towers with Radar,0,28,11,1,40,1,0,9,0,10,1,28,20,1,50,0,0,0,50
10/22/2000,FSM,AR,ASW,CE,Towers with Radar,0,26,23,28,77,0,0,0,0,0,0,26,23,28,77,0,0,0,77
10/23/2000,FSM,AR,ASW,CE,Towers with Radar,1,38,37,47,123,0,1,16,0,17,1,39,53,47,140,72,66,138,278
10/24/2000,FSM,AR,ASW,CE,Towers with Radar,0,42,51,69,162,0,0,29,47,76,0,42,80,116,238,10,144,154,392
10/25/2000,FSM,AR,ASW,CE,Towers with Radar,0,40,39,40,119,0,0,31,0,31,0,40,70,40,150,4,82,86,236
10/26/2000,FSM,AR,ASW,CE,Towers with Radar,0,36,42,18,96,0,0,23,0,23,0,36,65,18,119,0,58,58,177
10/27/2000,FSM,AR,ASW,CE,Towers with Radar,0,36,34,16,86,0,7,14,0,21,0,43,48,16,107,22,14,36,143
10/28/2000,FSM,AR,ASW,CE,Towers with Radar,0,31,22,0,53,1,0,33,0,34,1,31,55,0,87,28,0,28,115
10/29/2000,FSM,AR,ASW,CE,Towers with Radar,0,29,24,5,58,0,7,0,0,7,0,36,24,5,65,6,2,8,73
10/30/2000,FSM,AR,ASW,CE,Towers with Radar,1,32,35,24,92,0,0,2,0,2,1,32,37,24,94,0,36,36,130
10/31/2000,FSM,AR,ASW,CE,Towers with Radar,0,37,38,32,107,0,10,32,0,42,0,47,70,32,149,4,48,52,201
11/01/2000,FSM,AR,ASW,CE,Towers with Radar,0,35,39,10,84,1,0,29,0,30,1,35,68,10,114,0,42,42,156
11/02/2000,FSM,AR,ASW,CE,Towers with Radar,2,40,46,51,139,4,0,41,8,53,6,40,87,59,192,20,78,98,290
11/03/2000,FSM,AR,ASW,CE,Towers with Radar,2,30,39,43,114,0,0,17,1,18,2,30,56,44,132,12,16,28,160
11/04/2000,FSM,AR,ASW,CE,Towers with Radar,2,29,16,23,70,1,4,0,0,5,3,33,16,23,75,6,0,6,81
11/05/2000,FSM,AR,ASW,CE,Towers with Radar,0,24,28,31,83,3,4,4,1,12,3,28,32,32,95,2,0,2,97
11/06/2000,FSM,AR,ASW,CE,Towers with Radar,2,36,40,22,100,0,1,23,0,24,2,37,63,22,124,0,18,18,142
11/07/2000,FSM,AR,ASW,CE,Towers with Radar,1,40,43,41,125,0,8,22,0,30,1,48,65,41,155,4,28,32,187
11/08/2000,FSM,AR,ASW,CE,Towers with Radar,1,30,53,1,85,0,11,0,0,11,1,41,53,1,96,0,0,0,96
11/09/2000,FSM,AR,ASW,CE,Towers with Radar,1,33,37,28,99,0,0,8,0,8,1,33,45,28,107,0,4,4,111
11/10/2000,FSM,AR,ASW,CE,Towers with Radar,0,32,46,1,79,0,2,45,0,47,0,34,91,1,126,22,0,22,148
11/11/2000,FSM,AR,ASW,CE,Towers with Radar,0,20,24,0,44,0,15,10,0,25,0,35,34,0,69,10,0,10,79
11/12/2000,FSM,AR,ASW,CE,Towers with Radar,0,28,10,0,38,0,0,0,0,0,0,28,10,0,38,12,0,12,50
11/13/2000,FSM,AR,ASW,CE,Towers with Radar,0,35,37,40,112,0,0,36,18,54,0,35,73,58,166,48,26,74,240
11/14/2000,FSM,AR,ASW,CE,Towers with Radar,0,36,45,49,130,0,2,27,20,49,0,38,72,69,179,34,84,118,297
11/15/2000,FSM,AR,ASW,CE,Towers with Radar,1,35,48,52,136,1,0,11,2,14,2,35,59,54,150,0,74,74,224
11/16/2000,FSM,AR,ASW,CE,Towers with Radar,0,39,47,103,189,0,1,23,0,24,0,40,70,103,213,16,78,94,307
11/17/2000,FSM,AR,ASW,CE,Towers with Radar,0,35,38,35,108,0,0,43,2,45,0,35,81,37,153,36,28,64,217
11/18/2000,FSM,AR,ASW,CE,Towers with Radar,0,31,11,2,44,2,0,43,0,45,2,31,54,2,89,8,0,8,97
11/19/2000,FSM,AR,ASW,CE,Towers with Radar,0,36,27,21,84,0,6,69,7,82,0,42,96,28,166,12,8,20,186
11/20/2000,FSM,AR,ASW,CE,Towers with Radar,0,37,39,42,118,0,1,30,34,65,0,38,69,76,183,0,26,26,209
11/21/2000,FSM,AR,ASW,CE,Towers with Radar,1,40,52,57,150,1,0,42,51,94,2,40,94,108,244,40,120,160,404
11/22/2000,FSM,AR,ASW,CE,Towers with Radar,0,37,48,35,120,0,0,34,0,34,0,37,82,35,154,44,93,137,291
11/23/2000,FSM,AR,ASW,CE,Towers with Radar,0,29,6,0,35,0,5,3,0,8,0,34,9,0,43,0,0,0,43
11/24/2000,FSM,AR,ASW,CE,Towers with Radar,0,23,12,0,35,0,0,0,0,0,0,23,12,0,35,0,0,0,35
11/25/2000,FSM,AR,ASW,CE,Towers with Radar,0,30,17,2,49,1,0,22,0,23,1,30,39,2,72,6,0,6,78
11/26/2000,FSM,AR,ASW,CE,Towers with Radar,2,32,15,3,52,1,11,34,0,46,3,43,49,3,98,14,0,14,112
11/27/2000,FSM,AR,ASW,CE,Towers with Radar,1,33,37,41,112,0,0,35,5,40,1,33,72,46,152,48,50,98,250
11/28/2000,FSM,AR,ASW,CE,Towers with Radar,0,36,37,77,150,0,0,15,3,18,0,36,52,80,168,42,68,110,278
11/29/2000,FSM,AR,ASW,CE,Towers with Radar,0,38,43,49,130,0,0,30,13,43,0,38,73,62,173,34,88,122,295
11/30/2000,FSM,AR,ASW,CE,Towers with Radar,0,0,0,0,0,0,0,0,0,0,0,0,0,0,0,0,0,0,0
12/01/2000,FSM,AR,ASW,CE,Towers with Radar,0,36,37,21,94,0,0,32,11,43,0,36,69,32,137,2,4,6,143
12/02/2000,FSM,AR,ASW,CE,Towers with Radar,0,24,28,0,52,0,9,17,0,26,0,33,45,0,78,8,0,8,86
12/03/2000,FSM,AR,ASW,CE,Towers with Radar,1,30,29,8,68,0,5,46,1,52,1,35,75,9,120,20,0,20,140
12/04/2000,FSM,AR,ASW,CE,Towers with Radar,0,32,38,20,90,0,0,24,36,60,0,32,62,56,150,0,44,44,194
12/05/2000,FSM,AR,ASW,CE,Towers with Radar,0,35,46,25,106,0,0,35,0,35,0,35,81,25,141,14,24,38,179
12/06/2000,FSM,AR,ASW,CE,Towers with Radar,0,35,37,11,83,0,6,2,0,8,0,41,39,11,91,0,0,0,91
12/07/2000,FSM,AR,ASW,CE,Towers with Radar,0,33,42,23,98,0,0,20,13,33,0,33,62,36,131,2,12,14,145
12/08/2000,FSM,AR,ASW,CE,Towers with Radar,0,39,38,21,98,0,3,37,5,45,0,42,75,26,143,72,46,118,261
12/09/2000,FSM,AR,ASW,CE,Towers with Radar,0,27,18,15,60,0,11,0,4,15,0,38,18,19,75,0,46,46,121
12/10/2000,FSM,AR,ASW,CE,Towers with Radar,0,29,27,16,72,0,2,1,0,3,0,31,28,16,75,2,0,2,77
12/11/2000,FSM,AR,ASW,CE,Towers with Radar,0,33,25,13,71,0,7,0,0,7,0,40,25,13,78,0,0,0,78
12/12/2000,FSM,AR,ASW,CE,Towers with Radar,0,29,33,17,79,1,0,11,4,16,1,29,44,21,95,0,10,10,105
12/13/2000,FSM,AR,ASW,CE,Towers with Radar,0,4,7,0,11,0,3,0,0,3,0,7,7,0,14,0,0,0,14
12/14/2000,FSM,AR,ASW,CE,Towers with Radar,0,28,36,10,74,0,0,6,0,6,0,28,42,10,80,0,0,0,80
12/15/2000,FSM,AR,ASW,CE,Towers with Radar,0,28,20,4,52,0,0,0,0,0,0,28,20,4,52,0,0,0,52
12/16/2000,FSM,AR,ASW,CE,Towers with Radar,0,35,14,2,51,0,0,2,0,2,0,35,16,2,53,0,0,0,53
12/17/2000,FSM,AR,ASW,CE,Towers with Radar,0,32,10,11,53,0,9,25,13,47,0,41,35,24,100,10,0,10,110
12/18/2000,FSM,AR,ASW,CE,Towers with Radar,0,36,33,17,86,0,2,8,20,30,0,38,41,37,116,0,54,54,170
12/19/2000,FSM,AR,ASW,CE,Towers with Radar,0,33,51,58,142,0,3,38,26,67,0,36,89,84,209,6,66,72,281
12/20/2000,FSM,AR,ASW,CE,Towers with Radar,0,32,52,27,111,0,10,15,0,25,0,42,67,27,136,8,40,48,184
12/21/2000,FSM,AR,ASW,CE,Towers with Radar,0,43,38,20,101,0,7,33,6,46,0,50,71,26,147,12,28,40,187
12/22/2000,FSM,AR,ASW,CE,Towers with Radar,0,29,34,7,70,0,0,31,0,31,0,29,65,7,101,6,10,16,117
12/23/2000,FSM,AR,ASW,CE,Towers with Radar,0,29,16,0,45,0,5,19,0,24,0,34,35,0,69,12,0,12,81
12/24/2000,FSM,AR,ASW,CE,Towers with Radar,0,26,8,0,34,0,0,16,0,16,0,26,24,0,50,4,0,4,54
12/25/2000,FSM,AR,ASW,CE,Towers with Radar,0,5,0,0,5,0,0,0,0,0,0,5,0,0,5,0,0,0,5
12/26/2000,FSM,AR,ASW,CE,Towers with Radar,0,0,0,0,0,0,0,0,0,0,0,0,0,0,0,0,0,0,0
12/27/2000,FSM,AR,ASW,CE,Towers with Radar,0,8,6,0,14,0,0,0,0,0,0,8,6,0,14,0,0,0,14
12/28/2000,FSM,AR,ASW,CE,Towers with Radar,0,18,16,0,34,0,12,0,0,12,0,30,16,0,46,0,0,0,46
12/29/2000,FSM,AR,ASW,CE,Towers with Radar,1,29,21,7,58,0,0,10,0,10,1,29,31,7,68,0,0,0,68
12/30/2000,FSM,AR,ASW,CE,Towers with Radar,0,29,12,2,43,0,1,31,0,32,0,30,43,2,75,0,0,0,75
12/31/2000,FSM,AR,ASW,CE,Towers with Radar,0,29,5,0,34,0,1,1,0,2,0,30,6,0,36,0,0,0,36
01/01/2001,FSM,AR,ASW,CE,Towers with Radar,0,14,13,0,27,0,0,3,0,3,0,14,16,0,30,0,0,0,30
01/02/2001,FSM,AR,ASW,CE,Towers with Radar,0,28,36,9,73,0,2,23,0,25,0,30,59,9,98,8,10,18,116
01/03/2001,FSM,AR,ASW,CE,Towers with Radar,1,35,37,23,96,0,1,24,0,25,1,36,61,23,121,10,48,58,179
01/04/2001,FSM,AR,ASW,CE,Towers with Radar,0,37,39,34,110,0,5,36,0,41,0,42,75,34,151,46,30,76,227
01/05/2001,FSM,AR,ASW,CE,Towers with Radar,0,33,37,44,114,0,0,19,20,39,0,33,56,64,153,10,16,26,179
01/06/2001,FSM,AR,ASW,CE,Towers with Radar,0,23,26,32,81,0,10,35,64,109,0,33,61,96,190,15,81,96,286
01/07/2001,FSM,AR,ASW,CE,Towers with Radar,1,25,28,33,87,3,3,8,11,25,4,28,36,44,112,10,38,48,160
01/08/2001,FSM,AR,ASW,CE,Towers with Radar,1,27,43,50,121,1,0,1,38,40,2,27,44,88,161,8,44,52,213
01/09/2001,FSM,AR,ASW,CE,Towers with Radar,2,34,37,26,99,0,15,44,39,98,2,49,81,65,197,6,62,68,265
01/10/2001,FSM,AR,ASW,CE,Towers with Radar,1,43,48,40,132,0,0,34,0,34,1,43,82,40,166,32,16,48,214
01/11/2001,FSM,AR,ASW,CE,Towers with Radar,1,32,39,25,97,0,0,0,0,0,1,32,39,25,97,0,0,0,97
01/12/2001,FSM,AR,ASW,CE,Towers with Radar,5,41,76,97,219,0,19,10,17,46,5,60,86,114,265,0,0,0,265
01/13/2001,FSM,AR,ASW,CE,Towers with Radar,2,33,11,7,53,4,0,0,1,5,6,33,11,8,58,0,4,4,62
01/14/2001,FSM,AR,ASW,CE,Towers with Radar,1,32,24,1,58,0,5,25,9,39,1,37,49,10,97,31,0,31,128
01/15/2001,FSM,AR,ASW,CE,Towers with Radar,0,33,40,20,93,0,0,23,3,26,0,33,63,23,119,6,2,8,127
01/16/2001,FSM,AR,ASW,CE,Towers with Radar,1,38,44,50,133,1,0,31,3,35,2,38,75,53,168,22,38,60,228
01/17/2001,FSM,AR,ASW,CE,Towers with Radar,0,35,21,4,60,0,4,0,0,4,0,39,21,4,64,0,0,0,64
01/18/2001,FSM,AR,ASW,CE,Towers with Radar,0,48,51,64,163,0,0,0,16,16,0,48,51,80,179,6,10,16,195
01/19/2001,FSM,AR,ASW,CE,Towers with Radar,0,46,40,33,119,0,10,0,0,10,0,56,40,33,129,2,20,22,151
01/20/2001,FSM,AR,ASW,CE,Towers with Radar,0,32,16,28,76,0,4,36,0,40,0,36,52,28,116,34,38,72,188
01/21/2001,FSM,AR,ASW,CE,Towers with Radar,0,32,28,23,83,0,9,40,25,74,0,41,68,48,157,10,12,22,179
01/22/2001,FSM,AR,ASW,CE,Towers with Radar,1,44,46,51,142,1,5,24,54,84,2,49,70,105,226,2,88,90,316
01/23/2001,FSM,AR,ASW,CE,Towers with Radar,0,38,43,101,182,0,7,46,6,59,0,45,89,107,241,18,88,106,347
01/24/2001,FSM,AR,ASW,CE,Towers with Radar,2,47,47,54,150,1,5,48,2,56,3,52,95,56,206,14,42,56,262
01/25/2001,FSM,AR,ASW,CE,Towers with Radar,0,47,52,58,157,0,0,33,92,125,0,47,85,150,282,0,70,70,352
01/26/2001,FSM,AR,ASW,CE,Towers with Radar,0,36,37,49,122,0,5,28,10,43,0,41,65,59,165,6,26,32,197
01/27/2001,FSM,AR,ASW,CE,Towers with Radar,1,26,27,16,70,3,15,26,0,44,4,41,53,16,114,34,4,38,152
01/28/2001,FSM,AR,ASW,CE,Towers with Radar,0,32,14,6,52,0,0,5,0,5,0,32,19,6,57,0,0,0,57
01/29/2001,FSM,AR,ASW,CE,Towers with Radar,0,38,25,12,75,0,0,12,0,12,0,38,37,12,87,7,14,21,108
01/30/2001,FSM,AR,ASW,CE,Towers with Radar,0,34,47,52,133,0,0,27,12,39,0,34,74,64,172,6,56,62,234
01/31/2001,FSM,AR,ASW,CE,Towers with Radar,0,47,48,43,138,0,17,73,0,90,0,64,121,43,228,42,16,58,286
02/01/2001,FSM,AR,ASW,CE,Towers with Radar,0,38,48,29,115,1,10,49,0,60,1,48,97,29,175,28,32,60,235
02/02/2001,FSM,AR,ASW,CE,Towers with Radar,0,42,38,15,95,0,2,39,15,56,0,44,77,30,151,16,44,60,211
02/03/2001,FSM,AR,ASW,CE,Towers with Radar,0,28,26,9,63,1,0,21,8,30,1,28,47,17,93,0,28,28,121
02/04/2001,FSM,AR,ASW,CE,Towers with Radar,0,37,24,16,77,0,5,27,10,42,0,42,51,26,119,22,12,34,153
02/05/2001,FSM,AR,ASW,CE,Towers with Radar,2,32,23,20,77,0,0,35,8,43,2,32,58,28,120,26,28,54,174
02/06/2001,FSM,AR,ASW,CE,Towers with Radar,1,31,41,46,119,0,13,43,10,66,1,44,84,56,185,34,64,98,283
02/07/2001,FSM,AR,ASW,CE,Towers with Radar,0,45,41,18,104,0,0,8,10,18,0,45,49,28,122,2,30,32,154
02/08/2001,FSM,AR,ASW,CE,Towers with Radar,1,37,38,13,89,1,0,4,0,5,2,37,42,13,94,16,8,24,118
02/09/2001,FSM,AR,ASW,CE,Towers with Radar,0,33,32,8,73,3,0,0,4,7,3,33,32,12,80,4,0,4,84
02/10/2001,FSM,AR,ASW,CE,Towers with Radar,0,30,13,1,44,0,0,47,4,51,0,30,60,5,95,4,22,26,121
02/11/2001,FSM,AR,ASW,CE,Towers with Radar,0,25,22,5,52,0,8,8,0,16,0,33,30,5,68,44,0,44,112
02/12/2001,FSM,AR,ASW,CE,Towers with Radar,0,37,32,2,71,0,0,0,0,0,0,37,32,2,71,0,0,0,71
02/13/2001,FSM,AR,ASW,CE,Towers with Radar,0,34,15,0,49,1,0,0,0,1,1,34,15,0,50,0,0,0,50
02/14/2001,FSM,AR,ASW,CE,Towers with Radar,0,37,32,4,73,0,3,8,0,11,0,40,40,4,84,0,0,0,84
02/15/2001,FSM,AR,ASW,CE,Towers with Radar,1,33,38,8,80,0,5,7,6,18,1,38,45,14,98,0,0,0,98
02/16/2001,FSM,AR,ASW,CE,Towers with Radar,1,32,27,0,60,0,2,0,3,5,1,34,27,3,65,0,0,0,65
02/17/2001,FSM,AR,ASW,CE,Towers with Radar,0,27,15,0,42,0,5,37,4,46,0,32,52,4,88,4,2,6,94
02/18/2001,FSM,AR,ASW,CE,Towers with Radar,0,26,23,0,49,0,6,14,0,20,0,32,37,0,69,24,0,24,93
02/19/2001,FSM,AR,ASW,CE,Towers with Radar,2,28,37,9,76,1,0,32,4,37,3,28,69,13,113,52,0,52,165
02/20/2001,FSM,AR,ASW,CE,Towers with Radar,1,31,41,17,90,0,0,29,3,32,1,31,70,20,122,24,14,38,160
02/21/2001,FSM,AR,ASW,CE,Towers with Radar,0,35,37,16,88,0,0,25,1,26,0,35,62,17,114,0,14,14,128
02/22/2001,FSM,AR,ASW,CE,Towers with Radar,0,34,60,15,109,0,2,6,3,11,0,36,66,18,120,0,0,0,120
02/23/2001,FSM,AR,ASW,CE,Towers with Radar,0,37,32,14,83,0,0,10,5,15,0,37,42,19,98,0,0,0,98
02/24/2001,FSM,AR,ASW,CE,Towers with Radar,0,20,8,0,28,0,0,3,0,3,0,20,11,0,31,4,0,4,35
02/25/2001,FSM,AR,ASW,CE,Towers with Radar,0,33,19,18,70,0,0,36,14,50,0,33,55,32,120,58,6,64,184
02/26/2001,FSM,AR,ASW,CE,Towers with Radar,0,32,37,82,151,0,0,32,0,32,0,32,69,82,183,20,72,92,275
02/27/2001,FSM,AR,ASW,CE,Towers with Radar,0,31,26,18,75,0,3,7,0,10,0,34,33,18,85,0,0,0,85
02/28/2001,FSM,AR,ASW,CE,Towers with Radar,2,48,22,13,85,1,1,8,4,14,3,49,30,17,99,6,28,34,133
03/01/2001,FSM,AR,ASW,CE,Towers with Radar,0,43,48,32,123,0,0,0,0,0,0,43,48,32,123,0,2,2,125
03/02/2001,FSM,AR,ASW,CE,Towers with Radar,0,35,37,57,129,0,0,9,1,10,0,35,46,58,139,34,8,42,181
03/03/2001,FSM,AR,ASW,CE,Towers with Radar,1,23,24,30,78,1,0,0,11,12,2,23,24,41,90,2,0,2,92
03/04/2001,FSM,AR,ASW,CE,Towers with Radar,0,26,27,26,79,0,7,36,0,43,0,33,63,26,122,10,14,24,146
03/05/2001,FSM,AR,ASW,CE,Towers with Radar,0,31,37,37,105,0,0,48,18,66,0,31,85,55,171,36,38,74,245
03/06/2001,FSM,AR,ASW,CE,Towers with Radar,0,31,45,72,148,0,0,40,0,40,0,31,85,72,188,18,78,96,284
03/07/2001,FSM,AR,ASW,CE,Towers with Radar,1,42,44,43,130,0,0,48,3,51,1,42,92,46,181,40,60,100,281
03/08/2001,FSM,AR,ASW,CE,Towers with Radar,0,41,43,42,126,0,4,32,28,64,0,45,75,70,190,50,48,98,288
03/09/2001,FSM,AR,ASW,CE,Towers with Radar,2,41,43,43,129,2,0,48,0,50,4,41,91,43,179,42,26,68,247
03/10/2001,FSM,AR,ASW,CE,Towers with Radar,0,22,23,25,70,0,14,50,7,71,0,36,73,32,141,32,40,72,213
03/11/2001,FSM,AR,ASW,CE,Towers with Radar,1,35,15,10,61,0,4,6,0,10,1,39,21,10,71,8,8,16,87
03/12/2001,FSM,AR,ASW,CE,Towers with Radar,0,34,36,36,106,0,1,17,21,39,0,35,53,57,145,26,12,38,183
03/13/2001,FSM,AR,ASW,CE,Towers with Radar,0,37,46,42,125,0,0,45,0,45,0,37,91,42,170,20,22,42,212
03/14/2001,FSM,AR,ASW,CE,Towers with Radar,0,43,48,35,126,0,0,11,0,11,0,43,59,35,137,46,16,62,199
03/15/2001,FSM,AR,ASW,CE,Towers with Radar,0,37,39,8,84,0,5,2,0,7,0,42,41,8,91,4,6,10,101
03/16/2001,FSM,AR,ASW,CE,Towers with Radar,0,35,44,39,118,1,0,13,0,14,1,35,57,39,132,36,32,68,200
03/17/2001,FSM,AR,ASW,CE,Towers with Radar,0,21,23,16,60,0,11,36,0,47,0,32,59,16,107,26,28,54,161
03/18/2001,FSM,AR,ASW,CE,Towers with Radar,0,22,23,22,67,4,9,13,12,38,4,31,36,34,105,36,14,50,155
03/19/2001,FSM,AR,ASW,CE,Towers with Radar,2,31,37,25,95,0,5,15,2,22,2,36,52,27,117,2,14,16,133
03/20/2001,FSM,AR,ASW,CE,Towers with Radar,0,36,34,18,88,0,0,37,0,37,0,36,71,18,125,56,24,80,205
03/21/2001,FSM,AR,ASW,CE,Towers with Radar,0,38,39,23,100,0,12,28,0,40,0,50,67,23,140,20,86,106,246
03/22/2001,FSM,AR,ASW,CE,Towers with Radar,0,41,48,46,135,0,0,39,1,40,0,41,87,47,175,22,56,78,253
03/23/2001,FSM,AR,ASW,CE,Towers with Radar,2,35,26,30,93,0,3,41,0,44,2,38,67,30,137,62,34,96,233
03/24/2001,FSM,AR,ASW,CE,Towers with Radar,0,28,11,2,41,0,0,8,0,8,0,28,19,2,49,0,0,0,49
03/25/2001,FSM,AR,ASW,CE,Towers with Radar,0,31,17,7,55,0,0,51,0,51,0,31,68,7,106,22,9,31,137
03/26/2001,FSM,AR,ASW,CE,Towers with Radar,0,38,39,39,116,2,1,60,54,117,2,39,99,93,233,70,66,136,369
03/27/2001,FSM,AR,ASW,CE,Towers with Radar,0,33,43,25,101,1,5,17,0,23,1,38,60,25,124,68,38,106,230
03/28/2001,FSM,AR,ASW,CE,Towers with Radar,1,41,45,11,98,0,3,0,0,3,1,44,45,11,101,6,0,6,107
03/29/2001,FSM,AR,ASW,CE,Towers with Radar,1,36,48,46,131,1,0,5,24,30,2,36,53,70,161,0,8,8,169
03/30/2001,FSM,AR,ASW,CE,Towers with Radar,0,39,50,15,104,1,0,10,0,11,1,39,60,15,115,0,2,2,117
03/31/2001,FSM,AR,ASW,CE,Towers with Radar,0,24,25,0,49,0,0,20,0,20,0,24,45,0,69,50,0,50,119
04/01/2001,FSM,AR,ASW,CE,Towers with Radar,0,33,12,8,53,0,0,41,0,41,0,33,53,8,94,44,0,44,138
04/02/2001,FSM,AR,ASW,CE,Towers with Radar,0,31,38,42,111,0,0,18,0,18,0,31,56,42,129,20,14,34,163
04/03/2001,FSM,AR,ASW,CE,Towers with Radar,0,35,56,58,149,0,0,40,5,45,0,35,96,63,194,39,46,85,279
04/04/2001,FSM,AR,ASW,CE,Towers with Radar,0,34,51,65,150,0,0,27,20,47,0,34,78,85,197,22,82,104,301
04/05/2001,FSM,AR,ASW,CE,Towers with Radar,1,35,52,68,156,0,0,12,7,19,1,35,64,75,175,22,24,46,221
04/06/2001,FSM,AR,ASW,CE,Towers with Radar,0,29,35,45,109,0,0,14,6,20,0,29,49,51,129,12,32,44,173
04/07/2001,FSM,AR,ASW,CE,Towers with Radar,0,20,23,26,69,0,11,22,0,33,0,31,45,26,102,22,14,36,138
04/08/2001,FSM,AR,ASW,CE,Towers with Radar,0,30,32,42,104,0,7,15,4,26,0,37,47,46,130,0,38,38,168
04/09/2001,FSM,AR,ASW,CE,Towers with Radar,0,36,39,51,126,0,3,25,13,41,0,39,64,64,167,20,108,128,295
04/10/2001,FSM,AR,ASW,CE,Towers with Radar,0,30,43,38,111,1,0,6,0,7,1,30,49,38,118,22,28,50,168
04/11/2001,FSM,AR,ASW,CE,Towers with Radar,0,29,32,21,82,0,7,8,0,15,0,36,40,21,97,0,8,8,105
04/12/2001,FSM,AR,ASW,CE,Towers with Radar,0,31,55,65,151,0,0,16,0,16,0,31,71,65,167,38,62,100,267
04/13/2001,FSM,AR,ASW,CE,Towers with Radar,0,31,36,37,104,0,1,29,13,43,0,32,65,50,147,38,28,66,213
04/14/2001,FSM,AR,ASW,CE,Towers with Radar,0,22,9,2,33,0,3,0,0,3,0,25,9,2,36,12,42,54,90
04/15/2001,FSM,AR,ASW,CE,Towers with Radar,0,31,14,2,47,0,6,21,0,27,0,37,35,2,74,4,0,4,78
04/16/2001,FSM,AR,ASW,CE,Towers with Radar,0,35,41,48,124,0,0,43,0,43,0,35,84,48,167,14,34,48,215
04/17/2001,FSM,AR,ASW,CE,Towers with Radar,0,31,41,52,124,0,0,32,40,72,0,31,73,92,196,54,92,146,342
04/18/2001,FSM,AR,ASW,CE,Towers with Radar,0,32,48,29,109,0,0,34,7,41,0,32,82,36,150,28,32,60,210
04/19/2001,FSM,AR,ASW,CE,Towers with Radar,1,37,40,54,132,0,0,13,3,16,1,37,53,57,148,4,42,46,194
04/20/2001,FSM,AR,ASW,CE,Towers with Radar,0,35,37,11,83,0,0,0,0,0,0,35,37,11,83,18,16,34,117
04/21/2001,FSM,AR,ASW,CE,Towers with Radar,0,32,19,28,79,0,0,11,18,29,0,32,30,46,108,0,10,10,118
04/22/2001,FSM,AR,ASW,CE,Towers with Radar,6,31,22,4,63,0,2,10,0,12,6,33,32,4,75,8,10,18,93
04/23/2001,FSM,AR,ASW,CE,Towers with Radar,2,30,25,24,81,0,8,21,0,29,2,38,46,24,110,12,30,42,152
04/24/2001,FSM,AR,ASW,CE,Towers with Radar,0,37,49,71,157,1,3,44,0,48,1,40,93,71,205,96,82,178,383
04/25/2001,FSM,AR,ASW,CE,Towers with Radar,0,40,45,72,157,1,3,24,7,35,1,43,69,79,192,4,68,72,264
04/26/2001,FSM,AR,ASW,CE,Towers with Radar,0,34,57,45,136,0,0,26,0,26,0,34,83,45,162,6,40,46,208
04/27/2001,FSM,AR,ASW,CE,Towers with Radar,0,31,36,51,118,0,0,55,0,55,0,31,91,51,173,12,42,54,227
04/28/2001,FSM,AR,ASW,CE,Towers with Radar,1,25,15,17,58,0,4,49,7,60,1,29,64,24,118,104,6,110,228
04/29/2001,FSM,AR,ASW,CE,Towers with Radar,0,32,32,10,74,0,3,45,2,50,0,35,77,12,124,24,0,24,148
04/30/2001,FSM,AR,ASW,CE,Towers with Radar,1,30,36,81,148,0,0,13,0,13,1,30,49,81,161,8,58,66,227
05/01/2001,FSM,AR,ASW,CE,Towers with Radar,0,24,39,36,99,0,11,27,38,76,0,35,66,74,175,32,34,66,241
05/02/2001,FSM,AR,ASW,CE,Towers with Radar,0,34,48,28,110,0,0,27,7,34,0,34,75,35,144,22,46,68,212
05/03/2001,FSM,AR,ASW,CE,Towers with Radar,0,32,39,28,99,0,0,5,0,5,0,32,44,28,104,0,16,16,120
05/04/2001,FSM,AR,ASW,CE,Towers with Radar,2,33,44,52,131,0,9,132,26,167,2,42,176,78,298,26,28,54,352
05/05/2001,FSM,AR,ASW,CE,Towers with Radar,0,22,13,2,37,0,2,16,7,25,0,24,29,9,62,8,0,8,70
05/06/2001,FSM,AR,ASW,CE,Towers with Radar,0,30,17,15,62,0,10,48,12,70,0,40,65,27,132,22,14,36,168
05/07/2001,FSM,AR,ASW,CE,Towers with Radar,1,38,44,45,128,3,0,12,10,25,4,38,56,55,153,10,92,102,255
05/08/2001,FSM,AR,ASW,CE,Towers with Radar,0,40,46,30,116,0,0,27,12,39,0,40,73,42,155,22,8,30,185
05/09/2001,FSM,AR,ASW,CE,Towers with Radar,0,43,43,44,130,0,0,45,14,59,0,43,88,58,189,22,16,38,227
05/10/2001,FSM,AR,ASW,CE,Towers with Radar,5,36,65,58,164,3,8,35,15,61,8,44,100,73,225,8,16,24,249
05/11/2001,FSM,AR,ASW,CE,Towers with Radar,2,35,31,19,87,1,0,19,0,20,3,35,50,19,107,30,6,36,143
05/12/2001,FSM,AR,ASW,CE,Towers with Radar,2,26,10,9,47,0,3,45,0,48,2,29,55,9,95,22,0,22,117
05/13/2001,FSM,AR,ASW,CE,Towers with Radar,2,30,15,17,64,1,9,48,14,72,3,39,63,31,136,0,2,2,138
05/14/2001,FSM,AR,ASW,CE,Towers with Radar,1,27,39,41,108,1,0,26,6,33,2,27,65,47,141,56,68,124,265
05/15/2001,FSM,AR,ASW,CE,Towers with Radar,0,35,48,93,176,0,0,31,0,31,0,35,79,93,207,16,82,98,305
05/16/2001,FSM,AR,ASW,CE,Towers with Radar,1,33,46,46,126,0,0,35,58,93,1,33,81,104,219,26,102,128,347
05/17/2001,FSM,AR,ASW,CE,Towers with Radar,0,34,53,47,134,0,0,33,0,33,0,34,86,47,167,14,38,52,219
05/18/2001,FSM,AR,ASW,CE,Towers with Radar,1,31,32,44,108,0,4,3,14,21,1,35,35,58,129,0,12,12,141
05/19/2001,FSM,AR,ASW,CE,Towers with Radar,0,32,26,17,75,0,0,37,26,63,0,32,63,43,138,16,14,30,168
05/20/2001,FSM,AR,ASW,CE,Towers with Radar,0,25,17,6,48,1,9,8,0,18,1,34,25,6,66,4,0,4,70
05/21/2001,FSM,AR,ASW,CE,Towers with Radar,0,28,36,30,94,1,4,6,14,25,1,32,42,44,119,32,26,58,177
05/22/2001,FSM,AR,ASW,CE,Towers with Radar,1,30,43,69,143,0,0,36,12,48,1,30,79,81,191,10,48,58,249
05/23/2001,FSM,AR,ASW,CE,Towers with Radar,1,35,53,63,152,1,0,23,14,38,2,35,76,77,190,4,48,52,242
05/24/2001,FSM,AR,ASW,CE,Towers with Radar,0,31,63,57,151,0,0,17,34,51,0,31,80,91,202,10,38,48,250
05/25/2001,FSM,AR,ASW,CE,Towers with Radar,0,37,40,40,117,0,0,43,16,59,0,37,83,56,176,28,36,64,240
05/26/2001,FSM,AR,ASW,CE,Towers with Radar,0,24,7,0,31,0,0,35,0,35,0,24,42,0,66,22,0,22,88
05/27/2001,FSM,AR,ASW,CE,Towers with Radar,0,21,18,2,41,0,0,25,6,31,0,21,43,8,72,4,0,4,76
05/28/2001,FSM,AR,ASW,CE,Towers with Radar,0,22,22,12,56,2,7,12,0,21,2,29,34,12,77,8,0,8,85
05/29/2001,FSM,AR,ASW,CE,Towers with Radar,0,31,20,10,61,0,0,6,2,8,0,31,26,12,69,1,0,1,70
05/30/2001,FSM,AR,ASW,CE,Towers with Radar,0,39,27,10,76,0,0,8,10,18,0,39,35,20,94,0,12,12,106
05/31/2001,FSM,AR,ASW,CE,Towers with Radar,0,33,44,45,122,0,0,11,13,24,0,33,55,58,146,0,37,37,183
06/01/2001,FSM,AR,ASW,CE,Towers with Radar,0,37,35,77,149,0,7,54,31,92,0,44,89,108,241,6,16,22,263
06/02/2001,FSM,AR,ASW,CE,Towers with Radar,0,29,18,26,73,0,0,29,0,29,0,29,47,26,102,12,36,48,150
06/03/2001,FSM,AR,ASW,CE,Towers with Radar,0,29,14,22,65,0,0,20,33,53,0,29,34,55,118,10,24,34,152
06/04/2001,FSM,AR,ASW,CE,Towers with Radar,0,30,41,42,113,0,0,4,31,35,0,30,45,73,148,10,40,50,198
06/05/2001,FSM,AR,ASW,CE,Towers with Radar,0,40,44,39,123,0,0,27,16,43,0,40,71,55,166,60,44,104,270
06/06/2001,FSM,AR,ASW,CE,Towers with Radar,0,32,50,31,113,0,0,10,9,19,0,32,60,40,132,34,50,84,216
06/07/2001,FSM,AR,ASW,CE,Towers with Radar,0,34,41,39,114,0,0,18,0,18,0,34,59,39,132,0,16,16,148
06/08/2001,FSM,AR,ASW,CE,Towers with Radar,0,18,28,69,115,0,22,37,3,62,0,40,65,72,177,56,55,111,288
06/09/2001,FSM,AR,ASW,CE,Towers with Radar,1,27,20,8,56,0,10,22,1,33,1,37,42,9,89,18,6,24,113
06/10/2001,FSM,AR,ASW,CE,Towers with Radar,0,25,27,27,79,1,0,26,0,27,1,25,53,27,106,16,2,18,124
06/11/2001,FSM,AR,ASW,CE,Towers with Radar,1,29,50,47,127,0,0,32,0,32,1,29,82,47,159,16,58,74,233
06/12/2001,FSM,AR,ASW,CE,Towers with Radar,6,44,40,56,146,0,0,59,14,73,6,44,99,70,219,32,8,40,259
06/13/2001,FSM,AR,ASW,CE,Towers with Radar,0,38,49,69,156,0,0,14,17,31,0,38,63,86,187,16,22,38,225
06/14/2001,FSM,AR,ASW,CE,Towers with Radar,1,28,40,24,93,8,0,38,0,46,9,28,78,24,139,16,4,20,159
06/15/2001,FSM,AR,ASW,CE,Towers with Radar,0,33,55,68,156,0,0,17,0,17,0,33,72,68,173,70,18,88,261
06/16/2001,FSM,AR,ASW,CE,Towers with Radar,0,23,21,6,50,0,10,65,0,75,0,33,86,6,125,12,0,12,137
06/17/2001,FSM,AR,ASW,CE,Towers with Radar,0,29,19,18,66,0,0,67,4,71,0,29,86,22,137,32,14,46,183
06/18/2001,FSM,AR,ASW,CE,Towers with Radar,0,35,36,73,144,0,2,11,29,42,0,37,47,102,186,18,56,74,260
06/19/2001,FSM,AR,ASW,CE,Towers with Radar,1,37,40,43,121,1,0,36,46,83,2,37,76,89,204,10,54,64,268
06/20/2001,FSM,AR,ASW,CE,Towers with Radar,1,33,59,26,119,0,0,16,0,16,1,33,75,26,135,50,24,74,209
06/21/2001,FSM,AR,ASW,CE,Towers with Radar,0,36,39,14,89,0,0,15,8,23,0,36,54,22,112,20,2,22,134
06/22/2001,FSM,AR,ASW,CE,Towers with Radar,1,33,36,36,106,0,0,40,14,54,1,33,76,50,160,60,2,62,222
06/23/2001,FSM,AR,ASW,CE,Towers with Radar,0,22,16,10,48,0,0,45,1,46,0,22,61,11,94,20,2,22,116
06/24/2001,FSM,AR,ASW,CE,Towers with Radar,0,29,20,9,58,0,0,35,6,41,0,29,55,15,99,28,0,28,127
06/25/2001,FSM,AR,ASW,CE,Towers with Radar,1,32,32,31,96,5,16,40,17,78,6,48,72,48,174,57,28,85,259
06/26/2001,FSM,AR,ASW,CE,Towers with Radar,0,42,43,16,101,0,0,44,10,54,0,42,87,26,155,20,36,56,211
06/27/2001,FSM,AR,ASW,CE,Towers with Radar,0,35,47,19,101,0,0,13,8,21,0,35,60,27,122,4,26,30,152
06/28/2001,FSM,AR,ASW,CE,Towers with Radar,0,36,37,20,93,0,0,13,0,13,0,36,50,20,106,28,22,50,156
06/29/2001,FSM,AR,ASW,CE,Towers with Radar,0,33,43,16,92,0,0,15,4,19,0,33,58,20,111,34,38,72,183
06/30/2001,FSM,AR,ASW,CE,Towers with Radar,0,18,19,2,39,0,8,32,0,40,0,26,51,2,79,33,0,33,112
07/01/2001,FSM,AR,ASW,CE,Towers with Radar,0,31,12,20,63,0,0,33,2,35,0,31,45,22,98,8,4,12,110
07/02/2001,FSM,AR,ASW,CE,Towers with Radar,0,32,27,63,122,0,6,18,27,51,0,38,45,90,173,6,60,66,239
07/03/2001,FSM,AR,ASW,CE,Towers with Radar,1,38,20,36,95,0,1,50,7,58,1,39,70,43,153,24,18,42,195
07/04/2001,FSM,AR,ASW,CE,Towers with Radar,0,17,17,0,34,0,6,30,0,36,0,23,47,0,70,20,0,20,90
07/05/2001,FSM,AR,ASW,CE,Towers with Radar,0,31,31,5,67,0,0,20,0,20,0,31,51,5,87,16,0,16,103
07/06/2001,FSM,AR,ASW,CE,Towers with Radar,0,34,38,40,112,0,0,35,5,40,0,34,73,45,152,62,24,86,238
07/07/2001,FSM,AR,ASW,CE,Towers with Radar,0,29,27,14,70,0,6,35,0,41,0,35,62,14,111,18,6,24,135
07/08/2001,FSM,AR,ASW,CE,Towers with Radar,1,30,16,22,69,0,0,24,2,26,1,30,40,24,95,16,12,28,123
07/09/2001,FSM,AR,ASW,CE,Towers with Radar,0,33,32,19,84,0,6,19,15,40,0,39,51,34,124,24,15,39,163
07/10/2001,FSM,AR,ASW,CE,Towers with Radar,1,40,36,39,116,1,4,43,3,51,2,44,79,42,167,44,98,142,309
07/11/2001,FSM,AR,ASW,CE,Towers with Radar,0,31,42,11,84,0,0,25,2,27,0,31,67,13,111,8,0,8,119
07/12/2001,FSM,AR,ASW,CE,Towers with Radar,0,34,41,32,107,0,0,45,24,69,0,34,86,56,176,46,24,70,246
07/13/2001,FSM,AR,ASW,CE,Towers with Radar,0,33,41,5,79,0,0,23,0,23,0,33,64,5,102,0,0,0,102
07/14/2001,FSM,AR,ASW,CE,Towers with Radar,0,16,16,6,38,0,17,57,0,74,0,33,73,6,112,4,54,58,170
07/15/2001,FSM,AR,ASW,CE,Towers with Radar,0,31,18,10,59,0,0,42,9,51,0,31,60,19,110,42,66,108,218
07/16/2001,FSM,AR,ASW,CE,Towers with Radar,0,31,36,15,82,0,0,17,0,17,0,31,53,15,99,6,32,38,137
07/17/2001,FSM,AR,ASW,CE,Towers with Radar,0,34,50,31,115,0,1,17,0,18,0,35,67,31,133,6,20,26,159
07/18/2001,FSM,AR,ASW,CE,Towers with Radar,0,37,34,49,120,0,13,45,2,60,0,50,79,51,180,6,48,54,234
07/19/2001,FSM,AR,ASW,CE,Towers with Radar,0,30,54,19,103,0,0,19,6,25,0,30,73,25,128,10,14,24,152
07/20/2001,FSM,AR,ASW,CE,Towers with Radar,0,30,30,27,87,0,11,34,0,45,0,41,64,27,132,1,0,1,133
07/21/2001,FSM,AR,ASW,CE,Towers with Radar,0,28,20,11,59,0,0,46,0,46,0,28,66,11,105,20,0,20,125
07/22/2001,FSM,AR,ASW,CE,Towers with Radar,0,28,17,28,73,0,2,37,0,39,0,30,54,28,112,20,30,50,162
07/23/2001,FSM,AR,ASW,CE,Towers with Radar,0,33,37,23,93,0,0,31,0,31,0,33,68,23,124,2,26,28,152
07/24/2001,FSM,AR,ASW,CE,Towers with Radar,0,35,40,23,98,1,0,27,5,33,1,35,67,28,131,18,24,42,173
07/25/2001,FSM,AR,ASW,CE,Towers with Radar,0,37,41,35,113,0,0,28,0,28,0,37,69,35,141,2,32,34,175
07/26/2001,FSM,AR,ASW,CE,Towers with Radar,0,36,42,34,112,0,0,17,29,46,0,36,59,63,158,6,60,66,224
07/27/2001,FSM,AR,ASW,CE,Towers with Radar,0,27,36,27,90,0,0,44,0,44,0,27,80,27,134,29,46,75,209
07/28/2001,FSM,AR,ASW,CE,Towers with Radar,2,34,15,14,65,0,0,28,0,28,2,34,43,14,93,19,10,29,122
07/29/2001,FSM,AR,ASW,CE,Towers with Radar,0,27,23,12,62,3,0,28,0,31,3,27,51,12,93,8,24,32,125
07/30/2001,FSM,AR,ASW,CE,Towers with Radar,1,34,45,22,102,0,0,20,14,34,1,34,65,36,136,0,22,22,158
07/31/2001,FSM,AR,ASW,CE,Towers with Radar,2,37,42,20,101,0,6,33,0,39,2,43,75,20,140,16,12,28,168
08/01/2001,FSM,AR,ASW,CE,Towers with Radar,0,28,36,26,90,0,1,13,17,31,0,29,49,43,121,0,42,42,163
08/02/2001,FSM,AR,ASW,CE,Towers with Radar,0,32,38,34,104,0,0,32,0,32,0,32,70,34,136,22,24,46,182
08/03/2001,FSM,AR,ASW,CE,Towers with Radar,0,27,32,66,125,1,1,40,1,43,1,28,72,67,168,2,20,22,190
08/04/2001,FSM,AR,ASW,CE,Towers with Radar,0,21,11,2,34,0,4,47,3,54,0,25,58,5,88,30,0,30,118
08/05/2001,FSM,AR,ASW,CE,Towers with Radar,0,22,25,32,79,0,6,32,7,45,0,28,57,39,124,8,8,16,140
08/06/2001,FSM,AR,ASW,CE,Towers with Radar,0,26,28,38,92,0,1,11,16,28,0,27,39,54,120,2,53,55,175
08/07/2001,FSM,AR,ASW,CE,Towers with Radar,1,23,38,47,109,0,0,15,0,15,1,23,53,47,124,12,36,48,172
08/08/2001,FSM,AR,ASW,CE,Towers with Radar,0,29,29,40,98,0,0,56,29,85,0,29,85,69,183,16,90,106,289
08/09/2001,FSM,AR,ASW,CE,Towers with Radar,2,28,35,51,116,0,6,50,0,56,2,34,85,51,172,26,30,56,228
08/10/2001,FSM,AR,ASW,CE,Towers with Radar,0,19,32,39,90,0,3,42,0,45,0,22,74,39,135,24,4,28,163
08/11/2001,FSM,AR,ASW,CE,Towers with Radar,0,21,23,25,69,0,0,24,0,24,0,21,47,25,93,0,60,60,153
08/12/2001,FSM,AR,ASW,CE,Towers with Radar,0,16,19,18,53,0,7,13,0,20,0,23,32,18,73,6,0,6,79
08/13/2001,FSM,AR,ASW,CE,Towers with Radar,1,26,48,81,156,0,5,0,0,5,1,31,48,81,161,0,110,110,271
08/14/2001,FSM,AR,ASW,CE,Towers with Radar,0,28,30,78,136,0,0,38,0,38,0,28,68,78,174,28,64,92,266
08/15/2001,FSM,AR,ASW,CE,Towers with Radar,0,26,43,41,110,2,0,33,10,45,2,26,76,51,155,24,88,112,267
08/16/2001,FSM,AR,ASW,CE,Towers with Radar,1,30,44,95,170,0,0,28,0,28,1,30,72,95,198,18,82,100,298
08/17/2001,FSM,AR,ASW,CE,Towers with Radar,1,21,53,59,134,0,9,19,12,40,1,30,72,71,174,12,70,82,256
08/18/2001,FSM,AR,ASW,CE,Towers with Radar,0,23,16,24,63,0,0,33,0,33,0,23,49,24,96,50,12,62,158
08/19/2001,FSM,AR,ASW,CE,Towers with Radar,2,27,14,50,93,0,0,42,1,43,2,27,56,51,136,0,48,48,184
08/20/2001,FSM,AR,ASW,CE,Towers with Radar,0,28,28,48,104,5,0,23,26,54,5,28,51,74,158,4,42,46,204
08/21/2001,FSM,AR,ASW,CE,Towers with Radar,1,26,40,72,139,0,17,61,0,78,1,43,101,72,217,0,51,51,268
08/22/2001,FSM,AR,ASW,CE,Towers with Radar,3,26,55,58,142,2,6,16,11,35,5,32,71,69,177,4,52,56,233
08/23/2001,FSM,AR,ASW,CE,Towers with Radar,0,34,39,59,132,0,0,30,0,30,0,34,69,59,162,12,58,70,232
08/24/2001,FSM,AR,ASW,CE,Towers with Radar,0,24,28,37,89,2,8,17,0,27,2,32,45,37,116,44,2,46,162
08/25/2001,FSM,AR,ASW,CE,Towers with Radar,0,19,12,6,37,1,2,48,5,56,1,21,60,11,93,30,12,42,135
08/26/2001,FSM,AR,ASW,CE,Towers with Radar,0,24,23,13,60,0,0,28,0,28,0,24,51,13,88,42,14,56,144
08/27/2001,FSM,AR,ASW,CE,Towers with Radar,0,22,18,39,79,0,0,23,6,29,0,22,41,45,108,2,50,52,160
08/28/2001,FSM,AR,ASW,CE,Towers with Radar,3,29,39,59,130,0,7,23,26,56,3,36,62,85,186,42,30,72,258
08/29/2001,FSM,AR,ASW,CE,Towers with Radar,0,27,41,25,93,0,0,31,1,32,0,27,72,26,125,20,10,30,155
08/30/2001,FSM,AR,ASW,CE,Towers with Radar,0,27,35,41,103,0,0,1,0,1,0,27,36,41,104,2,14,16,120
08/31/2001,FSM,AR,ASW,CE,Towers with Radar,0,32,37,81,150,0,0,11,0,11,0,32,48,81,161,28,58,86,247
09/01/2001,FSM,AR,ASW,CE,Towers with Radar,0,19,15,3,37,0,5,25,0,30,0,24,40,3,67,58,0,58,125
09/02/2001,FSM,AR,ASW,CE,Towers with Radar,2,20,15,4,41,0,2,26,0,28,2,22,41,4,69,2,8,10,79
09/03/2001,FSM,AR,ASW,CE,Towers with Radar,0,25,11,5,41,0,1,45,0,46,0,26,56,5,87,40,0,40,127
09/04/2001,FSM,AR,ASW,CE,Towers with Radar,0,23,27,74,124,0,0,37,0,37,0,23,64,74,161,33,64,97,258
09/05/2001,FSM,AR,ASW,CE,Towers with Radar,0,28,46,44,118,0,0,16,15,31,0,28,62,59,149,24,26,50,199
09/06/2001,FSM,AR,ASW,CE,Towers with Radar,1,27,34,37,99,0,0,17,28,45,1,27,51,65,144,34,30,64,208
09/07/2001,FSM,AR,ASW,CE,Towers with Radar,1,25,40,29,95,0,0,20,4,24,1,25,60,33,119,8,40,48,167
09/08/2001,FSM,AR,ASW,CE,Towers with Radar,0,18,22,13,53,0,6,10,0,16,0,24,32,13,69,42,2,44,113
09/09/2001,FSM,AR,ASW,CE,Towers with Radar,0,21,34,52,107,0,6,14,6,26,0,27,48,58,133,16,10,26,159
09/10/2001,FSM,AR,ASW,CE,Towers with Radar,1,27,41,67,136,1,0,25,1,27,2,27,66,68,163,16,56,72,235
09/11/2001,FSM,AR,ASW,CE,Towers with Radar,0,4,8,1,13,0,1,0,3,4,0,5,8,4,17,0,0,0,17
09/12/2001,FSM,AR,ASW,CE,Towers with Radar,0,1,2,6,9,0,0,2,1,3,0,1,4,7,12,0,0,0,12
09/13/2001,FSM,AR,ASW,CE,Towers with Radar,1,11,0,19,31,0,1,5,1,7,1,12,5,20,38,0,0,0,38
09/14/2001,FSM,AR,ASW,CE,Towers with Radar,0,23,8,63,94,0,0,0,0,0,0,23,8,63,94,0,18,18,112
09/15/2001,FSM,AR,ASW,CE,Towers with Radar,0,22,9,5,36,0,0,8,0,8,0,22,17,5,44,0,0,0,44
09/16/2001,FSM,AR,ASW,CE,Towers with Radar,0,24,12,0,36,0,10,0,0,10,0,34,12,0,46,0,0,0,46
09/17/2001,FSM,AR,ASW,CE,Towers with Radar,0,28,31,45,104,1,0,0,3,4,1,28,31,48,108,0,16,16,124
09/18/2001,FSM,AR,ASW,CE,Towers with Radar,0,30,27,8,65,0,2,4,0,6,0,32,31,8,71,0,0,0,71
09/19/2001,FSM,AR,ASW,CE,Towers with Radar,0,24,53,26,103,0,0,0,22,22,0,24,53,48,125,0,58,58,183
09/20/2001,FSM,AR,ASW,CE,Towers with Radar,1,28,39,25,93,1,0,8,0,9,2,28,47,25,102,12,12,24,126
09/21/2001,FSM,AR,ASW,CE,Towers with Radar,0,25,26,25,76,2,0,10,0,12,2,25,36,25,88,4,18,22,110
09/22/2001,FSM,AR,ASW,CE,Towers with Radar,1,19,18,4,42,0,0,30,0,30,1,19,48,4,72,26,0,26,98
09/23/2001,FSM,AR,ASW,CE,Towers with Radar,0,23,18,15,56,0,3,24,4,31,0,26,42,19,87,4,2,6,93
09/24/2001,FSM,AR,ASW,CE,Towers with Radar,0,25,28,50,103,0,1,6,12,19,0,26,34,62,122,18,46,64,186
09/25/2001,FSM,AR,ASW,CE,Towers with Radar,0,24,50,10,84,0,5,33,3,41,0,29,83,13,125,14,10,24,149
09/26/2001,FSM,AR,ASW,CE,Towers with Radar,0,27,35,21,83,0,3,35,4,42,0,30,70,25,125,30,24,54,179
09/27/2001,FSM,AR,ASW,CE,Towers with Radar,0,24,33,22,79,0,0,48,0,48,0,24,81,22,127,44,2,46,173
09/28/2001,FSM,AR,ASW,CE,Towers with Radar,0,24,24,28,76,0,0,51,0,51,0,24,75,28,127,38,28,66,193
09/29/2001,FSM,AR,ASW,CE,Towers with Radar,0,20,16,0,36,0,0,38,0,38,0,20,54,0,74,12,0,12,86
09/30/2001,FSM,AR,ASW,CE,Towers with Radar,0,20,18,0,38,0,2,60,0,62,0,22,78,0,100,52,0,52,152
10/01/2001,FSM,AR,ASW,CE,Towers with Radar,0,28,24,32,84,0,0,24,0,24,0,28,48,32,108,16,50,66,174
10/02/2001,FSM,AR,ASW,CE,Towers with Radar,0,25,43,81,149,0,0,51,2,53,0,25,94,83,202,44,42,86,288
10/03/2001,FSM,AR,ASW,CE,Towers with Radar,0,32,44,50,126,0,11,43,8,62,0,43,87,58,188,24,22,46,234
10/04/2001,FSM,AR,ASW,CE,Towers with Radar,0,34,47,52,133,0,4,44,9,57,0,38,91,61,190,26,34,60,250
10/05/2001,FSM,AR,ASW,CE,Towers with Radar,0,25,23,10,58,0,2,0,0,2,0,27,23,10,60,4,0,4,64
10/06/2001,FSM,AR,ASW,CE,Towers with Radar,0,18,24,10,52,0,3,24,0,27,0,21,48,10,79,52,2,54,133
10/07/2001,FSM,AR,ASW,CE,Towers with Radar,0,17,24,6,47,0,20,21,0,41,0,37,45,6,88,12,0,12,100
10/08/2001,FSM,AR,ASW,CE,Towers with Radar,0,25,45,5,75,0,1,20,0,21,0,26,65,5,96,30,0,30,126
10/09/2001,FSM,AR,ASW,CE,Towers with Radar,0,29,44,29,102,0,1,8,0,9,0,30,52,29,111,18,18,36,147
10/10/2001,FSM,AR,ASW,CE,Towers with Radar,0,19,24,3,46,0,0,0,0,0,0,19,24,3,46,0,0,0,46
10/11/2001,FSM,AR,ASW,CE,Towers with Radar,0,23,34,12,69,0,7,13,2,22,0,30,47,14,91,6,0,6,97
10/12/2001,FSM,AR,ASW,CE,Towers with Radar,1,33,51,72,157,1,0,18,2,21,2,33,69,74,178,52,32,84,262
10/13/2001,FSM,AR,ASW,CE,Towers with Radar,0,17,38,0,55,0,1,1,0,2,0,18,39,0,57,0,0,0,57
10/14/2001,FSM,AR,ASW,CE,Towers with Radar,0,19,29,13,61,0,6,46,0,52,0,25,75,13,113,16,10,26,139
10/15/2001,FSM,AR,ASW,CE,Towers with Radar,0,24,39,45,108,0,0,16,0,16,0,24,55,45,124,2,20,22,146
10/16/2001,FSM,AR,ASW,CE,Towers with Radar,0,28,33,45,106,0,2,18,0,20,0,30,51,45,126,24,50,74,200
10/17/2001,FSM,AR,ASW,CE,Towers with Radar,0,29,42,96,167,0,0,46,0,46,0,29,88,96,213,26,72,98,311
10/18/2001,FSM,AR,ASW,CE,Towers with Radar,0,28,49,57,134,0,0,27,22,49,0,28,76,79,183,14,18,32,215
10/19/2001,FSM,AR,ASW,CE,Towers with Radar,0,25,44,26,95,0,0,39,8,47,0,25,83,34,142,34,22,56,198
10/20/2001,FSM,AR,ASW,CE,Towers with Radar,0,20,19,11,50,0,2,52,7,61,0,22,71,18,111,0,26,26,137
10/21/2001,FSM,AR,ASW,CE,Towers with Radar,0,25,25,22,72,0,1,56,0,57,0,26,81,22,129,24,28,52,181
10/22/2001,FSM,AR,ASW,CE,Towers with Radar,0,21,47,94,162,0,0,17,0,17,0,21,64,94,179,4,87,91,270
10/23/2001,FSM,AR,ASW,CE,Towers with Radar,0,27,39,51,117,0,2,9,5,16,0,29,48,56,133,28,40,68,201
10/24/2001,FSM,AR,ASW,CE,Towers with Radar,0,28,40,54,122,0,0,10,0,10,0,28,50,54,132,0,74,74,206
10/25/2001,FSM,AR,ASW,CE,Towers with Radar,0,37,46,40,123,0,0,60,5,65,0,37,106,45,188,40,26,66,254
10/26/2001,FSM,AR,ASW,CE,Towers with Radar,0,23,51,48,122,0,3,42,0,45,0,26,93,48,167,58,0,58,225
10/27/2001,FSM,AR,ASW,CE,Towers with Radar,0,28,19,1,48,1,1,39,0,41,1,29,58,1,89,28,0,28,117
10/28/2001,FSM,AR,ASW,CE,Towers with Radar,0,19,34,13,66,0,0,27,2,29,0,19,61,15,95,36,4,40,135
10/29/2001,FSM,AR,ASW,CE,Towers with Radar,0,25,43,28,96,0,2,17,0,19,0,27,60,28,115,14,8,22,137
10/30/2001,FSM,AR,ASW,CE,Towers with Radar,1,26,41,24,92,0,0,30,6,36,1,26,71,30,128,22,22,44,172
10/31/2001,FSM,AR,ASW,CE,Towers with Radar,0,28,35,60,123,0,1,14,0,15,0,29,49,60,138,6,82,88,226
11/01/2001,FSM,AR,ASW,CE,Towers with Radar,0,32,41,40,113,0,0,17,0,17,0,32,58,40,130,39,18,57,187
11/02/2001,FSM,AR,ASW,CE,Towers with Radar,0,30,23,22,75,0,2,14,0,16,0,32,37,22,91,4,8,12,103
11/03/2001,FSM,AR,ASW,CE,Towers with Radar,0,20,34,16,70,0,0,5,0,5,0,20,39,16,75,2,0,2,77
11/04/2001,FSM,AR,ASW,CE,Towers with Radar,0,22,21,40,83,0,5,46,0,51,0,27,67,40,134,46,42,88,222
11/05/2001,FSM,AR,ASW,CE,Towers with Radar,0,25,52,50,127,0,4,25,7,36,0,29,77,57,163,6,52,58,221
11/06/2001,FSM,AR,ASW,CE,Towers with Radar,0,28,40,30,98,0,21,25,0,46,0,49,65,30,144,26,12,38,182
11/07/2001,FSM,AR,ASW,CE,Towers with Radar,0,27,46,66,139,0,0,39,0,39,0,27,85,66,178,42,50,92,270
11/08/2001,FSM,AR,ASW,CE,Towers with Radar,0,27,70,42,139,1,0,1,5,7,1,27,71,47,146,6,56,62,208
11/09/2001,FSM,AR,ASW,CE,Towers with Radar,0,26,53,49,128,0,2,29,0,31,0,28,82,49,159,14,0,14,173
11/10/2001,FSM,AR,ASW,CE,Towers with Radar,0,20,21,1,42,0,1,26,0,27,0,21,47,1,69,34,0,34,103
11/11/2001,FSM,AR,ASW,CE,Towers with Radar,4,24,33,5,66,0,1,43,0,44,4,25,76,5,110,21,0,21,131
11/12/2001,FSM,AR,ASW,CE,Towers with Radar,0,21,22,1,44,0,0,21,0,21,0,21,43,1,65,12,0,12,77
11/13/2001,FSM,AR,ASW,CE,Towers with Radar,0,27,51,54,132,2,0,36,0,38,2,27,87,54,170,0,18,18,188
11/14/2001,FSM,AR,ASW,CE,Towers with Radar,0,25,55,73,153,2,3,44,0,49,2,28,99,73,202,0,50,50,252
11/15/2001,FSM,AR,ASW,CE,Towers with Radar,0,28,47,50,125,0,0,24,50,74,0,28,71,100,199,2,56,58,257
11/16/2001,FSM,AR,ASW,CE,Towers with Radar,1,25,42,84,152,1,0,34,1,36,2,25,76,85,188,14,22,36,224
11/17/2001,FSM,AR,ASW,CE,Towers with Radar,0,17,35,15,67,0,0,31,0,31,0,17,66,15,98,0,22,22,120
11/18/2001,FSM,AR,ASW,CE,Towers with Radar,0,27,24,21,72,0,0,29,3,32,0,27,53,24,104,12,8,20,124
11/19/2001,FSM,AR,ASW,CE,Towers with Radar,0,25,28,54,107,0,0,15,0,15,0,25,43,54,122,10,30,40,162
11/20/2001,FSM,AR,ASW,CE,Towers with Radar,0,25,46,45,116,0,0,30,0,30,0,25,76,45,146,22,24,46,192
11/21/2001,FSM,AR,ASW,CE,Towers with Radar,0,28,59,29,116,0,0,23,0,23,0,28,82,29,139,2,58,60,199
11/22/2001,FSM,AR,ASW,CE,Towers with Radar,0,20,14,0,34,0,0,16,0,16,0,20,30,0,50,6,0,6,56
11/23/2001,FSM,AR,ASW,CE,Towers with Radar,0,15,30,0,45,0,0,0,0,0,0,15,30,0,45,0,0,0,45
11/24/2001,FSM,AR,ASW,CE,Towers with Radar,0,19,19,0,38,0,2,7,0,9,0,21,26,0,47,0,0,0,47
11/25/2001,FSM,AR,ASW,CE,Towers with Radar,2,20,37,8,67,0,0,28,0,28,2,20,65,8,95,0,0,0,95
11/26/2001,FSM,AR,ASW,CE,Towers with Radar,0,28,48,34,110,0,1,4,0,5,0,29,52,34,115,0,26,26,141
11/27/2001,FSM,AR,ASW,CE,Towers with Radar,0,25,24,50,99,0,0,13,0,13,0,25,37,50,112,20,52,72,184
11/28/2001,FSM,AR,ASW,CE,Towers with Radar,0,26,30,2,58,0,5,0,0,5,0,31,30,2,63,0,0,0,63
11/29/2001,FSM,AR,ASW,CE,Towers with Radar,0,22,30,16,68,0,5,0,0,5,0,27,30,16,73,0,0,0,73
11/30/2001,FSM,AR,ASW,CE,Towers with Radar,0,22,41,44,107,0,0,13,0,13,0,22,54,44,120,24,23,47,167
12/01/2001,FSM,AR,ASW,CE,Towers with Radar,1,19,12,3,35,2,0,41,3,46,3,19,53,6,81,30,0,30,111
12/02/2001,FSM,AR,ASW,CE,Towers with Radar,0,22,25,21,68,0,8,35,7,50,0,30,60,28,118,17,14,31,149
12/03/2001,FSM,AR,ASW,CE,Towers with Radar,0,23,52,37,112,0,2,8,0,10,0,25,60,37,122,8,8,16,138
12/04/2001,FSM,AR,ASW,CE,Towers with Radar,2,33,40,67,142,0,3,14,0,17,2,36,54,67,159,18,60,78,237
12/05/2001,FSM,AR,ASW,CE,Towers with Radar,0,29,46,25,100,0,0,0,2,2,0,29,46,27,102,0,38,38,140
12/06/2001,FSM,AR,ASW,CE,Towers with Radar,0,25,30,42,97,0,5,23,18,46,0,30,53,60,143,2,56,58,201
12/07/2001,FSM,AR,ASW,CE,Towers with Radar,0,24,48,26,98,0,0,6,0,6,0,24,54,26,104,16,18,34,138
12/08/2001,FSM,AR,ASW,CE,Towers with Radar,0,16,27,4,47,0,0,37,2,39,0,16,64,6,86,0,4,4,90
12/09/2001,FSM,AR,ASW,CE,Towers with Radar,0,17,22,19,58,0,3,30,1,34,0,20,52,20,92,26,2,28,120
12/10/2001,FSM,AR,ASW,CE,Towers with Radar,1,22,40,30,93,1,0,16,4,21,2,22,56,34,114,8,12,20,134
12/11/2001,FSM,AR,ASW,CE,Towers with Radar,3,20,50,44,117,0,0,9,0,9,3,20,59,44,126,3,20,23,149
12/12/2001,FSM,AR,ASW,CE,Towers with Radar,0,21,36,0,57,0,0,6,0,6,0,21,42,0,63,0,0,0,63
12/13/2001,FSM,AR,ASW,CE,Towers with Radar,4,24,57,23,108,0,0,0,1,1,4,24,57,24,109,0,20,20,129
12/14/2001,FSM,AR,ASW,CE,Towers with Radar,2,25,34,50,111,0,0,25,0,25,2,25,59,50,136,7,46,53,189
12/15/2001,FSM,AR,ASW,CE,Towers with Radar,0,20,13,21,54,0,0,2,2,4,0,20,15,23,58,0,0,0,58
12/16/2001,FSM,AR,ASW,CE,Towers with Radar,0,20,9,0,29,0,0,0,0,0,0,20,9,0,29,0,0,0,29
12/17/2001,FSM,AR,ASW,CE,Towers with Radar,0,20,41,45,106,0,0,5,0,5,0,20,46,45,111,2,18,20,131
12/18/2001,FSM,AR,ASW,CE,Towers with Radar,1,32,49,68,150,1,0,55,3,59,2,32,104,71,209,14,74,88,297
12/19/2001,FSM,AR,ASW,CE,Towers with Radar,1,23,69,28,121,1,3,5,3,12,2,26,74,31,133,14,50,64,197
12/20/2001,FSM,AR,ASW,CE,Towers with Radar,0,21,35,26,82,0,0,57,32,89,0,21,92,58,171,14,36,50,221
12/21/2001,FSM,AR,ASW,CE,Towers with Radar,0,24,36,7,67,0,0,46,0,46,0,24,82,7,113,0,0,0,113
12/22/2001,FSM,AR,ASW,CE,Towers with Radar,0,18,27,4,49,0,0,18,0,18,0,18,45,4,67,0,0,0,67
12/23/2001,FSM,AR,ASW,CE,Towers with Radar,0,20,11,4,35,0,1,32,2,35,0,21,43,6,70,16,0,16,86
12/24/2001,FSM,AR,ASW,CE,Towers with Radar,0,16,5,3,24,0,0,34,0,34,0,16,39,3,58,0,0,0,58
12/25/2001,FSM,AR,ASW,CE,Towers with Radar,2,17,2,0,21,0,2,19,0,21,2,19,21,0,42,0,0,0,42
12/26/2001,FSM,AR,ASW,CE,Towers with Radar,0,22,17,5,44,0,1,37,8,46,0,23,54,13,90,4,20,24,114
12/27/2001,FSM,AR,ASW,CE,Towers with Radar,0,19,37,17,73,0,4,18,0,22,0,23,55,17,95,0,14,14,109
12/28/2001,FSM,AR,ASW,CE,Towers with Radar,1,17,30,9,57,0,0,49,6,55,1,17,79,15,112,14,22,36,148
12/29/2001,FSM,AR,ASW,CE,Towers with Radar,0,20,10,3,33,0,1,52,2,55,0,21,62,5,88,18,2,20,108
12/30/2001,FSM,AR,ASW,CE,Towers with Radar,0,22,17,3,42,0,1,16,0,17,0,23,33,3,59,20,0,20,79
12/31/2001,FSM,AR,ASW,CE,Towers with Radar,0,19,9,10,38,0,3,26,0,29,0,22,35,10,67,18,12,30,97
01/01/2002,FSM,AR,ASW,CE,Towers with Radar,0,14,14,2,30,0,7,4,0,11,0,21,18,2,41,0,0,0,41
01/02/2002,FSM,AR,ASW,CE,Towers with Radar,0,21,30,14,65,0,7,21,4,32,0,28,51,18,97,0,8,8,105
01/03/2002,FSM,AR,ASW,CE,Towers with Radar,0,19,22,20,61,0,0,28,0,28,0,19,50,20,89,34,16,50,139
01/04/2002,FSM,AR,ASW,CE,Towers with Radar,0,25,24,26,75,0,0,24,31,55,0,25,48,57,130,8,22,30,160
01/05/2002,FSM,AR,ASW,CE,Towers with Radar,0,15,5,1,21,0,0,4,0,4,0,15,9,1,25,0,0,0,25
01/06/2002,FSM,AR,ASW,CE,Towers with Radar,0,21,10,6,37,0,0,25,5,30,0,21,35,11,67,0,12,12,79
01/07/2002,FSM,AR,ASW,CE,Towers with Radar,0,21,26,63,110,0,0,17,7,24,0,21,43,70,134,12,66,78,212
01/08/2002,FSM,AR,ASW,CE,Towers with Radar,0,24,38,38,100,0,0,32,27,59,0,24,70,65,159,4,74,78,237
01/09/2002,FSM,AR,ASW,CE,Towers with Radar,0,29,45,38,112,0,0,20,16,36,0,29,65,54,148,16,82,98,246
01/10/2002,FSM,AR,ASW,CE,Towers with Radar,2,27,43,29,101,0,6,5,0,11,2,33,48,29,112,0,16,16,128
01/11/2002,FSM,AR,ASW,CE,Towers with Radar,0,32,36,25,93,0,0,38,12,50,0,32,74,37,143,12,24,36,179
01/12/2002,FSM,AR,ASW,CE,Towers with Radar,0,18,16,1,35,0,2,32,0,34,0,20,48,1,69,12,0,12,81
01/13/2002,FSM,AR,ASW,CE,Towers with Radar,0,20,19,20,59,0,2,22,8,32,0,22,41,28,91,22,16,38,129
01/14/2002,FSM,AR,ASW,CE,Towers with Radar,0,24,15,42,81,0,0,26,0,26,0,24,41,42,107,0,42,42,149
01/15/2002,FSM,AR,ASW,CE,Towers with Radar,0,24,32,55,111,0,3,30,10,43,0,27,62,65,154,8,40,48,202
01/16/2002,FSM,AR,ASW,CE,Towers with Radar,0,28,34,66,128,0,1,13,0,14,0,29,47,66,142,0,7,7,149
01/17/2002,FSM,AR,ASW,CE,Towers with Radar,0,26,35,22,83,2,0,5,0,7,2,26,40,22,90,0,4,4,94
01/18/2002,FSM,AR,ASW,CE,Towers with Radar,0,31,32,15,78,0,2,15,1,18,0,33,47,16,96,0,18,18,114
01/19/2002,FSM,AR,ASW,CE,Towers with Radar,0,23,8,4,35,0,0,1,0,1,0,23,9,4,36,6,0,6,42
01/20/2002,FSM,AR,ASW,CE,Towers with Radar,0,24,13,9,46,0,0,24,0,24,0,24,37,9,70,22,2,24,94
01/21/2002,FSM,AR,ASW,CE,Towers with Radar,0,22,21,2,45,0,0,33,0,33,0,22,54,2,78,6,0,6,84
01/22/2002,FSM,AR,ASW,CE,Towers with Radar,0,27,53,51,131,0,4,13,0,17,0,31,66,51,148,18,16,34,182
01/23/2002,FSM,AR,ASW,CE,Towers with Radar,0,18,40,7,65,0,0,2,0,2,0,18,42,7,67,0,2,2,69
01/24/2002,FSM,AR,ASW,CE,Towers with Radar,2,23,35,40,100,0,0,5,0,5,2,23,40,40,105,2,46,48,153
01/25/2002,FSM,AR,ASW,CE,Towers with Radar,0,24,31,32,87,4,0,26,20,50,4,24,57,52,137,2,14,16,153
01/26/2002,FSM,AR,ASW,CE,Towers with Radar,0,18,21,4,43,0,0,39,3,42,0,18,60,7,85,20,0,20,105
01/27/2002,FSM,AR,ASW,CE,Towers with Radar,0,17,20,12,49,0,10,29,0,39,0,27,49,12,88,26,0,26,114
01/28/2002,FSM,AR,ASW,CE,Towers with Radar,2,26,26,35,89,0,0,11,0,11,2,26,37,35,100,26,50,76,176
01/29/2002,FSM,AR,ASW,CE,Towers with Radar,0,23,51,5,79,0,0,0,21,21,0,23,51,26,100,2,14,16,116
01/30/2002,FSM,AR,ASW,CE,Towers with Radar,0,25,28,11,64,3,3,17,0,23,3,28,45,11,87,0,0,0,87
01/31/2002,FSM,AR,ASW,CE,Towers with Radar,0,22,19,2,43,0,1,0,0,1,0,23,19,2,44,0,0,0,44
02/01/2002,FSM,AR,ASW,CE,Towers with Radar,3,24,45,58,130,0,4,45,19,68,3,28,90,77,198,10,38,48,246
02/02/2002,FSM,AR,ASW,CE,Towers with Radar,0,23,19,17,59,0,0,42,9,51,0,23,61,26,110,12,10,22,132
02/03/2002,FSM,AR,ASW,CE,Towers with Radar,0,16,19,9,44,0,9,24,0,33,0,25,43,9,77,54,8,62,139
02/04/2002,FSM,AR,ASW,CE,Towers with Radar,0,24,32,44,100,0,0,20,0,20,0,24,52,44,120,12,26,38,158
02/05/2002,FSM,AR,ASW,CE,Towers with Radar,0,22,38,0,60,0,0,0,0,0,0,22,38,0,60,0,0,0,60
02/06/2002,FSM,AR,ASW,CE,Towers with Radar,0,26,28,4,58,0,0,0,0,0,0,26,28,4,58,0,0,0,58
02/07/2002,FSM,AR,ASW,CE,Towers with Radar,0,24,41,42,107,2,0,21,16,39,2,24,62,58,146,8,50,58,204
02/08/2002,FSM,AR,ASW,CE,Towers with Radar,0,23,39,26,88,0,0,29,3,32,0,23,68,29,120,32,18,50,170
02/09/2002,FSM,AR,ASW,CE,Towers with Radar,0,17,20,19,56,0,7,11,2,20,0,24,31,21,76,0,10,10,86
02/10/2002,FSM,AR,ASW,CE,Towers with Radar,0,23,22,1,46,0,0,9,0,9,0,23,31,1,55,0,0,0,55
02/11/2002,FSM,AR,ASW,CE,Towers with Radar,0,26,25,58,109,2,0,35,2,39,2,26,60,60,148,4,22,26,174
02/12/2002,FSM,AR,ASW,CE,Towers with Radar,0,26,53,82,161,0,0,41,1,42,0,26,94,83,203,26,70,96,299
02/13/2002,FSM,AR,ASW,CE,Towers with Radar,0,31,47,50,128,0,1,33,0,34,0,32,80,50,162,28,38,66,228
02/14/2002,FSM,AR,ASW,CE,Towers with Radar,1,25,36,56,118,0,4,30,0,34,1,29,66,56,152,6,72,78,230
02/15/2002,FSM,AR,ASW,CE,Towers with Radar,0,22,28,31,81,0,0,13,0,13,0,22,41,31,94,2,12,14,108
02/16/2002,FSM,AR,ASW,CE,Towers with Radar,2,18,16,6,42,0,0,54,0,54,2,18,70,6,96,2,0,2,98
02/17/2002,FSM,AR,ASW,CE,Towers with Radar,0,25,26,1,52,0,0,26,3,29,0,25,52,4,81,40,0,40,121
02/18/2002,FSM,AR,ASW,CE,Towers with Radar,0,24,24,2,50,1,1,9,2,13,1,25,33,4,63,2,18,20,83
02/19/2002,FSM,AR,ASW,CE,Towers with Radar,1,24,20,24,69,1,4,0,0,5,2,28,20,24,74,2,16,18,92
02/20/2002,FSM,AR,ASW,CE,Towers with Radar,1,25,46,43,115,1,1,23,12,37,2,26,69,55,152,28,44,72,224
02/21/2002,FSM,AR,ASW,CE,Towers with Radar,0,27,60,46,133,0,8,21,0,29,0,35,81,46,162,6,22,28,190
02/22/2002,FSM,AR,ASW,CE,Towers with Radar,0,25,29,65,119,0,1,45,4,50,0,26,74,69,169,0,70,70,239
02/23/2002,FSM,AR,ASW,CE,Towers with Radar,0,18,10,7,35,0,5,63,10,78,0,23,73,17,113,36,6,42,155
02/24/2002,FSM,AR,ASW,CE,Towers with Radar,0,25,8,6,39,0,0,12,0,12,0,25,20,6,51,0,0,0,51
02/25/2002,FSM,AR,ASW,CE,Towers with Radar,0,20,24,32,76,0,5,0,4,9,0,25,24,36,85,2,4,6,91
02/26/2002,FSM,AR,ASW,CE,Towers with Radar,0,24,34,17,75,0,0,14,7,21,0,24,48,24,96,2,18,20,116
02/27/2002,FSM,AR,ASW,CE,Towers with Radar,1,26,26,46,99,0,5,32,8,45,1,31,58,54,144,8,48,56,200
02/28/2002,FSM,AR,ASW,CE,Towers with Radar,0,26,39,36,101,0,1,26,5,32,0,27,65,41,133,32,18,50,183
03/01/2002,FSM,AR,ASW,CE,Towers with Radar,0,28,26,6,60,0,0,0,0,0,0,28,26,6,60,0,0,0,60
03/02/2002,FSM,AR,ASW,CE,Towers with Radar,0,10,8,0,18,0,2,0,0,2,0,12,8,0,20,0,0,0,20
03/03/2002,FSM,AR,ASW,CE,Towers with Radar,0,23,20,4,47,0,1,19,0,20,0,24,39,4,67,0,6,6,73
03/04/2002,FSM,AR,ASW,CE,Towers with Radar,0,25,31,69,125,0,0,8,0,8,0,25,39,69,133,6,66,72,205
03/05/2002,FSM,AR,ASW,CE,Towers with Radar,1,22,48,63,134,0,0,15,0,15,1,22,63,63,149,6,73,79,228
03/06/2002,FSM,AR,ASW,CE,Towers with Radar,0,25,47,59,131,0,2,24,0,26,0,27,71,59,157,4,64,68,225
03/07/2002,FSM,AR,ASW,CE,Towers with Radar,0,27,40,34,101,0,3,0,10,13,0,30,40,44,114,12,28,40,154
03/08/2002,FSM,AR,ASW,CE,Towers with Radar,0,17,20,5,42,0,8,10,1,19,0,25,30,6,61,0,0,0,61
03/09/2002,FSM,AR,ASW,CE,Towers with Radar,0,15,21,12,48,2,3,1,0,6,2,18,22,12,54,0,14,14,68
03/10/2002,FSM,AR,ASW,CE,Towers with Radar,0,21,19,11,51,0,3,70,0,73,0,24,89,11,124,71,4,75,199
03/11/2002,FSM,AR,ASW,CE,Towers with Radar,0,23,34,5,62,0,0,1,0,1,0,23,35,5,63,0,24,24,87
03/12/2002,FSM,AR,ASW,CE,Towers with Radar,0,25,54,75,154,0,2,26,13,41,0,27,80,88,195,18,75,93,288
03/13/2002,FSM,AR,ASW,CE,Towers with Radar,0,21,48,31,100,0,0,30,5,35,0,21,78,36,135,42,50,92,227
03/14/2002,FSM,AR,ASW,CE,Towers with Radar,2,21,28,53,104,0,0,16,0,16,2,21,44,53,120,6,36,42,162
03/15/2002,FSM,AR,ASW,CE,Towers with Radar,0,25,37,27,89,0,3,11,1,15,0,28,48,28,104,2,8,10,114
03/16/2002,FSM,AR,ASW,CE,Towers with Radar,0,19,29,17,65,0,0,31,24,55,0,19,60,41,120,0,20,20,140
03/17/2002,FSM,AR,ASW,CE,Towers with Radar,0,23,14,24,61,0,0,16,0,16,0,23,30,24,77,2,12,14,91
03/18/2002,FSM,AR,ASW,CE,Towers with Radar,0,24,28,7,59,0,0,2,0,2,0,24,30,7,61,2,0,2,63
03/19/2002,FSM,AR,ASW,CE,Towers with Radar,0,21,24,12,57,0,0,7,0,7,0,21,31,12,64,0,0,0,64
03/20/2002,FSM,AR,ASW,CE,Towers with Radar,1,31,51,26,109,0,1,12,0,13,1,32,63,26,122,18,24,42,164
03/21/2002,FSM,AR,ASW,CE,Towers with Radar,3,23,38,54,118,1,0,14,9,24,4,23,52,63,142,4,36,40,182
03/22/2002,FSM,AR,ASW,CE,Towers with Radar,3,22,37,15,77,2,0,33,0,35,5,22,70,15,112,24,4,28,140
03/23/2002,FSM,AR,ASW,CE,Towers with Radar,0,19,50,2,71,0,0,32,0,32,0,19,82,2,103,25,14,39,142
03/24/2002,FSM,AR,ASW,CE,Towers with Radar,2,26,28,13,69,0,0,26,0,26,2,26,54,13,95,6,2,8,103
03/25/2002,FSM,AR,ASW,CE,Towers with Radar,0,22,28,5,55,0,2,0,0,2,0,24,28,5,57,0,0,0,57
03/26/2002,FSM,AR,ASW,CE,Towers with Radar,0,32,44,38,114,0,0,13,17,30,0,32,57,55,144,8,20,28,172
03/27/2002,FSM,AR,ASW,CE,Towers with Radar,0,29,35,37,101,0,0,39,12,51,0,29,74,49,152,8,22,30,182
03/28/2002,FSM,AR,ASW,CE,Towers with Radar,0,21,44,39,104,0,0,19,16,35,0,21,63,55,139,14,32,46,185
03/29/2002,FSM,AR,ASW,CE,Towers with Radar,2,19,27,0,48,0,0,6,0,6,2,19,33,0,54,6,0,6,60
03/30/2002,FSM,AR,ASW,CE,Towers with Radar,0,21,4,2,27,0,5,0,3,8,0,26,4,5,35,0,0,0,35
03/31/2002,FSM,AR,ASW,CE,Towers with Radar,0,22,22,0,44,0,0,27,0,27,0,22,49,0,71,40,0,40,111
04/01/2002,FSM,AR,ASW,CE,Towers with Radar,1,24,34,26,85,0,1,24,16,41,1,25,58,42,126,8,64,72,198
04/02/2002,FSM,AR,ASW,CE,Towers with Radar,0,22,47,40,109,0,2,17,2,21,0,24,64,42,130,18,46,64,194
04/03/2002,FSM,AR,ASW,CE,Towers with Radar,0,23,55,71,149,0,1,38,0,39,0,24,93,71,188,32,64,96,284
04/04/2002,FSM,AR,ASW,CE,Towers with Radar,0,25,35,68,128,0,3,33,0,36,0,28,68,68,164,20,58,78,242
04/05/2002,FSM,AR,ASW,CE,Towers with Radar,0,26,32,27,85,0,0,45,7,52,0,26,77,34,137,22,30,52,189
04/06/2002,FSM,AR,ASW,CE,Towers with Radar,0,18,19,21,58,0,0,35,4,39,0,18,54,25,97,10,38,48,145
04/07/2002,FSM,AR,ASW,CE,Towers with Radar,0,18,2,0,20,0,0,0,0,0,0,18,2,0,20,0,0,0,20
04/08/2002,FSM,AR,ASW,CE,Towers with Radar,0,22,17,13,52,0,1,13,8,22,0,23,30,21,74,8,0,8,82
04/09/2002,FSM,AR,ASW,CE,Towers with Radar,0,27,52,63,142,0,4,18,0,22,0,31,70,63,164,32,74,106,270
04/10/2002,FSM,AR,ASW,CE,Towers with Radar,0,24,41,56,121,0,0,26,0,26,0,24,67,56,147,6,42,48,195
04/11/2002,FSM,AR,ASW,CE,Towers with Radar,0,25,38,37,100,0,0,40,2,42,0,25,78,39,142,8,2,10,152
04/12/2002,FSM,AR,ASW,CE,Towers with Radar,2,24,51,29,106,0,0,15,0,15,2,24,66,29,121,30,6,36,157
04/13/2002,FSM,AR,ASW,CE,Towers with Radar,1,18,22,5,46,0,0,33,3,36,1,18,55,8,82,12,0,12,94
04/14/2002,FSM,AR,ASW,CE,Towers with Radar,1,21,19,13,54,0,2,26,0,28,1,23,45,13,82,8,0,8,90
04/15/2002,FSM,AR,ASW,CE,Towers with Radar,0,22,38,55,115,0,0,25,5,30,0,22,63,60,145,12,26,38,183
04/16/2002,FSM,AR,ASW,CE,Towers with Radar,0,26,46,18,90,0,3,5,11,19,0,29,51,29,109,0,0,0,109
04/17/2002,FSM,AR,ASW,CE,Towers with Radar,0,24,33,41,98,0,0,33,7,40,0,24,66,48,138,40,38,78,216
04/18/2002,FSM,AR,ASW,CE,Towers with Radar,0,23,41,51,115,1,0,13,14,28,1,23,54,65,143,2,34,36,179
04/19/2002,FSM,AR,ASW,CE,Towers with Radar,0,23,45,17,85,0,0,0,1,1,0,23,45,18,86,2,12,14,100
04/20/2002,FSM,AR,ASW,CE,Towers with Radar,0,20,13,23,56,0,4,6,12,22,0,24,19,35,78,0,40,40,118
04/21/2002,FSM,AR,ASW,CE,Towers with Radar,0,19,19,19,57,0,0,12,3,15,0,19,31,22,72,0,2,2,74
04/22/2002,FSM,AR,ASW,CE,Towers with Radar,0,21,36,15,72,3,6,32,0,41,3,27,68,15,113,6,6,12,125
04/23/2002,FSM,AR,ASW,CE,Towers with Radar,0,26,47,16,89,0,0,7,0,7,0,26,54,16,96,42,4,46,142
04/24/2002,FSM,AR,ASW,CE,Towers with Radar,0,23,65,22,110,0,0,4,12,16,0,23,69,34,126,22,4,26,152
04/25/2002,FSM,AR,ASW,CE,Towers with Radar,0,24,38,37,99,0,0,38,6,44,0,24,76,43,143,4,28,32,175
04/26/2002,FSM,AR,ASW,CE,Towers with Radar,0,30,39,5,74,0,0,0,1,1,0,30,39,6,75,0,0,0,75
04/27/2002,FSM,AR,ASW,CE,Towers with Radar,0,20,14,0,34,0,0,6,0,6,0,20,20,0,40,8,0,8,48
04/28/2002,FSM,AR,ASW,CE,Towers with Radar,0,24,21,28,73,0,0,48,0,48,0,24,69,28,121,40,4,44,165
04/29/2002,FSM,AR,ASW,CE,Towers with Radar,0,31,39,97,167,0,0,11,0,11,0,31,50,97,178,18,40,58,236
04/30/2002,FSM,AR,ASW,CE,Towers with Radar,0,23,39,41,103,0,0,11,1,12,0,23,50,42,115,18,30,48,163
05/01/2002,FSM,AR,ASW,CE,Towers with Radar,0,26,52,97,175,0,0,12,0,12,0,26,64,97,187,8,74,82,269
05/02/2002,FSM,AR,ASW,CE,Towers with Radar,0,24,43,41,108,0,0,17,1,18,0,24,60,42,126,2,18,20,146
05/03/2002,FSM,AR,ASW,CE,Towers with Radar,2,24,29,30,85,0,5,6,0,11,2,29,35,30,96,0,6,6,102
05/04/2002,FSM,AR,ASW,CE,Towers with Radar,1,19,27,29,76,0,4,10,0,14,1,23,37,29,90,0,46,46,136
05/05/2002,FSM,AR,ASW,CE,Towers with Radar,0,23,19,11,53,0,0,7,15,22,0,23,26,26,75,8,6,14,89
05/06/2002,FSM,AR,ASW,CE,Towers with Radar,0,23,38,29,90,0,1,22,17,40,0,24,60,46,130,2,47,49,179
05/07/2002,FSM,AR,ASW,CE,Towers with Radar,0,23,44,20,87,0,0,19,3,22,0,23,63,23,109,22,26,48,157
05/08/2002,FSM,AR,ASW,CE,Towers with Radar,0,22,36,59,117,0,0,11,0,11,0,22,47,59,128,24,54,78,206
05/09/2002,FSM,AR,ASW,CE,Towers with Radar,0,22,36,32,90,0,0,2,11,13,0,22,38,43,103,26,30,56,159
05/10/2002,FSM,AR,ASW,CE,Towers with Radar,0,27,39,16,82,0,0,17,0,17,0,27,56,16,99,4,0,4,103
05/11/2002,FSM,AR,ASW,CE,Towers with Radar,0,18,31,4,53,0,0,10,3,13,0,18,41,7,66,0,4,4,70
05/12/2002,FSM,AR,ASW,CE,Towers with Radar,0,20,9,3,32,0,0,8,2,10,0,20,17,5,42,0,0,0,42
05/13/2002,FSM,AR,ASW,CE,Towers with Radar,0,23,30,27,80,0,3,25,14,42,0,26,55,41,122,30,28,58,180
05/14/2002,FSM,AR,ASW,CE,Towers with Radar,0,25,42,39,106,0,0,34,7,41,0,25,76,46,147,40,28,68,215
05/15/2002,FSM,AR,ASW,CE,Towers with Radar,0,24,58,22,104,0,0,16,20,36,0,24,74,42,140,52,32,84,224
05/16/2002,FSM,AR,ASW,CE,Towers with Radar,0,24,51,45,120,0,0,3,15,18,0,24,54,60,138,4,4,8,146
05/17/2002,FSM,AR,ASW,CE,Towers with Radar,0,19,26,23,68,0,0,0,1,1,0,19,26,24,69,0,16,16,85
05/18/2002,FSM,AR,ASW,CE,Towers with Radar,0,19,27,1,47,0,1,39,0,40,0,20,66,1,87,28,12,40,127
05/19/2002,FSM,AR,ASW,CE,Towers with Radar,0,18,25,17,60,0,8,8,0,16,0,26,33,17,76,0,0,0,76
05/20/2002,FSM,AR,ASW,CE,Towers with Radar,0,24,44,33,101,0,0,19,0,19,0,24,63,33,120,6,48,54,174
05/21/2002,FSM,AR,ASW,CE,Towers with Radar,0,21,40,51,112,2,0,30,38,70,2,21,70,89,182,10,83,93,275
05/22/2002,FSM,AR,ASW,CE,Towers with Radar,0,23,51,60,134,0,0,13,6,19,0,23,64,66,153,4,56,60,213
05/23/2002,FSM,AR,ASW,CE,Towers with Radar,0,21,47,40,108,0,0,17,0,17,0,21,64,40,125,12,66,78,203
05/24/2002,FSM,AR,ASW,CE,Towers with Radar,0,22,35,19,76,0,0,11,0,11,0,22,46,19,87,10,24,34,121
05/25/2002,FSM,AR,ASW,CE,Towers with Radar,0,14,21,2,37,0,3,19,0,22,0,17,40,2,59,4,2,6,65
05/26/2002,FSM,AR,ASW,CE,Towers with Radar,0,12,18,5,35,0,6,28,0,34,0,18,46,5,69,6,0,6,75
05/27/2002,FSM,AR,ASW,CE,Towers with Radar,0,13,20,3,36,0,8,3,0,11,0,21,23,3,47,6,0,6,53
05/28/2002,FSM,AR,ASW,CE,Towers with Radar,0,19,20,4,43,0,0,3,2,5,0,19,23,6,48,0,0,0,48
05/29/2002,FSM,AR,ASW,CE,Towers with Radar,0,23,31,26,80,0,0,1,4,5,0,23,32,30,85,14,26,40,125
05/30/2002,FSM,AR,ASW,CE,Towers with Radar,0,37,51,45,133,0,0,22,11,33,0,37,73,56,166,12,10,22,188
05/31/2002,FSM,AR,ASW,CE,Towers with Radar,0,22,32,56,110,0,0,32,12,44,0,22,64,68,154,0,44,44,198
06/01/2002,FSM,AR,ASW,CE,Towers with Radar,0,18,28,43,89,0,0,30,15,45,0,18,58,58,134,4,74,78,212
06/02/2002,FSM,AR,ASW,CE,Towers with Radar,0,19,27,27,73,0,2,32,0,34,0,21,59,27,107,9,18,27,134
06/03/2002,FSM,AR,ASW,CE,Towers with Radar,2,20,29,42,93,0,10,24,21,55,2,30,53,63,148,6,80,86,234
06/04/2002,FSM,AR,ASW,CE,Towers with Radar,2,25,37,56,120,0,0,25,7,32,2,25,62,63,152,22,70,92,244
06/05/2002,FSM,AR,ASW,CE,Towers with Radar,3,28,41,20,92,0,0,3,0,3,3,28,44,20,95,6,32,38,133
06/06/2002,FSM,AR,ASW,CE,Towers with Radar,4,24,56,48,132,0,5,11,10,26,4,29,67,58,158,8,42,50,208
06/07/2002,FSM,AR,ASW,CE,Towers with Radar,2,25,32,47,106,0,1,29,8,38,2,26,61,55,144,0,48,48,192
06/08/2002,FSM,AR,ASW,CE,Towers with Radar,0,14,18,3,35,2,7,25,0,34,2,21,43,3,69,2,0,2,71
06/09/2002,FSM,AR,ASW,CE,Towers with Radar,0,23,22,7,52,0,0,24,0,24,0,23,46,7,76,26,2,28,104
06/10/2002,FSM,AR,ASW,CE,Towers with Radar,0,23,30,11,64,0,4,9,0,13,0,27,39,11,77,7,10,17,94
06/11/2002,FSM,AR,ASW,CE,Towers with Radar,0,26,45,168,239,0,1,30,0,31,0,27,75,168,270,6,94,100,370
06/12/2002,FSM,AR,ASW,CE,Towers with Radar,0,30,52,40,122,0,0,24,26,50,0,30,76,66,172,22,82,104,276
06/13/2002,FSM,AR,ASW,CE,Towers with Radar,0,28,36,22,86,0,6,0,0,6,0,34,36,22,92,20,10,30,122
06/14/2002,FSM,AR,ASW,CE,Towers with Radar,0,24,33,75,132,0,0,3,0,3,0,24,36,75,135,0,90,90,225
06/15/2002,FSM,AR,ASW,CE,Towers with Radar,0,16,20,12,48,0,6,38,0,44,0,22,58,12,92,6,0,6,98
06/16/2002,FSM,AR,ASW,CE,Towers with Radar,0,24,12,21,57,0,0,32,4,36,0,24,44,25,93,16,14,30,123
06/17/2002,FSM,AR,ASW,CE,Towers with Radar,1,25,38,57,121,4,0,8,47,59,5,25,46,104,180,0,76,76,256
06/18/2002,FSM,AR,ASW,CE,Towers with Radar,0,28,43,65,136,0,0,18,27,45,0,28,61,92,181,4,42,46,227
06/19/2002,FSM,AR,ASW,CE,Towers with Radar,1,28,36,54,119,1,4,39,19,63,2,32,75,73,182,32,38,70,252
06/20/2002,FSM,AR,ASW,CE,Towers with Radar,2,22,46,70,140,1,0,29,57,87,3,22,75,127,227,8,84,92,319
06/21/2002,FSM,AR,ASW,CE,Towers with Radar,2,28,32,93,155,0,2,36,0,38,2,30,68,93,193,18,28,46,239
06/22/2002,FSM,AR,ASW,CE,Towers with Radar,2,20,22,11,55,0,0,26,5,31,2,20,48,16,86,24,4,28,114
06/23/2002,FSM,AR,ASW,CE,Towers with Radar,0,25,22,37,84,0,1,16,0,17,0,26,38,37,101,30,22,52,153
06/24/2002,FSM,AR,ASW,CE,Towers with Radar,0,25,40,77,142,0,0,14,26,40,0,25,54,103,182,0,36,36,218
06/25/2002,FSM,AR,ASW,CE,Towers with Radar,0,26,43,65,134,0,0,29,0,29,0,26,72,65,163,0,86,86,249
06/26/2002,FSM,AR,ASW,CE,Towers with Radar,1,20,39,59,119,11,0,8,17,36,12,20,47,76,155,6,34,40,195
06/27/2002,FSM,AR,ASW,CE,Towers with Radar,2,22,44,67,135,2,0,0,0,2,4,22,44,67,137,6,91,97,234
06/28/2002,FSM,AR,ASW,CE,Towers with Radar,0,27,40,60,127,0,0,28,8,36,0,27,68,68,163,20,64,84,247
06/29/2002,FSM,AR,ASW,CE,Towers with Radar,0,19,29,10,58,0,0,22,10,32,0,19,51,20,90,0,12,12,102
06/30/2002,FSM,AR,ASW,CE,Towers with Radar,1,18,24,19,62,1,6,16,0,23,2,24,40,19,85,2,6,8,93
07/01/2002,FSM,AR,ASW,CE,Towers with Radar,0,25,22,45,92,0,0,13,7,20,0,25,35,52,112,2,16,18,130
07/02/2002,FSM,AR,ASW,CE,Towers with Radar,0,20,29,30,79,0,0,2,0,2,0,20,31,30,81,4,30,34,115
07/03/2002,FSM,AR,ASW,CE,Towers with Radar,0,26,32,19,77,0,4,23,0,27,0,30,55,19,104,8,30,38,142
07/04/2002,FSM,AR,ASW,CE,Towers with Radar,0,19,15,5,39,0,0,11,0,11,0,19,26,5,50,19,0,19,69
07/05/2002,FSM,AR,ASW,CE,Towers with Radar,1,21,15,2,39,1,3,13,0,17,2,24,28,2,56,0,0,0,56
07/06/2002,FSM,AR,ASW,CE,Towers with Radar,0,14,18,8,40,0,7,28,0,35,0,21,46,8,75,26,4,30,105
07/07/2002,FSM,AR,ASW,CE,Towers with Radar,0,19,23,0,42,0,4,30,0,34,0,23,53,0,76,0,0,0,76
07/08/2002,FSM,AR,ASW,CE,Towers with Radar,0,22,28,35,85,0,5,30,31,66,0,27,58,66,151,28,16,44,195
07/09/2002,FSM,AR,ASW,CE,Towers with Radar,2,26,40,33,101,0,0,25,6,31,2,26,65,39,132,42,48,90,222
07/10/2002,FSM,AR,ASW,CE,Towers with Radar,1,22,33,23,79,3,0,30,0,33,4,22,63,23,112,2,14,16,128
07/11/2002,FSM,AR,ASW,CE,Towers with Radar,0,32,41,49,122,0,0,1,2,3,0,32,42,51,125,12,34,46,171
07/12/2002,FSM,AR,ASW,CE,Towers with Radar,0,25,33,26,84,0,0,41,0,41,0,25,74,26,125,0,20,20,145
07/13/2002,FSM,AR,ASW,CE,Towers with Radar,0,16,20,4,40,0,13,67,0,80,0,29,87,4,120,46,10,56,176
07/14/2002,FSM,AR,ASW,CE,Towers with Radar,0,25,22,3,50,0,0,16,0,16,0,25,38,3,66,6,0,6,72
07/15/2002,FSM,AR,ASW,CE,Towers with Radar,5,23,30,51,109,0,0,20,9,29,5,23,50,60,138,0,6,6,144
07/16/2002,FSM,AR,ASW,CE,Towers with Radar,0,29,37,36,102,0,2,19,0,21,0,31,56,36,123,0,26,26,149
07/17/2002,FSM,AR,ASW,CE,Towers with Radar,0,24,43,24,91,0,0,0,0,0,0,24,43,24,91,0,12,12,103
07/18/2002,FSM,AR,ASW,CE,Towers with Radar,0,26,47,23,96,0,0,7,0,7,0,26,54,23,103,0,6,6,109
07/19/2002,FSM,AR,ASW,CE,Towers with Radar,2,25,39,55,121,0,1,15,0,16,2,26,54,55,137,2,52,54,191
07/20/2002,FSM,AR,ASW,CE,Towers with Radar,7,20,20,1,48,3,4,44,0,51,10,24,64,1,99,8,10,18,117
07/21/2002,FSM,AR,ASW,CE,Towers with Radar,2,21,28,23,74,0,0,43,0,43,2,21,71,23,117,38,6,44,161
07/22/2002,FSM,AR,ASW,CE,Towers with Radar,1,22,37,43,103,0,0,38,27,65,1,22,75,70,168,0,86,86,254
07/23/2002,FSM,AR,ASW,CE,Towers with Radar,0,28,36,44,108,0,0,16,0,16,0,28,52,44,124,2,52,54,178
07/24/2002,FSM,AR,ASW,CE,Towers with Radar,0,31,47,56,134,0,0,30,47,77,0,31,77,103,211,18,30,48,259
07/25/2002,FSM,AR,ASW,CE,Towers with Radar,0,24,39,46,109,0,0,17,30,47,0,24,56,76,156,10,72,82,238
07/26/2002,FSM,AR,ASW,CE,Towers with Radar,1,24,38,45,108,3,0,21,21,45,4,24,59,66,153,0,8,8,161
07/27/2002,FSM,AR,ASW,CE,Towers with Radar,3,20,15,8,46,0,0,33,3,36,3,20,48,11,82,2,0,2,84
07/28/2002,FSM,AR,ASW,CE,Towers with Radar,0,24,29,36,89,0,2,19,24,45,0,26,48,60,134,0,18,18,152
07/29/2002,FSM,AR,ASW,CE,Towers with Radar,1,25,30,38,94,1,0,13,13,27,2,25,43,51,121,8,46,54,175
07/30/2002,FSM,AR,ASW,CE,Towers with Radar,0,25,40,32,97,1,1,13,4,19,1,26,53,36,116,0,20,20,136
07/31/2002,FSM,AR,ASW,CE,Towers with Radar,0,31,41,48,120,0,0,31,36,67,0,31,72,84,187,0,80,80,267
08/01/2002,FSM,AR,ASW,CE,Towers with Radar,0,29,42,50,121,0,0,25,7,32,0,29,67,57,153,38,16,54,207
08/02/2002,FSM,AR,ASW,CE,Towers with Radar,0,25,40,42,107,0,0,11,15,26,0,25,51,57,133,0,6,6,139
08/03/2002,FSM,AR,ASW,CE,Towers with Radar,0,17,23,6,46,0,6,32,0,38,0,23,55,6,84,2,0,2,86
08/04/2002,FSM,AR,ASW,CE,Towers with Radar,2,25,15,24,66,0,1,42,0,43,2,26,57,24,109,36,12,48,157
08/05/2002,FSM,AR,ASW,CE,Towers with Radar,0,26,39,16,81,0,0,7,0,7,0,26,46,16,88,4,13,17,105
08/06/2002,FSM,AR,ASW,CE,Towers with Radar,0,27,24,39,90,0,0,17,1,18,0,27,41,40,108,6,22,28,136
08/07/2002,FSM,AR,ASW,CE,Towers with Radar,0,28,33,57,118,0,4,25,4,33,0,32,58,61,151,6,88,94,245
08/08/2002,FSM,AR,ASW,CE,Towers with Radar,1,32,42,44,119,1,3,39,22,65,2,35,81,66,184,0,34,34,218
08/09/2002,FSM,AR,ASW,CE,Towers with Radar,1,29,39,41,110,1,0,26,0,27,2,29,65,41,137,8,20,28,165
08/10/2002,FSM,AR,ASW,CE,Towers with Radar,1,21,15,0,37,0,0,16,1,17,1,21,31,1,54,30,0,30,84
08/11/2002,FSM,AR,ASW,CE,Towers with Radar,2,25,25,30,82,0,4,23,0,27,2,29,48,30,109,18,5,23,132
08/12/2002,FSM,AR,ASW,CE,Towers with Radar,1,26,37,23,87,3,0,6,0,9,4,26,43,23,96,8,20,28,124
08/13/2002,FSM,AR,ASW,CE,Towers with Radar,0,24,33,17,74,0,2,13,0,15,0,26,46,17,89,0,12,12,101
08/14/2002,FSM,AR,ASW,CE,Towers with Radar,0,25,47,41,113,0,0,1,0,1,0,25,48,41,114,4,0,4,118
08/15/2002,FSM,AR,ASW,CE,Towers with Radar,1,30,55,65,151,7,1,21,0,29,8,31,76,65,180,2,54,56,236
08/16/2002,FSM,AR,ASW,CE,Towers with Radar,0,24,41,28,93,0,0,24,0,24,0,24,65,28,117,4,10,14,131
08/17/2002,FSM,AR,ASW,CE,Towers with Radar,0,17,24,1,42,3,6,38,0,47,3,23,62,1,89,4,0,4,93
08/18/2002,FSM,AR,ASW,CE,Towers with Radar,0,19,27,5,51,0,11,4,0,15,0,30,31,5,66,12,0,12,78
08/19/2002,FSM,AR,ASW,CE,Towers with Radar,1,26,35,35,97,1,11,14,0,26,2,37,49,35,123,14,38,52,175
08/20/2002,FSM,AR,ASW,CE,Towers with Radar,0,27,37,38,102,0,3,39,44,86,0,30,76,82,188,4,70,74,262
08/21/2002,FSM,AR,ASW,CE,Towers with Radar,0,27,39,39,105,0,0,35,0,35,0,27,74,39,140,6,76,82,222
08/22/2002,FSM,AR,ASW,CE,Towers with Radar,1,25,44,48,118,3,0,13,23,39,4,25,57,71,157,0,46,46,203
08/23/2002,FSM,AR,ASW,CE,Towers with Radar,0,18,40,42,100,0,0,9,14,23,0,18,49,56,123,6,34,40,163
08/24/2002,FSM,AR,ASW,CE,Towers with Radar,0,22,21,13,56,0,0,23,3,26,0,22,44,16,82,2,38,40,122
08/25/2002,FSM,AR,ASW,CE,Towers with Radar,0,18,25,23,66,0,4,21,0,25,0,22,46,23,91,8,34,42,133
08/26/2002,FSM,AR,ASW,CE,Towers with Radar,0,22,33,40,95,0,0,0,25,25,0,22,33,65,120,14,118,132,252
08/27/2002,FSM,AR,ASW,CE,Towers with Radar,0,28,42,46,116,0,0,9,28,37,0,28,51,74,153,0,66,66,219
08/28/2002,FSM,AR,ASW,CE,Towers with Radar,0,24,45,55,124,0,0,36,33,69,0,24,81,88,193,10,24,34,227
08/29/2002,FSM,AR,ASW,CE,Towers with Radar,0,32,48,52,132,0,0,18,62,80,0,32,66,114,212,6,86,92,304
08/30/2002,FSM,AR,ASW,CE,Towers with Radar,0,20,42,36,98,0,0,28,0,28,0,20,70,36,126,8,16,24,150
08/31/2002,FSM,AR,ASW,CE,Towers with Radar,0,23,21,0,44,2,1,20,0,23,2,24,41,0,67,16,0,16,83
09/01/2002,FSM,AR,ASW,CE,Towers with Radar,0,9,14,5,28,2,11,20,0,33,2,20,34,5,61,0,0,0,61
09/02/2002,FSM,AR,ASW,CE,Towers with Radar,0,15,21,2,38,0,6,19,0,25,0,21,40,2,63,13,0,13,76
09/03/2002,FSM,AR,ASW,CE,Towers with Radar,1,24,32,31,88,0,6,30,0,36,1,30,62,31,124,0,30,30,154
09/04/2002,FSM,AR,ASW,CE,Towers with Radar,0,22,34,43,99,0,0,46,16,62,0,22,80,59,161,34,48,82,243
09/05/2002,FSM,AR,ASW,CE,Towers with Radar,0,28,37,47,112,0,1,18,55,74,0,29,55,102,186,6,87,93,279
09/06/2002,FSM,AR,ASW,CE,Towers with Radar,0,22,36,45,103,0,0,35,3,38,0,22,71,48,141,6,40,46,187
09/07/2002,FSM,AR,ASW,CE,Towers with Radar,0,20,26,34,80,0,3,25,8,36,0,23,51,42,116,20,38,58,174
09/08/2002,FSM,AR,ASW,CE,Towers with Radar,0,22,27,34,83,0,0,11,1,12,0,22,38,35,95,58,8,66,161
09/09/2002,FSM,AR,ASW,CE,Towers with Radar,2,27,42,30,101,0,0,21,7,28,2,27,63,37,129,6,22,28,157
09/10/2002,FSM,AR,ASW,CE,Towers with Radar,0,29,27,39,95,0,4,16,15,35,0,33,43,54,130,6,16,22,152
09/11/2002,FSM,AR,ASW,CE,Towers with Radar,0,23,42,41,106,0,0,25,0,25,0,23,67,41,131,10,16,26,157
09/12/2002,FSM,AR,ASW,CE,Towers with Radar,0,30,35,45,110,0,2,44,0,46,0,32,79,45,156,6,30,36,192
09/13/2002,FSM,AR,ASW,CE,Towers with Radar,2,22,34,46,104,0,0,13,4,17,2,22,47,50,121,6,26,32,153
09/14/2002,FSM,AR,ASW,CE,Towers with Radar,0,21,15,2,38,0,1,30,0,31,0,22,45,2,69,22,0,22,91
09/15/2002,FSM,AR,ASW,CE,Towers with Radar,0,22,25,34,81,0,4,26,15,45,0,26,51,49,126,40,6,46,172
09/16/2002,FSM,AR,ASW,CE,Towers with Radar,0,23,44,57,124,0,0,1,43,44,0,23,45,100,168,4,54,58,226
09/17/2002,FSM,AR,ASW,CE,Towers with Radar,0,28,36,48,112,0,0,45,40,85,0,28,81,88,197,20,54,74,271
09/18/2002,FSM,AR,ASW,CE,Towers with Radar,0,27,40,53,120,0,0,29,38,67,0,27,69,91,187,8,68,76,263
09/19/2002,FSM,AR,ASW,CE,Towers with Radar,1,25,29,9,64,0,5,12,0,17,1,30,41,9,81,0,0,0,81
09/20/2002,FSM,AR,ASW,CE,Towers with Radar,0,30,36,47,113,0,3,20,2,25,0,33,56,49,138,46,18,64,202
09/21/2002,FSM,AR,ASW,CE,Towers with Radar,0,20,13,15,48,0,0,47,0,47,0,20,60,15,95,17,8,25,120
09/22/2002,FSM,AR,ASW,CE,Towers with Radar,0,16,19,17,52,0,9,39,0,48,0,25,58,17,100,34,0,34,134
09/23/2002,FSM,AR,ASW,CE,Towers with Radar,0,23,33,43,99,0,0,35,17,52,0,23,68,60,151,18,52,70,221
09/24/2002,FSM,AR,ASW,CE,Towers with Radar,1,28,40,45,114,1,0,23,0,24,2,28,63,45,138,36,38,74,212
09/25/2002,FSM,AR,ASW,CE,Towers with Radar,0,26,46,57,129,0,0,8,30,38,0,26,54,87,167,12,58,70,237
09/26/2002,FSM,AR,ASW,CE,Towers with Radar,0,25,44,42,111,0,0,7,0,7,0,25,51,42,118,2,50,52,170
09/27/2002,FSM,AR,ASW,CE,Towers with Radar,0,26,37,25,88,0,0,22,0,22,0,26,59,25,110,5,0,5,115
09/28/2002,FSM,AR,ASW,CE,Towers with Radar,0,18,22,0,40,1,8,26,0,35,1,26,48,0,75,6,0,6,81
09/29/2002,FSM,AR,ASW,CE,Towers with Radar,0,20,25,6,51,1,7,53,0,61,1,27,78,6,112,38,0,38,150
09/30/2002,FSM,AR,ASW,CE,Towers with Radar,1,25,32,7,65,1,0,26,0,27,2,25,58,7,92,16,6,22,114
10/01/2002,FSM,AR,ASW,CE,Towers with Radar,0,27,46,55,128,0,0,16,0,16,0,27,62,55,144,6,36,42,186
10/02/2002,FSM,AR,ASW,CE,Towers with Radar,0,36,44,62,142,0,0,43,22,65,0,36,87,84,207,0,74,74,281
10/03/2002,FSM,AR,ASW,CE,Towers with Radar,0,30,38,54,122,0,0,2,10,12,0,30,40,64,134,10,36,46,180
10/04/2002,FSM,AR,ASW,CE,Towers with Radar,0,22,32,36,90,0,0,23,0,23,0,22,55,36,113,12,20,32,145
10/05/2002,FSM,AR,ASW,CE,Towers with Radar,0,20,16,24,60,0,3,37,22,62,0,23,53,46,122,40,16,56,178
10/06/2002,FSM,AR,ASW,CE,Towers with Radar,0,24,26,11,61,0,3,20,0,23,0,27,46,11,84,12,10,22,106
10/07/2002,FSM,AR,ASW,CE,Towers with Radar,0,34,44,63,141,0,0,0,5,5,0,34,44,68,146,10,22,32,178
10/08/2002,FSM,AR,ASW,CE,Towers with Radar,0,31,38,65,134,0,0,6,0,6,0,31,44,65,140,0,36,36,176
10/09/2002,FSM,AR,ASW,CE,Towers with Radar,0,32,37,13,82,0,5,10,0,15,0,37,47,13,97,0,0,0,97
10/10/2002,FSM,AR,ASW,CE,Towers with Radar,0,34,38,47,119,1,9,0,0,10,1,43,38,47,129,0,0,0,129
10/11/2002,FSM,AR,ASW,CE,Towers with Radar,0,26,40,34,100,0,0,0,0,0,0,26,40,34,100,6,14,20,120
10/12/2002,FSM,AR,ASW,CE,Towers with Radar,1,23,12,11,47,0,0,27,1,28,1,23,39,12,75,10,8,18,93
10/13/2002,FSM,AR,ASW,CE,Towers with Radar,0,18,21,15,54,0,6,23,0,29,0,24,44,15,83,18,20,38,121
10/14/2002,FSM,AR,ASW,CE,Towers with Radar,0,24,28,2,54,0,10,31,0,41,0,34,59,2,95,14,0,14,109
10/15/2002,FSM,AR,ASW,CE,Towers with Radar,0,29,45,60,134,0,2,32,0,34,0,31,77,60,168,2,74,76,244
10/16/2002,FSM,AR,ASW,CE,Towers with Radar,0,32,43,61,136,0,0,33,28,61,0,32,76,89,197,2,70,72,269
10/17/2002,FSM,AR,ASW,CE,Towers with Radar,0,33,45,58,136,0,0,52,0,52,0,33,97,58,188,10,36,46,234
10/18/2002,FSM,AR,ASW,CE,Towers with Radar,0,32,41,57,130,2,0,0,16,18,2,32,41,73,148,0,40,40,188
10/19/2002,FSM,AR,ASW,CE,Towers with Radar,0,20,55,0,75,0,0,0,0,0,0,20,55,0,75,0,0,0,75
10/20/2002,FSM,AR,ASW,CE,Towers with Radar,0,26,41,16,83,2,7,7,0,16,2,33,48,16,99,0,0,0,99
10/21/2002,FSM,AR,ASW,CE,Towers with Radar,1,28,49,78,156,2,0,1,0,3,3,28,50,78,159,10,10,20,179
10/22/2002,FSM,AR,ASW,CE,Towers with Radar,0,34,51,32,117,0,2,2,0,4,0,36,53,32,121,18,32,50,171
10/23/2002,FSM,AR,ASW,CE,Towers with Radar,0,30,37,19,86,4,7,8,0,19,4,37,45,19,105,0,12,12,117
10/24/2002,FSM,AR,ASW,CE,Towers with Radar,4,35,48,73,160,0,0,2,0,2,4,35,50,73,162,12,76,88,250
10/25/2002,FSM,AR,ASW,CE,Towers with Radar,0,30,36,38,104,0,0,3,0,3,0,30,39,38,107,0,0,0,107
10/26/2002,FSM,AR,ASW,CE,Towers with Radar,0,24,31,9,64,2,0,8,0,10,2,24,39,9,74,16,16,32,106
10/27/2002,FSM,AR,ASW,CE,Towers with Radar,0,28,25,10,63,0,0,1,0,1,0,28,26,10,64,12,4,16,80
10/28/2002,FSM,AR,ASW,CE,Towers with Radar,0,29,24,76,129,0,0,3,11,14,0,29,27,87,143,0,10,10,153
10/29/2002,FSM,AR,ASW,CE,Towers with Radar,0,31,40,65,136,0,0,9,0,9,0,31,49,65,145,0,32,32,177
10/30/2002,FSM,AR,ASW,CE,Towers with Radar,0,28,45,69,142,0,0,0,10,10,0,28,45,79,152,0,34,34,186
10/31/2002,FSM,AR,ASW,CE,Towers with Radar,0,34,42,57,133,0,0,3,19,22,0,34,45,76,155,0,74,74,229
11/01/2002,FSM,AR,ASW,CE,Towers with Radar,1,29,32,46,108,1,0,7,0,8,2,29,39,46,116,2,70,72,188
11/02/2002,FSM,AR,ASW,CE,Towers with Radar,0,18,19,29,66,0,6,0,0,6,0,24,19,29,72,0,0,0,72
11/03/2002,FSM,AR,ASW,CE,Towers with Radar,1,29,20,24,74,0,1,7,0,8,1,30,27,24,82,0,4,4,86
11/04/2002,FSM,AR,ASW,CE,Towers with Radar,0,37,53,69,159,0,0,17,12,29,0,37,70,81,188,6,12,18,206
11/05/2002,FSM,AR,ASW,CE,Towers with Radar,0,32,41,36,109,0,0,10,0,10,0,32,51,36,119,6,0,6,125
11/06/2002,FSM,AR,ASW,CE,Towers with Radar,0,32,44,58,134,0,0,13,12,25,0,32,57,70,159,8,36,44,203
11/07/2002,FSM,AR,ASW,CE,Towers with Radar,0,35,41,52,128,0,0,32,0,32,0,35,73,52,160,2,34,36,196
11/08/2002,FSM,AR,ASW,CE,Towers with Radar,0,33,44,75,152,0,0,31,1,32,0,33,75,76,184,0,78,78,262
11/09/2002,FSM,AR,ASW,CE,Towers with Radar,0,22,22,6,50,0,0,32,1,33,0,22,54,7,83,2,2,4,87
11/10/2002,FSM,AR,ASW,CE,Towers with Radar,0,25,27,10,62,0,0,44,0,44,0,25,71,10,106,20,0,20,126
11/11/2002,FSM,AR,ASW,CE,Towers with Radar,2,29,43,24,98,0,2,28,0,30,2,31,71,24,128,2,50,52,180
11/12/2002,FSM,AR,ASW,CE,Towers with Radar,0,33,37,49,119,0,1,55,7,63,0,34,92,56,182,4,60,64,246
11/13/2002,FSM,AR,ASW,CE,Towers with Radar,0,36,33,47,116,2,4,34,11,51,2,40,67,58,167,6,48,54,221
11/14/2002,FSM,AR,ASW,CE,Towers with Radar,2,32,42,56,132,0,0,13,1,14,2,32,55,57,146,4,60,64,210
11/15/2002,FSM,AR,ASW,CE,Towers with Radar,3,29,54,24,110,0,0,24,0,24,3,29,78,24,134,20,4,24,158
11/16/2002,FSM,AR,ASW,CE,Towers with Radar,0,19,25,2,46,2,0,15,0,17,2,19,40,2,63,14,0,14,77
11/17/2002,FSM,AR,ASW,CE,Towers with Radar,0,24,28,19,71,0,7,39,0,46,0,31,67,19,117,18,8,26,143
11/18/2002,FSM,AR,ASW,CE,Towers with Radar,1,30,40,52,123,0,0,12,2,14,1,30,52,54,137,6,42,48,185
11/19/2002,FSM,AR,ASW,CE,Towers with Radar,0,39,47,60,146,0,0,15,13,28,0,39,62,73,174,10,66,76,250
11/20/2002,FSM,AR,ASW,CE,Towers with Radar,1,38,45,59,143,0,5,29,18,52,1,43,74,77,195,24,60,84,279
11/21/2002,FSM,AR,ASW,CE,Towers with Radar,1,35,53,40,129,5,0,38,17,60,6,35,91,57,189,8,28,36,225
11/22/2002,FSM,AR,ASW,CE,Towers with Radar,1,30,42,53,126,1,0,37,10,48,2,30,79,63,174,1,24,25,199
11/23/2002,FSM,AR,ASW,CE,Towers with Radar,0,23,27,11,61,0,0,29,0,29,0,23,56,11,90,12,22,34,124
11/24/2002,FSM,AR,ASW,CE,Towers with Radar,0,19,22,13,54,0,8,11,0,19,0,27,33,13,73,12,10,22,95
11/25/2002,FSM,AR,ASW,CE,Towers with Radar,0,26,31,19,76,1,7,0,0,8,1,33,31,19,84,0,6,6,90
11/26/2002,FSM,AR,ASW,CE,Towers with Radar,1,29,39,51,120,0,0,11,18,29,1,29,50,69,149,0,62,62,211
11/27/2002,FSM,AR,ASW,CE,Towers with Radar,0,26,34,25,85,1,0,28,0,29,1,26,62,25,114,14,20,34,148
11/28/2002,FSM,AR,ASW,CE,Towers with Radar,0,11,14,0,25,0,8,0,0,8,0,19,14,0,33,0,0,0,33
11/29/2002,FSM,AR,ASW,CE,Towers with Radar,0,14,18,0,32,0,0,26,0,26,0,14,44,0,58,18,0,18,76
11/30/2002,FSM,AR,ASW,CE,Towers with Radar,0,19,12,1,32,2,0,24,0,26,2,19,36,1,58,8,0,8,66
12/01/2002,FSM,AR,ASW,CE,Towers with Radar,1,26,22,3,52,0,2,39,0,41,1,28,61,3,93,6,0,6,99
12/02/2002,FSM,AR,ASW,CE,Towers with Radar,0,31,31,24,86,0,0,31,7,38,0,31,62,31,124,12,8,20,144
12/03/2002,FSM,AR,ASW,CE,Towers with Radar,0,34,34,27,95,0,0,11,7,18,0,34,45,34,113,0,14,14,127
12/04/2002,FSM,AR,ASW,CE,Towers with Radar,1,29,26,0,56,0,3,8,0,11,1,32,34,0,67,0,0,0,67
12/05/2002,FSM,AR,ASW,CE,Towers with Radar,2,30,33,39,104,0,0,16,0,16,2,30,49,39,120,2,30,32,152
12/06/2002,FSM,AR,ASW,CE,Towers with Radar,0,36,34,29,99,0,0,24,15,39,0,36,58,44,138,12,44,56,194
12/07/2002,FSM,AR,ASW,CE,Towers with Radar,0,21,19,16,56,0,2,24,4,30,0,23,43,20,86,4,18,22,108
12/08/2002,FSM,AR,ASW,CE,Towers with Radar,2,25,14,13,54,0,1,9,2,12,2,26,23,15,66,14,14,28,94
12/09/2002,FSM,AR,ASW,CE,Towers with Radar,1,33,30,25,89,0,0,6,15,21,1,33,36,40,110,0,16,16,126
12/10/2002,FSM,AR,ASW,CE,Towers with Radar,4,33,44,34,115,0,0,1,24,25,4,33,45,58,140,0,10,10,150
12/11/2002,FSM,AR,ASW,CE,Towers with Radar,0,34,41,38,113,0,0,0,60,60,0,34,41,98,173,0,46,46,219
12/12/2002,FSM,AR,ASW,CE,Towers with Radar,5,31,23,14,73,0,0,17,0,17,5,31,40,14,90,0,2,2,92
12/13/2002,FSM,AR,ASW,CE,Towers with Radar,0,29,25,12,66,0,0,0,0,0,0,29,25,12,66,4,14,18,84
12/14/2002,FSM,AR,ASW,CE,Towers with Radar,0,22,19,2,43,0,2,43,0,45,0,24,62,2,88,1,0,1,89
12/15/2002,FSM,AR,ASW,CE,Towers with Radar,0,24,21,18,63,0,6,42,28,76,0,30,63,46,139,28,6,34,173
12/16/2002,FSM,AR,ASW,CE,Towers with Radar,0,33,41,39,113,0,0,9,0,9,0,33,50,39,122,4,12,16,138
12/17/2002,FSM,AR,ASW,CE,Towers with Radar,0,34,39,32,105,0,0,1,9,10,0,34,40,41,115,14,0,14,129
12/18/2002,FSM,AR,ASW,CE,Towers with Radar,0,27,37,29,93,0,0,12,17,29,0,27,49,46,122,0,12,12,134
12/19/2002,FSM,AR,ASW,CE,Towers with Radar,1,26,38,31,96,1,0,4,13,18,2,26,42,44,114,2,26,28,142
12/20/2002,FSM,AR,ASW,CE,Towers with Radar,0,28,46,29,103,3,0,29,2,34,3,28,75,31,137,6,14,20,157
12/21/2002,FSM,AR,ASW,CE,Towers with Radar,0,26,22,2,50,2,5,21,0,28,2,31,43,2,78,0,0,0,78
12/22/2002,FSM,AR,ASW,CE,Towers with Radar,0,23,21,7,51,0,5,59,0,64,0,28,80,7,115,12,4,16,131
12/23/2002,FSM,AR,ASW,CE,Towers with Radar,0,21,19,1,41,1,2,0,0,3,1,23,19,1,44,0,0,0,44
12/24/2002,FSM,AR,ASW,CE,Towers with Radar,0,15,11,0,26,1,6,0,0,7,1,21,11,0,33,0,0,0,33
12/25/2002,FSM,AR,ASW,CE,Towers with Radar,0,20,14,0,34,0,5,8,0,13,0,25,22,0,47,0,0,0,47
12/26/2002,FSM,AR,ASW,CE,Towers with Radar,0,24,22,2,48,3,5,28,0,36,3,29,50,2,84,0,0,0,84
12/27/2002,FSM,AR,ASW,CE,Towers with Radar,0,28,26,0,54,0,4,42,0,46,0,32,68,0,100,10,0,10,110
12/28/2002,FSM,AR,ASW,CE,Towers with Radar,0,22,26,0,48,2,3,49,0,54,2,25,75,0,102,23,0,23,125
12/29/2002,FSM,AR,ASW,CE,Towers with Radar,0,25,23,0,48,0,2,25,0,27,0,27,48,0,75,16,0,16,91
12/30/2002,FSM,AR,ASW,CE,Towers with Radar,0,26,11,4,41,0,0,4,2,6,0,26,15,6,47,0,14,14,61
12/31/2002,FSM,AR,ASW,CE,Towers with Radar,0,23,22,9,54,1,0,3,0,4,1,23,25,9,58,6,8,14,72
01/01/2003,FSM,AR,ASW,CE,Towers with Radar,0,22,7,0,29,0,1,34,0,35,0,23,41,0,64,26,0,26,90
01/02/2003,FSM,AR,ASW,CE,Towers with Radar,0,25,16,36,77,0,0,9,0,9,0,25,25,36,86,6,16,22,108
01/03/2003,FSM,AR,ASW,CE,Towers with Radar,0,29,32,22,83,0,0,25,22,47,0,29,57,44,130,20,10,30,160
01/04/2003,FSM,AR,ASW,CE,Towers with Radar,0,19,19,22,60,0,7,30,12,49,0,26,49,34,109,42,24,66,175
01/05/2003,FSM,AR,ASW,CE,Towers with Radar,0,19,19,4,42,1,6,32,0,39,1,25,51,4,81,36,2,38,119
01/06/2003,FSM,AR,ASW,CE,Towers with Radar,0,29,28,53,110,3,0,17,8,28,3,29,45,61,138,4,26,30,168
01/07/2003,FSM,AR,ASW,CE,Towers with Radar,0,31,36,41,108,0,0,27,0,27,0,31,63,41,135,0,12,12,147
01/08/2003,FSM,AR,ASW,CE,Towers with Radar,0,34,33,33,100,1,2,29,0,32,1,36,62,33,132,30,22,52,184
01/09/2003,FSM,AR,ASW,CE,Towers with Radar,0,26,33,26,85,3,0,13,0,16,3,26,46,26,101,2,42,44,145
01/10/2003,FSM,AR,ASW,CE,Towers with Radar,0,34,33,34,101,2,0,15,0,17,2,34,48,34,118,0,10,10,128
01/11/2003,FSM,AR,ASW,CE,Towers with Radar,0,20,19,12,51,0,7,23,0,30,0,27,42,12,81,0,0,0,81
01/12/2003,FSM,AR,ASW,CE,Towers with Radar,0,21,21,5,47,1,0,4,2,7,1,21,25,7,54,2,10,12,66
01/13/2003,FSM,AR,ASW,CE,Towers with Radar,0,30,30,19,79,0,0,9,0,9,0,30,39,19,88,0,0,0,88
01/14/2003,FSM,AR,ASW,CE,Towers with Radar,0,36,35,42,113,0,4,11,18,33,0,40,46,60,146,0,34,34,180
01/15/2003,FSM,AR,ASW,CE,Towers with Radar,0,31,35,44,110,0,0,17,11,28,0,31,52,55,138,10,30,40,178
01/16/2003,FSM,AR,ASW,CE,Towers with Radar,0,24,21,28,73,0,3,0,0,3,0,27,21,28,76,0,4,4,80
01/17/2003,FSM,AR,ASW,CE,Towers with Radar,0,29,32,51,112,0,4,27,0,31,0,33,59,51,143,0,78,78,221
01/18/2003,FSM,AR,ASW,CE,Towers with Radar,0,18,17,11,46,2,5,23,0,30,2,23,40,11,76,9,14,23,99
01/19/2003,FSM,AR,ASW,CE,Towers with Radar,0,21,19,0,40,0,5,30,0,35,0,26,49,0,75,42,0,42,117
01/20/2003,FSM,AR,ASW,CE,Towers with Radar,0,31,36,23,90,0,0,24,6,30,0,31,60,29,120,10,14,24,144
01/21/2003,FSM,AR,ASW,CE,Towers with Radar,1,30,37,73,141,0,6,2,0,8,1,36,39,73,149,0,34,34,183
01/22/2003,FSM,AR,ASW,CE,Towers with Radar,0,34,34,36,104,0,1,14,0,15,0,35,48,36,119,2,46,48,167
01/23/2003,FSM,AR,ASW,CE,Towers with Radar,0,35,35,42,112,1,3,14,39,57,1,38,49,81,169,0,62,62,231
01/24/2003,FSM,AR,ASW,CE,Towers with Radar,0,32,31,48,111,1,1,16,0,18,1,33,47,48,129,0,68,68,197
01/25/2003,FSM,AR,ASW,CE,Towers with Radar,0,21,20,23,64,0,1,18,0,19,0,22,38,23,83,30,10,40,123
01/26/2003,FSM,AR,ASW,CE,Towers with Radar,2,29,16,43,90,0,2,11,0,13,2,31,27,43,103,1,14,15,118
01/27/2003,FSM,AR,ASW,CE,Towers with Radar,0,33,30,39,102,0,0,22,14,36,0,33,52,53,138,0,54,54,192
01/28/2003,FSM,AR,ASW,CE,Towers with Radar,0,36,33,43,112,0,0,9,11,20,0,36,42,54,132,0,40,40,172
01/29/2003,FSM,AR,ASW,CE,Towers with Radar,0,32,36,46,114,0,0,7,0,7,0,32,43,46,121,0,30,30,151
01/30/2003,FSM,AR,ASW,CE,Towers with Radar,0,35,36,31,102,0,0,21,0,21,0,35,57,31,123,6,16,22,145
01/31/2003,FSM,AR,ASW,CE,Towers with Radar,0,26,36,45,107,5,0,8,56,69,5,26,44,101,176,0,24,24,200
02/01/2003,FSM,AR,ASW,CE,Towers with Radar,0,25,15,15,55,0,3,51,18,72,0,28,66,33,127,18,50,68,195
02/02/2003,FSM,AR,ASW,CE,Towers with Radar,0,23,16,18,57,0,10,39,10,59,0,33,55,28,116,12,16,28,144
02/03/2003,FSM,AR,ASW,CE,Towers with Radar,0,31,22,43,96,0,0,3,2,5,0,31,25,45,101,0,26,26,127
02/04/2003,FSM,AR,ASW,CE,Towers with Radar,0,31,41,83,155,0,3,29,0,32,0,34,70,83,187,8,32,40,227
02/05/2003,FSM,AR,ASW,CE,Towers with Radar,0,30,32,83,145,0,3,34,4,41,0,33,66,87,186,0,16,16,202
02/06/2003,FSM,AR,ASW,CE,Towers with Radar,1,36,23,0,60,0,2,2,0,4,1,38,25,0,64,0,0,0,64
02/07/2003,FSM,AR,ASW,CE,Towers with Radar,0,32,35,36,103,0,0,13,9,22,0,32,48,45,125,0,56,56,181
02/08/2003,FSM,AR,ASW,CE,Towers with Radar,0,21,18,12,51,0,3,27,0,30,0,24,45,12,81,24,6,30,111
02/09/2003,FSM,AR,ASW,CE,Towers with Radar,3,24,7,0,34,0,0,2,1,3,3,24,9,1,37,0,0,0,37
02/10/2003,FSM,AR,ASW,CE,Towers with Radar,0,32,32,47,111,0,0,25,0,25,0,32,57,47,136,0,26,26,162
02/11/2003,FSM,AR,ASW,CE,Towers with Radar,0,27,42,63,132,0,0,26,0,26,0,27,68,63,158,0,28,28,186
02/12/2003,FSM,AR,ASW,CE,Towers with Radar,1,26,40,35,102,2,0,40,0,42,3,26,80,35,144,42,32,74,218
02/13/2003,FSM,AR,ASW,CE,Towers with Radar,0,31,37,23,91,0,0,0,0,0,0,31,37,23,91,0,34,34,125
02/14/2003,FSM,AR,ASW,CE,Towers with Radar,0,35,35,9,79,0,0,2,6,8,0,35,37,15,87,0,26,26,113
02/15/2003,FSM,AR,ASW,CE,Towers with Radar,2,28,31,0,61,0,0,1,3,4,2,28,32,3,65,2,0,2,67
02/16/2003,FSM,AR,ASW,CE,Towers with Radar,0,23,13,0,36,0,1,9,1,11,0,24,22,1,47,0,0,0,47
02/17/2003,FSM,AR,ASW,CE,Towers with Radar,1,26,30,3,60,1,0,43,0,44,2,26,73,3,104,40,0,40,144
02/18/2003,FSM,AR,ASW,CE,Towers with Radar,0,31,39,59,129,0,5,14,0,19,0,36,53,59,148,8,22,30,178
02/19/2003,FSM,AR,ASW,CE,Towers with Radar,0,31,56,17,104,0,0,18,7,25,0,31,74,24,129,5,0,5,134
02/20/2003,FSM,AR,ASW,CE,Towers with Radar,0,32,64,82,178,0,0,0,3,3,0,32,64,85,181,2,80,82,263
02/21/2003,FSM,AR,ASW,CE,Towers with Radar,0,27,23,0,50,0,0,0,1,1,0,27,23,1,51,0,0,0,51
02/22/2003,FSM,AR,ASW,CE,Towers with Radar,1,22,17,0,40,0,2,16,0,18,1,24,33,0,58,28,0,28,86
02/23/2003,FSM,AR,ASW,CE,Towers with Radar,4,24,17,0,45,0,6,7,0,13,4,30,24,0,58,0,0,0,58
02/24/2003,FSM,AR,ASW,CE,Towers with Radar,0,31,34,28,93,0,5,22,0,27,0,36,56,28,120,8,6,14,134
02/25/2003,FSM,AR,ASW,CE,Towers with Radar,2,20,22,0,44,0,0,4,0,4,2,20,26,0,48,0,0,0,48
02/26/2003,FSM,AR,ASW,CE,Towers with Radar,0,18,10,0,28,0,0,0,0,0,0,18,10,0,28,0,0,0,28
02/27/2003,FSM,AR,ASW,CE,Towers with Radar,2,28,13,18,61,0,0,2,1,3,2,28,15,19,64,0,0,0,64
02/28/2003,FSM,AR,ASW,CE,Towers with Radar,0,39,35,42,116,0,1,6,6,13,0,40,41,48,129,0,28,28,157
03/01/2003,FSM,AR,ASW,CE,Towers with Radar,0,26,27,34,87,0,4,0,0,4,0,30,27,34,91,4,26,30,121
03/02/2003,FSM,AR,ASW,CE,Towers with Radar,2,29,28,25,84,0,0,47,23,70,2,29,75,48,154,40,62,102,256
03/03/2003,FSM,AR,ASW,CE,Towers with Radar,0,36,32,43,111,0,2,14,0,16,0,38,46,43,127,0,58,58,185
03/04/2003,FSM,AR,ASW,CE,Towers with Radar,0,34,48,65,147,1,0,12,2,15,1,34,60,67,162,0,78,78,240
03/05/2003,FSM,AR,ASW,CE,Towers with Radar,2,27,44,33,106,0,0,2,0,2,2,27,46,33,108,2,22,24,132
03/06/2003,FSM,AR,ASW,CE,Towers with Radar,0,32,36,37,105,0,0,21,4,25,0,32,57,41,130,24,34,58,188
03/07/2003,FSM,AR,ASW,CE,Towers with Radar,2,26,44,36,108,2,0,19,3,24,4,26,63,39,132,32,18,50,182
03/08/2003,FSM,AR,ASW,CE,Towers with Radar,0,25,23,14,62,0,2,36,6,44,0,27,59,20,106,2,10,12,118
03/09/2003,FSM,AR,ASW,CE,Towers with Radar,0,31,15,9,55,0,6,50,0,56,0,37,65,9,111,38,6,44,155
03/10/2003,FSM,AR,ASW,CE,Towers with Radar,0,32,36,76,144,0,0,20,16,36,0,32,56,92,180,4,92,96,276
03/11/2003,FSM,AR,ASW,CE,Towers with Radar,0,30,34,40,104,1,0,14,0,15,1,30,48,40,119,6,36,42,161
03/12/2003,FSM,AR,ASW,CE,Towers with Radar,0,34,31,25,90,3,0,6,0,9,3,34,37,25,99,0,44,44,143
03/13/2003,FSM,AR,ASW,CE,Towers with Radar,0,32,22,28,82,0,0,15,4,19,0,32,37,32,101,6,4,10,111
03/14/2003,FSM,AR,ASW,CE,Towers with Radar,0,33,45,113,191,0,6,33,0,39,0,39,78,113,230,20,25,45,275
03/15/2003,FSM,AR,ASW,CE,Towers with Radar,1,22,31,12,66,0,6,38,6,50,1,28,69,18,116,28,10,38,154
03/16/2003,FSM,AR,ASW,CE,Towers with Radar,0,28,20,47,95,0,0,39,0,39,0,28,59,47,134,50,26,76,210
03/17/2003,FSM,AR,ASW,CE,Towers with Radar,0,30,54,35,119,0,0,6,16,22,0,30,60,51,141,0,48,48,189
03/18/2003,FSM,AR,ASW,CE,Towers with Radar,0,34,25,9,68,0,0,4,1,5,0,34,29,10,73,0,0,0,73
03/19/2003,FSM,AR,ASW,CE,Towers with Radar,0,34,48,26,108,0,0,9,7,16,0,34,57,33,124,4,54,58,182
03/20/2003,FSM,AR,ASW,CE,Towers with Radar,0,30,47,31,108,0,0,5,0,5,0,30,52,31,113,0,0,0,113
03/21/2003,FSM,AR,ASW,CE,Towers with Radar,0,34,41,25,100,0,0,27,0,27,0,34,68,25,127,12,18,30,157
03/22/2003,FSM,AR,ASW,CE,Towers with Radar,0,25,14,0,39,0,0,33,1,34,0,25,47,1,73,14,0,14,87
03/23/2003,FSM,AR,ASW,CE,Towers with Radar,0,23,25,21,69,0,5,34,0,39,0,28,59,21,108,22,0,22,130
03/24/2003,FSM,AR,ASW,CE,Towers with Radar,0,32,35,34,101,1,0,8,6,15,1,32,43,40,116,10,82,92,208
03/25/2003,FSM,AR,ASW,CE,Towers with Radar,0,28,36,4,68,0,0,1,6,7,0,28,37,10,75,36,2,38,113
03/26/2003,FSM,AR,ASW,CE,Towers with Radar,0,30,40,25,95,1,0,24,0,25,1,30,64,25,120,14,26,40,160
03/27/2003,FSM,AR,ASW,CE,Towers with Radar,0,30,34,34,98,0,0,7,2,9,0,30,41,36,107,2,30,32,139
03/28/2003,FSM,AR,ASW,CE,Towers with Radar,0,30,34,6,70,0,0,4,0,4,0,30,38,6,74,0,0,0,74
03/29/2003,FSM,AR,ASW,CE,Towers with Radar,0,18,19,2,39,1,8,40,0,49,1,26,59,2,88,0,2,2,90
03/30/2003,FSM,AR,ASW,CE,Towers with Radar,0,20,23,10,53,0,5,33,0,38,0,25,56,10,91,10,18,28,119
03/31/2003,FSM,AR,ASW,CE,Towers with Radar,0,35,39,39,113,1,1,20,0,22,1,36,59,39,135,28,34,62,197
04/01/2003,FSM,AR,ASW,CE,Towers with Radar,0,32,30,33,95,1,0,21,10,32,1,32,51,43,127,10,52,62,189
04/02/2003,FSM,AR,ASW,CE,Towers with Radar,0,23,29,22,74,2,0,7,22,31,2,23,36,44,105,20,48,68,173
04/03/2003,FSM,AR,ASW,CE,Towers with Radar,0,29,48,39,116,1,0,7,4,12,1,29,55,43,128,4,30,34,162
04/04/2003,FSM,AR,ASW,CE,Towers with Radar,0,29,38,21,88,0,1,17,6,24,0,30,55,27,112,3,24,27,139
04/05/2003,FSM,AR,ASW,CE,Towers with Radar,0,20,11,24,55,0,0,37,9,46,0,20,48,33,101,38,54,92,193
04/06/2003,FSM,AR,ASW,CE,Towers with Radar,0,18,13,3,34,0,0,0,0,0,0,18,13,3,34,0,0,0,34
04/07/2003,FSM,AR,ASW,CE,Towers with Radar,1,28,35,81,145,1,0,29,0,30,2,28,64,81,175,34,122,156,331
04/08/2003,FSM,AR,ASW,CE,Towers with Radar,0,26,32,97,155,0,0,24,10,34,0,26,56,107,189,0,22,22,211
04/09/2003,FSM,AR,ASW,CE,Towers with Radar,0,21,37,61,119,1,0,42,0,43,1,21,79,61,162,2,32,34,196
04/10/2003,FSM,AR,ASW,CE,Towers with Radar,0,21,33,25,79,1,0,39,0,40,1,21,72,25,119,12,20,32,151
04/11/2003,FSM,AR,ASW,CE,Towers with Radar,0,25,28,33,86,0,1,52,0,53,0,26,80,33,139,16,46,62,201
04/12/2003,FSM,AR,ASW,CE,Towers with Radar,0,23,29,0,52,0,0,48,0,48,0,23,77,0,100,14,0,14,114
04/13/2003,FSM,AR,ASW,CE,Towers with Radar,0,21,17,16,54,0,4,40,5,49,0,25,57,21,103,14,4,18,121
04/14/2003,FSM,AR,ASW,CE,Towers with Radar,0,22,32,40,94,0,6,13,3,22,0,28,45,43,116,0,36,36,152
04/15/2003,FSM,AR,ASW,CE,Towers with Radar,0,24,45,52,121,0,0,10,0,10,0,24,55,52,131,0,46,46,177
04/16/2003,FSM,AR,ASW,CE,Towers with Radar,0,26,32,35,93,0,1,0,13,14,0,27,32,48,107,0,6,6,113
04/17/2003,FSM,AR,ASW,CE,Towers with Radar,0,25,50,37,112,1,0,27,7,35,1,25,77,44,147,42,56,98,245
04/18/2003,FSM,AR,ASW,CE,Towers with Radar,0,24,41,23,88,0,0,9,11,20,0,24,50,34,108,2,22,24,132
04/19/2003,FSM,AR,ASW,CE,Towers with Radar,0,19,8,0,27,0,0,1,0,1,0,19,9,0,28,0,0,0,28
04/20/2003,FSM,AR,ASW,CE,Towers with Radar,0,21,41,0,62,0,3,18,2,23,0,24,59,2,85,24,0,24,109
04/21/2003,FSM,AR,ASW,CE,Towers with Radar,0,28,24,92,144,0,0,20,0,20,0,28,44,92,164,22,156,178,342
04/22/2003,FSM,AR,ASW,CE,Towers with Radar,0,30,57,55,142,0,5,37,4,46,0,35,94,59,188,10,54,64,252
04/23/2003,FSM,AR,ASW,CE,Towers with Radar,0,37,39,10,86,1,0,5,0,6,1,37,44,10,92,2,8,10,102
04/24/2003,FSM,AR,ASW,CE,Towers with Radar,1,30,48,25,104,3,4,0,0,7,4,34,48,25,111,0,18,18,129
04/25/2003,FSM,AR,ASW,CE,Towers with Radar,2,28,67,29,126,0,7,0,0,7,2,35,67,29,133,0,26,26,159
04/26/2003,FSM,AR,ASW,CE,Towers with Radar,1,23,19,35,78,1,0,50,14,65,2,23,69,49,143,24,14,38,181
04/27/2003,FSM,AR,ASW,CE,Towers with Radar,0,23,25,17,65,0,3,42,0,45,0,26,67,17,110,18,22,40,150
04/28/2003,FSM,AR,ASW,CE,Towers with Radar,0,24,28,50,102,0,0,12,0,12,0,24,40,50,114,0,36,36,150
04/29/2003,FSM,AR,ASW,CE,Towers with Radar,0,27,56,39,122,0,0,22,3,25,0,27,78,42,147,8,22,30,177
04/30/2003,FSM,AR,ASW,CE,Towers with Radar,0,30,46,26,102,1,3,24,12,40,1,33,70,38,142,8,20,28,170
05/01/2003,FSM,AR,ASW,CE,Towers with Radar,4,27,42,20,93,0,0,15,1,16,4,27,57,21,109,4,12,16,125
05/02/2003,FSM,AR,ASW,CE,Towers with Radar,0,29,53,23,105,0,0,1,8,9,0,29,54,31,114,28,2,30,144
05/03/2003,FSM,AR,ASW,CE,Towers with Radar,0,21,22,17,60,0,1,17,7,25,0,22,39,24,85,18,32,50,135
05/04/2003,FSM,AR,ASW,CE,Towers with Radar,0,23,16,3,42,0,0,3,0,3,0,23,19,3,45,0,2,2,47
05/05/2003,FSM,AR,ASW,CE,Towers with Radar,0,26,38,31,95,0,3,9,0,12,0,29,47,31,107,10,8,18,125
05/06/2003,FSM,AR,ASW,CE,Towers with Radar,0,28,37,31,96,0,0,10,0,10,0,28,47,31,106,0,22,22,128
05/07/2003,FSM,AR,ASW,CE,Towers with Radar,1,25,32,81,139,1,0,20,0,21,2,25,52,81,160,26,100,126,286
05/08/2003,FSM,AR,ASW,CE,Towers with Radar,0,28,37,22,87,0,0,4,2,6,0,28,41,24,93,0,4,4,97
05/09/2003,FSM,AR,ASW,CE,Towers with Radar,2,28,49,32,111,0,7,5,3,15,2,35,54,35,126,0,0,0,126
05/10/2003,FSM,AR,ASW,CE,Towers with Radar,0,19,13,1,33,0,0,2,1,3,0,19,15,2,36,0,0,0,36
05/11/2003,FSM,AR,ASW,CE,Towers with Radar,0,27,24,8,59,0,3,62,1,66,0,30,86,9,125,14,0,14,139
05/12/2003,FSM,AR,ASW,CE,Towers with Radar,0,26,31,53,110,0,1,31,3,35,0,27,62,56,145,36,32,68,213
05/13/2003,FSM,AR,ASW,CE,Towers with Radar,5,31,52,16,104,2,1,0,0,3,7,32,52,16,107,2,6,8,115
05/14/2003,FSM,AR,ASW,CE,Towers with Radar,1,31,29,39,100,1,3,11,13,28,2,34,40,52,128,2,18,20,148
05/15/2003,FSM,AR,ASW,CE,Towers with Radar,2,30,50,45,127,0,3,26,0,29,2,33,76,45,156,0,24,24,180
05/16/2003,FSM,AR,ASW,CE,Towers with Radar,3,24,24,6,57,2,0,0,3,5,5,24,24,9,62,6,0,6,68
05/17/2003,FSM,AR,ASW,CE,Towers with Radar,0,23,23,0,46,0,0,0,0,0,0,23,23,0,46,2,0,2,48
05/18/2003,FSM,AR,ASW,CE,Towers with Radar,0,20,25,18,63,0,0,20,0,20,0,20,45,18,83,4,0,4,87
05/19/2003,FSM,AR,ASW,CE,Towers with Radar,1,22,38,19,80,1,0,18,0,19,2,22,56,19,99,8,14,22,121
05/20/2003,FSM,AR,ASW,CE,Towers with Radar,0,28,64,68,160,0,0,42,18,60,0,28,106,86,220,28,60,88,308
05/21/2003,FSM,AR,ASW,CE,Towers with Radar,0,30,53,52,135,0,0,28,11,39,0,30,81,63,174,46,19,65,239
05/22/2003,FSM,AR,ASW,CE,Towers with Radar,0,38,61,49,148,0,2,69,22,93,0,40,130,71,241,36,58,94,335
05/23/2003,FSM,AR,ASW,CE,Towers with Radar,3,29,44,13,89,0,5,50,1,56,3,34,94,14,145,46,0,46,191
05/24/2003,FSM,AR,ASW,CE,Towers with Radar,0,21,10,4,35,0,0,17,0,17,0,21,27,4,52,42,0,42,94
05/25/2003,FSM,AR,ASW,CE,Towers with Radar,0,23,20,4,47,0,0,12,0,12,0,23,32,4,59,4,4,8,67
05/26/2003,FSM,AR,ASW,CE,Towers with Radar,0,48,43,13,104,0,0,67,3,70,0,48,110,16,174,62,14,76,250
05/27/2003,FSM,AR,ASW,CE,Towers with Radar,0,46,41,72,159,0,0,44,29,73,0,46,85,101,232,19,26,45,277
05/28/2003,FSM,AR,ASW,CE,Towers with Radar,0,45,62,48,155,0,0,33,31,64,0,45,95,79,219,2,66,68,287
05/29/2003,FSM,AR,ASW,CE,Towers with Radar,0,29,35,30,94,0,1,61,38,100,0,30,96,68,194,12,24,36,230
05/30/2003,FSM,AR,ASW,CE,Towers with Radar,0,26,30,52,108,0,0,44,20,64,0,26,74,72,172,26,38,64,236
05/31/2003,FSM,AR,ASW,CE,Towers with Radar,2,22,15,0,39,0,0,26,0,26,2,22,41,0,65,18,0,18,83
06/01/2003,FSM,AR,ASW,CE,Towers with Radar,0,28,15,11,54,0,1,29,7,37,0,29,44,18,91,28,14,42,133
06/02/2003,FSM,AR,ASW,CE,Towers with Radar,4,26,18,28,76,0,1,8,7,16,4,27,26,35,92,20,6,26,118
06/03/2003,FSM,AR,ASW,CE,Towers with Radar,0,32,48,37,117,0,0,34,37,71,0,32,82,74,188,22,42,64,252
06/04/2003,FSM,AR,ASW,CE,Towers with Radar,3,29,47,90,169,0,0,19,37,56,3,29,66,127,225,2,62,64,289
06/05/2003,FSM,AR,ASW,CE,Towers with Radar,0,33,39,26,98,0,0,10,18,28,0,33,49,44,126,10,6,16,142
06/06/2003,FSM,AR,ASW,CE,Towers with Radar,6,32,43,116,197,0,1,11,11,23,6,33,54,127,220,2,38,40,260
06/07/2003,FSM,AR,ASW,CE,Towers with Radar,0,22,19,21,62,0,0,59,27,86,0,22,78,48,148,6,18,24,172
06/08/2003,FSM,AR,ASW,CE,Towers with Radar,0,22,14,81,117,0,0,33,13,46,0,22,47,94,163,25,32,57,220
06/09/2003,FSM,AR,ASW,CE,Towers with Radar,0,29,50,55,134,0,0,42,18,60,0,29,92,73,194,8,2,10,204
06/10/2003,FSM,AR,ASW,CE,Towers with Radar,0,31,39,47,117,0,0,23,9,32,0,31,62,56,149,6,38,44,193
06/11/2003,FSM,AR,ASW,CE,Towers with Radar,0,30,46,41,117,0,0,8,11,19,0,30,54,52,136,34,40,74,210
06/12/2003,FSM,AR,ASW,CE,Towers with Radar,0,34,56,17,107,0,0,8,7,15,0,34,64,24,122,14,2,16,138
06/13/2003,FSM,AR,ASW,CE,Towers with Radar,0,32,36,18,86,0,1,25,4,30,0,33,61,22,116,42,14,56,172
06/14/2003,FSM,AR,ASW,CE,Towers with Radar,6,21,23,2,52,0,0,18,8,26,6,21,41,10,78,2,0,2,80
06/15/2003,FSM,AR,ASW,CE,Towers with Radar,0,23,14,4,41,0,0,16,4,20,0,23,30,8,61,0,2,2,63
06/16/2003,FSM,AR,ASW,CE,Towers with Radar,2,33,29,22,86,0,0,10,14,24,2,33,39,36,110,0,2,2,112
06/17/2003,FSM,AR,ASW,CE,Towers with Radar,0,41,31,17,89,0,0,4,12,16,0,41,35,29,105,0,6,6,111
06/18/2003,FSM,AR,ASW,CE,Towers with Radar,0,41,35,28,104,0,0,9,7,16,0,41,44,35,120,0,4,4,124
06/19/2003,FSM,AR,ASW,CE,Towers with Radar,0,31,35,30,96,0,1,31,28,60,0,32,66,58,156,18,52,70,226
06/20/2003,FSM,AR,ASW,CE,Towers with Radar,2,36,40,79,157,0,1,32,32,65,2,37,72,111,222,0,56,56,278
06/21/2003,FSM,AR,ASW,CE,Towers with Radar,0,25,19,6,50,0,0,28,1,29,0,25,47,7,79,8,2,10,89
06/22/2003,FSM,AR,ASW,CE,Towers with Radar,0,29,20,39,88,0,1,45,14,60,0,30,65,53,148,50,22,72,220
06/23/2003,FSM,AR,ASW,CE,Towers with Radar,0,32,30,50,112,0,3,30,21,54,0,35,60,71,166,18,44,62,228
06/24/2003,FSM,AR,ASW,CE,Towers with Radar,0,33,51,18,102,0,0,21,11,32,0,33,72,29,134,14,57,71,205
06/25/2003,FSM,AR,ASW,CE,Towers with Radar,0,50,59,90,199,0,0,35,29,64,0,50,94,119,263,38,82,120,383
06/26/2003,FSM,AR,ASW,CE,Towers with Radar,2,34,41,15,92,0,0,6,13,19,2,34,47,28,111,0,4,4,115
06/27/2003,FSM,AR,ASW,CE,Towers with Radar,5,41,40,93,179,0,0,44,27,71,5,41,84,120,250,10,94,104,354
06/28/2003,FSM,AR,ASW,CE,Towers with Radar,3,21,16,0,40,0,0,39,2,41,3,21,55,2,81,26,0,26,107
06/29/2003,FSM,AR,ASW,CE,Towers with Radar,0,25,24,17,66,0,0,88,12,100,0,25,112,29,166,28,14,42,208
06/30/2003,FSM,AR,ASW,CE,Towers with Radar,0,27,20,13,60,0,0,13,6,19,0,27,33,19,79,30,6,36,115
07/01/2003,FSM,AR,ASW,CE,Towers with Radar,2,30,40,89,161,0,0,23,23,46,2,30,63,112,207,36,76,112,319
07/02/2003,FSM,AR,ASW,CE,Towers with Radar,0,28,32,59,119,0,0,57,14,71,0,28,89,73,190,50,46,96,286
07/03/2003,FSM,AR,ASW,CE,Towers with Radar,0,29,32,10,71,0,0,52,3,55,0,29,84,13,126,82,16,98,224
07/04/2003,FSM,AR,ASW,CE,Towers with Radar,0,18,11,1,30,0,0,38,1,39,0,18,49,2,69,8,0,8,77
07/05/2003,FSM,AR,ASW,CE,Towers with Radar,1,16,8,0,25,0,1,23,0,24,1,17,31,0,49,12,0,12,61
07/06/2003,FSM,AR,ASW,CE,Towers with Radar,0,20,20,4,44,0,0,21,0,21,0,20,41,4,65,4,0,4,69
07/07/2003,FSM,AR,ASW,CE,Towers with Radar,0,30,27,80,137,0,0,20,20,40,0,30,47,100,177,22,56,78,255
07/08/2003,FSM,AR,ASW,CE,Towers with Radar,0,28,28,78,134,0,2,25,26,53,0,30,53,104,187,4,108,112,299
07/09/2003,FSM,AR,ASW,CE,Towers with Radar,0,33,34,56,123,0,0,51,20,71,0,33,85,76,194,4,26,30,224
07/10/2003,FSM,AR,ASW,CE,Towers with Radar,0,30,36,40,106,0,0,19,17,36,0,30,55,57,142,12,6,18,160
07/11/2003,FSM,AR,ASW,CE,Towers with Radar,0,27,51,140,218,0,0,55,47,102,0,27,106,187,320,87,104,191,511
07/12/2003,FSM,AR,ASW,CE,Towers with Radar,0,21,6,9,36,0,0,36,1,37,0,21,42,10,73,25,10,35,108
07/13/2003,FSM,AR,ASW,CE,Towers with Radar,0,23,24,22,69,0,0,26,6,32,0,23,50,28,101,0,14,14,115
07/14/2003,FSM,AR,ASW,CE,Towers with Radar,2,30,19,46,97,0,2,33,5,40,2,32,52,51,137,50,30,80,217
07/15/2003,FSM,AR,ASW,CE,Towers with Radar,0,27,32,40,99,0,1,33,20,54,0,28,65,60,153,42,44,86,239
07/16/2003,FSM,AR,ASW,CE,Towers with Radar,0,30,40,63,133,0,1,47,24,72,0,31,87,87,205,16,74,90,295
07/17/2003,FSM,AR,ASW,CE,Towers with Radar,0,37,44,56,137,0,0,57,4,61,0,37,101,60,198,28,28,56,254
07/18/2003,FSM,AR,ASW,CE,Towers with Radar,2,29,29,99,159,0,3,44,53,100,2,32,73,152,259,20,50,70,329
07/19/2003,FSM,AR,ASW,CE,Towers with Radar,0,21,19,3,43,0,0,30,0,30,0,21,49,3,73,30,0,30,103
07/20/2003,FSM,AR,ASW,CE,Towers with Radar,0,25,17,5,47,0,0,57,1,58,0,25,74,6,105,24,0,24,129
07/21/2003,FSM,AR,ASW,CE,Towers with Radar,0,35,34,46,115,0,0,30,21,51,0,35,64,67,166,14,8,22,188
07/22/2003,FSM,AR,ASW,CE,Towers with Radar,0,26,38,19,83,0,0,21,23,44,0,26,59,42,127,18,20,38,165
07/23/2003,FSM,AR,ASW,CE,Towers with Radar,0,28,47,46,121,0,0,45,67,112,0,28,92,113,233,46,74,120,353
07/24/2003,FSM,AR,ASW,CE,Towers with Radar,0,33,45,74,152,0,0,34,29,63,0,33,79,103,215,4,86,90,305
07/25/2003,FSM,AR,ASW,CE,Towers with Radar,0,28,37,70,135,0,0,52,35,87,0,28,89,105,222,20,68,88,310
07/26/2003,FSM,AR,ASW,CE,Towers with Radar,0,21,19,10,50,0,0,47,3,50,0,21,66,13,100,8,0,8,108
07/27/2003,FSM,AR,ASW,CE,Towers with Radar,0,24,27,24,75,0,0,46,1,47,0,24,73,25,122,34,0,34,156
07/28/2003,FSM,AR,ASW,CE,Towers with Radar,0,31,16,52,99,0,1,41,41,83,0,32,57,93,182,2,44,46,228
07/29/2003,FSM,AR,ASW,CE,Towers with Radar,1,45,53,47,146,0,0,25,27,52,1,45,78,74,198,24,62,86,284
07/30/2003,FSM,AR,ASW,CE,Towers with Radar,0,31,34,47,112,0,1,20,6,27,0,32,54,53,139,60,58,118,257
07/31/2003,FSM,AR,ASW,CE,Towers with Radar,0,33,34,72,139,0,0,48,24,72,0,33,82,96,211,2,60,62,273
08/01/2003,FSM,AR,ASW,CE,Towers with Radar,0,32,21,56,109,0,5,15,12,32,0,37,36,68,141,2,16,18,159
08/02/2003,FSM,AR,ASW,CE,Towers with Radar,0,22,9,0,31,0,0,22,0,22,0,22,31,0,53,6,0,6,59
08/03/2003,FSM,AR,ASW,CE,Towers with Radar,0,21,21,2,44,0,0,25,0,25,0,21,46,2,69,8,2,10,79
08/04/2003,FSM,AR,ASW,CE,Towers with Radar,0,33,33,22,88,0,0,19,6,25,0,33,52,28,113,2,0,2,115
08/05/2003,FSM,AR,ASW,CE,Towers with Radar,0,34,37,24,95,0,0,25,12,37,0,34,62,36,132,47,46,93,225
08/06/2003,FSM,AR,ASW,CE,Towers with Radar,2,32,33,38,105,0,0,49,41,90,2,32,82,79,195,38,114,152,347
08/07/2003,FSM,AR,ASW,CE,Towers with Radar,0,28,31,62,121,0,2,18,33,53,0,30,49,95,174,0,46,46,220
08/08/2003,FSM,AR,ASW,CE,Towers with Radar,2,28,26,78,134,0,1,28,44,73,2,29,54,122,207,16,16,32,239
08/09/2003,FSM,AR,ASW,CE,Towers with Radar,0,21,16,32,69,0,0,47,26,73,0,21,63,58,142,14,36,50,192
08/10/2003,FSM,AR,ASW,CE,Towers with Radar,2,25,16,6,49,0,0,66,0,66,2,25,82,6,115,74,0,74,189
08/11/2003,FSM,AR,ASW,CE,Towers with Radar,7,46,42,33,128,0,0,19,7,26,7,46,61,40,154,30,10,40,194
08/12/2003,FSM,AR,ASW,CE,Towers with Radar,0,32,54,33,119,0,0,22,22,44,0,32,76,55,163,16,74,90,253
08/13/2003,FSM,AR,ASW,CE,Towers with Radar,0,33,41,78,152,0,0,8,16,24,0,33,49,94,176,18,38,56,232
08/14/2003,FSM,AR,ASW,CE,Towers with Radar,0,35,44,30,109,0,2,29,1,32,0,37,73,31,141,8,10,18,159
08/15/2003,FSM,AR,ASW,CE,Towers with Radar,4,33,49,63,149,0,0,40,8,48,4,33,89,71,197,16,16,32,229
08/16/2003,FSM,AR,ASW,CE,Towers with Radar,4,20,10,10,44,0,0,34,1,35,4,20,44,11,79,46,10,56,135
08/17/2003,FSM,AR,ASW,CE,Towers with Radar,2,30,10,22,64,0,0,34,6,40,2,30,44,28,104,20,16,36,140
08/18/2003,FSM,AR,ASW,CE,Towers with Radar,2,36,22,44,104,0,1,29,24,54,2,37,51,68,158,34,40,74,232
08/19/2003,FSM,AR,ASW,CE,Towers with Radar,0,30,38,64,132,0,0,39,16,55,0,30,77,80,187,28,70,98,285
08/20/2003,FSM,AR,ASW,CE,Towers with Radar,0,36,56,40,132,0,1,45,31,77,0,37,101,71,209,24,60,84,293
08/21/2003,FSM,AR,ASW,CE,Towers with Radar,2,38,47,40,127,0,0,37,34,71,2,38,84,74,198,15,36,51,249
08/22/2003,FSM,AR,ASW,CE,Towers with Radar,0,32,28,54,114,0,3,22,15,40,0,35,50,69,154,10,32,42,196
08/23/2003,FSM,AR,ASW,CE,Towers with Radar,2,19,12,9,42,0,0,35,0,35,2,19,47,9,77,34,2,36,113
08/24/2003,FSM,AR,ASW,CE,Towers with Radar,2,26,8,54,90,0,0,40,2,42,2,26,48,56,132,32,0,32,164
08/25/2003,FSM,AR,ASW,CE,Towers with Radar,0,40,36,88,164,0,0,22,18,40,0,40,58,106,204,0,78,78,282
08/26/2003,FSM,AR,ASW,CE,Towers with Radar,5,31,44,76,156,0,0,28,37,65,5,31,72,113,221,2,42,44,265
08/27/2003,FSM,AR,ASW,CE,Towers with Radar,2,29,25,48,104,0,0,13,14,27,2,29,38,62,131,8,28,36,167
08/28/2003,FSM,AR,ASW,CE,Towers with Radar,2,33,41,43,119,0,0,29,8,37,2,33,70,51,156,10,28,38,194
08/29/2003,FSM,AR,ASW,CE,Towers with Radar,0,25,47,7,79,0,0,11,1,12,0,25,58,8,91,8,0,8,99
08/30/2003,FSM,AR,ASW,CE,Towers with Radar,2,17,18,0,37,0,0,12,0,12,2,17,30,0,49,14,0,14,63
08/31/2003,FSM,AR,ASW,CE,Towers with Radar,1,22,31,2,56,0,0,18,0,18,1,22,49,2,74,6,4,10,84
09/01/2003,FSM,AR,ASW,CE,Towers with Radar,0,27,22,2,51,0,0,9,0,9,0,27,31,2,60,10,0,10,70
09/02/2003,FSM,AR,ASW,CE,Towers with Radar,5,24,33,37,99,0,0,2,0,2,5,24,35,37,101,2,0,2,103
09/03/2003,FSM,AR,ASW,CE,Towers with Radar,0,28,32,38,98,0,0,5,3,8,0,28,37,41,106,0,36,36,142
09/04/2003,FSM,AR,ASW,CE,Towers with Radar,0,25,46,14,85,0,2,71,9,82,0,27,117,23,167,72,8,80,247
09/05/2003,FSM,AR,ASW,CE,Towers with Radar,0,29,44,62,135,0,4,57,16,77,0,33,101,78,212,70,34,104,316
09/06/2003,FSM,AR,ASW,CE,Towers with Radar,2,19,26,42,89,0,0,62,22,84,2,19,88,64,173,52,22,74,247
09/07/2003,FSM,AR,ASW,CE,Towers with Radar,4,21,20,35,80,0,0,52,10,62,4,21,72,45,142,16,28,44,186
09/08/2003,FSM,AR,ASW,CE,Towers with Radar,4,26,30,72,132,0,0,15,22,37,4,26,45,94,169,2,72,74,243
09/09/2003,FSM,AR,ASW,CE,Towers with Radar,0,30,43,54,127,0,0,22,18,40,0,30,65,72,167,12,44,56,223
09/10/2003,FSM,AR,ASW,CE,Towers with Radar,1,28,37,37,103,0,0,45,24,69,1,28,82,61,172,0,30,30,202
09/11/2003,FSM,AR,ASW,CE,Towers with Radar,2,17,37,11,67,0,0,15,3,18,2,17,52,14,85,6,0,6,91
09/12/2003,FSM,AR,ASW,CE,Towers with Radar,0,31,29,13,73,0,0,0,0,0,0,31,29,13,73,0,0,0,73
09/13/2003,FSM,AR,ASW,CE,Towers with Radar,3,19,26,0,48,0,0,29,0,29,3,19,55,0,77,22,0,22,99
09/14/2003,FSM,AR,ASW,CE,Towers with Radar,0,24,20,24,68,0,0,94,2,96,0,24,114,26,164,72,10,82,246
09/15/2003,FSM,AR,ASW,CE,Towers with Radar,4,23,26,43,96,0,0,37,22,59,4,23,63,65,155,64,59,123,278
09/16/2003,FSM,AR,ASW,CE,Towers with Radar,4,29,44,29,106,0,0,38,17,55,4,29,82,46,161,26,32,58,219
09/17/2003,FSM,AR,ASW,CE,Towers with Radar,0,30,59,91,180,0,1,58,18,77,0,31,117,109,257,54,46,100,357
09/18/2003,FSM,AR,ASW,CE,Towers with Radar,5,30,35,41,111,0,0,29,26,55,5,30,64,67,166,0,24,24,190
09/19/2003,FSM,AR,ASW,CE,Towers with Radar,6,21,48,48,123,0,0,53,10,63,6,21,101,58,186,20,34,54,240
09/20/2003,FSM,AR,ASW,CE,Towers with Radar,0,17,29,8,54,0,0,48,0,48,0,17,77,8,102,52,4,56,158
09/21/2003,FSM,AR,ASW,CE,Towers with Radar,0,25,29,14,68,0,1,50,6,57,0,26,79,20,125,118,8,126,251
09/22/2003,FSM,AR,ASW,CE,Towers with Radar,5,25,28,82,140,0,0,29,16,45,5,25,57,98,185,12,16,28,213
09/23/2003,FSM,AR,ASW,CE,Towers with Radar,7,30,35,50,122,0,2,46,12,60,7,32,81,62,182,20,40,60,242
09/24/2003,FSM,AR,ASW,CE,Towers with Radar,0,23,54,65,142,0,8,45,29,82,0,31,99,94,224,10,63,73,297
09/25/2003,FSM,AR,ASW,CE,Towers with Radar,4,34,52,59,149,0,1,27,21,49,4,35,79,80,198,28,66,94,292
09/26/2003,FSM,AR,ASW,CE,Towers with Radar,4,29,19,20,72,0,1,32,5,38,4,30,51,25,110,14,24,38,148
09/27/2003,FSM,AR,ASW,CE,Towers with Radar,3,12,12,2,29,0,0,47,0,47,3,12,59,2,76,36,0,36,112
09/28/2003,FSM,AR,ASW,CE,Towers with Radar,0,22,23,5,50,0,0,73,0,73,0,22,96,5,123,24,0,24,147
09/29/2003,FSM,AR,ASW,CE,Towers with Radar,0,26,24,2,52,0,0,20,4,24,0,26,44,6,76,0,4,4,80
09/30/2003,FSM,AR,ASW,CE,Towers with Radar,0,27,29,1,57,0,0,20,0,20,0,27,49,1,77,34,0,34,111
10/01/2003,FSM,AR,ASW,CE,Towers with Radar,4,27,32,69,132,0,0,37,14,51,4,27,69,83,183,48,36,84,267
10/02/2003,FSM,AR,ASW,CE,Towers with Radar,1,24,38,61,124,0,0,45,38,83,1,24,83,99,207,14,102,116,323
10/03/2003,FSM,AR,ASW,CE,Towers with Radar,0,23,48,21,92,0,0,20,12,32,0,23,68,33,124,18,13,31,155
10/04/2003,FSM,AR,ASW,CE,Towers with Radar,2,18,17,11,48,0,0,56,2,58,2,18,73,13,106,20,14,34,140
10/05/2003,FSM,AR,ASW,CE,Towers with Radar,1,22,30,6,59,0,0,7,0,7,1,22,37,6,66,0,0,0,66
10/06/2003,FSM,AR,ASW,CE,Towers with Radar,1,23,24,68,116,0,0,12,14,26,1,23,36,82,142,0,18,18,160
10/07/2003,FSM,AR,ASW,CE,Towers with Radar,7,29,53,64,153,0,0,33,16,49,7,29,86,80,202,28,56,84,286
10/08/2003,FSM,AR,ASW,CE,Towers with Radar,0,26,49,37,112,0,0,29,16,45,0,26,78,53,157,26,16,42,199
10/09/2003,FSM,AR,ASW,CE,Towers with Radar,0,26,41,12,79,0,0,6,5,11,0,26,47,17,90,0,32,32,122
10/10/2003,FSM,AR,ASW,CE,Towers with Radar,2,30,45,30,107,0,0,52,8,60,2,30,97,38,167,30,80,110,277
10/11/2003,FSM,AR,ASW,CE,Towers with Radar,1,14,22,0,37,0,0,23,2,25,1,14,45,2,62,0,0,0,62
10/12/2003,FSM,AR,ASW,CE,Towers with Radar,0,19,15,2,36,0,0,59,4,63,0,19,74,6,99,6,0,6,105
10/13/2003,FSM,AR,ASW,CE,Towers with Radar,3,28,40,16,87,0,0,17,5,22,3,28,57,21,109,18,16,34,143
10/14/2003,FSM,AR,ASW,CE,Towers with Radar,2,41,52,80,175,0,0,20,16,36,2,41,72,96,211,20,78,98,309
10/15/2003,FSM,AR,ASW,CE,Towers with Radar,0,28,47,70,145,0,1,65,2,68,0,29,112,72,213,50,0,50,263
10/16/2003,FSM,AR,ASW,CE,Towers with Radar,1,39,34,48,122,0,6,61,13,80,1,45,95,61,202,24,26,50,252
10/17/2003,FSM,AR,ASW,CE,Towers with Radar,2,36,40,25,103,0,7,37,5,49,2,43,77,30,152,22,0,22,174
10/18/2003,FSM,AR,ASW,CE,Towers with Radar,0,25,42,5,72,0,1,77,0,78,0,26,119,5,150,78,0,78,228
10/19/2003,FSM,AR,ASW,CE,Towers with Radar,0,31,16,24,71,0,3,68,13,84,0,34,84,37,155,30,6,36,191
10/20/2003,FSM,AR,ASW,CE,Towers with Radar,0,56,31,55,142,0,6,35,8,49,0,62,66,63,191,50,82,132,323
10/21/2003,FSM,AR,ASW,CE,Towers with Radar,2,48,36,29,115,0,0,50,3,53,2,48,86,32,168,26,22,48,216
10/22/2003,FSM,AR,ASW,CE,Towers with Radar,0,31,38,58,127,0,0,31,3,34,0,31,69,61,161,48,146,194,355
10/23/2003,FSM,AR,ASW,CE,Towers with Radar,2,38,45,54,139,0,2,46,14,62,2,40,91,68,201,26,60,86,287
10/24/2003,FSM,AR,ASW,CE,Towers with Radar,4,19,39,64,126,0,0,27,8,35,4,19,66,72,161,28,88,116,277
10/25/2003,FSM,AR,ASW,CE,Towers with Radar,0,17,18,9,44,0,0,8,0,8,0,17,26,9,52,16,24,40,92
10/26/2003,FSM,AR,ASW,CE,Towers with Radar,1,21,15,31,68,0,0,23,1,24,1,21,38,32,92,16,14,30,122
10/27/2003,FSM,AR,ASW,CE,Towers with Radar,2,26,23,64,115,0,0,30,6,36,2,26,53,70,151,32,16,48,199
10/28/2003,FSM,AR,ASW,CE,Towers with Radar,0,31,55,58,144,0,1,29,13,43,0,32,84,71,187,40,98,138,325
10/29/2003,FSM,AR,ASW,CE,Towers with Radar,5,32,51,70,158,0,1,38,8,47,5,33,89,78,205,2,22,24,229
10/30/2003,FSM,AR,ASW,CE,Towers with Radar,1,23,49,50,123,0,0,15,3,18,1,23,64,53,141,0,8,8,149
10/31/2003,FSM,AR,ASW,CE,Towers with Radar,4,26,34,57,121,0,0,14,2,16,4,26,48,59,137,14,60,74,211
11/01/2003,FSM,AR,ASW,CE,Towers with Radar,9,12,20,15,56,0,0,42,10,52,9,12,62,25,108,4,18,22,130
11/02/2003,FSM,AR,ASW,CE,Towers with Radar,0,18,22,14,54,0,0,27,1,28,0,18,49,15,82,2,4,6,88
11/03/2003,FSM,AR,ASW,CE,Towers with Radar,2,41,25,63,131,0,0,24,14,38,2,41,49,77,169,42,52,94,263
11/04/2003,FSM,AR,ASW,CE,Towers with Radar,2,15,39,111,167,0,0,9,7,16,2,15,48,118,183,0,40,40,223
11/05/2003,FSM,AR,ASW,CE,Towers with Radar,4,26,46,16,92,0,0,1,0,1,4,26,47,16,93,0,0,0,93
11/06/2003,FSM,AR,ASW,CE,Towers with Radar,4,17,54,23,98,0,0,0,0,0,4,17,54,23,98,0,0,0,98
11/07/2003,FSM,AR,ASW,CE,Towers with Radar,0,18,44,10,72,0,0,1,0,1,0,18,45,10,73,0,0,0,73
11/08/2003,FSM,AR,ASW,CE,Towers with Radar,2,16,13,0,31,0,0,14,0,14,2,16,27,0,45,0,0,0,45
11/09/2003,FSM,AR,ASW,CE,Towers with Radar,0,16,25,7,48,0,0,13,0,13,0,16,38,7,61,18,0,18,79
11/10/2003,FSM,AR,ASW,CE,Towers with Radar,0,19,23,43,85,0,0,4,6,10,0,19,27,49,95,8,58,66,161
11/11/2003,FSM,AR,ASW,CE,Towers with Radar,1,22,41,2,66,0,0,14,0,14,1,22,55,2,80,6,0,6,86
11/12/2003,FSM,AR,ASW,CE,Towers with Radar,0,18,43,42,103,1,4,21,14,40,1,22,64,56,143,12,50,62,205
11/13/2003,FSM,AR,ASW,CE,Towers with Radar,2,16,38,105,161,0,0,27,10,37,2,16,65,115,198,22,36,58,256
11/14/2003,FSM,AR,ASW,CE,Towers with Radar,1,18,38,20,77,0,0,18,0,18,1,18,56,20,95,0,0,0,95
11/15/2003,FSM,AR,ASW,CE,Towers with Radar,0,16,30,1,47,0,0,0,0,0,0,16,30,1,47,0,0,0,47
11/16/2003,FSM,AR,ASW,CE,Towers with Radar,2,12,32,25,71,0,0,18,0,18,2,12,50,25,89,4,10,14,103
11/17/2003,FSM,AR,ASW,CE,Towers with Radar,0,12,14,0,26,0,0,0,0,0,0,12,14,0,26,0,0,0,26
11/18/2003,FSM,AR,ASW,CE,Towers with Radar,3,21,35,6,65,0,0,3,4,7,3,21,38,10,72,0,0,0,72
11/19/2003,FSM,AR,ASW,CE,Towers with Radar,0,21,29,115,165,0,0,45,14,59,0,21,74,129,224,14,86,100,324
11/20/2003,FSM,AR,ASW,CE,Towers with Radar,4,40,44,41,129,0,0,42,20,62,4,40,86,61,191,6,60,66,257
11/21/2003,FSM,AR,ASW,CE,Towers with Radar,1,19,30,68,118,0,0,43,9,52,1,19,73,77,170,26,98,124,294
11/22/2003,FSM,AR,ASW,CE,Towers with Radar,3,14,7,11,35,0,1,21,2,24,3,15,28,13,59,10,10,20,79
11/23/2003,FSM,AR,ASW,CE,Towers with Radar,2,17,16,8,43,0,2,3,0,5,2,19,19,8,48,0,0,0,48
11/24/2003,FSM,AR,ASW,CE,Towers with Radar,0,27,30,53,110,0,0,21,4,25,0,27,51,57,135,52,88,140,275
11/25/2003,FSM,AR,ASW,CE,Towers with Radar,2,26,21,68,117,0,0,35,31,66,2,26,56,99,183,36,140,176,359
11/26/2003,FSM,AR,ASW,CE,Towers with Radar,1,28,54,30,113,0,1,14,2,17,1,29,68,32,130,42,8,50,180
11/27/2003,FSM,AR,ASW,CE,Towers with Radar,1,14,15,0,30,0,0,1,0,1,1,14,16,0,31,0,0,0,31
11/28/2003,FSM,AR,ASW,CE,Towers with Radar,0,14,18,2,34,0,0,35,0,35,0,14,53,2,69,18,0,18,87
11/29/2003,FSM,AR,ASW,CE,Towers with Radar,9,11,14,0,34,0,4,26,0,30,9,15,40,0,64,0,0,0,64
11/30/2003,FSM,AR,ASW,CE,Towers with Radar,1,16,23,1,41,0,0,28,1,29,1,16,51,2,70,0,0,0,70
12/01/2003,FSM,AR,ASW,CE,Towers with Radar,0,16,16,29,61,0,0,28,12,40,0,16,44,41,101,30,32,62,163
12/02/2003,FSM,AR,ASW,CE,Towers with Radar,1,31,38,47,117,0,0,29,24,53,1,31,67,71,170,10,34,44,214
12/03/2003,FSM,AR,ASW,CE,Towers with Radar,0,58,52,28,138,0,0,2,4,6,0,58,54,32,144,2,28,30,174
12/04/2003,FSM,AR,ASW,CE,Towers with Radar,0,21,51,54,126,0,0,19,20,39,0,21,70,74,165,32,18,50,215
12/05/2003,FSM,AR,ASW,CE,Towers with Radar,2,27,43,37,109,0,0,17,10,27,2,27,60,47,136,18,42,60,196
12/06/2003,FSM,AR,ASW,CE,Towers with Radar,1,30,25,46,102,0,1,47,6,54,1,31,72,52,156,48,22,70,226
12/07/2003,FSM,AR,ASW,CE,Towers with Radar,0,19,20,21,60,0,0,26,4,30,0,19,46,25,90,1,22,23,113
12/08/2003,FSM,AR,ASW,CE,Towers with Radar,0,20,32,45,97,0,0,16,22,38,0,20,48,67,135,8,48,56,191
12/09/2003,FSM,AR,ASW,CE,Towers with Radar,3,20,29,4,56,0,0,1,0,1,3,20,30,4,57,0,16,16,73
12/10/2003,FSM,AR,ASW,CE,Towers with Radar,3,26,31,46,106,0,3,9,4,16,3,29,40,50,122,0,26,26,148
12/11/2003,FSM,AR,ASW,CE,Towers with Radar,0,20,44,109,173,0,0,40,6,46,0,20,84,115,219,42,84,126,345
12/12/2003,FSM,AR,ASW,CE,Towers with Radar,5,27,32,29,93,0,0,19,4,23,5,27,51,33,116,6,14,20,136
12/13/2003,FSM,AR,ASW,CE,Towers with Radar,0,16,10,1,27,0,0,0,0,0,0,16,10,1,27,0,0,0,27
12/14/2003,FSM,AR,ASW,CE,Towers with Radar,0,18,9,41,68,0,0,24,4,28,0,18,33,45,96,16,28,44,140
12/15/2003,FSM,AR,ASW,CE,Towers with Radar,1,25,26,56,108,0,0,11,4,15,1,25,37,60,123,6,28,34,157
12/16/2003,FSM,AR,ASW,CE,Towers with Radar,0,14,39,41,94,0,7,4,4,15,0,21,43,45,109,0,2,2,111
12/17/2003,FSM,AR,ASW,CE,Towers with Radar,11,17,48,46,122,0,0,28,7,35,11,17,76,53,157,6,12,18,175
12/18/2003,FSM,AR,ASW,CE,Towers with Radar,0,17,40,48,105,0,0,21,8,29,0,17,61,56,134,4,16,20,154
12/19/2003,FSM,AR,ASW,CE,Towers with Radar,0,23,31,25,79,0,0,53,30,83,0,23,84,55,162,0,8,8,170
12/20/2003,FSM,AR,ASW,CE,Towers with Radar,0,16,9,2,27,0,0,54,0,54,0,16,63,2,81,22,6,28,109
12/21/2003,FSM,AR,ASW,CE,Towers with Radar,2,18,14,12,46,0,0,13,2,15,2,18,27,14,61,12,8,20,81
12/22/2003,FSM,AR,ASW,CE,Towers with Radar,0,18,17,29,64,0,1,3,4,8,0,19,20,33,72,0,20,20,92
12/23/2003,FSM,AR,ASW,CE,Towers with Radar,2,17,27,19,65,0,0,27,10,37,2,17,54,29,102,10,20,30,132
12/24/2003,FSM,AR,ASW,CE,Towers with Radar,6,12,23,0,41,0,1,36,0,37,6,13,59,0,78,0,0,0,78
12/25/2003,FSM,AR,ASW,CE,Towers with Radar,0,14,2,0,16,0,0,28,0,28,0,14,30,0,44,70,0,70,114
12/26/2003,FSM,AR,ASW,CE,Towers with Radar,0,20,27,0,47,0,0,29,0,29,0,20,56,0,76,82,0,82,158
12/27/2003,FSM,AR,ASW,CE,Towers with Radar,4,12,20,0,36,0,0,9,0,9,4,12,29,0,45,40,0,40,85
12/28/2003,FSM,AR,ASW,CE,Towers with Radar,0,20,22,0,42,0,0,11,0,11,0,20,33,0,53,0,0,0,53
12/29/2003,FSM,AR,ASW,CE,Towers with Radar,0,19,20,14,53,0,0,51,21,72,0,19,71,35,125,44,28,72,197
12/30/2003,FSM,AR,ASW,CE,Towers with Radar,0,25,37,25,87,0,0,40,14,54,0,25,77,39,141,10,32,42,183
12/31/2003,FSM,AR,ASW,CE,Towers with Radar,2,18,18,4,42,0,0,46,0,46,2,18,64,4,88,20,6,26,114
01/01/2004,FSM,AR,ASW,CE,Towers with Radar,0,14,15,0,29,0,1,1,0,2,0,15,16,0,31,0,0,0,31
01/02/2004,FSM,AR,ASW,CE,Towers with Radar,1,20,14,0,35,0,0,14,0,14,1,20,28,0,49,0,0,0,49
01/03/2004,FSM,AR,ASW,CE,Towers with Radar,0,13,13,0,26,0,1,21,0,22,0,14,34,0,48,58,0,58,106
01/04/2004,FSM,AR,ASW,CE,Towers with Radar,0,24,18,0,42,0,0,1,0,1,0,24,19,0,43,0,0,0,43
01/05/2004,FSM,AR,ASW,CE,Towers with Radar,0,20,22,26,68,0,0,6,2,8,0,20,28,28,76,14,12,26,102
01/06/2004,FSM,AR,ASW,CE,Towers with Radar,0,17,39,42,98,0,0,26,3,29,0,17,65,45,127,0,62,62,189
01/07/2004,FSM,AR,ASW,CE,Towers with Radar,0,16,28,61,105,0,0,20,7,27,0,16,48,68,132,0,47,47,179
01/08/2004,FSM,AR,ASW,CE,Towers with Radar,0,21,30,83,134,0,0,2,6,8,0,21,32,89,142,0,20,20,162
01/09/2004,FSM,AR,ASW,CE,Towers with Radar,0,17,25,102,144,0,2,30,21,53,0,19,55,123,197,16,92,108,305
01/10/2004,FSM,AR,ASW,CE,Towers with Radar,1,13,10,25,49,0,0,41,27,68,1,13,51,52,117,46,40,86,203
01/11/2004,FSM,AR,ASW,CE,Towers with Radar,0,17,12,26,55,0,0,46,8,54,0,17,58,34,109,32,8,40,149
01/12/2004,FSM,AR,ASW,CE,Towers with Radar,1,20,27,54,102,0,0,24,6,30,1,20,51,60,132,26,40,66,198
01/13/2004,FSM,AR,ASW,CE,Towers with Radar,4,19,40,23,86,0,1,3,0,4,4,20,43,23,90,0,0,0,90
01/14/2004,FSM,AR,ASW,CE,Towers with Radar,0,19,37,54,110,0,0,2,5,7,0,19,39,59,117,0,12,12,129
01/15/2004,FSM,AR,ASW,CE,Towers with Radar,0,23,37,36,96,0,2,46,19,67,0,25,83,55,163,46,26,72,235
01/16/2004,FSM,AR,ASW,CE,Towers with Radar,0,19,30,11,60,0,0,0,0,0,0,19,30,11,60,0,0,0,60
01/17/2004,FSM,AR,ASW,CE,Towers with Radar,2,12,21,0,35,0,0,0,0,0,2,12,21,0,35,0,0,0,35
01/18/2004,FSM,AR,ASW,CE,Towers with Radar,0,19,14,3,36,0,0,9,0,9,0,19,23,3,45,6,0,6,51
01/19/2004,FSM,AR,ASW,CE,Towers with Radar,0,18,17,2,37,0,0,42,2,44,0,18,59,4,81,60,0,60,141
01/20/2004,FSM,AR,ASW,CE,Towers with Radar,0,23,31,71,125,0,0,35,5,40,0,23,66,76,165,26,48,74,239
01/21/2004,FSM,AR,ASW,CE,Towers with Radar,2,19,30,82,133,0,2,23,24,49,2,21,53,106,182,32,94,126,308
01/22/2004,FSM,AR,ASW,CE,Towers with Radar,0,26,43,104,173,0,0,28,6,34,0,26,71,110,207,36,76,112,319
01/23/2004,FSM,AR,ASW,CE,Towers with Radar,0,27,28,69,124,0,0,21,2,23,0,27,49,71,147,4,28,32,179
01/24/2004,FSM,AR,ASW,CE,Towers with Radar,1,21,19,3,44,0,0,14,0,14,1,21,33,3,58,20,0,20,78
01/25/2004,FSM,AR,ASW,CE,Towers with Radar,0,16,16,9,41,0,0,0,0,0,0,16,16,9,41,0,0,0,41
01/26/2004,FSM,AR,ASW,CE,Towers with Radar,0,16,15,23,54,0,2,5,0,7,0,18,20,23,61,0,2,2,63
01/27/2004,FSM,AR,ASW,CE,Towers with Radar,1,20,22,59,102,0,0,15,7,22,1,20,37,66,124,8,136,144,268
01/28/2004,FSM,AR,ASW,CE,Towers with Radar,0,26,23,57,106,0,0,11,18,29,0,26,34,75,135,26,24,50,185
01/29/2004,FSM,AR,ASW,CE,Towers with Radar,0,22,25,49,96,0,1,12,20,33,0,23,37,69,129,28,56,84,213
01/30/2004,FSM,AR,ASW,CE,Towers with Radar,2,20,54,57,133,0,0,3,0,3,2,20,57,57,136,0,0,0,136
01/31/2004,FSM,AR,ASW,CE,Towers with Radar,0,18,12,10,40,0,0,12,0,12,0,18,24,10,52,12,0,12,64
02/01/2004,FSM,AR,ASW,CE,Towers with Radar,0,13,10,4,27,0,0,12,4,16,0,13,22,8,43,0,26,26,69
02/02/2004,FSM,AR,ASW,CE,Towers with Radar,0,15,12,34,61,0,0,2,2,4,0,15,14,36,65,0,30,30,95
02/03/2004,FSM,AR,ASW,CE,Towers with Radar,0,19,40,87,146,0,0,39,15,54,0,19,79,102,200,16,64,80,280
02/04/2004,FSM,AR,ASW,CE,Towers with Radar,0,16,28,3,47,0,0,1,4,5,0,16,29,7,52,0,6,6,58
02/05/2004,FSM,AR,ASW,CE,Towers with Radar,1,14,24,1,40,0,0,0,0,0,1,14,24,1,40,0,0,0,40
02/06/2004,FSM,AR,ASW,CE,Towers with Radar,0,19,36,75,130,0,0,6,12,18,0,19,42,87,148,16,66,82,230
02/07/2004,FSM,AR,ASW,CE,Towers with Radar,0,15,14,24,53,0,0,41,16,57,0,15,55,40,110,18,8,26,136
02/08/2004,FSM,AR,ASW,CE,Towers with Radar,2,19,21,29,71,0,0,26,7,33,2,19,47,36,104,12,12,24,128
02/09/2004,FSM,AR,ASW,CE,Towers with Radar,0,14,28,0,42,0,0,0,0,0,0,14,28,0,42,6,0,6,48
02/10/2004,FSM,AR,ASW,CE,Towers with Radar,0,18,56,86,160,0,0,22,11,33,0,18,78,97,193,36,30,66,259
02/11/2004,FSM,AR,ASW,CE,Towers with Radar,0,15,39,54,108,0,0,0,1,1,0,15,39,55,109,0,34,34,143
02/12/2004,FSM,AR,ASW,CE,Towers with Radar,1,19,49,138,207,0,0,30,50,80,1,19,79,188,287,6,110,116,403
02/13/2004,FSM,AR,ASW,CE,Towers with Radar,0,24,46,71,141,0,0,29,14,43,0,24,75,85,184,0,46,46,230
02/14/2004,FSM,AR,ASW,CE,Towers with Radar,1,14,38,0,53,0,0,19,0,19,1,14,57,0,72,14,0,14,86
02/15/2004,FSM,AR,ASW,CE,Towers with Radar,0,12,15,3,30,0,0,56,0,56,0,12,71,3,86,42,0,42,128
02/16/2004,FSM,AR,ASW,CE,Towers with Radar,0,18,43,2,63,0,0,32,0,32,0,18,75,2,95,38,0,38,133
02/17/2004,FSM,AR,ASW,CE,Towers with Radar,0,16,43,49,108,0,0,24,15,39,0,16,67,64,147,40,44,84,231
02/18/2004,FSM,AR,ASW,CE,Towers with Radar,0,14,43,111,168,0,1,44,25,70,0,15,87,136,238,28,24,52,290
02/19/2004,FSM,AR,ASW,CE,Towers with Radar,0,20,47,42,109,0,0,40,9,49,0,20,87,51,158,4,42,46,204
02/20/2004,FSM,AR,ASW,CE,Towers with Radar,2,18,44,41,105,0,2,23,15,40,2,20,67,56,145,24,32,56,201
02/21/2004,FSM,AR,ASW,CE,Towers with Radar,0,14,21,12,47,0,8,64,2,74,0,22,85,14,121,42,18,60,181
02/22/2004,FSM,AR,ASW,CE,Towers with Radar,0,13,15,73,101,0,0,46,9,55,0,13,61,82,156,24,10,34,190
02/23/2004,FSM,AR,ASW,CE,Towers with Radar,1,17,26,63,107,0,1,6,2,9,1,18,32,65,116,0,50,50,166
02/24/2004,FSM,AR,ASW,CE,Towers with Radar,1,16,32,76,125,0,0,21,21,42,1,16,53,97,167,28,90,118,285
02/25/2004,FSM,AR,ASW,CE,Towers with Radar,1,17,35,121,174,0,0,25,12,37,1,17,60,133,211,24,76,100,311
02/26/2004,FSM,AR,ASW,CE,Towers with Radar,1,24,39,75,139,0,4,30,26,60,1,28,69,101,199,22,74,96,295
02/27/2004,FSM,AR,ASW,CE,Towers with Radar,3,16,27,97,143,0,0,40,11,51,3,16,67,108,194,40,68,108,302
02/28/2004,FSM,AR,ASW,CE,Towers with Radar,1,13,23,11,48,0,1,56,1,58,1,14,79,12,106,78,24,102,208
02/29/2004,FSM,AR,ASW,CE,Towers with Radar,0,12,17,0,29,0,0,2,0,2,0,12,19,0,31,0,0,0,31
03/01/2004,FSM,AR,ASW,CE,Towers with Radar,0,20,25,104,149,0,0,12,27,39,0,20,37,131,188,20,78,98,286
03/02/2004,FSM,AR,ASW,CE,Towers with Radar,0,20,46,93,159,0,0,58,21,79,0,20,104,114,238,16,108,124,362
03/03/2004,FSM,AR,ASW,CE,Towers with Radar,0,21,38,0,59,0,0,0,0,0,0,21,38,0,59,0,0,0,59
03/04/2004,FSM,AR,ASW,CE,Towers with Radar,0,12,18,6,36,0,0,2,0,2,0,12,20,6,38,0,0,0,38
03/05/2004,FSM,AR,ASW,CE,Towers with Radar,0,16,50,100,166,0,1,49,34,84,0,17,99,134,250,32,92,124,374
03/06/2004,FSM,AR,ASW,CE,Towers with Radar,0,18,11,24,53,0,0,59,42,101,0,18,70,66,154,90,38,128,282
03/07/2004,FSM,AR,ASW,CE,Towers with Radar,0,16,16,4,36,0,0,47,3,50,0,16,63,7,86,6,0,6,92
03/08/2004,FSM,AR,ASW,CE,Towers with Radar,4,19,28,22,73,0,0,42,48,90,4,19,70,70,163,6,68,74,237
03/09/2004,FSM,AR,ASW,CE,Towers with Radar,2,18,41,71,132,0,0,44,40,84,2,18,85,111,216,18,104,122,338
03/10/2004,FSM,AR,ASW,CE,Towers with Radar,0,20,52,58,130,0,1,50,14,65,0,21,102,72,195,28,48,76,271
03/11/2004,FSM,AR,ASW,CE,Towers with Radar,0,20,47,75,142,0,7,35,18,60,0,27,82,93,202,8,84,92,294
03/12/2004,FSM,AR,ASW,CE,Towers with Radar,3,26,41,84,154,0,2,74,20,96,3,28,115,104,250,18,114,132,382
03/13/2004,FSM,AR,ASW,CE,Towers with Radar,0,17,18,0,35,0,0,4,0,4,0,17,22,0,39,0,0,0,39
03/14/2004,FSM,AR,ASW,CE,Towers with Radar,0,15,16,48,79,0,0,19,0,19,0,15,35,48,98,0,24,24,122
03/15/2004,FSM,AR,ASW,CE,Towers with Radar,0,20,27,102,149,0,0,8,8,16,0,20,35,110,165,2,98,100,265
03/16/2004,FSM,AR,ASW,CE,Towers with Radar,0,26,41,87,154,0,0,36,4,40,0,26,77,91,194,50,48,98,292
03/17/2004,FSM,AR,ASW,CE,Towers with Radar,0,17,38,58,113,0,0,57,20,77,0,17,95,78,190,44,50,94,284
03/18/2004,FSM,AR,ASW,CE,Towers with Radar,2,23,45,45,115,0,0,48,28,76,2,23,93,73,191,18,84,102,293
03/19/2004,FSM,AR,ASW,CE,Towers with Radar,0,16,30,43,89,0,1,33,0,34,0,17,63,43,123,6,0,6,129
03/20/2004,FSM,AR,ASW,CE,Towers with Radar,0,17,22,0,39,0,0,7,0,7,0,17,29,0,46,4,0,4,50
03/21/2004,FSM,AR,ASW,CE,Towers with Radar,2,15,5,37,59,0,1,82,0,83,2,16,87,37,142,96,12,108,250
03/22/2004,FSM,AR,ASW,CE,Towers with Radar,4,15,31,60,110,0,0,36,23,59,4,15,67,83,169,0,42,42,211
03/23/2004,FSM,AR,ASW,CE,Towers with Radar,5,13,29,73,120,0,7,10,3,20,5,20,39,76,140,0,34,34,174
03/24/2004,FSM,AR,ASW,CE,Towers with Radar,0,18,45,37,100,0,0,5,1,6,0,18,50,38,106,0,0,0,106
03/25/2004,FSM,AR,ASW,CE,Towers with Radar,0,21,54,64,139,0,0,11,1,12,0,21,65,65,151,6,10,16,167
03/26/2004,FSM,AR,ASW,CE,Towers with Radar,2,23,57,22,104,0,0,13,16,29,2,23,70,38,133,36,24,60,193
03/27/2004,FSM,AR,ASW,CE,Towers with Radar,0,15,25,2,42,0,0,14,0,14,0,15,39,2,56,0,0,0,56
03/28/2004,FSM,AR,ASW,CE,Towers with Radar,0,15,21,7,43,0,0,13,0,13,0,15,34,7,56,0,0,0,56
03/29/2004,FSM,AR,ASW,CE,Towers with Radar,0,22,52,92,166,0,0,55,18,73,0,22,107,110,239,24,210,234,473
03/30/2004,FSM,AR,ASW,CE,Towers with Radar,8,23,45,96,172,0,0,39,16,55,8,23,84,112,227,26,132,158,385
03/31/2004,FSM,AR,ASW,CE,Towers with Radar,0,24,58,84,166,0,1,59,44,104,0,25,117,128,270,42,128,170,440
04/01/2004,FSM,AR,ASW,CE,Towers with Radar,4,21,51,51,127,0,0,48,50,98,4,21,99,101,225,92,156,248,473
04/02/2004,FSM,AR,ASW,CE,Towers with Radar,2,19,50,66,137,0,0,80,9,89,2,19,130,75,226,38,128,166,392
04/03/2004,FSM,AR,ASW,CE,Towers with Radar,0,12,17,9,38,0,0,50,1,51,0,12,67,10,89,36,6,42,131
04/04/2004,FSM,AR,ASW,CE,Towers with Radar,0,18,24,11,53,0,0,52,2,54,0,18,76,13,107,58,0,58,165
04/05/2004,FSM,AR,ASW,CE,Towers with Radar,0,18,23,65,106,0,0,40,32,72,0,18,63,97,178,4,96,100,278
04/06/2004,FSM,AR,ASW,CE,Towers with Radar,1,18,37,54,110,0,2,40,25,67,1,20,77,79,177,22,24,46,223
04/07/2004,FSM,AR,ASW,CE,Towers with Radar,2,22,40,10,74,0,0,3,0,3,2,22,43,10,77,0,8,8,85
04/08/2004,FSM,AR,ASW,CE,Towers with Radar,0,19,37,10,66,0,0,51,21,72,0,19,88,31,138,2,24,26,164
04/09/2004,FSM,AR,ASW,CE,Towers with Radar,1,20,29,31,81,0,0,16,2,18,1,20,45,33,99,18,14,32,131
04/10/2004,FSM,AR,ASW,CE,Towers with Radar,0,14,12,0,26,0,0,0,0,0,0,14,12,0,26,0,0,0,26
04/11/2004,FSM,AR,ASW,CE,Towers with Radar,0,17,16,4,37,0,0,13,0,13,0,17,29,4,50,4,0,4,54
04/12/2004,FSM,AR,ASW,CE,Towers with Radar,0,22,33,166,221,0,0,6,21,27,0,22,39,187,248,6,182,188,436
04/13/2004,FSM,AR,ASW,CE,Towers with Radar,0,29,32,72,133,0,1,23,24,48,0,30,55,96,181,6,58,64,245
04/14/2004,FSM,AR,ASW,CE,Towers with Radar,1,25,44,88,158,0,0,54,22,76,1,25,98,110,234,0,42,42,276
04/15/2004,FSM,AR,ASW,CE,Towers with Radar,0,30,38,64,132,0,0,37,5,42,0,30,75,69,174,36,34,70,244
04/16/2004,FSM,AR,ASW,CE,Towers with Radar,0,19,39,36,94,0,0,38,11,49,0,19,77,47,143,2,38,40,183
04/17/2004,FSM,AR,ASW,CE,Towers with Radar,0,15,20,17,52,0,2,37,8,47,0,17,57,25,99,10,6,16,115
04/18/2004,FSM,AR,ASW,CE,Towers with Radar,0,16,10,13,39,0,0,24,0,24,0,16,34,13,63,18,0,18,81
04/19/2004,FSM,AR,ASW,CE,Towers with Radar,0,22,34,39,95,0,0,11,6,17,0,22,45,45,112,34,2,36,148
04/20/2004,FSM,AR,ASW,CE,Towers with Radar,0,21,42,54,117,0,2,13,2,17,0,23,55,56,134,42,0,42,176
04/21/2004,FSM,AR,ASW,CE,Towers with Radar,0,28,50,23,101,0,2,9,0,11,0,30,59,23,112,4,0,4,116
04/22/2004,FSM,AR,ASW,CE,Towers with Radar,1,18,45,32,96,0,0,17,14,31,1,18,62,46,127,2,76,78,205
04/23/2004,FSM,AR,ASW,CE,Towers with Radar,0,17,36,0,53,0,3,1,2,6,0,20,37,2,59,0,0,0,59
04/24/2004,FSM,AR,ASW,CE,Towers with Radar,0,12,17,0,29,0,0,15,1,16,0,12,32,1,45,20,0,20,65
04/25/2004,FSM,AR,ASW,CE,Towers with Radar,3,15,24,41,83,0,2,67,6,75,3,17,91,47,158,60,38,98,256
04/26/2004,FSM,AR,ASW,CE,Towers with Radar,0,22,29,63,114,0,1,25,48,74,0,23,54,111,188,4,86,90,278
04/27/2004,FSM,AR,ASW,CE,Towers with Radar,0,25,27,21,73,0,0,32,26,58,0,25,59,47,131,20,60,80,211
04/28/2004,FSM,AR,ASW,CE,Towers with Radar,3,18,45,91,157,0,0,33,25,58,3,18,78,116,215,0,92,92,307
04/29/2004,FSM,AR,ASW,CE,Towers with Radar,1,14,44,93,152,0,0,19,33,52,1,14,63,126,204,16,98,114,318
04/30/2004,FSM,AR,ASW,CE,Towers with Radar,0,16,40,6,62,0,0,2,15,17,0,16,42,21,79,2,14,16,95
05/01/2004,FSM,AR,ASW,CE,Towers with Radar,0,17,23,30,70,0,0,0,0,0,0,17,23,30,70,0,0,0,70
05/02/2004,FSM,AR,ASW,CE,Towers with Radar,0,15,24,19,58,0,0,35,1,36,0,15,59,20,94,18,4,22,116
05/03/2004,FSM,AR,ASW,CE,Towers with Radar,0,16,35,26,77,0,0,51,29,80,0,16,86,55,157,28,36,64,221
05/04/2004,FSM,AR,ASW,CE,Towers with Radar,0,22,36,42,100,0,0,30,19,49,0,22,66,61,149,12,76,88,237
05/05/2004,FSM,AR,ASW,CE,Towers with Radar,0,18,36,84,138,0,0,48,34,82,0,18,84,118,220,10,102,112,332
05/06/2004,FSM,AR,ASW,CE,Towers with Radar,0,21,37,42,100,0,1,39,18,58,0,22,76,60,158,14,72,86,244
05/07/2004,FSM,AR,ASW,CE,Towers with Radar,0,20,36,42,98,0,0,53,8,61,0,20,89,50,159,16,42,58,217
05/08/2004,FSM,AR,ASW,CE,Towers with Radar,0,19,23,7,49,0,0,47,5,52,0,19,70,12,101,24,0,24,125
05/09/2004,FSM,AR,ASW,CE,Towers with Radar,0,16,17,0,33,0,0,47,0,47,0,16,64,0,80,0,0,0,80
05/10/2004,FSM,AR,ASW,CE,Towers with Radar,0,18,25,77,120,0,0,43,26,69,0,18,68,103,189,66,102,168,357
05/11/2004,FSM,AR,ASW,CE,Towers with Radar,4,16,52,50,122,0,0,18,5,23,4,16,70,55,145,18,18,36,181
05/12/2004,FSM,AR,ASW,CE,Towers with Radar,0,25,50,84,159,0,0,12,26,38,0,25,62,110,197,2,118,120,317
05/13/2004,FSM,AR,ASW,CE,Towers with Radar,0,14,42,20,76,0,0,2,1,3,0,14,44,21,79,0,38,38,117
05/14/2004,FSM,AR,ASW,CE,Towers with Radar,0,21,43,94,158,0,0,3,8,11,0,21,46,102,169,4,64,68,237
05/15/2004,FSM,AR,ASW,CE,Towers with Radar,0,20,26,20,66,0,1,12,12,25,0,21,38,32,91,30,16,46,137
05/16/2004,FSM,AR,ASW,CE,Towers with Radar,0,22,17,11,50,0,2,23,3,28,0,24,40,14,78,4,10,14,92
05/17/2004,FSM,AR,ASW,CE,Towers with Radar,1,21,40,32,94,0,1,18,10,29,1,22,58,42,123,6,52,58,181
05/18/2004,FSM,AR,ASW,CE,Towers with Radar,0,18,42,93,153,0,0,24,22,46,0,18,66,115,199,12,112,124,323
05/19/2004,FSM,AR,ASW,CE,Towers with Radar,0,18,51,63,132,0,0,31,12,43,0,18,82,75,175,6,82,88,263
05/20/2004,FSM,AR,ASW,CE,Towers with Radar,2,21,38,78,139,0,0,32,9,41,2,21,70,87,180,0,100,100,280
05/21/2004,FSM,AR,ASW,CE,Towers with Radar,0,27,53,54,134,0,0,20,7,27,0,27,73,61,161,16,70,86,247
05/22/2004,FSM,AR,ASW,CE,Towers with Radar,0,19,11,7,37,0,0,28,0,28,0,19,39,7,65,8,0,8,73
05/23/2004,FSM,AR,ASW,CE,Towers with Radar,2,17,36,12,67,0,1,32,6,39,2,18,68,18,106,20,4,24,130
05/24/2004,FSM,AR,ASW,CE,Towers with Radar,0,20,47,53,120,0,0,21,16,37,0,20,68,69,157,8,132,140,297
05/25/2004,FSM,AR,ASW,CE,Towers with Radar,0,23,37,22,82,0,1,16,6,23,0,24,53,28,105,24,34,58,163
05/26/2004,FSM,AR,ASW,CE,Towers with Radar,0,16,51,32,99,0,1,21,8,30,0,17,72,40,129,32,30,62,191
05/27/2004,FSM,AR,ASW,CE,Towers with Radar,0,24,29,55,108,0,0,17,4,21,0,24,46,59,129,24,40,64,193
05/28/2004,FSM,AR,ASW,CE,Towers with Radar,1,18,41,10,70,0,0,20,0,20,1,18,61,10,90,2,26,28,118
05/29/2004,FSM,AR,ASW,CE,Towers with Radar,0,16,20,2,38,0,0,15,0,15,0,16,35,2,53,20,0,20,73
05/30/2004,FSM,AR,ASW,CE,Towers with Radar,0,12,11,3,26,0,0,5,0,5,0,12,16,3,31,0,1,1,32
05/31/2004,FSM,AR,ASW,CE,Towers with Radar,0,21,21,11,53,0,0,63,0,63,0,21,84,11,116,24,14,38,154
06/01/2004,FSM,AR,ASW,CE,Towers with Radar,0,21,34,44,99,0,0,25,21,46,0,21,59,65,145,44,96,140,285
06/02/2004,FSM,AR,ASW,CE,Towers with Radar,0,26,35,45,106,0,4,36,22,62,0,30,71,67,168,0,94,94,262
06/03/2004,FSM,AR,ASW,CE,Towers with Radar,0,28,39,50,117,0,14,47,27,88,0,42,86,77,205,18,20,38,243
06/04/2004,FSM,AR,ASW,CE,Towers with Radar,0,26,35,16,77,0,23,26,0,49,0,49,61,16,126,34,8,42,168
06/05/2004,FSM,AR,ASW,CE,Towers with Radar,0,14,18,24,56,0,10,20,0,30,0,24,38,24,86,32,0,32,118
06/06/2004,FSM,AR,ASW,CE,Towers with Radar,0,16,23,17,56,0,3,43,0,46,0,19,66,17,102,60,4,64,166
06/07/2004,FSM,AR,ASW,CE,Towers with Radar,0,26,38,35,99,0,7,16,0,23,0,33,54,35,122,16,6,22,144
06/08/2004,FSM,AR,ASW,CE,Towers with Radar,0,22,32,15,69,0,9,6,0,15,0,31,38,15,84,6,0,6,90
06/09/2004,FSM,AR,ASW,CE,Towers with Radar,1,28,39,44,112,2,5,10,0,17,3,33,49,44,129,16,16,32,161
06/10/2004,FSM,AR,ASW,CE,Towers with Radar,0,21,36,22,79,0,0,23,0,23,0,21,59,22,102,8,0,8,110
06/11/2004,FSM,AR,ASW,CE,Towers with Radar,1,20,39,23,83,2,0,24,0,26,3,20,63,23,109,0,8,8,117
06/12/2004,FSM,AR,ASW,CE,Towers with Radar,0,14,20,5,39,0,2,25,0,27,0,16,45,5,66,0,0,0,66
06/13/2004,FSM,AR,ASW,CE,Towers with Radar,1,15,22,15,53,0,3,11,0,14,1,18,33,15,67,10,0,10,77
06/14/2004,FSM,AR,ASW,CE,Towers with Radar,0,18,41,50,109,0,0,46,75,121,0,18,87,125,230,30,98,128,358
06/15/2004,FSM,AR,ASW,CE,Towers with Radar,0,20,40,49,109,0,0,5,34,39,0,20,45,83,148,16,96,112,260
06/16/2004,FSM,AR,ASW,CE,Towers with Radar,0,25,33,21,79,1,7,30,0,38,1,32,63,21,117,0,0,0,117
06/17/2004,FSM,AR,ASW,CE,Towers with Radar,0,30,42,46,118,0,0,31,0,31,0,30,73,46,149,62,30,92,241
06/18/2004,FSM,AR,ASW,CE,Towers with Radar,0,19,34,25,78,0,0,32,0,32,0,19,66,25,110,0,0,0,110
06/19/2004,FSM,AR,ASW,CE,Towers with Radar,0,15,21,25,61,2,0,22,6,30,2,15,43,31,91,44,72,116,207
06/20/2004,FSM,AR,ASW,CE,Towers with Radar,0,16,25,6,47,0,0,22,0,22,0,16,47,6,69,0,6,6,75
06/21/2004,FSM,AR,ASW,CE,Towers with Radar,0,14,29,20,63,0,0,7,0,7,0,14,36,20,70,0,0,0,70
06/22/2004,FSM,AR,ASW,CE,Towers with Radar,0,28,36,31,95,0,6,0,0,6,0,34,36,31,101,0,20,20,121
06/23/2004,FSM,AR,ASW,CE,Towers with Radar,0,32,44,56,132,0,3,49,72,124,0,35,93,128,256,0,92,92,348
06/24/2004,FSM,AR,ASW,CE,Towers with Radar,0,32,50,62,144,1,0,21,79,101,1,32,71,141,245,26,124,150,395
06/25/2004,FSM,AR,ASW,CE,Towers with Radar,0,26,45,58,129,2,0,6,124,132,2,26,51,182,261,22,68,90,351
06/26/2004,FSM,AR,ASW,CE,Towers with Radar,0,16,25,31,72,0,0,27,36,63,0,16,52,67,135,36,35,71,206
06/27/2004,FSM,AR,ASW,CE,Towers with Radar,0,19,32,40,91,0,0,21,89,110,0,19,53,129,201,30,40,70,271
06/28/2004,FSM,AR,ASW,CE,Towers with Radar,0,18,38,48,104,0,0,24,47,71,0,18,62,95,175,20,86,106,281
06/29/2004,FSM,AR,ASW,CE,Towers with Radar,0,24,43,52,119,1,0,17,0,18,1,24,60,52,137,2,4,6,143
06/30/2004,FSM,AR,ASW,CE,Towers with Radar,0,19,38,26,83,1,0,11,0,12,1,19,49,26,95,14,26,40,135
07/01/2004,FSM,AR,ASW,CE,Towers with Radar,0,18,37,44,99,0,0,18,1,19,0,18,55,45,118,32,32,64,182
07/02/2004,FSM,AR,ASW,CE,Towers with Radar,0,15,26,0,41,0,0,7,0,7,0,15,33,0,48,0,0,0,48
07/03/2004,FSM,AR,ASW,CE,Towers with Radar,0,9,17,0,26,0,9,22,0,31,0,18,39,0,57,6,0,6,63
07/04/2004,FSM,AR,ASW,CE,Towers with Radar,0,8,14,3,25,0,6,16,0,22,0,14,30,3,47,14,0,14,61
07/05/2004,FSM,AR,ASW,CE,Towers with Radar,0,14,26,14,54,0,2,54,0,56,0,16,80,14,110,34,4,38,148
07/06/2004,FSM,AR,ASW,CE,Towers with Radar,1,17,32,27,77,0,0,33,0,33,1,17,65,27,110,32,10,42,152
07/07/2004,FSM,AR,ASW,CE,Towers with Radar,1,19,33,20,73,1,5,9,0,15,2,24,42,20,88,22,22,44,132
07/08/2004,FSM,AR,ASW,CE,Towers with Radar,1,24,42,52,119,1,2,41,42,86,2,26,83,94,205,0,60,60,265
07/09/2004,FSM,AR,ASW,CE,Towers with Radar,0,16,34,39,89,0,0,41,0,41,0,16,75,39,130,4,6,10,140
07/10/2004,FSM,AR,ASW,CE,Towers with Radar,1,13,22,27,63,2,0,36,36,74,3,13,58,63,137,2,32,34,171
07/11/2004,FSM,AR,ASW,CE,Towers with Radar,0,13,24,29,66,0,7,28,1,36,0,20,52,30,102,22,4,26,128
07/12/2004,FSM,AR,ASW,CE,Towers with Radar,1,20,37,46,104,0,0,3,48,51,1,20,40,94,155,14,36,50,205
07/13/2004,FSM,AR,ASW,CE,Towers with Radar,0,19,37,45,101,0,0,36,88,124,0,19,73,133,225,22,154,176,401
07/14/2004,FSM,AR,ASW,CE,Towers with Radar,0,19,38,44,101,0,0,50,18,68,0,19,88,62,169,38,80,118,287
07/15/2004,FSM,AR,ASW,CE,Towers with Radar,0,18,35,40,93,0,0,41,14,55,0,18,76,54,148,14,46,60,208
07/16/2004,FSM,AR,ASW,CE,Towers with Radar,1,16,35,40,92,1,0,42,21,64,2,16,77,61,156,2,42,44,200
07/17/2004,FSM,AR,ASW,CE,Towers with Radar,0,11,22,25,58,0,6,37,24,67,0,17,59,49,125,44,36,80,205
07/18/2004,FSM,AR,ASW,CE,Towers with Radar,1,15,27,32,75,2,1,32,11,46,3,16,59,43,121,84,14,98,219
07/19/2004,FSM,AR,ASW,CE,Towers with Radar,1,20,43,49,113,2,0,23,34,59,3,20,66,83,172,0,58,58,230
07/20/2004,FSM,AR,ASW,CE,Towers with Radar,1,17,42,48,108,0,0,32,43,75,1,17,74,91,183,36,110,146,329
07/21/2004,FSM,AR,ASW,CE,Towers with Radar,1,23,49,56,129,0,0,60,35,95,1,23,109,91,224,50,104,154,378
07/22/2004,FSM,AR,ASW,CE,Towers with Radar,0,19,41,47,107,0,0,25,39,64,0,19,66,86,171,50,36,86,257
07/23/2004,FSM,AR,ASW,CE,Towers with Radar,0,17,31,42,90,2,0,0,59,61,2,17,31,101,151,14,98,112,263
07/24/2004,FSM,AR,ASW,CE,Towers with Radar,0,10,18,0,28,0,9,1,0,10,0,19,19,0,38,0,0,0,38
07/25/2004,FSM,AR,ASW,CE,Towers with Radar,0,13,23,1,37,0,3,15,0,18,0,16,38,1,55,0,0,0,55
07/26/2004,FSM,AR,ASW,CE,Towers with Radar,0,24,48,56,128,0,0,30,69,99,0,24,78,125,227,6,100,106,333
07/27/2004,FSM,AR,ASW,CE,Towers with Radar,0,17,41,47,105,0,0,47,50,97,0,17,88,97,202,0,78,78,280
07/28/2004,FSM,AR,ASW,CE,Towers with Radar,0,25,44,51,120,0,0,22,18,40,0,25,66,69,160,12,14,26,186
07/29/2004,FSM,AR,ASW,CE,Towers with Radar,0,18,21,0,39,0,2,0,0,2,0,20,21,0,41,0,0,0,41
07/30/2004,FSM,AR,ASW,CE,Towers with Radar,0,19,45,53,117,0,0,14,13,27,0,19,59,66,144,8,28,36,180
07/31/2004,FSM,AR,ASW,CE,Towers with Radar,0,11,20,9,40,1,5,41,0,47,1,16,61,9,87,40,14,54,141
08/01/2004,FSM,AR,ASW,CE,Towers with Radar,1,14,33,33,81,0,0,46,20,66,1,14,79,53,147,18,8,26,173
08/02/2004,FSM,AR,ASW,CE,Towers with Radar,1,19,32,32,84,0,4,32,2,38,1,23,64,34,122,28,66,94,216
08/03/2004,FSM,AR,ASW,CE,Towers with Radar,1,19,35,28,83,0,0,31,0,31,1,19,66,28,114,34,36,70,184
08/04/2004,FSM,AR,ASW,CE,Towers with Radar,0,19,32,15,66,0,0,33,0,33,0,19,65,15,99,24,2,26,125
08/05/2004,FSM,AR,ASW,CE,Towers with Radar,0,17,37,38,92,0,0,36,8,44,0,17,73,46,136,54,40,94,230
08/06/2004,FSM,AR,ASW,CE,Towers with Radar,0,19,32,32,83,0,3,25,0,28,0,22,57,32,111,64,26,90,201
08/07/2004,FSM,AR,ASW,CE,Towers with Radar,1,10,17,4,32,0,4,49,0,53,1,14,66,4,85,6,0,6,91
08/08/2004,FSM,AR,ASW,CE,Towers with Radar,0,14,24,18,56,0,3,31,0,34,0,17,55,18,90,72,8,80,170
08/09/2004,FSM,AR,ASW,CE,Towers with Radar,0,18,31,18,67,0,1,28,0,29,0,19,59,18,96,2,0,2,98
08/10/2004,FSM,AR,ASW,CE,Towers with Radar,0,21,37,37,95,0,3,36,16,55,0,24,73,53,150,0,48,48,198
08/11/2004,FSM,AR,ASW,CE,Towers with Radar,0,17,29,4,50,0,3,6,0,9,0,20,35,4,59,10,0,10,69
08/12/2004,FSM,AR,ASW,CE,Towers with Radar,0,20,36,35,91,0,2,24,18,44,0,22,60,53,135,14,76,90,225
08/13/2004,FSM,AR,ASW,CE,Towers with Radar,0,19,39,38,96,0,0,49,28,77,0,19,88,66,173,18,70,88,261
08/14/2004,FSM,AR,ASW,CE,Towers with Radar,0,12,20,14,46,0,10,36,0,46,0,22,56,14,92,0,0,0,92
08/15/2004,FSM,AR,ASW,CE,Towers with Radar,0,15,24,9,48,1,1,37,0,39,1,16,61,9,87,16,2,18,105
08/16/2004,FSM,AR,ASW,CE,Towers with Radar,0,18,31,32,81,2,0,11,30,43,2,18,42,62,124,8,70,78,202
08/17/2004,FSM,AR,ASW,CE,Towers with Radar,0,18,30,30,78,2,5,28,22,57,2,23,58,52,135,6,52,58,193
08/18/2004,FSM,AR,ASW,CE,Towers with Radar,0,17,45,43,105,1,0,30,56,87,1,17,75,99,192,42,138,180,372
08/19/2004,FSM,AR,ASW,CE,Towers with Radar,0,14,35,34,83,0,0,17,6,23,0,14,52,40,106,12,2,14,120
08/20/2004,FSM,AR,ASW,CE,Towers with Radar,0,12,36,35,83,0,0,11,11,22,0,12,47,46,105,0,80,80,185
08/21/2004,FSM,AR,ASW,CE,Towers with Radar,0,10,18,18,46,0,5,33,0,38,0,15,51,18,84,32,14,46,130
08/22/2004,FSM,AR,ASW,CE,Towers with Radar,0,15,26,26,67,0,2,40,6,48,0,17,66,32,115,40,6,46,161
08/23/2004,FSM,AR,ASW,CE,Towers with Radar,0,19,35,34,88,0,0,28,56,84,0,19,63,90,172,2,86,88,260
08/24/2004,FSM,AR,ASW,CE,Towers with Radar,0,21,45,45,111,1,0,28,62,91,1,21,73,107,202,20,104,124,326
08/25/2004,FSM,AR,ASW,CE,Towers with Radar,0,21,36,33,90,0,1,21,0,22,0,22,57,33,112,26,28,54,166
08/26/2004,FSM,AR,ASW,CE,Towers with Radar,0,19,37,35,91,0,0,52,29,81,0,19,89,64,172,0,36,36,208
08/27/2004,FSM,AR,ASW,CE,Towers with Radar,0,18,36,36,90,1,0,58,3,62,1,18,94,39,152,6,20,26,178
08/28/2004,FSM,AR,ASW,CE,Towers with Radar,0,7,14,0,21,0,9,8,0,17,0,16,22,0,38,0,0,0,38
08/29/2004,FSM,AR,ASW,CE,Towers with Radar,0,13,25,19,57,0,4,42,0,46,0,17,67,19,103,20,24,44,147
08/30/2004,FSM,AR,ASW,CE,Towers with Radar,0,17,31,30,78,1,5,10,68,84,1,22,41,98,162,6,196,202,364
08/31/2004,FSM,AR,ASW,CE,Towers with Radar,0,18,32,31,81,0,7,44,54,105,0,25,76,85,186,22,86,108,294
09/01/2004,FSM,AR,ASW,CE,Towers with Radar,0,19,29,45,93,0,6,63,42,111,0,25,92,87,204,6,82,88,292
09/02/2004,FSM,AR,ASW,CE,Towers with Radar,0,19,27,27,73,0,0,52,0,52,0,19,79,27,125,52,22,74,199
09/03/2004,FSM,AR,ASW,CE,Towers with Radar,0,20,34,54,108,0,0,40,39,79,0,20,74,93,187,6,30,36,223
09/04/2004,FSM,AR,ASW,CE,Towers with Radar,1,11,15,5,32,0,4,46,0,50,1,15,61,5,82,12,2,14,96
09/05/2004,FSM,AR,ASW,CE,Towers with Radar,0,10,16,6,32,0,9,5,0,14,0,19,21,6,46,0,0,0,46
09/06/2004,FSM,AR,ASW,CE,Towers with Radar,1,12,19,4,36,0,6,30,0,36,1,18,49,4,72,8,0,8,80
09/07/2004,FSM,AR,ASW,CE,Towers with Radar,0,18,28,41,87,0,4,22,42,68,0,22,50,83,155,0,18,18,173
09/08/2004,FSM,AR,ASW,CE,Towers with Radar,1,18,27,40,86,0,0,44,47,91,1,18,71,87,177,14,80,94,271
09/09/2004,FSM,AR,ASW,CE,Towers with Radar,0,20,30,47,97,0,2,48,46,96,0,22,78,93,193,14,100,114,307
09/10/2004,FSM,AR,ASW,CE,Towers with Radar,0,18,36,53,107,0,0,27,47,74,0,18,63,100,181,10,94,104,285
09/11/2004,FSM,AR,ASW,CE,Towers with Radar,0,17,26,37,80,0,1,34,0,35,0,18,60,37,115,8,70,78,193
09/12/2004,FSM,AR,ASW,CE,Towers with Radar,0,17,28,26,71,0,0,30,0,30,0,17,58,26,101,0,50,50,151
09/13/2004,FSM,AR,ASW,CE,Towers with Radar,0,18,30,45,93,2,0,38,35,75,2,18,68,80,168,2,46,48,216
09/14/2004,FSM,AR,ASW,CE,Towers with Radar,0,17,37,56,110,0,0,23,102,125,0,17,60,158,235,0,146,146,381
09/15/2004,FSM,AR,ASW,CE,Towers with Radar,0,19,36,53,108,0,0,21,75,96,0,19,57,128,204,40,90,130,334
09/16/2004,FSM,AR,ASW,CE,Towers with Radar,0,22,31,47,100,0,0,33,24,57,0,22,64,71,157,0,24,24,181
09/17/2004,FSM,AR,ASW,CE,Towers with Radar,0,20,29,35,84,0,0,49,0,49,0,20,78,35,133,40,32,72,205
09/18/2004,FSM,AR,ASW,CE,Towers with Radar,0,10,15,22,47,0,5,60,3,68,0,15,75,25,115,12,46,58,173
09/19/2004,FSM,AR,ASW,CE,Towers with Radar,0,14,21,31,66,0,9,38,15,62,0,23,59,46,128,82,54,136,264
09/20/2004,FSM,AR,ASW,CE,Towers with Radar,0,19,31,48,98,0,0,21,67,88,0,19,52,115,186,40,84,124,310
09/21/2004,FSM,AR,ASW,CE,Towers with Radar,0,23,34,52,109,0,2,60,26,88,0,25,94,78,197,10,76,86,283
09/22/2004,FSM,AR,ASW,CE,Towers with Radar,0,20,30,47,97,1,0,32,6,39,1,20,62,53,136,26,86,112,248
09/23/2004,FSM,AR,ASW,CE,Towers with Radar,0,18,33,52,103,0,0,23,14,37,0,18,56,66,140,16,42,58,198
09/24/2004,FSM,AR,ASW,CE,Towers with Radar,0,20,28,25,73,1,1,8,0,10,1,21,36,25,83,20,42,62,145
09/25/2004,FSM,AR,ASW,CE,Towers with Radar,0,14,24,0,38,3,0,42,0,45,3,14,66,0,83,28,0,28,111
09/26/2004,FSM,AR,ASW,CE,Towers with Radar,0,13,19,2,34,1,5,65,0,71,1,18,84,2,105,34,0,34,139
09/27/2004,FSM,AR,ASW,CE,Towers with Radar,0,16,28,44,88,0,0,31,63,94,0,16,59,107,182,16,108,124,306
09/28/2004,FSM,AR,ASW,CE,Towers with Radar,0,17,27,29,73,0,0,47,0,47,0,17,74,29,120,8,66,74,194
09/29/2004,FSM,AR,ASW,CE,Towers with Radar,0,18,27,41,86,0,3,34,3,40,0,21,61,44,126,18,30,48,174
09/30/2004,FSM,AR,ASW,CE,Towers with Radar,0,18,27,42,87,0,2,29,3,34,0,20,56,45,121,22,30,52,173
10/01/2004,FSM,AR,ASW,CE,Combined TRACON& Tower with Radar,0,23,56,35,114,0,0,0,0,0,0,23,56,35,114,2,46,48,162
10/02/2004,FSM,AR,ASW,CE,Combined TRACON& Tower with Radar,0,14,15,19,48,0,0,23,11,34,0,14,38,30,82,24,18,42,124
10/03/2004,FSM,AR,ASW,CE,Combined TRACON& Tower with Radar,0,18,26,73,117,0,0,30,15,45,0,18,56,88,162,4,46,50,212
10/04/2004,FSM,AR,ASW,CE,Combined TRACON& Tower with Radar,2,15,24,43,84,0,0,26,1,27,2,15,50,44,111,26,16,42,153
10/05/2004,FSM,AR,ASW,CE,Combined TRACON& Tower with Radar,2,21,36,81,140,0,11,36,31,78,2,32,72,112,218,44,106,150,368
10/06/2004,FSM,AR,ASW,CE,Combined TRACON& Tower with Radar,2,20,36,106,164,0,0,16,27,43,2,20,52,133,207,12,104,116,323
10/07/2004,FSM,AR,ASW,CE,Combined TRACON& Tower with Radar,0,15,30,35,80,0,0,4,53,57,0,15,34,88,137,14,50,64,201
10/08/2004,FSM,AR,ASW,CE,Combined TRACON& Tower with Radar,0,14,35,34,83,0,0,7,4,11,0,14,42,38,94,8,54,62,156
10/09/2004,FSM,AR,ASW,CE,Combined TRACON& Tower with Radar,0,16,34,3,53,0,0,7,0,7,0,16,41,3,60,22,0,22,82
10/10/2004,FSM,AR,ASW,CE,Combined TRACON& Tower with Radar,0,17,30,4,51,0,0,0,0,0,0,17,30,4,51,0,0,0,51
10/11/2004,FSM,AR,ASW,CE,Combined TRACON& Tower with Radar,0,17,26,9,52,0,0,5,1,6,0,17,31,10,58,16,0,16,74
10/12/2004,FSM,AR,ASW,CE,Combined TRACON& Tower with Radar,2,21,27,66,116,0,0,7,12,19,2,21,34,78,135,52,10,62,197
10/13/2004,FSM,AR,ASW,CE,Combined TRACON& Tower with Radar,0,18,40,46,104,0,1,29,16,46,0,19,69,62,150,6,40,46,196
10/14/2004,FSM,AR,ASW,CE,Combined TRACON& Tower with Radar,2,22,35,29,88,0,0,9,17,26,2,22,44,46,114,0,24,24,138
10/15/2004,FSM,AR,ASW,CE,Combined TRACON& Tower with Radar,0,20,30,64,114,0,0,40,12,52,0,20,70,76,166,0,92,92,258
10/16/2004,FSM,AR,ASW,CE,Combined TRACON& Tower with Radar,0,15,13,8,36,0,0,41,7,48,0,15,54,15,84,24,32,56,140
10/17/2004,FSM,AR,ASW,CE,Combined TRACON& Tower with Radar,0,24,30,47,101,0,0,23,9,32,0,24,53,56,133,0,12,12,145
10/18/2004,FSM,AR,ASW,CE,Combined TRACON& Tower with Radar,0,25,22,31,78,0,1,9,5,15,0,26,31,36,93,0,0,0,93
10/19/2004,FSM,AR,ASW,CE,Combined TRACON& Tower with Radar,2,24,45,107,178,0,2,22,17,41,2,26,67,124,219,6,62,68,287
10/20/2004,FSM,AR,ASW,CE,Combined TRACON& Tower with Radar,2,27,29,18,76,0,0,15,18,33,2,27,44,36,109,12,6,18,127
10/21/2004,FSM,AR,ASW,CE,Combined TRACON& Tower with Radar,2,21,53,27,103,0,0,7,0,7,2,21,60,27,110,4,0,4,114
10/22/2004,FSM,AR,ASW,CE,Combined TRACON& Tower with Radar,0,22,50,24,96,0,0,4,0,4,0,22,54,24,100,0,12,12,112
10/23/2004,FSM,AR,ASW,CE,Combined TRACON& Tower with Radar,1,19,28,12,60,0,0,23,1,24,1,19,51,13,84,16,14,30,114
10/24/2004,FSM,AR,ASW,CE,Combined TRACON& Tower with Radar,0,13,24,0,37,0,0,49,0,49,0,13,73,0,86,78,0,78,164
10/25/2004,FSM,AR,ASW,CE,Combined TRACON& Tower with Radar,0,30,33,52,115,0,0,11,5,16,0,30,44,57,131,0,42,42,173
10/26/2004,FSM,AR,ASW,CE,Combined TRACON& Tower with Radar,0,18,29,10,57,0,0,4,5,9,0,18,33,15,66,0,0,0,66
10/27/2004,FSM,AR,ASW,CE,Combined TRACON& Tower with Radar,0,15,29,7,51,0,0,4,6,10,0,15,33,13,61,2,0,2,63
10/28/2004,FSM,AR,ASW,CE,Combined TRACON& Tower with Radar,2,20,45,22,89,0,0,21,5,26,2,20,66,27,115,28,2,30,145
10/29/2004,FSM,AR,ASW,CE,Combined TRACON& Tower with Radar,0,16,41,30,87,0,0,8,12,20,0,16,49,42,107,0,78,78,185
10/30/2004,FSM,AR,ASW,CE,Combined TRACON& Tower with Radar,0,16,19,1,36,0,1,40,0,41,0,17,59,1,77,52,0,52,129
10/31/2004,FSM,AR,ASW,CE,Combined TRACON& Tower with Radar,0,15,20,0,35,0,0,3,1,4,0,15,23,1,39,0,0,0,39
11/01/2004,FSM,AR,ASW,CE,Combined TRACON& Tower with Radar,0,22,14,6,42,0,0,1,1,2,0,22,15,7,44,0,0,0,44
11/02/2004,FSM,AR,ASW,CE,Combined TRACON& Tower with Radar,0,20,36,93,149,0,0,2,4,6,0,20,38,97,155,0,70,70,225
11/03/2004,FSM,AR,ASW,CE,Combined TRACON& Tower with Radar,0,23,35,35,93,0,0,1,0,1,0,23,36,35,94,0,0,0,94
11/04/2004,FSM,AR,ASW,CE,Combined TRACON& Tower with Radar,2,23,44,70,139,0,0,34,16,50,2,23,78,86,189,14,92,106,295
11/05/2004,FSM,AR,ASW,CE,Combined TRACON& Tower with Radar,0,17,35,97,149,0,12,34,28,74,0,29,69,125,223,12,148,160,383
11/06/2004,FSM,AR,ASW,CE,Combined TRACON& Tower with Radar,2,21,13,49,85,0,3,57,18,78,2,24,70,67,163,44,76,120,283
11/07/2004,FSM,AR,ASW,CE,Combined TRACON& Tower with Radar,0,18,20,30,68,0,0,50,9,59,0,18,70,39,127,28,10,38,165
11/08/2004,FSM,AR,ASW,CE,Combined TRACON& Tower with Radar,0,20,34,64,118,0,0,39,20,59,0,20,73,84,177,18,52,70,247
11/09/2004,FSM,AR,ASW,CE,Combined TRACON& Tower with Radar,2,22,37,85,146,0,0,32,16,48,2,22,69,101,194,14,100,114,308
11/10/2004,FSM,AR,ASW,CE,Combined TRACON& Tower with Radar,0,23,40,42,105,0,0,5,26,31,0,23,45,68,136,0,72,72,208
11/11/2004,FSM,AR,ASW,CE,Combined TRACON& Tower with Radar,0,23,27,9,59,0,3,6,0,9,0,26,33,9,68,24,0,24,92
11/12/2004,FSM,AR,ASW,CE,Combined TRACON& Tower with Radar,3,20,33,27,83,0,3,23,2,28,3,23,56,29,111,22,50,72,183
11/13/2004,FSM,AR,ASW,CE,Combined TRACON& Tower with Radar,0,15,8,5,28,0,0,38,0,38,0,15,46,5,66,30,0,30,96
11/14/2004,FSM,AR,ASW,CE,Combined TRACON& Tower with Radar,0,18,13,24,55,0,0,3,0,3,0,18,16,24,58,1,0,1,59
11/15/2004,FSM,AR,ASW,CE,Combined TRACON& Tower with Radar,0,20,21,51,92,0,0,12,11,23,0,20,33,62,115,0,60,60,175
11/16/2004,FSM,AR,ASW,CE,Combined TRACON& Tower with Radar,1,26,35,45,107,0,0,24,17,41,1,26,59,62,148,14,50,64,212
11/17/2004,FSM,AR,ASW,CE,Combined TRACON& Tower with Radar,0,21,47,52,120,0,0,29,38,67,0,21,76,90,187,16,132,148,335
11/18/2004,FSM,AR,ASW,CE,Combined TRACON& Tower with Radar,0,23,43,24,90,0,0,0,1,1,0,23,43,25,91,0,0,0,91
11/19/2004,FSM,AR,ASW,CE,Combined TRACON& Tower with Radar,0,21,39,43,103,0,0,2,0,2,0,21,41,43,105,0,14,14,119
11/20/2004,FSM,AR,ASW,CE,Combined TRACON& Tower with Radar,0,17,18,30,65,0,0,24,0,24,0,17,42,30,89,30,18,48,137
11/21/2004,FSM,AR,ASW,CE,Combined TRACON& Tower with Radar,0,17,20,10,47,0,0,0,0,0,0,17,20,10,47,0,14,14,61
11/22/2004,FSM,AR,ASW,CE,Combined TRACON& Tower with Radar,0,17,27,3,47,0,0,2,0,2,0,17,29,3,49,0,0,0,49
11/23/2004,FSM,AR,ASW,CE,Combined TRACON& Tower with Radar,3,18,22,0,43,0,0,0,0,0,3,18,22,0,43,0,0,0,43
11/24/2004,FSM,AR,ASW,CE,Combined TRACON& Tower with Radar,0,20,18,30,68,0,0,9,0,9,0,20,27,30,77,0,0,0,77
11/25/2004,FSM,AR,ASW,CE,Combined TRACON& Tower with Radar,0,2,12,0,14,0,0,6,0,6,0,2,18,0,20,10,0,10,30
11/26/2004,FSM,AR,ASW,CE,Combined TRACON& Tower with Radar,1,16,13,0,30,0,0,17,0,17,1,16,30,0,47,12,0,12,59
11/27/2004,FSM,AR,ASW,CE,Combined TRACON& Tower with Radar,1,16,14,0,31,0,1,8,0,9,1,17,22,0,40,2,0,2,42
11/28/2004,FSM,AR,ASW,CE,Combined TRACON& Tower with Radar,0,20,34,0,54,0,0,31,0,31,0,20,65,0,85,34,0,34,119
11/29/2004,FSM,AR,ASW,CE,Combined TRACON& Tower with Radar,0,19,16,12,47,0,0,0,0,0,0,19,16,12,47,0,0,0,47
11/30/2004,FSM,AR,ASW,CE,Combined TRACON& Tower with Radar,0,20,24,18,62,0,0,0,6,6,0,20,24,24,68,0,20,20,88
12/01/2004,FSM,AR,ASW,CE,Combined TRACON& Tower with Radar,0,17,35,57,109,0,0,54,32,86,0,17,89,89,195,50,98,148,343
12/02/2004,FSM,AR,ASW,CE,Combined TRACON& Tower with Radar,0,18,33,64,115,0,0,36,19,55,0,18,69,83,170,12,122,134,304
12/03/2004,FSM,AR,ASW,CE,Combined TRACON& Tower with Radar,1,18,29,66,114,0,0,39,11,50,1,18,68,77,164,30,38,68,232
12/04/2004,FSM,AR,ASW,CE,Combined TRACON& Tower with Radar,0,16,14,20,50,0,1,57,6,64,0,17,71,26,114,10,40,50,164
12/05/2004,FSM,AR,ASW,CE,Combined TRACON& Tower with Radar,0,17,20,16,53,0,0,0,0,0,0,17,20,16,53,0,0,0,53
12/06/2004,FSM,AR,ASW,CE,Combined TRACON& Tower with Radar,1,19,24,1,45,0,0,2,0,2,1,19,26,1,47,0,0,0,47
12/07/2004,FSM,AR,ASW,CE,Combined TRACON& Tower with Radar,0,20,24,91,135,0,0,12,43,55,0,20,36,134,190,8,78,86,276
12/08/2004,FSM,AR,ASW,CE,Combined TRACON& Tower with Radar,0,24,39,122,185,0,0,37,28,65,0,24,76,150,250,24,182,206,456
12/09/2004,FSM,AR,ASW,CE,Combined TRACON& Tower with Radar,0,28,41,178,247,0,2,16,40,58,0,30,57,218,305,16,142,158,463
12/10/2004,FSM,AR,ASW,CE,Combined TRACON& Tower with Radar,1,22,28,83,134,0,1,23,14,38,1,23,51,97,172,4,74,78,250
12/11/2004,FSM,AR,ASW,CE,Combined TRACON& Tower with Radar,0,17,18,25,60,0,0,64,7,71,0,17,82,32,131,46,20,66,197
12/12/2004,FSM,AR,ASW,CE,Combined TRACON& Tower with Radar,0,13,9,61,83,0,0,42,0,42,0,13,51,61,125,14,4,18,143
12/13/2004,FSM,AR,ASW,CE,Combined TRACON& Tower with Radar,0,19,33,95,147,0,0,27,33,60,0,19,60,128,207,12,68,80,287
12/14/2004,FSM,AR,ASW,CE,Combined TRACON& Tower with Radar,0,21,53,69,143,0,0,43,18,61,0,21,96,87,204,12,66,78,282
12/15/2004,FSM,AR,ASW,CE,Combined TRACON& Tower with Radar,0,21,30,74,125,0,0,34,37,71,0,21,64,111,196,12,84,96,292
12/16/2004,FSM,AR,ASW,CE,Combined TRACON& Tower with Radar,1,22,32,73,128,0,0,50,25,75,1,22,82,98,203,50,58,108,311
12/17/2004,FSM,AR,ASW,CE,Combined TRACON& Tower with Radar,0,18,30,88,136,0,0,52,24,76,0,18,82,112,212,42,58,100,312
12/18/2004,FSM,AR,ASW,CE,Combined TRACON& Tower with Radar,0,20,17,0,37,0,0,42,0,42,0,20,59,0,79,22,0,22,101
12/19/2004,FSM,AR,ASW,CE,Combined TRACON& Tower with Radar,0,18,17,47,82,0,0,23,7,30,0,18,40,54,112,8,20,28,140
12/20/2004,FSM,AR,ASW,CE,Combined TRACON& Tower with Radar,0,20,23,14,57,0,0,47,25,72,0,20,70,39,129,8,18,26,155
12/21/2004,FSM,AR,ASW,CE,Combined TRACON& Tower with Radar,0,21,42,76,139,0,0,23,15,38,0,21,65,91,177,18,82,100,277
12/22/2004,FSM,AR,ASW,CE,Combined TRACON& Tower with Radar,0,9,13,0,22,0,0,2,0,2,0,9,15,0,24,0,0,0,24
12/23/2004,FSM,AR,ASW,CE,Combined TRACON& Tower with Radar,0,15,32,0,47,0,1,20,0,21,0,16,52,0,68,0,0,0,68
12/24/2004,FSM,AR,ASW,CE,Combined TRACON& Tower with Radar,1,11,12,0,24,0,0,13,0,13,1,11,25,0,37,0,0,0,37
12/25/2004,FSM,AR,ASW,CE,Combined TRACON& Tower with Radar,0,10,7,0,17,0,0,11,0,11,0,10,18,0,28,16,0,16,44
12/26/2004,FSM,AR,ASW,CE,Combined TRACON& Tower with Radar,0,14,6,0,20,0,0,38,0,38,0,14,44,0,58,28,0,28,86
12/27/2004,FSM,AR,ASW,CE,Combined TRACON& Tower with Radar,1,17,19,20,57,0,0,28,11,39,1,17,47,31,96,0,0,0,96
12/28/2004,FSM,AR,ASW,CE,Combined TRACON& Tower with Radar,0,18,16,16,50,0,0,16,6,22,0,18,32,22,72,2,6,8,80
12/29/2004,FSM,AR,ASW,CE,Combined TRACON& Tower with Radar,0,21,42,19,82,0,0,8,4,12,0,21,50,23,94,6,12,18,112
12/30/2004,FSM,AR,ASW,CE,Combined TRACON& Tower with Radar,0,20,23,0,43,0,0,6,0,6,0,20,29,0,49,0,0,0,49
12/31/2004,FSM,AR,ASW,CE,Combined TRACON& Tower with Radar,0,18,27,0,45,0,1,16,0,17,0,19,43,0,62,8,0,8,70
01/01/2005,FSM,AR,ASW,CE,Combined TRACON& Tower with Radar,0,15,14,0,29,0,0,10,0,10,0,15,24,0,39,16,0,16,55
01/02/2005,FSM,AR,ASW,CE,Combined TRACON& Tower with Radar,0,14,23,0,37,0,0,0,0,0,0,14,23,0,37,2,0,2,39
01/03/2005,FSM,AR,ASW,CE,Combined TRACON& Tower with Radar,2,14,12,34,62,0,0,0,0,0,2,14,12,34,62,0,0,0,62
01/04/2005,FSM,AR,ASW,CE,Combined TRACON& Tower with Radar,3,17,29,8,57,0,0,12,0,12,3,17,41,8,69,0,0,0,69
01/05/2005,FSM,AR,ASW,CE,Combined TRACON& Tower with Radar,0,22,24,3,49,0,0,0,0,0,0,22,24,3,49,0,0,0,49
01/06/2005,FSM,AR,ASW,CE,Combined TRACON& Tower with Radar,0,21,35,51,107,0,4,27,16,47,0,25,62,67,154,14,212,226,380
01/07/2005,FSM,AR,ASW,CE,Combined TRACON& Tower with Radar,0,18,35,28,81,0,0,3,0,3,0,18,38,28,84,8,6,14,98
01/08/2005,FSM,AR,ASW,CE,Combined TRACON& Tower with Radar,0,18,14,21,53,0,0,17,15,32,0,18,31,36,85,12,50,62,147
01/09/2005,FSM,AR,ASW,CE,Combined TRACON& Tower with Radar,0,15,21,23,59,0,0,63,1,64,0,15,84,24,123,64,8,72,195
01/10/2005,FSM,AR,ASW,CE,Combined TRACON& Tower with Radar,0,26,37,24,87,0,0,2,3,5,0,26,39,27,92,8,1,9,101
01/11/2005,FSM,AR,ASW,CE,Combined TRACON& Tower with Radar,0,20,31,35,86,0,0,7,12,19,0,20,38,47,105,8,38,46,151
01/12/2005,FSM,AR,ASW,CE,Combined TRACON& Tower with Radar,3,17,20,47,87,0,0,2,22,24,3,17,22,69,111,0,70,70,181
01/13/2005,FSM,AR,ASW,CE,Combined TRACON& Tower with Radar,0,24,26,90,140,0,0,11,21,32,0,24,37,111,172,12,62,74,246
01/14/2005,FSM,AR,ASW,CE,Combined TRACON& Tower with Radar,0,25,23,86,134,0,0,28,13,41,0,25,51,99,175,36,122,158,333
01/15/2005,FSM,AR,ASW,CE,Combined TRACON& Tower with Radar,0,22,26,20,68,0,7,50,0,57,0,29,76,20,125,30,4,34,159
01/16/2005,FSM,AR,ASW,CE,Combined TRACON& Tower with Radar,3,16,20,25,64,0,1,42,10,53,3,17,62,35,117,12,24,36,153
01/17/2005,FSM,AR,ASW,CE,Combined TRACON& Tower with Radar,0,19,14,6,39,0,2,28,2,32,0,21,42,8,71,40,0,40,111
01/18/2005,FSM,AR,ASW,CE,Combined TRACON& Tower with Radar,0,22,44,46,112,0,0,21,20,41,0,22,65,66,153,0,52,52,205
01/19/2005,FSM,AR,ASW,CE,Combined TRACON& Tower with Radar,0,23,23,54,100,0,0,15,23,38,0,23,38,77,138,6,64,70,208
01/20/2005,FSM,AR,ASW,CE,Combined TRACON& Tower with Radar,0,20,24,79,123,0,3,27,17,47,0,23,51,96,170,4,98,102,272
01/21/2005,FSM,AR,ASW,CE,Combined TRACON& Tower with Radar,0,22,43,141,206,0,0,20,26,46,0,22,63,167,252,10,185,195,447
01/22/2005,FSM,AR,ASW,CE,Combined TRACON& Tower with Radar,0,14,7,3,24,0,0,0,0,0,0,14,7,3,24,0,12,12,36
01/23/2005,FSM,AR,ASW,CE,Combined TRACON& Tower with Radar,0,22,14,35,71,0,0,31,0,31,0,22,45,35,102,10,20,30,132
01/24/2005,FSM,AR,ASW,CE,Combined TRACON& Tower with Radar,0,20,39,57,116,0,1,24,7,32,0,21,63,64,148,2,96,98,246
01/25/2005,FSM,AR,ASW,CE,Combined TRACON& Tower with Radar,0,20,28,61,109,0,0,47,38,85,0,20,75,99,194,76,201,277,471
01/26/2005,FSM,AR,ASW,CE,Combined TRACON& Tower with Radar,0,19,31,92,142,0,0,50,54,104,0,19,81,146,246,10,98,108,354
01/27/2005,FSM,AR,ASW,CE,Combined TRACON& Tower with Radar,0,16,41,89,146,0,0,25,19,44,0,16,66,108,190,22,82,104,294
01/28/2005,FSM,AR,ASW,CE,Combined TRACON& Tower with Radar,1,19,26,27,73,0,0,0,0,0,1,19,26,27,73,0,2,2,75
01/29/2005,FSM,AR,ASW,CE,Combined TRACON& Tower with Radar,3,17,14,14,48,0,0,1,0,1,3,17,15,14,49,0,8,8,57
01/30/2005,FSM,AR,ASW,CE,Combined TRACON& Tower with Radar,0,17,20,11,48,0,0,0,2,2,0,17,20,13,50,0,0,0,50
01/31/2005,FSM,AR,ASW,CE,Combined TRACON& Tower with Radar,1,18,20,72,111,0,0,0,2,2,1,18,20,74,113,0,12,12,125
02/01/2005,FSM,AR,ASW,CE,Combined TRACON& Tower with Radar,0,33,38,56,127,0,2,3,11,16,0,35,41,67,143,12,48,60,203
02/02/2005,FSM,AR,ASW,CE,Combined TRACON& Tower with Radar,0,21,18,37,76,0,0,0,0,0,0,21,18,37,76,0,0,0,76
02/03/2005,FSM,AR,ASW,CE,Combined TRACON& Tower with Radar,0,27,44,50,121,0,0,26,8,34,0,27,70,58,155,0,0,0,155
02/04/2005,FSM,AR,ASW,CE,Combined TRACON& Tower with Radar,0,15,29,132,176,0,2,57,15,74,0,17,86,147,250,18,130,148,398
02/05/2005,FSM,AR,ASW,CE,Combined TRACON& Tower with Radar,0,22,30,20,72,0,1,72,12,85,0,23,102,32,157,32,6,38,195
02/06/2005,FSM,AR,ASW,CE,Combined TRACON& Tower with Radar,3,18,28,0,49,0,0,1,0,1,3,18,29,0,50,0,0,0,50
02/07/2005,FSM,AR,ASW,CE,Combined TRACON& Tower with Radar,2,19,30,35,86,0,0,0,0,0,2,19,30,35,86,0,0,0,86
02/08/2005,FSM,AR,ASW,CE,Combined TRACON& Tower with Radar,0,20,35,150,205,0,0,5,48,53,0,20,40,198,258,6,70,76,334
02/09/2005,FSM,AR,ASW,CE,Combined TRACON& Tower with Radar,1,19,21,121,162,0,1,17,23,41,1,20,38,144,203,16,84,100,303
02/10/2005,FSM,AR,ASW,CE,Combined TRACON& Tower with Radar,2,22,40,71,135,0,1,30,34,65,2,23,70,105,200,10,107,117,317
02/11/2005,FSM,AR,ASW,CE,Combined TRACON& Tower with Radar,3,18,35,86,142,0,2,48,24,74,3,20,83,110,216,30,188,218,434
02/12/2005,FSM,AR,ASW,CE,Combined TRACON& Tower with Radar,4,15,16,32,67,0,0,11,4,15,4,15,27,36,82,0,52,52,134
02/13/2005,FSM,AR,ASW,CE,Combined TRACON& Tower with Radar,0,15,8,55,78,0,0,1,5,6,0,15,9,60,84,0,20,20,104
02/14/2005,FSM,AR,ASW,CE,Combined TRACON& Tower with Radar,0,25,14,61,100,0,0,38,18,56,0,25,52,79,156,58,60,118,274
02/15/2005,FSM,AR,ASW,CE,Combined TRACON& Tower with Radar,2,22,43,40,107,0,1,34,25,60,2,23,77,65,167,6,40,46,213
02/16/2005,FSM,AR,ASW,CE,Combined TRACON& Tower with Radar,0,17,35,39,91,0,0,35,21,56,0,17,70,60,147,8,18,26,173
02/17/2005,FSM,AR,ASW,CE,Combined TRACON& Tower with Radar,0,25,53,50,128,0,0,39,7,46,0,25,92,57,174,12,26,38,212
02/18/2005,FSM,AR,ASW,CE,Combined TRACON& Tower with Radar,2,18,28,76,124,0,0,36,5,41,2,18,64,81,165,16,90,106,271
02/19/2005,FSM,AR,ASW,CE,Combined TRACON& Tower with Radar,0,21,22,5,48,0,0,15,0,15,0,21,37,5,63,46,8,54,117
02/20/2005,FSM,AR,ASW,CE,Combined TRACON& Tower with Radar,0,16,9,3,28,0,0,12,0,12,0,16,21,3,40,0,0,0,40
02/21/2005,FSM,AR,ASW,CE,Combined TRACON& Tower with Radar,0,21,24,5,50,0,0,29,4,33,0,21,53,9,83,12,4,16,99
02/22/2005,FSM,AR,ASW,CE,Combined TRACON& Tower with Radar,0,22,37,63,122,0,0,41,31,72,0,22,78,94,194,10,90,100,294
02/23/2005,FSM,AR,ASW,CE,Combined TRACON& Tower with Radar,0,20,21,69,110,0,0,0,0,0,0,20,21,69,110,0,16,16,126
02/24/2005,FSM,AR,ASW,CE,Combined TRACON& Tower with Radar,0,19,43,81,143,0,0,12,19,31,0,19,55,100,174,2,58,60,234
02/25/2005,FSM,AR,ASW,CE,Combined TRACON& Tower with Radar,0,18,27,110,155,0,0,40,21,61,0,18,67,131,216,20,108,128,344
02/26/2005,FSM,AR,ASW,CE,Combined TRACON& Tower with Radar,0,18,14,24,56,0,2,26,3,31,0,20,40,27,87,0,0,0,87
02/27/2005,FSM,AR,ASW,CE,Combined TRACON& Tower with Radar,0,16,26,6,48,0,0,12,1,13,0,16,38,7,61,0,0,0,61
02/28/2005,FSM,AR,ASW,CE,Combined TRACON& Tower with Radar,4,16,34,89,143,0,0,14,13,27,4,16,48,102,170,0,90,90,260
03/01/2005,FSM,AR,ASW,CE,Combined TRACON& Tower with Radar,1,18,39,81,139,0,3,28,38,69,1,21,67,119,208,14,86,100,308
03/02/2005,FSM,AR,ASW,CE,Combined TRACON& Tower with Radar,0,19,40,24,83,0,2,11,6,19,0,21,51,30,102,0,4,4,106
03/03/2005,FSM,AR,ASW,CE,Combined TRACON& Tower with Radar,0,19,49,68,136,0,1,26,9,36,0,20,75,77,172,38,20,58,230
03/04/2005,FSM,AR,ASW,CE,Combined TRACON& Tower with Radar,0,22,22,39,83,0,0,25,2,27,0,22,47,41,110,20,12,32,142
03/05/2005,FSM,AR,ASW,CE,Combined TRACON& Tower with Radar,0,19,17,9,45,0,0,54,3,57,0,19,71,12,102,16,42,58,160
03/06/2005,FSM,AR,ASW,CE,Combined TRACON& Tower with Radar,0,15,15,10,40,0,0,46,2,48,0,15,61,12,88,18,10,28,116
03/07/2005,FSM,AR,ASW,CE,Combined TRACON& Tower with Radar,5,20,23,80,128,0,1,3,29,33,5,21,26,109,161,0,76,76,237
03/08/2005,FSM,AR,ASW,CE,Combined TRACON& Tower with Radar,2,18,34,77,131,0,1,43,36,80,2,19,77,113,211,15,106,121,332
03/09/2005,FSM,AR,ASW,CE,Combined TRACON& Tower with Radar,3,19,41,57,120,0,0,10,8,18,3,19,51,65,138,8,4,12,150
03/10/2005,FSM,AR,ASW,CE,Combined TRACON& Tower with Radar,0,21,42,67,130,0,0,38,20,58,0,21,80,87,188,24,46,70,258
03/11/2005,FSM,AR,ASW,CE,Combined TRACON& Tower with Radar,7,14,38,68,127,0,0,37,6,43,7,14,75,74,170,2,40,42,212
03/12/2005,FSM,AR,ASW,CE,Combined TRACON& Tower with Radar,2,16,15,31,64,0,0,43,33,76,2,16,58,64,140,12,28,40,180
03/13/2005,FSM,AR,ASW,CE,Combined TRACON& Tower with Radar,0,17,23,50,90,0,0,18,23,41,0,17,41,73,131,16,40,56,187
03/14/2005,FSM,AR,ASW,CE,Combined TRACON& Tower with Radar,0,20,35,84,139,0,4,26,25,55,0,24,61,109,194,44,56,100,294
03/15/2005,FSM,AR,ASW,CE,Combined TRACON& Tower with Radar,0,22,45,43,110,0,0,9,16,25,0,22,54,59,135,0,52,52,187
03/16/2005,FSM,AR,ASW,CE,Combined TRACON& Tower with Radar,2,17,32,92,143,0,0,14,23,37,2,17,46,115,180,28,138,166,346
03/17/2005,FSM,AR,ASW,CE,Combined TRACON& Tower with Radar,0,19,34,100,153,0,1,30,49,80,0,20,64,149,233,0,186,186,419
03/18/2005,FSM,AR,ASW,CE,Combined TRACON& Tower with Radar,1,15,28,33,77,0,0,25,5,30,1,15,53,38,107,0,8,8,115
03/19/2005,FSM,AR,ASW,CE,Combined TRACON& Tower with Radar,2,13,30,10,55,0,0,50,6,56,2,13,80,16,111,20,32,52,163
03/20/2005,FSM,AR,ASW,CE,Combined TRACON& Tower with Radar,0,22,18,37,77,0,0,43,6,49,0,22,61,43,126,22,10,32,158
03/21/2005,FSM,AR,ASW,CE,Combined TRACON& Tower with Radar,3,14,23,0,40,0,0,0,0,0,3,14,23,0,40,0,0,0,40
03/22/2005,FSM,AR,ASW,CE,Combined TRACON& Tower with Radar,0,21,20,53,94,0,1,9,7,17,0,22,29,60,111,0,68,68,179
03/23/2005,FSM,AR,ASW,CE,Combined TRACON& Tower with Radar,0,28,29,90,147,0,0,15,33,48,0,28,44,123,195,26,57,83,278
03/24/2005,FSM,AR,ASW,CE,Combined TRACON& Tower with Radar,0,17,25,72,114,0,0,22,15,37,0,17,47,87,151,14,66,80,231
03/25/2005,FSM,AR,ASW,CE,Combined TRACON& Tower with Radar,1,20,25,28,74,0,0,9,5,14,1,20,34,33,88,0,0,0,88
03/26/2005,FSM,AR,ASW,CE,Combined TRACON& Tower with Radar,0,16,5,0,21,0,0,2,0,2,0,16,7,0,23,10,0,10,33
03/27/2005,FSM,AR,ASW,CE,Combined TRACON& Tower with Radar,0,21,13,0,34,0,0,1,0,1,0,21,14,0,35,0,0,0,35
03/28/2005,FSM,AR,ASW,CE,Combined TRACON& Tower with Radar,0,22,21,67,110,0,2,25,26,53,0,24,46,93,163,74,62,136,299
03/29/2005,FSM,AR,ASW,CE,Combined TRACON& Tower with Radar,0,22,17,62,101,0,0,31,7,38,0,22,48,69,139,4,14,18,157
03/30/2005,FSM,AR,ASW,CE,Combined TRACON& Tower with Radar,4,18,27,47,96,0,0,28,6,34,4,18,55,53,130,0,42,42,172
03/31/2005,FSM,AR,ASW,CE,Combined TRACON& Tower with Radar,0,21,59,80,160,0,0,15,18,33,0,21,74,98,193,12,52,64,257
04/01/2005,FSM,AR,ASW,CE,Combined TRACON& Tower with Radar,3,18,33,9,63,0,0,18,0,18,3,18,51,9,81,0,0,0,81
04/02/2005,FSM,AR,ASW,CE,Combined TRACON& Tower with Radar,4,14,17,0,35,0,0,85,6,91,4,14,102,6,126,116,8,124,250
04/03/2005,FSM,AR,ASW,CE,Combined TRACON& Tower with Radar,2,17,13,17,49,0,0,60,1,61,2,17,73,18,110,26,4,30,140
04/04/2005,FSM,AR,ASW,CE,Combined TRACON& Tower with Radar,5,20,19,38,82,0,0,9,31,40,5,20,28,69,122,0,106,106,228
04/05/2005,FSM,AR,ASW,CE,Combined TRACON& Tower with Radar,2,17,25,23,67,0,2,7,6,15,2,19,32,29,82,2,44,46,128
04/06/2005,FSM,AR,ASW,CE,Combined TRACON& Tower with Radar,0,17,33,15,65,0,0,0,0,0,0,17,33,15,65,0,40,40,105
04/07/2005,FSM,AR,ASW,CE,Combined TRACON& Tower with Radar,8,26,22,73,129,0,0,3,5,8,8,26,25,78,137,0,2,2,139
04/08/2005,FSM,AR,ASW,CE,Combined TRACON& Tower with Radar,0,22,27,85,134,0,0,43,23,66,0,22,70,108,200,32,112,144,344
04/09/2005,FSM,AR,ASW,CE,Combined TRACON& Tower with Radar,0,20,17,8,45,0,1,45,11,57,0,21,62,19,102,4,18,22,124
04/10/2005,FSM,AR,ASW,CE,Combined TRACON& Tower with Radar,0,20,17,17,54,0,0,15,9,24,0,20,32,26,78,16,0,16,94
04/11/2005,FSM,AR,ASW,CE,Combined TRACON& Tower with Radar,0,24,26,16,66,0,2,16,5,23,0,26,42,21,89,2,10,12,101
04/12/2005,FSM,AR,ASW,CE,Combined TRACON& Tower with Radar,0,26,38,67,131,0,2,12,34,48,0,28,50,101,179,0,100,100,279
04/13/2005,FSM,AR,ASW,CE,Combined TRACON& Tower with Radar,1,23,47,90,161,0,0,8,17,25,1,23,55,107,186,6,154,160,346
04/14/2005,FSM,AR,ASW,CE,Combined TRACON& Tower with Radar,0,19,37,65,121,0,1,51,14,66,0,20,88,79,187,34,56,90,277
04/15/2005,FSM,AR,ASW,CE,Combined TRACON& Tower with Radar,4,21,33,50,108,0,0,48,6,54,4,21,81,56,162,32,34,66,228
04/16/2005,FSM,AR,ASW,CE,Combined TRACON& Tower with Radar,0,17,11,7,35,0,1,44,0,45,0,18,55,7,80,76,0,76,156
04/17/2005,FSM,AR,ASW,CE,Combined TRACON& Tower with Radar,1,18,16,18,53,0,3,24,1,28,1,21,40,19,81,44,4,48,129
04/18/2005,FSM,AR,ASW,CE,Combined TRACON& Tower with Radar,5,17,40,51,113,0,0,12,39,51,5,17,52,90,164,0,83,83,247
04/19/2005,FSM,AR,ASW,CE,Combined TRACON& Tower with Radar,0,18,27,77,122,0,0,24,41,65,0,18,51,118,187,6,94,100,287
04/20/2005,FSM,AR,ASW,CE,Combined TRACON& Tower with Radar,0,29,31,41,101,0,0,12,32,44,0,29,43,73,145,0,112,112,257
04/21/2005,FSM,AR,ASW,CE,Combined TRACON& Tower with Radar,0,29,33,34,96,0,0,16,24,40,0,29,49,58,136,0,64,64,200
04/22/2005,FSM,AR,ASW,CE,Combined TRACON& Tower with Radar,0,20,20,36,76,0,1,14,4,19,0,21,34,40,95,12,70,82,177
04/23/2005,FSM,AR,ASW,CE,Combined TRACON& Tower with Radar,0,20,27,32,79,0,1,25,5,31,0,21,52,37,110,4,2,6,116
04/24/2005,FSM,AR,ASW,CE,Combined TRACON& Tower with Radar,0,23,11,32,66,0,3,60,10,73,0,26,71,42,139,42,20,62,201
04/25/2005,FSM,AR,ASW,CE,Combined TRACON& Tower with Radar,0,19,17,53,89,0,3,14,35,52,0,22,31,88,141,0,54,54,195
04/26/2005,FSM,AR,ASW,CE,Combined TRACON& Tower with Radar,0,25,26,96,147,0,1,51,49,101,0,26,77,145,248,18,70,88,336
04/27/2005,FSM,AR,ASW,CE,Combined TRACON& Tower with Radar,1,21,33,48,103,0,0,35,25,60,1,21,68,73,163,4,30,34,197
04/28/2005,FSM,AR,ASW,CE,Combined TRACON& Tower with Radar,1,18,38,40,97,0,0,12,14,26,1,18,50,54,123,0,0,0,123
04/29/2005,FSM,AR,ASW,CE,Combined TRACON& Tower with Radar,0,16,29,41,86,0,0,0,12,12,0,16,29,53,98,0,22,22,120
04/30/2005,FSM,AR,ASW,CE,Combined TRACON& Tower with Radar,0,20,18,8,46,0,0,47,1,48,0,20,65,9,94,24,0,24,118
05/01/2005,FSM,AR,ASW,CE,Combined TRACON& Tower with Radar,2,16,33,2,53,0,0,35,9,44,2,16,68,11,97,24,0,24,121
05/02/2005,FSM,AR,ASW,CE,Combined TRACON& Tower with Radar,0,21,33,42,96,0,0,17,23,40,0,21,50,65,136,26,4,30,166
05/03/2005,FSM,AR,ASW,CE,Combined TRACON& Tower with Radar,0,26,32,47,105,0,0,50,26,76,0,26,82,73,181,40,94,134,315
05/04/2005,FSM,AR,ASW,CE,Combined TRACON& Tower with Radar,0,19,36,36,91,0,2,38,30,70,0,21,74,66,161,28,120,148,309
05/05/2005,FSM,AR,ASW,CE,Combined TRACON& Tower with Radar,0,30,40,151,221,0,0,48,38,86,0,30,88,189,307,46,140,186,493
05/06/2005,FSM,AR,ASW,CE,Combined TRACON& Tower with Radar,2,21,22,46,91,0,2,53,18,73,2,23,75,64,164,52,50,102,266
05/07/2005,FSM,AR,ASW,CE,Combined TRACON& Tower with Radar,0,19,15,3,37,0,0,62,1,63,0,19,77,4,100,76,0,76,176
05/08/2005,FSM,AR,ASW,CE,Combined TRACON& Tower with Radar,1,16,12,1,30,0,1,6,0,7,1,17,18,1,37,0,0,0,37
05/09/2005,FSM,AR,ASW,CE,Combined TRACON& Tower with Radar,0,22,23,70,115,0,0,22,23,45,0,22,45,93,160,32,36,68,228
05/10/2005,FSM,AR,ASW,CE,Combined TRACON& Tower with Radar,0,24,41,27,92,0,0,0,0,0,0,24,41,27,92,12,40,52,144
05/11/2005,FSM,AR,ASW,CE,Combined TRACON& Tower with Radar,2,43,37,53,135,0,0,44,10,54,2,43,81,63,189,10,14,24,213
05/12/2005,FSM,AR,ASW,CE,Combined TRACON& Tower with Radar,0,21,50,72,143,0,1,65,16,82,0,22,115,88,225,50,62,112,337
05/13/2005,FSM,AR,ASW,CE,Combined TRACON& Tower with Radar,0,23,32,8,63,0,1,37,5,43,0,24,69,13,106,58,17,75,181
05/14/2005,FSM,AR,ASW,CE,Combined TRACON& Tower with Radar,0,17,9,3,29,4,3,21,5,33,4,20,30,8,62,22,6,28,90
05/15/2005,FSM,AR,ASW,CE,Combined TRACON& Tower with Radar,2,20,8,13,43,0,0,49,4,53,2,20,57,17,96,42,10,52,148
05/16/2005,FSM,AR,ASW,CE,Combined TRACON& Tower with Radar,1,21,24,65,111,0,4,31,26,61,1,25,55,91,172,28,44,72,244
05/17/2005,FSM,AR,ASW,CE,Combined TRACON& Tower with Radar,2,20,29,70,121,0,1,59,15,75,2,21,88,85,196,8,142,150,346
05/18/2005,FSM,AR,ASW,CE,Combined TRACON& Tower with Radar,2,22,43,73,140,0,0,28,25,53,2,22,71,98,193,26,114,140,333
05/19/2005,FSM,AR,ASW,CE,Combined TRACON& Tower with Radar,0,18,55,57,130,0,1,20,12,33,0,19,75,69,163,2,64,66,229
05/20/2005,FSM,AR,ASW,CE,Combined TRACON& Tower with Radar,0,19,23,98,140,0,0,43,29,72,0,19,66,127,212,70,72,142,354
05/21/2005,FSM,AR,ASW,CE,Combined TRACON& Tower with Radar,0,16,24,11,51,0,0,57,18,75,0,16,81,29,126,16,64,80,206
05/22/2005,FSM,AR,ASW,CE,Combined TRACON& Tower with Radar,0,18,19,11,48,0,1,37,2,40,0,19,56,13,88,40,0,40,128
05/23/2005,FSM,AR,ASW,CE,Combined TRACON& Tower with Radar,1,22,23,25,71,0,0,10,31,41,1,22,33,56,112,8,34,42,154
05/24/2005,FSM,AR,ASW,CE,Combined TRACON& Tower with Radar,0,18,56,13,87,0,0,25,8,33,0,18,81,21,120,26,10,36,156
05/25/2005,FSM,AR,ASW,CE,Combined TRACON& Tower with Radar,0,23,37,50,110,0,0,39,25,64,0,23,76,75,174,14,126,140,314
05/26/2005,FSM,AR,ASW,CE,Combined TRACON& Tower with Radar,2,16,25,7,50,0,0,27,0,27,2,16,52,7,77,48,2,50,127
05/27/2005,FSM,AR,ASW,CE,Combined TRACON& Tower with Radar,0,18,21,0,39,0,2,28,1,31,0,20,49,1,70,34,0,34,104
05/28/2005,FSM,AR,ASW,CE,Combined TRACON& Tower with Radar,2,13,18,6,39,0,0,42,6,48,2,13,60,12,87,46,0,46,133
05/29/2005,FSM,AR,ASW,CE,Combined TRACON& Tower with Radar,2,17,17,2,38,0,0,13,3,16,2,17,30,5,54,4,0,4,58
05/30/2005,FSM,AR,ASW,CE,Combined TRACON& Tower with Radar,0,16,34,11,61,0,0,27,10,37,0,16,61,21,98,28,24,52,150
05/31/2005,FSM,AR,ASW,CE,Combined TRACON& Tower with Radar,0,19,33,40,92,0,0,25,21,46,0,19,58,61,138,0,12,12,150
06/01/2005,FSM,AR,ASW,CE,Combined TRACON& Tower with Radar,1,24,32,58,115,0,0,14,2,16,1,24,46,60,131,18,0,18,149
06/02/2005,FSM,AR,ASW,CE,Combined TRACON& Tower with Radar,0,25,28,61,114,0,0,45,14,59,0,25,73,75,173,14,14,28,201
06/03/2005,FSM,AR,ASW,CE,Combined TRACON& Tower with Radar,0,18,26,119,163,0,0,35,24,59,0,18,61,143,222,6,26,32,254
06/04/2005,FSM,AR,ASW,CE,Combined TRACON& Tower with Radar,0,18,14,0,32,0,0,48,19,67,0,18,62,19,99,48,0,48,147
06/05/2005,FSM,AR,ASW,CE,Combined TRACON& Tower with Radar,0,19,20,29,68,0,2,24,29,55,0,21,44,58,123,8,12,20,143
06/06/2005,FSM,AR,ASW,CE,Combined TRACON& Tower with Radar,3,18,18,51,90,0,0,35,35,70,3,18,53,86,160,24,40,64,224
06/07/2005,FSM,AR,ASW,CE,Combined TRACON& Tower with Radar,4,17,38,40,99,0,0,17,9,26,4,17,55,49,125,8,44,52,177
06/08/2005,FSM,AR,ASW,CE,Combined TRACON& Tower with Radar,1,25,51,85,162,0,0,42,49,91,1,25,93,134,253,20,196,216,469
06/09/2005,FSM,AR,ASW,CE,Combined TRACON& Tower with Radar,0,20,42,29,91,0,1,33,19,53,0,21,75,48,144,2,12,14,158
06/10/2005,FSM,AR,ASW,CE,Combined TRACON& Tower with Radar,2,18,43,60,123,0,0,18,12,30,2,18,61,72,153,2,22,24,177
06/11/2005,FSM,AR,ASW,CE,Combined TRACON& Tower with Radar,2,20,17,0,39,0,2,14,6,22,2,22,31,6,61,8,0,8,69
06/12/2005,FSM,AR,ASW,CE,Combined TRACON& Tower with Radar,2,23,19,9,53,0,0,42,5,47,2,23,61,14,100,36,2,38,138
06/13/2005,FSM,AR,ASW,CE,Combined TRACON& Tower with Radar,1,19,27,32,79,0,0,21,36,57,1,19,48,68,136,0,28,28,164
06/14/2005,FSM,AR,ASW,CE,Combined TRACON& Tower with Radar,4,18,39,83,144,0,0,45,23,68,4,18,84,106,212,26,37,63,275
06/15/2005,FSM,AR,ASW,CE,Combined TRACON& Tower with Radar,3,25,34,26,88,0,0,38,19,57,3,25,72,45,145,56,24,80,225
06/16/2005,FSM,AR,ASW,CE,Combined TRACON& Tower with Radar,0,20,33,6,59,0,0,23,4,27,0,20,56,10,86,20,1,21,107
06/17/2005,FSM,AR,ASW,CE,Combined TRACON& Tower with Radar,0,18,35,28,81,0,0,14,0,14,0,18,49,28,95,28,2,30,125
06/18/2005,FSM,AR,ASW,CE,Combined TRACON& Tower with Radar,0,17,9,14,40,0,1,45,1,47,0,18,54,15,87,56,2,58,145
06/19/2005,FSM,AR,ASW,CE,Combined TRACON& Tower with Radar,0,18,19,1,38,0,0,24,0,24,0,18,43,1,62,22,0,22,84
06/20/2005,FSM,AR,ASW,CE,Combined TRACON& Tower with Radar,1,19,19,33,72,0,2,58,16,76,1,21,77,49,148,46,70,116,264
06/21/2005,FSM,AR,ASW,CE,Combined TRACON& Tower with Radar,0,21,18,15,54,0,0,41,12,53,0,21,59,27,107,38,14,52,159
06/22/2005,FSM,AR,ASW,CE,Combined TRACON& Tower with Radar,0,23,38,8,69,0,0,45,7,52,0,23,83,15,121,22,34,56,177
06/23/2005,FSM,AR,ASW,CE,Combined TRACON& Tower with Radar,0,19,32,17,68,0,4,31,9,44,0,23,63,26,112,18,6,24,136
06/24/2005,FSM,AR,ASW,CE,Combined TRACON& Tower with Radar,0,24,27,6,57,0,1,27,1,29,0,25,54,7,86,14,2,16,102
06/25/2005,FSM,AR,ASW,CE,Combined TRACON& Tower with Radar,0,15,7,5,27,0,0,20,3,23,0,15,27,8,50,20,28,48,98
06/26/2005,FSM,AR,ASW,CE,Combined TRACON& Tower with Radar,0,18,30,33,81,0,0,10,6,16,0,18,40,39,97,0,20,20,117
06/27/2005,FSM,AR,ASW,CE,Combined TRACON& Tower with Radar,0,26,29,21,76,0,0,28,3,31,0,26,57,24,107,18,8,26,133
06/28/2005,FSM,AR,ASW,CE,Combined TRACON& Tower with Radar,0,19,42,24,85,0,0,39,8,47,0,19,81,32,132,26,48,74,206
06/29/2005,FSM,AR,ASW,CE,Combined TRACON& Tower with Radar,1,21,32,51,105,0,1,24,23,48,1,22,56,74,153,20,127,147,300
06/30/2005,FSM,AR,ASW,CE,Combined TRACON& Tower with Radar,0,18,30,95,143,0,0,19,28,47,0,18,49,123,190,0,52,52,242
07/01/2005,FSM,AR,ASW,CE,Combined TRACON& Tower with Radar,0,17,34,12,63,0,0,12,2,14,0,17,46,14,77,0,10,10,87
07/02/2005,FSM,AR,ASW,CE,Combined TRACON& Tower with Radar,0,17,13,0,30,0,3,32,4,39,0,20,45,4,69,36,0,36,105
07/03/2005,FSM,AR,ASW,CE,Combined TRACON& Tower with Radar,0,17,16,0,33,0,0,4,0,4,0,17,20,0,37,0,0,0,37
07/04/2005,FSM,AR,ASW,CE,Combined TRACON& Tower with Radar,1,15,12,0,28,0,0,17,0,17,1,15,29,0,45,10,0,10,55
07/05/2005,FSM,AR,ASW,CE,Combined TRACON& Tower with Radar,0,21,21,52,94,0,0,23,1,24,0,21,44,53,118,4,29,33,151
07/06/2005,FSM,AR,ASW,CE,Combined TRACON& Tower with Radar,0,20,32,42,94,0,0,20,6,26,0,20,52,48,120,6,44,50,170
07/07/2005,FSM,AR,ASW,CE,Combined TRACON& Tower with Radar,0,14,39,53,106,0,0,46,21,67,0,14,85,74,173,36,96,132,305
07/08/2005,FSM,AR,ASW,CE,Combined TRACON& Tower with Radar,1,19,30,54,104,0,6,35,1,42,1,25,65,55,146,16,74,90,236
07/09/2005,FSM,AR,ASW,CE,Combined TRACON& Tower with Radar,3,15,11,26,55,0,0,34,2,36,3,15,45,28,91,30,4,34,125
07/10/2005,FSM,AR,ASW,CE,Combined TRACON& Tower with Radar,0,20,21,34,75,0,0,8,8,16,0,20,29,42,91,6,24,30,121
07/11/2005,FSM,AR,ASW,CE,Combined TRACON& Tower with Radar,2,27,30,13,72,0,0,17,7,24,2,27,47,20,96,6,0,6,102
07/12/2005,FSM,AR,ASW,CE,Combined TRACON& Tower with Radar,0,21,30,30,81,0,0,12,8,20,0,21,42,38,101,0,48,48,149
07/13/2005,FSM,AR,ASW,CE,Combined TRACON& Tower with Radar,0,20,44,45,109,0,0,20,12,32,0,20,64,57,141,6,20,26,167
07/14/2005,FSM,AR,ASW,CE,Combined TRACON& Tower with Radar,0,20,35,42,97,0,0,15,26,41,0,20,50,68,138,26,162,188,326
07/15/2005,FSM,AR,ASW,CE,Combined TRACON& Tower with Radar,0,20,51,42,113,0,0,20,5,25,0,20,71,47,138,6,36,42,180
07/16/2005,FSM,AR,ASW,CE,Combined TRACON& Tower with Radar,0,22,13,4,39,0,0,13,12,25,0,22,26,16,64,18,24,42,106
07/17/2005,FSM,AR,ASW,CE,Combined TRACON& Tower with Radar,0,23,16,26,65,0,0,31,10,41,0,23,47,36,106,56,20,76,182
07/18/2005,FSM,AR,ASW,CE,Combined TRACON& Tower with Radar,0,22,30,52,104,0,2,34,3,39,0,24,64,55,143,28,16,44,187
07/19/2005,FSM,AR,ASW,CE,Combined TRACON& Tower with Radar,0,19,31,52,102,0,0,42,11,53,0,19,73,63,155,60,76,136,291
07/20/2005,FSM,AR,ASW,CE,Combined TRACON& Tower with Radar,2,25,27,32,86,0,12,45,0,57,2,37,72,32,143,32,0,32,175
07/21/2005,FSM,AR,ASW,CE,Combined TRACON& Tower with Radar,0,20,40,25,85,0,4,40,13,57,0,24,80,38,142,8,52,60,202
07/22/2005,FSM,AR,ASW,CE,Combined TRACON& Tower with Radar,0,22,21,33,76,0,0,54,3,57,0,22,75,36,133,36,20,56,189
07/23/2005,FSM,AR,ASW,CE,Combined TRACON& Tower with Radar,0,15,9,29,53,0,2,47,2,51,0,17,56,31,104,36,70,106,210
07/24/2005,FSM,AR,ASW,CE,Combined TRACON& Tower with Radar,0,21,12,14,47,0,0,52,0,52,0,21,64,14,99,6,0,6,105
07/25/2005,FSM,AR,ASW,CE,Combined TRACON& Tower with Radar,3,23,30,32,88,0,1,18,11,30,3,24,48,43,118,0,168,168,286
07/26/2005,FSM,AR,ASW,CE,Combined TRACON& Tower with Radar,0,28,24,61,113,0,0,23,9,32,0,28,47,70,145,4,36,40,185
07/27/2005,FSM,AR,ASW,CE,Combined TRACON& Tower with Radar,0,22,37,5,64,0,0,6,2,8,0,22,43,7,72,0,0,0,72
07/28/2005,FSM,AR,ASW,CE,Combined TRACON& Tower with Radar,0,34,40,28,102,0,0,41,6,47,0,34,81,34,149,28,58,86,235
07/29/2005,FSM,AR,ASW,CE,Combined TRACON& Tower with Radar,0,21,20,61,102,0,1,67,8,76,0,22,87,69,178,12,138,150,328
07/30/2005,FSM,AR,ASW,CE,Combined TRACON& Tower with Radar,0,18,17,6,41,0,6,73,1,80,0,24,90,7,121,92,0,92,213
07/31/2005,FSM,AR,ASW,CE,Combined TRACON& Tower with Radar,0,19,21,19,59,0,0,46,2,48,0,19,67,21,107,36,6,42,149
08/01/2005,FSM,AR,ASW,CE,Combined TRACON& Tower with Radar,0,21,22,30,73,0,0,42,30,72,0,21,64,60,145,38,142,180,325
08/02/2005,FSM,AR,ASW,CE,Combined TRACON& Tower with Radar,0,21,30,31,82,0,10,19,16,45,0,31,49,47,127,20,112,132,259
08/03/2005,FSM,AR,ASW,CE,Combined TRACON& Tower with Radar,0,22,19,37,78,0,0,14,8,22,0,22,33,45,100,22,16,38,138
08/04/2005,FSM,AR,ASW,CE,Combined TRACON& Tower with Radar,0,15,23,12,50,0,0,24,4,28,0,15,47,16,78,2,34,36,114
08/05/2005,FSM,AR,ASW,CE,Combined TRACON& Tower with Radar,0,21,26,41,88,0,0,19,9,28,0,21,45,50,116,0,12,12,128
08/06/2005,FSM,AR,ASW,CE,Combined TRACON& Tower with Radar,1,16,7,16,40,0,0,28,8,36,1,16,35,24,76,14,22,36,112
08/07/2005,FSM,AR,ASW,CE,Combined TRACON& Tower with Radar,2,25,20,19,66,0,2,47,2,51,2,27,67,21,117,20,2,22,139
08/08/2005,FSM,AR,ASW,CE,Combined TRACON& Tower with Radar,7,17,30,56,110,0,2,21,14,37,7,19,51,70,147,8,74,82,229
08/09/2005,FSM,AR,ASW,CE,Combined TRACON& Tower with Radar,2,29,27,64,122,0,0,27,5,32,2,29,54,69,154,0,82,82,236
08/10/2005,FSM,AR,ASW,CE,Combined TRACON& Tower with Radar,0,16,25,38,79,0,0,26,4,30,0,16,51,42,109,12,90,102,211
08/11/2005,FSM,AR,ASW,CE,Combined TRACON& Tower with Radar,0,23,34,46,103,0,0,20,3,23,0,23,54,49,126,0,0,0,126
08/12/2005,FSM,AR,ASW,CE,Combined TRACON& Tower with Radar,0,20,25,66,111,0,0,32,7,39,0,20,57,73,150,18,34,52,202
08/13/2005,FSM,AR,ASW,CE,Combined TRACON& Tower with Radar,2,12,14,20,48,0,0,21,0,21,2,12,35,20,69,0,8,8,77
08/14/2005,FSM,AR,ASW,CE,Combined TRACON& Tower with Radar,0,26,17,2,45,0,0,17,4,21,0,26,34,6,66,20,4,24,90
08/15/2005,FSM,AR,ASW,CE,Combined TRACON& Tower with Radar,1,24,22,4,51,0,0,9,0,9,1,24,31,4,60,8,0,8,68
08/16/2005,FSM,AR,ASW,CE,Combined TRACON& Tower with Radar,0,19,54,26,99,0,0,21,0,21,0,19,75,26,120,8,7,15,135
08/17/2005,FSM,AR,ASW,CE,Combined TRACON& Tower with Radar,0,28,35,14,77,0,0,5,6,11,0,28,40,20,88,14,0,14,102
08/18/2005,FSM,AR,ASW,CE,Combined TRACON& Tower with Radar,0,23,27,64,114,0,0,22,23,45,0,23,49,87,159,12,162,174,333
08/19/2005,FSM,AR,ASW,CE,Combined TRACON& Tower with Radar,1,16,35,40,92,0,0,35,18,53,1,16,70,58,145,10,82,92,237
08/20/2005,FSM,AR,ASW,CE,Combined TRACON& Tower with Radar,0,18,16,35,69,0,1,22,4,27,0,19,38,39,96,0,14,14,110
08/21/2005,FSM,AR,ASW,CE,Combined TRACON& Tower with Radar,0,19,22,42,83,0,0,26,8,34,0,19,48,50,117,18,15,33,150
08/22/2005,FSM,AR,ASW,CE,Combined TRACON& Tower with Radar,0,25,20,19,64,0,2,29,5,36,0,27,49,24,100,30,8,38,138
08/23/2005,FSM,AR,ASW,CE,Combined TRACON& Tower with Radar,0,18,43,5,66,0,0,26,4,30,0,18,69,9,96,50,0,50,146
08/24/2005,FSM,AR,ASW,CE,Combined TRACON& Tower with Radar,2,19,34,70,125,0,0,18,17,35,2,19,52,87,160,22,110,132,292
08/25/2005,FSM,AR,ASW,CE,Combined TRACON& Tower with Radar,0,29,38,24,91,0,0,31,1,32,0,29,69,25,123,14,0,14,137
08/26/2005,FSM,AR,ASW,CE,Combined TRACON& Tower with Radar,0,24,35,47,106,0,1,29,3,33,0,25,64,50,139,16,12,28,167
08/27/2005,FSM,AR,ASW,CE,Combined TRACON& Tower with Radar,2,22,9,2,35,0,0,21,1,22,2,22,30,3,57,26,0,26,83
08/28/2005,FSM,AR,ASW,CE,Combined TRACON& Tower with Radar,2,21,9,31,63,0,4,30,2,36,2,25,39,33,99,14,0,14,113
08/29/2005,FSM,AR,ASW,CE,Combined TRACON& Tower with Radar,0,20,19,35,74,0,0,19,21,40,0,20,38,56,114,22,58,80,194
08/30/2005,FSM,AR,ASW,CE,Combined TRACON& Tower with Radar,0,26,35,69,130,0,0,30,32,62,0,26,65,101,192,4,66,70,262
08/31/2005,FSM,AR,ASW,CE,Combined TRACON& Tower with Radar,0,30,37,138,205,0,3,44,37,84,0,33,81,175,289,1,60,61,350
09/01/2005,FSM,AR,ASW,CE,Combined TRACON& Tower with Radar,2,23,30,92,147,0,0,39,19,58,2,23,69,111,205,22,26,48,253
09/02/2005,FSM,AR,ASW,CE,Combined TRACON& Tower with Radar,0,15,28,8,51,0,0,35,1,36,0,15,63,9,87,14,0,14,101
09/03/2005,FSM,AR,ASW,CE,Combined TRACON& Tower with Radar,6,19,8,7,40,0,1,24,5,30,6,20,32,12,70,26,0,26,96
09/04/2005,FSM,AR,ASW,CE,Combined TRACON& Tower with Radar,6,16,13,28,63,0,0,21,9,30,6,16,34,37,93,2,0,2,95
09/05/2005,FSM,AR,ASW,CE,Combined TRACON& Tower with Radar,0,19,21,3,43,0,0,36,5,41,0,19,57,8,84,6,0,6,90
09/06/2005,FSM,AR,ASW,CE,Combined TRACON& Tower with Radar,3,24,37,46,110,0,0,20,5,25,3,24,57,51,135,20,72,92,227
09/07/2005,FSM,AR,ASW,CE,Combined TRACON& Tower with Radar,1,25,38,60,124,0,0,27,41,68,1,25,65,101,192,8,88,96,288
09/08/2005,FSM,AR,ASW,CE,Combined TRACON& Tower with Radar,0,20,41,58,119,0,1,35,20,56,0,21,76,78,175,20,48,68,243
09/09/2005,FSM,AR,ASW,CE,Combined TRACON& Tower with Radar,0,26,32,42,100,0,0,38,24,62,0,26,70,66,162,4,38,42,204
09/10/2005,FSM,AR,ASW,CE,Combined TRACON& Tower with Radar,0,18,10,19,47,0,1,37,24,62,0,19,47,43,109,10,26,36,145
09/11/2005,FSM,AR,ASW,CE,Combined TRACON& Tower with Radar,1,21,27,15,64,0,1,44,17,62,1,22,71,32,126,12,14,26,152
09/12/2005,FSM,AR,ASW,CE,Combined TRACON& Tower with Radar,3,19,33,52,107,0,1,28,27,56,3,20,61,79,163,14,26,40,203
09/13/2005,FSM,AR,ASW,CE,Combined TRACON& Tower with Radar,1,23,42,88,154,0,2,34,15,51,1,25,76,103,205,26,82,108,313
09/14/2005,FSM,AR,ASW,CE,Combined TRACON& Tower with Radar,1,20,26,23,70,0,0,2,3,5,1,20,28,26,75,0,14,14,89
09/15/2005,FSM,AR,ASW,CE,Combined TRACON& Tower with Radar,0,25,22,7,54,0,0,12,0,12,0,25,34,7,66,26,0,26,92
09/16/2005,FSM,AR,ASW,CE,Combined TRACON& Tower with Radar,0,18,42,27,87,0,1,33,7,41,0,19,75,34,128,42,78,120,248
09/17/2005,FSM,AR,ASW,CE,Combined TRACON& Tower with Radar,0,19,25,4,48,0,5,58,1,64,0,24,83,5,112,30,0,30,142
09/18/2005,FSM,AR,ASW,CE,Combined TRACON& Tower with Radar,2,18,21,11,52,0,0,53,6,59,2,18,74,17,111,23,4,27,138
09/19/2005,FSM,AR,ASW,CE,Combined TRACON& Tower with Radar,0,20,40,102,162,0,0,25,35,60,0,20,65,137,222,10,106,116,338
09/20/2005,FSM,AR,ASW,CE,Combined TRACON& Tower with Radar,8,30,35,53,126,0,0,43,25,68,8,30,78,78,194,18,140,158,352
09/21/2005,FSM,AR,ASW,CE,Combined TRACON& Tower with Radar,8,25,49,76,158,0,0,28,20,48,8,25,77,96,206,10,60,70,276
09/22/2005,FSM,AR,ASW,CE,Combined TRACON& Tower with Radar,0,21,41,155,217,0,11,17,41,69,0,32,58,196,286,16,42,58,344
09/23/2005,FSM,AR,ASW,CE,Combined TRACON& Tower with Radar,0,19,36,50,105,0,0,29,3,32,0,19,65,53,137,14,46,60,197
09/24/2005,FSM,AR,ASW,CE,Combined TRACON& Tower with Radar,0,16,10,5,31,0,0,13,0,13,0,16,23,5,44,12,0,12,56
09/25/2005,FSM,AR,ASW,CE,Combined TRACON& Tower with Radar,0,18,10,2,30,0,0,4,0,4,0,18,14,2,34,0,0,0,34
09/26/2005,FSM,AR,ASW,CE,Combined TRACON& Tower with Radar,0,21,30,42,93,0,0,22,7,29,0,21,52,49,122,26,130,156,278
09/27/2005,FSM,AR,ASW,CE,Combined TRACON& Tower with Radar,0,19,40,20,79,0,1,19,7,27,0,20,59,27,106,104,26,130,236
09/28/2005,FSM,AR,ASW,CE,Combined TRACON& Tower with Radar,0,17,20,12,49,0,0,14,15,29,0,17,34,27,78,0,64,64,142
09/29/2005,FSM,AR,ASW,CE,Combined TRACON& Tower with Radar,0,21,38,33,92,0,1,39,8,48,0,22,77,41,140,16,16,32,172
09/30/2005,FSM,AR,ASW,CE,Combined TRACON& Tower with Radar,0,21,30,4,55,0,1,35,0,36,0,22,65,4,91,20,0,20,111
10/01/2005,FSM,AR,ASW,CE,Combined TRACON& Tower with Radar,0,18,19,14,51,0,0,10,51,61,0,18,29,65,112,6,58,64,176
10/02/2005,FSM,AR,ASW,CE,Combined TRACON& Tower with Radar,0,17,9,27,53,0,0,18,13,31,0,17,27,40,84,6,62,68,152
10/03/2005,FSM,AR,ASW,CE,Combined TRACON& Tower with Radar,2,18,24,84,128,0,1,25,52,78,2,19,49,136,206,51,136,187,393
10/04/2005,FSM,AR,ASW,CE,Combined TRACON& Tower with Radar,0,26,43,101,170,0,1,31,63,95,0,27,74,164,265,56,138,194,459
10/05/2005,FSM,AR,ASW,CE,Combined TRACON& Tower with Radar,0,19,27,75,121,0,1,31,20,52,0,20,58,95,173,92,44,136,309
10/06/2005,FSM,AR,ASW,CE,Combined TRACON& Tower with Radar,0,21,29,53,103,0,0,7,12,19,0,21,36,65,122,10,24,34,156
10/07/2005,FSM,AR,ASW,CE,Combined TRACON& Tower with Radar,0,19,37,55,111,0,0,38,8,46,0,19,75,63,157,44,10,54,211
10/08/2005,FSM,AR,ASW,CE,Combined TRACON& Tower with Radar,0,15,21,0,36,0,0,55,0,55,0,15,76,0,91,56,0,56,147
10/09/2005,FSM,AR,ASW,CE,Combined TRACON& Tower with Radar,0,17,12,0,29,0,1,31,40,72,0,18,43,40,101,30,0,30,131
10/10/2005,FSM,AR,ASW,CE,Combined TRACON& Tower with Radar,1,19,19,28,67,0,1,18,0,19,1,20,37,28,86,52,0,52,138
10/11/2005,FSM,AR,ASW,CE,Combined TRACON& Tower with Radar,2,21,46,70,139,0,0,17,29,46,2,21,63,99,185,24,52,76,261
10/12/2005,FSM,AR,ASW,CE,Combined TRACON& Tower with Radar,0,23,30,40,93,0,1,24,34,59,0,24,54,74,152,44,58,102,254
10/13/2005,FSM,AR,ASW,CE,Combined TRACON& Tower with Radar,1,27,32,100,160,0,0,42,42,84,1,27,74,142,244,28,88,116,360
10/14/2005,FSM,AR,ASW,CE,Combined TRACON& Tower with Radar,0,22,45,38,105,0,1,51,16,68,0,23,96,54,173,62,30,92,265
10/15/2005,FSM,AR,ASW,CE,Combined TRACON& Tower with Radar,0,19,12,12,43,0,1,36,7,44,0,20,48,19,87,40,0,40,127
10/16/2005,FSM,AR,ASW,CE,Combined TRACON& Tower with Radar,0,18,13,34,65,0,2,49,2,53,0,20,62,36,118,10,18,28,146
10/17/2005,FSM,AR,ASW,CE,Combined TRACON& Tower with Radar,0,24,23,74,121,0,0,38,24,62,0,24,61,98,183,30,40,70,253
10/18/2005,FSM,AR,ASW,CE,Combined TRACON& Tower with Radar,0,26,28,62,116,0,0,37,21,58,0,26,65,83,174,0,34,34,208
10/19/2005,FSM,AR,ASW,CE,Combined TRACON& Tower with Radar,1,25,28,73,127,0,3,39,14,56,1,28,67,87,183,40,68,108,291
10/20/2005,FSM,AR,ASW,CE,Combined TRACON& Tower with Radar,2,26,41,88,157,0,0,12,4,16,2,26,53,92,173,16,30,46,219
10/21/2005,FSM,AR,ASW,CE,Combined TRACON& Tower with Radar,5,18,31,53,107,0,0,15,7,22,5,18,46,60,129,20,42,62,191
10/22/2005,FSM,AR,ASW,CE,Combined TRACON& Tower with Radar,0,16,14,7,37,0,0,61,0,61,0,16,75,7,98,84,0,84,182
10/23/2005,FSM,AR,ASW,CE,Combined TRACON& Tower with Radar,0,17,15,7,39,0,0,3,9,12,0,17,18,16,51,0,6,6,57
10/24/2005,FSM,AR,ASW,CE,Combined TRACON& Tower with Radar,0,25,18,90,133,0,0,27,28,55,0,25,45,118,188,14,66,80,268
10/25/2005,FSM,AR,ASW,CE,Combined TRACON& Tower with Radar,0,19,23,107,149,0,1,31,21,53,0,20,54,128,202,30,134,164,366
10/26/2005,FSM,AR,ASW,CE,Combined TRACON& Tower with Radar,2,21,38,50,111,0,2,42,10,54,2,23,80,60,165,44,48,92,257
10/27/2005,FSM,AR,ASW,CE,Combined TRACON& Tower with Radar,0,18,32,19,69,0,3,44,14,61,0,21,76,33,130,56,20,76,206
10/28/2005,FSM,AR,ASW,CE,Combined TRACON& Tower with Radar,0,20,28,68,116,0,0,43,14,57,0,20,71,82,173,36,22,58,231
10/29/2005,FSM,AR,ASW,CE,Combined TRACON& Tower with Radar,2,13,9,0,24,0,1,34,0,35,2,14,43,0,59,22,0,22,81
10/30/2005,FSM,AR,ASW,CE,Combined TRACON& Tower with Radar,2,19,20,19,60,0,0,34,0,34,2,19,54,19,94,10,0,10,104
10/31/2005,FSM,AR,ASW,CE,Combined TRACON& Tower with Radar,4,18,14,2,38,0,0,0,0,0,4,18,14,2,38,0,0,0,38
11/01/2005,FSM,AR,ASW,CE,Combined TRACON& Tower with Radar,0,22,41,85,148,0,0,49,27,76,0,22,90,112,224,62,100,162,386
11/02/2005,FSM,AR,ASW,CE,Combined TRACON& Tower with Radar,3,21,27,64,115,0,0,26,24,50,3,21,53,88,165,30,68,98,263
11/03/2005,FSM,AR,ASW,CE,Combined TRACON& Tower with Radar,0,22,24,22,68,0,0,21,23,44,0,22,45,45,112,0,116,116,228
11/04/2005,FSM,AR,ASW,CE,Combined TRACON& Tower with Radar,0,24,39,77,140,0,0,39,49,88,0,24,78,126,228,45,94,139,367
11/05/2005,FSM,AR,ASW,CE,Combined TRACON& Tower with Radar,0,20,20,14,54,0,0,33,18,51,0,20,53,32,105,12,28,40,145
11/06/2005,FSM,AR,ASW,CE,Combined TRACON& Tower with Radar,0,19,13,25,57,0,1,46,10,57,0,20,59,35,114,24,8,32,146
11/07/2005,FSM,AR,ASW,CE,Combined TRACON& Tower with Radar,0,29,27,90,146,0,0,18,27,45,0,29,45,117,191,14,90,104,295
11/08/2005,FSM,AR,ASW,CE,Combined TRACON& Tower with Radar,0,26,39,47,112,0,2,13,16,31,0,28,52,63,143,8,44,52,195
11/09/2005,FSM,AR,ASW,CE,Combined TRACON& Tower with Radar,0,25,36,65,126,0,0,17,5,22,0,25,53,70,148,4,32,36,184
11/10/2005,FSM,AR,ASW,CE,Combined TRACON& Tower with Radar,0,17,37,58,112,0,0,33,6,39,0,17,70,64,151,98,44,142,293
11/11/2005,FSM,AR,ASW,CE,Combined TRACON& Tower with Radar,0,27,20,11,58,0,1,28,0,29,0,28,48,11,87,20,0,20,107
11/12/2005,FSM,AR,ASW,CE,Combined TRACON& Tower with Radar,1,18,18,12,49,0,0,5,0,5,1,18,23,12,54,0,0,0,54
11/13/2005,FSM,AR,ASW,CE,Combined TRACON& Tower with Radar,0,21,18,15,54,0,1,18,4,23,0,22,36,19,77,36,6,42,119
11/14/2005,FSM,AR,ASW,CE,Combined TRACON& Tower with Radar,0,22,32,21,75,0,0,2,10,12,0,22,34,31,87,0,10,10,97
11/15/2005,FSM,AR,ASW,CE,Combined TRACON& Tower with Radar,0,30,33,16,79,0,0,5,6,11,0,30,38,22,90,0,8,8,98
11/16/2005,FSM,AR,ASW,CE,Combined TRACON& Tower with Radar,2,23,44,81,150,0,1,33,31,65,2,24,77,112,215,4,120,124,339
11/17/2005,FSM,AR,ASW,CE,Combined TRACON& Tower with Radar,0,25,45,39,109,0,2,41,8,51,0,27,86,47,160,86,20,106,266
11/18/2005,FSM,AR,ASW,CE,Combined TRACON& Tower with Radar,0,18,26,31,75,0,1,53,15,69,0,19,79,46,144,62,70,132,276
11/19/2005,FSM,AR,ASW,CE,Combined TRACON& Tower with Radar,0,20,26,17,63,0,0,37,2,39,0,20,63,19,102,26,16,42,144
11/20/2005,FSM,AR,ASW,CE,Combined TRACON& Tower with Radar,0,18,17,7,42,0,0,25,0,25,0,18,42,7,67,22,2,24,91
11/21/2005,FSM,AR,ASW,CE,Combined TRACON& Tower with Radar,0,27,34,29,90,0,0,29,21,50,0,27,63,50,140,0,84,84,224
11/22/2005,FSM,AR,ASW,CE,Combined TRACON& Tower with Radar,0,25,31,25,81,0,0,53,10,63,0,25,84,35,144,40,24,64,208
11/23/2005,FSM,AR,ASW,CE,Combined TRACON& Tower with Radar,0,25,22,21,68,0,1,56,7,64,0,26,78,28,132,24,26,50,182
11/24/2005,FSM,AR,ASW,CE,Combined TRACON& Tower with Radar,0,16,9,0,25,0,0,29,3,32,0,16,38,3,57,0,0,0,57
11/25/2005,FSM,AR,ASW,CE,Combined TRACON& Tower with Radar,0,17,24,0,41,0,0,45,0,45,0,17,69,0,86,14,0,14,100
11/26/2005,FSM,AR,ASW,CE,Combined TRACON& Tower with Radar,0,15,18,0,33,0,0,11,0,11,0,15,29,0,44,4,0,4,48
11/27/2005,FSM,AR,ASW,CE,Combined TRACON& Tower with Radar,0,19,24,1,44,0,0,5,0,5,0,19,29,1,49,0,0,0,49
11/28/2005,FSM,AR,ASW,CE,Combined TRACON& Tower with Radar,0,28,21,42,91,0,0,15,15,30,0,28,36,57,121,0,64,64,185
11/29/2005,FSM,AR,ASW,CE,Combined TRACON& Tower with Radar,1,32,23,47,103,0,0,40,52,92,1,32,63,99,195,20,48,68,263
11/30/2005,FSM,AR,ASW,CE,Combined TRACON& Tower with Radar,0,21,22,85,128,0,0,42,24,66,0,21,64,109,194,2,84,86,280
12/01/2005,FSM,AR,ASW,CE,Combined TRACON& Tower with Radar,0,19,34,37,90,0,0,30,15,45,0,19,64,52,135,0,28,28,163
12/02/2005,FSM,AR,ASW,CE,Combined TRACON& Tower with Radar,0,23,25,109,157,0,0,31,32,63,0,23,56,141,220,12,84,96,316
12/03/2005,FSM,AR,ASW,CE,Combined TRACON& Tower with Radar,1,16,15,16,48,0,0,65,19,84,1,16,80,35,132,26,50,76,208
12/04/2005,FSM,AR,ASW,CE,Combined TRACON& Tower with Radar,0,19,19,43,81,0,0,11,1,12,0,19,30,44,93,0,0,0,93
12/05/2005,FSM,AR,ASW,CE,Combined TRACON& Tower with Radar,1,22,35,73,131,0,2,28,11,41,1,24,63,84,172,54,20,74,246
12/06/2005,FSM,AR,ASW,CE,Combined TRACON& Tower with Radar,0,25,21,93,139,0,0,30,17,47,0,25,51,110,186,58,76,134,320
12/07/2005,FSM,AR,ASW,CE,Combined TRACON& Tower with Radar,2,20,36,67,125,0,0,13,17,30,2,20,49,84,155,0,52,52,207
12/08/2005,FSM,AR,ASW,CE,Combined TRACON& Tower with Radar,0,21,26,28,75,0,0,11,2,13,0,21,37,30,88,20,0,20,108
12/09/2005,FSM,AR,ASW,CE,Combined TRACON& Tower with Radar,1,21,28,24,74,0,0,32,4,36,1,21,60,28,110,40,12,52,162
12/10/2005,FSM,AR,ASW,CE,Combined TRACON& Tower with Radar,0,20,8,28,56,0,0,35,0,35,0,20,43,28,91,240,6,246,337
12/11/2005,FSM,AR,ASW,CE,Combined TRACON& Tower with Radar,0,19,13,39,71,0,0,22,1,23,0,19,35,40,94,18,8,26,120
12/12/2005,FSM,AR,ASW,CE,Combined TRACON& Tower with Radar,0,31,25,25,81,0,0,48,8,56,0,31,73,33,137,54,6,60,197
12/13/2005,FSM,AR,ASW,CE,Combined TRACON& Tower with Radar,0,28,30,109,167,0,4,20,33,57,0,32,50,142,224,0,78,78,302
12/14/2005,FSM,AR,ASW,CE,Combined TRACON& Tower with Radar,4,23,38,96,161,0,3,21,29,53,4,26,59,125,214,20,186,206,420
12/15/2005,FSM,AR,ASW,CE,Combined TRACON& Tower with Radar,0,18,32,59,109,0,5,40,6,51,0,23,72,65,160,22,18,40,200
12/16/2005,FSM,AR,ASW,CE,Combined TRACON& Tower with Radar,2,19,27,69,117,0,0,51,14,65,2,19,78,83,182,24,72,96,278
12/17/2005,FSM,AR,ASW,CE,Combined TRACON& Tower with Radar,0,17,9,5,31,0,1,19,0,20,0,18,28,5,51,24,0,24,75
12/18/2005,FSM,AR,ASW,CE,Combined TRACON& Tower with Radar,0,17,12,15,44,0,0,13,2,15,0,17,25,17,59,0,4,4,63
12/19/2005,FSM,AR,ASW,CE,Combined TRACON& Tower with Radar,2,20,15,71,108,0,1,33,10,44,2,21,48,81,152,54,100,154,306
12/20/2005,FSM,AR,ASW,CE,Combined TRACON& Tower with Radar,0,21,24,2,47,0,0,9,2,11,0,21,33,4,58,28,14,42,100
12/21/2005,FSM,AR,ASW,CE,Combined TRACON& Tower with Radar,0,16,27,35,78,0,0,0,0,0,0,16,27,35,78,10,0,10,88
12/22/2005,FSM,AR,ASW,CE,Combined TRACON& Tower with Radar,0,20,20,17,57,0,4,52,2,58,0,24,72,19,115,52,4,56,171
12/23/2005,FSM,AR,ASW,CE,Combined TRACON& Tower with Radar,0,14,18,0,32,0,1,47,0,48,0,15,65,0,80,56,0,56,136
12/24/2005,FSM,AR,ASW,CE,Combined TRACON& Tower with Radar,0,14,10,0,24,0,0,1,0,1,0,14,11,0,25,0,0,0,25
12/25/2005,FSM,AR,ASW,CE,Combined TRACON& Tower with Radar,0,12,1,0,13,0,0,12,0,12,0,12,13,0,25,12,0,12,37
12/26/2005,FSM,AR,ASW,CE,Combined TRACON& Tower with Radar,3,16,14,0,33,0,0,33,2,35,3,16,47,2,68,16,0,16,84
12/27/2005,FSM,AR,ASW,CE,Combined TRACON& Tower with Radar,0,16,24,20,60,0,1,20,48,69,0,17,44,68,129,26,78,104,233
12/28/2005,FSM,AR,ASW,CE,Combined TRACON& Tower with Radar,3,16,16,7,42,0,0,0,0,0,3,16,16,7,42,8,6,14,56
12/29/2005,FSM,AR,ASW,CE,Combined TRACON& Tower with Radar,1,19,23,31,74,0,1,54,3,58,1,20,77,34,132,42,48,90,222
12/30/2005,FSM,AR,ASW,CE,Combined TRACON& Tower with Radar,0,17,39,4,60,0,0,41,2,43,0,17,80,6,103,30,0,30,133
12/31/2005,FSM,AR,ASW,CE,Combined TRACON& Tower with Radar,1,12,8,0,21,0,0,52,0,52,1,12,60,0,73,34,0,34,107
01/01/2006,FSM,AR,ASW,CE,Combined TRACON& Tower with Radar,0,14,8,0,22,0,0,39,0,39,0,14,47,0,61,44,6,50,111
01/02/2006,FSM,AR,ASW,CE,Combined TRACON& Tower with Radar,0,18,18,0,36,0,1,45,0,46,0,19,63,0,82,6,0,6,88
01/03/2006,FSM,AR,ASW,CE,Combined TRACON& Tower with Radar,0,20,25,53,98,0,0,46,25,71,0,20,71,78,169,32,70,102,271
01/04/2006,FSM,AR,ASW,CE,Combined TRACON& Tower with Radar,0,20,21,65,106,0,0,41,8,49,0,20,62,73,155,4,46,50,205
01/05/2006,FSM,AR,ASW,CE,Combined TRACON& Tower with Radar,0,19,33,72,124,0,1,44,6,51,0,20,77,78,175,32,48,80,255
01/06/2006,FSM,AR,ASW,CE,Combined TRACON& Tower with Radar,0,17,32,88,137,0,0,42,25,67,0,17,74,113,204,30,128,158,362
01/07/2006,FSM,AR,ASW,CE,Combined TRACON& Tower with Radar,0,16,22,3,41,0,0,45,11,56,0,16,67,14,97,32,16,48,145
01/08/2006,FSM,AR,ASW,CE,Combined TRACON& Tower with Radar,0,16,6,11,33,0,18,58,5,81,0,34,64,16,114,8,12,20,134
01/09/2006,FSM,AR,ASW,CE,Combined TRACON& Tower with Radar,2,22,36,42,102,0,18,36,25,79,2,40,72,67,181,22,62,84,265
01/10/2006,FSM,AR,ASW,CE,Combined TRACON& Tower with Radar,0,21,18,11,50,0,0,4,0,4,0,21,22,11,54,8,0,8,62
01/11/2006,FSM,AR,ASW,CE,Combined TRACON& Tower with Radar,1,33,29,44,107,0,2,29,10,41,1,35,58,54,148,54,24,78,226
01/12/2006,FSM,AR,ASW,CE,Combined TRACON& Tower with Radar,2,15,36,55,108,0,0,22,10,32,2,15,58,65,140,2,24,26,166
01/13/2006,FSM,AR,ASW,CE,Combined TRACON& Tower with Radar,2,29,39,39,109,0,0,19,2,21,2,29,58,41,130,0,0,0,130
01/14/2006,FSM,AR,ASW,CE,Combined TRACON& Tower with Radar,0,17,23,6,46,0,2,71,0,73,0,19,94,6,119,32,0,32,151
01/15/2006,FSM,AR,ASW,CE,Combined TRACON& Tower with Radar,0,18,11,11,40,0,3,30,3,36,0,21,41,14,76,40,4,44,120
01/16/2006,FSM,AR,ASW,CE,Combined TRACON& Tower with Radar,3,19,21,4,47,0,0,23,0,23,3,19,44,4,70,20,0,20,90
01/17/2006,FSM,AR,ASW,CE,Combined TRACON& Tower with Radar,0,16,22,64,102,0,0,13,12,25,0,16,35,76,127,8,14,22,149
01/18/2006,FSM,AR,ASW,CE,Combined TRACON& Tower with Radar,1,21,23,78,123,0,11,63,29,103,1,32,86,107,226,47,76,123,349
01/19/2006,FSM,AR,ASW,CE,Combined TRACON& Tower with Radar,2,19,42,43,106,0,0,13,6,19,2,19,55,49,125,0,31,31,156
01/20/2006,FSM,AR,ASW,CE,Combined TRACON& Tower with Radar,0,17,31,16,64,0,3,19,0,22,0,20,50,16,86,12,0,12,98
01/21/2006,FSM,AR,ASW,CE,Combined TRACON& Tower with Radar,1,19,25,44,89,0,2,45,6,53,1,21,70,50,142,32,22,54,196
01/22/2006,FSM,AR,ASW,CE,Combined TRACON& Tower with Radar,0,19,9,4,32,0,0,0,0,0,0,19,9,4,32,0,0,0,32
01/23/2006,FSM,AR,ASW,CE,Combined TRACON& Tower with Radar,0,30,20,109,159,0,0,30,20,50,0,30,50,129,209,48,40,88,297
01/24/2006,FSM,AR,ASW,CE,Combined TRACON& Tower with Radar,0,16,37,79,132,0,0,60,42,102,0,16,97,121,234,10,66,76,310
01/25/2006,FSM,AR,ASW,CE,Combined TRACON& Tower with Radar,0,24,29,42,95,0,0,32,9,41,0,24,61,51,136,14,32,46,182
01/26/2006,FSM,AR,ASW,CE,Combined TRACON& Tower with Radar,2,17,29,75,123,0,2,38,4,44,2,19,67,79,167,30,46,76,243
01/27/2006,FSM,AR,ASW,CE,Combined TRACON& Tower with Radar,0,16,56,59,131,0,0,33,7,40,0,16,89,66,171,76,82,158,329
01/28/2006,FSM,AR,ASW,CE,Combined TRACON& Tower with Radar,1,15,13,0,29,0,0,0,0,0,1,15,13,0,29,0,0,0,29
01/29/2006,FSM,AR,ASW,CE,Combined TRACON& Tower with Radar,0,19,20,24,63,0,0,49,4,53,0,19,69,28,116,0,6,6,122
01/30/2006,FSM,AR,ASW,CE,Combined TRACON& Tower with Radar,0,16,38,93,147,0,1,40,27,68,0,17,78,120,215,54,124,178,393
01/31/2006,FSM,AR,ASW,CE,Combined TRACON& Tower with Radar,0,21,19,71,111,0,4,35,8,47,0,25,54,79,158,32,10,42,200
02/01/2006,FSM,AR,ASW,CE,Combined TRACON& Tower with Radar,0,25,23,77,125,0,2,23,10,35,0,27,46,87,160,48,32,80,240
02/02/2006,FSM,AR,ASW,CE,Combined TRACON& Tower with Radar,0,18,34,120,172,0,0,25,27,52,0,18,59,147,224,20,32,52,276
02/03/2006,FSM,AR,ASW,CE,Combined TRACON& Tower with Radar,1,20,27,85,133,0,1,37,11,49,1,21,64,96,182,24,116,140,322
02/04/2006,FSM,AR,ASW,CE,Combined TRACON& Tower with Radar,0,15,10,25,50,0,2,28,57,87,0,17,38,82,137,10,58,68,205
02/05/2006,FSM,AR,ASW,CE,Combined TRACON& Tower with Radar,0,24,19,28,71,0,0,33,3,36,0,24,52,31,107,16,0,16,123
02/06/2006,FSM,AR,ASW,CE,Combined TRACON& Tower with Radar,4,19,29,73,125,0,0,37,28,65,4,19,66,101,190,48,90,138,328
02/07/2006,FSM,AR,ASW,CE,Combined TRACON& Tower with Radar,2,16,28,61,107,0,0,23,20,43,2,16,51,81,150,34,18,52,202
02/08/2006,FSM,AR,ASW,CE,Combined TRACON& Tower with Radar,4,21,30,35,90,0,0,43,28,71,4,21,73,63,161,32,82,114,275
02/09/2006,FSM,AR,ASW,CE,Combined TRACON& Tower with Radar,0,22,30,41,93,0,1,46,3,50,0,23,76,44,143,38,14,52,195
02/10/2006,FSM,AR,ASW,CE,Combined TRACON& Tower with Radar,2,18,40,10,70,0,0,6,2,8,2,18,46,12,78,0,122,122,200
02/11/2006,FSM,AR,ASW,CE,Combined TRACON& Tower with Radar,3,20,12,4,39,0,0,15,0,15,3,20,27,4,54,16,0,16,70
02/12/2006,FSM,AR,ASW,CE,Combined TRACON& Tower with Radar,4,15,15,16,50,0,0,30,4,34,4,15,45,20,84,14,4,18,102
02/13/2006,FSM,AR,ASW,CE,Combined TRACON& Tower with Radar,4,22,29,55,110,0,0,0,0,0,4,22,29,55,110,108,94,202,312
02/14/2006,FSM,AR,ASW,CE,Combined TRACON& Tower with Radar,2,24,41,56,123,0,1,31,15,47,2,25,72,71,170,12,20,32,202
02/15/2006,FSM,AR,ASW,CE,Combined TRACON& Tower with Radar,0,22,44,63,129,0,0,25,35,60,0,22,69,98,189,0,82,82,271
02/16/2006,FSM,AR,ASW,CE,Combined TRACON& Tower with Radar,2,23,47,26,98,0,0,5,3,8,2,23,52,29,106,0,8,8,114
02/17/2006,FSM,AR,ASW,CE,Combined TRACON& Tower with Radar,3,16,35,26,80,0,0,41,11,52,3,16,76,37,132,24,12,36,168
02/18/2006,FSM,AR,ASW,CE,Combined TRACON& Tower with Radar,0,11,8,0,19,0,0,6,1,7,0,11,14,1,26,0,0,0,26
02/19/2006,FSM,AR,ASW,CE,Combined TRACON& Tower with Radar,2,14,7,4,27,0,0,3,0,3,2,14,10,4,30,0,0,0,30
02/20/2006,FSM,AR,ASW,CE,Combined TRACON& Tower with Radar,4,11,23,2,40,0,1,17,0,18,4,12,40,2,58,36,0,36,94
02/21/2006,FSM,AR,ASW,CE,Combined TRACON& Tower with Radar,0,21,46,35,102,0,0,25,4,29,0,21,71,39,131,21,27,48,179
02/22/2006,FSM,AR,ASW,CE,Combined TRACON& Tower with Radar,0,19,43,28,90,0,0,6,0,6,0,19,49,28,96,0,0,0,96
02/23/2006,FSM,AR,ASW,CE,Combined TRACON& Tower with Radar,0,20,38,59,117,0,5,56,7,68,0,25,94,66,185,64,30,94,279
02/24/2006,FSM,AR,ASW,CE,Combined TRACON& Tower with Radar,2,18,30,28,78,0,0,42,1,43,2,18,72,29,121,14,66,80,201
02/25/2006,FSM,AR,ASW,CE,Combined TRACON& Tower with Radar,0,16,15,24,55,0,0,23,6,29,0,16,38,30,84,52,8,60,144
02/26/2006,FSM,AR,ASW,CE,Combined TRACON& Tower with Radar,0,18,11,2,31,0,1,33,0,34,0,19,44,2,65,0,0,0,65
02/27/2006,FSM,AR,ASW,CE,Combined TRACON& Tower with Radar,5,17,20,23,65,0,10,24,10,44,5,27,44,33,109,22,28,50,159
02/28/2006,FSM,AR,ASW,CE,Combined TRACON& Tower with Radar,0,20,32,51,103,0,1,40,16,57,0,21,72,67,160,52,100,152,312
03/01/2006,FSM,AR,ASW,CE,Combined TRACON& Tower with Radar,0,16,28,76,120,0,0,31,2,33,0,16,59,78,153,29,73,102,255
03/02/2006,FSM,AR,ASW,CE,Combined TRACON& Tower with Radar,0,19,31,79,129,0,0,41,17,58,0,19,72,96,187,50,136,186,373
03/03/2006,FSM,AR,ASW,CE,Combined TRACON& Tower with Radar,5,19,35,3,62,0,0,39,1,40,5,19,74,4,102,34,0,34,136
03/04/2006,FSM,AR,ASW,CE,Combined TRACON& Tower with Radar,0,16,10,7,33,0,6,25,3,34,0,22,35,10,67,16,0,16,83
03/05/2006,FSM,AR,ASW,CE,Combined TRACON& Tower with Radar,0,15,10,21,46,0,0,20,4,24,0,15,30,25,70,12,10,22,92
03/06/2006,FSM,AR,ASW,CE,Combined TRACON& Tower with Radar,3,18,25,58,104,0,0,37,20,57,3,18,62,78,161,30,144,174,335
03/07/2006,FSM,AR,ASW,CE,Combined TRACON& Tower with Radar,1,21,35,38,95,0,2,22,32,56,1,23,57,70,151,10,90,100,251
03/08/2006,FSM,AR,ASW,CE,Combined TRACON& Tower with Radar,0,21,34,20,75,0,0,14,2,16,0,21,48,22,91,4,8,12,103
03/09/2006,FSM,AR,ASW,CE,Combined TRACON& Tower with Radar,0,24,17,6,47,0,1,3,2,6,0,25,20,8,53,0,0,0,53
03/10/2006,FSM,AR,ASW,CE,Combined TRACON& Tower with Radar,4,22,41,37,104,0,4,48,18,70,4,26,89,55,174,42,106,148,322
03/11/2006,FSM,AR,ASW,CE,Combined TRACON& Tower with Radar,1,13,21,2,37,0,4,30,0,34,1,17,51,2,71,82,0,82,153
03/12/2006,FSM,AR,ASW,CE,Combined TRACON& Tower with Radar,4,19,16,14,53,0,0,13,0,13,4,19,29,14,66,6,0,6,72
03/13/2006,FSM,AR,ASW,CE,Combined TRACON& Tower with Radar,6,25,41,60,132,0,2,24,28,54,6,27,65,88,186,14,108,122,308
03/14/2006,FSM,AR,ASW,CE,Combined TRACON& Tower with Radar,0,20,40,39,99,0,1,46,24,71,0,21,86,63,170,86,22,108,278
03/15/2006,FSM,AR,ASW,CE,Combined TRACON& Tower with Radar,0,21,46,43,110,0,7,37,32,76,0,28,83,75,186,106,74,180,366
03/16/2006,FSM,AR,ASW,CE,Combined TRACON& Tower with Radar,1,23,34,62,120,0,1,26,16,43,1,24,60,78,163,6,28,34,197
03/17/2006,FSM,AR,ASW,CE,Combined TRACON& Tower with Radar,7,33,29,143,212,0,19,41,33,93,7,52,70,176,305,60,96,156,461
03/18/2006,FSM,AR,ASW,CE,Combined TRACON& Tower with Radar,4,14,21,0,39,0,0,0,0,0,4,14,21,0,39,0,0,0,39
03/19/2006,FSM,AR,ASW,CE,Combined TRACON& Tower with Radar,0,16,11,4,31,0,0,3,0,3,0,16,14,4,34,0,0,0,34
03/20/2006,FSM,AR,ASW,CE,Combined TRACON& Tower with Radar,1,20,24,18,63,0,0,1,3,4,1,20,25,21,67,0,0,0,67
03/21/2006,FSM,AR,ASW,CE,Combined TRACON& Tower with Radar,6,19,21,25,71,0,0,4,3,7,6,19,25,28,78,0,0,0,78
03/22/2006,FSM,AR,ASW,CE,Combined TRACON& Tower with Radar,0,24,31,41,96,0,0,34,11,45,0,24,65,52,141,88,64,152,293
03/23/2006,FSM,AR,ASW,CE,Combined TRACON& Tower with Radar,0,16,17,16,49,0,0,6,8,14,0,16,23,24,63,0,18,18,81
03/24/2006,FSM,AR,ASW,CE,Combined TRACON& Tower with Radar,1,18,17,23,59,0,2,28,18,48,1,20,45,41,107,10,28,38,145
03/25/2006,FSM,AR,ASW,CE,Combined TRACON& Tower with Radar,0,19,10,2,31,0,0,21,2,23,0,19,31,4,54,0,0,0,54
03/26/2006,FSM,AR,ASW,CE,Combined TRACON& Tower with Radar,1,17,10,6,34,0,0,31,0,31,1,17,41,6,65,12,0,12,77
03/27/2006,FSM,AR,ASW,CE,Combined TRACON& Tower with Radar,0,19,36,60,115,0,0,15,12,27,0,19,51,72,142,28,14,42,184
03/28/2006,FSM,AR,ASW,CE,Combined TRACON& Tower with Radar,0,29,26,106,161,0,0,61,38,99,0,29,87,144,260,30,88,118,378
03/29/2006,FSM,AR,ASW,CE,Combined TRACON& Tower with Radar,3,15,47,55,120,0,1,29,59,89,3,16,76,114,209,42,152,194,403
03/30/2006,FSM,AR,ASW,CE,Combined TRACON& Tower with Radar,0,19,23,21,63,0,0,4,6,10,0,19,27,27,73,0,8,8,81
03/31/2006,FSM,AR,ASW,CE,Combined TRACON& Tower with Radar,0,20,44,38,102,0,0,15,6,21,0,20,59,44,123,16,66,82,205
04/01/2006,FSM,AR,ASW,CE,Combined TRACON& Tower with Radar,0,12,25,7,44,0,0,24,4,28,0,12,49,11,72,44,8,52,124
04/02/2006,FSM,AR,ASW,CE,Combined TRACON& Tower with Radar,0,19,18,4,41,0,0,27,2,29,0,19,45,6,70,0,0,0,70
04/03/2006,FSM,AR,ASW,CE,Combined TRACON& Tower with Radar,5,16,29,34,84,0,2,48,38,88,5,18,77,72,172,22,34,56,228
04/04/2006,FSM,AR,ASW,CE,Combined TRACON& Tower with Radar,0,23,47,19,89,0,0,74,27,101,0,23,121,46,190,64,46,110,300
04/05/2006,FSM,AR,ASW,CE,Combined TRACON& Tower with Radar,0,17,40,8,65,0,0,11,19,30,0,17,51,27,95,16,32,48,143
04/06/2006,FSM,AR,ASW,CE,Combined TRACON& Tower with Radar,2,11,22,8,43,0,0,5,9,14,2,11,27,17,57,0,0,0,57
04/07/2006,FSM,AR,ASW,CE,Combined TRACON& Tower with Radar,0,15,23,68,106,0,0,39,36,75,0,15,62,104,181,17,44,61,242
04/08/2006,FSM,AR,ASW,CE,Combined TRACON& Tower with Radar,0,17,21,29,67,0,2,37,5,44,0,19,58,34,111,0,12,12,123
04/09/2006,FSM,AR,ASW,CE,Combined TRACON& Tower with Radar,0,17,16,14,47,0,0,89,21,110,0,17,105,35,157,36,32,68,225
04/10/2006,FSM,AR,ASW,CE,Combined TRACON& Tower with Radar,0,14,22,72,108,0,2,59,50,111,0,16,81,122,219,126,226,352,571
04/11/2006,FSM,AR,ASW,CE,Combined TRACON& Tower with Radar,0,19,43,23,85,0,1,32,4,37,0,20,75,27,122,10,18,28,150
04/12/2006,FSM,AR,ASW,CE,Combined TRACON& Tower with Radar,2,29,46,46,123,0,2,60,34,96,2,31,106,80,219,114,56,170,389
04/13/2006,FSM,AR,ASW,CE,Combined TRACON& Tower with Radar,0,18,37,57,112,0,1,45,32,78,0,19,82,89,190,100,142,242,432
04/14/2006,FSM,AR,ASW,CE,Combined TRACON& Tower with Radar,0,16,23,35,74,0,0,54,9,63,0,16,77,44,137,42,132,174,311
04/15/2006,FSM,AR,ASW,CE,Combined TRACON& Tower with Radar,0,15,11,0,26,0,0,34,0,34,0,15,45,0,60,22,0,22,82
04/16/2006,FSM,AR,ASW,CE,Combined TRACON& Tower with Radar,0,16,9,2,27,0,0,39,0,39,0,16,48,2,66,0,0,0,66
04/17/2006,FSM,AR,ASW,CE,Combined TRACON& Tower with Radar,0,23,34,65,122,0,1,48,46,95,0,24,82,111,217,76,114,190,407
04/18/2006,FSM,AR,ASW,CE,Combined TRACON& Tower with Radar,0,22,40,67,129,0,0,61,27,88,0,22,101,94,217,73,66,139,356
04/19/2006,FSM,AR,ASW,CE,Combined TRACON& Tower with Radar,0,23,44,59,126,0,0,45,38,83,0,23,89,97,209,50,60,110,319
04/20/2006,FSM,AR,ASW,CE,Combined TRACON& Tower with Radar,0,19,30,41,90,0,0,39,12,51,0,19,69,53,141,68,26,94,235
04/21/2006,FSM,AR,ASW,CE,Combined TRACON& Tower with Radar,0,17,30,10,57,2,3,47,1,53,2,20,77,11,110,96,0,96,206
04/22/2006,FSM,AR,ASW,CE,Combined TRACON& Tower with Radar,0,14,13,12,39,0,2,54,12,68,0,16,67,24,107,62,44,106,213
04/23/2006,FSM,AR,ASW,CE,Combined TRACON& Tower with Radar,0,19,22,8,49,0,0,35,1,36,0,19,57,9,85,36,0,36,121
04/24/2006,FSM,AR,ASW,CE,Combined TRACON& Tower with Radar,2,19,28,23,72,0,0,23,8,31,2,19,51,31,103,14,38,52,155
04/25/2006,FSM,AR,ASW,CE,Combined TRACON& Tower with Radar,0,21,32,38,91,0,0,6,1,7,0,21,38,39,98,10,0,10,108
04/26/2006,FSM,AR,ASW,CE,Combined TRACON& Tower with Radar,0,20,37,111,168,0,3,35,39,77,0,23,72,150,245,37,196,233,478
04/27/2006,FSM,AR,ASW,CE,Combined TRACON& Tower with Radar,0,17,41,79,137,0,0,61,20,81,0,17,102,99,218,96,52,148,366
04/28/2006,FSM,AR,ASW,CE,Combined TRACON& Tower with Radar,2,15,33,11,61,0,0,7,9,16,2,15,40,20,77,2,4,6,83
04/29/2006,FSM,AR,ASW,CE,Combined TRACON& Tower with Radar,0,15,6,2,23,0,0,6,2,8,0,15,12,4,31,6,0,6,37
04/30/2006,FSM,AR,ASW,CE,Combined TRACON& Tower with Radar,0,20,12,0,32,0,0,27,0,27,0,20,39,0,59,20,0,20,79
05/01/2006,FSM,AR,ASW,CE,Combined TRACON& Tower with Radar,0,19,29,54,102,0,0,45,15,60,0,19,74,69,162,40,84,124,286
05/02/2006,FSM,AR,ASW,CE,Combined TRACON& Tower with Radar,1,27,42,46,116,0,1,59,33,93,1,28,101,79,209,66,36,102,311
05/03/2006,FSM,AR,ASW,CE,Combined TRACON& Tower with Radar,0,16,47,26,89,0,0,39,36,75,0,16,86,62,164,36,84,120,284
05/04/2006,FSM,AR,ASW,CE,Combined TRACON& Tower with Radar,0,18,48,2,68,0,1,2,0,3,0,19,50,2,71,0,0,0,71
05/05/2006,FSM,AR,ASW,CE,Combined TRACON& Tower with Radar,0,15,30,146,191,0,0,27,53,80,0,15,57,199,271,20,160,180,451
05/06/2006,FSM,AR,ASW,CE,Combined TRACON& Tower with Radar,0,16,14,63,93,0,3,16,1,20,0,19,30,64,113,10,34,44,157
05/07/2006,FSM,AR,ASW,CE,Combined TRACON& Tower with Radar,0,12,19,39,70,0,0,16,11,27,0,12,35,50,97,38,46,84,181
05/08/2006,FSM,AR,ASW,CE,Combined TRACON& Tower with Radar,0,16,51,37,104,0,1,40,26,67,0,17,91,63,171,34,8,42,213
05/09/2006,FSM,AR,ASW,CE,Combined TRACON& Tower with Radar,0,20,34,14,68,0,1,8,9,18,0,21,42,23,86,14,4,18,104
05/10/2006,FSM,AR,ASW,CE,Combined TRACON& Tower with Radar,0,23,31,10,64,0,0,9,9,18,0,23,40,19,82,12,8,20,102
05/11/2006,FSM,AR,ASW,CE,Combined TRACON& Tower with Radar,0,24,36,42,102,0,0,34,19,53,0,24,70,61,155,12,20,32,187
05/12/2006,FSM,AR,ASW,CE,Combined TRACON& Tower with Radar,0,18,38,17,73,0,0,43,1,44,0,18,81,18,117,14,3,17,134
05/13/2006,FSM,AR,ASW,CE,Combined TRACON& Tower with Radar,0,16,13,2,31,0,0,53,3,56,0,16,66,5,87,6,0,6,93
05/14/2006,FSM,AR,ASW,CE,Combined TRACON& Tower with Radar,0,18,12,16,46,0,0,31,0,31,0,18,43,16,77,10,0,10,87
05/15/2006,FSM,AR,ASW,CE,Combined TRACON& Tower with Radar,0,17,26,89,132,0,0,37,32,69,0,17,63,121,201,21,73,94,295
05/16/2006,FSM,AR,ASW,CE,Combined TRACON& Tower with Radar,0,26,43,32,101,0,1,41,21,63,0,27,84,53,164,62,54,116,280
05/17/2006,FSM,AR,ASW,CE,Combined TRACON& Tower with Radar,0,24,48,87,159,0,6,43,52,101,0,30,91,139,260,74,164,238,498
05/18/2006,FSM,AR,ASW,CE,Combined TRACON& Tower with Radar,0,21,20,72,113,0,0,39,23,62,0,21,59,95,175,60,44,104,279
05/19/2006,FSM,AR,ASW,CE,Combined TRACON& Tower with Radar,0,21,27,88,136,0,0,39,26,65,0,21,66,114,201,14,44,58,259
05/20/2006,FSM,AR,ASW,CE,Combined TRACON& Tower with Radar,0,13,12,11,36,0,0,34,0,34,0,13,46,11,70,22,8,30,100
05/21/2006,FSM,AR,ASW,CE,Combined TRACON& Tower with Radar,1,18,22,16,57,0,1,29,2,32,1,19,51,18,89,26,2,28,117
05/22/2006,FSM,AR,ASW,CE,Combined TRACON& Tower with Radar,1,20,25,55,101,0,0,57,36,93,1,20,82,91,194,80,148,228,422
05/23/2006,FSM,AR,ASW,CE,Combined TRACON& Tower with Radar,0,31,34,74,139,0,0,67,54,121,0,31,101,128,260,102,192,294,554
05/24/2006,FSM,AR,ASW,CE,Combined TRACON& Tower with Radar,1,22,52,29,104,0,0,29,30,59,1,22,81,59,163,32,26,58,221
05/25/2006,FSM,AR,ASW,CE,Combined TRACON& Tower with Radar,2,15,32,40,89,0,0,53,28,81,2,15,85,68,170,42,98,140,310
05/26/2006,FSM,AR,ASW,CE,Combined TRACON& Tower with Radar,0,15,36,8,59,0,0,38,0,38,0,15,74,8,97,32,0,32,129
05/27/2006,FSM,AR,ASW,CE,Combined TRACON& Tower with Radar,0,11,26,0,37,0,0,31,0,31,0,11,57,0,68,10,0,10,78
05/28/2006,FSM,AR,ASW,CE,Combined TRACON& Tower with Radar,0,17,22,4,43,0,0,34,0,34,0,17,56,4,77,28,0,28,105
05/29/2006,FSM,AR,ASW,CE,Combined TRACON& Tower with Radar,0,17,19,0,36,0,0,29,0,29,0,17,48,0,65,36,0,36,101
05/30/2006,FSM,AR,ASW,CE,Combined TRACON& Tower with Radar,0,16,50,5,71,0,0,12,8,20,0,16,62,13,91,8,10,18,109
05/31/2006,FSM,AR,ASW,CE,Combined TRACON& Tower with Radar,1,19,53,36,109,0,0,27,32,59,1,19,80,68,168,12,64,76,244
06/01/2006,FSM,AR,ASW,CE,Combined TRACON& Tower with Radar,0,22,36,17,75,0,2,37,9,48,0,24,73,26,123,32,0,32,155
06/02/2006,FSM,AR,ASW,CE,Combined TRACON& Tower with Radar,0,21,39,36,96,0,1,44,12,57,0,22,83,48,153,20,126,146,299
06/03/2006,FSM,AR,ASW,CE,Combined TRACON& Tower with Radar,0,17,25,1,43,0,0,70,1,71,0,17,95,2,114,44,0,44,158
06/04/2006,FSM,AR,ASW,CE,Combined TRACON& Tower with Radar,0,18,21,8,47,0,0,38,0,38,0,18,59,8,85,72,0,72,157
06/05/2006,FSM,AR,ASW,CE,Combined TRACON& Tower with Radar,0,19,12,23,54,0,1,17,15,33,0,20,29,38,87,0,26,26,113
06/06/2006,FSM,AR,ASW,CE,Combined TRACON& Tower with Radar,0,22,37,1,60,0,0,5,2,7,0,22,42,3,67,18,0,18,85
06/07/2006,FSM,AR,ASW,CE,Combined TRACON& Tower with Radar,1,19,33,65,118,0,0,27,13,40,1,19,60,78,158,81,8,89,247
06/08/2006,FSM,AR,ASW,CE,Combined TRACON& Tower with Radar,0,18,37,72,127,0,1,42,41,84,0,19,79,113,211,42,100,142,353
06/09/2006,FSM,AR,ASW,CE,Combined TRACON& Tower with Radar,0,17,27,70,114,0,0,49,8,57,0,17,76,78,171,24,52,76,247
06/10/2006,FSM,AR,ASW,CE,Combined TRACON& Tower with Radar,0,15,17,32,64,0,0,33,8,41,0,15,50,40,105,20,42,62,167
06/11/2006,FSM,AR,ASW,CE,Combined TRACON& Tower with Radar,0,18,5,37,60,0,0,25,1,26,0,18,30,38,86,4,0,4,90
06/12/2006,FSM,AR,ASW,CE,Combined TRACON& Tower with Radar,0,16,30,42,88,0,0,13,28,41,0,16,43,70,129,4,120,124,253
06/13/2006,FSM,AR,ASW,CE,Combined TRACON& Tower with Radar,0,20,36,78,134,0,4,34,30,68,0,24,70,108,202,60,122,182,384
06/14/2006,FSM,AR,ASW,CE,Combined TRACON& Tower with Radar,0,20,21,68,109,0,0,56,16,72,0,20,77,84,181,74,153,227,408
06/15/2006,FSM,AR,ASW,CE,Combined TRACON& Tower with Radar,0,20,29,75,124,0,3,68,38,109,0,23,97,113,233,32,40,72,305
06/16/2006,FSM,AR,ASW,CE,Combined TRACON& Tower with Radar,1,16,37,86,140,0,1,27,23,51,1,17,64,109,191,14,106,120,311
06/17/2006,FSM,AR,ASW,CE,Combined TRACON& Tower with Radar,0,14,10,3,27,0,0,2,0,2,0,14,12,3,29,0,0,0,29
06/18/2006,FSM,AR,ASW,CE,Combined TRACON& Tower with Radar,0,16,14,21,51,0,1,20,0,21,0,17,34,21,72,0,2,2,74
06/19/2006,FSM,AR,ASW,CE,Combined TRACON& Tower with Radar,0,14,30,36,80,0,0,46,37,83,0,14,76,73,163,32,52,84,247
06/20/2006,FSM,AR,ASW,CE,Combined TRACON& Tower with Radar,0,21,33,34,88,0,0,40,40,80,0,21,73,74,168,38,112,150,318
06/21/2006,FSM,AR,ASW,CE,Combined TRACON& Tower with Radar,3,19,29,66,117,0,3,0,0,3,3,22,29,66,120,38,120,158,278
06/22/2006,FSM,AR,ASW,CE,Combined TRACON& Tower with Radar,0,27,29,32,88,0,4,28,15,47,0,31,57,47,135,12,26,38,173
06/23/2006,FSM,AR,ASW,CE,Combined TRACON& Tower with Radar,0,22,32,11,65,0,0,9,1,10,0,22,41,12,75,18,0,18,93
06/24/2006,FSM,AR,ASW,CE,Combined TRACON& Tower with Radar,0,14,9,0,23,0,3,60,0,63,0,17,69,0,86,64,0,64,150
06/25/2006,FSM,AR,ASW,CE,Combined TRACON& Tower with Radar,0,17,16,36,69,0,2,49,0,51,0,19,65,36,120,20,0,20,140
06/26/2006,FSM,AR,ASW,CE,Combined TRACON& Tower with Radar,0,25,34,81,140,0,1,32,36,69,0,26,66,117,209,38,112,150,359
06/27/2006,FSM,AR,ASW,CE,Combined TRACON& Tower with Radar,0,19,36,74,129,0,1,31,46,78,0,20,67,120,207,50,111,161,368
06/28/2006,FSM,AR,ASW,CE,Combined TRACON& Tower with Radar,0,21,30,39,90,0,0,62,28,90,0,21,92,67,180,78,20,98,278
06/29/2006,FSM,AR,ASW,CE,Combined TRACON& Tower with Radar,0,27,24,69,120,0,0,39,8,47,0,27,63,77,167,4,6,10,177
06/30/2006,FSM,AR,ASW,CE,Combined TRACON& Tower with Radar,0,23,24,22,69,0,2,29,11,42,0,25,53,33,111,8,8,16,127
07/01/2006,FSM,AR,ASW,CE,Combined TRACON& Tower with Radar,0,14,12,2,28,0,0,43,0,43,0,14,55,2,71,14,0,14,85
07/02/2006,FSM,AR,ASW,CE,Combined TRACON& Tower with Radar,0,21,8,1,30,0,1,27,3,31,0,22,35,4,61,2,0,2,63
07/03/2006,FSM,AR,ASW,CE,Combined TRACON& Tower with Radar,2,21,9,8,40,0,1,29,10,40,2,22,38,18,80,32,4,36,116
07/04/2006,FSM,AR,ASW,CE,Combined TRACON& Tower with Radar,5,19,12,1,37,0,0,12,1,13,5,19,24,2,50,14,0,14,64
07/05/2006,FSM,AR,ASW,CE,Combined TRACON& Tower with Radar,2,16,39,43,100,0,0,19,18,37,2,16,58,61,137,12,32,44,181
07/06/2006,FSM,AR,ASW,CE,Combined TRACON& Tower with Radar,1,21,29,93,144,0,2,57,66,125,1,23,86,159,269,122,108,230,499
07/07/2006,FSM,AR,ASW,CE,Combined TRACON& Tower with Radar,1,17,17,83,118,0,0,72,24,96,1,17,89,107,214,114,36,150,364
07/08/2006,FSM,AR,ASW,CE,Combined TRACON& Tower with Radar,0,16,20,29,65,0,0,66,6,72,0,16,86,35,137,33,22,55,192
07/09/2006,FSM,AR,ASW,CE,Combined TRACON& Tower with Radar,0,16,23,25,64,0,0,27,8,35,0,16,50,33,99,10,16,26,125
07/10/2006,FSM,AR,ASW,CE,Combined TRACON& Tower with Radar,1,22,24,29,76,0,0,33,25,58,1,22,57,54,134,60,52,112,246
07/11/2006,FSM,AR,ASW,CE,Combined TRACON& Tower with Radar,0,26,22,19,67,0,0,16,40,56,0,26,38,59,123,16,66,82,205
07/12/2006,FSM,AR,ASW,CE,Combined TRACON& Tower with Radar,4,26,21,12,63,0,0,41,24,65,4,26,62,36,128,86,24,110,238
07/13/2006,FSM,AR,ASW,CE,Combined TRACON& Tower with Radar,2,19,23,21,65,0,0,58,17,75,2,19,81,38,140,128,24,152,292
07/14/2006,FSM,AR,ASW,CE,Combined TRACON& Tower with Radar,0,22,36,30,88,0,1,46,30,77,0,23,82,60,165,34,26,60,225
07/15/2006,FSM,AR,ASW,CE,Combined TRACON& Tower with Radar,0,18,10,15,43,0,4,36,54,94,0,22,46,69,137,24,102,126,263
07/16/2006,FSM,AR,ASW,CE,Combined TRACON& Tower with Radar,2,19,14,13,48,0,4,34,46,84,2,23,48,59,132,24,44,68,200
07/17/2006,FSM,AR,ASW,CE,Combined TRACON& Tower with Radar,2,31,43,26,102,0,0,42,55,97,2,31,85,81,199,66,88,154,353
07/18/2006,FSM,AR,ASW,CE,Combined TRACON& Tower with Radar,1,24,19,30,74,0,4,41,33,78,1,28,60,63,152,50,32,82,234
07/19/2006,FSM,AR,ASW,CE,Combined TRACON& Tower with Radar,1,21,38,61,121,0,0,30,58,88,1,21,68,119,209,0,42,42,251
07/20/2006,FSM,AR,ASW,CE,Combined TRACON& Tower with Radar,1,19,28,42,90,0,0,46,60,106,1,19,74,102,196,24,42,66,262
07/21/2006,FSM,AR,ASW,CE,Combined TRACON& Tower with Radar,1,24,25,35,85,0,0,47,18,65,1,24,72,53,150,48,20,68,218
07/22/2006,FSM,AR,ASW,CE,Combined TRACON& Tower with Radar,0,14,18,16,48,0,0,68,19,87,0,14,86,35,135,60,4,64,199
07/23/2006,FSM,AR,ASW,CE,Combined TRACON& Tower with Radar,0,18,8,10,36,0,2,60,19,81,0,20,68,29,117,40,10,50,167
07/24/2006,FSM,AR,ASW,CE,Combined TRACON& Tower with Radar,0,17,24,76,117,0,5,33,41,79,0,22,57,117,196,42,58,100,296
07/25/2006,FSM,AR,ASW,CE,Combined TRACON& Tower with Radar,1,18,23,99,141,0,0,57,53,110,1,18,80,152,251,68,168,236,487
07/26/2006,FSM,AR,ASW,CE,Combined TRACON& Tower with Radar,1,20,31,62,114,0,1,53,50,104,1,21,84,112,218,74,54,128,346
07/27/2006,FSM,AR,ASW,CE,Combined TRACON& Tower with Radar,0,20,46,57,123,0,0,25,8,33,0,20,71,65,156,54,44,98,254
07/28/2006,FSM,AR,ASW,CE,Combined TRACON& Tower with Radar,0,27,32,24,83,0,0,52,2,54,0,27,84,26,137,68,38,106,243
07/29/2006,FSM,AR,ASW,CE,Combined TRACON& Tower with Radar,8,19,6,20,53,0,0,63,5,68,8,19,69,25,121,80,4,84,205
07/30/2006,FSM,AR,ASW,CE,Combined TRACON& Tower with Radar,0,18,17,12,47,0,0,41,3,44,0,18,58,15,91,50,6,56,147
07/31/2006,FSM,AR,ASW,CE,Combined TRACON& Tower with Radar,1,20,25,27,73,0,1,63,55,119,1,21,88,82,192,70,198,268,460
08/01/2006,FSM,AR,ASW,CE,Combined TRACON& Tower with Radar,3,15,30,55,103,0,0,48,31,79,3,15,78,86,182,56,68,124,306
08/02/2006,FSM,AR,ASW,CE,Combined TRACON& Tower with Radar,2,17,24,41,84,0,0,22,50,72,2,17,46,91,156,16,74,90,246
08/03/2006,FSM,AR,ASW,CE,Combined TRACON& Tower with Radar,0,20,28,67,115,0,1,41,68,110,0,21,69,135,225,28,68,96,321
08/04/2006,FSM,AR,ASW,CE,Combined TRACON& Tower with Radar,0,16,36,35,87,0,1,52,48,101,0,17,88,83,188,30,138,168,356
08/05/2006,FSM,AR,ASW,CE,Combined TRACON& Tower with Radar,0,14,24,50,88,0,0,42,80,122,0,14,66,130,210,48,170,218,428
08/06/2006,FSM,AR,ASW,CE,Combined TRACON& Tower with Radar,1,12,13,22,48,0,0,19,9,28,1,12,32,31,76,18,32,50,126
08/07/2006,FSM,AR,ASW,CE,Combined TRACON& Tower with Radar,5,13,27,32,77,0,2,49,32,83,5,15,76,64,160,52,22,74,234
08/08/2006,FSM,AR,ASW,CE,Combined TRACON& Tower with Radar,0,20,38,129,187,0,2,58,29,89,0,22,96,158,276,56,72,128,404
08/09/2006,FSM,AR,ASW,CE,Combined TRACON& Tower with Radar,0,29,29,50,108,0,3,55,34,92,0,32,84,84,200,86,108,194,394
08/10/2006,FSM,AR,ASW,CE,Combined TRACON& Tower with Radar,0,17,31,55,103,0,2,44,10,56,0,19,75,65,159,50,86,136,295
08/11/2006,FSM,AR,ASW,CE,Combined TRACON& Tower with Radar,0,15,28,13,56,0,0,30,1,31,0,15,58,14,87,72,2,74,161
08/12/2006,FSM,AR,ASW,CE,Combined TRACON& Tower with Radar,0,17,12,8,37,0,0,58,8,66,0,17,70,16,103,46,20,66,169
08/13/2006,FSM,AR,ASW,CE,Combined TRACON& Tower with Radar,0,16,19,17,52,0,0,23,1,24,0,16,42,18,76,12,0,12,88
08/14/2006,FSM,AR,ASW,CE,Combined TRACON& Tower with Radar,0,19,27,41,87,0,1,39,25,65,0,20,66,66,152,52,52,104,256
08/15/2006,FSM,AR,ASW,CE,Combined TRACON& Tower with Radar,0,23,33,50,106,0,1,35,35,71,0,24,68,85,177,132,92,224,401
08/16/2006,FSM,AR,ASW,CE,Combined TRACON& Tower with Radar,0,22,26,61,109,0,0,47,33,80,0,22,73,94,189,142,102,244,433
08/17/2006,FSM,AR,ASW,CE,Combined TRACON& Tower with Radar,2,24,42,44,112,0,0,77,18,95,2,24,119,62,207,126,28,154,361
08/18/2006,FSM,AR,ASW,CE,Combined TRACON& Tower with Radar,0,19,39,59,117,0,0,82,51,133,0,19,121,110,250,102,110,212,462
08/19/2006,FSM,AR,ASW,CE,Combined TRACON& Tower with Radar,0,14,22,4,40,0,0,67,0,67,0,14,89,4,107,40,0,40,147
08/20/2006,FSM,AR,ASW,CE,Combined TRACON& Tower with Radar,0,16,14,12,42,0,0,28,0,28,0,16,42,12,70,40,4,44,114
08/21/2006,FSM,AR,ASW,CE,Combined TRACON& Tower with Radar,0,19,33,51,103,0,0,29,2,31,0,19,62,53,134,76,36,112,246
08/22/2006,FSM,AR,ASW,CE,Combined TRACON& Tower with Radar,0,16,50,26,92,0,0,57,37,94,0,16,107,63,186,140,68,208,394
08/23/2006,FSM,AR,ASW,CE,Combined TRACON& Tower with Radar,0,20,34,17,71,0,2,8,26,36,0,22,42,43,107,28,28,56,163
08/24/2006,FSM,AR,ASW,CE,Combined TRACON& Tower with Radar,3,16,33,49,101,0,0,50,39,89,3,16,83,88,190,86,76,162,352
08/25/2006,FSM,AR,ASW,CE,Combined TRACON& Tower with Radar,0,17,51,42,110,0,0,54,30,84,0,17,105,72,194,124,110,234,428
08/26/2006,FSM,AR,ASW,CE,Combined TRACON& Tower with Radar,1,15,12,10,38,0,0,35,5,40,1,15,47,15,78,44,12,56,134
08/27/2006,FSM,AR,ASW,CE,Combined TRACON& Tower with Radar,0,14,8,3,25,0,0,18,0,18,0,14,26,3,43,16,0,16,59
08/28/2006,FSM,AR,ASW,CE,Combined TRACON& Tower with Radar,0,19,35,48,102,0,0,6,23,29,0,19,41,71,131,0,56,56,187
08/29/2006,FSM,AR,ASW,CE,Combined TRACON& Tower with Radar,2,22,40,65,129,0,0,29,17,46,2,22,69,82,175,72,92,164,339
08/30/2006,FSM,AR,ASW,CE,Combined TRACON& Tower with Radar,1,20,44,52,117,0,0,73,18,91,1,20,117,70,208,54,66,120,328
08/31/2006,FSM,AR,ASW,CE,Combined TRACON& Tower with Radar,0,21,47,34,102,0,2,86,53,141,0,23,133,87,243,90,120,210,453
09/01/2006,FSM,AR,ASW,CE,Combined TRACON& Tower with Radar,0,17,29,53,99,0,0,68,14,82,0,17,97,67,181,50,82,132,313
09/02/2006,FSM,AR,ASW,CE,Combined TRACON& Tower with Radar,0,13,10,3,26,0,5,29,2,36,0,18,39,5,62,16,6,22,84
09/03/2006,FSM,AR,ASW,CE,Combined TRACON& Tower with Radar,0,17,5,0,22,0,0,23,7,30,0,17,28,7,52,8,6,14,66
09/04/2006,FSM,AR,ASW,CE,Combined TRACON& Tower with Radar,3,12,23,2,40,0,1,27,0,28,3,13,50,2,68,40,0,40,108
09/05/2006,FSM,AR,ASW,CE,Combined TRACON& Tower with Radar,0,24,24,70,118,0,0,54,54,108,0,24,78,124,226,76,178,254,480
09/06/2006,FSM,AR,ASW,CE,Combined TRACON& Tower with Radar,0,17,28,44,89,0,0,57,0,57,0,17,85,44,146,70,40,110,256
09/07/2006,FSM,AR,ASW,CE,Combined TRACON& Tower with Radar,0,21,26,37,84,0,0,66,24,90,0,21,92,61,174,68,30,98,272
09/08/2006,FSM,AR,ASW,CE,Combined TRACON& Tower with Radar,2,21,45,54,122,0,2,66,20,88,2,23,111,74,210,94,64,158,368
09/09/2006,FSM,AR,ASW,CE,Combined TRACON& Tower with Radar,0,17,27,22,66,0,2,39,8,49,0,19,66,30,115,2,1,3,118
09/10/2006,FSM,AR,ASW,CE,Combined TRACON& Tower with Radar,2,19,11,41,73,0,0,17,20,37,2,19,28,61,110,0,54,54,164
09/11/2006,FSM,AR,ASW,CE,Combined TRACON& Tower with Radar,1,12,38,38,89,0,0,15,41,56,1,12,53,79,145,4,58,62,207
09/12/2006,FSM,AR,ASW,CE,Combined TRACON& Tower with Radar,0,17,48,189,254,0,0,23,44,67,0,17,71,233,321,36,176,212,533
09/13/2006,FSM,AR,ASW,CE,Combined TRACON& Tower with Radar,2,21,37,65,125,0,0,71,60,131,2,21,108,125,256,156,88,244,500
09/14/2006,FSM,AR,ASW,CE,Combined TRACON& Tower with Radar,0,30,38,37,105,0,3,48,17,68,0,33,86,54,173,64,26,90,263
09/15/2006,FSM,AR,ASW,CE,Combined TRACON& Tower with Radar,3,25,36,27,91,0,0,88,10,98,3,25,124,37,189,56,54,110,299
09/16/2006,FSM,AR,ASW,CE,Combined TRACON& Tower with Radar,0,18,20,32,70,0,0,35,22,57,0,18,55,54,127,20,32,52,179
09/17/2006,FSM,AR,ASW,CE,Combined TRACON& Tower with Radar,0,14,21,0,35,0,1,1,0,2,0,15,22,0,37,0,0,0,37
09/18/2006,FSM,AR,ASW,CE,Combined TRACON& Tower with Radar,0,16,34,49,99,0,0,39,40,79,0,16,73,89,178,56,106,162,340
09/19/2006,FSM,AR,ASW,CE,Combined TRACON& Tower with Radar,0,23,28,46,97,0,3,69,53,125,0,26,97,99,222,125,108,233,455
09/20/2006,FSM,AR,ASW,CE,Combined TRACON& Tower with Radar,0,22,48,23,93,0,0,65,23,88,0,22,113,46,181,94,114,208,389
09/21/2006,FSM,AR,ASW,CE,Combined TRACON& Tower with Radar,0,23,29,18,70,0,0,20,34,54,0,23,49,52,124,56,26,82,206
09/22/2006,FSM,AR,ASW,CE,Combined TRACON& Tower with Radar,0,19,30,42,91,0,0,11,12,23,0,19,41,54,114,0,14,14,128
09/23/2006,FSM,AR,ASW,CE,Combined TRACON& Tower with Radar,0,14,18,0,32,0,0,11,1,12,0,14,29,1,44,0,0,0,44
09/24/2006,FSM,AR,ASW,CE,Combined TRACON& Tower with Radar,0,20,17,3,40,0,0,22,2,24,0,20,39,5,64,0,0,0,64
09/25/2006,FSM,AR,ASW,CE,Combined TRACON& Tower with Radar,1,19,28,35,83,0,0,62,42,104,1,19,90,77,187,86,86,172,359
09/26/2006,FSM,AR,ASW,CE,Combined TRACON& Tower with Radar,0,21,35,33,89,0,0,52,42,94,0,21,87,75,183,50,140,190,373
09/27/2006,FSM,AR,ASW,CE,Combined TRACON& Tower with Radar,0,22,20,30,72,0,0,37,32,69,0,22,57,62,141,24,70,94,235
09/28/2006,FSM,AR,ASW,CE,Combined TRACON& Tower with Radar,0,20,27,14,61,0,0,42,49,91,0,20,69,63,152,42,100,142,294
09/29/2006,FSM,AR,ASW,CE,Combined TRACON& Tower with Radar,0,19,46,21,86,0,1,41,33,75,0,20,87,54,161,20,68,88,249
09/30/2006,FSM,AR,ASW,CE,Combined TRACON& Tower with Radar,0,16,5,0,21,0,0,62,0,62,0,16,67,0,83,32,0,32,115
10/01/2006,FSM,AR,ASW,CE,Combined TRACON& Tower with Radar,1,20,18,2,41,0,7,45,2,54,1,27,63,4,95,36,0,36,131
10/02/2006,FSM,AR,ASW,CE,Combined TRACON& Tower with Radar,0,17,22,57,96,0,1,21,26,48,0,18,43,83,144,26,126,152,296
10/03/2006,FSM,AR,ASW,CE,Combined TRACON& Tower with Radar,0,18,32,99,149,0,1,33,45,79,0,19,65,144,228,26,92,118,346
10/04/2006,FSM,AR,ASW,CE,Combined TRACON& Tower with Radar,1,19,38,91,149,0,1,69,13,83,1,20,107,104,232,70,80,150,382
10/05/2006,FSM,AR,ASW,CE,Combined TRACON& Tower with Radar,0,18,47,79,144,0,1,66,19,86,0,19,113,98,230,106,62,168,398
10/06/2006,FSM,AR,ASW,CE,Combined TRACON& Tower with Radar,0,20,22,48,90,0,4,49,5,58,0,24,71,53,148,44,0,44,192
10/07/2006,FSM,AR,ASW,CE,Combined TRACON& Tower with Radar,0,23,52,0,75,0,0,46,0,46,0,23,98,0,121,0,0,0,121
10/08/2006,FSM,AR,ASW,CE,Combined TRACON& Tower with Radar,0,19,23,0,42,0,0,38,0,38,0,19,61,0,80,26,0,26,106
10/09/2006,FSM,AR,ASW,CE,Combined TRACON& Tower with Radar,1,17,23,20,61,0,0,40,4,44,1,17,63,24,105,74,16,90,195
10/10/2006,FSM,AR,ASW,CE,Combined TRACON& Tower with Radar,1,19,25,15,60,0,1,16,9,26,1,20,41,24,86,18,6,24,110
10/11/2006,FSM,AR,ASW,CE,Combined TRACON& Tower with Radar,0,17,31,88,136,0,0,42,27,69,0,17,73,115,205,42,144,186,391
10/12/2006,FSM,AR,ASW,CE,Combined TRACON& Tower with Radar,0,21,39,26,86,0,0,57,22,79,0,21,96,48,165,80,54,134,299
10/13/2006,FSM,AR,ASW,CE,Combined TRACON& Tower with Radar,0,25,44,23,92,0,0,72,32,104,0,25,116,55,196,76,48,124,320
10/14/2006,FSM,AR,ASW,CE,Combined TRACON& Tower with Radar,0,15,27,25,67,0,0,62,16,78,0,15,89,41,145,32,30,62,207
10/15/2006,FSM,AR,ASW,CE,Combined TRACON& Tower with Radar,0,16,17,16,49,0,1,2,0,3,0,17,19,16,52,0,0,0,52
10/16/2006,FSM,AR,ASW,CE,Combined TRACON& Tower with Radar,0,28,29,29,86,0,0,0,0,0,0,28,29,29,86,0,0,0,86
10/17/2006,FSM,AR,ASW,CE,Combined TRACON& Tower with Radar,0,22,28,81,131,0,1,35,9,45,0,23,63,90,176,64,40,104,280
10/18/2006,FSM,AR,ASW,CE,Combined TRACON& Tower with Radar,0,21,44,76,141,0,0,37,15,52,0,21,81,91,193,40,38,78,271
10/19/2006,FSM,AR,ASW,CE,Combined TRACON& Tower with Radar,0,20,30,32,82,0,0,26,2,28,0,20,56,34,110,54,26,80,190
10/20/2006,FSM,AR,ASW,CE,Combined TRACON& Tower with Radar,0,17,21,23,61,0,0,76,7,83,0,17,97,30,144,134,16,150,294
10/21/2006,FSM,AR,ASW,CE,Combined TRACON& Tower with Radar,0,16,10,51,77,0,1,36,15,52,0,17,46,66,129,10,36,46,175
10/22/2006,FSM,AR,ASW,CE,Combined TRACON& Tower with Radar,0,11,12,22,45,0,1,47,0,48,0,12,59,22,93,30,6,36,129
10/23/2006,FSM,AR,ASW,CE,Combined TRACON& Tower with Radar,0,22,22,60,104,0,1,47,13,61,0,23,69,73,165,54,72,126,291
10/24/2006,FSM,AR,ASW,CE,Combined TRACON& Tower with Radar,0,18,46,77,141,0,0,44,24,68,0,18,90,101,209,42,24,66,275
10/25/2006,FSM,AR,ASW,CE,Combined TRACON& Tower with Radar,1,23,20,15,59,0,0,1,0,1,1,23,21,15,60,0,0,0,60
10/26/2006,FSM,AR,ASW,CE,Combined TRACON& Tower with Radar,0,16,30,23,69,0,30,5,0,35,0,46,35,23,104,0,6,6,110
10/27/2006,FSM,AR,ASW,CE,Combined TRACON& Tower with Radar,0,25,37,38,100,0,0,7,3,10,0,25,44,41,110,2,40,42,152
10/28/2006,FSM,AR,ASW,CE,Combined TRACON& Tower with Radar,0,16,24,2,42,0,1,44,4,49,0,17,68,6,91,40,0,40,131
10/29/2006,FSM,AR,ASW,CE,Combined TRACON& Tower with Radar,0,18,28,31,77,0,2,36,0,38,0,20,64,31,115,24,0,24,139
10/30/2006,FSM,AR,ASW,CE,Combined TRACON& Tower with Radar,1,18,48,27,94,0,0,9,17,26,1,18,57,44,120,0,30,30,150
10/31/2006,FSM,AR,ASW,CE,Combined TRACON& Tower with Radar,0,21,29,61,111,0,0,15,12,27,0,21,44,73,138,50,82,132,270
11/01/2006,FSM,AR,ASW,CE,Combined TRACON& Tower with Radar,0,26,37,119,182,0,1,18,42,61,0,27,55,161,243,30,130,160,403
11/02/2006,FSM,AR,ASW,CE,Combined TRACON& Tower with Radar,1,23,35,76,135,0,0,75,26,101,1,23,110,102,236,64,36,100,336
11/03/2006,FSM,AR,ASW,CE,Combined TRACON& Tower with Radar,0,19,34,70,123,0,0,60,41,101,0,19,94,111,224,22,66,88,312
11/04/2006,FSM,AR,ASW,CE,Combined TRACON& Tower with Radar,0,20,19,21,60,0,0,51,21,72,0,20,70,42,132,82,20,102,234
11/05/2006,FSM,AR,ASW,CE,Combined TRACON& Tower with Radar,0,17,18,14,49,0,0,0,0,0,0,17,18,14,49,0,0,0,49
11/06/2006,FSM,AR,ASW,CE,Combined TRACON& Tower with Radar,0,22,33,72,127,0,0,0,13,13,0,22,33,85,140,0,54,54,194
11/07/2006,FSM,AR,ASW,CE,Combined TRACON& Tower with Radar,0,28,24,105,157,0,2,34,24,60,0,30,58,129,217,48,30,78,295
11/08/2006,FSM,AR,ASW,CE,Combined TRACON& Tower with Radar,0,28,49,80,157,0,0,51,54,105,0,28,100,134,262,72,72,144,406
11/09/2006,FSM,AR,ASW,CE,Combined TRACON& Tower with Radar,0,21,31,27,79,0,0,62,14,76,0,21,93,41,155,42,6,48,203
11/10/2006,FSM,AR,ASW,CE,Combined TRACON& Tower with Radar,0,22,37,0,59,0,0,19,2,21,0,22,56,2,80,18,0,18,98
11/11/2006,FSM,AR,ASW,CE,Combined TRACON& Tower with Radar,1,18,8,0,27,0,1,59,0,60,1,19,67,0,87,76,0,76,163
11/12/2006,FSM,AR,ASW,CE,Combined TRACON& Tower with Radar,0,20,27,8,55,0,0,42,0,42,0,20,69,8,97,8,0,8,105
11/13/2006,FSM,AR,ASW,CE,Combined TRACON& Tower with Radar,1,18,24,64,107,0,0,56,14,70,1,18,80,78,177,60,50,110,287
11/14/2006,FSM,AR,ASW,CE,Combined TRACON& Tower with Radar,0,19,26,67,112,0,2,28,40,70,0,21,54,107,182,64,106,170,352
11/15/2006,FSM,AR,ASW,CE,Combined TRACON& Tower with Radar,0,12,23,2,37,0,0,0,0,0,0,12,23,2,37,0,0,0,37
11/16/2006,FSM,AR,ASW,CE,Combined TRACON& Tower with Radar,0,18,40,86,144,0,0,50,13,63,0,18,90,99,207,80,42,122,329
11/17/2006,FSM,AR,ASW,CE,Combined TRACON& Tower with Radar,2,13,48,84,147,0,1,57,19,77,2,14,105,103,224,92,60,152,376
11/18/2006,FSM,AR,ASW,CE,Combined TRACON& Tower with Radar,0,17,16,0,33,0,0,59,0,59,0,17,75,0,92,72,0,72,164
11/19/2006,FSM,AR,ASW,CE,Combined TRACON& Tower with Radar,0,17,25,16,58,0,0,51,0,51,0,17,76,16,109,30,0,30,139
11/20/2006,FSM,AR,ASW,CE,Combined TRACON& Tower with Radar,0,20,16,67,103,0,2,30,15,47,0,22,46,82,150,62,42,104,254
11/21/2006,FSM,AR,ASW,CE,Combined TRACON& Tower with Radar,0,20,19,46,85,0,1,63,14,78,0,21,82,60,163,62,18,80,243
11/22/2006,FSM,AR,ASW,CE,Combined TRACON& Tower with Radar,0,16,35,105,156,0,0,57,15,72,0,16,92,120,228,34,42,76,304
11/23/2006,FSM,AR,ASW,CE,Combined TRACON& Tower with Radar,0,15,8,0,23,0,0,36,0,36,0,15,44,0,59,20,0,20,79
11/24/2006,FSM,AR,ASW,CE,Combined TRACON& Tower with Radar,0,16,16,0,32,0,0,46,0,46,0,16,62,0,78,40,0,40,118
11/25/2006,FSM,AR,ASW,CE,Combined TRACON& Tower with Radar,0,17,10,0,27,0,1,25,0,26,0,18,35,0,53,2,0,2,55
11/26/2006,FSM,AR,ASW,CE,Combined TRACON& Tower with Radar,0,18,23,0,41,0,0,17,0,17,0,18,40,0,58,10,0,10,68
11/27/2006,FSM,AR,ASW,CE,Combined TRACON& Tower with Radar,3,15,34,41,93,0,0,22,26,48,3,15,56,67,141,12,64,76,217
11/28/2006,FSM,AR,ASW,CE,Combined TRACON& Tower with Radar,0,21,30,44,95,0,0,10,6,16,0,21,40,50,111,6,4,10,121
11/29/2006,FSM,AR,ASW,CE,Combined TRACON& Tower with Radar,2,24,26,23,75,0,0,6,15,21,2,24,32,38,96,0,46,46,142
11/30/2006,FSM,AR,ASW,CE,Combined TRACON& Tower with Radar,0,11,10,0,21,0,0,0,0,0,0,11,10,0,21,0,0,0,21
12/01/2006,FSM,AR,ASW,CE,Combined TRACON& Tower with Radar,2,18,17,64,101,0,1,17,11,29,2,19,34,75,130,52,138,190,320
12/02/2006,FSM,AR,ASW,CE,Combined TRACON& Tower with Radar,0,17,13,19,49,0,0,62,23,85,0,17,75,42,134,50,36,86,220
12/03/2006,FSM,AR,ASW,CE,Combined TRACON& Tower with Radar,0,17,12,13,42,0,4,16,12,32,0,21,28,25,74,40,12,52,126
12/04/2006,FSM,AR,ASW,CE,Combined TRACON& Tower with Radar,3,21,31,46,101,0,2,39,14,55,3,23,70,60,156,30,42,72,228
12/05/2006,FSM,AR,ASW,CE,Combined TRACON& Tower with Radar,2,24,40,82,148,0,0,33,16,49,2,24,73,98,197,70,40,110,307
12/06/2006,FSM,AR,ASW,CE,Combined TRACON& Tower with Radar,0,17,32,34,83,0,1,62,1,64,0,18,94,35,147,70,6,76,223
12/07/2006,FSM,AR,ASW,CE,Combined TRACON& Tower with Radar,0,17,30,62,109,0,1,44,17,62,0,18,74,79,171,6,14,20,191
12/08/2006,FSM,AR,ASW,CE,Combined TRACON& Tower with Radar,0,17,19,57,93,0,0,47,11,58,0,17,66,68,151,38,46,84,235
12/09/2006,FSM,AR,ASW,CE,Combined TRACON& Tower with Radar,0,16,9,18,43,0,0,60,0,60,0,16,69,18,103,112,8,120,223
12/10/2006,FSM,AR,ASW,CE,Combined TRACON& Tower with Radar,0,18,30,20,68,0,1,14,0,15,0,19,44,20,83,32,0,32,115
12/11/2006,FSM,AR,ASW,CE,Combined TRACON& Tower with Radar,1,19,33,72,125,0,1,10,25,36,1,20,43,97,161,6,72,78,239
12/12/2006,FSM,AR,ASW,CE,Combined TRACON& Tower with Radar,0,20,34,54,108,0,0,51,26,77,0,20,85,80,185,127,57,184,369
12/13/2006,FSM,AR,ASW,CE,Combined TRACON& Tower with Radar,0,24,53,112,189,0,1,70,70,141,0,25,123,182,330,115,112,227,557
12/14/2006,FSM,AR,ASW,CE,Combined TRACON& Tower with Radar,0,19,46,73,138,0,1,98,18,117,0,20,144,91,255,98,82,180,435
12/15/2006,FSM,AR,ASW,CE,Combined TRACON& Tower with Radar,11,22,24,85,142,0,0,67,18,85,11,22,91,103,227,114,60,174,401
12/16/2006,FSM,AR,ASW,CE,Combined TRACON& Tower with Radar,0,18,15,29,62,0,0,28,2,30,0,18,43,31,92,8,0,8,100
12/17/2006,FSM,AR,ASW,CE,Combined TRACON& Tower with Radar,0,24,16,8,48,0,0,16,0,16,0,24,32,8,64,8,0,8,72
12/18/2006,FSM,AR,ASW,CE,Combined TRACON& Tower with Radar,0,20,48,41,109,0,1,7,8,16,0,21,55,49,125,20,20,40,165
12/19/2006,FSM,AR,ASW,CE,Combined TRACON& Tower with Radar,0,23,19,33,75,0,0,0,0,0,0,23,19,33,75,0,0,0,75
12/20/2006,FSM,AR,ASW,CE,Combined TRACON& Tower with Radar,0,19,28,19,66,0,0,0,0,0,0,19,28,19,66,0,0,0,66
12/21/2006,FSM,AR,ASW,CE,Combined TRACON& Tower with Radar,0,17,31,67,115,0,1,42,16,59,0,18,73,83,174,62,30,92,266
12/22/2006,FSM,AR,ASW,CE,Combined TRACON& Tower with Radar,0,22,29,7,58,0,0,58,0,58,0,22,87,7,116,72,0,72,188
12/23/2006,FSM,AR,ASW,CE,Combined TRACON& Tower with Radar,0,17,12,0,29,0,0,64,0,64,0,17,76,0,93,98,0,98,191
12/24/2006,FSM,AR,ASW,CE,Combined TRACON& Tower with Radar,0,14,12,0,26,0,0,16,0,16,0,14,28,0,42,16,0,16,58
12/25/2006,FSM,AR,ASW,CE,Combined TRACON& Tower with Radar,3,11,4,0,18,0,0,3,0,3,3,11,7,0,21,0,0,0,21
12/26/2006,FSM,AR,ASW,CE,Combined TRACON& Tower with Radar,0,18,14,0,32,0,0,34,0,34,0,18,48,0,66,44,0,44,110
12/27/2006,FSM,AR,ASW,CE,Combined TRACON& Tower with Radar,0,18,33,14,65,0,0,50,5,55,0,18,83,19,120,70,16,86,206
12/28/2006,FSM,AR,ASW,CE,Combined TRACON& Tower with Radar,0,23,33,2,58,0,1,33,0,34,0,24,66,2,92,58,0,58,150
12/29/2006,FSM,AR,ASW,CE,Combined TRACON& Tower with Radar,0,18,23,10,51,0,1,5,0,6,0,19,28,10,57,0,16,16,73
12/30/2006,FSM,AR,ASW,CE,Combined TRACON& Tower with Radar,0,14,5,0,19,0,0,0,0,0,0,14,5,0,19,0,0,0,19
12/31/2006,FSM,AR,ASW,CE,Combined TRACON& Tower with Radar,0,19,9,0,28,0,0,2,0,2,0,19,11,0,30,0,0,0,30
01/01/2007,FSM,AR,ASW,CE,Combined TRACON& Tower with Radar,3,16,23,0,42,0,0,22,0,22,3,16,45,0,64,26,0,26,90
01/02/2007,FSM,AR,ASW,CE,Combined TRACON& Tower with Radar,0,21,37,0,58,0,0,59,0,59,0,21,96,0,117,28,0,28,145
01/03/2007,FSM,AR,ASW,CE,Combined TRACON& Tower with Radar,0,14,25,33,72,0,0,62,29,91,0,14,87,62,163,92,86,178,341
01/04/2007,FSM,AR,ASW,CE,Combined TRACON& Tower with Radar,0,14,35,22,71,0,0,0,0,0,0,14,35,22,71,0,0,0,71
01/05/2007,FSM,AR,ASW,CE,Combined TRACON& Tower with Radar,0,22,33,105,160,0,0,14,5,19,0,22,47,110,179,52,128,180,359
01/06/2007,FSM,AR,ASW,CE,Combined TRACON& Tower with Radar,0,10,14,34,58,0,0,35,24,59,0,10,49,58,117,52,78,130,247
01/07/2007,FSM,AR,ASW,CE,Combined TRACON& Tower with Radar,0,14,11,8,33,0,0,13,0,13,0,14,24,8,46,6,0,6,52
01/08/2007,FSM,AR,ASW,CE,Combined TRACON& Tower with Radar,1,16,27,42,86,0,0,31,13,44,1,16,58,55,130,4,128,132,262
01/09/2007,FSM,AR,ASW,CE,Combined TRACON& Tower with Radar,0,19,26,54,99,0,0,43,6,49,0,19,69,60,148,40,8,48,196
01/10/2007,FSM,AR,ASW,CE,Combined TRACON& Tower with Radar,0,17,38,50,105,0,1,30,27,58,0,18,68,77,163,8,70,78,241
01/11/2007,FSM,AR,ASW,CE,Combined TRACON& Tower with Radar,1,17,38,3,59,0,0,6,2,8,1,17,44,5,67,0,0,0,67
01/12/2007,FSM,AR,ASW,CE,Combined TRACON& Tower with Radar,0,14,31,5,50,0,0,0,0,0,0,14,31,5,50,0,0,0,50
01/13/2007,FSM,AR,ASW,CE,Combined TRACON& Tower with Radar,0,15,2,0,17,0,0,0,0,0,0,15,2,0,17,0,0,0,17
01/14/2007,FSM,AR,ASW,CE,Combined TRACON& Tower with Radar,0,12,6,0,18,0,0,0,0,0,0,12,6,0,18,0,0,0,18
01/15/2007,FSM,AR,ASW,CE,Combined TRACON& Tower with Radar,0,19,11,5,35,0,0,0,0,0,0,19,11,5,35,0,0,0,35
01/16/2007,FSM,AR,ASW,CE,Combined TRACON& Tower with Radar,0,18,28,57,103,0,0,10,18,28,0,18,38,75,131,0,94,94,225
01/17/2007,FSM,AR,ASW,CE,Combined TRACON& Tower with Radar,1,13,33,87,134,0,0,10,16,26,1,13,43,103,160,0,38,38,198
01/18/2007,FSM,AR,ASW,CE,Combined TRACON& Tower with Radar,0,23,48,77,148,0,0,18,27,45,0,23,66,104,193,24,36,60,253
01/19/2007,FSM,AR,ASW,CE,Combined TRACON& Tower with Radar,0,22,35,88,145,0,0,60,22,82,0,22,95,110,227,82,68,150,377
01/20/2007,FSM,AR,ASW,CE,Combined TRACON& Tower with Radar,0,13,0,1,14,0,0,0,0,0,0,13,0,1,14,0,0,0,14
01/21/2007,FSM,AR,ASW,CE,Combined TRACON& Tower with Radar,0,15,13,9,37,0,0,6,3,9,0,15,19,12,46,10,2,12,58
01/22/2007,FSM,AR,ASW,CE,Combined TRACON& Tower with Radar,0,22,23,104,149,0,3,13,20,36,0,25,36,124,185,0,168,168,353
01/23/2007,FSM,AR,ASW,CE,Combined TRACON& Tower with Radar,0,19,25,87,131,0,0,24,27,51,0,19,49,114,182,22,68,90,272
01/24/2007,FSM,AR,ASW,CE,Combined TRACON& Tower with Radar,0,16,36,83,135,0,4,55,11,70,0,20,91,94,205,50,140,190,395
01/25/2007,FSM,AR,ASW,CE,Combined TRACON& Tower with Radar,0,19,31,58,108,0,1,88,27,116,0,20,119,85,224,112,136,248,472
01/26/2007,FSM,AR,ASW,CE,Combined TRACON& Tower with Radar,0,16,30,38,84,0,0,39,2,41,0,16,69,40,125,54,10,64,189
01/27/2007,FSM,AR,ASW,CE,Combined TRACON& Tower with Radar,0,14,13,10,37,0,0,9,0,9,0,14,22,10,46,24,0,24,70
01/28/2007,FSM,AR,ASW,CE,Combined TRACON& Tower with Radar,0,21,14,6,41,0,0,33,1,34,0,21,47,7,75,28,0,28,103
01/29/2007,FSM,AR,ASW,CE,Combined TRACON& Tower with Radar,2,27,19,51,99,0,0,32,12,44,2,27,51,63,143,52,42,94,237
01/30/2007,FSM,AR,ASW,CE,Combined TRACON& Tower with Radar,0,20,36,72,128,0,0,47,14,61,0,20,83,86,189,16,104,120,309
01/31/2007,FSM,AR,ASW,CE,Combined TRACON& Tower with Radar,0,19,21,1,41,0,0,5,6,11,0,19,26,7,52,0,18,18,70
02/01/2007,FSM,AR,ASW,CE,Combined TRACON& Tower with Radar,0,15,15,0,30,0,0,0,0,0,0,15,15,0,30,0,0,0,30
02/02/2007,FSM,AR,ASW,CE,Combined TRACON& Tower with Radar,0,15,30,61,106,0,2,36,17,55,0,17,66,78,161,16,8,24,185
02/03/2007,FSM,AR,ASW,CE,Combined TRACON& Tower with Radar,0,17,9,16,42,0,0,33,26,59,0,17,42,42,101,92,36,128,229
02/04/2007,FSM,AR,ASW,CE,Combined TRACON& Tower with Radar,0,17,12,7,36,0,0,27,5,32,0,17,39,12,68,20,4,24,92
02/05/2007,FSM,AR,ASW,CE,Combined TRACON& Tower with Radar,3,18,35,51,107,0,2,49,20,71,3,20,84,71,178,82,54,136,314
02/06/2007,FSM,AR,ASW,CE,Combined TRACON& Tower with Radar,0,17,28,40,85,0,6,24,15,45,0,23,52,55,130,28,92,120,250
02/07/2007,FSM,AR,ASW,CE,Combined TRACON& Tower with Radar,0,24,36,33,93,0,0,33,21,54,0,24,69,54,147,46,198,244,391
02/08/2007,FSM,AR,ASW,CE,Combined TRACON& Tower with Radar,0,23,33,93,149,0,0,9,26,35,0,23,42,119,184,40,94,134,318
02/09/2007,FSM,AR,ASW,CE,Combined TRACON& Tower with Radar,1,18,27,62,108,0,0,38,7,45,1,18,65,69,153,18,44,62,215
02/10/2007,FSM,AR,ASW,CE,Combined TRACON& Tower with Radar,0,14,16,27,57,0,0,34,11,45,0,14,50,38,102,116,24,140,242
02/11/2007,FSM,AR,ASW,CE,Combined TRACON& Tower with Radar,0,18,8,12,38,0,0,7,2,9,0,18,15,14,47,12,12,24,71
02/12/2007,FSM,AR,ASW,CE,Combined TRACON& Tower with Radar,0,14,17,6,37,0,0,0,0,0,0,14,17,6,37,0,0,0,37
02/13/2007,FSM,AR,ASW,CE,Combined TRACON& Tower with Radar,0,22,22,28,72,0,0,1,2,3,0,22,23,30,75,0,20,20,95
02/14/2007,FSM,AR,ASW,CE,Combined TRACON& Tower with Radar,0,21,34,16,71,0,0,15,3,18,0,21,49,19,89,66,6,72,161
02/15/2007,FSM,AR,ASW,CE,Combined TRACON& Tower with Radar,0,19,26,24,69,0,0,10,8,18,0,19,36,32,87,8,24,32,119
02/16/2007,FSM,AR,ASW,CE,Combined TRACON& Tower with Radar,0,22,34,39,95,0,0,33,4,37,0,22,67,43,132,52,8,60,192
02/17/2007,FSM,AR,ASW,CE,Combined TRACON& Tower with Radar,0,12,20,2,34,0,4,0,0,4,0,16,20,2,38,0,0,0,38
02/18/2007,FSM,AR,ASW,CE,Combined TRACON& Tower with Radar,0,14,22,0,36,0,2,65,0,67,0,16,87,0,103,64,0,64,167
02/19/2007,FSM,AR,ASW,CE,Combined TRACON& Tower with Radar,3,18,18,21,60,0,2,17,2,21,3,20,35,23,81,4,0,4,85
02/20/2007,FSM,AR,ASW,CE,Combined TRACON& Tower with Radar,0,16,25,82,123,0,0,47,20,67,0,16,72,102,190,40,82,122,312
02/21/2007,FSM,AR,ASW,CE,Combined TRACON& Tower with Radar,0,21,44,38,103,0,0,0,0,0,0,21,44,38,103,34,24,58,161
02/22/2007,FSM,AR,ASW,CE,Combined TRACON& Tower with Radar,0,20,18,73,111,0,0,70,7,77,0,20,88,80,188,52,58,110,298
02/23/2007,FSM,AR,ASW,CE,Combined TRACON& Tower with Radar,0,21,28,31,80,0,1,41,7,49,0,22,69,38,129,32,28,60,189
02/24/2007,FSM,AR,ASW,CE,Combined TRACON& Tower with Radar,3,11,11,1,26,0,0,2,0,2,3,11,13,1,28,0,0,0,28
02/25/2007,FSM,AR,ASW,CE,Combined TRACON& Tower with Radar,0,16,11,10,37,0,0,17,2,19,0,16,28,12,56,0,0,0,56
02/26/2007,FSM,AR,ASW,CE,Combined TRACON& Tower with Radar,0,18,31,67,116,0,1,54,19,74,0,19,85,86,190,42,80,122,312
02/27/2007,FSM,AR,ASW,CE,Combined TRACON& Tower with Radar,0,30,27,59,116,0,3,84,8,95,0,33,111,67,211,40,68,108,319
02/28/2007,FSM,AR,ASW,CE,Combined TRACON& Tower with Radar,0,15,22,31,68,0,0,13,4,17,0,15,35,35,85,20,6,26,111
03/01/2007,FSM,AR,ASW,CE,Combined TRACON& Tower with Radar,0,15,31,36,82,0,1,10,9,20,0,16,41,45,102,0,14,14,116
03/02/2007,FSM,AR,ASW,CE,Combined TRACON& Tower with Radar,2,16,26,26,70,0,0,44,2,46,2,16,70,28,116,34,16,50,166
03/03/2007,FSM,AR,ASW,CE,Combined TRACON& Tower with Radar,0,16,11,16,43,0,0,25,26,51,0,16,36,42,94,12,36,48,142
03/04/2007,FSM,AR,ASW,CE,Combined TRACON& Tower with Radar,0,16,18,22,56,0,0,61,9,70,0,16,79,31,126,36,8,44,170
03/05/2007,FSM,AR,ASW,CE,Combined TRACON& Tower with Radar,4,16,28,35,83,0,0,89,2,91,4,16,117,37,174,94,66,160,334
03/06/2007,FSM,AR,ASW,CE,Combined TRACON& Tower with Radar,0,18,39,22,79,0,0,42,10,52,0,18,81,32,131,48,122,170,301
03/07/2007,FSM,AR,ASW,CE,Combined TRACON& Tower with Radar,0,18,25,44,87,0,3,43,28,74,0,21,68,72,161,19,94,113,274
03/08/2007,FSM,AR,ASW,CE,Combined TRACON& Tower with Radar,0,14,47,51,112,0,0,54,21,75,0,14,101,72,187,80,52,132,319
03/09/2007,FSM,AR,ASW,CE,Combined TRACON& Tower with Radar,1,13,26,3,43,0,0,10,0,10,1,13,36,3,53,0,0,0,53
03/10/2007,FSM,AR,ASW,CE,Combined TRACON& Tower with Radar,0,11,20,4,35,0,2,78,2,82,0,13,98,6,117,114,14,128,245
03/11/2007,FSM,AR,ASW,CE,Combined TRACON& Tower with Radar,0,14,16,4,34,0,0,24,2,26,0,14,40,6,60,36,4,40,100
03/12/2007,FSM,AR,ASW,CE,Combined TRACON& Tower with Radar,0,20,17,24,61,0,0,58,1,59,0,20,75,25,120,62,0,62,182
03/13/2007,FSM,AR,ASW,CE,Combined TRACON& Tower with Radar,0,30,22,24,76,0,2,28,0,30,0,32,50,24,106,34,42,76,182
03/14/2007,FSM,AR,ASW,CE,Combined TRACON& Tower with Radar,0,17,26,26,69,0,0,40,0,40,0,17,66,26,109,34,0,34,143
03/15/2007,FSM,AR,ASW,CE,Combined TRACON& Tower with Radar,1,22,49,98,170,0,2,28,14,44,1,24,77,112,214,50,104,154,368
03/16/2007,FSM,AR,ASW,CE,Combined TRACON& Tower with Radar,0,20,47,39,106,0,5,45,11,61,0,25,92,50,167,8,178,186,353
03/17/2007,FSM,AR,ASW,CE,Combined TRACON& Tower with Radar,0,14,28,2,44,0,0,68,9,77,0,14,96,11,121,116,6,122,243
03/18/2007,FSM,AR,ASW,CE,Combined TRACON& Tower with Radar,0,14,17,0,31,0,0,26,0,26,0,14,43,0,57,46,0,46,103
03/19/2007,FSM,AR,ASW,CE,Combined TRACON& Tower with Radar,5,12,20,19,56,0,0,7,1,8,5,12,27,20,64,0,0,0,64
03/20/2007,FSM,AR,ASW,CE,Combined TRACON& Tower with Radar,0,18,18,34,70,0,0,7,6,13,0,18,25,40,83,0,26,26,109
03/21/2007,FSM,AR,ASW,CE,Combined TRACON& Tower with Radar,1,14,29,65,109,0,0,10,10,20,1,14,39,75,129,0,22,22,151
03/22/2007,FSM,AR,ASW,CE,Combined TRACON& Tower with Radar,0,19,26,36,81,0,0,33,7,40,0,19,59,43,121,48,40,88,209
03/23/2007,FSM,AR,ASW,CE,Combined TRACON& Tower with Radar,0,23,25,34,82,0,0,18,2,20,0,23,43,36,102,0,28,28,130
03/24/2007,FSM,AR,ASW,CE,Combined TRACON& Tower with Radar,0,14,11,0,25,0,0,45,2,47,0,14,56,2,72,54,0,54,126
03/25/2007,FSM,AR,ASW,CE,Combined TRACON& Tower with Radar,0,15,12,17,44,0,0,23,13,36,0,15,35,30,80,60,6,66,146
03/26/2007,FSM,AR,ASW,CE,Combined TRACON& Tower with Radar,0,20,34,12,66,0,3,24,9,36,0,23,58,21,102,64,14,78,180
03/27/2007,FSM,AR,ASW,CE,Combined TRACON& Tower with Radar,1,18,20,23,62,0,0,1,41,42,1,18,21,64,104,0,72,72,176
03/28/2007,FSM,AR,ASW,CE,Combined TRACON& Tower with Radar,0,18,39,61,118,0,0,28,28,56,0,18,67,89,174,10,84,94,268
03/29/2007,FSM,AR,ASW,CE,Combined TRACON& Tower with Radar,1,14,19,16,50,0,0,25,30,55,1,14,44,46,105,16,44,60,165
03/30/2007,FSM,AR,ASW,CE,Combined TRACON& Tower with Radar,0,22,30,28,80,0,2,23,25,50,0,24,53,53,130,12,24,36,166
03/31/2007,FSM,AR,ASW,CE,Combined TRACON& Tower with Radar,0,14,8,0,22,0,0,11,0,11,0,14,19,0,33,0,0,0,33
04/01/2007,FSM,AR,ASW,CE,Combined TRACON& Tower with Radar,1,16,12,5,34,0,0,50,1,51,1,16,62,6,85,52,0,52,137
04/02/2007,FSM,AR,ASW,CE,Combined TRACON& Tower with Radar,0,30,23,84,137,0,0,40,42,82,0,30,63,126,219,8,58,66,285
04/03/2007,FSM,AR,ASW,CE,Combined TRACON& Tower with Radar,0,24,25,41,90,0,0,18,38,56,0,24,43,79,146,6,54,60,206
04/04/2007,FSM,AR,ASW,CE,Combined TRACON& Tower with Radar,1,16,34,84,135,0,0,46,25,71,1,16,80,109,206,24,100,124,330
04/05/2007,FSM,AR,ASW,CE,Combined TRACON& Tower with Radar,1,25,52,72,150,0,0,67,33,100,1,25,119,105,250,50,82,132,382
04/06/2007,FSM,AR,ASW,CE,Combined TRACON& Tower with Radar,0,19,15,61,95,0,0,32,22,54,0,19,47,83,149,36,70,106,255
04/07/2007,FSM,AR,ASW,CE,Combined TRACON& Tower with Radar,0,12,18,7,37,0,0,60,24,84,0,12,78,31,121,30,20,50,171
04/08/2007,FSM,AR,ASW,CE,Combined TRACON& Tower with Radar,0,15,18,0,33,0,0,31,0,31,0,15,49,0,64,16,0,16,80
04/09/2007,FSM,AR,ASW,CE,Combined TRACON& Tower with Radar,0,21,18,41,80,0,0,36,25,61,0,21,54,66,141,60,60,120,261
04/10/2007,FSM,AR,ASW,CE,Combined TRACON& Tower with Radar,0,23,36,46,105,0,0,3,5,8,0,23,39,51,113,0,8,8,121
04/11/2007,FSM,AR,ASW,CE,Combined TRACON& Tower with Radar,0,20,27,59,106,0,0,19,21,40,0,20,46,80,146,6,116,122,268
04/12/2007,FSM,AR,ASW,CE,Combined TRACON& Tower with Radar,0,19,30,85,134,0,0,50,19,69,0,19,80,104,203,48,10,58,261
04/13/2007,FSM,AR,ASW,CE,Combined TRACON& Tower with Radar,0,16,12,10,38,0,0,7,9,16,0,16,19,19,54,4,22,26,80
04/14/2007,FSM,AR,ASW,CE,Combined TRACON& Tower with Radar,0,21,15,33,69,0,0,14,1,15,0,21,29,34,84,0,0,0,84
04/15/2007,FSM,AR,ASW,CE,Combined TRACON& Tower with Radar,0,18,21,11,50,0,0,46,9,55,0,18,67,20,105,52,6,58,163
04/16/2007,FSM,AR,ASW,CE,Combined TRACON& Tower with Radar,0,22,21,39,82,0,3,60,27,90,0,25,81,66,172,108,158,266,438
04/17/2007,FSM,AR,ASW,CE,Combined TRACON& Tower with Radar,0,19,44,19,82,0,0,33,12,45,0,19,77,31,127,12,14,26,153
04/18/2007,FSM,AR,ASW,CE,Combined TRACON& Tower with Radar,0,25,36,37,98,0,0,49,6,55,0,25,85,43,153,40,52,92,245
04/19/2007,FSM,AR,ASW,CE,Combined TRACON& Tower with Radar,0,19,31,51,101,0,3,55,10,68,0,22,86,61,169,86,14,100,269
04/20/2007,FSM,AR,ASW,CE,Combined TRACON& Tower with Radar,0,18,40,54,112,0,2,65,3,70,0,20,105,57,182,42,34,76,258
04/21/2007,FSM,AR,ASW,CE,Combined TRACON& Tower with Radar,0,15,13,13,41,0,2,45,0,47,0,17,58,13,88,72,0,72,160
04/22/2007,FSM,AR,ASW,CE,Combined TRACON& Tower with Radar,0,19,20,7,46,0,1,8,3,12,0,20,28,10,58,0,0,0,58
04/23/2007,FSM,AR,ASW,CE,Combined TRACON& Tower with Radar,3,21,29,18,71,0,0,25,8,33,3,21,54,26,104,116,96,212,316
04/24/2007,FSM,AR,ASW,CE,Combined TRACON& Tower with Radar,1,17,31,12,61,0,0,6,0,6,1,17,37,12,67,6,14,20,87
04/25/2007,FSM,AR,ASW,CE,Combined TRACON& Tower with Radar,0,32,49,39,120,0,0,5,5,10,0,32,54,44,130,0,44,44,174
04/26/2007,FSM,AR,ASW,CE,Combined TRACON& Tower with Radar,0,20,48,40,108,0,0,24,13,37,0,20,72,53,145,6,12,18,163
04/27/2007,FSM,AR,ASW,CE,Combined TRACON& Tower with Radar,0,24,46,53,123,0,0,24,5,29,0,24,70,58,152,34,12,46,198
04/28/2007,FSM,AR,ASW,CE,Combined TRACON& Tower with Radar,0,18,21,6,45,0,0,57,2,59,0,18,78,8,104,84,0,84,188
04/29/2007,FSM,AR,ASW,CE,Combined TRACON& Tower with Radar,2,24,25,10,61,0,1,62,0,63,2,25,87,10,124,42,0,42,166
04/30/2007,FSM,AR,ASW,CE,Combined TRACON& Tower with Radar,0,21,22,33,76,0,2,37,4,43,0,23,59,37,119,12,70,82,201
05/01/2007,FSM,AR,ASW,CE,Combined TRACON& Tower with Radar,0,23,19,7,49,0,4,4,0,8,0,27,23,7,57,0,0,0,57
05/02/2007,FSM,AR,ASW,CE,Combined TRACON& Tower with Radar,0,20,30,13,63,0,0,6,2,8,0,20,36,15,71,12,24,36,107
05/03/2007,FSM,AR,ASW,CE,Combined TRACON& Tower with Radar,0,19,34,19,72,0,7,12,2,21,0,26,46,21,93,16,10,26,119
05/04/2007,FSM,AR,ASW,CE,Combined TRACON& Tower with Radar,0,19,27,102,148,0,1,39,7,47,0,20,66,109,195,68,168,236,431
05/05/2007,FSM,AR,ASW,CE,Combined TRACON& Tower with Radar,0,16,14,2,32,0,0,29,0,29,0,16,43,2,61,50,0,50,111
05/06/2007,FSM,AR,ASW,CE,Combined TRACON& Tower with Radar,2,18,12,19,51,0,2,21,5,28,2,20,33,24,79,8,1,9,88
05/07/2007,FSM,AR,ASW,CE,Combined TRACON& Tower with Radar,2,17,17,2,38,0,0,3,0,3,2,17,20,2,41,0,0,0,41
05/08/2007,FSM,AR,ASW,CE,Combined TRACON& Tower with Radar,0,20,19,7,46,0,0,4,2,6,0,20,23,9,52,6,16,22,74
05/09/2007,FSM,AR,ASW,CE,Combined TRACON& Tower with Radar,0,16,30,13,59,0,0,30,1,31,0,16,60,14,90,34,0,34,124
05/10/2007,FSM,AR,ASW,CE,Combined TRACON& Tower with Radar,0,24,34,8,66,0,0,23,0,23,0,24,57,8,89,42,16,58,147
05/11/2007,FSM,AR,ASW,CE,Combined TRACON& Tower with Radar,1,23,34,24,82,0,1,26,2,29,1,24,60,26,111,2,0,2,113
05/12/2007,FSM,AR,ASW,CE,Combined TRACON& Tower with Radar,0,15,17,1,33,0,0,48,4,52,0,15,65,5,85,28,0,28,113
05/13/2007,FSM,AR,ASW,CE,Combined TRACON& Tower with Radar,0,15,16,8,39,0,0,31,0,31,0,15,47,8,70,18,0,18,88
05/14/2007,FSM,AR,ASW,CE,Combined TRACON& Tower with Radar,2,21,30,41,94,0,0,55,7,62,2,21,85,48,156,36,8,44,200
05/15/2007,FSM,AR,ASW,CE,Combined TRACON& Tower with Radar,2,17,35,10,64,0,0,12,3,15,2,17,47,13,79,0,0,0,79
05/16/2007,FSM,AR,ASW,CE,Combined TRACON& Tower with Radar,0,18,35,84,137,0,0,59,8,67,0,18,94,92,204,33,16,49,253
05/17/2007,FSM,AR,ASW,CE,Combined TRACON& Tower with Radar,0,18,30,22,70,0,0,57,14,71,0,18,87,36,141,78,110,188,329
05/18/2007,FSM,AR,ASW,CE,Combined TRACON& Tower with Radar,0,20,43,44,107,0,1,62,4,67,0,21,105,48,174,64,16,80,254
05/19/2007,FSM,AR,ASW,CE,Combined TRACON& Tower with Radar,2,16,6,0,24,0,2,54,0,56,2,18,60,0,80,18,0,18,98
05/20/2007,FSM,AR,ASW,CE,Combined TRACON& Tower with Radar,1,18,19,11,49,0,0,44,1,45,1,18,63,12,94,56,4,60,154
05/21/2007,FSM,AR,ASW,CE,Combined TRACON& Tower with Radar,2,19,26,106,153,0,1,19,4,24,2,20,45,110,177,4,28,32,209
05/22/2007,FSM,AR,ASW,CE,Combined TRACON& Tower with Radar,1,22,26,3,52,0,0,11,3,14,1,22,37,6,66,0,0,0,66
05/23/2007,FSM,AR,ASW,CE,Combined TRACON& Tower with Radar,0,32,35,64,131,0,0,50,11,61,0,32,85,75,192,40,20,60,252
05/24/2007,FSM,AR,ASW,CE,Combined TRACON& Tower with Radar,1,9,22,2,34,0,0,3,2,5,1,9,25,4,39,18,22,40,79
05/25/2007,FSM,AR,ASW,CE,Combined TRACON& Tower with Radar,1,17,23,73,114,0,0,8,6,14,1,17,31,79,128,0,6,6,134
05/26/2007,FSM,AR,ASW,CE,Combined TRACON& Tower with Radar,0,18,14,2,34,0,2,17,0,19,0,20,31,2,53,0,0,0,53
05/27/2007,FSM,AR,ASW,CE,Combined TRACON& Tower with Radar,0,0,0,0,0,0,17,23,0,40,0,17,23,0,40,16,0,16,56
05/28/2007,FSM,AR,ASW,CE,Combined TRACON& Tower with Radar,0,16,21,3,40,0,0,24,2,26,0,16,45,5,66,12,6,18,84
05/29/2007,FSM,AR,ASW,CE,Combined TRACON& Tower with Radar,0,21,34,16,71,0,0,17,2,19,0,21,51,18,90,4,6,10,100
05/30/2007,FSM,AR,ASW,CE,Combined TRACON& Tower with Radar,0,11,31,13,55,0,0,15,0,15,0,11,46,13,70,26,0,26,96
05/31/2007,FSM,AR,ASW,CE,Combined TRACON& Tower with Radar,0,19,45,36,100,0,2,46,5,53,0,21,91,41,153,42,10,52,205
06/01/2007,FSM,AR,ASW,CE,Combined TRACON& Tower with Radar,0,19,18,19,56,0,1,35,4,40,0,20,53,23,96,54,18,72,168
06/02/2007,FSM,AR,ASW,CE,Combined TRACON& Tower with Radar,0,18,6,0,24,0,0,17,0,17,0,18,23,0,41,2,0,2,43
06/03/2007,FSM,AR,ASW,CE,Combined TRACON& Tower with Radar,0,17,19,4,40,0,1,34,2,37,0,18,53,6,77,6,0,6,83
06/04/2007,FSM,AR,ASW,CE,Combined TRACON& Tower with Radar,0,26,19,102,147,0,0,46,31,77,0,26,65,133,224,20,58,78,302
06/05/2007,FSM,AR,ASW,CE,Combined TRACON& Tower with Radar,0,23,31,35,89,0,0,62,12,74,0,23,93,47,163,40,32,72,235
06/06/2007,FSM,AR,ASW,CE,Combined TRACON& Tower with Radar,0,19,22,38,79,0,0,56,10,66,0,19,78,48,145,50,0,50,195
06/07/2007,FSM,AR,ASW,CE,Combined TRACON& Tower with Radar,0,23,31,53,107,0,1,21,12,34,0,24,52,65,141,4,32,36,177
06/08/2007,FSM,AR,ASW,CE,Combined TRACON& Tower with Radar,0,18,29,15,62,0,0,23,3,26,0,18,52,18,88,18,8,26,114
06/09/2007,FSM,AR,ASW,CE,Combined TRACON& Tower with Radar,0,18,10,9,37,0,0,0,0,0,0,18,10,9,37,70,8,78,115
06/10/2007,FSM,AR,ASW,CE,Combined TRACON& Tower with Radar,0,24,21,6,51,0,0,14,1,15,0,24,35,7,66,0,0,0,66
06/11/2007,FSM,AR,ASW,CE,Combined TRACON& Tower with Radar,1,22,21,11,55,0,0,33,6,39,1,22,54,17,94,16,2,18,112
06/12/2007,FSM,AR,ASW,CE,Combined TRACON& Tower with Radar,0,21,30,18,69,0,0,36,9,45,0,21,66,27,114,18,66,84,198
06/13/2007,FSM,AR,ASW,CE,Combined TRACON& Tower with Radar,0,24,47,96,167,0,0,44,23,67,0,24,91,119,234,76,112,188,422
06/14/2007,FSM,AR,ASW,CE,Combined TRACON& Tower with Radar,0,25,51,95,171,0,1,38,11,50,0,26,89,106,221,98,48,146,367
06/15/2007,FSM,AR,ASW,CE,Combined TRACON& Tower with Radar,1,26,25,19,71,0,0,29,13,42,1,26,54,32,113,28,24,52,165
06/16/2007,FSM,AR,ASW,CE,Combined TRACON& Tower with Radar,0,23,14,0,37,0,0,26,0,26,0,23,40,0,63,34,0,34,97
06/17/2007,FSM,AR,ASW,CE,Combined TRACON& Tower with Radar,0,17,17,6,40,0,0,18,4,22,0,17,35,10,62,12,0,12,74
06/18/2007,FSM,AR,ASW,CE,Combined TRACON& Tower with Radar,0,24,25,0,49,0,0,16,1,17,0,24,41,1,66,34,0,34,100
06/19/2007,FSM,AR,ASW,CE,Combined TRACON& Tower with Radar,0,23,23,65,111,0,2,33,20,55,0,25,56,85,166,42,36,78,244
06/20/2007,FSM,AR,ASW,CE,Combined TRACON& Tower with Radar,0,20,22,5,47,0,0,20,3,23,0,20,42,8,70,36,8,44,114
06/21/2007,FSM,AR,ASW,CE,Combined TRACON& Tower with Radar,0,24,51,33,108,0,0,40,8,48,0,24,91,41,156,30,56,86,242
06/22/2007,FSM,AR,ASW,CE,Combined TRACON& Tower with Radar,2,28,35,48,113,0,0,20,4,24,2,28,55,52,137,16,6,22,159
06/23/2007,FSM,AR,ASW,CE,Combined TRACON& Tower with Radar,0,18,14,1,33,0,0,25,1,26,0,18,39,2,59,26,0,26,85
06/24/2007,FSM,AR,ASW,CE,Combined TRACON& Tower with Radar,0,25,22,4,51,0,0,21,0,21,0,25,43,4,72,10,0,10,82
06/25/2007,FSM,AR,ASW,CE,Combined TRACON& Tower with Radar,0,21,26,25,72,0,1,39,16,56,0,22,65,41,128,48,42,90,218
06/26/2007,FSM,AR,ASW,CE,Combined TRACON& Tower with Radar,1,18,25,15,59,0,0,13,2,15,1,18,38,17,74,10,2,12,86
06/27/2007,FSM,AR,ASW,CE,Combined TRACON& Tower with Radar,0,29,25,17,71,0,0,28,2,30,0,29,53,19,101,0,0,0,101
06/28/2007,FSM,AR,ASW,CE,Combined TRACON& Tower with Radar,0,20,40,19,79,0,4,35,21,60,0,24,75,40,139,70,62,132,271
06/29/2007,FSM,AR,ASW,CE,Combined TRACON& Tower with Radar,0,25,42,20,87,0,1,54,6,61,0,26,96,26,148,138,34,172,320
06/30/2007,FSM,AR,ASW,CE,Combined TRACON& Tower with Radar,0,19,15,0,34,0,1,24,0,25,0,20,39,0,59,56,0,56,115
07/01/2007,FSM,AR,ASW,CE,Combined TRACON& Tower with Radar,2,20,10,2,34,0,0,9,2,11,2,20,19,4,45,30,4,34,79
07/02/2007,FSM,AR,ASW,CE,Combined TRACON& Tower with Radar,0,18,9,7,34,0,5,1,1,7,0,23,10,8,41,0,0,0,41
07/03/2007,FSM,AR,ASW,CE,Combined TRACON& Tower with Radar,0,16,36,37,89,0,0,0,5,5,0,16,36,42,94,0,4,4,98
07/04/2007,FSM,AR,ASW,CE,Combined TRACON& Tower with Radar,0,17,14,0,31,0,0,29,0,29,0,17,43,0,60,40,0,40,100
07/05/2007,FSM,AR,ASW,CE,Combined TRACON& Tower with Radar,0,20,13,4,37,0,0,41,1,42,0,20,54,5,79,44,0,44,123
07/06/2007,FSM,AR,ASW,CE,Combined TRACON& Tower with Radar,0,21,13,15,49,0,0,46,2,48,0,21,59,17,97,62,16,78,175
07/07/2007,FSM,AR,ASW,CE,Combined TRACON& Tower with Radar,0,23,20,2,45,0,30,38,0,68,0,53,58,2,113,104,0,104,217
07/08/2007,FSM,AR,ASW,CE,Combined TRACON& Tower with Radar,1,22,32,0,55,0,1,26,3,30,1,23,58,3,85,8,0,8,93
07/09/2007,FSM,AR,ASW,CE,Combined TRACON& Tower with Radar,1,33,34,28,96,0,0,17,0,17,1,33,51,28,113,0,0,0,113
07/10/2007,FSM,AR,ASW,CE,Combined TRACON& Tower with Radar,0,27,27,0,54,0,0,5,0,5,0,27,32,0,59,0,0,0,59
07/11/2007,FSM,AR,ASW,CE,Combined TRACON& Tower with Radar,0,24,24,45,93,0,0,26,25,51,0,24,50,70,144,64,84,148,292
07/12/2007,FSM,AR,ASW,CE,Combined TRACON& Tower with Radar,1,25,38,5,69,0,0,19,10,29,1,25,57,15,98,32,30,62,160
07/13/2007,FSM,AR,ASW,CE,Combined TRACON& Tower with Radar,0,26,28,4,58,0,0,0,0,0,0,26,28,4,58,0,0,0,58
07/14/2007,FSM,AR,ASW,CE,Combined TRACON& Tower with Radar,0,20,16,4,40,0,0,28,1,29,0,20,44,5,69,50,0,50,119
07/15/2007,FSM,AR,ASW,CE,Combined TRACON& Tower with Radar,2,22,16,5,45,0,0,58,6,64,2,22,74,11,109,54,4,58,167
07/16/2007,FSM,AR,ASW,CE,Combined TRACON& Tower with Radar,1,21,32,83,137,0,1,55,13,69,1,22,87,96,206,42,28,70,276
07/17/2007,FSM,AR,ASW,CE,Combined TRACON& Tower with Radar,0,27,31,29,87,0,1,43,28,72,0,28,74,57,159,100,100,200,359
07/18/2007,FSM,AR,ASW,CE,Combined TRACON& Tower with Radar,0,27,35,81,143,0,1,55,11,67,0,28,90,92,210,120,62,182,392
07/19/2007,FSM,AR,ASW,CE,Combined TRACON& Tower with Radar,0,26,52,40,118,0,0,60,23,83,0,26,112,63,201,78,80,158,359
07/20/2007,FSM,AR,ASW,CE,Combined TRACON& Tower with Radar,0,22,29,69,120,0,0,49,33,82,0,22,78,102,202,80,92,172,374
07/21/2007,FSM,AR,ASW,CE,Combined TRACON& Tower with Radar,0,20,11,24,55,0,0,33,5,38,0,20,44,29,93,102,0,102,195
07/22/2007,FSM,AR,ASW,CE,Combined TRACON& Tower with Radar,0,23,19,5,47,0,1,60,4,65,0,24,79,9,112,16,6,22,134
07/23/2007,FSM,AR,ASW,CE,Combined TRACON& Tower with Radar,0,20,28,55,103,0,0,28,18,46,0,20,56,73,149,34,52,86,235
07/24/2007,FSM,AR,ASW,CE,Combined TRACON& Tower with Radar,3,23,33,104,163,0,1,50,28,79,3,24,83,132,242,14,68,82,324
07/25/2007,FSM,AR,ASW,CE,Combined TRACON& Tower with Radar,0,23,37,62,122,0,0,55,20,75,0,23,92,82,197,104,86,190,387
07/26/2007,FSM,AR,ASW,CE,Combined TRACON& Tower with Radar,0,21,44,167,232,0,1,20,26,47,0,22,64,193,279,48,74,122,401
07/27/2007,FSM,AR,ASW,CE,Combined TRACON& Tower with Radar,2,22,21,85,130,0,0,56,16,72,2,22,77,101,202,76,76,152,354
07/28/2007,FSM,AR,ASW,CE,Combined TRACON& Tower with Radar,0,20,16,41,77,0,3,62,12,77,0,23,78,53,154,32,74,106,260
07/29/2007,FSM,AR,ASW,CE,Combined TRACON& Tower with Radar,2,19,8,30,59,0,1,18,14,33,2,20,26,44,92,0,18,18,110
07/30/2007,FSM,AR,ASW,CE,Combined TRACON& Tower with Radar,0,22,24,58,104,0,0,14,24,38,0,22,38,82,142,6,40,46,188
07/31/2007,FSM,AR,ASW,CE,Combined TRACON& Tower with Radar,1,26,32,63,122,0,0,21,13,34,1,26,53,76,156,6,12,18,174
08/01/2007,FSM,AR,ASW,CE,Combined TRACON& Tower with Radar,0,23,30,27,80,0,0,40,10,50,0,23,70,37,130,62,20,82,212
08/02/2007,FSM,AR,ASW,CE,Combined TRACON& Tower with Radar,3,21,46,93,163,0,3,41,26,70,3,24,87,119,233,40,22,62,295
08/03/2007,FSM,AR,ASW,CE,Combined TRACON& Tower with Radar,3,31,30,45,109,0,0,47,7,54,3,31,77,52,163,32,18,50,213
08/04/2007,FSM,AR,ASW,CE,Combined TRACON& Tower with Radar,0,19,7,8,34,0,4,36,4,44,0,23,43,12,78,2,2,4,82
08/05/2007,FSM,AR,ASW,CE,Combined TRACON& Tower with Radar,0,25,21,14,60,0,0,29,3,32,0,25,50,17,92,8,2,10,102
08/06/2007,FSM,AR,ASW,CE,Combined TRACON& Tower with Radar,0,20,24,42,86,0,0,31,34,65,0,20,55,76,151,12,126,138,289
08/07/2007,FSM,AR,ASW,CE,Combined TRACON& Tower with Radar,1,23,26,52,102,0,0,27,12,39,1,23,53,64,141,2,38,40,181
08/08/2007,FSM,AR,ASW,CE,Combined TRACON& Tower with Radar,1,25,37,64,127,0,0,63,45,108,1,25,100,109,235,67,24,91,326
08/09/2007,FSM,AR,ASW,CE,Combined TRACON& Tower with Radar,0,25,28,46,99,0,0,76,53,129,0,25,104,99,228,80,32,112,340
08/10/2007,FSM,AR,ASW,CE,Combined TRACON& Tower with Radar,0,23,35,38,96,0,1,54,9,64,0,24,89,47,160,56,14,70,230
08/11/2007,FSM,AR,ASW,CE,Combined TRACON& Tower with Radar,2,22,8,8,40,0,0,45,30,75,2,22,53,38,115,46,26,72,187
08/12/2007,FSM,AR,ASW,CE,Combined TRACON& Tower with Radar,0,23,17,5,45,0,2,30,17,49,0,25,47,22,94,2,8,10,104
08/13/2007,FSM,AR,ASW,CE,Combined TRACON& Tower with Radar,0,22,46,72,140,0,0,22,36,58,0,22,68,108,198,28,6,34,232
08/14/2007,FSM,AR,ASW,CE,Combined TRACON& Tower with Radar,1,24,48,84,157,0,0,44,29,73,1,24,92,113,230,76,150,226,456
08/15/2007,FSM,AR,ASW,CE,Combined TRACON& Tower with Radar,2,21,45,49,117,0,0,68,43,111,2,21,113,92,228,58,52,110,338
08/16/2007,FSM,AR,ASW,CE,Combined TRACON& Tower with Radar,0,23,25,79,127,0,0,40,24,64,0,23,65,103,191,36,50,86,277
08/17/2007,FSM,AR,ASW,CE,Combined TRACON& Tower with Radar,0,26,30,66,122,0,3,32,13,48,0,29,62,79,170,93,138,231,401
08/18/2007,FSM,AR,ASW,CE,Combined TRACON& Tower with Radar,0,23,9,4,36,0,0,16,0,16,0,23,25,4,52,0,0,0,52
08/19/2007,FSM,AR,ASW,CE,Combined TRACON& Tower with Radar,0,27,5,2,34,0,1,14,0,15,0,28,19,2,49,4,0,4,53
08/20/2007,FSM,AR,ASW,CE,Combined TRACON& Tower with Radar,0,22,24,22,68,0,0,22,5,27,0,22,46,27,95,8,64,72,167
08/21/2007,FSM,AR,ASW,CE,Combined TRACON& Tower with Radar,1,26,50,45,122,0,0,25,6,31,1,26,75,51,153,0,24,24,177
08/22/2007,FSM,AR,ASW,CE,Combined TRACON& Tower with Radar,1,24,44,42,111,0,0,56,9,65,1,24,100,51,176,55,12,67,243
08/23/2007,FSM,AR,ASW,CE,Combined TRACON& Tower with Radar,0,23,49,48,120,0,0,34,24,58,0,23,83,72,178,48,106,154,332
08/24/2007,FSM,AR,ASW,CE,Combined TRACON& Tower with Radar,2,26,30,52,110,0,0,24,21,45,2,26,54,73,155,30,64,94,249
08/25/2007,FSM,AR,ASW,CE,Combined TRACON& Tower with Radar,0,18,7,6,31,0,2,14,1,17,0,20,21,7,48,22,0,22,70
08/26/2007,FSM,AR,ASW,CE,Combined TRACON& Tower with Radar,0,25,16,0,41,0,1,49,0,50,0,26,65,0,91,30,0,30,121
08/27/2007,FSM,AR,ASW,CE,Combined TRACON& Tower with Radar,2,30,34,96,162,0,1,37,28,66,2,31,71,124,228,74,56,130,358
08/28/2007,FSM,AR,ASW,CE,Combined TRACON& Tower with Radar,0,28,27,79,134,0,6,33,20,59,0,34,60,99,193,60,52,112,305
08/29/2007,FSM,AR,ASW,CE,Combined TRACON& Tower with Radar,0,28,36,33,97,0,0,36,5,41,0,28,72,38,138,72,52,124,262
08/30/2007,FSM,AR,ASW,CE,Combined TRACON& Tower with Radar,4,28,29,12,73,0,1,34,12,47,4,29,63,24,120,26,18,44,164
08/31/2007,FSM,AR,ASW,CE,Combined TRACON& Tower with Radar,0,20,38,26,84,0,3,56,0,59,0,23,94,26,143,92,0,92,235
09/01/2007,FSM,AR,ASW,CE,Combined TRACON& Tower with Radar,0,18,8,2,28,0,0,34,1,35,0,18,42,3,63,22,0,22,85
09/02/2007,FSM,AR,ASW,CE,Combined TRACON& Tower with Radar,0,16,2,1,19,0,0,17,0,17,0,16,19,1,36,28,0,28,64
09/03/2007,FSM,AR,ASW,CE,Combined TRACON& Tower with Radar,0,26,16,3,45,0,1,24,0,25,0,27,40,3,70,6,0,6,76
09/04/2007,FSM,AR,ASW,CE,Combined TRACON& Tower with Radar,2,27,20,16,65,0,0,12,4,16,2,27,32,20,81,0,0,0,81
09/05/2007,FSM,AR,ASW,CE,Combined TRACON& Tower with Radar,0,29,24,15,68,0,0,2,6,8,0,29,26,21,76,0,12,12,88
09/06/2007,FSM,AR,ASW,CE,Combined TRACON& Tower with Radar,0,24,42,102,168,0,2,16,13,31,0,26,58,115,199,4,52,56,255
09/07/2007,FSM,AR,ASW,CE,Combined TRACON& Tower with Radar,0,30,37,25,92,0,0,12,7,19,0,30,49,32,111,4,4,8,119
09/08/2007,FSM,AR,ASW,CE,Combined TRACON& Tower with Radar,0,20,12,5,37,0,0,3,5,8,0,20,15,10,45,0,4,4,49
09/09/2007,FSM,AR,ASW,CE,Combined TRACON& Tower with Radar,2,20,22,7,51,0,0,8,0,8,2,20,30,7,59,0,10,10,69
09/10/2007,FSM,AR,ASW,CE,Combined TRACON& Tower with Radar,1,23,18,40,82,0,0,13,11,24,1,23,31,51,106,0,18,18,124
09/11/2007,FSM,AR,ASW,CE,Combined TRACON& Tower with Radar,0,27,47,107,181,0,0,32,48,80,0,27,79,155,261,72,112,184,445
09/12/2007,FSM,AR,ASW,CE,Combined TRACON& Tower with Radar,0,27,29,46,102,0,0,52,24,76,0,27,81,70,178,60,22,82,260
09/13/2007,FSM,AR,ASW,CE,Combined TRACON& Tower with Radar,0,27,27,99,153,0,1,31,29,61,0,28,58,128,214,44,92,136,350
09/14/2007,FSM,AR,ASW,CE,Combined TRACON& Tower with Radar,3,23,36,98,160,0,2,49,17,68,3,25,85,115,228,88,56,144,372
09/15/2007,FSM,AR,ASW,CE,Combined TRACON& Tower with Radar,0,17,22,23,62,0,0,47,6,53,0,17,69,29,115,48,40,88,203
09/16/2007,FSM,AR,ASW,CE,Combined TRACON& Tower with Radar,0,22,46,17,85,0,2,61,1,64,0,24,107,18,149,6,0,6,155
09/17/2007,FSM,AR,ASW,CE,Combined TRACON& Tower with Radar,2,26,19,103,150,0,0,30,41,71,2,26,49,144,221,58,120,178,399
09/18/2007,FSM,AR,ASW,CE,Combined TRACON& Tower with Radar,0,26,41,54,121,0,0,76,41,117,0,26,117,95,238,38,38,76,314
09/19/2007,FSM,AR,ASW,CE,Combined TRACON& Tower with Radar,0,31,23,107,161,0,1,43,38,82,0,32,66,145,243,64,84,148,391
09/20/2007,FSM,AR,ASW,CE,Combined TRACON& Tower with Radar,2,26,35,95,158,0,0,43,33,76,2,26,78,128,234,28,20,48,282
09/21/2007,FSM,AR,ASW,CE,Combined TRACON& Tower with Radar,2,20,34,75,131,0,0,52,17,69,2,20,86,92,200,22,66,88,288
09/22/2007,FSM,AR,ASW,CE,Combined TRACON& Tower with Radar,0,20,10,12,42,0,1,86,3,90,0,21,96,15,132,54,0,54,186
09/23/2007,FSM,AR,ASW,CE,Combined TRACON& Tower with Radar,0,21,27,2,50,0,0,37,2,39,0,21,64,4,89,30,0,30,119
09/24/2007,FSM,AR,ASW,CE,Combined TRACON& Tower with Radar,0,23,30,142,195,0,1,30,47,78,0,24,60,189,273,43,78,121,394
09/25/2007,FSM,AR,ASW,CE,Combined TRACON& Tower with Radar,0,32,34,16,82,0,1,16,60,77,0,33,50,76,159,10,128,138,297
09/26/2007,FSM,AR,ASW,CE,Combined TRACON& Tower with Radar,0,32,40,4,76,0,0,14,9,23,0,32,54,13,99,26,72,98,197
09/27/2007,FSM,AR,ASW,CE,Combined TRACON& Tower with Radar,0,31,30,7,68,0,3,39,18,60,0,34,69,25,128,30,26,56,184
09/28/2007,FSM,AR,ASW,CE,Combined TRACON& Tower with Radar,0,23,19,2,44,0,0,43,0,43,0,23,62,2,87,45,2,47,134
09/29/2007,FSM,AR,ASW,CE,Combined TRACON& Tower with Radar,1,21,11,2,35,0,0,32,0,32,1,21,43,2,67,24,0,24,91
09/30/2007,FSM,AR,ASW,CE,Combined TRACON& Tower with Radar,0,26,19,2,47,0,3,22,7,32,0,29,41,9,79,0,16,16,95
10/01/2007,FSM,AR,ASW,CE,Combined TRACON& Tower with Radar,2,28,22,57,109,0,1,46,69,116,2,29,68,126,225,52,120,172,397
10/02/2007,FSM,AR,ASW,CE,Combined TRACON& Tower with Radar,0,31,33,54,118,0,0,18,33,51,0,31,51,87,169,6,16,22,191
10/03/2007,FSM,AR,ASW,CE,Combined TRACON& Tower with Radar,0,25,42,52,119,0,0,18,34,52,0,25,60,86,171,16,30,46,217
10/04/2007,FSM,AR,ASW,CE,Combined TRACON& Tower with Radar,0,23,35,110,168,0,0,55,25,80,0,23,90,135,248,26,40,66,314
10/05/2007,FSM,AR,ASW,CE,Combined TRACON& Tower with Radar,1,22,47,49,119,0,1,42,6,49,1,23,89,55,168,42,8,50,218
10/06/2007,FSM,AR,ASW,CE,Combined TRACON& Tower with Radar,0,18,15,0,33,0,1,23,0,24,0,19,38,0,57,14,0,14,71
10/07/2007,FSM,AR,ASW,CE,Combined TRACON& Tower with Radar,0,22,17,3,42,0,1,28,0,29,0,23,45,3,71,16,0,16,87
10/08/2007,FSM,AR,ASW,CE,Combined TRACON& Tower with Radar,0,28,19,1,48,0,3,5,0,8,0,31,24,1,56,0,0,0,56
10/09/2007,FSM,AR,ASW,CE,Combined TRACON& Tower with Radar,0,24,27,72,123,0,0,36,25,61,0,24,63,97,184,18,92,110,294
10/10/2007,FSM,AR,ASW,CE,Combined TRACON& Tower with Radar,0,24,38,81,143,0,1,46,38,85,0,25,84,119,228,10,76,86,314
10/11/2007,FSM,AR,ASW,CE,Combined TRACON& Tower with Radar,0,22,37,55,114,0,0,41,31,72,0,22,78,86,186,20,28,48,234
10/12/2007,FSM,AR,ASW,CE,Combined TRACON& Tower with Radar,0,24,36,37,97,0,0,40,28,68,0,24,76,65,165,16,20,36,201
10/13/2007,FSM,AR,ASW,CE,Combined TRACON& Tower with Radar,0,20,11,11,42,0,0,37,1,38,0,20,48,12,80,34,8,42,122
10/14/2007,FSM,AR,ASW,CE,Combined TRACON& Tower with Radar,1,26,19,18,64,0,0,34,2,36,1,26,53,20,100,22,12,34,134
10/15/2007,FSM,AR,ASW,CE,Combined TRACON& Tower with Radar,2,23,16,25,66,0,0,4,10,14,2,23,20,35,80,2,16,18,98
10/16/2007,FSM,AR,ASW,CE,Combined TRACON& Tower with Radar,1,23,28,64,116,0,0,13,16,29,1,23,41,80,145,0,94,94,239
10/17/2007,FSM,AR,ASW,CE,Combined TRACON& Tower with Radar,3,23,39,35,100,0,0,13,11,24,3,23,52,46,124,6,26,32,156
10/18/2007,FSM,AR,ASW,CE,Combined TRACON& Tower with Radar,3,24,31,45,103,0,3,27,30,60,3,27,58,75,163,4,76,80,243
10/19/2007,FSM,AR,ASW,CE,Combined TRACON& Tower with Radar,0,20,30,82,132,0,0,44,24,68,0,20,74,106,200,4,164,168,368
10/20/2007,FSM,AR,ASW,CE,Combined TRACON& Tower with Radar,0,20,13,10,43,0,0,50,45,95,0,20,63,55,138,8,46,54,192
10/21/2007,FSM,AR,ASW,CE,Combined TRACON& Tower with Radar,0,21,22,12,55,0,0,22,0,22,0,21,44,12,77,0,18,18,95
10/22/2007,FSM,AR,ASW,CE,Combined TRACON& Tower with Radar,2,23,19,27,71,0,0,0,8,8,2,23,19,35,79,0,0,0,79
10/23/2007,FSM,AR,ASW,CE,Combined TRACON& Tower with Radar,0,21,31,79,131,0,3,23,18,44,0,24,54,97,175,4,44,48,223
10/24/2007,FSM,AR,ASW,CE,Combined TRACON& Tower with Radar,1,22,37,59,119,0,3,34,27,64,1,25,71,86,183,2,18,20,203
10/25/2007,FSM,AR,ASW,CE,Combined TRACON& Tower with Radar,0,28,39,85,152,0,1,37,26,64,0,29,76,111,216,26,118,144,360
10/26/2007,FSM,AR,ASW,CE,Combined TRACON& Tower with Radar,2,25,51,28,106,0,0,38,0,38,2,25,89,28,144,26,0,26,170
10/27/2007,FSM,AR,ASW,CE,Combined TRACON& Tower with Radar,3,20,17,16,56,0,1,38,4,43,3,21,55,20,99,4,8,12,111
10/28/2007,FSM,AR,ASW,CE,Combined TRACON& Tower with Radar,0,22,14,15,51,0,2,31,13,46,0,24,45,28,97,0,40,40,137
10/29/2007,FSM,AR,ASW,CE,Combined TRACON& Tower with Radar,6,22,14,61,103,0,0,26,33,59,6,22,40,94,162,28,68,96,258
10/30/2007,FSM,AR,ASW,CE,Combined TRACON& Tower with Radar,0,26,33,61,120,0,0,33,43,76,0,26,66,104,196,52,146,198,394
10/31/2007,FSM,AR,ASW,CE,Combined TRACON& Tower with Radar,0,20,33,84,137,0,0,42,43,85,0,20,75,127,222,80,78,158,380
11/01/2007,FSM,AR,ASW,CE,Combined TRACON& Tower with Radar,0,22,39,106,167,0,0,30,43,73,0,22,69,149,240,24,100,124,364
11/02/2007,FSM,AR,ASW,CE,Combined TRACON& Tower with Radar,0,25,33,154,212,0,1,34,20,55,0,26,67,174,267,44,20,64,331
11/03/2007,FSM,AR,ASW,CE,Combined TRACON& Tower with Radar,0,20,32,16,68,0,0,0,0,0,0,20,32,16,68,50,2,52,120
11/04/2007,FSM,AR,ASW,CE,Combined TRACON& Tower with Radar,0,23,21,42,86,0,0,29,47,76,0,23,50,89,162,16,70,86,248
11/05/2007,FSM,AR,ASW,CE,Combined TRACON& Tower with Radar,3,26,22,56,107,0,0,27,55,82,3,26,49,111,189,12,46,58,247
11/06/2007,FSM,AR,ASW,CE,Combined TRACON& Tower with Radar,0,28,30,42,100,0,0,59,38,97,0,28,89,80,197,48,48,96,293
11/07/2007,FSM,AR,ASW,CE,Combined TRACON& Tower with Radar,0,21,27,108,156,0,2,39,36,77,0,23,66,144,233,32,60,92,325
11/08/2007,FSM,AR,ASW,CE,Combined TRACON& Tower with Radar,0,24,27,72,123,0,0,53,32,85,0,24,80,104,208,56,76,132,340
11/09/2007,FSM,AR,ASW,CE,Combined TRACON& Tower with Radar,0,33,31,39,103,0,0,56,6,62,0,33,87,45,165,38,34,72,237
11/10/2007,FSM,AR,ASW,CE,Combined TRACON& Tower with Radar,0,20,17,10,47,0,0,19,0,19,0,20,36,10,66,12,0,12,78
11/11/2007,FSM,AR,ASW,CE,Combined TRACON& Tower with Radar,0,22,12,0,34,0,4,32,0,36,0,26,44,0,70,10,0,10,80
11/12/2007,FSM,AR,ASW,CE,Combined TRACON& Tower with Radar,0,21,19,2,42,0,0,25,9,34,0,21,44,11,76,18,8,26,102
11/13/2007,FSM,AR,ASW,CE,Combined TRACON& Tower with Radar,0,24,56,25,105,0,1,22,37,60,0,25,78,62,165,0,28,28,193
11/14/2007,FSM,AR,ASW,CE,Combined TRACON& Tower with Radar,0,30,36,35,101,0,4,24,18,46,0,34,60,53,147,34,18,52,199
11/15/2007,FSM,AR,ASW,CE,Combined TRACON& Tower with Radar,0,24,41,48,113,0,1,41,20,62,0,25,82,68,175,10,8,18,193
11/16/2007,FSM,AR,ASW,CE,Combined TRACON& Tower with Radar,0,22,44,24,90,0,0,42,10,52,0,22,86,34,142,32,2,34,176
11/17/2007,FSM,AR,ASW,CE,Combined TRACON& Tower with Radar,0,26,20,8,54,0,1,50,0,51,0,27,70,8,105,46,0,46,151
11/18/2007,FSM,AR,ASW,CE,Combined TRACON& Tower with Radar,0,25,14,6,45,0,1,34,0,35,0,26,48,6,80,42,0,42,122
11/19/2007,FSM,AR,ASW,CE,Combined TRACON& Tower with Radar,0,24,39,22,85,0,0,66,4,70,0,24,105,26,155,60,2,62,217
11/20/2007,FSM,AR,ASW,CE,Combined TRACON& Tower with Radar,0,26,35,42,103,0,7,16,42,65,0,33,51,84,168,4,170,174,342
11/21/2007,FSM,AR,ASW,CE,Combined TRACON& Tower with Radar,0,27,21,16,64,0,0,5,4,9,0,27,26,20,73,20,14,34,107
11/22/2007,FSM,AR,ASW,CE,Combined TRACON& Tower with Radar,0,17,3,0,20,0,1,18,0,19,0,18,21,0,39,20,0,20,59
11/23/2007,FSM,AR,ASW,CE,Combined TRACON& Tower with Radar,0,19,33,0,52,0,2,56,0,58,0,21,89,0,110,46,0,46,156
11/24/2007,FSM,AR,ASW,CE,Combined TRACON& Tower with Radar,2,20,9,4,35,0,0,17,0,17,2,20,26,4,52,12,0,12,64
11/25/2007,FSM,AR,ASW,CE,Combined TRACON& Tower with Radar,0,19,10,0,29,0,0,0,0,0,0,19,10,0,29,0,0,0,29
11/26/2007,FSM,AR,ASW,CE,Combined TRACON& Tower with Radar,2,27,29,39,97,0,1,6,17,24,2,28,35,56,121,0,50,50,171
11/27/2007,FSM,AR,ASW,CE,Combined TRACON& Tower with Radar,0,25,36,83,144,0,0,39,29,68,0,25,75,112,212,4,48,52,264
11/28/2007,FSM,AR,ASW,CE,Combined TRACON& Tower with Radar,0,23,24,91,138,0,0,29,32,61,0,23,53,123,199,30,50,80,279
11/29/2007,FSM,AR,ASW,CE,Combined TRACON& Tower with Radar,0,27,28,72,127,0,0,46,51,97,0,27,74,123,224,42,82,124,348
11/30/2007,FSM,AR,ASW,CE,Combined TRACON& Tower with Radar,0,24,33,74,131,0,0,18,27,45,0,24,51,101,176,10,62,72,248
12/01/2007,FSM,AR,ASW,CE,Combined TRACON& Tower with Radar,0,19,6,15,40,0,0,20,15,35,0,19,26,30,75,34,34,68,143
12/02/2007,FSM,AR,ASW,CE,Combined TRACON& Tower with Radar,0,20,13,5,38,0,0,1,0,1,0,20,14,5,39,0,0,0,39
12/03/2007,FSM,AR,ASW,CE,Combined TRACON& Tower with Radar,0,27,36,83,146,0,0,59,37,96,0,27,95,120,242,28,24,52,294
12/04/2007,FSM,AR,ASW,CE,Combined TRACON& Tower with Radar,0,27,27,66,120,0,1,47,36,84,0,28,74,102,204,28,76,104,308
12/05/2007,FSM,AR,ASW,CE,Combined TRACON& Tower with Radar,2,26,44,52,124,0,1,28,25,54,2,27,72,77,178,18,38,56,234
12/06/2007,FSM,AR,ASW,CE,Combined TRACON& Tower with Radar,0,26,35,69,130,0,0,19,38,57,0,26,54,107,187,20,118,138,325
12/07/2007,FSM,AR,ASW,CE,Combined TRACON& Tower with Radar,0,22,37,16,75,0,0,3,0,3,0,22,40,16,78,10,0,10,88
12/08/2007,FSM,AR,ASW,CE,Combined TRACON& Tower with Radar,0,22,22,2,46,0,0,7,0,7,0,22,29,2,53,12,0,12,65
12/09/2007,FSM,AR,ASW,CE,Combined TRACON& Tower with Radar,0,21,6,0,27,0,0,0,0,0,0,21,6,0,27,0,0,0,27
12/10/2007,FSM,AR,ASW,CE,Combined TRACON& Tower with Radar,3,24,15,0,42,0,0,0,0,0,3,24,15,0,42,0,0,0,42
12/11/2007,FSM,AR,ASW,CE,Combined TRACON& Tower with Radar,1,22,25,1,49,0,0,0,0,0,1,22,25,1,49,0,0,0,49
12/12/2007,FSM,AR,ASW,CE,Combined TRACON& Tower with Radar,0,27,29,0,56,0,0,0,0,0,0,27,29,0,56,0,0,0,56
12/13/2007,FSM,AR,ASW,CE,Combined TRACON& Tower with Radar,0,26,29,89,144,0,0,32,14,46,0,26,61,103,190,44,22,66,256
12/14/2007,FSM,AR,ASW,CE,Combined TRACON& Tower with Radar,2,24,25,19,70,0,0,3,13,16,2,24,28,32,86,0,10,10,96
12/15/2007,FSM,AR,ASW,CE,Combined TRACON& Tower with Radar,0,24,8,0,32,0,0,1,0,1,0,24,9,0,33,0,0,0,33
12/16/2007,FSM,AR,ASW,CE,Combined TRACON& Tower with Radar,0,22,26,1,49,0,0,35,1,36,0,22,61,2,85,14,0,14,99
12/17/2007,FSM,AR,ASW,CE,Combined TRACON& Tower with Radar,0,23,20,105,148,0,0,67,23,90,0,23,87,128,238,26,32,58,296
12/18/2007,FSM,AR,ASW,CE,Combined TRACON& Tower with Radar,0,24,29,99,152,0,1,44,17,62,0,25,73,116,214,44,88,132,346
12/19/2007,FSM,AR,ASW,CE,Combined TRACON& Tower with Radar,0,26,42,44,112,0,0,51,12,63,0,26,93,56,175,26,36,62,237
12/20/2007,FSM,AR,ASW,CE,Combined TRACON& Tower with Radar,4,22,35,13,74,0,0,3,0,3,4,22,38,13,77,0,0,0,77
12/21/2007,FSM,AR,ASW,CE,Combined TRACON& Tower with Radar,0,27,28,2,57,0,0,37,0,37,0,27,65,2,94,20,0,20,114
12/22/2007,FSM,AR,ASW,CE,Combined TRACON& Tower with Radar,0,22,11,0,33,0,0,3,0,3,0,22,14,0,36,0,0,0,36
12/23/2007,FSM,AR,ASW,CE,Combined TRACON& Tower with Radar,0,20,6,0,26,0,1,23,0,24,0,21,29,0,50,4,0,4,54
12/24/2007,FSM,AR,ASW,CE,Combined TRACON& Tower with Radar,0,12,8,0,20,0,0,28,0,28,0,12,36,0,48,10,0,10,58
12/25/2007,FSM,AR,ASW,CE,Combined TRACON& Tower with Radar,0,17,9,0,26,0,0,8,0,8,0,17,17,0,34,0,0,0,34
12/26/2007,FSM,AR,ASW,CE,Combined TRACON& Tower with Radar,0,24,14,0,38,0,0,2,0,2,0,24,16,0,40,0,0,0,40
12/27/2007,FSM,AR,ASW,CE,Combined TRACON& Tower with Radar,0,23,29,1,53,0,0,0,0,0,0,23,29,1,53,0,0,0,53
12/28/2007,FSM,AR,ASW,CE,Combined TRACON& Tower with Radar,0,21,21,15,57,0,0,19,3,22,0,21,40,18,79,22,26,48,127
12/29/2007,FSM,AR,ASW,CE,Combined TRACON& Tower with Radar,0,23,10,0,33,0,0,0,0,0,0,23,10,0,33,48,0,48,81
12/30/2007,FSM,AR,ASW,CE,Combined TRACON& Tower with Radar,0,22,8,0,30,0,1,42,0,43,0,23,50,0,73,34,0,34,107
12/31/2007,FSM,AR,ASW,CE,Combined TRACON& Tower with Radar,4,14,8,9,35,0,0,31,7,38,4,14,39,16,73,44,8,52,125
01/01/2008,FSM,AR,ASW,CE,Combined TRACON& Tower with Radar,0,20,7,0,27,0,0,19,0,19,0,20,26,0,46,0,0,0,46
01/02/2008,FSM,AR,ASW,CE,Combined TRACON& Tower with Radar,0,19,12,13,44,0,1,37,27,65,0,20,49,40,109,36,22,58,167
01/03/2008,FSM,AR,ASW,CE,Combined TRACON& Tower with Radar,1,24,28,25,78,0,0,38,19,57,1,24,66,44,135,38,12,50,185
01/04/2008,FSM,AR,ASW,CE,Combined TRACON& Tower with Radar,0,23,23,49,95,0,1,21,23,45,0,24,44,72,140,4,48,52,192
01/05/2008,FSM,AR,ASW,CE,Combined TRACON& Tower with Radar,0,19,11,0,30,0,1,17,0,18,0,20,28,0,48,0,0,0,48
01/06/2008,FSM,AR,ASW,CE,Combined TRACON& Tower with Radar,0,21,17,8,46,0,0,15,0,15,0,21,32,8,61,0,0,0,61
01/07/2008,FSM,AR,ASW,CE,Combined TRACON& Tower with Radar,0,23,14,4,41,0,1,4,11,16,0,24,18,15,57,0,24,24,81
01/08/2008,FSM,AR,ASW,CE,Combined TRACON& Tower with Radar,0,27,20,62,109,0,0,3,42,45,0,27,23,104,154,2,32,34,188
01/09/2008,FSM,AR,ASW,CE,Combined TRACON& Tower with Radar,0,20,23,53,96,0,2,45,3,50,0,22,68,56,146,14,18,32,178
01/10/2008,FSM,AR,ASW,CE,Combined TRACON& Tower with Radar,0,22,23,85,130,0,0,8,15,23,0,22,31,100,153,0,52,52,205
01/11/2008,FSM,AR,ASW,CE,Combined TRACON& Tower with Radar,0,23,34,108,165,0,1,56,7,64,0,24,90,115,229,23,31,54,283
01/12/2008,FSM,AR,ASW,CE,Combined TRACON& Tower with Radar,0,19,10,62,91,0,1,20,16,37,0,20,30,78,128,36,12,48,176
01/13/2008,FSM,AR,ASW,CE,Combined TRACON& Tower with Radar,0,19,13,14,46,0,0,43,48,91,0,19,56,62,137,12,30,42,179
01/14/2008,FSM,AR,ASW,CE,Combined TRACON& Tower with Radar,1,19,19,67,106,0,0,41,51,92,1,19,60,118,198,32,73,105,303
01/15/2008,FSM,AR,ASW,CE,Combined TRACON& Tower with Radar,0,20,31,63,114,0,0,24,33,57,0,20,55,96,171,6,48,54,225
01/16/2008,FSM,AR,ASW,CE,Combined TRACON& Tower with Radar,1,21,26,34,82,0,0,5,12,17,1,21,31,46,99,0,0,0,99
01/17/2008,FSM,AR,ASW,CE,Combined TRACON& Tower with Radar,0,24,26,48,98,0,1,14,17,32,0,25,40,65,130,10,70,80,210
01/18/2008,FSM,AR,ASW,CE,Combined TRACON& Tower with Radar,0,24,35,85,144,0,0,40,5,45,0,24,75,90,189,16,56,72,261
01/19/2008,FSM,AR,ASW,CE,Combined TRACON& Tower with Radar,3,22,12,7,44,1,1,19,0,21,4,23,31,7,65,8,8,16,81
01/20/2008,FSM,AR,ASW,CE,Combined TRACON& Tower with Radar,0,14,19,19,52,0,0,21,7,28,0,14,40,26,80,6,16,22,102
01/21/2008,FSM,AR,ASW,CE,Combined TRACON& Tower with Radar,0,25,21,0,46,0,1,8,0,9,0,26,29,0,55,0,0,0,55
01/22/2008,FSM,AR,ASW,CE,Combined TRACON& Tower with Radar,0,15,32,52,99,0,0,1,5,6,0,15,33,57,105,0,56,56,161
01/23/2008,FSM,AR,ASW,CE,Combined TRACON& Tower with Radar,0,29,43,98,170,0,0,24,48,72,0,29,67,146,242,36,138,174,416
01/24/2008,FSM,AR,ASW,CE,Combined TRACON& Tower with Radar,0,25,23,83,131,0,0,32,20,52,0,25,55,103,183,52,72,124,307
01/25/2008,FSM,AR,ASW,CE,Combined TRACON& Tower with Radar,0,18,22,2,42,0,0,2,0,2,0,18,24,2,44,0,0,0,44
01/26/2008,FSM,AR,ASW,CE,Combined TRACON& Tower with Radar,0,25,16,1,42,0,2,1,0,3,0,27,17,1,45,0,0,0,45
01/27/2008,FSM,AR,ASW,CE,Combined TRACON& Tower with Radar,0,16,17,14,47,0,0,25,0,25,0,16,42,14,72,28,0,28,100
01/28/2008,FSM,AR,ASW,CE,Combined TRACON& Tower with Radar,0,21,21,21,63,0,0,13,0,13,0,21,34,21,76,36,0,36,112
01/29/2008,FSM,AR,ASW,CE,Combined TRACON& Tower with Radar,3,16,30,19,68,0,0,3,6,9,3,16,33,25,77,0,0,0,77
01/30/2008,FSM,AR,ASW,CE,Combined TRACON& Tower with Radar,0,25,24,55,104,0,0,52,38,90,0,25,76,93,194,14,28,42,236
01/31/2008,FSM,AR,ASW,CE,Combined TRACON& Tower with Radar,2,19,10,2,33,0,0,0,0,0,2,19,10,2,33,0,0,0,33
02/01/2008,FSM,AR,ASW,CE,Combined TRACON& Tower with Radar,2,25,23,27,77,0,0,22,17,39,2,25,45,44,116,26,6,32,148
02/02/2008,FSM,AR,ASW,CE,Combined TRACON& Tower with Radar,0,25,7,34,66,0,1,49,10,60,0,26,56,44,126,58,22,80,206
02/03/2008,FSM,AR,ASW,CE,Combined TRACON& Tower with Radar,0,19,20,3,42,0,0,9,0,9,0,19,29,3,51,8,0,8,59
02/04/2008,FSM,AR,ASW,CE,Combined TRACON& Tower with Radar,3,25,21,15,64,0,0,16,23,39,3,25,37,38,103,2,8,10,113
02/05/2008,FSM,AR,ASW,CE,Combined TRACON& Tower with Radar,0,16,16,1,33,0,2,0,0,2,0,18,16,1,35,0,0,0,35
02/06/2008,FSM,AR,ASW,CE,Combined TRACON& Tower with Radar,0,23,18,57,98,0,0,0,25,25,0,23,18,82,123,0,40,40,163
02/07/2008,FSM,AR,ASW,CE,Combined TRACON& Tower with Radar,0,25,35,65,125,0,1,26,15,42,0,26,61,80,167,10,10,20,187
02/08/2008,FSM,AR,ASW,CE,Combined TRACON& Tower with Radar,0,20,30,31,81,0,0,41,28,69,0,20,71,59,150,4,20,24,174
02/09/2008,FSM,AR,ASW,CE,Combined TRACON& Tower with Radar,0,19,19,0,38,0,0,76,0,76,0,19,95,0,114,64,0,64,178
02/10/2008,FSM,AR,ASW,CE,Combined TRACON& Tower with Radar,0,19,12,20,51,0,0,58,5,63,0,19,70,25,114,40,18,58,172
02/11/2008,FSM,AR,ASW,CE,Combined TRACON& Tower with Radar,2,19,21,13,55,0,0,7,6,13,2,19,28,19,68,16,0,16,84
02/12/2008,FSM,AR,ASW,CE,Combined TRACON& Tower with Radar,2,20,38,45,105,0,0,13,16,29,2,20,51,61,134,62,45,107,241
02/13/2008,FSM,AR,ASW,CE,Combined TRACON& Tower with Radar,1,22,34,50,107,0,3,48,34,85,1,25,82,84,192,56,24,80,272
02/14/2008,FSM,AR,ASW,CE,Combined TRACON& Tower with Radar,0,18,19,32,69,0,2,24,21,47,0,20,43,53,116,12,72,84,200
02/15/2008,FSM,AR,ASW,CE,Combined TRACON& Tower with Radar,4,20,25,20,69,0,0,4,7,11,4,20,29,27,80,16,22,38,118
02/16/2008,FSM,AR,ASW,CE,Combined TRACON& Tower with Radar,0,14,4,1,19,0,0,0,0,0,0,14,4,1,19,0,0,0,19
02/17/2008,FSM,AR,ASW,CE,Combined TRACON& Tower with Radar,0,17,10,2,29,0,0,4,0,4,0,17,14,2,33,0,0,0,33
02/18/2008,FSM,AR,ASW,CE,Combined TRACON& Tower with Radar,4,25,26,12,67,0,1,15,2,18,4,26,41,14,85,14,2,16,101
02/19/2008,FSM,AR,ASW,CE,Combined TRACON& Tower with Radar,1,21,32,56,110,0,0,44,27,71,1,21,76,83,181,64,96,160,341
02/20/2008,FSM,AR,ASW,CE,Combined TRACON& Tower with Radar,3,22,39,50,114,0,0,17,3,20,3,22,56,53,134,22,12,34,168
02/21/2008,FSM,AR,ASW,CE,Combined TRACON& Tower with Radar,0,19,20,6,45,0,0,3,7,10,0,19,23,13,55,0,4,4,59
02/22/2008,FSM,AR,ASW,CE,Combined TRACON& Tower with Radar,3,23,34,36,96,0,0,0,2,2,3,23,34,38,98,0,0,0,98
02/23/2008,FSM,AR,ASW,CE,Combined TRACON& Tower with Radar,0,21,16,10,47,0,1,24,14,39,0,22,40,24,86,26,14,40,126
02/24/2008,FSM,AR,ASW,CE,Combined TRACON& Tower with Radar,0,21,25,2,48,0,0,14,0,14,0,21,39,2,62,4,0,4,66
02/25/2008,FSM,AR,ASW,CE,Combined TRACON& Tower with Radar,0,31,25,41,97,0,0,28,12,40,0,31,53,53,137,8,2,10,147
02/26/2008,FSM,AR,ASW,CE,Combined TRACON& Tower with Radar,0,23,33,67,123,0,0,8,13,21,0,23,41,80,144,0,18,18,162
02/27/2008,FSM,AR,ASW,CE,Combined TRACON& Tower with Radar,4,21,40,79,144,0,4,50,40,94,4,25,90,119,238,24,66,90,328
02/28/2008,FSM,AR,ASW,CE,Combined TRACON& Tower with Radar,0,22,28,50,100,0,0,59,16,75,0,22,87,66,175,36,82,118,293
02/29/2008,FSM,AR,ASW,CE,Combined TRACON& Tower with Radar,0,21,29,130,180,0,3,51,12,66,0,24,80,142,246,34,92,126,372
03/01/2008,FSM,AR,ASW,CE,Combined TRACON& Tower with Radar,0,16,19,6,41,0,0,49,6,55,0,16,68,12,96,44,4,48,144
03/02/2008,FSM,AR,ASW,CE,Combined TRACON& Tower with Radar,0,24,14,18,56,0,0,1,0,1,0,24,15,18,57,0,0,0,57
03/03/2008,FSM,AR,ASW,CE,Combined TRACON& Tower with Radar,2,18,10,0,30,0,0,0,0,0,2,18,10,0,30,0,0,0,30
03/04/2008,FSM,AR,ASW,CE,Combined TRACON& Tower with Radar,0,21,20,45,86,0,1,32,16,49,0,22,52,61,135,14,66,80,215
03/05/2008,FSM,AR,ASW,CE,Combined TRACON& Tower with Radar,1,20,26,6,53,0,1,53,2,56,1,21,79,8,109,8,24,32,141
03/06/2008,FSM,AR,ASW,CE,Combined TRACON& Tower with Radar,0,14,27,6,47,0,0,2,0,2,0,14,29,6,49,0,0,0,49
03/07/2008,FSM,AR,ASW,CE,Combined TRACON& Tower with Radar,0,21,17,8,46,0,0,8,0,8,0,21,25,8,54,0,0,0,54
03/08/2008,FSM,AR,ASW,CE,Combined TRACON& Tower with Radar,0,22,24,3,49,0,0,28,3,31,0,22,52,6,80,18,0,18,98
03/09/2008,FSM,AR,ASW,CE,Combined TRACON& Tower with Radar,2,25,10,18,55,0,1,30,6,37,2,26,40,24,92,18,14,32,124
03/10/2008,FSM,AR,ASW,CE,Combined TRACON& Tower with Radar,0,19,25,40,84,0,0,29,21,50,0,19,54,61,134,4,16,20,154
03/11/2008,FSM,AR,ASW,CE,Combined TRACON& Tower with Radar,2,28,17,49,96,0,0,36,22,58,2,28,53,71,154,40,64,104,258
03/12/2008,FSM,AR,ASW,CE,Combined TRACON& Tower with Radar,0,20,34,16,70,0,3,33,27,63,0,23,67,43,133,24,24,48,181
03/13/2008,FSM,AR,ASW,CE,Combined TRACON& Tower with Radar,0,23,32,39,94,0,2,18,10,30,0,25,50,49,124,12,78,90,214
03/14/2008,FSM,AR,ASW,CE,Combined TRACON& Tower with Radar,0,28,27,101,156,0,1,21,10,32,0,29,48,111,188,22,24,46,234
03/15/2008,FSM,AR,ASW,CE,Combined TRACON& Tower with Radar,0,20,6,1,27,0,0,15,2,17,0,20,21,3,44,6,0,6,50
03/16/2008,FSM,AR,ASW,CE,Combined TRACON& Tower with Radar,0,19,10,0,29,0,201,16,0,217,0,220,26,0,246,0,0,0,246
03/17/2008,FSM,AR,ASW,CE,Combined TRACON& Tower with Radar,0,24,23,6,53,0,0,12,24,36,0,24,35,30,89,16,24,40,129
03/18/2008,FSM,AR,ASW,CE,Combined TRACON& Tower with Radar,0,11,6,0,17,0,0,0,0,0,0,11,6,0,17,0,0,0,17
03/19/2008,FSM,AR,ASW,CE,Combined TRACON& Tower with Radar,2,20,27,40,89,0,0,14,18,32,2,20,41,58,121,4,36,40,161
03/20/2008,FSM,AR,ASW,CE,Combined TRACON& Tower with Radar,0,23,44,34,101,0,0,41,28,69,0,23,85,62,170,23,27,50,220
03/21/2008,FSM,AR,ASW,CE,Combined TRACON& Tower with Radar,1,19,16,63,99,0,0,24,2,26,1,19,40,65,125,18,6,24,149
03/22/2008,FSM,AR,ASW,CE,Combined TRACON& Tower with Radar,0,19,12,0,31,0,1,39,0,40,0,20,51,0,71,70,0,70,141
03/23/2008,FSM,AR,ASW,CE,Combined TRACON& Tower with Radar,0,18,19,3,40,0,1,17,1,19,0,19,36,4,59,0,0,0,59
03/24/2008,FSM,AR,ASW,CE,Combined TRACON& Tower with Radar,0,24,16,56,96,0,0,33,36,69,0,24,49,92,165,20,106,126,291
03/25/2008,FSM,AR,ASW,CE,Combined TRACON& Tower with Radar,1,24,30,38,93,0,1,14,11,26,1,25,44,49,119,8,22,30,149
03/26/2008,FSM,AR,ASW,CE,Combined TRACON& Tower with Radar,0,24,29,25,78,0,0,23,50,73,0,24,52,75,151,30,28,58,209
03/27/2008,FSM,AR,ASW,CE,Combined TRACON& Tower with Radar,0,19,28,30,77,0,1,19,11,31,0,20,47,41,108,0,50,50,158
03/28/2008,FSM,AR,ASW,CE,Combined TRACON& Tower with Radar,0,20,41,41,102,0,0,0,0,0,0,20,41,41,102,0,0,0,102
03/29/2008,FSM,AR,ASW,CE,Combined TRACON& Tower with Radar,0,19,32,1,52,0,0,0,0,0,0,19,32,1,52,0,0,0,52
03/30/2008,FSM,AR,ASW,CE,Combined TRACON& Tower with Radar,0,17,9,11,37,0,0,5,0,5,0,17,14,11,42,4,0,4,46
03/31/2008,FSM,AR,ASW,CE,Combined TRACON& Tower with Radar,1,17,14,4,36,0,0,1,4,5,1,17,15,8,41,0,0,0,41
04/01/2008,FSM,AR,ASW,CE,Combined TRACON& Tower with Radar,0,21,26,54,101,0,0,29,30,59,0,21,55,84,160,20,118,138,298
04/02/2008,FSM,AR,ASW,CE,Combined TRACON& Tower with Radar,0,22,39,37,98,0,0,23,37,60,0,22,62,74,158,18,36,54,212
04/03/2008,FSM,AR,ASW,CE,Combined TRACON& Tower with Radar,2,23,38,3,66,0,0,1,3,4,2,23,39,6,70,0,0,0,70
04/04/2008,FSM,AR,ASW,CE,Combined TRACON& Tower with Radar,0,19,27,25,71,0,0,8,17,25,0,19,35,42,96,2,8,10,106
04/05/2008,FSM,AR,ASW,CE,Combined TRACON& Tower with Radar,0,21,15,7,43,0,2,34,21,57,0,23,49,28,100,8,20,28,128
04/06/2008,FSM,AR,ASW,CE,Combined TRACON& Tower with Radar,0,21,17,7,45,0,0,48,8,56,0,21,65,15,101,18,0,18,119
04/07/2008,FSM,AR,ASW,CE,Combined TRACON& Tower with Radar,4,22,21,43,90,0,0,37,9,46,4,22,58,52,136,10,30,40,176
04/08/2008,FSM,AR,ASW,CE,Combined TRACON& Tower with Radar,0,25,29,13,67,0,0,1,6,7,0,25,30,19,74,0,4,4,78
04/09/2008,FSM,AR,ASW,CE,Combined TRACON& Tower with Radar,0,23,33,7,63,0,0,2,0,2,0,23,35,7,65,0,0,0,65
04/10/2008,FSM,AR,ASW,CE,Combined TRACON& Tower with Radar,0,20,19,14,53,0,2,6,17,25,0,22,25,31,78,0,32,32,110
04/11/2008,FSM,AR,ASW,CE,Combined TRACON& Tower with Radar,3,27,29,59,118,0,0,23,2,25,3,27,52,61,143,0,22,22,165
04/12/2008,FSM,AR,ASW,CE,Combined TRACON& Tower with Radar,0,21,14,0,35,0,0,23,0,23,0,21,37,0,58,0,0,0,58
04/13/2008,FSM,AR,ASW,CE,Combined TRACON& Tower with Radar,0,20,19,9,48,0,0,16,2,18,0,20,35,11,66,14,0,14,80
04/14/2008,FSM,AR,ASW,CE,Combined TRACON& Tower with Radar,0,21,25,45,91,0,0,30,30,60,0,21,55,75,151,18,92,110,261
04/15/2008,FSM,AR,ASW,CE,Combined TRACON& Tower with Radar,0,23,23,71,117,0,0,39,34,73,0,23,62,105,190,44,98,142,332
04/16/2008,FSM,AR,ASW,CE,Combined TRACON& Tower with Radar,0,22,31,31,84,0,0,19,19,38,0,22,50,50,122,4,30,34,156
04/17/2008,FSM,AR,ASW,CE,Combined TRACON& Tower with Radar,0,23,37,43,103,0,0,13,10,23,0,23,50,53,126,2,26,28,154
04/18/2008,FSM,AR,ASW,CE,Combined TRACON& Tower with Radar,0,20,27,23,70,0,2,7,6,15,0,22,34,29,85,0,0,0,85
04/19/2008,FSM,AR,ASW,CE,Combined TRACON& Tower with Radar,0,17,16,4,37,0,1,58,5,64,0,18,74,9,101,40,4,44,145
04/20/2008,FSM,AR,ASW,CE,Combined TRACON& Tower with Radar,0,23,20,13,56,0,1,48,1,50,0,24,68,14,106,16,0,16,122
04/21/2008,FSM,AR,ASW,CE,Combined TRACON& Tower with Radar,0,22,33,15,70,0,0,40,9,49,0,22,73,24,119,58,8,66,185
04/22/2008,FSM,AR,ASW,CE,Combined TRACON& Tower with Radar,0,26,45,11,82,0,2,26,8,36,0,28,71,19,118,12,6,18,136
04/23/2008,FSM,AR,ASW,CE,Combined TRACON& Tower with Radar,0,18,32,11,61,0,0,28,10,38,0,18,60,21,99,68,8,76,175
04/24/2008,FSM,AR,ASW,CE,Combined TRACON& Tower with Radar,0,20,20,2,42,0,0,14,4,18,0,20,34,6,60,17,24,41,101
04/25/2008,FSM,AR,ASW,CE,Combined TRACON& Tower with Radar,0,23,21,21,65,0,0,9,2,11,0,23,30,23,76,6,0,6,82
04/26/2008,FSM,AR,ASW,CE,Combined TRACON& Tower with Radar,0,21,15,6,42,0,2,53,1,56,0,23,68,7,98,72,12,84,182
04/27/2008,FSM,AR,ASW,CE,Combined TRACON& Tower with Radar,0,18,17,1,36,0,0,13,1,14,0,18,30,2,50,0,0,0,50
04/28/2008,FSM,AR,ASW,CE,Combined TRACON& Tower with Radar,1,22,24,31,78,0,3,47,27,77,1,25,71,58,155,48,62,110,265
04/29/2008,FSM,AR,ASW,CE,Combined TRACON& Tower with Radar,4,18,19,16,57,0,0,52,35,87,4,18,71,51,144,26,62,88,232
04/30/2008,FSM,AR,ASW,CE,Combined TRACON& Tower with Radar,0,19,36,14,69,0,0,27,27,54,0,19,63,41,123,50,54,104,227
05/01/2008,FSM,AR,ASW,CE,Combined TRACON& Tower with Radar,0,23,32,7,62,0,0,9,19,28,0,23,41,26,90,0,0,0,90
05/02/2008,FSM,AR,ASW,CE,Combined TRACON& Tower with Radar,0,21,18,15,54,0,1,14,15,30,0,22,32,30,84,4,20,24,108
05/03/2008,FSM,AR,ASW,CE,Combined TRACON& Tower with Radar,0,18,8,8,34,0,2,36,4,42,0,20,44,12,76,32,14,46,122
05/04/2008,FSM,AR,ASW,CE,Combined TRACON& Tower with Radar,0,22,24,5,51,0,0,64,1,65,0,22,88,6,116,44,0,44,160
05/05/2008,FSM,AR,ASW,CE,Combined TRACON& Tower with Radar,2,19,33,19,73,0,2,49,31,82,2,21,82,50,155,30,30,60,215
05/06/2008,FSM,AR,ASW,CE,Combined TRACON& Tower with Radar,1,18,18,8,45,0,0,2,9,11,1,18,20,17,56,0,20,20,76
05/07/2008,FSM,AR,ASW,CE,Combined TRACON& Tower with Radar,0,18,22,12,52,0,0,1,23,24,0,18,23,35,76,0,56,56,132
05/08/2008,FSM,AR,ASW,CE,Combined TRACON& Tower with Radar,0,22,38,31,91,0,0,15,4,19,0,22,53,35,110,90,12,102,212
05/09/2008,FSM,AR,ASW,CE,Combined TRACON& Tower with Radar,0,18,22,27,67,0,0,51,10,61,0,18,73,37,128,38,18,56,184
05/10/2008,FSM,AR,ASW,CE,Combined TRACON& Tower with Radar,0,21,17,0,38,0,0,2,0,2,0,21,19,0,40,2,0,2,42
05/11/2008,FSM,AR,ASW,CE,Combined TRACON& Tower with Radar,0,19,22,5,46,0,0,27,1,28,0,19,49,6,74,16,0,16,90
05/12/2008,FSM,AR,ASW,CE,Combined TRACON& Tower with Radar,0,22,20,21,63,0,1,46,31,78,0,23,66,52,141,88,62,150,291
05/13/2008,FSM,AR,ASW,CE,Combined TRACON& Tower with Radar,0,27,36,50,113,0,0,25,22,47,0,27,61,72,160,28,100,128,288
05/14/2008,FSM,AR,ASW,CE,Combined TRACON& Tower with Radar,0,19,30,3,52,0,0,4,1,5,0,19,34,4,57,0,0,0,57
05/15/2008,FSM,AR,ASW,CE,Combined TRACON& Tower with Radar,0,25,44,20,89,0,0,16,8,24,0,25,60,28,113,24,0,24,137
05/16/2008,FSM,AR,ASW,CE,Combined TRACON& Tower with Radar,0,23,21,18,62,0,1,77,28,106,0,24,98,46,168,38,60,98,266
05/17/2008,FSM,AR,ASW,CE,Combined TRACON& Tower with Radar,0,22,7,12,41,0,0,43,6,49,0,22,50,18,90,0,0,0,90
05/18/2008,FSM,AR,ASW,CE,Combined TRACON& Tower with Radar,0,22,5,23,50,0,0,24,40,64,0,22,29,63,114,4,20,24,138
05/19/2008,FSM,AR,ASW,CE,Combined TRACON& Tower with Radar,0,23,17,59,99,0,0,58,39,97,0,23,75,98,196,6,46,52,248
05/20/2008,FSM,AR,ASW,CE,Combined TRACON& Tower with Radar,0,23,35,39,97,0,0,80,36,116,0,23,115,75,213,76,90,166,379
05/21/2008,FSM,AR,ASW,CE,Combined TRACON& Tower with Radar,0,25,32,56,113,0,0,51,54,105,0,25,83,110,218,108,48,156,374
05/22/2008,FSM,AR,ASW,CE,Combined TRACON& Tower with Radar,2,26,35,50,113,0,0,42,30,72,2,26,77,80,185,102,94,196,381
05/23/2008,FSM,AR,ASW,CE,Combined TRACON& Tower with Radar,0,25,34,17,76,0,0,18,0,18,0,25,52,17,94,24,0,24,118
05/24/2008,FSM,AR,ASW,CE,Combined TRACON& Tower with Radar,0,24,30,0,54,0,0,16,0,16,0,24,46,0,70,4,0,4,74
05/25/2008,FSM,AR,ASW,CE,Combined TRACON& Tower with Radar,0,14,11,6,31,0,0,17,1,18,0,14,28,7,49,8,0,8,57
05/26/2008,FSM,AR,ASW,CE,Combined TRACON& Tower with Radar,0,21,16,0,37,0,0,39,11,50,0,21,55,11,87,46,16,62,149
05/27/2008,FSM,AR,ASW,CE,Combined TRACON& Tower with Radar,0,20,7,9,36,0,0,19,4,23,0,20,26,13,59,64,0,64,123
05/28/2008,FSM,AR,ASW,CE,Combined TRACON& Tower with Radar,2,21,23,37,83,0,0,38,11,49,2,21,61,48,132,70,56,126,258
05/29/2008,FSM,AR,ASW,CE,Combined TRACON& Tower with Radar,0,20,34,58,112,0,0,51,25,76,0,20,85,83,188,86,52,138,326
05/30/2008,FSM,AR,ASW,CE,Combined TRACON& Tower with Radar,0,22,34,40,96,0,1,49,31,81,0,23,83,71,177,28,58,86,263
05/31/2008,FSM,AR,ASW,CE,Combined TRACON& Tower with Radar,9,18,14,16,57,0,0,40,0,40,9,18,54,16,97,30,14,44,141
06/01/2008,FSM,AR,ASW,CE,Combined TRACON& Tower with Radar,0,20,10,9,39,0,2,23,0,25,0,22,33,9,64,0,0,0,64
06/02/2008,FSM,AR,ASW,CE,Combined TRACON& Tower with Radar,1,22,24,24,71,0,0,29,17,46,1,22,53,41,117,46,40,86,203
06/03/2008,FSM,AR,ASW,CE,Combined TRACON& Tower with Radar,2,26,19,32,79,0,0,29,31,60,2,26,48,63,139,46,38,84,223
06/04/2008,FSM,AR,ASW,CE,Combined TRACON& Tower with Radar,0,20,22,17,59,0,0,16,16,32,0,20,38,33,91,28,8,36,127
06/05/2008,FSM,AR,ASW,CE,Combined TRACON& Tower with Radar,0,23,21,17,61,0,0,10,17,27,0,23,31,34,88,22,49,71,159
06/06/2008,FSM,AR,ASW,CE,Combined TRACON& Tower with Radar,0,24,20,4,48,0,0,6,4,10,0,24,26,8,58,20,0,20,78
06/07/2008,FSM,AR,ASW,CE,Combined TRACON& Tower with Radar,2,18,12,3,35,0,0,21,8,29,2,18,33,11,64,0,0,0,64
06/08/2008,FSM,AR,ASW,CE,Combined TRACON& Tower with Radar,7,19,8,13,47,0,0,13,10,23,7,19,21,23,70,0,0,0,70
06/09/2008,FSM,AR,ASW,CE,Combined TRACON& Tower with Radar,0,20,17,7,44,0,0,1,5,6,0,20,18,12,50,0,0,0,50
06/10/2008,FSM,AR,ASW,CE,Combined TRACON& Tower with Radar,0,18,29,29,76,0,0,22,20,42,0,18,51,49,118,18,64,82,200
06/11/2008,FSM,AR,ASW,CE,Combined TRACON& Tower with Radar,0,23,28,27,78,0,0,52,35,87,0,23,80,62,165,72,32,104,269
06/12/2008,FSM,AR,ASW,CE,Combined TRACON& Tower with Radar,0,19,24,55,98,0,0,48,36,84,0,19,72,91,182,70,16,86,268
06/13/2008,FSM,AR,ASW,CE,Combined TRACON& Tower with Radar,0,24,31,36,91,0,0,25,14,39,0,24,56,50,130,12,6,18,148
06/14/2008,FSM,AR,ASW,CE,Combined TRACON& Tower with Radar,0,18,6,6,30,0,0,23,7,30,0,18,29,13,60,4,0,4,64
06/15/2008,FSM,AR,ASW,CE,Combined TRACON& Tower with Radar,2,20,13,2,37,0,0,23,11,34,2,20,36,13,71,78,0,78,149
06/16/2008,FSM,AR,ASW,CE,Combined TRACON& Tower with Radar,0,28,17,7,52,0,0,13,17,30,0,28,30,24,82,4,6,10,92
06/17/2008,FSM,AR,ASW,CE,Combined TRACON& Tower with Radar,2,16,30,12,60,0,1,38,39,78,2,17,68,51,138,74,20,94,232
06/18/2008,FSM,AR,ASW,CE,Combined TRACON& Tower with Radar,1,30,37,17,85,0,0,33,32,65,1,30,70,49,150,18,12,30,180
06/19/2008,FSM,AR,ASW,CE,Combined TRACON& Tower with Radar,0,27,21,82,130,0,6,40,43,89,0,33,61,125,219,60,58,118,337
06/20/2008,FSM,AR,ASW,CE,Combined TRACON& Tower with Radar,0,25,17,7,49,0,0,31,2,33,0,25,48,9,82,58,0,58,140
06/21/2008,FSM,AR,ASW,CE,Combined TRACON& Tower with Radar,0,24,9,8,41,0,4,43,9,56,0,28,52,17,97,44,0,44,141
06/22/2008,FSM,AR,ASW,CE,Combined TRACON& Tower with Radar,0,20,21,2,43,0,0,42,4,46,0,20,63,6,89,58,6,64,153
06/23/2008,FSM,AR,ASW,CE,Combined TRACON& Tower with Radar,0,20,29,13,62,0,0,20,22,42,0,20,49,35,104,20,8,28,132
06/24/2008,FSM,AR,ASW,CE,Combined TRACON& Tower with Radar,1,16,29,39,85,0,0,54,32,86,1,16,83,71,171,62,64,126,297
06/25/2008,FSM,AR,ASW,CE,Combined TRACON& Tower with Radar,3,26,31,50,110,0,1,40,26,67,3,27,71,76,177,38,26,64,241
06/26/2008,FSM,AR,ASW,CE,Combined TRACON& Tower with Radar,17,22,23,38,100,0,3,59,42,104,17,25,82,80,204,88,104,192,396
06/27/2008,FSM,AR,ASW,CE,Combined TRACON& Tower with Radar,0,25,27,20,72,0,1,45,14,60,0,26,72,34,132,80,50,130,262
06/28/2008,FSM,AR,ASW,CE,Combined TRACON& Tower with Radar,1,19,7,2,29,0,0,0,0,0,1,19,7,2,29,0,0,0,29
06/29/2008,FSM,AR,ASW,CE,Combined TRACON& Tower with Radar,0,20,10,25,55,0,0,27,0,27,0,20,37,25,82,20,0,20,102
06/30/2008,FSM,AR,ASW,CE,Combined TRACON& Tower with Radar,0,22,20,57,99,0,0,52,27,79,0,22,72,84,178,62,78,140,318
07/01/2008,FSM,AR,ASW,CE,Combined TRACON& Tower with Radar,1,23,24,41,89,0,1,49,16,66,1,24,73,57,155,126,154,280,435
07/02/2008,FSM,AR,ASW,CE,Combined TRACON& Tower with Radar,0,23,37,45,105,0,0,35,11,46,0,23,72,56,151,94,70,164,315
07/03/2008,FSM,AR,ASW,CE,Combined TRACON& Tower with Radar,0,24,26,12,62,0,3,44,2,49,0,27,70,14,111,84,59,143,254
07/04/2008,FSM,AR,ASW,CE,Combined TRACON& Tower with Radar,0,12,8,0,20,0,0,11,6,17,0,12,19,6,37,12,0,12,49
07/05/2008,FSM,AR,ASW,CE,Combined TRACON& Tower with Radar,0,19,9,2,30,0,0,12,0,12,0,19,21,2,42,10,0,10,52
07/06/2008,FSM,AR,ASW,CE,Combined TRACON& Tower with Radar,3,24,12,2,41,0,1,35,2,38,3,25,47,4,79,26,0,26,105
07/07/2008,FSM,AR,ASW,CE,Combined TRACON& Tower with Radar,3,22,25,7,57,0,0,34,12,46,3,22,59,19,103,50,14,64,167
07/08/2008,FSM,AR,ASW,CE,Combined TRACON& Tower with Radar,0,25,29,42,96,0,0,52,18,70,0,25,81,60,166,60,34,94,260
07/09/2008,FSM,AR,ASW,CE,Combined TRACON& Tower with Radar,0,21,15,10,46,0,0,7,4,11,0,21,22,14,57,6,8,14,71
07/10/2008,FSM,AR,ASW,CE,Combined TRACON& Tower with Radar,0,20,23,32,75,0,0,28,17,45,0,20,51,49,120,48,48,96,216
07/11/2008,FSM,AR,ASW,CE,Combined TRACON& Tower with Radar,2,24,28,68,122,0,1,48,14,63,2,25,76,82,185,12,10,22,207
07/12/2008,FSM,AR,ASW,CE,Combined TRACON& Tower with Radar,2,22,11,46,81,0,0,27,22,49,2,22,38,68,130,6,34,40,170
07/13/2008,FSM,AR,ASW,CE,Combined TRACON& Tower with Radar,0,18,13,69,100,0,0,25,14,39,0,18,38,83,139,64,18,82,221
07/14/2008,FSM,AR,ASW,CE,Combined TRACON& Tower with Radar,2,17,22,44,85,0,0,47,8,55,2,17,69,52,140,72,12,84,224
07/15/2008,FSM,AR,ASW,CE,Combined TRACON& Tower with Radar,4,16,34,37,91,0,0,66,18,84,4,16,100,55,175,98,38,136,311
07/16/2008,FSM,AR,ASW,CE,Combined TRACON& Tower with Radar,0,20,29,34,83,0,0,69,42,111,0,20,98,76,194,100,84,184,378
07/17/2008,FSM,AR,ASW,CE,Combined TRACON& Tower with Radar,2,22,46,25,95,0,0,71,11,82,2,22,117,36,177,83,13,96,273
07/18/2008,FSM,AR,ASW,CE,Combined TRACON& Tower with Radar,0,22,32,34,88,0,0,51,9,60,0,22,83,43,148,38,26,64,212
07/19/2008,FSM,AR,ASW,CE,Combined TRACON& Tower with Radar,2,18,12,4,36,0,1,44,12,57,2,19,56,16,93,72,10,82,175
07/20/2008,FSM,AR,ASW,CE,Combined TRACON& Tower with Radar,2,19,16,5,42,0,0,34,4,38,2,19,50,9,80,54,2,56,136
07/21/2008,FSM,AR,ASW,CE,Combined TRACON& Tower with Radar,33,113,116,76,338,0,9,93,21,123,33,122,209,97,461,0,56,56,517
07/22/2008,FSM,AR,ASW,CE,Combined TRACON& Tower with Radar,37,98,159,50,344,1,3,152,19,175,38,101,311,69,519,114,38,152,671
07/23/2008,FSM,AR,ASW,CE,Combined TRACON& Tower with Radar,0,26,36,35,97,0,0,23,12,35,0,26,59,47,132,64,26,90,222
07/24/2008,FSM,AR,ASW,CE,Combined TRACON& Tower with Radar,0,20,25,20,65,0,0,30,14,44,0,20,55,34,109,14,48,62,171
07/25/2008,FSM,AR,ASW,CE,Combined TRACON& Tower with Radar,3,25,30,11,69,0,0,57,2,59,3,25,87,13,128,64,12,76,204
07/26/2008,FSM,AR,ASW,CE,Combined TRACON& Tower with Radar,0,17,9,0,26,0,0,46,1,47,0,17,55,1,73,86,0,86,159
07/27/2008,FSM,AR,ASW,CE,Combined TRACON& Tower with Radar,0,21,13,28,62,0,0,42,10,52,0,21,55,38,114,64,2,66,180
07/28/2008,FSM,AR,ASW,CE,Combined TRACON& Tower with Radar,2,21,16,44,83,0,0,25,23,48,2,21,41,67,131,20,0,20,151
07/29/2008,FSM,AR,ASW,CE,Combined TRACON& Tower with Radar,0,19,21,53,93,0,1,36,25,62,0,20,57,78,155,36,138,174,329
07/30/2008,FSM,AR,ASW,CE,Combined TRACON& Tower with Radar,0,23,36,35,94,0,1,45,33,79,0,24,81,68,173,44,28,72,245
07/31/2008,FSM,AR,ASW,CE,Combined TRACON& Tower with Radar,0,28,34,29,91,0,2,19,39,60,0,30,53,68,151,6,30,36,187
08/01/2008,FSM,AR,ASW,CE,Combined TRACON& Tower with Radar,1,24,18,60,103,0,1,41,34,76,1,25,59,94,179,20,48,68,247
08/02/2008,FSM,AR,ASW,CE,Combined TRACON& Tower with Radar,0,20,13,18,51,0,2,27,22,51,0,22,40,40,102,6,6,12,114
08/03/2008,FSM,AR,ASW,CE,Combined TRACON& Tower with Radar,2,25,12,24,63,0,1,19,1,21,2,26,31,25,84,8,0,8,92
08/04/2008,FSM,AR,ASW,CE,Combined TRACON& Tower with Radar,4,22,14,16,56,0,0,22,10,32,4,22,36,26,88,8,30,38,126
08/05/2008,FSM,AR,ASW,CE,Combined TRACON& Tower with Radar,0,20,30,23,73,0,0,46,4,50,0,20,76,27,123,36,0,36,159
08/06/2008,FSM,AR,ASW,CE,Combined TRACON& Tower with Radar,26,114,118,57,315,0,8,125,12,145,26,122,243,69,460,42,20,62,522
08/07/2008,FSM,AR,ASW,CE,Combined TRACON& Tower with Radar,0,22,16,4,42,0,1,22,10,33,0,23,38,14,75,26,2,28,103
08/08/2008,FSM,AR,ASW,CE,Combined TRACON& Tower with Radar,1,22,38,9,70,0,0,47,11,58,1,22,85,20,128,38,32,70,198
08/09/2008,FSM,AR,ASW,CE,Combined TRACON& Tower with Radar,0,22,4,0,26,0,0,25,3,28,0,22,29,3,54,8,0,8,62
08/10/2008,FSM,AR,ASW,CE,Combined TRACON& Tower with Radar,1,19,7,1,28,0,0,2,0,2,1,19,9,1,30,6,0,6,36
08/11/2008,FSM,AR,ASW,CE,Combined TRACON& Tower with Radar,1,22,28,1,52,0,0,2,0,2,1,22,30,1,54,0,0,0,54
08/12/2008,FSM,AR,ASW,CE,Combined TRACON& Tower with Radar,0,19,28,12,59,0,0,5,31,36,0,19,33,43,95,12,32,44,139
08/13/2008,FSM,AR,ASW,CE,Combined TRACON& Tower with Radar,0,21,22,18,61,0,1,50,8,59,0,22,72,26,120,80,0,80,200
08/14/2008,FSM,AR,ASW,CE,Combined TRACON& Tower with Radar,0,24,19,55,98,0,2,59,20,81,0,26,78,75,179,88,14,102,281
08/15/2008,FSM,AR,ASW,CE,Combined TRACON& Tower with Radar,2,26,33,9,70,0,0,20,3,23,2,26,53,12,93,28,22,50,143
08/16/2008,FSM,AR,ASW,CE,Combined TRACON& Tower with Radar,0,18,9,30,57,0,0,18,9,27,0,18,27,39,84,42,30,72,156
08/17/2008,FSM,AR,ASW,CE,Combined TRACON& Tower with Radar,0,22,6,18,46,0,2,26,3,31,0,24,32,21,77,44,0,44,121
08/18/2008,FSM,AR,ASW,CE,Combined TRACON& Tower with Radar,2,25,27,25,79,0,1,24,19,44,2,26,51,44,123,50,30,80,203
08/19/2008,FSM,AR,ASW,CE,Combined TRACON& Tower with Radar,0,24,31,6,61,0,0,38,10,48,0,24,69,16,109,82,6,88,197
08/20/2008,FSM,AR,ASW,CE,Combined TRACON& Tower with Radar,2,20,27,1,50,0,0,0,0,0,2,20,27,1,50,0,0,0,50
08/21/2008,FSM,AR,ASW,CE,Combined TRACON& Tower with Radar,0,26,29,0,55,0,0,4,0,4,0,26,33,0,59,0,0,0,59
08/22/2008,FSM,AR,ASW,CE,Combined TRACON& Tower with Radar,2,22,47,15,86,0,0,26,0,26,2,22,73,15,112,0,0,0,112
08/23/2008,FSM,AR,ASW,CE,Combined TRACON& Tower with Radar,0,16,13,0,29,0,0,5,0,5,0,16,18,0,34,0,0,0,34
08/24/2008,FSM,AR,ASW,CE,Combined TRACON& Tower with Radar,5,22,20,4,51,0,0,16,3,19,5,22,36,7,70,18,0,18,88
08/25/2008,FSM,AR,ASW,CE,Combined TRACON& Tower with Radar,1,27,23,46,97,0,0,36,20,56,1,27,59,66,153,40,74,114,267
08/26/2008,FSM,AR,ASW,CE,Combined TRACON& Tower with Radar,0,19,31,52,102,0,2,55,27,84,0,21,86,79,186,100,82,182,368
08/27/2008,FSM,AR,ASW,CE,Combined TRACON& Tower with Radar,0,21,24,50,95,0,8,46,28,82,0,29,70,78,177,28,36,64,241
08/28/2008,FSM,AR,ASW,CE,Combined TRACON& Tower with Radar,0,25,26,12,63,0,2,73,14,89,0,27,99,26,152,46,44,90,242
08/29/2008,FSM,AR,ASW,CE,Combined TRACON& Tower with Radar,3,31,36,63,133,0,1,33,42,76,3,32,69,105,209,42,36,78,287
08/30/2008,FSM,AR,ASW,CE,Combined TRACON& Tower with Radar,4,18,6,0,28,0,2,32,2,36,4,20,38,2,64,48,0,48,112
08/31/2008,FSM,AR,ASW,CE,Combined TRACON& Tower with Radar,1,28,17,8,54,0,2,27,3,32,1,30,44,11,86,10,0,10,96
09/01/2008,FSM,AR,ASW,CE,Combined TRACON& Tower with Radar,5,18,10,6,39,0,0,29,6,35,5,18,39,12,74,20,16,36,110
09/02/2008,FSM,AR,ASW,CE,Combined TRACON& Tower with Radar,1,21,18,13,53,0,0,4,0,4,1,21,22,13,57,2,0,2,59
09/03/2008,FSM,AR,ASW,CE,Combined TRACON& Tower with Radar,0,22,10,0,32,0,0,0,0,0,0,22,10,0,32,0,0,0,32
09/04/2008,FSM,AR,ASW,CE,Combined TRACON& Tower with Radar,0,24,18,56,98,0,1,8,3,12,0,25,26,59,110,0,8,8,118
09/05/2008,FSM,AR,ASW,CE,Combined TRACON& Tower with Radar,0,22,38,32,92,0,2,49,9,60,0,24,87,41,152,108,2,110,262
09/06/2008,FSM,AR,ASW,CE,Combined TRACON& Tower with Radar,15,20,25,18,78,0,1,73,2,76,15,21,98,20,154,42,0,42,196
09/07/2008,FSM,AR,ASW,CE,Combined TRACON& Tower with Radar,4,22,15,17,58,0,0,22,1,23,4,22,37,18,81,20,6,26,107
09/08/2008,FSM,AR,ASW,CE,Combined TRACON& Tower with Radar,2,26,42,30,100,0,2,28,14,44,2,28,70,44,144,54,46,100,244
09/09/2008,FSM,AR,ASW,CE,Combined TRACON& Tower with Radar,0,22,39,41,102,0,3,19,40,62,0,25,58,81,164,30,2,32,196
09/10/2008,FSM,AR,ASW,CE,Combined TRACON& Tower with Radar,0,29,43,53,125,0,0,4,9,13,0,29,47,62,138,0,0,0,138
09/11/2008,FSM,AR,ASW,CE,Combined TRACON& Tower with Radar,1,23,34,23,81,0,1,8,5,14,1,24,42,28,95,32,4,36,131
09/12/2008,FSM,AR,ASW,CE,Combined TRACON& Tower with Radar,0,20,29,49,98,0,3,44,24,71,0,23,73,73,169,42,76,118,287
09/13/2008,FSM,AR,ASW,CE,Combined TRACON& Tower with Radar,2,21,8,1,32,0,0,22,0,22,2,21,30,1,54,22,0,22,76
09/14/2008,FSM,AR,ASW,CE,Combined TRACON& Tower with Radar,0,14,5,7,26,0,0,20,0,20,0,14,25,7,46,34,0,34,80
09/15/2008,FSM,AR,ASW,CE,Combined TRACON& Tower with Radar,0,21,23,30,74,0,0,29,4,33,0,21,52,34,107,30,18,48,155
09/16/2008,FSM,AR,ASW,CE,Combined TRACON& Tower with Radar,0,18,37,37,92,0,2,57,16,75,0,20,94,53,167,102,34,136,303
09/17/2008,FSM,AR,ASW,CE,Combined TRACON& Tower with Radar,2,25,40,10,77,0,1,62,4,67,2,26,102,14,144,42,8,50,194
09/18/2008,FSM,AR,ASW,CE,Combined TRACON& Tower with Radar,0,25,45,36,106,0,0,41,16,57,0,25,86,52,163,14,44,58,221
09/19/2008,FSM,AR,ASW,CE,Combined TRACON& Tower with Radar,3,18,42,38,101,0,2,74,9,85,3,20,116,47,186,64,62,126,312
09/20/2008,FSM,AR,ASW,CE,Combined TRACON& Tower with Radar,0,17,18,19,54,0,3,15,3,21,0,20,33,22,75,12,30,42,117
09/21/2008,FSM,AR,ASW,CE,Combined TRACON& Tower with Radar,4,22,25,21,72,0,0,40,14,54,4,22,65,35,126,68,22,90,216
09/22/2008,FSM,AR,ASW,CE,Combined TRACON& Tower with Radar,0,23,31,30,84,0,1,29,7,37,0,24,60,37,121,26,24,50,171
09/23/2008,FSM,AR,ASW,CE,Combined TRACON& Tower with Radar,0,22,35,12,69,0,0,59,18,77,0,22,94,30,146,18,6,24,170
09/24/2008,FSM,AR,ASW,CE,Combined TRACON& Tower with Radar,0,22,23,32,77,0,0,29,8,37,0,22,52,40,114,50,20,70,184
09/25/2008,FSM,AR,ASW,CE,Combined TRACON& Tower with Radar,0,22,26,33,81,0,3,62,42,107,0,25,88,75,188,38,58,96,284
09/26/2008,FSM,AR,ASW,CE,Combined TRACON& Tower with Radar,1,19,34,22,76,0,0,42,20,62,1,19,76,42,138,32,4,36,174
09/27/2008,FSM,AR,ASW,CE,Combined TRACON& Tower with Radar,0,18,21,1,40,0,3,31,0,34,0,21,52,1,74,6,0,6,80
09/28/2008,FSM,AR,ASW,CE,Combined TRACON& Tower with Radar,0,23,22,6,51,0,3,30,3,36,0,26,52,9,87,38,8,46,133
09/29/2008,FSM,AR,ASW,CE,Combined TRACON& Tower with Radar,3,18,29,25,75,0,0,29,12,41,3,18,58,37,116,40,22,62,178
09/30/2008,FSM,AR,ASW,CE,Combined TRACON& Tower with Radar,0,19,23,18,60,0,0,28,18,46,0,19,51,36,106,28,4,32,138
10/01/2008,FSM,AR,ASW,CE,Combined TRACON& Tower with Radar,2,21,12,12,47,0,0,47,6,53,2,21,59,18,100,42,2,44,144
10/02/2008,FSM,AR,ASW,CE,Combined TRACON& Tower with Radar,0,19,23,20,62,0,1,73,8,82,0,20,96,28,144,60,22,82,226
10/03/2008,FSM,AR,ASW,CE,Combined TRACON& Tower with Radar,0,20,28,24,72,0,0,47,11,58,0,20,75,35,130,38,30,68,198
10/04/2008,FSM,AR,ASW,CE,Combined TRACON& Tower with Radar,0,19,9,2,30,0,0,12,5,17,0,19,21,7,47,0,4,4,51
10/05/2008,FSM,AR,ASW,CE,Combined TRACON& Tower with Radar,0,20,17,10,47,2,6,25,5,38,2,26,42,15,85,8,0,8,93
10/06/2008,FSM,AR,ASW,CE,Combined TRACON& Tower with Radar,0,18,13,2,33,0,0,2,1,3,0,18,15,3,36,0,0,0,36
10/07/2008,FSM,AR,ASW,CE,Combined TRACON& Tower with Radar,0,22,19,17,58,0,0,3,2,5,0,22,22,19,63,10,10,20,83
10/08/2008,FSM,AR,ASW,CE,Combined TRACON& Tower with Radar,0,21,41,38,100,0,0,65,10,75,0,21,106,48,175,46,48,94,269
10/09/2008,FSM,AR,ASW,CE,Combined TRACON& Tower with Radar,0,26,33,29,88,0,2,57,7,66,0,28,90,36,154,90,12,102,256
10/10/2008,FSM,AR,ASW,CE,Combined TRACON& Tower with Radar,4,29,26,8,67,0,1,49,3,53,4,30,75,11,120,62,6,68,188
10/11/2008,FSM,AR,ASW,CE,Combined TRACON& Tower with Radar,3,17,16,1,37,0,5,26,0,31,3,22,42,1,68,2,0,2,70
10/12/2008,FSM,AR,ASW,CE,Combined TRACON& Tower with Radar,0,20,29,4,53,0,0,10,0,10,0,20,39,4,63,32,0,32,95
10/13/2008,FSM,AR,ASW,CE,Combined TRACON& Tower with Radar,4,22,36,0,62,0,2,18,0,20,4,24,54,0,82,54,0,54,136
10/14/2008,FSM,AR,ASW,CE,Combined TRACON& Tower with Radar,0,24,56,103,183,0,0,2,1,3,0,24,58,104,186,0,28,28,214
10/15/2008,FSM,AR,ASW,CE,Combined TRACON& Tower with Radar,0,18,26,6,50,0,0,14,0,14,0,18,40,6,64,38,0,38,102
10/16/2008,FSM,AR,ASW,CE,Combined TRACON& Tower with Radar,1,20,43,22,86,0,0,57,2,59,1,20,100,24,145,36,12,48,193
10/17/2008,FSM,AR,ASW,CE,Combined TRACON& Tower with Radar,2,19,33,19,73,0,6,62,5,73,2,25,95,24,146,18,8,26,172
10/18/2008,FSM,AR,ASW,CE,Combined TRACON& Tower with Radar,0,19,23,1,43,0,3,53,0,56,0,22,76,1,99,16,0,16,115
10/19/2008,FSM,AR,ASW,CE,Combined TRACON& Tower with Radar,2,19,16,11,48,0,1,24,0,25,2,20,40,11,73,42,0,42,115
10/20/2008,FSM,AR,ASW,CE,Combined TRACON& Tower with Radar,0,24,23,15,62,0,0,34,12,46,0,24,57,27,108,68,16,84,192
10/21/2008,FSM,AR,ASW,CE,Combined TRACON& Tower with Radar,0,24,45,73,142,0,0,49,31,80,0,24,94,104,222,78,122,200,422
10/22/2008,FSM,AR,ASW,CE,Combined TRACON& Tower with Radar,0,20,30,2,52,0,0,10,3,13,0,20,40,5,65,18,4,22,87
10/23/2008,FSM,AR,ASW,CE,Combined TRACON& Tower with Radar,0,22,22,74,118,0,0,30,8,38,0,22,52,82,156,6,12,18,174
10/24/2008,FSM,AR,ASW,CE,Combined TRACON& Tower with Radar,1,21,28,30,80,0,0,32,0,32,1,21,60,30,112,34,0,34,146
10/25/2008,FSM,AR,ASW,CE,Combined TRACON& Tower with Radar,0,20,11,39,70,0,5,52,10,67,0,25,63,49,137,60,0,60,197
10/26/2008,FSM,AR,ASW,CE,Combined TRACON& Tower with Radar,0,21,15,0,36,0,0,41,4,45,0,21,56,4,81,20,12,32,113
10/27/2008,FSM,AR,ASW,CE,Combined TRACON& Tower with Radar,4,26,31,34,95,0,0,29,16,45,4,26,60,50,140,0,48,48,188
10/28/2008,FSM,AR,ASW,CE,Combined TRACON& Tower with Radar,0,19,41,48,108,0,0,58,24,82,0,19,99,72,190,62,102,164,354
10/29/2008,FSM,AR,ASW,CE,Combined TRACON& Tower with Radar,0,27,23,18,68,0,0,46,12,58,0,27,69,30,126,76,4,80,206
10/30/2008,FSM,AR,ASW,CE,Combined TRACON& Tower with Radar,0,15,17,41,73,0,2,59,42,103,0,17,76,83,176,24,118,142,318
10/31/2008,FSM,AR,ASW,CE,Combined TRACON& Tower with Radar,2,22,16,12,52,0,1,20,14,35,2,23,36,26,87,50,42,92,179
11/01/2008,FSM,AR,ASW,CE,Combined TRACON& Tower with Radar,0,19,10,16,45,0,7,49,4,60,0,26,59,20,105,34,54,88,193
11/02/2008,FSM,AR,ASW,CE,Combined TRACON& Tower with Radar,0,26,12,7,45,0,3,15,3,21,0,29,27,10,66,24,4,28,94
11/03/2008,FSM,AR,ASW,CE,Combined TRACON& Tower with Radar,2,20,14,5,41,0,0,36,2,38,2,20,50,7,79,12,0,12,91
11/04/2008,FSM,AR,ASW,CE,Combined TRACON& Tower with Radar,1,18,26,35,80,0,0,28,25,53,1,18,54,60,133,12,34,46,179
11/05/2008,FSM,AR,ASW,CE,Combined TRACON& Tower with Radar,0,19,31,12,62,0,0,8,12,20,0,19,39,24,82,26,16,42,124
11/06/2008,FSM,AR,ASW,CE,Combined TRACON& Tower with Radar,2,18,29,41,90,0,0,37,18,55,2,18,66,59,145,28,36,64,209
11/07/2008,FSM,AR,ASW,CE,Combined TRACON& Tower with Radar,4,25,16,117,162,0,1,38,10,49,4,26,54,127,211,8,28,36,247
11/08/2008,FSM,AR,ASW,CE,Combined TRACON& Tower with Radar,0,18,7,2,27,0,0,24,0,24,0,18,31,2,51,10,0,10,61
11/09/2008,FSM,AR,ASW,CE,Combined TRACON& Tower with Radar,0,18,14,13,45,0,0,24,0,24,0,18,38,13,69,26,4,30,99
11/10/2008,FSM,AR,ASW,CE,Combined TRACON& Tower with Radar,0,17,11,3,31,0,0,2,1,3,0,17,13,4,34,0,8,8,42
11/11/2008,FSM,AR,ASW,CE,Combined TRACON& Tower with Radar,0,17,27,1,45,0,0,4,1,5,0,17,31,2,50,0,0,0,50
11/12/2008,FSM,AR,ASW,CE,Combined TRACON& Tower with Radar,0,23,23,26,72,0,1,24,15,40,0,24,47,41,112,42,46,88,200
11/13/2008,FSM,AR,ASW,CE,Combined TRACON& Tower with Radar,0,23,44,57,124,0,5,42,6,53,0,28,86,63,177,27,0,27,204
11/14/2008,FSM,AR,ASW,CE,Combined TRACON& Tower with Radar,0,21,37,46,104,0,0,11,20,31,0,21,48,66,135,16,22,38,173
11/15/2008,FSM,AR,ASW,CE,Combined TRACON& Tower with Radar,0,21,7,0,28,0,2,6,0,8,0,23,13,0,36,0,0,0,36
11/16/2008,FSM,AR,ASW,CE,Combined TRACON& Tower with Radar,0,24,20,12,56,0,0,43,9,52,0,24,63,21,108,36,4,40,148
11/17/2008,FSM,AR,ASW,CE,Combined TRACON& Tower with Radar,2,20,25,46,93,0,0,43,10,53,2,20,68,56,146,82,66,148,294
11/18/2008,FSM,AR,ASW,CE,Combined TRACON& Tower with Radar,3,21,26,59,109,0,1,25,16,42,3,22,51,75,151,0,24,24,175
11/19/2008,FSM,AR,ASW,CE,Combined TRACON& Tower with Radar,0,21,23,57,101,0,0,35,15,50,0,21,58,72,151,30,48,78,229
11/20/2008,FSM,AR,ASW,CE,Combined TRACON& Tower with Radar,0,21,26,37,84,0,2,33,18,53,0,23,59,55,137,6,28,34,171
11/21/2008,FSM,AR,ASW,CE,Combined TRACON& Tower with Radar,3,25,35,27,90,0,7,39,3,49,3,32,74,30,139,14,0,14,153
11/22/2008,FSM,AR,ASW,CE,Combined TRACON& Tower with Radar,0,24,11,0,35,0,1,27,0,28,0,25,38,0,63,20,0,20,83
11/23/2008,FSM,AR,ASW,CE,Combined TRACON& Tower with Radar,0,17,11,4,32,0,0,3,0,3,0,17,14,4,35,16,0,16,51
11/24/2008,FSM,AR,ASW,CE,Combined TRACON& Tower with Radar,0,24,11,45,80,0,2,25,5,32,0,26,36,50,112,14,90,104,216
11/25/2008,FSM,AR,ASW,CE,Combined TRACON& Tower with Radar,0,26,34,41,101,0,0,49,1,50,0,26,83,42,151,16,0,16,167
11/26/2008,FSM,AR,ASW,CE,Combined TRACON& Tower with Radar,0,24,14,3,41,0,0,59,7,66,0,24,73,10,107,36,4,40,147
11/27/2008,FSM,AR,ASW,CE,Combined TRACON& Tower with Radar,0,16,5,0,21,0,0,16,0,16,0,16,21,0,37,10,0,10,47
11/28/2008,FSM,AR,ASW,CE,Combined TRACON& Tower with Radar,0,20,22,0,42,0,0,20,5,25,0,20,42,5,67,12,0,12,79
11/29/2008,FSM,AR,ASW,CE,Combined TRACON& Tower with Radar,0,21,18,0,39,0,1,7,0,8,0,22,25,0,47,0,0,0,47
11/30/2008,FSM,AR,ASW,CE,Combined TRACON& Tower with Radar,0,18,23,2,43,0,0,10,8,18,0,18,33,10,61,6,8,14,75
12/01/2008,FSM,AR,ASW,CE,Combined TRACON& Tower with Radar,0,22,19,31,72,0,0,3,11,14,0,22,22,42,86,0,28,28,114
12/02/2008,FSM,AR,ASW,CE,Combined TRACON& Tower with Radar,0,20,30,8,58,0,0,22,8,30,0,20,52,16,88,4,0,4,92
12/03/2008,FSM,AR,ASW,CE,Combined TRACON& Tower with Radar,2,21,19,5,47,0,0,4,4,8,2,21,23,9,55,0,4,4,59
12/04/2008,FSM,AR,ASW,CE,Combined TRACON& Tower with Radar,0,20,20,22,62,0,1,21,17,39,0,21,41,39,101,0,46,46,147
12/05/2008,FSM,AR,ASW,CE,Combined TRACON& Tower with Radar,0,21,33,24,78,0,1,27,14,42,0,22,60,38,120,28,24,52,172
12/06/2008,FSM,AR,ASW,CE,Combined TRACON& Tower with Radar,0,21,8,4,33,0,2,42,13,57,0,23,50,17,90,46,14,60,150
12/07/2008,FSM,AR,ASW,CE,Combined TRACON& Tower with Radar,0,19,11,17,47,0,2,35,10,47,0,21,46,27,94,38,14,52,146
12/08/2008,FSM,AR,ASW,CE,Combined TRACON& Tower with Radar,0,20,13,18,51,0,0,19,5,24,0,20,32,23,75,10,0,10,85
12/09/2008,FSM,AR,ASW,CE,Combined TRACON& Tower with Radar,2,16,16,8,42,0,0,0,4,4,2,16,16,12,46,0,0,0,46
12/10/2008,FSM,AR,ASW,CE,Combined TRACON& Tower with Radar,0,21,16,10,47,0,0,5,6,11,0,21,21,16,58,16,34,50,108
12/11/2008,FSM,AR,ASW,CE,Combined TRACON& Tower with Radar,2,23,31,32,88,0,1,33,15,49,2,24,64,47,137,20,16,36,173
12/12/2008,FSM,AR,ASW,CE,Combined TRACON& Tower with Radar,0,23,32,52,107,0,3,62,12,77,0,26,94,64,184,18,37,55,239
12/13/2008,FSM,AR,ASW,CE,Combined TRACON& Tower with Radar,0,18,14,8,40,0,8,13,0,21,0,26,27,8,61,0,8,8,69
12/14/2008,FSM,AR,ASW,CE,Combined TRACON& Tower with Radar,0,21,10,3,34,0,0,12,0,12,0,21,22,3,46,4,0,4,50
12/15/2008,FSM,AR,ASW,CE,Combined TRACON& Tower with Radar,0,20,9,22,51,0,0,0,3,3,0,20,9,25,54,0,0,0,54
12/16/2008,FSM,AR,ASW,CE,Combined TRACON& Tower with Radar,1,17,1,1,20,0,0,0,0,0,1,17,1,1,20,0,0,0,20
12/17/2008,FSM,AR,ASW,CE,Combined TRACON& Tower with Radar,1,17,20,20,58,0,0,1,0,1,1,17,21,20,59,0,0,0,59
12/18/2008,FSM,AR,ASW,CE,Combined TRACON& Tower with Radar,2,23,12,0,37,0,0,0,0,0,2,23,12,0,37,0,0,0,37
12/19/2008,FSM,AR,ASW,CE,Combined TRACON& Tower with Radar,0,20,29,35,84,0,3,43,7,53,0,23,72,42,137,32,44,76,213
12/20/2008,FSM,AR,ASW,CE,Combined TRACON& Tower with Radar,0,20,18,0,38,0,0,37,0,37,0,20,55,0,75,6,0,6,81
12/21/2008,FSM,AR,ASW,CE,Combined TRACON& Tower with Radar,0,19,12,12,43,0,0,18,4,22,0,19,30,16,65,4,12,16,81
12/22/2008,FSM,AR,ASW,CE,Combined TRACON& Tower with Radar,0,23,15,25,63,0,2,17,10,29,0,25,32,35,92,30,34,64,156
12/23/2008,FSM,AR,ASW,CE,Combined TRACON& Tower with Radar,0,22,11,0,33,0,0,0,0,0,0,22,11,0,33,0,0,0,33
12/24/2008,FSM,AR,ASW,CE,Combined TRACON& Tower with Radar,0,20,16,0,36,0,2,24,0,26,0,22,40,0,62,12,0,12,74
12/25/2008,FSM,AR,ASW,CE,Combined TRACON& Tower with Radar,0,14,5,0,19,0,0,17,0,17,0,14,22,0,36,0,0,0,36
12/26/2008,FSM,AR,ASW,CE,Combined TRACON& Tower with Radar,2,17,17,0,36,0,0,10,0,10,2,17,27,0,46,0,0,0,46
12/27/2008,FSM,AR,ASW,CE,Combined TRACON& Tower with Radar,0,17,7,0,24,0,0,0,0,0,0,17,7,0,24,0,0,0,24
12/28/2008,FSM,AR,ASW,CE,Combined TRACON& Tower with Radar,0,19,17,0,36,0,0,45,0,45,0,19,62,0,81,38,0,38,119
12/29/2008,FSM,AR,ASW,CE,Combined TRACON& Tower with Radar,0,23,15,4,42,0,1,55,0,56,0,24,70,4,98,55,4,59,157
12/30/2008,FSM,AR,ASW,CE,Combined TRACON& Tower with Radar,0,25,14,9,48,0,0,47,4,51,0,25,61,13,99,20,0,20,119
12/31/2008,FSM,AR,ASW,CE,Combined TRACON& Tower with Radar,0,20,13,2,35,0,0,55,7,62,0,20,68,9,97,92,10,102,199
01/01/2009,FSM,AR,ASW,CE,Combined TRACON& Tower with Radar,0,19,13,2,34,0,0,44,0,44,0,19,57,2,78,54,0,54,132
01/02/2009,FSM,AR,ASW,CE,Combined TRACON& Tower with Radar,0,16,32,3,51,0,0,19,3,22,0,16,51,6,73,28,0,28,101
01/03/2009,FSM,AR,ASW,CE,Combined TRACON& Tower with Radar,0,22,3,0,25,0,0,10,0,10,0,22,13,0,35,0,0,0,35
01/04/2009,FSM,AR,ASW,CE,Combined TRACON& Tower with Radar,0,21,12,1,34,0,1,10,0,11,0,22,22,1,45,14,0,14,59
01/05/2009,FSM,AR,ASW,CE,Combined TRACON& Tower with Radar,0,19,13,15,47,0,0,4,3,7,0,19,17,18,54,0,2,2,56
01/06/2009,FSM,AR,ASW,CE,Combined TRACON& Tower with Radar,0,21,22,10,53,0,0,3,0,3,0,21,25,10,56,0,0,0,56
01/07/2009,FSM,AR,ASW,CE,Combined TRACON& Tower with Radar,1,20,29,16,66,0,0,42,7,49,1,20,71,23,115,50,22,72,187
01/08/2009,FSM,AR,ASW,CE,Combined TRACON& Tower with Radar,0,19,17,35,71,0,0,37,17,54,0,19,54,52,125,20,24,44,169
01/09/2009,FSM,AR,ASW,CE,Combined TRACON& Tower with Radar,0,20,30,42,92,0,2,15,10,27,0,22,45,52,119,26,18,44,163
01/10/2009,FSM,AR,ASW,CE,Combined TRACON& Tower with Radar,0,21,4,5,30,0,4,8,8,20,0,25,12,13,50,0,2,2,52
01/11/2009,FSM,AR,ASW,CE,Combined TRACON& Tower with Radar,0,19,12,11,42,0,1,51,11,63,0,20,63,22,105,94,6,100,205
01/12/2009,FSM,AR,ASW,CE,Combined TRACON& Tower with Radar,3,19,6,30,58,0,2,23,9,34,3,21,29,39,92,0,36,36,128
01/13/2009,FSM,AR,ASW,CE,Combined TRACON& Tower with Radar,0,21,15,20,56,0,30,12,0,42,0,51,27,20,98,68,80,148,246
01/14/2009,FSM,AR,ASW,CE,Combined TRACON& Tower with Radar,2,20,15,13,50,0,1,38,10,49,2,21,53,23,99,46,34,80,179
01/15/2009,FSM,AR,ASW,CE,Combined TRACON& Tower with Radar,1,17,12,37,67,0,2,51,5,58,1,19,63,42,125,6,20,26,151
01/16/2009,FSM,AR,ASW,CE,Combined TRACON& Tower with Radar,0,20,20,30,70,0,0,15,13,28,0,20,35,43,98,56,24,80,178
01/17/2009,FSM,AR,ASW,CE,Combined TRACON& Tower with Radar,0,23,17,0,40,0,0,31,0,31,0,23,48,0,71,26,0,26,97
01/18/2009,FSM,AR,ASW,CE,Combined TRACON& Tower with Radar,0,17,13,5,35,0,0,30,1,31,0,17,43,6,66,20,0,20,86
01/19/2009,FSM,AR,ASW,CE,Combined TRACON& Tower with Radar,4,19,5,3,31,0,0,17,0,17,4,19,22,3,48,30,2,32,80
01/20/2009,FSM,AR,ASW,CE,Combined TRACON& Tower with Radar,0,24,16,19,59,0,0,15,7,22,0,24,31,26,81,0,4,4,85
01/21/2009,FSM,AR,ASW,CE,Combined TRACON& Tower with Radar,0,18,20,26,64,0,0,49,4,53,0,18,69,30,117,72,20,92,209
01/22/2009,FSM,AR,ASW,CE,Combined TRACON& Tower with Radar,0,22,17,34,73,0,0,55,6,61,0,22,72,40,134,28,14,42,176
01/23/2009,FSM,AR,ASW,CE,Combined TRACON& Tower with Radar,0,21,26,43,90,0,2,42,14,58,0,23,68,57,148,62,22,84,232
01/24/2009,FSM,AR,ASW,CE,Combined TRACON& Tower with Radar,2,16,8,5,31,0,0,42,4,46,2,16,50,9,77,62,16,78,155
01/25/2009,FSM,AR,ASW,CE,Combined TRACON& Tower with Radar,0,19,13,14,46,0,0,1,10,11,0,19,14,24,57,18,18,36,93
01/26/2009,FSM,AR,ASW,CE,Combined TRACON& Tower with Radar,3,15,18,5,41,0,0,2,5,7,3,15,20,10,48,0,4,4,52
01/27/2009,FSM,AR,ASW,CE,Combined TRACON& Tower with Radar,0,11,4,0,15,0,0,0,0,0,0,11,4,0,15,0,0,0,15
01/28/2009,FSM,AR,ASW,CE,Combined TRACON& Tower with Radar,0,17,23,27,67,0,0,6,5,11,0,17,29,32,78,0,34,34,112
01/29/2009,FSM,AR,ASW,CE,Combined TRACON& Tower with Radar,1,25,30,16,72,0,0,1,0,1,1,25,31,16,73,0,0,0,73
01/30/2009,FSM,AR,ASW,CE,Combined TRACON& Tower with Radar,1,17,20,25,63,0,0,14,6,20,1,17,34,31,83,0,0,0,83
01/31/2009,FSM,AR,ASW,CE,Combined TRACON& Tower with Radar,0,18,4,21,43,0,1,42,8,51,0,19,46,29,94,42,8,50,144
02/01/2009,FSM,AR,ASW,CE,Combined TRACON& Tower with Radar,0,16,5,3,24,0,0,26,0,26,0,16,31,3,50,48,26,74,124
02/02/2009,FSM,AR,ASW,CE,Combined TRACON& Tower with Radar,0,22,14,38,74,0,0,34,4,38,0,22,48,42,112,16,54,70,182
02/03/2009,FSM,AR,ASW,CE,Combined TRACON& Tower with Radar,0,20,23,16,59,0,0,23,4,27,0,20,46,20,86,8,0,8,94
02/04/2009,FSM,AR,ASW,CE,Combined TRACON& Tower with Radar,2,21,26,42,91,0,0,37,7,44,2,21,63,49,135,52,44,96,231
02/05/2009,FSM,AR,ASW,CE,Combined TRACON& Tower with Radar,0,20,31,32,83,0,1,39,5,45,0,21,70,37,128,16,18,34,162
02/06/2009,FSM,AR,ASW,CE,Combined TRACON& Tower with Radar,8,22,30,50,110,0,0,13,5,18,8,22,43,55,128,2,64,66,194
02/07/2009,FSM,AR,ASW,CE,Combined TRACON& Tower with Radar,0,19,13,11,43,0,0,5,5,10,0,19,18,16,53,16,5,21,74
02/08/2009,FSM,AR,ASW,CE,Combined TRACON& Tower with Radar,0,19,14,15,48,0,1,23,3,27,0,20,37,18,75,14,0,14,89
02/09/2009,FSM,AR,ASW,CE,Combined TRACON& Tower with Radar,0,22,19,3,44,0,0,8,5,13,0,22,27,8,57,0,0,0,57
02/10/2009,FSM,AR,ASW,CE,Combined TRACON& Tower with Radar,0,20,31,3,54,0,0,0,1,1,0,20,31,4,55,0,0,0,55
02/11/2009,FSM,AR,ASW,CE,Combined TRACON& Tower with Radar,0,20,29,9,58,0,0,6,4,10,0,20,35,13,68,18,12,30,98
02/12/2009,FSM,AR,ASW,CE,Combined TRACON& Tower with Radar,2,24,40,28,94,0,3,57,8,68,2,27,97,36,162,50,22,72,234
02/13/2009,FSM,AR,ASW,CE,Combined TRACON& Tower with Radar,0,19,27,27,73,0,1,31,1,33,0,20,58,28,106,16,44,60,166
02/14/2009,FSM,AR,ASW,CE,Combined TRACON& Tower with Radar,0,19,11,11,41,1,0,25,1,27,1,19,36,12,68,58,10,68,136
02/15/2009,FSM,AR,ASW,CE,Combined TRACON& Tower with Radar,0,18,8,6,32,0,2,9,1,12,0,20,17,7,44,16,0,16,60
02/16/2009,FSM,AR,ASW,CE,Combined TRACON& Tower with Radar,0,20,22,22,64,0,0,27,3,30,0,20,49,25,94,38,18,56,150
02/17/2009,FSM,AR,ASW,CE,Combined TRACON& Tower with Radar,0,20,24,31,75,0,0,4,1,5,0,20,28,32,80,2,14,16,96
02/18/2009,FSM,AR,ASW,CE,Combined TRACON& Tower with Radar,0,20,25,40,85,0,0,19,13,32,0,20,44,53,117,22,72,94,211
02/19/2009,FSM,AR,ASW,CE,Combined TRACON& Tower with Radar,0,20,24,40,84,0,1,42,11,54,0,21,66,51,138,52,58,110,248
02/20/2009,FSM,AR,ASW,CE,Combined TRACON& Tower with Radar,0,20,28,33,81,0,0,53,8,61,0,20,81,41,142,50,70,120,262
02/21/2009,FSM,AR,ASW,CE,Combined TRACON& Tower with Radar,0,16,10,16,42,0,2,16,2,20,0,18,26,18,62,4,0,4,66
02/22/2009,FSM,AR,ASW,CE,Combined TRACON& Tower with Radar,0,16,20,8,44,0,0,37,2,39,0,16,57,10,83,88,4,92,175
02/23/2009,FSM,AR,ASW,CE,Combined TRACON& Tower with Radar,0,24,21,20,65,0,0,35,5,40,0,24,56,25,105,14,4,18,123
02/24/2009,FSM,AR,ASW,CE,Combined TRACON& Tower with Radar,0,26,23,27,76,0,1,7,7,15,0,27,30,34,91,0,48,48,139
02/25/2009,FSM,AR,ASW,CE,Combined TRACON& Tower with Radar,0,21,32,44,97,0,2,7,1,10,0,23,39,45,107,21,58,79,186
02/26/2009,FSM,AR,ASW,CE,Combined TRACON& Tower with Radar,0,20,47,16,83,0,0,5,2,7,0,20,52,18,90,20,18,38,128
02/27/2009,FSM,AR,ASW,CE,Combined TRACON& Tower with Radar,0,20,19,43,82,0,0,13,10,23,0,20,32,53,105,16,112,128,233
02/28/2009,FSM,AR,ASW,CE,Combined TRACON& Tower with Radar,0,13,5,5,23,0,0,2,1,3,0,13,7,6,26,0,2,2,28
03/01/2009,FSM,AR,ASW,CE,Combined TRACON& Tower with Radar,0,15,5,5,25,0,1,22,1,24,0,16,27,6,49,42,4,46,95
03/02/2009,FSM,AR,ASW,CE,Combined TRACON& Tower with Radar,0,20,18,30,68,0,1,34,6,41,0,21,52,36,109,16,40,56,165
03/03/2009,FSM,AR,ASW,CE,Combined TRACON& Tower with Radar,0,22,21,29,72,0,0,31,4,35,0,22,52,33,107,26,20,46,153
03/04/2009,FSM,AR,ASW,CE,Combined TRACON& Tower with Radar,0,21,24,30,75,0,1,15,8,24,0,22,39,38,99,6,50,56,155
03/05/2009,FSM,AR,ASW,CE,Combined TRACON& Tower with Radar,0,23,23,28,74,0,2,25,3,30,0,25,48,31,104,0,0,0,104
03/06/2009,FSM,AR,ASW,CE,Combined TRACON& Tower with Radar,0,30,15,21,66,0,2,26,3,31,0,32,41,24,97,0,0,0,97
03/07/2009,FSM,AR,ASW,CE,Combined TRACON& Tower with Radar,0,20,9,7,36,0,2,8,1,11,0,22,17,8,47,6,28,34,81
03/08/2009,FSM,AR,ASW,CE,Combined TRACON& Tower with Radar,0,20,9,7,36,0,0,14,4,18,0,20,23,11,54,8,0,8,62
03/09/2009,FSM,AR,ASW,CE,Combined TRACON& Tower with Radar,0,24,14,39,77,0,3,10,2,15,0,27,24,41,92,14,8,22,114
03/10/2009,FSM,AR,ASW,CE,Combined TRACON& Tower with Radar,0,21,21,6,48,0,0,9,0,9,0,21,30,6,57,0,0,0,57
03/11/2009,FSM,AR,ASW,CE,Combined TRACON& Tower with Radar,0,26,28,9,63,0,0,20,2,22,0,26,48,11,85,24,2,26,111
03/12/2009,FSM,AR,ASW,CE,Combined TRACON& Tower with Radar,0,20,10,3,33,0,0,1,0,1,0,20,11,3,34,0,0,0,34
03/13/2009,FSM,AR,ASW,CE,Combined TRACON& Tower with Radar,0,22,23,21,66,0,0,7,2,9,0,22,30,23,75,12,4,16,91
03/14/2009,FSM,AR,ASW,CE,Combined TRACON& Tower with Radar,0,18,12,0,30,0,0,1,0,1,0,18,13,0,31,4,0,4,35
03/15/2009,FSM,AR,ASW,CE,Combined TRACON& Tower with Radar,0,24,21,4,49,0,0,3,0,3,0,24,24,4,52,8,0,8,60
03/16/2009,FSM,AR,ASW,CE,Combined TRACON& Tower with Radar,0,22,17,34,73,0,1,43,9,53,0,23,60,43,126,46,0,46,172
03/17/2009,FSM,AR,ASW,CE,Combined TRACON& Tower with Radar,0,27,20,15,62,0,1,47,4,52,0,28,67,19,114,74,6,80,194
03/18/2009,FSM,AR,ASW,CE,Combined TRACON& Tower with Radar,0,18,14,13,45,0,0,30,7,37,0,18,44,20,82,100,12,112,194
03/19/2009,FSM,AR,ASW,CE,Combined TRACON& Tower with Radar,0,19,21,11,51,0,0,6,0,6,0,19,27,11,57,4,0,4,61
03/20/2009,FSM,AR,ASW,CE,Combined TRACON& Tower with Radar,0,20,23,28,71,0,1,42,2,45,0,21,65,30,116,38,10,48,164
03/21/2009,FSM,AR,ASW,CE,Combined TRACON& Tower with Radar,0,20,11,0,31,0,1,8,2,11,0,21,19,2,42,0,0,0,42
03/22/2009,FSM,AR,ASW,CE,Combined TRACON& Tower with Radar,0,16,7,28,51,0,0,22,0,22,0,16,29,28,73,82,2,84,157
03/23/2009,FSM,AR,ASW,CE,Combined TRACON& Tower with Radar,0,20,7,17,44,0,0,4,1,5,0,20,11,18,49,0,24,24,73
03/24/2009,FSM,AR,ASW,CE,Combined TRACON& Tower with Radar,0,20,18,29,67,0,2,7,4,13,0,22,25,33,80,0,26,26,106
03/25/2009,FSM,AR,ASW,CE,Combined TRACON& Tower with Radar,2,25,23,56,106,0,0,25,5,30,2,25,48,61,136,6,26,32,168
03/26/2009,FSM,AR,ASW,CE,Combined TRACON& Tower with Radar,0,21,23,7,51,0,0,2,0,2,0,21,25,7,53,0,0,0,53
03/27/2009,FSM,AR,ASW,CE,Combined TRACON& Tower with Radar,0,16,12,22,50,0,0,1,1,2,0,16,13,23,52,0,10,10,62
03/28/2009,FSM,AR,ASW,CE,Combined TRACON& Tower with Radar,0,16,4,0,20,0,0,0,2,2,0,16,4,2,22,0,0,0,22
03/29/2009,FSM,AR,ASW,CE,Combined TRACON& Tower with Radar,0,18,10,7,35,0,1,40,0,41,0,19,50,7,76,30,0,30,106
03/30/2009,FSM,AR,ASW,CE,Combined TRACON& Tower with Radar,0,22,17,24,63,0,3,12,9,24,0,25,29,33,87,14,40,54,141
03/31/2009,FSM,AR,ASW,CE,Combined TRACON& Tower with Radar,0,24,23,20,67,0,1,9,9,19,0,25,32,29,86,0,30,30,116
04/01/2009,FSM,AR,ASW,CE,Combined TRACON& Tower with Radar,0,20,21,43,84,0,0,46,6,52,0,20,67,49,136,28,66,94,230
04/02/2009,FSM,AR,ASW,CE,Combined TRACON& Tower with Radar,0,18,12,1,31,0,0,0,1,1,0,18,12,2,32,0,0,0,32
04/03/2009,FSM,AR,ASW,CE,Combined TRACON& Tower with Radar,0,20,14,8,42,0,0,64,7,71,0,20,78,15,113,116,4,120,233
04/04/2009,FSM,AR,ASW,CE,Combined TRACON& Tower with Radar,0,15,6,12,33,0,2,19,9,30,0,17,25,21,63,0,14,14,77
04/05/2009,FSM,AR,ASW,CE,Combined TRACON& Tower with Radar,0,18,11,22,51,0,0,5,6,11,0,18,16,28,62,0,16,16,78
04/06/2009,FSM,AR,ASW,CE,Combined TRACON& Tower with Radar,0,22,11,26,59,0,1,9,7,17,0,23,20,33,76,0,20,20,96
04/07/2009,FSM,AR,ASW,CE,Combined TRACON& Tower with Radar,0,19,21,42,82,0,5,42,8,55,0,24,63,50,137,32,34,66,203
04/08/2009,FSM,AR,ASW,CE,Combined TRACON& Tower with Radar,0,22,28,12,62,0,4,24,11,39,0,26,52,23,101,88,18,106,207
04/09/2009,FSM,AR,ASW,CE,Combined TRACON& Tower with Radar,0,16,15,2,33,0,0,1,0,1,0,16,16,2,34,0,0,0,34
04/10/2009,FSM,AR,ASW,CE,Combined TRACON& Tower with Radar,0,21,30,24,75,0,0,3,4,7,0,21,33,28,82,2,20,22,104
04/11/2009,FSM,AR,ASW,CE,Combined TRACON& Tower with Radar,0,14,27,0,41,0,0,44,0,44,0,14,71,0,85,38,0,38,123
04/12/2009,FSM,AR,ASW,CE,Combined TRACON& Tower with Radar,0,18,3,7,28,0,0,0,0,0,0,18,3,7,28,0,0,0,28
04/13/2009,FSM,AR,ASW,CE,Combined TRACON& Tower with Radar,0,20,28,17,65,0,2,3,5,10,0,22,31,22,75,2,0,2,77
04/14/2009,FSM,AR,ASW,CE,Combined TRACON& Tower with Radar,0,24,11,21,56,0,4,23,16,43,0,28,34,37,99,26,28,54,153
04/15/2009,FSM,AR,ASW,CE,Combined TRACON& Tower with Radar,0,23,17,50,90,0,4,29,7,40,0,27,46,57,130,42,30,72,202
04/16/2009,FSM,AR,ASW,CE,Combined TRACON& Tower with Radar,0,20,27,51,98,0,0,33,6,39,0,20,60,57,137,16,62,78,215
04/17/2009,FSM,AR,ASW,CE,Combined TRACON& Tower with Radar,0,15,12,26,53,0,1,13,1,15,0,16,25,27,68,8,22,30,98
04/18/2009,FSM,AR,ASW,CE,Combined TRACON& Tower with Radar,0,13,6,2,21,0,0,2,0,2,0,13,8,2,23,0,0,0,23
04/19/2009,FSM,AR,ASW,CE,Combined TRACON& Tower with Radar,0,20,14,3,37,0,0,3,0,3,0,20,17,3,40,0,0,0,40
04/20/2009,FSM,AR,ASW,CE,Combined TRACON& Tower with Radar,0,24,15,32,71,0,0,20,4,24,0,24,35,36,95,22,60,82,177
04/21/2009,FSM,AR,ASW,CE,Combined TRACON& Tower with Radar,0,27,34,20,81,0,1,38,4,43,0,28,72,24,124,16,18,34,158
04/22/2009,FSM,AR,ASW,CE,Combined TRACON& Tower with Radar,0,24,28,39,91,0,3,42,7,52,0,27,70,46,143,20,60,80,223
04/23/2009,FSM,AR,ASW,CE,Combined TRACON& Tower with Radar,0,20,12,26,58,0,0,19,6,25,0,20,31,32,83,14,22,36,119
04/24/2009,FSM,AR,ASW,CE,Combined TRACON& Tower with Radar,0,21,22,25,68,0,0,15,0,15,0,21,37,25,83,1,0,1,84
04/25/2009,FSM,AR,ASW,CE,Combined TRACON& Tower with Radar,0,14,23,4,41,0,1,23,0,24,0,15,46,4,65,12,0,12,77
04/26/2009,FSM,AR,ASW,CE,Combined TRACON& Tower with Radar,0,19,20,16,55,0,1,9,0,10,0,20,29,16,65,30,0,30,95
04/27/2009,FSM,AR,ASW,CE,Combined TRACON& Tower with Radar,0,17,10,6,33,0,0,2,4,6,0,17,12,10,39,0,0,0,39
04/28/2009,FSM,AR,ASW,CE,Combined TRACON& Tower with Radar,4,25,28,33,90,0,0,7,4,11,4,25,35,37,101,12,64,76,177
04/29/2009,FSM,AR,ASW,CE,Combined TRACON& Tower with Radar,0,20,24,0,44,0,0,1,0,1,0,20,25,0,45,0,0,0,45
04/30/2009,FSM,AR,ASW,CE,Combined TRACON& Tower with Radar,0,22,27,6,55,0,1,7,11,19,0,23,34,17,74,0,0,0,74
05/01/2009,FSM,AR,ASW,CE,Combined TRACON& Tower with Radar,0,22,31,15,68,0,0,4,3,7,0,22,35,18,75,6,8,14,89
05/02/2009,FSM,AR,ASW,CE,Combined TRACON& Tower with Radar,2,10,5,1,18,0,0,0,0,0,2,10,5,1,18,0,0,0,18
05/03/2009,FSM,AR,ASW,CE,Combined TRACON& Tower with Radar,0,20,16,16,52,0,0,0,0,0,0,20,16,16,52,0,0,0,52
05/04/2009,FSM,AR,ASW,CE,Combined TRACON& Tower with Radar,0,22,20,45,87,0,0,3,4,7,0,22,23,49,94,0,44,44,138
05/05/2009,FSM,AR,ASW,CE,Combined TRACON& Tower with Radar,0,19,19,14,52,0,0,0,1,1,0,19,19,15,53,0,0,0,53
05/06/2009,FSM,AR,ASW,CE,Combined TRACON& Tower with Radar,0,17,23,30,70,0,0,17,5,22,0,17,40,35,92,80,16,96,188
05/07/2009,FSM,AR,ASW,CE,Combined TRACON& Tower with Radar,0,23,22,17,62,0,0,20,4,24,0,23,42,21,86,26,24,50,136
05/08/2009,FSM,AR,ASW,CE,Combined TRACON& Tower with Radar,0,19,17,20,56,0,0,11,2,13,0,19,28,22,69,6,0,6,75
05/09/2009,FSM,AR,ASW,CE,Combined TRACON& Tower with Radar,0,14,8,0,22,0,1,11,0,12,0,15,19,0,34,32,0,32,66
05/10/2009,FSM,AR,ASW,CE,Combined TRACON& Tower with Radar,0,18,11,12,41,0,0,1,0,1,0,18,12,12,42,0,0,0,42
05/11/2009,FSM,AR,ASW,CE,Combined TRACON& Tower with Radar,0,19,33,24,76,0,1,13,10,24,0,20,46,34,100,26,12,38,138
05/12/2009,FSM,AR,ASW,CE,Combined TRACON& Tower with Radar,0,22,17,13,52,0,0,3,3,6,0,22,20,16,58,0,0,0,58
05/13/2009,FSM,AR,ASW,CE,Combined TRACON& Tower with Radar,0,19,21,16,56,0,4,6,2,12,0,23,27,18,68,6,20,26,94
05/14/2009,FSM,AR,ASW,CE,Combined TRACON& Tower with Radar,0,17,10,21,48,0,0,18,5,23,0,17,28,26,71,24,2,26,97
05/15/2009,FSM,AR,ASW,CE,Combined TRACON& Tower with Radar,0,23,17,25,65,0,1,16,3,20,0,24,33,28,85,34,0,34,119
05/16/2009,FSM,AR,ASW,CE,Combined TRACON& Tower with Radar,0,14,7,8,29,0,1,3,0,4,0,15,10,8,33,12,38,50,83
05/17/2009,FSM,AR,ASW,CE,Combined TRACON& Tower with Radar,0,18,9,34,61,0,0,34,2,36,0,18,43,36,97,72,14,86,183
05/18/2009,FSM,AR,ASW,CE,Combined TRACON& Tower with Radar,0,24,17,55,96,0,0,37,6,43,0,24,54,61,139,6,36,42,181
05/19/2009,FSM,AR,ASW,CE,Combined TRACON& Tower with Radar,0,20,32,66,118,0,0,56,5,61,0,20,88,71,179,40,58,98,277
05/20/2009,FSM,AR,ASW,CE,Combined TRACON& Tower with Radar,0,22,25,76,123,0,7,53,16,76,0,29,78,92,199,16,70,86,285
05/21/2009,FSM,AR,ASW,CE,Combined TRACON& Tower with Radar,0,38,18,66,122,0,1,40,13,54,0,39,58,79,176,4,20,24,200
05/22/2009,FSM,AR,ASW,CE,Combined TRACON& Tower with Radar,0,20,19,32,71,0,1,11,0,12,0,21,30,32,83,0,24,24,107
05/23/2009,FSM,AR,ASW,CE,Combined TRACON& Tower with Radar,0,14,9,0,23,0,1,8,0,9,0,15,17,0,32,10,0,10,42
05/24/2009,FSM,AR,ASW,CE,Combined TRACON& Tower with Radar,0,14,4,0,18,0,0,2,0,2,0,14,6,0,20,0,0,0,20
05/25/2009,FSM,AR,ASW,CE,Combined TRACON& Tower with Radar,0,20,18,0,38,0,0,4,0,4,0,20,22,0,42,4,0,4,46
05/26/2009,FSM,AR,ASW,CE,Combined TRACON& Tower with Radar,0,20,23,9,52,0,0,13,5,18,0,20,36,14,70,32,12,44,114
05/27/2009,FSM,AR,ASW,CE,Combined TRACON& Tower with Radar,0,23,23,19,65,0,2,9,2,13,0,25,32,21,78,10,66,76,154
05/28/2009,FSM,AR,ASW,CE,Combined TRACON& Tower with Radar,0,23,23,28,74,0,1,22,6,29,0,24,45,34,103,14,4,18,121
05/29/2009,FSM,AR,ASW,CE,Combined TRACON& Tower with Radar,0,21,30,20,71,0,1,25,1,27,0,22,55,21,98,6,0,6,104
05/30/2009,FSM,AR,ASW,CE,Combined TRACON& Tower with Radar,0,15,14,5,34,0,11,25,1,37,0,26,39,6,71,26,0,26,97
05/31/2009,FSM,AR,ASW,CE,Combined TRACON& Tower with Radar,0,27,14,23,64,0,1,25,9,35,0,28,39,32,99,52,44,96,195
06/01/2009,FSM,AR,ASW,CE,Combined TRACON& Tower with Radar,0,18,16,19,53,0,1,19,9,29,0,19,35,28,82,0,2,2,84
06/02/2009,FSM,AR,ASW,CE,Combined TRACON& Tower with Radar,0,22,16,32,70,0,2,12,11,25,0,24,28,43,95,0,8,8,103
06/03/2009,FSM,AR,ASW,CE,Combined TRACON& Tower with Radar,0,19,31,16,66,0,0,2,4,6,0,19,33,20,72,0,8,8,80
06/04/2009,FSM,AR,ASW,CE,Combined TRACON& Tower with Radar,0,18,26,32,76,0,1,33,11,45,0,19,59,43,121,32,8,40,161
06/05/2009,FSM,AR,ASW,CE,Combined TRACON& Tower with Radar,0,21,22,68,111,0,0,42,18,60,0,21,64,86,171,28,14,42,213
06/06/2009,FSM,AR,ASW,CE,Combined TRACON& Tower with Radar,0,18,5,17,40,0,5,43,4,52,0,23,48,21,92,6,12,18,110
06/07/2009,FSM,AR,ASW,CE,Combined TRACON& Tower with Radar,0,16,15,16,47,0,2,20,4,26,0,18,35,20,73,18,12,30,103
06/08/2009,FSM,AR,ASW,CE,Combined TRACON& Tower with Radar,0,19,17,16,52,0,1,22,9,32,0,20,39,25,84,46,14,60,144
06/09/2009,FSM,AR,ASW,CE,Combined TRACON& Tower with Radar,0,22,41,9,72,0,1,33,6,40,0,23,74,15,112,1,2,3,115
06/10/2009,FSM,AR,ASW,CE,Combined TRACON& Tower with Radar,0,17,29,8,54,0,0,9,4,13,0,17,38,12,67,0,0,0,67
06/11/2009,FSM,AR,ASW,CE,Combined TRACON& Tower with Radar,2,19,21,5,47,0,0,8,12,20,2,19,29,17,67,2,2,4,71
06/12/2009,FSM,AR,ASW,CE,Combined TRACON& Tower with Radar,0,17,17,4,38,0,3,16,2,21,0,20,33,6,59,20,8,28,87
06/13/2009,FSM,AR,ASW,CE,Combined TRACON& Tower with Radar,0,15,10,0,25,0,0,26,1,27,0,15,36,1,52,4,0,4,56
06/14/2009,FSM,AR,ASW,CE,Combined TRACON& Tower with Radar,0,14,6,1,21,0,0,7,4,11,0,14,13,5,32,4,12,16,48
06/15/2009,FSM,AR,ASW,CE,Combined TRACON& Tower with Radar,0,18,14,21,53,0,0,24,4,28,0,18,38,25,81,10,58,68,149
06/16/2009,FSM,AR,ASW,CE,Combined TRACON& Tower with Radar,0,23,27,33,83,0,0,15,5,20,0,23,42,38,103,4,46,50,153
06/17/2009,FSM,AR,ASW,CE,Combined TRACON& Tower with Radar,0,22,28,19,69,0,1,26,10,37,0,23,54,29,106,22,32,54,160
06/18/2009,FSM,AR,ASW,CE,Combined TRACON& Tower with Radar,0,20,13,30,63,0,0,22,5,27,0,20,35,35,90,10,14,24,114
06/19/2009,FSM,AR,ASW,CE,Combined TRACON& Tower with Radar,0,20,15,34,69,0,4,32,4,40,0,24,47,38,109,22,22,44,153
06/20/2009,FSM,AR,ASW,CE,Combined TRACON& Tower with Radar,0,18,13,1,32,0,2,32,0,34,0,20,45,1,66,26,0,26,92
06/21/2009,FSM,AR,ASW,CE,Combined TRACON& Tower with Radar,0,18,11,3,32,0,0,28,0,28,0,18,39,3,60,16,0,16,76
06/22/2009,FSM,AR,ASW,CE,Combined TRACON& Tower with Radar,0,19,17,4,40,0,0,21,9,30,0,19,38,13,70,20,0,20,90
06/23/2009,FSM,AR,ASW,CE,Combined TRACON& Tower with Radar,0,18,19,10,47,0,2,16,10,28,0,20,35,20,75,14,20,34,109
06/24/2009,FSM,AR,ASW,CE,Combined TRACON& Tower with Radar,0,17,19,23,59,0,3,32,11,46,0,20,51,34,105,0,30,30,135
06/25/2009,FSM,AR,ASW,CE,Combined TRACON& Tower with Radar,0,25,18,26,69,0,0,39,9,48,0,25,57,35,117,26,42,68,185
06/26/2009,FSM,AR,ASW,CE,Combined TRACON& Tower with Radar,0,15,19,12,46,0,2,33,1,36,0,17,52,13,82,6,2,8,90
06/27/2009,FSM,AR,ASW,CE,Combined TRACON& Tower with Radar,0,22,8,5,35,0,1,20,0,21,0,23,28,5,56,26,0,26,82
06/28/2009,FSM,AR,ASW,CE,Combined TRACON& Tower with Radar,0,16,8,38,62,0,0,19,8,27,0,16,27,46,89,0,34,34,123
06/29/2009,FSM,AR,ASW,CE,Combined TRACON& Tower with Radar,0,19,17,47,83,0,1,15,10,26,0,20,32,57,109,48,32,80,189
06/30/2009,FSM,AR,ASW,CE,Combined TRACON& Tower with Radar,0,19,20,14,53,0,1,26,7,34,0,20,46,21,87,10,40,50,137
07/01/2009,FSM,AR,ASW,CE,Combined TRACON& Tower with Radar,0,18,13,35,66,0,0,34,8,42,0,18,47,43,108,34,36,70,178
07/02/2009,FSM,AR,ASW,CE,Combined TRACON& Tower with Radar,0,20,8,26,54,0,1,26,2,29,0,21,34,28,83,30,0,30,113
07/03/2009,FSM,AR,ASW,CE,Combined TRACON& Tower with Radar,0,20,8,0,28,0,1,28,0,29,0,21,36,0,57,12,0,12,69
07/04/2009,FSM,AR,ASW,CE,Combined TRACON& Tower with Radar,0,12,5,0,17,0,1,5,2,8,0,13,10,2,25,44,0,44,69
07/05/2009,FSM,AR,ASW,CE,Combined TRACON& Tower with Radar,7,17,21,0,45,0,1,15,0,16,7,18,36,0,61,30,0,30,91
07/06/2009,FSM,AR,ASW,CE,Combined TRACON& Tower with Radar,1,17,21,6,45,0,1,16,6,23,1,18,37,12,68,20,0,20,88
07/07/2009,FSM,AR,ASW,CE,Combined TRACON& Tower with Radar,0,23,21,44,88,0,2,31,9,42,0,25,52,53,130,32,16,48,178
07/08/2009,FSM,AR,ASW,CE,Combined TRACON& Tower with Radar,0,17,27,16,60,0,0,34,6,40,0,17,61,22,100,76,6,82,182
07/09/2009,FSM,AR,ASW,CE,Combined TRACON& Tower with Radar,0,23,20,21,64,0,1,28,7,36,0,24,48,28,100,38,16,54,154
07/10/2009,FSM,AR,ASW,CE,Combined TRACON& Tower with Radar,0,17,7,18,42,0,0,29,9,38,0,17,36,27,80,0,14,14,94
07/11/2009,FSM,AR,ASW,CE,Combined TRACON& Tower with Radar,0,18,11,25,54,0,0,28,10,38,0,18,39,35,92,6,10,16,108
07/12/2009,FSM,AR,ASW,CE,Combined TRACON& Tower with Radar,0,14,6,18,38,0,3,26,9,38,0,17,32,27,76,56,28,84,160
07/13/2009,FSM,AR,ASW,CE,Combined TRACON& Tower with Radar,0,18,21,12,51,0,1,13,9,23,0,19,34,21,74,28,6,34,108
07/14/2009,FSM,AR,ASW,CE,Combined TRACON& Tower with Radar,0,23,26,17,66,0,0,21,12,33,0,23,47,29,99,24,8,32,131
07/15/2009,FSM,AR,ASW,CE,Combined TRACON& Tower with Radar,0,18,30,16,64,0,0,29,10,39,0,18,59,26,103,8,12,20,123
07/16/2009,FSM,AR,ASW,CE,Combined TRACON& Tower with Radar,0,21,24,8,53,0,0,14,5,19,0,21,38,13,72,36,0,36,108
07/17/2009,FSM,AR,ASW,CE,Combined TRACON& Tower with Radar,0,18,18,13,49,0,2,34,0,36,0,20,52,13,85,10,18,28,113
07/18/2009,FSM,AR,ASW,CE,Combined TRACON& Tower with Radar,8,16,14,3,41,0,0,24,1,25,8,16,38,4,66,6,0,6,72
07/19/2009,FSM,AR,ASW,CE,Combined TRACON& Tower with Radar,0,18,4,12,34,0,4,23,3,30,0,22,27,15,64,6,0,6,70
07/20/2009,FSM,AR,ASW,CE,Combined TRACON& Tower with Radar,0,19,17,13,49,0,0,12,1,13,0,19,29,14,62,18,10,28,90
07/21/2009,FSM,AR,ASW,CE,Combined TRACON& Tower with Radar,0,19,11,10,40,0,0,11,4,15,0,19,22,14,55,0,0,0,55
07/22/2009,FSM,AR,ASW,CE,Combined TRACON& Tower with Radar,0,20,23,31,74,0,2,30,9,41,0,22,53,40,115,84,54,138,253
07/23/2009,FSM,AR,ASW,CE,Combined TRACON& Tower with Radar,0,23,22,13,58,0,2,28,8,38,0,25,50,21,96,50,12,62,158
07/24/2009,FSM,AR,ASW,CE,Combined TRACON& Tower with Radar,0,18,19,35,72,0,0,31,6,37,0,18,50,41,109,2,42,44,153
07/25/2009,FSM,AR,ASW,CE,Combined TRACON& Tower with Radar,0,16,26,0,42,0,0,42,2,44,0,16,68,2,86,6,0,6,92
07/26/2009,FSM,AR,ASW,CE,Combined TRACON& Tower with Radar,0,17,10,16,43,0,0,16,0,16,0,17,26,16,59,46,0,46,105
07/27/2009,FSM,AR,ASW,CE,Combined TRACON& Tower with Radar,0,18,11,30,59,0,0,10,0,10,0,18,21,30,69,0,20,20,89
07/28/2009,FSM,AR,ASW,CE,Combined TRACON& Tower with Radar,0,18,29,12,59,0,1,14,0,15,0,19,43,12,74,26,10,36,110
07/29/2009,FSM,AR,ASW,CE,Combined TRACON& Tower with Radar,0,15,22,26,63,0,0,19,4,23,0,15,41,30,86,0,0,0,86
07/30/2009,FSM,AR,ASW,CE,Combined TRACON& Tower with Radar,0,18,16,9,43,0,0,3,0,3,0,18,19,9,46,4,0,4,50
07/31/2009,FSM,AR,ASW,CE,Combined TRACON& Tower with Radar,0,24,34,30,88,0,1,46,2,49,0,25,80,32,137,40,14,54,191
08/01/2009,FSM,AR,ASW,CE,Combined TRACON& Tower with Radar,0,12,22,4,38,0,0,0,0,0,0,12,22,4,38,0,0,0,38
08/02/2009,FSM,AR,ASW,CE,Combined TRACON& Tower with Radar,0,18,10,14,42,0,0,23,0,23,0,18,33,14,65,4,18,22,87
08/03/2009,FSM,AR,ASW,CE,Combined TRACON& Tower with Radar,0,20,11,13,44,0,3,25,12,40,0,23,36,25,84,26,0,26,110
08/04/2009,FSM,AR,ASW,CE,Combined TRACON& Tower with Radar,0,16,26,6,48,0,0,30,9,39,0,16,56,15,87,26,0,26,113
08/05/2009,FSM,AR,ASW,CE,Combined TRACON& Tower with Radar,2,14,19,8,43,0,0,14,10,24,2,14,33,18,67,16,0,16,83
08/06/2009,FSM,AR,ASW,CE,Combined TRACON& Tower with Radar,2,18,18,22,60,0,1,27,8,36,2,19,45,30,96,8,0,8,104
08/07/2009,FSM,AR,ASW,CE,Combined TRACON& Tower with Radar,0,18,18,14,50,0,1,33,8,42,0,19,51,22,92,14,12,26,118
08/08/2009,FSM,AR,ASW,CE,Combined TRACON& Tower with Radar,0,17,14,18,49,0,0,24,0,24,0,17,38,18,73,72,36,108,181
08/09/2009,FSM,AR,ASW,CE,Combined TRACON& Tower with Radar,0,18,8,37,63,0,0,21,1,22,0,18,29,38,85,12,28,40,125
08/10/2009,FSM,AR,ASW,CE,Combined TRACON& Tower with Radar,2,21,27,19,69,0,2,30,2,34,2,23,57,21,103,4,28,32,135
08/11/2009,FSM,AR,ASW,CE,Combined TRACON& Tower with Radar,0,18,21,35,74,0,1,14,3,18,0,19,35,38,92,0,26,26,118
08/12/2009,FSM,AR,ASW,CE,Combined TRACON& Tower with Radar,0,22,22,50,94,0,2,35,11,48,0,24,57,61,142,38,26,64,206
08/13/2009,FSM,AR,ASW,CE,Combined TRACON& Tower with Radar,0,19,22,31,72,0,0,30,7,37,0,19,52,38,109,44,4,48,157
08/14/2009,FSM,AR,ASW,CE,Combined TRACON& Tower with Radar,0,22,14,31,67,0,3,45,7,55,0,25,59,38,122,56,2,58,180
08/15/2009,FSM,AR,ASW,CE,Combined TRACON& Tower with Radar,2,16,11,3,32,0,1,29,1,31,2,17,40,4,63,28,0,28,91
08/16/2009,FSM,AR,ASW,CE,Combined TRACON& Tower with Radar,0,16,10,24,50,0,0,35,12,47,0,16,45,36,97,30,28,58,155
08/17/2009,FSM,AR,ASW,CE,Combined TRACON& Tower with Radar,0,22,11,34,67,0,0,21,5,26,0,22,32,39,93,0,30,30,123
08/18/2009,FSM,AR,ASW,CE,Combined TRACON& Tower with Radar,0,18,13,11,42,0,1,40,10,51,0,19,53,21,93,52,0,52,145
08/19/2009,FSM,AR,ASW,CE,Combined TRACON& Tower with Radar,0,19,28,57,104,0,1,27,5,33,0,20,55,62,137,44,70,114,251
08/20/2009,FSM,AR,ASW,CE,Combined TRACON& Tower with Radar,0,15,15,9,39,0,0,1,1,2,0,15,16,10,41,0,0,0,41
08/21/2009,FSM,AR,ASW,CE,Combined TRACON& Tower with Radar,2,18,22,55,97,0,1,37,8,46,2,19,59,63,143,2,76,78,221
08/22/2009,FSM,AR,ASW,CE,Combined TRACON& Tower with Radar,0,16,8,0,24,0,2,30,1,33,0,18,38,1,57,44,0,44,101
08/23/2009,FSM,AR,ASW,CE,Combined TRACON& Tower with Radar,0,20,10,9,39,0,2,34,2,38,0,22,44,11,77,18,12,30,107
08/24/2009,FSM,AR,ASW,CE,Combined TRACON& Tower with Radar,0,18,31,25,74,0,1,25,4,30,0,19,56,29,104,16,42,58,162
08/25/2009,FSM,AR,ASW,CE,Combined TRACON& Tower with Radar,0,20,26,34,80,0,0,31,3,34,0,20,57,37,114,18,32,50,164
08/26/2009,FSM,AR,ASW,CE,Combined TRACON& Tower with Radar,0,18,28,39,85,0,2,41,4,47,0,20,69,43,132,22,14,36,168
08/27/2009,FSM,AR,ASW,CE,Combined TRACON& Tower with Radar,0,22,26,14,62,0,0,11,10,21,0,22,37,24,83,42,6,48,131
08/28/2009,FSM,AR,ASW,CE,Combined TRACON& Tower with Radar,0,16,25,11,52,0,0,11,0,11,0,16,36,11,63,38,4,42,105
08/29/2009,FSM,AR,ASW,CE,Combined TRACON& Tower with Radar,0,15,19,2,36,0,0,37,0,37,0,15,56,2,73,46,4,50,123
08/30/2009,FSM,AR,ASW,CE,Combined TRACON& Tower with Radar,0,16,13,16,45,0,0,18,1,19,0,16,31,17,64,18,12,30,94
08/31/2009,FSM,AR,ASW,CE,Combined TRACON& Tower with Radar,0,18,15,27,60,0,0,41,7,48,0,18,56,34,108,30,32,62,170
09/01/2009,FSM,AR,ASW,CE,Combined TRACON& Tower with Radar,0,27,22,25,74,0,1,35,5,41,0,28,57,30,115,16,8,24,139
09/02/2009,FSM,AR,ASW,CE,Combined TRACON& Tower with Radar,0,20,38,5,63,0,1,21,4,26,0,21,59,9,89,8,0,8,97
09/03/2009,FSM,AR,ASW,CE,Combined TRACON& Tower with Radar,0,22,23,7,52,0,1,10,14,25,0,23,33,21,77,60,0,60,137
09/04/2009,FSM,AR,ASW,CE,Combined TRACON& Tower with Radar,0,23,18,0,41,0,2,14,0,16,0,25,32,0,57,36,0,36,93
09/05/2009,FSM,AR,ASW,CE,Combined TRACON& Tower with Radar,0,14,9,0,23,0,0,16,0,16,0,14,25,0,39,0,0,0,39
09/06/2009,FSM,AR,ASW,CE,Combined TRACON& Tower with Radar,0,13,2,0,15,0,1,9,0,10,0,14,11,0,25,32,0,32,57
09/07/2009,FSM,AR,ASW,CE,Combined TRACON& Tower with Radar,0,16,16,8,40,0,0,30,0,30,0,16,46,8,70,36,8,44,114
09/08/2009,FSM,AR,ASW,CE,Combined TRACON& Tower with Radar,0,18,16,36,70,0,0,28,4,32,0,18,44,40,102,34,18,52,154
09/09/2009,FSM,AR,ASW,CE,Combined TRACON& Tower with Radar,0,21,17,22,60,0,0,19,3,22,0,21,36,25,82,40,0,40,122
09/10/2009,FSM,AR,ASW,CE,Combined TRACON& Tower with Radar,0,16,16,3,35,0,0,4,2,6,0,16,20,5,41,10,0,10,51
09/11/2009,FSM,AR,ASW,CE,Combined TRACON& Tower with Radar,0,20,29,34,83,0,4,16,6,26,0,24,45,40,109,12,14,26,135
09/12/2009,FSM,AR,ASW,CE,Combined TRACON& Tower with Radar,0,15,6,35,56,0,0,1,5,6,0,15,7,40,62,8,30,38,100
09/13/2009,FSM,AR,ASW,CE,Combined TRACON& Tower with Radar,0,15,8,1,24,0,0,0,0,0,0,15,8,1,24,0,0,0,24
09/14/2009,FSM,AR,ASW,CE,Combined TRACON& Tower with Radar,0,21,34,14,69,0,1,3,2,6,0,22,37,16,75,0,16,16,91
09/15/2009,FSM,AR,ASW,CE,Combined TRACON& Tower with Radar,0,22,9,28,59,0,0,2,5,7,0,22,11,33,66,0,8,8,74
09/16/2009,FSM,AR,ASW,CE,Combined TRACON& Tower with Radar,0,18,26,4,48,0,0,1,4,5,0,18,27,8,53,0,0,0,53
09/17/2009,FSM,AR,ASW,CE,Combined TRACON& Tower with Radar,0,19,27,9,55,0,0,12,14,26,0,19,39,23,81,26,8,34,115
09/18/2009,FSM,AR,ASW,CE,Combined TRACON& Tower with Radar,0,25,33,34,92,0,0,14,0,14,0,25,47,34,106,32,19,51,157
09/19/2009,FSM,AR,ASW,CE,Combined TRACON& Tower with Radar,0,14,3,0,17,0,0,15,0,15,0,14,18,0,32,22,0,22,54
09/20/2009,FSM,AR,ASW,CE,Combined TRACON& Tower with Radar,0,16,18,13,47,0,3,17,0,20,0,19,35,13,67,34,0,34,101
09/21/2009,FSM,AR,ASW,CE,Combined TRACON& Tower with Radar,0,19,31,19,69,0,1,18,4,23,0,20,49,23,92,0,22,22,114
09/22/2009,FSM,AR,ASW,CE,Combined TRACON& Tower with Radar,0,16,35,39,90,0,3,4,6,13,0,19,39,45,103,6,0,6,109
09/23/2009,FSM,AR,ASW,CE,Combined TRACON& Tower with Radar,0,24,30,75,129,0,3,30,12,45,0,27,60,87,174,6,84,90,264
09/24/2009,FSM,AR,ASW,CE,Combined TRACON& Tower with Radar,0,19,31,26,76,0,4,38,3,45,0,23,69,29,121,14,40,54,175
09/25/2009,FSM,AR,ASW,CE,Combined TRACON& Tower with Radar,0,20,26,26,72,0,1,38,2,41,0,21,64,28,113,22,30,52,165
09/26/2009,FSM,AR,ASW,CE,Combined TRACON& Tower with Radar,0,14,11,7,32,0,2,30,3,35,0,16,41,10,67,4,0,4,71
09/27/2009,FSM,AR,ASW,CE,Combined TRACON& Tower with Radar,0,16,16,13,45,0,3,28,1,32,0,19,44,14,77,18,2,20,97
09/28/2009,FSM,AR,ASW,CE,Combined TRACON& Tower with Radar,0,18,7,20,45,0,2,17,3,22,0,20,24,23,67,34,0,34,101
09/29/2009,FSM,AR,ASW,CE,Combined TRACON& Tower with Radar,0,21,18,9,48,0,0,46,4,50,0,21,64,13,98,26,0,26,124
09/30/2009,FSM,AR,ASW,CE,Combined TRACON& Tower with Radar,0,19,14,17,50,0,4,33,4,41,0,23,47,21,91,18,10,28,119
10/01/2009,FSM,AR,ASW,CE,Combined TRACON& Tower with Radar,3,19,18,8,48,0,1,6,2,9,3,20,24,10,57,6,0,6,63
10/02/2009,FSM,AR,ASW,CE,Combined TRACON& Tower with Radar,4,14,19,46,83,0,0,36,6,42,4,14,55,52,125,20,68,88,213
10/03/2009,FSM,AR,ASW,CE,Combined TRACON& Tower with Radar,4,10,19,4,37,0,1,49,3,53,4,11,68,7,90,68,0,68,158
10/04/2009,FSM,AR,ASW,CE,Combined TRACON& Tower with Radar,4,11,16,2,33,0,0,0,0,0,4,11,16,2,33,14,0,14,47
10/05/2009,FSM,AR,ASW,CE,Combined TRACON& Tower with Radar,4,14,17,35,70,0,0,2,8,10,4,14,19,43,80,10,36,46,126
10/06/2009,FSM,AR,ASW,CE,Combined TRACON& Tower with Radar,1,11,21,10,43,0,0,1,0,1,1,11,22,10,44,0,0,0,44
10/07/2009,FSM,AR,ASW,CE,Combined TRACON& Tower with Radar,2,18,29,26,75,0,1,16,2,19,2,19,45,28,94,14,42,56,150
10/08/2009,FSM,AR,ASW,CE,Combined TRACON& Tower with Radar,7,20,16,11,54,0,0,2,1,3,7,20,18,12,57,0,0,0,57
10/09/2009,FSM,AR,ASW,CE,Combined TRACON& Tower with Radar,5,16,23,9,53,0,0,1,3,4,5,16,24,12,57,0,0,0,57
10/10/2009,FSM,AR,ASW,CE,Combined TRACON& Tower with Radar,5,11,8,17,41,0,0,7,1,8,5,11,15,18,49,0,0,0,49
10/11/2009,FSM,AR,ASW,CE,Combined TRACON& Tower with Radar,5,12,23,3,43,0,0,3,0,3,5,12,26,3,46,0,0,0,46
10/12/2009,FSM,AR,ASW,CE,Combined TRACON& Tower with Radar,3,16,33,3,55,0,0,0,0,0,3,16,33,3,55,0,0,0,55
10/13/2009,FSM,AR,ASW,CE,Combined TRACON& Tower with Radar,3,12,27,1,43,0,0,1,0,1,3,12,28,1,44,0,0,0,44
10/14/2009,FSM,AR,ASW,CE,Combined TRACON& Tower with Radar,1,17,31,38,87,0,0,0,0,0,1,17,31,38,87,0,14,14,101
10/15/2009,FSM,AR,ASW,CE,Combined TRACON& Tower with Radar,3,18,36,30,87,0,0,6,3,9,3,18,42,33,96,12,50,62,158
10/16/2009,FSM,AR,ASW,CE,Combined TRACON& Tower with Radar,3,18,28,36,85,0,1,25,3,29,3,19,53,39,114,16,28,44,158
10/17/2009,FSM,AR,ASW,CE,Combined TRACON& Tower with Radar,1,10,20,0,31,0,0,24,0,24,1,10,44,0,55,0,0,0,55
10/18/2009,FSM,AR,ASW,CE,Combined TRACON& Tower with Radar,4,10,21,2,37,0,2,47,0,49,4,12,68,2,86,22,6,28,114
10/19/2009,FSM,AR,ASW,CE,Combined TRACON& Tower with Radar,1,7,10,8,26,0,0,15,0,15,1,7,25,8,41,2,4,6,47
10/20/2009,FSM,AR,ASW,CE,Combined TRACON& Tower with Radar,5,16,31,14,66,0,3,44,6,53,5,19,75,20,119,4,26,30,149
10/21/2009,FSM,AR,ASW,CE,Combined TRACON& Tower with Radar,3,16,18,22,59,0,1,12,1,14,3,17,30,23,73,38,22,60,133
10/22/2009,FSM,AR,ASW,CE,Combined TRACON& Tower with Radar,6,19,18,17,60,0,0,0,2,2,6,19,18,19,62,0,0,0,62
10/23/2009,FSM,AR,ASW,CE,Combined TRACON& Tower with Radar,4,17,27,40,88,0,0,3,4,7,4,17,30,44,95,0,34,34,129
10/24/2009,FSM,AR,ASW,CE,Combined TRACON& Tower with Radar,3,20,14,16,53,0,0,43,4,47,3,20,57,20,100,38,8,46,146
10/25/2009,FSM,AR,ASW,CE,Combined TRACON& Tower with Radar,3,11,20,31,65,0,3,14,0,17,3,14,34,31,82,16,0,16,98
10/26/2009,FSM,AR,ASW,CE,Combined TRACON& Tower with Radar,1,21,22,7,51,0,0,0,0,0,1,21,22,7,51,0,0,0,51
10/27/2009,FSM,AR,ASW,CE,Combined TRACON& Tower with Radar,5,13,24,9,51,0,0,2,0,2,5,13,26,9,53,0,10,10,63
10/28/2009,FSM,AR,ASW,CE,Combined TRACON& Tower with Radar,5,21,25,30,81,0,2,20,1,23,5,23,45,31,104,22,0,22,126
10/29/2009,FSM,AR,ASW,CE,Combined TRACON& Tower with Radar,3,20,10,1,34,0,0,0,0,0,3,20,10,1,34,0,0,0,34
10/30/2009,FSM,AR,ASW,CE,Combined TRACON& Tower with Radar,3,25,18,44,90,0,1,12,12,25,3,26,30,56,115,0,84,84,199
10/31/2009,FSM,AR,ASW,CE,Combined TRACON& Tower with Radar,5,10,12,2,29,0,0,30,1,31,5,10,42,3,60,14,0,14,74
11/01/2009,FSM,AR,ASW,CE,Combined TRACON& Tower with Radar,4,13,15,30,62,0,0,36,0,36,4,13,51,30,98,14,14,28,126
11/02/2009,FSM,AR,ASW,CE,Combined TRACON& Tower with Radar,5,24,13,28,70,0,0,48,8,56,5,24,61,36,126,32,62,94,220
11/03/2009,FSM,AR,ASW,CE,Combined TRACON& Tower with Radar,6,17,17,42,82,0,1,30,11,42,6,18,47,53,124,26,8,34,158
11/04/2009,FSM,AR,ASW,CE,Combined TRACON& Tower with Radar,5,14,26,24,69,0,3,35,7,45,5,17,61,31,114,21,22,43,157
11/05/2009,FSM,AR,ASW,CE,Combined TRACON& Tower with Radar,9,18,23,28,78,0,4,44,6,54,9,22,67,34,132,114,38,152,284
11/06/2009,FSM,AR,ASW,CE,Combined TRACON& Tower with Radar,4,14,29,32,79,0,0,32,5,37,4,14,61,37,116,26,100,126,242
11/07/2009,FSM,AR,ASW,CE,Combined TRACON& Tower with Radar,4,12,4,12,32,0,2,32,4,38,4,14,36,16,70,18,0,18,88
11/08/2009,FSM,AR,ASW,CE,Combined TRACON& Tower with Radar,6,12,14,24,56,0,1,30,7,38,6,13,44,31,94,46,10,56,150
11/09/2009,FSM,AR,ASW,CE,Combined TRACON& Tower with Radar,5,18,21,92,136,0,1,20,8,29,5,19,41,100,165,62,110,172,337
11/10/2009,FSM,AR,ASW,CE,Combined TRACON& Tower with Radar,2,18,23,70,113,0,2,25,9,36,2,20,48,79,149,34,140,174,323
11/11/2009,FSM,AR,ASW,CE,Combined TRACON& Tower with Radar,4,15,18,4,41,0,0,14,0,14,4,15,32,4,55,44,8,52,107
11/12/2009,FSM,AR,ASW,CE,Combined TRACON& Tower with Radar,4,14,20,38,76,0,2,22,6,30,4,16,42,44,106,34,96,130,236
11/13/2009,FSM,AR,ASW,CE,Combined TRACON& Tower with Radar,4,15,29,50,98,0,2,28,16,46,4,17,57,66,144,8,110,118,262
11/14/2009,FSM,AR,ASW,CE,Combined TRACON& Tower with Radar,3,13,18,9,43,0,0,33,1,34,3,13,51,10,77,28,16,44,121
11/15/2009,FSM,AR,ASW,CE,Combined TRACON& Tower with Radar,0,15,16,0,31,0,0,1,0,1,0,15,17,0,32,0,0,0,32
11/16/2009,FSM,AR,ASW,CE,Combined TRACON& Tower with Radar,4,18,38,43,103,0,0,0,4,4,4,18,38,47,107,0,32,32,139
11/17/2009,FSM,AR,ASW,CE,Combined TRACON& Tower with Radar,4,15,19,21,59,0,0,0,4,4,4,15,19,25,63,0,6,6,69
11/18/2009,FSM,AR,ASW,CE,Combined TRACON& Tower with Radar,4,15,22,7,48,0,3,27,7,37,4,18,49,14,85,34,4,38,123
11/19/2009,FSM,AR,ASW,CE,Combined TRACON& Tower with Radar,3,14,35,22,74,0,0,38,9,47,3,14,73,31,121,48,8,56,177
11/20/2009,FSM,AR,ASW,CE,Combined TRACON& Tower with Radar,4,14,17,19,54,0,1,7,4,12,4,15,24,23,66,24,8,32,98
11/21/2009,FSM,AR,ASW,CE,Combined TRACON& Tower with Radar,4,12,11,43,70,0,0,26,4,30,4,12,37,47,100,26,20,46,146
11/22/2009,FSM,AR,ASW,CE,Combined TRACON& Tower with Radar,4,12,16,17,49,0,0,34,2,36,4,12,50,19,85,0,52,52,137
11/23/2009,FSM,AR,ASW,CE,Combined TRACON& Tower with Radar,6,18,12,31,67,0,0,10,11,21,6,18,22,42,88,38,84,122,210
11/24/2009,FSM,AR,ASW,CE,Combined TRACON& Tower with Radar,3,17,30,38,88,0,1,17,6,24,3,18,47,44,112,20,52,72,184
11/25/2009,FSM,AR,ASW,CE,Combined TRACON& Tower with Radar,1,17,19,19,56,0,0,40,3,43,1,17,59,22,99,14,14,28,127
11/26/2009,FSM,AR,ASW,CE,Combined TRACON& Tower with Radar,4,8,6,0,18,0,1,15,0,16,4,9,21,0,34,0,0,0,34
11/27/2009,FSM,AR,ASW,CE,Combined TRACON& Tower with Radar,4,16,8,0,28,0,1,35,0,36,4,17,43,0,64,54,0,54,118
11/28/2009,FSM,AR,ASW,CE,Combined TRACON& Tower with Radar,4,13,10,5,32,0,0,20,0,20,4,13,30,5,52,20,8,28,80
11/29/2009,FSM,AR,ASW,CE,Combined TRACON& Tower with Radar,3,13,21,6,43,0,2,1,1,4,3,15,22,7,47,0,0,0,47
11/30/2009,FSM,AR,ASW,CE,Combined TRACON& Tower with Radar,3,15,18,32,68,0,0,16,5,21,3,15,34,37,89,0,58,58,147
12/01/2009,FSM,AR,ASW,CE,Combined TRACON& Tower with Radar,3,17,26,33,79,0,3,22,8,33,3,20,48,41,112,16,30,46,158
12/02/2009,FSM,AR,ASW,CE,Combined TRACON& Tower with Radar,1,15,14,64,94,0,0,0,4,4,1,15,14,68,98,0,86,86,184
12/03/2009,FSM,AR,ASW,CE,Combined TRACON& Tower with Radar,6,17,31,66,120,0,1,30,10,41,6,18,61,76,161,20,44,64,225
12/04/2009,FSM,AR,ASW,CE,Combined TRACON& Tower with Radar,4,15,26,37,82,0,3,30,2,35,4,18,56,39,117,32,16,48,165
12/05/2009,FSM,AR,ASW,CE,Combined TRACON& Tower with Radar,4,12,3,23,42,0,4,21,4,29,4,16,24,27,71,4,10,14,85
12/06/2009,FSM,AR,ASW,CE,Combined TRACON& Tower with Radar,4,14,17,21,56,0,0,8,8,16,4,14,25,29,72,8,14,22,94
12/07/2009,FSM,AR,ASW,CE,Combined TRACON& Tower with Radar,4,17,16,67,104,0,0,1,4,5,4,17,17,71,109,0,34,34,143
12/08/2009,FSM,AR,ASW,CE,Combined TRACON& Tower with Radar,6,16,13,4,39,0,0,0,0,0,6,16,13,4,39,0,0,0,39
12/09/2009,FSM,AR,ASW,CE,Combined TRACON& Tower with Radar,4,23,13,52,92,0,0,14,13,27,4,23,27,65,119,2,66,68,187
12/10/2009,FSM,AR,ASW,CE,Combined TRACON& Tower with Radar,3,18,27,45,93,0,1,28,13,42,3,19,55,58,135,12,60,72,207
12/11/2009,FSM,AR,ASW,CE,Combined TRACON& Tower with Radar,3,17,28,65,113,0,0,20,8,28,3,17,48,73,141,6,56,62,203
12/12/2009,FSM,AR,ASW,CE,Combined TRACON& Tower with Radar,4,16,17,0,37,0,0,4,0,4,4,16,21,0,41,0,0,0,41
12/13/2009,FSM,AR,ASW,CE,Combined TRACON& Tower with Radar,4,19,17,6,46,0,0,5,0,5,4,19,22,6,51,6,0,6,57
12/14/2009,FSM,AR,ASW,CE,Combined TRACON& Tower with Radar,4,14,22,45,85,0,2,16,5,23,4,16,38,50,108,0,48,48,156
12/15/2009,FSM,AR,ASW,CE,Combined TRACON& Tower with Radar,4,18,15,47,84,0,2,29,11,42,4,20,44,58,126,14,64,78,204
12/16/2009,FSM,AR,ASW,CE,Combined TRACON& Tower with Radar,4,18,24,59,105,0,1,28,14,43,4,19,52,73,148,46,42,88,236
12/17/2009,FSM,AR,ASW,CE,Combined TRACON& Tower with Radar,4,14,26,37,81,0,0,30,10,40,4,14,56,47,121,48,48,96,217
12/18/2009,FSM,AR,ASW,CE,Combined TRACON& Tower with Radar,2,14,21,23,60,0,0,21,6,27,2,14,42,29,87,12,30,42,129
12/19/2009,FSM,AR,ASW,CE,Combined TRACON& Tower with Radar,3,12,9,10,34,0,2,10,1,13,3,14,19,11,47,4,6,10,57
12/20/2009,FSM,AR,ASW,CE,Combined TRACON& Tower with Radar,4,10,11,20,45,0,0,55,0,55,4,10,66,20,100,20,0,20,120
12/21/2009,FSM,AR,ASW,CE,Combined TRACON& Tower with Radar,3,17,28,36,84,0,0,42,3,45,3,17,70,39,129,0,16,16,145
12/22/2009,FSM,AR,ASW,CE,Combined TRACON& Tower with Radar,2,14,24,29,69,0,1,4,6,11,2,15,28,35,80,0,22,22,102
12/23/2009,FSM,AR,ASW,CE,Combined TRACON& Tower with Radar,3,12,9,5,29,0,0,1,2,3,3,12,10,7,32,10,0,10,42
12/24/2009,FSM,AR,ASW,CE,Combined TRACON& Tower with Radar,3,5,4,0,12,0,0,0,0,0,3,5,4,0,12,0,0,0,12
12/25/2009,FSM,AR,ASW,CE,Combined TRACON& Tower with Radar,3,9,2,0,14,0,4,2,0,6,3,13,4,0,20,0,0,0,20
12/26/2009,FSM,AR,ASW,CE,Combined TRACON& Tower with Radar,4,14,10,0,28,0,1,15,0,16,4,15,25,0,44,16,0,16,60
12/27/2009,FSM,AR,ASW,CE,Combined TRACON& Tower with Radar,4,10,7,0,21,0,1,7,0,8,4,11,14,0,29,20,0,20,49
12/28/2009,FSM,AR,ASW,CE,Combined TRACON& Tower with Radar,3,8,9,0,20,0,0,15,0,15,3,8,24,0,35,8,0,8,43
12/29/2009,FSM,AR,ASW,CE,Combined TRACON& Tower with Radar,2,11,18,23,54,0,1,11,1,13,2,12,29,24,67,16,32,48,115
12/30/2009,FSM,AR,ASW,CE,Combined TRACON& Tower with Radar,3,11,9,0,23,0,0,0,0,0,3,11,9,0,23,0,0,0,23
12/31/2009,FSM,AR,ASW,CE,Combined TRACON& Tower with Radar,4,9,4,0,17,0,0,6,0,6,4,9,10,0,23,0,0,0,23
01/01/2010,FSM,AR,ASW,CE,Combined TRACON& Tower with Radar,4,9,12,0,25,0,0,26,0,26,4,9,38,0,51,42,0,42,93
01/02/2010,FSM,AR,ASW,CE,Combined TRACON& Tower with Radar,4,12,10,0,26,0,0,14,0,14,4,12,24,0,40,16,0,16,56
01/03/2010,FSM,AR,ASW,CE,Combined TRACON& Tower with Radar,3,10,13,0,26,0,0,5,0,5,3,10,18,0,31,0,0,0,31
01/04/2010,FSM,AR,ASW,CE,Combined TRACON& Tower with Radar,5,13,19,3,40,0,0,9,3,12,5,13,28,6,52,6,0,6,58
01/05/2010,FSM,AR,ASW,CE,Combined TRACON& Tower with Radar,4,16,21,13,54,0,1,13,9,23,4,17,34,22,77,0,12,12,89
01/06/2010,FSM,AR,ASW,CE,Combined TRACON& Tower with Radar,4,14,22,20,60,0,0,6,7,13,4,14,28,27,73,12,32,44,117
01/07/2010,FSM,AR,ASW,CE,Combined TRACON& Tower with Radar,3,14,5,12,34,0,0,6,4,10,3,14,11,16,44,0,0,0,44
01/08/2010,FSM,AR,ASW,CE,Combined TRACON& Tower with Radar,4,15,17,34,70,0,0,9,6,15,4,15,26,40,85,0,0,0,85
01/09/2010,FSM,AR,ASW,CE,Combined TRACON& Tower with Radar,4,11,5,22,42,0,0,22,10,32,4,11,27,32,74,0,10,10,84
01/10/2010,FSM,AR,ASW,CE,Combined TRACON& Tower with Radar,2,8,3,28,41,0,1,13,5,19,2,9,16,33,60,22,4,26,86
01/11/2010,FSM,AR,ASW,CE,Combined TRACON& Tower with Radar,4,17,15,59,95,0,0,22,15,37,4,17,37,74,132,10,62,72,204
01/12/2010,FSM,AR,ASW,CE,Combined TRACON& Tower with Radar,4,14,19,36,73,0,0,15,10,25,4,14,34,46,98,6,42,48,146
01/13/2010,FSM,AR,ASW,CE,Combined TRACON& Tower with Radar,4,16,26,40,86,0,4,21,11,36,4,20,47,51,122,16,40,56,178
01/14/2010,FSM,AR,ASW,CE,Combined TRACON& Tower with Radar,4,14,30,39,87,0,0,2,5,7,4,14,32,44,94,0,44,44,138
01/15/2010,FSM,AR,ASW,CE,Combined TRACON& Tower with Radar,4,20,21,24,69,0,0,13,2,15,4,20,34,26,84,16,0,16,100
01/16/2010,FSM,AR,ASW,CE,Combined TRACON& Tower with Radar,4,10,15,0,29,0,0,8,0,8,4,10,23,0,37,12,0,12,49
01/17/2010,FSM,AR,ASW,CE,Combined TRACON& Tower with Radar,3,13,21,2,39,0,1,18,0,19,3,14,39,2,58,22,0,22,80
01/18/2010,FSM,AR,ASW,CE,Combined TRACON& Tower with Radar,5,21,20,8,54,0,0,18,0,18,5,21,38,8,72,10,0,10,82
01/19/2010,FSM,AR,ASW,CE,Combined TRACON& Tower with Radar,4,17,30,12,63,0,2,12,4,18,4,19,42,16,81,14,8,22,103
01/20/2010,FSM,AR,ASW,CE,Combined TRACON& Tower with Radar,5,15,21,57,98,0,0,9,10,19,5,15,30,67,117,0,76,76,193
01/21/2010,FSM,AR,ASW,CE,Combined TRACON& Tower with Radar,5,16,19,48,88,0,0,1,5,6,5,16,20,53,94,0,10,10,104
01/22/2010,FSM,AR,ASW,CE,Combined TRACON& Tower with Radar,4,18,42,21,85,0,0,27,11,38,4,18,69,32,123,22,8,30,153
01/23/2010,FSM,AR,ASW,CE,Combined TRACON& Tower with Radar,3,12,9,2,26,0,0,0,0,0,3,12,9,2,26,0,0,0,26
01/24/2010,FSM,AR,ASW,CE,Combined TRACON& Tower with Radar,5,11,15,9,40,0,0,13,0,13,5,11,28,9,53,6,0,6,59
01/25/2010,FSM,AR,ASW,CE,Combined TRACON& Tower with Radar,4,14,29,32,79,0,1,12,7,20,4,15,41,39,99,2,14,16,115
01/26/2010,FSM,AR,ASW,CE,Combined TRACON& Tower with Radar,4,16,30,45,95,0,0,31,9,40,4,16,61,54,135,6,68,74,209
01/27/2010,FSM,AR,ASW,CE,Combined TRACON& Tower with Radar,4,19,50,21,94,0,0,13,4,17,4,19,63,25,111,6,2,8,119
01/28/2010,FSM,AR,ASW,CE,Combined TRACON& Tower with Radar,5,15,14,10,44,0,0,0,4,4,5,15,14,14,48,0,8,8,56
01/29/2010,FSM,AR,ASW,CE,Combined TRACON& Tower with Radar,2,7,1,1,11,0,0,0,0,0,2,7,1,1,11,0,0,0,11
01/30/2010,FSM,AR,ASW,CE,Combined TRACON& Tower with Radar,3,9,8,1,21,0,0,2,0,2,3,9,10,1,23,0,0,0,23
01/31/2010,FSM,AR,ASW,CE,Combined TRACON& Tower with Radar,4,9,16,6,35,0,0,0,0,0,4,9,16,6,35,0,0,0,35
02/01/2010,FSM,AR,ASW,CE,Combined TRACON& Tower with Radar,4,16,13,26,59,0,0,13,2,15,4,16,26,28,74,0,38,38,112
02/02/2010,FSM,AR,ASW,CE,Combined TRACON& Tower with Radar,4,15,29,16,64,0,0,4,4,8,4,15,33,20,72,0,0,0,72
02/03/2010,FSM,AR,ASW,CE,Combined TRACON& Tower with Radar,6,13,23,24,66,0,0,9,2,11,6,13,32,26,77,38,0,38,115
02/04/2010,FSM,AR,ASW,CE,Combined TRACON& Tower with Radar,4,14,12,9,39,0,0,1,0,1,4,14,13,9,40,0,0,0,40
02/05/2010,FSM,AR,ASW,CE,Combined TRACON& Tower with Radar,4,14,12,5,35,0,0,6,0,6,4,14,18,5,41,0,0,0,41
02/06/2010,FSM,AR,ASW,CE,Combined TRACON& Tower with Radar,4,10,12,17,43,0,0,11,10,21,4,10,23,27,64,10,0,10,74
02/07/2010,FSM,AR,ASW,CE,Combined TRACON& Tower with Radar,4,15,18,12,49,0,0,8,6,14,4,15,26,18,63,34,20,54,117
02/08/2010,FSM,AR,ASW,CE,Combined TRACON& Tower with Radar,4,10,3,1,18,0,0,0,0,0,4,10,3,1,18,0,0,0,18
02/09/2010,FSM,AR,ASW,CE,Combined TRACON& Tower with Radar,4,17,13,58,92,0,0,9,15,24,4,17,22,73,116,0,18,18,134
02/10/2010,FSM,AR,ASW,CE,Combined TRACON& Tower with Radar,4,17,20,37,78,0,1,24,15,40,4,18,44,52,118,6,60,66,184
02/11/2010,FSM,AR,ASW,CE,Combined TRACON& Tower with Radar,0,11,16,13,40,0,0,1,3,4,0,11,17,16,44,4,0,4,48
02/12/2010,FSM,AR,ASW,CE,Combined TRACON& Tower with Radar,2,15,25,19,61,0,1,7,0,8,2,16,32,19,69,8,28,36,105
02/13/2010,FSM,AR,ASW,CE,Combined TRACON& Tower with Radar,2,13,16,4,35,0,0,24,0,24,2,13,40,4,59,42,0,42,101
02/14/2010,FSM,AR,ASW,CE,Combined TRACON& Tower with Radar,2,10,12,4,28,0,0,6,0,6,2,10,18,4,34,0,0,0,34
02/15/2010,FSM,AR,ASW,CE,Combined TRACON& Tower with Radar,6,15,11,0,32,0,0,6,0,6,6,15,17,0,38,4,0,4,42
02/16/2010,FSM,AR,ASW,CE,Combined TRACON& Tower with Radar,4,15,20,51,90,0,6,7,16,29,4,21,27,67,119,0,58,58,177
02/17/2010,FSM,AR,ASW,CE,Combined TRACON& Tower with Radar,4,16,22,47,89,0,0,26,11,37,4,16,48,58,126,14,68,82,208
02/18/2010,FSM,AR,ASW,CE,Combined TRACON& Tower with Radar,4,20,19,40,83,0,4,52,6,62,4,24,71,46,145,64,32,96,241
02/19/2010,FSM,AR,ASW,CE,Combined TRACON& Tower with Radar,4,16,19,50,89,0,0,15,14,29,4,16,34,64,118,18,86,104,222
02/20/2010,FSM,AR,ASW,CE,Combined TRACON& Tower with Radar,4,12,17,2,35,0,1,10,0,11,4,13,27,2,46,6,0,6,52
02/21/2010,FSM,AR,ASW,CE,Combined TRACON& Tower with Radar,4,10,16,4,34,0,0,0,0,0,4,10,16,4,34,44,0,44,78
02/22/2010,FSM,AR,ASW,CE,Combined TRACON& Tower with Radar,5,19,21,24,69,0,2,8,7,17,5,21,29,31,86,52,28,80,166
02/23/2010,FSM,AR,ASW,CE,Combined TRACON& Tower with Radar,0,10,17,50,77,0,0,20,6,26,0,10,37,56,103,34,36,70,173
02/24/2010,FSM,AR,ASW,CE,Combined TRACON& Tower with Radar,2,18,32,60,112,0,2,46,11,59,2,20,78,71,171,14,64,78,249
02/25/2010,FSM,AR,ASW,CE,Combined TRACON& Tower with Radar,4,14,25,22,65,0,1,25,8,34,4,15,50,30,99,56,2,58,157
02/26/2010,FSM,AR,ASW,CE,Combined TRACON& Tower with Radar,3,14,18,10,45,0,2,4,0,6,3,16,22,10,51,0,0,0,51
02/27/2010,FSM,AR,ASW,CE,Combined TRACON& Tower with Radar,4,10,21,5,40,0,1,40,3,44,4,11,61,8,84,70,0,70,154
02/28/2010,FSM,AR,ASW,CE,Combined TRACON& Tower with Radar,3,12,23,7,45,0,0,27,1,28,3,12,50,8,73,18,0,18,91
03/01/2010,FSM,AR,ASW,CE,Combined TRACON& Tower with Radar,3,14,9,7,33,0,1,7,1,9,3,15,16,8,42,20,10,30,72
03/02/2010,FSM,AR,ASW,CE,Combined TRACON& Tower with Radar,5,13,25,46,89,0,1,17,0,18,5,14,42,46,107,32,28,60,167
03/03/2010,FSM,AR,ASW,CE,Combined TRACON& Tower with Radar,4,20,31,40,95,0,3,32,9,44,4,23,63,49,139,60,38,98,237
03/04/2010,FSM,AR,ASW,CE,Combined TRACON& Tower with Radar,3,16,26,18,63,0,3,31,4,38,3,19,57,22,101,22,12,34,135
03/05/2010,FSM,AR,ASW,CE,Combined TRACON& Tower with Radar,1,20,24,40,85,0,2,34,4,40,1,22,58,44,125,18,20,38,163
03/06/2010,FSM,AR,ASW,CE,Combined TRACON& Tower with Radar,4,10,18,10,42,0,2,26,11,39,4,12,44,21,81,28,12,40,121
03/07/2010,FSM,AR,ASW,CE,Combined TRACON& Tower with Radar,4,14,22,4,44,0,1,37,9,47,4,15,59,13,91,20,0,20,111
03/08/2010,FSM,AR,ASW,CE,Combined TRACON& Tower with Radar,4,15,31,28,78,0,0,0,7,7,4,15,31,35,85,0,40,40,125
03/09/2010,FSM,AR,ASW,CE,Combined TRACON& Tower with Radar,4,14,14,28,60,0,0,16,1,17,4,14,30,29,77,12,32,44,121
03/10/2010,FSM,AR,ASW,CE,Combined TRACON& Tower with Radar,2,17,43,30,92,0,0,14,3,17,2,17,57,33,109,20,48,68,177
03/11/2010,FSM,AR,ASW,CE,Combined TRACON& Tower with Radar,4,15,34,14,67,0,2,11,4,17,4,17,45,18,84,4,14,18,102
03/12/2010,FSM,AR,ASW,CE,Combined TRACON& Tower with Radar,3,17,23,35,78,0,2,8,4,14,3,19,31,39,92,0,48,48,140
03/13/2010,FSM,AR,ASW,CE,Combined TRACON& Tower with Radar,4,10,22,1,37,0,4,12,0,16,4,14,34,1,53,20,0,20,73
03/14/2010,FSM,AR,ASW,CE,Combined TRACON& Tower with Radar,4,12,38,20,74,0,1,22,0,23,4,13,60,20,97,16,2,18,115
03/15/2010,FSM,AR,ASW,CE,Combined TRACON& Tower with Radar,4,18,35,76,133,0,0,29,2,31,4,18,64,78,164,14,138,152,316
03/16/2010,FSM,AR,ASW,CE,Combined TRACON& Tower with Radar,4,18,42,53,117,0,1,24,6,31,4,19,66,59,148,40,64,104,252
03/17/2010,FSM,AR,ASW,CE,Combined TRACON& Tower with Radar,4,16,26,20,66,0,1,10,2,13,4,17,36,22,79,30,40,70,149
03/18/2010,FSM,AR,ASW,CE,Combined TRACON& Tower with Radar,4,16,38,32,90,0,1,43,2,46,4,17,81,34,136,16,22,38,174
03/19/2010,FSM,AR,ASW,CE,Combined TRACON& Tower with Radar,4,18,23,38,83,0,0,27,0,27,4,18,50,38,110,20,90,110,220
03/20/2010,FSM,AR,ASW,CE,Combined TRACON& Tower with Radar,4,10,3,2,19,0,0,0,0,0,4,10,3,2,19,0,0,0,19
03/21/2010,FSM,AR,ASW,CE,Combined TRACON& Tower with Radar,1,8,5,1,15,0,0,0,0,0,1,8,5,1,15,0,0,0,15
03/22/2010,FSM,AR,ASW,CE,Combined TRACON& Tower with Radar,4,16,11,39,70,0,3,27,7,37,4,19,38,46,107,32,14,46,153
03/23/2010,FSM,AR,ASW,CE,Combined TRACON& Tower with Radar,4,15,20,32,71,0,1,31,2,34,4,16,51,34,105,10,42,52,157
03/24/2010,FSM,AR,ASW,CE,Combined TRACON& Tower with Radar,3,23,26,5,57,0,1,18,0,19,3,24,44,5,76,16,6,22,98
03/25/2010,FSM,AR,ASW,CE,Combined TRACON& Tower with Radar,4,16,15,8,43,0,0,0,2,2,4,16,15,10,45,0,0,0,45
03/26/2010,FSM,AR,ASW,CE,Combined TRACON& Tower with Radar,4,16,20,11,51,0,1,35,3,39,4,17,55,14,90,28,0,28,118
03/27/2010,FSM,AR,ASW,CE,Combined TRACON& Tower with Radar,4,11,9,0,24,0,1,13,0,14,4,12,22,0,38,0,0,0,38
03/28/2010,FSM,AR,ASW,CE,Combined TRACON& Tower with Radar,3,13,14,4,34,0,0,6,0,6,3,13,20,4,40,11,0,11,51
03/29/2010,FSM,AR,ASW,CE,Combined TRACON& Tower with Radar,4,19,18,17,58,0,1,20,4,25,4,20,38,21,83,12,2,14,97
03/30/2010,FSM,AR,ASW,CE,Combined TRACON& Tower with Radar,4,15,29,22,70,0,1,19,0,20,4,16,48,22,90,0,6,6,96
03/31/2010,FSM,AR,ASW,CE,Combined TRACON& Tower with Radar,4,16,27,6,53,0,0,15,0,15,4,16,42,6,68,10,12,22,90
04/01/2010,FSM,AR,ASW,CE,Combined TRACON& Tower with Radar,4,15,26,30,75,0,7,53,4,64,4,22,79,34,139,10,22,32,171
04/02/2010,FSM,AR,ASW,CE,Combined TRACON& Tower with Radar,1,16,3,11,31,0,0,0,0,0,1,16,3,11,31,0,0,0,31
04/03/2010,FSM,AR,ASW,CE,Combined TRACON& Tower with Radar,3,8,31,1,43,0,1,25,0,26,3,9,56,1,69,6,0,6,75
04/04/2010,FSM,AR,ASW,CE,Combined TRACON& Tower with Radar,4,17,20,11,52,0,2,9,0,11,4,19,29,11,63,28,2,30,93
04/05/2010,FSM,AR,ASW,CE,Combined TRACON& Tower with Radar,4,14,49,31,98,0,0,5,0,5,4,14,54,31,103,4,38,42,145
04/06/2010,FSM,AR,ASW,CE,Combined TRACON& Tower with Radar,4,15,30,11,60,0,1,4,0,5,4,16,34,11,65,0,0,0,65
04/07/2010,FSM,AR,ASW,CE,Combined TRACON& Tower with Radar,4,15,23,10,52,0,0,9,5,14,4,15,32,15,66,0,26,26,92
04/08/2010,FSM,AR,ASW,CE,Combined TRACON& Tower with Radar,4,16,40,27,87,0,0,30,2,32,4,16,70,29,119,18,32,50,169
04/09/2010,FSM,AR,ASW,CE,Combined TRACON& Tower with Radar,4,16,36,8,64,0,0,37,2,39,4,16,73,10,103,38,12,50,153
04/10/2010,FSM,AR,ASW,CE,Combined TRACON& Tower with Radar,4,11,17,12,44,0,2,43,4,49,4,13,60,16,93,72,0,72,165
04/11/2010,FSM,AR,ASW,CE,Combined TRACON& Tower with Radar,4,11,24,9,48,0,1,45,0,46,4,12,69,9,94,28,0,28,122
04/12/2010,FSM,AR,ASW,CE,Combined TRACON& Tower with Radar,4,16,24,33,77,0,0,29,17,46,4,16,53,50,123,20,0,20,143
04/13/2010,FSM,AR,ASW,CE,Combined TRACON& Tower with Radar,4,16,26,43,89,0,0,38,4,42,4,16,64,47,131,10,34,44,175
04/14/2010,FSM,AR,ASW,CE,Combined TRACON& Tower with Radar,3,19,29,27,78,0,3,31,3,37,3,22,60,30,115,38,40,78,193
04/15/2010,FSM,AR,ASW,CE,Combined TRACON& Tower with Radar,4,16,28,43,91,0,1,24,1,26,4,17,52,44,117,6,8,14,131
04/16/2010,FSM,AR,ASW,CE,Combined TRACON& Tower with Radar,4,14,20,20,58,0,1,16,1,18,4,15,36,21,76,20,0,20,96
04/17/2010,FSM,AR,ASW,CE,Combined TRACON& Tower with Radar,4,13,9,1,27,0,1,11,1,13,4,14,20,2,40,0,0,0,40
04/18/2010,FSM,AR,ASW,CE,Combined TRACON& Tower with Radar,2,14,14,14,44,0,0,14,1,15,2,14,28,15,59,20,8,28,87
04/19/2010,FSM,AR,ASW,CE,Combined TRACON& Tower with Radar,4,18,27,20,69,0,1,17,5,23,4,19,44,25,92,0,28,28,120
04/20/2010,FSM,AR,ASW,CE,Combined TRACON& Tower with Radar,4,16,17,17,54,0,0,40,0,40,4,16,57,17,94,72,12,84,178
04/21/2010,FSM,AR,ASW,CE,Combined TRACON& Tower with Radar,4,17,38,16,75,0,0,10,0,10,4,17,48,16,85,56,18,74,159
04/22/2010,FSM,AR,ASW,CE,Combined TRACON& Tower with Radar,4,19,32,56,111,0,0,28,4,32,4,19,60,60,143,24,47,71,214
04/23/2010,FSM,AR,ASW,CE,Combined TRACON& Tower with Radar,4,14,8,5,31,0,0,2,0,2,4,14,10,5,33,0,0,0,33
04/24/2010,FSM,AR,ASW,CE,Combined TRACON& Tower with Radar,4,17,9,0,30,0,0,13,0,13,4,17,22,0,43,4,0,4,47
04/25/2010,FSM,AR,ASW,CE,Combined TRACON& Tower with Radar,4,12,25,5,46,0,1,18,0,19,4,13,43,5,65,2,0,2,67
04/26/2010,FSM,AR,ASW,CE,Combined TRACON& Tower with Radar,4,18,11,17,50,0,0,11,2,13,4,18,22,19,63,12,4,16,79
04/27/2010,FSM,AR,ASW,CE,Combined TRACON& Tower with Radar,2,20,26,17,65,0,0,33,4,37,2,20,59,21,102,12,16,28,130
04/28/2010,FSM,AR,ASW,CE,Combined TRACON& Tower with Radar,4,18,19,26,67,0,0,50,0,50,4,18,69,26,117,88,22,110,227
04/29/2010,FSM,AR,ASW,CE,Combined TRACON& Tower with Radar,4,18,32,28,82,0,4,11,5,20,4,22,43,33,102,4,4,8,110
04/30/2010,FSM,AR,ASW,CE,Combined TRACON& Tower with Radar,4,16,25,11,56,0,0,6,0,6,4,16,31,11,62,0,0,0,62
05/01/2010,FSM,AR,ASW,CE,Combined TRACON& Tower with Radar,4,12,10,1,27,0,0,7,0,7,4,12,17,1,34,36,0,36,70
05/02/2010,FSM,AR,ASW,CE,Combined TRACON& Tower with Radar,2,12,13,31,58,0,1,16,1,18,2,13,29,32,76,24,2,26,102
05/03/2010,FSM,AR,ASW,CE,Combined TRACON& Tower with Radar,4,20,36,29,89,0,2,34,0,36,4,22,70,29,125,30,78,108,233
05/04/2010,FSM,AR,ASW,CE,Combined TRACON& Tower with Radar,4,14,36,38,92,0,0,29,0,29,4,14,65,38,121,52,72,124,245
05/05/2010,FSM,AR,ASW,CE,Combined TRACON& Tower with Radar,4,13,20,22,59,0,1,21,2,24,4,14,41,24,83,38,40,78,161
05/06/2010,FSM,AR,ASW,CE,Combined TRACON& Tower with Radar,4,19,36,41,100,0,0,32,2,34,4,19,68,43,134,44,74,118,252
05/07/2010,FSM,AR,ASW,CE,Combined TRACON& Tower with Radar,4,15,31,4,54,0,1,12,1,14,4,16,43,5,68,18,0,18,86
05/08/2010,FSM,AR,ASW,CE,Combined TRACON& Tower with Radar,4,12,17,16,49,0,0,31,3,34,4,12,48,19,83,46,18,64,147
05/09/2010,FSM,AR,ASW,CE,Combined TRACON& Tower with Radar,3,12,24,1,40,0,0,16,0,16,3,12,40,1,56,10,0,10,66
05/10/2010,FSM,AR,ASW,CE,Combined TRACON& Tower with Radar,3,14,22,3,42,0,0,1,0,1,3,14,23,3,43,0,0,0,43
05/11/2010,FSM,AR,ASW,CE,Combined TRACON& Tower with Radar,4,15,33,29,81,0,0,12,0,12,4,15,45,29,93,38,34,72,165
05/12/2010,FSM,AR,ASW,CE,Combined TRACON& Tower with Radar,4,20,32,23,79,0,0,18,3,21,4,20,50,26,100,64,46,110,210
05/13/2010,FSM,AR,ASW,CE,Combined TRACON& Tower with Radar,3,17,13,4,37,0,0,7,0,7,3,17,20,4,44,8,0,8,52
05/14/2010,FSM,AR,ASW,CE,Combined TRACON& Tower with Radar,2,15,53,4,74,0,1,2,0,3,2,16,55,4,77,0,0,0,77
05/15/2010,FSM,AR,ASW,CE,Combined TRACON& Tower with Radar,4,12,26,0,42,0,0,9,0,9,4,12,35,0,51,90,0,90,141
05/16/2010,FSM,AR,ASW,CE,Combined TRACON& Tower with Radar,4,12,15,5,36,0,0,5,0,5,4,12,20,5,41,22,0,22,63
05/17/2010,FSM,AR,ASW,CE,Combined TRACON& Tower with Radar,3,17,48,20,88,0,2,27,0,29,3,19,75,20,117,46,38,84,201
05/18/2010,FSM,AR,ASW,CE,Combined TRACON& Tower with Radar,6,19,38,10,73,0,0,44,3,47,6,19,82,13,120,138,26,164,284
05/19/2010,FSM,AR,ASW,CE,Combined TRACON& Tower with Radar,3,21,31,0,55,0,0,3,0,3,3,21,34,0,58,54,0,54,112
05/20/2010,FSM,AR,ASW,CE,Combined TRACON& Tower with Radar,3,16,24,1,44,0,0,11,0,11,3,16,35,1,55,20,0,20,75
05/21/2010,FSM,AR,ASW,CE,Combined TRACON& Tower with Radar,4,17,43,33,97,0,1,34,0,35,4,18,77,33,132,16,12,28,160
05/22/2010,FSM,AR,ASW,CE,Combined TRACON& Tower with Radar,3,13,26,1,43,0,1,58,2,61,3,14,84,3,104,16,0,16,120
05/23/2010,FSM,AR,ASW,CE,Combined TRACON& Tower with Radar,5,12,21,25,63,0,0,17,1,18,5,12,38,26,81,42,22,64,145
05/24/2010,FSM,AR,ASW,CE,Combined TRACON& Tower with Radar,5,18,37,72,132,0,0,24,1,25,5,18,61,73,157,2,24,26,183
05/25/2010,FSM,AR,ASW,CE,Combined TRACON& Tower with Radar,2,16,34,29,81,0,0,24,6,30,2,16,58,35,111,16,17,33,144
05/26/2010,FSM,AR,ASW,CE,Combined TRACON& Tower with Radar,4,18,28,35,85,0,1,25,8,34,4,19,53,43,119,56,64,120,239
05/27/2010,FSM,AR,ASW,CE,Combined TRACON& Tower with Radar,4,20,19,28,71,0,1,25,2,28,4,21,44,30,99,70,32,102,201
05/28/2010,FSM,AR,ASW,CE,Combined TRACON& Tower with Radar,4,19,42,26,91,0,0,24,2,26,4,19,66,28,117,36,10,46,163
05/29/2010,FSM,AR,ASW,CE,Combined TRACON& Tower with Radar,2,18,21,24,65,0,0,25,1,26,2,18,46,25,91,44,0,44,135
05/30/2010,FSM,AR,ASW,CE,Combined TRACON& Tower with Radar,4,14,7,10,35,0,1,20,1,22,4,15,27,11,57,37,4,41,98
05/31/2010,FSM,AR,ASW,CE,Combined TRACON& Tower with Radar,2,14,11,11,38,0,0,23,0,23,2,14,34,11,61,22,0,22,83
06/01/2010,FSM,AR,ASW,CE,Combined TRACON& Tower with Radar,4,16,30,33,83,0,0,38,0,38,4,16,68,33,121,46,30,76,197
06/02/2010,FSM,AR,ASW,CE,Combined TRACON& Tower with Radar,1,24,23,64,112,0,0,20,0,20,1,24,43,64,132,92,108,200,332
06/03/2010,FSM,AR,ASW,CE,Combined TRACON& Tower with Radar,6,16,21,4,47,0,2,17,4,23,6,18,38,8,70,112,0,112,182
06/04/2010,FSM,AR,ASW,CE,Combined TRACON& Tower with Radar,4,14,20,71,109,0,1,29,6,36,4,15,49,77,145,111,65,176,321
06/05/2010,FSM,AR,ASW,CE,Combined TRACON& Tower with Radar,4,13,11,11,39,0,2,37,13,52,4,15,48,24,91,84,4,88,179
06/06/2010,FSM,AR,ASW,CE,Combined TRACON& Tower with Radar,4,13,10,14,41,0,0,17,3,20,4,13,27,17,61,34,0,34,95
06/07/2010,FSM,AR,ASW,CE,Combined TRACON& Tower with Radar,3,19,22,4,48,0,0,9,1,10,3,19,31,5,58,68,0,68,126
06/08/2010,FSM,AR,ASW,CE,Combined TRACON& Tower with Radar,4,14,14,20,52,0,1,24,3,28,4,15,38,23,80,22,18,40,120
06/09/2010,FSM,AR,ASW,CE,Combined TRACON& Tower with Radar,4,17,26,17,64,0,2,17,0,19,4,19,43,17,83,59,24,83,166
06/10/2010,FSM,AR,ASW,CE,Combined TRACON& Tower with Radar,5,16,35,0,56,0,1,16,0,17,5,17,51,0,73,42,0,42,115
06/11/2010,FSM,AR,ASW,CE,Combined TRACON& Tower with Radar,4,14,29,10,57,0,0,16,0,16,4,14,45,10,73,26,32,58,131
06/12/2010,FSM,AR,ASW,CE,Combined TRACON& Tower with Radar,4,12,16,0,32,0,2,22,1,25,4,14,38,1,57,12,1,13,70
06/13/2010,FSM,AR,ASW,CE,Combined TRACON& Tower with Radar,5,12,20,48,85,0,1,20,0,21,5,13,40,48,106,28,0,28,134
06/14/2010,FSM,AR,ASW,CE,Combined TRACON& Tower with Radar,4,16,26,2,48,0,0,12,0,12,4,16,38,2,60,20,0,20,80
06/15/2010,FSM,AR,ASW,CE,Combined TRACON& Tower with Radar,4,16,21,26,67,0,0,18,0,18,4,16,39,26,85,72,24,96,181
06/16/2010,FSM,AR,ASW,CE,Combined TRACON& Tower with Radar,4,17,11,4,36,0,0,26,2,28,4,17,37,6,64,18,0,18,82
06/17/2010,FSM,AR,ASW,CE,Combined TRACON& Tower with Radar,4,15,23,15,57,0,0,30,4,34,4,15,53,19,91,64,26,90,181
06/18/2010,FSM,AR,ASW,CE,Combined TRACON& Tower with Radar,4,16,23,6,49,0,2,26,4,32,4,18,49,10,81,26,10,36,117
06/19/2010,FSM,AR,ASW,CE,Combined TRACON& Tower with Radar,4,17,16,0,37,0,2,43,9,54,4,19,59,9,91,30,0,30,121
06/20/2010,FSM,AR,ASW,CE,Combined TRACON& Tower with Radar,4,12,15,2,33,0,2,29,0,31,4,14,44,2,64,0,0,0,64
06/21/2010,FSM,AR,ASW,CE,Combined TRACON& Tower with Radar,4,16,22,4,46,0,7,31,8,46,4,23,53,12,92,34,10,44,136
06/22/2010,FSM,AR,ASW,CE,Combined TRACON& Tower with Radar,4,18,23,44,89,0,1,46,9,56,4,19,69,53,145,28,10,38,183
06/23/2010,FSM,AR,ASW,CE,Combined TRACON& Tower with Radar,3,14,19,32,68,0,0,23,5,28,3,14,42,37,96,32,72,104,200
06/24/2010,FSM,AR,ASW,CE,Combined TRACON& Tower with Radar,3,19,23,6,51,0,0,13,1,14,3,19,36,7,65,2,12,14,79
06/25/2010,FSM,AR,ASW,CE,Combined TRACON& Tower with Radar,3,14,20,17,54,0,1,37,9,47,3,15,57,26,101,46,36,82,183
06/26/2010,FSM,AR,ASW,CE,Combined TRACON& Tower with Radar,5,10,7,0,22,0,0,19,0,19,5,10,26,0,41,24,0,24,65
06/27/2010,FSM,AR,ASW,CE,Combined TRACON& Tower with Radar,4,15,17,5,41,0,1,14,2,17,4,16,31,7,58,0,12,12,70
06/28/2010,FSM,AR,ASW,CE,Combined TRACON& Tower with Radar,4,15,18,14,51,0,0,6,4,10,4,15,24,18,61,12,18,30,91
06/29/2010,FSM,AR,ASW,CE,Combined TRACON& Tower with Radar,4,17,30,19,70,0,0,27,6,33,4,17,57,25,103,78,18,96,199
06/30/2010,FSM,AR,ASW,CE,Combined TRACON& Tower with Radar,3,20,20,32,75,0,3,35,7,45,3,23,55,39,120,46,66,112,232
07/01/2010,FSM,AR,ASW,CE,Combined TRACON& Tower with Radar,4,14,43,13,74,0,1,34,11,46,4,15,77,24,120,30,44,74,194
07/02/2010,FSM,AR,ASW,CE,Combined TRACON& Tower with Radar,4,16,19,2,41,0,0,34,0,34,4,16,53,2,75,64,0,64,139
07/03/2010,FSM,AR,ASW,CE,Combined TRACON& Tower with Radar,4,16,25,0,45,0,0,2,2,4,4,16,27,2,49,16,0,16,65
07/04/2010,FSM,AR,ASW,CE,Combined TRACON& Tower with Radar,4,9,5,0,18,0,1,14,1,16,4,10,19,1,34,20,0,20,54
07/05/2010,FSM,AR,ASW,CE,Combined TRACON& Tower with Radar,4,13,5,7,29,0,2,16,0,18,4,15,21,7,47,88,0,88,135
07/06/2010,FSM,AR,ASW,CE,Combined TRACON& Tower with Radar,4,16,23,24,67,0,1,19,6,26,4,17,42,30,93,34,8,42,135
07/07/2010,FSM,AR,ASW,CE,Combined TRACON& Tower with Radar,4,13,12,2,31,0,1,6,4,11,4,14,18,6,42,68,0,68,110
07/08/2010,FSM,AR,ASW,CE,Combined TRACON& Tower with Radar,4,16,27,2,49,0,0,6,1,7,4,16,33,3,56,42,4,46,102
07/09/2010,FSM,AR,ASW,CE,Combined TRACON& Tower with Radar,4,16,16,4,40,0,0,4,4,8,4,16,20,8,48,0,0,0,48
07/10/2010,FSM,AR,ASW,CE,Combined TRACON& Tower with Radar,12,14,32,5,63,0,1,23,2,26,12,15,55,7,89,76,0,76,165
07/11/2010,FSM,AR,ASW,CE,Combined TRACON& Tower with Radar,4,13,5,1,23,0,0,10,0,10,4,13,15,1,33,22,0,22,55
07/12/2010,FSM,AR,ASW,CE,Combined TRACON& Tower with Radar,4,17,15,3,39,0,0,13,6,19,4,17,28,9,58,12,16,28,86
07/13/2010,FSM,AR,ASW,CE,Combined TRACON& Tower with Radar,4,16,29,28,77,0,0,15,3,18,4,16,44,31,95,46,82,128,223
07/14/2010,FSM,AR,ASW,CE,Combined TRACON& Tower with Radar,4,15,18,12,49,0,0,21,5,26,4,15,39,17,75,36,18,54,129
07/15/2010,FSM,AR,ASW,CE,Combined TRACON& Tower with Radar,4,16,22,35,77,0,0,28,7,35,4,16,50,42,112,44,34,78,190
07/16/2010,FSM,AR,ASW,CE,Combined TRACON& Tower with Radar,4,17,6,26,53,0,0,24,4,28,4,17,30,30,81,2,3,5,86
07/17/2010,FSM,AR,ASW,CE,Combined TRACON& Tower with Radar,4,12,15,0,31,0,0,26,0,26,4,12,41,0,57,0,0,0,57
07/18/2010,FSM,AR,ASW,CE,Combined TRACON& Tower with Radar,4,12,13,4,33,0,1,15,1,17,4,13,28,5,50,10,0,10,60
07/19/2010,FSM,AR,ASW,CE,Combined TRACON& Tower with Radar,4,15,16,35,70,0,0,23,12,35,4,15,39,47,105,32,16,48,153
07/20/2010,FSM,AR,ASW,CE,Combined TRACON& Tower with Radar,4,18,18,42,82,0,2,24,11,37,4,20,42,53,119,64,12,76,195
07/21/2010,FSM,AR,ASW,CE,Combined TRACON& Tower with Radar,4,14,23,19,60,0,0,23,15,38,4,14,46,34,98,40,36,76,174
07/22/2010,FSM,AR,ASW,CE,Combined TRACON& Tower with Radar,4,15,28,24,71,0,1,24,13,38,4,16,52,37,109,40,8,48,157
07/23/2010,FSM,AR,ASW,CE,Combined TRACON& Tower with Radar,4,18,24,31,77,0,1,37,5,43,4,19,61,36,120,30,62,92,212
07/24/2010,FSM,AR,ASW,CE,Combined TRACON& Tower with Radar,11,13,13,9,46,0,0,17,2,19,11,13,30,11,65,48,0,48,113
07/25/2010,FSM,AR,ASW,CE,Combined TRACON& Tower with Radar,4,15,20,17,56,0,0,5,1,6,4,15,25,18,62,8,0,8,70
07/26/2010,FSM,AR,ASW,CE,Combined TRACON& Tower with Radar,4,14,18,25,61,0,0,17,6,23,4,14,35,31,84,4,54,58,142
07/27/2010,FSM,AR,ASW,CE,Combined TRACON& Tower with Radar,6,10,30,62,108,0,0,19,5,24,6,10,49,67,132,40,54,94,226
07/28/2010,FSM,AR,ASW,CE,Combined TRACON& Tower with Radar,6,13,23,23,65,0,1,31,3,35,6,14,54,26,100,20,44,64,164
07/29/2010,FSM,AR,ASW,CE,Combined TRACON& Tower with Radar,4,19,20,30,73,0,2,27,6,35,4,21,47,36,108,0,24,24,132
07/30/2010,FSM,AR,ASW,CE,Combined TRACON& Tower with Radar,4,15,13,16,48,0,0,37,3,40,4,15,50,19,88,4,0,4,92
07/31/2010,FSM,AR,ASW,CE,Combined TRACON& Tower with Radar,4,12,10,9,35,0,0,30,2,32,4,12,40,11,67,12,8,20,87
08/01/2010,FSM,AR,ASW,CE,Combined TRACON& Tower with Radar,6,10,10,12,38,0,0,19,0,19,6,10,29,12,57,0,4,4,61
08/02/2010,FSM,AR,ASW,CE,Combined TRACON& Tower with Radar,8,12,16,14,50,0,0,13,11,24,8,12,29,25,74,0,0,0,74
08/03/2010,FSM,AR,ASW,CE,Combined TRACON& Tower with Radar,6,13,13,15,47,0,1,21,11,33,6,14,34,26,80,36,2,38,118
08/04/2010,FSM,AR,ASW,CE,Combined TRACON& Tower with Radar,6,12,12,21,51,0,0,19,17,36,6,12,31,38,87,24,0,24,111
08/05/2010,FSM,AR,ASW,CE,Combined TRACON& Tower with Radar,6,15,26,16,63,0,1,23,13,37,6,16,49,29,100,34,4,38,138
08/06/2010,FSM,AR,ASW,CE,Combined TRACON& Tower with Radar,5,12,18,4,39,0,1,13,4,18,5,13,31,8,57,24,0,24,81
08/07/2010,FSM,AR,ASW,CE,Combined TRACON& Tower with Radar,6,8,19,7,40,0,0,18,2,20,6,8,37,9,60,74,1,75,135
08/08/2010,FSM,AR,ASW,CE,Combined TRACON& Tower with Radar,6,14,10,8,38,0,0,16,4,20,6,14,26,12,58,46,2,48,106
08/09/2010,FSM,AR,ASW,CE,Combined TRACON& Tower with Radar,6,14,20,9,49,0,0,17,7,24,6,14,37,16,73,76,24,100,173
08/10/2010,FSM,AR,ASW,CE,Combined TRACON& Tower with Radar,4,17,33,16,70,0,1,28,9,38,4,18,61,25,108,12,0,12,120
08/11/2010,FSM,AR,ASW,CE,Combined TRACON& Tower with Radar,4,19,20,16,59,0,2,26,6,34,4,21,46,22,93,4,0,4,97
08/12/2010,FSM,AR,ASW,CE,Combined TRACON& Tower with Radar,4,15,27,25,71,0,0,27,7,34,4,15,54,32,105,12,26,38,143
08/13/2010,FSM,AR,ASW,CE,Combined TRACON& Tower with Radar,4,17,24,34,79,0,2,18,9,29,4,19,42,43,108,20,24,44,152
08/14/2010,FSM,AR,ASW,CE,Combined TRACON& Tower with Radar,4,13,16,27,60,0,0,25,9,34,4,13,41,36,94,14,32,46,140
08/15/2010,FSM,AR,ASW,CE,Combined TRACON& Tower with Radar,4,10,17,5,36,0,0,7,6,13,4,10,24,11,49,0,4,4,53
08/16/2010,FSM,AR,ASW,CE,Combined TRACON& Tower with Radar,3,14,7,38,62,0,4,31,6,41,3,18,38,44,103,28,66,94,197
08/17/2010,FSM,AR,ASW,CE,Combined TRACON& Tower with Radar,4,18,30,17,69,0,1,31,3,35,4,19,61,20,104,56,14,70,174
08/18/2010,FSM,AR,ASW,CE,Combined TRACON& Tower with Radar,4,15,21,76,116,0,2,27,9,38,4,17,48,85,154,56,68,124,278
08/19/2010,FSM,AR,ASW,CE,Combined TRACON& Tower with Radar,4,12,24,31,71,0,2,18,3,23,4,14,42,34,94,24,42,66,160
08/20/2010,FSM,AR,ASW,CE,Combined TRACON& Tower with Radar,4,14,23,48,89,0,1,11,0,12,4,15,34,48,101,0,62,62,163
08/21/2010,FSM,AR,ASW,CE,Combined TRACON& Tower with Radar,4,10,10,9,33,0,0,17,0,17,4,10,27,9,50,10,4,14,64
08/22/2010,FSM,AR,ASW,CE,Combined TRACON& Tower with Radar,4,15,15,6,40,0,2,28,0,30,4,17,43,6,70,10,0,10,80
08/23/2010,FSM,AR,ASW,CE,Combined TRACON& Tower with Radar,4,18,31,8,61,0,0,20,2,22,4,18,51,10,83,44,0,44,127
08/24/2010,FSM,AR,ASW,CE,Combined TRACON& Tower with Radar,4,14,32,32,82,0,2,22,5,29,4,16,54,37,111,0,6,6,117
08/25/2010,FSM,AR,ASW,CE,Combined TRACON& Tower with Radar,6,12,14,21,53,0,0,17,17,34,6,12,31,38,87,16,0,16,103
08/26/2010,FSM,AR,ASW,CE,Combined TRACON& Tower with Radar,6,15,27,16,64,0,1,23,13,37,6,16,50,29,101,18,32,50,151
08/27/2010,FSM,AR,ASW,CE,Combined TRACON& Tower with Radar,5,12,19,4,40,0,1,12,4,17,5,13,31,8,57,24,84,108,165
08/28/2010,FSM,AR,ASW,CE,Combined TRACON& Tower with Radar,6,8,19,7,40,0,0,18,2,20,6,8,37,9,60,48,0,48,108
08/29/2010,FSM,AR,ASW,CE,Combined TRACON& Tower with Radar,6,14,10,8,38,0,0,16,4,20,6,14,26,12,58,10,2,12,70
08/30/2010,FSM,AR,ASW,CE,Combined TRACON& Tower with Radar,6,14,20,9,49,0,0,17,7,24,6,14,37,16,73,0,36,36,109
08/31/2010,FSM,AR,ASW,CE,Combined TRACON& Tower with Radar,4,17,33,16,70,0,1,28,9,38,4,18,61,25,108,78,8,86,194
09/01/2010,FSM,AR,ASW,CE,Combined TRACON& Tower with Radar,4,19,20,16,59,0,2,26,6,34,4,21,46,22,93,0,4,4,97
09/02/2010,FSM,AR,ASW,CE,Combined TRACON& Tower with Radar,4,15,25,25,69,0,0,27,7,34,4,15,52,32,103,0,0,0,103
09/03/2010,FSM,AR,ASW,CE,Combined TRACON& Tower with Radar,4,17,24,34,79,0,2,18,9,29,4,19,42,43,108,22,48,70,178
09/04/2010,FSM,AR,ASW,CE,Combined TRACON& Tower with Radar,4,13,16,27,60,0,0,25,9,34,4,13,41,36,94,22,0,22,116
09/05/2010,FSM,AR,ASW,CE,Combined TRACON& Tower with Radar,4,10,17,5,36,0,0,7,6,13,4,10,24,11,49,0,0,0,49
09/06/2010,FSM,AR,ASW,CE,Combined TRACON& Tower with Radar,3,14,7,38,62,0,4,31,6,41,3,18,38,44,103,24,0,24,127
09/07/2010,FSM,AR,ASW,CE,Combined TRACON& Tower with Radar,4,19,33,17,73,0,1,31,3,35,4,20,64,20,108,0,0,0,108
09/08/2010,FSM,AR,ASW,CE,Combined TRACON& Tower with Radar,4,15,21,75,115,0,2,27,9,38,4,17,48,84,153,0,0,0,153
09/09/2010,FSM,AR,ASW,CE,Combined TRACON& Tower with Radar,5,15,21,32,73,0,0,6,2,8,5,15,27,34,81,0,14,14,95
09/10/2010,FSM,AR,ASW,CE,Combined TRACON& Tower with Radar,4,14,31,20,69,0,2,26,11,39,4,16,57,31,108,0,0,0,108
09/11/2010,FSM,AR,ASW,CE,Combined TRACON& Tower with Radar,4,12,16,13,45,0,0,11,2,13,4,12,27,15,58,0,10,10,68
09/12/2010,FSM,AR,ASW,CE,Combined TRACON& Tower with Radar,6,11,13,2,32,0,0,29,3,32,6,11,42,5,64,66,0,66,130
09/13/2010,FSM,AR,ASW,CE,Combined TRACON& Tower with Radar,4,16,18,11,49,0,0,11,8,19,4,16,29,19,68,34,4,38,106
09/14/2010,FSM,AR,ASW,CE,Combined TRACON& Tower with Radar,6,16,19,23,64,0,0,3,9,12,6,16,22,32,76,14,0,14,90
09/15/2010,FSM,AR,ASW,CE,Combined TRACON& Tower with Radar,4,18,20,29,71,0,1,19,6,26,4,19,39,35,97,26,34,60,157
09/16/2010,FSM,AR,ASW,CE,Combined TRACON& Tower with Radar,4,16,26,27,73,0,0,29,9,38,4,16,55,36,111,36,32,68,179
09/17/2010,FSM,AR,ASW,CE,Combined TRACON& Tower with Radar,3,14,33,32,82,0,0,28,7,35,3,14,61,39,117,66,28,94,211
09/18/2010,FSM,AR,ASW,CE,Combined TRACON& Tower with Radar,4,15,9,0,28,0,2,45,0,47,4,17,54,0,75,48,0,48,123
09/19/2010,FSM,AR,ASW,CE,Combined TRACON& Tower with Radar,4,19,16,4,43,0,0,22,0,22,4,19,38,4,65,12,0,12,77
09/20/2010,FSM,AR,ASW,CE,Combined TRACON& Tower with Radar,4,19,15,35,73,0,3,10,7,20,4,22,25,42,93,14,8,22,115
09/21/2010,FSM,AR,ASW,CE,Combined TRACON& Tower with Radar,4,14,29,55,102,0,0,25,10,35,4,14,54,65,137,20,70,90,227
09/22/2010,FSM,AR,ASW,CE,Combined TRACON& Tower with Radar,4,14,26,43,87,0,2,25,4,31,4,16,51,47,118,30,116,146,264
09/23/2010,FSM,AR,ASW,CE,Combined TRACON& Tower with Radar,4,18,24,21,67,0,1,19,9,29,4,19,43,30,96,0,8,8,104
09/24/2010,FSM,AR,ASW,CE,Combined TRACON& Tower with Radar,4,18,21,14,57,0,3,1,2,6,4,21,22,16,63,48,0,48,111
09/25/2010,FSM,AR,ASW,CE,Combined TRACON& Tower with Radar,2,12,2,0,16,0,1,14,1,16,2,13,16,1,32,32,0,32,64
09/26/2010,FSM,AR,ASW,CE,Combined TRACON& Tower with Radar,4,14,19,23,60,0,0,5,2,7,4,14,24,25,67,48,0,48,115
09/27/2010,FSM,AR,ASW,CE,Combined TRACON& Tower with Radar,4,17,15,41,77,0,1,22,8,31,4,18,37,49,108,16,50,66,174
09/28/2010,FSM,AR,ASW,CE,Combined TRACON& Tower with Radar,4,17,18,18,57,0,0,31,2,33,4,17,49,20,90,10,10,20,110
09/29/2010,FSM,AR,ASW,CE,Combined TRACON& Tower with Radar,3,17,14,12,46,0,3,19,9,31,3,20,33,21,77,42,16,58,135
09/30/2010,FSM,AR,ASW,CE,Combined TRACON& Tower with Radar,4,18,24,21,67,0,0,24,0,24,4,18,48,21,91,14,2,16,107
10/01/2010,FSM,AR,ASW,CE,Combined TRACON& Tower with Radar,4,15,19,27,65,0,1,37,4,42,4,16,56,31,107,6,16,22,129
10/02/2010,FSM,AR,ASW,CE,Combined TRACON& Tower with Radar,4,12,13,18,47,0,1,23,7,31,4,13,36,25,78,4,12,16,94
10/03/2010,FSM,AR,ASW,CE,Combined TRACON& Tower with Radar,2,14,15,16,47,0,1,29,9,39,2,15,44,25,86,22,16,38,124
10/04/2010,FSM,AR,ASW,CE,Combined TRACON& Tower with Radar,8,18,18,44,88,0,0,29,6,35,8,18,47,50,123,4,4,8,131
10/05/2010,FSM,AR,ASW,CE,Combined TRACON& Tower with Radar,4,14,37,4,59,0,1,22,7,30,4,15,59,11,89,6,0,6,95
10/06/2010,FSM,AR,ASW,CE,Combined TRACON& Tower with Radar,4,14,17,26,61,0,0,28,3,31,4,14,45,29,92,4,56,60,152
10/07/2010,FSM,AR,ASW,CE,Combined TRACON& Tower with Radar,4,14,30,23,71,0,2,31,5,38,4,16,61,28,109,16,0,16,125
10/08/2010,FSM,AR,ASW,CE,Combined TRACON& Tower with Radar,4,16,29,42,91,0,0,42,1,43,4,16,71,43,134,8,2,10,144
10/09/2010,FSM,AR,ASW,CE,Combined TRACON& Tower with Radar,4,12,14,0,30,0,1,19,0,20,4,13,33,0,50,16,0,16,66
10/10/2010,FSM,AR,ASW,CE,Combined TRACON& Tower with Radar,4,12,25,2,43,0,3,32,0,35,4,15,57,2,78,14,0,14,92
10/11/2010,FSM,AR,ASW,CE,Combined TRACON& Tower with Radar,4,15,21,7,47,0,0,13,4,17,4,15,34,11,64,2,0,2,66
10/12/2010,FSM,AR,ASW,CE,Combined TRACON& Tower with Radar,4,19,17,12,52,0,2,15,14,31,4,21,32,26,83,0,0,0,83
10/13/2010,FSM,AR,ASW,CE,Combined TRACON& Tower with Radar,4,15,26,28,73,0,1,24,2,27,4,16,50,30,100,2,38,40,140
10/14/2010,FSM,AR,ASW,CE,Combined TRACON& Tower with Radar,4,14,28,31,77,0,1,31,3,35,4,15,59,34,112,18,50,68,180
10/15/2010,FSM,AR,ASW,CE,Combined TRACON& Tower with Radar,4,14,25,14,57,0,1,45,2,48,4,15,70,16,105,24,20,44,149
10/16/2010,FSM,AR,ASW,CE,Combined TRACON& Tower with Radar,6,13,12,1,32,0,4,36,4,44,6,17,48,5,76,8,12,20,96
10/17/2010,FSM,AR,ASW,CE,Combined TRACON& Tower with Radar,4,12,19,2,37,0,0,41,2,43,4,12,60,4,80,40,0,40,120
10/18/2010,FSM,AR,ASW,CE,Combined TRACON& Tower with Radar,4,17,20,30,71,0,1,31,2,34,4,18,51,32,105,34,36,70,175
10/19/2010,FSM,AR,ASW,CE,Combined TRACON& Tower with Radar,4,14,22,18,58,0,0,0,6,6,4,14,22,24,64,0,28,28,92
10/20/2010,FSM,AR,ASW,CE,Combined TRACON& Tower with Radar,4,19,46,22,91,0,2,21,0,23,4,21,67,22,114,12,4,16,130
10/21/2010,FSM,AR,ASW,CE,Combined TRACON& Tower with Radar,4,15,26,11,56,0,0,36,7,43,4,15,62,18,99,28,0,28,127
10/22/2010,FSM,AR,ASW,CE,Combined TRACON& Tower with Radar,4,14,36,25,79,0,0,19,5,24,4,14,55,30,103,46,12,58,161
10/23/2010,FSM,AR,ASW,CE,Combined TRACON& Tower with Radar,3,9,7,4,23,0,0,3,0,3,3,9,10,4,26,0,0,0,26
10/24/2010,FSM,AR,ASW,CE,Combined TRACON& Tower with Radar,3,16,31,8,58,0,0,12,3,15,3,16,43,11,73,12,0,12,85
10/25/2010,FSM,AR,ASW,CE,Combined TRACON& Tower with Radar,4,15,29,33,81,0,1,12,7,20,4,16,41,40,101,16,10,26,127
10/26/2010,FSM,AR,ASW,CE,Combined TRACON& Tower with Radar,4,16,29,49,98,0,2,14,17,33,4,18,43,66,131,10,30,40,171
10/27/2010,FSM,AR,ASW,CE,Combined TRACON& Tower with Radar,4,18,27,35,84,0,1,47,8,56,4,19,74,43,140,36,0,36,176
10/28/2010,FSM,AR,ASW,CE,Combined TRACON& Tower with Radar,4,18,32,47,101,0,2,34,5,41,4,20,66,52,142,28,10,38,180
10/29/2010,FSM,AR,ASW,CE,Combined TRACON& Tower with Radar,4,23,24,13,64,0,1,52,8,61,4,24,76,21,125,40,43,83,208
10/30/2010,FSM,AR,ASW,CE,Combined TRACON& Tower with Radar,4,12,9,4,29,0,0,33,0,33,4,12,42,4,62,0,0,0,62
10/31/2010,FSM,AR,ASW,CE,Combined TRACON& Tower with Radar,4,12,12,13,41,0,1,18,1,20,4,13,30,14,61,0,0,0,61
11/01/2010,FSM,AR,ASW,CE,Combined TRACON& Tower with Radar,6,20,33,45,104,0,0,12,10,22,6,20,45,55,126,4,2,6,132
11/02/2010,FSM,AR,ASW,CE,Combined TRACON& Tower with Radar,3,12,21,29,65,0,0,4,11,15,3,12,25,40,80,2,34,36,116
11/03/2010,FSM,AR,ASW,CE,Combined TRACON& Tower with Radar,4,23,22,69,118,0,5,13,9,27,4,28,35,78,145,10,30,40,185
11/04/2010,FSM,AR,ASW,CE,Combined TRACON& Tower with Radar,4,17,21,20,62,0,0,7,3,10,4,17,28,23,72,0,2,2,74
11/05/2010,FSM,AR,ASW,CE,Combined TRACON& Tower with Radar,4,17,24,35,80,0,4,15,1,20,4,21,39,36,100,20,8,28,128
11/06/2010,FSM,AR,ASW,CE,Combined TRACON& Tower with Radar,4,12,7,3,26,0,2,45,2,49,4,14,52,5,75,56,0,56,131
11/07/2010,FSM,AR,ASW,CE,Combined TRACON& Tower with Radar,4,12,13,17,46,0,0,18,5,23,4,12,31,22,69,56,16,72,141
11/08/2010,FSM,AR,ASW,CE,Combined TRACON& Tower with Radar,4,14,19,10,47,0,0,27,0,27,4,14,46,10,74,16,0,16,90
11/09/2010,FSM,AR,ASW,CE,Combined TRACON& Tower with Radar,4,16,20,37,77,0,2,28,7,37,4,18,48,44,114,24,48,72,186
11/10/2010,FSM,AR,ASW,CE,Combined TRACON& Tower with Radar,4,17,15,38,74,0,1,12,5,18,4,18,27,43,92,16,40,56,148
11/11/2010,FSM,AR,ASW,CE,Combined TRACON& Tower with Radar,4,19,21,0,44,0,0,20,9,29,4,19,41,9,73,0,0,0,73
11/12/2010,FSM,AR,ASW,CE,Combined TRACON& Tower with Radar,4,14,16,10,44,0,0,9,3,12,4,14,25,13,56,30,0,30,86
11/13/2010,FSM,AR,ASW,CE,Combined TRACON& Tower with Radar,4,12,10,6,32,0,0,9,0,9,4,12,19,6,41,24,0,24,65
11/14/2010,FSM,AR,ASW,CE,Combined TRACON& Tower with Radar,4,12,19,24,59,0,0,26,4,30,4,12,45,28,89,16,0,16,105
11/15/2010,FSM,AR,ASW,CE,Combined TRACON& Tower with Radar,4,17,27,68,116,0,3,21,6,30,4,20,48,74,146,24,98,122,268
11/16/2010,FSM,AR,ASW,CE,Combined TRACON& Tower with Radar,4,15,36,30,85,0,0,12,4,16,4,15,48,34,101,2,42,44,145
11/17/2010,FSM,AR,ASW,CE,Combined TRACON& Tower with Radar,4,14,18,50,86,0,0,10,1,11,4,14,28,51,97,0,32,32,129
11/18/2010,FSM,AR,ASW,CE,Combined TRACON& Tower with Radar,4,20,26,30,80,0,0,6,1,7,4,20,32,31,87,32,52,84,171
11/19/2010,FSM,AR,ASW,CE,Combined TRACON& Tower with Radar,4,14,24,19,61,0,2,23,2,27,4,16,47,21,88,16,0,16,104
11/20/2010,FSM,AR,ASW,CE,Combined TRACON& Tower with Radar,4,12,19,0,35,0,1,23,0,24,4,13,42,0,59,34,0,34,93
11/21/2010,FSM,AR,ASW,CE,Combined TRACON& Tower with Radar,4,13,22,2,41,0,1,3,2,6,4,14,25,4,47,0,0,0,47
11/22/2010,FSM,AR,ASW,CE,Combined TRACON& Tower with Radar,4,20,16,26,66,0,0,4,8,12,4,20,20,34,78,0,44,44,122
11/23/2010,FSM,AR,ASW,CE,Combined TRACON& Tower with Radar,4,18,28,20,70,0,2,6,4,12,4,20,34,24,82,8,4,12,94
11/24/2010,FSM,AR,ASW,CE,Combined TRACON& Tower with Radar,4,16,31,4,55,0,1,5,1,7,4,17,36,5,62,0,0,0,62
11/25/2010,FSM,AR,ASW,CE,Combined TRACON& Tower with Radar,4,8,0,0,12,0,0,0,0,0,4,8,0,0,12,0,0,0,12
11/26/2010,FSM,AR,ASW,CE,Combined TRACON& Tower with Radar,4,10,18,0,32,0,0,29,0,29,4,10,47,0,61,16,0,16,77
11/27/2010,FSM,AR,ASW,CE,Combined TRACON& Tower with Radar,4,14,5,0,23,0,0,24,0,24,4,14,29,0,47,18,0,18,65
11/28/2010,FSM,AR,ASW,CE,Combined TRACON& Tower with Radar,4,12,26,0,42,0,2,27,0,29,4,14,53,0,71,0,0,0,71
11/29/2010,FSM,AR,ASW,CE,Combined TRACON& Tower with Radar,4,16,19,5,44,0,0,0,0,0,4,16,19,5,44,0,0,0,44
11/30/2010,FSM,AR,ASW,CE,Combined TRACON& Tower with Radar,4,21,13,52,90,0,0,18,21,39,4,21,31,73,129,38,14,52,181
12/01/2010,FSM,AR,ASW,CE,Combined TRACON& Tower with Radar,4,21,26,25,76,0,4,19,10,33,4,25,45,35,109,40,36,76,185
12/02/2010,FSM,AR,ASW,CE,Combined TRACON& Tower with Radar,4,17,38,32,91,0,1,25,8,34,4,18,63,40,125,26,8,34,159
12/03/2010,FSM,AR,ASW,CE,Combined TRACON& Tower with Radar,4,25,31,42,102,0,0,41,18,59,4,25,72,60,161,2,50,52,213
12/04/2010,FSM,AR,ASW,CE,Combined TRACON& Tower with Radar,4,12,17,23,56,0,5,25,19,49,4,17,42,42,105,2,74,76,181
12/05/2010,FSM,AR,ASW,CE,Combined TRACON& Tower with Radar,4,12,16,16,48,0,2,21,6,29,4,14,37,22,77,4,0,4,81
12/06/2010,FSM,AR,ASW,CE,Combined TRACON& Tower with Radar,4,14,22,25,65,0,0,24,4,28,4,14,46,29,93,20,20,40,133
12/07/2010,FSM,AR,ASW,CE,Combined TRACON& Tower with Radar,4,15,22,22,63,0,0,13,3,16,4,15,35,25,79,14,20,34,113
12/08/2010,FSM,AR,ASW,CE,Combined TRACON& Tower with Radar,4,14,11,19,48,0,1,22,4,27,4,15,33,23,75,4,32,36,111
12/09/2010,FSM,AR,ASW,CE,Combined TRACON& Tower with Radar,4,20,23,34,81,0,0,15,3,18,4,20,38,37,99,18,48,66,165
12/10/2010,FSM,AR,ASW,CE,Combined TRACON& Tower with Radar,4,15,34,29,82,0,0,14,0,14,4,15,48,29,96,2,50,52,148
12/11/2010,FSM,AR,ASW,CE,Combined TRACON& Tower with Radar,4,13,6,16,39,0,0,8,3,11,4,13,14,19,50,0,20,20,70
12/12/2010,FSM,AR,ASW,CE,Combined TRACON& Tower with Radar,4,12,12,4,32,0,0,20,0,20,4,12,32,4,52,6,0,6,58
12/13/2010,FSM,AR,ASW,CE,Combined TRACON& Tower with Radar,4,12,33,26,75,0,0,20,9,29,4,12,53,35,104,6,32,38,142
12/14/2010,FSM,AR,ASW,CE,Combined TRACON& Tower with Radar,4,18,24,25,71,0,0,14,5,19,4,18,38,30,90,22,38,60,150
12/15/2010,FSM,AR,ASW,CE,Combined TRACON& Tower with Radar,4,17,24,24,69,0,0,7,6,13,4,17,31,30,82,0,30,30,112
12/16/2010,FSM,AR,ASW,CE,Combined TRACON& Tower with Radar,4,17,22,20,63,0,0,12,4,16,4,17,34,24,79,6,6,12,91
12/17/2010,FSM,AR,ASW,CE,Combined TRACON& Tower with Radar,4,14,26,33,77,0,0,13,8,21,4,14,39,41,98,10,46,56,154
12/18/2010,FSM,AR,ASW,CE,Combined TRACON& Tower with Radar,3,12,10,5,30,0,0,7,0,7,3,12,17,5,37,0,0,0,37
12/19/2010,FSM,AR,ASW,CE,Combined TRACON& Tower with Radar,3,8,15,15,41,0,0,26,1,27,3,8,41,16,68,60,18,78,146
12/20/2010,FSM,AR,ASW,CE,Combined TRACON& Tower with Radar,4,12,35,30,81,0,0,14,4,18,4,12,49,34,99,0,16,16,115
12/21/2010,FSM,AR,ASW,CE,Combined TRACON& Tower with Radar,4,17,24,20,65,0,1,4,1,6,4,18,28,21,71,2,24,26,97
12/22/2010,FSM,AR,ASW,CE,Combined TRACON& Tower with Radar,3,14,15,28,60,0,1,23,2,26,3,15,38,30,86,18,14,32,118
12/23/2010,FSM,AR,ASW,CE,Combined TRACON& Tower with Radar,4,12,17,4,37,0,3,38,3,44,4,15,55,7,81,44,0,44,125
12/24/2010,FSM,AR,ASW,CE,Combined TRACON& Tower with Radar,4,8,4,0,16,0,0,1,0,1,4,8,5,0,17,0,0,0,17
12/25/2010,FSM,AR,ASW,CE,Combined TRACON& Tower with Radar,4,10,5,0,19,0,1,4,0,5,4,11,9,0,24,0,0,0,24
12/26/2010,FSM,AR,ASW,CE,Combined TRACON& Tower with Radar,4,12,12,0,28,0,1,12,0,13,4,13,24,0,41,12,0,12,53
12/27/2010,FSM,AR,ASW,CE,Combined TRACON& Tower with Radar,4,15,6,3,28,0,0,11,2,13,4,15,17,5,41,44,0,44,85
12/28/2010,FSM,AR,ASW,CE,Combined TRACON& Tower with Radar,4,12,23,6,45,0,0,6,4,10,4,12,29,10,55,10,6,16,71
12/29/2010,FSM,AR,ASW,CE,Combined TRACON& Tower with Radar,4,12,8,0,24,0,0,0,0,0,4,12,8,0,24,0,0,0,24
12/30/2010,FSM,AR,ASW,CE,Combined TRACON& Tower with Radar,4,12,23,0,39,0,0,4,0,4,4,12,27,0,43,0,0,0,43
12/31/2010,FSM,AR,ASW,CE,Combined TRACON& Tower with Radar,4,8,12,0,24,0,2,4,1,7,4,10,16,1,31,0,0,0,31
01/01/2011,FSM,AR,ASW,CE,Combined TRACON& Tower with Radar,4,7,12,0,23,0,1,15,0,16,4,8,27,0,39,14,0,14,53
01/02/2011,FSM,AR,ASW,CE,Combined TRACON& Tower with Radar,4,11,20,0,35,0,3,16,0,19,4,14,36,0,54,28,0,28,82
01/03/2011,FSM,AR,ASW,CE,Combined TRACON& Tower with Radar,4,12,14,9,39,0,0,21,1,22,4,12,35,10,61,0,0,0,61
01/04/2011,FSM,AR,ASW,CE,Combined TRACON& Tower with Radar,3,12,23,5,43,0,1,17,1,19,3,13,40,6,62,0,14,14,76
01/05/2011,FSM,AR,ASW,CE,Combined TRACON& Tower with Radar,4,12,19,38,73,0,1,12,2,15,4,13,31,40,88,28,8,36,124
01/06/2011,FSM,AR,ASW,CE,Combined TRACON& Tower with Radar,4,14,23,27,68,0,2,18,9,29,4,16,41,36,97,28,28,56,153
01/07/2011,FSM,AR,ASW,CE,Combined TRACON& Tower with Radar,4,12,13,38,67,0,0,19,3,22,4,12,32,41,89,38,54,92,181
01/08/2011,FSM,AR,ASW,CE,Combined TRACON& Tower with Radar,4,8,13,6,31,0,0,20,2,22,4,8,33,8,53,36,0,36,89
01/09/2011,FSM,AR,ASW,CE,Combined TRACON& Tower with Radar,4,7,3,0,14,0,0,4,0,4,4,7,7,0,18,16,0,16,34
01/10/2011,FSM,AR,ASW,CE,Combined TRACON& Tower with Radar,2,3,5,0,10,0,0,0,0,0,2,3,5,0,10,0,0,0,10
01/11/2011,FSM,AR,ASW,CE,Combined TRACON& Tower with Radar,3,7,6,13,29,0,0,1,26,27,3,7,7,39,56,24,32,56,112
01/12/2011,FSM,AR,ASW,CE,Combined TRACON& Tower with Radar,2,9,11,25,47,0,0,6,1,7,2,9,17,26,54,10,24,34,88
01/13/2011,FSM,AR,ASW,CE,Combined TRACON& Tower with Radar,2,8,7,6,23,0,1,3,6,10,2,9,10,12,33,22,0,22,55
01/14/2011,FSM,AR,ASW,CE,Combined TRACON& Tower with Radar,1,3,6,18,28,0,1,3,0,4,1,4,9,18,32,60,0,60,92
01/15/2011,FSM,AR,ASW,CE,Combined TRACON& Tower with Radar,0,3,8,0,11,0,0,10,0,10,0,3,18,0,21,12,0,12,33
01/16/2011,FSM,AR,ASW,CE,Combined TRACON& Tower with Radar,3,6,9,2,20,0,0,10,1,11,3,6,19,3,31,22,0,22,53
01/17/2011,FSM,AR,ASW,CE,Combined TRACON& Tower with Radar,1,8,9,3,21,0,0,0,0,0,1,8,9,3,21,0,0,0,21
01/18/2011,FSM,AR,ASW,CE,Combined TRACON& Tower with Radar,2,9,12,19,42,0,1,0,8,9,2,10,12,27,51,0,0,0,51
01/19/2011,FSM,AR,ASW,CE,Combined TRACON& Tower with Radar,0,1,7,17,25,0,0,4,1,5,0,1,11,18,30,0,40,40,70
01/20/2011,FSM,AR,ASW,CE,Combined TRACON& Tower with Radar,2,9,4,0,15,0,0,1,0,1,2,9,5,0,16,0,0,0,16
01/21/2011,FSM,AR,ASW,CE,Combined TRACON& Tower with Radar,3,14,28,21,66,0,1,15,2,18,3,15,43,23,84,18,8,26,110
01/22/2011,FSM,AR,ASW,CE,Combined TRACON& Tower with Radar,1,4,5,0,10,0,0,8,0,8,1,4,13,0,18,20,0,20,38
01/23/2011,FSM,AR,ASW,CE,Combined TRACON& Tower with Radar,3,4,6,0,13,0,0,3,0,3,3,4,9,0,16,0,0,0,16
01/24/2011,FSM,AR,ASW,CE,Combined TRACON& Tower with Radar,2,6,26,35,69,0,0,6,1,7,2,6,32,36,76,2,22,24,100
01/25/2011,FSM,AR,ASW,CE,Combined TRACON& Tower with Radar,0,8,20,20,48,0,0,15,1,16,0,8,35,21,64,12,18,30,94
01/26/2011,FSM,AR,ASW,CE,Combined TRACON& Tower with Radar,3,14,19,26,62,0,1,20,2,23,3,15,39,28,85,24,20,44,129
01/27/2011,FSM,AR,ASW,CE,Combined TRACON& Tower with Radar,3,18,15,0,36,0,4,26,4,34,3,22,41,4,70,14,2,16,86
01/28/2011,FSM,AR,ASW,CE,Combined TRACON& Tower with Radar,5,14,25,14,58,0,0,31,1,32,5,14,56,15,90,8,2,10,100
01/29/2011,FSM,AR,ASW,CE,Combined TRACON& Tower with Radar,4,7,4,1,16,0,0,44,0,44,4,7,48,1,60,82,0,82,142
01/30/2011,FSM,AR,ASW,CE,Combined TRACON& Tower with Radar,4,9,33,10,56,0,0,2,0,2,4,9,35,10,58,68,0,68,126
01/31/2011,FSM,AR,ASW,CE,Combined TRACON& Tower with Radar,2,13,28,41,84,0,0,1,0,1,2,13,29,41,85,0,0,0,85
02/01/2011,FSM,AR,ASW,CE,Combined TRACON& Tower with Radar,0,5,3,0,8,0,0,0,0,0,0,5,3,0,8,0,0,0,8
02/02/2011,FSM,AR,ASW,CE,Combined TRACON& Tower with Radar,0,9,14,2,25,0,1,5,5,11,0,10,19,7,36,20,0,20,56
02/03/2011,FSM,AR,ASW,CE,Combined TRACON& Tower with Radar,1,12,31,9,53,0,3,10,5,18,1,15,41,14,71,0,8,8,79
02/04/2011,FSM,AR,ASW,CE,Combined TRACON& Tower with Radar,0,11,7,3,21,0,0,0,0,0,0,11,7,3,21,0,0,0,21
02/05/2011,FSM,AR,ASW,CE,Combined TRACON& Tower with Radar,4,10,9,1,24,0,1,21,0,22,4,11,30,1,46,68,0,68,114
02/06/2011,FSM,AR,ASW,CE,Combined TRACON& Tower with Radar,4,10,3,2,19,0,0,0,0,0,4,10,3,2,19,0,0,0,19
02/07/2011,FSM,AR,ASW,CE,Combined TRACON& Tower with Radar,4,17,17,8,46,0,0,2,3,5,4,17,19,11,51,0,4,4,55
02/08/2011,FSM,AR,ASW,CE,Combined TRACON& Tower with Radar,4,15,24,26,69,0,1,7,6,14,4,16,31,32,83,10,14,24,107
02/09/2011,FSM,AR,ASW,CE,Combined TRACON& Tower with Radar,2,5,6,0,13,0,0,0,0,0,2,5,6,0,13,0,0,0,13
02/10/2011,FSM,AR,ASW,CE,Combined TRACON& Tower with Radar,4,13,7,11,35,0,0,6,0,6,4,13,13,11,41,4,0,4,45
02/11/2011,FSM,AR,ASW,CE,Combined TRACON& Tower with Radar,4,14,14,38,70,0,2,20,5,27,4,16,34,43,97,62,66,128,225
02/12/2011,FSM,AR,ASW,CE,Combined TRACON& Tower with Radar,4,7,14,4,29,0,2,33,1,36,4,9,47,5,65,48,4,52,117
02/13/2011,FSM,AR,ASW,CE,Combined TRACON& Tower with Radar,4,9,13,15,41,0,1,26,1,28,4,10,39,16,69,10,6,16,85
02/14/2011,FSM,AR,ASW,CE,Combined TRACON& Tower with Radar,4,12,8,70,94,0,4,19,2,25,4,16,27,72,119,0,50,50,169
02/15/2011,FSM,AR,ASW,CE,Combined TRACON& Tower with Radar,4,12,22,34,72,0,0,19,2,21,4,12,41,36,93,18,16,34,127
02/16/2011,FSM,AR,ASW,CE,Combined TRACON& Tower with Radar,3,13,23,24,63,0,0,3,7,10,3,13,26,31,73,0,48,48,121
02/17/2011,FSM,AR,ASW,CE,Combined TRACON& Tower with Radar,5,13,32,24,74,0,1,8,7,16,5,14,40,31,90,8,16,24,114
02/18/2011,FSM,AR,ASW,CE,Combined TRACON& Tower with Radar,4,12,20,33,69,0,1,16,1,18,4,13,36,34,87,46,60,106,193
02/19/2011,FSM,AR,ASW,CE,Combined TRACON& Tower with Radar,4,8,11,12,35,0,0,36,0,36,4,8,47,12,71,86,0,86,157
02/20/2011,FSM,AR,ASW,CE,Combined TRACON& Tower with Radar,4,7,14,22,47,0,0,9,0,9,4,7,23,22,56,20,0,20,76
02/21/2011,FSM,AR,ASW,CE,Combined TRACON& Tower with Radar,4,11,33,15,63,0,0,4,0,4,4,11,37,15,67,20,0,20,87
02/22/2011,FSM,AR,ASW,CE,Combined TRACON& Tower with Radar,4,15,22,39,80,0,5,34,9,48,4,20,56,48,128,6,44,50,178
02/23/2011,FSM,AR,ASW,CE,Combined TRACON& Tower with Radar,4,16,23,46,89,0,0,13,6,19,4,16,36,52,108,14,56,70,178
02/24/2011,FSM,AR,ASW,CE,Combined TRACON& Tower with Radar,4,15,16,3,38,0,0,1,0,1,4,15,17,3,39,0,18,18,57
02/25/2011,FSM,AR,ASW,CE,Combined TRACON& Tower with Radar,4,14,33,35,86,0,0,13,1,14,4,14,46,36,100,20,6,26,126
02/26/2011,FSM,AR,ASW,CE,Combined TRACON& Tower with Radar,4,7,12,4,27,0,0,25,0,25,4,7,37,4,52,40,16,56,108
02/27/2011,FSM,AR,ASW,CE,Combined TRACON& Tower with Radar,4,7,14,19,44,0,0,4,0,4,4,7,18,19,48,0,0,0,48
02/28/2011,FSM,AR,ASW,CE,Combined TRACON& Tower with Radar,4,15,24,12,55,0,1,15,5,21,4,16,39,17,76,2,16,18,94
03/01/2011,FSM,AR,ASW,CE,Combined TRACON& Tower with Radar,4,13,19,29,65,0,0,38,9,47,4,13,57,38,112,36,24,60,172
03/02/2011,FSM,AR,ASW,CE,Combined TRACON& Tower with Radar,4,15,24,36,79,0,2,36,10,48,4,17,60,46,127,54,40,94,221
03/03/2011,FSM,AR,ASW,CE,Combined TRACON& Tower with Radar,4,12,28,35,79,0,0,29,2,31,4,12,57,37,110,32,60,92,202
03/04/2011,FSM,AR,ASW,CE,Combined TRACON& Tower with Radar,2,15,26,14,57,0,1,11,6,18,2,16,37,20,75,0,8,8,83
03/05/2011,FSM,AR,ASW,CE,Combined TRACON& Tower with Radar,4,8,16,23,51,0,2,9,2,13,4,10,25,25,64,30,20,50,114
03/06/2011,FSM,AR,ASW,CE,Combined TRACON& Tower with Radar,4,10,17,17,48,0,0,40,13,53,4,10,57,30,101,14,46,60,161
03/07/2011,FSM,AR,ASW,CE,Combined TRACON& Tower with Radar,4,18,23,59,104,0,0,27,6,33,4,18,50,65,137,12,36,48,185
03/08/2011,FSM,AR,ASW,CE,Combined TRACON& Tower with Radar,4,10,22,10,46,0,0,4,2,6,4,10,26,12,52,0,0,0,52
03/09/2011,FSM,AR,ASW,CE,Combined TRACON& Tower with Radar,4,10,19,32,65,0,0,8,10,18,4,10,27,42,83,4,46,50,133
03/10/2011,FSM,AR,ASW,CE,Combined TRACON& Tower with Radar,4,14,21,25,64,0,1,47,10,58,4,15,68,35,122,36,12,48,170
03/11/2011,FSM,AR,ASW,CE,Combined TRACON& Tower with Radar,1,13,42,19,75,0,4,34,12,50,1,17,76,31,125,12,24,36,161
03/12/2011,FSM,AR,ASW,CE,Combined TRACON& Tower with Radar,3,10,15,1,29,0,0,63,0,63,3,10,78,1,92,20,0,20,112
03/13/2011,FSM,AR,ASW,CE,Combined TRACON& Tower with Radar,2,14,19,10,45,0,0,11,2,13,2,14,30,12,58,36,0,36,94
03/14/2011,FSM,AR,ASW,CE,Combined TRACON& Tower with Radar,4,14,24,21,63,0,0,0,2,2,4,14,24,23,65,0,2,2,67
03/15/2011,FSM,AR,ASW,CE,Combined TRACON& Tower with Radar,4,20,27,32,83,0,2,33,4,39,4,22,60,36,122,16,46,62,184
03/16/2011,FSM,AR,ASW,CE,Combined TRACON& Tower with Radar,4,12,28,34,78,0,2,43,6,51,4,14,71,40,129,8,18,26,155
03/17/2011,FSM,AR,ASW,CE,Combined TRACON& Tower with Radar,4,15,28,21,68,0,0,23,4,27,4,15,51,25,95,0,30,30,125
03/18/2011,FSM,AR,ASW,CE,Combined TRACON& Tower with Radar,4,13,40,11,68,0,1,31,6,38,4,14,71,17,106,72,8,80,186
03/19/2011,FSM,AR,ASW,CE,Combined TRACON& Tower with Radar,4,8,12,5,29,0,0,13,1,14,4,8,25,6,43,0,0,0,43
03/20/2011,FSM,AR,ASW,CE,Combined TRACON& Tower with Radar,4,10,11,4,29,0,3,30,5,38,4,13,41,9,67,4,0,4,71
03/21/2011,FSM,AR,ASW,CE,Combined TRACON& Tower with Radar,4,17,32,38,91,0,0,32,7,39,4,17,64,45,130,20,80,100,230
03/22/2011,FSM,AR,ASW,CE,Combined TRACON& Tower with Radar,4,12,18,25,59,0,0,18,4,22,4,12,36,29,81,0,84,84,165
03/23/2011,FSM,AR,ASW,CE,Combined TRACON& Tower with Radar,4,19,23,25,71,0,3,46,4,53,4,22,69,29,124,0,44,44,168
03/24/2011,FSM,AR,ASW,CE,Combined TRACON& Tower with Radar,4,12,21,42,79,0,0,55,0,55,4,12,76,42,134,52,6,58,192
03/25/2011,FSM,AR,ASW,CE,Combined TRACON& Tower with Radar,4,12,29,19,64,0,1,14,1,16,4,13,43,20,80,30,16,46,126
03/26/2011,FSM,AR,ASW,CE,Combined TRACON& Tower with Radar,4,8,22,0,34,0,0,1,0,1,4,8,23,0,35,0,0,0,35
03/27/2011,FSM,AR,ASW,CE,Combined TRACON& Tower with Radar,4,10,23,8,45,0,0,4,2,6,4,10,27,10,51,24,2,26,77
03/28/2011,FSM,AR,ASW,CE,Combined TRACON& Tower with Radar,4,15,20,39,78,0,1,8,0,9,4,16,28,39,87,0,48,48,135
03/29/2011,FSM,AR,ASW,CE,Combined TRACON& Tower with Radar,4,13,17,0,34,0,0,0,0,0,4,13,17,0,34,0,0,0,34
03/30/2011,FSM,AR,ASW,CE,Combined TRACON& Tower with Radar,4,19,37,30,90,0,0,14,1,15,4,19,51,31,105,56,46,102,207
03/31/2011,FSM,AR,ASW,CE,Combined TRACON& Tower with Radar,4,15,28,30,77,0,0,10,0,10,4,15,38,30,87,32,6,38,125
04/01/2011,FSM,AR,ASW,CE,Combined TRACON& Tower with Radar,4,12,29,21,66,0,0,42,4,46,4,12,71,25,112,20,24,44,156
04/02/2011,FSM,AR,ASW,CE,Combined TRACON& Tower with Radar,4,8,17,11,40,0,3,53,0,56,4,11,70,11,96,10,0,10,106
04/03/2011,FSM,AR,ASW,CE,Combined TRACON& Tower with Radar,4,8,11,5,28,0,1,7,1,9,4,9,18,6,37,0,0,0,37
04/04/2011,FSM,AR,ASW,CE,Combined TRACON& Tower with Radar,4,10,12,5,31,0,0,0,0,0,4,10,12,5,31,0,0,0,31
04/05/2011,FSM,AR,ASW,CE,Combined TRACON& Tower with Radar,7,11,23,24,65,0,4,41,5,50,7,15,64,29,115,20,6,26,141
04/06/2011,FSM,AR,ASW,CE,Combined TRACON& Tower with Radar,6,17,22,19,64,0,1,18,6,25,6,18,40,25,89,16,8,24,113
04/07/2011,FSM,AR,ASW,CE,Combined TRACON& Tower with Radar,6,10,36,27,79,0,0,14,7,21,6,10,50,34,100,2,8,10,110
04/08/2011,FSM,AR,ASW,CE,Combined TRACON& Tower with Radar,6,11,33,39,89,0,2,27,1,30,6,13,60,40,119,0,20,20,139
04/09/2011,FSM,AR,ASW,CE,Combined TRACON& Tower with Radar,6,6,6,2,20,0,0,29,2,31,6,6,35,4,51,26,0,26,77
04/10/2011,FSM,AR,ASW,CE,Combined TRACON& Tower with Radar,6,6,9,12,33,0,0,11,2,13,6,6,20,14,46,6,0,6,52
04/11/2011,FSM,AR,ASW,CE,Combined TRACON& Tower with Radar,6,10,18,33,67,0,4,10,3,17,6,14,28,36,84,0,40,40,124
04/12/2011,FSM,AR,ASW,CE,Combined TRACON& Tower with Radar,6,12,23,26,67,0,1,47,6,54,6,13,70,32,121,100,32,132,253
04/13/2011,FSM,AR,ASW,CE,Combined TRACON& Tower with Radar,4,13,18,29,64,0,5,17,6,28,4,18,35,35,92,70,50,120,212
04/14/2011,FSM,AR,ASW,CE,Combined TRACON& Tower with Radar,6,10,16,15,47,0,0,11,2,13,6,10,27,17,60,2,18,20,80
04/15/2011,FSM,AR,ASW,CE,Combined TRACON& Tower with Radar,4,11,12,4,31,0,3,7,6,16,4,14,19,10,47,0,0,0,47
04/16/2011,FSM,AR,ASW,CE,Combined TRACON& Tower with Radar,6,6,7,4,23,0,0,19,0,19,6,6,26,4,42,8,0,8,50
04/17/2011,FSM,AR,ASW,CE,Combined TRACON& Tower with Radar,4,9,17,6,36,0,3,22,0,25,4,12,39,6,61,10,0,10,71
04/18/2011,FSM,AR,ASW,CE,Combined TRACON& Tower with Radar,6,14,19,50,89,0,2,11,2,15,6,16,30,52,104,4,52,56,160
04/19/2011,FSM,AR,ASW,CE,Combined TRACON& Tower with Radar,4,9,20,2,35,0,0,1,0,1,4,9,21,2,36,0,0,0,36
04/20/2011,FSM,AR,ASW,CE,Combined TRACON& Tower with Radar,4,9,27,24,64,0,1,18,3,22,4,10,45,27,86,26,30,56,142
04/21/2011,FSM,AR,ASW,CE,Combined TRACON& Tower with Radar,0,11,27,1,39,0,0,2,0,2,0,11,29,1,41,0,0,0,41
04/22/2011,FSM,AR,ASW,CE,Combined TRACON& Tower with Radar,6,12,11,17,46,0,0,5,0,5,6,12,16,17,51,0,32,32,83
04/23/2011,FSM,AR,ASW,CE,Combined TRACON& Tower with Radar,5,6,6,0,17,0,0,0,0,0,5,6,6,0,17,0,0,0,17
04/24/2011,FSM,AR,ASW,CE,Combined TRACON& Tower with Radar,7,5,10,0,22,0,0,0,0,0,7,5,10,0,22,0,0,0,22
04/25/2011,FSM,AR,ASW,CE,Combined TRACON& Tower with Radar,2,10,9,0,21,0,0,0,0,0,2,10,9,0,21,0,0,0,21
04/26/2011,FSM,AR,ASW,CE,Combined TRACON& Tower with Radar,4,12,20,29,65,0,2,8,8,18,4,14,28,37,83,0,4,4,87
04/27/2011,FSM,AR,ASW,CE,Combined TRACON& Tower with Radar,4,6,16,5,31,0,0,1,12,13,4,6,17,17,44,2,54,56,100
04/28/2011,FSM,AR,ASW,CE,Combined TRACON& Tower with Radar,6,12,17,16,51,0,4,28,11,43,6,16,45,27,94,22,20,42,136
04/29/2011,FSM,AR,ASW,CE,Combined TRACON& Tower with Radar,6,11,29,26,72,0,0,35,9,44,6,11,64,35,116,62,26,88,204
04/30/2011,FSM,AR,ASW,CE,Combined TRACON& Tower with Radar,6,6,14,11,37,0,0,1,0,1,6,6,15,11,38,0,0,0,38
05/01/2011,FSM,AR,ASW,CE,Combined TRACON& Tower with Radar,2,5,5,2,14,0,0,0,0,0,2,5,5,2,14,0,0,0,14
05/02/2011,FSM,AR,ASW,CE,Combined TRACON& Tower with Radar,6,9,9,2,26,0,0,1,0,1,6,9,10,2,27,0,0,0,27
05/03/2011,FSM,AR,ASW,CE,Combined TRACON& Tower with Radar,6,11,25,57,99,0,0,31,3,34,6,11,56,60,133,10,32,42,175
05/04/2011,FSM,AR,ASW,CE,Combined TRACON& Tower with Radar,6,10,17,16,49,0,3,39,1,43,6,13,56,17,92,56,0,56,148
05/05/2011,FSM,AR,ASW,CE,Combined TRACON& Tower with Radar,6,13,27,14,60,0,1,33,1,35,6,14,60,15,95,70,16,86,181
05/06/2011,FSM,AR,ASW,CE,Combined TRACON& Tower with Radar,6,12,27,43,88,0,0,31,10,41,6,12,58,53,129,26,46,72,201
05/07/2011,FSM,AR,ASW,CE,Combined TRACON& Tower with Radar,6,6,21,0,33,0,1,26,5,32,6,7,47,5,65,0,0,0,65
05/08/2011,FSM,AR,ASW,CE,Combined TRACON& Tower with Radar,6,6,22,12,46,0,0,24,1,25,6,6,46,13,71,4,8,12,83
05/09/2011,FSM,AR,ASW,CE,Combined TRACON& Tower with Radar,6,10,26,27,69,0,0,28,0,28,6,10,54,27,97,30,38,68,165
05/10/2011,FSM,AR,ASW,CE,Combined TRACON& Tower with Radar,6,10,36,26,78,0,0,20,1,21,6,10,56,27,99,18,38,56,155
05/11/2011,FSM,AR,ASW,CE,Combined TRACON& Tower with Radar,4,9,29,2,44,0,0,16,0,16,4,9,45,2,60,18,0,18,78
05/12/2011,FSM,AR,ASW,CE,Combined TRACON& Tower with Radar,6,7,33,9,55,0,0,18,4,22,6,7,51,13,77,4,28,32,109
05/13/2011,FSM,AR,ASW,CE,Combined TRACON& Tower with Radar,6,9,20,11,46,0,1,10,1,12,6,10,30,12,58,18,14,32,90
05/14/2011,FSM,AR,ASW,CE,Combined TRACON& Tower with Radar,5,6,9,6,26,0,1,6,0,7,5,7,15,6,33,14,6,20,53
05/15/2011,FSM,AR,ASW,CE,Combined TRACON& Tower with Radar,9,6,15,10,40,0,1,1,2,4,9,7,16,12,44,0,6,6,50
05/16/2011,FSM,AR,ASW,CE,Combined TRACON& Tower with Radar,6,10,34,49,99,0,0,27,2,29,6,10,61,51,128,32,42,74,202
05/17/2011,FSM,AR,ASW,CE,Combined TRACON& Tower with Radar,4,12,25,33,74,0,1,32,8,41,4,13,57,41,115,62,36,98,213
05/18/2011,FSM,AR,ASW,CE,Combined TRACON& Tower with Radar,4,12,30,6,52,0,1,13,6,20,4,13,43,12,72,46,12,58,130
05/19/2011,FSM,AR,ASW,CE,Combined TRACON& Tower with Radar,6,16,32,25,79,0,0,8,10,18,6,16,40,35,97,50,38,88,185
05/20/2011,FSM,AR,ASW,CE,Combined TRACON& Tower with Radar,4,8,10,2,24,0,0,0,2,2,4,8,10,4,26,0,0,0,26
05/21/2011,FSM,AR,ASW,CE,Combined TRACON& Tower with Radar,6,7,18,13,44,0,1,10,0,11,6,8,28,13,55,50,4,54,109
05/22/2011,FSM,AR,ASW,CE,Combined TRACON& Tower with Radar,6,10,16,14,46,0,0,4,0,4,6,10,20,14,50,0,0,0,50
05/23/2011,FSM,AR,ASW,CE,Combined TRACON& Tower with Radar,2,14,27,3,46,0,0,1,4,5,2,14,28,7,51,0,0,0,51
05/24/2011,FSM,AR,ASW,CE,Combined TRACON& Tower with Radar,6,7,19,14,46,0,1,16,5,22,6,8,35,19,68,0,16,16,84
05/25/2011,FSM,AR,ASW,CE,Combined TRACON& Tower with Radar,4,10,20,16,50,0,1,8,11,20,4,11,28,27,70,0,14,14,84
05/26/2011,FSM,AR,ASW,CE,Combined TRACON& Tower with Radar,6,11,34,17,68,0,1,14,9,24,6,12,48,26,92,12,24,36,128
05/27/2011,FSM,AR,ASW,CE,Combined TRACON& Tower with Radar,6,10,29,20,65,0,2,35,1,38,6,12,64,21,103,8,0,8,111
05/28/2011,FSM,AR,ASW,CE,Combined TRACON& Tower with Radar,6,9,22,2,39,0,4,28,0,32,6,13,50,2,71,0,0,0,71
05/29/2011,FSM,AR,ASW,CE,Combined TRACON& Tower with Radar,6,5,3,10,24,0,7,12,1,20,6,12,15,11,44,52,0,52,96
05/30/2011,FSM,AR,ASW,CE,Combined TRACON& Tower with Radar,6,5,13,0,24,0,2,17,0,19,6,7,30,0,43,0,0,0,43
05/31/2011,FSM,AR,ASW,CE,Combined TRACON& Tower with Radar,6,11,25,18,60,0,2,19,3,24,6,13,44,21,84,50,0,50,134
06/01/2011,FSM,AR,ASW,CE,Combined TRACON& Tower with Radar,6,11,11,35,63,0,1,32,11,44,6,12,43,46,107,44,14,58,165
06/02/2011,FSM,AR,ASW,CE,Combined TRACON& Tower with Radar,5,13,35,20,73,0,5,19,13,37,5,18,54,33,110,28,16,44,154
06/03/2011,FSM,AR,ASW,CE,Combined TRACON& Tower with Radar,6,10,23,44,83,0,5,38,17,60,6,15,61,61,143,68,76,144,287
06/04/2011,FSM,AR,ASW,CE,Combined TRACON& Tower with Radar,6,9,11,17,43,0,3,34,1,38,6,12,45,18,81,32,0,32,113
06/05/2011,FSM,AR,ASW,CE,Combined TRACON& Tower with Radar,6,8,13,10,37,0,0,29,0,29,6,8,42,10,66,32,0,32,98
06/06/2011,FSM,AR,ASW,CE,Combined TRACON& Tower with Radar,6,10,25,27,68,0,0,19,3,22,6,10,44,30,90,4,16,20,110
06/07/2011,FSM,AR,ASW,CE,Combined TRACON& Tower with Radar,6,10,23,15,54,0,1,25,6,32,6,11,48,21,86,42,20,62,148
06/08/2011,FSM,AR,ASW,CE,Combined TRACON& Tower with Radar,6,14,34,18,72,0,3,26,3,32,6,17,60,21,104,6,26,32,136
06/09/2011,FSM,AR,ASW,CE,Combined TRACON& Tower with Radar,6,12,21,73,112,0,3,33,11,47,6,15,54,84,159,36,86,122,281
06/10/2011,FSM,AR,ASW,CE,Combined TRACON& Tower with Radar,6,13,27,12,58,0,1,19,1,21,6,14,46,13,79,36,2,38,117
06/11/2011,FSM,AR,ASW,CE,Combined TRACON& Tower with Radar,6,8,11,1,26,0,0,12,0,12,6,8,23,1,38,46,0,46,84
06/12/2011,FSM,AR,ASW,CE,Combined TRACON& Tower with Radar,6,10,11,4,31,0,3,18,0,21,6,13,29,4,52,0,0,0,52
06/13/2011,FSM,AR,ASW,CE,Combined TRACON& Tower with Radar,6,11,17,19,53,0,3,19,7,29,6,14,36,26,82,36,10,46,128
06/14/2011,FSM,AR,ASW,CE,Combined TRACON& Tower with Radar,6,10,31,29,76,0,0,22,7,29,6,10,53,36,105,40,32,72,177
06/15/2011,FSM,AR,ASW,CE,Combined TRACON& Tower with Radar,6,11,18,23,58,0,1,32,6,39,6,12,50,29,97,74,10,84,181
06/16/2011,FSM,AR,ASW,CE,Combined TRACON& Tower with Radar,6,12,23,14,55,0,0,21,6,27,6,12,44,20,82,26,18,44,126
06/17/2011,FSM,AR,ASW,CE,Combined TRACON& Tower with Radar,6,10,28,34,78,0,2,24,7,33,6,12,52,41,111,28,12,40,151
06/18/2011,FSM,AR,ASW,CE,Combined TRACON& Tower with Radar,6,6,13,8,33,0,2,23,0,25,6,8,36,8,58,12,0,12,70
06/19/2011,FSM,AR,ASW,CE,Combined TRACON& Tower with Radar,10,8,8,7,33,0,0,17,2,19,10,8,25,9,52,4,0,4,56
06/20/2011,FSM,AR,ASW,CE,Combined TRACON& Tower with Radar,6,17,21,11,55,0,1,19,1,21,6,18,40,12,76,0,20,20,96
06/21/2011,FSM,AR,ASW,CE,Combined TRACON& Tower with Radar,7,12,32,35,86,0,1,19,1,21,7,13,51,36,107,14,36,50,157
06/22/2011,FSM,AR,ASW,CE,Combined TRACON& Tower with Radar,7,22,26,23,78,0,1,28,6,35,7,23,54,29,113,96,26,122,235
06/23/2011,FSM,AR,ASW,CE,Combined TRACON& Tower with Radar,6,16,25,16,63,0,2,30,9,41,6,18,55,25,104,16,4,20,124
06/24/2011,FSM,AR,ASW,CE,Combined TRACON& Tower with Radar,6,14,26,15,61,0,1,32,5,38,6,15,58,20,99,26,4,30,129
06/25/2011,FSM,AR,ASW,CE,Combined TRACON& Tower with Radar,6,6,8,0,20,0,0,16,1,17,6,6,24,1,37,4,0,4,41
06/26/2011,FSM,AR,ASW,CE,Combined TRACON& Tower with Radar,6,10,17,7,40,0,1,14,0,15,6,11,31,7,55,8,0,8,63
06/27/2011,FSM,AR,ASW,CE,Combined TRACON& Tower with Radar,6,13,22,23,64,0,0,13,8,21,6,13,35,31,85,4,46,50,135
06/28/2011,FSM,AR,ASW,CE,Combined TRACON& Tower with Radar,6,14,22,22,64,0,1,9,7,17,6,15,31,29,81,0,16,16,97
06/29/2011,FSM,AR,ASW,CE,Combined TRACON& Tower with Radar,6,12,7,14,39,0,4,18,6,28,6,16,25,20,67,18,28,46,113
06/30/2011,FSM,AR,ASW,CE,Combined TRACON& Tower with Radar,6,11,25,10,52,0,0,16,3,19,6,11,41,13,71,0,16,16,87
07/01/2011,FSM,AR,ASW,CE,Combined TRACON& Tower with Radar,8,10,33,10,61,0,0,22,0,22,8,10,55,10,83,44,0,44,127
07/02/2011,FSM,AR,ASW,CE,Combined TRACON& Tower with Radar,6,4,12,0,22,0,0,12,0,12,6,4,24,0,34,18,0,18,52
07/03/2011,FSM,AR,ASW,CE,Combined TRACON& Tower with Radar,6,4,10,0,20,0,2,15,0,17,6,6,25,0,37,0,0,0,37
07/04/2011,FSM,AR,ASW,CE,Combined TRACON& Tower with Radar,4,11,14,2,31,0,1,12,2,15,4,12,26,4,46,0,0,0,46
07/05/2011,FSM,AR,ASW,CE,Combined TRACON& Tower with Radar,8,10,15,24,57,0,1,19,0,20,8,11,34,24,77,34,52,86,163
07/06/2011,FSM,AR,ASW,CE,Combined TRACON& Tower with Radar,6,12,8,8,34,0,3,40,3,46,6,15,48,11,80,37,4,41,121
07/07/2011,FSM,AR,ASW,CE,Combined TRACON& Tower with Radar,6,10,22,20,58,0,0,36,4,40,6,10,58,24,98,20,40,60,158
07/08/2011,FSM,AR,ASW,CE,Combined TRACON& Tower with Radar,6,10,20,18,54,0,1,32,4,37,6,11,52,22,91,22,0,22,113
07/09/2011,FSM,AR,ASW,CE,Combined TRACON& Tower with Radar,6,10,7,14,37,0,0,17,2,19,6,10,24,16,56,94,0,94,150
07/10/2011,FSM,AR,ASW,CE,Combined TRACON& Tower with Radar,6,9,22,9,46,0,1,17,0,18,6,10,39,9,64,36,0,36,100
07/11/2011,FSM,AR,ASW,CE,Combined TRACON& Tower with Radar,8,10,18,31,67,0,0,32,3,35,8,10,50,34,102,42,70,112,214
07/12/2011,FSM,AR,ASW,CE,Combined TRACON& Tower with Radar,6,14,24,26,70,0,0,19,1,20,6,14,43,27,90,12,30,42,132
07/13/2011,FSM,AR,ASW,CE,Combined TRACON& Tower with Radar,6,11,28,2,47,0,1,22,1,24,6,12,50,3,71,38,0,38,109
07/14/2011,FSM,AR,ASW,CE,Combined TRACON& Tower with Radar,6,10,35,3,54,0,2,29,3,34,6,12,64,6,88,76,2,78,166
07/15/2011,FSM,AR,ASW,CE,Combined TRACON& Tower with Radar,6,15,22,39,82,0,2,33,6,41,6,17,55,45,123,14,18,32,155
07/16/2011,FSM,AR,ASW,CE,Combined TRACON& Tower with Radar,13,6,12,18,49,0,0,19,1,20,13,6,31,19,69,26,8,34,103
07/17/2011,FSM,AR,ASW,CE,Combined TRACON& Tower with Radar,6,9,22,11,48,0,0,18,5,23,6,9,40,16,71,16,0,16,87
07/18/2011,FSM,AR,ASW,CE,Combined TRACON& Tower with Radar,6,12,12,18,48,0,1,22,3,26,6,13,34,21,74,70,50,120,194
07/19/2011,FSM,AR,ASW,CE,Combined TRACON& Tower with Radar,6,11,29,10,56,0,0,41,7,48,6,11,70,17,104,34,38,72,176
07/20/2011,FSM,AR,ASW,CE,Combined TRACON& Tower with Radar,6,12,28,21,67,0,1,23,12,36,6,13,51,33,103,30,36,66,169
07/21/2011,FSM,AR,ASW,CE,Combined TRACON& Tower with Radar,6,13,17,17,53,0,0,20,14,34,6,13,37,31,87,30,39,69,156
07/22/2011,FSM,AR,ASW,CE,Combined TRACON& Tower with Radar,6,10,25,33,74,0,0,30,9,39,6,10,55,42,113,44,36,80,193
07/23/2011,FSM,AR,ASW,CE,Combined TRACON& Tower with Radar,6,6,18,10,40,0,0,46,4,50,6,6,64,14,90,56,30,86,176
07/24/2011,FSM,AR,ASW,CE,Combined TRACON& Tower with Radar,6,10,15,1,32,0,0,14,0,14,6,10,29,1,46,22,0,22,68
07/25/2011,FSM,AR,ASW,CE,Combined TRACON& Tower with Radar,6,9,13,7,35,0,1,21,8,30,6,10,34,15,65,40,10,50,115
07/26/2011,FSM,AR,ASW,CE,Combined TRACON& Tower with Radar,6,8,21,42,77,0,0,24,8,32,6,8,45,50,109,16,82,98,207
07/27/2011,FSM,AR,ASW,CE,Combined TRACON& Tower with Radar,4,11,36,61,112,0,1,29,7,37,4,12,65,68,149,14,50,64,213
07/28/2011,FSM,AR,ASW,CE,Combined TRACON& Tower with Radar,6,12,28,31,77,0,6,21,10,37,6,18,49,41,114,60,24,84,198
07/29/2011,FSM,AR,ASW,CE,Combined TRACON& Tower with Radar,7,8,33,24,72,0,0,20,8,28,7,8,53,32,100,98,12,110,210
07/30/2011,FSM,AR,ASW,CE,Combined TRACON& Tower with Radar,11,6,9,4,30,0,0,22,0,22,11,6,31,4,52,48,0,48,100
07/31/2011,FSM,AR,ASW,CE,Combined TRACON& Tower with Radar,5,9,22,0,36,0,1,28,1,30,5,10,50,1,66,0,0,0,66
08/01/2011,FSM,AR,ASW,CE,Combined TRACON& Tower with Radar,6,10,15,36,67,0,1,17,5,23,6,11,32,41,90,28,40,68,158
08/02/2011,FSM,AR,ASW,CE,Combined TRACON& Tower with Radar,6,11,24,19,60,0,10,21,17,48,6,21,45,36,108,0,30,30,138
08/03/2011,FSM,AR,ASW,CE,Combined TRACON& Tower with Radar,6,15,17,32,70,0,1,16,10,27,6,16,33,42,97,50,30,80,177
08/04/2011,FSM,AR,ASW,CE,Combined TRACON& Tower with Radar,6,12,15,25,58,0,1,11,11,23,6,13,26,36,81,0,36,36,117
08/05/2011,FSM,AR,ASW,CE,Combined TRACON& Tower with Radar,4,13,23,34,74,0,2,22,4,28,4,15,45,38,102,24,18,42,144
08/06/2011,FSM,AR,ASW,CE,Combined TRACON& Tower with Radar,5,7,12,14,38,0,2,10,0,12,5,9,22,14,50,74,32,106,156
08/07/2011,FSM,AR,ASW,CE,Combined TRACON& Tower with Radar,6,10,13,7,36,0,0,17,2,19,6,10,30,9,55,58,6,64,119
08/08/2011,FSM,AR,ASW,CE,Combined TRACON& Tower with Radar,11,15,20,13,59,0,1,18,9,28,11,16,38,22,87,64,4,68,155
08/09/2011,FSM,AR,ASW,CE,Combined TRACON& Tower with Radar,6,10,34,32,82,0,1,56,9,66,6,11,90,41,148,36,16,52,200
08/10/2011,FSM,AR,ASW,CE,Combined TRACON& Tower with Radar,6,14,24,2,46,0,2,6,4,12,6,16,30,6,58,16,0,16,74
08/11/2011,FSM,AR,ASW,CE,Combined TRACON& Tower with Radar,6,11,24,7,48,0,1,8,11,20,6,12,32,18,68,0,4,4,72
08/12/2011,FSM,AR,ASW,CE,Combined TRACON& Tower with Radar,6,17,16,11,50,0,0,6,2,8,6,17,22,13,58,28,16,44,102
08/13/2011,FSM,AR,ASW,CE,Combined TRACON& Tower with Radar,6,4,16,3,29,0,1,24,1,26,6,5,40,4,55,52,0,52,107
08/14/2011,FSM,AR,ASW,CE,Combined TRACON& Tower with Radar,6,7,24,0,37,0,3,25,0,28,6,10,49,0,65,6,0,6,71
08/15/2011,FSM,AR,ASW,CE,Combined TRACON& Tower with Radar,4,8,30,21,63,0,0,28,13,41,4,8,58,34,104,0,52,52,156
08/16/2011,FSM,AR,ASW,CE,Combined TRACON& Tower with Radar,6,8,30,16,60,0,2,19,7,28,6,10,49,23,88,32,12,44,132
08/17/2011,FSM,AR,ASW,CE,Combined TRACON& Tower with Radar,6,14,29,10,59,0,0,18,6,24,6,14,47,16,83,4,4,8,91
08/18/2011,FSM,AR,ASW,CE,Combined TRACON& Tower with Radar,6,14,16,12,48,0,1,19,5,25,6,15,35,17,73,16,4,20,93
08/19/2011,FSM,AR,ASW,CE,Combined TRACON& Tower with Radar,6,10,19,4,39,0,0,19,5,24,6,10,38,9,63,6,14,20,83
08/20/2011,FSM,AR,ASW,CE,Combined TRACON& Tower with Radar,6,6,11,2,25,0,0,25,0,25,6,6,36,2,50,0,0,0,50
08/21/2011,FSM,AR,ASW,CE,Combined TRACON& Tower with Radar,6,6,17,0,29,0,0,7,0,7,6,6,24,0,36,24,0,24,60
08/22/2011,FSM,AR,ASW,CE,Combined TRACON& Tower with Radar,6,13,21,14,54,0,0,7,9,16,6,13,28,23,70,8,0,8,78
08/23/2011,FSM,AR,ASW,CE,Combined TRACON& Tower with Radar,4,16,38,6,64,0,1,9,9,19,4,17,47,15,83,0,0,0,83
08/24/2011,FSM,AR,ASW,CE,Combined TRACON& Tower with Radar,4,14,42,6,66,0,0,28,4,32,4,14,70,10,98,6,0,6,104
08/25/2011,FSM,AR,ASW,CE,Combined TRACON& Tower with Radar,4,15,21,11,51,0,2,34,8,44,4,17,55,19,95,20,8,28,123
08/26/2011,FSM,AR,ASW,CE,Combined TRACON& Tower with Radar,4,12,33,19,68,0,2,25,1,28,4,14,58,20,96,34,8,42,138
08/27/2011,FSM,AR,ASW,CE,Combined TRACON& Tower with Radar,4,11,12,0,27,0,1,36,2,39,4,12,48,2,66,2,0,2,68
08/28/2011,FSM,AR,ASW,CE,Combined TRACON& Tower with Radar,8,8,35,3,54,0,0,27,2,29,8,8,62,5,83,22,0,22,105
08/29/2011,FSM,AR,ASW,CE,Combined TRACON& Tower with Radar,4,15,14,8,41,0,0,16,6,22,4,15,30,14,63,0,10,10,73
08/30/2011,FSM,AR,ASW,CE,Combined TRACON& Tower with Radar,4,13,13,20,50,0,0,27,10,37,4,13,40,30,87,32,28,60,147
08/31/2011,FSM,AR,ASW,CE,Combined TRACON& Tower with Radar,4,20,23,39,86,0,3,27,11,41,4,23,50,50,127,18,48,66,193
09/01/2011,FSM,AR,ASW,CE,Combined TRACON& Tower with Radar,4,12,26,41,83,0,0,17,25,42,4,12,43,66,125,36,64,100,225
09/02/2011,FSM,AR,ASW,CE,Combined TRACON& Tower with Radar,4,17,25,5,51,0,1,17,5,23,4,18,42,10,74,0,0,0,74
09/03/2011,FSM,AR,ASW,CE,Combined TRACON& Tower with Radar,2,8,3,0,13,0,1,11,0,12,2,9,14,0,25,8,0,8,33
09/04/2011,FSM,AR,ASW,CE,Combined TRACON& Tower with Radar,4,7,2,0,13,0,0,6,0,6,4,7,8,0,19,0,0,0,19
09/05/2011,FSM,AR,ASW,CE,Combined TRACON& Tower with Radar,2,12,8,8,30,0,1,15,0,16,2,13,23,8,46,16,0,16,62
09/06/2011,FSM,AR,ASW,CE,Combined TRACON& Tower with Radar,4,13,16,13,46,0,2,18,9,29,4,15,34,22,75,12,2,14,89
09/07/2011,FSM,AR,ASW,CE,Combined TRACON& Tower with Radar,4,14,27,21,66,0,2,30,5,37,4,16,57,26,103,0,0,0,103
09/08/2011,FSM,AR,ASW,CE,Combined TRACON& Tower with Radar,4,12,22,12,50,0,3,17,8,28,4,15,39,20,78,15,24,39,117
09/09/2011,FSM,AR,ASW,CE,Combined TRACON& Tower with Radar,4,12,17,33,66,0,5,25,11,41,4,17,42,44,107,24,48,72,179
09/10/2011,FSM,AR,ASW,CE,Combined TRACON& Tower with Radar,4,8,14,13,39,0,0,17,1,18,4,8,31,14,57,0,0,0,57
09/11/2011,FSM,AR,ASW,CE,Combined TRACON& Tower with Radar,3,9,19,4,35,0,2,18,4,24,3,11,37,8,59,16,0,16,75
09/12/2011,FSM,AR,ASW,CE,Combined TRACON& Tower with Radar,3,13,17,8,41,0,1,8,12,21,3,14,25,20,62,16,34,50,112
09/13/2011,FSM,AR,ASW,CE,Combined TRACON& Tower with Radar,4,17,22,31,74,0,2,21,10,33,4,19,43,41,107,26,48,74,181
09/14/2011,FSM,AR,ASW,CE,Combined TRACON& Tower with Radar,4,15,21,10,50,0,1,7,2,10,4,16,28,12,60,6,8,14,74
09/15/2011,FSM,AR,ASW,CE,Combined TRACON& Tower with Radar,2,14,18,45,79,0,2,8,3,13,2,16,26,48,92,4,42,46,138
09/16/2011,FSM,AR,ASW,CE,Combined TRACON& Tower with Radar,4,17,18,2,41,0,0,1,0,1,4,17,19,2,42,0,0,0,42
09/17/2011,FSM,AR,ASW,CE,Combined TRACON& Tower with Radar,4,10,8,9,31,0,0,10,0,10,4,10,18,9,41,0,0,0,41
09/18/2011,FSM,AR,ASW,CE,Combined TRACON& Tower with Radar,4,12,22,7,45,0,0,13,0,13,4,12,35,7,58,2,0,2,60
09/19/2011,FSM,AR,ASW,CE,Combined TRACON& Tower with Radar,7,15,16,20,58,0,4,13,9,26,7,19,29,29,84,14,8,22,106
09/20/2011,FSM,AR,ASW,CE,Combined TRACON& Tower with Radar,4,12,31,22,69,0,0,25,9,34,4,12,56,31,103,26,22,48,151
09/21/2011,FSM,AR,ASW,CE,Combined TRACON& Tower with Radar,4,17,26,61,108,0,4,16,19,39,4,21,42,80,147,16,26,42,189
09/22/2011,FSM,AR,ASW,CE,Combined TRACON& Tower with Radar,4,13,33,9,59,0,0,1,3,4,4,13,34,12,63,38,0,38,101
09/23/2011,FSM,AR,ASW,CE,Combined TRACON& Tower with Radar,4,14,24,22,64,0,0,22,4,26,4,14,46,26,90,8,0,8,98
09/24/2011,FSM,AR,ASW,CE,Combined TRACON& Tower with Radar,6,12,4,0,22,0,0,17,0,17,6,12,21,0,39,36,0,36,75
09/25/2011,FSM,AR,ASW,CE,Combined TRACON& Tower with Radar,4,6,17,12,39,0,0,18,0,18,4,6,35,12,57,12,0,12,69
09/26/2011,FSM,AR,ASW,CE,Combined TRACON& Tower with Radar,4,14,19,28,65,0,1,17,4,22,4,15,36,32,87,20,12,32,119
09/27/2011,FSM,AR,ASW,CE,Combined TRACON& Tower with Radar,4,12,22,27,65,0,0,31,5,36,4,12,53,32,101,64,50,114,215
09/28/2011,FSM,AR,ASW,CE,Combined TRACON& Tower with Radar,4,15,21,24,64,0,0,27,2,29,4,15,48,26,93,44,4,48,141
09/29/2011,FSM,AR,ASW,CE,Combined TRACON& Tower with Radar,4,12,26,22,64,0,2,35,4,41,4,14,61,26,105,0,32,32,137
09/30/2011,FSM,AR,ASW,CE,Combined TRACON& Tower with Radar,4,12,19,10,45,0,0,46,58,104,4,12,65,68,149,8,0,8,157
10/01/2011,FSM,AR,ASW,CE,Combined TRACON& Tower with Radar,4,8,3,0,15,0,1,31,42,74,4,9,34,42,89,0,0,0,89
10/02/2011,FSM,AR,ASW,CE,Combined TRACON& Tower with Radar,4,10,11,5,30,0,0,24,42,66,4,10,35,47,96,6,0,6,102
10/03/2011,FSM,AR,ASW,CE,Combined TRACON& Tower with Radar,4,12,25,23,64,0,0,35,3,38,4,12,60,26,102,26,6,32,134
10/04/2011,FSM,AR,ASW,CE,Combined TRACON& Tower with Radar,4,13,29,35,81,0,0,16,3,19,4,13,45,38,100,58,42,100,200
10/05/2011,FSM,AR,ASW,CE,Combined TRACON& Tower with Radar,4,15,21,54,94,0,2,28,4,34,4,17,49,58,128,52,32,84,212
10/06/2011,FSM,AR,ASW,CE,Combined TRACON& Tower with Radar,4,15,30,16,65,0,0,36,6,42,4,15,66,22,107,14,12,26,133
10/07/2011,FSM,AR,ASW,CE,Combined TRACON& Tower with Radar,4,13,20,25,62,0,1,27,1,29,4,14,47,26,91,18,16,34,125
10/08/2011,FSM,AR,ASW,CE,Combined TRACON& Tower with Radar,4,9,7,20,40,0,2,29,3,34,4,11,36,23,74,12,8,20,94
10/09/2011,FSM,AR,ASW,CE,Combined TRACON& Tower with Radar,4,10,19,8,41,0,1,29,0,30,4,11,48,8,71,6,0,6,77
10/10/2011,FSM,AR,ASW,CE,Combined TRACON& Tower with Radar,4,15,9,2,30,0,0,6,0,6,4,15,15,2,36,0,0,0,36
10/11/2011,FSM,AR,ASW,CE,Combined TRACON& Tower with Radar,4,13,28,13,58,0,0,17,10,27,4,13,45,23,85,6,14,20,105
10/12/2011,FSM,AR,ASW,CE,Combined TRACON& Tower with Radar,4,16,14,4,38,0,0,9,5,14,4,16,23,9,52,34,8,42,94
10/13/2011,FSM,AR,ASW,CE,Combined TRACON& Tower with Radar,4,15,27,9,55,0,1,23,6,30,4,16,50,15,85,0,0,0,85
10/14/2011,FSM,AR,ASW,CE,Combined TRACON& Tower with Radar,4,14,34,0,52,0,1,35,4,40,4,15,69,4,92,32,0,32,124
10/15/2011,FSM,AR,ASW,CE,Combined TRACON& Tower with Radar,4,8,12,8,32,0,0,25,3,28,4,8,37,11,60,52,4,56,116
10/16/2011,FSM,AR,ASW,CE,Combined TRACON& Tower with Radar,4,10,23,12,49,0,1,32,2,35,4,11,55,14,84,52,6,58,142
10/17/2011,FSM,AR,ASW,CE,Combined TRACON& Tower with Radar,5,12,20,3,40,0,0,30,7,37,5,12,50,10,77,46,2,48,125
10/18/2011,FSM,AR,ASW,CE,Combined TRACON& Tower with Radar,4,19,11,8,42,0,0,8,8,16,4,19,19,16,58,16,0,16,74
10/19/2011,FSM,AR,ASW,CE,Combined TRACON& Tower with Radar,4,15,33,27,79,0,0,12,8,20,4,15,45,35,99,0,4,4,103
10/20/2011,FSM,AR,ASW,CE,Combined TRACON& Tower with Radar,4,18,32,13,67,0,3,26,5,34,4,21,58,18,101,6,18,24,125
10/21/2011,FSM,AR,ASW,CE,Combined TRACON& Tower with Radar,4,11,25,6,46,0,1,17,0,18,4,12,42,6,64,44,0,44,108
10/22/2011,FSM,AR,ASW,CE,Combined TRACON& Tower with Radar,4,9,6,1,20,0,0,12,0,12,4,9,18,1,32,6,0,6,38
10/23/2011,FSM,AR,ASW,CE,Combined TRACON& Tower with Radar,4,12,26,3,45,0,0,8,0,8,4,12,34,3,53,20,10,30,83
10/24/2011,FSM,AR,ASW,CE,Combined TRACON& Tower with Radar,2,14,33,14,63,0,0,8,5,13,2,14,41,19,76,38,6,44,120
10/25/2011,FSM,AR,ASW,CE,Combined TRACON& Tower with Radar,4,14,37,20,75,0,2,10,6,18,4,16,47,26,93,20,36,56,149
10/26/2011,FSM,AR,ASW,CE,Combined TRACON& Tower with Radar,4,16,23,10,53,0,2,6,4,12,4,18,29,14,65,8,30,38,103
10/27/2011,FSM,AR,ASW,CE,Combined TRACON& Tower with Radar,4,14,29,0,47,0,0,0,0,0,4,14,29,0,47,0,0,0,47
10/28/2011,FSM,AR,ASW,CE,Combined TRACON& Tower with Radar,4,12,35,27,78,0,1,30,0,31,4,13,65,27,109,20,54,74,183
10/29/2011,FSM,AR,ASW,CE,Combined TRACON& Tower with Radar,4,10,5,1,20,0,1,35,2,38,4,11,40,3,58,54,4,58,116
10/30/2011,FSM,AR,ASW,CE,Combined TRACON& Tower with Radar,4,10,17,16,47,0,1,22,1,24,4,11,39,17,71,12,0,12,83
10/31/2011,FSM,AR,ASW,CE,Combined TRACON& Tower with Radar,4,12,10,16,42,0,1,13,9,23,4,13,23,25,65,24,72,96,161
11/01/2011,FSM,AR,ASW,CE,Combined TRACON& Tower with Radar,4,13,20,46,83,0,0,10,7,17,4,13,30,53,100,0,0,0,100
11/02/2011,FSM,AR,ASW,CE,Combined TRACON& Tower with Radar,6,16,24,21,67,0,0,8,5,13,6,16,32,26,80,12,36,48,128
11/03/2011,FSM,AR,ASW,CE,Combined TRACON& Tower with Radar,4,12,13,37,66,0,0,4,2,6,4,12,17,39,72,0,88,88,160
11/04/2011,FSM,AR,ASW,CE,Combined TRACON& Tower with Radar,4,15,13,14,46,0,1,27,7,35,4,16,40,21,81,58,14,72,153
11/05/2011,FSM,AR,ASW,CE,Combined TRACON& Tower with Radar,4,17,2,19,42,0,3,15,7,25,4,20,17,26,67,6,24,30,97
11/06/2011,FSM,AR,ASW,CE,Combined TRACON& Tower with Radar,4,11,19,17,51,0,1,9,12,22,4,12,28,29,73,2,70,72,145
11/07/2011,FSM,AR,ASW,CE,Combined TRACON& Tower with Radar,4,21,21,27,73,0,0,2,12,14,4,21,23,39,87,0,12,12,99
11/08/2011,FSM,AR,ASW,CE,Combined TRACON& Tower with Radar,2,12,9,0,23,0,0,0,0,0,2,12,9,0,23,0,0,0,23
11/09/2011,FSM,AR,ASW,CE,Combined TRACON& Tower with Radar,4,15,17,11,47,0,2,25,3,30,4,17,42,14,77,2,4,6,83
11/10/2011,FSM,AR,ASW,CE,Combined TRACON& Tower with Radar,4,15,28,39,86,0,0,37,2,39,4,15,65,41,125,74,84,158,283
11/11/2011,FSM,AR,ASW,CE,Combined TRACON& Tower with Radar,4,14,18,0,36,0,0,26,1,27,4,14,44,1,63,14,0,14,77
11/12/2011,FSM,AR,ASW,CE,Combined TRACON& Tower with Radar,4,9,9,0,22,0,0,8,0,8,4,9,17,0,30,0,0,0,30
11/13/2011,FSM,AR,ASW,CE,Combined TRACON& Tower with Radar,4,10,5,0,19,0,0,11,0,11,4,10,16,0,30,12,0,12,42
11/14/2011,FSM,AR,ASW,CE,Combined TRACON& Tower with Radar,4,20,15,48,87,0,0,11,7,18,4,20,26,55,105,40,74,114,219
11/15/2011,FSM,AR,ASW,CE,Combined TRACON& Tower with Radar,4,13,20,7,44,0,1,1,1,3,4,14,21,8,47,0,0,0,47
11/16/2011,FSM,AR,ASW,CE,Combined TRACON& Tower with Radar,3,12,14,15,44,0,0,8,1,9,3,12,22,16,53,20,18,38,91
11/17/2011,FSM,AR,ASW,CE,Combined TRACON& Tower with Radar,4,17,24,17,62,0,1,49,5,55,4,18,73,22,117,36,30,66,183
11/18/2011,FSM,AR,ASW,CE,Combined TRACON& Tower with Radar,4,12,24,53,93,0,0,27,6,33,4,12,51,59,126,42,30,72,198
11/19/2011,FSM,AR,ASW,CE,Combined TRACON& Tower with Radar,4,8,6,3,21,0,0,8,0,8,4,8,14,3,29,16,0,16,45
11/20/2011,FSM,AR,ASW,CE,Combined TRACON& Tower with Radar,4,7,20,5,36,0,0,0,0,0,4,7,20,5,36,10,0,10,46
11/21/2011,FSM,AR,ASW,CE,Combined TRACON& Tower with Radar,2,11,20,0,33,0,0,0,0,0,2,11,20,0,33,0,0,0,33
11/22/2011,FSM,AR,ASW,CE,Combined TRACON& Tower with Radar,6,10,36,23,75,0,2,2,0,4,6,12,38,23,79,0,10,10,89
11/23/2011,FSM,AR,ASW,CE,Combined TRACON& Tower with Radar,4,13,36,13,66,0,0,31,8,39,4,13,67,21,105,44,44,88,193
11/24/2011,FSM,AR,ASW,CE,Combined TRACON& Tower with Radar,2,8,12,0,22,0,0,3,0,3,2,8,15,0,25,0,0,0,25
11/25/2011,FSM,AR,ASW,CE,Combined TRACON& Tower with Radar,2,11,19,0,32,0,0,21,0,21,2,11,40,0,53,0,0,0,53
11/26/2011,FSM,AR,ASW,CE,Combined TRACON& Tower with Radar,4,9,1,0,14,0,0,0,0,0,4,9,1,0,14,0,0,0,14
11/27/2011,FSM,AR,ASW,CE,Combined TRACON& Tower with Radar,3,12,24,0,39,0,0,7,0,7,3,12,31,0,46,0,0,0,46
11/28/2011,FSM,AR,ASW,CE,Combined TRACON& Tower with Radar,6,17,4,11,38,0,0,16,7,23,6,17,20,18,61,10,0,10,71
11/29/2011,FSM,AR,ASW,CE,Combined TRACON& Tower with Radar,5,15,17,53,90,0,1,12,5,18,5,16,29,58,108,36,28,64,172
11/30/2011,FSM,AR,ASW,CE,Combined TRACON& Tower with Radar,4,12,9,30,55,0,0,24,8,32,4,12,33,38,87,40,52,92,179
12/01/2011,FSM,AR,ASW,CE,Combined TRACON& Tower with Radar,4,22,18,37,81,0,0,20,10,30,4,22,38,47,111,72,52,124,235
12/02/2011,FSM,AR,ASW,CE,Combined TRACON& Tower with Radar,2,16,32,11,61,0,0,14,11,25,2,16,46,22,86,14,6,20,106
12/03/2011,FSM,AR,ASW,CE,Combined TRACON& Tower with Radar,6,9,14,8,37,0,0,7,15,22,6,9,21,23,59,62,4,66,125
12/04/2011,FSM,AR,ASW,CE,Combined TRACON& Tower with Radar,4,12,16,2,34,0,0,1,0,1,4,12,17,2,35,0,0,0,35
12/05/2011,FSM,AR,ASW,CE,Combined TRACON& Tower with Radar,4,13,10,24,51,0,0,7,1,8,4,13,17,25,59,0,76,76,135
12/06/2011,FSM,AR,ASW,CE,Combined TRACON& Tower with Radar,2,16,17,10,45,0,0,9,0,9,2,16,26,10,54,50,20,70,124
12/07/2011,FSM,AR,ASW,CE,Combined TRACON& Tower with Radar,4,14,16,15,49,0,0,29,3,32,4,14,45,18,81,22,36,58,139
12/08/2011,FSM,AR,ASW,CE,Combined TRACON& Tower with Radar,4,11,28,12,55,0,2,34,8,44,4,13,62,20,99,0,40,40,139
12/09/2011,FSM,AR,ASW,CE,Combined TRACON& Tower with Radar,4,14,26,17,61,0,1,61,2,64,4,15,87,19,125,46,22,68,193
12/10/2011,FSM,AR,ASW,CE,Combined TRACON& Tower with Radar,4,9,28,10,51,0,1,45,2,48,4,10,73,12,99,64,10,74,173
12/11/2011,FSM,AR,ASW,CE,Combined TRACON& Tower with Radar,4,8,18,0,30,0,0,16,0,16,4,8,34,0,46,12,0,12,58
12/12/2011,FSM,AR,ASW,CE,Combined TRACON& Tower with Radar,4,13,27,25,69,0,0,17,5,22,4,13,44,30,91,10,10,20,111
12/13/2011,FSM,AR,ASW,CE,Combined TRACON& Tower with Radar,4,16,28,52,100,0,0,10,12,22,4,16,38,64,122,14,62,76,198
12/14/2011,FSM,AR,ASW,CE,Combined TRACON& Tower with Radar,4,13,24,3,44,0,0,1,1,2,4,13,25,4,46,0,2,2,48
12/15/2011,FSM,AR,ASW,CE,Combined TRACON& Tower with Radar,4,13,15,20,52,0,0,7,3,10,4,13,22,23,62,0,60,60,122
12/16/2011,FSM,AR,ASW,CE,Combined TRACON& Tower with Radar,8,12,32,28,80,0,0,58,7,65,8,12,90,35,145,22,48,70,215
12/17/2011,FSM,AR,ASW,CE,Combined TRACON& Tower with Radar,4,10,15,2,31,0,0,63,1,64,4,10,78,3,95,40,2,42,137
12/18/2011,FSM,AR,ASW,CE,Combined TRACON& Tower with Radar,4,8,15,6,33,0,2,45,0,47,4,10,60,6,80,54,4,58,138
12/19/2011,FSM,AR,ASW,CE,Combined TRACON& Tower with Radar,4,15,13,9,41,0,0,11,5,16,4,15,24,14,57,0,0,0,57
12/20/2011,FSM,AR,ASW,CE,Combined TRACON& Tower with Radar,4,12,24,18,58,0,0,9,2,11,4,12,33,20,69,18,44,62,131
12/21/2011,FSM,AR,ASW,CE,Combined TRACON& Tower with Radar,4,19,18,24,65,0,0,28,4,32,4,19,46,28,97,0,4,4,101
12/22/2011,FSM,AR,ASW,CE,Combined TRACON& Tower with Radar,4,17,19,8,48,0,3,64,7,74,4,20,83,15,122,68,14,82,204
12/23/2011,FSM,AR,ASW,CE,Combined TRACON& Tower with Radar,4,13,30,0,47,0,0,34,0,34,4,13,64,0,81,34,0,34,115
12/24/2011,FSM,AR,ASW,CE,Combined TRACON& Tower with Radar,2,6,12,0,20,0,0,10,0,10,2,6,22,0,30,54,0,54,84
12/25/2011,FSM,AR,ASW,CE,Combined TRACON& Tower with Radar,2,6,3,0,11,0,0,13,0,13,2,6,16,0,24,36,0,36,60
12/26/2011,FSM,AR,ASW,CE,Combined TRACON& Tower with Radar,4,16,16,0,36,0,0,5,0,5,4,16,21,0,41,6,0,6,47
12/27/2011,FSM,AR,ASW,CE,Combined TRACON& Tower with Radar,4,12,16,7,39,0,0,13,4,17,4,12,29,11,56,50,0,50,106
12/28/2011,FSM,AR,ASW,CE,Combined TRACON& Tower with Radar,4,12,19,7,42,0,0,27,6,33,4,12,46,13,75,26,12,38,113
12/29/2011,FSM,AR,ASW,CE,Combined TRACON& Tower with Radar,4,14,17,8,43,0,1,36,4,41,4,15,53,12,84,24,0,24,108
12/30/2011,FSM,AR,ASW,CE,Combined TRACON& Tower with Radar,4,11,14,3,32,0,2,26,2,30,4,13,40,5,62,30,6,36,98
12/31/2011,FSM,AR,ASW,CE,Combined TRACON& Tower with Radar,2,7,5,0,14,0,0,28,0,28,2,7,33,0,42,0,0,0,42
01/01/2012,FSM,AR,ASW,CE,Combined TRACON& Tower with Radar,2,10,7,0,19,0,0,19,0,19,2,10,26,0,38,28,0,28,66
01/02/2012,FSM,AR,ASW,CE,Combined TRACON& Tower with Radar,4,12,15,0,31,0,0,27,0,27,4,12,42,0,58,16,0,16,74
01/03/2012,FSM,AR,ASW,CE,Combined TRACON& Tower with Radar,4,12,12,28,56,0,1,25,5,31,4,13,37,33,87,32,60,92,179
01/04/2012,FSM,AR,ASW,CE,Combined TRACON& Tower with Radar,4,13,11,19,47,0,0,23,7,30,4,13,34,26,77,90,6,96,173
01/05/2012,FSM,AR,ASW,CE,Combined TRACON& Tower with Radar,4,13,16,28,61,0,2,25,6,33,4,15,41,34,94,72,32,104,198
01/06/2012,FSM,AR,ASW,CE,Combined TRACON& Tower with Radar,4,14,26,26,70,0,3,28,6,37,4,17,54,32,107,48,30,78,185
01/07/2012,FSM,AR,ASW,CE,Combined TRACON& Tower with Radar,4,8,8,33,53,0,0,10,11,21,4,8,18,44,74,20,6,26,100
01/08/2012,FSM,AR,ASW,CE,Combined TRACON& Tower with Radar,2,25,29,23,79,0,0,21,5,26,2,25,50,28,105,20,4,24,129
01/09/2012,FSM,AR,ASW,CE,Combined TRACON& Tower with Radar,4,14,9,38,65,0,1,14,7,22,4,15,23,45,87,10,28,38,125
01/10/2012,FSM,AR,ASW,CE,Combined TRACON& Tower with Radar,4,12,11,12,39,0,0,0,0,0,4,12,11,12,39,0,0,0,39
01/11/2012,FSM,AR,ASW,CE,Combined TRACON& Tower with Radar,4,15,18,37,74,0,0,13,10,23,4,15,31,47,97,32,56,88,185
01/12/2012,FSM,AR,ASW,CE,Combined TRACON& Tower with Radar,4,17,11,5,37,0,0,5,8,13,4,17,16,13,50,0,0,0,50
01/13/2012,FSM,AR,ASW,CE,Combined TRACON& Tower with Radar,4,12,24,10,50,0,0,28,3,31,4,12,52,13,81,0,24,24,105
01/14/2012,FSM,AR,ASW,CE,Combined TRACON& Tower with Radar,4,8,11,6,29,0,3,19,0,22,4,11,30,6,51,28,16,44,95
01/15/2012,FSM,AR,ASW,CE,Combined TRACON& Tower with Radar,4,8,9,2,23,0,0,25,0,25,4,8,34,2,48,4,0,4,52
01/16/2012,FSM,AR,ASW,CE,Combined TRACON& Tower with Radar,4,13,16,8,41,0,0,4,0,4,4,13,20,8,45,8,0,8,53
01/17/2012,FSM,AR,ASW,CE,Combined TRACON& Tower with Radar,4,11,12,13,40,0,0,7,6,13,4,11,19,19,53,0,0,0,53
01/18/2012,FSM,AR,ASW,CE,Combined TRACON& Tower with Radar,4,14,20,25,63,0,1,22,19,42,4,15,42,44,105,44,24,68,173
01/19/2012,FSM,AR,ASW,CE,Combined TRACON& Tower with Radar,4,14,17,21,56,0,0,23,5,28,4,14,40,26,84,32,8,40,124
01/20/2012,FSM,AR,ASW,CE,Combined TRACON& Tower with Radar,6,12,15,17,50,0,0,8,0,8,6,12,23,17,58,0,0,0,58
01/21/2012,FSM,AR,ASW,CE,Combined TRACON& Tower with Radar,4,12,19,8,43,0,1,13,0,14,4,13,32,8,57,34,0,34,91
01/22/2012,FSM,AR,ASW,CE,Combined TRACON& Tower with Radar,4,11,10,15,40,0,2,1,0,3,4,13,11,15,43,0,10,10,53
01/23/2012,FSM,AR,ASW,CE,Combined TRACON& Tower with Radar,4,13,26,27,70,0,2,26,10,38,4,15,52,37,108,2,4,6,114
01/24/2012,FSM,AR,ASW,CE,Combined TRACON& Tower with Radar,2,13,27,27,69,0,1,14,7,22,2,14,41,34,91,28,20,48,139
01/25/2012,FSM,AR,ASW,CE,Combined TRACON& Tower with Radar,4,16,11,0,31,0,0,0,0,0,4,16,11,0,31,0,0,0,31
01/26/2012,FSM,AR,ASW,CE,Combined TRACON& Tower with Radar,4,19,23,22,68,0,0,4,17,21,4,19,27,39,89,36,4,40,129
01/27/2012,FSM,AR,ASW,CE,Combined TRACON& Tower with Radar,4,23,25,35,87,0,0,30,3,33,4,23,55,38,120,0,36,36,156
01/28/2012,FSM,AR,ASW,CE,Combined TRACON& Tower with Radar,4,8,15,9,36,0,2,31,1,34,4,10,46,10,70,66,0,66,136
01/29/2012,FSM,AR,ASW,CE,Combined TRACON& Tower with Radar,4,8,10,4,26,0,4,41,0,45,4,12,51,4,71,38,0,38,109
01/30/2012,FSM,AR,ASW,CE,Combined TRACON& Tower with Radar,5,13,20,80,118,0,1,13,10,24,5,14,33,90,142,34,64,98,240
01/31/2012,FSM,AR,ASW,CE,Combined TRACON& Tower with Radar,0,16,26,25,67,0,0,2,3,5,0,16,28,28,72,0,84,84,156
02/01/2012,FSM,AR,ASW,CE,Combined TRACON& Tower with Radar,0,15,18,42,75,0,2,8,7,17,0,17,26,49,92,0,28,28,120
02/02/2012,FSM,AR,ASW,CE,Combined TRACON& Tower with Radar,0,17,20,91,128,0,1,16,3,20,0,18,36,94,148,56,158,214,362
02/03/2012,FSM,AR,ASW,CE,Combined TRACON& Tower with Radar,0,17,25,0,42,0,0,0,0,0,0,17,25,0,42,0,4,4,46
02/04/2012,FSM,AR,ASW,CE,Combined TRACON& Tower with Radar,0,15,12,8,35,0,1,2,0,3,0,16,14,8,38,12,0,12,50
02/05/2012,FSM,AR,ASW,CE,Combined TRACON& Tower with Radar,0,12,20,20,52,0,0,6,1,7,0,12,26,21,59,16,0,16,75
02/06/2012,FSM,AR,ASW,CE,Combined TRACON& Tower with Radar,0,18,24,10,52,0,3,24,3,30,0,21,48,13,82,0,30,30,112
02/07/2012,FSM,AR,ASW,CE,Combined TRACON& Tower with Radar,0,21,22,14,57,0,1,8,8,17,0,22,30,22,74,0,12,12,86
02/08/2012,FSM,AR,ASW,CE,Combined TRACON& Tower with Radar,0,16,23,12,51,0,1,4,9,14,0,17,27,21,65,20,18,38,103
02/09/2012,FSM,AR,ASW,CE,Combined TRACON& Tower with Radar,0,17,41,51,109,0,0,11,9,20,0,17,52,60,129,54,32,86,215
02/10/2012,FSM,AR,ASW,CE,Combined TRACON& Tower with Radar,2,17,10,11,40,0,0,2,0,2,2,17,12,11,42,0,24,24,66
02/11/2012,FSM,AR,ASW,CE,Combined TRACON& Tower with Radar,0,13,14,8,35,0,2,27,2,31,0,15,41,10,66,8,0,8,74
02/12/2012,FSM,AR,ASW,CE,Combined TRACON& Tower with Radar,0,13,21,17,51,0,3,28,2,33,0,16,49,19,84,40,0,40,124
02/13/2012,FSM,AR,ASW,CE,Combined TRACON& Tower with Radar,0,16,5,4,25,0,0,0,0,0,0,16,5,4,25,0,0,0,25
02/14/2012,FSM,AR,ASW,CE,Combined TRACON& Tower with Radar,0,20,23,15,58,0,2,14,0,16,0,22,37,15,74,22,0,22,96
02/15/2012,FSM,AR,ASW,CE,Combined TRACON& Tower with Radar,0,16,11,12,39,0,0,1,0,1,0,16,12,12,40,0,0,0,40
02/16/2012,FSM,AR,ASW,CE,Combined TRACON& Tower with Radar,0,16,24,45,85,0,0,15,2,17,0,16,39,47,102,18,26,44,146
02/17/2012,FSM,AR,ASW,CE,Combined TRACON& Tower with Radar,0,20,28,22,70,0,0,35,0,35,0,20,63,22,105,46,8,54,159
02/18/2012,FSM,AR,ASW,CE,Combined TRACON& Tower with Radar,0,10,17,1,28,0,0,21,3,24,0,10,38,4,52,22,0,22,74
02/19/2012,FSM,AR,ASW,CE,Combined TRACON& Tower with Radar,0,13,24,7,44,0,1,29,0,30,0,14,53,7,74,32,0,32,106
02/20/2012,FSM,AR,ASW,CE,Combined TRACON& Tower with Radar,0,17,16,11,44,0,2,16,1,19,0,19,32,12,63,0,0,0,63
02/21/2012,FSM,AR,ASW,CE,Combined TRACON& Tower with Radar,0,16,24,36,76,0,2,20,0,22,0,18,44,36,98,6,30,36,134
02/22/2012,FSM,AR,ASW,CE,Combined TRACON& Tower with Radar,0,18,24,113,155,0,0,16,1,17,0,18,40,114,172,0,168,168,340
02/23/2012,FSM,AR,ASW,CE,Combined TRACON& Tower with Radar,0,24,18,18,60,0,0,9,0,9,0,24,27,18,69,0,2,2,71
02/24/2012,FSM,AR,ASW,CE,Combined TRACON& Tower with Radar,0,19,22,38,79,0,1,21,1,23,0,20,43,39,102,0,46,46,148
02/25/2012,FSM,AR,ASW,CE,Combined TRACON& Tower with Radar,2,14,17,10,43,0,1,28,0,29,2,15,45,10,72,20,0,20,92
02/26/2012,FSM,AR,ASW,CE,Combined TRACON& Tower with Radar,0,12,13,39,64,0,0,24,7,31,0,12,37,46,95,28,18,46,141
02/27/2012,FSM,AR,ASW,CE,Combined TRACON& Tower with Radar,0,28,21,47,96,0,1,18,0,19,0,29,39,47,115,46,56,102,217
02/28/2012,FSM,AR,ASW,CE,Combined TRACON& Tower with Radar,0,18,17,24,59,0,1,5,9,15,0,19,22,33,74,34,16,50,124
02/29/2012,FSM,AR,ASW,CE,Combined TRACON& Tower with Radar,0,19,18,42,79,0,0,31,6,37,0,19,49,48,116,16,68,84,200
03/01/2012,FSM,AR,ASW,CE,Combined TRACON& Tower with Radar,0,20,19,35,74,0,1,18,24,43,0,21,37,59,117,24,36,60,177
03/02/2012,FSM,AR,ASW,CE,Combined TRACON& Tower with Radar,0,19,13,41,73,0,2,11,12,25,0,21,24,53,98,10,22,32,130
03/03/2012,FSM,AR,ASW,CE,Combined TRACON& Tower with Radar,0,12,7,2,21,0,1,23,7,31,0,13,30,9,52,4,0,4,56
03/04/2012,FSM,AR,ASW,CE,Combined TRACON& Tower with Radar,0,16,8,4,28,0,3,19,0,22,0,19,27,4,50,0,0,0,50
03/05/2012,FSM,AR,ASW,CE,Combined TRACON& Tower with Radar,0,19,17,25,61,0,6,31,15,52,0,25,48,40,113,42,0,42,155
03/06/2012,FSM,AR,ASW,CE,Combined TRACON& Tower with Radar,0,17,27,29,73,0,0,8,9,17,0,17,35,38,90,3,28,31,121
03/07/2012,FSM,AR,ASW,CE,Combined TRACON& Tower with Radar,0,19,29,15,63,0,0,6,7,13,0,19,35,22,76,2,2,4,80
03/08/2012,FSM,AR,ASW,CE,Combined TRACON& Tower with Radar,0,19,11,18,48,0,0,0,0,0,0,19,11,18,48,0,8,8,56
03/09/2012,FSM,AR,ASW,CE,Combined TRACON& Tower with Radar,0,16,16,21,53,0,0,29,4,33,0,16,45,25,86,36,18,54,140
03/10/2012,FSM,AR,ASW,CE,Combined TRACON& Tower with Radar,2,12,18,17,49,0,1,34,0,35,2,13,52,17,84,74,0,74,158
03/11/2012,FSM,AR,ASW,CE,Combined TRACON& Tower with Radar,0,12,15,0,27,0,0,0,0,0,0,12,15,0,27,0,0,0,27
03/12/2012,FSM,AR,ASW,CE,Combined TRACON& Tower with Radar,0,12,27,61,100,0,0,17,5,22,0,12,44,66,122,14,12,26,148
03/13/2012,FSM,AR,ASW,CE,Combined TRACON& Tower with Radar,0,14,27,54,95,0,0,24,7,31,0,14,51,61,126,62,20,82,208
03/14/2012,FSM,AR,ASW,CE,Combined TRACON& Tower with Radar,0,17,16,12,45,0,0,10,11,21,0,17,26,23,66,2,22,24,90
03/15/2012,FSM,AR,ASW,CE,Combined TRACON& Tower with Radar,0,15,24,17,56,0,0,11,3,14,0,15,35,20,70,0,18,18,88
03/16/2012,FSM,AR,ASW,CE,Combined TRACON& Tower with Radar,0,16,35,35,86,0,1,21,4,26,0,17,56,39,112,10,38,48,160
03/17/2012,FSM,AR,ASW,CE,Combined TRACON& Tower with Radar,0,17,18,0,35,0,1,19,0,20,0,18,37,0,55,12,0,12,67
03/18/2012,FSM,AR,ASW,CE,Combined TRACON& Tower with Radar,0,14,15,8,37,0,0,15,0,15,0,14,30,8,52,10,0,10,62
03/19/2012,FSM,AR,ASW,CE,Combined TRACON& Tower with Radar,0,13,13,4,30,0,1,2,5,8,0,14,15,9,38,0,1,1,39
03/20/2012,FSM,AR,ASW,CE,Combined TRACON& Tower with Radar,0,16,5,2,23,0,0,0,0,0,0,16,5,2,23,0,0,0,23
03/21/2012,FSM,AR,ASW,CE,Combined TRACON& Tower with Radar,4,15,27,3,49,0,0,6,4,10,4,15,33,7,59,0,2,2,61
03/22/2012,FSM,AR,ASW,CE,Combined TRACON& Tower with Radar,2,17,21,17,57,0,0,5,0,5,2,17,26,17,62,0,0,0,62
03/23/2012,FSM,AR,ASW,CE,Combined TRACON& Tower with Radar,0,16,23,14,53,0,0,22,2,24,0,16,45,16,77,2,6,8,85
03/24/2012,FSM,AR,ASW,CE,Combined TRACON& Tower with Radar,0,12,16,6,34,0,0,28,3,31,0,12,44,9,65,84,0,84,149
03/25/2012,FSM,AR,ASW,CE,Combined TRACON& Tower with Radar,0,13,24,8,45,0,0,52,2,54,0,13,76,10,99,62,0,62,161
03/26/2012,FSM,AR,ASW,CE,Combined TRACON& Tower with Radar,0,20,21,9,50,0,2,27,4,33,0,22,48,13,83,84,42,126,209
03/27/2012,FSM,AR,ASW,CE,Combined TRACON& Tower with Radar,3,21,21,19,64,0,3,29,9,41,3,24,50,28,105,8,34,42,147
03/28/2012,FSM,AR,ASW,CE,Combined TRACON& Tower with Radar,6,17,22,41,86,0,0,18,3,21,6,17,40,44,107,68,0,68,175
03/29/2012,FSM,AR,ASW,CE,Combined TRACON& Tower with Radar,5,17,29,11,62,0,2,15,14,31,5,19,44,25,93,36,4,40,133
03/30/2012,FSM,AR,ASW,CE,Combined TRACON& Tower with Radar,0,17,38,16,71,0,0,18,4,22,0,17,56,20,93,22,26,48,141
03/31/2012,FSM,AR,ASW,CE,Combined TRACON& Tower with Radar,2,16,16,13,47,0,0,16,1,17,2,16,32,14,64,42,0,42,106
04/01/2012,FSM,AR,ASW,CE,Combined TRACON& Tower with Radar,0,17,24,4,45,0,0,28,0,28,0,17,52,4,73,0,0,0,73
04/02/2012,FSM,AR,ASW,CE,Combined TRACON& Tower with Radar,0,18,18,12,48,0,1,10,2,13,0,19,28,14,61,16,0,16,77
04/03/2012,FSM,AR,ASW,CE,Combined TRACON& Tower with Radar,0,14,15,3,32,0,0,3,3,6,0,14,18,6,38,0,12,12,50
04/04/2012,FSM,AR,ASW,CE,Combined TRACON& Tower with Radar,0,16,22,24,62,0,0,6,6,12,0,16,28,30,74,0,0,0,74
04/05/2012,FSM,AR,ASW,CE,Combined TRACON& Tower with Radar,0,21,27,36,84,0,1,25,9,35,0,22,52,45,119,12,70,82,201
04/06/2012,FSM,AR,ASW,CE,Combined TRACON& Tower with Radar,0,17,32,2,51,0,3,32,0,35,0,20,64,2,86,6,0,6,92
04/07/2012,FSM,AR,ASW,CE,Combined TRACON& Tower with Radar,0,10,11,0,21,0,0,14,0,14,0,10,25,0,35,36,0,36,71
04/08/2012,FSM,AR,ASW,CE,Combined TRACON& Tower with Radar,0,10,18,2,30,0,0,3,0,3,0,10,21,2,33,0,0,0,33
04/09/2012,FSM,AR,ASW,CE,Combined TRACON& Tower with Radar,0,17,37,6,60,0,1,21,7,29,0,18,58,13,89,32,0,32,121
04/10/2012,FSM,AR,ASW,CE,Combined TRACON& Tower with Radar,0,18,26,4,48,0,0,13,8,21,0,18,39,12,69,12,0,12,81
04/11/2012,FSM,AR,ASW,CE,Combined TRACON& Tower with Radar,0,18,20,5,43,0,1,8,7,16,0,19,28,12,59,2,0,2,61
04/12/2012,FSM,AR,ASW,CE,Combined TRACON& Tower with Radar,0,19,21,17,57,0,1,19,8,28,0,20,40,25,85,2,34,36,121
04/13/2012,FSM,AR,ASW,CE,Combined TRACON& Tower with Radar,0,19,36,29,84,0,0,4,10,14,0,19,40,39,98,4,0,4,102
04/14/2012,FSM,AR,ASW,CE,Combined TRACON& Tower with Radar,2,14,12,11,39,0,1,9,6,16,2,15,21,17,55,16,10,26,81
04/15/2012,FSM,AR,ASW,CE,Combined TRACON& Tower with Radar,0,8,6,0,14,0,0,0,0,0,0,8,6,0,14,0,0,0,14
04/16/2012,FSM,AR,ASW,CE,Combined TRACON& Tower with Radar,0,18,22,14,54,0,1,13,11,25,0,19,35,25,79,24,12,36,115
04/17/2012,FSM,AR,ASW,CE,Combined TRACON& Tower with Radar,0,23,31,20,74,0,2,19,16,37,0,25,50,36,111,58,2,60,171
04/18/2012,FSM,AR,ASW,CE,Combined TRACON& Tower with Radar,2,21,22,36,81,0,1,33,10,44,2,22,55,46,125,6,70,76,201
04/19/2012,FSM,AR,ASW,CE,Combined TRACON& Tower with Radar,2,21,13,47,83,0,4,14,17,35,2,25,27,64,118,4,62,66,184
04/20/2012,FSM,AR,ASW,CE,Combined TRACON& Tower with Radar,0,19,16,22,57,0,0,3,3,6,0,19,19,25,63,4,0,4,67
04/21/2012,FSM,AR,ASW,CE,Combined TRACON& Tower with Radar,0,19,20,4,43,0,6,25,1,32,0,25,45,5,75,56,0,56,131
04/22/2012,FSM,AR,ASW,CE,Combined TRACON& Tower with Radar,0,13,27,31,71,0,3,28,2,33,0,16,55,33,104,0,4,4,108
04/23/2012,FSM,AR,ASW,CE,Combined TRACON& Tower with Radar,0,21,20,34,75,0,2,18,8,28,0,23,38,42,103,24,66,90,193
04/24/2012,FSM,AR,ASW,CE,Combined TRACON& Tower with Radar,0,19,27,21,67,0,2,27,7,36,0,21,54,28,103,22,0,22,125
04/25/2012,FSM,AR,ASW,CE,Combined TRACON& Tower with Radar,0,19,24,52,95,0,2,18,3,23,0,21,42,55,118,0,26,26,144
04/26/2012,FSM,AR,ASW,CE,Combined TRACON& Tower with Radar,4,23,31,25,83,0,1,28,5,34,4,24,59,30,117,0,10,10,127
04/27/2012,FSM,AR,ASW,CE,Combined TRACON& Tower with Radar,2,21,26,6,55,0,0,14,0,14,2,21,40,6,69,24,0,24,93
04/28/2012,FSM,AR,ASW,CE,Combined TRACON& Tower with Radar,0,12,13,0,25,0,1,28,0,29,0,13,41,0,54,24,0,24,78
04/29/2012,FSM,AR,ASW,CE,Combined TRACON& Tower with Radar,0,15,8,2,25,0,2,17,4,23,0,17,25,6,48,6,0,6,54
04/30/2012,FSM,AR,ASW,CE,Combined TRACON& Tower with Radar,0,17,17,14,48,0,0,6,5,11,0,17,23,19,59,0,0,0,59
05/01/2012,FSM,AR,ASW,CE,Combined TRACON& Tower with Radar,0,17,17,9,43,0,0,15,1,16,0,17,32,10,59,0,0,0,59
05/02/2012,FSM,AR,ASW,CE,Combined TRACON& Tower with Radar,0,17,20,5,42,0,1,16,7,24,0,18,36,12,66,40,0,40,106
05/03/2012,FSM,AR,ASW,CE,Combined TRACON& Tower with Radar,0,18,39,28,85,0,1,22,2,25,0,19,61,30,110,10,20,30,140
05/04/2012,FSM,AR,ASW,CE,Combined TRACON& Tower with Radar,0,16,29,24,69,0,0,25,5,30,0,16,54,29,99,0,0,0,99
05/05/2012,FSM,AR,ASW,CE,Combined TRACON& Tower with Radar,0,13,13,6,32,0,0,24,5,29,0,13,37,11,61,6,6,12,73
05/06/2012,FSM,AR,ASW,CE,Combined TRACON& Tower with Radar,0,15,18,15,48,0,0,19,0,19,0,15,37,15,67,18,0,18,85
05/07/2012,FSM,AR,ASW,CE,Combined TRACON& Tower with Radar,0,16,4,6,26,0,2,9,2,13,0,18,13,8,39,18,0,18,57
05/08/2012,FSM,AR,ASW,CE,Combined TRACON& Tower with Radar,0,17,20,15,52,0,3,22,9,34,0,20,42,24,86,10,0,10,96
05/09/2012,FSM,AR,ASW,CE,Combined TRACON& Tower with Radar,4,16,15,14,49,0,1,24,8,33,4,17,39,22,82,8,0,8,90
05/10/2012,FSM,AR,ASW,CE,Combined TRACON& Tower with Radar,2,18,29,8,57,0,1,30,4,35,2,19,59,12,92,22,10,32,124
05/11/2012,FSM,AR,ASW,CE,Combined TRACON& Tower with Radar,0,24,16,13,53,0,1,13,0,14,0,25,29,13,67,0,0,0,67
05/12/2012,FSM,AR,ASW,CE,Combined TRACON& Tower with Radar,0,10,15,2,27,0,3,12,2,17,0,13,27,4,44,14,0,14,58
05/13/2012,FSM,AR,ASW,CE,Combined TRACON& Tower with Radar,0,12,9,8,29,0,0,22,2,24,0,12,31,10,53,10,0,10,63
05/14/2012,FSM,AR,ASW,CE,Combined TRACON& Tower with Radar,2,17,25,23,67,0,1,21,15,37,2,18,46,38,104,50,18,68,172
05/15/2012,FSM,AR,ASW,CE,Combined TRACON& Tower with Radar,0,17,22,36,75,0,3,35,7,45,0,20,57,43,120,48,26,74,194
05/16/2012,FSM,AR,ASW,CE,Combined TRACON& Tower with Radar,2,15,14,31,62,0,3,36,14,53,2,18,50,45,115,34,38,72,187
05/17/2012,FSM,AR,ASW,CE,Combined TRACON& Tower with Radar,6,17,30,28,81,0,2,24,8,34,6,19,54,36,115,30,44,74,189
05/18/2012,FSM,AR,ASW,CE,Combined TRACON& Tower with Radar,2,23,13,35,73,0,1,17,6,24,2,24,30,41,97,32,24,56,153
05/19/2012,FSM,AR,ASW,CE,Combined TRACON& Tower with Radar,0,10,14,3,27,0,2,24,0,26,0,12,38,3,53,30,0,30,83
05/20/2012,FSM,AR,ASW,CE,Combined TRACON& Tower with Radar,0,12,12,2,26,0,2,21,0,23,0,14,33,2,49,30,0,30,79
05/21/2012,FSM,AR,ASW,CE,Combined TRACON& Tower with Radar,0,22,14,22,58,0,1,20,5,26,0,23,34,27,84,27,44,71,155
05/22/2012,FSM,AR,ASW,CE,Combined TRACON& Tower with Radar,0,19,29,14,62,0,0,18,6,24,0,19,47,20,86,4,71,75,161
05/23/2012,FSM,AR,ASW,CE,Combined TRACON& Tower with Radar,0,19,21,16,56,0,2,26,7,35,0,21,47,23,91,0,0,0,91
05/24/2012,FSM,AR,ASW,CE,Combined TRACON& Tower with Radar,0,27,26,12,65,0,0,15,4,19,0,27,41,16,84,20,40,60,144
05/25/2012,FSM,AR,ASW,CE,Combined TRACON& Tower with Radar,0,22,28,13,63,0,1,22,0,23,0,23,50,13,86,0,0,0,86
05/26/2012,FSM,AR,ASW,CE,Combined TRACON& Tower with Radar,0,11,11,3,25,0,2,18,0,20,0,13,29,3,45,0,0,0,45
05/27/2012,FSM,AR,ASW,CE,Combined TRACON& Tower with Radar,0,15,9,0,24,0,0,7,4,11,0,15,16,4,35,0,0,0,35
05/28/2012,FSM,AR,ASW,CE,Combined TRACON& Tower with Radar,0,12,9,7,28,0,1,15,0,16,0,13,24,7,44,0,0,0,44
05/29/2012,FSM,AR,ASW,CE,Combined TRACON& Tower with Radar,0,16,11,6,33,0,1,17,6,24,0,17,28,12,57,18,10,28,85
05/30/2012,FSM,AR,ASW,CE,Combined TRACON& Tower with Radar,2,14,19,29,64,0,2,32,10,44,2,16,51,39,108,7,70,77,185
05/31/2012,FSM,AR,ASW,CE,Combined TRACON& Tower with Radar,2,15,23,18,58,0,1,19,9,29,2,16,42,27,87,42,48,90,177
06/01/2012,FSM,AR,ASW,CE,Combined TRACON& Tower with Radar,0,16,19,23,58,0,1,22,11,34,0,17,41,34,92,0,24,24,116
06/02/2012,FSM,AR,ASW,CE,Combined TRACON& Tower with Radar,0,15,25,1,41,0,2,26,23,51,0,17,51,24,92,18,2,20,112
06/03/2012,FSM,AR,ASW,CE,Combined TRACON& Tower with Radar,0,14,12,19,45,0,1,24,7,32,0,15,36,26,77,44,12,56,133
06/04/2012,FSM,AR,ASW,CE,Combined TRACON& Tower with Radar,4,19,19,13,55,0,1,14,19,34,4,20,33,32,89,0,0,0,89
06/05/2012,FSM,AR,ASW,CE,Combined TRACON& Tower with Radar,3,16,23,7,49,0,0,35,18,53,3,16,58,25,102,38,16,54,156
06/06/2012,FSM,AR,ASW,CE,Combined TRACON& Tower with Radar,2,24,17,35,78,0,4,23,16,43,2,28,40,51,121,50,88,138,259
06/07/2012,FSM,AR,ASW,CE,Combined TRACON& Tower with Radar,6,25,27,24,82,0,0,39,20,59,6,25,66,44,141,66,30,96,237
06/08/2012,FSM,AR,ASW,CE,Combined TRACON& Tower with Radar,2,16,21,22,61,0,0,31,3,34,2,16,52,25,95,54,10,64,159
06/09/2012,FSM,AR,ASW,CE,Combined TRACON& Tower with Radar,2,12,13,19,46,0,1,21,5,27,2,13,34,24,73,6,0,6,79
06/10/2012,FSM,AR,ASW,CE,Combined TRACON& Tower with Radar,0,15,12,30,57,0,1,24,7,32,0,16,36,37,89,18,8,26,115
06/11/2012,FSM,AR,ASW,CE,Combined TRACON& Tower with Radar,2,17,19,13,51,0,1,15,14,30,2,18,34,27,81,0,2,2,83
06/12/2012,FSM,AR,ASW,CE,Combined TRACON& Tower with Radar,7,21,23,19,70,0,0,15,10,25,7,21,38,29,95,8,36,44,139
06/13/2012,FSM,AR,ASW,CE,Combined TRACON& Tower with Radar,4,21,39,45,109,0,1,21,16,38,4,22,60,61,147,14,40,54,201
06/14/2012,FSM,AR,ASW,CE,Combined TRACON& Tower with Radar,5,25,30,41,101,0,1,30,8,39,5,26,60,49,140,52,32,84,224
06/15/2012,FSM,AR,ASW,CE,Combined TRACON& Tower with Radar,3,19,15,15,52,0,1,19,13,33,3,20,34,28,85,6,40,46,131
06/16/2012,FSM,AR,ASW,CE,Combined TRACON& Tower with Radar,0,14,7,8,29,0,1,36,2,39,0,15,43,10,68,20,0,20,88
06/17/2012,FSM,AR,ASW,CE,Combined TRACON& Tower with Radar,1,16,12,22,51,0,4,15,3,22,1,20,27,25,73,20,0,20,93
06/18/2012,FSM,AR,ASW,CE,Combined TRACON& Tower with Radar,2,15,18,10,45,0,0,18,6,24,2,15,36,16,69,12,28,40,109
06/19/2012,FSM,AR,ASW,CE,Combined TRACON& Tower with Radar,3,19,21,10,53,0,0,16,2,18,3,19,37,12,71,30,8,38,109
06/20/2012,FSM,AR,ASW,CE,Combined TRACON& Tower with Radar,7,19,21,42,89,0,0,21,5,26,7,19,42,47,115,2,24,26,141
06/21/2012,FSM,AR,ASW,CE,Combined TRACON& Tower with Radar,6,21,24,11,62,0,1,17,4,22,6,22,41,15,84,4,0,4,88
06/22/2012,FSM,AR,ASW,CE,Combined TRACON& Tower with Radar,2,20,23,15,60,0,2,39,6,47,2,22,62,21,107,16,22,38,145
06/23/2012,FSM,AR,ASW,CE,Combined TRACON& Tower with Radar,0,14,15,2,31,0,1,34,2,37,0,15,49,4,68,112,4,116,184
06/24/2012,FSM,AR,ASW,CE,Combined TRACON& Tower with Radar,0,15,16,4,35,0,0,18,7,25,0,15,34,11,60,42,0,42,102
06/25/2012,FSM,AR,ASW,CE,Combined TRACON& Tower with Radar,3,17,18,8,46,0,0,29,0,29,3,17,47,8,75,34,34,68,143
06/26/2012,FSM,AR,ASW,CE,Combined TRACON& Tower with Radar,5,23,17,14,59,0,0,19,6,25,5,23,36,20,84,4,48,52,136
06/27/2012,FSM,AR,ASW,CE,Combined TRACON& Tower with Radar,6,15,15,0,36,0,0,27,0,27,6,15,42,0,63,12,0,12,75
06/28/2012,FSM,AR,ASW,CE,Combined TRACON& Tower with Radar,8,18,20,3,49,0,0,24,0,24,8,18,44,3,73,30,0,30,103
06/29/2012,FSM,AR,ASW,CE,Combined TRACON& Tower with Radar,3,20,8,2,33,0,1,49,2,52,3,21,57,4,85,32,0,32,117
06/30/2012,FSM,AR,ASW,CE,Combined TRACON& Tower with Radar,0,13,16,6,35,0,0,22,6,28,0,13,38,12,63,62,0,62,125
07/01/2012,FSM,AR,ASW,CE,Combined TRACON& Tower with Radar,0,13,16,18,47,0,1,23,3,27,0,14,39,21,74,20,2,22,96
07/02/2012,FSM,AR,ASW,CE,Combined TRACON& Tower with Radar,2,15,15,0,32,0,1,24,4,29,2,16,39,4,61,26,0,26,87
07/03/2012,FSM,AR,ASW,CE,Combined TRACON& Tower with Radar,0,11,9,6,26,0,1,28,0,29,0,12,37,6,55,20,0,20,75
07/04/2012,FSM,AR,ASW,CE,Combined TRACON& Tower with Radar,0,8,8,0,16,0,2,13,0,15,0,10,21,0,31,42,0,42,73
07/05/2012,FSM,AR,ASW,CE,Combined TRACON& Tower with Radar,0,11,21,0,32,0,0,25,2,27,0,11,46,2,59,46,0,46,105
07/06/2012,FSM,AR,ASW,CE,Combined TRACON& Tower with Radar,0,11,26,17,54,0,0,25,3,28,0,11,51,20,82,10,0,10,92
07/07/2012,FSM,AR,ASW,CE,Combined TRACON& Tower with Radar,0,11,4,0,15,0,0,11,0,11,0,11,15,0,26,0,0,0,26
07/08/2012,FSM,AR,ASW,CE,Combined TRACON& Tower with Radar,0,20,14,4,38,0,2,18,0,20,0,22,32,4,58,0,2,2,60
07/09/2012,FSM,AR,ASW,CE,Combined TRACON& Tower with Radar,0,16,14,9,39,0,0,5,5,10,0,16,19,14,49,12,14,26,75
07/10/2012,FSM,AR,ASW,CE,Combined TRACON& Tower with Radar,0,17,27,20,64,0,4,15,5,24,0,21,42,25,88,18,0,18,106
07/11/2012,FSM,AR,ASW,CE,Combined TRACON& Tower with Radar,0,16,25,22,63,0,3,27,8,38,0,19,52,30,101,12,38,50,151
07/12/2012,FSM,AR,ASW,CE,Combined TRACON& Tower with Radar,0,22,20,32,74,0,2,28,5,35,0,24,48,37,109,20,38,58,167
07/13/2012,FSM,AR,ASW,CE,Combined TRACON& Tower with Radar,0,21,28,47,96,0,3,28,6,37,0,24,56,53,133,0,18,18,151
07/14/2012,FSM,AR,ASW,CE,Combined TRACON& Tower with Radar,7,12,14,7,40,0,1,42,6,49,7,13,56,13,89,40,0,40,129
07/15/2012,FSM,AR,ASW,CE,Combined TRACON& Tower with Radar,0,16,16,2,34,0,1,21,5,27,0,17,37,7,61,14,0,14,75
07/16/2012,FSM,AR,ASW,CE,Combined TRACON& Tower with Radar,0,16,26,4,46,0,2,33,9,44,0,18,59,13,90,8,26,34,124
07/17/2012,FSM,AR,ASW,CE,Combined TRACON& Tower with Radar,0,13,23,8,44,0,0,23,5,28,0,13,46,13,72,6,36,42,114
07/18/2012,FSM,AR,ASW,CE,Combined TRACON& Tower with Radar,0,17,11,8,36,0,1,26,9,36,0,18,37,17,72,0,46,46,118
07/19/2012,FSM,AR,ASW,CE,Combined TRACON& Tower with Radar,2,20,22,16,60,0,2,20,11,33,2,22,42,27,93,30,0,30,123
07/20/2012,FSM,AR,ASW,CE,Combined TRACON& Tower with Radar,0,16,18,25,59,0,1,26,17,44,0,17,44,42,103,20,54,74,177
07/21/2012,FSM,AR,ASW,CE,Combined TRACON& Tower with Radar,0,12,17,15,44,0,0,31,13,44,0,12,48,28,88,30,16,46,134
07/22/2012,FSM,AR,ASW,CE,Combined TRACON& Tower with Radar,0,14,29,8,51,0,0,30,5,35,0,14,59,13,86,28,0,28,114
07/23/2012,FSM,AR,ASW,CE,Combined TRACON& Tower with Radar,0,18,13,26,57,0,0,15,6,21,0,18,28,32,78,10,30,40,118
07/24/2012,FSM,AR,ASW,CE,Combined TRACON& Tower with Radar,0,16,29,23,68,0,1,22,9,32,0,17,51,32,100,2,24,26,126
07/25/2012,FSM,AR,ASW,CE,Combined TRACON& Tower with Radar,0,23,21,8,52,0,1,26,11,38,0,24,47,19,90,2,28,30,120
07/26/2012,FSM,AR,ASW,CE,Combined TRACON& Tower with Radar,0,19,10,7,36,0,1,26,1,28,0,20,36,8,64,20,4,24,88
07/27/2012,FSM,AR,ASW,CE,Combined TRACON& Tower with Radar,0,20,21,35,76,0,0,11,1,12,0,20,32,36,88,10,56,66,154
07/28/2012,FSM,AR,ASW,CE,Combined TRACON& Tower with Radar,6,14,19,1,40,0,1,21,0,22,6,15,40,1,62,0,0,0,62
07/29/2012,FSM,AR,ASW,CE,Combined TRACON& Tower with Radar,0,14,13,8,35,0,0,22,2,24,0,14,35,10,59,30,0,30,89
07/30/2012,FSM,AR,ASW,CE,Combined TRACON& Tower with Radar,0,14,14,4,32,0,1,23,9,33,0,15,37,13,65,14,18,32,97
07/31/2012,FSM,AR,ASW,CE,Combined TRACON& Tower with Radar,0,18,11,32,61,0,4,31,7,42,0,22,42,39,103,44,32,76,179
08/01/2012,FSM,AR,ASW,CE,Combined TRACON& Tower with Radar,0,16,16,7,39,0,3,29,6,38,0,19,45,13,77,32,24,56,133
08/02/2012,FSM,AR,ASW,CE,Combined TRACON& Tower with Radar,0,18,14,16,48,0,2,20,8,30,0,20,34,24,78,8,10,18,96
08/03/2012,FSM,AR,ASW,CE,Combined TRACON& Tower with Radar,0,17,31,25,73,0,0,21,5,26,0,17,52,30,99,18,10,28,127
08/04/2012,FSM,AR,ASW,CE,Combined TRACON& Tower with Radar,0,14,19,4,37,0,2,30,0,32,0,16,49,4,69,34,0,34,103
08/05/2012,FSM,AR,ASW,CE,Combined TRACON& Tower with Radar,0,14,19,9,42,0,0,12,2,14,0,14,31,11,56,6,4,10,66
08/06/2012,FSM,AR,ASW,CE,Combined TRACON& Tower with Radar,0,18,16,22,56,0,1,11,0,12,0,19,27,22,68,18,16,34,102
08/07/2012,FSM,AR,ASW,CE,Combined TRACON& Tower with Radar,0,18,17,13,48,0,0,21,3,24,0,18,38,16,72,42,12,54,126
08/08/2012,FSM,AR,ASW,CE,Combined TRACON& Tower with Radar,0,17,11,4,32,0,0,6,3,9,0,17,17,7,41,12,0,12,53
08/09/2012,FSM,AR,ASW,CE,Combined TRACON& Tower with Radar,0,16,20,12,48,0,0,33,4,37,0,16,53,16,85,10,56,66,151
08/10/2012,FSM,AR,ASW,CE,Combined TRACON& Tower with Radar,0,17,10,20,47,0,2,18,3,23,0,19,28,23,70,0,0,0,70
08/11/2012,FSM,AR,ASW,CE,Combined TRACON& Tower with Radar,1,10,7,0,18,1,0,18,0,19,2,10,25,0,37,10,0,10,47
08/12/2012,FSM,AR,ASW,CE,Combined TRACON& Tower with Radar,2,17,15,10,44,0,0,15,4,19,2,17,30,14,63,12,0,12,75
08/13/2012,FSM,AR,ASW,CE,Combined TRACON& Tower with Radar,0,16,17,16,49,0,2,22,1,25,0,18,39,17,74,4,22,26,100
08/14/2012,FSM,AR,ASW,CE,Combined TRACON& Tower with Radar,0,20,12,35,67,0,1,30,11,42,0,21,42,46,109,18,62,80,189
08/15/2012,FSM,AR,ASW,CE,Combined TRACON& Tower with Radar,0,19,29,5,53,0,0,20,4,24,0,19,49,9,77,6,28,34,111
08/16/2012,FSM,AR,ASW,CE,Combined TRACON& Tower with Radar,0,13,24,14,51,0,1,23,5,29,0,14,47,19,80,22,28,50,130
08/17/2012,FSM,AR,ASW,CE,Combined TRACON& Tower with Radar,0,17,21,13,51,0,0,16,7,23,0,17,37,20,74,8,0,8,82
08/18/2012,FSM,AR,ASW,CE,Combined TRACON& Tower with Radar,0,11,13,1,25,0,0,1,1,2,0,11,14,2,27,0,0,0,27
08/19/2012,FSM,AR,ASW,CE,Combined TRACON& Tower with Radar,0,14,18,2,34,0,0,6,1,7,0,14,24,3,41,8,0,8,49
08/20/2012,FSM,AR,ASW,CE,Combined TRACON& Tower with Radar,0,21,15,26,62,0,1,8,2,11,0,22,23,28,73,0,10,10,83
08/21/2012,FSM,AR,ASW,CE,Combined TRACON& Tower with Radar,0,21,27,3,51,0,1,16,7,24,0,22,43,10,75,2,4,6,81
08/22/2012,FSM,AR,ASW,CE,Combined TRACON& Tower with Radar,0,19,17,14,50,0,0,27,4,31,0,19,44,18,81,10,46,56,137
08/23/2012,FSM,AR,ASW,CE,Combined TRACON& Tower with Radar,0,17,30,19,66,0,1,26,13,40,0,18,56,32,106,12,18,30,136
08/24/2012,FSM,AR,ASW,CE,Combined TRACON& Tower with Radar,0,17,13,54,84,0,0,24,4,28,0,17,37,58,112,12,2,14,126
08/25/2012,FSM,AR,ASW,CE,Combined TRACON& Tower with Radar,0,13,5,2,20,0,0,7,0,7,0,13,12,2,27,10,0,10,37
08/26/2012,FSM,AR,ASW,CE,Combined TRACON& Tower with Radar,0,15,10,9,34,0,0,10,0,10,0,15,20,9,44,0,0,0,44
08/27/2012,FSM,AR,ASW,CE,Combined TRACON& Tower with Radar,0,22,18,7,47,0,1,18,0,19,0,23,36,7,66,16,10,26,92
08/28/2012,FSM,AR,ASW,CE,Combined TRACON& Tower with Radar,0,18,34,32,84,0,0,38,3,41,0,18,72,35,125,30,40,70,195
08/29/2012,FSM,AR,ASW,CE,Combined TRACON& Tower with Radar,0,18,16,8,42,0,1,37,2,40,0,19,53,10,82,4,0,4,86
08/30/2012,FSM,AR,ASW,CE,Combined TRACON& Tower with Radar,0,21,15,3,39,0,0,5,2,7,0,21,20,5,46,2,2,4,50
08/31/2012,FSM,AR,ASW,CE,Combined TRACON& Tower with Radar,1,19,13,2,35,0,1,2,0,3,1,20,15,2,38,0,0,0,38
09/01/2012,FSM,AR,ASW,CE,Combined TRACON& Tower with Radar,1,12,20,0,33,0,0,19,0,19,1,12,39,0,52,0,0,0,52
09/02/2012,FSM,AR,ASW,CE,Combined TRACON& Tower with Radar,0,10,10,0,20,0,1,22,0,23,0,11,32,0,43,30,0,30,73
09/03/2012,FSM,AR,ASW,CE,Combined TRACON& Tower with Radar,0,15,13,0,28,0,2,24,0,26,0,17,37,0,54,18,0,18,72
09/04/2012,FSM,AR,ASW,CE,Combined TRACON& Tower with Radar,0,17,20,20,57,0,3,19,0,22,0,20,39,20,79,18,18,36,115
09/05/2012,FSM,AR,ASW,CE,Combined TRACON& Tower with Radar,0,18,30,15,63,0,1,28,1,30,0,19,58,16,93,4,0,4,97
09/06/2012,FSM,AR,ASW,CE,Combined TRACON& Tower with Radar,0,18,21,13,52,0,0,24,1,25,0,18,45,14,77,0,20,20,97
09/07/2012,FSM,AR,ASW,CE,Combined TRACON& Tower with Radar,0,20,28,5,53,0,0,22,1,23,0,20,50,6,76,2,26,28,104
09/08/2012,FSM,AR,ASW,CE,Combined TRACON& Tower with Radar,0,11,14,12,37,0,3,25,2,30,0,14,39,14,67,4,8,12,79
09/09/2012,FSM,AR,ASW,CE,Combined TRACON& Tower with Radar,0,14,19,20,53,0,1,16,1,18,0,15,35,21,71,16,0,16,87
09/10/2012,FSM,AR,ASW,CE,Combined TRACON& Tower with Radar,0,15,24,26,65,0,0,18,1,19,0,15,42,27,84,0,52,52,136
09/11/2012,FSM,AR,ASW,CE,Combined TRACON& Tower with Radar,0,17,24,0,41,0,0,33,0,33,0,17,57,0,74,30,0,30,104
09/12/2012,FSM,AR,ASW,CE,Combined TRACON& Tower with Radar,0,16,20,6,42,0,0,30,1,31,0,16,50,7,73,2,28,30,103
09/13/2012,FSM,AR,ASW,CE,Combined TRACON& Tower with Radar,0,17,12,3,32,0,0,19,1,20,0,17,31,4,52,10,6,16,68
09/14/2012,FSM,AR,ASW,CE,Combined TRACON& Tower with Radar,2,20,46,7,75,0,0,0,0,0,2,20,46,7,75,0,0,0,75
09/15/2012,FSM,AR,ASW,CE,Combined TRACON& Tower with Radar,0,9,12,2,23,0,0,1,0,1,0,9,13,2,24,0,0,0,24
09/16/2012,FSM,AR,ASW,CE,Combined TRACON& Tower with Radar,0,14,10,0,24,0,0,0,0,0,0,14,10,0,24,0,0,0,24
09/17/2012,FSM,AR,ASW,CE,Combined TRACON& Tower with Radar,0,26,20,11,57,0,0,4,0,4,0,26,24,11,61,0,18,18,79
09/18/2012,FSM,AR,ASW,CE,Combined TRACON& Tower with Radar,0,20,23,50,93,0,3,21,2,26,0,23,44,52,119,10,22,32,151
09/19/2012,FSM,AR,ASW,CE,Combined TRACON& Tower with Radar,0,17,18,15,50,0,0,28,7,35,0,17,46,22,85,12,10,22,107
09/20/2012,FSM,AR,ASW,CE,Combined TRACON& Tower with Radar,0,15,19,13,47,0,2,23,5,30,0,17,42,18,77,40,32,72,149
09/21/2012,FSM,AR,ASW,CE,Combined TRACON& Tower with Radar,0,19,16,4,39,0,0,19,3,22,0,19,35,7,61,0,0,0,61
09/22/2012,FSM,AR,ASW,CE,Combined TRACON& Tower with Radar,0,10,13,0,23,0,0,14,1,15,0,10,27,1,38,26,0,26,64
09/23/2012,FSM,AR,ASW,CE,Combined TRACON& Tower with Radar,3,14,13,4,34,0,0,17,2,19,3,14,30,6,53,18,0,18,71
09/24/2012,FSM,AR,ASW,CE,Combined TRACON& Tower with Radar,0,15,29,11,55,0,1,7,0,8,0,16,36,11,63,0,24,24,87
09/25/2012,FSM,AR,ASW,CE,Combined TRACON& Tower with Radar,0,18,18,1,37,0,1,22,0,23,0,19,40,1,60,14,0,14,74
09/26/2012,FSM,AR,ASW,CE,Combined TRACON& Tower with Radar,0,21,19,8,48,0,4,17,0,21,0,25,36,8,69,26,10,36,105
09/27/2012,FSM,AR,ASW,CE,Combined TRACON& Tower with Radar,0,15,17,0,32,0,0,9,6,15,0,15,26,6,47,8,0,8,55
09/28/2012,FSM,AR,ASW,CE,Combined TRACON& Tower with Radar,0,19,17,12,48,0,0,11,0,11,0,19,28,12,59,2,0,2,61
09/29/2012,FSM,AR,ASW,CE,Combined TRACON& Tower with Radar,0,10,12,2,24,0,0,1,0,1,0,10,13,2,25,0,0,0,25
09/30/2012,FSM,AR,ASW,CE,Combined TRACON& Tower with Radar,0,15,8,16,39,0,0,8,0,8,0,15,16,16,47,28,0,28,75
10/01/2012,FSM,AR,ASW,CE,Combined TRACON& Tower with Radar,0,15,16,27,58,0,0,14,0,14,0,15,30,27,72,4,2,6,78
10/02/2012,FSM,AR,ASW,CE,Combined TRACON& Tower with Radar,0,18,28,22,68,0,0,16,0,16,0,18,44,22,84,4,68,72,156
10/03/2012,FSM,AR,ASW,CE,Combined TRACON& Tower with Radar,0,22,30,12,64,0,0,25,1,26,0,22,55,13,90,20,22,42,132
10/04/2012,FSM,AR,ASW,CE,Combined TRACON& Tower with Radar,0,19,20,13,52,0,0,26,0,26,0,19,46,13,78,22,0,22,100
10/05/2012,FSM,AR,ASW,CE,Combined TRACON& Tower with Radar,0,16,26,2,44,0,0,0,0,0,0,16,26,2,44,0,0,0,44
10/06/2012,FSM,AR,ASW,CE,Combined TRACON& Tower with Radar,2,11,13,2,28,0,0,2,0,2,2,11,15,2,30,4,0,4,34
10/07/2012,FSM,AR,ASW,CE,Combined TRACON& Tower with Radar,0,16,31,7,54,0,0,29,0,29,0,16,60,7,83,24,4,28,111
10/08/2012,FSM,AR,ASW,CE,Combined TRACON& Tower with Radar,0,18,20,0,38,0,1,18,0,19,0,19,38,0,57,0,0,0,57
10/09/2012,FSM,AR,ASW,CE,Combined TRACON& Tower with Radar,0,21,14,3,38,0,0,17,0,17,0,21,31,3,55,12,8,20,75
10/10/2012,FSM,AR,ASW,CE,Combined TRACON& Tower with Radar,0,16,22,7,45,0,0,16,1,17,0,16,38,8,62,6,0,6,68
10/11/2012,FSM,AR,ASW,CE,Combined TRACON& Tower with Radar,0,21,24,2,47,0,1,7,0,8,0,22,31,2,55,0,0,0,55
10/12/2012,FSM,AR,ASW,CE,Combined TRACON& Tower with Radar,2,19,21,3,45,0,0,4,5,9,2,19,25,8,54,0,0,0,54
10/13/2012,FSM,AR,ASW,CE,Combined TRACON& Tower with Radar,0,12,7,0,19,0,0,15,0,15,0,12,22,0,34,18,0,18,52
10/14/2012,FSM,AR,ASW,CE,Combined TRACON& Tower with Radar,0,17,21,12,50,0,0,21,7,28,0,17,42,19,78,18,8,26,104
10/15/2012,FSM,AR,ASW,CE,Combined TRACON& Tower with Radar,0,18,12,7,37,0,1,30,1,32,0,19,42,8,69,54,18,72,141
10/16/2012,FSM,AR,ASW,CE,Combined TRACON& Tower with Radar,0,18,15,55,88,0,2,31,8,41,0,20,46,63,129,28,52,80,209
10/17/2012,FSM,AR,ASW,CE,Combined TRACON& Tower with Radar,0,17,18,9,44,0,0,8,2,10,0,17,26,11,54,0,22,22,76
10/18/2012,FSM,AR,ASW,CE,Combined TRACON& Tower with Radar,0,16,20,31,67,0,0,15,2,17,0,16,35,33,84,42,36,78,162
10/19/2012,FSM,AR,ASW,CE,Combined TRACON& Tower with Radar,0,16,23,10,49,0,3,26,1,30,0,19,49,11,79,22,0,22,101
10/20/2012,FSM,AR,ASW,CE,Combined TRACON& Tower with Radar,0,12,12,13,37,0,0,34,0,34,0,12,46,13,71,64,0,64,135
10/21/2012,FSM,AR,ASW,CE,Combined TRACON& Tower with Radar,0,17,21,7,45,0,0,6,0,6,0,17,27,7,51,24,0,24,75
10/22/2012,FSM,AR,ASW,CE,Combined TRACON& Tower with Radar,0,18,33,5,56,0,0,4,3,7,0,18,37,8,63,0,0,0,63
10/23/2012,FSM,AR,ASW,CE,Combined TRACON& Tower with Radar,0,14,21,8,43,0,2,9,1,12,0,16,30,9,55,18,4,22,77
10/24/2012,FSM,AR,ASW,CE,Combined TRACON& Tower with Radar,0,15,19,13,47,0,1,28,10,39,0,16,47,23,86,12,4,16,102
10/25/2012,FSM,AR,ASW,CE,Combined TRACON& Tower with Radar,0,16,18,2,36,0,0,5,0,5,0,16,23,2,41,0,0,0,41
10/26/2012,FSM,AR,ASW,CE,Combined TRACON& Tower with Radar,2,18,24,6,50,0,1,15,0,16,2,19,39,6,66,0,0,0,66
10/27/2012,FSM,AR,ASW,CE,Combined TRACON& Tower with Radar,0,14,13,1,28,0,0,52,1,53,0,14,65,2,81,76,0,76,157
10/28/2012,FSM,AR,ASW,CE,Combined TRACON& Tower with Radar,0,16,13,23,52,0,0,20,2,22,0,16,33,25,74,48,26,74,148
10/29/2012,FSM,AR,ASW,CE,Combined TRACON& Tower with Radar,0,15,10,10,35,0,3,19,0,22,0,18,29,10,57,54,0,54,111
10/30/2012,FSM,AR,ASW,CE,Combined TRACON& Tower with Radar,0,20,31,29,80,0,1,20,0,21,0,21,51,29,101,40,26,66,167
10/31/2012,FSM,AR,ASW,CE,Combined TRACON& Tower with Radar,0,18,15,20,53,0,2,23,4,29,0,20,38,24,82,40,18,58,140
11/01/2012,FSM,AR,ASW,CE,Combined TRACON& Tower with Radar,0,19,32,17,68,0,0,23,4,27,0,19,55,21,95,0,26,26,121
11/02/2012,FSM,AR,ASW,CE,Combined TRACON& Tower with Radar,0,16,19,6,41,0,1,23,0,24,0,17,42,6,65,0,0,0,65
11/03/2012,FSM,AR,ASW,CE,Combined TRACON& Tower with Radar,0,10,7,0,17,0,2,18,6,26,0,12,25,6,43,0,0,0,43
11/04/2012,FSM,AR,ASW,CE,Combined TRACON& Tower with Radar,0,14,12,24,50,0,1,25,1,27,0,15,37,25,77,24,0,24,101
11/05/2012,FSM,AR,ASW,CE,Combined TRACON& Tower with Radar,2,18,26,19,65,0,0,2,5,7,2,18,28,24,72,14,32,46,118
11/06/2012,FSM,AR,ASW,CE,Combined TRACON& Tower with Radar,0,17,20,19,56,0,3,17,0,20,0,20,37,19,76,38,0,38,114
11/07/2012,FSM,AR,ASW,CE,Combined TRACON& Tower with Radar,0,19,11,9,39,0,1,23,0,24,0,20,34,9,63,8,0,8,71
11/08/2012,FSM,AR,ASW,CE,Combined TRACON& Tower with Radar,0,18,28,11,57,0,0,25,1,26,0,18,53,12,83,28,0,28,111
11/09/2012,FSM,AR,ASW,CE,Combined TRACON& Tower with Radar,0,17,16,16,49,0,0,17,0,17,0,17,33,16,66,0,0,0,66
11/10/2012,FSM,AR,ASW,CE,Combined TRACON& Tower with Radar,0,10,13,1,24,0,0,11,0,11,0,10,24,1,35,46,0,46,81
11/11/2012,FSM,AR,ASW,CE,Combined TRACON& Tower with Radar,0,14,11,3,28,0,0,0,0,0,0,14,11,3,28,0,0,0,28
11/12/2012,FSM,AR,ASW,CE,Combined TRACON& Tower with Radar,0,19,19,4,42,0,1,23,0,24,0,20,42,4,66,14,0,14,80
11/13/2012,FSM,AR,ASW,CE,Combined TRACON& Tower with Radar,0,17,15,12,44,0,1,19,0,20,0,18,34,12,64,24,14,38,102
11/14/2012,FSM,AR,ASW,CE,Combined TRACON& Tower with Radar,0,20,17,8,45,0,2,33,7,42,0,22,50,15,87,30,0,30,117
11/15/2012,FSM,AR,ASW,CE,Combined TRACON& Tower with Radar,0,17,23,27,67,0,2,37,3,42,0,19,60,30,109,62,34,96,205
11/16/2012,FSM,AR,ASW,CE,Combined TRACON& Tower with Radar,0,16,24,19,59,0,0,27,4,31,0,16,51,23,90,30,18,48,138
11/17/2012,FSM,AR,ASW,CE,Combined TRACON& Tower with Radar,2,10,12,6,30,0,0,32,0,32,2,10,44,6,62,104,0,104,166
11/18/2012,FSM,AR,ASW,CE,Combined TRACON& Tower with Radar,0,12,16,0,28,0,1,30,0,31,0,13,46,0,59,86,0,86,145
11/19/2012,FSM,AR,ASW,CE,Combined TRACON& Tower with Radar,0,20,16,25,61,0,0,15,3,18,0,20,31,28,79,4,2,6,85
11/20/2012,FSM,AR,ASW,CE,Combined TRACON& Tower with Radar,0,17,21,11,49,0,0,20,3,23,0,17,41,14,72,52,18,70,142
11/21/2012,FSM,AR,ASW,CE,Combined TRACON& Tower with Radar,0,18,31,10,59,0,2,22,2,26,0,20,53,12,85,36,20,56,141
11/22/2012,FSM,AR,ASW,CE,Combined TRACON& Tower with Radar,0,6,15,0,21,0,1,14,0,15,0,7,29,0,36,32,0,32,68
11/23/2012,FSM,AR,ASW,CE,Combined TRACON& Tower with Radar,0,11,16,2,29,0,1,14,1,16,0,12,30,3,45,14,0,14,59
11/24/2012,FSM,AR,ASW,CE,Combined TRACON& Tower with Radar,0,15,17,0,32,0,0,22,0,22,0,15,39,0,54,60,0,60,114
11/25/2012,FSM,AR,ASW,CE,Combined TRACON& Tower with Radar,0,15,22,1,38,0,1,37,2,40,0,16,59,3,78,6,0,6,84
11/26/2012,FSM,AR,ASW,CE,Combined TRACON& Tower with Radar,2,18,25,10,55,0,2,6,6,14,2,20,31,16,69,0,0,0,69
11/27/2012,FSM,AR,ASW,CE,Combined TRACON& Tower with Radar,0,19,20,2,41,0,1,18,5,24,0,20,38,7,65,10,0,10,75
11/28/2012,FSM,AR,ASW,CE,Combined TRACON& Tower with Radar,0,17,29,9,55,0,2,22,4,28,0,19,51,13,83,41,0,41,124
11/29/2012,FSM,AR,ASW,CE,Combined TRACON& Tower with Radar,0,18,22,32,72,0,5,21,12,38,0,23,43,44,110,6,56,62,172
11/30/2012,FSM,AR,ASW,CE,Combined TRACON& Tower with Radar,0,22,22,31,75,0,0,17,7,24,0,22,39,38,99,0,0,0,99
12/01/2012,FSM,AR,ASW,CE,Combined TRACON& Tower with Radar,0,12,19,0,31,0,0,8,7,15,0,12,27,7,46,24,0,24,70
12/02/2012,FSM,AR,ASW,CE,Combined TRACON& Tower with Radar,0,16,7,1,24,0,0,6,3,9,0,16,13,4,33,0,0,0,33
12/03/2012,FSM,AR,ASW,CE,Combined TRACON& Tower with Radar,0,16,21,22,59,0,2,9,8,19,0,18,30,30,78,4,50,54,132
12/04/2012,FSM,AR,ASW,CE,Combined TRACON& Tower with Radar,0,16,27,32,75,0,0,6,9,15,0,16,33,41,90,16,8,24,114
12/05/2012,FSM,AR,ASW,CE,Combined TRACON& Tower with Radar,0,16,13,13,42,0,4,24,5,33,0,20,37,18,75,26,2,28,103
12/06/2012,FSM,AR,ASW,CE,Combined TRACON& Tower with Radar,0,18,34,41,93,0,1,28,12,41,0,19,62,53,134,70,30,100,234
12/07/2012,FSM,AR,ASW,CE,Combined TRACON& Tower with Radar,0,17,32,26,75,0,2,13,0,15,0,19,45,26,90,38,0,38,128
12/08/2012,FSM,AR,ASW,CE,Combined TRACON& Tower with Radar,0,10,9,9,28,0,0,17,0,17,0,10,26,9,45,16,0,16,61
12/09/2012,FSM,AR,ASW,CE,Combined TRACON& Tower with Radar,2,14,16,4,36,0,0,3,0,3,2,14,19,4,39,0,0,0,39
12/10/2012,FSM,AR,ASW,CE,Combined TRACON& Tower with Radar,0,14,22,29,65,0,2,12,2,16,0,16,34,31,81,16,26,42,123
12/11/2012,FSM,AR,ASW,CE,Combined TRACON& Tower with Radar,0,18,11,23,52,0,1,27,13,41,0,19,38,36,93,16,0,16,109
12/12/2012,FSM,AR,ASW,CE,Combined TRACON& Tower with Radar,0,23,22,28,73,0,1,23,5,29,0,24,45,33,102,34,0,34,136
12/13/2012,FSM,AR,ASW,CE,Combined TRACON& Tower with Radar,0,21,17,13,51,0,0,23,5,28,0,21,40,18,79,62,20,82,161
12/14/2012,FSM,AR,ASW,CE,Combined TRACON& Tower with Radar,2,18,17,16,53,0,1,24,2,27,2,19,41,18,80,10,20,30,110
12/15/2012,FSM,AR,ASW,CE,Combined TRACON& Tower with Radar,0,10,10,26,46,0,0,15,4,19,0,10,25,30,65,0,8,8,73
12/16/2012,FSM,AR,ASW,CE,Combined TRACON& Tower with Radar,0,16,11,8,35,0,0,27,2,29,0,16,38,10,64,54,0,54,118
12/17/2012,FSM,AR,ASW,CE,Combined TRACON& Tower with Radar,0,18,24,17,59,0,0,35,2,37,0,18,59,19,96,24,0,24,120
12/18/2012,FSM,AR,ASW,CE,Combined TRACON& Tower with Radar,0,16,23,12,51,0,1,26,7,34,0,17,49,19,85,0,0,0,85
12/19/2012,FSM,AR,ASW,CE,Combined TRACON& Tower with Radar,0,16,34,3,53,0,0,4,5,9,0,16,38,8,62,20,0,20,82
12/20/2012,FSM,AR,ASW,CE,Combined TRACON& Tower with Radar,0,17,11,8,36,0,1,6,5,12,0,18,17,13,48,0,0,0,48
12/21/2012,FSM,AR,ASW,CE,Combined TRACON& Tower with Radar,2,16,19,12,49,0,1,47,6,54,2,17,66,18,103,42,0,42,145
12/22/2012,FSM,AR,ASW,CE,Combined TRACON& Tower with Radar,0,10,11,0,21,0,3,37,0,40,0,13,48,0,61,34,0,34,95
12/23/2012,FSM,AR,ASW,CE,Combined TRACON& Tower with Radar,0,18,11,0,29,0,1,44,0,45,0,19,55,0,74,21,0,21,95
12/24/2012,FSM,AR,ASW,CE,Combined TRACON& Tower with Radar,0,13,20,0,33,0,1,20,0,21,0,14,40,0,54,54,0,54,108
12/25/2012,FSM,AR,ASW,CE,Combined TRACON& Tower with Radar,0,6,2,0,8,0,0,1,0,1,0,6,3,0,9,0,0,0,9
12/26/2012,FSM,AR,ASW,CE,Combined TRACON& Tower with Radar,0,17,16,0,33,0,1,6,0,7,0,18,22,0,40,0,0,0,40
12/27/2012,FSM,AR,ASW,CE,Combined TRACON& Tower with Radar,0,21,18,0,39,0,0,7,0,7,0,21,25,0,46,0,0,0,46
12/28/2012,FSM,AR,ASW,CE,Combined TRACON& Tower with Radar,0,18,20,0,38,0,0,0,0,0,0,18,20,0,38,0,0,0,38
12/29/2012,FSM,AR,ASW,CE,Combined TRACON& Tower with Radar,0,11,8,0,19,0,2,31,0,33,0,13,39,0,52,12,0,12,64
12/30/2012,FSM,AR,ASW,CE,Combined TRACON& Tower with Radar,0,18,10,0,28,0,0,10,0,10,0,18,20,0,38,26,0,26,64
12/31/2012,FSM,AR,ASW,CE,Combined TRACON& Tower with Radar,0,11,4,0,15,0,0,0,0,0,0,11,4,0,15,0,0,0,15
01/01/2013,FSM,AR,ASW,CE,Combined TRACON& Tower with Radar,0,12,10,0,22,0,0,0,0,0,0,12,10,0,22,0,0,0,22
01/02/2013,FSM,AR,ASW,CE,Combined TRACON& Tower with Radar,0,16,22,8,46,0,0,20,1,21,0,16,42,9,67,6,12,18,85
01/03/2013,FSM,AR,ASW,CE,Combined TRACON& Tower with Radar,0,15,17,23,55,0,1,8,10,19,0,16,25,33,74,10,20,30,104
01/04/2013,FSM,AR,ASW,CE,Combined TRACON& Tower with Radar,0,16,19,16,51,0,2,18,13,33,0,18,37,29,84,12,14,26,110
01/05/2013,FSM,AR,ASW,CE,Combined TRACON& Tower with Radar,0,10,19,2,31,0,0,14,5,19,0,10,33,7,50,36,2,38,88
01/06/2013,FSM,AR,ASW,CE,Combined TRACON& Tower with Radar,0,16,12,4,32,0,0,20,4,24,0,16,32,8,56,12,0,12,68
01/07/2013,FSM,AR,ASW,CE,Combined TRACON& Tower with Radar,0,15,21,16,52,0,1,15,9,25,0,16,36,25,77,2,36,38,115
01/08/2013,FSM,AR,ASW,CE,Combined TRACON& Tower with Radar,0,19,12,8,39,0,2,11,9,22,0,21,23,17,61,20,0,20,81
01/09/2013,FSM,AR,ASW,CE,Combined TRACON& Tower with Radar,0,19,16,28,63,0,0,1,3,4,0,19,17,31,67,0,0,0,67
01/10/2013,FSM,AR,ASW,CE,Combined TRACON& Tower with Radar,0,19,20,5,44,0,0,0,0,0,0,19,20,5,44,14,0,14,58
01/11/2013,FSM,AR,ASW,CE,Combined TRACON& Tower with Radar,0,20,29,37,86,0,0,26,6,32,0,20,55,43,118,0,52,52,170
01/12/2013,FSM,AR,ASW,CE,Combined TRACON& Tower with Radar,0,9,8,4,21,0,0,2,0,2,0,9,10,4,23,0,0,0,23
01/13/2013,FSM,AR,ASW,CE,Combined TRACON& Tower with Radar,0,14,4,5,23,0,0,8,0,8,0,14,12,5,31,24,0,24,55
01/14/2013,FSM,AR,ASW,CE,Combined TRACON& Tower with Radar,0,19,10,38,67,0,0,16,7,23,0,19,26,45,90,30,28,58,148
01/15/2013,FSM,AR,ASW,CE,Combined TRACON& Tower with Radar,0,12,17,14,43,0,0,5,5,10,0,12,22,19,53,8,12,20,73
01/16/2013,FSM,AR,ASW,CE,Combined TRACON& Tower with Radar,0,17,18,29,64,0,0,16,4,20,0,17,34,33,84,16,20,36,120
01/17/2013,FSM,AR,ASW,CE,Combined TRACON& Tower with Radar,0,17,15,4,36,0,4,22,17,43,0,21,37,21,79,16,20,36,115
01/18/2013,FSM,AR,ASW,CE,Combined TRACON& Tower with Radar,0,15,9,6,30,0,0,40,5,45,0,15,49,11,75,12,0,12,87
01/19/2013,FSM,AR,ASW,CE,Combined TRACON& Tower with Radar,0,10,12,0,22,0,0,32,2,34,0,10,44,2,56,0,0,0,56
01/20/2013,FSM,AR,ASW,CE,Combined TRACON& Tower with Radar,0,12,6,1,19,0,2,24,1,27,0,14,30,2,46,32,0,32,78
01/21/2013,FSM,AR,ASW,CE,Combined TRACON& Tower with Radar,0,22,7,7,36,0,1,13,0,14,0,23,20,7,50,34,6,40,90
01/22/2013,FSM,AR,ASW,CE,Combined TRACON& Tower with Radar,0,16,14,6,36,0,0,10,1,11,0,16,24,7,47,0,0,0,47
01/23/2013,FSM,AR,ASW,CE,Combined TRACON& Tower with Radar,0,15,24,1,40,0,1,16,11,28,0,16,40,12,68,4,8,12,80
01/24/2013,FSM,AR,ASW,CE,Combined TRACON& Tower with Radar,0,22,19,18,59,0,0,3,2,5,0,22,22,20,64,0,38,38,102
01/25/2013,FSM,AR,ASW,CE,Combined TRACON& Tower with Radar,0,17,25,8,50,0,0,5,8,13,0,17,30,16,63,0,0,0,63
01/26/2013,FSM,AR,ASW,CE,Combined TRACON& Tower with Radar,0,9,16,5,30,0,0,16,1,17,0,9,32,6,47,58,0,58,105
01/27/2013,FSM,AR,ASW,CE,Combined TRACON& Tower with Radar,0,16,21,0,37,0,0,2,0,2,0,16,23,0,39,0,0,0,39
01/28/2013,FSM,AR,ASW,CE,Combined TRACON& Tower with Radar,0,16,13,32,61,0,2,2,4,8,0,18,15,36,69,14,6,20,89
01/29/2013,FSM,AR,ASW,CE,Combined TRACON& Tower with Radar,0,17,3,7,27,0,1,0,3,4,0,18,3,10,31,0,14,14,45
01/30/2013,FSM,AR,ASW,CE,Combined TRACON& Tower with Radar,0,16,15,40,71,0,4,5,6,15,0,20,20,46,86,4,76,80,166
01/31/2013,FSM,AR,ASW,CE,Combined TRACON& Tower with Radar,0,17,22,60,99,0,1,26,10,37,0,18,48,70,136,8,12,20,156
02/01/2013,FSM,AR,ASW,CE,Combined TRACON& Tower with Radar,0,17,11,20,48,0,1,28,8,37,0,18,39,28,85,26,6,32,117
02/02/2013,FSM,AR,ASW,CE,Combined TRACON& Tower with Radar,0,10,4,9,23,0,3,53,50,106,0,13,57,59,129,16,4,20,149
02/03/2013,FSM,AR,ASW,CE,Combined TRACON& Tower with Radar,0,12,6,2,20,0,0,19,0,19,0,12,25,2,39,0,0,0,39
02/04/2013,FSM,AR,ASW,CE,Combined TRACON& Tower with Radar,0,18,16,5,39,0,0,7,21,28,0,18,23,26,67,10,6,16,83
02/05/2013,FSM,AR,ASW,CE,Combined TRACON& Tower with Radar,0,18,24,23,65,0,4,15,3,22,0,22,39,26,87,30,44,74,161
02/06/2013,FSM,AR,ASW,CE,Combined TRACON& Tower with Radar,0,16,34,5,55,0,1,13,4,18,0,17,47,9,73,20,0,20,93
02/07/2013,FSM,AR,ASW,CE,Combined TRACON& Tower with Radar,0,16,12,18,46,0,0,2,4,6,0,16,14,22,52,0,28,28,80
02/08/2013,FSM,AR,ASW,CE,Combined TRACON& Tower with Radar,0,20,25,18,63,0,2,32,2,36,0,22,57,20,99,12,26,38,137
02/09/2013,FSM,AR,ASW,CE,Combined TRACON& Tower with Radar,0,10,14,6,30,0,0,3,0,3,0,10,17,6,33,0,0,0,33
02/10/2013,FSM,AR,ASW,CE,Combined TRACON& Tower with Radar,2,15,10,2,29,0,2,8,0,10,2,17,18,2,39,0,0,0,39
02/11/2013,FSM,AR,ASW,CE,Combined TRACON& Tower with Radar,0,16,18,17,51,0,1,15,7,23,0,17,33,24,74,14,8,22,96
02/12/2013,FSM,AR,ASW,CE,Combined TRACON& Tower with Radar,0,21,15,5,41,0,1,7,2,10,0,22,22,7,51,8,0,8,59
02/13/2013,FSM,AR,ASW,CE,Combined TRACON& Tower with Radar,2,17,30,42,91,0,2,14,5,21,2,19,44,47,112,0,16,16,128
02/14/2013,FSM,AR,ASW,CE,Combined TRACON& Tower with Radar,0,19,31,17,67,0,0,31,2,33,0,19,62,19,100,18,12,30,130
02/15/2013,FSM,AR,ASW,CE,Combined TRACON& Tower with Radar,0,16,18,9,43,0,2,22,2,26,0,18,40,11,69,6,16,22,91
02/16/2013,FSM,AR,ASW,CE,Combined TRACON& Tower with Radar,0,10,5,0,15,0,0,53,0,53,0,10,58,0,68,28,0,28,96
02/17/2013,FSM,AR,ASW,CE,Combined TRACON& Tower with Radar,0,12,13,4,29,0,0,32,0,32,0,12,45,4,61,12,0,12,73
02/18/2013,FSM,AR,ASW,CE,Combined TRACON& Tower with Radar,0,17,18,1,36,0,3,2,0,5,0,20,20,1,41,0,0,0,41
02/19/2013,FSM,AR,ASW,CE,Combined TRACON& Tower with Radar,0,16,24,45,85,0,0,39,7,46,0,16,63,52,131,32,50,82,213
02/20/2013,FSM,AR,ASW,CE,Combined TRACON& Tower with Radar,0,13,6,0,19,0,0,2,0,2,0,13,8,0,21,0,0,0,21
02/21/2013,FSM,AR,ASW,CE,Combined TRACON& Tower with Radar,0,13,3,1,17,0,0,0,0,0,0,13,3,1,17,0,0,0,17
02/22/2013,FSM,AR,ASW,CE,Combined TRACON& Tower with Radar,0,16,17,39,72,0,1,23,14,38,0,17,40,53,110,6,44,50,160
02/23/2013,FSM,AR,ASW,CE,Combined TRACON& Tower with Radar,0,10,13,6,29,0,3,28,0,31,0,13,41,6,60,14,0,14,74
02/24/2013,FSM,AR,ASW,CE,Combined TRACON& Tower with Radar,0,14,21,0,35,0,0,27,0,27,0,14,48,0,62,32,0,32,94
02/25/2013,FSM,AR,ASW,CE,Combined TRACON& Tower with Radar,0,20,18,0,38,0,0,0,0,0,0,20,18,0,38,0,0,0,38
02/26/2013,FSM,AR,ASW,CE,Combined TRACON& Tower with Radar,0,18,8,10,36,0,0,1,18,19,0,18,9,28,55,0,24,24,79
02/27/2013,FSM,AR,ASW,CE,Combined TRACON& Tower with Radar,0,20,18,17,55,0,1,6,0,7,0,21,24,17,62,0,16,16,78
02/28/2013,FSM,AR,ASW,CE,Combined TRACON& Tower with Radar,0,16,27,25,68,0,1,23,20,44,0,17,50,45,112,12,44,56,168
03/01/2013,FSM,AR,ASW,CE,Combined TRACON& Tower with Radar,0,16,23,8,47,0,0,19,8,27,0,16,42,16,74,26,2,28,102
03/02/2013,FSM,AR,ASW,CE,Combined TRACON& Tower with Radar,0,12,15,1,28,0,2,22,6,30,0,14,37,7,58,10,0,10,68
03/03/2013,FSM,AR,ASW,CE,Combined TRACON& Tower with Radar,0,14,10,1,25,0,2,47,3,52,0,16,57,4,77,40,18,58,135
03/04/2013,FSM,AR,ASW,CE,Combined TRACON& Tower with Radar,0,17,16,28,61,0,3,27,3,33,0,20,43,31,94,4,12,16,110
03/05/2013,FSM,AR,ASW,CE,Combined TRACON& Tower with Radar,0,17,17,16,50,0,0,9,1,10,0,17,26,17,60,0,0,0,60
03/06/2013,FSM,AR,ASW,CE,Combined TRACON& Tower with Radar,0,16,21,49,86,0,3,16,9,28,0,19,37,58,114,0,10,10,124
03/07/2013,FSM,AR,ASW,CE,Combined TRACON& Tower with Radar,0,19,16,21,56,0,0,28,0,28,0,19,44,21,84,16,22,38,122
03/08/2013,FSM,AR,ASW,CE,Combined TRACON& Tower with Radar,0,16,29,65,110,0,0,29,2,31,0,16,58,67,141,21,54,75,216
03/09/2013,FSM,AR,ASW,CE,Combined TRACON& Tower with Radar,0,10,10,0,20,0,0,16,0,16,0,10,26,0,36,58,0,58,94
03/10/2013,FSM,AR,ASW,CE,Combined TRACON& Tower with Radar,0,16,11,2,29,0,0,0,0,0,0,16,11,2,29,0,0,0,29
03/11/2013,FSM,AR,ASW,CE,Combined TRACON& Tower with Radar,0,16,24,41,81,0,0,14,1,15,0,16,38,42,96,36,28,64,160
03/12/2013,FSM,AR,ASW,CE,Combined TRACON& Tower with Radar,0,18,14,36,68,0,1,17,4,22,0,19,31,40,90,17,6,23,113
03/13/2013,FSM,AR,ASW,CE,Combined TRACON& Tower with Radar,0,18,11,5,34,0,0,26,2,28,0,18,37,7,62,18,2,20,82
03/14/2013,FSM,AR,ASW,CE,Combined TRACON& Tower with Radar,0,21,14,14,49,0,0,22,3,25,0,21,36,17,74,44,8,52,126
03/15/2013,FSM,AR,ASW,CE,Combined TRACON& Tower with Radar,0,17,26,8,51,0,0,24,3,27,0,17,50,11,78,34,2,36,114
03/16/2013,FSM,AR,ASW,CE,Combined TRACON& Tower with Radar,0,14,20,13,47,0,1,24,0,25,0,15,44,13,72,28,0,28,100
03/17/2013,FSM,AR,ASW,CE,Combined TRACON& Tower with Radar,0,16,15,0,31,0,0,0,0,0,0,16,15,0,31,0,0,0,31
03/18/2013,FSM,AR,ASW,CE,Combined TRACON& Tower with Radar,0,11,11,11,33,0,0,1,3,4,0,11,12,14,37,0,0,0,37
03/19/2013,FSM,AR,ASW,CE,Combined TRACON& Tower with Radar,0,17,21,9,47,0,1,23,1,25,0,18,44,10,72,44,0,44,116
03/20/2013,FSM,AR,ASW,CE,Combined TRACON& Tower with Radar,0,16,7,14,37,0,0,13,6,19,0,16,20,20,56,4,0,4,60
03/21/2013,FSM,AR,ASW,CE,Combined TRACON& Tower with Radar,0,20,10,1,31,0,0,2,3,5,0,20,12,4,36,12,0,12,48
03/22/2013,FSM,AR,ASW,CE,Combined TRACON& Tower with Radar,0,19,20,12,51,0,0,0,0,0,0,19,20,12,51,0,0,0,51
03/23/2013,FSM,AR,ASW,CE,Combined TRACON& Tower with Radar,0,10,12,0,22,0,0,0,0,0,0,10,12,0,22,0,0,0,22
03/24/2013,FSM,AR,ASW,CE,Combined TRACON& Tower with Radar,0,16,15,0,31,0,0,2,0,2,0,16,17,0,33,0,0,0,33
03/25/2013,FSM,AR,ASW,CE,Combined TRACON& Tower with Radar,0,22,7,25,54,0,0,10,1,11,0,22,17,26,65,8,4,12,77
03/26/2013,FSM,AR,ASW,CE,Combined TRACON& Tower with Radar,0,19,13,14,46,0,1,36,2,39,0,20,49,16,85,8,4,12,97
03/27/2013,FSM,AR,ASW,CE,Combined TRACON& Tower with Radar,0,17,19,22,58,0,0,29,7,36,0,17,48,29,94,0,0,0,94
03/28/2013,FSM,AR,ASW,CE,Combined TRACON& Tower with Radar,0,17,25,6,48,0,2,19,7,28,0,19,44,13,76,2,10,12,88
03/29/2013,FSM,AR,ASW,CE,Combined TRACON& Tower with Radar,1,15,28,2,46,0,0,6,0,6,1,15,34,2,52,0,0,0,52
03/30/2013,FSM,AR,ASW,CE,Combined TRACON& Tower with Radar,1,16,17,0,34,0,0,1,0,1,1,16,18,0,35,14,0,14,49
03/31/2013,FSM,AR,ASW,CE,Combined TRACON& Tower with Radar,0,17,15,7,39,0,0,20,0,20,0,17,35,7,59,40,0,40,99
04/01/2013,FSM,AR,ASW,CE,Combined TRACON& Tower with Radar,0,17,25,49,91,0,2,33,7,42,0,19,58,56,133,24,40,64,197
04/02/2013,FSM,AR,ASW,CE,Combined TRACON& Tower with Radar,0,23,13,3,39,0,0,0,3,3,0,23,13,6,42,0,2,2,44
04/03/2013,FSM,AR,ASW,CE,Combined TRACON& Tower with Radar,0,18,15,11,44,0,2,4,8,14,0,20,19,19,58,0,0,0,58
04/04/2013,FSM,AR,ASW,CE,Combined TRACON& Tower with Radar,0,18,18,16,52,0,1,7,8,16,0,19,25,24,68,36,42,78,146
04/05/2013,FSM,AR,ASW,CE,Combined TRACON& Tower with Radar,0,20,15,14,49,0,2,47,16,65,0,22,62,30,114,66,30,96,210
04/06/2013,FSM,AR,ASW,CE,Combined TRACON& Tower with Radar,0,11,10,28,49,0,0,15,14,29,0,11,25,42,78,2,8,10,88
04/07/2013,FSM,AR,ASW,CE,Combined TRACON& Tower with Radar,0,13,12,4,29,0,1,21,2,24,0,14,33,6,53,8,0,8,61
04/08/2013,FSM,AR,ASW,CE,Combined TRACON& Tower with Radar,0,19,26,23,68,0,1,7,6,14,0,20,33,29,82,4,28,32,114
04/09/2013,FSM,AR,ASW,CE,Combined TRACON& Tower with Radar,0,20,13,11,44,0,1,5,8,14,0,21,18,19,58,0,30,30,88
04/10/2013,FSM,AR,ASW,CE,Combined TRACON& Tower with Radar,0,13,2,0,15,0,1,0,1,2,0,14,2,1,17,0,0,0,17
04/11/2013,FSM,AR,ASW,CE,Combined TRACON& Tower with Radar,0,14,25,31,70,0,0,22,52,74,0,14,47,83,144,6,0,6,150
04/12/2013,FSM,AR,ASW,CE,Combined TRACON& Tower with Radar,0,16,19,13,48,0,3,26,1,30,0,19,45,14,78,46,0,46,124
04/13/2013,FSM,AR,ASW,CE,Combined TRACON& Tower with Radar,0,10,10,23,43,0,1,27,4,32,0,11,37,27,75,26,6,32,107
04/14/2013,FSM,AR,ASW,CE,Combined TRACON& Tower with Radar,0,15,7,8,30,0,0,28,5,33,0,15,35,13,63,6,0,6,69
04/15/2013,FSM,AR,ASW,CE,Combined TRACON& Tower with Radar,0,19,30,44,93,0,2,10,8,20,0,21,40,52,113,0,32,32,145
04/16/2013,FSM,AR,ASW,CE,Combined TRACON& Tower with Radar,0,16,40,33,89,0,1,19,5,25,0,17,59,38,114,20,28,48,162
04/17/2013,FSM,AR,ASW,CE,Combined TRACON& Tower with Radar,0,17,19,28,64,0,0,4,6,10,0,17,23,34,74,14,78,92,166
04/18/2013,FSM,AR,ASW,CE,Combined TRACON& Tower with Radar,0,19,17,0,36,0,0,0,3,3,0,19,17,3,39,0,0,0,39
04/19/2013,FSM,AR,ASW,CE,Combined TRACON& Tower with Radar,2,17,14,42,75,0,0,21,8,29,2,17,35,50,104,2,14,16,120
04/20/2013,FSM,AR,ASW,CE,Combined TRACON& Tower with Radar,1,11,17,13,42,0,2,46,2,50,1,13,63,15,92,36,0,36,128
04/21/2013,FSM,AR,ASW,CE,Combined TRACON& Tower with Radar,0,14,21,12,47,0,1,26,1,28,0,15,47,13,75,12,8,20,95
04/22/2013,FSM,AR,ASW,CE,Combined TRACON& Tower with Radar,0,22,24,44,90,0,2,26,6,34,0,24,50,50,124,32,2,34,158
04/23/2013,FSM,AR,ASW,CE,Combined TRACON& Tower with Radar,0,18,25,7,50,0,0,0,0,0,0,18,25,7,50,0,0,0,50
04/24/2013,FSM,AR,ASW,CE,Combined TRACON& Tower with Radar,0,15,35,64,114,0,2,26,8,36,0,17,61,72,150,56,52,108,258
04/25/2013,FSM,AR,ASW,CE,Combined TRACON& Tower with Radar,0,19,18,3,40,0,4,28,1,33,0,23,46,4,73,50,0,50,123
04/26/2013,FSM,AR,ASW,CE,Combined TRACON& Tower with Radar,0,19,8,0,27,0,0,1,0,1,0,19,9,0,28,0,0,0,28
04/27/2013,FSM,AR,ASW,CE,Combined TRACON& Tower with Radar,0,10,13,7,30,0,4,0,0,4,0,14,13,7,34,12,0,12,46
04/28/2013,FSM,AR,ASW,CE,Combined TRACON& Tower with Radar,0,13,17,11,41,0,1,17,0,18,0,14,34,11,59,10,6,16,75
04/29/2013,FSM,AR,ASW,CE,Combined TRACON& Tower with Radar,0,17,11,28,56,0,0,18,8,26,0,17,29,36,82,40,16,56,138
04/30/2013,FSM,AR,ASW,CE,Combined TRACON& Tower with Radar,0,17,30,19,66,0,1,26,9,36,0,18,56,28,102,16,56,72,174
05/01/2013,FSM,AR,ASW,CE,Combined TRACON& Tower with Radar,2,16,31,70,119,0,0,21,12,33,2,16,52,82,152,16,90,106,258
05/02/2013,FSM,AR,ASW,CE,Combined TRACON& Tower with Radar,0,15,5,6,26,0,0,0,2,2,0,15,5,8,28,0,0,0,28
05/03/2013,FSM,AR,ASW,CE,Combined TRACON& Tower with Radar,0,19,19,14,52,0,1,8,10,19,0,20,27,24,71,6,40,46,117
05/04/2013,FSM,AR,ASW,CE,Combined TRACON& Tower with Radar,0,10,15,2,27,0,0,2,0,2,0,10,17,2,29,0,0,0,29
05/05/2013,FSM,AR,ASW,CE,Combined TRACON& Tower with Radar,0,14,20,5,39,0,1,14,3,18,0,15,34,8,57,10,6,16,73
05/06/2013,FSM,AR,ASW,CE,Combined TRACON& Tower with Radar,0,16,23,15,54,0,0,11,1,12,0,16,34,16,66,0,14,14,80
05/07/2013,FSM,AR,ASW,CE,Combined TRACON& Tower with Radar,0,18,21,5,44,0,0,35,0,35,0,18,56,5,79,52,28,80,159
05/08/2013,FSM,AR,ASW,CE,Combined TRACON& Tower with Radar,0,22,27,10,59,0,1,25,7,33,0,23,52,17,92,26,0,26,118
05/09/2013,FSM,AR,ASW,CE,Combined TRACON& Tower with Radar,0,15,24,0,39,0,0,10,2,12,0,15,34,2,51,0,0,0,51
05/10/2013,FSM,AR,ASW,CE,Combined TRACON& Tower with Radar,0,19,14,47,80,0,1,23,7,31,0,20,37,54,111,18,10,28,139
05/11/2013,FSM,AR,ASW,CE,Combined TRACON& Tower with Radar,0,12,30,4,46,0,2,32,4,38,0,14,62,8,84,0,6,6,90
05/12/2013,FSM,AR,ASW,CE,Combined TRACON& Tower with Radar,0,13,2,10,25,0,1,17,4,22,0,14,19,14,47,0,10,10,57
05/13/2013,FSM,AR,ASW,CE,Combined TRACON& Tower with Radar,0,21,26,11,58,0,2,24,13,39,0,23,50,24,97,18,0,18,115
05/14/2013,FSM,AR,ASW,CE,Combined TRACON& Tower with Radar,0,18,29,7,54,0,1,30,6,37,0,19,59,13,91,24,10,34,125
05/15/2013,FSM,AR,ASW,CE,Combined TRACON& Tower with Radar,0,20,25,4,49,0,1,5,5,11,0,21,30,9,60,0,0,0,60
05/16/2013,FSM,AR,ASW,CE,Combined TRACON& Tower with Radar,0,18,33,9,60,0,0,0,2,2,0,18,33,11,62,0,0,0,62
05/17/2013,FSM,AR,ASW,CE,Combined TRACON& Tower with Radar,0,24,20,12,56,0,0,20,1,21,0,24,40,13,77,10,4,14,91
05/18/2013,FSM,AR,ASW,CE,Combined TRACON& Tower with Radar,0,12,6,5,23,0,1,18,0,19,0,13,24,5,42,8,0,8,50
05/19/2013,FSM,AR,ASW,CE,Combined TRACON& Tower with Radar,0,16,16,2,34,0,0,11,2,13,0,16,27,4,47,18,0,18,65
05/20/2013,FSM,AR,ASW,CE,Combined TRACON& Tower with Radar,0,20,19,16,55,0,0,3,8,11,0,20,22,24,66,12,0,12,78
05/21/2013,FSM,AR,ASW,CE,Combined TRACON& Tower with Radar,0,14,9,2,25,0,0,0,0,0,0,14,9,2,25,0,0,0,25
05/22/2013,FSM,AR,ASW,CE,Combined TRACON& Tower with Radar,0,20,17,4,41,0,3,26,3,32,0,23,43,7,73,6,0,6,79
05/23/2013,FSM,AR,ASW,CE,Combined TRACON& Tower with Radar,0,20,23,12,55,0,1,13,5,19,0,21,36,17,74,38,12,50,124
05/24/2013,FSM,AR,ASW,CE,Combined TRACON& Tower with Radar,0,21,23,2,46,0,0,11,0,11,0,21,34,2,57,0,0,0,57
05/25/2013,FSM,AR,ASW,CE,Combined TRACON& Tower with Radar,0,9,11,0,20,0,0,18,0,18,0,9,29,0,38,0,0,0,38
05/26/2013,FSM,AR,ASW,CE,Combined TRACON& Tower with Radar,0,10,9,0,19,0,0,15,0,15,0,10,24,0,34,8,0,8,42
05/27/2013,FSM,AR,ASW,CE,Combined TRACON& Tower with Radar,0,13,10,0,23,0,0,2,0,2,0,13,12,0,25,0,0,0,25
05/28/2013,FSM,AR,ASW,CE,Combined TRACON& Tower with Radar,0,19,26,12,57,0,0,16,1,17,0,19,42,13,74,2,20,22,96
05/29/2013,FSM,AR,ASW,CE,Combined TRACON& Tower with Radar,0,14,45,18,77,0,1,17,10,28,0,15,62,28,105,24,4,28,133
05/30/2013,FSM,AR,ASW,CE,Combined TRACON& Tower with Radar,0,19,20,1,40,0,0,5,1,6,0,19,25,2,46,10,0,10,56
05/31/2013,FSM,AR,ASW,CE,Combined TRACON& Tower with Radar,0,17,24,16,57,0,4,13,5,22,0,21,37,21,79,14,2,16,95
06/01/2013,FSM,AR,ASW,CE,Combined TRACON& Tower with Radar,2,8,7,0,17,0,0,6,0,6,2,8,13,0,23,0,0,0,23
06/02/2013,FSM,AR,ASW,CE,Combined TRACON& Tower with Radar,0,19,30,15,64,0,0,35,15,50,0,19,65,30,114,20,20,40,154
06/03/2013,FSM,AR,ASW,CE,Combined TRACON& Tower with Radar,0,20,18,23,61,0,0,32,19,51,0,20,50,42,112,26,48,74,186
06/04/2013,FSM,AR,ASW,CE,Combined TRACON& Tower with Radar,0,14,32,18,64,0,0,17,9,26,0,14,49,27,90,0,0,0,90
06/05/2013,FSM,AR,ASW,CE,Combined TRACON& Tower with Radar,0,16,21,2,39,0,0,14,2,16,0,16,35,4,55,6,0,6,61
06/06/2013,FSM,AR,ASW,CE,Combined TRACON& Tower with Radar,2,14,24,11,51,0,0,11,6,17,2,14,35,17,68,0,24,24,92
06/07/2013,FSM,AR,ASW,CE,Combined TRACON& Tower with Radar,0,15,20,7,42,0,3,37,7,47,0,18,57,14,89,11,32,43,132
06/08/2013,FSM,AR,ASW,CE,Combined TRACON& Tower with Radar,0,14,18,2,34,0,2,31,2,35,0,16,49,4,69,78,22,100,169
06/09/2013,FSM,AR,ASW,CE,Combined TRACON& Tower with Radar,0,16,13,2,31,0,1,18,0,19,0,17,31,2,50,6,8,14,64
06/10/2013,FSM,AR,ASW,CE,Combined TRACON& Tower with Radar,0,14,18,14,46,0,2,21,3,26,0,16,39,17,72,6,32,38,110
06/11/2013,FSM,AR,ASW,CE,Combined TRACON& Tower with Radar,0,16,21,2,39,0,1,17,3,21,0,17,38,5,60,2,8,10,70
06/12/2013,FSM,AR,ASW,CE,Combined TRACON& Tower with Radar,0,17,18,6,41,0,3,22,4,29,0,20,40,10,70,0,0,0,70
06/13/2013,FSM,AR,ASW,CE,Combined TRACON& Tower with Radar,0,16,24,3,43,0,0,31,3,34,0,16,55,6,77,8,2,10,87
06/14/2013,FSM,AR,ASW,CE,Combined TRACON& Tower with Radar,0,16,16,26,58,0,1,48,8,57,0,17,64,34,115,14,16,30,145
06/15/2013,FSM,AR,ASW,CE,Combined TRACON& Tower with Radar,0,15,12,9,36,0,1,21,3,25,0,16,33,12,61,22,0,22,83
06/16/2013,FSM,AR,ASW,CE,Combined TRACON& Tower with Radar,0,17,15,4,36,0,0,9,0,9,0,17,24,4,45,12,6,18,63
06/17/2013,FSM,AR,ASW,CE,Combined TRACON& Tower with Radar,0,23,17,7,47,0,0,8,8,16,0,23,25,15,63,2,12,14,77
06/18/2013,FSM,AR,ASW,CE,Combined TRACON& Tower with Radar,0,16,18,23,57,0,0,19,6,25,0,16,37,29,82,18,72,90,172
06/19/2013,FSM,AR,ASW,CE,Combined TRACON& Tower with Radar,0,18,23,22,63,0,3,15,14,32,0,21,38,36,95,18,32,50,145
06/20/2013,FSM,AR,ASW,CE,Combined TRACON& Tower with Radar,0,19,24,16,59,0,2,19,12,33,0,21,43,28,92,16,12,28,120
06/21/2013,FSM,AR,ASW,CE,Combined TRACON& Tower with Radar,1,17,25,11,54,0,0,42,4,46,1,17,67,15,100,10,46,56,156
06/22/2013,FSM,AR,ASW,CE,Combined TRACON& Tower with Radar,0,16,21,14,51,0,0,26,2,28,0,16,47,16,79,16,14,30,109
06/23/2013,FSM,AR,ASW,CE,Combined TRACON& Tower with Radar,0,16,15,2,33,0,3,24,1,28,0,19,39,3,61,8,0,8,69
06/24/2013,FSM,AR,ASW,CE,Combined TRACON& Tower with Radar,0,14,25,33,72,0,1,21,13,35,0,15,46,46,107,16,62,78,185
06/25/2013,FSM,AR,ASW,CE,Combined TRACON& Tower with Radar,0,18,24,11,53,0,2,25,12,39,0,20,49,23,92,0,18,18,110
06/26/2013,FSM,AR,ASW,CE,Combined TRACON& Tower with Radar,0,19,18,22,59,0,2,29,7,38,0,21,47,29,97,24,18,42,139
06/27/2013,FSM,AR,ASW,CE,Combined TRACON& Tower with Radar,0,17,15,8,40,0,2,22,5,29,0,19,37,13,69,0,16,16,85
06/28/2013,FSM,AR,ASW,CE,Combined TRACON& Tower with Radar,0,18,21,6,45,0,1,26,2,29,0,19,47,8,74,8,8,16,90
06/29/2013,FSM,AR,ASW,CE,Combined TRACON& Tower with Radar,0,12,12,2,26,0,2,29,0,31,0,14,41,2,57,4,0,4,61
06/30/2013,FSM,AR,ASW,CE,Combined TRACON& Tower with Radar,0,13,22,13,48,0,1,37,0,38,0,14,59,13,86,18,0,18,104
07/01/2013,FSM,AR,ASW,CE,Combined TRACON& Tower with Radar,0,14,12,7,33,0,1,18,3,22,0,15,30,10,55,0,6,6,61
07/02/2013,FSM,AR,ASW,CE,Combined TRACON& Tower with Radar,0,15,17,20,52,0,1,21,1,23,0,16,38,21,75,0,26,26,101
07/03/2013,FSM,AR,ASW,CE,Combined TRACON& Tower with Radar,0,16,14,3,33,0,0,29,3,32,0,16,43,6,65,14,4,18,83
07/04/2013,FSM,AR,ASW,CE,Combined TRACON& Tower with Radar,0,10,8,0,18,0,0,17,0,17,0,10,25,0,35,8,0,8,43
07/05/2013,FSM,AR,ASW,CE,Combined TRACON& Tower with Radar,0,12,7,0,19,0,0,23,0,23,0,12,30,0,42,0,0,0,42
07/06/2013,FSM,AR,ASW,CE,Combined TRACON& Tower with Radar,0,12,14,0,26,0,4,22,0,26,0,16,36,0,52,0,0,0,52
07/07/2013,FSM,AR,ASW,CE,Combined TRACON& Tower with Radar,0,11,23,0,34,0,2,21,0,23,0,13,44,0,57,0,0,0,57
07/08/2013,FSM,AR,ASW,CE,Combined TRACON& Tower with Radar,0,16,26,5,47,0,1,19,1,21,0,17,45,6,68,12,0,12,80
07/09/2013,FSM,AR,ASW,CE,Combined TRACON& Tower with Radar,0,15,8,16,39,0,1,15,7,23,0,16,23,23,62,16,24,40,102
07/10/2013,FSM,AR,ASW,CE,Combined TRACON& Tower with Radar,0,13,21,15,49,0,0,9,6,15,0,13,30,21,64,2,26,28,92
07/11/2013,FSM,AR,ASW,CE,Combined TRACON& Tower with Radar,0,13,34,9,56,0,4,20,6,30,0,17,54,15,86,0,0,0,86
07/12/2013,FSM,AR,ASW,CE,Combined TRACON& Tower with Radar,0,16,27,9,52,0,3,20,9,32,0,19,47,18,84,8,0,8,92
07/13/2013,FSM,AR,ASW,CE,Combined TRACON& Tower with Radar,0,12,19,22,53,0,2,24,13,39,0,14,43,35,92,4,2,6,98
07/14/2013,FSM,AR,ASW,CE,Combined TRACON& Tower with Radar,6,14,20,7,47,0,1,20,8,29,6,15,40,15,76,30,8,38,114
07/15/2013,FSM,AR,ASW,CE,Combined TRACON& Tower with Radar,1,14,19,14,48,0,1,15,30,46,1,15,34,44,94,8,10,18,112
07/16/2013,FSM,AR,ASW,CE,Combined TRACON& Tower with Radar,0,15,29,14,58,0,5,10,4,19,0,20,39,18,77,12,0,12,89
07/17/2013,FSM,AR,ASW,CE,Combined TRACON& Tower with Radar,0,17,33,39,89,0,1,20,4,25,0,18,53,43,114,38,18,56,170
07/18/2013,FSM,AR,ASW,CE,Combined TRACON& Tower with Radar,0,14,13,25,52,0,0,20,12,32,0,14,33,37,84,26,50,76,160
07/19/2013,FSM,AR,ASW,CE,Combined TRACON& Tower with Radar,0,14,15,2,31,0,2,28,2,32,0,16,43,4,63,0,0,0,63
07/20/2013,FSM,AR,ASW,CE,Combined TRACON& Tower with Radar,0,12,13,0,25,0,0,16,1,17,0,12,29,1,42,12,3,15,57
07/21/2013,FSM,AR,ASW,CE,Combined TRACON& Tower with Radar,0,13,21,1,35,0,0,22,1,23,0,13,43,2,58,18,4,22,80
07/22/2013,FSM,AR,ASW,CE,Combined TRACON& Tower with Radar,2,17,11,8,38,0,1,10,11,22,2,18,21,19,60,34,16,50,110
07/23/2013,FSM,AR,ASW,CE,Combined TRACON& Tower with Radar,0,17,14,9,40,0,0,26,8,34,0,17,40,17,74,22,4,26,100
07/24/2013,FSM,AR,ASW,CE,Combined TRACON& Tower with Radar,2,16,25,6,49,0,0,11,5,16,2,16,36,11,65,0,0,0,65
07/25/2013,FSM,AR,ASW,CE,Combined TRACON& Tower with Radar,0,16,22,55,93,0,2,16,5,23,0,18,38,60,116,8,68,76,192
07/26/2013,FSM,AR,ASW,CE,Combined TRACON& Tower with Radar,0,19,21,1,41,0,0,1,0,1,0,19,22,1,42,0,0,0,42
07/27/2013,FSM,AR,ASW,CE,Combined TRACON& Tower with Radar,0,12,17,3,32,0,1,15,0,16,0,13,32,3,48,10,0,10,58
07/28/2013,FSM,AR,ASW,CE,Combined TRACON& Tower with Radar,9,14,8,2,33,0,0,15,0,15,9,14,23,2,48,41,0,41,89
07/29/2013,FSM,AR,ASW,CE,Combined TRACON& Tower with Radar,0,17,20,17,54,0,0,17,0,17,0,17,37,17,71,36,2,38,109
07/30/2013,FSM,AR,ASW,CE,Combined TRACON& Tower with Radar,0,18,15,2,35,0,1,15,5,21,0,19,30,7,56,54,0,54,110
07/31/2013,FSM,AR,ASW,CE,Combined TRACON& Tower with Radar,0,18,19,20,57,0,0,30,0,30,0,18,49,20,87,20,38,58,145
08/01/2013,FSM,AR,ASW,CE,Combined TRACON& Tower with Radar,0,18,11,14,43,0,0,22,7,29,0,18,33,21,72,46,54,100,172
08/02/2013,FSM,AR,ASW,CE,Combined TRACON& Tower with Radar,0,18,19,15,52,0,2,22,6,30,0,20,41,21,82,8,0,8,90
08/03/2013,FSM,AR,ASW,CE,Combined TRACON& Tower with Radar,0,12,12,22,46,0,0,9,9,18,0,12,21,31,64,4,80,84,148
08/04/2013,FSM,AR,ASW,CE,Combined TRACON& Tower with Radar,2,14,15,6,37,0,0,17,6,23,2,14,32,12,60,12,0,12,72
08/05/2013,FSM,AR,ASW,CE,Combined TRACON& Tower with Radar,0,16,23,3,42,0,2,17,8,27,0,18,40,11,69,42,2,44,113
08/06/2013,FSM,AR,ASW,CE,Combined TRACON& Tower with Radar,0,15,15,21,51,0,1,25,10,36,0,16,40,31,87,20,0,20,107
08/07/2013,FSM,AR,ASW,CE,Combined TRACON& Tower with Radar,0,16,30,3,49,0,0,19,11,30,0,16,49,14,79,4,10,14,93
08/08/2013,FSM,AR,ASW,CE,Combined TRACON& Tower with Radar,0,19,19,6,44,0,0,22,0,22,0,19,41,6,66,58,30,88,154
08/09/2013,FSM,AR,ASW,CE,Combined TRACON& Tower with Radar,4,20,11,10,45,0,0,4,0,4,4,20,15,10,49,16,0,16,65
08/10/2013,FSM,AR,ASW,CE,Combined TRACON& Tower with Radar,0,13,16,4,33,0,0,11,0,11,0,13,27,4,44,26,0,26,70
08/11/2013,FSM,AR,ASW,CE,Combined TRACON& Tower with Radar,0,18,18,2,38,0,0,13,0,13,0,18,31,2,51,12,0,12,63
08/12/2013,FSM,AR,ASW,CE,Combined TRACON& Tower with Radar,0,18,23,5,46,0,0,8,4,12,0,18,31,9,58,20,0,20,78
08/13/2013,FSM,AR,ASW,CE,Combined TRACON& Tower with Radar,0,16,19,14,49,0,0,2,1,3,0,16,21,15,52,28,8,36,88
08/14/2013,FSM,AR,ASW,CE,Combined TRACON& Tower with Radar,2,19,27,11,59,0,1,30,4,35,2,20,57,15,94,0,6,6,100
08/15/2013,FSM,AR,ASW,CE,Combined TRACON& Tower with Radar,0,20,27,3,50,0,1,35,5,41,0,21,62,8,91,44,0,44,135
08/16/2013,FSM,AR,ASW,CE,Combined TRACON& Tower with Radar,0,18,21,24,63,0,3,21,0,24,0,21,42,24,87,24,50,74,161
08/17/2013,FSM,AR,ASW,CE,Combined TRACON& Tower with Radar,0,12,7,0,19,0,0,27,0,27,0,12,34,0,46,88,0,88,134
08/18/2013,FSM,AR,ASW,CE,Combined TRACON& Tower with Radar,0,19,10,8,37,0,0,19,0,19,0,19,29,8,56,50,0,50,106
08/19/2013,FSM,AR,ASW,CE,Combined TRACON& Tower with Radar,0,17,26,10,53,0,1,27,6,34,0,18,53,16,87,12,12,24,111
08/20/2013,FSM,AR,ASW,CE,Combined TRACON& Tower with Radar,2,18,28,15,63,0,0,29,10,39,2,18,57,25,102,0,18,18,120
08/21/2013,FSM,AR,ASW,CE,Combined TRACON& Tower with Radar,0,16,40,14,70,0,1,20,3,24,0,17,60,17,94,0,0,0,94
08/22/2013,FSM,AR,ASW,CE,Combined TRACON& Tower with Radar,0,18,21,46,85,0,1,21,9,31,0,19,42,55,116,16,48,64,180
08/23/2013,FSM,AR,ASW,CE,Combined TRACON& Tower with Radar,0,16,39,44,99,0,0,33,4,37,0,16,72,48,136,28,20,48,184
08/24/2013,FSM,AR,ASW,CE,Combined TRACON& Tower with Radar,2,12,16,2,32,0,0,17,0,17,2,12,33,2,49,0,0,0,49
08/25/2013,FSM,AR,ASW,CE,Combined TRACON& Tower with Radar,0,15,25,10,50,0,4,33,0,37,0,19,58,10,87,10,0,10,97
08/26/2013,FSM,AR,ASW,CE,Combined TRACON& Tower with Radar,0,20,18,31,69,0,1,11,14,26,0,21,29,45,95,0,0,0,95
08/27/2013,FSM,AR,ASW,CE,Combined TRACON& Tower with Radar,0,15,25,36,76,0,1,33,5,39,0,16,58,41,115,0,0,0,115
08/28/2013,FSM,AR,ASW,CE,Combined TRACON& Tower with Radar,2,16,22,7,47,0,1,23,6,30,2,17,45,13,77,24,0,24,101
08/29/2013,FSM,AR,ASW,CE,Combined TRACON& Tower with Radar,0,20,24,11,55,0,0,19,9,28,0,20,43,20,83,0,20,20,103
08/30/2013,FSM,AR,ASW,CE,Combined TRACON& Tower with Radar,0,17,25,1,43,0,0,20,1,21,0,17,45,2,64,0,0,0,64
08/31/2013,FSM,AR,ASW,CE,Combined TRACON& Tower with Radar,0,10,12,0,22,0,0,17,0,17,0,10,29,0,39,18,0,18,57
09/01/2013,FSM,AR,ASW,CE,Combined TRACON& Tower with Radar,0,8,7,0,15,0,0,14,0,14,0,8,21,0,29,26,0,26,55
09/02/2013,FSM,AR,ASW,CE,Combined TRACON& Tower with Radar,0,12,10,0,22,0,1,19,0,20,0,13,29,0,42,2,0,2,44
09/03/2013,FSM,AR,ASW,CE,Combined TRACON& Tower with Radar,0,17,3,17,37,0,0,14,9,23,0,17,17,26,60,0,26,26,86
09/04/2013,FSM,AR,ASW,CE,Combined TRACON& Tower with Radar,0,16,26,23,65,0,3,34,6,43,0,19,60,29,108,14,50,64,172
09/05/2013,FSM,AR,ASW,CE,Combined TRACON& Tower with Radar,0,15,18,15,48,0,0,24,5,29,0,15,42,20,77,24,30,54,131
09/06/2013,FSM,AR,ASW,CE,Combined TRACON& Tower with Radar,0,16,18,38,72,0,0,14,13,27,0,16,32,51,99,20,36,56,155
09/07/2013,FSM,AR,ASW,CE,Combined TRACON& Tower with Radar,0,10,6,26,42,0,0,26,17,43,0,10,32,43,85,16,40,56,141
09/08/2013,FSM,AR,ASW,CE,Combined TRACON& Tower with Radar,0,16,16,0,32,0,1,20,7,28,0,17,36,7,60,6,0,6,66
09/09/2013,FSM,AR,ASW,CE,Combined TRACON& Tower with Radar,0,17,25,23,65,0,2,40,3,45,0,19,65,26,110,18,10,28,138
09/10/2013,FSM,AR,ASW,CE,Combined TRACON& Tower with Radar,0,26,15,10,51,0,1,24,1,26,0,27,39,11,77,16,4,20,97
09/11/2013,FSM,AR,ASW,CE,Combined TRACON& Tower with Radar,0,18,27,20,65,0,1,13,6,20,0,19,40,26,85,12,0,12,97
09/12/2013,FSM,AR,ASW,CE,Combined TRACON& Tower with Radar,0,17,27,8,52,0,1,9,0,10,0,18,36,8,62,0,0,0,62
09/13/2013,FSM,AR,ASW,CE,Combined TRACON& Tower with Radar,0,18,19,21,58,0,1,26,4,31,0,19,45,25,89,6,24,30,119
09/14/2013,FSM,AR,ASW,CE,Combined TRACON& Tower with Radar,0,13,5,17,35,0,1,26,3,30,0,14,31,20,65,8,18,26,91
09/15/2013,FSM,AR,ASW,CE,Combined TRACON& Tower with Radar,2,14,13,4,33,0,1,21,1,23,2,15,34,5,56,18,0,18,74
09/16/2013,FSM,AR,ASW,CE,Combined TRACON& Tower with Radar,0,15,17,27,59,0,0,4,10,14,0,15,21,37,73,4,22,26,99
09/17/2013,FSM,AR,ASW,CE,Combined TRACON& Tower with Radar,0,16,21,23,60,0,1,21,4,26,0,17,42,27,86,4,36,40,126
09/18/2013,FSM,AR,ASW,CE,Combined TRACON& Tower with Radar,0,19,24,17,60,0,0,27,9,36,0,19,51,26,96,0,55,55,151
09/19/2013,FSM,AR,ASW,CE,Combined TRACON& Tower with Radar,0,20,17,9,46,0,3,12,9,24,0,23,29,18,70,0,0,0,70
09/20/2013,FSM,AR,ASW,CE,Combined TRACON& Tower with Radar,0,17,22,24,63,0,0,4,0,4,0,17,26,24,67,0,0,0,67
09/21/2013,FSM,AR,ASW,CE,Combined TRACON& Tower with Radar,0,14,16,5,35,0,1,29,6,36,0,15,45,11,71,38,0,38,109
09/22/2013,FSM,AR,ASW,CE,Combined TRACON& Tower with Radar,0,13,17,5,35,0,3,49,1,53,0,16,66,6,88,0,0,0,88
09/23/2013,FSM,AR,ASW,CE,Combined TRACON& Tower with Radar,0,15,16,14,45,0,0,19,2,21,0,15,35,16,66,32,20,52,118
09/24/2013,FSM,AR,ASW,CE,Combined TRACON& Tower with Radar,0,14,22,9,45,0,0,35,10,45,0,14,57,19,90,50,10,60,150
09/25/2013,FSM,AR,ASW,CE,Combined TRACON& Tower with Radar,0,17,19,7,43,0,1,28,13,42,0,18,47,20,85,0,38,38,123
09/26/2013,FSM,AR,ASW,CE,Combined TRACON& Tower with Radar,0,17,24,12,53,0,0,25,7,32,0,17,49,19,85,36,0,36,121
09/27/2013,FSM,AR,ASW,CE,Combined TRACON& Tower with Radar,0,26,25,9,60,0,1,33,0,34,0,27,58,9,94,6,8,14,108
09/28/2013,FSM,AR,ASW,CE,Combined TRACON& Tower with Radar,0,10,9,0,19,0,0,15,0,15,0,10,24,0,34,26,0,26,60
09/29/2013,FSM,AR,ASW,CE,Combined TRACON& Tower with Radar,0,16,23,0,39,0,0,15,1,16,0,16,38,1,55,34,0,34,89
09/30/2013,FSM,AR,ASW,CE,Combined TRACON& Tower with Radar,0,18,19,4,41,0,0,12,1,13,0,18,31,5,54,22,0,22,76
10/01/2013,FSM,AR,ASW,CE,Combined TRACON& Tower with Radar,0,16,18,22,56,0,0,13,0,13,0,16,31,22,69,22,40,62,131
10/02/2013,FSM,AR,ASW,CE,Combined TRACON& Tower with Radar,0,17,20,10,47,0,0,4,0,4,0,17,24,10,51,0,0,0,51
10/03/2013,FSM,AR,ASW,CE,Combined TRACON& Tower with Radar,0,21,19,8,48,0,0,8,0,8,0,21,27,8,56,8,46,54,110
10/04/2013,FSM,AR,ASW,CE,Combined TRACON& Tower with Radar,2,17,19,22,60,0,0,26,0,26,2,17,45,22,86,6,28,34,120
10/05/2013,FSM,AR,ASW,CE,Combined TRACON& Tower with Radar,0,9,7,0,16,0,0,0,0,0,0,9,7,0,16,0,0,0,16
10/06/2013,FSM,AR,ASW,CE,Combined TRACON& Tower with Radar,0,15,24,0,39,0,0,33,0,33,0,15,57,0,72,18,0,18,90
10/07/2013,FSM,AR,ASW,CE,Combined TRACON& Tower with Radar,0,17,25,21,63,0,1,21,3,25,0,18,46,24,88,16,0,16,104
10/08/2013,FSM,AR,ASW,CE,Combined TRACON& Tower with Radar,0,16,18,30,64,0,3,12,0,15,0,19,30,30,79,14,26,40,119
10/09/2013,FSM,AR,ASW,CE,Combined TRACON& Tower with Radar,0,21,22,15,58,0,1,26,0,27,0,22,48,15,85,14,40,54,139
10/10/2013,FSM,AR,ASW,CE,Combined TRACON& Tower with Radar,0,21,28,29,78,0,0,42,4,46,0,21,70,33,124,56,26,82,206
10/11/2013,FSM,AR,ASW,CE,Combined TRACON& Tower with Radar,0,16,24,28,68,0,0,22,0,22,0,16,46,28,90,8,36,44,134
10/12/2013,FSM,AR,ASW,CE,Combined TRACON& Tower with Radar,0,10,20,0,30,0,2,9,0,11,0,12,29,0,41,60,0,60,101
10/13/2013,FSM,AR,ASW,CE,Combined TRACON& Tower with Radar,0,14,10,0,24,0,1,23,0,24,0,15,33,0,48,26,0,26,74
10/14/2013,FSM,AR,ASW,CE,Combined TRACON& Tower with Radar,0,17,17,0,34,0,0,0,0,0,0,17,17,0,34,0,0,0,34
10/15/2013,FSM,AR,ASW,CE,Combined TRACON& Tower with Radar,0,20,14,0,34,0,0,0,0,0,0,20,14,0,34,0,0,0,34
10/16/2013,FSM,AR,ASW,CE,Combined TRACON& Tower with Radar,0,15,37,17,69,0,0,14,0,14,0,15,51,17,83,0,40,40,123
10/17/2013,FSM,AR,ASW,CE,Combined TRACON& Tower with Radar,0,19,18,36,73,0,0,33,12,45,0,19,51,48,118,6,60,66,184
10/18/2013,FSM,AR,ASW,CE,Combined TRACON& Tower with Radar,0,21,37,39,97,0,0,10,4,14,0,21,47,43,111,0,0,0,111
10/19/2013,FSM,AR,ASW,CE,Combined TRACON& Tower with Radar,2,12,20,45,79,0,0,30,15,45,2,12,50,60,124,48,8,56,180
10/20/2013,FSM,AR,ASW,CE,Combined TRACON& Tower with Radar,0,15,20,11,46,0,0,21,1,22,0,15,41,12,68,58,30,88,156
10/21/2013,FSM,AR,ASW,CE,Combined TRACON& Tower with Radar,0,16,18,3,37,0,0,7,0,7,0,16,25,3,44,0,0,0,44
10/22/2013,FSM,AR,ASW,CE,Combined TRACON& Tower with Radar,0,17,36,15,68,0,0,17,7,24,0,17,53,22,92,18,30,48,140
10/23/2013,FSM,AR,ASW,CE,Combined TRACON& Tower with Radar,0,22,31,18,71,0,0,21,3,24,0,22,52,21,95,0,0,0,95
10/24/2013,FSM,AR,ASW,CE,Combined TRACON& Tower with Radar,0,20,30,25,75,0,3,30,6,39,0,23,60,31,114,2,36,38,152
10/25/2013,FSM,AR,ASW,CE,Combined TRACON& Tower with Radar,0,18,39,42,99,0,1,36,5,42,0,19,75,47,141,20,14,34,175
10/26/2013,FSM,AR,ASW,CE,Combined TRACON& Tower with Radar,0,10,12,0,22,0,0,6,0,6,0,10,18,0,28,36,0,36,64
10/27/2013,FSM,AR,ASW,CE,Combined TRACON& Tower with Radar,0,14,20,16,50,0,0,10,1,11,0,14,30,17,61,40,6,46,107
10/28/2013,FSM,AR,ASW,CE,Combined TRACON& Tower with Radar,2,16,28,11,57,0,1,8,4,13,2,17,36,15,70,0,0,0,70
10/29/2013,FSM,AR,ASW,CE,Combined TRACON& Tower with Radar,0,19,26,26,71,0,0,3,0,3,0,19,29,26,74,16,22,38,112
10/30/2013,FSM,AR,ASW,CE,Combined TRACON& Tower with Radar,0,16,10,2,28,0,0,2,4,6,0,16,12,6,34,0,4,4,38
10/31/2013,FSM,AR,ASW,CE,Combined TRACON& Tower with Radar,0,16,15,14,45,0,2,3,3,8,0,18,18,17,53,0,26,26,79
11/01/2013,FSM,AR,ASW,CE,Combined TRACON& Tower with Radar,0,15,24,34,73,0,1,28,9,38,0,16,52,43,111,28,14,42,153
11/02/2013,FSM,AR,ASW,CE,Combined TRACON& Tower with Radar,0,10,13,2,25,0,1,29,3,33,0,11,42,5,58,10,20,30,88
11/03/2013,FSM,AR,ASW,CE,Combined TRACON& Tower with Radar,0,16,16,16,48,0,1,18,7,26,0,17,34,23,74,6,6,12,86
11/04/2013,FSM,AR,ASW,CE,Combined TRACON& Tower with Radar,0,21,21,4,46,0,1,3,1,5,0,22,24,5,51,6,2,8,59
11/05/2013,FSM,AR,ASW,CE,Combined TRACON& Tower with Radar,0,18,21,0,39,0,0,2,0,2,0,18,23,0,41,16,0,16,57
11/06/2013,FSM,AR,ASW,CE,Combined TRACON& Tower with Radar,0,16,23,29,68,0,0,2,0,2,0,16,25,29,70,14,8,22,92
11/07/2013,FSM,AR,ASW,CE,Combined TRACON& Tower with Radar,0,14,30,16,60,0,5,34,11,50,0,19,64,27,110,24,6,30,140
11/08/2013,FSM,AR,ASW,CE,Combined TRACON& Tower with Radar,0,18,22,9,49,0,1,26,5,32,0,19,48,14,81,16,0,16,97
11/09/2013,FSM,AR,ASW,CE,Combined TRACON& Tower with Radar,0,11,13,0,24,0,1,22,2,25,0,12,35,2,49,34,0,34,83
11/10/2013,FSM,AR,ASW,CE,Combined TRACON& Tower with Radar,0,14,28,20,62,0,1,28,4,33,0,15,56,24,95,110,0,110,205
11/11/2013,FSM,AR,ASW,CE,Combined TRACON& Tower with Radar,0,17,24,4,45,0,0,24,0,24,0,17,48,4,69,44,0,44,113
11/12/2013,FSM,AR,ASW,CE,Combined TRACON& Tower with Radar,0,17,21,34,72,0,0,17,2,19,0,17,38,36,91,24,6,30,121
11/13/2013,FSM,AR,ASW,CE,Combined TRACON& Tower with Radar,0,18,24,1,43,0,0,24,10,34,0,18,48,11,77,48,22,70,147
11/14/2013,FSM,AR,ASW,CE,Combined TRACON& Tower with Radar,0,18,26,8,52,0,0,20,13,33,0,18,46,21,85,64,20,84,169
11/15/2013,FSM,AR,ASW,CE,Combined TRACON& Tower with Radar,2,18,33,21,74,0,1,5,5,11,2,19,38,26,85,30,4,34,119
11/16/2013,FSM,AR,ASW,CE,Combined TRACON& Tower with Radar,0,11,8,1,20,0,0,0,0,0,0,11,8,1,20,0,0,0,20
11/17/2013,FSM,AR,ASW,CE,Combined TRACON& Tower with Radar,0,15,5,14,34,0,1,6,0,7,0,16,11,14,41,14,0,14,55
11/18/2013,FSM,AR,ASW,CE,Combined TRACON& Tower with Radar,0,18,22,30,70,0,0,16,0,16,0,18,38,30,86,56,54,110,196
11/19/2013,FSM,AR,ASW,CE,Combined TRACON& Tower with Radar,0,18,23,22,63,0,1,22,8,31,0,19,45,30,94,0,54,54,148
11/20/2013,FSM,AR,ASW,CE,Combined TRACON& Tower with Radar,0,15,29,12,56,0,4,11,3,18,0,19,40,15,74,8,4,12,86
11/21/2013,FSM,AR,ASW,CE,Combined TRACON& Tower with Radar,0,16,22,5,43,0,2,0,3,5,0,18,22,8,48,0,0,0,48
11/22/2013,FSM,AR,ASW,CE,Combined TRACON& Tower with Radar,0,16,14,13,43,0,0,0,0,0,0,16,14,13,43,18,32,50,93
11/23/2013,FSM,AR,ASW,CE,Combined TRACON& Tower with Radar,0,11,23,16,50,0,2,7,10,19,0,13,30,26,69,6,0,6,75
11/24/2013,FSM,AR,ASW,CE,Combined TRACON& Tower with Radar,0,9,13,3,25,0,0,9,2,11,0,9,22,5,36,6,0,6,42
11/25/2013,FSM,AR,ASW,CE,Combined TRACON& Tower with Radar,0,14,1,1,16,0,0,0,0,0,0,14,1,1,16,0,0,0,16
11/26/2013,FSM,AR,ASW,CE,Combined TRACON& Tower with Radar,0,18,17,6,41,0,1,9,8,18,0,19,26,14,59,26,0,26,85
11/27/2013,FSM,AR,ASW,CE,Combined TRACON& Tower with Radar,0,16,17,6,39,0,1,26,5,32,0,17,43,11,71,26,15,41,112
11/28/2013,FSM,AR,ASW,CE,Combined TRACON& Tower with Radar,0,7,7,0,14,0,0,9,0,9,0,7,16,0,23,0,0,0,23
11/29/2013,FSM,AR,ASW,CE,Combined TRACON& Tower with Radar,0,9,18,0,27,0,0,26,0,26,0,9,44,0,53,38,0,38,91
11/30/2013,FSM,AR,ASW,CE,Combined TRACON& Tower with Radar,0,12,18,0,30,0,2,20,0,22,0,14,38,0,52,44,0,44,96
12/01/2013,FSM,AR,ASW,CE,Combined TRACON& Tower with Radar,2,15,33,0,50,0,0,1,0,1,2,15,34,0,51,22,0,22,73
12/02/2013,FSM,AR,ASW,CE,Combined TRACON& Tower with Radar,0,19,18,10,47,0,0,7,4,11,0,19,25,14,58,10,32,42,100
12/03/2013,FSM,AR,ASW,CE,Combined TRACON& Tower with Radar,0,12,32,17,61,0,0,4,0,4,0,12,36,17,65,0,0,0,65
12/04/2013,FSM,AR,ASW,CE,Combined TRACON& Tower with Radar,0,16,29,10,55,0,0,11,4,15,0,16,40,14,70,26,8,34,104
12/05/2013,FSM,AR,ASW,CE,Combined TRACON& Tower with Radar,0,4,1,0,5,0,0,0,0,0,0,4,1,0,5,0,0,0,5
12/06/2013,FSM,AR,ASW,CE,Combined TRACON& Tower with Radar,0,5,5,0,10,0,0,0,0,0,0,5,5,0,10,0,0,0,10
12/07/2013,FSM,AR,ASW,CE,Combined TRACON& Tower with Radar,0,4,6,4,14,0,1,7,0,8,0,5,13,4,22,0,0,0,22
12/08/2013,FSM,AR,ASW,CE,Combined TRACON& Tower with Radar,0,8,4,0,12,0,0,0,0,0,0,8,4,0,12,0,0,0,12
12/09/2013,FSM,AR,ASW,CE,Combined TRACON& Tower with Radar,0,9,15,19,43,0,0,3,4,7,0,9,18,23,50,0,12,12,62
12/10/2013,FSM,AR,ASW,CE,Combined TRACON& Tower with Radar,0,12,23,21,56,0,0,4,9,13,0,12,27,30,69,14,0,14,83
12/11/2013,FSM,AR,ASW,CE,Combined TRACON& Tower with Radar,0,17,22,24,63,0,0,19,0,19,0,17,41,24,82,4,0,4,86
12/12/2013,FSM,AR,ASW,CE,Combined TRACON& Tower with Radar,0,18,20,5,43,0,0,23,0,23,0,18,43,5,66,54,0,54,120
12/13/2013,FSM,AR,ASW,CE,Combined TRACON& Tower with Radar,0,17,6,6,29,0,0,1,0,1,0,17,7,6,30,0,0,0,30
12/14/2013,FSM,AR,ASW,CE,Combined TRACON& Tower with Radar,0,9,8,4,21,0,0,17,0,17,0,9,25,4,38,6,0,6,44
12/15/2013,FSM,AR,ASW,CE,Combined TRACON& Tower with Radar,0,14,19,4,37,0,1,34,2,37,0,15,53,6,74,90,0,90,164
12/16/2013,FSM,AR,ASW,CE,Combined TRACON& Tower with Radar,0,17,19,19,55,0,1,24,5,30,0,18,43,24,85,80,16,96,181
12/17/2013,FSM,AR,ASW,CE,Combined TRACON& Tower with Radar,0,16,26,14,56,0,0,18,6,24,0,16,44,20,80,56,0,56,136
12/18/2013,FSM,AR,ASW,CE,Combined TRACON& Tower with Radar,0,21,21,8,50,0,1,34,9,44,0,22,55,17,94,32,32,64,158
12/19/2013,FSM,AR,ASW,CE,Combined TRACON& Tower with Radar,0,16,18,9,43,0,2,10,8,20,0,18,28,17,63,8,16,24,87
12/20/2013,FSM,AR,ASW,CE,Combined TRACON& Tower with Radar,0,25,7,3,35,0,1,0,0,1,0,26,7,3,36,0,0,0,36
12/21/2013,FSM,AR,ASW,CE,Combined TRACON& Tower with Radar,2,14,2,0,18,0,0,0,0,0,2,14,2,0,18,0,0,0,18
12/22/2013,FSM,AR,ASW,CE,Combined TRACON& Tower with Radar,0,12,11,0,23,0,2,0,0,2,0,14,11,0,25,10,0,10,35
12/23/2013,FSM,AR,ASW,CE,Combined TRACON& Tower with Radar,0,12,19,0,31,0,0,3,2,5,0,12,22,2,36,34,0,34,70
12/24/2013,FSM,AR,ASW,CE,Combined TRACON& Tower with Radar,0,7,9,0,16,0,0,15,0,15,0,7,24,0,31,18,2,20,51
12/25/2013,FSM,AR,ASW,CE,Combined TRACON& Tower with Radar,0,7,4,0,11,0,2,5,0,7,0,9,9,0,18,0,0,0,18
12/26/2013,FSM,AR,ASW,CE,Combined TRACON& Tower with Radar,0,18,10,0,28,0,0,10,0,10,0,18,20,0,38,36,0,36,74
12/27/2013,FSM,AR,ASW,CE,Combined TRACON& Tower with Radar,0,18,20,7,45,0,0,33,0,33,0,18,53,7,78,40,0,40,118
12/28/2013,FSM,AR,ASW,CE,Combined TRACON& Tower with Radar,0,12,11,2,25,0,0,26,0,26,0,12,37,2,51,26,0,26,77
12/29/2013,FSM,AR,ASW,CE,Combined TRACON& Tower with Radar,0,10,1,0,11,0,0,4,0,4,0,10,5,0,15,2,0,2,17
12/30/2013,FSM,AR,ASW,CE,Combined TRACON& Tower with Radar,0,14,17,3,34,0,0,12,3,15,0,14,29,6,49,24,10,34,83
12/31/2013,FSM,AR,ASW,CE,Combined TRACON& Tower with Radar,0,13,6,1,20,0,0,26,5,31,0,13,32,6,51,28,0,28,79
01/01/2014,FSM,AR,ASW,CE,Combined TRACON& Tower with Radar,0,11,14,0,25,0,0,14,0,14,0,11,28,0,39,20,0,20,59
01/02/2014,FSM,AR,ASW,CE,Combined TRACON& Tower with Radar,0,18,9,1,28,0,2,12,2,16,0,20,21,3,44,0,0,0,44
01/03/2014,FSM,AR,ASW,CE,Combined TRACON& Tower with Radar,0,16,15,8,39,0,2,24,0,26,0,18,39,8,65,4,0,4,69
01/04/2014,FSM,AR,ASW,CE,Combined TRACON& Tower with Radar,0,14,10,0,24,0,0,6,0,6,0,14,16,0,30,14,0,14,44
01/05/2014,FSM,AR,ASW,CE,Combined TRACON& Tower with Radar,0,14,9,0,23,0,1,1,0,2,0,15,10,0,25,2,0,2,27
01/06/2014,FSM,AR,ASW,CE,Combined TRACON& Tower with Radar,2,11,12,1,26,0,6,8,4,18,2,17,20,5,44,0,0,0,44
01/07/2014,FSM,AR,ASW,CE,Combined TRACON& Tower with Radar,0,13,5,17,35,0,0,16,6,22,0,13,21,23,57,42,10,52,109
01/08/2014,FSM,AR,ASW,CE,Combined TRACON& Tower with Radar,2,11,7,0,20,0,0,0,4,4,2,11,7,4,24,2,2,4,28
01/09/2014,FSM,AR,ASW,CE,Combined TRACON& Tower with Radar,0,21,5,0,26,0,0,0,0,0,0,21,5,0,26,0,0,0,26
01/10/2014,FSM,AR,ASW,CE,Combined TRACON& Tower with Radar,0,20,13,11,44,0,0,0,0,0,0,20,13,11,44,0,0,0,44
01/11/2014,FSM,AR,ASW,CE,Combined TRACON& Tower with Radar,0,11,16,6,33,0,0,27,5,32,0,11,43,11,65,2,32,34,99
01/12/2014,FSM,AR,ASW,CE,Combined TRACON& Tower with Radar,0,14,10,13,37,0,0,9,0,9,0,14,19,13,46,10,0,10,56
01/13/2014,FSM,AR,ASW,CE,Combined TRACON& Tower with Radar,0,15,11,64,90,0,0,23,5,28,0,15,34,69,118,38,84,122,240
01/14/2014,FSM,AR,ASW,CE,Combined TRACON& Tower with Radar,0,16,18,12,46,0,1,18,3,22,0,17,36,15,68,10,18,28,96
01/15/2014,FSM,AR,ASW,CE,Combined TRACON& Tower with Radar,0,16,37,15,68,0,0,27,5,32,0,16,64,20,100,34,24,58,158
01/16/2014,FSM,AR,ASW,CE,Combined TRACON& Tower with Radar,0,17,29,16,62,0,1,19,6,26,0,18,48,22,88,30,32,62,150
01/17/2014,FSM,AR,ASW,CE,Combined TRACON& Tower with Radar,0,15,28,29,72,0,0,19,6,25,0,15,47,35,97,0,0,0,97
01/18/2014,FSM,AR,ASW,CE,Combined TRACON& Tower with Radar,0,10,18,26,54,0,0,25,3,28,0,10,43,29,82,30,10,40,122
01/19/2014,FSM,AR,ASW,CE,Combined TRACON& Tower with Radar,0,12,28,25,65,0,0,29,0,29,0,12,57,25,94,2,0,2,96
01/20/2014,FSM,AR,ASW,CE,Combined TRACON& Tower with Radar,0,16,17,0,33,0,0,33,0,33,0,16,50,0,66,12,0,12,78
01/21/2014,FSM,AR,ASW,CE,Combined TRACON& Tower with Radar,0,17,14,2,33,0,2,12,4,18,0,19,26,6,51,14,4,18,69
01/22/2014,FSM,AR,ASW,CE,Combined TRACON& Tower with Radar,0,22,33,3,58,0,0,26,4,30,0,22,59,7,88,22,14,36,124
01/23/2014,FSM,AR,ASW,CE,Combined TRACON& Tower with Radar,0,21,16,16,53,0,0,16,7,23,0,21,32,23,76,0,38,38,114
01/24/2014,FSM,AR,ASW,CE,Combined TRACON& Tower with Radar,0,18,15,36,69,0,3,25,3,31,0,21,40,39,100,28,80,108,208
01/25/2014,FSM,AR,ASW,CE,Combined TRACON& Tower with Radar,0,8,16,0,24,0,0,40,0,40,0,8,56,0,64,70,0,70,134
01/26/2014,FSM,AR,ASW,CE,Combined TRACON& Tower with Radar,0,12,16,28,56,0,4,28,1,33,0,16,44,29,89,80,0,80,169
01/27/2014,FSM,AR,ASW,CE,Combined TRACON& Tower with Radar,2,16,12,27,57,0,1,11,5,17,2,17,23,32,74,0,14,14,88
01/28/2014,FSM,AR,ASW,CE,Combined TRACON& Tower with Radar,0,15,13,17,45,0,0,18,2,20,0,15,31,19,65,22,48,70,135
01/29/2014,FSM,AR,ASW,CE,Combined TRACON& Tower with Radar,0,12,26,26,64,0,2,26,3,31,0,14,52,29,95,26,28,54,149
01/30/2014,FSM,AR,ASW,CE,Combined TRACON& Tower with Radar,0,15,19,17,51,0,0,13,5,18,0,15,32,22,69,20,28,48,117
01/31/2014,FSM,AR,ASW,CE,Combined TRACON& Tower with Radar,0,17,31,10,58,0,0,4,0,4,0,17,35,10,62,0,2,2,64
02/01/2014,FSM,AR,ASW,CE,Combined TRACON& Tower with Radar,0,9,7,0,16,0,0,0,0,0,0,9,7,0,16,0,0,0,16
02/02/2014,FSM,AR,ASW,CE,Combined TRACON& Tower with Radar,0,7,3,0,10,0,0,2,0,2,0,7,5,0,12,0,0,0,12
02/03/2014,FSM,AR,ASW,CE,Combined TRACON& Tower with Radar,0,16,18,3,37,0,5,13,4,22,0,21,31,7,59,28,0,28,87
02/04/2014,FSM,AR,ASW,CE,Combined TRACON& Tower with Radar,0,15,3,0,18,0,0,0,0,0,0,15,3,0,18,0,0,0,18
02/05/2014,FSM,AR,ASW,CE,Combined TRACON& Tower with Radar,0,15,18,1,34,0,0,2,2,4,0,15,20,3,38,0,0,0,38
02/06/2014,FSM,AR,ASW,CE,Combined TRACON& Tower with Radar,0,11,16,8,35,0,0,1,0,1,0,11,17,8,36,0,8,8,44
02/07/2014,FSM,AR,ASW,CE,Combined TRACON& Tower with Radar,0,14,13,7,34,0,1,9,4,14,0,15,22,11,48,0,6,6,54
02/08/2014,FSM,AR,ASW,CE,Combined TRACON& Tower with Radar,0,11,13,2,26,0,0,0,0,0,0,11,13,2,26,0,0,0,26
02/09/2014,FSM,AR,ASW,CE,Combined TRACON& Tower with Radar,0,14,9,2,25,0,1,0,2,3,0,15,9,4,28,0,0,0,28
02/10/2014,FSM,AR,ASW,CE,Combined TRACON& Tower with Radar,0,15,13,39,67,0,2,6,8,16,0,17,19,47,83,14,68,82,165
02/11/2014,FSM,AR,ASW,CE,Combined TRACON& Tower with Radar,0,11,23,36,70,0,0,26,7,33,0,11,49,43,103,40,64,104,207
02/12/2014,FSM,AR,ASW,CE,Combined TRACON& Tower with Radar,0,9,16,51,76,0,0,29,4,33,0,9,45,55,109,40,30,70,179
02/13/2014,FSM,AR,ASW,CE,Combined TRACON& Tower with Radar,0,11,30,28,69,0,3,22,3,28,0,14,52,31,97,8,20,28,125
02/14/2014,FSM,AR,ASW,CE,Combined TRACON& Tower with Radar,0,13,17,18,48,0,1,21,1,23,0,14,38,19,71,12,6,18,89
02/15/2014,FSM,AR,ASW,CE,Combined TRACON& Tower with Radar,0,12,19,5,36,0,1,43,0,44,0,13,62,5,80,21,0,21,101
02/16/2014,FSM,AR,ASW,CE,Combined TRACON& Tower with Radar,0,12,13,7,32,0,0,23,3,26,0,12,36,10,58,34,12,46,104
02/17/2014,FSM,AR,ASW,CE,Combined TRACON& Tower with Radar,0,16,20,6,42,0,0,8,0,8,0,16,28,6,50,12,0,12,62
02/18/2014,FSM,AR,ASW,CE,Combined TRACON& Tower with Radar,0,19,28,23,70,0,2,18,5,25,0,21,46,28,95,22,96,118,213
02/19/2014,FSM,AR,ASW,CE,Combined TRACON& Tower with Radar,0,20,23,34,77,0,1,6,8,15,0,21,29,42,92,18,64,82,174
02/20/2014,FSM,AR,ASW,CE,Combined TRACON& Tower with Radar,0,22,18,5,45,0,1,2,0,3,0,23,20,5,48,0,14,14,62
02/21/2014,FSM,AR,ASW,CE,Combined TRACON& Tower with Radar,0,16,33,28,77,0,0,33,5,38,0,16,66,33,115,48,48,96,211
02/22/2014,FSM,AR,ASW,CE,Combined TRACON& Tower with Radar,0,11,4,2,17,0,2,21,0,23,0,13,25,2,40,14,4,18,58
02/23/2014,FSM,AR,ASW,CE,Combined TRACON& Tower with Radar,0,14,15,6,35,0,0,12,0,12,0,14,27,6,47,30,0,30,77
02/24/2014,FSM,AR,ASW,CE,Combined TRACON& Tower with Radar,0,22,17,39,78,0,2,26,3,31,0,24,43,42,109,28,22,50,159
02/25/2014,FSM,AR,ASW,CE,Combined TRACON& Tower with Radar,0,16,25,55,96,0,4,34,6,44,0,20,59,61,140,30,100,130,270
02/26/2014,FSM,AR,ASW,CE,Combined TRACON& Tower with Radar,0,14,31,26,71,0,1,19,4,24,0,15,50,30,95,0,46,46,141
02/27/2014,FSM,AR,ASW,CE,Combined TRACON& Tower with Radar,0,14,21,43,78,0,2,45,8,55,0,16,66,51,133,18,36,54,187
02/28/2014,FSM,AR,ASW,CE,Combined TRACON& Tower with Radar,0,17,24,23,64,0,0,5,3,8,0,17,29,26,72,0,14,14,86
03/01/2014,FSM,AR,ASW,CE,Combined TRACON& Tower with Radar,0,10,16,2,28,0,0,3,9,12,0,10,19,11,40,14,0,14,54
03/02/2014,FSM,AR,ASW,CE,Combined TRACON& Tower with Radar,0,6,4,0,10,0,0,0,0,0,0,6,4,0,10,0,0,0,10
03/03/2014,FSM,AR,ASW,CE,Combined TRACON& Tower with Radar,0,12,11,0,23,0,2,2,0,4,0,14,13,0,27,0,0,0,27
03/04/2014,FSM,AR,ASW,CE,Combined TRACON& Tower with Radar,0,16,21,28,65,0,0,9,2,11,0,16,30,30,76,0,0,0,76
03/05/2014,FSM,AR,ASW,CE,Combined TRACON& Tower with Radar,0,16,25,22,63,0,0,19,6,25,0,16,44,28,88,4,6,10,98
03/06/2014,FSM,AR,ASW,CE,Combined TRACON& Tower with Radar,0,16,32,36,84,0,2,30,9,41,0,18,62,45,125,8,38,46,171
03/07/2014,FSM,AR,ASW,CE,Combined TRACON& Tower with Radar,0,16,29,28,73,0,4,31,4,39,0,20,60,32,112,10,18,28,140
03/08/2014,FSM,AR,ASW,CE,Combined TRACON& Tower with Radar,2,10,14,0,26,0,0,12,0,12,2,10,26,0,38,28,0,28,66
03/09/2014,FSM,AR,ASW,CE,Combined TRACON& Tower with Radar,0,15,18,4,37,0,0,6,0,6,0,15,24,4,43,18,0,18,61
03/10/2014,FSM,AR,ASW,CE,Combined TRACON& Tower with Radar,0,12,38,2,52,0,2,21,5,28,0,14,59,7,80,4,18,22,102
03/11/2014,FSM,AR,ASW,CE,Combined TRACON& Tower with Radar,0,14,30,18,62,0,5,31,9,45,0,19,61,27,107,6,42,48,155
03/12/2014,FSM,AR,ASW,CE,Combined TRACON& Tower with Radar,0,17,16,19,52,0,0,14,3,17,0,17,30,22,69,0,44,44,113
03/13/2014,FSM,AR,ASW,CE,Combined TRACON& Tower with Radar,0,16,18,18,52,0,6,34,2,42,0,22,52,20,94,16,10,26,120
03/14/2014,FSM,AR,ASW,CE,Combined TRACON& Tower with Radar,0,14,20,58,92,0,0,31,7,38,0,14,51,65,130,12,38,50,180
03/15/2014,FSM,AR,ASW,CE,Combined TRACON& Tower with Radar,0,10,12,0,22,0,0,12,0,12,0,10,24,0,34,18,0,18,52
03/16/2014,FSM,AR,ASW,CE,Combined TRACON& Tower with Radar,2,13,4,0,19,0,0,4,0,4,2,13,8,0,23,0,0,0,23
03/17/2014,FSM,AR,ASW,CE,Combined TRACON& Tower with Radar,0,14,19,34,67,0,3,21,9,33,0,17,40,43,100,0,32,32,132
03/18/2014,FSM,AR,ASW,CE,Combined TRACON& Tower with Radar,0,14,22,37,73,0,0,19,6,25,0,14,41,43,98,0,10,10,108
03/19/2014,FSM,AR,ASW,CE,Combined TRACON& Tower with Radar,0,15,29,41,85,0,0,27,6,33,0,15,56,47,118,18,36,54,172
03/20/2014,FSM,AR,ASW,CE,Combined TRACON& Tower with Radar,0,14,38,45,97,0,2,32,1,35,0,16,70,46,132,16,60,76,208
03/21/2014,FSM,AR,ASW,CE,Combined TRACON& Tower with Radar,0,15,22,41,78,0,0,29,2,31,0,15,51,43,109,8,0,8,117
03/22/2014,FSM,AR,ASW,CE,Combined TRACON& Tower with Radar,0,13,19,0,32,0,2,22,0,24,0,15,41,0,56,68,0,68,124
03/23/2014,FSM,AR,ASW,CE,Combined TRACON& Tower with Radar,0,12,20,9,41,0,4,31,2,37,0,16,51,11,78,14,0,14,92
03/24/2014,FSM,AR,ASW,CE,Combined TRACON& Tower with Radar,0,16,27,29,72,0,2,20,5,27,0,18,47,34,99,18,72,90,189
03/25/2014,FSM,AR,ASW,CE,Combined TRACON& Tower with Radar,0,14,26,38,78,0,4,15,12,31,0,18,41,50,109,28,38,66,175
03/26/2014,FSM,AR,ASW,CE,Combined TRACON& Tower with Radar,0,14,25,81,120,0,5,10,6,21,0,19,35,87,141,0,38,38,179
03/27/2014,FSM,AR,ASW,CE,Combined TRACON& Tower with Radar,0,16,20,7,43,0,0,1,4,5,0,16,21,11,48,0,12,12,60
03/28/2014,FSM,AR,ASW,CE,Combined TRACON& Tower with Radar,0,13,19,27,59,0,2,3,0,5,0,15,22,27,64,13,22,35,99
03/29/2014,FSM,AR,ASW,CE,Combined TRACON& Tower with Radar,0,13,26,16,55,0,2,22,1,25,0,15,48,17,80,18,0,18,98
03/30/2014,FSM,AR,ASW,CE,Combined TRACON& Tower with Radar,0,14,18,10,42,0,1,27,0,28,0,15,45,10,70,14,6,20,90
03/31/2014,FSM,AR,ASW,CE,Combined TRACON& Tower with Radar,0,21,20,7,48,0,0,4,1,5,0,21,24,8,53,0,0,0,53
04/01/2014,FSM,AR,ASW,CE,Combined TRACON& Tower with Radar,0,21,22,20,63,0,0,7,1,8,0,21,29,21,71,0,34,34,105
04/02/2014,FSM,AR,ASW,CE,Combined TRACON& Tower with Radar,0,14,17,15,46,0,0,2,2,4,0,14,19,17,50,0,28,28,78
04/03/2014,FSM,AR,ASW,CE,Combined TRACON& Tower with Radar,0,12,9,0,21,0,0,1,0,1,0,12,10,0,22,0,0,0,22
04/04/2014,FSM,AR,ASW,CE,Combined TRACON& Tower with Radar,0,15,22,26,63,0,1,31,7,39,0,16,53,33,102,18,18,36,138
04/05/2014,FSM,AR,ASW,CE,Combined TRACON& Tower with Radar,0,10,14,3,27,0,0,22,7,29,0,10,36,10,56,26,0,26,82
04/06/2014,FSM,AR,ASW,CE,Combined TRACON& Tower with Radar,0,22,8,2,32,0,0,8,5,13,0,22,16,7,45,26,28,54,99
04/07/2014,FSM,AR,ASW,CE,Combined TRACON& Tower with Radar,0,15,17,32,64,0,0,14,10,24,0,15,31,42,88,14,18,32,120
04/08/2014,FSM,AR,ASW,CE,Combined TRACON& Tower with Radar,0,21,21,16,58,0,0,5,13,18,0,21,26,29,76,0,36,36,112
04/09/2014,FSM,AR,ASW,CE,Combined TRACON& Tower with Radar,0,15,29,39,83,0,1,39,10,50,0,16,68,49,133,40,76,116,249
04/10/2014,FSM,AR,ASW,CE,Combined TRACON& Tower with Radar,0,15,29,47,91,0,2,31,5,38,0,17,60,52,129,24,40,64,193
04/11/2014,FSM,AR,ASW,CE,Combined TRACON& Tower with Radar,0,14,34,23,71,0,0,36,1,37,0,14,70,24,108,18,12,30,138
04/12/2014,FSM,AR,ASW,CE,Combined TRACON& Tower with Radar,2,10,21,2,35,0,1,15,2,18,2,11,36,4,53,18,0,18,71
04/13/2014,FSM,AR,ASW,CE,Combined TRACON& Tower with Radar,0,12,11,0,23,0,0,2,1,3,0,12,13,1,26,0,0,0,26
04/14/2014,FSM,AR,ASW,CE,Combined TRACON& Tower with Radar,0,14,17,25,56,0,0,4,3,7,0,14,21,28,63,0,0,0,63
04/15/2014,FSM,AR,ASW,CE,Combined TRACON& Tower with Radar,0,19,24,30,73,0,1,36,6,43,0,20,60,36,116,40,40,80,196
04/16/2014,FSM,AR,ASW,CE,Combined TRACON& Tower with Radar,0,15,27,61,103,0,2,23,6,31,0,17,50,67,134,0,90,90,224
04/17/2014,FSM,AR,ASW,CE,Combined TRACON& Tower with Radar,0,14,19,39,72,0,0,11,8,19,0,14,30,47,91,12,80,92,183
04/18/2014,FSM,AR,ASW,CE,Combined TRACON& Tower with Radar,0,17,29,16,62,0,3,46,2,51,0,20,75,18,113,70,64,134,247
04/19/2014,FSM,AR,ASW,CE,Combined TRACON& Tower with Radar,0,10,6,2,18,0,1,32,0,33,0,11,38,2,51,36,0,36,87
04/20/2014,FSM,AR,ASW,CE,Combined TRACON& Tower with Radar,0,11,10,0,21,0,1,15,0,16,0,12,25,0,37,46,0,46,83
04/21/2014,FSM,AR,ASW,CE,Combined TRACON& Tower with Radar,0,16,13,3,32,0,0,8,1,9,0,16,21,4,41,38,4,42,83
04/22/2014,FSM,AR,ASW,CE,Combined TRACON& Tower with Radar,0,15,24,61,100,0,0,48,9,57,0,15,72,70,157,24,50,74,231
04/23/2014,FSM,AR,ASW,CE,Combined TRACON& Tower with Radar,0,18,31,18,67,0,0,26,5,31,0,18,57,23,98,26,6,32,130
04/24/2014,FSM,AR,ASW,CE,Combined TRACON& Tower with Radar,0,17,12,7,36,0,0,0,0,0,0,17,12,7,36,0,0,0,36
04/25/2014,FSM,AR,ASW,CE,Combined TRACON& Tower with Radar,0,14,27,29,70,0,1,35,0,36,0,15,62,29,106,14,14,28,134
04/26/2014,FSM,AR,ASW,CE,Combined TRACON& Tower with Radar,2,12,13,6,33,0,0,17,2,19,2,12,30,8,52,0,0,0,52
04/27/2014,FSM,AR,ASW,CE,Combined TRACON& Tower with Radar,0,11,11,0,22,0,0,7,0,7,0,11,18,0,29,0,0,0,29
04/28/2014,FSM,AR,ASW,CE,Combined TRACON& Tower with Radar,0,12,17,21,50,0,1,9,8,18,0,13,26,29,68,10,70,80,148
04/29/2014,FSM,AR,ASW,CE,Combined TRACON& Tower with Radar,0,13,15,30,58,0,0,11,6,17,0,13,26,36,75,0,26,26,101
04/30/2014,FSM,AR,ASW,CE,Combined TRACON& Tower with Radar,0,18,31,13,62,0,0,7,4,11,0,18,38,17,73,0,46,46,119
05/01/2014,FSM,AR,ASW,CE,Combined TRACON& Tower with Radar,0,17,33,15,65,0,0,31,6,37,0,17,64,21,102,2,28,30,132
05/02/2014,FSM,AR,ASW,CE,Combined TRACON& Tower with Radar,0,14,20,15,49,0,4,35,7,46,0,18,55,22,95,14,12,26,121
05/03/2014,FSM,AR,ASW,CE,Combined TRACON& Tower with Radar,0,12,9,4,25,0,0,24,6,30,0,12,33,10,55,24,16,40,95
05/04/2014,FSM,AR,ASW,CE,Combined TRACON& Tower with Radar,0,14,20,13,47,0,1,16,11,28,0,15,36,24,75,18,38,56,131
05/05/2014,FSM,AR,ASW,CE,Combined TRACON& Tower with Radar,0,16,12,16,44,0,2,8,8,18,0,18,20,24,62,2,56,58,120
05/06/2014,FSM,AR,ASW,CE,Combined TRACON& Tower with Radar,0,18,17,7,42,0,1,19,4,24,0,19,36,11,66,0,38,38,104
05/07/2014,FSM,AR,ASW,CE,Combined TRACON& Tower with Radar,0,20,17,8,45,0,0,18,5,23,0,20,35,13,68,34,0,34,102
05/08/2014,FSM,AR,ASW,CE,Combined TRACON& Tower with Radar,0,20,12,2,34,0,0,0,7,7,0,20,12,9,41,18,0,18,59
05/09/2014,FSM,AR,ASW,CE,Combined TRACON& Tower with Radar,0,16,19,30,65,0,0,5,0,5,0,16,24,30,70,14,52,66,136
05/10/2014,FSM,AR,ASW,CE,Combined TRACON& Tower with Radar,0,13,12,13,38,0,1,19,2,22,0,14,31,15,60,26,0,26,86
05/11/2014,FSM,AR,ASW,CE,Combined TRACON& Tower with Radar,0,14,12,15,41,0,1,11,0,12,0,15,23,15,53,0,0,0,53
05/12/2014,FSM,AR,ASW,CE,Combined TRACON& Tower with Radar,0,9,19,4,32,0,0,3,3,6,0,9,22,7,38,0,24,24,62
05/13/2014,FSM,AR,ASW,CE,Combined TRACON& Tower with Radar,0,19,19,30,68,0,0,8,1,9,0,19,27,31,77,12,60,72,149
05/14/2014,FSM,AR,ASW,CE,Combined TRACON& Tower with Radar,0,16,26,12,54,0,0,4,0,4,0,16,30,12,58,4,16,20,78
05/15/2014,FSM,AR,ASW,CE,Combined TRACON& Tower with Radar,0,14,20,2,36,0,1,18,5,24,0,15,38,7,60,36,18,54,114
05/16/2014,FSM,AR,ASW,CE,Combined TRACON& Tower with Radar,0,15,35,2,52,0,3,19,2,24,0,18,54,4,76,48,20,68,144
05/17/2014,FSM,AR,ASW,CE,Combined TRACON& Tower with Radar,2,12,14,4,32,0,2,4,0,6,2,14,18,4,38,0,0,0,38
05/18/2014,FSM,AR,ASW,CE,Combined TRACON& Tower with Radar,0,18,32,14,64,0,0,12,0,12,0,18,44,14,76,10,0,10,86
05/19/2014,FSM,AR,ASW,CE,Combined TRACON& Tower with Radar,0,19,12,11,42,0,0,12,0,12,0,19,24,11,54,0,0,0,54
05/20/2014,FSM,AR,ASW,CE,Combined TRACON& Tower with Radar,0,13,18,7,38,0,0,7,1,8,0,13,25,8,46,0,0,0,46
05/21/2014,FSM,AR,ASW,CE,Combined TRACON& Tower with Radar,0,14,13,4,31,0,0,25,1,26,0,14,38,5,57,34,0,34,91
05/22/2014,FSM,AR,ASW,CE,Combined TRACON& Tower with Radar,0,14,24,14,52,0,0,33,0,33,0,14,57,14,85,30,0,30,115
05/23/2014,FSM,AR,ASW,CE,Combined TRACON& Tower with Radar,0,16,15,0,31,0,0,18,0,18,0,16,33,0,49,68,0,68,117
05/24/2014,FSM,AR,ASW,CE,Combined TRACON& Tower with Radar,0,16,10,0,26,0,1,18,0,19,0,17,28,0,45,22,0,22,67
05/25/2014,FSM,AR,ASW,CE,Combined TRACON& Tower with Radar,0,14,3,0,17,0,0,13,0,13,0,14,16,0,30,8,0,8,38
05/26/2014,FSM,AR,ASW,CE,Combined TRACON& Tower with Radar,0,12,5,0,17,0,0,26,0,26,0,12,31,0,43,106,0,106,149
05/27/2014,FSM,AR,ASW,CE,Combined TRACON& Tower with Radar,0,14,26,0,40,0,0,4,0,4,0,14,30,0,44,0,0,0,44
05/28/2014,FSM,AR,ASW,CE,Combined TRACON& Tower with Radar,0,17,36,5,58,0,1,15,0,16,0,18,51,5,74,0,16,16,90
05/29/2014,FSM,AR,ASW,CE,Combined TRACON& Tower with Radar,0,15,23,27,65,0,0,10,1,11,0,15,33,28,76,16,26,42,118
05/30/2014,FSM,AR,ASW,CE,Combined TRACON& Tower with Radar,0,15,20,15,50,0,0,4,0,4,0,15,24,15,54,0,8,8,62
05/31/2014,FSM,AR,ASW,CE,Combined TRACON& Tower with Radar,0,14,15,0,29,0,0,4,0,4,0,14,19,0,33,38,0,38,71
06/01/2014,FSM,AR,ASW,CE,Combined TRACON& Tower with Radar,0,17,24,15,56,0,0,12,0,12,0,17,36,15,68,46,0,46,114
06/02/2014,FSM,AR,ASW,CE,Combined TRACON& Tower with Radar,0,14,26,0,40,0,0,15,1,16,0,14,41,1,56,4,0,4,60
06/03/2014,FSM,AR,ASW,CE,Combined TRACON& Tower with Radar,0,15,28,6,49,0,2,20,6,28,0,17,48,12,77,48,22,70,147
06/04/2014,FSM,AR,ASW,CE,Combined TRACON& Tower with Radar,0,14,32,2,48,0,1,15,0,16,0,15,47,2,64,8,0,8,72
06/05/2014,FSM,AR,ASW,CE,Combined TRACON& Tower with Radar,0,15,27,1,43,0,1,12,1,14,0,16,39,2,57,12,0,12,69
06/06/2014,FSM,AR,ASW,CE,Combined TRACON& Tower with Radar,0,14,20,8,42,0,2,20,4,26,0,16,40,12,68,12,0,12,80
06/07/2014,FSM,AR,ASW,CE,Combined TRACON& Tower with Radar,0,12,19,3,34,0,1,16,2,19,0,13,35,5,53,10,0,10,63
06/08/2014,FSM,AR,ASW,CE,Combined TRACON& Tower with Radar,0,14,13,2,29,0,0,1,0,1,0,14,14,2,30,0,0,0,30
06/09/2014,FSM,AR,ASW,CE,Combined TRACON& Tower with Radar,0,15,20,4,39,0,0,0,0,0,0,15,20,4,39,30,38,68,107
06/10/2014,FSM,AR,ASW,CE,Combined TRACON& Tower with Radar,0,17,21,26,64,0,1,17,1,19,0,18,38,27,83,0,12,12,95
06/11/2014,FSM,AR,ASW,CE,Combined TRACON& Tower with Radar,0,17,29,37,83,0,3,36,0,39,0,20,65,37,122,34,20,54,176
06/12/2014,FSM,AR,ASW,CE,Combined TRACON& Tower with Radar,0,11,30,3,44,0,0,8,2,10,0,11,38,5,54,0,0,0,54
06/13/2014,FSM,AR,ASW,CE,Combined TRACON& Tower with Radar,0,15,16,8,39,0,0,26,0,26,0,15,42,8,65,12,14,26,91
06/14/2014,FSM,AR,ASW,CE,Combined TRACON& Tower with Radar,0,13,13,0,26,0,0,15,0,15,0,13,28,0,41,18,0,18,59
06/15/2014,FSM,AR,ASW,CE,Combined TRACON& Tower with Radar,0,14,15,0,29,0,1,11,0,12,0,15,26,0,41,0,0,0,41
06/16/2014,FSM,AR,ASW,CE,Combined TRACON& Tower with Radar,0,13,23,4,40,0,0,18,5,23,0,13,41,9,63,0,20,20,83
06/17/2014,FSM,AR,ASW,CE,Combined TRACON& Tower with Radar,0,14,30,8,52,0,0,11,13,24,0,14,41,21,76,2,66,68,144
06/18/2014,FSM,AR,ASW,CE,Combined TRACON& Tower with Radar,0,19,29,10,58,0,0,24,13,37,0,19,53,23,95,0,80,80,175
06/19/2014,FSM,AR,ASW,CE,Combined TRACON& Tower with Radar,0,21,23,6,50,0,2,19,7,28,0,23,42,13,78,0,0,0,78
06/20/2014,FSM,AR,ASW,CE,Combined TRACON& Tower with Radar,0,14,29,10,53,0,0,24,2,26,0,14,53,12,79,0,0,0,79
06/21/2014,FSM,AR,ASW,CE,Combined TRACON& Tower with Radar,0,14,12,4,30,0,0,16,3,19,0,14,28,7,49,16,16,32,81
06/22/2014,FSM,AR,ASW,CE,Combined TRACON& Tower with Radar,0,13,27,5,45,0,1,14,6,21,0,14,41,11,66,14,46,60,126
06/23/2014,FSM,AR,ASW,CE,Combined TRACON& Tower with Radar,0,11,18,12,41,0,0,7,5,12,0,11,25,17,53,6,18,24,77
06/24/2014,FSM,AR,ASW,CE,Combined TRACON& Tower with Radar,0,13,33,29,75,0,0,25,14,39,0,13,58,43,114,0,46,46,160
06/25/2014,FSM,AR,ASW,CE,Combined TRACON& Tower with Radar,0,17,16,6,39,0,0,13,4,17,0,17,29,10,56,14,10,24,80
06/26/2014,FSM,AR,ASW,CE,Combined TRACON& Tower with Radar,0,15,24,11,50,0,0,7,0,7,0,15,31,11,57,0,0,0,57
06/27/2014,FSM,AR,ASW,CE,Combined TRACON& Tower with Radar,0,14,31,19,64,0,0,16,8,24,0,14,47,27,88,6,28,34,122
06/28/2014,FSM,AR,ASW,CE,Combined TRACON& Tower with Radar,0,12,16,0,28,0,1,11,0,12,0,13,27,0,40,12,0,12,52
06/29/2014,FSM,AR,ASW,CE,Combined TRACON& Tower with Radar,0,12,24,6,42,0,0,12,0,12,0,12,36,6,54,34,0,34,88
06/30/2014,FSM,AR,ASW,CE,Combined TRACON& Tower with Radar,0,13,21,4,38,0,3,25,0,28,0,16,46,4,66,14,0,14,80
07/01/2014,FSM,AR,ASW,CE,Combined TRACON& Tower with Radar,0,14,21,5,40,0,3,12,0,15,0,17,33,5,55,14,0,14,69
07/02/2014,FSM,AR,ASW,CE,Combined TRACON& Tower with Radar,0,14,25,15,54,0,0,16,1,17,0,14,41,16,71,8,36,44,115
07/03/2014,FSM,AR,ASW,CE,Combined TRACON& Tower with Radar,0,12,23,8,43,0,2,36,0,38,0,14,59,8,81,32,2,34,115
07/04/2014,FSM,AR,ASW,CE,Combined TRACON& Tower with Radar,0,4,8,0,12,0,1,30,0,31,0,5,38,0,43,30,0,30,73
07/05/2014,FSM,AR,ASW,CE,Combined TRACON& Tower with Radar,0,12,15,0,27,0,0,40,0,40,0,12,55,0,67,58,0,58,125
07/06/2014,FSM,AR,ASW,CE,Combined TRACON& Tower with Radar,0,16,28,0,44,0,3,18,0,21,0,19,46,0,65,0,0,0,65
07/07/2014,FSM,AR,ASW,CE,Combined TRACON& Tower with Radar,2,14,15,0,31,0,1,27,0,28,2,15,42,0,59,0,0,0,59
07/08/2014,FSM,AR,ASW,CE,Combined TRACON& Tower with Radar,2,16,25,19,62,0,0,33,2,35,2,16,58,21,97,2,20,22,119
07/09/2014,FSM,AR,ASW,CE,Combined TRACON& Tower with Radar,0,13,39,10,62,0,0,4,1,5,0,13,43,11,67,0,30,30,97
07/10/2014,FSM,AR,ASW,CE,Combined TRACON& Tower with Radar,0,19,15,1,35,0,0,6,1,7,0,19,21,2,42,32,0,32,74
07/11/2014,FSM,AR,ASW,CE,Combined TRACON& Tower with Radar,1,14,22,14,51,0,2,28,3,33,1,16,50,17,84,18,10,28,112
07/12/2014,FSM,AR,ASW,CE,Combined TRACON& Tower with Radar,0,12,15,0,27,0,0,33,0,33,0,12,48,0,60,22,0,22,82
07/13/2014,FSM,AR,ASW,CE,Combined TRACON& Tower with Radar,2,14,7,5,28,0,1,18,2,21,2,15,25,7,49,18,0,18,67
07/14/2014,FSM,AR,ASW,CE,Combined TRACON& Tower with Radar,0,16,14,13,43,0,0,17,0,17,0,16,31,13,60,0,0,0,60
07/15/2014,FSM,AR,ASW,CE,Combined TRACON& Tower with Radar,0,14,31,20,65,0,1,30,2,33,0,15,61,22,98,26,12,38,136
07/16/2014,FSM,AR,ASW,CE,Combined TRACON& Tower with Radar,0,13,20,25,58,0,1,19,2,22,0,14,39,27,80,28,22,50,130
07/17/2014,FSM,AR,ASW,CE,Combined TRACON& Tower with Radar,0,14,15,0,29,0,0,1,2,3,0,14,16,2,32,0,0,0,32
07/18/2014,FSM,AR,ASW,CE,Combined TRACON& Tower with Radar,0,15,26,6,47,0,0,2,1,3,0,15,28,7,50,12,8,20,70
07/19/2014,FSM,AR,ASW,CE,Combined TRACON& Tower with Radar,2,12,28,8,50,0,0,26,2,28,2,12,54,10,78,42,1,43,121
07/20/2014,FSM,AR,ASW,CE,Combined TRACON& Tower with Radar,0,18,30,2,50,0,0,14,3,17,0,18,44,5,67,14,0,14,81
07/21/2014,FSM,AR,ASW,CE,Combined TRACON& Tower with Radar,0,14,13,9,36,0,0,15,3,18,0,14,28,12,54,12,0,12,66
07/22/2014,FSM,AR,ASW,CE,Combined TRACON& Tower with Radar,0,14,28,10,52,0,0,23,0,23,0,14,51,10,75,22,10,32,107
07/23/2014,FSM,AR,ASW,CE,Combined TRACON& Tower with Radar,0,19,22,15,56,0,0,22,6,28,0,19,44,21,84,10,8,18,102
07/24/2014,FSM,AR,ASW,CE,Combined TRACON& Tower with Radar,0,16,35,15,66,0,0,16,2,18,0,16,51,17,84,0,16,16,100
07/25/2014,FSM,AR,ASW,CE,Combined TRACON& Tower with Radar,0,15,13,10,38,0,0,17,0,17,0,15,30,10,55,4,6,10,65
07/26/2014,FSM,AR,ASW,CE,Combined TRACON& Tower with Radar,0,13,26,10,49,0,4,14,0,18,0,17,40,10,67,6,6,12,79
07/27/2014,FSM,AR,ASW,CE,Combined TRACON& Tower with Radar,2,13,14,6,35,0,2,20,0,22,2,15,34,6,57,46,0,46,103
07/28/2014,FSM,AR,ASW,CE,Combined TRACON& Tower with Radar,0,18,24,2,44,0,0,32,1,33,0,18,56,3,77,30,0,30,107
07/29/2014,FSM,AR,ASW,CE,Combined TRACON& Tower with Radar,0,14,35,0,49,0,1,33,3,37,0,15,68,3,86,0,8,8,94
07/30/2014,FSM,AR,ASW,CE,Combined TRACON& Tower with Radar,1,14,20,0,35,0,0,1,4,5,1,14,21,4,40,0,4,4,44
07/31/2014,FSM,AR,ASW,CE,Combined TRACON& Tower with Radar,1,15,25,7,48,0,0,3,1,4,1,15,28,8,52,6,0,6,58
08/01/2014,FSM,AR,ASW,CE,Combined TRACON& Tower with Radar,1,17,18,27,63,0,0,11,0,11,1,17,29,27,74,18,0,18,92
08/02/2014,FSM,AR,ASW,CE,Combined TRACON& Tower with Radar,3,12,10,5,30,0,0,38,4,42,3,12,48,9,72,76,0,76,148
08/03/2014,FSM,AR,ASW,CE,Combined TRACON& Tower with Radar,0,14,18,16,48,0,0,16,2,18,0,14,34,18,66,2,8,10,76
08/04/2014,FSM,AR,ASW,CE,Combined TRACON& Tower with Radar,0,13,26,2,41,0,0,22,0,22,0,13,48,2,63,8,0,8,71
08/05/2014,FSM,AR,ASW,CE,Combined TRACON& Tower with Radar,0,15,31,19,65,0,3,35,1,39,0,18,66,20,104,34,0,34,138
08/06/2014,FSM,AR,ASW,CE,Combined TRACON& Tower with Radar,0,11,26,4,41,0,0,21,0,21,0,11,47,4,62,14,10,24,86
08/07/2014,FSM,AR,ASW,CE,Combined TRACON& Tower with Radar,0,9,20,5,34,0,1,14,7,22,0,10,34,12,56,4,1,5,61
08/08/2014,FSM,AR,ASW,CE,Combined TRACON& Tower with Radar,0,11,14,10,35,0,1,14,0,15,0,12,28,10,50,0,8,8,58
08/09/2014,FSM,AR,ASW,CE,Combined TRACON& Tower with Radar,0,12,10,6,28,0,0,9,5,14,0,12,19,11,42,0,0,0,42
08/10/2014,FSM,AR,ASW,CE,Combined TRACON& Tower with Radar,0,17,17,1,35,0,1,19,3,23,0,18,36,4,58,10,4,14,72
08/11/2014,FSM,AR,ASW,CE,Combined TRACON& Tower with Radar,0,15,13,12,40,0,0,16,3,19,0,15,29,15,59,6,16,22,81
08/12/2014,FSM,AR,ASW,CE,Combined TRACON& Tower with Radar,0,16,16,4,36,0,2,24,13,39,0,18,40,17,75,0,24,24,99
08/13/2014,FSM,AR,ASW,CE,Combined TRACON& Tower with Radar,0,14,29,24,67,0,1,17,8,26,0,15,46,32,93,22,24,46,139
08/14/2014,FSM,AR,ASW,CE,Combined TRACON& Tower with Radar,2,22,20,19,63,0,0,25,9,34,2,22,45,28,97,0,16,16,113
08/15/2014,FSM,AR,ASW,CE,Combined TRACON& Tower with Radar,2,15,24,43,84,0,0,28,3,31,2,15,52,46,115,22,8,30,145
08/16/2014,FSM,AR,ASW,CE,Combined TRACON& Tower with Radar,0,8,15,3,26,0,2,24,1,27,0,10,39,4,53,0,0,0,53
08/17/2014,FSM,AR,ASW,CE,Combined TRACON& Tower with Radar,0,13,20,2,35,0,0,9,0,9,0,13,29,2,44,24,0,24,68
08/18/2014,FSM,AR,ASW,CE,Combined TRACON& Tower with Radar,0,21,8,10,39,0,1,7,0,8,0,22,15,10,47,6,0,6,53
08/19/2014,FSM,AR,ASW,CE,Combined TRACON& Tower with Radar,0,21,25,26,72,0,1,20,1,22,0,22,45,27,94,26,10,36,130
08/20/2014,FSM,AR,ASW,CE,Combined TRACON& Tower with Radar,0,15,20,6,41,0,0,17,0,17,0,15,37,6,58,34,0,34,92
08/21/2014,FSM,AR,ASW,CE,Combined TRACON& Tower with Radar,0,14,26,6,46,0,0,27,0,27,0,14,53,6,73,16,24,40,113
08/22/2014,FSM,AR,ASW,CE,Combined TRACON& Tower with Radar,0,15,25,14,54,0,0,29,4,33,0,15,54,18,87,16,4,20,107
08/23/2014,FSM,AR,ASW,CE,Combined TRACON& Tower with Radar,0,12,18,3,33,0,3,35,1,39,0,15,53,4,72,30,0,30,102
08/24/2014,FSM,AR,ASW,CE,Combined TRACON& Tower with Radar,0,16,10,2,28,0,1,7,0,8,0,17,17,2,36,0,0,0,36
08/25/2014,FSM,AR,ASW,CE,Combined TRACON& Tower with Radar,0,16,16,18,50,0,0,20,0,20,0,16,36,18,70,48,34,82,152
08/26/2014,FSM,AR,ASW,CE,Combined TRACON& Tower with Radar,0,17,37,8,62,0,0,18,0,18,0,17,55,8,80,0,0,0,80
08/27/2014,FSM,AR,ASW,CE,Combined TRACON& Tower with Radar,0,21,11,16,48,0,0,20,2,22,0,21,31,18,70,0,26,26,96
08/28/2014,FSM,AR,ASW,CE,Combined TRACON& Tower with Radar,0,15,19,23,57,0,0,22,1,23,0,15,41,24,80,42,32,74,154
08/29/2014,FSM,AR,ASW,CE,Combined TRACON& Tower with Radar,2,15,16,0,33,0,2,15,0,17,2,17,31,0,50,10,0,10,60
08/30/2014,FSM,AR,ASW,CE,Combined TRACON& Tower with Radar,0,8,5,0,13,0,1,12,0,13,0,9,17,0,26,24,0,24,50
08/31/2014,FSM,AR,ASW,CE,Combined TRACON& Tower with Radar,0,7,5,0,12,0,1,10,3,14,0,8,15,3,26,22,0,22,48
09/01/2014,FSM,AR,ASW,CE,Combined TRACON& Tower with Radar,0,12,18,0,30,0,0,23,0,23,0,12,41,0,53,20,0,20,73
09/02/2014,FSM,AR,ASW,CE,Combined TRACON& Tower with Radar,0,15,17,0,32,0,0,8,0,8,0,15,25,0,40,14,0,14,54
09/03/2014,FSM,AR,ASW,CE,Combined TRACON& Tower with Radar,0,15,18,15,48,0,0,18,0,18,0,15,36,15,66,30,0,30,96
09/04/2014,FSM,AR,ASW,CE,Combined TRACON& Tower with Radar,0,15,31,15,61,0,1,30,4,35,0,16,61,19,96,12,20,32,128
09/05/2014,FSM,AR,ASW,CE,Combined TRACON& Tower with Radar,0,15,21,31,67,0,3,28,2,33,0,18,49,33,100,14,0,14,114
09/06/2014,FSM,AR,ASW,CE,Combined TRACON& Tower with Radar,0,10,20,14,44,0,0,8,0,8,0,10,28,14,52,0,0,0,52
09/07/2014,FSM,AR,ASW,CE,Combined TRACON& Tower with Radar,0,12,19,23,54,0,0,21,0,21,0,12,40,23,75,48,0,48,123
09/08/2014,FSM,AR,ASW,CE,Combined TRACON& Tower with Radar,0,14,26,10,50,0,1,11,4,16,0,15,37,14,66,14,40,54,120
09/09/2014,FSM,AR,ASW,CE,Combined TRACON& Tower with Radar,0,21,28,18,67,0,1,14,12,27,0,22,42,30,94,14,24,38,132
09/10/2014,FSM,AR,ASW,CE,Combined TRACON& Tower with Radar,0,19,15,1,35,0,0,15,6,21,0,19,30,7,56,12,0,12,68
09/11/2014,FSM,AR,ASW,CE,Combined TRACON& Tower with Radar,0,16,12,8,36,0,0,0,1,1,0,16,12,9,37,0,0,0,37
09/12/2014,FSM,AR,ASW,CE,Combined TRACON& Tower with Radar,0,12,18,36,66,0,0,1,6,7,0,12,19,42,73,0,12,12,85
09/13/2014,FSM,AR,ASW,CE,Combined TRACON& Tower with Radar,0,13,20,4,37,0,0,10,2,12,0,13,30,6,49,6,0,6,55
09/14/2014,FSM,AR,ASW,CE,Combined TRACON& Tower with Radar,2,15,10,18,45,0,0,17,5,22,2,15,27,23,67,26,12,38,105
09/15/2014,FSM,AR,ASW,CE,Combined TRACON& Tower with Radar,0,13,29,28,70,0,0,17,0,17,0,13,46,28,87,14,16,30,117
09/16/2014,FSM,AR,ASW,CE,Combined TRACON& Tower with Radar,1,14,28,34,77,0,1,14,0,15,1,15,42,34,92,2,16,18,110
09/17/2014,FSM,AR,ASW,CE,Combined TRACON& Tower with Radar,1,16,31,0,48,0,0,6,0,6,1,16,37,0,54,0,0,0,54
09/18/2014,FSM,AR,ASW,CE,Combined TRACON& Tower with Radar,0,18,25,5,48,0,0,5,4,9,0,18,30,9,57,0,0,0,57
09/19/2014,FSM,AR,ASW,CE,Combined TRACON& Tower with Radar,0,14,30,20,64,0,0,15,2,17,0,14,45,22,81,10,0,10,91
09/20/2014,FSM,AR,ASW,CE,Combined TRACON& Tower with Radar,0,10,10,4,24,0,1,18,1,20,0,11,28,5,44,48,0,48,92
09/21/2014,FSM,AR,ASW,CE,Combined TRACON& Tower with Radar,0,16,16,7,39,0,0,11,0,11,0,16,27,7,50,66,0,66,116
09/22/2014,FSM,AR,ASW,CE,Combined TRACON& Tower with Radar,0,14,17,15,46,0,0,16,4,20,0,14,33,19,66,8,20,28,94
09/23/2014,FSM,AR,ASW,CE,Combined TRACON& Tower with Radar,0,18,29,15,62,0,2,21,1,24,0,20,50,16,86,18,0,18,104
09/24/2014,FSM,AR,ASW,CE,Combined TRACON& Tower with Radar,0,16,24,36,76,0,3,21,4,28,0,19,45,40,104,18,4,22,126
09/25/2014,FSM,AR,ASW,CE,Combined TRACON& Tower with Radar,0,14,32,53,99,0,1,31,0,32,0,15,63,53,131,4,22,26,157
09/26/2014,FSM,AR,ASW,CE,Combined TRACON& Tower with Radar,0,16,21,29,66,0,2,27,1,30,0,18,48,30,96,26,26,52,148
09/27/2014,FSM,AR,ASW,CE,Combined TRACON& Tower with Radar,0,14,26,6,46,0,1,32,2,35,0,15,58,8,81,0,0,0,81
09/28/2014,FSM,AR,ASW,CE,Combined TRACON& Tower with Radar,0,18,13,5,36,0,3,22,0,25,0,21,35,5,61,8,4,12,73
09/29/2014,FSM,AR,ASW,CE,Combined TRACON& Tower with Radar,0,15,18,16,49,0,3,23,0,26,0,18,41,16,75,0,0,0,75
09/30/2014,FSM,AR,ASW,CE,Combined TRACON& Tower with Radar,0,15,23,4,42,0,0,27,1,28,0,15,50,5,70,48,0,48,118
10/01/2014,FSM,AR,ASW,CE,Combined TRACON& Tower with Radar,2,20,26,17,65,0,4,15,3,22,2,24,41,20,87,18,20,38,125
10/02/2014,FSM,AR,ASW,CE,Combined TRACON& Tower with Radar,0,24,13,3,40,0,0,0,0,0,0,24,13,3,40,14,0,14,54
10/03/2014,FSM,AR,ASW,CE,Combined TRACON& Tower with Radar,0,20,13,13,46,0,1,14,2,17,0,21,27,15,63,2,0,2,65
10/04/2014,FSM,AR,ASW,CE,Combined TRACON& Tower with Radar,0,12,9,3,24,0,2,23,4,29,0,14,32,7,53,8,0,8,61
10/05/2014,FSM,AR,ASW,CE,Combined TRACON& Tower with Radar,0,15,17,4,36,0,0,21,0,21,0,15,38,4,57,14,0,14,71
10/06/2014,FSM,AR,ASW,CE,Combined TRACON& Tower with Radar,0,15,17,10,42,0,0,12,4,16,0,15,29,14,58,0,0,0,58
10/07/2014,FSM,AR,ASW,CE,Combined TRACON& Tower with Radar,0,12,33,5,50,0,1,8,1,10,0,13,41,6,60,0,22,22,82
10/08/2014,FSM,AR,ASW,CE,Combined TRACON& Tower with Radar,0,13,22,0,35,0,0,17,2,19,0,13,39,2,54,0,0,0,54
10/09/2014,FSM,AR,ASW,CE,Combined TRACON& Tower with Radar,0,17,26,29,72,0,1,17,0,18,0,18,43,29,90,0,0,0,90
10/10/2014,FSM,AR,ASW,CE,Combined TRACON& Tower with Radar,0,12,11,6,29,0,0,0,0,0,0,12,11,6,29,0,0,0,29
10/11/2014,FSM,AR,ASW,CE,Combined TRACON& Tower with Radar,2,10,10,0,22,0,0,0,0,0,2,10,10,0,22,0,0,0,22
10/12/2014,FSM,AR,ASW,CE,Combined TRACON& Tower with Radar,0,18,14,0,32,0,0,2,0,2,0,18,16,0,34,16,0,16,50
10/13/2014,FSM,AR,ASW,CE,Combined TRACON& Tower with Radar,0,12,4,0,16,0,0,0,0,0,0,12,4,0,16,0,0,0,16
10/14/2014,FSM,AR,ASW,CE,Combined TRACON& Tower with Radar,0,15,10,7,32,0,0,8,0,8,0,15,18,7,40,0,8,8,48
10/15/2014,FSM,AR,ASW,CE,Combined TRACON& Tower with Radar,0,17,39,19,75,0,0,24,2,26,0,17,63,21,101,6,8,14,115
10/16/2014,FSM,AR,ASW,CE,Combined TRACON& Tower with Radar,0,15,33,10,58,0,0,34,0,34,0,15,67,10,92,14,0,14,106
10/17/2014,FSM,AR,ASW,CE,Combined TRACON& Tower with Radar,0,16,30,28,74,0,1,33,6,40,0,17,63,34,114,0,0,0,114
10/18/2014,FSM,AR,ASW,CE,Combined TRACON& Tower with Radar,0,11,10,7,28,0,2,20,0,22,0,13,30,7,50,34,0,34,84
10/19/2014,FSM,AR,ASW,CE,Combined TRACON& Tower with Radar,0,16,16,8,40,0,0,23,1,24,0,16,39,9,64,30,0,30,94
10/20/2014,FSM,AR,ASW,CE,Combined TRACON& Tower with Radar,0,20,28,15,63,0,2,15,7,24,0,22,43,22,87,8,10,18,105
10/21/2014,FSM,AR,ASW,CE,Combined TRACON& Tower with Radar,0,20,30,8,58,0,0,18,3,21,0,20,48,11,79,18,0,18,97
10/22/2014,FSM,AR,ASW,CE,Combined TRACON& Tower with Radar,0,24,39,23,86,0,2,28,8,38,0,26,67,31,124,8,0,8,132
10/23/2014,FSM,AR,ASW,CE,Combined TRACON& Tower with Radar,0,18,34,11,63,0,0,19,2,21,0,18,53,13,84,0,0,0,84
10/24/2014,FSM,AR,ASW,CE,Combined TRACON& Tower with Radar,2,19,29,31,81,0,1,23,0,24,2,20,52,31,105,18,0,18,123
10/25/2014,FSM,AR,ASW,CE,Combined TRACON& Tower with Radar,0,12,22,5,39,0,1,27,6,34,0,13,49,11,73,12,0,12,85
10/26/2014,FSM,AR,ASW,CE,Combined TRACON& Tower with Radar,0,16,17,6,39,0,2,14,0,16,0,18,31,6,55,0,0,0,55
10/27/2014,FSM,AR,ASW,CE,Combined TRACON& Tower with Radar,0,18,13,7,38,0,1,11,0,12,0,19,24,7,50,0,0,0,50
10/28/2014,FSM,AR,ASW,CE,Combined TRACON& Tower with Radar,0,14,18,55,87,0,0,7,0,7,0,14,25,55,94,30,48,78,172
10/29/2014,FSM,AR,ASW,CE,Combined TRACON& Tower with Radar,0,16,26,12,54,0,2,20,2,24,0,18,46,14,78,32,14,46,124
10/30/2014,FSM,AR,ASW,CE,Combined TRACON& Tower with Radar,0,16,21,2,39,0,1,18,2,21,0,17,39,4,60,0,14,14,74
10/31/2014,FSM,AR,ASW,CE,Combined TRACON& Tower with Radar,0,18,17,5,40,0,3,10,2,15,0,21,27,7,55,0,0,0,55
11/01/2014,FSM,AR,ASW,CE,Combined TRACON& Tower with Radar,0,11,11,4,26,0,1,31,7,39,0,12,42,11,65,20,0,20,85
11/02/2014,FSM,AR,ASW,CE,Combined TRACON& Tower with Radar,0,17,17,5,39,0,1,19,3,23,0,18,36,8,62,22,0,22,84
11/03/2014,FSM,AR,ASW,CE,Combined TRACON& Tower with Radar,0,18,16,54,88,0,0,21,0,21,0,18,37,54,109,18,16,34,143
11/04/2014,FSM,AR,ASW,CE,Combined TRACON& Tower with Radar,0,18,15,8,41,0,0,0,0,0,0,18,15,8,41,0,0,0,41
11/05/2014,FSM,AR,ASW,CE,Combined TRACON& Tower with Radar,0,14,19,14,47,0,0,1,4,5,0,14,20,18,52,0,14,14,66
11/06/2014,FSM,AR,ASW,CE,Combined TRACON& Tower with Radar,0,17,28,25,70,0,0,12,5,17,0,17,40,30,87,28,12,40,127
11/07/2014,FSM,AR,ASW,CE,Combined TRACON& Tower with Radar,0,17,38,32,87,0,2,42,1,45,0,19,80,33,132,12,34,46,178
11/08/2014,FSM,AR,ASW,CE,Combined TRACON& Tower with Radar,0,10,18,2,30,0,1,26,0,27,0,11,44,2,57,0,0,0,57
11/09/2014,FSM,AR,ASW,CE,Combined TRACON& Tower with Radar,0,16,17,9,42,0,0,21,1,22,0,16,38,10,64,0,0,0,64
11/10/2014,FSM,AR,ASW,CE,Combined TRACON& Tower with Radar,0,16,30,6,52,0,2,10,0,12,0,18,40,6,64,0,0,0,64
11/11/2014,FSM,AR,ASW,CE,Combined TRACON& Tower with Radar,0,14,20,0,34,0,1,6,0,7,0,15,26,0,41,0,0,0,41
11/12/2014,FSM,AR,ASW,CE,Combined TRACON& Tower with Radar,0,19,13,21,53,0,2,12,9,23,0,21,25,30,76,10,0,10,86
11/13/2014,FSM,AR,ASW,CE,Combined TRACON& Tower with Radar,0,16,17,7,40,0,3,11,7,21,0,19,28,14,61,10,8,18,79
11/14/2014,FSM,AR,ASW,CE,Combined TRACON& Tower with Radar,0,20,15,0,35,0,1,22,0,23,0,21,37,0,58,42,0,42,100
11/15/2014,FSM,AR,ASW,CE,Combined TRACON& Tower with Radar,0,13,8,11,32,0,2,16,5,23,0,15,24,16,55,8,0,8,63
11/16/2014,FSM,AR,ASW,CE,Combined TRACON& Tower with Radar,0,16,6,5,27,0,0,0,0,0,0,16,6,5,27,12,0,12,39
11/17/2014,FSM,AR,ASW,CE,Combined TRACON& Tower with Radar,0,18,15,6,39,0,1,4,4,9,0,19,19,10,48,0,8,8,56
11/18/2014,FSM,AR,ASW,CE,Combined TRACON& Tower with Radar,0,16,12,13,41,0,1,19,0,20,0,17,31,13,61,44,0,44,105
11/19/2014,FSM,AR,ASW,CE,Combined TRACON& Tower with Radar,0,16,22,23,61,0,0,17,2,19,0,16,39,25,80,8,30,38,118
11/20/2014,FSM,AR,ASW,CE,Combined TRACON& Tower with Radar,2,18,27,18,65,0,0,30,4,34,2,18,57,22,99,40,24,64,163
11/21/2014,FSM,AR,ASW,CE,Combined TRACON& Tower with Radar,0,18,21,2,41,0,0,0,0,0,0,18,21,2,41,0,0,0,41
11/22/2014,FSM,AR,ASW,CE,Combined TRACON& Tower with Radar,0,9,7,4,20,0,0,0,0,0,0,9,7,4,20,0,0,0,20
11/23/2014,FSM,AR,ASW,CE,Combined TRACON& Tower with Radar,0,11,15,0,26,0,1,8,0,9,0,12,23,0,35,54,0,54,89
11/24/2014,FSM,AR,ASW,CE,Combined TRACON& Tower with Radar,0,14,13,19,46,0,0,20,1,21,0,14,33,20,67,0,0,0,67
11/25/2014,FSM,AR,ASW,CE,Combined TRACON& Tower with Radar,0,17,24,10,51,0,0,40,2,42,0,17,64,12,93,2,22,24,117
11/26/2014,FSM,AR,ASW,CE,Combined TRACON& Tower with Radar,0,14,17,12,43,0,1,24,0,25,0,15,41,12,68,6,2,8,76
11/27/2014,FSM,AR,ASW,CE,Combined TRACON& Tower with Radar,0,8,12,0,20,0,1,8,0,9,0,9,20,0,29,10,0,10,39
11/28/2014,FSM,AR,ASW,CE,Combined TRACON& Tower with Radar,0,7,22,0,29,0,1,19,0,20,0,8,41,0,49,7,0,7,56
11/29/2014,FSM,AR,ASW,CE,Combined TRACON& Tower with Radar,0,11,16,0,27,0,1,13,0,14,0,12,29,0,41,0,0,0,41
11/30/2014,FSM,AR,ASW,CE,Combined TRACON& Tower with Radar,0,18,9,2,29,0,1,4,0,5,0,19,13,2,34,0,0,0,34
12/01/2014,FSM,AR,ASW,CE,Combined TRACON& Tower with Radar,0,16,10,5,31,0,0,0,0,0,0,16,10,5,31,30,18,48,79
12/02/2014,FSM,AR,ASW,CE,Combined TRACON& Tower with Radar,0,16,12,16,44,0,0,2,0,2,0,16,14,16,46,0,0,0,46
12/03/2014,FSM,AR,ASW,CE,Combined TRACON& Tower with Radar,0,14,22,0,36,0,0,0,0,0,0,14,22,0,36,0,0,0,36
12/04/2014,FSM,AR,ASW,CE,Combined TRACON& Tower with Radar,0,19,22,0,41,0,0,0,0,0,0,19,22,0,41,0,0,0,41
12/05/2014,FSM,AR,ASW,CE,Combined TRACON& Tower with Radar,0,16,15,6,37,0,0,0,0,0,0,16,15,6,37,0,0,0,37
12/06/2014,FSM,AR,ASW,CE,Combined TRACON& Tower with Radar,0,11,23,1,35,0,1,6,0,7,0,12,29,1,42,80,0,80,122
12/07/2014,FSM,AR,ASW,CE,Combined TRACON& Tower with Radar,0,16,11,4,31,0,0,10,0,10,0,16,21,4,41,18,0,18,59
12/08/2014,FSM,AR,ASW,CE,Combined TRACON& Tower with Radar,0,15,24,5,44,0,0,7,1,8,0,15,31,6,52,32,0,32,84
12/09/2014,FSM,AR,ASW,CE,Combined TRACON& Tower with Radar,0,8,16,32,56,0,1,27,4,32,0,9,43,36,88,28,22,50,138
12/10/2014,FSM,AR,ASW,CE,Combined TRACON& Tower with Radar,0,17,22,27,66,0,1,23,11,35,0,18,45,38,101,50,34,84,185
12/11/2014,FSM,AR,ASW,CE,Combined TRACON& Tower with Radar,0,19,31,12,62,0,2,17,8,27,0,21,48,20,89,14,14,28,117
12/12/2014,FSM,AR,ASW,CE,Combined TRACON& Tower with Radar,0,17,20,6,43,0,0,0,0,0,0,17,20,6,43,0,0,0,43
12/13/2014,FSM,AR,ASW,CE,Combined TRACON& Tower with Radar,0,13,12,0,25,0,0,8,0,8,0,13,20,0,33,44,0,44,77
12/14/2014,FSM,AR,ASW,CE,Combined TRACON& Tower with Radar,0,13,8,3,24,0,1,3,0,4,0,14,11,3,28,16,0,16,44
12/15/2014,FSM,AR,ASW,CE,Combined TRACON& Tower with Radar,0,14,14,18,46,0,0,2,1,3,0,14,16,19,49,0,6,6,55
12/16/2014,FSM,AR,ASW,CE,Combined TRACON& Tower with Radar,0,14,16,2,32,0,1,24,1,26,0,15,40,3,58,30,0,30,88
12/17/2014,FSM,AR,ASW,CE,Combined TRACON& Tower with Radar,0,13,18,13,44,0,0,5,2,7,0,13,23,15,51,0,16,16,67
12/18/2014,FSM,AR,ASW,CE,Combined TRACON& Tower with Radar,0,18,23,0,41,0,0,0,0,0,0,18,23,0,41,0,0,0,41
12/19/2014,FSM,AR,ASW,CE,Combined TRACON& Tower with Radar,0,13,20,0,33,0,0,1,0,1,0,13,21,0,34,0,0,0,34
12/20/2014,FSM,AR,ASW,CE,Combined TRACON& Tower with Radar,0,12,19,4,35,0,0,1,1,2,0,12,20,5,37,48,0,48,85
12/21/2014,FSM,AR,ASW,CE,Combined TRACON& Tower with Radar,0,12,24,2,38,0,0,8,0,8,0,12,32,2,46,18,0,18,64
12/22/2014,FSM,AR,ASW,CE,Combined TRACON& Tower with Radar,0,15,17,36,68,0,0,2,0,2,0,15,19,36,70,0,0,0,70
12/23/2014,FSM,AR,ASW,CE,Combined TRACON& Tower with Radar,0,13,18,1,32,0,0,26,1,27,0,13,44,2,59,30,0,30,89
12/24/2014,FSM,AR,ASW,CE,Combined TRACON& Tower with Radar,0,6,12,0,18,0,0,2,0,2,0,6,14,0,20,16,0,16,36
12/25/2014,FSM,AR,ASW,CE,Combined TRACON& Tower with Radar,0,10,1,0,11,0,0,4,0,4,0,10,5,0,15,0,0,0,15
12/26/2014,FSM,AR,ASW,CE,Combined TRACON& Tower with Radar,2,14,16,0,32,0,0,7,0,7,2,14,23,0,39,12,0,12,51
12/27/2014,FSM,AR,ASW,CE,Combined TRACON& Tower with Radar,0,11,18,0,29,0,0,1,0,1,0,11,19,0,30,14,0,14,44
12/28/2014,FSM,AR,ASW,CE,Combined TRACON& Tower with Radar,0,15,19,0,34,0,4,27,0,31,0,19,46,0,65,8,0,8,73
12/29/2014,FSM,AR,ASW,CE,Combined TRACON& Tower with Radar,0,16,18,0,34,0,0,12,0,12,0,16,30,0,46,18,0,18,64
12/30/2014,FSM,AR,ASW,CE,Combined TRACON& Tower with Radar,0,12,12,6,30,0,0,17,0,17,0,12,29,6,47,32,2,34,81
12/31/2014,FSM,AR,ASW,CE,Combined TRACON& Tower with Radar,0,10,16,2,28,0,1,8,0,9,0,11,24,2,37,36,0,36,73
01/01/2015,FSM,AR,ASW,CE,Combined TRACON& Tower with Radar,0,6,4,0,10,0,0,2,0,2,0,6,6,0,12,0,0,0,12
01/02/2015,FSM,AR,ASW,CE,Combined TRACON& Tower with Radar,0,11,4,0,15,0,0,0,0,0,0,11,4,0,15,0,0,0,15
01/03/2015,FSM,AR,ASW,CE,Combined TRACON& Tower with Radar,2,11,19,0,32,0,0,0,0,0,2,11,19,0,32,0,0,0,32
01/04/2015,FSM,AR,ASW,CE,Combined TRACON& Tower with Radar,0,11,16,0,27,0,0,7,0,7,0,11,23,0,34,4,0,4,38
01/05/2015,FSM,AR,ASW,CE,Combined TRACON& Tower with Radar,0,13,6,10,29,0,0,11,1,12,0,13,17,11,41,30,18,48,89
01/06/2015,FSM,AR,ASW,CE,Combined TRACON& Tower with Radar,0,14,27,10,51,0,1,16,2,19,0,15,43,12,70,56,12,68,138
01/07/2015,FSM,AR,ASW,CE,Combined TRACON& Tower with Radar,0,18,24,4,46,0,2,10,1,13,0,20,34,5,59,0,14,14,73
01/08/2015,FSM,AR,ASW,CE,Combined TRACON& Tower with Radar,0,14,22,26,62,0,2,14,0,16,0,16,36,26,78,12,0,12,90
01/09/2015,FSM,AR,ASW,CE,Combined TRACON& Tower with Radar,0,15,20,23,58,0,1,17,3,21,0,16,37,26,79,2,36,38,117
01/10/2015,FSM,AR,ASW,CE,Combined TRACON& Tower with Radar,0,9,17,2,28,0,0,16,3,19,0,9,33,5,47,0,0,0,47
01/11/2015,FSM,AR,ASW,CE,Combined TRACON& Tower with Radar,0,13,6,0,19,0,0,0,0,0,0,13,6,0,19,0,0,0,19
01/12/2015,FSM,AR,ASW,CE,Combined TRACON& Tower with Radar,0,14,12,12,38,0,0,0,0,0,0,14,12,12,38,14,8,22,60
01/13/2015,FSM,AR,ASW,CE,Combined TRACON& Tower with Radar,0,14,21,43,78,0,0,28,6,34,0,14,49,49,112,18,66,84,196
01/14/2015,FSM,AR,ASW,CE,Combined TRACON& Tower with Radar,0,19,22,60,101,0,0,15,2,17,0,19,37,62,118,0,18,18,136
01/15/2015,FSM,AR,ASW,CE,Combined TRACON& Tower with Radar,0,16,32,21,69,0,0,37,0,37,0,16,69,21,106,34,28,62,168
01/16/2015,FSM,AR,ASW,CE,Combined TRACON& Tower with Radar,0,14,26,10,50,0,0,23,3,26,0,14,49,13,76,68,0,68,144
01/17/2015,FSM,AR,ASW,CE,Combined TRACON& Tower with Radar,0,9,18,0,27,0,4,30,1,35,0,13,48,1,62,78,0,78,140
01/18/2015,FSM,AR,ASW,CE,Combined TRACON& Tower with Radar,0,11,12,0,23,0,2,28,0,30,0,13,40,0,53,0,0,0,53
01/19/2015,FSM,AR,ASW,CE,Combined TRACON& Tower with Radar,0,14,31,0,45,0,0,25,0,25,0,14,56,0,70,88,12,100,170
01/20/2015,FSM,AR,ASW,CE,Combined TRACON& Tower with Radar,0,16,14,17,47,0,0,14,1,15,0,16,28,18,62,56,10,66,128
01/21/2015,FSM,AR,ASW,CE,Combined TRACON& Tower with Radar,0,15,23,14,52,0,0,22,1,23,0,15,45,15,75,34,20,54,129
01/22/2015,FSM,AR,ASW,CE,Combined TRACON& Tower with Radar,1,17,22,22,62,0,1,8,0,9,1,18,30,22,71,22,10,32,103
01/23/2015,FSM,AR,ASW,CE,Combined TRACON& Tower with Radar,0,18,17,25,60,0,2,18,1,21,0,20,35,26,81,46,34,80,161
01/24/2015,FSM,AR,ASW,CE,Combined TRACON& Tower with Radar,0,12,11,4,27,0,0,35,0,35,0,12,46,4,62,24,0,24,86
01/25/2015,FSM,AR,ASW,CE,Combined TRACON& Tower with Radar,0,13,11,10,34,0,2,4,0,6,0,15,15,10,40,0,0,0,40
01/26/2015,FSM,AR,ASW,CE,Combined TRACON& Tower with Radar,0,14,13,0,27,0,1,21,1,23,0,15,34,1,50,10,0,10,60
01/27/2015,FSM,AR,ASW,CE,Combined TRACON& Tower with Radar,0,15,20,12,47,0,0,22,5,27,0,15,42,17,74,14,12,26,100
01/28/2015,FSM,AR,ASW,CE,Combined TRACON& Tower with Radar,0,15,27,49,91,0,0,30,5,35,0,15,57,54,126,6,48,54,180
01/29/2015,FSM,AR,ASW,CE,Combined TRACON& Tower with Radar,0,14,19,8,41,0,1,13,2,16,0,15,32,10,57,0,0,0,57
01/30/2015,FSM,AR,ASW,CE,Combined TRACON& Tower with Radar,0,14,27,4,45,0,0,18,1,19,0,14,45,5,64,14,24,38,102
01/31/2015,FSM,AR,ASW,CE,Combined TRACON& Tower with Radar,4,6,7,0,17,0,0,16,0,16,4,6,23,0,33,20,0,20,53
02/01/2015,FSM,AR,ASW,CE,Combined TRACON& Tower with Radar,0,8,6,2,16,0,0,0,1,1,0,8,6,3,17,0,0,0,17
02/02/2015,FSM,AR,ASW,CE,Combined TRACON& Tower with Radar,0,14,16,21,51,0,2,17,0,19,0,16,33,21,70,16,14,30,100
02/03/2015,FSM,AR,ASW,CE,Combined TRACON& Tower with Radar,0,14,33,9,56,0,1,21,4,26,0,15,54,13,82,16,24,40,122
02/04/2015,FSM,AR,ASW,CE,Combined TRACON& Tower with Radar,0,15,16,29,60,0,0,16,3,19,0,15,32,32,79,0,48,48,127
02/05/2015,FSM,AR,ASW,CE,Combined TRACON& Tower with Radar,0,14,23,22,59,0,1,28,0,29,0,15,51,22,88,6,64,70,158
02/06/2015,FSM,AR,ASW,CE,Combined TRACON& Tower with Radar,0,16,18,13,47,0,0,30,9,39,0,16,48,22,86,0,6,6,92
02/07/2015,FSM,AR,ASW,CE,Combined TRACON& Tower with Radar,0,9,29,0,38,0,0,39,0,39,0,9,68,0,77,4,0,4,81
02/08/2015,FSM,AR,ASW,CE,Combined TRACON& Tower with Radar,6,13,19,8,46,0,0,36,1,37,6,13,55,9,83,18,0,18,101
02/09/2015,FSM,AR,ASW,CE,Combined TRACON& Tower with Radar,0,16,26,28,70,0,1,24,4,29,0,17,50,32,99,22,40,62,161
02/10/2015,FSM,AR,ASW,CE,Combined TRACON& Tower with Radar,0,17,22,52,91,0,0,21,6,27,0,17,43,58,118,16,60,76,194
02/11/2015,FSM,AR,ASW,CE,Combined TRACON& Tower with Radar,0,16,22,17,55,0,0,31,1,32,0,16,53,18,87,4,8,12,99
02/12/2015,FSM,AR,ASW,CE,Combined TRACON& Tower with Radar,0,17,31,14,62,0,0,33,0,33,0,17,64,14,95,4,28,32,127
02/13/2015,FSM,AR,ASW,CE,Combined TRACON& Tower with Radar,0,18,20,14,52,0,0,29,2,31,0,18,49,16,83,40,6,46,129
02/14/2015,FSM,AR,ASW,CE,Combined TRACON& Tower with Radar,0,10,11,16,37,0,1,17,0,18,0,11,28,16,55,52,0,52,107
02/15/2015,FSM,AR,ASW,CE,Combined TRACON& Tower with Radar,0,10,10,0,20,0,0,5,0,5,0,10,15,0,25,0,0,0,25
02/16/2015,FSM,AR,ASW,CE,Combined TRACON& Tower with Radar,2,19,10,0,31,0,0,0,0,0,2,19,10,0,31,0,0,0,31
02/17/2015,FSM,AR,ASW,CE,Combined TRACON& Tower with Radar,0,16,20,16,52,0,1,8,0,9,0,17,28,16,61,14,0,14,75
02/18/2015,FSM,AR,ASW,CE,Combined TRACON& Tower with Radar,0,15,9,19,43,0,1,13,3,17,0,16,22,22,60,40,0,40,100
02/19/2015,FSM,AR,ASW,CE,Combined TRACON& Tower with Radar,0,15,19,21,55,0,1,18,1,20,0,16,37,22,75,0,12,12,87
02/20/2015,FSM,AR,ASW,CE,Combined TRACON& Tower with Radar,0,16,17,2,35,0,0,1,0,1,0,16,18,2,36,0,0,0,36
02/21/2015,FSM,AR,ASW,CE,Combined TRACON& Tower with Radar,0,10,5,1,16,0,0,13,0,13,0,10,18,1,29,8,0,8,37
02/22/2015,FSM,AR,ASW,CE,Combined TRACON& Tower with Radar,0,13,2,0,15,0,0,0,0,0,0,13,2,0,15,0,0,0,15
02/23/2015,FSM,AR,ASW,CE,Combined TRACON& Tower with Radar,0,14,2,0,16,0,0,0,0,0,0,14,2,0,16,0,0,0,16
02/24/2015,FSM,AR,ASW,CE,Combined TRACON& Tower with Radar,0,8,13,16,37,0,1,18,4,23,0,9,31,20,60,14,24,38,98
02/25/2015,FSM,AR,ASW,CE,Combined TRACON& Tower with Radar,0,18,12,17,47,0,2,23,7,32,0,20,35,24,79,34,42,76,155
02/26/2015,FSM,AR,ASW,CE,Combined TRACON& Tower with Radar,0,17,21,6,44,0,5,1,2,8,0,22,22,8,52,0,0,0,52
02/27/2015,FSM,AR,ASW,CE,Combined TRACON& Tower with Radar,0,11,15,2,28,0,0,9,1,10,0,11,24,3,38,0,0,0,38
02/28/2015,FSM,AR,ASW,CE,Combined TRACON& Tower with Radar,0,5,2,0,7,0,0,0,0,0,0,5,2,0,7,0,0,0,7
03/01/2015,FSM,AR,ASW,CE,Combined TRACON& Tower with Radar,0,13,10,0,23,0,0,0,0,0,0,13,10,0,23,0,0,0,23
03/02/2015,FSM,AR,ASW,CE,Combined TRACON& Tower with Radar,1,14,11,29,55,0,0,3,0,3,1,14,14,29,58,26,32,58,116
03/03/2015,FSM,AR,ASW,CE,Combined TRACON& Tower with Radar,1,14,5,0,20,0,0,0,0,0,1,14,5,0,20,0,0,0,20
03/04/2015,FSM,AR,ASW,CE,Combined TRACON& Tower with Radar,0,4,2,0,6,0,0,0,0,0,0,4,2,0,6,0,0,0,6
03/05/2015,FSM,AR,ASW,CE,Combined TRACON& Tower with Radar,1,7,11,3,22,0,0,4,0,4,1,7,15,3,26,0,0,0,26
03/06/2015,FSM,AR,ASW,CE,Combined TRACON& Tower with Radar,1,14,16,4,35,0,3,25,1,29,1,17,41,5,64,10,0,10,74
03/07/2015,FSM,AR,ASW,CE,Combined TRACON& Tower with Radar,2,12,23,6,43,0,1,36,3,40,2,13,59,9,83,36,0,36,119
03/08/2015,FSM,AR,ASW,CE,Combined TRACON& Tower with Radar,0,15,25,0,40,0,4,21,0,25,0,19,46,0,65,84,2,86,151
03/09/2015,FSM,AR,ASW,CE,Combined TRACON& Tower with Radar,0,17,13,0,30,0,0,0,0,0,0,17,13,0,30,0,0,0,30
03/10/2015,FSM,AR,ASW,CE,Combined TRACON& Tower with Radar,0,25,15,16,56,0,0,1,1,2,0,25,16,17,58,0,42,42,100
03/11/2015,FSM,AR,ASW,CE,Combined TRACON& Tower with Radar,0,12,31,11,54,0,2,30,1,33,0,14,61,12,87,4,0,4,91
03/12/2015,FSM,AR,ASW,CE,Combined TRACON& Tower with Radar,0,16,19,4,39,0,0,11,0,11,0,16,30,4,50,12,0,12,62
03/13/2015,FSM,AR,ASW,CE,Combined TRACON& Tower with Radar,0,19,17,0,36,0,0,0,0,0,0,19,17,0,36,0,0,0,36
03/14/2015,FSM,AR,ASW,CE,Combined TRACON& Tower with Radar,0,13,10,14,37,0,0,3,0,3,0,13,13,14,40,0,0,0,40
03/15/2015,FSM,AR,ASW,CE,Combined TRACON& Tower with Radar,0,13,23,3,39,0,0,47,1,48,0,13,70,4,87,30,0,30,117
03/16/2015,FSM,AR,ASW,CE,Combined TRACON& Tower with Radar,0,13,20,6,39,0,0,20,0,20,0,13,40,6,59,0,0,0,59
03/17/2015,FSM,AR,ASW,CE,Combined TRACON& Tower with Radar,0,14,14,18,46,0,0,30,10,40,0,14,44,28,86,14,42,56,142
03/18/2015,FSM,AR,ASW,CE,Combined TRACON& Tower with Radar,0,14,13,25,52,0,0,3,2,5,0,14,16,27,57,0,0,0,57
03/19/2015,FSM,AR,ASW,CE,Combined TRACON& Tower with Radar,0,18,19,3,40,0,1,0,1,2,0,19,19,4,42,0,0,0,42
03/20/2015,FSM,AR,ASW,CE,Combined TRACON& Tower with Radar,0,14,28,7,49,0,0,10,2,12,0,14,38,9,61,58,0,58,119
03/21/2015,FSM,AR,ASW,CE,Combined TRACON& Tower with Radar,0,13,20,5,38,0,1,31,2,34,0,14,51,7,72,0,0,0,72
03/22/2015,FSM,AR,ASW,CE,Combined TRACON& Tower with Radar,0,15,11,2,28,0,1,1,0,2,0,16,12,2,30,0,0,0,30
03/23/2015,FSM,AR,ASW,CE,Combined TRACON& Tower with Radar,0,17,11,4,32,0,1,8,3,12,0,18,19,7,44,0,0,0,44
03/24/2015,FSM,AR,ASW,CE,Combined TRACON& Tower with Radar,0,11,22,6,39,0,0,7,0,7,0,11,29,6,46,0,8,8,54
03/25/2015,FSM,AR,ASW,CE,Combined TRACON& Tower with Radar,0,13,24,9,46,0,0,5,3,8,0,13,29,12,54,18,0,18,72
03/26/2015,FSM,AR,ASW,CE,Combined TRACON& Tower with Radar,0,19,24,46,89,0,0,8,2,10,0,19,32,48,99,0,18,18,117
03/27/2015,FSM,AR,ASW,CE,Combined TRACON& Tower with Radar,0,14,22,6,42,0,2,10,0,12,0,16,32,6,54,0,0,0,54
03/28/2015,FSM,AR,ASW,CE,Combined TRACON& Tower with Radar,0,14,15,0,29,0,1,20,2,23,0,15,35,2,52,2,0,2,54
03/29/2015,FSM,AR,ASW,CE,Combined TRACON& Tower with Radar,0,14,20,2,36,0,2,17,2,21,0,16,37,4,57,74,0,74,131
03/30/2015,FSM,AR,ASW,CE,Combined TRACON& Tower with Radar,0,13,26,23,62,0,1,25,0,26,0,14,51,23,88,16,48,64,152
03/31/2015,FSM,AR,ASW,CE,Combined TRACON& Tower with Radar,0,16,24,17,57,0,2,16,0,18,0,18,40,17,75,36,68,104,179
04/01/2015,FSM,AR,ASW,CE,Combined TRACON& Tower with Radar,0,10,10,2,22,0,2,5,0,7,0,12,15,2,29,8,0,8,37
04/02/2015,FSM,AR,ASW,CE,Combined TRACON& Tower with Radar,0,12,29,0,41,0,1,13,0,14,0,13,42,0,55,0,0,0,55
04/03/2015,FSM,AR,ASW,CE,Combined TRACON& Tower with Radar,0,18,12,4,34,0,0,6,0,6,0,18,18,4,40,16,0,16,56
04/04/2015,FSM,AR,ASW,CE,Combined TRACON& Tower with Radar,0,9,22,0,31,0,0,25,0,25,0,9,47,0,56,42,0,42,98
04/05/2015,FSM,AR,ASW,CE,Combined TRACON& Tower with Radar,0,11,4,0,15,0,0,3,0,3,0,11,7,0,18,0,0,0,18
04/06/2015,FSM,AR,ASW,CE,Combined TRACON& Tower with Radar,2,12,21,26,61,0,1,5,0,6,2,13,26,26,67,0,12,12,79
04/07/2015,FSM,AR,ASW,CE,Combined TRACON& Tower with Radar,0,15,14,0,29,0,0,9,2,11,0,15,23,2,40,12,0,12,52
04/08/2015,FSM,AR,ASW,CE,Combined TRACON& Tower with Radar,0,13,27,14,54,0,1,8,6,15,0,14,35,20,69,0,0,0,69
04/09/2015,FSM,AR,ASW,CE,Combined TRACON& Tower with Radar,0,17,13,6,36,0,1,3,3,7,0,18,16,9,43,0,30,30,73
04/10/2015,FSM,AR,ASW,CE,Combined TRACON& Tower with Radar,0,11,29,4,44,0,2,45,3,50,0,13,74,7,94,4,8,12,106
04/11/2015,FSM,AR,ASW,CE,Combined TRACON& Tower with Radar,0,10,26,11,47,0,4,30,11,45,0,14,56,22,92,26,0,26,118
04/12/2015,FSM,AR,ASW,CE,Combined TRACON& Tower with Radar,0,11,12,6,29,0,0,13,0,13,0,11,25,6,42,9,14,23,65
04/13/2015,FSM,AR,ASW,CE,Combined TRACON& Tower with Radar,0,11,11,0,22,0,0,0,0,0,0,11,11,0,22,0,0,0,22
04/14/2015,FSM,AR,ASW,CE,Combined TRACON& Tower with Radar,0,12,15,8,35,0,1,1,2,4,0,13,16,10,39,28,0,28,67
04/15/2015,FSM,AR,ASW,CE,Combined TRACON& Tower with Radar,0,15,21,0,36,0,0,4,0,4,0,15,25,0,40,28,0,28,68
04/16/2015,FSM,AR,ASW,CE,Combined TRACON& Tower with Radar,0,16,22,27,65,0,2,20,0,22,0,18,42,27,87,22,20,42,129
04/17/2015,FSM,AR,ASW,CE,Combined TRACON& Tower with Radar,0,16,20,20,56,0,0,10,2,12,0,16,30,22,68,30,0,30,98
04/18/2015,FSM,AR,ASW,CE,Combined TRACON& Tower with Radar,0,13,10,0,23,0,3,12,0,15,0,16,22,0,38,0,0,0,38
04/19/2015,FSM,AR,ASW,CE,Combined TRACON& Tower with Radar,0,13,12,0,25,0,0,8,0,8,0,13,20,0,33,0,0,0,33
04/20/2015,FSM,AR,ASW,CE,Combined TRACON& Tower with Radar,0,10,18,18,46,0,5,19,9,33,0,15,37,27,79,0,24,24,103
04/21/2015,FSM,AR,ASW,CE,Combined TRACON& Tower with Radar,0,11,9,6,26,0,0,17,4,21,0,11,26,10,47,0,0,0,47
04/22/2015,FSM,AR,ASW,CE,Combined TRACON& Tower with Radar,0,12,27,0,39,0,0,9,0,9,0,12,36,0,48,32,0,32,80
04/23/2015,FSM,AR,ASW,CE,Combined TRACON& Tower with Radar,0,12,28,0,40,0,3,19,6,28,0,15,47,6,68,12,0,12,80
04/24/2015,FSM,AR,ASW,CE,Combined TRACON& Tower with Radar,0,12,15,7,34,0,0,2,2,4,0,12,17,9,38,6,0,6,44
04/25/2015,FSM,AR,ASW,CE,Combined TRACON& Tower with Radar,0,9,13,5,27,0,1,29,1,31,0,10,42,6,58,80,0,80,138
04/26/2015,FSM,AR,ASW,CE,Combined TRACON& Tower with Radar,0,13,14,4,31,0,1,25,3,29,0,14,39,7,60,14,0,14,74
04/27/2015,FSM,AR,ASW,CE,Combined TRACON& Tower with Radar,0,10,9,14,33,0,0,1,1,2,0,10,10,15,35,0,4,4,39
04/28/2015,FSM,AR,ASW,CE,Combined TRACON& Tower with Radar,0,13,17,3,33,0,1,7,2,10,0,14,24,5,43,4,0,4,47
04/29/2015,FSM,AR,ASW,CE,Combined TRACON& Tower with Radar,0,9,40,6,55,0,1,41,6,48,0,10,81,12,103,12,8,20,123
04/30/2015,FSM,AR,ASW,CE,Combined TRACON& Tower with Radar,0,8,36,14,58,0,7,38,7,52,0,15,74,21,110,24,4,28,138
05/01/2015,FSM,AR,ASW,CE,Combined TRACON& Tower with Radar,2,10,23,10,45,0,0,24,1,25,2,10,47,11,70,0,0,0,70
05/02/2015,FSM,AR,ASW,CE,Combined TRACON& Tower with Radar,0,11,8,2,21,0,2,30,1,33,0,13,38,3,54,0,0,0,54
05/03/2015,FSM,AR,ASW,CE,Combined TRACON& Tower with Radar,0,15,21,6,42,0,1,16,1,18,0,16,37,7,60,0,0,0,60
05/04/2015,FSM,AR,ASW,CE,Combined TRACON& Tower with Radar,0,13,26,22,61,0,1,18,0,19,0,14,44,22,80,0,22,22,102
05/05/2015,FSM,AR,ASW,CE,Combined TRACON& Tower with Radar,0,13,24,23,60,0,0,9,0,9,0,13,33,23,69,8,28,36,105
05/06/2015,FSM,AR,ASW,CE,Combined TRACON& Tower with Radar,0,14,28,8,50,0,1,3,0,4,0,15,31,8,54,12,30,42,96
05/07/2015,FSM,AR,ASW,CE,Combined TRACON& Tower with Radar,0,12,24,2,38,0,0,9,0,9,0,12,33,2,47,26,0,26,73
05/08/2015,FSM,AR,ASW,CE,Combined TRACON& Tower with Radar,0,14,34,0,48,0,1,4,0,5,0,15,38,0,53,0,0,0,53
05/09/2015,FSM,AR,ASW,CE,Combined TRACON& Tower with Radar,0,10,8,0,18,0,0,6,0,6,0,10,14,0,24,0,0,0,24
05/10/2015,FSM,AR,ASW,CE,Combined TRACON& Tower with Radar,0,5,5,2,12,0,0,0,0,0,0,5,5,2,12,0,0,0,12
05/11/2015,FSM,AR,ASW,CE,Combined TRACON& Tower with Radar,0,11,18,33,62,0,2,30,8,40,0,13,48,41,102,24,70,94,196
05/12/2015,FSM,AR,ASW,CE,Combined TRACON& Tower with Radar,0,13,19,44,76,0,5,38,5,48,0,18,57,49,124,38,22,60,184
05/13/2015,FSM,AR,ASW,CE,Combined TRACON& Tower with Radar,0,14,29,26,69,0,4,8,4,16,0,18,37,30,85,0,0,0,85
05/14/2015,FSM,AR,ASW,CE,Combined TRACON& Tower with Radar,0,13,32,13,58,0,1,11,2,14,0,14,43,15,72,24,16,40,112
05/15/2015,FSM,AR,ASW,CE,Combined TRACON& Tower with Radar,0,14,22,2,38,0,0,13,4,17,0,14,35,6,55,12,0,12,67
05/16/2015,FSM,AR,ASW,CE,Combined TRACON& Tower with Radar,0,9,5,1,15,0,2,8,7,17,0,11,13,8,32,16,0,16,48
05/17/2015,FSM,AR,ASW,CE,Combined TRACON& Tower with Radar,0,16,22,1,39,0,2,17,1,20,0,18,39,2,59,22,0,22,81
05/18/2015,FSM,AR,ASW,CE,Combined TRACON& Tower with Radar,0,13,33,22,68,0,1,14,8,23,0,14,47,30,91,78,30,108,199
05/19/2015,FSM,AR,ASW,CE,Combined TRACON& Tower with Radar,0,14,41,28,83,0,0,22,2,24,0,14,63,30,107,68,40,108,215
05/20/2015,FSM,AR,ASW,CE,Combined TRACON& Tower with Radar,0,13,22,19,54,0,2,0,1,3,0,15,22,20,57,58,14,72,129
05/21/2015,FSM,AR,ASW,CE,Combined TRACON& Tower with Radar,0,13,34,20,67,0,1,30,3,34,0,14,64,23,101,80,8,88,189
05/22/2015,FSM,AR,ASW,CE,Combined TRACON& Tower with Radar,0,14,24,5,43,0,1,17,1,19,0,15,41,6,62,34,0,34,96
05/23/2015,FSM,AR,ASW,CE,Combined TRACON& Tower with Radar,0,9,12,0,21,0,2,4,0,6,0,11,16,0,27,0,0,0,27
05/24/2015,FSM,AR,ASW,CE,Combined TRACON& Tower with Radar,0,6,4,0,10,0,0,2,0,2,0,6,6,0,12,0,0,0,12
05/25/2015,FSM,AR,ASW,CE,Combined TRACON& Tower with Radar,0,8,14,0,22,0,2,12,0,14,0,10,26,0,36,0,0,0,36
05/26/2015,FSM,AR,ASW,CE,Combined TRACON& Tower with Radar,0,13,34,14,61,0,0,24,3,27,0,13,58,17,88,10,22,32,120
05/27/2015,FSM,AR,ASW,CE,Combined TRACON& Tower with Radar,0,13,23,14,50,0,3,30,2,35,0,16,53,16,85,48,24,72,157
05/28/2015,FSM,AR,ASW,CE,Combined TRACON& Tower with Radar,0,13,28,4,45,0,1,18,3,22,0,14,46,7,67,0,0,0,67
05/29/2015,FSM,AR,ASW,CE,Combined TRACON& Tower with Radar,0,15,23,3,41,0,1,3,2,6,0,16,26,5,47,0,0,0,47
05/30/2015,FSM,AR,ASW,CE,Combined TRACON& Tower with Radar,0,10,17,14,41,0,0,7,1,8,0,10,24,15,49,14,0,14,63
05/31/2015,FSM,AR,ASW,CE,Combined TRACON& Tower with Radar,0,9,28,2,39,0,0,9,0,9,0,9,37,2,48,0,0,0,48
06/01/2015,FSM,AR,ASW,CE,Combined TRACON& Tower with Radar,0,12,29,6,47,0,1,22,3,26,0,13,51,9,73,26,16,42,115
06/02/2015,FSM,AR,ASW,CE,Combined TRACON& Tower with Radar,0,13,34,11,58,0,2,32,5,39,0,15,66,16,97,52,0,52,149
06/03/2015,FSM,AR,ASW,CE,Combined TRACON& Tower with Radar,0,11,29,17,57,0,2,28,8,38,0,13,57,25,95,42,8,50,145
06/04/2015,FSM,AR,ASW,CE,Combined TRACON& Tower with Radar,0,10,24,33,67,0,5,35,4,44,0,15,59,37,111,64,46,110,221
06/05/2015,FSM,AR,ASW,CE,Combined TRACON& Tower with Radar,0,12,23,21,56,0,1,25,5,31,0,13,48,26,87,26,14,40,127
06/06/2015,FSM,AR,ASW,CE,Combined TRACON& Tower with Radar,0,11,17,4,32,0,1,18,3,22,0,12,35,7,54,10,20,30,84
06/07/2015,FSM,AR,ASW,CE,Combined TRACON& Tower with Radar,0,10,16,15,41,0,0,24,4,28,0,10,40,19,69,12,0,12,81
06/08/2015,FSM,AR,ASW,CE,Combined TRACON& Tower with Radar,0,11,20,8,39,0,0,22,7,29,0,11,42,15,68,48,20,68,136
06/09/2015,FSM,AR,ASW,CE,Combined TRACON& Tower with Radar,0,8,10,2,20,0,2,29,2,33,0,10,39,4,53,14,12,26,79
06/10/2015,FSM,AR,ASW,CE,Combined TRACON& Tower with Radar,0,13,26,2,41,0,4,19,3,26,0,17,45,5,67,26,2,28,95
06/11/2015,FSM,AR,ASW,CE,Combined TRACON& Tower with Radar,0,14,23,16,53,0,1,17,0,18,0,15,40,16,71,34,20,54,125
06/12/2015,FSM,AR,ASW,CE,Combined TRACON& Tower with Radar,0,11,30,32,73,0,1,16,3,20,0,12,46,35,93,12,20,32,125
06/13/2015,FSM,AR,ASW,CE,Combined TRACON& Tower with Radar,0,12,8,3,23,0,1,9,1,11,0,13,17,4,34,0,0,0,34
06/14/2015,FSM,AR,ASW,CE,Combined TRACON& Tower with Radar,0,10,16,16,42,0,0,3,5,8,0,10,19,21,50,12,0,12,62
06/15/2015,FSM,AR,ASW,CE,Combined TRACON& Tower with Radar,0,12,15,1,28,0,1,5,1,7,0,13,20,2,35,12,0,12,47
06/16/2015,FSM,AR,ASW,CE,Combined TRACON& Tower with Radar,0,13,17,7,37,0,0,1,3,4,0,13,18,10,41,0,12,12,53
06/17/2015,FSM,AR,ASW,CE,Combined TRACON& Tower with Radar,0,12,14,0,26,0,0,4,4,8,0,12,18,4,34,0,0,0,34
06/18/2015,FSM,AR,ASW,CE,Combined TRACON& Tower with Radar,0,11,12,0,23,0,0,0,0,0,0,11,12,0,23,0,0,0,23
06/19/2015,FSM,AR,ASW,CE,Combined TRACON& Tower with Radar,0,11,27,22,60,0,2,19,2,23,0,13,46,24,83,0,36,36,119
06/20/2015,FSM,AR,ASW,CE,Combined TRACON& Tower with Radar,0,11,14,17,42,0,1,26,6,33,0,12,40,23,75,18,0,18,93
06/21/2015,FSM,AR,ASW,CE,Combined TRACON& Tower with Radar,0,13,13,2,28,0,1,5,1,7,0,14,18,3,35,0,0,0,35
06/22/2015,FSM,AR,ASW,CE,Combined TRACON& Tower with Radar,0,12,25,7,44,0,2,20,0,22,0,14,45,7,66,0,20,20,86
06/23/2015,FSM,AR,ASW,CE,Combined TRACON& Tower with Radar,0,12,24,30,66,0,1,15,2,18,0,13,39,32,84,68,84,152,236
06/24/2015,FSM,AR,ASW,CE,Combined TRACON& Tower with Radar,0,11,19,15,45,0,0,27,5,32,0,11,46,20,77,54,22,76,153
06/25/2015,FSM,AR,ASW,CE,Combined TRACON& Tower with Radar,0,11,16,5,32,0,1,35,3,39,0,12,51,8,71,10,0,10,81
06/26/2015,FSM,AR,ASW,CE,Combined TRACON& Tower with Radar,0,12,4,13,29,0,1,15,1,17,0,13,19,14,46,32,26,58,104
06/27/2015,FSM,AR,ASW,CE,Combined TRACON& Tower with Radar,0,10,25,4,39,0,2,39,4,45,0,12,64,8,84,40,0,40,124
06/28/2015,FSM,AR,ASW,CE,Combined TRACON& Tower with Radar,0,15,18,0,33,0,0,28,0,28,0,15,46,0,61,0,0,0,61
06/29/2015,FSM,AR,ASW,CE,Combined TRACON& Tower with Radar,0,11,23,10,44,0,1,20,0,21,0,12,43,10,65,58,0,58,123
06/30/2015,FSM,AR,ASW,CE,Combined TRACON& Tower with Radar,0,9,21,12,42,0,4,32,3,39,0,13,53,15,81,6,12,18,99
07/01/2015,FSM,AR,ASW,CE,Combined TRACON& Tower with Radar,0,7,20,11,38,0,1,24,2,27,0,8,44,13,65,26,12,38,103
07/02/2015,FSM,AR,ASW,CE,Combined TRACON& Tower with Radar,0,10,20,2,32,0,0,12,0,12,0,10,32,2,44,0,0,0,44
07/03/2015,FSM,AR,ASW,CE,Combined TRACON& Tower with Radar,0,8,12,0,20,0,0,3,0,3,0,8,15,0,23,8,0,8,31
07/04/2015,FSM,AR,ASW,CE,Combined TRACON& Tower with Radar,0,8,8,0,16,0,3,14,0,17,0,11,22,0,33,4,0,4,37
07/05/2015,FSM,AR,ASW,CE,Combined TRACON& Tower with Radar,0,9,11,0,20,0,0,2,0,2,0,9,13,0,22,0,0,0,22
07/06/2015,FSM,AR,ASW,CE,Combined TRACON& Tower with Radar,2,11,26,2,41,0,0,9,0,9,2,11,35,2,50,2,0,2,52
07/07/2015,FSM,AR,ASW,CE,Combined TRACON& Tower with Radar,0,8,19,5,32,0,1,4,0,5,0,9,23,5,37,0,0,0,37
07/08/2015,FSM,AR,ASW,CE,Combined TRACON& Tower with Radar,0,9,16,2,27,0,0,3,4,7,0,9,19,6,34,0,0,0,34
07/09/2015,FSM,AR,ASW,CE,Combined TRACON& Tower with Radar,0,13,31,3,47,0,0,12,2,14,0,13,43,5,61,22,0,22,83
07/10/2015,FSM,AR,ASW,CE,Combined TRACON& Tower with Radar,0,14,22,6,42,0,0,29,2,31,0,14,51,8,73,16,16,32,105
07/11/2015,FSM,AR,ASW,CE,Combined TRACON& Tower with Radar,0,12,10,30,52,0,0,27,10,37,0,12,37,40,89,26,0,26,115
07/12/2015,FSM,AR,ASW,CE,Combined TRACON& Tower with Radar,0,13,18,2,33,0,4,22,1,27,0,17,40,3,60,0,0,0,60
07/13/2015,FSM,AR,ASW,CE,Combined TRACON& Tower with Radar,0,13,20,19,52,0,4,25,2,31,0,17,45,21,83,28,22,50,133
07/14/2015,FSM,AR,ASW,CE,Combined TRACON& Tower with Radar,0,8,19,8,35,0,3,26,0,29,0,11,45,8,64,44,24,68,132
07/15/2015,FSM,AR,ASW,CE,Combined TRACON& Tower with Radar,0,9,14,27,50,0,1,25,2,28,0,10,39,29,78,68,44,112,190
07/16/2015,FSM,AR,ASW,CE,Combined TRACON& Tower with Radar,0,12,25,10,47,0,1,16,0,17,0,13,41,10,64,60,4,64,128
07/17/2015,FSM,AR,ASW,CE,Combined TRACON& Tower with Radar,0,13,30,16,59,0,1,33,0,34,0,14,63,16,93,44,6,50,143
07/18/2015,FSM,AR,ASW,CE,Combined TRACON& Tower with Radar,0,11,15,10,36,0,2,15,1,18,0,13,30,11,54,24,0,24,78
07/19/2015,FSM,AR,ASW,CE,Combined TRACON& Tower with Radar,2,11,16,6,35,0,2,16,2,20,2,13,32,8,55,44,0,44,99
07/20/2015,FSM,AR,ASW,CE,Combined TRACON& Tower with Radar,0,11,19,1,31,0,4,24,0,28,0,15,43,1,59,0,0,0,59
07/21/2015,FSM,AR,ASW,CE,Combined TRACON& Tower with Radar,0,9,11,11,31,0,0,7,6,13,0,9,18,17,44,66,0,66,110
07/22/2015,FSM,AR,ASW,CE,Combined TRACON& Tower with Radar,2,20,23,0,45,0,0,8,4,12,2,20,31,4,57,0,4,4,61
07/23/2015,FSM,AR,ASW,CE,Combined TRACON& Tower with Radar,0,11,20,15,46,0,2,19,2,23,0,13,39,17,69,62,0,62,131
07/24/2015,FSM,AR,ASW,CE,Combined TRACON& Tower with Radar,0,11,14,17,42,0,5,18,0,23,0,16,32,17,65,10,30,40,105
07/25/2015,FSM,AR,ASW,CE,Combined TRACON& Tower with Radar,3,14,23,5,45,0,1,16,0,17,3,15,39,5,62,34,0,34,96
07/26/2015,FSM,AR,ASW,CE,Combined TRACON& Tower with Radar,0,11,18,0,29,0,3,19,0,22,0,14,37,0,51,32,0,32,83
07/27/2015,FSM,AR,ASW,CE,Combined TRACON& Tower with Radar,0,15,16,10,41,0,1,14,0,15,0,16,30,10,56,8,0,8,64
07/28/2015,FSM,AR,ASW,CE,Combined TRACON& Tower with Radar,0,12,9,16,37,0,4,23,0,27,0,16,32,16,64,0,22,22,86
07/29/2015,FSM,AR,ASW,CE,Combined TRACON& Tower with Radar,0,9,24,15,48,0,2,23,2,27,0,11,47,17,75,18,8,26,101
07/30/2015,FSM,AR,ASW,CE,Combined TRACON& Tower with Radar,0,13,15,23,51,0,0,26,6,32,0,13,41,29,83,30,36,66,149
07/31/2015,FSM,AR,ASW,CE,Combined TRACON& Tower with Radar,0,10,24,26,60,0,1,24,2,27,0,11,48,28,87,6,0,6,93
08/01/2015,FSM,AR,ASW,CE,Combined TRACON& Tower with Radar,0,14,9,1,24,0,5,12,3,20,0,19,21,4,44,0,0,0,44
08/02/2015,FSM,AR,ASW,CE,Combined TRACON& Tower with Radar,0,10,12,2,24,0,0,21,1,22,0,10,33,3,46,16,0,16,62
08/03/2015,FSM,AR,ASW,CE,Combined TRACON& Tower with Radar,0,11,14,11,36,0,0,14,2,16,0,11,28,13,52,16,0,16,68
08/04/2015,FSM,AR,ASW,CE,Combined TRACON& Tower with Radar,0,10,15,16,41,0,1,11,0,12,0,11,26,16,53,10,4,14,67
08/05/2015,FSM,AR,ASW,CE,Combined TRACON& Tower with Radar,0,10,30,19,59,0,0,21,2,23,0,10,51,21,82,8,20,28,110
08/06/2015,FSM,AR,ASW,CE,Combined TRACON& Tower with Radar,0,12,22,15,49,0,3,3,2,8,0,15,25,17,57,34,34,68,125
08/07/2015,FSM,AR,ASW,CE,Combined TRACON& Tower with Radar,7,11,11,27,56,0,1,20,0,21,7,12,31,27,77,0,43,43,120
08/08/2015,FSM,AR,ASW,CE,Combined TRACON& Tower with Radar,0,10,9,0,19,0,1,17,1,19,0,11,26,1,38,2,0,2,40
08/09/2015,FSM,AR,ASW,CE,Combined TRACON& Tower with Radar,0,12,20,4,36,0,4,15,0,19,0,16,35,4,55,0,0,0,55
08/10/2015,FSM,AR,ASW,CE,Combined TRACON& Tower with Radar,0,12,15,10,37,0,3,13,4,20,0,15,28,14,57,8,34,42,99
08/11/2015,FSM,AR,ASW,CE,Combined TRACON& Tower with Radar,0,9,26,4,39,0,0,22,7,29,0,9,48,11,68,16,22,38,106
08/12/2015,FSM,AR,ASW,CE,Combined TRACON& Tower with Radar,0,10,18,12,40,0,1,22,7,30,0,11,40,19,70,22,16,38,108
08/13/2015,FSM,AR,ASW,CE,Combined TRACON& Tower with Radar,0,9,13,32,54,0,0,27,14,41,0,9,40,46,95,14,40,54,149
08/14/2015,FSM,AR,ASW,CE,Combined TRACON& Tower with Radar,2,12,9,24,47,0,3,22,11,36,2,15,31,35,83,14,0,14,97
08/15/2015,FSM,AR,ASW,CE,Combined TRACON& Tower with Radar,0,9,9,2,20,0,3,36,0,39,0,12,45,2,59,8,0,8,67
08/16/2015,FSM,AR,ASW,CE,Combined TRACON& Tower with Radar,2,13,7,5,27,0,0,13,1,14,2,13,20,6,41,0,0,0,41
08/17/2015,FSM,AR,ASW,CE,Combined TRACON& Tower with Radar,0,15,18,4,37,0,2,33,3,38,0,17,51,7,75,40,4,44,119
08/18/2015,FSM,AR,ASW,CE,Combined TRACON& Tower with Radar,0,9,20,2,31,0,2,11,3,16,0,11,31,5,47,44,0,44,91
08/19/2015,FSM,AR,ASW,CE,Combined TRACON& Tower with Radar,0,11,6,4,21,0,0,3,1,4,0,11,9,5,25,16,0,16,41
08/20/2015,FSM,AR,ASW,CE,Combined TRACON& Tower with Radar,2,15,27,9,53,0,2,33,4,39,2,17,60,13,92,6,0,6,98
08/21/2015,FSM,AR,ASW,CE,Combined TRACON& Tower with Radar,0,11,24,4,39,0,0,31,3,34,0,11,55,7,73,12,10,22,95
08/22/2015,FSM,AR,ASW,CE,Combined TRACON& Tower with Radar,0,6,13,0,19,0,1,13,0,14,0,7,26,0,33,4,0,4,37
08/23/2015,FSM,AR,ASW,CE,Combined TRACON& Tower with Radar,0,10,21,10,41,0,0,19,0,19,0,10,40,10,60,34,0,34,94
08/24/2015,FSM,AR,ASW,CE,Combined TRACON& Tower with Radar,0,14,18,1,33,0,0,12,7,19,0,14,30,8,52,28,0,28,80
08/25/2015,FSM,AR,ASW,CE,Combined TRACON& Tower with Radar,0,9,40,8,57,0,2,36,5,43,0,11,76,13,100,20,14,34,134
08/26/2015,FSM,AR,ASW,CE,Combined TRACON& Tower with Radar,0,8,32,19,59,0,0,33,9,42,0,8,65,28,101,6,56,62,163
08/27/2015,FSM,AR,ASW,CE,Combined TRACON& Tower with Radar,0,10,22,16,48,0,0,30,5,35,0,10,52,21,83,24,6,30,113
08/28/2015,FSM,AR,ASW,CE,Combined TRACON& Tower with Radar,0,11,9,30,50,0,0,38,2,40,0,11,47,32,90,40,70,110,200
08/29/2015,FSM,AR,ASW,CE,Combined TRACON& Tower with Radar,0,6,15,0,21,0,1,20,1,22,0,7,35,1,43,26,0,26,69
08/30/2015,FSM,AR,ASW,CE,Combined TRACON& Tower with Radar,2,11,12,22,47,0,3,24,0,27,2,14,36,22,74,70,0,70,144
08/31/2015,FSM,AR,ASW,CE,Combined TRACON& Tower with Radar,0,11,12,25,48,0,1,21,1,23,0,12,33,26,71,78,14,92,163
09/01/2015,FSM,AR,ASW,CE,Combined TRACON& Tower with Radar,3,13,20,21,57,0,1,34,9,44,3,14,54,30,101,6,40,46,147
09/02/2015,FSM,AR,ASW,CE,Combined TRACON& Tower with Radar,4,12,11,17,44,0,0,30,13,43,4,12,41,30,87,42,36,78,165
09/03/2015,FSM,AR,ASW,CE,Combined TRACON& Tower with Radar,5,7,29,11,52,0,0,27,12,39,5,7,56,23,91,36,8,44,135
09/04/2015,FSM,AR,ASW,CE,Combined TRACON& Tower with Radar,6,9,19,0,34,0,0,22,4,26,6,9,41,4,60,0,0,0,60
09/05/2015,FSM,AR,ASW,CE,Combined TRACON& Tower with Radar,6,4,15,0,25,0,1,24,0,25,6,5,39,0,50,0,0,0,50
09/06/2015,FSM,AR,ASW,CE,Combined TRACON& Tower with Radar,3,7,19,0,29,0,1,11,0,12,3,8,30,0,41,42,0,42,83
09/07/2015,FSM,AR,ASW,CE,Combined TRACON& Tower with Radar,3,7,25,0,35,0,1,16,0,17,3,8,41,0,52,26,0,26,78
09/08/2015,FSM,AR,ASW,CE,Combined TRACON& Tower with Radar,4,6,19,17,46,0,0,9,5,14,4,6,28,22,60,12,22,34,94
09/09/2015,FSM,AR,ASW,CE,Combined TRACON& Tower with Radar,4,12,19,27,62,0,0,6,4,10,4,12,25,31,72,30,50,80,152
09/10/2015,FSM,AR,ASW,CE,Combined TRACON& Tower with Radar,3,7,20,12,42,0,1,47,3,51,3,8,67,15,93,0,0,0,93
09/11/2015,FSM,AR,ASW,CE,Combined TRACON& Tower with Radar,3,10,25,23,61,0,1,20,0,21,3,11,45,23,82,28,0,28,110
09/12/2015,FSM,AR,ASW,CE,Combined TRACON& Tower with Radar,2,5,17,11,35,0,0,45,1,46,2,5,62,12,81,140,48,188,269
09/13/2015,FSM,AR,ASW,CE,Combined TRACON& Tower with Radar,2,10,19,2,33,0,0,27,2,29,2,10,46,4,62,24,0,24,86
09/14/2015,FSM,AR,ASW,CE,Combined TRACON& Tower with Radar,4,9,20,4,37,0,0,18,0,18,4,9,38,4,55,14,0,14,69
09/15/2015,FSM,AR,ASW,CE,Combined TRACON& Tower with Radar,4,7,33,13,57,0,2,18,0,20,4,9,51,13,77,26,12,38,115
09/16/2015,FSM,AR,ASW,CE,Combined TRACON& Tower with Radar,4,13,29,5,51,0,0,23,2,25,4,13,52,7,76,20,0,20,96
09/17/2015,FSM,AR,ASW,CE,Combined TRACON& Tower with Radar,3,12,23,2,40,0,0,21,0,21,3,12,44,2,61,0,0,0,61
09/18/2015,FSM,AR,ASW,CE,Combined TRACON& Tower with Radar,1,10,24,23,58,0,0,18,0,18,1,10,42,23,76,0,0,0,76
09/19/2015,FSM,AR,ASW,CE,Combined TRACON& Tower with Radar,4,6,11,0,21,0,0,22,3,25,4,6,33,3,46,96,0,96,142
09/20/2015,FSM,AR,ASW,CE,Combined TRACON& Tower with Radar,2,12,21,0,35,0,0,6,0,6,2,12,27,0,41,0,0,0,41
09/21/2015,FSM,AR,ASW,CE,Combined TRACON& Tower with Radar,6,9,18,6,39,0,1,15,0,16,6,10,33,6,55,14,8,22,77
09/22/2015,FSM,AR,ASW,CE,Combined TRACON& Tower with Radar,4,7,25,26,62,0,0,22,0,22,4,7,47,26,84,6,16,22,106
09/23/2015,FSM,AR,ASW,CE,Combined TRACON& Tower with Radar,4,7,17,15,43,0,2,26,5,33,4,9,43,20,76,28,18,46,122
09/24/2015,FSM,AR,ASW,CE,Combined TRACON& Tower with Radar,4,7,13,27,51,0,0,9,4,13,4,7,22,31,64,8,20,28,92
09/25/2015,FSM,AR,ASW,CE,Combined TRACON& Tower with Radar,4,9,17,9,39,0,0,36,0,36,4,9,53,9,75,24,22,46,121
09/26/2015,FSM,AR,ASW,CE,Combined TRACON& Tower with Radar,4,5,3,13,25,0,1,19,8,28,4,6,22,21,53,6,30,36,89
09/27/2015,FSM,AR,ASW,CE,Combined TRACON& Tower with Radar,2,12,14,8,36,0,1,21,0,22,2,13,35,8,58,0,14,14,72
09/28/2015,FSM,AR,ASW,CE,Combined TRACON& Tower with Radar,4,7,23,1,35,0,2,21,0,23,4,9,44,1,58,10,0,10,68
09/29/2015,FSM,AR,ASW,CE,Combined TRACON& Tower with Radar,4,9,20,18,51,0,0,22,7,29,4,9,42,25,80,22,90,112,192
09/30/2015,FSM,AR,ASW,CE,Combined TRACON& Tower with Radar,4,12,24,22,62,0,1,10,0,11,4,13,34,22,73,28,10,38,111
10/01/2015,FSM,AR,ASW,CE,Combined TRACON& Tower with Radar,4,12,16,7,39,0,2,17,5,24,4,14,33,12,63,88,8,96,159
10/02/2015,FSM,AR,ASW,CE,Combined TRACON& Tower with Radar,4,8,14,0,26,0,0,21,2,23,4,8,35,2,49,6,0,6,55
10/03/2015,FSM,AR,ASW,CE,Combined TRACON& Tower with Radar,4,5,15,4,28,0,0,28,0,28,4,5,43,4,56,0,0,0,56
10/04/2015,FSM,AR,ASW,CE,Combined TRACON& Tower with Radar,4,9,23,4,40,0,0,17,6,23,4,9,40,10,63,34,24,58,121
10/05/2015,FSM,AR,ASW,CE,Combined TRACON& Tower with Radar,3,9,26,30,68,0,1,18,1,20,3,10,44,31,88,134,20,154,242
10/06/2015,FSM,AR,ASW,CE,Combined TRACON& Tower with Radar,4,7,27,36,74,0,1,16,3,20,4,8,43,39,94,86,46,132,226
10/07/2015,FSM,AR,ASW,CE,Combined TRACON& Tower with Radar,4,9,35,5,53,0,0,23,3,26,4,9,58,8,79,8,4,12,91
10/08/2015,FSM,AR,ASW,CE,Combined TRACON& Tower with Radar,4,9,22,12,47,0,1,19,1,21,4,10,41,13,68,12,0,12,80
10/09/2015,FSM,AR,ASW,CE,Combined TRACON& Tower with Radar,4,10,15,17,46,0,0,9,0,9,4,10,24,17,55,12,0,12,67
10/10/2015,FSM,AR,ASW,CE,Combined TRACON& Tower with Radar,6,5,10,0,21,0,1,27,0,28,6,6,37,0,49,30,0,30,79
10/11/2015,FSM,AR,ASW,CE,Combined TRACON& Tower with Radar,2,15,25,3,45,0,0,28,1,29,2,15,53,4,74,26,0,26,100
10/12/2015,FSM,AR,ASW,CE,Combined TRACON& Tower with Radar,4,7,11,0,22,0,2,27,0,29,4,9,38,0,51,96,0,96,147
10/13/2015,FSM,AR,ASW,CE,Combined TRACON& Tower with Radar,4,11,12,60,87,0,1,30,5,36,4,12,42,65,123,76,104,180,303
10/14/2015,FSM,AR,ASW,CE,Combined TRACON& Tower with Radar,4,8,14,30,56,0,3,18,1,22,4,11,32,31,78,2,12,14,92
10/15/2015,FSM,AR,ASW,CE,Combined TRACON& Tower with Radar,4,7,11,28,50,0,0,15,5,20,4,7,26,33,70,34,18,52,122
10/16/2015,FSM,AR,ASW,CE,Combined TRACON& Tower with Radar,4,9,25,0,38,0,1,28,0,29,4,10,53,0,67,32,0,32,99
10/17/2015,FSM,AR,ASW,CE,Combined TRACON& Tower with Radar,4,5,16,0,25,0,5,24,0,29,4,10,40,0,54,0,0,0,54
10/18/2015,FSM,AR,ASW,CE,Combined TRACON& Tower with Radar,2,11,21,6,40,0,1,37,0,38,2,12,58,6,78,78,18,96,174
10/19/2015,FSM,AR,ASW,CE,Combined TRACON& Tower with Radar,4,8,13,12,37,0,0,23,0,23,4,8,36,12,60,0,0,0,60
10/20/2015,FSM,AR,ASW,CE,Combined TRACON& Tower with Radar,4,11,12,21,48,0,1,14,5,20,4,12,26,26,68,22,32,54,122
10/21/2015,FSM,AR,ASW,CE,Combined TRACON& Tower with Radar,3,9,19,8,39,0,0,16,1,17,3,9,35,9,56,4,26,30,86
10/22/2015,FSM,AR,ASW,CE,Combined TRACON& Tower with Radar,4,7,33,38,82,0,2,23,2,27,4,9,56,40,109,10,0,10,119
10/23/2015,FSM,AR,ASW,CE,Combined TRACON& Tower with Radar,4,0,11,6,21,0,0,2,0,2,4,0,13,6,23,20,0,20,43
10/24/2015,FSM,AR,ASW,CE,Combined TRACON& Tower with Radar,4,4,16,0,24,0,1,0,0,1,4,5,16,0,25,0,0,0,25
10/25/2015,FSM,AR,ASW,CE,Combined TRACON& Tower with Radar,4,9,32,4,49,0,0,16,0,16,4,9,48,4,65,12,0,12,77
10/26/2015,FSM,AR,ASW,CE,Combined TRACON& Tower with Radar,4,9,14,16,43,0,0,19,0,19,4,9,33,16,62,38,2,40,102
10/27/2015,FSM,AR,ASW,CE,Combined TRACON& Tower with Radar,4,6,30,4,44,0,0,0,0,0,4,6,30,4,44,10,0,10,54
10/28/2015,FSM,AR,ASW,CE,Combined TRACON& Tower with Radar,4,8,21,6,39,0,0,13,0,13,4,8,34,6,52,36,6,42,94
10/29/2015,FSM,AR,ASW,CE,Combined TRACON& Tower with Radar,2,14,27,6,49,0,0,23,8,31,2,14,50,14,80,6,12,18,98
10/30/2015,FSM,AR,ASW,CE,Combined TRACON& Tower with Radar,4,11,9,10,34,0,0,14,2,16,4,11,23,12,50,20,0,20,70
10/31/2015,FSM,AR,ASW,CE,Combined TRACON& Tower with Radar,4,4,3,2,13,0,0,2,0,2,4,4,5,2,15,6,0,6,21
11/01/2015,FSM,AR,ASW,CE,Combined TRACON& Tower with Radar,3,15,17,0,35,0,0,13,0,13,3,15,30,0,48,0,0,0,48
11/02/2015,FSM,AR,ASW,CE,Combined TRACON& Tower with Radar,4,9,15,33,61,0,1,15,2,18,4,10,30,35,79,24,4,28,107
11/03/2015,FSM,AR,ASW,CE,Combined TRACON& Tower with Radar,2,11,18,40,71,0,0,9,0,9,2,11,27,40,80,0,20,20,100
11/04/2015,FSM,AR,ASW,CE,Combined TRACON& Tower with Radar,4,7,27,48,86,0,0,24,1,25,4,7,51,49,111,38,64,102,213
11/05/2015,FSM,AR,ASW,CE,Combined TRACON& Tower with Radar,3,5,13,0,21,0,0,0,0,0,3,5,13,0,21,0,0,0,21
11/06/2015,FSM,AR,ASW,CE,Combined TRACON& Tower with Radar,5,10,16,36,67,0,2,37,7,46,5,12,53,43,113,6,78,84,197
11/07/2015,FSM,AR,ASW,CE,Combined TRACON& Tower with Radar,4,6,27,17,54,0,0,38,5,43,4,6,65,22,97,24,20,44,141
11/08/2015,FSM,AR,ASW,CE,Combined TRACON& Tower with Radar,4,7,16,0,27,0,0,36,5,41,4,7,52,5,68,36,0,36,104
11/09/2015,FSM,AR,ASW,CE,Combined TRACON& Tower with Radar,4,10,23,43,80,0,0,23,3,26,4,10,46,46,106,48,30,78,184
11/10/2015,FSM,AR,ASW,CE,Combined TRACON& Tower with Radar,4,6,24,39,73,0,2,20,3,25,4,8,44,42,98,4,22,26,124
11/11/2015,FSM,AR,ASW,CE,Combined TRACON& Tower with Radar,4,13,25,0,42,0,0,0,0,0,4,13,25,0,42,0,0,0,42
11/12/2015,FSM,AR,ASW,CE,Combined TRACON& Tower with Radar,4,14,19,1,38,0,1,14,3,18,4,15,33,4,56,66,0,66,122
11/13/2015,FSM,AR,ASW,CE,Combined TRACON& Tower with Radar,4,12,25,6,47,0,1,29,1,31,4,13,54,7,78,8,22,30,108
11/14/2015,FSM,AR,ASW,CE,Combined TRACON& Tower with Radar,4,6,8,1,19,0,2,32,1,35,4,8,40,2,54,18,0,18,72
11/15/2015,FSM,AR,ASW,CE,Combined TRACON& Tower with Radar,4,7,19,5,35,0,0,12,1,13,4,7,31,6,48,0,0,0,48
11/16/2015,FSM,AR,ASW,CE,Combined TRACON& Tower with Radar,4,8,12,1,25,0,0,0,0,0,4,8,12,1,25,0,0,0,25
11/17/2015,FSM,AR,ASW,CE,Combined TRACON& Tower with Radar,4,9,9,23,45,0,0,0,1,1,4,9,9,24,46,0,54,54,100
11/18/2015,FSM,AR,ASW,CE,Combined TRACON& Tower with Radar,4,8,18,35,65,0,2,13,2,17,4,10,31,37,82,26,46,72,154
11/19/2015,FSM,AR,ASW,CE,Combined TRACON& Tower with Radar,4,7,21,8,40,0,3,22,2,27,4,10,43,10,67,12,4,16,83
11/20/2015,FSM,AR,ASW,CE,Combined TRACON& Tower with Radar,4,8,25,9,46,0,3,27,1,31,4,11,52,10,77,0,12,12,89
11/21/2015,FSM,AR,ASW,CE,Combined TRACON& Tower with Radar,3,5,4,0,12,0,0,1,0,1,3,5,5,0,13,0,0,0,13
11/22/2015,FSM,AR,ASW,CE,Combined TRACON& Tower with Radar,4,9,18,5,36,0,0,31,2,33,4,9,49,7,69,38,0,38,107
11/23/2015,FSM,AR,ASW,CE,Combined TRACON& Tower with Radar,4,9,13,49,75,0,2,24,0,26,4,11,37,49,101,54,56,110,211
11/24/2015,FSM,AR,ASW,CE,Combined TRACON& Tower with Radar,4,8,14,14,40,0,2,26,0,28,4,10,40,14,68,50,24,74,142
11/25/2015,FSM,AR,ASW,CE,Combined TRACON& Tower with Radar,4,7,21,15,47,0,3,6,0,9,4,10,27,15,56,0,48,48,104
11/26/2015,FSM,AR,ASW,CE,Combined TRACON& Tower with Radar,2,3,2,0,7,0,0,0,0,0,2,3,2,0,7,0,0,0,7
11/27/2015,FSM,AR,ASW,CE,Combined TRACON& Tower with Radar,2,7,5,0,14,0,0,0,0,0,2,7,5,0,14,0,0,0,14
11/28/2015,FSM,AR,ASW,CE,Combined TRACON& Tower with Radar,4,4,6,0,14,0,0,1,0,1,4,4,7,0,15,0,0,0,15
11/29/2015,FSM,AR,ASW,CE,Combined TRACON& Tower with Radar,6,6,6,0,18,0,0,0,0,0,6,6,6,0,18,0,0,0,18
11/30/2015,FSM,AR,ASW,CE,Combined TRACON& Tower with Radar,4,10,11,4,29,0,0,0,0,0,4,10,11,4,29,0,0,0,29
12/01/2015,FSM,AR,ASW,CE,Combined TRACON& Tower with Radar,4,7,19,18,48,0,0,18,0,18,4,7,37,18,66,32,28,60,126
12/02/2015,FSM,AR,ASW,CE,Combined TRACON& Tower with Radar,4,6,16,15,41,0,0,22,2,24,4,6,38,17,65,4,24,28,93
12/03/2015,FSM,AR,ASW,CE,Combined TRACON& Tower with Radar,4,7,27,34,72,0,0,32,1,33,4,7,59,35,105,28,60,88,193
12/04/2015,FSM,AR,ASW,CE,Combined TRACON& Tower with Radar,4,7,20,44,75,0,7,40,1,48,4,14,60,45,123,42,46,88,211
12/05/2015,FSM,AR,ASW,CE,Combined TRACON& Tower with Radar,4,5,16,0,25,0,1,46,0,47,4,6,62,0,72,0,0,0,72
12/06/2015,FSM,AR,ASW,CE,Combined TRACON& Tower with Radar,4,9,22,9,44,0,0,27,4,31,4,9,49,13,75,16,0,16,91
12/07/2015,FSM,AR,ASW,CE,Combined TRACON& Tower with Radar,4,7,29,38,78,0,1,15,5,21,4,8,44,43,99,0,6,6,105
12/08/2015,FSM,AR,ASW,CE,Combined TRACON& Tower with Radar,4,13,27,8,52,0,0,24,1,25,4,13,51,9,77,22,0,22,99
12/09/2015,FSM,AR,ASW,CE,Combined TRACON& Tower with Radar,4,8,41,42,95,0,3,17,10,30,4,11,58,52,125,46,20,66,191
12/10/2015,FSM,AR,ASW,CE,Combined TRACON& Tower with Radar,4,9,25,40,78,0,5,17,1,23,4,14,42,41,101,4,40,44,145
12/11/2015,FSM,AR,ASW,CE,Combined TRACON& Tower with Radar,4,16,15,14,49,0,0,13,0,13,4,16,28,14,62,0,18,18,80
12/12/2015,FSM,AR,ASW,CE,Combined TRACON& Tower with Radar,3,5,7,2,17,0,0,11,0,11,3,5,18,2,28,32,0,32,60
12/13/2015,FSM,AR,ASW,CE,Combined TRACON& Tower with Radar,4,9,8,0,21,0,0,0,0,0,4,9,8,0,21,0,0,0,21
12/14/2015,FSM,AR,ASW,CE,Combined TRACON& Tower with Radar,4,11,14,23,52,0,2,6,7,15,4,13,20,30,67,14,26,40,107
12/15/2015,FSM,AR,ASW,CE,Combined TRACON& Tower with Radar,4,8,16,47,75,0,1,23,9,33,4,9,39,56,108,10,78,88,196
12/16/2015,FSM,AR,ASW,CE,Combined TRACON& Tower with Radar,4,8,25,52,89,0,2,22,5,29,4,10,47,57,118,18,8,26,144
12/17/2015,FSM,AR,ASW,CE,Combined TRACON& Tower with Radar,4,9,22,19,54,0,0,14,1,15,4,9,36,20,69,32,84,116,185
12/18/2015,FSM,AR,ASW,CE,Combined TRACON& Tower with Radar,5,9,34,3,51,0,0,42,1,43,5,9,76,4,94,10,0,10,104
12/19/2015,FSM,AR,ASW,CE,Combined TRACON& Tower with Radar,0,9,10,6,25,0,0,56,1,57,0,9,66,7,82,26,0,26,108
12/20/2015,FSM,AR,ASW,CE,Combined TRACON& Tower with Radar,0,14,11,0,25,0,1,14,0,15,0,15,25,0,40,52,0,52,92
12/21/2015,FSM,AR,ASW,CE,Combined TRACON& Tower with Radar,0,10,20,23,53,0,0,20,1,21,0,10,40,24,74,18,62,80,154
12/22/2015,FSM,AR,ASW,CE,Combined TRACON& Tower with Radar,0,20,25,28,73,0,3,20,2,25,0,23,45,30,98,56,18,74,172
12/23/2015,FSM,AR,ASW,CE,Combined TRACON& Tower with Radar,0,13,9,0,22,0,1,8,0,9,0,14,17,0,31,10,0,10,41
12/24/2015,FSM,AR,ASW,CE,Combined TRACON& Tower with Radar,0,9,5,0,14,0,0,23,0,23,0,9,28,0,37,0,0,0,37
12/25/2015,FSM,AR,ASW,CE,Combined TRACON& Tower with Radar,0,11,5,0,16,0,0,8,0,8,0,11,13,0,24,0,0,0,24
12/26/2015,FSM,AR,ASW,CE,Combined TRACON& Tower with Radar,0,13,7,0,20,0,0,0,0,0,0,13,7,0,20,0,0,0,20
12/27/2015,FSM,AR,ASW,CE,Combined TRACON& Tower with Radar,0,7,7,0,14,0,0,0,0,0,0,7,7,0,14,0,0,0,14
12/28/2015,FSM,AR,ASW,CE,Combined TRACON& Tower with Radar,0,16,9,3,28,0,0,0,0,0,0,16,9,3,28,0,0,0,28
12/29/2015,FSM,AR,ASW,CE,Combined TRACON& Tower with Radar,0,11,15,0,26,0,0,1,0,1,0,11,16,0,27,18,0,18,45
12/30/2015,FSM,AR,ASW,CE,Combined TRACON& Tower with Radar,0,11,19,8,38,0,0,20,0,20,0,11,39,8,58,48,10,58,116
12/31/2015,FSM,AR,ASW,CE,Combined TRACON& Tower with Radar,0,9,20,0,29,0,0,34,0,34,0,9,54,0,63,36,0,36,99
01/01/2016,FSM,AR,ASW,CE,Combined TRACON& Tower with Radar,0,11,11,0,22,0,1,35,1,37,0,12,46,1,59,8,0,8,67
01/02/2016,FSM,AR,ASW,CE,Combined TRACON& Tower with Radar,0,11,8,0,19,0,0,24,0,24,0,11,32,0,43,12,0,12,55
01/03/2016,FSM,AR,ASW,CE,Combined TRACON& Tower with Radar,0,13,15,0,28,0,1,24,0,25,0,14,39,0,53,0,0,0,53
01/04/2016,FSM,AR,ASW,CE,Combined TRACON& Tower with Radar,0,14,16,0,30,0,1,11,0,12,0,15,27,0,42,66,0,66,108
01/05/2016,FSM,AR,ASW,CE,Combined TRACON& Tower with Radar,5,6,13,22,46,0,2,36,6,44,5,8,49,28,90,92,24,116,206
01/06/2016,FSM,AR,ASW,CE,Combined TRACON& Tower with Radar,6,7,12,99,124,0,4,12,3,19,6,11,24,102,143,8,80,88,231
01/07/2016,FSM,AR,ASW,CE,Combined TRACON& Tower with Radar,5,9,17,27,58,0,0,0,0,0,5,9,17,27,58,0,0,0,58
01/08/2016,FSM,AR,ASW,CE,Combined TRACON& Tower with Radar,5,7,16,17,45,0,0,0,0,0,5,7,16,17,45,0,0,0,45
01/09/2016,FSM,AR,ASW,CE,Combined TRACON& Tower with Radar,3,5,8,0,16,0,0,0,0,0,3,5,8,0,16,0,0,0,16
01/10/2016,FSM,AR,ASW,CE,Combined TRACON& Tower with Radar,4,6,7,2,19,0,0,15,0,15,4,6,22,2,34,30,0,30,64
01/11/2016,FSM,AR,ASW,CE,Combined TRACON& Tower with Radar,6,7,21,21,55,0,2,20,1,23,6,9,41,22,78,0,76,76,154
01/12/2016,FSM,AR,ASW,CE,Combined TRACON& Tower with Radar,5,13,28,23,69,0,2,16,5,23,5,15,44,28,92,14,28,42,134
01/13/2016,FSM,AR,ASW,CE,Combined TRACON& Tower with Radar,6,10,25,27,68,0,1,39,5,45,6,11,64,32,113,26,28,54,167
01/14/2016,FSM,AR,ASW,CE,Combined TRACON& Tower with Radar,5,5,20,12,42,0,3,16,0,19,5,8,36,12,61,34,40,74,135
01/15/2016,FSM,AR,ASW,CE,Combined TRACON& Tower with Radar,3,7,25,63,98,0,0,25,3,28,3,7,50,66,126,0,58,58,184
01/16/2016,FSM,AR,ASW,CE,Combined TRACON& Tower with Radar,3,6,18,0,27,0,0,31,0,31,3,6,49,0,58,0,0,0,58
01/17/2016,FSM,AR,ASW,CE,Combined TRACON& Tower with Radar,4,6,11,0,21,0,3,10,0,13,4,9,21,0,34,52,0,52,86
01/18/2016,FSM,AR,ASW,CE,Combined TRACON& Tower with Radar,6,6,25,4,41,0,0,22,0,22,6,6,47,4,63,30,0,30,93
01/19/2016,FSM,AR,ASW,CE,Combined TRACON& Tower with Radar,4,8,17,28,57,0,0,3,1,4,4,8,20,29,61,0,18,18,79
01/20/2016,FSM,AR,ASW,CE,Combined TRACON& Tower with Radar,5,9,16,26,56,0,0,0,0,0,5,9,16,26,56,0,0,0,56
01/21/2016,FSM,AR,ASW,CE,Combined TRACON& Tower with Radar,6,5,9,2,22,0,0,0,0,0,6,5,9,2,22,0,0,0,22
01/22/2016,FSM,AR,ASW,CE,Combined TRACON& Tower with Radar,5,7,22,5,39,0,0,11,0,11,5,7,33,5,50,12,10,22,72
01/23/2016,FSM,AR,ASW,CE,Combined TRACON& Tower with Radar,3,8,13,0,24,0,0,28,0,28,3,8,41,0,52,8,0,8,60
01/24/2016,FSM,AR,ASW,CE,Combined TRACON& Tower with Radar,4,6,21,18,49,0,0,31,0,31,4,6,52,18,80,40,20,60,140
01/25/2016,FSM,AR,ASW,CE,Combined TRACON& Tower with Radar,7,7,15,32,61,0,3,5,7,15,7,10,20,39,76,0,54,54,130
01/26/2016,FSM,AR,ASW,CE,Combined TRACON& Tower with Radar,6,8,27,27,68,0,1,22,2,25,6,9,49,29,93,18,72,90,183
01/27/2016,FSM,AR,ASW,CE,Combined TRACON& Tower with Radar,6,6,23,60,95,0,0,25,1,26,6,6,48,61,121,16,86,102,223
01/28/2016,FSM,AR,ASW,CE,Combined TRACON& Tower with Radar,6,11,26,36,79,0,0,36,2,38,6,11,62,38,117,0,0,0,117
01/29/2016,FSM,AR,ASW,CE,Combined TRACON& Tower with Radar,6,5,13,10,34,0,2,55,10,67,6,7,68,20,101,0,0,0,101
01/30/2016,FSM,AR,ASW,CE,Combined TRACON& Tower with Radar,3,7,12,4,26,0,0,56,0,56,3,7,68,4,82,0,0,0,82
01/31/2016,FSM,AR,ASW,CE,Combined TRACON& Tower with Radar,4,8,9,1,22,0,0,13,0,13,4,8,22,1,35,0,0,0,35
02/01/2016,FSM,AR,ASW,CE,Combined TRACON& Tower with Radar,5,7,19,35,66,0,1,16,1,18,5,8,35,36,84,0,6,6,90
02/02/2016,FSM,AR,ASW,CE,Combined TRACON& Tower with Radar,5,5,9,38,57,0,0,1,5,6,5,5,10,43,63,0,34,34,97
02/03/2016,FSM,AR,ASW,CE,Combined TRACON& Tower with Radar,6,8,26,36,76,0,2,18,4,24,6,10,44,40,100,16,40,56,156
02/04/2016,FSM,AR,ASW,CE,Combined TRACON& Tower with Radar,6,7,28,10,51,0,0,30,9,39,6,7,58,19,90,40,18,58,148
02/05/2016,FSM,AR,ASW,CE,Combined TRACON& Tower with Radar,5,7,28,5,45,0,2,28,0,30,5,9,56,5,75,24,24,48,123
02/06/2016,FSM,AR,ASW,CE,Combined TRACON& Tower with Radar,3,5,12,4,24,0,0,38,0,38,3,5,50,4,62,0,0,0,62
02/07/2016,FSM,AR,ASW,CE,Combined TRACON& Tower with Radar,4,5,13,4,26,0,3,25,2,30,4,8,38,6,56,0,0,0,56
02/08/2016,FSM,AR,ASW,CE,Combined TRACON& Tower with Radar,3,7,13,16,39,0,0,5,1,6,3,7,18,17,45,0,0,0,45
02/09/2016,FSM,AR,ASW,CE,Combined TRACON& Tower with Radar,4,7,13,42,66,0,0,18,3,21,4,7,31,45,87,0,36,36,123
02/10/2016,FSM,AR,ASW,CE,Combined TRACON& Tower with Radar,5,8,26,42,81,0,1,26,2,29,5,9,52,44,110,28,44,72,182
02/11/2016,FSM,AR,ASW,CE,Combined TRACON& Tower with Radar,5,8,27,48,88,0,1,35,26,62,5,9,62,74,150,0,0,0,150
02/12/2016,FSM,AR,ASW,CE,Combined TRACON& Tower with Radar,4,7,29,16,56,0,0,35,1,36,4,7,64,17,92,15,0,15,107
02/13/2016,FSM,AR,ASW,CE,Combined TRACON& Tower with Radar,4,9,12,0,25,0,1,29,0,30,4,10,41,0,55,8,0,8,63
02/14/2016,FSM,AR,ASW,CE,Combined TRACON& Tower with Radar,6,6,16,0,28,0,0,0,0,0,6,6,16,0,28,0,0,0,28
02/15/2016,FSM,AR,ASW,CE,Combined TRACON& Tower with Radar,5,6,13,4,28,0,0,10,0,10,5,6,23,4,38,0,0,0,38
02/16/2016,FSM,AR,ASW,CE,Combined TRACON& Tower with Radar,6,8,22,52,88,0,1,16,10,27,6,9,38,62,115,8,18,26,141
02/17/2016,FSM,AR,ASW,CE,Combined TRACON& Tower with Radar,6,8,19,42,75,0,0,35,0,35,6,8,54,42,110,28,12,40,150
02/18/2016,FSM,AR,ASW,CE,Combined TRACON& Tower with Radar,6,6,21,15,48,0,1,13,8,22,6,7,34,23,70,0,0,0,70
02/19/2016,FSM,AR,ASW,CE,Combined TRACON& Tower with Radar,6,7,24,24,61,0,0,10,9,19,6,7,34,33,80,34,58,92,172
02/20/2016,FSM,AR,ASW,CE,Combined TRACON& Tower with Radar,4,8,30,3,45,0,0,37,0,37,4,8,67,3,82,22,0,22,104
02/21/2016,FSM,AR,ASW,CE,Combined TRACON& Tower with Radar,6,6,25,0,37,0,1,12,0,13,6,7,37,0,50,50,0,50,100
02/22/2016,FSM,AR,ASW,CE,Combined TRACON& Tower with Radar,6,7,27,13,53,0,2,24,5,31,6,9,51,18,84,10,4,14,98
02/23/2016,FSM,AR,ASW,CE,Combined TRACON& Tower with Radar,6,7,17,15,45,0,0,1,0,1,6,7,18,15,46,0,0,0,46
02/24/2016,FSM,AR,ASW,CE,Combined TRACON& Tower with Radar,5,7,29,18,59,0,2,20,0,22,5,9,49,18,81,0,38,38,119
02/25/2016,FSM,AR,ASW,CE,Combined TRACON& Tower with Radar,6,7,11,50,74,0,0,7,1,8,6,7,18,51,82,8,22,30,112
02/26/2016,FSM,AR,ASW,CE,Combined TRACON& Tower with Radar,5,5,37,23,70,0,1,30,5,36,5,6,67,28,106,24,18,42,148
02/27/2016,FSM,AR,ASW,CE,Combined TRACON& Tower with Radar,6,5,22,2,35,0,3,35,2,40,6,8,57,4,75,96,0,96,171
02/28/2016,FSM,AR,ASW,CE,Combined TRACON& Tower with Radar,6,5,13,0,24,0,0,7,0,7,6,5,20,0,31,0,0,0,31
02/29/2016,FSM,AR,ASW,CE,Combined TRACON& Tower with Radar,6,5,17,47,75,0,0,23,1,24,6,5,40,48,99,42,0,42,141
03/01/2016,FSM,AR,ASW,CE,Combined TRACON& Tower with Radar,6,6,19,42,73,0,1,10,10,21,6,7,29,52,94,2,56,58,152
03/02/2016,FSM,AR,ASW,CE,Combined TRACON& Tower with Radar,6,7,14,54,81,0,0,57,0,57,6,7,71,54,138,30,14,44,182
03/03/2016,FSM,AR,ASW,CE,Combined TRACON& Tower with Radar,6,5,23,29,63,0,0,36,3,39,6,5,59,32,102,40,10,50,152
03/04/2016,FSM,AR,ASW,CE,Combined TRACON& Tower with Radar,7,4,22,33,66,0,1,50,12,63,7,5,72,45,129,8,0,8,137
03/05/2016,FSM,AR,ASW,CE,Combined TRACON& Tower with Radar,5,3,7,3,18,0,1,42,0,43,5,4,49,3,61,124,2,126,187
03/06/2016,FSM,AR,ASW,CE,Combined TRACON& Tower with Radar,6,5,11,4,26,0,0,14,0,14,6,5,25,4,40,0,0,0,40
03/07/2016,FSM,AR,ASW,CE,Combined TRACON& Tower with Radar,8,7,18,22,55,0,0,6,5,11,8,7,24,27,66,0,18,18,84
03/08/2016,FSM,AR,ASW,CE,Combined TRACON& Tower with Radar,6,5,7,0,18,0,0,1,0,1,6,5,8,0,19,0,0,0,19
03/09/2016,FSM,AR,ASW,CE,Combined TRACON& Tower with Radar,7,5,13,0,25,0,0,2,0,2,7,5,15,0,27,0,0,0,27
03/10/2016,FSM,AR,ASW,CE,Combined TRACON& Tower with Radar,6,6,5,0,17,0,0,0,0,0,6,6,5,0,17,0,0,0,17
03/11/2016,FSM,AR,ASW,CE,Combined TRACON& Tower with Radar,7,5,21,5,38,0,0,2,0,2,7,5,23,5,40,10,0,10,50
03/12/2016,FSM,AR,ASW,CE,Combined TRACON& Tower with Radar,7,6,26,3,42,0,0,0,0,0,7,6,26,3,42,22,0,22,64
03/13/2016,FSM,AR,ASW,CE,Combined TRACON& Tower with Radar,6,6,6,1,19,0,0,2,0,2,6,6,8,1,21,0,0,0,21
03/14/2016,FSM,AR,ASW,CE,Combined TRACON& Tower with Radar,7,5,26,24,62,0,1,40,3,44,7,6,66,27,106,32,12,44,150
03/15/2016,FSM,AR,ASW,CE,Combined TRACON& Tower with Radar,7,4,17,22,50,0,1,33,7,41,7,5,50,29,91,66,52,118,209
03/16/2016,FSM,AR,ASW,CE,Combined TRACON& Tower with Radar,6,7,36,49,98,0,2,51,3,56,6,9,87,52,154,60,112,172,326
03/17/2016,FSM,AR,ASW,CE,Combined TRACON& Tower with Radar,6,8,14,23,51,0,1,30,7,38,6,9,44,30,89,48,52,100,189
03/18/2016,FSM,AR,ASW,CE,Combined TRACON& Tower with Radar,7,9,27,8,51,0,0,0,0,0,7,9,27,8,51,34,24,58,109
03/19/2016,FSM,AR,ASW,CE,Combined TRACON& Tower with Radar,7,6,15,6,34,0,0,31,2,33,7,6,46,8,67,0,0,0,67
03/20/2016,FSM,AR,ASW,CE,Combined TRACON& Tower with Radar,6,5,18,8,37,0,1,12,0,13,6,6,30,8,50,0,0,0,50
03/21/2016,FSM,AR,ASW,CE,Combined TRACON& Tower with Radar,8,4,14,46,72,0,1,25,3,29,8,5,39,49,101,64,76,140,241
03/22/2016,FSM,AR,ASW,CE,Combined TRACON& Tower with Radar,7,16,13,29,65,0,3,11,3,17,7,19,24,32,82,0,48,48,130
03/23/2016,FSM,AR,ASW,CE,Combined TRACON& Tower with Radar,6,5,9,18,38,0,0,2,0,2,6,5,11,18,40,10,0,10,50
03/24/2016,FSM,AR,ASW,CE,Combined TRACON& Tower with Radar,6,8,22,39,75,0,2,12,0,14,6,10,34,39,89,12,6,18,107
03/25/2016,FSM,AR,ASW,CE,Combined TRACON& Tower with Radar,4,5,29,29,67,0,0,37,1,38,4,5,66,30,105,54,38,92,197
03/26/2016,FSM,AR,ASW,CE,Combined TRACON& Tower with Radar,4,3,21,8,36,0,3,30,0,33,4,6,51,8,69,10,4,14,83
03/27/2016,FSM,AR,ASW,CE,Combined TRACON& Tower with Radar,3,5,13,7,28,0,0,11,0,11,3,5,24,7,39,22,4,26,65
03/28/2016,FSM,AR,ASW,CE,Combined TRACON& Tower with Radar,5,4,33,44,86,0,0,41,0,41,5,4,74,44,127,8,56,64,191
03/29/2016,FSM,AR,ASW,CE,Combined TRACON& Tower with Radar,5,4,25,78,112,0,1,14,9,24,5,5,39,87,136,28,46,74,210
03/30/2016,FSM,AR,ASW,CE,Combined TRACON& Tower with Radar,4,7,13,0,24,0,1,0,0,1,4,8,13,0,25,0,0,0,25
03/31/2016,FSM,AR,ASW,CE,Combined TRACON& Tower with Radar,5,4,22,31,62,0,2,30,27,59,5,6,52,58,121,40,48,88,209
04/01/2016,FSM,AR,ASW,CE,Combined TRACON& Tower with Radar,5,4,23,45,77,0,0,19,8,27,5,4,42,53,104,28,22,50,154
04/02/2016,FSM,AR,ASW,CE,Combined TRACON& Tower with Radar,6,4,17,3,30,0,1,64,7,72,6,5,81,10,102,26,0,26,128
04/03/2016,FSM,AR,ASW,CE,Combined TRACON& Tower with Radar,7,5,16,8,36,0,1,27,8,36,7,6,43,16,72,52,0,52,124
04/04/2016,FSM,AR,ASW,CE,Combined TRACON& Tower with Radar,6,5,15,38,64,0,1,34,3,38,6,6,49,41,102,70,26,96,198
04/05/2016,FSM,AR,ASW,CE,Combined TRACON& Tower with Radar,7,6,16,32,61,0,1,35,2,38,7,7,51,34,99,61,68,129,228
04/06/2016,FSM,AR,ASW,CE,Combined TRACON& Tower with Radar,7,5,32,30,74,0,0,3,12,15,7,5,35,42,89,22,48,70,159
04/07/2016,FSM,AR,ASW,CE,Combined TRACON& Tower with Radar,7,7,27,21,62,0,2,31,15,48,7,9,58,36,110,52,32,84,194
04/08/2016,FSM,AR,ASW,CE,Combined TRACON& Tower with Radar,7,4,26,26,63,0,1,36,15,52,7,5,62,41,115,0,0,0,115
04/09/2016,FSM,AR,ASW,CE,Combined TRACON& Tower with Radar,5,6,19,9,39,0,1,27,0,28,5,7,46,9,67,22,4,26,93
04/10/2016,FSM,AR,ASW,CE,Combined TRACON& Tower with Radar,7,4,13,0,24,0,0,8,0,8,7,4,21,0,32,6,0,6,38
04/11/2016,FSM,AR,ASW,CE,Combined TRACON& Tower with Radar,6,10,19,11,46,0,0,0,0,0,6,10,19,11,46,0,0,0,46
04/12/2016,FSM,AR,ASW,CE,Combined TRACON& Tower with Radar,7,5,19,41,72,0,5,41,3,49,7,10,60,44,121,34,36,70,191
04/13/2016,FSM,AR,ASW,CE,Combined TRACON& Tower with Radar,7,4,16,76,103,0,2,28,7,37,7,6,44,83,140,56,32,88,228
04/14/2016,FSM,AR,ASW,CE,Combined TRACON& Tower with Radar,6,5,19,33,63,0,4,18,6,28,6,9,37,39,91,0,1,1,92
04/15/2016,FSM,AR,ASW,CE,Combined TRACON& Tower with Radar,7,5,25,10,47,0,0,24,0,24,7,5,49,10,71,26,0,26,97
04/16/2016,FSM,AR,ASW,CE,Combined TRACON& Tower with Radar,5,5,20,2,32,0,0,1,0,1,5,5,21,2,33,0,0,0,33
04/17/2016,FSM,AR,ASW,CE,Combined TRACON& Tower with Radar,6,3,11,0,20,0,0,2,0,2,6,3,13,0,22,0,0,0,22
04/18/2016,FSM,AR,ASW,CE,Combined TRACON& Tower with Radar,7,11,15,32,65,0,0,4,0,4,7,11,19,32,69,0,0,0,69
04/19/2016,FSM,AR,ASW,CE,Combined TRACON& Tower with Radar,7,7,20,28,62,0,0,0,0,0,7,7,20,28,62,0,0,0,62
04/20/2016,FSM,AR,ASW,CE,Combined TRACON& Tower with Radar,8,5,24,14,51,0,1,6,4,11,8,6,30,18,62,0,0,0,62
04/21/2016,FSM,AR,ASW,CE,Combined TRACON& Tower with Radar,6,10,25,31,72,0,0,31,3,34,6,10,56,34,106,52,32,84,190
04/22/2016,FSM,AR,ASW,CE,Combined TRACON& Tower with Radar,8,4,23,38,73,0,2,23,0,25,8,6,46,38,98,25,0,25,123
04/23/2016,FSM,AR,ASW,CE,Combined TRACON& Tower with Radar,7,7,12,10,36,0,3,52,0,55,7,10,64,10,91,28,0,28,119
04/24/2016,FSM,AR,ASW,CE,Combined TRACON& Tower with Radar,6,6,14,12,38,0,0,22,2,24,6,6,36,14,62,0,0,0,62
04/25/2016,FSM,AR,ASW,CE,Combined TRACON& Tower with Radar,7,9,24,20,60,0,1,36,2,39,7,10,60,22,99,6,58,64,163
04/26/2016,FSM,AR,ASW,CE,Combined TRACON& Tower with Radar,8,8,35,26,77,0,0,4,1,5,8,8,39,27,82,50,0,50,132
04/27/2016,FSM,AR,ASW,CE,Combined TRACON& Tower with Radar,7,5,13,20,45,0,0,15,5,20,7,5,28,25,65,26,24,50,115
04/28/2016,FSM,AR,ASW,CE,Combined TRACON& Tower with Radar,7,5,23,25,60,0,3,39,8,50,7,8,62,33,110,26,0,26,136
04/29/2016,FSM,AR,ASW,CE,Combined TRACON& Tower with Radar,6,2,4,2,14,0,0,0,0,0,6,2,4,2,14,0,0,0,14
04/30/2016,FSM,AR,ASW,CE,Combined TRACON& Tower with Radar,5,4,9,5,23,0,0,1,3,4,5,4,10,8,27,0,0,0,27
05/01/2016,FSM,AR,ASW,CE,Combined TRACON& Tower with Radar,5,6,19,2,32,0,0,30,0,30,5,6,49,2,62,76,0,76,138
05/02/2016,FSM,AR,ASW,CE,Combined TRACON& Tower with Radar,5,7,18,6,36,0,1,11,0,12,5,8,29,6,48,10,0,10,58
05/03/2016,FSM,AR,ASW,CE,Combined TRACON& Tower with Radar,4,8,26,29,67,0,3,24,3,30,4,11,50,32,97,40,4,44,141
05/04/2016,FSM,AR,ASW,CE,Combined TRACON& Tower with Radar,5,7,22,22,56,0,2,26,3,31,5,9,48,25,87,14,15,29,116
05/05/2016,FSM,AR,ASW,CE,Combined TRACON& Tower with Radar,5,6,26,12,49,0,1,46,9,56,5,7,72,21,105,30,4,34,139
05/06/2016,FSM,AR,ASW,CE,Combined TRACON& Tower with Radar,5,6,26,33,70,0,0,32,0,32,5,6,58,33,102,102,30,132,234
05/07/2016,FSM,AR,ASW,CE,Combined TRACON& Tower with Radar,2,5,5,7,19,0,2,44,4,50,2,7,49,11,69,62,0,62,131
05/08/2016,FSM,AR,ASW,CE,Combined TRACON& Tower with Radar,6,7,18,5,36,0,1,11,1,13,6,8,29,6,49,38,0,38,87
05/09/2016,FSM,AR,ASW,CE,Combined TRACON& Tower with Radar,8,5,12,0,25,0,0,1,0,1,8,5,13,0,26,0,0,0,26
05/10/2016,FSM,AR,ASW,CE,Combined TRACON& Tower with Radar,7,9,15,34,65,0,6,22,7,35,7,15,37,41,100,52,76,128,228
05/11/2016,FSM,AR,ASW,CE,Combined TRACON& Tower with Radar,6,7,37,16,66,0,1,21,2,24,6,8,58,18,90,30,24,54,144
05/12/2016,FSM,AR,ASW,CE,Combined TRACON& Tower with Radar,5,8,22,34,69,0,2,20,10,32,5,10,42,44,101,6,14,20,121
05/13/2016,FSM,AR,ASW,CE,Combined TRACON& Tower with Radar,6,5,31,18,60,0,0,50,19,69,6,5,81,37,129,80,36,116,245
05/14/2016,FSM,AR,ASW,CE,Combined TRACON& Tower with Radar,4,4,12,9,29,0,2,41,2,45,4,6,53,11,74,24,18,42,116
05/15/2016,FSM,AR,ASW,CE,Combined TRACON& Tower with Radar,8,4,26,30,68,0,0,29,7,36,8,4,55,37,104,96,36,132,236
05/16/2016,FSM,AR,ASW,CE,Combined TRACON& Tower with Radar,6,7,22,16,51,0,1,4,0,5,6,8,26,16,56,0,0,0,56
05/17/2016,FSM,AR,ASW,CE,Combined TRACON& Tower with Radar,6,8,20,13,47,0,0,1,0,1,6,8,21,13,48,18,0,18,66
05/18/2016,FSM,AR,ASW,CE,Combined TRACON& Tower with Radar,6,7,30,13,56,0,0,16,0,16,6,7,46,13,72,18,14,32,104
05/19/2016,FSM,AR,ASW,CE,Combined TRACON& Tower with Radar,6,4,19,29,58,0,1,7,2,10,6,5,26,31,68,36,40,76,144
05/20/2016,FSM,AR,ASW,CE,Combined TRACON& Tower with Radar,6,6,34,7,53,0,0,10,0,10,6,6,44,7,63,0,22,22,85
05/21/2016,FSM,AR,ASW,CE,Combined TRACON& Tower with Radar,4,5,17,9,35,0,2,39,2,43,4,7,56,11,78,60,0,60,138
05/22/2016,FSM,AR,ASW,CE,Combined TRACON& Tower with Radar,6,4,23,6,39,0,1,34,0,35,6,5,57,6,74,14,10,24,98
05/23/2016,FSM,AR,ASW,CE,Combined TRACON& Tower with Radar,4,6,15,21,46,0,0,9,0,9,4,6,24,21,55,8,10,18,73
05/24/2016,FSM,AR,ASW,CE,Combined TRACON& Tower with Radar,6,8,16,29,59,0,0,4,2,6,6,8,20,31,65,48,32,80,145
05/25/2016,FSM,AR,ASW,CE,Combined TRACON& Tower with Radar,6,7,28,34,75,0,2,13,1,16,6,9,41,35,91,8,2,10,101
05/26/2016,FSM,AR,ASW,CE,Combined TRACON& Tower with Radar,6,6,23,1,36,0,2,10,2,14,6,8,33,3,50,12,0,12,62
05/27/2016,FSM,AR,ASW,CE,Combined TRACON& Tower with Radar,6,5,16,9,36,0,0,5,3,8,6,5,21,12,44,22,10,32,76
05/28/2016,FSM,AR,ASW,CE,Combined TRACON& Tower with Radar,4,8,21,1,34,0,0,21,1,22,4,8,42,2,56,20,0,20,76
05/29/2016,FSM,AR,ASW,CE,Combined TRACON& Tower with Radar,6,8,10,8,32,0,2,13,0,15,6,10,23,8,47,0,0,0,47
05/30/2016,FSM,AR,ASW,CE,Combined TRACON& Tower with Radar,6,5,12,1,24,0,0,10,0,10,6,5,22,1,34,42,4,46,80
05/31/2016,FSM,AR,ASW,CE,Combined TRACON& Tower with Radar,8,4,9,11,32,0,1,10,0,11,8,5,19,11,43,76,0,76,119
06/01/2016,FSM,AR,ASW,CE,Combined TRACON& Tower with Radar,5,6,27,7,45,0,1,15,2,18,5,7,42,9,63,54,33,87,150
06/02/2016,FSM,AR,ASW,CE,Combined TRACON& Tower with Radar,5,10,8,3,26,0,0,4,4,8,5,10,12,7,34,40,34,74,108
06/03/2016,FSM,AR,ASW,CE,Combined TRACON& Tower with Radar,6,5,16,12,39,0,0,3,0,3,6,5,19,12,42,42,28,70,112
06/04/2016,FSM,AR,ASW,CE,Combined TRACON& Tower with Radar,7,6,13,1,27,0,1,13,1,15,7,7,26,2,42,110,12,122,164
06/05/2016,FSM,AR,ASW,CE,Combined TRACON& Tower with Radar,4,6,20,5,35,0,0,35,1,36,4,6,55,6,71,86,4,90,161
06/06/2016,FSM,AR,ASW,CE,Combined TRACON& Tower with Radar,4,7,25,13,49,0,0,33,13,46,4,7,58,26,95,70,14,84,179
06/07/2016,FSM,AR,ASW,CE,Combined TRACON& Tower with Radar,4,9,34,34,81,0,2,48,5,55,4,11,82,39,136,74,50,124,260
06/08/2016,FSM,AR,ASW,CE,Combined TRACON& Tower with Radar,5,7,23,18,53,0,0,41,9,50,5,7,64,27,103,90,25,115,218
06/09/2016,FSM,AR,ASW,CE,Combined TRACON& Tower with Radar,5,8,25,17,55,0,2,38,11,51,5,10,63,28,106,52,22,74,180
06/10/2016,FSM,AR,ASW,CE,Combined TRACON& Tower with Radar,5,9,25,22,61,0,4,31,10,45,5,13,56,32,106,86,22,108,214
06/11/2016,FSM,AR,ASW,CE,Combined TRACON& Tower with Radar,7,4,25,10,46,0,1,27,3,31,7,5,52,13,77,26,0,26,103
06/12/2016,FSM,AR,ASW,CE,Combined TRACON& Tower with Radar,3,8,17,0,28,0,1,26,1,28,3,9,43,1,56,56,10,66,122
06/13/2016,FSM,AR,ASW,CE,Combined TRACON& Tower with Radar,4,14,20,7,45,0,0,10,4,14,4,14,30,11,59,62,24,86,145
06/14/2016,FSM,AR,ASW,CE,Combined TRACON& Tower with Radar,3,12,20,32,67,0,0,15,3,18,3,12,35,35,85,66,70,136,221
06/15/2016,FSM,AR,ASW,CE,Combined TRACON& Tower with Radar,5,5,23,10,43,0,2,20,0,22,5,7,43,10,65,70,34,104,169
06/16/2016,FSM,AR,ASW,CE,Combined TRACON& Tower with Radar,5,8,23,11,47,0,2,26,2,30,5,10,49,13,77,124,22,146,223
06/17/2016,FSM,AR,ASW,CE,Combined TRACON& Tower with Radar,4,6,15,10,35,0,2,36,1,39,4,8,51,11,74,54,32,86,160
06/18/2016,FSM,AR,ASW,CE,Combined TRACON& Tower with Radar,7,4,18,4,33,0,4,22,4,30,7,8,40,8,63,70,16,86,149
06/19/2016,FSM,AR,ASW,CE,Combined TRACON& Tower with Radar,5,9,17,2,33,0,6,20,2,28,5,15,37,4,61,42,0,42,103
06/20/2016,FSM,AR,ASW,CE,Combined TRACON& Tower with Radar,4,6,15,16,41,0,0,23,1,24,4,6,38,17,65,126,0,126,191
06/21/2016,FSM,AR,ASW,CE,Combined TRACON& Tower with Radar,5,8,33,20,66,0,3,24,9,36,5,11,57,29,102,50,2,52,154
06/22/2016,FSM,AR,ASW,CE,Combined TRACON& Tower with Radar,6,6,15,18,45,0,2,30,5,37,6,8,45,23,82,46,12,58,140
06/23/2016,FSM,AR,ASW,CE,Combined TRACON& Tower with Radar,5,7,30,4,46,0,1,28,6,35,5,8,58,10,81,54,10,64,145
06/24/2016,FSM,AR,ASW,CE,Combined TRACON& Tower with Radar,5,9,25,0,39,0,7,32,0,39,5,16,57,0,78,60,0,60,138
06/25/2016,FSM,AR,ASW,CE,Combined TRACON& Tower with Radar,7,2,23,6,38,0,0,33,3,36,7,2,56,9,74,68,22,90,164
06/26/2016,FSM,AR,ASW,CE,Combined TRACON& Tower with Radar,1,11,17,12,41,0,1,26,0,27,1,12,43,12,68,30,12,42,110
06/27/2016,FSM,AR,ASW,CE,Combined TRACON& Tower with Radar,6,7,29,12,54,0,1,20,0,21,6,8,49,12,75,131,0,131,206
06/28/2016,FSM,AR,ASW,CE,Combined TRACON& Tower with Radar,3,7,19,12,41,0,6,40,8,54,3,13,59,20,95,68,18,86,181
06/29/2016,FSM,AR,ASW,CE,Combined TRACON& Tower with Radar,6,7,30,37,80,0,1,23,11,35,6,8,53,48,115,36,44,80,195
06/30/2016,FSM,AR,ASW,CE,Combined TRACON& Tower with Radar,3,8,18,33,62,0,1,18,6,25,3,9,36,39,87,26,38,64,151
07/01/2016,FSM,AR,ASW,CE,Combined TRACON& Tower with Radar,6,6,20,10,42,0,0,25,1,26,6,6,45,11,68,22,22,44,112
07/02/2016,FSM,AR,ASW,CE,Combined TRACON& Tower with Radar,7,3,15,0,25,0,0,24,0,24,7,3,39,0,49,0,0,0,49
07/03/2016,FSM,AR,ASW,CE,Combined TRACON& Tower with Radar,2,5,9,0,16,0,0,3,0,3,2,5,12,0,19,32,2,34,53
07/04/2016,FSM,AR,ASW,CE,Combined TRACON& Tower with Radar,3,7,9,1,20,0,1,4,0,5,3,8,13,1,25,30,0,30,55
07/05/2016,FSM,AR,ASW,CE,Combined TRACON& Tower with Radar,7,4,16,0,27,0,0,13,3,16,7,4,29,3,43,26,0,26,69
07/06/2016,FSM,AR,ASW,CE,Combined TRACON& Tower with Radar,6,11,21,38,76,0,0,6,14,20,6,11,27,52,96,14,36,50,146
07/07/2016,FSM,AR,ASW,CE,Combined TRACON& Tower with Radar,6,9,18,17,50,0,0,26,20,46,6,9,44,37,96,44,8,52,148
07/08/2016,FSM,AR,ASW,CE,Combined TRACON& Tower with Radar,7,5,33,6,51,0,2,33,5,40,7,7,66,11,91,60,28,88,179
07/09/2016,FSM,AR,ASW,CE,Combined TRACON& Tower with Radar,10,3,9,7,29,0,0,23,0,23,10,3,32,7,52,20,4,24,76
07/10/2016,FSM,AR,ASW,CE,Combined TRACON& Tower with Radar,7,5,7,13,32,0,0,25,4,29,7,5,32,17,61,10,12,22,83
07/11/2016,FSM,AR,ASW,CE,Combined TRACON& Tower with Radar,7,3,24,35,69,0,2,30,1,33,7,5,54,36,102,46,100,146,248
07/12/2016,FSM,AR,ASW,CE,Combined TRACON& Tower with Radar,7,4,16,5,32,0,1,19,4,24,7,5,35,9,56,68,0,68,124
07/13/2016,FSM,AR,ASW,CE,Combined TRACON& Tower with Radar,5,9,20,21,55,0,1,29,15,45,5,10,49,36,100,40,32,72,172
07/14/2016,FSM,AR,ASW,CE,Combined TRACON& Tower with Radar,6,4,14,3,27,0,3,16,5,24,6,7,30,8,51,20,4,24,75
07/15/2016,FSM,AR,ASW,CE,Combined TRACON& Tower with Radar,8,2,18,13,41,0,0,5,7,12,8,2,23,20,53,0,4,4,57
07/16/2016,FSM,AR,ASW,CE,Combined TRACON& Tower with Radar,7,2,10,1,20,0,2,23,5,30,7,4,33,6,50,50,4,54,104
07/17/2016,FSM,AR,ASW,CE,Combined TRACON& Tower with Radar,7,4,25,12,48,0,1,26,8,35,7,5,51,20,83,36,8,44,127
07/18/2016,FSM,AR,ASW,CE,Combined TRACON& Tower with Radar,8,3,23,5,39,0,0,13,3,16,8,3,36,8,55,40,10,50,105
07/19/2016,FSM,AR,ASW,CE,Combined TRACON& Tower with Radar,6,5,15,21,47,0,0,18,8,26,6,5,33,29,73,36,12,48,121
07/20/2016,FSM,AR,ASW,CE,Combined TRACON& Tower with Radar,6,4,27,14,51,0,0,15,4,19,6,4,42,18,70,48,62,110,180
07/21/2016,FSM,AR,ASW,CE,Combined TRACON& Tower with Radar,6,4,25,30,65,0,2,22,5,29,6,6,47,35,94,94,88,182,276
07/22/2016,FSM,AR,ASW,CE,Combined TRACON& Tower with Radar,8,8,16,17,49,0,2,24,1,27,8,10,40,18,76,54,8,62,138
07/23/2016,FSM,AR,ASW,CE,Combined TRACON& Tower with Radar,6,2,13,4,25,0,1,23,1,25,6,3,36,5,50,68,0,68,118
07/24/2016,FSM,AR,ASW,CE,Combined TRACON& Tower with Radar,7,9,17,10,43,0,0,25,2,27,7,9,42,12,70,28,0,28,98
07/25/2016,FSM,AR,ASW,CE,Combined TRACON& Tower with Radar,7,6,20,10,43,0,0,12,4,16,7,6,32,14,59,34,44,78,137
07/26/2016,FSM,AR,ASW,CE,Combined TRACON& Tower with Radar,7,3,13,23,46,0,1,7,7,15,7,4,20,30,61,46,8,54,115
07/27/2016,FSM,AR,ASW,CE,Combined TRACON& Tower with Radar,7,5,25,23,60,0,1,7,8,16,7,6,32,31,76,2,14,16,92
07/28/2016,FSM,AR,ASW,CE,Combined TRACON& Tower with Radar,7,5,42,27,81,0,0,21,8,29,7,5,63,35,110,12,70,82,192
07/29/2016,FSM,AR,ASW,CE,Combined TRACON& Tower with Radar,6,5,25,6,42,0,0,10,1,11,6,5,35,7,53,0,22,22,75
07/30/2016,FSM,AR,ASW,CE,Combined TRACON& Tower with Radar,7,3,16,1,27,0,0,21,0,21,7,3,37,1,48,30,0,30,78
07/31/2016,FSM,AR,ASW,CE,Combined TRACON& Tower with Radar,7,4,26,3,40,0,1,20,0,21,7,5,46,3,61,18,0,18,79
08/01/2016,FSM,AR,ASW,CE,Combined TRACON& Tower with Radar,8,5,25,11,49,0,2,17,3,22,8,7,42,14,71,42,30,72,143
08/02/2016,FSM,AR,ASW,CE,Combined TRACON& Tower with Radar,7,5,15,15,42,0,2,32,3,37,7,7,47,18,79,62,24,86,165
08/03/2016,FSM,AR,ASW,CE,Combined TRACON& Tower with Radar,7,6,21,23,57,0,0,23,2,25,7,6,44,25,82,60,12,72,154
08/04/2016,FSM,AR,ASW,CE,Combined TRACON& Tower with Radar,7,4,22,22,55,0,1,26,6,33,7,5,48,28,88,42,20,62,150
08/05/2016,FSM,AR,ASW,CE,Combined TRACON& Tower with Radar,7,7,18,45,77,0,1,41,0,42,7,8,59,45,119,42,36,78,197
08/06/2016,FSM,AR,ASW,CE,Combined TRACON& Tower with Radar,5,2,13,0,20,0,1,25,0,26,5,3,38,0,46,34,0,34,80
08/07/2016,FSM,AR,ASW,CE,Combined TRACON& Tower with Radar,7,4,18,1,30,0,0,13,1,14,7,4,31,2,44,50,0,50,94
08/08/2016,FSM,AR,ASW,CE,Combined TRACON& Tower with Radar,6,5,28,9,48,0,0,11,4,15,6,5,39,13,63,42,14,56,119
08/09/2016,FSM,AR,ASW,CE,Combined TRACON& Tower with Radar,7,5,14,14,40,0,1,27,7,35,7,6,41,21,75,32,4,36,111
08/10/2016,FSM,AR,ASW,CE,Combined TRACON& Tower with Radar,7,4,23,21,55,0,6,34,12,52,7,10,57,33,107,24,58,82,189
08/11/2016,FSM,AR,ASW,CE,Combined TRACON& Tower with Radar,7,6,14,19,46,0,2,24,19,45,7,8,38,38,91,16,66,82,173
08/12/2016,FSM,AR,ASW,CE,Combined TRACON& Tower with Radar,5,8,22,11,46,0,0,33,6,39,5,8,55,17,85,83,0,83,168
08/13/2016,FSM,AR,ASW,CE,Combined TRACON& Tower with Radar,6,2,15,2,25,0,0,18,0,18,6,2,33,2,43,30,6,36,79
08/14/2016,FSM,AR,ASW,CE,Combined TRACON& Tower with Radar,8,5,17,0,30,0,0,7,0,7,8,5,24,0,37,48,2,50,87
08/15/2016,FSM,AR,ASW,CE,Combined TRACON& Tower with Radar,8,5,11,4,28,0,0,3,1,4,8,5,14,5,32,48,10,58,90
08/16/2016,FSM,AR,ASW,CE,Combined TRACON& Tower with Radar,8,7,26,0,41,0,1,26,1,28,8,8,52,1,69,82,0,82,151
08/17/2016,FSM,AR,ASW,CE,Combined TRACON& Tower with Radar,7,6,22,27,62,0,1,14,11,26,7,7,36,38,88,50,42,92,180
08/18/2016,FSM,AR,ASW,CE,Combined TRACON& Tower with Radar,5,5,11,18,39,0,0,7,1,8,5,5,18,19,47,20,16,36,83
08/19/2016,FSM,AR,ASW,CE,Combined TRACON& Tower with Radar,5,9,24,2,40,0,0,11,2,13,5,9,35,4,53,74,0,74,127
08/20/2016,FSM,AR,ASW,CE,Combined TRACON& Tower with Radar,6,6,6,0,18,0,0,4,0,4,6,6,10,0,22,28,0,28,50
08/21/2016,FSM,AR,ASW,CE,Combined TRACON& Tower with Radar,9,4,20,12,45,0,1,41,2,44,9,5,61,14,89,150,0,150,239
08/22/2016,FSM,AR,ASW,CE,Combined TRACON& Tower with Radar,7,8,18,11,44,0,0,30,4,34,7,8,48,15,78,24,46,70,148
08/23/2016,FSM,AR,ASW,CE,Combined TRACON& Tower with Radar,10,6,25,20,61,0,3,13,4,20,10,9,38,24,81,70,48,118,199
08/24/2016,FSM,AR,ASW,CE,Combined TRACON& Tower with Radar,6,6,21,31,64,0,0,22,8,30,6,6,43,39,94,66,10,76,170
08/25/2016,FSM,AR,ASW,CE,Combined TRACON& Tower with Radar,8,10,26,14,58,0,1,21,14,36,8,11,47,28,94,66,18,84,178
08/26/2016,FSM,AR,ASW,CE,Combined TRACON& Tower with Radar,5,7,20,6,38,0,0,14,2,16,5,7,34,8,54,48,0,48,102
08/27/2016,FSM,AR,ASW,CE,Combined TRACON& Tower with Radar,6,4,10,1,21,0,1,16,0,17,6,5,26,1,38,10,24,34,72
08/28/2016,FSM,AR,ASW,CE,Combined TRACON& Tower with Radar,3,6,9,3,21,0,0,14,2,16,3,6,23,5,37,16,4,20,57
08/29/2016,FSM,AR,ASW,CE,Combined TRACON& Tower with Radar,1,8,4,12,25,0,0,17,1,18,1,8,21,13,43,18,0,18,61
08/30/2016,FSM,AR,ASW,CE,Combined TRACON& Tower with Radar,3,6,16,48,73,0,4,29,4,37,3,10,45,52,110,114,16,130,240
08/31/2016,FSM,AR,ASW,CE,Combined TRACON& Tower with Radar,3,10,20,11,44,0,2,16,5,23,3,12,36,16,67,40,0,40,107
09/01/2016,FSM,AR,ASW,CE,Combined TRACON& Tower with Radar,8,5,14,6,33,0,0,5,0,5,8,5,19,6,38,0,0,0,38
09/02/2016,FSM,AR,ASW,CE,Combined TRACON& Tower with Radar,5,4,28,0,37,0,2,38,0,40,5,6,66,0,77,72,0,72,149
09/03/2016,FSM,AR,ASW,CE,Combined TRACON& Tower with Radar,3,6,8,0,17,0,2,43,0,45,3,8,51,0,62,70,0,70,132
09/04/2016,FSM,AR,ASW,CE,Combined TRACON& Tower with Radar,2,6,16,0,24,0,0,13,0,13,2,6,29,0,37,12,0,12,49
09/05/2016,FSM,AR,ASW,CE,Combined TRACON& Tower with Radar,6,6,25,0,37,0,1,25,0,26,6,7,50,0,63,103,0,103,166
09/06/2016,FSM,AR,ASW,CE,Combined TRACON& Tower with Radar,8,7,12,38,65,0,0,21,2,23,8,7,33,40,88,18,0,18,106
09/07/2016,FSM,AR,ASW,CE,Combined TRACON& Tower with Radar,4,8,15,34,61,0,3,24,9,36,4,11,39,43,97,24,84,108,205
09/08/2016,FSM,AR,ASW,CE,Combined TRACON& Tower with Radar,8,6,20,20,54,0,0,28,6,34,8,6,48,26,88,2,54,56,144
09/09/2016,FSM,AR,ASW,CE,Combined TRACON& Tower with Radar,1,5,10,9,25,0,1,36,0,37,1,6,46,9,62,28,0,28,90
09/10/2016,FSM,AR,ASW,CE,Combined TRACON& Tower with Radar,4,6,9,0,19,0,4,13,0,17,4,10,22,0,36,0,0,0,36
09/11/2016,FSM,AR,ASW,CE,Combined TRACON& Tower with Radar,5,7,21,23,56,0,1,29,4,34,5,8,50,27,90,90,54,144,234
09/12/2016,FSM,AR,ASW,CE,Combined TRACON& Tower with Radar,6,8,30,23,67,0,1,48,2,51,6,9,78,25,118,48,34,82,200
09/13/2016,FSM,AR,ASW,CE,Combined TRACON& Tower with Radar,5,5,23,42,75,0,1,19,14,34,5,6,42,56,109,36,68,104,213
09/14/2016,FSM,AR,ASW,CE,Combined TRACON& Tower with Radar,6,7,24,13,50,0,0,5,4,9,6,7,29,17,59,10,18,28,87
09/15/2016,FSM,AR,ASW,CE,Combined TRACON& Tower with Radar,5,8,20,1,34,0,0,19,3,22,5,8,39,4,56,12,0,12,68
09/16/2016,FSM,AR,ASW,CE,Combined TRACON& Tower with Radar,5,9,19,0,33,0,0,14,0,14,5,9,33,0,47,38,0,38,85
09/17/2016,FSM,AR,ASW,CE,Combined TRACON& Tower with Radar,5,5,17,14,41,0,1,26,5,32,5,6,43,19,73,61,0,61,134
09/18/2016,FSM,AR,ASW,CE,Combined TRACON& Tower with Radar,41,14,13,0,68,0,3,21,0,24,41,17,34,0,92,42,0,42,134
09/19/2016,FSM,AR,ASW,CE,Combined TRACON& Tower with Radar,6,13,13,5,37,0,1,12,5,18,6,14,25,10,55,36,0,36,91
09/20/2016,FSM,AR,ASW,CE,Combined TRACON& Tower with Radar,6,6,18,24,54,0,0,30,5,35,6,6,48,29,89,10,12,22,111
09/21/2016,FSM,AR,ASW,CE,Combined TRACON& Tower with Radar,28,12,26,17,83,0,2,12,3,17,28,14,38,20,100,24,26,50,150
09/22/2016,FSM,AR,ASW,CE,Combined TRACON& Tower with Radar,6,10,16,16,48,0,3,21,5,29,6,13,37,21,77,52,10,62,139
09/23/2016,FSM,AR,ASW,CE,Combined TRACON& Tower with Radar,7,7,20,32,66,0,1,37,0,38,7,8,57,32,104,34,48,82,186
09/24/2016,FSM,AR,ASW,CE,Combined TRACON& Tower with Radar,5,4,18,1,28,0,1,36,2,39,5,5,54,3,67,28,0,28,95
09/25/2016,FSM,AR,ASW,CE,Combined TRACON& Tower with Radar,3,6,14,8,31,0,2,15,1,18,3,8,29,9,49,32,0,32,81
09/26/2016,FSM,AR,ASW,CE,Combined TRACON& Tower with Radar,6,5,23,8,42,0,0,21,1,22,6,5,44,9,64,54,0,54,118
09/27/2016,FSM,AR,ASW,CE,Combined TRACON& Tower with Radar,5,6,16,23,50,0,1,24,1,26,5,7,40,24,76,36,34,70,146
09/28/2016,FSM,AR,ASW,CE,Combined TRACON& Tower with Radar,5,11,16,25,57,0,2,12,6,20,5,13,28,31,77,24,48,72,149
09/29/2016,FSM,AR,ASW,CE,Combined TRACON& Tower with Radar,7,11,17,12,47,0,0,39,7,46,7,11,56,19,93,58,86,144,237
09/30/2016,FSM,AR,ASW,CE,Combined TRACON& Tower with Radar,4,11,22,14,51,0,0,48,1,49,4,11,70,15,100,22,16,38,138
10/01/2016,FSM,AR,ASW,CE,Combined TRACON& Tower with Radar,3,8,13,1,25,0,2,28,2,32,3,10,41,3,57,68,0,68,125
10/02/2016,FSM,AR,ASW,CE,Combined TRACON& Tower with Radar,5,8,10,0,23,0,0,27,0,27,5,8,37,0,50,20,0,20,70
10/03/2016,FSM,AR,ASW,CE,Combined TRACON& Tower with Radar,6,5,13,24,48,0,1,39,3,43,6,6,52,27,91,84,42,126,217
10/04/2016,FSM,AR,ASW,CE,Combined TRACON& Tower with Radar,5,7,13,33,58,0,1,18,4,23,5,8,31,37,81,58,34,92,173
10/05/2016,FSM,AR,ASW,CE,Combined TRACON& Tower with Radar,5,6,19,5,35,0,2,14,0,16,5,8,33,5,51,35,8,43,94
10/06/2016,FSM,AR,ASW,CE,Combined TRACON& Tower with Radar,3,10,25,38,76,0,0,17,9,26,3,10,42,47,102,22,62,84,186
10/07/2016,FSM,AR,ASW,CE,Combined TRACON& Tower with Radar,5,8,22,11,46,0,1,18,0,19,5,9,40,11,65,0,0,0,65
10/08/2016,FSM,AR,ASW,CE,Combined TRACON& Tower with Radar,5,2,12,0,19,0,3,48,3,54,5,5,60,3,73,56,10,66,139
10/09/2016,FSM,AR,ASW,CE,Combined TRACON& Tower with Radar,7,6,11,0,24,0,3,28,0,31,7,9,39,0,55,144,0,144,199
10/10/2016,FSM,AR,ASW,CE,Combined TRACON& Tower with Radar,7,4,13,2,26,0,1,40,4,45,7,5,53,6,71,94,0,94,165
10/11/2016,FSM,AR,ASW,CE,Combined TRACON& Tower with Radar,7,7,29,39,82,0,1,39,3,43,7,8,68,42,125,36,42,78,203
10/12/2016,FSM,AR,ASW,CE,Combined TRACON& Tower with Radar,6,9,25,31,71,0,0,25,5,30,6,9,50,36,101,26,36,62,163
10/13/2016,FSM,AR,ASW,CE,Combined TRACON& Tower with Radar,7,8,36,49,100,0,0,6,0,6,7,8,42,49,106,30,26,56,162
10/14/2016,FSM,AR,ASW,CE,Combined TRACON& Tower with Radar,8,4,23,19,54,0,0,2,0,2,8,4,25,19,56,32,4,36,92
10/15/2016,FSM,AR,ASW,CE,Combined TRACON& Tower with Radar,6,4,13,2,25,0,3,27,0,30,6,7,40,2,55,28,10,38,93
10/16/2016,FSM,AR,ASW,CE,Combined TRACON& Tower with Radar,7,9,17,4,37,0,0,31,3,34,7,9,48,7,71,48,0,48,119
10/17/2016,FSM,AR,ASW,CE,Combined TRACON& Tower with Radar,7,8,41,17,73,0,3,23,1,27,7,11,64,18,100,34,2,36,136
10/18/2016,FSM,AR,ASW,CE,Combined TRACON& Tower with Radar,6,6,22,36,70,0,0,20,3,23,6,6,42,39,93,8,60,68,161
10/19/2016,FSM,AR,ASW,CE,Combined TRACON& Tower with Radar,6,8,24,21,59,0,0,16,4,20,6,8,40,25,79,88,12,100,179
10/20/2016,FSM,AR,ASW,CE,Combined TRACON& Tower with Radar,5,12,21,11,49,0,0,14,0,14,5,12,35,11,63,8,45,53,116
10/21/2016,FSM,AR,ASW,CE,Combined TRACON& Tower with Radar,5,7,24,42,78,0,2,44,3,49,5,9,68,45,127,86,26,112,239
10/22/2016,FSM,AR,ASW,CE,Combined TRACON& Tower with Radar,4,6,13,2,25,0,1,43,0,44,4,7,56,2,69,50,4,54,123
10/23/2016,FSM,AR,ASW,CE,Combined TRACON& Tower with Radar,5,9,22,2,38,0,0,43,0,43,5,9,65,2,81,28,14,42,123
10/24/2016,FSM,AR,ASW,CE,Combined TRACON& Tower with Radar,5,6,18,38,67,0,0,27,0,27,5,6,45,38,94,70,36,106,200
10/25/2016,FSM,AR,ASW,CE,Combined TRACON& Tower with Radar,5,7,20,26,58,0,3,27,6,36,5,10,47,32,94,32,60,92,186
10/26/2016,FSM,AR,ASW,CE,Combined TRACON& Tower with Radar,5,7,16,32,60,0,1,18,6,25,5,8,34,38,85,20,0,20,105
10/27/2016,FSM,AR,ASW,CE,Combined TRACON& Tower with Radar,5,8,39,12,64,0,3,33,10,46,5,11,72,22,110,14,14,28,138
10/28/2016,FSM,AR,ASW,CE,Combined TRACON& Tower with Radar,5,6,22,101,134,0,3,65,2,70,5,9,87,103,204,68,112,180,384
10/29/2016,FSM,AR,ASW,CE,Combined TRACON& Tower with Radar,4,6,2,0,12,0,1,26,0,27,4,7,28,0,39,20,0,20,59
10/30/2016,FSM,AR,ASW,CE,Combined TRACON& Tower with Radar,5,6,20,35,66,0,0,33,4,37,5,6,53,39,103,48,2,50,153
10/31/2016,FSM,AR,ASW,CE,Combined TRACON& Tower with Radar,4,8,27,15,54,0,0,27,9,36,4,8,54,24,90,20,18,38,128
11/01/2016,FSM,AR,ASW,CE,Combined TRACON& Tower with Radar,5,10,25,14,54,0,1,19,9,29,5,11,44,23,83,64,26,90,173
11/02/2016,FSM,AR,ASW,CE,Combined TRACON& Tower with Radar,3,7,23,25,58,0,0,14,7,21,3,7,37,32,79,56,20,76,155
11/03/2016,FSM,AR,ASW,CE,Combined TRACON& Tower with Radar,5,9,21,27,62,0,1,24,7,32,5,10,45,34,94,52,24,76,170
11/04/2016,FSM,AR,ASW,CE,Combined TRACON& Tower with Radar,5,7,18,36,66,0,4,24,1,29,5,11,42,37,95,16,0,16,111
11/05/2016,FSM,AR,ASW,CE,Combined TRACON& Tower with Radar,5,7,12,1,25,0,0,53,1,54,5,7,65,2,79,58,0,58,137
11/06/2016,FSM,AR,ASW,CE,Combined TRACON& Tower with Radar,5,5,12,14,36,0,1,29,1,31,5,6,41,15,67,58,10,68,135
11/07/2016,FSM,AR,ASW,CE,Combined TRACON& Tower with Radar,6,6,33,40,85,0,1,6,0,7,6,7,39,40,92,26,26,52,144
11/08/2016,FSM,AR,ASW,CE,Combined TRACON& Tower with Radar,6,7,18,6,37,0,1,14,4,19,6,8,32,10,56,6,0,6,62
11/09/2016,FSM,AR,ASW,CE,Combined TRACON& Tower with Radar,5,6,23,19,53,0,0,24,6,30,5,6,47,25,83,32,40,72,155
11/10/2016,FSM,AR,ASW,CE,Combined TRACON& Tower with Radar,5,6,21,1,33,0,3,34,9,46,5,9,55,10,79,0,0,0,79
11/11/2016,FSM,AR,ASW,CE,Combined TRACON& Tower with Radar,5,8,18,1,32,0,0,25,3,28,5,8,43,4,60,28,0,28,88
11/12/2016,FSM,AR,ASW,CE,Combined TRACON& Tower with Radar,4,3,6,5,18,1,1,16,5,23,5,4,22,10,41,26,20,46,87
11/13/2016,FSM,AR,ASW,CE,Combined TRACON& Tower with Radar,5,6,23,0,34,0,1,21,0,22,5,7,44,0,56,64,0,64,120
11/14/2016,FSM,AR,ASW,CE,Combined TRACON& Tower with Radar,5,6,12,5,28,0,1,15,0,16,5,7,27,5,44,0,18,18,62
11/15/2016,FSM,AR,ASW,CE,Combined TRACON& Tower with Radar,6,7,9,6,28,0,1,25,0,26,6,8,34,6,54,60,6,66,120
11/16/2016,FSM,AR,ASW,CE,Combined TRACON& Tower with Radar,4,7,22,6,39,0,1,21,9,31,4,8,43,15,70,10,24,34,104
11/17/2016,FSM,AR,ASW,CE,Combined TRACON& Tower with Radar,5,9,26,9,49,0,0,22,3,25,5,9,48,12,74,6,18,24,98
11/18/2016,FSM,AR,ASW,CE,Combined TRACON& Tower with Radar,4,9,14,9,36,0,1,8,1,10,4,10,22,10,46,6,0,6,52
11/19/2016,FSM,AR,ASW,CE,Combined TRACON& Tower with Radar,4,4,8,13,29,0,0,33,0,33,4,4,41,13,62,72,4,76,138
11/20/2016,FSM,AR,ASW,CE,Combined TRACON& Tower with Radar,2,9,13,1,25,0,3,27,1,31,2,12,40,2,56,22,0,22,78
11/21/2016,FSM,AR,ASW,CE,Combined TRACON& Tower with Radar,4,9,13,16,42,0,2,19,5,26,4,11,32,21,68,34,6,40,108
11/22/2016,FSM,AR,ASW,CE,Combined TRACON& Tower with Radar,5,15,23,36,79,0,0,1,0,1,5,15,24,36,80,0,0,0,80
11/23/2016,FSM,AR,ASW,CE,Combined TRACON& Tower with Radar,6,13,22,2,43,0,0,1,0,1,6,13,23,2,44,0,0,0,44
11/24/2016,FSM,AR,ASW,CE,Combined TRACON& Tower with Radar,2,5,8,0,15,0,2,14,0,16,2,7,22,0,31,0,0,0,31
11/25/2016,FSM,AR,ASW,CE,Combined TRACON& Tower with Radar,4,5,16,0,25,0,0,9,0,9,4,5,25,0,34,8,0,8,42
11/26/2016,FSM,AR,ASW,CE,Combined TRACON& Tower with Radar,5,8,22,0,35,0,0,12,0,12,5,8,34,0,47,0,0,0,47
11/27/2016,FSM,AR,ASW,CE,Combined TRACON& Tower with Radar,7,6,22,0,35,0,0,4,0,4,7,6,26,0,39,30,0,30,69
11/28/2016,FSM,AR,ASW,CE,Combined TRACON& Tower with Radar,5,4,14,12,35,0,0,4,0,4,5,4,18,12,39,0,44,44,83
11/29/2016,FSM,AR,ASW,CE,Combined TRACON& Tower with Radar,5,11,27,40,83,0,0,22,7,29,5,11,49,47,112,72,82,154,266
11/30/2016,FSM,AR,ASW,CE,Combined TRACON& Tower with Radar,4,9,13,28,54,0,1,26,2,29,4,10,39,30,83,0,2,2,85
12/01/2016,FSM,AR,ASW,CE,Combined TRACON& Tower with Radar,5,8,14,25,52,0,2,26,9,37,5,10,40,34,89,64,38,102,191
12/02/2016,FSM,AR,ASW,CE,Combined TRACON& Tower with Radar,6,8,31,15,60,0,1,20,2,23,6,9,51,17,83,24,4,28,111
12/03/2016,FSM,AR,ASW,CE,Combined TRACON& Tower with Radar,3,4,3,2,12,0,0,0,0,0,3,4,3,2,12,0,0,0,12
12/04/2016,FSM,AR,ASW,CE,Combined TRACON& Tower with Radar,3,7,9,5,24,0,0,0,0,0,3,7,9,5,24,0,0,0,24
12/05/2016,FSM,AR,ASW,CE,Combined TRACON& Tower with Radar,5,9,18,5,37,0,0,4,0,4,5,9,22,5,41,12,0,12,53
12/06/2016,FSM,AR,ASW,CE,Combined TRACON& Tower with Radar,4,5,17,26,52,0,0,7,2,9,4,5,24,28,61,30,12,42,103
12/07/2016,FSM,AR,ASW,CE,Combined TRACON& Tower with Radar,4,8,17,27,56,0,0,5,0,5,4,8,22,27,61,26,30,56,117
12/08/2016,FSM,AR,ASW,CE,Combined TRACON& Tower with Radar,3,10,17,54,84,0,2,24,8,34,3,12,41,62,118,12,60,72,190
12/09/2016,FSM,AR,ASW,CE,Combined TRACON& Tower with Radar,5,10,29,15,59,0,0,34,3,37,5,10,63,18,96,56,8,64,160
12/10/2016,FSM,AR,ASW,CE,Combined TRACON& Tower with Radar,1,2,10,1,14,0,0,22,5,27,1,2,32,6,41,64,16,80,121
12/11/2016,FSM,AR,ASW,CE,Combined TRACON& Tower with Radar,5,6,6,0,17,0,0,1,0,1,5,6,7,0,18,0,0,0,18
12/12/2016,FSM,AR,ASW,CE,Combined TRACON& Tower with Radar,5,10,23,59,97,0,0,11,8,19,5,10,34,67,116,18,10,28,144
12/13/2016,FSM,AR,ASW,CE,Combined TRACON& Tower with Radar,3,8,11,49,71,0,1,11,7,19,3,9,22,56,90,14,76,90,180
12/14/2016,FSM,AR,ASW,CE,Combined TRACON& Tower with Radar,5,10,21,63,99,0,0,0,2,2,5,10,21,65,101,20,50,70,171
12/15/2016,FSM,AR,ASW,CE,Combined TRACON& Tower with Radar,6,7,27,20,60,0,2,22,5,29,6,9,49,25,89,42,20,62,151
12/16/2016,FSM,AR,ASW,CE,Combined TRACON& Tower with Radar,8,7,12,20,47,0,0,2,0,2,8,7,14,20,49,0,0,0,49
12/17/2016,FSM,AR,ASW,CE,Combined TRACON& Tower with Radar,5,9,12,0,26,0,0,0,0,0,5,9,12,0,26,0,0,0,26
12/18/2016,FSM,AR,ASW,CE,Combined TRACON& Tower with Radar,5,9,13,0,27,0,1,21,0,22,5,10,34,0,49,0,0,0,49
12/19/2016,FSM,AR,ASW,CE,Combined TRACON& Tower with Radar,4,7,11,27,49,0,0,20,2,22,4,7,31,29,71,14,36,50,121
12/20/2016,FSM,AR,ASW,CE,Combined TRACON& Tower with Radar,6,7,31,23,67,0,0,40,5,45,6,7,71,28,112,64,40,104,216
12/21/2016,FSM,AR,ASW,CE,Combined TRACON& Tower with Radar,6,5,27,13,51,0,0,14,8,22,6,5,41,21,73,64,6,70,143
12/22/2016,FSM,AR,ASW,CE,Combined TRACON& Tower with Radar,6,8,12,5,31,0,1,31,3,35,6,9,43,8,66,50,0,50,116
12/23/2016,FSM,AR,ASW,CE,Combined TRACON& Tower with Radar,6,10,14,0,30,0,0,0,0,0,6,10,14,0,30,0,0,0,30
12/24/2016,FSM,AR,ASW,CE,Combined TRACON& Tower with Radar,6,7,6,0,19,0,0,0,0,0,6,7,6,0,19,0,0,0,19
12/25/2016,FSM,AR,ASW,CE,Combined TRACON& Tower with Radar,5,5,3,0,13,0,0,0,0,0,5,5,3,0,13,8,0,8,21
12/26/2016,FSM,AR,ASW,CE,Combined TRACON& Tower with Radar,6,11,10,0,27,0,0,20,0,20,6,11,30,0,47,64,0,64,111
12/27/2016,FSM,AR,ASW,CE,Combined TRACON& Tower with Radar,3,8,16,1,28,0,2,31,2,35,3,10,47,3,63,44,0,44,107
12/28/2016,FSM,AR,ASW,CE,Combined TRACON& Tower with Radar,5,8,12,4,29,0,0,3,0,3,5,8,15,4,32,20,0,20,52
12/29/2016,FSM,AR,ASW,CE,Combined TRACON& Tower with Radar,4,14,22,0,40,0,3,25,1,29,4,17,47,1,69,0,0,0,69
12/30/2016,FSM,AR,ASW,CE,Combined TRACON& Tower with Radar,6,6,22,0,34,0,0,37,0,37,6,6,59,0,71,36,0,36,107
12/31/2016,FSM,AR,ASW,CE,Combined TRACON& Tower with Radar,6,6,18,0,30,0,0,29,0,29,6,6,47,0,59,22,0,22,81
01/01/2017,FSM,AR,ASW,CE,Combined TRACON& Tower with Radar,6,11,13,0,30,0,0,2,0,2,6,11,15,0,32,0,0,0,32
01/02/2017,FSM,AR,ASW,CE,Combined TRACON& Tower with Radar,5,4,4,2,15,0,0,0,0,0,5,4,4,2,15,0,0,0,15
01/03/2017,FSM,AR,ASW,CE,Combined TRACON& Tower with Radar,5,7,11,0,23,0,0,1,0,1,5,7,12,0,24,0,0,0,24
01/04/2017,FSM,AR,ASW,CE,Combined TRACON& Tower with Radar,6,8,22,18,54,0,2,21,1,24,6,10,43,19,78,0,0,0,78
01/05/2017,FSM,AR,ASW,CE,Combined TRACON& Tower with Radar,9,7,10,6,32,0,2,11,4,17,9,9,21,10,49,6,20,26,75
01/06/2017,FSM,AR,ASW,CE,Combined TRACON& Tower with Radar,1,8,13,21,43,0,3,10,1,14,1,11,23,22,57,0,0,0,57
01/07/2017,FSM,AR,ASW,CE,Combined TRACON& Tower with Radar,8,5,7,2,22,0,0,34,8,42,8,5,41,10,64,0,0,0,64
01/08/2017,FSM,AR,ASW,CE,Combined TRACON& Tower with Radar,6,4,15,7,32,0,0,21,10,31,6,4,36,17,63,4,14,18,81
01/09/2017,FSM,AR,ASW,CE,Combined TRACON& Tower with Radar,6,8,23,17,54,0,0,8,4,12,6,8,31,21,66,34,12,46,112
01/10/2017,FSM,AR,ASW,CE,Combined TRACON& Tower with Radar,6,8,21,41,76,0,0,16,7,23,6,8,37,48,99,56,92,148,247
01/11/2017,FSM,AR,ASW,CE,Combined TRACON& Tower with Radar,5,6,23,27,61,0,2,9,2,13,5,8,32,29,74,30,0,30,104
01/12/2017,FSM,AR,ASW,CE,Combined TRACON& Tower with Radar,5,9,14,24,52,0,1,0,0,1,5,10,14,24,53,38,12,50,103
01/13/2017,FSM,AR,ASW,CE,Combined TRACON& Tower with Radar,7,4,13,9,33,0,0,0,0,0,7,4,13,9,33,42,0,42,75
01/14/2017,FSM,AR,ASW,CE,Combined TRACON& Tower with Radar,2,7,2,0,11,0,0,0,0,0,2,7,2,0,11,40,0,40,51
01/15/2017,FSM,AR,ASW,CE,Combined TRACON& Tower with Radar,1,6,4,2,13,0,0,0,0,0,1,6,4,2,13,12,0,12,25
01/16/2017,FSM,AR,ASW,CE,Combined TRACON& Tower with Radar,6,7,14,3,30,0,0,10,0,10,6,7,24,3,40,10,24,34,74
01/17/2017,FSM,AR,ASW,CE,Combined TRACON& Tower with Radar,6,8,21,66,101,0,1,9,8,18,6,9,30,74,119,56,56,112,231
01/18/2017,FSM,AR,ASW,CE,Combined TRACON& Tower with Radar,6,10,27,13,56,0,0,6,0,6,6,10,33,13,62,10,4,14,76
01/19/2017,FSM,AR,ASW,CE,Combined TRACON& Tower with Radar,5,4,16,6,31,0,0,6,7,13,5,4,22,13,44,46,0,46,90
01/20/2017,FSM,AR,ASW,CE,Combined TRACON& Tower with Radar,3,14,32,26,75,0,0,32,19,51,3,14,64,45,126,18,34,52,178
01/21/2017,FSM,AR,ASW,CE,Combined TRACON& Tower with Radar,2,7,18,4,31,0,0,25,4,29,2,7,43,8,60,44,10,54,114
01/22/2017,FSM,AR,ASW,CE,Combined TRACON& Tower with Radar,2,14,13,3,32,0,0,1,0,1,2,14,14,3,33,16,4,20,53
01/23/2017,FSM,AR,ASW,CE,Combined TRACON& Tower with Radar,6,7,20,38,71,0,2,10,7,19,6,9,30,45,90,22,82,104,194
01/24/2017,FSM,AR,ASW,CE,Combined TRACON& Tower with Radar,6,7,19,47,79,0,3,29,15,47,6,10,48,62,126,52,44,96,222
01/25/2017,FSM,AR,ASW,CE,Combined TRACON& Tower with Radar,6,8,16,28,58,0,4,11,6,21,6,12,27,34,79,12,20,32,111
01/26/2017,FSM,AR,ASW,CE,Combined TRACON& Tower with Radar,2,14,18,16,50,0,1,25,9,35,2,15,43,25,85,36,39,75,160
01/27/2017,FSM,AR,ASW,CE,Combined TRACON& Tower with Radar,5,7,22,18,52,0,0,23,9,32,5,7,45,27,84,10,60,70,154
01/28/2017,FSM,AR,ASW,CE,Combined TRACON& Tower with Radar,2,5,6,4,17,0,3,38,2,43,2,8,44,6,60,42,0,42,102
01/29/2017,FSM,AR,ASW,CE,Combined TRACON& Tower with Radar,6,7,7,1,21,0,0,18,1,19,6,7,25,2,40,44,0,44,84
01/30/2017,FSM,AR,ASW,CE,Combined TRACON& Tower with Radar,6,10,25,41,82,0,0,35,13,48,6,10,60,54,130,50,56,106,236
01/31/2017,FSM,AR,ASW,CE,Combined TRACON& Tower with Radar,6,10,19,20,55,0,1,27,0,28,6,11,46,20,83,36,28,64,147
02/01/2017,FSM,AR,ASW,CE,Combined TRACON& Tower with Radar,9,6,20,18,53,0,0,16,1,17,9,6,36,19,70,48,32,80,150
02/02/2017,FSM,AR,ASW,CE,Combined TRACON& Tower with Radar,9,3,17,15,44,0,2,15,5,22,9,5,32,20,66,52,32,84,150
02/03/2017,FSM,AR,ASW,CE,Combined TRACON& Tower with Radar,8,5,18,23,54,0,2,24,1,27,8,7,42,24,81,32,48,80,161
02/04/2017,FSM,AR,ASW,CE,Combined TRACON& Tower with Radar,4,2,10,0,16,0,0,26,1,27,4,2,36,1,43,32,0,32,75
02/05/2017,FSM,AR,ASW,CE,Combined TRACON& Tower with Radar,6,2,15,0,23,0,0,18,1,19,6,2,33,1,42,20,0,20,62
02/06/2017,FSM,AR,ASW,CE,Combined TRACON& Tower with Radar,10,4,19,10,43,0,1,14,1,16,10,5,33,11,59,20,24,44,103
02/07/2017,FSM,AR,ASW,CE,Combined TRACON& Tower with Radar,10,10,19,45,84,0,4,27,8,39,10,14,46,53,123,44,88,132,255
02/08/2017,FSM,AR,ASW,CE,Combined TRACON& Tower with Radar,10,3,24,13,50,0,0,18,12,30,10,3,42,25,80,0,0,0,80
02/09/2017,FSM,AR,ASW,CE,Combined TRACON& Tower with Radar,10,4,13,34,61,0,2,51,10,63,10,6,64,44,124,60,58,118,242
02/10/2017,FSM,AR,ASW,CE,Combined TRACON& Tower with Radar,9,2,13,25,49,0,0,14,3,17,9,2,27,28,66,18,28,46,112
02/11/2017,FSM,AR,ASW,CE,Combined TRACON& Tower with Radar,4,2,15,4,25,0,1,23,0,24,4,3,38,4,49,14,0,14,63
02/12/2017,FSM,AR,ASW,CE,Combined TRACON& Tower with Radar,10,1,21,0,32,0,1,19,4,24,10,2,40,4,56,30,0,30,86
02/13/2017,FSM,AR,ASW,CE,Combined TRACON& Tower with Radar,10,3,11,52,76,0,0,15,13,28,10,3,26,65,104,54,98,152,256
02/14/2017,FSM,AR,ASW,CE,Combined TRACON& Tower with Radar,6,8,12,15,41,0,0,0,0,0,6,8,12,15,41,0,0,0,41
02/15/2017,FSM,AR,ASW,CE,Combined TRACON& Tower with Radar,10,4,33,27,74,0,1,26,5,32,10,5,59,32,106,28,34,62,168
02/16/2017,FSM,AR,ASW,CE,Combined TRACON& Tower with Radar,9,4,29,25,67,0,0,59,61,120,9,4,88,86,187,102,38,140,327
02/17/2017,FSM,AR,ASW,CE,Combined TRACON& Tower with Radar,9,5,30,5,49,0,3,39,0,42,9,8,69,5,91,64,0,64,155
02/18/2017,FSM,AR,ASW,CE,Combined TRACON& Tower with Radar,7,5,8,2,22,0,0,23,0,23,7,5,31,2,45,0,0,0,45
02/19/2017,FSM,AR,ASW,CE,Combined TRACON& Tower with Radar,6,7,24,17,54,0,0,25,1,26,6,7,49,18,80,40,0,40,120
02/20/2017,FSM,AR,ASW,CE,Combined TRACON& Tower with Radar,10,3,8,0,21,0,0,11,0,11,10,3,19,0,32,22,0,22,54
02/21/2017,FSM,AR,ASW,CE,Combined TRACON& Tower with Radar,10,5,22,13,50,0,0,18,1,19,10,5,40,14,69,6,78,84,153
02/22/2017,FSM,AR,ASW,CE,Combined TRACON& Tower with Radar,10,5,15,34,64,0,1,18,9,28,10,6,33,43,92,58,28,86,178
02/23/2017,FSM,AR,ASW,CE,Combined TRACON& Tower with Radar,10,4,19,52,85,0,0,22,11,33,10,4,41,63,118,0,70,70,188
02/24/2017,FSM,AR,ASW,CE,Combined TRACON& Tower with Radar,10,7,9,61,87,0,2,9,2,13,10,9,18,63,100,12,0,12,112
02/25/2017,FSM,AR,ASW,CE,Combined TRACON& Tower with Radar,5,4,16,2,27,0,2,31,0,33,5,6,47,2,60,16,0,16,76
02/26/2017,FSM,AR,ASW,CE,Combined TRACON& Tower with Radar,7,4,24,13,48,0,0,21,0,21,7,4,45,13,69,14,2,16,85
02/27/2017,FSM,AR,ASW,CE,Combined TRACON& Tower with Radar,11,8,13,15,47,0,0,9,11,20,11,8,22,26,67,18,50,68,135
02/28/2017,FSM,AR,ASW,CE,Combined TRACON& Tower with Radar,10,5,18,18,51,0,0,2,2,4,10,5,20,20,55,0,38,38,93
03/01/2017,FSM,AR,ASW,CE,Combined TRACON& Tower with Radar,9,6,18,23,56,0,0,10,5,15,9,6,28,28,71,4,24,28,99
03/02/2017,FSM,AR,ASW,CE,Combined TRACON& Tower with Radar,8,3,25,37,73,0,1,41,11,53,8,4,66,48,126,48,44,92,218
03/03/2017,FSM,AR,ASW,CE,Combined TRACON& Tower with Radar,11,5,38,41,95,0,0,57,1,58,11,5,95,42,153,69,30,99,252
03/04/2017,FSM,AR,ASW,CE,Combined TRACON& Tower with Radar,8,6,8,3,25,0,0,41,4,45,8,6,49,7,70,24,0,24,94
03/05/2017,FSM,AR,ASW,CE,Combined TRACON& Tower with Radar,10,4,12,1,27,0,0,6,0,6,10,4,18,1,33,10,0,10,43
03/06/2017,FSM,AR,ASW,CE,Combined TRACON& Tower with Radar,7,6,16,47,76,0,2,5,0,7,7,8,21,47,83,8,36,44,127
03/07/2017,FSM,AR,ASW,CE,Combined TRACON& Tower with Radar,8,5,22,24,59,0,1,31,3,35,8,6,53,27,94,44,24,68,162
03/08/2017,FSM,AR,ASW,CE,Combined TRACON& Tower with Radar,9,6,14,33,62,0,0,34,6,40,9,6,48,39,102,70,34,104,206
03/09/2017,FSM,AR,ASW,CE,Combined TRACON& Tower with Radar,5,7,20,25,57,0,0,15,1,16,5,7,35,26,73,20,16,36,109
03/10/2017,FSM,AR,ASW,CE,Combined TRACON& Tower with Radar,6,6,16,13,41,0,0,41,0,41,6,6,57,13,82,14,30,44,126
03/11/2017,FSM,AR,ASW,CE,Combined TRACON& Tower with Radar,4,8,4,2,18,0,0,3,0,3,4,8,7,2,21,6,16,22,43
03/12/2017,FSM,AR,ASW,CE,Combined TRACON& Tower with Radar,7,6,24,5,42,0,5,32,0,37,7,11,56,5,79,26,2,28,107
03/13/2017,FSM,AR,ASW,CE,Combined TRACON& Tower with Radar,5,4,25,15,49,0,1,1,3,5,5,5,26,18,54,14,38,52,106
03/14/2017,FSM,AR,ASW,CE,Combined TRACON& Tower with Radar,3,11,18,7,39,0,0,20,5,25,3,11,38,12,64,128,36,164,228
03/15/2017,FSM,AR,ASW,CE,Combined TRACON& Tower with Radar,3,5,25,26,59,0,1,20,13,34,3,6,45,39,93,0,0,0,93
03/16/2017,FSM,AR,ASW,CE,Combined TRACON& Tower with Radar,5,5,30,32,72,0,0,3,0,3,5,5,33,32,75,38,10,48,123
03/17/2017,FSM,AR,ASW,CE,Combined TRACON& Tower with Radar,6,10,33,2,51,0,1,2,0,3,6,11,35,2,54,0,0,0,54
03/18/2017,FSM,AR,ASW,CE,Combined TRACON& Tower with Radar,4,3,17,3,27,0,7,39,1,47,4,10,56,4,74,48,6,54,128
03/19/2017,FSM,AR,ASW,CE,Combined TRACON& Tower with Radar,7,4,22,1,34,0,2,22,0,24,7,6,44,1,58,0,0,0,58
03/20/2017,FSM,AR,ASW,CE,Combined TRACON& Tower with Radar,5,10,16,27,58,0,2,23,5,30,5,12,39,32,88,0,0,0,88
03/21/2017,FSM,AR,ASW,CE,Combined TRACON& Tower with Radar,2,9,30,3,44,0,1,30,10,41,2,10,60,13,85,34,0,34,119
03/22/2017,FSM,AR,ASW,CE,Combined TRACON& Tower with Radar,4,9,14,21,48,0,0,9,8,17,4,9,23,29,65,4,46,50,115
03/23/2017,FSM,AR,ASW,CE,Combined TRACON& Tower with Radar,6,6,21,12,45,0,1,18,10,29,6,7,39,22,74,8,20,28,102
03/24/2017,FSM,AR,ASW,CE,Combined TRACON& Tower with Radar,5,11,10,4,30,0,3,2,0,5,5,14,12,4,35,0,0,0,35
03/25/2017,FSM,AR,ASW,CE,Combined TRACON& Tower with Radar,6,8,11,0,25,0,1,8,0,9,6,9,19,0,34,0,0,0,34
03/26/2017,FSM,AR,ASW,CE,Combined TRACON& Tower with Radar,5,5,16,0,26,0,2,31,0,33,5,7,47,0,59,58,0,58,117
03/27/2017,FSM,AR,ASW,CE,Combined TRACON& Tower with Radar,6,7,16,33,62,0,1,13,3,17,6,8,29,36,79,42,60,102,181
03/28/2017,FSM,AR,ASW,CE,Combined TRACON& Tower with Radar,5,7,24,70,106,0,2,32,10,44,5,9,56,80,150,72,42,114,264
03/29/2017,FSM,AR,ASW,CE,Combined TRACON& Tower with Radar,6,9,14,8,37,0,0,5,0,5,6,9,19,8,42,4,18,22,64
03/30/2017,FSM,AR,ASW,CE,Combined TRACON& Tower with Radar,6,7,33,53,99,0,2,8,3,13,6,9,41,56,112,0,62,62,174
03/31/2017,FSM,AR,ASW,CE,Combined TRACON& Tower with Radar,5,5,30,52,92,0,7,49,9,65,5,12,79,61,157,54,16,70,227
04/01/2017,FSM,AR,ASW,CE,Combined TRACON& Tower with Radar,4,3,21,0,28,0,1,44,4,49,4,4,65,4,77,0,0,0,77
04/02/2017,FSM,AR,ASW,CE,Combined TRACON& Tower with Radar,7,7,8,14,36,0,0,5,1,6,7,7,13,15,42,0,0,0,42
04/03/2017,FSM,AR,ASW,CE,Combined TRACON& Tower with Radar,5,5,15,23,48,0,0,4,1,5,5,5,19,24,53,8,18,26,79
04/04/2017,FSM,AR,ASW,CE,Combined TRACON& Tower with Radar,8,3,23,20,54,0,0,22,13,35,8,3,45,33,89,12,42,54,143
04/05/2017,FSM,AR,ASW,CE,Combined TRACON& Tower with Radar,8,3,17,23,51,0,0,0,6,6,8,3,17,29,57,0,0,0,57
04/06/2017,FSM,AR,ASW,CE,Combined TRACON& Tower with Radar,8,4,19,14,45,0,0,39,9,48,8,4,58,23,93,14,0,14,107
04/07/2017,FSM,AR,ASW,CE,Combined TRACON& Tower with Radar,10,8,17,26,61,0,4,64,9,77,10,12,81,35,138,22,0,22,160
04/08/2017,FSM,AR,ASW,CE,Combined TRACON& Tower with Radar,6,5,11,4,26,0,1,29,0,30,6,6,40,4,56,74,0,74,130
04/09/2017,FSM,AR,ASW,CE,Combined TRACON& Tower with Radar,9,4,11,4,28,0,2,16,1,19,9,6,27,5,47,36,4,40,87
04/10/2017,FSM,AR,ASW,CE,Combined TRACON& Tower with Radar,10,3,19,0,32,0,2,11,0,13,10,5,30,0,45,10,0,10,55
04/11/2017,FSM,AR,ASW,CE,Combined TRACON& Tower with Radar,9,6,20,33,68,0,1,27,14,42,9,7,47,47,110,42,66,108,218
04/12/2017,FSM,AR,ASW,CE,Combined TRACON& Tower with Radar,10,2,24,19,55,0,2,18,9,29,10,4,42,28,84,16,22,38,122
04/13/2017,FSM,AR,ASW,CE,Combined TRACON& Tower with Radar,10,3,26,21,60,0,5,34,5,44,10,8,60,26,104,48,10,58,162
04/14/2017,FSM,AR,ASW,CE,Combined TRACON& Tower with Radar,10,3,21,24,58,0,3,37,1,41,10,6,58,25,99,94,8,102,201
04/15/2017,FSM,AR,ASW,CE,Combined TRACON& Tower with Radar,6,3,16,8,33,0,3,27,2,32,6,6,43,10,65,0,0,0,65
04/16/2017,FSM,AR,ASW,CE,Combined TRACON& Tower with Radar,8,2,7,0,17,0,0,5,0,5,8,2,12,0,22,54,0,54,76
04/17/2017,FSM,AR,ASW,CE,Combined TRACON& Tower with Radar,9,7,22,4,42,0,2,5,0,7,9,9,27,4,49,50,0,50,99
04/18/2017,FSM,AR,ASW,CE,Combined TRACON& Tower with Radar,10,4,14,12,40,0,1,9,1,11,10,5,23,13,51,104,2,106,157
04/19/2017,FSM,AR,ASW,CE,Combined TRACON& Tower with Radar,10,5,21,14,50,0,3,22,1,26,10,8,43,15,76,100,62,162,238
04/20/2017,FSM,AR,ASW,CE,Combined TRACON& Tower with Radar,10,4,24,0,38,0,1,61,0,62,10,5,85,0,100,0,0,0,100
04/21/2017,FSM,AR,ASW,CE,Combined TRACON& Tower with Radar,9,4,14,0,27,0,1,0,0,1,9,5,14,0,28,0,0,0,28
04/22/2017,FSM,AR,ASW,CE,Combined TRACON& Tower with Radar,6,3,16,0,25,0,0,3,1,4,6,3,19,1,29,0,0,0,29
04/23/2017,FSM,AR,ASW,CE,Combined TRACON& Tower with Radar,7,7,14,12,40,0,2,45,9,56,7,9,59,21,96,88,50,138,234
04/24/2017,FSM,AR,ASW,CE,Combined TRACON& Tower with Radar,9,2,15,19,45,0,6,46,2,54,9,8,61,21,99,126,8,134,233
04/25/2017,FSM,AR,ASW,CE,Combined TRACON& Tower with Radar,10,2,10,30,52,0,0,35,13,48,10,2,45,43,100,12,28,40,140
04/26/2017,FSM,AR,ASW,CE,Combined TRACON& Tower with Radar,9,4,10,6,29,0,0,1,0,1,9,4,11,6,30,0,12,12,42
04/27/2017,FSM,AR,ASW,CE,Combined TRACON& Tower with Radar,10,3,22,19,54,0,0,24,4,28,10,3,46,23,82,22,38,60,142
04/28/2017,FSM,AR,ASW,CE,Combined TRACON& Tower with Radar,9,2,25,18,54,0,1,10,0,11,9,3,35,18,65,14,2,16,81
04/29/2017,FSM,AR,ASW,CE,Combined TRACON& Tower with Radar,8,3,4,0,15,0,0,0,0,0,8,3,4,0,15,0,0,0,15
04/30/2017,FSM,AR,ASW,CE,Combined TRACON& Tower with Radar,7,2,12,4,25,0,0,2,7,9,7,2,14,11,34,0,30,30,64
05/01/2017,FSM,AR,ASW,CE,Combined TRACON& Tower with Radar,10,4,18,32,64,0,0,13,4,17,10,4,31,36,81,0,18,18,99
05/02/2017,FSM,AR,ASW,CE,Combined TRACON& Tower with Radar,9,3,24,27,63,0,3,35,1,39,9,6,59,28,102,38,20,58,160
05/03/2017,FSM,AR,ASW,CE,Combined TRACON& Tower with Radar,7,6,13,0,26,0,0,3,0,3,7,6,16,0,29,0,0,0,29
05/04/2017,FSM,AR,ASW,CE,Combined TRACON& Tower with Radar,8,11,26,17,62,0,1,8,9,18,8,12,34,26,80,0,4,4,84
05/05/2017,FSM,AR,ASW,CE,Combined TRACON& Tower with Radar,9,5,18,9,41,0,1,39,0,40,9,6,57,9,81,0,0,0,81
05/06/2017,FSM,AR,ASW,CE,Combined TRACON& Tower with Radar,6,4,18,2,30,0,1,57,5,63,6,5,75,7,93,62,8,70,163
05/07/2017,FSM,AR,ASW,CE,Combined TRACON& Tower with Radar,10,2,10,6,28,0,1,38,2,41,10,3,48,8,69,22,0,22,91
05/08/2017,FSM,AR,ASW,CE,Combined TRACON& Tower with Radar,10,1,7,25,43,0,3,38,9,50,10,4,45,34,93,98,0,98,191
05/09/2017,FSM,AR,ASW,CE,Combined TRACON& Tower with Radar,10,2,20,32,64,0,1,23,2,26,10,3,43,34,90,32,24,56,146
05/10/2017,FSM,AR,ASW,CE,Combined TRACON& Tower with Radar,10,9,19,8,46,0,2,21,3,26,10,11,40,11,72,34,6,40,112
05/11/2017,FSM,AR,ASW,CE,Combined TRACON& Tower with Radar,9,2,7,4,22,0,0,7,0,7,9,2,14,4,29,52,0,52,81
05/12/2017,FSM,AR,ASW,CE,Combined TRACON& Tower with Radar,9,6,14,2,31,0,0,3,0,3,9,6,17,2,34,0,0,0,34
05/13/2017,FSM,AR,ASW,CE,Combined TRACON& Tower with Radar,6,2,8,0,16,0,1,33,2,36,6,3,41,2,52,16,0,16,68
05/14/2017,FSM,AR,ASW,CE,Combined TRACON& Tower with Radar,10,4,18,0,32,0,0,32,1,33,10,4,50,1,65,0,0,0,65
05/15/2017,FSM,AR,ASW,CE,Combined TRACON& Tower with Radar,9,2,20,7,38,0,2,51,2,55,9,4,71,9,93,80,8,88,181
05/16/2017,FSM,AR,ASW,CE,Combined TRACON& Tower with Radar,10,4,31,23,68,0,1,29,4,34,10,5,60,27,102,34,0,34,136
05/17/2017,FSM,AR,ASW,CE,Combined TRACON& Tower with Radar,10,3,30,2,45,0,0,18,18,36,10,3,48,20,81,0,0,0,81
05/18/2017,FSM,AR,ASW,CE,Combined TRACON& Tower with Radar,9,3,25,7,44,0,0,22,12,34,9,3,47,19,78,42,36,78,156
05/19/2017,FSM,AR,ASW,CE,Combined TRACON& Tower with Radar,10,5,20,3,38,0,0,22,0,22,10,5,42,3,60,22,10,32,92
05/20/2017,FSM,AR,ASW,CE,Combined TRACON& Tower with Radar,6,5,10,4,25,0,1,5,3,9,6,6,15,7,34,0,0,0,34
05/21/2017,FSM,AR,ASW,CE,Combined TRACON& Tower with Radar,9,3,11,18,41,0,1,28,18,47,9,4,39,36,88,26,58,84,172
05/22/2017,FSM,AR,ASW,CE,Combined TRACON& Tower with Radar,9,4,21,14,48,0,3,33,6,42,9,7,54,20,90,14,28,42,132
05/23/2017,FSM,AR,ASW,CE,Combined TRACON& Tower with Radar,9,4,22,21,56,0,1,12,3,16,9,5,34,24,72,30,0,30,102
05/24/2017,FSM,AR,ASW,CE,Combined TRACON& Tower with Radar,10,4,9,12,35,0,0,17,7,24,10,4,26,19,59,2,14,16,75
05/25/2017,FSM,AR,ASW,CE,Combined TRACON& Tower with Radar,10,6,44,7,67,0,0,48,4,52,10,6,92,11,119,22,0,22,141
05/26/2017,FSM,AR,ASW,CE,Combined TRACON& Tower with Radar,10,3,19,7,39,0,2,26,2,30,10,5,45,9,69,0,0,0,69
05/27/2017,FSM,AR,ASW,CE,Combined TRACON& Tower with Radar,5,2,16,0,23,0,1,14,0,15,5,3,30,0,38,12,0,12,50
05/28/2017,FSM,AR,ASW,CE,Combined TRACON& Tower with Radar,4,5,4,0,13,0,1,20,0,21,4,6,24,0,34,12,0,12,46
05/29/2017,FSM,AR,ASW,CE,Combined TRACON& Tower with Radar,9,3,15,0,27,0,0,74,0,74,9,3,89,0,101,12,0,12,113
05/30/2017,FSM,AR,ASW,CE,Combined TRACON& Tower with Radar,10,4,26,5,45,0,1,46,0,47,10,5,72,5,92,44,0,44,136
05/31/2017,FSM,AR,ASW,CE,Combined TRACON& Tower with Radar,9,2,18,5,34,0,4,42,2,48,9,6,60,7,82,58,10,68,150
06/01/2017,FSM,AR,ASW,CE,Combined TRACON& Tower with Radar,9,4,16,10,39,0,1,21,0,22,9,5,37,10,61,46,18,64,125
06/02/2017,FSM,AR,ASW,CE,Combined TRACON& Tower with Radar,3,8,22,8,41,0,0,11,0,11,3,8,33,8,52,16,0,16,68
06/03/2017,FSM,AR,ASW,CE,Combined TRACON& Tower with Radar,3,2,20,0,25,0,0,1,2,3,3,2,21,2,28,0,0,0,28
06/04/2017,FSM,AR,ASW,CE,Combined TRACON& Tower with Radar,9,7,6,1,23,0,0,3,2,5,9,7,9,3,28,0,0,0,28
06/05/2017,FSM,AR,ASW,CE,Combined TRACON& Tower with Radar,7,3,11,14,35,0,2,7,1,10,7,5,18,15,45,0,0,0,45
06/06/2017,FSM,AR,ASW,CE,Combined TRACON& Tower with Radar,7,4,22,26,59,0,1,41,15,57,7,5,63,41,116,96,72,168,284
06/07/2017,FSM,AR,ASW,CE,Combined TRACON& Tower with Radar,7,7,20,40,74,0,2,34,14,50,7,9,54,54,124,34,64,98,222
06/08/2017,FSM,AR,ASW,CE,Combined TRACON& Tower with Radar,7,4,11,36,58,0,0,25,17,42,7,4,36,53,100,98,50,148,248
06/09/2017,FSM,AR,ASW,CE,Combined TRACON& Tower with Radar,3,3,19,28,53,0,6,43,19,68,3,9,62,47,121,26,20,46,167
06/10/2017,FSM,AR,ASW,CE,Combined TRACON& Tower with Radar,4,4,10,2,20,0,0,31,21,52,4,4,41,23,72,20,0,20,92
06/11/2017,FSM,AR,ASW,CE,Combined TRACON& Tower with Radar,7,4,20,2,33,0,0,33,5,38,7,4,53,7,71,24,20,44,115
06/12/2017,FSM,AR,ASW,CE,Combined TRACON& Tower with Radar,7,8,33,11,59,0,0,13,8,21,7,8,46,19,80,44,18,62,142
06/13/2017,FSM,AR,ASW,CE,Combined TRACON& Tower with Radar,7,5,18,10,40,0,1,19,18,38,7,6,37,28,78,62,8,70,148
06/14/2017,FSM,AR,ASW,CE,Combined TRACON& Tower with Radar,7,4,25,23,59,0,2,26,4,32,7,6,51,27,91,26,20,46,137
06/15/2017,FSM,AR,ASW,CE,Combined TRACON& Tower with Radar,7,5,22,11,45,0,1,21,3,25,7,6,43,14,70,94,2,96,166
06/16/2017,FSM,AR,ASW,CE,Combined TRACON& Tower with Radar,7,7,34,5,53,0,1,29,3,33,7,8,63,8,86,84,4,88,174
06/17/2017,FSM,AR,ASW,CE,Combined TRACON& Tower with Radar,3,5,13,0,21,0,1,27,0,28,3,6,40,0,49,0,0,0,49
06/18/2017,FSM,AR,ASW,CE,Combined TRACON& Tower with Radar,7,4,9,1,21,0,0,9,1,10,7,4,18,2,31,0,0,0,31
06/19/2017,FSM,AR,ASW,CE,Combined TRACON& Tower with Radar,9,4,25,15,53,0,0,38,16,54,9,4,63,31,107,20,18,38,145
06/20/2017,FSM,AR,ASW,CE,Combined TRACON& Tower with Radar,8,3,20,18,49,0,2,94,9,105,8,5,114,27,154,66,38,104,258
06/21/2017,FSM,AR,ASW,CE,Combined TRACON& Tower with Radar,7,7,28,19,61,0,4,21,37,62,7,11,49,56,123,64,32,96,219
06/22/2017,FSM,AR,ASW,CE,Combined TRACON& Tower with Radar,5,4,14,31,54,0,0,9,2,11,5,4,23,33,65,0,64,64,129
06/23/2017,FSM,AR,ASW,CE,Combined TRACON& Tower with Radar,7,7,10,4,28,0,0,3,2,5,7,7,13,6,33,60,24,84,117
06/24/2017,FSM,AR,ASW,CE,Combined TRACON& Tower with Radar,5,6,14,14,39,0,2,31,4,37,5,8,45,18,76,8,74,82,158
06/25/2017,FSM,AR,ASW,CE,Combined TRACON& Tower with Radar,7,6,14,5,32,0,2,25,2,29,7,8,39,7,61,74,10,84,145
06/26/2017,FSM,AR,ASW,CE,Combined TRACON& Tower with Radar,6,4,21,14,45,0,3,28,1,32,6,7,49,15,77,26,4,30,107
06/27/2017,FSM,AR,ASW,CE,Combined TRACON& Tower with Radar,5,5,14,23,47,0,2,31,10,43,5,7,45,33,90,16,0,16,106
06/28/2017,FSM,AR,ASW,CE,Combined TRACON& Tower with Radar,7,7,16,11,41,0,2,22,25,49,7,9,38,36,90,16,20,36,126
06/29/2017,FSM,AR,ASW,CE,Combined TRACON& Tower with Radar,7,5,11,31,54,0,0,16,7,23,7,5,27,38,77,38,76,114,191
06/30/2017,FSM,AR,ASW,CE,Combined TRACON& Tower with Radar,7,3,7,0,17,0,0,8,0,8,7,3,15,0,25,20,0,20,45
07/01/2017,FSM,AR,ASW,CE,Combined TRACON& Tower with Radar,5,7,22,0,34,0,1,27,0,28,5,8,49,0,62,60,0,60,122
07/02/2017,FSM,AR,ASW,CE,Combined TRACON& Tower with Radar,3,5,13,0,21,0,0,14,0,14,3,5,27,0,35,0,0,0,35
07/03/2017,FSM,AR,ASW,CE,Combined TRACON& Tower with Radar,5,3,11,0,19,0,0,10,0,10,5,3,21,0,29,8,0,8,37
07/04/2017,FSM,AR,ASW,CE,Combined TRACON& Tower with Radar,5,4,6,0,15,0,1,19,0,20,5,5,25,0,35,8,0,8,43
07/05/2017,FSM,AR,ASW,CE,Combined TRACON& Tower with Radar,5,7,18,15,45,0,2,14,1,17,5,9,32,16,62,82,42,124,186
07/06/2017,FSM,AR,ASW,CE,Combined TRACON& Tower with Radar,11,8,19,14,52,0,0,31,2,33,11,8,50,16,85,62,56,118,203
07/07/2017,FSM,AR,ASW,CE,Combined TRACON& Tower with Radar,5,7,17,33,62,0,0,45,6,51,5,7,62,39,113,66,20,86,199
07/08/2017,FSM,AR,ASW,CE,Combined TRACON& Tower with Radar,7,4,9,13,33,0,0,21,6,27,7,4,30,19,60,0,0,0,60
07/09/2017,FSM,AR,ASW,CE,Combined TRACON& Tower with Radar,9,6,7,8,30,0,1,18,0,19,9,7,25,8,49,14,0,14,63
07/10/2017,FSM,AR,ASW,CE,Combined TRACON& Tower with Radar,7,4,25,9,45,0,2,48,1,51,7,6,73,10,96,56,4,60,156
07/11/2017,FSM,AR,ASW,CE,Combined TRACON& Tower with Radar,7,4,15,2,28,0,4,35,5,44,7,8,50,7,72,60,4,64,136
07/12/2017,FSM,AR,ASW,CE,Combined TRACON& Tower with Radar,7,7,17,7,38,0,0,23,3,26,7,7,40,10,64,14,0,14,78
07/13/2017,FSM,AR,ASW,CE,Combined TRACON& Tower with Radar,7,4,24,22,57,0,2,31,3,36,7,6,55,25,93,20,52,72,165
07/14/2017,FSM,AR,ASW,CE,Combined TRACON& Tower with Radar,7,4,22,2,35,0,3,23,0,26,7,7,45,2,61,70,0,70,131
07/15/2017,FSM,AR,ASW,CE,Combined TRACON& Tower with Radar,13,6,14,4,37,0,1,27,2,30,13,7,41,6,67,90,0,90,157
07/16/2017,FSM,AR,ASW,CE,Combined TRACON& Tower with Radar,7,5,10,3,25,0,1,19,1,21,7,6,29,4,46,34,0,34,80
07/17/2017,FSM,AR,ASW,CE,Combined TRACON& Tower with Radar,7,6,23,23,59,0,1,27,8,36,7,7,50,31,95,30,0,30,125
07/18/2017,FSM,AR,ASW,CE,Combined TRACON& Tower with Radar,7,3,21,34,65,0,2,25,40,67,7,5,46,74,132,50,36,86,218
07/19/2017,FSM,AR,ASW,CE,Combined TRACON& Tower with Radar,5,8,32,19,64,0,0,43,26,69,5,8,75,45,133,18,26,44,177
07/20/2017,FSM,AR,ASW,CE,Combined TRACON& Tower with Radar,7,5,11,19,42,0,3,36,15,54,7,8,47,34,96,130,10,140,236
07/21/2017,FSM,AR,ASW,CE,Combined TRACON& Tower with Radar,7,5,14,14,40,0,0,19,8,27,7,5,33,22,67,76,20,96,163
07/22/2017,FSM,AR,ASW,CE,Combined TRACON& Tower with Radar,5,7,12,10,34,0,0,31,1,32,5,7,43,11,66,54,0,54,120
07/23/2017,FSM,AR,ASW,CE,Combined TRACON& Tower with Radar,7,8,15,1,31,0,3,22,1,26,7,11,37,2,57,0,0,0,57
07/24/2017,FSM,AR,ASW,CE,Combined TRACON& Tower with Radar,7,4,13,11,35,0,4,14,8,26,7,8,27,19,61,22,0,22,83
07/25/2017,FSM,AR,ASW,CE,Combined TRACON& Tower with Radar,7,4,34,25,70,0,2,22,6,30,7,6,56,31,100,30,30,60,160
07/26/2017,FSM,AR,ASW,CE,Combined TRACON& Tower with Radar,7,5,17,30,59,0,1,26,5,32,7,6,43,35,91,72,52,124,215
07/27/2017,FSM,AR,ASW,CE,Combined TRACON& Tower with Radar,7,5,16,4,32,0,0,13,9,22,7,5,29,13,54,26,12,38,92
07/28/2017,FSM,AR,ASW,CE,Combined TRACON& Tower with Radar,9,6,20,4,39,0,3,14,4,21,9,9,34,8,60,14,0,14,74
07/29/2017,FSM,AR,ASW,CE,Combined TRACON& Tower with Radar,9,5,13,15,42,0,0,22,1,23,9,5,35,16,65,16,0,16,81
07/30/2017,FSM,AR,ASW,CE,Combined TRACON& Tower with Radar,7,4,7,6,24,0,0,31,6,37,7,4,38,12,61,22,0,22,83
07/31/2017,FSM,AR,ASW,CE,Combined TRACON& Tower with Radar,7,5,13,8,33,0,2,17,5,24,7,7,30,13,57,12,0,12,69
08/01/2017,FSM,AR,ASW,CE,Combined TRACON& Tower with Radar,7,7,18,11,43,0,1,8,0,9,7,8,26,11,52,2,0,2,54
08/02/2017,FSM,AR,ASW,CE,Combined TRACON& Tower with Radar,7,6,10,6,29,0,0,6,3,9,7,6,16,9,38,0,0,0,38
08/03/2017,FSM,AR,ASW,CE,Combined TRACON& Tower with Radar,7,3,18,0,28,0,0,27,0,27,7,3,45,0,55,102,0,102,157
08/04/2017,FSM,AR,ASW,CE,Combined TRACON& Tower with Radar,9,2,13,14,38,0,1,27,0,28,9,3,40,14,66,8,36,44,110
08/05/2017,FSM,AR,ASW,CE,Combined TRACON& Tower with Radar,10,2,13,16,41,0,2,30,6,38,10,4,43,22,79,32,34,66,145
08/06/2017,FSM,AR,ASW,CE,Combined TRACON& Tower with Radar,9,2,7,1,19,0,0,5,0,5,9,2,12,1,24,24,0,24,48
08/07/2017,FSM,AR,ASW,CE,Combined TRACON& Tower with Radar,8,3,11,8,30,0,0,15,0,15,8,3,26,8,45,16,0,16,61
08/08/2017,FSM,AR,ASW,CE,Combined TRACON& Tower with Radar,9,3,22,6,40,0,1,20,0,21,9,4,42,6,61,34,0,34,95
08/09/2017,FSM,AR,ASW,CE,Combined TRACON& Tower with Radar,9,3,20,0,32,0,0,46,0,46,9,3,66,0,78,24,0,24,102
08/10/2017,FSM,AR,ASW,CE,Combined TRACON& Tower with Radar,9,6,16,2,33,0,1,33,0,34,9,7,49,2,67,134,0,134,201
08/11/2017,FSM,AR,ASW,CE,Combined TRACON& Tower with Radar,9,2,16,0,27,0,0,25,0,25,9,2,41,0,52,26,0,26,78
08/12/2017,FSM,AR,ASW,CE,Combined TRACON& Tower with Radar,7,14,14,10,45,0,0,17,0,17,7,14,31,10,62,0,0,0,62
08/13/2017,FSM,AR,ASW,CE,Combined TRACON& Tower with Radar,6,6,18,0,30,0,0,1,0,1,6,6,19,0,31,0,0,0,31
08/14/2017,FSM,AR,ASW,CE,Combined TRACON& Tower with Radar,8,3,20,19,50,0,0,6,0,6,8,3,26,19,56,14,16,30,86
08/15/2017,FSM,AR,ASW,CE,Combined TRACON& Tower with Radar,9,3,24,14,50,0,3,13,1,17,9,6,37,15,67,48,0,48,115
08/16/2017,FSM,AR,ASW,CE,Combined TRACON& Tower with Radar,9,5,23,30,67,0,0,10,3,13,9,5,33,33,80,20,32,52,132
08/17/2017,FSM,AR,ASW,CE,Combined TRACON& Tower with Radar,9,6,22,20,57,0,1,17,1,19,9,7,39,21,76,82,32,114,190
08/18/2017,FSM,AR,ASW,CE,Combined TRACON& Tower with Radar,9,4,20,2,35,0,0,19,0,19,9,4,39,2,54,0,0,0,54
08/19/2017,FSM,AR,ASW,CE,Combined TRACON& Tower with Radar,7,2,15,9,33,0,0,40,5,45,7,2,55,14,78,78,18,96,174
08/20/2017,FSM,AR,ASW,CE,Combined TRACON& Tower with Radar,9,4,12,6,31,0,1,22,2,25,9,5,34,8,56,22,0,22,78
08/21/2017,FSM,AR,ASW,CE,Combined TRACON& Tower with Radar,9,1,22,45,77,0,2,39,33,74,9,3,61,78,151,34,52,86,237
08/22/2017,FSM,AR,ASW,CE,Combined TRACON& Tower with Radar,9,4,23,16,52,0,0,14,9,23,9,4,37,25,75,36,8,44,119
08/23/2017,FSM,AR,ASW,CE,Combined TRACON& Tower with Radar,9,4,21,30,64,0,1,18,3,22,9,5,39,33,86,16,40,56,142
08/24/2017,FSM,AR,ASW,CE,Combined TRACON& Tower with Radar,9,5,21,29,64,0,4,27,12,43,9,9,48,41,107,80,20,100,207
08/25/2017,FSM,AR,ASW,CE,Combined TRACON& Tower with Radar,9,4,25,18,56,0,1,29,1,31,9,5,54,19,87,20,14,34,121
08/26/2017,FSM,AR,ASW,CE,Combined TRACON& Tower with Radar,11,3,14,0,28,0,0,19,1,20,11,3,33,1,48,18,0,18,66
08/27/2017,FSM,AR,ASW,CE,Combined TRACON& Tower with Radar,7,2,10,0,19,0,0,19,0,19,7,2,29,0,38,30,0,30,68
08/28/2017,FSM,AR,ASW,CE,Combined TRACON& Tower with Radar,13,4,16,13,46,0,0,13,5,18,13,4,29,18,64,30,0,30,94
08/29/2017,FSM,AR,ASW,CE,Combined TRACON& Tower with Radar,11,4,14,31,60,0,0,38,2,40,11,4,52,33,100,50,38,88,188
08/30/2017,FSM,AR,ASW,CE,Combined TRACON& Tower with Radar,11,4,21,33,69,0,1,15,3,19,11,5,36,36,88,26,0,26,114
08/31/2017,FSM,AR,ASW,CE,Combined TRACON& Tower with Radar,11,3,25,12,51,0,1,19,4,24,11,4,44,16,75,12,6,18,93
09/01/2017,FSM,AR,ASW,CE,Combined TRACON& Tower with Radar,11,2,9,2,24,0,2,44,3,49,11,4,53,5,73,58,0,58,131
09/02/2017,FSM,AR,ASW,CE,Combined TRACON& Tower with Radar,9,1,18,0,28,0,1,37,1,39,9,2,55,1,67,56,0,56,123
09/03/2017,FSM,AR,ASW,CE,Combined TRACON& Tower with Radar,9,0,4,0,13,0,1,19,0,20,9,1,23,0,33,0,0,0,33
09/04/2017,FSM,AR,ASW,CE,Combined TRACON& Tower with Radar,11,0,18,0,29,0,1,41,0,42,11,1,59,0,71,44,0,44,115
09/05/2017,FSM,AR,ASW,CE,Combined TRACON& Tower with Radar,9,0,17,3,29,0,2,3,0,5,9,2,20,3,34,18,20,38,72
09/06/2017,FSM,AR,ASW,CE,Combined TRACON& Tower with Radar,10,5,20,3,38,0,3,24,3,30,10,8,44,6,68,36,12,48,116
09/07/2017,FSM,AR,ASW,CE,Combined TRACON& Tower with Radar,11,25,37,11,84,0,0,28,3,31,11,25,65,14,115,62,42,104,219
09/08/2017,FSM,AR,ASW,CE,Combined TRACON& Tower with Radar,11,2,19,25,57,0,1,35,8,44,11,3,54,33,101,148,100,248,349
09/09/2017,FSM,AR,ASW,CE,Combined TRACON& Tower with Radar,12,0,14,14,40,0,0,40,2,42,12,0,54,16,82,18,10,28,110
09/10/2017,FSM,AR,ASW,CE,Combined TRACON& Tower with Radar,11,2,13,10,36,0,1,31,0,32,11,3,44,10,68,18,6,24,92
09/11/2017,FSM,AR,ASW,CE,Combined TRACON& Tower with Radar,6,0,18,15,39,0,2,22,0,24,6,2,40,15,63,52,0,52,115
09/12/2017,FSM,AR,ASW,CE,Combined TRACON& Tower with Radar,11,12,23,20,66,0,1,8,0,9,11,13,31,20,75,10,32,42,117
09/13/2017,FSM,AR,ASW,CE,Combined TRACON& Tower with Radar,11,19,28,22,80,0,0,23,0,23,11,19,51,22,103,34,48,82,185
09/14/2017,FSM,AR,ASW,CE,Combined TRACON& Tower with Radar,11,3,36,26,76,0,1,38,4,43,11,4,74,30,119,28,38,66,185
09/15/2017,FSM,AR,ASW,CE,Combined TRACON& Tower with Radar,11,3,27,5,46,0,3,29,5,37,11,6,56,10,83,56,0,56,139
09/16/2017,FSM,AR,ASW,CE,Combined TRACON& Tower with Radar,12,0,21,19,52,0,1,28,10,39,12,1,49,29,91,18,20,38,129
09/17/2017,FSM,AR,ASW,CE,Combined TRACON& Tower with Radar,10,1,22,16,49,0,1,14,6,21,10,2,36,22,70,46,6,52,122
09/18/2017,FSM,AR,ASW,CE,Combined TRACON& Tower with Radar,10,8,26,14,58,0,1,16,1,18,10,9,42,15,76,10,0,10,86
09/19/2017,FSM,AR,ASW,CE,Combined TRACON& Tower with Radar,10,0,22,19,51,0,1,16,5,22,10,1,38,24,73,54,46,100,173
09/20/2017,FSM,AR,ASW,CE,Combined TRACON& Tower with Radar,11,2,31,10,54,0,0,17,2,19,11,2,48,12,73,24,8,32,105
09/21/2017,FSM,AR,ASW,CE,Combined TRACON& Tower with Radar,11,4,23,11,49,0,0,15,1,16,11,4,38,12,65,64,0,64,129
09/22/2017,FSM,AR,ASW,CE,Combined TRACON& Tower with Radar,11,0,17,1,29,0,3,41,0,44,11,3,58,1,73,8,0,8,81
09/23/2017,FSM,AR,ASW,CE,Combined TRACON& Tower with Radar,12,4,18,2,36,0,1,26,1,28,12,5,44,3,64,72,0,72,136
09/24/2017,FSM,AR,ASW,CE,Combined TRACON& Tower with Radar,11,0,20,9,40,0,0,16,0,16,11,0,36,9,56,26,0,26,82
09/25/2017,FSM,AR,ASW,CE,Combined TRACON& Tower with Radar,11,1,14,20,46,0,1,24,5,30,11,2,38,25,76,0,0,0,76
09/26/2017,FSM,AR,ASW,CE,Combined TRACON& Tower with Radar,11,0,26,15,52,0,1,21,6,28,11,1,47,21,80,32,58,90,170
09/27/2017,FSM,AR,ASW,CE,Combined TRACON& Tower with Radar,11,0,18,18,47,0,0,16,2,18,11,0,34,20,65,50,0,50,115
09/28/2017,FSM,AR,ASW,CE,Combined TRACON& Tower with Radar,11,4,12,20,47,0,0,18,3,21,11,4,30,23,68,28,0,28,96
09/29/2017,FSM,AR,ASW,CE,Combined TRACON& Tower with Radar,11,0,20,16,47,0,0,30,0,30,11,0,50,16,77,36,0,36,113
09/30/2017,FSM,AR,ASW,CE,Combined TRACON& Tower with Radar,12,2,9,0,23,0,0,25,0,25,12,2,34,0,48,36,0,36,84
10/01/2017,FSM,AR,ASW,CE,Combined TRACON& Tower with Radar,13,0,15,2,30,0,0,22,1,23,13,0,37,3,53,36,0,36,89
10/02/2017,FSM,AR,ASW,CE,Combined TRACON& Tower with Radar,11,2,9,16,38,0,0,16,1,17,11,2,25,17,55,18,20,38,93
10/03/2017,FSM,AR,ASW,CE,Combined TRACON& Tower with Radar,11,0,16,15,42,0,0,4,0,4,11,0,20,15,46,0,0,0,46
10/04/2017,FSM,AR,ASW,CE,Combined TRACON& Tower with Radar,11,2,31,2,46,0,0,5,0,5,11,2,36,2,51,16,10,26,77
10/05/2017,FSM,AR,ASW,CE,Combined TRACON& Tower with Radar,12,0,21,46,79,0,1,20,4,25,12,1,41,50,104,38,6,44,148
10/06/2017,FSM,AR,ASW,CE,Combined TRACON& Tower with Radar,10,1,10,31,52,0,1,32,0,33,10,2,42,31,85,58,2,60,145
10/07/2017,FSM,AR,ASW,CE,Combined TRACON& Tower with Radar,8,2,25,8,43,0,1,22,5,28,8,3,47,13,71,0,0,0,71
10/08/2017,FSM,AR,ASW,CE,Combined TRACON& Tower with Radar,12,1,18,0,31,0,0,27,0,27,12,1,45,0,58,46,0,46,104
10/09/2017,FSM,AR,ASW,CE,Combined TRACON& Tower with Radar,11,2,6,0,19,0,0,31,0,31,11,2,37,0,50,34,0,34,84
10/10/2017,FSM,AR,ASW,CE,Combined TRACON& Tower with Radar,10,1,23,9,43,0,1,5,0,6,10,2,28,9,49,14,0,14,63
10/11/2017,FSM,AR,ASW,CE,Combined TRACON& Tower with Radar,10,3,24,15,52,0,0,19,1,20,10,3,43,16,72,4,0,4,76
10/12/2017,FSM,AR,ASW,CE,Combined TRACON& Tower with Radar,12,5,14,22,53,0,0,18,3,21,12,5,32,25,74,62,0,62,136
10/13/2017,FSM,AR,ASW,CE,Combined TRACON& Tower with Radar,12,3,12,10,37,0,3,35,2,40,12,6,47,12,77,24,6,30,107
10/14/2017,FSM,AR,ASW,CE,Combined TRACON& Tower with Radar,6,5,9,1,21,0,0,21,5,26,6,5,30,6,47,32,0,32,79
10/15/2017,FSM,AR,ASW,CE,Combined TRACON& Tower with Radar,12,1,11,0,24,0,0,5,0,5,12,1,16,0,29,0,0,0,29
10/16/2017,FSM,AR,ASW,CE,Combined TRACON& Tower with Radar,12,1,15,6,34,0,1,27,1,29,12,2,42,7,63,36,8,44,107
10/17/2017,FSM,AR,ASW,CE,Combined TRACON& Tower with Radar,10,1,22,8,41,0,3,37,4,44,10,4,59,12,85,16,30,46,131
10/18/2017,FSM,AR,ASW,CE,Combined TRACON& Tower with Radar,10,1,26,3,40,0,0,12,2,14,10,1,38,5,54,14,0,14,68
10/19/2017,FSM,AR,ASW,CE,Combined TRACON& Tower with Radar,12,2,25,32,71,0,1,22,5,28,12,3,47,37,99,36,22,58,157
10/20/2017,FSM,AR,ASW,CE,Combined TRACON& Tower with Radar,12,4,24,7,47,0,0,15,1,16,12,4,39,8,63,0,0,0,63
10/21/2017,FSM,AR,ASW,CE,Combined TRACON& Tower with Radar,6,3,16,2,27,0,0,7,0,7,6,3,23,2,34,0,0,0,34
10/22/2017,FSM,AR,ASW,CE,Combined TRACON& Tower with Radar,12,1,11,0,24,0,1,4,0,5,12,2,15,0,29,0,0,0,29
10/23/2017,FSM,AR,ASW,CE,Combined TRACON& Tower with Radar,11,0,21,13,45,0,2,16,4,22,11,2,37,17,67,0,0,0,67
10/24/2017,FSM,AR,ASW,CE,Combined TRACON& Tower with Radar,10,1,16,35,62,0,2,14,9,25,10,3,30,44,87,0,28,28,115
10/25/2017,FSM,AR,ASW,CE,Combined TRACON& Tower with Radar,10,1,30,6,47,0,4,40,0,44,10,5,70,6,91,0,0,0,91
10/26/2017,FSM,AR,ASW,CE,Combined TRACON& Tower with Radar,11,1,16,18,46,0,2,19,3,24,11,3,35,21,70,92,32,124,194
10/27/2017,FSM,AR,ASW,CE,Combined TRACON& Tower with Radar,13,4,25,38,80,0,0,18,0,18,13,4,43,38,98,16,0,16,114
10/28/2017,FSM,AR,ASW,CE,Combined TRACON& Tower with Radar,6,0,3,0,9,0,0,27,0,27,6,0,30,0,36,0,0,0,36
10/29/2017,FSM,AR,ASW,CE,Combined TRACON& Tower with Radar,11,3,23,0,37,0,1,29,0,30,11,4,52,0,67,0,0,0,67
10/30/2017,FSM,AR,ASW,CE,Combined TRACON& Tower with Radar,12,0,27,21,60,0,2,31,4,37,12,2,58,25,97,56,42,98,195
10/31/2017,FSM,AR,ASW,CE,Combined TRACON& Tower with Radar,10,1,19,26,56,0,1,20,5,26,10,2,39,31,82,10,34,44,126
11/01/2017,FSM,AR,ASW,CE,Combined TRACON& Tower with Radar,10,5,17,30,62,0,0,5,1,6,10,5,22,31,68,30,0,30,98
11/02/2017,FSM,AR,ASW,CE,Combined TRACON& Tower with Radar,12,0,15,24,51,0,2,18,4,24,12,2,33,28,75,54,20,74,149
11/03/2017,FSM,AR,ASW,CE,Combined TRACON& Tower with Radar,12,2,28,24,66,0,0,8,2,10,12,2,36,26,76,36,14,50,126
11/04/2017,FSM,AR,ASW,CE,Combined TRACON& Tower with Radar,6,4,7,3,20,0,2,6,1,9,6,6,13,4,29,0,0,0,29
11/05/2017,FSM,AR,ASW,CE,Combined TRACON& Tower with Radar,9,2,17,14,42,0,2,6,0,8,9,4,23,14,50,0,0,0,50
11/06/2017,FSM,AR,ASW,CE,Combined TRACON& Tower with Radar,10,6,8,16,40,0,0,0,0,0,10,6,8,16,40,0,0,0,40
11/07/2017,FSM,AR,ASW,CE,Combined TRACON& Tower with Radar,10,0,10,14,34,0,0,0,0,0,10,0,10,14,34,0,0,0,34
11/08/2017,FSM,AR,ASW,CE,Combined TRACON& Tower with Radar,10,1,17,15,43,0,0,5,2,7,10,1,22,17,50,22,28,50,100
11/09/2017,FSM,AR,ASW,CE,Combined TRACON& Tower with Radar,10,3,11,24,48,0,2,18,19,39,10,5,29,43,87,0,0,0,87
11/10/2017,FSM,AR,ASW,CE,Combined TRACON& Tower with Radar,10,1,24,2,37,0,2,34,0,36,10,3,58,2,73,58,0,58,131
11/11/2017,FSM,AR,ASW,CE,Combined TRACON& Tower with Radar,6,1,12,0,19,0,0,11,0,11,6,1,23,0,30,34,0,34,64
11/12/2017,FSM,AR,ASW,CE,Combined TRACON& Tower with Radar,10,2,19,2,33,0,1,21,0,22,10,3,40,2,55,0,0,0,55
11/13/2017,FSM,AR,ASW,CE,Combined TRACON& Tower with Radar,10,4,22,19,55,0,1,17,8,26,10,5,39,27,81,22,0,22,103
11/14/2017,FSM,AR,ASW,CE,Combined TRACON& Tower with Radar,12,5,17,0,34,0,0,2,0,2,12,5,19,0,36,0,0,0,36
11/15/2017,FSM,AR,ASW,CE,Combined TRACON& Tower with Radar,10,3,19,7,39,0,2,2,0,4,10,5,21,7,43,0,0,0,43
11/16/2017,FSM,AR,ASW,CE,Combined TRACON& Tower with Radar,10,9,30,30,79,0,0,24,10,34,10,9,54,40,113,52,52,104,217
11/17/2017,FSM,AR,ASW,CE,Combined TRACON& Tower with Radar,10,12,21,10,53,0,0,7,0,7,10,12,28,10,60,0,0,0,60
11/18/2017,FSM,AR,ASW,CE,Combined TRACON& Tower with Radar,6,1,8,2,17,0,2,0,2,4,6,3,8,4,21,0,0,0,21
11/19/2017,FSM,AR,ASW,CE,Combined TRACON& Tower with Radar,10,2,23,0,35,0,1,32,0,33,10,3,55,0,68,12,0,12,80
11/20/2017,FSM,AR,ASW,CE,Combined TRACON& Tower with Radar,10,2,17,1,30,0,1,27,0,28,10,3,44,1,58,80,2,82,140
11/21/2017,FSM,AR,ASW,CE,Combined TRACON& Tower with Radar,10,2,27,21,60,0,0,23,4,27,10,2,50,25,87,0,0,0,87
11/22/2017,FSM,AR,ASW,CE,Combined TRACON& Tower with Radar,10,2,14,4,30,0,0,24,0,24,10,2,38,4,54,62,40,102,156
11/23/2017,FSM,AR,ASW,CE,Combined TRACON& Tower with Radar,8,0,7,0,15,0,1,15,0,16,8,1,22,0,31,8,0,8,39
11/24/2017,FSM,AR,ASW,CE,Combined TRACON& Tower with Radar,6,2,9,0,17,0,3,24,0,27,6,5,33,0,44,122,0,122,166
11/25/2017,FSM,AR,ASW,CE,Combined TRACON& Tower with Radar,8,1,12,0,21,0,5,32,0,37,8,6,44,0,58,0,0,0,58
11/26/2017,FSM,AR,ASW,CE,Combined TRACON& Tower with Radar,11,3,25,0,39,0,0,36,0,36,11,3,61,0,75,70,0,70,145
11/27/2017,FSM,AR,ASW,CE,Combined TRACON& Tower with Radar,9,5,22,35,71,0,0,34,4,38,9,5,56,39,109,0,0,0,109
11/28/2017,FSM,AR,ASW,CE,Combined TRACON& Tower with Radar,8,3,22,16,49,0,1,21,4,26,8,4,43,20,75,22,0,22,97
11/29/2017,FSM,AR,ASW,CE,Combined TRACON& Tower with Radar,8,5,22,14,49,0,0,6,0,6,8,5,28,14,55,0,2,2,57
11/30/2017,FSM,AR,ASW,CE,Combined TRACON& Tower with Radar,8,7,23,19,57,0,5,19,7,31,8,12,42,26,88,36,0,36,124
12/01/2017,FSM,AR,ASW,CE,Combined TRACON& Tower with Radar,8,4,20,20,52,0,0,27,2,29,8,4,47,22,81,32,0,32,113
12/02/2017,FSM,AR,ASW,CE,Combined TRACON& Tower with Radar,4,2,22,2,30,0,3,34,0,37,4,5,56,2,67,36,0,36,103
12/03/2017,FSM,AR,ASW,CE,Combined TRACON& Tower with Radar,8,3,9,2,22,0,1,17,0,18,8,4,26,2,40,0,0,0,40
12/04/2017,FSM,AR,ASW,CE,Combined TRACON& Tower with Radar,8,6,22,0,36,0,1,0,0,1,8,7,22,0,37,0,0,0,37
12/05/2017,FSM,AR,ASW,CE,Combined TRACON& Tower with Radar,8,6,16,11,41,0,2,8,4,14,8,8,24,15,55,6,14,20,75
12/06/2017,FSM,AR,ASW,CE,Combined TRACON& Tower with Radar,8,4,16,18,46,0,0,26,5,31,8,4,42,23,77,58,8,66,143
12/07/2017,FSM,AR,ASW,CE,Combined TRACON& Tower with Radar,8,6,16,3,33,0,2,21,2,25,8,8,37,5,58,28,0,28,86
12/08/2017,FSM,AR,ASW,CE,Combined TRACON& Tower with Radar,6,3,24,12,45,0,7,29,1,37,6,10,53,13,82,92,16,108,190
12/09/2017,FSM,AR,ASW,CE,Combined TRACON& Tower with Radar,4,3,11,4,22,0,2,15,0,17,4,5,26,4,39,18,0,18,57
12/10/2017,FSM,AR,ASW,CE,Combined TRACON& Tower with Radar,8,4,15,0,27,0,2,20,1,23,8,6,35,1,50,0,0,0,50
12/11/2017,FSM,AR,ASW,CE,Combined TRACON& Tower with Radar,8,4,23,11,46,0,1,13,2,16,8,5,36,13,62,22,0,22,84
12/12/2017,FSM,AR,ASW,CE,Combined TRACON& Tower with Radar,8,4,10,12,34,0,1,21,5,27,8,5,31,17,61,44,0,44,105
12/13/2017,FSM,AR,ASW,CE,Combined TRACON& Tower with Radar,8,2,22,12,44,0,1,15,8,24,8,3,37,20,68,18,8,26,94
12/14/2017,FSM,AR,ASW,CE,Combined TRACON& Tower with Radar,8,6,18,14,46,0,0,14,3,17,8,6,32,17,63,18,0,18,81
12/15/2017,FSM,AR,ASW,CE,Combined TRACON& Tower with Radar,10,6,38,28,82,0,2,34,0,36,10,8,72,28,118,32,0,32,150
12/16/2017,FSM,AR,ASW,CE,Combined TRACON& Tower with Radar,4,3,7,6,20,0,1,32,0,33,4,4,39,6,53,24,4,28,81
12/17/2017,FSM,AR,ASW,CE,Combined TRACON& Tower with Radar,6,4,14,6,30,0,0,0,0,0,6,4,14,6,30,0,0,0,30
12/18/2017,FSM,AR,ASW,CE,Combined TRACON& Tower with Radar,8,3,24,32,67,0,0,10,1,11,8,3,34,33,78,0,0,0,78
12/19/2017,FSM,AR,ASW,CE,Combined TRACON& Tower with Radar,7,6,16,0,29,0,0,0,0,0,7,6,16,0,29,0,0,0,29
12/20/2017,FSM,AR,ASW,CE,Combined TRACON& Tower with Radar,8,9,24,8,49,0,0,3,0,3,8,9,27,8,52,0,0,0,52
12/21/2017,FSM,AR,ASW,CE,Combined TRACON& Tower with Radar,6,7,24,7,44,0,2,30,0,32,6,9,54,7,76,26,0,26,102
12/22/2017,FSM,AR,ASW,CE,Combined TRACON& Tower with Radar,6,6,17,8,37,0,0,1,0,1,6,6,18,8,38,0,0,0,38
12/23/2017,FSM,AR,ASW,CE,Combined TRACON& Tower with Radar,4,6,12,0,22,0,2,4,0,6,4,8,16,0,28,0,0,0,28
12/24/2017,FSM,AR,ASW,CE,Combined TRACON& Tower with Radar,5,6,4,0,15,0,1,4,0,5,5,7,8,0,20,14,0,14,34
12/25/2017,FSM,AR,ASW,CE,Combined TRACON& Tower with Radar,5,7,3,0,15,0,0,1,0,1,5,7,4,0,16,0,0,0,16
12/26/2017,FSM,AR,ASW,CE,Combined TRACON& Tower with Radar,5,7,13,0,25,0,0,24,0,24,5,7,37,0,49,0,0,0,49
12/27/2017,FSM,AR,ASW,CE,Combined TRACON& Tower with Radar,6,6,11,0,23,0,2,15,0,17,6,8,26,0,40,16,0,16,56
12/28/2017,FSM,AR,ASW,CE,Combined TRACON& Tower with Radar,6,6,12,0,24,0,3,10,1,14,6,9,22,1,38,46,0,46,84
12/29/2017,FSM,AR,ASW,CE,Combined TRACON& Tower with Radar,6,8,9,0,23,0,0,7,0,7,6,8,16,0,30,0,0,0,30
12/30/2017,FSM,AR,ASW,CE,Combined TRACON& Tower with Radar,4,7,10,0,21,0,1,3,0,4,4,8,13,0,25,30,0,30,55
12/31/2017,FSM,AR,ASW,CE,Combined TRACON& Tower with Radar,6,2,6,0,14,0,1,1,0,2,6,3,7,0,16,0,0,0,16
01/01/2018,FSM,AR,ASW,CE,Combined TRACON& Tower with Radar,7,9,12,0,28,0,0,5,0,5,7,9,17,0,33,0,0,0,33
01/02/2018,FSM,AR,ASW,CE,Combined TRACON& Tower with Radar,5,8,13,0,26,0,2,4,0,6,5,10,17,0,32,0,0,0,32
01/03/2018,FSM,AR,ASW,CE,Combined TRACON& Tower with Radar,6,7,12,2,27,0,2,17,0,19,6,9,29,2,46,0,0,0,46
01/04/2018,FSM,AR,ASW,CE,Combined TRACON& Tower with Radar,6,6,17,19,48,0,0,20,2,22,6,6,37,21,70,32,14,46,116
01/05/2018,FSM,AR,ASW,CE,Combined TRACON& Tower with Radar,6,7,18,23,54,0,2,17,0,19,6,9,35,23,73,40,0,40,113
01/06/2018,FSM,AR,ASW,CE,Combined TRACON& Tower with Radar,4,4,13,25,46,0,1,23,3,27,4,5,36,28,73,48,30,78,151
01/07/2018,FSM,AR,ASW,CE,Combined TRACON& Tower with Radar,6,4,5,0,15,0,0,0,0,0,6,4,5,0,15,0,0,0,15
01/08/2018,FSM,AR,ASW,CE,Combined TRACON& Tower with Radar,4,13,13,18,48,0,1,4,0,5,4,14,17,18,53,56,16,72,125
01/09/2018,FSM,AR,ASW,CE,Combined TRACON& Tower with Radar,4,8,18,23,53,0,0,0,0,0,4,8,18,23,53,0,0,0,53
01/10/2018,FSM,AR,ASW,CE,Combined TRACON& Tower with Radar,4,10,19,16,49,0,2,10,0,12,4,12,29,16,61,42,30,72,133
01/11/2018,FSM,AR,ASW,CE,Combined TRACON& Tower with Radar,4,10,9,20,43,0,2,6,0,8,4,12,15,20,51,0,0,0,51
01/12/2018,FSM,AR,ASW,CE,Combined TRACON& Tower with Radar,4,9,13,31,57,0,1,17,5,23,4,10,30,36,80,0,0,0,80
01/13/2018,FSM,AR,ASW,CE,Combined TRACON& Tower with Radar,4,4,7,0,15,0,4,18,0,22,4,8,25,0,37,0,0,0,37
01/14/2018,FSM,AR,ASW,CE,Combined TRACON& Tower with Radar,4,9,8,0,21,0,0,5,0,5,4,9,13,0,26,30,0,30,56
01/15/2018,FSM,AR,ASW,CE,Combined TRACON& Tower with Radar,4,7,18,0,29,0,0,9,1,10,4,7,27,1,39,20,0,20,59
01/16/2018,FSM,AR,ASW,CE,Combined TRACON& Tower with Radar,4,8,9,19,40,0,2,5,1,8,4,10,14,20,48,0,0,0,48
01/17/2018,FSM,AR,ASW,CE,Combined TRACON& Tower with Radar,4,7,15,17,43,0,0,8,5,13,4,7,23,22,56,12,0,12,68
01/18/2018,FSM,AR,ASW,CE,Combined TRACON& Tower with Radar,4,14,19,47,84,0,2,21,6,29,4,16,40,53,113,56,26,82,195
01/19/2018,FSM,AR,ASW,CE,Combined TRACON& Tower with Radar,4,9,22,23,58,0,0,23,0,23,4,9,45,23,81,34,10,44,125
01/20/2018,FSM,AR,ASW,CE,Combined TRACON& Tower with Radar,4,6,16,42,68,0,0,10,1,11,4,6,26,43,79,0,0,0,79
01/21/2018,FSM,AR,ASW,CE,Combined TRACON& Tower with Radar,4,10,11,0,25,0,0,5,0,5,4,10,16,0,30,0,0,0,30
01/22/2018,FSM,AR,ASW,CE,Combined TRACON& Tower with Radar,6,11,7,17,41,0,0,7,0,7,6,11,14,17,48,0,40,40,88
01/23/2018,FSM,AR,ASW,CE,Combined TRACON& Tower with Radar,4,10,23,7,44,0,0,46,1,47,4,10,69,8,91,54,4,58,149
01/24/2018,FSM,AR,ASW,CE,Combined TRACON& Tower with Radar,4,9,35,16,64,0,4,33,1,38,4,13,68,17,102,48,0,48,150
01/25/2018,FSM,AR,ASW,CE,Combined TRACON& Tower with Radar,4,8,17,20,49,0,0,28,0,28,4,8,45,20,77,88,0,88,165
01/26/2018,FSM,AR,ASW,CE,Combined TRACON& Tower with Radar,4,9,30,8,51,0,0,19,0,19,4,9,49,8,70,76,2,78,148
01/27/2018,FSM,AR,ASW,CE,Combined TRACON& Tower with Radar,4,4,12,43,63,0,0,17,5,22,4,4,29,48,85,30,0,30,115
01/28/2018,FSM,AR,ASW,CE,Combined TRACON& Tower with Radar,6,6,13,6,31,0,0,40,0,40,6,6,53,6,71,64,0,64,135
01/29/2018,FSM,AR,ASW,CE,Combined TRACON& Tower with Radar,4,12,13,18,47,0,1,13,6,20,4,13,26,24,67,0,0,0,67
01/30/2018,FSM,AR,ASW,CE,Combined TRACON& Tower with Radar,4,11,13,22,50,0,0,30,0,30,4,11,43,22,80,32,22,54,134
01/31/2018,FSM,AR,ASW,CE,Combined TRACON& Tower with Radar,4,11,7,30,52,0,2,13,3,18,4,13,20,33,70,6,0,6,76
02/01/2018,FSM,AR,ASW,CE,Combined TRACON& Tower with Radar,4,12,20,22,58,0,1,11,4,16,4,13,31,26,74,2,48,50,124
02/02/2018,FSM,AR,ASW,CE,Combined TRACON& Tower with Radar,4,10,17,11,42,0,1,20,1,22,4,11,37,12,64,44,0,44,108
02/03/2018,FSM,AR,ASW,CE,Combined TRACON& Tower with Radar,6,4,19,1,30,0,0,19,5,24,6,4,38,6,54,40,0,40,94
02/04/2018,FSM,AR,ASW,CE,Combined TRACON& Tower with Radar,4,7,8,0,19,0,0,4,0,4,4,7,12,0,23,0,0,0,23
02/05/2018,FSM,AR,ASW,CE,Combined TRACON& Tower with Radar,4,7,27,20,58,0,0,16,1,17,4,7,43,21,75,8,14,22,97
02/06/2018,FSM,AR,ASW,CE,Combined TRACON& Tower with Radar,4,7,26,5,42,0,0,1,0,1,4,7,27,5,43,16,0,16,59
02/07/2018,FSM,AR,ASW,CE,Combined TRACON& Tower with Radar,6,9,28,34,77,0,0,28,5,33,6,9,56,39,110,66,46,112,222
02/08/2018,FSM,AR,ASW,CE,Combined TRACON& Tower with Radar,3,11,24,13,51,0,2,50,2,54,3,13,74,15,105,74,30,104,209
02/09/2018,FSM,AR,ASW,CE,Combined TRACON& Tower with Radar,5,6,20,22,53,0,1,15,6,22,5,7,35,28,75,0,0,0,75
02/10/2018,FSM,AR,ASW,CE,Combined TRACON& Tower with Radar,4,2,7,0,13,0,0,0,0,0,4,2,7,0,13,0,0,0,13
02/11/2018,FSM,AR,ASW,CE,Combined TRACON& Tower with Radar,4,8,11,2,25,0,0,1,1,2,4,8,12,3,27,2,0,2,29
02/12/2018,FSM,AR,ASW,CE,Combined TRACON& Tower with Radar,4,10,2,43,59,0,0,21,4,25,4,10,23,47,84,92,4,96,180
02/13/2018,FSM,AR,ASW,CE,Combined TRACON& Tower with Radar,3,9,16,46,74,0,1,10,3,14,3,10,26,49,88,58,0,58,146
02/14/2018,FSM,AR,ASW,CE,Combined TRACON& Tower with Radar,4,10,11,6,31,0,0,36,0,36,4,10,47,6,67,0,0,0,67
02/15/2018,FSM,AR,ASW,CE,Combined TRACON& Tower with Radar,4,13,14,22,53,0,2,3,3,8,4,15,17,25,61,0,0,0,61
02/16/2018,FSM,AR,ASW,CE,Combined TRACON& Tower with Radar,4,9,18,17,48,0,2,9,4,15,4,11,27,21,63,0,0,0,63
02/17/2018,FSM,AR,ASW,CE,Combined TRACON& Tower with Radar,4,4,5,0,13,0,0,7,0,7,4,4,12,0,20,58,0,58,78
02/18/2018,FSM,AR,ASW,CE,Combined TRACON& Tower with Radar,6,4,21,0,31,0,0,13,0,13,6,4,34,0,44,44,0,44,88
02/19/2018,FSM,AR,ASW,CE,Combined TRACON& Tower with Radar,4,11,7,0,22,0,0,1,1,2,4,11,8,1,24,0,0,0,24
02/20/2018,FSM,AR,ASW,CE,Combined TRACON& Tower with Radar,4,7,9,0,20,0,1,2,1,4,4,8,11,1,24,0,0,0,24
02/21/2018,FSM,AR,ASW,CE,Combined TRACON& Tower with Radar,4,9,3,0,16,0,0,0,0,0,4,9,3,0,16,0,0,0,16
02/22/2018,FSM,AR,ASW,CE,Combined TRACON& Tower with Radar,3,5,19,6,33,0,0,0,0,0,3,5,19,6,33,0,0,0,33
02/23/2018,FSM,AR,ASW,CE,Combined TRACON& Tower with Radar,6,11,2,0,19,0,0,0,0,0,6,11,2,0,19,0,0,0,19
02/24/2018,FSM,AR,ASW,CE,Combined TRACON& Tower with Radar,4,3,7,0,14,0,0,1,0,1,4,3,8,0,15,0,0,0,15
02/25/2018,FSM,AR,ASW,CE,Combined TRACON& Tower with Radar,6,7,13,0,26,0,2,37,3,42,6,9,50,3,68,32,0,32,100
02/26/2018,FSM,AR,ASW,CE,Combined TRACON& Tower with Radar,4,7,29,45,85,0,2,36,5,43,4,9,65,50,128,58,20,78,206
02/27/2018,FSM,AR,ASW,CE,Combined TRACON& Tower with Radar,4,7,12,9,32,0,0,10,2,12,4,7,22,11,44,0,0,0,44
02/28/2018,FSM,AR,ASW,CE,Combined TRACON& Tower with Radar,3,7,22,1,33,0,0,0,0,0,3,7,22,1,33,0,0,0,33
03/01/2018,FSM,AR,ASW,CE,Combined TRACON& Tower with Radar,3,10,25,16,54,0,2,15,2,19,3,12,40,18,73,64,22,86,159
03/02/2018,FSM,AR,ASW,CE,Combined TRACON& Tower with Radar,4,8,15,14,41,0,1,24,0,25,4,9,39,14,66,226,48,274,340
03/03/2018,FSM,AR,ASW,CE,Combined TRACON& Tower with Radar,4,3,12,8,27,0,0,29,1,30,4,3,41,9,57,80,0,80,137
03/04/2018,FSM,AR,ASW,CE,Combined TRACON& Tower with Radar,6,7,13,6,32,0,1,7,1,9,6,8,20,7,41,24,0,24,65
03/05/2018,FSM,AR,ASW,CE,Combined TRACON& Tower with Radar,4,8,17,42,71,0,1,8,10,19,4,9,25,52,90,0,46,46,136
03/06/2018,FSM,AR,ASW,CE,Combined TRACON& Tower with Radar,4,13,15,28,60,0,3,6,6,15,4,16,21,34,75,0,0,0,75
03/07/2018,FSM,AR,ASW,CE,Combined TRACON& Tower with Radar,4,11,17,31,63,0,4,17,9,30,4,15,34,40,93,38,0,38,131
03/08/2018,FSM,AR,ASW,CE,Combined TRACON& Tower with Radar,4,9,21,12,46,0,1,37,3,41,4,10,58,15,87,34,4,38,125
03/09/2018,FSM,AR,ASW,CE,Combined TRACON& Tower with Radar,4,7,26,34,71,0,0,21,1,22,4,7,47,35,93,28,10,38,131
03/10/2018,FSM,AR,ASW,CE,Combined TRACON& Tower with Radar,6,2,11,8,27,0,0,9,5,14,6,2,20,13,41,10,34,44,85
03/11/2018,FSM,AR,ASW,CE,Combined TRACON& Tower with Radar,6,7,14,0,27,0,0,8,0,8,6,7,22,0,35,26,0,26,61
03/12/2018,FSM,AR,ASW,CE,Combined TRACON& Tower with Radar,4,8,29,5,46,0,4,23,9,36,4,12,52,14,82,52,5,57,139
03/13/2018,FSM,AR,ASW,CE,Combined TRACON& Tower with Radar,4,12,12,15,43,0,1,29,3,33,4,13,41,18,76,96,28,124,200
03/14/2018,FSM,AR,ASW,CE,Combined TRACON& Tower with Radar,4,10,20,19,53,0,0,20,0,20,4,10,40,19,73,36,0,36,109
03/15/2018,FSM,AR,ASW,CE,Combined TRACON& Tower with Radar,4,7,15,3,29,0,0,20,3,23,4,7,35,6,52,0,0,0,52
03/16/2018,FSM,AR,ASW,CE,Combined TRACON& Tower with Radar,4,14,13,5,36,0,1,13,0,14,4,15,26,5,50,0,36,36,86
03/17/2018,FSM,AR,ASW,CE,Combined TRACON& Tower with Radar,4,2,15,2,23,0,2,45,3,50,4,4,60,5,73,74,0,74,147
03/18/2018,FSM,AR,ASW,CE,Combined TRACON& Tower with Radar,6,5,3,1,15,0,0,9,0,9,6,5,12,1,24,0,0,0,24
03/19/2018,FSM,AR,ASW,CE,Combined TRACON& Tower with Radar,4,12,9,14,39,0,2,10,0,12,4,14,19,14,51,0,10,10,61
03/20/2018,FSM,AR,ASW,CE,Combined TRACON& Tower with Radar,4,9,12,49,74,0,0,5,2,7,4,9,17,51,81,0,36,36,117
03/21/2018,FSM,AR,ASW,CE,Combined TRACON& Tower with Radar,4,12,22,49,87,0,1,32,9,42,4,13,54,58,129,0,0,0,129
03/22/2018,FSM,AR,ASW,CE,Combined TRACON& Tower with Radar,4,8,18,5,35,0,0,36,0,36,4,8,54,5,71,0,0,0,71
03/23/2018,FSM,AR,ASW,CE,Combined TRACON& Tower with Radar,4,8,27,4,43,0,1,20,2,23,4,9,47,6,66,0,0,0,66
03/24/2018,FSM,AR,ASW,CE,Combined TRACON& Tower with Radar,4,3,12,14,33,0,4,13,2,19,4,7,25,16,52,38,0,38,90
03/25/2018,FSM,AR,ASW,CE,Combined TRACON& Tower with Radar,6,5,17,0,28,0,0,3,0,3,6,5,20,0,31,0,0,0,31
03/26/2018,FSM,AR,ASW,CE,Combined TRACON& Tower with Radar,4,9,22,22,57,0,0,1,1,2,4,9,23,23,59,0,0,0,59
03/27/2018,FSM,AR,ASW,CE,Combined TRACON& Tower with Radar,3,7,8,7,25,0,1,0,0,1,3,8,8,7,26,0,0,0,26
03/28/2018,FSM,AR,ASW,CE,Combined TRACON& Tower with Radar,4,12,16,19,51,0,0,0,0,0,4,12,16,19,51,0,0,0,51
03/29/2018,FSM,AR,ASW,CE,Combined TRACON& Tower with Radar,4,8,10,15,37,0,2,11,4,17,4,10,21,19,54,0,0,0,54
03/30/2018,FSM,AR,ASW,CE,Combined TRACON& Tower with Radar,4,9,14,8,35,0,0,39,0,39,4,9,53,8,74,96,26,122,196
03/31/2018,FSM,AR,ASW,CE,Combined TRACON& Tower with Radar,6,5,15,0,26,0,1,29,0,30,6,6,44,0,56,0,0,0,56
04/01/2018,FSM,AR,ASW,CE,Combined TRACON& Tower with Radar,6,7,15,0,28,0,0,0,0,0,6,7,15,0,28,0,0,0,28
04/02/2018,FSM,AR,ASW,CE,Combined TRACON& Tower with Radar,4,9,25,5,43,0,0,2,0,2,4,9,27,5,45,0,0,0,45
04/03/2018,FSM,AR,ASW,CE,Combined TRACON& Tower with Radar,3,10,9,14,36,0,1,2,2,5,3,11,11,16,41,0,20,20,61
04/04/2018,FSM,AR,ASW,CE,Combined TRACON& Tower with Radar,2,10,18,13,43,0,4,38,10,52,2,14,56,23,95,130,12,142,237
04/05/2018,FSM,AR,ASW,CE,Combined TRACON& Tower with Radar,2,14,30,16,62,0,2,22,2,26,2,16,52,18,88,22,0,22,110
04/06/2018,FSM,AR,ASW,CE,Combined TRACON& Tower with Radar,2,8,15,1,26,0,0,3,0,3,2,8,18,1,29,0,0,0,29
04/07/2018,FSM,AR,ASW,CE,Combined TRACON& Tower with Radar,0,5,8,0,13,0,0,8,3,11,0,5,16,3,24,0,0,0,24
04/08/2018,FSM,AR,ASW,CE,Combined TRACON& Tower with Radar,2,8,13,1,24,0,0,29,2,31,2,8,42,3,55,18,0,18,73
04/09/2018,FSM,AR,ASW,CE,Combined TRACON& Tower with Radar,2,9,19,12,42,0,3,24,6,33,2,12,43,18,75,28,0,28,103
04/10/2018,FSM,AR,ASW,CE,Combined TRACON& Tower with Radar,2,10,22,5,39,0,3,39,6,48,2,13,61,11,87,36,0,36,123
04/11/2018,FSM,AR,ASW,CE,Combined TRACON& Tower with Radar,2,9,20,7,38,0,1,35,4,40,2,10,55,11,78,0,0,0,78
04/12/2018,FSM,AR,ASW,CE,Combined TRACON& Tower with Radar,2,10,11,27,50,0,2,16,4,22,2,12,27,31,72,0,0,0,72
04/13/2018,FSM,AR,ASW,CE,Combined TRACON& Tower with Radar,2,7,4,3,16,0,0,1,0,1,2,7,5,3,17,0,0,0,17
04/14/2018,FSM,AR,ASW,CE,Combined TRACON& Tower with Radar,0,10,13,0,23,0,0,12,5,17,0,10,25,5,40,0,0,0,40
04/15/2018,FSM,AR,ASW,CE,Combined TRACON& Tower with Radar,2,10,14,0,26,0,1,9,0,10,2,11,23,0,36,10,0,10,46
04/16/2018,FSM,AR,ASW,CE,Combined TRACON& Tower with Radar,2,10,18,8,38,0,1,25,1,27,2,11,43,9,65,76,22,98,163
04/17/2018,FSM,AR,ASW,CE,Combined TRACON& Tower with Radar,2,11,10,15,38,0,0,16,3,19,2,11,26,18,57,16,0,16,73
04/18/2018,FSM,AR,ASW,CE,Combined TRACON& Tower with Radar,2,9,15,10,36,0,1,14,7,22,2,10,29,17,58,0,16,16,74
04/19/2018,FSM,AR,ASW,CE,Combined TRACON& Tower with Radar,2,9,28,12,51,0,1,33,9,43,2,10,61,21,94,0,0,0,94
04/20/2018,FSM,AR,ASW,CE,Combined TRACON& Tower with Radar,2,8,19,55,84,0,0,37,0,37,2,8,56,55,121,56,34,90,211
04/21/2018,FSM,AR,ASW,CE,Combined TRACON& Tower with Radar,2,8,7,0,17,0,0,7,1,8,2,8,14,1,25,38,0,38,63
04/22/2018,FSM,AR,ASW,CE,Combined TRACON& Tower with Radar,2,10,15,5,32,0,2,0,0,2,2,12,15,5,34,0,0,0,34
04/23/2018,FSM,AR,ASW,CE,Combined TRACON& Tower with Radar,2,10,25,20,57,0,2,13,5,20,2,12,38,25,77,0,20,20,97
04/24/2018,FSM,AR,ASW,CE,Combined TRACON& Tower with Radar,2,9,20,19,50,0,1,22,4,27,2,10,42,23,77,118,52,170,247
04/25/2018,FSM,AR,ASW,CE,Combined TRACON& Tower with Radar,2,11,19,16,48,0,0,0,2,2,2,11,19,18,50,0,0,0,50
04/26/2018,FSM,AR,ASW,CE,Combined TRACON& Tower with Radar,2,11,29,15,57,0,2,23,6,31,2,13,52,21,88,22,0,22,110
04/27/2018,FSM,AR,ASW,CE,Combined TRACON& Tower with Radar,2,12,23,10,47,0,0,35,0,35,2,12,58,10,82,30,0,30,112
04/28/2018,FSM,AR,ASW,CE,Combined TRACON& Tower with Radar,0,8,15,0,23,0,2,39,0,41,0,10,54,0,64,26,0,26,90
04/29/2018,FSM,AR,ASW,CE,Combined TRACON& Tower with Radar,2,10,14,14,40,0,1,27,0,28,2,11,41,14,68,20,22,42,110
04/30/2018,FSM,AR,ASW,CE,Combined TRACON& Tower with Radar,2,11,31,5,49,0,1,24,1,26,2,12,55,6,75,58,16,74,149
05/01/2018,FSM,AR,ASW,CE,Combined TRACON& Tower with Radar,2,10,31,5,48,0,0,14,2,16,2,10,45,7,64,22,0,22,86
05/02/2018,FSM,AR,ASW,CE,Combined TRACON& Tower with Radar,2,9,11,16,38,0,0,5,0,5,2,9,16,16,43,0,60,60,103
05/03/2018,FSM,AR,ASW,CE,Combined TRACON& Tower with Radar,2,6,9,2,19,0,1,3,2,6,2,7,12,4,25,0,0,0,25
05/04/2018,FSM,AR,ASW,CE,Combined TRACON& Tower with Radar,4,8,35,14,61,0,0,12,1,13,4,8,47,15,74,56,12,68,142
05/05/2018,FSM,AR,ASW,CE,Combined TRACON& Tower with Radar,3,6,7,3,19,0,1,29,2,32,3,7,36,5,51,26,0,26,77
05/06/2018,FSM,AR,ASW,CE,Combined TRACON& Tower with Radar,5,6,10,8,29,0,1,71,0,72,5,7,81,8,101,0,0,0,101
05/07/2018,FSM,AR,ASW,CE,Combined TRACON& Tower with Radar,5,12,11,14,42,0,1,20,2,23,5,13,31,16,65,26,30,56,121
05/08/2018,FSM,AR,ASW,CE,Combined TRACON& Tower with Radar,5,6,12,10,33,0,1,25,3,29,5,7,37,13,62,56,12,68,130
05/09/2018,FSM,AR,ASW,CE,Combined TRACON& Tower with Radar,4,8,12,4,28,0,1,23,4,28,4,9,35,8,56,32,0,32,88
05/10/2018,FSM,AR,ASW,CE,Combined TRACON& Tower with Radar,5,8,22,26,61,0,2,23,4,29,5,10,45,30,90,32,10,42,132
05/11/2018,FSM,AR,ASW,CE,Combined TRACON& Tower with Radar,5,8,20,18,51,0,1,23,4,28,5,9,43,22,79,32,4,36,115
05/12/2018,FSM,AR,ASW,CE,Combined TRACON& Tower with Radar,3,6,17,1,27,0,1,21,0,22,3,7,38,1,49,30,0,30,79
05/13/2018,FSM,AR,ASW,CE,Combined TRACON& Tower with Radar,5,8,15,2,30,0,1,24,0,25,5,9,39,2,55,34,0,34,89
05/14/2018,FSM,AR,ASW,CE,Combined TRACON& Tower with Radar,5,6,21,12,44,0,1,33,2,36,5,7,54,14,80,12,2,14,94
05/15/2018,FSM,AR,ASW,CE,Combined TRACON& Tower with Radar,5,7,14,2,28,0,0,12,4,16,5,7,26,6,44,0,0,0,44
05/16/2018,FSM,AR,ASW,CE,Combined TRACON& Tower with Radar,5,9,27,14,55,0,1,13,3,17,5,10,40,17,72,41,26,67,139
05/17/2018,FSM,AR,ASW,CE,Combined TRACON& Tower with Radar,5,7,22,12,46,0,2,45,5,52,5,9,67,17,98,6,22,28,126
05/18/2018,FSM,AR,ASW,CE,Combined TRACON& Tower with Radar,3,10,26,46,85,0,1,32,3,36,3,11,58,49,121,32,14,46,167
05/19/2018,FSM,AR,ASW,CE,Combined TRACON& Tower with Radar,3,6,13,3,25,0,1,26,0,27,3,7,39,3,52,0,0,0,52
05/20/2018,FSM,AR,ASW,CE,Combined TRACON& Tower with Radar,3,10,13,8,34,0,1,17,0,18,3,11,30,8,52,0,0,0,52
05/21/2018,FSM,AR,ASW,CE,Combined TRACON& Tower with Radar,3,10,10,4,27,0,0,36,3,39,3,10,46,7,66,10,0,10,76
05/22/2018,FSM,AR,ASW,CE,Combined TRACON& Tower with Radar,5,5,15,16,41,0,0,15,7,22,5,5,30,23,63,0,0,0,63
05/23/2018,FSM,AR,ASW,CE,Combined TRACON& Tower with Radar,5,10,13,17,45,0,1,6,2,9,5,11,19,19,54,20,4,24,78
05/24/2018,FSM,AR,ASW,CE,Combined TRACON& Tower with Radar,5,5,13,10,33,0,1,22,10,33,5,6,35,20,66,46,0,46,112
05/25/2018,FSM,AR,ASW,CE,Combined TRACON& Tower with Radar,5,10,15,1,31,0,0,22,0,22,5,10,37,1,53,0,0,0,53
05/26/2018,FSM,AR,ASW,CE,Combined TRACON& Tower with Radar,2,6,7,0,15,0,3,10,0,13,2,9,17,0,28,36,0,36,64
05/27/2018,FSM,AR,ASW,CE,Combined TRACON& Tower with Radar,4,7,5,0,16,0,3,19,0,22,4,10,24,0,38,0,0,0,38
05/28/2018,FSM,AR,ASW,CE,Combined TRACON& Tower with Radar,7,6,7,2,22,0,3,28,0,31,7,9,35,2,53,64,0,64,117
05/29/2018,FSM,AR,ASW,CE,Combined TRACON& Tower with Radar,5,6,15,23,49,0,0,29,8,37,5,6,44,31,86,26,18,44,130
05/30/2018,FSM,AR,ASW,CE,Combined TRACON& Tower with Radar,5,7,24,9,45,0,4,28,2,34,5,11,52,11,79,50,14,64,143
05/31/2018,FSM,AR,ASW,CE,Combined TRACON& Tower with Radar,5,7,26,6,44,0,2,16,4,22,5,9,42,10,66,78,4,82,148
06/01/2018,FSM,AR,ASW,CE,Combined TRACON& Tower with Radar,5,7,29,10,51,0,1,34,2,37,5,8,63,12,88,40,8,48,136
06/02/2018,FSM,AR,ASW,CE,Combined TRACON& Tower with Radar,3,9,18,3,33,0,0,29,3,32,3,9,47,6,65,60,14,74,139
06/03/2018,FSM,AR,ASW,CE,Combined TRACON& Tower with Radar,5,7,19,0,31,0,4,28,6,38,5,11,47,6,69,64,30,94,163
06/04/2018,FSM,AR,ASW,CE,Combined TRACON& Tower with Radar,17,10,12,5,44,0,1,48,4,53,17,11,60,9,97,0,0,0,97
06/05/2018,FSM,AR,ASW,CE,Combined TRACON& Tower with Radar,5,6,19,3,33,0,0,24,4,28,5,6,43,7,61,58,0,58,119
06/06/2018,FSM,AR,ASW,CE,Combined TRACON& Tower with Radar,5,6,6,17,34,0,2,14,9,25,5,8,20,26,59,20,0,20,79
06/07/2018,FSM,AR,ASW,CE,Combined TRACON& Tower with Radar,7,6,19,11,43,0,3,20,2,25,7,9,39,13,68,10,10,20,88
06/08/2018,FSM,AR,ASW,CE,Combined TRACON& Tower with Radar,3,6,9,8,26,0,1,27,0,28,3,7,36,8,54,62,22,84,138
06/09/2018,FSM,AR,ASW,CE,Combined TRACON& Tower with Radar,3,8,15,6,32,0,1,29,3,33,3,9,44,9,65,60,0,60,125
06/10/2018,FSM,AR,ASW,CE,Combined TRACON& Tower with Radar,5,6,10,0,21,0,0,24,9,33,5,6,34,9,54,86,0,86,140
06/11/2018,FSM,AR,ASW,CE,Combined TRACON& Tower with Radar,5,7,10,24,46,0,0,24,5,29,5,7,34,29,75,36,0,36,111
06/12/2018,FSM,AR,ASW,CE,Combined TRACON& Tower with Radar,5,14,26,9,54,0,1,23,7,31,5,15,49,16,85,26,0,26,111
06/13/2018,FSM,AR,ASW,CE,Combined TRACON& Tower with Radar,5,8,19,16,48,0,2,33,3,38,5,10,52,19,86,50,0,50,136
06/14/2018,FSM,AR,ASW,CE,Combined TRACON& Tower with Radar,5,5,23,45,78,0,0,24,2,26,5,5,47,47,104,36,44,80,184
06/15/2018,FSM,AR,ASW,CE,Combined TRACON& Tower with Radar,5,6,24,5,40,0,4,34,0,38,5,10,58,5,78,64,0,64,142
06/16/2018,FSM,AR,ASW,CE,Combined TRACON& Tower with Radar,3,6,20,8,37,0,1,37,0,38,3,7,57,8,75,0,0,0,75
06/17/2018,FSM,AR,ASW,CE,Combined TRACON& Tower with Radar,5,7,11,7,30,0,3,16,0,19,5,10,27,7,49,0,0,0,49
06/18/2018,FSM,AR,ASW,CE,Combined TRACON& Tower with Radar,5,5,19,44,73,0,3,17,3,23,5,8,36,47,96,38,16,54,150
06/19/2018,FSM,AR,ASW,CE,Combined TRACON& Tower with Radar,5,7,18,7,37,0,1,29,7,37,5,8,47,14,74,0,0,0,74
06/20/2018,FSM,AR,ASW,CE,Combined TRACON& Tower with Radar,5,7,9,22,43,0,1,2,3,6,5,8,11,25,49,0,0,0,49
06/21/2018,FSM,AR,ASW,CE,Combined TRACON& Tower with Radar,5,7,34,32,78,0,3,20,5,28,5,10,54,37,106,80,84,164,270
06/22/2018,FSM,AR,ASW,CE,Combined TRACON& Tower with Radar,7,6,19,9,41,0,0,29,3,32,7,6,48,12,73,0,0,0,73
06/23/2018,FSM,AR,ASW,CE,Combined TRACON& Tower with Radar,3,8,13,0,24,0,2,18,0,20,3,10,31,0,44,42,0,42,86
06/24/2018,FSM,AR,ASW,CE,Combined TRACON& Tower with Radar,5,7,11,0,23,0,0,5,0,5,5,7,16,0,28,6,0,6,34
06/25/2018,FSM,AR,ASW,CE,Combined TRACON& Tower with Radar,5,4,14,24,47,0,0,17,6,23,5,4,31,30,70,48,4,52,122
06/26/2018,FSM,AR,ASW,CE,Combined TRACON& Tower with Radar,5,7,24,65,101,0,2,19,12,33,5,9,43,77,134,26,36,62,196
06/27/2018,FSM,AR,ASW,CE,Combined TRACON& Tower with Radar,5,12,23,18,58,0,2,22,13,37,5,14,45,31,95,72,12,84,179
06/28/2018,FSM,AR,ASW,CE,Combined TRACON& Tower with Radar,5,7,20,15,47,0,4,45,4,53,5,11,65,19,100,102,46,148,248
06/29/2018,FSM,AR,ASW,CE,Combined TRACON& Tower with Radar,5,6,22,10,43,0,2,40,1,43,5,8,62,11,86,8,0,8,94
06/30/2018,FSM,AR,ASW,CE,Combined TRACON& Tower with Radar,3,10,30,2,45,0,5,31,2,38,3,15,61,4,83,0,0,0,83
07/01/2018,FSM,AR,ASW,CE,Combined TRACON& Tower with Radar,5,6,5,0,16,0,0,7,0,7,5,6,12,0,23,0,0,0,23
07/02/2018,FSM,AR,ASW,CE,Combined TRACON& Tower with Radar,5,3,10,10,28,0,0,16,0,16,5,3,26,10,44,34,0,34,78
07/03/2018,FSM,AR,ASW,CE,Combined TRACON& Tower with Radar,8,3,11,0,22,0,0,17,0,17,8,3,28,0,39,18,0,18,57
07/04/2018,FSM,AR,ASW,CE,Combined TRACON& Tower with Radar,4,1,20,0,25,0,6,29,0,35,4,7,49,0,60,10,0,10,70
07/05/2018,FSM,AR,ASW,CE,Combined TRACON& Tower with Radar,3,3,13,4,23,0,2,26,0,28,3,5,39,4,51,34,0,34,85
07/06/2018,FSM,AR,ASW,CE,Combined TRACON& Tower with Radar,7,6,6,2,21,0,0,15,0,15,7,6,21,2,36,63,52,115,151
07/07/2018,FSM,AR,ASW,CE,Combined TRACON& Tower with Radar,3,6,9,6,24,0,6,19,1,26,3,12,28,7,50,0,0,0,50
07/08/2018,FSM,AR,ASW,CE,Combined TRACON& Tower with Radar,5,5,19,0,29,0,0,29,1,30,5,5,48,1,59,0,0,0,59
07/09/2018,FSM,AR,ASW,CE,Combined TRACON& Tower with Radar,5,5,6,17,33,0,0,12,4,16,5,5,18,21,49,70,40,110,159
07/10/2018,FSM,AR,ASW,CE,Combined TRACON& Tower with Radar,5,3,13,19,40,0,0,18,4,22,5,3,31,23,62,60,28,88,150
07/11/2018,FSM,AR,ASW,CE,Combined TRACON& Tower with Radar,5,4,26,31,66,0,0,24,7,31,5,4,50,38,97,10,0,10,107
07/12/2018,FSM,AR,ASW,CE,Combined TRACON& Tower with Radar,12,4,17,10,43,0,2,22,9,33,12,6,39,19,76,24,0,24,100
07/13/2018,FSM,AR,ASW,CE,Combined TRACON& Tower with Radar,5,7,20,7,39,0,0,30,0,30,5,7,50,7,69,20,0,20,89
07/14/2018,FSM,AR,ASW,CE,Combined TRACON& Tower with Radar,3,6,3,4,16,0,0,24,1,25,3,6,27,5,41,28,0,28,69
07/15/2018,FSM,AR,ASW,CE,Combined TRACON& Tower with Radar,5,8,14,1,28,0,0,19,0,19,5,8,33,1,47,0,0,0,47
07/16/2018,FSM,AR,ASW,CE,Combined TRACON& Tower with Radar,5,11,10,22,48,0,1,12,5,18,5,12,22,27,66,54,50,104,170
07/17/2018,FSM,AR,ASW,CE,Combined TRACON& Tower with Radar,9,9,17,14,49,0,1,32,6,39,9,10,49,20,88,26,30,56,144
07/18/2018,FSM,AR,ASW,CE,Combined TRACON& Tower with Radar,5,4,10,22,41,0,1,20,3,24,5,5,30,25,65,20,14,34,99
07/19/2018,FSM,AR,ASW,CE,Combined TRACON& Tower with Radar,5,6,23,0,34,0,0,20,0,20,5,6,43,0,54,6,0,6,60
07/20/2018,FSM,AR,ASW,CE,Combined TRACON& Tower with Radar,5,9,17,18,49,0,2,33,1,36,5,11,50,19,85,30,0,30,115
07/21/2018,FSM,AR,ASW,CE,Combined TRACON& Tower with Radar,3,3,11,19,36,0,0,38,0,38,3,3,49,19,74,56,0,56,130
07/22/2018,FSM,AR,ASW,CE,Combined TRACON& Tower with Radar,5,8,10,6,29,0,1,16,2,19,5,9,26,8,48,22,0,22,70
07/23/2018,FSM,AR,ASW,CE,Combined TRACON& Tower with Radar,5,8,16,11,40,0,1,32,4,37,5,9,48,15,77,118,12,130,207
07/24/2018,FSM,AR,ASW,CE,Combined TRACON& Tower with Radar,5,5,11,39,60,0,0,32,5,37,5,5,43,44,97,103,62,165,262
07/25/2018,FSM,AR,ASW,CE,Combined TRACON& Tower with Radar,5,6,15,23,49,0,0,24,10,34,5,6,39,33,83,0,0,0,83
07/26/2018,FSM,AR,ASW,CE,Combined TRACON& Tower with Radar,5,8,26,19,58,0,2,26,5,33,5,10,52,24,91,28,14,42,133
07/27/2018,FSM,AR,ASW,CE,Combined TRACON& Tower with Radar,5,6,12,48,71,0,0,27,1,28,5,6,39,49,99,0,0,0,99
07/28/2018,FSM,AR,ASW,CE,Combined TRACON& Tower with Radar,5,5,2,0,12,0,0,13,0,13,5,5,15,0,25,0,0,0,25
07/29/2018,FSM,AR,ASW,CE,Combined TRACON& Tower with Radar,5,12,13,0,30,0,1,25,0,26,5,13,38,0,56,0,0,0,56
07/30/2018,FSM,AR,ASW,CE,Combined TRACON& Tower with Radar,5,8,16,22,51,0,0,17,0,17,5,8,33,22,68,8,70,78,146
07/31/2018,FSM,AR,ASW,CE,Combined TRACON& Tower with Radar,5,8,13,13,39,0,0,19,2,21,5,8,32,15,60,0,0,0,60
08/01/2018,FSM,AR,ASW,CE,Combined TRACON& Tower with Radar,5,5,19,21,50,0,0,35,10,45,5,5,54,31,95,34,8,42,137
08/02/2018,FSM,AR,ASW,CE,Combined TRACON& Tower with Radar,5,6,18,26,55,0,3,29,2,34,5,9,47,28,89,40,0,40,129
08/03/2018,FSM,AR,ASW,CE,Combined TRACON& Tower with Radar,5,5,11,10,31,0,2,22,0,24,5,7,33,10,55,12,0,12,67
08/04/2018,FSM,AR,ASW,CE,Combined TRACON& Tower with Radar,3,8,22,0,33,0,2,48,6,56,3,10,70,6,89,36,12,48,137
08/05/2018,FSM,AR,ASW,CE,Combined TRACON& Tower with Radar,5,8,11,20,44,0,2,23,0,25,5,10,34,20,69,0,0,0,69
08/06/2018,FSM,AR,ASW,CE,Combined TRACON& Tower with Radar,5,9,9,11,34,0,1,22,5,28,5,10,31,16,62,6,28,34,96
08/07/2018,FSM,AR,ASW,CE,Combined TRACON& Tower with Radar,3,9,26,3,41,0,2,41,13,56,3,11,67,16,97,10,0,10,107
08/08/2018,FSM,AR,ASW,CE,Combined TRACON& Tower with Radar,3,7,7,9,26,0,0,22,6,28,3,7,29,15,54,24,0,24,78
08/09/2018,FSM,AR,ASW,CE,Combined TRACON& Tower with Radar,7,8,16,5,36,0,1,11,4,16,7,9,27,9,52,6,0,6,58
08/10/2018,FSM,AR,ASW,CE,Combined TRACON& Tower with Radar,5,7,15,32,59,0,2,15,0,17,5,9,30,32,76,0,0,0,76
08/11/2018,FSM,AR,ASW,CE,Combined TRACON& Tower with Radar,3,8,12,0,23,0,0,17,0,17,3,8,29,0,40,0,0,0,40
08/12/2018,FSM,AR,ASW,CE,Combined TRACON& Tower with Radar,5,8,13,0,26,0,0,8,0,8,5,8,21,0,34,20,0,20,54
08/13/2018,FSM,AR,ASW,CE,Combined TRACON& Tower with Radar,5,8,6,3,22,0,0,2,0,2,5,8,8,3,24,24,2,26,50
08/14/2018,FSM,AR,ASW,CE,Combined TRACON& Tower with Radar,3,12,16,0,31,0,0,5,0,5,3,12,21,0,36,6,0,6,42
08/15/2018,FSM,AR,ASW,CE,Combined TRACON& Tower with Radar,3,7,18,0,28,0,2,1,0,3,3,9,19,0,31,0,0,0,31
08/16/2018,FSM,AR,ASW,CE,Combined TRACON& Tower with Radar,6,11,22,8,47,0,1,11,1,13,6,12,33,9,60,0,0,0,60
08/17/2018,FSM,AR,ASW,CE,Combined TRACON& Tower with Radar,5,8,10,2,25,0,2,10,2,14,5,10,20,4,39,41,8,49,88
08/18/2018,FSM,AR,ASW,CE,Combined TRACON& Tower with Radar,3,6,16,0,25,0,2,19,0,21,3,8,35,0,46,0,0,0,46
08/19/2018,FSM,AR,ASW,CE,Combined TRACON& Tower with Radar,5,6,15,0,26,0,1,8,0,9,5,7,23,0,35,0,0,0,35
08/20/2018,FSM,AR,ASW,CE,Combined TRACON& Tower with Radar,5,7,29,7,48,0,0,20,1,21,5,7,49,8,69,0,30,30,99
08/21/2018,FSM,AR,ASW,CE,Combined TRACON& Tower with Radar,3,11,22,12,48,0,2,25,3,30,3,13,47,15,78,74,60,134,212
08/22/2018,FSM,AR,ASW,CE,Combined TRACON& Tower with Radar,3,15,17,17,52,0,0,32,7,39,3,15,49,24,91,4,60,64,155
08/23/2018,FSM,AR,ASW,CE,Combined TRACON& Tower with Radar,3,7,15,1,26,0,3,12,2,17,3,10,27,3,43,0,0,0,43
08/24/2018,FSM,AR,ASW,CE,Combined TRACON& Tower with Radar,3,7,19,22,51,0,0,23,3,26,3,7,42,25,77,4,0,4,81
08/25/2018,FSM,AR,ASW,CE,Combined TRACON& Tower with Radar,4,5,11,5,25,0,5,19,2,26,4,10,30,7,51,0,0,0,51
08/26/2018,FSM,AR,ASW,CE,Combined TRACON& Tower with Radar,3,8,16,2,29,0,3,26,4,33,3,11,42,6,62,0,0,0,62
08/27/2018,FSM,AR,ASW,CE,Combined TRACON& Tower with Radar,3,12,15,1,31,0,0,25,4,29,3,12,40,5,60,70,0,70,130
08/28/2018,FSM,AR,ASW,CE,Combined TRACON& Tower with Radar,3,8,21,2,34,0,0,22,2,24,3,8,43,4,58,10,4,14,72
08/29/2018,FSM,AR,ASW,CE,Combined TRACON& Tower with Radar,3,7,9,2,21,0,0,22,0,22,3,7,31,2,43,12,0,12,55
08/30/2018,FSM,AR,ASW,CE,Combined TRACON& Tower with Radar,3,8,35,1,47,0,1,25,1,27,3,9,60,2,74,0,0,0,74
08/31/2018,FSM,AR,ASW,CE,Combined TRACON& Tower with Radar,3,8,26,2,39,0,2,24,0,26,3,10,50,2,65,60,0,60,125
09/01/2018,FSM,AR,ASW,CE,Combined TRACON& Tower with Radar,4,4,15,1,24,0,2,34,0,36,4,6,49,1,60,52,2,54,114
09/02/2018,FSM,AR,ASW,CE,Combined TRACON& Tower with Radar,3,4,4,0,11,0,1,3,0,4,3,5,7,0,15,0,0,0,15
09/03/2018,FSM,AR,ASW,CE,Combined TRACON& Tower with Radar,3,5,17,0,25,0,3,15,0,18,3,8,32,0,43,44,0,44,87
09/04/2018,FSM,AR,ASW,CE,Combined TRACON& Tower with Radar,5,8,26,11,50,0,1,13,3,17,5,9,39,14,67,0,0,0,67
09/05/2018,FSM,AR,ASW,CE,Combined TRACON& Tower with Radar,3,8,16,20,47,0,2,22,3,27,3,10,38,23,74,26,0,26,100
09/06/2018,FSM,AR,ASW,CE,Combined TRACON& Tower with Radar,7,10,20,19,56,0,0,7,6,13,7,10,27,25,69,28,16,44,113
09/07/2018,FSM,AR,ASW,CE,Combined TRACON& Tower with Radar,8,7,11,1,27,0,0,6,1,7,8,7,17,2,34,6,0,6,40
09/08/2018,FSM,AR,ASW,CE,Combined TRACON& Tower with Radar,4,9,11,0,24,0,0,9,1,10,4,9,20,1,34,0,0,0,34
09/09/2018,FSM,AR,ASW,CE,Combined TRACON& Tower with Radar,3,8,12,6,29,0,0,13,0,13,3,8,25,6,42,36,0,36,78
09/10/2018,FSM,AR,ASW,CE,Combined TRACON& Tower with Radar,3,11,18,27,59,0,0,28,10,38,3,11,46,37,97,10,4,14,111
09/11/2018,FSM,AR,ASW,CE,Combined TRACON& Tower with Radar,3,10,28,11,52,0,5,23,5,33,3,15,51,16,85,36,14,50,135
09/12/2018,FSM,AR,ASW,CE,Combined TRACON& Tower with Radar,3,7,24,24,58,0,0,20,4,24,3,7,44,28,82,24,24,48,130
09/13/2018,FSM,AR,ASW,CE,Combined TRACON& Tower with Radar,3,7,20,27,57,0,1,17,6,24,3,8,37,33,81,52,44,96,177
09/14/2018,FSM,AR,ASW,CE,Combined TRACON& Tower with Radar,2,8,18,37,65,0,2,37,5,44,2,10,55,42,109,18,8,26,135
09/15/2018,FSM,AR,ASW,CE,Combined TRACON& Tower with Radar,4,10,10,27,51,0,1,32,4,37,4,11,42,31,88,0,0,0,88
09/16/2018,FSM,AR,ASW,CE,Combined TRACON& Tower with Radar,3,6,15,6,30,0,3,16,1,20,3,9,31,7,50,62,10,72,122
09/17/2018,FSM,AR,ASW,CE,Combined TRACON& Tower with Radar,3,7,24,23,57,0,4,47,7,58,3,11,71,30,115,38,42,80,195
09/18/2018,FSM,AR,ASW,CE,Combined TRACON& Tower with Radar,3,7,33,3,46,0,1,36,2,39,3,8,69,5,85,56,10,66,151
09/19/2018,FSM,AR,ASW,CE,Combined TRACON& Tower with Radar,3,12,13,2,30,0,2,33,3,38,3,14,46,5,68,72,24,96,164
09/20/2018,FSM,AR,ASW,CE,Combined TRACON& Tower with Radar,3,6,21,5,35,0,1,24,2,27,3,7,45,7,62,14,6,20,82
09/21/2018,FSM,AR,ASW,CE,Combined TRACON& Tower with Radar,4,11,8,6,29,0,0,3,0,3,4,11,11,6,32,0,0,0,32
09/22/2018,FSM,AR,ASW,CE,Combined TRACON& Tower with Radar,4,6,12,0,22,0,0,1,0,1,4,6,13,0,23,0,0,0,23
09/23/2018,FSM,AR,ASW,CE,Combined TRACON& Tower with Radar,5,9,12,0,26,0,1,1,0,2,5,10,13,0,28,0,0,0,28
09/24/2018,FSM,AR,ASW,CE,Combined TRACON& Tower with Radar,3,6,5,2,16,0,0,1,0,1,3,6,6,2,17,38,12,50,67
09/25/2018,FSM,AR,ASW,CE,Combined TRACON& Tower with Radar,3,18,19,9,49,0,0,12,4,16,3,18,31,13,65,0,0,0,65
09/26/2018,FSM,AR,ASW,CE,Combined TRACON& Tower with Radar,3,8,23,15,49,0,1,5,6,12,3,9,28,21,61,0,0,0,61
09/27/2018,FSM,AR,ASW,CE,Combined TRACON& Tower with Radar,3,8,25,27,63,18,2,28,5,53,21,10,53,32,116,12,0,12,128
09/28/2018,FSM,AR,ASW,CE,Combined TRACON& Tower with Radar,3,12,13,41,69,0,1,13,1,15,3,13,26,42,84,14,34,48,132
09/29/2018,FSM,AR,ASW,CE,Combined TRACON& Tower with Radar,4,7,22,3,36,0,0,14,1,15,4,7,36,4,51,12,0,12,63
09/30/2018,FSM,AR,ASW,CE,Combined TRACON& Tower with Radar,3,6,22,1,32,0,0,15,0,15,3,6,37,1,47,70,0,70,117
10/01/2018,FSM,AR,ASW,CE,Combined TRACON& Tower with Radar,3,11,23,2,39,0,0,24,0,24,3,11,47,2,63,38,0,38,101
10/02/2018,FSM,AR,ASW,CE,Combined TRACON& Tower with Radar,3,9,21,5,38,0,2,27,0,29,3,11,48,5,67,78,0,78,145
10/03/2018,FSM,AR,ASW,CE,Combined TRACON& Tower with Radar,3,12,22,5,42,0,1,30,2,33,3,13,52,7,75,26,22,48,123
10/04/2018,FSM,AR,ASW,CE,Combined TRACON& Tower with Radar,3,8,21,25,57,0,2,41,2,45,3,10,62,27,102,0,0,0,102
10/05/2018,FSM,AR,ASW,CE,Combined TRACON& Tower with Radar,3,9,17,0,29,0,3,27,0,30,3,12,44,0,59,0,0,0,59
10/06/2018,FSM,AR,ASW,CE,Combined TRACON& Tower with Radar,4,5,14,30,53,0,1,19,0,20,4,6,33,30,73,0,0,0,73
10/07/2018,FSM,AR,ASW,CE,Combined TRACON& Tower with Radar,3,8,10,0,21,0,3,7,0,10,3,11,17,0,31,0,0,0,31
10/08/2018,FSM,AR,ASW,CE,Combined TRACON& Tower with Radar,3,8,21,4,36,0,0,17,4,21,3,8,38,8,57,4,0,4,61
10/09/2018,FSM,AR,ASW,CE,Combined TRACON& Tower with Radar,10,9,9,8,36,0,0,6,0,6,10,9,15,8,42,0,0,0,42
10/10/2018,FSM,AR,ASW,CE,Combined TRACON& Tower with Radar,3,12,23,22,60,0,0,4,4,8,3,12,27,26,68,16,10,26,94
10/11/2018,FSM,AR,ASW,CE,Combined TRACON& Tower with Radar,4,12,15,10,41,0,2,43,2,47,4,14,58,12,88,14,0,14,102
10/12/2018,FSM,AR,ASW,CE,Combined TRACON& Tower with Radar,3,7,18,0,28,0,0,5,0,5,3,7,23,0,33,0,0,0,33
10/13/2018,FSM,AR,ASW,CE,Combined TRACON& Tower with Radar,4,7,10,0,21,0,0,1,0,1,4,7,11,0,22,0,0,0,22
10/14/2018,FSM,AR,ASW,CE,Combined TRACON& Tower with Radar,3,9,11,0,23,0,0,0,0,0,3,9,11,0,23,0,0,0,23
10/15/2018,FSM,AR,ASW,CE,Combined TRACON& Tower with Radar,3,10,13,22,48,0,0,2,2,4,3,10,15,24,52,40,32,72,124
10/16/2018,FSM,AR,ASW,CE,Combined TRACON& Tower with Radar,3,5,17,14,39,0,0,47,10,57,3,5,64,24,96,32,14,46,142
10/17/2018,FSM,AR,ASW,CE,Combined TRACON& Tower with Radar,3,13,15,26,57,0,4,25,7,36,3,17,40,33,93,2,32,34,127
10/18/2018,FSM,AR,ASW,CE,Combined TRACON& Tower with Radar,3,9,15,25,52,0,2,21,6,29,3,11,36,31,81,0,0,0,81
10/19/2018,FSM,AR,ASW,CE,Combined TRACON& Tower with Radar,3,5,17,18,43,0,0,0,0,0,3,5,17,18,43,0,0,0,43
10/20/2018,FSM,AR,ASW,CE,Combined TRACON& Tower with Radar,4,5,13,13,35,0,0,28,2,30,4,5,41,15,65,0,0,0,65
10/21/2018,FSM,AR,ASW,CE,Combined TRACON& Tower with Radar,3,9,16,14,42,0,1,21,3,25,3,10,37,17,67,38,0,38,105
10/22/2018,FSM,AR,ASW,CE,Combined TRACON& Tower with Radar,3,9,21,9,42,0,1,33,0,34,3,10,54,9,76,0,0,0,76
10/23/2018,FSM,AR,ASW,CE,Combined TRACON& Tower with Radar,3,9,31,28,71,0,1,30,1,32,3,10,61,29,103,20,38,58,161
10/24/2018,FSM,AR,ASW,CE,Combined TRACON& Tower with Radar,3,8,17,19,47,0,0,12,6,18,3,8,29,25,65,0,0,0,65
10/25/2018,FSM,AR,ASW,CE,Combined TRACON& Tower with Radar,3,12,17,1,33,0,0,0,0,0,3,12,17,1,33,0,0,0,33
10/26/2018,FSM,AR,ASW,CE,Combined TRACON& Tower with Radar,3,10,19,2,34,0,5,10,1,16,3,15,29,3,50,0,0,0,50
10/27/2018,FSM,AR,ASW,CE,Combined TRACON& Tower with Radar,4,3,15,6,28,0,0,40,2,42,4,3,55,8,70,76,10,86,156
10/28/2018,FSM,AR,ASW,CE,Combined TRACON& Tower with Radar,3,8,20,0,31,0,0,29,2,31,3,8,49,2,62,36,0,36,98
10/29/2018,FSM,AR,ASW,CE,Combined TRACON& Tower with Radar,3,14,27,12,56,0,3,40,0,43,3,17,67,12,99,50,0,50,149
10/30/2018,FSM,AR,ASW,CE,Combined TRACON& Tower with Radar,3,8,25,7,43,0,0,5,0,5,3,8,30,7,48,6,0,6,54
10/31/2018,FSM,AR,ASW,CE,Combined TRACON& Tower with Radar,3,9,10,0,22,0,0,1,0,1,3,9,11,0,23,0,0,0,23
11/01/2018,FSM,AR,ASW,CE,Combined TRACON& Tower with Radar,2,9,26,9,46,0,0,1,2,3,2,9,27,11,49,0,0,0,49
11/02/2018,FSM,AR,ASW,CE,Combined TRACON& Tower with Radar,3,8,31,33,75,0,0,17,5,22,3,8,48,38,97,10,70,80,177
11/03/2018,FSM,AR,ASW,CE,Combined TRACON& Tower with Radar,4,6,13,2,25,0,0,21,2,23,4,6,34,4,48,18,8,26,74
11/04/2018,FSM,AR,ASW,CE,Combined TRACON& Tower with Radar,3,11,25,22,61,0,1,11,1,13,3,12,36,23,74,0,8,8,82
11/05/2018,FSM,AR,ASW,CE,Combined TRACON& Tower with Radar,3,6,23,7,39,0,0,2,0,2,3,6,25,7,41,0,0,0,41
11/06/2018,FSM,AR,ASW,CE,Combined TRACON& Tower with Radar,2,4,25,21,52,0,1,19,7,27,2,5,44,28,79,8,4,12,91
11/07/2018,FSM,AR,ASW,CE,Combined TRACON& Tower with Radar,3,9,20,18,50,0,0,17,2,19,3,9,37,20,69,38,20,58,127
11/08/2018,FSM,AR,ASW,CE,Combined TRACON& Tower with Radar,5,8,27,78,118,0,2,7,2,11,5,10,34,80,129,18,76,94,223
11/09/2018,FSM,AR,ASW,CE,Combined TRACON& Tower with Radar,3,10,24,20,57,0,0,20,4,24,3,10,44,24,81,38,10,48,129
11/10/2018,FSM,AR,ASW,CE,Combined TRACON& Tower with Radar,4,4,17,1,26,0,0,26,0,26,4,4,43,1,52,0,0,0,52
11/11/2018,FSM,AR,ASW,CE,Combined TRACON& Tower with Radar,3,6,11,7,27,0,0,16,0,16,3,6,27,7,43,60,0,60,103
11/12/2018,FSM,AR,ASW,CE,Combined TRACON& Tower with Radar,4,8,12,0,24,0,0,0,0,0,4,8,12,0,24,0,0,0,24
11/13/2018,FSM,AR,ASW,CE,Combined TRACON& Tower with Radar,3,10,20,17,50,0,4,15,3,22,3,14,35,20,72,16,32,48,120
11/14/2018,FSM,AR,ASW,CE,Combined TRACON& Tower with Radar,3,12,16,0,31,0,3,14,2,19,3,15,30,2,50,26,14,40,90
11/15/2018,FSM,AR,ASW,CE,Combined TRACON& Tower with Radar,3,11,15,12,41,0,1,24,4,29,3,12,39,16,70,54,0,54,124
11/16/2018,FSM,AR,ASW,CE,Combined TRACON& Tower with Radar,3,7,26,45,81,0,1,36,1,38,3,8,62,46,119,0,0,0,119
11/17/2018,FSM,AR,ASW,CE,Combined TRACON& Tower with Radar,4,5,13,0,22,0,0,40,0,40,4,5,53,0,62,16,0,16,78
11/18/2018,FSM,AR,ASW,CE,Combined TRACON& Tower with Radar,3,14,13,6,36,0,0,0,0,0,3,14,13,6,36,0,0,0,36
11/19/2018,FSM,AR,ASW,CE,Combined TRACON& Tower with Radar,3,8,17,28,56,0,4,13,0,17,3,12,30,28,73,4,0,4,77
11/20/2018,FSM,AR,ASW,CE,Combined TRACON& Tower with Radar,3,8,19,15,45,0,1,42,0,43,3,9,61,15,88,22,0,22,110
11/21/2018,FSM,AR,ASW,CE,Combined TRACON& Tower with Radar,2,7,21,16,46,0,1,38,1,40,2,8,59,17,86,40,2,42,128
11/22/2018,FSM,AR,ASW,CE,Combined TRACON& Tower with Radar,2,3,7,0,12,0,0,18,0,18,2,3,25,0,30,20,0,20,50
11/23/2018,FSM,AR,ASW,CE,Combined TRACON& Tower with Radar,4,1,14,0,19,0,3,3,0,6,4,4,17,0,25,0,0,0,25
11/24/2018,FSM,AR,ASW,CE,Combined TRACON& Tower with Radar,3,9,7,0,19,0,4,10,0,14,3,13,17,0,33,0,0,0,33
11/25/2018,FSM,AR,ASW,CE,Combined TRACON& Tower with Radar,5,11,20,0,36,0,0,3,0,3,5,11,23,0,39,0,0,0,39
11/26/2018,FSM,AR,ASW,CE,Combined TRACON& Tower with Radar,5,15,13,15,48,0,0,14,0,14,5,15,27,15,62,44,18,62,124
11/27/2018,FSM,AR,ASW,CE,Combined TRACON& Tower with Radar,3,11,20,5,39,0,2,27,4,33,3,13,47,9,72,48,14,62,134
11/28/2018,FSM,AR,ASW,CE,Combined TRACON& Tower with Radar,3,9,7,10,29,0,2,37,5,44,3,11,44,15,73,0,0,0,73
11/29/2018,FSM,AR,ASW,CE,Combined TRACON& Tower with Radar,3,9,28,26,66,0,0,18,5,23,3,9,46,31,89,34,78,112,201
11/30/2018,FSM,AR,ASW,CE,Combined TRACON& Tower with Radar,3,6,3,9,21,0,1,3,0,4,3,7,6,9,25,0,0,0,25
12/01/2018,FSM,AR,ASW,CE,Combined TRACON& Tower with Radar,4,4,16,10,34,0,0,13,0,13,4,4,29,10,47,0,0,0,47
12/02/2018,FSM,AR,ASW,CE,Combined TRACON& Tower with Radar,5,9,21,0,35,0,0,28,0,28,5,9,49,0,63,63,0,63,126
12/03/2018,FSM,AR,ASW,CE,Combined TRACON& Tower with Radar,4,10,13,9,36,0,1,8,0,9,4,11,21,9,45,46,70,116,161
12/04/2018,FSM,AR,ASW,CE,Combined TRACON& Tower with Radar,4,8,14,4,30,0,0,12,2,14,4,8,26,6,44,8,0,8,52
12/05/2018,FSM,AR,ASW,CE,Combined TRACON& Tower with Radar,3,7,19,6,35,0,5,47,1,53,3,12,66,7,88,0,0,0,88
12/06/2018,FSM,AR,ASW,CE,Combined TRACON& Tower with Radar,3,8,23,1,35,0,0,4,0,4,3,8,27,1,39,0,0,0,39
12/07/2018,FSM,AR,ASW,CE,Combined TRACON& Tower with Radar,3,8,3,1,15,0,0,2,0,2,3,8,5,1,17,0,0,0,17
12/08/2018,FSM,AR,ASW,CE,Combined TRACON& Tower with Radar,4,6,4,1,15,0,0,0,0,0,4,6,4,1,15,0,0,0,15
12/09/2018,FSM,AR,ASW,CE,Combined TRACON& Tower with Radar,3,11,15,2,31,0,0,32,0,32,3,11,47,2,63,12,0,12,75
12/10/2018,FSM,AR,ASW,CE,Combined TRACON& Tower with Radar,4,10,21,5,40,0,1,27,2,30,4,11,48,7,70,36,0,36,106
12/11/2018,FSM,AR,ASW,CE,Combined TRACON& Tower with Radar,4,10,24,20,58,0,3,32,7,42,4,13,56,27,100,32,30,62,162
12/12/2018,FSM,AR,ASW,CE,Combined TRACON& Tower with Radar,3,13,22,22,60,0,0,26,1,27,3,13,48,23,87,42,12,54,141
12/13/2018,FSM,AR,ASW,CE,Combined TRACON& Tower with Radar,7,6,11,0,24,0,0,0,0,0,7,6,11,0,24,0,0,0,24
12/14/2018,FSM,AR,ASW,CE,Combined TRACON& Tower with Radar,3,9,6,12,30,0,0,0,0,0,3,9,6,12,30,0,0,0,30
12/15/2018,FSM,AR,ASW,CE,Combined TRACON& Tower with Radar,4,4,16,4,28,0,0,24,0,24,4,4,40,4,52,45,0,45,97
12/16/2018,FSM,AR,ASW,CE,Combined TRACON& Tower with Radar,5,6,18,0,29,0,2,32,0,34,5,8,50,0,63,44,0,44,107
12/17/2018,FSM,AR,ASW,CE,Combined TRACON& Tower with Radar,4,8,12,1,25,0,0,23,0,23,4,8,35,1,48,24,28,52,100
12/18/2018,FSM,AR,ASW,CE,Combined TRACON& Tower with Radar,4,4,12,5,25,0,1,24,0,25,4,5,36,5,50,70,6,76,126
12/19/2018,FSM,AR,ASW,CE,Combined TRACON& Tower with Radar,5,5,28,0,38,0,0,1,1,2,5,5,29,1,40,0,0,0,40
12/20/2018,FSM,AR,ASW,CE,Combined TRACON& Tower with Radar,5,10,13,13,41,0,2,14,0,16,5,12,27,13,57,0,26,26,83
12/21/2018,FSM,AR,ASW,CE,Combined TRACON& Tower with Radar,5,7,34,6,52,0,1,54,1,56,5,8,88,7,108,40,2,42,150
12/22/2018,FSM,AR,ASW,CE,Combined TRACON& Tower with Radar,3,5,28,0,36,0,0,27,0,27,3,5,55,0,63,50,0,50,113
12/23/2018,FSM,AR,ASW,CE,Combined TRACON& Tower with Radar,3,7,23,0,33,0,1,26,0,27,3,8,49,0,60,16,0,16,76
12/24/2018,FSM,AR,ASW,CE,Combined TRACON& Tower with Radar,4,4,4,0,12,0,0,9,0,9,4,4,13,0,21,16,0,16,37
12/25/2018,FSM,AR,ASW,CE,Combined TRACON& Tower with Radar,3,4,9,0,16,0,1,5,1,7,3,5,14,1,23,16,0,16,39
12/26/2018,FSM,AR,ASW,CE,Combined TRACON& Tower with Radar,8,11,16,0,35,0,1,1,0,2,8,12,17,0,37,0,0,0,37
12/27/2018,FSM,AR,ASW,CE,Combined TRACON& Tower with Radar,6,9,17,6,38,0,1,15,1,17,6,10,32,7,55,0,8,8,63
12/28/2018,FSM,AR,ASW,CE,Combined TRACON& Tower with Radar,4,8,13,0,25,0,3,23,2,28,4,11,36,2,53,15,0,15,68
12/29/2018,FSM,AR,ASW,CE,Combined TRACON& Tower with Radar,4,7,18,0,29,0,1,13,0,14,4,8,31,0,43,36,0,36,79
12/30/2018,FSM,AR,ASW,CE,Combined TRACON& Tower with Radar,5,6,16,0,27,0,0,13,0,13,5,6,29,0,40,0,0,0,40
12/31/2018,FSM,AR,ASW,CE,Combined TRACON& Tower with Radar,6,6,11,0,23,0,0,4,0,4,6,6,15,0,27,42,0,42,69
01/01/2019,FSM,AR,ASW,CE,Combined TRACON& Tower with Radar,7,5,12,0,24,0,1,1,0,2,7,6,13,0,26,0,0,0,26
01/02/2019,FSM,AR,ASW,CE,Combined TRACON& Tower with Radar,7,6,4,0,17,0,0,0,0,0,7,6,4,0,17,0,0,0,17
01/03/2019,FSM,AR,ASW,CE,Combined TRACON& Tower with Radar,5,5,10,0,20,0,0,0,0,0,5,5,10,0,20,0,0,0,20
01/04/2019,FSM,AR,ASW,CE,Combined TRACON& Tower with Radar,5,4,14,10,33,0,1,20,0,21,5,5,34,10,54,7,0,7,61
01/05/2019,FSM,AR,ASW,CE,Combined TRACON& Tower with Radar,3,2,12,6,23,0,0,38,2,40,3,2,50,8,63,153,12,165,228
01/06/2019,FSM,AR,ASW,CE,Combined TRACON& Tower with Radar,5,8,7,16,36,0,1,34,4,39,5,9,41,20,75,26,0,26,101
01/07/2019,FSM,AR,ASW,CE,Combined TRACON& Tower with Radar,3,11,14,20,48,0,8,16,2,26,3,19,30,22,74,44,18,62,136
01/08/2019,FSM,AR,ASW,CE,Combined TRACON& Tower with Radar,3,13,15,15,46,0,2,29,12,43,3,15,44,27,89,34,14,48,137
01/09/2019,FSM,AR,ASW,CE,Combined TRACON& Tower with Radar,3,10,8,17,38,0,2,29,7,38,3,12,37,24,76,14,8,22,98
01/10/2019,FSM,AR,ASW,CE,Combined TRACON& Tower with Radar,5,8,25,24,62,0,0,21,10,31,5,8,46,34,93,4,2,6,99
01/11/2019,FSM,AR,ASW,CE,Combined TRACON& Tower with Radar,5,10,9,0,24,0,1,1,0,2,5,11,10,0,26,0,0,0,26
01/12/2019,FSM,AR,ASW,CE,Combined TRACON& Tower with Radar,3,6,1,0,10,0,1,0,0,1,3,7,1,0,11,0,0,0,11
01/13/2019,FSM,AR,ASW,CE,Combined TRACON& Tower with Radar,2,9,9,0,20,0,0,4,0,4,2,9,13,0,24,24,0,24,48
01/14/2019,FSM,AR,ASW,CE,Combined TRACON& Tower with Radar,2,10,16,4,32,0,6,4,0,10,2,16,20,4,42,0,86,86,128
01/15/2019,FSM,AR,ASW,CE,Combined TRACON& Tower with Radar,4,12,17,10,43,0,0,10,0,10,4,12,27,10,53,22,40,62,115
01/16/2019,FSM,AR,ASW,CE,Combined TRACON& Tower with Radar,3,11,10,41,65,0,0,6,1,7,3,11,16,42,72,34,2,36,108
01/17/2019,FSM,AR,ASW,CE,Combined TRACON& Tower with Radar,5,8,15,20,48,0,0,9,4,13,5,8,24,24,61,20,60,80,141
01/18/2019,FSM,AR,ASW,CE,Combined TRACON& Tower with Radar,5,7,21,6,39,0,0,10,0,10,5,7,31,6,49,0,0,0,49
01/19/2019,FSM,AR,ASW,CE,Combined TRACON& Tower with Radar,3,4,1,0,8,0,0,0,0,0,3,4,1,0,8,0,0,0,8
01/20/2019,FSM,AR,ASW,CE,Combined TRACON& Tower with Radar,2,6,26,1,35,0,5,39,0,44,2,11,65,1,79,40,0,40,119
01/21/2019,FSM,AR,ASW,CE,Combined TRACON& Tower with Radar,3,10,25,1,39,0,1,21,1,23,3,11,46,2,62,7,0,7,69
01/22/2019,FSM,AR,ASW,CE,Combined TRACON& Tower with Radar,3,8,11,0,22,0,0,1,0,1,3,8,12,0,23,0,0,0,23
01/23/2019,FSM,AR,ASW,CE,Combined TRACON& Tower with Radar,3,9,21,0,33,0,0,11,5,16,3,9,32,5,49,28,0,28,77
01/24/2019,FSM,AR,ASW,CE,Combined TRACON& Tower with Radar,5,6,25,0,36,0,2,42,0,44,5,8,67,0,80,26,0,26,106
01/25/2019,FSM,AR,ASW,CE,Combined TRACON& Tower with Radar,5,8,18,32,63,0,2,31,4,37,5,10,49,36,100,26,68,94,194
01/26/2019,FSM,AR,ASW,CE,Combined TRACON& Tower with Radar,3,3,15,19,40,0,1,51,2,54,3,4,66,21,94,96,10,106,200
01/27/2019,FSM,AR,ASW,CE,Combined TRACON& Tower with Radar,4,7,11,16,38,0,0,36,1,37,4,7,47,17,75,56,0,56,131
01/28/2019,FSM,AR,ASW,CE,Combined TRACON& Tower with Radar,3,8,15,8,34,0,1,11,0,12,3,9,26,8,46,44,10,54,100
01/29/2019,FSM,AR,ASW,CE,Combined TRACON& Tower with Radar,3,8,13,0,24,0,3,17,0,20,3,11,30,0,44,0,0,0,44
01/30/2019,FSM,AR,ASW,CE,Combined TRACON& Tower with Radar,3,10,18,9,40,0,2,29,0,31,3,12,47,9,71,24,12,36,107
01/31/2019,FSM,AR,ASW,CE,Combined TRACON& Tower with Radar,5,6,14,3,28,0,0,12,2,14,5,6,26,5,42,40,2,42,84
02/01/2019,FSM,AR,ASW,CE,Combined TRACON& Tower with Radar,5,11,16,8,40,0,0,4,0,4,5,11,20,8,44,22,0,22,66
02/02/2019,FSM,AR,ASW,CE,Combined TRACON& Tower with Radar,3,4,16,3,26,0,2,17,3,22,3,6,33,6,48,160,0,160,208
02/03/2019,FSM,AR,ASW,CE,Combined TRACON& Tower with Radar,2,6,5,4,17,0,0,14,0,14,2,6,19,4,31,14,0,14,45
02/04/2019,FSM,AR,ASW,CE,Combined TRACON& Tower with Radar,3,11,17,29,60,0,4,27,8,39,3,15,44,37,99,44,68,112,211
02/05/2019,FSM,AR,ASW,CE,Combined TRACON& Tower with Radar,3,10,11,9,33,0,1,6,1,8,3,11,17,10,41,64,0,64,105
02/06/2019,FSM,AR,ASW,CE,Combined TRACON& Tower with Radar,3,8,13,6,30,0,0,0,0,0,3,8,13,6,30,0,0,0,30
02/07/2019,FSM,AR,ASW,CE,Combined TRACON& Tower with Radar,5,6,10,21,42,0,0,2,2,4,5,6,12,23,46,0,0,0,46
02/08/2019,FSM,AR,ASW,CE,Combined TRACON& Tower with Radar,5,6,18,0,29,0,2,25,2,29,5,8,43,2,58,30,4,34,92
02/09/2019,FSM,AR,ASW,CE,Combined TRACON& Tower with Radar,3,4,18,7,32,0,0,32,6,38,3,4,50,13,70,20,0,20,90
02/10/2019,FSM,AR,ASW,CE,Combined TRACON& Tower with Radar,2,9,8,2,21,0,0,0,0,0,2,9,8,2,21,0,0,0,21
02/11/2019,FSM,AR,ASW,CE,Combined TRACON& Tower with Radar,3,18,7,0,28,0,0,0,0,0,3,18,7,0,28,0,0,0,28
02/12/2019,FSM,AR,ASW,CE,Combined TRACON& Tower with Radar,2,9,10,9,30,0,2,14,1,17,2,11,24,10,47,0,0,0,47
02/13/2019,FSM,AR,ASW,CE,Combined TRACON& Tower with Radar,3,14,29,3,49,0,4,18,0,22,3,18,47,3,71,12,0,12,83
02/14/2019,FSM,AR,ASW,CE,Combined TRACON& Tower with Radar,3,9,13,0,25,0,0,13,1,14,3,9,26,1,39,12,0,12,51
02/15/2019,FSM,AR,ASW,CE,Combined TRACON& Tower with Radar,3,10,9,6,28,0,0,3,0,3,3,10,12,6,31,4,14,18,49
02/16/2019,FSM,AR,ASW,CE,Combined TRACON& Tower with Radar,6,2,8,6,22,0,0,8,0,8,6,2,16,6,30,50,0,50,80
02/17/2019,FSM,AR,ASW,CE,Combined TRACON& Tower with Radar,3,7,14,0,24,0,2,30,0,32,3,9,44,0,56,38,0,38,94
02/18/2019,FSM,AR,ASW,CE,Combined TRACON& Tower with Radar,3,7,17,0,27,0,0,25,0,25,3,7,42,0,52,0,0,0,52
02/19/2019,FSM,AR,ASW,CE,Combined TRACON& Tower with Radar,3,10,11,0,24,0,0,0,0,0,3,10,11,0,24,0,0,0,24
02/20/2019,FSM,AR,ASW,CE,Combined TRACON& Tower with Radar,3,9,24,4,40,0,2,17,1,20,3,11,41,5,60,0,0,0,60
02/21/2019,FSM,AR,ASW,CE,Combined TRACON& Tower with Radar,3,10,27,27,67,0,2,27,8,37,3,12,54,35,104,58,22,80,184
02/22/2019,FSM,AR,ASW,CE,Combined TRACON& Tower with Radar,3,10,17,4,34,0,0,0,0,0,3,10,17,4,34,0,0,0,34
02/23/2019,FSM,AR,ASW,CE,Combined TRACON& Tower with Radar,6,4,6,2,18,0,1,5,0,6,6,5,11,2,24,10,0,10,34
02/24/2019,FSM,AR,ASW,CE,Combined TRACON& Tower with Radar,3,7,11,10,31,0,1,23,5,29,3,8,34,15,60,26,38,64,124
02/25/2019,FSM,AR,ASW,CE,Combined TRACON& Tower with Radar,3,9,26,8,46,0,1,37,5,43,3,10,63,13,89,30,0,30,119
02/26/2019,FSM,AR,ASW,CE,Combined TRACON& Tower with Radar,3,8,10,7,28,0,1,14,4,19,3,9,24,11,47,24,0,24,71
02/27/2019,FSM,AR,ASW,CE,Combined TRACON& Tower with Radar,3,13,12,10,38,0,0,1,0,1,3,13,13,10,39,0,0,0,39
02/28/2019,FSM,AR,ASW,CE,Combined TRACON& Tower with Radar,3,9,18,14,44,0,0,0,0,0,3,9,18,14,44,0,0,0,44
03/01/2019,FSM,AR,ASW,CE,Combined TRACON& Tower with Radar,3,9,23,11,46,0,0,5,1,6,3,9,28,12,52,4,3,7,59
03/02/2019,FSM,AR,ASW,CE,Combined TRACON& Tower with Radar,4,2,7,0,13,0,0,6,3,9,4,2,13,3,22,0,0,0,22
03/03/2019,FSM,AR,ASW,CE,Combined TRACON& Tower with Radar,3,8,10,1,22,0,0,4,0,4,3,8,14,1,26,0,0,0,26
03/04/2019,FSM,AR,ASW,CE,Combined TRACON& Tower with Radar,5,15,15,10,45,0,3,8,0,11,5,18,23,10,56,0,0,0,56
03/05/2019,FSM,AR,ASW,CE,Combined TRACON& Tower with Radar,3,12,25,0,40,0,0,25,1,26,3,12,50,1,66,28,0,28,94
03/06/2019,FSM,AR,ASW,CE,Combined TRACON& Tower with Radar,3,12,23,1,39,0,0,22,5,27,3,12,45,6,66,0,0,0,66
03/07/2019,FSM,AR,ASW,CE,Combined TRACON& Tower with Radar,5,8,10,2,25,0,0,4,0,4,5,8,14,2,29,36,0,36,65
03/08/2019,FSM,AR,ASW,CE,Combined TRACON& Tower with Radar,5,10,8,11,34,0,0,9,3,12,5,10,17,14,46,40,0,40,86
03/09/2019,FSM,AR,ASW,CE,Combined TRACON& Tower with Radar,4,6,5,2,17,0,3,5,5,13,4,9,10,7,30,0,0,0,30
03/10/2019,FSM,AR,ASW,CE,Combined TRACON& Tower with Radar,3,8,6,0,17,0,2,27,1,30,3,10,33,1,47,14,0,14,61
03/11/2019,FSM,AR,ASW,CE,Combined TRACON& Tower with Radar,5,8,20,9,42,0,0,23,1,24,5,8,43,10,66,56,12,68,134
03/12/2019,FSM,AR,ASW,CE,Combined TRACON& Tower with Radar,3,9,13,4,29,0,0,1,2,3,3,9,14,6,32,0,0,0,32
03/13/2019,FSM,AR,ASW,CE,Combined TRACON& Tower with Radar,3,7,5,1,16,0,0,5,0,5,3,7,10,1,21,0,0,0,21
03/14/2019,FSM,AR,ASW,CE,Combined TRACON& Tower with Radar,5,12,16,11,44,0,0,7,4,11,5,12,23,15,55,0,0,0,55
03/15/2019,FSM,AR,ASW,CE,Combined TRACON& Tower with Radar,4,12,27,1,44,0,1,33,2,36,4,13,60,3,80,0,0,0,80
03/16/2019,FSM,AR,ASW,CE,Combined TRACON& Tower with Radar,6,2,22,27,57,0,3,51,8,62,6,5,73,35,119,90,0,90,209
03/17/2019,FSM,AR,ASW,CE,Combined TRACON& Tower with Radar,4,8,18,0,30,0,0,29,0,29,4,8,47,0,59,32,0,32,91
03/18/2019,FSM,AR,ASW,CE,Combined TRACON& Tower with Radar,6,7,19,11,43,0,1,27,6,34,6,8,46,17,77,43,10,53,130
03/19/2019,FSM,AR,ASW,CE,Combined TRACON& Tower with Radar,3,8,14,16,41,0,1,20,3,24,3,9,34,19,65,0,0,0,65
03/20/2019,FSM,AR,ASW,CE,Combined TRACON& Tower with Radar,3,10,14,11,38,0,0,7,1,8,3,10,21,12,46,0,0,0,46
03/21/2019,FSM,AR,ASW,CE,Combined TRACON& Tower with Radar,5,8,15,10,38,0,1,36,5,42,5,9,51,15,80,12,8,20,100
03/22/2019,FSM,AR,ASW,CE,Combined TRACON& Tower with Radar,5,7,16,6,34,0,1,26,1,28,5,8,42,7,62,32,0,32,94
03/23/2019,FSM,AR,ASW,CE,Combined TRACON& Tower with Radar,4,3,10,3,20,0,0,15,0,15,4,3,25,3,35,14,0,14,49
03/24/2019,FSM,AR,ASW,CE,Combined TRACON& Tower with Radar,5,10,11,4,30,0,0,5,0,5,5,10,16,4,35,0,0,0,35
03/25/2019,FSM,AR,ASW,CE,Combined TRACON& Tower with Radar,5,8,14,51,78,0,0,13,2,15,5,8,27,53,93,64,0,64,157
03/26/2019,FSM,AR,ASW,CE,Combined TRACON& Tower with Radar,3,8,17,33,61,0,5,34,10,49,3,13,51,43,110,52,14,66,176
03/27/2019,FSM,AR,ASW,CE,Combined TRACON& Tower with Radar,3,12,30,19,64,0,1,26,8,35,3,13,56,27,99,70,14,84,183
03/28/2019,FSM,AR,ASW,CE,Combined TRACON& Tower with Radar,5,13,19,8,45,0,1,10,8,19,5,14,29,16,64,24,12,36,100
03/29/2019,FSM,AR,ASW,CE,Combined TRACON& Tower with Radar,5,8,15,8,36,0,0,6,0,6,5,8,21,8,42,0,0,0,42
03/30/2019,FSM,AR,ASW,CE,Combined TRACON& Tower with Radar,4,3,5,3,15,0,1,1,0,2,4,4,6,3,17,0,0,0,17
03/31/2019,FSM,AR,ASW,CE,Combined TRACON& Tower with Radar,5,10,13,0,28,0,0,21,0,21,5,10,34,0,49,0,0,0,49
04/01/2019,FSM,AR,ASW,CE,Combined TRACON& Tower with Radar,4,10,16,1,31,0,3,13,0,16,4,13,29,1,47,34,0,34,81
04/02/2019,FSM,AR,ASW,CE,Combined TRACON& Tower with Radar,6,12,15,4,37,0,1,27,1,29,6,13,42,5,66,78,0,78,144
04/03/2019,FSM,AR,ASW,CE,Combined TRACON& Tower with Radar,4,7,23,6,40,0,0,23,0,23,4,7,46,6,63,0,0,0,63
04/04/2019,FSM,AR,ASW,CE,Combined TRACON& Tower with Radar,4,8,15,0,27,0,0,5,0,5,4,8,20,0,32,0,0,0,32
04/05/2019,FSM,AR,ASW,CE,Combined TRACON& Tower with Radar,4,11,16,9,40,0,0,29,2,31,4,11,45,11,71,30,3,33,104
04/06/2019,FSM,AR,ASW,CE,Combined TRACON& Tower with Radar,6,3,5,0,14,0,0,6,1,7,6,3,11,1,21,40,0,40,61
04/07/2019,FSM,AR,ASW,CE,Combined TRACON& Tower with Radar,3,14,9,1,27,0,1,8,1,10,3,15,17,2,37,74,4,78,115
04/08/2019,FSM,AR,ASW,CE,Combined TRACON& Tower with Radar,4,9,17,5,35,0,1,17,1,19,4,10,34,6,54,44,0,44,98
04/09/2019,FSM,AR,ASW,CE,Combined TRACON& Tower with Radar,4,8,15,25,52,0,1,29,3,33,4,9,44,28,85,0,0,0,85
04/10/2019,FSM,AR,ASW,CE,Combined TRACON& Tower with Radar,4,8,18,6,36,0,1,14,3,18,4,9,32,9,54,0,0,0,54
04/11/2019,FSM,AR,ASW,CE,Combined TRACON& Tower with Radar,4,9,14,8,35,0,1,9,3,13,4,10,23,11,48,0,0,0,48
04/12/2019,FSM,AR,ASW,CE,Combined TRACON& Tower with Radar,4,13,36,19,72,0,1,40,5,46,4,14,76,24,118,74,16,90,208
04/13/2019,FSM,AR,ASW,CE,Combined TRACON& Tower with Radar,4,2,4,4,14,0,0,0,0,0,4,2,4,4,14,0,0,0,14
04/14/2019,FSM,AR,ASW,CE,Combined TRACON& Tower with Radar,4,7,15,3,29,0,1,17,2,20,4,8,32,5,49,45,0,45,94
04/15/2019,FSM,AR,ASW,CE,Combined TRACON& Tower with Radar,4,10,15,0,29,0,0,17,2,19,4,10,32,2,48,4,8,12,60
04/16/2019,FSM,AR,ASW,CE,Combined TRACON& Tower with Radar,4,8,23,8,43,0,1,10,3,14,4,9,33,11,57,16,0,16,73
04/17/2019,FSM,AR,ASW,CE,Combined TRACON& Tower with Radar,4,13,19,1,37,0,0,6,1,7,4,13,25,2,44,30,0,30,74
04/18/2019,FSM,AR,ASW,CE,Combined TRACON& Tower with Radar,4,12,8,9,33,0,1,7,0,8,4,13,15,9,41,6,14,20,61
04/19/2019,FSM,AR,ASW,CE,Combined TRACON& Tower with Radar,4,9,14,9,36,0,2,18,0,20,4,11,32,9,56,2,18,20,76
04/20/2019,FSM,AR,ASW,CE,Combined TRACON& Tower with Radar,4,4,11,0,19,0,0,39,2,41,4,4,50,2,60,52,0,52,112
04/21/2019,FSM,AR,ASW,CE,Combined TRACON& Tower with Radar,4,6,4,0,14,0,1,16,0,17,4,7,20,0,31,0,0,0,31
04/22/2019,FSM,AR,ASW,CE,Combined TRACON& Tower with Radar,4,7,18,18,47,0,1,30,10,41,4,8,48,28,88,110,32,142,230
04/23/2019,FSM,AR,ASW,CE,Combined TRACON& Tower with Radar,3,11,22,2,38,0,1,22,1,24,3,12,44,3,62,78,6,84,146
04/24/2019,FSM,AR,ASW,CE,Combined TRACON& Tower with Radar,4,9,24,0,37,0,0,0,0,0,4,9,24,0,37,0,0,0,37
04/25/2019,FSM,AR,ASW,CE,Combined TRACON& Tower with Radar,4,13,19,11,47,0,0,11,2,13,4,13,30,13,60,9,0,9,69
04/26/2019,FSM,AR,ASW,CE,Combined TRACON& Tower with Radar,4,8,24,39,75,0,4,77,11,92,4,12,101,50,167,184,50,234,401
04/27/2019,FSM,AR,ASW,CE,Combined TRACON& Tower with Radar,4,6,6,0,16,0,1,9,1,11,4,7,15,1,27,39,0,39,66
04/28/2019,FSM,AR,ASW,CE,Combined TRACON& Tower with Radar,4,5,9,0,18,0,0,16,1,17,4,5,25,1,35,42,0,42,77
04/29/2019,FSM,AR,ASW,CE,Combined TRACON& Tower with Radar,4,11,27,19,61,0,0,26,1,27,4,11,53,20,88,10,0,10,98
04/30/2019,FSM,AR,ASW,CE,Combined TRACON& Tower with Radar,4,8,19,6,37,0,1,2,0,3,4,9,21,6,40,16,0,16,56
05/01/2019,FSM,AR,ASW,CE,Combined TRACON& Tower with Radar,3,6,7,0,16,0,0,3,0,3,3,6,10,0,19,16,0,16,35
05/02/2019,FSM,AR,ASW,CE,Combined TRACON& Tower with Radar,1,9,19,29,58,0,1,17,4,22,1,10,36,33,80,62,22,84,164
05/03/2019,FSM,AR,ASW,CE,Combined TRACON& Tower with Radar,5,5,5,3,18,0,0,0,0,0,5,5,5,3,18,0,0,0,18
05/04/2019,FSM,AR,ASW,CE,Combined TRACON& Tower with Radar,3,8,22,18,51,0,1,9,4,14,3,9,31,22,65,42,36,78,143
05/05/2019,FSM,AR,ASW,CE,Combined TRACON& Tower with Radar,5,9,14,1,29,0,3,24,0,27,5,12,38,1,56,32,0,32,88
05/06/2019,FSM,AR,ASW,CE,Combined TRACON& Tower with Radar,5,7,17,9,38,0,0,11,2,13,5,7,28,11,51,64,6,70,121
05/07/2019,FSM,AR,ASW,CE,Combined TRACON& Tower with Radar,5,7,11,50,73,0,1,10,7,18,5,8,21,57,91,14,0,14,105
05/08/2019,FSM,AR,ASW,CE,Combined TRACON& Tower with Radar,3,6,8,0,17,0,0,4,0,4,3,6,12,0,21,0,0,0,21
05/09/2019,FSM,AR,ASW,CE,Combined TRACON& Tower with Radar,5,8,18,16,47,0,0,2,0,2,5,8,20,16,49,12,20,32,81
05/10/2019,FSM,AR,ASW,CE,Combined TRACON& Tower with Radar,5,9,20,19,53,0,1,21,0,22,5,10,41,19,75,121,0,121,196
05/11/2019,FSM,AR,ASW,CE,Combined TRACON& Tower with Radar,3,4,8,6,21,0,0,0,0,0,3,4,8,6,21,0,0,0,21
05/12/2019,FSM,AR,ASW,CE,Combined TRACON& Tower with Radar,5,6,12,6,29,0,1,17,1,19,5,7,29,7,48,20,0,20,68
05/13/2019,FSM,AR,ASW,CE,Combined TRACON& Tower with Radar,5,5,16,2,28,0,2,53,4,59,5,7,69,6,87,18,0,18,105
05/14/2019,FSM,AR,ASW,CE,Combined TRACON& Tower with Radar,5,6,18,19,48,0,1,30,10,41,5,7,48,29,89,110,14,124,213
05/15/2019,FSM,AR,ASW,CE,Combined TRACON& Tower with Radar,5,6,17,15,43,0,3,19,9,31,5,9,36,24,74,18,0,18,92
05/16/2019,FSM,AR,ASW,CE,Combined TRACON& Tower with Radar,5,10,23,3,41,0,0,40,2,42,5,10,63,5,83,32,0,32,115
05/17/2019,FSM,AR,ASW,CE,Combined TRACON& Tower with Radar,5,13,22,20,60,0,1,41,3,45,5,14,63,23,105,52,62,114,219
05/18/2019,FSM,AR,ASW,CE,Combined TRACON& Tower with Radar,3,3,5,2,13,0,0,4,0,4,3,3,9,2,17,0,0,0,17
05/19/2019,FSM,AR,ASW,CE,Combined TRACON& Tower with Radar,5,10,27,0,42,0,1,20,0,21,5,11,47,0,63,16,0,16,79
05/20/2019,FSM,AR,ASW,CE,Combined TRACON& Tower with Radar,5,10,10,8,33,0,1,7,2,10,5,11,17,10,43,0,18,18,61
05/21/2019,FSM,AR,ASW,CE,Combined TRACON& Tower with Radar,3,6,6,0,15,0,1,1,0,2,3,7,7,0,17,0,0,0,17
05/22/2019,FSM,AR,ASW,CE,Combined TRACON& Tower with Radar,5,13,21,21,60,0,3,8,2,13,5,16,29,23,73,0,0,0,73
05/23/2019,FSM,AR,ASW,CE,Combined TRACON& Tower with Radar,5,13,25,4,47,0,1,28,1,30,5,14,53,5,77,15,2,17,94
05/24/2019,FSM,AR,ASW,CE,Combined TRACON& Tower with Radar,5,8,34,6,53,0,3,43,0,46,5,11,77,6,99,8,4,12,111
05/25/2019,FSM,AR,ASW,CE,Combined TRACON& Tower with Radar,4,4,17,2,27,0,1,37,0,38,4,5,54,2,65,18,0,18,83
05/26/2019,FSM,AR,ASW,CE,Combined TRACON& Tower with Radar,5,5,11,0,21,0,2,31,2,35,5,7,42,2,56,8,0,8,64
05/27/2019,FSM,AR,ASW,CE,Combined TRACON& Tower with Radar,4,6,8,0,18,0,0,47,0,47,4,6,55,0,65,4,0,4,69
05/28/2019,FSM,AR,ASW,CE,Combined TRACON& Tower with Radar,5,6,12,5,28,0,1,31,3,35,5,7,43,8,63,0,0,0,63
05/29/2019,FSM,AR,ASW,CE,Combined TRACON& Tower with Radar,5,5,12,0,22,0,0,1,0,1,5,5,13,0,23,0,0,0,23
05/30/2019,FSM,AR,ASW,CE,Combined TRACON& Tower with Radar,5,17,21,10,53,0,4,51,2,57,5,21,72,12,110,0,0,0,110
05/31/2019,FSM,AR,ASW,CE,Combined TRACON& Tower with Radar,4,5,20,9,38,0,0,49,3,52,4,5,69,12,90,12,26,38,128
06/01/2019,FSM,AR,ASW,CE,Combined TRACON& Tower with Radar,7,7,15,4,33,0,0,46,0,46,7,7,61,4,79,28,0,28,107
06/02/2019,FSM,AR,ASW,CE,Combined TRACON& Tower with Radar,5,5,12,0,22,0,1,29,5,35,5,6,41,5,57,52,2,54,111
06/03/2019,FSM,AR,ASW,CE,Combined TRACON& Tower with Radar,5,5,21,3,34,0,0,13,0,13,5,5,34,3,47,48,12,60,107
06/04/2019,FSM,AR,ASW,CE,Combined TRACON& Tower with Radar,5,7,16,16,44,0,0,12,6,18,5,7,28,22,62,0,18,18,80
06/05/2019,FSM,AR,ASW,CE,Combined TRACON& Tower with Radar,5,6,11,5,27,0,0,11,2,13,5,6,22,7,40,0,0,0,40
06/06/2019,FSM,AR,ASW,CE,Combined TRACON& Tower with Radar,7,4,20,0,31,0,0,4,0,4,7,4,24,0,35,0,0,0,35
06/07/2019,FSM,AR,ASW,CE,Combined TRACON& Tower with Radar,7,5,7,2,21,0,0,5,0,5,7,5,12,2,26,0,0,0,26
06/08/2019,FSM,AR,ASW,CE,Combined TRACON& Tower with Radar,5,5,26,0,36,0,1,28,11,40,5,6,54,11,76,0,0,0,76
06/09/2019,FSM,AR,ASW,CE,Combined TRACON& Tower with Radar,0,5,14,2,21,0,3,20,4,27,0,8,34,6,48,0,0,0,48
06/10/2019,FSM,AR,ASW,CE,Combined TRACON& Tower with Radar,7,16,23,4,50,0,3,16,4,23,7,19,39,8,73,0,0,0,73
06/11/2019,FSM,AR,ASW,CE,Combined TRACON& Tower with Radar,10,4,14,16,44,0,0,31,9,40,10,4,45,25,84,56,26,82,166
06/12/2019,FSM,AR,ASW,CE,Combined TRACON& Tower with Radar,9,10,22,5,46,0,1,38,2,41,9,11,60,7,87,52,0,52,139
06/13/2019,FSM,AR,ASW,CE,Combined TRACON& Tower with Radar,7,7,22,1,37,0,2,23,4,29,7,9,45,5,66,60,22,82,148
06/14/2019,FSM,AR,ASW,CE,Combined TRACON& Tower with Radar,7,3,23,15,48,0,0,21,3,24,7,3,44,18,72,50,8,58,130
06/15/2019,FSM,AR,ASW,CE,Combined TRACON& Tower with Radar,5,13,15,1,34,0,1,22,3,26,5,14,37,4,60,12,0,12,72
06/16/2019,FSM,AR,ASW,CE,Combined TRACON& Tower with Radar,7,9,12,0,28,0,0,2,5,7,7,9,14,5,35,0,0,0,35
06/17/2019,FSM,AR,ASW,CE,Combined TRACON& Tower with Radar,6,7,15,21,49,0,0,13,11,24,6,7,28,32,73,72,48,120,193
06/18/2019,FSM,AR,ASW,CE,Combined TRACON& Tower with Radar,7,10,17,14,48,0,2,26,16,44,7,12,43,30,92,112,48,160,252
06/19/2019,FSM,AR,ASW,CE,Combined TRACON& Tower with Radar,5,5,12,7,29,0,0,14,2,16,5,5,26,9,45,50,0,50,95
06/20/2019,FSM,AR,ASW,CE,Combined TRACON& Tower with Radar,7,8,15,9,39,0,5,37,6,48,7,13,52,15,87,34,0,34,121
06/21/2019,FSM,AR,ASW,CE,Combined TRACON& Tower with Radar,7,4,12,15,38,0,0,34,4,38,7,4,46,19,76,0,0,0,76
06/22/2019,FSM,AR,ASW,CE,Combined TRACON& Tower with Radar,7,5,13,10,35,0,0,16,8,24,7,5,29,18,59,0,0,0,59
06/23/2019,FSM,AR,ASW,CE,Combined TRACON& Tower with Radar,3,2,7,0,12,0,0,2,0,2,3,2,9,0,14,0,0,0,14
06/24/2019,FSM,AR,ASW,CE,Combined TRACON& Tower with Radar,4,6,19,26,55,0,1,27,5,33,4,7,46,31,88,10,2,12,100
06/25/2019,FSM,AR,ASW,CE,Combined TRACON& Tower with Radar,6,5,18,4,33,0,0,13,9,22,6,5,31,13,55,0,18,18,73
06/26/2019,FSM,AR,ASW,CE,Combined TRACON& Tower with Radar,7,5,13,17,42,0,2,17,6,25,7,7,30,23,67,4,70,74,141
06/27/2019,FSM,AR,ASW,CE,Combined TRACON& Tower with Radar,7,7,16,2,32,0,0,21,5,26,7,7,37,7,58,0,0,0,58
06/28/2019,FSM,AR,ASW,CE,Combined TRACON& Tower with Radar,7,4,30,30,71,0,2,19,4,25,7,6,49,34,96,48,66,114,210
06/29/2019,FSM,AR,ASW,CE,Combined TRACON& Tower with Radar,5,3,8,2,18,0,0,19,2,21,5,3,27,4,39,68,8,76,115
06/30/2019,FSM,AR,ASW,CE,Combined TRACON& Tower with Radar,7,6,10,10,33,0,0,16,0,16,7,6,26,10,49,0,0,0,49
07/01/2019,FSM,AR,ASW,CE,Combined TRACON& Tower with Radar,8,5,12,0,25,0,0,12,0,12,8,5,24,0,37,28,0,28,65
07/02/2019,FSM,AR,ASW,CE,Combined TRACON& Tower with Radar,7,4,13,0,24,0,1,6,0,7,7,5,19,0,31,0,0,0,31
07/03/2019,FSM,AR,ASW,CE,Combined TRACON& Tower with Radar,6,5,18,0,29,0,2,12,0,14,6,7,30,0,43,0,0,0,43
07/04/2019,FSM,AR,ASW,CE,Combined TRACON& Tower with Radar,6,2,6,0,14,0,0,5,0,5,6,2,11,0,19,44,0,44,63
07/05/2019,FSM,AR,ASW,CE,Combined TRACON& Tower with Radar,4,2,13,0,19,0,0,11,0,11,4,2,24,0,30,0,0,0,30
07/06/2019,FSM,AR,ASW,CE,Combined TRACON& Tower with Radar,5,4,10,0,19,0,0,10,0,10,5,4,20,0,29,0,0,0,29
07/07/2019,FSM,AR,ASW,CE,Combined TRACON& Tower with Radar,8,5,10,0,23,0,0,6,0,6,8,5,16,0,29,14,0,14,43
07/08/2019,FSM,AR,ASW,CE,Combined TRACON& Tower with Radar,7,6,14,23,50,0,3,28,13,44,7,9,42,36,94,0,0,0,94
07/09/2019,FSM,AR,ASW,CE,Combined TRACON& Tower with Radar,8,5,19,27,59,0,2,13,8,23,8,7,32,35,82,74,14,88,170
07/10/2019,FSM,AR,ASW,CE,Combined TRACON& Tower with Radar,7,4,13,16,40,0,0,16,6,22,7,4,29,22,62,0,0,0,62
07/11/2019,FSM,AR,ASW,CE,Combined TRACON& Tower with Radar,7,9,21,16,53,0,2,37,8,47,7,11,58,24,100,10,0,10,110
07/12/2019,FSM,AR,ASW,CE,Combined TRACON& Tower with Radar,7,4,25,4,40,0,1,34,0,35,7,5,59,4,75,58,0,58,133
07/13/2019,FSM,AR,ASW,CE,Combined TRACON& Tower with Radar,5,3,5,28,41,0,1,21,6,28,5,4,26,34,69,40,90,130,199
07/14/2019,FSM,AR,ASW,CE,Combined TRACON& Tower with Radar,7,4,7,2,20,0,0,2,1,3,7,4,9,3,23,6,0,6,29
07/15/2019,FSM,AR,ASW,CE,Combined TRACON& Tower with Radar,7,6,8,4,25,0,0,2,0,2,7,6,10,4,27,12,0,12,39
07/16/2019,FSM,AR,ASW,CE,Combined TRACON& Tower with Radar,7,6,8,32,53,0,0,27,12,39,7,6,35,44,92,62,22,84,176
07/17/2019,FSM,AR,ASW,CE,Combined TRACON& Tower with Radar,7,4,18,52,81,0,0,42,8,50,7,4,60,60,131,36,40,76,207
07/18/2019,FSM,AR,ASW,CE,Combined TRACON& Tower with Radar,7,6,22,21,56,0,0,22,5,27,7,6,44,26,83,26,0,26,109
07/19/2019,FSM,AR,ASW,CE,Combined TRACON& Tower with Radar,7,3,24,27,61,0,1,28,6,35,7,4,52,33,96,60,20,80,176
07/20/2019,FSM,AR,ASW,CE,Combined TRACON& Tower with Radar,5,6,6,0,17,0,2,32,3,37,5,8,38,3,54,42,0,42,96
07/21/2019,FSM,AR,ASW,CE,Combined TRACON& Tower with Radar,7,5,8,10,30,0,0,24,1,25,7,5,32,11,55,0,0,0,55
07/22/2019,FSM,AR,ASW,CE,Combined TRACON& Tower with Radar,7,3,11,4,25,0,0,10,3,13,7,3,21,7,38,0,0,0,38
07/23/2019,FSM,AR,ASW,CE,Combined TRACON& Tower with Radar,7,5,24,15,51,0,3,15,8,26,7,8,39,23,77,0,0,0,77
07/24/2019,FSM,AR,ASW,CE,Combined TRACON& Tower with Radar,7,5,24,16,52,0,0,20,10,30,7,5,44,26,82,68,0,68,150
07/25/2019,FSM,AR,ASW,CE,Combined TRACON& Tower with Radar,7,5,13,48,73,0,0,14,9,23,7,5,27,57,96,42,42,84,180
07/26/2019,FSM,AR,ASW,CE,Combined TRACON& Tower with Radar,7,6,27,30,70,0,4,22,6,32,7,10,49,36,102,55,28,83,185
07/27/2019,FSM,AR,ASW,CE,Combined TRACON& Tower with Radar,7,3,11,13,34,0,0,23,2,25,7,3,34,15,59,26,0,26,85
07/28/2019,FSM,AR,ASW,CE,Combined TRACON& Tower with Radar,7,7,8,20,42,0,2,32,0,34,7,9,40,20,76,0,0,0,76
07/29/2019,FSM,AR,ASW,CE,Combined TRACON& Tower with Radar,7,5,21,9,42,0,1,8,0,9,7,6,29,9,51,0,0,0,51
07/30/2019,FSM,AR,ASW,CE,Combined TRACON& Tower with Radar,9,9,15,24,57,0,1,24,4,29,9,10,39,28,86,14,0,14,100
07/31/2019,FSM,AR,ASW,CE,Combined TRACON& Tower with Radar,7,6,16,31,60,0,2,20,9,31,7,8,36,40,91,0,10,10,101
08/01/2019,FSM,AR,ASW,CE,Combined TRACON& Tower with Radar,7,10,17,8,42,0,0,5,3,8,7,10,22,11,50,6,0,6,56
08/02/2019,FSM,AR,ASW,CE,Combined TRACON& Tower with Radar,7,9,14,25,55,0,0,14,2,16,7,9,28,27,71,20,22,42,113
08/03/2019,FSM,AR,ASW,CE,Combined TRACON& Tower with Radar,4,6,9,0,19,0,1,1,0,2,4,7,10,0,21,0,0,0,21
08/04/2019,FSM,AR,ASW,CE,Combined TRACON& Tower with Radar,7,4,17,0,28,0,1,8,0,9,7,5,25,0,37,0,0,0,37
08/05/2019,FSM,AR,ASW,CE,Combined TRACON& Tower with Radar,7,5,13,35,60,0,1,34,10,45,7,6,47,45,105,18,0,18,123
08/06/2019,FSM,AR,ASW,CE,Combined TRACON& Tower with Radar,7,6,26,19,58,0,1,42,11,54,7,7,68,30,112,36,0,36,148
08/07/2019,FSM,AR,ASW,CE,Combined TRACON& Tower with Radar,7,7,28,4,46,0,0,38,0,38,7,7,66,4,84,0,0,0,84
08/08/2019,FSM,AR,ASW,CE,Combined TRACON& Tower with Radar,7,8,8,18,41,0,0,12,1,13,7,8,20,19,54,0,0,0,54
08/09/2019,FSM,AR,ASW,CE,Combined TRACON& Tower with Radar,5,7,10,0,22,0,2,12,0,14,5,9,22,0,36,0,0,0,36
08/10/2019,FSM,AR,ASW,CE,Combined TRACON& Tower with Radar,5,4,8,0,17,0,0,17,0,17,5,4,25,0,34,0,0,0,34
08/11/2019,FSM,AR,ASW,CE,Combined TRACON& Tower with Radar,7,6,22,7,42,0,2,16,1,19,7,8,38,8,61,0,0,0,61
08/12/2019,FSM,AR,ASW,CE,Combined TRACON& Tower with Radar,7,7,23,12,49,0,1,28,3,32,7,8,51,15,81,38,0,38,119
08/13/2019,FSM,AR,ASW,CE,Combined TRACON& Tower with Radar,7,5,24,1,37,0,0,29,1,30,7,5,53,2,67,20,0,20,87
08/14/2019,FSM,AR,ASW,CE,Combined TRACON& Tower with Radar,5,6,5,5,21,0,1,25,1,27,5,7,30,6,48,56,0,56,104
08/15/2019,FSM,AR,ASW,CE,Combined TRACON& Tower with Radar,7,10,11,11,39,0,0,14,0,14,7,10,25,11,53,86,0,86,139
08/16/2019,FSM,AR,ASW,CE,Combined TRACON& Tower with Radar,5,6,20,19,50,0,0,24,0,24,5,6,44,19,74,22,0,22,96
08/17/2019,FSM,AR,ASW,CE,Combined TRACON& Tower with Radar,5,3,18,4,30,0,1,23,1,25,5,4,41,5,55,38,0,38,93
08/18/2019,FSM,AR,ASW,CE,Combined TRACON& Tower with Radar,7,4,7,3,21,0,0,11,1,12,7,4,18,4,33,58,0,58,91
08/19/2019,FSM,AR,ASW,CE,Combined TRACON& Tower with Radar,7,5,5,13,30,0,1,22,2,25,7,6,27,15,55,0,0,0,55
08/20/2019,FSM,AR,ASW,CE,Combined TRACON& Tower with Radar,6,6,31,1,44,0,1,16,2,19,6,7,47,3,63,0,0,0,63
08/21/2019,FSM,AR,ASW,CE,Combined TRACON& Tower with Radar,7,5,11,1,24,0,1,26,4,31,7,6,37,5,55,32,2,34,89
08/22/2019,FSM,AR,ASW,CE,Combined TRACON& Tower with Radar,7,8,20,7,42,0,0,14,4,18,7,8,34,11,60,18,0,18,78
08/23/2019,FSM,AR,ASW,CE,Combined TRACON& Tower with Radar,7,6,12,0,25,0,0,6,0,6,7,6,18,0,31,0,0,0,31
08/24/2019,FSM,AR,ASW,CE,Combined TRACON& Tower with Radar,6,2,4,0,12,0,0,0,0,0,6,2,4,0,12,0,0,0,12
08/25/2019,FSM,AR,ASW,CE,Combined TRACON& Tower with Radar,7,9,11,0,27,0,0,8,0,8,7,9,19,0,35,0,0,0,35
08/26/2019,FSM,AR,ASW,CE,Combined TRACON& Tower with Radar,7,3,28,1,39,0,0,13,0,13,7,3,41,1,52,46,0,46,98
08/27/2019,FSM,AR,ASW,CE,Combined TRACON& Tower with Radar,6,10,14,8,38,0,0,15,1,16,6,10,29,9,54,14,0,14,68
08/28/2019,FSM,AR,ASW,CE,Combined TRACON& Tower with Radar,6,3,19,14,42,0,0,20,0,20,6,3,39,14,62,0,0,0,62
08/29/2019,FSM,AR,ASW,CE,Combined TRACON& Tower with Radar,7,6,19,6,38,0,1,20,3,24,7,7,39,9,62,0,0,0,62
08/30/2019,FSM,AR,ASW,CE,Combined TRACON& Tower with Radar,5,5,21,6,37,0,0,20,0,20,5,5,41,6,57,14,10,24,81
08/31/2019,FSM,AR,ASW,CE,Combined TRACON& Tower with Radar,4,2,16,0,22,0,0,33,1,34,4,2,49,1,56,0,0,0,56
09/01/2019,FSM,AR,ASW,CE,Combined TRACON& Tower with Radar,5,4,13,0,22,0,0,20,0,20,5,4,33,0,42,12,0,12,54
09/02/2019,FSM,AR,ASW,CE,Combined TRACON& Tower with Radar,7,5,6,7,25,0,2,26,0,28,7,7,32,7,53,18,0,18,71
09/03/2019,FSM,AR,ASW,CE,Combined TRACON& Tower with Radar,7,6,19,18,50,0,3,37,4,44,7,9,56,22,94,10,0,10,104
09/04/2019,FSM,AR,ASW,CE,Combined TRACON& Tower with Radar,4,8,11,22,45,0,0,34,1,35,4,8,45,23,80,16,0,16,96
09/05/2019,FSM,AR,ASW,CE,Combined TRACON& Tower with Radar,4,10,22,4,40,0,2,18,1,21,4,12,40,5,61,28,0,28,89
09/06/2019,FSM,AR,ASW,CE,Combined TRACON& Tower with Radar,4,8,22,31,65,0,3,23,0,26,4,11,45,31,91,16,0,16,107
09/07/2019,FSM,AR,ASW,CE,Combined TRACON& Tower with Radar,5,5,12,0,22,0,1,26,1,28,5,6,38,1,50,48,0,48,98
09/08/2019,FSM,AR,ASW,CE,Combined TRACON& Tower with Radar,4,11,7,20,42,0,8,15,2,25,4,19,22,22,67,4,0,4,71
09/09/2019,FSM,AR,ASW,CE,Combined TRACON& Tower with Radar,4,12,12,9,37,0,3,26,1,30,4,15,38,10,67,40,46,86,153
09/10/2019,FSM,AR,ASW,CE,Combined TRACON& Tower with Radar,4,8,15,30,57,0,1,29,10,40,4,9,44,40,97,8,0,8,105
09/11/2019,FSM,AR,ASW,CE,Combined TRACON& Tower with Radar,4,12,16,14,46,0,3,20,2,25,4,15,36,16,71,46,0,46,117
09/12/2019,FSM,AR,ASW,CE,Combined TRACON& Tower with Radar,4,13,22,4,43,0,6,23,1,30,4,19,45,5,73,50,0,50,123
09/13/2019,FSM,AR,ASW,CE,Combined TRACON& Tower with Radar,4,9,31,12,56,0,0,24,0,24,4,9,55,12,80,12,0,12,92
09/14/2019,FSM,AR,ASW,CE,Combined TRACON& Tower with Radar,7,4,8,7,26,0,1,23,3,27,7,5,31,10,53,30,2,32,85
09/15/2019,FSM,AR,ASW,CE,Combined TRACON& Tower with Radar,4,7,16,6,33,0,0,42,0,42,4,7,58,6,75,0,0,0,75
09/16/2019,FSM,AR,ASW,CE,Combined TRACON& Tower with Radar,4,8,17,23,52,0,0,30,5,35,4,8,47,28,87,18,20,38,125
09/17/2019,FSM,AR,ASW,CE,Combined TRACON& Tower with Radar,4,7,27,12,50,0,3,31,0,34,4,10,58,12,84,32,0,32,116
09/18/2019,FSM,AR,ASW,CE,Combined TRACON& Tower with Radar,4,9,7,22,42,0,0,28,0,28,4,9,35,22,70,0,0,0,70
09/19/2019,FSM,AR,ASW,CE,Combined TRACON& Tower with Radar,4,13,19,3,39,0,1,23,0,24,4,14,42,3,63,12,0,12,75
09/20/2019,FSM,AR,ASW,CE,Combined TRACON& Tower with Radar,4,10,12,0,26,0,0,1,0,1,4,10,13,0,27,0,0,0,27
09/21/2019,FSM,AR,ASW,CE,Combined TRACON& Tower with Radar,7,6,15,0,28,0,0,25,0,25,7,6,40,0,53,34,0,34,87
09/22/2019,FSM,AR,ASW,CE,Combined TRACON& Tower with Radar,4,8,22,0,34,0,0,20,0,20,4,8,42,0,54,10,0,10,64
09/23/2019,FSM,AR,ASW,CE,Combined TRACON& Tower with Radar,4,10,11,0,25,0,0,14,1,15,4,10,25,1,40,44,0,44,84
09/24/2019,FSM,AR,ASW,CE,Combined TRACON& Tower with Radar,4,16,11,0,31,0,0,0,0,0,4,16,11,0,31,0,0,0,31
09/25/2019,FSM,AR,ASW,CE,Combined TRACON& Tower with Radar,5,9,17,0,31,0,0,9,0,9,5,9,26,0,40,0,0,0,40
09/26/2019,FSM,AR,ASW,CE,Combined TRACON& Tower with Radar,5,9,16,3,33,0,0,11,0,11,5,9,27,3,44,8,0,8,52
09/27/2019,FSM,AR,ASW,CE,Combined TRACON& Tower with Radar,4,13,13,2,32,0,1,19,4,24,4,14,32,6,56,26,0,26,82
09/28/2019,FSM,AR,ASW,CE,Combined TRACON& Tower with Radar,5,4,12,0,21,0,0,4,0,4,5,4,16,0,25,26,0,26,51
09/29/2019,FSM,AR,ASW,CE,Combined TRACON& Tower with Radar,4,9,12,7,32,0,3,16,1,20,4,12,28,8,52,0,0,0,52
09/30/2019,FSM,AR,ASW,CE,Combined TRACON& Tower with Radar,4,10,10,2,26,0,1,29,0,30,4,11,39,2,56,42,0,42,98
10/01/2019,FSM,AR,ASW,CE,Combined TRACON& Tower with Radar,4,8,18,17,47,0,1,42,1,44,4,9,60,18,91,0,0,0,91
10/02/2019,FSM,AR,ASW,CE,Combined TRACON& Tower with Radar,5,9,18,14,46,0,0,19,1,20,5,9,37,15,66,42,0,42,108
10/03/2019,FSM,AR,ASW,CE,Combined TRACON& Tower with Radar,4,10,27,26,67,0,2,17,5,24,4,12,44,31,91,68,38,106,197
10/04/2019,FSM,AR,ASW,CE,Combined TRACON& Tower with Radar,4,12,16,23,55,0,1,14,8,23,4,13,30,31,78,28,0,28,106
10/05/2019,FSM,AR,ASW,CE,Combined TRACON& Tower with Radar,5,7,12,0,24,0,1,27,0,28,5,8,39,0,52,0,0,0,52
10/06/2019,FSM,AR,ASW,CE,Combined TRACON& Tower with Radar,4,11,10,1,26,0,1,5,0,6,4,12,15,1,32,0,0,0,32
10/07/2019,FSM,AR,ASW,CE,Combined TRACON& Tower with Radar,5,12,13,2,32,0,1,17,1,19,5,13,30,3,51,0,0,0,51
10/08/2019,FSM,AR,ASW,CE,Combined TRACON& Tower with Radar,4,7,20,26,57,0,0,32,9,41,4,7,52,35,98,104,12,116,214
10/09/2019,FSM,AR,ASW,CE,Combined TRACON& Tower with Radar,4,10,19,18,51,0,1,21,4,26,4,11,40,22,77,16,8,24,101
10/10/2019,FSM,AR,ASW,CE,Combined TRACON& Tower with Radar,4,11,16,12,43,0,0,1,4,5,4,11,17,16,48,0,0,0,48
10/11/2019,FSM,AR,ASW,CE,Combined TRACON& Tower with Radar,6,10,6,22,44,0,0,18,0,18,6,10,24,22,62,0,0,0,62
10/12/2019,FSM,AR,ASW,CE,Combined TRACON& Tower with Radar,5,10,19,5,39,0,4,25,0,29,5,14,44,5,68,18,0,18,86
10/13/2019,FSM,AR,ASW,CE,Combined TRACON& Tower with Radar,4,9,18,0,31,0,0,28,0,28,4,9,46,0,59,0,0,0,59
10/14/2019,FSM,AR,ASW,CE,Combined TRACON& Tower with Radar,4,11,23,1,39,0,1,46,0,47,4,12,69,1,86,8,0,8,94
10/15/2019,FSM,AR,ASW,CE,Combined TRACON& Tower with Radar,4,11,19,21,55,0,0,0,0,0,4,11,19,21,55,6,4,10,65
10/16/2019,FSM,AR,ASW,CE,Combined TRACON& Tower with Radar,4,12,21,19,56,0,3,18,5,26,4,15,39,24,82,84,16,100,182
10/17/2019,FSM,AR,ASW,CE,Combined TRACON& Tower with Radar,4,7,20,22,53,0,0,25,5,30,4,7,45,27,83,50,0,50,133
10/18/2019,FSM,AR,ASW,CE,Combined TRACON& Tower with Radar,4,9,10,14,37,0,2,25,3,30,4,11,35,17,67,12,0,12,79
10/19/2019,FSM,AR,ASW,CE,Combined TRACON& Tower with Radar,5,13,10,35,63,0,2,18,5,25,5,15,28,40,88,36,16,52,140
10/20/2019,FSM,AR,ASW,CE,Combined TRACON& Tower with Radar,4,7,6,15,32,0,0,32,1,33,4,7,38,16,65,6,0,6,71
10/21/2019,FSM,AR,ASW,CE,Combined TRACON& Tower with Radar,4,8,25,44,81,0,0,18,5,23,4,8,43,49,104,22,0,22,126
10/22/2019,FSM,AR,ASW,CE,Combined TRACON& Tower with Radar,5,9,19,59,92,0,0,23,5,28,5,9,42,64,120,36,24,60,180
10/23/2019,FSM,AR,ASW,CE,Combined TRACON& Tower with Radar,4,10,13,49,76,0,0,23,8,31,4,10,36,57,107,6,0,6,113
10/24/2019,FSM,AR,ASW,CE,Combined TRACON& Tower with Radar,4,12,27,7,50,0,0,0,0,0,4,12,27,7,50,0,0,0,50
10/25/2019,FSM,AR,ASW,CE,Combined TRACON& Tower with Radar,4,9,5,0,18,0,1,0,0,1,4,10,5,0,19,0,0,0,19
10/26/2019,FSM,AR,ASW,CE,Combined TRACON& Tower with Radar,5,4,15,2,26,0,0,1,0,1,5,4,16,2,27,0,0,0,27
10/27/2019,FSM,AR,ASW,CE,Combined TRACON& Tower with Radar,5,9,35,3,52,0,0,32,0,32,5,9,67,3,84,0,0,0,84
10/28/2019,FSM,AR,ASW,CE,Combined TRACON& Tower with Radar,4,11,27,17,59,0,0,6,0,6,4,11,33,17,65,0,16,16,81
10/29/2019,FSM,AR,ASW,CE,Combined TRACON& Tower with Radar,4,10,19,12,45,0,0,0,0,0,4,10,19,12,45,0,0,0,45
10/30/2019,FSM,AR,ASW,CE,Combined TRACON& Tower with Radar,5,17,11,19,52,0,0,0,0,0,5,17,11,19,52,0,0,0,52
10/31/2019,FSM,AR,ASW,CE,Combined TRACON& Tower with Radar,3,8,11,31,53,0,0,23,8,31,3,8,34,39,84,0,0,0,84
11/01/2019,FSM,AR,ASW,CE,Combined TRACON& Tower with Radar,4,8,24,17,53,0,0,33,1,34,4,8,57,18,87,10,0,10,97
11/02/2019,FSM,AR,ASW,CE,Combined TRACON& Tower with Radar,7,4,13,0,24,0,0,35,0,35,7,4,48,0,59,0,0,0,59
11/03/2019,FSM,AR,ASW,CE,Combined TRACON& Tower with Radar,4,8,19,0,31,0,0,19,0,19,4,8,38,0,50,16,0,16,66
11/04/2019,FSM,AR,ASW,CE,Combined TRACON& Tower with Radar,4,13,22,49,88,0,2,32,5,39,4,15,54,54,127,20,0,20,147
11/05/2019,FSM,AR,ASW,CE,Combined TRACON& Tower with Radar,4,11,23,19,57,0,0,29,5,34,4,11,52,24,91,42,40,82,173
11/06/2019,FSM,AR,ASW,CE,Combined TRACON& Tower with Radar,4,8,10,0,22,0,0,2,0,2,4,8,12,0,24,0,0,0,24
11/07/2019,FSM,AR,ASW,CE,Combined TRACON& Tower with Radar,4,13,8,9,34,0,0,1,5,6,4,13,9,14,40,0,18,18,58
11/08/2019,FSM,AR,ASW,CE,Combined TRACON& Tower with Radar,4,8,18,8,38,0,1,22,2,25,4,9,40,10,63,32,0,32,95
11/09/2019,FSM,AR,ASW,CE,Combined TRACON& Tower with Radar,6,6,16,0,28,0,1,34,0,35,6,7,50,0,63,0,0,0,63
11/10/2019,FSM,AR,ASW,CE,Combined TRACON& Tower with Radar,4,10,6,0,20,0,1,33,0,34,4,11,39,0,54,0,0,0,54
11/11/2019,FSM,AR,ASW,CE,Combined TRACON& Tower with Radar,4,12,8,0,24,0,0,0,0,0,4,12,8,0,24,0,0,0,24
11/12/2019,FSM,AR,ASW,CE,Combined TRACON& Tower with Radar,4,13,13,10,40,0,1,25,2,28,4,14,38,12,68,0,0,0,68
11/13/2019,FSM,AR,ASW,CE,Combined TRACON& Tower with Radar,4,9,12,9,34,0,0,31,7,38,4,9,43,16,72,0,0,0,72
11/14/2019,FSM,AR,ASW,CE,Combined TRACON& Tower with Radar,4,15,14,2,35,0,2,25,4,31,4,17,39,6,66,22,0,22,88
11/15/2019,FSM,AR,ASW,CE,Combined TRACON& Tower with Radar,4,12,18,9,43,0,0,34,0,34,4,12,52,9,77,50,12,62,139
11/16/2019,FSM,AR,ASW,CE,Combined TRACON& Tower with Radar,5,5,10,0,20,0,4,37,0,41,5,9,47,0,61,46,0,46,107
11/17/2019,FSM,AR,ASW,CE,Combined TRACON& Tower with Radar,4,11,8,3,26,0,0,16,0,16,4,11,24,3,42,56,0,56,98
11/18/2019,FSM,AR,ASW,CE,Combined TRACON& Tower with Radar,4,12,23,22,61,0,1,28,4,33,4,13,51,26,94,0,0,0,94
11/19/2019,FSM,AR,ASW,CE,Combined TRACON& Tower with Radar,4,9,24,11,48,0,3,32,8,43,4,12,56,19,91,30,0,30,121
11/20/2019,FSM,AR,ASW,CE,Combined TRACON& Tower with Radar,2,10,18,21,51,0,1,12,5,18,2,11,30,26,69,46,0,46,115
11/21/2019,FSM,AR,ASW,CE,Combined TRACON& Tower with Radar,2,9,29,5,45,0,0,0,0,0,2,9,29,5,45,0,0,0,45
11/22/2019,FSM,AR,ASW,CE,Combined TRACON& Tower with Radar,2,15,7,3,27,0,0,0,2,2,2,15,7,5,29,0,0,0,29
11/23/2019,FSM,AR,ASW,CE,Combined TRACON& Tower with Radar,0,6,21,0,27,0,2,18,1,21,0,8,39,1,48,2,0,2,50
11/24/2019,FSM,AR,ASW,CE,Combined TRACON& Tower with Radar,5,11,20,0,36,0,1,40,0,41,5,12,60,0,77,54,0,54,131
11/25/2019,FSM,AR,ASW,CE,Combined TRACON& Tower with Radar,2,11,24,3,40,0,2,30,2,34,2,13,54,5,74,28,0,28,102
11/26/2019,FSM,AR,ASW,CE,Combined TRACON& Tower with Radar,4,13,12,8,37,0,0,0,3,3,4,13,12,11,40,0,0,0,40
11/27/2019,FSM,AR,ASW,CE,Combined TRACON& Tower with Radar,2,13,8,3,26,0,0,23,0,23,2,13,31,3,49,16,0,16,65
11/28/2019,FSM,AR,ASW,CE,Combined TRACON& Tower with Radar,0,4,0,0,4,0,0,0,0,0,0,4,0,0,4,0,0,0,4
11/29/2019,FSM,AR,ASW,CE,Combined TRACON& Tower with Radar,2,4,12,0,18,0,0,0,0,0,2,4,12,0,18,0,0,0,18
11/30/2019,FSM,AR,ASW,CE,Combined TRACON& Tower with Radar,2,11,17,0,30,0,0,10,0,10,2,11,27,0,40,20,0,20,60
12/01/2019,FSM,AR,ASW,CE,Combined TRACON& Tower with Radar,2,14,11,0,27,0,1,10,0,11,2,15,21,0,38,0,0,0,38
12/02/2019,FSM,AR,ASW,CE,Combined TRACON& Tower with Radar,2,10,22,7,41,0,2,29,1,32,2,12,51,8,73,16,0,16,89
12/03/2019,FSM,AR,ASW,CE,Combined TRACON& Tower with Radar,2,11,18,4,35,0,1,16,6,23,2,12,34,10,58,52,0,52,110
12/04/2019,FSM,AR,ASW,CE,Combined TRACON& Tower with Radar,4,8,21,3,36,0,0,22,9,31,4,8,43,12,67,0,0,0,67
12/05/2019,FSM,AR,ASW,CE,Combined TRACON& Tower with Radar,4,8,25,3,40,0,0,27,6,33,4,8,52,9,73,38,0,38,111
12/06/2019,FSM,AR,ASW,CE,Combined TRACON& Tower with Radar,4,10,20,12,46,0,2,26,3,31,4,12,46,15,77,60,24,84,161
12/07/2019,FSM,AR,ASW,CE,Combined TRACON& Tower with Radar,5,3,18,3,29,0,0,35,4,39,5,3,53,7,68,12,0,12,80
12/08/2019,FSM,AR,ASW,CE,Combined TRACON& Tower with Radar,5,8,25,18,56,0,0,11,3,14,5,8,36,21,70,0,0,0,70
12/09/2019,FSM,AR,ASW,CE,Combined TRACON& Tower with Radar,6,10,11,8,35,0,1,61,8,70,6,11,72,16,105,0,0,0,105
12/10/2019,FSM,AR,ASW,CE,Combined TRACON& Tower with Radar,3,12,21,20,56,0,0,35,7,42,3,12,56,27,98,28,10,38,136
12/11/2019,FSM,AR,ASW,CE,Combined TRACON& Tower with Radar,5,10,25,11,51,0,0,35,11,46,5,10,60,22,97,4,0,4,101
12/12/2019,FSM,AR,ASW,CE,Combined TRACON& Tower with Radar,4,11,31,21,67,0,5,35,11,51,4,16,66,32,118,50,32,82,200
12/13/2019,FSM,AR,ASW,CE,Combined TRACON& Tower with Radar,4,11,33,6,54,0,0,29,0,29,4,11,62,6,83,48,0,48,131
12/14/2019,FSM,AR,ASW,CE,Combined TRACON& Tower with Radar,5,6,29,6,46,0,1,24,0,25,5,7,53,6,71,36,0,36,107
12/15/2019,FSM,AR,ASW,CE,Combined TRACON& Tower with Radar,4,11,15,0,30,0,0,0,0,0,4,11,15,0,30,0,0,0,30
12/16/2019,FSM,AR,ASW,CE,Combined TRACON& Tower with Radar,4,13,3,2,22,0,0,0,0,0,4,13,3,2,22,0,0,0,22
12/17/2019,FSM,AR,ASW,CE,Combined TRACON& Tower with Radar,6,10,16,15,47,0,5,17,6,28,6,15,33,21,75,36,14,50,125
12/18/2019,FSM,AR,ASW,CE,Combined TRACON& Tower with Radar,3,11,19,34,67,0,0,18,6,24,3,11,37,40,91,28,28,56,147
12/19/2019,FSM,AR,ASW,CE,Combined TRACON& Tower with Radar,2,14,15,26,57,0,0,35,8,43,2,14,50,34,100,50,14,64,164
12/20/2019,FSM,AR,ASW,CE,Combined TRACON& Tower with Radar,2,12,25,11,50,0,0,23,0,23,2,12,48,11,73,8,0,8,81
12/21/2019,FSM,AR,ASW,CE,Combined TRACON& Tower with Radar,2,14,13,0,29,0,0,22,0,22,2,14,35,0,51,22,0,22,73
12/22/2019,FSM,AR,ASW,CE,Combined TRACON& Tower with Radar,2,9,11,0,22,0,0,28,0,28,2,9,39,0,50,22,0,22,72
12/23/2019,FSM,AR,ASW,CE,Combined TRACON& Tower with Radar,2,13,13,0,28,0,0,32,0,32,2,13,45,0,60,40,0,40,100
12/24/2019,FSM,AR,ASW,CE,Combined TRACON& Tower with Radar,0,8,7,0,15,0,0,11,0,11,0,8,18,0,26,12,0,12,38
12/25/2019,FSM,AR,ASW,CE,Combined TRACON& Tower with Radar,2,8,4,0,14,0,0,8,0,8,2,8,12,0,22,0,0,0,22
12/26/2019,FSM,AR,ASW,CE,Combined TRACON& Tower with Radar,2,10,17,0,29,0,3,18,0,21,2,13,35,0,50,44,0,44,94
12/27/2019,FSM,AR,ASW,CE,Combined TRACON& Tower with Radar,2,17,16,0,35,0,0,2,0,2,2,17,18,0,37,20,0,20,57
12/28/2019,FSM,AR,ASW,CE,Combined TRACON& Tower with Radar,4,14,6,0,24,0,0,0,0,0,4,14,6,0,24,0,0,0,24
12/29/2019,FSM,AR,ASW,CE,Combined TRACON& Tower with Radar,2,13,19,0,34,0,0,20,0,20,2,13,39,0,54,0,0,0,54
12/30/2019,FSM,AR,ASW,CE,Combined TRACON& Tower with Radar,2,9,13,2,26,0,2,14,0,16,2,11,27,2,42,0,0,0,42
12/31/2019,FSM,AR,ASW,CE,Combined TRACON& Tower with Radar,2,8,19,0,29,0,0,27,0,27,2,8,46,0,56,102,0,102,158
01/01/2020,FSM,AR,ASW,CE,Combined TRACON& Tower with Radar,2,7,6,0,15,0,0,16,0,16,2,7,22,0,31,8,0,8,39
01/02/2020,FSM,AR,ASW,CE,Combined TRACON& Tower with Radar,2,9,8,0,19,0,0,4,0,4,2,9,12,0,23,8,0,8,31
01/03/2020,FSM,AR,ASW,CE,Combined TRACON& Tower with Radar,2,8,19,0,29,0,0,20,0,20,2,8,39,0,49,80,0,80,129
01/04/2020,FSM,AR,ASW,CE,Combined TRACON& Tower with Radar,2,8,13,0,23,0,0,35,0,35,2,8,48,0,58,28,0,28,86
01/05/2020,FSM,AR,ASW,CE,Combined TRACON& Tower with Radar,4,13,10,0,27,0,1,33,0,34,4,14,43,0,61,64,0,64,125
01/06/2020,FSM,AR,ASW,CE,Combined TRACON& Tower with Radar,2,10,21,1,34,0,2,30,1,33,2,12,51,2,67,34,0,34,101
01/07/2020,FSM,AR,ASW,CE,Combined TRACON& Tower with Radar,1,12,12,12,37,0,3,30,12,45,1,15,42,24,82,64,20,84,166
01/08/2020,FSM,AR,ASW,CE,Combined TRACON& Tower with Radar,3,10,17,25,55,0,2,30,8,40,3,12,47,33,95,26,14,40,135
01/09/2020,FSM,AR,ASW,CE,Combined TRACON& Tower with Radar,3,15,16,2,36,0,0,0,3,3,3,15,16,5,39,0,0,0,39
01/10/2020,FSM,AR,ASW,CE,Combined TRACON& Tower with Radar,1,10,0,0,11,0,0,0,0,0,1,10,0,0,11,0,0,0,11
01/11/2020,FSM,AR,ASW,CE,Combined TRACON& Tower with Radar,0,6,1,0,7,0,0,0,0,0,0,6,1,0,7,0,0,0,7
01/12/2020,FSM,AR,ASW,CE,Combined TRACON& Tower with Radar,2,13,15,0,30,0,1,7,0,8,2,14,22,0,38,54,0,54,92
01/13/2020,FSM,AR,ASW,CE,Combined TRACON& Tower with Radar,2,14,18,10,44,0,0,8,2,10,2,14,26,12,54,10,4,14,68
01/14/2020,FSM,AR,ASW,CE,Combined TRACON& Tower with Radar,2,12,14,26,54,0,0,2,4,6,2,12,16,30,60,0,8,8,68
01/15/2020,FSM,AR,ASW,CE,Combined TRACON& Tower with Radar,3,11,16,8,38,0,0,2,3,5,3,11,18,11,43,16,24,40,83
01/16/2020,FSM,AR,ASW,CE,Combined TRACON& Tower with Radar,3,11,16,4,34,0,0,20,3,23,3,11,36,7,57,32,12,44,101
01/17/2020,FSM,AR,ASW,CE,Combined TRACON& Tower with Radar,3,15,6,2,26,0,0,0,0,0,3,15,6,2,26,0,0,0,26
01/18/2020,FSM,AR,ASW,CE,Combined TRACON& Tower with Radar,1,8,13,3,25,0,1,18,0,19,1,9,31,3,44,6,0,6,50
01/19/2020,FSM,AR,ASW,CE,Combined TRACON& Tower with Radar,2,12,9,0,23,0,0,17,0,17,2,12,26,0,40,18,0,18,58
01/20/2020,FSM,AR,ASW,CE,Combined TRACON& Tower with Radar,2,10,24,2,38,0,7,35,3,45,2,17,59,5,83,110,0,110,193
01/21/2020,FSM,AR,ASW,CE,Combined TRACON& Tower with Radar,2,11,18,13,44,0,0,14,1,15,2,11,32,14,59,62,0,62,121
01/22/2020,FSM,AR,ASW,CE,Combined TRACON& Tower with Radar,3,9,7,0,19,0,0,0,0,0,3,9,7,0,19,0,0,0,19
01/23/2020,FSM,AR,ASW,CE,Combined TRACON& Tower with Radar,3,10,13,8,34,0,0,0,0,0,3,10,13,8,34,0,0,0,34
01/24/2020,FSM,AR,ASW,CE,Combined TRACON& Tower with Radar,3,11,10,4,28,0,0,9,1,10,3,11,19,5,38,2,0,2,40
01/25/2020,FSM,AR,ASW,CE,Combined TRACON& Tower with Radar,1,6,13,9,29,0,2,38,1,41,1,8,51,10,70,70,0,70,140
01/26/2020,FSM,AR,ASW,CE,Combined TRACON& Tower with Radar,2,12,23,8,45,0,0,3,2,5,2,12,26,10,50,82,12,94,144
01/27/2020,FSM,AR,ASW,CE,Combined TRACON& Tower with Radar,2,12,18,15,47,0,0,18,1,19,2,12,36,16,66,24,0,24,90
01/28/2020,FSM,AR,ASW,CE,Combined TRACON& Tower with Radar,2,9,11,0,22,0,0,0,0,0,2,9,11,0,22,0,0,0,22
01/29/2020,FSM,AR,ASW,CE,Combined TRACON& Tower with Radar,3,11,12,4,30,0,0,0,0,0,3,11,12,4,30,0,0,0,30
01/30/2020,FSM,AR,ASW,CE,Combined TRACON& Tower with Radar,3,12,20,2,37,0,0,0,0,0,3,12,20,2,37,0,0,0,37
01/31/2020,FSM,AR,ASW,CE,Combined TRACON& Tower with Radar,3,14,6,5,28,0,1,9,0,10,3,15,15,5,38,0,0,0,38
02/01/2020,FSM,AR,ASW,ES,Combined TRACON& Tower with Radar,5,10,22,0,37,0,1,53,0,54,5,11,75,0,91,84,0,84,175
02/02/2020,FSM,AR,ASW,ES,Combined TRACON& Tower with Radar,2,9,18,0,29,0,1,36,0,37,2,10,54,0,66,48,0,48,114
02/03/2020,FSM,AR,ASW,ES,Combined TRACON& Tower with Radar,2,12,16,8,38,0,2,16,1,19,2,14,32,9,57,28,0,28,85
02/04/2020,FSM,AR,ASW,ES,Combined TRACON& Tower with Radar,2,8,18,8,36,0,0,0,0,0,2,8,18,8,36,0,0,0,36
02/05/2020,FSM,AR,ASW,ES,Combined TRACON& Tower with Radar,3,11,11,28,53,0,0,0,1,1,3,11,11,29,54,0,0,0,54
02/06/2020,FSM,AR,ASW,ES,Combined TRACON& Tower with Radar,3,12,8,7,30,0,0,0,2,2,3,12,8,9,32,0,10,10,42
02/07/2020,FSM,AR,ASW,ES,Combined TRACON& Tower with Radar,3,10,19,25,57,0,0,27,5,32,3,10,46,30,89,16,0,16,105
02/08/2020,FSM,AR,ASW,ES,Combined TRACON& Tower with Radar,1,5,13,0,19,0,2,46,2,50,1,7,59,2,69,68,0,68,137
02/09/2020,FSM,AR,ASW,ES,Combined TRACON& Tower with Radar,2,11,4,2,19,0,0,2,0,2,2,11,6,2,21,30,0,30,51
02/10/2020,FSM,AR,ASW,ES,Combined TRACON& Tower with Radar,2,13,16,10,41,0,0,1,0,1,2,13,17,10,42,0,32,32,74
02/11/2020,FSM,AR,ASW,ES,Combined TRACON& Tower with Radar,2,8,25,42,77,0,0,17,6,23,2,8,42,48,100,92,80,172,272
02/12/2020,FSM,AR,ASW,ES,Combined TRACON& Tower with Radar,3,10,14,16,43,0,0,0,0,0,3,10,14,16,43,0,0,0,43
02/13/2020,FSM,AR,ASW,ES,Combined TRACON& Tower with Radar,3,10,35,8,56,0,0,13,4,17,3,10,48,12,73,60,0,60,133
02/14/2020,FSM,AR,ASW,ES,Combined TRACON& Tower with Radar,3,10,19,15,47,0,0,21,4,25,3,10,40,19,72,72,14,86,158
02/15/2020,FSM,AR,ASW,ES,Combined TRACON& Tower with Radar,3,5,14,0,22,0,0,39,0,39,3,5,53,0,61,0,0,0,61
02/16/2020,FSM,AR,ASW,ES,Combined TRACON& Tower with Radar,3,11,16,0,30,0,1,9,0,10,3,12,25,0,40,0,0,0,40
02/17/2020,FSM,AR,ASW,ES,Combined TRACON& Tower with Radar,3,13,25,12,53,0,0,6,0,6,3,13,31,12,59,0,0,0,59
02/18/2020,FSM,AR,ASW,ES,Combined TRACON& Tower with Radar,3,8,17,26,54,0,2,10,0,12,3,10,27,26,66,14,62,76,142
02/19/2020,FSM,AR,ASW,ES,Combined TRACON& Tower with Radar,3,11,12,22,48,0,0,22,0,22,3,11,34,22,70,38,0,38,108
02/20/2020,FSM,AR,ASW,ES,Combined TRACON& Tower with Radar,3,13,15,10,41,0,0,10,0,10,3,13,25,10,51,26,0,26,77
02/21/2020,FSM,AR,ASW,ES,Combined TRACON& Tower with Radar,3,15,19,27,64,0,1,50,5,56,3,16,69,32,120,48,36,84,204
02/22/2020,FSM,AR,ASW,ES,Combined TRACON& Tower with Radar,5,4,7,0,16,0,0,35,2,37,5,4,42,2,53,52,18,70,123
02/23/2020,FSM,AR,ASW,ES,Combined TRACON& Tower with Radar,3,12,5,8,28,0,0,0,0,0,3,12,5,8,28,0,0,0,28
02/24/2020,FSM,AR,ASW,ES,Combined TRACON& Tower with Radar,3,11,19,17,50,0,0,0,0,0,3,11,19,17,50,0,0,0,50
02/25/2020,FSM,AR,ASW,ES,Combined TRACON& Tower with Radar,3,10,13,25,51,0,0,5,6,11,3,10,18,31,62,24,0,24,86
02/26/2020,FSM,AR,ASW,ES,Combined TRACON& Tower with Radar,3,8,10,26,47,0,0,2,6,8,3,8,12,32,55,8,0,8,63
02/27/2020,FSM,AR,ASW,ES,Combined TRACON& Tower with Radar,3,12,20,12,47,0,0,30,8,38,3,12,50,20,85,26,0,26,111
02/28/2020,FSM,AR,ASW,ES,Combined TRACON& Tower with Radar,3,10,17,53,83,0,0,16,1,17,3,10,33,54,100,50,12,62,162
02/29/2020,FSM,AR,ASW,ES,Combined TRACON& Tower with Radar,3,6,8,0,17,0,0,41,2,43,3,6,49,2,60,52,0,52,112
03/01/2020,FSM,AR,ASW,ES,Combined TRACON& Tower with Radar,3,13,7,0,23,0,0,4,0,4,3,13,11,0,27,0,0,0,27
03/02/2020,FSM,AR,ASW,ES,Combined TRACON& Tower with Radar,3,10,10,12,35,0,0,9,2,11,3,10,19,14,46,26,0,26,72
03/03/2020,FSM,AR,ASW,ES,Combined TRACON& Tower with Radar,3,8,15,23,49,0,2,30,8,40,3,10,45,31,89,78,2,80,169
03/04/2020,FSM,AR,ASW,ES,Combined TRACON& Tower with Radar,3,11,15,22,51,0,1,16,6,23,3,12,31,28,74,30,62,92,166
03/05/2020,FSM,AR,ASW,ES,Combined TRACON& Tower with Radar,3,15,25,35,78,0,0,26,1,27,3,15,51,36,105,52,0,52,157
03/06/2020,FSM,AR,ASW,ES,Combined TRACON& Tower with Radar,3,20,14,14,51,0,0,40,3,43,3,20,54,17,94,136,12,148,242
03/07/2020,FSM,AR,ASW,ES,Combined TRACON& Tower with Radar,3,4,18,4,29,0,0,33,2,35,3,4,51,6,64,54,0,54,118
03/08/2020,FSM,AR,ASW,ES,Combined TRACON& Tower with Radar,3,12,7,2,24,0,0,21,0,21,3,12,28,2,45,0,0,0,45
03/09/2020,FSM,AR,ASW,ES,Combined TRACON& Tower with Radar,3,13,13,8,37,0,0,0,0,0,3,13,13,8,37,0,20,20,57
03/10/2020,FSM,AR,ASW,ES,Combined TRACON& Tower with Radar,3,7,15,14,39,0,0,36,0,36,3,7,51,14,75,86,0,86,161
03/11/2020,FSM,AR,ASW,ES,Combined TRACON& Tower with Radar,3,12,16,9,40,0,0,6,2,8,3,12,22,11,48,22,16,38,86
03/12/2020,FSM,AR,ASW,ES,Combined TRACON& Tower with Radar,3,12,14,37,66,0,0,4,13,17,3,12,18,50,83,0,42,42,125
03/13/2020,FSM,AR,ASW,ES,Combined TRACON& Tower with Radar,3,10,8,1,22,0,0,5,0,5,3,10,13,1,27,12,0,12,39
03/14/2020,FSM,AR,ASW,ES,Combined TRACON& Tower with Radar,5,6,5,0,16,0,0,0,0,0,5,6,5,0,16,0,0,0,16
03/15/2020,FSM,AR,ASW,ES,Combined TRACON& Tower with Radar,4,16,17,20,57,0,0,0,0,0,4,16,17,20,57,0,0,0,57
03/16/2020,FSM,AR,ASW,ES,Combined TRACON& Tower with Radar,4,12,7,6,29,0,0,0,0,0,4,12,7,6,29,0,0,0,29
03/17/2020,FSM,AR,ASW,ES,Combined TRACON& Tower with Radar,3,7,2,4,16,0,0,1,0,1,3,7,3,4,17,0,0,0,17
03/18/2020,FSM,AR,ASW,ES,Combined TRACON& Tower with Radar,3,11,6,14,34,0,0,4,0,4,3,11,10,14,38,0,12,12,50
03/19/2020,FSM,AR,ASW,ES,Combined TRACON& Tower with Radar,3,10,0,0,13,0,0,1,0,1,3,10,1,0,14,2,0,2,16
03/20/2020,FSM,AR,ASW,ES,Combined TRACON& Tower with Radar,3,10,3,8,24,0,0,3,0,3,3,10,6,8,27,12,0,12,39
03/21/2020,FSM,AR,ASW,ES,Combined TRACON& Tower with Radar,3,2,14,17,36,0,0,34,7,41,3,2,48,24,77,42,0,42,119
03/22/2020,FSM,AR,ASW,ES,Combined TRACON& Tower with Radar,3,14,2,0,19,0,0,0,0,0,3,14,2,0,19,0,0,0,19
03/23/2020,FSM,AR,ASW,ES,Combined TRACON& Tower with Radar,3,12,13,6,34,0,0,0,0,0,3,12,13,6,34,0,0,0,34
03/24/2020,FSM,AR,ASW,ES,Combined TRACON& Tower with Radar,4,4,7,10,25,0,0,20,0,20,4,4,27,10,45,28,0,28,73
03/25/2020,FSM,AR,ASW,ES,Combined TRACON& Tower with Radar,2,4,21,10,37,0,0,38,4,42,2,4,59,14,79,16,30,46,125
03/26/2020,FSM,AR,ASW,ES,Combined TRACON& Tower with Radar,2,8,5,6,21,12,0,21,0,33,14,8,26,6,54,0,0,0,54
03/27/2020,FSM,AR,ASW,ES,Combined TRACON& Tower with Radar,3,4,6,1,14,0,0,7,1,8,3,4,13,2,22,28,26,54,76
03/28/2020,FSM,AR,ASW,ES,Combined TRACON& Tower with Radar,2,2,1,0,5,0,0,5,0,5,2,2,6,0,10,0,0,0,10
03/29/2020,FSM,AR,ASW,ES,Combined TRACON& Tower with Radar,3,8,4,0,15,0,1,41,0,42,3,9,45,0,57,0,0,0,57
03/30/2020,FSM,AR,ASW,ES,Combined TRACON& Tower with Radar,4,8,4,0,16,0,0,0,0,0,4,8,4,0,16,16,0,16,32
03/31/2020,FSM,AR,ASW,ES,Combined TRACON& Tower with Radar,3,4,2,4,13,0,0,16,0,16,3,4,18,4,29,20,0,20,49
04/01/2020,FSM,AR,ASW,ES,Combined TRACON& Tower with Radar,3,5,5,6,19,0,0,9,1,10,3,5,14,7,29,30,0,30,59
04/02/2020,FSM,AR,ASW,ES,Combined TRACON& Tower with Radar,1,4,9,6,20,0,0,10,4,14,1,4,19,10,34,0,0,0,34
04/03/2020,FSM,AR,ASW,ES,Combined TRACON& Tower with Radar,1,6,0,0,7,0,0,0,0,0,1,6,0,0,7,0,0,0,7
04/04/2020,FSM,AR,ASW,ES,Combined TRACON& Tower with Radar,1,2,3,0,6,0,0,0,0,0,1,2,3,0,6,0,0,0,6
04/05/2020,FSM,AR,ASW,ES,Combined TRACON& Tower with Radar,1,4,15,0,20,0,0,9,0,9,1,4,24,0,29,0,0,0,29
04/06/2020,FSM,AR,ASW,ES,Combined TRACON& Tower with Radar,0,2,8,0,10,0,0,8,0,8,0,2,16,0,18,14,0,14,32
04/07/2020,FSM,AR,ASW,ES,Combined TRACON& Tower with Radar,1,4,13,4,22,0,0,14,0,14,1,4,27,4,36,12,20,32,68
04/08/2020,FSM,AR,ASW,ES,Combined TRACON& Tower with Radar,0,2,7,6,15,0,1,19,2,22,0,3,26,8,37,33,16,49,86
04/09/2020,FSM,AR,ASW,ES,Combined TRACON& Tower with Radar,0,4,1,0,5,0,0,14,0,14,0,4,15,0,19,34,0,34,53
04/10/2020,FSM,AR,ASW,ES,Combined TRACON& Tower with Radar,0,4,18,6,28,0,2,39,0,41,0,6,57,6,69,30,0,30,99
04/11/2020,FSM,AR,ASW,ES,Combined TRACON& Tower with Radar,2,2,10,0,14,0,1,12,0,13,2,3,22,0,27,0,0,0,27
04/12/2020,FSM,AR,ASW,ES,Combined TRACON& Tower with Radar,0,4,0,0,4,0,0,3,0,3,0,4,3,0,7,0,0,0,7
04/13/2020,FSM,AR,ASW,ES,Combined TRACON& Tower with Radar,0,4,7,20,31,0,0,16,2,18,0,4,23,22,49,0,0,0,49
04/14/2020,FSM,AR,ASW,ES,Combined TRACON& Tower with Radar,0,4,6,0,10,0,0,21,0,21,0,4,27,0,31,28,0,28,59
04/15/2020,FSM,AR,ASW,ES,Combined TRACON& Tower with Radar,0,6,7,4,17,0,2,30,0,32,0,8,37,4,49,0,0,0,49
04/16/2020,FSM,AR,ASW,ES,Combined TRACON& Tower with Radar,0,5,13,19,37,0,2,16,11,29,0,7,29,30,66,0,32,32,98
04/17/2020,FSM,AR,ASW,ES,Combined TRACON& Tower with Radar,0,7,7,6,20,0,0,0,0,0,0,7,7,6,20,0,0,0,20
04/18/2020,FSM,AR,ASW,ES,Combined TRACON& Tower with Radar,0,4,12,0,16,0,0,28,1,29,0,4,40,1,45,14,0,14,59
04/19/2020,FSM,AR,ASW,ES,Combined TRACON& Tower with Radar,0,5,4,0,9,0,0,0,0,0,0,5,4,0,9,0,0,0,9
04/20/2020,FSM,AR,ASW,ES,Combined TRACON& Tower with Radar,0,2,14,20,36,0,2,23,0,25,0,4,37,20,61,6,0,6,67
04/21/2020,FSM,AR,ASW,ES,Combined TRACON& Tower with Radar,0,6,7,0,13,0,0,20,0,20,0,6,27,0,33,28,0,28,61
04/22/2020,FSM,AR,ASW,ES,Combined TRACON& Tower with Radar,0,4,1,0,5,0,0,0,0,0,0,4,1,0,5,0,0,0,5
04/23/2020,FSM,AR,ASW,ES,Combined TRACON& Tower with Radar,0,2,17,16,35,0,0,13,0,13,0,2,30,16,48,6,26,32,80
04/24/2020,FSM,AR,ASW,ES,Combined TRACON& Tower with Radar,0,6,7,0,13,0,0,2,0,2,0,6,9,0,15,26,0,26,41
04/25/2020,FSM,AR,ASW,ES,Combined TRACON& Tower with Radar,2,2,5,5,14,0,1,10,3,14,2,3,15,8,28,0,0,0,28
04/26/2020,FSM,AR,ASW,ES,Combined TRACON& Tower with Radar,0,4,10,0,14,0,1,53,0,54,0,5,63,0,68,14,0,14,82
04/27/2020,FSM,AR,ASW,ES,Combined TRACON& Tower with Radar,0,2,9,3,14,0,0,11,4,15,0,2,20,7,29,0,0,0,29
04/28/2020,FSM,AR,ASW,ES,Combined TRACON& Tower with Radar,2,4,11,20,37,0,1,5,0,6,2,5,16,20,43,0,0,0,43
04/29/2020,FSM,AR,ASW,ES,Combined TRACON& Tower with Radar,0,4,9,9,22,0,1,9,0,10,0,5,18,9,32,0,0,0,32
04/30/2020,FSM,AR,ASW,ES,Combined TRACON& Tower with Radar,2,6,22,10,40,0,1,37,2,40,2,7,59,12,80,54,22,76,156
05/01/2020,FSM,AR,ASW,ES,Combined TRACON& Tower with Radar,0,7,17,0,24,0,1,19,0,20,0,8,36,0,44,0,0,0,44
05/02/2020,FSM,AR,ASW,ES,Combined TRACON& Tower with Radar,2,3,3,9,17,0,0,24,4,28,2,3,27,13,45,36,0,36,81
05/03/2020,FSM,AR,ASW,ES,Combined TRACON& Tower with Radar,2,5,5,0,12,0,0,14,0,14,2,5,19,0,26,24,0,24,50
05/04/2020,FSM,AR,ASW,ES,Combined TRACON& Tower with Radar,0,6,7,4,17,0,0,7,0,7,0,6,14,4,24,0,0,0,24
05/05/2020,FSM,AR,ASW,ES,Combined TRACON& Tower with Radar,0,6,14,7,27,0,1,11,3,15,0,7,25,10,42,0,0,0,42
05/06/2020,FSM,AR,ASW,ES,Combined TRACON& Tower with Radar,2,7,18,5,32,0,1,17,1,19,2,8,35,6,51,14,0,14,65
05/07/2020,FSM,AR,ASW,ES,Combined TRACON& Tower with Radar,0,3,12,11,26,0,1,18,5,24,0,4,30,16,50,28,6,34,84
05/08/2020,FSM,AR,ASW,ES,Combined TRACON& Tower with Radar,0,7,10,12,29,0,0,8,1,9,0,7,18,13,38,0,0,0,38
05/09/2020,FSM,AR,ASW,ES,Combined TRACON& Tower with Radar,0,4,13,16,33,0,2,46,0,48,0,6,59,16,81,16,0,16,97
05/10/2020,FSM,AR,ASW,ES,Combined TRACON& Tower with Radar,0,5,15,1,21,0,0,18,3,21,0,5,33,4,42,26,0,26,68
05/11/2020,FSM,AR,ASW,ES,Combined TRACON& Tower with Radar,0,4,7,22,33,0,1,19,6,26,0,5,26,28,59,14,0,14,73
05/12/2020,FSM,AR,ASW,ES,Combined TRACON& Tower with Radar,0,10,3,6,19,0,0,0,0,0,0,10,3,6,19,0,0,0,19
05/13/2020,FSM,AR,ASW,ES,Combined TRACON& Tower with Radar,0,6,25,16,47,0,0,7,0,7,0,6,32,16,54,10,0,10,64
05/14/2020,FSM,AR,ASW,ES,Combined TRACON& Tower with Radar,0,4,21,12,37,0,0,17,0,17,0,4,38,12,54,10,0,10,64
05/15/2020,FSM,AR,ASW,ES,Combined TRACON& Tower with Radar,0,6,1,0,7,0,0,0,0,0,0,6,1,0,7,0,0,0,7
05/16/2020,FSM,AR,ASW,ES,Combined TRACON& Tower with Radar,0,3,4,4,11,0,0,2,0,2,0,3,6,4,13,0,0,0,13
05/17/2020,FSM,AR,ASW,ES,Combined TRACON& Tower with Radar,0,7,6,5,18,0,0,9,3,12,0,7,15,8,30,10,0,10,40
05/18/2020,FSM,AR,ASW,ES,Combined TRACON& Tower with Radar,0,7,20,20,47,0,1,24,10,35,0,8,44,30,82,16,10,26,108
05/19/2020,FSM,AR,ASW,ES,Combined TRACON& Tower with Radar,0,8,22,19,49,0,5,30,18,53,0,13,52,37,102,36,74,110,212
05/20/2020,FSM,AR,ASW,ES,Combined TRACON& Tower with Radar,0,2,11,18,31,0,1,28,12,41,0,3,39,30,72,50,0,50,122
05/21/2020,FSM,AR,ASW,ES,Combined TRACON& Tower with Radar,0,6,22,5,33,0,0,31,2,33,0,6,53,7,66,70,0,70,136
05/22/2020,FSM,AR,ASW,ES,Combined TRACON& Tower with Radar,0,5,7,0,12,0,0,4,0,4,0,5,11,0,16,0,0,0,16
05/23/2020,FSM,AR,ASW,ES,Combined TRACON& Tower with Radar,0,4,5,0,9,0,1,22,0,23,0,5,27,0,32,30,0,30,62
05/24/2020,FSM,AR,ASW,ES,Combined TRACON& Tower with Radar,0,3,2,0,5,0,0,6,0,6,0,3,8,0,11,0,0,0,11
05/25/2020,FSM,AR,ASW,ES,Combined TRACON& Tower with Radar,0,6,1,1,8,0,0,0,0,0,0,6,1,1,8,0,0,0,8
05/26/2020,FSM,AR,ASW,ES,Combined TRACON& Tower with Radar,0,8,12,18,38,0,0,8,0,8,0,8,20,18,46,0,0,0,46
05/27/2020,FSM,AR,ASW,ES,Combined TRACON& Tower with Radar,0,8,4,0,12,0,0,4,0,4,0,8,8,0,16,14,0,14,30
05/28/2020,FSM,AR,ASW,ES,Combined TRACON& Tower with Radar,0,7,10,8,25,0,0,13,0,13,0,7,23,8,38,0,0,0,38
05/29/2020,FSM,AR,ASW,ES,Combined TRACON& Tower with Radar,0,4,37,18,59,0,0,51,4,55,0,4,88,22,114,0,0,0,114
05/30/2020,FSM,AR,ASW,ES,Combined TRACON& Tower with Radar,0,2,14,0,16,0,0,53,0,53,0,2,67,0,69,26,0,26,95
05/31/2020,FSM,AR,ASW,ES,Combined TRACON& Tower with Radar,0,6,7,0,13,0,0,22,0,22,0,6,29,0,35,0,0,0,35
06/01/2020,FSM,AR,ASW,ES,Combined TRACON& Tower with Radar,0,4,10,17,31,0,0,28,2,30,0,4,38,19,61,4,0,4,65
06/02/2020,FSM,AR,ASW,ES,Combined TRACON& Tower with Radar,0,4,19,30,53,0,1,32,0,33,0,5,51,30,86,10,4,14,100
06/03/2020,FSM,AR,ASW,ES,Combined TRACON& Tower with Radar,0,6,19,4,29,0,0,22,0,22,0,6,41,4,51,26,14,40,91
06/04/2020,FSM,AR,ASW,ES,Combined TRACON& Tower with Radar,0,6,12,12,30,0,0,11,6,17,0,6,23,18,47,0,0,0,47
06/05/2020,FSM,AR,ASW,ES,Combined TRACON& Tower with Radar,0,6,9,2,17,0,1,38,0,39,0,7,47,2,56,36,0,36,92
06/06/2020,FSM,AR,ASW,ES,Combined TRACON& Tower with Radar,0,4,9,8,21,0,0,38,0,38,0,4,47,8,59,72,0,72,131
06/07/2020,FSM,AR,ASW,ES,Combined TRACON& Tower with Radar,2,4,1,14,21,0,1,23,0,24,2,5,24,14,45,12,6,18,63
06/08/2020,FSM,AR,ASW,ES,Combined TRACON& Tower with Radar,0,8,9,11,28,0,0,14,2,16,0,8,23,13,44,24,0,24,68
06/09/2020,FSM,AR,ASW,ES,Combined TRACON& Tower with Radar,0,5,9,2,16,0,0,7,0,7,0,5,16,2,23,52,0,52,75
06/10/2020,FSM,AR,ASW,ES,Combined TRACON& Tower with Radar,0,4,18,14,36,0,1,9,0,10,0,5,27,14,46,4,0,4,50
06/11/2020,FSM,AR,ASW,ES,Combined TRACON& Tower with Radar,0,7,21,6,34,0,1,53,0,54,0,8,74,6,88,26,0,26,114
06/12/2020,FSM,AR,ASW,ES,Combined TRACON& Tower with Radar,0,4,20,10,34,0,2,51,2,55,0,6,71,12,89,14,0,14,103
06/13/2020,FSM,AR,ASW,ES,Combined TRACON& Tower with Radar,0,6,17,2,25,0,1,41,0,42,0,7,58,2,67,16,0,16,83
06/14/2020,FSM,AR,ASW,ES,Combined TRACON& Tower with Radar,0,4,13,4,21,0,0,24,0,24,0,4,37,4,45,32,0,32,77
06/15/2020,FSM,AR,ASW,ES,Combined TRACON& Tower with Radar,0,7,13,29,49,0,1,40,17,58,0,8,53,46,107,0,0,0,107
06/16/2020,FSM,AR,ASW,ES,Combined TRACON& Tower with Radar,0,6,14,26,46,0,0,15,11,26,0,6,29,37,72,30,6,36,108
06/17/2020,FSM,AR,ASW,ES,Combined TRACON& Tower with Radar,0,7,8,34,49,0,1,28,26,55,0,8,36,60,104,12,38,50,154
06/18/2020,FSM,AR,ASW,ES,Combined TRACON& Tower with Radar,0,5,22,19,46,0,1,24,13,38,0,6,46,32,84,18,24,42,126
06/19/2020,FSM,AR,ASW,ES,Combined TRACON& Tower with Radar,0,8,17,0,25,0,0,28,0,28,0,8,45,0,53,0,0,0,53
06/20/2020,FSM,AR,ASW,ES,Combined TRACON& Tower with Radar,0,5,8,0,13,0,0,17,0,17,0,5,25,0,30,10,0,10,40
06/21/2020,FSM,AR,ASW,ES,Combined TRACON& Tower with Radar,0,5,8,0,13,0,0,8,0,8,0,5,16,0,21,0,0,0,21
06/22/2020,FSM,AR,ASW,ES,Combined TRACON& Tower with Radar,0,8,9,13,30,0,1,16,3,20,0,9,25,16,50,26,8,34,84
06/23/2020,FSM,AR,ASW,ES,Combined TRACON& Tower with Radar,0,7,14,17,38,0,2,23,13,38,0,9,37,30,76,8,16,24,100
06/24/2020,FSM,AR,ASW,ES,Combined TRACON& Tower with Radar,0,4,12,9,25,0,0,43,2,45,0,4,55,11,70,74,0,74,144
06/25/2020,FSM,AR,ASW,ES,Combined TRACON& Tower with Radar,0,7,21,22,50,0,0,37,13,50,0,7,58,35,100,0,0,0,100
06/26/2020,FSM,AR,ASW,ES,Combined TRACON& Tower with Radar,0,7,22,1,30,0,2,12,0,14,0,9,34,1,44,0,0,0,44
06/27/2020,FSM,AR,ASW,ES,Combined TRACON& Tower with Radar,2,7,7,24,40,0,0,6,0,6,2,7,13,24,46,0,0,0,46
06/28/2020,FSM,AR,ASW,ES,Combined TRACON& Tower with Radar,0,8,20,22,50,0,4,9,0,13,0,12,29,22,63,0,4,4,67
06/29/2020,FSM,AR,ASW,ES,Combined TRACON& Tower with Radar,0,4,5,12,21,0,0,12,0,12,0,4,17,12,33,8,64,72,105
06/30/2020,FSM,AR,ASW,ES,Combined TRACON& Tower with Radar,0,4,14,6,24,0,1,8,0,9,0,5,22,6,33,0,0,0,33
07/01/2020,FSM,AR,ASW,ES,Combined TRACON& Tower with Radar,0,5,16,5,26,0,1,14,3,18,0,6,30,8,44,0,0,0,44
07/02/2020,FSM,AR,ASW,ES,Combined TRACON& Tower with Radar,0,6,17,1,24,0,0,18,0,18,0,6,35,1,42,30,0,30,72
07/03/2020,FSM,AR,ASW,ES,Combined TRACON& Tower with Radar,0,5,22,0,27,0,1,23,0,24,0,6,45,0,51,0,0,0,51
07/04/2020,FSM,AR,ASW,ES,Combined TRACON& Tower with Radar,0,4,5,0,9,0,1,7,0,8,0,5,12,0,17,4,0,4,21
07/05/2020,FSM,AR,ASW,ES,Combined TRACON& Tower with Radar,0,7,13,0,20,0,0,27,2,29,0,7,40,2,49,0,0,0,49
07/06/2020,FSM,AR,ASW,ES,Combined TRACON& Tower with Radar,0,11,11,0,22,0,0,16,0,16,0,11,27,0,38,34,0,34,72
07/07/2020,FSM,AR,ASW,ES,Combined TRACON& Tower with Radar,0,7,16,15,38,0,2,26,0,28,0,9,42,15,66,24,0,24,90
07/08/2020,FSM,AR,ASW,ES,Combined TRACON& Tower with Radar,0,6,23,24,53,0,1,20,0,21,0,7,43,24,74,8,0,8,82
07/09/2020,FSM,AR,ASW,ES,Combined TRACON& Tower with Radar,0,10,5,2,17,0,2,11,0,13,0,12,16,2,30,8,0,8,38
07/10/2020,FSM,AR,ASW,ES,Combined TRACON& Tower with Radar,0,11,16,0,27,0,0,30,4,34,0,11,46,4,61,14,0,14,75
07/11/2020,FSM,AR,ASW,ES,Combined TRACON& Tower with Radar,0,6,15,0,21,0,3,34,0,37,0,9,49,0,58,0,0,0,58
07/12/2020,FSM,AR,ASW,ES,Combined TRACON& Tower with Radar,0,8,9,0,17,0,1,25,0,26,0,9,34,0,43,16,18,34,77
07/13/2020,FSM,AR,ASW,ES,Combined TRACON& Tower with Radar,0,14,18,0,32,0,0,27,0,27,0,14,45,0,59,24,0,24,83
07/14/2020,FSM,AR,ASW,ES,Combined TRACON& Tower with Radar,0,6,19,14,39,0,0,23,0,23,0,6,42,14,62,30,50,80,142
07/15/2020,FSM,AR,ASW,ES,Combined TRACON& Tower with Radar,0,12,12,14,38,0,1,31,0,32,0,13,43,14,70,16,4,20,90
07/16/2020,FSM,AR,ASW,ES,Combined TRACON& Tower with Radar,0,9,10,5,24,0,0,17,5,22,0,9,27,10,46,12,8,20,66
07/17/2020,FSM,AR,ASW,ES,Combined TRACON& Tower with Radar,0,7,16,18,41,0,0,36,0,36,0,7,52,18,77,76,0,76,153
07/18/2020,FSM,AR,ASW,ES,Combined TRACON& Tower with Radar,2,8,7,8,25,0,2,21,0,23,2,10,28,8,48,24,0,24,72
07/19/2020,FSM,AR,ASW,ES,Combined TRACON& Tower with Radar,0,10,16,0,26,0,0,34,0,34,0,10,50,0,60,34,0,34,94
07/20/2020,FSM,AR,ASW,ES,Combined TRACON& Tower with Radar,0,12,11,17,40,0,3,24,1,28,0,15,35,18,68,74,4,78,146
07/21/2020,FSM,AR,ASW,ES,Combined TRACON& Tower with Radar,0,7,23,12,42,0,1,31,6,38,0,8,54,18,80,112,0,112,192
07/22/2020,FSM,AR,ASW,ES,Combined TRACON& Tower with Radar,0,8,22,5,35,0,0,17,1,18,0,8,39,6,53,48,0,48,101
07/23/2020,FSM,AR,ASW,ES,Combined TRACON& Tower with Radar,0,12,18,0,30,0,0,25,0,25,0,12,43,0,55,26,0,26,81
07/24/2020,FSM,AR,ASW,ES,Combined TRACON& Tower with Radar,0,8,22,8,38,0,1,39,4,44,0,9,61,12,82,14,0,14,96
07/25/2020,FSM,AR,ASW,ES,Combined TRACON& Tower with Radar,0,8,18,0,26,0,0,18,0,18,0,8,36,0,44,0,0,0,44
07/26/2020,FSM,AR,ASW,ES,Combined TRACON& Tower with Radar,0,8,9,0,17,0,1,35,0,36,0,9,44,0,53,58,0,58,111
07/27/2020,FSM,AR,ASW,ES,Combined TRACON& Tower with Radar,0,11,19,2,32,0,0,30,0,30,0,11,49,2,62,0,0,0,62
07/28/2020,FSM,AR,ASW,ES,Combined TRACON& Tower with Radar,0,6,16,0,22,0,1,9,0,10,0,7,25,0,32,42,0,42,74
07/29/2020,FSM,AR,ASW,ES,Combined TRACON& Tower with Radar,0,5,15,1,21,0,0,7,0,7,0,5,22,1,28,2,0,2,30
07/30/2020,FSM,AR,ASW,ES,Combined TRACON& Tower with Radar,0,9,9,16,34,0,0,5,10,15,0,9,14,26,49,8,0,8,57
07/31/2020,FSM,AR,ASW,ES,Combined TRACON& Tower with Radar,0,9,7,7,23,0,1,9,0,10,0,10,16,7,33,20,10,30,63
08/01/2020,FSM,AR,ASW,ES,Combined TRACON& Tower with Radar,0,11,10,1,22,0,0,27,3,30,0,11,37,4,52,8,4,12,64
08/02/2020,FSM,AR,ASW,ES,Combined TRACON& Tower with Radar,0,9,13,0,22,0,2,28,0,30,0,11,41,0,52,0,0,0,52
08/03/2020,FSM,AR,ASW,ES,Combined TRACON& Tower with Radar,0,9,18,0,27,0,1,26,2,29,0,10,44,2,56,0,0,0,56
08/04/2020,FSM,AR,ASW,ES,Combined TRACON& Tower with Radar,0,8,19,25,52,0,0,31,4,35,0,8,50,29,87,50,0,50,137
08/05/2020,FSM,AR,ASW,ES,Combined TRACON& Tower with Radar,0,7,28,15,50,0,1,48,2,51,0,8,76,17,101,38,14,52,153
08/06/2020,FSM,AR,ASW,ES,Combined TRACON& Tower with Radar,0,10,12,0,22,0,0,23,2,25,0,10,35,2,47,48,0,48,95
08/07/2020,FSM,AR,ASW,ES,Combined TRACON& Tower with Radar,0,8,22,4,34,0,0,22,1,23,0,8,44,5,57,6,0,6,63
08/08/2020,FSM,AR,ASW,ES,Combined TRACON& Tower with Radar,2,8,15,0,25,0,1,31,0,32,2,9,46,0,57,30,0,30,87
08/09/2020,FSM,AR,ASW,ES,Combined TRACON& Tower with Radar,0,7,13,0,20,0,4,29,0,33,0,11,42,0,53,6,0,6,59
08/10/2020,FSM,AR,ASW,ES,Combined TRACON& Tower with Radar,0,9,8,22,39,0,1,29,0,30,0,10,37,22,69,0,0,0,69
08/11/2020,FSM,AR,ASW,ES,Combined TRACON& Tower with Radar,0,6,12,0,18,0,0,6,0,6,0,6,18,0,24,0,0,0,24
08/12/2020,FSM,AR,ASW,ES,Combined TRACON& Tower with Radar,0,6,17,13,36,0,1,28,1,30,0,7,45,14,66,90,0,90,156
08/13/2020,FSM,AR,ASW,ES,Combined TRACON& Tower with Radar,0,8,16,5,29,0,0,27,0,27,0,8,43,5,56,20,0,20,76
08/14/2020,FSM,AR,ASW,ES,Combined TRACON& Tower with Radar,0,9,12,12,33,0,0,29,0,29,0,9,41,12,62,14,0,14,76
08/15/2020,FSM,AR,ASW,ES,Combined TRACON& Tower with Radar,0,7,10,0,17,0,1,35,0,36,0,8,45,0,53,0,0,0,53
08/16/2020,FSM,AR,ASW,ES,Combined TRACON& Tower with Radar,3,8,5,2,18,0,1,30,0,31,3,9,35,2,49,38,4,42,91
08/17/2020,FSM,AR,ASW,ES,Combined TRACON& Tower with Radar,0,6,14,0,20,0,0,32,3,35,0,6,46,3,55,10,22,32,87
08/18/2020,FSM,AR,ASW,ES,Combined TRACON& Tower with Radar,0,4,13,5,22,0,0,29,0,29,0,4,42,5,51,44,0,44,95
08/19/2020,FSM,AR,ASW,ES,Combined TRACON& Tower with Radar,0,8,8,6,22,0,0,35,2,37,0,8,43,8,59,42,0,42,101
08/20/2020,FSM,AR,ASW,ES,Combined TRACON& Tower with Radar,0,11,23,6,40,0,0,39,0,39,0,11,62,6,79,22,0,22,101
08/21/2020,FSM,AR,ASW,ES,Combined TRACON& Tower with Radar,0,7,17,33,57,0,1,55,3,59,0,8,72,36,116,38,6,44,160
08/22/2020,FSM,AR,ASW,ES,Combined TRACON& Tower with Radar,0,6,11,29,46,0,0,44,3,47,0,6,55,32,93,100,0,100,193
08/23/2020,FSM,AR,ASW,ES,Combined TRACON& Tower with Radar,0,8,5,0,13,0,2,31,2,35,0,10,36,2,48,0,0,0,48
08/24/2020,FSM,AR,ASW,ES,Combined TRACON& Tower with Radar,0,6,16,33,55,0,0,32,2,34,0,6,48,35,89,54,24,78,167
08/25/2020,FSM,AR,ASW,ES,Combined TRACON& Tower with Radar,0,4,19,15,38,0,0,39,1,40,0,4,58,16,78,0,0,0,78
08/26/2020,FSM,AR,ASW,ES,Combined TRACON& Tower with Radar,0,7,6,6,19,0,0,1,0,1,0,7,7,6,20,0,0,0,20
08/27/2020,FSM,AR,ASW,ES,Combined TRACON& Tower with Radar,0,10,19,0,29,0,0,3,0,3,0,10,22,0,32,0,0,0,32
08/28/2020,FSM,AR,ASW,ES,Combined TRACON& Tower with Radar,0,6,18,7,31,0,0,44,5,49,0,6,62,12,80,74,22,96,176
08/29/2020,FSM,AR,ASW,ES,Combined TRACON& Tower with Radar,2,10,13,0,25,0,1,24,0,25,2,11,37,0,50,18,0,18,68
08/30/2020,FSM,AR,ASW,ES,Combined TRACON& Tower with Radar,0,7,3,0,10,0,0,21,0,21,0,7,24,0,31,24,0,24,55
08/31/2020,FSM,AR,ASW,ES,Combined TRACON& Tower with Radar,0,10,8,0,18,0,1,9,0,10,0,11,17,0,28,18,0,18,46
09/01/2020,FSM,AR,ASW,ES,Combined TRACON& Tower with Radar,1,4,0,0,5,0,0,2,0,2,1,4,2,0,7,0,0,0,7
09/02/2020,FSM,AR,ASW,ES,Combined TRACON& Tower with Radar,1,11,9,0,21,0,0,6,0,6,1,11,15,0,27,42,0,42,69
09/03/2020,FSM,AR,ASW,ES,Combined TRACON& Tower with Radar,0,11,42,0,53,0,1,23,2,26,0,12,65,2,79,20,0,20,99
09/04/2020,FSM,AR,ASW,ES,Combined TRACON& Tower with Radar,0,10,18,2,30,0,2,35,0,37,0,12,53,2,67,40,0,40,107
09/05/2020,FSM,AR,ASW,ES,Combined TRACON& Tower with Radar,0,5,15,0,20,0,2,34,1,37,0,7,49,1,57,1,0,1,58
09/06/2020,FSM,AR,ASW,ES,Combined TRACON& Tower with Radar,0,5,9,0,14,0,3,22,0,25,0,8,31,0,39,10,0,10,49
09/07/2020,FSM,AR,ASW,ES,Combined TRACON& Tower with Radar,0,8,11,3,22,0,2,41,3,46,0,10,52,6,68,36,0,36,104
09/08/2020,FSM,AR,ASW,ES,Combined TRACON& Tower with Radar,0,7,16,38,61,0,0,52,2,54,0,7,68,40,115,14,0,14,129
09/09/2020,FSM,AR,ASW,ES,Combined TRACON& Tower with Radar,3,4,21,70,98,0,0,43,2,45,3,4,64,72,143,32,18,50,193
09/10/2020,FSM,AR,ASW,ES,Combined TRACON& Tower with Radar,4,6,22,10,42,0,2,0,1,3,4,8,22,11,45,0,0,0,45
09/11/2020,FSM,AR,ASW,ES,Combined TRACON& Tower with Radar,4,8,32,13,57,0,1,24,1,26,4,9,56,14,83,192,0,192,275
09/12/2020,FSM,AR,ASW,ES,Combined TRACON& Tower with Radar,4,3,26,19,52,0,3,24,4,31,4,6,50,23,83,28,0,28,111
09/13/2020,FSM,AR,ASW,ES,Combined TRACON& Tower with Radar,4,5,10,20,39,0,0,24,7,31,4,5,34,27,70,24,0,24,94
09/14/2020,FSM,AR,ASW,ES,Combined TRACON& Tower with Radar,4,4,23,61,92,0,0,28,5,33,4,4,51,66,125,30,0,30,155
09/15/2020,FSM,AR,ASW,ES,Combined TRACON& Tower with Radar,4,0,13,14,31,0,0,22,1,23,4,0,35,15,54,24,0,24,78
09/16/2020,FSM,AR,ASW,ES,Combined TRACON& Tower with Radar,4,6,23,8,41,0,0,34,0,34,4,6,57,8,75,32,0,32,107
09/17/2020,FSM,AR,ASW,ES,Combined TRACON& Tower with Radar,6,5,24,27,62,0,1,23,3,27,6,6,47,30,89,52,4,56,145
09/18/2020,FSM,AR,ASW,ES,Combined TRACON& Tower with Radar,4,6,15,3,28,0,1,24,1,26,4,7,39,4,54,22,12,34,88
09/19/2020,FSM,AR,ASW,ES,Combined TRACON& Tower with Radar,4,4,15,26,49,0,0,30,2,32,4,4,45,28,81,0,0,0,81
09/20/2020,FSM,AR,ASW,ES,Combined TRACON& Tower with Radar,4,4,23,0,31,0,0,25,0,25,4,4,48,0,56,0,0,0,56
09/21/2020,FSM,AR,ASW,ES,Combined TRACON& Tower with Radar,4,5,22,23,54,0,3,31,1,35,4,8,53,24,89,26,12,38,127
09/22/2020,FSM,AR,ASW,ES,Combined TRACON& Tower with Radar,4,7,18,1,30,0,0,0,0,0,4,7,18,1,30,0,0,0,30
09/23/2020,FSM,AR,ASW,ES,Combined TRACON& Tower with Radar,4,7,12,22,45,0,1,1,1,3,4,8,13,23,48,0,12,12,60
09/24/2020,FSM,AR,ASW,ES,Combined TRACON& Tower with Radar,4,8,33,24,69,0,6,28,5,39,4,14,61,29,108,70,18,88,196
09/25/2020,FSM,AR,ASW,ES,Combined TRACON& Tower with Radar,4,9,14,40,67,0,3,19,2,24,4,12,33,42,91,82,34,116,207
09/26/2020,FSM,AR,ASW,ES,Combined TRACON& Tower with Radar,4,3,5,26,38,0,1,37,4,42,4,4,42,30,80,40,0,40,120
09/27/2020,FSM,AR,ASW,ES,Combined TRACON& Tower with Radar,4,5,10,0,19,0,3,13,0,16,4,8,23,0,35,42,0,42,77
09/28/2020,FSM,AR,ASW,ES,Combined TRACON& Tower with Radar,4,8,18,19,49,0,0,24,4,28,4,8,42,23,77,14,4,18,95
09/29/2020,FSM,AR,ASW,ES,Combined TRACON& Tower with Radar,4,6,21,24,55,0,1,39,2,42,4,7,60,26,97,40,0,40,137
09/30/2020,FSM,AR,ASW,ES,Combined TRACON& Tower with Radar,4,9,32,13,58,0,0,57,6,63,4,9,89,19,121,36,10,46,167
10/01/2020,FSM,AR,ASW,ES,Combined TRACON& Tower with Radar,4,5,9,4,22,0,1,25,0,26,4,6,34,4,48,0,0,0,48
10/02/2020,FSM,AR,ASW,ES,Combined TRACON& Tower with Radar,4,6,9,24,43,0,2,53,2,57,4,8,62,26,100,44,4,48,148
10/03/2020,FSM,AR,ASW,ES,Combined TRACON& Tower with Radar,4,7,5,2,18,0,0,25,0,25,4,7,30,2,43,38,0,38,81
10/04/2020,FSM,AR,ASW,ES,Combined TRACON& Tower with Radar,4,2,8,2,16,0,2,34,0,36,4,4,42,2,52,6,0,6,58
10/05/2020,FSM,AR,ASW,ES,Combined TRACON& Tower with Radar,4,6,17,22,49,0,1,13,0,14,4,7,30,22,63,0,0,0,63
10/06/2020,FSM,AR,ASW,ES,Combined TRACON& Tower with Radar,4,4,8,19,35,0,4,28,1,33,4,8,36,20,68,114,22,136,204
10/07/2020,FSM,AR,ASW,ES,Combined TRACON& Tower with Radar,4,7,13,18,42,0,2,28,0,30,4,9,41,18,72,0,0,0,72
10/08/2020,FSM,AR,ASW,ES,Combined TRACON& Tower with Radar,4,4,14,28,50,0,0,30,1,31,4,4,44,29,81,58,8,66,147
10/09/2020,FSM,AR,ASW,ES,Combined TRACON& Tower with Radar,4,6,28,59,97,0,0,20,15,35,4,6,48,74,132,102,100,202,334
10/10/2020,FSM,AR,ASW,ES,Combined TRACON& Tower with Radar,4,6,26,21,57,0,1,27,7,35,4,7,53,28,92,66,98,164,256
10/11/2020,FSM,AR,ASW,ES,Combined TRACON& Tower with Radar,4,2,16,2,24,0,0,42,0,42,4,2,58,2,66,32,0,32,98
10/12/2020,FSM,AR,ASW,ES,Combined TRACON& Tower with Radar,4,4,12,0,20,0,0,21,0,21,4,4,33,0,41,0,0,0,41
10/13/2020,FSM,AR,ASW,ES,Combined TRACON& Tower with Radar,4,4,16,32,56,0,0,37,13,50,4,4,53,45,106,50,0,50,156
10/14/2020,FSM,AR,ASW,ES,Combined TRACON& Tower with Radar,6,5,22,8,41,0,1,32,14,47,6,6,54,22,88,18,0,18,106
10/15/2020,FSM,AR,ASW,ES,Combined TRACON& Tower with Radar,4,4,16,24,48,0,3,16,1,20,4,7,32,25,68,10,0,10,78
10/16/2020,FSM,AR,ASW,ES,Combined TRACON& Tower with Radar,4,5,18,57,84,0,2,44,6,52,4,7,62,63,136,56,18,74,210
10/17/2020,FSM,AR,ASW,ES,Combined TRACON& Tower with Radar,4,3,14,2,23,0,1,20,1,22,4,4,34,3,45,0,0,0,45
10/18/2020,FSM,AR,ASW,ES,Combined TRACON& Tower with Radar,4,2,18,0,24,0,1,4,0,5,4,3,22,0,29,42,0,42,71
10/19/2020,FSM,AR,ASW,ES,Combined TRACON& Tower with Radar,4,7,24,0,35,0,0,0,0,0,4,7,24,0,35,8,0,8,43
10/20/2020,FSM,AR,ASW,ES,Combined TRACON& Tower with Radar,4,7,18,2,31,0,0,7,0,7,4,7,25,2,38,34,0,34,72
10/21/2020,FSM,AR,ASW,ES,Combined TRACON& Tower with Radar,4,5,26,18,53,0,3,51,0,54,4,8,77,18,107,80,0,80,187
10/22/2020,FSM,AR,ASW,ES,Combined TRACON& Tower with Radar,4,5,18,24,51,0,1,45,3,49,4,6,63,27,100,0,0,0,100
10/23/2020,FSM,AR,ASW,ES,Combined TRACON& Tower with Radar,8,6,8,40,62,0,0,0,0,0,8,6,8,40,62,0,0,0,62
10/24/2020,FSM,AR,ASW,ES,Combined TRACON& Tower with Radar,4,4,10,2,20,0,2,10,0,12,4,6,20,2,32,72,0,72,104
10/25/2020,FSM,AR,ASW,ES,Combined TRACON& Tower with Radar,4,5,17,0,26,0,0,9,0,9,4,5,26,0,35,52,0,52,87
10/26/2020,FSM,AR,ASW,ES,Combined TRACON& Tower with Radar,4,7,3,0,14,0,0,0,0,0,4,7,3,0,14,0,0,0,14
10/27/2020,FSM,AR,ASW,ES,Combined TRACON& Tower with Radar,4,5,8,0,17,0,0,0,0,0,4,5,8,0,17,0,0,0,17
10/28/2020,FSM,AR,ASW,ES,Combined TRACON& Tower with Radar,4,4,8,0,16,0,0,0,0,0,4,4,8,0,16,0,0,0,16
10/29/2020,FSM,AR,ASW,ES,Combined TRACON& Tower with Radar,4,5,13,0,22,0,1,4,0,5,4,6,17,0,27,0,0,0,27
10/30/2020,FSM,AR,ASW,ES,Combined TRACON& Tower with Radar,4,6,25,10,45,0,1,48,4,53,4,7,73,14,98,60,0,60,158
10/31/2020,FSM,AR,ASW,ES,Combined TRACON& Tower with Radar,4,0,17,2,23,0,0,38,0,38,4,0,55,2,61,36,6,42,103
11/01/2020,FSM,AR,ASW,ES,Combined TRACON& Tower with Radar,6,4,16,2,28,0,0,48,0,48,6,4,64,2,76,0,0,0,76
11/02/2020,FSM,AR,ASW,ES,Combined TRACON& Tower with Radar,4,5,12,27,48,0,0,50,3,53,4,5,62,30,101,34,0,34,135
11/03/2020,FSM,AR,ASW,ES,Combined TRACON& Tower with Radar,6,2,11,29,48,0,0,39,5,44,6,2,50,34,92,98,0,98,190
11/04/2020,FSM,AR,ASW,ES,Combined TRACON& Tower with Radar,4,3,27,24,58,0,0,26,12,38,4,3,53,36,96,6,6,12,108
11/05/2020,FSM,AR,ASW,ES,Combined TRACON& Tower with Radar,7,7,16,53,83,0,2,34,11,47,7,9,50,64,130,0,0,0,130
11/06/2020,FSM,AR,ASW,ES,Combined TRACON& Tower with Radar,4,4,19,35,62,0,1,45,6,52,4,5,64,41,114,46,0,46,160
11/07/2020,FSM,AR,ASW,ES,Combined TRACON& Tower with Radar,4,2,9,10,25,0,0,34,3,37,4,2,43,13,62,20,0,20,82
11/08/2020,FSM,AR,ASW,ES,Combined TRACON& Tower with Radar,4,2,20,4,30,0,0,8,1,9,4,2,28,5,39,0,0,0,39
11/09/2020,FSM,AR,ASW,ES,Combined TRACON& Tower with Radar,2,5,9,28,44,0,0,4,5,9,2,5,13,33,53,30,14,44,97
11/10/2020,FSM,AR,ASW,ES,Combined TRACON& Tower with Radar,4,2,14,11,31,0,0,10,6,16,4,2,24,17,47,18,24,42,89
11/11/2020,FSM,AR,ASW,ES,Combined TRACON& Tower with Radar,4,6,17,0,27,0,0,28,4,32,4,6,45,4,59,14,0,14,73
11/12/2020,FSM,AR,ASW,ES,Combined TRACON& Tower with Radar,2,2,35,10,49,0,0,33,6,39,2,2,68,16,88,10,0,10,98
11/13/2020,FSM,AR,ASW,ES,Combined TRACON& Tower with Radar,4,4,21,11,40,0,1,27,7,35,4,5,48,18,75,0,0,0,75
11/14/2020,FSM,AR,ASW,ES,Combined TRACON& Tower with Radar,4,8,11,1,24,0,1,0,1,2,4,9,11,2,26,0,0,0,26
11/15/2020,FSM,AR,ASW,ES,Combined TRACON& Tower with Radar,4,5,8,0,17,0,2,24,1,27,4,7,32,1,44,0,0,0,44
11/16/2020,FSM,AR,ASW,ES,Combined TRACON& Tower with Radar,2,10,15,23,50,0,0,32,6,38,2,10,47,29,88,0,0,0,88
11/17/2020,FSM,AR,ASW,ES,Combined TRACON& Tower with Radar,4,2,11,17,34,0,2,42,16,60,4,4,53,33,94,44,4,48,142
11/18/2020,FSM,AR,ASW,ES,Combined TRACON& Tower with Radar,4,4,9,20,37,0,2,25,9,36,4,6,34,29,73,8,0,8,81
11/19/2020,FSM,AR,ASW,ES,Combined TRACON& Tower with Radar,2,7,7,23,39,0,1,24,17,42,2,8,31,40,81,0,0,0,81
11/20/2020,FSM,AR,ASW,ES,Combined TRACON& Tower with Radar,4,3,23,8,38,0,0,22,4,26,4,3,45,12,64,38,0,38,102
11/21/2020,FSM,AR,ASW,ES,Combined TRACON& Tower with Radar,6,7,16,0,29,0,0,17,0,17,6,7,33,0,46,0,0,0,46
11/22/2020,FSM,AR,ASW,ES,Combined TRACON& Tower with Radar,4,4,36,0,44,0,0,4,0,4,4,4,40,0,48,0,0,0,48
11/23/2020,FSM,AR,ASW,ES,Combined TRACON& Tower with Radar,2,9,17,0,28,0,0,27,0,27,2,9,44,0,55,0,0,0,55
11/24/2020,FSM,AR,ASW,ES,Combined TRACON& Tower with Radar,4,6,10,8,28,0,1,3,0,4,4,7,13,8,32,0,0,0,32
11/25/2020,FSM,AR,ASW,ES,Combined TRACON& Tower with Radar,4,9,12,13,38,0,0,12,3,15,4,9,24,16,53,10,12,22,75
11/26/2020,FSM,AR,ASW,ES,Combined TRACON& Tower with Radar,2,6,4,0,12,0,0,11,0,11,2,6,15,0,23,0,0,0,23
11/27/2020,FSM,AR,ASW,ES,Combined TRACON& Tower with Radar,4,0,14,0,18,0,1,15,0,16,4,1,29,0,34,10,0,10,44
11/28/2020,FSM,AR,ASW,ES,Combined TRACON& Tower with Radar,4,6,15,0,25,0,2,35,0,37,4,8,50,0,62,80,0,80,142
11/29/2020,FSM,AR,ASW,ES,Combined TRACON& Tower with Radar,4,8,8,0,20,0,1,2,0,3,4,9,10,0,23,6,0,6,29
11/30/2020,FSM,AR,ASW,ES,Combined TRACON& Tower with Radar,4,14,18,15,51,0,0,13,4,17,4,14,31,19,68,18,8,26,94
12/01/2020,FSM,AR,ASW,ES,Combined TRACON& Tower with Radar,4,8,19,6,37,0,0,38,3,41,4,8,57,9,78,0,0,0,78
12/02/2020,FSM,AR,ASW,ES,Combined TRACON& Tower with Radar,2,18,6,0,26,0,0,1,0,1,2,18,7,0,27,0,0,0,27
12/03/2020,FSM,AR,ASW,ES,Combined TRACON& Tower with Radar,4,4,6,4,18,0,0,0,0,0,4,4,6,4,18,0,0,0,18
12/04/2020,FSM,AR,ASW,ES,Combined TRACON& Tower with Radar,4,11,24,58,97,0,1,26,10,37,4,12,50,68,134,0,0,0,134
12/05/2020,FSM,AR,ASW,ES,Combined TRACON& Tower with Radar,2,3,20,32,57,0,2,42,3,47,2,5,62,35,104,52,4,56,160
12/06/2020,FSM,AR,ASW,ES,Combined TRACON& Tower with Radar,4,4,7,12,27,0,1,24,2,27,4,5,31,14,54,34,0,34,88
12/07/2020,FSM,AR,ASW,ES,Combined TRACON& Tower with Radar,6,4,11,33,54,0,0,20,5,25,6,4,31,38,79,0,0,0,79
12/08/2020,FSM,AR,ASW,ES,Combined TRACON& Tower with Radar,2,5,18,25,50,0,1,36,4,41,2,6,54,29,91,70,4,74,165
12/09/2020,FSM,AR,ASW,ES,Combined TRACON& Tower with Radar,2,4,22,5,33,0,2,23,6,31,2,6,45,11,64,0,0,0,64
12/10/2020,FSM,AR,ASW,ES,Combined TRACON& Tower with Radar,4,7,14,33,58,0,1,34,5,40,4,8,48,38,98,4,0,4,102
12/11/2020,FSM,AR,ASW,ES,Combined TRACON& Tower with Radar,3,9,6,0,18,0,0,0,0,0,3,9,6,0,18,8,0,8,26
12/12/2020,FSM,AR,ASW,ES,Combined TRACON& Tower with Radar,1,10,12,0,23,0,2,10,0,12,1,12,22,0,35,32,0,32,67
12/13/2020,FSM,AR,ASW,ES,Combined TRACON& Tower with Radar,4,3,6,0,13,0,1,0,0,1,4,4,6,0,14,0,0,0,14
12/14/2020,FSM,AR,ASW,ES,Combined TRACON& Tower with Radar,4,10,11,17,42,0,3,32,8,43,4,13,43,25,85,30,0,30,115
12/15/2020,FSM,AR,ASW,ES,Combined TRACON& Tower with Radar,2,6,14,27,49,0,0,14,7,21,2,6,28,34,70,32,46,78,148
12/16/2020,FSM,AR,ASW,ES,Combined TRACON& Tower with Radar,2,5,13,10,30,0,0,9,3,12,2,5,22,13,42,0,0,0,42
12/17/2020,FSM,AR,ASW,ES,Combined TRACON& Tower with Radar,4,11,22,26,63,0,0,33,6,39,4,11,55,32,102,16,0,16,118
12/18/2020,FSM,AR,ASW,ES,Combined TRACON& Tower with Radar,4,11,12,4,31,0,2,43,1,46,4,13,55,5,77,92,0,92,169
12/19/2020,FSM,AR,ASW,ES,Combined TRACON& Tower with Radar,4,5,10,0,19,0,0,7,0,7,4,5,17,0,26,0,0,0,26
12/20/2020,FSM,AR,ASW,ES,Combined TRACON& Tower with Radar,4,6,22,0,32,0,0,18,0,18,4,6,40,0,50,12,0,12,62
12/21/2020,FSM,AR,ASW,ES,Combined TRACON& Tower with Radar,4,5,13,6,28,0,0,31,0,31,4,5,44,6,59,20,0,20,79
12/22/2020,FSM,AR,ASW,ES,Combined TRACON& Tower with Radar,4,7,16,6,33,0,2,21,0,23,4,9,37,6,56,12,0,12,68
12/23/2020,FSM,AR,ASW,ES,Combined TRACON& Tower with Radar,4,6,10,0,20,0,1,6,0,7,4,7,16,0,27,0,0,0,27
12/24/2020,FSM,AR,ASW,ES,Combined TRACON& Tower with Radar,3,4,11,0,18,0,1,7,1,9,3,5,18,1,27,0,0,0,27
12/25/2020,FSM,AR,ASW,ES,Combined TRACON& Tower with Radar,3,3,4,0,10,0,2,8,0,10,3,5,12,0,20,0,0,0,20
12/26/2020,FSM,AR,ASW,ES,Combined TRACON& Tower with Radar,4,6,29,0,39,0,2,25,0,27,4,8,54,0,66,14,0,14,80
12/27/2020,FSM,AR,ASW,ES,Combined TRACON& Tower with Radar,4,9,11,0,24,0,3,13,1,17,4,12,24,1,41,0,0,0,41
12/28/2020,FSM,AR,ASW,ES,Combined TRACON& Tower with Radar,4,8,14,0,26,0,0,32,0,32,4,8,46,0,58,12,0,12,70
12/29/2020,FSM,AR,ASW,ES,Combined TRACON& Tower with Radar,4,9,10,0,23,0,0,0,0,0,4,9,10,0,23,0,0,0,23
12/30/2020,FSM,AR,ASW,ES,Combined TRACON& Tower with Radar,4,7,8,0,19,0,0,0,0,0,4,7,8,0,19,0,0,0,19
12/31/2020,FSM,AR,ASW,ES,Combined TRACON& Tower with Radar,3,3,6,0,12,0,0,0,0,0,3,3,6,0,12,0,0,0,12
01/01/2021,FSM,AR,ASW,ES,Combined TRACON& Tower with Radar,3,6,3,0,12,0,0,0,0,0,3,6,3,0,12,0,0,0,12
01/02/2021,FSM,AR,ASW,ES,Combined TRACON& Tower with Radar,4,7,4,0,15,0,0,0,0,0,4,7,4,0,15,0,0,0,15
01/03/2021,FSM,AR,ASW,ES,Combined TRACON& Tower with Radar,8,8,33,0,49,0,2,37,1,40,8,10,70,1,89,16,0,16,105
01/04/2021,FSM,AR,ASW,ES,Combined TRACON& Tower with Radar,3,10,14,0,27,0,0,17,0,17,3,10,31,0,44,20,0,20,64
01/05/2021,FSM,AR,ASW,ES,Combined TRACON& Tower with Radar,4,3,8,0,15,0,0,26,0,26,4,3,34,0,41,10,0,10,51
01/06/2021,FSM,AR,ASW,ES,Combined TRACON& Tower with Radar,4,5,6,10,25,0,1,0,1,2,4,6,6,11,27,0,0,0,27
01/07/2021,FSM,AR,ASW,ES,Combined TRACON& Tower with Radar,4,12,13,4,33,0,0,2,0,2,4,12,15,4,35,0,0,0,35
01/08/2021,FSM,AR,ASW,ES,Combined TRACON& Tower with Radar,4,5,12,30,51,0,0,6,0,6,4,5,18,30,57,0,0,0,57
01/09/2021,FSM,AR,ASW,ES,Combined TRACON& Tower with Radar,4,4,27,17,52,0,0,39,3,42,4,4,66,20,94,0,0,0,94
01/10/2021,FSM,AR,ASW,ES,Combined TRACON& Tower with Radar,4,6,11,40,61,0,1,12,4,17,4,7,23,44,78,16,6,22,100
01/11/2021,FSM,AR,ASW,ES,Combined TRACON& Tower with Radar,4,5,9,35,53,0,1,10,6,17,4,6,19,41,70,34,16,50,120
01/12/2021,FSM,AR,ASW,ES,Combined TRACON& Tower with Radar,4,8,13,9,34,0,2,34,13,49,4,10,47,22,83,22,0,22,105
01/13/2021,FSM,AR,ASW,ES,Combined TRACON& Tower with Radar,4,7,11,22,44,0,0,32,7,39,4,7,43,29,83,28,6,34,117
01/14/2021,FSM,AR,ASW,ES,Combined TRACON& Tower with Radar,4,2,17,18,41,0,1,15,4,20,4,3,32,22,61,0,12,12,73
01/15/2021,FSM,AR,ASW,ES,Combined TRACON& Tower with Radar,5,8,11,0,24,0,1,2,0,3,5,9,13,0,27,0,0,0,27
01/16/2021,FSM,AR,ASW,ES,Combined TRACON& Tower with Radar,4,2,5,1,12,0,1,27,5,33,4,3,32,6,45,0,0,0,45
01/17/2021,FSM,AR,ASW,ES,Combined TRACON& Tower with Radar,6,4,17,11,38,0,0,14,4,18,6,4,31,15,56,0,0,0,56
01/18/2021,FSM,AR,ASW,ES,Combined TRACON& Tower with Radar,4,7,16,0,27,0,0,37,0,37,4,7,53,0,64,60,0,60,124
01/19/2021,FSM,AR,ASW,ES,Combined TRACON& Tower with Radar,4,4,18,25,51,0,1,26,3,30,4,5,44,28,81,0,38,38,119
01/20/2021,FSM,AR,ASW,ES,Combined TRACON& Tower with Radar,4,4,15,17,40,0,1,9,3,13,4,5,24,20,53,0,0,0,53
01/21/2021,FSM,AR,ASW,ES,Combined TRACON& Tower with Radar,4,13,11,1,29,0,0,5,2,7,4,13,16,3,36,0,0,0,36
01/22/2021,FSM,AR,ASW,ES,Combined TRACON& Tower with Radar,6,5,19,58,88,0,2,23,4,29,6,7,42,62,117,0,0,0,117
01/23/2021,FSM,AR,ASW,ES,Combined TRACON& Tower with Radar,6,5,16,42,69,0,0,12,4,16,6,5,28,46,85,54,22,76,161
01/24/2021,FSM,AR,ASW,ES,Combined TRACON& Tower with Radar,12,4,7,12,35,0,0,0,0,0,12,4,7,12,35,12,0,12,47
01/25/2021,FSM,AR,ASW,ES,Combined TRACON& Tower with Radar,4,7,27,13,51,0,0,4,6,10,4,7,31,19,61,0,0,0,61
01/26/2021,FSM,AR,ASW,ES,Combined TRACON& Tower with Radar,4,3,24,86,117,0,0,18,12,30,4,3,42,98,147,64,28,92,239
01/27/2021,FSM,AR,ASW,ES,Combined TRACON& Tower with Radar,4,7,4,18,33,0,0,2,6,8,4,7,6,24,41,14,0,14,55
01/28/2021,FSM,AR,ASW,ES,Combined TRACON& Tower with Radar,4,7,9,22,42,0,0,28,4,32,4,7,37,26,74,50,8,58,132
01/29/2021,FSM,AR,ASW,ES,Combined TRACON& Tower with Radar,6,7,28,0,41,0,0,42,1,43,6,7,70,1,84,50,0,50,134
01/30/2021,FSM,AR,ASW,ES,Combined TRACON& Tower with Radar,6,5,6,0,17,0,2,1,0,3,6,7,7,0,20,2,0,2,22
01/31/2021,FSM,AR,ASW,ES,Combined TRACON& Tower with Radar,7,3,7,0,17,0,2,1,0,3,7,5,8,0,20,0,0,0,20
02/01/2021,FSM,AR,ASW,ES,Combined TRACON& Tower with Radar,5,3,15,40,63,0,1,33,4,38,5,4,48,44,101,16,0,16,117
02/02/2021,FSM,AR,ASW,ES,Combined TRACON& Tower with Radar,4,2,15,32,53,0,0,28,7,35,4,2,43,39,88,0,0,0,88
02/03/2021,FSM,AR,ASW,ES,Combined TRACON& Tower with Radar,4,6,22,68,100,0,0,31,11,42,4,6,53,79,142,6,4,10,152
02/04/2021,FSM,AR,ASW,ES,Combined TRACON& Tower with Radar,4,2,0,16,22,0,0,5,3,8,4,2,5,19,30,14,12,26,56
02/05/2021,FSM,AR,ASW,ES,Combined TRACON& Tower with Radar,6,2,16,42,66,0,3,29,5,37,6,5,45,47,103,60,0,60,163
02/06/2021,FSM,AR,ASW,ES,Combined TRACON& Tower with Radar,4,2,4,6,16,0,0,4,0,4,4,2,8,6,20,0,0,0,20
02/07/2021,FSM,AR,ASW,ES,Combined TRACON& Tower with Radar,6,4,5,0,15,0,0,1,0,1,6,4,6,0,16,0,0,0,16
02/08/2021,FSM,AR,ASW,ES,Combined TRACON& Tower with Radar,4,5,3,0,12,0,0,0,0,0,4,5,3,0,12,0,0,0,12
02/09/2021,FSM,AR,ASW,ES,Combined TRACON& Tower with Radar,4,3,10,0,17,0,0,0,0,0,4,3,10,0,17,0,0,0,17
02/10/2021,FSM,AR,ASW,ES,Combined TRACON& Tower with Radar,4,4,1,0,9,0,0,0,0,0,4,4,1,0,9,0,0,0,9
02/11/2021,FSM,AR,ASW,ES,Combined TRACON& Tower with Radar,4,6,11,0,21,0,0,1,0,1,4,6,12,0,22,0,0,0,22
02/12/2021,FSM,AR,ASW,ES,Combined TRACON& Tower with Radar,6,4,2,7,19,0,0,4,1,5,6,4,6,8,24,0,0,0,24
02/13/2021,FSM,AR,ASW,ES,Combined TRACON& Tower with Radar,4,7,5,1,17,0,0,15,0,15,4,7,20,1,32,10,0,10,42
02/14/2021,FSM,AR,ASW,ES,Combined TRACON& Tower with Radar,1,3,2,0,6,0,0,0,0,0,1,3,2,0,6,0,0,0,6
02/15/2021,FSM,AR,ASW,ES,Combined TRACON& Tower with Radar,1,0,0,0,1,0,0,0,0,0,1,0,0,0,1,0,0,0,1
02/16/2021,FSM,AR,ASW,ES,Combined TRACON& Tower with Radar,0,1,2,0,3,0,1,4,2,7,0,2,6,2,10,0,0,0,10
02/17/2021,FSM,AR,ASW,ES,Combined TRACON& Tower with Radar,3,0,2,0,5,0,0,1,0,1,3,0,3,0,6,0,0,0,6
02/18/2021,FSM,AR,ASW,ES,Combined TRACON& Tower with Radar,3,4,4,2,13,0,1,7,0,8,3,5,11,2,21,4,0,4,25
02/19/2021,FSM,AR,ASW,ES,Combined TRACON& Tower with Radar,1,9,18,12,40,0,1,32,0,33,1,10,50,12,73,12,0,12,85
02/20/2021,FSM,AR,ASW,ES,Combined TRACON& Tower with Radar,3,3,8,0,14,0,0,33,1,34,3,3,41,1,48,14,0,14,62
02/21/2021,FSM,AR,ASW,ES,Combined TRACON& Tower with Radar,8,5,4,0,17,0,0,1,0,1,8,5,5,0,18,0,0,0,18
02/22/2021,FSM,AR,ASW,ES,Combined TRACON& Tower with Radar,4,6,6,11,27,0,1,24,4,29,4,7,30,15,56,0,0,0,56
02/23/2021,FSM,AR,ASW,ES,Combined TRACON& Tower with Radar,4,3,15,18,40,0,2,31,8,41,4,5,46,26,81,42,12,54,135
02/24/2021,FSM,AR,ASW,ES,Combined TRACON& Tower with Radar,4,3,24,17,48,0,1,16,15,32,4,4,40,32,80,0,0,0,80
02/25/2021,FSM,AR,ASW,ES,Combined TRACON& Tower with Radar,4,12,21,32,69,0,0,15,13,28,4,12,36,45,97,6,0,6,103
02/26/2021,FSM,AR,ASW,ES,Combined TRACON& Tower with Radar,6,6,10,0,22,0,0,0,0,0,6,6,10,0,22,0,0,0,22
02/27/2021,FSM,AR,ASW,ES,Combined TRACON& Tower with Radar,4,4,10,0,18,0,0,9,0,9,4,4,19,0,27,0,0,0,27
02/28/2021,FSM,AR,ASW,ES,Combined TRACON& Tower with Radar,4,4,6,2,16,0,0,1,0,1,4,4,7,2,17,0,0,0,17
03/01/2021,FSM,AR,ASW,ES,Combined TRACON& Tower with Radar,4,8,5,49,66,0,1,27,11,39,4,9,32,60,105,18,0,18,123
03/02/2021,FSM,AR,ASW,ES,Combined TRACON& Tower with Radar,4,4,13,45,66,0,0,19,26,45,4,4,32,71,111,0,0,0,111
03/03/2021,FSM,AR,ASW,ES,Combined TRACON& Tower with Radar,4,6,28,40,78,0,1,53,20,74,4,7,81,60,152,0,0,0,152
03/04/2021,FSM,AR,ASW,ES,Combined TRACON& Tower with Radar,4,7,14,51,76,0,3,42,23,68,4,10,56,74,144,0,0,0,144
03/05/2021,FSM,AR,ASW,ES,Combined TRACON& Tower with Radar,4,4,15,0,23,0,0,8,5,13,4,4,23,5,36,0,0,0,36
03/06/2021,FSM,AR,ASW,ES,Combined TRACON& Tower with Radar,2,4,27,15,48,0,0,64,13,77,2,4,91,28,125,44,40,84,209
03/07/2021,FSM,AR,ASW,ES,Combined TRACON& Tower with Radar,4,9,12,0,25,0,1,47,5,53,4,10,59,5,78,86,0,86,164
03/08/2021,FSM,AR,ASW,ES,Combined TRACON& Tower with Radar,3,8,12,18,41,0,0,12,5,17,3,8,24,23,58,0,0,0,58
03/09/2021,FSM,AR,ASW,ES,Combined TRACON& Tower with Radar,5,4,23,5,37,0,1,19,5,25,5,5,42,10,62,6,12,18,80
03/10/2021,FSM,AR,ASW,ES,Combined TRACON& Tower with Radar,4,6,18,10,38,0,1,3,2,6,4,7,21,12,44,0,0,0,44
03/11/2021,FSM,AR,ASW,ES,Combined TRACON& Tower with Radar,4,11,23,0,38,0,0,2,3,5,4,11,25,3,43,0,0,0,43
03/12/2021,FSM,AR,ASW,ES,Combined TRACON& Tower with Radar,4,4,24,6,38,0,0,13,3,16,4,4,37,9,54,14,0,14,68
03/13/2021,FSM,AR,ASW,ES,Combined TRACON& Tower with Radar,2,8,13,0,23,0,0,4,0,4,2,8,17,0,27,0,0,0,27
03/14/2021,FSM,AR,ASW,ES,Combined TRACON& Tower with Radar,6,11,4,0,21,0,0,1,0,1,6,11,5,0,22,0,0,0,22
03/15/2021,FSM,AR,ASW,ES,Combined TRACON& Tower with Radar,4,14,9,30,57,0,0,15,19,34,4,14,24,49,91,8,0,8,99
03/16/2021,FSM,AR,ASW,ES,Combined TRACON& Tower with Radar,4,6,10,67,87,0,0,25,26,51,4,6,35,93,138,36,52,88,226
03/17/2021,FSM,AR,ASW,ES,Combined TRACON& Tower with Radar,2,4,4,22,32,0,0,9,16,25,2,4,13,38,57,0,0,0,57
03/18/2021,FSM,AR,ASW,ES,Combined TRACON& Tower with Radar,4,6,14,7,31,0,2,0,9,11,4,8,14,16,42,0,20,20,62
03/19/2021,FSM,AR,ASW,ES,Combined TRACON& Tower with Radar,4,7,19,22,52,0,0,46,7,53,4,7,65,29,105,26,8,34,139
03/20/2021,FSM,AR,ASW,ES,Combined TRACON& Tower with Radar,4,7,18,0,29,0,0,25,1,26,4,7,43,1,55,6,0,6,61
03/21/2021,FSM,AR,ASW,ES,Combined TRACON& Tower with Radar,4,5,12,10,31,0,2,20,1,23,4,7,32,11,54,2,0,2,56
03/22/2021,FSM,AR,ASW,ES,Combined TRACON& Tower with Radar,4,7,5,18,34,0,0,7,2,9,4,7,12,20,43,0,0,0,43
03/23/2021,FSM,AR,ASW,ES,Combined TRACON& Tower with Radar,5,7,10,25,47,0,3,13,10,26,5,10,23,35,73,4,0,4,77
03/24/2021,FSM,AR,ASW,ES,Combined TRACON& Tower with Radar,3,6,15,115,139,0,3,24,18,45,3,9,39,133,184,6,0,6,190
03/25/2021,FSM,AR,ASW,ES,Combined TRACON& Tower with Radar,5,6,6,4,21,0,0,2,0,2,5,6,8,4,23,0,0,0,23
03/26/2021,FSM,AR,ASW,ES,Combined TRACON& Tower with Radar,4,8,13,19,44,0,2,31,14,47,4,10,44,33,91,53,16,69,160
03/27/2021,FSM,AR,ASW,ES,Combined TRACON& Tower with Radar,2,8,19,14,43,0,0,13,3,16,2,8,32,17,59,8,0,8,67
03/28/2021,FSM,AR,ASW,ES,Combined TRACON& Tower with Radar,4,4,13,13,34,0,3,26,3,32,4,7,39,16,66,0,0,0,66
03/29/2021,FSM,AR,ASW,ES,Combined TRACON& Tower with Radar,6,6,23,14,49,0,0,15,2,17,6,6,38,16,66,0,0,0,66
03/30/2021,FSM,AR,ASW,ES,Combined TRACON& Tower with Radar,4,5,28,24,61,0,0,7,6,13,4,5,35,30,74,0,0,0,74
03/31/2021,FSM,AR,ASW,ES,Combined TRACON& Tower with Radar,4,6,20,16,46,0,0,17,12,29,4,6,37,28,75,6,12,18,93
04/01/2021,FSM,AR,ASW,ES,Combined TRACON& Tower with Radar,4,9,18,46,77,0,0,27,12,39,4,9,45,58,116,0,0,0,116
04/02/2021,FSM,AR,ASW,ES,Combined TRACON& Tower with Radar,3,8,11,8,30,0,0,25,1,26,3,8,36,9,56,30,0,30,86
04/03/2021,FSM,AR,ASW,ES,Combined TRACON& Tower with Radar,0,11,13,0,24,0,2,53,2,57,0,13,66,2,81,0,0,0,81
04/04/2021,FSM,AR,ASW,ES,Combined TRACON& Tower with Radar,2,6,6,0,14,0,0,18,0,18,2,6,24,0,32,26,0,26,58
04/05/2021,FSM,AR,ASW,ES,Combined TRACON& Tower with Radar,2,6,15,37,60,0,0,17,2,19,2,6,32,39,79,8,16,24,103
04/06/2021,FSM,AR,ASW,ES,Combined TRACON& Tower with Radar,0,8,21,18,47,0,0,12,1,13,0,8,33,19,60,14,0,14,74
04/07/2021,FSM,AR,ASW,ES,Combined TRACON& Tower with Radar,0,12,16,7,35,0,2,3,0,5,0,14,19,7,40,2,0,2,42
04/08/2021,FSM,AR,ASW,ES,Combined TRACON& Tower with Radar,2,7,21,44,74,0,1,23,17,41,2,8,44,61,115,13,16,29,144
04/09/2021,FSM,AR,ASW,ES,Combined TRACON& Tower with Radar,2,20,13,11,46,0,1,25,14,40,2,21,38,25,86,0,0,0,86
04/10/2021,FSM,AR,ASW,ES,Combined TRACON& Tower with Radar,2,8,14,21,45,0,0,15,8,23,2,8,29,29,68,0,0,0,68
04/11/2021,FSM,AR,ASW,ES,Combined TRACON& Tower with Radar,2,6,21,9,38,0,0,30,3,33,2,6,51,12,71,14,0,14,85
04/12/2021,FSM,AR,ASW,ES,Combined TRACON& Tower with Radar,2,9,10,26,47,0,1,14,5,20,2,10,24,31,67,0,0,0,67
04/13/2021,FSM,AR,ASW,ES,Combined TRACON& Tower with Radar,0,11,28,26,65,0,2,18,20,40,0,13,46,46,105,0,0,0,105
04/14/2021,FSM,AR,ASW,ES,Combined TRACON& Tower with Radar,0,17,13,25,55,0,5,6,17,28,0,22,19,42,83,30,6,36,119
04/15/2021,FSM,AR,ASW,ES,Combined TRACON& Tower with Radar,2,13,17,55,87,0,0,20,13,33,2,13,37,68,120,12,22,34,154
04/16/2021,FSM,AR,ASW,ES,Combined TRACON& Tower with Radar,2,6,9,0,17,0,0,0,0,0,2,6,9,0,17,0,0,0,17
04/17/2021,FSM,AR,ASW,ES,Combined TRACON& Tower with Radar,2,7,14,10,33,0,0,5,0,5,2,7,19,10,38,12,0,12,50
04/18/2021,FSM,AR,ASW,ES,Combined TRACON& Tower with Radar,2,14,12,8,36,0,0,24,4,28,2,14,36,12,64,32,0,32,96
04/19/2021,FSM,AR,ASW,ES,Combined TRACON& Tower with Radar,2,13,11,20,46,0,0,64,7,71,2,13,75,27,117,60,0,60,177
04/20/2021,FSM,AR,ASW,ES,Combined TRACON& Tower with Radar,0,8,7,18,33,0,0,4,11,15,0,8,11,29,48,0,10,10,58
04/21/2021,FSM,AR,ASW,ES,Combined TRACON& Tower with Radar,0,12,29,42,83,0,3,27,8,38,0,15,56,50,121,0,8,8,129
04/22/2021,FSM,AR,ASW,ES,Combined TRACON& Tower with Radar,2,9,16,44,71,0,2,19,4,25,2,11,35,48,96,8,16,24,120
04/23/2021,FSM,AR,ASW,ES,Combined TRACON& Tower with Radar,4,7,10,4,25,0,0,5,0,5,4,7,15,4,30,16,0,16,46
04/24/2021,FSM,AR,ASW,ES,Combined TRACON& Tower with Radar,2,6,17,6,31,0,2,5,0,7,2,8,22,6,38,30,0,30,68
04/25/2021,FSM,AR,ASW,ES,Combined TRACON& Tower with Radar,2,7,5,0,14,0,2,43,1,46,2,9,48,1,60,28,0,28,88
04/26/2021,FSM,AR,ASW,ES,Combined TRACON& Tower with Radar,2,10,7,40,59,0,1,15,8,24,2,11,22,48,83,22,32,54,137
04/27/2021,FSM,AR,ASW,ES,Combined TRACON& Tower with Radar,0,8,8,23,39,0,0,7,18,25,0,8,15,41,64,16,74,90,154
04/28/2021,FSM,AR,ASW,ES,Combined TRACON& Tower with Radar,0,7,6,0,13,0,0,0,0,0,0,7,6,0,13,0,0,0,13
04/29/2021,FSM,AR,ASW,ES,Combined TRACON& Tower with Radar,2,12,18,31,63,0,0,11,10,21,2,12,29,41,84,32,0,32,116
04/30/2021,FSM,AR,ASW,ES,Combined TRACON& Tower with Radar,2,8,25,19,54,0,2,46,5,53,2,10,71,24,107,10,32,42,149
05/01/2021,FSM,AR,ASW,ES,Combined TRACON& Tower with Radar,2,7,18,5,32,0,1,35,1,37,2,8,53,6,69,14,0,14,83
05/02/2021,FSM,AR,ASW,ES,Combined TRACON& Tower with Radar,2,9,9,1,21,0,1,6,0,7,2,10,15,1,28,0,0,0,28
05/03/2021,FSM,AR,ASW,ES,Combined TRACON& Tower with Radar,1,7,10,4,22,0,0,4,1,5,1,7,14,5,27,28,8,36,63
05/04/2021,FSM,AR,ASW,ES,Combined TRACON& Tower with Radar,0,9,10,0,19,0,0,3,0,3,0,9,13,0,22,0,0,0,22
05/05/2021,FSM,AR,ASW,ES,Combined TRACON& Tower with Radar,0,9,21,33,63,0,0,58,4,62,0,9,79,37,125,70,24,94,219
05/06/2021,FSM,AR,ASW,ES,Combined TRACON& Tower with Radar,2,12,22,12,48,0,1,24,5,30,2,13,46,17,78,30,0,30,108
05/07/2021,FSM,AR,ASW,ES,Combined TRACON& Tower with Radar,2,9,28,17,56,0,0,42,8,50,2,9,70,25,106,29,16,45,151
05/08/2021,FSM,AR,ASW,ES,Combined TRACON& Tower with Radar,2,11,8,5,26,0,3,15,1,19,2,14,23,6,45,0,0,0,45
05/09/2021,FSM,AR,ASW,ES,Combined TRACON& Tower with Radar,2,8,17,2,29,0,0,4,0,4,2,8,21,2,33,0,0,0,33
05/10/2021,FSM,AR,ASW,ES,Combined TRACON& Tower with Radar,5,14,15,36,70,0,0,4,2,6,5,14,19,38,76,4,0,4,80
05/11/2021,FSM,AR,ASW,ES,Combined TRACON& Tower with Radar,3,7,14,10,34,0,0,5,1,6,3,7,19,11,40,0,0,0,40
05/12/2021,FSM,AR,ASW,ES,Combined TRACON& Tower with Radar,2,9,12,45,68,0,0,22,6,28,2,9,34,51,96,14,4,18,114
05/13/2021,FSM,AR,ASW,ES,Combined TRACON& Tower with Radar,2,9,29,42,82,0,0,52,9,61,2,9,81,51,143,154,24,178,321
05/14/2021,FSM,AR,ASW,ES,Combined TRACON& Tower with Radar,2,6,19,78,105,0,0,39,16,55,2,6,58,94,160,8,58,66,226
05/15/2021,FSM,AR,ASW,ES,Combined TRACON& Tower with Radar,2,6,16,21,45,0,0,22,1,23,2,6,38,22,68,18,10,28,96
05/16/2021,FSM,AR,ASW,ES,Combined TRACON& Tower with Radar,2,9,10,2,23,0,0,7,0,7,2,9,17,2,30,12,0,12,42
05/17/2021,FSM,AR,ASW,ES,Combined TRACON& Tower with Radar,2,13,13,30,58,0,1,2,8,11,2,14,15,38,69,14,2,16,85
05/18/2021,FSM,AR,ASW,ES,Combined TRACON& Tower with Radar,2,7,12,22,43,0,0,4,10,14,2,7,16,32,57,63,8,71,128
05/19/2021,FSM,AR,ASW,ES,Combined TRACON& Tower with Radar,2,11,10,4,27,0,0,2,4,6,2,11,12,8,33,0,0,0,33
05/20/2021,FSM,AR,ASW,ES,Combined TRACON& Tower with Radar,2,17,19,1,39,0,0,2,2,4,2,17,21,3,43,0,0,0,43
05/21/2021,FSM,AR,ASW,ES,Combined TRACON& Tower with Radar,2,17,11,4,34,0,0,1,0,1,2,17,12,4,35,0,0,0,35
05/22/2021,FSM,AR,ASW,ES,Combined TRACON& Tower with Radar,2,11,20,6,39,0,1,25,0,26,2,12,45,6,65,18,0,18,83
05/23/2021,FSM,AR,ASW,ES,Combined TRACON& Tower with Radar,2,8,18,11,39,0,2,34,5,41,2,10,52,16,80,60,0,60,140
05/24/2021,FSM,AR,ASW,ES,Combined TRACON& Tower with Radar,8,11,14,42,75,0,0,24,10,34,8,11,38,52,109,84,14,98,207
05/25/2021,FSM,AR,ASW,ES,Combined TRACON& Tower with Radar,2,9,7,2,20,0,1,2,0,3,2,10,9,2,23,0,0,0,23
05/26/2021,FSM,AR,ASW,ES,Combined TRACON& Tower with Radar,2,13,31,11,57,0,0,11,4,15,2,13,42,15,72,62,46,108,180
05/27/2021,FSM,AR,ASW,ES,Combined TRACON& Tower with Radar,2,14,18,7,41,0,0,11,2,13,2,14,29,9,54,4,16,20,74
05/28/2021,FSM,AR,ASW,ES,Combined TRACON& Tower with Radar,2,12,9,0,23,0,3,17,4,24,2,15,26,4,47,16,0,16,63
05/29/2021,FSM,AR,ASW,ES,Combined TRACON& Tower with Radar,2,6,15,0,23,0,0,36,0,36,2,6,51,0,59,12,0,12,71
05/30/2021,FSM,AR,ASW,ES,Combined TRACON& Tower with Radar,4,8,15,0,27,0,1,12,0,13,4,9,27,0,40,0,0,0,40
05/31/2021,FSM,AR,ASW,ES,Combined TRACON& Tower with Radar,0,9,14,0,23,0,0,26,1,27,0,9,40,1,50,0,0,0,50
06/01/2021,FSM,AR,ASW,ES,Combined TRACON& Tower with Radar,2,12,6,0,20,0,0,0,0,0,2,12,6,0,20,0,0,0,20
06/02/2021,FSM,AR,ASW,ES,Combined TRACON& Tower with Radar,2,11,21,28,62,0,2,2,2,6,2,13,23,30,68,0,0,0,68
06/03/2021,FSM,AR,ASW,ES,Combined TRACON& Tower with Radar,2,12,21,28,63,0,2,44,5,51,2,14,65,33,114,0,0,0,114
06/04/2021,FSM,AR,ASW,ES,Combined TRACON& Tower with Radar,3,7,18,52,80,0,0,53,3,56,3,7,71,55,136,57,0,57,193
06/05/2021,FSM,AR,ASW,ES,Combined TRACON& Tower with Radar,3,6,16,3,28,0,0,15,0,15,3,6,31,3,43,0,0,0,43
06/06/2021,FSM,AR,ASW,ES,Combined TRACON& Tower with Radar,3,5,6,8,22,0,0,2,3,5,3,5,8,11,27,8,0,8,35
06/07/2021,FSM,AR,ASW,ES,Combined TRACON& Tower with Radar,3,3,8,1,15,0,0,0,1,1,3,3,8,2,16,0,0,0,16
06/08/2021,FSM,AR,ASW,ES,Combined TRACON& Tower with Radar,3,6,27,14,50,0,0,17,9,26,3,6,44,23,76,62,0,62,138
06/09/2021,FSM,AR,ASW,ES,Combined TRACON& Tower with Radar,3,8,18,5,34,0,1,11,8,20,3,9,29,13,54,0,0,0,54
06/10/2021,FSM,AR,ASW,ES,Combined TRACON& Tower with Radar,3,13,19,4,39,0,3,40,7,50,3,16,59,11,89,26,0,26,115
06/11/2021,FSM,AR,ASW,ES,Combined TRACON& Tower with Radar,3,14,19,40,76,0,1,41,8,50,3,15,60,48,126,14,14,28,154
06/12/2021,FSM,AR,ASW,ES,Combined TRACON& Tower with Radar,3,5,14,0,22,0,2,48,11,61,3,7,62,11,83,0,0,0,83
06/13/2021,FSM,AR,ASW,ES,Combined TRACON& Tower with Radar,3,7,12,2,24,0,1,23,2,26,3,8,35,4,50,18,0,18,68
06/14/2021,FSM,AR,ASW,ES,Combined TRACON& Tower with Radar,3,10,26,41,80,0,3,39,4,46,3,13,65,45,126,38,6,44,170
06/15/2021,FSM,AR,ASW,ES,Combined TRACON& Tower with Radar,3,11,16,34,64,0,0,33,4,37,3,11,49,38,101,38,6,44,145
06/16/2021,FSM,AR,ASW,ES,Combined TRACON& Tower with Radar,3,7,28,27,65,0,4,40,7,51,3,11,68,34,116,16,0,16,132
06/17/2021,FSM,AR,ASW,ES,Combined TRACON& Tower with Radar,3,5,27,37,72,0,2,31,9,42,3,7,58,46,114,55,16,71,185
06/18/2021,FSM,AR,ASW,ES,Combined TRACON& Tower with Radar,3,4,21,13,41,0,8,36,0,44,3,12,57,13,85,22,12,34,119
06/19/2021,FSM,AR,ASW,ES,Combined TRACON& Tower with Radar,3,5,13,6,27,0,2,44,0,46,3,7,57,6,73,40,6,46,119
06/20/2021,FSM,AR,ASW,ES,Combined TRACON& Tower with Radar,3,11,17,2,33,0,0,14,0,14,3,11,31,2,47,0,0,0,47
06/21/2021,FSM,AR,ASW,ES,Combined TRACON& Tower with Radar,3,11,16,0,30,0,0,5,1,6,3,11,21,1,36,0,0,0,36
06/22/2021,FSM,AR,ASW,ES,Combined TRACON& Tower with Radar,3,6,19,45,73,0,0,33,9,42,3,6,52,54,115,54,0,54,169
06/23/2021,FSM,AR,ASW,ES,Combined TRACON& Tower with Radar,19,10,27,31,87,0,1,18,10,29,19,11,45,41,116,20,0,20,136
06/24/2021,FSM,AR,ASW,ES,Combined TRACON& Tower with Radar,3,9,30,20,62,0,1,18,4,23,3,10,48,24,85,20,0,20,105
06/25/2021,FSM,AR,ASW,ES,Combined TRACON& Tower with Radar,3,9,32,59,103,0,0,38,3,41,3,9,70,62,144,16,0,16,160
06/26/2021,FSM,AR,ASW,ES,Combined TRACON& Tower with Radar,5,4,27,12,48,0,0,27,2,29,5,4,54,14,77,0,0,0,77
06/27/2021,FSM,AR,ASW,ES,Combined TRACON& Tower with Radar,1,9,11,0,21,0,0,10,0,10,1,9,21,0,31,8,0,8,39
06/28/2021,FSM,AR,ASW,ES,Combined TRACON& Tower with Radar,3,3,29,12,47,0,0,19,3,22,3,3,48,15,69,0,0,0,69
06/29/2021,FSM,AR,ASW,ES,Combined TRACON& Tower with Radar,2,10,27,14,53,0,0,14,4,18,2,10,41,18,71,42,0,42,113
06/30/2021,FSM,AR,ASW,ES,Combined TRACON& Tower with Radar,3,6,19,37,65,0,0,20,8,28,3,6,39,45,93,46,2,48,141
07/01/2021,FSM,AR,ASW,ES,Combined TRACON& Tower with Radar,3,9,11,1,24,0,1,4,1,6,3,10,15,2,30,0,0,0,30
07/02/2021,FSM,AR,ASW,ES,Combined TRACON& Tower with Radar,1,8,11,11,31,0,1,14,2,17,1,9,25,13,48,14,0,14,62
07/03/2021,FSM,AR,ASW,ES,Combined TRACON& Tower with Radar,3,4,15,0,22,0,1,44,0,45,3,5,59,0,67,14,0,14,81
07/04/2021,FSM,AR,ASW,ES,Combined TRACON& Tower with Radar,3,7,3,0,13,0,0,23,0,23,3,7,26,0,36,16,0,16,52
07/05/2021,FSM,AR,ASW,ES,Combined TRACON& Tower with Radar,3,8,11,0,22,0,0,40,0,40,3,8,51,0,62,28,0,28,90
07/06/2021,FSM,AR,ASW,ES,Combined TRACON& Tower with Radar,5,6,33,17,61,0,2,34,17,53,5,8,67,34,114,0,32,32,146
07/07/2021,FSM,AR,ASW,ES,Combined TRACON& Tower with Radar,3,9,10,24,46,0,1,21,2,24,3,10,31,26,70,0,0,0,70
07/08/2021,FSM,AR,ASW,ES,Combined TRACON& Tower with Radar,3,5,30,55,93,0,0,32,9,41,3,5,62,64,134,18,4,22,156
07/09/2021,FSM,AR,ASW,ES,Combined TRACON& Tower with Radar,3,7,11,67,88,0,1,12,8,21,3,8,23,75,109,24,26,50,159
07/10/2021,FSM,AR,ASW,ES,Combined TRACON& Tower with Radar,4,10,13,5,32,0,0,11,1,12,4,10,24,6,44,0,0,0,44
07/11/2021,FSM,AR,ASW,ES,Combined TRACON& Tower with Radar,3,4,14,30,51,0,0,3,1,4,3,4,17,31,55,0,0,0,55
07/12/2021,FSM,AR,ASW,ES,Combined TRACON& Tower with Radar,3,9,11,49,72,0,3,30,4,37,3,12,41,53,109,0,50,50,159
07/13/2021,FSM,AR,ASW,ES,Combined TRACON& Tower with Radar,3,9,24,33,69,0,0,38,13,51,3,9,62,46,120,0,0,0,120
07/14/2021,FSM,AR,ASW,ES,Combined TRACON& Tower with Radar,3,4,29,42,78,0,1,35,16,52,3,5,64,58,130,0,36,36,166
07/15/2021,FSM,AR,ASW,ES,Combined TRACON& Tower with Radar,3,6,31,39,79,0,0,24,9,33,3,6,55,48,112,0,2,2,114
07/16/2021,FSM,AR,ASW,ES,Combined TRACON& Tower with Radar,4,6,6,0,16,0,2,13,0,15,4,8,19,0,31,0,0,0,31
07/17/2021,FSM,AR,ASW,ES,Combined TRACON& Tower with Radar,3,7,4,0,14,0,0,6,0,6,3,7,10,0,20,6,0,6,26
07/18/2021,FSM,AR,ASW,ES,Combined TRACON& Tower with Radar,3,13,11,0,27,0,0,9,2,11,3,13,20,2,38,12,0,12,50
07/19/2021,FSM,AR,ASW,ES,Combined TRACON& Tower with Radar,1,4,25,4,34,0,0,22,2,24,1,4,47,6,58,22,0,22,80
07/20/2021,FSM,AR,ASW,ES,Combined TRACON& Tower with Radar,3,8,13,4,28,0,2,35,9,46,3,10,48,13,74,0,0,0,74
07/21/2021,FSM,AR,ASW,ES,Combined TRACON& Tower with Radar,3,10,11,0,24,0,4,30,12,46,3,14,41,12,70,20,0,20,90
07/22/2021,FSM,AR,ASW,ES,Combined TRACON& Tower with Radar,3,10,13,16,42,0,0,23,8,31,3,10,36,24,73,10,0,10,83
07/23/2021,FSM,AR,ASW,ES,Combined TRACON& Tower with Radar,3,18,15,4,40,0,0,29,4,33,3,18,44,8,73,16,0,16,89
07/24/2021,FSM,AR,ASW,ES,Combined TRACON& Tower with Radar,3,6,13,5,27,0,1,26,4,31,3,7,39,9,58,28,2,30,88
07/25/2021,FSM,AR,ASW,ES,Combined TRACON& Tower with Radar,3,13,12,0,28,0,0,27,0,27,3,13,39,0,55,0,0,0,55
07/26/2021,FSM,AR,ASW,ES,Combined TRACON& Tower with Radar,3,5,21,6,35,0,0,22,5,27,3,5,43,11,62,12,0,12,74
07/27/2021,FSM,AR,ASW,ES,Combined TRACON& Tower with Radar,3,10,12,5,30,0,4,17,14,35,3,14,29,19,65,10,0,10,75
07/28/2021,FSM,AR,ASW,ES,Combined TRACON& Tower with Radar,3,10,21,7,41,0,3,32,12,47,3,13,53,19,88,0,0,0,88
07/29/2021,FSM,AR,ASW,ES,Combined TRACON& Tower with Radar,3,10,19,5,37,0,4,41,8,53,3,14,60,13,90,18,20,38,128
07/30/2021,FSM,AR,ASW,ES,Combined TRACON& Tower with Radar,3,10,18,3,34,0,0,46,2,48,3,10,64,5,82,16,10,26,108
07/31/2021,FSM,AR,ASW,ES,Combined TRACON& Tower with Radar,5,8,8,6,27,0,0,35,0,35,5,8,43,6,62,0,0,0,62
08/01/2021,FSM,AR,ASW,ES,Combined TRACON& Tower with Radar,1,10,6,0,17,0,0,19,0,19,1,10,25,0,36,25,0,25,61
08/02/2021,FSM,AR,ASW,ES,Combined TRACON& Tower with Radar,4,9,20,19,52,0,1,15,7,23,4,10,35,26,75,0,0,0,75
08/03/2021,FSM,AR,ASW,ES,Combined TRACON& Tower with Radar,5,7,24,19,55,0,0,36,12,48,5,7,60,31,103,18,8,26,129
08/04/2021,FSM,AR,ASW,ES,Combined TRACON& Tower with Radar,3,10,13,2,28,0,7,25,4,36,3,17,38,6,64,0,0,0,64
08/05/2021,FSM,AR,ASW,ES,Combined TRACON& Tower with Radar,3,8,20,5,36,0,1,25,4,30,3,9,45,9,66,0,0,0,66
08/06/2021,FSM,AR,ASW,ES,Combined TRACON& Tower with Radar,5,13,24,6,48,0,3,35,2,40,5,16,59,8,88,64,0,64,152
08/07/2021,FSM,AR,ASW,ES,Combined TRACON& Tower with Radar,3,6,13,8,30,0,1,22,5,28,3,7,35,13,58,6,0,6,64
08/08/2021,FSM,AR,ASW,ES,Combined TRACON& Tower with Radar,3,10,9,3,25,0,1,17,1,19,3,11,26,4,44,34,0,34,78
08/09/2021,FSM,AR,ASW,ES,Combined TRACON& Tower with Radar,3,9,16,0,28,0,0,47,3,50,3,9,63,3,78,20,0,20,98
08/10/2021,FSM,AR,ASW,ES,Combined TRACON& Tower with Radar,3,8,21,18,50,0,0,25,12,37,3,8,46,30,87,37,12,49,136
08/11/2021,FSM,AR,ASW,ES,Combined TRACON& Tower with Radar,3,7,14,8,32,0,0,7,6,13,3,7,21,14,45,26,0,26,71
08/12/2021,FSM,AR,ASW,ES,Combined TRACON& Tower with Radar,3,15,15,14,47,0,0,45,8,53,3,15,60,22,100,43,0,43,143
08/13/2021,FSM,AR,ASW,ES,Combined TRACON& Tower with Radar,2,8,29,4,43,0,1,40,0,41,2,9,69,4,84,45,0,45,129
08/14/2021,FSM,AR,ASW,ES,Combined TRACON& Tower with Radar,0,6,18,5,29,0,0,12,2,14,0,6,30,7,43,3,0,3,46
08/15/2021,FSM,AR,ASW,ES,Combined TRACON& Tower with Radar,3,10,16,0,29,0,0,16,0,16,3,10,32,0,45,0,0,0,45
08/16/2021,FSM,AR,ASW,ES,Combined TRACON& Tower with Radar,3,12,22,8,45,0,1,61,0,62,3,13,83,8,107,12,0,12,119
08/17/2021,FSM,AR,ASW,ES,Combined TRACON& Tower with Radar,4,10,16,14,44,0,0,15,4,19,4,10,31,18,63,16,0,16,79
08/18/2021,FSM,AR,ASW,ES,Combined TRACON& Tower with Radar,1,14,9,11,35,0,0,1,2,3,1,14,10,13,38,0,0,0,38
08/19/2021,FSM,AR,ASW,ES,Combined TRACON& Tower with Radar,1,11,18,0,30,0,0,2,1,3,1,11,20,1,33,0,0,0,33
08/20/2021,FSM,AR,ASW,ES,Combined TRACON& Tower with Radar,3,12,13,15,43,0,1,33,4,38,3,13,46,19,81,30,0,30,111
08/21/2021,FSM,AR,ASW,ES,Combined TRACON& Tower with Radar,0,2,7,0,9,0,0,12,0,12,0,2,19,0,21,18,0,18,39
08/22/2021,FSM,AR,ASW,ES,Combined TRACON& Tower with Radar,0,5,15,0,20,0,1,16,0,17,0,6,31,0,37,12,0,12,49
08/23/2021,FSM,AR,ASW,ES,Combined TRACON& Tower with Radar,0,7,15,0,22,0,0,17,3,20,0,7,32,3,42,10,0,10,52
08/24/2021,FSM,AR,ASW,ES,Combined TRACON& Tower with Radar,0,1,22,0,23,0,0,16,3,19,0,1,38,3,42,46,0,46,88
08/25/2021,FSM,AR,ASW,ES,Combined TRACON& Tower with Radar,0,9,11,0,20,0,2,20,3,25,0,11,31,3,45,20,0,20,65
08/26/2021,FSM,AR,ASW,ES,Combined TRACON& Tower with Radar,0,3,24,3,30,0,1,20,5,26,0,4,44,8,56,20,0,20,76
08/27/2021,FSM,AR,ASW,ES,Combined TRACON& Tower with Radar,0,3,25,11,39,0,4,36,7,47,0,7,61,18,86,0,0,0,86
08/28/2021,FSM,AR,ASW,ES,Combined TRACON& Tower with Radar,0,0,10,5,15,0,0,23,3,26,0,0,33,8,41,0,0,0,41
08/29/2021,FSM,AR,ASW,ES,Combined TRACON& Tower with Radar,0,1,7,2,10,0,0,18,0,18,0,1,25,2,28,0,0,0,28
08/30/2021,FSM,AR,ASW,ES,Combined TRACON& Tower with Radar,0,1,3,0,4,0,0,3,0,3,0,1,6,0,7,1,0,1,8
08/31/2021,FSM,AR,ASW,ES,Combined TRACON& Tower with Radar,0,0,0,0,0,0,0,0,0,0,0,0,0,0,0,0,0,0,0
09/01/2021,FSM,AR,ASW,ES,Combined TRACON& Tower with Radar,0,0,0,0,0,0,2,0,4,6,0,2,0,4,6,0,0,0,6
09/02/2021,FSM,AR,ASW,ES,Combined TRACON& Tower with Radar,0,0,0,0,0,0,0,1,0,1,0,0,1,0,1,0,0,0,1
09/03/2021,FSM,AR,ASW,ES,Combined TRACON& Tower with Radar,0,7,11,6,24,0,1,38,0,39,0,8,49,6,63,36,0,36,99
09/04/2021,FSM,AR,ASW,ES,Combined TRACON& Tower with Radar,0,0,8,4,12,0,1,27,0,28,0,1,35,4,40,0,0,0,40
09/05/2021,FSM,AR,ASW,ES,Combined TRACON& Tower with Radar,2,6,8,0,16,0,1,21,0,22,2,7,29,0,38,0,0,0,38
09/06/2021,FSM,AR,ASW,ES,Combined TRACON& Tower with Radar,2,8,13,0,23,0,1,27,0,28,2,9,40,0,51,0,0,0,51
09/07/2021,FSM,AR,ASW,ES,Combined TRACON& Tower with Radar,2,6,26,14,48,0,0,33,9,42,2,6,59,23,90,22,0,22,112
09/08/2021,FSM,AR,ASW,ES,Combined TRACON& Tower with Radar,2,9,21,25,57,0,1,27,7,35,2,10,48,32,92,8,24,32,124
09/09/2021,FSM,AR,ASW,ES,Combined TRACON& Tower with Radar,3,5,18,11,37,0,1,19,4,24,3,6,37,15,61,0,18,18,79
09/10/2021,FSM,AR,ASW,ES,Combined TRACON& Tower with Radar,3,6,19,35,63,0,0,42,0,42,3,6,61,35,105,10,0,10,115
09/11/2021,FSM,AR,ASW,ES,Combined TRACON& Tower with Radar,4,2,14,0,20,0,0,37,1,38,4,2,51,1,58,0,0,0,58
09/12/2021,FSM,AR,ASW,ES,Combined TRACON& Tower with Radar,3,6,15,35,59,0,3,21,1,25,3,9,36,36,84,14,2,16,100
09/13/2021,FSM,AR,ASW,ES,Combined TRACON& Tower with Radar,3,5,22,24,54,0,0,17,2,19,3,5,39,26,73,14,0,14,87
09/14/2021,FSM,AR,ASW,ES,Combined TRACON& Tower with Radar,2,9,19,9,39,0,1,29,4,34,2,10,48,13,73,0,0,0,73
09/15/2021,FSM,AR,ASW,ES,Combined TRACON& Tower with Radar,2,10,19,9,40,0,1,17,5,23,2,11,36,14,63,0,0,0,63
09/16/2021,FSM,AR,ASW,ES,Combined TRACON& Tower with Radar,3,13,12,16,44,0,1,16,6,23,3,14,28,22,67,0,0,0,67
09/17/2021,FSM,AR,ASW,ES,Combined TRACON& Tower with Radar,3,12,19,41,75,0,0,23,8,31,3,12,42,49,106,22,42,64,170
09/18/2021,FSM,AR,ASW,ES,Combined TRACON& Tower with Radar,5,7,11,0,23,0,0,28,4,32,5,7,39,4,55,10,0,10,65
09/19/2021,FSM,AR,ASW,ES,Combined TRACON& Tower with Radar,3,10,21,12,46,0,2,17,0,19,3,12,38,12,65,18,0,18,83
09/20/2021,FSM,AR,ASW,ES,Combined TRACON& Tower with Radar,3,13,13,16,45,0,1,19,7,27,3,14,32,23,72,0,0,0,72
09/21/2021,FSM,AR,ASW,ES,Combined TRACON& Tower with Radar,2,11,15,4,32,0,0,10,2,12,2,11,25,6,44,0,0,0,44
09/22/2021,FSM,AR,ASW,ES,Combined TRACON& Tower with Radar,2,10,21,15,48,0,2,16,3,21,2,12,37,18,69,20,10,30,99
09/23/2021,FSM,AR,ASW,ES,Combined TRACON& Tower with Radar,3,9,23,35,70,0,1,45,7,53,3,10,68,42,123,16,0,16,139
09/24/2021,FSM,AR,ASW,ES,Combined TRACON& Tower with Radar,3,7,24,32,66,0,4,39,7,50,3,11,63,39,116,8,10,18,134
09/25/2021,FSM,AR,ASW,ES,Combined TRACON& Tower with Radar,4,4,25,0,33,0,0,23,0,23,4,4,48,0,56,32,0,32,88
09/26/2021,FSM,AR,ASW,ES,Combined TRACON& Tower with Radar,3,6,13,1,23,0,2,18,1,21,3,8,31,2,44,0,0,0,44
09/27/2021,FSM,AR,ASW,ES,Combined TRACON& Tower with Radar,3,9,22,5,39,0,0,19,9,28,3,9,41,14,67,0,0,0,67
09/28/2021,FSM,AR,ASW,ES,Combined TRACON& Tower with Radar,2,8,13,25,48,0,1,15,10,26,2,9,28,35,74,10,0,10,84
09/29/2021,FSM,AR,ASW,ES,Combined TRACON& Tower with Radar,2,7,20,6,35,0,0,21,6,27,2,7,41,12,62,0,0,0,62
09/30/2021,FSM,AR,ASW,ES,Combined TRACON& Tower with Radar,3,5,22,8,38,0,0,6,3,9,3,5,28,11,47,0,0,0,47
10/01/2021,FSM,AR,ASW,ES,Combined TRACON& Tower with Radar,5,7,16,1,29,0,0,0,0,0,5,7,16,1,29,0,0,0,29
10/02/2021,FSM,AR,ASW,ES,Combined TRACON& Tower with Radar,6,0,11,2,19,0,1,5,0,6,6,1,16,2,25,14,0,14,39
10/03/2021,FSM,AR,ASW,ES,Combined TRACON& Tower with Radar,3,7,14,14,38,0,0,22,1,23,3,7,36,15,61,0,0,0,61
10/04/2021,FSM,AR,ASW,ES,Combined TRACON& Tower with Radar,3,8,11,0,22,0,0,17,3,20,3,8,28,3,42,0,0,0,42
10/05/2021,FSM,AR,ASW,ES,Combined TRACON& Tower with Radar,2,9,20,31,62,0,0,27,12,39,2,9,47,43,101,14,0,14,115
10/06/2021,FSM,AR,ASW,ES,Combined TRACON& Tower with Radar,2,10,17,7,36,0,0,24,9,33,2,10,41,16,69,0,0,0,69
10/07/2021,FSM,AR,ASW,ES,Combined TRACON& Tower with Radar,5,10,22,23,60,0,1,22,4,27,5,11,44,27,87,6,24,30,117
10/08/2021,FSM,AR,ASW,ES,Combined TRACON& Tower with Radar,5,6,23,41,75,0,1,18,5,24,5,7,41,46,99,4,8,12,111
10/09/2021,FSM,AR,ASW,ES,Combined TRACON& Tower with Radar,4,6,14,0,24,0,2,17,0,19,4,8,31,0,43,7,0,7,50
10/10/2021,FSM,AR,ASW,ES,Combined TRACON& Tower with Radar,6,6,14,0,26,0,0,10,0,10,6,6,24,0,36,0,0,0,36
10/11/2021,FSM,AR,ASW,ES,Combined TRACON& Tower with Radar,4,5,9,1,19,0,0,15,3,18,4,5,24,4,37,0,0,0,37
10/12/2021,FSM,AR,ASW,ES,Combined TRACON& Tower with Radar,4,6,17,11,38,0,0,14,0,14,4,6,31,11,52,0,0,0,52
10/13/2021,FSM,AR,ASW,ES,Combined TRACON& Tower with Radar,3,7,9,0,19,0,0,1,0,1,3,7,10,0,20,0,0,0,20
10/14/2021,FSM,AR,ASW,ES,Combined TRACON& Tower with Radar,4,6,23,8,41,0,0,2,0,2,4,6,25,8,43,0,0,0,43
10/15/2021,FSM,AR,ASW,ES,Combined TRACON& Tower with Radar,4,7,23,46,80,0,0,5,0,5,4,7,28,46,85,6,14,20,105
10/16/2021,FSM,AR,ASW,ES,Combined TRACON& Tower with Radar,4,5,20,6,35,0,1,29,8,38,4,6,49,14,73,32,0,32,105
10/17/2021,FSM,AR,ASW,ES,Combined TRACON& Tower with Radar,5,8,18,9,40,0,1,37,3,41,5,9,55,12,81,0,0,0,81
10/18/2021,FSM,AR,ASW,ES,Combined TRACON& Tower with Radar,4,9,19,17,49,0,1,25,4,30,4,10,44,21,79,22,0,22,101
10/19/2021,FSM,AR,ASW,ES,Combined TRACON& Tower with Radar,4,8,13,36,61,0,0,33,8,41,4,8,46,44,102,0,0,0,102
10/20/2021,FSM,AR,ASW,ES,Combined TRACON& Tower with Radar,5,8,21,28,62,0,0,16,6,22,5,8,37,34,84,16,12,28,112
10/21/2021,FSM,AR,ASW,ES,Combined TRACON& Tower with Radar,3,8,20,27,58,0,1,33,6,40,3,9,53,33,98,0,0,0,98
10/22/2021,FSM,AR,ASW,ES,Combined TRACON& Tower with Radar,4,10,20,43,77,0,2,33,0,35,4,12,53,43,112,32,0,32,144
10/23/2021,FSM,AR,ASW,ES,Combined TRACON& Tower with Radar,6,9,7,18,40,0,0,24,0,24,6,9,31,18,64,36,0,36,100
10/24/2021,FSM,AR,ASW,ES,Combined TRACON& Tower with Radar,5,9,12,0,26,0,0,8,0,8,5,9,20,0,34,0,0,0,34
10/25/2021,FSM,AR,ASW,ES,Combined TRACON& Tower with Radar,4,9,14,17,44,0,1,33,8,42,4,10,47,25,86,0,0,0,86
10/26/2021,FSM,AR,ASW,ES,Combined TRACON& Tower with Radar,3,5,32,13,53,0,0,15,7,22,3,5,47,20,75,22,16,38,113
10/27/2021,FSM,AR,ASW,ES,Combined TRACON& Tower with Radar,5,4,12,0,21,0,0,1,0,1,5,4,13,0,22,0,0,0,22
10/28/2021,FSM,AR,ASW,ES,Combined TRACON& Tower with Radar,6,3,16,0,25,0,0,1,0,1,6,3,17,0,26,0,0,0,26
10/29/2021,FSM,AR,ASW,ES,Combined TRACON& Tower with Radar,5,7,19,4,35,0,1,2,0,3,5,8,21,4,38,0,0,0,38
10/30/2021,FSM,AR,ASW,ES,Combined TRACON& Tower with Radar,4,9,11,0,24,0,1,34,3,38,4,10,45,3,62,14,0,14,76
10/31/2021,FSM,AR,ASW,ES,Combined TRACON& Tower with Radar,5,11,28,0,44,0,0,39,1,40,5,11,67,1,84,0,0,0,84
11/01/2021,FSM,AR,ASW,ES,Combined TRACON& Tower with Radar,4,4,5,37,50,0,0,17,6,23,4,4,22,43,73,0,0,0,73
11/02/2021,FSM,AR,ASW,ES,Combined TRACON& Tower with Radar,5,7,3,28,43,0,0,0,0,0,5,7,3,28,43,0,0,0,43
11/03/2021,FSM,AR,ASW,ES,Combined TRACON& Tower with Radar,4,7,12,17,40,0,1,1,3,5,4,8,13,20,45,0,0,0,45
11/04/2021,FSM,AR,ASW,ES,Combined TRACON& Tower with Radar,4,5,22,41,72,0,1,17,6,24,4,6,39,47,96,0,0,0,96
11/05/2021,FSM,AR,ASW,ES,Combined TRACON& Tower with Radar,4,6,21,4,35,0,1,29,2,32,4,7,50,6,67,35,0,35,102
11/06/2021,FSM,AR,ASW,ES,Combined TRACON& Tower with Radar,2,6,20,5,33,0,3,46,3,52,2,9,66,8,85,0,0,0,85
11/07/2021,FSM,AR,ASW,ES,Combined TRACON& Tower with Radar,4,7,17,6,34,0,0,26,0,26,4,7,43,6,60,0,0,0,60
11/08/2021,FSM,AR,ASW,ES,Combined TRACON& Tower with Radar,4,5,25,28,62,0,2,19,5,26,4,7,44,33,88,0,0,0,88
11/09/2021,FSM,AR,ASW,ES,Combined TRACON& Tower with Radar,4,5,19,32,60,0,2,12,5,19,4,7,31,37,79,32,16,48,127
11/10/2021,FSM,AR,ASW,ES,Combined TRACON& Tower with Radar,4,6,9,4,23,0,0,8,3,11,4,6,17,7,34,0,0,0,34
11/11/2021,FSM,AR,ASW,ES,Combined TRACON& Tower with Radar,4,10,23,12,49,0,3,15,4,22,4,13,38,16,71,0,0,0,71
11/12/2021,FSM,AR,ASW,ES,Combined TRACON& Tower with Radar,4,12,16,24,56,0,0,20,1,21,4,12,36,25,77,6,0,6,83
11/13/2021,FSM,AR,ASW,ES,Combined TRACON& Tower with Radar,2,7,15,0,24,0,1,26,0,27,2,8,41,0,51,16,0,16,67
11/14/2021,FSM,AR,ASW,ES,Combined TRACON& Tower with Radar,4,5,6,0,15,0,1,27,0,28,4,6,33,0,43,48,0,48,91
11/15/2021,FSM,AR,ASW,ES,Combined TRACON& Tower with Radar,4,6,14,27,51,0,4,18,9,31,4,10,32,36,82,0,0,0,82
11/16/2021,FSM,AR,ASW,ES,Combined TRACON& Tower with Radar,4,11,15,40,70,0,0,17,8,25,4,11,32,48,95,24,0,24,119
11/17/2021,FSM,AR,ASW,ES,Combined TRACON& Tower with Radar,4,8,26,18,56,0,0,2,5,7,4,8,28,23,63,0,0,0,63
11/18/2021,FSM,AR,ASW,ES,Combined TRACON& Tower with Radar,4,10,34,13,61,0,0,26,14,40,4,10,60,27,101,18,0,18,119
11/19/2021,FSM,AR,ASW,ES,Combined TRACON& Tower with Radar,5,5,28,15,53,0,0,38,1,39,5,5,66,16,92,18,0,18,110
11/20/2021,FSM,AR,ASW,ES,Combined TRACON& Tower with Radar,6,7,5,0,18,0,0,13,0,13,6,7,18,0,31,0,0,0,31
11/21/2021,FSM,AR,ASW,ES,Combined TRACON& Tower with Radar,6,4,19,2,31,0,0,5,0,5,6,4,24,2,36,0,0,0,36
11/22/2021,FSM,AR,ASW,ES,Combined TRACON& Tower with Radar,5,5,17,4,31,0,2,29,2,33,5,7,46,6,64,0,0,0,64
11/23/2021,FSM,AR,ASW,ES,Combined TRACON& Tower with Radar,5,6,14,10,35,0,0,65,8,73,5,6,79,18,108,4,0,4,112
11/24/2021,FSM,AR,ASW,ES,Combined TRACON& Tower with Radar,6,4,16,2,28,0,1,11,0,12,6,5,27,2,40,26,0,26,66
11/25/2021,FSM,AR,ASW,ES,Combined TRACON& Tower with Radar,1,2,3,0,6,0,0,4,0,4,1,2,7,0,10,0,0,0,10
11/26/2021,FSM,AR,ASW,ES,Combined TRACON& Tower with Radar,5,1,9,0,15,0,3,27,0,30,5,4,36,0,45,8,0,8,53
11/27/2021,FSM,AR,ASW,ES,Combined TRACON& Tower with Radar,3,5,14,0,22,0,2,31,0,33,3,7,45,0,55,12,0,12,67
11/28/2021,FSM,AR,ASW,ES,Combined TRACON& Tower with Radar,7,3,16,0,26,0,0,30,0,30,7,3,46,0,56,8,0,8,64
11/29/2021,FSM,AR,ASW,ES,Combined TRACON& Tower with Radar,5,4,15,27,51,0,0,28,9,37,5,4,43,36,88,58,6,64,152
11/30/2021,FSM,AR,ASW,ES,Combined TRACON& Tower with Radar,6,3,28,20,57,0,1,25,0,26,6,4,53,20,83,14,6,20,103
12/01/2021,FSM,AR,ASW,ES,Combined TRACON& Tower with Radar,5,6,15,5,31,0,1,17,4,22,5,7,32,9,53,30,0,30,83
12/02/2021,FSM,AR,ASW,ES,Combined TRACON& Tower with Radar,6,8,22,27,63,0,0,37,6,43,6,8,59,33,106,8,0,8,114
12/03/2021,FSM,AR,ASW,ES,Combined TRACON& Tower with Radar,7,3,20,2,32,0,0,27,1,28,7,3,47,3,60,16,24,40,100
12/04/2021,FSM,AR,ASW,ES,Combined TRACON& Tower with Radar,6,13,16,7,42,0,1,5,1,7,6,14,21,8,49,0,0,0,49
12/05/2021,FSM,AR,ASW,ES,Combined TRACON& Tower with Radar,7,8,10,0,25,0,1,5,1,7,7,9,15,1,32,0,0,0,32
12/06/2021,FSM,AR,ASW,ES,Combined TRACON& Tower with Radar,8,7,12,0,27,0,3,14,0,17,8,10,26,0,44,0,0,0,44
12/07/2021,FSM,AR,ASW,ES,Combined TRACON& Tower with Radar,8,1,29,7,45,0,0,16,3,19,8,1,45,10,64,34,0,34,98
12/08/2021,FSM,AR,ASW,ES,Combined TRACON& Tower with Radar,7,5,18,26,56,0,0,18,8,26,7,5,36,34,82,38,16,54,136
12/09/2021,FSM,AR,ASW,ES,Combined TRACON& Tower with Radar,6,6,18,13,43,0,0,19,2,21,6,6,37,15,64,4,4,8,72
12/10/2021,FSM,AR,ASW,ES,Combined TRACON& Tower with Radar,7,2,22,12,43,0,1,6,0,7,7,3,28,12,50,0,0,0,50
12/11/2021,FSM,AR,ASW,ES,Combined TRACON& Tower with Radar,6,3,12,0,21,0,0,18,0,18,6,3,30,0,39,0,0,0,39
12/12/2021,FSM,AR,ASW,ES,Combined TRACON& Tower with Radar,7,5,13,7,32,0,0,29,0,29,7,5,42,7,61,26,0,26,87
12/13/2021,FSM,AR,ASW,ES,Combined TRACON& Tower with Radar,8,6,11,16,41,0,1,27,3,31,8,7,38,19,72,16,6,22,94
12/14/2021,FSM,AR,ASW,ES,Combined TRACON& Tower with Radar,8,2,20,12,42,0,0,5,0,5,8,2,25,12,47,0,0,0,47
12/15/2021,FSM,AR,ASW,ES,Combined TRACON& Tower with Radar,8,4,15,5,32,0,1,2,3,6,8,5,17,8,38,0,0,0,38
12/16/2021,FSM,AR,ASW,ES,Combined TRACON& Tower with Radar,3,7,18,9,37,0,0,17,7,24,3,7,35,16,61,30,4,34,95
12/17/2021,FSM,AR,ASW,ES,Combined TRACON& Tower with Radar,2,7,8,0,17,0,0,0,0,0,2,7,8,0,17,0,0,0,17
12/18/2021,FSM,AR,ASW,ES,Combined TRACON& Tower with Radar,2,10,12,4,28,0,0,8,0,8,2,10,20,4,36,0,0,0,36
12/19/2021,FSM,AR,ASW,ES,Combined TRACON& Tower with Radar,2,5,13,2,22,0,2,7,0,9,2,7,20,2,31,0,0,0,31
12/20/2021,FSM,AR,ASW,ES,Combined TRACON& Tower with Radar,2,7,8,13,30,0,0,26,4,30,2,7,34,17,60,0,0,0,60
12/21/2021,FSM,AR,ASW,ES,Combined TRACON& Tower with Radar,2,5,12,4,23,0,0,27,0,27,2,5,39,4,50,14,0,14,64
12/22/2021,FSM,AR,ASW,ES,Combined TRACON& Tower with Radar,2,9,9,10,30,0,2,21,0,23,2,11,30,10,53,40,0,40,93
12/23/2021,FSM,AR,ASW,ES,Combined TRACON& Tower with Radar,1,6,25,2,34,0,0,15,0,15,1,6,40,2,49,0,0,0,49
12/24/2021,FSM,AR,ASW,ES,Combined TRACON& Tower with Radar,0,9,2,0,11,0,0,0,0,0,0,9,2,0,11,0,0,0,11
12/25/2021,FSM,AR,ASW,ES,Combined TRACON& Tower with Radar,2,3,6,0,11,0,0,2,0,2,2,3,8,0,13,0,0,0,13
12/26/2021,FSM,AR,ASW,ES,Combined TRACON& Tower with Radar,2,12,28,0,42,0,2,11,1,14,2,14,39,1,56,0,0,0,56
12/27/2021,FSM,AR,ASW,ES,Combined TRACON& Tower with Radar,2,11,12,0,25,0,2,27,0,29,2,13,39,0,54,0,0,0,54
12/28/2021,FSM,AR,ASW,ES,Combined TRACON& Tower with Radar,0,13,7,2,22,0,2,7,0,9,0,15,14,2,31,0,10,10,41
12/29/2021,FSM,AR,ASW,ES,Combined TRACON& Tower with Radar,0,10,15,0,25,0,1,5,0,6,0,11,20,0,31,14,0,14,45
12/30/2021,FSM,AR,ASW,ES,Combined TRACON& Tower with Radar,2,9,19,20,50,0,0,39,0,39,2,9,58,20,89,0,0,0,89
12/31/2021,FSM,AR,ASW,ES,Combined TRACON& Tower with Radar,0,15,10,0,25,0,0,29,0,29,0,15,39,0,54,0,0,0,54
01/01/2022,FSM,AR,ASW,ES,Combined TRACON& Tower with Radar,2,7,8,0,17,0,0,0,0,0,2,7,8,0,17,0,0,0,17
01/02/2022,FSM,AR,ASW,ES,Combined TRACON& Tower with Radar,2,8,9,0,19,0,1,2,0,3,2,9,11,0,22,0,0,0,22
01/03/2022,FSM,AR,ASW,ES,Combined TRACON& Tower with Radar,2,11,25,0,38,0,0,25,1,26,2,11,50,1,64,4,0,4,68
01/04/2022,FSM,AR,ASW,ES,Combined TRACON& Tower with Radar,3,10,6,4,23,0,2,16,2,20,3,12,22,6,43,0,0,0,43
01/05/2022,FSM,AR,ASW,ES,Combined TRACON& Tower with Radar,3,6,12,6,27,0,0,16,5,21,3,6,28,11,48,44,6,50,98
01/06/2022,FSM,AR,ASW,ES,Combined TRACON& Tower with Radar,3,7,9,12,31,0,2,8,10,20,3,9,17,22,51,0,36,36,87
01/07/2022,FSM,AR,ASW,ES,Combined TRACON& Tower with Radar,3,11,8,38,60,0,0,11,4,15,3,11,19,42,75,0,0,0,75
01/08/2022,FSM,AR,ASW,ES,Combined TRACON& Tower with Radar,2,10,4,0,16,0,0,0,0,0,2,10,4,0,16,0,0,0,16
01/09/2022,FSM,AR,ASW,ES,Combined TRACON& Tower with Radar,3,12,10,3,28,0,0,7,0,7,3,12,17,3,35,0,0,0,35
01/10/2022,FSM,AR,ASW,ES,Combined TRACON& Tower with Radar,4,6,10,31,51,0,0,17,10,27,4,6,27,41,78,40,30,70,148
01/11/2022,FSM,AR,ASW,ES,Combined TRACON& Tower with Radar,4,4,7,18,33,0,0,16,11,27,4,4,23,29,60,22,44,66,126
01/12/2022,FSM,AR,ASW,ES,Combined TRACON& Tower with Radar,3,8,13,27,51,0,3,19,10,32,3,11,32,37,83,62,26,88,171
01/13/2022,FSM,AR,ASW,ES,Combined TRACON& Tower with Radar,3,7,23,34,67,0,0,19,7,26,3,7,42,41,93,24,10,34,127
01/14/2022,FSM,AR,ASW,ES,Combined TRACON& Tower with Radar,3,6,12,44,65,0,1,23,0,24,3,7,35,44,89,8,6,14,103
01/15/2022,FSM,AR,ASW,ES,Combined TRACON& Tower with Radar,1,8,0,0,9,0,0,0,0,0,1,8,0,0,9,0,0,0,9
01/16/2022,FSM,AR,ASW,ES,Combined TRACON& Tower with Radar,3,9,9,0,21,0,0,2,0,2,3,9,11,0,23,0,0,0,23
01/17/2022,FSM,AR,ASW,ES,Combined TRACON& Tower with Radar,3,12,23,2,40,0,2,23,2,27,3,14,46,4,67,72,0,72,139
01/18/2022,FSM,AR,ASW,ES,Combined TRACON& Tower with Radar,4,9,21,56,90,0,0,15,21,36,4,9,36,77,126,16,16,32,158
01/19/2022,FSM,AR,ASW,ES,Combined TRACON& Tower with Radar,3,10,8,1,22,0,0,3,0,3,3,10,11,1,25,0,0,0,25
01/20/2022,FSM,AR,ASW,ES,Combined TRACON& Tower with Radar,3,7,6,26,42,0,1,14,5,20,3,8,20,31,62,10,18,28,90
01/21/2022,FSM,AR,ASW,ES,Combined TRACON& Tower with Radar,3,11,27,40,81,0,2,27,7,36,3,13,54,47,117,18,20,38,155
01/22/2022,FSM,AR,ASW,ES,Combined TRACON& Tower with Radar,2,6,13,6,27,0,1,35,0,36,2,7,48,6,63,0,0,0,63
01/23/2022,FSM,AR,ASW,ES,Combined TRACON& Tower with Radar,3,9,17,4,33,0,0,12,3,15,3,9,29,7,48,8,0,8,56
01/24/2022,FSM,AR,ASW,ES,Combined TRACON& Tower with Radar,4,6,11,38,59,0,0,29,6,35,4,6,40,44,94,0,0,0,94
01/25/2022,FSM,AR,ASW,ES,Combined TRACON& Tower with Radar,4,4,7,58,73,0,0,19,25,44,4,4,26,83,117,0,44,44,161
01/26/2022,FSM,AR,ASW,ES,Combined TRACON& Tower with Radar,3,7,14,30,54,0,1,8,8,17,3,8,22,38,71,0,0,0,71
01/27/2022,FSM,AR,ASW,ES,Combined TRACON& Tower with Radar,3,9,15,7,34,0,1,10,7,18,3,10,25,14,52,16,0,16,68
01/28/2022,FSM,AR,ASW,ES,Combined TRACON& Tower with Radar,3,6,17,11,37,0,2,8,1,11,3,8,25,12,48,0,0,0,48
01/29/2022,FSM,AR,ASW,ES,Combined TRACON& Tower with Radar,2,10,14,0,26,0,5,26,1,32,2,15,40,1,58,0,0,0,58
01/30/2022,FSM,AR,ASW,ES,Combined TRACON& Tower with Radar,3,13,18,2,36,0,1,23,1,25,3,14,41,3,61,0,0,0,61
01/31/2022,FSM,AR,ASW,ES,Combined TRACON& Tower with Radar,5,8,20,18,51,0,2,14,2,18,5,10,34,20,69,0,0,0,69
02/01/2022,FSM,AR,ASW,ES,Combined TRACON& Tower with Radar,2,6,11,3,22,0,0,6,0,6,2,6,17,3,28,0,0,0,28
02/02/2022,FSM,AR,ASW,ES,Combined TRACON& Tower with Radar,2,6,3,2,13,0,0,0,0,0,2,6,3,2,13,0,0,0,13
02/03/2022,FSM,AR,ASW,ES,Combined TRACON& Tower with Radar,0,0,0,0,0,0,0,0,0,0,0,0,0,0,0,0,0,0,0
02/04/2022,FSM,AR,ASW,ES,Combined TRACON& Tower with Radar,0,4,7,0,11,0,0,2,0,2,0,4,9,0,13,0,0,0,13
02/05/2022,FSM,AR,ASW,ES,Combined TRACON& Tower with Radar,2,8,11,1,22,0,2,26,1,29,2,10,37,2,51,0,0,0,51
02/06/2022,FSM,AR,ASW,ES,Combined TRACON& Tower with Radar,3,9,9,4,25,0,1,26,0,27,3,10,35,4,52,24,4,28,80
02/07/2022,FSM,AR,ASW,ES,Combined TRACON& Tower with Radar,4,11,25,37,77,0,1,31,7,39,4,12,56,44,116,20,16,36,152
02/08/2022,FSM,AR,ASW,ES,Combined TRACON& Tower with Radar,4,5,22,59,90,0,3,30,9,42,4,8,52,68,132,20,20,40,172
02/09/2022,FSM,AR,ASW,ES,Combined TRACON& Tower with Radar,2,9,12,20,43,0,3,41,2,46,2,12,53,22,89,0,0,0,89
02/10/2022,FSM,AR,ASW,ES,Combined TRACON& Tower with Radar,2,8,12,23,45,0,4,24,12,40,2,12,36,35,85,0,0,0,85
02/11/2022,FSM,AR,ASW,ES,Combined TRACON& Tower with Radar,4,9,16,68,97,0,1,15,7,23,4,10,31,75,120,10,10,20,140
02/12/2022,FSM,AR,ASW,ES,Combined TRACON& Tower with Radar,2,12,5,26,45,0,8,10,18,36,2,20,15,44,81,20,0,20,101
02/13/2022,FSM,AR,ASW,ES,Combined TRACON& Tower with Radar,3,8,13,4,28,0,1,17,0,18,3,9,30,4,46,0,0,0,46
02/14/2022,FSM,AR,ASW,ES,Combined TRACON& Tower with Radar,2,15,18,41,76,0,0,30,1,31,2,15,48,42,107,16,10,26,133
02/15/2022,FSM,AR,ASW,ES,Combined TRACON& Tower with Radar,4,9,22,20,55,0,1,16,1,18,4,10,38,21,73,0,0,0,73
02/16/2022,FSM,AR,ASW,ES,Combined TRACON& Tower with Radar,1,12,17,0,30,0,0,2,1,3,1,12,19,1,33,0,0,0,33
02/17/2022,FSM,AR,ASW,ES,Combined TRACON& Tower with Radar,2,9,10,2,23,0,0,0,0,0,2,9,10,2,23,0,0,0,23
02/18/2022,FSM,AR,ASW,ES,Combined TRACON& Tower with Radar,1,10,20,24,55,0,0,39,4,43,1,10,59,28,98,60,6,66,164
02/19/2022,FSM,AR,ASW,ES,Combined TRACON& Tower with Radar,2,13,14,0,29,0,2,27,0,29,2,15,41,0,58,18,0,18,76
02/20/2022,FSM,AR,ASW,ES,Combined TRACON& Tower with Radar,1,9,18,10,38,0,0,13,3,16,1,9,31,13,54,0,0,0,54
02/21/2022,FSM,AR,ASW,ES,Combined TRACON& Tower with Radar,3,12,17,0,32,0,0,9,0,9,3,12,26,0,41,48,0,48,89
02/22/2022,FSM,AR,ASW,ES,Combined TRACON& Tower with Radar,2,6,12,19,39,0,1,0,0,1,2,7,12,19,40,0,0,0,40
02/23/2022,FSM,AR,ASW,ES,Combined TRACON& Tower with Radar,0,0,0,0,0,0,0,0,0,0,0,0,0,0,0,0,0,0,0
02/24/2022,FSM,AR,ASW,ES,Combined TRACON& Tower with Radar,0,0,3,0,3,0,0,0,0,0,0,0,3,0,3,0,0,0,3
02/25/2022,FSM,AR,ASW,ES,Combined TRACON& Tower with Radar,2,12,11,20,45,0,0,3,0,3,2,12,14,20,48,0,0,0,48
02/26/2022,FSM,AR,ASW,ES,Combined TRACON& Tower with Radar,2,12,4,0,18,0,2,5,2,9,2,14,9,2,27,8,0,8,35
02/27/2022,FSM,AR,ASW,ES,Combined TRACON& Tower with Radar,1,8,15,18,42,0,2,18,0,20,1,10,33,18,62,6,0,6,68
02/28/2022,FSM,AR,ASW,ES,Combined TRACON& Tower with Radar,4,12,24,30,70,0,1,22,11,34,4,13,46,41,104,30,0,30,134
03/01/2022,FSM,AR,ASW,ES,Combined TRACON& Tower with Radar,4,9,17,55,85,0,0,29,26,55,4,9,46,81,140,46,42,88,228
03/02/2022,FSM,AR,ASW,ES,Combined TRACON& Tower with Radar,3,11,16,37,67,0,0,36,12,48,3,11,52,49,115,12,14,26,141
03/03/2022,FSM,AR,ASW,ES,Combined TRACON& Tower with Radar,4,13,23,8,48,0,0,37,7,44,4,13,60,15,92,10,0,10,102
03/04/2022,FSM,AR,ASW,ES,Combined TRACON& Tower with Radar,4,12,19,61,96,0,0,19,12,31,4,12,38,73,127,0,26,26,153
03/05/2022,FSM,AR,ASW,ES,Combined TRACON& Tower with Radar,4,9,10,0,23,0,0,1,0,1,4,9,11,0,24,0,0,0,24
03/06/2022,FSM,AR,ASW,ES,Combined TRACON& Tower with Radar,4,7,4,0,15,0,0,8,0,8,4,7,12,0,23,0,0,0,23
03/07/2022,FSM,AR,ASW,ES,Combined TRACON& Tower with Radar,4,9,19,13,45,0,0,11,3,14,4,9,30,16,59,0,0,0,59
03/08/2022,FSM,AR,ASW,ES,Combined TRACON& Tower with Radar,4,10,21,30,65,0,0,15,10,25,4,10,36,40,90,0,0,0,90
03/09/2022,FSM,AR,ASW,ES,Combined TRACON& Tower with Radar,4,7,27,37,75,0,0,38,11,49,4,7,65,48,124,16,38,54,178
03/10/2022,FSM,AR,ASW,ES,Combined TRACON& Tower with Radar,4,7,27,37,75,0,1,17,10,28,4,8,44,47,103,0,20,20,123
03/11/2022,FSM,AR,ASW,ES,Combined TRACON& Tower with Radar,4,8,7,1,20,0,0,2,0,2,4,8,9,1,22,0,0,0,22
03/12/2022,FSM,AR,ASW,ES,Combined TRACON& Tower with Radar,4,4,21,6,35,0,2,26,4,32,4,6,47,10,67,36,0,36,103
03/13/2022,FSM,AR,ASW,ES,Combined TRACON& Tower with Radar,4,6,10,0,20,0,0,22,0,22,4,6,32,0,42,0,0,0,42
03/14/2022,FSM,AR,ASW,ES,Combined TRACON& Tower with Radar,4,7,13,18,42,0,0,11,2,13,4,7,24,20,55,0,0,0,55
03/15/2022,FSM,AR,ASW,ES,Combined TRACON& Tower with Radar,4,8,16,12,40,0,0,15,16,31,4,8,31,28,71,26,52,78,149
03/16/2022,FSM,AR,ASW,ES,Combined TRACON& Tower with Radar,4,7,8,25,44,0,0,31,8,39,4,7,39,33,83,2,8,10,93
03/17/2022,FSM,AR,ASW,ES,Combined TRACON& Tower with Radar,4,10,17,44,75,0,1,37,9,47,4,11,54,53,122,0,16,16,138
03/18/2022,FSM,AR,ASW,ES,Combined TRACON& Tower with Radar,4,12,16,14,46,0,0,3,0,3,4,12,19,14,49,0,0,0,49
03/19/2022,FSM,AR,ASW,ES,Combined TRACON& Tower with Radar,3,5,16,0,24,0,4,21,0,25,3,9,37,0,49,0,0,0,49
03/20/2022,FSM,AR,ASW,ES,Combined TRACON& Tower with Radar,5,6,17,1,29,0,0,24,0,24,5,6,41,1,53,44,0,44,97
03/21/2022,FSM,AR,ASW,ES,Combined TRACON& Tower with Radar,3,9,16,3,31,0,0,4,3,7,3,9,20,6,38,12,10,22,60
03/22/2022,FSM,AR,ASW,ES,Combined TRACON& Tower with Radar,4,7,5,16,32,0,0,4,1,5,4,7,9,17,37,14,24,38,75
03/23/2022,FSM,AR,ASW,ES,Combined TRACON& Tower with Radar,4,8,6,11,29,0,1,4,4,9,4,9,10,15,38,0,24,24,62
03/24/2022,FSM,AR,ASW,ES,Combined TRACON& Tower with Radar,4,10,13,37,64,0,1,15,10,26,4,11,28,47,90,0,26,26,116
03/25/2022,FSM,AR,ASW,ES,Combined TRACON& Tower with Radar,4,9,21,51,85,0,1,28,10,39,4,10,49,61,124,8,16,24,148
03/26/2022,FSM,AR,ASW,ES,Combined TRACON& Tower with Radar,4,9,23,15,51,0,2,39,11,52,4,11,62,26,103,16,0,16,119
03/27/2022,FSM,AR,ASW,ES,Combined TRACON& Tower with Radar,4,8,6,16,34,0,1,14,2,17,4,9,20,18,51,0,0,0,51
03/28/2022,FSM,AR,ASW,ES,Combined TRACON& Tower with Radar,4,10,21,42,77,0,0,21,10,31,4,10,42,52,108,0,32,32,140
03/29/2022,FSM,AR,ASW,ES,Combined TRACON& Tower with Radar,4,9,11,5,29,0,1,5,2,8,4,10,16,7,37,10,0,10,47
03/30/2022,FSM,AR,ASW,ES,Combined TRACON& Tower with Radar,4,6,2,1,13,0,0,1,1,2,4,6,3,2,15,0,0,0,15
03/31/2022,FSM,AR,ASW,ES,Combined TRACON& Tower with Radar,4,9,17,2,32,0,1,13,2,16,4,10,30,4,48,0,0,0,48
04/01/2022,FSM,AR,ASW,ES,Combined TRACON& Tower with Radar,4,10,14,13,41,0,0,27,7,34,4,10,41,20,75,0,0,0,75
04/02/2022,FSM,AR,ASW,ES,Combined TRACON& Tower with Radar,4,6,19,11,40,0,0,29,5,34,4,6,48,16,74,18,2,20,94
04/03/2022,FSM,AR,ASW,ES,Combined TRACON& Tower with Radar,4,10,23,3,40,0,0,22,1,23,4,10,45,4,63,54,0,54,117
04/04/2022,FSM,AR,ASW,ES,Combined TRACON& Tower with Radar,4,9,12,1,26,0,0,4,3,7,4,9,16,4,33,0,0,0,33
04/05/2022,FSM,AR,ASW,ES,Combined TRACON& Tower with Radar,4,7,13,4,28,0,2,17,3,22,4,9,30,7,50,10,0,10,60
04/06/2022,FSM,AR,ASW,ES,Combined TRACON& Tower with Radar,4,5,22,7,38,0,0,5,12,17,4,5,27,19,55,0,0,0,55
04/07/2022,FSM,AR,ASW,ES,Combined TRACON& Tower with Radar,4,7,10,7,28,0,1,6,5,12,4,8,16,12,40,12,0,12,52
04/08/2022,FSM,AR,ASW,ES,Combined TRACON& Tower with Radar,4,10,10,28,52,0,1,19,0,20,4,11,29,28,72,0,0,0,72
04/09/2022,FSM,AR,ASW,ES,Combined TRACON& Tower with Radar,4,7,18,2,31,0,0,32,2,34,4,7,50,4,65,32,0,32,97
04/10/2022,FSM,AR,ASW,ES,Combined TRACON& Tower with Radar,4,12,9,6,31,0,2,16,4,22,4,14,25,10,53,0,0,0,53
04/11/2022,FSM,AR,ASW,ES,Combined TRACON& Tower with Radar,4,8,12,2,26,0,0,0,0,0,4,8,12,2,26,10,0,10,36
04/12/2022,FSM,AR,ASW,ES,Combined TRACON& Tower with Radar,3,13,15,9,40,0,3,5,2,10,3,16,20,11,50,10,20,30,80
04/13/2022,FSM,AR,ASW,ES,Combined TRACON& Tower with Radar,3,7,13,0,23,0,0,5,0,5,3,7,18,0,28,0,0,0,28
04/14/2022,FSM,AR,ASW,ES,Combined TRACON& Tower with Radar,4,6,17,27,54,0,3,29,22,54,4,9,46,49,108,12,40,52,160
04/15/2022,FSM,AR,ASW,ES,Combined TRACON& Tower with Radar,4,6,18,0,28,0,0,30,2,32,4,6,48,2,60,0,0,0,60
04/16/2022,FSM,AR,ASW,ES,Combined TRACON& Tower with Radar,4,5,7,0,16,0,0,2,0,2,4,5,9,0,18,56,0,56,74
04/17/2022,FSM,AR,ASW,ES,Combined TRACON& Tower with Radar,4,8,6,0,18,0,0,1,0,1,4,8,7,0,19,0,0,0,19
04/18/2022,FSM,AR,ASW,ES,Combined TRACON& Tower with Radar,4,10,24,12,50,0,2,20,8,30,4,12,44,20,80,94,22,116,196
04/19/2022,FSM,AR,ASW,ES,Combined TRACON& Tower with Radar,4,7,23,8,42,2,1,31,15,49,6,8,54,23,91,16,24,40,131
04/20/2022,FSM,AR,ASW,ES,Combined TRACON& Tower with Radar,4,13,9,1,27,0,0,1,0,1,4,13,10,1,28,0,0,0,28
04/21/2022,FSM,AR,ASW,ES,Combined TRACON& Tower with Radar,4,16,28,0,48,0,0,10,1,11,4,16,38,1,59,0,0,0,59
04/22/2022,FSM,AR,ASW,ES,Combined TRACON& Tower with Radar,4,4,16,4,28,0,1,18,2,21,4,5,34,6,49,0,0,0,49
04/23/2022,FSM,AR,ASW,ES,Combined TRACON& Tower with Radar,4,6,7,0,17,0,0,8,1,9,4,6,15,1,26,0,0,0,26
04/24/2022,FSM,AR,ASW,ES,Combined TRACON& Tower with Radar,2,6,9,0,17,0,0,5,0,5,2,6,14,0,22,0,0,0,22
04/25/2022,FSM,AR,ASW,ES,Combined TRACON& Tower with Radar,4,7,6,7,24,0,0,24,5,29,4,7,30,12,53,18,4,22,75
04/26/2022,FSM,AR,ASW,ES,Combined TRACON& Tower with Radar,4,7,31,0,42,0,1,42,1,44,4,8,73,1,86,50,0,50,136
04/27/2022,FSM,AR,ASW,ES,Combined TRACON& Tower with Radar,4,8,25,8,45,0,0,27,2,29,4,8,52,10,74,12,0,12,86
04/28/2022,FSM,AR,ASW,ES,Combined TRACON& Tower with Radar,4,10,15,0,29,0,0,11,0,11,4,10,26,0,40,3,0,3,43
04/29/2022,FSM,AR,ASW,ES,Combined TRACON& Tower with Radar,4,6,13,6,29,0,0,5,3,8,4,6,18,9,37,1,6,7,44
04/30/2022,FSM,AR,ASW,ES,Combined TRACON& Tower with Radar,4,6,9,0,19,0,0,18,0,18,4,6,27,0,37,26,0,26,63
05/01/2022,FSM,AR,ASW,ES,Combined TRACON& Tower with Radar,4,6,9,0,19,0,0,46,0,46,4,6,55,0,65,72,0,72,137
05/02/2022,FSM,AR,ASW,ES,Combined TRACON& Tower with Radar,4,14,15,2,35,0,0,0,0,0,4,14,15,2,35,0,0,0,35
05/03/2022,FSM,AR,ASW,ES,Combined TRACON& Tower with Radar,4,6,13,0,23,0,0,4,2,6,4,6,17,2,29,14,0,14,43
05/04/2022,FSM,AR,ASW,ES,Combined TRACON& Tower with Radar,3,12,21,12,48,0,0,2,2,4,3,12,23,14,52,0,0,0,52
05/05/2022,FSM,AR,ASW,ES,Combined TRACON& Tower with Radar,3,9,8,0,20,0,0,0,0,0,3,9,8,0,20,0,0,0,20
05/06/2022,FSM,AR,ASW,ES,Combined TRACON& Tower with Radar,3,7,20,3,33,0,0,15,4,19,3,7,35,7,52,0,30,30,82
05/07/2022,FSM,AR,ASW,ES,Combined TRACON& Tower with Radar,4,3,22,1,30,0,0,33,0,33,4,3,55,1,63,12,0,12,75
05/08/2022,FSM,AR,ASW,ES,Combined TRACON& Tower with Radar,4,6,19,8,37,0,0,17,1,18,4,6,36,9,55,0,0,0,55
05/09/2022,FSM,AR,ASW,ES,Combined TRACON& Tower with Radar,4,6,16,6,32,0,1,12,2,15,4,7,28,8,47,0,0,0,47
05/10/2022,FSM,AR,ASW,ES,Combined TRACON& Tower with Radar,4,6,22,2,34,0,1,15,7,23,4,7,37,9,57,34,18,52,109
05/11/2022,FSM,AR,ASW,ES,Combined TRACON& Tower with Radar,4,6,21,4,35,0,0,11,7,18,4,6,32,11,53,20,0,20,73
05/12/2022,FSM,AR,ASW,ES,Combined TRACON& Tower with Radar,4,5,31,0,40,0,1,36,5,42,4,6,67,5,82,12,0,12,94
05/13/2022,FSM,AR,ASW,ES,Combined TRACON& Tower with Radar,4,5,23,2,34,0,1,16,4,21,4,6,39,6,55,16,0,16,71
05/14/2022,FSM,AR,ASW,ES,Combined TRACON& Tower with Radar,4,5,20,2,31,0,2,39,1,42,4,7,59,3,73,0,0,0,73
05/15/2022,FSM,AR,ASW,ES,Combined TRACON& Tower with Radar,1,8,16,0,25,0,0,21,1,22,1,8,37,1,47,8,0,8,55
05/16/2022,FSM,AR,ASW,ES,Combined TRACON& Tower with Radar,4,4,27,0,35,0,0,42,6,48,4,4,69,6,83,6,1,7,90
05/17/2022,FSM,AR,ASW,ES,Combined TRACON& Tower with Radar,4,4,9,2,19,0,2,22,8,32,4,6,31,10,51,0,0,0,51
05/18/2022,FSM,AR,ASW,ES,Combined TRACON& Tower with Radar,4,4,33,7,48,0,0,29,9,38,4,4,62,16,86,18,0,18,104
05/19/2022,FSM,AR,ASW,ES,Combined TRACON& Tower with Radar,4,9,18,4,35,0,1,23,8,32,4,10,41,12,67,12,0,12,79
05/20/2022,FSM,AR,ASW,ES,Combined TRACON& Tower with Radar,4,7,20,0,31,0,0,23,6,29,4,7,43,6,60,0,0,0,60
05/21/2022,FSM,AR,ASW,ES,Combined TRACON& Tower with Radar,3,3,6,0,12,0,1,2,0,3,3,4,8,0,15,0,0,0,15
05/22/2022,FSM,AR,ASW,ES,Combined TRACON& Tower with Radar,5,8,11,0,24,0,1,16,1,18,5,9,27,1,42,0,0,0,42
05/23/2022,FSM,AR,ASW,ES,Combined TRACON& Tower with Radar,4,4,15,3,26,0,0,5,0,5,4,4,20,3,31,34,0,34,65
05/24/2022,FSM,AR,ASW,ES,Combined TRACON& Tower with Radar,5,6,6,0,17,0,0,0,0,0,5,6,6,0,17,0,0,0,17
05/25/2022,FSM,AR,ASW,ES,Combined TRACON& Tower with Radar,3,7,4,2,16,0,0,9,6,15,3,7,13,8,31,10,0,10,41
05/26/2022,FSM,AR,ASW,ES,Combined TRACON& Tower with Radar,6,6,16,7,35,0,0,3,4,7,6,6,19,11,42,6,4,10,52
05/27/2022,FSM,AR,ASW,ES,Combined TRACON& Tower with Radar,4,5,18,4,31,0,3,38,1,42,4,8,56,5,73,10,2,12,85
05/28/2022,FSM,AR,ASW,ES,Combined TRACON& Tower with Radar,4,3,10,6,23,0,0,28,2,30,4,3,38,8,53,0,0,0,53
05/29/2022,FSM,AR,ASW,ES,Combined TRACON& Tower with Radar,4,2,11,0,17,0,0,14,0,14,4,2,25,0,31,16,0,16,47
05/30/2022,FSM,AR,ASW,ES,Combined TRACON& Tower with Radar,4,11,18,0,33,0,0,14,0,14,4,11,32,0,47,0,0,0,47
05/31/2022,FSM,AR,ASW,ES,Combined TRACON& Tower with Radar,4,4,15,8,31,0,0,11,8,19,4,4,26,16,50,0,0,0,50
06/01/2022,FSM,AR,ASW,ES,Combined TRACON& Tower with Radar,3,9,5,1,18,0,0,8,0,8,3,9,13,1,26,0,0,0,26
06/02/2022,FSM,AR,ASW,ES,Combined TRACON& Tower with Radar,4,9,21,0,34,0,1,14,1,16,4,10,35,1,50,24,0,24,74
06/03/2022,FSM,AR,ASW,ES,Combined TRACON& Tower with Radar,3,7,18,9,37,0,0,46,19,65,3,7,64,28,102,6,8,14,116
06/04/2022,FSM,AR,ASW,ES,Combined TRACON& Tower with Radar,3,4,6,2,15,0,0,32,2,34,3,4,38,4,49,6,0,6,55
06/05/2022,FSM,AR,ASW,ES,Combined TRACON& Tower with Radar,3,8,7,0,18,0,0,12,1,13,3,8,19,1,31,0,0,0,31
06/06/2022,FSM,AR,ASW,ES,Combined TRACON& Tower with Radar,3,7,7,3,20,0,2,9,3,14,3,9,16,6,34,0,0,0,34
06/07/2022,FSM,AR,ASW,ES,Combined TRACON& Tower with Radar,3,6,13,0,22,0,0,4,2,6,3,6,17,2,28,16,0,16,44
06/08/2022,FSM,AR,ASW,ES,Combined TRACON& Tower with Radar,3,8,17,0,28,0,0,7,2,9,3,8,24,2,37,0,0,0,37
06/09/2022,FSM,AR,ASW,ES,Combined TRACON& Tower with Radar,3,5,18,2,28,0,1,28,4,33,3,6,46,6,61,22,0,22,83
06/10/2022,FSM,AR,ASW,ES,Combined TRACON& Tower with Radar,3,6,19,0,28,0,0,14,3,17,3,6,33,3,45,4,0,4,49
06/11/2022,FSM,AR,ASW,ES,Combined TRACON& Tower with Radar,3,6,7,1,17,0,1,25,8,34,3,7,32,9,51,16,0,16,67
06/12/2022,FSM,AR,ASW,ES,Combined TRACON& Tower with Radar,3,6,16,5,30,0,0,10,2,12,3,6,26,7,42,0,0,0,42
06/13/2022,FSM,AR,ASW,ES,Combined TRACON& Tower with Radar,3,4,11,0,18,0,6,21,4,31,3,10,32,4,49,12,0,12,61
06/14/2022,FSM,AR,ASW,ES,Combined TRACON& Tower with Radar,3,7,22,7,39,0,1,19,3,23,3,8,41,10,62,0,0,0,62
06/15/2022,FSM,AR,ASW,ES,Combined TRACON& Tower with Radar,3,16,22,0,41,0,0,22,2,24,3,16,44,2,65,0,0,0,65
06/16/2022,FSM,AR,ASW,ES,Combined TRACON& Tower with Radar,3,11,20,3,37,0,0,29,4,33,3,11,49,7,70,24,0,24,94
06/17/2022,FSM,AR,ASW,ES,Combined TRACON& Tower with Radar,3,7,14,8,32,0,0,24,3,27,3,7,38,11,59,0,0,0,59
06/18/2022,FSM,AR,ASW,ES,Combined TRACON& Tower with Radar,3,3,7,0,13,0,0,20,2,22,3,3,27,2,35,0,0,0,35
06/19/2022,FSM,AR,ASW,ES,Combined TRACON& Tower with Radar,3,5,18,0,26,0,0,29,0,29,3,5,47,0,55,0,0,0,55
06/20/2022,FSM,AR,ASW,ES,Combined TRACON& Tower with Radar,3,5,17,0,25,0,0,28,3,31,3,5,45,3,56,0,0,0,56
06/21/2022,FSM,AR,ASW,ES,Combined TRACON& Tower with Radar,3,8,16,5,32,0,1,14,3,18,3,9,30,8,50,20,22,42,92
06/22/2022,FSM,AR,ASW,ES,Combined TRACON& Tower with Radar,3,10,10,1,24,0,0,18,4,22,3,10,28,5,46,0,0,0,46
06/23/2022,FSM,AR,ASW,ES,Combined TRACON& Tower with Radar,3,7,20,3,33,0,0,17,1,18,3,7,37,4,51,0,0,0,51
06/24/2022,FSM,AR,ASW,ES,Combined TRACON& Tower with Radar,3,7,13,7,30,0,2,29,5,36,3,9,42,12,66,12,6,18,84
06/25/2022,FSM,AR,ASW,ES,Combined TRACON& Tower with Radar,3,8,13,8,32,0,4,20,1,25,3,12,33,9,57,3,0,3,60
06/26/2022,FSM,AR,ASW,ES,Combined TRACON& Tower with Radar,3,10,8,1,22,0,0,16,3,19,3,10,24,4,41,0,0,0,41
06/27/2022,FSM,AR,ASW,ES,Combined TRACON& Tower with Radar,3,4,15,5,27,0,0,19,0,19,3,4,34,5,46,0,0,0,46
06/28/2022,FSM,AR,ASW,ES,Combined TRACON& Tower with Radar,3,5,10,3,21,0,0,31,3,34,3,5,41,6,55,18,0,18,73
06/29/2022,FSM,AR,ASW,ES,Combined TRACON& Tower with Radar,3,5,7,8,23,0,0,21,8,29,3,5,28,16,52,20,64,84,136
06/30/2022,FSM,AR,ASW,ES,Combined TRACON& Tower with Radar,3,5,19,5,32,0,0,40,8,48,3,5,59,13,80,44,0,44,124
07/01/2022,FSM,AR,ASW,ES,Combined TRACON& Tower with Radar,3,7,25,2,37,0,0,23,0,23,3,7,48,2,60,0,0,0,60
07/02/2022,FSM,AR,ASW,ES,Combined TRACON& Tower with Radar,3,6,14,0,23,0,0,19,2,21,3,6,33,2,44,16,0,16,60
07/03/2022,FSM,AR,ASW,ES,Combined TRACON& Tower with Radar,4,2,11,0,17,0,0,16,0,16,4,2,27,0,33,0,0,0,33
07/04/2022,FSM,AR,ASW,ES,Combined TRACON& Tower with Radar,3,6,1,0,10,0,0,15,0,15,3,6,16,0,25,0,0,0,25
07/05/2022,FSM,AR,ASW,ES,Combined TRACON& Tower with Radar,4,8,9,5,26,0,2,14,4,20,4,10,23,9,46,0,0,0,46
07/06/2022,FSM,AR,ASW,ES,Combined TRACON& Tower with Radar,4,6,14,10,34,0,1,21,1,23,4,7,35,11,57,0,0,0,57
07/07/2022,FSM,AR,ASW,ES,Combined TRACON& Tower with Radar,3,8,13,0,24,0,1,15,0,16,3,9,28,0,40,0,0,0,40
07/08/2022,FSM,AR,ASW,ES,Combined TRACON& Tower with Radar,3,15,9,1,28,0,1,12,1,14,3,16,21,2,42,0,0,0,42
07/09/2022,FSM,AR,ASW,ES,Combined TRACON& Tower with Radar,3,4,11,6,24,0,1,20,0,21,3,5,31,6,45,0,0,0,45
07/10/2022,FSM,AR,ASW,ES,Combined TRACON& Tower with Radar,3,5,15,0,23,0,0,21,0,21,3,5,36,0,44,0,0,0,44
07/11/2022,FSM,AR,ASW,ES,Combined TRACON& Tower with Radar,3,8,16,2,29,0,2,9,3,14,3,10,25,5,43,14,0,14,57
07/12/2022,FSM,AR,ASW,ES,Combined TRACON& Tower with Radar,4,6,11,8,29,0,1,16,4,21,4,7,27,12,50,0,0,0,50
07/13/2022,FSM,AR,ASW,ES,Combined TRACON& Tower with Radar,4,4,31,23,62,0,1,16,10,27,4,5,47,33,89,20,24,44,133
07/14/2022,FSM,AR,ASW,ES,Combined TRACON& Tower with Radar,3,5,13,0,21,0,0,18,2,20,3,5,31,2,41,4,0,4,45
07/15/2022,FSM,AR,ASW,ES,Combined TRACON& Tower with Radar,3,4,16,12,35,0,0,25,2,27,3,4,41,14,62,0,0,0,62
07/16/2022,FSM,AR,ASW,ES,Combined TRACON& Tower with Radar,3,2,17,3,25,0,1,22,4,27,3,3,39,7,52,12,0,12,64
07/17/2022,FSM,AR,ASW,ES,Combined TRACON& Tower with Radar,3,4,12,2,21,0,0,9,3,12,3,4,21,5,33,0,0,0,33
07/18/2022,FSM,AR,ASW,ES,Combined TRACON& Tower with Radar,3,4,16,3,26,0,0,16,3,19,3,4,32,6,45,0,0,0,45
07/19/2022,FSM,AR,ASW,ES,Combined TRACON& Tower with Radar,4,6,9,0,19,0,0,15,1,16,4,6,24,1,35,4,0,4,39
07/20/2022,FSM,AR,ASW,ES,Combined TRACON& Tower with Radar,4,3,16,5,28,0,0,15,2,17,4,3,31,7,45,20,0,20,65
07/21/2022,FSM,AR,ASW,ES,Combined TRACON& Tower with Radar,3,10,14,0,27,0,0,16,2,18,3,10,30,2,45,0,0,0,45
07/22/2022,FSM,AR,ASW,ES,Combined TRACON& Tower with Radar,3,7,27,2,39,0,0,17,0,17,3,7,44,2,56,26,0,26,82
07/23/2022,FSM,AR,ASW,ES,Combined TRACON& Tower with Radar,3,5,21,3,32,0,0,20,5,25,3,5,41,8,57,0,0,0,57
07/24/2022,FSM,AR,ASW,ES,Combined TRACON& Tower with Radar,3,4,9,0,16,0,0,17,0,17,3,4,26,0,33,0,0,0,33
07/25/2022,FSM,AR,ASW,ES,Combined TRACON& Tower with Radar,3,8,8,0,19,0,0,14,0,14,3,8,22,0,33,0,0,0,33
07/26/2022,FSM,AR,ASW,ES,Combined TRACON& Tower with Radar,6,6,16,4,32,0,1,18,6,25,6,7,34,10,57,0,0,0,57
07/27/2022,FSM,AR,ASW,ES,Combined TRACON& Tower with Radar,4,8,27,1,40,0,0,19,4,23,4,8,46,5,63,26,0,26,89
07/28/2022,FSM,AR,ASW,ES,Combined TRACON& Tower with Radar,3,14,8,0,25,0,2,11,5,18,3,16,19,5,43,0,0,0,43
07/29/2022,FSM,AR,ASW,ES,Combined TRACON& Tower with Radar,6,8,14,1,29,0,0,1,1,2,6,8,15,2,31,0,14,14,45
07/30/2022,FSM,AR,ASW,ES,Combined TRACON& Tower with Radar,3,3,7,0,13,0,0,3,0,3,3,3,10,0,16,0,0,0,16
07/31/2022,FSM,AR,ASW,ES,Combined TRACON& Tower with Radar,3,12,12,0,27,0,0,24,0,24,3,12,36,0,51,0,0,0,51
08/01/2022,FSM,AR,ASW,ES,Combined TRACON& Tower with Radar,3,8,14,1,26,0,0,16,2,18,3,8,30,3,44,12,0,12,56
08/02/2022,FSM,AR,ASW,ES,Combined TRACON& Tower with Radar,4,6,8,10,28,0,0,14,0,14,4,6,22,10,42,1,0,1,43
08/03/2022,FSM,AR,ASW,ES,Combined TRACON& Tower with Radar,4,5,15,0,24,0,1,25,4,30,4,6,40,4,54,12,0,12,66
08/04/2022,FSM,AR,ASW,ES,Combined TRACON& Tower with Radar,3,4,18,4,29,0,2,19,1,22,3,6,37,5,51,10,0,10,61
08/05/2022,FSM,AR,ASW,ES,Combined TRACON& Tower with Radar,3,5,19,10,37,0,1,33,1,35,3,6,52,11,72,0,0,0,72
08/06/2022,FSM,AR,ASW,ES,Combined TRACON& Tower with Radar,1,9,17,2,29,0,2,19,3,24,1,11,36,5,53,9,0,9,62
08/07/2022,FSM,AR,ASW,ES,Combined TRACON& Tower with Radar,4,5,13,1,23,0,0,18,2,20,4,5,31,3,43,0,0,0,43
08/08/2022,FSM,AR,ASW,ES,Combined TRACON& Tower with Radar,3,10,11,10,34,0,0,13,3,16,3,10,24,13,50,0,0,0,50
08/09/2022,FSM,AR,ASW,ES,Combined TRACON& Tower with Radar,3,5,13,0,21,0,0,8,1,9,3,5,21,1,30,0,0,0,30
08/10/2022,FSM,AR,ASW,ES,Combined TRACON& Tower with Radar,5,12,9,5,31,0,0,44,2,46,5,12,53,7,77,14,0,14,91
08/11/2022,FSM,AR,ASW,ES,Combined TRACON& Tower with Radar,5,11,22,15,53,0,1,11,6,18,5,12,33,21,71,4,0,4,75
08/12/2022,FSM,AR,ASW,ES,Combined TRACON& Tower with Radar,3,5,14,16,38,0,0,23,4,27,3,5,37,20,65,0,14,14,79
08/13/2022,FSM,AR,ASW,ES,Combined TRACON& Tower with Radar,1,6,13,11,31,0,0,13,3,16,1,6,26,14,47,0,0,0,47
08/14/2022,FSM,AR,ASW,ES,Combined TRACON& Tower with Radar,3,6,5,0,14,0,0,12,2,14,3,6,17,2,28,0,0,0,28
08/15/2022,FSM,AR,ASW,ES,Combined TRACON& Tower with Radar,3,7,26,0,36,0,0,33,2,35,3,7,59,2,71,6,0,6,77
08/16/2022,FSM,AR,ASW,ES,Combined TRACON& Tower with Radar,3,8,16,4,31,0,0,25,6,31,3,8,41,10,62,0,0,0,62
08/17/2022,FSM,AR,ASW,ES,Combined TRACON& Tower with Radar,2,12,11,3,28,0,0,2,1,3,2,12,13,4,31,0,0,0,31
08/18/2022,FSM,AR,ASW,ES,Combined TRACON& Tower with Radar,3,13,16,19,51,0,0,27,5,32,3,13,43,24,83,42,28,70,153
08/19/2022,FSM,AR,ASW,ES,Combined TRACON& Tower with Radar,3,5,25,4,37,0,1,23,4,28,3,6,48,8,65,0,0,0,65
08/20/2022,FSM,AR,ASW,ES,Combined TRACON& Tower with Radar,3,10,17,8,38,0,0,55,2,57,3,10,72,10,95,30,0,30,125
08/21/2022,FSM,AR,ASW,ES,Combined TRACON& Tower with Radar,1,2,8,2,13,0,0,2,0,2,1,2,10,2,15,0,0,0,15
08/22/2022,FSM,AR,ASW,ES,Combined TRACON& Tower with Radar,5,3,31,0,39,0,0,6,0,6,5,3,37,0,45,0,0,0,45
08/23/2022,FSM,AR,ASW,ES,Combined TRACON& Tower with Radar,3,6,21,11,41,0,0,13,4,17,3,6,34,15,58,22,0,22,80
08/24/2022,FSM,AR,ASW,ES,Combined TRACON& Tower with Radar,3,16,35,1,55,0,4,17,3,24,3,20,52,4,79,0,0,0,79
08/25/2022,FSM,AR,ASW,ES,Combined TRACON& Tower with Radar,3,6,40,12,61,0,1,38,2,41,3,7,78,14,102,6,0,6,108
08/26/2022,FSM,AR,ASW,ES,Combined TRACON& Tower with Radar,3,4,15,10,32,0,0,25,2,27,3,4,40,12,59,20,18,38,97
08/27/2022,FSM,AR,ASW,ES,Combined TRACON& Tower with Radar,3,4,12,20,39,0,0,28,1,29,3,4,40,21,68,0,0,0,68
08/28/2022,FSM,AR,ASW,ES,Combined TRACON& Tower with Radar,3,4,15,6,28,0,0,21,0,21,3,4,36,6,49,0,0,0,49
08/29/2022,FSM,AR,ASW,ES,Combined TRACON& Tower with Radar,3,5,21,3,32,0,0,14,7,21,3,5,35,10,53,0,0,0,53
08/30/2022,FSM,AR,ASW,ES,Combined TRACON& Tower with Radar,5,4,32,7,48,0,0,15,7,22,5,4,47,14,70,0,0,0,70
08/31/2022,FSM,AR,ASW,ES,Combined TRACON& Tower with Radar,3,6,27,1,37,0,0,19,10,29,3,6,46,11,66,16,0,16,82
09/01/2022,FSM,AR,ASW,ES,Combined TRACON& Tower with Radar,3,10,21,5,39,0,2,13,2,17,3,12,34,7,56,0,0,0,56
09/02/2022,FSM,AR,ASW,ES,Combined TRACON& Tower with Radar,3,12,10,0,25,0,0,2,1,3,3,12,12,1,28,0,0,0,28
09/03/2022,FSM,AR,ASW,ES,Combined TRACON& Tower with Radar,6,7,13,9,35,0,1,8,0,9,6,8,21,9,44,10,0,10,54
09/04/2022,FSM,AR,ASW,ES,Combined TRACON& Tower with Radar,2,5,17,0,24,0,0,15,0,15,2,5,32,0,39,0,0,0,39
09/05/2022,FSM,AR,ASW,ES,Combined TRACON& Tower with Radar,3,7,8,2,20,0,0,11,0,11,3,7,19,2,31,0,0,0,31
09/06/2022,FSM,AR,ASW,ES,Combined TRACON& Tower with Radar,3,9,17,0,29,0,0,3,7,10,3,9,20,7,39,0,0,0,39
09/07/2022,FSM,AR,ASW,ES,Combined TRACON& Tower with Radar,4,2,18,4,28,0,0,18,4,22,4,2,36,8,50,8,0,8,58
09/08/2022,FSM,AR,ASW,ES,Combined TRACON& Tower with Radar,5,3,32,5,45,0,1,24,2,27,5,4,56,7,72,0,0,0,72
09/09/2022,FSM,AR,ASW,ES,Combined TRACON& Tower with Radar,5,9,20,7,41,0,1,29,6,36,5,10,49,13,77,16,0,16,93
09/10/2022,FSM,AR,ASW,ES,Combined TRACON& Tower with Radar,4,7,22,0,33,0,1,24,5,30,4,8,46,5,63,0,0,0,63
09/11/2022,FSM,AR,ASW,ES,Combined TRACON& Tower with Radar,5,5,26,3,39,0,0,14,0,14,5,5,40,3,53,0,0,0,53
09/12/2022,FSM,AR,ASW,ES,Combined TRACON& Tower with Radar,5,5,10,0,20,0,0,13,0,13,5,5,23,0,33,18,0,18,51
09/13/2022,FSM,AR,ASW,ES,Combined TRACON& Tower with Radar,4,10,32,0,46,0,1,26,1,28,4,11,58,1,74,14,0,14,88
09/14/2022,FSM,AR,ASW,ES,Combined TRACON& Tower with Radar,4,9,22,0,35,0,0,17,1,18,4,9,39,1,53,18,0,18,71
09/15/2022,FSM,AR,ASW,ES,Combined TRACON& Tower with Radar,5,9,29,0,43,0,1,14,6,21,5,10,43,6,64,0,0,0,64
09/16/2022,FSM,AR,ASW,ES,Combined TRACON& Tower with Radar,5,6,32,0,43,0,0,28,1,29,5,6,60,1,72,4,0,4,76
09/17/2022,FSM,AR,ASW,ES,Combined TRACON& Tower with Radar,4,6,19,0,29,0,4,17,2,23,4,10,36,2,52,0,0,0,52
09/18/2022,FSM,AR,ASW,ES,Combined TRACON& Tower with Radar,5,9,35,0,49,0,1,28,0,29,5,10,63,0,78,14,0,14,92
09/19/2022,FSM,AR,ASW,ES,Combined TRACON& Tower with Radar,5,6,25,2,38,0,0,31,0,31,5,6,56,2,69,0,0,0,69
09/20/2022,FSM,AR,ASW,ES,Combined TRACON& Tower with Radar,4,9,23,2,38,0,1,23,1,25,4,10,46,3,63,0,0,0,63
09/21/2022,FSM,AR,ASW,ES,Combined TRACON& Tower with Radar,4,14,34,4,56,0,4,21,19,44,4,18,55,23,100,14,0,14,114
09/22/2022,FSM,AR,ASW,ES,Combined TRACON& Tower with Radar,5,7,38,3,53,0,4,32,1,37,5,11,70,4,90,8,4,12,102
09/23/2022,FSM,AR,ASW,ES,Combined TRACON& Tower with Radar,5,7,22,6,40,0,2,33,2,37,5,9,55,8,77,22,0,22,99
09/24/2022,FSM,AR,ASW,ES,Combined TRACON& Tower with Radar,4,6,21,0,31,0,0,24,1,25,4,6,45,1,56,0,0,0,56
09/25/2022,FSM,AR,ASW,ES,Combined TRACON& Tower with Radar,5,6,18,0,29,0,1,27,2,30,5,7,45,2,59,0,0,0,59
09/26/2022,FSM,AR,ASW,ES,Combined TRACON& Tower with Radar,5,6,24,9,44,0,0,39,9,48,5,6,63,18,92,42,2,44,136
09/27/2022,FSM,AR,ASW,ES,Combined TRACON& Tower with Radar,5,6,29,5,45,0,1,32,3,36,5,7,61,8,81,0,0,0,81
09/28/2022,FSM,AR,ASW,ES,Combined TRACON& Tower with Radar,4,14,19,2,39,0,0,19,7,26,4,14,38,9,65,0,0,0,65
09/29/2022,FSM,AR,ASW,ES,Combined TRACON& Tower with Radar,5,3,20,12,40,0,0,28,10,38,5,3,48,22,78,0,6,6,84
09/30/2022,FSM,AR,ASW,ES,Combined TRACON& Tower with Radar,5,6,14,2,27,0,0,21,4,25,5,6,35,6,52,34,6,40,92
10/01/2022,FSM,AR,ASW,ES,Combined TRACON& Tower with Radar,4,6,7,24,41,0,0,18,0,18,4,6,25,24,59,10,0,10,69
10/02/2022,FSM,AR,ASW,ES,Combined TRACON& Tower with Radar,5,6,20,3,34,0,1,23,1,25,5,7,43,4,59,20,0,20,79
10/03/2022,FSM,AR,ASW,ES,Combined TRACON& Tower with Radar,5,17,18,0,40,0,1,14,4,19,5,18,32,4,59,8,0,8,67
10/04/2022,FSM,AR,ASW,ES,Combined TRACON& Tower with Radar,4,3,6,0,13,0,0,20,3,23,4,3,26,3,36,0,0,0,36
10/05/2022,FSM,AR,ASW,ES,Combined TRACON& Tower with Radar,4,8,15,0,27,0,5,24,2,31,4,13,39,2,58,6,0,6,64
10/06/2022,FSM,AR,ASW,ES,Combined TRACON& Tower with Radar,5,9,10,0,24,0,0,15,3,18,5,9,25,3,42,0,0,0,42
10/07/2022,FSM,AR,ASW,ES,Combined TRACON& Tower with Radar,5,5,14,1,25,0,1,34,1,36,5,6,48,2,61,3,2,5,66
10/08/2022,FSM,AR,ASW,ES,Combined TRACON& Tower with Radar,6,5,11,0,22,0,1,26,5,32,6,6,37,5,54,10,0,10,64
10/09/2022,FSM,AR,ASW,ES,Combined TRACON& Tower with Radar,5,8,15,0,28,0,2,26,0,28,5,10,41,0,56,0,0,0,56
10/10/2022,FSM,AR,ASW,ES,Combined TRACON& Tower with Radar,4,2,12,0,18,0,1,27,1,29,4,3,39,1,47,40,0,40,87
10/11/2022,FSM,AR,ASW,ES,Combined TRACON& Tower with Radar,4,3,18,6,31,0,3,23,3,29,4,6,41,9,60,10,0,10,70
10/12/2022,FSM,AR,ASW,ES,Combined TRACON& Tower with Radar,4,4,11,10,29,0,0,12,8,20,4,4,23,18,49,32,8,40,89
10/13/2022,FSM,AR,ASW,ES,Combined TRACON& Tower with Radar,5,12,17,7,41,0,5,25,3,33,5,17,42,10,74,16,0,16,90
10/14/2022,FSM,AR,ASW,ES,Combined TRACON& Tower with Radar,5,5,28,2,40,0,0,23,2,25,5,5,51,4,65,0,0,0,65
10/15/2022,FSM,AR,ASW,ES,Combined TRACON& Tower with Radar,4,2,14,0,20,0,0,20,0,20,4,2,34,0,40,0,0,0,40
10/16/2022,FSM,AR,ASW,ES,Combined TRACON& Tower with Radar,5,3,11,4,23,0,1,8,0,9,5,4,19,4,32,0,0,0,32
10/17/2022,FSM,AR,ASW,ES,Combined TRACON& Tower with Radar,5,5,7,3,20,0,1,16,4,21,5,6,23,7,41,6,14,20,61
10/18/2022,FSM,AR,ASW,ES,Combined TRACON& Tower with Radar,4,9,12,6,31,0,5,15,6,26,4,14,27,12,57,2,22,24,81
10/19/2022,FSM,AR,ASW,ES,Combined TRACON& Tower with Radar,4,7,22,8,41,0,0,26,8,34,4,7,48,16,75,4,18,22,97
10/20/2022,FSM,AR,ASW,ES,Combined TRACON& Tower with Radar,6,8,18,1,33,0,1,30,2,33,6,9,48,3,66,16,0,16,82
10/21/2022,FSM,AR,ASW,ES,Combined TRACON& Tower with Radar,6,3,11,6,26,0,1,20,0,21,6,4,31,6,47,20,0,20,67
10/22/2022,FSM,AR,ASW,ES,Combined TRACON& Tower with Radar,4,4,4,9,21,0,0,8,3,11,4,4,12,12,32,8,0,8,40
10/23/2022,FSM,AR,ASW,ES,Combined TRACON& Tower with Radar,5,5,13,2,25,0,0,9,1,10,5,5,22,3,35,0,0,0,35
10/24/2022,FSM,AR,ASW,ES,Combined TRACON& Tower with Radar,3,11,8,1,23,0,0,0,0,0,3,11,8,1,23,0,0,0,23
10/25/2022,FSM,AR,ASW,ES,Combined TRACON& Tower with Radar,4,6,15,4,29,0,0,2,4,6,4,6,17,8,35,3,6,9,44
10/26/2022,FSM,AR,ASW,ES,Combined TRACON& Tower with Radar,4,9,17,7,37,0,2,22,13,37,4,11,39,20,74,0,0,0,74
10/27/2022,FSM,AR,ASW,ES,Combined TRACON& Tower with Radar,5,5,17,3,30,0,1,23,6,30,5,6,40,9,60,26,0,26,86
10/28/2022,FSM,AR,ASW,ES,Combined TRACON& Tower with Radar,5,2,20,8,35,0,1,16,0,17,5,3,36,8,52,6,0,6,58
10/29/2022,FSM,AR,ASW,ES,Combined TRACON& Tower with Radar,1,5,6,0,12,0,0,0,0,0,1,5,6,0,12,0,0,0,12
10/30/2022,FSM,AR,ASW,ES,Combined TRACON& Tower with Radar,8,10,34,0,52,0,0,0,0,0,8,10,34,0,52,0,0,0,52
10/31/2022,FSM,AR,ASW,ES,Combined TRACON& Tower with Radar,4,8,13,7,32,0,2,25,4,31,4,10,38,11,63,6,0,6,69
11/01/2022,FSM,AR,ASW,ES,Combined TRACON& Tower with Radar,4,6,12,6,28,0,2,22,5,29,4,8,34,11,57,18,12,30,87
11/02/2022,FSM,AR,ASW,ES,Combined TRACON& Tower with Radar,4,6,16,6,32,0,2,20,9,31,4,8,36,15,63,6,6,12,75
11/03/2022,FSM,AR,ASW,ES,Combined TRACON& Tower with Radar,10,7,21,4,42,0,1,29,10,40,10,8,50,14,82,32,0,32,114
11/04/2022,FSM,AR,ASW,ES,Combined TRACON& Tower with Radar,4,5,8,1,18,0,0,0,1,1,4,5,8,2,19,0,0,0,19
11/05/2022,FSM,AR,ASW,ES,Combined TRACON& Tower with Radar,8,3,10,0,21,0,0,13,6,19,8,3,23,6,40,6,0,6,46
11/06/2022,FSM,AR,ASW,ES,Combined TRACON& Tower with Radar,7,1,6,1,15,0,4,15,2,21,7,5,21,3,36,0,0,0,36
11/07/2022,FSM,AR,ASW,ES,Combined TRACON& Tower with Radar,8,4,24,2,38,0,1,6,0,7,8,5,30,2,45,0,0,0,45
11/08/2022,FSM,AR,ASW,ES,Combined TRACON& Tower with Radar,8,4,23,8,43,0,1,8,5,14,8,5,31,13,57,2,0,2,59
11/09/2022,FSM,AR,ASW,ES,Combined TRACON& Tower with Radar,8,3,25,0,36,0,0,17,3,20,8,3,42,3,56,2,0,2,58
11/10/2022,FSM,AR,ASW,ES,Combined TRACON& Tower with Radar,8,5,28,0,41,0,2,23,3,28,8,7,51,3,69,8,0,8,77
11/11/2022,FSM,AR,ASW,ES,Combined TRACON& Tower with Radar,5,3,12,0,20,0,0,3,1,4,5,3,15,1,24,0,0,0,24
11/12/2022,FSM,AR,ASW,ES,Combined TRACON& Tower with Radar,8,2,3,0,13,0,2,20,3,25,8,4,23,3,38,0,0,0,38
11/13/2022,FSM,AR,ASW,ES,Combined TRACON& Tower with Radar,7,8,21,0,36,0,1,18,0,19,7,9,39,0,55,0,0,0,55
11/14/2022,FSM,AR,ASW,ES,Combined TRACON& Tower with Radar,8,4,12,2,26,0,0,4,8,12,8,4,16,10,38,18,4,22,60
11/15/2022,FSM,AR,ASW,ES,Combined TRACON& Tower with Radar,8,4,3,3,18,0,0,1,0,1,8,4,4,3,19,0,0,0,19
11/16/2022,FSM,AR,ASW,ES,Combined TRACON& Tower with Radar,8,3,18,5,34,0,0,16,7,23,8,3,34,12,57,20,0,20,77
11/17/2022,FSM,AR,ASW,ES,Combined TRACON& Tower with Radar,8,7,24,2,41,0,1,10,6,17,8,8,34,8,58,16,0,16,74
11/18/2022,FSM,AR,ASW,ES,Combined TRACON& Tower with Radar,8,5,11,3,27,0,0,18,0,18,8,5,29,3,45,1,0,1,46
11/19/2022,FSM,AR,ASW,ES,Combined TRACON& Tower with Radar,7,1,7,0,15,0,0,22,4,26,7,1,29,4,41,0,0,0,41
11/20/2022,FSM,AR,ASW,ES,Combined TRACON& Tower with Radar,7,0,14,0,21,0,0,11,1,12,7,0,25,1,33,0,0,0,33
11/21/2022,FSM,AR,ASW,ES,Combined TRACON& Tower with Radar,8,0,9,0,17,0,0,30,5,35,8,0,39,5,52,0,0,0,52
11/22/2022,FSM,AR,ASW,ES,Combined TRACON& Tower with Radar,8,2,8,0,18,0,0,21,2,23,8,2,29,2,41,0,0,0,41
11/23/2022,FSM,AR,ASW,ES,Combined TRACON& Tower with Radar,8,0,10,6,24,0,0,8,0,8,8,0,18,6,32,0,0,0,32
11/24/2022,FSM,AR,ASW,ES,Combined TRACON& Tower with Radar,6,0,0,0,6,0,0,0,0,0,6,0,0,0,6,0,0,0,6
11/25/2022,FSM,AR,ASW,ES,Combined TRACON& Tower with Radar,9,1,20,0,30,0,1,6,0,7,9,2,26,0,37,20,0,20,57
11/26/2022,FSM,AR,ASW,ES,Combined TRACON& Tower with Radar,2,2,7,0,11,0,0,0,0,0,2,2,7,0,11,0,0,0,11
11/27/2022,FSM,AR,ASW,ES,Combined TRACON& Tower with Radar,8,1,13,2,24,0,0,6,0,6,8,1,19,2,30,10,0,10,40
11/28/2022,FSM,AR,ASW,ES,Combined TRACON& Tower with Radar,8,1,9,3,21,0,0,10,6,16,8,1,19,9,37,4,0,4,41
11/29/2022,FSM,AR,ASW,ES,Combined TRACON& Tower with Radar,8,0,7,16,31,0,0,2,4,6,8,0,9,20,37,0,0,0,37
11/30/2022,FSM,AR,ASW,ES,Combined TRACON& Tower with Radar,6,7,24,2,39,0,1,30,5,36,6,8,54,7,75,0,0,0,75
12/01/2022,FSM,AR,ASW,ES,Combined TRACON& Tower with Radar,6,1,19,3,29,0,1,17,6,24,6,2,36,9,53,22,0,22,75
12/02/2022,FSM,AR,ASW,ES,Combined TRACON& Tower with Radar,6,2,13,2,23,0,0,6,0,6,6,2,19,2,29,0,0,0,29
12/03/2022,FSM,AR,ASW,ES,Combined TRACON& Tower with Radar,6,2,6,0,14,0,0,36,3,39,6,2,42,3,53,12,0,12,65
12/04/2022,FSM,AR,ASW,ES,Combined TRACON& Tower with Radar,6,7,13,0,26,0,0,0,0,0,6,7,13,0,26,0,0,0,26
12/05/2022,FSM,AR,ASW,ES,Combined TRACON& Tower with Radar,12,7,14,0,33,0,0,3,0,3,12,7,17,0,36,0,0,0,36
12/06/2022,FSM,AR,ASW,ES,Combined TRACON& Tower with Radar,6,5,27,4,42,0,0,4,0,4,6,5,31,4,46,0,0,0,46
12/07/2022,FSM,AR,ASW,ES,Combined TRACON& Tower with Radar,7,1,13,4,25,0,0,1,0,1,7,1,14,4,26,0,0,0,26
12/08/2022,FSM,AR,ASW,ES,Combined TRACON& Tower with Radar,10,6,15,0,31,0,0,0,0,0,10,6,15,0,31,0,0,0,31
12/09/2022,FSM,AR,ASW,ES,Combined TRACON& Tower with Radar,5,8,28,2,43,0,0,36,2,38,5,8,64,4,81,26,0,26,107
12/10/2022,FSM,AR,ASW,ES,Combined TRACON& Tower with Radar,4,4,5,0,13,0,0,1,0,1,4,4,6,0,14,0,0,0,14
12/11/2022,FSM,AR,ASW,ES,Combined TRACON& Tower with Radar,6,4,14,0,24,0,0,1,0,1,6,4,15,0,25,0,0,0,25
12/12/2022,FSM,AR,ASW,ES,Combined TRACON& Tower with Radar,10,7,13,1,31,0,0,0,0,0,10,7,13,1,31,0,0,0,31
12/13/2022,FSM,AR,ASW,ES,Combined TRACON& Tower with Radar,5,1,5,1,12,0,0,0,1,1,5,1,5,2,13,0,0,0,13
12/14/2022,FSM,AR,ASW,ES,Combined TRACON& Tower with Radar,5,6,7,2,20,0,4,10,2,16,5,10,17,4,36,0,0,0,36
12/15/2022,FSM,AR,ASW,ES,Combined TRACON& Tower with Radar,5,1,19,7,32,0,0,29,2,31,5,1,48,9,63,42,0,42,105
12/16/2022,FSM,AR,ASW,ES,Combined TRACON& Tower with Radar,5,2,8,3,18,0,1,24,0,25,5,3,32,3,43,26,0,26,69
12/17/2022,FSM,AR,ASW,ES,Combined TRACON& Tower with Radar,5,0,4,1,10,0,2,25,1,28,5,2,29,2,38,0,0,0,38
12/18/2022,FSM,AR,ASW,ES,Combined TRACON& Tower with Radar,4,2,12,0,18,0,0,21,0,21,4,2,33,0,39,0,0,0,39
12/19/2022,FSM,AR,ASW,ES,Combined TRACON& Tower with Radar,6,3,7,0,16,0,0,15,0,15,6,3,22,0,31,4,0,4,35
12/20/2022,FSM,AR,ASW,ES,Combined TRACON& Tower with Radar,6,3,11,4,24,0,1,24,1,26,6,4,35,5,50,0,0,0,50
12/21/2022,FSM,AR,ASW,ES,Combined TRACON& Tower with Radar,5,5,17,2,29,0,0,21,0,21,5,5,38,2,50,20,0,20,70
12/22/2022,FSM,AR,ASW,ES,Combined TRACON& Tower with Radar,5,2,3,0,10,0,0,0,0,0,5,2,3,0,10,0,0,0,10
12/23/2022,FSM,AR,ASW,ES,Combined TRACON& Tower with Radar,6,4,9,0,19,0,0,1,0,1,6,4,10,0,20,0,0,0,20
12/24/2022,FSM,AR,ASW,ES,Combined TRACON& Tower with Radar,5,2,4,0,11,0,0,9,0,9,5,2,13,0,20,0,0,0,20
12/25/2022,FSM,AR,ASW,ES,Combined TRACON& Tower with Radar,2,1,2,0,5,0,0,15,0,15,2,1,17,0,20,0,0,0,20
12/26/2022,FSM,AR,ASW,ES,Combined TRACON& Tower with Radar,5,4,18,0,27,0,0,15,0,15,5,4,33,0,42,20,0,20,62
12/27/2022,FSM,AR,ASW,ES,Combined TRACON& Tower with Radar,5,2,20,0,27,0,0,43,0,43,5,2,63,0,70,32,0,32,102
12/28/2022,FSM,AR,ASW,ES,Combined TRACON& Tower with Radar,5,2,10,0,17,0,2,6,0,8,5,4,16,0,25,0,0,0,25
12/29/2022,FSM,AR,ASW,ES,Combined TRACON& Tower with Radar,5,2,11,0,18,0,0,5,0,5,5,2,16,0,23,0,0,0,23
12/30/2022,FSM,AR,ASW,ES,Combined TRACON& Tower with Radar,5,4,10,0,19,0,0,21,0,21,5,4,31,0,40,14,0,14,54
12/31/2022,FSM,AR,ASW,ES,Combined TRACON& Tower with Radar,4,4,8,0,16,0,2,15,0,17,4,6,23,0,33,26,0,26,59
01/01/2023,FSM,AR,ASW,ES,Combined TRACON& Tower with Radar,3,0,13,0,16,0,1,10,0,11,3,1,23,0,27,0,0,0,27
01/02/2023,FSM,AR,ASW,ES,Combined TRACON& Tower with Radar,5,2,1,0,8,0,0,1,0,1,5,2,2,0,9,0,0,0,9
01/03/2023,FSM,AR,ASW,ES,Combined TRACON& Tower with Radar,5,4,12,0,21,0,0,19,0,19,5,4,31,0,40,0,0,0,40
01/04/2023,FSM,AR,ASW,ES,Combined TRACON& Tower with Radar,5,1,15,6,27,0,5,17,12,34,5,6,32,18,61,0,0,0,61
01/05/2023,FSM,AR,ASW,ES,Combined TRACON& Tower with Radar,6,7,9,3,25,0,2,16,4,22,6,9,25,7,47,0,0,0,47
01/06/2023,FSM,AR,ASW,ES,Combined TRACON& Tower with Radar,5,3,14,0,22,0,1,19,2,22,5,4,33,2,44,40,0,40,84
01/07/2023,FSM,AR,ASW,ES,Combined TRACON& Tower with Radar,5,2,13,0,20,0,1,9,0,10,5,3,22,0,30,0,0,0,30
01/08/2023,FSM,AR,ASW,ES,Combined TRACON& Tower with Radar,5,0,9,0,14,0,2,44,0,46,5,2,53,0,60,2,0,2,62
01/09/2023,FSM,AR,ASW,ES,Combined TRACON& Tower with Radar,5,2,10,14,31,0,1,31,4,36,5,3,41,18,67,0,0,0,67
01/10/2023,FSM,AR,ASW,ES,Combined TRACON& Tower with Radar,6,1,24,3,34,0,0,35,3,38,6,1,59,6,72,12,0,12,84
01/11/2023,FSM,AR,ASW,ES,Combined TRACON& Tower with Radar,6,2,19,1,28,0,1,17,3,21,6,3,36,4,49,0,6,6,55
01/12/2023,FSM,AR,ASW,ES,Combined TRACON& Tower with Radar,7,2,8,4,21,0,0,3,1,4,7,2,11,5,25,12,0,12,37
01/13/2023,FSM,AR,ASW,ES,Combined TRACON& Tower with Radar,5,2,9,0,16,0,0,16,0,16,5,2,25,0,32,14,0,14,46
01/14/2023,FSM,AR,ASW,ES,Combined TRACON& Tower with Radar,4,1,14,0,19,0,0,31,0,31,4,1,45,0,50,24,0,24,74
01/15/2023,FSM,AR,ASW,ES,Combined TRACON& Tower with Radar,3,3,9,0,15,0,0,8,0,8,3,3,17,0,23,0,0,0,23
01/16/2023,FSM,AR,ASW,ES,Combined TRACON& Tower with Radar,8,3,18,1,30,0,0,12,0,12,8,3,30,1,42,10,0,10,52
01/17/2023,FSM,AR,ASW,ES,Combined TRACON& Tower with Radar,6,5,15,1,27,0,0,21,1,22,6,5,36,2,49,16,0,16,65
01/18/2023,FSM,AR,ASW,ES,Combined TRACON& Tower with Radar,6,3,14,0,23,0,0,2,1,3,6,3,16,1,26,0,0,0,26
01/19/2023,FSM,AR,ASW,ES,Combined TRACON& Tower with Radar,5,5,22,6,38,0,0,8,2,10,5,5,30,8,48,0,0,0,48
01/20/2023,FSM,AR,ASW,ES,Combined TRACON& Tower with Radar,5,5,17,15,42,0,2,23,0,25,5,7,40,15,67,0,0,0,67
01/21/2023,FSM,AR,ASW,ES,Combined TRACON& Tower with Radar,6,2,19,0,27,0,1,21,0,22,6,3,40,0,49,26,0,26,75
01/22/2023,FSM,AR,ASW,ES,Combined TRACON& Tower with Radar,5,0,1,0,6,0,0,2,0,2,5,0,3,0,8,0,0,0,8
01/23/2023,FSM,AR,ASW,ES,Combined TRACON& Tower with Radar,6,3,4,3,16,0,2,19,14,35,6,5,23,17,51,4,14,18,69
01/24/2023,FSM,AR,ASW,ES,Combined TRACON& Tower with Radar,3,0,5,11,19,0,0,3,1,4,3,0,8,12,23,0,0,0,23
01/25/2023,FSM,AR,ASW,ES,Combined TRACON& Tower with Radar,7,0,2,5,14,0,0,1,0,1,7,0,3,5,15,0,0,0,15
01/26/2023,FSM,AR,ASW,ES,Combined TRACON& Tower with Radar,5,2,11,4,22,0,0,20,5,25,5,2,31,9,47,0,0,0,47
01/27/2023,FSM,AR,ASW,ES,Combined TRACON& Tower with Radar,5,0,15,1,21,0,0,27,3,30,5,0,42,4,51,14,0,14,65
01/28/2023,FSM,AR,ASW,ES,Combined TRACON& Tower with Radar,6,0,1,1,8,0,0,3,0,3,6,0,4,1,11,0,0,0,11
01/29/2023,FSM,AR,ASW,ES,Combined TRACON& Tower with Radar,7,2,6,4,19,0,0,0,0,0,7,2,6,4,19,0,0,0,19
01/30/2023,FSM,AR,ASW,ES,Combined TRACON& Tower with Radar,4,3,6,0,13,0,0,0,0,0,4,3,6,0,13,0,0,0,13
01/31/2023,FSM,AR,ASW,ES,Combined TRACON& Tower with Radar,1,1,1,0,3,0,0,1,0,1,1,1,2,0,4,0,0,0,4
02/01/2023,FSM,AR,ASW,ES,Combined TRACON& Tower with Radar,0,2,2,0,4,0,0,0,0,0,0,2,2,0,4,0,0,0,4
02/02/2023,FSM,AR,ASW,ES,Combined TRACON& Tower with Radar,2,4,8,0,14,0,0,0,0,0,2,4,8,0,14,0,0,0,14
02/03/2023,FSM,AR,ASW,ES,Combined TRACON& Tower with Radar,6,5,16,0,27,0,0,24,3,27,6,5,40,3,54,18,0,18,72
02/04/2023,FSM,AR,ASW,ES,Combined TRACON& Tower with Radar,5,1,9,13,28,0,0,25,1,26,5,1,34,14,54,20,0,20,74
02/05/2023,FSM,AR,ASW,ES,Combined TRACON& Tower with Radar,5,2,14,0,21,0,2,24,0,26,5,4,38,0,47,8,0,8,55
02/06/2023,FSM,AR,ASW,ES,Combined TRACON& Tower with Radar,5,0,13,0,18,0,1,6,1,8,5,1,19,1,26,10,0,10,36
02/07/2023,FSM,AR,ASW,ES,Combined TRACON& Tower with Radar,4,2,18,1,25,0,0,0,0,0,4,2,18,1,25,0,0,0,25
02/08/2023,FSM,AR,ASW,ES,Combined TRACON& Tower with Radar,9,2,4,0,15,0,0,0,0,0,9,2,4,0,15,0,0,0,15
02/09/2023,FSM,AR,ASW,ES,Combined TRACON& Tower with Radar,6,0,27,0,33,0,1,27,6,34,6,1,54,6,67,4,0,4,71
02/10/2023,FSM,AR,ASW,ES,Combined TRACON& Tower with Radar,5,5,12,4,26,0,0,3,0,3,5,5,15,4,29,0,0,0,29
02/11/2023,FSM,AR,ASW,ES,Combined TRACON& Tower with Radar,5,5,18,5,33,0,2,47,1,50,5,7,65,6,83,64,0,64,147
02/12/2023,FSM,AR,ASW,ES,Combined TRACON& Tower with Radar,5,0,8,0,13,0,1,29,1,31,5,1,37,1,44,0,0,0,44
02/13/2023,FSM,AR,ASW,ES,Combined TRACON& Tower with Radar,5,2,12,2,21,0,2,27,3,32,5,4,39,5,53,18,0,18,71
02/14/2023,FSM,AR,ASW,ES,Combined TRACON& Tower with Radar,4,2,12,0,18,0,0,5,0,5,4,2,17,0,23,0,0,0,23
02/15/2023,FSM,AR,ASW,ES,Combined TRACON& Tower with Radar,4,3,19,7,33,0,0,9,7,16,4,3,28,14,49,0,0,0,49
02/16/2023,FSM,AR,ASW,ES,Combined TRACON& Tower with Radar,5,4,12,5,26,0,0,4,5,9,5,4,16,10,35,0,0,0,35
02/17/2023,FSM,AR,ASW,ES,Combined TRACON& Tower with Radar,5,6,18,1,30,0,0,23,1,24,5,6,41,2,54,8,0,8,62
02/18/2023,FSM,AR,ASW,ES,Combined TRACON& Tower with Radar,4,4,5,2,15,0,2,16,2,20,4,6,21,4,35,0,0,0,35
02/19/2023,FSM,AR,ASW,ES,Combined TRACON& Tower with Radar,5,2,9,0,16,0,1,22,0,23,5,3,31,0,39,0,0,0,39
02/20/2023,FSM,AR,ASW,ES,Combined TRACON& Tower with Radar,5,6,17,0,28,0,0,7,2,9,5,6,24,2,37,8,0,8,45
02/21/2023,FSM,AR,ASW,ES,Combined TRACON& Tower with Radar,7,5,18,1,31,0,0,20,1,21,7,5,38,2,52,14,0,14,66
02/22/2023,FSM,AR,ASW,ES,Combined TRACON& Tower with Radar,7,2,8,6,23,0,0,4,15,19,7,2,12,21,42,36,14,50,92
02/23/2023,FSM,AR,ASW,ES,Combined TRACON& Tower with Radar,5,4,16,4,29,0,0,16,6,22,5,4,32,10,51,0,0,0,51
02/24/2023,FSM,AR,ASW,ES,Combined TRACON& Tower with Radar,5,7,15,2,29,0,0,6,3,9,5,7,21,5,38,0,22,22,60
02/25/2023,FSM,AR,ASW,ES,Combined TRACON& Tower with Radar,5,0,20,4,29,0,0,2,0,2,5,0,22,4,31,28,0,28,59
02/26/2023,FSM,AR,ASW,ES,Combined TRACON& Tower with Radar,5,3,3,0,11,0,0,0,0,0,5,3,3,0,11,0,0,0,11
02/27/2023,FSM,AR,ASW,ES,Combined TRACON& Tower with Radar,5,4,8,2,19,0,0,11,2,13,5,4,19,4,32,0,0,0,32
02/28/2023,FSM,AR,ASW,ES,Combined TRACON& Tower with Radar,5,1,10,7,23,0,1,27,3,31,5,2,37,10,54,46,32,78,132
03/01/2023,FSM,AR,ASW,ES,Combined TRACON& Tower with Radar,4,5,4,0,13,0,0,15,5,20,4,5,19,5,33,24,0,24,57
03/02/2023,FSM,AR,ASW,ES,Combined TRACON& Tower with Radar,3,0,5,2,10,0,1,0,4,5,3,1,5,6,15,0,0,0,15
03/03/2023,FSM,AR,ASW,ES,Combined TRACON& Tower with Radar,5,0,12,2,19,0,0,3,0,3,5,0,15,2,22,0,0,0,22
03/04/2023,FSM,AR,ASW,ES,Combined TRACON& Tower with Radar,5,2,26,2,35,0,3,27,5,35,5,5,53,7,70,32,0,32,102
03/05/2023,FSM,AR,ASW,ES,Combined TRACON& Tower with Radar,5,1,10,3,19,0,0,16,0,16,5,1,26,3,35,0,0,0,35
03/06/2023,FSM,AR,ASW,ES,Combined TRACON& Tower with Radar,5,3,4,4,16,0,1,17,1,19,5,4,21,5,35,0,0,0,35
03/07/2023,FSM,AR,ASW,ES,Combined TRACON& Tower with Radar,4,1,4,3,12,0,1,13,0,14,4,2,17,3,26,0,0,0,26
03/08/2023,FSM,AR,ASW,ES,Combined TRACON& Tower with Radar,4,6,11,4,25,0,0,5,1,6,4,6,16,5,31,0,0,0,31
03/09/2023,FSM,AR,ASW,ES,Combined TRACON& Tower with Radar,5,4,13,2,24,0,0,1,0,1,5,4,14,2,25,0,0,0,25
03/10/2023,FSM,AR,ASW,ES,Combined TRACON& Tower with Radar,5,7,19,3,34,0,0,34,5,39,5,7,53,8,73,12,0,12,85
03/11/2023,FSM,AR,ASW,ES,Combined TRACON& Tower with Radar,5,2,3,2,12,0,0,0,0,0,5,2,3,2,12,0,0,0,12
03/12/2023,FSM,AR,ASW,ES,Combined TRACON& Tower with Radar,5,2,4,0,11,0,0,8,0,8,5,2,12,0,19,22,0,22,41
03/13/2023,FSM,AR,ASW,ES,Combined TRACON& Tower with Radar,5,1,11,1,18,0,2,15,11,28,5,3,26,12,46,4,20,24,70
03/14/2023,FSM,AR,ASW,ES,Combined TRACON& Tower with Radar,4,0,20,2,26,0,0,21,1,22,4,0,41,3,48,10,0,10,58
03/15/2023,FSM,AR,ASW,ES,Combined TRACON& Tower with Radar,4,7,14,3,28,0,0,19,11,30,4,7,33,14,58,2,10,12,70
03/16/2023,FSM,AR,ASW,ES,Combined TRACON& Tower with Radar,3,0,11,0,14,0,1,0,2,3,3,1,11,2,17,0,0,0,17
03/17/2023,FSM,AR,ASW,ES,Combined TRACON& Tower with Radar,5,1,14,2,22,0,0,11,2,13,5,1,25,4,35,0,0,0,35
03/18/2023,FSM,AR,ASW,ES,Combined TRACON& Tower with Radar,5,4,11,1,21,0,1,14,3,18,5,5,25,4,39,0,0,0,39
03/19/2023,FSM,AR,ASW,ES,Combined TRACON& Tower with Radar,5,0,12,5,22,0,0,15,0,15,5,0,27,5,37,26,0,26,63
03/20/2023,FSM,AR,ASW,ES,Combined TRACON& Tower with Radar,5,1,7,2,15,0,2,10,1,13,5,3,17,3,28,0,0,0,28
03/21/2023,FSM,AR,ASW,ES,Combined TRACON& Tower with Radar,5,8,2,0,15,0,0,0,0,0,5,8,2,0,15,0,0,0,15
03/22/2023,FSM,AR,ASW,ES,Combined TRACON& Tower with Radar,3,0,16,3,22,0,1,6,1,8,3,1,22,4,30,0,0,0,30
03/23/2023,FSM,AR,ASW,ES,Combined TRACON& Tower with Radar,5,0,7,0,12,0,1,3,1,5,5,1,10,1,17,0,0,0,17
03/24/2023,FSM,AR,ASW,ES,Combined TRACON& Tower with Radar,5,2,5,0,12,0,0,0,0,0,5,2,5,0,12,0,0,0,12
03/25/2023,FSM,AR,ASW,ES,Combined TRACON& Tower with Radar,5,2,16,1,24,0,0,20,2,22,5,2,36,3,46,16,0,16,62
03/26/2023,FSM,AR,ASW,ES,Combined TRACON& Tower with Radar,5,2,18,0,25,0,2,35,0,37,5,4,53,0,62,0,0,0,62
03/27/2023,FSM,AR,ASW,ES,Combined TRACON& Tower with Radar,5,4,13,0,22,0,0,17,7,24,5,4,30,7,46,2,20,22,68
03/28/2023,FSM,AR,ASW,ES,Combined TRACON& Tower with Radar,4,2,7,0,13,0,1,9,2,12,4,3,16,2,25,0,0,0,25
03/29/2023,FSM,AR,ASW,ES,Combined TRACON& Tower with Radar,4,0,14,7,25,0,0,35,1,36,4,0,49,8,61,16,4,20,81
03/30/2023,FSM,AR,ASW,ES,Combined TRACON& Tower with Radar,5,2,12,6,25,0,0,6,1,7,5,2,18,7,32,10,0,10,42
03/31/2023,FSM,AR,ASW,ES,Combined TRACON& Tower with Radar,5,2,13,0,20,0,0,1,0,1,5,2,14,0,21,0,0,0,21
04/01/2023,FSM,AR,ASW,ES,Combined TRACON& Tower with Radar,5,5,9,0,19,0,1,18,0,19,5,6,27,0,38,0,0,0,38
04/02/2023,FSM,AR,ASW,ES,Combined TRACON& Tower with Radar,3,1,6,0,10,0,0,16,3,19,3,1,22,3,29,0,0,0,29
04/03/2023,FSM,AR,ASW,ES,Combined TRACON& Tower with Radar,5,0,8,1,14,0,2,14,9,25,5,2,22,10,39,0,0,0,39
04/04/2023,FSM,AR,ASW,ES,Combined TRACON& Tower with Radar,6,0,5,1,12,0,0,0,1,1,6,0,5,2,13,0,0,0,13
04/05/2023,FSM,AR,ASW,ES,Combined TRACON& Tower with Radar,5,2,10,1,18,0,2,13,5,20,5,4,23,6,38,11,5,16,54
04/06/2023,FSM,AR,ASW,ES,Combined TRACON& Tower with Radar,5,1,15,9,30,0,0,20,10,30,5,1,35,19,60,12,0,12,72
04/07/2023,FSM,AR,ASW,ES,Combined TRACON& Tower with Radar,5,0,9,2,16,0,1,14,1,16,5,1,23,3,32,40,0,40,72
04/08/2023,FSM,AR,ASW,ES,Combined TRACON& Tower with Radar,5,1,12,2,20,0,2,49,0,51,5,3,61,2,71,62,0,62,133
04/09/2023,FSM,AR,ASW,ES,Combined TRACON& Tower with Radar,4,1,7,0,12,0,0,24,3,27,4,1,31,3,39,6,0,6,45
04/10/2023,FSM,AR,ASW,ES,Combined TRACON& Tower with Radar,5,2,15,4,26,0,8,4,5,17,5,10,19,9,43,2,0,2,45
04/11/2023,FSM,AR,ASW,ES,Combined TRACON& Tower with Radar,6,2,27,0,35,0,0,24,0,24,6,2,51,0,59,4,0,4,63
04/12/2023,FSM,AR,ASW,ES,Combined TRACON& Tower with Radar,5,1,16,2,24,0,0,30,6,36,5,1,46,8,60,0,0,0,60
04/13/2023,FSM,AR,ASW,ES,Combined TRACON& Tower with Radar,5,0,20,2,27,0,2,27,4,33,5,2,47,6,60,4,0,4,64
04/14/2023,FSM,AR,ASW,ES,Combined TRACON& Tower with Radar,5,3,12,4,24,0,0,23,4,27,5,3,35,8,51,24,0,24,75
04/15/2023,FSM,AR,ASW,ES,Combined TRACON& Tower with Radar,5,1,13,2,21,0,0,5,0,5,5,1,18,2,26,0,0,0,26
04/16/2023,FSM,AR,ASW,ES,Combined TRACON& Tower with Radar,5,0,6,2,13,0,1,10,0,11,5,1,16,2,24,0,0,0,24
04/17/2023,FSM,AR,ASW,ES,Combined TRACON& Tower with Radar,5,5,14,0,24,2,0,16,0,18,7,5,30,0,42,36,10,46,88
04/18/2023,FSM,AR,ASW,ES,Combined TRACON& Tower with Radar,6,6,12,4,28,0,0,12,4,16,6,6,24,8,44,0,0,0,44
04/19/2023,FSM,AR,ASW,ES,Combined TRACON& Tower with Radar,7,3,13,4,27,0,0,6,2,8,7,3,19,6,35,6,0,6,41
04/20/2023,FSM,AR,ASW,ES,Combined TRACON& Tower with Radar,5,5,19,0,29,0,0,2,0,2,5,5,21,0,31,0,0,0,31
04/21/2023,FSM,AR,ASW,ES,Combined TRACON& Tower with Radar,5,3,21,12,41,0,0,22,3,25,5,3,43,15,66,0,0,0,66
04/22/2023,FSM,AR,ASW,ES,Combined TRACON& Tower with Radar,5,7,5,0,17,0,2,20,0,22,5,9,25,0,39,0,0,0,39
04/23/2023,FSM,AR,ASW,ES,Combined TRACON& Tower with Radar,5,0,11,0,16,0,0,38,4,42,5,0,49,4,58,0,0,0,58
04/24/2023,FSM,AR,ASW,ES,Combined TRACON& Tower with Radar,5,1,16,7,29,0,1,24,9,34,5,2,40,16,63,8,4,12,75
04/25/2023,FSM,AR,ASW,ES,Combined TRACON& Tower with Radar,6,3,13,0,22,0,0,1,1,2,6,3,14,1,24,0,0,0,24
04/26/2023,FSM,AR,ASW,ES,Combined TRACON& Tower with Radar,4,2,20,2,28,0,0,0,1,1,4,2,20,3,29,0,0,0,29
04/27/2023,FSM,AR,ASW,ES,Combined TRACON& Tower with Radar,7,3,5,0,15,0,0,0,0,0,7,3,5,0,15,0,0,0,15
04/28/2023,FSM,AR,ASW,ES,Combined TRACON& Tower with Radar,5,0,10,0,15,0,0,6,4,10,5,0,16,4,25,0,0,0,25
04/29/2023,FSM,AR,ASW,ES,Combined TRACON& Tower with Radar,5,4,11,0,20,0,0,12,0,12,5,4,23,0,32,0,0,0,32
04/30/2023,FSM,AR,ASW,ES,Combined TRACON& Tower with Radar,5,0,9,2,16,0,1,17,0,18,5,1,26,2,34,0,0,0,34
05/01/2023,FSM,AR,ASW,ES,Combined TRACON& Tower with Radar,5,0,22,6,33,0,0,27,3,30,5,0,49,9,63,4,0,4,67
05/02/2023,FSM,AR,ASW,ES,Combined TRACON& Tower with Radar,6,0,18,0,24,0,0,26,3,29,6,0,44,3,53,0,0,0,53
05/03/2023,FSM,AR,ASW,ES,Combined TRACON& Tower with Radar,5,2,10,6,23,0,2,35,4,41,5,4,45,10,64,8,2,10,74
05/04/2023,FSM,AR,ASW,ES,Combined TRACON& Tower with Radar,5,3,24,2,34,0,0,15,1,16,5,3,39,3,50,10,0,10,60
05/05/2023,FSM,AR,ASW,ES,Combined TRACON& Tower with Radar,5,1,15,0,21,0,0,4,0,4,5,1,19,0,25,0,0,0,25
05/06/2023,FSM,AR,ASW,ES,Combined TRACON& Tower with Radar,5,6,9,0,20,0,0,8,0,8,5,6,17,0,28,26,0,26,54
05/07/2023,FSM,AR,ASW,ES,Combined TRACON& Tower with Radar,5,3,5,2,15,0,0,14,0,14,5,3,19,2,29,0,0,0,29
05/08/2023,FSM,AR,ASW,ES,Combined TRACON& Tower with Radar,5,3,17,6,31,0,1,19,4,24,5,4,36,10,55,0,0,0,55
05/09/2023,FSM,AR,ASW,ES,Combined TRACON& Tower with Radar,5,2,11,3,21,0,0,31,6,37,5,2,42,9,58,0,0,0,58
05/10/2023,FSM,AR,ASW,ES,Combined TRACON& Tower with Radar,5,1,26,7,39,0,0,12,6,18,5,1,38,13,57,0,0,0,57
05/11/2023,FSM,AR,ASW,ES,Combined TRACON& Tower with Radar,5,5,7,3,20,0,0,5,4,9,5,5,12,7,29,14,10,24,53
05/12/2023,FSM,AR,ASW,ES,Combined TRACON& Tower with Radar,5,3,8,0,16,0,0,11,3,14,5,3,19,3,30,0,0,0,30
05/13/2023,FSM,AR,ASW,ES,Combined TRACON& Tower with Radar,5,8,8,0,21,0,1,7,1,9,5,9,15,1,30,6,0,6,36
05/14/2023,FSM,AR,ASW,ES,Combined TRACON& Tower with Radar,5,2,13,0,20,0,0,2,2,4,5,2,15,2,24,0,0,0,24
05/15/2023,FSM,AR,ASW,ES,Combined TRACON& Tower with Radar,5,2,16,6,29,0,2,8,2,12,5,4,24,8,41,0,0,0,41
05/16/2023,FSM,AR,ASW,ES,Combined TRACON& Tower with Radar,5,10,21,0,36,0,0,3,2,5,5,10,24,2,41,0,0,0,41
05/17/2023,FSM,AR,ASW,ES,Combined TRACON& Tower with Radar,5,5,21,2,33,0,3,9,11,23,5,8,30,13,56,10,0,10,66
05/18/2023,FSM,AR,ASW,ES,Combined TRACON& Tower with Radar,5,3,19,5,32,0,1,35,4,40,5,4,54,9,72,14,0,14,86
05/19/2023,FSM,AR,ASW,ES,Combined TRACON& Tower with Radar,3,2,5,1,11,0,0,0,0,0,3,2,5,1,11,0,0,0,11
05/20/2023,FSM,AR,ASW,ES,Combined TRACON& Tower with Radar,5,2,8,6,21,0,1,21,1,23,5,3,29,7,44,0,0,0,44
05/21/2023,FSM,AR,ASW,ES,Combined TRACON& Tower with Radar,5,8,10,0,23,0,0,23,2,25,5,8,33,2,48,6,0,6,54
05/22/2023,FSM,AR,ASW,ES,Combined TRACON& Tower with Radar,5,4,17,4,30,0,2,25,4,31,5,6,42,8,61,12,8,20,81
05/23/2023,FSM,AR,ASW,ES,Combined TRACON& Tower with Radar,5,1,14,9,29,0,1,23,3,27,5,2,37,12,56,20,0,20,76
05/24/2023,FSM,AR,ASW,ES,Combined TRACON& Tower with Radar,5,3,23,0,31,0,0,17,6,23,5,3,40,6,54,18,0,18,72
05/25/2023,FSM,AR,ASW,ES,Combined TRACON& Tower with Radar,5,2,18,0,25,0,2,34,2,38,5,4,52,2,63,42,0,42,105
05/26/2023,FSM,AR,ASW,ES,Combined TRACON& Tower with Radar,5,1,7,2,15,0,0,12,2,14,5,1,19,4,29,0,0,0,29
05/27/2023,FSM,AR,ASW,ES,Combined TRACON& Tower with Radar,6,5,4,0,15,0,1,15,0,16,6,6,19,0,31,0,0,0,31
05/28/2023,FSM,AR,ASW,ES,Combined TRACON& Tower with Radar,6,5,3,0,14,0,0,16,0,16,6,5,19,0,30,0,0,0,30
05/29/2023,FSM,AR,ASW,ES,Combined TRACON& Tower with Radar,5,2,11,0,18,0,0,31,1,32,5,2,42,1,50,0,0,0,50
05/30/2023,FSM,AR,ASW,ES,Combined TRACON& Tower with Radar,5,2,6,2,15,0,0,15,3,18,5,2,21,5,33,14,0,14,47
05/31/2023,FSM,AR,ASW,ES,Combined TRACON& Tower with Radar,5,5,9,0,19,0,2,25,0,27,5,7,34,0,46,14,0,14,60
06/01/2023,FSM,AR,ASW,ES,Combined TRACON& Tower with Radar,5,3,18,1,27,0,2,31,0,33,5,5,49,1,60,4,0,4,64
06/02/2023,FSM,AR,ASW,ES,Combined TRACON& Tower with Radar,5,1,14,21,41,0,0,23,1,24,5,1,37,22,65,10,0,10,75
06/03/2023,FSM,AR,ASW,ES,Combined TRACON& Tower with Radar,5,4,11,0,20,0,0,4,0,4,5,4,15,0,24,0,0,0,24
06/04/2023,FSM,AR,ASW,ES,Combined TRACON& Tower with Radar,5,0,18,2,25,0,0,8,3,11,5,0,26,5,36,0,0,0,36
06/05/2023,FSM,AR,ASW,ES,Combined TRACON& Tower with Radar,5,0,11,1,17,0,1,4,1,6,5,1,15,2,23,0,0,0,23
06/06/2023,FSM,AR,ASW,ES,Combined TRACON& Tower with Radar,3,1,15,0,19,0,3,19,2,24,3,4,34,2,43,8,0,8,51
06/07/2023,FSM,AR,ASW,ES,Combined TRACON& Tower with Radar,5,0,5,2,12,0,1,22,3,26,5,1,27,5,38,18,24,42,80
06/08/2023,FSM,AR,ASW,ES,Combined TRACON& Tower with Radar,5,0,11,0,16,0,0,19,6,25,5,0,30,6,41,0,0,0,41
06/09/2023,FSM,AR,ASW,ES,Combined TRACON& Tower with Radar,5,9,9,2,25,0,0,7,2,9,5,9,16,4,34,12,0,12,46
06/10/2023,FSM,AR,ASW,ES,Combined TRACON& Tower with Radar,5,0,8,4,17,0,0,0,2,2,5,0,8,6,19,0,0,0,19
06/11/2023,FSM,AR,ASW,ES,Combined TRACON& Tower with Radar,7,0,10,0,17,0,0,9,3,12,7,0,19,3,29,0,0,0,29
06/12/2023,FSM,AR,ASW,ES,Combined TRACON& Tower with Radar,5,3,13,0,21,0,0,9,6,15,5,3,22,6,36,0,0,0,36
06/13/2023,FSM,AR,ASW,ES,Combined TRACON& Tower with Radar,5,5,18,2,30,0,1,21,8,30,5,6,39,10,60,3,1,4,64
06/14/2023,FSM,AR,ASW,ES,Combined TRACON& Tower with Radar,5,2,5,9,21,0,0,7,5,12,5,2,12,14,33,0,0,0,33
06/15/2023,FSM,AR,ASW,ES,Combined TRACON& Tower with Radar,5,2,20,6,33,0,0,28,5,33,5,2,48,11,66,34,13,47,113
06/16/2023,FSM,AR,ASW,ES,Combined TRACON& Tower with Radar,8,3,14,0,25,0,1,9,3,13,8,4,23,3,38,0,0,0,38
06/17/2023,FSM,AR,ASW,ES,Combined TRACON& Tower with Radar,5,2,9,0,16,0,0,9,0,9,5,2,18,0,25,14,0,14,39
06/18/2023,FSM,AR,ASW,ES,Combined TRACON& Tower with Radar,5,0,12,0,17,0,0,6,0,6,5,0,18,0,23,0,0,0,23
06/19/2023,FSM,AR,ASW,ES,Combined TRACON& Tower with Radar,5,2,7,0,14,0,0,13,5,18,5,2,20,5,32,38,0,38,70
06/20/2023,FSM,AR,ASW,ES,Combined TRACON& Tower with Radar,5,1,27,0,33,0,2,55,4,61,5,3,82,4,94,14,0,14,108
06/21/2023,FSM,AR,ASW,ES,Combined TRACON& Tower with Radar,5,2,13,0,20,0,3,25,1,29,5,5,38,1,49,12,0,12,61
06/22/2023,FSM,AR,ASW,ES,Combined TRACON& Tower with Radar,5,3,18,1,27,0,0,30,3,33,5,3,48,4,60,0,0,0,60
06/23/2023,FSM,AR,ASW,ES,Combined TRACON& Tower with Radar,5,2,22,0,29,0,0,52,0,52,5,2,74,0,81,2,0,2,83
06/24/2023,FSM,AR,ASW,ES,Combined TRACON& Tower with Radar,5,4,9,0,18,0,0,15,2,17,5,4,24,2,35,0,0,0,35
06/25/2023,FSM,AR,ASW,ES,Combined TRACON& Tower with Radar,5,5,15,0,25,0,0,9,1,10,5,5,24,1,35,8,0,8,43
06/26/2023,FSM,AR,ASW,ES,Combined TRACON& Tower with Radar,5,3,12,2,22,0,2,16,2,20,5,5,28,4,42,0,0,0,42
06/27/2023,FSM,AR,ASW,ES,Combined TRACON& Tower with Radar,5,1,17,0,23,0,2,16,0,18,5,3,33,0,41,20,0,20,61
06/28/2023,FSM,AR,ASW,ES,Combined TRACON& Tower with Radar,6,1,14,0,21,0,4,10,1,15,6,5,24,1,36,8,0,8,44
06/29/2023,FSM,AR,ASW,ES,Combined TRACON& Tower with Radar,8,4,19,1,32,0,0,18,0,18,8,4,37,1,50,24,0,24,74
06/30/2023,FSM,AR,ASW,ES,Combined TRACON& Tower with Radar,5,1,12,0,18,0,0,14,0,14,5,1,26,0,32,0,0,0,32
07/01/2023,FSM,AR,ASW,ES,Combined TRACON& Tower with Radar,5,4,16,0,25,0,0,16,0,16,5,4,32,0,41,22,0,22,63
07/02/2023,FSM,AR,ASW,ES,Combined TRACON& Tower with Radar,5,2,5,0,12,0,3,9,0,12,5,5,14,0,24,0,0,0,24
07/03/2023,FSM,AR,ASW,ES,Combined TRACON& Tower with Radar,4,1,10,0,15,0,0,11,0,11,4,1,21,0,26,0,0,0,26
07/04/2023,FSM,AR,ASW,ES,Combined TRACON& Tower with Radar,5,1,3,0,9,0,0,10,0,10,5,1,13,0,19,0,0,0,19
07/05/2023,FSM,AR,ASW,ES,Combined TRACON& Tower with Radar,5,2,5,2,14,0,0,19,0,19,5,2,24,2,33,4,0,4,37
07/06/2023,FSM,AR,ASW,ES,Combined TRACON& Tower with Radar,7,0,4,1,12,0,0,7,0,7,7,0,11,1,19,0,0,0,19
07/07/2023,FSM,AR,ASW,ES,Combined TRACON& Tower with Radar,7,2,13,8,30,0,0,15,0,15,7,2,28,8,45,0,0,0,45
07/08/2023,FSM,AR,ASW,ES,Combined TRACON& Tower with Radar,7,6,6,0,19,0,0,7,0,7,7,6,13,0,26,0,0,0,26
07/09/2023,FSM,AR,ASW,ES,Combined TRACON& Tower with Radar,7,0,5,2,14,0,0,6,0,6,7,0,11,2,20,0,0,0,20
07/10/2023,FSM,AR,ASW,ES,Combined TRACON& Tower with Radar,7,0,12,1,20,0,0,16,4,20,7,0,28,5,40,56,6,62,102
07/11/2023,FSM,AR,ASW,ES,Combined TRACON& Tower with Radar,5,2,16,0,23,0,0,8,1,9,5,2,24,1,32,24,0,24,56
07/12/2023,FSM,AR,ASW,ES,Combined TRACON& Tower with Radar,5,4,17,0,26,0,0,30,4,34,5,4,47,4,60,0,0,0,60
07/13/2023,FSM,AR,ASW,ES,Combined TRACON& Tower with Radar,7,3,19,0,29,0,0,23,0,23,7,3,42,0,52,0,0,0,52
07/14/2023,FSM,AR,ASW,ES,Combined TRACON& Tower with Radar,9,6,6,5,26,0,0,8,3,11,9,6,14,8,37,0,0,0,37
07/15/2023,FSM,AR,ASW,ES,Combined TRACON& Tower with Radar,8,6,10,0,24,0,0,19,1,20,8,6,29,1,44,21,0,21,65
07/16/2023,FSM,AR,ASW,ES,Combined TRACON& Tower with Radar,5,5,11,2,23,0,0,19,1,20,5,5,30,3,43,0,0,0,43
07/17/2023,FSM,AR,ASW,ES,Combined TRACON& Tower with Radar,7,4,17,0,28,0,0,36,0,36,7,4,53,0,64,8,0,8,72
07/18/2023,FSM,AR,ASW,ES,Combined TRACON& Tower with Radar,5,7,14,1,27,0,0,27,4,31,5,7,41,5,58,28,0,28,86
07/19/2023,FSM,AR,ASW,ES,Combined TRACON& Tower with Radar,5,5,11,0,21,0,1,24,7,32,5,6,35,7,53,0,0,0,53
07/20/2023,FSM,AR,ASW,ES,Combined TRACON& Tower with Radar,7,5,21,0,33,0,0,27,6,33,7,5,48,6,66,11,22,33,99
07/21/2023,FSM,AR,ASW,ES,Combined TRACON& Tower with Radar,7,7,13,0,27,0,0,24,0,24,7,7,37,0,51,14,0,14,65
07/22/2023,FSM,AR,ASW,ES,Combined TRACON& Tower with Radar,7,1,13,2,23,0,0,13,0,13,7,1,26,2,36,0,0,0,36
07/23/2023,FSM,AR,ASW,ES,Combined TRACON& Tower with Radar,7,4,12,2,25,0,0,13,0,13,7,4,25,2,38,0,0,0,38
07/24/2023,FSM,AR,ASW,ES,Combined TRACON& Tower with Radar,7,1,15,1,24,0,0,14,4,18,7,1,29,5,42,0,0,0,42
07/25/2023,FSM,AR,ASW,ES,Combined TRACON& Tower with Radar,5,4,11,7,27,0,0,16,2,18,5,4,27,9,45,12,0,12,57
07/26/2023,FSM,AR,ASW,ES,Combined TRACON& Tower with Radar,5,4,16,4,29,0,0,21,3,24,5,4,37,7,53,26,0,26,79
07/27/2023,FSM,AR,ASW,ES,Combined TRACON& Tower with Radar,7,2,20,3,32,0,0,36,9,45,7,2,56,12,77,20,0,20,97
07/28/2023,FSM,AR,ASW,ES,Combined TRACON& Tower with Radar,7,0,5,8,20,0,0,32,3,35,7,0,37,11,55,12,0,12,67
07/29/2023,FSM,AR,ASW,ES,Combined TRACON& Tower with Radar,7,3,9,0,19,0,0,28,2,30,7,3,37,2,49,14,0,14,63
07/30/2023,FSM,AR,ASW,ES,Combined TRACON& Tower with Radar,7,4,5,0,16,0,0,20,0,20,7,4,25,0,36,42,0,42,78
07/31/2023,FSM,AR,ASW,ES,Combined TRACON& Tower with Radar,7,8,14,6,35,0,1,27,3,31,7,9,41,9,66,0,0,0,66
08/01/2023,FSM,AR,ASW,ES,Combined TRACON& Tower with Radar,5,2,5,8,20,0,0,24,5,29,5,2,29,13,49,0,0,0,49
08/02/2023,FSM,AR,ASW,ES,Combined TRACON& Tower with Radar,5,2,7,1,15,0,1,14,3,18,5,3,21,4,33,0,0,0,33
08/03/2023,FSM,AR,ASW,ES,Combined TRACON& Tower with Radar,7,5,15,8,35,0,0,17,6,23,7,5,32,14,58,0,1,1,59
08/04/2023,FSM,AR,ASW,ES,Combined TRACON& Tower with Radar,5,2,7,0,14,0,2,14,1,17,5,4,21,1,31,0,0,0,31
08/05/2023,FSM,AR,ASW,ES,Combined TRACON& Tower with Radar,5,1,4,2,12,0,0,7,1,8,5,1,11,3,20,0,0,0,20
08/06/2023,FSM,AR,ASW,ES,Combined TRACON& Tower with Radar,4,2,9,0,15,0,1,22,0,23,4,3,31,0,38,6,0,6,44
08/07/2023,FSM,AR,ASW,ES,Combined TRACON& Tower with Radar,7,2,13,3,25,0,0,10,1,11,7,2,23,4,36,6,0,6,42
08/08/2023,FSM,AR,ASW,ES,Combined TRACON& Tower with Radar,5,3,13,6,27,0,0,18,3,21,5,3,31,9,48,20,0,20,68
08/09/2023,FSM,AR,ASW,ES,Combined TRACON& Tower with Radar,8,4,15,5,32,0,0,8,0,8,8,4,23,5,40,0,0,0,40
08/10/2023,FSM,AR,ASW,ES,Combined TRACON& Tower with Radar,5,1,18,1,25,0,0,31,2,33,5,1,49,3,58,10,0,10,68
08/11/2023,FSM,AR,ASW,ES,Combined TRACON& Tower with Radar,5,1,13,3,22,0,0,32,1,33,5,1,45,4,55,4,0,4,59
08/12/2023,FSM,AR,ASW,ES,Combined TRACON& Tower with Radar,5,0,11,2,18,0,0,28,0,28,5,0,39,2,46,30,0,30,76
08/13/2023,FSM,AR,ASW,ES,Combined TRACON& Tower with Radar,4,4,13,0,21,0,1,18,0,19,4,5,31,0,40,8,0,8,48
08/14/2023,FSM,AR,ASW,ES,Combined TRACON& Tower with Radar,5,3,16,2,26,0,1,9,5,15,5,4,25,7,41,18,0,18,59
08/15/2023,FSM,AR,ASW,ES,Combined TRACON& Tower with Radar,7,0,13,2,22,0,0,25,4,29,7,0,38,6,51,6,0,6,57
08/16/2023,FSM,AR,ASW,ES,Combined TRACON& Tower with Radar,4,6,17,2,29,1,0,24,5,30,5,6,41,7,59,3,0,3,62
08/17/2023,FSM,AR,ASW,ES,Combined TRACON& Tower with Radar,6,1,12,4,23,0,0,28,7,35,6,1,40,11,58,52,0,52,110
08/18/2023,FSM,AR,ASW,ES,Combined TRACON& Tower with Radar,5,0,16,2,23,0,1,25,0,26,5,1,41,2,49,23,0,23,72
08/19/2023,FSM,AR,ASW,ES,Combined TRACON& Tower with Radar,5,0,9,0,14,0,0,26,0,26,5,0,35,0,40,0,0,0,40
08/20/2023,FSM,AR,ASW,ES,Combined TRACON& Tower with Radar,5,1,7,6,19,0,0,14,5,19,5,1,21,11,38,6,0,6,44
08/21/2023,FSM,AR,ASW,ES,Combined TRACON& Tower with Radar,5,3,9,6,23,0,0,17,1,18,5,3,26,7,41,8,0,8,49
08/22/2023,FSM,AR,ASW,ES,Combined TRACON& Tower with Radar,5,2,9,2,18,2,0,20,4,26,7,2,29,6,44,0,0,0,44
08/23/2023,FSM,AR,ASW,ES,Combined TRACON& Tower with Radar,5,1,14,0,20,0,0,22,0,22,5,1,36,0,42,18,0,18,60
08/24/2023,FSM,AR,ASW,ES,Combined TRACON& Tower with Radar,5,3,10,2,20,0,0,7,1,8,5,3,17,3,28,14,0,14,42
08/25/2023,FSM,AR,ASW,ES,Combined TRACON& Tower with Radar,5,2,12,0,19,0,0,17,0,17,5,2,29,0,36,32,0,32,68
08/26/2023,FSM,AR,ASW,ES,Combined TRACON& Tower with Radar,5,3,15,0,23,0,0,11,0,11,5,3,26,0,34,0,0,0,34
08/27/2023,FSM,AR,ASW,ES,Combined TRACON& Tower with Radar,5,4,9,0,18,0,0,9,0,9,5,4,18,0,27,0,0,0,27
08/28/2023,FSM,AR,ASW,ES,Combined TRACON& Tower with Radar,5,5,13,1,24,0,0,14,1,15,5,5,27,2,39,58,0,58,97
08/29/2023,FSM,AR,ASW,ES,Combined TRACON& Tower with Radar,5,15,21,0,41,0,2,39,1,42,5,17,60,1,83,0,0,0,83
08/30/2023,FSM,AR,ASW,ES,Combined TRACON& Tower with Radar,5,3,15,2,25,0,1,29,1,31,5,4,44,3,56,9,0,9,65
08/31/2023,FSM,AR,ASW,ES,Combined TRACON& Tower with Radar,5,15,27,3,50,0,3,23,2,28,5,18,50,5,78,70,0,70,148
