08/01/2005,FTG,CO,ANM,WE,Federal Contract Tower,0,0,3,0,3,0,2,76,0,78,0,2,79,0,81,156,0,156,237
08/02/2005,FTG,CO,ANM,WE,Federal Contract Tower,0,1,2,0,3,0,10,69,0,79,0,11,71,0,82,132,0,132,214
08/03/2005,FTG,CO,ANM,WE,Federal Contract Tower,0,1,4,0,5,0,3,80,0,83,0,4,84,0,88,108,0,108,196
08/04/2005,FTG,CO,ANM,WE,Federal Contract Tower,0,1,45,0,46,0,0,11,0,11,0,1,56,0,57,5,0,5,62
08/05/2005,FTG,CO,ANM,WE,Federal Contract Tower,0,1,8,0,9,0,1,109,0,110,0,2,117,0,119,212,0,212,331
08/06/2005,FTG,CO,ANM,WE,Federal Contract Tower,0,0,1,0,1,0,1,179,0,180,0,1,180,0,181,328,0,328,509
08/07/2005,FTG,CO,ANM,WE,Federal Contract Tower,0,0,1,0,1,0,0,99,0,99,0,0,100,0,100,166,0,166,266
08/08/2005,FTG,CO,ANM,WE,Federal Contract Tower,0,4,0,0,4,0,6,82,0,88,0,10,82,0,92,178,0,178,270
08/09/2005,FTG,CO,ANM,WE,Federal Contract Tower,0,0,3,0,3,0,0,64,0,64,0,0,67,0,67,136,0,136,203
08/10/2005,FTG,CO,ANM,WE,Federal Contract Tower,0,0,1,0,1,0,0,53,0,53,0,0,54,0,54,132,0,132,186
08/11/2005,FTG,CO,ANM,WE,Federal Contract Tower,0,0,5,0,5,0,2,80,0,82,0,2,85,0,87,219,0,219,306
08/12/2005,FTG,CO,ANM,WE,Federal Contract Tower,0,0,37,0,37,0,0,94,0,94,0,0,131,0,131,234,0,234,365
08/13/2005,FTG,CO,ANM,WE,Federal Contract Tower,0,0,33,0,33,0,0,12,0,12,0,0,45,0,45,2,0,2,47
08/14/2005,FTG,CO,ANM,WE,Federal Contract Tower,0,1,10,0,11,0,1,39,0,40,0,2,49,0,51,104,0,104,155
08/15/2005,FTG,CO,ANM,WE,Federal Contract Tower,0,1,3,0,4,0,2,89,0,91,0,3,92,0,95,160,0,160,255
08/16/2005,FTG,CO,ANM,WE,Federal Contract Tower,0,0,4,0,4,0,1,68,0,69,0,1,72,0,73,160,0,160,233
08/17/2005,FTG,CO,ANM,WE,Federal Contract Tower,0,2,12,0,14,0,6,128,0,134,0,8,140,0,148,255,0,255,403
08/18/2005,FTG,CO,ANM,WE,Federal Contract Tower,0,0,4,0,4,0,7,92,0,99,0,7,96,0,103,164,0,164,267
08/19/2005,FTG,CO,ANM,WE,Federal Contract Tower,0,0,6,0,6,0,1,92,0,93,0,1,98,0,99,194,0,194,293
08/20/2005,FTG,CO,ANM,WE,Federal Contract Tower,0,1,3,0,4,0,7,104,0,111,0,8,107,0,115,260,0,260,375
08/21/2005,FTG,CO,ANM,WE,Federal Contract Tower,0,0,4,0,4,0,0,117,0,117,0,0,121,0,121,140,0,140,261
08/22/2005,FTG,CO,ANM,WE,Federal Contract Tower,0,1,7,0,8,0,2,62,0,64,0,3,69,0,72,162,0,162,234
08/23/2005,FTG,CO,ANM,WE,Federal Contract Tower,0,0,7,0,7,0,0,63,0,63,0,0,70,0,70,128,0,128,198
08/24/2005,FTG,CO,ANM,WE,Federal Contract Tower,0,4,3,0,7,0,0,112,0,112,0,4,115,0,119,139,0,139,258
08/25/2005,FTG,CO,ANM,WE,Federal Contract Tower,0,1,2,0,3,0,5,106,0,111,0,6,108,0,114,224,0,224,338
08/26/2005,FTG,CO,ANM,WE,Federal Contract Tower,0,1,8,0,9,0,2,101,0,103,0,3,109,0,112,283,0,283,395
08/27/2005,FTG,CO,ANM,WE,Federal Contract Tower,0,0,2,0,2,0,1,228,0,229,0,1,230,0,231,226,0,226,457
08/28/2005,FTG,CO,ANM,WE,Federal Contract Tower,0,0,0,0,0,0,2,119,0,121,0,2,119,0,121,270,0,270,391
08/29/2005,FTG,CO,ANM,WE,Federal Contract Tower,0,2,6,0,8,0,0,68,0,68,0,2,74,0,76,174,0,174,250
08/30/2005,FTG,CO,ANM,WE,Federal Contract Tower,0,1,13,0,14,0,4,92,0,96,0,5,105,0,110,158,0,158,268
08/31/2005,FTG,CO,ANM,WE,Federal Contract Tower,0,0,6,0,6,0,4,81,0,85,0,4,87,0,91,158,0,158,249
09/01/2005,FTG,CO,ANM,WE,Federal Contract Tower,0,0,12,0,12,0,5,90,0,95,0,5,102,0,107,210,0,210,317
09/02/2005,FTG,CO,ANM,WE,Federal Contract Tower,0,3,6,0,9,0,3,101,0,104,0,6,107,0,113,183,0,183,296
09/03/2005,FTG,CO,ANM,WE,Federal Contract Tower,0,0,2,0,2,0,0,94,0,94,0,0,96,0,96,94,0,94,190
09/04/2005,FTG,CO,ANM,WE,Federal Contract Tower,0,0,5,0,5,0,1,47,0,48,0,1,52,0,53,76,0,76,129
09/05/2005,FTG,CO,ANM,WE,Federal Contract Tower,0,0,3,0,3,0,4,74,0,78,0,4,77,0,81,122,0,122,203
09/06/2005,FTG,CO,ANM,WE,Federal Contract Tower,0,0,0,0,0,0,3,42,0,45,0,3,42,0,45,96,0,96,141
09/07/2005,FTG,CO,ANM,WE,Federal Contract Tower,0,0,5,0,5,0,4,75,0,79,0,4,80,0,84,108,0,108,192
09/08/2005,FTG,CO,ANM,WE,Federal Contract Tower,0,0,3,0,3,0,10,63,2,75,0,10,66,2,78,132,2,134,212
09/09/2005,FTG,CO,ANM,WE,Federal Contract Tower,0,0,3,0,3,0,10,70,0,80,0,10,73,0,83,203,0,203,286
09/10/2005,FTG,CO,ANM,WE,Federal Contract Tower,0,0,0,0,0,0,1,112,0,113,0,1,112,0,113,161,0,161,274
09/11/2005,FTG,CO,ANM,WE,Federal Contract Tower,0,0,3,0,3,0,0,138,0,138,0,0,141,0,141,162,0,162,303
09/12/2005,FTG,CO,ANM,WE,Federal Contract Tower,0,0,7,0,7,0,2,68,0,70,0,2,75,0,77,88,0,88,165
09/13/2005,FTG,CO,ANM,WE,Federal Contract Tower,0,0,4,0,4,0,4,66,0,70,0,4,70,0,74,78,0,78,152
09/14/2005,FTG,CO,ANM,WE,Federal Contract Tower,0,1,5,0,6,0,3,43,0,46,0,4,48,0,52,80,0,80,132
09/15/2005,FTG,CO,ANM,WE,Federal Contract Tower,0,2,2,0,4,0,4,118,0,122,0,6,120,0,126,144,0,144,270
09/16/2005,FTG,CO,ANM,WE,Federal Contract Tower,0,2,3,0,5,0,1,103,0,104,0,3,106,0,109,114,0,114,223
09/17/2005,FTG,CO,ANM,WE,Federal Contract Tower,0,0,2,0,2,0,2,94,0,96,0,2,96,0,98,111,0,111,209
09/18/2005,FTG,CO,ANM,WE,Federal Contract Tower,0,0,4,0,4,0,2,75,0,77,0,2,79,0,81,196,0,196,277
09/19/2005,FTG,CO,ANM,WE,Federal Contract Tower,0,1,3,0,4,0,2,56,0,58,0,3,59,0,62,116,0,116,178
09/20/2005,FTG,CO,ANM,WE,Federal Contract Tower,0,2,6,0,8,0,5,63,0,68,0,7,69,0,76,120,0,120,196
09/21/2005,FTG,CO,ANM,WE,Federal Contract Tower,0,1,10,0,11,0,4,61,2,67,0,5,71,2,78,89,1,90,168
09/22/2005,FTG,CO,ANM,WE,Federal Contract Tower,0,0,17,0,17,0,6,60,0,66,0,6,77,0,83,130,0,130,213
09/23/2005,FTG,CO,ANM,WE,Federal Contract Tower,0,0,3,0,3,0,0,93,6,99,0,0,96,6,102,161,0,161,263
09/24/2005,FTG,CO,ANM,WE,Federal Contract Tower,0,0,6,0,6,0,0,111,0,111,0,0,117,0,117,266,0,266,383
09/25/2005,FTG,CO,ANM,WE,Federal Contract Tower,0,0,15,0,15,0,0,52,3,55,0,0,67,3,70,59,0,59,129
09/26/2005,FTG,CO,ANM,WE,Federal Contract Tower,0,0,7,0,7,0,7,62,0,69,0,7,69,0,76,138,0,138,214
09/27/2005,FTG,CO,ANM,WE,Federal Contract Tower,0,0,7,0,7,0,4,116,4,124,0,4,123,4,131,234,0,234,365
09/28/2005,FTG,CO,ANM,WE,Federal Contract Tower,0,1,17,0,18,0,1,44,0,45,0,2,61,0,63,48,0,48,111
09/29/2005,FTG,CO,ANM,WE,Federal Contract Tower,0,2,7,0,9,0,2,88,2,92,0,4,95,2,101,206,6,212,313
09/30/2005,FTG,CO,ANM,WE,Federal Contract Tower,0,2,2,0,4,0,0,152,0,152,0,2,154,0,156,183,0,183,339
10/01/2005,FTG,CO,ANM,WE,Federal Contract Tower,0,0,2,0,2,0,1,139,0,140,0,1,141,0,142,210,0,210,352
10/02/2005,FTG,CO,ANM,WE,Federal Contract Tower,0,0,1,0,1,0,1,127,4,132,0,1,128,4,133,314,4,318,451
10/03/2005,FTG,CO,ANM,WE,Federal Contract Tower,0,1,0,0,1,0,3,69,0,72,0,4,69,0,73,202,0,202,275
10/04/2005,FTG,CO,ANM,WE,Federal Contract Tower,0,1,19,0,20,0,0,14,0,14,0,1,33,0,34,6,0,6,40
10/05/2005,FTG,CO,ANM,WE,Federal Contract Tower,0,0,5,0,5,0,6,113,0,119,0,6,118,0,124,178,0,178,302
10/06/2005,FTG,CO,ANM,WE,Federal Contract Tower,0,0,5,0,5,0,5,85,2,92,0,5,90,2,97,96,6,102,199
10/07/2005,FTG,CO,ANM,WE,Federal Contract Tower,0,0,2,0,2,0,9,123,0,132,0,9,125,0,134,140,0,140,274
10/08/2005,FTG,CO,ANM,WE,Federal Contract Tower,0,0,0,0,0,0,0,144,0,144,0,0,144,0,144,192,0,192,336
10/09/2005,FTG,CO,ANM,WE,Federal Contract Tower,0,0,7,0,7,0,0,32,0,32,0,0,39,0,39,74,0,74,113
10/10/2005,FTG,CO,ANM,WE,Federal Contract Tower,0,0,0,0,0,0,0,0,0,0,0,0,0,0,0,0,0,0,0
10/11/2005,FTG,CO,ANM,WE,Federal Contract Tower,0,0,3,0,3,0,2,22,0,24,0,2,25,0,27,34,0,34,61
10/12/2005,FTG,CO,ANM,WE,Federal Contract Tower,0,1,9,0,10,0,3,118,0,121,0,4,127,0,131,148,0,148,279
10/13/2005,FTG,CO,ANM,WE,Federal Contract Tower,0,0,2,0,2,0,1,88,0,89,0,1,90,0,91,106,0,106,197
10/14/2005,FTG,CO,ANM,WE,Federal Contract Tower,0,0,5,0,5,0,1,128,2,131,0,1,133,2,136,184,0,184,320
10/15/2005,FTG,CO,ANM,WE,Federal Contract Tower,0,0,4,0,4,0,4,103,1,108,0,4,107,1,112,158,0,158,270
10/16/2005,FTG,CO,ANM,WE,Federal Contract Tower,0,0,3,0,3,0,1,218,0,219,0,1,221,0,222,280,0,280,502
10/17/2005,FTG,CO,ANM,WE,Federal Contract Tower,0,0,5,0,5,0,4,75,0,79,0,4,80,0,84,160,0,160,244
10/18/2005,FTG,CO,ANM,WE,Federal Contract Tower,0,0,5,0,5,0,1,86,0,87,0,1,91,0,92,224,0,224,316
10/19/2005,FTG,CO,ANM,WE,Federal Contract Tower,0,1,16,0,17,0,0,4,0,4,0,1,20,0,21,20,5,25,46
10/20/2005,FTG,CO,ANM,WE,Federal Contract Tower,0,1,7,0,8,0,0,86,0,86,0,1,93,0,94,376,0,376,470
10/21/2005,FTG,CO,ANM,WE,Federal Contract Tower,0,2,9,0,11,0,0,16,0,16,0,2,25,0,27,102,0,102,129
10/22/2005,FTG,CO,ANM,WE,Federal Contract Tower,0,0,3,0,3,0,0,115,0,115,0,0,118,0,118,196,0,196,314
10/23/2005,FTG,CO,ANM,WE,Federal Contract Tower,0,0,6,0,6,0,0,107,0,107,0,0,113,0,113,166,0,166,279
10/24/2005,FTG,CO,ANM,WE,Federal Contract Tower,0,1,5,0,6,0,8,79,0,87,0,9,84,0,93,82,0,82,175
10/25/2005,FTG,CO,ANM,WE,Federal Contract Tower,0,0,5,0,5,0,4,75,0,79,0,4,80,0,84,160,0,160,244
10/26/2005,FTG,CO,ANM,WE,Federal Contract Tower,0,0,5,0,5,0,0,98,0,98,0,0,103,0,103,244,0,244,347
10/27/2005,FTG,CO,ANM,WE,Federal Contract Tower,0,0,9,0,9,0,3,87,2,92,0,3,96,2,101,46,6,52,153
10/28/2005,FTG,CO,ANM,WE,Federal Contract Tower,0,0,2,0,2,0,0,97,0,97,0,0,99,0,99,166,0,166,265
10/29/2005,FTG,CO,ANM,WE,Federal Contract Tower,0,0,5,0,5,0,0,106,0,106,0,0,111,0,111,170,0,170,281
10/30/2005,FTG,CO,ANM,WE,Federal Contract Tower,0,0,3,0,3,0,0,153,0,153,0,0,156,0,156,160,0,160,316
10/31/2005,FTG,CO,ANM,WE,Federal Contract Tower,0,1,1,0,2,0,4,61,0,65,0,5,62,0,67,98,0,98,165
11/01/2005,FTG,CO,ANM,WE,Federal Contract Tower,0,1,6,0,7,0,4,68,2,74,0,5,74,2,81,152,0,152,233
11/02/2005,FTG,CO,ANM,WE,Federal Contract Tower,0,3,7,0,10,0,6,68,0,74,0,9,75,0,84,110,0,110,194
11/03/2005,FTG,CO,ANM,WE,Federal Contract Tower,0,0,5,0,5,0,0,15,0,15,0,0,20,0,20,0,0,0,20
11/04/2005,FTG,CO,ANM,WE,Federal Contract Tower,0,2,5,0,7,0,4,103,4,111,0,6,108,4,118,222,0,222,340
11/05/2005,FTG,CO,ANM,WE,Federal Contract Tower,0,1,7,0,8,0,1,43,14,58,0,2,50,14,66,140,0,140,206
11/06/2005,FTG,CO,ANM,WE,Federal Contract Tower,0,0,1,0,1,0,1,119,1,121,0,1,120,1,122,212,0,212,334
11/07/2005,FTG,CO,ANM,WE,Federal Contract Tower,0,0,0,0,0,0,2,95,0,97,0,2,95,0,97,172,0,172,269
11/08/2005,FTG,CO,ANM,WE,Federal Contract Tower,0,3,4,0,7,0,5,53,0,58,0,8,57,0,65,202,0,202,267
11/09/2005,FTG,CO,ANM,WE,Federal Contract Tower,0,0,4,0,4,0,4,96,0,100,0,4,100,0,104,122,0,122,226
11/10/2005,FTG,CO,ANM,WE,Federal Contract Tower,0,0,5,0,5,0,2,116,0,118,0,2,121,0,123,141,0,141,264
11/11/2005,FTG,CO,ANM,WE,Federal Contract Tower,0,0,2,0,2,0,1,99,0,100,0,1,101,0,102,240,0,240,342
11/12/2005,FTG,CO,ANM,WE,Federal Contract Tower,0,1,3,0,4,0,0,30,0,30,0,1,33,0,34,46,0,46,80
11/13/2005,FTG,CO,ANM,WE,Federal Contract Tower,0,2,0,0,2,0,0,74,0,74,0,2,74,0,76,152,1,153,229
11/14/2005,FTG,CO,ANM,WE,Federal Contract Tower,0,0,0,0,0,0,3,35,0,38,0,3,35,0,38,128,0,128,166
11/15/2005,FTG,CO,ANM,WE,Federal Contract Tower,0,3,4,0,7,0,3,30,0,33,0,6,34,0,40,90,0,90,130
11/16/2005,FTG,CO,ANM,WE,Federal Contract Tower,0,1,6,0,7,0,0,118,2,120,0,1,124,2,127,160,0,160,287
11/17/2005,FTG,CO,ANM,WE,Federal Contract Tower,0,0,7,0,7,0,3,7,0,10,0,3,14,0,17,48,0,48,65
11/18/2005,FTG,CO,ANM,WE,Federal Contract Tower,0,1,7,0,8,0,1,129,0,130,0,2,136,0,138,146,0,146,284
11/19/2005,FTG,CO,ANM,WE,Federal Contract Tower,0,2,5,0,7,0,0,43,0,43,0,2,48,0,50,76,0,76,126
11/20/2005,FTG,CO,ANM,WE,Federal Contract Tower,0,0,1,0,1,0,0,168,0,168,0,0,169,0,169,278,0,278,447
11/21/2005,FTG,CO,ANM,WE,Federal Contract Tower,0,1,3,0,4,0,3,85,0,88,0,4,88,0,92,98,0,98,190
11/22/2005,FTG,CO,ANM,WE,Federal Contract Tower,0,0,4,0,4,0,4,83,1,88,0,4,87,1,92,244,0,244,336
11/23/2005,FTG,CO,ANM,WE,Federal Contract Tower,0,1,8,4,13,0,2,142,0,144,0,3,150,4,157,160,0,160,317
11/24/2005,FTG,CO,ANM,WE,Federal Contract Tower,0,0,1,0,1,0,0,29,0,29,0,0,30,0,30,46,0,46,76
11/25/2005,FTG,CO,ANM,WE,Federal Contract Tower,0,0,5,0,5,0,0,135,0,135,0,0,140,0,140,260,0,260,400
11/26/2005,FTG,CO,ANM,WE,Federal Contract Tower,0,1,5,0,6,0,1,119,1,121,0,2,124,1,127,244,2,246,373
11/27/2005,FTG,CO,ANM,WE,Federal Contract Tower,0,1,4,0,5,0,0,3,0,3,0,1,7,0,8,0,0,0,8
11/28/2005,FTG,CO,ANM,WE,Federal Contract Tower,0,1,6,0,7,0,0,18,0,18,0,1,24,0,25,42,0,42,67
11/29/2005,FTG,CO,ANM,WE,Federal Contract Tower,0,1,7,0,8,0,4,69,0,73,0,5,76,0,81,44,0,44,125
11/30/2005,FTG,CO,ANM,WE,Federal Contract Tower,0,0,2,0,2,0,0,16,0,16,0,0,18,0,18,12,0,12,30
12/01/2005,FTG,CO,ANM,WE,Federal Contract Tower,0,1,4,0,5,0,4,76,0,80,0,5,80,0,85,216,0,216,301
12/02/2005,FTG,CO,ANM,WE,Federal Contract Tower,0,2,3,0,5,0,0,77,0,77,0,2,80,0,82,156,0,156,238
12/03/2005,FTG,CO,ANM,WE,Federal Contract Tower,0,1,0,0,1,0,0,20,0,20,0,1,20,0,21,66,0,66,87
12/04/2005,FTG,CO,ANM,WE,Federal Contract Tower,0,0,3,0,3,0,0,22,0,22,0,0,25,0,25,96,0,96,121
12/05/2005,FTG,CO,ANM,WE,Federal Contract Tower,0,2,6,0,8,0,8,14,2,24,0,10,20,2,32,48,0,48,80
12/06/2005,FTG,CO,ANM,WE,Federal Contract Tower,0,0,2,0,2,0,0,10,0,10,0,0,12,0,12,30,0,30,42
12/07/2005,FTG,CO,ANM,WE,Federal Contract Tower,0,2,4,0,6,0,2,15,0,17,0,4,19,0,23,40,0,40,63
12/08/2005,FTG,CO,ANM,WE,Federal Contract Tower,0,0,5,0,5,0,0,70,0,70,0,0,75,0,75,118,0,118,193
12/09/2005,FTG,CO,ANM,WE,Federal Contract Tower,0,0,7,0,7,0,0,107,0,107,0,0,114,0,114,194,0,194,308
12/10/2005,FTG,CO,ANM,WE,Federal Contract Tower,0,0,0,0,0,0,1,141,0,142,0,1,141,0,142,226,0,226,368
12/11/2005,FTG,CO,ANM,WE,Federal Contract Tower,0,0,1,0,1,0,0,154,0,154,0,0,155,0,155,364,0,364,519
12/12/2005,FTG,CO,ANM,WE,Federal Contract Tower,0,0,3,0,3,0,4,124,0,128,0,4,127,0,131,252,0,252,383
12/13/2005,FTG,CO,ANM,WE,Federal Contract Tower,0,1,5,0,6,0,0,55,1,56,0,1,60,1,62,122,2,124,186
12/14/2005,FTG,CO,ANM,WE,Federal Contract Tower,0,0,7,0,7,0,4,64,0,68,0,4,71,0,75,140,0,140,215
12/15/2005,FTG,CO,ANM,WE,Federal Contract Tower,0,0,5,0,5,0,1,85,0,86,0,1,90,0,91,196,0,196,287
12/16/2005,FTG,CO,ANM,WE,Federal Contract Tower,0,3,0,0,3,0,3,97,0,100,0,6,97,0,103,156,0,156,259
12/17/2005,FTG,CO,ANM,WE,Federal Contract Tower,0,2,8,0,10,0,1,1,0,2,0,3,9,0,12,0,0,0,12
12/18/2005,FTG,CO,ANM,WE,Federal Contract Tower,0,0,3,0,3,0,0,16,0,16,0,0,19,0,19,62,0,62,81
12/19/2005,FTG,CO,ANM,WE,Federal Contract Tower,0,2,3,0,5,0,1,53,0,54,0,3,56,0,59,98,0,98,157
12/20/2005,FTG,CO,ANM,WE,Federal Contract Tower,0,0,4,0,4,0,6,67,0,73,0,6,71,0,77,202,0,202,279
12/21/2005,FTG,CO,ANM,WE,Federal Contract Tower,0,2,5,0,7,0,2,135,0,137,0,4,140,0,144,160,0,160,304
12/22/2005,FTG,CO,ANM,WE,Federal Contract Tower,0,2,5,0,7,0,0,78,0,78,0,2,83,0,85,116,0,116,201
12/23/2005,FTG,CO,ANM,WE,Federal Contract Tower,0,0,4,0,4,0,1,45,0,46,0,1,49,0,50,34,0,34,84
12/24/2005,FTG,CO,ANM,WE,Federal Contract Tower,0,1,1,0,2,0,0,40,0,40,0,1,41,0,42,56,0,56,98
12/25/2005,FTG,CO,ANM,WE,Federal Contract Tower,0,0,0,0,0,0,1,20,0,21,0,1,20,0,21,17,0,17,38
12/26/2005,FTG,CO,ANM,WE,Federal Contract Tower,0,1,17,0,18,0,3,72,0,75,0,4,89,0,93,178,0,178,271
12/27/2005,FTG,CO,ANM,WE,Federal Contract Tower,0,1,2,0,3,0,3,42,0,45,0,4,44,0,48,40,0,40,88
12/28/2005,FTG,CO,ANM,WE,Federal Contract Tower,0,0,7,0,7,0,2,103,0,105,0,2,110,0,112,120,0,120,232
12/29/2005,FTG,CO,ANM,WE,Federal Contract Tower,0,0,2,0,2,0,0,10,0,10,0,0,12,0,12,0,0,0,12
12/30/2005,FTG,CO,ANM,WE,Federal Contract Tower,0,0,6,0,6,0,1,98,2,101,0,1,104,2,107,266,2,268,375
12/31/2005,FTG,CO,ANM,WE,Federal Contract Tower,0,1,8,0,9,0,0,140,0,140,0,1,148,0,149,220,0,220,369
01/01/2006,FTG,CO,ANM,WE,Federal Contract Tower,0,0,6,0,6,0,0,6,0,6,0,0,12,0,12,40,0,40,52
01/02/2006,FTG,CO,ANM,WE,Federal Contract Tower,0,0,2,0,2,0,6,103,0,109,0,6,105,0,111,188,0,188,299
01/03/2006,FTG,CO,ANM,WE,Federal Contract Tower,0,1,5,0,6,0,1,15,0,16,0,2,20,0,22,22,0,22,44
01/04/2006,FTG,CO,ANM,WE,Federal Contract Tower,0,0,6,0,6,0,0,79,2,81,0,0,85,2,87,134,0,134,221
01/05/2006,FTG,CO,ANM,WE,Federal Contract Tower,0,1,11,0,12,0,0,111,0,111,0,1,122,0,123,190,0,190,313
01/06/2006,FTG,CO,ANM,WE,Federal Contract Tower,0,2,2,0,4,0,2,98,0,100,0,4,100,0,104,146,0,146,250
01/07/2006,FTG,CO,ANM,WE,Federal Contract Tower,0,1,4,0,5,0,1,180,0,181,0,2,184,0,186,286,0,286,472
01/08/2006,FTG,CO,ANM,WE,Federal Contract Tower,0,0,0,0,0,0,0,31,0,31,0,0,31,0,31,122,0,122,153
01/09/2006,FTG,CO,ANM,WE,Federal Contract Tower,0,2,7,0,9,0,2,62,0,64,0,4,69,0,73,144,0,144,217
01/10/2006,FTG,CO,ANM,WE,Federal Contract Tower,0,1,2,0,3,0,3,88,0,91,0,4,90,0,94,84,0,84,178
01/11/2006,FTG,CO,ANM,WE,Federal Contract Tower,0,1,2,0,3,0,2,74,0,76,0,3,76,0,79,126,0,126,205
01/12/2006,FTG,CO,ANM,WE,Federal Contract Tower,0,0,4,0,4,0,0,24,2,26,0,0,28,2,30,0,76,76,106
01/13/2006,FTG,CO,ANM,WE,Federal Contract Tower,0,2,10,0,12,0,2,130,0,132,0,4,140,0,144,240,0,240,384
01/14/2006,FTG,CO,ANM,WE,Federal Contract Tower,0,0,7,0,7,0,4,211,0,215,0,4,218,0,222,286,0,286,508
01/15/2006,FTG,CO,ANM,WE,Federal Contract Tower,0,0,3,0,3,0,0,45,0,45,0,0,48,0,48,56,0,56,104
01/16/2006,FTG,CO,ANM,WE,Federal Contract Tower,0,2,2,0,4,0,3,13,0,16,0,5,15,0,20,10,0,10,30
01/17/2006,FTG,CO,ANM,WE,Federal Contract Tower,0,2,2,0,4,0,2,62,0,64,0,4,64,0,68,98,0,98,166
01/18/2006,FTG,CO,ANM,WE,Federal Contract Tower,0,1,2,0,3,0,1,86,0,87,0,2,88,0,90,90,0,90,180
01/19/2006,FTG,CO,ANM,WE,Federal Contract Tower,0,2,4,0,6,0,0,0,0,0,0,2,4,0,6,0,0,0,6
01/20/2006,FTG,CO,ANM,WE,Federal Contract Tower,0,1,9,0,10,0,1,69,0,70,0,2,78,0,80,152,0,152,232
01/21/2006,FTG,CO,ANM,WE,Federal Contract Tower,0,0,12,0,12,0,3,268,2,273,0,3,280,2,285,454,0,454,739
01/22/2006,FTG,CO,ANM,WE,Federal Contract Tower,0,0,10,0,10,0,0,82,1,83,0,0,92,1,93,218,0,218,311
01/23/2006,FTG,CO,ANM,WE,Federal Contract Tower,0,3,3,0,6,0,1,69,0,70,0,4,72,0,76,104,0,104,180
01/24/2006,FTG,CO,ANM,WE,Federal Contract Tower,0,1,0,0,1,0,1,83,0,84,0,2,83,0,85,182,0,182,267
01/25/2006,FTG,CO,ANM,WE,Federal Contract Tower,0,2,6,0,8,0,0,71,0,71,0,2,77,0,79,204,0,204,283
01/26/2006,FTG,CO,ANM,WE,Federal Contract Tower,0,0,5,0,5,0,5,48,0,53,0,5,53,0,58,32,0,32,90
01/27/2006,FTG,CO,ANM,WE,Federal Contract Tower,0,2,1,0,3,0,1,159,0,160,0,3,160,0,163,286,0,286,449
01/28/2006,FTG,CO,ANM,WE,Federal Contract Tower,0,0,3,0,3,0,3,191,0,194,0,3,194,0,197,280,0,280,477
01/29/2006,FTG,CO,ANM,WE,Federal Contract Tower,0,0,3,0,3,0,0,43,0,43,0,0,46,0,46,72,0,72,118
01/30/2006,FTG,CO,ANM,WE,Federal Contract Tower,0,0,5,0,5,0,2,68,0,70,0,2,73,0,75,92,0,92,167
01/31/2006,FTG,CO,ANM,WE,Federal Contract Tower,0,1,5,0,6,0,1,48,0,49,0,2,53,0,55,90,0,90,145
02/01/2006,FTG,CO,ANM,WE,Federal Contract Tower,0,1,4,0,5,0,0,96,0,96,0,1,100,0,101,90,0,90,191
02/02/2006,FTG,CO,ANM,WE,Federal Contract Tower,0,0,0,0,0,0,1,50,0,51,0,1,50,0,51,76,0,76,127
02/03/2006,FTG,CO,ANM,WE,Federal Contract Tower,0,3,2,0,5,0,0,48,0,48,0,3,50,0,53,58,0,58,111
02/04/2006,FTG,CO,ANM,WE,Federal Contract Tower,0,0,3,0,3,0,2,131,0,133,0,2,134,0,136,246,0,246,382
02/05/2006,FTG,CO,ANM,WE,Federal Contract Tower,0,0,2,0,2,0,0,18,0,18,0,0,20,0,20,16,0,16,36
02/06/2006,FTG,CO,ANM,WE,Federal Contract Tower,0,0,4,0,4,0,0,80,0,80,0,0,84,0,84,180,0,180,264
02/07/2006,FTG,CO,ANM,WE,Federal Contract Tower,0,0,5,0,5,0,0,82,0,82,0,0,87,0,87,158,0,158,245
02/08/2006,FTG,CO,ANM,WE,Federal Contract Tower,0,0,2,0,2,0,0,92,0,92,0,0,94,0,94,178,0,178,272
02/09/2006,FTG,CO,ANM,WE,Federal Contract Tower,0,2,6,0,8,0,0,48,0,48,0,2,54,0,56,22,0,22,78
02/10/2006,FTG,CO,ANM,WE,Federal Contract Tower,0,1,5,0,6,0,3,41,0,44,0,4,46,0,50,10,0,10,60
02/11/2006,FTG,CO,ANM,WE,Federal Contract Tower,0,2,5,0,7,0,0,122,0,122,0,2,127,0,129,146,0,146,275
02/12/2006,FTG,CO,ANM,WE,Federal Contract Tower,0,0,5,0,5,0,0,118,0,118,0,0,123,0,123,162,0,162,285
02/13/2006,FTG,CO,ANM,WE,Federal Contract Tower,0,0,4,0,4,0,0,94,0,94,0,0,98,0,98,152,0,152,250
02/14/2006,FTG,CO,ANM,WE,Federal Contract Tower,0,0,3,0,3,0,4,82,0,86,0,4,85,0,89,82,0,82,171
02/15/2006,FTG,CO,ANM,WE,Federal Contract Tower,0,1,2,0,3,0,0,9,0,9,0,1,11,0,12,16,0,16,28
02/16/2006,FTG,CO,ANM,WE,Federal Contract Tower,0,0,4,0,4,0,0,0,0,0,0,0,4,0,4,0,0,0,4
02/17/2006,FTG,CO,ANM,WE,Federal Contract Tower,0,1,7,0,8,0,0,0,2,2,0,1,7,2,10,10,0,10,20
02/18/2006,FTG,CO,ANM,WE,Federal Contract Tower,0,3,4,0,7,0,0,40,0,40,0,3,44,0,47,180,0,180,227
02/19/2006,FTG,CO,ANM,WE,Federal Contract Tower,0,0,2,0,2,0,0,61,0,61,0,0,63,0,63,126,0,126,189
02/20/2006,FTG,CO,ANM,WE,Federal Contract Tower,0,0,10,0,10,0,2,76,0,78,0,2,86,0,88,112,0,112,200
02/21/2006,FTG,CO,ANM,WE,Federal Contract Tower,0,0,10,0,10,0,0,67,0,67,0,0,77,0,77,132,0,132,209
02/22/2006,FTG,CO,ANM,WE,Federal Contract Tower,0,2,5,0,7,0,3,87,0,90,0,5,92,0,97,212,0,212,309
02/23/2006,FTG,CO,ANM,WE,Federal Contract Tower,0,0,5,0,5,0,0,138,4,142,0,0,143,4,147,140,0,140,287
02/24/2006,FTG,CO,ANM,WE,Federal Contract Tower,0,1,8,0,9,0,0,126,0,126,0,1,134,0,135,158,0,158,293
02/25/2006,FTG,CO,ANM,WE,Federal Contract Tower,0,0,5,0,5,0,3,223,0,226,0,3,228,0,231,289,0,289,520
02/26/2006,FTG,CO,ANM,WE,Federal Contract Tower,0,0,7,0,7,0,0,142,0,142,0,0,149,0,149,280,0,280,429
02/27/2006,FTG,CO,ANM,WE,Federal Contract Tower,0,1,5,0,6,0,1,86,0,87,0,2,91,0,93,84,0,84,177
02/28/2006,FTG,CO,ANM,WE,Federal Contract Tower,0,0,4,0,4,0,2,94,0,96,0,2,98,0,100,248,0,248,348
03/01/2006,FTG,CO,ANM,WE,Federal Contract Tower,0,1,3,0,4,0,20,82,0,102,0,21,85,0,106,150,0,150,256
03/02/2006,FTG,CO,ANM,WE,Federal Contract Tower,0,1,0,0,1,0,10,99,2,111,0,11,99,2,112,216,0,216,328
03/03/2006,FTG,CO,ANM,WE,Federal Contract Tower,0,1,5,0,6,0,1,112,0,113,0,2,117,0,119,130,0,130,249
03/04/2006,FTG,CO,ANM,WE,Federal Contract Tower,0,1,7,0,8,0,4,93,2,99,0,5,100,2,107,180,0,180,287
03/05/2006,FTG,CO,ANM,WE,Federal Contract Tower,0,0,2,0,2,0,0,193,0,193,0,0,195,0,195,258,0,258,453
03/06/2006,FTG,CO,ANM,WE,Federal Contract Tower,0,1,2,0,3,0,3,86,2,91,0,4,88,2,94,128,0,128,222
03/07/2006,FTG,CO,ANM,WE,Federal Contract Tower,0,0,2,0,2,0,6,70,4,80,0,6,72,4,82,96,0,96,178
03/08/2006,FTG,CO,ANM,WE,Federal Contract Tower,0,0,1,0,1,0,1,0,0,1,0,1,1,0,2,0,0,0,2
03/09/2006,FTG,CO,ANM,WE,Federal Contract Tower,0,0,3,0,3,0,2,78,0,80,0,2,81,0,83,76,0,76,159
03/10/2006,FTG,CO,ANM,WE,Federal Contract Tower,0,0,2,0,2,0,0,20,0,20,0,0,22,0,22,42,0,42,64
03/11/2006,FTG,CO,ANM,WE,Federal Contract Tower,0,1,7,0,8,0,0,40,0,40,0,1,47,0,48,111,0,111,159
03/12/2006,FTG,CO,ANM,WE,Federal Contract Tower,0,0,4,0,4,0,0,0,0,0,0,0,4,0,4,4,0,4,8
03/13/2006,FTG,CO,ANM,WE,Federal Contract Tower,0,0,2,0,2,0,2,66,0,68,0,2,68,0,70,128,0,128,198
03/14/2006,FTG,CO,ANM,WE,Federal Contract Tower,0,1,1,0,2,0,3,68,0,71,0,4,69,0,73,114,0,114,187
03/15/2006,FTG,CO,ANM,WE,Federal Contract Tower,0,1,4,0,5,0,1,46,3,50,0,2,50,3,55,56,0,56,111
03/16/2006,FTG,CO,ANM,WE,Federal Contract Tower,0,1,12,0,13,0,26,133,4,163,0,27,145,4,176,134,0,134,310
03/17/2006,FTG,CO,ANM,WE,Federal Contract Tower,0,0,5,0,5,0,6,107,0,113,0,6,112,0,118,128,0,128,246
03/18/2006,FTG,CO,ANM,WE,Federal Contract Tower,0,0,5,0,5,0,0,167,0,167,0,0,172,0,172,178,0,178,350
03/19/2006,FTG,CO,ANM,WE,Federal Contract Tower,0,0,1,0,1,0,0,0,0,0,0,0,1,0,1,0,0,0,1
03/20/2006,FTG,CO,ANM,WE,Federal Contract Tower,0,1,0,0,1,0,0,0,0,0,0,1,0,0,1,0,0,0,1
03/21/2006,FTG,CO,ANM,WE,Federal Contract Tower,0,2,11,0,13,0,2,60,0,62,0,4,71,0,75,98,0,98,173
03/22/2006,FTG,CO,ANM,WE,Federal Contract Tower,0,0,32,0,32,0,0,0,0,0,0,0,32,0,32,26,0,26,58
03/23/2006,FTG,CO,ANM,WE,Federal Contract Tower,0,2,7,0,9,0,0,80,0,80,0,2,87,0,89,130,0,130,219
03/24/2006,FTG,CO,ANM,WE,Federal Contract Tower,0,2,7,0,9,0,1,263,0,264,0,3,270,0,273,328,0,328,601
03/25/2006,FTG,CO,ANM,WE,Federal Contract Tower,0,3,7,0,10,0,4,427,0,431,0,7,434,0,441,264,0,264,705
03/26/2006,FTG,CO,ANM,WE,Federal Contract Tower,0,0,5,0,5,0,0,18,0,18,0,0,23,0,23,0,0,0,23
03/27/2006,FTG,CO,ANM,WE,Federal Contract Tower,0,1,2,0,3,0,3,108,0,111,0,4,110,0,114,180,0,180,294
03/28/2006,FTG,CO,ANM,WE,Federal Contract Tower,0,0,3,0,3,0,2,119,2,123,0,2,122,2,126,224,0,224,350
03/29/2006,FTG,CO,ANM,WE,Federal Contract Tower,0,1,10,0,11,0,3,80,4,87,0,4,90,4,98,130,12,142,240
03/30/2006,FTG,CO,ANM,WE,Federal Contract Tower,0,0,2,0,2,0,1,24,0,25,0,1,26,0,27,38,0,38,65
03/31/2006,FTG,CO,ANM,WE,Federal Contract Tower,0,2,5,0,7,0,0,111,0,111,0,2,116,0,118,104,0,104,222
04/01/2006,FTG,CO,ANM,WE,Federal Contract Tower,0,0,3,0,3,0,2,106,0,108,0,2,109,0,111,200,0,200,311
04/02/2006,FTG,CO,ANM,WE,Federal Contract Tower,0,0,4,0,4,0,0,15,0,15,0,0,19,0,19,6,0,6,25
04/03/2006,FTG,CO,ANM,WE,Federal Contract Tower,0,1,2,0,3,0,1,106,2,109,0,2,108,2,112,136,0,136,248
04/04/2006,FTG,CO,ANM,WE,Federal Contract Tower,0,0,4,0,4,0,2,68,0,70,0,2,72,0,74,134,0,134,208
04/05/2006,FTG,CO,ANM,WE,Federal Contract Tower,0,0,6,0,6,0,0,58,0,58,0,0,64,0,64,146,0,146,210
04/06/2006,FTG,CO,ANM,WE,Federal Contract Tower,0,1,6,0,7,0,2,34,0,36,0,3,40,0,43,14,0,14,57
04/07/2006,FTG,CO,ANM,WE,Federal Contract Tower,0,0,6,0,6,0,0,12,0,12,0,0,18,0,18,24,0,24,42
04/08/2006,FTG,CO,ANM,WE,Federal Contract Tower,0,0,5,0,5,0,4,189,0,193,0,4,194,0,198,288,0,288,486
04/09/2006,FTG,CO,ANM,WE,Federal Contract Tower,0,0,13,0,13,0,1,135,3,139,0,1,148,3,152,153,16,169,321
04/10/2006,FTG,CO,ANM,WE,Federal Contract Tower,0,0,2,0,2,0,2,65,0,67,0,2,67,0,69,118,0,118,187
04/11/2006,FTG,CO,ANM,WE,Federal Contract Tower,0,1,13,0,14,0,1,59,2,62,0,2,72,2,76,104,0,104,180
04/12/2006,FTG,CO,ANM,WE,Federal Contract Tower,0,0,1,0,1,0,2,105,0,107,0,2,106,0,108,216,0,216,324
04/13/2006,FTG,CO,ANM,WE,Federal Contract Tower,0,1,4,0,5,0,3,84,0,87,0,4,88,0,92,96,0,96,188
04/14/2006,FTG,CO,ANM,WE,Federal Contract Tower,0,0,8,0,8,0,0,104,0,104,0,0,112,0,112,146,0,146,258
04/15/2006,FTG,CO,ANM,WE,Federal Contract Tower,0,2,5,0,7,0,0,8,0,8,0,2,13,0,15,2,0,2,17
04/16/2006,FTG,CO,ANM,WE,Federal Contract Tower,0,0,3,0,3,0,0,63,0,63,0,0,66,0,66,162,0,162,228
04/17/2006,FTG,CO,ANM,WE,Federal Contract Tower,0,0,6,0,6,0,2,66,0,68,0,2,72,0,74,132,0,132,206
04/18/2006,FTG,CO,ANM,WE,Federal Contract Tower,0,0,1,0,1,0,2,18,0,20,0,2,19,0,21,4,0,4,25
04/19/2006,FTG,CO,ANM,WE,Federal Contract Tower,0,1,2,0,3,0,5,115,0,120,0,6,117,0,123,200,0,200,323
04/20/2006,FTG,CO,ANM,WE,Federal Contract Tower,0,1,4,0,5,0,36,79,0,115,0,37,83,0,120,88,0,88,208
04/21/2006,FTG,CO,ANM,WE,Federal Contract Tower,0,1,1,0,2,0,0,181,0,181,0,1,182,0,183,250,0,250,433
04/22/2006,FTG,CO,ANM,WE,Federal Contract Tower,0,1,4,0,5,0,0,161,0,161,0,1,165,0,166,164,0,164,330
04/23/2006,FTG,CO,ANM,WE,Federal Contract Tower,0,0,5,0,5,0,0,96,0,96,0,0,101,0,101,174,0,174,275
04/24/2006,FTG,CO,ANM,WE,Federal Contract Tower,0,1,1,0,2,0,0,0,0,0,0,1,1,0,2,0,0,0,2
04/25/2006,FTG,CO,ANM,WE,Federal Contract Tower,0,1,2,0,3,0,2,35,0,37,0,3,37,0,40,96,0,96,136
04/26/2006,FTG,CO,ANM,WE,Federal Contract Tower,0,2,3,0,5,0,0,157,0,157,0,2,160,0,162,322,0,322,484
04/27/2006,FTG,CO,ANM,WE,Federal Contract Tower,0,0,3,0,3,0,17,112,0,129,0,17,115,0,132,172,0,172,304
04/28/2006,FTG,CO,ANM,WE,Federal Contract Tower,0,1,4,0,5,0,0,6,0,6,0,1,10,0,11,56,0,56,67
04/29/2006,FTG,CO,ANM,WE,Federal Contract Tower,0,0,2,0,2,0,0,96,0,96,0,0,98,0,98,82,0,82,180
04/30/2006,FTG,CO,ANM,WE,Federal Contract Tower,0,0,3,0,3,0,2,108,0,110,0,2,111,0,113,21,0,21,134
05/01/2006,FTG,CO,ANM,WE,Federal Contract Tower,0,1,3,0,4,0,3,137,0,140,0,4,140,0,144,110,0,110,254
05/02/2006,FTG,CO,ANM,WE,Federal Contract Tower,0,0,2,0,2,0,2,110,0,112,0,2,112,0,114,158,0,158,272
05/03/2006,FTG,CO,ANM,WE,Federal Contract Tower,0,1,4,0,5,0,10,115,0,125,0,11,119,0,130,164,0,164,294
05/04/2006,FTG,CO,ANM,WE,Federal Contract Tower,0,1,4,0,5,0,2,6,0,8,0,3,10,0,13,42,0,42,55
05/05/2006,FTG,CO,ANM,WE,Federal Contract Tower,0,2,8,0,10,0,0,10,0,10,0,2,18,0,20,32,0,32,52
05/06/2006,FTG,CO,ANM,WE,Federal Contract Tower,0,0,7,0,7,0,0,102,0,102,0,0,109,0,109,184,0,184,293
05/07/2006,FTG,CO,ANM,WE,Federal Contract Tower,0,0,2,0,2,0,11,195,0,206,0,11,197,0,208,256,0,256,464
05/08/2006,FTG,CO,ANM,WE,Federal Contract Tower,0,0,7,0,7,0,9,88,2,99,0,9,95,2,106,118,1,119,225
05/09/2006,FTG,CO,ANM,WE,Federal Contract Tower,0,0,10,0,10,0,4,59,0,63,0,4,69,0,73,112,0,112,185
05/10/2006,FTG,CO,ANM,WE,Federal Contract Tower,0,1,2,0,3,0,4,115,2,121,0,5,117,2,124,118,0,118,242
05/11/2006,FTG,CO,ANM,WE,Federal Contract Tower,0,0,5,0,5,0,12,181,0,193,0,12,186,0,198,214,0,214,412
05/12/2006,FTG,CO,ANM,WE,Federal Contract Tower,0,2,11,0,13,0,3,139,0,142,0,5,150,0,155,144,0,144,299
05/13/2006,FTG,CO,ANM,WE,Federal Contract Tower,0,0,2,0,2,0,1,128,0,129,0,1,130,0,131,196,0,196,327
05/14/2006,FTG,CO,ANM,WE,Federal Contract Tower,0,0,1,0,1,0,4,109,0,113,0,4,110,0,114,158,0,158,272
05/15/2006,FTG,CO,ANM,WE,Federal Contract Tower,0,1,3,0,4,0,3,127,0,130,0,4,130,0,134,178,0,178,312
05/16/2006,FTG,CO,ANM,WE,Federal Contract Tower,0,0,3,0,3,0,2,192,0,194,0,2,195,0,197,276,0,276,473
05/17/2006,FTG,CO,ANM,WE,Federal Contract Tower,0,0,5,0,5,0,12,119,0,131,0,12,124,0,136,182,0,182,318
05/18/2006,FTG,CO,ANM,WE,Federal Contract Tower,0,0,2,0,2,0,4,122,0,126,0,4,124,0,128,174,0,174,302
05/19/2006,FTG,CO,ANM,WE,Federal Contract Tower,0,2,3,0,5,0,3,109,0,112,0,5,112,0,117,134,0,134,251
05/20/2006,FTG,CO,ANM,WE,Federal Contract Tower,0,0,3,0,3,0,0,124,0,124,0,0,127,0,127,188,0,188,315
05/21/2006,FTG,CO,ANM,WE,Federal Contract Tower,0,0,2,0,2,0,0,108,0,108,0,0,110,0,110,114,0,114,224
05/22/2006,FTG,CO,ANM,WE,Federal Contract Tower,0,4,2,0,6,0,2,77,0,79,0,6,79,0,85,94,0,94,179
05/23/2006,FTG,CO,ANM,WE,Federal Contract Tower,0,2,2,0,4,0,4,97,0,101,0,6,99,0,105,230,0,230,335
05/24/2006,FTG,CO,ANM,WE,Federal Contract Tower,0,3,3,0,6,0,3,123,0,126,0,6,126,0,132,216,0,216,348
05/25/2006,FTG,CO,ANM,WE,Federal Contract Tower,0,0,5,0,5,0,3,84,0,87,0,3,89,0,92,112,0,112,204
05/26/2006,FTG,CO,ANM,WE,Federal Contract Tower,0,1,2,0,3,0,4,92,0,96,0,5,94,0,99,82,0,82,181
05/27/2006,FTG,CO,ANM,WE,Federal Contract Tower,0,0,1,0,1,0,0,103,0,103,0,0,104,0,104,130,0,130,234
05/28/2006,FTG,CO,ANM,WE,Federal Contract Tower,0,0,0,0,0,0,0,88,0,88,0,0,88,0,88,50,0,50,138
05/29/2006,FTG,CO,ANM,WE,Federal Contract Tower,0,0,1,0,1,0,2,155,0,157,0,2,156,0,158,216,0,216,374
05/30/2006,FTG,CO,ANM,WE,Federal Contract Tower,0,0,2,0,2,0,8,72,0,80,0,8,74,0,82,142,0,142,224
05/31/2006,FTG,CO,ANM,WE,Federal Contract Tower,0,1,13,0,14,0,6,122,6,134,0,7,135,6,148,196,1,197,345
06/01/2006,FTG,CO,ANM,WE,Federal Contract Tower,0,4,9,0,13,0,6,91,0,97,0,10,100,0,110,192,0,192,302
06/02/2006,FTG,CO,ANM,WE,Federal Contract Tower,0,2,10,0,12,0,2,126,0,128,0,4,136,0,140,230,0,230,370
06/03/2006,FTG,CO,ANM,WE,Federal Contract Tower,0,0,4,0,4,0,1,143,0,144,0,1,147,0,148,264,0,264,412
06/04/2006,FTG,CO,ANM,WE,Federal Contract Tower,0,0,5,0,5,0,0,93,0,93,0,0,98,0,98,200,0,200,298
06/05/2006,FTG,CO,ANM,WE,Federal Contract Tower,0,0,5,0,5,0,4,97,0,101,0,4,102,0,106,148,0,148,254
06/06/2006,FTG,CO,ANM,WE,Federal Contract Tower,0,1,7,0,8,0,13,87,0,100,0,14,94,0,108,248,0,248,356
06/07/2006,FTG,CO,ANM,WE,Federal Contract Tower,0,2,5,0,7,0,3,108,0,111,0,5,113,0,118,132,0,132,250
06/08/2006,FTG,CO,ANM,WE,Federal Contract Tower,0,0,11,0,11,0,8,85,1,94,0,8,96,1,105,116,0,116,221
06/09/2006,FTG,CO,ANM,WE,Federal Contract Tower,0,0,5,0,5,0,2,117,2,121,0,2,122,2,126,276,10,286,412
06/10/2006,FTG,CO,ANM,WE,Federal Contract Tower,0,0,4,0,4,0,3,126,1,130,0,3,130,1,134,280,0,280,414
06/11/2006,FTG,CO,ANM,WE,Federal Contract Tower,0,0,3,0,3,0,0,88,0,88,0,0,91,0,91,176,0,176,267
06/12/2006,FTG,CO,ANM,WE,Federal Contract Tower,0,1,1,0,2,0,18,95,0,113,0,19,96,0,115,205,0,205,320
06/13/2006,FTG,CO,ANM,WE,Federal Contract Tower,0,3,1,0,4,0,6,113,0,119,0,9,114,0,123,256,0,256,379
06/14/2006,FTG,CO,ANM,WE,Federal Contract Tower,0,0,1,0,1,0,4,58,0,62,0,4,59,0,63,74,0,74,137
06/15/2006,FTG,CO,ANM,WE,Federal Contract Tower,0,3,4,0,7,0,4,93,0,97,0,7,97,0,104,260,0,260,364
06/16/2006,FTG,CO,ANM,WE,Federal Contract Tower,0,0,4,0,4,0,0,48,0,48,0,0,52,0,52,134,0,134,186
06/17/2006,FTG,CO,ANM,WE,Federal Contract Tower,0,0,2,0,2,0,8,132,0,140,0,8,134,0,142,292,0,292,434
06/18/2006,FTG,CO,ANM,WE,Federal Contract Tower,0,0,2,0,2,0,8,89,0,97,0,8,91,0,99,184,0,184,283
06/19/2006,FTG,CO,ANM,WE,Federal Contract Tower,0,2,0,0,2,0,4,97,0,101,0,6,97,0,103,234,0,234,337
06/20/2006,FTG,CO,ANM,WE,Federal Contract Tower,0,1,2,0,3,0,5,96,0,101,0,6,98,0,104,228,0,228,332
06/21/2006,FTG,CO,ANM,WE,Federal Contract Tower,0,3,5,0,8,0,2,127,0,129,0,5,132,0,137,240,0,240,377
06/22/2006,FTG,CO,ANM,WE,Federal Contract Tower,0,0,5,0,5,0,0,79,0,79,0,0,84,0,84,258,0,258,342
06/23/2006,FTG,CO,ANM,WE,Federal Contract Tower,0,0,7,2,9,0,2,304,8,314,0,2,311,10,323,322,10,332,655
06/24/2006,FTG,CO,ANM,WE,Federal Contract Tower,0,1,8,0,9,0,9,465,6,480,0,10,473,6,489,280,12,292,781
06/25/2006,FTG,CO,ANM,WE,Federal Contract Tower,0,0,7,1,8,0,10,404,14,428,0,10,411,15,436,244,24,268,704
06/26/2006,FTG,CO,ANM,WE,Federal Contract Tower,0,0,6,0,6,0,1,81,1,83,0,1,87,1,89,264,0,264,353
06/27/2006,FTG,CO,ANM,WE,Federal Contract Tower,0,2,5,0,7,0,8,115,0,123,0,10,120,0,130,290,0,290,420
06/28/2006,FTG,CO,ANM,WE,Federal Contract Tower,0,0,2,0,2,0,2,73,0,75,0,2,75,0,77,218,0,218,295
06/29/2006,FTG,CO,ANM,WE,Federal Contract Tower,0,2,5,0,7,0,2,131,0,133,0,4,136,0,140,190,0,190,330
06/30/2006,FTG,CO,ANM,WE,Federal Contract Tower,0,4,12,0,16,0,1,120,0,121,0,5,132,0,137,248,0,248,385
07/01/2006,FTG,CO,ANM,WE,Federal Contract Tower,0,0,9,0,9,0,0,86,0,86,0,0,95,0,95,240,0,240,335
07/02/2006,FTG,CO,ANM,WE,Federal Contract Tower,0,0,4,0,4,0,0,59,0,59,0,0,63,0,63,164,0,164,227
07/03/2006,FTG,CO,ANM,WE,Federal Contract Tower,0,0,5,0,5,0,6,70,0,76,0,6,75,0,81,150,0,150,231
07/04/2006,FTG,CO,ANM,WE,Federal Contract Tower,0,0,1,0,1,0,4,88,0,92,0,4,89,0,93,276,0,276,369
07/05/2006,FTG,CO,ANM,WE,Federal Contract Tower,0,0,10,0,10,0,2,78,0,80,0,2,88,0,90,36,0,36,126
07/06/2006,FTG,CO,ANM,WE,Federal Contract Tower,0,0,4,0,4,0,4,90,0,94,0,4,94,0,98,84,0,84,182
07/07/2006,FTG,CO,ANM,WE,Federal Contract Tower,0,2,6,0,8,0,6,101,0,107,0,8,107,0,115,140,0,140,255
07/08/2006,FTG,CO,ANM,WE,Federal Contract Tower,0,0,6,0,6,0,2,32,4,38,0,2,38,4,44,122,24,146,190
07/09/2006,FTG,CO,ANM,WE,Federal Contract Tower,0,0,31,0,31,0,0,0,0,0,0,0,31,0,31,0,0,0,31
07/10/2006,FTG,CO,ANM,WE,Federal Contract Tower,0,0,6,0,6,0,8,66,0,74,0,8,72,0,80,94,0,94,174
07/11/2006,FTG,CO,ANM,WE,Federal Contract Tower,0,1,2,0,3,0,7,86,0,93,0,8,88,0,96,168,0,168,264
07/12/2006,FTG,CO,ANM,WE,Federal Contract Tower,0,0,2,0,2,0,0,134,2,136,0,0,136,2,138,236,0,236,374
07/13/2006,FTG,CO,ANM,WE,Federal Contract Tower,0,0,4,0,4,0,1,120,0,121,0,1,124,0,125,184,0,184,309
07/14/2006,FTG,CO,ANM,WE,Federal Contract Tower,0,0,4,0,4,0,0,96,0,96,0,0,100,0,100,236,0,236,336
07/15/2006,FTG,CO,ANM,WE,Federal Contract Tower,0,1,6,0,7,0,0,124,0,124,0,1,130,0,131,200,0,200,331
07/16/2006,FTG,CO,ANM,WE,Federal Contract Tower,0,1,3,0,4,0,1,68,0,69,0,2,71,0,73,104,0,104,177
07/17/2006,FTG,CO,ANM,WE,Federal Contract Tower,0,0,4,0,4,0,0,51,0,51,0,0,55,0,55,90,0,90,145
07/18/2006,FTG,CO,ANM,WE,Federal Contract Tower,0,2,1,0,3,0,1,87,0,88,0,3,88,0,91,142,0,142,233
07/19/2006,FTG,CO,ANM,WE,Federal Contract Tower,0,0,3,0,3,0,2,91,0,93,0,2,94,0,96,146,0,146,242
07/20/2006,FTG,CO,ANM,WE,Federal Contract Tower,0,0,2,0,2,0,0,92,0,92,0,0,94,0,94,146,0,146,240
07/21/2006,FTG,CO,ANM,WE,Federal Contract Tower,0,0,12,0,12,0,5,67,0,72,0,5,79,0,84,136,0,136,220
07/22/2006,FTG,CO,ANM,WE,Federal Contract Tower,0,2,3,0,5,0,0,146,0,146,0,2,149,0,151,202,0,202,353
07/23/2006,FTG,CO,ANM,WE,Federal Contract Tower,0,0,4,0,4,0,0,98,0,98,0,0,102,0,102,106,0,106,208
07/24/2006,FTG,CO,ANM,WE,Federal Contract Tower,0,0,0,0,0,0,2,98,0,100,0,2,98,0,100,122,0,122,222
07/25/2006,FTG,CO,ANM,WE,Federal Contract Tower,0,3,4,0,7,0,3,84,0,87,0,6,88,0,94,172,0,172,266
07/26/2006,FTG,CO,ANM,WE,Federal Contract Tower,0,0,5,0,5,0,12,89,4,105,0,12,94,4,110,138,10,148,258
07/27/2006,FTG,CO,ANM,WE,Federal Contract Tower,0,1,6,0,7,0,7,98,0,105,0,8,104,0,112,128,0,128,240
07/28/2006,FTG,CO,ANM,WE,Federal Contract Tower,0,0,3,0,3,0,3,92,6,101,0,3,95,6,104,120,4,124,228
07/29/2006,FTG,CO,ANM,WE,Federal Contract Tower,0,0,5,0,5,0,2,169,0,171,0,2,174,0,176,126,0,126,302
07/30/2006,FTG,CO,ANM,WE,Federal Contract Tower,0,0,8,0,8,0,2,93,0,95,0,2,101,0,103,90,0,90,193
07/31/2006,FTG,CO,ANM,WE,Federal Contract Tower,0,0,6,0,6,0,2,76,0,78,0,2,82,0,84,66,0,66,150
08/01/2006,FTG,CO,ANM,WE,Federal Contract Tower,0,1,7,0,8,0,3,61,0,64,0,4,68,0,72,118,0,118,190
08/02/2006,FTG,CO,ANM,WE,Federal Contract Tower,0,1,2,0,3,1,2,76,2,81,1,3,78,2,84,108,0,108,192
08/03/2006,FTG,CO,ANM,WE,Federal Contract Tower,0,0,7,0,7,0,2,73,0,75,0,2,80,0,82,92,0,92,174
08/04/2006,FTG,CO,ANM,WE,Federal Contract Tower,0,0,10,0,10,0,0,79,0,79,0,0,89,0,89,118,0,118,207
08/05/2006,FTG,CO,ANM,WE,Federal Contract Tower,0,0,9,0,9,0,0,121,2,123,0,0,130,2,132,146,24,170,302
08/06/2006,FTG,CO,ANM,WE,Federal Contract Tower,0,0,5,0,5,0,0,74,2,76,0,0,79,2,81,122,18,140,221
08/07/2006,FTG,CO,ANM,WE,Federal Contract Tower,0,0,1,0,1,0,32,86,0,118,0,32,87,0,119,68,0,68,187
08/08/2006,FTG,CO,ANM,WE,Federal Contract Tower,0,1,16,0,17,0,5,51,0,56,0,6,67,0,73,124,0,124,197
08/09/2006,FTG,CO,ANM,WE,Federal Contract Tower,0,1,6,0,7,0,8,123,0,131,0,9,129,0,138,184,0,184,322
08/10/2006,FTG,CO,ANM,WE,Federal Contract Tower,0,0,5,0,5,0,10,126,0,136,0,10,131,0,141,148,0,148,289
08/11/2006,FTG,CO,ANM,WE,Federal Contract Tower,0,1,6,0,7,0,2,84,0,86,0,3,90,0,93,96,0,96,189
08/12/2006,FTG,CO,ANM,WE,Federal Contract Tower,0,0,4,0,4,0,3,77,0,80,0,3,81,0,84,160,0,160,244
08/13/2006,FTG,CO,ANM,WE,Federal Contract Tower,0,0,3,0,3,0,2,103,0,105,0,2,106,0,108,172,0,172,280
08/14/2006,FTG,CO,ANM,WE,Federal Contract Tower,0,1,9,0,10,0,3,80,0,83,0,4,89,0,93,142,0,142,235
08/15/2006,FTG,CO,ANM,WE,Federal Contract Tower,0,3,4,0,7,0,3,81,0,84,0,6,85,0,91,134,0,134,225
08/16/2006,FTG,CO,ANM,WE,Federal Contract Tower,0,0,6,0,6,0,8,84,1,93,0,8,90,1,99,136,0,136,235
08/17/2006,FTG,CO,ANM,WE,Federal Contract Tower,0,1,5,0,6,0,10,151,0,161,0,11,156,0,167,268,0,268,435
08/18/2006,FTG,CO,ANM,WE,Federal Contract Tower,0,1,4,0,5,0,0,75,0,75,0,1,79,0,80,136,0,136,216
08/19/2006,FTG,CO,ANM,WE,Federal Contract Tower,0,0,20,0,20,0,4,36,0,40,0,4,56,0,60,20,0,20,80
08/20/2006,FTG,CO,ANM,WE,Federal Contract Tower,0,0,10,0,10,0,2,98,0,100,0,2,108,0,110,154,0,154,264
08/21/2006,FTG,CO,ANM,WE,Federal Contract Tower,0,1,6,0,7,0,3,86,0,89,0,4,92,0,96,158,0,158,254
08/22/2006,FTG,CO,ANM,WE,Federal Contract Tower,0,0,3,0,3,0,4,76,0,80,0,4,79,0,83,222,0,222,305
08/23/2006,FTG,CO,ANM,WE,Federal Contract Tower,0,1,5,0,6,0,4,97,0,101,0,5,102,0,107,182,0,182,289
08/24/2006,FTG,CO,ANM,WE,Federal Contract Tower,0,2,8,0,10,0,13,66,0,79,0,15,74,0,89,212,0,212,301
08/25/2006,FTG,CO,ANM,WE,Federal Contract Tower,0,1,2,0,3,0,1,101,0,102,0,2,103,0,105,156,0,156,261
08/26/2006,FTG,CO,ANM,WE,Federal Contract Tower,0,9,12,0,21,0,9,137,0,146,0,18,149,0,167,116,0,116,283
08/27/2006,FTG,CO,ANM,WE,Federal Contract Tower,0,2,5,0,7,0,3,90,0,93,0,5,95,0,100,174,0,174,274
08/28/2006,FTG,CO,ANM,WE,Federal Contract Tower,0,1,10,0,11,0,3,58,0,61,0,4,68,0,72,144,0,144,216
08/29/2006,FTG,CO,ANM,WE,Federal Contract Tower,0,0,0,0,0,0,18,82,0,100,0,18,82,0,100,148,0,148,248
08/30/2006,FTG,CO,ANM,WE,Federal Contract Tower,0,0,3,0,3,0,4,103,0,107,0,4,106,0,110,142,0,142,252
08/31/2006,FTG,CO,ANM,WE,Federal Contract Tower,0,3,0,0,3,0,5,70,2,77,0,8,70,2,80,98,0,98,178
09/01/2006,FTG,CO,ANM,WE,Federal Contract Tower,0,1,4,0,5,0,1,62,0,63,0,2,66,0,68,86,2,88,156
09/02/2006,FTG,CO,ANM,WE,Federal Contract Tower,0,0,12,0,12,0,0,46,0,46,0,0,58,0,58,108,0,108,166
09/03/2006,FTG,CO,ANM,WE,Federal Contract Tower,0,0,6,0,6,0,0,96,0,96,0,0,102,0,102,206,0,206,308
09/04/2006,FTG,CO,ANM,WE,Federal Contract Tower,0,1,3,0,4,0,5,135,0,140,0,6,138,0,144,152,0,152,296
09/05/2006,FTG,CO,ANM,WE,Federal Contract Tower,0,2,7,0,9,0,20,125,0,145,0,22,132,0,154,150,0,150,304
09/06/2006,FTG,CO,ANM,WE,Federal Contract Tower,0,0,0,0,0,1,18,104,10,133,1,18,104,10,133,200,10,210,343
09/07/2006,FTG,CO,ANM,WE,Federal Contract Tower,0,1,8,0,9,0,4,94,0,98,0,5,102,0,107,202,0,202,309
09/08/2006,FTG,CO,ANM,WE,Federal Contract Tower,0,0,3,0,3,0,2,44,0,46,0,2,47,0,49,154,0,154,203
09/09/2006,FTG,CO,ANM,WE,Federal Contract Tower,0,2,11,0,13,0,5,56,0,61,0,7,67,0,74,60,0,60,134
09/10/2006,FTG,CO,ANM,WE,Federal Contract Tower,0,0,12,0,12,0,6,61,0,67,0,6,73,0,79,157,0,157,236
09/11/2006,FTG,CO,ANM,WE,Federal Contract Tower,0,1,5,0,6,0,3,34,0,37,0,4,39,0,43,78,0,78,121
09/12/2006,FTG,CO,ANM,WE,Federal Contract Tower,0,0,10,0,10,0,6,94,0,100,0,6,104,0,110,228,0,228,338
09/13/2006,FTG,CO,ANM,WE,Federal Contract Tower,0,0,5,0,5,0,2,113,0,115,0,2,118,0,120,230,0,230,350
09/14/2006,FTG,CO,ANM,WE,Federal Contract Tower,0,0,3,0,3,0,2,77,0,79,0,2,80,0,82,140,0,140,222
09/15/2006,FTG,CO,ANM,WE,Federal Contract Tower,0,0,5,0,5,0,3,85,0,88,0,3,90,0,93,158,0,158,251
09/16/2006,FTG,CO,ANM,WE,Federal Contract Tower,0,0,3,0,3,0,0,55,0,55,0,0,58,0,58,88,0,88,146
09/17/2006,FTG,CO,ANM,WE,Federal Contract Tower,0,2,9,0,11,0,5,108,0,113,0,7,117,0,124,146,0,146,270
09/18/2006,FTG,CO,ANM,WE,Federal Contract Tower,0,0,1,0,1,0,4,87,0,91,0,4,88,0,92,128,0,128,220
09/19/2006,FTG,CO,ANM,WE,Federal Contract Tower,0,0,3,0,3,0,4,94,0,98,0,4,97,0,101,188,0,188,289
09/20/2006,FTG,CO,ANM,WE,Federal Contract Tower,0,0,8,0,8,0,6,94,0,100,0,6,102,0,108,148,0,148,256
09/21/2006,FTG,CO,ANM,WE,Federal Contract Tower,0,1,6,0,7,0,3,26,0,29,0,4,32,0,36,118,0,118,154
09/22/2006,FTG,CO,ANM,WE,Federal Contract Tower,0,1,4,0,5,0,2,76,0,78,0,3,80,0,83,132,0,132,215
09/23/2006,FTG,CO,ANM,WE,Federal Contract Tower,0,0,3,0,3,0,0,34,0,34,0,0,37,0,37,50,0,50,87
09/24/2006,FTG,CO,ANM,WE,Federal Contract Tower,0,0,3,0,3,0,0,174,0,174,0,0,177,0,177,270,0,270,447
09/25/2006,FTG,CO,ANM,WE,Federal Contract Tower,0,0,8,0,8,0,1,118,0,119,0,1,126,0,127,228,0,228,355
09/26/2006,FTG,CO,ANM,WE,Federal Contract Tower,0,0,4,0,4,0,0,94,0,94,0,0,98,0,98,156,0,156,254
09/27/2006,FTG,CO,ANM,WE,Federal Contract Tower,0,0,3,0,3,0,0,94,0,94,0,0,97,0,97,126,0,126,223
09/28/2006,FTG,CO,ANM,WE,Federal Contract Tower,0,0,2,0,2,0,1,120,0,121,0,1,122,0,123,206,0,206,329
09/29/2006,FTG,CO,ANM,WE,Federal Contract Tower,0,2,2,0,4,0,0,142,0,142,0,2,144,0,146,174,0,174,320
09/30/2006,FTG,CO,ANM,WE,Federal Contract Tower,0,0,3,0,3,0,2,181,0,183,0,2,184,0,186,224,0,224,410
10/01/2006,FTG,CO,ANM,WE,Federal Contract Tower,0,0,0,0,0,0,0,79,0,79,0,0,79,0,79,124,0,124,203
10/02/2006,FTG,CO,ANM,WE,Federal Contract Tower,0,1,9,0,10,0,8,63,0,71,0,9,72,0,81,118,0,118,199
10/03/2006,FTG,CO,ANM,WE,Federal Contract Tower,0,2,5,0,7,0,4,61,0,65,0,6,66,0,72,84,0,84,156
10/04/2006,FTG,CO,ANM,WE,Federal Contract Tower,0,1,18,0,19,0,1,52,0,53,0,2,70,0,72,82,0,82,154
10/05/2006,FTG,CO,ANM,WE,Federal Contract Tower,0,0,8,0,8,0,2,119,0,121,0,2,127,0,129,180,0,180,309
10/06/2006,FTG,CO,ANM,WE,Federal Contract Tower,0,0,8,0,8,0,4,93,0,97,0,4,101,0,105,78,0,78,183
10/07/2006,FTG,CO,ANM,WE,Federal Contract Tower,0,0,2,0,2,0,0,98,0,98,0,0,100,0,100,96,0,96,196
10/08/2006,FTG,CO,ANM,WE,Federal Contract Tower,0,0,13,0,13,0,2,28,0,30,0,2,41,0,43,90,0,90,133
10/09/2006,FTG,CO,ANM,WE,Federal Contract Tower,0,0,5,0,5,0,0,3,0,3,0,0,8,0,8,0,0,0,8
10/10/2006,FTG,CO,ANM,WE,Federal Contract Tower,0,2,3,0,5,0,2,32,0,34,0,4,35,0,39,78,0,78,117
10/11/2006,FTG,CO,ANM,WE,Federal Contract Tower,0,0,5,0,5,0,7,97,0,104,0,7,102,0,109,130,0,130,239
10/12/2006,FTG,CO,ANM,WE,Federal Contract Tower,0,1,12,0,13,0,6,115,0,121,0,7,127,0,134,82,0,82,216
10/13/2006,FTG,CO,ANM,WE,Federal Contract Tower,0,1,8,0,9,0,7,190,0,197,0,8,198,0,206,192,0,192,398
10/14/2006,FTG,CO,ANM,WE,Federal Contract Tower,0,0,5,0,5,0,13,190,0,203,0,13,195,0,208,280,0,280,488
10/15/2006,FTG,CO,ANM,WE,Federal Contract Tower,0,1,5,0,6,0,3,151,0,154,0,4,156,0,160,292,0,292,452
10/16/2006,FTG,CO,ANM,WE,Federal Contract Tower,0,1,8,0,9,0,9,71,0,80,0,10,79,0,89,108,0,108,197
10/17/2006,FTG,CO,ANM,WE,Federal Contract Tower,0,1,4,0,5,0,3,30,0,33,0,4,34,0,38,60,0,60,98
10/18/2006,FTG,CO,ANM,WE,Federal Contract Tower,0,0,2,1,3,0,0,40,1,41,0,0,42,2,44,116,8,124,168
10/19/2006,FTG,CO,ANM,WE,Federal Contract Tower,0,0,7,0,7,0,0,97,6,103,0,0,104,6,110,136,20,156,266
10/20/2006,FTG,CO,ANM,WE,Federal Contract Tower,0,1,10,0,11,0,0,68,0,68,0,1,78,0,79,86,0,86,165
10/21/2006,FTG,CO,ANM,WE,Federal Contract Tower,0,0,1,0,1,0,0,32,0,32,0,0,33,0,33,68,0,68,101
10/22/2006,FTG,CO,ANM,WE,Federal Contract Tower,0,0,1,0,1,0,0,65,0,65,0,0,66,0,66,224,0,224,290
10/23/2006,FTG,CO,ANM,WE,Federal Contract Tower,0,1,4,0,5,0,0,71,0,71,0,1,75,0,76,130,0,130,206
10/24/2006,FTG,CO,ANM,WE,Federal Contract Tower,0,0,6,0,6,0,0,120,0,120,0,0,126,0,126,138,0,138,264
10/25/2006,FTG,CO,ANM,WE,Federal Contract Tower,0,0,3,0,3,0,0,65,0,65,0,0,68,0,68,92,0,92,160
10/26/2006,FTG,CO,ANM,WE,Federal Contract Tower,0,0,1,0,1,0,0,1,0,1,0,0,2,0,2,22,0,22,24
10/27/2006,FTG,CO,ANM,WE,Federal Contract Tower,0,2,1,0,3,0,3,75,0,78,0,5,76,0,81,122,0,122,203
10/28/2006,FTG,CO,ANM,WE,Federal Contract Tower,0,0,4,0,4,0,6,256,0,262,0,6,260,0,266,268,1,269,535
10/29/2006,FTG,CO,ANM,WE,Federal Contract Tower,0,0,3,0,3,0,0,101,0,101,0,0,104,0,104,174,0,174,278
10/30/2006,FTG,CO,ANM,WE,Federal Contract Tower,0,0,1,0,1,0,18,121,0,139,0,18,122,0,140,88,0,88,228
10/31/2006,FTG,CO,ANM,WE,Federal Contract Tower,0,0,7,0,7,0,16,88,0,104,0,16,95,0,111,120,0,120,231
11/01/2006,FTG,CO,ANM,WE,Federal Contract Tower,0,2,5,0,7,0,8,177,0,185,0,10,182,0,192,198,0,198,390
11/02/2006,FTG,CO,ANM,WE,Federal Contract Tower,0,1,2,0,3,0,31,154,0,185,0,32,156,0,188,250,0,250,438
11/03/2006,FTG,CO,ANM,WE,Federal Contract Tower,0,2,9,0,11,0,3,99,0,102,0,5,108,0,113,148,0,148,261
11/04/2006,FTG,CO,ANM,WE,Federal Contract Tower,0,0,6,0,6,0,0,75,0,75,0,0,81,0,81,160,0,160,241
11/05/2006,FTG,CO,ANM,WE,Federal Contract Tower,0,2,2,0,4,0,1,77,0,78,0,3,79,0,82,132,0,132,214
11/06/2006,FTG,CO,ANM,WE,Federal Contract Tower,0,1,4,0,5,0,9,163,0,172,0,10,167,0,177,186,0,186,363
11/07/2006,FTG,CO,ANM,WE,Federal Contract Tower,0,1,6,0,7,0,24,114,0,138,0,25,120,0,145,160,0,160,305
11/08/2006,FTG,CO,ANM,WE,Federal Contract Tower,0,2,4,0,6,0,3,148,2,153,0,5,152,2,159,158,0,158,317
11/09/2006,FTG,CO,ANM,WE,Federal Contract Tower,0,0,6,0,6,0,2,88,0,90,0,2,94,0,96,152,0,152,248
11/10/2006,FTG,CO,ANM,WE,Federal Contract Tower,0,0,1,0,1,0,0,50,0,50,0,0,51,0,51,82,0,82,133
11/11/2006,FTG,CO,ANM,WE,Federal Contract Tower,0,0,0,0,0,0,0,98,0,98,0,0,98,0,98,102,0,102,200
11/12/2006,FTG,CO,ANM,WE,Federal Contract Tower,0,0,6,0,6,0,0,10,0,10,0,0,16,0,16,2,0,2,18
11/13/2006,FTG,CO,ANM,WE,Federal Contract Tower,0,1,3,0,4,0,7,76,0,83,0,8,79,0,87,98,0,98,185
11/14/2006,FTG,CO,ANM,WE,Federal Contract Tower,0,2,5,0,7,0,2,27,0,29,0,4,32,0,36,68,0,68,104
11/15/2006,FTG,CO,ANM,WE,Federal Contract Tower,0,1,6,0,7,0,1,140,0,141,0,2,146,0,148,194,0,194,342
11/16/2006,FTG,CO,ANM,WE,Federal Contract Tower,0,0,6,0,6,0,15,92,0,107,0,15,98,0,113,142,0,142,255
11/17/2006,FTG,CO,ANM,WE,Federal Contract Tower,0,0,3,0,3,0,1,111,0,112,0,1,114,0,115,180,0,180,295
11/18/2006,FTG,CO,ANM,WE,Federal Contract Tower,0,0,8,0,8,0,1,142,0,143,0,1,150,0,151,180,0,180,331
11/19/2006,FTG,CO,ANM,WE,Federal Contract Tower,0,0,3,0,3,0,0,171,0,171,0,0,174,0,174,228,0,228,402
11/20/2006,FTG,CO,ANM,WE,Federal Contract Tower,0,2,9,0,11,0,14,83,0,97,0,16,92,0,108,106,0,106,214
11/21/2006,FTG,CO,ANM,WE,Federal Contract Tower,0,0,23,0,23,0,12,110,0,122,0,12,133,0,145,252,0,252,397
11/22/2006,FTG,CO,ANM,WE,Federal Contract Tower,0,0,17,0,17,0,6,160,0,166,0,6,177,0,183,258,0,258,441
11/23/2006,FTG,CO,ANM,WE,Federal Contract Tower,0,0,1,0,1,0,0,59,0,59,0,0,60,0,60,50,0,50,110
11/24/2006,FTG,CO,ANM,WE,Federal Contract Tower,0,0,1,0,1,0,1,64,0,65,0,1,65,0,66,68,0,68,134
11/25/2006,FTG,CO,ANM,WE,Federal Contract Tower,0,0,5,0,5,0,0,176,0,176,0,0,181,0,181,248,0,248,429
11/26/2006,FTG,CO,ANM,WE,Federal Contract Tower,0,0,9,0,9,0,0,82,0,82,0,0,91,0,91,176,0,176,267
11/27/2006,FTG,CO,ANM,WE,Federal Contract Tower,0,0,4,0,4,0,6,91,0,97,0,6,95,0,101,92,0,92,193
11/28/2006,FTG,CO,ANM,WE,Federal Contract Tower,0,2,5,0,7,0,4,65,0,69,0,6,70,0,76,108,0,108,184
11/29/2006,FTG,CO,ANM,WE,Federal Contract Tower,0,0,1,0,1,0,0,2,0,2,0,0,3,0,3,0,0,0,3
11/30/2006,FTG,CO,ANM,WE,Federal Contract Tower,0,2,3,0,5,0,5,51,1,57,0,7,54,1,62,120,0,120,182
12/01/2006,FTG,CO,ANM,WE,Federal Contract Tower,0,0,4,0,4,0,2,62,0,64,0,2,66,0,68,66,0,66,134
12/02/2006,FTG,CO,ANM,WE,Federal Contract Tower,0,0,4,0,4,0,0,28,0,28,0,0,32,0,32,65,0,65,97
12/03/2006,FTG,CO,ANM,WE,Federal Contract Tower,0,0,5,0,5,0,2,85,0,87,0,2,90,0,92,184,0,184,276
12/04/2006,FTG,CO,ANM,WE,Federal Contract Tower,0,1,1,0,2,0,7,95,0,102,0,8,96,0,104,210,0,210,314
12/05/2006,FTG,CO,ANM,WE,Federal Contract Tower,0,1,3,0,4,0,5,79,0,84,0,6,82,0,88,88,0,88,176
12/06/2006,FTG,CO,ANM,WE,Federal Contract Tower,0,0,16,0,16,0,2,138,0,140,0,2,154,0,156,198,0,198,354
12/07/2006,FTG,CO,ANM,WE,Federal Contract Tower,0,0,1,0,1,0,2,108,0,110,0,2,109,0,111,254,0,254,365
12/08/2006,FTG,CO,ANM,WE,Federal Contract Tower,0,1,2,2,5,0,3,131,0,134,0,4,133,2,139,164,0,164,303
12/09/2006,FTG,CO,ANM,WE,Federal Contract Tower,0,0,2,0,2,0,0,192,0,192,0,0,194,0,194,302,0,302,496
12/10/2006,FTG,CO,ANM,WE,Federal Contract Tower,0,0,2,0,2,0,0,198,0,198,0,0,200,0,200,216,0,216,416
12/11/2006,FTG,CO,ANM,WE,Federal Contract Tower,0,2,2,0,4,0,2,66,0,68,0,4,68,0,72,66,0,66,138
12/12/2006,FTG,CO,ANM,WE,Federal Contract Tower,0,3,5,0,8,0,7,97,0,104,0,10,102,0,112,172,0,172,284
12/13/2006,FTG,CO,ANM,WE,Federal Contract Tower,0,0,5,0,5,0,10,121,0,131,0,10,126,0,136,182,0,182,318
12/14/2006,FTG,CO,ANM,WE,Federal Contract Tower,0,0,5,0,5,0,3,118,28,149,0,3,123,28,154,170,24,194,348
12/15/2006,FTG,CO,ANM,WE,Federal Contract Tower,0,0,5,0,5,0,2,105,4,111,0,2,110,4,116,162,0,162,278
12/16/2006,FTG,CO,ANM,WE,Federal Contract Tower,0,1,5,0,6,0,2,84,0,86,0,3,89,0,92,150,0,150,242
12/17/2006,FTG,CO,ANM,WE,Federal Contract Tower,0,0,2,0,2,0,0,68,0,68,0,0,70,0,70,100,0,100,170
12/18/2006,FTG,CO,ANM,WE,Federal Contract Tower,0,3,5,0,8,0,3,67,0,70,0,6,72,0,78,132,0,132,210
12/19/2006,FTG,CO,ANM,WE,Federal Contract Tower,0,0,6,0,6,0,4,82,0,86,0,4,88,0,92,284,0,284,376
12/20/2006,FTG,CO,ANM,WE,Federal Contract Tower,0,0,0,0,0,0,0,0,0,0,0,0,0,0,0,0,0,0,0
12/21/2006,FTG,CO,ANM,WE,Federal Contract Tower,0,0,5,0,5,0,0,4,0,4,0,0,9,0,9,0,0,0,9
12/22/2006,FTG,CO,ANM,WE,Federal Contract Tower,0,1,29,0,30,0,6,25,0,31,0,7,54,0,61,0,0,0,61
12/23/2006,FTG,CO,ANM,WE,Federal Contract Tower,0,0,18,0,18,0,1,46,0,47,0,1,64,0,65,36,0,36,101
12/24/2006,FTG,CO,ANM,WE,Federal Contract Tower,0,0,10,0,10,0,4,22,0,26,0,4,32,0,36,6,0,6,42
12/25/2006,FTG,CO,ANM,WE,Federal Contract Tower,0,0,1,0,1,0,2,29,0,31,0,2,30,0,32,0,0,0,32
12/26/2006,FTG,CO,ANM,WE,Federal Contract Tower,0,2,17,0,19,0,8,71,0,79,0,10,88,0,98,104,0,104,202
12/27/2006,FTG,CO,ANM,WE,Federal Contract Tower,0,1,6,0,7,0,4,132,0,136,0,5,138,0,143,216,0,216,359
12/28/2006,FTG,CO,ANM,WE,Federal Contract Tower,0,0,7,0,7,0,0,23,0,23,0,0,30,0,30,52,0,52,82
12/29/2006,FTG,CO,ANM,WE,Federal Contract Tower,0,0,1,0,1,0,0,0,0,0,0,0,1,0,1,0,0,0,1
12/30/2006,FTG,CO,ANM,WE,Federal Contract Tower,0,0,5,0,5,0,0,6,0,6,0,0,11,0,11,6,0,6,17
12/31/2006,FTG,CO,ANM,WE,Federal Contract Tower,0,0,8,0,8,0,2,20,0,22,0,2,28,0,30,24,0,24,54
01/01/2007,FTG,CO,ANM,WE,Federal Contract Tower,0,0,16,0,16,0,4,72,0,76,0,4,88,0,92,72,0,72,164
01/02/2007,FTG,CO,ANM,WE,Federal Contract Tower,0,1,5,0,6,0,5,97,0,102,0,6,102,0,108,86,0,86,194
01/03/2007,FTG,CO,ANM,WE,Federal Contract Tower,0,1,9,0,10,0,5,112,0,117,0,6,121,0,127,128,0,128,255
01/04/2007,FTG,CO,ANM,WE,Federal Contract Tower,0,0,9,0,9,0,4,122,0,126,0,4,131,0,135,144,0,144,279
01/05/2007,FTG,CO,ANM,WE,Federal Contract Tower,0,0,2,0,2,0,0,0,0,0,0,0,2,0,2,0,0,0,2
01/06/2007,FTG,CO,ANM,WE,Federal Contract Tower,0,1,2,0,3,0,1,65,0,66,0,2,67,0,69,32,0,32,101
01/07/2007,FTG,CO,ANM,WE,Federal Contract Tower,0,0,4,0,4,0,0,45,0,45,0,0,49,0,49,36,0,36,85
01/08/2007,FTG,CO,ANM,WE,Federal Contract Tower,0,2,2,0,4,0,2,42,0,44,0,4,44,0,48,42,0,42,90
01/09/2007,FTG,CO,ANM,WE,Federal Contract Tower,0,0,8,0,8,0,4,96,0,100,0,4,104,0,108,180,0,180,288
01/10/2007,FTG,CO,ANM,WE,Federal Contract Tower,0,1,13,0,14,0,13,179,0,192,0,14,192,0,206,202,0,202,408
01/11/2007,FTG,CO,ANM,WE,Federal Contract Tower,0,1,6,0,7,0,0,1,0,1,0,1,7,0,8,4,0,4,12
01/12/2007,FTG,CO,ANM,WE,Federal Contract Tower,0,2,3,0,5,0,0,4,0,4,0,2,7,0,9,12,0,12,21
01/13/2007,FTG,CO,ANM,WE,Federal Contract Tower,0,0,2,0,2,0,2,18,0,20,0,2,20,0,22,4,0,4,26
01/14/2007,FTG,CO,ANM,WE,Federal Contract Tower,0,0,2,0,2,0,0,0,0,0,0,0,2,0,2,0,0,0,2
01/15/2007,FTG,CO,ANM,WE,Federal Contract Tower,0,0,10,0,10,0,8,63,0,71,0,8,73,0,81,70,0,70,151
01/16/2007,FTG,CO,ANM,WE,Federal Contract Tower,0,2,3,0,5,0,4,74,0,78,0,6,77,0,83,122,0,122,205
01/17/2007,FTG,CO,ANM,WE,Federal Contract Tower,0,0,9,0,9,0,1,107,0,108,0,1,116,0,117,104,0,104,221
01/18/2007,FTG,CO,ANM,WE,Federal Contract Tower,0,0,6,0,6,0,14,80,0,94,0,14,86,0,100,104,0,104,204
01/19/2007,FTG,CO,ANM,WE,Federal Contract Tower,0,2,3,0,5,0,6,94,0,100,0,8,97,0,105,160,0,160,265
01/20/2007,FTG,CO,ANM,WE,Federal Contract Tower,0,2,4,0,6,0,0,11,0,11,0,2,15,0,17,28,0,28,45
01/21/2007,FTG,CO,ANM,WE,Federal Contract Tower,0,0,0,0,0,0,0,0,0,0,0,0,0,0,0,0,0,0,0
01/22/2007,FTG,CO,ANM,WE,Federal Contract Tower,0,2,3,0,5,0,4,29,0,33,0,6,32,0,38,30,0,30,68
01/23/2007,FTG,CO,ANM,WE,Federal Contract Tower,0,0,1,0,1,0,12,71,4,87,0,12,72,4,88,90,0,90,178
01/24/2007,FTG,CO,ANM,WE,Federal Contract Tower,0,0,3,0,3,0,1,87,0,88,0,1,90,0,91,102,0,102,193
01/25/2007,FTG,CO,ANM,WE,Federal Contract Tower,0,1,8,0,9,0,5,120,6,131,0,6,128,6,140,128,0,128,268
01/26/2007,FTG,CO,ANM,WE,Federal Contract Tower,0,3,1,0,4,0,5,131,2,138,0,8,132,2,142,280,30,310,452
01/27/2007,FTG,CO,ANM,WE,Federal Contract Tower,0,0,1,0,1,0,0,13,0,13,0,0,14,0,14,34,0,34,48
01/28/2007,FTG,CO,ANM,WE,Federal Contract Tower,0,1,11,0,12,0,4,127,0,131,0,5,138,0,143,198,0,198,341
01/29/2007,FTG,CO,ANM,WE,Federal Contract Tower,0,2,4,0,6,0,6,62,0,68,0,8,66,0,74,98,0,98,172
01/30/2007,FTG,CO,ANM,WE,Federal Contract Tower,0,0,2,0,2,0,2,100,0,102,0,2,102,0,104,130,0,130,234
01/31/2007,FTG,CO,ANM,WE,Federal Contract Tower,0,0,1,0,1,0,0,5,0,5,0,0,6,0,6,4,0,4,10
02/01/2007,FTG,CO,ANM,WE,Federal Contract Tower,0,1,4,0,5,0,1,33,0,34,0,2,37,0,39,62,0,62,101
02/02/2007,FTG,CO,ANM,WE,Federal Contract Tower,0,2,2,0,4,0,2,25,0,27,0,4,27,0,31,44,0,44,75
02/03/2007,FTG,CO,ANM,WE,Federal Contract Tower,0,0,7,0,7,0,0,51,2,53,0,0,58,2,60,54,10,64,124
02/04/2007,FTG,CO,ANM,WE,Federal Contract Tower,0,1,5,0,6,0,2,80,10,92,0,3,85,10,98,146,18,164,262
02/05/2007,FTG,CO,ANM,WE,Federal Contract Tower,0,1,5,0,6,0,5,104,0,109,0,6,109,0,115,212,4,216,331
02/06/2007,FTG,CO,ANM,WE,Federal Contract Tower,0,0,1,0,1,0,4,113,0,117,0,4,114,0,118,138,0,138,256
02/07/2007,FTG,CO,ANM,WE,Federal Contract Tower,0,1,6,0,7,0,3,140,4,147,0,4,146,4,154,254,11,265,419
02/08/2007,FTG,CO,ANM,WE,Federal Contract Tower,0,0,2,0,2,0,0,13,0,13,0,0,15,0,15,8,0,8,23
02/09/2007,FTG,CO,ANM,WE,Federal Contract Tower,0,3,6,0,9,0,3,59,0,62,0,6,65,0,71,142,0,142,213
02/10/2007,FTG,CO,ANM,WE,Federal Contract Tower,0,0,3,0,3,0,6,127,0,133,0,6,130,0,136,234,0,234,370
02/11/2007,FTG,CO,ANM,WE,Federal Contract Tower,0,0,4,0,4,0,0,100,0,100,0,0,104,0,104,214,0,214,318
02/12/2007,FTG,CO,ANM,WE,Federal Contract Tower,0,1,3,0,4,0,3,29,0,32,0,4,32,0,36,88,0,88,124
02/13/2007,FTG,CO,ANM,WE,Federal Contract Tower,0,0,2,0,2,0,0,0,0,0,0,0,2,0,2,8,0,8,10
02/14/2007,FTG,CO,ANM,WE,Federal Contract Tower,0,1,5,0,6,0,1,15,0,16,0,2,20,0,22,26,0,26,48
02/15/2007,FTG,CO,ANM,WE,Federal Contract Tower,0,2,13,0,15,0,8,71,0,79,0,10,84,0,94,104,0,104,198
02/16/2007,FTG,CO,ANM,WE,Federal Contract Tower,0,1,3,0,4,0,0,21,0,21,0,1,24,0,25,24,0,24,49
02/17/2007,FTG,CO,ANM,WE,Federal Contract Tower,0,0,10,0,10,0,6,138,0,144,0,6,148,0,154,208,0,208,362
02/18/2007,FTG,CO,ANM,WE,Federal Contract Tower,0,0,5,0,5,0,6,196,0,202,0,6,201,0,207,324,0,324,531
02/19/2007,FTG,CO,ANM,WE,Federal Contract Tower,0,0,2,0,2,0,8,100,4,112,0,8,102,4,114,222,0,222,336
02/20/2007,FTG,CO,ANM,WE,Federal Contract Tower,0,1,8,0,9,0,3,90,0,93,0,4,98,0,102,202,0,202,304
02/21/2007,FTG,CO,ANM,WE,Federal Contract Tower,0,4,5,0,9,0,6,201,0,207,0,10,206,0,216,286,0,286,502
02/22/2007,FTG,CO,ANM,WE,Federal Contract Tower,0,0,9,0,9,0,2,110,0,112,0,2,119,0,121,134,0,134,255
02/23/2007,FTG,CO,ANM,WE,Federal Contract Tower,0,2,9,0,11,0,4,117,15,136,0,6,126,15,147,146,26,172,319
02/24/2007,FTG,CO,ANM,WE,Federal Contract Tower,0,0,1,0,1,0,4,3,0,7,0,4,4,0,8,0,0,0,8
02/25/2007,FTG,CO,ANM,WE,Federal Contract Tower,0,0,7,0,7,0,2,135,0,137,0,2,142,0,144,210,0,210,354
02/26/2007,FTG,CO,ANM,WE,Federal Contract Tower,0,1,8,0,9,0,6,70,0,76,0,7,78,0,85,172,0,172,257
02/27/2007,FTG,CO,ANM,WE,Federal Contract Tower,0,0,11,0,11,0,12,91,0,103,0,12,102,0,114,184,0,184,298
02/28/2007,FTG,CO,ANM,WE,Federal Contract Tower,0,0,1,0,1,0,0,3,0,3,0,0,4,0,4,0,0,0,4
03/01/2007,FTG,CO,ANM,WE,Federal Contract Tower,0,0,2,0,2,0,0,34,0,34,0,0,36,0,36,20,0,20,56
03/02/2007,FTG,CO,ANM,WE,Federal Contract Tower,0,2,5,0,7,0,2,25,0,27,0,4,30,0,34,86,0,86,120
03/03/2007,FTG,CO,ANM,WE,Federal Contract Tower,0,0,9,0,9,0,0,289,1,290,0,0,298,1,299,216,0,216,515
03/04/2007,FTG,CO,ANM,WE,Federal Contract Tower,0,1,7,0,8,0,1,233,4,238,0,2,240,4,246,310,0,310,556
03/05/2007,FTG,CO,ANM,WE,Federal Contract Tower,0,0,8,0,8,0,8,158,0,166,0,8,166,0,174,152,0,152,326
03/06/2007,FTG,CO,ANM,WE,Federal Contract Tower,0,0,5,0,5,0,4,107,0,111,0,4,112,0,116,161,0,161,277
03/07/2007,FTG,CO,ANM,WE,Federal Contract Tower,0,0,2,0,2,0,0,158,0,158,0,0,160,0,160,136,0,136,296
03/08/2007,FTG,CO,ANM,WE,Federal Contract Tower,0,0,4,0,4,0,4,86,0,90,0,4,90,0,94,130,0,130,224
03/09/2007,FTG,CO,ANM,WE,Federal Contract Tower,0,1,6,0,7,0,1,108,0,109,0,2,114,0,116,152,0,152,268
03/10/2007,FTG,CO,ANM,WE,Federal Contract Tower,0,0,9,0,9,0,2,87,0,89,0,2,96,0,98,200,0,200,298
03/11/2007,FTG,CO,ANM,WE,Federal Contract Tower,0,0,15,0,15,0,0,213,0,213,0,0,228,0,228,288,0,288,516
03/12/2007,FTG,CO,ANM,WE,Federal Contract Tower,0,3,6,0,9,0,3,126,0,129,0,6,132,0,138,144,0,144,282
03/13/2007,FTG,CO,ANM,WE,Federal Contract Tower,0,0,1,0,1,0,12,113,4,129,0,12,114,4,130,196,0,196,326
03/14/2007,FTG,CO,ANM,WE,Federal Contract Tower,0,1,8,0,9,0,10,116,0,126,0,11,124,0,135,180,0,180,315
03/15/2007,FTG,CO,ANM,WE,Federal Contract Tower,0,2,8,0,10,0,8,62,0,70,0,10,70,0,80,92,0,92,172
03/16/2007,FTG,CO,ANM,WE,Federal Contract Tower,0,0,6,0,6,0,0,131,0,131,0,0,137,0,137,164,0,164,301
03/17/2007,FTG,CO,ANM,WE,Federal Contract Tower,0,0,8,0,8,0,0,181,0,181,0,0,189,0,189,166,0,166,355
03/18/2007,FTG,CO,ANM,WE,Federal Contract Tower,0,0,9,0,9,0,0,117,0,117,0,0,126,0,126,190,0,190,316
03/19/2007,FTG,CO,ANM,WE,Federal Contract Tower,0,0,3,0,3,0,8,119,0,127,0,8,122,0,130,188,0,188,318
03/20/2007,FTG,CO,ANM,WE,Federal Contract Tower,0,1,5,0,6,0,9,140,2,151,0,10,145,2,157,283,0,283,440
03/21/2007,FTG,CO,ANM,WE,Federal Contract Tower,0,1,3,0,4,0,4,90,0,94,0,5,93,0,98,222,0,222,320
03/22/2007,FTG,CO,ANM,WE,Federal Contract Tower,0,1,3,0,4,0,3,90,0,93,0,4,93,0,97,250,0,250,347
03/23/2007,FTG,CO,ANM,WE,Federal Contract Tower,0,0,2,0,2,0,3,64,0,67,0,3,66,0,69,146,0,146,215
03/24/2007,FTG,CO,ANM,WE,Federal Contract Tower,0,0,17,0,17,0,0,0,0,0,0,0,17,0,17,2,0,2,19
03/25/2007,FTG,CO,ANM,WE,Federal Contract Tower,0,0,8,0,8,0,4,172,0,176,0,4,180,0,184,246,0,246,430
03/26/2007,FTG,CO,ANM,WE,Federal Contract Tower,0,2,9,0,11,0,8,118,0,126,0,10,127,0,137,218,0,218,355
03/27/2007,FTG,CO,ANM,WE,Federal Contract Tower,0,0,9,0,9,0,0,60,0,60,0,0,69,0,69,92,0,92,161
03/28/2007,FTG,CO,ANM,WE,Federal Contract Tower,0,0,2,0,2,0,0,67,0,67,0,0,69,0,69,108,0,108,177
03/29/2007,FTG,CO,ANM,WE,Federal Contract Tower,0,0,1,0,1,0,0,0,0,0,0,0,1,0,1,0,0,0,1
03/30/2007,FTG,CO,ANM,WE,Federal Contract Tower,0,1,7,0,8,0,0,71,0,71,0,1,78,0,79,100,0,100,179
03/31/2007,FTG,CO,ANM,WE,Federal Contract Tower,0,0,4,0,4,0,0,241,0,241,0,0,245,0,245,112,0,112,357
04/01/2007,FTG,CO,ANM,WE,Federal Contract Tower,0,2,6,0,8,0,1,118,0,119,0,3,124,0,127,214,0,214,341
04/02/2007,FTG,CO,ANM,WE,Federal Contract Tower,0,0,13,0,13,0,10,116,0,126,0,10,129,0,139,230,0,230,369
04/03/2007,FTG,CO,ANM,WE,Federal Contract Tower,0,1,7,0,8,0,13,114,0,127,0,14,121,0,135,148,0,148,283
04/04/2007,FTG,CO,ANM,WE,Federal Contract Tower,0,2,5,0,7,0,4,114,0,118,0,6,119,0,125,126,0,126,251
04/05/2007,FTG,CO,ANM,WE,Federal Contract Tower,0,0,1,0,1,0,6,48,0,54,0,6,49,0,55,104,0,104,159
04/06/2007,FTG,CO,ANM,WE,Federal Contract Tower,0,0,2,0,2,0,0,1,0,1,0,0,3,0,3,0,0,0,3
04/07/2007,FTG,CO,ANM,WE,Federal Contract Tower,0,0,4,0,4,0,0,1,0,1,0,0,5,0,5,16,0,16,21
04/08/2007,FTG,CO,ANM,WE,Federal Contract Tower,0,0,4,0,4,0,0,0,0,0,0,0,4,0,4,0,0,0,4
04/09/2007,FTG,CO,ANM,WE,Federal Contract Tower,0,0,12,0,12,0,8,147,0,155,0,8,159,0,167,238,0,238,405
04/10/2007,FTG,CO,ANM,WE,Federal Contract Tower,0,0,3,0,3,0,0,22,0,22,0,0,25,0,25,22,0,22,47
04/11/2007,FTG,CO,ANM,WE,Federal Contract Tower,0,0,5,0,5,0,8,160,0,168,0,8,165,0,173,286,0,286,459
04/12/2007,FTG,CO,ANM,WE,Federal Contract Tower,0,0,4,0,4,0,0,54,0,54,0,0,58,0,58,42,0,42,100
04/13/2007,FTG,CO,ANM,WE,Federal Contract Tower,0,1,0,0,1,0,0,2,0,2,0,1,2,0,3,0,0,0,3
04/14/2007,FTG,CO,ANM,WE,Federal Contract Tower,0,0,2,0,2,0,1,152,0,153,0,1,154,0,155,202,0,202,357
04/15/2007,FTG,CO,ANM,WE,Federal Contract Tower,0,4,4,0,8,0,0,105,2,107,0,4,109,2,115,118,0,118,233
04/16/2007,FTG,CO,ANM,WE,Federal Contract Tower,0,0,8,0,8,0,2,40,2,44,0,2,48,2,52,24,0,24,76
04/17/2007,FTG,CO,ANM,WE,Federal Contract Tower,0,0,8,0,8,0,4,50,4,58,0,4,58,4,66,92,0,92,158
04/18/2007,FTG,CO,ANM,WE,Federal Contract Tower,0,0,3,0,3,0,5,81,14,100,0,5,84,14,103,154,0,154,257
04/19/2007,FTG,CO,ANM,WE,Federal Contract Tower,0,0,6,0,6,0,2,60,2,64,0,2,66,2,70,102,0,102,172
04/20/2007,FTG,CO,ANM,WE,Federal Contract Tower,0,0,11,0,11,0,3,179,0,182,0,3,190,0,193,182,0,182,375
04/21/2007,FTG,CO,ANM,WE,Federal Contract Tower,0,0,5,0,5,0,0,73,8,81,0,0,78,8,86,96,0,96,182
04/22/2007,FTG,CO,ANM,WE,Federal Contract Tower,0,1,5,0,6,0,4,101,0,105,0,5,106,0,111,260,0,260,371
04/23/2007,FTG,CO,ANM,WE,Federal Contract Tower,0,1,4,0,5,0,12,85,0,97,0,13,89,0,102,152,0,152,254
04/24/2007,FTG,CO,ANM,WE,Federal Contract Tower,0,0,1,0,1,0,0,0,0,0,0,0,1,0,1,0,0,0,1
04/25/2007,FTG,CO,ANM,WE,Federal Contract Tower,0,2,14,0,16,0,2,48,0,50,0,4,62,0,66,86,0,86,152
04/26/2007,FTG,CO,ANM,WE,Federal Contract Tower,0,1,2,0,3,0,6,139,2,147,0,7,141,2,150,204,0,204,354
04/27/2007,FTG,CO,ANM,WE,Federal Contract Tower,0,0,4,0,4,0,2,136,16,154,0,2,140,16,158,148,0,148,306
04/28/2007,FTG,CO,ANM,WE,Federal Contract Tower,0,2,2,0,4,0,1,198,0,199,0,3,200,0,203,170,0,170,373
04/29/2007,FTG,CO,ANM,WE,Federal Contract Tower,0,0,1,0,1,0,0,143,0,143,0,0,144,0,144,164,0,164,308
04/30/2007,FTG,CO,ANM,WE,Federal Contract Tower,0,1,8,0,9,0,5,97,0,102,0,6,105,0,111,132,0,132,243
05/01/2007,FTG,CO,ANM,WE,Federal Contract Tower,0,0,3,0,3,0,6,82,0,88,0,6,85,0,91,102,0,102,193
05/02/2007,FTG,CO,ANM,WE,Federal Contract Tower,0,0,3,0,3,0,2,48,1,51,0,2,51,1,54,70,0,70,124
05/03/2007,FTG,CO,ANM,WE,Federal Contract Tower,0,0,4,0,4,0,0,73,0,73,0,0,77,0,77,102,0,102,179
05/04/2007,FTG,CO,ANM,WE,Federal Contract Tower,0,0,2,0,2,0,2,86,0,88,0,2,88,0,90,158,0,158,248
05/05/2007,FTG,CO,ANM,WE,Federal Contract Tower,0,0,4,0,4,0,0,38,0,38,0,0,42,0,42,52,0,52,94
05/06/2007,FTG,CO,ANM,WE,Federal Contract Tower,0,2,2,0,4,0,5,111,5,121,0,7,113,5,125,1540,0,1540,1665
05/07/2007,FTG,CO,ANM,WE,Federal Contract Tower,0,0,8,0,8,0,12,79,4,95,0,12,87,4,103,98,0,98,201
05/08/2007,FTG,CO,ANM,WE,Federal Contract Tower,0,0,6,0,6,0,6,104,0,110,0,6,110,0,116,206,0,206,322
05/09/2007,FTG,CO,ANM,WE,Federal Contract Tower,0,0,6,0,6,0,24,129,22,175,0,24,135,22,181,140,0,140,321
05/10/2007,FTG,CO,ANM,WE,Federal Contract Tower,0,0,2,0,2,0,4,90,0,94,0,4,92,0,96,106,0,106,202
05/11/2007,FTG,CO,ANM,WE,Federal Contract Tower,0,0,3,0,3,0,0,109,0,109,0,0,112,0,112,270,0,270,382
05/12/2007,FTG,CO,ANM,WE,Federal Contract Tower,0,0,2,0,2,0,0,71,0,71,0,0,73,0,73,92,0,92,165
05/13/2007,FTG,CO,ANM,WE,Federal Contract Tower,0,0,3,0,3,0,3,59,0,62,0,3,62,0,65,80,0,80,145
05/14/2007,FTG,CO,ANM,WE,Federal Contract Tower,0,1,15,0,16,0,5,82,0,87,0,6,97,0,103,124,0,124,227
05/15/2007,FTG,CO,ANM,WE,Federal Contract Tower,0,1,13,0,14,0,3,108,0,111,0,4,121,0,125,142,0,142,267
05/16/2007,FTG,CO,ANM,WE,Federal Contract Tower,0,0,6,0,6,0,14,119,12,145,0,14,125,12,151,178,14,192,343
05/17/2007,FTG,CO,ANM,WE,Federal Contract Tower,0,0,0,0,0,0,8,120,2,130,0,8,120,2,130,188,0,188,318
05/18/2007,FTG,CO,ANM,WE,Federal Contract Tower,0,4,7,0,11,0,3,96,0,99,0,7,103,0,110,86,0,86,196
05/19/2007,FTG,CO,ANM,WE,Federal Contract Tower,0,2,1,0,3,0,0,95,0,95,0,2,96,0,98,92,0,92,190
05/20/2007,FTG,CO,ANM,WE,Federal Contract Tower,0,0,1,0,1,0,0,98,0,98,0,0,99,0,99,96,0,96,195
05/21/2007,FTG,CO,ANM,WE,Federal Contract Tower,0,1,11,0,12,0,5,122,0,127,0,6,133,0,139,174,0,174,313
05/22/2007,FTG,CO,ANM,WE,Federal Contract Tower,0,0,13,0,13,0,2,61,0,63,0,2,74,0,76,50,0,50,126
05/23/2007,FTG,CO,ANM,WE,Federal Contract Tower,0,0,3,0,3,0,5,83,4,92,0,5,86,4,95,120,4,124,219
05/24/2007,FTG,CO,ANM,WE,Federal Contract Tower,0,0,6,0,6,0,4,121,20,145,0,4,127,20,151,178,14,192,343
05/25/2007,FTG,CO,ANM,WE,Federal Contract Tower,0,1,8,0,9,0,0,152,0,152,0,1,160,0,161,238,0,238,399
05/26/2007,FTG,CO,ANM,WE,Federal Contract Tower,0,0,2,0,2,0,0,220,0,220,0,0,222,0,222,100,0,100,322
05/27/2007,FTG,CO,ANM,WE,Federal Contract Tower,0,0,0,0,0,0,2,136,0,138,0,2,136,0,138,126,0,126,264
05/28/2007,FTG,CO,ANM,WE,Federal Contract Tower,0,0,4,0,4,0,7,178,0,185,0,7,182,0,189,172,0,172,361
05/29/2007,FTG,CO,ANM,WE,Federal Contract Tower,0,1,0,0,1,0,3,70,2,75,0,4,70,2,76,86,0,86,162
05/30/2007,FTG,CO,ANM,WE,Federal Contract Tower,0,0,2,0,2,0,8,76,28,112,0,8,78,28,114,150,20,170,284
05/31/2007,FTG,CO,ANM,WE,Federal Contract Tower,0,0,4,0,4,0,2,86,0,88,0,2,90,0,92,132,0,132,224
06/01/2007,FTG,CO,ANM,WE,Federal Contract Tower,0,0,2,0,2,0,0,68,0,68,0,0,70,0,70,76,0,76,146
06/02/2007,FTG,CO,ANM,WE,Federal Contract Tower,0,0,3,0,3,0,0,161,0,161,0,0,164,0,164,144,0,144,308
06/03/2007,FTG,CO,ANM,WE,Federal Contract Tower,0,0,12,0,12,0,2,102,12,116,0,2,114,12,128,120,0,120,248
06/04/2007,FTG,CO,ANM,WE,Federal Contract Tower,0,1,6,0,7,0,5,84,0,89,0,6,90,0,96,112,0,112,208
06/05/2007,FTG,CO,ANM,WE,Federal Contract Tower,0,0,1,0,1,0,8,113,0,121,0,8,114,0,122,162,0,162,284
06/06/2007,FTG,CO,ANM,WE,Federal Contract Tower,0,0,8,0,8,0,2,28,0,30,0,2,36,0,38,44,0,44,82
06/07/2007,FTG,CO,ANM,WE,Federal Contract Tower,0,0,7,0,7,0,8,55,0,63,0,8,62,0,70,90,0,90,160
06/08/2007,FTG,CO,ANM,WE,Federal Contract Tower,0,0,7,0,7,0,0,161,0,161,0,0,168,0,168,164,0,164,332
06/09/2007,FTG,CO,ANM,WE,Federal Contract Tower,0,0,3,0,3,0,0,132,0,132,0,0,135,0,135,74,0,74,209
06/10/2007,FTG,CO,ANM,WE,Federal Contract Tower,0,0,6,0,6,0,8,119,0,127,0,8,125,0,133,170,0,170,303
06/11/2007,FTG,CO,ANM,WE,Federal Contract Tower,0,1,1,0,2,0,5,76,0,81,0,6,77,0,83,94,0,94,177
06/12/2007,FTG,CO,ANM,WE,Federal Contract Tower,0,0,9,0,9,0,0,33,4,37,0,0,42,4,46,82,6,88,134
06/13/2007,FTG,CO,ANM,WE,Federal Contract Tower,0,0,10,0,10,0,2,122,0,124,0,2,132,0,134,200,0,200,334
06/14/2007,FTG,CO,ANM,WE,Federal Contract Tower,0,1,1,0,2,0,6,127,0,133,0,7,128,0,135,96,0,96,231
06/15/2007,FTG,CO,ANM,WE,Federal Contract Tower,0,0,5,0,5,0,0,117,0,117,0,0,122,0,122,142,0,142,264
06/16/2007,FTG,CO,ANM,WE,Federal Contract Tower,0,1,8,0,9,0,0,107,0,107,0,1,115,0,116,140,0,140,256
06/17/2007,FTG,CO,ANM,WE,Federal Contract Tower,0,1,4,0,5,0,5,94,0,99,0,6,98,0,104,78,0,78,182
06/18/2007,FTG,CO,ANM,WE,Federal Contract Tower,0,2,7,0,9,0,2,116,0,118,0,4,123,0,127,80,0,80,207
06/19/2007,FTG,CO,ANM,WE,Federal Contract Tower,0,1,6,0,7,0,14,112,0,126,0,15,118,0,133,140,0,140,273
06/20/2007,FTG,CO,ANM,WE,Federal Contract Tower,0,3,4,0,7,0,3,120,0,123,0,6,124,0,130,166,0,166,296
06/21/2007,FTG,CO,ANM,WE,Federal Contract Tower,0,0,12,0,12,0,4,166,4,174,0,4,178,4,186,116,16,132,318
06/22/2007,FTG,CO,ANM,WE,Federal Contract Tower,0,1,15,0,16,0,6,187,2,195,0,7,202,2,211,168,20,188,399
06/23/2007,FTG,CO,ANM,WE,Federal Contract Tower,0,0,1,0,1,0,12,543,4,559,0,12,544,4,560,278,30,308,868
06/24/2007,FTG,CO,ANM,WE,Federal Contract Tower,0,0,5,2,7,0,6,406,10,422,0,6,411,12,429,208,12,220,649
06/25/2007,FTG,CO,ANM,WE,Federal Contract Tower,0,2,9,1,12,0,2,77,2,81,0,4,86,3,93,102,1,103,196
06/26/2007,FTG,CO,ANM,WE,Federal Contract Tower,0,2,5,4,11,0,10,115,11,136,0,12,120,15,147,90,0,90,237
06/27/2007,FTG,CO,ANM,WE,Federal Contract Tower,0,0,12,0,12,0,0,68,2,70,0,0,80,2,82,90,2,92,174
06/28/2007,FTG,CO,ANM,WE,Federal Contract Tower,0,1,0,0,1,0,0,90,0,90,0,1,90,0,91,120,0,120,211
06/29/2007,FTG,CO,ANM,WE,Federal Contract Tower,0,0,6,0,6,0,6,132,0,138,0,6,138,0,144,144,0,144,288
06/30/2007,FTG,CO,ANM,WE,Federal Contract Tower,0,0,5,0,5,0,4,177,0,181,0,4,182,0,186,154,0,154,340
07/01/2007,FTG,CO,ANM,WE,Federal Contract Tower,0,1,6,0,7,0,3,136,0,139,0,4,142,0,146,222,0,222,368
07/02/2007,FTG,CO,ANM,WE,Federal Contract Tower,0,1,3,0,4,0,1,106,0,107,0,2,109,0,111,160,0,160,271
07/03/2007,FTG,CO,ANM,WE,Federal Contract Tower,0,0,1,0,1,0,0,46,0,46,0,0,47,0,47,64,2,66,113
07/04/2007,FTG,CO,ANM,WE,Federal Contract Tower,0,0,4,0,4,0,1,107,0,108,0,1,111,0,112,124,0,124,236
07/05/2007,FTG,CO,ANM,WE,Federal Contract Tower,0,0,2,0,2,0,0,66,0,66,0,0,68,0,68,108,0,108,176
07/06/2007,FTG,CO,ANM,WE,Federal Contract Tower,0,0,3,0,3,0,0,118,0,118,0,0,121,0,121,198,2,200,321
07/07/2007,FTG,CO,ANM,WE,Federal Contract Tower,0,0,5,0,5,0,0,127,0,127,0,0,132,0,132,118,0,118,250
07/08/2007,FTG,CO,ANM,WE,Federal Contract Tower,0,4,9,0,13,0,0,106,0,106,0,4,115,0,119,94,0,94,213
07/09/2007,FTG,CO,ANM,WE,Federal Contract Tower,0,0,1,0,1,0,8,143,0,151,0,8,144,0,152,166,0,166,318
07/10/2007,FTG,CO,ANM,WE,Federal Contract Tower,0,0,6,1,7,0,4,122,2,128,0,4,128,3,135,160,4,164,299
07/11/2007,FTG,CO,ANM,WE,Federal Contract Tower,0,0,5,0,5,0,10,144,0,154,0,10,149,0,159,178,0,178,337
07/12/2007,FTG,CO,ANM,WE,Federal Contract Tower,0,2,2,0,4,0,4,101,0,105,0,6,103,0,109,208,0,208,317
07/13/2007,FTG,CO,ANM,WE,Federal Contract Tower,0,1,6,0,7,0,0,131,2,133,0,1,137,2,140,180,16,196,336
07/14/2007,FTG,CO,ANM,WE,Federal Contract Tower,0,0,6,0,6,0,0,220,4,224,0,0,226,4,230,136,24,160,390
07/15/2007,FTG,CO,ANM,WE,Federal Contract Tower,0,1,7,0,8,0,1,130,1,132,0,2,137,1,140,192,0,192,332
07/16/2007,FTG,CO,ANM,WE,Federal Contract Tower,0,0,1,0,1,0,14,119,0,133,0,14,120,0,134,188,0,188,322
07/17/2007,FTG,CO,ANM,WE,Federal Contract Tower,0,0,4,0,4,0,0,109,0,109,0,0,113,0,113,80,0,80,193
07/18/2007,FTG,CO,ANM,WE,Federal Contract Tower,0,0,10,0,10,0,2,105,0,107,0,2,115,0,117,106,0,106,223
07/19/2007,FTG,CO,ANM,WE,Federal Contract Tower,0,0,12,0,12,0,3,50,0,53,0,3,62,0,65,34,0,34,99
07/20/2007,FTG,CO,ANM,WE,Federal Contract Tower,0,1,8,0,9,0,5,102,4,111,0,6,110,4,120,78,0,78,198
07/21/2007,FTG,CO,ANM,WE,Federal Contract Tower,0,0,2,0,2,0,0,209,0,209,0,0,211,0,211,196,0,196,407
07/22/2007,FTG,CO,ANM,WE,Federal Contract Tower,0,2,7,0,9,0,0,117,0,117,0,2,124,0,126,162,0,162,288
07/23/2007,FTG,CO,ANM,WE,Federal Contract Tower,0,0,2,0,2,0,12,179,0,191,0,12,181,0,193,178,0,178,371
07/24/2007,FTG,CO,ANM,WE,Federal Contract Tower,0,0,3,0,3,0,0,81,2,83,0,0,84,2,86,108,0,108,194
07/25/2007,FTG,CO,ANM,WE,Federal Contract Tower,0,0,12,0,12,0,6,106,0,112,0,6,118,0,124,120,0,120,244
07/26/2007,FTG,CO,ANM,WE,Federal Contract Tower,0,0,5,0,5,0,0,111,2,113,0,0,116,2,118,160,0,160,278
07/27/2007,FTG,CO,ANM,WE,Federal Contract Tower,0,1,23,0,24,0,1,57,0,58,0,2,80,0,82,130,0,130,212
07/28/2007,FTG,CO,ANM,WE,Federal Contract Tower,0,0,5,0,5,0,0,125,0,125,0,0,130,0,130,262,0,262,392
07/29/2007,FTG,CO,ANM,WE,Federal Contract Tower,0,0,7,0,7,0,2,136,0,138,0,2,143,0,145,242,0,242,387
07/30/2007,FTG,CO,ANM,WE,Federal Contract Tower,0,1,7,0,8,0,13,145,0,158,0,14,152,0,166,272,0,272,438
07/31/2007,FTG,CO,ANM,WE,Federal Contract Tower,0,1,6,0,7,0,9,108,2,119,0,10,114,2,126,246,0,246,372
08/01/2007,FTG,CO,ANM,WE,Federal Contract Tower,0,0,4,0,4,0,6,113,2,121,0,6,117,2,125,250,0,250,375
08/02/2007,FTG,CO,ANM,WE,Federal Contract Tower,0,0,6,0,6,0,8,137,0,145,0,8,143,0,151,260,0,260,411
08/03/2007,FTG,CO,ANM,WE,Federal Contract Tower,0,1,7,0,8,0,4,98,0,102,0,5,105,0,110,242,0,242,352
08/04/2007,FTG,CO,ANM,WE,Federal Contract Tower,0,2,6,0,8,0,1,153,0,154,0,3,159,0,162,202,0,202,364
08/05/2007,FTG,CO,ANM,WE,Federal Contract Tower,0,0,4,0,4,0,0,156,0,156,0,0,160,0,160,320,0,320,480
08/06/2007,FTG,CO,ANM,WE,Federal Contract Tower,0,1,5,0,6,0,5,75,0,80,0,6,80,0,86,174,0,174,260
08/07/2007,FTG,CO,ANM,WE,Federal Contract Tower,0,0,2,0,2,0,6,90,2,98,0,6,92,2,100,304,0,304,404
08/08/2007,FTG,CO,ANM,WE,Federal Contract Tower,0,0,4,0,4,0,12,151,0,163,0,12,155,0,167,312,0,312,479
08/09/2007,FTG,CO,ANM,WE,Federal Contract Tower,0,0,9,0,9,0,0,137,0,137,0,0,146,0,146,240,0,240,386
08/10/2007,FTG,CO,ANM,WE,Federal Contract Tower,0,0,7,0,7,0,0,133,0,133,0,0,140,0,140,262,0,262,402
08/11/2007,FTG,CO,ANM,WE,Federal Contract Tower,0,0,2,0,2,0,0,112,0,112,0,0,114,0,114,286,0,286,400
08/12/2007,FTG,CO,ANM,WE,Federal Contract Tower,0,1,8,0,9,0,0,169,0,169,0,1,177,0,178,266,0,266,444
08/13/2007,FTG,CO,ANM,WE,Federal Contract Tower,0,0,5,0,5,0,0,171,0,171,0,0,176,0,176,308,0,308,484
08/14/2007,FTG,CO,ANM,WE,Federal Contract Tower,0,0,6,0,6,0,0,130,0,130,0,0,136,0,136,408,0,408,544
08/15/2007,FTG,CO,ANM,WE,Federal Contract Tower,0,0,5,0,5,0,0,164,0,164,0,0,169,0,169,252,0,252,421
08/16/2007,FTG,CO,ANM,WE,Federal Contract Tower,0,0,8,0,8,0,0,193,0,193,0,0,201,0,201,298,0,298,499
08/17/2007,FTG,CO,ANM,WE,Federal Contract Tower,0,3,3,0,6,0,1,128,0,129,0,4,131,0,135,278,0,278,413
08/18/2007,FTG,CO,ANM,WE,Federal Contract Tower,0,1,1,0,2,0,0,293,0,293,0,1,294,0,295,520,0,520,815
08/19/2007,FTG,CO,ANM,WE,Federal Contract Tower,0,0,7,0,7,0,0,141,0,141,0,0,148,0,148,238,0,238,386
08/20/2007,FTG,CO,ANM,WE,Federal Contract Tower,0,0,6,0,6,0,6,94,0,100,0,6,100,0,106,174,0,174,280
08/21/2007,FTG,CO,ANM,WE,Federal Contract Tower,0,2,8,0,10,0,12,145,0,157,0,14,153,0,167,272,0,272,439
08/22/2007,FTG,CO,ANM,WE,Federal Contract Tower,0,0,8,0,8,0,0,99,0,99,0,0,107,0,107,200,0,200,307
08/23/2007,FTG,CO,ANM,WE,Federal Contract Tower,0,1,15,0,16,0,4,106,2,112,0,5,121,2,128,186,0,186,314
08/24/2007,FTG,CO,ANM,WE,Federal Contract Tower,0,0,20,0,20,0,0,154,0,154,0,0,174,0,174,252,0,252,426
08/25/2007,FTG,CO,ANM,WE,Federal Contract Tower,0,1,0,0,1,0,0,320,0,320,0,1,320,0,321,466,0,466,787
08/26/2007,FTG,CO,ANM,WE,Federal Contract Tower,0,1,4,0,5,0,4,109,0,113,0,5,113,0,118,260,0,260,378
08/27/2007,FTG,CO,ANM,WE,Federal Contract Tower,0,1,6,0,7,0,11,137,0,148,0,12,143,0,155,292,0,292,447
08/28/2007,FTG,CO,ANM,WE,Federal Contract Tower,0,0,6,0,6,0,2,142,0,144,0,2,148,0,150,238,0,238,388
08/29/2007,FTG,CO,ANM,WE,Federal Contract Tower,0,0,16,0,16,0,0,67,0,67,0,0,83,0,83,74,0,74,157
08/30/2007,FTG,CO,ANM,WE,Federal Contract Tower,0,0,6,0,6,0,1,178,0,179,0,1,184,0,185,186,0,186,371
08/31/2007,FTG,CO,ANM,WE,Federal Contract Tower,0,0,7,0,7,0,0,147,0,147,0,0,154,0,154,216,0,216,370
09/01/2007,FTG,CO,ANM,WE,Federal Contract Tower,0,0,5,0,5,0,2,133,0,135,0,2,138,0,140,312,0,312,452
09/02/2007,FTG,CO,ANM,WE,Federal Contract Tower,0,0,2,0,2,0,0,83,0,83,0,0,85,0,85,100,0,100,185
09/03/2007,FTG,CO,ANM,WE,Federal Contract Tower,0,1,4,0,5,0,0,131,0,131,0,1,135,0,136,148,0,148,284
09/04/2007,FTG,CO,ANM,WE,Federal Contract Tower,0,1,7,0,8,0,8,121,0,129,0,9,128,0,137,262,0,262,399
09/05/2007,FTG,CO,ANM,WE,Federal Contract Tower,0,0,8,0,8,0,0,101,0,101,0,0,109,0,109,148,0,148,257
09/06/2007,FTG,CO,ANM,WE,Federal Contract Tower,0,0,9,0,9,0,2,73,0,75,0,2,82,0,84,140,0,140,224
09/07/2007,FTG,CO,ANM,WE,Federal Contract Tower,0,0,4,0,4,0,0,104,0,104,0,0,108,0,108,198,0,198,306
09/08/2007,FTG,CO,ANM,WE,Federal Contract Tower,0,0,7,0,7,0,0,172,0,172,0,0,179,0,179,140,0,140,319
09/09/2007,FTG,CO,ANM,WE,Federal Contract Tower,0,0,12,0,12,0,5,83,0,88,0,5,95,0,100,98,0,98,198
09/10/2007,FTG,CO,ANM,WE,Federal Contract Tower,0,1,27,0,28,0,5,55,0,60,0,6,82,0,88,72,0,72,160
09/11/2007,FTG,CO,ANM,WE,Federal Contract Tower,0,0,4,0,4,0,1,81,0,82,0,1,85,0,86,126,0,126,212
09/12/2007,FTG,CO,ANM,WE,Federal Contract Tower,0,2,6,0,8,0,11,87,0,98,0,13,93,0,106,134,0,134,240
09/13/2007,FTG,CO,ANM,WE,Federal Contract Tower,0,1,6,0,7,0,8,96,8,112,0,9,102,8,119,104,0,104,223
09/14/2007,FTG,CO,ANM,WE,Federal Contract Tower,0,0,4,0,4,0,1,79,0,80,0,1,83,0,84,112,0,112,196
09/15/2007,FTG,CO,ANM,WE,Federal Contract Tower,0,0,1,0,1,0,0,153,0,153,0,0,154,0,154,236,0,236,390
09/16/2007,FTG,CO,ANM,WE,Federal Contract Tower,0,0,4,0,4,0,1,144,0,145,0,1,148,0,149,118,0,118,267
09/17/2007,FTG,CO,ANM,WE,Federal Contract Tower,0,0,4,0,4,0,1,87,0,88,0,1,91,0,92,72,0,72,164
09/18/2007,FTG,CO,ANM,WE,Federal Contract Tower,0,0,9,0,9,0,8,103,4,115,0,8,112,4,124,104,0,104,228
09/19/2007,FTG,CO,ANM,WE,Federal Contract Tower,0,0,5,0,5,0,4,92,4,100,0,4,97,4,105,148,0,148,253
09/20/2007,FTG,CO,ANM,WE,Federal Contract Tower,0,1,5,0,6,0,1,102,0,103,0,2,107,0,109,156,0,156,265
09/21/2007,FTG,CO,ANM,WE,Federal Contract Tower,0,0,5,0,5,0,0,128,0,128,0,0,133,0,133,146,0,146,279
09/22/2007,FTG,CO,ANM,WE,Federal Contract Tower,0,1,1,0,2,0,0,83,0,83,0,1,84,0,85,60,0,60,145
09/23/2007,FTG,CO,ANM,WE,Federal Contract Tower,0,2,6,0,8,0,0,99,0,99,0,2,105,0,107,112,0,112,219
09/24/2007,FTG,CO,ANM,WE,Federal Contract Tower,0,2,8,0,10,0,2,51,0,53,0,4,59,0,63,28,0,28,91
09/25/2007,FTG,CO,ANM,WE,Federal Contract Tower,0,0,6,0,6,0,0,121,0,121,0,0,127,0,127,142,0,142,269
09/26/2007,FTG,CO,ANM,WE,Federal Contract Tower,0,0,6,0,6,0,0,94,10,104,0,0,100,10,110,158,10,168,278
09/27/2007,FTG,CO,ANM,WE,Federal Contract Tower,0,0,8,0,8,0,0,117,0,117,0,0,125,0,125,146,0,146,271
09/28/2007,FTG,CO,ANM,WE,Federal Contract Tower,0,1,5,0,6,0,1,41,0,42,0,2,46,0,48,50,0,50,98
09/29/2007,FTG,CO,ANM,WE,Federal Contract Tower,0,0,1,0,1,0,0,99,0,99,0,0,100,0,100,100,0,100,200
09/30/2007,FTG,CO,ANM,WE,Federal Contract Tower,0,0,3,0,3,0,0,125,0,125,0,0,128,0,128,156,0,156,284
10/01/2007,FTG,CO,ANM,WE,Federal Contract Tower,0,3,8,0,11,0,2,99,0,101,0,5,107,0,112,134,0,134,246
10/02/2007,FTG,CO,ANM,WE,Federal Contract Tower,0,0,4,0,4,0,0,79,0,79,0,0,83,0,83,146,0,146,229
10/03/2007,FTG,CO,ANM,WE,Federal Contract Tower,0,0,7,0,7,0,0,120,0,120,0,0,127,0,127,128,0,128,255
10/04/2007,FTG,CO,ANM,WE,Federal Contract Tower,0,4,6,0,10,0,10,98,0,108,0,14,104,0,118,116,0,116,234
10/05/2007,FTG,CO,ANM,WE,Federal Contract Tower,0,3,2,0,5,0,0,83,0,83,0,3,85,0,88,58,0,58,146
10/06/2007,FTG,CO,ANM,WE,Federal Contract Tower,0,0,1,0,1,0,0,64,0,64,0,0,65,0,65,102,0,102,167
10/07/2007,FTG,CO,ANM,WE,Federal Contract Tower,0,1,4,0,5,0,2,98,0,100,0,3,102,0,105,104,0,104,209
10/08/2007,FTG,CO,ANM,WE,Federal Contract Tower,0,0,8,0,8,0,2,130,0,132,0,2,138,0,140,138,0,138,278
10/09/2007,FTG,CO,ANM,WE,Federal Contract Tower,0,0,12,0,12,0,0,158,0,158,0,0,170,0,170,178,0,178,348
10/10/2007,FTG,CO,ANM,WE,Federal Contract Tower,0,0,8,0,8,0,4,169,0,173,0,4,177,0,181,182,0,182,363
10/11/2007,FTG,CO,ANM,WE,Federal Contract Tower,0,0,8,0,8,0,6,164,0,170,0,6,172,0,178,230,0,230,408
10/12/2007,FTG,CO,ANM,WE,Federal Contract Tower,0,2,6,0,8,0,2,150,4,156,0,4,156,4,164,188,2,190,354
10/13/2007,FTG,CO,ANM,WE,Federal Contract Tower,0,2,15,0,17,0,2,37,2,41,0,4,52,2,58,0,0,0,58
10/14/2007,FTG,CO,ANM,WE,Federal Contract Tower,0,0,14,0,14,0,0,0,0,0,0,0,14,0,14,0,0,0,14
10/15/2007,FTG,CO,ANM,WE,Federal Contract Tower,0,1,6,0,7,0,14,122,0,136,0,15,128,0,143,152,0,152,295
10/16/2007,FTG,CO,ANM,WE,Federal Contract Tower,0,0,1,0,1,0,0,148,0,148,0,0,149,0,149,188,0,188,337
10/17/2007,FTG,CO,ANM,WE,Federal Contract Tower,0,0,5,0,5,0,8,100,0,108,0,8,105,0,113,142,0,142,255
10/18/2007,FTG,CO,ANM,WE,Federal Contract Tower,0,0,7,0,7,0,0,41,0,41,0,0,48,0,48,42,0,42,90
10/19/2007,FTG,CO,ANM,WE,Federal Contract Tower,0,0,16,0,16,0,12,166,0,178,0,12,182,0,194,272,0,272,466
10/20/2007,FTG,CO,ANM,WE,Federal Contract Tower,0,0,2,0,2,0,6,143,0,149,0,6,145,0,151,154,0,154,305
10/21/2007,FTG,CO,ANM,WE,Federal Contract Tower,0,0,1,0,1,0,0,1,0,1,0,0,2,0,2,0,0,0,2
10/22/2007,FTG,CO,ANM,WE,Federal Contract Tower,0,0,6,0,6,0,2,118,0,120,0,2,124,0,126,164,0,164,290
10/23/2007,FTG,CO,ANM,WE,Federal Contract Tower,0,1,11,0,12,0,4,198,0,202,0,5,209,0,214,270,0,270,484
10/24/2007,FTG,CO,ANM,WE,Federal Contract Tower,0,1,5,0,6,0,3,126,6,135,0,4,131,6,141,142,2,144,285
10/25/2007,FTG,CO,ANM,WE,Federal Contract Tower,0,1,0,0,1,0,2,133,0,135,0,3,133,0,136,198,2,200,336
10/26/2007,FTG,CO,ANM,WE,Federal Contract Tower,0,2,9,0,11,0,6,159,0,165,0,8,168,0,176,148,0,148,324
10/27/2007,FTG,CO,ANM,WE,Federal Contract Tower,0,0,9,0,9,0,0,91,0,91,0,0,100,0,100,76,0,76,176
10/28/2007,FTG,CO,ANM,WE,Federal Contract Tower,0,0,3,0,3,0,0,138,0,138,0,0,141,0,141,128,0,128,269
10/29/2007,FTG,CO,ANM,WE,Federal Contract Tower,0,1,5,0,6,0,6,140,0,146,0,7,145,0,152,158,0,158,310
10/30/2007,FTG,CO,ANM,WE,Federal Contract Tower,0,0,4,0,4,0,1,85,0,86,0,1,89,0,90,130,0,130,220
10/31/2007,FTG,CO,ANM,WE,Federal Contract Tower,0,0,3,0,3,0,4,54,0,58,0,4,57,0,61,54,0,54,115
11/01/2007,FTG,CO,ANM,WE,Federal Contract Tower,0,0,12,0,12,0,9,135,0,144,0,9,147,0,156,168,0,168,324
11/02/2007,FTG,CO,ANM,WE,Federal Contract Tower,0,1,7,0,8,0,9,127,27,163,0,10,134,27,171,136,36,172,343
11/03/2007,FTG,CO,ANM,WE,Federal Contract Tower,0,0,4,0,4,0,0,101,6,107,0,0,105,6,111,118,0,118,229
11/04/2007,FTG,CO,ANM,WE,Federal Contract Tower,0,0,1,0,1,0,1,86,0,87,0,1,87,0,88,122,0,122,210
11/05/2007,FTG,CO,ANM,WE,Federal Contract Tower,0,0,10,0,10,0,2,131,2,135,0,2,141,2,145,172,2,174,319
11/06/2007,FTG,CO,ANM,WE,Federal Contract Tower,0,0,2,0,2,0,4,73,0,77,0,4,75,0,79,84,0,84,163
11/07/2007,FTG,CO,ANM,WE,Federal Contract Tower,0,0,5,0,5,0,4,141,0,145,0,4,146,0,150,202,0,202,352
11/08/2007,FTG,CO,ANM,WE,Federal Contract Tower,0,0,6,0,6,0,5,76,2,83,0,5,82,2,89,102,0,102,191
11/09/2007,FTG,CO,ANM,WE,Federal Contract Tower,0,0,10,0,10,0,1,87,0,88,0,1,97,0,98,178,0,178,276
11/10/2007,FTG,CO,ANM,WE,Federal Contract Tower,0,0,12,0,12,0,0,147,0,147,0,0,159,0,159,146,0,146,305
11/11/2007,FTG,CO,ANM,WE,Federal Contract Tower,0,0,8,0,8,0,0,109,0,109,0,0,117,0,117,174,0,174,291
11/12/2007,FTG,CO,ANM,WE,Federal Contract Tower,0,2,6,0,8,0,0,36,0,36,0,2,42,0,44,48,0,48,92
11/13/2007,FTG,CO,ANM,WE,Federal Contract Tower,0,2,18,0,20,0,2,35,0,37,0,4,53,0,57,62,0,62,119
11/14/2007,FTG,CO,ANM,WE,Federal Contract Tower,0,0,9,0,9,0,0,73,2,75,0,0,82,2,84,66,10,76,160
11/15/2007,FTG,CO,ANM,WE,Federal Contract Tower,0,0,10,0,10,0,0,61,0,61,0,0,71,0,71,88,0,88,159
11/16/2007,FTG,CO,ANM,WE,Federal Contract Tower,0,2,9,0,11,0,1,112,0,113,0,3,121,0,124,168,0,168,292
11/17/2007,FTG,CO,ANM,WE,Federal Contract Tower,0,0,11,0,11,0,0,68,0,68,0,0,79,0,79,100,0,100,179
11/18/2007,FTG,CO,ANM,WE,Federal Contract Tower,0,0,4,0,4,0,11,125,0,136,0,11,129,0,140,122,0,122,262
11/19/2007,FTG,CO,ANM,WE,Federal Contract Tower,0,1,7,0,8,0,3,75,0,78,0,4,82,0,86,60,0,60,146
11/20/2007,FTG,CO,ANM,WE,Federal Contract Tower,0,0,8,0,8,0,0,18,0,18,0,0,26,0,26,12,0,12,38
11/21/2007,FTG,CO,ANM,WE,Federal Contract Tower,0,0,11,0,11,0,0,20,0,20,0,0,31,0,31,18,0,18,49
11/22/2007,FTG,CO,ANM,WE,Federal Contract Tower,0,1,1,0,2,0,0,23,0,23,0,1,24,0,25,4,0,4,29
11/23/2007,FTG,CO,ANM,WE,Federal Contract Tower,0,0,6,0,6,0,0,0,0,0,0,0,6,0,6,0,0,0,6
11/24/2007,FTG,CO,ANM,WE,Federal Contract Tower,0,0,3,0,3,0,0,94,0,94,0,0,97,0,97,114,0,114,211
11/25/2007,FTG,CO,ANM,WE,Federal Contract Tower,0,4,9,0,13,0,0,87,0,87,0,4,96,0,100,136,0,136,236
11/26/2007,FTG,CO,ANM,WE,Federal Contract Tower,0,0,3,0,3,0,2,108,0,110,0,2,111,0,113,122,0,122,235
11/27/2007,FTG,CO,ANM,WE,Federal Contract Tower,0,0,3,0,3,0,2,121,0,123,0,2,124,0,126,116,0,116,242
11/28/2007,FTG,CO,ANM,WE,Federal Contract Tower,0,0,4,0,4,0,0,63,0,63,0,0,67,0,67,88,0,88,155
11/29/2007,FTG,CO,ANM,WE,Federal Contract Tower,0,0,14,0,14,0,2,57,0,59,0,2,71,0,73,128,0,128,201
11/30/2007,FTG,CO,ANM,WE,Federal Contract Tower,0,0,9,0,9,0,0,50,0,50,0,0,59,0,59,50,0,50,109
12/01/2007,FTG,CO,ANM,WE,Federal Contract Tower,0,0,3,0,3,0,0,20,0,20,0,0,23,0,23,22,0,22,45
12/02/2007,FTG,CO,ANM,WE,Federal Contract Tower,0,0,3,0,3,0,0,86,0,86,0,0,89,0,89,98,0,98,187
12/03/2007,FTG,CO,ANM,WE,Federal Contract Tower,0,1,4,0,5,0,0,149,0,149,0,1,153,0,154,188,0,188,342
12/04/2007,FTG,CO,ANM,WE,Federal Contract Tower,0,0,2,1,3,0,6,71,5,82,0,6,73,6,85,72,22,94,179
12/05/2007,FTG,CO,ANM,WE,Federal Contract Tower,0,2,8,0,10,0,6,87,0,93,0,8,95,0,103,158,0,158,261
12/06/2007,FTG,CO,ANM,WE,Federal Contract Tower,0,0,8,0,8,0,2,50,4,56,0,2,58,4,64,102,8,110,174
12/07/2007,FTG,CO,ANM,WE,Federal Contract Tower,0,0,8,0,8,0,0,0,2,2,0,0,8,2,10,14,0,14,24
12/08/2007,FTG,CO,ANM,WE,Federal Contract Tower,0,0,2,0,2,0,0,0,0,0,0,0,2,0,2,0,0,0,2
12/09/2007,FTG,CO,ANM,WE,Federal Contract Tower,0,0,16,0,16,0,4,47,0,51,0,4,63,0,67,30,0,30,97
12/10/2007,FTG,CO,ANM,WE,Federal Contract Tower,0,4,11,4,19,0,5,85,0,90,0,9,96,4,109,136,0,136,245
12/11/2007,FTG,CO,ANM,WE,Federal Contract Tower,0,1,0,0,1,0,0,0,0,0,0,1,0,0,1,0,0,0,1
12/12/2007,FTG,CO,ANM,WE,Federal Contract Tower,0,1,22,0,23,0,6,84,2,92,0,7,106,2,115,122,4,126,241
12/13/2007,FTG,CO,ANM,WE,Federal Contract Tower,0,0,32,0,32,0,2,30,0,32,0,2,62,0,64,44,0,44,108
12/14/2007,FTG,CO,ANM,WE,Federal Contract Tower,0,0,2,0,2,0,0,0,0,0,0,0,2,0,2,0,0,0,2
12/15/2007,FTG,CO,ANM,WE,Federal Contract Tower,0,0,6,0,6,0,0,40,0,40,0,0,46,0,46,78,0,78,124
12/16/2007,FTG,CO,ANM,WE,Federal Contract Tower,0,0,4,0,4,0,2,82,0,84,0,2,86,0,88,84,0,84,172
12/17/2007,FTG,CO,ANM,WE,Federal Contract Tower,0,9,7,0,16,0,2,148,0,150,0,11,155,0,166,114,0,114,280
12/18/2007,FTG,CO,ANM,WE,Federal Contract Tower,0,0,8,0,8,0,12,115,0,127,0,12,123,0,135,156,0,156,291
12/19/2007,FTG,CO,ANM,WE,Federal Contract Tower,0,2,22,0,24,0,3,67,0,70,0,5,89,0,94,98,0,98,192
12/20/2007,FTG,CO,ANM,WE,Federal Contract Tower,0,2,12,0,14,0,1,77,0,78,0,3,89,0,92,140,0,140,232
12/21/2007,FTG,CO,ANM,WE,Federal Contract Tower,0,0,11,0,11,0,0,11,0,11,0,0,22,0,22,30,0,30,52
12/22/2007,FTG,CO,ANM,WE,Federal Contract Tower,0,0,15,0,15,0,0,49,0,49,0,0,64,0,64,56,0,56,120
12/23/2007,FTG,CO,ANM,WE,Federal Contract Tower,0,0,5,0,5,0,0,62,0,62,0,0,67,0,67,86,0,86,153
12/24/2007,FTG,CO,ANM,WE,Federal Contract Tower,0,0,3,0,3,0,1,42,0,43,0,1,45,0,46,42,0,42,88
12/25/2007,FTG,CO,ANM,WE,Federal Contract Tower,0,0,0,0,0,0,0,0,0,0,0,0,0,0,0,0,0,0,0
12/26/2007,FTG,CO,ANM,WE,Federal Contract Tower,0,1,10,0,11,0,1,34,0,35,0,2,44,0,46,22,0,22,68
12/27/2007,FTG,CO,ANM,WE,Federal Contract Tower,0,0,3,0,3,0,0,0,0,0,0,0,3,0,3,0,0,0,3
12/28/2007,FTG,CO,ANM,WE,Federal Contract Tower,0,5,4,0,9,0,1,18,0,19,0,6,22,0,28,30,0,30,58
12/29/2007,FTG,CO,ANM,WE,Federal Contract Tower,0,0,6,0,6,0,4,95,0,99,0,4,101,0,105,112,0,112,217
12/30/2007,FTG,CO,ANM,WE,Federal Contract Tower,0,3,9,0,12,0,1,36,0,37,0,4,45,0,49,72,0,72,121
12/31/2007,FTG,CO,ANM,WE,Federal Contract Tower,0,4,9,0,13,0,3,47,0,50,0,7,56,0,63,44,0,44,107
01/01/2008,FTG,CO,ANM,WE,Federal Contract Tower,0,1,16,0,17,0,0,24,0,24,0,1,40,0,41,65,0,65,106
01/02/2008,FTG,CO,ANM,WE,Federal Contract Tower,0,1,19,0,20,0,1,77,0,78,0,2,96,0,98,86,0,86,184
01/03/2008,FTG,CO,ANM,WE,Federal Contract Tower,0,1,16,0,17,0,0,73,0,73,0,1,89,0,90,108,0,108,198
01/04/2008,FTG,CO,ANM,WE,Federal Contract Tower,0,2,9,0,11,0,0,118,0,118,0,2,127,0,129,161,0,161,290
01/05/2008,FTG,CO,ANM,WE,Federal Contract Tower,0,0,9,0,9,0,0,22,0,22,0,0,31,0,31,34,0,34,65
01/06/2008,FTG,CO,ANM,WE,Federal Contract Tower,0,0,4,0,4,0,2,48,0,50,0,2,52,0,54,44,0,44,98
01/07/2008,FTG,CO,ANM,WE,Federal Contract Tower,0,1,2,0,3,0,1,58,0,59,0,2,60,0,62,44,0,44,106
01/08/2008,FTG,CO,ANM,WE,Federal Contract Tower,0,1,3,0,4,0,1,58,0,59,0,2,61,0,63,76,0,76,139
01/09/2008,FTG,CO,ANM,WE,Federal Contract Tower,0,3,6,0,9,0,1,55,0,56,0,4,61,0,65,32,0,32,97
01/10/2008,FTG,CO,ANM,WE,Federal Contract Tower,0,0,5,0,5,0,0,46,0,46,0,0,51,0,51,92,0,92,143
01/11/2008,FTG,CO,ANM,WE,Federal Contract Tower,0,0,3,0,3,0,0,62,0,62,0,0,65,0,65,106,0,106,171
01/12/2008,FTG,CO,ANM,WE,Federal Contract Tower,0,0,15,0,15,0,1,95,0,96,0,1,110,0,111,118,0,118,229
01/13/2008,FTG,CO,ANM,WE,Federal Contract Tower,0,0,6,0,6,0,1,88,0,89,0,1,94,0,95,104,0,104,199
01/14/2008,FTG,CO,ANM,WE,Federal Contract Tower,0,1,2,0,3,0,1,109,0,110,0,2,111,0,113,98,0,98,211
01/15/2008,FTG,CO,ANM,WE,Federal Contract Tower,0,1,9,1,11,0,0,57,1,58,0,1,66,2,69,52,16,68,137
01/16/2008,FTG,CO,ANM,WE,Federal Contract Tower,0,0,8,0,8,0,1,10,0,11,0,1,18,0,19,6,0,6,25
01/17/2008,FTG,CO,ANM,WE,Federal Contract Tower,0,0,12,0,12,0,2,30,0,32,0,2,42,0,44,56,0,56,100
01/18/2008,FTG,CO,ANM,WE,Federal Contract Tower,0,0,9,0,9,0,0,56,0,56,0,0,65,0,65,76,0,76,141
01/19/2008,FTG,CO,ANM,WE,Federal Contract Tower,0,0,7,0,7,0,0,81,0,81,0,0,88,0,88,80,0,80,168
01/20/2008,FTG,CO,ANM,WE,Federal Contract Tower,0,0,14,0,14,0,1,42,0,43,0,1,56,0,57,74,0,74,131
01/21/2008,FTG,CO,ANM,WE,Federal Contract Tower,0,1,3,0,4,0,0,0,0,0,0,1,3,0,4,0,0,0,4
01/22/2008,FTG,CO,ANM,WE,Federal Contract Tower,0,0,3,0,3,0,0,25,0,25,0,0,28,0,28,16,0,16,44
01/23/2008,FTG,CO,ANM,WE,Federal Contract Tower,0,1,8,0,9,0,2,59,0,61,0,3,67,0,70,54,0,54,124
01/24/2008,FTG,CO,ANM,WE,Federal Contract Tower,0,0,13,0,13,0,0,87,0,87,0,0,100,0,100,110,2,112,212
01/25/2008,FTG,CO,ANM,WE,Federal Contract Tower,0,0,1,0,1,0,1,58,0,59,0,1,59,0,60,80,0,80,140
01/26/2008,FTG,CO,ANM,WE,Federal Contract Tower,0,1,14,0,15,0,1,195,0,196,0,2,209,0,211,210,0,210,421
01/27/2008,FTG,CO,ANM,WE,Federal Contract Tower,0,0,9,0,9,0,2,105,0,107,0,2,114,0,116,112,0,112,228
01/28/2008,FTG,CO,ANM,WE,Federal Contract Tower,0,0,2,0,2,0,2,18,0,20,0,2,20,0,22,0,0,0,22
01/29/2008,FTG,CO,ANM,WE,Federal Contract Tower,0,0,12,0,12,0,1,51,0,52,0,1,63,0,64,56,0,56,120
01/30/2008,FTG,CO,ANM,WE,Federal Contract Tower,0,0,10,0,10,0,0,50,0,50,0,0,60,0,60,100,0,100,160
01/31/2008,FTG,CO,ANM,WE,Federal Contract Tower,0,0,5,1,6,0,0,15,0,15,0,0,20,1,21,27,3,30,51
02/01/2008,FTG,CO,ANM,WE,Federal Contract Tower,0,1,16,0,17,0,0,75,0,75,0,1,91,0,92,168,0,168,260
02/02/2008,FTG,CO,ANM,WE,Federal Contract Tower,0,0,12,0,12,0,0,71,0,71,0,0,83,0,83,102,0,102,185
02/03/2008,FTG,CO,ANM,WE,Federal Contract Tower,0,0,7,0,7,0,0,45,0,45,0,0,52,0,52,22,0,22,74
02/04/2008,FTG,CO,ANM,WE,Federal Contract Tower,0,2,3,0,5,0,1,13,0,14,0,3,16,0,19,8,0,8,27
02/05/2008,FTG,CO,ANM,WE,Federal Contract Tower,0,1,5,0,6,0,1,4,0,5,0,2,9,0,11,36,0,36,47
02/06/2008,FTG,CO,ANM,WE,Federal Contract Tower,0,0,4,0,4,0,0,66,0,66,0,0,70,0,70,74,6,80,150
02/07/2008,FTG,CO,ANM,WE,Federal Contract Tower,0,0,9,0,9,0,1,23,0,24,0,1,32,0,33,34,0,34,67
02/08/2008,FTG,CO,ANM,WE,Federal Contract Tower,0,0,9,1,10,0,0,17,1,18,0,0,26,2,28,48,26,74,102
02/09/2008,FTG,CO,ANM,WE,Federal Contract Tower,0,0,8,0,8,0,0,62,0,62,0,0,70,0,70,112,0,112,182
02/10/2008,FTG,CO,ANM,WE,Federal Contract Tower,0,1,12,0,13,0,0,118,0,118,0,1,130,0,131,216,0,216,347
02/11/2008,FTG,CO,ANM,WE,Federal Contract Tower,0,0,4,0,4,0,0,41,0,41,0,0,45,0,45,32,0,32,77
02/12/2008,FTG,CO,ANM,WE,Federal Contract Tower,0,0,8,0,8,0,0,83,0,83,0,0,91,0,91,92,0,92,183
02/13/2008,FTG,CO,ANM,WE,Federal Contract Tower,0,0,9,0,9,0,1,93,23,117,0,1,102,23,126,106,26,132,258
02/14/2008,FTG,CO,ANM,WE,Federal Contract Tower,0,0,2,0,2,0,0,0,0,0,0,0,2,0,2,0,0,0,2
02/15/2008,FTG,CO,ANM,WE,Federal Contract Tower,0,0,12,0,12,0,0,62,0,62,0,0,74,0,74,120,0,120,194
02/16/2008,FTG,CO,ANM,WE,Federal Contract Tower,0,2,5,0,7,0,0,164,0,164,0,2,169,0,171,234,0,234,405
02/17/2008,FTG,CO,ANM,WE,Federal Contract Tower,0,0,6,0,6,0,0,18,0,18,0,0,24,0,24,2,0,2,26
02/18/2008,FTG,CO,ANM,WE,Federal Contract Tower,0,1,12,0,13,0,3,71,0,74,0,4,83,0,87,140,0,140,227
02/19/2008,FTG,CO,ANM,WE,Federal Contract Tower,0,1,17,0,18,0,6,97,0,103,0,7,114,0,121,156,0,156,277
02/20/2008,FTG,CO,ANM,WE,Federal Contract Tower,0,0,6,0,6,0,0,77,0,77,0,0,83,0,83,94,0,94,177
02/21/2008,FTG,CO,ANM,WE,Federal Contract Tower,0,1,25,0,26,0,3,21,0,24,0,4,46,0,50,94,0,94,144
02/22/2008,FTG,CO,ANM,WE,Federal Contract Tower,0,0,12,0,12,0,0,144,0,144,0,0,156,0,156,212,0,212,368
02/23/2008,FTG,CO,ANM,WE,Federal Contract Tower,0,0,9,0,9,0,1,190,1,192,0,1,199,1,201,154,0,154,355
02/24/2008,FTG,CO,ANM,WE,Federal Contract Tower,0,0,10,0,10,0,0,132,0,132,0,0,142,0,142,158,0,158,300
02/25/2008,FTG,CO,ANM,WE,Federal Contract Tower,0,0,4,2,6,0,0,21,0,21,0,0,25,2,27,2,0,2,29
02/26/2008,FTG,CO,ANM,WE,Federal Contract Tower,0,0,6,0,6,0,1,37,2,40,0,1,43,2,46,99,10,109,155
02/27/2008,FTG,CO,ANM,WE,Federal Contract Tower,0,0,22,0,22,0,2,33,0,35,0,2,55,0,57,130,0,130,187
02/28/2008,FTG,CO,ANM,WE,Federal Contract Tower,0,0,5,0,5,0,0,64,4,68,0,0,69,4,73,136,0,136,209
02/29/2008,FTG,CO,ANM,WE,Federal Contract Tower,0,4,9,0,13,0,4,101,0,105,0,8,110,0,118,168,0,168,286
03/01/2008,FTG,CO,ANM,WE,Federal Contract Tower,0,1,6,5,12,0,1,166,3,170,0,2,172,8,182,222,10,232,414
03/02/2008,FTG,CO,ANM,WE,Federal Contract Tower,0,0,3,0,3,0,0,0,0,0,0,0,3,0,3,0,0,0,3
03/03/2008,FTG,CO,ANM,WE,Federal Contract Tower,0,0,8,0,8,0,0,78,0,78,0,0,86,0,86,110,0,110,196
03/04/2008,FTG,CO,ANM,WE,Federal Contract Tower,0,2,8,0,10,0,0,22,0,22,0,2,30,0,32,106,0,106,138
03/05/2008,FTG,CO,ANM,WE,Federal Contract Tower,0,1,1,0,2,0,0,19,0,19,0,1,20,0,21,26,0,26,47
03/06/2008,FTG,CO,ANM,WE,Federal Contract Tower,0,0,5,0,5,0,2,66,0,68,0,2,71,0,73,154,0,154,227
03/07/2008,FTG,CO,ANM,WE,Federal Contract Tower,0,2,22,0,24,0,1,112,14,127,0,3,134,14,151,170,0,170,321
03/08/2008,FTG,CO,ANM,WE,Federal Contract Tower,0,0,11,0,11,0,3,146,0,149,0,3,157,0,160,304,0,304,464
03/09/2008,FTG,CO,ANM,WE,Federal Contract Tower,0,0,7,0,7,0,0,67,0,67,0,0,74,0,74,96,0,96,170
03/10/2008,FTG,CO,ANM,WE,Federal Contract Tower,0,0,10,0,10,0,0,104,0,104,0,0,114,0,114,118,0,118,232
03/11/2008,FTG,CO,ANM,WE,Federal Contract Tower,0,0,7,0,7,0,0,145,0,145,0,0,152,0,152,272,0,272,424
03/12/2008,FTG,CO,ANM,WE,Federal Contract Tower,0,1,10,0,11,0,1,49,0,50,0,2,59,0,61,94,17,111,172
03/13/2008,FTG,CO,ANM,WE,Federal Contract Tower,0,0,17,0,17,0,0,75,0,75,0,0,92,0,92,159,0,159,251
03/14/2008,FTG,CO,ANM,WE,Federal Contract Tower,0,0,8,0,8,0,2,15,2,19,0,2,23,2,27,33,8,41,68
03/15/2008,FTG,CO,ANM,WE,Federal Contract Tower,0,0,19,0,19,0,0,118,2,120,0,0,137,2,139,206,0,206,345
03/16/2008,FTG,CO,ANM,WE,Federal Contract Tower,0,2,9,0,11,0,4,14,0,18,0,6,23,0,29,63,0,63,92
03/17/2008,FTG,CO,ANM,WE,Federal Contract Tower,0,2,2,0,4,0,0,7,0,7,0,2,9,0,11,2,0,2,13
03/18/2008,FTG,CO,ANM,WE,Federal Contract Tower,0,1,12,0,13,0,0,59,0,59,0,1,71,0,72,104,0,104,176
03/19/2008,FTG,CO,ANM,WE,Federal Contract Tower,0,0,16,0,16,0,0,68,0,68,0,0,84,0,84,86,0,86,170
03/20/2008,FTG,CO,ANM,WE,Federal Contract Tower,0,1,14,0,15,0,0,53,0,53,0,1,67,0,68,129,0,129,197
03/21/2008,FTG,CO,ANM,WE,Federal Contract Tower,0,0,16,0,16,0,0,54,0,54,0,0,70,0,70,115,0,115,185
03/22/2008,FTG,CO,ANM,WE,Federal Contract Tower,0,1,13,0,14,0,3,60,2,65,0,4,73,2,79,152,0,152,231
03/23/2008,FTG,CO,ANM,WE,Federal Contract Tower,0,0,22,0,22,0,0,45,0,45,0,0,67,0,67,92,0,92,159
03/24/2008,FTG,CO,ANM,WE,Federal Contract Tower,0,1,6,0,7,0,2,32,0,34,0,3,38,0,41,98,0,98,139
03/25/2008,FTG,CO,ANM,WE,Federal Contract Tower,0,0,16,0,16,0,0,83,0,83,0,0,99,0,99,212,0,212,311
03/26/2008,FTG,CO,ANM,WE,Federal Contract Tower,0,1,4,0,5,0,1,115,0,116,0,2,119,0,121,289,0,289,410
03/27/2008,FTG,CO,ANM,WE,Federal Contract Tower,0,0,8,0,8,0,2,42,0,44,0,2,50,0,52,109,0,109,161
03/28/2008,FTG,CO,ANM,WE,Federal Contract Tower,0,0,17,0,17,0,0,54,0,54,0,0,71,0,71,74,0,74,145
03/29/2008,FTG,CO,ANM,WE,Federal Contract Tower,0,0,22,0,22,0,0,242,0,242,0,0,264,0,264,254,0,254,518
03/30/2008,FTG,CO,ANM,WE,Federal Contract Tower,0,0,6,0,6,0,0,23,0,23,0,0,29,0,29,0,0,0,29
03/31/2008,FTG,CO,ANM,WE,Federal Contract Tower,0,2,7,0,9,0,0,21,0,21,0,2,28,0,30,26,0,26,56
04/01/2008,FTG,CO,ANM,WE,Federal Contract Tower,0,1,6,0,7,0,1,45,0,46,0,2,51,0,53,78,0,78,131
04/02/2008,FTG,CO,ANM,WE,Federal Contract Tower,0,2,11,0,13,0,0,58,0,58,0,2,69,0,71,148,0,148,219
04/03/2008,FTG,CO,ANM,WE,Federal Contract Tower,0,1,14,0,15,0,0,0,0,0,0,1,14,0,15,57,0,57,72
04/04/2008,FTG,CO,ANM,WE,Federal Contract Tower,0,2,10,0,12,0,3,183,0,186,0,5,193,0,198,248,0,248,446
04/05/2008,FTG,CO,ANM,WE,Federal Contract Tower,0,0,28,0,28,0,4,177,0,181,0,4,205,0,209,212,0,212,421
04/06/2008,FTG,CO,ANM,WE,Federal Contract Tower,0,0,12,0,12,0,0,95,0,95,0,0,107,0,107,173,0,173,280
04/07/2008,FTG,CO,ANM,WE,Federal Contract Tower,0,2,5,0,7,0,0,15,0,15,0,2,20,0,22,12,0,12,34
04/08/2008,FTG,CO,ANM,WE,Federal Contract Tower,0,0,5,0,5,0,1,54,0,55,0,1,59,0,60,151,0,151,211
04/09/2008,FTG,CO,ANM,WE,Federal Contract Tower,0,1,9,0,10,0,0,6,0,6,0,1,15,0,16,14,0,14,30
04/10/2008,FTG,CO,ANM,WE,Federal Contract Tower,0,1,1,0,2,0,0,0,0,0,0,1,1,0,2,0,0,0,2
04/11/2008,FTG,CO,ANM,WE,Federal Contract Tower,0,0,5,0,5,0,0,19,0,19,0,0,24,0,24,16,0,16,40
04/12/2008,FTG,CO,ANM,WE,Federal Contract Tower,0,2,8,0,10,0,0,49,0,49,0,2,57,0,59,122,0,122,181
04/13/2008,FTG,CO,ANM,WE,Federal Contract Tower,0,0,26,0,26,0,3,141,0,144,0,3,167,0,170,214,0,214,384
04/14/2008,FTG,CO,ANM,WE,Federal Contract Tower,0,0,16,0,16,0,0,138,1,139,0,0,154,1,155,240,14,254,409
04/15/2008,FTG,CO,ANM,WE,Federal Contract Tower,0,0,0,0,0,0,1,36,0,37,0,1,36,0,37,77,0,77,114
04/16/2008,FTG,CO,ANM,WE,Federal Contract Tower,0,1,8,0,9,0,0,11,0,11,0,1,19,0,20,48,2,50,70
04/17/2008,FTG,CO,ANM,WE,Federal Contract Tower,0,0,9,0,9,0,0,60,0,60,0,0,69,0,69,115,0,115,184
04/18/2008,FTG,CO,ANM,WE,Federal Contract Tower,0,1,14,0,15,0,7,149,2,158,0,8,163,2,173,310,0,310,483
04/19/2008,FTG,CO,ANM,WE,Federal Contract Tower,0,0,29,0,29,0,0,139,14,153,0,0,168,14,182,142,10,152,334
04/20/2008,FTG,CO,ANM,WE,Federal Contract Tower,0,0,4,0,4,0,0,93,0,93,0,0,97,0,97,62,0,62,159
04/21/2008,FTG,CO,ANM,WE,Federal Contract Tower,0,0,9,0,9,0,0,76,0,76,0,0,85,0,85,78,0,78,163
04/22/2008,FTG,CO,ANM,WE,Federal Contract Tower,0,1,7,0,8,0,3,85,0,88,0,4,92,0,96,152,0,152,248
04/23/2008,FTG,CO,ANM,WE,Federal Contract Tower,0,0,11,0,11,0,1,37,0,38,0,1,48,0,49,75,0,75,124
04/24/2008,FTG,CO,ANM,WE,Federal Contract Tower,0,0,21,0,21,0,1,43,0,44,0,1,64,0,65,134,0,134,199
04/25/2008,FTG,CO,ANM,WE,Federal Contract Tower,0,0,15,0,15,0,0,96,0,96,0,0,111,0,111,146,0,146,257
04/26/2008,FTG,CO,ANM,WE,Federal Contract Tower,0,1,9,0,10,0,1,66,0,67,0,2,75,0,77,50,0,50,127
04/27/2008,FTG,CO,ANM,WE,Federal Contract Tower,0,0,20,0,20,0,0,119,0,119,0,0,139,0,139,192,0,192,331
04/28/2008,FTG,CO,ANM,WE,Federal Contract Tower,0,0,7,0,7,0,0,113,0,113,0,0,120,0,120,94,0,94,214
04/29/2008,FTG,CO,ANM,WE,Federal Contract Tower,0,0,8,0,8,0,0,46,0,46,0,0,54,0,54,97,0,97,151
04/30/2008,FTG,CO,ANM,WE,Federal Contract Tower,0,2,12,0,14,0,1,86,2,89,0,3,98,2,103,154,2,156,259
05/01/2008,FTG,CO,ANM,WE,Federal Contract Tower,0,0,2,0,2,0,0,3,0,3,0,0,5,0,5,0,0,0,5
05/02/2008,FTG,CO,ANM,WE,Federal Contract Tower,0,2,1,0,3,0,0,10,0,10,0,2,11,0,13,2,0,2,15
05/03/2008,FTG,CO,ANM,WE,Federal Contract Tower,0,0,20,0,20,0,0,153,0,153,0,0,173,0,173,208,0,208,381
05/04/2008,FTG,CO,ANM,WE,Federal Contract Tower,0,0,9,0,9,0,3,135,0,138,0,3,144,0,147,176,0,176,323
05/05/2008,FTG,CO,ANM,WE,Federal Contract Tower,0,0,30,0,30,0,2,62,0,64,0,2,92,0,94,78,0,78,172
05/06/2008,FTG,CO,ANM,WE,Federal Contract Tower,0,0,12,0,12,0,0,80,0,80,0,0,92,0,92,110,0,110,202
05/07/2008,FTG,CO,ANM,WE,Federal Contract Tower,0,1,21,0,22,0,0,0,0,0,0,1,21,0,22,37,0,37,59
05/08/2008,FTG,CO,ANM,WE,Federal Contract Tower,0,1,18,0,19,0,0,36,5,41,0,1,54,5,60,87,20,107,167
05/09/2008,FTG,CO,ANM,WE,Federal Contract Tower,0,1,12,0,13,0,0,108,0,108,0,1,120,0,121,168,0,168,289
05/10/2008,FTG,CO,ANM,WE,Federal Contract Tower,0,0,3,0,3,0,2,55,0,57,0,2,58,0,60,136,0,136,196
05/11/2008,FTG,CO,ANM,WE,Federal Contract Tower,0,0,6,0,6,0,0,149,0,149,0,0,155,0,155,172,0,172,327
05/12/2008,FTG,CO,ANM,WE,Federal Contract Tower,0,1,14,1,16,0,1,81,0,82,0,2,95,1,98,150,18,168,266
05/13/2008,FTG,CO,ANM,WE,Federal Contract Tower,0,0,3,0,3,0,0,1,0,1,0,0,4,0,4,0,6,6,10
05/14/2008,FTG,CO,ANM,WE,Federal Contract Tower,0,0,17,0,17,0,0,79,0,79,0,0,96,0,96,119,0,119,215
05/15/2008,FTG,CO,ANM,WE,Federal Contract Tower,0,1,12,0,13,0,0,18,0,18,0,1,30,0,31,30,0,30,61
05/16/2008,FTG,CO,ANM,WE,Federal Contract Tower,0,0,20,0,20,0,2,106,0,108,0,2,126,0,128,251,0,251,379
05/17/2008,FTG,CO,ANM,WE,Federal Contract Tower,0,0,7,0,7,0,1,118,0,119,0,1,125,0,126,178,0,178,304
05/18/2008,FTG,CO,ANM,WE,Federal Contract Tower,0,0,6,0,6,0,1,107,0,108,0,1,113,0,114,171,0,171,285
05/19/2008,FTG,CO,ANM,WE,Federal Contract Tower,0,3,23,0,26,0,1,134,0,135,0,4,157,0,161,136,0,136,297
05/20/2008,FTG,CO,ANM,WE,Federal Contract Tower,0,0,18,0,18,0,0,49,0,49,0,0,67,0,67,151,11,162,229
05/21/2008,FTG,CO,ANM,WE,Federal Contract Tower,0,0,18,0,18,0,0,48,0,48,0,0,66,0,66,100,0,100,166
05/22/2008,FTG,CO,ANM,WE,Federal Contract Tower,0,0,10,0,10,0,0,24,0,24,0,0,34,0,34,40,0,40,74
05/23/2008,FTG,CO,ANM,WE,Federal Contract Tower,0,1,14,0,15,0,0,38,0,38,0,1,52,0,53,60,8,68,121
05/24/2008,FTG,CO,ANM,WE,Federal Contract Tower,0,0,6,0,6,0,0,212,0,212,0,0,218,0,218,216,0,216,434
05/25/2008,FTG,CO,ANM,WE,Federal Contract Tower,0,0,6,0,6,0,3,94,0,97,0,3,100,0,103,105,0,105,208
05/26/2008,FTG,CO,ANM,WE,Federal Contract Tower,0,2,25,0,27,0,0,35,0,35,0,2,60,0,62,12,0,12,74
05/27/2008,FTG,CO,ANM,WE,Federal Contract Tower,0,4,20,0,24,0,0,17,0,17,0,4,37,0,41,61,0,61,102
05/28/2008,FTG,CO,ANM,WE,Federal Contract Tower,0,0,9,0,9,0,1,32,0,33,0,1,41,0,42,78,0,78,120
05/29/2008,FTG,CO,ANM,WE,Federal Contract Tower,0,0,20,0,20,0,0,54,0,54,0,0,74,0,74,125,0,125,199
05/30/2008,FTG,CO,ANM,WE,Federal Contract Tower,0,0,20,0,20,0,3,113,0,116,0,3,133,0,136,212,0,212,348
05/31/2008,FTG,CO,ANM,WE,Federal Contract Tower,0,0,27,0,27,0,0,196,0,196,0,0,223,0,223,286,0,286,509
06/01/2008,FTG,CO,ANM,WE,Federal Contract Tower,0,0,5,0,5,0,0,86,0,86,0,0,91,0,91,105,0,105,196
06/02/2008,FTG,CO,ANM,WE,Federal Contract Tower,0,0,33,0,33,0,0,92,0,92,0,0,125,0,125,114,0,114,239
06/03/2008,FTG,CO,ANM,WE,Federal Contract Tower,0,1,24,0,25,0,0,71,0,71,0,1,95,0,96,207,2,209,305
06/04/2008,FTG,CO,ANM,WE,Federal Contract Tower,0,2,9,0,11,0,0,76,0,76,0,2,85,0,87,181,0,181,268
06/05/2008,FTG,CO,ANM,WE,Federal Contract Tower,0,1,6,0,7,0,0,3,0,3,0,1,9,0,10,0,0,0,10
06/06/2008,FTG,CO,ANM,WE,Federal Contract Tower,0,0,23,0,23,0,0,102,0,102,0,0,125,0,125,144,0,144,269
06/07/2008,FTG,CO,ANM,WE,Federal Contract Tower,0,0,12,0,12,0,0,115,0,115,0,0,127,0,127,133,0,133,260
06/08/2008,FTG,CO,ANM,WE,Federal Contract Tower,0,0,6,0,6,0,0,40,0,40,0,0,46,0,46,66,0,66,112
06/09/2008,FTG,CO,ANM,WE,Federal Contract Tower,0,0,22,0,22,0,0,106,0,106,0,0,128,0,128,220,0,220,348
06/10/2008,FTG,CO,ANM,WE,Federal Contract Tower,0,0,13,0,13,0,2,62,0,64,0,2,75,0,77,66,0,66,143
06/11/2008,FTG,CO,ANM,WE,Federal Contract Tower,0,1,17,0,18,0,0,64,0,64,0,1,81,0,82,66,0,66,148
06/12/2008,FTG,CO,ANM,WE,Federal Contract Tower,0,0,9,0,9,0,2,66,0,68,0,2,75,0,77,44,0,44,121
06/13/2008,FTG,CO,ANM,WE,Federal Contract Tower,0,0,12,0,12,0,0,135,0,135,0,0,147,0,147,220,0,220,367
06/14/2008,FTG,CO,ANM,WE,Federal Contract Tower,0,0,19,0,19,0,0,132,0,132,0,0,151,0,151,228,0,228,379
06/15/2008,FTG,CO,ANM,WE,Federal Contract Tower,0,0,7,0,7,0,0,126,0,126,0,0,133,0,133,188,0,188,321
06/16/2008,FTG,CO,ANM,WE,Federal Contract Tower,0,1,6,0,7,0,1,64,0,65,0,2,70,0,72,104,0,104,176
06/17/2008,FTG,CO,ANM,WE,Federal Contract Tower,0,0,12,0,12,0,0,89,0,89,0,0,101,0,101,170,0,170,271
06/18/2008,FTG,CO,ANM,WE,Federal Contract Tower,0,1,15,0,16,0,1,58,2,61,0,2,73,2,77,66,0,66,143
06/19/2008,FTG,CO,ANM,WE,Federal Contract Tower,0,0,9,0,9,0,1,54,0,55,0,1,63,0,64,70,0,70,134
06/20/2008,FTG,CO,ANM,WE,Federal Contract Tower,0,1,13,0,14,0,0,55,0,55,0,1,68,0,69,149,0,149,218
06/21/2008,FTG,CO,ANM,WE,Federal Contract Tower,0,0,15,0,15,0,0,83,0,83,0,0,98,0,98,113,0,113,211
06/22/2008,FTG,CO,ANM,WE,Federal Contract Tower,0,0,11,0,11,0,0,115,0,115,0,0,126,0,126,160,0,160,286
06/23/2008,FTG,CO,ANM,WE,Federal Contract Tower,0,1,27,0,28,0,0,124,0,124,0,1,151,0,152,228,0,228,380
06/24/2008,FTG,CO,ANM,WE,Federal Contract Tower,0,0,6,0,6,0,1,58,0,59,0,1,64,0,65,159,0,159,224
06/25/2008,FTG,CO,ANM,WE,Federal Contract Tower,0,0,7,0,7,0,0,81,0,81,0,0,88,0,88,257,0,257,345
06/26/2008,FTG,CO,ANM,WE,Federal Contract Tower,0,0,12,0,12,0,0,54,0,54,0,0,66,0,66,93,0,93,159
06/27/2008,FTG,CO,ANM,WE,Federal Contract Tower,0,0,15,0,15,0,0,84,16,100,0,0,99,16,115,148,32,180,295
06/28/2008,FTG,CO,ANM,WE,Federal Contract Tower,0,0,7,0,7,0,0,235,0,235,0,0,242,0,242,242,0,242,484
06/29/2008,FTG,CO,ANM,WE,Federal Contract Tower,0,1,5,0,6,0,0,121,0,121,0,1,126,0,127,176,0,176,303
06/30/2008,FTG,CO,ANM,WE,Federal Contract Tower,0,0,13,0,13,0,0,102,0,102,0,0,115,0,115,200,0,200,315
07/01/2008,FTG,CO,ANM,WE,Federal Contract Tower,0,1,7,0,8,0,2,65,0,67,0,3,72,0,75,147,0,147,222
07/02/2008,FTG,CO,ANM,WE,Federal Contract Tower,0,0,11,0,11,0,0,71,0,71,0,0,82,0,82,152,0,152,234
07/03/2008,FTG,CO,ANM,WE,Federal Contract Tower,0,0,14,0,14,0,0,55,0,55,0,0,69,0,69,128,0,128,197
07/04/2008,FTG,CO,ANM,WE,Federal Contract Tower,0,0,4,0,4,0,0,67,0,67,0,0,71,0,71,78,0,78,149
07/05/2008,FTG,CO,ANM,WE,Federal Contract Tower,0,0,7,0,7,0,0,96,0,96,0,0,103,0,103,86,0,86,189
07/06/2008,FTG,CO,ANM,WE,Federal Contract Tower,0,0,9,0,9,0,0,85,0,85,0,0,94,0,94,139,0,139,233
07/07/2008,FTG,CO,ANM,WE,Federal Contract Tower,0,1,8,0,9,0,1,80,0,81,0,2,88,0,90,128,0,128,218
07/08/2008,FTG,CO,ANM,WE,Federal Contract Tower,0,0,6,0,6,0,0,60,0,60,0,0,66,0,66,138,0,138,204
07/09/2008,FTG,CO,ANM,WE,Federal Contract Tower,0,2,11,0,13,0,2,114,2,118,0,4,125,2,131,309,0,309,440
07/10/2008,FTG,CO,ANM,WE,Federal Contract Tower,0,0,3,0,3,0,0,79,0,79,0,0,82,0,82,304,0,304,386
07/11/2008,FTG,CO,ANM,WE,Federal Contract Tower,0,2,2,0,4,0,2,91,4,97,0,4,93,4,101,252,20,272,373
07/12/2008,FTG,CO,ANM,WE,Federal Contract Tower,0,0,12,0,12,0,0,206,0,206,0,0,218,0,218,308,0,308,526
07/13/2008,FTG,CO,ANM,WE,Federal Contract Tower,0,0,11,0,11,0,0,140,0,140,0,0,151,0,151,110,0,110,261
07/14/2008,FTG,CO,ANM,WE,Federal Contract Tower,0,4,6,0,10,0,4,114,0,118,0,8,120,0,128,158,0,158,286
07/15/2008,FTG,CO,ANM,WE,Federal Contract Tower,0,1,27,0,28,0,3,162,0,165,0,4,189,0,193,240,0,240,433
07/16/2008,FTG,CO,ANM,WE,Federal Contract Tower,0,0,42,0,42,0,0,120,0,120,0,0,162,0,162,252,0,252,414
07/17/2008,FTG,CO,ANM,WE,Federal Contract Tower,0,0,0,0,0,0,0,56,0,56,0,0,56,0,56,128,0,128,184
07/18/2008,FTG,CO,ANM,WE,Federal Contract Tower,0,1,7,0,8,0,1,110,0,111,0,2,117,0,119,182,0,182,301
07/19/2008,FTG,CO,ANM,WE,Federal Contract Tower,0,0,7,0,7,0,0,121,0,121,0,0,128,0,128,190,0,190,318
07/20/2008,FTG,CO,ANM,WE,Federal Contract Tower,0,0,6,0,6,0,0,88,0,88,0,0,94,0,94,150,0,150,244
07/21/2008,FTG,CO,ANM,WE,Federal Contract Tower,0,1,7,0,8,0,0,48,0,48,0,1,55,0,56,194,0,194,250
07/22/2008,FTG,CO,ANM,WE,Federal Contract Tower,0,0,23,0,23,0,0,103,0,103,0,0,126,0,126,148,0,148,274
07/23/2008,FTG,CO,ANM,WE,Federal Contract Tower,0,0,4,0,4,0,0,75,0,75,0,0,79,0,79,196,0,196,275
07/24/2008,FTG,CO,ANM,WE,Federal Contract Tower,0,0,4,0,4,0,7,123,0,130,0,7,127,0,134,189,0,189,323
07/25/2008,FTG,CO,ANM,WE,Federal Contract Tower,0,0,7,0,7,0,0,60,0,60,0,0,67,0,67,181,0,181,248
07/26/2008,FTG,CO,ANM,WE,Federal Contract Tower,0,0,21,0,21,0,0,60,0,60,0,0,81,0,81,86,0,86,167
07/27/2008,FTG,CO,ANM,WE,Federal Contract Tower,0,2,10,0,12,0,0,89,0,89,0,2,99,0,101,162,0,162,263
07/28/2008,FTG,CO,ANM,WE,Federal Contract Tower,0,1,6,0,7,0,0,67,0,67,0,1,73,0,74,134,0,134,208
07/29/2008,FTG,CO,ANM,WE,Federal Contract Tower,0,0,10,0,10,0,0,75,0,75,0,0,85,0,85,260,0,260,345
07/30/2008,FTG,CO,ANM,WE,Federal Contract Tower,0,1,21,0,22,0,0,80,0,80,0,1,101,0,102,120,0,120,222
07/31/2008,FTG,CO,ANM,WE,Federal Contract Tower,0,1,5,0,6,0,0,59,0,59,0,1,64,0,65,165,35,200,265
08/01/2008,FTG,CO,ANM,WE,Federal Contract Tower,0,2,12,0,14,0,0,34,0,34,0,2,46,0,48,111,0,111,159
08/02/2008,FTG,CO,ANM,WE,Federal Contract Tower,0,0,28,0,28,0,0,98,0,98,0,0,126,0,126,292,0,292,418
08/03/2008,FTG,CO,ANM,WE,Federal Contract Tower,0,0,19,0,19,0,0,99,0,99,0,0,118,0,118,82,0,82,200
08/04/2008,FTG,CO,ANM,WE,Federal Contract Tower,0,0,6,0,6,0,0,46,0,46,0,0,52,0,52,136,0,136,188
08/05/2008,FTG,CO,ANM,WE,Federal Contract Tower,0,2,20,0,22,0,0,58,0,58,0,2,78,0,80,151,0,151,231
08/06/2008,FTG,CO,ANM,WE,Federal Contract Tower,0,19,0,0,19,0,0,53,0,53,0,19,53,0,72,150,0,150,222
08/07/2008,FTG,CO,ANM,WE,Federal Contract Tower,0,0,11,0,11,0,0,34,0,34,0,0,45,0,45,287,0,287,332
08/08/2008,FTG,CO,ANM,WE,Federal Contract Tower,0,0,9,0,9,0,0,42,0,42,0,0,51,0,51,161,0,161,212
08/09/2008,FTG,CO,ANM,WE,Federal Contract Tower,0,0,12,0,12,0,0,107,0,107,0,0,119,0,119,147,0,147,266
08/10/2008,FTG,CO,ANM,WE,Federal Contract Tower,0,0,25,0,25,0,0,82,0,82,0,0,107,0,107,158,0,158,265
08/11/2008,FTG,CO,ANM,WE,Federal Contract Tower,0,2,14,0,16,0,0,75,0,75,0,2,89,0,91,147,0,147,238
08/12/2008,FTG,CO,ANM,WE,Federal Contract Tower,0,1,15,0,16,0,0,90,0,90,0,1,105,0,106,165,0,165,271
08/13/2008,FTG,CO,ANM,WE,Federal Contract Tower,0,1,1,0,2,0,1,123,0,124,0,2,124,0,126,280,0,280,406
08/14/2008,FTG,CO,ANM,WE,Federal Contract Tower,0,3,7,0,10,0,0,78,0,78,0,3,85,0,88,111,0,111,199
08/15/2008,FTG,CO,ANM,WE,Federal Contract Tower,0,12,0,0,12,0,0,0,0,0,0,12,0,0,12,0,0,0,12
08/16/2008,FTG,CO,ANM,WE,Federal Contract Tower,0,0,6,0,6,0,0,2,0,2,0,0,8,0,8,0,0,0,8
08/17/2008,FTG,CO,ANM,WE,Federal Contract Tower,0,0,12,0,12,0,0,14,0,14,0,0,26,0,26,64,0,64,90
08/18/2008,FTG,CO,ANM,WE,Federal Contract Tower,0,0,7,0,7,0,0,68,0,68,0,0,75,0,75,269,0,269,344
08/19/2008,FTG,CO,ANM,WE,Federal Contract Tower,0,1,34,0,35,0,1,139,0,140,0,2,173,0,175,200,0,200,375
08/20/2008,FTG,CO,ANM,WE,Federal Contract Tower,0,0,5,0,5,0,0,80,0,80,0,0,85,0,85,272,12,284,369
08/21/2008,FTG,CO,ANM,WE,Federal Contract Tower,0,1,25,0,26,0,0,115,0,115,0,1,140,0,141,222,0,222,363
08/22/2008,FTG,CO,ANM,WE,Federal Contract Tower,0,1,11,0,12,0,0,82,0,82,0,1,93,0,94,256,0,256,350
08/23/2008,FTG,CO,ANM,WE,Federal Contract Tower,0,0,8,0,8,0,0,193,0,193,0,0,201,0,201,126,0,126,327
08/24/2008,FTG,CO,ANM,WE,Federal Contract Tower,0,0,8,0,8,0,0,73,2,75,0,0,81,2,83,100,4,104,187
08/25/2008,FTG,CO,ANM,WE,Federal Contract Tower,0,1,10,0,11,0,0,48,0,48,0,1,58,0,59,70,0,70,129
08/26/2008,FTG,CO,ANM,WE,Federal Contract Tower,0,4,4,0,8,0,0,58,0,58,0,4,62,0,66,142,0,142,208
08/27/2008,FTG,CO,ANM,WE,Federal Contract Tower,0,0,6,0,6,0,1,21,0,22,0,1,27,0,28,104,10,114,142
08/28/2008,FTG,CO,ANM,WE,Federal Contract Tower,0,1,4,0,5,0,0,50,0,50,0,1,54,0,55,197,0,197,252
08/29/2008,FTG,CO,ANM,WE,Federal Contract Tower,0,4,6,0,10,0,1,44,0,45,0,5,50,0,55,161,0,161,216
08/30/2008,FTG,CO,ANM,WE,Federal Contract Tower,0,0,3,2,5,0,0,90,0,90,0,0,93,2,95,167,0,167,262
08/31/2008,FTG,CO,ANM,WE,Federal Contract Tower,0,0,2,2,4,0,0,81,0,81,0,0,83,2,85,131,0,131,216
09/01/2008,FTG,CO,ANM,WE,Federal Contract Tower,0,0,11,0,11,0,0,88,0,88,0,0,99,0,99,157,0,157,256
09/02/2008,FTG,CO,ANM,WE,Federal Contract Tower,0,0,7,0,7,0,0,40,0,40,0,0,47,0,47,138,0,138,185
09/03/2008,FTG,CO,ANM,WE,Federal Contract Tower,0,0,3,0,3,0,0,46,0,46,0,0,49,0,49,94,0,94,143
09/04/2008,FTG,CO,ANM,WE,Federal Contract Tower,0,0,15,0,15,0,0,113,0,113,0,0,128,0,128,152,0,152,280
09/05/2008,FTG,CO,ANM,WE,Federal Contract Tower,0,2,23,0,25,0,0,3,0,3,0,2,26,0,28,0,0,0,28
09/06/2008,FTG,CO,ANM,WE,Federal Contract Tower,0,0,2,0,2,0,0,90,0,90,0,0,92,0,92,126,0,126,218
09/07/2008,FTG,CO,ANM,WE,Federal Contract Tower,0,0,9,0,9,0,0,70,0,70,0,0,79,0,79,206,0,206,285
09/08/2008,FTG,CO,ANM,WE,Federal Contract Tower,0,1,7,0,8,0,0,3,0,3,0,1,10,0,11,24,0,24,35
09/09/2008,FTG,CO,ANM,WE,Federal Contract Tower,0,0,23,0,23,0,0,99,0,99,0,0,122,0,122,142,0,142,264
09/10/2008,FTG,CO,ANM,WE,Federal Contract Tower,0,1,10,0,11,0,1,73,1,75,0,2,83,1,86,207,4,211,297
09/11/2008,FTG,CO,ANM,WE,Federal Contract Tower,0,3,2,0,5,0,0,24,0,24,0,3,26,0,29,142,0,142,171
09/12/2008,FTG,CO,ANM,WE,Federal Contract Tower,0,1,14,0,15,0,0,7,0,7,0,1,21,0,22,0,0,0,22
09/13/2008,FTG,CO,ANM,WE,Federal Contract Tower,0,0,4,0,4,0,0,82,0,82,0,0,86,0,86,147,0,147,233
09/14/2008,FTG,CO,ANM,WE,Federal Contract Tower,0,0,2,0,2,0,0,63,0,63,0,0,65,0,65,127,0,127,192
09/15/2008,FTG,CO,ANM,WE,Federal Contract Tower,0,1,13,0,14,0,0,79,0,79,0,1,92,0,93,4,0,4,97
09/16/2008,FTG,CO,ANM,WE,Federal Contract Tower,0,1,22,0,23,0,6,59,0,65,0,7,81,0,88,103,0,103,191
09/17/2008,FTG,CO,ANM,WE,Federal Contract Tower,0,1,31,0,32,0,1,101,0,102,0,2,132,0,134,170,0,170,304
09/18/2008,FTG,CO,ANM,WE,Federal Contract Tower,0,0,20,0,20,0,2,100,0,102,0,2,120,0,122,126,0,126,248
09/19/2008,FTG,CO,ANM,WE,Federal Contract Tower,0,0,16,0,16,0,0,95,0,95,0,0,111,0,111,211,0,211,322
09/20/2008,FTG,CO,ANM,WE,Federal Contract Tower,0,0,4,0,4,0,0,136,0,136,0,0,140,0,140,133,0,133,273
09/21/2008,FTG,CO,ANM,WE,Federal Contract Tower,0,0,3,0,3,0,0,71,0,71,0,0,74,0,74,143,0,143,217
09/22/2008,FTG,CO,ANM,WE,Federal Contract Tower,0,0,9,0,9,0,0,47,0,47,0,0,56,0,56,50,0,50,106
09/23/2008,FTG,CO,ANM,WE,Federal Contract Tower,0,2,9,0,11,0,0,64,0,64,0,2,73,0,75,132,0,132,207
09/24/2008,FTG,CO,ANM,WE,Federal Contract Tower,0,1,18,0,19,0,0,83,0,83,0,1,101,0,102,220,0,220,322
09/25/2008,FTG,CO,ANM,WE,Federal Contract Tower,0,0,33,0,33,0,0,69,0,69,0,0,102,0,102,148,6,154,256
09/26/2008,FTG,CO,ANM,WE,Federal Contract Tower,0,1,4,0,5,0,3,91,0,94,0,4,95,0,99,212,0,212,311
09/27/2008,FTG,CO,ANM,WE,Federal Contract Tower,0,0,21,0,21,0,0,249,0,249,0,0,270,0,270,242,0,242,512
09/28/2008,FTG,CO,ANM,WE,Federal Contract Tower,0,3,16,0,19,0,0,126,0,126,0,3,142,0,145,135,0,135,280
09/29/2008,FTG,CO,ANM,WE,Federal Contract Tower,0,0,30,0,30,0,0,62,0,62,0,0,92,0,92,74,0,74,166
09/30/2008,FTG,CO,ANM,WE,Federal Contract Tower,0,0,17,0,17,0,5,77,0,82,0,5,94,0,99,64,0,64,163
10/01/2008,FTG,CO,ANM,WE,Federal Contract Tower,0,1,19,0,20,0,2,103,0,105,0,3,122,0,125,100,0,100,225
10/02/2008,FTG,CO,ANM,WE,Federal Contract Tower,0,0,9,0,9,0,3,49,0,52,0,3,58,0,61,92,0,92,153
10/03/2008,FTG,CO,ANM,WE,Federal Contract Tower,0,0,16,0,16,0,0,87,0,87,0,0,103,0,103,129,0,129,232
10/04/2008,FTG,CO,ANM,WE,Federal Contract Tower,0,0,12,0,12,0,0,69,0,69,0,0,81,0,81,111,8,119,200
10/05/2008,FTG,CO,ANM,WE,Federal Contract Tower,0,0,19,0,19,0,0,92,2,94,0,0,111,2,113,129,16,145,258
10/06/2008,FTG,CO,ANM,WE,Federal Contract Tower,0,1,17,0,18,0,0,59,0,59,0,1,76,0,77,84,0,84,161
10/07/2008,FTG,CO,ANM,WE,Federal Contract Tower,0,0,15,1,16,0,0,66,2,68,0,0,81,3,84,223,10,233,317
10/08/2008,FTG,CO,ANM,WE,Federal Contract Tower,0,0,14,0,14,0,0,126,0,126,0,0,140,0,140,230,0,230,370
10/09/2008,FTG,CO,ANM,WE,Federal Contract Tower,0,2,11,0,13,0,3,59,0,62,0,5,70,0,75,203,0,203,278
10/10/2008,FTG,CO,ANM,WE,Federal Contract Tower,0,0,4,0,4,0,0,39,0,39,0,0,43,0,43,90,0,90,133
10/11/2008,FTG,CO,ANM,WE,Federal Contract Tower,0,0,8,0,8,0,0,0,0,0,0,0,8,0,8,0,0,0,8
10/12/2008,FTG,CO,ANM,WE,Federal Contract Tower,0,0,6,0,6,0,0,0,0,0,0,0,6,0,6,0,0,0,6
10/13/2008,FTG,CO,ANM,WE,Federal Contract Tower,0,0,18,0,18,0,0,47,0,47,0,0,65,0,65,77,0,77,142
10/14/2008,FTG,CO,ANM,WE,Federal Contract Tower,0,0,13,0,13,0,1,70,3,74,0,1,83,3,87,98,0,98,185
10/15/2008,FTG,CO,ANM,WE,Federal Contract Tower,0,1,12,0,13,0,0,70,0,70,0,1,82,0,83,227,0,227,310
10/16/2008,FTG,CO,ANM,WE,Federal Contract Tower,0,0,16,0,16,0,1,73,0,74,0,1,89,0,90,198,0,198,288
10/17/2008,FTG,CO,ANM,WE,Federal Contract Tower,0,3,10,0,13,0,0,94,0,94,0,3,104,0,107,102,0,102,209
10/18/2008,FTG,CO,ANM,WE,Federal Contract Tower,0,2,1,0,3,0,2,105,0,107,0,4,106,0,110,133,0,133,243
10/19/2008,FTG,CO,ANM,WE,Federal Contract Tower,0,1,10,0,11,0,1,90,0,91,0,2,100,0,102,96,0,96,198
10/20/2008,FTG,CO,ANM,WE,Federal Contract Tower,0,4,9,0,13,0,32,0,0,32,0,36,9,0,45,22,0,22,67
10/21/2008,FTG,CO,ANM,WE,Federal Contract Tower,0,1,13,0,14,0,2,41,0,43,0,3,54,0,57,38,0,38,95
10/22/2008,FTG,CO,ANM,WE,Federal Contract Tower,0,2,8,0,10,0,0,10,0,10,0,2,18,0,20,4,0,4,24
10/23/2008,FTG,CO,ANM,WE,Federal Contract Tower,0,0,10,0,10,0,0,41,0,41,0,0,51,0,51,96,0,96,147
10/24/2008,FTG,CO,ANM,WE,Federal Contract Tower,0,0,14,0,14,0,0,99,0,99,0,0,113,0,113,116,0,116,229
10/25/2008,FTG,CO,ANM,WE,Federal Contract Tower,0,0,25,0,25,0,0,240,0,240,0,0,265,0,265,154,0,154,419
10/26/2008,FTG,CO,ANM,WE,Federal Contract Tower,0,0,18,0,18,0,0,80,0,80,0,0,98,0,98,74,0,74,172
10/27/2008,FTG,CO,ANM,WE,Federal Contract Tower,0,0,8,0,8,0,0,69,0,69,0,0,77,0,77,110,0,110,187
10/28/2008,FTG,CO,ANM,WE,Federal Contract Tower,0,0,26,2,28,0,0,87,2,89,0,0,113,4,117,126,0,126,243
10/29/2008,FTG,CO,ANM,WE,Federal Contract Tower,0,2,18,0,20,0,1,133,0,134,0,3,151,0,154,201,0,201,355
10/30/2008,FTG,CO,ANM,WE,Federal Contract Tower,0,0,17,0,17,0,9,65,0,74,0,9,82,0,91,275,0,275,366
10/31/2008,FTG,CO,ANM,WE,Federal Contract Tower,0,1,5,0,6,0,0,82,0,82,0,1,87,0,88,147,0,147,235
11/01/2008,FTG,CO,ANM,WE,Federal Contract Tower,0,0,13,0,13,0,0,126,0,126,0,0,139,0,139,261,0,261,400
11/02/2008,FTG,CO,ANM,WE,Federal Contract Tower,0,0,5,0,5,0,0,88,0,88,0,0,93,0,93,201,0,201,294
11/03/2008,FTG,CO,ANM,WE,Federal Contract Tower,0,1,17,0,18,0,3,90,0,93,0,4,107,0,111,108,0,108,219
11/04/2008,FTG,CO,ANM,WE,Federal Contract Tower,0,3,10,0,13,0,8,47,0,55,0,11,57,0,68,85,10,95,163
11/05/2008,FTG,CO,ANM,WE,Federal Contract Tower,0,1,10,0,11,0,4,16,2,22,0,5,26,2,33,10,4,14,47
11/06/2008,FTG,CO,ANM,WE,Federal Contract Tower,0,2,13,0,15,0,1,32,0,33,0,3,45,0,48,83,0,83,131
11/07/2008,FTG,CO,ANM,WE,Federal Contract Tower,0,1,18,0,19,0,0,112,4,116,0,1,130,4,135,95,27,122,257
11/08/2008,FTG,CO,ANM,WE,Federal Contract Tower,0,1,5,0,6,0,0,106,0,106,0,1,111,0,112,158,0,158,270
11/09/2008,FTG,CO,ANM,WE,Federal Contract Tower,0,0,9,0,9,0,0,81,0,81,0,0,90,0,90,123,0,123,213
11/10/2008,FTG,CO,ANM,WE,Federal Contract Tower,0,1,1,0,2,0,0,5,0,5,0,1,6,0,7,18,0,18,25
11/11/2008,FTG,CO,ANM,WE,Federal Contract Tower,0,0,14,0,14,0,0,65,0,65,0,0,79,0,79,68,0,68,147
11/12/2008,FTG,CO,ANM,WE,Federal Contract Tower,0,1,12,0,13,0,0,103,0,103,0,1,115,0,116,156,0,156,272
11/13/2008,FTG,CO,ANM,WE,Federal Contract Tower,0,3,9,0,12,0,0,7,0,7,0,3,16,0,19,14,0,14,33
11/14/2008,FTG,CO,ANM,WE,Federal Contract Tower,0,2,4,0,6,0,0,8,0,8,0,2,12,0,14,0,0,0,14
11/15/2008,FTG,CO,ANM,WE,Federal Contract Tower,0,1,10,0,11,0,0,187,0,187,0,1,197,0,198,205,0,205,403
11/16/2008,FTG,CO,ANM,WE,Federal Contract Tower,0,0,18,0,18,0,0,84,0,84,0,0,102,0,102,138,0,138,240
11/17/2008,FTG,CO,ANM,WE,Federal Contract Tower,0,0,13,0,13,0,0,71,0,71,0,0,84,0,84,138,0,138,222
11/18/2008,FTG,CO,ANM,WE,Federal Contract Tower,0,4,16,0,20,0,1,107,0,108,0,5,123,0,128,142,0,142,270
11/19/2008,FTG,CO,ANM,WE,Federal Contract Tower,0,1,21,0,22,0,0,87,0,87,0,1,108,0,109,122,0,122,231
11/20/2008,FTG,CO,ANM,WE,Federal Contract Tower,0,0,1,0,1,0,0,1,0,1,0,0,2,0,2,0,2,2,4
11/21/2008,FTG,CO,ANM,WE,Federal Contract Tower,0,0,5,0,5,0,0,51,0,51,0,0,56,0,56,178,0,178,234
11/22/2008,FTG,CO,ANM,WE,Federal Contract Tower,0,0,10,0,10,0,0,111,0,111,0,0,121,0,121,235,0,235,356
11/23/2008,FTG,CO,ANM,WE,Federal Contract Tower,0,0,37,0,37,0,0,81,0,81,0,0,118,0,118,72,0,72,190
11/24/2008,FTG,CO,ANM,WE,Federal Contract Tower,0,0,10,0,10,0,3,67,0,70,0,3,77,0,80,226,0,226,306
11/25/2008,FTG,CO,ANM,WE,Federal Contract Tower,0,2,14,0,16,0,1,74,0,75,0,3,88,0,91,223,0,223,314
11/26/2008,FTG,CO,ANM,WE,Federal Contract Tower,0,0,28,0,28,0,0,116,0,116,0,0,144,0,144,260,0,260,404
11/27/2008,FTG,CO,ANM,WE,Federal Contract Tower,0,0,1,0,1,0,0,12,0,12,0,0,13,0,13,20,0,20,33
11/28/2008,FTG,CO,ANM,WE,Federal Contract Tower,0,0,7,0,7,0,0,40,0,40,0,0,47,0,47,148,0,148,195
11/29/2008,FTG,CO,ANM,WE,Federal Contract Tower,0,0,6,0,6,0,0,13,0,13,0,0,19,0,19,12,0,12,31
11/30/2008,FTG,CO,ANM,WE,Federal Contract Tower,0,0,8,0,8,0,0,0,0,0,0,0,8,0,8,0,0,0,8
12/01/2008,FTG,CO,ANM,WE,Federal Contract Tower,0,0,5,0,5,0,0,0,0,0,0,0,5,0,5,100,0,100,105
12/02/2008,FTG,CO,ANM,WE,Federal Contract Tower,0,3,19,0,22,0,1,131,0,132,0,4,150,0,154,216,0,216,370
12/03/2008,FTG,CO,ANM,WE,Federal Contract Tower,0,0,9,0,9,0,0,0,0,0,0,0,9,0,9,0,0,0,9
12/04/2008,FTG,CO,ANM,WE,Federal Contract Tower,0,0,2,0,2,0,0,0,0,0,0,0,2,0,2,0,0,0,2
12/05/2008,FTG,CO,ANM,WE,Federal Contract Tower,0,1,8,0,9,0,0,77,0,77,0,1,85,0,86,122,0,122,208
12/06/2008,FTG,CO,ANM,WE,Federal Contract Tower,0,0,4,0,4,0,0,97,0,97,0,0,101,0,101,240,0,240,341
12/07/2008,FTG,CO,ANM,WE,Federal Contract Tower,0,0,19,0,19,0,0,120,0,120,0,0,139,0,139,160,0,160,299
12/08/2008,FTG,CO,ANM,WE,Federal Contract Tower,0,0,7,0,7,0,0,39,0,39,0,0,46,0,46,63,0,63,109
12/09/2008,FTG,CO,ANM,WE,Federal Contract Tower,0,0,4,0,4,0,0,34,0,34,0,0,38,0,38,81,0,81,119
12/10/2008,FTG,CO,ANM,WE,Federal Contract Tower,0,1,31,0,32,0,0,126,0,126,0,1,157,0,158,128,0,128,286
12/11/2008,FTG,CO,ANM,WE,Federal Contract Tower,0,1,6,0,7,0,2,69,0,71,0,3,75,0,78,181,0,181,259
12/12/2008,FTG,CO,ANM,WE,Federal Contract Tower,0,0,5,0,5,0,0,101,0,101,0,0,106,0,106,116,0,116,222
12/13/2008,FTG,CO,ANM,WE,Federal Contract Tower,0,1,18,0,19,0,0,79,0,79,0,1,97,0,98,154,0,154,252
12/14/2008,FTG,CO,ANM,WE,Federal Contract Tower,0,0,4,0,4,0,0,2,0,2,0,0,6,0,6,0,0,0,6
12/15/2008,FTG,CO,ANM,WE,Federal Contract Tower,0,1,5,0,6,0,0,15,0,15,0,1,20,0,21,4,0,4,25
12/16/2008,FTG,CO,ANM,WE,Federal Contract Tower,0,0,14,0,14,0,0,28,0,28,0,0,42,0,42,99,0,99,141
12/17/2008,FTG,CO,ANM,WE,Federal Contract Tower,0,1,32,0,33,0,1,84,0,85,0,2,116,0,118,125,0,125,243
12/18/2008,FTG,CO,ANM,WE,Federal Contract Tower,0,0,10,0,10,0,0,77,0,77,0,0,87,0,87,134,0,134,221
12/19/2008,FTG,CO,ANM,WE,Federal Contract Tower,0,0,17,0,17,0,0,99,0,99,0,0,116,0,116,120,0,120,236
12/20/2008,FTG,CO,ANM,WE,Federal Contract Tower,0,0,10,0,10,0,0,46,0,46,0,0,56,0,56,62,0,62,118
12/21/2008,FTG,CO,ANM,WE,Federal Contract Tower,0,0,4,0,4,0,0,8,0,8,0,0,12,0,12,24,0,24,36
12/22/2008,FTG,CO,ANM,WE,Federal Contract Tower,0,1,8,0,9,0,2,26,0,28,0,3,34,0,37,73,0,73,110
12/23/2008,FTG,CO,ANM,WE,Federal Contract Tower,0,1,7,0,8,0,0,13,0,13,0,1,20,0,21,34,0,34,55
12/24/2008,FTG,CO,ANM,WE,Federal Contract Tower,0,1,2,0,3,0,0,39,0,39,0,1,41,0,42,46,0,46,88
12/25/2008,FTG,CO,ANM,WE,Federal Contract Tower,0,0,3,0,3,0,0,12,0,12,0,0,15,0,15,5,0,5,20
12/26/2008,FTG,CO,ANM,WE,Federal Contract Tower,0,0,1,0,1,0,0,15,0,15,0,0,16,0,16,54,0,54,70
12/27/2008,FTG,CO,ANM,WE,Federal Contract Tower,0,0,17,0,17,0,0,86,0,86,0,0,103,0,103,168,0,168,271
12/28/2008,FTG,CO,ANM,WE,Federal Contract Tower,0,0,19,0,19,0,0,76,0,76,0,0,95,0,95,143,0,143,238
12/29/2008,FTG,CO,ANM,WE,Federal Contract Tower,0,2,14,0,16,0,0,83,0,83,0,2,97,0,99,102,0,102,201
12/30/2008,FTG,CO,ANM,WE,Federal Contract Tower,0,0,8,0,8,5,0,46,0,51,5,0,54,0,59,53,0,53,112
12/31/2008,FTG,CO,ANM,WE,Federal Contract Tower,0,0,21,0,21,0,0,86,0,86,0,0,107,0,107,153,0,153,260
01/01/2009,FTG,CO,ANM,WE,Federal Contract Tower,0,0,7,0,7,0,0,40,0,40,0,0,47,0,47,116,0,116,163
01/02/2009,FTG,CO,ANM,WE,Federal Contract Tower,0,0,33,0,33,0,0,94,0,94,0,0,127,0,127,202,0,202,329
01/03/2009,FTG,CO,ANM,WE,Federal Contract Tower,0,0,7,0,7,0,0,1,0,1,0,0,8,0,8,0,0,0,8
01/04/2009,FTG,CO,ANM,WE,Federal Contract Tower,0,0,14,0,14,0,0,47,0,47,0,0,61,0,61,122,0,122,183
01/05/2009,FTG,CO,ANM,WE,Federal Contract Tower,0,0,7,0,7,0,0,54,0,54,0,0,61,0,61,74,0,74,135
01/06/2009,FTG,CO,ANM,WE,Federal Contract Tower,0,0,14,2,16,0,0,54,0,54,0,0,68,2,70,152,4,156,226
01/07/2009,FTG,CO,ANM,WE,Federal Contract Tower,0,1,11,0,12,0,1,21,2,24,0,2,32,2,36,20,2,22,58
01/08/2009,FTG,CO,ANM,WE,Federal Contract Tower,0,0,8,0,8,0,0,122,0,122,0,0,130,0,130,256,0,256,386
01/09/2009,FTG,CO,ANM,WE,Federal Contract Tower,0,1,1,0,2,0,0,3,6,9,0,1,4,6,11,0,0,0,11
01/10/2009,FTG,CO,ANM,WE,Federal Contract Tower,0,2,8,0,10,0,0,103,0,103,0,2,111,0,113,118,14,132,245
01/11/2009,FTG,CO,ANM,WE,Federal Contract Tower,0,1,11,0,12,0,0,57,0,57,0,1,68,0,69,191,0,191,260
01/12/2009,FTG,CO,ANM,WE,Federal Contract Tower,0,0,6,0,6,0,0,16,0,16,0,0,22,0,22,48,0,48,70
01/13/2009,FTG,CO,ANM,WE,Federal Contract Tower,0,2,8,0,10,0,2,65,0,67,0,4,73,0,77,142,0,142,219
01/14/2009,FTG,CO,ANM,WE,Federal Contract Tower,0,1,24,2,27,0,1,75,2,78,0,2,99,4,105,154,2,156,261
01/15/2009,FTG,CO,ANM,WE,Federal Contract Tower,0,0,7,0,7,0,0,31,0,31,0,0,38,0,38,79,0,79,117
01/16/2009,FTG,CO,ANM,WE,Federal Contract Tower,0,0,26,0,26,0,0,98,0,98,0,0,124,0,124,141,0,141,265
01/17/2009,FTG,CO,ANM,WE,Federal Contract Tower,0,0,24,0,24,0,0,192,0,192,0,0,216,0,216,313,0,313,529
01/18/2009,FTG,CO,ANM,WE,Federal Contract Tower,0,0,35,0,35,0,0,161,0,161,0,0,196,0,196,266,0,266,462
01/19/2009,FTG,CO,ANM,WE,Federal Contract Tower,0,0,10,0,10,0,0,41,0,41,0,0,51,0,51,74,0,74,125
01/20/2009,FTG,CO,ANM,WE,Federal Contract Tower,0,0,13,0,13,0,3,101,0,104,0,3,114,0,117,166,0,166,283
01/21/2009,FTG,CO,ANM,WE,Federal Contract Tower,0,0,26,0,26,0,1,135,0,136,0,1,161,0,162,283,0,283,445
01/22/2009,FTG,CO,ANM,WE,Federal Contract Tower,0,0,9,0,9,0,0,32,0,32,0,0,41,0,41,108,0,108,149
01/23/2009,FTG,CO,ANM,WE,Federal Contract Tower,0,0,5,0,5,0,0,3,0,3,0,0,8,0,8,0,0,0,8
01/24/2009,FTG,CO,ANM,WE,Federal Contract Tower,0,0,10,0,10,0,0,40,0,40,0,0,50,0,50,68,0,68,118
01/25/2009,FTG,CO,ANM,WE,Federal Contract Tower,0,0,5,0,5,0,0,0,0,0,0,0,5,0,5,0,0,0,5
01/26/2009,FTG,CO,ANM,WE,Federal Contract Tower,0,1,1,0,2,0,0,1,0,1,0,1,2,0,3,0,0,0,3
01/27/2009,FTG,CO,ANM,WE,Federal Contract Tower,0,0,8,0,8,0,2,24,0,26,0,2,32,0,34,6,0,6,40
01/28/2009,FTG,CO,ANM,WE,Federal Contract Tower,0,0,10,0,10,0,0,67,0,67,0,0,77,0,77,109,0,109,186
01/29/2009,FTG,CO,ANM,WE,Federal Contract Tower,0,0,12,0,12,0,0,45,0,45,0,0,57,0,57,197,0,197,254
01/30/2009,FTG,CO,ANM,WE,Federal Contract Tower,0,0,23,0,23,0,0,83,0,83,0,0,106,0,106,138,0,138,244
01/31/2009,FTG,CO,ANM,WE,Federal Contract Tower,0,0,2,0,2,0,0,330,0,330,0,0,332,0,332,144,0,144,476
02/01/2009,FTG,CO,ANM,WE,Federal Contract Tower,0,0,10,0,10,0,0,67,0,67,0,0,77,0,77,175,0,175,252
02/02/2009,FTG,CO,ANM,WE,Federal Contract Tower,0,0,28,0,28,0,0,100,0,100,0,0,128,0,128,119,0,119,247
02/03/2009,FTG,CO,ANM,WE,Federal Contract Tower,0,0,15,0,15,0,1,75,0,76,0,1,90,0,91,128,0,128,219
02/04/2009,FTG,CO,ANM,WE,Federal Contract Tower,0,0,24,0,24,0,0,117,7,124,0,0,141,7,148,164,4,168,316
02/05/2009,FTG,CO,ANM,WE,Federal Contract Tower,0,0,15,0,15,0,0,74,2,76,0,0,89,2,91,79,8,87,178
02/06/2009,FTG,CO,ANM,WE,Federal Contract Tower,0,0,7,0,7,0,0,31,0,31,0,0,38,0,38,48,0,48,86
02/07/2009,FTG,CO,ANM,WE,Federal Contract Tower,0,1,5,0,6,0,1,64,0,65,0,2,69,0,71,103,0,103,174
02/08/2009,FTG,CO,ANM,WE,Federal Contract Tower,0,0,4,0,4,0,0,6,0,6,0,0,10,0,10,65,0,65,75
02/09/2009,FTG,CO,ANM,WE,Federal Contract Tower,0,1,0,0,1,0,0,11,0,11,0,1,11,0,12,32,0,32,44
02/10/2009,FTG,CO,ANM,WE,Federal Contract Tower,0,0,15,0,15,0,2,26,2,30,0,2,41,2,45,78,0,78,123
02/11/2009,FTG,CO,ANM,WE,Federal Contract Tower,0,2,26,1,29,0,1,69,2,72,0,3,95,3,101,105,8,113,214
02/12/2009,FTG,CO,ANM,WE,Federal Contract Tower,0,0,6,0,6,0,1,49,0,50,0,1,55,0,56,131,0,131,187
02/13/2009,FTG,CO,ANM,WE,Federal Contract Tower,0,0,13,0,13,0,0,10,0,10,0,0,23,0,23,30,0,30,53
02/14/2009,FTG,CO,ANM,WE,Federal Contract Tower,0,0,9,0,9,0,0,3,0,3,0,0,12,0,12,57,0,57,69
02/15/2009,FTG,CO,ANM,WE,Federal Contract Tower,0,0,42,0,42,0,0,111,0,111,0,0,153,0,153,283,0,283,436
02/16/2009,FTG,CO,ANM,WE,Federal Contract Tower,0,0,21,0,21,0,0,98,0,98,0,0,119,0,119,233,0,233,352
02/17/2009,FTG,CO,ANM,WE,Federal Contract Tower,0,1,10,0,11,0,2,7,0,9,0,3,17,0,20,19,0,19,39
02/18/2009,FTG,CO,ANM,WE,Federal Contract Tower,0,6,13,0,19,0,2,37,0,39,0,8,50,0,58,119,0,119,177
02/19/2009,FTG,CO,ANM,WE,Federal Contract Tower,0,0,13,0,13,0,74,0,0,74,0,74,13,0,87,197,0,197,284
02/20/2009,FTG,CO,ANM,WE,Federal Contract Tower,0,0,4,0,4,0,0,30,0,30,0,0,34,0,34,54,0,54,88
02/21/2009,FTG,CO,ANM,WE,Federal Contract Tower,0,1,21,0,22,0,0,104,0,104,0,1,125,0,126,180,0,180,306
02/22/2009,FTG,CO,ANM,WE,Federal Contract Tower,0,0,28,0,28,0,0,126,0,126,0,0,154,0,154,257,0,257,411
02/23/2009,FTG,CO,ANM,WE,Federal Contract Tower,0,0,32,0,32,0,0,110,0,110,0,0,142,0,142,181,0,181,323
02/24/2009,FTG,CO,ANM,WE,Federal Contract Tower,0,2,19,0,21,0,2,72,0,74,0,4,91,0,95,84,0,84,179
02/25/2009,FTG,CO,ANM,WE,Federal Contract Tower,0,0,22,0,22,0,1,38,0,39,0,1,60,0,61,67,0,67,128
02/26/2009,FTG,CO,ANM,WE,Federal Contract Tower,0,0,6,0,6,0,0,26,0,26,0,0,32,0,32,27,0,27,59
02/27/2009,FTG,CO,ANM,WE,Federal Contract Tower,0,0,5,0,5,0,0,23,0,23,0,0,28,0,28,25,0,25,53
02/28/2009,FTG,CO,ANM,WE,Federal Contract Tower,0,0,7,0,7,0,0,153,0,153,0,0,160,0,160,188,0,188,348
03/01/2009,FTG,CO,ANM,WE,Federal Contract Tower,0,0,13,0,13,0,0,103,0,103,0,0,116,0,116,162,0,162,278
03/02/2009,FTG,CO,ANM,WE,Federal Contract Tower,0,0,23,0,23,0,5,107,0,112,0,5,130,0,135,128,0,128,263
03/03/2009,FTG,CO,ANM,WE,Federal Contract Tower,0,0,24,0,24,0,4,46,0,50,0,4,70,0,74,40,0,40,114
03/04/2009,FTG,CO,ANM,WE,Federal Contract Tower,0,1,19,0,20,0,0,55,0,55,0,1,74,0,75,48,0,48,123
03/05/2009,FTG,CO,ANM,WE,Federal Contract Tower,0,0,6,0,6,0,0,4,0,4,0,0,10,0,10,0,0,0,10
03/06/2009,FTG,CO,ANM,WE,Federal Contract Tower,0,0,13,0,13,0,0,45,0,45,0,0,58,0,58,140,0,140,198
03/07/2009,FTG,CO,ANM,WE,Federal Contract Tower,0,0,8,0,8,0,0,34,0,34,0,0,42,0,42,116,0,116,158
03/08/2009,FTG,CO,ANM,WE,Federal Contract Tower,0,0,14,0,14,0,0,95,0,95,0,0,109,0,109,204,0,204,313
03/09/2009,FTG,CO,ANM,WE,Federal Contract Tower,0,0,25,0,25,0,0,59,0,59,0,0,84,0,84,56,0,56,140
03/10/2009,FTG,CO,ANM,WE,Federal Contract Tower,0,1,3,0,4,0,0,10,0,10,0,1,13,0,14,8,0,8,22
03/11/2009,FTG,CO,ANM,WE,Federal Contract Tower,0,1,33,1,35,0,1,87,0,88,0,2,120,1,123,109,0,109,232
03/12/2009,FTG,CO,ANM,WE,Federal Contract Tower,0,2,21,0,23,0,2,47,6,55,0,4,68,6,78,111,4,115,193
03/13/2009,FTG,CO,ANM,WE,Federal Contract Tower,0,2,9,0,11,0,0,60,0,60,0,2,69,0,71,177,0,177,248
03/14/2009,FTG,CO,ANM,WE,Federal Contract Tower,0,0,12,0,12,0,0,106,0,106,0,0,118,0,118,190,0,190,308
03/15/2009,FTG,CO,ANM,WE,Federal Contract Tower,0,1,32,0,33,0,0,154,0,154,0,1,186,0,187,125,0,125,312
03/16/2009,FTG,CO,ANM,WE,Federal Contract Tower,0,0,10,0,10,0,0,85,0,85,0,0,95,0,95,59,0,59,154
03/17/2009,FTG,CO,ANM,WE,Federal Contract Tower,0,0,17,0,17,0,0,51,0,51,0,0,68,0,68,66,0,66,134
03/18/2009,FTG,CO,ANM,WE,Federal Contract Tower,0,0,29,0,29,0,0,86,0,86,0,0,115,0,115,149,0,149,264
03/19/2009,FTG,CO,ANM,WE,Federal Contract Tower,0,0,16,0,16,0,0,53,0,53,0,0,69,0,69,136,0,136,205
03/20/2009,FTG,CO,ANM,WE,Federal Contract Tower,0,0,25,0,25,0,0,70,0,70,0,0,95,0,95,121,0,121,216
03/21/2009,FTG,CO,ANM,WE,Federal Contract Tower,0,0,10,0,10,0,0,96,0,96,0,0,106,0,106,148,0,148,254
03/22/2009,FTG,CO,ANM,WE,Federal Contract Tower,0,0,21,0,21,0,0,80,0,80,0,0,101,0,101,105,0,105,206
03/23/2009,FTG,CO,ANM,WE,Federal Contract Tower,0,0,5,0,5,0,0,4,0,4,0,0,9,0,9,2,0,2,11
03/24/2009,FTG,CO,ANM,WE,Federal Contract Tower,0,2,8,0,10,0,0,17,0,17,0,2,25,0,27,32,0,32,59
03/25/2009,FTG,CO,ANM,WE,Federal Contract Tower,1,0,11,0,12,0,0,61,0,61,1,0,72,0,73,111,0,111,184
03/26/2009,FTG,CO,ANM,WE,Federal Contract Tower,0,0,2,0,2,0,0,0,0,0,0,0,2,0,2,0,0,0,2
03/27/2009,FTG,CO,ANM,WE,Federal Contract Tower,0,8,2,0,10,0,0,19,0,19,0,8,21,0,29,20,0,20,49
03/28/2009,FTG,CO,ANM,WE,Federal Contract Tower,0,1,36,0,37,0,0,125,0,125,0,1,161,0,162,135,0,135,297
03/29/2009,FTG,CO,ANM,WE,Federal Contract Tower,0,0,6,0,6,0,0,46,0,46,0,0,52,0,52,104,0,104,156
03/30/2009,FTG,CO,ANM,WE,Federal Contract Tower,0,0,0,0,0,0,0,8,0,8,0,0,8,0,8,0,0,0,8
03/31/2009,FTG,CO,ANM,WE,Federal Contract Tower,0,1,27,0,28,0,0,66,2,68,0,1,93,2,96,46,2,48,144
04/01/2009,FTG,CO,ANM,WE,Federal Contract Tower,0,3,15,0,18,0,0,18,0,18,0,3,33,0,36,34,0,34,70
04/02/2009,FTG,CO,ANM,WE,Federal Contract Tower,0,5,30,0,35,0,0,101,2,103,0,5,131,2,138,176,2,178,316
04/03/2009,FTG,CO,ANM,WE,Federal Contract Tower,0,3,29,0,32,0,0,77,0,77,0,3,106,0,109,130,0,130,239
04/04/2009,FTG,CO,ANM,WE,Federal Contract Tower,0,0,1,0,1,0,0,0,0,0,0,0,1,0,1,0,0,0,1
04/05/2009,FTG,CO,ANM,WE,Federal Contract Tower,0,0,12,0,12,0,0,33,0,33,0,0,45,0,45,72,0,72,117
04/06/2009,FTG,CO,ANM,WE,Federal Contract Tower,0,1,33,0,34,0,0,95,0,95,0,1,128,0,129,236,0,236,365
04/07/2009,FTG,CO,ANM,WE,Federal Contract Tower,0,4,20,0,24,0,1,98,0,99,0,5,118,0,123,201,0,201,324
04/08/2009,FTG,CO,ANM,WE,Federal Contract Tower,0,4,7,0,11,0,0,87,0,87,0,4,94,0,98,128,0,128,226
04/09/2009,FTG,CO,ANM,WE,Federal Contract Tower,0,4,9,0,13,0,2,34,4,40,0,6,43,4,53,158,0,158,211
04/10/2009,FTG,CO,ANM,WE,Federal Contract Tower,0,1,16,0,17,0,1,61,1,63,0,2,77,1,80,123,0,123,203
04/11/2009,FTG,CO,ANM,WE,Federal Contract Tower,0,2,9,0,11,0,0,36,0,36,0,2,45,0,47,40,0,40,87
04/12/2009,FTG,CO,ANM,WE,Federal Contract Tower,0,0,3,0,3,0,0,0,0,0,0,0,3,0,3,0,0,0,3
04/13/2009,FTG,CO,ANM,WE,Federal Contract Tower,0,0,21,0,21,0,0,84,0,84,0,0,105,0,105,256,0,256,361
04/14/2009,FTG,CO,ANM,WE,Federal Contract Tower,0,5,9,0,14,0,0,40,0,40,0,5,49,0,54,59,0,59,113
04/15/2009,FTG,CO,ANM,WE,Federal Contract Tower,0,4,16,0,20,0,0,30,0,30,0,4,46,0,50,33,0,33,83
04/16/2009,FTG,CO,ANM,WE,Federal Contract Tower,0,6,5,0,11,0,0,0,0,0,0,6,5,0,11,0,0,0,11
04/17/2009,FTG,CO,ANM,WE,Federal Contract Tower,0,0,0,0,0,0,0,0,0,0,0,0,0,0,0,0,0,0,0
04/18/2009,FTG,CO,ANM,WE,Federal Contract Tower,0,0,0,0,0,0,0,0,0,0,0,0,0,0,0,0,0,0,0
04/19/2009,FTG,CO,ANM,WE,Federal Contract Tower,0,0,21,0,21,0,0,67,0,67,0,0,88,0,88,195,0,195,283
04/20/2009,FTG,CO,ANM,WE,Federal Contract Tower,0,0,35,0,35,0,0,65,0,65,0,0,100,0,100,158,0,158,258
04/21/2009,FTG,CO,ANM,WE,Federal Contract Tower,0,2,38,0,40,0,3,89,0,92,0,5,127,0,132,206,0,206,338
04/22/2009,FTG,CO,ANM,WE,Federal Contract Tower,0,6,16,0,22,0,0,116,0,116,0,6,132,0,138,201,0,201,339
04/23/2009,FTG,CO,ANM,WE,Federal Contract Tower,0,4,16,0,20,0,0,98,0,98,0,4,114,0,118,189,0,189,307
04/24/2009,FTG,CO,ANM,WE,Federal Contract Tower,0,2,15,1,18,0,0,65,0,65,0,2,80,1,83,102,0,102,185
04/25/2009,FTG,CO,ANM,WE,Federal Contract Tower,0,0,9,0,9,0,0,17,0,17,0,0,26,0,26,24,0,24,50
04/26/2009,FTG,CO,ANM,WE,Federal Contract Tower,0,0,6,0,6,0,0,34,0,34,0,0,40,0,40,105,0,105,145
04/27/2009,FTG,CO,ANM,WE,Federal Contract Tower,0,0,5,0,5,0,0,14,0,14,0,0,19,0,19,28,0,28,47
04/28/2009,FTG,CO,ANM,WE,Federal Contract Tower,0,4,13,0,17,0,0,15,0,15,0,4,28,0,32,40,0,40,72
04/29/2009,FTG,CO,ANM,WE,Federal Contract Tower,0,2,20,0,22,0,2,98,0,100,0,4,118,0,122,205,0,205,327
04/30/2009,FTG,CO,ANM,WE,Federal Contract Tower,0,4,14,0,18,0,0,44,0,44,0,4,58,0,62,125,0,125,187
05/01/2009,FTG,CO,ANM,WE,Federal Contract Tower,0,2,13,0,15,0,0,0,0,0,0,2,13,0,15,0,0,0,15
05/02/2009,FTG,CO,ANM,WE,Federal Contract Tower,0,2,12,2,16,0,0,6,0,6,0,2,18,2,22,8,0,8,30
05/03/2009,FTG,CO,ANM,WE,Federal Contract Tower,0,0,9,1,10,0,0,53,0,53,0,0,62,1,63,107,0,107,170
05/04/2009,FTG,CO,ANM,WE,Federal Contract Tower,0,2,25,0,27,0,0,64,0,64,0,2,89,0,91,161,0,161,252
05/05/2009,FTG,CO,ANM,WE,Federal Contract Tower,0,4,11,0,15,0,0,56,0,56,0,4,67,0,71,115,0,115,186
05/06/2009,FTG,CO,ANM,WE,Federal Contract Tower,0,4,19,0,23,0,0,86,0,86,0,4,105,0,109,149,0,149,258
05/07/2009,FTG,CO,ANM,WE,Federal Contract Tower,0,7,7,0,14,0,0,43,0,43,0,7,50,0,57,286,0,286,343
05/08/2009,FTG,CO,ANM,WE,Federal Contract Tower,0,0,29,0,29,0,1,57,0,58,0,1,86,0,87,131,0,131,218
05/09/2009,FTG,CO,ANM,WE,Federal Contract Tower,0,2,3,0,5,0,0,113,0,113,0,2,116,0,118,130,0,130,248
05/10/2009,FTG,CO,ANM,WE,Federal Contract Tower,0,3,14,0,17,0,0,17,0,17,0,3,31,0,34,68,0,68,102
05/11/2009,FTG,CO,ANM,WE,Federal Contract Tower,0,0,17,0,17,0,1,54,0,55,0,1,71,0,72,147,14,161,233
05/12/2009,FTG,CO,ANM,WE,Federal Contract Tower,0,1,14,0,15,0,0,42,0,42,0,1,56,0,57,156,0,156,213
05/13/2009,FTG,CO,ANM,WE,Federal Contract Tower,0,4,16,0,20,0,3,75,0,78,0,7,91,0,98,289,64,353,451
05/14/2009,FTG,CO,ANM,WE,Federal Contract Tower,0,7,8,0,15,0,0,54,0,54,0,7,62,0,69,171,0,171,240
05/15/2009,FTG,CO,ANM,WE,Federal Contract Tower,0,6,22,0,28,0,0,92,0,92,0,6,114,0,120,331,0,331,451
05/16/2009,FTG,CO,ANM,WE,Federal Contract Tower,0,2,7,0,9,0,0,88,0,88,0,2,95,0,97,201,0,201,298
05/17/2009,FTG,CO,ANM,WE,Federal Contract Tower,0,0,16,0,16,0,0,100,0,100,0,0,116,0,116,293,0,293,409
05/18/2009,FTG,CO,ANM,WE,Federal Contract Tower,0,0,11,0,11,0,0,76,1,77,0,0,87,1,88,187,0,187,275
05/19/2009,FTG,CO,ANM,WE,Federal Contract Tower,0,3,12,0,15,0,0,37,0,37,0,3,49,0,52,75,0,75,127
05/20/2009,FTG,CO,ANM,WE,Federal Contract Tower,0,4,24,0,28,0,1,101,0,102,0,5,125,0,130,168,0,168,298
05/21/2009,FTG,CO,ANM,WE,Federal Contract Tower,0,4,17,0,21,0,0,0,0,0,0,4,17,0,21,4,0,4,25
05/22/2009,FTG,CO,ANM,WE,Federal Contract Tower,0,3,11,0,14,0,0,36,0,36,0,3,47,0,50,77,0,77,127
05/23/2009,FTG,CO,ANM,WE,Federal Contract Tower,0,0,20,0,20,0,0,6,0,6,0,0,26,0,26,0,0,0,26
05/24/2009,FTG,CO,ANM,WE,Federal Contract Tower,0,0,5,0,5,36,0,0,0,36,36,0,5,0,41,83,0,83,124
05/25/2009,FTG,CO,ANM,WE,Federal Contract Tower,0,0,10,0,10,0,0,27,0,27,0,0,37,0,37,125,0,125,162
05/26/2009,FTG,CO,ANM,WE,Federal Contract Tower,0,3,20,0,23,0,0,24,0,24,0,3,44,0,47,48,0,48,95
05/27/2009,FTG,CO,ANM,WE,Federal Contract Tower,0,4,14,0,18,0,0,91,0,91,0,4,105,0,109,222,0,222,331
05/28/2009,FTG,CO,ANM,WE,Federal Contract Tower,0,3,5,0,8,0,0,53,0,53,0,3,58,0,61,142,0,142,203
05/29/2009,FTG,CO,ANM,WE,Federal Contract Tower,0,4,26,0,30,0,0,120,0,120,0,4,146,0,150,312,0,312,462
05/30/2009,FTG,CO,ANM,WE,Federal Contract Tower,0,0,6,0,6,0,0,110,0,110,0,0,116,0,116,181,0,181,297
05/31/2009,FTG,CO,ANM,WE,Federal Contract Tower,0,0,7,0,7,0,0,88,0,88,0,0,95,0,95,196,0,196,291
06/01/2009,FTG,CO,ANM,WE,Federal Contract Tower,0,0,15,0,15,0,0,41,0,41,0,0,56,0,56,156,0,156,212
06/02/2009,FTG,CO,ANM,WE,Federal Contract Tower,0,2,15,0,17,0,0,0,0,0,0,2,15,0,17,0,0,0,17
06/03/2009,FTG,CO,ANM,WE,Federal Contract Tower,0,3,37,0,40,0,0,85,2,87,0,3,122,2,127,199,0,199,326
06/04/2009,FTG,CO,ANM,WE,Federal Contract Tower,0,2,11,0,13,0,0,78,0,78,0,2,89,0,91,231,0,231,322
06/05/2009,FTG,CO,ANM,WE,Federal Contract Tower,0,6,10,0,16,0,0,124,0,124,0,6,134,0,140,292,0,292,432
06/06/2009,FTG,CO,ANM,WE,Federal Contract Tower,0,0,10,0,10,0,0,144,0,144,0,0,154,0,154,225,0,225,379
06/07/2009,FTG,CO,ANM,WE,Federal Contract Tower,0,0,10,0,10,0,0,53,0,53,0,0,63,0,63,44,0,44,107
06/08/2009,FTG,CO,ANM,WE,Federal Contract Tower,0,1,6,0,7,0,0,37,0,37,0,1,43,0,44,138,0,138,182
06/09/2009,FTG,CO,ANM,WE,Federal Contract Tower,0,3,11,0,14,0,0,47,0,47,0,3,58,0,61,116,0,116,177
06/10/2009,FTG,CO,ANM,WE,Federal Contract Tower,0,2,21,0,23,0,1,71,0,72,0,3,92,0,95,179,0,179,274
06/11/2009,FTG,CO,ANM,WE,Federal Contract Tower,0,2,20,0,22,0,0,31,0,31,0,2,51,0,53,65,0,65,118
06/12/2009,FTG,CO,ANM,WE,Federal Contract Tower,0,2,17,0,19,0,0,80,0,80,0,2,97,0,99,254,0,254,353
06/13/2009,FTG,CO,ANM,WE,Federal Contract Tower,0,0,14,0,14,0,0,63,0,63,0,0,77,0,77,69,0,69,146
06/14/2009,FTG,CO,ANM,WE,Federal Contract Tower,0,0,10,0,10,0,0,63,0,63,0,0,73,0,73,78,0,78,151
06/15/2009,FTG,CO,ANM,WE,Federal Contract Tower,0,2,19,0,21,0,0,45,0,45,0,2,64,0,66,135,0,135,201
06/16/2009,FTG,CO,ANM,WE,Federal Contract Tower,0,5,28,0,33,0,2,79,0,81,0,7,107,0,114,180,0,180,294
06/17/2009,FTG,CO,ANM,WE,Federal Contract Tower,0,4,16,0,20,0,7,97,0,104,0,11,113,0,124,170,0,170,294
06/18/2009,FTG,CO,ANM,WE,Federal Contract Tower,0,3,10,0,13,0,0,106,0,106,0,3,116,0,119,137,0,137,256
06/19/2009,FTG,CO,ANM,WE,Federal Contract Tower,0,2,15,0,17,0,0,100,0,100,0,2,115,0,117,296,0,296,413
06/20/2009,FTG,CO,ANM,WE,Federal Contract Tower,0,0,16,0,16,0,0,44,0,44,0,0,60,0,60,45,0,45,105
06/21/2009,FTG,CO,ANM,WE,Federal Contract Tower,0,0,25,0,25,0,0,72,0,72,0,0,97,0,97,101,0,101,198
06/22/2009,FTG,CO,ANM,WE,Federal Contract Tower,0,0,3,0,3,0,0,63,0,63,0,0,66,0,66,144,0,144,210
06/23/2009,FTG,CO,ANM,WE,Federal Contract Tower,0,1,12,0,13,0,0,82,0,82,0,1,94,0,95,154,0,154,249
06/24/2009,FTG,CO,ANM,WE,Federal Contract Tower,0,2,8,0,10,0,2,91,0,93,0,4,99,0,103,227,0,227,330
06/25/2009,FTG,CO,ANM,WE,Federal Contract Tower,0,2,4,0,6,0,0,25,0,25,0,2,29,0,31,111,0,111,142
06/26/2009,FTG,CO,ANM,WE,Federal Contract Tower,0,1,6,0,7,0,0,48,0,48,0,1,54,0,55,128,0,128,183
06/27/2009,FTG,CO,ANM,WE,Federal Contract Tower,0,1,18,0,19,0,2,103,0,105,0,3,121,0,124,158,0,158,282
06/28/2009,FTG,CO,ANM,WE,Federal Contract Tower,0,1,26,0,27,0,0,84,0,84,0,1,110,0,111,90,0,90,201
06/29/2009,FTG,CO,ANM,WE,Federal Contract Tower,0,1,21,0,22,0,0,76,0,76,0,1,97,0,98,100,0,100,198
06/30/2009,FTG,CO,ANM,WE,Federal Contract Tower,0,4,17,1,22,0,0,90,1,91,0,4,107,2,113,166,0,166,279
07/01/2009,FTG,CO,ANM,WE,Federal Contract Tower,0,2,8,0,10,0,0,57,0,57,0,2,65,0,67,79,0,79,146
07/02/2009,FTG,CO,ANM,WE,Federal Contract Tower,0,0,4,0,4,0,0,28,0,28,0,0,32,0,32,52,0,52,84
07/03/2009,FTG,CO,ANM,WE,Federal Contract Tower,0,0,17,0,17,0,0,70,0,70,0,0,87,0,87,183,0,183,270
07/04/2009,FTG,CO,ANM,WE,Federal Contract Tower,0,0,12,0,12,0,0,56,0,56,0,0,68,0,68,81,0,81,149
07/05/2009,FTG,CO,ANM,WE,Federal Contract Tower,0,2,17,0,19,0,0,54,0,54,0,2,71,0,73,42,0,42,115
07/06/2009,FTG,CO,ANM,WE,Federal Contract Tower,0,0,10,0,10,0,0,70,0,70,0,0,80,0,80,127,0,127,207
07/07/2009,FTG,CO,ANM,WE,Federal Contract Tower,0,0,12,0,12,0,0,64,0,64,0,0,76,0,76,130,0,130,206
07/08/2009,FTG,CO,ANM,WE,Federal Contract Tower,0,2,14,0,16,0,0,60,0,60,0,2,74,0,76,68,0,68,144
07/09/2009,FTG,CO,ANM,WE,Federal Contract Tower,0,2,11,0,13,0,0,42,0,42,0,2,53,0,55,83,0,83,138
07/10/2009,FTG,CO,ANM,WE,Federal Contract Tower,0,2,15,0,17,0,0,69,0,69,0,2,84,0,86,193,0,193,279
07/11/2009,FTG,CO,ANM,WE,Federal Contract Tower,0,3,17,0,20,0,0,200,0,200,0,3,217,0,220,113,0,113,333
07/12/2009,FTG,CO,ANM,WE,Federal Contract Tower,0,0,14,0,14,0,0,65,2,67,0,0,79,2,81,83,9,92,173
07/13/2009,FTG,CO,ANM,WE,Federal Contract Tower,0,0,19,0,19,0,0,60,0,60,0,0,79,0,79,133,0,133,212
07/14/2009,FTG,CO,ANM,WE,Federal Contract Tower,0,0,14,0,14,0,0,67,0,67,0,0,81,0,81,148,0,148,229
07/15/2009,FTG,CO,ANM,WE,Federal Contract Tower,0,4,21,0,25,0,0,64,0,64,0,4,85,0,89,170,0,170,259
07/16/2009,FTG,CO,ANM,WE,Federal Contract Tower,0,4,8,0,12,0,0,55,0,55,0,4,63,0,67,52,0,52,119
07/17/2009,FTG,CO,ANM,WE,Federal Contract Tower,0,3,21,0,24,0,1,83,0,84,0,4,104,0,108,125,0,125,233
07/18/2009,FTG,CO,ANM,WE,Federal Contract Tower,0,3,10,0,13,0,0,106,0,106,0,3,116,0,119,98,0,98,217
07/19/2009,FTG,CO,ANM,WE,Federal Contract Tower,0,0,6,0,6,0,0,101,0,101,0,0,107,0,107,146,0,146,253
07/20/2009,FTG,CO,ANM,WE,Federal Contract Tower,0,0,15,0,15,0,0,61,0,61,0,0,76,0,76,122,0,122,198
07/21/2009,FTG,CO,ANM,WE,Federal Contract Tower,0,0,13,0,13,0,0,32,0,32,0,0,45,0,45,109,0,109,154
07/22/2009,FTG,CO,ANM,WE,Federal Contract Tower,0,3,19,0,22,0,0,88,0,88,0,3,107,0,110,193,0,193,303
07/23/2009,FTG,CO,ANM,WE,Federal Contract Tower,0,2,6,0,8,0,0,91,0,91,0,2,97,0,99,243,0,243,342
07/24/2009,FTG,CO,ANM,WE,Federal Contract Tower,0,2,4,0,6,0,0,67,0,67,0,2,71,0,73,210,0,210,283
07/25/2009,FTG,CO,ANM,WE,Federal Contract Tower,0,1,13,0,14,0,0,75,0,75,0,1,88,0,89,149,0,149,238
07/26/2009,FTG,CO,ANM,WE,Federal Contract Tower,0,0,15,0,15,0,0,55,0,55,0,0,70,0,70,41,0,41,111
07/27/2009,FTG,CO,ANM,WE,Federal Contract Tower,0,2,8,0,10,0,2,53,0,55,0,4,61,0,65,87,0,87,152
07/28/2009,FTG,CO,ANM,WE,Federal Contract Tower,0,2,9,0,11,0,0,24,0,24,0,2,33,0,35,41,0,41,76
07/29/2009,FTG,CO,ANM,WE,Federal Contract Tower,0,2,18,0,20,0,1,40,0,41,0,3,58,0,61,56,0,56,117
07/30/2009,FTG,CO,ANM,WE,Federal Contract Tower,0,2,12,0,14,0,2,22,0,24,0,4,34,0,38,62,2,64,102
07/31/2009,FTG,CO,ANM,WE,Federal Contract Tower,0,2,12,0,14,0,0,74,0,74,0,2,86,0,88,128,0,128,216
08/01/2009,FTG,CO,ANM,WE,Federal Contract Tower,0,0,14,0,14,0,0,95,1,96,0,0,109,1,110,173,17,190,300
08/02/2009,FTG,CO,ANM,WE,Federal Contract Tower,0,0,19,0,19,0,0,77,0,77,0,0,96,0,96,173,0,173,269
08/03/2009,FTG,CO,ANM,WE,Federal Contract Tower,0,1,19,0,20,0,0,90,0,90,0,1,109,0,110,112,0,112,222
08/04/2009,FTG,CO,ANM,WE,Federal Contract Tower,0,0,19,0,19,0,0,83,0,83,0,0,102,0,102,120,0,120,222
08/05/2009,FTG,CO,ANM,WE,Federal Contract Tower,0,0,15,0,15,0,0,60,0,60,0,0,75,0,75,127,0,127,202
08/06/2009,FTG,CO,ANM,WE,Federal Contract Tower,0,0,12,0,12,0,0,40,0,40,0,0,52,0,52,141,0,141,193
08/07/2009,FTG,CO,ANM,WE,Federal Contract Tower,0,0,13,0,13,0,0,82,0,82,0,0,95,0,95,222,0,222,317
08/08/2009,FTG,CO,ANM,WE,Federal Contract Tower,0,0,2,0,2,0,0,205,0,205,0,0,207,0,207,99,0,99,306
08/09/2009,FTG,CO,ANM,WE,Federal Contract Tower,0,1,13,0,14,0,0,89,0,89,0,1,102,0,103,197,0,197,300
08/10/2009,FTG,CO,ANM,WE,Federal Contract Tower,0,1,10,0,11,0,0,63,0,63,0,1,73,0,74,132,0,132,206
08/11/2009,FTG,CO,ANM,WE,Federal Contract Tower,0,0,8,0,8,0,0,54,0,54,0,0,62,0,62,122,0,122,184
08/12/2009,FTG,CO,ANM,WE,Federal Contract Tower,0,0,8,0,8,0,3,81,1,85,0,3,89,1,93,107,0,107,200
08/13/2009,FTG,CO,ANM,WE,Federal Contract Tower,0,0,17,0,17,0,0,58,0,58,0,0,75,0,75,154,6,160,235
08/14/2009,FTG,CO,ANM,WE,Federal Contract Tower,0,0,14,0,14,0,0,85,0,85,0,0,99,0,99,165,0,165,264
08/15/2009,FTG,CO,ANM,WE,Federal Contract Tower,0,0,8,0,8,0,0,115,0,115,0,0,123,0,123,108,0,108,231
08/16/2009,FTG,CO,ANM,WE,Federal Contract Tower,0,0,6,0,6,0,0,50,0,50,0,0,56,0,56,91,0,91,147
08/17/2009,FTG,CO,ANM,WE,Federal Contract Tower,0,0,17,0,17,0,0,43,0,43,0,0,60,0,60,122,0,122,182
08/18/2009,FTG,CO,ANM,WE,Federal Contract Tower,0,0,11,0,11,0,0,28,0,28,0,0,39,0,39,98,0,98,137
08/19/2009,FTG,CO,ANM,WE,Federal Contract Tower,0,0,11,0,11,0,0,44,0,44,0,0,55,0,55,159,0,159,214
08/20/2009,FTG,CO,ANM,WE,Federal Contract Tower,0,0,14,0,14,0,0,97,4,101,0,0,111,4,115,191,0,191,306
08/21/2009,FTG,CO,ANM,WE,Federal Contract Tower,0,0,6,0,6,0,0,70,0,70,0,0,76,0,76,105,0,105,181
08/22/2009,FTG,CO,ANM,WE,Federal Contract Tower,0,0,9,0,9,0,0,115,0,115,0,0,124,0,124,243,0,243,367
08/23/2009,FTG,CO,ANM,WE,Federal Contract Tower,0,0,6,0,6,0,0,38,0,38,0,0,44,0,44,76,0,76,120
08/24/2009,FTG,CO,ANM,WE,Federal Contract Tower,0,5,5,0,10,0,4,37,0,41,0,9,42,0,51,102,0,102,153
08/25/2009,FTG,CO,ANM,WE,Federal Contract Tower,0,0,7,1,8,0,0,44,2,46,0,0,51,3,54,64,4,68,122
08/26/2009,FTG,CO,ANM,WE,Federal Contract Tower,0,0,3,0,3,0,0,78,0,78,0,0,81,0,81,192,0,192,273
08/27/2009,FTG,CO,ANM,WE,Federal Contract Tower,0,0,7,0,7,0,0,46,0,46,0,0,53,0,53,149,0,149,202
08/28/2009,FTG,CO,ANM,WE,Federal Contract Tower,0,0,5,0,5,0,0,61,0,61,0,0,66,0,66,392,0,392,458
08/29/2009,FTG,CO,ANM,WE,Federal Contract Tower,0,0,4,0,4,0,0,168,0,168,0,0,172,0,172,225,0,225,397
08/30/2009,FTG,CO,ANM,WE,Federal Contract Tower,0,0,15,0,15,0,0,57,0,57,0,0,72,0,72,69,0,69,141
08/31/2009,FTG,CO,ANM,WE,Federal Contract Tower,0,0,2,0,2,0,0,46,0,46,0,0,48,0,48,102,0,102,150
09/01/2009,FTG,CO,ANM,WE,Federal Contract Tower,0,0,24,0,24,0,0,67,2,69,0,0,91,2,93,92,5,97,190
09/02/2009,FTG,CO,ANM,WE,Federal Contract Tower,0,1,11,0,12,0,0,80,0,80,0,1,91,0,92,183,0,183,275
09/03/2009,FTG,CO,ANM,WE,Federal Contract Tower,0,2,8,0,10,0,0,70,0,70,0,2,78,0,80,232,0,232,312
09/04/2009,FTG,CO,ANM,WE,Federal Contract Tower,0,0,3,0,3,0,0,57,0,57,0,0,60,0,60,225,0,225,285
09/05/2009,FTG,CO,ANM,WE,Federal Contract Tower,0,0,5,0,5,0,0,152,0,152,0,0,157,0,157,131,0,131,288
09/06/2009,FTG,CO,ANM,WE,Federal Contract Tower,0,0,7,0,7,0,0,65,0,65,0,0,72,0,72,77,0,77,149
09/07/2009,FTG,CO,ANM,WE,Federal Contract Tower,0,0,12,0,12,0,0,96,0,96,0,0,108,0,108,142,0,142,250
09/08/2009,FTG,CO,ANM,WE,Federal Contract Tower,0,0,4,0,4,0,0,47,0,47,0,0,51,0,51,108,0,108,159
09/09/2009,FTG,CO,ANM,WE,Federal Contract Tower,0,0,5,0,5,0,4,68,0,72,0,4,73,0,77,100,0,100,177
09/10/2009,FTG,CO,ANM,WE,Federal Contract Tower,0,0,11,4,15,0,0,31,0,31,0,0,42,4,46,151,0,151,197
09/11/2009,FTG,CO,ANM,WE,Federal Contract Tower,0,0,12,0,12,0,0,89,0,89,0,0,101,0,101,127,4,131,232
09/12/2009,FTG,CO,ANM,WE,Federal Contract Tower,0,0,5,0,5,0,0,87,0,87,0,0,92,0,92,54,0,54,146
09/13/2009,FTG,CO,ANM,WE,Federal Contract Tower,0,0,3,0,3,0,0,51,0,51,0,0,54,0,54,138,0,138,192
09/14/2009,FTG,CO,ANM,WE,Federal Contract Tower,0,0,12,0,12,0,0,59,2,61,0,0,71,2,73,95,2,97,170
09/15/2009,FTG,CO,ANM,WE,Federal Contract Tower,0,0,6,0,6,0,0,65,0,65,0,0,71,0,71,54,0,54,125
09/16/2009,FTG,CO,ANM,WE,Federal Contract Tower,0,0,11,0,11,0,0,45,0,45,0,0,56,0,56,96,0,96,152
09/17/2009,FTG,CO,ANM,WE,Federal Contract Tower,0,0,2,0,2,0,2,83,0,85,0,2,85,0,87,103,0,103,190
09/18/2009,FTG,CO,ANM,WE,Federal Contract Tower,0,0,6,0,6,0,0,104,0,104,0,0,110,0,110,140,0,140,250
09/19/2009,FTG,CO,ANM,WE,Federal Contract Tower,0,0,7,0,7,0,0,97,0,97,0,0,104,0,104,254,0,254,358
09/20/2009,FTG,CO,ANM,WE,Federal Contract Tower,0,0,9,0,9,0,0,62,0,62,0,0,71,0,71,189,0,189,260
09/21/2009,FTG,CO,ANM,WE,Federal Contract Tower,0,0,4,0,4,0,0,3,0,3,0,0,7,0,7,0,0,0,7
09/22/2009,FTG,CO,ANM,WE,Federal Contract Tower,0,0,2,0,2,0,0,12,6,18,0,0,14,6,20,56,8,64,84
09/23/2009,FTG,CO,ANM,WE,Federal Contract Tower,0,0,9,0,9,0,0,1,0,1,0,0,10,0,10,0,0,0,10
09/24/2009,FTG,CO,ANM,WE,Federal Contract Tower,0,0,9,0,9,0,0,22,0,22,0,0,31,0,31,34,9,43,74
09/25/2009,FTG,CO,ANM,WE,Federal Contract Tower,0,0,9,0,9,0,0,44,0,44,0,0,53,0,53,246,0,246,299
09/26/2009,FTG,CO,ANM,WE,Federal Contract Tower,0,0,5,0,5,0,0,124,0,124,0,0,129,0,129,405,0,405,534
09/27/2009,FTG,CO,ANM,WE,Federal Contract Tower,0,0,4,0,4,0,0,53,0,53,0,0,57,0,57,61,0,61,118
09/28/2009,FTG,CO,ANM,WE,Federal Contract Tower,0,0,4,0,4,0,0,61,0,61,0,0,65,0,65,85,0,85,150
09/29/2009,FTG,CO,ANM,WE,Federal Contract Tower,0,0,4,0,4,0,0,72,0,72,0,0,76,0,76,98,0,98,174
09/30/2009,FTG,CO,ANM,WE,Federal Contract Tower,0,0,5,0,5,0,0,21,0,21,0,0,26,0,26,0,0,0,26
10/01/2009,FTG,CO,ANM,WE,Federal Contract Tower,0,0,6,0,6,0,0,28,0,28,0,0,34,0,34,52,0,52,86
10/02/2009,FTG,CO,ANM,WE,Federal Contract Tower,0,0,7,0,7,0,0,45,0,45,0,0,52,0,52,154,0,154,206
10/03/2009,FTG,CO,ANM,WE,Federal Contract Tower,0,0,9,0,9,0,0,83,0,83,0,0,92,0,92,192,0,192,284
10/04/2009,FTG,CO,ANM,WE,Federal Contract Tower,0,0,3,0,3,0,0,37,0,37,0,0,40,0,40,53,0,53,93
10/05/2009,FTG,CO,ANM,WE,Federal Contract Tower,0,0,5,0,5,0,0,11,0,11,0,0,16,0,16,31,0,31,47
10/06/2009,FTG,CO,ANM,WE,Federal Contract Tower,0,0,13,0,13,0,0,54,0,54,0,0,67,0,67,74,0,74,141
10/07/2009,FTG,CO,ANM,WE,Federal Contract Tower,0,0,13,0,13,0,0,74,0,74,0,0,87,0,87,56,0,56,143
10/08/2009,FTG,CO,ANM,WE,Federal Contract Tower,0,0,0,0,0,0,0,0,0,0,0,0,0,0,0,0,0,0,0
10/09/2009,FTG,CO,ANM,WE,Federal Contract Tower,0,0,7,0,7,0,0,34,0,34,0,0,41,0,41,100,0,100,141
10/10/2009,FTG,CO,ANM,WE,Federal Contract Tower,0,1,0,0,1,0,0,0,0,0,0,1,0,0,1,0,0,0,1
10/11/2009,FTG,CO,ANM,WE,Federal Contract Tower,0,0,10,0,10,0,0,28,0,28,0,0,38,0,38,50,0,50,88
10/12/2009,FTG,CO,ANM,WE,Federal Contract Tower,0,0,10,0,10,0,0,32,0,32,0,0,42,0,42,56,0,56,98
10/13/2009,FTG,CO,ANM,WE,Federal Contract Tower,0,1,4,0,5,0,0,16,0,16,0,1,20,0,21,30,0,30,51
10/14/2009,FTG,CO,ANM,WE,Federal Contract Tower,0,0,5,0,5,0,0,49,0,49,0,0,54,0,54,47,10,57,111
10/15/2009,FTG,CO,ANM,WE,Federal Contract Tower,0,0,8,0,8,0,0,50,0,50,0,0,58,0,58,85,0,85,143
10/16/2009,FTG,CO,ANM,WE,Federal Contract Tower,0,0,11,0,11,0,0,66,0,66,0,0,77,0,77,152,0,152,229
10/17/2009,FTG,CO,ANM,WE,Federal Contract Tower,0,0,7,0,7,0,0,116,0,116,0,0,123,0,123,177,0,177,300
10/18/2009,FTG,CO,ANM,WE,Federal Contract Tower,0,1,5,0,6,0,2,68,0,70,0,3,73,0,76,97,0,97,173
10/19/2009,FTG,CO,ANM,WE,Federal Contract Tower,0,0,11,0,11,0,0,52,0,52,0,0,63,0,63,120,0,120,183
10/20/2009,FTG,CO,ANM,WE,Federal Contract Tower,0,0,9,0,9,0,0,11,0,11,0,0,20,0,20,5,0,5,25
10/21/2009,FTG,CO,ANM,WE,Federal Contract Tower,0,0,4,0,4,0,0,0,0,0,0,0,4,0,4,0,0,0,4
10/22/2009,FTG,CO,ANM,WE,Federal Contract Tower,0,0,14,0,14,0,0,33,1,34,0,0,47,1,48,16,2,18,66
10/23/2009,FTG,CO,ANM,WE,Federal Contract Tower,0,0,6,0,6,0,0,70,0,70,0,0,76,0,76,82,0,82,158
10/24/2009,FTG,CO,ANM,WE,Federal Contract Tower,0,0,14,0,14,0,0,219,0,219,0,0,233,0,233,143,0,143,376
10/25/2009,FTG,CO,ANM,WE,Federal Contract Tower,0,0,3,0,3,0,0,2,0,2,0,0,5,0,5,0,0,0,5
10/26/2009,FTG,CO,ANM,WE,Federal Contract Tower,0,0,9,0,9,0,0,68,0,68,0,0,77,0,77,94,0,94,171
10/27/2009,FTG,CO,ANM,WE,Federal Contract Tower,0,0,6,0,6,0,0,65,0,65,0,0,71,0,71,78,0,78,149
10/28/2009,FTG,CO,ANM,WE,Federal Contract Tower,0,0,0,0,0,0,0,0,0,0,0,0,0,0,0,0,0,0,0
10/29/2009,FTG,CO,ANM,WE,Federal Contract Tower,0,0,0,0,0,0,0,0,0,0,0,0,0,0,0,0,0,0,0
10/30/2009,FTG,CO,ANM,WE,Federal Contract Tower,0,1,5,0,6,0,0,7,0,7,0,1,12,0,13,1,10,11,24
10/31/2009,FTG,CO,ANM,WE,Federal Contract Tower,0,0,8,0,8,0,0,77,0,77,0,0,85,0,85,173,0,173,258
11/01/2009,FTG,CO,ANM,WE,Federal Contract Tower,0,0,10,0,10,0,0,100,0,100,0,0,110,0,110,114,0,114,224
11/02/2009,FTG,CO,ANM,WE,Federal Contract Tower,0,0,22,0,22,0,0,7,0,7,0,0,29,0,29,0,0,0,29
11/03/2009,FTG,CO,ANM,WE,Federal Contract Tower,0,0,12,0,12,0,0,77,0,77,0,0,89,0,89,115,16,131,220
11/04/2009,FTG,CO,ANM,WE,Federal Contract Tower,0,0,11,0,11,0,0,109,0,109,0,0,120,0,120,121,0,121,241
11/05/2009,FTG,CO,ANM,WE,Federal Contract Tower,0,0,3,0,3,0,0,55,0,55,0,0,58,0,58,141,0,141,199
11/06/2009,FTG,CO,ANM,WE,Federal Contract Tower,0,0,4,0,4,0,0,57,0,57,0,0,61,0,61,151,0,151,212
11/07/2009,FTG,CO,ANM,WE,Federal Contract Tower,0,0,2,0,2,0,0,62,0,62,0,0,64,0,64,150,0,150,214
11/08/2009,FTG,CO,ANM,WE,Federal Contract Tower,0,0,9,0,9,0,0,71,0,71,0,0,80,0,80,104,0,104,184
11/09/2009,FTG,CO,ANM,WE,Federal Contract Tower,0,0,9,0,9,0,0,37,0,37,0,0,46,0,46,60,0,60,106
11/10/2009,FTG,CO,ANM,WE,Federal Contract Tower,0,0,10,0,10,0,0,57,0,57,0,0,67,0,67,115,0,115,182
11/11/2009,FTG,CO,ANM,WE,Federal Contract Tower,0,0,6,0,6,0,0,85,0,85,0,0,91,0,91,97,0,97,188
11/12/2009,FTG,CO,ANM,WE,Federal Contract Tower,0,0,3,0,3,0,0,49,0,49,0,0,52,0,52,68,0,68,120
11/13/2009,FTG,CO,ANM,WE,Federal Contract Tower,0,0,3,0,3,0,0,22,0,22,0,0,25,0,25,35,2,37,62
11/14/2009,FTG,CO,ANM,WE,Federal Contract Tower,0,0,3,0,3,0,0,15,0,15,0,0,18,0,18,37,0,37,55
11/15/2009,FTG,CO,ANM,WE,Federal Contract Tower,0,0,1,0,1,0,0,0,0,0,0,0,1,0,1,0,0,0,1
11/16/2009,FTG,CO,ANM,WE,Federal Contract Tower,0,0,13,0,13,0,0,52,0,52,0,0,65,0,65,104,0,104,169
11/17/2009,FTG,CO,ANM,WE,Federal Contract Tower,0,0,7,0,7,0,1,72,0,73,0,1,79,0,80,87,0,87,167
11/18/2009,FTG,CO,ANM,WE,Federal Contract Tower,0,0,3,0,3,0,1,71,0,72,0,1,74,0,75,113,0,113,188
11/19/2009,FTG,CO,ANM,WE,Federal Contract Tower,0,0,5,0,5,0,0,69,0,69,0,0,74,0,74,74,0,74,148
11/20/2009,FTG,CO,ANM,WE,Federal Contract Tower,0,0,6,0,6,0,1,84,0,85,0,1,90,0,91,143,0,143,234
11/21/2009,FTG,CO,ANM,WE,Federal Contract Tower,0,0,11,0,11,0,0,118,0,118,0,0,129,0,129,169,0,169,298
11/22/2009,FTG,CO,ANM,WE,Federal Contract Tower,0,0,8,0,8,0,0,74,0,74,0,0,82,0,82,54,0,54,136
11/23/2009,FTG,CO,ANM,WE,Federal Contract Tower,0,0,6,0,6,0,2,7,0,9,0,2,13,0,15,6,0,6,21
11/24/2009,FTG,CO,ANM,WE,Federal Contract Tower,0,2,5,0,7,0,0,55,4,59,0,2,60,4,66,74,4,78,144
11/25/2009,FTG,CO,ANM,WE,Federal Contract Tower,0,0,11,0,11,0,0,72,0,72,0,0,83,0,83,150,0,150,233
11/26/2009,FTG,CO,ANM,WE,Federal Contract Tower,0,0,0,0,0,0,0,61,0,61,0,0,61,0,61,163,0,163,224
11/27/2009,FTG,CO,ANM,WE,Federal Contract Tower,0,0,6,0,6,0,0,80,0,80,0,0,86,0,86,66,0,66,152
11/28/2009,FTG,CO,ANM,WE,Federal Contract Tower,0,0,15,0,15,0,0,63,0,63,0,0,78,0,78,95,0,95,173
11/29/2009,FTG,CO,ANM,WE,Federal Contract Tower,0,0,9,0,9,0,0,76,0,76,0,0,85,0,85,151,0,151,236
11/30/2009,FTG,CO,ANM,WE,Federal Contract Tower,0,0,13,0,13,0,0,65,1,66,0,0,78,1,79,147,2,149,228
12/01/2009,FTG,CO,ANM,WE,Federal Contract Tower,0,0,0,0,0,0,0,53,0,53,0,0,53,0,53,86,0,86,139
12/02/2009,FTG,CO,ANM,WE,Federal Contract Tower,0,0,3,0,3,0,0,1,0,1,0,0,4,0,4,0,0,0,4
12/03/2009,FTG,CO,ANM,WE,Federal Contract Tower,0,0,4,0,4,0,0,12,0,12,0,0,16,0,16,0,0,0,16
12/04/2009,FTG,CO,ANM,WE,Federal Contract Tower,0,0,3,0,3,0,0,19,0,19,0,0,22,0,22,13,0,13,35
12/05/2009,FTG,CO,ANM,WE,Federal Contract Tower,0,0,4,0,4,0,0,48,0,48,0,0,52,0,52,46,2,48,100
12/06/2009,FTG,CO,ANM,WE,Federal Contract Tower,0,0,5,0,5,0,0,0,0,0,0,0,5,0,5,0,0,0,5
12/07/2009,FTG,CO,ANM,WE,Federal Contract Tower,0,0,4,0,4,0,0,3,0,3,0,0,7,0,7,0,0,0,7
12/08/2009,FTG,CO,ANM,WE,Federal Contract Tower,0,0,1,0,1,0,0,0,0,0,0,0,1,0,1,0,0,0,1
12/09/2009,FTG,CO,ANM,WE,Federal Contract Tower,0,0,8,0,8,0,0,12,1,13,0,0,20,1,21,6,8,14,35
12/10/2009,FTG,CO,ANM,WE,Federal Contract Tower,0,0,8,0,8,0,0,29,2,31,0,0,37,2,39,19,6,25,64
12/11/2009,FTG,CO,ANM,WE,Federal Contract Tower,0,2,2,0,4,0,0,42,0,42,0,2,44,0,46,84,0,84,130
12/12/2009,FTG,CO,ANM,WE,Federal Contract Tower,0,0,2,0,2,0,0,106,0,106,0,0,108,0,108,69,0,69,177
12/13/2009,FTG,CO,ANM,WE,Federal Contract Tower,0,1,5,0,6,0,0,12,0,12,0,1,17,0,18,4,0,4,22
12/14/2009,FTG,CO,ANM,WE,Federal Contract Tower,0,0,9,0,9,0,0,59,6,65,0,0,68,6,74,124,42,166,240
12/15/2009,FTG,CO,ANM,WE,Federal Contract Tower,0,0,4,0,4,0,0,67,2,69,0,0,71,2,73,103,8,111,184
12/16/2009,FTG,CO,ANM,WE,Federal Contract Tower,0,0,11,0,11,0,0,77,0,77,0,0,88,0,88,75,0,75,163
12/17/2009,FTG,CO,ANM,WE,Federal Contract Tower,0,0,2,0,2,0,0,35,0,35,0,0,37,0,37,42,0,42,79
12/18/2009,FTG,CO,ANM,WE,Federal Contract Tower,0,0,6,0,6,0,0,58,0,58,0,0,64,0,64,195,0,195,259
12/19/2009,FTG,CO,ANM,WE,Federal Contract Tower,0,1,3,0,4,0,0,110,1,111,0,1,113,1,115,198,0,198,313
12/20/2009,FTG,CO,ANM,WE,Federal Contract Tower,0,0,6,0,6,0,0,80,0,80,0,0,86,0,86,83,0,83,169
12/21/2009,FTG,CO,ANM,WE,Federal Contract Tower,0,0,5,0,5,0,1,47,0,48,0,1,52,0,53,93,0,93,146
12/22/2009,FTG,CO,ANM,WE,Federal Contract Tower,0,0,8,0,8,0,0,51,0,51,0,0,59,0,59,43,0,43,102
12/23/2009,FTG,CO,ANM,WE,Federal Contract Tower,0,4,5,0,9,0,0,0,0,0,0,4,5,0,9,0,0,0,9
12/24/2009,FTG,CO,ANM,WE,Federal Contract Tower,0,0,4,0,4,0,0,11,0,11,0,0,15,0,15,0,0,0,15
12/25/2009,FTG,CO,ANM,WE,Federal Contract Tower,0,0,0,0,0,0,0,1,0,1,0,0,1,0,1,0,0,0,1
12/26/2009,FTG,CO,ANM,WE,Federal Contract Tower,0,2,11,0,13,0,0,0,0,0,0,2,11,0,13,6,0,6,19
12/27/2009,FTG,CO,ANM,WE,Federal Contract Tower,0,0,19,0,19,0,0,54,0,54,0,0,73,0,73,138,0,138,211
12/28/2009,FTG,CO,ANM,WE,Federal Contract Tower,0,2,4,0,6,0,0,48,0,48,0,2,52,0,54,176,0,176,230
12/29/2009,FTG,CO,ANM,WE,Federal Contract Tower,0,0,14,0,14,0,0,58,0,58,0,0,72,0,72,118,0,118,190
12/30/2009,FTG,CO,ANM,WE,Federal Contract Tower,0,0,24,0,24,0,0,90,0,90,0,0,114,0,114,76,0,76,190
12/31/2009,FTG,CO,ANM,WE,Federal Contract Tower,0,0,9,0,9,0,0,60,0,60,0,0,69,0,69,112,0,112,181
01/01/2010,FTG,CO,ANM,WE,Federal Contract Tower,0,0,7,0,7,0,0,102,0,102,0,0,109,0,109,158,0,158,267
01/02/2010,FTG,CO,ANM,WE,Federal Contract Tower,0,2,8,0,10,0,0,93,0,93,0,2,101,0,103,83,0,83,186
01/03/2010,FTG,CO,ANM,WE,Federal Contract Tower,0,0,23,0,23,0,0,12,0,12,0,0,35,0,35,44,0,44,79
01/04/2010,FTG,CO,ANM,WE,Federal Contract Tower,0,0,6,0,6,0,0,47,0,47,0,0,53,0,53,70,0,70,123
01/05/2010,FTG,CO,ANM,WE,Federal Contract Tower,0,0,8,0,8,0,0,37,2,39,0,0,45,2,47,47,0,47,94
01/06/2010,FTG,CO,ANM,WE,Federal Contract Tower,0,0,2,0,2,0,0,0,0,0,0,0,2,0,2,0,0,0,2
01/07/2010,FTG,CO,ANM,WE,Federal Contract Tower,0,0,1,0,1,0,0,33,0,33,0,0,34,0,34,19,0,19,53
01/08/2010,FTG,CO,ANM,WE,Federal Contract Tower,0,0,4,0,4,0,0,41,0,41,0,0,45,0,45,82,0,82,127
01/09/2010,FTG,CO,ANM,WE,Federal Contract Tower,0,0,14,0,14,0,0,112,0,112,0,0,126,0,126,105,0,105,231
01/10/2010,FTG,CO,ANM,WE,Federal Contract Tower,0,0,3,0,3,0,0,73,26,99,0,0,76,26,102,158,25,183,285
01/11/2010,FTG,CO,ANM,WE,Federal Contract Tower,0,0,20,0,20,0,0,72,0,72,0,0,92,0,92,89,0,89,181
01/12/2010,FTG,CO,ANM,WE,Federal Contract Tower,0,1,10,0,11,0,0,65,0,65,0,1,75,0,76,160,0,160,236
01/13/2010,FTG,CO,ANM,WE,Federal Contract Tower,0,0,15,0,15,0,0,97,0,97,0,0,112,0,112,134,0,134,246
01/14/2010,FTG,CO,ANM,WE,Federal Contract Tower,0,0,3,0,3,0,0,33,0,33,0,0,36,0,36,48,0,48,84
01/15/2010,FTG,CO,ANM,WE,Federal Contract Tower,0,0,4,0,4,0,0,63,0,63,0,0,67,0,67,151,0,151,218
01/16/2010,FTG,CO,ANM,WE,Federal Contract Tower,0,0,6,0,6,0,0,67,0,67,0,0,73,0,73,143,0,143,216
01/17/2010,FTG,CO,ANM,WE,Federal Contract Tower,0,0,6,0,6,0,0,92,0,92,0,0,98,0,98,167,0,167,265
01/18/2010,FTG,CO,ANM,WE,Federal Contract Tower,0,0,8,0,8,0,0,63,0,63,0,0,71,0,71,144,0,144,215
01/19/2010,FTG,CO,ANM,WE,Federal Contract Tower,0,2,3,0,5,0,0,46,0,46,0,2,49,0,51,82,0,82,133
01/20/2010,FTG,CO,ANM,WE,Federal Contract Tower,0,1,7,0,8,0,1,53,2,56,0,2,60,2,64,46,2,48,112
01/21/2010,FTG,CO,ANM,WE,Federal Contract Tower,0,2,23,0,25,0,0,55,0,55,0,2,78,0,80,68,0,68,148
01/22/2010,FTG,CO,ANM,WE,Federal Contract Tower,0,0,4,0,4,0,0,26,0,26,0,0,30,0,30,68,0,68,98
01/23/2010,FTG,CO,ANM,WE,Federal Contract Tower,0,0,4,0,4,0,0,199,0,199,0,0,203,0,203,20,0,20,223
01/24/2010,FTG,CO,ANM,WE,Federal Contract Tower,0,0,8,0,8,0,0,48,0,48,0,0,56,0,56,49,0,49,105
01/25/2010,FTG,CO,ANM,WE,Federal Contract Tower,0,0,3,0,3,0,0,40,0,40,0,0,43,0,43,70,0,70,113
01/26/2010,FTG,CO,ANM,WE,Federal Contract Tower,0,0,7,0,7,0,0,48,0,48,0,0,55,0,55,98,0,98,153
01/27/2010,FTG,CO,ANM,WE,Federal Contract Tower,0,0,1,0,1,0,0,40,0,40,0,0,41,0,41,18,0,18,59
01/28/2010,FTG,CO,ANM,WE,Federal Contract Tower,0,0,3,0,3,0,0,13,0,13,0,0,16,0,16,0,34,34,50
01/29/2010,FTG,CO,ANM,WE,Federal Contract Tower,0,0,5,0,5,0,0,53,0,53,0,0,58,0,58,128,0,128,186
01/30/2010,FTG,CO,ANM,WE,Federal Contract Tower,0,0,0,0,0,0,0,94,0,94,0,0,94,0,94,238,0,238,332
01/31/2010,FTG,CO,ANM,WE,Federal Contract Tower,0,0,12,0,12,0,0,59,0,59,0,0,71,0,71,134,0,134,205
02/01/2010,FTG,CO,ANM,WE,Federal Contract Tower,0,0,2,0,2,0,0,46,0,46,0,0,48,0,48,78,0,78,126
02/02/2010,FTG,CO,ANM,WE,Federal Contract Tower,0,1,10,0,11,0,0,66,0,66,0,1,76,0,77,88,0,88,165
02/03/2010,FTG,CO,ANM,WE,Federal Contract Tower,0,1,6,0,7,0,0,90,0,90,0,1,96,0,97,49,0,49,146
02/04/2010,FTG,CO,ANM,WE,Federal Contract Tower,0,0,2,0,2,0,0,14,0,14,0,0,16,0,16,32,0,32,48
02/05/2010,FTG,CO,ANM,WE,Federal Contract Tower,0,0,10,0,10,0,0,76,0,76,0,0,86,0,86,104,14,118,204
02/06/2010,FTG,CO,ANM,WE,Federal Contract Tower,0,0,14,0,14,0,0,108,0,108,0,0,122,0,122,200,0,200,322
02/07/2010,FTG,CO,ANM,WE,Federal Contract Tower,0,0,3,0,3,0,0,0,0,0,0,0,3,0,3,0,0,0,3
02/08/2010,FTG,CO,ANM,WE,Federal Contract Tower,0,0,2,0,2,0,0,0,0,0,0,0,2,0,2,0,0,0,2
02/09/2010,FTG,CO,ANM,WE,Federal Contract Tower,0,0,6,0,6,0,0,27,0,27,0,0,33,0,33,86,0,86,119
02/10/2010,FTG,CO,ANM,WE,Federal Contract Tower,0,0,4,0,4,0,0,68,0,68,0,0,72,0,72,119,0,119,191
02/11/2010,FTG,CO,ANM,WE,Federal Contract Tower,0,0,13,0,13,0,0,55,0,55,0,0,68,0,68,66,0,66,134
02/12/2010,FTG,CO,ANM,WE,Federal Contract Tower,0,0,5,0,5,0,0,62,0,62,0,0,67,0,67,88,0,88,155
02/13/2010,FTG,CO,ANM,WE,Federal Contract Tower,0,0,3,0,3,0,0,106,0,106,0,0,109,0,109,26,0,26,135
02/14/2010,FTG,CO,ANM,WE,Federal Contract Tower,0,0,2,0,2,0,0,17,0,17,0,0,19,0,19,32,0,32,51
02/15/2010,FTG,CO,ANM,WE,Federal Contract Tower,0,0,6,0,6,0,0,60,0,60,0,0,66,0,66,101,0,101,167
02/16/2010,FTG,CO,ANM,WE,Federal Contract Tower,0,0,6,0,6,0,0,74,2,76,0,0,80,2,82,88,14,102,184
02/17/2010,FTG,CO,ANM,WE,Federal Contract Tower,0,0,17,0,17,0,0,83,2,85,0,0,100,2,102,84,14,98,200
02/18/2010,FTG,CO,ANM,WE,Federal Contract Tower,0,0,6,0,6,0,0,25,0,25,0,0,31,0,31,29,0,29,60
02/19/2010,FTG,CO,ANM,WE,Federal Contract Tower,0,0,5,0,5,0,0,2,0,2,0,0,7,0,7,0,0,0,7
02/20/2010,FTG,CO,ANM,WE,Federal Contract Tower,0,0,6,0,6,0,0,0,0,0,0,0,6,0,6,0,0,0,6
02/21/2010,FTG,CO,ANM,WE,Federal Contract Tower,0,0,7,0,7,0,0,0,0,0,0,0,7,0,7,0,0,0,7
02/22/2010,FTG,CO,ANM,WE,Federal Contract Tower,0,0,5,0,5,0,0,8,0,8,0,0,13,0,13,18,0,18,31
02/23/2010,FTG,CO,ANM,WE,Federal Contract Tower,0,0,10,0,10,0,0,73,2,75,0,0,83,2,85,110,14,124,209
02/24/2010,FTG,CO,ANM,WE,Federal Contract Tower,0,0,14,0,14,0,0,87,6,93,0,0,101,6,107,95,30,125,232
02/25/2010,FTG,CO,ANM,WE,Federal Contract Tower,0,0,3,0,3,0,0,19,2,21,0,0,22,2,24,38,12,50,74
02/26/2010,FTG,CO,ANM,WE,Federal Contract Tower,0,0,5,0,5,0,0,99,0,99,0,0,104,0,104,241,0,241,345
02/27/2010,FTG,CO,ANM,WE,Federal Contract Tower,0,0,5,0,5,0,0,329,0,329,0,0,334,0,334,225,0,225,559
02/28/2010,FTG,CO,ANM,WE,Federal Contract Tower,0,0,2,0,2,0,0,0,0,0,0,0,2,0,2,0,0,0,2
03/01/2010,FTG,CO,ANM,WE,Federal Contract Tower,0,0,8,0,8,0,0,7,5,12,0,0,15,5,20,18,18,36,56
03/02/2010,FTG,CO,ANM,WE,Federal Contract Tower,0,0,13,0,13,0,0,73,16,89,0,0,86,16,102,108,68,176,278
03/03/2010,FTG,CO,ANM,WE,Federal Contract Tower,0,0,6,0,6,0,0,81,0,81,0,0,87,0,87,149,0,149,236
03/04/2010,FTG,CO,ANM,WE,Federal Contract Tower,0,0,7,0,7,0,0,63,0,63,0,0,70,0,70,96,44,140,210
03/05/2010,FTG,CO,ANM,WE,Federal Contract Tower,0,0,2,0,2,0,0,9,0,9,0,0,11,0,11,0,0,0,11
03/06/2010,FTG,CO,ANM,WE,Federal Contract Tower,0,0,7,0,7,0,0,173,0,173,0,0,180,0,180,164,6,170,350
03/07/2010,FTG,CO,ANM,WE,Federal Contract Tower,0,0,6,0,6,0,0,22,0,22,0,0,28,0,28,90,0,90,118
03/08/2010,FTG,CO,ANM,WE,Federal Contract Tower,0,0,5,0,5,0,0,2,4,6,0,0,7,4,11,0,18,18,29
03/09/2010,FTG,CO,ANM,WE,Federal Contract Tower,0,0,7,0,7,0,0,17,14,31,0,0,24,14,38,12,52,64,102
03/10/2010,FTG,CO,ANM,WE,Federal Contract Tower,0,0,18,0,18,0,0,19,2,21,0,0,37,2,39,54,6,60,99
03/11/2010,FTG,CO,ANM,WE,Federal Contract Tower,0,0,3,0,3,0,0,14,0,14,0,0,17,0,17,6,20,26,43
03/12/2010,FTG,CO,ANM,WE,Federal Contract Tower,0,0,5,0,5,0,0,76,0,76,0,0,81,0,81,137,8,145,226
03/13/2010,FTG,CO,ANM,WE,Federal Contract Tower,0,0,8,0,8,0,0,167,0,167,0,0,175,0,175,220,0,220,395
03/14/2010,FTG,CO,ANM,WE,Federal Contract Tower,0,0,5,0,5,0,0,6,0,6,0,0,11,0,11,18,0,18,29
03/15/2010,FTG,CO,ANM,WE,Federal Contract Tower,0,0,9,0,9,0,0,30,2,32,0,0,39,2,41,66,16,82,123
03/16/2010,FTG,CO,ANM,WE,Federal Contract Tower,0,0,11,0,11,0,0,94,1,95,0,0,105,1,106,130,0,130,236
03/17/2010,FTG,CO,ANM,WE,Federal Contract Tower,0,0,26,0,26,0,0,125,0,125,0,0,151,0,151,184,0,184,335
03/18/2010,FTG,CO,ANM,WE,Federal Contract Tower,0,0,4,0,4,0,0,27,0,27,0,0,31,0,31,19,0,19,50
03/19/2010,FTG,CO,ANM,WE,Federal Contract Tower,0,0,1,0,1,0,0,0,0,0,0,0,1,0,1,0,0,0,1
03/20/2010,FTG,CO,ANM,WE,Federal Contract Tower,0,0,6,0,6,0,0,42,0,42,0,0,48,0,48,115,0,115,163
03/21/2010,FTG,CO,ANM,WE,Federal Contract Tower,0,0,8,0,8,0,0,127,0,127,0,0,135,0,135,239,0,239,374
03/22/2010,FTG,CO,ANM,WE,Federal Contract Tower,0,0,9,0,9,0,0,64,0,64,0,0,73,0,73,148,0,148,221
03/23/2010,FTG,CO,ANM,WE,Federal Contract Tower,0,0,11,0,11,0,0,39,9,48,0,0,50,9,59,72,20,92,151
03/24/2010,FTG,CO,ANM,WE,Federal Contract Tower,0,0,2,0,2,0,0,2,4,6,0,0,4,4,8,12,2,14,22
03/25/2010,FTG,CO,ANM,WE,Federal Contract Tower,0,0,2,0,2,0,0,101,2,103,0,0,103,2,105,166,2,168,273
03/26/2010,FTG,CO,ANM,WE,Federal Contract Tower,0,0,9,0,9,0,0,31,0,31,0,0,40,0,40,87,6,93,133
03/27/2010,FTG,CO,ANM,WE,Federal Contract Tower,0,0,4,0,4,0,0,4,0,4,0,0,8,0,8,0,23,23,31
03/28/2010,FTG,CO,ANM,WE,Federal Contract Tower,0,0,9,0,9,0,0,212,0,212,0,0,221,0,221,162,0,162,383
03/29/2010,FTG,CO,ANM,WE,Federal Contract Tower,0,0,4,0,4,0,0,76,2,78,0,0,80,2,82,54,4,58,140
03/30/2010,FTG,CO,ANM,WE,Federal Contract Tower,0,0,4,0,4,0,0,31,0,31,0,0,35,0,35,78,0,78,113
03/31/2010,FTG,CO,ANM,WE,Federal Contract Tower,0,0,4,0,4,0,0,57,0,57,0,0,61,0,61,61,6,67,128
04/01/2010,FTG,CO,ANM,WE,Federal Contract Tower,0,0,5,0,5,0,0,29,2,31,0,0,34,2,36,32,4,36,72
04/02/2010,FTG,CO,ANM,WE,Federal Contract Tower,0,0,4,0,4,0,0,24,0,24,0,0,28,0,28,44,0,44,72
04/03/2010,FTG,CO,ANM,WE,Federal Contract Tower,0,0,6,0,6,0,0,206,0,206,0,0,212,0,212,84,0,84,296
04/04/2010,FTG,CO,ANM,WE,Federal Contract Tower,0,0,5,0,5,0,0,30,0,30,0,0,35,0,35,48,0,48,83
04/05/2010,FTG,CO,ANM,WE,Federal Contract Tower,0,0,12,0,12,0,0,26,0,26,0,0,38,0,38,64,0,64,102
04/06/2010,FTG,CO,ANM,WE,Federal Contract Tower,0,0,5,0,5,0,0,11,0,11,0,0,16,0,16,2,0,2,18
04/07/2010,FTG,CO,ANM,WE,Federal Contract Tower,0,0,8,0,8,0,0,11,0,11,0,0,19,0,19,44,0,44,63
04/08/2010,FTG,CO,ANM,WE,Federal Contract Tower,0,0,8,0,8,0,0,107,0,107,0,0,115,0,115,128,0,128,243
04/09/2010,FTG,CO,ANM,WE,Federal Contract Tower,0,0,4,0,4,0,0,65,1,66,0,0,69,1,70,140,22,162,232
04/10/2010,FTG,CO,ANM,WE,Federal Contract Tower,0,0,3,0,3,0,0,128,0,128,0,0,131,0,131,159,0,159,290
04/11/2010,FTG,CO,ANM,WE,Federal Contract Tower,0,0,3,0,3,0,0,83,4,87,0,0,86,4,90,155,0,155,245
04/12/2010,FTG,CO,ANM,WE,Federal Contract Tower,0,0,8,0,8,0,0,39,0,39,0,0,47,0,47,63,0,63,110
04/13/2010,FTG,CO,ANM,WE,Federal Contract Tower,0,0,10,0,10,0,0,5,0,5,0,0,15,0,15,0,0,0,15
04/14/2010,FTG,CO,ANM,WE,Federal Contract Tower,0,0,19,0,19,0,0,33,2,35,0,0,52,2,54,54,22,76,130
04/15/2010,FTG,CO,ANM,WE,Federal Contract Tower,0,0,8,0,8,0,0,83,0,83,0,0,91,0,91,136,0,136,227
04/16/2010,FTG,CO,ANM,WE,Federal Contract Tower,0,0,9,0,9,0,0,27,0,27,0,0,36,0,36,61,0,61,97
04/17/2010,FTG,CO,ANM,WE,Federal Contract Tower,0,0,0,0,0,0,0,22,0,22,0,0,22,0,22,121,0,121,143
04/18/2010,FTG,CO,ANM,WE,Federal Contract Tower,0,0,8,0,8,0,0,85,0,85,0,0,93,0,93,212,0,212,305
04/19/2010,FTG,CO,ANM,WE,Federal Contract Tower,0,0,11,0,11,0,0,51,0,51,0,0,62,0,62,77,0,77,139
04/20/2010,FTG,CO,ANM,WE,Federal Contract Tower,0,0,8,0,8,0,0,20,7,27,0,0,28,7,35,43,30,73,108
04/21/2010,FTG,CO,ANM,WE,Federal Contract Tower,0,0,8,0,8,0,0,42,26,68,0,0,50,26,76,34,2,36,112
04/22/2010,FTG,CO,ANM,WE,Federal Contract Tower,0,0,7,0,7,0,0,4,1,5,0,0,11,1,12,6,0,6,18
04/23/2010,FTG,CO,ANM,WE,Federal Contract Tower,0,0,4,0,4,0,0,1,0,1,0,0,5,0,5,0,0,0,5
04/24/2010,FTG,CO,ANM,WE,Federal Contract Tower,0,0,1,0,1,0,0,2,0,2,0,0,3,0,3,6,0,6,9
04/25/2010,FTG,CO,ANM,WE,Federal Contract Tower,0,0,1,0,1,0,0,297,0,297,0,0,298,0,298,108,0,108,406
04/26/2010,FTG,CO,ANM,WE,Federal Contract Tower,0,0,7,0,7,0,0,32,2,34,0,0,39,2,41,120,0,120,161
04/27/2010,FTG,CO,ANM,WE,Federal Contract Tower,0,0,14,1,15,0,0,96,0,96,0,0,110,1,111,136,14,150,261
04/28/2010,FTG,CO,ANM,WE,Federal Contract Tower,0,0,21,0,21,0,0,33,0,33,0,0,54,0,54,38,0,38,92
04/29/2010,FTG,CO,ANM,WE,Federal Contract Tower,0,0,5,0,5,0,0,19,0,19,0,0,24,0,24,40,0,40,64
04/30/2010,FTG,CO,ANM,WE,Federal Contract Tower,0,0,4,0,4,0,0,39,0,39,0,0,43,0,43,61,0,61,104
05/01/2010,FTG,CO,ANM,WE,Federal Contract Tower,0,0,6,0,6,0,0,54,0,54,0,0,60,0,60,92,6,98,158
05/02/2010,FTG,CO,ANM,WE,Federal Contract Tower,0,0,2,0,2,0,0,37,0,37,0,0,39,0,39,118,3,121,160
05/03/2010,FTG,CO,ANM,WE,Federal Contract Tower,0,1,4,0,5,0,0,34,0,34,0,1,38,0,39,85,0,85,124
05/04/2010,FTG,CO,ANM,WE,Federal Contract Tower,0,0,5,0,5,0,2,19,0,21,0,2,24,0,26,2,0,2,28
05/05/2010,FTG,CO,ANM,WE,Federal Contract Tower,0,0,2,0,2,0,0,28,0,28,0,0,30,0,30,10,0,10,40
05/06/2010,FTG,CO,ANM,WE,Federal Contract Tower,0,0,3,0,3,0,0,52,0,52,0,0,55,0,55,175,0,175,230
05/07/2010,FTG,CO,ANM,WE,Federal Contract Tower,0,0,4,0,4,0,0,48,0,48,0,0,52,0,52,118,0,118,170
05/08/2010,FTG,CO,ANM,WE,Federal Contract Tower,0,0,4,0,4,0,0,48,0,48,0,0,52,0,52,32,0,32,84
05/09/2010,FTG,CO,ANM,WE,Federal Contract Tower,0,0,2,0,2,0,0,98,0,98,0,0,100,0,100,189,0,189,289
05/10/2010,FTG,CO,ANM,WE,Federal Contract Tower,0,0,0,0,0,0,0,7,0,7,0,0,7,0,7,14,0,14,21
05/11/2010,FTG,CO,ANM,WE,Federal Contract Tower,0,0,8,0,8,0,0,30,0,30,0,0,38,0,38,8,0,8,46
05/12/2010,FTG,CO,ANM,WE,Federal Contract Tower,0,0,5,0,5,0,0,2,0,2,0,0,7,0,7,20,0,20,27
05/13/2010,FTG,CO,ANM,WE,Federal Contract Tower,0,0,4,0,4,0,0,25,0,25,0,0,29,0,29,27,12,39,68
05/14/2010,FTG,CO,ANM,WE,Federal Contract Tower,0,0,2,0,2,0,0,34,0,34,0,0,36,0,36,70,0,70,106
05/15/2010,FTG,CO,ANM,WE,Federal Contract Tower,0,0,6,0,6,0,0,91,0,91,0,0,97,0,97,138,0,138,235
05/16/2010,FTG,CO,ANM,WE,Federal Contract Tower,0,0,17,1,18,0,0,109,0,109,0,0,126,1,127,141,0,141,268
05/17/2010,FTG,CO,ANM,WE,Federal Contract Tower,0,0,11,1,12,0,0,62,2,64,0,0,73,3,76,104,18,122,198
05/18/2010,FTG,CO,ANM,WE,Federal Contract Tower,0,0,13,0,13,0,0,47,0,47,0,0,60,0,60,140,0,140,200
05/19/2010,FTG,CO,ANM,WE,Federal Contract Tower,0,0,6,0,6,0,0,29,0,29,0,0,35,0,35,32,0,32,67
05/20/2010,FTG,CO,ANM,WE,Federal Contract Tower,0,0,13,0,13,0,0,65,0,65,0,0,78,0,78,120,2,122,200
05/21/2010,FTG,CO,ANM,WE,Federal Contract Tower,0,0,8,0,8,0,0,65,0,65,0,0,73,0,73,192,0,192,265
05/22/2010,FTG,CO,ANM,WE,Federal Contract Tower,0,0,4,0,4,0,0,24,0,24,0,0,28,0,28,23,0,23,51
05/23/2010,FTG,CO,ANM,WE,Federal Contract Tower,0,0,18,0,18,0,0,79,0,79,0,0,97,0,97,132,0,132,229
05/24/2010,FTG,CO,ANM,WE,Federal Contract Tower,0,0,3,0,3,0,0,7,0,7,0,0,10,0,10,0,0,0,10
05/25/2010,FTG,CO,ANM,WE,Federal Contract Tower,0,0,7,0,7,0,0,92,0,92,0,0,99,0,99,158,0,158,257
05/26/2010,FTG,CO,ANM,WE,Federal Contract Tower,0,0,2,0,2,0,0,53,2,55,0,0,55,2,57,63,0,63,120
05/27/2010,FTG,CO,ANM,WE,Federal Contract Tower,0,0,7,0,7,0,0,88,0,88,0,0,95,0,95,214,74,288,383
05/28/2010,FTG,CO,ANM,WE,Federal Contract Tower,0,0,7,0,7,0,0,68,0,68,0,0,75,0,75,154,0,154,229
05/29/2010,FTG,CO,ANM,WE,Federal Contract Tower,0,0,6,0,6,0,0,165,0,165,0,0,171,0,171,76,0,76,247
05/30/2010,FTG,CO,ANM,WE,Federal Contract Tower,0,0,1,0,1,0,0,81,0,81,0,0,82,0,82,153,1,154,236
05/31/2010,FTG,CO,ANM,WE,Federal Contract Tower,0,0,8,0,8,0,0,96,0,96,0,0,104,0,104,199,0,199,303
06/01/2010,FTG,CO,ANM,WE,Federal Contract Tower,0,0,6,0,6,0,0,43,0,43,0,0,49,0,49,108,10,118,167
06/02/2010,FTG,CO,ANM,WE,Federal Contract Tower,0,0,5,0,5,0,0,97,0,97,0,0,102,0,102,162,0,162,264
06/03/2010,FTG,CO,ANM,WE,Federal Contract Tower,0,0,8,0,8,0,0,108,0,108,0,0,116,0,116,174,0,174,290
06/04/2010,FTG,CO,ANM,WE,Federal Contract Tower,0,0,7,0,7,0,0,123,0,123,0,0,130,0,130,138,0,138,268
06/05/2010,FTG,CO,ANM,WE,Federal Contract Tower,0,0,5,4,9,0,0,102,10,112,0,0,107,14,121,144,66,210,331
06/06/2010,FTG,CO,ANM,WE,Federal Contract Tower,0,0,5,0,5,0,0,99,0,99,0,0,104,0,104,104,0,104,208
06/07/2010,FTG,CO,ANM,WE,Federal Contract Tower,0,0,7,0,7,0,0,44,0,44,0,0,51,0,51,117,0,117,168
06/08/2010,FTG,CO,ANM,WE,Federal Contract Tower,0,0,7,0,7,0,0,57,0,57,0,0,64,0,64,98,0,98,162
06/09/2010,FTG,CO,ANM,WE,Federal Contract Tower,0,0,19,0,19,0,0,68,0,68,0,0,87,0,87,109,0,109,196
06/10/2010,FTG,CO,ANM,WE,Federal Contract Tower,0,0,9,0,9,0,0,53,0,53,0,0,62,0,62,20,0,20,82
06/11/2010,FTG,CO,ANM,WE,Federal Contract Tower,0,0,7,0,7,0,0,55,1,56,0,0,62,1,63,107,11,118,181
06/12/2010,FTG,CO,ANM,WE,Federal Contract Tower,0,0,10,0,10,0,0,0,0,0,0,0,10,0,10,0,0,0,10
06/13/2010,FTG,CO,ANM,WE,Federal Contract Tower,0,0,17,0,17,0,0,9,0,9,0,0,26,0,26,15,0,15,41
06/14/2010,FTG,CO,ANM,WE,Federal Contract Tower,0,0,3,0,3,0,0,57,0,57,0,0,60,0,60,138,0,138,198
06/15/2010,FTG,CO,ANM,WE,Federal Contract Tower,0,0,13,0,13,0,0,84,0,84,0,0,97,0,97,137,0,137,234
06/16/2010,FTG,CO,ANM,WE,Federal Contract Tower,0,0,10,0,10,0,0,40,0,40,0,0,50,0,50,53,0,53,103
06/17/2010,FTG,CO,ANM,WE,Federal Contract Tower,0,0,9,0,9,0,0,53,0,53,0,0,62,0,62,139,59,198,260
06/18/2010,FTG,CO,ANM,WE,Federal Contract Tower,0,0,18,0,18,0,0,149,0,149,0,0,167,0,167,170,0,170,337
06/19/2010,FTG,CO,ANM,WE,Federal Contract Tower,0,0,20,0,20,0,0,104,0,104,0,0,124,0,124,117,0,117,241
06/20/2010,FTG,CO,ANM,WE,Federal Contract Tower,0,0,10,0,10,0,0,75,0,75,0,0,85,0,85,50,0,50,135
06/21/2010,FTG,CO,ANM,WE,Federal Contract Tower,0,0,9,1,10,0,0,44,1,45,0,0,53,2,55,82,3,85,140
06/22/2010,FTG,CO,ANM,WE,Federal Contract Tower,0,0,13,0,13,0,0,111,0,111,0,0,124,0,124,184,0,184,308
06/23/2010,FTG,CO,ANM,WE,Federal Contract Tower,0,0,12,0,12,0,0,81,0,81,0,0,93,0,93,128,0,128,221
06/24/2010,FTG,CO,ANM,WE,Federal Contract Tower,0,0,5,0,5,0,0,4,0,4,0,0,9,0,9,145,0,145,154
06/25/2010,FTG,CO,ANM,WE,Federal Contract Tower,0,0,8,1,9,0,0,122,0,122,0,0,130,1,131,96,0,96,227
06/26/2010,FTG,CO,ANM,WE,Federal Contract Tower,0,0,4,0,4,0,0,198,0,198,0,0,202,0,202,93,0,93,295
06/27/2010,FTG,CO,ANM,WE,Federal Contract Tower,0,0,14,0,14,0,0,117,0,117,0,0,131,0,131,142,0,142,273
06/28/2010,FTG,CO,ANM,WE,Federal Contract Tower,0,0,7,0,7,0,0,68,0,68,0,0,75,0,75,104,0,104,179
06/29/2010,FTG,CO,ANM,WE,Federal Contract Tower,0,0,8,0,8,0,0,47,0,47,0,0,55,0,55,97,0,97,152
06/30/2010,FTG,CO,ANM,WE,Federal Contract Tower,0,0,9,2,11,0,0,58,0,58,0,0,67,2,69,53,10,63,132
07/01/2010,FTG,CO,ANM,WE,Federal Contract Tower,0,0,15,0,15,0,0,38,0,38,0,0,53,0,53,72,0,72,125
07/02/2010,FTG,CO,ANM,WE,Federal Contract Tower,0,0,7,0,7,0,0,87,0,87,0,0,94,0,94,68,2,70,164
07/03/2010,FTG,CO,ANM,WE,Federal Contract Tower,0,0,12,0,12,0,0,109,0,109,0,0,121,0,121,98,0,98,219
07/04/2010,FTG,CO,ANM,WE,Federal Contract Tower,0,0,6,0,6,0,0,38,0,38,0,0,44,0,44,49,0,49,93
07/05/2010,FTG,CO,ANM,WE,Federal Contract Tower,0,0,9,0,9,0,0,91,0,91,0,0,100,0,100,237,0,237,337
07/06/2010,FTG,CO,ANM,WE,Federal Contract Tower,0,0,5,0,5,0,0,44,0,44,0,0,49,0,49,28,0,28,77
07/07/2010,FTG,CO,ANM,WE,Federal Contract Tower,0,0,7,0,7,0,0,12,0,12,0,0,19,0,19,23,0,23,42
07/08/2010,FTG,CO,ANM,WE,Federal Contract Tower,0,0,12,0,12,0,0,25,0,25,0,0,37,0,37,23,0,23,60
07/09/2010,FTG,CO,ANM,WE,Federal Contract Tower,0,0,16,0,16,0,0,127,0,127,0,0,143,0,143,181,0,181,324
07/10/2010,FTG,CO,ANM,WE,Federal Contract Tower,0,0,4,0,4,0,0,103,0,103,0,0,107,0,107,137,0,137,244
07/11/2010,FTG,CO,ANM,WE,Federal Contract Tower,0,0,13,0,13,0,0,90,0,90,0,0,103,0,103,142,0,142,245
07/12/2010,FTG,CO,ANM,WE,Federal Contract Tower,0,0,9,0,9,0,0,82,0,82,0,0,91,0,91,65,0,65,156
07/13/2010,FTG,CO,ANM,WE,Federal Contract Tower,0,0,3,0,3,0,0,57,0,57,0,0,60,0,60,86,0,86,146
07/14/2010,FTG,CO,ANM,WE,Federal Contract Tower,0,0,10,0,10,0,0,61,0,61,0,0,71,0,71,90,0,90,161
07/15/2010,FTG,CO,ANM,WE,Federal Contract Tower,0,0,11,0,11,0,0,70,0,70,0,0,81,0,81,108,0,108,189
07/16/2010,FTG,CO,ANM,WE,Federal Contract Tower,0,0,1,0,1,0,0,99,0,99,0,0,100,0,100,119,0,119,219
07/17/2010,FTG,CO,ANM,WE,Federal Contract Tower,0,0,12,0,12,0,0,185,0,185,0,0,197,0,197,101,0,101,298
07/18/2010,FTG,CO,ANM,WE,Federal Contract Tower,0,0,11,0,11,0,0,75,0,75,0,0,86,0,86,88,0,88,174
07/19/2010,FTG,CO,ANM,WE,Federal Contract Tower,0,0,16,0,16,0,5,51,0,56,0,5,67,0,72,76,0,76,148
07/20/2010,FTG,CO,ANM,WE,Federal Contract Tower,0,0,8,0,8,0,0,11,0,11,0,0,19,0,19,107,0,107,126
07/21/2010,FTG,CO,ANM,WE,Federal Contract Tower,0,0,18,0,18,0,0,45,0,45,0,0,63,0,63,78,0,78,141
07/22/2010,FTG,CO,ANM,WE,Federal Contract Tower,0,0,8,0,8,0,0,61,0,61,0,0,69,0,69,144,0,144,213
07/23/2010,FTG,CO,ANM,WE,Federal Contract Tower,0,0,7,0,7,0,0,76,0,76,0,0,83,0,83,216,0,216,299
07/24/2010,FTG,CO,ANM,WE,Federal Contract Tower,0,0,17,0,17,0,0,108,0,108,0,0,125,0,125,89,0,89,214
07/25/2010,FTG,CO,ANM,WE,Federal Contract Tower,0,0,9,0,9,0,0,91,0,91,0,0,100,0,100,66,0,66,166
07/26/2010,FTG,CO,ANM,WE,Federal Contract Tower,0,0,8,0,8,0,0,72,0,72,0,0,80,0,80,127,0,127,207
07/27/2010,FTG,CO,ANM,WE,Federal Contract Tower,0,0,4,0,4,0,0,55,0,55,0,0,59,0,59,80,0,80,139
07/28/2010,FTG,CO,ANM,WE,Federal Contract Tower,0,0,10,5,15,0,0,57,4,61,0,0,67,9,76,96,0,96,172
07/29/2010,FTG,CO,ANM,WE,Federal Contract Tower,0,0,8,0,8,0,0,45,0,45,0,0,53,0,53,68,0,68,121
07/30/2010,FTG,CO,ANM,WE,Federal Contract Tower,0,0,7,0,7,0,0,72,0,72,0,0,79,0,79,88,0,88,167
07/31/2010,FTG,CO,ANM,WE,Federal Contract Tower,0,0,11,0,11,0,0,62,0,62,0,0,73,0,73,106,0,106,179
08/01/2010,FTG,CO,ANM,WE,Federal Contract Tower,0,10,0,0,10,0,0,86,0,86,0,10,86,0,96,56,0,56,152
08/02/2010,FTG,CO,ANM,WE,Federal Contract Tower,0,0,8,0,8,0,0,48,3,51,0,0,56,3,59,38,12,50,109
08/03/2010,FTG,CO,ANM,WE,Federal Contract Tower,0,0,8,0,8,0,0,63,2,65,0,0,71,2,73,153,0,153,226
08/04/2010,FTG,CO,ANM,WE,Federal Contract Tower,0,0,16,0,16,0,0,67,0,67,0,0,83,0,83,82,0,82,165
08/05/2010,FTG,CO,ANM,WE,Federal Contract Tower,0,0,7,0,7,0,0,58,0,58,0,0,65,0,65,112,0,112,177
08/06/2010,FTG,CO,ANM,WE,Federal Contract Tower,0,0,12,0,12,0,0,51,0,51,0,0,63,0,63,97,0,97,160
08/07/2010,FTG,CO,ANM,WE,Federal Contract Tower,0,0,5,0,5,0,0,154,0,154,0,0,159,0,159,58,0,58,217
08/08/2010,FTG,CO,ANM,WE,Federal Contract Tower,0,0,2,0,2,0,0,59,0,59,0,0,61,0,61,76,0,76,137
08/09/2010,FTG,CO,ANM,WE,Federal Contract Tower,0,0,12,0,12,0,0,48,0,48,0,0,60,0,60,101,0,101,161
08/10/2010,FTG,CO,ANM,WE,Federal Contract Tower,0,0,6,0,6,0,0,52,0,52,0,0,58,0,58,142,0,142,200
08/11/2010,FTG,CO,ANM,WE,Federal Contract Tower,0,0,3,0,3,0,0,48,0,48,0,0,51,0,51,85,0,85,136
08/12/2010,FTG,CO,ANM,WE,Federal Contract Tower,0,0,1,0,1,0,0,43,0,43,0,0,44,0,44,69,0,69,113
08/13/2010,FTG,CO,ANM,WE,Federal Contract Tower,0,0,11,0,11,0,0,108,0,108,0,0,119,0,119,100,0,100,219
08/14/2010,FTG,CO,ANM,WE,Federal Contract Tower,0,0,6,0,6,0,0,123,0,123,0,0,129,0,129,168,0,168,297
08/15/2010,FTG,CO,ANM,WE,Federal Contract Tower,0,0,15,0,15,0,0,50,0,50,0,0,65,0,65,38,0,38,103
08/16/2010,FTG,CO,ANM,WE,Federal Contract Tower,0,0,13,0,13,0,0,24,0,24,0,0,37,0,37,86,0,86,123
08/17/2010,FTG,CO,ANM,WE,Federal Contract Tower,0,0,2,0,2,0,0,54,0,54,0,0,56,0,56,82,0,82,138
08/18/2010,FTG,CO,ANM,WE,Federal Contract Tower,0,0,25,1,26,0,0,66,0,66,0,0,91,1,92,173,8,181,273
08/19/2010,FTG,CO,ANM,WE,Federal Contract Tower,0,0,8,0,8,0,0,33,3,36,0,0,41,3,44,76,0,76,120
08/20/2010,FTG,CO,ANM,WE,Federal Contract Tower,0,0,14,0,14,0,0,82,0,82,0,0,96,0,96,125,0,125,221
08/21/2010,FTG,CO,ANM,WE,Federal Contract Tower,0,0,8,0,8,0,0,218,0,218,0,0,226,0,226,120,0,120,346
08/22/2010,FTG,CO,ANM,WE,Federal Contract Tower,0,0,3,0,3,0,0,63,0,63,0,0,66,0,66,137,0,137,203
08/23/2010,FTG,CO,ANM,WE,Federal Contract Tower,0,0,6,0,6,0,0,35,0,35,0,0,41,0,41,72,0,72,113
08/24/2010,FTG,CO,ANM,WE,Federal Contract Tower,0,0,6,0,6,0,0,62,0,62,0,0,68,0,68,107,0,107,175
08/25/2010,FTG,CO,ANM,WE,Federal Contract Tower,0,0,0,0,0,0,0,55,0,55,0,0,55,0,55,108,0,108,163
08/26/2010,FTG,CO,ANM,WE,Federal Contract Tower,0,0,3,0,3,0,0,93,0,93,0,0,96,0,96,97,0,97,193
08/27/2010,FTG,CO,ANM,WE,Federal Contract Tower,0,0,5,0,5,0,0,106,0,106,0,0,111,0,111,158,0,158,269
08/28/2010,FTG,CO,ANM,WE,Federal Contract Tower,0,0,4,0,4,0,0,109,0,109,0,0,113,0,113,140,0,140,253
08/29/2010,FTG,CO,ANM,WE,Federal Contract Tower,0,0,2,0,2,0,0,87,0,87,0,0,89,0,89,90,0,90,179
08/30/2010,FTG,CO,ANM,WE,Federal Contract Tower,0,0,3,0,3,0,0,61,0,61,0,0,64,0,64,44,0,44,108
08/31/2010,FTG,CO,ANM,WE,Federal Contract Tower,0,0,10,0,10,0,0,82,0,82,0,0,92,0,92,118,0,118,210
09/01/2010,FTG,CO,ANM,WE,Federal Contract Tower,0,0,3,0,3,0,0,46,0,46,0,0,49,0,49,81,0,81,130
09/02/2010,FTG,CO,ANM,WE,Federal Contract Tower,0,0,8,0,8,0,0,49,0,49,0,0,57,0,57,91,0,91,148
09/03/2010,FTG,CO,ANM,WE,Federal Contract Tower,0,2,3,0,5,0,0,88,0,88,0,2,91,0,93,168,0,168,261
09/04/2010,FTG,CO,ANM,WE,Federal Contract Tower,0,0,5,0,5,0,0,256,0,256,0,0,261,0,261,100,0,100,361
09/05/2010,FTG,CO,ANM,WE,Federal Contract Tower,0,0,4,0,4,0,0,39,0,39,0,0,43,0,43,43,0,43,86
09/06/2010,FTG,CO,ANM,WE,Federal Contract Tower,0,0,5,0,5,0,0,64,0,64,0,0,69,0,69,98,0,98,167
09/07/2010,FTG,CO,ANM,WE,Federal Contract Tower,0,0,4,0,4,0,0,57,0,57,0,0,61,0,61,115,0,115,176
09/08/2010,FTG,CO,ANM,WE,Federal Contract Tower,0,0,2,0,2,0,0,41,0,41,0,0,43,0,43,102,10,112,155
09/09/2010,FTG,CO,ANM,WE,Federal Contract Tower,0,0,2,0,2,0,0,51,0,51,0,0,53,0,53,104,0,104,157
09/10/2010,FTG,CO,ANM,WE,Federal Contract Tower,0,0,7,0,7,0,0,102,0,102,0,0,109,0,109,207,0,207,316
09/11/2010,FTG,CO,ANM,WE,Federal Contract Tower,0,0,8,0,8,0,0,114,0,114,0,0,122,0,122,193,0,193,315
09/12/2010,FTG,CO,ANM,WE,Federal Contract Tower,0,0,8,0,8,0,0,70,2,72,0,0,78,2,80,128,27,155,235
09/13/2010,FTG,CO,ANM,WE,Federal Contract Tower,0,0,15,0,15,0,0,73,0,73,0,0,88,0,88,110,0,110,198
09/14/2010,FTG,CO,ANM,WE,Federal Contract Tower,0,0,10,0,10,0,0,93,1,94,0,0,103,1,104,129,0,129,233
09/15/2010,FTG,CO,ANM,WE,Federal Contract Tower,0,0,7,0,7,0,0,55,0,55,0,0,62,0,62,70,0,70,132
09/16/2010,FTG,CO,ANM,WE,Federal Contract Tower,0,0,8,0,8,0,0,46,1,47,0,0,54,1,55,92,0,92,147
09/17/2010,FTG,CO,ANM,WE,Federal Contract Tower,0,0,8,0,8,0,0,90,0,90,0,0,98,0,98,153,0,153,251
09/18/2010,FTG,CO,ANM,WE,Federal Contract Tower,0,0,17,0,17,0,0,30,0,30,0,0,47,0,47,13,0,13,60
09/19/2010,FTG,CO,ANM,WE,Federal Contract Tower,0,2,11,0,13,0,0,94,0,94,0,2,105,0,107,135,0,135,242
09/20/2010,FTG,CO,ANM,WE,Federal Contract Tower,0,0,10,0,10,0,0,41,0,41,0,0,51,0,51,78,0,78,129
09/21/2010,FTG,CO,ANM,WE,Federal Contract Tower,0,0,8,0,8,0,0,57,0,57,0,0,65,0,65,95,0,95,160
09/22/2010,FTG,CO,ANM,WE,Federal Contract Tower,0,0,7,0,7,0,0,35,0,35,0,0,42,0,42,93,0,93,135
09/23/2010,FTG,CO,ANM,WE,Federal Contract Tower,0,0,5,0,5,0,0,52,0,52,0,0,57,0,57,84,0,84,141
09/24/2010,FTG,CO,ANM,WE,Federal Contract Tower,0,0,5,0,5,0,0,87,0,87,0,0,92,0,92,150,0,150,242
09/25/2010,FTG,CO,ANM,WE,Federal Contract Tower,0,0,3,0,3,0,0,262,0,262,0,0,265,0,265,143,0,143,408
09/26/2010,FTG,CO,ANM,WE,Federal Contract Tower,0,0,5,0,5,0,0,57,0,57,0,0,62,0,62,142,0,142,204
09/27/2010,FTG,CO,ANM,WE,Federal Contract Tower,0,0,11,0,11,0,0,34,0,34,0,0,45,0,45,134,0,134,179
09/28/2010,FTG,CO,ANM,WE,Federal Contract Tower,0,0,4,0,4,0,0,66,0,66,0,0,70,0,70,72,0,72,142
09/29/2010,FTG,CO,ANM,WE,Federal Contract Tower,0,0,4,0,4,0,0,44,0,44,0,0,48,0,48,34,0,34,82
09/30/2010,FTG,CO,ANM,WE,Federal Contract Tower,0,0,3,0,3,0,0,36,0,36,0,0,39,0,39,48,0,48,87
10/01/2010,FTG,CO,ANM,WE,Federal Contract Tower,0,0,9,0,9,0,0,112,0,112,0,0,121,0,121,136,0,136,257
10/02/2010,FTG,CO,ANM,WE,Federal Contract Tower,0,0,7,0,7,0,0,76,0,76,0,0,83,0,83,112,0,112,195
10/03/2010,FTG,CO,ANM,WE,Federal Contract Tower,0,0,2,0,2,0,0,85,0,85,0,0,87,0,87,117,0,117,204
10/04/2010,FTG,CO,ANM,WE,Federal Contract Tower,0,0,5,0,5,0,0,56,0,56,0,0,61,0,61,71,0,71,132
10/05/2010,FTG,CO,ANM,WE,Federal Contract Tower,0,0,9,0,9,0,0,92,1,93,0,0,101,1,102,118,12,130,232
10/06/2010,FTG,CO,ANM,WE,Federal Contract Tower,0,0,9,0,9,0,0,47,0,47,0,0,56,0,56,74,0,74,130
10/07/2010,FTG,CO,ANM,WE,Federal Contract Tower,0,0,6,0,6,0,0,47,0,47,0,0,53,0,53,145,0,145,198
10/08/2010,FTG,CO,ANM,WE,Federal Contract Tower,0,0,2,0,2,0,0,42,0,42,0,0,44,0,44,69,0,69,113
10/09/2010,FTG,CO,ANM,WE,Federal Contract Tower,0,0,13,0,13,0,0,144,2,146,0,0,157,2,159,146,10,156,315
10/10/2010,FTG,CO,ANM,WE,Federal Contract Tower,0,0,9,0,9,0,0,24,0,24,0,0,33,0,33,20,0,20,53
10/11/2010,FTG,CO,ANM,WE,Federal Contract Tower,0,0,5,0,5,0,0,70,0,70,0,0,75,0,75,107,0,107,182
10/12/2010,FTG,CO,ANM,WE,Federal Contract Tower,0,0,11,0,11,0,0,6,0,6,0,0,17,0,17,10,12,22,39
10/13/2010,FTG,CO,ANM,WE,Federal Contract Tower,0,0,14,2,16,0,0,85,0,85,0,0,99,2,101,132,18,150,251
10/14/2010,FTG,CO,ANM,WE,Federal Contract Tower,0,0,5,0,5,0,0,56,0,56,0,0,61,0,61,71,0,71,132
10/15/2010,FTG,CO,ANM,WE,Federal Contract Tower,0,0,5,0,5,0,0,107,0,107,0,0,112,0,112,97,0,97,209
10/16/2010,FTG,CO,ANM,WE,Federal Contract Tower,0,0,7,0,7,0,0,93,0,93,0,0,100,0,100,93,0,93,193
10/17/2010,FTG,CO,ANM,WE,Federal Contract Tower,0,0,12,0,12,0,0,96,0,96,0,0,108,0,108,127,0,127,235
10/18/2010,FTG,CO,ANM,WE,Federal Contract Tower,0,0,7,0,7,0,0,34,0,34,0,0,41,0,41,71,0,71,112
10/19/2010,FTG,CO,ANM,WE,Federal Contract Tower,0,0,8,0,8,0,0,45,0,45,0,0,53,0,53,151,6,157,210
10/20/2010,FTG,CO,ANM,WE,Federal Contract Tower,0,0,4,0,4,0,0,71,0,71,0,0,75,0,75,99,0,99,174
10/21/2010,FTG,CO,ANM,WE,Federal Contract Tower,0,1,4,0,5,0,0,45,0,45,0,1,49,0,50,38,0,38,88
10/22/2010,FTG,CO,ANM,WE,Federal Contract Tower,0,0,4,0,4,0,0,42,0,42,0,0,46,0,46,68,0,68,114
10/23/2010,FTG,CO,ANM,WE,Federal Contract Tower,0,0,14,0,14,0,0,158,0,158,0,0,172,0,172,46,0,46,218
10/24/2010,FTG,CO,ANM,WE,Federal Contract Tower,0,0,2,0,2,0,0,45,0,45,0,0,47,0,47,61,0,61,108
10/25/2010,FTG,CO,ANM,WE,Federal Contract Tower,0,0,4,0,4,0,0,12,0,12,0,0,16,0,16,0,0,0,16
10/26/2010,FTG,CO,ANM,WE,Federal Contract Tower,0,0,6,0,6,0,0,24,0,24,0,0,30,0,30,0,0,0,30
10/27/2010,FTG,CO,ANM,WE,Federal Contract Tower,0,0,2,0,2,0,0,39,0,39,0,0,41,0,41,69,0,69,110
10/28/2010,FTG,CO,ANM,WE,Federal Contract Tower,0,0,13,0,13,0,0,104,0,104,0,0,117,0,117,162,0,162,279
10/29/2010,FTG,CO,ANM,WE,Federal Contract Tower,0,0,6,0,6,0,0,126,2,128,0,0,132,2,134,155,0,155,289
10/30/2010,FTG,CO,ANM,WE,Federal Contract Tower,0,0,3,0,3,0,0,157,0,157,0,0,160,0,160,193,0,193,353
10/31/2010,FTG,CO,ANM,WE,Federal Contract Tower,0,0,3,0,3,0,0,139,0,139,0,0,142,0,142,200,0,200,342
11/01/2010,FTG,CO,ANM,WE,Federal Contract Tower,0,0,5,0,5,0,0,35,0,35,0,0,40,0,40,30,0,30,70
11/02/2010,FTG,CO,ANM,WE,Federal Contract Tower,0,0,15,0,15,0,0,36,0,36,0,0,51,0,51,22,0,22,73
11/03/2010,FTG,CO,ANM,WE,Federal Contract Tower,0,0,6,0,6,0,0,47,0,47,0,0,53,0,53,92,0,92,145
11/04/2010,FTG,CO,ANM,WE,Federal Contract Tower,0,0,7,0,7,0,0,94,0,94,0,0,101,0,101,162,0,162,263
11/05/2010,FTG,CO,ANM,WE,Federal Contract Tower,0,0,6,0,6,0,0,109,0,109,0,0,115,0,115,186,0,186,301
11/06/2010,FTG,CO,ANM,WE,Federal Contract Tower,0,0,4,0,4,0,0,198,0,198,0,0,202,0,202,233,0,233,435
11/07/2010,FTG,CO,ANM,WE,Federal Contract Tower,0,0,4,0,4,0,0,74,0,74,0,0,78,0,78,62,0,62,140
11/08/2010,FTG,CO,ANM,WE,Federal Contract Tower,0,0,6,0,6,0,0,43,0,43,0,0,49,0,49,80,0,80,129
11/09/2010,FTG,CO,ANM,WE,Federal Contract Tower,0,0,6,0,6,0,0,8,0,8,0,0,14,0,14,8,0,8,22
11/10/2010,FTG,CO,ANM,WE,Federal Contract Tower,0,0,12,0,12,0,0,44,0,44,0,0,56,0,56,73,0,73,129
11/11/2010,FTG,CO,ANM,WE,Federal Contract Tower,0,0,0,0,0,0,0,0,0,0,0,0,0,0,0,0,0,0,0
11/12/2010,FTG,CO,ANM,WE,Federal Contract Tower,0,0,5,0,5,0,0,74,0,74,0,0,79,0,79,94,0,94,173
11/13/2010,FTG,CO,ANM,WE,Federal Contract Tower,0,0,7,0,7,0,0,72,0,72,0,0,79,0,79,56,0,56,135
11/14/2010,FTG,CO,ANM,WE,Federal Contract Tower,0,0,7,0,7,0,0,40,0,40,0,0,47,0,47,15,0,15,62
11/15/2010,FTG,CO,ANM,WE,Federal Contract Tower,0,0,5,0,5,0,0,11,0,11,0,0,16,0,16,20,0,20,36
11/16/2010,FTG,CO,ANM,WE,Federal Contract Tower,0,0,7,0,7,0,0,23,3,26,0,0,30,3,33,22,8,30,63
11/17/2010,FTG,CO,ANM,WE,Federal Contract Tower,0,0,34,0,34,0,0,40,0,40,0,0,74,0,74,59,0,59,133
11/18/2010,FTG,CO,ANM,WE,Federal Contract Tower,0,0,5,0,5,0,0,66,0,66,0,0,71,0,71,121,0,121,192
11/19/2010,FTG,CO,ANM,WE,Federal Contract Tower,0,0,6,0,6,0,0,76,0,76,0,0,82,0,82,107,0,107,189
11/20/2010,FTG,CO,ANM,WE,Federal Contract Tower,0,0,5,0,5,0,0,6,0,6,0,0,11,0,11,34,0,34,45
11/21/2010,FTG,CO,ANM,WE,Federal Contract Tower,0,0,5,0,5,0,0,17,0,17,0,0,22,0,22,8,0,8,30
11/22/2010,FTG,CO,ANM,WE,Federal Contract Tower,0,0,2,0,2,0,0,32,0,32,0,0,34,0,34,50,0,50,84
11/23/2010,FTG,CO,ANM,WE,Federal Contract Tower,0,3,8,0,11,0,0,59,0,59,0,3,67,0,70,42,0,42,112
11/24/2010,FTG,CO,ANM,WE,Federal Contract Tower,0,0,7,0,7,0,0,7,0,7,0,0,14,0,14,12,0,12,26
11/25/2010,FTG,CO,ANM,WE,Federal Contract Tower,0,0,2,0,2,0,0,14,0,14,0,0,16,0,16,14,0,14,30
11/26/2010,FTG,CO,ANM,WE,Federal Contract Tower,0,0,3,0,3,0,0,113,0,113,0,0,116,0,116,77,0,77,193
11/27/2010,FTG,CO,ANM,WE,Federal Contract Tower,0,0,3,0,3,0,0,168,0,168,0,0,171,0,171,193,0,193,364
11/28/2010,FTG,CO,ANM,WE,Federal Contract Tower,0,0,15,0,15,0,0,29,0,29,0,0,44,0,44,20,0,20,64
11/29/2010,FTG,CO,ANM,WE,Federal Contract Tower,0,0,2,0,2,0,0,2,0,2,0,0,4,0,4,0,0,0,4
11/30/2010,FTG,CO,ANM,WE,Federal Contract Tower,0,1,3,0,4,0,0,32,0,32,0,1,35,0,36,35,0,35,71
12/01/2010,FTG,CO,ANM,WE,Federal Contract Tower,0,0,5,0,5,0,0,86,0,86,0,0,91,0,91,40,0,40,131
12/02/2010,FTG,CO,ANM,WE,Federal Contract Tower,0,0,3,0,3,0,0,56,0,56,0,0,59,0,59,117,0,117,176
12/03/2010,FTG,CO,ANM,WE,Federal Contract Tower,0,0,9,0,9,0,0,33,0,33,0,0,42,0,42,9,0,9,51
12/04/2010,FTG,CO,ANM,WE,Federal Contract Tower,0,0,4,0,4,0,0,99,0,99,0,0,103,0,103,58,0,58,161
12/05/2010,FTG,CO,ANM,WE,Federal Contract Tower,0,0,5,0,5,0,0,52,0,52,0,0,57,0,57,162,0,162,219
12/06/2010,FTG,CO,ANM,WE,Federal Contract Tower,0,0,7,0,7,0,0,56,0,56,0,0,63,0,63,153,0,153,216
12/07/2010,FTG,CO,ANM,WE,Federal Contract Tower,0,0,3,0,3,0,0,27,0,27,0,0,30,0,30,26,0,26,56
12/08/2010,FTG,CO,ANM,WE,Federal Contract Tower,0,0,11,0,11,0,0,67,0,67,0,0,78,0,78,84,0,84,162
12/09/2010,FTG,CO,ANM,WE,Federal Contract Tower,0,0,2,0,2,0,0,48,0,48,0,0,50,0,50,66,4,70,120
12/10/2010,FTG,CO,ANM,WE,Federal Contract Tower,0,0,6,0,6,0,0,77,0,77,0,0,83,0,83,131,0,131,214
12/11/2010,FTG,CO,ANM,WE,Federal Contract Tower,0,0,4,0,4,0,0,48,0,48,0,0,52,0,52,46,0,46,98
12/12/2010,FTG,CO,ANM,WE,Federal Contract Tower,0,0,13,0,13,0,0,82,0,82,0,0,95,0,95,154,0,154,249
12/13/2010,FTG,CO,ANM,WE,Federal Contract Tower,0,0,16,0,16,0,0,65,0,65,0,0,81,0,81,104,0,104,185
12/14/2010,FTG,CO,ANM,WE,Federal Contract Tower,0,0,10,0,10,0,0,48,0,48,0,0,58,0,58,80,6,86,144
12/15/2010,FTG,CO,ANM,WE,Federal Contract Tower,0,0,2,0,2,0,0,19,3,22,0,0,21,3,24,37,19,56,80
12/16/2010,FTG,CO,ANM,WE,Federal Contract Tower,0,0,11,0,11,0,0,46,0,46,0,0,57,0,57,48,0,48,105
12/17/2010,FTG,CO,ANM,WE,Federal Contract Tower,0,1,9,0,10,0,0,47,0,47,0,1,56,0,57,58,0,58,115
12/18/2010,FTG,CO,ANM,WE,Federal Contract Tower,0,0,11,0,11,0,0,87,0,87,0,0,98,0,98,59,0,59,157
12/19/2010,FTG,CO,ANM,WE,Federal Contract Tower,0,0,7,0,7,0,0,65,0,65,0,0,72,0,72,135,0,135,207
12/20/2010,FTG,CO,ANM,WE,Federal Contract Tower,0,0,8,0,8,0,0,40,0,40,0,0,48,0,48,82,0,82,130
12/21/2010,FTG,CO,ANM,WE,Federal Contract Tower,0,0,3,0,3,0,0,29,0,29,0,0,32,0,32,65,0,65,97
12/22/2010,FTG,CO,ANM,WE,Federal Contract Tower,0,1,18,0,19,0,0,61,0,61,0,1,79,0,80,108,0,108,188
12/23/2010,FTG,CO,ANM,WE,Federal Contract Tower,0,0,15,0,15,0,0,14,0,14,0,0,29,0,29,51,0,51,80
12/24/2010,FTG,CO,ANM,WE,Federal Contract Tower,0,0,4,0,4,0,0,70,0,70,0,0,74,0,74,66,0,66,140
12/25/2010,FTG,CO,ANM,WE,Federal Contract Tower,0,0,1,0,1,0,0,3,0,3,0,0,4,0,4,0,0,0,4
12/26/2010,FTG,CO,ANM,WE,Federal Contract Tower,0,1,13,0,14,0,0,68,0,68,0,1,81,0,82,59,0,59,141
12/27/2010,FTG,CO,ANM,WE,Federal Contract Tower,0,0,4,0,4,0,0,79,0,79,0,0,83,0,83,64,0,64,147
12/28/2010,FTG,CO,ANM,WE,Federal Contract Tower,0,0,19,0,19,0,0,78,0,78,0,0,97,0,97,137,0,137,234
12/29/2010,FTG,CO,ANM,WE,Federal Contract Tower,0,0,11,0,11,0,0,36,0,36,0,0,47,0,47,47,0,47,94
12/30/2010,FTG,CO,ANM,WE,Federal Contract Tower,0,0,2,0,2,0,0,0,0,0,0,0,2,0,2,0,0,0,2
12/31/2010,FTG,CO,ANM,WE,Federal Contract Tower,0,0,5,0,5,0,0,0,0,0,0,0,5,0,5,0,0,0,5
01/01/2011,FTG,CO,ANM,WE,Federal Contract Tower,0,0,10,0,10,0,0,3,0,3,0,0,13,0,13,0,0,0,13
01/02/2011,FTG,CO,ANM,WE,Federal Contract Tower,0,2,26,0,28,0,0,70,0,70,0,2,96,0,98,39,0,39,137
01/03/2011,FTG,CO,ANM,WE,Federal Contract Tower,0,0,3,0,3,0,0,31,0,31,0,0,34,0,34,26,0,26,60
01/04/2011,FTG,CO,ANM,WE,Federal Contract Tower,0,0,10,0,10,0,0,46,0,46,0,0,56,0,56,53,0,53,109
01/05/2011,FTG,CO,ANM,WE,Federal Contract Tower,0,0,9,0,9,0,0,53,2,55,0,0,62,2,64,45,0,45,109
01/06/2011,FTG,CO,ANM,WE,Federal Contract Tower,0,0,4,0,4,0,0,57,0,57,0,0,61,0,61,53,0,53,114
01/07/2011,FTG,CO,ANM,WE,Federal Contract Tower,0,0,4,0,4,0,0,84,0,84,0,0,88,0,88,63,0,63,151
01/08/2011,FTG,CO,ANM,WE,Federal Contract Tower,0,0,9,0,9,0,0,115,2,117,0,0,124,2,126,176,28,204,330
01/09/2011,FTG,CO,ANM,WE,Federal Contract Tower,0,0,0,0,0,0,0,0,0,0,0,0,0,0,0,0,0,0,0
01/10/2011,FTG,CO,ANM,WE,Federal Contract Tower,0,0,3,0,3,0,0,3,0,3,0,0,6,0,6,4,0,4,10
01/11/2011,FTG,CO,ANM,WE,Federal Contract Tower,0,0,1,4,5,0,2,27,1,30,0,2,28,5,35,12,4,16,51
01/12/2011,FTG,CO,ANM,WE,Federal Contract Tower,0,1,6,0,7,0,0,26,0,26,0,1,32,0,33,57,0,57,90
01/13/2011,FTG,CO,ANM,WE,Federal Contract Tower,0,0,8,3,11,0,0,28,0,28,0,0,36,3,39,77,3,80,119
01/14/2011,FTG,CO,ANM,WE,Federal Contract Tower,0,0,8,0,8,0,0,115,0,115,0,0,123,0,123,74,0,74,197
01/15/2011,FTG,CO,ANM,WE,Federal Contract Tower,0,0,1,0,1,0,0,97,0,97,0,0,98,0,98,78,0,78,176
01/16/2011,FTG,CO,ANM,WE,Federal Contract Tower,0,0,8,0,8,0,0,39,0,39,0,0,47,0,47,77,0,77,124
01/17/2011,FTG,CO,ANM,WE,Federal Contract Tower,0,0,11,0,11,0,0,40,0,40,0,0,51,0,51,69,0,69,120
01/18/2011,FTG,CO,ANM,WE,Federal Contract Tower,0,0,10,0,10,0,0,40,0,40,0,0,50,0,50,95,0,95,145
01/19/2011,FTG,CO,ANM,WE,Federal Contract Tower,0,0,7,0,7,0,0,14,0,14,0,0,21,0,21,10,0,10,31
01/20/2011,FTG,CO,ANM,WE,Federal Contract Tower,0,0,9,0,9,0,0,36,0,36,0,0,45,0,45,76,0,76,121
01/21/2011,FTG,CO,ANM,WE,Federal Contract Tower,0,0,6,0,6,0,0,65,0,65,0,0,71,0,71,56,0,56,127
01/22/2011,FTG,CO,ANM,WE,Federal Contract Tower,0,0,1,0,1,0,0,41,0,41,0,0,42,0,42,16,0,16,58
01/23/2011,FTG,CO,ANM,WE,Federal Contract Tower,0,0,11,0,11,0,0,61,0,61,0,0,72,0,72,68,0,68,140
01/24/2011,FTG,CO,ANM,WE,Federal Contract Tower,0,0,2,0,2,0,0,13,0,13,0,0,15,0,15,4,0,4,19
01/25/2011,FTG,CO,ANM,WE,Federal Contract Tower,0,0,5,0,5,0,0,45,0,45,0,0,50,0,50,27,0,27,77
01/26/2011,FTG,CO,ANM,WE,Federal Contract Tower,0,0,9,0,9,0,0,36,0,36,0,0,45,0,45,21,0,21,66
01/27/2011,FTG,CO,ANM,WE,Federal Contract Tower,0,0,9,0,9,0,0,74,0,74,0,0,83,0,83,129,2,131,214
01/28/2011,FTG,CO,ANM,WE,Federal Contract Tower,0,0,1,0,1,0,0,0,0,0,0,0,1,0,1,159,0,159,160
01/29/2011,FTG,CO,ANM,WE,Federal Contract Tower,0,0,10,0,10,0,0,197,0,197,0,0,207,0,207,99,0,99,306
01/30/2011,FTG,CO,ANM,WE,Federal Contract Tower,0,0,19,0,19,0,0,72,0,72,0,0,91,0,91,168,0,168,259
01/31/2011,FTG,CO,ANM,WE,Federal Contract Tower,0,0,0,0,0,0,0,0,0,0,0,0,0,0,0,0,0,0,0
02/01/2011,FTG,CO,ANM,WE,Federal Contract Tower,0,0,7,0,7,0,0,0,0,0,0,0,7,0,7,0,0,0,7
02/02/2011,FTG,CO,ANM,WE,Federal Contract Tower,0,0,4,0,4,0,0,9,0,9,0,0,13,0,13,0,0,0,13
02/03/2011,FTG,CO,ANM,WE,Federal Contract Tower,0,0,9,0,9,0,0,8,0,8,0,0,17,0,17,4,0,4,21
02/04/2011,FTG,CO,ANM,WE,Federal Contract Tower,0,0,6,0,6,0,0,90,7,97,0,0,96,7,103,110,0,110,213
02/05/2011,FTG,CO,ANM,WE,Federal Contract Tower,0,0,4,0,4,0,0,101,0,101,0,0,105,0,105,16,0,16,121
02/06/2011,FTG,CO,ANM,WE,Federal Contract Tower,0,0,3,0,3,0,0,0,0,0,0,0,3,0,3,0,0,0,3
02/07/2011,FTG,CO,ANM,WE,Federal Contract Tower,0,0,12,0,12,0,0,47,0,47,0,0,59,0,59,44,0,44,103
02/08/2011,FTG,CO,ANM,WE,Federal Contract Tower,0,0,0,0,0,0,0,0,0,0,0,0,0,0,0,0,0,0,0
02/09/2011,FTG,CO,ANM,WE,Federal Contract Tower,0,0,7,0,7,0,0,13,0,13,0,0,20,0,20,21,0,21,41
02/10/2011,FTG,CO,ANM,WE,Federal Contract Tower,0,0,7,0,7,0,0,47,0,47,0,0,54,0,54,13,0,13,67
02/11/2011,FTG,CO,ANM,WE,Federal Contract Tower,0,0,8,0,8,0,0,118,0,118,0,0,126,0,126,134,0,134,260
02/12/2011,FTG,CO,ANM,WE,Federal Contract Tower,0,0,6,0,6,0,0,141,2,143,0,0,147,2,149,183,10,193,342
02/13/2011,FTG,CO,ANM,WE,Federal Contract Tower,0,0,12,0,12,0,0,70,0,70,0,0,82,0,82,171,0,171,253
02/14/2011,FTG,CO,ANM,WE,Federal Contract Tower,0,0,2,0,2,0,0,31,0,31,0,0,33,0,33,28,0,28,61
02/15/2011,FTG,CO,ANM,WE,Federal Contract Tower,0,0,12,0,12,0,0,56,2,58,0,0,68,2,70,72,10,82,152
02/16/2011,FTG,CO,ANM,WE,Federal Contract Tower,0,0,4,0,4,0,0,42,0,42,0,0,46,0,46,13,0,13,59
02/17/2011,FTG,CO,ANM,WE,Federal Contract Tower,0,0,8,0,8,0,0,3,0,3,0,0,11,0,11,30,7,37,48
02/18/2011,FTG,CO,ANM,WE,Federal Contract Tower,0,0,16,0,16,0,0,92,0,92,0,0,108,0,108,89,0,89,197
02/19/2011,FTG,CO,ANM,WE,Federal Contract Tower,0,0,7,0,7,0,0,127,0,127,0,0,134,0,134,72,0,72,206
02/20/2011,FTG,CO,ANM,WE,Federal Contract Tower,0,0,3,0,3,0,0,9,0,9,0,0,12,0,12,30,0,30,42
02/21/2011,FTG,CO,ANM,WE,Federal Contract Tower,0,1,8,0,9,0,0,74,0,74,0,1,82,0,83,92,0,92,175
02/22/2011,FTG,CO,ANM,WE,Federal Contract Tower,0,0,7,0,7,0,0,71,0,71,0,0,78,0,78,100,0,100,178
02/23/2011,FTG,CO,ANM,WE,Federal Contract Tower,0,0,3,0,3,0,0,47,0,47,0,0,50,0,50,42,0,42,92
02/24/2011,FTG,CO,ANM,WE,Federal Contract Tower,0,0,3,0,3,0,0,29,0,29,0,0,32,0,32,30,0,30,62
02/25/2011,FTG,CO,ANM,WE,Federal Contract Tower,0,0,7,0,7,0,0,2,0,2,0,0,9,0,9,0,0,0,9
02/26/2011,FTG,CO,ANM,WE,Federal Contract Tower,0,0,7,0,7,0,0,156,0,156,0,0,163,0,163,44,0,44,207
02/27/2011,FTG,CO,ANM,WE,Federal Contract Tower,0,0,22,0,22,0,0,108,0,108,0,0,130,0,130,197,0,197,327
02/28/2011,FTG,CO,ANM,WE,Federal Contract Tower,0,0,7,0,7,0,2,45,0,47,0,2,52,0,54,44,0,44,98
03/01/2011,FTG,CO,ANM,WE,Federal Contract Tower,0,0,10,0,10,0,0,78,0,78,0,0,88,0,88,61,0,61,149
03/02/2011,FTG,CO,ANM,WE,Federal Contract Tower,0,3,14,0,17,0,0,48,0,48,0,3,62,0,65,88,0,88,153
03/03/2011,FTG,CO,ANM,WE,Federal Contract Tower,0,0,9,0,9,0,0,26,0,26,0,0,35,0,35,30,12,42,77
03/04/2011,FTG,CO,ANM,WE,Federal Contract Tower,0,0,9,0,9,0,0,12,0,12,0,0,21,0,21,14,0,14,35
03/05/2011,FTG,CO,ANM,WE,Federal Contract Tower,0,0,16,0,16,0,0,115,0,115,0,0,131,0,131,119,0,119,250
03/06/2011,FTG,CO,ANM,WE,Federal Contract Tower,0,2,18,0,20,0,0,83,2,85,0,2,101,2,105,92,15,107,212
03/07/2011,FTG,CO,ANM,WE,Federal Contract Tower,0,0,5,0,5,0,0,0,0,0,0,0,5,0,5,0,0,0,5
03/08/2011,FTG,CO,ANM,WE,Federal Contract Tower,0,3,3,1,7,0,0,2,2,4,0,3,5,3,11,4,12,16,27
03/09/2011,FTG,CO,ANM,WE,Federal Contract Tower,0,0,4,0,4,0,0,41,0,41,0,0,45,0,45,34,2,36,81
03/10/2011,FTG,CO,ANM,WE,Federal Contract Tower,0,2,22,0,24,0,0,88,0,88,0,2,110,0,112,71,0,71,183
03/11/2011,FTG,CO,ANM,WE,Federal Contract Tower,0,0,12,0,12,0,0,91,0,91,0,0,103,0,103,63,0,63,166
03/12/2011,FTG,CO,ANM,WE,Federal Contract Tower,0,0,15,0,15,0,0,130,7,137,0,0,145,7,152,195,0,195,347
03/13/2011,FTG,CO,ANM,WE,Federal Contract Tower,0,0,11,0,11,0,0,46,0,46,0,0,57,0,57,50,0,50,107
03/14/2011,FTG,CO,ANM,WE,Federal Contract Tower,0,0,8,0,8,0,0,56,0,56,0,0,64,0,64,115,0,115,179
03/15/2011,FTG,CO,ANM,WE,Federal Contract Tower,0,0,13,0,13,0,0,44,0,44,0,0,57,0,57,73,0,73,130
03/16/2011,FTG,CO,ANM,WE,Federal Contract Tower,0,0,8,0,8,0,0,44,0,44,0,0,52,0,52,47,0,47,99
03/17/2011,FTG,CO,ANM,WE,Federal Contract Tower,0,0,11,0,11,0,0,29,0,29,0,0,40,0,40,18,0,18,58
03/18/2011,FTG,CO,ANM,WE,Federal Contract Tower,0,0,16,0,16,0,0,55,0,55,0,0,71,0,71,80,0,80,151
03/19/2011,FTG,CO,ANM,WE,Federal Contract Tower,0,0,12,0,12,0,0,121,0,121,0,0,133,0,133,31,0,31,164
03/20/2011,FTG,CO,ANM,WE,Federal Contract Tower,0,0,5,0,5,0,0,89,0,89,0,0,94,0,94,84,0,84,178
03/21/2011,FTG,CO,ANM,WE,Federal Contract Tower,1,6,0,0,7,0,0,37,0,37,1,6,37,0,44,26,0,26,70
03/22/2011,FTG,CO,ANM,WE,Federal Contract Tower,0,0,7,0,7,0,0,9,0,9,0,0,16,0,16,18,0,18,34
03/23/2011,FTG,CO,ANM,WE,Federal Contract Tower,0,0,6,8,14,0,0,52,0,52,0,0,58,8,66,95,8,103,169
03/24/2011,FTG,CO,ANM,WE,Federal Contract Tower,0,0,2,0,2,0,0,10,0,10,0,0,12,0,12,10,0,10,22
03/25/2011,FTG,CO,ANM,WE,Federal Contract Tower,0,0,9,0,9,0,0,24,0,24,0,0,33,0,33,70,0,70,103
03/26/2011,FTG,CO,ANM,WE,Federal Contract Tower,0,0,15,0,15,0,0,193,0,193,0,0,208,0,208,26,0,26,234
03/27/2011,FTG,CO,ANM,WE,Federal Contract Tower,0,0,7,0,7,0,0,48,0,48,0,0,55,0,55,120,0,120,175
03/28/2011,FTG,CO,ANM,WE,Federal Contract Tower,0,0,5,0,5,0,2,17,0,19,0,2,22,0,24,6,0,6,30
03/29/2011,FTG,CO,ANM,WE,Federal Contract Tower,0,0,2,0,2,0,0,48,0,48,0,0,50,0,50,70,0,70,120
03/30/2011,FTG,CO,ANM,WE,Federal Contract Tower,0,0,6,0,6,0,0,63,0,63,0,0,69,0,69,76,0,76,145
03/31/2011,FTG,CO,ANM,WE,Federal Contract Tower,0,0,4,0,4,0,0,16,0,16,0,0,20,0,20,2,0,2,22
04/01/2011,FTG,CO,ANM,WE,Federal Contract Tower,0,0,0,0,0,0,0,73,0,73,0,0,73,0,73,116,0,116,189
04/02/2011,FTG,CO,ANM,WE,Federal Contract Tower,0,0,5,0,5,0,0,74,0,74,0,0,79,0,79,70,0,70,149
04/03/2011,FTG,CO,ANM,WE,Federal Contract Tower,0,0,1,0,1,0,0,0,0,0,0,0,1,0,1,0,0,0,1
04/04/2011,FTG,CO,ANM,WE,Federal Contract Tower,0,0,1,0,1,0,0,42,0,42,0,0,43,0,43,68,0,68,111
04/05/2011,FTG,CO,ANM,WE,Federal Contract Tower,0,0,2,0,2,0,0,44,0,44,0,0,46,0,46,43,0,43,89
04/06/2011,FTG,CO,ANM,WE,Federal Contract Tower,0,0,8,0,8,0,0,46,0,46,0,0,54,0,54,131,0,131,185
04/07/2011,FTG,CO,ANM,WE,Federal Contract Tower,0,0,13,0,13,0,1,53,0,54,0,1,66,0,67,101,0,101,168
04/08/2011,FTG,CO,ANM,WE,Federal Contract Tower,0,0,7,0,7,0,3,33,0,36,0,3,40,0,43,34,0,34,77
04/09/2011,FTG,CO,ANM,WE,Federal Contract Tower,0,0,3,0,3,0,0,49,0,49,0,0,52,0,52,32,0,32,84
04/10/2011,FTG,CO,ANM,WE,Federal Contract Tower,0,0,2,0,2,0,0,21,0,21,0,0,23,0,23,20,0,20,43
04/11/2011,FTG,CO,ANM,WE,Federal Contract Tower,0,0,3,0,3,0,0,102,2,104,0,0,105,2,107,18,4,22,129
04/12/2011,FTG,CO,ANM,WE,Federal Contract Tower,0,0,10,0,10,0,0,59,0,59,0,0,69,0,69,70,2,72,141
04/13/2011,FTG,CO,ANM,WE,Federal Contract Tower,0,1,2,0,3,0,1,32,0,33,0,2,34,0,36,62,0,62,98
04/14/2011,FTG,CO,ANM,WE,Federal Contract Tower,0,0,10,0,10,0,0,3,0,3,0,0,13,0,13,0,0,0,13
04/15/2011,FTG,CO,ANM,WE,Federal Contract Tower,0,0,2,0,2,0,0,34,2,36,0,0,36,2,38,6,0,6,44
04/16/2011,FTG,CO,ANM,WE,Federal Contract Tower,0,0,4,0,4,0,1,140,0,141,0,1,144,0,145,135,0,135,280
04/17/2011,FTG,CO,ANM,WE,Federal Contract Tower,0,0,3,0,3,0,0,63,0,63,0,0,66,0,66,106,0,106,172
04/18/2011,FTG,CO,ANM,WE,Federal Contract Tower,0,0,6,0,6,0,0,45,0,45,0,0,51,0,51,26,0,26,77
04/19/2011,FTG,CO,ANM,WE,Federal Contract Tower,0,0,7,0,7,0,0,25,0,25,0,0,32,0,32,20,0,20,52
04/20/2011,FTG,CO,ANM,WE,Federal Contract Tower,0,0,4,0,4,0,0,18,0,18,0,0,22,0,22,29,0,29,51
04/21/2011,FTG,CO,ANM,WE,Federal Contract Tower,0,0,9,0,9,0,0,34,0,34,0,0,43,0,43,73,0,73,116
04/22/2011,FTG,CO,ANM,WE,Federal Contract Tower,0,0,12,0,12,0,0,23,0,23,0,0,35,0,35,44,0,44,79
04/23/2011,FTG,CO,ANM,WE,Federal Contract Tower,0,0,4,0,4,0,0,161,0,161,0,0,165,0,165,124,0,124,289
04/24/2011,FTG,CO,ANM,WE,Federal Contract Tower,0,0,2,0,2,0,0,6,0,6,0,0,8,0,8,72,0,72,80
04/25/2011,FTG,CO,ANM,WE,Federal Contract Tower,0,0,5,0,5,0,0,27,0,27,0,0,32,0,32,36,0,36,68
04/26/2011,FTG,CO,ANM,WE,Federal Contract Tower,0,0,2,0,2,0,0,18,1,19,0,0,20,1,21,49,2,51,72
04/27/2011,FTG,CO,ANM,WE,Federal Contract Tower,0,0,5,0,5,0,0,34,0,34,0,0,39,0,39,32,0,32,71
04/28/2011,FTG,CO,ANM,WE,Federal Contract Tower,0,0,10,0,10,0,0,69,0,69,0,0,79,0,79,124,0,124,203
04/29/2011,FTG,CO,ANM,WE,Federal Contract Tower,0,0,4,0,4,0,0,25,0,25,0,0,29,0,29,17,0,17,46
04/30/2011,FTG,CO,ANM,WE,Federal Contract Tower,0,0,6,0,6,0,0,51,0,51,0,0,57,0,57,72,0,72,129
05/01/2011,FTG,CO,ANM,WE,Federal Contract Tower,0,0,5,0,5,0,0,43,0,43,0,0,48,0,48,71,0,71,119
05/02/2011,FTG,CO,ANM,WE,Federal Contract Tower,0,0,1,0,1,0,0,50,0,50,0,0,51,0,51,73,0,73,124
05/03/2011,FTG,CO,ANM,WE,Federal Contract Tower,0,0,4,0,4,0,0,64,0,64,0,0,68,0,68,111,0,111,179
05/04/2011,FTG,CO,ANM,WE,Federal Contract Tower,0,1,3,0,4,0,0,34,0,34,0,1,37,0,38,54,0,54,92
05/05/2011,FTG,CO,ANM,WE,Federal Contract Tower,0,0,13,0,13,0,0,82,0,82,0,0,95,0,95,125,0,125,220
05/06/2011,FTG,CO,ANM,WE,Federal Contract Tower,0,1,10,0,11,0,0,49,0,49,0,1,59,0,60,70,0,70,130
05/07/2011,FTG,CO,ANM,WE,Federal Contract Tower,0,0,3,0,3,0,0,130,0,130,0,0,133,0,133,128,0,128,261
05/08/2011,FTG,CO,ANM,WE,Federal Contract Tower,0,0,3,0,3,0,0,64,0,64,0,0,67,0,67,86,0,86,153
05/09/2011,FTG,CO,ANM,WE,Federal Contract Tower,0,0,4,0,4,0,0,22,0,22,0,0,26,0,26,35,0,35,61
05/10/2011,FTG,CO,ANM,WE,Federal Contract Tower,0,0,13,0,13,0,0,41,1,42,0,0,54,1,55,38,12,50,105
05/11/2011,FTG,CO,ANM,WE,Federal Contract Tower,0,0,4,0,4,0,0,0,0,0,0,0,4,0,4,0,0,0,4
05/12/2011,FTG,CO,ANM,WE,Federal Contract Tower,0,2,3,0,5,0,0,0,0,0,0,2,3,0,5,0,0,0,5
05/13/2011,FTG,CO,ANM,WE,Federal Contract Tower,0,1,18,0,19,0,0,109,0,109,0,1,127,0,128,104,0,104,232
05/14/2011,FTG,CO,ANM,WE,Federal Contract Tower,0,0,9,0,9,0,0,97,0,97,0,0,106,0,106,20,0,20,126
05/15/2011,FTG,CO,ANM,WE,Federal Contract Tower,0,0,6,0,6,0,0,46,2,48,0,0,52,2,54,72,20,92,146
05/16/2011,FTG,CO,ANM,WE,Federal Contract Tower,0,1,9,0,10,0,0,70,0,70,0,1,79,0,80,98,0,98,178
05/17/2011,FTG,CO,ANM,WE,Federal Contract Tower,0,0,2,0,2,0,0,47,3,50,0,0,49,3,52,36,6,42,94
05/18/2011,FTG,CO,ANM,WE,Federal Contract Tower,0,0,4,0,4,0,0,2,0,2,0,0,6,0,6,19,0,19,25
05/19/2011,FTG,CO,ANM,WE,Federal Contract Tower,0,0,8,0,8,0,0,0,0,0,0,0,8,0,8,0,0,0,8
05/20/2011,FTG,CO,ANM,WE,Federal Contract Tower,0,0,5,0,5,0,0,18,0,18,0,0,23,0,23,72,0,72,95
05/21/2011,FTG,CO,ANM,WE,Federal Contract Tower,0,0,1,0,1,0,0,71,0,71,0,0,72,0,72,89,0,89,161
05/22/2011,FTG,CO,ANM,WE,Federal Contract Tower,0,0,7,0,7,0,0,105,0,105,0,0,112,0,112,118,0,118,230
05/23/2011,FTG,CO,ANM,WE,Federal Contract Tower,0,0,6,0,6,0,0,42,0,42,0,0,48,0,48,45,0,45,93
05/24/2011,FTG,CO,ANM,WE,Federal Contract Tower,0,0,1,0,1,0,0,11,0,11,0,0,12,0,12,6,0,6,18
05/25/2011,FTG,CO,ANM,WE,Federal Contract Tower,0,0,1,0,1,0,0,56,0,56,0,0,57,0,57,112,0,112,169
05/26/2011,FTG,CO,ANM,WE,Federal Contract Tower,0,0,12,0,12,0,0,70,0,70,0,0,82,0,82,46,0,46,128
05/27/2011,FTG,CO,ANM,WE,Federal Contract Tower,0,0,18,0,18,0,0,85,0,85,0,0,103,0,103,81,0,81,184
05/28/2011,FTG,CO,ANM,WE,Federal Contract Tower,0,0,1,0,1,0,0,132,0,132,0,0,133,0,133,38,0,38,171
05/29/2011,FTG,CO,ANM,WE,Federal Contract Tower,0,0,7,0,7,0,0,41,0,41,0,0,48,0,48,36,0,36,84
05/30/2011,FTG,CO,ANM,WE,Federal Contract Tower,0,0,2,0,2,0,0,34,0,34,0,0,36,0,36,28,0,28,64
05/31/2011,FTG,CO,ANM,WE,Federal Contract Tower,0,0,4,0,4,0,0,49,0,49,0,0,53,0,53,38,0,38,91
06/01/2011,FTG,CO,ANM,WE,Federal Contract Tower,0,0,10,1,11,0,0,67,0,67,0,0,77,1,78,143,2,145,223
06/02/2011,FTG,CO,ANM,WE,Federal Contract Tower,0,0,4,0,4,0,0,14,0,14,0,0,18,0,18,12,0,12,30
06/03/2011,FTG,CO,ANM,WE,Federal Contract Tower,0,0,6,0,6,0,0,124,0,124,0,0,130,0,130,148,0,148,278
06/04/2011,FTG,CO,ANM,WE,Federal Contract Tower,0,0,7,0,7,0,0,115,0,115,0,0,122,0,122,131,0,131,253
06/05/2011,FTG,CO,ANM,WE,Federal Contract Tower,0,0,7,0,7,0,0,117,0,117,0,0,124,0,124,180,0,180,304
06/06/2011,FTG,CO,ANM,WE,Federal Contract Tower,0,0,5,0,5,0,1,58,0,59,0,1,63,0,64,40,0,40,104
06/07/2011,FTG,CO,ANM,WE,Federal Contract Tower,0,0,5,0,5,0,0,41,0,41,0,0,46,0,46,81,0,81,127
06/08/2011,FTG,CO,ANM,WE,Federal Contract Tower,0,0,7,1,8,0,0,31,0,31,0,0,38,1,39,68,0,68,107
06/09/2011,FTG,CO,ANM,WE,Federal Contract Tower,0,0,5,0,5,0,0,42,2,44,0,0,47,2,49,52,8,60,109
06/10/2011,FTG,CO,ANM,WE,Federal Contract Tower,0,0,3,0,3,0,0,71,0,71,0,0,74,0,74,86,0,86,160
06/11/2011,FTG,CO,ANM,WE,Federal Contract Tower,0,0,4,0,4,0,0,63,0,63,0,0,67,0,67,51,0,51,118
06/12/2011,FTG,CO,ANM,WE,Federal Contract Tower,0,0,8,0,8,0,0,145,0,145,0,0,153,0,153,194,0,194,347
06/13/2011,FTG,CO,ANM,WE,Federal Contract Tower,0,0,5,0,5,0,0,37,0,37,0,0,42,0,42,54,0,54,96
06/14/2011,FTG,CO,ANM,WE,Federal Contract Tower,0,0,6,0,6,0,0,55,0,55,0,0,61,0,61,106,0,106,167
06/15/2011,FTG,CO,ANM,WE,Federal Contract Tower,0,0,8,0,8,0,0,61,0,61,0,0,69,0,69,79,0,79,148
06/16/2011,FTG,CO,ANM,WE,Federal Contract Tower,0,0,7,0,7,0,0,80,0,80,0,0,87,0,87,77,0,77,164
06/17/2011,FTG,CO,ANM,WE,Federal Contract Tower,0,0,4,0,4,0,0,95,0,95,0,0,99,0,99,92,0,92,191
06/18/2011,FTG,CO,ANM,WE,Federal Contract Tower,0,0,10,0,10,0,0,125,0,125,0,0,135,0,135,122,0,122,257
06/19/2011,FTG,CO,ANM,WE,Federal Contract Tower,0,0,7,0,7,0,0,43,0,43,0,0,50,0,50,14,0,14,64
06/20/2011,FTG,CO,ANM,WE,Federal Contract Tower,0,0,5,0,5,0,0,20,0,20,0,0,25,0,25,10,0,10,35
06/21/2011,FTG,CO,ANM,WE,Federal Contract Tower,0,0,9,0,9,0,0,67,0,67,0,0,76,0,76,92,0,92,168
06/22/2011,FTG,CO,ANM,WE,Federal Contract Tower,0,0,5,0,5,0,0,78,0,78,0,0,83,0,83,149,0,149,232
06/23/2011,FTG,CO,ANM,WE,Federal Contract Tower,0,1,7,0,8,0,0,58,0,58,0,1,65,0,66,118,0,118,184
06/24/2011,FTG,CO,ANM,WE,Federal Contract Tower,0,0,9,0,9,0,0,100,0,100,0,0,109,0,109,57,0,57,166
06/25/2011,FTG,CO,ANM,WE,Federal Contract Tower,0,0,0,0,0,0,0,91,0,91,0,0,91,0,91,109,0,109,200
06/26/2011,FTG,CO,ANM,WE,Federal Contract Tower,0,0,5,0,5,0,0,63,0,63,0,0,68,0,68,78,0,78,146
06/27/2011,FTG,CO,ANM,WE,Federal Contract Tower,0,0,11,0,11,0,0,47,0,47,0,0,58,0,58,76,0,76,134
06/28/2011,FTG,CO,ANM,WE,Federal Contract Tower,0,0,5,0,5,0,0,51,0,51,0,0,56,0,56,89,0,89,145
06/29/2011,FTG,CO,ANM,WE,Federal Contract Tower,0,0,2,0,2,0,0,35,0,35,0,0,37,0,37,67,0,67,104
06/30/2011,FTG,CO,ANM,WE,Federal Contract Tower,0,0,6,0,6,0,0,26,0,26,0,0,32,0,32,2,0,2,34
07/01/2011,FTG,CO,ANM,WE,Federal Contract Tower,0,1,9,0,10,0,0,111,0,111,0,1,120,0,121,106,0,106,227
07/02/2011,FTG,CO,ANM,WE,Federal Contract Tower,0,0,6,0,6,0,0,94,0,94,0,0,100,0,100,76,0,76,176
07/03/2011,FTG,CO,ANM,WE,Federal Contract Tower,0,0,2,0,2,0,0,61,0,61,0,0,63,0,63,112,0,112,175
07/04/2011,FTG,CO,ANM,WE,Federal Contract Tower,0,0,11,0,11,0,0,93,0,93,0,0,104,0,104,88,0,88,192
07/05/2011,FTG,CO,ANM,WE,Federal Contract Tower,0,0,8,0,8,0,0,34,0,34,0,0,42,0,42,30,0,30,72
07/06/2011,FTG,CO,ANM,WE,Federal Contract Tower,0,0,1,0,1,0,0,36,0,36,0,0,37,0,37,36,0,36,73
07/07/2011,FTG,CO,ANM,WE,Federal Contract Tower,0,0,9,0,9,0,0,52,0,52,0,0,61,0,61,48,0,48,109
07/08/2011,FTG,CO,ANM,WE,Federal Contract Tower,0,0,10,0,10,0,0,104,0,104,0,0,114,0,114,100,0,100,214
07/09/2011,FTG,CO,ANM,WE,Federal Contract Tower,0,0,10,0,10,0,0,105,0,105,0,0,115,0,115,100,0,100,215
07/10/2011,FTG,CO,ANM,WE,Federal Contract Tower,0,0,8,0,8,0,0,76,0,76,0,0,84,0,84,92,0,92,176
07/11/2011,FTG,CO,ANM,WE,Federal Contract Tower,0,0,10,0,10,0,0,59,0,59,0,0,69,0,69,72,0,72,141
07/12/2011,FTG,CO,ANM,WE,Federal Contract Tower,0,0,6,0,6,0,0,12,0,12,0,0,18,0,18,20,0,20,38
07/13/2011,FTG,CO,ANM,WE,Federal Contract Tower,0,0,6,0,6,0,0,53,0,53,0,0,59,0,59,92,0,92,151
07/14/2011,FTG,CO,ANM,WE,Federal Contract Tower,0,0,8,0,8,0,0,71,0,71,0,0,79,0,79,114,0,114,193
07/15/2011,FTG,CO,ANM,WE,Federal Contract Tower,0,0,12,0,12,0,0,122,0,122,0,0,134,0,134,202,0,202,336
07/16/2011,FTG,CO,ANM,WE,Federal Contract Tower,0,0,7,0,7,0,0,116,0,116,0,0,123,0,123,68,0,68,191
07/17/2011,FTG,CO,ANM,WE,Federal Contract Tower,0,0,6,1,7,0,0,78,0,78,0,0,84,1,85,113,0,113,198
07/18/2011,FTG,CO,ANM,WE,Federal Contract Tower,0,0,11,0,11,0,0,62,0,62,0,0,73,0,73,89,0,89,162
07/19/2011,FTG,CO,ANM,WE,Federal Contract Tower,0,0,9,0,9,0,0,79,0,79,0,0,88,0,88,106,0,106,194
07/20/2011,FTG,CO,ANM,WE,Federal Contract Tower,0,0,6,0,6,0,0,81,0,81,0,0,87,0,87,89,0,89,176
07/21/2011,FTG,CO,ANM,WE,Federal Contract Tower,0,0,9,0,9,0,0,66,0,66,0,0,75,0,75,98,0,98,173
07/22/2011,FTG,CO,ANM,WE,Federal Contract Tower,0,0,10,0,10,0,0,115,0,115,0,0,125,0,125,148,0,148,273
07/23/2011,FTG,CO,ANM,WE,Federal Contract Tower,0,0,5,0,5,0,0,175,0,175,0,0,180,0,180,64,0,64,244
07/24/2011,FTG,CO,ANM,WE,Federal Contract Tower,0,0,1,0,1,0,0,76,0,76,0,0,77,0,77,88,0,88,165
07/25/2011,FTG,CO,ANM,WE,Federal Contract Tower,0,0,7,0,7,0,0,94,0,94,0,0,101,0,101,60,0,60,161
07/26/2011,FTG,CO,ANM,WE,Federal Contract Tower,0,0,18,0,18,0,0,64,0,64,0,0,82,0,82,146,0,146,228
07/27/2011,FTG,CO,ANM,WE,Federal Contract Tower,0,0,2,0,2,0,0,42,0,42,0,0,44,0,44,65,0,65,109
07/28/2011,FTG,CO,ANM,WE,Federal Contract Tower,0,0,14,0,14,0,0,46,0,46,0,0,60,0,60,92,0,92,152
07/29/2011,FTG,CO,ANM,WE,Federal Contract Tower,0,0,9,0,9,0,0,101,0,101,0,0,110,0,110,94,0,94,204
07/30/2011,FTG,CO,ANM,WE,Federal Contract Tower,0,0,5,0,5,0,0,103,0,103,0,0,108,0,108,106,0,106,214
07/31/2011,FTG,CO,ANM,WE,Federal Contract Tower,0,0,7,0,7,0,0,84,0,84,0,0,91,0,91,116,0,116,207
08/01/2011,FTG,CO,ANM,WE,Federal Contract Tower,0,0,16,0,16,0,0,62,0,62,0,0,78,0,78,104,0,104,182
08/02/2011,FTG,CO,ANM,WE,Federal Contract Tower,0,0,10,0,10,0,0,60,2,62,0,0,70,2,72,74,8,82,154
08/03/2011,FTG,CO,ANM,WE,Federal Contract Tower,0,0,8,0,8,0,0,41,2,43,0,0,49,2,51,9,0,9,60
08/04/2011,FTG,CO,ANM,WE,Federal Contract Tower,0,0,4,0,4,0,0,41,0,41,0,0,45,0,45,71,0,71,116
08/05/2011,FTG,CO,ANM,WE,Federal Contract Tower,0,2,8,0,10,0,0,124,0,124,0,2,132,0,134,100,0,100,234
08/06/2011,FTG,CO,ANM,WE,Federal Contract Tower,0,0,10,0,10,0,0,185,0,185,0,0,195,0,195,36,0,36,231
08/07/2011,FTG,CO,ANM,WE,Federal Contract Tower,0,0,9,0,9,0,0,69,0,69,0,0,78,0,78,100,0,100,178
08/08/2011,FTG,CO,ANM,WE,Federal Contract Tower,0,0,11,0,11,0,0,64,0,64,0,0,75,0,75,82,0,82,157
08/09/2011,FTG,CO,ANM,WE,Federal Contract Tower,0,0,21,0,21,0,0,61,0,61,0,0,82,0,82,89,0,89,171
08/10/2011,FTG,CO,ANM,WE,Federal Contract Tower,0,0,7,0,7,0,0,78,0,78,0,0,85,0,85,36,0,36,121
08/11/2011,FTG,CO,ANM,WE,Federal Contract Tower,0,0,5,0,5,0,0,47,0,47,0,0,52,0,52,42,0,42,94
08/12/2011,FTG,CO,ANM,WE,Federal Contract Tower,0,0,5,0,5,0,0,33,0,33,0,0,38,0,38,44,0,44,82
08/13/2011,FTG,CO,ANM,WE,Federal Contract Tower,0,0,7,0,7,0,0,86,0,86,0,0,93,0,93,52,0,52,145
08/14/2011,FTG,CO,ANM,WE,Federal Contract Tower,0,0,3,0,3,0,0,65,0,65,0,0,68,0,68,26,0,26,94
08/15/2011,FTG,CO,ANM,WE,Federal Contract Tower,0,0,5,0,5,0,0,68,2,70,0,0,73,2,75,76,2,78,153
08/16/2011,FTG,CO,ANM,WE,Federal Contract Tower,0,0,2,0,2,0,0,60,0,60,0,0,62,0,62,113,0,113,175
08/17/2011,FTG,CO,ANM,WE,Federal Contract Tower,0,0,2,0,2,0,0,53,0,53,0,0,55,0,55,73,0,73,128
08/18/2011,FTG,CO,ANM,WE,Federal Contract Tower,0,0,6,0,6,0,0,52,0,52,0,0,58,0,58,125,0,125,183
08/19/2011,FTG,CO,ANM,WE,Federal Contract Tower,0,0,5,0,5,0,0,122,0,122,0,0,127,0,127,142,0,142,269
08/20/2011,FTG,CO,ANM,WE,Federal Contract Tower,0,0,5,0,5,0,0,163,0,163,0,0,168,0,168,54,0,54,222
08/21/2011,FTG,CO,ANM,WE,Federal Contract Tower,0,0,1,0,1,0,0,100,0,100,0,0,101,0,101,90,0,90,191
08/22/2011,FTG,CO,ANM,WE,Federal Contract Tower,0,0,11,0,11,0,0,77,4,81,0,0,88,4,92,60,0,60,152
08/23/2011,FTG,CO,ANM,WE,Federal Contract Tower,0,0,9,0,9,0,0,75,0,75,0,0,84,0,84,81,0,81,165
08/24/2011,FTG,CO,ANM,WE,Federal Contract Tower,0,0,6,0,6,0,0,76,0,76,0,0,82,0,82,24,0,24,106
08/25/2011,FTG,CO,ANM,WE,Federal Contract Tower,0,0,8,0,8,0,0,68,0,68,0,0,76,0,76,51,0,51,127
08/26/2011,FTG,CO,ANM,WE,Federal Contract Tower,0,0,15,0,15,0,0,142,0,142,0,0,157,0,157,102,0,102,259
08/27/2011,FTG,CO,ANM,WE,Federal Contract Tower,0,0,5,0,5,0,0,248,0,248,0,0,253,0,253,54,0,54,307
08/28/2011,FTG,CO,ANM,WE,Federal Contract Tower,0,0,3,0,3,0,0,69,0,69,0,0,72,0,72,112,0,112,184
08/29/2011,FTG,CO,ANM,WE,Federal Contract Tower,0,0,5,0,5,0,0,41,0,41,0,0,46,0,46,48,0,48,94
08/30/2011,FTG,CO,ANM,WE,Federal Contract Tower,0,0,9,0,9,0,0,64,0,64,0,0,73,0,73,50,0,50,123
08/31/2011,FTG,CO,ANM,WE,Federal Contract Tower,0,0,7,0,7,0,0,40,0,40,0,0,47,0,47,120,0,120,167
09/01/2011,FTG,CO,ANM,WE,Federal Contract Tower,0,0,8,0,8,0,0,56,0,56,0,0,64,0,64,39,0,39,103
09/02/2011,FTG,CO,ANM,WE,Federal Contract Tower,0,0,12,0,12,0,0,133,0,133,0,0,145,0,145,62,0,62,207
09/03/2011,FTG,CO,ANM,WE,Federal Contract Tower,0,0,2,0,2,0,0,88,0,88,0,0,90,0,90,102,0,102,192
09/04/2011,FTG,CO,ANM,WE,Federal Contract Tower,0,0,3,0,3,0,0,78,0,78,0,0,81,0,81,48,0,48,129
09/05/2011,FTG,CO,ANM,WE,Federal Contract Tower,0,0,2,0,2,0,0,96,0,96,0,0,98,0,98,92,0,92,190
09/06/2011,FTG,CO,ANM,WE,Federal Contract Tower,0,0,2,0,2,0,0,58,0,58,0,0,60,0,60,80,0,80,140
09/07/2011,FTG,CO,ANM,WE,Federal Contract Tower,0,0,9,0,9,0,0,19,0,19,0,0,28,0,28,43,0,43,71
09/08/2011,FTG,CO,ANM,WE,Federal Contract Tower,0,0,7,0,7,0,0,80,0,80,0,0,87,0,87,70,0,70,157
09/09/2011,FTG,CO,ANM,WE,Federal Contract Tower,0,0,19,0,19,0,0,130,0,130,0,0,149,0,149,136,0,136,285
09/10/2011,FTG,CO,ANM,WE,Federal Contract Tower,0,0,8,0,8,0,0,128,0,128,0,0,136,0,136,124,0,124,260
09/11/2011,FTG,CO,ANM,WE,Federal Contract Tower,0,0,4,0,4,0,0,65,0,65,0,0,69,0,69,166,0,166,235
09/12/2011,FTG,CO,ANM,WE,Federal Contract Tower,0,0,13,0,13,0,0,54,0,54,0,0,67,0,67,59,7,66,133
09/13/2011,FTG,CO,ANM,WE,Federal Contract Tower,0,0,6,0,6,0,0,47,0,47,0,0,53,0,53,29,0,29,82
09/14/2011,FTG,CO,ANM,WE,Federal Contract Tower,0,0,18,0,18,0,0,0,0,0,0,0,18,0,18,0,0,0,18
09/15/2011,FTG,CO,ANM,WE,Federal Contract Tower,0,0,7,0,7,0,0,30,0,30,0,0,37,0,37,80,0,80,117
09/16/2011,FTG,CO,ANM,WE,Federal Contract Tower,0,0,12,0,12,0,0,35,0,35,0,0,47,0,47,46,0,46,93
09/17/2011,FTG,CO,ANM,WE,Federal Contract Tower,0,0,7,0,7,0,0,127,0,127,0,0,134,0,134,72,0,72,206
09/18/2011,FTG,CO,ANM,WE,Federal Contract Tower,0,0,9,0,9,0,0,88,0,88,0,0,97,0,97,173,0,173,270
09/19/2011,FTG,CO,ANM,WE,Federal Contract Tower,0,0,2,0,2,0,0,94,0,94,0,0,96,0,96,14,0,14,110
09/20/2011,FTG,CO,ANM,WE,Federal Contract Tower,0,0,8,0,8,0,0,50,12,62,0,0,58,12,70,31,0,31,101
09/21/2011,FTG,CO,ANM,WE,Federal Contract Tower,0,0,10,0,10,0,0,56,4,60,0,0,66,4,70,55,0,55,125
09/22/2011,FTG,CO,ANM,WE,Federal Contract Tower,0,0,3,0,3,0,0,79,0,79,0,0,82,0,82,90,0,90,172
09/23/2011,FTG,CO,ANM,WE,Federal Contract Tower,0,1,3,0,4,0,0,88,0,88,0,1,91,0,92,86,0,86,178
09/24/2011,FTG,CO,ANM,WE,Federal Contract Tower,0,0,6,0,6,0,0,165,0,165,0,0,171,0,171,68,0,68,239
09/25/2011,FTG,CO,ANM,WE,Federal Contract Tower,0,0,11,0,11,0,0,85,0,85,0,0,96,0,96,125,0,125,221
09/26/2011,FTG,CO,ANM,WE,Federal Contract Tower,0,0,7,0,7,0,0,67,0,67,0,0,74,0,74,70,0,70,144
09/27/2011,FTG,CO,ANM,WE,Federal Contract Tower,0,0,12,0,12,0,0,31,4,35,0,0,43,4,47,60,0,60,107
09/28/2011,FTG,CO,ANM,WE,Federal Contract Tower,0,0,9,0,9,0,0,45,0,45,0,0,54,0,54,57,0,57,111
09/29/2011,FTG,CO,ANM,WE,Federal Contract Tower,0,0,4,0,4,0,0,56,0,56,0,0,60,0,60,79,18,97,157
09/30/2011,FTG,CO,ANM,WE,Federal Contract Tower,0,0,10,0,10,0,0,105,0,105,0,0,115,0,115,120,0,120,235
10/01/2011,FTG,CO,ANM,WE,Federal Contract Tower,0,0,4,0,4,0,0,112,0,112,0,0,116,0,116,55,0,55,171
10/02/2011,FTG,CO,ANM,WE,Federal Contract Tower,0,0,4,0,4,0,0,68,0,68,0,0,72,0,72,63,0,63,135
10/03/2011,FTG,CO,ANM,WE,Federal Contract Tower,0,0,1,0,1,0,0,49,0,49,0,0,50,0,50,65,0,65,115
10/04/2011,FTG,CO,ANM,WE,Federal Contract Tower,0,0,7,0,7,0,0,41,1,42,0,0,48,1,49,77,1,78,127
10/05/2011,FTG,CO,ANM,WE,Federal Contract Tower,0,0,3,0,3,0,0,41,0,41,0,0,44,0,44,56,0,56,100
10/06/2011,FTG,CO,ANM,WE,Federal Contract Tower,0,0,2,0,2,0,0,10,0,10,0,0,12,0,12,24,0,24,36
10/07/2011,FTG,CO,ANM,WE,Federal Contract Tower,0,0,8,0,8,0,0,87,0,87,0,0,95,0,95,96,0,96,191
10/08/2011,FTG,CO,ANM,WE,Federal Contract Tower,0,0,0,0,0,0,0,0,0,0,0,0,0,0,0,0,0,0,0
10/09/2011,FTG,CO,ANM,WE,Federal Contract Tower,0,0,8,0,8,0,0,58,0,58,0,0,66,0,66,87,0,87,153
10/10/2011,FTG,CO,ANM,WE,Federal Contract Tower,0,0,6,0,6,0,0,77,0,77,0,0,83,0,83,78,0,78,161
10/11/2011,FTG,CO,ANM,WE,Federal Contract Tower,0,0,3,0,3,0,0,88,0,88,0,0,91,0,91,169,0,169,260
10/12/2011,FTG,CO,ANM,WE,Federal Contract Tower,0,0,1,0,1,0,0,37,0,37,0,0,38,0,38,94,0,94,132
10/13/2011,FTG,CO,ANM,WE,Federal Contract Tower,0,0,6,0,6,0,0,86,0,86,0,0,92,0,92,97,0,97,189
10/14/2011,FTG,CO,ANM,WE,Federal Contract Tower,0,0,9,0,9,0,0,122,0,122,0,0,131,0,131,132,0,132,263
10/15/2011,FTG,CO,ANM,WE,Federal Contract Tower,0,0,3,0,3,0,0,117,0,117,0,0,120,0,120,94,0,94,214
10/16/2011,FTG,CO,ANM,WE,Federal Contract Tower,0,0,9,0,9,0,0,78,13,91,0,0,87,13,100,34,8,42,142
10/17/2011,FTG,CO,ANM,WE,Federal Contract Tower,0,0,10,0,10,0,0,12,0,12,0,0,22,0,22,8,0,8,30
10/18/2011,FTG,CO,ANM,WE,Federal Contract Tower,0,0,4,0,4,0,0,51,0,51,0,0,55,0,55,79,0,79,134
10/19/2011,FTG,CO,ANM,WE,Federal Contract Tower,0,0,7,0,7,0,0,69,0,69,0,0,76,0,76,119,2,121,197
10/20/2011,FTG,CO,ANM,WE,Federal Contract Tower,0,0,10,0,10,0,0,56,0,56,0,0,66,0,66,80,0,80,146
10/21/2011,FTG,CO,ANM,WE,Federal Contract Tower,0,1,9,0,10,0,0,151,0,151,0,1,160,0,161,167,0,167,328
10/22/2011,FTG,CO,ANM,WE,Federal Contract Tower,0,0,8,0,8,0,0,139,0,139,0,0,147,0,147,136,0,136,283
10/23/2011,FTG,CO,ANM,WE,Federal Contract Tower,0,1,1,0,2,0,0,92,0,92,0,1,93,0,94,75,0,75,169
10/24/2011,FTG,CO,ANM,WE,Federal Contract Tower,0,0,7,0,7,0,0,77,0,77,0,0,84,0,84,99,0,99,183
10/25/2011,FTG,CO,ANM,WE,Federal Contract Tower,0,0,1,0,1,0,0,13,0,13,0,0,14,0,14,68,0,68,82
10/26/2011,FTG,CO,ANM,WE,Federal Contract Tower,0,0,1,0,1,0,0,0,0,0,0,0,1,0,1,0,0,0,1
10/27/2011,FTG,CO,ANM,WE,Federal Contract Tower,0,1,6,0,7,0,0,33,0,33,0,1,39,0,40,40,0,40,80
10/28/2011,FTG,CO,ANM,WE,Federal Contract Tower,0,0,9,0,9,0,0,132,0,132,0,0,141,0,141,170,0,170,311
10/29/2011,FTG,CO,ANM,WE,Federal Contract Tower,0,0,5,0,5,0,0,185,0,185,0,0,190,0,190,120,0,120,310
10/30/2011,FTG,CO,ANM,WE,Federal Contract Tower,0,0,3,0,3,0,0,92,0,92,0,0,95,0,95,145,0,145,240
10/31/2011,FTG,CO,ANM,WE,Federal Contract Tower,0,1,4,0,5,0,0,75,0,75,0,1,79,0,80,49,0,49,129
11/01/2011,FTG,CO,ANM,WE,Federal Contract Tower,0,0,1,0,1,0,0,43,0,43,0,0,44,0,44,68,0,68,112
11/02/2011,FTG,CO,ANM,WE,Federal Contract Tower,0,0,2,0,2,0,0,4,0,4,0,0,6,0,6,0,0,0,6
11/03/2011,FTG,CO,ANM,WE,Federal Contract Tower,0,0,6,0,6,0,0,61,0,61,0,0,67,0,67,80,0,80,147
11/04/2011,FTG,CO,ANM,WE,Federal Contract Tower,0,0,2,0,2,0,0,87,0,87,0,0,89,0,89,104,0,104,193
11/05/2011,FTG,CO,ANM,WE,Federal Contract Tower,0,0,2,0,2,0,0,127,0,127,0,0,129,0,129,48,0,48,177
11/06/2011,FTG,CO,ANM,WE,Federal Contract Tower,0,0,3,0,3,0,0,121,0,121,0,0,124,0,124,195,0,195,319
11/07/2011,FTG,CO,ANM,WE,Federal Contract Tower,0,0,7,0,7,0,0,38,0,38,0,0,45,0,45,32,0,32,77
11/08/2011,FTG,CO,ANM,WE,Federal Contract Tower,0,0,7,0,7,0,0,28,0,28,0,0,35,0,35,56,0,56,91
11/09/2011,FTG,CO,ANM,WE,Federal Contract Tower,0,0,7,0,7,0,0,68,0,68,0,0,75,0,75,131,8,139,214
11/10/2011,FTG,CO,ANM,WE,Federal Contract Tower,0,0,7,0,7,0,0,63,0,63,0,0,70,0,70,110,10,120,190
11/11/2011,FTG,CO,ANM,WE,Federal Contract Tower,0,0,6,0,6,0,0,140,0,140,0,0,146,0,146,126,0,126,272
11/12/2011,FTG,CO,ANM,WE,Federal Contract Tower,0,0,3,0,3,0,0,47,0,47,0,0,50,0,50,16,0,16,66
11/13/2011,FTG,CO,ANM,WE,Federal Contract Tower,0,0,3,0,3,0,0,50,0,50,0,0,53,0,53,88,0,88,141
11/14/2011,FTG,CO,ANM,WE,Federal Contract Tower,0,0,4,0,4,0,0,36,0,36,0,0,40,0,40,19,0,19,59
11/15/2011,FTG,CO,ANM,WE,Federal Contract Tower,0,0,6,0,6,0,0,45,0,45,0,0,51,0,51,50,16,66,117
11/16/2011,FTG,CO,ANM,WE,Federal Contract Tower,0,0,3,0,3,0,0,45,0,45,0,0,48,0,48,48,0,48,96
11/17/2011,FTG,CO,ANM,WE,Federal Contract Tower,0,0,9,0,9,0,0,53,0,53,0,0,62,0,62,76,0,76,138
11/18/2011,FTG,CO,ANM,WE,Federal Contract Tower,0,0,2,0,2,0,0,106,8,114,0,0,108,8,116,96,12,108,224
11/19/2011,FTG,CO,ANM,WE,Federal Contract Tower,0,1,2,0,3,0,0,99,0,99,0,1,101,0,102,153,0,153,255
11/20/2011,FTG,CO,ANM,WE,Federal Contract Tower,0,0,2,0,2,0,0,75,0,75,0,0,77,0,77,139,0,139,216
11/21/2011,FTG,CO,ANM,WE,Federal Contract Tower,0,0,12,0,12,0,0,118,0,118,0,0,130,0,130,194,0,194,324
11/22/2011,FTG,CO,ANM,WE,Federal Contract Tower,0,1,9,0,10,0,0,56,0,56,0,1,65,0,66,82,0,82,148
11/23/2011,FTG,CO,ANM,WE,Federal Contract Tower,0,0,10,0,10,0,0,60,0,60,0,0,70,0,70,148,13,161,231
11/24/2011,FTG,CO,ANM,WE,Federal Contract Tower,0,0,2,0,2,0,0,29,0,29,0,0,31,0,31,49,0,49,80
11/25/2011,FTG,CO,ANM,WE,Federal Contract Tower,0,0,3,0,3,0,0,93,0,93,0,0,96,0,96,128,0,128,224
11/26/2011,FTG,CO,ANM,WE,Federal Contract Tower,0,0,11,0,11,0,0,41,0,41,0,0,52,0,52,11,0,11,63
11/27/2011,FTG,CO,ANM,WE,Federal Contract Tower,0,0,7,0,7,0,0,118,0,118,0,0,125,0,125,58,0,58,183
11/28/2011,FTG,CO,ANM,WE,Federal Contract Tower,0,0,8,0,8,0,0,42,0,42,0,0,50,0,50,67,0,67,117
11/29/2011,FTG,CO,ANM,WE,Federal Contract Tower,0,0,3,0,3,0,0,70,0,70,0,0,73,0,73,104,6,110,183
11/30/2011,FTG,CO,ANM,WE,Federal Contract Tower,0,0,3,0,3,0,0,61,0,61,0,0,64,0,64,138,0,138,202
12/01/2011,FTG,CO,ANM,WE,Federal Contract Tower,0,0,7,0,7,0,0,0,0,0,0,0,7,0,7,0,0,0,7
12/02/2011,FTG,CO,ANM,WE,Federal Contract Tower,0,0,3,0,3,0,0,63,2,65,0,0,66,2,68,65,6,71,139
12/03/2011,FTG,CO,ANM,WE,Federal Contract Tower,0,1,0,0,1,0,0,2,0,2,0,1,2,0,3,0,0,0,3
12/04/2011,FTG,CO,ANM,WE,Federal Contract Tower,0,0,8,0,8,0,2,19,0,21,0,2,27,0,29,41,0,41,70
12/05/2011,FTG,CO,ANM,WE,Federal Contract Tower,0,0,6,0,6,0,0,6,0,6,0,0,12,0,12,10,0,10,22
12/06/2011,FTG,CO,ANM,WE,Federal Contract Tower,0,0,2,0,2,0,0,22,0,22,0,0,24,0,24,34,0,34,58
12/07/2011,FTG,CO,ANM,WE,Federal Contract Tower,0,0,5,0,5,0,0,40,0,40,0,0,45,0,45,75,0,75,120
12/08/2011,FTG,CO,ANM,WE,Federal Contract Tower,0,0,1,0,1,0,0,35,10,45,0,0,36,10,46,47,0,47,93
12/09/2011,FTG,CO,ANM,WE,Federal Contract Tower,0,0,6,0,6,0,0,123,0,123,0,0,129,0,129,148,0,148,277
12/10/2011,FTG,CO,ANM,WE,Federal Contract Tower,0,0,7,0,7,0,0,110,0,110,0,0,117,0,117,89,0,89,206
12/11/2011,FTG,CO,ANM,WE,Federal Contract Tower,0,0,12,0,12,0,0,107,0,107,0,0,119,0,119,80,0,80,199
12/12/2011,FTG,CO,ANM,WE,Federal Contract Tower,0,0,2,0,2,0,0,24,2,26,0,0,26,2,28,26,26,52,80
12/13/2011,FTG,CO,ANM,WE,Federal Contract Tower,0,0,6,0,6,0,0,23,0,23,0,0,29,0,29,20,0,20,49
12/14/2011,FTG,CO,ANM,WE,Federal Contract Tower,0,0,0,3,3,0,0,51,0,51,0,0,51,3,54,51,0,51,105
12/15/2011,FTG,CO,ANM,WE,Federal Contract Tower,0,0,6,0,6,0,0,52,0,52,0,0,58,0,58,41,0,41,99
12/16/2011,FTG,CO,ANM,WE,Federal Contract Tower,0,0,10,0,10,0,0,108,0,108,0,0,118,0,118,165,0,165,283
12/17/2011,FTG,CO,ANM,WE,Federal Contract Tower,0,0,6,0,6,0,0,149,0,149,0,0,155,0,155,127,0,127,282
12/18/2011,FTG,CO,ANM,WE,Federal Contract Tower,0,0,6,0,6,0,0,86,0,86,0,0,92,0,92,101,2,103,195
12/19/2011,FTG,CO,ANM,WE,Federal Contract Tower,0,0,5,0,5,0,0,0,0,0,0,0,5,0,5,0,0,0,5
12/20/2011,FTG,CO,ANM,WE,Federal Contract Tower,0,3,4,0,7,0,2,39,0,41,0,5,43,0,48,89,0,89,137
12/21/2011,FTG,CO,ANM,WE,Federal Contract Tower,0,0,16,0,16,0,0,41,7,48,0,0,57,7,64,31,0,31,95
12/22/2011,FTG,CO,ANM,WE,Federal Contract Tower,0,0,3,0,3,0,0,1,0,1,0,0,4,0,4,0,0,0,4
12/23/2011,FTG,CO,ANM,WE,Federal Contract Tower,0,0,11,0,11,0,0,85,0,85,0,0,96,0,96,100,0,100,196
12/24/2011,FTG,CO,ANM,WE,Federal Contract Tower,0,0,6,0,6,0,0,43,0,43,0,0,49,0,49,73,0,73,122
12/25/2011,FTG,CO,ANM,WE,Federal Contract Tower,0,0,1,0,1,0,0,14,0,14,0,0,15,0,15,0,0,0,15
12/26/2011,FTG,CO,ANM,WE,Federal Contract Tower,0,0,7,0,7,0,0,100,0,100,0,0,107,0,107,123,0,123,230
12/27/2011,FTG,CO,ANM,WE,Federal Contract Tower,0,4,10,0,14,0,0,38,0,38,0,4,48,0,52,90,0,90,142
12/28/2011,FTG,CO,ANM,WE,Federal Contract Tower,0,0,5,0,5,0,0,39,0,39,0,0,44,0,44,59,0,59,103
12/29/2011,FTG,CO,ANM,WE,Federal Contract Tower,0,0,3,0,3,0,0,33,0,33,0,0,36,0,36,45,0,45,81
12/30/2011,FTG,CO,ANM,WE,Federal Contract Tower,0,0,11,0,11,0,0,141,0,141,0,0,152,0,152,88,0,88,240
12/31/2011,FTG,CO,ANM,WE,Federal Contract Tower,0,1,8,0,9,0,0,5,0,5,0,1,13,0,14,0,0,0,14
01/01/2012,FTG,CO,ANM,WE,Federal Contract Tower,0,0,8,0,8,0,0,57,0,57,0,0,65,0,65,58,0,58,123
01/02/2012,FTG,CO,ANM,WE,Federal Contract Tower,0,4,10,0,14,0,0,114,0,114,0,4,124,0,128,162,0,162,290
01/03/2012,FTG,CO,ANM,WE,Federal Contract Tower,0,0,7,0,7,0,0,32,0,32,0,0,39,0,39,32,0,32,71
01/04/2012,FTG,CO,ANM,WE,Federal Contract Tower,0,0,6,0,6,0,0,81,0,81,0,0,87,0,87,83,7,90,177
01/05/2012,FTG,CO,ANM,WE,Federal Contract Tower,0,0,6,0,6,0,0,65,21,86,0,0,71,21,92,107,0,107,199
01/06/2012,FTG,CO,ANM,WE,Federal Contract Tower,0,0,12,0,12,0,0,114,0,114,0,0,126,0,126,140,0,140,266
01/07/2012,FTG,CO,ANM,WE,Federal Contract Tower,0,0,3,0,3,0,0,85,6,91,0,0,88,6,94,64,0,64,158
01/08/2012,FTG,CO,ANM,WE,Federal Contract Tower,0,0,7,0,7,0,0,24,0,24,0,0,31,0,31,11,0,11,42
01/09/2012,FTG,CO,ANM,WE,Federal Contract Tower,0,0,5,0,5,0,0,39,0,39,0,0,44,0,44,75,0,75,119
01/10/2012,FTG,CO,ANM,WE,Federal Contract Tower,0,0,18,0,18,0,0,78,0,78,0,0,96,0,96,83,0,83,179
01/11/2012,FTG,CO,ANM,WE,Federal Contract Tower,0,0,4,0,4,0,0,0,0,0,0,0,4,0,4,0,0,0,4
01/12/2012,FTG,CO,ANM,WE,Federal Contract Tower,0,0,4,0,4,0,0,29,0,29,0,0,33,0,33,41,0,41,74
01/13/2012,FTG,CO,ANM,WE,Federal Contract Tower,0,3,5,0,8,0,1,101,0,102,0,4,106,0,110,102,0,102,212
01/14/2012,FTG,CO,ANM,WE,Federal Contract Tower,0,0,11,0,11,0,0,130,0,130,0,0,141,0,141,140,0,140,281
01/15/2012,FTG,CO,ANM,WE,Federal Contract Tower,0,0,13,0,13,0,0,102,0,102,0,0,115,0,115,109,0,109,224
01/16/2012,FTG,CO,ANM,WE,Federal Contract Tower,0,0,1,0,1,0,0,22,0,22,0,0,23,0,23,18,0,18,41
01/17/2012,FTG,CO,ANM,WE,Federal Contract Tower,0,0,3,0,3,0,0,46,0,46,0,0,49,0,49,65,0,65,114
01/18/2012,FTG,CO,ANM,WE,Federal Contract Tower,0,0,2,0,2,0,0,38,0,38,0,0,40,0,40,47,0,47,87
01/19/2012,FTG,CO,ANM,WE,Federal Contract Tower,0,0,8,0,8,0,0,68,0,68,0,0,76,0,76,34,0,34,110
01/20/2012,FTG,CO,ANM,WE,Federal Contract Tower,0,1,15,0,16,0,0,62,0,62,0,1,77,0,78,82,0,82,160
01/21/2012,FTG,CO,ANM,WE,Federal Contract Tower,0,0,2,0,2,0,0,59,0,59,0,0,61,0,61,52,2,54,115
01/22/2012,FTG,CO,ANM,WE,Federal Contract Tower,0,0,5,0,5,0,0,10,0,10,0,0,15,0,15,5,0,5,20
01/23/2012,FTG,CO,ANM,WE,Federal Contract Tower,0,0,10,0,10,0,0,64,0,64,0,0,74,0,74,106,0,106,180
01/24/2012,FTG,CO,ANM,WE,Federal Contract Tower,0,0,1,0,1,0,0,6,0,6,0,0,7,0,7,9,0,9,16
01/25/2012,FTG,CO,ANM,WE,Federal Contract Tower,0,0,15,0,15,0,0,62,2,64,0,0,77,2,79,88,2,90,169
01/26/2012,FTG,CO,ANM,WE,Federal Contract Tower,0,2,6,0,8,0,0,61,0,61,0,2,67,0,69,114,0,114,183
01/27/2012,FTG,CO,ANM,WE,Federal Contract Tower,0,2,8,1,11,0,0,26,1,27,0,2,34,2,38,0,0,0,38
01/28/2012,FTG,CO,ANM,WE,Federal Contract Tower,0,0,1,0,1,0,0,177,0,177,0,0,178,0,178,118,0,118,296
01/29/2012,FTG,CO,ANM,WE,Federal Contract Tower,0,0,8,0,8,0,0,63,0,63,0,0,71,0,71,84,0,84,155
01/30/2012,FTG,CO,ANM,WE,Federal Contract Tower,0,0,1,0,1,0,0,63,0,63,0,0,64,0,64,75,0,75,139
01/31/2012,FTG,CO,ANM,WE,Federal Contract Tower,0,0,4,0,4,0,0,50,0,50,0,0,54,0,54,44,0,44,98
02/01/2012,FTG,CO,ANM,WE,Federal Contract Tower,0,0,12,0,12,0,0,59,0,59,0,0,71,0,71,98,2,100,171
02/02/2012,FTG,CO,ANM,WE,Federal Contract Tower,0,0,2,0,2,0,0,28,0,28,0,0,30,0,30,54,0,54,84
02/03/2012,FTG,CO,ANM,WE,Federal Contract Tower,0,0,0,0,0,0,0,0,0,0,0,0,0,0,0,0,0,0,0
02/04/2012,FTG,CO,ANM,WE,Federal Contract Tower,0,0,8,0,8,0,0,4,0,4,0,0,12,0,12,6,0,6,18
02/05/2012,FTG,CO,ANM,WE,Federal Contract Tower,0,0,5,0,5,0,0,43,0,43,0,0,48,0,48,44,0,44,92
02/06/2012,FTG,CO,ANM,WE,Federal Contract Tower,0,0,4,0,4,0,0,33,0,33,0,0,37,0,37,94,0,94,131
02/07/2012,FTG,CO,ANM,WE,Federal Contract Tower,0,2,6,0,8,0,0,13,0,13,0,2,19,0,21,0,0,0,21
02/08/2012,FTG,CO,ANM,WE,Federal Contract Tower,0,0,6,0,6,0,0,49,0,49,0,0,55,0,55,47,0,47,102
02/09/2012,FTG,CO,ANM,WE,Federal Contract Tower,0,0,10,0,10,0,0,58,0,58,0,0,68,0,68,109,0,109,177
02/10/2012,FTG,CO,ANM,WE,Federal Contract Tower,0,0,14,0,14,0,0,83,0,83,0,0,97,0,97,69,0,69,166
02/11/2012,FTG,CO,ANM,WE,Federal Contract Tower,0,0,2,0,2,0,0,24,0,24,0,0,26,0,26,30,1,31,57
02/12/2012,FTG,CO,ANM,WE,Federal Contract Tower,0,0,6,0,6,0,0,25,0,25,0,0,31,0,31,140,0,140,171
02/13/2012,FTG,CO,ANM,WE,Federal Contract Tower,0,0,6,6,12,0,0,31,0,31,0,0,37,6,43,32,0,32,75
02/14/2012,FTG,CO,ANM,WE,Federal Contract Tower,0,0,1,8,9,0,0,49,0,49,0,0,50,8,58,75,0,75,133
02/15/2012,FTG,CO,ANM,WE,Federal Contract Tower,0,0,8,1,9,0,0,10,0,10,0,0,18,1,19,21,3,24,43
02/16/2012,FTG,CO,ANM,WE,Federal Contract Tower,0,1,12,0,13,0,0,54,0,54,0,1,66,0,67,41,0,41,108
02/17/2012,FTG,CO,ANM,WE,Federal Contract Tower,0,0,9,1,10,0,0,81,2,83,0,0,90,3,93,90,6,96,189
02/18/2012,FTG,CO,ANM,WE,Federal Contract Tower,0,2,11,0,13,0,0,116,0,116,0,2,127,0,129,176,0,176,305
02/19/2012,FTG,CO,ANM,WE,Federal Contract Tower,0,0,4,0,4,0,0,68,0,68,0,0,72,0,72,85,0,85,157
02/20/2012,FTG,CO,ANM,WE,Federal Contract Tower,0,0,5,0,5,0,0,3,0,3,0,0,8,0,8,4,0,4,12
02/21/2012,FTG,CO,ANM,WE,Federal Contract Tower,0,0,4,0,4,0,0,37,0,37,0,0,41,0,41,83,0,83,124
02/22/2012,FTG,CO,ANM,WE,Federal Contract Tower,0,0,3,0,3,0,0,9,0,9,0,0,12,0,12,4,0,4,16
02/23/2012,FTG,CO,ANM,WE,Federal Contract Tower,0,0,4,0,4,0,0,2,0,2,0,0,6,0,6,0,0,0,6
02/24/2012,FTG,CO,ANM,WE,Federal Contract Tower,0,0,16,6,22,0,0,113,0,113,0,0,129,6,135,178,0,178,313
02/25/2012,FTG,CO,ANM,WE,Federal Contract Tower,0,0,8,4,12,0,0,215,0,215,0,0,223,4,227,45,0,45,272
02/26/2012,FTG,CO,ANM,WE,Federal Contract Tower,0,0,12,0,12,0,0,16,0,16,0,0,28,0,28,13,0,13,41
02/27/2012,FTG,CO,ANM,WE,Federal Contract Tower,0,0,6,0,6,0,0,8,0,8,0,0,14,0,14,4,0,4,18
02/28/2012,FTG,CO,ANM,WE,Federal Contract Tower,0,0,4,0,4,0,0,5,0,5,0,0,9,0,9,0,0,0,9
02/29/2012,FTG,CO,ANM,WE,Federal Contract Tower,0,0,1,0,1,0,0,63,0,63,0,0,64,0,64,135,0,135,199
03/01/2012,FTG,CO,ANM,WE,Federal Contract Tower,0,0,10,0,10,0,0,28,0,28,0,0,38,0,38,58,0,58,96
03/02/2012,FTG,CO,ANM,WE,Federal Contract Tower,0,0,0,0,0,0,0,54,0,54,0,0,54,0,54,23,0,23,77
03/03/2012,FTG,CO,ANM,WE,Federal Contract Tower,0,0,9,0,9,0,0,89,0,89,0,0,98,0,98,23,0,23,121
03/04/2012,FTG,CO,ANM,WE,Federal Contract Tower,0,0,17,0,17,0,0,87,0,87,0,0,104,0,104,124,0,124,228
03/05/2012,FTG,CO,ANM,WE,Federal Contract Tower,0,0,1,0,1,0,0,108,0,108,0,0,109,0,109,104,0,104,213
03/06/2012,FTG,CO,ANM,WE,Federal Contract Tower,0,0,2,0,2,0,0,67,0,67,0,0,69,0,69,47,0,47,116
03/07/2012,FTG,CO,ANM,WE,Federal Contract Tower,0,1,2,0,3,0,0,0,0,0,0,1,2,0,3,0,0,0,3
03/08/2012,FTG,CO,ANM,WE,Federal Contract Tower,0,0,12,0,12,0,0,67,0,67,0,0,79,0,79,96,0,96,175
03/09/2012,FTG,CO,ANM,WE,Federal Contract Tower,0,0,2,0,2,0,0,108,0,108,0,0,110,0,110,160,0,160,270
03/10/2012,FTG,CO,ANM,WE,Federal Contract Tower,0,0,12,0,12,0,0,123,0,123,0,0,135,0,135,114,0,114,249
03/11/2012,FTG,CO,ANM,WE,Federal Contract Tower,0,2,12,0,14,0,0,74,0,74,0,2,86,0,88,134,0,134,222
03/12/2012,FTG,CO,ANM,WE,Federal Contract Tower,0,1,14,0,15,0,0,95,4,99,0,1,109,4,114,64,8,72,186
03/13/2012,FTG,CO,ANM,WE,Federal Contract Tower,0,0,14,1,15,0,0,77,0,77,0,0,91,1,92,68,0,68,160
03/14/2012,FTG,CO,ANM,WE,Federal Contract Tower,0,0,14,0,14,0,0,68,2,70,0,0,82,2,84,54,10,64,148
03/15/2012,FTG,CO,ANM,WE,Federal Contract Tower,0,0,4,0,4,0,0,74,0,74,0,0,78,0,78,140,0,140,218
03/16/2012,FTG,CO,ANM,WE,Federal Contract Tower,0,0,9,0,9,0,0,115,2,117,0,0,124,2,126,194,0,194,320
03/17/2012,FTG,CO,ANM,WE,Federal Contract Tower,0,5,12,0,17,0,6,116,2,124,0,11,128,2,141,42,0,42,183
03/18/2012,FTG,CO,ANM,WE,Federal Contract Tower,0,1,8,0,9,0,0,14,0,14,0,1,22,0,23,4,0,4,27
03/19/2012,FTG,CO,ANM,WE,Federal Contract Tower,0,0,13,0,13,0,0,28,0,28,0,0,41,0,41,78,0,78,119
03/20/2012,FTG,CO,ANM,WE,Federal Contract Tower,0,0,4,0,4,0,0,34,0,34,0,0,38,0,38,60,0,60,98
03/21/2012,FTG,CO,ANM,WE,Federal Contract Tower,0,0,1,0,1,0,0,41,0,41,0,0,42,0,42,59,21,80,122
03/22/2012,FTG,CO,ANM,WE,Federal Contract Tower,0,0,8,0,8,0,0,53,0,53,0,0,61,0,61,61,0,61,122
03/23/2012,FTG,CO,ANM,WE,Federal Contract Tower,0,0,5,0,5,0,0,105,0,105,0,0,110,0,110,83,0,83,193
03/24/2012,FTG,CO,ANM,WE,Federal Contract Tower,0,0,18,0,18,0,0,153,0,153,0,0,171,0,171,156,0,156,327
03/25/2012,FTG,CO,ANM,WE,Federal Contract Tower,0,0,7,0,7,0,0,73,0,73,0,0,80,0,80,90,0,90,170
03/26/2012,FTG,CO,ANM,WE,Federal Contract Tower,0,0,3,0,3,0,0,19,0,19,0,0,22,0,22,8,0,8,30
03/27/2012,FTG,CO,ANM,WE,Federal Contract Tower,0,0,1,0,1,0,0,27,0,27,0,0,28,0,28,57,0,57,85
03/28/2012,FTG,CO,ANM,WE,Federal Contract Tower,0,0,2,0,2,0,0,58,0,58,0,0,60,0,60,109,0,109,169
03/29/2012,FTG,CO,ANM,WE,Federal Contract Tower,0,0,12,0,12,0,0,64,0,64,0,0,76,0,76,75,0,75,151
03/30/2012,FTG,CO,ANM,WE,Federal Contract Tower,0,0,16,0,16,0,0,147,2,149,0,0,163,2,165,231,6,237,402
03/31/2012,FTG,CO,ANM,WE,Federal Contract Tower,0,1,6,0,7,0,0,91,0,91,0,1,97,0,98,168,0,168,266
04/01/2012,FTG,CO,ANM,WE,Federal Contract Tower,0,0,3,0,3,0,0,49,0,49,0,0,52,0,52,67,0,67,119
04/02/2012,FTG,CO,ANM,WE,Federal Contract Tower,0,0,0,0,0,0,0,1,0,1,0,0,1,0,1,0,0,0,1
04/03/2012,FTG,CO,ANM,WE,Federal Contract Tower,0,0,2,0,2,0,0,0,0,0,0,0,2,0,2,0,0,0,2
04/04/2012,FTG,CO,ANM,WE,Federal Contract Tower,0,0,8,0,8,0,0,49,0,49,0,0,57,0,57,147,0,147,204
04/05/2012,FTG,CO,ANM,WE,Federal Contract Tower,0,0,7,0,7,0,0,77,0,77,0,0,84,0,84,114,0,114,198
04/06/2012,FTG,CO,ANM,WE,Federal Contract Tower,0,0,4,0,4,0,0,59,0,59,0,0,63,0,63,8,0,8,71
04/07/2012,FTG,CO,ANM,WE,Federal Contract Tower,0,0,9,0,9,0,0,139,0,139,0,0,148,0,148,110,0,110,258
04/08/2012,FTG,CO,ANM,WE,Federal Contract Tower,0,0,2,0,2,0,0,63,0,63,0,0,65,0,65,71,0,71,136
04/09/2012,FTG,CO,ANM,WE,Federal Contract Tower,0,0,6,0,6,0,0,89,0,89,0,0,95,0,95,96,0,96,191
04/10/2012,FTG,CO,ANM,WE,Federal Contract Tower,0,0,6,0,6,0,0,62,0,62,0,0,68,0,68,105,0,105,173
04/11/2012,FTG,CO,ANM,WE,Federal Contract Tower,0,0,6,1,7,0,0,14,2,16,0,0,20,3,23,12,12,24,47
04/12/2012,FTG,CO,ANM,WE,Federal Contract Tower,0,0,5,0,5,0,0,81,0,81,0,0,86,0,86,78,0,78,164
04/13/2012,FTG,CO,ANM,WE,Federal Contract Tower,0,3,4,0,7,0,0,57,19,76,0,3,61,19,83,58,0,58,141
04/14/2012,FTG,CO,ANM,WE,Federal Contract Tower,0,0,3,2,5,0,0,69,0,69,0,0,72,2,74,68,0,68,142
04/15/2012,FTG,CO,ANM,WE,Federal Contract Tower,0,0,1,0,1,0,0,0,10,10,0,0,1,10,11,0,0,0,11
04/16/2012,FTG,CO,ANM,WE,Federal Contract Tower,0,0,14,0,14,0,0,64,0,64,0,0,78,0,78,69,0,69,147
04/17/2012,FTG,CO,ANM,WE,Federal Contract Tower,0,0,4,0,4,0,0,76,0,76,0,0,80,0,80,109,0,109,189
04/18/2012,FTG,CO,ANM,WE,Federal Contract Tower,0,0,3,0,3,0,0,54,0,54,0,0,57,0,57,120,0,120,177
04/19/2012,FTG,CO,ANM,WE,Federal Contract Tower,0,0,21,0,21,0,0,63,0,63,0,0,84,0,84,98,0,98,182
04/20/2012,FTG,CO,ANM,WE,Federal Contract Tower,0,0,3,0,3,0,0,76,2,78,0,0,79,2,81,158,2,160,241
04/21/2012,FTG,CO,ANM,WE,Federal Contract Tower,0,0,7,0,7,0,0,116,0,116,0,0,123,0,123,28,0,28,151
04/22/2012,FTG,CO,ANM,WE,Federal Contract Tower,0,0,6,0,6,0,0,118,0,118,0,0,124,0,124,146,0,146,270
04/23/2012,FTG,CO,ANM,WE,Federal Contract Tower,0,0,9,0,9,0,0,103,0,103,0,0,112,0,112,166,0,166,278
04/24/2012,FTG,CO,ANM,WE,Federal Contract Tower,0,0,7,0,7,0,0,30,0,30,0,0,37,0,37,42,0,42,79
04/25/2012,FTG,CO,ANM,WE,Federal Contract Tower,0,0,7,0,7,0,0,52,0,52,0,0,59,0,59,65,0,65,124
04/26/2012,FTG,CO,ANM,WE,Federal Contract Tower,0,0,9,0,9,0,0,40,0,40,0,0,49,0,49,69,0,69,118
04/27/2012,FTG,CO,ANM,WE,Federal Contract Tower,0,0,13,0,13,0,0,31,2,33,0,0,44,2,46,24,4,28,74
04/28/2012,FTG,CO,ANM,WE,Federal Contract Tower,0,0,0,0,0,0,0,179,0,179,0,0,179,0,179,90,0,90,269
04/29/2012,FTG,CO,ANM,WE,Federal Contract Tower,0,0,8,0,8,0,0,102,0,102,0,0,110,0,110,160,0,160,270
04/30/2012,FTG,CO,ANM,WE,Federal Contract Tower,0,0,5,0,5,0,0,60,0,60,0,0,65,0,65,104,0,104,169
05/01/2012,FTG,CO,ANM,WE,Federal Contract Tower,0,0,1,2,3,0,0,52,3,55,0,0,53,5,58,49,6,55,113
05/02/2012,FTG,CO,ANM,WE,Federal Contract Tower,0,0,17,0,17,0,0,35,2,37,0,0,52,2,54,45,8,53,107
05/03/2012,FTG,CO,ANM,WE,Federal Contract Tower,0,0,3,0,3,0,0,40,0,40,0,0,43,0,43,34,0,34,77
05/04/2012,FTG,CO,ANM,WE,Federal Contract Tower,0,0,5,0,5,0,0,97,0,97,0,0,102,0,102,91,0,91,193
05/05/2012,FTG,CO,ANM,WE,Federal Contract Tower,0,0,9,0,9,0,0,120,0,120,0,0,129,0,129,66,0,66,195
05/06/2012,FTG,CO,ANM,WE,Federal Contract Tower,0,1,24,0,25,0,0,79,0,79,0,1,103,0,104,110,0,110,214
05/07/2012,FTG,CO,ANM,WE,Federal Contract Tower,0,0,6,0,6,0,0,17,0,17,0,0,23,0,23,22,0,22,45
05/08/2012,FTG,CO,ANM,WE,Federal Contract Tower,0,0,2,0,2,0,0,60,0,60,0,0,62,0,62,80,0,80,142
05/09/2012,FTG,CO,ANM,WE,Federal Contract Tower,0,0,8,0,8,0,0,78,2,80,0,0,86,2,88,98,4,102,190
05/10/2012,FTG,CO,ANM,WE,Federal Contract Tower,0,1,11,0,12,0,0,84,0,84,0,1,95,0,96,96,0,96,192
05/11/2012,FTG,CO,ANM,WE,Federal Contract Tower,0,0,6,0,6,0,0,41,0,41,0,0,47,0,47,40,0,40,87
05/12/2012,FTG,CO,ANM,WE,Federal Contract Tower,0,0,10,0,10,0,0,48,0,48,0,0,58,0,58,0,0,0,58
05/13/2012,FTG,CO,ANM,WE,Federal Contract Tower,0,0,13,0,13,0,0,25,0,25,0,0,38,0,38,40,0,40,78
05/14/2012,FTG,CO,ANM,WE,Federal Contract Tower,0,0,22,0,22,0,0,83,0,83,0,0,105,0,105,126,0,126,231
05/15/2012,FTG,CO,ANM,WE,Federal Contract Tower,0,0,21,0,21,0,0,75,0,75,0,0,96,0,96,223,0,223,319
05/16/2012,FTG,CO,ANM,WE,Federal Contract Tower,0,0,16,0,16,0,0,64,0,64,0,0,80,0,80,114,0,114,194
05/17/2012,FTG,CO,ANM,WE,Federal Contract Tower,0,0,27,0,27,0,0,73,0,73,0,0,100,0,100,111,0,111,211
05/18/2012,FTG,CO,ANM,WE,Federal Contract Tower,0,0,15,0,15,0,0,109,2,111,0,0,124,2,126,161,4,165,291
05/19/2012,FTG,CO,ANM,WE,Federal Contract Tower,0,0,10,0,10,0,0,18,0,18,0,0,28,0,28,56,0,56,84
05/20/2012,FTG,CO,ANM,WE,Federal Contract Tower,0,0,23,0,23,0,0,192,0,192,0,0,215,0,215,152,0,152,367
05/21/2012,FTG,CO,ANM,WE,Federal Contract Tower,0,0,13,0,13,0,0,99,0,99,0,0,112,0,112,146,0,146,258
05/22/2012,FTG,CO,ANM,WE,Federal Contract Tower,0,0,14,0,14,0,0,65,2,67,0,0,79,2,81,167,0,167,248
05/23/2012,FTG,CO,ANM,WE,Federal Contract Tower,0,0,9,0,9,0,18,0,0,18,0,18,9,0,27,44,0,44,71
05/24/2012,FTG,CO,ANM,WE,Federal Contract Tower,0,0,8,0,8,0,0,79,0,79,0,0,87,0,87,185,0,185,272
05/25/2012,FTG,CO,ANM,WE,Federal Contract Tower,0,0,14,0,14,0,0,25,0,25,0,0,39,0,39,40,0,40,79
05/26/2012,FTG,CO,ANM,WE,Federal Contract Tower,0,0,8,0,8,0,0,65,0,65,0,0,73,0,73,16,0,16,89
05/27/2012,FTG,CO,ANM,WE,Federal Contract Tower,0,0,11,0,11,0,0,58,0,58,0,0,69,0,69,54,0,54,123
05/28/2012,FTG,CO,ANM,WE,Federal Contract Tower,0,0,6,0,6,0,0,74,0,74,0,0,80,0,80,117,0,117,197
05/29/2012,FTG,CO,ANM,WE,Federal Contract Tower,0,0,3,0,3,0,0,63,0,63,0,0,66,0,66,175,0,175,241
05/30/2012,FTG,CO,ANM,WE,Federal Contract Tower,0,0,9,0,9,0,0,52,0,52,0,0,61,0,61,56,0,56,117
05/31/2012,FTG,CO,ANM,WE,Federal Contract Tower,0,0,7,0,7,0,0,59,0,59,0,0,66,0,66,106,0,106,172
06/01/2012,FTG,CO,ANM,WE,Federal Contract Tower,0,0,10,0,10,0,0,65,0,65,0,0,75,0,75,129,0,129,204
06/02/2012,FTG,CO,ANM,WE,Federal Contract Tower,0,0,12,0,12,0,0,70,0,70,0,0,82,0,82,100,0,100,182
06/03/2012,FTG,CO,ANM,WE,Federal Contract Tower,0,0,6,0,6,0,0,69,0,69,0,0,75,0,75,80,0,80,155
06/04/2012,FTG,CO,ANM,WE,Federal Contract Tower,0,0,2,0,2,0,0,35,0,35,0,0,37,0,37,53,0,53,90
06/05/2012,FTG,CO,ANM,WE,Federal Contract Tower,0,0,12,0,12,0,0,21,0,21,0,0,33,0,33,22,0,22,55
06/06/2012,FTG,CO,ANM,WE,Federal Contract Tower,0,0,15,0,15,0,0,78,0,78,0,0,93,0,93,56,0,56,149
06/07/2012,FTG,CO,ANM,WE,Federal Contract Tower,0,0,6,0,6,0,0,15,0,15,0,0,21,0,21,42,0,42,63
06/08/2012,FTG,CO,ANM,WE,Federal Contract Tower,0,0,3,1,4,0,0,72,0,72,0,0,75,1,76,96,4,100,176
06/09/2012,FTG,CO,ANM,WE,Federal Contract Tower,0,0,6,0,6,0,0,61,0,61,0,0,67,0,67,103,0,103,170
06/10/2012,FTG,CO,ANM,WE,Federal Contract Tower,0,0,12,0,12,0,0,19,0,19,0,0,31,0,31,6,0,6,37
06/11/2012,FTG,CO,ANM,WE,Federal Contract Tower,0,0,5,0,5,0,0,48,0,48,0,0,53,0,53,135,0,135,188
06/12/2012,FTG,CO,ANM,WE,Federal Contract Tower,0,0,15,0,15,0,0,47,0,47,0,0,62,0,62,120,0,120,182
06/13/2012,FTG,CO,ANM,WE,Federal Contract Tower,0,0,23,0,23,0,0,66,0,66,0,0,89,0,89,62,0,62,151
06/14/2012,FTG,CO,ANM,WE,Federal Contract Tower,0,0,17,0,17,0,0,38,0,38,0,0,55,0,55,90,0,90,145
06/15/2012,FTG,CO,ANM,WE,Federal Contract Tower,0,0,4,0,4,0,0,38,0,38,0,0,42,0,42,25,0,25,67
06/16/2012,FTG,CO,ANM,WE,Federal Contract Tower,0,0,9,0,9,0,0,67,0,67,0,0,76,0,76,68,0,68,144
06/17/2012,FTG,CO,ANM,WE,Federal Contract Tower,0,0,7,0,7,0,0,52,0,52,0,0,59,0,59,44,0,44,103
06/18/2012,FTG,CO,ANM,WE,Federal Contract Tower,0,0,23,0,23,0,0,29,0,29,0,0,52,0,52,33,0,33,85
06/19/2012,FTG,CO,ANM,WE,Federal Contract Tower,0,0,5,0,5,0,0,35,0,35,0,0,40,0,40,32,0,32,72
06/20/2012,FTG,CO,ANM,WE,Federal Contract Tower,0,0,8,0,8,0,0,28,0,28,0,0,36,0,36,95,0,95,131
06/21/2012,FTG,CO,ANM,WE,Federal Contract Tower,0,0,6,0,6,0,0,23,4,27,0,0,29,4,33,22,18,40,73
06/22/2012,FTG,CO,ANM,WE,Federal Contract Tower,0,0,10,0,10,0,0,43,0,43,0,0,53,0,53,58,0,58,111
06/23/2012,FTG,CO,ANM,WE,Federal Contract Tower,0,0,5,0,5,0,0,85,0,85,0,0,90,0,90,62,0,62,152
06/24/2012,FTG,CO,ANM,WE,Federal Contract Tower,0,0,5,0,5,0,0,32,0,32,0,0,37,0,37,98,0,98,135
06/25/2012,FTG,CO,ANM,WE,Federal Contract Tower,0,0,2,0,2,0,0,36,0,36,0,0,38,0,38,81,0,81,119
06/26/2012,FTG,CO,ANM,WE,Federal Contract Tower,0,0,4,0,4,0,0,26,0,26,0,0,30,0,30,36,0,36,66
06/27/2012,FTG,CO,ANM,WE,Federal Contract Tower,0,0,5,0,5,0,0,33,0,33,0,0,38,0,38,98,0,98,136
06/28/2012,FTG,CO,ANM,WE,Federal Contract Tower,0,0,7,0,7,0,0,30,2,32,0,0,37,2,39,54,6,60,99
06/29/2012,FTG,CO,ANM,WE,Federal Contract Tower,0,0,6,0,6,0,0,43,2,45,0,0,49,2,51,78,6,84,135
06/30/2012,FTG,CO,ANM,WE,Federal Contract Tower,0,1,5,0,6,0,0,74,0,74,0,1,79,0,80,89,0,89,169
07/01/2012,FTG,CO,ANM,WE,Federal Contract Tower,0,0,6,0,6,0,0,37,0,37,0,0,43,0,43,52,0,52,95
07/02/2012,FTG,CO,ANM,WE,Federal Contract Tower,0,0,12,0,12,0,0,28,0,28,0,0,40,0,40,44,0,44,84
07/03/2012,FTG,CO,ANM,WE,Federal Contract Tower,0,0,9,0,9,0,0,36,0,36,0,0,45,0,45,77,0,77,122
07/04/2012,FTG,CO,ANM,WE,Federal Contract Tower,0,0,7,0,7,0,0,54,0,54,0,0,61,0,61,90,0,90,151
07/05/2012,FTG,CO,ANM,WE,Federal Contract Tower,0,0,12,0,12,0,0,31,0,31,0,0,43,0,43,40,0,40,83
07/06/2012,FTG,CO,ANM,WE,Federal Contract Tower,0,0,7,0,7,0,0,54,0,54,0,0,61,0,61,30,0,30,91
07/07/2012,FTG,CO,ANM,WE,Federal Contract Tower,0,1,8,0,9,0,0,36,0,36,0,1,44,0,45,66,0,66,111
07/08/2012,FTG,CO,ANM,WE,Federal Contract Tower,0,0,10,0,10,0,0,12,0,12,0,0,22,0,22,18,0,18,40
07/09/2012,FTG,CO,ANM,WE,Federal Contract Tower,0,0,5,0,5,0,0,22,0,22,0,0,27,0,27,12,0,12,39
07/10/2012,FTG,CO,ANM,WE,Federal Contract Tower,0,0,3,0,3,0,0,33,0,33,0,0,36,0,36,62,0,62,98
07/11/2012,FTG,CO,ANM,WE,Federal Contract Tower,0,0,14,0,14,0,0,65,0,65,0,0,79,0,79,72,0,72,151
07/12/2012,FTG,CO,ANM,WE,Federal Contract Tower,0,0,10,0,10,0,0,33,2,35,0,0,43,2,45,56,0,56,101
07/13/2012,FTG,CO,ANM,WE,Federal Contract Tower,0,1,11,0,12,0,0,73,0,73,0,1,84,0,85,33,0,33,118
07/14/2012,FTG,CO,ANM,WE,Federal Contract Tower,0,0,8,0,8,0,0,73,1,74,0,0,81,1,82,54,2,56,138
07/15/2012,FTG,CO,ANM,WE,Federal Contract Tower,0,1,1,0,2,0,0,61,0,61,0,1,62,0,63,64,0,64,127
07/16/2012,FTG,CO,ANM,WE,Federal Contract Tower,0,2,5,0,7,0,0,35,2,37,0,2,40,2,44,57,8,65,109
07/17/2012,FTG,CO,ANM,WE,Federal Contract Tower,0,0,5,0,5,0,0,45,0,45,0,0,50,0,50,61,0,61,111
07/18/2012,FTG,CO,ANM,WE,Federal Contract Tower,0,1,12,0,13,0,0,30,0,30,0,1,42,0,43,42,0,42,85
07/19/2012,FTG,CO,ANM,WE,Federal Contract Tower,0,0,1,0,1,0,0,45,0,45,0,0,46,0,46,157,0,157,203
07/20/2012,FTG,CO,ANM,WE,Federal Contract Tower,0,4,5,0,9,0,0,53,0,53,0,4,58,0,62,80,0,80,142
07/21/2012,FTG,CO,ANM,WE,Federal Contract Tower,0,0,0,0,0,0,0,73,0,73,0,0,73,0,73,72,0,72,145
07/22/2012,FTG,CO,ANM,WE,Federal Contract Tower,0,0,8,0,8,0,0,45,0,45,0,0,53,0,53,80,0,80,133
07/23/2012,FTG,CO,ANM,WE,Federal Contract Tower,0,0,7,0,7,0,0,26,0,26,0,0,33,0,33,104,0,104,137
07/24/2012,FTG,CO,ANM,WE,Federal Contract Tower,0,0,8,0,8,0,0,43,2,45,0,0,51,2,53,94,6,100,153
07/25/2012,FTG,CO,ANM,WE,Federal Contract Tower,0,0,8,0,8,0,0,57,3,60,0,0,65,3,68,124,7,131,199
07/26/2012,FTG,CO,ANM,WE,Federal Contract Tower,0,0,12,0,12,0,0,60,0,60,0,0,72,0,72,108,0,108,180
07/27/2012,FTG,CO,ANM,WE,Federal Contract Tower,0,0,3,0,3,0,0,49,0,49,0,0,52,0,52,80,0,80,132
07/28/2012,FTG,CO,ANM,WE,Federal Contract Tower,0,0,10,0,10,0,0,101,0,101,0,0,111,0,111,52,0,52,163
07/29/2012,FTG,CO,ANM,WE,Federal Contract Tower,0,0,8,0,8,0,0,50,0,50,0,0,58,0,58,50,0,50,108
07/30/2012,FTG,CO,ANM,WE,Federal Contract Tower,0,0,8,0,8,0,0,55,0,55,0,0,63,0,63,89,0,89,152
07/31/2012,FTG,CO,ANM,WE,Federal Contract Tower,0,0,7,0,7,0,0,26,0,26,0,0,33,0,33,37,0,37,70
08/01/2012,FTG,CO,ANM,WE,Federal Contract Tower,0,0,1,0,1,0,0,54,2,56,0,0,55,2,57,70,0,70,127
08/02/2012,FTG,CO,ANM,WE,Federal Contract Tower,0,0,3,0,3,0,0,39,0,39,0,0,42,0,42,89,0,89,131
08/03/2012,FTG,CO,ANM,WE,Federal Contract Tower,0,2,6,0,8,0,0,50,0,50,0,2,56,0,58,63,0,63,121
08/04/2012,FTG,CO,ANM,WE,Federal Contract Tower,0,0,3,0,3,0,0,144,0,144,0,0,147,0,147,52,0,52,199
08/05/2012,FTG,CO,ANM,WE,Federal Contract Tower,0,0,7,0,7,0,0,85,0,85,0,0,92,0,92,40,0,40,132
08/06/2012,FTG,CO,ANM,WE,Federal Contract Tower,0,0,10,0,10,0,0,33,0,33,0,0,43,0,43,44,0,44,87
08/07/2012,FTG,CO,ANM,WE,Federal Contract Tower,0,0,4,0,4,0,0,21,0,21,0,0,25,0,25,27,0,27,52
08/08/2012,FTG,CO,ANM,WE,Federal Contract Tower,0,0,9,0,9,0,0,28,0,28,0,0,37,0,37,68,0,68,105
08/09/2012,FTG,CO,ANM,WE,Federal Contract Tower,0,2,7,0,9,0,0,38,0,38,0,2,45,0,47,86,0,86,133
08/10/2012,FTG,CO,ANM,WE,Federal Contract Tower,0,0,4,0,4,0,0,52,0,52,0,0,56,0,56,42,0,42,98
08/11/2012,FTG,CO,ANM,WE,Federal Contract Tower,0,0,6,0,6,0,0,55,0,55,0,0,61,0,61,43,0,43,104
08/12/2012,FTG,CO,ANM,WE,Federal Contract Tower,0,1,6,0,7,0,0,76,0,76,0,1,82,0,83,40,0,40,123
08/13/2012,FTG,CO,ANM,WE,Federal Contract Tower,0,0,3,0,3,0,0,39,0,39,0,0,42,0,42,81,0,81,123
08/14/2012,FTG,CO,ANM,WE,Federal Contract Tower,0,1,7,0,8,0,0,33,0,33,0,1,40,0,41,125,0,125,166
08/15/2012,FTG,CO,ANM,WE,Federal Contract Tower,0,0,11,0,11,0,1,46,0,47,0,1,57,0,58,66,0,66,124
08/16/2012,FTG,CO,ANM,WE,Federal Contract Tower,0,0,7,0,7,0,0,33,0,33,0,0,40,0,40,58,0,58,98
08/17/2012,FTG,CO,ANM,WE,Federal Contract Tower,0,0,10,0,10,0,0,62,0,62,0,0,72,0,72,62,0,62,134
08/18/2012,FTG,CO,ANM,WE,Federal Contract Tower,0,0,0,0,0,0,0,72,0,72,0,0,72,0,72,33,0,33,105
08/19/2012,FTG,CO,ANM,WE,Federal Contract Tower,0,0,6,0,6,0,0,82,0,82,0,0,88,0,88,152,0,152,240
08/20/2012,FTG,CO,ANM,WE,Federal Contract Tower,0,0,5,0,5,0,0,39,0,39,0,0,44,0,44,92,0,92,136
08/21/2012,FTG,CO,ANM,WE,Federal Contract Tower,0,2,5,0,7,0,0,59,0,59,0,2,64,0,66,100,0,100,166
08/22/2012,FTG,CO,ANM,WE,Federal Contract Tower,0,0,5,0,5,0,0,40,0,40,0,0,45,0,45,42,0,42,87
08/23/2012,FTG,CO,ANM,WE,Federal Contract Tower,0,0,10,0,10,0,0,40,0,40,0,0,50,0,50,46,0,46,96
08/24/2012,FTG,CO,ANM,WE,Federal Contract Tower,0,0,12,0,12,0,0,57,0,57,0,0,69,0,69,72,0,72,141
08/25/2012,FTG,CO,ANM,WE,Federal Contract Tower,0,0,8,0,8,0,0,93,0,93,0,0,101,0,101,52,0,52,153
08/26/2012,FTG,CO,ANM,WE,Federal Contract Tower,0,0,5,0,5,0,0,56,0,56,0,0,61,0,61,41,0,41,102
08/27/2012,FTG,CO,ANM,WE,Federal Contract Tower,0,0,5,0,5,0,0,37,0,37,0,0,42,0,42,84,0,84,126
08/28/2012,FTG,CO,ANM,WE,Federal Contract Tower,0,0,8,0,8,0,0,37,0,37,0,0,45,0,45,61,0,61,106
08/29/2012,FTG,CO,ANM,WE,Federal Contract Tower,0,0,9,0,9,0,0,55,0,55,0,0,64,0,64,86,0,86,150
08/30/2012,FTG,CO,ANM,WE,Federal Contract Tower,0,0,6,0,6,0,0,36,0,36,0,0,42,0,42,83,0,83,125
08/31/2012,FTG,CO,ANM,WE,Federal Contract Tower,0,0,7,0,7,0,0,42,0,42,0,0,49,0,49,70,0,70,119
09/01/2012,FTG,CO,ANM,WE,Federal Contract Tower,0,0,7,0,7,0,0,56,0,56,0,0,63,0,63,61,0,61,124
09/02/2012,FTG,CO,ANM,WE,Federal Contract Tower,0,0,2,0,2,0,0,23,0,23,0,0,25,0,25,37,0,37,62
09/03/2012,FTG,CO,ANM,WE,Federal Contract Tower,0,0,2,0,2,0,0,67,0,67,0,0,69,0,69,104,0,104,173
09/04/2012,FTG,CO,ANM,WE,Federal Contract Tower,0,0,5,0,5,0,0,45,0,45,0,0,50,0,50,44,0,44,94
09/05/2012,FTG,CO,ANM,WE,Federal Contract Tower,0,0,1,0,1,0,0,30,0,30,0,0,31,0,31,92,0,92,123
09/06/2012,FTG,CO,ANM,WE,Federal Contract Tower,0,0,4,0,4,0,0,31,2,33,0,0,35,2,37,37,20,57,94
09/07/2012,FTG,CO,ANM,WE,Federal Contract Tower,0,0,4,0,4,0,8,61,0,69,0,8,65,0,73,98,0,98,171
09/08/2012,FTG,CO,ANM,WE,Federal Contract Tower,0,0,6,0,6,0,0,91,0,91,0,0,97,0,97,165,0,165,262
09/09/2012,FTG,CO,ANM,WE,Federal Contract Tower,0,0,2,0,2,0,0,47,2,49,0,0,49,2,51,49,0,49,100
09/10/2012,FTG,CO,ANM,WE,Federal Contract Tower,0,0,3,0,3,0,0,27,0,27,0,0,30,0,30,58,0,58,88
09/11/2012,FTG,CO,ANM,WE,Federal Contract Tower,0,0,3,0,3,0,0,34,0,34,0,0,37,0,37,58,0,58,95
09/12/2012,FTG,CO,ANM,WE,Federal Contract Tower,0,0,10,0,10,0,0,0,0,0,0,0,10,0,10,0,0,0,10
09/13/2012,FTG,CO,ANM,WE,Federal Contract Tower,0,0,10,0,10,0,0,22,0,22,0,0,32,0,32,42,0,42,74
09/14/2012,FTG,CO,ANM,WE,Federal Contract Tower,0,2,9,0,11,0,0,64,0,64,0,2,73,0,75,115,0,115,190
09/15/2012,FTG,CO,ANM,WE,Federal Contract Tower,0,0,3,0,3,0,0,81,0,81,0,0,84,0,84,71,0,71,155
09/16/2012,FTG,CO,ANM,WE,Federal Contract Tower,0,0,3,0,3,0,0,67,0,67,0,0,70,0,70,94,0,94,164
09/17/2012,FTG,CO,ANM,WE,Federal Contract Tower,0,0,7,0,7,0,0,15,0,15,0,0,22,0,22,20,0,20,42
09/18/2012,FTG,CO,ANM,WE,Federal Contract Tower,0,0,4,0,4,0,0,42,4,46,0,0,46,4,50,48,4,52,102
09/19/2012,FTG,CO,ANM,WE,Federal Contract Tower,0,0,10,0,10,0,0,44,10,54,0,0,54,10,64,65,0,65,129
09/20/2012,FTG,CO,ANM,WE,Federal Contract Tower,0,0,7,0,7,0,0,58,0,58,0,0,65,0,65,101,0,101,166
09/21/2012,FTG,CO,ANM,WE,Federal Contract Tower,0,0,3,0,3,0,0,62,0,62,0,0,65,0,65,65,0,65,130
09/22/2012,FTG,CO,ANM,WE,Federal Contract Tower,0,0,8,0,8,0,0,71,0,71,0,0,79,0,79,113,0,113,192
09/23/2012,FTG,CO,ANM,WE,Federal Contract Tower,0,0,10,0,10,0,0,63,0,63,0,0,73,0,73,114,0,114,187
09/24/2012,FTG,CO,ANM,WE,Federal Contract Tower,0,0,7,0,7,0,0,30,0,30,0,0,37,0,37,128,0,128,165
09/25/2012,FTG,CO,ANM,WE,Federal Contract Tower,0,0,1,0,1,0,0,21,0,21,0,0,22,0,22,46,0,46,68
09/26/2012,FTG,CO,ANM,WE,Federal Contract Tower,0,0,3,0,3,0,0,30,0,30,0,0,33,0,33,67,0,67,100
09/27/2012,FTG,CO,ANM,WE,Federal Contract Tower,0,0,4,0,4,0,0,32,0,32,0,0,36,0,36,61,0,61,97
09/28/2012,FTG,CO,ANM,WE,Federal Contract Tower,0,0,7,0,7,0,0,46,0,46,0,0,53,0,53,102,0,102,155
09/29/2012,FTG,CO,ANM,WE,Federal Contract Tower,0,0,9,0,9,0,0,164,0,164,0,0,173,0,173,87,18,105,278
09/30/2012,FTG,CO,ANM,WE,Federal Contract Tower,0,2,8,0,10,0,0,52,0,52,0,2,60,0,62,36,0,36,98
10/01/2012,FTG,CO,ANM,WE,Federal Contract Tower,0,0,6,0,6,0,0,18,0,18,0,0,24,0,24,18,0,18,42
10/02/2012,FTG,CO,ANM,WE,Federal Contract Tower,0,0,5,0,5,0,0,53,0,53,0,0,58,0,58,108,0,108,166
10/03/2012,FTG,CO,ANM,WE,Federal Contract Tower,0,2,17,0,19,0,0,19,4,23,0,2,36,4,42,22,0,22,64
10/04/2012,FTG,CO,ANM,WE,Federal Contract Tower,0,1,9,1,11,0,4,23,0,27,0,5,32,1,38,37,0,37,75
10/05/2012,FTG,CO,ANM,WE,Federal Contract Tower,0,1,4,0,5,0,0,16,0,16,0,1,20,0,21,53,0,53,74
10/06/2012,FTG,CO,ANM,WE,Federal Contract Tower,0,0,3,0,3,0,0,0,0,0,0,0,3,0,3,0,0,0,3
10/07/2012,FTG,CO,ANM,WE,Federal Contract Tower,0,1,10,0,11,0,0,73,0,73,0,1,83,0,84,119,0,119,203
10/08/2012,FTG,CO,ANM,WE,Federal Contract Tower,0,0,3,0,3,0,0,64,0,64,0,0,67,0,67,99,0,99,166
10/09/2012,FTG,CO,ANM,WE,Federal Contract Tower,0,0,8,0,8,0,0,30,0,30,0,0,38,0,38,20,0,20,58
10/10/2012,FTG,CO,ANM,WE,Federal Contract Tower,0,0,10,0,10,0,0,32,0,32,0,0,42,0,42,54,0,54,96
10/11/2012,FTG,CO,ANM,WE,Federal Contract Tower,0,0,11,0,11,0,0,36,0,36,0,0,47,0,47,53,0,53,100
10/12/2012,FTG,CO,ANM,WE,Federal Contract Tower,0,2,12,0,14,0,0,38,0,38,0,2,50,0,52,37,0,37,89
10/13/2012,FTG,CO,ANM,WE,Federal Contract Tower,0,0,4,0,4,0,0,30,0,30,0,0,34,0,34,40,0,40,74
10/14/2012,FTG,CO,ANM,WE,Federal Contract Tower,0,0,12,0,12,0,0,70,0,70,0,0,82,0,82,209,0,209,291
10/15/2012,FTG,CO,ANM,WE,Federal Contract Tower,0,1,14,0,15,0,0,47,0,47,0,1,61,0,62,61,0,61,123
10/16/2012,FTG,CO,ANM,WE,Federal Contract Tower,0,0,7,0,7,0,0,31,0,31,0,0,38,0,38,52,0,52,90
10/17/2012,FTG,CO,ANM,WE,Federal Contract Tower,0,0,2,0,2,0,0,4,0,4,0,0,6,0,6,0,0,0,6
10/18/2012,FTG,CO,ANM,WE,Federal Contract Tower,0,0,7,0,7,0,0,36,0,36,0,0,43,0,43,52,0,52,95
10/19/2012,FTG,CO,ANM,WE,Federal Contract Tower,0,0,7,0,7,0,0,61,0,61,0,0,68,0,68,86,0,86,154
10/20/2012,FTG,CO,ANM,WE,Federal Contract Tower,0,0,5,0,5,0,0,75,0,75,0,0,80,0,80,71,0,71,151
10/21/2012,FTG,CO,ANM,WE,Federal Contract Tower,0,2,14,0,16,0,0,58,0,58,0,2,72,0,74,137,0,137,211
10/22/2012,FTG,CO,ANM,WE,Federal Contract Tower,0,0,6,4,10,0,0,50,0,50,0,0,56,4,60,48,0,48,108
10/23/2012,FTG,CO,ANM,WE,Federal Contract Tower,0,0,8,0,8,0,2,44,0,46,0,2,52,0,54,46,0,46,100
10/24/2012,FTG,CO,ANM,WE,Federal Contract Tower,0,0,14,0,14,0,0,9,0,9,0,0,23,0,23,26,0,26,49
10/25/2012,FTG,CO,ANM,WE,Federal Contract Tower,0,0,6,0,6,0,0,7,0,7,0,0,13,0,13,0,0,0,13
10/26/2012,FTG,CO,ANM,WE,Federal Contract Tower,0,2,9,0,11,0,0,23,0,23,0,2,32,0,34,66,0,66,100
10/27/2012,FTG,CO,ANM,WE,Federal Contract Tower,0,0,5,0,5,0,0,130,0,130,0,0,135,0,135,105,0,105,240
10/28/2012,FTG,CO,ANM,WE,Federal Contract Tower,0,0,15,0,15,0,0,51,0,51,0,0,66,0,66,146,0,146,212
10/29/2012,FTG,CO,ANM,WE,Federal Contract Tower,0,0,19,0,19,0,0,38,0,38,0,0,57,0,57,112,0,112,169
10/30/2012,FTG,CO,ANM,WE,Federal Contract Tower,0,0,5,0,5,0,0,54,0,54,0,0,59,0,59,65,0,65,124
10/31/2012,FTG,CO,ANM,WE,Federal Contract Tower,0,1,11,0,12,0,0,65,2,67,0,1,76,2,79,124,14,138,217
11/01/2012,FTG,CO,ANM,WE,Federal Contract Tower,0,2,8,0,10,0,0,44,0,44,0,2,52,0,54,74,0,74,128
11/02/2012,FTG,CO,ANM,WE,Federal Contract Tower,0,0,20,0,20,0,0,43,0,43,0,0,63,0,63,66,0,66,129
11/03/2012,FTG,CO,ANM,WE,Federal Contract Tower,0,0,2,0,2,0,0,164,0,164,0,0,166,0,166,81,0,81,247
11/04/2012,FTG,CO,ANM,WE,Federal Contract Tower,0,0,1,0,1,0,0,50,0,50,0,0,51,0,51,82,0,82,133
11/05/2012,FTG,CO,ANM,WE,Federal Contract Tower,0,0,3,0,3,0,0,54,0,54,0,0,57,0,57,100,0,100,157
11/06/2012,FTG,CO,ANM,WE,Federal Contract Tower,0,0,5,0,5,0,0,30,0,30,0,0,35,0,35,24,0,24,59
11/07/2012,FTG,CO,ANM,WE,Federal Contract Tower,0,0,18,0,18,0,0,64,0,64,0,0,82,0,82,118,0,118,200
11/08/2012,FTG,CO,ANM,WE,Federal Contract Tower,0,0,9,0,9,0,0,46,0,46,0,0,55,0,55,65,0,65,120
11/09/2012,FTG,CO,ANM,WE,Federal Contract Tower,0,4,9,0,13,0,0,56,0,56,0,4,65,0,69,103,0,103,172
11/10/2012,FTG,CO,ANM,WE,Federal Contract Tower,0,0,6,0,6,0,0,6,0,6,0,0,12,0,12,8,0,8,20
11/11/2012,FTG,CO,ANM,WE,Federal Contract Tower,0,0,6,0,6,0,0,12,0,12,0,0,18,0,18,4,0,4,22
11/12/2012,FTG,CO,ANM,WE,Federal Contract Tower,0,0,22,0,22,0,0,26,0,26,0,0,48,0,48,64,0,64,112
11/13/2012,FTG,CO,ANM,WE,Federal Contract Tower,0,0,15,0,15,0,0,34,0,34,0,0,49,0,49,20,0,20,69
11/14/2012,FTG,CO,ANM,WE,Federal Contract Tower,0,2,8,0,10,0,0,42,0,42,0,2,50,0,52,77,0,77,129
11/15/2012,FTG,CO,ANM,WE,Federal Contract Tower,0,0,5,0,5,0,0,33,0,33,0,0,38,0,38,41,0,41,79
11/16/2012,FTG,CO,ANM,WE,Federal Contract Tower,0,1,6,2,9,0,2,52,0,54,0,3,58,2,63,52,0,52,115
11/17/2012,FTG,CO,ANM,WE,Federal Contract Tower,0,0,12,0,12,0,3,108,0,111,0,3,120,0,123,146,0,146,269
11/18/2012,FTG,CO,ANM,WE,Federal Contract Tower,0,0,25,0,25,0,0,46,0,46,0,0,71,0,71,101,0,101,172
11/19/2012,FTG,CO,ANM,WE,Federal Contract Tower,0,0,9,0,9,0,0,29,0,29,0,0,38,0,38,40,0,40,78
11/20/2012,FTG,CO,ANM,WE,Federal Contract Tower,0,0,3,0,3,0,0,56,0,56,0,0,59,0,59,35,0,35,94
11/21/2012,FTG,CO,ANM,WE,Federal Contract Tower,0,8,10,0,18,0,0,64,0,64,0,8,74,0,82,45,0,45,127
11/22/2012,FTG,CO,ANM,WE,Federal Contract Tower,0,0,0,0,0,0,2,14,0,16,0,2,14,0,16,52,0,52,68
11/23/2012,FTG,CO,ANM,WE,Federal Contract Tower,0,0,2,0,2,0,2,54,0,56,0,2,56,0,58,129,0,129,187
11/24/2012,FTG,CO,ANM,WE,Federal Contract Tower,0,0,7,0,7,0,0,67,0,67,0,0,74,0,74,78,0,78,152
11/25/2012,FTG,CO,ANM,WE,Federal Contract Tower,0,0,8,0,8,0,6,62,0,68,0,6,70,0,76,36,0,36,112
11/26/2012,FTG,CO,ANM,WE,Federal Contract Tower,0,0,4,0,4,0,0,6,0,6,0,0,10,0,10,6,0,6,16
11/27/2012,FTG,CO,ANM,WE,Federal Contract Tower,0,0,10,0,10,0,0,44,0,44,0,0,54,0,54,26,0,26,80
11/28/2012,FTG,CO,ANM,WE,Federal Contract Tower,0,0,6,0,6,0,0,47,0,47,0,0,53,0,53,54,0,54,107
11/29/2012,FTG,CO,ANM,WE,Federal Contract Tower,0,0,8,4,12,0,0,57,0,57,0,0,65,4,69,70,0,70,139
11/30/2012,FTG,CO,ANM,WE,Federal Contract Tower,0,0,11,0,11,0,0,72,4,76,0,0,83,4,87,99,16,115,202
12/01/2012,FTG,CO,ANM,WE,Federal Contract Tower,0,0,2,0,2,0,0,65,2,67,0,0,67,2,69,68,28,96,165
12/02/2012,FTG,CO,ANM,WE,Federal Contract Tower,0,0,16,0,16,0,0,54,0,54,0,0,70,0,70,77,0,77,147
12/03/2012,FTG,CO,ANM,WE,Federal Contract Tower,0,0,9,0,9,0,0,29,0,29,0,0,38,0,38,33,0,33,71
12/04/2012,FTG,CO,ANM,WE,Federal Contract Tower,0,0,11,0,11,0,0,60,0,60,0,0,71,0,71,46,0,46,117
12/05/2012,FTG,CO,ANM,WE,Federal Contract Tower,0,0,10,0,10,0,0,46,0,46,0,0,56,0,56,10,0,10,66
12/06/2012,FTG,CO,ANM,WE,Federal Contract Tower,0,0,23,0,23,0,1,27,0,28,0,1,50,0,51,58,0,58,109
12/07/2012,FTG,CO,ANM,WE,Federal Contract Tower,0,0,17,0,17,0,2,61,0,63,0,2,78,0,80,78,0,78,158
12/08/2012,FTG,CO,ANM,WE,Federal Contract Tower,0,0,1,0,1,0,0,41,0,41,0,0,42,0,42,134,0,134,176
12/09/2012,FTG,CO,ANM,WE,Federal Contract Tower,0,0,0,0,0,0,0,7,0,7,0,0,7,0,7,24,0,24,31
12/10/2012,FTG,CO,ANM,WE,Federal Contract Tower,0,0,8,0,8,0,0,45,0,45,0,0,53,0,53,75,0,75,128
12/11/2012,FTG,CO,ANM,WE,Federal Contract Tower,0,0,3,0,3,0,0,26,0,26,0,0,29,0,29,24,0,24,53
12/12/2012,FTG,CO,ANM,WE,Federal Contract Tower,0,0,6,0,6,0,0,58,0,58,0,0,64,0,64,72,0,72,136
12/13/2012,FTG,CO,ANM,WE,Federal Contract Tower,0,11,10,0,21,0,0,59,0,59,0,11,69,0,80,100,0,100,180
12/14/2012,FTG,CO,ANM,WE,Federal Contract Tower,0,1,12,0,13,0,0,28,0,28,0,1,40,0,41,42,0,42,83
12/15/2012,FTG,CO,ANM,WE,Federal Contract Tower,0,0,1,0,1,0,0,50,0,50,0,0,51,0,51,58,6,64,115
12/16/2012,FTG,CO,ANM,WE,Federal Contract Tower,0,0,3,0,3,0,0,45,0,45,0,0,48,0,48,99,0,99,147
12/17/2012,FTG,CO,ANM,WE,Federal Contract Tower,0,2,2,0,4,0,0,28,0,28,0,2,30,0,32,6,0,6,38
12/18/2012,FTG,CO,ANM,WE,Federal Contract Tower,0,0,7,0,7,0,0,45,0,45,0,0,52,0,52,76,0,76,128
12/19/2012,FTG,CO,ANM,WE,Federal Contract Tower,0,0,1,0,1,0,0,0,0,0,0,0,1,0,1,0,0,0,1
12/20/2012,FTG,CO,ANM,WE,Federal Contract Tower,0,0,20,0,20,0,0,23,0,23,0,0,43,0,43,52,0,52,95
12/21/2012,FTG,CO,ANM,WE,Federal Contract Tower,0,2,17,0,19,0,0,65,0,65,0,2,82,0,84,51,0,51,135
12/22/2012,FTG,CO,ANM,WE,Federal Contract Tower,0,0,14,0,14,0,0,87,0,87,0,0,101,0,101,70,0,70,171
12/23/2012,FTG,CO,ANM,WE,Federal Contract Tower,0,0,3,0,3,0,0,31,0,31,0,0,34,0,34,95,0,95,129
12/24/2012,FTG,CO,ANM,WE,Federal Contract Tower,0,0,7,0,7,0,0,34,0,34,0,0,41,0,41,4,0,4,45
12/25/2012,FTG,CO,ANM,WE,Federal Contract Tower,0,0,0,0,0,0,1,0,0,1,0,1,0,0,1,0,0,0,1
12/26/2012,FTG,CO,ANM,WE,Federal Contract Tower,0,2,12,0,14,0,0,23,0,23,0,2,35,0,37,48,0,48,85
12/27/2012,FTG,CO,ANM,WE,Federal Contract Tower,0,0,5,0,5,0,0,23,0,23,0,0,28,0,28,23,0,23,51
12/28/2012,FTG,CO,ANM,WE,Federal Contract Tower,0,1,10,0,11,0,0,29,0,29,0,1,39,0,40,24,0,24,64
12/29/2012,FTG,CO,ANM,WE,Federal Contract Tower,0,0,14,0,14,0,0,63,0,63,0,0,77,0,77,91,0,91,168
12/30/2012,FTG,CO,ANM,WE,Federal Contract Tower,0,0,9,0,9,0,0,41,0,41,0,0,50,0,50,54,0,54,104
12/31/2012,FTG,CO,ANM,WE,Federal Contract Tower,0,0,0,0,0,0,0,12,0,12,0,0,12,0,12,22,0,22,34
01/01/2013,FTG,CO,ANM,WE,Federal Contract Tower,0,1,11,0,12,0,0,35,0,35,0,1,46,0,47,72,0,72,119
01/02/2013,FTG,CO,ANM,WE,Federal Contract Tower,0,0,13,0,13,0,0,36,0,36,0,0,49,0,49,60,0,60,109
01/03/2013,FTG,CO,ANM,WE,Federal Contract Tower,0,0,8,0,8,0,0,47,0,47,0,0,55,0,55,126,0,126,181
01/04/2013,FTG,CO,ANM,WE,Federal Contract Tower,0,0,10,0,10,0,0,61,0,61,0,0,71,0,71,132,0,132,203
01/05/2013,FTG,CO,ANM,WE,Federal Contract Tower,0,0,19,0,19,0,0,117,0,117,0,0,136,0,136,82,0,82,218
01/06/2013,FTG,CO,ANM,WE,Federal Contract Tower,0,1,5,0,6,0,0,64,15,79,0,1,69,15,85,137,1,138,223
01/07/2013,FTG,CO,ANM,WE,Federal Contract Tower,0,0,6,0,6,0,0,26,0,26,0,0,32,0,32,58,0,58,90
01/08/2013,FTG,CO,ANM,WE,Federal Contract Tower,0,0,12,0,12,0,0,58,0,58,0,0,70,0,70,39,0,39,109
01/09/2013,FTG,CO,ANM,WE,Federal Contract Tower,0,0,10,0,10,0,0,54,0,54,0,0,64,0,64,66,0,66,130
01/10/2013,FTG,CO,ANM,WE,Federal Contract Tower,0,0,12,0,12,0,0,51,0,51,0,0,63,0,63,76,0,76,139
01/11/2013,FTG,CO,ANM,WE,Federal Contract Tower,0,0,4,0,4,0,0,8,0,8,0,0,12,0,12,0,0,0,12
01/12/2013,FTG,CO,ANM,WE,Federal Contract Tower,0,0,3,0,3,0,0,7,0,7,0,0,10,0,10,4,0,4,14
01/13/2013,FTG,CO,ANM,WE,Federal Contract Tower,0,0,5,0,5,0,0,24,2,26,0,0,29,2,31,16,0,16,47
01/14/2013,FTG,CO,ANM,WE,Federal Contract Tower,0,2,6,0,8,0,0,15,0,15,0,2,21,0,23,48,0,48,71
01/15/2013,FTG,CO,ANM,WE,Federal Contract Tower,0,0,6,0,6,0,0,28,0,28,0,0,34,0,34,37,0,37,71
01/16/2013,FTG,CO,ANM,WE,Federal Contract Tower,0,10,0,0,10,0,0,39,0,39,0,10,39,0,49,117,0,117,166
01/17/2013,FTG,CO,ANM,WE,Federal Contract Tower,0,0,11,0,11,0,0,69,0,69,0,0,80,0,80,85,0,85,165
01/18/2013,FTG,CO,ANM,WE,Federal Contract Tower,0,0,3,0,3,0,0,57,0,57,0,0,60,0,60,135,0,135,195
01/19/2013,FTG,CO,ANM,WE,Federal Contract Tower,0,0,6,0,6,0,0,107,0,107,0,0,113,0,113,75,0,75,188
01/20/2013,FTG,CO,ANM,WE,Federal Contract Tower,0,0,6,0,6,0,0,45,0,45,0,0,51,0,51,59,0,59,110
01/21/2013,FTG,CO,ANM,WE,Federal Contract Tower,0,0,3,0,3,0,0,47,0,47,0,0,50,0,50,92,0,92,142
01/22/2013,FTG,CO,ANM,WE,Federal Contract Tower,0,0,16,0,16,0,0,44,0,44,0,0,60,0,60,58,0,58,118
01/23/2013,FTG,CO,ANM,WE,Federal Contract Tower,0,0,10,0,10,0,0,49,0,49,0,0,59,0,59,83,0,83,142
01/24/2013,FTG,CO,ANM,WE,Federal Contract Tower,0,0,12,0,12,0,0,39,0,39,0,0,51,0,51,87,0,87,138
01/25/2013,FTG,CO,ANM,WE,Federal Contract Tower,0,0,11,0,11,0,0,44,0,44,0,0,55,0,55,106,0,106,161
01/26/2013,FTG,CO,ANM,WE,Federal Contract Tower,0,0,4,0,4,0,0,157,0,157,0,0,161,0,161,45,0,45,206
01/27/2013,FTG,CO,ANM,WE,Federal Contract Tower,0,0,1,0,1,0,0,67,0,67,0,0,68,0,68,157,0,157,225
01/28/2013,FTG,CO,ANM,WE,Federal Contract Tower,0,0,6,0,6,0,0,14,0,14,0,0,20,0,20,40,0,40,60
01/29/2013,FTG,CO,ANM,WE,Federal Contract Tower,0,0,9,0,9,0,0,0,0,0,0,0,9,0,9,2,0,2,11
01/30/2013,FTG,CO,ANM,WE,Federal Contract Tower,0,0,7,0,7,0,0,11,26,37,0,0,18,26,44,10,0,10,54
01/31/2013,FTG,CO,ANM,WE,Federal Contract Tower,0,0,2,0,2,0,0,39,20,59,0,0,41,20,61,24,0,24,85
02/01/2013,FTG,CO,ANM,WE,Federal Contract Tower,0,0,7,0,7,0,0,36,4,40,0,0,43,4,47,18,0,18,65
02/02/2013,FTG,CO,ANM,WE,Federal Contract Tower,0,0,12,1,13,0,0,67,2,69,0,0,79,3,82,69,2,71,153
02/03/2013,FTG,CO,ANM,WE,Federal Contract Tower,0,0,4,0,4,0,0,53,0,53,0,0,57,0,57,76,0,76,133
02/04/2013,FTG,CO,ANM,WE,Federal Contract Tower,0,0,3,0,3,0,0,27,0,27,0,0,30,0,30,16,0,16,46
02/05/2013,FTG,CO,ANM,WE,Federal Contract Tower,0,0,5,1,6,0,0,59,1,60,0,0,64,2,66,88,0,88,154
02/06/2013,FTG,CO,ANM,WE,Federal Contract Tower,0,1,7,0,8,0,0,35,0,35,0,1,42,0,43,25,0,25,68
02/07/2013,FTG,CO,ANM,WE,Federal Contract Tower,0,1,11,0,12,0,0,44,0,44,0,1,55,0,56,30,0,30,86
02/08/2013,FTG,CO,ANM,WE,Federal Contract Tower,0,0,14,0,14,0,0,45,2,47,0,0,59,2,61,84,0,84,145
02/09/2013,FTG,CO,ANM,WE,Federal Contract Tower,0,0,8,0,8,0,0,41,0,41,0,0,49,0,49,88,0,88,137
02/10/2013,FTG,CO,ANM,WE,Federal Contract Tower,0,0,2,0,2,0,0,9,0,9,0,0,11,0,11,22,0,22,33
02/11/2013,FTG,CO,ANM,WE,Federal Contract Tower,0,1,1,0,2,0,0,18,0,18,0,1,19,0,20,12,0,12,32
02/12/2013,FTG,CO,ANM,WE,Federal Contract Tower,0,0,10,0,10,0,0,45,2,47,0,0,55,2,57,56,0,56,113
02/13/2013,FTG,CO,ANM,WE,Federal Contract Tower,0,1,17,0,18,0,0,44,0,44,0,1,61,0,62,98,0,98,160
02/14/2013,FTG,CO,ANM,WE,Federal Contract Tower,0,0,15,0,15,0,0,5,0,5,0,0,20,0,20,17,0,17,37
02/15/2013,FTG,CO,ANM,WE,Federal Contract Tower,0,0,8,0,8,0,0,18,0,18,0,0,26,0,26,26,0,26,52
02/16/2013,FTG,CO,ANM,WE,Federal Contract Tower,0,1,18,0,19,0,0,87,0,87,0,1,105,0,106,137,0,137,243
02/17/2013,FTG,CO,ANM,WE,Federal Contract Tower,0,0,4,0,4,0,0,42,0,42,0,0,46,0,46,94,0,94,140
02/18/2013,FTG,CO,ANM,WE,Federal Contract Tower,0,1,6,0,7,0,0,36,0,36,0,1,42,0,43,108,0,108,151
02/19/2013,FTG,CO,ANM,WE,Federal Contract Tower,0,0,15,0,15,0,0,44,0,44,0,0,59,0,59,94,0,94,153
02/20/2013,FTG,CO,ANM,WE,Federal Contract Tower,0,0,6,0,6,0,0,9,0,9,0,0,15,0,15,22,0,22,37
02/21/2013,FTG,CO,ANM,WE,Federal Contract Tower,0,1,1,0,2,0,0,0,0,0,0,1,1,0,2,0,0,0,2
02/22/2013,FTG,CO,ANM,WE,Federal Contract Tower,0,1,11,0,12,0,0,36,0,36,0,1,47,0,48,106,0,106,154
02/23/2013,FTG,CO,ANM,WE,Federal Contract Tower,0,1,20,0,21,0,0,158,0,158,0,1,178,0,179,111,0,111,290
02/24/2013,FTG,CO,ANM,WE,Federal Contract Tower,0,2,0,0,2,0,0,0,0,0,0,2,0,0,2,0,0,0,2
02/25/2013,FTG,CO,ANM,WE,Federal Contract Tower,0,1,3,0,4,0,0,13,0,13,0,1,16,0,17,48,0,48,65
02/26/2013,FTG,CO,ANM,WE,Federal Contract Tower,0,1,4,0,5,0,0,2,0,2,0,1,6,0,7,0,0,0,7
02/27/2013,FTG,CO,ANM,WE,Federal Contract Tower,0,0,6,0,6,0,0,21,0,21,0,0,27,0,27,94,0,94,121
02/28/2013,FTG,CO,ANM,WE,Federal Contract Tower,0,0,9,2,11,0,0,0,0,0,0,0,9,2,11,68,0,68,79
03/01/2013,FTG,CO,ANM,WE,Federal Contract Tower,0,2,7,0,9,0,0,51,0,51,0,2,58,0,60,118,0,118,178
03/02/2013,FTG,CO,ANM,WE,Federal Contract Tower,0,2,13,0,15,0,0,131,0,131,0,2,144,0,146,163,0,163,309
03/03/2013,FTG,CO,ANM,WE,Federal Contract Tower,0,0,13,0,13,0,0,56,12,68,0,0,69,12,81,159,0,159,240
03/04/2013,FTG,CO,ANM,WE,Federal Contract Tower,0,0,3,0,3,0,0,3,0,3,0,0,6,0,6,0,0,0,6
03/05/2013,FTG,CO,ANM,WE,Federal Contract Tower,0,0,13,0,13,0,0,36,0,36,0,0,49,0,49,83,0,83,132
03/06/2013,FTG,CO,ANM,WE,Federal Contract Tower,0,0,15,0,15,0,0,68,0,68,0,0,83,0,83,90,0,90,173
03/07/2013,FTG,CO,ANM,WE,Federal Contract Tower,0,0,6,0,6,0,0,61,0,61,0,0,67,0,67,111,4,115,182
03/08/2013,FTG,CO,ANM,WE,Federal Contract Tower,0,0,7,4,11,0,0,19,7,26,0,0,26,11,37,34,8,42,79
03/09/2013,FTG,CO,ANM,WE,Federal Contract Tower,0,0,1,0,1,0,0,0,0,0,0,0,1,0,1,0,0,0,1
03/10/2013,FTG,CO,ANM,WE,Federal Contract Tower,0,0,12,0,12,0,0,14,0,14,0,0,26,0,26,6,0,6,32
03/11/2013,FTG,CO,ANM,WE,Federal Contract Tower,0,0,4,0,4,0,0,40,2,42,0,0,44,2,46,81,14,95,141
03/12/2013,FTG,CO,ANM,WE,Federal Contract Tower,0,0,7,0,7,0,0,30,0,30,0,0,37,0,37,65,0,65,102
03/13/2013,FTG,CO,ANM,WE,Federal Contract Tower,0,0,5,0,5,0,0,64,0,64,0,0,69,0,69,50,0,50,119
03/14/2013,FTG,CO,ANM,WE,Federal Contract Tower,0,0,13,0,13,0,0,82,0,82,0,0,95,0,95,148,0,148,243
03/15/2013,FTG,CO,ANM,WE,Federal Contract Tower,0,0,13,0,13,0,0,59,0,59,0,0,72,0,72,65,0,65,137
03/16/2013,FTG,CO,ANM,WE,Federal Contract Tower,0,0,9,0,9,0,0,33,0,33,0,0,42,0,42,69,0,69,111
03/17/2013,FTG,CO,ANM,WE,Federal Contract Tower,0,0,6,0,6,0,0,16,0,16,0,0,22,0,22,18,0,18,40
03/18/2013,FTG,CO,ANM,WE,Federal Contract Tower,0,0,10,0,10,0,0,17,0,17,0,0,27,0,27,6,2,8,35
03/19/2013,FTG,CO,ANM,WE,Federal Contract Tower,0,0,6,0,6,0,0,39,0,39,0,0,45,0,45,64,0,64,109
03/20/2013,FTG,CO,ANM,WE,Federal Contract Tower,0,0,18,0,18,0,0,59,0,59,0,0,77,0,77,123,0,123,200
03/21/2013,FTG,CO,ANM,WE,Federal Contract Tower,0,0,6,0,6,0,0,15,2,17,0,0,21,2,23,21,0,21,44
03/22/2013,FTG,CO,ANM,WE,Federal Contract Tower,0,0,7,0,7,0,0,39,0,39,0,0,46,0,46,12,0,12,58
03/23/2013,FTG,CO,ANM,WE,Federal Contract Tower,0,0,3,0,3,0,0,0,0,0,0,0,3,0,3,0,0,0,3
03/24/2013,FTG,CO,ANM,WE,Federal Contract Tower,0,0,6,0,6,0,0,10,0,10,0,0,16,0,16,14,0,14,30
03/25/2013,FTG,CO,ANM,WE,Federal Contract Tower,0,0,11,0,11,0,0,29,0,29,0,0,40,0,40,61,0,61,101
03/26/2013,FTG,CO,ANM,WE,Federal Contract Tower,0,0,10,0,10,0,0,48,0,48,0,0,58,0,58,119,0,119,177
03/27/2013,FTG,CO,ANM,WE,Federal Contract Tower,0,0,3,0,3,0,0,39,0,39,0,0,42,0,42,30,0,30,72
03/28/2013,FTG,CO,ANM,WE,Federal Contract Tower,0,0,12,0,12,0,0,59,0,59,0,0,71,0,71,117,0,117,188
03/29/2013,FTG,CO,ANM,WE,Federal Contract Tower,0,0,7,0,7,0,0,52,0,52,0,0,59,0,59,127,0,127,186
03/30/2013,FTG,CO,ANM,WE,Federal Contract Tower,0,0,10,0,10,0,0,156,0,156,0,0,166,0,166,71,0,71,237
03/31/2013,FTG,CO,ANM,WE,Federal Contract Tower,0,1,6,0,7,0,0,47,0,47,0,1,53,0,54,50,0,50,104
04/01/2013,FTG,CO,ANM,WE,Federal Contract Tower,0,0,12,0,12,0,0,17,0,17,0,0,29,0,29,28,0,28,57
04/02/2013,FTG,CO,ANM,WE,Federal Contract Tower,0,1,0,0,1,0,0,5,0,5,0,1,5,0,6,8,0,8,14
04/03/2013,FTG,CO,ANM,WE,Federal Contract Tower,0,0,3,0,3,0,0,10,1,11,0,0,13,1,14,26,14,40,54
04/04/2013,FTG,CO,ANM,WE,Federal Contract Tower,0,0,4,0,4,0,0,61,0,61,0,0,65,0,65,80,0,80,145
04/05/2013,FTG,CO,ANM,WE,Federal Contract Tower,0,1,1,0,2,0,0,61,0,61,0,1,62,0,63,60,0,60,123
04/06/2013,FTG,CO,ANM,WE,Federal Contract Tower,0,0,3,0,3,0,0,57,0,57,0,0,60,0,60,38,0,38,98
04/07/2013,FTG,CO,ANM,WE,Federal Contract Tower,0,0,10,0,10,0,0,44,0,44,0,0,54,0,54,76,0,76,130
04/08/2013,FTG,CO,ANM,WE,Federal Contract Tower,0,0,6,0,6,0,0,22,0,22,0,0,28,0,28,21,0,21,49
04/09/2013,FTG,CO,ANM,WE,Federal Contract Tower,0,0,0,0,0,0,0,0,0,0,0,0,0,0,0,0,0,0,0
04/10/2013,FTG,CO,ANM,WE,Federal Contract Tower,0,0,6,0,6,0,0,7,0,7,0,0,13,0,13,44,0,44,57
04/11/2013,FTG,CO,ANM,WE,Federal Contract Tower,0,0,9,0,9,0,0,28,2,30,0,0,37,2,39,64,8,72,111
04/12/2013,FTG,CO,ANM,WE,Federal Contract Tower,0,0,2,0,2,0,0,52,0,52,0,0,54,0,54,117,0,117,171
04/13/2013,FTG,CO,ANM,WE,Federal Contract Tower,0,0,6,1,7,0,0,34,4,38,0,0,40,5,45,34,0,34,79
04/14/2013,FTG,CO,ANM,WE,Federal Contract Tower,0,0,0,0,0,0,0,7,0,7,0,0,7,0,7,4,0,4,11
04/15/2013,FTG,CO,ANM,WE,Federal Contract Tower,0,0,3,0,3,0,0,1,0,1,0,0,4,0,4,0,0,0,4
04/16/2013,FTG,CO,ANM,WE,Federal Contract Tower,0,0,5,0,5,0,0,2,0,2,0,0,7,0,7,0,0,0,7
04/17/2013,FTG,CO,ANM,WE,Federal Contract Tower,0,0,0,0,0,0,0,0,0,0,0,0,0,0,0,0,0,0,0
04/18/2013,FTG,CO,ANM,WE,Federal Contract Tower,0,0,6,0,6,0,0,29,0,29,0,0,35,0,35,40,0,40,75
04/19/2013,FTG,CO,ANM,WE,Federal Contract Tower,0,0,12,0,12,0,0,62,0,62,0,0,74,0,74,106,0,106,180
04/20/2013,FTG,CO,ANM,WE,Federal Contract Tower,0,0,6,0,6,0,0,82,0,82,0,0,88,0,88,63,0,63,151
04/21/2013,FTG,CO,ANM,WE,Federal Contract Tower,0,0,11,0,11,0,0,82,0,82,0,0,93,0,93,145,0,145,238
04/22/2013,FTG,CO,ANM,WE,Federal Contract Tower,0,0,4,0,4,0,0,0,0,0,0,0,4,0,4,6,0,6,10
04/23/2013,FTG,CO,ANM,WE,Federal Contract Tower,0,0,6,0,6,0,0,9,0,9,0,0,15,0,15,10,0,10,25
04/24/2013,FTG,CO,ANM,WE,Federal Contract Tower,0,0,3,0,3,0,0,39,0,39,0,0,42,0,42,87,0,87,129
04/25/2013,FTG,CO,ANM,WE,Federal Contract Tower,0,0,10,0,10,0,0,55,0,55,0,0,65,0,65,92,0,92,157
04/26/2013,FTG,CO,ANM,WE,Federal Contract Tower,0,1,22,0,23,0,0,77,0,77,0,1,99,0,100,66,0,66,166
04/27/2013,FTG,CO,ANM,WE,Federal Contract Tower,0,0,6,0,6,0,0,153,0,153,0,0,159,0,159,75,0,75,234
04/28/2013,FTG,CO,ANM,WE,Federal Contract Tower,0,0,8,0,8,0,0,55,0,55,0,0,63,0,63,121,0,121,184
04/29/2013,FTG,CO,ANM,WE,Federal Contract Tower,0,1,17,0,18,0,0,44,3,47,0,1,61,3,65,76,23,99,164
04/30/2013,FTG,CO,ANM,WE,Federal Contract Tower,0,0,7,0,7,0,0,47,2,49,0,0,54,2,56,43,8,51,107
05/01/2013,FTG,CO,ANM,WE,Federal Contract Tower,0,0,1,0,1,0,0,0,0,0,0,0,1,0,1,0,0,0,1
05/02/2013,FTG,CO,ANM,WE,Federal Contract Tower,0,0,16,0,16,0,0,32,0,32,0,0,48,0,48,36,0,36,84
05/03/2013,FTG,CO,ANM,WE,Federal Contract Tower,0,0,6,0,6,0,0,63,0,63,0,0,69,0,69,81,0,81,150
05/04/2013,FTG,CO,ANM,WE,Federal Contract Tower,0,0,9,0,9,0,0,80,0,80,0,0,89,0,89,148,0,148,237
05/05/2013,FTG,CO,ANM,WE,Federal Contract Tower,0,0,5,0,5,0,0,51,2,53,0,0,56,2,58,78,0,78,136
05/06/2013,FTG,CO,ANM,WE,Federal Contract Tower,0,0,7,0,7,0,0,42,0,42,0,0,49,0,49,34,0,34,83
05/07/2013,FTG,CO,ANM,WE,Federal Contract Tower,0,0,17,0,17,0,0,49,0,49,0,0,66,0,66,96,0,96,162
05/08/2013,FTG,CO,ANM,WE,Federal Contract Tower,0,0,3,0,3,0,0,13,0,13,0,0,16,0,16,22,0,22,38
05/09/2013,FTG,CO,ANM,WE,Federal Contract Tower,0,0,10,0,10,0,0,14,0,14,0,0,24,0,24,27,0,27,51
05/10/2013,FTG,CO,ANM,WE,Federal Contract Tower,0,0,6,0,6,0,0,48,0,48,0,0,54,0,54,110,0,110,164
05/11/2013,FTG,CO,ANM,WE,Federal Contract Tower,0,0,12,0,12,0,0,88,0,88,0,0,100,0,100,72,0,72,172
05/12/2013,FTG,CO,ANM,WE,Federal Contract Tower,0,0,4,0,4,0,0,53,0,53,0,0,57,0,57,46,0,46,103
05/13/2013,FTG,CO,ANM,WE,Federal Contract Tower,0,0,8,0,8,0,0,58,0,58,0,0,66,0,66,85,0,85,151
05/14/2013,FTG,CO,ANM,WE,Federal Contract Tower,0,1,6,0,7,0,1,46,0,47,0,2,52,0,54,84,0,84,138
05/15/2013,FTG,CO,ANM,WE,Federal Contract Tower,0,0,10,0,10,0,0,49,0,49,0,0,59,0,59,65,0,65,124
05/16/2013,FTG,CO,ANM,WE,Federal Contract Tower,0,0,2,0,2,0,0,47,0,47,0,0,49,0,49,100,0,100,149
05/17/2013,FTG,CO,ANM,WE,Federal Contract Tower,0,0,16,0,16,0,0,87,0,87,0,0,103,0,103,138,0,138,241
05/18/2013,FTG,CO,ANM,WE,Federal Contract Tower,0,0,5,0,5,0,0,148,0,148,0,0,153,0,153,95,0,95,248
05/19/2013,FTG,CO,ANM,WE,Federal Contract Tower,0,0,6,2,8,0,0,70,0,70,0,0,76,2,78,82,0,82,160
05/20/2013,FTG,CO,ANM,WE,Federal Contract Tower,0,0,4,0,4,0,0,19,2,21,0,0,23,2,25,22,8,30,55
05/21/2013,FTG,CO,ANM,WE,Federal Contract Tower,0,0,8,0,8,0,0,50,0,50,0,0,58,0,58,126,0,126,184
05/22/2013,FTG,CO,ANM,WE,Federal Contract Tower,0,0,5,0,5,0,0,79,0,79,0,0,84,0,84,113,0,113,197
05/23/2013,FTG,CO,ANM,WE,Federal Contract Tower,0,0,8,0,8,0,0,10,0,10,0,0,18,0,18,0,0,0,18
05/24/2013,FTG,CO,ANM,WE,Federal Contract Tower,0,0,2,0,2,0,0,66,0,66,0,0,68,0,68,87,0,87,155
05/25/2013,FTG,CO,ANM,WE,Federal Contract Tower,0,0,5,0,5,0,0,156,0,156,0,0,161,0,161,86,0,86,247
05/26/2013,FTG,CO,ANM,WE,Federal Contract Tower,0,0,6,0,6,0,0,43,0,43,0,0,49,0,49,47,0,47,96
05/27/2013,FTG,CO,ANM,WE,Federal Contract Tower,0,0,2,0,2,0,0,61,0,61,0,0,63,0,63,89,0,89,152
05/28/2013,FTG,CO,ANM,WE,Federal Contract Tower,0,0,2,0,2,0,0,47,0,47,0,0,49,0,49,94,0,94,143
05/29/2013,FTG,CO,ANM,WE,Federal Contract Tower,0,0,9,0,9,0,0,21,0,21,0,0,30,0,30,30,0,30,60
05/30/2013,FTG,CO,ANM,WE,Federal Contract Tower,0,0,5,0,5,0,0,18,0,18,0,0,23,0,23,60,0,60,83
05/31/2013,FTG,CO,ANM,WE,Federal Contract Tower,0,0,4,0,4,0,0,28,0,28,0,0,32,0,32,0,0,0,32
06/01/2013,FTG,CO,ANM,WE,Federal Contract Tower,0,0,2,0,2,0,0,47,0,47,0,0,49,0,49,66,0,66,115
06/02/2013,FTG,CO,ANM,WE,Federal Contract Tower,0,0,6,0,6,0,0,72,0,72,0,0,78,0,78,95,0,95,173
06/03/2013,FTG,CO,ANM,WE,Federal Contract Tower,0,0,4,0,4,0,0,24,0,24,0,0,28,0,28,0,0,0,28
06/04/2013,FTG,CO,ANM,WE,Federal Contract Tower,0,0,12,0,12,0,0,50,2,52,0,0,62,2,64,37,0,37,101
06/05/2013,FTG,CO,ANM,WE,Federal Contract Tower,0,0,20,0,20,0,0,25,0,25,0,0,45,0,45,2,0,2,47
06/06/2013,FTG,CO,ANM,WE,Federal Contract Tower,0,0,13,0,13,0,0,57,0,57,0,0,70,0,70,26,0,26,96
06/07/2013,FTG,CO,ANM,WE,Federal Contract Tower,0,0,8,1,9,0,0,71,1,72,0,0,79,2,81,56,0,56,137
06/08/2013,FTG,CO,ANM,WE,Federal Contract Tower,0,0,0,0,0,0,0,25,0,25,0,0,25,0,25,2,0,2,27
06/09/2013,FTG,CO,ANM,WE,Federal Contract Tower,0,0,10,0,10,0,0,84,0,84,0,0,94,0,94,67,0,67,161
06/10/2013,FTG,CO,ANM,WE,Federal Contract Tower,0,0,9,0,9,0,0,40,0,40,0,0,49,0,49,21,0,21,70
06/11/2013,FTG,CO,ANM,WE,Federal Contract Tower,0,0,3,0,3,0,0,29,2,31,0,0,32,2,34,16,6,22,56
06/12/2013,FTG,CO,ANM,WE,Federal Contract Tower,0,0,15,0,15,0,0,63,0,63,0,0,78,0,78,82,0,82,160
06/13/2013,FTG,CO,ANM,WE,Federal Contract Tower,0,0,7,0,7,0,0,56,0,56,0,0,63,0,63,43,0,43,106
06/14/2013,FTG,CO,ANM,WE,Federal Contract Tower,0,0,11,1,12,0,0,30,1,31,0,0,41,2,43,83,0,83,126
06/15/2013,FTG,CO,ANM,WE,Federal Contract Tower,0,0,5,2,7,0,0,71,0,71,0,0,76,2,78,81,0,81,159
06/16/2013,FTG,CO,ANM,WE,Federal Contract Tower,0,1,4,0,5,0,0,38,0,38,0,1,42,0,43,26,0,26,69
06/17/2013,FTG,CO,ANM,WE,Federal Contract Tower,0,0,5,0,5,0,0,24,0,24,0,0,29,0,29,35,0,35,64
06/18/2013,FTG,CO,ANM,WE,Federal Contract Tower,0,0,14,0,14,0,0,47,0,47,0,0,61,0,61,58,0,58,119
06/19/2013,FTG,CO,ANM,WE,Federal Contract Tower,0,0,13,0,13,0,0,42,0,42,0,0,55,0,55,18,0,18,73
06/20/2013,FTG,CO,ANM,WE,Federal Contract Tower,0,0,11,0,11,0,0,53,0,53,0,0,64,0,64,55,0,55,119
06/21/2013,FTG,CO,ANM,WE,Federal Contract Tower,0,0,10,0,10,0,0,74,0,74,0,0,84,0,84,101,0,101,185
06/22/2013,FTG,CO,ANM,WE,Federal Contract Tower,0,0,7,0,7,0,0,90,0,90,0,0,97,0,97,144,0,144,241
06/23/2013,FTG,CO,ANM,WE,Federal Contract Tower,0,0,11,0,11,0,0,66,0,66,0,0,77,0,77,97,0,97,174
06/24/2013,FTG,CO,ANM,WE,Federal Contract Tower,0,0,11,0,11,0,0,29,0,29,0,0,40,0,40,33,0,33,73
06/25/2013,FTG,CO,ANM,WE,Federal Contract Tower,0,1,8,0,9,0,0,65,0,65,0,1,73,0,74,114,0,114,188
06/26/2013,FTG,CO,ANM,WE,Federal Contract Tower,0,0,12,0,12,0,0,47,0,47,0,0,59,0,59,86,0,86,145
06/27/2013,FTG,CO,ANM,WE,Federal Contract Tower,0,0,17,0,17,0,0,57,0,57,0,0,74,0,74,121,0,121,195
06/28/2013,FTG,CO,ANM,WE,Federal Contract Tower,0,0,13,0,13,0,0,51,0,51,0,0,64,0,64,101,0,101,165
06/29/2013,FTG,CO,ANM,WE,Federal Contract Tower,0,0,1,0,1,0,0,134,0,134,0,0,135,0,135,73,0,73,208
06/30/2013,FTG,CO,ANM,WE,Federal Contract Tower,0,0,13,0,13,0,0,64,0,64,0,0,77,0,77,92,0,92,169
07/01/2013,FTG,CO,ANM,WE,Federal Contract Tower,0,0,17,0,17,0,0,29,1,30,0,0,46,1,47,43,0,43,90
07/02/2013,FTG,CO,ANM,WE,Federal Contract Tower,0,0,5,0,5,0,0,50,0,50,0,0,55,0,55,57,0,57,112
07/03/2013,FTG,CO,ANM,WE,Federal Contract Tower,0,0,13,0,13,0,0,55,0,55,0,0,68,0,68,55,0,55,123
07/04/2013,FTG,CO,ANM,WE,Federal Contract Tower,0,0,7,0,7,0,0,56,0,56,0,0,63,0,63,101,0,101,164
07/05/2013,FTG,CO,ANM,WE,Federal Contract Tower,0,0,2,0,2,0,0,28,0,28,0,0,30,0,30,63,0,63,93
07/06/2013,FTG,CO,ANM,WE,Federal Contract Tower,0,0,9,0,9,0,0,93,0,93,0,0,102,0,102,62,0,62,164
07/07/2013,FTG,CO,ANM,WE,Federal Contract Tower,0,0,9,0,9,0,0,54,0,54,0,0,63,0,63,92,0,92,155
07/08/2013,FTG,CO,ANM,WE,Federal Contract Tower,0,0,12,0,12,0,0,34,0,34,0,0,46,0,46,111,0,111,157
07/09/2013,FTG,CO,ANM,WE,Federal Contract Tower,0,0,12,0,12,0,0,34,0,34,0,0,46,0,46,51,0,51,97
07/10/2013,FTG,CO,ANM,WE,Federal Contract Tower,0,0,11,0,11,0,0,62,0,62,0,0,73,0,73,74,0,74,147
07/11/2013,FTG,CO,ANM,WE,Federal Contract Tower,0,0,7,0,7,0,0,35,0,35,0,0,42,0,42,74,0,74,116
07/12/2013,FTG,CO,ANM,WE,Federal Contract Tower,0,0,6,0,6,0,0,44,0,44,0,0,50,0,50,81,0,81,131
07/13/2013,FTG,CO,ANM,WE,Federal Contract Tower,0,0,11,0,11,0,0,101,0,101,0,0,112,0,112,113,0,113,225
07/14/2013,FTG,CO,ANM,WE,Federal Contract Tower,0,0,13,0,13,0,0,37,0,37,0,0,50,0,50,61,0,61,111
07/15/2013,FTG,CO,ANM,WE,Federal Contract Tower,0,0,4,0,4,0,0,10,0,10,0,0,14,0,14,43,0,43,57
07/16/2013,FTG,CO,ANM,WE,Federal Contract Tower,0,0,9,0,9,0,0,48,0,48,0,0,57,0,57,87,0,87,144
07/17/2013,FTG,CO,ANM,WE,Federal Contract Tower,0,0,14,0,14,0,0,35,0,35,0,0,49,0,49,33,0,33,82
07/18/2013,FTG,CO,ANM,WE,Federal Contract Tower,0,0,10,0,10,0,0,32,0,32,0,0,42,0,42,95,0,95,137
07/19/2013,FTG,CO,ANM,WE,Federal Contract Tower,0,0,17,0,17,0,0,36,34,70,0,0,53,34,87,108,0,108,195
07/20/2013,FTG,CO,ANM,WE,Federal Contract Tower,0,0,13,0,13,0,0,67,0,67,0,0,80,0,80,100,0,100,180
07/21/2013,FTG,CO,ANM,WE,Federal Contract Tower,0,0,23,0,23,0,0,56,0,56,0,0,79,0,79,98,0,98,177
07/22/2013,FTG,CO,ANM,WE,Federal Contract Tower,0,0,10,0,10,0,0,37,0,37,0,0,47,0,47,50,0,50,97
07/23/2013,FTG,CO,ANM,WE,Federal Contract Tower,0,0,10,0,10,0,0,42,0,42,0,0,52,0,52,124,0,124,176
07/24/2013,FTG,CO,ANM,WE,Federal Contract Tower,0,0,11,0,11,0,0,29,2,31,0,0,40,2,42,58,0,58,100
07/25/2013,FTG,CO,ANM,WE,Federal Contract Tower,0,0,10,0,10,0,0,48,24,72,0,0,58,24,82,82,0,82,164
07/26/2013,FTG,CO,ANM,WE,Federal Contract Tower,0,0,4,0,4,0,0,44,0,44,0,0,48,0,48,122,0,122,170
07/27/2013,FTG,CO,ANM,WE,Federal Contract Tower,0,0,16,0,16,0,0,115,0,115,0,0,131,0,131,75,0,75,206
07/28/2013,FTG,CO,ANM,WE,Federal Contract Tower,0,0,15,0,15,0,0,0,0,0,0,0,15,0,15,6,0,6,21
07/29/2013,FTG,CO,ANM,WE,Federal Contract Tower,0,0,11,0,11,0,0,5,0,5,0,0,16,0,16,6,0,6,22
07/30/2013,FTG,CO,ANM,WE,Federal Contract Tower,0,0,6,0,6,0,0,46,0,46,0,0,52,0,52,60,0,60,112
07/31/2013,FTG,CO,ANM,WE,Federal Contract Tower,0,0,12,0,12,0,0,46,0,46,0,0,58,0,58,51,0,51,109
08/01/2013,FTG,CO,ANM,WE,Federal Contract Tower,0,0,14,0,14,0,0,48,0,48,0,0,62,0,62,87,0,87,149
08/02/2013,FTG,CO,ANM,WE,Federal Contract Tower,0,0,13,0,13,0,0,32,0,32,0,0,45,0,45,154,0,154,199
08/03/2013,FTG,CO,ANM,WE,Federal Contract Tower,0,0,7,0,7,0,0,48,0,48,0,0,55,0,55,73,13,86,141
08/04/2013,FTG,CO,ANM,WE,Federal Contract Tower,0,0,9,0,9,0,0,52,0,52,0,0,61,0,61,54,0,54,115
08/05/2013,FTG,CO,ANM,WE,Federal Contract Tower,0,0,7,0,7,0,0,39,0,39,0,0,46,0,46,56,0,56,102
08/06/2013,FTG,CO,ANM,WE,Federal Contract Tower,0,0,8,0,8,0,0,74,0,74,0,0,82,0,82,54,0,54,136
08/07/2013,FTG,CO,ANM,WE,Federal Contract Tower,0,0,12,3,15,0,0,44,1,45,0,0,56,4,60,114,0,114,174
08/08/2013,FTG,CO,ANM,WE,Federal Contract Tower,0,0,10,0,10,0,0,22,0,22,0,0,32,0,32,43,0,43,75
08/09/2013,FTG,CO,ANM,WE,Federal Contract Tower,0,0,15,0,15,0,0,56,0,56,0,0,71,0,71,140,0,140,211
08/10/2013,FTG,CO,ANM,WE,Federal Contract Tower,0,0,10,0,10,0,0,85,0,85,0,0,95,0,95,68,0,68,163
08/11/2013,FTG,CO,ANM,WE,Federal Contract Tower,0,0,9,0,9,0,0,75,0,75,0,0,84,0,84,84,0,84,168
08/12/2013,FTG,CO,ANM,WE,Federal Contract Tower,0,0,8,0,8,0,0,31,0,31,0,0,39,0,39,101,0,101,140
08/13/2013,FTG,CO,ANM,WE,Federal Contract Tower,0,0,4,0,4,0,0,45,0,45,0,0,49,0,49,134,0,134,183
08/14/2013,FTG,CO,ANM,WE,Federal Contract Tower,0,0,8,0,8,0,0,48,0,48,0,0,56,0,56,138,0,138,194
08/15/2013,FTG,CO,ANM,WE,Federal Contract Tower,0,0,25,0,25,0,0,67,0,67,0,0,92,0,92,134,0,134,226
08/16/2013,FTG,CO,ANM,WE,Federal Contract Tower,0,0,8,0,8,0,0,84,0,84,0,0,92,0,92,173,0,173,265
08/17/2013,FTG,CO,ANM,WE,Federal Contract Tower,0,0,3,0,3,0,0,109,1,110,0,0,112,1,113,90,0,90,203
08/18/2013,FTG,CO,ANM,WE,Federal Contract Tower,0,1,7,0,8,0,0,63,0,63,0,1,70,0,71,65,0,65,136
08/19/2013,FTG,CO,ANM,WE,Federal Contract Tower,0,0,17,0,17,0,0,53,0,53,0,0,70,0,70,66,0,66,136
08/20/2013,FTG,CO,ANM,WE,Federal Contract Tower,0,0,16,0,16,0,0,56,0,56,0,0,72,0,72,89,0,89,161
08/21/2013,FTG,CO,ANM,WE,Federal Contract Tower,0,0,5,0,5,0,0,33,4,37,0,0,38,4,42,112,2,114,156
08/22/2013,FTG,CO,ANM,WE,Federal Contract Tower,0,0,21,0,21,0,0,44,0,44,0,0,65,0,65,55,0,55,120
08/23/2013,FTG,CO,ANM,WE,Federal Contract Tower,0,0,10,0,10,0,0,73,2,75,0,0,83,2,85,92,0,92,177
08/24/2013,FTG,CO,ANM,WE,Federal Contract Tower,0,0,3,0,3,0,0,138,2,140,0,0,141,2,143,46,0,46,189
08/25/2013,FTG,CO,ANM,WE,Federal Contract Tower,0,0,4,0,4,0,0,67,0,67,0,0,71,0,71,31,0,31,102
08/26/2013,FTG,CO,ANM,WE,Federal Contract Tower,0,0,4,0,4,0,0,49,0,49,0,0,53,0,53,148,0,148,201
08/27/2013,FTG,CO,ANM,WE,Federal Contract Tower,0,0,13,0,13,0,0,49,0,49,0,0,62,0,62,71,0,71,133
08/28/2013,FTG,CO,ANM,WE,Federal Contract Tower,0,0,14,0,14,0,0,76,0,76,0,0,90,0,90,110,0,110,200
08/29/2013,FTG,CO,ANM,WE,Federal Contract Tower,0,0,5,0,5,0,0,43,0,43,0,0,48,0,48,58,2,60,108
08/30/2013,FTG,CO,ANM,WE,Federal Contract Tower,0,0,8,0,8,0,0,49,0,49,0,0,57,0,57,104,0,104,161
08/31/2013,FTG,CO,ANM,WE,Federal Contract Tower,0,0,2,0,2,0,0,79,0,79,0,0,81,0,81,88,0,88,169
09/01/2013,FTG,CO,ANM,WE,Federal Contract Tower,0,0,5,0,5,0,0,35,0,35,0,0,40,0,40,22,0,22,62
09/02/2013,FTG,CO,ANM,WE,Federal Contract Tower,0,1,7,0,8,0,0,64,0,64,0,1,71,0,72,78,0,78,150
09/03/2013,FTG,CO,ANM,WE,Federal Contract Tower,0,0,4,0,4,0,0,49,0,49,0,0,53,0,53,54,0,54,107
09/04/2013,FTG,CO,ANM,WE,Federal Contract Tower,0,0,2,0,2,0,0,50,2,52,0,0,52,2,54,70,6,76,130
09/05/2013,FTG,CO,ANM,WE,Federal Contract Tower,0,0,4,2,6,0,0,34,2,36,0,0,38,4,42,78,0,78,120
09/06/2013,FTG,CO,ANM,WE,Federal Contract Tower,0,0,14,0,14,0,0,61,0,61,0,0,75,0,75,33,0,33,108
09/07/2013,FTG,CO,ANM,WE,Federal Contract Tower,0,0,1,0,1,0,0,63,0,63,0,0,64,0,64,29,0,29,93
09/08/2013,FTG,CO,ANM,WE,Federal Contract Tower,0,0,8,0,8,0,0,57,6,63,0,0,65,6,71,116,0,116,187
09/09/2013,FTG,CO,ANM,WE,Federal Contract Tower,0,0,11,0,11,0,0,51,0,51,0,0,62,0,62,39,0,39,101
09/10/2013,FTG,CO,ANM,WE,Federal Contract Tower,0,0,5,0,5,0,0,8,0,8,0,0,13,0,13,21,0,21,34
09/11/2013,FTG,CO,ANM,WE,Federal Contract Tower,0,0,6,0,6,0,0,5,2,7,0,0,11,2,13,10,0,10,23
09/12/2013,FTG,CO,ANM,WE,Federal Contract Tower,0,0,11,0,11,0,0,0,0,0,0,0,11,0,11,0,0,0,11
09/13/2013,FTG,CO,ANM,WE,Federal Contract Tower,0,0,17,0,17,0,0,30,0,30,0,0,47,0,47,0,0,0,47
09/14/2013,FTG,CO,ANM,WE,Federal Contract Tower,0,0,10,0,10,0,0,45,0,45,0,0,55,0,55,103,0,103,158
09/15/2013,FTG,CO,ANM,WE,Federal Contract Tower,0,0,4,0,4,0,0,0,0,0,0,0,4,0,4,0,0,0,4
09/16/2013,FTG,CO,ANM,WE,Federal Contract Tower,0,0,10,0,10,0,0,26,0,26,0,0,36,0,36,34,0,34,70
09/17/2013,FTG,CO,ANM,WE,Federal Contract Tower,0,0,6,0,6,0,0,65,0,65,0,0,71,0,71,153,0,153,224
09/18/2013,FTG,CO,ANM,WE,Federal Contract Tower,0,0,7,0,7,0,0,57,0,57,0,0,64,0,64,78,0,78,142
09/19/2013,FTG,CO,ANM,WE,Federal Contract Tower,0,0,13,0,13,0,0,38,0,38,0,0,51,0,51,77,0,77,128
09/20/2013,FTG,CO,ANM,WE,Federal Contract Tower,0,0,5,0,5,0,0,67,0,67,0,0,72,0,72,64,0,64,136
09/21/2013,FTG,CO,ANM,WE,Federal Contract Tower,0,0,1,0,1,0,2,85,0,87,0,2,86,0,88,119,0,119,207
09/22/2013,FTG,CO,ANM,WE,Federal Contract Tower,0,0,13,1,14,0,0,49,0,49,0,0,62,1,63,83,0,83,146
09/23/2013,FTG,CO,ANM,WE,Federal Contract Tower,0,0,3,0,3,0,0,14,0,14,0,0,17,0,17,0,0,0,17
09/24/2013,FTG,CO,ANM,WE,Federal Contract Tower,0,0,7,0,7,0,0,71,1,72,0,0,78,1,79,105,0,105,184
09/25/2013,FTG,CO,ANM,WE,Federal Contract Tower,0,0,13,0,13,0,0,55,0,55,0,0,68,0,68,46,0,46,114
09/26/2013,FTG,CO,ANM,WE,Federal Contract Tower,0,0,3,0,3,0,0,67,2,69,0,0,70,2,72,134,12,146,218
09/27/2013,FTG,CO,ANM,WE,Federal Contract Tower,0,0,4,0,4,0,0,0,0,0,0,0,4,0,4,0,0,0,4
09/28/2013,FTG,CO,ANM,WE,Federal Contract Tower,0,0,4,0,4,0,0,172,0,172,0,0,176,0,176,49,0,49,225
09/29/2013,FTG,CO,ANM,WE,Federal Contract Tower,0,0,6,0,6,0,0,80,0,80,0,0,86,0,86,59,8,67,153
09/30/2013,FTG,CO,ANM,WE,Federal Contract Tower,0,0,6,0,6,0,0,50,0,50,0,0,56,0,56,63,4,67,123
10/01/2013,FTG,CO,ANM,WE,Federal Contract Tower,0,0,5,0,5,0,0,48,0,48,0,0,53,0,53,104,0,104,157
10/02/2013,FTG,CO,ANM,WE,Federal Contract Tower,0,0,11,4,15,0,0,57,0,57,0,0,68,4,72,126,0,126,198
10/03/2013,FTG,CO,ANM,WE,Federal Contract Tower,0,0,15,0,15,0,0,34,0,34,0,0,49,0,49,127,0,127,176
10/04/2013,FTG,CO,ANM,WE,Federal Contract Tower,0,0,2,0,2,0,0,4,0,4,0,0,6,0,6,0,0,0,6
10/05/2013,FTG,CO,ANM,WE,Federal Contract Tower,0,0,4,0,4,0,0,24,0,24,0,0,28,0,28,53,0,53,81
10/06/2013,FTG,CO,ANM,WE,Federal Contract Tower,0,0,4,0,4,0,0,68,0,68,0,0,72,0,72,107,6,113,185
10/07/2013,FTG,CO,ANM,WE,Federal Contract Tower,0,0,1,0,1,0,0,39,0,39,0,0,40,0,40,43,0,43,83
10/08/2013,FTG,CO,ANM,WE,Federal Contract Tower,0,6,2,0,8,0,0,64,0,64,0,6,66,0,72,129,0,129,201
10/09/2013,FTG,CO,ANM,WE,Federal Contract Tower,0,0,5,0,5,0,0,81,0,81,0,0,86,0,86,121,0,121,207
10/10/2013,FTG,CO,ANM,WE,Federal Contract Tower,0,0,4,0,4,0,0,19,0,19,0,0,23,0,23,42,0,42,65
10/11/2013,FTG,CO,ANM,WE,Federal Contract Tower,0,0,8,0,8,0,0,42,0,42,0,0,50,0,50,60,0,60,110
10/12/2013,FTG,CO,ANM,WE,Federal Contract Tower,0,0,7,0,7,0,0,19,0,19,0,0,26,0,26,52,0,52,78
10/13/2013,FTG,CO,ANM,WE,Federal Contract Tower,0,0,6,0,6,0,0,52,0,52,0,0,58,0,58,32,0,32,90
10/14/2013,FTG,CO,ANM,WE,Federal Contract Tower,0,0,4,0,4,0,0,13,0,13,0,0,17,0,17,26,0,26,43
10/15/2013,FTG,CO,ANM,WE,Federal Contract Tower,0,2,1,0,3,0,0,16,0,16,0,2,17,0,19,58,0,58,77
10/16/2013,FTG,CO,ANM,WE,Federal Contract Tower,0,0,7,0,7,0,0,51,0,51,0,0,58,0,58,64,0,64,122
10/17/2013,FTG,CO,ANM,WE,Federal Contract Tower,0,4,12,0,16,0,4,30,0,34,0,8,42,0,50,48,0,48,98
10/18/2013,FTG,CO,ANM,WE,Federal Contract Tower,0,1,6,0,7,0,0,26,0,26,0,1,32,0,33,53,0,53,86
10/19/2013,FTG,CO,ANM,WE,Federal Contract Tower,0,0,3,0,3,0,0,90,0,90,0,0,93,0,93,65,0,65,158
10/20/2013,FTG,CO,ANM,WE,Federal Contract Tower,0,0,9,0,9,0,0,19,0,19,0,0,28,0,28,74,0,74,102
10/21/2013,FTG,CO,ANM,WE,Federal Contract Tower,0,0,6,0,6,0,0,25,0,25,0,0,31,0,31,72,0,72,103
10/22/2013,FTG,CO,ANM,WE,Federal Contract Tower,0,0,3,0,3,0,0,49,0,49,0,0,52,0,52,49,0,49,101
10/23/2013,FTG,CO,ANM,WE,Federal Contract Tower,0,0,13,0,13,0,0,64,0,64,0,0,77,0,77,78,0,78,155
10/24/2013,FTG,CO,ANM,WE,Federal Contract Tower,0,0,13,0,13,0,0,27,0,27,0,0,40,0,40,18,0,18,58
10/25/2013,FTG,CO,ANM,WE,Federal Contract Tower,0,0,6,0,6,0,0,71,0,71,0,0,77,0,77,71,0,71,148
10/26/2013,FTG,CO,ANM,WE,Federal Contract Tower,0,0,5,0,5,0,0,142,0,142,0,0,147,0,147,66,0,66,213
10/27/2013,FTG,CO,ANM,WE,Federal Contract Tower,0,0,4,0,4,0,0,0,69,69,0,0,4,69,73,117,0,117,190
10/28/2013,FTG,CO,ANM,WE,Federal Contract Tower,0,0,3,0,3,0,0,0,0,0,0,0,3,0,3,0,0,0,3
10/29/2013,FTG,CO,ANM,WE,Federal Contract Tower,0,0,4,0,4,0,0,6,0,6,0,0,10,0,10,27,0,27,37
10/30/2013,FTG,CO,ANM,WE,Federal Contract Tower,0,0,11,0,11,0,0,15,2,17,0,0,26,2,28,54,0,54,82
10/31/2013,FTG,CO,ANM,WE,Federal Contract Tower,0,0,4,0,4,0,0,23,0,23,0,0,27,0,27,34,0,34,61
11/01/2013,FTG,CO,ANM,WE,Federal Contract Tower,0,0,8,0,8,0,0,53,21,74,0,0,61,21,82,97,3,100,182
11/02/2013,FTG,CO,ANM,WE,Federal Contract Tower,0,0,3,0,3,0,0,173,0,173,0,0,176,0,176,116,0,116,292
11/03/2013,FTG,CO,ANM,WE,Federal Contract Tower,0,0,2,0,2,0,0,61,0,61,0,0,63,0,63,91,0,91,154
11/04/2013,FTG,CO,ANM,WE,Federal Contract Tower,0,0,12,0,12,0,0,24,0,24,0,0,36,0,36,67,0,67,103
11/05/2013,FTG,CO,ANM,WE,Federal Contract Tower,0,0,0,0,0,0,0,6,0,6,0,0,6,0,6,0,0,0,6
11/06/2013,FTG,CO,ANM,WE,Federal Contract Tower,0,0,19,0,19,0,0,52,1,53,0,0,71,1,72,63,10,73,145
11/07/2013,FTG,CO,ANM,WE,Federal Contract Tower,0,0,4,0,4,0,0,48,4,52,0,0,52,4,56,65,14,79,135
11/08/2013,FTG,CO,ANM,WE,Federal Contract Tower,0,0,12,0,12,0,0,59,0,59,0,0,71,0,71,103,0,103,174
11/09/2013,FTG,CO,ANM,WE,Federal Contract Tower,0,0,11,0,11,0,0,87,0,87,0,0,98,0,98,161,0,161,259
11/10/2013,FTG,CO,ANM,WE,Federal Contract Tower,0,0,4,0,4,0,0,90,0,90,0,0,94,0,94,161,0,161,255
11/11/2013,FTG,CO,ANM,WE,Federal Contract Tower,0,0,11,0,11,0,0,46,0,46,0,0,57,0,57,88,0,88,145
11/12/2013,FTG,CO,ANM,WE,Federal Contract Tower,0,0,15,0,15,0,0,43,2,45,0,0,58,2,60,56,6,62,122
11/13/2013,FTG,CO,ANM,WE,Federal Contract Tower,0,0,10,0,10,0,0,76,2,78,0,0,86,2,88,81,40,121,209
11/14/2013,FTG,CO,ANM,WE,Federal Contract Tower,0,0,3,0,3,0,0,40,1,41,0,0,43,1,44,38,29,67,111
11/15/2013,FTG,CO,ANM,WE,Federal Contract Tower,0,0,5,2,7,0,0,76,0,76,0,0,81,2,83,186,0,186,269
11/16/2013,FTG,CO,ANM,WE,Federal Contract Tower,0,0,2,0,2,0,0,64,0,64,0,0,66,0,66,146,0,146,212
11/17/2013,FTG,CO,ANM,WE,Federal Contract Tower,0,0,4,0,4,0,0,33,0,33,0,0,37,0,37,31,0,31,68
11/18/2013,FTG,CO,ANM,WE,Federal Contract Tower,0,0,8,0,8,0,0,64,0,64,0,0,72,0,72,49,0,49,121
11/19/2013,FTG,CO,ANM,WE,Federal Contract Tower,0,0,5,0,5,0,0,36,0,36,0,0,41,0,41,57,0,57,98
11/20/2013,FTG,CO,ANM,WE,Federal Contract Tower,0,0,9,0,9,0,0,57,0,57,0,0,66,0,66,92,6,98,164
11/21/2013,FTG,CO,ANM,WE,Federal Contract Tower,0,0,3,0,3,0,0,0,0,0,0,0,3,0,3,0,0,0,3
11/22/2013,FTG,CO,ANM,WE,Federal Contract Tower,0,0,10,0,10,0,0,29,0,29,0,0,39,0,39,26,0,26,65
11/23/2013,FTG,CO,ANM,WE,Federal Contract Tower,0,0,0,0,0,0,0,64,0,64,0,0,64,0,64,84,0,84,148
11/24/2013,FTG,CO,ANM,WE,Federal Contract Tower,0,0,4,0,4,0,0,19,0,19,0,0,23,0,23,92,0,92,115
11/25/2013,FTG,CO,ANM,WE,Federal Contract Tower,0,0,8,0,8,0,0,11,0,11,0,0,19,0,19,51,0,51,70
11/26/2013,FTG,CO,ANM,WE,Federal Contract Tower,0,0,12,0,12,0,0,71,0,71,0,0,83,0,83,94,0,94,177
11/27/2013,FTG,CO,ANM,WE,Federal Contract Tower,0,0,10,0,10,0,0,84,6,90,0,0,94,6,100,90,26,116,216
11/28/2013,FTG,CO,ANM,WE,Federal Contract Tower,0,0,0,0,0,0,0,16,0,16,0,0,16,0,16,30,8,38,54
11/29/2013,FTG,CO,ANM,WE,Federal Contract Tower,0,0,4,0,4,0,0,82,0,82,0,0,86,0,86,97,0,97,183
11/30/2013,FTG,CO,ANM,WE,Federal Contract Tower,0,0,8,0,8,0,0,78,0,78,0,0,86,0,86,88,0,88,174
12/01/2013,FTG,CO,ANM,WE,Federal Contract Tower,0,0,5,0,5,0,0,55,0,55,0,0,60,0,60,119,0,119,179
12/02/2013,FTG,CO,ANM,WE,Federal Contract Tower,0,0,10,0,10,0,0,25,0,25,0,0,35,0,35,1,0,1,36
12/03/2013,FTG,CO,ANM,WE,Federal Contract Tower,0,0,8,0,8,0,0,30,0,30,0,0,38,0,38,26,0,26,64
12/04/2013,FTG,CO,ANM,WE,Federal Contract Tower,0,0,0,0,0,0,0,0,0,0,0,0,0,0,0,0,0,0,0
12/05/2013,FTG,CO,ANM,WE,Federal Contract Tower,0,0,3,3,6,0,0,3,2,5,0,0,6,5,11,0,0,0,11
12/06/2013,FTG,CO,ANM,WE,Federal Contract Tower,0,0,7,0,7,0,0,5,0,5,0,0,12,0,12,6,0,6,18
12/07/2013,FTG,CO,ANM,WE,Federal Contract Tower,0,0,5,0,5,0,0,7,0,7,0,0,12,0,12,6,0,6,18
12/08/2013,FTG,CO,ANM,WE,Federal Contract Tower,0,0,3,0,3,0,0,1,0,1,0,0,4,0,4,0,0,0,4
12/09/2013,FTG,CO,ANM,WE,Federal Contract Tower,0,0,2,0,2,0,0,12,0,12,0,0,14,0,14,0,0,0,14
12/10/2013,FTG,CO,ANM,WE,Federal Contract Tower,0,0,1,0,1,0,0,33,0,33,0,0,34,0,34,22,0,22,56
12/11/2013,FTG,CO,ANM,WE,Federal Contract Tower,0,0,12,0,12,0,0,29,0,29,0,0,41,0,41,60,10,70,111
12/12/2013,FTG,CO,ANM,WE,Federal Contract Tower,0,0,2,0,2,0,0,51,1,52,0,0,53,1,54,110,21,131,185
12/13/2013,FTG,CO,ANM,WE,Federal Contract Tower,0,0,8,0,8,0,0,46,6,52,0,0,54,6,60,69,40,109,169
12/14/2013,FTG,CO,ANM,WE,Federal Contract Tower,0,0,5,0,5,0,0,97,0,97,0,0,102,0,102,87,0,87,189
12/15/2013,FTG,CO,ANM,WE,Federal Contract Tower,0,0,6,0,6,0,0,52,0,52,0,0,58,0,58,57,0,57,115
12/16/2013,FTG,CO,ANM,WE,Federal Contract Tower,0,0,1,0,1,0,0,20,0,20,0,0,21,0,21,20,0,20,41
12/17/2013,FTG,CO,ANM,WE,Federal Contract Tower,0,0,11,0,11,0,0,58,4,62,0,0,69,4,73,97,0,97,170
12/18/2013,FTG,CO,ANM,WE,Federal Contract Tower,0,0,6,0,6,0,0,75,9,84,0,0,81,9,90,109,28,137,227
12/19/2013,FTG,CO,ANM,WE,Federal Contract Tower,0,0,4,0,4,0,0,56,2,58,0,0,60,2,62,81,12,93,155
12/20/2013,FTG,CO,ANM,WE,Federal Contract Tower,0,0,4,0,4,0,0,1,0,1,0,0,5,0,5,0,0,0,5
12/21/2013,FTG,CO,ANM,WE,Federal Contract Tower,0,0,12,0,12,0,0,6,0,6,0,0,18,0,18,2,0,2,20
12/22/2013,FTG,CO,ANM,WE,Federal Contract Tower,0,0,9,0,9,0,0,37,0,37,0,0,46,0,46,35,0,35,81
12/23/2013,FTG,CO,ANM,WE,Federal Contract Tower,0,0,9,0,9,0,0,48,1,49,0,0,57,1,58,84,0,84,142
12/24/2013,FTG,CO,ANM,WE,Federal Contract Tower,0,0,9,0,9,0,0,20,0,20,0,0,29,0,29,26,0,26,55
12/25/2013,FTG,CO,ANM,WE,Federal Contract Tower,0,0,1,0,1,0,0,9,0,9,0,0,10,0,10,6,0,6,16
12/26/2013,FTG,CO,ANM,WE,Federal Contract Tower,0,0,12,0,12,0,0,46,0,46,0,0,58,0,58,174,0,174,232
12/27/2013,FTG,CO,ANM,WE,Federal Contract Tower,0,0,19,0,19,0,0,88,0,88,0,0,107,0,107,156,0,156,263
12/28/2013,FTG,CO,ANM,WE,Federal Contract Tower,0,0,11,0,11,0,0,66,0,66,0,0,77,0,77,72,0,72,149
12/29/2013,FTG,CO,ANM,WE,Federal Contract Tower,0,0,13,0,13,0,0,22,0,22,0,0,35,0,35,5,2,7,42
12/30/2013,FTG,CO,ANM,WE,Federal Contract Tower,0,0,8,0,8,0,0,23,0,23,0,0,31,0,31,74,0,74,105
12/31/2013,FTG,CO,ANM,WE,Federal Contract Tower,0,0,4,0,4,0,0,41,0,41,0,0,45,0,45,101,0,101,146
01/01/2014,FTG,CO,ANM,WE,Federal Contract Tower,0,0,3,0,3,0,0,0,0,0,0,0,3,0,3,0,0,0,3
01/02/2014,FTG,CO,ANM,WE,Federal Contract Tower,0,0,10,2,12,0,0,40,0,40,0,0,50,2,52,24,0,24,76
01/03/2014,FTG,CO,ANM,WE,Federal Contract Tower,0,0,22,0,22,0,0,82,0,82,0,0,104,0,104,96,0,96,200
01/04/2014,FTG,CO,ANM,WE,Federal Contract Tower,0,0,6,0,6,0,0,0,0,0,0,0,6,0,6,0,0,0,6
01/05/2014,FTG,CO,ANM,WE,Federal Contract Tower,9,0,0,0,9,0,0,0,0,0,9,0,0,0,9,0,0,0,9
01/06/2014,FTG,CO,ANM,WE,Federal Contract Tower,0,0,8,0,8,0,0,15,0,15,0,0,23,0,23,38,0,38,61
01/07/2014,FTG,CO,ANM,WE,Federal Contract Tower,0,0,12,0,12,0,0,17,0,17,0,0,29,0,29,16,4,20,49
01/08/2014,FTG,CO,ANM,WE,Federal Contract Tower,0,0,5,0,5,0,0,38,4,42,0,0,43,4,47,62,28,90,137
01/09/2014,FTG,CO,ANM,WE,Federal Contract Tower,0,0,9,0,9,0,0,35,2,37,0,0,44,2,46,141,11,152,198
01/10/2014,FTG,CO,ANM,WE,Federal Contract Tower,0,0,2,1,3,0,0,26,0,26,0,0,28,1,29,4,0,4,33
01/11/2014,FTG,CO,ANM,WE,Federal Contract Tower,0,0,6,0,6,0,0,73,0,73,0,0,79,0,79,76,0,76,155
01/12/2014,FTG,CO,ANM,WE,Federal Contract Tower,0,0,8,0,8,0,0,5,0,5,0,0,13,0,13,20,0,20,33
01/13/2014,FTG,CO,ANM,WE,Federal Contract Tower,0,0,12,0,12,0,0,16,0,16,0,0,28,0,28,63,0,63,91
01/14/2014,FTG,CO,ANM,WE,Federal Contract Tower,0,0,0,2,2,0,0,12,1,13,0,0,12,3,15,0,6,6,21
01/15/2014,FTG,CO,ANM,WE,Federal Contract Tower,0,0,17,0,17,0,0,60,4,64,0,0,77,4,81,32,24,56,137
01/16/2014,FTG,CO,ANM,WE,Federal Contract Tower,0,0,10,0,10,0,0,28,0,28,0,0,38,0,38,52,0,52,90
01/17/2014,FTG,CO,ANM,WE,Federal Contract Tower,0,0,11,0,11,0,0,62,2,64,0,0,73,2,75,92,10,102,177
01/18/2014,FTG,CO,ANM,WE,Federal Contract Tower,0,0,7,0,7,0,0,103,0,103,0,0,110,0,110,128,0,128,238
01/19/2014,FTG,CO,ANM,WE,Federal Contract Tower,0,0,9,0,9,0,0,41,0,41,0,0,50,0,50,115,0,115,165
01/20/2014,FTG,CO,ANM,WE,Federal Contract Tower,0,0,16,0,16,0,0,43,0,43,0,0,59,0,59,136,0,136,195
01/21/2014,FTG,CO,ANM,WE,Federal Contract Tower,0,0,10,0,10,0,0,47,0,47,0,0,57,0,57,46,0,46,103
01/22/2014,FTG,CO,ANM,WE,Federal Contract Tower,0,0,19,0,19,0,0,64,0,64,0,0,83,0,83,44,0,44,127
01/23/2014,FTG,CO,ANM,WE,Federal Contract Tower,0,0,6,0,6,0,0,2,0,2,0,0,8,0,8,4,0,4,12
01/24/2014,FTG,CO,ANM,WE,Federal Contract Tower,0,0,10,0,10,0,0,50,0,50,0,0,60,0,60,154,0,154,214
01/25/2014,FTG,CO,ANM,WE,Federal Contract Tower,0,0,5,0,5,0,0,189,0,189,0,0,194,0,194,78,0,78,272
01/26/2014,FTG,CO,ANM,WE,Federal Contract Tower,0,0,4,0,4,0,0,23,0,23,0,0,27,0,27,67,0,67,94
01/27/2014,FTG,CO,ANM,WE,Federal Contract Tower,0,0,0,0,0,0,0,0,0,0,0,0,0,0,0,0,0,0,0
01/28/2014,FTG,CO,ANM,WE,Federal Contract Tower,0,0,12,0,12,0,0,32,0,32,0,0,44,0,44,74,0,74,118
01/29/2014,FTG,CO,ANM,WE,Federal Contract Tower,0,0,8,0,8,0,0,54,0,54,0,0,62,0,62,110,10,120,182
01/30/2014,FTG,CO,ANM,WE,Federal Contract Tower,0,0,7,0,7,0,0,2,0,2,0,0,9,0,9,0,0,0,9
01/31/2014,FTG,CO,ANM,WE,Federal Contract Tower,0,0,9,0,9,0,0,1,0,1,0,0,10,0,10,0,0,0,10
02/01/2014,FTG,CO,ANM,WE,Federal Contract Tower,0,0,2,0,2,0,0,0,0,0,0,0,2,0,2,0,0,0,2
02/02/2014,FTG,CO,ANM,WE,Federal Contract Tower,0,0,3,0,3,0,0,21,0,21,0,0,24,0,24,30,0,30,54
02/03/2014,FTG,CO,ANM,WE,Federal Contract Tower,0,0,10,0,10,0,0,21,0,21,0,0,31,0,31,60,0,60,91
02/04/2014,FTG,CO,ANM,WE,Federal Contract Tower,0,0,0,0,0,0,0,0,0,0,0,0,0,0,0,0,0,0,0
02/05/2014,FTG,CO,ANM,WE,Federal Contract Tower,0,0,8,0,8,0,0,7,1,8,0,0,15,1,16,4,0,4,20
02/06/2014,FTG,CO,ANM,WE,Federal Contract Tower,0,0,4,0,4,0,0,12,0,12,0,0,16,0,16,8,0,8,24
02/07/2014,FTG,CO,ANM,WE,Federal Contract Tower,0,0,8,0,8,0,0,19,3,22,0,0,27,3,30,67,4,71,101
02/08/2014,FTG,CO,ANM,WE,Federal Contract Tower,0,0,3,0,3,0,0,62,0,62,0,0,65,0,65,72,0,72,137
02/09/2014,FTG,CO,ANM,WE,Federal Contract Tower,0,0,4,0,4,0,0,0,0,0,0,0,4,0,4,0,0,0,4
02/10/2014,FTG,CO,ANM,WE,Federal Contract Tower,0,0,6,0,6,0,0,1,0,1,0,0,7,0,7,0,0,0,7
02/11/2014,FTG,CO,ANM,WE,Federal Contract Tower,0,0,7,0,7,0,0,31,0,31,0,0,38,0,38,100,0,100,138
02/12/2014,FTG,CO,ANM,WE,Federal Contract Tower,0,0,13,0,13,0,0,45,1,46,0,0,58,1,59,108,22,130,189
02/13/2014,FTG,CO,ANM,WE,Federal Contract Tower,0,0,10,0,10,0,0,42,1,43,0,0,52,1,53,86,18,104,157
02/14/2014,FTG,CO,ANM,WE,Federal Contract Tower,0,0,9,0,9,0,0,58,0,58,0,0,67,0,67,66,0,66,133
02/15/2014,FTG,CO,ANM,WE,Federal Contract Tower,0,0,13,0,13,0,0,11,0,11,0,0,24,0,24,16,0,16,40
02/16/2014,FTG,CO,ANM,WE,Federal Contract Tower,0,0,7,0,7,0,0,47,0,47,0,0,54,0,54,128,0,128,182
02/17/2014,FTG,CO,ANM,WE,Federal Contract Tower,0,0,14,0,14,0,0,51,0,51,0,0,65,0,65,89,0,89,154
02/18/2014,FTG,CO,ANM,WE,Federal Contract Tower,0,0,11,0,11,0,0,18,0,18,0,0,29,0,29,6,0,6,35
02/19/2014,FTG,CO,ANM,WE,Federal Contract Tower,0,0,1,0,1,0,0,30,2,32,0,0,31,2,33,46,12,58,91
02/20/2014,FTG,CO,ANM,WE,Federal Contract Tower,0,0,4,0,4,0,0,11,0,11,0,0,15,0,15,30,0,30,45
02/21/2014,FTG,CO,ANM,WE,Federal Contract Tower,0,0,4,0,4,0,0,5,0,5,0,0,9,0,9,0,0,0,9
02/22/2014,FTG,CO,ANM,WE,Federal Contract Tower,0,0,18,0,18,0,0,68,0,68,0,0,86,0,86,102,0,102,188
02/23/2014,FTG,CO,ANM,WE,Federal Contract Tower,0,0,8,0,8,0,0,29,0,29,0,0,37,0,37,64,0,64,101
02/24/2014,FTG,CO,ANM,WE,Federal Contract Tower,0,0,6,0,6,0,0,30,0,30,0,0,36,0,36,38,0,38,74
02/25/2014,FTG,CO,ANM,WE,Federal Contract Tower,0,0,3,0,3,0,0,1,0,1,0,0,4,0,4,0,0,0,4
02/26/2014,FTG,CO,ANM,WE,Federal Contract Tower,0,1,10,0,11,0,0,42,0,42,0,1,52,0,53,40,0,40,93
02/27/2014,FTG,CO,ANM,WE,Federal Contract Tower,0,0,12,0,12,0,0,60,2,62,0,0,72,2,74,70,12,82,156
02/28/2014,FTG,CO,ANM,WE,Federal Contract Tower,0,0,15,0,15,0,0,37,0,37,0,0,52,0,52,48,0,48,100
03/01/2014,FTG,CO,ANM,WE,Federal Contract Tower,0,0,0,0,0,0,0,0,0,0,0,0,0,0,0,0,0,0,0
03/02/2014,FTG,CO,ANM,WE,Federal Contract Tower,0,0,4,0,4,0,0,3,0,3,0,0,7,0,7,8,0,8,15
03/03/2014,FTG,CO,ANM,WE,Federal Contract Tower,0,0,11,0,11,0,0,41,0,41,0,0,52,0,52,34,0,34,86
03/04/2014,FTG,CO,ANM,WE,Federal Contract Tower,0,0,18,0,18,0,0,46,0,46,0,0,64,0,64,77,0,77,141
03/05/2014,FTG,CO,ANM,WE,Federal Contract Tower,0,1,11,0,12,0,0,42,2,44,0,1,53,2,56,59,6,65,121
03/06/2014,FTG,CO,ANM,WE,Federal Contract Tower,0,0,13,0,13,0,0,63,0,63,0,0,76,0,76,142,0,142,218
03/07/2014,FTG,CO,ANM,WE,Federal Contract Tower,0,0,10,0,10,0,0,6,0,6,0,0,16,0,16,8,0,8,24
03/08/2014,FTG,CO,ANM,WE,Federal Contract Tower,0,0,10,0,10,0,0,111,0,111,0,0,121,0,121,108,0,108,229
03/09/2014,FTG,CO,ANM,WE,Federal Contract Tower,0,0,11,0,11,0,0,91,0,91,0,0,102,0,102,69,0,69,171
03/10/2014,FTG,CO,ANM,WE,Federal Contract Tower,0,0,7,0,7,0,0,34,4,38,0,0,41,4,45,75,34,109,154
03/11/2014,FTG,CO,ANM,WE,Federal Contract Tower,0,0,3,0,3,0,0,0,0,0,0,0,3,0,3,0,0,0,3
03/12/2014,FTG,CO,ANM,WE,Federal Contract Tower,0,0,7,0,7,0,0,47,2,49,0,0,54,2,56,122,10,132,188
03/13/2014,FTG,CO,ANM,WE,Federal Contract Tower,0,0,5,0,5,0,0,46,0,46,0,0,51,0,51,44,0,44,95
03/14/2014,FTG,CO,ANM,WE,Federal Contract Tower,0,0,10,0,10,0,0,72,5,77,0,0,82,5,87,110,41,151,238
03/15/2014,FTG,CO,ANM,WE,Federal Contract Tower,0,0,7,0,7,0,0,17,0,17,0,0,24,0,24,15,0,15,39
03/16/2014,FTG,CO,ANM,WE,Federal Contract Tower,0,0,14,0,14,0,0,88,0,88,0,0,102,0,102,115,0,115,217
03/17/2014,FTG,CO,ANM,WE,Federal Contract Tower,0,0,9,0,9,0,0,19,0,19,0,0,28,0,28,6,0,6,34
03/18/2014,FTG,CO,ANM,WE,Federal Contract Tower,0,0,2,0,2,0,0,0,0,0,0,0,2,0,2,0,0,0,2
03/19/2014,FTG,CO,ANM,WE,Federal Contract Tower,0,0,13,0,13,0,0,57,2,59,0,0,70,2,72,84,2,86,158
03/20/2014,FTG,CO,ANM,WE,Federal Contract Tower,0,0,23,0,23,0,0,43,2,45,0,0,66,2,68,20,12,32,100
03/21/2014,FTG,CO,ANM,WE,Federal Contract Tower,0,0,14,0,14,0,0,56,0,56,0,0,70,0,70,93,0,93,163
03/22/2014,FTG,CO,ANM,WE,Federal Contract Tower,0,0,14,0,14,0,0,12,0,12,0,0,26,0,26,0,0,0,26
03/23/2014,FTG,CO,ANM,WE,Federal Contract Tower,0,0,16,0,16,0,0,55,0,55,0,0,71,0,71,96,0,96,167
03/24/2014,FTG,CO,ANM,WE,Federal Contract Tower,0,0,4,0,4,0,0,14,0,14,0,0,18,0,18,87,0,87,105
03/25/2014,FTG,CO,ANM,WE,Federal Contract Tower,0,0,5,0,5,0,0,86,0,86,0,0,91,0,91,134,0,134,225
03/26/2014,FTG,CO,ANM,WE,Federal Contract Tower,0,0,8,0,8,0,0,38,2,40,0,0,46,2,48,58,12,70,118
03/27/2014,FTG,CO,ANM,WE,Federal Contract Tower,0,0,16,0,16,0,0,24,0,24,0,0,40,0,40,12,10,22,62
03/28/2014,FTG,CO,ANM,WE,Federal Contract Tower,0,0,3,0,3,0,0,35,0,35,0,0,38,0,38,29,0,29,67
03/29/2014,FTG,CO,ANM,WE,Federal Contract Tower,0,0,2,0,2,0,0,162,0,162,0,0,164,0,164,88,0,88,252
03/30/2014,FTG,CO,ANM,WE,Federal Contract Tower,0,0,9,0,9,0,0,19,0,19,0,0,28,0,28,16,0,16,44
03/31/2014,FTG,CO,ANM,WE,Federal Contract Tower,0,0,9,0,9,0,0,17,0,17,0,0,26,0,26,0,0,0,26
04/01/2014,FTG,CO,ANM,WE,Federal Contract Tower,0,0,2,2,4,0,0,17,7,24,0,0,19,9,28,48,14,62,90
04/02/2014,FTG,CO,ANM,WE,Federal Contract Tower,0,0,10,0,10,0,0,23,0,23,0,0,33,0,33,4,0,4,37
04/03/2014,FTG,CO,ANM,WE,Federal Contract Tower,0,0,5,0,5,0,0,0,0,0,0,0,5,0,5,0,0,0,5
04/04/2014,FTG,CO,ANM,WE,Federal Contract Tower,0,0,14,0,14,0,0,70,2,72,0,0,84,2,86,240,6,246,332
04/05/2014,FTG,CO,ANM,WE,Federal Contract Tower,0,0,4,0,4,0,0,76,0,76,0,0,80,0,80,243,0,243,323
04/06/2014,FTG,CO,ANM,WE,Federal Contract Tower,0,0,3,0,3,0,0,35,0,35,0,0,38,0,38,113,0,113,151
04/07/2014,FTG,CO,ANM,WE,Federal Contract Tower,0,0,3,0,3,0,0,8,0,8,0,0,11,0,11,5,0,5,16
04/08/2014,FTG,CO,ANM,WE,Federal Contract Tower,0,0,11,0,11,0,0,66,0,66,0,0,77,0,77,162,0,162,239
04/09/2014,FTG,CO,ANM,WE,Federal Contract Tower,0,0,13,0,13,0,0,43,6,49,0,0,56,6,62,136,10,146,208
04/10/2014,FTG,CO,ANM,WE,Federal Contract Tower,0,0,14,0,14,0,0,50,1,51,0,0,64,1,65,101,8,109,174
04/11/2014,FTG,CO,ANM,WE,Federal Contract Tower,0,0,12,0,12,0,0,72,3,75,0,0,84,3,87,153,6,159,246
04/12/2014,FTG,CO,ANM,WE,Federal Contract Tower,0,0,6,0,6,0,0,102,0,102,0,0,108,0,108,127,0,127,235
04/13/2014,FTG,CO,ANM,WE,Federal Contract Tower,0,0,1,0,1,0,0,0,0,0,0,0,1,0,1,0,0,0,1
04/14/2014,FTG,CO,ANM,WE,Federal Contract Tower,0,0,18,1,19,0,0,28,1,29,0,0,46,2,48,14,13,27,75
04/15/2014,FTG,CO,ANM,WE,Federal Contract Tower,0,0,20,2,22,0,0,62,5,67,0,0,82,7,89,73,2,75,164
04/16/2014,FTG,CO,ANM,WE,Federal Contract Tower,0,0,4,3,7,0,0,49,0,49,0,0,53,3,56,42,0,42,98
04/17/2014,FTG,CO,ANM,WE,Federal Contract Tower,0,0,13,7,20,0,0,37,0,37,0,0,50,7,57,95,0,95,152
04/18/2014,FTG,CO,ANM,WE,Federal Contract Tower,0,0,4,2,6,0,0,78,2,80,0,0,82,4,86,89,10,99,185
04/19/2014,FTG,CO,ANM,WE,Federal Contract Tower,0,0,8,0,8,0,0,70,0,70,0,0,78,0,78,107,0,107,185
04/20/2014,FTG,CO,ANM,WE,Federal Contract Tower,0,0,6,0,6,0,0,50,0,50,0,0,56,0,56,66,0,66,122
04/21/2014,FTG,CO,ANM,WE,Federal Contract Tower,0,0,9,2,11,0,0,49,0,49,0,0,58,2,60,44,0,44,104
04/22/2014,FTG,CO,ANM,WE,Federal Contract Tower,0,0,7,1,8,0,0,50,0,50,0,0,57,1,58,120,0,120,178
04/23/2014,FTG,CO,ANM,WE,Federal Contract Tower,0,0,8,4,12,0,0,43,0,43,0,0,51,4,55,52,0,52,107
04/24/2014,FTG,CO,ANM,WE,Federal Contract Tower,0,0,15,4,19,0,0,59,2,61,0,0,74,6,80,84,14,98,178
04/25/2014,FTG,CO,ANM,WE,Federal Contract Tower,0,0,1,3,4,0,0,34,1,35,0,0,35,4,39,83,0,83,122
04/26/2014,FTG,CO,ANM,WE,Federal Contract Tower,0,0,5,0,5,0,0,149,0,149,0,0,154,0,154,55,0,55,209
04/27/2014,FTG,CO,ANM,WE,Federal Contract Tower,0,0,4,0,4,0,0,1,0,1,0,0,5,0,5,0,0,0,5
04/28/2014,FTG,CO,ANM,WE,Federal Contract Tower,0,0,2,0,2,0,0,9,0,9,0,0,11,0,11,2,0,2,13
04/29/2014,FTG,CO,ANM,WE,Federal Contract Tower,0,0,2,0,2,0,0,1,0,1,0,0,3,0,3,0,0,0,3
04/30/2014,FTG,CO,ANM,WE,Federal Contract Tower,0,0,2,0,2,0,0,10,0,10,0,0,12,0,12,0,0,0,12
05/01/2014,FTG,CO,ANM,WE,Federal Contract Tower,0,0,5,5,10,0,0,20,3,23,0,0,25,8,33,26,8,34,67
05/02/2014,FTG,CO,ANM,WE,Federal Contract Tower,0,0,9,2,11,0,0,51,0,51,0,0,60,2,62,218,0,218,280
05/03/2014,FTG,CO,ANM,WE,Federal Contract Tower,0,0,4,0,4,0,0,120,0,120,0,0,124,0,124,90,0,90,214
05/04/2014,FTG,CO,ANM,WE,Federal Contract Tower,0,0,1,0,1,0,0,44,0,44,0,0,45,0,45,117,0,117,162
05/05/2014,FTG,CO,ANM,WE,Federal Contract Tower,0,0,1,0,1,0,0,57,0,57,0,0,58,0,58,77,0,77,135
05/06/2014,FTG,CO,ANM,WE,Federal Contract Tower,0,0,9,2,11,0,0,38,0,38,0,0,47,2,49,129,0,129,178
05/07/2014,FTG,CO,ANM,WE,Federal Contract Tower,0,0,14,1,15,0,0,32,3,35,0,0,46,4,50,60,8,68,118
05/08/2014,FTG,CO,ANM,WE,Federal Contract Tower,0,0,1,2,3,0,0,9,1,10,0,0,10,3,13,28,4,32,45
05/09/2014,FTG,CO,ANM,WE,Federal Contract Tower,0,0,20,3,23,0,0,72,1,73,0,0,92,4,96,177,0,177,273
05/10/2014,FTG,CO,ANM,WE,Federal Contract Tower,0,0,14,0,14,0,0,93,0,93,0,0,107,0,107,66,0,66,173
05/11/2014,FTG,CO,ANM,WE,Federal Contract Tower,0,0,0,0,0,0,0,0,0,0,0,0,0,0,0,0,0,0,0
05/12/2014,FTG,CO,ANM,WE,Federal Contract Tower,0,0,6,0,6,0,0,9,0,9,0,0,15,0,15,20,0,20,35
05/13/2014,FTG,CO,ANM,WE,Federal Contract Tower,0,0,13,4,17,0,0,58,0,58,0,0,71,4,75,96,0,96,171
05/14/2014,FTG,CO,ANM,WE,Federal Contract Tower,0,0,4,2,6,0,0,34,2,36,0,0,38,4,42,126,7,133,175
05/15/2014,FTG,CO,ANM,WE,Federal Contract Tower,0,0,8,2,10,0,0,43,1,44,0,0,51,3,54,118,10,128,182
05/16/2014,FTG,CO,ANM,WE,Federal Contract Tower,0,0,2,0,2,0,0,27,0,27,0,0,29,0,29,62,0,62,91
05/17/2014,FTG,CO,ANM,WE,Federal Contract Tower,0,0,6,0,6,0,0,90,0,90,0,0,96,0,96,188,0,188,284
05/18/2014,FTG,CO,ANM,WE,Federal Contract Tower,0,1,15,1,17,0,0,56,0,56,0,1,71,1,73,94,0,94,167
05/19/2014,FTG,CO,ANM,WE,Federal Contract Tower,0,0,7,1,8,0,0,63,0,63,0,0,70,1,71,83,0,83,154
05/20/2014,FTG,CO,ANM,WE,Federal Contract Tower,0,0,4,4,8,0,0,36,2,38,0,0,40,6,46,53,30,83,129
05/21/2014,FTG,CO,ANM,WE,Federal Contract Tower,0,0,3,1,4,0,0,13,0,13,0,0,16,1,17,50,0,50,67
05/22/2014,FTG,CO,ANM,WE,Federal Contract Tower,0,0,6,0,6,0,0,32,0,32,0,0,38,0,38,65,0,65,103
05/23/2014,FTG,CO,ANM,WE,Federal Contract Tower,0,0,5,0,5,0,0,47,0,47,0,0,52,0,52,164,0,164,216
05/24/2014,FTG,CO,ANM,WE,Federal Contract Tower,0,0,8,0,8,0,0,173,0,173,0,0,181,0,181,66,0,66,247
05/25/2014,FTG,CO,ANM,WE,Federal Contract Tower,0,0,5,0,5,0,0,20,0,20,0,0,25,0,25,50,0,50,75
05/26/2014,FTG,CO,ANM,WE,Federal Contract Tower,0,0,6,0,6,0,0,67,0,67,0,0,73,0,73,113,0,113,186
05/27/2014,FTG,CO,ANM,WE,Federal Contract Tower,0,0,3,2,5,0,0,51,0,51,0,0,54,2,56,120,0,120,176
05/28/2014,FTG,CO,ANM,WE,Federal Contract Tower,0,0,4,1,5,0,0,45,0,45,0,0,49,1,50,68,0,68,118
05/29/2014,FTG,CO,ANM,WE,Federal Contract Tower,0,0,0,2,2,0,0,43,1,44,0,0,43,3,46,35,0,35,81
05/30/2014,FTG,CO,ANM,WE,Federal Contract Tower,0,0,3,0,3,0,0,24,0,24,0,0,27,0,27,37,0,37,64
05/31/2014,FTG,CO,ANM,WE,Federal Contract Tower,0,0,3,1,4,0,0,60,0,60,0,0,63,1,64,138,0,138,202
06/01/2014,FTG,CO,ANM,WE,Federal Contract Tower,0,0,6,0,6,0,0,52,0,52,0,0,58,0,58,96,0,96,154
06/02/2014,FTG,CO,ANM,WE,Federal Contract Tower,0,0,7,0,7,0,0,28,2,30,0,0,35,2,37,147,0,147,184
06/03/2014,FTG,CO,ANM,WE,Federal Contract Tower,0,0,14,1,15,0,0,37,2,39,0,0,51,3,54,81,0,81,135
06/04/2014,FTG,CO,ANM,WE,Federal Contract Tower,0,0,6,2,8,0,0,36,2,38,0,0,42,4,46,152,22,174,220
06/05/2014,FTG,CO,ANM,WE,Federal Contract Tower,0,0,8,2,10,0,0,50,2,52,0,0,58,4,62,93,17,110,172
06/06/2014,FTG,CO,ANM,WE,Federal Contract Tower,0,0,1,0,1,0,0,21,0,21,0,0,22,0,22,18,0,18,40
06/07/2014,FTG,CO,ANM,WE,Federal Contract Tower,0,0,28,0,28,0,0,18,0,18,0,0,46,0,46,23,0,23,69
06/08/2014,FTG,CO,ANM,WE,Federal Contract Tower,0,1,1,0,2,0,0,18,0,18,0,1,19,0,20,34,0,34,54
06/09/2014,FTG,CO,ANM,WE,Federal Contract Tower,0,0,5,2,7,0,0,45,0,45,0,0,50,2,52,80,0,80,132
06/10/2014,FTG,CO,ANM,WE,Federal Contract Tower,0,0,8,2,10,0,0,45,0,45,0,0,53,2,55,63,0,63,118
06/11/2014,FTG,CO,ANM,WE,Federal Contract Tower,0,1,11,2,14,0,0,48,1,49,0,1,59,3,63,45,2,47,110
06/12/2014,FTG,CO,ANM,WE,Federal Contract Tower,0,3,11,0,14,0,0,33,0,33,0,3,44,0,47,63,0,63,110
06/13/2014,FTG,CO,ANM,WE,Federal Contract Tower,0,0,2,3,5,0,0,49,0,49,0,0,51,3,54,143,2,145,199
06/14/2014,FTG,CO,ANM,WE,Federal Contract Tower,0,0,2,0,2,0,0,63,0,63,0,0,65,0,65,56,0,56,121
06/15/2014,FTG,CO,ANM,WE,Federal Contract Tower,0,0,3,1,4,0,0,75,0,75,0,0,78,1,79,48,0,48,127
06/16/2014,FTG,CO,ANM,WE,Federal Contract Tower,0,0,10,1,11,0,44,1,0,45,0,44,11,1,56,44,14,58,114
06/17/2014,FTG,CO,ANM,WE,Federal Contract Tower,0,0,6,1,7,0,1,39,1,41,0,1,45,2,48,44,16,60,108
06/18/2014,FTG,CO,ANM,WE,Federal Contract Tower,0,0,11,1,12,0,0,37,1,38,0,0,48,2,50,32,0,32,82
06/19/2014,FTG,CO,ANM,WE,Federal Contract Tower,0,0,21,0,21,0,0,55,0,55,0,0,76,0,76,142,0,142,218
06/20/2014,FTG,CO,ANM,WE,Federal Contract Tower,0,0,17,0,17,0,0,59,0,59,0,0,76,0,76,68,0,68,144
06/21/2014,FTG,CO,ANM,WE,Federal Contract Tower,0,0,10,0,10,0,0,108,0,108,0,0,118,0,118,80,0,80,198
06/22/2014,FTG,CO,ANM,WE,Federal Contract Tower,0,0,23,0,23,0,0,59,0,59,0,0,82,0,82,105,0,105,187
06/23/2014,FTG,CO,ANM,WE,Federal Contract Tower,0,0,8,0,8,0,0,36,2,38,0,0,44,2,46,66,10,76,122
06/24/2014,FTG,CO,ANM,WE,Federal Contract Tower,0,0,9,0,9,0,0,35,2,37,0,0,44,2,46,86,11,97,143
06/25/2014,FTG,CO,ANM,WE,Federal Contract Tower,0,0,7,0,7,0,0,47,0,47,0,0,54,0,54,93,0,93,147
06/26/2014,FTG,CO,ANM,WE,Federal Contract Tower,0,0,17,0,17,0,0,42,1,43,0,0,59,1,60,120,7,127,187
06/27/2014,FTG,CO,ANM,WE,Federal Contract Tower,0,0,7,0,7,0,0,39,2,41,0,0,46,2,48,28,6,34,82
06/28/2014,FTG,CO,ANM,WE,Federal Contract Tower,0,0,15,0,15,0,0,79,1,80,0,0,94,1,95,127,1,128,223
06/29/2014,FTG,CO,ANM,WE,Federal Contract Tower,0,0,16,0,16,0,0,57,0,57,0,0,73,0,73,103,0,103,176
06/30/2014,FTG,CO,ANM,WE,Federal Contract Tower,0,0,10,1,11,0,0,40,1,41,0,0,50,2,52,78,0,78,130
07/01/2014,FTG,CO,ANM,WE,Federal Contract Tower,0,0,10,0,10,0,0,48,0,48,0,0,58,0,58,73,0,73,131
07/02/2014,FTG,CO,ANM,WE,Federal Contract Tower,0,0,29,0,29,0,0,67,3,70,0,0,96,3,99,82,29,111,210
07/03/2014,FTG,CO,ANM,WE,Federal Contract Tower,0,0,23,0,23,0,0,50,0,50,0,0,73,0,73,57,0,57,130
07/04/2014,FTG,CO,ANM,WE,Federal Contract Tower,0,0,5,0,5,0,0,52,0,52,0,0,57,0,57,76,0,76,133
07/05/2014,FTG,CO,ANM,WE,Federal Contract Tower,0,0,9,0,9,0,2,56,0,58,0,2,65,0,67,60,0,60,127
07/06/2014,FTG,CO,ANM,WE,Federal Contract Tower,0,0,17,0,17,0,0,64,0,64,0,0,81,0,81,70,0,70,151
07/07/2014,FTG,CO,ANM,WE,Federal Contract Tower,0,1,20,0,21,0,0,55,1,56,0,1,75,1,77,109,0,109,186
07/08/2014,FTG,CO,ANM,WE,Federal Contract Tower,0,0,18,0,18,0,0,33,2,35,0,0,51,2,53,39,0,39,92
07/09/2014,FTG,CO,ANM,WE,Federal Contract Tower,0,0,10,0,10,0,0,16,3,19,0,0,26,3,29,25,0,25,54
07/10/2014,FTG,CO,ANM,WE,Federal Contract Tower,0,0,21,0,21,0,0,68,5,73,0,0,89,5,94,142,18,160,254
07/11/2014,FTG,CO,ANM,WE,Federal Contract Tower,0,0,17,0,17,0,0,56,3,59,0,0,73,3,76,58,8,66,142
07/12/2014,FTG,CO,ANM,WE,Federal Contract Tower,0,0,23,0,23,0,0,37,0,37,0,0,60,0,60,56,0,56,116
07/13/2014,FTG,CO,ANM,WE,Federal Contract Tower,0,0,20,0,20,0,0,77,0,77,0,0,97,0,97,96,0,96,193
07/14/2014,FTG,CO,ANM,WE,Federal Contract Tower,0,0,11,0,11,0,0,62,0,62,0,0,73,0,73,30,0,30,103
07/15/2014,FTG,CO,ANM,WE,Federal Contract Tower,0,0,17,0,17,0,0,25,2,27,0,0,42,2,44,51,0,51,95
07/16/2014,FTG,CO,ANM,WE,Federal Contract Tower,0,0,11,0,11,0,0,26,0,26,0,0,37,0,37,30,0,30,67
07/17/2014,FTG,CO,ANM,WE,Federal Contract Tower,0,0,17,0,17,0,0,56,0,56,0,0,73,0,73,124,0,124,197
07/18/2014,FTG,CO,ANM,WE,Federal Contract Tower,0,0,30,0,30,0,0,58,3,61,0,0,88,3,91,139,2,141,232
07/19/2014,FTG,CO,ANM,WE,Federal Contract Tower,0,0,13,0,13,0,0,130,0,130,0,0,143,0,143,85,0,85,228
07/20/2014,FTG,CO,ANM,WE,Federal Contract Tower,0,0,15,0,15,0,0,59,0,59,0,0,74,0,74,75,0,75,149
07/21/2014,FTG,CO,ANM,WE,Federal Contract Tower,0,0,20,0,20,0,0,58,0,58,0,0,78,0,78,54,0,54,132
07/22/2014,FTG,CO,ANM,WE,Federal Contract Tower,0,0,19,0,19,0,0,68,0,68,0,0,87,0,87,104,0,104,191
07/23/2014,FTG,CO,ANM,WE,Federal Contract Tower,0,0,5,0,5,0,0,42,0,42,0,0,47,0,47,130,0,130,177
07/24/2014,FTG,CO,ANM,WE,Federal Contract Tower,0,0,17,1,18,0,0,40,1,41,0,0,57,2,59,46,6,52,111
07/25/2014,FTG,CO,ANM,WE,Federal Contract Tower,0,0,17,0,17,0,0,51,0,51,0,0,68,0,68,57,0,57,125
07/26/2014,FTG,CO,ANM,WE,Federal Contract Tower,0,0,6,0,6,0,0,158,0,158,0,0,164,0,164,36,0,36,200
07/27/2014,FTG,CO,ANM,WE,Federal Contract Tower,0,0,14,0,14,0,0,47,0,47,0,0,61,0,61,99,0,99,160
07/28/2014,FTG,CO,ANM,WE,Federal Contract Tower,0,0,11,0,11,0,0,29,0,29,0,0,40,0,40,104,0,104,144
07/29/2014,FTG,CO,ANM,WE,Federal Contract Tower,0,0,13,0,13,0,0,35,0,35,0,0,48,0,48,53,0,53,101
07/30/2014,FTG,CO,ANM,WE,Federal Contract Tower,0,0,14,0,14,0,0,0,0,0,0,0,14,0,14,0,0,0,14
07/31/2014,FTG,CO,ANM,WE,Federal Contract Tower,0,0,12,0,12,0,0,30,0,30,0,0,42,0,42,98,0,98,140
08/01/2014,FTG,CO,ANM,WE,Federal Contract Tower,0,0,13,0,13,0,0,43,2,45,0,0,56,2,58,134,2,136,194
08/02/2014,FTG,CO,ANM,WE,Federal Contract Tower,0,0,9,0,9,0,0,67,0,67,0,0,76,0,76,82,0,82,158
08/03/2014,FTG,CO,ANM,WE,Federal Contract Tower,0,0,14,0,14,0,0,74,0,74,0,0,88,0,88,67,0,67,155
08/04/2014,FTG,CO,ANM,WE,Federal Contract Tower,0,0,19,0,19,0,0,44,0,44,0,0,63,0,63,54,0,54,117
08/05/2014,FTG,CO,ANM,WE,Federal Contract Tower,0,0,8,0,8,0,0,30,2,32,0,0,38,2,40,110,8,118,158
08/06/2014,FTG,CO,ANM,WE,Federal Contract Tower,0,0,14,0,14,0,0,68,0,68,0,0,82,0,82,26,0,26,108
08/07/2014,FTG,CO,ANM,WE,Federal Contract Tower,0,1,12,0,13,0,1,47,1,49,0,2,59,1,62,47,18,65,127
08/08/2014,FTG,CO,ANM,WE,Federal Contract Tower,0,0,20,0,20,0,0,80,0,80,0,0,100,0,100,82,0,82,182
08/09/2014,FTG,CO,ANM,WE,Federal Contract Tower,0,0,13,0,13,0,0,89,0,89,0,0,102,0,102,131,0,131,233
08/10/2014,FTG,CO,ANM,WE,Federal Contract Tower,0,0,12,0,12,0,1,84,0,85,0,1,96,0,97,72,0,72,169
08/11/2014,FTG,CO,ANM,WE,Federal Contract Tower,0,0,9,0,9,0,0,48,0,48,0,0,57,0,57,92,0,92,149
08/12/2014,FTG,CO,ANM,WE,Federal Contract Tower,0,0,22,0,22,0,0,58,0,58,0,0,80,0,80,22,0,22,102
08/13/2014,FTG,CO,ANM,WE,Federal Contract Tower,0,0,9,0,9,0,0,51,0,51,0,0,60,0,60,59,0,59,119
08/14/2014,FTG,CO,ANM,WE,Federal Contract Tower,0,0,19,0,19,0,0,45,0,45,0,0,64,0,64,50,0,50,114
08/15/2014,FTG,CO,ANM,WE,Federal Contract Tower,0,0,13,0,13,0,0,70,0,70,0,0,83,0,83,54,0,54,137
08/16/2014,FTG,CO,ANM,WE,Federal Contract Tower,0,0,27,0,27,0,0,92,0,92,0,0,119,0,119,55,0,55,174
08/17/2014,FTG,CO,ANM,WE,Federal Contract Tower,0,0,13,0,13,0,0,55,0,55,0,0,68,0,68,55,0,55,123
08/18/2014,FTG,CO,ANM,WE,Federal Contract Tower,0,0,10,0,10,0,0,29,0,29,0,0,39,0,39,54,0,54,93
08/19/2014,FTG,CO,ANM,WE,Federal Contract Tower,0,0,19,1,20,0,0,42,1,43,0,0,61,2,63,96,6,102,165
08/20/2014,FTG,CO,ANM,WE,Federal Contract Tower,0,0,14,0,14,0,0,54,0,54,0,0,68,0,68,85,0,85,153
08/21/2014,FTG,CO,ANM,WE,Federal Contract Tower,0,0,21,0,21,0,0,63,0,63,0,0,84,0,84,120,0,120,204
08/22/2014,FTG,CO,ANM,WE,Federal Contract Tower,0,0,23,0,23,0,0,62,4,66,0,0,85,4,89,71,0,71,160
08/23/2014,FTG,CO,ANM,WE,Federal Contract Tower,0,0,12,0,12,0,0,155,0,155,0,0,167,0,167,34,0,34,201
08/24/2014,FTG,CO,ANM,WE,Federal Contract Tower,0,0,14,0,14,0,0,71,0,71,0,0,85,0,85,151,0,151,236
08/25/2014,FTG,CO,ANM,WE,Federal Contract Tower,0,0,18,0,18,0,0,48,0,48,0,0,66,0,66,103,0,103,169
08/26/2014,FTG,CO,ANM,WE,Federal Contract Tower,0,0,6,0,6,0,0,19,0,19,0,0,25,0,25,73,0,73,98
08/27/2014,FTG,CO,ANM,WE,Federal Contract Tower,0,0,13,0,13,0,0,28,0,28,0,0,41,0,41,71,0,71,112
08/28/2014,FTG,CO,ANM,WE,Federal Contract Tower,0,0,24,0,24,0,0,32,0,32,0,0,56,0,56,58,0,58,114
08/29/2014,FTG,CO,ANM,WE,Federal Contract Tower,0,0,10,0,10,0,0,69,0,69,0,0,79,0,79,47,14,61,140
08/30/2014,FTG,CO,ANM,WE,Federal Contract Tower,0,0,21,0,21,0,0,88,0,88,0,0,109,0,109,90,0,90,199
08/31/2014,FTG,CO,ANM,WE,Federal Contract Tower,0,0,1,0,1,0,0,14,0,14,0,0,15,0,15,48,0,48,63
09/01/2014,FTG,CO,ANM,WE,Federal Contract Tower,0,0,15,0,15,0,0,63,0,63,0,0,78,0,78,91,0,91,169
09/02/2014,FTG,CO,ANM,WE,Federal Contract Tower,0,0,8,2,10,0,0,32,3,35,0,0,40,5,45,136,6,142,187
09/03/2014,FTG,CO,ANM,WE,Federal Contract Tower,0,0,17,0,17,0,0,60,0,60,0,0,77,0,77,61,0,61,138
09/04/2014,FTG,CO,ANM,WE,Federal Contract Tower,0,0,18,0,18,0,0,41,0,41,0,0,59,0,59,101,0,101,160
09/05/2014,FTG,CO,ANM,WE,Federal Contract Tower,0,0,21,0,21,0,0,24,0,24,0,0,45,0,45,63,0,63,108
09/06/2014,FTG,CO,ANM,WE,Federal Contract Tower,0,0,7,0,7,0,0,53,0,53,0,0,60,0,60,170,0,170,230
09/07/2014,FTG,CO,ANM,WE,Federal Contract Tower,0,0,19,0,19,0,0,58,0,58,0,0,77,0,77,127,0,127,204
09/08/2014,FTG,CO,ANM,WE,Federal Contract Tower,0,0,21,0,21,0,0,52,2,54,0,0,73,2,75,60,8,68,143
09/09/2014,FTG,CO,ANM,WE,Federal Contract Tower,0,0,17,0,17,0,0,25,2,27,0,0,42,2,44,41,0,41,85
09/10/2014,FTG,CO,ANM,WE,Federal Contract Tower,0,0,16,0,16,0,0,38,2,40,0,0,54,2,56,22,16,38,94
09/11/2014,FTG,CO,ANM,WE,Federal Contract Tower,0,1,10,0,11,0,0,0,0,0,0,1,10,0,11,0,0,0,11
09/12/2014,FTG,CO,ANM,WE,Federal Contract Tower,0,0,19,0,19,0,0,24,0,24,0,0,43,0,43,19,0,19,62
09/13/2014,FTG,CO,ANM,WE,Federal Contract Tower,0,0,12,0,12,0,0,104,0,104,0,0,116,0,116,112,0,112,228
09/14/2014,FTG,CO,ANM,WE,Federal Contract Tower,0,0,20,0,20,0,0,68,0,68,0,0,88,0,88,126,0,126,214
09/15/2014,FTG,CO,ANM,WE,Federal Contract Tower,0,0,27,0,27,0,0,49,0,49,0,0,76,0,76,42,0,42,118
09/16/2014,FTG,CO,ANM,WE,Federal Contract Tower,0,0,16,0,16,0,0,61,0,61,0,0,77,0,77,131,0,131,208
09/17/2014,FTG,CO,ANM,WE,Federal Contract Tower,0,0,26,1,27,0,0,69,0,69,0,0,95,1,96,81,0,81,177
09/18/2014,FTG,CO,ANM,WE,Federal Contract Tower,0,0,23,0,23,0,0,43,0,43,0,0,66,0,66,41,0,41,107
09/19/2014,FTG,CO,ANM,WE,Federal Contract Tower,0,0,19,0,19,0,0,65,0,65,0,0,84,0,84,94,0,94,178
09/20/2014,FTG,CO,ANM,WE,Federal Contract Tower,0,0,7,0,7,0,0,90,0,90,0,0,97,0,97,160,0,160,257
09/21/2014,FTG,CO,ANM,WE,Federal Contract Tower,0,0,5,0,5,0,0,64,0,64,0,0,69,0,69,94,0,94,163
09/22/2014,FTG,CO,ANM,WE,Federal Contract Tower,0,0,10,0,10,0,0,28,2,30,0,0,38,2,40,53,0,53,93
09/23/2014,FTG,CO,ANM,WE,Federal Contract Tower,0,0,6,0,6,0,0,55,2,57,0,0,61,2,63,52,14,66,129
09/24/2014,FTG,CO,ANM,WE,Federal Contract Tower,0,1,17,0,18,0,0,76,2,78,0,1,93,2,96,90,10,100,196
09/25/2014,FTG,CO,ANM,WE,Federal Contract Tower,0,0,17,0,17,0,0,66,0,66,0,0,83,0,83,91,0,91,174
09/26/2014,FTG,CO,ANM,WE,Federal Contract Tower,0,0,24,0,24,0,0,69,0,69,0,0,93,0,93,131,8,139,232
09/27/2014,FTG,CO,ANM,WE,Federal Contract Tower,0,0,8,0,8,0,0,184,0,184,0,0,192,0,192,60,0,60,252
09/28/2014,FTG,CO,ANM,WE,Federal Contract Tower,0,1,14,0,15,0,0,81,0,81,0,1,95,0,96,105,0,105,201
09/29/2014,FTG,CO,ANM,WE,Federal Contract Tower,0,0,15,0,15,0,0,5,0,5,0,0,20,0,20,0,0,0,20
09/30/2014,FTG,CO,ANM,WE,Federal Contract Tower,0,0,17,0,17,0,0,52,2,54,0,0,69,2,71,86,8,94,165
10/01/2014,FTG,CO,ANM,WE,Federal Contract Tower,0,0,19,0,19,0,0,42,0,42,0,0,61,0,61,46,0,46,107
10/02/2014,FTG,CO,ANM,WE,Federal Contract Tower,0,0,13,0,13,0,0,68,0,68,0,0,81,0,81,63,0,63,144
10/03/2014,FTG,CO,ANM,WE,Federal Contract Tower,0,0,18,0,18,0,0,63,0,63,0,0,81,0,81,77,0,77,158
10/04/2014,FTG,CO,ANM,WE,Federal Contract Tower,0,0,18,0,18,0,0,103,0,103,0,0,121,0,121,152,0,152,273
10/05/2014,FTG,CO,ANM,WE,Federal Contract Tower,0,0,14,0,14,0,0,82,0,82,0,0,96,0,96,80,0,80,176
10/06/2014,FTG,CO,ANM,WE,Federal Contract Tower,0,0,18,0,18,0,0,42,0,42,0,0,60,0,60,59,0,59,119
10/07/2014,FTG,CO,ANM,WE,Federal Contract Tower,0,3,4,0,7,0,4,54,2,60,0,7,58,2,67,168,10,178,245
10/08/2014,FTG,CO,ANM,WE,Federal Contract Tower,0,0,12,0,12,0,0,92,6,98,0,0,104,6,110,154,40,194,304
10/09/2014,FTG,CO,ANM,WE,Federal Contract Tower,0,0,6,0,6,0,0,15,0,15,0,0,21,0,21,36,0,36,57
10/10/2014,FTG,CO,ANM,WE,Federal Contract Tower,0,0,12,0,12,0,0,18,0,18,0,0,30,0,30,18,0,18,48
10/11/2014,FTG,CO,ANM,WE,Federal Contract Tower,0,2,21,0,23,0,4,110,0,114,0,6,131,0,137,147,0,147,284
10/12/2014,FTG,CO,ANM,WE,Federal Contract Tower,0,0,12,0,12,0,0,16,0,16,0,0,28,0,28,28,0,28,56
10/13/2014,FTG,CO,ANM,WE,Federal Contract Tower,0,0,10,0,10,0,0,43,0,43,0,0,53,0,53,70,0,70,123
10/14/2014,FTG,CO,ANM,WE,Federal Contract Tower,0,0,7,1,8,0,0,71,1,72,0,0,78,2,80,161,0,161,241
10/15/2014,FTG,CO,ANM,WE,Federal Contract Tower,0,0,12,0,12,0,0,82,2,84,0,0,94,2,96,118,14,132,228
10/16/2014,FTG,CO,ANM,WE,Federal Contract Tower,0,0,22,2,24,0,0,44,0,44,0,0,66,2,68,47,4,51,119
10/17/2014,FTG,CO,ANM,WE,Federal Contract Tower,0,0,14,0,14,0,0,79,2,81,0,0,93,2,95,65,12,77,172
10/18/2014,FTG,CO,ANM,WE,Federal Contract Tower,0,0,22,0,22,0,0,124,0,124,0,0,146,0,146,151,0,151,297
10/19/2014,FTG,CO,ANM,WE,Federal Contract Tower,0,0,10,0,10,0,0,65,0,65,0,0,75,0,75,146,0,146,221
10/20/2014,FTG,CO,ANM,WE,Federal Contract Tower,0,1,17,0,18,0,0,35,0,35,0,1,52,0,53,59,0,59,112
10/21/2014,FTG,CO,ANM,WE,Federal Contract Tower,0,0,15,2,17,0,0,38,4,42,0,0,53,6,59,168,4,172,231
10/22/2014,FTG,CO,ANM,WE,Federal Contract Tower,0,0,19,0,19,0,0,63,2,65,0,0,82,2,84,120,15,135,219
10/23/2014,FTG,CO,ANM,WE,Federal Contract Tower,0,2,20,0,22,0,0,72,0,72,0,2,92,0,94,119,0,119,213
10/24/2014,FTG,CO,ANM,WE,Federal Contract Tower,0,0,14,1,15,0,0,60,4,64,0,0,74,5,79,98,8,106,185
10/25/2014,FTG,CO,ANM,WE,Federal Contract Tower,0,0,4,0,4,0,0,165,0,165,0,0,169,0,169,55,0,55,224
10/26/2014,FTG,CO,ANM,WE,Federal Contract Tower,0,0,8,0,8,0,0,59,0,59,0,0,67,0,67,121,0,121,188
10/27/2014,FTG,CO,ANM,WE,Federal Contract Tower,0,0,12,0,12,0,0,35,0,35,0,0,47,0,47,77,0,77,124
10/28/2014,FTG,CO,ANM,WE,Federal Contract Tower,0,0,13,0,13,0,0,52,0,52,0,0,65,0,65,72,0,72,137
10/29/2014,FTG,CO,ANM,WE,Federal Contract Tower,0,0,22,0,22,0,0,58,0,58,0,0,80,0,80,77,0,77,157
10/30/2014,FTG,CO,ANM,WE,Federal Contract Tower,0,0,27,0,27,0,0,61,1,62,0,0,88,1,89,120,4,124,213
10/31/2014,FTG,CO,ANM,WE,Federal Contract Tower,0,0,15,0,15,0,0,62,2,64,0,0,77,2,79,82,0,82,161
11/01/2014,FTG,CO,ANM,WE,Federal Contract Tower,0,0,29,0,29,0,0,84,0,84,0,0,113,0,113,65,0,65,178
11/02/2014,FTG,CO,ANM,WE,Federal Contract Tower,0,0,13,0,13,0,0,60,0,60,0,0,73,0,73,41,0,41,114
11/03/2014,FTG,CO,ANM,WE,Federal Contract Tower,0,0,5,0,5,0,0,7,0,7,0,0,12,0,12,26,0,26,38
11/04/2014,FTG,CO,ANM,WE,Federal Contract Tower,0,0,18,3,21,0,0,77,4,81,0,0,95,7,102,149,6,155,257
11/05/2014,FTG,CO,ANM,WE,Federal Contract Tower,0,0,22,0,22,0,0,58,0,58,0,0,80,0,80,107,1,108,188
11/06/2014,FTG,CO,ANM,WE,Federal Contract Tower,0,2,8,1,11,0,2,79,6,87,0,4,87,7,98,165,46,211,309
11/07/2014,FTG,CO,ANM,WE,Federal Contract Tower,0,5,9,0,14,0,1,45,5,51,0,6,54,5,65,79,36,115,180
11/08/2014,FTG,CO,ANM,WE,Federal Contract Tower,0,0,10,0,10,0,0,195,0,195,0,0,205,0,205,84,0,84,289
11/09/2014,FTG,CO,ANM,WE,Federal Contract Tower,0,0,13,0,13,0,0,66,0,66,0,0,79,0,79,118,0,118,197
11/10/2014,FTG,CO,ANM,WE,Federal Contract Tower,0,0,3,0,3,0,0,5,0,5,0,0,8,0,8,4,0,4,12
11/11/2014,FTG,CO,ANM,WE,Federal Contract Tower,0,0,9,0,9,0,0,1,0,1,0,0,10,0,10,0,0,0,10
11/12/2014,FTG,CO,ANM,WE,Federal Contract Tower,0,0,6,0,6,0,0,0,0,0,0,0,6,0,6,0,0,0,6
11/13/2014,FTG,CO,ANM,WE,Federal Contract Tower,0,0,18,0,18,0,0,20,2,22,0,0,38,2,40,14,0,14,54
11/14/2014,FTG,CO,ANM,WE,Federal Contract Tower,0,0,17,0,17,0,0,47,0,47,0,0,64,0,64,26,0,26,90
11/15/2014,FTG,CO,ANM,WE,Federal Contract Tower,0,0,5,0,5,0,0,0,0,0,0,0,5,0,5,0,0,0,5
11/16/2014,FTG,CO,ANM,WE,Federal Contract Tower,0,0,16,0,16,0,0,37,0,37,0,0,53,0,53,104,0,104,157
11/17/2014,FTG,CO,ANM,WE,Federal Contract Tower,0,0,8,0,8,0,0,44,0,44,0,0,52,0,52,97,0,97,149
11/18/2014,FTG,CO,ANM,WE,Federal Contract Tower,0,0,20,0,20,0,0,44,5,49,0,0,64,5,69,65,33,98,167
11/19/2014,FTG,CO,ANM,WE,Federal Contract Tower,0,0,9,0,9,0,0,48,0,48,0,0,57,0,57,135,0,135,192
11/20/2014,FTG,CO,ANM,WE,Federal Contract Tower,0,0,9,0,9,0,0,41,4,45,0,0,50,4,54,72,16,88,142
11/21/2014,FTG,CO,ANM,WE,Federal Contract Tower,0,0,19,0,19,0,0,103,4,107,0,0,122,4,126,70,18,88,214
11/22/2014,FTG,CO,ANM,WE,Federal Contract Tower,0,0,34,0,34,0,0,112,0,112,0,0,146,0,146,82,0,82,228
11/23/2014,FTG,CO,ANM,WE,Federal Contract Tower,0,0,22,0,22,0,0,30,0,30,0,0,52,0,52,47,0,47,99
11/24/2014,FTG,CO,ANM,WE,Federal Contract Tower,0,0,7,0,7,0,0,24,0,24,0,0,31,0,31,84,0,84,115
11/25/2014,FTG,CO,ANM,WE,Federal Contract Tower,0,0,4,0,4,0,0,24,0,24,0,0,28,0,28,25,0,25,53
11/26/2014,FTG,CO,ANM,WE,Federal Contract Tower,0,0,12,0,12,0,0,59,0,59,0,0,71,0,71,59,0,59,130
11/27/2014,FTG,CO,ANM,WE,Federal Contract Tower,0,0,2,0,2,0,0,17,0,17,0,0,19,0,19,18,0,18,37
11/28/2014,FTG,CO,ANM,WE,Federal Contract Tower,0,0,12,0,12,0,0,84,0,84,0,0,96,0,96,68,0,68,164
11/29/2014,FTG,CO,ANM,WE,Federal Contract Tower,0,0,5,0,5,0,0,56,0,56,0,0,61,0,61,82,0,82,143
11/30/2014,FTG,CO,ANM,WE,Federal Contract Tower,0,0,7,0,7,0,0,0,0,0,0,0,7,0,7,2,0,2,9
12/01/2014,FTG,CO,ANM,WE,Federal Contract Tower,0,0,9,0,9,0,0,57,0,57,0,0,66,0,66,58,0,58,124
12/02/2014,FTG,CO,ANM,WE,Federal Contract Tower,0,0,10,0,10,0,0,61,2,63,0,0,71,2,73,196,2,198,271
12/03/2014,FTG,CO,ANM,WE,Federal Contract Tower,0,0,11,0,11,0,0,45,2,47,0,0,56,2,58,96,12,108,166
12/04/2014,FTG,CO,ANM,WE,Federal Contract Tower,0,0,27,3,30,0,0,52,3,55,0,0,79,6,85,85,4,89,174
12/05/2014,FTG,CO,ANM,WE,Federal Contract Tower,0,0,20,0,20,0,0,74,2,76,0,0,94,2,96,51,16,67,163
12/06/2014,FTG,CO,ANM,WE,Federal Contract Tower,0,0,7,0,7,0,0,73,0,73,0,0,80,0,80,89,0,89,169
12/07/2014,FTG,CO,ANM,WE,Federal Contract Tower,0,0,8,0,8,0,0,78,0,78,0,0,86,0,86,142,0,142,228
12/08/2014,FTG,CO,ANM,WE,Federal Contract Tower,0,2,21,0,23,0,79,2,0,81,0,81,23,0,104,102,16,118,222
12/09/2014,FTG,CO,ANM,WE,Federal Contract Tower,0,0,6,1,7,0,0,35,4,39,0,0,41,5,46,62,8,70,116
12/10/2014,FTG,CO,ANM,WE,Federal Contract Tower,0,0,7,0,7,0,0,68,5,73,0,0,75,5,80,99,31,130,210
12/11/2014,FTG,CO,ANM,WE,Federal Contract Tower,0,0,15,0,15,0,0,66,3,69,0,0,81,3,84,109,22,131,215
12/12/2014,FTG,CO,ANM,WE,Federal Contract Tower,0,1,20,5,26,0,0,73,1,74,0,1,93,6,100,161,6,167,267
12/13/2014,FTG,CO,ANM,WE,Federal Contract Tower,0,0,7,0,7,0,0,83,0,83,0,0,90,0,90,122,0,122,212
12/14/2014,FTG,CO,ANM,WE,Federal Contract Tower,0,0,0,0,0,0,0,0,0,0,0,0,0,0,0,0,0,0,0
12/15/2014,FTG,CO,ANM,WE,Federal Contract Tower,0,0,16,0,16,0,0,27,2,29,0,0,43,2,45,22,12,34,79
12/16/2014,FTG,CO,ANM,WE,Federal Contract Tower,0,0,12,1,13,0,0,68,3,71,0,0,80,4,84,134,14,148,232
12/17/2014,FTG,CO,ANM,WE,Federal Contract Tower,0,0,15,0,15,0,0,48,4,52,0,0,63,4,67,67,6,73,140
12/18/2014,FTG,CO,ANM,WE,Federal Contract Tower,0,0,29,0,29,0,0,63,3,66,0,0,92,3,95,70,5,75,170
12/19/2014,FTG,CO,ANM,WE,Federal Contract Tower,0,0,30,0,30,0,0,64,1,65,0,0,94,1,95,55,9,64,159
12/20/2014,FTG,CO,ANM,WE,Federal Contract Tower,0,0,26,1,27,0,0,91,1,92,0,0,117,2,119,141,0,141,260
12/21/2014,FTG,CO,ANM,WE,Federal Contract Tower,0,0,9,0,9,0,0,32,0,32,0,0,41,0,41,41,0,41,82
12/22/2014,FTG,CO,ANM,WE,Federal Contract Tower,0,0,7,0,7,0,0,6,0,6,0,0,13,0,13,22,0,22,35
12/23/2014,FTG,CO,ANM,WE,Federal Contract Tower,0,0,11,0,11,0,0,2,0,2,0,0,13,0,13,0,0,0,13
12/24/2014,FTG,CO,ANM,WE,Federal Contract Tower,0,1,14,0,15,0,0,61,0,61,0,1,75,0,76,61,0,61,137
12/25/2014,FTG,CO,ANM,WE,Federal Contract Tower,0,0,1,0,1,0,0,2,0,2,0,0,3,0,3,0,0,0,3
12/26/2014,FTG,CO,ANM,WE,Federal Contract Tower,0,0,9,0,9,0,0,0,0,0,0,0,9,0,9,4,0,4,13
12/27/2014,FTG,CO,ANM,WE,Federal Contract Tower,0,1,28,0,29,0,0,52,0,52,0,1,80,0,81,75,0,75,156
12/28/2014,FTG,CO,ANM,WE,Federal Contract Tower,0,0,14,0,14,0,0,52,0,52,0,0,66,0,66,42,0,42,108
12/29/2014,FTG,CO,ANM,WE,Federal Contract Tower,0,0,2,0,2,0,0,0,0,0,0,0,2,0,2,0,0,0,2
12/30/2014,FTG,CO,ANM,WE,Federal Contract Tower,0,0,9,0,9,0,0,1,0,1,0,0,10,0,10,0,0,0,10
12/31/2014,FTG,CO,ANM,WE,Federal Contract Tower,0,0,8,0,8,0,0,25,0,25,0,0,33,0,33,2,0,2,35
01/01/2015,FTG,CO,ANM,WE,Federal Contract Tower,0,0,12,0,12,0,0,23,0,23,0,0,35,0,35,7,0,7,42
01/02/2015,FTG,CO,ANM,WE,Federal Contract Tower,0,1,28,0,29,0,0,51,0,51,0,1,79,0,80,73,0,73,153
01/03/2015,FTG,CO,ANM,WE,Federal Contract Tower,0,0,7,0,7,0,0,8,0,8,0,0,15,0,15,0,0,0,15
01/04/2015,FTG,CO,ANM,WE,Federal Contract Tower,0,1,10,0,11,0,37,0,0,37,0,38,10,0,48,102,0,102,150
01/05/2015,FTG,CO,ANM,WE,Federal Contract Tower,0,0,6,0,6,0,0,33,0,33,0,0,39,0,39,87,0,87,126
01/06/2015,FTG,CO,ANM,WE,Federal Contract Tower,0,0,28,0,28,0,0,57,0,57,0,0,85,0,85,94,0,94,179
01/07/2015,FTG,CO,ANM,WE,Federal Contract Tower,0,2,7,2,11,0,0,16,2,18,0,2,23,4,29,62,16,78,107
01/08/2015,FTG,CO,ANM,WE,Federal Contract Tower,0,0,14,0,14,0,0,59,1,60,0,0,73,1,74,121,8,129,203
01/09/2015,FTG,CO,ANM,WE,Federal Contract Tower,0,0,8,0,8,0,0,8,2,10,0,0,16,2,18,14,2,16,34
01/10/2015,FTG,CO,ANM,WE,Federal Contract Tower,0,0,18,0,18,0,0,111,0,111,0,0,129,0,129,197,0,197,326
01/11/2015,FTG,CO,ANM,WE,Federal Contract Tower,0,0,5,0,5,0,0,38,0,38,0,0,43,0,43,73,0,73,116
01/12/2015,FTG,CO,ANM,WE,Federal Contract Tower,0,0,16,0,16,0,0,3,0,3,0,0,19,0,19,0,0,0,19
01/13/2015,FTG,CO,ANM,WE,Federal Contract Tower,0,0,9,0,9,0,0,1,0,1,0,0,10,0,10,0,0,0,10
01/14/2015,FTG,CO,ANM,WE,Federal Contract Tower,0,0,25,1,26,0,0,79,1,80,0,0,104,2,106,172,8,180,286
01/15/2015,FTG,CO,ANM,WE,Federal Contract Tower,0,0,25,0,25,0,0,89,0,89,0,0,114,0,114,108,0,108,222
01/16/2015,FTG,CO,ANM,WE,Federal Contract Tower,0,0,15,0,15,0,0,61,0,61,0,0,76,0,76,79,0,79,155
01/17/2015,FTG,CO,ANM,WE,Federal Contract Tower,0,0,5,0,5,0,0,50,0,50,0,0,55,0,55,131,0,131,186
01/18/2015,FTG,CO,ANM,WE,Federal Contract Tower,0,0,5,0,5,0,0,66,0,66,0,0,71,0,71,116,0,116,187
01/19/2015,FTG,CO,ANM,WE,Federal Contract Tower,0,0,18,0,18,0,0,58,0,58,0,0,76,0,76,108,0,108,184
01/20/2015,FTG,CO,ANM,WE,Federal Contract Tower,0,0,11,0,11,0,0,52,0,52,0,0,63,0,63,130,0,130,193
01/21/2015,FTG,CO,ANM,WE,Federal Contract Tower,0,0,2,0,2,0,0,0,0,0,0,0,2,0,2,0,0,0,2
01/22/2015,FTG,CO,ANM,WE,Federal Contract Tower,0,0,25,0,25,0,0,32,1,33,0,0,57,1,58,47,1,48,106
01/23/2015,FTG,CO,ANM,WE,Federal Contract Tower,0,0,5,0,5,0,0,54,2,56,0,0,59,2,61,80,6,86,147
01/24/2015,FTG,CO,ANM,WE,Federal Contract Tower,0,0,10,0,10,0,0,181,4,185,0,0,191,4,195,93,68,161,356
01/25/2015,FTG,CO,ANM,WE,Federal Contract Tower,0,0,6,0,6,0,0,93,0,93,0,0,99,0,99,138,0,138,237
01/26/2015,FTG,CO,ANM,WE,Federal Contract Tower,0,0,16,0,16,0,0,65,0,65,0,0,81,0,81,42,0,42,123
01/27/2015,FTG,CO,ANM,WE,Federal Contract Tower,0,0,22,0,22,0,0,94,0,94,0,0,116,0,116,161,0,161,277
01/28/2015,FTG,CO,ANM,WE,Federal Contract Tower,0,0,4,0,4,0,0,28,0,28,0,0,32,0,32,58,0,58,90
01/29/2015,FTG,CO,ANM,WE,Federal Contract Tower,0,0,8,0,8,0,0,46,0,46,0,0,54,0,54,100,0,100,154
01/30/2015,FTG,CO,ANM,WE,Federal Contract Tower,0,0,11,0,11,0,0,35,0,35,0,0,46,0,46,42,0,42,88
01/31/2015,FTG,CO,ANM,WE,Federal Contract Tower,0,0,4,0,4,0,0,21,0,21,0,0,25,0,25,16,0,16,41
02/01/2015,FTG,CO,ANM,WE,Federal Contract Tower,0,0,8,0,8,0,0,14,0,14,0,0,22,0,22,59,0,59,81
02/02/2015,FTG,CO,ANM,WE,Federal Contract Tower,0,0,16,0,16,0,0,46,0,46,0,0,62,0,62,86,0,86,148
02/03/2015,FTG,CO,ANM,WE,Federal Contract Tower,0,0,13,0,13,0,0,58,0,58,0,0,71,0,71,132,0,132,203
02/04/2015,FTG,CO,ANM,WE,Federal Contract Tower,0,0,4,2,6,0,0,1,4,5,0,0,5,6,11,93,4,97,108
02/05/2015,FTG,CO,ANM,WE,Federal Contract Tower,0,0,18,0,18,0,0,64,0,64,0,0,82,0,82,171,0,171,253
02/06/2015,FTG,CO,ANM,WE,Federal Contract Tower,0,0,25,0,25,0,0,104,2,106,0,0,129,2,131,118,14,132,263
02/07/2015,FTG,CO,ANM,WE,Federal Contract Tower,0,0,16,0,16,0,0,103,0,103,0,0,119,0,119,160,0,160,279
02/08/2015,FTG,CO,ANM,WE,Federal Contract Tower,0,0,9,0,9,0,0,42,0,42,0,0,51,0,51,82,0,82,133
02/09/2015,FTG,CO,ANM,WE,Federal Contract Tower,0,0,16,0,16,0,0,79,4,83,0,0,95,4,99,110,14,124,223
02/10/2015,FTG,CO,ANM,WE,Federal Contract Tower,0,2,13,1,16,0,0,68,1,69,0,2,81,2,85,134,6,140,225
02/11/2015,FTG,CO,ANM,WE,Federal Contract Tower,0,0,16,0,16,0,0,36,2,38,0,0,52,2,54,102,14,116,170
02/12/2015,FTG,CO,ANM,WE,Federal Contract Tower,0,3,18,0,21,0,0,71,2,73,0,3,89,2,94,214,10,224,318
02/13/2015,FTG,CO,ANM,WE,Federal Contract Tower,0,1,20,0,21,0,0,109,2,111,0,1,129,2,132,123,19,142,274
02/14/2015,FTG,CO,ANM,WE,Federal Contract Tower,0,0,17,0,17,0,0,129,0,129,0,0,146,0,146,102,0,102,248
02/15/2015,FTG,CO,ANM,WE,Federal Contract Tower,0,1,9,0,10,0,0,9,0,9,0,1,18,0,19,0,0,0,19
02/16/2015,FTG,CO,ANM,WE,Federal Contract Tower,0,0,3,0,3,0,0,0,0,0,0,0,3,0,3,0,0,0,3
02/17/2015,FTG,CO,ANM,WE,Federal Contract Tower,0,1,18,0,19,0,0,32,0,32,0,1,50,0,51,64,0,64,115
02/18/2015,FTG,CO,ANM,WE,Federal Contract Tower,0,1,17,0,18,0,0,69,0,69,0,1,86,0,87,135,0,135,222
02/19/2015,FTG,CO,ANM,WE,Federal Contract Tower,0,0,12,3,15,0,0,48,2,50,0,0,60,5,65,175,6,181,246
02/20/2015,FTG,CO,ANM,WE,Federal Contract Tower,0,0,9,0,9,0,0,38,2,40,0,0,47,2,49,82,0,82,131
02/21/2015,FTG,CO,ANM,WE,Federal Contract Tower,0,1,4,0,5,0,0,0,0,0,0,1,4,0,5,0,0,0,5
02/22/2015,FTG,CO,ANM,WE,Federal Contract Tower,0,0,4,0,4,0,0,0,0,0,0,0,4,0,4,0,0,0,4
02/23/2015,FTG,CO,ANM,WE,Federal Contract Tower,0,0,5,0,5,0,0,18,0,18,0,0,23,0,23,108,0,108,131
02/24/2015,FTG,CO,ANM,WE,Federal Contract Tower,0,0,30,0,30,0,0,62,0,62,0,0,92,0,92,127,0,127,219
02/25/2015,FTG,CO,ANM,WE,Federal Contract Tower,0,0,2,2,4,0,0,15,2,17,0,0,17,4,21,12,0,12,33
02/26/2015,FTG,CO,ANM,WE,Federal Contract Tower,0,0,6,0,6,0,0,3,0,3,0,0,9,0,9,0,0,0,9
02/27/2015,FTG,CO,ANM,WE,Federal Contract Tower,0,2,31,0,33,0,0,46,0,46,0,2,77,0,79,76,0,76,155
02/28/2015,FTG,CO,ANM,WE,Federal Contract Tower,0,0,3,0,3,0,0,17,0,17,0,0,20,0,20,6,0,6,26
03/01/2015,FTG,CO,ANM,WE,Federal Contract Tower,0,0,10,0,10,0,0,14,0,14,0,0,24,0,24,60,0,60,84
03/02/2015,FTG,CO,ANM,WE,Federal Contract Tower,0,0,16,0,16,0,0,30,0,30,0,0,46,0,46,53,0,53,99
03/03/2015,FTG,CO,ANM,WE,Federal Contract Tower,0,0,1,0,1,0,0,0,0,0,0,0,1,0,1,0,0,0,1
03/04/2015,FTG,CO,ANM,WE,Federal Contract Tower,0,0,11,0,11,0,0,25,2,27,0,0,36,2,38,54,26,80,118
03/05/2015,FTG,CO,ANM,WE,Federal Contract Tower,0,2,24,0,26,0,0,67,0,67,0,2,91,0,93,162,0,162,255
03/06/2015,FTG,CO,ANM,WE,Federal Contract Tower,0,0,34,0,34,0,0,103,0,103,0,0,137,0,137,135,0,135,272
03/07/2015,FTG,CO,ANM,WE,Federal Contract Tower,0,0,15,0,15,0,0,171,0,171,0,0,186,0,186,26,0,26,212
03/08/2015,FTG,CO,ANM,WE,Federal Contract Tower,0,0,9,0,9,0,0,82,0,82,0,0,91,0,91,204,0,204,295
03/09/2015,FTG,CO,ANM,WE,Federal Contract Tower,0,0,17,0,17,0,0,57,2,59,0,0,74,2,76,128,8,136,212
03/10/2015,FTG,CO,ANM,WE,Federal Contract Tower,0,0,16,0,16,0,0,65,2,67,0,0,81,2,83,170,9,179,262
03/11/2015,FTG,CO,ANM,WE,Federal Contract Tower,0,0,15,0,15,0,0,78,0,78,0,0,93,0,93,184,0,184,277
03/12/2015,FTG,CO,ANM,WE,Federal Contract Tower,0,0,30,0,30,0,0,78,0,78,0,0,108,0,108,84,0,84,192
03/13/2015,FTG,CO,ANM,WE,Federal Contract Tower,0,0,10,0,10,0,0,28,2,30,0,0,38,2,40,52,14,66,106
03/14/2015,FTG,CO,ANM,WE,Federal Contract Tower,0,0,24,0,24,0,0,98,0,98,0,0,122,0,122,176,0,176,298
03/15/2015,FTG,CO,ANM,WE,Federal Contract Tower,0,1,6,0,7,0,0,118,0,118,0,1,124,0,125,119,0,119,244
03/16/2015,FTG,CO,ANM,WE,Federal Contract Tower,0,0,6,0,6,0,0,66,0,66,0,0,72,0,72,116,0,116,188
03/17/2015,FTG,CO,ANM,WE,Federal Contract Tower,0,0,5,0,5,0,0,14,0,14,0,0,19,0,19,30,0,30,49
03/18/2015,FTG,CO,ANM,WE,Federal Contract Tower,0,0,16,0,16,0,0,74,2,76,0,0,90,2,92,124,14,138,230
03/19/2015,FTG,CO,ANM,WE,Federal Contract Tower,0,0,5,0,5,0,0,9,0,9,0,0,14,0,14,14,0,14,28
03/20/2015,FTG,CO,ANM,WE,Federal Contract Tower,0,0,9,0,9,0,0,76,2,78,0,0,85,2,87,152,10,162,249
03/21/2015,FTG,CO,ANM,WE,Federal Contract Tower,0,0,20,0,20,0,0,131,0,131,0,0,151,0,151,158,0,158,309
03/22/2015,FTG,CO,ANM,WE,Federal Contract Tower,0,0,14,0,14,0,0,69,0,69,0,0,83,0,83,130,0,130,213
03/23/2015,FTG,CO,ANM,WE,Federal Contract Tower,0,1,2,0,3,0,0,20,2,22,0,1,22,2,25,30,8,38,63
03/24/2015,FTG,CO,ANM,WE,Federal Contract Tower,0,0,16,0,16,0,0,30,2,32,0,0,46,2,48,71,6,77,125
03/25/2015,FTG,CO,ANM,WE,Federal Contract Tower,0,0,2,0,2,0,0,12,0,12,0,0,14,0,14,28,0,28,42
03/26/2015,FTG,CO,ANM,WE,Federal Contract Tower,0,0,24,0,24,0,0,65,2,67,0,0,89,2,91,96,0,96,187
03/27/2015,FTG,CO,ANM,WE,Federal Contract Tower,0,0,17,0,17,0,0,82,2,84,0,0,99,2,101,138,10,148,249
03/28/2015,FTG,CO,ANM,WE,Federal Contract Tower,0,0,18,0,18,0,0,194,0,194,0,0,212,0,212,73,0,73,285
03/29/2015,FTG,CO,ANM,WE,Federal Contract Tower,0,0,15,0,15,0,0,79,0,79,0,0,94,0,94,149,0,149,243
03/30/2015,FTG,CO,ANM,WE,Federal Contract Tower,0,0,14,0,14,0,0,66,0,66,0,0,80,0,80,44,0,44,124
03/31/2015,FTG,CO,ANM,WE,Federal Contract Tower,0,0,22,0,22,0,0,88,4,92,0,0,110,4,114,145,0,145,259
04/01/2015,FTG,CO,ANM,WE,Federal Contract Tower,0,0,16,0,16,0,0,57,0,57,0,0,73,0,73,110,0,110,183
04/02/2015,FTG,CO,ANM,WE,Federal Contract Tower,0,0,12,0,12,0,0,5,0,5,0,0,17,0,17,8,0,8,25
04/03/2015,FTG,CO,ANM,WE,Federal Contract Tower,0,0,18,0,18,0,0,41,0,41,0,0,59,0,59,138,0,138,197
04/04/2015,FTG,CO,ANM,WE,Federal Contract Tower,0,0,16,0,16,0,0,109,0,109,0,0,125,0,125,99,0,99,224
04/05/2015,FTG,CO,ANM,WE,Federal Contract Tower,0,0,4,0,4,0,0,42,0,42,0,0,46,0,46,31,0,31,77
04/06/2015,FTG,CO,ANM,WE,Federal Contract Tower,0,0,13,0,13,0,0,38,1,39,0,0,51,1,52,110,16,126,178
04/07/2015,FTG,CO,ANM,WE,Federal Contract Tower,0,0,13,0,13,0,0,37,1,38,0,0,50,1,51,59,9,68,119
04/08/2015,FTG,CO,ANM,WE,Federal Contract Tower,0,0,10,0,10,0,0,54,0,54,0,0,64,0,64,97,0,97,161
04/09/2015,FTG,CO,ANM,WE,Federal Contract Tower,0,0,12,0,12,0,0,21,0,21,0,0,33,0,33,76,0,76,109
04/10/2015,FTG,CO,ANM,WE,Federal Contract Tower,0,0,15,0,15,0,0,81,0,81,0,0,96,0,96,194,0,194,290
04/11/2015,FTG,CO,ANM,WE,Federal Contract Tower,0,0,18,0,18,0,0,129,0,129,0,0,147,0,147,144,0,144,291
04/12/2015,FTG,CO,ANM,WE,Federal Contract Tower,0,0,5,0,5,0,0,24,0,24,0,0,29,0,29,52,0,52,81
04/13/2015,FTG,CO,ANM,WE,Federal Contract Tower,0,6,28,0,34,0,6,64,0,70,0,12,92,0,104,54,0,54,158
04/14/2015,FTG,CO,ANM,WE,Federal Contract Tower,0,0,8,0,8,0,0,64,2,66,0,0,72,2,74,103,8,111,185
04/15/2015,FTG,CO,ANM,WE,Federal Contract Tower,0,0,10,0,10,0,0,28,4,32,0,0,38,4,42,98,4,102,144
04/16/2015,FTG,CO,ANM,WE,Federal Contract Tower,0,3,2,0,5,0,0,0,0,0,0,3,2,0,5,0,0,0,5
04/17/2015,FTG,CO,ANM,WE,Federal Contract Tower,0,0,4,0,4,0,0,2,0,2,0,0,6,0,6,24,0,24,30
04/18/2015,FTG,CO,ANM,WE,Federal Contract Tower,0,1,1,0,2,0,0,20,0,20,0,1,21,0,22,170,0,170,192
04/19/2015,FTG,CO,ANM,WE,Federal Contract Tower,0,1,4,0,5,0,0,32,0,32,0,1,36,0,37,86,0,86,123
04/20/2015,FTG,CO,ANM,WE,Federal Contract Tower,0,0,18,0,18,0,0,36,2,38,0,0,54,2,56,160,8,168,224
04/21/2015,FTG,CO,ANM,WE,Federal Contract Tower,0,0,10,0,10,0,0,69,1,70,0,0,79,1,80,108,1,109,189
04/22/2015,FTG,CO,ANM,WE,Federal Contract Tower,0,0,5,0,5,0,0,60,4,64,0,0,65,4,69,102,12,114,183
04/23/2015,FTG,CO,ANM,WE,Federal Contract Tower,0,0,6,0,6,0,0,45,0,45,0,0,51,0,51,56,0,56,107
04/24/2015,FTG,CO,ANM,WE,Federal Contract Tower,0,0,19,0,19,0,0,66,2,68,0,0,85,2,87,29,18,47,134
04/25/2015,FTG,CO,ANM,WE,Federal Contract Tower,0,0,2,0,2,0,176,0,0,176,0,176,2,0,178,70,0,70,248
04/26/2015,FTG,CO,ANM,WE,Federal Contract Tower,0,0,8,0,8,0,0,0,0,0,0,0,8,0,8,0,0,0,8
04/27/2015,FTG,CO,ANM,WE,Federal Contract Tower,0,0,11,0,11,0,0,0,0,0,0,0,11,0,11,14,0,14,25
04/28/2015,FTG,CO,ANM,WE,Federal Contract Tower,0,0,13,0,13,0,0,48,0,48,0,0,61,0,61,71,0,71,132
04/29/2015,FTG,CO,ANM,WE,Federal Contract Tower,0,0,14,0,14,0,0,75,2,77,0,0,89,2,91,162,6,168,259
04/30/2015,FTG,CO,ANM,WE,Federal Contract Tower,0,3,14,0,17,0,0,65,0,65,0,3,79,0,82,160,0,160,242
05/01/2015,FTG,CO,ANM,WE,Federal Contract Tower,0,0,3,0,3,0,0,22,0,22,0,0,25,0,25,78,0,78,103
05/02/2015,FTG,CO,ANM,WE,Federal Contract Tower,0,0,12,0,12,0,0,80,0,80,0,0,92,0,92,118,0,118,210
05/03/2015,FTG,CO,ANM,WE,Federal Contract Tower,0,2,5,0,7,0,0,42,0,42,0,2,47,0,49,40,0,40,89
05/04/2015,FTG,CO,ANM,WE,Federal Contract Tower,0,0,19,2,21,0,0,17,0,17,0,0,36,2,38,51,0,51,89
05/05/2015,FTG,CO,ANM,WE,Federal Contract Tower,0,0,4,0,4,0,0,0,0,0,0,0,4,0,4,0,0,0,4
05/06/2015,FTG,CO,ANM,WE,Federal Contract Tower,0,0,2,0,2,0,0,34,0,34,0,0,36,0,36,158,0,158,194
05/07/2015,FTG,CO,ANM,WE,Federal Contract Tower,0,0,9,0,9,0,0,17,2,19,0,0,26,2,28,48,10,58,86
05/08/2015,FTG,CO,ANM,WE,Federal Contract Tower,0,0,8,0,8,0,0,0,0,0,0,0,8,0,8,0,0,0,8
05/09/2015,FTG,CO,ANM,WE,Federal Contract Tower,0,0,2,0,2,0,0,0,0,0,0,0,2,0,2,0,0,0,2
05/10/2015,FTG,CO,ANM,WE,Federal Contract Tower,0,0,0,0,0,0,0,9,0,9,0,0,9,0,9,6,0,6,15
05/11/2015,FTG,CO,ANM,WE,Federal Contract Tower,0,1,32,0,33,0,0,91,2,93,0,1,123,2,126,134,6,140,266
05/12/2015,FTG,CO,ANM,WE,Federal Contract Tower,0,0,19,0,19,0,0,86,2,88,0,0,105,2,107,99,0,99,206
05/13/2015,FTG,CO,ANM,WE,Federal Contract Tower,0,0,10,0,10,0,0,49,0,49,0,0,59,0,59,74,0,74,133
05/14/2015,FTG,CO,ANM,WE,Federal Contract Tower,0,0,11,0,11,0,0,73,2,75,0,0,84,2,86,45,16,61,147
05/15/2015,FTG,CO,ANM,WE,Federal Contract Tower,0,0,9,0,9,0,0,66,0,66,0,0,75,0,75,98,0,98,173
05/16/2015,FTG,CO,ANM,WE,Federal Contract Tower,0,0,4,0,4,0,0,86,0,86,0,0,90,0,90,80,0,80,170
05/17/2015,FTG,CO,ANM,WE,Federal Contract Tower,0,0,6,0,6,0,0,86,0,86,0,0,92,0,92,122,0,122,214
05/18/2015,FTG,CO,ANM,WE,Federal Contract Tower,0,0,6,0,6,0,0,53,0,53,0,0,59,0,59,32,0,32,91
05/19/2015,FTG,CO,ANM,WE,Federal Contract Tower,0,0,3,0,3,0,0,0,0,0,0,0,3,0,3,0,0,0,3
05/20/2015,FTG,CO,ANM,WE,Federal Contract Tower,0,0,12,0,12,0,0,35,0,35,0,0,47,0,47,14,0,14,61
05/21/2015,FTG,CO,ANM,WE,Federal Contract Tower,0,0,3,0,3,0,0,82,0,82,0,0,85,0,85,88,0,88,173
05/22/2015,FTG,CO,ANM,WE,Federal Contract Tower,0,0,9,0,9,0,0,12,0,12,0,0,21,0,21,16,0,16,37
05/23/2015,FTG,CO,ANM,WE,Federal Contract Tower,0,0,4,0,4,0,0,36,0,36,0,0,40,0,40,34,0,34,74
05/24/2015,FTG,CO,ANM,WE,Federal Contract Tower,0,0,8,0,8,0,0,62,0,62,0,0,70,0,70,50,0,50,120
05/25/2015,FTG,CO,ANM,WE,Federal Contract Tower,0,0,10,0,10,0,0,99,0,99,0,0,109,0,109,92,0,92,201
05/26/2015,FTG,CO,ANM,WE,Federal Contract Tower,0,0,16,0,16,0,0,74,2,76,0,0,90,2,92,0,52,52,144
05/27/2015,FTG,CO,ANM,WE,Federal Contract Tower,0,0,10,0,10,0,0,100,1,101,0,0,110,1,111,89,11,100,211
05/28/2015,FTG,CO,ANM,WE,Federal Contract Tower,0,0,16,0,16,0,0,95,0,95,0,0,111,0,111,52,0,52,163
05/29/2015,FTG,CO,ANM,WE,Federal Contract Tower,0,0,3,1,4,0,0,87,1,88,0,0,90,2,92,55,0,55,147
05/30/2015,FTG,CO,ANM,WE,Federal Contract Tower,0,0,9,0,9,0,0,190,0,190,0,0,199,0,199,134,0,134,333
05/31/2015,FTG,CO,ANM,WE,Federal Contract Tower,0,0,19,0,19,0,0,112,0,112,0,0,131,0,131,82,0,82,213
06/01/2015,FTG,CO,ANM,WE,Federal Contract Tower,0,0,21,0,21,0,0,64,32,96,0,0,85,32,117,66,94,160,277
06/02/2015,FTG,CO,ANM,WE,Federal Contract Tower,0,0,9,0,9,0,0,69,18,87,0,0,78,18,96,183,40,223,319
06/03/2015,FTG,CO,ANM,WE,Federal Contract Tower,0,0,35,0,35,0,0,17,0,17,0,0,52,0,52,26,0,26,78
06/04/2015,FTG,CO,ANM,WE,Federal Contract Tower,0,0,10,0,10,0,0,49,0,49,0,0,59,0,59,64,0,64,123
06/05/2015,FTG,CO,ANM,WE,Federal Contract Tower,0,1,5,0,6,0,0,17,0,17,0,1,22,0,23,102,0,102,125
06/06/2015,FTG,CO,ANM,WE,Federal Contract Tower,0,1,12,0,13,0,0,89,0,89,0,1,101,0,102,96,0,96,198
06/07/2015,FTG,CO,ANM,WE,Federal Contract Tower,0,2,29,0,31,0,0,82,0,82,0,2,111,0,113,50,0,50,163
06/08/2015,FTG,CO,ANM,WE,Federal Contract Tower,0,0,19,0,19,0,0,81,2,83,0,0,100,2,102,156,10,166,268
06/09/2015,FTG,CO,ANM,WE,Federal Contract Tower,0,0,22,0,22,0,0,81,0,81,0,0,103,0,103,134,0,134,237
06/10/2015,FTG,CO,ANM,WE,Federal Contract Tower,0,0,3,0,3,0,0,33,0,33,0,0,36,0,36,92,0,92,128
06/11/2015,FTG,CO,ANM,WE,Federal Contract Tower,0,0,19,1,20,0,0,43,0,43,0,0,62,1,63,79,0,79,142
06/12/2015,FTG,CO,ANM,WE,Federal Contract Tower,0,0,9,0,9,0,0,32,0,32,0,0,41,0,41,104,0,104,145
06/13/2015,FTG,CO,ANM,WE,Federal Contract Tower,0,0,34,0,34,0,0,130,0,130,0,0,164,0,164,110,0,110,274
06/14/2015,FTG,CO,ANM,WE,Federal Contract Tower,0,2,16,0,18,0,0,87,0,87,0,2,103,0,105,120,0,120,225
06/15/2015,FTG,CO,ANM,WE,Federal Contract Tower,0,2,28,0,30,0,0,44,0,44,0,2,72,0,74,36,0,36,110
06/16/2015,FTG,CO,ANM,WE,Federal Contract Tower,0,0,20,0,20,0,0,55,0,55,0,0,75,0,75,91,0,91,166
06/17/2015,FTG,CO,ANM,WE,Federal Contract Tower,0,0,17,0,17,0,0,63,0,63,0,0,80,0,80,98,0,98,178
06/18/2015,FTG,CO,ANM,WE,Federal Contract Tower,0,0,23,0,23,0,0,38,0,38,0,0,61,0,61,74,0,74,135
06/19/2015,FTG,CO,ANM,WE,Federal Contract Tower,0,0,26,0,26,0,0,88,3,91,0,0,114,3,117,136,56,192,309
06/20/2015,FTG,CO,ANM,WE,Federal Contract Tower,0,1,14,0,15,0,0,100,0,100,0,1,114,0,115,68,0,68,183
06/21/2015,FTG,CO,ANM,WE,Federal Contract Tower,0,0,11,0,11,0,0,89,0,89,0,0,100,0,100,87,0,87,187
06/22/2015,FTG,CO,ANM,WE,Federal Contract Tower,0,0,21,0,21,0,0,57,4,61,0,0,78,4,82,98,16,114,196
06/23/2015,FTG,CO,ANM,WE,Federal Contract Tower,0,1,12,0,13,0,0,72,2,74,0,1,84,2,87,134,10,144,231
06/24/2015,FTG,CO,ANM,WE,Federal Contract Tower,0,0,8,0,8,0,0,45,0,45,0,0,53,0,53,142,0,142,195
06/25/2015,FTG,CO,ANM,WE,Federal Contract Tower,0,0,8,1,9,0,0,72,1,73,0,0,80,2,82,92,0,92,174
06/26/2015,FTG,CO,ANM,WE,Federal Contract Tower,0,0,17,0,17,0,0,47,0,47,0,0,64,0,64,104,0,104,168
06/27/2015,FTG,CO,ANM,WE,Federal Contract Tower,0,0,9,0,9,0,0,159,0,159,0,0,168,0,168,98,0,98,266
06/28/2015,FTG,CO,ANM,WE,Federal Contract Tower,0,0,12,0,12,0,0,78,0,78,0,0,90,0,90,102,0,102,192
06/29/2015,FTG,CO,ANM,WE,Federal Contract Tower,0,0,5,0,5,0,0,58,0,58,0,0,63,0,63,136,0,136,199
06/30/2015,FTG,CO,ANM,WE,Federal Contract Tower,0,0,5,0,5,0,0,47,0,47,0,0,52,0,52,146,0,146,198
07/01/2015,FTG,CO,ANM,WE,Federal Contract Tower,0,1,11,0,12,0,0,88,0,88,0,1,99,0,100,76,0,76,176
07/02/2015,FTG,CO,ANM,WE,Federal Contract Tower,0,0,24,0,24,0,0,37,2,39,0,0,61,2,63,41,18,59,122
07/03/2015,FTG,CO,ANM,WE,Federal Contract Tower,0,0,13,0,13,0,0,95,0,95,0,0,108,0,108,56,0,56,164
07/04/2015,FTG,CO,ANM,WE,Federal Contract Tower,0,2,0,0,2,0,0,49,0,49,0,2,49,0,51,50,0,50,101
07/05/2015,FTG,CO,ANM,WE,Federal Contract Tower,0,1,15,0,16,0,0,41,0,41,0,1,56,0,57,21,0,21,78
07/06/2015,FTG,CO,ANM,WE,Federal Contract Tower,0,0,9,0,9,0,0,0,0,0,0,0,9,0,9,22,0,22,31
07/07/2015,FTG,CO,ANM,WE,Federal Contract Tower,0,0,25,0,25,0,0,0,0,0,0,0,25,0,25,12,0,12,37
07/08/2015,FTG,CO,ANM,WE,Federal Contract Tower,0,0,9,2,11,0,0,8,0,8,0,0,17,2,19,26,0,26,45
07/09/2015,FTG,CO,ANM,WE,Federal Contract Tower,0,6,9,0,15,0,0,45,0,45,0,6,54,0,60,184,0,184,244
07/10/2015,FTG,CO,ANM,WE,Federal Contract Tower,0,0,16,0,16,0,0,80,0,80,0,0,96,0,96,105,0,105,201
07/11/2015,FTG,CO,ANM,WE,Federal Contract Tower,0,5,6,0,11,0,0,94,0,94,0,5,100,0,105,70,0,70,175
07/12/2015,FTG,CO,ANM,WE,Federal Contract Tower,0,2,9,0,11,0,0,61,0,61,0,2,70,0,72,134,0,134,206
07/13/2015,FTG,CO,ANM,WE,Federal Contract Tower,0,6,18,0,24,0,0,69,2,71,0,6,87,2,95,92,2,94,189
07/14/2015,FTG,CO,ANM,WE,Federal Contract Tower,0,0,8,0,8,0,0,37,0,37,0,0,45,0,45,116,0,116,161
07/15/2015,FTG,CO,ANM,WE,Federal Contract Tower,0,0,28,0,28,0,0,56,0,56,0,0,84,0,84,90,0,90,174
07/16/2015,FTG,CO,ANM,WE,Federal Contract Tower,0,0,27,0,27,0,0,67,0,67,0,0,94,0,94,74,0,74,168
07/17/2015,FTG,CO,ANM,WE,Federal Contract Tower,0,0,7,0,7,0,0,58,0,58,0,0,65,0,65,103,0,103,168
07/18/2015,FTG,CO,ANM,WE,Federal Contract Tower,0,0,15,0,15,0,0,71,2,73,0,0,86,2,88,92,22,114,202
07/19/2015,FTG,CO,ANM,WE,Federal Contract Tower,0,0,14,0,14,0,0,59,0,59,0,0,73,0,73,82,0,82,155
07/20/2015,FTG,CO,ANM,WE,Federal Contract Tower,0,2,22,0,24,0,0,42,0,42,0,2,64,0,66,60,0,60,126
07/21/2015,FTG,CO,ANM,WE,Federal Contract Tower,0,1,18,0,19,0,1,28,0,29,0,2,46,0,48,20,0,20,68
07/22/2015,FTG,CO,ANM,WE,Federal Contract Tower,0,2,29,0,31,0,0,86,0,86,0,2,115,0,117,72,0,72,189
07/23/2015,FTG,CO,ANM,WE,Federal Contract Tower,0,0,24,0,24,0,0,86,0,86,0,0,110,0,110,70,0,70,180
07/24/2015,FTG,CO,ANM,WE,Federal Contract Tower,0,0,30,0,30,0,0,70,4,74,0,0,100,4,104,78,16,94,198
07/25/2015,FTG,CO,ANM,WE,Federal Contract Tower,0,0,8,0,8,0,0,99,0,99,0,0,107,0,107,81,0,81,188
07/26/2015,FTG,CO,ANM,WE,Federal Contract Tower,0,0,13,0,13,0,0,65,0,65,0,0,78,0,78,34,0,34,112
07/27/2015,FTG,CO,ANM,WE,Federal Contract Tower,0,1,9,0,10,0,0,59,0,59,0,1,68,0,69,52,0,52,121
07/28/2015,FTG,CO,ANM,WE,Federal Contract Tower,0,0,14,2,16,0,0,41,0,41,0,0,55,2,57,84,0,84,141
07/29/2015,FTG,CO,ANM,WE,Federal Contract Tower,0,0,10,0,10,0,0,63,0,63,0,0,73,0,73,32,0,32,105
07/30/2015,FTG,CO,ANM,WE,Federal Contract Tower,0,0,13,0,13,0,0,56,1,57,0,0,69,1,70,90,4,94,164
07/31/2015,FTG,CO,ANM,WE,Federal Contract Tower,0,0,11,0,11,0,0,88,0,88,0,0,99,0,99,86,0,86,185
08/01/2015,FTG,CO,ANM,WE,Federal Contract Tower,0,0,3,0,3,0,0,164,0,164,0,0,167,0,167,52,0,52,219
08/02/2015,FTG,CO,ANM,WE,Federal Contract Tower,0,0,19,0,19,0,0,58,0,58,0,0,77,0,77,78,0,78,155
08/03/2015,FTG,CO,ANM,WE,Federal Contract Tower,0,0,15,0,15,0,0,46,0,46,0,0,61,0,61,48,0,48,109
08/04/2015,FTG,CO,ANM,WE,Federal Contract Tower,0,0,13,0,13,0,0,55,1,56,0,0,68,1,69,95,12,107,176
08/05/2015,FTG,CO,ANM,WE,Federal Contract Tower,0,0,12,0,12,0,0,48,4,52,0,0,60,4,64,56,16,72,136
08/06/2015,FTG,CO,ANM,WE,Federal Contract Tower,0,0,9,0,9,0,0,49,0,49,0,0,58,0,58,65,0,65,123
08/07/2015,FTG,CO,ANM,WE,Federal Contract Tower,0,4,8,0,12,0,0,63,6,69,0,4,71,6,81,111,0,111,192
08/08/2015,FTG,CO,ANM,WE,Federal Contract Tower,0,0,11,0,11,0,0,154,0,154,0,0,165,0,165,66,0,66,231
08/09/2015,FTG,CO,ANM,WE,Federal Contract Tower,0,0,19,0,19,0,0,91,0,91,0,0,110,0,110,88,0,88,198
08/10/2015,FTG,CO,ANM,WE,Federal Contract Tower,0,0,17,0,17,0,0,52,0,52,0,0,69,0,69,113,0,113,182
08/11/2015,FTG,CO,ANM,WE,Federal Contract Tower,0,0,23,0,23,0,0,53,0,53,0,0,76,0,76,67,0,67,143
08/12/2015,FTG,CO,ANM,WE,Federal Contract Tower,0,0,9,0,9,0,0,62,2,64,0,0,71,2,73,138,2,140,213
08/13/2015,FTG,CO,ANM,WE,Federal Contract Tower,0,0,14,2,16,0,0,62,0,62,0,0,76,2,78,72,0,72,150
08/14/2015,FTG,CO,ANM,WE,Federal Contract Tower,0,0,15,0,15,0,0,48,2,50,0,0,63,2,65,54,0,54,119
08/15/2015,FTG,CO,ANM,WE,Federal Contract Tower,0,0,9,0,9,0,0,88,0,88,0,0,97,0,97,114,0,114,211
08/16/2015,FTG,CO,ANM,WE,Federal Contract Tower,0,0,13,0,13,0,0,66,0,66,0,0,79,0,79,42,0,42,121
08/17/2015,FTG,CO,ANM,WE,Federal Contract Tower,0,0,12,0,12,0,0,35,0,35,0,0,47,0,47,24,0,24,71
08/18/2015,FTG,CO,ANM,WE,Federal Contract Tower,0,1,16,0,17,0,0,49,0,49,0,1,65,0,66,47,0,47,113
08/19/2015,FTG,CO,ANM,WE,Federal Contract Tower,0,0,16,0,16,0,0,42,0,42,0,0,58,0,58,112,0,112,170
08/20/2015,FTG,CO,ANM,WE,Federal Contract Tower,0,0,14,0,14,0,0,48,0,48,0,0,62,0,62,90,0,90,152
08/21/2015,FTG,CO,ANM,WE,Federal Contract Tower,0,0,13,0,13,0,0,55,0,55,0,0,68,0,68,94,0,94,162
08/22/2015,FTG,CO,ANM,WE,Federal Contract Tower,0,0,5,0,5,0,0,53,0,53,0,0,58,0,58,80,0,80,138
08/23/2015,FTG,CO,ANM,WE,Federal Contract Tower,0,0,7,0,7,0,0,55,0,55,0,0,62,0,62,66,0,66,128
08/24/2015,FTG,CO,ANM,WE,Federal Contract Tower,0,0,1,0,1,0,0,44,4,48,0,0,45,4,49,70,18,88,137
08/25/2015,FTG,CO,ANM,WE,Federal Contract Tower,0,0,10,0,10,0,0,58,0,58,0,0,68,0,68,101,0,101,169
08/26/2015,FTG,CO,ANM,WE,Federal Contract Tower,0,0,7,0,7,0,0,57,0,57,0,0,64,0,64,72,0,72,136
08/27/2015,FTG,CO,ANM,WE,Federal Contract Tower,0,2,4,0,6,0,0,41,2,43,0,2,45,2,49,100,20,120,169
08/28/2015,FTG,CO,ANM,WE,Federal Contract Tower,0,0,11,0,11,0,0,67,0,67,0,0,78,0,78,66,0,66,144
08/29/2015,FTG,CO,ANM,WE,Federal Contract Tower,0,1,7,0,8,0,218,0,0,218,0,219,7,0,226,78,0,78,304
08/30/2015,FTG,CO,ANM,WE,Federal Contract Tower,0,0,4,0,4,0,0,74,0,74,0,0,78,0,78,42,0,42,120
08/31/2015,FTG,CO,ANM,WE,Federal Contract Tower,0,0,11,0,11,0,0,34,0,34,0,0,45,0,45,95,0,95,140
09/01/2015,FTG,CO,ANM,WE,Federal Contract Tower,0,0,7,0,7,0,0,40,2,42,0,0,47,2,49,42,14,56,105
09/02/2015,FTG,CO,ANM,WE,Federal Contract Tower,0,0,21,0,21,0,0,82,0,82,0,0,103,0,103,77,0,77,180
09/03/2015,FTG,CO,ANM,WE,Federal Contract Tower,0,0,16,2,18,0,0,35,0,35,0,0,51,2,53,31,0,31,84
09/04/2015,FTG,CO,ANM,WE,Federal Contract Tower,0,0,8,0,8,0,0,66,2,68,0,0,74,2,76,72,22,94,170
09/05/2015,FTG,CO,ANM,WE,Federal Contract Tower,0,0,14,0,14,0,0,93,0,93,0,0,107,0,107,150,0,150,257
09/06/2015,FTG,CO,ANM,WE,Federal Contract Tower,0,0,9,0,9,0,0,80,0,80,0,0,89,0,89,38,0,38,127
09/07/2015,FTG,CO,ANM,WE,Federal Contract Tower,0,0,7,0,7,0,0,52,0,52,0,0,59,0,59,52,0,52,111
09/08/2015,FTG,CO,ANM,WE,Federal Contract Tower,0,0,14,0,14,0,0,57,4,61,0,0,71,4,75,60,22,82,157
09/09/2015,FTG,CO,ANM,WE,Federal Contract Tower,0,0,18,0,18,0,0,88,0,88,0,0,106,0,106,83,6,89,195
09/10/2015,FTG,CO,ANM,WE,Federal Contract Tower,0,0,13,0,13,0,0,70,0,70,0,0,83,0,83,94,0,94,177
09/11/2015,FTG,CO,ANM,WE,Federal Contract Tower,0,0,21,0,21,0,0,88,0,88,0,0,109,0,109,140,0,140,249
09/12/2015,FTG,CO,ANM,WE,Federal Contract Tower,0,0,5,0,5,0,0,98,0,98,0,0,103,0,103,110,0,110,213
09/13/2015,FTG,CO,ANM,WE,Federal Contract Tower,0,0,5,0,5,0,1,66,0,67,0,1,71,0,72,158,0,158,230
09/14/2015,FTG,CO,ANM,WE,Federal Contract Tower,0,0,12,0,12,0,0,50,2,52,0,0,62,2,64,94,0,94,158
09/15/2015,FTG,CO,ANM,WE,Federal Contract Tower,0,0,16,0,16,0,0,51,0,51,0,0,67,0,67,148,0,148,215
09/16/2015,FTG,CO,ANM,WE,Federal Contract Tower,0,0,16,0,16,0,0,62,0,62,0,0,78,0,78,111,0,111,189
09/17/2015,FTG,CO,ANM,WE,Federal Contract Tower,0,0,25,0,25,0,0,70,2,72,0,0,95,2,97,80,0,80,177
09/18/2015,FTG,CO,ANM,WE,Federal Contract Tower,0,0,14,0,14,0,0,52,0,52,0,0,66,0,66,78,0,78,144
09/19/2015,FTG,CO,ANM,WE,Federal Contract Tower,0,0,4,0,4,0,0,81,0,81,0,0,85,0,85,108,0,108,193
09/20/2015,FTG,CO,ANM,WE,Federal Contract Tower,0,0,16,0,16,0,0,73,0,73,0,0,89,0,89,60,0,60,149
09/21/2015,FTG,CO,ANM,WE,Federal Contract Tower,0,0,8,0,8,0,0,48,2,50,0,0,56,2,58,94,2,96,154
09/22/2015,FTG,CO,ANM,WE,Federal Contract Tower,0,0,7,0,7,0,0,49,6,55,0,0,56,6,62,138,23,161,223
09/23/2015,FTG,CO,ANM,WE,Federal Contract Tower,0,0,16,0,16,0,0,36,0,36,0,0,52,0,52,68,0,68,120
09/24/2015,FTG,CO,ANM,WE,Federal Contract Tower,0,0,11,0,11,0,0,45,0,45,0,0,56,0,56,148,0,148,204
09/25/2015,FTG,CO,ANM,WE,Federal Contract Tower,0,0,25,0,25,0,0,96,0,96,0,0,121,0,121,118,0,118,239
09/26/2015,FTG,CO,ANM,WE,Federal Contract Tower,0,0,8,0,8,0,0,74,0,74,0,0,82,0,82,62,0,62,144
09/27/2015,FTG,CO,ANM,WE,Federal Contract Tower,0,0,8,0,8,0,0,55,0,55,0,0,63,0,63,46,0,46,109
09/28/2015,FTG,CO,ANM,WE,Federal Contract Tower,0,0,12,0,12,0,0,43,0,43,0,0,55,0,55,88,0,88,143
09/29/2015,FTG,CO,ANM,WE,Federal Contract Tower,0,4,6,0,10,0,4,19,0,23,0,8,25,0,33,4,0,4,37
09/30/2015,FTG,CO,ANM,WE,Federal Contract Tower,0,0,6,0,6,0,0,70,4,74,0,0,76,4,80,46,26,72,152
10/01/2015,FTG,CO,ANM,WE,Federal Contract Tower,0,1,4,0,5,0,0,44,4,48,0,1,48,4,53,86,22,108,161
10/02/2015,FTG,CO,ANM,WE,Federal Contract Tower,0,1,7,0,8,0,0,23,0,23,0,1,30,0,31,118,0,118,149
10/03/2015,FTG,CO,ANM,WE,Federal Contract Tower,0,0,10,4,14,0,0,30,0,30,0,0,40,4,44,68,0,68,112
10/04/2015,FTG,CO,ANM,WE,Federal Contract Tower,0,0,14,0,14,0,0,11,0,11,0,0,25,0,25,18,0,18,43
10/05/2015,FTG,CO,ANM,WE,Federal Contract Tower,0,0,11,0,11,0,0,36,0,36,0,0,47,0,47,58,0,58,105
10/06/2015,FTG,CO,ANM,WE,Federal Contract Tower,0,0,3,0,3,0,0,1,0,1,0,0,4,0,4,0,0,0,4
10/07/2015,FTG,CO,ANM,WE,Federal Contract Tower,0,0,20,0,20,0,0,81,2,83,0,0,101,2,103,178,8,186,289
10/08/2015,FTG,CO,ANM,WE,Federal Contract Tower,0,0,11,0,11,0,0,62,0,62,0,0,73,0,73,98,0,98,171
10/09/2015,FTG,CO,ANM,WE,Federal Contract Tower,0,0,6,0,6,0,0,52,0,52,0,0,58,0,58,116,0,116,174
10/10/2015,FTG,CO,ANM,WE,Federal Contract Tower,0,0,19,0,19,0,0,103,0,103,0,0,122,0,122,124,0,124,246
10/11/2015,FTG,CO,ANM,WE,Federal Contract Tower,0,0,5,0,5,0,0,46,0,46,0,0,51,0,51,108,0,108,159
10/12/2015,FTG,CO,ANM,WE,Federal Contract Tower,0,0,9,0,9,0,0,43,0,43,0,0,52,0,52,24,0,24,76
10/13/2015,FTG,CO,ANM,WE,Federal Contract Tower,0,0,3,0,3,0,0,26,0,26,0,0,29,0,29,22,0,22,51
10/14/2015,FTG,CO,ANM,WE,Federal Contract Tower,0,0,25,0,25,0,0,88,0,88,0,0,113,0,113,122,0,122,235
10/15/2015,FTG,CO,ANM,WE,Federal Contract Tower,0,0,11,0,11,0,0,44,4,48,0,0,55,4,59,62,26,88,147
10/16/2015,FTG,CO,ANM,WE,Federal Contract Tower,0,1,16,0,17,0,1,60,0,61,0,2,76,0,78,82,0,82,160
10/17/2015,FTG,CO,ANM,WE,Federal Contract Tower,0,0,11,0,11,0,0,123,0,123,0,0,134,0,134,148,0,148,282
10/18/2015,FTG,CO,ANM,WE,Federal Contract Tower,0,0,17,0,17,0,0,81,0,81,0,0,98,0,98,176,0,176,274
10/19/2015,FTG,CO,ANM,WE,Federal Contract Tower,0,0,4,0,4,0,0,56,0,56,0,0,60,0,60,92,0,92,152
10/20/2015,FTG,CO,ANM,WE,Federal Contract Tower,0,0,11,0,11,0,0,69,0,69,0,0,80,0,80,110,0,110,190
10/21/2015,FTG,CO,ANM,WE,Federal Contract Tower,0,0,7,0,7,0,0,0,0,0,0,0,7,0,7,0,0,0,7
10/22/2015,FTG,CO,ANM,WE,Federal Contract Tower,0,0,6,0,6,0,0,0,0,0,0,0,6,0,6,0,0,0,6
10/23/2015,FTG,CO,ANM,WE,Federal Contract Tower,0,0,11,0,11,0,0,56,0,56,0,0,67,0,67,68,0,68,135
10/24/2015,FTG,CO,ANM,WE,Federal Contract Tower,0,0,9,0,9,0,0,202,2,204,0,0,211,2,213,190,0,190,403
10/25/2015,FTG,CO,ANM,WE,Federal Contract Tower,0,0,9,0,9,0,0,70,1,71,0,0,79,1,80,200,2,202,282
10/26/2015,FTG,CO,ANM,WE,Federal Contract Tower,0,0,11,0,11,0,0,35,0,35,0,0,46,0,46,48,0,48,94
10/27/2015,FTG,CO,ANM,WE,Federal Contract Tower,0,0,5,0,5,0,0,38,0,38,0,0,43,0,43,98,0,98,141
10/28/2015,FTG,CO,ANM,WE,Federal Contract Tower,0,0,19,0,19,0,0,67,3,70,0,0,86,3,89,103,12,115,204
10/29/2015,FTG,CO,ANM,WE,Federal Contract Tower,0,0,19,0,19,0,0,52,0,52,0,0,71,0,71,66,0,66,137
10/30/2015,FTG,CO,ANM,WE,Federal Contract Tower,0,0,13,0,13,0,0,34,0,34,0,0,47,0,47,122,0,122,169
10/31/2015,FTG,CO,ANM,WE,Federal Contract Tower,0,0,5,0,5,0,0,119,0,119,0,0,124,0,124,136,0,136,260
11/01/2015,FTG,CO,ANM,WE,Federal Contract Tower,0,0,6,0,6,0,0,65,0,65,0,0,71,0,71,66,0,66,137
11/02/2015,FTG,CO,ANM,WE,Federal Contract Tower,0,0,7,0,7,0,0,60,2,62,0,0,67,2,69,114,10,124,193
11/03/2015,FTG,CO,ANM,WE,Federal Contract Tower,0,0,20,0,20,0,0,52,0,52,0,0,72,0,72,115,0,115,187
11/04/2015,FTG,CO,ANM,WE,Federal Contract Tower,0,0,13,0,13,0,0,45,2,47,0,0,58,2,60,78,12,90,150
11/05/2015,FTG,CO,ANM,WE,Federal Contract Tower,0,0,17,0,17,0,0,33,0,33,0,0,50,0,50,108,0,108,158
11/06/2015,FTG,CO,ANM,WE,Federal Contract Tower,0,0,9,0,9,0,0,57,0,57,0,0,66,0,66,190,0,190,256
11/07/2015,FTG,CO,ANM,WE,Federal Contract Tower,0,0,22,0,22,0,0,236,0,236,0,0,258,0,258,148,0,148,406
11/08/2015,FTG,CO,ANM,WE,Federal Contract Tower,0,0,10,0,10,0,0,94,0,94,0,0,104,0,104,154,0,154,258
11/09/2015,FTG,CO,ANM,WE,Federal Contract Tower,0,0,14,0,14,0,0,68,2,70,0,0,82,2,84,156,4,160,244
11/10/2015,FTG,CO,ANM,WE,Federal Contract Tower,0,0,21,0,21,0,0,50,4,54,0,0,71,4,75,76,18,94,169
11/11/2015,FTG,CO,ANM,WE,Federal Contract Tower,0,0,4,0,4,0,0,6,0,6,0,0,10,0,10,8,0,8,18
11/12/2015,FTG,CO,ANM,WE,Federal Contract Tower,0,0,12,0,12,0,0,41,2,43,0,0,53,2,55,90,6,96,151
11/13/2015,FTG,CO,ANM,WE,Federal Contract Tower,0,0,20,0,20,0,0,89,2,91,0,0,109,2,111,214,14,228,339
11/14/2015,FTG,CO,ANM,WE,Federal Contract Tower,0,0,14,0,14,0,0,124,0,124,0,0,138,0,138,244,0,244,382
11/15/2015,FTG,CO,ANM,WE,Federal Contract Tower,0,0,25,0,25,0,0,106,0,106,0,0,131,0,131,194,0,194,325
11/16/2015,FTG,CO,ANM,WE,Federal Contract Tower,0,0,15,0,15,0,0,36,2,38,0,0,51,2,53,36,10,46,99
11/17/2015,FTG,CO,ANM,WE,Federal Contract Tower,0,2,2,0,4,0,0,1,0,1,0,2,3,0,5,0,0,0,5
11/18/2015,FTG,CO,ANM,WE,Federal Contract Tower,0,0,7,0,7,0,0,12,0,12,0,0,19,0,19,76,0,76,95
11/19/2015,FTG,CO,ANM,WE,Federal Contract Tower,0,0,10,0,10,0,0,50,0,50,0,0,60,0,60,86,0,86,146
11/20/2015,FTG,CO,ANM,WE,Federal Contract Tower,0,0,19,0,19,0,0,18,0,18,0,0,37,0,37,42,0,42,79
11/21/2015,FTG,CO,ANM,WE,Federal Contract Tower,0,0,16,0,16,0,0,46,0,46,0,0,62,0,62,110,0,110,172
11/22/2015,FTG,CO,ANM,WE,Federal Contract Tower,0,0,11,0,11,0,0,77,0,77,0,0,88,0,88,202,0,202,290
11/23/2015,FTG,CO,ANM,WE,Federal Contract Tower,0,0,12,0,12,0,0,80,0,80,0,0,92,0,92,162,0,162,254
11/24/2015,FTG,CO,ANM,WE,Federal Contract Tower,0,0,18,0,18,0,0,99,2,101,0,0,117,2,119,89,8,97,216
11/25/2015,FTG,CO,ANM,WE,Federal Contract Tower,0,0,8,0,8,0,0,15,3,18,0,0,23,3,26,28,32,60,86
11/26/2015,FTG,CO,ANM,WE,Federal Contract Tower,0,0,0,0,0,0,0,0,0,0,0,0,0,0,0,0,0,0,0
11/27/2015,FTG,CO,ANM,WE,Federal Contract Tower,0,0,1,0,1,0,0,2,0,2,0,0,3,0,3,0,0,0,3
11/28/2015,FTG,CO,ANM,WE,Federal Contract Tower,0,0,2,0,2,0,0,2,0,2,0,0,4,0,4,22,0,22,26
11/29/2015,FTG,CO,ANM,WE,Federal Contract Tower,0,0,7,0,7,0,0,0,0,0,0,0,7,0,7,0,0,0,7
11/30/2015,FTG,CO,ANM,WE,Federal Contract Tower,0,0,23,0,23,0,0,27,0,27,0,0,50,0,50,54,0,54,104
12/01/2015,FTG,CO,ANM,WE,Federal Contract Tower,0,0,7,0,7,0,0,20,0,20,0,0,27,0,27,71,0,71,98
12/02/2015,FTG,CO,ANM,WE,Federal Contract Tower,0,0,16,0,16,0,0,56,0,56,0,0,72,0,72,107,0,107,179
12/03/2015,FTG,CO,ANM,WE,Federal Contract Tower,0,0,13,0,13,0,0,44,0,44,0,0,57,0,57,80,0,80,137
12/04/2015,FTG,CO,ANM,WE,Federal Contract Tower,0,0,12,0,12,0,0,76,0,76,0,0,88,0,88,206,0,206,294
12/05/2015,FTG,CO,ANM,WE,Federal Contract Tower,0,0,4,0,4,0,0,45,0,45,0,0,49,0,49,120,0,120,169
12/06/2015,FTG,CO,ANM,WE,Federal Contract Tower,0,0,15,0,15,0,0,66,0,66,0,0,81,0,81,146,0,146,227
12/07/2015,FTG,CO,ANM,WE,Federal Contract Tower,0,0,14,0,14,0,0,53,0,53,0,0,67,0,67,170,0,170,237
12/08/2015,FTG,CO,ANM,WE,Federal Contract Tower,0,0,10,0,10,0,0,36,0,36,0,0,46,0,46,75,0,75,121
12/09/2015,FTG,CO,ANM,WE,Federal Contract Tower,0,0,15,1,16,0,0,47,3,50,0,0,62,4,66,77,0,77,143
12/10/2015,FTG,CO,ANM,WE,Federal Contract Tower,0,0,8,0,8,0,0,37,0,37,0,0,45,0,45,90,0,90,135
12/11/2015,FTG,CO,ANM,WE,Federal Contract Tower,0,0,12,0,12,0,0,40,0,40,0,0,52,0,52,84,0,84,136
12/12/2015,FTG,CO,ANM,WE,Federal Contract Tower,0,0,0,0,0,0,0,0,0,0,0,0,0,0,0,0,0,0,0
12/13/2015,FTG,CO,ANM,WE,Federal Contract Tower,0,0,14,0,14,0,0,31,0,31,0,0,45,0,45,78,0,78,123
12/14/2015,FTG,CO,ANM,WE,Federal Contract Tower,0,0,10,0,10,0,0,40,6,46,0,0,50,6,56,82,22,104,160
12/15/2015,FTG,CO,ANM,WE,Federal Contract Tower,0,0,1,0,1,0,0,0,0,0,0,0,1,0,1,0,0,0,1
12/16/2015,FTG,CO,ANM,WE,Federal Contract Tower,0,0,11,0,11,0,0,26,0,26,0,0,37,0,37,42,0,42,79
12/17/2015,FTG,CO,ANM,WE,Federal Contract Tower,0,0,2,0,2,0,0,7,0,7,0,0,9,0,9,18,0,18,27
12/18/2015,FTG,CO,ANM,WE,Federal Contract Tower,0,0,29,0,29,0,0,64,0,64,0,0,93,0,93,88,0,88,181
12/19/2015,FTG,CO,ANM,WE,Federal Contract Tower,0,0,22,0,22,0,0,98,0,98,0,0,120,0,120,156,0,156,276
12/20/2015,FTG,CO,ANM,WE,Federal Contract Tower,0,0,12,0,12,0,0,52,0,52,0,0,64,0,64,112,0,112,176
12/21/2015,FTG,CO,ANM,WE,Federal Contract Tower,0,3,15,0,18,0,1,54,0,55,0,4,69,0,73,32,0,32,105
12/22/2015,FTG,CO,ANM,WE,Federal Contract Tower,0,0,22,0,22,0,0,59,0,59,0,0,81,0,81,84,0,84,165
12/23/2015,FTG,CO,ANM,WE,Federal Contract Tower,0,0,6,0,6,0,0,28,0,28,0,0,34,0,34,56,0,56,90
12/24/2015,FTG,CO,ANM,WE,Federal Contract Tower,0,0,13,0,13,0,0,38,0,38,0,0,51,0,51,68,0,68,119
12/25/2015,FTG,CO,ANM,WE,Federal Contract Tower,0,0,1,0,1,0,0,2,0,2,0,0,3,0,3,0,0,0,3
12/26/2015,FTG,CO,ANM,WE,Federal Contract Tower,0,0,11,0,11,0,0,9,0,9,0,0,20,0,20,4,0,4,24
12/27/2015,FTG,CO,ANM,WE,Federal Contract Tower,0,0,17,0,17,0,0,45,0,45,0,0,62,0,62,44,0,44,106
12/28/2015,FTG,CO,ANM,WE,Federal Contract Tower,0,1,23,0,24,0,0,49,0,49,0,1,72,0,73,30,0,30,103
12/29/2015,FTG,CO,ANM,WE,Federal Contract Tower,0,0,14,0,14,0,0,29,0,29,0,0,43,0,43,102,0,102,145
12/30/2015,FTG,CO,ANM,WE,Federal Contract Tower,0,2,16,0,18,0,0,48,0,48,0,2,64,0,66,33,0,33,99
12/31/2015,FTG,CO,ANM,WE,Federal Contract Tower,0,0,8,0,8,0,0,39,0,39,0,0,47,0,47,84,0,84,131
01/01/2016,FTG,CO,ANM,WE,Federal Contract Tower,0,1,8,0,9,0,0,46,0,46,0,1,54,0,55,28,0,28,83
01/02/2016,FTG,CO,ANM,WE,Federal Contract Tower,0,0,19,0,19,0,0,95,0,95,0,0,114,0,114,70,0,70,184
01/03/2016,FTG,CO,ANM,WE,Federal Contract Tower,0,0,7,0,7,0,0,62,0,62,0,0,69,0,69,92,0,92,161
01/04/2016,FTG,CO,ANM,WE,Federal Contract Tower,0,0,17,0,17,0,0,70,0,70,0,0,87,0,87,140,0,140,227
01/05/2016,FTG,CO,ANM,WE,Federal Contract Tower,0,0,4,0,4,0,0,50,0,50,0,0,54,0,54,185,0,185,239
01/06/2016,FTG,CO,ANM,WE,Federal Contract Tower,0,0,17,0,17,0,0,60,0,60,0,0,77,0,77,108,0,108,185
01/07/2016,FTG,CO,ANM,WE,Federal Contract Tower,0,0,4,0,4,0,0,0,0,0,0,0,4,0,4,0,0,0,4
01/08/2016,FTG,CO,ANM,WE,Federal Contract Tower,0,0,4,0,4,0,0,0,0,0,0,0,4,0,4,0,0,0,4
01/09/2016,FTG,CO,ANM,WE,Federal Contract Tower,0,0,7,0,7,0,0,27,2,29,0,0,34,2,36,146,12,158,194
01/10/2016,FTG,CO,ANM,WE,Federal Contract Tower,0,0,3,0,3,0,0,47,0,47,0,0,50,0,50,132,0,132,182
01/11/2016,FTG,CO,ANM,WE,Federal Contract Tower,0,0,22,0,22,0,0,64,0,64,0,0,86,0,86,114,0,114,200
01/12/2016,FTG,CO,ANM,WE,Federal Contract Tower,0,0,20,0,20,0,0,48,0,48,0,0,68,0,68,28,0,28,96
01/13/2016,FTG,CO,ANM,WE,Federal Contract Tower,0,2,20,0,22,0,0,63,0,63,0,2,83,0,85,98,0,98,183
01/14/2016,FTG,CO,ANM,WE,Federal Contract Tower,0,0,12,0,12,0,0,38,0,38,0,0,50,0,50,70,0,70,120
01/15/2016,FTG,CO,ANM,WE,Federal Contract Tower,0,0,16,0,16,0,0,43,0,43,0,0,59,0,59,56,0,56,115
01/16/2016,FTG,CO,ANM,WE,Federal Contract Tower,0,0,9,0,9,0,0,71,0,71,0,0,80,0,80,106,0,106,186
01/17/2016,FTG,CO,ANM,WE,Federal Contract Tower,0,0,10,0,10,0,0,31,0,31,0,0,41,0,41,124,0,124,165
01/18/2016,FTG,CO,ANM,WE,Federal Contract Tower,0,0,17,0,17,0,0,45,0,45,0,0,62,0,62,118,0,118,180
01/19/2016,FTG,CO,ANM,WE,Federal Contract Tower,0,0,11,0,11,0,0,42,2,44,0,0,53,2,55,74,0,74,129
01/20/2016,FTG,CO,ANM,WE,Federal Contract Tower,0,0,15,0,15,0,0,30,0,30,0,0,45,0,45,54,0,54,99
01/21/2016,FTG,CO,ANM,WE,Federal Contract Tower,0,0,14,0,14,0,0,54,0,54,0,0,68,0,68,52,0,52,120
01/22/2016,FTG,CO,ANM,WE,Federal Contract Tower,0,0,16,0,16,0,0,63,0,63,0,0,79,0,79,94,0,94,173
01/23/2016,FTG,CO,ANM,WE,Federal Contract Tower,0,0,12,0,12,0,0,226,0,226,0,0,238,0,238,182,0,182,420
01/24/2016,FTG,CO,ANM,WE,Federal Contract Tower,0,0,6,0,6,0,0,55,0,55,0,0,61,0,61,82,0,82,143
01/25/2016,FTG,CO,ANM,WE,Federal Contract Tower,0,1,5,1,7,0,0,10,0,10,0,1,15,1,17,26,0,26,43
01/26/2016,FTG,CO,ANM,WE,Federal Contract Tower,0,0,14,0,14,0,0,63,0,63,0,0,77,0,77,77,0,77,154
01/27/2016,FTG,CO,ANM,WE,Federal Contract Tower,0,0,8,0,8,0,0,52,0,52,0,0,60,0,60,86,0,86,146
01/28/2016,FTG,CO,ANM,WE,Federal Contract Tower,0,0,27,0,27,0,0,98,0,98,0,0,125,0,125,138,0,138,263
01/29/2016,FTG,CO,ANM,WE,Federal Contract Tower,0,1,10,0,11,0,0,51,0,51,0,1,61,0,62,72,0,72,134
01/30/2016,FTG,CO,ANM,WE,Federal Contract Tower,0,0,27,0,27,0,0,100,0,100,0,0,127,0,127,162,0,162,289
01/31/2016,FTG,CO,ANM,WE,Federal Contract Tower,0,0,11,0,11,0,0,25,0,25,0,0,36,0,36,70,0,70,106
02/01/2016,FTG,CO,ANM,WE,Federal Contract Tower,0,1,4,0,5,0,0,0,0,0,0,1,4,0,5,0,0,0,5
02/02/2016,FTG,CO,ANM,WE,Federal Contract Tower,0,4,1,0,5,0,0,0,0,0,0,4,1,0,5,0,0,0,5
02/03/2016,FTG,CO,ANM,WE,Federal Contract Tower,0,2,7,0,9,0,0,29,0,29,0,2,36,0,38,96,0,96,134
02/04/2016,FTG,CO,ANM,WE,Federal Contract Tower,0,2,4,0,6,0,0,32,0,32,0,2,36,0,38,58,0,58,96
02/05/2016,FTG,CO,ANM,WE,Federal Contract Tower,0,2,20,0,22,0,0,59,0,59,0,2,79,0,81,102,0,102,183
02/06/2016,FTG,CO,ANM,WE,Federal Contract Tower,0,0,9,0,9,0,0,103,0,103,0,0,112,0,112,156,0,156,268
02/07/2016,FTG,CO,ANM,WE,Federal Contract Tower,0,0,10,0,10,0,0,37,0,37,0,0,47,0,47,128,0,128,175
02/08/2016,FTG,CO,ANM,WE,Federal Contract Tower,0,0,24,0,24,0,0,51,0,51,0,0,75,0,75,80,0,80,155
02/09/2016,FTG,CO,ANM,WE,Federal Contract Tower,0,0,8,0,8,0,0,69,0,69,0,0,77,0,77,120,0,120,197
02/10/2016,FTG,CO,ANM,WE,Federal Contract Tower,0,1,9,0,10,0,0,71,0,71,0,1,80,0,81,121,0,121,202
02/11/2016,FTG,CO,ANM,WE,Federal Contract Tower,0,0,19,0,19,0,0,71,0,71,0,0,90,0,90,148,0,148,238
02/12/2016,FTG,CO,ANM,WE,Federal Contract Tower,0,2,11,0,13,0,1,75,0,76,0,3,86,0,89,234,0,234,323
02/13/2016,FTG,CO,ANM,WE,Federal Contract Tower,0,1,21,0,22,0,0,73,0,73,0,1,94,0,95,106,0,106,201
02/14/2016,FTG,CO,ANM,WE,Federal Contract Tower,0,0,6,0,6,0,0,39,0,39,0,0,45,0,45,100,0,100,145
02/15/2016,FTG,CO,ANM,WE,Federal Contract Tower,0,2,11,0,13,0,0,15,0,15,0,2,26,0,28,4,0,4,32
02/16/2016,FTG,CO,ANM,WE,Federal Contract Tower,0,2,5,0,7,0,1,31,0,32,0,3,36,0,39,50,0,50,89
02/17/2016,FTG,CO,ANM,WE,Federal Contract Tower,0,2,9,0,11,0,0,54,4,58,0,2,63,4,69,58,38,96,165
02/18/2016,FTG,CO,ANM,WE,Federal Contract Tower,0,0,4,0,4,0,0,8,0,8,0,0,12,0,12,12,0,12,24
02/19/2016,FTG,CO,ANM,WE,Federal Contract Tower,0,1,9,0,10,0,0,74,0,74,0,1,83,0,84,142,0,142,226
02/20/2016,FTG,CO,ANM,WE,Federal Contract Tower,0,0,2,0,2,0,0,75,0,75,0,0,77,0,77,112,0,112,189
02/21/2016,FTG,CO,ANM,WE,Federal Contract Tower,0,0,15,0,15,0,0,97,0,97,0,0,112,0,112,138,0,138,250
02/22/2016,FTG,CO,ANM,WE,Federal Contract Tower,0,0,10,0,10,0,0,40,0,40,0,0,50,0,50,52,0,52,102
02/23/2016,FTG,CO,ANM,WE,Federal Contract Tower,0,0,7,0,7,0,0,28,2,30,0,0,35,2,37,74,14,88,125
02/24/2016,FTG,CO,ANM,WE,Federal Contract Tower,0,0,18,0,18,0,0,53,6,59,0,0,71,6,77,91,12,103,180
02/25/2016,FTG,CO,ANM,WE,Federal Contract Tower,0,0,12,0,12,0,0,67,0,67,0,0,79,0,79,170,0,170,249
02/26/2016,FTG,CO,ANM,WE,Federal Contract Tower,0,0,11,0,11,0,0,96,0,96,0,0,107,0,107,146,0,146,253
02/27/2016,FTG,CO,ANM,WE,Federal Contract Tower,0,0,16,0,16,0,0,178,0,178,0,0,194,0,194,90,0,90,284
02/28/2016,FTG,CO,ANM,WE,Federal Contract Tower,0,0,18,0,18,0,0,95,0,95,0,0,113,0,113,162,0,162,275
02/29/2016,FTG,CO,ANM,WE,Federal Contract Tower,0,0,14,0,14,0,0,40,0,40,0,0,54,0,54,34,0,34,88
03/01/2016,FTG,CO,ANM,WE,Federal Contract Tower,0,0,17,0,17,0,0,52,1,53,0,0,69,1,70,98,13,111,181
03/02/2016,FTG,CO,ANM,WE,Federal Contract Tower,0,0,5,0,5,0,0,12,0,12,0,0,17,0,17,6,0,6,23
03/03/2016,FTG,CO,ANM,WE,Federal Contract Tower,0,0,21,0,21,0,0,80,2,82,0,0,101,2,103,174,10,184,287
03/04/2016,FTG,CO,ANM,WE,Federal Contract Tower,0,0,18,0,18,0,0,60,0,60,0,0,78,0,78,100,0,100,178
03/05/2016,FTG,CO,ANM,WE,Federal Contract Tower,0,0,16,0,16,0,0,51,0,51,0,0,67,0,67,36,0,36,103
03/06/2016,FTG,CO,ANM,WE,Federal Contract Tower,0,0,18,0,18,0,0,80,0,80,0,0,98,0,98,152,0,152,250
03/07/2016,FTG,CO,ANM,WE,Federal Contract Tower,0,0,8,0,8,0,0,23,0,23,0,0,31,0,31,8,0,8,39
03/08/2016,FTG,CO,ANM,WE,Federal Contract Tower,0,0,16,0,16,0,0,71,0,71,0,0,87,0,87,140,0,140,227
03/09/2016,FTG,CO,ANM,WE,Federal Contract Tower,0,0,21,0,21,0,0,79,0,79,0,0,100,0,100,110,0,110,210
03/10/2016,FTG,CO,ANM,WE,Federal Contract Tower,0,0,19,0,19,0,0,73,0,73,0,0,92,0,92,96,0,96,188
03/11/2016,FTG,CO,ANM,WE,Federal Contract Tower,0,0,19,0,19,0,0,85,0,85,0,0,104,0,104,236,0,236,340
03/12/2016,FTG,CO,ANM,WE,Federal Contract Tower,0,0,14,0,14,0,0,106,0,106,0,0,120,0,120,148,0,148,268
03/13/2016,FTG,CO,ANM,WE,Federal Contract Tower,0,0,22,0,22,0,0,78,0,78,0,0,100,0,100,128,0,128,228
03/14/2016,FTG,CO,ANM,WE,Federal Contract Tower,0,0,13,0,13,0,0,51,0,51,0,0,64,0,64,76,0,76,140
03/15/2016,FTG,CO,ANM,WE,Federal Contract Tower,0,0,5,0,5,0,0,16,0,16,0,0,21,0,21,22,0,22,43
03/16/2016,FTG,CO,ANM,WE,Federal Contract Tower,0,0,2,0,2,0,0,24,0,24,0,0,26,0,26,22,0,22,48
03/17/2016,FTG,CO,ANM,WE,Federal Contract Tower,0,0,14,0,14,0,0,36,0,36,0,0,50,0,50,88,0,88,138
03/18/2016,FTG,CO,ANM,WE,Federal Contract Tower,0,0,8,0,8,0,0,3,0,3,0,0,11,0,11,0,0,0,11
03/19/2016,FTG,CO,ANM,WE,Federal Contract Tower,0,0,9,0,9,0,0,37,0,37,0,0,46,0,46,112,0,112,158
03/20/2016,FTG,CO,ANM,WE,Federal Contract Tower,0,0,9,0,9,0,0,82,0,82,0,0,91,0,91,94,0,94,185
03/21/2016,FTG,CO,ANM,WE,Federal Contract Tower,0,0,11,0,11,0,0,63,2,65,0,0,74,2,76,92,8,100,176
03/22/2016,FTG,CO,ANM,WE,Federal Contract Tower,0,0,15,0,15,0,0,39,0,39,0,0,54,0,54,44,0,44,98
03/23/2016,FTG,CO,ANM,WE,Federal Contract Tower,0,0,0,0,0,0,0,0,0,0,0,0,0,0,0,0,0,0,0
03/24/2016,FTG,CO,ANM,WE,Federal Contract Tower,0,0,10,0,10,0,0,25,0,25,0,0,35,0,35,30,0,30,65
03/25/2016,FTG,CO,ANM,WE,Federal Contract Tower,0,1,18,0,19,0,0,37,0,37,0,1,55,0,56,64,0,64,120
03/26/2016,FTG,CO,ANM,WE,Federal Contract Tower,0,0,1,0,1,0,0,10,0,10,0,0,11,0,11,58,0,58,69
03/27/2016,FTG,CO,ANM,WE,Federal Contract Tower,0,0,12,0,12,0,0,26,0,26,0,0,38,0,38,60,0,60,98
03/28/2016,FTG,CO,ANM,WE,Federal Contract Tower,0,0,9,0,9,0,0,37,0,37,0,0,46,0,46,98,0,98,144
03/29/2016,FTG,CO,ANM,WE,Federal Contract Tower,0,0,10,0,10,0,0,45,0,45,0,0,55,0,55,37,0,37,92
03/30/2016,FTG,CO,ANM,WE,Federal Contract Tower,0,0,9,0,9,0,0,13,0,13,0,0,22,0,22,31,0,31,53
03/31/2016,FTG,CO,ANM,WE,Federal Contract Tower,0,0,5,0,5,0,0,6,0,6,0,0,11,0,11,34,0,34,45
04/01/2016,FTG,CO,ANM,WE,Federal Contract Tower,0,0,21,0,21,0,0,68,0,68,0,0,89,0,89,102,0,102,191
04/02/2016,FTG,CO,ANM,WE,Federal Contract Tower,0,0,20,0,20,0,0,159,0,159,0,0,179,0,179,64,0,64,243
04/03/2016,FTG,CO,ANM,WE,Federal Contract Tower,2,0,10,0,12,0,0,91,0,91,2,0,101,0,103,78,0,78,181
04/04/2016,FTG,CO,ANM,WE,Federal Contract Tower,0,0,7,0,7,0,0,51,0,51,0,0,58,0,58,72,0,72,130
04/05/2016,FTG,CO,ANM,WE,Federal Contract Tower,0,0,9,0,9,0,0,26,0,26,0,0,35,0,35,24,0,24,59
04/06/2016,FTG,CO,ANM,WE,Federal Contract Tower,0,0,13,0,13,0,0,68,0,68,0,0,81,0,81,130,0,130,211
04/07/2016,FTG,CO,ANM,WE,Federal Contract Tower,0,0,12,0,12,0,0,57,0,57,0,0,69,0,69,70,0,70,139
04/08/2016,FTG,CO,ANM,WE,Federal Contract Tower,0,0,11,0,11,0,0,78,2,80,0,0,89,2,91,114,6,120,211
04/09/2016,FTG,CO,ANM,WE,Federal Contract Tower,0,0,18,0,18,0,0,104,0,104,0,0,122,0,122,130,0,130,252
04/10/2016,FTG,CO,ANM,WE,Federal Contract Tower,0,0,3,0,3,0,0,52,0,52,0,0,55,0,55,108,0,108,163
04/11/2016,FTG,CO,ANM,WE,Federal Contract Tower,0,0,21,0,21,0,0,27,0,27,0,0,48,0,48,84,0,84,132
04/12/2016,FTG,CO,ANM,WE,Federal Contract Tower,0,1,12,0,13,0,0,45,0,45,0,1,57,0,58,94,0,94,152
04/13/2016,FTG,CO,ANM,WE,Federal Contract Tower,0,0,24,0,24,0,0,87,2,89,0,0,111,2,113,126,16,142,255
04/14/2016,FTG,CO,ANM,WE,Federal Contract Tower,0,0,17,0,17,0,0,46,2,48,0,0,63,2,65,44,12,56,121
04/15/2016,FTG,CO,ANM,WE,Federal Contract Tower,0,0,9,0,9,0,0,23,0,23,0,0,32,0,32,24,0,24,56
04/16/2016,FTG,CO,ANM,WE,Federal Contract Tower,0,0,0,0,0,0,0,0,0,0,0,0,0,0,0,0,0,0,0
04/17/2016,FTG,CO,ANM,WE,Federal Contract Tower,0,0,0,0,0,0,0,0,0,0,0,0,0,0,0,0,0,0,0
04/18/2016,FTG,CO,ANM,WE,Federal Contract Tower,0,0,3,0,3,0,0,11,0,11,0,0,14,0,14,80,0,80,94
04/19/2016,FTG,CO,ANM,WE,Federal Contract Tower,0,0,13,0,13,0,0,29,0,29,0,0,42,0,42,48,0,48,90
04/20/2016,FTG,CO,ANM,WE,Federal Contract Tower,0,0,12,0,12,0,0,37,0,37,0,0,49,0,49,82,0,82,131
04/21/2016,FTG,CO,ANM,WE,Federal Contract Tower,0,0,12,0,12,0,0,75,0,75,0,0,87,0,87,142,0,142,229
04/22/2016,FTG,CO,ANM,WE,Federal Contract Tower,0,0,17,0,17,0,0,81,0,81,0,0,98,0,98,126,0,126,224
04/23/2016,FTG,CO,ANM,WE,Federal Contract Tower,0,0,5,0,5,0,0,128,0,128,0,0,133,0,133,68,0,68,201
04/24/2016,FTG,CO,ANM,WE,Federal Contract Tower,0,0,7,0,7,0,0,51,0,51,0,0,58,0,58,74,0,74,132
04/25/2016,FTG,CO,ANM,WE,Federal Contract Tower,0,0,5,0,5,0,0,20,0,20,0,0,25,0,25,4,0,4,29
04/26/2016,FTG,CO,ANM,WE,Federal Contract Tower,0,0,6,0,6,0,0,26,0,26,0,0,32,0,32,27,0,27,59
04/27/2016,FTG,CO,ANM,WE,Federal Contract Tower,0,0,14,0,14,0,0,56,0,56,0,0,70,0,70,146,0,146,216
04/28/2016,FTG,CO,ANM,WE,Federal Contract Tower,0,0,8,0,8,0,0,6,0,6,0,0,14,0,14,0,0,0,14
04/29/2016,FTG,CO,ANM,WE,Federal Contract Tower,0,4,4,0,8,0,0,0,0,0,0,4,4,0,8,0,0,0,8
04/30/2016,FTG,CO,ANM,WE,Federal Contract Tower,0,0,3,0,3,0,0,0,0,0,0,0,3,0,3,0,0,0,3
05/01/2016,FTG,CO,ANM,WE,Federal Contract Tower,0,0,4,0,4,0,0,6,0,6,0,0,10,0,10,4,0,4,14
05/02/2016,FTG,CO,ANM,WE,Federal Contract Tower,0,0,28,0,28,0,0,78,2,80,0,0,106,2,108,108,12,120,228
05/03/2016,FTG,CO,ANM,WE,Federal Contract Tower,0,0,17,0,17,0,0,65,2,67,0,0,82,2,84,98,9,107,191
05/04/2016,FTG,CO,ANM,WE,Federal Contract Tower,0,0,27,0,27,0,0,111,2,113,0,0,138,2,140,168,20,188,328
05/05/2016,FTG,CO,ANM,WE,Federal Contract Tower,0,0,20,0,20,0,0,103,2,105,0,0,123,2,125,114,8,122,247
05/06/2016,FTG,CO,ANM,WE,Federal Contract Tower,0,0,9,0,9,0,0,54,4,58,0,0,63,4,67,86,10,96,163
05/07/2016,FTG,CO,ANM,WE,Federal Contract Tower,0,0,15,0,15,0,0,7,0,7,0,0,22,0,22,22,0,22,44
05/08/2016,FTG,CO,ANM,WE,Federal Contract Tower,0,0,7,0,7,0,0,36,0,36,0,0,43,0,43,16,0,16,59
05/09/2016,FTG,CO,ANM,WE,Federal Contract Tower,0,0,8,0,8,0,0,55,2,57,0,0,63,2,65,90,12,102,167
05/10/2016,FTG,CO,ANM,WE,Federal Contract Tower,0,0,8,0,8,0,0,30,0,30,0,0,38,0,38,53,0,53,91
05/11/2016,FTG,CO,ANM,WE,Federal Contract Tower,0,0,7,0,7,0,0,59,0,59,0,0,66,0,66,108,0,108,174
05/12/2016,FTG,CO,ANM,WE,Federal Contract Tower,0,0,21,0,21,0,0,113,2,115,0,0,134,2,136,164,4,168,304
05/13/2016,FTG,CO,ANM,WE,Federal Contract Tower,0,0,14,0,14,0,0,66,0,66,0,0,80,0,80,86,0,86,166
05/14/2016,FTG,CO,ANM,WE,Federal Contract Tower,0,0,8,0,8,0,0,47,0,47,0,0,55,0,55,166,0,166,221
05/15/2016,FTG,CO,ANM,WE,Federal Contract Tower,0,0,15,0,15,0,0,31,0,31,0,0,46,0,46,66,0,66,112
05/16/2016,FTG,CO,ANM,WE,Federal Contract Tower,0,0,1,0,1,0,0,0,0,0,0,0,1,0,1,0,0,0,1
05/17/2016,FTG,CO,ANM,WE,Federal Contract Tower,0,0,4,0,4,0,0,10,0,10,0,0,14,0,14,18,0,18,32
05/18/2016,FTG,CO,ANM,WE,Federal Contract Tower,0,0,14,0,14,0,0,65,0,65,0,0,79,0,79,60,0,60,139
05/19/2016,FTG,CO,ANM,WE,Federal Contract Tower,0,2,28,0,30,0,0,85,2,87,0,2,113,2,117,84,4,88,205
05/20/2016,FTG,CO,ANM,WE,Federal Contract Tower,0,0,18,0,18,0,0,109,0,109,0,0,127,0,127,104,0,104,231
05/21/2016,FTG,CO,ANM,WE,Federal Contract Tower,0,0,15,0,15,0,0,99,4,103,0,0,114,4,118,96,10,106,224
05/22/2016,FTG,CO,ANM,WE,Federal Contract Tower,0,0,12,0,12,0,0,53,0,53,0,0,65,0,65,24,0,24,89
05/23/2016,FTG,CO,ANM,WE,Federal Contract Tower,0,0,10,0,10,0,0,29,0,29,0,0,39,0,39,45,0,45,84
05/24/2016,FTG,CO,ANM,WE,Federal Contract Tower,0,0,10,0,10,0,0,44,0,44,0,0,54,0,54,64,0,64,118
05/25/2016,FTG,CO,ANM,WE,Federal Contract Tower,0,0,40,0,40,0,0,81,0,81,0,0,121,0,121,60,0,60,181
05/26/2016,FTG,CO,ANM,WE,Federal Contract Tower,0,0,6,0,6,0,0,27,0,27,0,0,33,0,33,38,0,38,71
05/27/2016,FTG,CO,ANM,WE,Federal Contract Tower,0,0,15,0,15,0,0,19,0,19,0,0,34,0,34,38,0,38,72
05/28/2016,FTG,CO,ANM,WE,Federal Contract Tower,0,0,8,0,8,0,0,128,2,130,0,0,136,2,138,54,6,60,198
05/29/2016,FTG,CO,ANM,WE,Federal Contract Tower,0,0,19,0,19,0,0,73,0,73,0,0,92,0,92,124,0,124,216
05/30/2016,FTG,CO,ANM,WE,Federal Contract Tower,0,0,12,0,12,0,0,58,0,58,0,0,70,0,70,58,0,58,128
05/31/2016,FTG,CO,ANM,WE,Federal Contract Tower,0,0,14,0,14,0,0,22,0,22,0,0,36,0,36,14,0,14,50
06/01/2016,FTG,CO,ANM,WE,Federal Contract Tower,0,0,15,0,15,0,0,46,0,46,0,0,61,0,61,68,0,68,129
06/02/2016,FTG,CO,ANM,WE,Federal Contract Tower,0,0,20,0,20,0,0,73,0,73,0,0,93,0,93,92,0,92,185
06/03/2016,FTG,CO,ANM,WE,Federal Contract Tower,0,0,18,0,18,0,0,92,0,92,0,0,110,0,110,204,0,204,314
06/04/2016,FTG,CO,ANM,WE,Federal Contract Tower,0,0,27,0,27,0,0,90,0,90,0,0,117,0,117,106,0,106,223
06/05/2016,FTG,CO,ANM,WE,Federal Contract Tower,0,0,10,0,10,0,0,79,0,79,0,0,89,0,89,56,0,56,145
06/06/2016,FTG,CO,ANM,WE,Federal Contract Tower,0,0,23,0,23,0,0,66,2,68,0,0,89,2,91,44,0,44,135
06/07/2016,FTG,CO,ANM,WE,Federal Contract Tower,0,0,17,0,17,0,0,83,0,83,0,0,100,0,100,52,0,52,152
06/08/2016,FTG,CO,ANM,WE,Federal Contract Tower,0,0,19,0,19,0,0,63,0,63,0,0,82,0,82,54,0,54,136
06/09/2016,FTG,CO,ANM,WE,Federal Contract Tower,0,0,10,1,11,0,0,56,1,57,0,0,66,2,68,54,0,54,122
06/10/2016,FTG,CO,ANM,WE,Federal Contract Tower,0,0,19,0,19,0,0,71,2,73,0,0,90,2,92,66,0,66,158
06/11/2016,FTG,CO,ANM,WE,Federal Contract Tower,0,1,16,0,17,0,0,69,0,69,0,1,85,0,86,60,0,60,146
06/12/2016,FTG,CO,ANM,WE,Federal Contract Tower,0,0,11,0,11,0,0,81,0,81,0,0,92,0,92,64,0,64,156
06/13/2016,FTG,CO,ANM,WE,Federal Contract Tower,0,0,6,0,6,0,0,17,0,17,0,0,23,0,23,28,0,28,51
06/14/2016,FTG,CO,ANM,WE,Federal Contract Tower,0,0,31,0,31,0,0,94,0,94,0,0,125,0,125,62,0,62,187
06/15/2016,FTG,CO,ANM,WE,Federal Contract Tower,0,0,23,0,23,0,0,59,0,59,0,0,82,0,82,32,0,32,114
06/16/2016,FTG,CO,ANM,WE,Federal Contract Tower,0,0,21,0,21,0,0,54,8,62,0,0,75,8,83,56,74,130,213
06/17/2016,FTG,CO,ANM,WE,Federal Contract Tower,0,2,12,0,14,0,0,57,0,57,0,2,69,0,71,55,0,55,126
06/18/2016,FTG,CO,ANM,WE,Federal Contract Tower,0,0,15,0,15,0,0,107,0,107,0,0,122,0,122,190,0,190,312
06/19/2016,FTG,CO,ANM,WE,Federal Contract Tower,0,0,12,0,12,0,0,46,0,46,0,0,58,0,58,68,0,68,126
06/20/2016,FTG,CO,ANM,WE,Federal Contract Tower,0,0,30,0,30,0,0,20,0,20,0,0,50,0,50,10,0,10,60
06/21/2016,FTG,CO,ANM,WE,Federal Contract Tower,0,1,24,0,25,0,0,66,5,71,0,1,90,5,96,58,46,104,200
06/22/2016,FTG,CO,ANM,WE,Federal Contract Tower,0,0,19,0,19,0,0,71,6,77,0,0,90,6,96,36,48,84,180
06/23/2016,FTG,CO,ANM,WE,Federal Contract Tower,0,0,18,0,18,0,0,50,2,52,0,0,68,2,70,34,14,48,118
06/24/2016,FTG,CO,ANM,WE,Federal Contract Tower,0,0,26,0,26,0,0,74,0,74,0,0,100,0,100,72,0,72,172
06/25/2016,FTG,CO,ANM,WE,Federal Contract Tower,0,0,14,0,14,0,0,213,0,213,0,0,227,0,227,124,0,124,351
06/26/2016,FTG,CO,ANM,WE,Federal Contract Tower,0,0,21,0,21,0,0,80,0,80,0,0,101,0,101,116,0,116,217
06/27/2016,FTG,CO,ANM,WE,Federal Contract Tower,0,0,22,0,22,0,0,62,1,63,0,0,84,1,85,43,7,50,135
06/28/2016,FTG,CO,ANM,WE,Federal Contract Tower,0,1,19,0,20,0,0,56,2,58,0,1,75,2,78,144,8,152,230
06/29/2016,FTG,CO,ANM,WE,Federal Contract Tower,0,0,27,0,27,0,0,62,9,71,0,0,89,9,98,40,80,120,218
06/30/2016,FTG,CO,ANM,WE,Federal Contract Tower,0,0,19,0,19,0,0,48,4,52,0,0,67,4,71,96,32,128,199
07/01/2016,FTG,CO,ANM,WE,Federal Contract Tower,0,0,25,0,25,0,0,46,0,46,0,0,71,0,71,136,0,136,207
07/02/2016,FTG,CO,ANM,WE,Federal Contract Tower,0,0,27,0,27,0,0,51,0,51,0,0,78,0,78,102,0,102,180
07/03/2016,FTG,CO,ANM,WE,Federal Contract Tower,0,0,11,0,11,0,0,75,0,75,0,0,86,0,86,132,0,132,218
07/04/2016,FTG,CO,ANM,WE,Federal Contract Tower,0,0,10,0,10,0,0,52,0,52,0,0,62,0,62,120,0,120,182
07/05/2016,FTG,CO,ANM,WE,Federal Contract Tower,0,0,13,0,13,0,0,50,8,58,0,0,63,8,71,98,80,178,249
07/06/2016,FTG,CO,ANM,WE,Federal Contract Tower,0,0,18,0,18,0,0,44,4,48,0,0,62,4,66,82,26,108,174
07/07/2016,FTG,CO,ANM,WE,Federal Contract Tower,0,2,23,0,25,0,0,97,12,109,0,2,120,12,134,110,126,236,370
07/08/2016,FTG,CO,ANM,WE,Federal Contract Tower,0,0,17,0,17,0,0,51,6,57,0,0,68,6,74,66,30,96,170
07/09/2016,FTG,CO,ANM,WE,Federal Contract Tower,0,0,19,0,19,0,0,88,8,96,0,0,107,8,115,128,106,234,349
07/10/2016,FTG,CO,ANM,WE,Federal Contract Tower,0,2,15,0,17,0,0,57,0,57,0,2,72,0,74,118,0,118,192
07/11/2016,FTG,CO,ANM,WE,Federal Contract Tower,0,0,12,2,14,0,0,56,15,71,0,0,68,17,85,20,128,148,233
07/12/2016,FTG,CO,ANM,WE,Federal Contract Tower,0,1,20,0,21,0,0,38,12,50,0,1,58,12,71,57,75,132,203
07/13/2016,FTG,CO,ANM,WE,Federal Contract Tower,0,0,33,0,33,0,0,78,14,92,0,0,111,14,125,92,112,204,329
07/14/2016,FTG,CO,ANM,WE,Federal Contract Tower,0,0,16,0,16,0,0,67,0,67,0,0,83,0,83,36,0,36,119
07/15/2016,FTG,CO,ANM,WE,Federal Contract Tower,0,0,20,0,20,0,0,64,0,64,0,0,84,0,84,96,0,96,180
07/16/2016,FTG,CO,ANM,WE,Federal Contract Tower,0,0,17,0,17,0,0,77,0,77,0,0,94,0,94,92,0,92,186
07/17/2016,FTG,CO,ANM,WE,Federal Contract Tower,0,0,17,0,17,0,0,82,0,82,0,0,99,0,99,98,0,98,197
07/18/2016,FTG,CO,ANM,WE,Federal Contract Tower,0,3,24,0,27,0,0,47,0,47,0,3,71,0,74,98,0,98,172
07/19/2016,FTG,CO,ANM,WE,Federal Contract Tower,0,0,13,0,13,0,0,42,4,46,0,0,55,4,59,60,38,98,157
07/20/2016,FTG,CO,ANM,WE,Federal Contract Tower,0,0,10,0,10,0,0,54,11,65,0,0,64,11,75,58,68,126,201
07/21/2016,FTG,CO,ANM,WE,Federal Contract Tower,0,0,26,0,26,0,0,59,12,71,0,0,85,12,97,60,74,134,231
07/22/2016,FTG,CO,ANM,WE,Federal Contract Tower,0,0,25,0,25,0,0,70,12,82,0,0,95,12,107,87,116,203,310
07/23/2016,FTG,CO,ANM,WE,Federal Contract Tower,0,0,13,0,13,0,0,148,0,148,0,0,161,0,161,90,0,90,251
07/24/2016,FTG,CO,ANM,WE,Federal Contract Tower,0,0,15,0,15,0,0,66,0,66,0,0,81,0,81,96,0,96,177
07/25/2016,FTG,CO,ANM,WE,Federal Contract Tower,0,1,17,0,18,0,0,52,14,66,0,1,69,14,84,54,140,194,278
07/26/2016,FTG,CO,ANM,WE,Federal Contract Tower,0,0,19,0,19,0,0,52,6,58,0,0,71,6,77,34,34,68,145
07/27/2016,FTG,CO,ANM,WE,Federal Contract Tower,0,0,18,0,18,0,0,45,6,51,0,0,63,6,69,70,64,134,203
07/28/2016,FTG,CO,ANM,WE,Federal Contract Tower,0,2,24,0,26,0,0,54,14,68,0,2,78,14,94,76,98,174,268
07/29/2016,FTG,CO,ANM,WE,Federal Contract Tower,0,0,17,0,17,0,0,66,4,70,0,0,83,4,87,188,38,226,313
07/30/2016,FTG,CO,ANM,WE,Federal Contract Tower,0,0,19,0,19,0,0,82,0,82,0,0,101,0,101,40,0,40,141
07/31/2016,FTG,CO,ANM,WE,Federal Contract Tower,0,0,13,0,13,0,0,52,0,52,0,0,65,0,65,30,0,30,95
08/01/2016,FTG,CO,ANM,WE,Federal Contract Tower,0,0,18,0,18,0,0,43,12,55,0,0,61,12,73,72,56,128,201
08/02/2016,FTG,CO,ANM,WE,Federal Contract Tower,0,0,14,0,14,0,0,49,6,55,0,0,63,6,69,129,34,163,232
08/03/2016,FTG,CO,ANM,WE,Federal Contract Tower,0,0,16,0,16,0,0,60,4,64,0,0,76,4,80,50,32,82,162
08/04/2016,FTG,CO,ANM,WE,Federal Contract Tower,0,0,8,0,8,0,0,37,0,37,0,0,45,0,45,14,0,14,59
08/05/2016,FTG,CO,ANM,WE,Federal Contract Tower,0,0,12,0,12,0,0,68,0,68,0,0,80,0,80,130,0,130,210
08/06/2016,FTG,CO,ANM,WE,Federal Contract Tower,0,0,15,0,15,0,0,70,2,72,0,0,85,2,87,94,0,94,181
08/07/2016,FTG,CO,ANM,WE,Federal Contract Tower,0,0,17,0,17,0,0,62,0,62,0,0,79,0,79,72,0,72,151
08/08/2016,FTG,CO,ANM,WE,Federal Contract Tower,0,0,19,0,19,0,0,74,0,74,0,0,93,0,93,76,0,76,169
08/09/2016,FTG,CO,ANM,WE,Federal Contract Tower,0,0,21,0,21,0,0,67,0,67,0,0,88,0,88,78,0,78,166
08/10/2016,FTG,CO,ANM,WE,Federal Contract Tower,0,0,24,0,24,0,0,85,0,85,0,0,109,0,109,76,0,76,185
08/11/2016,FTG,CO,ANM,WE,Federal Contract Tower,0,0,27,0,27,0,0,71,2,73,0,0,98,2,100,118,12,130,230
08/12/2016,FTG,CO,ANM,WE,Federal Contract Tower,0,0,10,0,10,0,0,63,2,65,0,0,73,2,75,94,6,100,175
08/13/2016,FTG,CO,ANM,WE,Federal Contract Tower,0,0,17,0,17,0,0,93,0,93,0,0,110,0,110,158,0,158,268
08/14/2016,FTG,CO,ANM,WE,Federal Contract Tower,0,1,23,0,24,0,0,93,0,93,0,1,116,0,117,232,0,232,349
08/15/2016,FTG,CO,ANM,WE,Federal Contract Tower,0,0,9,0,9,0,0,56,2,58,0,0,65,2,67,62,4,66,133
08/16/2016,FTG,CO,ANM,WE,Federal Contract Tower,0,0,20,0,20,0,0,62,0,62,0,0,82,0,82,150,0,150,232
08/17/2016,FTG,CO,ANM,WE,Federal Contract Tower,0,0,24,0,24,0,0,83,0,83,0,0,107,0,107,114,0,114,221
08/18/2016,FTG,CO,ANM,WE,Federal Contract Tower,0,0,26,0,26,0,0,60,4,64,0,0,86,4,90,10,0,10,100
08/19/2016,FTG,CO,ANM,WE,Federal Contract Tower,0,0,15,0,15,0,0,31,6,37,0,0,46,6,52,46,10,56,108
08/20/2016,FTG,CO,ANM,WE,Federal Contract Tower,0,0,23,0,23,0,0,134,0,134,0,0,157,0,157,114,0,114,271
08/21/2016,FTG,CO,ANM,WE,Federal Contract Tower,0,0,18,0,18,0,0,77,0,77,0,0,95,0,95,44,0,44,139
08/22/2016,FTG,CO,ANM,WE,Federal Contract Tower,0,0,13,0,13,0,0,40,0,40,0,0,53,0,53,88,0,88,141
08/23/2016,FTG,CO,ANM,WE,Federal Contract Tower,0,0,15,0,15,0,0,67,2,69,0,0,82,2,84,164,0,164,248
08/24/2016,FTG,CO,ANM,WE,Federal Contract Tower,0,0,7,0,7,0,0,33,0,33,0,0,40,0,40,50,0,50,90
08/25/2016,FTG,CO,ANM,WE,Federal Contract Tower,0,0,16,0,16,0,0,48,0,48,0,0,64,0,64,66,0,66,130
08/26/2016,FTG,CO,ANM,WE,Federal Contract Tower,0,0,16,0,16,0,0,68,0,68,0,0,84,0,84,202,0,202,286
08/27/2016,FTG,CO,ANM,WE,Federal Contract Tower,0,4,3,0,7,0,0,168,0,168,0,4,171,0,175,76,0,76,251
08/28/2016,FTG,CO,ANM,WE,Federal Contract Tower,0,0,3,0,3,0,0,79,0,79,0,0,82,0,82,126,0,126,208
08/29/2016,FTG,CO,ANM,WE,Federal Contract Tower,0,0,12,0,12,0,0,49,0,49,0,0,61,0,61,72,0,72,133
08/30/2016,FTG,CO,ANM,WE,Federal Contract Tower,0,0,20,0,20,0,0,69,5,74,0,0,89,5,94,85,8,93,187
08/31/2016,FTG,CO,ANM,WE,Federal Contract Tower,0,0,17,0,17,0,0,31,0,31,0,0,48,0,48,98,0,98,146
09/01/2016,FTG,CO,ANM,WE,Federal Contract Tower,0,0,12,0,12,0,0,61,0,61,0,0,73,0,73,116,0,116,189
09/02/2016,FTG,CO,ANM,WE,Federal Contract Tower,0,0,12,0,12,0,0,91,0,91,0,0,103,0,103,110,0,110,213
09/03/2016,FTG,CO,ANM,WE,Federal Contract Tower,0,0,8,0,8,0,0,95,0,95,0,0,103,0,103,76,0,76,179
09/04/2016,FTG,CO,ANM,WE,Federal Contract Tower,0,0,13,0,13,0,0,64,0,64,0,0,77,0,77,50,0,50,127
09/05/2016,FTG,CO,ANM,WE,Federal Contract Tower,0,0,28,0,28,0,0,94,0,94,0,0,122,0,122,108,0,108,230
09/06/2016,FTG,CO,ANM,WE,Federal Contract Tower,0,0,14,0,14,0,0,24,0,24,0,0,38,0,38,14,0,14,52
09/07/2016,FTG,CO,ANM,WE,Federal Contract Tower,0,0,28,0,28,0,0,73,3,76,0,0,101,3,104,62,14,76,180
09/08/2016,FTG,CO,ANM,WE,Federal Contract Tower,0,2,22,1,25,0,0,61,1,62,0,2,83,2,87,118,0,118,205
09/09/2016,FTG,CO,ANM,WE,Federal Contract Tower,0,1,36,0,37,0,0,93,0,93,0,1,129,0,130,186,0,186,316
09/10/2016,FTG,CO,ANM,WE,Federal Contract Tower,0,1,7,1,9,0,0,111,1,112,0,1,118,2,121,108,0,108,229
09/11/2016,FTG,CO,ANM,WE,Federal Contract Tower,0,1,14,0,15,0,0,93,0,93,0,1,107,0,108,148,0,148,256
09/12/2016,FTG,CO,ANM,WE,Federal Contract Tower,0,0,4,0,4,0,0,33,1,34,0,0,37,1,38,72,0,72,110
09/13/2016,FTG,CO,ANM,WE,Federal Contract Tower,0,0,11,0,11,0,0,21,0,21,0,0,32,0,32,72,0,72,104
09/14/2016,FTG,CO,ANM,WE,Federal Contract Tower,0,0,15,0,15,0,0,73,0,73,0,0,88,0,88,139,0,139,227
09/15/2016,FTG,CO,ANM,WE,Federal Contract Tower,0,0,16,0,16,0,0,64,0,64,0,0,80,0,80,48,0,48,128
09/16/2016,FTG,CO,ANM,WE,Federal Contract Tower,0,0,12,0,12,0,0,69,0,69,0,0,81,0,81,104,0,104,185
09/17/2016,FTG,CO,ANM,WE,Federal Contract Tower,0,0,27,0,27,0,0,97,0,97,0,0,124,0,124,200,0,200,324
09/18/2016,FTG,CO,ANM,WE,Federal Contract Tower,0,0,17,0,17,0,0,90,0,90,0,0,107,0,107,116,0,116,223
09/19/2016,FTG,CO,ANM,WE,Federal Contract Tower,0,0,25,0,25,0,0,56,0,56,0,0,81,0,81,49,0,49,130
09/20/2016,FTG,CO,ANM,WE,Federal Contract Tower,0,0,20,0,20,0,0,91,0,91,0,0,111,0,111,226,0,226,337
09/21/2016,FTG,CO,ANM,WE,Federal Contract Tower,0,0,18,0,18,0,0,60,4,64,0,0,78,4,82,101,0,101,183
09/22/2016,FTG,CO,ANM,WE,Federal Contract Tower,0,0,14,0,14,0,0,47,0,47,0,0,61,0,61,92,0,92,153
09/23/2016,FTG,CO,ANM,WE,Federal Contract Tower,0,0,10,0,10,0,0,31,0,31,0,0,41,0,41,44,0,44,85
09/24/2016,FTG,CO,ANM,WE,Federal Contract Tower,0,0,12,0,12,0,0,191,0,191,0,0,203,0,203,114,0,114,317
09/25/2016,FTG,CO,ANM,WE,Federal Contract Tower,0,0,12,0,12,0,0,64,0,64,0,0,76,0,76,148,0,148,224
09/26/2016,FTG,CO,ANM,WE,Federal Contract Tower,0,0,21,0,21,0,0,64,6,70,0,0,85,6,91,222,0,222,313
09/27/2016,FTG,CO,ANM,WE,Federal Contract Tower,0,0,17,0,17,0,0,106,9,115,0,0,123,9,132,173,4,177,309
09/28/2016,FTG,CO,ANM,WE,Federal Contract Tower,0,0,11,0,11,0,0,83,11,94,0,0,94,11,105,240,28,268,373
09/29/2016,FTG,CO,ANM,WE,Federal Contract Tower,0,0,15,2,17,0,0,68,16,84,0,0,83,18,101,198,18,216,317
09/30/2016,FTG,CO,ANM,WE,Federal Contract Tower,0,0,28,0,28,0,0,114,0,114,0,0,142,0,142,254,0,254,396
10/01/2016,FTG,CO,ANM,WE,Federal Contract Tower,0,0,12,0,12,0,0,95,0,95,0,0,107,0,107,150,0,150,257
10/02/2016,FTG,CO,ANM,WE,Federal Contract Tower,0,0,15,0,15,0,0,80,0,80,0,0,95,0,95,138,0,138,233
10/03/2016,FTG,CO,ANM,WE,Federal Contract Tower,0,0,10,0,10,0,0,16,2,18,0,0,26,2,28,36,0,36,64
10/04/2016,FTG,CO,ANM,WE,Federal Contract Tower,0,2,16,0,18,0,0,87,2,89,0,2,103,2,107,162,2,164,271
10/05/2016,FTG,CO,ANM,WE,Federal Contract Tower,0,0,23,0,23,0,0,63,2,65,0,0,86,2,88,166,8,174,262
10/06/2016,FTG,CO,ANM,WE,Federal Contract Tower,0,0,2,0,2,0,0,5,0,5,0,0,7,0,7,38,0,38,45
10/07/2016,FTG,CO,ANM,WE,Federal Contract Tower,0,0,28,0,28,0,0,82,0,82,0,0,110,0,110,234,0,234,344
10/08/2016,FTG,CO,ANM,WE,Federal Contract Tower,0,0,18,0,18,0,0,141,0,141,0,0,159,0,159,188,0,188,347
10/09/2016,FTG,CO,ANM,WE,Federal Contract Tower,0,0,17,0,17,0,0,61,0,61,0,0,78,0,78,68,0,68,146
10/10/2016,FTG,CO,ANM,WE,Federal Contract Tower,0,1,20,0,21,0,0,70,0,70,0,1,90,0,91,146,0,146,237
10/11/2016,FTG,CO,ANM,WE,Federal Contract Tower,0,2,15,0,17,0,0,66,1,67,0,2,81,1,84,118,0,118,202
10/12/2016,FTG,CO,ANM,WE,Federal Contract Tower,0,1,5,0,6,0,0,7,0,7,0,1,12,0,13,10,0,10,23
10/13/2016,FTG,CO,ANM,WE,Federal Contract Tower,0,0,11,0,11,0,0,60,12,72,0,0,71,12,83,158,8,166,249
10/14/2016,FTG,CO,ANM,WE,Federal Contract Tower,0,0,25,0,25,0,0,96,8,104,0,0,121,8,129,172,8,180,309
10/15/2016,FTG,CO,ANM,WE,Federal Contract Tower,0,0,17,0,17,0,0,123,0,123,0,0,140,0,140,162,0,162,302
10/16/2016,FTG,CO,ANM,WE,Federal Contract Tower,0,0,15,0,15,0,0,66,0,66,0,0,81,0,81,92,0,92,173
10/17/2016,FTG,CO,ANM,WE,Federal Contract Tower,0,0,15,0,15,0,0,30,0,30,0,0,45,0,45,100,0,100,145
10/18/2016,FTG,CO,ANM,WE,Federal Contract Tower,0,0,18,0,18,0,0,62,5,67,0,0,80,5,85,75,0,75,160
10/19/2016,FTG,CO,ANM,WE,Federal Contract Tower,0,0,8,0,8,0,0,71,4,75,0,0,79,4,83,144,0,144,227
10/20/2016,FTG,CO,ANM,WE,Federal Contract Tower,0,0,19,1,20,0,0,76,1,77,0,0,95,2,97,140,0,140,237
10/21/2016,FTG,CO,ANM,WE,Federal Contract Tower,0,6,15,0,21,0,3,66,0,69,0,9,81,0,90,110,0,110,200
10/22/2016,FTG,CO,ANM,WE,Federal Contract Tower,0,0,23,0,23,0,0,106,0,106,0,0,129,0,129,226,0,226,355
10/23/2016,FTG,CO,ANM,WE,Federal Contract Tower,0,0,15,0,15,0,0,87,0,87,0,0,102,0,102,220,0,220,322
10/24/2016,FTG,CO,ANM,WE,Federal Contract Tower,0,0,15,0,15,0,0,70,2,72,0,0,85,2,87,152,12,164,251
10/25/2016,FTG,CO,ANM,WE,Federal Contract Tower,0,1,10,0,11,0,0,44,2,46,0,1,54,2,57,204,0,204,261
10/26/2016,FTG,CO,ANM,WE,Federal Contract Tower,0,0,18,0,18,0,0,55,2,57,0,0,73,2,75,44,0,44,119
10/27/2016,FTG,CO,ANM,WE,Federal Contract Tower,0,0,13,0,13,0,0,70,2,72,0,0,83,2,85,60,0,60,145
10/28/2016,FTG,CO,ANM,WE,Federal Contract Tower,0,0,12,0,12,0,0,67,0,67,0,0,79,0,79,150,0,150,229
10/29/2016,FTG,CO,ANM,WE,Federal Contract Tower,0,0,11,0,11,0,0,171,0,171,0,0,182,0,182,98,0,98,280
10/30/2016,FTG,CO,ANM,WE,Federal Contract Tower,0,2,21,0,23,0,0,84,0,84,0,2,105,0,107,174,0,174,281
10/31/2016,FTG,CO,ANM,WE,Federal Contract Tower,0,2,5,0,7,0,0,50,2,52,0,2,55,2,59,102,2,104,163
11/01/2016,FTG,CO,ANM,WE,Federal Contract Tower,0,0,17,0,17,0,0,41,6,47,0,0,58,6,64,50,6,56,120
11/02/2016,FTG,CO,ANM,WE,Federal Contract Tower,0,0,11,0,11,0,0,54,6,60,0,0,65,6,71,134,14,148,219
11/03/2016,FTG,CO,ANM,WE,Federal Contract Tower,0,5,20,0,25,0,0,81,0,81,0,5,101,0,106,128,0,128,234
11/04/2016,FTG,CO,ANM,WE,Federal Contract Tower,0,3,16,0,19,0,0,56,2,58,0,3,72,2,77,92,0,92,169
11/05/2016,FTG,CO,ANM,WE,Federal Contract Tower,0,0,15,0,15,0,0,172,4,176,0,0,187,4,191,194,0,194,385
11/06/2016,FTG,CO,ANM,WE,Federal Contract Tower,0,0,11,0,11,0,0,99,0,99,0,0,110,0,110,276,0,276,386
11/07/2016,FTG,CO,ANM,WE,Federal Contract Tower,0,0,7,0,7,0,0,49,0,49,0,0,56,0,56,94,0,94,150
11/08/2016,FTG,CO,ANM,WE,Federal Contract Tower,0,0,13,1,14,0,0,71,1,72,0,0,84,2,86,229,0,229,315
11/09/2016,FTG,CO,ANM,WE,Federal Contract Tower,0,0,16,0,16,0,0,49,1,50,0,0,65,1,66,104,0,104,170
11/10/2016,FTG,CO,ANM,WE,Federal Contract Tower,0,0,7,0,7,0,0,61,0,61,0,0,68,0,68,112,0,112,180
11/11/2016,FTG,CO,ANM,WE,Federal Contract Tower,0,0,25,0,25,0,0,91,0,91,0,0,116,0,116,205,0,205,321
11/12/2016,FTG,CO,ANM,WE,Federal Contract Tower,0,0,19,0,19,0,0,112,0,112,0,0,131,0,131,192,0,192,323
11/13/2016,FTG,CO,ANM,WE,Federal Contract Tower,0,0,5,0,5,0,0,77,0,77,0,0,82,0,82,134,0,134,216
11/14/2016,FTG,CO,ANM,WE,Federal Contract Tower,0,0,15,0,15,0,0,81,0,81,0,0,96,0,96,148,0,148,244
11/15/2016,FTG,CO,ANM,WE,Federal Contract Tower,0,0,23,0,23,0,0,107,10,117,0,0,130,10,140,151,26,177,317
11/16/2016,FTG,CO,ANM,WE,Federal Contract Tower,0,0,7,0,7,0,0,42,4,46,0,0,49,4,53,66,0,66,119
11/17/2016,FTG,CO,ANM,WE,Federal Contract Tower,0,0,9,0,9,0,0,1,0,1,0,0,10,0,10,0,0,0,10
11/18/2016,FTG,CO,ANM,WE,Federal Contract Tower,0,0,13,0,13,0,0,61,4,65,0,0,74,4,78,154,0,154,232
11/19/2016,FTG,CO,ANM,WE,Federal Contract Tower,0,0,10,0,10,0,0,97,7,104,0,0,107,7,114,206,0,206,320
11/20/2016,FTG,CO,ANM,WE,Federal Contract Tower,0,0,20,0,20,0,0,140,0,140,0,0,160,0,160,288,0,288,448
11/21/2016,FTG,CO,ANM,WE,Federal Contract Tower,0,0,23,0,23,0,0,63,0,63,0,0,86,0,86,180,0,180,266
11/22/2016,FTG,CO,ANM,WE,Federal Contract Tower,0,0,5,0,5,0,0,2,0,2,0,0,7,0,7,6,0,6,13
11/23/2016,FTG,CO,ANM,WE,Federal Contract Tower,0,0,24,0,24,0,0,61,0,61,0,0,85,0,85,67,0,67,152
11/24/2016,FTG,CO,ANM,WE,Federal Contract Tower,0,0,2,0,2,0,0,6,0,6,0,0,8,0,8,2,0,2,10
11/25/2016,FTG,CO,ANM,WE,Federal Contract Tower,0,0,6,0,6,0,0,56,0,56,0,0,62,0,62,54,0,54,116
11/26/2016,FTG,CO,ANM,WE,Federal Contract Tower,0,5,7,0,12,0,0,99,0,99,0,5,106,0,111,62,0,62,173
11/27/2016,FTG,CO,ANM,WE,Federal Contract Tower,0,1,10,0,11,0,0,19,0,19,0,1,29,0,30,42,0,42,72
11/28/2016,FTG,CO,ANM,WE,Federal Contract Tower,0,0,10,0,10,0,0,29,0,29,0,0,39,0,39,56,0,56,95
11/29/2016,FTG,CO,ANM,WE,Federal Contract Tower,0,0,19,0,19,0,0,0,0,0,0,0,19,0,19,23,21,44,63
11/30/2016,FTG,CO,ANM,WE,Federal Contract Tower,0,0,10,0,10,0,0,54,3,57,0,0,64,3,67,46,28,74,141
12/01/2016,FTG,CO,ANM,WE,Federal Contract Tower,0,0,30,0,30,0,0,52,0,52,0,0,82,0,82,152,0,152,234
12/02/2016,FTG,CO,ANM,WE,Federal Contract Tower,0,0,13,0,13,0,0,29,0,29,0,0,42,0,42,150,0,150,192
12/03/2016,FTG,CO,ANM,WE,Federal Contract Tower,0,0,23,0,23,0,0,86,0,86,0,0,109,0,109,290,0,290,399
12/04/2016,FTG,CO,ANM,WE,Federal Contract Tower,0,0,23,0,23,0,0,89,0,89,0,0,112,0,112,248,0,248,360
12/05/2016,FTG,CO,ANM,WE,Federal Contract Tower,0,0,7,0,7,0,0,47,0,47,0,0,54,0,54,138,0,138,192
12/06/2016,FTG,CO,ANM,WE,Federal Contract Tower,0,0,3,0,3,0,0,22,2,24,0,0,25,2,27,39,4,43,70
12/07/2016,FTG,CO,ANM,WE,Federal Contract Tower,0,0,9,0,9,0,0,6,0,6,0,0,15,0,15,45,0,45,60
12/08/2016,FTG,CO,ANM,WE,Federal Contract Tower,0,0,7,0,7,0,0,34,2,36,0,0,41,2,43,132,0,132,175
12/09/2016,FTG,CO,ANM,WE,Federal Contract Tower,0,2,8,0,10,0,0,72,2,74,0,2,80,2,84,206,8,214,298
12/10/2016,FTG,CO,ANM,WE,Federal Contract Tower,0,2,20,0,22,0,0,78,4,82,0,2,98,4,104,174,16,190,294
12/11/2016,FTG,CO,ANM,WE,Federal Contract Tower,0,1,10,0,11,0,0,55,0,55,0,1,65,0,66,260,0,260,326
12/12/2016,FTG,CO,ANM,WE,Federal Contract Tower,0,2,16,0,18,0,0,48,4,52,0,2,64,4,70,170,18,188,258
12/13/2016,FTG,CO,ANM,WE,Federal Contract Tower,0,1,12,0,13,0,0,78,2,80,0,1,90,2,93,83,4,87,180
12/14/2016,FTG,CO,ANM,WE,Federal Contract Tower,0,0,10,0,10,0,0,30,2,32,0,0,40,2,42,84,6,90,132
12/15/2016,FTG,CO,ANM,WE,Federal Contract Tower,0,0,22,0,22,0,0,73,0,73,0,0,95,0,95,82,0,82,177
12/16/2016,FTG,CO,ANM,WE,Federal Contract Tower,0,0,15,0,15,0,0,27,0,27,0,0,42,0,42,22,0,22,64
12/17/2016,FTG,CO,ANM,WE,Federal Contract Tower,0,0,12,0,12,0,0,12,0,12,0,0,24,0,24,86,0,86,110
12/18/2016,FTG,CO,ANM,WE,Federal Contract Tower,0,3,20,0,23,0,0,35,0,35,0,3,55,0,58,212,0,212,270
12/19/2016,FTG,CO,ANM,WE,Federal Contract Tower,0,2,13,0,15,0,0,66,0,66,0,2,79,0,81,262,0,262,343
12/20/2016,FTG,CO,ANM,WE,Federal Contract Tower,0,0,20,0,20,0,0,97,0,97,0,0,117,0,117,218,0,218,335
12/21/2016,FTG,CO,ANM,WE,Federal Contract Tower,0,0,17,0,17,0,0,89,2,91,0,0,106,2,108,164,0,164,272
12/22/2016,FTG,CO,ANM,WE,Federal Contract Tower,0,1,21,0,22,0,0,52,0,52,0,1,73,0,74,104,0,104,178
12/23/2016,FTG,CO,ANM,WE,Federal Contract Tower,0,1,11,0,12,0,0,84,0,84,0,1,95,0,96,140,0,140,236
12/24/2016,FTG,CO,ANM,WE,Federal Contract Tower,0,0,6,0,6,0,0,47,0,47,0,0,53,0,53,52,0,52,105
12/25/2016,FTG,CO,ANM,WE,Federal Contract Tower,0,0,1,0,1,0,0,2,0,2,0,0,3,0,3,0,0,0,3
12/26/2016,FTG,CO,ANM,WE,Federal Contract Tower,0,3,25,0,28,0,1,52,0,53,0,4,77,0,81,64,0,64,145
12/27/2016,FTG,CO,ANM,WE,Federal Contract Tower,0,0,16,0,16,0,0,54,0,54,0,0,70,0,70,42,0,42,112
12/28/2016,FTG,CO,ANM,WE,Federal Contract Tower,0,0,2,0,2,0,0,52,0,52,0,0,54,0,54,76,0,76,130
12/29/2016,FTG,CO,ANM,WE,Federal Contract Tower,0,1,12,0,13,0,0,62,0,62,0,1,74,0,75,62,0,62,137
12/30/2016,FTG,CO,ANM,WE,Federal Contract Tower,0,0,26,0,26,0,0,64,0,64,0,0,90,0,90,74,0,74,164
12/31/2016,FTG,CO,ANM,WE,Federal Contract Tower,0,0,10,0,10,0,0,66,0,66,0,0,76,0,76,110,0,110,186
01/01/2017,FTG,CO,ANM,WE,Federal Contract Tower,0,0,12,0,12,0,0,47,0,47,0,0,59,0,59,82,0,82,141
01/02/2017,FTG,CO,ANM,WE,Federal Contract Tower,0,1,9,0,10,0,0,22,0,22,0,1,31,0,32,18,0,18,50
01/03/2017,FTG,CO,ANM,WE,Federal Contract Tower,0,0,16,0,16,0,0,21,0,21,0,0,37,0,37,2,0,2,39
01/04/2017,FTG,CO,ANM,WE,Federal Contract Tower,0,1,7,0,8,0,0,0,0,0,0,1,7,0,8,0,0,0,8
01/05/2017,FTG,CO,ANM,WE,Federal Contract Tower,0,1,3,0,4,0,0,10,0,10,0,1,13,0,14,40,0,40,54
01/06/2017,FTG,CO,ANM,WE,Federal Contract Tower,0,0,29,0,29,0,0,38,0,38,0,0,67,0,67,84,0,84,151
01/07/2017,FTG,CO,ANM,WE,Federal Contract Tower,0,0,13,0,13,0,0,72,0,72,0,0,85,0,85,152,0,152,237
01/08/2017,FTG,CO,ANM,WE,Federal Contract Tower,0,2,26,0,28,0,0,76,0,76,0,2,102,0,104,140,0,140,244
01/09/2017,FTG,CO,ANM,WE,Federal Contract Tower,0,5,10,0,15,0,0,20,0,20,0,5,30,0,35,46,0,46,81
01/10/2017,FTG,CO,ANM,WE,Federal Contract Tower,0,1,12,0,13,0,0,55,0,55,0,1,67,0,68,68,0,68,136
01/11/2017,FTG,CO,ANM,WE,Federal Contract Tower,0,0,10,0,10,0,0,26,2,28,0,0,36,2,38,34,0,34,72
01/12/2017,FTG,CO,ANM,WE,Federal Contract Tower,0,0,17,0,17,0,0,32,2,34,0,0,49,2,51,38,0,38,89
01/13/2017,FTG,CO,ANM,WE,Federal Contract Tower,0,0,22,0,22,0,0,42,0,42,0,0,64,0,64,193,0,193,257
01/14/2017,FTG,CO,ANM,WE,Federal Contract Tower,0,0,18,0,18,0,0,94,0,94,0,0,112,0,112,248,0,248,360
01/15/2017,FTG,CO,ANM,WE,Federal Contract Tower,0,1,3,0,4,0,0,0,0,0,0,1,3,0,4,22,0,22,26
01/16/2017,FTG,CO,ANM,WE,Federal Contract Tower,0,0,2,0,2,0,0,14,0,14,0,0,16,0,16,64,0,64,80
01/17/2017,FTG,CO,ANM,WE,Federal Contract Tower,0,1,21,0,22,0,0,72,0,72,0,1,93,0,94,276,0,276,370
01/18/2017,FTG,CO,ANM,WE,Federal Contract Tower,0,0,13,0,13,0,0,102,0,102,0,0,115,0,115,280,0,280,395
01/19/2017,FTG,CO,ANM,WE,Federal Contract Tower,0,0,13,0,13,0,0,51,4,55,0,0,64,4,68,148,12,160,228
01/20/2017,FTG,CO,ANM,WE,Federal Contract Tower,0,0,11,0,11,0,0,23,0,23,0,0,34,0,34,133,0,133,167
01/21/2017,FTG,CO,ANM,WE,Federal Contract Tower,0,0,34,0,34,0,0,115,0,115,0,0,149,0,149,164,0,164,313
01/22/2017,FTG,CO,ANM,WE,Federal Contract Tower,0,0,17,0,17,0,0,108,0,108,0,0,125,0,125,206,0,206,331
01/23/2017,FTG,CO,ANM,WE,Federal Contract Tower,0,2,14,2,18,0,0,42,0,42,0,2,56,2,60,164,0,164,224
01/24/2017,FTG,CO,ANM,WE,Federal Contract Tower,0,0,2,0,2,0,0,4,0,4,0,0,6,0,6,2,0,2,8
01/25/2017,FTG,CO,ANM,WE,Federal Contract Tower,0,0,12,0,12,0,0,60,0,60,0,0,72,0,72,198,0,198,270
01/26/2017,FTG,CO,ANM,WE,Federal Contract Tower,0,0,11,0,11,0,0,56,2,58,0,0,67,2,69,70,15,85,154
01/27/2017,FTG,CO,ANM,WE,Federal Contract Tower,0,0,19,0,19,0,0,54,0,54,0,0,73,0,73,109,0,109,182
01/28/2017,FTG,CO,ANM,WE,Federal Contract Tower,0,1,10,0,11,0,0,185,0,185,0,1,195,0,196,146,0,146,342
01/29/2017,FTG,CO,ANM,WE,Federal Contract Tower,0,0,23,0,23,0,0,73,0,73,0,0,96,0,96,92,0,92,188
01/30/2017,FTG,CO,ANM,WE,Federal Contract Tower,0,2,18,0,20,0,0,66,0,66,0,2,84,0,86,118,0,118,204
01/31/2017,FTG,CO,ANM,WE,Federal Contract Tower,0,2,8,0,10,0,0,97,0,97,0,2,105,0,107,328,0,328,435
02/01/2017,FTG,CO,ANM,WE,Federal Contract Tower,0,2,5,0,7,0,0,0,0,0,0,2,5,0,7,0,0,0,7
02/02/2017,FTG,CO,ANM,WE,Federal Contract Tower,0,0,1,0,1,0,0,12,0,12,0,0,13,0,13,86,0,86,99
02/03/2017,FTG,CO,ANM,WE,Federal Contract Tower,0,0,17,0,17,0,0,16,0,16,0,0,33,0,33,78,0,78,111
02/04/2017,FTG,CO,ANM,WE,Federal Contract Tower,0,0,10,0,10,0,0,114,0,114,0,0,124,0,124,280,0,280,404
02/05/2017,FTG,CO,ANM,WE,Federal Contract Tower,0,0,10,0,10,0,0,96,0,96,0,0,106,0,106,278,0,278,384
02/06/2017,FTG,CO,ANM,WE,Federal Contract Tower,0,0,17,0,17,0,0,51,0,51,0,0,68,0,68,70,0,70,138
02/07/2017,FTG,CO,ANM,WE,Federal Contract Tower,0,1,11,0,12,0,0,66,2,68,0,1,77,2,80,224,0,224,304
02/08/2017,FTG,CO,ANM,WE,Federal Contract Tower,0,2,5,0,7,0,0,19,0,19,0,2,24,0,26,70,0,70,96
02/09/2017,FTG,CO,ANM,WE,Federal Contract Tower,0,0,15,0,15,0,0,59,0,59,0,0,74,0,74,202,0,202,276
02/10/2017,FTG,CO,ANM,WE,Federal Contract Tower,0,0,23,0,23,0,0,57,0,57,0,0,80,0,80,286,0,286,366
02/11/2017,FTG,CO,ANM,WE,Federal Contract Tower,0,0,16,0,16,0,0,60,0,60,0,0,76,0,76,138,0,138,214
02/12/2017,FTG,CO,ANM,WE,Federal Contract Tower,0,0,12,0,12,0,0,52,0,52,0,0,64,0,64,176,0,176,240
02/13/2017,FTG,CO,ANM,WE,Federal Contract Tower,0,2,11,0,13,0,0,43,0,43,0,2,54,0,56,130,0,130,186
02/14/2017,FTG,CO,ANM,WE,Federal Contract Tower,0,2,5,0,7,0,0,67,0,67,0,2,72,0,74,192,0,192,266
02/15/2017,FTG,CO,ANM,WE,Federal Contract Tower,0,0,12,0,12,0,0,90,2,92,0,0,102,2,104,234,8,242,346
02/16/2017,FTG,CO,ANM,WE,Federal Contract Tower,0,0,36,0,36,0,0,97,6,103,0,0,133,6,139,282,0,282,421
02/17/2017,FTG,CO,ANM,WE,Federal Contract Tower,0,0,36,0,36,0,0,99,2,101,0,0,135,2,137,281,0,281,418
02/18/2017,FTG,CO,ANM,WE,Federal Contract Tower,0,0,19,0,19,0,0,98,0,98,0,0,117,0,117,206,0,206,323
02/19/2017,FTG,CO,ANM,WE,Federal Contract Tower,0,0,10,0,10,0,0,38,0,38,0,0,48,0,48,104,0,104,152
02/20/2017,FTG,CO,ANM,WE,Federal Contract Tower,0,2,22,0,24,0,0,71,0,71,0,2,93,0,95,86,0,86,181
02/21/2017,FTG,CO,ANM,WE,Federal Contract Tower,0,2,7,0,9,0,0,41,0,41,0,2,48,0,50,64,0,64,114
02/22/2017,FTG,CO,ANM,WE,Federal Contract Tower,0,0,14,0,14,0,0,55,11,66,0,0,69,11,80,78,6,84,164
02/23/2017,FTG,CO,ANM,WE,Federal Contract Tower,0,0,3,0,3,0,0,0,0,0,0,0,3,0,3,0,0,0,3
02/24/2017,FTG,CO,ANM,WE,Federal Contract Tower,0,0,8,0,8,0,0,20,0,20,0,0,28,0,28,195,0,195,223
02/25/2017,FTG,CO,ANM,WE,Federal Contract Tower,0,4,15,0,19,0,0,90,4,94,0,4,105,4,113,148,6,154,267
02/26/2017,FTG,CO,ANM,WE,Federal Contract Tower,0,1,5,0,6,0,0,77,0,77,0,1,82,0,83,272,0,272,355
02/27/2017,FTG,CO,ANM,WE,Federal Contract Tower,0,1,12,0,13,0,0,35,0,35,0,1,47,0,48,82,0,82,130
02/28/2017,FTG,CO,ANM,WE,Federal Contract Tower,0,0,5,0,5,0,0,14,0,14,0,0,19,0,19,16,0,16,35
03/01/2017,FTG,CO,ANM,WE,Federal Contract Tower,0,0,20,0,20,0,0,104,9,113,0,0,124,9,133,198,0,198,331
03/02/2017,FTG,CO,ANM,WE,Federal Contract Tower,0,0,16,0,16,0,0,79,9,88,0,0,95,9,104,167,10,177,281
03/03/2017,FTG,CO,ANM,WE,Federal Contract Tower,0,0,28,0,28,0,0,84,4,88,0,0,112,4,116,185,16,201,317
03/04/2017,FTG,CO,ANM,WE,Federal Contract Tower,0,0,13,0,13,0,0,179,0,179,0,0,192,0,192,170,0,170,362
03/05/2017,FTG,CO,ANM,WE,Federal Contract Tower,0,2,9,0,11,0,0,61,0,61,0,2,70,0,72,96,0,96,168
03/06/2017,FTG,CO,ANM,WE,Federal Contract Tower,0,0,0,0,0,0,0,1,0,1,0,0,1,0,1,0,0,0,1
03/07/2017,FTG,CO,ANM,WE,Federal Contract Tower,0,4,9,0,13,0,0,30,0,30,0,4,39,0,43,106,0,106,149
03/08/2017,FTG,CO,ANM,WE,Federal Contract Tower,0,0,16,0,16,0,0,63,4,67,0,0,79,4,83,156,0,156,239
03/09/2017,FTG,CO,ANM,WE,Federal Contract Tower,0,0,16,0,16,0,0,59,1,60,0,0,75,1,76,223,0,223,299
03/10/2017,FTG,CO,ANM,WE,Federal Contract Tower,0,0,26,0,26,0,0,101,2,103,0,0,127,2,129,287,8,295,424
03/11/2017,FTG,CO,ANM,WE,Federal Contract Tower,0,5,21,0,26,0,0,44,0,44,0,5,65,0,70,140,0,140,210
03/12/2017,FTG,CO,ANM,WE,Federal Contract Tower,0,1,14,0,15,0,0,32,0,32,0,1,46,0,47,44,0,44,91
03/13/2017,FTG,CO,ANM,WE,Federal Contract Tower,0,0,20,0,20,0,0,44,2,46,0,0,64,2,66,104,0,104,170
03/14/2017,FTG,CO,ANM,WE,Federal Contract Tower,0,2,20,0,22,0,0,86,0,86,0,2,106,0,108,227,0,227,335
03/15/2017,FTG,CO,ANM,WE,Federal Contract Tower,0,0,13,0,13,0,80,0,0,80,0,80,13,0,93,172,0,172,265
03/16/2017,FTG,CO,ANM,WE,Federal Contract Tower,0,0,13,0,13,0,0,56,0,56,0,0,69,0,69,113,0,113,182
03/17/2017,FTG,CO,ANM,WE,Federal Contract Tower,0,0,15,0,15,0,0,103,0,103,0,0,118,0,118,169,0,169,287
03/18/2017,FTG,CO,ANM,WE,Federal Contract Tower,0,1,20,0,21,0,0,120,0,120,0,1,140,0,141,234,0,234,375
03/19/2017,FTG,CO,ANM,WE,Federal Contract Tower,0,1,22,0,23,0,0,83,0,83,0,1,105,0,106,188,0,188,294
03/20/2017,FTG,CO,ANM,WE,Federal Contract Tower,0,0,16,0,16,0,0,78,2,80,0,0,94,2,96,146,2,148,244
03/21/2017,FTG,CO,ANM,WE,Federal Contract Tower,0,0,8,1,9,0,68,5,0,73,0,68,13,1,82,198,2,200,282
03/22/2017,FTG,CO,ANM,WE,Federal Contract Tower,0,0,15,0,15,0,0,87,0,87,0,0,102,0,102,242,0,242,344
03/23/2017,FTG,CO,ANM,WE,Federal Contract Tower,0,0,6,0,6,0,0,15,0,15,0,0,21,0,21,12,0,12,33
03/24/2017,FTG,CO,ANM,WE,Federal Contract Tower,0,0,14,0,14,0,0,13,0,13,0,0,27,0,27,126,0,126,153
03/25/2017,FTG,CO,ANM,WE,Federal Contract Tower,0,1,20,0,21,0,0,188,0,188,0,1,208,0,209,60,0,60,269
03/26/2017,FTG,CO,ANM,WE,Federal Contract Tower,0,2,9,0,11,0,0,39,0,39,0,2,48,0,50,248,0,248,298
03/27/2017,FTG,CO,ANM,WE,Federal Contract Tower,0,0,18,0,18,0,0,66,0,66,0,0,84,0,84,130,0,130,214
03/28/2017,FTG,CO,ANM,WE,Federal Contract Tower,0,0,17,0,17,0,0,2,0,2,0,0,19,0,19,0,0,0,19
03/29/2017,FTG,CO,ANM,WE,Federal Contract Tower,0,0,11,0,11,0,0,30,0,30,0,0,41,0,41,134,0,134,175
03/30/2017,FTG,CO,ANM,WE,Federal Contract Tower,0,0,31,0,31,0,0,88,0,88,0,0,119,0,119,169,0,169,288
03/31/2017,FTG,CO,ANM,WE,Federal Contract Tower,0,0,7,0,7,0,0,0,0,0,0,0,7,0,7,0,0,0,7
04/01/2017,FTG,CO,ANM,WE,Federal Contract Tower,0,0,0,0,0,0,0,18,0,18,0,0,18,0,18,78,0,78,96
04/02/2017,FTG,CO,ANM,WE,Federal Contract Tower,0,2,38,0,40,0,0,145,0,145,0,2,183,0,185,254,0,254,439
04/03/2017,FTG,CO,ANM,WE,Federal Contract Tower,0,1,8,0,9,0,0,58,0,58,0,1,66,0,67,144,0,144,211
04/04/2017,FTG,CO,ANM,WE,Federal Contract Tower,0,0,3,0,3,0,0,0,0,0,0,0,3,0,3,0,0,0,3
04/05/2017,FTG,CO,ANM,WE,Federal Contract Tower,0,0,15,0,15,0,0,76,0,76,0,0,91,0,91,74,0,74,165
04/06/2017,FTG,CO,ANM,WE,Federal Contract Tower,0,0,12,0,12,0,0,79,22,101,0,0,91,22,113,238,2,240,353
04/07/2017,FTG,CO,ANM,WE,Federal Contract Tower,0,0,19,0,19,0,0,63,8,71,0,0,82,8,90,200,6,206,296
04/08/2017,FTG,CO,ANM,WE,Federal Contract Tower,0,1,14,0,15,0,0,108,4,112,0,1,122,4,127,228,6,234,361
04/09/2017,FTG,CO,ANM,WE,Federal Contract Tower,0,2,12,0,14,0,0,27,0,27,0,2,39,0,41,46,0,46,87
04/10/2017,FTG,CO,ANM,WE,Federal Contract Tower,0,0,16,0,16,0,0,59,0,59,0,0,75,0,75,114,0,114,189
04/11/2017,FTG,CO,ANM,WE,Federal Contract Tower,0,0,12,0,12,0,0,87,0,87,0,0,99,0,99,263,0,263,362
04/12/2017,FTG,CO,ANM,WE,Federal Contract Tower,0,0,21,0,21,0,0,66,2,68,0,0,87,2,89,192,0,192,281
04/13/2017,FTG,CO,ANM,WE,Federal Contract Tower,0,0,23,0,23,0,0,70,0,70,0,0,93,0,93,125,0,125,218
04/14/2017,FTG,CO,ANM,WE,Federal Contract Tower,0,1,21,0,22,0,0,86,2,88,0,1,107,2,110,127,12,139,249
04/15/2017,FTG,CO,ANM,WE,Federal Contract Tower,0,0,20,0,20,0,0,121,0,121,0,0,141,0,141,148,0,148,289
04/16/2017,FTG,CO,ANM,WE,Federal Contract Tower,0,2,5,0,7,0,0,40,0,40,0,2,45,0,47,84,0,84,131
04/17/2017,FTG,CO,ANM,WE,Federal Contract Tower,0,0,14,0,14,0,0,82,0,82,0,0,96,0,96,148,0,148,244
04/18/2017,FTG,CO,ANM,WE,Federal Contract Tower,0,0,14,0,14,0,0,92,0,92,0,0,106,0,106,149,0,149,255
04/19/2017,FTG,CO,ANM,WE,Federal Contract Tower,0,1,23,0,24,0,0,40,0,40,0,1,63,0,64,30,0,30,94
04/22/2017,FTG,CO,ANM,WE,Federal Contract Tower,0,0,10,0,10,0,0,69,0,69,0,0,79,0,79,304,0,304,383
04/23/2017,FTG,CO,ANM,WE,Federal Contract Tower,0,1,12,0,13,0,0,111,0,111,0,1,123,0,124,250,0,250,374
04/24/2017,FTG,CO,ANM,WE,Federal Contract Tower,0,1,10,0,11,0,0,49,0,49,0,1,59,0,60,146,0,146,206
04/25/2017,FTG,CO,ANM,WE,Federal Contract Tower,0,0,14,0,14,0,0,35,0,35,0,0,49,0,49,114,0,114,163
04/26/2017,FTG,CO,ANM,WE,Federal Contract Tower,0,0,10,0,10,0,0,72,0,72,0,0,82,0,82,294,0,294,376
04/27/2017,FTG,CO,ANM,WE,Federal Contract Tower,0,0,14,0,14,0,0,35,0,35,0,0,49,0,49,96,0,96,145
04/28/2017,FTG,CO,ANM,WE,Federal Contract Tower,0,0,6,0,6,0,0,40,6,46,0,0,46,6,52,82,28,110,162
04/29/2017,FTG,CO,ANM,WE,Federal Contract Tower,0,0,3,0,3,0,0,0,0,0,0,0,3,0,3,0,0,0,3
04/30/2017,FTG,CO,ANM,WE,Federal Contract Tower,0,4,12,0,16,0,0,30,0,30,0,4,42,0,46,98,0,98,144
05/01/2017,FTG,CO,ANM,WE,Federal Contract Tower,0,0,23,0,23,0,0,71,4,75,0,0,94,4,98,150,6,156,254
05/02/2017,FTG,CO,ANM,WE,Federal Contract Tower,0,0,20,0,20,0,0,68,0,68,0,0,88,0,88,148,0,148,236
05/03/2017,FTG,CO,ANM,WE,Federal Contract Tower,0,0,10,0,10,0,0,29,0,29,0,0,39,0,39,66,0,66,105
05/04/2017,FTG,CO,ANM,WE,Federal Contract Tower,0,0,26,0,26,0,0,94,4,98,0,0,120,4,124,156,2,158,282
05/05/2017,FTG,CO,ANM,WE,Federal Contract Tower,0,0,24,0,24,0,0,96,6,102,0,0,120,6,126,337,11,348,474
05/06/2017,FTG,CO,ANM,WE,Federal Contract Tower,0,2,14,0,16,0,0,198,0,198,0,2,212,0,214,74,0,74,288
05/07/2017,FTG,CO,ANM,WE,Federal Contract Tower,0,4,16,0,20,0,0,65,0,65,0,4,81,0,85,74,0,74,159
05/08/2017,FTG,CO,ANM,WE,Federal Contract Tower,0,1,12,0,13,0,0,48,6,54,0,1,60,6,67,122,10,132,199
05/09/2017,FTG,CO,ANM,WE,Federal Contract Tower,0,0,15,0,15,0,0,30,0,30,0,0,45,0,45,228,0,228,273
05/10/2017,FTG,CO,ANM,WE,Federal Contract Tower,0,0,12,0,12,0,0,4,0,4,0,0,16,0,16,12,0,12,28
05/11/2017,FTG,CO,ANM,WE,Federal Contract Tower,0,0,25,0,25,0,0,43,0,43,0,0,68,0,68,221,0,221,289
05/12/2017,FTG,CO,ANM,WE,Federal Contract Tower,0,0,13,0,13,0,0,105,2,107,0,0,118,2,120,238,20,258,378
05/13/2017,FTG,CO,ANM,WE,Federal Contract Tower,0,0,17,0,17,0,0,118,0,118,0,0,135,0,135,264,0,264,399
05/14/2017,FTG,CO,ANM,WE,Federal Contract Tower,0,0,9,0,9,0,0,48,0,48,0,0,57,0,57,108,0,108,165
05/15/2017,FTG,CO,ANM,WE,Federal Contract Tower,0,2,19,2,23,0,0,63,4,67,0,2,82,6,90,130,2,132,222
05/16/2017,FTG,CO,ANM,WE,Federal Contract Tower,0,0,14,0,14,0,0,76,0,76,0,0,90,0,90,108,0,108,198
05/17/2017,FTG,CO,ANM,WE,Federal Contract Tower,0,0,21,0,21,0,0,93,11,104,0,0,114,11,125,206,0,206,331
05/18/2017,FTG,CO,ANM,WE,Federal Contract Tower,0,0,4,0,4,0,0,0,0,0,0,0,4,0,4,0,0,0,4
05/19/2017,FTG,CO,ANM,WE,Federal Contract Tower,0,0,1,0,1,0,0,0,0,0,0,0,1,0,1,0,0,0,1
05/20/2017,FTG,CO,ANM,WE,Federal Contract Tower,0,0,16,0,16,0,0,107,0,107,0,0,123,0,123,160,0,160,283
05/21/2017,FTG,CO,ANM,WE,Federal Contract Tower,0,0,22,2,24,0,0,99,0,99,0,0,121,2,123,145,0,145,268
05/22/2017,FTG,CO,ANM,WE,Federal Contract Tower,0,0,5,0,5,0,2,64,0,66,0,2,69,0,71,156,0,156,227
05/23/2017,FTG,CO,ANM,WE,Federal Contract Tower,0,0,11,0,11,0,0,70,6,76,0,0,81,6,87,237,2,239,326
05/24/2017,FTG,CO,ANM,WE,Federal Contract Tower,0,0,22,0,22,0,0,127,0,127,0,0,149,0,149,199,0,199,348
05/25/2017,FTG,CO,ANM,WE,Federal Contract Tower,0,0,18,0,18,0,0,63,0,63,0,0,81,0,81,72,0,72,153
05/26/2017,FTG,CO,ANM,WE,Federal Contract Tower,0,0,19,0,19,0,0,53,0,53,0,0,72,0,72,112,0,112,184
05/27/2017,FTG,CO,ANM,WE,Federal Contract Tower,0,0,15,0,15,0,0,55,0,55,0,0,70,0,70,70,0,70,140
05/28/2017,FTG,CO,ANM,WE,Federal Contract Tower,0,0,18,0,18,0,0,82,0,82,0,0,100,0,100,158,0,158,258
05/29/2017,FTG,CO,ANM,WE,Federal Contract Tower,0,1,37,0,38,0,4,118,0,122,0,5,155,0,160,132,0,132,292
05/30/2017,FTG,CO,ANM,WE,Federal Contract Tower,0,0,20,0,20,0,0,92,6,98,0,0,112,6,118,170,26,196,314
05/31/2017,FTG,CO,ANM,WE,Federal Contract Tower,0,0,19,0,19,0,0,119,9,128,0,0,138,9,147,258,28,286,433
06/01/2017,FTG,CO,ANM,WE,Federal Contract Tower,0,0,20,0,20,0,0,97,8,105,0,0,117,8,125,228,22,250,375
06/02/2017,FTG,CO,ANM,WE,Federal Contract Tower,0,0,12,0,12,0,0,88,0,88,0,0,100,0,100,224,0,224,324
06/03/2017,FTG,CO,ANM,WE,Federal Contract Tower,0,1,10,0,11,0,0,166,0,166,0,1,176,0,177,164,0,164,341
06/04/2017,FTG,CO,ANM,WE,Federal Contract Tower,0,0,32,0,32,0,0,145,0,145,0,0,177,0,177,236,0,236,413
06/05/2017,FTG,CO,ANM,WE,Federal Contract Tower,0,1,29,0,30,0,1,104,2,107,0,2,133,2,137,137,10,147,284
06/06/2017,FTG,CO,ANM,WE,Federal Contract Tower,0,0,21,0,21,0,0,82,14,96,0,0,103,14,117,206,82,288,405
06/07/2017,FTG,CO,ANM,WE,Federal Contract Tower,0,0,3,0,3,0,0,109,10,119,0,0,112,10,122,176,68,244,366
06/08/2017,FTG,CO,ANM,WE,Federal Contract Tower,0,0,19,0,19,0,0,94,10,104,0,0,113,10,123,287,22,309,432
06/09/2017,FTG,CO,ANM,WE,Federal Contract Tower,0,0,25,0,25,0,0,132,4,136,0,0,157,4,161,192,8,200,361
06/10/2017,FTG,CO,ANM,WE,Federal Contract Tower,0,1,18,0,19,0,0,131,0,131,0,1,149,0,150,148,0,148,298
06/11/2017,FTG,CO,ANM,WE,Federal Contract Tower,0,3,13,0,16,0,0,91,0,91,0,3,104,0,107,204,0,204,311
06/12/2017,FTG,CO,ANM,WE,Federal Contract Tower,0,1,14,0,15,0,0,54,4,58,0,1,68,4,73,184,0,184,257
06/13/2017,FTG,CO,ANM,WE,Federal Contract Tower,0,0,21,0,21,0,82,0,0,82,0,82,21,0,103,206,0,206,309
06/14/2017,FTG,CO,ANM,WE,Federal Contract Tower,0,0,30,0,30,0,0,122,4,126,0,0,152,4,156,194,32,226,382
06/15/2017,FTG,CO,ANM,WE,Federal Contract Tower,0,0,22,3,25,0,0,103,15,118,0,0,125,18,143,308,48,356,499
06/16/2017,FTG,CO,ANM,WE,Federal Contract Tower,0,2,15,0,17,0,0,103,9,112,0,2,118,9,129,133,54,187,316
06/17/2017,FTG,CO,ANM,WE,Federal Contract Tower,0,6,13,0,19,0,2,56,0,58,0,8,69,0,77,166,0,166,243
06/18/2017,FTG,CO,ANM,WE,Federal Contract Tower,0,2,16,0,18,0,0,86,0,86,0,2,102,0,104,102,0,102,206
06/19/2017,FTG,CO,ANM,WE,Federal Contract Tower,0,1,29,0,30,0,0,97,6,103,0,1,126,6,133,170,48,218,351
06/20/2017,FTG,CO,ANM,WE,Federal Contract Tower,0,0,26,0,26,0,0,95,6,101,0,0,121,6,127,221,22,243,370
06/21/2017,FTG,CO,ANM,WE,Federal Contract Tower,0,0,21,0,21,0,0,103,8,111,0,0,124,8,132,160,12,172,304
06/22/2017,FTG,CO,ANM,WE,Federal Contract Tower,0,0,16,0,16,0,0,57,1,58,0,0,73,1,74,116,0,116,190
06/23/2017,FTG,CO,ANM,WE,Federal Contract Tower,0,0,32,0,32,0,0,45,0,45,0,0,77,0,77,102,0,102,179
06/24/2017,FTG,CO,ANM,WE,Federal Contract Tower,0,0,9,0,9,0,0,174,0,174,0,0,183,0,183,130,0,130,313
06/25/2017,FTG,CO,ANM,WE,Federal Contract Tower,0,0,26,0,26,0,0,91,0,91,0,0,117,0,117,236,0,236,353
06/26/2017,FTG,CO,ANM,WE,Federal Contract Tower,0,3,24,0,27,0,0,101,10,111,0,3,125,10,138,194,76,270,408
06/27/2017,FTG,CO,ANM,WE,Federal Contract Tower,0,0,23,0,23,0,0,95,0,95,0,0,118,0,118,174,0,174,292
06/28/2017,FTG,CO,ANM,WE,Federal Contract Tower,0,1,17,1,19,0,0,92,6,98,0,1,109,7,117,278,38,316,433
06/29/2017,FTG,CO,ANM,WE,Federal Contract Tower,0,1,32,0,33,0,1,95,7,103,0,2,127,7,136,192,32,224,360
06/30/2017,FTG,CO,ANM,WE,Federal Contract Tower,0,0,23,0,23,0,0,59,0,59,0,0,82,0,82,236,0,236,318
07/01/2017,FTG,CO,ANM,WE,Federal Contract Tower,0,0,18,1,19,0,0,114,0,114,0,0,132,1,133,186,0,186,319
07/02/2017,FTG,CO,ANM,WE,Federal Contract Tower,0,0,4,0,4,0,0,62,0,62,0,0,66,0,66,150,0,150,216
07/03/2017,FTG,CO,ANM,WE,Federal Contract Tower,0,0,26,3,29,0,0,90,0,90,0,0,116,3,119,190,0,190,309
07/04/2017,FTG,CO,ANM,WE,Federal Contract Tower,0,1,22,0,23,0,0,60,0,60,0,1,82,0,83,68,0,68,151
07/05/2017,FTG,CO,ANM,WE,Federal Contract Tower,0,0,21,0,21,0,0,56,8,64,0,0,77,8,85,89,82,171,256
07/06/2017,FTG,CO,ANM,WE,Federal Contract Tower,0,0,17,0,17,0,0,84,6,90,0,0,101,6,107,182,18,200,307
07/07/2017,FTG,CO,ANM,WE,Federal Contract Tower,0,0,14,0,14,0,0,92,0,92,0,0,106,0,106,160,0,160,266
07/08/2017,FTG,CO,ANM,WE,Federal Contract Tower,0,0,13,0,13,0,0,104,6,110,0,0,117,6,123,138,20,158,281
07/09/2017,FTG,CO,ANM,WE,Federal Contract Tower,0,3,21,0,24,0,0,99,0,99,0,3,120,0,123,170,0,170,293
07/10/2017,FTG,CO,ANM,WE,Federal Contract Tower,0,0,24,0,24,0,0,65,4,69,0,0,89,4,93,176,40,216,309
07/11/2017,FTG,CO,ANM,WE,Federal Contract Tower,0,0,30,0,30,0,0,89,4,93,0,0,119,4,123,90,28,118,241
07/12/2017,FTG,CO,ANM,WE,Federal Contract Tower,0,1,20,0,21,0,0,54,10,64,0,1,74,10,85,69,54,123,208
07/13/2017,FTG,CO,ANM,WE,Federal Contract Tower,0,1,27,0,28,0,0,66,6,72,0,1,93,6,100,176,8,184,284
07/14/2017,FTG,CO,ANM,WE,Federal Contract Tower,0,0,19,0,19,0,0,68,14,82,0,0,87,14,101,92,8,100,201
07/15/2017,FTG,CO,ANM,WE,Federal Contract Tower,0,2,25,0,27,0,0,59,0,59,0,2,84,0,86,51,0,51,137
07/16/2017,FTG,CO,ANM,WE,Federal Contract Tower,0,0,22,0,22,0,0,86,0,86,0,0,108,0,108,99,0,99,207
07/17/2017,FTG,CO,ANM,WE,Federal Contract Tower,0,0,14,0,14,0,0,72,0,72,0,0,86,0,86,159,0,159,245
07/18/2017,FTG,CO,ANM,WE,Federal Contract Tower,0,0,31,0,31,0,0,93,11,104,0,0,124,11,135,194,38,232,367
07/19/2017,FTG,CO,ANM,WE,Federal Contract Tower,0,0,29,0,29,0,0,70,4,74,0,0,99,4,103,14,36,50,153
07/20/2017,FTG,CO,ANM,WE,Federal Contract Tower,0,0,16,0,16,0,0,52,6,58,0,0,68,6,74,110,42,152,226
07/21/2017,FTG,CO,ANM,WE,Federal Contract Tower,0,2,19,0,21,0,0,66,2,68,0,2,85,2,89,96,6,102,191
07/22/2017,FTG,CO,ANM,WE,Federal Contract Tower,0,0,19,0,19,0,0,116,0,116,0,0,135,0,135,38,0,38,173
07/23/2017,FTG,CO,ANM,WE,Federal Contract Tower,0,0,29,0,29,0,0,73,0,73,0,0,102,0,102,88,0,88,190
07/24/2017,FTG,CO,ANM,WE,Federal Contract Tower,0,0,19,0,19,0,0,48,6,54,0,0,67,6,73,66,54,120,193
07/25/2017,FTG,CO,ANM,WE,Federal Contract Tower,0,0,18,0,18,0,2,65,9,76,0,2,83,9,94,45,98,143,237
07/26/2017,FTG,CO,ANM,WE,Federal Contract Tower,0,1,35,0,36,0,0,35,2,37,0,1,70,2,73,92,0,92,165
07/27/2017,FTG,CO,ANM,WE,Federal Contract Tower,0,1,33,0,34,0,0,56,6,62,0,1,89,6,96,122,60,182,278
07/28/2017,FTG,CO,ANM,WE,Federal Contract Tower,0,0,20,0,20,0,0,62,2,64,0,0,82,2,84,78,8,86,170
07/29/2017,FTG,CO,ANM,WE,Federal Contract Tower,0,2,16,0,18,0,0,90,2,92,0,2,106,2,110,132,0,132,242
07/30/2017,FTG,CO,ANM,WE,Federal Contract Tower,0,1,11,0,12,0,0,82,0,82,0,1,93,0,94,104,0,104,198
07/31/2017,FTG,CO,ANM,WE,Federal Contract Tower,0,0,22,0,22,0,0,85,4,89,0,0,107,4,111,172,0,172,283
08/01/2017,FTG,CO,ANM,WE,Federal Contract Tower,0,0,17,0,17,0,0,99,2,101,0,0,116,2,118,108,8,116,234
08/02/2017,FTG,CO,ANM,WE,Federal Contract Tower,0,0,17,0,17,0,0,69,0,69,0,0,86,0,86,120,0,120,206
08/03/2017,FTG,CO,ANM,WE,Federal Contract Tower,0,0,26,0,26,0,0,47,0,47,0,0,73,0,73,106,0,106,179
08/04/2017,FTG,CO,ANM,WE,Federal Contract Tower,0,0,33,0,33,0,0,94,2,96,0,0,127,2,129,176,4,180,309
08/05/2017,FTG,CO,ANM,WE,Federal Contract Tower,0,0,15,0,15,0,0,184,0,184,0,0,199,0,199,170,0,170,369
08/06/2017,FTG,CO,ANM,WE,Federal Contract Tower,0,1,48,0,49,0,0,30,0,30,0,1,78,0,79,92,0,92,171
08/07/2017,FTG,CO,ANM,WE,Federal Contract Tower,0,0,23,0,23,0,0,4,0,4,0,0,27,0,27,12,0,12,39
08/08/2017,FTG,CO,ANM,WE,Federal Contract Tower,0,3,36,0,39,0,0,50,0,50,0,3,86,0,89,120,0,120,209
08/09/2017,FTG,CO,ANM,WE,Federal Contract Tower,0,0,25,2,27,0,0,117,4,121,0,0,142,6,148,228,2,230,378
08/10/2017,FTG,CO,ANM,WE,Federal Contract Tower,0,0,34,0,34,0,1,91,0,92,0,1,125,0,126,66,0,66,192
08/11/2017,FTG,CO,ANM,WE,Federal Contract Tower,0,0,37,0,37,0,0,85,0,85,0,0,122,0,122,130,0,130,252
08/12/2017,FTG,CO,ANM,WE,Federal Contract Tower,0,0,18,0,18,0,2,81,0,83,0,2,99,0,101,158,0,158,259
08/13/2017,FTG,CO,ANM,WE,Federal Contract Tower,0,0,20,0,20,0,2,95,0,97,0,2,115,0,117,184,0,184,301
08/14/2017,FTG,CO,ANM,WE,Federal Contract Tower,0,2,13,0,15,0,0,79,0,79,0,2,92,0,94,106,0,106,200
08/15/2017,FTG,CO,ANM,WE,Federal Contract Tower,0,1,18,0,19,0,0,77,4,81,0,1,95,4,100,224,2,226,326
08/16/2017,FTG,CO,ANM,WE,Federal Contract Tower,0,1,21,0,22,0,0,80,0,80,0,1,101,0,102,303,0,303,405
08/17/2017,FTG,CO,ANM,WE,Federal Contract Tower,0,0,26,0,26,0,0,87,2,89,0,0,113,2,115,132,14,146,261
08/18/2017,FTG,CO,ANM,WE,Federal Contract Tower,0,1,23,0,24,0,0,96,16,112,0,1,119,16,136,182,28,210,346
08/19/2017,FTG,CO,ANM,WE,Federal Contract Tower,0,1,16,0,17,0,0,100,0,100,0,1,116,0,117,108,0,108,225
08/20/2017,FTG,CO,ANM,WE,Federal Contract Tower,0,1,13,0,14,0,0,80,0,80,0,1,93,0,94,90,0,90,184
08/21/2017,FTG,CO,ANM,WE,Federal Contract Tower,0,1,27,0,28,0,0,125,0,125,0,1,152,0,153,40,0,40,193
08/22/2017,FTG,CO,ANM,WE,Federal Contract Tower,0,0,23,0,23,0,0,56,0,56,0,0,79,0,79,27,0,27,106
08/23/2017,FTG,CO,ANM,WE,Federal Contract Tower,0,0,20,0,20,0,0,70,5,75,0,0,90,5,95,120,0,120,215
08/24/2017,FTG,CO,ANM,WE,Federal Contract Tower,0,0,26,0,26,0,0,65,0,65,0,0,91,0,91,98,0,98,189
08/25/2017,FTG,CO,ANM,WE,Federal Contract Tower,0,0,20,0,20,0,0,100,0,100,0,0,120,0,120,136,0,136,256
08/26/2017,FTG,CO,ANM,WE,Federal Contract Tower,0,1,18,0,19,0,0,194,0,194,0,1,212,0,213,74,0,74,287
08/27/2017,FTG,CO,ANM,WE,Federal Contract Tower,0,1,36,0,37,0,0,97,0,97,0,1,133,0,134,188,0,188,322
08/28/2017,FTG,CO,ANM,WE,Federal Contract Tower,0,4,16,0,20,0,0,81,0,81,0,4,97,0,101,256,0,256,357
08/29/2017,FTG,CO,ANM,WE,Federal Contract Tower,0,0,22,0,22,0,0,74,0,74,0,0,96,0,96,188,0,188,284
08/30/2017,FTG,CO,ANM,WE,Federal Contract Tower,0,0,16,0,16,0,0,87,2,89,0,0,103,2,105,173,0,173,278
08/31/2017,FTG,CO,ANM,WE,Federal Contract Tower,0,0,18,0,18,0,0,89,0,89,0,0,107,0,107,174,0,174,281
09/01/2017,FTG,CO,ANM,WE,Federal Contract Tower,0,0,19,0,19,0,0,100,0,100,0,0,119,0,119,114,0,114,233
09/02/2017,FTG,CO,ANM,WE,Federal Contract Tower,0,0,22,0,22,0,0,85,0,85,0,0,107,0,107,124,0,124,231
09/03/2017,FTG,CO,ANM,WE,Federal Contract Tower,0,0,12,0,12,0,0,87,0,87,0,0,99,0,99,86,0,86,185
09/04/2017,FTG,CO,ANM,WE,Federal Contract Tower,0,4,41,0,45,0,0,36,0,36,0,4,77,0,81,18,0,18,99
09/05/2017,FTG,CO,ANM,WE,Federal Contract Tower,0,0,11,0,11,0,0,51,0,51,0,0,62,0,62,164,0,164,226
09/06/2017,FTG,CO,ANM,WE,Federal Contract Tower,0,2,23,0,25,0,0,71,0,71,0,2,94,0,96,94,0,94,190
09/07/2017,FTG,CO,ANM,WE,Federal Contract Tower,0,0,15,0,15,0,0,65,0,65,0,0,80,0,80,194,0,194,274
09/08/2017,FTG,CO,ANM,WE,Federal Contract Tower,0,0,17,0,17,0,0,107,0,107,0,0,124,0,124,174,0,174,298
09/09/2017,FTG,CO,ANM,WE,Federal Contract Tower,0,0,9,0,9,0,0,108,10,118,0,0,117,10,127,52,6,58,185
09/10/2017,FTG,CO,ANM,WE,Federal Contract Tower,0,2,13,0,15,0,0,96,0,96,0,2,109,0,111,64,0,64,175
09/11/2017,FTG,CO,ANM,WE,Federal Contract Tower,0,0,17,0,17,0,0,64,2,66,0,0,81,2,83,110,18,128,211
09/12/2017,FTG,CO,ANM,WE,Federal Contract Tower,0,0,16,0,16,0,0,89,0,89,0,0,105,0,105,151,0,151,256
09/13/2017,FTG,CO,ANM,WE,Federal Contract Tower,0,0,11,0,11,0,0,59,2,61,0,0,70,2,72,116,6,122,194
09/14/2017,FTG,CO,ANM,WE,Federal Contract Tower,0,1,17,0,18,0,0,65,8,73,0,1,82,8,91,106,12,118,209
09/15/2017,FTG,CO,ANM,WE,Federal Contract Tower,0,0,14,0,14,0,0,111,4,115,0,0,125,4,129,240,8,248,377
09/16/2017,FTG,CO,ANM,WE,Federal Contract Tower,0,0,19,0,19,0,0,64,0,64,0,0,83,0,83,136,0,136,219
09/17/2017,FTG,CO,ANM,WE,Federal Contract Tower,0,0,22,0,22,0,0,69,0,69,0,0,91,0,91,146,0,146,237
09/18/2017,FTG,CO,ANM,WE,Federal Contract Tower,0,0,20,0,20,0,0,81,0,81,0,0,101,0,101,124,0,124,225
09/19/2017,FTG,CO,ANM,WE,Federal Contract Tower,0,1,18,0,19,0,0,39,0,39,0,1,57,0,58,16,0,16,74
09/20/2017,FTG,CO,ANM,WE,Federal Contract Tower,0,0,6,0,6,0,0,25,0,25,0,0,31,0,31,22,0,22,53
09/21/2017,FTG,CO,ANM,WE,Federal Contract Tower,0,4,9,0,13,0,0,40,0,40,0,4,49,0,53,84,0,84,137
09/22/2017,FTG,CO,ANM,WE,Federal Contract Tower,0,0,12,0,12,0,0,46,0,46,0,0,58,0,58,148,0,148,206
09/23/2017,FTG,CO,ANM,WE,Federal Contract Tower,0,0,35,0,35,0,0,14,0,14,0,0,49,0,49,16,0,16,65
09/24/2017,FTG,CO,ANM,WE,Federal Contract Tower,0,0,14,0,14,0,0,0,0,0,0,0,14,0,14,0,0,0,14
09/25/2017,FTG,CO,ANM,WE,Federal Contract Tower,0,0,15,0,15,0,0,38,0,38,0,0,53,0,53,74,0,74,127
09/26/2017,FTG,CO,ANM,WE,Federal Contract Tower,0,2,38,0,40,0,0,74,0,74,0,2,112,0,114,110,0,110,224
09/27/2017,FTG,CO,ANM,WE,Federal Contract Tower,0,10,15,0,25,0,0,49,0,49,0,10,64,0,74,68,0,68,142
09/28/2017,FTG,CO,ANM,WE,Federal Contract Tower,0,0,11,0,11,0,0,29,0,29,0,0,40,0,40,38,0,38,78
09/29/2017,FTG,CO,ANM,WE,Federal Contract Tower,0,0,33,0,33,0,0,47,0,47,0,0,80,0,80,110,0,110,190
09/30/2017,FTG,CO,ANM,WE,Federal Contract Tower,0,0,23,0,23,0,0,97,6,103,0,0,120,6,126,80,10,90,216
10/01/2017,FTG,CO,ANM,WE,Federal Contract Tower,0,0,12,0,12,0,0,76,0,76,0,0,88,0,88,108,0,108,196
10/02/2017,FTG,CO,ANM,WE,Federal Contract Tower,0,2,6,0,8,0,0,21,0,21,0,2,27,0,29,94,0,94,123
10/03/2017,FTG,CO,ANM,WE,Federal Contract Tower,0,0,21,0,21,0,0,60,0,60,0,0,81,0,81,99,0,99,180
10/04/2017,FTG,CO,ANM,WE,Federal Contract Tower,0,0,18,0,18,0,0,30,0,30,0,0,48,0,48,64,0,64,112
10/05/2017,FTG,CO,ANM,WE,Federal Contract Tower,0,0,24,0,24,0,0,54,0,54,0,0,78,0,78,188,0,188,266
10/06/2017,FTG,CO,ANM,WE,Federal Contract Tower,0,0,11,0,11,0,0,22,0,22,0,0,33,0,33,90,0,90,123
10/07/2017,FTG,CO,ANM,WE,Federal Contract Tower,0,0,14,0,14,0,0,212,0,212,0,0,226,0,226,137,0,137,363
10/08/2017,FTG,CO,ANM,WE,Federal Contract Tower,0,0,27,0,27,0,0,104,0,104,0,0,131,0,131,74,0,74,205
10/09/2017,FTG,CO,ANM,WE,Federal Contract Tower,0,0,8,0,8,0,0,12,0,12,0,0,20,0,20,52,0,52,72
10/10/2017,FTG,CO,ANM,WE,Federal Contract Tower,0,0,11,2,13,0,0,55,2,57,0,0,66,4,70,116,8,124,194
10/11/2017,FTG,CO,ANM,WE,Federal Contract Tower,0,0,23,0,23,0,0,96,0,96,0,0,119,0,119,104,0,104,223
10/12/2017,FTG,CO,ANM,WE,Federal Contract Tower,0,0,16,0,16,0,0,85,0,85,0,0,101,0,101,238,0,238,339
10/13/2017,FTG,CO,ANM,WE,Federal Contract Tower,0,0,20,0,20,0,0,88,0,88,0,0,108,0,108,192,0,192,300
10/14/2017,FTG,CO,ANM,WE,Federal Contract Tower,0,0,3,0,3,0,0,36,0,36,0,0,39,0,39,30,0,30,69
10/15/2017,FTG,CO,ANM,WE,Federal Contract Tower,0,0,24,0,24,0,0,123,0,123,0,0,147,0,147,130,0,130,277
10/16/2017,FTG,CO,ANM,WE,Federal Contract Tower,0,0,22,0,22,0,0,72,2,74,0,0,94,2,96,98,6,104,200
10/17/2017,FTG,CO,ANM,WE,Federal Contract Tower,0,0,26,0,26,0,0,81,0,81,0,0,107,0,107,166,0,166,273
10/18/2017,FTG,CO,ANM,WE,Federal Contract Tower,0,0,21,0,21,0,0,92,3,95,0,0,113,3,116,133,20,153,269
10/19/2017,FTG,CO,ANM,WE,Federal Contract Tower,0,0,22,0,22,0,0,93,1,94,0,0,115,1,116,138,0,138,254
10/20/2017,FTG,CO,ANM,WE,Federal Contract Tower,0,0,28,0,28,0,0,96,0,96,0,0,124,0,124,198,0,198,322
10/21/2017,FTG,CO,ANM,WE,Federal Contract Tower,0,0,7,0,7,0,0,42,0,42,0,0,49,0,49,74,0,74,123
10/22/2017,FTG,CO,ANM,WE,Federal Contract Tower,0,0,14,0,14,0,0,114,0,114,0,0,128,0,128,180,0,180,308
10/23/2017,FTG,CO,ANM,WE,Federal Contract Tower,0,0,10,0,10,0,0,62,0,62,0,0,72,0,72,164,0,164,236
10/24/2017,FTG,CO,ANM,WE,Federal Contract Tower,0,0,26,0,26,0,0,119,0,119,0,0,145,0,145,134,0,134,279
10/25/2017,FTG,CO,ANM,WE,Federal Contract Tower,0,0,33,0,33,0,0,107,0,107,0,0,140,0,140,152,0,152,292
10/26/2017,FTG,CO,ANM,WE,Federal Contract Tower,0,0,12,0,12,0,0,7,0,7,0,0,19,0,19,10,0,10,29
10/27/2017,FTG,CO,ANM,WE,Federal Contract Tower,0,0,21,0,21,0,0,104,0,104,0,0,125,0,125,192,0,192,317
10/28/2017,FTG,CO,ANM,WE,Federal Contract Tower,0,0,24,0,24,0,0,154,4,158,0,0,178,4,182,84,0,84,266
10/29/2017,FTG,CO,ANM,WE,Federal Contract Tower,0,0,20,0,20,0,0,113,0,113,0,0,133,0,133,150,0,150,283
10/30/2017,FTG,CO,ANM,WE,Federal Contract Tower,0,0,4,0,4,0,0,10,0,10,0,0,14,0,14,30,0,30,44
10/31/2017,FTG,CO,ANM,WE,Federal Contract Tower,0,0,14,0,14,0,0,27,0,27,0,0,41,0,41,20,0,20,61
11/01/2017,FTG,CO,ANM,WE,Federal Contract Tower,0,0,7,0,7,0,0,32,0,32,0,0,39,0,39,58,0,58,97
11/02/2017,FTG,CO,ANM,WE,Federal Contract Tower,0,0,21,0,21,0,0,46,0,46,0,0,67,0,67,151,0,151,218
11/03/2017,FTG,CO,ANM,WE,Federal Contract Tower,0,0,22,0,22,0,0,95,0,95,0,0,117,0,117,204,0,204,321
11/04/2017,FTG,CO,ANM,WE,Federal Contract Tower,0,2,9,0,11,0,0,38,0,38,0,2,47,0,49,92,0,92,141
11/05/2017,FTG,CO,ANM,WE,Federal Contract Tower,0,0,34,0,34,0,0,88,0,88,0,0,122,0,122,150,0,150,272
11/06/2017,FTG,CO,ANM,WE,Federal Contract Tower,0,1,11,0,12,0,2,24,0,26,0,3,35,0,38,108,0,108,146
11/07/2017,FTG,CO,ANM,WE,Federal Contract Tower,0,0,2,0,2,0,0,0,0,0,0,0,2,0,2,0,0,0,2
11/08/2017,FTG,CO,ANM,WE,Federal Contract Tower,0,0,27,0,27,0,0,94,0,94,0,0,121,0,121,150,0,150,271
11/09/2017,FTG,CO,ANM,WE,Federal Contract Tower,0,0,44,0,44,0,0,82,0,82,0,0,126,0,126,198,0,198,324
11/10/2017,FTG,CO,ANM,WE,Federal Contract Tower,0,0,34,0,34,0,0,111,0,111,0,0,145,0,145,208,0,208,353
11/11/2017,FTG,CO,ANM,WE,Federal Contract Tower,0,0,41,0,41,0,2,155,0,157,0,2,196,0,198,134,0,134,332
11/12/2017,FTG,CO,ANM,WE,Federal Contract Tower,0,0,22,0,22,0,0,103,0,103,0,0,125,0,125,184,0,184,309
11/13/2017,FTG,CO,ANM,WE,Federal Contract Tower,0,0,33,0,33,0,0,78,0,78,0,0,111,0,111,116,0,116,227
11/14/2017,FTG,CO,ANM,WE,Federal Contract Tower,0,0,15,1,16,0,0,79,7,86,0,0,94,8,102,157,0,157,259
11/15/2017,FTG,CO,ANM,WE,Federal Contract Tower,0,0,17,0,17,0,0,68,8,76,0,0,85,8,93,92,10,102,195
11/16/2017,FTG,CO,ANM,WE,Federal Contract Tower,0,1,25,0,26,0,0,69,0,69,0,1,94,0,95,176,0,176,271
11/17/2017,FTG,CO,ANM,WE,Federal Contract Tower,0,5,14,0,19,0,0,30,0,30,0,5,44,0,49,66,0,66,115
11/18/2017,FTG,CO,ANM,WE,Federal Contract Tower,0,0,25,0,25,0,0,102,0,102,0,0,127,0,127,166,0,166,293
11/19/2017,FTG,CO,ANM,WE,Federal Contract Tower,0,0,20,0,20,0,2,118,0,120,0,2,138,0,140,170,0,170,310
11/20/2017,FTG,CO,ANM,WE,Federal Contract Tower,0,0,11,0,11,0,0,61,4,65,0,0,72,4,76,172,10,182,258
11/21/2017,FTG,CO,ANM,WE,Federal Contract Tower,0,0,17,0,17,0,0,31,2,33,0,0,48,2,50,58,18,76,126
11/22/2017,FTG,CO,ANM,WE,Federal Contract Tower,0,0,14,0,14,0,0,80,0,80,0,0,94,0,94,150,0,150,244
11/23/2017,FTG,CO,ANM,WE,Federal Contract Tower,0,0,5,0,5,0,0,33,0,33,0,0,38,0,38,44,0,44,82
11/24/2017,FTG,CO,ANM,WE,Federal Contract Tower,0,0,12,0,12,0,0,56,0,56,0,0,68,0,68,62,0,62,130
11/25/2017,FTG,CO,ANM,WE,Federal Contract Tower,0,0,16,0,16,0,0,102,0,102,0,0,118,0,118,84,0,84,202
11/26/2017,FTG,CO,ANM,WE,Federal Contract Tower,0,0,40,0,40,0,0,118,0,118,0,0,158,0,158,172,0,172,330
11/27/2017,FTG,CO,ANM,WE,Federal Contract Tower,0,0,13,0,13,0,0,62,0,62,0,0,75,0,75,164,0,164,239
11/28/2017,FTG,CO,ANM,WE,Federal Contract Tower,0,0,17,0,17,0,0,70,0,70,0,0,87,0,87,138,0,138,225
11/29/2017,FTG,CO,ANM,WE,Federal Contract Tower,0,0,24,2,26,0,0,88,0,88,0,0,112,2,114,144,0,144,258
11/30/2017,FTG,CO,ANM,WE,Federal Contract Tower,0,0,8,0,8,0,0,57,0,57,0,0,65,0,65,108,0,108,173
12/01/2017,FTG,CO,ANM,WE,Federal Contract Tower,0,0,23,0,23,0,0,83,0,83,0,0,106,0,106,123,0,123,229
12/02/2017,FTG,CO,ANM,WE,Federal Contract Tower,0,0,17,0,17,0,0,111,0,111,0,0,128,0,128,184,0,184,312
12/03/2017,FTG,CO,ANM,WE,Federal Contract Tower,0,0,15,0,15,0,0,81,0,81,0,0,96,0,96,112,0,112,208
12/04/2017,FTG,CO,ANM,WE,Federal Contract Tower,0,0,12,0,12,0,0,4,2,6,0,0,16,2,18,0,16,16,34
12/05/2017,FTG,CO,ANM,WE,Federal Contract Tower,0,0,3,0,3,0,0,69,4,73,0,0,72,4,76,85,10,95,171
12/06/2017,FTG,CO,ANM,WE,Federal Contract Tower,0,0,10,0,10,0,0,36,2,38,0,0,46,2,48,26,6,32,80
12/07/2017,FTG,CO,ANM,WE,Federal Contract Tower,0,0,6,0,6,0,0,32,2,34,0,0,38,2,40,64,0,64,104
12/08/2017,FTG,CO,ANM,WE,Federal Contract Tower,0,0,10,0,10,0,0,30,0,30,0,0,40,0,40,20,0,20,60
12/09/2017,FTG,CO,ANM,WE,Federal Contract Tower,0,0,8,0,8,0,0,127,0,127,0,0,135,0,135,158,0,158,293
12/10/2017,FTG,CO,ANM,WE,Federal Contract Tower,0,0,21,0,21,0,0,110,0,110,0,0,131,0,131,156,0,156,287
12/11/2017,FTG,CO,ANM,WE,Federal Contract Tower,0,1,17,0,18,0,0,68,0,68,0,1,85,0,86,76,0,76,162
12/12/2017,FTG,CO,ANM,WE,Federal Contract Tower,0,1,18,0,19,0,0,98,0,98,0,1,116,0,117,94,0,94,211
12/13/2017,FTG,CO,ANM,WE,Federal Contract Tower,0,0,16,0,16,0,0,67,2,69,0,0,83,2,85,116,4,120,205
12/14/2017,FTG,CO,ANM,WE,Federal Contract Tower,0,0,20,0,20,0,0,34,0,34,0,0,54,0,54,52,0,52,106
12/15/2017,FTG,CO,ANM,WE,Federal Contract Tower,0,0,18,0,18,0,0,93,0,93,0,0,111,0,111,110,0,110,221
12/16/2017,FTG,CO,ANM,WE,Federal Contract Tower,0,0,26,0,26,0,0,100,0,100,0,0,126,0,126,244,0,244,370
12/17/2017,FTG,CO,ANM,WE,Federal Contract Tower,0,1,8,0,9,0,0,25,0,25,0,1,33,0,34,146,0,146,180
12/18/2017,FTG,CO,ANM,WE,Federal Contract Tower,0,1,29,0,30,0,0,76,2,78,0,1,105,2,108,178,2,180,288
12/19/2017,FTG,CO,ANM,WE,Federal Contract Tower,0,2,32,0,34,0,0,110,2,112,0,2,142,2,146,100,2,102,248
12/20/2017,FTG,CO,ANM,WE,Federal Contract Tower,0,0,25,0,25,0,0,92,0,92,0,0,117,0,117,72,0,72,189
12/21/2017,FTG,CO,ANM,WE,Federal Contract Tower,0,1,5,0,6,0,0,1,0,1,0,1,6,0,7,0,0,0,7
12/22/2017,FTG,CO,ANM,WE,Federal Contract Tower,0,1,23,0,24,0,0,72,0,72,0,1,95,0,96,92,0,92,188
12/23/2017,FTG,CO,ANM,WE,Federal Contract Tower,0,0,11,0,11,0,0,80,0,80,0,0,91,0,91,48,0,48,139
12/24/2017,FTG,CO,ANM,WE,Federal Contract Tower,0,0,7,0,7,0,0,18,0,18,0,0,25,0,25,16,0,16,41
12/25/2017,FTG,CO,ANM,WE,Federal Contract Tower,0,0,1,0,1,0,0,8,0,8,0,0,9,0,9,2,0,2,11
12/26/2017,FTG,CO,ANM,WE,Federal Contract Tower,0,1,12,0,13,0,0,0,0,0,0,1,12,0,13,0,0,0,13
12/27/2017,FTG,CO,ANM,WE,Federal Contract Tower,0,0,19,0,19,0,0,67,0,67,0,0,86,0,86,52,0,52,138
12/28/2017,FTG,CO,ANM,WE,Federal Contract Tower,0,0,27,0,27,0,0,73,0,73,0,0,100,0,100,146,0,146,246
12/29/2017,FTG,CO,ANM,WE,Federal Contract Tower,0,0,7,0,7,0,0,34,0,34,0,0,41,0,41,40,0,40,81
12/30/2017,FTG,CO,ANM,WE,Federal Contract Tower,0,0,10,0,10,0,0,44,0,44,0,0,54,0,54,62,0,62,116
12/31/2017,FTG,CO,ANM,WE,Federal Contract Tower,0,0,3,0,3,0,0,14,0,14,0,0,17,0,17,22,0,22,39
01/01/2018,FTG,CO,ANM,WE,Federal Contract Tower,0,0,5,0,5,0,0,16,0,16,0,0,21,0,21,46,0,46,67
01/02/2018,FTG,CO,ANM,WE,Federal Contract Tower,0,0,29,0,29,0,0,68,0,68,0,0,97,0,97,58,0,58,155
01/03/2018,FTG,CO,ANM,WE,Federal Contract Tower,0,0,15,0,15,0,0,45,0,45,0,0,60,0,60,70,0,70,130
01/04/2018,FTG,CO,ANM,WE,Federal Contract Tower,0,0,19,0,19,0,0,51,2,53,0,0,70,2,72,148,0,148,220
01/05/2018,FTG,CO,ANM,WE,Federal Contract Tower,0,0,12,0,12,0,0,88,4,92,0,0,100,4,104,204,22,226,330
01/06/2018,FTG,CO,ANM,WE,Federal Contract Tower,0,0,16,0,16,0,0,96,0,96,0,0,112,0,112,110,0,110,222
01/07/2018,FTG,CO,ANM,WE,Federal Contract Tower,0,0,19,0,19,0,0,86,0,86,0,0,105,0,105,178,0,178,283
01/08/2018,FTG,CO,ANM,WE,Federal Contract Tower,0,0,17,0,17,0,0,67,2,69,0,0,84,2,86,122,2,124,210
01/09/2018,FTG,CO,ANM,WE,Federal Contract Tower,0,2,13,0,15,0,0,103,0,103,0,2,116,0,118,154,0,154,272
01/10/2018,FTG,CO,ANM,WE,Federal Contract Tower,0,0,3,0,3,0,0,30,1,31,0,0,33,1,34,62,0,62,96
01/11/2018,FTG,CO,ANM,WE,Federal Contract Tower,0,0,16,0,16,0,0,50,0,50,0,0,66,0,66,278,0,278,344
01/12/2018,FTG,CO,ANM,WE,Federal Contract Tower,0,0,9,0,9,0,1,30,0,31,0,1,39,0,40,126,0,126,166
01/13/2018,FTG,CO,ANM,WE,Federal Contract Tower,0,0,12,0,12,0,0,96,0,96,0,0,108,0,108,146,0,146,254
01/14/2018,FTG,CO,ANM,WE,Federal Contract Tower,0,0,13,0,13,0,0,88,0,88,0,0,101,0,101,118,0,118,219
01/15/2018,FTG,CO,ANM,WE,Federal Contract Tower,0,0,3,0,3,0,0,0,0,0,0,0,3,0,3,0,0,0,3
01/16/2018,FTG,CO,ANM,WE,Federal Contract Tower,0,0,20,0,20,0,0,51,0,51,0,0,71,0,71,132,0,132,203
01/17/2018,FTG,CO,ANM,WE,Federal Contract Tower,0,0,22,0,22,0,0,92,0,92,0,0,114,0,114,178,0,178,292
01/18/2018,FTG,CO,ANM,WE,Federal Contract Tower,0,0,28,0,28,0,0,84,0,84,0,0,112,0,112,132,0,132,244
01/19/2018,FTG,CO,ANM,WE,Federal Contract Tower,0,0,19,0,19,0,0,0,0,0,0,0,19,0,19,154,0,154,173
01/20/2018,FTG,CO,ANM,WE,Federal Contract Tower,0,0,28,0,28,0,0,107,0,107,0,0,135,0,135,120,0,120,255
01/21/2018,FTG,CO,ANM,WE,Federal Contract Tower,0,0,5,0,5,0,0,0,0,0,0,0,5,0,5,0,0,0,5
01/22/2018,FTG,CO,ANM,WE,Federal Contract Tower,0,0,17,0,17,0,0,45,0,45,0,0,62,0,62,64,0,64,126
01/23/2018,FTG,CO,ANM,WE,Federal Contract Tower,0,0,22,0,22,0,0,68,0,68,0,0,90,0,90,86,0,86,176
01/24/2018,FTG,CO,ANM,WE,Federal Contract Tower,0,0,17,0,17,0,0,74,0,74,0,0,91,0,91,152,0,152,243
01/25/2018,FTG,CO,ANM,WE,Federal Contract Tower,0,0,17,0,17,0,0,53,0,53,0,0,70,0,70,52,0,52,122
01/26/2018,FTG,CO,ANM,WE,Federal Contract Tower,0,0,14,0,14,0,0,44,0,44,0,0,58,0,58,122,0,122,180
01/28/2018,FTG,CO,ANM,WE,Federal Contract Tower,0,0,26,0,26,0,0,76,0,76,0,0,102,0,102,256,0,256,358
01/29/2018,FTG,CO,ANM,WE,Federal Contract Tower,0,0,23,0,23,0,0,93,0,93,0,0,116,0,116,168,0,168,284
01/30/2018,FTG,CO,ANM,WE,Federal Contract Tower,0,0,11,2,13,0,0,51,2,53,0,0,62,4,66,102,0,102,168
01/31/2018,FTG,CO,ANM,WE,Federal Contract Tower,0,0,9,0,9,0,0,50,0,50,0,0,59,0,59,140,0,140,199
02/01/2018,FTG,CO,ANM,WE,Federal Contract Tower,0,0,11,0,11,0,0,21,0,21,0,0,32,0,32,82,0,82,114
02/02/2018,FTG,CO,ANM,WE,Federal Contract Tower,0,0,24,0,24,0,0,90,2,92,0,0,114,2,116,210,8,218,334
02/03/2018,FTG,CO,ANM,WE,Federal Contract Tower,0,0,8,0,8,0,0,90,0,90,0,0,98,0,98,102,0,102,200
02/04/2018,FTG,CO,ANM,WE,Federal Contract Tower,0,0,4,0,4,0,0,7,0,7,0,0,11,0,11,10,0,10,21
02/05/2018,FTG,CO,ANM,WE,Federal Contract Tower,0,0,6,0,6,0,0,28,0,28,0,0,34,0,34,28,0,28,62
02/06/2018,FTG,CO,ANM,WE,Federal Contract Tower,0,0,11,0,11,0,0,44,2,46,0,0,55,2,57,152,6,158,215
02/07/2018,FTG,CO,ANM,WE,Federal Contract Tower,0,1,19,0,20,0,0,88,2,90,0,1,107,2,110,166,4,170,280
02/08/2018,FTG,CO,ANM,WE,Federal Contract Tower,0,1,25,0,26,0,0,88,2,90,0,1,113,2,116,198,12,210,326
02/09/2018,FTG,CO,ANM,WE,Federal Contract Tower,0,0,3,0,3,0,0,0,0,0,0,0,3,0,3,0,0,0,3
02/10/2018,FTG,CO,ANM,WE,Federal Contract Tower,0,0,3,0,3,0,0,0,0,0,0,0,3,0,3,0,0,0,3
02/11/2018,FTG,CO,ANM,WE,Federal Contract Tower,0,0,20,0,20,0,0,87,0,87,0,0,107,0,107,132,0,132,239
02/12/2018,FTG,CO,ANM,WE,Federal Contract Tower,0,0,3,0,3,0,0,0,0,0,0,0,3,0,3,0,0,0,3
02/13/2018,FTG,CO,ANM,WE,Federal Contract Tower,0,0,22,0,22,0,0,93,4,97,0,0,115,4,119,196,10,206,325
02/14/2018,FTG,CO,ANM,WE,Federal Contract Tower,0,0,16,0,16,0,0,48,4,52,0,0,64,4,68,154,10,164,232
02/15/2018,FTG,CO,ANM,WE,Federal Contract Tower,0,0,16,0,16,0,0,52,11,63,0,0,68,11,79,82,20,102,181
02/16/2018,FTG,CO,ANM,WE,Federal Contract Tower,0,0,23,0,23,0,0,0,0,0,0,0,23,0,23,160,0,160,183
02/17/2018,FTG,CO,ANM,WE,Federal Contract Tower,0,0,29,0,29,0,0,130,0,130,0,0,159,0,159,212,0,212,371
02/18/2018,FTG,CO,ANM,WE,Federal Contract Tower,0,0,12,0,12,0,0,51,0,51,0,0,63,0,63,66,0,66,129
02/19/2018,FTG,CO,ANM,WE,Federal Contract Tower,0,0,2,0,2,0,0,0,0,0,0,0,2,0,2,0,0,0,2
02/20/2018,FTG,CO,ANM,WE,Federal Contract Tower,0,1,5,0,6,0,0,26,0,26,0,1,31,0,32,26,8,34,66
02/21/2018,FTG,CO,ANM,WE,Federal Contract Tower,0,0,13,0,13,0,0,55,6,61,0,0,68,6,74,88,14,102,176
02/22/2018,FTG,CO,ANM,WE,Federal Contract Tower,0,0,6,0,6,0,0,20,0,20,0,0,26,0,26,58,0,58,84
02/23/2018,FTG,CO,ANM,WE,Federal Contract Tower,0,0,9,0,9,0,0,8,0,8,0,0,17,0,17,100,0,100,117
02/24/2018,FTG,CO,ANM,WE,Federal Contract Tower,0,0,8,0,8,0,0,31,0,31,0,0,39,0,39,26,0,26,65
02/25/2018,FTG,CO,ANM,WE,Federal Contract Tower,0,0,35,0,35,0,0,76,0,76,0,0,111,0,111,128,0,128,239
02/26/2018,FTG,CO,ANM,WE,Federal Contract Tower,0,0,34,0,34,0,0,104,0,104,0,0,138,0,138,122,0,122,260
02/27/2018,FTG,CO,ANM,WE,Federal Contract Tower,0,0,13,0,13,0,0,92,2,94,0,0,105,2,107,242,0,242,349
02/28/2018,FTG,CO,ANM,WE,Federal Contract Tower,0,0,10,0,10,0,0,78,4,82,0,0,88,4,92,120,20,140,232
03/01/2018,FTG,CO,ANM,WE,Federal Contract Tower,0,0,21,0,21,0,0,70,2,72,0,0,91,2,93,128,0,128,221
03/02/2018,FTG,CO,ANM,WE,Federal Contract Tower,0,0,23,0,23,0,0,70,6,76,0,0,93,6,99,104,0,104,203
03/03/2018,FTG,CO,ANM,WE,Federal Contract Tower,0,0,18,0,18,0,0,196,0,196,0,0,214,0,214,138,0,138,352
03/04/2018,FTG,CO,ANM,WE,Federal Contract Tower,0,0,5,0,5,0,0,21,0,21,0,0,26,0,26,12,0,12,38
03/05/2018,FTG,CO,ANM,WE,Federal Contract Tower,0,0,4,0,4,0,0,3,0,3,0,0,7,0,7,0,0,0,7
03/06/2018,FTG,CO,ANM,WE,Federal Contract Tower,0,0,22,0,22,0,0,81,9,90,0,0,103,9,112,146,36,182,294
03/07/2018,FTG,CO,ANM,WE,Federal Contract Tower,0,0,22,0,22,0,0,110,5,115,0,0,132,5,137,208,0,208,345
03/08/2018,FTG,CO,ANM,WE,Federal Contract Tower,0,0,16,1,17,0,0,112,11,123,0,0,128,12,140,204,14,218,358
03/09/2018,FTG,CO,ANM,WE,Federal Contract Tower,0,0,20,0,20,0,0,85,6,91,0,0,105,6,111,76,2,78,189
03/10/2018,FTG,CO,ANM,WE,Federal Contract Tower,0,0,27,0,27,0,0,80,0,80,0,0,107,0,107,108,0,108,215
03/11/2018,FTG,CO,ANM,WE,Federal Contract Tower,0,0,24,0,24,0,0,112,0,112,0,0,136,0,136,164,0,164,300
03/12/2018,FTG,CO,ANM,WE,Federal Contract Tower,0,0,21,0,21,0,0,52,0,52,0,0,73,0,73,112,0,112,185
03/13/2018,FTG,CO,ANM,WE,Federal Contract Tower,0,0,18,0,18,0,0,86,0,86,0,0,104,0,104,176,0,176,280
03/14/2018,FTG,CO,ANM,WE,Federal Contract Tower,0,0,14,0,14,0,0,86,0,86,0,0,100,0,100,184,0,184,284
03/15/2018,FTG,CO,ANM,WE,Federal Contract Tower,0,0,28,0,28,0,0,68,0,68,0,0,96,0,96,150,0,150,246
03/16/2018,FTG,CO,ANM,WE,Federal Contract Tower,0,0,12,0,12,0,0,37,0,37,0,0,49,0,49,76,0,76,125
03/17/2018,FTG,CO,ANM,WE,Federal Contract Tower,0,1,22,0,23,0,0,107,0,107,0,1,129,0,130,150,0,150,280
03/18/2018,FTG,CO,ANM,WE,Federal Contract Tower,0,0,16,0,16,0,0,77,0,77,0,0,93,0,93,104,0,104,197
03/19/2018,FTG,CO,ANM,WE,Federal Contract Tower,0,0,15,0,15,0,0,17,0,17,0,0,32,0,32,30,0,30,62
03/20/2018,FTG,CO,ANM,WE,Federal Contract Tower,0,0,15,2,17,0,0,59,2,61,0,0,74,4,78,134,2,136,214
03/21/2018,FTG,CO,ANM,WE,Federal Contract Tower,0,0,25,0,25,0,0,100,0,100,0,0,125,0,125,242,0,242,367
03/22/2018,FTG,CO,ANM,WE,Federal Contract Tower,0,0,25,0,25,0,0,93,3,96,0,0,118,3,121,164,0,164,285
03/23/2018,FTG,CO,ANM,WE,Federal Contract Tower,0,0,4,0,4,0,0,30,0,30,0,0,34,0,34,68,0,68,102
03/24/2018,FTG,CO,ANM,WE,Federal Contract Tower,0,0,7,0,7,0,0,186,0,186,0,0,193,0,193,34,0,34,227
03/25/2018,FTG,CO,ANM,WE,Federal Contract Tower,0,0,18,0,18,0,0,81,0,81,0,0,99,0,99,76,0,76,175
03/26/2018,FTG,CO,ANM,WE,Federal Contract Tower,0,0,12,0,12,0,0,37,4,41,0,0,49,4,53,66,0,66,119
03/27/2018,FTG,CO,ANM,WE,Federal Contract Tower,0,0,21,0,21,0,0,47,11,58,0,0,68,11,79,80,68,148,227
03/28/2018,FTG,CO,ANM,WE,Federal Contract Tower,0,0,24,0,24,0,0,47,2,49,0,0,71,2,73,162,4,166,239
03/29/2018,FTG,CO,ANM,WE,Federal Contract Tower,0,0,25,0,25,0,0,33,2,35,0,0,58,2,60,130,8,138,198
03/30/2018,FTG,CO,ANM,WE,Federal Contract Tower,0,0,27,0,27,0,0,130,4,134,0,0,157,4,161,308,0,308,469
03/31/2018,FTG,CO,ANM,WE,Federal Contract Tower,0,0,26,0,26,0,0,128,0,128,0,0,154,0,154,112,0,112,266
04/01/2018,FTG,CO,ANM,WE,Federal Contract Tower,0,0,19,0,19,0,0,56,0,56,0,0,75,0,75,52,0,52,127
04/02/2018,FTG,CO,ANM,WE,Federal Contract Tower,0,0,21,0,21,0,0,46,0,46,0,0,67,0,67,50,0,50,117
04/03/2018,FTG,CO,ANM,WE,Federal Contract Tower,0,0,12,0,12,0,0,37,0,37,0,0,49,0,49,58,0,58,107
04/04/2018,FTG,CO,ANM,WE,Federal Contract Tower,0,0,16,0,16,0,0,88,0,88,0,0,104,0,104,188,0,188,292
04/05/2018,FTG,CO,ANM,WE,Federal Contract Tower,0,0,20,0,20,0,0,76,5,81,0,0,96,5,101,188,6,194,295
04/06/2018,FTG,CO,ANM,WE,Federal Contract Tower,0,0,2,0,2,0,0,3,0,3,0,0,5,0,5,12,0,12,17
04/07/2018,FTG,CO,ANM,WE,Federal Contract Tower,0,0,15,0,15,0,0,77,0,77,0,0,92,0,92,150,0,150,242
04/08/2018,FTG,CO,ANM,WE,Federal Contract Tower,0,0,3,0,3,0,0,25,0,25,0,0,28,0,28,66,0,66,94
04/09/2018,FTG,CO,ANM,WE,Federal Contract Tower,0,0,12,0,12,0,0,38,0,38,0,0,50,0,50,112,0,112,162
04/10/2018,FTG,CO,ANM,WE,Federal Contract Tower,0,0,32,0,32,0,0,107,0,107,0,0,139,0,139,228,0,228,367
04/11/2018,FTG,CO,ANM,WE,Federal Contract Tower,0,7,15,0,22,0,0,45,0,45,0,7,60,0,67,130,0,130,197
04/12/2018,FTG,CO,ANM,WE,Federal Contract Tower,0,0,19,0,19,0,0,54,0,54,0,0,73,0,73,54,0,54,127
04/13/2018,FTG,CO,ANM,WE,Federal Contract Tower,0,0,16,0,16,0,0,12,0,12,0,0,28,0,28,0,0,0,28
04/14/2018,FTG,CO,ANM,WE,Federal Contract Tower,0,0,14,0,14,0,0,17,0,17,0,0,31,0,31,16,0,16,47
04/15/2018,FTG,CO,ANM,WE,Federal Contract Tower,0,0,23,0,23,0,0,141,0,141,0,0,164,0,164,166,0,166,330
04/16/2018,FTG,CO,ANM,WE,Federal Contract Tower,0,0,22,0,22,0,0,95,4,99,0,0,117,4,121,162,16,178,299
04/17/2018,FTG,CO,ANM,WE,Federal Contract Tower,0,0,5,0,5,0,0,11,0,11,0,0,16,0,16,16,0,16,32
04/18/2018,FTG,CO,ANM,WE,Federal Contract Tower,0,0,31,0,31,0,0,120,11,131,0,0,151,11,162,174,38,212,374
04/19/2018,FTG,CO,ANM,WE,Federal Contract Tower,0,0,12,0,12,0,0,32,0,32,0,0,44,0,44,16,0,16,60
04/20/2018,FTG,CO,ANM,WE,Federal Contract Tower,0,0,5,0,5,0,0,23,0,23,0,0,28,0,28,14,0,14,42
04/21/2018,FTG,CO,ANM,WE,Federal Contract Tower,0,0,2,0,2,0,0,4,0,4,0,0,6,0,6,34,0,34,40
04/22/2018,FTG,CO,ANM,WE,Federal Contract Tower,0,0,16,0,16,0,0,137,0,137,0,0,153,0,153,166,0,166,319
04/23/2018,FTG,CO,ANM,WE,Federal Contract Tower,0,0,17,0,17,0,0,85,2,87,0,0,102,2,104,174,4,178,282
04/24/2018,FTG,CO,ANM,WE,Federal Contract Tower,0,0,9,0,9,0,0,3,0,3,0,0,12,0,12,12,0,12,24
04/25/2018,FTG,CO,ANM,WE,Federal Contract Tower,0,0,20,0,20,0,0,101,6,107,0,0,121,6,127,216,6,222,349
04/26/2018,FTG,CO,ANM,WE,Federal Contract Tower,0,0,20,0,20,0,0,49,0,49,0,0,69,0,69,105,0,105,174
04/27/2018,FTG,CO,ANM,WE,Federal Contract Tower,0,0,14,0,14,0,0,149,4,153,0,0,163,4,167,338,14,352,519
04/28/2018,FTG,CO,ANM,WE,Federal Contract Tower,0,0,10,0,10,0,0,261,0,261,0,0,271,0,271,44,0,44,315
04/29/2018,FTG,CO,ANM,WE,Federal Contract Tower,0,0,19,0,19,0,0,80,0,80,0,0,99,0,99,88,0,88,187
04/30/2018,FTG,CO,ANM,WE,Federal Contract Tower,0,0,10,0,10,0,0,53,4,57,0,0,63,4,67,0,166,166,233
05/01/2018,FTG,CO,ANM,WE,Federal Contract Tower,0,3,22,0,25,0,0,49,0,49,0,3,71,0,74,125,0,125,199
05/02/2018,FTG,CO,ANM,WE,Federal Contract Tower,0,0,5,0,5,0,0,17,0,17,0,0,22,0,22,75,0,75,97
05/03/2018,FTG,CO,ANM,WE,Federal Contract Tower,0,0,6,0,6,0,0,12,0,12,0,0,18,0,18,18,0,18,36
05/04/2018,FTG,CO,ANM,WE,Federal Contract Tower,0,0,27,0,27,0,0,137,2,139,0,0,164,2,166,224,14,238,404
05/05/2018,FTG,CO,ANM,WE,Federal Contract Tower,0,0,10,0,10,0,0,159,0,159,0,0,169,0,169,202,0,202,371
05/06/2018,FTG,CO,ANM,WE,Federal Contract Tower,0,0,17,0,17,0,0,90,0,90,0,0,107,0,107,164,0,164,271
05/07/2018,FTG,CO,ANM,WE,Federal Contract Tower,0,0,20,0,20,0,0,82,5,87,0,0,102,5,107,138,22,160,267
05/08/2018,FTG,CO,ANM,WE,Federal Contract Tower,0,0,21,0,21,0,0,89,4,93,0,0,110,4,114,304,18,322,436
05/09/2018,FTG,CO,ANM,WE,Federal Contract Tower,0,0,31,0,31,0,0,104,0,104,0,0,135,0,135,282,0,282,417
05/10/2018,FTG,CO,ANM,WE,Federal Contract Tower,0,0,34,0,34,0,0,91,0,91,0,0,125,0,125,234,0,234,359
05/11/2018,FTG,CO,ANM,WE,Federal Contract Tower,0,1,8,0,9,0,0,67,0,67,0,1,75,0,76,140,0,140,216
05/12/2018,FTG,CO,ANM,WE,Federal Contract Tower,0,0,19,0,19,0,0,19,0,19,0,0,38,0,38,14,0,14,52
05/13/2018,FTG,CO,ANM,WE,Federal Contract Tower,0,0,15,0,15,0,0,28,0,28,0,0,43,0,43,40,0,40,83
05/14/2018,FTG,CO,ANM,WE,Federal Contract Tower,0,0,19,0,19,0,0,29,0,29,0,0,48,0,48,51,0,51,99
05/15/2018,FTG,CO,ANM,WE,Federal Contract Tower,0,0,26,0,26,0,0,86,4,90,0,0,112,4,116,134,28,162,278
05/16/2018,FTG,CO,ANM,WE,Federal Contract Tower,0,0,17,0,17,0,0,103,0,103,0,0,120,0,120,174,0,174,294
05/17/2018,FTG,CO,ANM,WE,Federal Contract Tower,0,0,25,0,25,0,0,131,1,132,0,0,156,1,157,172,8,180,337
05/18/2018,FTG,CO,ANM,WE,Federal Contract Tower,0,0,13,0,13,0,0,11,0,11,0,0,24,0,24,30,0,30,54
05/19/2018,FTG,CO,ANM,WE,Federal Contract Tower,0,0,16,0,16,0,0,15,0,15,0,0,31,0,31,44,0,44,75
05/20/2018,FTG,CO,ANM,WE,Federal Contract Tower,0,1,23,0,24,0,0,36,0,36,0,1,59,0,60,110,0,110,170
05/21/2018,FTG,CO,ANM,WE,Federal Contract Tower,0,0,24,0,24,0,0,69,0,69,0,0,93,0,93,138,0,138,231
05/22/2018,FTG,CO,ANM,WE,Federal Contract Tower,0,0,21,0,21,0,0,96,0,96,0,0,117,0,117,159,0,159,276
05/23/2018,FTG,CO,ANM,WE,Federal Contract Tower,0,0,24,0,24,0,0,108,0,108,0,0,132,0,132,198,0,198,330
05/24/2018,FTG,CO,ANM,WE,Federal Contract Tower,0,0,29,0,29,0,0,125,0,125,0,0,154,0,154,182,0,182,336
05/25/2018,FTG,CO,ANM,WE,Federal Contract Tower,0,0,14,0,14,0,0,110,4,114,0,0,124,4,128,140,4,144,272
05/26/2018,FTG,CO,ANM,WE,Federal Contract Tower,0,0,18,0,18,0,0,115,0,115,0,0,133,0,133,80,0,80,213
05/27/2018,FTG,CO,ANM,WE,Federal Contract Tower,0,1,30,0,31,0,0,67,0,67,0,1,97,0,98,58,0,58,156
05/28/2018,FTG,CO,ANM,WE,Federal Contract Tower,0,0,18,0,18,0,0,32,0,32,0,0,50,0,50,86,0,86,136
05/29/2018,FTG,CO,ANM,WE,Federal Contract Tower,0,0,14,0,14,0,0,71,8,79,0,0,85,8,93,100,20,120,213
05/30/2018,FTG,CO,ANM,WE,Federal Contract Tower,0,0,14,0,14,0,0,79,4,83,0,0,93,4,97,62,14,76,173
05/31/2018,FTG,CO,ANM,WE,Federal Contract Tower,0,0,11,0,11,0,0,68,0,68,0,0,79,0,79,128,0,128,207
06/01/2018,FTG,CO,ANM,WE,Federal Contract Tower,0,0,14,0,14,0,0,86,0,86,0,0,100,0,100,114,0,114,214
06/02/2018,FTG,CO,ANM,WE,Federal Contract Tower,0,0,13,0,13,0,0,167,0,167,0,0,180,0,180,94,0,94,274
06/03/2018,FTG,CO,ANM,WE,Federal Contract Tower,0,0,15,0,15,0,0,108,0,108,0,0,123,0,123,136,0,136,259
06/04/2018,FTG,CO,ANM,WE,Federal Contract Tower,0,0,17,0,17,0,0,86,1,87,0,0,103,1,104,146,0,146,250
06/05/2018,FTG,CO,ANM,WE,Federal Contract Tower,0,0,10,0,10,0,0,2,0,2,0,0,12,0,12,188,10,198,210
06/06/2018,FTG,CO,ANM,WE,Federal Contract Tower,0,0,23,0,23,0,0,93,13,106,0,0,116,13,129,152,38,190,319
06/07/2018,FTG,CO,ANM,WE,Federal Contract Tower,0,0,19,1,20,0,0,45,16,61,0,0,64,17,81,78,79,157,238
06/08/2018,FTG,CO,ANM,WE,Federal Contract Tower,0,0,18,0,18,0,0,95,4,99,0,0,113,4,117,156,0,156,273
06/09/2018,FTG,CO,ANM,WE,Federal Contract Tower,0,0,20,0,20,0,0,140,0,140,0,0,160,0,160,126,0,126,286
06/10/2018,FTG,CO,ANM,WE,Federal Contract Tower,0,0,8,0,8,0,0,73,0,73,0,0,81,0,81,56,0,56,137
06/11/2018,FTG,CO,ANM,WE,Federal Contract Tower,0,0,19,0,19,0,0,93,9,102,0,0,112,9,121,179,46,225,346
06/12/2018,FTG,CO,ANM,WE,Federal Contract Tower,0,0,21,0,21,0,0,121,7,128,0,0,142,7,149,212,58,270,419
06/13/2018,FTG,CO,ANM,WE,Federal Contract Tower,0,0,14,0,14,0,0,52,8,60,0,0,66,8,74,124,50,174,248
06/14/2018,FTG,CO,ANM,WE,Federal Contract Tower,0,0,18,0,18,0,0,74,1,75,0,0,92,1,93,172,4,176,269
06/15/2018,FTG,CO,ANM,WE,Federal Contract Tower,0,0,25,1,26,0,0,73,9,82,0,0,98,10,108,156,6,162,270
06/16/2018,FTG,CO,ANM,WE,Federal Contract Tower,0,0,22,0,22,0,0,112,0,112,0,0,134,0,134,146,0,146,280
06/17/2018,FTG,CO,ANM,WE,Federal Contract Tower,0,0,25,0,25,0,0,22,0,22,0,0,47,0,47,52,0,52,99
06/18/2018,FTG,CO,ANM,WE,Federal Contract Tower,0,0,28,0,28,0,0,61,1,62,0,0,89,1,90,70,4,74,164
06/19/2018,FTG,CO,ANM,WE,Federal Contract Tower,0,0,21,0,21,0,0,48,0,48,0,0,69,0,69,92,0,92,161
06/20/2018,FTG,CO,ANM,WE,Federal Contract Tower,0,0,46,0,46,0,0,125,5,130,0,0,171,5,176,206,28,234,410
06/21/2018,FTG,CO,ANM,WE,Federal Contract Tower,0,0,20,0,20,0,0,84,5,89,0,0,104,5,109,232,30,262,371
06/22/2018,FTG,CO,ANM,WE,Federal Contract Tower,0,0,11,0,11,0,0,60,0,60,0,0,71,0,71,114,0,114,185
06/23/2018,FTG,CO,ANM,WE,Federal Contract Tower,0,0,19,0,19,0,0,183,0,183,0,0,202,0,202,56,0,56,258
06/24/2018,FTG,CO,ANM,WE,Federal Contract Tower,0,0,14,0,14,0,0,47,0,47,0,0,61,0,61,96,0,96,157
06/25/2018,FTG,CO,ANM,WE,Federal Contract Tower,0,0,35,0,35,0,0,124,10,134,0,0,159,10,169,204,22,226,395
06/26/2018,FTG,CO,ANM,WE,Federal Contract Tower,0,0,31,0,31,0,0,116,5,121,0,0,147,5,152,138,56,194,346
06/28/2018,FTG,CO,ANM,WE,Federal Contract Tower,0,0,19,0,19,0,0,66,4,70,0,0,85,4,89,106,0,106,195
06/29/2018,FTG,CO,ANM,WE,Federal Contract Tower,0,0,34,0,34,0,0,76,4,80,0,0,110,4,114,114,16,130,244
06/30/2018,FTG,CO,ANM,WE,Federal Contract Tower,0,0,10,0,10,0,0,40,0,40,0,0,50,0,50,168,0,168,218
07/01/2018,FTG,CO,ANM,WE,Federal Contract Tower,0,0,15,0,15,0,0,101,0,101,0,0,116,0,116,68,0,68,184
07/02/2018,FTG,CO,ANM,WE,Federal Contract Tower,0,0,12,0,12,0,0,62,4,66,0,0,74,4,78,112,38,150,228
07/03/2018,FTG,CO,ANM,WE,Federal Contract Tower,0,0,23,0,23,0,0,79,0,79,0,0,102,0,102,182,0,182,284
07/04/2018,FTG,CO,ANM,WE,Federal Contract Tower,0,0,10,0,10,0,0,84,0,84,0,0,94,0,94,106,0,106,200
07/05/2018,FTG,CO,ANM,WE,Federal Contract Tower,0,0,25,0,25,0,0,42,2,44,0,0,67,2,69,0,0,0,69
07/06/2018,FTG,CO,ANM,WE,Federal Contract Tower,0,0,20,0,20,0,0,106,10,116,0,0,126,10,136,188,64,252,388
07/07/2018,FTG,CO,ANM,WE,Federal Contract Tower,0,0,12,0,12,0,0,102,0,102,0,0,114,0,114,128,0,128,242
07/08/2018,FTG,CO,ANM,WE,Federal Contract Tower,0,0,15,0,15,0,0,66,0,66,0,0,81,0,81,120,0,120,201
07/09/2018,FTG,CO,ANM,WE,Federal Contract Tower,0,0,11,0,11,0,0,57,8,65,0,0,68,8,76,120,38,158,234
07/10/2018,FTG,CO,ANM,WE,Federal Contract Tower,0,0,14,0,14,0,92,4,0,96,0,92,18,0,110,168,24,192,302
07/11/2018,FTG,CO,ANM,WE,Federal Contract Tower,0,0,22,1,23,0,0,101,15,116,0,0,123,16,139,158,14,172,311
07/12/2018,FTG,CO,ANM,WE,Federal Contract Tower,0,0,15,0,15,0,0,52,8,60,0,0,67,8,75,138,12,150,225
07/13/2018,FTG,CO,ANM,WE,Federal Contract Tower,0,0,27,0,27,0,0,99,5,104,0,0,126,5,131,182,28,210,341
07/14/2018,FTG,CO,ANM,WE,Federal Contract Tower,0,0,20,0,20,0,0,108,0,108,0,0,128,0,128,120,0,120,248
07/15/2018,FTG,CO,ANM,WE,Federal Contract Tower,0,0,19,0,19,0,0,31,0,31,0,0,50,0,50,24,0,24,74
07/16/2018,FTG,CO,ANM,WE,Federal Contract Tower,0,0,19,0,19,0,0,52,0,52,0,0,71,0,71,78,0,78,149
07/17/2018,FTG,CO,ANM,WE,Federal Contract Tower,0,0,21,0,21,0,0,52,6,58,0,0,73,6,79,76,54,130,209
07/18/2018,FTG,CO,ANM,WE,Federal Contract Tower,0,0,21,0,21,0,0,90,7,97,0,0,111,7,118,234,94,328,446
07/19/2018,FTG,CO,ANM,WE,Federal Contract Tower,0,0,37,0,37,0,0,81,4,85,0,0,118,4,122,206,50,256,378
07/20/2018,FTG,CO,ANM,WE,Federal Contract Tower,0,0,18,1,19,0,0,68,10,78,0,0,86,11,97,148,92,240,337
07/21/2018,FTG,CO,ANM,WE,Federal Contract Tower,0,0,18,0,18,0,0,87,0,87,0,0,105,0,105,138,0,138,243
07/22/2018,FTG,CO,ANM,WE,Federal Contract Tower,0,0,9,2,11,0,0,70,0,70,0,0,79,2,81,76,0,76,157
07/23/2018,FTG,CO,ANM,WE,Federal Contract Tower,0,0,21,0,21,0,0,77,4,81,0,0,98,4,102,118,20,138,240
07/24/2018,FTG,CO,ANM,WE,Federal Contract Tower,0,0,11,0,11,0,0,56,0,56,0,0,67,0,67,100,0,100,167
07/25/2018,FTG,CO,ANM,WE,Federal Contract Tower,0,0,13,0,13,0,0,39,8,47,0,0,52,8,60,48,44,92,152
07/26/2018,FTG,CO,ANM,WE,Federal Contract Tower,0,0,38,0,38,0,0,44,6,50,0,0,82,6,88,152,40,192,280
07/27/2018,FTG,CO,ANM,WE,Federal Contract Tower,0,0,17,0,17,0,0,101,0,101,0,0,118,0,118,212,0,212,330
07/28/2018,FTG,CO,ANM,WE,Federal Contract Tower,0,0,19,0,19,0,0,39,0,39,0,0,58,0,58,0,0,0,58
07/29/2018,FTG,CO,ANM,WE,Federal Contract Tower,0,0,26,0,26,0,0,53,0,53,0,0,79,0,79,66,0,66,145
07/30/2018,FTG,CO,ANM,WE,Federal Contract Tower,0,0,22,0,22,0,0,98,10,108,0,0,120,10,130,222,36,258,388
07/31/2018,FTG,CO,ANM,WE,Federal Contract Tower,0,0,25,0,25,0,0,88,7,95,0,0,113,7,120,264,22,286,406
08/01/2018,FTG,CO,ANM,WE,Federal Contract Tower,0,0,23,0,23,0,0,79,2,81,0,0,102,2,104,256,28,284,388
08/02/2018,FTG,CO,ANM,WE,Federal Contract Tower,0,0,14,0,14,0,0,82,8,90,0,0,96,8,104,258,6,264,368
08/03/2018,FTG,CO,ANM,WE,Federal Contract Tower,0,0,16,0,16,0,0,69,0,69,0,0,85,0,85,188,0,188,273
08/04/2018,FTG,CO,ANM,WE,Federal Contract Tower,0,0,22,0,22,0,0,164,0,164,0,0,186,0,186,94,0,94,280
08/05/2018,FTG,CO,ANM,WE,Federal Contract Tower,0,0,19,0,19,0,0,67,0,67,0,0,86,0,86,122,0,122,208
08/06/2018,FTG,CO,ANM,WE,Federal Contract Tower,0,0,21,0,21,0,0,71,0,71,0,0,92,0,92,132,0,132,224
08/07/2018,FTG,CO,ANM,WE,Federal Contract Tower,0,0,19,0,19,0,0,109,0,109,0,0,128,0,128,196,0,196,324
08/08/2018,FTG,CO,ANM,WE,Federal Contract Tower,0,0,19,0,19,0,0,68,3,71,0,0,87,3,90,78,10,88,178
08/09/2018,FTG,CO,ANM,WE,Federal Contract Tower,0,0,14,0,14,0,0,96,0,96,0,0,110,0,110,206,0,206,316
08/10/2018,FTG,CO,ANM,WE,Federal Contract Tower,0,0,10,0,10,0,0,86,2,88,0,0,96,2,98,193,18,211,309
08/11/2018,FTG,CO,ANM,WE,Federal Contract Tower,0,0,25,0,25,0,0,109,0,109,0,0,134,0,134,118,0,118,252
08/12/2018,FTG,CO,ANM,WE,Federal Contract Tower,0,0,15,0,15,0,0,39,0,39,0,0,54,0,54,54,0,54,108
08/13/2018,FTG,CO,ANM,WE,Federal Contract Tower,0,0,20,0,20,0,0,69,2,71,0,0,89,2,91,170,2,172,263
08/14/2018,FTG,CO,ANM,WE,Federal Contract Tower,0,0,23,0,23,0,0,58,0,58,0,0,81,0,81,98,0,98,179
08/15/2018,FTG,CO,ANM,WE,Federal Contract Tower,0,0,16,0,16,0,0,118,0,118,0,0,134,0,134,182,0,182,316
08/16/2018,FTG,CO,ANM,WE,Federal Contract Tower,0,0,30,0,30,0,0,111,0,111,0,0,141,0,141,162,0,162,303
08/17/2018,FTG,CO,ANM,WE,Federal Contract Tower,0,0,9,0,9,0,0,94,0,94,0,0,103,0,103,154,0,154,257
08/18/2018,FTG,CO,ANM,WE,Federal Contract Tower,16,0,0,0,16,0,0,106,1,107,16,0,106,1,123,175,0,175,298
08/19/2018,FTG,CO,ANM,WE,Federal Contract Tower,0,0,11,0,11,0,0,50,1,51,0,0,61,1,62,114,0,114,176
08/20/2018,FTG,CO,ANM,WE,Federal Contract Tower,0,0,22,0,22,0,0,30,0,30,0,0,52,0,52,104,0,104,156
08/21/2018,FTG,CO,ANM,WE,Federal Contract Tower,0,0,27,0,27,0,0,83,14,97,0,0,110,14,124,242,2,244,368
08/22/2018,FTG,CO,ANM,WE,Federal Contract Tower,0,0,17,0,17,0,0,29,0,29,0,0,46,0,46,70,0,70,116
08/23/2018,FTG,CO,ANM,WE,Federal Contract Tower,0,0,18,0,18,0,0,74,6,80,0,0,92,6,98,130,0,130,228
08/24/2018,FTG,CO,ANM,WE,Federal Contract Tower,0,1,21,0,22,0,0,101,4,105,0,1,122,4,127,234,0,234,361
08/25/2018,FTG,CO,ANM,WE,Federal Contract Tower,0,0,14,0,14,0,0,206,0,206,0,0,220,0,220,112,0,112,332
08/26/2018,FTG,CO,ANM,WE,Federal Contract Tower,0,0,16,0,16,0,0,98,0,98,0,0,114,0,114,130,0,130,244
08/27/2018,FTG,CO,ANM,WE,Federal Contract Tower,0,0,18,0,18,0,0,31,2,33,0,0,49,2,51,71,2,73,124
08/28/2018,FTG,CO,ANM,WE,Federal Contract Tower,0,0,25,0,25,0,0,104,0,104,0,0,129,0,129,110,0,110,239
08/29/2018,FTG,CO,ANM,WE,Federal Contract Tower,0,0,20,4,24,0,0,101,0,101,0,0,121,4,125,190,0,190,315
08/30/2018,FTG,CO,ANM,WE,Federal Contract Tower,0,0,21,0,21,0,0,77,4,81,0,0,98,4,102,206,0,206,308
08/31/2018,FTG,CO,ANM,WE,Federal Contract Tower,0,0,15,0,15,0,0,95,0,95,0,0,110,0,110,214,0,214,324
09/01/2018,FTG,CO,ANM,WE,Federal Contract Tower,0,0,11,0,11,0,0,81,0,81,0,0,92,0,92,127,0,127,219
09/02/2018,FTG,CO,ANM,WE,Federal Contract Tower,0,0,8,0,8,0,0,54,0,54,0,0,62,0,62,100,0,100,162
09/03/2018,FTG,CO,ANM,WE,Federal Contract Tower,0,0,37,0,37,0,0,87,0,87,0,0,124,0,124,156,0,156,280
09/04/2018,FTG,CO,ANM,WE,Federal Contract Tower,0,0,13,0,13,0,0,76,0,76,0,0,89,0,89,110,0,110,199
09/05/2018,FTG,CO,ANM,WE,Federal Contract Tower,0,0,14,0,14,0,0,23,0,23,0,0,37,0,37,64,0,64,101
09/06/2018,FTG,CO,ANM,WE,Federal Contract Tower,0,0,17,0,17,0,0,63,0,63,0,0,80,0,80,138,0,138,218
09/07/2018,FTG,CO,ANM,WE,Federal Contract Tower,0,0,25,0,25,0,0,51,0,51,0,0,76,0,76,166,0,166,242
09/08/2018,FTG,CO,ANM,WE,Federal Contract Tower,0,0,8,0,8,0,0,140,0,140,0,0,148,0,148,250,0,250,398
09/09/2018,FTG,CO,ANM,WE,Federal Contract Tower,0,0,11,0,11,0,0,96,0,96,0,0,107,0,107,130,0,130,237
09/10/2018,FTG,CO,ANM,WE,Federal Contract Tower,0,1,14,0,15,0,0,85,3,88,0,1,99,3,103,182,12,194,297
09/11/2018,FTG,CO,ANM,WE,Federal Contract Tower,0,0,23,0,23,0,0,83,4,87,0,0,106,4,110,212,6,218,328
09/12/2018,FTG,CO,ANM,WE,Federal Contract Tower,0,0,14,0,14,0,0,92,3,95,0,0,106,3,109,166,0,166,275
09/13/2018,FTG,CO,ANM,WE,Federal Contract Tower,0,0,19,0,19,0,0,87,4,91,0,0,106,4,110,146,6,152,262
09/14/2018,FTG,CO,ANM,WE,Federal Contract Tower,0,0,25,0,25,0,0,103,0,103,0,0,128,0,128,206,0,206,334
09/15/2018,FTG,CO,ANM,WE,Federal Contract Tower,0,0,9,0,9,0,0,132,0,132,0,0,141,0,141,122,0,122,263
09/16/2018,FTG,CO,ANM,WE,Federal Contract Tower,0,0,10,0,10,0,0,76,0,76,0,0,86,0,86,164,0,164,250
09/17/2018,FTG,CO,ANM,WE,Federal Contract Tower,0,0,31,0,31,0,0,88,2,90,0,0,119,2,121,61,0,61,182
09/18/2018,FTG,CO,ANM,WE,Federal Contract Tower,0,0,25,0,25,0,0,96,4,100,0,0,121,4,125,184,4,188,313
09/19/2018,FTG,CO,ANM,WE,Federal Contract Tower,0,0,33,0,33,0,0,101,9,110,0,0,134,9,143,142,6,148,291
09/20/2018,FTG,CO,ANM,WE,Federal Contract Tower,0,0,26,0,26,0,0,85,3,88,0,0,111,3,114,207,4,211,325
09/21/2018,FTG,CO,ANM,WE,Federal Contract Tower,0,0,6,0,6,0,0,81,3,84,0,0,87,3,90,69,4,73,163
09/22/2018,FTG,CO,ANM,WE,Federal Contract Tower,0,0,13,0,13,0,0,123,0,123,0,0,136,0,136,188,0,188,324
09/23/2018,FTG,CO,ANM,WE,Federal Contract Tower,0,0,15,0,15,0,0,100,0,100,0,0,115,0,115,111,0,111,226
09/24/2018,FTG,CO,ANM,WE,Federal Contract Tower,0,0,10,0,10,0,0,53,7,60,0,0,63,7,70,95,15,110,180
09/25/2018,FTG,CO,ANM,WE,Federal Contract Tower,0,0,27,0,27,0,0,83,5,88,0,0,110,5,115,108,26,134,249
09/26/2018,FTG,CO,ANM,WE,Federal Contract Tower,0,0,31,0,31,0,0,85,3,88,0,0,116,3,119,186,6,192,311
09/27/2018,FTG,CO,ANM,WE,Federal Contract Tower,0,0,28,0,28,0,0,96,4,100,0,0,124,4,128,161,6,167,295
09/28/2018,FTG,CO,ANM,WE,Federal Contract Tower,0,0,12,0,12,0,0,36,0,36,0,0,48,0,48,64,0,64,112
09/29/2018,FTG,CO,ANM,WE,Federal Contract Tower,0,0,9,0,9,0,0,209,0,209,0,0,218,0,218,78,0,78,296
09/30/2018,FTG,CO,ANM,WE,Federal Contract Tower,0,0,22,0,22,0,0,39,0,39,0,0,61,0,61,32,0,32,93
10/01/2018,FTG,CO,ANM,WE,Federal Contract Tower,0,0,23,0,23,0,0,41,0,41,0,0,64,0,64,90,0,90,154
10/02/2018,FTG,CO,ANM,WE,Federal Contract Tower,0,0,9,0,9,0,0,52,2,54,0,0,61,2,63,180,10,190,253
10/03/2018,FTG,CO,ANM,WE,Federal Contract Tower,0,0,21,0,21,0,0,74,0,74,0,0,95,0,95,86,0,86,181
10/04/2018,FTG,CO,ANM,WE,Federal Contract Tower,0,0,16,0,16,0,0,99,0,99,0,0,115,0,115,145,0,145,260
10/05/2018,FTG,CO,ANM,WE,Federal Contract Tower,0,0,21,0,21,0,0,98,0,98,0,0,119,0,119,180,0,180,299
10/06/2018,FTG,CO,ANM,WE,Federal Contract Tower,0,0,5,0,5,0,0,58,0,58,0,0,63,0,63,112,0,112,175
10/07/2018,FTG,CO,ANM,WE,Federal Contract Tower,0,0,9,0,9,0,0,7,0,7,0,0,16,0,16,16,0,16,32
10/08/2018,FTG,CO,ANM,WE,Federal Contract Tower,0,0,4,0,4,0,0,0,0,0,0,0,4,0,4,0,0,0,4
10/09/2018,FTG,CO,ANM,WE,Federal Contract Tower,0,0,17,0,17,0,0,0,0,0,0,0,17,0,17,16,0,16,33
10/10/2018,FTG,CO,ANM,WE,Federal Contract Tower,0,0,10,0,10,0,0,6,0,6,0,0,16,0,16,8,0,8,24
10/11/2018,FTG,CO,ANM,WE,Federal Contract Tower,0,0,5,0,5,0,0,28,1,29,0,0,33,1,34,45,1,46,80
10/12/2018,FTG,CO,ANM,WE,Federal Contract Tower,0,0,29,0,29,0,0,131,2,133,0,0,160,2,162,133,0,133,295
10/13/2018,FTG,CO,ANM,WE,Federal Contract Tower,0,0,31,0,31,0,0,114,6,120,0,0,145,6,151,106,24,130,281
10/14/2018,FTG,CO,ANM,WE,Federal Contract Tower,0,0,3,0,3,0,0,6,0,6,0,0,9,0,9,0,0,0,9
10/15/2018,FTG,CO,ANM,WE,Federal Contract Tower,0,0,16,0,16,0,0,64,6,70,0,0,80,6,86,122,4,126,212
10/16/2018,FTG,CO,ANM,WE,Federal Contract Tower,0,0,29,0,29,0,0,100,12,112,0,0,129,12,141,70,4,74,215
10/17/2018,FTG,CO,ANM,WE,Federal Contract Tower,0,0,22,0,22,0,0,98,0,98,0,0,120,0,120,92,0,92,212
10/18/2018,FTG,CO,ANM,WE,Federal Contract Tower,0,0,31,0,31,0,66,0,0,66,0,66,31,0,97,98,0,98,195
10/19/2018,FTG,CO,ANM,WE,Federal Contract Tower,0,0,28,0,28,0,0,122,0,122,0,0,150,0,150,127,0,127,277
10/20/2018,FTG,CO,ANM,WE,Federal Contract Tower,0,0,5,0,5,0,0,131,0,131,0,0,136,0,136,194,14,208,344
10/21/2018,FTG,CO,ANM,WE,Federal Contract Tower,0,0,32,0,32,0,0,118,0,118,0,0,150,0,150,186,0,186,336
10/22/2018,FTG,CO,ANM,WE,Federal Contract Tower,0,0,27,0,27,0,0,90,2,92,0,0,117,2,119,170,10,180,299
10/23/2018,FTG,CO,ANM,WE,Federal Contract Tower,0,0,24,0,24,0,0,49,2,51,0,0,73,2,75,134,0,134,209
10/24/2018,FTG,CO,ANM,WE,Federal Contract Tower,0,0,25,0,25,0,0,71,0,71,0,0,96,0,96,204,0,204,300
10/25/2018,FTG,CO,ANM,WE,Federal Contract Tower,0,0,19,0,19,0,0,74,13,87,0,0,93,13,106,166,9,175,281
10/26/2018,FTG,CO,ANM,WE,Federal Contract Tower,0,0,26,0,26,0,0,126,2,128,0,0,152,2,154,161,12,173,327
10/27/2018,FTG,CO,ANM,WE,Federal Contract Tower,0,0,15,0,15,0,0,160,0,160,0,0,175,0,175,24,0,24,199
10/28/2018,FTG,CO,ANM,WE,Federal Contract Tower,0,0,18,0,18,0,0,143,0,143,0,0,161,0,161,240,0,240,401
10/29/2018,FTG,CO,ANM,WE,Federal Contract Tower,0,0,19,0,19,0,0,92,4,96,0,0,111,4,115,111,8,119,234
10/30/2018,FTG,CO,ANM,WE,Federal Contract Tower,0,0,10,0,10,0,0,15,0,15,0,0,25,0,25,52,0,52,77
10/31/2018,FTG,CO,ANM,WE,Federal Contract Tower,0,0,15,0,15,0,0,61,0,61,0,0,76,0,76,94,0,94,170
11/01/2018,FTG,CO,ANM,WE,Federal Contract Tower,0,0,22,0,22,0,0,87,3,90,0,0,109,3,112,108,12,120,232
11/02/2018,FTG,CO,ANM,WE,Federal Contract Tower,0,0,20,0,20,0,0,80,2,82,0,0,100,2,102,112,0,112,214
11/03/2018,FTG,CO,ANM,WE,Federal Contract Tower,0,0,2,0,2,0,0,22,0,22,0,0,24,0,24,28,0,28,52
11/04/2018,FTG,CO,ANM,WE,Federal Contract Tower,0,0,15,0,15,0,0,81,0,81,0,0,96,0,96,124,0,124,220
11/05/2018,FTG,CO,ANM,WE,Federal Contract Tower,0,0,16,0,16,0,0,67,0,67,0,0,83,0,83,84,0,84,167
11/06/2018,FTG,CO,ANM,WE,Federal Contract Tower,0,0,11,0,11,0,0,78,2,80,0,0,89,2,91,151,22,173,264
11/07/2018,FTG,CO,ANM,WE,Federal Contract Tower,0,0,22,0,22,0,0,49,0,49,0,0,71,0,71,90,0,90,161
11/08/2018,FTG,CO,ANM,WE,Federal Contract Tower,0,0,9,0,9,0,0,26,0,26,0,0,35,0,35,104,0,104,139
11/09/2018,FTG,CO,ANM,WE,Federal Contract Tower,0,0,12,1,13,0,0,160,0,160,0,0,172,1,173,182,2,184,357
11/10/2018,FTG,CO,ANM,WE,Federal Contract Tower,0,0,20,0,20,0,0,108,0,108,0,0,128,0,128,148,0,148,276
11/11/2018,FTG,CO,ANM,WE,Federal Contract Tower,0,0,4,0,4,0,0,0,0,0,0,0,4,0,4,0,0,0,4
11/12/2018,FTG,CO,ANM,WE,Federal Contract Tower,0,0,10,0,10,0,0,38,0,38,0,0,48,0,48,97,0,97,145
11/13/2018,FTG,CO,ANM,WE,Federal Contract Tower,0,0,23,0,23,0,0,89,0,89,0,0,112,0,112,98,0,98,210
11/14/2018,FTG,CO,ANM,WE,Federal Contract Tower,0,0,17,1,18,0,0,106,1,107,0,0,123,2,125,178,0,178,303
11/15/2018,FTG,CO,ANM,WE,Federal Contract Tower,0,0,30,0,30,0,0,108,0,108,0,0,138,0,138,218,0,218,356
11/16/2018,FTG,CO,ANM,WE,Federal Contract Tower,0,0,17,0,17,0,0,96,2,98,0,0,113,2,115,235,8,243,358
11/17/2018,FTG,CO,ANM,WE,Federal Contract Tower,0,0,0,0,0,0,0,0,0,0,0,0,0,0,0,0,0,0,0
11/18/2018,FTG,CO,ANM,WE,Federal Contract Tower,0,0,14,0,14,0,0,115,0,115,0,0,129,0,129,158,0,158,287
11/19/2018,FTG,CO,ANM,WE,Federal Contract Tower,0,0,20,0,20,0,0,111,0,111,0,0,131,0,131,130,0,130,261
11/20/2018,FTG,CO,ANM,WE,Federal Contract Tower,0,0,33,0,33,0,0,127,12,139,0,0,160,12,172,212,18,230,402
11/21/2018,FTG,CO,ANM,WE,Federal Contract Tower,0,0,27,0,27,0,0,111,3,114,0,0,138,3,141,198,6,204,345
11/22/2018,FTG,CO,ANM,WE,Federal Contract Tower,0,0,1,0,1,0,0,42,0,42,0,0,43,0,43,30,0,30,73
11/23/2018,FTG,CO,ANM,WE,Federal Contract Tower,0,0,6,0,6,0,0,9,0,9,0,0,15,0,15,12,0,12,27
11/24/2018,FTG,CO,ANM,WE,Federal Contract Tower,0,0,9,0,9,0,0,19,0,19,0,0,28,0,28,36,0,36,64
11/25/2018,FTG,CO,ANM,WE,Federal Contract Tower,0,0,24,0,24,0,0,63,0,63,0,0,87,0,87,86,0,86,173
11/26/2018,FTG,CO,ANM,WE,Federal Contract Tower,0,0,20,0,20,0,0,98,2,100,0,0,118,2,120,146,0,146,266
11/27/2018,FTG,CO,ANM,WE,Federal Contract Tower,0,0,25,0,25,0,0,68,4,72,0,0,93,4,97,160,13,173,270
11/28/2018,FTG,CO,ANM,WE,Federal Contract Tower,0,0,10,0,10,0,0,81,0,81,0,0,91,0,91,248,0,248,339
11/29/2018,FTG,CO,ANM,WE,Federal Contract Tower,0,0,13,0,13,0,0,76,4,80,0,0,89,4,93,130,0,130,223
11/30/2018,FTG,CO,ANM,WE,Federal Contract Tower,0,0,5,0,5,0,0,1,0,1,0,0,6,0,6,0,0,0,6
12/01/2018,FTG,CO,ANM,WE,Federal Contract Tower,0,0,13,0,13,0,0,54,0,54,0,0,67,0,67,89,0,89,156
12/02/2018,FTG,CO,ANM,WE,Federal Contract Tower,0,0,25,0,25,0,0,61,0,61,0,0,86,0,86,74,0,74,160
12/03/2018,FTG,CO,ANM,WE,Federal Contract Tower,0,0,27,0,27,0,0,50,0,50,0,0,77,0,77,110,0,110,187
12/04/2018,FTG,CO,ANM,WE,Federal Contract Tower,0,0,18,0,18,0,0,93,0,93,0,0,111,0,111,108,0,108,219
12/05/2018,FTG,CO,ANM,WE,Federal Contract Tower,0,0,27,0,27,0,0,79,0,79,0,0,106,0,106,108,0,108,214
12/06/2018,FTG,CO,ANM,WE,Federal Contract Tower,0,0,14,0,14,0,0,45,0,45,0,0,59,0,59,70,0,70,129
12/07/2018,FTG,CO,ANM,WE,Federal Contract Tower,0,0,21,0,21,0,0,87,2,89,0,0,108,2,110,168,0,168,278
12/08/2018,FTG,CO,ANM,WE,Federal Contract Tower,0,0,20,0,20,0,0,154,0,154,0,0,174,0,174,168,0,168,342
12/09/2018,FTG,CO,ANM,WE,Federal Contract Tower,0,0,15,0,15,0,0,73,0,73,0,0,88,0,88,144,0,144,232
12/10/2018,FTG,CO,ANM,WE,Federal Contract Tower,0,0,23,0,23,0,0,86,8,94,0,0,109,8,117,128,0,128,245
12/11/2018,FTG,CO,ANM,WE,Federal Contract Tower,0,0,21,0,21,0,0,63,3,66,0,0,84,3,87,112,4,116,203
12/12/2018,FTG,CO,ANM,WE,Federal Contract Tower,0,0,25,0,25,0,0,49,0,49,0,0,74,0,74,54,0,54,128
12/13/2018,FTG,CO,ANM,WE,Federal Contract Tower,0,0,19,0,19,0,0,86,0,86,0,0,105,0,105,138,0,138,243
12/14/2018,FTG,CO,ANM,WE,Federal Contract Tower,0,0,5,0,5,0,0,89,0,89,0,0,94,0,94,127,0,127,221
12/15/2018,FTG,CO,ANM,WE,Federal Contract Tower,0,0,16,0,16,0,0,127,0,127,0,0,143,0,143,120,0,120,263
12/16/2018,FTG,CO,ANM,WE,Federal Contract Tower,0,0,20,0,20,0,0,125,0,125,0,0,145,0,145,234,0,234,379
12/17/2018,FTG,CO,ANM,WE,Federal Contract Tower,0,0,20,0,20,0,0,95,0,95,0,0,115,0,115,154,0,154,269
12/18/2018,FTG,CO,ANM,WE,Federal Contract Tower,0,0,20,0,20,0,0,98,2,100,0,0,118,2,120,180,0,180,300
12/19/2018,FTG,CO,ANM,WE,Federal Contract Tower,0,0,15,0,15,0,0,18,0,18,0,0,33,0,33,18,0,18,51
12/20/2018,FTG,CO,ANM,WE,Federal Contract Tower,0,0,39,0,39,0,0,115,0,115,0,0,154,0,154,208,0,208,362
12/21/2018,FTG,CO,ANM,WE,Federal Contract Tower,0,0,28,0,28,0,0,65,0,65,0,0,93,0,93,142,0,142,235
12/22/2018,FTG,CO,ANM,WE,Federal Contract Tower,0,0,6,0,6,0,0,39,0,39,0,0,45,0,45,97,0,97,142
12/23/2018,FTG,CO,ANM,WE,Federal Contract Tower,0,0,17,0,17,0,0,56,0,56,0,0,73,0,73,112,0,112,185
12/24/2018,FTG,CO,ANM,WE,Federal Contract Tower,0,0,7,0,7,0,0,43,0,43,0,0,50,0,50,70,0,70,120
12/25/2018,FTG,CO,ANM,WE,Federal Contract Tower,0,0,3,0,3,0,0,15,0,15,0,0,18,0,18,4,6,10,28
12/26/2018,FTG,CO,ANM,WE,Federal Contract Tower,0,0,7,0,7,0,0,32,0,32,0,0,39,0,39,96,0,96,135
12/27/2018,FTG,CO,ANM,WE,Federal Contract Tower,0,0,9,0,9,0,0,17,0,17,0,0,26,0,26,18,0,18,44
12/28/2018,FTG,CO,ANM,WE,Federal Contract Tower,0,0,22,0,22,0,0,31,0,31,0,0,53,0,53,112,0,112,165
12/29/2018,FTG,CO,ANM,WE,Federal Contract Tower,0,0,19,0,19,0,0,109,0,109,0,0,128,0,128,108,0,108,236
12/30/2018,FTG,CO,ANM,WE,Federal Contract Tower,0,0,22,0,22,0,0,79,0,79,0,0,101,0,101,146,0,146,247
12/31/2018,FTG,CO,ANM,WE,Federal Contract Tower,0,1,3,0,4,0,0,0,0,0,0,1,3,0,4,0,0,0,4
01/01/2019,FTG,CO,ANM,WE,Federal Contract Tower,0,0,8,0,8,0,0,11,0,11,0,0,19,0,19,12,0,12,31
01/02/2019,FTG,CO,ANM,WE,Federal Contract Tower,0,0,14,0,14,0,0,40,6,46,0,0,54,6,60,120,0,120,180
01/03/2019,FTG,CO,ANM,WE,Federal Contract Tower,0,0,11,0,11,0,0,59,7,66,0,0,70,7,77,117,0,117,194
01/04/2019,FTG,CO,ANM,WE,Federal Contract Tower,0,0,26,0,26,0,0,140,2,142,0,0,166,2,168,286,0,286,454
01/05/2019,FTG,CO,ANM,WE,Federal Contract Tower,0,0,28,0,28,0,0,128,0,128,0,0,156,0,156,154,0,154,310
01/06/2019,FTG,CO,ANM,WE,Federal Contract Tower,0,0,17,0,17,0,0,111,0,111,0,0,128,0,128,114,0,114,242
01/07/2019,FTG,CO,ANM,WE,Federal Contract Tower,0,0,13,0,13,0,0,11,0,11,0,0,24,0,24,36,0,36,60
01/08/2019,FTG,CO,ANM,WE,Federal Contract Tower,0,0,17,0,17,0,0,68,2,70,0,0,85,2,87,76,8,84,171
01/09/2019,FTG,CO,ANM,WE,Federal Contract Tower,0,0,15,0,15,0,0,86,0,86,0,0,101,0,101,182,0,182,283
01/10/2019,FTG,CO,ANM,WE,Federal Contract Tower,0,0,16,0,16,0,0,111,0,111,0,0,127,0,127,168,0,168,295
01/11/2019,FTG,CO,ANM,WE,Federal Contract Tower,0,0,5,0,5,0,0,0,0,0,0,0,5,0,5,0,0,0,5
01/12/2019,FTG,CO,ANM,WE,Federal Contract Tower,0,0,14,0,14,0,0,41,0,41,0,0,55,0,55,58,0,58,113
01/13/2019,FTG,CO,ANM,WE,Federal Contract Tower,0,0,26,0,26,0,0,81,2,83,0,0,107,2,109,120,0,120,229
01/14/2019,FTG,CO,ANM,WE,Federal Contract Tower,0,0,16,0,16,0,0,68,0,68,0,0,84,0,84,60,0,60,144
01/15/2019,FTG,CO,ANM,WE,Federal Contract Tower,0,0,17,2,19,0,0,103,2,105,0,0,120,4,124,194,2,196,320
01/16/2019,FTG,CO,ANM,WE,Federal Contract Tower,0,0,23,0,23,0,0,92,2,94,0,0,115,2,117,196,4,200,317
01/17/2019,FTG,CO,ANM,WE,Federal Contract Tower,0,0,16,1,17,0,0,102,3,105,0,0,118,4,122,216,0,216,338
01/18/2019,FTG,CO,ANM,WE,Federal Contract Tower,0,0,8,0,8,0,0,3,0,3,0,0,11,0,11,28,0,28,39
01/19/2019,FTG,CO,ANM,WE,Federal Contract Tower,0,0,18,0,18,0,0,146,0,146,0,0,164,0,164,204,0,204,368
01/20/2019,FTG,CO,ANM,WE,Federal Contract Tower,0,0,21,0,21,0,0,103,0,103,0,0,124,0,124,128,0,128,252
01/21/2019,FTG,CO,ANM,WE,Federal Contract Tower,0,0,25,0,25,0,0,47,0,47,0,0,72,0,72,67,0,67,139
01/22/2019,FTG,CO,ANM,WE,Federal Contract Tower,0,0,5,0,5,0,0,4,0,4,0,0,9,0,9,0,0,0,9
01/23/2019,FTG,CO,ANM,WE,Federal Contract Tower,0,0,24,0,24,0,0,91,4,95,0,0,115,4,119,168,6,174,293
01/24/2019,FTG,CO,ANM,WE,Federal Contract Tower,0,0,11,0,11,0,0,23,0,23,0,0,34,0,34,38,0,38,72
01/25/2019,FTG,CO,ANM,WE,Federal Contract Tower,0,0,21,0,21,0,0,80,4,84,0,0,101,4,105,206,22,228,333
01/26/2019,FTG,CO,ANM,WE,Federal Contract Tower,0,0,13,0,13,0,0,197,0,197,0,0,210,0,210,76,0,76,286
01/27/2019,FTG,CO,ANM,WE,Federal Contract Tower,0,0,16,0,16,0,0,69,0,69,0,0,85,0,85,126,0,126,211
01/28/2019,FTG,CO,ANM,WE,Federal Contract Tower,0,0,5,0,5,0,0,5,0,5,0,0,10,0,10,0,0,0,10
01/29/2019,FTG,CO,ANM,WE,Federal Contract Tower,0,0,14,0,14,0,0,71,0,71,0,0,85,0,85,104,0,104,189
01/30/2019,FTG,CO,ANM,WE,Federal Contract Tower,0,0,24,0,24,0,0,0,0,0,0,0,24,0,24,174,0,174,198
01/31/2019,FTG,CO,ANM,WE,Federal Contract Tower,0,0,16,0,16,0,0,79,1,80,0,0,95,1,96,170,0,170,266
02/01/2019,FTG,CO,ANM,WE,Federal Contract Tower,0,0,27,0,27,0,0,117,2,119,0,0,144,2,146,184,0,184,330
02/02/2019,FTG,CO,ANM,WE,Federal Contract Tower,0,0,15,0,15,0,0,175,0,175,0,0,190,0,190,339,0,339,529
02/03/2019,FTG,CO,ANM,WE,Federal Contract Tower,0,0,3,0,3,0,0,17,0,17,0,0,20,0,20,36,0,36,56
02/04/2019,FTG,CO,ANM,WE,Federal Contract Tower,0,0,15,0,15,0,0,56,2,58,0,0,71,2,73,68,0,68,141
02/05/2019,FTG,CO,ANM,WE,Federal Contract Tower,0,0,7,0,7,0,0,33,0,33,0,0,40,0,40,12,0,12,52
02/06/2019,FTG,CO,ANM,WE,Federal Contract Tower,0,0,3,0,3,0,0,0,0,0,0,0,3,0,3,0,0,0,3
02/07/2019,FTG,CO,ANM,WE,Federal Contract Tower,0,0,3,0,3,0,0,27,0,27,0,0,30,0,30,34,0,34,64
02/08/2019,FTG,CO,ANM,WE,Federal Contract Tower,0,0,29,0,29,0,0,89,0,89,0,0,118,0,118,176,0,176,294
02/09/2019,FTG,CO,ANM,WE,Federal Contract Tower,0,0,18,0,18,0,0,91,8,99,0,0,109,8,117,150,0,150,267
02/10/2019,FTG,CO,ANM,WE,Federal Contract Tower,0,0,16,0,16,0,0,50,0,50,0,0,66,0,66,86,0,86,152
02/11/2019,FTG,CO,ANM,WE,Federal Contract Tower,0,0,15,0,15,0,0,32,0,32,0,0,47,0,47,28,0,28,75
02/12/2019,FTG,CO,ANM,WE,Federal Contract Tower,0,0,29,0,29,0,0,109,3,112,0,0,138,3,141,212,4,216,357
02/13/2019,FTG,CO,ANM,WE,Federal Contract Tower,0,0,15,0,15,0,0,83,0,83,0,0,98,0,98,256,0,256,354
02/14/2019,FTG,CO,ANM,WE,Federal Contract Tower,0,0,11,0,11,0,0,51,0,51,0,0,62,0,62,84,0,84,146
02/15/2019,FTG,CO,ANM,WE,Federal Contract Tower,0,0,24,0,24,0,0,97,0,97,0,0,121,0,121,282,0,282,403
02/16/2019,FTG,CO,ANM,WE,Federal Contract Tower,0,0,4,0,4,0,0,38,0,38,0,0,42,0,42,44,0,44,86
02/17/2019,FTG,CO,ANM,WE,Federal Contract Tower,0,0,15,0,15,0,0,71,2,73,0,0,86,2,88,62,0,62,150
02/18/2019,FTG,CO,ANM,WE,Federal Contract Tower,0,0,12,0,12,0,0,20,0,20,0,0,32,0,32,26,0,26,58
02/19/2019,FTG,CO,ANM,WE,Federal Contract Tower,0,0,8,0,8,0,0,17,0,17,0,0,25,0,25,29,0,29,54
02/20/2019,FTG,CO,ANM,WE,Federal Contract Tower,0,0,30,0,30,0,0,82,6,88,0,0,112,6,118,150,0,150,268
02/21/2019,FTG,CO,ANM,WE,Federal Contract Tower,0,0,18,0,18,0,0,110,1,111,0,0,128,1,129,245,1,246,375
02/22/2019,FTG,CO,ANM,WE,Federal Contract Tower,0,0,2,0,2,0,0,0,0,0,0,0,2,0,2,0,0,0,2
02/23/2019,FTG,CO,ANM,WE,Federal Contract Tower,0,0,10,0,10,0,0,55,0,55,0,0,65,0,65,24,0,24,89
02/24/2019,FTG,CO,ANM,WE,Federal Contract Tower,0,0,21,0,21,0,0,90,0,90,0,0,111,0,111,97,0,97,208
02/25/2019,FTG,CO,ANM,WE,Federal Contract Tower,0,0,18,0,18,0,0,86,0,86,0,0,104,0,104,202,0,202,306
02/26/2019,FTG,CO,ANM,WE,Federal Contract Tower,0,4,15,0,19,0,3,61,0,64,0,7,76,0,83,80,0,80,163
02/27/2019,FTG,CO,ANM,WE,Federal Contract Tower,0,0,14,0,14,0,0,0,0,0,0,0,14,0,14,0,0,0,14
02/28/2019,FTG,CO,ANM,WE,Federal Contract Tower,0,0,26,0,26,0,0,136,0,136,0,0,162,0,162,122,0,122,284
03/01/2019,FTG,CO,ANM,WE,Federal Contract Tower,0,0,17,0,17,0,0,97,2,99,0,0,114,2,116,80,0,80,196
03/02/2019,FTG,CO,ANM,WE,Federal Contract Tower,0,0,4,0,4,0,0,0,0,0,0,0,4,0,4,0,0,0,4
03/03/2019,FTG,CO,ANM,WE,Federal Contract Tower,0,0,4,0,4,0,0,2,0,2,0,0,6,0,6,0,0,0,6
03/04/2019,FTG,CO,ANM,WE,Federal Contract Tower,0,0,13,0,13,0,0,43,0,43,0,0,56,0,56,68,0,68,124
03/05/2019,FTG,CO,ANM,WE,Federal Contract Tower,0,0,29,0,29,0,0,91,2,93,0,0,120,2,122,148,0,148,270
03/06/2019,FTG,CO,ANM,WE,Federal Contract Tower,0,0,22,0,22,0,0,116,0,116,0,0,138,0,138,190,0,190,328
03/07/2019,FTG,CO,ANM,WE,Federal Contract Tower,0,0,18,0,18,0,0,42,0,42,0,0,60,0,60,75,0,75,135
03/08/2019,FTG,CO,ANM,WE,Federal Contract Tower,0,0,19,0,19,0,0,94,0,94,0,0,113,0,113,222,0,222,335
03/09/2019,FTG,CO,ANM,WE,Federal Contract Tower,0,0,12,0,12,0,0,61,0,61,0,0,73,0,73,121,0,121,194
03/10/2019,FTG,CO,ANM,WE,Federal Contract Tower,0,0,33,0,33,0,0,82,0,82,0,0,115,0,115,32,0,32,147
03/11/2019,FTG,CO,ANM,WE,Federal Contract Tower,0,0,14,0,14,0,0,70,0,70,0,0,84,0,84,116,0,116,200
03/12/2019,FTG,CO,ANM,WE,Federal Contract Tower,0,0,31,0,31,0,0,123,6,129,0,0,154,6,160,176,0,176,336
03/13/2019,FTG,CO,ANM,WE,Federal Contract Tower,0,0,1,0,1,0,0,0,0,0,0,0,1,0,1,0,0,0,1
03/14/2019,FTG,CO,ANM,WE,Federal Contract Tower,0,0,4,0,4,0,0,3,0,3,0,0,7,0,7,0,0,0,7
03/15/2019,FTG,CO,ANM,WE,Federal Contract Tower,0,0,25,0,25,0,0,77,2,79,0,0,102,2,104,121,2,123,227
03/16/2019,FTG,CO,ANM,WE,Federal Contract Tower,0,0,39,0,39,0,0,184,0,184,0,0,223,0,223,74,0,74,297
03/17/2019,FTG,CO,ANM,WE,Federal Contract Tower,0,0,17,0,17,0,0,86,0,86,0,0,103,0,103,172,0,172,275
03/18/2019,FTG,CO,ANM,WE,Federal Contract Tower,0,0,42,0,42,0,0,96,8,104,0,0,138,8,146,206,4,210,356
03/19/2019,FTG,CO,ANM,WE,Federal Contract Tower,0,0,19,0,19,0,0,65,0,65,0,0,84,0,84,104,0,104,188
03/20/2019,FTG,CO,ANM,WE,Federal Contract Tower,0,0,17,0,17,0,0,113,2,115,0,0,130,2,132,222,0,222,354
03/21/2019,FTG,CO,ANM,WE,Federal Contract Tower,0,0,23,0,23,0,0,72,0,72,0,0,95,0,95,57,0,57,152
03/22/2019,FTG,CO,ANM,WE,Federal Contract Tower,0,0,16,0,16,0,0,57,0,57,0,0,73,0,73,132,0,132,205
03/23/2019,FTG,CO,ANM,WE,Federal Contract Tower,0,0,11,0,11,0,0,3,0,3,0,0,14,0,14,12,0,12,26
03/24/2019,FTG,CO,ANM,WE,Federal Contract Tower,0,2,26,0,28,0,0,113,0,113,0,2,139,0,141,120,0,120,261
03/25/2019,FTG,CO,ANM,WE,Federal Contract Tower,0,0,25,0,25,0,0,50,0,50,0,0,75,0,75,84,0,84,159
03/26/2019,FTG,CO,ANM,WE,Federal Contract Tower,0,0,24,0,24,0,0,119,12,131,0,0,143,12,155,178,0,178,333
03/27/2019,FTG,CO,ANM,WE,Federal Contract Tower,0,0,22,0,22,0,0,99,0,99,0,0,121,0,121,126,0,126,247
03/28/2019,FTG,CO,ANM,WE,Federal Contract Tower,0,0,27,0,27,0,0,94,4,98,0,0,121,4,125,132,0,132,257
03/29/2019,FTG,CO,ANM,WE,Federal Contract Tower,0,0,13,0,13,0,0,0,0,0,0,0,13,0,13,0,0,0,13
03/30/2019,FTG,CO,ANM,WE,Federal Contract Tower,0,0,12,0,12,0,0,41,0,41,0,0,53,0,53,130,0,130,183
03/31/2019,FTG,CO,ANM,WE,Federal Contract Tower,0,0,35,0,35,0,0,119,2,121,0,0,154,2,156,76,0,76,232
04/01/2019,FTG,CO,ANM,WE,Federal Contract Tower,0,0,21,0,21,0,0,88,2,90,0,0,109,2,111,58,0,58,169
04/02/2019,FTG,CO,ANM,WE,Federal Contract Tower,0,0,16,0,16,0,0,93,2,95,0,0,109,2,111,136,0,136,247
04/03/2019,FTG,CO,ANM,WE,Federal Contract Tower,0,0,22,0,22,0,0,70,8,78,0,0,92,8,100,76,2,78,178
04/04/2019,FTG,CO,ANM,WE,Federal Contract Tower,0,0,32,0,32,0,0,117,7,124,0,0,149,7,156,158,0,158,314
04/05/2019,FTG,CO,ANM,WE,Federal Contract Tower,0,0,35,0,35,0,0,111,2,113,0,0,146,2,148,162,0,162,310
04/06/2019,FTG,CO,ANM,WE,Federal Contract Tower,0,0,9,0,9,0,0,127,0,127,0,0,136,0,136,128,0,128,264
04/07/2019,FTG,CO,ANM,WE,Federal Contract Tower,0,0,20,0,20,0,0,119,0,119,0,0,139,0,139,184,0,184,323
04/08/2019,FTG,CO,ANM,WE,Federal Contract Tower,0,0,29,0,29,0,0,112,4,116,0,0,141,4,145,218,0,218,363
04/09/2019,FTG,CO,ANM,WE,Federal Contract Tower,0,0,18,0,18,0,0,88,8,96,0,0,106,8,114,124,2,126,240
04/10/2019,FTG,CO,ANM,WE,Federal Contract Tower,0,0,5,0,5,0,0,0,0,0,0,0,5,0,5,0,0,0,5
04/11/2019,FTG,CO,ANM,WE,Federal Contract Tower,0,0,9,0,9,0,0,23,0,23,0,0,32,0,32,18,0,18,50
04/12/2019,FTG,CO,ANM,WE,Federal Contract Tower,0,0,16,0,16,0,0,60,0,60,0,0,76,0,76,156,0,156,232
04/13/2019,FTG,CO,ANM,WE,Federal Contract Tower,0,0,3,0,3,0,0,44,0,44,0,0,47,0,47,122,0,122,169
04/14/2019,FTG,CO,ANM,WE,Federal Contract Tower,0,0,23,0,23,0,0,109,0,109,0,0,132,0,132,104,0,104,236
04/15/2019,FTG,CO,ANM,WE,Federal Contract Tower,0,0,32,0,32,0,0,122,7,129,0,0,154,7,161,184,6,190,351
04/16/2019,FTG,CO,ANM,WE,Federal Contract Tower,0,0,19,1,20,0,0,115,2,117,0,0,134,3,137,123,4,127,264
04/17/2019,FTG,CO,ANM,WE,Federal Contract Tower,0,0,22,0,22,0,0,78,0,78,0,0,100,0,100,108,0,108,208
04/18/2019,FTG,CO,ANM,WE,Federal Contract Tower,0,0,5,0,5,0,0,29,0,29,0,0,34,0,34,32,0,32,66
04/19/2019,FTG,CO,ANM,WE,Federal Contract Tower,0,0,27,0,27,0,0,149,2,151,0,0,176,2,178,276,10,286,464
04/20/2019,FTG,CO,ANM,WE,Federal Contract Tower,0,0,18,0,18,0,0,118,0,118,0,0,136,0,136,170,0,170,306
04/21/2019,FTG,CO,ANM,WE,Federal Contract Tower,0,0,13,0,13,0,0,52,0,52,0,0,65,0,65,92,0,92,157
04/22/2019,FTG,CO,ANM,WE,Federal Contract Tower,0,0,11,0,11,0,0,7,0,7,0,0,18,0,18,0,0,0,18
04/23/2019,FTG,CO,ANM,WE,Federal Contract Tower,0,0,23,6,29,0,0,103,0,103,0,0,126,6,132,214,0,214,346
04/24/2019,FTG,CO,ANM,WE,Federal Contract Tower,0,1,24,0,25,0,0,126,4,130,0,1,150,4,155,224,14,238,393
04/25/2019,FTG,CO,ANM,WE,Federal Contract Tower,0,0,15,0,15,0,0,95,4,99,0,0,110,4,114,140,8,148,262
04/26/2019,FTG,CO,ANM,WE,Federal Contract Tower,0,0,21,0,21,0,0,123,2,125,0,0,144,2,146,208,0,208,354
04/27/2019,FTG,CO,ANM,WE,Federal Contract Tower,0,0,10,0,10,0,0,198,0,198,0,0,208,0,208,166,0,166,374
04/28/2019,FTG,CO,ANM,WE,Federal Contract Tower,0,0,6,0,6,0,0,31,0,31,0,0,37,0,37,38,0,38,75
04/29/2019,FTG,CO,ANM,WE,Federal Contract Tower,0,0,14,0,14,0,0,66,0,66,0,0,80,0,80,42,0,42,122
04/30/2019,FTG,CO,ANM,WE,Federal Contract Tower,0,0,13,0,13,0,0,0,0,0,0,0,13,0,13,0,0,0,13
05/01/2019,FTG,CO,ANM,WE,Federal Contract Tower,0,0,10,0,10,0,0,17,0,17,0,0,27,0,27,12,0,12,39
05/02/2019,FTG,CO,ANM,WE,Federal Contract Tower,0,0,40,0,40,0,1,83,0,84,0,1,123,0,124,200,0,200,324
05/03/2019,FTG,CO,ANM,WE,Federal Contract Tower,0,0,25,0,25,0,0,16,0,16,0,0,41,0,41,208,0,208,249
05/04/2019,FTG,CO,ANM,WE,Federal Contract Tower,0,0,24,4,28,0,0,100,2,102,0,0,124,6,130,226,10,236,366
05/05/2019,FTG,CO,ANM,WE,Federal Contract Tower,0,0,11,0,11,0,0,107,1,108,0,0,118,1,119,126,0,126,245
05/06/2019,FTG,CO,ANM,WE,Federal Contract Tower,0,0,10,0,10,0,0,39,4,43,0,0,49,4,53,50,8,58,111
05/07/2019,FTG,CO,ANM,WE,Federal Contract Tower,0,0,5,0,5,0,0,10,0,10,0,0,15,0,15,0,0,0,15
05/08/2019,FTG,CO,ANM,WE,Federal Contract Tower,0,0,8,0,8,0,0,0,0,0,0,0,8,0,8,0,0,0,8
05/09/2019,FTG,CO,ANM,WE,Federal Contract Tower,0,0,3,0,3,0,0,2,0,2,0,0,5,0,5,16,0,16,21
05/10/2019,FTG,CO,ANM,WE,Federal Contract Tower,0,0,29,0,29,0,0,76,0,76,0,0,105,0,105,228,0,228,333
05/11/2019,FTG,CO,ANM,WE,Federal Contract Tower,0,0,13,0,13,0,0,118,0,118,0,0,131,0,131,168,0,168,299
05/12/2019,FTG,CO,ANM,WE,Federal Contract Tower,0,0,16,0,16,0,0,81,2,83,0,0,97,2,99,59,0,59,158
05/13/2019,FTG,CO,ANM,WE,Federal Contract Tower,0,0,33,0,33,0,0,94,0,94,0,0,127,0,127,138,0,138,265
05/14/2019,FTG,CO,ANM,WE,Federal Contract Tower,0,0,21,0,21,0,0,88,2,90,0,0,109,2,111,144,4,148,259
05/15/2019,FTG,CO,ANM,WE,Federal Contract Tower,0,0,28,0,28,0,2,103,0,105,0,2,131,0,133,196,0,196,329
05/16/2019,FTG,CO,ANM,WE,Federal Contract Tower,0,0,20,0,20,0,0,95,2,97,0,0,115,2,117,212,0,212,329
05/17/2019,FTG,CO,ANM,WE,Federal Contract Tower,0,0,16,0,16,0,0,61,0,61,0,0,77,0,77,88,0,88,165
05/18/2019,FTG,CO,ANM,WE,Federal Contract Tower,0,0,6,0,6,0,0,50,0,50,0,0,56,0,56,22,4,26,82
05/19/2019,FTG,CO,ANM,WE,Federal Contract Tower,0,0,7,0,7,0,0,55,2,57,0,0,62,2,64,132,10,142,206
05/20/2019,FTG,CO,ANM,WE,Federal Contract Tower,0,0,8,0,8,0,0,0,0,0,0,0,8,0,8,0,0,0,8
05/21/2019,FTG,CO,ANM,WE,Federal Contract Tower,0,0,4,0,4,0,0,0,0,0,0,0,4,0,4,0,0,0,4
05/22/2019,FTG,CO,ANM,WE,Federal Contract Tower,0,0,31,0,31,0,0,129,2,131,0,0,160,2,162,120,2,122,284
05/23/2019,FTG,CO,ANM,WE,Federal Contract Tower,0,0,11,0,11,0,0,22,0,22,0,0,33,0,33,40,0,40,73
05/24/2019,FTG,CO,ANM,WE,Federal Contract Tower,0,0,23,0,23,0,0,94,0,94,0,0,117,0,117,114,0,114,231
05/25/2019,FTG,CO,ANM,WE,Federal Contract Tower,0,0,7,0,7,0,0,151,0,151,0,0,158,0,158,96,0,96,254
05/26/2019,FTG,CO,ANM,WE,Federal Contract Tower,0,0,16,0,16,0,0,33,0,33,0,0,49,0,49,100,0,100,149
05/27/2019,FTG,CO,ANM,WE,Federal Contract Tower,0,0,30,0,30,0,0,46,0,46,0,0,76,0,76,61,0,61,137
05/28/2019,FTG,CO,ANM,WE,Federal Contract Tower,0,0,9,0,9,0,0,16,0,16,0,0,25,0,25,62,0,62,87
05/29/2019,FTG,CO,ANM,WE,Federal Contract Tower,0,0,32,0,32,0,0,81,0,81,0,0,113,0,113,176,0,176,289
05/30/2019,FTG,CO,ANM,WE,Federal Contract Tower,0,0,31,0,31,0,0,128,0,128,0,0,159,0,159,198,0,198,357
05/31/2019,FTG,CO,ANM,WE,Federal Contract Tower,0,0,17,0,17,0,0,103,0,103,0,0,120,0,120,136,0,136,256
06/01/2019,FTG,CO,ANM,WE,Federal Contract Tower,0,0,11,0,11,0,0,69,0,69,0,0,80,0,80,104,0,104,184
06/02/2019,FTG,CO,ANM,WE,Federal Contract Tower,0,0,16,0,16,0,0,71,0,71,0,0,87,0,87,102,0,102,189
06/03/2019,FTG,CO,ANM,WE,Federal Contract Tower,0,0,10,0,10,0,0,85,0,85,0,0,95,0,95,106,0,106,201
06/04/2019,FTG,CO,ANM,WE,Federal Contract Tower,0,0,13,0,13,0,0,67,0,67,0,0,80,0,80,107,0,107,187
06/05/2019,FTG,CO,ANM,WE,Federal Contract Tower,0,0,14,0,14,0,0,80,0,80,0,0,94,0,94,222,0,222,316
06/06/2019,FTG,CO,ANM,WE,Federal Contract Tower,0,0,18,0,18,0,0,87,9,96,0,0,105,9,114,142,6,148,262
06/07/2019,FTG,CO,ANM,WE,Federal Contract Tower,0,0,15,0,15,0,0,59,0,59,0,0,74,0,74,108,0,108,182
06/08/2019,FTG,CO,ANM,WE,Federal Contract Tower,0,0,17,0,17,0,0,71,0,71,0,0,88,0,88,113,0,113,201
06/09/2019,FTG,CO,ANM,WE,Federal Contract Tower,0,0,11,0,11,0,0,81,0,81,0,0,92,0,92,106,0,106,198
06/10/2019,FTG,CO,ANM,WE,Federal Contract Tower,0,0,15,0,15,0,0,57,4,61,0,0,72,4,76,60,0,60,136
06/11/2019,FTG,CO,ANM,WE,Federal Contract Tower,0,0,8,0,8,0,0,77,0,77,0,0,85,0,85,96,0,96,181
06/12/2019,FTG,CO,ANM,WE,Federal Contract Tower,0,0,25,4,29,0,0,111,0,111,0,0,136,4,140,198,0,198,338
06/13/2019,FTG,CO,ANM,WE,Federal Contract Tower,0,0,25,0,25,0,0,92,0,92,0,0,117,0,117,238,0,238,355
06/14/2019,FTG,CO,ANM,WE,Federal Contract Tower,0,0,20,0,20,0,0,75,0,75,0,0,95,0,95,94,0,94,189
06/15/2019,FTG,CO,ANM,WE,Federal Contract Tower,0,0,17,0,17,0,0,75,0,75,0,0,92,0,92,72,0,72,164
06/16/2019,FTG,CO,ANM,WE,Federal Contract Tower,0,2,19,0,21,0,0,77,0,77,0,2,96,0,98,132,0,132,230
06/17/2019,FTG,CO,ANM,WE,Federal Contract Tower,0,0,23,0,23,0,0,36,0,36,0,0,59,0,59,36,0,36,95
06/18/2019,FTG,CO,ANM,WE,Federal Contract Tower,0,0,22,0,22,0,0,6,0,6,0,0,28,0,28,57,0,57,85
06/19/2019,FTG,CO,ANM,WE,Federal Contract Tower,0,0,27,0,27,0,0,112,6,118,0,0,139,6,145,154,6,160,305
06/20/2019,FTG,CO,ANM,WE,Federal Contract Tower,0,0,18,0,18,0,0,74,0,74,0,0,92,0,92,138,0,138,230
06/21/2019,FTG,CO,ANM,WE,Federal Contract Tower,0,0,10,0,10,0,0,38,0,38,0,0,48,0,48,95,6,101,149
06/22/2019,FTG,CO,ANM,WE,Federal Contract Tower,0,0,11,0,11,0,0,22,0,22,0,0,33,0,33,26,0,26,59
06/23/2019,FTG,CO,ANM,WE,Federal Contract Tower,0,4,12,0,16,0,4,46,0,50,0,8,58,0,66,28,0,28,94
06/24/2019,FTG,CO,ANM,WE,Federal Contract Tower,0,1,24,0,25,0,0,86,2,88,0,1,110,2,113,170,0,170,283
06/25/2019,FTG,CO,ANM,WE,Federal Contract Tower,0,0,17,0,17,0,0,73,4,77,0,0,90,4,94,94,6,100,194
06/26/2019,FTG,CO,ANM,WE,Federal Contract Tower,0,0,24,0,24,0,0,92,1,93,0,0,116,1,117,172,4,176,293
06/27/2019,FTG,CO,ANM,WE,Federal Contract Tower,0,0,29,2,31,0,0,99,0,99,0,0,128,2,130,116,0,116,246
06/28/2019,FTG,CO,ANM,WE,Federal Contract Tower,0,0,27,0,27,0,0,105,2,107,0,0,132,2,134,96,2,98,232
06/29/2019,FTG,CO,ANM,WE,Federal Contract Tower,0,0,12,0,12,0,0,148,3,151,0,0,160,3,163,28,4,32,195
06/30/2019,FTG,CO,ANM,WE,Federal Contract Tower,0,0,14,0,14,0,0,78,2,80,0,0,92,2,94,134,0,134,228
07/01/2019,FTG,CO,ANM,WE,Federal Contract Tower,0,0,21,0,21,0,0,64,4,68,0,0,85,4,89,68,6,74,163
07/02/2019,FTG,CO,ANM,WE,Federal Contract Tower,0,0,11,0,11,0,0,75,3,78,0,0,86,3,89,75,8,83,172
07/03/2019,FTG,CO,ANM,WE,Federal Contract Tower,0,0,19,0,19,0,0,79,0,79,0,0,98,0,98,91,0,91,189
07/04/2019,FTG,CO,ANM,WE,Federal Contract Tower,0,0,13,0,13,0,0,38,2,40,0,0,51,2,53,74,0,74,127
07/05/2019,FTG,CO,ANM,WE,Federal Contract Tower,0,0,17,0,17,0,0,22,0,22,0,0,39,0,39,66,0,66,105
07/06/2019,FTG,CO,ANM,WE,Federal Contract Tower,0,1,0,13,14,0,0,57,0,57,0,1,57,13,71,64,0,64,135
07/07/2019,FTG,CO,ANM,WE,Federal Contract Tower,0,0,31,0,31,0,0,88,0,88,0,0,119,0,119,102,0,102,221
07/08/2019,FTG,CO,ANM,WE,Federal Contract Tower,0,0,15,0,15,0,0,57,0,57,0,0,72,0,72,97,0,97,169
07/09/2019,FTG,CO,ANM,WE,Federal Contract Tower,0,0,24,0,24,0,0,102,1,103,0,0,126,1,127,170,0,170,297
07/10/2019,FTG,CO,ANM,WE,Federal Contract Tower,0,0,13,0,13,0,0,91,2,93,0,0,104,2,106,162,6,168,274
07/11/2019,FTG,CO,ANM,WE,Federal Contract Tower,0,0,25,0,25,0,0,111,0,111,0,0,136,0,136,189,0,189,325
07/12/2019,FTG,CO,ANM,WE,Federal Contract Tower,0,0,18,0,18,0,0,81,0,81,0,0,99,0,99,148,0,148,247
07/13/2019,FTG,CO,ANM,WE,Federal Contract Tower,0,0,11,0,11,0,0,83,2,85,0,0,94,2,96,168,9,177,273
07/14/2019,FTG,CO,ANM,WE,Federal Contract Tower,0,0,7,0,7,0,0,78,0,78,0,0,85,0,85,100,8,108,193
07/15/2019,FTG,CO,ANM,WE,Federal Contract Tower,0,0,18,0,18,0,0,84,0,84,0,0,102,0,102,150,0,150,252
07/16/2019,FTG,CO,ANM,WE,Federal Contract Tower,0,0,14,0,14,0,0,85,0,85,0,0,99,0,99,206,0,206,305
07/17/2019,FTG,CO,ANM,WE,Federal Contract Tower,0,0,16,0,16,0,0,62,3,65,0,0,78,3,81,163,3,166,247
07/18/2019,FTG,CO,ANM,WE,Federal Contract Tower,0,0,29,2,31,0,0,117,0,117,0,0,146,2,148,256,0,256,404
07/19/2019,FTG,CO,ANM,WE,Federal Contract Tower,0,0,27,0,27,0,0,89,0,89,0,0,116,0,116,192,0,192,308
07/20/2019,FTG,CO,ANM,WE,Federal Contract Tower,0,0,12,0,12,0,0,62,0,62,0,0,74,0,74,50,0,50,124
07/21/2019,FTG,CO,ANM,WE,Federal Contract Tower,0,0,17,0,17,0,0,63,1,64,0,0,80,1,81,85,0,85,166
07/22/2019,FTG,CO,ANM,WE,Federal Contract Tower,0,0,5,0,5,0,0,53,0,53,0,0,58,0,58,86,0,86,144
07/23/2019,FTG,CO,ANM,WE,Federal Contract Tower,0,0,14,0,14,0,0,78,2,80,0,0,92,2,94,330,6,336,430
07/24/2019,FTG,CO,ANM,WE,Federal Contract Tower,0,0,7,0,7,0,0,54,0,54,0,0,61,0,61,78,0,78,139
07/25/2019,FTG,CO,ANM,WE,Federal Contract Tower,0,0,14,0,14,0,0,64,2,66,0,0,78,2,80,106,0,106,186
07/26/2019,FTG,CO,ANM,WE,Federal Contract Tower,0,0,21,0,21,0,0,108,0,108,0,0,129,0,129,134,0,134,263
07/27/2019,FTG,CO,ANM,WE,Federal Contract Tower,0,0,4,0,4,0,0,105,0,105,0,0,109,0,109,27,0,27,136
07/28/2019,FTG,CO,ANM,WE,Federal Contract Tower,0,0,10,0,10,0,0,65,0,65,0,0,75,0,75,64,0,64,139
07/29/2019,FTG,CO,ANM,WE,Federal Contract Tower,0,0,9,0,9,0,0,71,0,71,0,0,80,0,80,164,0,164,244
07/30/2019,FTG,CO,ANM,WE,Federal Contract Tower,0,0,15,0,15,0,0,58,1,59,0,0,73,1,74,138,8,146,220
07/31/2019,FTG,CO,ANM,WE,Federal Contract Tower,0,0,23,0,23,0,1,60,2,63,0,1,83,2,86,124,0,124,210
08/01/2019,FTG,CO,ANM,WE,Federal Contract Tower,0,0,19,0,19,0,1,34,10,45,0,1,53,10,64,162,8,170,234
08/02/2019,FTG,CO,ANM,WE,Federal Contract Tower,0,0,19,0,19,0,0,77,6,83,0,0,96,6,102,147,16,163,265
08/03/2019,FTG,CO,ANM,WE,Federal Contract Tower,0,0,15,0,15,0,0,189,1,190,0,0,204,1,205,66,0,66,271
08/04/2019,FTG,CO,ANM,WE,Federal Contract Tower,0,0,19,0,19,0,0,68,0,68,0,0,87,0,87,107,0,107,194
08/05/2019,FTG,CO,ANM,WE,Federal Contract Tower,0,10,0,0,10,0,50,0,0,50,0,60,0,0,60,80,0,80,140
08/06/2019,FTG,CO,ANM,WE,Federal Contract Tower,0,2,19,0,21,0,0,60,0,60,0,2,79,0,81,81,0,81,162
08/07/2019,FTG,CO,ANM,WE,Federal Contract Tower,0,0,11,0,11,0,0,75,0,75,0,0,86,0,86,108,0,108,194
08/08/2019,FTG,CO,ANM,WE,Federal Contract Tower,0,0,21,0,21,0,0,53,0,53,0,0,74,0,74,168,0,168,242
08/09/2019,FTG,CO,ANM,WE,Federal Contract Tower,0,0,27,0,27,0,0,115,2,117,0,0,142,2,144,210,0,210,354
08/10/2019,FTG,CO,ANM,WE,Federal Contract Tower,0,0,6,0,6,0,0,103,0,103,0,0,109,0,109,133,0,133,242
08/11/2019,FTG,CO,ANM,WE,Federal Contract Tower,0,0,7,0,7,0,1,80,0,81,0,1,87,0,88,195,0,195,283
08/12/2019,FTG,CO,ANM,WE,Federal Contract Tower,0,0,25,0,25,0,1,78,0,79,0,1,103,0,104,128,0,128,232
08/13/2019,FTG,CO,ANM,WE,Federal Contract Tower,0,0,22,0,22,0,0,77,2,79,0,0,99,2,101,161,0,161,262
08/14/2019,FTG,CO,ANM,WE,Federal Contract Tower,0,0,19,0,19,0,0,77,0,77,0,0,96,0,96,110,0,110,206
08/15/2019,FTG,CO,ANM,WE,Federal Contract Tower,0,0,24,0,24,0,0,84,3,87,0,0,108,3,111,186,4,190,301
08/16/2019,FTG,CO,ANM,WE,Federal Contract Tower,0,0,14,0,14,0,0,62,0,62,0,0,76,0,76,146,0,146,222
08/17/2019,FTG,CO,ANM,WE,Federal Contract Tower,0,0,10,0,10,0,1,101,0,102,0,1,111,0,112,85,0,85,197
08/18/2019,FTG,CO,ANM,WE,Federal Contract Tower,0,0,18,0,18,0,0,51,0,51,0,0,69,0,69,95,0,95,164
08/19/2019,FTG,CO,ANM,WE,Federal Contract Tower,0,0,18,0,18,0,0,96,0,96,0,0,114,0,114,202,0,202,316
08/20/2019,FTG,CO,ANM,WE,Federal Contract Tower,0,0,12,0,12,0,0,68,2,70,0,0,80,2,82,100,0,100,182
08/21/2019,FTG,CO,ANM,WE,Federal Contract Tower,0,0,28,0,28,0,0,87,0,87,0,0,115,0,115,96,0,96,211
08/22/2019,FTG,CO,ANM,WE,Federal Contract Tower,0,0,20,0,20,0,0,54,0,54,0,0,74,0,74,132,0,132,206
08/23/2019,FTG,CO,ANM,WE,Federal Contract Tower,0,0,15,0,15,0,0,104,0,104,0,0,119,0,119,130,0,130,249
08/24/2019,FTG,CO,ANM,WE,Federal Contract Tower,0,0,10,0,10,0,0,182,2,184,0,0,192,2,194,58,0,58,252
08/25/2019,FTG,CO,ANM,WE,Federal Contract Tower,0,0,13,0,13,0,0,56,0,56,0,0,69,0,69,62,0,62,131
08/26/2019,FTG,CO,ANM,WE,Federal Contract Tower,0,0,24,0,24,0,0,56,1,57,0,0,80,1,81,68,0,68,149
08/27/2019,FTG,CO,ANM,WE,Federal Contract Tower,0,0,24,0,24,0,0,62,2,64,0,0,86,2,88,67,2,69,157
08/28/2019,FTG,CO,ANM,WE,Federal Contract Tower,0,0,17,0,17,0,0,80,0,80,0,0,97,0,97,162,0,162,259
08/29/2019,FTG,CO,ANM,WE,Federal Contract Tower,0,0,11,0,11,0,0,85,0,85,0,0,96,0,96,98,0,98,194
08/30/2019,FTG,CO,ANM,WE,Federal Contract Tower,0,0,27,0,27,0,0,48,0,48,0,0,75,0,75,110,0,110,185
08/31/2019,FTG,CO,ANM,WE,Federal Contract Tower,0,0,10,0,10,0,0,81,0,81,0,0,91,0,91,69,0,69,160
09/01/2019,FTG,CO,ANM,WE,Federal Contract Tower,0,0,7,0,7,0,0,72,0,72,0,0,79,0,79,87,0,87,166
09/02/2019,FTG,CO,ANM,WE,Federal Contract Tower,0,0,16,0,16,0,2,77,0,79,0,2,93,0,95,96,0,96,191
09/03/2019,FTG,CO,ANM,WE,Federal Contract Tower,0,0,11,0,11,0,2,44,0,46,0,2,55,0,57,62,0,62,119
09/04/2019,FTG,CO,ANM,WE,Federal Contract Tower,0,0,18,0,18,0,0,52,0,52,0,0,70,0,70,122,7,129,199
09/05/2019,FTG,CO,ANM,WE,Federal Contract Tower,0,0,21,1,22,0,0,68,0,68,0,0,89,1,90,88,50,138,228
09/06/2019,FTG,CO,ANM,WE,Federal Contract Tower,0,0,16,0,16,0,0,18,12,30,0,0,34,12,46,22,0,22,68
09/07/2019,FTG,CO,ANM,WE,Federal Contract Tower,0,0,10,0,10,0,0,125,4,129,0,0,135,4,139,184,46,230,369
09/08/2019,FTG,CO,ANM,WE,Federal Contract Tower,0,0,12,0,12,0,2,76,0,78,0,2,88,0,90,155,0,155,245
09/09/2019,FTG,CO,ANM,WE,Federal Contract Tower,0,0,25,0,25,0,0,48,0,48,0,0,73,0,73,57,0,57,130
09/10/2019,FTG,CO,ANM,WE,Federal Contract Tower,0,0,13,0,13,0,0,77,8,85,0,0,90,8,98,254,11,265,363
09/11/2019,FTG,CO,ANM,WE,Federal Contract Tower,0,2,17,0,19,0,0,84,4,88,0,2,101,4,107,106,20,126,233
09/12/2019,FTG,CO,ANM,WE,Federal Contract Tower,0,0,45,0,45,0,0,145,3,148,0,0,190,3,193,184,7,191,384
09/13/2019,FTG,CO,ANM,WE,Federal Contract Tower,0,0,23,0,23,0,0,98,2,100,0,0,121,2,123,106,6,112,235
09/14/2019,FTG,CO,ANM,WE,Federal Contract Tower,0,0,9,0,9,0,0,132,0,132,0,0,141,0,141,147,0,147,288
09/15/2019,FTG,CO,ANM,WE,Federal Contract Tower,0,0,19,0,19,0,0,66,0,66,0,0,85,0,85,40,0,40,125
09/16/2019,FTG,CO,ANM,WE,Federal Contract Tower,0,0,20,0,20,0,0,69,0,69,0,0,89,0,89,169,0,169,258
09/17/2019,FTG,CO,ANM,WE,Federal Contract Tower,0,0,17,0,17,0,0,54,0,54,0,0,71,0,71,77,0,77,148
09/18/2019,FTG,CO,ANM,WE,Federal Contract Tower,0,0,7,0,7,0,2,52,3,57,0,2,59,3,64,114,14,128,192
09/19/2019,FTG,CO,ANM,WE,Federal Contract Tower,0,0,21,0,21,0,0,73,4,77,0,0,94,4,98,232,0,232,330
09/20/2019,FTG,CO,ANM,WE,Federal Contract Tower,0,0,11,0,11,0,0,35,0,35,0,0,46,0,46,44,0,44,90
09/22/2019,FTG,CO,ANM,WE,Federal Contract Tower,0,0,23,0,23,0,0,120,0,120,0,0,143,0,143,61,0,61,204
09/23/2019,FTG,CO,ANM,WE,Federal Contract Tower,0,0,18,0,18,0,0,77,0,77,0,0,95,0,95,62,0,62,157
09/24/2019,FTG,CO,ANM,WE,Federal Contract Tower,0,0,26,0,26,0,0,83,2,85,0,0,109,2,111,110,0,110,221
09/25/2019,FTG,CO,ANM,WE,Federal Contract Tower,0,0,16,0,16,0,0,84,5,89,0,0,100,5,105,182,2,184,289
09/26/2019,FTG,CO,ANM,WE,Federal Contract Tower,0,0,31,0,31,0,0,86,3,89,0,0,117,3,120,272,0,272,392
09/27/2019,FTG,CO,ANM,WE,Federal Contract Tower,0,0,21,0,21,0,0,126,0,126,0,0,147,0,147,218,0,218,365
09/28/2019,FTG,CO,ANM,WE,Federal Contract Tower,0,0,8,0,8,0,0,20,0,20,0,0,28,0,28,13,0,13,41
09/29/2019,FTG,CO,ANM,WE,Federal Contract Tower,0,0,2,0,2,0,0,27,0,27,0,0,29,0,29,16,0,16,45
09/30/2019,FTG,CO,ANM,WE,Federal Contract Tower,0,0,15,0,15,0,0,77,0,77,0,0,92,0,92,90,0,90,182
10/01/2019,FTG,CO,ANM,WE,Federal Contract Tower,0,0,14,0,14,0,0,6,0,6,0,0,20,0,20,0,0,0,20
10/02/2019,FTG,CO,ANM,WE,Federal Contract Tower,0,0,31,0,31,0,0,62,4,66,0,0,93,4,97,187,0,187,284
10/03/2019,FTG,CO,ANM,WE,Federal Contract Tower,0,0,20,0,20,0,0,67,4,71,0,0,87,4,91,104,22,126,217
10/04/2019,FTG,CO,ANM,WE,Federal Contract Tower,0,0,11,0,11,0,0,77,0,77,0,0,88,0,88,144,0,144,232
10/05/2019,FTG,CO,ANM,WE,Federal Contract Tower,0,0,4,0,4,0,0,143,0,143,0,0,147,0,147,98,0,98,245
10/06/2019,FTG,CO,ANM,WE,Federal Contract Tower,0,0,12,0,12,0,93,0,0,93,0,93,12,0,105,182,0,182,287
10/07/2019,FTG,CO,ANM,WE,Federal Contract Tower,0,0,12,0,12,0,0,119,0,119,0,0,131,0,131,310,0,310,441
10/08/2019,FTG,CO,ANM,WE,Federal Contract Tower,0,0,20,0,20,0,0,97,0,97,0,0,117,0,117,172,0,172,289
10/09/2019,FTG,CO,ANM,WE,Federal Contract Tower,0,0,19,0,19,0,0,65,0,65,0,0,84,0,84,162,0,162,246
10/10/2019,FTG,CO,ANM,WE,Federal Contract Tower,0,0,3,0,3,0,0,0,0,0,0,0,3,0,3,0,0,0,3
10/11/2019,FTG,CO,ANM,WE,Federal Contract Tower,0,0,23,0,23,0,0,78,0,78,0,0,101,0,101,96,0,96,197
10/12/2019,FTG,CO,ANM,WE,Federal Contract Tower,0,0,22,0,22,0,0,108,0,108,0,0,130,0,130,142,0,142,272
10/13/2019,FTG,CO,ANM,WE,Federal Contract Tower,0,0,22,0,22,0,0,103,0,103,0,0,125,0,125,121,0,121,246
10/14/2019,FTG,CO,ANM,WE,Federal Contract Tower,0,0,23,0,23,0,0,67,2,69,0,0,90,2,92,108,8,116,208
10/15/2019,FTG,CO,ANM,WE,Federal Contract Tower,0,0,19,0,19,0,0,95,2,97,0,0,114,2,116,140,0,140,256
10/16/2019,FTG,CO,ANM,WE,Federal Contract Tower,0,0,25,0,25,0,95,0,4,99,0,95,25,4,124,132,18,150,274
10/17/2019,FTG,CO,ANM,WE,Federal Contract Tower,0,0,25,0,25,0,0,101,0,101,0,0,126,0,126,176,0,176,302
10/18/2019,FTG,CO,ANM,WE,Federal Contract Tower,0,0,12,0,12,0,0,0,0,0,0,0,12,0,12,40,2,42,54
10/19/2019,FTG,CO,ANM,WE,Federal Contract Tower,0,0,19,0,19,0,0,144,0,144,0,0,163,0,163,226,0,226,389
10/20/2019,FTG,CO,ANM,WE,Federal Contract Tower,0,0,8,0,8,0,0,3,0,3,0,0,11,0,11,0,0,0,11
10/21/2019,FTG,CO,ANM,WE,Federal Contract Tower,0,0,11,0,11,0,0,25,0,25,0,0,36,0,36,22,0,22,58
10/22/2019,FTG,CO,ANM,WE,Federal Contract Tower,0,0,18,0,18,0,0,79,4,83,0,0,97,4,101,70,0,70,171
10/23/2019,FTG,CO,ANM,WE,Federal Contract Tower,0,0,16,0,16,0,0,36,0,36,0,0,52,0,52,51,0,51,103
10/24/2019,FTG,CO,ANM,WE,Federal Contract Tower,0,0,18,0,18,0,0,38,2,40,0,0,56,2,58,134,20,154,212
10/25/2019,FTG,CO,ANM,WE,Federal Contract Tower,0,0,29,0,29,0,0,131,0,131,0,0,160,0,160,244,0,244,404
10/26/2019,FTG,CO,ANM,WE,Federal Contract Tower,0,0,13,0,13,0,1,218,0,219,0,1,231,0,232,65,0,65,297
10/27/2019,FTG,CO,ANM,WE,Federal Contract Tower,0,0,2,0,2,0,0,0,0,0,0,0,2,0,2,0,0,0,2
10/28/2019,FTG,CO,ANM,WE,Federal Contract Tower,0,0,4,0,4,0,0,19,0,19,0,0,23,0,23,5,0,5,28
10/29/2019,FTG,CO,ANM,WE,Federal Contract Tower,0,0,1,0,1,0,0,0,0,0,0,0,1,0,1,0,0,0,1
10/30/2019,FTG,CO,ANM,WE,Federal Contract Tower,0,0,4,0,4,0,0,22,0,22,0,0,26,0,26,24,0,24,50
10/31/2019,FTG,CO,ANM,WE,Federal Contract Tower,0,0,10,0,10,0,0,48,0,48,0,0,58,0,58,164,0,164,222
11/01/2019,FTG,CO,ANM,WE,Federal Contract Tower,0,0,35,0,35,0,0,116,0,116,0,0,151,0,151,158,0,158,309
11/02/2019,FTG,CO,ANM,WE,Federal Contract Tower,0,0,22,0,22,0,0,75,0,75,0,0,97,0,97,148,0,148,245
11/03/2019,FTG,CO,ANM,WE,Federal Contract Tower,0,0,22,0,22,0,0,111,0,111,0,0,133,0,133,194,0,194,327
11/04/2019,FTG,CO,ANM,WE,Federal Contract Tower,0,0,9,0,9,0,0,42,7,49,0,0,51,7,58,123,19,142,200
11/05/2019,FTG,CO,ANM,WE,Federal Contract Tower,0,2,16,0,18,0,0,76,6,82,0,2,92,6,100,130,2,132,232
11/06/2019,FTG,CO,ANM,WE,Federal Contract Tower,0,0,3,0,3,0,0,24,0,24,0,0,27,0,27,32,0,32,59
11/07/2019,FTG,CO,ANM,WE,Federal Contract Tower,0,0,42,0,42,0,0,67,0,67,0,0,109,0,109,162,0,162,271
11/08/2019,FTG,CO,ANM,WE,Federal Contract Tower,0,0,18,0,18,0,0,123,2,125,0,0,141,2,143,142,4,146,289
11/09/2019,FTG,CO,ANM,WE,Federal Contract Tower,0,0,18,0,18,0,0,142,0,142,0,0,160,0,160,236,0,236,396
11/10/2019,FTG,CO,ANM,WE,Federal Contract Tower,0,1,21,0,22,0,0,122,0,122,0,1,143,0,144,156,0,156,300
11/11/2019,FTG,CO,ANM,WE,Federal Contract Tower,0,0,7,0,7,0,0,6,0,6,0,0,13,0,13,23,0,23,36
11/12/2019,FTG,CO,ANM,WE,Federal Contract Tower,0,0,21,0,21,0,0,111,3,114,0,0,132,3,135,188,2,190,325
11/13/2019,FTG,CO,ANM,WE,Federal Contract Tower,0,0,6,0,6,0,66,0,0,66,0,66,6,0,72,88,0,88,160
11/14/2019,FTG,CO,ANM,WE,Federal Contract Tower,0,0,31,0,31,0,0,100,2,102,0,0,131,2,133,244,0,244,377
11/15/2019,FTG,CO,ANM,WE,Federal Contract Tower,0,0,21,0,21,0,0,104,2,106,0,0,125,2,127,238,8,246,373
11/16/2019,FTG,CO,ANM,WE,Federal Contract Tower,0,0,15,0,15,0,0,104,0,104,0,0,119,0,119,160,0,160,279
11/17/2019,FTG,CO,ANM,WE,Federal Contract Tower,0,0,15,0,15,0,0,102,0,102,0,0,117,0,117,208,0,208,325
11/18/2019,FTG,CO,ANM,WE,Federal Contract Tower,0,2,20,0,22,0,0,82,2,84,0,2,102,2,106,152,8,160,266
11/19/2019,FTG,CO,ANM,WE,Federal Contract Tower,0,0,20,0,20,0,0,117,0,117,0,0,137,0,137,173,0,173,310
11/20/2019,FTG,CO,ANM,WE,Federal Contract Tower,0,0,12,2,14,0,0,25,4,29,0,0,37,6,43,32,2,34,77
11/21/2019,FTG,CO,ANM,WE,Federal Contract Tower,0,0,4,0,4,0,0,0,0,0,0,0,4,0,4,0,0,0,4
11/22/2019,FTG,CO,ANM,WE,Federal Contract Tower,0,0,16,0,16,0,0,11,0,11,0,0,27,0,27,4,0,4,31
11/23/2019,FTG,CO,ANM,WE,Federal Contract Tower,0,0,18,0,18,0,0,168,0,168,0,0,186,0,186,166,0,166,352
11/24/2019,FTG,CO,ANM,WE,Federal Contract Tower,0,0,17,0,17,0,0,87,0,87,0,0,104,0,104,126,0,126,230
11/25/2019,FTG,CO,ANM,WE,Federal Contract Tower,0,0,8,0,8,0,0,62,2,64,0,0,70,2,72,110,0,110,182
11/26/2019,FTG,CO,ANM,WE,Federal Contract Tower,0,0,0,0,0,0,0,0,0,0,0,0,0,0,0,0,0,0,0
11/27/2019,FTG,CO,ANM,WE,Federal Contract Tower,0,0,13,0,13,0,0,15,0,15,0,0,28,0,28,28,0,28,56
11/28/2019,FTG,CO,ANM,WE,Federal Contract Tower,0,0,2,0,2,0,0,5,0,5,0,0,7,0,7,14,0,14,21
11/29/2019,FTG,CO,ANM,WE,Federal Contract Tower,0,0,1,0,1,0,0,0,0,0,0,0,1,0,1,0,0,0,1
11/30/2019,FTG,CO,ANM,WE,Federal Contract Tower,0,0,7,0,7,0,0,10,0,10,0,0,17,0,17,63,0,63,80
12/01/2019,FTG,CO,ANM,WE,Federal Contract Tower,0,0,25,0,25,0,0,86,0,86,0,0,111,0,111,136,0,136,247
12/02/2019,FTG,CO,ANM,WE,Federal Contract Tower,0,0,15,0,15,0,0,84,3,87,0,0,99,3,102,130,2,132,234
12/03/2019,FTG,CO,ANM,WE,Federal Contract Tower,0,0,30,0,30,0,0,89,4,93,0,0,119,4,123,118,0,118,241
12/04/2019,FTG,CO,ANM,WE,Federal Contract Tower,0,0,24,0,24,0,0,92,2,94,0,0,116,2,118,140,8,148,266
12/05/2019,FTG,CO,ANM,WE,Federal Contract Tower,0,0,5,0,5,0,0,4,0,4,0,0,9,0,9,18,0,18,27
12/06/2019,FTG,CO,ANM,WE,Federal Contract Tower,0,0,36,0,36,0,0,123,0,123,0,0,159,0,159,241,0,241,400
12/07/2019,FTG,CO,ANM,WE,Federal Contract Tower,0,0,23,0,23,0,0,137,0,137,0,0,160,0,160,134,0,134,294
12/08/2019,FTG,CO,ANM,WE,Federal Contract Tower,0,0,23,0,23,0,0,107,2,109,0,0,130,2,132,118,0,118,250
12/09/2019,FTG,CO,ANM,WE,Federal Contract Tower,0,0,14,0,14,0,0,47,2,49,0,0,61,2,63,156,4,160,223
12/10/2019,FTG,CO,ANM,WE,Federal Contract Tower,0,0,17,2,19,0,0,83,2,85,0,0,100,4,104,166,6,172,276
12/11/2019,FTG,CO,ANM,WE,Federal Contract Tower,0,0,22,2,24,0,0,107,16,123,0,0,129,18,147,218,20,238,385
12/12/2019,FTG,CO,ANM,WE,Federal Contract Tower,0,0,27,0,27,0,0,82,10,92,0,0,109,10,119,118,28,146,265
12/13/2019,FTG,CO,ANM,WE,Federal Contract Tower,0,0,6,0,6,0,0,51,2,53,0,0,57,2,59,60,2,62,121
12/14/2019,FTG,CO,ANM,WE,Federal Contract Tower,0,0,6,0,6,0,0,66,0,66,0,0,72,0,72,148,0,148,220
12/15/2019,FTG,CO,ANM,WE,Federal Contract Tower,0,0,13,0,13,0,0,51,0,51,0,0,64,0,64,76,0,76,140
12/16/2019,FTG,CO,ANM,WE,Federal Contract Tower,0,0,25,0,25,0,0,67,0,67,0,0,92,0,92,120,0,120,212
12/17/2019,FTG,CO,ANM,WE,Federal Contract Tower,0,0,24,0,24,0,0,104,0,104,0,0,128,0,128,153,0,153,281
12/18/2019,FTG,CO,ANM,WE,Federal Contract Tower,0,18,0,0,18,0,0,113,0,113,0,18,113,0,131,184,0,184,315
12/19/2019,FTG,CO,ANM,WE,Federal Contract Tower,0,0,26,0,26,0,0,99,0,99,0,0,125,0,125,218,0,218,343
12/20/2019,FTG,CO,ANM,WE,Federal Contract Tower,0,0,19,0,19,0,0,104,2,106,0,0,123,2,125,266,6,272,397
12/21/2019,FTG,CO,ANM,WE,Federal Contract Tower,0,0,18,0,18,0,0,130,2,132,0,0,148,2,150,206,0,206,356
12/22/2019,FTG,CO,ANM,WE,Federal Contract Tower,0,0,28,0,28,0,0,106,0,106,0,0,134,0,134,110,0,110,244
12/23/2019,FTG,CO,ANM,WE,Federal Contract Tower,0,0,31,0,31,0,0,77,0,77,0,0,108,0,108,109,0,109,217
12/24/2019,FTG,CO,ANM,WE,Federal Contract Tower,0,0,8,0,8,0,0,43,0,43,0,0,51,0,51,32,0,32,83
12/25/2019,FTG,CO,ANM,WE,Federal Contract Tower,0,0,3,0,3,0,0,11,0,11,0,0,14,0,14,4,0,4,18
12/26/2019,FTG,CO,ANM,WE,Federal Contract Tower,0,0,20,0,20,0,0,55,0,55,0,0,75,0,75,26,0,26,101
12/27/2019,FTG,CO,ANM,WE,Federal Contract Tower,0,0,3,0,3,0,0,22,0,22,0,0,25,0,25,170,0,170,195
12/28/2019,FTG,CO,ANM,WE,Federal Contract Tower,0,0,7,0,7,0,0,0,0,0,0,0,7,0,7,0,0,0,7
12/29/2019,FTG,CO,ANM,WE,Federal Contract Tower,0,0,7,0,7,0,0,8,0,8,0,0,15,0,15,28,0,28,43
12/30/2019,FTG,CO,ANM,WE,Federal Contract Tower,0,0,22,0,22,0,0,74,0,74,0,0,96,0,96,61,0,61,157
12/31/2019,FTG,CO,ANM,WE,Federal Contract Tower,0,0,21,0,21,0,0,85,0,85,0,0,106,0,106,84,0,84,190
01/01/2020,FTG,CO,ANM,WE,Federal Contract Tower,0,0,13,0,13,0,0,31,0,31,0,0,44,0,44,12,0,12,56
01/02/2020,FTG,CO,ANM,WE,Federal Contract Tower,0,0,10,0,10,0,0,57,0,57,0,0,67,0,67,108,0,108,175
01/03/2020,FTG,CO,ANM,WE,Federal Contract Tower,0,0,12,0,12,0,0,68,0,68,0,0,80,0,80,102,0,102,182
01/04/2020,FTG,CO,ANM,WE,Federal Contract Tower,0,0,19,0,19,0,0,119,0,119,0,0,138,0,138,234,0,234,372
01/05/2020,FTG,CO,ANM,WE,Federal Contract Tower,0,0,14,0,14,0,0,83,0,83,0,0,97,0,97,90,0,90,187
01/06/2020,FTG,CO,ANM,WE,Federal Contract Tower,0,0,9,0,9,0,0,12,0,12,0,0,21,0,21,16,0,16,37
01/07/2020,FTG,CO,ANM,WE,Federal Contract Tower,0,0,14,0,14,0,0,78,0,78,0,0,92,0,92,144,0,144,236
01/08/2020,FTG,CO,ANM,WE,Federal Contract Tower,0,0,7,0,7,0,0,45,2,47,0,0,52,2,54,112,0,112,166
01/09/2020,FTG,CO,ANM,WE,Federal Contract Tower,0,0,26,0,26,0,0,86,0,86,0,0,112,0,112,78,0,78,190
01/10/2020,FTG,CO,ANM,WE,Federal Contract Tower,0,0,10,0,10,0,0,59,0,59,0,0,69,0,69,60,0,60,129
01/11/2020,FTG,CO,ANM,WE,Federal Contract Tower,0,0,23,0,23,0,0,128,0,128,0,0,151,0,151,184,0,184,335
01/12/2020,FTG,CO,ANM,WE,Federal Contract Tower,0,0,13,0,13,0,0,85,0,85,0,0,98,0,98,113,0,113,211
01/13/2020,FTG,CO,ANM,WE,Federal Contract Tower,0,0,17,0,17,0,0,50,0,50,0,0,67,0,67,100,0,100,167
01/14/2020,FTG,CO,ANM,WE,Federal Contract Tower,0,0,11,0,11,0,0,48,0,48,0,0,59,0,59,72,0,72,131
01/15/2020,FTG,CO,ANM,WE,Federal Contract Tower,0,0,11,0,11,0,0,54,2,56,0,0,65,2,67,94,6,100,167
01/16/2020,FTG,CO,ANM,WE,Federal Contract Tower,0,0,15,0,15,0,0,62,0,62,0,0,77,0,77,186,0,186,263
01/17/2020,FTG,CO,ANM,WE,Federal Contract Tower,0,0,5,0,5,0,0,12,0,12,0,0,17,0,17,38,0,38,55
01/18/2020,FTG,CO,ANM,WE,Federal Contract Tower,0,0,22,0,22,0,0,107,0,107,0,0,129,0,129,120,0,120,249
01/19/2020,FTG,CO,ANM,WE,Federal Contract Tower,0,0,16,0,16,0,0,117,0,117,0,0,133,0,133,270,0,270,403
01/20/2020,FTG,CO,ANM,WE,Federal Contract Tower,0,0,27,2,29,0,0,154,2,156,0,0,181,4,185,168,0,168,353
01/21/2020,FTG,CO,ANM,WE,Federal Contract Tower,0,0,46,0,46,0,0,106,0,106,0,0,152,0,152,194,0,194,346
01/22/2020,FTG,CO,ANM,WE,Federal Contract Tower,0,0,11,0,11,0,0,60,0,60,0,0,71,0,71,152,0,152,223
01/23/2020,FTG,CO,ANM,WE,Federal Contract Tower,0,0,38,0,38,0,2,110,0,112,0,2,148,0,150,166,0,166,316
01/24/2020,FTG,CO,ANM,WE,Federal Contract Tower,0,0,15,2,17,0,0,137,0,137,0,0,152,2,154,262,0,262,416
01/25/2020,FTG,CO,ANM,WE,Federal Contract Tower,0,0,5,0,5,0,0,211,0,211,0,0,216,0,216,64,0,64,280
01/26/2020,FTG,CO,ANM,WE,Federal Contract Tower,0,0,8,0,8,0,0,110,0,110,0,0,118,0,118,264,0,264,382
01/27/2020,FTG,CO,ANM,WE,Federal Contract Tower,0,0,11,0,11,0,0,20,0,20,0,0,31,0,31,134,0,134,165
01/28/2020,FTG,CO,ANM,WE,Federal Contract Tower,0,0,23,0,23,0,0,76,0,76,0,0,99,0,99,92,0,92,191
01/29/2020,FTG,CO,ANM,WE,Federal Contract Tower,0,0,9,0,9,0,0,35,0,35,0,0,44,0,44,142,0,142,186
01/30/2020,FTG,CO,ANM,WE,Federal Contract Tower,0,0,7,0,7,0,0,43,0,43,0,0,50,0,50,214,0,214,264
01/31/2020,FTG,CO,ANM,WE,Federal Contract Tower,0,0,25,0,25,0,0,119,0,119,0,0,144,0,144,210,0,210,354
02/01/2020,FTG,CO,ANM,WE,Federal Contract Tower,0,0,15,0,15,0,0,122,0,122,0,0,137,0,137,158,0,158,295
02/02/2020,FTG,CO,ANM,WE,Federal Contract Tower,0,0,16,0,16,0,0,71,0,71,0,0,87,0,87,20,0,20,107
02/03/2020,FTG,CO,ANM,WE,Federal Contract Tower,0,0,2,0,2,0,0,0,0,0,0,0,2,0,2,0,0,0,2
02/04/2020,FTG,CO,ANM,WE,Federal Contract Tower,0,0,0,0,0,0,0,0,0,0,0,0,0,0,0,0,0,0,0
02/05/2020,FTG,CO,ANM,WE,Federal Contract Tower,0,0,33,2,35,0,0,103,0,103,0,0,136,2,138,170,0,170,308
02/06/2020,FTG,CO,ANM,WE,Federal Contract Tower,0,0,25,0,25,0,0,64,0,64,0,0,89,0,89,166,0,166,255
02/07/2020,FTG,CO,ANM,WE,Federal Contract Tower,0,0,7,0,7,0,0,0,0,0,0,0,7,0,7,0,0,0,7
02/08/2020,FTG,CO,ANM,WE,Federal Contract Tower,0,0,19,0,19,0,0,94,0,94,0,0,113,0,113,100,0,100,213
02/09/2020,FTG,CO,ANM,WE,Federal Contract Tower,0,0,5,0,5,0,0,5,0,5,0,0,10,0,10,8,0,8,18
02/10/2020,FTG,CO,ANM,WE,Federal Contract Tower,0,0,4,0,4,0,0,15,0,15,0,0,19,0,19,74,0,74,93
02/11/2020,FTG,CO,ANM,WE,Federal Contract Tower,0,0,10,0,10,0,0,47,0,47,0,0,57,0,57,62,0,62,119
02/12/2020,FTG,CO,ANM,WE,Federal Contract Tower,0,0,10,0,10,0,0,31,0,31,0,0,41,0,41,60,0,60,101
02/13/2020,FTG,CO,ANM,WE,Federal Contract Tower,0,0,7,0,7,0,0,32,0,32,0,0,39,0,39,70,0,70,109
02/14/2020,FTG,CO,ANM,WE,Federal Contract Tower,0,0,24,0,24,0,0,129,2,131,0,0,153,2,155,194,10,204,359
02/15/2020,FTG,CO,ANM,WE,Federal Contract Tower,0,0,12,0,12,0,0,85,0,85,0,0,97,0,97,176,0,176,273
02/16/2020,FTG,CO,ANM,WE,Federal Contract Tower,0,0,18,0,18,0,0,98,0,98,0,0,116,0,116,232,0,232,348
02/17/2020,FTG,CO,ANM,WE,Federal Contract Tower,0,0,7,0,7,0,0,56,0,56,0,0,63,0,63,102,0,102,165
02/18/2020,FTG,CO,ANM,WE,Federal Contract Tower,0,0,16,0,16,0,0,46,0,46,0,0,62,0,62,152,0,152,214
02/19/2020,FTG,CO,ANM,WE,Federal Contract Tower,0,0,8,0,8,0,0,0,0,0,0,0,8,0,8,0,0,0,8
02/20/2020,FTG,CO,ANM,WE,Federal Contract Tower,0,0,22,0,22,0,0,100,0,100,0,0,122,0,122,196,0,196,318
02/21/2020,FTG,CO,ANM,WE,Federal Contract Tower,0,0,31,0,31,0,0,183,2,185,0,0,214,2,216,346,4,350,566
02/22/2020,FTG,CO,ANM,WE,Federal Contract Tower,0,0,26,0,26,0,0,159,0,159,0,0,185,0,185,222,0,222,407
02/23/2020,FTG,CO,ANM,WE,Federal Contract Tower,0,0,2,0,2,0,0,11,0,11,0,0,13,0,13,14,0,14,27
02/24/2020,FTG,CO,ANM,WE,Federal Contract Tower,0,0,8,0,8,0,0,21,0,21,0,0,29,0,29,10,0,10,39
02/25/2020,FTG,CO,ANM,WE,Federal Contract Tower,0,0,7,0,7,0,0,11,0,11,0,0,18,0,18,6,0,6,24
02/26/2020,FTG,CO,ANM,WE,Federal Contract Tower,0,0,25,0,25,0,0,86,0,86,0,0,111,0,111,286,0,286,397
02/27/2020,FTG,CO,ANM,WE,Federal Contract Tower,0,0,6,0,6,0,0,70,0,70,0,0,76,0,76,128,0,128,204
02/28/2020,FTG,CO,ANM,WE,Federal Contract Tower,0,0,22,0,22,0,0,169,3,172,0,0,191,3,194,290,0,290,484
02/29/2020,FTG,CO,ANM,WE,Federal Contract Tower,0,0,15,0,15,0,0,219,6,225,0,0,234,6,240,142,12,154,394
03/01/2020,FTG,CO,ANM,WE,Federal Contract Tower,0,0,9,0,9,0,0,35,0,35,0,0,44,0,44,128,0,128,172
03/02/2020,FTG,CO,ANM,WE,Federal Contract Tower,0,0,1,0,1,0,0,21,0,21,0,0,22,0,22,14,0,14,36
03/03/2020,FTG,CO,ANM,WE,Federal Contract Tower,0,0,11,0,11,0,0,99,0,99,0,0,110,0,110,202,0,202,312
03/04/2020,FTG,CO,ANM,WE,Federal Contract Tower,0,0,13,0,13,0,0,73,2,75,0,0,86,2,88,94,0,94,182
03/05/2020,FTG,CO,ANM,WE,Federal Contract Tower,0,0,23,0,23,0,0,122,0,122,0,0,145,0,145,200,0,200,345
03/06/2020,FTG,CO,ANM,WE,Federal Contract Tower,0,0,24,0,24,0,0,156,4,160,0,0,180,4,184,310,18,328,512
03/07/2020,FTG,CO,ANM,WE,Federal Contract Tower,0,0,25,0,25,0,0,137,0,137,0,0,162,0,162,212,0,212,374
03/08/2020,FTG,CO,ANM,WE,Federal Contract Tower,0,0,17,0,17,0,0,89,0,89,0,0,106,0,106,191,0,191,297
03/09/2020,FTG,CO,ANM,WE,Federal Contract Tower,0,1,21,0,22,0,0,104,4,108,0,1,125,4,130,174,14,188,318
03/10/2020,FTG,CO,ANM,WE,Federal Contract Tower,0,0,11,0,11,0,0,85,0,85,0,0,96,0,96,126,0,126,222
03/11/2020,FTG,CO,ANM,WE,Federal Contract Tower,0,0,19,0,19,0,0,97,0,97,0,0,116,0,116,162,0,162,278
03/12/2020,FTG,CO,ANM,WE,Federal Contract Tower,0,0,13,0,13,0,0,54,2,56,0,0,67,2,69,138,0,138,207
03/13/2020,FTG,CO,ANM,WE,Federal Contract Tower,0,0,0,0,0,0,0,3,0,3,0,0,3,0,3,26,0,26,29
03/14/2020,FTG,CO,ANM,WE,Federal Contract Tower,0,0,10,0,10,0,0,68,0,68,0,0,78,0,78,228,0,228,306
03/15/2020,FTG,CO,ANM,WE,Federal Contract Tower,0,0,24,0,24,0,0,76,0,76,0,0,100,0,100,136,0,136,236
03/16/2020,FTG,CO,ANM,WE,Federal Contract Tower,0,0,12,0,12,0,0,96,0,96,0,0,108,0,108,142,0,142,250
03/17/2020,FTG,CO,ANM,WE,Federal Contract Tower,0,0,24,0,24,0,0,78,0,78,0,0,102,0,102,180,0,180,282
03/18/2020,FTG,CO,ANM,WE,Federal Contract Tower,0,0,18,0,18,0,0,91,0,91,0,0,109,0,109,246,0,246,355
03/19/2020,FTG,CO,ANM,WE,Federal Contract Tower,0,0,1,0,1,0,0,0,0,0,0,0,1,0,1,0,0,0,1
03/20/2020,FTG,CO,ANM,WE,Federal Contract Tower,0,0,0,0,0,0,0,4,0,4,0,0,4,0,4,10,0,10,14
03/21/2020,FTG,CO,ANM,WE,Federal Contract Tower,0,0,26,0,26,0,0,91,0,91,0,0,117,0,117,90,0,90,207
03/22/2020,FTG,CO,ANM,WE,Federal Contract Tower,0,0,5,0,5,0,0,75,0,75,0,0,80,0,80,182,0,182,262
03/23/2020,FTG,CO,ANM,WE,Federal Contract Tower,0,0,6,0,6,0,0,58,0,58,0,0,64,0,64,18,0,18,82
03/24/2020,FTG,CO,ANM,WE,Federal Contract Tower,0,0,17,0,17,0,0,117,0,117,0,0,134,0,134,193,0,193,327
03/25/2020,FTG,CO,ANM,WE,Federal Contract Tower,0,0,9,0,9,0,0,54,0,54,0,0,63,0,63,122,0,122,185
03/26/2020,FTG,CO,ANM,WE,Federal Contract Tower,0,0,3,5,8,0,0,13,8,21,0,0,16,13,29,8,6,14,43
03/27/2020,FTG,CO,ANM,WE,Federal Contract Tower,0,0,0,0,0,0,0,5,0,5,0,0,5,0,5,8,0,8,13
03/28/2020,FTG,CO,ANM,WE,Federal Contract Tower,0,0,1,0,1,0,0,15,0,15,0,0,16,0,16,8,0,8,24
03/29/2020,FTG,CO,ANM,WE,Federal Contract Tower,0,0,11,0,11,0,0,72,0,72,0,0,83,0,83,104,0,104,187
03/30/2020,FTG,CO,ANM,WE,Federal Contract Tower,0,0,8,0,8,0,0,36,0,36,0,0,44,0,44,40,0,40,84
04/01/2020,FTG,CO,ANM,WE,Federal Contract Tower,0,0,12,0,12,0,0,72,0,72,0,0,84,0,84,32,0,32,116
04/02/2020,FTG,CO,ANM,WE,Federal Contract Tower,0,0,0,0,0,0,0,0,0,0,0,0,0,0,0,0,0,0,0
04/03/2020,FTG,CO,ANM,WE,Federal Contract Tower,0,0,7,0,7,0,0,23,0,23,0,0,30,0,30,44,0,44,74
04/04/2020,FTG,CO,ANM,WE,Federal Contract Tower,0,0,11,0,11,0,0,44,0,44,0,0,55,0,55,34,0,34,89
04/05/2020,FTG,CO,ANM,WE,Federal Contract Tower,0,0,9,0,9,0,0,57,0,57,0,0,66,0,66,59,0,59,125
04/06/2020,FTG,CO,ANM,WE,Federal Contract Tower,0,0,9,0,9,0,0,24,0,24,0,0,33,0,33,27,0,27,60
04/07/2020,FTG,CO,ANM,WE,Federal Contract Tower,0,0,8,0,8,0,0,42,0,42,0,0,50,0,50,58,0,58,108
04/08/2020,FTG,CO,ANM,WE,Federal Contract Tower,0,0,5,0,5,0,0,46,0,46,0,0,51,0,51,66,0,66,117
04/09/2020,FTG,CO,ANM,WE,Federal Contract Tower,0,0,3,0,3,0,0,51,0,51,0,0,54,0,54,16,0,16,70
04/10/2020,FTG,CO,ANM,WE,Federal Contract Tower,0,0,5,0,5,0,0,47,0,47,0,0,52,0,52,72,0,72,124
04/11/2020,FTG,CO,ANM,WE,Federal Contract Tower,0,0,5,0,5,0,0,58,0,58,0,0,63,0,63,34,0,34,97
04/12/2020,FTG,CO,ANM,WE,Federal Contract Tower,0,0,0,0,0,0,0,0,0,0,0,0,0,0,0,0,0,0,0
04/13/2020,FTG,CO,ANM,WE,Federal Contract Tower,0,0,0,0,0,0,0,0,0,0,0,0,0,0,0,0,0,0,0
04/14/2020,FTG,CO,ANM,WE,Federal Contract Tower,0,0,8,0,8,0,0,28,0,28,0,0,36,0,36,94,0,94,130
04/15/2020,FTG,CO,ANM,WE,Federal Contract Tower,0,0,7,0,7,0,0,26,0,26,0,0,33,0,33,52,0,52,85
04/16/2020,FTG,CO,ANM,WE,Federal Contract Tower,0,0,0,0,0,0,0,0,0,0,0,0,0,0,0,0,0,0,0
04/17/2020,FTG,CO,ANM,WE,Federal Contract Tower,0,0,4,0,4,0,0,47,2,49,0,0,51,2,53,54,0,54,107
04/18/2020,FTG,CO,ANM,WE,Federal Contract Tower,0,0,9,0,9,0,0,63,0,63,0,0,72,0,72,42,0,42,114
04/19/2020,FTG,CO,ANM,WE,Federal Contract Tower,0,0,7,0,7,0,0,52,0,52,0,0,59,0,59,62,0,62,121
04/20/2020,FTG,CO,ANM,WE,Federal Contract Tower,0,0,16,0,16,0,0,57,0,57,0,0,73,0,73,64,0,64,137
04/21/2020,FTG,CO,ANM,WE,Federal Contract Tower,0,0,13,0,13,0,0,46,0,46,0,0,59,0,59,74,0,74,133
04/22/2020,FTG,CO,ANM,WE,Federal Contract Tower,0,0,21,0,21,0,0,42,0,42,0,0,63,0,63,4,0,4,67
04/23/2020,FTG,CO,ANM,WE,Federal Contract Tower,0,0,3,0,3,0,0,40,0,40,0,0,43,0,43,10,0,10,53
04/24/2020,FTG,CO,ANM,WE,Federal Contract Tower,0,0,6,0,6,0,0,17,0,17,0,0,23,0,23,68,0,68,91
04/25/2020,FTG,CO,ANM,WE,Federal Contract Tower,0,0,15,0,15,0,0,54,0,54,0,0,69,0,69,40,0,40,109
04/26/2020,FTG,CO,ANM,WE,Federal Contract Tower,0,0,5,0,5,0,0,60,0,60,0,0,65,0,65,40,0,40,105
04/27/2020,FTG,CO,ANM,WE,Federal Contract Tower,0,0,14,0,14,0,0,80,0,80,0,0,94,0,94,96,0,96,190
04/28/2020,FTG,CO,ANM,WE,Federal Contract Tower,0,0,8,0,8,0,0,25,0,25,0,0,33,0,33,32,0,32,65
04/29/2020,FTG,CO,ANM,WE,Federal Contract Tower,0,0,8,0,8,0,0,108,0,108,0,0,116,0,116,170,0,170,286
04/30/2020,FTG,CO,ANM,WE,Federal Contract Tower,0,0,13,0,13,0,0,48,0,48,0,0,61,0,61,86,0,86,147
05/01/2020,FTG,CO,ANM,WE,Federal Contract Tower,0,0,28,0,28,0,0,73,0,73,0,0,101,0,101,124,0,124,225
05/02/2020,FTG,CO,ANM,WE,Federal Contract Tower,0,0,2,0,2,0,0,15,0,15,0,0,17,0,17,22,0,22,39
05/03/2020,FTG,CO,ANM,WE,Federal Contract Tower,0,0,11,0,11,0,0,84,0,84,0,0,95,0,95,87,0,87,182
05/04/2020,FTG,CO,ANM,WE,Federal Contract Tower,0,0,5,0,5,0,0,20,0,20,0,0,25,0,25,12,0,12,37
05/05/2020,FTG,CO,ANM,WE,Federal Contract Tower,0,0,10,0,10,0,0,79,0,79,0,0,89,0,89,154,0,154,243
05/06/2020,FTG,CO,ANM,WE,Federal Contract Tower,0,0,15,0,15,0,0,50,2,52,0,0,65,2,67,198,10,208,275
05/07/2020,FTG,CO,ANM,WE,Federal Contract Tower,0,0,7,0,7,0,0,36,2,38,0,0,43,2,45,18,0,18,63
05/08/2020,FTG,CO,ANM,WE,Federal Contract Tower,0,0,5,0,5,0,0,47,0,47,0,0,52,0,52,112,0,112,164
05/09/2020,FTG,CO,ANM,WE,Federal Contract Tower,0,0,17,0,17,0,0,58,0,58,0,0,75,0,75,54,0,54,129
05/10/2020,FTG,CO,ANM,WE,Federal Contract Tower,0,0,11,1,12,0,0,82,0,82,0,0,93,1,94,62,0,62,156
05/11/2020,FTG,CO,ANM,WE,Federal Contract Tower,0,0,3,0,3,0,0,41,0,41,0,0,44,0,44,62,0,62,106
05/12/2020,FTG,CO,ANM,WE,Federal Contract Tower,0,0,20,0,20,0,0,67,0,67,0,0,87,0,87,126,0,126,213
05/13/2020,FTG,CO,ANM,WE,Federal Contract Tower,0,0,15,0,15,0,0,125,0,125,0,0,140,0,140,162,0,162,302
05/14/2020,FTG,CO,ANM,WE,Federal Contract Tower,0,0,7,0,7,0,0,87,0,87,0,0,94,0,94,136,0,136,230
05/15/2020,FTG,CO,ANM,WE,Federal Contract Tower,0,0,9,0,9,0,0,52,0,52,0,0,61,0,61,132,0,132,193
05/16/2020,FTG,CO,ANM,WE,Federal Contract Tower,0,0,12,0,12,0,0,124,0,124,0,0,136,0,136,125,0,125,261
05/17/2020,FTG,CO,ANM,WE,Federal Contract Tower,0,0,28,0,28,0,0,131,0,131,0,0,159,0,159,189,0,189,348
05/18/2020,FTG,CO,ANM,WE,Federal Contract Tower,0,0,13,0,13,0,0,81,0,81,0,0,94,0,94,169,6,175,269
05/19/2020,FTG,CO,ANM,WE,Federal Contract Tower,0,0,13,0,13,0,0,80,0,80,0,0,93,0,93,237,0,237,330
05/20/2020,FTG,CO,ANM,WE,Federal Contract Tower,0,0,9,0,9,0,0,26,0,26,0,0,35,0,35,56,0,56,91
05/21/2020,FTG,CO,ANM,WE,Federal Contract Tower,0,0,19,0,19,0,0,92,2,94,0,0,111,2,113,220,0,220,333
05/22/2020,FTG,CO,ANM,WE,Federal Contract Tower,0,0,10,0,10,0,0,91,0,91,0,0,101,0,101,112,0,112,213
05/23/2020,FTG,CO,ANM,WE,Federal Contract Tower,0,0,15,0,15,0,0,11,0,11,0,0,26,0,26,173,0,173,199
05/24/2020,FTG,CO,ANM,WE,Federal Contract Tower,0,0,3,0,3,0,0,30,0,30,0,0,33,0,33,60,0,60,93
05/25/2020,FTG,CO,ANM,WE,Federal Contract Tower,0,0,12,0,12,0,0,79,0,79,0,0,91,0,91,238,0,238,329
05/26/2020,FTG,CO,ANM,WE,Federal Contract Tower,0,0,21,0,21,0,0,120,0,120,0,0,141,0,141,158,0,158,299
05/27/2020,FTG,CO,ANM,WE,Federal Contract Tower,0,0,29,0,29,0,0,105,0,105,0,0,134,0,134,190,0,190,324
05/28/2020,FTG,CO,ANM,WE,Federal Contract Tower,0,0,21,0,21,0,0,36,0,36,0,0,57,0,57,80,0,80,137
05/29/2020,FTG,CO,ANM,WE,Federal Contract Tower,0,0,12,0,12,0,0,98,0,98,0,0,110,0,110,218,0,218,328
05/30/2020,FTG,CO,ANM,WE,Federal Contract Tower,0,0,16,0,16,0,0,135,0,135,0,0,151,0,151,161,0,161,312
05/31/2020,FTG,CO,ANM,WE,Federal Contract Tower,0,0,23,0,23,0,0,95,0,95,0,0,118,0,118,174,0,174,292
06/01/2020,FTG,CO,ANM,WE,Federal Contract Tower,0,0,7,0,7,0,0,68,0,68,0,0,75,0,75,114,0,114,189
06/02/2020,FTG,CO,ANM,WE,Federal Contract Tower,0,0,14,0,14,0,0,91,0,91,0,0,105,0,105,174,0,174,279
06/03/2020,FTG,CO,ANM,WE,Federal Contract Tower,0,0,16,0,16,0,0,94,0,94,0,0,110,0,110,216,0,216,326
06/04/2020,FTG,CO,ANM,WE,Federal Contract Tower,0,0,12,0,12,0,0,113,0,113,0,0,125,0,125,214,0,214,339
06/05/2020,FTG,CO,ANM,WE,Federal Contract Tower,0,0,15,0,15,0,0,86,2,88,0,0,101,2,103,180,10,190,293
06/06/2020,FTG,CO,ANM,WE,Federal Contract Tower,0,0,7,0,7,0,0,28,0,28,0,0,35,0,35,28,0,28,63
06/07/2020,FTG,CO,ANM,WE,Federal Contract Tower,0,0,13,0,13,0,0,32,2,34,0,0,45,2,47,70,2,72,119
06/08/2020,FTG,CO,ANM,WE,Federal Contract Tower,0,0,23,0,23,0,0,75,0,75,0,0,98,0,98,130,0,130,228
06/09/2020,FTG,CO,ANM,WE,Federal Contract Tower,0,0,3,0,3,0,0,8,0,8,0,0,11,0,11,18,0,18,29
06/10/2020,FTG,CO,ANM,WE,Federal Contract Tower,0,0,31,0,31,0,0,148,0,148,0,0,179,0,179,228,0,228,407
06/11/2020,FTG,CO,ANM,WE,Federal Contract Tower,0,0,29,0,29,0,0,119,4,123,0,0,148,4,152,260,12,272,424
06/12/2020,FTG,CO,ANM,WE,Federal Contract Tower,0,0,13,0,13,0,0,90,0,90,0,0,103,0,103,258,0,258,361
06/13/2020,FTG,CO,ANM,WE,Federal Contract Tower,0,0,10,0,10,0,0,88,0,88,0,0,98,0,98,132,0,132,230
06/14/2020,FTG,CO,ANM,WE,Federal Contract Tower,0,0,12,0,12,0,0,57,0,57,0,0,69,0,69,12,0,12,81
06/15/2020,FTG,CO,ANM,WE,Federal Contract Tower,0,0,14,0,14,0,0,118,7,125,0,0,132,7,139,266,15,281,420
06/16/2020,FTG,CO,ANM,WE,Federal Contract Tower,0,0,21,0,21,0,0,58,0,58,0,0,79,0,79,182,0,182,261
06/17/2020,FTG,CO,ANM,WE,Federal Contract Tower,0,0,38,0,38,0,0,116,0,116,0,0,154,0,154,320,0,320,474
06/18/2020,FTG,CO,ANM,WE,Federal Contract Tower,0,0,28,0,28,0,0,148,2,150,0,0,176,2,178,337,10,347,525
06/19/2020,FTG,CO,ANM,WE,Federal Contract Tower,0,0,16,0,16,0,0,55,0,55,0,0,71,0,71,192,0,192,263
06/20/2020,FTG,CO,ANM,WE,Federal Contract Tower,0,0,11,0,11,0,0,151,0,151,0,0,162,0,162,272,0,272,434
06/21/2020,FTG,CO,ANM,WE,Federal Contract Tower,0,0,8,0,8,0,0,99,0,99,0,0,107,0,107,193,0,193,300
06/22/2020,FTG,CO,ANM,WE,Federal Contract Tower,0,0,22,0,22,0,0,114,3,117,0,0,136,3,139,408,0,408,547
06/23/2020,FTG,CO,ANM,WE,Federal Contract Tower,0,0,27,0,27,0,0,112,0,112,0,0,139,0,139,412,0,412,551
06/24/2020,FTG,CO,ANM,WE,Federal Contract Tower,0,0,11,0,11,0,0,109,0,109,0,0,120,0,120,440,0,440,560
06/25/2020,FTG,CO,ANM,WE,Federal Contract Tower,0,0,16,0,16,0,0,113,0,113,0,0,129,0,129,218,0,218,347
06/26/2020,FTG,CO,ANM,WE,Federal Contract Tower,0,0,14,0,14,0,0,87,0,87,0,0,101,0,101,208,0,208,309
06/27/2020,FTG,CO,ANM,WE,Federal Contract Tower,0,0,14,0,14,0,0,142,0,142,0,0,156,0,156,216,0,216,372
06/28/2020,FTG,CO,ANM,WE,Federal Contract Tower,0,0,22,0,22,0,0,102,0,102,0,0,124,0,124,204,0,204,328
06/29/2020,FTG,CO,ANM,WE,Federal Contract Tower,0,0,16,0,16,0,0,70,2,72,0,0,86,2,88,159,8,167,255
06/30/2020,FTG,CO,ANM,WE,Federal Contract Tower,0,0,10,0,10,0,0,115,0,115,0,0,125,0,125,394,0,394,519
07/01/2020,FTG,CO,ANM,WE,Federal Contract Tower,0,0,12,0,12,0,0,85,0,85,0,0,97,0,97,216,0,216,313
07/02/2020,FTG,CO,ANM,WE,Federal Contract Tower,0,0,19,0,19,0,0,82,0,82,0,0,101,0,101,242,0,242,343
07/03/2020,FTG,CO,ANM,WE,Federal Contract Tower,0,0,15,0,15,0,0,112,0,112,0,0,127,0,127,168,0,168,295
07/04/2020,FTG,CO,ANM,WE,Federal Contract Tower,0,0,13,0,13,0,0,65,0,65,0,0,78,0,78,120,0,120,198
07/05/2020,FTG,CO,ANM,WE,Federal Contract Tower,0,0,11,0,11,0,0,75,0,75,0,0,86,0,86,96,0,96,182
07/06/2020,FTG,CO,ANM,WE,Federal Contract Tower,0,0,17,0,17,0,0,91,0,91,0,0,108,0,108,113,0,113,221
07/07/2020,FTG,CO,ANM,WE,Federal Contract Tower,0,0,14,0,14,0,0,50,0,50,0,0,64,0,64,178,0,178,242
07/08/2020,FTG,CO,ANM,WE,Federal Contract Tower,0,0,29,0,29,0,0,104,0,104,0,0,133,0,133,194,0,194,327
07/09/2020,FTG,CO,ANM,WE,Federal Contract Tower,0,0,16,0,16,0,0,95,2,97,0,0,111,2,113,251,8,259,372
07/10/2020,FTG,CO,ANM,WE,Federal Contract Tower,0,0,14,0,14,0,0,92,4,96,0,0,106,4,110,180,8,188,298
07/11/2020,FTG,CO,ANM,WE,Federal Contract Tower,0,0,6,0,6,0,0,79,0,79,0,0,85,0,85,165,0,165,250
07/12/2020,FTG,CO,ANM,WE,Federal Contract Tower,0,0,16,0,16,0,0,68,0,68,0,0,84,0,84,65,0,65,149
07/13/2020,FTG,CO,ANM,WE,Federal Contract Tower,0,1,21,0,22,0,0,87,0,87,0,1,108,0,109,186,0,186,295
07/14/2020,FTG,CO,ANM,WE,Federal Contract Tower,0,0,12,0,12,0,0,64,0,64,0,0,76,0,76,186,0,186,262
07/15/2020,FTG,CO,ANM,WE,Federal Contract Tower,0,0,20,0,20,0,56,0,0,56,0,56,20,0,76,128,0,128,204
07/16/2020,FTG,CO,ANM,WE,Federal Contract Tower,0,0,25,0,25,0,0,101,0,101,0,0,126,0,126,135,0,135,261
07/17/2020,FTG,CO,ANM,WE,Federal Contract Tower,0,0,27,0,27,0,0,106,0,106,0,0,133,0,133,147,0,147,280
07/18/2020,FTG,CO,ANM,WE,Federal Contract Tower,0,0,14,0,14,0,0,134,0,134,0,0,148,0,148,103,0,103,251
07/19/2020,FTG,CO,ANM,WE,Federal Contract Tower,0,0,11,0,11,0,0,81,0,81,0,0,92,0,92,80,0,80,172
07/20/2020,FTG,CO,ANM,WE,Federal Contract Tower,0,1,0,0,1,0,0,71,0,71,0,1,71,0,72,190,0,190,262
07/21/2020,FTG,CO,ANM,WE,Federal Contract Tower,0,0,9,0,9,0,0,81,0,81,0,0,90,0,90,268,0,268,358
07/22/2020,FTG,CO,ANM,WE,Federal Contract Tower,0,0,22,0,22,0,0,91,0,91,0,0,113,0,113,236,0,236,349
07/23/2020,FTG,CO,ANM,WE,Federal Contract Tower,0,0,19,0,19,0,0,98,0,98,0,0,117,0,117,288,0,288,405
07/24/2020,FTG,CO,ANM,WE,Federal Contract Tower,0,0,15,0,15,0,0,101,4,105,0,0,116,4,120,180,4,184,304
07/25/2020,FTG,CO,ANM,WE,Federal Contract Tower,0,1,18,0,19,0,0,105,0,105,0,1,123,0,124,132,0,132,256
07/26/2020,FTG,CO,ANM,WE,Federal Contract Tower,0,0,19,0,19,0,0,121,0,121,0,0,140,0,140,176,0,176,316
07/27/2020,FTG,CO,ANM,WE,Federal Contract Tower,0,0,24,0,24,0,0,96,2,98,0,0,120,2,122,288,8,296,418
07/28/2020,FTG,CO,ANM,WE,Federal Contract Tower,0,0,23,0,23,0,0,97,0,97,0,0,120,0,120,230,0,230,350
07/29/2020,FTG,CO,ANM,WE,Federal Contract Tower,0,0,12,0,12,0,0,85,0,85,0,0,97,0,97,231,0,231,328
07/30/2020,FTG,CO,ANM,WE,Federal Contract Tower,0,0,22,0,22,0,0,102,4,106,0,0,124,4,128,198,14,212,340
07/31/2020,FTG,CO,ANM,WE,Federal Contract Tower,0,0,39,0,39,0,0,105,0,105,0,0,144,0,144,218,0,218,362
08/01/2020,FTG,CO,ANM,WE,Federal Contract Tower,0,0,12,0,12,0,0,102,0,102,0,0,114,0,114,152,0,152,266
08/02/2020,FTG,CO,ANM,WE,Federal Contract Tower,0,0,7,0,7,0,0,93,0,93,0,0,100,0,100,134,0,134,234
08/03/2020,FTG,CO,ANM,WE,Federal Contract Tower,0,0,16,0,16,0,0,73,0,73,0,0,89,0,89,196,4,200,289
08/04/2020,FTG,CO,ANM,WE,Federal Contract Tower,0,0,8,0,8,0,0,91,0,91,0,0,99,0,99,177,0,177,276
08/05/2020,FTG,CO,ANM,WE,Federal Contract Tower,0,0,16,0,16,0,0,76,0,76,0,0,92,0,92,222,0,222,314
08/06/2020,FTG,CO,ANM,WE,Federal Contract Tower,0,0,9,0,9,0,0,87,0,87,0,0,96,0,96,244,0,244,340
08/07/2020,FTG,CO,ANM,WE,Federal Contract Tower,0,0,19,0,19,0,0,90,0,90,0,0,109,0,109,148,0,148,257
08/08/2020,FTG,CO,ANM,WE,Federal Contract Tower,0,0,20,0,20,0,0,107,0,107,0,0,127,0,127,155,0,155,282
08/09/2020,FTG,CO,ANM,WE,Federal Contract Tower,0,0,10,0,10,0,0,102,0,102,0,0,112,0,112,119,0,119,231
08/10/2020,FTG,CO,ANM,WE,Federal Contract Tower,0,0,12,0,12,0,0,108,0,108,0,0,120,0,120,223,0,223,343
08/11/2020,FTG,CO,ANM,WE,Federal Contract Tower,0,0,14,0,14,0,0,75,2,77,0,0,89,2,91,182,12,194,285
08/12/2020,FTG,CO,ANM,WE,Federal Contract Tower,0,0,15,0,15,0,0,76,0,76,0,0,91,0,91,60,0,60,151
08/13/2020,FTG,CO,ANM,WE,Federal Contract Tower,0,0,25,0,25,0,0,95,2,97,0,0,120,2,122,190,8,198,320
08/14/2020,FTG,CO,ANM,WE,Federal Contract Tower,0,0,23,0,23,0,0,92,2,94,0,0,115,2,117,180,18,198,315
08/15/2020,FTG,CO,ANM,WE,Federal Contract Tower,0,0,13,0,13,0,0,114,0,114,0,0,127,0,127,196,0,196,323
08/16/2020,FTG,CO,ANM,WE,Federal Contract Tower,0,0,22,0,22,0,0,120,0,120,0,0,142,0,142,152,0,152,294
08/17/2020,FTG,CO,ANM,WE,Federal Contract Tower,0,0,30,0,30,0,0,105,0,105,0,0,135,0,135,114,0,114,249
08/18/2020,FTG,CO,ANM,WE,Federal Contract Tower,0,0,21,0,21,0,0,80,0,80,0,0,101,0,101,200,0,200,301
08/19/2020,FTG,CO,ANM,WE,Federal Contract Tower,0,0,16,0,16,0,0,106,0,106,0,0,122,0,122,163,0,163,285
08/20/2020,FTG,CO,ANM,WE,Federal Contract Tower,0,0,22,0,22,0,0,88,2,90,0,0,110,2,112,164,0,164,276
08/21/2020,FTG,CO,ANM,WE,Federal Contract Tower,0,0,22,0,22,0,0,132,0,132,0,0,154,0,154,0,246,246,400
08/22/2020,FTG,CO,ANM,WE,Federal Contract Tower,0,0,31,0,31,0,0,90,0,90,0,0,121,0,121,122,0,122,243
08/23/2020,FTG,CO,ANM,WE,Federal Contract Tower,0,0,16,0,16,0,0,70,0,70,0,0,86,0,86,190,0,190,276
08/24/2020,FTG,CO,ANM,WE,Federal Contract Tower,0,0,9,0,9,0,0,76,0,76,0,0,85,0,85,190,0,190,275
08/25/2020,FTG,CO,ANM,WE,Federal Contract Tower,0,0,20,0,20,0,0,87,0,87,0,0,107,0,107,178,0,178,285
08/26/2020,FTG,CO,ANM,WE,Federal Contract Tower,0,0,18,0,18,0,0,98,4,102,0,0,116,4,120,220,14,234,354
08/27/2020,FTG,CO,ANM,WE,Federal Contract Tower,0,0,22,0,22,0,0,101,0,101,0,0,123,0,123,186,0,186,309
08/28/2020,FTG,CO,ANM,WE,Federal Contract Tower,0,0,7,0,7,0,0,50,2,52,0,0,57,2,59,128,6,134,193
08/29/2020,FTG,CO,ANM,WE,Federal Contract Tower,0,0,10,0,10,0,0,117,0,117,0,0,127,0,127,238,0,238,365
08/30/2020,FTG,CO,ANM,WE,Federal Contract Tower,0,0,12,0,12,0,0,86,0,86,0,0,98,0,98,116,0,116,214
08/31/2020,FTG,CO,ANM,WE,Federal Contract Tower,0,0,20,0,20,0,0,79,2,81,0,0,99,2,101,126,0,126,227
09/01/2020,FTG,CO,ANM,WE,Federal Contract Tower,0,0,14,0,14,0,0,91,4,95,0,0,105,4,109,210,10,220,329
09/02/2020,FTG,CO,ANM,WE,Federal Contract Tower,0,0,31,0,31,0,0,125,0,125,0,0,156,0,156,229,0,229,385
09/03/2020,FTG,CO,ANM,WE,Federal Contract Tower,0,0,17,0,17,0,0,92,0,92,0,0,109,0,109,271,0,271,380
09/04/2020,FTG,CO,ANM,WE,Federal Contract Tower,0,0,51,0,51,0,0,153,0,153,0,0,204,0,204,210,0,210,414
09/05/2020,FTG,CO,ANM,WE,Federal Contract Tower,0,0,11,0,11,0,0,89,0,89,0,0,100,0,100,110,0,110,210
09/06/2020,FTG,CO,ANM,WE,Federal Contract Tower,0,0,10,0,10,0,0,58,0,58,0,0,68,0,68,34,0,34,102
09/07/2020,FTG,CO,ANM,WE,Federal Contract Tower,0,0,27,0,27,0,0,76,0,76,0,0,103,0,103,206,0,206,309
09/08/2020,FTG,CO,ANM,WE,Federal Contract Tower,0,2,1,0,3,0,0,0,0,0,0,2,1,0,3,0,0,0,3
09/09/2020,FTG,CO,ANM,WE,Federal Contract Tower,0,0,4,0,4,0,0,18,0,18,0,0,22,0,22,16,0,16,38
09/10/2020,FTG,CO,ANM,WE,Federal Contract Tower,0,0,27,0,27,0,0,109,0,109,0,0,136,0,136,198,0,198,334
09/11/2020,FTG,CO,ANM,WE,Federal Contract Tower,0,0,17,0,17,0,0,143,0,143,0,0,160,0,160,234,0,234,394
09/12/2020,FTG,CO,ANM,WE,Federal Contract Tower,0,0,15,0,15,0,0,124,0,124,0,0,139,0,139,156,0,156,295
09/13/2020,FTG,CO,ANM,WE,Federal Contract Tower,0,0,17,0,17,0,0,144,0,144,0,0,161,0,161,178,0,178,339
09/14/2020,FTG,CO,ANM,WE,Federal Contract Tower,0,0,26,0,26,0,0,108,2,110,0,0,134,2,136,297,2,299,435
09/15/2020,FTG,CO,ANM,WE,Federal Contract Tower,0,0,20,0,20,0,0,56,0,56,0,0,76,0,76,120,0,120,196
09/16/2020,FTG,CO,ANM,WE,Federal Contract Tower,0,0,21,0,21,0,0,112,6,118,0,0,133,6,139,288,14,302,441
09/17/2020,FTG,CO,ANM,WE,Federal Contract Tower,0,0,17,0,17,0,0,0,0,0,0,0,17,0,17,236,0,236,253
09/18/2020,FTG,CO,ANM,WE,Federal Contract Tower,0,0,24,0,24,0,0,83,0,83,0,0,107,0,107,193,0,193,300
09/19/2020,FTG,CO,ANM,WE,Federal Contract Tower,0,0,19,0,19,0,0,109,0,109,0,0,128,0,128,250,0,250,378
09/20/2020,FTG,CO,ANM,WE,Federal Contract Tower,0,0,26,0,26,0,0,102,0,102,0,0,128,0,128,134,0,134,262
09/21/2020,FTG,CO,ANM,WE,Federal Contract Tower,0,0,34,0,34,0,0,118,2,120,0,0,152,2,154,224,2,226,380
09/22/2020,FTG,CO,ANM,WE,Federal Contract Tower,0,0,18,0,18,0,0,103,0,103,0,0,121,0,121,227,0,227,348
09/23/2020,FTG,CO,ANM,WE,Federal Contract Tower,0,0,18,0,18,0,0,123,2,125,0,0,141,2,143,240,8,248,391
09/24/2020,FTG,CO,ANM,WE,Federal Contract Tower,0,0,12,0,12,0,0,100,0,100,0,0,112,0,112,250,0,250,362
09/25/2020,FTG,CO,ANM,WE,Federal Contract Tower,0,0,8,0,8,0,0,80,0,80,0,0,88,0,88,208,0,208,296
09/26/2020,FTG,CO,ANM,WE,Federal Contract Tower,0,0,3,0,3,0,0,108,0,108,0,0,111,0,111,102,0,102,213
09/27/2020,FTG,CO,ANM,WE,Federal Contract Tower,0,0,15,0,15,0,0,53,0,53,0,0,68,0,68,64,0,64,132
09/28/2020,FTG,CO,ANM,WE,Federal Contract Tower,0,0,16,0,16,0,0,126,0,126,0,0,142,0,142,148,0,148,290
09/29/2020,FTG,CO,ANM,WE,Federal Contract Tower,0,0,24,0,24,0,0,115,0,115,0,0,139,0,139,190,0,190,329
09/30/2020,FTG,CO,ANM,WE,Federal Contract Tower,0,0,33,0,33,0,0,86,0,86,0,0,119,0,119,216,0,216,335
10/01/2020,FTG,CO,ANM,WE,Federal Contract Tower,0,0,15,0,15,0,0,108,0,108,0,0,123,0,123,264,0,264,387
10/02/2020,FTG,CO,ANM,WE,Federal Contract Tower,0,0,11,0,11,0,0,105,0,105,0,0,116,0,116,238,0,238,354
10/03/2020,FTG,CO,ANM,WE,Federal Contract Tower,0,0,13,0,13,0,0,135,0,135,0,0,148,0,148,202,0,202,350
10/04/2020,FTG,CO,ANM,WE,Federal Contract Tower,0,0,12,0,12,0,0,110,0,110,0,0,122,0,122,192,0,192,314
10/05/2020,FTG,CO,ANM,WE,Federal Contract Tower,0,1,7,0,8,0,3,69,2,74,0,4,76,2,82,182,2,184,266
10/06/2020,FTG,CO,ANM,WE,Federal Contract Tower,0,0,16,0,16,0,0,101,0,101,0,0,117,0,117,229,0,229,346
10/08/2020,FTG,CO,ANM,WE,Federal Contract Tower,0,0,18,0,18,0,0,98,2,100,0,0,116,2,118,232,4,236,354
10/09/2020,FTG,CO,ANM,WE,Federal Contract Tower,0,0,19,0,19,0,0,99,4,103,0,0,118,4,122,212,2,214,336
10/10/2020,FTG,CO,ANM,WE,Federal Contract Tower,0,0,12,0,12,0,0,113,0,113,0,0,125,0,125,195,0,195,320
10/11/2020,FTG,CO,ANM,WE,Federal Contract Tower,0,0,6,0,6,0,0,21,0,21,0,0,27,0,27,40,0,40,67
10/12/2020,FTG,CO,ANM,WE,Federal Contract Tower,0,0,14,0,14,0,0,53,0,53,0,0,67,0,67,108,0,108,175
10/13/2020,FTG,CO,ANM,WE,Federal Contract Tower,0,0,13,0,13,0,0,88,4,92,0,0,101,4,105,244,6,250,355
10/14/2020,FTG,CO,ANM,WE,Federal Contract Tower,0,0,16,0,16,0,0,51,0,51,0,0,67,0,67,170,0,170,237
10/15/2020,FTG,CO,ANM,WE,Federal Contract Tower,0,0,25,0,25,0,0,137,1,138,0,0,162,1,163,254,1,255,418
10/16/2020,FTG,CO,ANM,WE,Federal Contract Tower,0,0,33,0,33,0,0,143,0,143,0,0,176,0,176,221,0,221,397
10/17/2020,FTG,CO,ANM,WE,Federal Contract Tower,0,0,12,0,12,0,0,105,0,105,0,0,117,0,117,236,0,236,353
10/18/2020,FTG,CO,ANM,WE,Federal Contract Tower,0,0,18,0,18,0,0,57,0,57,0,0,75,0,75,84,0,84,159
10/19/2020,FTG,CO,ANM,WE,Federal Contract Tower,0,0,16,0,16,0,0,106,2,108,0,0,122,2,124,224,4,228,352
10/20/2020,FTG,CO,ANM,WE,Federal Contract Tower,0,0,13,0,13,0,0,92,4,96,0,0,105,4,109,267,11,278,387
10/21/2020,FTG,CO,ANM,WE,Federal Contract Tower,0,0,18,0,18,0,0,107,2,109,0,0,125,2,127,320,0,320,447
10/22/2020,FTG,CO,ANM,WE,Federal Contract Tower,0,0,2,0,2,0,0,7,0,7,0,0,9,0,9,18,0,18,27
10/23/2020,FTG,CO,ANM,WE,Federal Contract Tower,0,0,10,0,10,0,0,57,0,57,0,0,67,0,67,152,0,152,219
10/24/2020,FTG,CO,ANM,WE,Federal Contract Tower,0,0,10,0,10,0,0,137,0,137,0,0,147,0,147,144,0,144,291
10/25/2020,FTG,CO,ANM,WE,Federal Contract Tower,0,0,1,0,1,0,0,0,0,0,0,0,1,0,1,0,0,0,1
10/26/2020,FTG,CO,ANM,WE,Federal Contract Tower,0,0,2,0,2,0,0,2,0,2,0,0,4,0,4,2,0,2,6
10/27/2020,FTG,CO,ANM,WE,Federal Contract Tower,0,0,14,0,14,0,0,73,4,77,0,0,87,4,91,166,22,188,279
10/28/2020,FTG,CO,ANM,WE,Federal Contract Tower,0,0,18,0,18,0,0,115,0,115,0,0,133,0,133,150,0,150,283
10/29/2020,FTG,CO,ANM,WE,Federal Contract Tower,0,0,18,0,18,0,0,117,0,117,0,0,135,0,135,179,0,179,314
10/30/2020,FTG,CO,ANM,WE,Federal Contract Tower,0,0,18,0,18,0,0,130,0,130,0,0,148,0,148,289,0,289,437
10/31/2020,FTG,CO,ANM,WE,Federal Contract Tower,0,0,14,0,14,0,0,95,0,95,0,0,109,0,109,100,0,100,209
11/01/2020,FTG,CO,ANM,WE,Federal Contract Tower,0,0,11,0,11,0,0,141,0,141,0,0,152,0,152,216,0,216,368
11/02/2020,FTG,CO,ANM,WE,Federal Contract Tower,0,0,7,0,7,0,0,105,0,105,0,0,112,0,112,200,0,200,312
11/03/2020,FTG,CO,ANM,WE,Federal Contract Tower,0,0,42,0,42,0,0,125,0,125,0,0,167,0,167,336,0,336,503
11/04/2020,FTG,CO,ANM,WE,Federal Contract Tower,0,0,7,0,7,0,0,132,0,132,0,0,139,0,139,256,0,256,395
11/05/2020,FTG,CO,ANM,WE,Federal Contract Tower,0,0,25,0,25,0,0,181,0,181,0,0,206,0,206,296,0,296,502
11/06/2020,FTG,CO,ANM,WE,Federal Contract Tower,0,0,12,0,12,0,0,121,0,121,0,0,133,0,133,308,0,308,441
11/07/2020,FTG,CO,ANM,WE,Federal Contract Tower,0,0,3,0,3,0,0,32,0,32,0,0,35,0,35,0,0,0,35
11/08/2020,FTG,CO,ANM,WE,Federal Contract Tower,0,0,1,0,1,0,0,20,0,20,0,0,21,0,21,92,0,92,113
11/09/2020,FTG,CO,ANM,WE,Federal Contract Tower,0,0,4,0,4,0,0,0,0,0,0,0,4,0,4,0,0,0,4
11/10/2020,FTG,CO,ANM,WE,Federal Contract Tower,0,0,15,0,15,0,0,114,0,114,0,0,129,0,129,284,0,284,413
11/11/2020,FTG,CO,ANM,WE,Federal Contract Tower,0,0,24,0,24,0,0,115,0,115,0,0,139,0,139,263,0,263,402
11/12/2020,FTG,CO,ANM,WE,Federal Contract Tower,0,0,8,0,8,0,0,94,0,94,0,0,102,0,102,194,0,194,296
11/13/2020,FTG,CO,ANM,WE,Federal Contract Tower,0,0,15,0,15,0,0,0,0,0,0,0,15,0,15,204,0,204,219
11/14/2020,FTG,CO,ANM,WE,Federal Contract Tower,0,0,1,0,1,0,0,8,0,8,0,0,9,0,9,22,0,22,31
11/15/2020,FTG,CO,ANM,WE,Federal Contract Tower,0,0,13,0,13,0,0,78,0,78,0,0,91,0,91,198,0,198,289
11/16/2020,FTG,CO,ANM,WE,Federal Contract Tower,0,0,12,0,12,0,0,123,0,123,0,0,135,0,135,318,0,318,453
11/17/2020,FTG,CO,ANM,WE,Federal Contract Tower,0,0,17,0,17,0,0,127,2,129,0,0,144,2,146,356,10,366,512
11/18/2020,FTG,CO,ANM,WE,Federal Contract Tower,0,0,18,0,18,0,0,120,0,120,0,0,138,0,138,280,0,280,418
11/19/2020,FTG,CO,ANM,WE,Federal Contract Tower,0,0,10,0,10,0,0,117,0,117,0,0,127,0,127,456,0,456,583
11/20/2020,FTG,CO,ANM,WE,Federal Contract Tower,0,0,25,0,25,0,0,90,0,90,0,0,115,0,115,206,0,206,321
11/21/2020,FTG,CO,ANM,WE,Federal Contract Tower,0,0,11,0,11,0,0,145,0,145,0,0,156,0,156,262,0,262,418
11/22/2020,FTG,CO,ANM,WE,Federal Contract Tower,0,0,28,0,28,0,0,134,0,134,0,0,162,0,162,128,0,128,290
11/23/2020,FTG,CO,ANM,WE,Federal Contract Tower,0,0,9,0,9,0,0,92,2,94,0,0,101,2,103,230,10,240,343
11/25/2020,FTG,CO,ANM,WE,Federal Contract Tower,0,0,10,0,10,0,0,85,2,87,0,0,95,2,97,222,6,228,325
11/26/2020,FTG,CO,ANM,WE,Federal Contract Tower,0,0,1,0,1,0,0,18,0,18,0,0,19,0,19,14,0,14,33
11/27/2020,FTG,CO,ANM,WE,Federal Contract Tower,0,0,10,0,10,0,0,106,0,106,0,0,116,0,116,189,0,189,305
11/28/2020,FTG,CO,ANM,WE,Federal Contract Tower,0,0,15,0,15,0,0,131,0,131,0,0,146,0,146,268,0,268,414
11/29/2020,FTG,CO,ANM,WE,Federal Contract Tower,0,0,13,0,13,0,0,97,0,97,0,0,110,0,110,248,0,248,358
11/30/2020,FTG,CO,ANM,WE,Federal Contract Tower,0,0,24,0,24,0,0,97,0,97,0,0,121,0,121,188,0,188,309
12/01/2020,FTG,CO,ANM,WE,Federal Contract Tower,0,0,18,0,18,0,0,35,0,35,0,0,53,0,53,10,0,10,63
12/02/2020,FTG,CO,ANM,WE,Federal Contract Tower,0,0,11,0,11,0,0,36,0,36,0,0,47,0,47,44,0,44,91
12/03/2020,FTG,CO,ANM,WE,Federal Contract Tower,0,0,29,0,29,0,0,126,0,126,0,0,155,0,155,186,0,186,341
12/04/2020,FTG,CO,ANM,WE,Federal Contract Tower,0,0,21,0,21,0,0,104,0,104,0,0,125,0,125,297,0,297,422
12/05/2020,FTG,CO,ANM,WE,Federal Contract Tower,0,0,25,0,25,0,0,181,0,181,0,0,206,0,206,296,0,296,502
12/06/2020,FTG,CO,ANM,WE,Federal Contract Tower,0,0,18,0,18,0,0,156,0,156,0,0,174,0,174,178,0,178,352
12/07/2020,FTG,CO,ANM,WE,Federal Contract Tower,0,0,29,0,29,0,0,142,0,142,0,0,171,0,171,232,0,232,403
12/08/2020,FTG,CO,ANM,WE,Federal Contract Tower,0,0,35,0,35,0,0,117,0,117,0,0,152,0,152,252,0,252,404
12/09/2020,FTG,CO,ANM,WE,Federal Contract Tower,0,0,29,0,29,0,0,126,2,128,0,0,155,2,157,250,8,258,415
12/10/2020,FTG,CO,ANM,WE,Federal Contract Tower,0,0,14,0,14,0,0,79,2,81,0,0,93,2,95,249,6,255,350
12/11/2020,FTG,CO,ANM,WE,Federal Contract Tower,0,0,3,0,3,0,0,0,0,0,0,0,3,0,3,0,0,0,3
12/12/2020,FTG,CO,ANM,WE,Federal Contract Tower,0,0,14,0,14,0,0,49,0,49,0,0,63,0,63,86,0,86,149
12/13/2020,FTG,CO,ANM,WE,Federal Contract Tower,0,0,17,0,17,0,0,72,0,72,0,0,89,0,89,82,0,82,171
12/14/2020,FTG,CO,ANM,WE,Federal Contract Tower,0,0,11,0,11,0,0,54,0,54,0,0,65,0,65,172,0,172,237
12/15/2020,FTG,CO,ANM,WE,Federal Contract Tower,0,0,17,0,17,0,0,27,0,27,0,0,44,0,44,52,0,52,96
12/16/2020,FTG,CO,ANM,WE,Federal Contract Tower,0,0,26,0,26,0,0,115,0,115,0,0,141,0,141,358,0,358,499
12/17/2020,FTG,CO,ANM,WE,Federal Contract Tower,0,0,35,0,35,0,0,90,0,90,0,0,125,0,125,204,0,204,329
12/18/2020,FTG,CO,ANM,WE,Federal Contract Tower,0,0,11,0,11,0,0,25,0,25,0,0,36,0,36,39,0,39,75
12/19/2020,FTG,CO,ANM,WE,Federal Contract Tower,0,0,19,0,19,0,0,111,0,111,0,0,130,0,130,164,0,164,294
12/20/2020,FTG,CO,ANM,WE,Federal Contract Tower,0,0,9,0,9,0,0,52,0,52,0,0,61,0,61,68,0,68,129
12/21/2020,FTG,CO,ANM,WE,Federal Contract Tower,0,0,21,0,21,0,0,100,0,100,0,0,121,0,121,220,0,220,341
12/22/2020,FTG,CO,ANM,WE,Federal Contract Tower,0,0,19,0,19,0,0,84,0,84,0,0,103,0,103,152,0,152,255
12/23/2020,FTG,CO,ANM,WE,Federal Contract Tower,0,0,10,0,10,0,2,3,1,6,0,2,13,1,16,0,0,0,16
12/24/2020,FTG,CO,ANM,WE,Federal Contract Tower,0,0,12,0,12,0,0,68,0,68,0,0,80,0,80,214,0,214,294
12/25/2020,FTG,CO,ANM,WE,Federal Contract Tower,0,0,1,0,1,0,0,32,0,32,0,0,33,0,33,76,0,76,109
12/26/2020,FTG,CO,ANM,WE,Federal Contract Tower,0,0,15,0,15,0,0,144,0,144,0,0,159,0,159,211,0,211,370
12/27/2020,FTG,CO,ANM,WE,Federal Contract Tower,0,0,12,0,12,0,0,100,0,100,0,0,112,0,112,188,0,188,300
12/28/2020,FTG,CO,ANM,WE,Federal Contract Tower,0,0,1,0,1,0,0,3,0,3,0,0,4,0,4,32,0,32,36
12/29/2020,FTG,CO,ANM,WE,Federal Contract Tower,0,0,6,0,6,0,0,16,0,16,0,0,22,0,22,60,0,60,82
12/30/2020,FTG,CO,ANM,WE,Federal Contract Tower,0,0,24,0,24,0,0,83,0,83,0,0,107,0,107,244,0,244,351
12/31/2020,FTG,CO,ANM,WE,Federal Contract Tower,0,0,25,0,25,0,0,128,0,128,0,0,153,0,153,226,0,226,379
01/01/2021,FTG,CO,ANM,WE,Federal Contract Tower,0,0,3,0,3,0,0,62,0,62,0,0,65,0,65,98,0,98,163
01/02/2021,FTG,CO,ANM,WE,Federal Contract Tower,0,0,8,0,8,0,0,149,0,149,0,0,157,0,157,232,0,232,389
01/03/2021,FTG,CO,ANM,WE,Federal Contract Tower,0,0,27,0,27,0,0,128,0,128,0,0,155,0,155,156,0,156,311
01/04/2021,FTG,CO,ANM,WE,Federal Contract Tower,0,0,9,0,9,0,0,84,0,84,0,0,93,0,93,204,0,204,297
01/05/2021,FTG,CO,ANM,WE,Federal Contract Tower,0,0,14,0,14,0,0,66,0,66,0,0,80,0,80,0,114,114,194
01/06/2021,FTG,CO,ANM,WE,Federal Contract Tower,0,0,35,0,35,0,0,127,0,127,0,0,162,0,162,154,0,154,316
01/07/2021,FTG,CO,ANM,WE,Federal Contract Tower,0,0,35,0,35,0,0,143,0,143,0,0,178,0,178,259,0,259,437
01/08/2021,FTG,CO,ANM,WE,Federal Contract Tower,0,0,25,0,25,0,0,114,0,114,0,0,139,0,139,248,0,248,387
01/09/2021,FTG,CO,ANM,WE,Federal Contract Tower,0,0,3,0,3,0,0,0,0,0,0,0,3,0,3,0,0,0,3
01/10/2021,FTG,CO,ANM,WE,Federal Contract Tower,0,0,13,0,13,0,0,30,0,30,0,0,43,0,43,44,0,44,87
01/11/2021,FTG,CO,ANM,WE,Federal Contract Tower,0,0,18,0,18,0,0,103,0,103,0,0,121,0,121,216,0,216,337
01/12/2021,FTG,CO,ANM,WE,Federal Contract Tower,0,0,29,0,29,0,0,138,2,140,0,0,167,2,169,226,2,228,397
01/13/2021,FTG,CO,ANM,WE,Federal Contract Tower,0,0,21,0,21,0,0,72,2,74,0,0,93,2,95,115,12,127,222
01/14/2021,FTG,CO,ANM,WE,Federal Contract Tower,0,0,4,0,4,0,0,32,0,32,0,0,36,0,36,33,0,33,69
01/15/2021,FTG,CO,ANM,WE,Federal Contract Tower,0,0,19,0,19,0,0,61,0,61,0,0,80,0,80,150,0,150,230
01/16/2021,FTG,CO,ANM,WE,Federal Contract Tower,0,0,15,0,15,0,0,83,0,83,0,0,98,0,98,147,0,147,245
01/17/2021,FTG,CO,ANM,WE,Federal Contract Tower,0,0,14,0,14,0,0,129,0,129,0,0,143,0,143,250,0,250,393
01/18/2021,FTG,CO,ANM,WE,Federal Contract Tower,0,0,18,0,18,0,0,66,0,66,0,0,84,0,84,114,0,114,198
01/19/2021,FTG,CO,ANM,WE,Federal Contract Tower,0,0,23,0,23,0,0,111,0,111,0,0,134,0,134,222,0,222,356
01/20/2021,FTG,CO,ANM,WE,Federal Contract Tower,0,0,22,0,22,0,0,97,0,97,0,0,119,0,119,181,0,181,300
01/21/2021,FTG,CO,ANM,WE,Federal Contract Tower,0,0,28,0,28,0,0,101,0,101,0,0,129,0,129,164,0,164,293
01/22/2021,FTG,CO,ANM,WE,Federal Contract Tower,0,0,21,0,21,0,0,122,0,122,0,0,143,0,143,226,0,226,369
01/23/2021,FTG,CO,ANM,WE,Federal Contract Tower,0,0,13,0,13,0,0,121,0,121,0,0,134,0,134,216,0,216,350
01/24/2021,FTG,CO,ANM,WE,Federal Contract Tower,0,0,17,0,17,0,0,65,0,65,0,0,82,0,82,84,0,84,166
01/25/2021,FTG,CO,ANM,WE,Federal Contract Tower,0,0,6,0,6,0,0,27,0,27,0,0,33,0,33,12,0,12,45
01/26/2021,FTG,CO,ANM,WE,Federal Contract Tower,0,0,1,0,1,0,0,0,0,0,0,0,1,0,1,0,0,0,1
01/27/2021,FTG,CO,ANM,WE,Federal Contract Tower,0,0,24,2,26,0,0,118,2,120,0,0,142,4,146,338,2,340,486
01/28/2021,FTG,CO,ANM,WE,Federal Contract Tower,0,0,56,0,56,0,0,159,4,163,0,0,215,4,219,308,20,328,547
01/29/2021,FTG,CO,ANM,WE,Federal Contract Tower,0,0,22,0,22,0,0,112,0,112,0,0,134,0,134,212,0,212,346
01/30/2021,FTG,CO,ANM,WE,Federal Contract Tower,0,0,6,0,6,0,0,43,0,43,0,0,49,0,49,86,0,86,135
01/31/2021,FTG,CO,ANM,WE,Federal Contract Tower,0,0,22,0,22,0,0,176,0,176,0,0,198,0,198,272,0,272,470
02/01/2021,FTG,CO,ANM,WE,Federal Contract Tower,0,0,22,0,22,0,0,149,0,149,0,0,171,0,171,340,0,340,511
02/02/2021,FTG,CO,ANM,WE,Federal Contract Tower,0,0,36,0,36,0,0,167,0,167,0,0,203,0,203,402,0,402,605
02/03/2021,FTG,CO,ANM,WE,Federal Contract Tower,0,0,9,0,9,0,0,75,0,75,0,0,84,0,84,190,0,190,274
02/04/2021,FTG,CO,ANM,WE,Federal Contract Tower,0,0,17,0,17,0,0,47,0,47,0,0,64,0,64,45,0,45,109
02/05/2021,FTG,CO,ANM,WE,Federal Contract Tower,0,0,25,0,25,0,0,86,4,90,0,0,111,4,115,252,2,254,369
02/06/2021,FTG,CO,ANM,WE,Federal Contract Tower,0,0,16,0,16,0,0,97,0,97,0,0,113,0,113,90,0,90,203
02/07/2021,FTG,CO,ANM,WE,Federal Contract Tower,0,0,12,0,12,0,0,36,0,36,0,0,48,0,48,22,0,22,70
02/08/2021,FTG,CO,ANM,WE,Federal Contract Tower,0,0,16,0,16,0,0,39,0,39,0,0,55,0,55,82,0,82,137
02/09/2021,FTG,CO,ANM,WE,Federal Contract Tower,0,0,6,0,6,0,0,23,0,23,0,0,29,0,29,102,0,102,131
02/10/2021,FTG,CO,ANM,WE,Federal Contract Tower,0,0,20,0,20,0,0,53,0,53,0,0,73,0,73,170,0,170,243
02/11/2021,FTG,CO,ANM,WE,Federal Contract Tower,0,0,10,0,10,0,0,0,0,0,0,0,10,0,10,26,10,36,46
02/12/2021,FTG,CO,ANM,WE,Federal Contract Tower,0,0,4,0,4,0,0,29,0,29,0,0,33,0,33,66,0,66,99
02/13/2021,FTG,CO,ANM,WE,Federal Contract Tower,0,0,4,0,4,0,0,2,0,2,0,0,6,0,6,0,0,0,6
02/14/2021,FTG,CO,ANM,WE,Federal Contract Tower,0,0,0,0,0,0,0,9,0,9,0,0,9,0,9,2,0,2,11
02/15/2021,FTG,CO,ANM,WE,Federal Contract Tower,0,0,23,0,23,0,0,96,0,96,0,0,119,0,119,202,0,202,321
02/16/2021,FTG,CO,ANM,WE,Federal Contract Tower,0,0,18,0,18,0,0,99,0,99,0,0,117,0,117,254,0,254,371
02/17/2021,FTG,CO,ANM,WE,Federal Contract Tower,0,0,3,0,3,0,0,3,0,3,0,0,6,0,6,8,0,8,14
02/18/2021,FTG,CO,ANM,WE,Federal Contract Tower,0,0,23,0,23,0,0,89,2,91,0,0,112,2,114,168,0,168,282
02/19/2021,FTG,CO,ANM,WE,Federal Contract Tower,0,0,24,0,24,0,0,71,0,71,0,0,95,0,95,130,0,130,225
02/20/2021,FTG,CO,ANM,WE,Federal Contract Tower,0,0,19,0,19,0,0,73,0,73,0,0,92,0,92,106,0,106,198
02/21/2021,FTG,CO,ANM,WE,Federal Contract Tower,0,0,11,0,11,0,0,117,0,117,0,0,128,0,128,184,0,184,312
02/22/2021,FTG,CO,ANM,WE,Federal Contract Tower,0,0,18,0,18,0,0,91,6,97,0,0,109,6,115,244,6,250,365
02/23/2021,FTG,CO,ANM,WE,Federal Contract Tower,0,0,22,0,22,0,0,101,0,101,0,0,123,0,123,222,0,222,345
02/24/2021,FTG,CO,ANM,WE,Federal Contract Tower,0,0,16,0,16,0,0,60,0,60,0,0,76,0,76,150,0,150,226
02/25/2021,FTG,CO,ANM,WE,Federal Contract Tower,0,0,18,0,18,0,0,52,0,52,0,0,70,0,70,84,0,84,154
02/26/2021,FTG,CO,ANM,WE,Federal Contract Tower,0,0,32,0,32,0,0,116,6,122,0,0,148,6,154,204,1,205,359
02/27/2021,FTG,CO,ANM,WE,Federal Contract Tower,0,0,17,0,17,0,0,70,0,70,0,0,87,0,87,230,0,230,317
02/28/2021,FTG,CO,ANM,WE,Federal Contract Tower,0,0,22,0,22,0,0,158,0,158,0,0,180,0,180,308,0,308,488
03/01/2021,FTG,CO,ANM,WE,Federal Contract Tower,0,0,25,0,25,0,0,131,0,131,0,0,156,0,156,266,0,266,422
03/02/2021,FTG,CO,ANM,WE,Federal Contract Tower,0,0,29,0,29,0,0,201,0,201,0,0,230,0,230,430,0,430,660
03/03/2021,FTG,CO,ANM,WE,Federal Contract Tower,0,0,37,0,37,0,0,155,8,163,0,0,192,8,200,260,12,272,472
03/04/2021,FTG,CO,ANM,WE,Federal Contract Tower,0,0,15,0,15,0,0,11,0,11,0,0,26,0,26,86,0,86,112
03/05/2021,FTG,CO,ANM,WE,Federal Contract Tower,0,0,49,0,49,0,0,184,0,184,0,0,233,0,233,352,0,352,585
03/06/2021,FTG,CO,ANM,WE,Federal Contract Tower,0,0,21,0,21,0,0,200,0,200,0,0,221,0,221,246,0,246,467
03/07/2021,FTG,CO,ANM,WE,Federal Contract Tower,0,0,30,0,30,0,0,155,0,155,0,0,185,0,185,164,0,164,349
03/08/2021,FTG,CO,ANM,WE,Federal Contract Tower,0,0,26,0,26,0,0,126,8,134,0,0,152,8,160,230,16,246,406
03/09/2021,FTG,CO,ANM,WE,Federal Contract Tower,0,0,27,0,27,0,0,124,0,124,0,0,151,0,151,312,0,312,463
03/10/2021,FTG,CO,ANM,WE,Federal Contract Tower,0,0,5,0,5,0,0,19,1,20,0,0,24,1,25,71,25,96,121
03/11/2021,FTG,CO,ANM,WE,Federal Contract Tower,0,0,10,0,10,0,0,69,0,69,0,0,79,0,79,84,0,84,163
03/12/2021,FTG,CO,ANM,WE,Federal Contract Tower,0,0,5,0,5,0,0,14,1,15,0,0,19,1,20,74,0,74,94
03/16/2021,FTG,CO,ANM,WE,Federal Contract Tower,0,2,5,0,7,0,0,7,0,7,0,2,12,0,14,0,0,0,14
03/17/2021,FTG,CO,ANM,WE,Federal Contract Tower,0,0,13,0,13,0,0,42,0,42,0,0,55,0,55,70,0,70,125
03/18/2021,FTG,CO,ANM,WE,Federal Contract Tower,0,0,31,0,31,0,0,102,4,106,0,0,133,4,137,242,4,246,383
03/19/2021,FTG,CO,ANM,WE,Federal Contract Tower,0,0,20,0,20,0,0,110,5,115,0,0,130,5,135,260,16,276,411
03/20/2021,FTG,CO,ANM,WE,Federal Contract Tower,0,0,22,0,22,0,0,119,0,119,0,0,141,0,141,112,0,112,253
03/21/2021,FTG,CO,ANM,WE,Federal Contract Tower,0,0,12,0,12,0,0,48,0,48,0,0,60,0,60,72,0,72,132
03/22/2021,FTG,CO,ANM,WE,Federal Contract Tower,0,0,1,0,1,0,0,19,0,19,0,0,20,0,20,52,0,52,72
03/23/2021,FTG,CO,ANM,WE,Federal Contract Tower,0,0,14,0,14,0,0,60,0,60,0,0,74,0,74,66,0,66,140
03/24/2021,FTG,CO,ANM,WE,Federal Contract Tower,0,0,25,0,25,0,0,41,0,41,0,0,66,0,66,166,0,166,232
03/25/2021,FTG,CO,ANM,WE,Federal Contract Tower,0,0,38,0,38,0,0,144,0,144,0,0,182,0,182,318,2,320,502
03/26/2021,FTG,CO,ANM,WE,Federal Contract Tower,0,0,18,0,18,0,0,86,0,86,0,0,104,0,104,208,8,216,320
03/27/2021,FTG,CO,ANM,WE,Federal Contract Tower,0,0,24,0,24,0,0,112,0,112,0,0,136,0,136,150,0,150,286
03/28/2021,FTG,CO,ANM,WE,Federal Contract Tower,0,0,14,0,14,0,0,116,0,116,0,0,130,0,130,180,0,180,310
03/29/2021,FTG,CO,ANM,WE,Federal Contract Tower,0,0,16,0,16,0,58,2,0,60,0,58,18,0,76,128,0,128,204
03/30/2021,FTG,CO,ANM,WE,Federal Contract Tower,0,0,6,0,6,0,0,41,0,41,0,0,47,0,47,134,0,134,181
03/31/2021,FTG,CO,ANM,WE,Federal Contract Tower,0,0,24,0,24,0,0,151,4,155,0,0,175,4,179,280,16,296,475
04/01/2021,FTG,CO,ANM,WE,Federal Contract Tower,0,0,29,0,29,0,0,130,0,130,0,0,159,0,159,295,22,317,476
04/02/2021,FTG,CO,ANM,WE,Federal Contract Tower,0,0,11,0,11,0,0,132,0,132,0,0,143,0,143,262,0,262,405
04/03/2021,FTG,CO,ANM,WE,Federal Contract Tower,0,0,19,0,19,0,0,180,0,180,0,0,199,0,199,204,0,204,403
04/04/2021,FTG,CO,ANM,WE,Federal Contract Tower,0,0,8,0,8,0,0,104,0,104,0,0,112,0,112,126,0,126,238
04/05/2021,FTG,CO,ANM,WE,Federal Contract Tower,0,0,19,0,19,0,0,80,2,82,0,0,99,2,101,242,4,246,347
04/06/2021,FTG,CO,ANM,WE,Federal Contract Tower,0,0,20,0,20,0,0,55,0,55,0,0,75,0,75,106,0,106,181
04/07/2021,FTG,CO,ANM,WE,Federal Contract Tower,0,0,12,0,12,0,0,62,2,64,0,0,74,2,76,118,8,126,202
04/08/2021,FTG,CO,ANM,WE,Federal Contract Tower,0,0,19,0,19,0,0,84,0,84,0,0,103,0,103,150,42,192,295
04/09/2021,FTG,CO,ANM,WE,Federal Contract Tower,0,0,14,0,14,0,0,26,0,26,0,0,40,0,40,24,0,24,64
04/10/2021,FTG,CO,ANM,WE,Federal Contract Tower,0,0,23,0,23,0,0,169,0,169,0,0,192,0,192,268,0,268,460
04/11/2021,FTG,CO,ANM,WE,Federal Contract Tower,0,0,14,0,14,0,0,57,0,57,0,0,71,0,71,86,0,86,157
04/12/2021,FTG,CO,ANM,WE,Federal Contract Tower,0,0,17,0,17,0,0,83,0,83,0,0,100,0,100,178,0,178,278
04/13/2021,FTG,CO,ANM,WE,Federal Contract Tower,0,0,21,0,21,0,0,47,0,47,0,0,68,0,68,116,0,116,184
04/14/2021,FTG,CO,ANM,WE,Federal Contract Tower,0,0,12,0,12,0,0,45,0,45,0,0,57,0,57,154,0,154,211
04/15/2021,FTG,CO,ANM,WE,Federal Contract Tower,0,0,29,0,29,0,0,0,0,0,0,0,29,0,29,0,0,0,29
04/16/2021,FTG,CO,ANM,WE,Federal Contract Tower,0,0,7,0,7,0,0,1,0,1,0,0,8,0,8,2,0,2,10
04/17/2021,FTG,CO,ANM,WE,Federal Contract Tower,0,0,14,0,14,0,0,39,0,39,0,0,53,0,53,100,0,100,153
04/18/2021,FTG,CO,ANM,WE,Federal Contract Tower,0,0,28,0,28,0,0,142,0,142,0,0,170,0,170,162,0,162,332
04/19/2021,FTG,CO,ANM,WE,Federal Contract Tower,0,0,1,0,1,0,0,1,0,1,0,0,2,0,2,0,0,0,2
04/20/2021,FTG,CO,ANM,WE,Federal Contract Tower,0,0,20,0,20,0,0,105,0,105,0,0,125,0,125,104,0,104,229
04/21/2021,FTG,CO,ANM,WE,Federal Contract Tower,0,0,11,0,11,0,0,37,2,39,0,0,48,2,50,102,0,102,152
04/22/2021,FTG,CO,ANM,WE,Federal Contract Tower,0,0,32,0,32,0,0,54,0,54,0,0,86,0,86,64,0,64,150
04/23/2021,FTG,CO,ANM,WE,Federal Contract Tower,0,0,25,0,25,0,0,116,0,116,0,0,141,0,141,334,0,334,475
04/24/2021,FTG,CO,ANM,WE,Federal Contract Tower,0,0,12,0,12,0,0,98,0,98,0,0,110,0,110,198,0,198,308
04/25/2021,FTG,CO,ANM,WE,Federal Contract Tower,0,0,23,0,23,0,0,99,0,99,0,0,122,0,122,110,0,110,232
04/26/2021,FTG,CO,ANM,WE,Federal Contract Tower,0,0,21,0,21,0,0,81,0,81,0,0,102,0,102,64,0,64,166
04/27/2021,FTG,CO,ANM,WE,Federal Contract Tower,0,0,9,0,9,0,0,50,0,50,0,0,59,0,59,55,0,55,114
04/28/2021,FTG,CO,ANM,WE,Federal Contract Tower,0,0,17,0,17,0,0,56,0,56,0,0,73,0,73,179,0,179,252
04/29/2021,FTG,CO,ANM,WE,Federal Contract Tower,0,0,36,0,36,0,0,148,0,148,0,0,184,0,184,246,0,246,430
04/30/2021,FTG,CO,ANM,WE,Federal Contract Tower,0,0,28,0,28,0,0,137,6,143,0,0,165,6,171,310,6,316,487
05/01/2021,FTG,CO,ANM,WE,Federal Contract Tower,0,0,12,0,12,0,0,138,0,138,0,0,150,0,150,306,0,306,456
05/02/2021,FTG,CO,ANM,WE,Federal Contract Tower,0,0,23,0,23,0,0,78,0,78,0,0,101,0,101,158,0,158,259
05/03/2021,FTG,CO,ANM,WE,Federal Contract Tower,0,0,7,0,7,0,0,0,0,0,0,0,7,0,7,0,0,0,7
05/04/2021,FTG,CO,ANM,WE,Federal Contract Tower,0,0,31,0,31,0,0,78,0,78,0,0,109,0,109,237,0,237,346
05/05/2021,FTG,CO,ANM,WE,Federal Contract Tower,0,0,17,0,17,0,0,67,0,67,0,0,84,0,84,114,0,114,198
05/06/2021,FTG,CO,ANM,WE,Federal Contract Tower,0,0,47,0,47,0,0,132,0,132,0,0,179,0,179,294,0,294,473
05/07/2021,FTG,CO,ANM,WE,Federal Contract Tower,0,0,42,0,42,0,0,146,2,148,0,0,188,2,190,216,12,228,418
05/08/2021,FTG,CO,ANM,WE,Federal Contract Tower,0,0,27,0,27,0,0,89,0,89,0,0,116,0,116,186,0,186,302
05/09/2021,FTG,CO,ANM,WE,Federal Contract Tower,0,0,7,0,7,0,0,15,0,15,0,0,22,0,22,48,0,48,70
05/10/2021,FTG,CO,ANM,WE,Federal Contract Tower,0,0,2,0,2,0,0,7,0,7,0,0,9,0,9,32,0,32,41
05/11/2021,FTG,CO,ANM,WE,Federal Contract Tower,0,0,3,0,3,0,0,8,0,8,0,0,11,0,11,30,0,30,41
05/12/2021,FTG,CO,ANM,WE,Federal Contract Tower,0,0,35,0,35,0,0,152,2,154,0,0,187,2,189,358,4,362,551
05/13/2021,FTG,CO,ANM,WE,Federal Contract Tower,0,0,24,0,24,0,0,145,2,147,0,0,169,2,171,298,2,300,471
05/14/2021,FTG,CO,ANM,WE,Federal Contract Tower,0,0,19,0,19,0,0,107,2,109,0,0,126,2,128,248,0,248,376
05/15/2021,FTG,CO,ANM,WE,Federal Contract Tower,0,0,16,0,16,0,0,50,0,50,0,0,66,0,66,178,0,178,244
05/16/2021,FTG,CO,ANM,WE,Federal Contract Tower,0,0,19,0,19,0,0,11,0,11,0,0,30,0,30,2,0,2,32
05/17/2021,FTG,CO,ANM,WE,Federal Contract Tower,0,0,15,0,15,0,0,38,0,38,0,0,53,0,53,30,0,30,83
05/18/2021,FTG,CO,ANM,WE,Federal Contract Tower,0,0,40,2,42,0,0,33,1,34,0,0,73,3,76,22,0,22,98
05/19/2021,FTG,CO,ANM,WE,Federal Contract Tower,0,0,29,0,29,0,0,151,0,151,0,0,180,0,180,210,0,210,390
05/20/2021,FTG,CO,ANM,WE,Federal Contract Tower,0,0,28,0,28,0,0,190,4,194,0,0,218,4,222,376,3,379,601
05/21/2021,FTG,CO,ANM,WE,Federal Contract Tower,0,0,21,0,21,0,0,58,0,58,0,0,79,0,79,44,0,44,123
05/22/2021,FTG,CO,ANM,WE,Federal Contract Tower,0,0,28,0,28,0,0,51,0,51,0,0,79,0,79,88,0,88,167
05/23/2021,FTG,CO,ANM,WE,Federal Contract Tower,0,0,9,0,9,0,0,32,0,32,0,0,41,0,41,104,0,104,145
05/24/2021,FTG,CO,ANM,WE,Federal Contract Tower,0,0,49,2,51,0,0,155,0,155,0,0,204,2,206,322,0,322,528
05/25/2021,FTG,CO,ANM,WE,Federal Contract Tower,0,0,38,0,38,0,0,161,2,163,0,0,199,2,201,318,8,326,527
05/26/2021,FTG,CO,ANM,WE,Federal Contract Tower,0,0,29,0,29,0,0,111,0,111,0,0,140,0,140,328,0,328,468
05/27/2021,FTG,CO,ANM,WE,Federal Contract Tower,0,0,53,0,53,0,0,131,0,131,0,0,184,0,184,366,0,366,550
05/28/2021,FTG,CO,ANM,WE,Federal Contract Tower,0,0,23,0,23,0,0,149,0,149,0,0,172,0,172,226,0,226,398
05/29/2021,FTG,CO,ANM,WE,Federal Contract Tower,0,0,20,0,20,0,0,48,0,48,0,0,68,0,68,152,0,152,220
05/30/2021,FTG,CO,ANM,WE,Federal Contract Tower,0,0,4,0,4,0,0,0,0,0,0,0,4,0,4,0,0,0,4
05/31/2021,FTG,CO,ANM,WE,Federal Contract Tower,0,0,35,0,35,0,0,8,0,8,0,0,43,0,43,80,0,80,123
06/01/2021,FTG,CO,ANM,WE,Federal Contract Tower,0,0,25,0,25,0,0,81,4,85,0,0,106,4,110,234,4,238,348
06/02/2021,FTG,CO,ANM,WE,Federal Contract Tower,0,0,40,0,40,0,0,132,2,134,0,0,172,2,174,311,4,315,489
06/03/2021,FTG,CO,ANM,WE,Federal Contract Tower,0,0,30,0,30,0,2,158,4,164,0,2,188,4,194,188,10,198,392
06/04/2021,FTG,CO,ANM,WE,Federal Contract Tower,0,0,22,0,22,0,0,140,0,140,0,0,162,0,162,326,0,326,488
06/05/2021,FTG,CO,ANM,WE,Federal Contract Tower,0,0,15,0,15,0,0,147,0,147,0,0,162,0,162,245,0,245,407
06/06/2021,FTG,CO,ANM,WE,Federal Contract Tower,0,0,14,0,14,0,0,75,0,75,0,0,89,0,89,135,0,135,224
06/07/2021,FTG,CO,ANM,WE,Federal Contract Tower,0,0,17,0,17,0,0,88,0,88,0,0,105,0,105,250,0,250,355
06/08/2021,FTG,CO,ANM,WE,Federal Contract Tower,0,0,47,0,47,0,0,135,0,135,0,0,182,0,182,215,0,215,397
06/09/2021,FTG,CO,ANM,WE,Federal Contract Tower,0,0,31,0,31,0,0,106,2,108,0,0,137,2,139,294,4,298,437
06/10/2021,FTG,CO,ANM,WE,Federal Contract Tower,0,0,40,0,40,0,0,100,8,108,0,0,140,8,148,180,0,180,328
06/11/2021,FTG,CO,ANM,WE,Federal Contract Tower,0,0,15,0,15,0,0,90,14,104,0,0,105,14,119,212,24,236,355
06/12/2021,FTG,CO,ANM,WE,Federal Contract Tower,0,0,9,0,9,0,0,114,0,114,0,0,123,0,123,222,0,222,345
06/13/2021,FTG,CO,ANM,WE,Federal Contract Tower,0,0,37,0,37,0,0,113,0,113,0,0,150,0,150,140,0,140,290
06/14/2021,FTG,CO,ANM,WE,Federal Contract Tower,0,0,38,0,38,0,0,146,4,150,0,0,184,4,188,259,7,266,454
06/15/2021,FTG,CO,ANM,WE,Federal Contract Tower,0,0,37,0,37,0,0,0,0,0,0,0,37,0,37,244,12,256,293
06/16/2021,FTG,CO,ANM,WE,Federal Contract Tower,0,0,24,0,24,0,0,99,2,101,0,0,123,2,125,240,2,242,367
06/17/2021,FTG,CO,ANM,WE,Federal Contract Tower,0,0,45,0,45,0,0,76,2,78,0,0,121,2,123,185,8,193,316
06/19/2021,FTG,CO,ANM,WE,Federal Contract Tower,0,0,24,0,24,0,0,115,0,115,0,0,139,0,139,165,0,165,304
06/20/2021,FTG,CO,ANM,WE,Federal Contract Tower,0,1,27,0,28,0,0,98,0,98,0,1,125,0,126,176,0,176,302
06/21/2021,FTG,CO,ANM,WE,Federal Contract Tower,0,0,40,0,40,0,0,77,0,77,0,0,117,0,117,220,0,220,337
06/22/2021,FTG,CO,ANM,WE,Federal Contract Tower,0,0,18,0,18,0,0,96,0,96,0,0,114,0,114,268,7,275,389
06/23/2021,FTG,CO,ANM,WE,Federal Contract Tower,0,0,28,0,28,0,0,96,7,103,0,0,124,7,131,198,57,255,386
06/24/2021,FTG,CO,ANM,WE,Federal Contract Tower,0,0,32,0,32,0,0,70,0,70,0,0,102,0,102,190,0,190,292
06/25/2021,FTG,CO,ANM,WE,Federal Contract Tower,0,0,29,0,29,0,0,89,0,89,0,0,118,0,118,188,0,188,306
06/26/2021,FTG,CO,ANM,WE,Federal Contract Tower,0,0,11,0,11,0,0,66,0,66,0,0,77,0,77,131,0,131,208
06/27/2021,FTG,CO,ANM,WE,Federal Contract Tower,0,0,10,0,10,0,0,84,0,84,0,0,94,0,94,169,0,169,263
06/28/2021,FTG,CO,ANM,WE,Federal Contract Tower,0,0,32,0,32,0,0,79,0,79,0,0,111,0,111,178,0,178,289
06/29/2021,FTG,CO,ANM,WE,Federal Contract Tower,0,0,37,0,37,0,0,137,2,139,0,0,174,2,176,288,0,288,464
06/30/2021,FTG,CO,ANM,WE,Federal Contract Tower,0,0,40,0,40,0,0,164,2,166,0,0,204,2,206,366,2,368,574
07/01/2021,FTG,CO,ANM,WE,Federal Contract Tower,0,0,30,0,30,0,0,68,8,76,0,0,98,8,106,119,19,138,244
07/02/2021,FTG,CO,ANM,WE,Federal Contract Tower,0,3,13,0,16,0,0,128,0,128,0,3,141,0,144,264,0,264,408
07/03/2021,FTG,CO,ANM,WE,Federal Contract Tower,0,2,6,0,8,0,0,108,0,108,0,2,114,0,116,208,0,208,324
07/04/2021,FTG,CO,ANM,WE,Federal Contract Tower,0,0,2,0,2,0,0,57,0,57,0,0,59,0,59,105,0,105,164
07/05/2021,FTG,CO,ANM,WE,Federal Contract Tower,0,0,12,0,12,0,0,93,0,93,0,0,105,0,105,76,0,76,181
07/06/2021,FTG,CO,ANM,WE,Federal Contract Tower,0,0,13,0,13,0,0,120,2,122,0,0,133,2,135,161,0,161,296
07/07/2021,FTG,CO,ANM,WE,Federal Contract Tower,0,0,11,0,11,0,0,119,2,121,0,0,130,2,132,302,0,302,434
07/08/2021,FTG,CO,ANM,WE,Federal Contract Tower,0,2,12,2,16,0,0,70,2,72,0,2,82,4,88,216,6,222,310
07/09/2021,FTG,CO,ANM,WE,Federal Contract Tower,0,0,11,0,11,0,0,110,4,114,0,0,121,4,125,154,8,162,287
07/10/2021,FTG,CO,ANM,WE,Federal Contract Tower,0,0,9,0,9,0,0,137,0,137,0,0,146,0,146,201,0,201,347
07/11/2021,FTG,CO,ANM,WE,Federal Contract Tower,0,0,12,0,12,0,0,161,2,163,0,0,173,2,175,124,0,124,299
07/12/2021,FTG,CO,ANM,WE,Federal Contract Tower,0,0,13,0,13,0,0,112,0,112,0,0,125,0,125,306,0,306,431
07/13/2021,FTG,CO,ANM,WE,Federal Contract Tower,0,0,7,0,7,0,0,92,0,92,0,0,99,0,99,282,0,282,381
07/14/2021,FTG,CO,ANM,WE,Federal Contract Tower,0,0,10,0,10,0,0,86,6,92,0,0,96,6,102,244,22,266,368
07/15/2021,FTG,CO,ANM,WE,Federal Contract Tower,0,0,10,0,10,0,0,121,0,121,0,0,131,0,131,283,0,283,414
07/16/2021,FTG,CO,ANM,WE,Federal Contract Tower,0,0,5,0,5,0,0,132,0,132,0,0,137,0,137,212,0,212,349
07/17/2021,FTG,CO,ANM,WE,Federal Contract Tower,0,0,9,0,9,0,0,132,0,132,0,0,141,0,141,151,0,151,292
07/18/2021,FTG,CO,ANM,WE,Federal Contract Tower,0,0,14,0,14,0,0,166,0,166,0,0,180,0,180,128,0,128,308
07/19/2021,FTG,CO,ANM,WE,Federal Contract Tower,0,0,15,0,15,0,0,131,0,131,0,0,146,0,146,242,0,242,388
07/20/2021,FTG,CO,ANM,WE,Federal Contract Tower,0,1,18,0,19,0,0,89,2,91,0,1,107,2,110,284,4,288,398
07/21/2021,FTG,CO,ANM,WE,Federal Contract Tower,0,0,10,0,10,0,0,112,2,114,0,0,122,2,124,334,4,338,462
07/22/2021,FTG,CO,ANM,WE,Federal Contract Tower,0,0,14,0,14,0,0,113,0,113,0,0,127,0,127,228,0,228,355
07/23/2021,FTG,CO,ANM,WE,Federal Contract Tower,0,0,9,0,9,0,0,108,2,110,0,0,117,2,119,169,6,175,294
07/24/2021,FTG,CO,ANM,WE,Federal Contract Tower,0,0,10,0,10,0,0,128,0,128,0,0,138,0,138,254,0,254,392
07/25/2021,FTG,CO,ANM,WE,Federal Contract Tower,0,0,9,0,9,0,0,101,0,101,0,0,110,0,110,166,0,166,276
07/26/2021,FTG,CO,ANM,WE,Federal Contract Tower,0,0,9,0,9,0,0,150,4,154,0,0,159,4,163,247,2,249,412
07/27/2021,FTG,CO,ANM,WE,Federal Contract Tower,0,0,11,0,11,0,0,112,0,112,0,0,123,0,123,248,0,248,371
07/28/2021,FTG,CO,ANM,WE,Federal Contract Tower,0,0,4,0,4,0,0,97,2,99,0,0,101,2,103,212,2,214,317
07/29/2021,FTG,CO,ANM,WE,Federal Contract Tower,0,0,18,0,18,0,0,99,2,101,0,0,117,2,119,200,2,202,321
07/30/2021,FTG,CO,ANM,WE,Federal Contract Tower,0,0,8,0,8,0,1,124,2,127,0,1,132,2,135,181,6,187,322
07/31/2021,FTG,CO,ANM,WE,Federal Contract Tower,0,0,12,0,12,0,0,45,0,45,0,0,57,0,57,90,0,90,147
08/01/2021,FTG,CO,ANM,WE,Federal Contract Tower,0,0,19,0,19,0,0,75,0,75,0,0,94,0,94,124,0,124,218
08/02/2021,FTG,CO,ANM,WE,Federal Contract Tower,0,0,9,0,9,0,0,136,0,136,0,0,145,0,145,272,0,272,417
08/03/2021,FTG,CO,ANM,WE,Federal Contract Tower,0,0,2,0,2,0,0,84,2,86,0,0,86,2,88,254,0,254,342
08/04/2021,FTG,CO,ANM,WE,Federal Contract Tower,0,0,6,0,6,0,0,121,0,121,0,0,127,0,127,234,0,234,361
08/05/2021,FTG,CO,ANM,WE,Federal Contract Tower,0,0,11,0,11,0,0,147,2,149,0,0,158,2,160,321,0,321,481
08/06/2021,FTG,CO,ANM,WE,Federal Contract Tower,1,0,11,0,12,0,0,0,0,0,1,0,11,0,12,192,0,192,204
08/07/2021,FTG,CO,ANM,WE,Federal Contract Tower,0,0,16,0,16,0,0,97,0,97,0,0,113,0,113,38,0,38,151
08/08/2021,FTG,CO,ANM,WE,Federal Contract Tower,0,0,16,0,16,0,0,49,0,49,0,0,65,0,65,42,0,42,107
08/09/2021,FTG,CO,ANM,WE,Federal Contract Tower,0,0,14,0,14,0,0,113,0,113,0,0,127,0,127,336,0,336,463
08/10/2021,FTG,CO,ANM,WE,Federal Contract Tower,0,0,12,0,12,0,0,119,8,127,0,0,131,8,139,268,6,274,413
08/11/2021,FTG,CO,ANM,WE,Federal Contract Tower,0,0,12,0,12,0,0,147,6,153,0,0,159,6,165,298,6,304,469
08/12/2021,FTG,CO,ANM,WE,Federal Contract Tower,0,0,6,0,6,0,0,107,4,111,0,0,113,4,117,270,6,276,393
08/13/2021,FTG,CO,ANM,WE,Federal Contract Tower,0,0,15,0,15,0,0,141,2,143,0,0,156,2,158,269,2,271,429
08/14/2021,FTG,CO,ANM,WE,Federal Contract Tower,0,0,11,0,11,0,0,161,0,161,0,0,172,0,172,200,0,200,372
08/15/2021,FTG,CO,ANM,WE,Federal Contract Tower,0,0,7,0,7,0,0,93,0,93,0,0,100,0,100,148,0,148,248
08/16/2021,FTG,CO,ANM,WE,Federal Contract Tower,0,0,7,0,7,0,0,149,0,149,0,0,156,0,156,190,0,190,346
08/17/2021,FTG,CO,ANM,WE,Federal Contract Tower,0,0,9,0,9,0,0,105,6,111,0,0,114,6,120,224,24,248,368
08/18/2021,FTG,CO,ANM,WE,Federal Contract Tower,0,0,14,2,16,0,0,124,2,126,0,0,138,4,142,270,0,270,412
08/19/2021,FTG,CO,ANM,WE,Federal Contract Tower,0,0,8,0,8,0,0,50,0,50,0,0,58,0,58,172,0,172,230
08/20/2021,FTG,CO,ANM,WE,Federal Contract Tower,0,0,16,0,16,0,0,85,8,93,0,0,101,8,109,249,6,255,364
08/21/2021,FTG,CO,ANM,WE,Federal Contract Tower,0,0,2,0,2,0,0,63,0,63,0,0,65,0,65,88,0,88,153
08/22/2021,FTG,CO,ANM,WE,Federal Contract Tower,0,0,6,0,6,0,0,140,0,140,0,0,146,0,146,228,0,228,374
08/23/2021,FTG,CO,ANM,WE,Federal Contract Tower,0,0,2,0,2,0,0,129,6,135,0,0,131,6,137,208,12,220,357
08/24/2021,FTG,CO,ANM,WE,Federal Contract Tower,0,0,8,0,8,0,0,145,8,153,0,0,153,8,161,384,2,386,547
08/25/2021,FTG,CO,ANM,WE,Federal Contract Tower,0,2,8,0,10,0,0,138,2,140,0,2,146,2,150,248,12,260,410
08/26/2021,FTG,CO,ANM,WE,Federal Contract Tower,0,0,15,0,15,0,0,68,0,68,0,0,83,0,83,140,0,140,223
08/27/2021,FTG,CO,ANM,WE,Federal Contract Tower,0,0,5,0,5,0,0,155,2,157,0,0,160,2,162,251,2,253,415
08/28/2021,FTG,CO,ANM,WE,Federal Contract Tower,0,0,9,0,9,0,0,208,0,208,0,0,217,0,217,101,0,101,318
08/29/2021,FTG,CO,ANM,WE,Federal Contract Tower,0,0,12,0,12,0,0,100,0,100,0,0,112,0,112,180,0,180,292
08/30/2021,FTG,CO,ANM,WE,Federal Contract Tower,0,0,11,0,11,0,0,79,0,79,0,0,90,0,90,258,0,258,348
08/31/2021,FTG,CO,ANM,WE,Federal Contract Tower,0,0,14,0,14,0,0,100,4,104,0,0,114,4,118,296,8,304,422
09/01/2021,FTG,CO,ANM,WE,Federal Contract Tower,0,0,6,0,6,0,0,90,0,90,0,0,96,0,96,216,0,216,312
09/02/2021,FTG,CO,ANM,WE,Federal Contract Tower,0,0,6,0,6,0,0,111,0,111,0,0,117,0,117,294,0,294,411
09/03/2021,FTG,CO,ANM,WE,Federal Contract Tower,0,0,6,0,6,0,0,96,0,96,0,0,102,0,102,176,0,176,278
09/04/2021,FTG,CO,ANM,WE,Federal Contract Tower,0,0,10,0,10,0,0,120,0,120,0,0,130,0,130,243,0,243,373
09/05/2021,FTG,CO,ANM,WE,Federal Contract Tower,0,0,5,0,5,0,0,103,0,103,0,0,108,0,108,242,0,242,350
09/06/2021,FTG,CO,ANM,WE,Federal Contract Tower,0,0,9,0,9,0,0,97,0,97,0,0,106,0,106,278,0,278,384
09/07/2021,FTG,CO,ANM,WE,Federal Contract Tower,0,0,12,0,12,0,0,96,0,96,0,0,108,0,108,308,0,308,416
09/08/2021,FTG,CO,ANM,WE,Federal Contract Tower,0,0,6,3,9,0,0,119,7,126,0,0,125,10,135,287,2,289,424
09/09/2021,FTG,CO,ANM,WE,Federal Contract Tower,0,0,9,0,9,0,0,103,6,109,0,0,112,6,118,264,4,268,386
09/10/2021,FTG,CO,ANM,WE,Federal Contract Tower,0,0,16,0,16,0,0,90,4,94,0,0,106,4,110,222,0,222,332
09/11/2021,FTG,CO,ANM,WE,Federal Contract Tower,0,0,7,0,7,0,0,86,0,86,0,0,93,0,93,218,0,218,311
09/12/2021,FTG,CO,ANM,WE,Federal Contract Tower,0,0,13,0,13,0,0,97,0,97,0,0,110,0,110,196,0,196,306
09/13/2021,FTG,CO,ANM,WE,Federal Contract Tower,0,0,6,0,6,0,0,59,6,65,0,0,65,6,71,112,16,128,199
09/14/2021,FTG,CO,ANM,WE,Federal Contract Tower,0,0,3,0,3,0,0,113,2,115,0,0,116,2,118,178,0,178,296
09/15/2021,FTG,CO,ANM,WE,Federal Contract Tower,0,0,14,1,15,0,0,139,4,143,0,0,153,5,158,367,4,371,529
09/16/2021,FTG,CO,ANM,WE,Federal Contract Tower,0,0,20,0,20,0,0,119,4,123,0,0,139,4,143,172,32,204,347
09/17/2021,FTG,CO,ANM,WE,Federal Contract Tower,0,0,22,0,22,0,0,90,10,100,0,0,112,10,122,228,0,228,350
09/18/2021,FTG,CO,ANM,WE,Federal Contract Tower,0,0,11,0,11,0,0,140,0,140,0,0,151,0,151,194,0,194,345
09/19/2021,FTG,CO,ANM,WE,Federal Contract Tower,0,0,11,0,11,0,0,87,0,87,0,0,98,0,98,86,0,86,184
09/20/2021,FTG,CO,ANM,WE,Federal Contract Tower,0,0,10,0,10,0,0,79,0,79,0,0,89,0,89,116,0,116,205
09/21/2021,FTG,CO,ANM,WE,Federal Contract Tower,0,0,12,0,12,0,0,140,0,140,0,0,152,0,152,344,0,344,496
09/22/2021,FTG,CO,ANM,WE,Federal Contract Tower,0,0,10,1,11,0,0,136,1,137,0,0,146,2,148,264,0,264,412
09/23/2021,FTG,CO,ANM,WE,Federal Contract Tower,0,0,4,0,4,0,0,112,0,112,0,0,116,0,116,334,0,334,450
09/24/2021,FTG,CO,ANM,WE,Federal Contract Tower,0,0,10,0,10,0,0,119,1,120,0,0,129,1,130,218,0,218,348
09/25/2021,FTG,CO,ANM,WE,Federal Contract Tower,0,0,6,0,6,0,0,193,0,193,0,0,199,0,199,74,0,74,273
09/26/2021,FTG,CO,ANM,WE,Federal Contract Tower,0,0,4,0,4,0,0,105,0,105,0,0,109,0,109,206,0,206,315
09/27/2021,FTG,CO,ANM,WE,Federal Contract Tower,0,0,10,0,10,0,0,101,2,103,0,0,111,2,113,216,6,222,335
09/28/2021,FTG,CO,ANM,WE,Federal Contract Tower,0,0,4,0,4,0,0,98,0,98,0,0,102,0,102,136,0,136,238
09/29/2021,FTG,CO,ANM,WE,Federal Contract Tower,0,0,4,0,4,0,0,68,0,68,0,0,72,0,72,134,0,134,206
09/30/2021,FTG,CO,ANM,WE,Federal Contract Tower,0,0,8,0,8,0,0,80,0,80,0,0,88,0,88,220,0,220,308
10/01/2021,FTG,CO,ANM,WE,Federal Contract Tower,0,0,9,0,9,0,0,108,0,108,0,0,117,0,117,210,0,210,327
10/02/2021,FTG,CO,ANM,WE,Federal Contract Tower,0,0,8,0,8,0,0,126,0,126,0,0,134,0,134,204,0,204,338
10/03/2021,FTG,CO,ANM,WE,Federal Contract Tower,0,0,3,0,3,0,0,140,0,140,0,0,143,0,143,188,0,188,331
10/04/2021,FTG,CO,ANM,WE,Federal Contract Tower,0,0,6,1,7,0,0,109,1,110,0,0,115,2,117,244,0,244,361
10/05/2021,FTG,CO,ANM,WE,Federal Contract Tower,0,0,5,0,5,0,0,110,0,110,0,0,115,0,115,248,0,248,363
10/06/2021,FTG,CO,ANM,WE,Federal Contract Tower,0,0,14,2,16,0,0,114,2,116,0,0,128,4,132,200,4,204,336
10/07/2021,FTG,CO,ANM,WE,Federal Contract Tower,0,0,8,0,8,0,0,140,2,142,0,0,148,2,150,252,12,264,414
10/08/2021,FTG,CO,ANM,WE,Federal Contract Tower,0,0,5,0,5,0,0,98,0,98,0,0,103,0,103,256,0,256,359
10/09/2021,FTG,CO,ANM,WE,Federal Contract Tower,0,0,2,0,2,0,0,67,0,67,0,0,69,0,69,142,0,142,211
10/10/2021,FTG,CO,ANM,WE,Federal Contract Tower,0,0,11,0,11,0,0,147,0,147,0,0,158,0,158,202,0,202,360
10/11/2021,FTG,CO,ANM,WE,Federal Contract Tower,0,0,11,0,11,0,0,46,0,46,0,0,57,0,57,132,0,132,189
10/12/2021,FTG,CO,ANM,WE,Federal Contract Tower,0,2,3,0,5,0,0,54,2,56,0,2,57,2,61,224,2,226,287
10/13/2021,FTG,CO,ANM,WE,Federal Contract Tower,0,0,9,0,9,0,0,89,0,89,0,0,98,0,98,288,0,288,386
10/14/2021,FTG,CO,ANM,WE,Federal Contract Tower,0,0,4,0,4,0,0,50,2,52,0,0,54,2,56,52,0,52,108
10/15/2021,FTG,CO,ANM,WE,Federal Contract Tower,0,0,9,0,9,0,0,94,2,96,0,0,103,2,105,220,0,220,325
10/16/2021,FTG,CO,ANM,WE,Federal Contract Tower,0,0,10,0,10,0,0,115,0,115,0,0,125,0,125,336,0,336,461
10/17/2021,FTG,CO,ANM,WE,Federal Contract Tower,0,0,6,0,6,0,0,117,0,117,0,0,123,0,123,306,0,306,429
10/18/2021,FTG,CO,ANM,WE,Federal Contract Tower,0,0,6,0,6,0,0,93,2,95,0,0,99,2,101,222,0,222,323
10/19/2021,FTG,CO,ANM,WE,Federal Contract Tower,0,0,4,0,4,0,0,53,4,57,0,0,57,4,61,86,6,92,153
10/20/2021,FTG,CO,ANM,WE,Federal Contract Tower,0,4,9,0,13,0,0,136,6,142,0,4,145,6,155,232,12,244,399
10/21/2021,FTG,CO,ANM,WE,Federal Contract Tower,0,0,3,1,4,0,0,134,4,138,0,0,137,5,142,248,2,250,392
10/22/2021,FTG,CO,ANM,WE,Federal Contract Tower,0,0,8,0,8,0,0,97,4,101,0,0,105,4,109,300,4,304,413
10/23/2021,FTG,CO,ANM,WE,Federal Contract Tower,0,0,2,0,2,0,0,177,0,177,0,0,179,0,179,156,0,156,335
10/24/2021,FTG,CO,ANM,WE,Federal Contract Tower,0,0,4,0,4,0,0,80,0,80,0,0,84,0,84,160,0,160,244
10/25/2021,FTG,CO,ANM,WE,Federal Contract Tower,0,0,7,0,7,0,0,66,2,68,0,0,73,2,75,308,0,308,383
10/26/2021,FTG,CO,ANM,WE,Federal Contract Tower,0,0,3,0,3,0,2,40,0,42,0,2,43,0,45,92,0,92,137
10/27/2021,FTG,CO,ANM,WE,Federal Contract Tower,0,0,3,2,5,0,0,37,4,41,0,0,40,6,46,187,12,199,245
10/28/2021,FTG,CO,ANM,WE,Federal Contract Tower,0,0,0,0,0,0,0,120,2,122,0,0,120,2,122,0,274,274,396
10/29/2021,FTG,CO,ANM,WE,Federal Contract Tower,0,0,5,0,5,0,0,134,4,138,0,0,139,4,143,270,6,276,419
10/30/2021,FTG,CO,ANM,WE,Federal Contract Tower,0,0,3,0,3,0,0,121,0,121,0,0,124,0,124,178,0,178,302
10/31/2021,FTG,CO,ANM,WE,Federal Contract Tower,0,0,8,0,8,0,0,25,0,25,0,0,33,0,33,182,0,182,215
11/01/2021,FTG,CO,ANM,WE,Federal Contract Tower,0,2,11,0,13,0,0,13,0,13,0,2,24,0,26,20,0,20,46
11/02/2021,FTG,CO,ANM,WE,Federal Contract Tower,0,0,11,0,11,0,0,3,0,3,0,0,14,0,14,30,0,30,44
11/03/2021,FTG,CO,ANM,WE,Federal Contract Tower,0,0,9,1,10,0,0,147,1,148,0,0,156,2,158,368,0,368,526
11/04/2021,FTG,CO,ANM,WE,Federal Contract Tower,0,0,7,0,7,0,0,136,0,136,0,0,143,0,143,296,0,296,439
11/05/2021,FTG,CO,ANM,WE,Federal Contract Tower,0,0,8,0,8,0,0,135,0,135,0,0,143,0,143,318,0,318,461
11/06/2021,FTG,CO,ANM,WE,Federal Contract Tower,0,0,4,0,4,0,0,146,0,146,0,0,150,0,150,190,0,190,340
11/07/2021,FTG,CO,ANM,WE,Federal Contract Tower,0,0,14,0,14,0,0,114,0,114,0,0,128,0,128,226,0,226,354
11/08/2021,FTG,CO,ANM,WE,Federal Contract Tower,0,0,5,0,5,0,0,113,4,117,0,0,118,4,122,192,16,208,330
11/09/2021,FTG,CO,ANM,WE,Federal Contract Tower,0,0,8,0,8,0,0,123,0,123,0,0,131,0,131,358,0,358,489
11/10/2021,FTG,CO,ANM,WE,Federal Contract Tower,0,0,3,0,3,0,0,51,4,55,0,0,54,4,58,164,6,170,228
11/11/2021,FTG,CO,ANM,WE,Federal Contract Tower,0,0,5,0,5,0,0,68,0,68,0,0,73,0,73,96,0,96,169
11/12/2021,FTG,CO,ANM,WE,Federal Contract Tower,0,0,4,0,4,0,0,126,2,128,0,0,130,2,132,348,2,350,482
11/13/2021,FTG,CO,ANM,WE,Federal Contract Tower,0,0,1,0,1,0,0,78,0,78,0,0,79,0,79,146,0,146,225
11/14/2021,FTG,CO,ANM,WE,Federal Contract Tower,0,0,12,0,12,0,0,66,0,66,0,0,78,0,78,136,0,136,214
11/16/2021,FTG,CO,ANM,WE,Federal Contract Tower,0,2,3,0,5,0,0,51,0,51,0,2,54,0,56,122,0,122,178
11/17/2021,FTG,CO,ANM,WE,Federal Contract Tower,0,0,5,0,5,0,0,121,6,127,0,0,126,6,132,356,0,356,488
11/18/2021,FTG,CO,ANM,WE,Federal Contract Tower,0,0,18,0,18,0,0,121,4,125,0,0,139,4,143,306,0,306,449
11/19/2021,FTG,CO,ANM,WE,Federal Contract Tower,0,0,4,0,4,0,0,183,0,183,0,0,187,0,187,374,0,374,561
11/20/2021,FTG,CO,ANM,WE,Federal Contract Tower,0,0,9,0,9,0,0,115,0,115,0,0,124,0,124,228,0,228,352
11/21/2021,FTG,CO,ANM,WE,Federal Contract Tower,0,0,10,0,10,0,0,117,0,117,0,0,127,0,127,288,0,288,415
11/22/2021,FTG,CO,ANM,WE,Federal Contract Tower,0,0,7,0,7,0,0,118,4,122,0,0,125,4,129,242,14,256,385
11/23/2021,FTG,CO,ANM,WE,Federal Contract Tower,0,0,6,0,6,0,0,115,4,119,0,0,121,4,125,264,10,274,399
11/24/2021,FTG,CO,ANM,WE,Federal Contract Tower,0,0,7,0,7,0,0,17,0,17,0,0,24,0,24,18,0,18,42
11/25/2021,FTG,CO,ANM,WE,Federal Contract Tower,0,0,3,0,3,0,0,27,0,27,0,0,30,0,30,20,0,20,50
11/26/2021,FTG,CO,ANM,WE,Federal Contract Tower,0,0,7,0,7,0,0,116,0,116,0,0,123,0,123,278,0,278,401
11/27/2021,FTG,CO,ANM,WE,Federal Contract Tower,0,0,10,0,10,0,0,90,0,90,0,0,100,0,100,158,0,158,258
11/28/2021,FTG,CO,ANM,WE,Federal Contract Tower,0,0,8,0,8,0,0,98,2,100,0,0,106,2,108,213,0,213,321
11/29/2021,FTG,CO,ANM,WE,Federal Contract Tower,0,0,7,0,7,0,0,81,2,83,0,0,88,2,90,127,6,133,223
11/30/2021,FTG,CO,ANM,WE,Federal Contract Tower,0,0,12,2,14,0,0,94,10,104,0,0,106,12,118,240,10,250,368
12/01/2021,FTG,CO,ANM,WE,Federal Contract Tower,0,0,8,0,8,0,0,106,6,112,0,0,114,6,120,272,16,288,408
12/02/2021,FTG,CO,ANM,WE,Federal Contract Tower,0,0,6,0,6,0,1,0,0,1,0,1,6,0,7,264,0,264,271
12/03/2021,FTG,CO,ANM,WE,Federal Contract Tower,0,0,4,0,4,0,0,126,0,126,0,0,130,0,130,262,0,262,392
12/04/2021,FTG,CO,ANM,WE,Federal Contract Tower,0,0,3,0,3,0,0,142,0,142,0,0,145,0,145,208,0,208,353
12/05/2021,FTG,CO,ANM,WE,Federal Contract Tower,0,0,5,0,5,0,0,44,0,44,0,0,49,0,49,74,0,74,123
12/06/2021,FTG,CO,ANM,WE,Federal Contract Tower,0,0,6,0,6,0,0,66,0,66,0,0,72,0,72,201,0,201,273
12/07/2021,FTG,CO,ANM,WE,Federal Contract Tower,0,0,3,0,3,0,0,126,2,128,0,0,129,2,131,310,4,314,445
12/08/2021,FTG,CO,ANM,WE,Federal Contract Tower,0,0,6,0,6,0,0,125,0,125,0,0,131,0,131,224,0,224,355
12/09/2021,FTG,CO,ANM,WE,Federal Contract Tower,0,0,5,0,5,0,0,90,0,90,0,0,95,0,95,154,0,154,249
12/10/2021,FTG,CO,ANM,WE,Federal Contract Tower,0,0,4,0,4,0,0,15,0,15,0,0,19,0,19,44,0,44,63
12/11/2021,FTG,CO,ANM,WE,Federal Contract Tower,0,0,5,0,5,0,0,101,0,101,0,0,106,0,106,238,0,238,344
12/12/2021,FTG,CO,ANM,WE,Federal Contract Tower,0,0,8,0,8,0,0,131,0,131,0,0,139,0,139,364,0,364,503
12/13/2021,FTG,CO,ANM,WE,Federal Contract Tower,0,0,10,0,10,0,0,114,0,114,0,0,124,0,124,244,0,244,368
12/14/2021,FTG,CO,ANM,WE,Federal Contract Tower,0,0,4,0,4,0,0,89,0,89,0,0,93,0,93,138,0,138,231
12/15/2021,FTG,CO,ANM,WE,Federal Contract Tower,0,2,1,0,3,0,0,0,0,0,0,2,1,0,3,2,0,2,5
12/16/2021,FTG,CO,ANM,WE,Federal Contract Tower,0,0,9,0,9,0,0,145,2,147,0,0,154,2,156,178,0,178,334
12/17/2021,FTG,CO,ANM,WE,Federal Contract Tower,0,0,9,0,9,0,0,78,2,80,0,0,87,2,89,290,0,290,379
12/18/2021,FTG,CO,ANM,WE,Federal Contract Tower,0,0,7,0,7,0,0,136,0,136,0,0,143,0,143,268,0,268,411
12/19/2021,FTG,CO,ANM,WE,Federal Contract Tower,0,0,17,0,17,0,0,112,0,112,0,0,129,0,129,236,0,236,365
12/20/2021,FTG,CO,ANM,WE,Federal Contract Tower,0,0,10,0,10,0,0,129,0,129,0,0,139,0,139,240,0,240,379
12/21/2021,FTG,CO,ANM,WE,Federal Contract Tower,0,0,6,0,6,0,0,112,2,114,0,0,118,2,120,222,2,224,344
12/22/2021,FTG,CO,ANM,WE,Federal Contract Tower,0,0,6,0,6,0,0,83,0,83,0,0,89,0,89,262,0,262,351
12/23/2021,FTG,CO,ANM,WE,Federal Contract Tower,0,0,11,0,11,0,0,69,0,69,0,0,80,0,80,170,0,170,250
12/24/2021,FTG,CO,ANM,WE,Federal Contract Tower,0,0,3,0,3,0,0,34,0,34,0,0,37,0,37,40,0,40,77
12/25/2021,FTG,CO,ANM,WE,Federal Contract Tower,0,0,1,0,1,0,0,6,0,6,0,0,7,0,7,8,0,8,15
12/26/2021,FTG,CO,ANM,WE,Federal Contract Tower,0,1,6,0,7,0,0,22,0,22,0,1,28,0,29,38,0,38,67
12/27/2021,FTG,CO,ANM,WE,Federal Contract Tower,0,0,8,0,8,0,0,44,0,44,0,0,52,0,52,48,0,48,100
12/28/2021,FTG,CO,ANM,WE,Federal Contract Tower,0,0,5,0,5,0,0,112,0,112,0,0,117,0,117,316,0,316,433
12/29/2021,FTG,CO,ANM,WE,Federal Contract Tower,0,0,9,0,9,0,0,104,0,104,0,0,113,0,113,286,0,286,399
12/30/2021,FTG,CO,ANM,WE,Federal Contract Tower,0,1,7,0,8,0,1,19,0,20,0,2,26,0,28,0,0,0,28
12/31/2021,FTG,CO,ANM,WE,Federal Contract Tower,0,0,7,0,7,0,0,41,0,41,0,0,48,0,48,138,0,138,186
01/01/2022,FTG,CO,ANM,WE,Federal Contract Tower,0,0,3,0,3,0,0,0,0,0,0,0,3,0,3,0,0,0,3
01/02/2022,FTG,CO,ANM,WE,Federal Contract Tower,0,0,14,0,14,0,0,104,0,104,0,0,118,0,118,186,0,186,304
01/03/2022,FTG,CO,ANM,WE,Federal Contract Tower,0,0,10,0,10,0,0,140,0,140,0,0,150,0,150,220,0,220,370
01/04/2022,FTG,CO,ANM,WE,Federal Contract Tower,0,0,4,0,4,0,0,53,0,53,0,0,57,0,57,14,0,14,71
01/05/2022,FTG,CO,ANM,WE,Federal Contract Tower,0,0,3,0,3,0,0,30,0,30,0,0,33,0,33,84,0,84,117
01/06/2022,FTG,CO,ANM,WE,Federal Contract Tower,0,0,4,0,4,0,0,48,0,48,0,0,52,0,52,84,0,84,136
01/07/2022,FTG,CO,ANM,WE,Federal Contract Tower,0,0,9,1,10,0,0,77,0,77,0,0,86,1,87,110,0,110,197
01/08/2022,FTG,CO,ANM,WE,Federal Contract Tower,0,1,7,0,8,0,0,112,0,112,0,1,119,0,120,194,0,194,314
01/09/2022,FTG,CO,ANM,WE,Federal Contract Tower,0,0,11,0,11,0,0,52,0,52,0,0,63,0,63,92,0,92,155
01/10/2022,FTG,CO,ANM,WE,Federal Contract Tower,0,0,14,0,14,0,0,112,0,112,0,0,126,0,126,266,0,266,392
01/11/2022,FTG,CO,ANM,WE,Federal Contract Tower,0,0,8,0,8,0,0,184,2,186,0,0,192,2,194,366,0,366,560
01/12/2022,FTG,CO,ANM,WE,Federal Contract Tower,0,0,9,2,11,0,0,142,0,142,0,0,151,2,153,312,0,312,465
01/13/2022,FTG,CO,ANM,WE,Federal Contract Tower,0,0,7,0,7,0,0,146,0,146,0,0,153,0,153,264,0,264,417
01/14/2022,FTG,CO,ANM,WE,Federal Contract Tower,0,0,3,0,3,0,0,16,0,16,0,0,19,0,19,18,0,18,37
01/15/2022,FTG,CO,ANM,WE,Federal Contract Tower,0,0,3,0,3,0,0,114,0,114,0,0,117,0,117,194,0,194,311
01/16/2022,FTG,CO,ANM,WE,Federal Contract Tower,0,0,7,0,7,0,0,152,0,152,0,0,159,0,159,226,0,226,385
01/17/2022,FTG,CO,ANM,WE,Federal Contract Tower,0,0,4,0,4,0,0,184,0,184,0,0,188,0,188,337,0,337,525
01/18/2022,FTG,CO,ANM,WE,Federal Contract Tower,0,0,8,0,8,0,0,172,0,172,0,0,180,0,180,324,0,324,504
01/19/2022,FTG,CO,ANM,WE,Federal Contract Tower,0,0,0,0,0,0,0,0,0,0,0,0,0,0,0,0,0,0,0
01/20/2022,FTG,CO,ANM,WE,Federal Contract Tower,0,0,5,0,5,0,0,84,4,88,0,0,89,4,93,226,8,234,327
01/21/2022,FTG,CO,ANM,WE,Federal Contract Tower,0,0,4,0,4,0,0,5,0,5,0,0,9,0,9,20,0,20,29
01/22/2022,FTG,CO,ANM,WE,Federal Contract Tower,0,0,4,0,4,0,0,110,0,110,0,0,114,0,114,222,0,222,336
01/23/2022,FTG,CO,ANM,WE,Federal Contract Tower,0,0,9,0,9,0,0,168,0,168,0,0,177,0,177,268,0,268,445
01/24/2022,FTG,CO,ANM,WE,Federal Contract Tower,0,0,5,0,5,0,0,126,2,128,0,0,131,2,133,324,0,324,457
01/25/2022,FTG,CO,ANM,WE,Federal Contract Tower,0,0,2,0,2,0,0,4,0,4,0,0,6,0,6,0,0,0,6
01/26/2022,FTG,CO,ANM,WE,Federal Contract Tower,0,0,6,0,6,0,0,105,6,111,0,0,111,6,117,280,8,288,405
01/27/2022,FTG,CO,ANM,WE,Federal Contract Tower,0,0,3,0,3,0,0,8,0,8,0,0,11,0,11,6,0,6,17
01/28/2022,FTG,CO,ANM,WE,Federal Contract Tower,0,0,10,0,10,0,0,100,0,100,0,0,110,0,110,282,0,282,392
01/29/2022,FTG,CO,ANM,WE,Federal Contract Tower,0,0,5,0,5,0,0,228,0,228,0,0,233,0,233,152,0,152,385
01/30/2022,FTG,CO,ANM,WE,Federal Contract Tower,0,0,5,0,5,0,0,140,0,140,0,0,145,0,145,238,0,238,383
01/31/2022,FTG,CO,ANM,WE,Federal Contract Tower,0,0,3,0,3,0,0,110,0,110,0,0,113,0,113,80,0,80,193
02/01/2022,FTG,CO,ANM,WE,Federal Contract Tower,0,0,5,0,5,0,0,55,0,55,0,0,60,0,60,108,0,108,168
02/02/2022,FTG,CO,ANM,WE,Federal Contract Tower,0,0,3,0,3,0,0,0,0,0,0,0,3,0,3,0,0,0,3
02/03/2022,FTG,CO,ANM,WE,Federal Contract Tower,0,0,0,2,2,0,0,64,0,64,0,0,64,2,66,176,0,176,242
02/04/2022,FTG,CO,ANM,WE,Federal Contract Tower,0,3,9,0,12,0,0,107,0,107,0,3,116,0,119,286,0,286,405
02/05/2022,FTG,CO,ANM,WE,Federal Contract Tower,0,0,8,0,8,0,0,88,0,88,0,0,96,0,96,158,0,158,254
02/06/2022,FTG,CO,ANM,WE,Federal Contract Tower,0,0,12,0,12,0,0,114,0,114,0,0,126,0,126,200,0,200,326
02/07/2022,FTG,CO,ANM,WE,Federal Contract Tower,0,0,4,0,4,0,0,122,0,122,0,0,126,0,126,256,0,256,382
02/08/2022,FTG,CO,ANM,WE,Federal Contract Tower,0,0,10,0,10,0,0,111,2,113,0,0,121,2,123,163,0,163,286
02/09/2022,FTG,CO,ANM,WE,Federal Contract Tower,0,0,8,0,8,0,0,106,2,108,0,0,114,2,116,232,6,238,354
02/10/2022,FTG,CO,ANM,WE,Federal Contract Tower,0,0,9,1,10,0,0,135,5,140,0,0,144,6,150,264,18,282,432
02/11/2022,FTG,CO,ANM,WE,Federal Contract Tower,0,0,6,0,6,0,0,15,0,15,0,0,21,0,21,70,0,70,91
02/12/2022,FTG,CO,ANM,WE,Federal Contract Tower,0,0,2,0,2,0,0,106,0,106,0,0,108,0,108,258,0,258,366
02/13/2022,FTG,CO,ANM,WE,Federal Contract Tower,0,0,8,0,8,0,0,144,0,144,0,0,152,0,152,314,0,314,466
02/14/2022,FTG,CO,ANM,WE,Federal Contract Tower,0,0,4,0,4,0,0,144,8,152,0,0,148,8,156,132,6,138,294
02/15/2022,FTG,CO,ANM,WE,Federal Contract Tower,0,0,8,0,8,0,0,162,4,166,0,0,170,4,174,276,6,282,456
02/16/2022,FTG,CO,ANM,WE,Federal Contract Tower,0,0,3,0,3,0,0,4,0,4,0,0,7,0,7,0,0,0,7
02/17/2022,FTG,CO,ANM,WE,Federal Contract Tower,0,0,6,0,6,0,0,118,4,122,0,0,124,4,128,188,4,192,320
02/18/2022,FTG,CO,ANM,WE,Federal Contract Tower,0,0,12,0,12,0,0,137,4,141,0,0,149,4,153,324,12,336,489
02/19/2022,FTG,CO,ANM,WE,Federal Contract Tower,0,1,6,0,7,0,0,199,0,199,0,1,205,0,206,372,0,372,578
02/20/2022,FTG,CO,ANM,WE,Federal Contract Tower,0,0,11,0,11,0,0,170,0,170,0,0,181,0,181,266,0,266,447
02/21/2022,FTG,CO,ANM,WE,Federal Contract Tower,0,0,6,0,6,0,0,48,0,48,0,0,54,0,54,94,0,94,148
02/22/2022,FTG,CO,ANM,WE,Federal Contract Tower,0,0,3,0,3,0,0,0,0,0,0,0,3,0,3,6,0,6,9
02/23/2022,FTG,CO,ANM,WE,Federal Contract Tower,0,0,3,0,3,0,0,2,0,2,0,0,5,0,5,20,0,20,25
02/24/2022,FTG,CO,ANM,WE,Federal Contract Tower,0,1,3,0,4,0,0,108,2,110,0,1,111,2,114,180,2,182,296
02/25/2022,FTG,CO,ANM,WE,Federal Contract Tower,0,0,12,0,12,0,0,114,0,114,0,0,126,0,126,298,0,298,424
02/26/2022,FTG,CO,ANM,WE,Federal Contract Tower,0,0,6,0,6,0,0,172,0,172,0,0,178,0,178,208,0,208,386
02/27/2022,FTG,CO,ANM,WE,Federal Contract Tower,0,0,6,0,6,0,0,198,0,198,0,0,204,0,204,272,0,272,476
02/28/2022,FTG,CO,ANM,WE,Federal Contract Tower,0,0,4,0,4,0,0,163,4,167,0,0,167,4,171,212,4,216,387
03/01/2022,FTG,CO,ANM,WE,Federal Contract Tower,0,0,9,0,9,0,0,130,2,132,0,0,139,2,141,244,0,244,385
03/02/2022,FTG,CO,ANM,WE,Federal Contract Tower,0,0,11,0,11,0,0,153,0,153,0,0,164,0,164,224,0,224,388
03/03/2022,FTG,CO,ANM,WE,Federal Contract Tower,0,0,8,0,8,0,0,134,2,136,0,0,142,2,144,308,10,318,462
03/04/2022,FTG,CO,ANM,WE,Federal Contract Tower,0,1,2,1,4,0,0,106,1,107,0,1,108,2,111,179,0,179,290
03/05/2022,FTG,CO,ANM,WE,Federal Contract Tower,0,0,7,0,7,0,0,2,0,2,0,0,9,0,9,0,0,0,9
03/06/2022,FTG,CO,ANM,WE,Federal Contract Tower,0,0,1,0,1,0,0,2,0,2,0,0,3,0,3,0,0,0,3
03/07/2022,FTG,CO,ANM,WE,Federal Contract Tower,0,0,5,0,5,0,0,92,0,92,0,0,97,0,97,276,0,276,373
03/08/2022,FTG,CO,ANM,WE,Federal Contract Tower,0,0,8,0,8,0,0,126,0,126,0,0,134,0,134,310,0,310,444
03/09/2022,FTG,CO,ANM,WE,Federal Contract Tower,0,0,3,0,3,0,0,0,0,0,0,0,3,0,3,0,0,0,3
03/10/2022,FTG,CO,ANM,WE,Federal Contract Tower,0,0,4,0,4,0,0,27,0,27,0,0,31,0,31,119,0,119,150
03/11/2022,FTG,CO,ANM,WE,Federal Contract Tower,0,0,8,0,8,0,0,136,0,136,0,0,144,0,144,328,0,328,472
03/12/2022,FTG,CO,ANM,WE,Federal Contract Tower,0,0,13,0,13,0,0,135,0,135,0,0,148,0,148,230,0,230,378
03/13/2022,FTG,CO,ANM,WE,Federal Contract Tower,0,0,15,0,15,0,0,148,0,148,0,0,163,0,163,296,0,296,459
03/14/2022,FTG,CO,ANM,WE,Federal Contract Tower,0,0,7,0,7,0,0,68,2,70,0,0,75,2,77,80,6,86,163
03/15/2022,FTG,CO,ANM,WE,Federal Contract Tower,0,0,13,0,13,0,0,133,0,133,0,0,146,0,146,152,0,152,298
03/16/2022,FTG,CO,ANM,WE,Federal Contract Tower,0,0,6,4,10,0,0,65,0,65,0,0,71,4,75,120,0,120,195
03/17/2022,FTG,CO,ANM,WE,Federal Contract Tower,0,0,8,0,8,0,0,1,0,1,0,0,9,0,9,0,0,0,9
03/18/2022,FTG,CO,ANM,WE,Federal Contract Tower,0,0,16,0,16,0,0,120,0,120,0,0,136,0,136,354,0,354,490
03/19/2022,FTG,CO,ANM,WE,Federal Contract Tower,0,1,15,0,16,0,0,183,2,185,0,1,198,2,201,300,4,304,505
03/20/2022,FTG,CO,ANM,WE,Federal Contract Tower,0,0,12,0,12,0,0,115,0,115,0,0,127,0,127,219,0,219,346
03/21/2022,FTG,CO,ANM,WE,Federal Contract Tower,0,0,5,0,5,0,0,7,0,7,0,0,12,0,12,0,0,0,12
03/22/2022,FTG,CO,ANM,WE,Federal Contract Tower,0,0,1,0,1,0,0,9,0,9,0,0,10,0,10,32,0,32,42
03/23/2022,FTG,CO,ANM,WE,Federal Contract Tower,0,0,5,0,5,0,0,12,0,12,0,0,17,0,17,2,0,2,19
03/24/2022,FTG,CO,ANM,WE,Federal Contract Tower,0,0,11,0,11,0,0,110,0,110,0,0,121,0,121,136,0,136,257
03/25/2022,FTG,CO,ANM,WE,Federal Contract Tower,0,1,6,0,7,0,0,159,0,159,0,1,165,0,166,248,0,248,414
03/26/2022,FTG,CO,ANM,WE,Federal Contract Tower,0,0,6,0,6,0,0,153,0,153,0,0,159,0,159,114,0,114,273
03/27/2022,FTG,CO,ANM,WE,Federal Contract Tower,0,0,9,0,9,0,0,161,0,161,0,0,170,0,170,467,0,467,637
03/28/2022,FTG,CO,ANM,WE,Federal Contract Tower,0,0,7,0,7,0,0,128,1,129,0,0,135,1,136,272,0,272,408
03/29/2022,FTG,CO,ANM,WE,Federal Contract Tower,0,0,4,0,4,0,0,34,0,34,0,0,38,0,38,128,0,128,166
03/30/2022,FTG,CO,ANM,WE,Federal Contract Tower,0,0,4,0,4,0,0,54,0,54,0,0,58,0,58,54,0,54,112
03/31/2022,FTG,CO,ANM,WE,Federal Contract Tower,0,0,8,0,8,0,0,129,2,131,0,0,137,2,139,350,5,355,494
04/01/2022,FTG,CO,ANM,WE,Federal Contract Tower,0,0,13,0,13,0,0,70,0,70,0,0,83,0,83,180,0,180,263
04/02/2022,FTG,CO,ANM,WE,Federal Contract Tower,0,0,4,0,4,0,0,194,0,194,0,0,198,0,198,368,0,368,566
04/03/2022,FTG,CO,ANM,WE,Federal Contract Tower,0,0,3,0,3,0,0,114,0,114,0,0,117,0,117,284,0,284,401
04/04/2022,FTG,CO,ANM,WE,Federal Contract Tower,0,0,13,0,13,0,0,72,2,74,0,0,85,2,87,162,18,180,267
04/05/2022,FTG,CO,ANM,WE,Federal Contract Tower,0,0,2,0,2,0,0,22,0,22,0,0,24,0,24,4,0,4,28
04/06/2022,FTG,CO,ANM,WE,Federal Contract Tower,0,0,2,0,2,0,0,1,0,1,0,0,3,0,3,0,0,0,3
04/07/2022,FTG,CO,ANM,WE,Federal Contract Tower,0,0,2,0,2,0,0,22,2,24,0,0,24,2,26,2,0,2,28
04/08/2022,FTG,CO,ANM,WE,Federal Contract Tower,0,0,12,0,12,0,0,209,0,209,0,0,221,0,221,438,0,438,659
04/09/2022,FTG,CO,ANM,WE,Federal Contract Tower,0,0,6,0,6,0,0,103,0,103,0,0,109,0,109,152,0,152,261
04/10/2022,FTG,CO,ANM,WE,Federal Contract Tower,0,0,2,0,2,0,0,49,0,49,0,0,51,0,51,122,0,122,173
04/11/2022,FTG,CO,ANM,WE,Federal Contract Tower,0,0,3,0,3,0,0,70,2,72,0,0,73,2,75,116,4,120,195
04/12/2022,FTG,CO,ANM,WE,Federal Contract Tower,0,0,3,0,3,0,0,26,0,26,0,0,29,0,29,60,0,60,89
04/13/2022,FTG,CO,ANM,WE,Federal Contract Tower,0,0,3,3,6,0,0,54,1,55,0,0,57,4,61,115,0,115,176
04/14/2022,FTG,CO,ANM,WE,Federal Contract Tower,0,0,9,0,9,0,0,66,6,72,0,0,75,6,81,158,12,170,251
04/15/2022,FTG,CO,ANM,WE,Federal Contract Tower,0,0,5,0,5,0,0,131,2,133,0,0,136,2,138,260,10,270,408
04/16/2022,FTG,CO,ANM,WE,Federal Contract Tower,0,0,5,0,5,0,0,105,0,105,0,0,110,0,110,144,0,144,254
04/17/2022,FTG,CO,ANM,WE,Federal Contract Tower,0,0,4,0,4,0,0,56,0,56,0,0,60,0,60,118,0,118,178
04/18/2022,FTG,CO,ANM,WE,Federal Contract Tower,0,0,6,0,6,0,0,121,6,127,0,0,127,6,133,112,8,120,253
04/19/2022,FTG,CO,ANM,WE,Federal Contract Tower,0,0,15,2,17,0,0,143,8,151,0,0,158,10,168,207,8,215,383
04/20/2022,FTG,CO,ANM,WE,Federal Contract Tower,0,0,9,0,9,0,0,174,2,176,0,0,183,2,185,341,4,345,530
04/21/2022,FTG,CO,ANM,WE,Federal Contract Tower,0,0,3,0,3,0,0,24,0,24,0,0,27,0,27,29,0,29,56
04/22/2022,FTG,CO,ANM,WE,Federal Contract Tower,0,0,7,0,7,0,0,32,0,32,0,0,39,0,39,50,0,50,89
04/23/2022,FTG,CO,ANM,WE,Federal Contract Tower,0,0,6,0,6,0,0,20,0,20,0,0,26,0,26,42,0,42,68
04/24/2022,FTG,CO,ANM,WE,Federal Contract Tower,0,0,6,0,6,0,0,109,0,109,0,0,115,0,115,202,0,202,317
04/25/2022,FTG,CO,ANM,WE,Federal Contract Tower,0,2,5,0,7,0,0,163,4,167,0,2,168,4,174,313,24,337,511
04/26/2022,FTG,CO,ANM,WE,Federal Contract Tower,0,0,5,0,5,0,0,192,10,202,0,0,197,10,207,376,20,396,603
04/27/2022,FTG,CO,ANM,WE,Federal Contract Tower,0,0,18,0,18,0,0,138,6,144,0,0,156,6,162,300,8,308,470
04/28/2022,FTG,CO,ANM,WE,Federal Contract Tower,0,0,6,0,6,0,0,215,0,215,0,0,221,0,221,412,0,412,633
04/29/2022,FTG,CO,ANM,WE,Federal Contract Tower,0,0,4,0,4,0,0,17,0,17,0,0,21,0,21,52,0,52,73
04/30/2022,FTG,CO,ANM,WE,Federal Contract Tower,0,0,12,0,12,0,0,160,0,160,0,0,172,0,172,142,0,142,314
