01/01/2000,FTW,TX,ASW,CE,Towers with Display (VFR),0,0,27,0,27,0,0,95,0,95,0,0,122,0,122,56,0,56,178
01/02/2000,FTW,TX,ASW,CE,Towers with Display (VFR),0,0,39,0,39,0,1,107,0,108,0,1,146,0,147,226,0,226,373
01/03/2000,FTW,TX,ASW,CE,Towers with Display (VFR),1,1,39,0,41,1,1,151,0,153,2,2,190,0,194,152,0,152,346
01/04/2000,FTW,TX,ASW,CE,Towers with Display (VFR),1,2,65,0,68,0,0,168,0,168,1,2,233,0,236,188,0,188,424
01/05/2000,FTW,TX,ASW,CE,Towers with Display (VFR),0,4,64,0,68,0,1,274,0,275,0,5,338,0,343,304,0,304,647
01/06/2000,FTW,TX,ASW,CE,Towers with Display (VFR),0,5,80,0,85,0,0,335,1,336,0,5,415,1,421,520,0,520,941
01/07/2000,FTW,TX,ASW,CE,Towers with Display (VFR),0,1,39,0,40,0,3,95,0,98,0,4,134,0,138,256,0,256,394
01/08/2000,FTW,TX,ASW,CE,Towers with Display (VFR),0,1,60,0,61,0,0,81,0,81,0,1,141,0,142,56,0,56,198
01/09/2000,FTW,TX,ASW,CE,Towers with Display (VFR),0,2,42,0,44,0,0,267,0,267,0,2,309,0,311,236,0,236,547
01/10/2000,FTW,TX,ASW,CE,Towers with Display (VFR),0,7,97,0,104,0,0,405,0,405,0,7,502,0,509,362,0,362,871
01/11/2000,FTW,TX,ASW,CE,Towers with Display (VFR),0,2,91,0,93,0,0,348,0,348,0,2,439,0,441,794,4,798,1239
01/12/2000,FTW,TX,ASW,CE,Towers with Display (VFR),0,3,95,0,98,0,0,288,0,288,0,3,383,0,386,451,0,451,837
01/13/2000,FTW,TX,ASW,CE,Towers with Display (VFR),1,8,109,0,118,0,6,284,1,291,1,14,393,1,409,632,8,640,1049
01/14/2000,FTW,TX,ASW,CE,Towers with Display (VFR),1,4,61,0,66,1,7,437,2,447,2,11,498,2,513,736,0,736,1249
01/15/2000,FTW,TX,ASW,CE,Towers with Display (VFR),0,0,63,0,63,0,0,222,0,222,0,0,285,0,285,388,0,388,673
01/16/2000,FTW,TX,ASW,CE,Towers with Display (VFR),1,2,42,0,45,0,0,252,0,252,1,2,294,0,297,524,0,524,821
01/17/2000,FTW,TX,ASW,CE,Towers with Display (VFR),0,4,125,1,130,1,0,367,2,370,1,4,492,3,500,572,0,572,1072
01/18/2000,FTW,TX,ASW,CE,Towers with Display (VFR),0,7,93,1,101,0,0,105,0,105,0,7,198,1,206,278,0,278,484
01/19/2000,FTW,TX,ASW,CE,Towers with Display (VFR),1,4,183,0,188,1,0,330,0,331,2,4,513,0,519,542,0,542,1061
01/20/2000,FTW,TX,ASW,CE,Towers with Display (VFR),0,8,141,0,149,0,0,442,0,442,0,8,583,0,591,937,0,937,1528
01/21/2000,FTW,TX,ASW,CE,Towers with Display (VFR),0,8,118,0,126,0,1,400,0,401,0,9,518,0,527,568,0,568,1095
01/22/2000,FTW,TX,ASW,CE,Towers with Display (VFR),0,2,83,1,86,0,0,410,0,410,0,2,493,1,496,536,0,536,1032
01/23/2000,FTW,TX,ASW,CE,Towers with Display (VFR),0,3,62,1,66,0,0,229,3,232,0,3,291,4,298,262,2,264,562
01/24/2000,FTW,TX,ASW,CE,Towers with Display (VFR),0,6,91,0,97,1,1,342,0,344,1,7,433,0,441,592,0,592,1033
01/25/2000,FTW,TX,ASW,CE,Towers with Display (VFR),0,4,90,0,94,0,0,323,0,323,0,4,413,0,417,528,0,528,945
01/26/2000,FTW,TX,ASW,CE,Towers with Display (VFR),0,7,145,1,153,0,0,319,0,319,0,7,464,1,472,482,0,482,954
01/27/2000,FTW,TX,ASW,CE,Towers with Display (VFR),0,1,23,0,24,0,4,10,0,14,0,5,33,0,38,4,0,4,42
01/28/2000,FTW,TX,ASW,CE,Towers with Display (VFR),0,2,35,1,38,0,6,51,0,57,0,8,86,1,95,4,0,4,99
01/29/2000,FTW,TX,ASW,CE,Towers with Display (VFR),0,2,30,1,33,1,0,89,0,90,1,2,119,1,123,104,0,104,227
01/30/2000,FTW,TX,ASW,CE,Towers with Display (VFR),0,2,49,0,51,1,0,190,1,192,1,2,239,1,243,260,0,260,503
01/31/2000,FTW,TX,ASW,CE,Towers with Display (VFR),0,8,123,0,131,0,6,324,0,330,0,14,447,0,461,394,0,394,855
02/01/2000,FTW,TX,ASW,CE,Towers with Display (VFR),0,1,81,0,82,0,0,253,0,253,0,1,334,0,335,488,0,488,823
02/02/2000,FTW,TX,ASW,CE,Towers with Display (VFR),0,4,82,0,86,0,3,272,0,275,0,7,354,0,361,594,0,594,955
02/03/2000,FTW,TX,ASW,CE,Towers with Display (VFR),0,3,116,0,119,0,0,381,0,381,0,3,497,0,500,598,0,598,1098
02/04/2000,FTW,TX,ASW,CE,Towers with Display (VFR),0,5,104,0,109,0,1,318,0,319,0,6,422,0,428,310,0,310,738
02/05/2000,FTW,TX,ASW,CE,Towers with Display (VFR),0,3,76,0,79,0,3,424,0,427,0,6,500,0,506,362,0,362,868
02/06/2000,FTW,TX,ASW,CE,Towers with Display (VFR),0,1,83,0,84,0,0,225,0,225,0,1,308,0,309,250,0,250,559
02/07/2000,FTW,TX,ASW,CE,Towers with Display (VFR),1,6,101,0,108,0,6,181,0,187,1,12,282,0,295,532,0,532,827
02/08/2000,FTW,TX,ASW,CE,Towers with Display (VFR),0,4,101,0,105,0,0,426,0,426,0,4,527,0,531,854,0,854,1385
02/09/2000,FTW,TX,ASW,CE,Towers with Display (VFR),0,6,85,0,91,0,6,277,1,284,0,12,362,1,375,234,0,234,609
02/10/2000,FTW,TX,ASW,CE,Towers with Display (VFR),1,11,163,0,175,0,1,371,0,372,1,12,534,0,547,588,0,588,1135
02/11/2000,FTW,TX,ASW,CE,Towers with Display (VFR),0,5,111,0,116,0,0,334,2,336,0,5,445,2,452,537,0,537,989
02/12/2000,FTW,TX,ASW,CE,Towers with Display (VFR),1,2,88,0,91,2,0,257,0,259,3,2,345,0,350,342,0,342,692
02/13/2000,FTW,TX,ASW,CE,Towers with Display (VFR),0,0,54,0,54,0,0,135,2,137,0,0,189,2,191,82,0,82,273
02/14/2000,FTW,TX,ASW,CE,Towers with Display (VFR),0,2,113,0,115,0,0,392,3,395,0,2,505,3,510,698,0,698,1208
02/15/2000,FTW,TX,ASW,CE,Towers with Display (VFR),0,4,121,0,125,0,0,396,0,396,0,4,517,0,521,690,0,690,1211
02/16/2000,FTW,TX,ASW,CE,Towers with Display (VFR),0,4,60,0,64,0,1,182,0,183,0,5,242,0,247,122,0,122,369
02/17/2000,FTW,TX,ASW,CE,Towers with Display (VFR),0,6,79,1,86,1,7,157,1,166,1,13,236,2,252,396,0,396,648
02/18/2000,FTW,TX,ASW,CE,Towers with Display (VFR),0,6,135,1,142,2,0,281,0,283,2,6,416,1,425,500,0,500,925
02/19/2000,FTW,TX,ASW,CE,Towers with Display (VFR),0,2,57,0,59,0,0,377,0,377,0,2,434,0,436,284,0,284,720
02/20/2000,FTW,TX,ASW,CE,Towers with Display (VFR),0,0,43,0,43,0,0,229,0,229,0,0,272,0,272,240,0,240,512
02/21/2000,FTW,TX,ASW,CE,Towers with Display (VFR),0,2,102,1,105,0,0,283,2,285,0,2,385,3,390,728,0,728,1118
02/22/2000,FTW,TX,ASW,CE,Towers with Display (VFR),0,6,90,1,97,2,3,84,1,90,2,9,174,2,187,296,20,316,503
02/23/2000,FTW,TX,ASW,CE,Towers with Display (VFR),0,9,122,0,131,0,2,361,0,363,0,11,483,0,494,482,0,482,976
02/24/2000,FTW,TX,ASW,CE,Towers with Display (VFR),0,9,129,0,138,0,4,147,0,151,0,13,276,0,289,264,0,264,553
02/25/2000,FTW,TX,ASW,CE,Towers with Display (VFR),0,8,106,1,115,4,4,325,0,333,4,12,431,1,448,330,0,330,778
02/26/2000,FTW,TX,ASW,CE,Towers with Display (VFR),0,0,70,1,71,1,0,302,0,303,1,0,372,1,374,172,0,172,546
02/27/2000,FTW,TX,ASW,CE,Towers with Display (VFR),0,1,86,1,88,1,0,311,0,312,1,1,397,1,400,280,0,280,680
02/28/2000,FTW,TX,ASW,CE,Towers with Display (VFR),0,7,93,1,101,0,2,264,0,266,0,9,357,1,367,416,2,418,785
02/29/2000,FTW,TX,ASW,CE,Towers with Display (VFR),0,6,82,1,89,1,1,264,0,266,1,7,346,1,355,450,2,452,807
03/01/2000,FTW,TX,ASW,CE,Towers with Display (VFR),1,3,108,0,112,0,0,362,0,362,1,3,470,0,474,312,0,312,786
03/02/2000,FTW,TX,ASW,CE,Towers with Display (VFR),0,3,68,0,71,0,2,115,0,117,0,5,183,0,188,470,0,470,658
03/03/2000,FTW,TX,ASW,CE,Towers with Display (VFR),0,6,107,0,113,0,9,248,0,257,0,15,355,0,370,430,0,430,800
03/04/2000,FTW,TX,ASW,CE,Towers with Display (VFR),0,2,73,0,75,0,0,433,0,433,0,2,506,0,508,454,0,454,962
03/05/2000,FTW,TX,ASW,CE,Towers with Display (VFR),0,0,83,0,83,0,0,243,1,244,0,0,326,1,327,144,0,144,471
03/06/2000,FTW,TX,ASW,CE,Towers with Display (VFR),1,6,92,0,99,1,1,165,0,167,2,7,257,0,266,444,0,444,710
03/07/2000,FTW,TX,ASW,CE,Towers with Display (VFR),1,1,76,0,78,0,0,125,0,125,1,1,201,0,203,680,0,680,883
03/08/2000,FTW,TX,ASW,CE,Towers with Display (VFR),0,4,115,0,119,0,0,408,0,408,0,4,523,0,527,954,0,954,1481
03/09/2000,FTW,TX,ASW,CE,Towers with Display (VFR),0,4,145,0,149,0,0,448,0,448,0,4,593,0,597,726,0,726,1323
03/10/2000,FTW,TX,ASW,CE,Towers with Display (VFR),1,2,65,0,68,1,0,113,2,116,2,2,178,2,184,142,0,142,326
03/11/2000,FTW,TX,ASW,CE,Towers with Display (VFR),0,0,60,0,60,0,0,339,0,339,0,0,399,0,399,382,0,382,781
03/12/2000,FTW,TX,ASW,CE,Towers with Display (VFR),0,1,51,0,52,0,0,392,0,392,0,1,443,0,444,304,0,304,748
03/13/2000,FTW,TX,ASW,CE,Towers with Display (VFR),0,1,105,0,106,0,0,408,0,408,0,1,513,0,514,592,0,592,1106
03/14/2000,FTW,TX,ASW,CE,Towers with Display (VFR),0,3,77,0,80,0,0,252,0,252,0,3,329,0,332,902,0,902,1234
03/15/2000,FTW,TX,ASW,CE,Towers with Display (VFR),0,11,143,0,154,0,2,281,0,283,0,13,424,0,437,686,0,686,1123
03/16/2000,FTW,TX,ASW,CE,Towers with Display (VFR),0,7,90,0,97,0,9,166,0,175,0,16,256,0,272,606,0,606,878
03/17/2000,FTW,TX,ASW,CE,Towers with Display (VFR),1,6,69,0,76,0,21,167,2,190,1,27,236,2,266,848,0,848,1114
03/18/2000,FTW,TX,ASW,CE,Towers with Display (VFR),0,6,69,0,75,0,12,179,0,191,0,18,248,0,266,196,0,196,462
03/19/2000,FTW,TX,ASW,CE,Towers with Display (VFR),0,3,62,0,65,0,0,216,0,216,0,3,278,0,281,162,0,162,443
03/20/2000,FTW,TX,ASW,CE,Towers with Display (VFR),0,5,82,0,87,0,0,321,0,321,0,5,403,0,408,356,0,356,764
03/21/2000,FTW,TX,ASW,CE,Towers with Display (VFR),0,2,32,1,35,2,5,115,0,122,2,7,147,1,157,570,0,570,727
03/22/2000,FTW,TX,ASW,CE,Towers with Display (VFR),0,7,86,0,93,0,4,78,0,82,0,11,164,0,175,132,0,132,307
03/23/2000,FTW,TX,ASW,CE,Towers with Display (VFR),0,8,98,0,106,1,1,195,0,197,1,9,293,0,303,247,0,247,550
03/24/2000,FTW,TX,ASW,CE,Towers with Display (VFR),0,9,114,0,123,0,0,469,0,469,0,9,583,0,592,620,0,620,1212
03/25/2000,FTW,TX,ASW,CE,Towers with Display (VFR),0,0,60,0,60,0,0,313,0,313,0,0,373,0,373,438,0,438,811
03/26/2000,FTW,TX,ASW,CE,Towers with Display (VFR),0,5,66,0,71,0,2,247,0,249,0,7,313,0,320,204,0,204,524
03/27/2000,FTW,TX,ASW,CE,Towers with Display (VFR),0,7,94,1,102,1,7,406,4,418,1,14,500,5,520,616,0,616,1136
03/28/2000,FTW,TX,ASW,CE,Towers with Display (VFR),0,6,73,0,79,0,4,266,0,270,0,10,339,0,349,604,0,604,953
03/29/2000,FTW,TX,ASW,CE,Towers with Display (VFR),0,8,102,1,111,0,3,329,2,334,0,11,431,3,445,952,0,952,1397
03/30/2000,FTW,TX,ASW,CE,Towers with Display (VFR),0,9,110,1,120,0,9,320,5,334,0,18,430,6,454,1564,0,1564,2018
03/31/2000,FTW,TX,ASW,CE,Towers with Display (VFR),0,7,85,1,93,0,12,277,0,289,0,19,362,1,382,674,0,674,1056
04/01/2000,FTW,TX,ASW,CE,Towers with Display (VFR),0,2,43,0,45,0,1,124,7,132,0,3,167,7,177,66,0,66,243
04/02/2000,FTW,TX,ASW,CE,Towers with Display (VFR),0,1,41,0,42,0,100,173,6,279,0,101,214,6,321,22,0,22,343
04/03/2000,FTW,TX,ASW,CE,Towers with Display (VFR),1,3,70,0,74,0,1,222,0,223,1,4,292,0,297,690,0,690,987
04/04/2000,FTW,TX,ASW,CE,Towers with Display (VFR),0,5,89,0,94,0,9,312,0,321,0,14,401,0,415,1341,0,1341,1756
04/05/2000,FTW,TX,ASW,CE,Towers with Display (VFR),1,7,112,0,120,0,0,420,0,420,1,7,532,0,540,748,0,748,1288
04/06/2000,FTW,TX,ASW,CE,Towers with Display (VFR),1,8,130,0,139,0,0,365,0,365,1,8,495,0,504,524,0,524,1028
04/07/2000,FTW,TX,ASW,CE,Towers with Display (VFR),2,6,78,1,87,0,2,363,1,366,2,8,441,2,453,606,0,606,1059
04/08/2000,FTW,TX,ASW,CE,Towers with Display (VFR),0,5,59,1,65,0,0,400,0,400,0,5,459,1,465,506,0,506,971
04/09/2000,FTW,TX,ASW,CE,Towers with Display (VFR),1,1,68,1,71,0,0,323,0,323,1,1,391,1,394,526,0,526,920
04/10/2000,FTW,TX,ASW,CE,Towers with Display (VFR),0,4,58,0,62,0,0,200,0,200,0,4,258,0,262,618,0,618,880
04/11/2000,FTW,TX,ASW,CE,Towers with Display (VFR),0,5,69,0,74,0,7,13,0,20,0,12,82,0,94,200,0,200,294
04/12/2000,FTW,TX,ASW,CE,Towers with Display (VFR),1,4,56,1,62,0,0,52,0,52,1,4,108,1,114,4,0,4,118
04/13/2000,FTW,TX,ASW,CE,Towers with Display (VFR),1,5,105,0,111,0,0,384,0,384,1,5,489,0,495,1478,0,1478,1973
04/14/2000,FTW,TX,ASW,CE,Towers with Display (VFR),0,6,85,0,91,0,6,417,0,423,0,12,502,0,514,548,0,548,1062
04/15/2000,FTW,TX,ASW,CE,Towers with Display (VFR),1,3,80,0,84,0,0,223,0,223,1,3,303,0,307,356,0,356,663
04/16/2000,FTW,TX,ASW,CE,Towers with Display (VFR),1,1,45,0,47,0,0,168,0,168,1,1,213,0,215,344,0,344,559
04/17/2000,FTW,TX,ASW,CE,Towers with Display (VFR),3,6,79,0,88,4,0,434,0,438,7,6,513,0,526,1128,0,1128,1654
04/18/2000,FTW,TX,ASW,CE,Towers with Display (VFR),1,8,107,1,117,0,0,317,3,320,1,8,424,4,437,736,6,742,1179
04/19/2000,FTW,TX,ASW,CE,Towers with Display (VFR),0,9,129,0,138,0,0,388,0,388,0,9,517,0,526,682,0,682,1208
04/20/2000,FTW,TX,ASW,CE,Towers with Display (VFR),0,6,89,0,95,0,0,319,0,319,0,6,408,0,414,582,0,582,996
04/21/2000,FTW,TX,ASW,CE,Towers with Display (VFR),1,0,62,0,63,0,0,471,0,471,1,0,533,0,534,548,0,548,1082
04/22/2000,FTW,TX,ASW,CE,Towers with Display (VFR),1,3,48,0,52,0,2,325,0,327,1,5,373,0,379,294,0,294,673
04/23/2000,FTW,TX,ASW,CE,Towers with Display (VFR),2,3,48,0,53,0,2,146,0,148,2,5,194,0,201,40,0,40,241
04/24/2000,FTW,TX,ASW,CE,Towers with Display (VFR),2,7,106,0,115,0,2,382,0,384,2,9,488,0,499,538,0,538,1037
04/25/2000,FTW,TX,ASW,CE,Towers with Display (VFR),0,7,102,0,109,0,0,378,0,378,0,7,480,0,487,710,0,710,1197
04/26/2000,FTW,TX,ASW,CE,Towers with Display (VFR),0,1,82,0,83,0,0,362,0,362,0,1,444,0,445,689,0,689,1134
04/27/2000,FTW,TX,ASW,CE,Towers with Display (VFR),4,1,103,0,108,0,0,300,0,300,4,1,403,0,408,458,0,458,866
04/28/2000,FTW,TX,ASW,CE,Towers with Display (VFR),0,5,71,0,76,0,3,507,0,510,0,8,578,0,586,672,0,672,1258
04/29/2000,FTW,TX,ASW,CE,Towers with Display (VFR),0,2,44,0,46,0,0,393,0,393,0,2,437,0,439,442,0,442,881
04/30/2000,FTW,TX,ASW,CE,Towers with Display (VFR),0,0,30,0,30,0,0,51,0,51,0,0,81,0,81,58,0,58,139
05/01/2000,FTW,TX,ASW,CE,Towers with Display (VFR),0,4,67,1,72,0,3,300,1,304,0,7,367,2,376,546,0,546,922
05/02/2000,FTW,TX,ASW,CE,Towers with Display (VFR),0,0,84,0,84,0,0,335,0,335,0,0,419,0,419,796,0,796,1215
05/03/2000,FTW,TX,ASW,CE,Towers with Display (VFR),0,2,52,0,54,0,1,99,2,102,0,3,151,2,156,262,0,262,418
05/04/2000,FTW,TX,ASW,CE,Towers with Display (VFR),0,6,123,2,131,0,8,169,0,177,0,14,292,2,308,630,0,630,938
05/05/2000,FTW,TX,ASW,CE,Towers with Display (VFR),0,4,81,0,85,0,1,46,0,47,0,5,127,0,132,100,0,100,232
05/06/2000,FTW,TX,ASW,CE,Towers with Display (VFR),0,3,55,0,58,0,2,159,0,161,0,5,214,0,219,64,0,64,283
05/07/2000,FTW,TX,ASW,CE,Towers with Display (VFR),0,3,53,0,56,0,2,203,2,207,0,5,256,2,263,142,0,142,405
05/08/2000,FTW,TX,ASW,CE,Towers with Display (VFR),0,6,102,0,108,0,3,317,0,320,0,9,419,0,428,378,0,378,806
05/09/2000,FTW,TX,ASW,CE,Towers with Display (VFR),1,6,99,0,106,0,0,372,0,372,1,6,471,0,478,886,0,886,1364
05/10/2000,FTW,TX,ASW,CE,Towers with Display (VFR),0,6,117,0,123,0,0,423,0,423,0,6,540,0,546,1046,0,1046,1592
05/11/2000,FTW,TX,ASW,CE,Towers with Display (VFR),1,1,89,0,91,0,0,333,0,333,1,1,422,0,424,628,0,628,1052
05/12/2000,FTW,TX,ASW,CE,Towers with Display (VFR),1,0,76,0,77,1,0,250,3,254,2,0,326,3,331,610,0,610,941
05/13/2000,FTW,TX,ASW,CE,Towers with Display (VFR),0,1,20,0,21,0,0,368,2,370,0,1,388,2,391,484,0,484,875
05/14/2000,FTW,TX,ASW,CE,Towers with Display (VFR),0,4,48,0,52,0,0,245,8,253,0,4,293,8,305,374,0,374,679
05/15/2000,FTW,TX,ASW,CE,Towers with Display (VFR),0,6,107,1,114,0,0,431,1,432,0,6,538,2,546,366,0,366,912
05/16/2000,FTW,TX,ASW,CE,Towers with Display (VFR),1,7,108,0,116,1,1,400,0,402,2,8,508,0,518,801,0,801,1319
05/17/2000,FTW,TX,ASW,CE,Towers with Display (VFR),0,5,106,2,113,1,0,298,0,299,1,5,404,2,412,474,0,474,886
05/18/2000,FTW,TX,ASW,CE,Towers with Display (VFR),0,9,142,0,151,0,0,387,0,387,0,9,529,0,538,702,0,702,1240
05/19/2000,FTW,TX,ASW,CE,Towers with Display (VFR),0,4,67,0,71,0,0,136,0,136,0,4,203,0,207,404,0,404,611
05/20/2000,FTW,TX,ASW,CE,Towers with Display (VFR),0,4,62,0,66,1,4,465,0,470,1,8,527,0,536,888,0,888,1424
05/21/2000,FTW,TX,ASW,CE,Towers with Display (VFR),0,6,81,0,87,0,9,224,0,233,0,15,305,0,320,452,0,452,772
05/22/2000,FTW,TX,ASW,CE,Towers with Display (VFR),0,1,86,0,87,0,0,408,0,408,0,1,494,0,495,804,0,804,1299
05/23/2000,FTW,TX,ASW,CE,Towers with Display (VFR),0,6,83,0,89,2,10,285,0,297,2,16,368,0,386,927,0,927,1313
05/24/2000,FTW,TX,ASW,CE,Towers with Display (VFR),0,4,121,2,127,1,0,336,4,341,1,4,457,6,468,1091,0,1091,1559
05/25/2000,FTW,TX,ASW,CE,Towers with Display (VFR),0,3,110,0,113,0,0,378,0,378,0,3,488,0,491,1214,0,1214,1705
05/26/2000,FTW,TX,ASW,CE,Towers with Display (VFR),0,2,81,0,83,2,0,225,0,227,2,2,306,0,310,1419,0,1419,1729
05/27/2000,FTW,TX,ASW,CE,Towers with Display (VFR),0,4,72,0,76,1,0,241,0,242,1,4,313,0,318,252,0,252,570
05/28/2000,FTW,TX,ASW,CE,Towers with Display (VFR),0,0,35,1,36,0,0,229,0,229,0,0,264,1,265,354,0,354,619
05/29/2000,FTW,TX,ASW,CE,Towers with Display (VFR),0,5,68,1,74,0,0,333,0,333,0,5,401,1,407,454,0,454,861
05/30/2000,FTW,TX,ASW,CE,Towers with Display (VFR),0,8,124,1,133,1,0,337,0,338,1,8,461,1,471,570,0,570,1041
05/31/2000,FTW,TX,ASW,CE,Towers with Display (VFR),0,4,79,0,83,0,0,348,0,348,0,4,427,0,431,420,0,420,851
06/01/2000,FTW,TX,ASW,CE,Towers with Display (VFR),1,10,135,0,146,0,0,445,0,445,1,10,580,0,591,666,0,666,1257
06/02/2000,FTW,TX,ASW,CE,Towers with Display (VFR),0,7,107,1,115,0,5,455,0,460,0,12,562,1,575,522,0,522,1097
06/03/2000,FTW,TX,ASW,CE,Towers with Display (VFR),0,2,46,1,49,0,1,60,0,61,0,3,106,1,110,84,0,84,194
06/04/2000,FTW,TX,ASW,CE,Towers with Display (VFR),1,3,57,0,61,0,3,89,0,92,1,6,146,0,153,124,0,124,277
06/05/2000,FTW,TX,ASW,CE,Towers with Display (VFR),0,7,101,0,108,0,4,406,2,412,0,11,507,2,520,482,2,484,1004
06/06/2000,FTW,TX,ASW,CE,Towers with Display (VFR),0,5,107,0,112,0,0,444,0,444,0,5,551,0,556,682,0,682,1238
06/07/2000,FTW,TX,ASW,CE,Towers with Display (VFR),1,8,102,0,111,0,1,340,0,341,1,9,442,0,452,624,0,624,1076
06/08/2000,FTW,TX,ASW,CE,Towers with Display (VFR),0,9,163,0,172,0,0,457,0,457,0,9,620,0,629,956,0,956,1585
06/09/2000,FTW,TX,ASW,CE,Towers with Display (VFR),1,5,71,0,77,1,8,140,0,149,2,13,211,0,226,332,0,332,558
06/10/2000,FTW,TX,ASW,CE,Towers with Display (VFR),1,2,40,0,43,0,0,69,0,69,1,2,109,0,112,38,0,38,150
06/11/2000,FTW,TX,ASW,CE,Towers with Display (VFR),0,3,85,0,88,0,0,51,0,51,0,3,136,0,139,62,0,62,201
06/12/2000,FTW,TX,ASW,CE,Towers with Display (VFR),0,9,110,0,119,0,8,359,0,367,0,17,469,0,486,900,0,900,1386
06/13/2000,FTW,TX,ASW,CE,Towers with Display (VFR),1,9,127,0,137,0,0,437,0,437,1,9,564,0,574,654,0,654,1228
06/14/2000,FTW,TX,ASW,CE,Towers with Display (VFR),0,8,92,0,100,0,1,203,0,204,0,9,295,0,304,362,0,362,666
06/15/2000,FTW,TX,ASW,CE,Towers with Display (VFR),0,10,113,0,123,0,2,207,0,209,0,12,320,0,332,587,0,587,919
06/16/2000,FTW,TX,ASW,CE,Towers with Display (VFR),1,10,129,0,140,0,0,436,2,438,1,10,565,2,578,454,0,454,1032
06/17/2000,FTW,TX,ASW,CE,Towers with Display (VFR),0,2,45,0,47,0,0,101,0,101,0,2,146,0,148,208,0,208,356
06/18/2000,FTW,TX,ASW,CE,Towers with Display (VFR),0,2,53,0,55,0,0,157,7,164,0,2,210,7,219,450,0,450,669
06/19/2000,FTW,TX,ASW,CE,Towers with Display (VFR),0,8,95,0,103,0,5,269,1,275,0,13,364,1,378,454,0,454,832
06/20/2000,FTW,TX,ASW,CE,Towers with Display (VFR),0,8,112,0,120,1,0,306,0,307,1,8,418,0,427,268,0,268,695
06/21/2000,FTW,TX,ASW,CE,Towers with Display (VFR),0,5,105,1,111,1,0,297,0,298,1,5,402,1,409,306,0,306,715
06/22/2000,FTW,TX,ASW,CE,Towers with Display (VFR),0,8,112,1,121,3,0,366,1,370,3,8,478,2,491,536,0,536,1027
06/23/2000,FTW,TX,ASW,CE,Towers with Display (VFR),0,10,122,0,132,1,2,474,0,477,1,12,596,0,609,420,0,420,1029
06/24/2000,FTW,TX,ASW,CE,Towers with Display (VFR),0,0,63,1,64,2,0,335,1,338,2,0,398,2,402,258,0,258,660
06/25/2000,FTW,TX,ASW,CE,Towers with Display (VFR),0,4,118,0,122,1,0,361,0,362,1,4,479,0,484,287,0,287,771
06/26/2000,FTW,TX,ASW,CE,Towers with Display (VFR),0,9,127,0,136,1,0,364,0,365,1,9,491,0,501,542,0,542,1043
06/27/2000,FTW,TX,ASW,CE,Towers with Display (VFR),0,6,64,1,71,0,3,207,0,210,0,9,271,1,281,384,0,384,665
06/28/2000,FTW,TX,ASW,CE,Towers with Display (VFR),0,9,103,0,112,0,1,405,0,406,0,10,508,0,518,854,0,854,1372
06/29/2000,FTW,TX,ASW,CE,Towers with Display (VFR),0,3,117,1,121,0,0,368,0,368,0,3,485,1,489,688,0,688,1177
06/30/2000,FTW,TX,ASW,CE,Towers with Display (VFR),1,10,135,0,146,0,0,445,0,445,1,10,580,0,591,666,0,666,1257
07/01/2000,FTW,TX,ASW,CE,Towers with Display (VFR),1,3,75,0,79,1,0,397,0,398,2,3,472,0,477,376,0,376,853
07/02/2000,FTW,TX,ASW,CE,Towers with Display (VFR),0,3,73,0,76,0,0,270,0,270,0,3,343,0,346,288,0,288,634
07/03/2000,FTW,TX,ASW,CE,Towers with Display (VFR),0,3,86,0,89,0,0,318,0,318,0,3,404,0,407,330,0,330,737
07/04/2000,FTW,TX,ASW,CE,Towers with Display (VFR),0,0,33,0,33,0,2,177,0,179,0,2,210,0,212,76,0,76,288
07/05/2000,FTW,TX,ASW,CE,Towers with Display (VFR),0,4,88,0,92,0,1,293,0,294,0,5,381,0,386,344,0,344,730
07/06/2000,FTW,TX,ASW,CE,Towers with Display (VFR),3,3,122,0,128,0,0,388,0,388,3,3,510,0,516,278,0,278,794
07/07/2000,FTW,TX,ASW,CE,Towers with Display (VFR),0,7,123,0,130,0,2,509,3,514,0,9,632,3,644,362,0,362,1006
07/08/2000,FTW,TX,ASW,CE,Towers with Display (VFR),1,3,59,0,63,3,2,509,0,514,4,5,568,0,577,376,0,376,953
07/09/2000,FTW,TX,ASW,CE,Towers with Display (VFR),0,2,59,0,61,0,0,304,0,304,0,2,363,0,365,398,0,398,763
07/10/2000,FTW,TX,ASW,CE,Towers with Display (VFR),0,5,89,0,94,0,0,363,2,365,0,5,452,2,459,264,0,264,723
07/11/2000,FTW,TX,ASW,CE,Towers with Display (VFR),1,5,92,0,98,0,0,395,0,395,1,5,487,0,493,354,0,354,847
07/12/2000,FTW,TX,ASW,CE,Towers with Display (VFR),0,5,99,0,104,0,0,406,0,406,0,5,505,0,510,444,0,444,954
07/13/2000,FTW,TX,ASW,CE,Towers with Display (VFR),0,7,142,0,149,0,0,421,0,421,0,7,563,0,570,614,0,614,1184
07/14/2000,FTW,TX,ASW,CE,Towers with Display (VFR),0,2,64,0,66,0,0,352,0,352,0,2,416,0,418,304,0,304,722
07/15/2000,FTW,TX,ASW,CE,Towers with Display (VFR),0,4,73,0,77,1,0,482,0,483,1,4,555,0,560,492,0,492,1052
07/16/2000,FTW,TX,ASW,CE,Towers with Display (VFR),0,3,78,0,81,0,0,379,0,379,0,3,457,0,460,266,0,266,726
07/17/2000,FTW,TX,ASW,CE,Towers with Display (VFR),0,4,116,1,121,0,0,353,0,353,0,4,469,1,474,332,0,332,806
07/18/2000,FTW,TX,ASW,CE,Towers with Display (VFR),1,6,94,1,102,0,1,486,0,487,1,7,580,1,589,288,2,290,879
07/19/2000,FTW,TX,ASW,CE,Towers with Display (VFR),0,6,93,0,99,0,2,436,0,438,0,8,529,0,537,327,0,327,864
07/20/2000,FTW,TX,ASW,CE,Towers with Display (VFR),1,8,127,0,136,0,4,411,0,415,1,12,538,0,551,568,0,568,1119
07/21/2000,FTW,TX,ASW,CE,Towers with Display (VFR),1,7,105,0,113,0,72,435,0,507,1,79,540,0,620,520,0,520,1140
07/22/2000,FTW,TX,ASW,CE,Towers with Display (VFR),0,4,56,0,60,0,3,384,0,387,0,7,440,0,447,342,0,342,789
07/23/2000,FTW,TX,ASW,CE,Towers with Display (VFR),0,4,60,1,65,1,1,224,1,227,1,5,284,2,292,192,0,192,484
07/24/2000,FTW,TX,ASW,CE,Towers with Display (VFR),1,8,123,1,133,1,2,449,28,480,2,10,572,29,613,340,0,340,953
07/25/2000,FTW,TX,ASW,CE,Towers with Display (VFR),0,4,100,1,105,0,0,335,3,338,0,4,435,4,443,334,0,334,777
07/26/2000,FTW,TX,ASW,CE,Towers with Display (VFR),1,5,100,0,106,0,0,406,0,406,1,5,506,0,512,612,0,612,1124
07/27/2000,FTW,TX,ASW,CE,Towers with Display (VFR),0,5,96,0,101,0,0,350,0,350,0,5,446,0,451,482,0,482,933
07/28/2000,FTW,TX,ASW,CE,Towers with Display (VFR),1,7,107,0,115,2,1,452,0,455,3,8,559,0,570,332,0,332,902
07/29/2000,FTW,TX,ASW,CE,Towers with Display (VFR),0,4,73,0,77,0,0,360,0,360,0,4,433,0,437,306,0,306,743
07/30/2000,FTW,TX,ASW,CE,Towers with Display (VFR),0,4,54,0,58,1,0,229,3,233,1,4,283,3,291,142,0,142,433
07/31/2000,FTW,TX,ASW,CE,Towers with Display (VFR),0,0,0,0,0,0,0,0,0,0,0,0,0,0,0,0,0,0,0
08/01/2000,FTW,TX,ASW,CE,Towers with Display (VFR),0,6,99,0,105,0,1,399,0,400,0,7,498,0,505,328,0,328,833
08/02/2000,FTW,TX,ASW,CE,Towers with Display (VFR),0,4,114,0,118,0,0,328,2,330,0,4,442,2,448,392,0,392,840
08/03/2000,FTW,TX,ASW,CE,Towers with Display (VFR),1,6,114,0,121,0,1,419,0,420,1,7,533,0,541,468,0,468,1009
08/04/2000,FTW,TX,ASW,CE,Towers with Display (VFR),0,6,113,0,119,0,1,408,0,409,0,7,521,0,528,348,0,348,876
08/05/2000,FTW,TX,ASW,CE,Towers with Display (VFR),0,0,71,0,71,0,0,425,0,425,0,0,496,0,496,560,0,560,1056
08/06/2000,FTW,TX,ASW,CE,Towers with Display (VFR),1,4,83,0,88,0,0,252,0,252,1,4,335,0,340,282,4,286,626
08/07/2000,FTW,TX,ASW,CE,Towers with Display (VFR),1,5,79,0,85,1,4,352,0,357,2,9,431,0,442,560,0,560,1002
08/08/2000,FTW,TX,ASW,CE,Towers with Display (VFR),0,6,79,0,85,0,1,303,0,304,0,7,382,0,389,346,0,346,735
08/09/2000,FTW,TX,ASW,CE,Towers with Display (VFR),0,6,93,0,99,0,0,391,0,391,0,6,484,0,490,370,0,370,860
08/10/2000,FTW,TX,ASW,CE,Towers with Display (VFR),0,8,119,0,127,0,0,493,0,493,0,8,612,0,620,516,0,516,1136
08/11/2000,FTW,TX,ASW,CE,Towers with Display (VFR),1,8,107,0,116,1,0,414,1,416,2,8,521,1,532,398,0,398,930
08/12/2000,FTW,TX,ASW,CE,Towers with Display (VFR),1,1,77,0,79,1,0,401,0,402,2,1,478,0,481,488,0,488,969
08/13/2000,FTW,TX,ASW,CE,Towers with Display (VFR),0,5,71,0,76,0,1,212,2,215,0,6,283,2,291,150,0,150,441
08/14/2000,FTW,TX,ASW,CE,Towers with Display (VFR),1,6,85,0,92,1,3,335,1,340,2,9,420,1,432,396,0,396,828
08/15/2000,FTW,TX,ASW,CE,Towers with Display (VFR),0,8,109,0,117,0,0,328,0,328,0,8,437,0,445,386,0,386,831
08/16/2000,FTW,TX,ASW,CE,Towers with Display (VFR),1,7,122,0,130,1,0,298,0,299,2,7,420,0,429,662,0,662,1091
08/17/2000,FTW,TX,ASW,CE,Towers with Display (VFR),0,7,151,0,158,0,0,349,0,349,0,7,500,0,507,698,0,698,1205
08/18/2000,FTW,TX,ASW,CE,Towers with Display (VFR),0,0,74,0,74,0,0,363,0,363,0,0,437,0,437,300,0,300,737
08/19/2000,FTW,TX,ASW,CE,Towers with Display (VFR),1,4,76,0,81,0,0,359,0,359,1,4,435,0,440,386,0,386,826
08/20/2000,FTW,TX,ASW,CE,Towers with Display (VFR),1,0,56,0,57,1,0,232,1,234,2,0,288,1,291,264,0,264,555
08/21/2000,FTW,TX,ASW,CE,Towers with Display (VFR),0,7,93,0,100,2,0,331,0,333,2,7,424,0,433,338,0,338,771
08/22/2000,FTW,TX,ASW,CE,Towers with Display (VFR),0,5,78,0,83,0,0,391,0,391,0,5,469,0,474,374,0,374,848
08/23/2000,FTW,TX,ASW,CE,Towers with Display (VFR),0,4,101,0,105,1,0,386,0,387,1,4,487,0,492,674,0,674,1166
08/24/2000,FTW,TX,ASW,CE,Towers with Display (VFR),0,4,96,0,100,0,0,396,0,396,0,4,492,0,496,782,0,782,1278
08/25/2000,FTW,TX,ASW,CE,Towers with Display (VFR),0,4,101,1,106,1,0,351,0,352,1,4,452,1,458,482,0,482,940
08/26/2000,FTW,TX,ASW,CE,Towers with Display (VFR),0,4,51,0,55,1,2,384,0,387,1,6,435,0,442,592,0,592,1034
08/27/2000,FTW,TX,ASW,CE,Towers with Display (VFR),0,4,56,0,60,0,1,317,0,318,0,5,373,0,378,250,0,250,628
08/28/2000,FTW,TX,ASW,CE,Towers with Display (VFR),0,5,74,0,79,0,4,391,0,395,0,9,465,0,474,244,0,244,718
08/29/2000,FTW,TX,ASW,CE,Towers with Display (VFR),0,8,111,0,119,2,7,358,0,367,2,15,469,0,486,326,0,326,812
08/30/2000,FTW,TX,ASW,CE,Towers with Display (VFR),0,7,110,0,117,0,0,312,0,312,0,7,422,0,429,334,0,334,763
08/31/2000,FTW,TX,ASW,CE,Towers with Display (VFR),0,10,135,0,145,0,15,405,0,420,0,25,540,0,565,428,0,428,993
09/01/2000,FTW,TX,ASW,CE,Towers with Display (VFR),0,6,100,0,106,0,2,365,0,367,0,8,465,0,473,333,0,333,806
09/02/2000,FTW,TX,ASW,CE,Towers with Display (VFR),1,4,70,0,75,0,1,374,0,375,1,5,444,0,450,457,0,457,907
09/03/2000,FTW,TX,ASW,CE,Towers with Display (VFR),1,1,36,0,38,0,0,152,0,152,1,1,188,0,190,151,0,151,341
09/04/2000,FTW,TX,ASW,CE,Towers with Display (VFR),1,5,82,0,88,0,6,255,1,262,1,11,337,1,350,142,0,142,492
09/05/2000,FTW,TX,ASW,CE,Towers with Display (VFR),0,5,79,0,84,0,8,257,0,265,0,13,336,0,349,378,0,378,727
09/06/2000,FTW,TX,ASW,CE,Towers with Display (VFR),0,7,113,0,120,0,0,380,0,380,0,7,493,0,500,578,0,578,1078
09/07/2000,FTW,TX,ASW,CE,Towers with Display (VFR),0,8,116,0,124,0,2,308,0,310,0,10,424,0,434,438,0,438,872
09/08/2000,FTW,TX,ASW,CE,Towers with Display (VFR),2,0,101,0,103,4,0,361,0,365,6,0,462,0,468,400,0,400,868
09/09/2000,FTW,TX,ASW,CE,Towers with Display (VFR),2,0,92,0,94,1,0,357,0,358,3,0,449,0,452,586,0,586,1038
09/10/2000,FTW,TX,ASW,CE,Towers with Display (VFR),1,0,58,0,59,0,0,171,0,171,1,0,229,0,230,180,0,180,410
09/11/2000,FTW,TX,ASW,CE,Towers with Display (VFR),1,7,101,0,109,0,0,211,0,211,1,7,312,0,320,304,0,304,624
09/12/2000,FTW,TX,ASW,CE,Towers with Display (VFR),2,6,97,0,105,1,6,291,0,298,3,12,388,0,403,412,0,412,815
09/13/2000,FTW,TX,ASW,CE,Towers with Display (VFR),2,4,121,0,127,0,0,400,0,400,2,4,521,0,527,952,2,954,1481
09/14/2000,FTW,TX,ASW,CE,Towers with Display (VFR),0,6,82,0,88,0,3,411,0,414,0,9,493,0,502,742,0,742,1244
09/15/2000,FTW,TX,ASW,CE,Towers with Display (VFR),0,7,98,0,105,0,2,343,1,346,0,9,441,1,451,300,0,300,751
09/16/2000,FTW,TX,ASW,CE,Towers with Display (VFR),0,4,58,0,62,0,3,420,0,423,0,7,478,0,485,410,0,410,895
09/17/2000,FTW,TX,ASW,CE,Towers with Display (VFR),1,2,62,0,65,0,0,307,0,307,1,2,369,0,372,234,0,234,606
09/18/2000,FTW,TX,ASW,CE,Towers with Display (VFR),0,7,91,0,98,0,2,413,0,415,0,9,504,0,513,514,0,514,1027
09/19/2000,FTW,TX,ASW,CE,Towers with Display (VFR),0,6,86,0,92,1,5,445,0,451,1,11,531,0,543,490,0,490,1033
09/20/2000,FTW,TX,ASW,CE,Towers with Display (VFR),0,5,88,0,93,0,0,261,0,261,0,5,349,0,354,484,0,484,838
09/21/2000,FTW,TX,ASW,CE,Towers with Display (VFR),0,6,117,0,123,0,0,315,0,315,0,6,432,0,438,796,0,796,1234
09/22/2000,FTW,TX,ASW,CE,Towers with Display (VFR),0,6,88,0,94,1,4,256,0,261,1,10,344,0,355,196,0,196,551
09/23/2000,FTW,TX,ASW,CE,Towers with Display (VFR),0,2,85,0,87,0,0,258,0,258,0,2,343,0,345,312,0,312,657
09/24/2000,FTW,TX,ASW,CE,Towers with Display (VFR),0,1,36,0,37,1,0,32,1,34,1,1,68,1,71,2,0,2,73
09/25/2000,FTW,TX,ASW,CE,Towers with Display (VFR),0,7,88,0,95,1,0,218,0,219,1,7,306,0,314,158,0,158,472
09/26/2000,FTW,TX,ASW,CE,Towers with Display (VFR),0,5,91,0,96,1,0,331,0,332,1,5,422,0,428,384,0,384,812
09/27/2000,FTW,TX,ASW,CE,Towers with Display (VFR),0,8,122,0,130,0,1,364,0,365,0,9,486,0,495,578,0,578,1073
09/28/2000,FTW,TX,ASW,CE,Towers with Display (VFR),0,11,157,0,168,0,0,391,0,391,0,11,548,0,559,590,0,590,1149
09/29/2000,FTW,TX,ASW,CE,Towers with Display (VFR),1,2,142,0,145,1,0,458,1,460,2,2,600,1,605,698,0,698,1303
09/30/2000,FTW,TX,ASW,CE,Towers with Display (VFR),0,2,92,0,94,3,0,447,0,450,3,2,539,0,544,492,0,492,1036
10/01/2000,FTW,TX,ASW,CE,Towers with Display (VFR),0,6,76,0,82,0,0,288,0,288,0,6,364,0,370,376,0,376,746
10/02/2000,FTW,TX,ASW,CE,Towers with Display (VFR),1,6,91,0,98,1,2,357,0,360,2,8,448,0,458,320,0,320,778
10/03/2000,FTW,TX,ASW,CE,Towers with Display (VFR),1,5,86,0,92,0,2,378,2,382,1,7,464,2,474,298,0,298,772
10/04/2000,FTW,TX,ASW,CE,Towers with Display (VFR),1,5,96,0,102,0,0,338,0,338,1,5,434,0,440,450,0,450,890
10/05/2000,FTW,TX,ASW,CE,Towers with Display (VFR),0,5,89,0,94,0,7,419,2,428,0,12,508,2,522,640,0,640,1162
10/06/2000,FTW,TX,ASW,CE,Towers with Display (VFR),1,10,147,0,158,1,1,234,0,236,2,11,381,0,394,386,0,386,780
10/07/2000,FTW,TX,ASW,CE,Towers with Display (VFR),0,1,67,0,68,0,0,154,0,154,0,1,221,0,222,154,0,154,376
10/08/2000,FTW,TX,ASW,CE,Towers with Display (VFR),0,3,66,0,69,0,0,167,2,169,0,3,233,2,238,142,0,142,380
10/09/2000,FTW,TX,ASW,CE,Towers with Display (VFR),1,4,93,0,98,0,0,281,0,281,1,4,374,0,379,358,0,358,737
10/10/2000,FTW,TX,ASW,CE,Towers with Display (VFR),0,9,107,0,116,0,1,359,0,360,0,10,466,0,476,446,0,446,922
10/11/2000,FTW,TX,ASW,CE,Towers with Display (VFR),0,7,111,0,118,0,0,421,0,421,0,7,532,0,539,526,0,526,1065
10/12/2000,FTW,TX,ASW,CE,Towers with Display (VFR),1,8,97,0,106,0,6,375,0,381,1,14,472,0,487,542,0,542,1029
10/13/2000,FTW,TX,ASW,CE,Towers with Display (VFR),0,8,99,0,107,0,1,339,3,343,0,9,438,3,450,272,0,272,722
10/14/2000,FTW,TX,ASW,CE,Towers with Display (VFR),0,6,77,0,83,0,0,238,0,238,0,6,315,0,321,510,0,510,831
10/15/2000,FTW,TX,ASW,CE,Towers with Display (VFR),0,6,65,0,71,0,6,156,0,162,0,12,221,0,233,252,0,252,485
10/16/2000,FTW,TX,ASW,CE,Towers with Display (VFR),0,7,85,1,93,0,1,204,0,205,0,8,289,1,298,376,0,376,674
10/17/2000,FTW,TX,ASW,CE,Towers with Display (VFR),0,7,81,0,88,0,63,271,0,334,0,70,352,0,422,406,0,406,828
10/18/2000,FTW,TX,ASW,CE,Towers with Display (VFR),0,4,83,1,88,0,0,303,3,306,0,4,386,4,394,340,0,340,734
10/19/2000,FTW,TX,ASW,CE,Towers with Display (VFR),0,6,125,1,132,0,0,501,0,501,0,6,626,1,633,932,0,932,1565
10/20/2000,FTW,TX,ASW,CE,Towers with Display (VFR),0,6,100,0,106,2,0,168,0,170,2,6,268,0,276,186,0,186,462
10/21/2000,FTW,TX,ASW,CE,Towers with Display (VFR),0,4,58,0,62,0,0,98,0,98,0,4,156,0,160,220,0,220,380
10/22/2000,FTW,TX,ASW,CE,Towers with Display (VFR),0,6,66,0,72,2,5,39,0,46,2,11,105,0,118,80,0,80,198
10/23/2000,FTW,TX,ASW,CE,Towers with Display (VFR),0,7,76,0,83,0,13,57,0,70,0,20,133,0,153,140,0,140,293
10/24/2000,FTW,TX,ASW,CE,Towers with Display (VFR),0,11,125,0,136,0,4,319,0,323,0,15,444,0,459,548,0,548,1007
10/25/2000,FTW,TX,ASW,CE,Towers with Display (VFR),0,6,121,1,128,0,0,177,0,177,0,6,298,1,305,470,0,470,775
10/26/2000,FTW,TX,ASW,CE,Towers with Display (VFR),0,9,105,0,114,0,5,292,0,297,0,14,397,0,411,482,0,482,893
10/27/2000,FTW,TX,ASW,CE,Towers with Display (VFR),0,10,125,0,135,0,0,283,0,283,0,10,408,0,418,238,0,238,656
10/28/2000,FTW,TX,ASW,CE,Towers with Display (VFR),0,3,73,1,77,0,0,189,2,191,0,3,262,3,268,194,0,194,462
10/29/2000,FTW,TX,ASW,CE,Towers with Display (VFR),0,7,87,0,94,0,0,104,0,104,0,7,191,0,198,212,0,212,410
10/30/2000,FTW,TX,ASW,CE,Towers with Display (VFR),0,4,123,0,127,0,0,419,0,419,0,4,542,0,546,490,0,490,1036
10/31/2000,FTW,TX,ASW,CE,Towers with Display (VFR),0,8,117,1,126,0,0,346,1,347,0,8,463,2,473,586,0,586,1059
11/01/2000,FTW,TX,ASW,CE,Towers with Display (VFR),0,7,71,0,78,0,0,167,0,167,0,7,238,0,245,366,0,366,611
11/02/2000,FTW,TX,ASW,CE,Towers with Display (VFR),1,7,121,0,129,0,0,607,0,607,1,7,728,0,736,716,0,716,1452
11/03/2000,FTW,TX,ASW,CE,Towers with Display (VFR),1,5,72,0,78,0,0,55,0,55,1,5,127,0,133,0,0,0,133
11/04/2000,FTW,TX,ASW,CE,Towers with Display (VFR),0,5,45,0,50,0,4,0,0,4,0,9,45,0,54,0,0,0,54
11/05/2000,FTW,TX,ASW,CE,Towers with Display (VFR),1,2,48,0,51,0,0,4,0,4,1,2,52,0,55,0,0,0,55
11/06/2000,FTW,TX,ASW,CE,Towers with Display (VFR),1,7,78,0,86,0,0,370,0,370,1,7,448,0,456,474,0,474,930
11/07/2000,FTW,TX,ASW,CE,Towers with Display (VFR),0,9,101,0,110,0,0,155,0,155,0,9,256,0,265,250,0,250,515
11/08/2000,FTW,TX,ASW,CE,Towers with Display (VFR),0,7,58,0,65,0,5,0,0,5,0,12,58,0,70,102,0,102,172
11/09/2000,FTW,TX,ASW,CE,Towers with Display (VFR),0,12,116,0,128,0,0,444,0,444,0,12,560,0,572,572,0,572,1144
11/10/2000,FTW,TX,ASW,CE,Towers with Display (VFR),0,13,152,0,165,0,0,602,1,603,0,13,754,1,768,584,0,584,1352
11/11/2000,FTW,TX,ASW,CE,Towers with Display (VFR),0,4,77,0,81,0,0,302,0,302,0,4,379,0,383,902,0,902,1285
11/12/2000,FTW,TX,ASW,CE,Towers with Display (VFR),0,1,53,0,54,0,0,36,0,36,0,1,89,0,90,18,0,18,108
11/13/2000,FTW,TX,ASW,CE,Towers with Display (VFR),1,8,104,0,113,0,0,354,0,354,1,8,458,0,467,414,0,414,881
11/14/2000,FTW,TX,ASW,CE,Towers with Display (VFR),0,14,112,0,126,0,0,401,0,401,0,14,513,0,527,534,0,534,1061
11/15/2000,FTW,TX,ASW,CE,Towers with Display (VFR),0,6,121,0,127,0,0,458,0,458,0,6,579,0,585,818,0,818,1403
11/16/2000,FTW,TX,ASW,CE,Towers with Display (VFR),0,7,119,0,126,0,0,342,0,342,0,7,461,0,468,844,0,844,1312
11/17/2000,FTW,TX,ASW,CE,Towers with Display (VFR),0,7,83,1,91,1,0,496,2,499,1,7,579,3,590,865,0,865,1455
11/18/2000,FTW,TX,ASW,CE,Towers with Display (VFR),0,6,63,0,69,0,0,246,0,246,0,6,309,0,315,264,0,264,579
11/19/2000,FTW,TX,ASW,CE,Towers with Display (VFR),0,6,90,1,97,0,0,336,0,336,0,6,426,1,433,498,0,498,931
11/20/2000,FTW,TX,ASW,CE,Towers with Display (VFR),0,6,78,1,85,0,0,387,2,389,0,6,465,3,474,422,0,422,896
11/21/2000,FTW,TX,ASW,CE,Towers with Display (VFR),0,14,114,0,128,0,0,373,0,373,0,14,487,0,501,344,0,344,845
11/22/2000,FTW,TX,ASW,CE,Towers with Display (VFR),0,7,136,1,144,0,0,404,0,404,0,7,540,1,548,612,0,612,1160
11/23/2000,FTW,TX,ASW,CE,Towers with Display (VFR),0,1,16,0,17,0,0,1,0,1,0,1,17,0,18,0,0,0,18
11/24/2000,FTW,TX,ASW,CE,Towers with Display (VFR),0,1,46,0,47,0,0,11,0,11,0,1,57,0,58,16,0,16,74
11/25/2000,FTW,TX,ASW,CE,Towers with Display (VFR),0,1,113,0,114,0,0,407,0,407,0,1,520,0,521,526,0,526,1047
11/26/2000,FTW,TX,ASW,CE,Towers with Display (VFR),0,5,124,0,129,0,0,295,0,295,0,5,419,0,424,348,0,348,772
11/27/2000,FTW,TX,ASW,CE,Towers with Display (VFR),0,9,71,0,80,2,1,363,1,367,2,10,434,1,447,512,0,512,959
11/28/2000,FTW,TX,ASW,CE,Towers with Display (VFR),0,12,91,0,103,1,0,306,0,307,1,12,397,0,410,414,0,414,824
11/29/2000,FTW,TX,ASW,CE,Towers with Display (VFR),0,4,104,0,108,0,0,506,0,506,0,4,610,0,614,694,0,694,1308
11/30/2000,FTW,TX,ASW,CE,Towers with Display (VFR),1,7,134,0,142,1,0,374,0,375,2,7,508,0,517,794,0,794,1311
12/01/2000,FTW,TX,ASW,CE,Towers with Display (VFR),0,3,88,0,91,0,0,301,0,301,0,3,389,0,392,452,0,452,844
12/02/2000,FTW,TX,ASW,CE,Towers with Display (VFR),0,3,49,0,52,0,2,218,0,220,0,5,267,0,272,495,0,495,767
12/03/2000,FTW,TX,ASW,CE,Towers with Display (VFR),0,3,66,0,69,0,0,217,0,217,0,3,283,0,286,322,0,322,608
12/04/2000,FTW,TX,ASW,CE,Towers with Display (VFR),0,0,82,0,82,0,0,315,2,317,0,0,397,2,399,436,4,440,839
12/05/2000,FTW,TX,ASW,CE,Towers with Display (VFR),1,7,123,0,131,0,0,263,0,263,1,7,386,0,394,518,0,518,912
12/06/2000,FTW,TX,ASW,CE,Towers with Display (VFR),0,13,140,0,153,0,1,190,0,191,0,14,330,0,344,504,0,504,848
12/07/2000,FTW,TX,ASW,CE,Towers with Display (VFR),0,6,123,0,129,0,0,374,0,374,0,6,497,0,503,496,0,496,999
12/08/2000,FTW,TX,ASW,CE,Towers with Display (VFR),0,3,109,0,112,0,0,503,0,503,0,3,612,0,615,498,0,498,1113
12/09/2000,FTW,TX,ASW,CE,Towers with Display (VFR),0,8,77,0,85,0,0,391,0,391,0,8,468,0,476,574,0,574,1050
12/10/2000,FTW,TX,ASW,CE,Towers with Display (VFR),0,6,76,0,82,0,0,251,2,253,0,6,327,2,335,426,0,426,761
12/11/2000,FTW,TX,ASW,CE,Towers with Display (VFR),0,4,53,0,57,0,0,30,1,31,0,4,83,1,88,32,0,32,120
12/12/2000,FTW,TX,ASW,CE,Towers with Display (VFR),1,4,37,0,42,0,1,53,0,54,1,5,90,0,96,50,0,50,146
12/13/2000,FTW,TX,ASW,CE,Towers with Display (VFR),0,2,24,0,26,0,4,26,2,32,0,6,50,2,58,10,0,10,68
12/14/2000,FTW,TX,ASW,CE,Towers with Display (VFR),2,8,85,0,95,0,2,248,0,250,2,10,333,0,345,466,0,466,811
12/15/2000,FTW,TX,ASW,CE,Towers with Display (VFR),1,10,99,0,110,0,1,139,2,142,1,11,238,2,252,94,0,94,346
12/16/2000,FTW,TX,ASW,CE,Towers with Display (VFR),0,1,47,0,48,3,0,1546,0,1549,3,1,1593,0,1597,80,0,80,1677
12/17/2000,FTW,TX,ASW,CE,Towers with Display (VFR),0,3,53,1,57,3,0,236,0,239,3,3,289,1,296,188,0,188,484
12/18/2000,FTW,TX,ASW,CE,Towers with Display (VFR),0,6,60,0,66,0,0,172,0,172,0,6,232,0,238,244,0,244,482
12/19/2000,FTW,TX,ASW,CE,Towers with Display (VFR),0,8,82,0,90,0,1,393,0,394,0,9,475,0,484,306,0,306,790
12/20/2000,FTW,TX,ASW,CE,Towers with Display (VFR),0,8,78,0,86,1,1,250,0,252,1,9,328,0,338,124,0,124,462
12/21/2000,FTW,TX,ASW,CE,Towers with Display (VFR),1,9,90,0,100,2,5,342,0,349,3,14,432,0,449,454,0,454,903
12/22/2000,FTW,TX,ASW,CE,Towers with Display (VFR),1,1,81,0,83,5,0,361,0,366,6,1,442,0,449,356,0,356,805
12/23/2000,FTW,TX,ASW,CE,Towers with Display (VFR),0,5,67,0,72,0,0,146,0,146,0,5,213,0,218,306,0,306,524
12/24/2000,FTW,TX,ASW,CE,Towers with Display (VFR),0,3,30,0,33,0,7,17,0,24,0,10,47,0,57,106,0,106,163
12/25/2000,FTW,TX,ASW,CE,Towers with Display (VFR),0,0,10,0,10,0,0,2,0,2,0,0,12,0,12,0,0,0,12
12/26/2000,FTW,TX,ASW,CE,Towers with Display (VFR),0,2,24,0,26,0,0,2,0,2,0,2,26,0,28,2,0,2,30
12/27/2000,FTW,TX,ASW,CE,Towers with Display (VFR),0,3,31,1,35,0,1,0,0,1,0,4,31,1,36,0,0,0,36
12/28/2000,FTW,TX,ASW,CE,Towers with Display (VFR),0,2,60,1,63,0,0,214,0,214,0,2,274,1,277,296,0,296,573
12/29/2000,FTW,TX,ASW,CE,Towers with Display (VFR),0,4,46,1,51,0,0,309,2,311,0,4,355,3,362,268,0,268,630
12/30/2000,FTW,TX,ASW,CE,Towers with Display (VFR),0,2,34,0,36,0,0,248,0,248,0,2,282,0,284,153,0,153,437
12/31/2000,FTW,TX,ASW,CE,Towers with Display (VFR),0,0,18,0,18,0,0,12,2,14,0,0,30,2,32,0,0,0,32
01/01/2001,FTW,TX,ASW,CE,Towers with Display (VFR),0,2,29,0,31,0,3,7,0,10,0,5,36,0,41,8,0,8,49
01/02/2001,FTW,TX,ASW,CE,Towers with Display (VFR),0,4,63,0,67,0,0,107,0,107,0,4,170,0,174,138,0,138,312
01/03/2001,FTW,TX,ASW,CE,Towers with Display (VFR),1,1,95,1,98,0,0,290,1,291,1,1,385,2,389,374,0,374,763
01/04/2001,FTW,TX,ASW,CE,Towers with Display (VFR),1,5,78,0,84,0,6,388,0,394,1,11,466,0,478,518,0,518,996
01/05/2001,FTW,TX,ASW,CE,Towers with Display (VFR),1,5,73,0,79,1,0,367,1,369,2,5,440,1,448,492,0,492,940
01/06/2001,FTW,TX,ASW,CE,Towers with Display (VFR),0,5,79,0,84,0,5,328,0,333,0,10,407,0,417,294,0,294,711
01/07/2001,FTW,TX,ASW,CE,Towers with Display (VFR),1,2,37,0,40,1,0,112,0,113,2,2,149,0,153,79,0,79,232
01/08/2001,FTW,TX,ASW,CE,Towers with Display (VFR),1,5,52,0,58,0,1,257,0,258,1,6,309,0,316,174,0,174,490
01/09/2001,FTW,TX,ASW,CE,Towers with Display (VFR),0,7,81,0,88,0,1,256,0,257,0,8,337,0,345,230,0,230,575
01/10/2001,FTW,TX,ASW,CE,Towers with Display (VFR),2,5,76,0,83,1,0,40,0,41,3,5,116,0,124,284,0,284,408
01/11/2001,FTW,TX,ASW,CE,Towers with Display (VFR),1,6,80,1,88,0,5,51,1,57,1,11,131,2,145,104,0,104,249
01/12/2001,FTW,TX,ASW,CE,Towers with Display (VFR),2,4,112,0,118,3,0,9,0,12,5,4,121,0,130,2,0,2,132
01/13/2001,FTW,TX,ASW,CE,Towers with Display (VFR),0,4,51,1,56,0,0,51,8,59,0,4,102,9,115,56,0,56,171
01/14/2001,FTW,TX,ASW,CE,Towers with Display (VFR),0,3,61,0,64,0,0,390,0,390,0,3,451,0,454,330,0,330,784
01/15/2001,FTW,TX,ASW,CE,Towers with Display (VFR),0,5,65,1,71,0,0,363,2,365,0,5,428,3,436,298,0,298,734
01/16/2001,FTW,TX,ASW,CE,Towers with Display (VFR),0,5,55,1,61,0,5,10,0,15,0,10,65,1,76,100,0,100,176
01/17/2001,FTW,TX,ASW,CE,Towers with Display (VFR),0,5,58,0,63,1,10,7,0,18,1,15,65,0,81,0,0,0,81
01/18/2001,FTW,TX,ASW,CE,Towers with Display (VFR),1,6,77,0,84,1,9,3,0,13,2,15,80,0,97,16,0,16,113
01/19/2001,FTW,TX,ASW,CE,Towers with Display (VFR),0,6,62,0,68,1,2,302,0,305,1,8,364,0,373,306,0,306,679
01/20/2001,FTW,TX,ASW,CE,Towers with Display (VFR),0,5,71,0,76,0,0,282,0,282,0,5,353,0,358,394,0,394,752
01/21/2001,FTW,TX,ASW,CE,Towers with Display (VFR),0,7,75,0,82,0,0,282,0,282,0,7,357,0,364,310,0,310,674
01/22/2001,FTW,TX,ASW,CE,Towers with Display (VFR),1,7,103,2,113,0,0,372,1,373,1,7,475,3,486,424,0,424,910
01/23/2001,FTW,TX,ASW,CE,Towers with Display (VFR),0,11,124,1,136,0,2,229,0,231,0,13,353,1,367,342,0,342,709
01/24/2001,FTW,TX,ASW,CE,Towers with Display (VFR),0,3,102,0,105,0,0,365,0,365,0,3,467,0,470,672,0,672,1142
01/25/2001,FTW,TX,ASW,CE,Towers with Display (VFR),0,6,137,0,143,0,0,429,0,429,0,6,566,0,572,550,0,550,1122
01/26/2001,FTW,TX,ASW,CE,Towers with Display (VFR),0,6,77,2,85,0,0,539,0,539,0,6,616,2,624,550,0,550,1174
01/27/2001,FTW,TX,ASW,CE,Towers with Display (VFR),0,1,28,0,29,0,0,11,0,11,0,1,39,0,40,16,0,16,56
01/28/2001,FTW,TX,ASW,CE,Towers with Display (VFR),0,1,36,1,38,2,0,1,1,4,2,1,37,2,42,4,0,4,46
01/29/2001,FTW,TX,ASW,CE,Towers with Display (VFR),0,5,72,0,77,0,0,218,0,218,0,5,290,0,295,148,0,148,443
01/30/2001,FTW,TX,ASW,CE,Towers with Display (VFR),1,6,109,1,117,2,0,381,0,383,3,6,490,1,500,430,0,430,930
01/31/2001,FTW,TX,ASW,CE,Towers with Display (VFR),1,5,98,1,105,2,0,438,3,443,3,5,536,4,548,522,2,524,1072
02/01/2001,FTW,TX,ASW,CE,Towers with Display (VFR),1,10,120,0,131,0,0,323,0,323,1,10,443,0,454,694,0,694,1148
02/02/2001,FTW,TX,ASW,CE,Towers with Display (VFR),0,7,80,0,87,0,2,384,0,386,0,9,464,0,473,520,0,520,993
02/03/2001,FTW,TX,ASW,CE,Towers with Display (VFR),1,7,85,0,93,0,0,499,0,499,1,7,584,0,592,358,0,358,950
02/04/2001,FTW,TX,ASW,CE,Towers with Display (VFR),0,4,49,0,53,0,0,356,0,356,0,4,405,0,409,272,0,272,681
02/05/2001,FTW,TX,ASW,CE,Towers with Display (VFR),0,7,90,0,97,0,0,345,0,345,0,7,435,0,442,262,0,262,704
02/06/2001,FTW,TX,ASW,CE,Towers with Display (VFR),0,10,106,0,116,0,3,260,0,263,0,13,366,0,379,502,0,502,881
02/07/2001,FTW,TX,ASW,CE,Towers with Display (VFR),0,6,119,0,125,0,0,167,0,167,0,6,286,0,292,292,0,292,584
02/08/2001,FTW,TX,ASW,CE,Towers with Display (VFR),1,5,90,0,96,0,0,40,0,40,1,5,130,0,136,96,0,96,232
02/09/2001,FTW,TX,ASW,CE,Towers with Display (VFR),0,3,79,1,83,0,0,152,0,152,0,3,231,1,235,82,0,82,317
02/10/2001,FTW,TX,ASW,CE,Towers with Display (VFR),0,1,68,0,69,0,0,314,0,314,0,1,382,0,383,418,0,418,801
02/11/2001,FTW,TX,ASW,CE,Towers with Display (VFR),0,2,61,1,64,0,0,65,0,65,0,2,126,1,129,56,0,56,185
02/12/2001,FTW,TX,ASW,CE,Towers with Display (VFR),0,5,55,0,60,0,0,3,0,3,0,5,58,0,63,0,0,0,63
02/13/2001,FTW,TX,ASW,CE,Towers with Display (VFR),0,6,49,0,55,0,5,0,0,5,0,11,49,0,60,0,0,0,60
02/14/2001,FTW,TX,ASW,CE,Towers with Display (VFR),0,11,99,0,110,1,3,97,0,101,1,14,196,0,211,184,0,184,395
02/15/2001,FTW,TX,ASW,CE,Towers with Display (VFR),0,6,64,0,70,0,0,4,0,4,0,6,68,0,74,2,0,2,76
02/16/2001,FTW,TX,ASW,CE,Towers with Display (VFR),0,11,106,0,117,3,0,45,0,48,3,11,151,0,165,382,0,382,547
02/17/2001,FTW,TX,ASW,CE,Towers with Display (VFR),0,7,68,2,77,0,7,403,1,411,0,14,471,3,488,596,0,596,1084
02/18/2001,FTW,TX,ASW,CE,Towers with Display (VFR),0,1,40,0,41,0,0,253,0,253,0,1,293,0,294,142,0,142,436
02/19/2001,FTW,TX,ASW,CE,Towers with Display (VFR),0,5,119,2,126,1,0,356,0,357,1,5,475,2,483,448,0,448,931
02/20/2001,FTW,TX,ASW,CE,Towers with Display (VFR),0,10,130,2,142,0,0,344,0,344,0,10,474,2,486,488,0,488,974
02/21/2001,FTW,TX,ASW,CE,Towers with Display (VFR),0,8,83,0,91,0,0,23,0,23,0,8,106,0,114,46,0,46,160
02/22/2001,FTW,TX,ASW,CE,Towers with Display (VFR),0,8,142,0,150,0,0,324,0,324,0,8,466,0,474,680,0,680,1154
02/23/2001,FTW,TX,ASW,CE,Towers with Display (VFR),0,7,66,2,75,2,5,0,4,11,2,12,66,6,86,0,0,0,86
02/24/2001,FTW,TX,ASW,CE,Towers with Display (VFR),0,3,25,0,28,1,4,49,0,54,1,7,74,0,82,16,0,16,98
02/25/2001,FTW,TX,ASW,CE,Towers with Display (VFR),0,7,92,0,99,0,0,376,0,376,0,7,468,0,475,274,0,274,749
02/26/2001,FTW,TX,ASW,CE,Towers with Display (VFR),0,7,74,1,82,0,5,257,1,263,0,12,331,2,345,468,0,468,813
02/27/2001,FTW,TX,ASW,CE,Towers with Display (VFR),0,4,30,0,34,0,9,0,0,9,0,13,30,0,43,0,0,0,43
02/28/2001,FTW,TX,ASW,CE,Towers with Display (VFR),0,5,45,0,50,0,1,1,0,2,0,6,46,0,52,2,0,2,54
03/01/2001,FTW,TX,ASW,CE,Towers with Display (VFR),2,10,104,0,116,3,3,169,0,175,5,13,273,0,291,528,0,528,819
03/02/2001,FTW,TX,ASW,CE,Towers with Display (VFR),2,5,76,0,83,0,0,271,0,271,2,5,347,0,354,250,0,250,604
03/03/2001,FTW,TX,ASW,CE,Towers with Display (VFR),1,1,62,0,64,0,0,83,0,83,1,1,145,0,147,322,0,322,469
03/04/2001,FTW,TX,ASW,CE,Towers with Display (VFR),0,3,55,0,58,0,0,334,0,334,0,3,389,0,392,162,0,162,554
03/05/2001,FTW,TX,ASW,CE,Towers with Display (VFR),2,6,68,0,76,0,0,360,3,363,2,6,428,3,439,296,6,302,741
03/06/2001,FTW,TX,ASW,CE,Towers with Display (VFR),2,10,103,0,115,1,0,238,1,240,3,10,341,1,355,722,0,722,1077
03/07/2001,FTW,TX,ASW,CE,Towers with Display (VFR),1,9,85,0,95,0,0,341,0,341,1,9,426,0,436,324,0,324,760
03/08/2001,FTW,TX,ASW,CE,Towers with Display (VFR),1,5,71,0,77,0,0,48,0,48,1,5,119,0,125,92,0,92,217
03/09/2001,FTW,TX,ASW,CE,Towers with Display (VFR),1,9,82,0,92,0,5,509,0,514,1,14,591,0,606,576,0,576,1182
03/10/2001,FTW,TX,ASW,CE,Towers with Display (VFR),0,7,94,0,101,0,0,402,0,402,0,7,496,0,503,316,0,316,819
03/11/2001,FTW,TX,ASW,CE,Towers with Display (VFR),1,2,51,0,54,3,0,13,0,16,4,2,64,0,70,0,0,0,70
03/12/2001,FTW,TX,ASW,CE,Towers with Display (VFR),0,8,73,0,81,0,2,401,1,404,0,10,474,1,485,570,0,570,1055
03/13/2001,FTW,TX,ASW,CE,Towers with Display (VFR),0,10,113,0,123,0,0,445,2,447,0,10,558,2,570,424,0,424,994
03/14/2001,FTW,TX,ASW,CE,Towers with Display (VFR),0,8,73,0,81,0,2,113,0,115,0,10,186,0,196,138,0,138,334
03/15/2001,FTW,TX,ASW,CE,Towers with Display (VFR),0,6,58,0,64,0,5,48,0,53,0,11,106,0,117,16,0,16,133
03/16/2001,FTW,TX,ASW,CE,Towers with Display (VFR),1,6,59,1,67,0,4,458,0,462,1,10,517,1,529,539,0,539,1068
03/17/2001,FTW,TX,ASW,CE,Towers with Display (VFR),1,8,88,0,97,0,0,330,0,330,1,8,418,0,427,386,0,386,813
03/18/2001,FTW,TX,ASW,CE,Towers with Display (VFR),1,3,84,0,88,1,0,102,0,103,2,3,186,0,191,144,0,144,335
03/19/2001,FTW,TX,ASW,CE,Towers with Display (VFR),1,9,88,1,99,0,5,256,2,263,1,14,344,3,362,434,0,434,796
03/20/2001,FTW,TX,ASW,CE,Towers with Display (VFR),1,9,112,0,122,0,0,284,0,284,1,9,396,0,406,292,0,292,698
03/21/2001,FTW,TX,ASW,CE,Towers with Display (VFR),0,9,85,0,94,0,2,345,0,347,0,11,430,0,441,332,0,332,773
03/22/2001,FTW,TX,ASW,CE,Towers with Display (VFR),1,6,80,1,88,0,0,363,2,365,1,6,443,3,453,244,0,244,697
03/23/2001,FTW,TX,ASW,CE,Towers with Display (VFR),0,8,91,0,99,0,0,343,0,343,0,8,434,0,442,338,0,338,780
03/24/2001,FTW,TX,ASW,CE,Towers with Display (VFR),0,1,25,0,26,0,0,18,0,18,0,1,43,0,44,16,0,16,60
03/25/2001,FTW,TX,ASW,CE,Towers with Display (VFR),0,6,57,0,63,2,1,273,0,276,2,7,330,0,339,318,0,318,657
03/26/2001,FTW,TX,ASW,CE,Towers with Display (VFR),1,7,66,0,74,0,0,263,0,263,1,7,329,0,337,528,0,528,865
03/27/2001,FTW,TX,ASW,CE,Towers with Display (VFR),1,7,62,0,70,4,4,0,0,8,5,11,62,0,78,0,0,0,78
03/28/2001,FTW,TX,ASW,CE,Towers with Display (VFR),0,11,107,0,118,0,0,12,0,12,0,11,119,0,130,14,0,14,144
03/29/2001,FTW,TX,ASW,CE,Towers with Display (VFR),2,11,129,0,142,0,0,242,0,242,2,11,371,0,384,806,0,806,1190
03/30/2001,FTW,TX,ASW,CE,Towers with Display (VFR),1,7,73,0,81,3,0,365,0,368,4,7,438,0,449,378,0,378,827
03/31/2001,FTW,TX,ASW,CE,Towers with Display (VFR),0,5,45,0,50,0,61,268,2,331,0,66,313,2,381,384,0,384,765
04/01/2001,FTW,TX,ASW,CE,Towers with Display (VFR),0,1,67,1,69,0,127,287,0,414,0,128,354,1,483,206,0,206,689
04/02/2001,FTW,TX,ASW,CE,Towers with Display (VFR),0,9,80,0,89,0,0,112,0,112,0,9,192,0,201,332,0,332,533
04/03/2001,FTW,TX,ASW,CE,Towers with Display (VFR),0,7,94,2,103,0,0,143,0,143,0,7,237,2,246,492,0,492,738
04/04/2001,FTW,TX,ASW,CE,Towers with Display (VFR),0,3,108,0,111,0,0,208,0,208,0,3,316,0,319,422,0,422,741
04/05/2001,FTW,TX,ASW,CE,Towers with Display (VFR),1,9,128,0,138,0,1,157,0,158,1,10,285,0,296,458,0,458,754
04/06/2001,FTW,TX,ASW,CE,Towers with Display (VFR),1,7,64,0,72,0,10,139,0,149,1,17,203,0,221,68,0,68,289
04/07/2001,FTW,TX,ASW,CE,Towers with Display (VFR),0,6,64,0,70,0,4,236,0,240,0,10,300,0,310,514,0,514,824
04/08/2001,FTW,TX,ASW,CE,Towers with Display (VFR),0,6,54,0,60,0,1,170,1,172,0,7,224,1,232,200,0,200,432
04/09/2001,FTW,TX,ASW,CE,Towers with Display (VFR),0,6,90,1,97,0,0,324,0,324,0,6,414,1,421,304,2,306,727
04/10/2001,FTW,TX,ASW,CE,Towers with Display (VFR),1,13,94,2,110,0,0,197,0,197,1,13,291,2,307,148,0,148,455
04/11/2001,FTW,TX,ASW,CE,Towers with Display (VFR),0,12,96,6,114,0,0,300,0,300,0,12,396,6,414,244,0,244,658
04/12/2001,FTW,TX,ASW,CE,Towers with Display (VFR),0,11,117,0,128,0,5,437,0,442,0,16,554,0,570,540,0,540,1110
04/13/2001,FTW,TX,ASW,CE,Towers with Display (VFR),0,10,106,0,116,0,1,511,0,512,0,11,617,0,628,596,0,596,1224
04/14/2001,FTW,TX,ASW,CE,Towers with Display (VFR),1,4,69,0,74,1,0,201,1,203,2,4,270,1,277,252,0,252,529
04/15/2001,FTW,TX,ASW,CE,Towers with Display (VFR),0,5,50,0,55,0,0,115,0,115,0,5,165,0,170,104,0,104,274
04/16/2001,FTW,TX,ASW,CE,Towers with Display (VFR),0,15,90,2,107,0,0,436,4,440,0,15,526,6,547,474,0,474,1021
04/17/2001,FTW,TX,ASW,CE,Towers with Display (VFR),0,10,87,1,98,0,1,187,0,188,0,11,274,1,286,386,0,386,672
04/18/2001,FTW,TX,ASW,CE,Towers with Display (VFR),0,7,71,2,80,0,1,372,0,373,0,8,443,2,453,500,0,500,953
04/19/2001,FTW,TX,ASW,CE,Towers with Display (VFR),0,10,105,1,116,0,3,239,0,242,0,13,344,1,358,300,0,300,658
04/20/2001,FTW,TX,ASW,CE,Towers with Display (VFR),0,9,91,1,101,0,1,170,0,171,0,10,261,1,272,120,0,120,392
04/21/2001,FTW,TX,ASW,CE,Towers with Display (VFR),0,4,71,0,75,0,0,215,0,215,0,4,286,0,290,392,0,392,682
04/22/2001,FTW,TX,ASW,CE,Towers with Display (VFR),0,3,42,0,45,0,0,48,0,48,0,3,90,0,93,80,0,80,173
04/23/2001,FTW,TX,ASW,CE,Towers with Display (VFR),0,1,75,0,76,0,0,421,0,421,0,1,496,0,497,396,0,396,893
04/24/2001,FTW,TX,ASW,CE,Towers with Display (VFR),0,9,97,0,106,0,3,400,1,404,0,12,497,1,510,430,0,430,940
04/25/2001,FTW,TX,ASW,CE,Towers with Display (VFR),1,12,105,0,118,0,10,506,0,516,1,22,611,0,634,700,0,700,1334
04/26/2001,FTW,TX,ASW,CE,Towers with Display (VFR),1,10,117,0,128,5,3,492,0,500,6,13,609,0,628,382,0,382,1010
04/27/2001,FTW,TX,ASW,CE,Towers with Display (VFR),0,10,101,0,111,3,1,564,0,568,3,11,665,0,679,626,0,626,1305
04/28/2001,FTW,TX,ASW,CE,Towers with Display (VFR),0,3,64,0,67,3,0,376,0,379,3,3,440,0,446,354,0,354,800
04/29/2001,FTW,TX,ASW,CE,Towers with Display (VFR),0,2,78,0,80,1,2,384,0,387,1,4,462,0,467,374,0,374,841
04/30/2001,FTW,TX,ASW,CE,Towers with Display (VFR),2,5,62,0,69,0,1,388,0,389,2,6,450,0,458,378,0,378,836
05/01/2001,FTW,TX,ASW,CE,Towers with Display (VFR),2,7,125,0,134,0,0,271,0,271,2,7,396,0,405,594,0,594,999
05/02/2001,FTW,TX,ASW,CE,Towers with Display (VFR),1,9,89,1,100,2,0,287,0,289,3,9,376,1,389,468,6,474,863
05/03/2001,FTW,TX,ASW,CE,Towers with Display (VFR),0,8,107,0,115,0,0,259,0,259,0,8,366,0,374,678,2,680,1054
05/04/2001,FTW,TX,ASW,CE,Towers with Display (VFR),0,6,84,1,91,0,0,116,1,117,0,6,200,2,208,204,0,204,412
05/05/2001,FTW,TX,ASW,CE,Towers with Display (VFR),0,5,67,1,73,0,0,61,0,61,0,5,128,1,134,114,0,114,248
05/06/2001,FTW,TX,ASW,CE,Towers with Display (VFR),1,6,57,0,64,1,0,78,2,81,2,6,135,2,145,114,0,114,259
05/07/2001,FTW,TX,ASW,CE,Towers with Display (VFR),0,6,54,0,60,0,1,335,1,337,0,7,389,1,397,620,0,620,1017
05/08/2001,FTW,TX,ASW,CE,Towers with Display (VFR),1,7,75,0,83,1,0,378,2,381,2,7,453,2,464,652,0,652,1116
05/09/2001,FTW,TX,ASW,CE,Towers with Display (VFR),1,10,115,1,127,0,0,448,4,452,1,10,563,5,579,1044,0,1044,1623
05/10/2001,FTW,TX,ASW,CE,Towers with Display (VFR),0,14,136,1,151,0,2,421,7,430,0,16,557,8,581,568,0,568,1149
05/11/2001,FTW,TX,ASW,CE,Towers with Display (VFR),1,8,124,0,133,0,0,314,0,314,1,8,438,0,447,368,0,368,815
05/12/2001,FTW,TX,ASW,CE,Towers with Display (VFR),1,4,49,0,54,0,0,317,0,317,1,4,366,0,371,400,0,400,771
05/13/2001,FTW,TX,ASW,CE,Towers with Display (VFR),1,2,82,0,85,0,0,229,0,229,1,2,311,0,314,212,0,212,526
05/14/2001,FTW,TX,ASW,CE,Towers with Display (VFR),0,8,79,0,87,0,2,365,0,367,0,10,444,0,454,556,0,556,1010
05/15/2001,FTW,TX,ASW,CE,Towers with Display (VFR),0,12,83,1,96,0,18,253,0,271,0,30,336,1,367,250,0,250,617
05/16/2001,FTW,TX,ASW,CE,Towers with Display (VFR),0,12,107,0,119,0,14,351,0,365,0,26,458,0,484,434,0,434,918
05/17/2001,FTW,TX,ASW,CE,Towers with Display (VFR),1,7,126,1,135,3,0,366,0,369,4,7,492,1,504,412,0,412,916
05/18/2001,FTW,TX,ASW,CE,Towers with Display (VFR),0,10,108,0,118,0,1,361,0,362,0,11,469,0,480,462,0,462,942
05/19/2001,FTW,TX,ASW,CE,Towers with Display (VFR),0,7,65,0,72,1,4,242,0,247,1,11,307,0,319,828,0,828,1147
05/20/2001,FTW,TX,ASW,CE,Towers with Display (VFR),0,20,71,0,91,0,4,107,0,111,0,24,178,0,202,208,0,208,410
05/21/2001,FTW,TX,ASW,CE,Towers with Display (VFR),0,8,73,0,81,2,0,124,0,126,2,8,197,0,207,104,0,104,311
05/22/2001,FTW,TX,ASW,CE,Towers with Display (VFR),0,9,87,1,97,0,6,409,1,416,0,15,496,2,513,500,0,500,1013
05/23/2001,FTW,TX,ASW,CE,Towers with Display (VFR),0,9,85,0,94,2,3,424,0,429,2,12,509,0,523,782,0,782,1305
05/24/2001,FTW,TX,ASW,CE,Towers with Display (VFR),0,8,72,1,81,0,5,368,0,373,0,13,440,1,454,514,20,534,988
05/25/2001,FTW,TX,ASW,CE,Towers with Display (VFR),0,6,93,0,99,0,0,416,0,416,0,6,509,0,515,620,0,620,1135
05/26/2001,FTW,TX,ASW,CE,Towers with Display (VFR),1,1,40,0,42,6,8,208,0,222,7,9,248,0,264,344,0,344,608
05/27/2001,FTW,TX,ASW,CE,Towers with Display (VFR),0,1,35,0,36,0,1,156,0,157,0,2,191,0,193,130,0,130,323
05/28/2001,FTW,TX,ASW,CE,Towers with Display (VFR),0,5,62,0,67,3,0,212,0,215,3,5,274,0,282,326,0,326,608
05/29/2001,FTW,TX,ASW,CE,Towers with Display (VFR),2,13,106,0,121,0,0,207,0,207,2,13,313,0,328,510,0,510,838
05/30/2001,FTW,TX,ASW,CE,Towers with Display (VFR),1,12,121,2,136,1,1,333,1,336,2,13,454,3,472,666,2,668,1140
05/31/2001,FTW,TX,ASW,CE,Towers with Display (VFR),0,9,87,0,96,0,1,370,0,371,0,10,457,0,467,564,0,564,1031
06/01/2001,FTW,TX,ASW,CE,Towers with Display (VFR),0,6,87,3,96,0,2,363,0,365,0,8,450,3,461,574,4,578,1039
06/02/2001,FTW,TX,ASW,CE,Towers with Display (VFR),0,5,60,0,65,0,0,313,0,313,0,5,373,0,378,300,0,300,678
06/03/2001,FTW,TX,ASW,CE,Towers with Display (VFR),0,4,46,1,51,0,2,142,0,144,0,6,188,1,195,68,4,72,267
06/04/2001,FTW,TX,ASW,CE,Towers with Display (VFR),2,7,74,1,84,0,6,183,1,190,2,13,257,2,274,176,0,176,450
06/05/2001,FTW,TX,ASW,CE,Towers with Display (VFR),2,17,63,3,85,0,3,244,0,247,2,20,307,3,332,294,2,296,628
06/06/2001,FTW,TX,ASW,CE,Towers with Display (VFR),2,10,98,1,111,0,1,306,1,308,2,11,404,2,419,542,4,546,965
06/07/2001,FTW,TX,ASW,CE,Towers with Display (VFR),4,9,120,1,134,0,2,218,0,220,4,11,338,1,354,484,0,484,838
06/08/2001,FTW,TX,ASW,CE,Towers with Display (VFR),2,6,101,1,110,0,8,329,0,337,2,14,430,1,447,534,0,534,981
06/09/2001,FTW,TX,ASW,CE,Towers with Display (VFR),0,1,46,1,48,0,13,370,0,383,0,14,416,1,431,342,0,342,773
06/10/2001,FTW,TX,ASW,CE,Towers with Display (VFR),0,3,64,0,67,0,2,248,1,251,0,5,312,1,318,259,0,259,577
06/11/2001,FTW,TX,ASW,CE,Towers with Display (VFR),3,6,82,0,91,0,5,428,1,434,3,11,510,1,525,510,0,510,1035
06/12/2001,FTW,TX,ASW,CE,Towers with Display (VFR),5,13,75,0,93,0,4,404,0,408,5,17,479,0,501,568,0,568,1069
06/13/2001,FTW,TX,ASW,CE,Towers with Display (VFR),1,12,102,1,116,0,2,292,0,294,1,14,394,1,410,387,0,387,797
06/14/2001,FTW,TX,ASW,CE,Towers with Display (VFR),5,12,73,0,90,0,4,133,0,137,5,16,206,0,227,102,0,102,329
06/15/2001,FTW,TX,ASW,CE,Towers with Display (VFR),1,13,115,0,129,1,2,427,0,430,2,15,542,0,559,884,0,884,1443
06/16/2001,FTW,TX,ASW,CE,Towers with Display (VFR),0,2,52,0,54,0,1,467,0,468,0,3,519,0,522,584,0,584,1106
06/17/2001,FTW,TX,ASW,CE,Towers with Display (VFR),0,4,51,0,55,0,0,232,2,234,0,4,283,2,289,296,0,296,585
06/18/2001,FTW,TX,ASW,CE,Towers with Display (VFR),1,5,92,0,98,1,0,395,2,398,2,5,487,2,496,432,0,432,928
06/19/2001,FTW,TX,ASW,CE,Towers with Display (VFR),1,11,73,0,85,0,1,407,1,409,1,12,480,1,494,706,4,710,1204
06/20/2001,FTW,TX,ASW,CE,Towers with Display (VFR),0,5,83,0,88,0,5,426,0,431,0,10,509,0,519,936,0,936,1455
06/21/2001,FTW,TX,ASW,CE,Towers with Display (VFR),0,11,91,0,102,0,0,230,2,232,0,11,321,2,334,364,2,366,700
06/22/2001,FTW,TX,ASW,CE,Towers with Display (VFR),0,14,64,1,79,0,1,425,0,426,0,15,489,1,505,802,2,804,1309
06/23/2001,FTW,TX,ASW,CE,Towers with Display (VFR),0,5,54,0,59,0,0,389,0,389,0,5,443,0,448,850,0,850,1298
06/24/2001,FTW,TX,ASW,CE,Towers with Display (VFR),0,10,55,2,67,0,0,238,0,238,0,10,293,2,305,228,0,228,533
06/25/2001,FTW,TX,ASW,CE,Towers with Display (VFR),0,16,73,0,89,0,1,358,0,359,0,17,431,0,448,560,0,560,1008
06/26/2001,FTW,TX,ASW,CE,Towers with Display (VFR),2,18,71,0,91,0,2,343,0,345,2,20,414,0,436,650,0,650,1086
06/27/2001,FTW,TX,ASW,CE,Towers with Display (VFR),0,9,95,0,104,0,1,428,0,429,0,10,523,0,533,884,0,884,1417
06/28/2001,FTW,TX,ASW,CE,Towers with Display (VFR),0,14,79,1,94,0,0,287,0,287,0,14,366,1,381,376,4,380,761
06/29/2001,FTW,TX,ASW,CE,Towers with Display (VFR),1,9,73,0,83,0,4,376,1,381,1,13,449,1,464,576,0,576,1040
06/30/2001,FTW,TX,ASW,CE,Towers with Display (VFR),1,5,38,0,44,0,0,117,0,117,1,5,155,0,161,114,0,114,275
07/01/2001,FTW,TX,ASW,CE,Towers with Display (VFR),2,6,62,0,70,0,3,162,0,165,2,9,224,0,235,128,0,128,363
07/02/2001,FTW,TX,ASW,CE,Towers with Display (VFR),0,9,69,0,78,0,0,331,0,331,0,9,400,0,409,1074,0,1074,1483
07/03/2001,FTW,TX,ASW,CE,Towers with Display (VFR),0,3,58,1,62,0,2,364,0,366,0,5,422,1,428,388,2,390,818
07/04/2001,FTW,TX,ASW,CE,Towers with Display (VFR),0,3,40,0,43,0,0,134,0,134,0,3,174,0,177,230,0,230,407
07/05/2001,FTW,TX,ASW,CE,Towers with Display (VFR),5,11,100,0,116,0,0,402,0,402,5,11,502,0,518,602,0,602,1120
07/06/2001,FTW,TX,ASW,CE,Towers with Display (VFR),3,4,67,0,74,1,2,370,2,375,4,6,437,2,449,632,4,636,1085
07/07/2001,FTW,TX,ASW,CE,Towers with Display (VFR),3,3,74,0,80,0,1,385,0,386,3,4,459,0,466,654,0,654,1120
07/08/2001,FTW,TX,ASW,CE,Towers with Display (VFR),0,8,63,0,71,0,1,264,0,265,0,9,327,0,336,300,0,300,636
07/09/2001,FTW,TX,ASW,CE,Towers with Display (VFR),2,8,78,1,89,2,15,397,0,414,4,23,475,1,503,542,0,542,1045
07/10/2001,FTW,TX,ASW,CE,Towers with Display (VFR),1,2,88,1,92,0,1,346,0,347,1,3,434,1,439,512,0,512,951
07/11/2001,FTW,TX,ASW,CE,Towers with Display (VFR),2,7,89,0,98,0,0,346,3,349,2,7,435,3,447,654,0,654,1101
07/12/2001,FTW,TX,ASW,CE,Towers with Display (VFR),0,9,75,0,84,0,0,337,0,337,0,9,412,0,421,446,2,448,869
07/13/2001,FTW,TX,ASW,CE,Towers with Display (VFR),0,13,70,0,83,0,1,450,0,451,0,14,520,0,534,622,0,622,1156
07/14/2001,FTW,TX,ASW,CE,Towers with Display (VFR),0,6,51,0,57,0,2,276,0,278,0,8,327,0,335,436,0,436,771
07/15/2001,FTW,TX,ASW,CE,Towers with Display (VFR),0,5,61,0,66,0,0,147,0,147,0,5,208,0,213,68,0,68,281
07/16/2001,FTW,TX,ASW,CE,Towers with Display (VFR),1,8,68,0,77,2,0,336,0,338,3,8,404,0,415,364,0,364,779
07/17/2001,FTW,TX,ASW,CE,Towers with Display (VFR),0,7,94,0,101,0,1,351,0,352,0,8,445,0,453,538,0,538,991
07/18/2001,FTW,TX,ASW,CE,Towers with Display (VFR),0,5,90,0,95,0,3,361,0,364,0,8,451,0,459,636,0,636,1095
07/19/2001,FTW,TX,ASW,CE,Towers with Display (VFR),4,8,81,0,93,0,3,394,0,397,4,11,475,0,490,846,0,846,1336
07/20/2001,FTW,TX,ASW,CE,Towers with Display (VFR),2,8,76,3,89,0,0,481,1,482,2,8,557,4,571,906,0,906,1477
07/21/2001,FTW,TX,ASW,CE,Towers with Display (VFR),0,2,57,1,60,0,1,293,6,300,0,3,350,7,360,712,0,712,1072
07/22/2001,FTW,TX,ASW,CE,Towers with Display (VFR),0,2,66,0,68,0,2,164,0,166,0,4,230,0,234,260,0,260,494
07/23/2001,FTW,TX,ASW,CE,Towers with Display (VFR),1,3,72,0,76,0,0,354,0,354,1,3,426,0,430,359,0,359,789
07/24/2001,FTW,TX,ASW,CE,Towers with Display (VFR),0,17,73,2,92,0,3,344,0,347,0,20,417,2,439,638,0,638,1077
07/25/2001,FTW,TX,ASW,CE,Towers with Display (VFR),0,0,0,0,0,0,0,0,0,0,0,0,0,0,0,0,0,0,0
07/26/2001,FTW,TX,ASW,CE,Towers with Display (VFR),0,0,0,0,0,0,0,0,0,0,0,0,0,0,0,0,0,0,0
07/27/2001,FTW,TX,ASW,CE,Towers with Display (VFR),0,0,0,0,0,0,0,0,0,0,0,0,0,0,0,0,0,0,0
07/28/2001,FTW,TX,ASW,CE,Towers with Display (VFR),0,0,0,0,0,0,0,0,0,0,0,0,0,0,0,0,0,0,0
07/29/2001,FTW,TX,ASW,CE,Towers with Display (VFR),0,0,0,0,0,0,0,0,0,0,0,0,0,0,0,0,0,0,0
07/30/2001,FTW,TX,ASW,CE,Towers with Display (VFR),0,0,0,0,0,0,0,0,0,0,0,0,0,0,0,0,0,0,0
07/31/2001,FTW,TX,ASW,CE,Towers with Display (VFR),0,0,0,0,0,0,0,0,0,0,0,0,0,0,0,0,0,0,0
08/01/2001,FTW,TX,ASW,CE,Towers with Display (VFR),8,9,98,1,116,0,1,285,1,287,8,10,383,2,403,600,0,600,1003
08/02/2001,FTW,TX,ASW,CE,Towers with Display (VFR),2,6,83,0,91,0,0,254,0,254,2,6,337,0,345,372,0,372,717
08/03/2001,FTW,TX,ASW,CE,Towers with Display (VFR),0,6,79,1,86,0,0,319,0,319,0,6,398,1,405,472,2,474,879
08/04/2001,FTW,TX,ASW,CE,Towers with Display (VFR),0,2,59,2,63,0,2,322,0,324,0,4,381,2,387,418,0,418,805
08/05/2001,FTW,TX,ASW,CE,Towers with Display (VFR),0,1,61,0,62,0,1,229,0,230,0,2,290,0,292,266,0,266,558
08/06/2001,FTW,TX,ASW,CE,Towers with Display (VFR),2,11,71,2,86,0,0,351,0,351,2,11,422,2,437,536,0,536,973
08/07/2001,FTW,TX,ASW,CE,Towers with Display (VFR),2,10,92,0,104,0,1,334,1,336,2,11,426,1,440,490,0,490,930
08/08/2001,FTW,TX,ASW,CE,Towers with Display (VFR),4,8,86,2,100,0,0,340,1,341,4,8,426,3,441,454,0,454,895
08/09/2001,FTW,TX,ASW,CE,Towers with Display (VFR),4,3,56,3,66,0,0,322,0,322,4,3,378,3,388,588,0,588,976
08/10/2001,FTW,TX,ASW,CE,Towers with Display (VFR),6,5,89,2,102,0,2,368,0,370,6,7,457,2,472,348,0,348,820
08/11/2001,FTW,TX,ASW,CE,Towers with Display (VFR),1,2,46,0,49,0,0,227,0,227,1,2,273,0,276,226,0,226,502
08/12/2001,FTW,TX,ASW,CE,Towers with Display (VFR),0,1,76,0,77,0,1,228,0,229,0,2,304,0,306,290,0,290,596
08/13/2001,FTW,TX,ASW,CE,Towers with Display (VFR),0,10,72,0,82,0,0,304,1,305,0,10,376,1,387,624,0,624,1011
08/14/2001,FTW,TX,ASW,CE,Towers with Display (VFR),9,8,92,1,110,0,0,292,1,293,9,8,384,2,403,408,0,408,811
08/15/2001,FTW,TX,ASW,CE,Towers with Display (VFR),0,18,97,0,115,0,2,267,4,273,0,20,364,4,388,504,10,514,902
08/16/2001,FTW,TX,ASW,CE,Towers with Display (VFR),0,12,99,2,113,0,0,216,0,216,0,12,315,2,329,480,14,494,823
08/17/2001,FTW,TX,ASW,CE,Towers with Display (VFR),1,7,55,6,69,0,0,125,0,125,1,7,180,6,194,126,0,126,320
08/18/2001,FTW,TX,ASW,CE,Towers with Display (VFR),0,4,78,0,82,0,0,237,0,237,0,4,315,0,319,458,0,458,777
08/19/2001,FTW,TX,ASW,CE,Towers with Display (VFR),0,2,62,2,66,0,6,195,0,201,0,8,257,2,267,234,0,234,501
08/20/2001,FTW,TX,ASW,CE,Towers with Display (VFR),2,10,80,0,92,0,0,454,0,454,2,10,534,0,546,462,0,462,1008
08/21/2001,FTW,TX,ASW,CE,Towers with Display (VFR),0,10,80,0,90,0,2,277,0,279,0,12,357,0,369,256,0,256,625
08/22/2001,FTW,TX,ASW,CE,Towers with Display (VFR),0,5,81,0,86,0,0,256,0,256,0,5,337,0,342,352,0,352,694
08/23/2001,FTW,TX,ASW,CE,Towers with Display (VFR),0,9,85,2,96,0,0,283,0,283,0,9,368,2,379,364,0,364,743
08/24/2001,FTW,TX,ASW,CE,Towers with Display (VFR),3,14,74,1,92,0,5,418,0,423,3,19,492,1,515,374,0,374,889
08/25/2001,FTW,TX,ASW,CE,Towers with Display (VFR),2,0,54,0,56,0,0,241,6,247,2,0,295,6,303,378,0,378,681
08/26/2001,FTW,TX,ASW,CE,Towers with Display (VFR),0,1,46,0,47,0,0,94,0,94,0,1,140,0,141,158,0,158,299
08/27/2001,FTW,TX,ASW,CE,Towers with Display (VFR),1,10,57,0,68,0,9,250,0,259,1,19,307,0,327,530,0,530,857
08/28/2001,FTW,TX,ASW,CE,Towers with Display (VFR),1,15,118,4,138,0,3,292,0,295,1,18,410,4,433,490,0,490,923
08/29/2001,FTW,TX,ASW,CE,Towers with Display (VFR),0,9,108,0,117,0,3,277,0,280,0,12,385,0,397,570,0,570,967
08/30/2001,FTW,TX,ASW,CE,Towers with Display (VFR),2,13,119,0,134,0,0,74,0,74,2,13,193,0,208,86,0,86,294
08/31/2001,FTW,TX,ASW,CE,Towers with Display (VFR),0,10,78,0,88,0,1,34,0,35,0,11,112,0,123,42,0,42,165
09/01/2001,FTW,TX,ASW,CE,Towers with Display (VFR),1,2,77,0,80,1,0,127,0,128,2,2,204,0,208,204,0,204,412
09/02/2001,FTW,TX,ASW,CE,Towers with Display (VFR),1,4,47,0,52,0,1,154,0,155,1,5,201,0,207,228,0,228,435
09/03/2001,FTW,TX,ASW,CE,Towers with Display (VFR),0,1,62,0,63,0,0,254,0,254,0,1,316,0,317,280,0,280,597
09/04/2001,FTW,TX,ASW,CE,Towers with Display (VFR),1,9,76,0,86,0,8,46,0,54,1,17,122,0,140,42,0,42,182
09/05/2001,FTW,TX,ASW,CE,Towers with Display (VFR),2,14,88,0,104,0,0,121,1,122,2,14,209,1,226,406,2,408,634
09/06/2001,FTW,TX,ASW,CE,Towers with Display (VFR),4,13,134,2,153,0,10,323,0,333,4,23,457,2,486,304,0,304,790
09/07/2001,FTW,TX,ASW,CE,Towers with Display (VFR),0,16,68,2,86,0,1,311,2,314,0,17,379,4,400,308,0,308,708
09/08/2001,FTW,TX,ASW,CE,Towers with Display (VFR),2,5,115,0,122,0,1,314,0,315,2,6,429,0,437,604,0,604,1041
09/09/2001,FTW,TX,ASW,CE,Towers with Display (VFR),0,1,48,2,51,0,1,111,26,138,0,2,159,28,189,70,0,70,259
09/10/2001,FTW,TX,ASW,CE,Towers with Display (VFR),0,8,73,1,82,0,0,408,0,408,0,8,481,1,490,232,0,232,722
09/11/2001,FTW,TX,ASW,CE,Towers with Display (VFR),1,1,12,0,14,0,2,32,0,34,1,3,44,0,48,78,0,78,126
09/12/2001,FTW,TX,ASW,CE,Towers with Display (VFR),0,0,0,2,2,0,1,0,0,1,0,1,0,2,3,0,0,0,3
09/13/2001,FTW,TX,ASW,CE,Towers with Display (VFR),0,16,4,2,22,0,5,3,0,8,0,21,7,2,30,0,0,0,30
09/14/2001,FTW,TX,ASW,CE,Towers with Display (VFR),0,16,12,0,28,0,1,7,0,8,0,17,19,0,36,0,0,0,36
09/15/2001,FTW,TX,ASW,CE,Towers with Display (VFR),0,10,60,0,70,0,2,9,0,11,0,12,69,0,81,0,0,0,81
09/16/2001,FTW,TX,ASW,CE,Towers with Display (VFR),0,3,45,0,48,0,21,4,0,25,0,24,49,0,73,0,0,0,73
09/17/2001,FTW,TX,ASW,CE,Towers with Display (VFR),1,6,90,0,97,0,2,12,0,14,1,8,102,0,111,4,0,4,115
09/18/2001,FTW,TX,ASW,CE,Towers with Display (VFR),5,13,85,0,103,0,0,8,0,8,5,13,93,0,111,2,0,2,113
09/19/2001,FTW,TX,ASW,CE,Towers with Display (VFR),3,7,121,0,131,0,13,0,0,13,3,20,121,0,144,4,0,4,148
09/20/2001,FTW,TX,ASW,CE,Towers with Display (VFR),3,4,109,0,116,0,4,0,0,4,3,8,109,0,120,0,0,0,120
09/21/2001,FTW,TX,ASW,CE,Towers with Display (VFR),0,15,153,2,170,0,2,0,0,2,0,17,153,2,172,0,0,0,172
09/22/2001,FTW,TX,ASW,CE,Towers with Display (VFR),1,2,78,0,81,0,1,34,0,35,1,3,112,0,116,52,0,52,168
09/23/2001,FTW,TX,ASW,CE,Towers with Display (VFR),4,9,85,2,100,0,3,61,0,64,4,12,146,2,164,58,0,58,222
09/24/2001,FTW,TX,ASW,CE,Towers with Display (VFR),0,6,114,0,120,0,0,203,0,203,0,6,317,0,323,194,0,194,517
09/25/2001,FTW,TX,ASW,CE,Towers with Display (VFR),4,11,116,0,131,0,0,173,2,175,4,11,289,2,306,268,0,268,574
09/26/2001,FTW,TX,ASW,CE,Towers with Display (VFR),5,14,127,2,148,0,0,285,0,285,5,14,412,2,433,456,0,456,889
09/27/2001,FTW,TX,ASW,CE,Towers with Display (VFR),9,14,141,0,164,0,18,217,0,235,9,32,358,0,399,154,0,154,553
09/28/2001,FTW,TX,ASW,CE,Towers with Display (VFR),6,15,153,0,174,0,0,240,0,240,6,15,393,0,414,336,0,336,750
09/29/2001,FTW,TX,ASW,CE,Towers with Display (VFR),0,7,81,0,88,0,0,206,0,206,0,7,287,0,294,294,0,294,588
09/30/2001,FTW,TX,ASW,CE,Towers with Display (VFR),2,5,83,0,90,0,13,132,0,145,2,18,215,0,235,232,0,232,467
10/01/2001,FTW,TX,ASW,CE,Towers with Display (VFR),0,15,113,0,128,0,3,215,0,218,0,18,328,0,346,194,0,194,540
10/02/2001,FTW,TX,ASW,CE,Towers with Display (VFR),0,16,139,0,155,0,5,183,0,188,0,21,322,0,343,304,0,304,647
10/03/2001,FTW,TX,ASW,CE,Towers with Display (VFR),0,18,122,0,140,0,8,199,0,207,0,26,321,0,347,296,0,296,643
10/04/2001,FTW,TX,ASW,CE,Towers with Display (VFR),0,13,139,0,152,0,0,192,0,192,0,13,331,0,344,284,0,284,628
10/05/2001,FTW,TX,ASW,CE,Towers with Display (VFR),8,13,83,0,104,0,3,44,0,47,8,16,127,0,151,68,0,68,219
10/06/2001,FTW,TX,ASW,CE,Towers with Display (VFR),0,5,98,0,103,0,1,245,0,246,0,6,343,0,349,144,0,144,493
10/07/2001,FTW,TX,ASW,CE,Towers with Display (VFR),0,7,100,0,107,0,1,130,0,131,0,8,230,0,238,154,0,154,392
10/08/2001,FTW,TX,ASW,CE,Towers with Display (VFR),2,10,103,0,115,4,1,228,0,233,6,11,331,0,348,324,0,324,672
10/09/2001,FTW,TX,ASW,CE,Towers with Display (VFR),1,11,107,0,119,0,0,70,0,70,1,11,177,0,189,126,0,126,315
10/10/2001,FTW,TX,ASW,CE,Towers with Display (VFR),2,3,82,0,87,0,0,96,0,96,2,3,178,0,183,178,0,178,361
10/11/2001,FTW,TX,ASW,CE,Towers with Display (VFR),0,15,95,0,110,0,0,144,0,144,0,15,239,0,254,290,0,290,544
10/12/2001,FTW,TX,ASW,CE,Towers with Display (VFR),2,11,134,0,147,0,0,265,0,265,2,11,399,0,412,280,4,284,696
10/13/2001,FTW,TX,ASW,CE,Towers with Display (VFR),2,5,83,0,90,0,1,170,0,171,2,6,253,0,261,300,0,300,561
10/14/2001,FTW,TX,ASW,CE,Towers with Display (VFR),1,3,104,0,108,0,1,205,0,206,1,4,309,0,314,324,0,324,638
10/15/2001,FTW,TX,ASW,CE,Towers with Display (VFR),1,5,69,0,75,0,2,165,0,167,1,7,234,0,242,190,0,190,432
10/16/2001,FTW,TX,ASW,CE,Towers with Display (VFR),2,12,106,3,123,0,7,294,0,301,2,19,400,3,424,450,0,450,874
10/17/2001,FTW,TX,ASW,CE,Towers with Display (VFR),0,14,116,0,130,0,3,358,0,361,0,17,474,0,491,636,0,636,1127
10/18/2001,FTW,TX,ASW,CE,Towers with Display (VFR),0,10,103,2,115,0,0,284,0,284,0,10,387,2,399,462,0,462,861
10/19/2001,FTW,TX,ASW,CE,Towers with Display (VFR),2,10,104,2,118,0,0,427,0,427,2,10,531,2,545,332,0,332,877
10/20/2001,FTW,TX,ASW,CE,Towers with Display (VFR),1,5,70,0,76,0,0,386,1,387,1,5,456,1,463,448,0,448,911
10/21/2001,FTW,TX,ASW,CE,Towers with Display (VFR),0,4,83,0,87,0,1,200,0,201,0,5,283,0,288,278,0,278,566
10/22/2001,FTW,TX,ASW,CE,Towers with Display (VFR),0,9,92,1,102,0,1,241,0,242,0,10,333,1,344,438,0,438,782
10/23/2001,FTW,TX,ASW,CE,Towers with Display (VFR),0,7,127,0,134,0,1,257,0,258,0,8,384,0,392,466,0,466,858
10/24/2001,FTW,TX,ASW,CE,Towers with Display (VFR),0,13,96,0,109,0,1,262,0,263,0,14,358,0,372,376,0,376,748
10/25/2001,FTW,TX,ASW,CE,Towers with Display (VFR),0,11,84,0,95,0,5,329,0,334,0,16,413,0,429,562,0,562,991
10/26/2001,FTW,TX,ASW,CE,Towers with Display (VFR),0,9,115,0,124,0,2,445,0,447,0,11,560,0,571,592,0,592,1163
10/27/2001,FTW,TX,ASW,CE,Towers with Display (VFR),0,4,69,3,76,0,4,304,0,308,0,8,373,3,384,644,0,644,1028
10/28/2001,FTW,TX,ASW,CE,Towers with Display (VFR),5,10,49,0,64,0,2,213,0,215,5,12,262,0,279,230,18,248,527
10/29/2001,FTW,TX,ASW,CE,Towers with Display (VFR),2,9,92,0,103,0,4,331,0,335,2,13,423,0,438,392,0,392,830
10/30/2001,FTW,TX,ASW,CE,Towers with Display (VFR),0,0,0,0,0,0,0,0,0,0,0,0,0,0,0,0,0,0,0
10/31/2001,FTW,TX,ASW,CE,Towers with Display (VFR),0,0,0,0,0,0,0,0,0,0,0,0,0,0,0,0,0,0,0
11/01/2001,FTW,TX,ASW,CE,Towers with Display (VFR),1,13,114,4,132,0,0,234,0,234,1,13,348,4,366,374,0,374,740
11/02/2001,FTW,TX,ASW,CE,Towers with Display (VFR),0,19,123,0,142,0,4,323,0,327,0,23,446,0,469,882,0,882,1351
11/03/2001,FTW,TX,ASW,CE,Towers with Display (VFR),0,9,89,0,98,0,0,333,0,333,0,9,422,0,431,534,0,534,965
11/04/2001,FTW,TX,ASW,CE,Towers with Display (VFR),3,7,46,0,56,0,0,147,0,147,3,7,193,0,203,102,0,102,305
11/05/2001,FTW,TX,ASW,CE,Towers with Display (VFR),1,9,89,1,100,0,1,367,0,368,1,10,456,1,468,560,0,560,1028
11/06/2001,FTW,TX,ASW,CE,Towers with Display (VFR),2,14,103,0,119,0,3,311,0,314,2,17,414,0,433,614,0,614,1047
11/07/2001,FTW,TX,ASW,CE,Towers with Display (VFR),0,16,114,1,131,0,1,374,0,375,0,17,488,1,506,772,0,772,1278
11/08/2001,FTW,TX,ASW,CE,Towers with Display (VFR),0,11,130,0,141,0,0,248,0,248,0,11,378,0,389,712,0,712,1101
11/09/2001,FTW,TX,ASW,CE,Towers with Display (VFR),4,9,133,0,146,0,0,184,0,184,4,9,317,0,330,384,0,384,714
11/10/2001,FTW,TX,ASW,CE,Towers with Display (VFR),4,6,102,0,112,0,3,285,0,288,4,9,387,0,400,804,0,804,1204
11/11/2001,FTW,TX,ASW,CE,Towers with Display (VFR),0,6,33,0,39,0,12,11,0,23,0,18,44,0,62,4,0,4,66
11/12/2001,FTW,TX,ASW,CE,Towers with Display (VFR),0,17,82,0,99,0,0,67,0,67,0,17,149,0,166,148,0,148,314
11/13/2001,FTW,TX,ASW,CE,Towers with Display (VFR),1,12,124,2,139,2,0,91,0,93,3,12,215,2,232,126,0,126,358
11/14/2001,FTW,TX,ASW,CE,Towers with Display (VFR),0,14,144,3,161,0,0,163,0,163,0,14,307,3,324,396,0,396,720
11/15/2001,FTW,TX,ASW,CE,Towers with Display (VFR),10,24,103,4,141,0,3,187,0,190,10,27,290,4,331,572,0,572,903
11/16/2001,FTW,TX,ASW,CE,Towers with Display (VFR),0,5,141,2,148,0,4,269,0,273,0,9,410,2,421,738,0,738,1159
11/17/2001,FTW,TX,ASW,CE,Towers with Display (VFR),0,9,92,1,102,0,0,392,1,393,0,9,484,2,495,728,0,728,1223
11/18/2001,FTW,TX,ASW,CE,Towers with Display (VFR),0,9,91,0,100,0,0,221,0,221,0,9,312,0,321,200,0,200,521
11/19/2001,FTW,TX,ASW,CE,Towers with Display (VFR),0,9,70,0,79,0,1,121,0,122,0,10,191,0,201,80,0,80,281
11/20/2001,FTW,TX,ASW,CE,Towers with Display (VFR),1,11,145,0,157,0,1,389,0,390,1,12,534,0,547,502,0,502,1049
11/21/2001,FTW,TX,ASW,CE,Towers with Display (VFR),0,8,132,2,142,0,2,370,0,372,0,10,502,2,514,616,0,616,1130
11/22/2001,FTW,TX,ASW,CE,Towers with Display (VFR),0,5,34,0,39,0,2,93,0,95,0,7,127,0,134,86,0,86,220
11/23/2001,FTW,TX,ASW,CE,Towers with Display (VFR),0,9,60,0,69,0,6,166,0,172,0,15,226,0,241,174,0,174,415
11/24/2001,FTW,TX,ASW,CE,Towers with Display (VFR),1,10,61,12,84,0,0,219,0,219,1,10,280,12,303,200,0,200,503
11/25/2001,FTW,TX,ASW,CE,Towers with Display (VFR),0,5,89,0,94,0,1,249,0,250,0,6,338,0,344,212,0,212,556
11/26/2001,FTW,TX,ASW,CE,Towers with Display (VFR),0,11,71,2,84,0,1,360,1,362,0,12,431,3,446,352,0,352,798
11/27/2001,FTW,TX,ASW,CE,Towers with Display (VFR),0,8,66,0,74,0,2,105,0,107,0,10,171,0,181,152,0,152,333
11/28/2001,FTW,TX,ASW,CE,Towers with Display (VFR),0,5,17,0,22,0,0,1,0,1,0,5,18,0,23,0,0,0,23
11/29/2001,FTW,TX,ASW,CE,Towers with Display (VFR),1,23,101,0,125,0,16,224,0,240,1,39,325,0,365,383,0,383,748
11/30/2001,FTW,TX,ASW,CE,Towers with Display (VFR),1,13,95,1,110,0,6,442,1,449,1,19,537,2,559,718,0,718,1277
12/01/2001,FTW,TX,ASW,CE,Towers with Display (VFR),0,11,74,6,91,0,3,446,0,449,0,14,520,6,540,762,0,762,1302
12/02/2001,FTW,TX,ASW,CE,Towers with Display (VFR),0,6,83,0,89,0,2,279,0,281,0,8,362,0,370,246,0,246,616
12/03/2001,FTW,TX,ASW,CE,Towers with Display (VFR),1,9,110,0,120,0,0,61,0,61,1,9,171,0,181,212,0,212,393
12/04/2001,FTW,TX,ASW,CE,Towers with Display (VFR),0,10,128,0,138,0,2,80,0,82,0,12,208,0,220,90,0,90,310
12/05/2001,FTW,TX,ASW,CE,Towers with Display (VFR),6,10,144,4,164,1,0,224,0,225,7,10,368,4,389,290,0,290,679
12/06/2001,FTW,TX,ASW,CE,Towers with Display (VFR),7,8,140,2,157,0,0,276,0,276,7,8,416,2,433,460,0,460,893
12/07/2001,FTW,TX,ASW,CE,Towers with Display (VFR),5,15,123,1,144,0,0,457,0,457,5,15,580,1,601,1404,0,1404,2005
12/08/2001,FTW,TX,ASW,CE,Towers with Display (VFR),2,12,80,1,95,0,6,174,0,180,2,18,254,1,275,204,0,204,479
12/09/2001,FTW,TX,ASW,CE,Towers with Display (VFR),0,3,61,0,64,0,0,252,0,252,0,3,313,0,316,280,0,280,596
12/10/2001,FTW,TX,ASW,CE,Towers with Display (VFR),0,9,107,0,116,0,2,449,0,451,0,11,556,0,567,576,0,576,1143
12/11/2001,FTW,TX,ASW,CE,Towers with Display (VFR),0,8,138,0,146,0,1,82,0,83,0,9,220,0,229,246,0,246,475
12/12/2001,FTW,TX,ASW,CE,Towers with Display (VFR),0,15,96,4,115,0,1,149,0,150,0,16,245,4,265,178,0,178,443
12/13/2001,FTW,TX,ASW,CE,Towers with Display (VFR),0,18,122,0,140,0,1,76,0,77,0,19,198,0,217,144,0,144,361
12/14/2001,FTW,TX,ASW,CE,Towers with Display (VFR),0,15,134,0,149,0,4,483,0,487,0,19,617,0,636,634,0,634,1270
12/15/2001,FTW,TX,ASW,CE,Towers with Display (VFR),0,3,71,0,74,0,1,86,0,87,0,4,157,0,161,226,0,226,387
12/16/2001,FTW,TX,ASW,CE,Towers with Display (VFR),0,7,51,0,58,0,5,0,2,7,0,12,51,2,65,0,0,0,65
12/17/2001,FTW,TX,ASW,CE,Towers with Display (VFR),0,19,118,0,137,0,2,415,0,417,0,21,533,0,554,340,0,340,894
12/18/2001,FTW,TX,ASW,CE,Towers with Display (VFR),1,20,76,4,101,0,1,351,0,352,1,21,427,4,453,492,0,492,945
12/19/2001,FTW,TX,ASW,CE,Towers with Display (VFR),3,22,112,4,141,0,0,370,0,370,3,22,482,4,511,652,0,652,1163
12/20/2001,FTW,TX,ASW,CE,Towers with Display (VFR),0,17,116,3,136,0,1,342,2,345,0,18,458,5,481,468,0,468,949
12/21/2001,FTW,TX,ASW,CE,Towers with Display (VFR),2,9,92,0,103,0,5,315,0,320,2,14,407,0,423,202,0,202,625
12/22/2001,FTW,TX,ASW,CE,Towers with Display (VFR),0,2,57,0,59,0,1,243,0,244,0,3,300,0,303,474,0,474,777
12/23/2001,FTW,TX,ASW,CE,Towers with Display (VFR),0,4,49,0,53,0,5,207,0,212,0,9,256,0,265,144,0,144,409
12/24/2001,FTW,TX,ASW,CE,Towers with Display (VFR),0,3,34,1,38,0,0,183,1,184,0,3,217,2,222,136,0,136,358
12/25/2001,FTW,TX,ASW,CE,Towers with Display (VFR),0,0,20,0,20,0,2,64,0,66,0,2,84,0,86,52,0,52,138
12/26/2001,FTW,TX,ASW,CE,Towers with Display (VFR),0,13,77,0,90,0,1,282,0,283,0,14,359,0,373,278,0,278,651
12/27/2001,FTW,TX,ASW,CE,Towers with Display (VFR),0,8,89,0,97,0,0,310,0,310,0,8,399,0,407,492,0,492,899
12/28/2001,FTW,TX,ASW,CE,Towers with Display (VFR),1,6,64,0,71,0,0,387,2,389,1,6,451,2,460,480,0,480,940
12/29/2001,FTW,TX,ASW,CE,Towers with Display (VFR),2,2,48,0,52,0,0,186,0,186,2,2,234,0,238,168,0,168,406
12/30/2001,FTW,TX,ASW,CE,Towers with Display (VFR),0,5,37,0,42,0,0,46,0,46,0,5,83,0,88,244,0,244,332
12/31/2001,FTW,TX,ASW,CE,Towers with Display (VFR),0,3,25,0,28,0,2,22,0,24,0,5,47,0,52,34,0,34,86
01/01/2002,FTW,TX,ASW,CE,Towers with Display (VFR),0,5,22,0,27,0,0,25,0,25,0,5,47,0,52,34,0,34,86
01/02/2002,FTW,TX,ASW,CE,Towers with Display (VFR),1,8,60,0,69,0,1,68,0,69,1,9,128,0,138,70,0,70,208
01/03/2002,FTW,TX,ASW,CE,Towers with Display (VFR),4,6,71,0,81,0,1,225,0,226,4,7,296,0,307,242,0,242,549
01/04/2002,FTW,TX,ASW,CE,Towers with Display (VFR),2,4,71,0,77,0,1,320,0,321,2,5,391,0,398,347,0,347,745
01/05/2002,FTW,TX,ASW,CE,Towers with Display (VFR),1,8,55,0,64,0,4,10,0,14,1,12,65,0,78,12,0,12,90
01/06/2002,FTW,TX,ASW,CE,Towers with Display (VFR),2,6,62,0,70,0,6,168,0,174,2,12,230,0,244,158,0,158,402
01/07/2002,FTW,TX,ASW,CE,Towers with Display (VFR),0,9,76,0,85,0,0,256,0,256,0,9,332,0,341,262,0,262,603
01/08/2002,FTW,TX,ASW,CE,Towers with Display (VFR),1,8,82,0,91,0,6,318,0,324,1,14,400,0,415,338,0,338,753
01/09/2002,FTW,TX,ASW,CE,Towers with Display (VFR),4,18,87,0,109,0,1,313,0,314,4,19,400,0,423,280,0,280,703
01/10/2002,FTW,TX,ASW,CE,Towers with Display (VFR),2,13,105,0,120,0,10,286,4,300,2,23,391,4,420,224,0,224,644
01/11/2002,FTW,TX,ASW,CE,Towers with Display (VFR),1,14,89,0,104,0,6,394,0,400,1,20,483,0,504,334,0,334,838
01/12/2002,FTW,TX,ASW,CE,Towers with Display (VFR),3,3,55,0,61,0,3,344,0,347,3,6,399,0,408,392,0,392,800
01/13/2002,FTW,TX,ASW,CE,Towers with Display (VFR),4,4,56,0,64,0,4,134,0,138,4,8,190,0,202,154,2,156,358
01/14/2002,FTW,TX,ASW,CE,Towers with Display (VFR),2,14,68,0,84,0,2,324,0,326,2,16,392,0,410,318,0,318,728
01/15/2002,FTW,TX,ASW,CE,Towers with Display (VFR),0,14,108,0,122,0,9,272,0,281,0,23,380,0,403,266,0,266,669
01/16/2002,FTW,TX,ASW,CE,Towers with Display (VFR),0,17,105,1,123,0,1,296,2,299,0,18,401,3,422,232,0,232,654
01/17/2002,FTW,TX,ASW,CE,Towers with Display (VFR),0,14,139,1,154,0,4,191,3,198,0,18,330,4,352,302,0,302,654
01/18/2002,FTW,TX,ASW,CE,Towers with Display (VFR),0,12,114,0,126,0,2,17,0,19,0,14,131,0,145,0,0,0,145
01/19/2002,FTW,TX,ASW,CE,Towers with Display (VFR),0,6,65,0,71,0,5,589,0,594,0,11,654,0,665,408,0,408,1073
01/20/2002,FTW,TX,ASW,CE,Towers with Display (VFR),0,6,50,0,56,0,4,200,2,206,0,10,250,2,262,164,0,164,426
01/21/2002,FTW,TX,ASW,CE,Towers with Display (VFR),0,7,86,0,93,0,2,289,0,291,0,9,375,0,384,332,0,332,716
01/22/2002,FTW,TX,ASW,CE,Towers with Display (VFR),6,5,96,3,110,0,4,193,1,198,6,9,289,4,308,322,0,322,630
01/23/2002,FTW,TX,ASW,CE,Towers with Display (VFR),5,6,114,4,129,0,2,120,1,123,5,8,234,5,252,148,0,148,400
01/24/2002,FTW,TX,ASW,CE,Towers with Display (VFR),4,10,106,0,120,0,0,131,0,131,4,10,237,0,251,142,0,142,393
01/25/2002,FTW,TX,ASW,CE,Towers with Display (VFR),3,13,94,0,110,0,6,456,0,462,3,19,550,0,572,398,0,398,970
01/26/2002,FTW,TX,ASW,CE,Towers with Display (VFR),0,4,55,0,59,0,2,410,0,412,0,6,465,0,471,440,0,440,911
01/27/2002,FTW,TX,ASW,CE,Towers with Display (VFR),0,3,46,0,49,0,7,190,0,197,0,10,236,0,246,146,0,146,392
01/28/2002,FTW,TX,ASW,CE,Towers with Display (VFR),1,10,99,1,111,0,1,277,1,279,1,11,376,2,390,208,0,208,598
01/29/2002,FTW,TX,ASW,CE,Towers with Display (VFR),1,8,116,2,127,0,4,216,0,220,1,12,332,2,347,292,0,292,639
01/30/2002,FTW,TX,ASW,CE,Towers with Display (VFR),3,8,85,0,96,0,0,7,0,7,3,8,92,0,103,0,0,0,103
01/31/2002,FTW,TX,ASW,CE,Towers with Display (VFR),0,19,87,2,108,0,0,144,0,144,0,19,231,2,252,698,0,698,950
02/01/2002,FTW,TX,ASW,CE,Towers with Display (VFR),2,10,82,0,94,0,0,526,0,526,2,10,608,0,620,588,0,588,1208
02/02/2002,FTW,TX,ASW,CE,Towers with Display (VFR),0,11,53,0,64,0,0,373,0,373,0,11,426,0,437,582,0,582,1019
02/03/2002,FTW,TX,ASW,CE,Towers with Display (VFR),0,7,39,0,46,0,2,162,0,164,0,9,201,0,210,140,0,140,350
02/04/2002,FTW,TX,ASW,CE,Towers with Display (VFR),0,9,70,0,79,0,2,228,0,230,0,11,298,0,309,300,0,300,609
02/05/2002,FTW,TX,ASW,CE,Towers with Display (VFR),0,15,27,0,42,0,0,0,0,0,0,15,27,0,42,0,0,0,42
02/06/2002,FTW,TX,ASW,CE,Towers with Display (VFR),2,22,57,0,81,0,0,29,0,29,2,22,86,0,110,18,0,18,128
02/07/2002,FTW,TX,ASW,CE,Towers with Display (VFR),1,18,95,0,114,0,1,437,0,438,1,19,532,0,552,406,0,406,958
02/08/2002,FTW,TX,ASW,CE,Towers with Display (VFR),2,6,87,0,95,0,1,363,0,364,2,7,450,0,459,308,0,308,767
02/09/2002,FTW,TX,ASW,CE,Towers with Display (VFR),2,6,33,6,47,0,2,249,0,251,2,8,282,6,298,170,0,170,468
02/10/2002,FTW,TX,ASW,CE,Towers with Display (VFR),8,1,35,0,44,3,2,112,0,117,11,3,147,0,161,18,0,18,179
02/11/2002,FTW,TX,ASW,CE,Towers with Display (VFR),4,8,62,0,74,0,3,441,0,444,4,11,503,0,518,496,0,496,1014
02/12/2002,FTW,TX,ASW,CE,Towers with Display (VFR),5,10,73,0,88,0,1,374,1,376,5,11,447,1,464,462,0,462,926
02/13/2002,FTW,TX,ASW,CE,Towers with Display (VFR),2,13,106,5,126,0,4,393,0,397,2,17,499,5,523,308,0,308,831
02/14/2002,FTW,TX,ASW,CE,Towers with Display (VFR),0,6,83,2,91,0,0,293,1,294,0,6,376,3,385,296,0,296,681
02/15/2002,FTW,TX,ASW,CE,Towers with Display (VFR),1,14,88,0,103,0,0,282,0,282,1,14,370,0,385,148,0,148,533
02/16/2002,FTW,TX,ASW,CE,Towers with Display (VFR),1,15,57,0,73,0,1,380,0,381,1,16,437,0,454,564,0,564,1018
02/17/2002,FTW,TX,ASW,CE,Towers with Display (VFR),0,6,55,0,61,0,0,210,0,210,0,6,265,0,271,72,0,72,343
02/18/2002,FTW,TX,ASW,CE,Towers with Display (VFR),0,5,109,0,114,0,3,242,0,245,0,8,351,0,359,294,0,294,653
02/19/2002,FTW,TX,ASW,CE,Towers with Display (VFR),2,4,84,2,92,0,0,155,0,155,2,4,239,2,247,114,0,114,361
02/20/2002,FTW,TX,ASW,CE,Towers with Display (VFR),0,11,93,0,104,0,2,335,0,337,0,13,428,0,441,272,0,272,713
02/21/2002,FTW,TX,ASW,CE,Towers with Display (VFR),0,7,117,0,124,0,0,187,0,187,0,7,304,0,311,316,4,320,631
02/22/2002,FTW,TX,ASW,CE,Towers with Display (VFR),0,11,73,2,86,0,1,309,0,310,0,12,382,2,396,230,0,230,626
02/23/2002,FTW,TX,ASW,CE,Towers with Display (VFR),0,1,46,0,47,0,2,343,0,345,0,3,389,0,392,226,0,226,618
02/24/2002,FTW,TX,ASW,CE,Towers with Display (VFR),0,9,50,3,62,0,3,138,0,141,0,12,188,3,203,128,0,128,331
02/25/2002,FTW,TX,ASW,CE,Towers with Display (VFR),0,14,60,1,75,0,0,266,3,269,0,14,326,4,344,274,0,274,618
02/26/2002,FTW,TX,ASW,CE,Towers with Display (VFR),0,14,46,2,62,0,1,101,0,102,0,15,147,2,164,42,2,44,208
02/27/2002,FTW,TX,ASW,CE,Towers with Display (VFR),0,27,75,0,102,0,0,370,0,370,0,27,445,0,472,360,0,360,832
02/28/2002,FTW,TX,ASW,CE,Towers with Display (VFR),2,18,93,0,113,0,0,261,0,261,2,18,354,0,374,332,0,332,706
03/01/2002,FTW,TX,ASW,CE,Towers with Display (VFR),0,11,90,6,107,0,0,16,0,16,0,11,106,6,123,0,0,0,123
03/02/2002,FTW,TX,ASW,CE,Towers with Display (VFR),0,5,14,1,20,0,1,6,0,7,0,6,20,1,27,2,0,2,29
03/03/2002,FTW,TX,ASW,CE,Towers with Display (VFR),2,9,54,2,67,0,0,128,0,128,2,9,182,2,195,212,0,212,407
03/04/2002,FTW,TX,ASW,CE,Towers with Display (VFR),0,20,72,0,92,0,2,328,2,332,0,22,400,2,424,308,0,308,732
03/05/2002,FTW,TX,ASW,CE,Towers with Display (VFR),0,14,75,0,89,0,6,265,0,271,0,20,340,0,360,200,0,200,560
03/06/2002,FTW,TX,ASW,CE,Towers with Display (VFR),0,7,114,0,121,0,2,253,2,257,0,9,367,2,378,364,0,364,742
03/07/2002,FTW,TX,ASW,CE,Towers with Display (VFR),0,15,91,2,108,0,0,172,2,174,0,15,263,4,282,368,0,368,650
03/08/2002,FTW,TX,ASW,CE,Towers with Display (VFR),1,9,97,0,107,0,4,112,0,116,1,13,209,0,223,68,0,68,291
03/09/2002,FTW,TX,ASW,CE,Towers with Display (VFR),3,17,56,0,76,0,1,126,0,127,3,18,182,0,203,146,0,146,349
03/10/2002,FTW,TX,ASW,CE,Towers with Display (VFR),0,6,58,0,64,0,2,230,0,232,0,8,288,0,296,164,0,164,460
03/11/2002,FTW,TX,ASW,CE,Towers with Display (VFR),6,8,81,0,95,0,0,239,0,239,6,8,320,0,334,246,0,246,580
03/12/2002,FTW,TX,ASW,CE,Towers with Display (VFR),2,12,99,4,117,0,0,255,0,255,2,12,354,4,372,326,0,326,698
03/13/2002,FTW,TX,ASW,CE,Towers with Display (VFR),2,14,90,2,108,0,2,353,0,355,2,16,443,2,463,220,0,220,683
03/14/2002,FTW,TX,ASW,CE,Towers with Display (VFR),2,8,77,0,87,0,1,181,0,182,2,9,258,0,269,102,0,102,371
03/15/2002,FTW,TX,ASW,CE,Towers with Display (VFR),2,12,92,6,112,0,2,243,1,246,2,14,335,7,358,186,0,186,544
03/16/2002,FTW,TX,ASW,CE,Towers with Display (VFR),0,7,92,0,99,0,6,267,0,273,0,13,359,0,372,390,0,390,762
03/17/2002,FTW,TX,ASW,CE,Towers with Display (VFR),1,7,71,4,83,0,4,92,0,96,1,11,163,4,179,168,0,168,347
03/18/2002,FTW,TX,ASW,CE,Towers with Display (VFR),1,10,34,0,45,0,0,0,1,1,1,10,34,1,46,0,0,0,46
03/19/2002,FTW,TX,ASW,CE,Towers with Display (VFR),0,18,31,1,50,0,0,5,0,5,0,18,36,1,55,0,0,0,55
03/20/2002,FTW,TX,ASW,CE,Towers with Display (VFR),6,22,95,0,123,0,4,230,0,234,6,26,325,0,357,370,0,370,727
03/21/2002,FTW,TX,ASW,CE,Towers with Display (VFR),0,12,90,0,102,0,0,309,0,309,0,12,399,0,411,735,0,735,1146
03/22/2002,FTW,TX,ASW,CE,Towers with Display (VFR),0,8,80,3,91,0,2,277,0,279,0,10,357,3,370,222,0,222,592
03/23/2002,FTW,TX,ASW,CE,Towers with Display (VFR),0,6,73,0,79,0,2,198,0,200,0,8,271,0,279,208,0,208,487
03/24/2002,FTW,TX,ASW,CE,Towers with Display (VFR),0,5,40,0,45,0,4,86,0,90,0,9,126,0,135,100,0,100,235
03/25/2002,FTW,TX,ASW,CE,Towers with Display (VFR),0,6,74,0,80,0,0,48,0,48,0,6,122,0,128,36,0,36,164
03/26/2002,FTW,TX,ASW,CE,Towers with Display (VFR),0,9,67,2,78,2,6,234,0,242,2,15,301,2,320,284,0,284,604
03/27/2002,FTW,TX,ASW,CE,Towers with Display (VFR),0,16,86,2,104,0,2,342,0,344,0,18,428,2,448,396,26,422,870
03/28/2002,FTW,TX,ASW,CE,Towers with Display (VFR),8,10,87,0,105,0,1,250,0,251,8,11,337,0,356,154,0,154,510
03/29/2002,FTW,TX,ASW,CE,Towers with Display (VFR),3,7,75,0,85,0,3,301,0,304,3,10,376,0,389,472,0,472,861
03/30/2002,FTW,TX,ASW,CE,Towers with Display (VFR),4,1,20,0,25,0,2,13,0,15,4,3,33,0,40,10,0,10,50
03/31/2002,FTW,TX,ASW,CE,Towers with Display (VFR),0,5,39,0,44,0,0,91,0,91,0,5,130,0,135,68,0,68,203
04/01/2002,FTW,TX,ASW,CE,Towers with Display (VFR),1,3,48,0,52,1,4,349,0,354,2,7,397,0,406,368,0,368,774
04/02/2002,FTW,TX,ASW,CE,Towers with Display (VFR),1,7,72,0,80,0,3,138,0,141,1,10,210,0,221,168,0,168,389
04/03/2002,FTW,TX,ASW,CE,Towers with Display (VFR),2,13,94,0,109,0,3,262,1,266,2,16,356,1,375,420,0,420,795
04/04/2002,FTW,TX,ASW,CE,Towers with Display (VFR),0,15,96,2,113,0,6,340,1,347,0,21,436,3,460,342,0,342,802
04/05/2002,FTW,TX,ASW,CE,Towers with Display (VFR),2,10,112,0,124,0,9,380,0,389,2,19,492,0,513,780,0,780,1293
04/06/2002,FTW,TX,ASW,CE,Towers with Display (VFR),1,6,61,0,68,0,87,99,0,186,1,93,160,0,254,362,0,362,616
04/07/2002,FTW,TX,ASW,CE,Towers with Display (VFR),0,25,43,2,70,0,79,6,0,85,0,104,49,2,155,0,0,0,155
04/08/2002,FTW,TX,ASW,CE,Towers with Display (VFR),0,17,119,2,138,0,45,245,0,290,0,62,364,2,428,630,0,630,1058
04/09/2002,FTW,TX,ASW,CE,Towers with Display (VFR),3,15,108,1,127,0,1,354,1,356,3,16,462,2,483,256,0,256,739
04/10/2002,FTW,TX,ASW,CE,Towers with Display (VFR),2,9,122,0,133,0,8,222,0,230,2,17,344,0,363,502,0,502,865
04/11/2002,FTW,TX,ASW,CE,Towers with Display (VFR),0,10,122,3,135,0,4,370,0,374,0,14,492,3,509,538,4,542,1051
04/12/2002,FTW,TX,ASW,CE,Towers with Display (VFR),0,4,60,0,64,0,0,155,0,155,0,4,215,0,219,200,0,200,419
04/13/2002,FTW,TX,ASW,CE,Towers with Display (VFR),0,5,57,0,62,0,0,251,0,251,0,5,308,0,313,208,0,208,521
04/14/2002,FTW,TX,ASW,CE,Towers with Display (VFR),1,15,121,0,137,1,2,393,0,396,2,17,514,0,533,814,0,814,1347
04/15/2002,FTW,TX,ASW,CE,Towers with Display (VFR),0,6,98,0,104,0,5,192,0,197,0,11,290,0,301,252,0,252,553
04/16/2002,FTW,TX,ASW,CE,Towers with Display (VFR),0,9,87,0,96,0,4,155,0,159,0,13,242,0,255,188,0,188,443
04/17/2002,FTW,TX,ASW,CE,Towers with Display (VFR),0,17,132,2,151,0,3,283,0,286,0,20,415,2,437,490,0,490,927
04/18/2002,FTW,TX,ASW,CE,Towers with Display (VFR),0,20,124,4,148,0,3,208,0,211,0,23,332,4,359,430,2,432,791
04/19/2002,FTW,TX,ASW,CE,Towers with Display (VFR),0,15,107,0,122,0,1,315,0,316,0,16,422,0,438,846,0,846,1284
04/20/2002,FTW,TX,ASW,CE,Towers with Display (VFR),0,8,97,0,105,0,2,248,0,250,0,10,345,0,355,424,0,424,779
04/21/2002,FTW,TX,ASW,CE,Towers with Display (VFR),0,10,75,0,85,0,3,111,0,114,0,13,186,0,199,120,0,120,319
04/22/2002,FTW,TX,ASW,CE,Towers with Display (VFR),0,7,112,0,119,4,1,335,0,340,4,8,447,0,459,270,0,270,729
04/23/2002,FTW,TX,ASW,CE,Towers with Display (VFR),0,10,132,0,142,0,1,199,0,200,0,11,331,0,342,436,0,436,778
04/24/2002,FTW,TX,ASW,CE,Towers with Display (VFR),0,12,105,0,117,0,2,309,0,311,0,14,414,0,428,548,0,548,976
04/25/2002,FTW,TX,ASW,CE,Towers with Display (VFR),7,12,83,0,102,0,3,219,0,222,7,15,302,0,324,236,0,236,560
04/26/2002,FTW,TX,ASW,CE,Towers with Display (VFR),1,16,168,0,185,0,2,78,0,80,1,18,246,0,265,152,0,152,417
04/27/2002,FTW,TX,ASW,CE,Towers with Display (VFR),0,4,46,0,50,0,5,149,0,154,0,9,195,0,204,210,0,210,414
04/28/2002,FTW,TX,ASW,CE,Towers with Display (VFR),0,2,69,0,71,0,5,256,0,261,0,7,325,0,332,354,0,354,686
04/29/2002,FTW,TX,ASW,CE,Towers with Display (VFR),2,13,78,2,95,0,8,318,1,327,2,21,396,3,422,180,0,180,602
04/30/2002,FTW,TX,ASW,CE,Towers with Display (VFR),4,25,79,0,108,0,0,307,0,307,4,25,386,0,415,210,0,210,625
05/01/2002,FTW,TX,ASW,CE,Towers with Display (VFR),2,19,109,0,130,0,5,285,0,290,2,24,394,0,420,452,0,452,872
05/02/2002,FTW,TX,ASW,CE,Towers with Display (VFR),0,18,80,2,100,0,3,121,0,124,0,21,201,2,224,200,0,200,424
05/03/2002,FTW,TX,ASW,CE,Towers with Display (VFR),1,10,82,4,97,0,1,178,0,179,1,11,260,4,276,178,4,182,458
05/04/2002,FTW,TX,ASW,CE,Towers with Display (VFR),0,4,99,0,103,0,4,153,0,157,0,8,252,0,260,404,0,404,664
05/05/2002,FTW,TX,ASW,CE,Towers with Display (VFR),1,12,43,0,56,0,2,164,0,166,1,14,207,0,222,174,0,174,396
05/06/2002,FTW,TX,ASW,CE,Towers with Display (VFR),2,6,74,0,82,0,1,152,0,153,2,7,226,0,235,194,0,194,429
05/07/2002,FTW,TX,ASW,CE,Towers with Display (VFR),1,11,87,0,99,0,3,156,0,159,1,14,243,0,258,180,0,180,438
05/08/2002,FTW,TX,ASW,CE,Towers with Display (VFR),1,11,89,1,102,2,1,111,0,114,3,12,200,1,216,144,0,144,360
05/09/2002,FTW,TX,ASW,CE,Towers with Display (VFR),6,13,105,1,125,0,5,220,2,227,6,18,325,3,352,296,0,296,648
05/10/2002,FTW,TX,ASW,CE,Towers with Display (VFR),4,16,135,1,156,0,0,281,0,281,4,16,416,1,437,376,16,392,829
05/11/2002,FTW,TX,ASW,CE,Towers with Display (VFR),9,4,61,0,74,0,8,243,0,251,9,12,304,0,325,196,4,200,525
05/12/2002,FTW,TX,ASW,CE,Towers with Display (VFR),2,7,42,0,51,0,9,69,0,78,2,16,111,0,129,44,0,44,173
05/13/2002,FTW,TX,ASW,CE,Towers with Display (VFR),9,20,83,3,115,4,4,363,0,371,13,24,446,3,486,362,2,364,850
05/14/2002,FTW,TX,ASW,CE,Towers with Display (VFR),6,12,104,3,125,0,9,463,0,472,6,21,567,3,597,506,4,510,1107
05/15/2002,FTW,TX,ASW,CE,Towers with Display (VFR),2,21,105,0,128,0,5,334,0,339,2,26,439,0,467,286,0,286,753
05/16/2002,FTW,TX,ASW,CE,Towers with Display (VFR),4,14,103,0,121,0,5,252,0,257,4,19,355,0,378,276,0,276,654
05/17/2002,FTW,TX,ASW,CE,Towers with Display (VFR),2,12,56,0,70,0,0,108,0,108,2,12,164,0,178,60,0,60,238
05/18/2002,FTW,TX,ASW,CE,Towers with Display (VFR),1,15,62,2,80,0,2,306,0,308,1,17,368,2,388,302,2,304,692
05/19/2002,FTW,TX,ASW,CE,Towers with Display (VFR),2,29,62,0,93,0,1,223,0,224,2,30,285,0,317,198,0,198,515
05/20/2002,FTW,TX,ASW,CE,Towers with Display (VFR),1,13,77,0,91,0,13,285,0,298,1,26,362,0,389,274,0,274,663
05/21/2002,FTW,TX,ASW,CE,Towers with Display (VFR),2,21,88,0,111,0,5,337,0,342,2,26,425,0,453,520,0,520,973
05/22/2002,FTW,TX,ASW,CE,Towers with Display (VFR),2,13,91,0,106,0,33,222,2,257,2,46,313,2,363,216,2,218,581
05/23/2002,FTW,TX,ASW,CE,Towers with Display (VFR),4,11,84,1,100,0,3,276,0,279,4,14,360,1,379,218,0,218,597
05/24/2002,FTW,TX,ASW,CE,Towers with Display (VFR),3,16,105,0,124,0,1,140,0,141,3,17,245,0,265,214,0,214,479
05/25/2002,FTW,TX,ASW,CE,Towers with Display (VFR),3,6,42,0,51,0,2,208,3,213,3,8,250,3,264,332,6,338,602
05/26/2002,FTW,TX,ASW,CE,Towers with Display (VFR),2,2,54,0,58,0,2,152,0,154,2,4,206,0,212,258,0,258,470
05/27/2002,FTW,TX,ASW,CE,Towers with Display (VFR),1,0,33,0,34,0,0,108,0,108,1,0,141,0,142,108,0,108,250
05/28/2002,FTW,TX,ASW,CE,Towers with Display (VFR),4,15,90,0,109,0,1,87,0,88,4,16,177,0,197,242,0,242,439
05/29/2002,FTW,TX,ASW,CE,Towers with Display (VFR),1,20,90,4,115,0,9,205,0,214,1,29,295,4,329,442,0,442,771
05/30/2002,FTW,TX,ASW,CE,Towers with Display (VFR),0,9,98,8,115,0,0,338,0,338,0,9,436,8,453,532,2,534,987
05/31/2002,FTW,TX,ASW,CE,Towers with Display (VFR),0,9,85,0,94,0,0,473,0,473,0,9,558,0,567,504,0,504,1071
06/01/2002,FTW,TX,ASW,CE,Towers with Display (VFR),2,5,44,0,51,0,3,258,0,261,2,8,302,0,312,218,0,218,530
06/02/2002,FTW,TX,ASW,CE,Towers with Display (VFR),1,6,47,0,54,0,0,170,0,170,1,6,217,0,224,198,0,198,422
06/03/2002,FTW,TX,ASW,CE,Towers with Display (VFR),0,3,61,0,64,0,8,230,0,238,0,11,291,0,302,110,0,110,412
06/04/2002,FTW,TX,ASW,CE,Towers with Display (VFR),2,12,69,0,83,0,0,191,0,191,2,12,260,0,274,164,0,164,438
06/05/2002,FTW,TX,ASW,CE,Towers with Display (VFR),0,19,83,0,102,0,1,105,0,106,0,20,188,0,208,148,0,148,356
06/06/2002,FTW,TX,ASW,CE,Towers with Display (VFR),0,13,121,0,134,0,1,256,4,261,0,14,377,4,395,346,0,346,741
06/07/2002,FTW,TX,ASW,CE,Towers with Display (VFR),1,11,118,0,130,0,15,298,2,315,1,26,416,2,445,422,8,430,875
06/08/2002,FTW,TX,ASW,CE,Towers with Display (VFR),0,4,84,0,88,0,2,271,0,273,0,6,355,0,361,314,0,314,675
06/09/2002,FTW,TX,ASW,CE,Towers with Display (VFR),1,11,79,0,91,0,0,186,0,186,1,11,265,0,277,138,0,138,415
06/10/2002,FTW,TX,ASW,CE,Towers with Display (VFR),0,6,82,0,88,0,0,214,0,214,0,6,296,0,302,166,2,168,470
06/11/2002,FTW,TX,ASW,CE,Towers with Display (VFR),3,15,85,0,103,0,0,248,0,248,3,15,333,0,351,286,0,286,637
06/12/2002,FTW,TX,ASW,CE,Towers with Display (VFR),0,9,131,0,140,0,1,313,0,314,0,10,444,0,454,506,0,506,960
06/13/2002,FTW,TX,ASW,CE,Towers with Display (VFR),0,13,99,0,112,0,3,195,0,198,0,16,294,0,310,286,0,286,596
06/14/2002,FTW,TX,ASW,CE,Towers with Display (VFR),0,13,98,0,111,0,5,300,0,305,0,18,398,0,416,406,2,408,824
06/15/2002,FTW,TX,ASW,CE,Towers with Display (VFR),1,6,64,0,71,0,0,326,0,326,1,6,390,0,397,436,0,436,833
06/16/2002,FTW,TX,ASW,CE,Towers with Display (VFR),5,7,69,0,81,0,1,132,0,133,5,8,201,0,214,134,0,134,348
06/17/2002,FTW,TX,ASW,CE,Towers with Display (VFR),0,8,106,0,114,0,6,190,4,200,0,14,296,4,314,242,0,242,556
06/18/2002,FTW,TX,ASW,CE,Towers with Display (VFR),1,17,66,0,84,0,2,325,0,327,1,19,391,0,411,286,0,286,697
06/19/2002,FTW,TX,ASW,CE,Towers with Display (VFR),0,16,78,0,94,0,4,249,1,254,0,20,327,1,348,178,0,178,526
06/20/2002,FTW,TX,ASW,CE,Towers with Display (VFR),0,12,111,0,123,0,0,180,0,180,0,12,291,0,303,296,0,296,599
06/21/2002,FTW,TX,ASW,CE,Towers with Display (VFR),0,10,130,2,142,0,2,187,1,190,0,12,317,3,332,338,0,338,670
06/22/2002,FTW,TX,ASW,CE,Towers with Display (VFR),4,2,71,0,77,0,3,251,0,254,4,5,322,0,331,238,0,238,569
06/23/2002,FTW,TX,ASW,CE,Towers with Display (VFR),0,8,70,2,80,0,0,148,0,148,0,8,218,2,228,96,0,96,324
06/24/2002,FTW,TX,ASW,CE,Towers with Display (VFR),0,9,88,0,97,0,8,239,0,247,0,17,327,0,344,328,0,328,672
06/25/2002,FTW,TX,ASW,CE,Towers with Display (VFR),4,10,109,0,123,0,5,288,0,293,4,15,397,0,416,284,0,284,700
06/26/2002,FTW,TX,ASW,CE,Towers with Display (VFR),2,9,100,0,111,0,6,212,0,218,2,15,312,0,329,186,0,186,515
06/27/2002,FTW,TX,ASW,CE,Towers with Display (VFR),0,6,99,0,105,0,9,131,0,140,0,15,230,0,245,391,0,391,636
06/28/2002,FTW,TX,ASW,CE,Towers with Display (VFR),0,17,104,2,123,0,0,247,0,247,0,17,351,2,370,284,0,284,654
06/29/2002,FTW,TX,ASW,CE,Towers with Display (VFR),0,5,67,0,72,0,19,217,0,236,0,24,284,0,308,272,0,272,580
06/30/2002,FTW,TX,ASW,CE,Towers with Display (VFR),0,5,54,0,59,0,14,49,0,63,0,19,103,0,122,12,0,12,134
07/01/2002,FTW,TX,ASW,CE,Towers with Display (VFR),7,9,63,0,79,2,2,31,0,35,9,11,94,0,114,10,0,10,124
07/02/2002,FTW,TX,ASW,CE,Towers with Display (VFR),3,11,100,0,114,0,1,47,0,48,3,12,147,0,162,50,0,50,212
07/03/2002,FTW,TX,ASW,CE,Towers with Display (VFR),2,3,90,0,95,0,0,116,0,116,2,3,206,0,211,360,0,360,571
07/04/2002,FTW,TX,ASW,CE,Towers with Display (VFR),2,2,20,0,24,0,0,73,0,73,2,2,93,0,97,90,0,90,187
07/05/2002,FTW,TX,ASW,CE,Towers with Display (VFR),5,3,75,0,83,0,0,111,1,112,5,3,186,1,195,242,0,242,437
07/06/2002,FTW,TX,ASW,CE,Towers with Display (VFR),0,7,52,0,59,0,0,185,0,185,0,7,237,0,244,544,0,544,788
07/07/2002,FTW,TX,ASW,CE,Towers with Display (VFR),1,3,60,0,64,0,2,153,0,155,1,5,213,0,219,304,0,304,523
07/08/2002,FTW,TX,ASW,CE,Towers with Display (VFR),0,15,77,0,92,0,1,190,0,191,0,16,267,0,283,458,0,458,741
07/09/2002,FTW,TX,ASW,CE,Towers with Display (VFR),0,17,101,0,118,0,0,177,0,177,0,17,278,0,295,550,0,550,845
07/10/2002,FTW,TX,ASW,CE,Towers with Display (VFR),0,13,106,0,119,0,0,214,0,214,0,13,320,0,333,634,0,634,967
07/11/2002,FTW,TX,ASW,CE,Towers with Display (VFR),6,23,81,1,111,1,2,248,0,251,7,25,329,1,362,590,0,590,952
07/12/2002,FTW,TX,ASW,CE,Towers with Display (VFR),1,23,76,1,101,1,0,181,0,182,2,23,257,1,283,542,2,544,827
07/13/2002,FTW,TX,ASW,CE,Towers with Display (VFR),2,6,50,4,62,0,10,356,0,366,2,16,406,4,428,558,0,558,986
07/14/2002,FTW,TX,ASW,CE,Towers with Display (VFR),0,5,60,0,65,0,2,132,0,134,0,7,192,0,199,90,0,90,289
07/15/2002,FTW,TX,ASW,CE,Towers with Display (VFR),0,8,74,1,83,0,2,202,2,206,0,10,276,3,289,420,0,420,709
07/16/2002,FTW,TX,ASW,CE,Towers with Display (VFR),0,12,56,2,70,0,0,51,0,51,0,12,107,2,121,48,0,48,169
07/17/2002,FTW,TX,ASW,CE,Towers with Display (VFR),1,22,203,0,226,0,0,29,0,29,1,22,232,0,255,374,0,374,629
07/18/2002,FTW,TX,ASW,CE,Towers with Display (VFR),6,20,81,0,107,0,0,205,0,205,6,20,286,0,312,400,0,400,712
07/19/2002,FTW,TX,ASW,CE,Towers with Display (VFR),1,11,91,0,103,0,0,288,0,288,1,11,379,0,391,580,0,580,971
07/20/2002,FTW,TX,ASW,CE,Towers with Display (VFR),1,8,52,0,61,0,2,220,0,222,1,10,272,0,283,492,0,492,775
07/21/2002,FTW,TX,ASW,CE,Towers with Display (VFR),0,6,54,0,60,0,0,143,0,143,0,6,197,0,203,270,0,270,473
07/22/2002,FTW,TX,ASW,CE,Towers with Display (VFR),0,8,57,0,65,0,1,163,2,166,0,9,220,2,231,270,0,270,501
07/23/2002,FTW,TX,ASW,CE,Towers with Display (VFR),0,13,63,0,76,0,0,263,0,263,0,13,326,0,339,374,0,374,713
07/24/2002,FTW,TX,ASW,CE,Towers with Display (VFR),3,11,100,1,115,0,4,259,1,264,3,15,359,2,379,390,0,390,769
07/25/2002,FTW,TX,ASW,CE,Towers with Display (VFR),3,10,88,3,104,12,0,346,0,358,15,10,434,3,462,484,4,488,950
07/26/2002,FTW,TX,ASW,CE,Towers with Display (VFR),0,14,86,1,101,0,0,234,1,235,0,14,320,2,336,454,0,454,790
07/27/2002,FTW,TX,ASW,CE,Towers with Display (VFR),0,7,44,0,51,0,6,183,2,191,0,13,227,2,242,228,0,228,470
07/28/2002,FTW,TX,ASW,CE,Towers with Display (VFR),0,10,53,0,63,0,0,144,0,144,0,10,197,0,207,200,0,200,407
07/29/2002,FTW,TX,ASW,CE,Towers with Display (VFR),2,17,58,1,78,0,1,121,0,122,2,18,179,1,200,224,0,224,424
07/30/2002,FTW,TX,ASW,CE,Towers with Display (VFR),1,13,85,1,100,0,0,227,0,227,1,13,312,1,327,418,0,418,745
07/31/2002,FTW,TX,ASW,CE,Towers with Display (VFR),1,13,61,1,76,0,0,266,0,266,1,13,327,1,342,434,0,434,776
08/01/2002,FTW,TX,ASW,CE,Towers with Display (VFR),5,21,76,0,102,1,8,205,0,214,6,29,281,0,316,522,0,522,838
08/02/2002,FTW,TX,ASW,CE,Towers with Display (VFR),1,11,71,0,83,0,2,274,0,276,1,13,345,0,359,450,8,458,817
08/03/2002,FTW,TX,ASW,CE,Towers with Display (VFR),0,0,43,0,43,0,3,211,0,214,0,3,254,0,257,310,0,310,567
08/04/2002,FTW,TX,ASW,CE,Towers with Display (VFR),1,5,49,0,55,0,3,152,0,155,1,8,201,0,210,88,0,88,298
08/05/2002,FTW,TX,ASW,CE,Towers with Display (VFR),2,7,73,0,82,0,4,181,1,186,2,11,254,1,268,578,2,580,848
08/06/2002,FTW,TX,ASW,CE,Towers with Display (VFR),6,4,76,0,86,0,5,311,0,316,6,9,387,0,402,692,0,692,1094
08/07/2002,FTW,TX,ASW,CE,Towers with Display (VFR),1,11,102,0,114,0,4,192,0,196,1,15,294,0,310,364,0,364,674
08/08/2002,FTW,TX,ASW,CE,Towers with Display (VFR),1,5,79,0,85,0,4,275,2,281,1,9,354,2,366,400,0,400,766
08/09/2002,FTW,TX,ASW,CE,Towers with Display (VFR),3,3,127,0,133,0,3,293,0,296,3,6,420,0,429,406,0,406,835
08/10/2002,FTW,TX,ASW,CE,Towers with Display (VFR),5,0,30,0,35,0,3,103,0,106,5,3,133,0,141,171,0,171,312
08/11/2002,FTW,TX,ASW,CE,Towers with Display (VFR),1,3,71,0,75,0,2,161,0,163,1,5,232,0,238,166,0,166,404
08/12/2002,FTW,TX,ASW,CE,Towers with Display (VFR),1,4,74,0,79,0,2,263,0,265,1,6,337,0,344,536,0,536,880
08/13/2002,FTW,TX,ASW,CE,Towers with Display (VFR),3,8,66,0,77,0,4,147,1,152,3,12,213,1,229,450,0,450,679
08/14/2002,FTW,TX,ASW,CE,Towers with Display (VFR),4,11,72,0,87,0,5,129,0,134,4,16,201,0,221,588,0,588,809
08/15/2002,FTW,TX,ASW,CE,Towers with Display (VFR),6,9,86,0,101,0,3,224,0,227,6,12,310,0,328,514,0,514,842
08/16/2002,FTW,TX,ASW,CE,Towers with Display (VFR),1,14,94,6,115,0,3,193,0,196,1,17,287,6,311,534,0,534,845
08/17/2002,FTW,TX,ASW,CE,Towers with Display (VFR),2,6,76,0,84,0,0,189,10,199,2,6,265,10,283,548,0,548,831
08/18/2002,FTW,TX,ASW,CE,Towers with Display (VFR),1,2,83,0,86,0,2,168,0,170,1,4,251,0,256,188,0,188,444
08/19/2002,FTW,TX,ASW,CE,Towers with Display (VFR),1,4,66,0,71,0,2,153,0,155,1,6,219,0,226,390,0,390,616
08/20/2002,FTW,TX,ASW,CE,Towers with Display (VFR),7,7,70,1,85,1,4,184,0,189,8,11,254,1,274,514,0,514,788
08/21/2002,FTW,TX,ASW,CE,Towers with Display (VFR),9,6,95,1,111,0,4,250,0,254,9,10,345,1,365,444,2,446,811
08/22/2002,FTW,TX,ASW,CE,Towers with Display (VFR),5,10,117,0,132,0,2,230,0,232,5,12,347,0,364,666,0,666,1030
08/23/2002,FTW,TX,ASW,CE,Towers with Display (VFR),0,5,106,0,111,0,6,197,0,203,0,11,303,0,314,400,0,400,714
08/24/2002,FTW,TX,ASW,CE,Towers with Display (VFR),2,1,47,0,50,0,14,236,0,250,2,15,283,0,300,442,0,442,742
08/25/2002,FTW,TX,ASW,CE,Towers with Display (VFR),0,4,73,0,77,0,2,192,0,194,0,6,265,0,271,104,0,104,375
08/26/2002,FTW,TX,ASW,CE,Towers with Display (VFR),1,12,1,0,14,0,0,219,0,219,1,12,220,0,233,180,0,180,413
08/27/2002,FTW,TX,ASW,CE,Towers with Display (VFR),0,11,72,0,83,0,3,146,0,149,0,14,218,0,232,448,0,448,680
08/28/2002,FTW,TX,ASW,CE,Towers with Display (VFR),2,8,89,1,100,0,6,171,1,178,2,14,260,2,278,450,2,452,730
08/29/2002,FTW,TX,ASW,CE,Towers with Display (VFR),1,12,82,3,98,0,4,185,2,191,1,16,267,5,289,402,0,402,691
08/30/2002,FTW,TX,ASW,CE,Towers with Display (VFR),0,13,97,0,110,0,7,280,0,287,0,20,377,0,397,506,0,506,903
08/31/2002,FTW,TX,ASW,CE,Towers with Display (VFR),1,1,58,0,60,0,1,238,0,239,1,2,296,0,299,468,0,468,767
09/01/2002,FTW,TX,ASW,CE,Towers with Display (VFR),3,0,45,0,48,0,3,131,0,134,3,3,176,0,182,192,0,192,374
09/02/2002,FTW,TX,ASW,CE,Towers with Display (VFR),0,4,66,0,70,0,14,114,0,128,0,18,180,0,198,240,0,240,438
09/03/2002,FTW,TX,ASW,CE,Towers with Display (VFR),1,9,67,0,77,1,9,242,0,252,2,18,309,0,329,586,0,586,915
09/04/2002,FTW,TX,ASW,CE,Towers with Display (VFR),1,9,64,4,78,0,2,238,1,241,1,11,302,5,319,376,0,376,695
09/05/2002,FTW,TX,ASW,CE,Towers with Display (VFR),0,17,72,0,89,0,0,241,0,241,0,17,313,0,330,580,0,580,910
09/06/2002,FTW,TX,ASW,CE,Towers with Display (VFR),2,16,93,1,112,0,0,185,0,185,2,16,278,1,297,486,0,486,783
09/07/2002,FTW,TX,ASW,CE,Towers with Display (VFR),1,7,54,0,62,1,0,153,0,154,2,7,207,0,216,166,0,166,382
09/08/2002,FTW,TX,ASW,CE,Towers with Display (VFR),6,7,48,0,61,0,1,5,0,6,6,8,53,0,67,2,0,2,69
09/09/2002,FTW,TX,ASW,CE,Towers with Display (VFR),0,10,61,0,71,0,0,39,0,39,0,10,100,0,110,48,0,48,158
09/10/2002,FTW,TX,ASW,CE,Towers with Display (VFR),0,12,74,3,89,0,6,224,1,231,0,18,298,4,320,470,0,470,790
09/11/2002,FTW,TX,ASW,CE,Towers with Display (VFR),0,9,73,1,83,0,1,295,1,297,0,10,368,2,380,490,0,490,870
09/12/2002,FTW,TX,ASW,CE,Towers with Display (VFR),1,11,84,0,96,0,1,196,0,197,1,12,280,0,293,630,0,630,923
09/13/2002,FTW,TX,ASW,CE,Towers with Display (VFR),0,12,106,0,118,0,1,217,0,218,0,13,323,0,336,410,0,410,746
09/14/2002,FTW,TX,ASW,CE,Towers with Display (VFR),4,2,49,0,55,0,3,127,0,130,4,5,176,0,185,198,0,198,383
09/15/2002,FTW,TX,ASW,CE,Towers with Display (VFR),1,4,83,0,88,2,8,131,0,141,3,12,214,0,229,166,0,166,395
09/16/2002,FTW,TX,ASW,CE,Towers with Display (VFR),14,8,77,0,99,4,0,160,0,164,18,8,237,0,263,360,0,360,623
09/17/2002,FTW,TX,ASW,CE,Towers with Display (VFR),6,6,89,0,101,2,0,173,0,175,8,6,262,0,276,414,0,414,690
09/18/2002,FTW,TX,ASW,CE,Towers with Display (VFR),1,12,82,0,95,0,2,240,0,242,1,14,322,0,337,534,0,534,871
09/19/2002,FTW,TX,ASW,CE,Towers with Display (VFR),4,8,72,0,84,0,0,137,0,137,4,8,209,0,221,167,0,167,388
09/20/2002,FTW,TX,ASW,CE,Towers with Display (VFR),0,15,101,0,116,0,1,315,0,316,0,16,416,0,432,394,0,394,826
09/21/2002,FTW,TX,ASW,CE,Towers with Display (VFR),0,5,47,1,53,0,6,350,1,357,0,11,397,2,410,518,0,518,928
09/22/2002,FTW,TX,ASW,CE,Towers with Display (VFR),0,6,67,0,73,0,1,202,0,203,0,7,269,0,276,292,0,292,568
09/23/2002,FTW,TX,ASW,CE,Towers with Display (VFR),2,4,58,0,64,0,0,215,0,215,2,4,273,0,279,340,0,340,619
09/24/2002,FTW,TX,ASW,CE,Towers with Display (VFR),4,9,65,0,78,0,3,240,0,243,4,12,305,0,321,538,0,538,859
09/25/2002,FTW,TX,ASW,CE,Towers with Display (VFR),0,18,64,0,82,0,1,284,0,285,0,19,348,0,367,550,0,550,917
09/26/2002,FTW,TX,ASW,CE,Towers with Display (VFR),2,15,68,0,85,0,0,257,0,257,2,15,325,0,342,550,0,550,892
09/27/2002,FTW,TX,ASW,CE,Towers with Display (VFR),2,9,72,0,83,0,4,332,2,338,2,13,404,2,421,598,0,598,1019
09/28/2002,FTW,TX,ASW,CE,Towers with Display (VFR),1,15,55,0,71,0,4,243,0,247,1,19,298,0,318,546,0,546,864
09/29/2002,FTW,TX,ASW,CE,Towers with Display (VFR),0,2,44,0,46,0,0,163,0,163,0,2,207,0,209,174,0,174,383
09/30/2002,FTW,TX,ASW,CE,Towers with Display (VFR),1,4,59,0,64,0,3,201,1,205,1,7,260,1,269,292,0,292,561
10/01/2002,FTW,TX,ASW,CE,Towers with Display (VFR),0,7,57,0,64,0,3,156,1,160,0,10,213,1,224,448,0,448,672
10/02/2002,FTW,TX,ASW,CE,Towers with Display (VFR),0,14,91,0,105,0,1,221,0,222,0,15,312,0,327,452,0,452,779
10/03/2002,FTW,TX,ASW,CE,Towers with Display (VFR),0,4,69,2,75,0,1,244,0,245,0,5,313,2,320,516,0,516,836
10/04/2002,FTW,TX,ASW,CE,Towers with Display (VFR),0,2,79,2,83,0,3,234,0,237,0,5,313,2,320,472,0,472,792
10/05/2002,FTW,TX,ASW,CE,Towers with Display (VFR),1,10,74,0,85,1,2,212,2,217,2,12,286,2,302,466,0,466,768
10/06/2002,FTW,TX,ASW,CE,Towers with Display (VFR),0,9,58,2,69,0,4,179,0,183,0,13,237,2,252,116,0,116,368
10/07/2002,FTW,TX,ASW,CE,Towers with Display (VFR),6,7,81,0,94,1,9,133,0,143,7,16,214,0,237,70,0,70,307
10/08/2002,FTW,TX,ASW,CE,Towers with Display (VFR),0,6,85,0,91,0,0,0,0,0,0,6,85,0,91,0,0,0,91
10/09/2002,FTW,TX,ASW,CE,Towers with Display (VFR),4,16,116,0,136,0,0,18,0,18,4,16,134,0,154,6,0,6,160
10/10/2002,FTW,TX,ASW,CE,Towers with Display (VFR),1,9,168,0,178,0,0,144,0,144,1,9,312,0,322,78,0,78,400
10/11/2002,FTW,TX,ASW,CE,Towers with Display (VFR),2,3,99,0,104,0,1,247,1,249,2,4,346,1,353,660,0,660,1013
10/12/2002,FTW,TX,ASW,CE,Towers with Display (VFR),2,2,54,0,58,0,1,186,0,187,2,3,240,0,245,442,0,442,687
10/13/2002,FTW,TX,ASW,CE,Towers with Display (VFR),0,5,70,1,76,0,0,125,0,125,0,5,195,1,201,84,0,84,285
10/14/2002,FTW,TX,ASW,CE,Towers with Display (VFR),0,8,75,0,83,0,0,239,1,240,0,8,314,1,323,630,0,630,953
10/15/2002,FTW,TX,ASW,CE,Towers with Display (VFR),0,8,57,2,67,0,9,231,0,240,0,17,288,2,307,350,4,354,661
10/16/2002,FTW,TX,ASW,CE,Towers with Display (VFR),0,9,68,0,77,0,4,267,2,273,0,13,335,2,350,534,0,534,884
10/17/2002,FTW,TX,ASW,CE,Towers with Display (VFR),1,17,100,1,119,0,0,228,0,228,1,17,328,1,347,524,2,526,873
10/18/2002,FTW,TX,ASW,CE,Towers with Display (VFR),2,8,68,0,78,0,1,131,0,132,2,9,199,0,210,48,0,48,258
10/19/2002,FTW,TX,ASW,CE,Towers with Display (VFR),2,3,39,0,44,0,0,10,0,10,2,3,49,0,54,0,0,0,54
10/20/2002,FTW,TX,ASW,CE,Towers with Display (VFR),1,7,92,0,100,0,0,21,0,21,1,7,113,0,121,0,0,0,121
10/21/2002,FTW,TX,ASW,CE,Towers with Display (VFR),0,9,86,2,97,0,4,110,0,114,0,13,196,2,211,92,0,92,303
10/22/2002,FTW,TX,ASW,CE,Towers with Display (VFR),0,8,88,4,100,0,1,42,0,43,0,9,130,4,143,82,0,82,225
10/23/2002,FTW,TX,ASW,CE,Towers with Display (VFR),2,14,89,0,105,0,7,47,2,56,2,21,136,2,161,48,0,48,209
10/24/2002,FTW,TX,ASW,CE,Towers with Display (VFR),0,17,91,4,112,0,0,0,0,0,0,17,91,4,112,0,0,0,112
10/25/2002,FTW,TX,ASW,CE,Towers with Display (VFR),5,16,121,0,142,0,0,107,0,107,5,16,228,0,249,100,0,100,349
10/26/2002,FTW,TX,ASW,CE,Towers with Display (VFR),5,4,52,0,61,0,2,90,0,92,5,6,142,0,153,94,0,94,247
10/27/2002,FTW,TX,ASW,CE,Towers with Display (VFR),0,10,71,0,81,0,0,1,0,1,0,10,72,0,82,4,0,4,86
10/28/2002,FTW,TX,ASW,CE,Towers with Display (VFR),2,9,65,0,76,0,0,5,0,5,2,9,70,0,81,0,0,0,81
10/29/2002,FTW,TX,ASW,CE,Towers with Display (VFR),1,6,90,0,97,0,2,208,2,212,1,8,298,2,309,218,0,218,527
10/30/2002,FTW,TX,ASW,CE,Towers with Display (VFR),0,9,98,0,107,0,2,77,0,79,0,11,175,0,186,84,0,84,270
10/31/2002,FTW,TX,ASW,CE,Towers with Display (VFR),1,9,85,0,95,0,0,177,0,177,1,9,262,0,272,94,0,94,366
11/01/2002,FTW,TX,ASW,CE,Towers with Display (VFR),0,18,83,0,101,0,5,13,0,18,0,23,96,0,119,0,0,0,119
11/02/2002,FTW,TX,ASW,CE,Towers with Display (VFR),0,2,61,0,63,0,0,39,0,39,0,2,100,0,102,112,0,112,214
11/03/2002,FTW,TX,ASW,CE,Towers with Display (VFR),0,11,56,0,67,0,0,42,0,42,0,11,98,0,109,34,0,34,143
11/04/2002,FTW,TX,ASW,CE,Towers with Display (VFR),0,11,76,0,87,0,4,138,0,142,0,15,214,0,229,156,0,156,385
11/05/2002,FTW,TX,ASW,CE,Towers with Display (VFR),0,3,80,4,87,0,0,228,0,228,0,3,308,4,315,684,0,684,999
11/06/2002,FTW,TX,ASW,CE,Towers with Display (VFR),0,9,97,0,106,0,0,343,0,343,0,9,440,0,449,626,0,626,1075
11/07/2002,FTW,TX,ASW,CE,Towers with Display (VFR),2,8,111,0,121,0,2,293,0,295,2,10,404,0,416,444,0,444,860
11/08/2002,FTW,TX,ASW,CE,Towers with Display (VFR),3,9,78,0,90,0,2,288,0,290,3,11,366,0,380,425,0,425,805
11/09/2002,FTW,TX,ASW,CE,Towers with Display (VFR),5,10,49,0,64,0,7,176,0,183,5,17,225,0,247,470,0,470,717
11/10/2002,FTW,TX,ASW,CE,Towers with Display (VFR),0,2,52,0,54,0,3,195,0,198,0,5,247,0,252,592,0,592,844
11/11/2002,FTW,TX,ASW,CE,Towers with Display (VFR),0,9,50,0,59,0,17,178,0,195,0,26,228,0,254,558,0,558,812
11/12/2002,FTW,TX,ASW,CE,Towers with Display (VFR),0,9,43,0,52,0,1,231,3,235,0,10,274,3,287,382,0,382,669
11/13/2002,FTW,TX,ASW,CE,Towers with Display (VFR),2,15,82,0,99,0,2,247,0,249,2,17,329,0,348,512,0,512,860
11/14/2002,FTW,TX,ASW,CE,Towers with Display (VFR),0,17,123,0,140,0,0,230,0,230,0,17,353,0,370,724,0,724,1094
11/15/2002,FTW,TX,ASW,CE,Towers with Display (VFR),0,6,72,3,81,0,4,215,0,219,0,10,287,3,300,440,2,442,742
11/16/2002,FTW,TX,ASW,CE,Towers with Display (VFR),0,7,46,0,53,0,4,236,0,240,0,11,282,0,293,480,0,480,773
11/17/2002,FTW,TX,ASW,CE,Towers with Display (VFR),0,7,34,0,41,0,0,132,0,132,0,7,166,0,173,76,0,76,249
11/18/2002,FTW,TX,ASW,CE,Towers with Display (VFR),2,10,65,0,77,0,1,165,0,166,2,11,230,0,243,420,0,420,663
11/19/2002,FTW,TX,ASW,CE,Towers with Display (VFR),0,12,84,1,97,0,3,255,1,259,0,15,339,2,356,458,0,458,814
11/20/2002,FTW,TX,ASW,CE,Towers with Display (VFR),6,11,69,1,87,2,2,293,0,297,8,13,362,1,384,460,2,462,846
11/21/2002,FTW,TX,ASW,CE,Towers with Display (VFR),2,8,73,0,83,0,2,243,0,245,2,10,316,0,328,470,0,470,798
11/22/2002,FTW,TX,ASW,CE,Towers with Display (VFR),2,12,66,4,84,0,4,259,0,263,2,16,325,4,347,578,2,580,927
11/23/2002,FTW,TX,ASW,CE,Towers with Display (VFR),2,5,37,6,50,0,0,204,0,204,2,5,241,6,254,378,0,378,632
11/24/2002,FTW,TX,ASW,CE,Towers with Display (VFR),0,2,61,7,70,0,0,153,0,153,0,2,214,7,223,210,0,210,433
11/25/2002,FTW,TX,ASW,CE,Towers with Display (VFR),0,7,63,0,70,0,2,84,0,86,0,9,147,0,156,214,0,214,370
11/26/2002,FTW,TX,ASW,CE,Towers with Display (VFR),0,5,78,5,88,0,1,118,7,126,0,6,196,12,214,306,0,306,520
11/27/2002,FTW,TX,ASW,CE,Towers with Display (VFR),0,10,107,0,117,0,0,308,0,308,0,10,415,0,425,396,4,400,825
11/28/2002,FTW,TX,ASW,CE,Towers with Display (VFR),0,0,31,0,31,0,0,65,0,65,0,0,96,0,96,56,0,56,152
11/29/2002,FTW,TX,ASW,CE,Towers with Display (VFR),2,3,74,0,79,0,0,187,0,187,2,3,261,0,266,452,0,452,718
11/30/2002,FTW,TX,ASW,CE,Towers with Display (VFR),0,6,57,2,65,0,5,221,0,226,0,11,278,2,291,286,0,286,577
12/01/2002,FTW,TX,ASW,CE,Towers with Display (VFR),0,5,86,0,91,0,4,228,0,232,0,9,314,0,323,426,0,426,749
12/02/2002,FTW,TX,ASW,CE,Towers with Display (VFR),1,15,61,1,78,0,9,209,1,219,1,24,270,2,297,468,0,468,765
12/03/2002,FTW,TX,ASW,CE,Towers with Display (VFR),0,14,74,0,88,0,1,17,0,18,0,15,91,0,106,42,0,42,148
12/04/2002,FTW,TX,ASW,CE,Towers with Display (VFR),0,8,65,0,73,0,0,21,0,21,0,8,86,0,94,18,0,18,112
12/05/2002,FTW,TX,ASW,CE,Towers with Display (VFR),2,9,96,1,108,0,2,258,0,260,2,11,354,1,368,534,2,536,904
12/06/2002,FTW,TX,ASW,CE,Towers with Display (VFR),0,4,70,0,74,0,0,297,0,297,0,4,367,0,371,640,0,640,1011
12/07/2002,FTW,TX,ASW,CE,Towers with Display (VFR),2,3,44,0,49,0,6,225,0,231,2,9,269,0,280,542,0,542,822
12/08/2002,FTW,TX,ASW,CE,Towers with Display (VFR),0,7,53,0,60,0,5,6,0,11,0,12,59,0,71,32,0,32,103
12/09/2002,FTW,TX,ASW,CE,Towers with Display (VFR),2,11,44,0,57,0,0,2,0,2,2,11,46,0,59,0,0,0,59
12/10/2002,FTW,TX,ASW,CE,Towers with Display (VFR),0,8,104,1,113,0,0,76,0,76,0,8,180,1,189,68,2,70,259
12/11/2002,FTW,TX,ASW,CE,Towers with Display (VFR),1,15,131,0,147,1,3,94,0,98,2,18,225,0,245,152,0,152,397
12/12/2002,FTW,TX,ASW,CE,Towers with Display (VFR),0,13,98,0,111,0,0,21,0,21,0,13,119,0,132,6,0,6,138
12/13/2002,FTW,TX,ASW,CE,Towers with Display (VFR),0,4,76,2,82,0,1,225,0,226,0,5,301,2,308,104,0,104,412
12/14/2002,FTW,TX,ASW,CE,Towers with Display (VFR),6,11,42,3,62,1,6,259,2,268,7,17,301,5,330,204,4,208,538
12/15/2002,FTW,TX,ASW,CE,Towers with Display (VFR),3,4,50,0,57,0,3,208,0,211,3,7,258,0,268,114,0,114,382
12/16/2002,FTW,TX,ASW,CE,Towers with Display (VFR),1,4,55,0,60,0,0,197,0,197,1,4,252,0,257,138,0,138,395
12/17/2002,FTW,TX,ASW,CE,Towers with Display (VFR),0,6,77,0,83,0,1,186,0,187,0,7,263,0,270,230,0,230,500
12/18/2002,FTW,TX,ASW,CE,Towers with Display (VFR),0,7,58,0,65,0,2,246,2,250,0,9,304,2,315,208,4,212,527
12/19/2002,FTW,TX,ASW,CE,Towers with Display (VFR),0,11,63,0,74,0,3,193,0,196,0,14,256,0,270,97,0,97,367
12/20/2002,FTW,TX,ASW,CE,Towers with Display (VFR),0,7,83,0,90,0,1,311,0,312,0,8,394,0,402,278,0,278,680
12/21/2002,FTW,TX,ASW,CE,Towers with Display (VFR),0,7,55,0,62,0,5,184,0,189,0,12,239,0,251,60,0,60,311
12/22/2002,FTW,TX,ASW,CE,Towers with Display (VFR),0,3,55,0,58,0,6,251,0,257,0,9,306,0,315,154,0,154,469
12/23/2002,FTW,TX,ASW,CE,Towers with Display (VFR),0,6,39,0,45,0,4,8,0,12,0,10,47,0,57,0,0,0,57
12/24/2002,FTW,TX,ASW,CE,Towers with Display (VFR),2,5,29,0,36,0,0,8,0,8,2,5,37,0,44,2,0,2,46
12/25/2002,FTW,TX,ASW,CE,Towers with Display (VFR),1,2,7,0,10,0,1,26,0,27,1,3,33,0,37,0,0,0,37
12/26/2002,FTW,TX,ASW,CE,Towers with Display (VFR),0,4,70,0,74,0,0,128,1,129,0,4,198,1,203,0,176,176,379
12/27/2002,FTW,TX,ASW,CE,Towers with Display (VFR),0,3,65,0,68,0,1,184,2,187,0,4,249,2,255,122,0,122,377
12/28/2002,FTW,TX,ASW,CE,Towers with Display (VFR),1,2,49,0,52,0,2,149,0,151,1,4,198,0,203,96,0,96,299
12/29/2002,FTW,TX,ASW,CE,Towers with Display (VFR),0,5,11,0,16,0,0,0,0,0,0,5,11,0,16,42,0,42,58
12/30/2002,FTW,TX,ASW,CE,Towers with Display (VFR),0,5,41,2,48,0,2,21,0,23,0,7,62,2,71,8,0,8,79
12/31/2002,FTW,TX,ASW,CE,Towers with Display (VFR),1,3,30,0,34,0,0,84,0,84,1,3,114,0,118,122,0,122,240
01/01/2003,FTW,TX,ASW,CE,Towers with Display (VFR),1,6,24,0,31,0,0,56,0,56,1,6,80,0,87,6,0,6,93
01/02/2003,FTW,TX,ASW,CE,Towers with Display (VFR),1,3,47,0,51,0,1,83,0,84,1,4,130,0,135,34,0,34,169
01/03/2003,FTW,TX,ASW,CE,Towers with Display (VFR),0,8,51,0,59,0,1,232,0,233,0,9,283,0,292,300,0,300,592
01/04/2003,FTW,TX,ASW,CE,Towers with Display (VFR),4,2,41,1,48,0,10,169,1,180,4,12,210,2,228,140,12,152,380
01/05/2003,FTW,TX,ASW,CE,Towers with Display (VFR),2,4,61,0,67,0,1,131,0,132,2,5,192,0,199,74,12,86,285
01/06/2003,FTW,TX,ASW,CE,Towers with Display (VFR),1,11,50,0,62,0,4,169,0,173,1,15,219,0,235,156,0,156,391
01/07/2003,FTW,TX,ASW,CE,Towers with Display (VFR),0,10,50,0,60,0,3,202,0,205,0,13,252,0,265,214,12,226,491
01/08/2003,FTW,TX,ASW,CE,Towers with Display (VFR),2,5,50,0,57,0,3,249,0,252,2,8,299,0,309,194,0,194,503
01/09/2003,FTW,TX,ASW,CE,Towers with Display (VFR),5,15,56,2,78,0,0,251,0,251,5,15,307,2,329,224,0,224,553
01/10/2003,FTW,TX,ASW,CE,Towers with Display (VFR),0,7,54,4,65,0,0,180,0,180,0,7,234,4,245,162,0,162,407
01/11/2003,FTW,TX,ASW,CE,Towers with Display (VFR),3,5,30,0,38,0,1,135,0,136,3,6,165,0,174,170,0,170,344
01/12/2003,FTW,TX,ASW,CE,Towers with Display (VFR),0,7,51,0,58,0,0,0,0,0,0,7,51,0,58,0,0,0,58
01/13/2003,FTW,TX,ASW,CE,Towers with Display (VFR),0,12,66,0,78,0,2,30,0,32,0,14,96,0,110,20,0,20,130
01/14/2003,FTW,TX,ASW,CE,Towers with Display (VFR),0,11,56,0,67,0,0,231,0,231,0,11,287,0,298,144,0,144,442
01/15/2003,FTW,TX,ASW,CE,Towers with Display (VFR),0,17,77,0,94,0,0,9,0,9,0,17,86,0,103,2,0,2,105
01/16/2003,FTW,TX,ASW,CE,Towers with Display (VFR),0,18,58,0,76,0,4,108,0,112,0,22,166,0,188,52,0,52,240
01/17/2003,FTW,TX,ASW,CE,Towers with Display (VFR),0,14,63,2,79,0,2,234,0,236,0,16,297,2,315,252,0,252,567
01/18/2003,FTW,TX,ASW,CE,Towers with Display (VFR),0,4,47,0,51,0,5,246,1,252,0,9,293,1,303,266,0,266,569
01/19/2003,FTW,TX,ASW,CE,Towers with Display (VFR),0,3,36,0,39,0,3,203,0,206,0,6,239,0,245,160,0,160,405
01/20/2003,FTW,TX,ASW,CE,Towers with Display (VFR),0,5,68,2,75,0,4,213,0,217,0,9,281,2,292,78,0,78,370
01/21/2003,FTW,TX,ASW,CE,Towers with Display (VFR),0,3,69,1,73,0,8,247,0,255,0,11,316,1,328,174,0,174,502
01/22/2003,FTW,TX,ASW,CE,Towers with Display (VFR),0,5,88,0,93,0,5,92,0,97,0,10,180,0,190,70,0,70,260
01/23/2003,FTW,TX,ASW,CE,Towers with Display (VFR),6,8,53,0,67,0,1,132,0,133,6,9,185,0,200,74,0,74,274
01/24/2003,FTW,TX,ASW,CE,Towers with Display (VFR),0,7,69,0,76,0,2,156,1,159,0,9,225,1,235,272,0,272,507
01/25/2003,FTW,TX,ASW,CE,Towers with Display (VFR),0,2,56,0,58,0,0,61,0,61,0,2,117,0,119,194,0,194,313
01/26/2003,FTW,TX,ASW,CE,Towers with Display (VFR),0,4,52,0,56,0,1,39,0,40,0,5,91,0,96,130,0,130,226
01/27/2003,FTW,TX,ASW,CE,Towers with Display (VFR),0,10,72,0,82,0,8,105,0,113,0,18,177,0,195,216,0,216,411
01/28/2003,FTW,TX,ASW,CE,Towers with Display (VFR),7,7,90,0,104,0,12,114,0,126,7,19,204,0,230,128,0,128,358
01/29/2003,FTW,TX,ASW,CE,Towers with Display (VFR),0,8,96,0,104,0,2,74,0,76,0,10,170,0,180,344,0,344,524
01/30/2003,FTW,TX,ASW,CE,Towers with Display (VFR),0,19,104,2,125,0,3,151,0,154,0,22,255,2,279,352,0,352,631
01/31/2003,FTW,TX,ASW,CE,Towers with Display (VFR),0,3,87,2,92,0,0,266,0,266,0,3,353,2,358,294,0,294,652
02/01/2003,FTW,TX,ASW,CE,Towers with Display (VFR),1,9,42,0,52,1,9,207,0,217,2,18,249,0,269,286,0,286,555
02/02/2003,FTW,TX,ASW,CE,Towers with Display (VFR),1,4,52,0,57,1,0,88,0,89,2,4,140,0,146,66,0,66,212
02/03/2003,FTW,TX,ASW,CE,Towers with Display (VFR),8,7,34,0,49,0,10,139,0,149,8,17,173,0,198,102,0,102,300
02/04/2003,FTW,TX,ASW,CE,Towers with Display (VFR),2,11,62,0,75,0,4,230,0,234,2,15,292,0,309,350,0,350,659
02/05/2003,FTW,TX,ASW,CE,Towers with Display (VFR),5,9,65,2,81,0,6,139,0,145,5,15,204,2,226,174,0,174,400
02/06/2003,FTW,TX,ASW,CE,Towers with Display (VFR),1,11,92,0,104,0,0,22,0,22,1,11,114,0,126,6,0,6,132
02/07/2003,FTW,TX,ASW,CE,Towers with Display (VFR),0,6,67,0,73,0,7,185,0,192,0,13,252,0,265,218,0,218,483
02/08/2003,FTW,TX,ASW,CE,Towers with Display (VFR),0,4,54,0,58,0,2,236,0,238,0,6,290,0,296,320,0,320,616
02/09/2003,FTW,TX,ASW,CE,Towers with Display (VFR),0,5,52,2,59,0,10,103,0,113,0,15,155,2,172,89,0,89,261
02/10/2003,FTW,TX,ASW,CE,Towers with Display (VFR),0,7,66,0,73,0,14,250,0,264,0,21,316,0,337,232,0,232,569
02/11/2003,FTW,TX,ASW,CE,Towers with Display (VFR),10,10,56,2,78,2,20,322,0,344,12,30,378,2,422,160,0,160,582
02/12/2003,FTW,TX,ASW,CE,Towers with Display (VFR),1,7,90,0,98,0,10,185,0,195,1,17,275,0,293,184,0,184,477
02/13/2003,FTW,TX,ASW,CE,Towers with Display (VFR),0,21,102,0,123,0,0,2,0,2,0,21,104,0,125,0,0,0,125
02/14/2003,FTW,TX,ASW,CE,Towers with Display (VFR),8,6,66,0,80,0,1,81,0,82,8,7,147,0,162,40,0,40,202
02/15/2003,FTW,TX,ASW,CE,Towers with Display (VFR),5,0,59,0,64,0,1,80,0,81,5,1,139,0,145,130,0,130,275
02/16/2003,FTW,TX,ASW,CE,Towers with Display (VFR),1,1,36,0,38,0,4,90,0,94,1,5,126,0,132,90,0,90,222
02/17/2003,FTW,TX,ASW,CE,Towers with Display (VFR),0,7,63,0,70,0,3,230,0,233,0,10,293,0,303,214,0,214,517
02/18/2003,FTW,TX,ASW,CE,Towers with Display (VFR),0,11,85,0,96,0,0,222,0,222,0,11,307,0,318,224,0,224,542
02/19/2003,FTW,TX,ASW,CE,Towers with Display (VFR),1,5,88,3,97,0,0,133,0,133,1,5,221,3,230,128,6,134,364
02/20/2003,FTW,TX,ASW,CE,Towers with Display (VFR),0,17,47,1,65,0,0,4,0,4,0,17,51,1,69,0,0,0,69
02/21/2003,FTW,TX,ASW,CE,Towers with Display (VFR),2,8,63,0,73,0,0,3,0,3,2,8,66,0,76,0,0,0,76
02/22/2003,FTW,TX,ASW,CE,Towers with Display (VFR),1,8,59,2,70,0,7,300,0,307,1,15,359,2,377,350,2,352,729
02/23/2003,FTW,TX,ASW,CE,Towers with Display (VFR),0,11,43,2,56,0,0,43,0,43,0,11,86,2,99,76,0,76,175
02/24/2003,FTW,TX,ASW,CE,Towers with Display (VFR),0,2,32,0,34,0,3,61,0,64,0,5,93,0,98,4,8,12,110
02/25/2003,FTW,TX,ASW,CE,Towers with Display (VFR),0,4,5,0,9,0,0,8,0,8,0,4,13,0,17,2,0,2,19
02/26/2003,FTW,TX,ASW,CE,Towers with Display (VFR),0,8,22,0,30,0,0,7,0,7,0,8,29,0,37,0,0,0,37
02/27/2003,FTW,TX,ASW,CE,Towers with Display (VFR),0,19,54,0,73,0,1,34,0,35,0,20,88,0,108,32,0,32,140
02/28/2003,FTW,TX,ASW,CE,Towers with Display (VFR),0,7,84,0,91,0,0,37,0,37,0,7,121,0,128,68,0,68,196
03/01/2003,FTW,TX,ASW,CE,Towers with Display (VFR),0,7,99,4,110,0,1,8,0,9,0,8,107,4,119,38,0,38,157
03/02/2003,FTW,TX,ASW,CE,Towers with Display (VFR),0,4,34,0,38,0,1,35,0,36,0,5,69,0,74,54,0,54,128
03/03/2003,FTW,TX,ASW,CE,Towers with Display (VFR),0,15,56,3,74,1,6,135,0,142,1,21,191,3,216,86,0,86,302
03/04/2003,FTW,TX,ASW,CE,Towers with Display (VFR),2,7,105,0,114,1,0,137,0,138,3,7,242,0,252,176,0,176,428
03/05/2003,FTW,TX,ASW,CE,Towers with Display (VFR),0,13,72,1,86,0,0,101,0,101,0,13,173,1,187,278,2,280,467
03/06/2003,FTW,TX,ASW,CE,Towers with Display (VFR),0,17,92,1,110,0,2,253,0,255,0,19,345,1,365,356,0,356,721
03/07/2003,FTW,TX,ASW,CE,Towers with Display (VFR),13,18,63,2,96,0,0,323,0,323,13,18,386,2,419,202,6,208,627
03/08/2003,FTW,TX,ASW,CE,Towers with Display (VFR),0,3,39,6,48,0,11,247,2,260,0,14,286,8,308,340,4,344,652
03/09/2003,FTW,TX,ASW,CE,Towers with Display (VFR),3,4,37,0,44,0,2,161,0,163,3,6,198,0,207,110,0,110,317
03/10/2003,FTW,TX,ASW,CE,Towers with Display (VFR),0,17,79,0,96,0,8,201,0,209,0,25,280,0,305,166,0,166,471
03/11/2003,FTW,TX,ASW,CE,Towers with Display (VFR),1,10,83,0,94,0,16,192,0,208,1,26,275,0,302,98,0,98,400
03/12/2003,FTW,TX,ASW,CE,Towers with Display (VFR),0,8,71,2,81,0,5,125,0,130,0,13,196,2,211,216,2,218,429
03/13/2003,FTW,TX,ASW,CE,Towers with Display (VFR),1,8,83,0,92,0,0,147,0,147,1,8,230,0,239,304,0,304,543
03/14/2003,FTW,TX,ASW,CE,Towers with Display (VFR),0,10,74,2,86,0,6,233,0,239,0,16,307,2,325,308,4,312,637
03/15/2003,FTW,TX,ASW,CE,Towers with Display (VFR),2,5,56,0,63,0,3,231,0,234,2,8,287,0,297,180,0,180,477
03/16/2003,FTW,TX,ASW,CE,Towers with Display (VFR),0,16,77,0,93,0,4,142,0,146,0,20,219,0,239,142,0,142,381
03/17/2003,FTW,TX,ASW,CE,Towers with Display (VFR),0,6,38,2,46,0,0,105,0,105,0,6,143,2,151,84,0,84,235
03/18/2003,FTW,TX,ASW,CE,Towers with Display (VFR),0,15,47,1,63,0,10,147,0,157,0,25,194,1,220,196,2,198,418
03/19/2003,FTW,TX,ASW,CE,Towers with Display (VFR),0,4,64,0,68,0,18,182,0,200,0,22,246,0,268,94,0,94,362
03/20/2003,FTW,TX,ASW,CE,Towers with Display (VFR),0,9,80,0,89,0,1,87,0,88,0,10,167,0,177,116,0,116,293
03/21/2003,FTW,TX,ASW,CE,Towers with Display (VFR),6,7,94,0,107,2,0,334,0,336,8,7,428,0,443,298,0,298,741
03/22/2003,FTW,TX,ASW,CE,Towers with Display (VFR),2,10,41,2,55,0,3,114,0,117,2,13,155,2,172,184,2,186,358
03/23/2003,FTW,TX,ASW,CE,Towers with Display (VFR),2,3,46,0,51,0,1,198,0,199,2,4,244,0,250,100,0,100,350
03/24/2003,FTW,TX,ASW,CE,Towers with Display (VFR),0,7,48,0,55,0,10,189,0,199,0,17,237,0,254,82,0,82,336
03/25/2003,FTW,TX,ASW,CE,Towers with Display (VFR),2,14,57,1,74,0,4,160,1,165,2,18,217,2,239,210,18,228,467
03/26/2003,FTW,TX,ASW,CE,Towers with Display (VFR),1,23,93,0,117,0,4,275,0,279,1,27,368,0,396,204,0,204,600
03/27/2003,FTW,TX,ASW,CE,Towers with Display (VFR),1,12,73,0,86,0,14,200,0,214,1,26,273,0,300,138,0,138,438
03/28/2003,FTW,TX,ASW,CE,Towers with Display (VFR),0,15,66,0,81,0,18,193,0,211,0,33,259,0,292,46,0,46,338
03/29/2003,FTW,TX,ASW,CE,Towers with Display (VFR),0,5,37,2,44,0,20,241,0,261,0,25,278,2,305,270,10,280,585
03/30/2003,FTW,TX,ASW,CE,Towers with Display (VFR),1,3,49,2,55,0,146,222,0,368,1,149,271,2,423,224,0,224,647
03/31/2003,FTW,TX,ASW,CE,Towers with Display (VFR),0,10,66,4,80,0,5,264,2,271,0,15,330,6,351,224,0,224,575
04/01/2003,FTW,TX,ASW,CE,Towers with Display (VFR),0,13,53,0,66,0,9,160,2,171,0,22,213,2,237,72,2,74,311
04/02/2003,FTW,TX,ASW,CE,Towers with Display (VFR),2,17,66,0,85,0,7,138,0,145,2,24,204,0,230,68,0,68,298
04/03/2003,FTW,TX,ASW,CE,Towers with Display (VFR),0,18,90,2,110,0,8,112,1,121,0,26,202,3,231,120,0,120,351
04/04/2003,FTW,TX,ASW,CE,Towers with Display (VFR),5,16,88,1,110,1,6,230,0,237,6,22,318,1,347,242,0,242,589
04/05/2003,FTW,TX,ASW,CE,Towers with Display (VFR),0,7,57,0,64,0,5,125,0,130,0,12,182,0,194,280,0,280,474
04/06/2003,FTW,TX,ASW,CE,Towers with Display (VFR),0,7,44,0,51,0,4,97,0,101,0,11,141,0,152,66,0,66,218
04/07/2003,FTW,TX,ASW,CE,Towers with Display (VFR),2,4,63,0,69,0,2,192,0,194,2,6,255,0,263,124,0,124,387
04/08/2003,FTW,TX,ASW,CE,Towers with Display (VFR),1,20,52,7,80,0,15,137,5,157,1,35,189,12,237,72,0,72,309
04/09/2003,FTW,TX,ASW,CE,Towers with Display (VFR),0,7,90,5,102,0,5,219,3,227,0,12,309,8,329,274,120,394,723
04/10/2003,FTW,TX,ASW,CE,Towers with Display (VFR),8,14,77,5,104,0,6,207,2,215,8,20,284,7,319,184,110,294,613
04/11/2003,FTW,TX,ASW,CE,Towers with Display (VFR),1,17,71,2,91,0,4,246,0,250,1,21,317,2,341,346,50,396,737
04/12/2003,FTW,TX,ASW,CE,Towers with Display (VFR),0,3,36,1,40,0,7,278,2,287,0,10,314,3,327,398,26,424,751
04/13/2003,FTW,TX,ASW,CE,Towers with Display (VFR),0,6,53,3,62,0,0,155,1,156,0,6,208,4,218,112,0,112,330
04/14/2003,FTW,TX,ASW,CE,Towers with Display (VFR),4,11,70,0,85,0,15,265,2,282,4,26,335,2,367,210,4,214,581
04/15/2003,FTW,TX,ASW,CE,Towers with Display (VFR),0,12,75,1,88,0,8,121,0,129,0,20,196,1,217,76,1,77,294
04/16/2003,FTW,TX,ASW,CE,Towers with Display (VFR),4,17,79,0,100,0,7,162,0,169,4,24,241,0,269,104,0,104,373
04/17/2003,FTW,TX,ASW,CE,Towers with Display (VFR),3,13,96,0,112,0,1,183,0,184,3,14,279,0,296,216,0,216,512
04/18/2003,FTW,TX,ASW,CE,Towers with Display (VFR),0,9,64,0,73,0,7,106,2,115,0,16,170,2,188,24,0,24,212
04/19/2003,FTW,TX,ASW,CE,Towers with Display (VFR),0,3,28,0,31,0,2,90,0,92,0,5,118,0,123,134,0,134,257
04/20/2003,FTW,TX,ASW,CE,Towers with Display (VFR),1,0,27,4,32,0,3,61,0,64,1,3,88,4,96,56,4,60,156
04/21/2003,FTW,TX,ASW,CE,Towers with Display (VFR),0,5,48,0,53,0,30,298,0,328,0,35,346,0,381,240,0,240,621
04/22/2003,FTW,TX,ASW,CE,Towers with Display (VFR),0,12,61,2,75,0,28,118,2,148,0,40,179,4,223,142,0,142,365
04/23/2003,FTW,TX,ASW,CE,Towers with Display (VFR),0,13,78,0,91,0,2,8,0,10,0,15,86,0,101,2,0,2,103
04/24/2003,FTW,TX,ASW,CE,Towers with Display (VFR),2,16,72,0,90,0,0,197,0,197,2,16,269,0,287,168,2,170,457
04/25/2003,FTW,TX,ASW,CE,Towers with Display (VFR),0,8,74,8,90,0,8,209,0,217,0,16,283,8,307,248,0,248,555
04/26/2003,FTW,TX,ASW,CE,Towers with Display (VFR),0,0,29,6,35,0,6,211,0,217,0,6,240,6,252,211,12,223,475
04/27/2003,FTW,TX,ASW,CE,Towers with Display (VFR),0,9,42,0,51,0,1,136,0,137,0,10,178,0,188,108,0,108,296
04/28/2003,FTW,TX,ASW,CE,Towers with Display (VFR),0,18,55,2,75,0,2,168,0,170,0,20,223,2,245,144,0,144,389
04/29/2003,FTW,TX,ASW,CE,Towers with Display (VFR),2,11,70,4,87,0,7,148,0,155,2,18,218,4,242,144,0,144,386
04/30/2003,FTW,TX,ASW,CE,Towers with Display (VFR),10,20,75,0,105,0,2,117,0,119,10,22,192,0,224,98,0,98,322
05/01/2003,FTW,TX,ASW,CE,Towers with Display (VFR),1,18,135,0,154,0,2,144,0,146,1,20,279,0,300,82,0,82,382
05/02/2003,FTW,TX,ASW,CE,Towers with Display (VFR),0,10,88,0,98,0,10,138,0,148,0,20,226,0,246,98,0,98,344
05/03/2003,FTW,TX,ASW,CE,Towers with Display (VFR),0,5,61,0,66,0,6,135,0,141,0,11,196,0,207,200,0,200,407
05/04/2003,FTW,TX,ASW,CE,Towers with Display (VFR),0,2,42,0,44,0,3,26,0,29,0,5,68,0,73,4,0,4,77
05/05/2003,FTW,TX,ASW,CE,Towers with Display (VFR),1,8,72,2,83,0,4,141,0,145,1,12,213,2,228,150,0,150,378
05/06/2003,FTW,TX,ASW,CE,Towers with Display (VFR),5,10,71,0,86,0,5,122,0,127,5,15,193,0,213,156,0,156,369
05/07/2003,FTW,TX,ASW,CE,Towers with Display (VFR),6,12,76,1,95,4,7,203,0,214,10,19,279,1,309,268,0,268,577
05/08/2003,FTW,TX,ASW,CE,Towers with Display (VFR),0,12,96,0,108,0,7,41,0,48,0,19,137,0,156,11,0,11,167
05/09/2003,FTW,TX,ASW,CE,Towers with Display (VFR),3,6,96,0,105,0,1,138,0,139,3,7,234,0,244,97,0,97,341
05/10/2003,FTW,TX,ASW,CE,Towers with Display (VFR),0,6,47,2,55,0,7,64,0,71,0,13,111,2,126,20,0,20,146
05/11/2003,FTW,TX,ASW,CE,Towers with Display (VFR),0,6,39,4,49,0,4,142,0,146,0,10,181,4,195,34,0,34,229
05/12/2003,FTW,TX,ASW,CE,Towers with Display (VFR),0,9,61,0,70,0,22,177,0,199,0,31,238,0,269,190,0,190,459
05/13/2003,FTW,TX,ASW,CE,Towers with Display (VFR),0,17,83,0,100,0,16,116,0,132,0,33,199,0,232,86,0,86,318
05/14/2003,FTW,TX,ASW,CE,Towers with Display (VFR),0,13,84,1,98,0,5,144,2,151,0,18,228,3,249,60,0,60,309
05/15/2003,FTW,TX,ASW,CE,Towers with Display (VFR),0,15,98,0,113,0,0,25,0,25,0,15,123,0,138,32,0,32,170
05/16/2003,FTW,TX,ASW,CE,Towers with Display (VFR),0,10,52,0,62,0,2,94,0,96,0,12,146,0,158,24,0,24,182
05/17/2003,FTW,TX,ASW,CE,Towers with Display (VFR),0,4,38,0,42,0,19,165,0,184,0,23,203,0,226,66,2,68,294
05/18/2003,FTW,TX,ASW,CE,Towers with Display (VFR),0,8,56,0,64,0,2,175,1,178,0,10,231,1,242,240,0,240,482
05/19/2003,FTW,TX,ASW,CE,Towers with Display (VFR),1,12,82,0,95,0,13,216,2,231,1,25,298,2,326,232,0,232,558
05/20/2003,FTW,TX,ASW,CE,Towers with Display (VFR),0,11,75,0,86,0,11,0,0,11,0,22,75,0,97,0,0,0,97
05/21/2003,FTW,TX,ASW,CE,Towers with Display (VFR),0,11,87,0,98,0,0,51,0,51,0,11,138,0,149,88,0,88,237
05/22/2003,FTW,TX,ASW,CE,Towers with Display (VFR),0,15,137,0,152,0,0,142,0,142,0,15,279,0,294,124,0,124,418
05/23/2003,FTW,TX,ASW,CE,Towers with Display (VFR),0,3,0,0,3,0,7,333,3,343,0,10,333,3,346,148,2,150,496
05/24/2003,FTW,TX,ASW,CE,Towers with Display (VFR),0,7,40,0,47,0,1,89,0,90,0,8,129,0,137,93,0,93,230
05/25/2003,FTW,TX,ASW,CE,Towers with Display (VFR),0,13,52,0,65,0,3,55,0,58,0,16,107,0,123,76,0,76,199
05/26/2003,FTW,TX,ASW,CE,Towers with Display (VFR),1,11,61,1,74,0,16,96,2,114,1,27,157,3,188,102,0,102,290
05/27/2003,FTW,TX,ASW,CE,Towers with Display (VFR),0,5,60,1,66,0,19,186,1,206,0,24,246,2,272,232,0,232,504
05/28/2003,FTW,TX,ASW,CE,Towers with Display (VFR),0,9,91,2,102,0,3,222,1,226,0,12,313,3,328,270,0,270,598
05/29/2003,FTW,TX,ASW,CE,Towers with Display (VFR),3,12,78,3,96,0,1,247,0,248,3,13,325,3,344,112,0,112,456
05/30/2003,FTW,TX,ASW,CE,Towers with Display (VFR),1,6,63,2,72,0,2,197,0,199,1,8,260,2,271,180,4,184,455
05/31/2003,FTW,TX,ASW,CE,Towers with Display (VFR),1,3,56,0,60,0,2,178,0,180,1,5,234,0,240,226,0,226,466
06/01/2003,FTW,TX,ASW,CE,Towers with Display (VFR),0,9,46,0,55,0,2,114,0,116,0,11,160,0,171,119,0,119,290
06/02/2003,FTW,TX,ASW,CE,Towers with Display (VFR),0,8,60,0,68,0,29,139,0,168,0,37,199,0,236,220,0,220,456
06/03/2003,FTW,TX,ASW,CE,Towers with Display (VFR),0,4,74,1,79,0,19,191,0,210,0,23,265,1,289,122,2,124,413
06/04/2003,FTW,TX,ASW,CE,Towers with Display (VFR),5,5,56,0,66,1,2,190,0,193,6,7,246,0,259,190,0,190,449
06/05/2003,FTW,TX,ASW,CE,Towers with Display (VFR),2,13,57,0,72,0,0,16,0,16,2,13,73,0,88,6,0,6,94
06/06/2003,FTW,TX,ASW,CE,Towers with Display (VFR),0,12,79,0,91,1,4,133,1,139,1,16,212,1,230,80,0,80,310
06/07/2003,FTW,TX,ASW,CE,Towers with Display (VFR),0,8,41,0,49,0,26,244,0,270,0,34,285,0,319,254,0,254,573
06/08/2003,FTW,TX,ASW,CE,Towers with Display (VFR),0,7,50,0,57,0,1,89,0,90,0,8,139,0,147,188,0,188,335
06/09/2003,FTW,TX,ASW,CE,Towers with Display (VFR),0,8,65,0,73,0,24,179,2,205,0,32,244,2,278,154,0,154,432
06/10/2003,FTW,TX,ASW,CE,Towers with Display (VFR),0,21,74,0,95,0,11,248,3,262,0,32,322,3,357,360,0,360,717
06/11/2003,FTW,TX,ASW,CE,Towers with Display (VFR),1,10,110,0,121,0,3,159,2,164,1,13,269,2,285,96,0,96,381
06/12/2003,FTW,TX,ASW,CE,Towers with Display (VFR),6,4,109,2,121,0,4,93,0,97,6,8,202,2,218,68,0,68,286
06/13/2003,FTW,TX,ASW,CE,Towers with Display (VFR),4,7,65,0,76,0,6,83,0,89,4,13,148,0,165,32,0,32,197
06/14/2003,FTW,TX,ASW,CE,Towers with Display (VFR),3,6,47,0,56,0,18,212,0,230,3,24,259,0,286,186,0,186,472
06/15/2003,FTW,TX,ASW,CE,Towers with Display (VFR),5,3,38,0,46,2,2,94,0,98,7,5,132,0,144,86,0,86,230
06/16/2003,FTW,TX,ASW,CE,Towers with Display (VFR),9,3,79,0,91,2,23,149,0,174,11,26,228,0,265,92,0,92,357
06/17/2003,FTW,TX,ASW,CE,Towers with Display (VFR),3,17,98,2,120,2,23,167,0,192,5,40,265,2,312,260,40,300,612
06/18/2003,FTW,TX,ASW,CE,Towers with Display (VFR),3,6,81,0,90,0,6,215,2,223,3,12,296,2,313,238,28,266,579
06/19/2003,FTW,TX,ASW,CE,Towers with Display (VFR),1,4,75,0,80,0,4,172,0,176,1,8,247,0,256,108,0,108,364
06/20/2003,FTW,TX,ASW,CE,Towers with Display (VFR),0,1,81,0,82,0,0,182,0,182,0,1,263,0,264,286,0,286,550
06/21/2003,FTW,TX,ASW,CE,Towers with Display (VFR),1,4,72,4,81,0,36,335,0,371,1,40,407,4,452,272,2,274,726
06/22/2003,FTW,TX,ASW,CE,Towers with Display (VFR),0,2,50,2,54,0,14,135,3,152,0,16,185,5,206,152,6,158,364
06/23/2003,FTW,TX,ASW,CE,Towers with Display (VFR),0,4,70,0,74,0,6,179,0,185,0,10,249,0,259,218,0,218,477
06/24/2003,FTW,TX,ASW,CE,Towers with Display (VFR),6,12,103,2,123,0,4,227,0,231,6,16,330,2,354,106,0,106,460
06/25/2003,FTW,TX,ASW,CE,Towers with Display (VFR),0,11,105,0,116,0,6,114,0,120,0,17,219,0,236,106,0,106,342
06/26/2003,FTW,TX,ASW,CE,Towers with Display (VFR),0,10,81,0,91,0,0,63,8,71,0,10,144,8,162,48,0,48,210
06/27/2003,FTW,TX,ASW,CE,Towers with Display (VFR),0,8,95,3,106,0,0,236,3,239,0,8,331,6,345,284,2,286,631
06/28/2003,FTW,TX,ASW,CE,Towers with Display (VFR),0,7,63,2,72,0,13,181,0,194,0,20,244,2,266,192,4,196,462
06/29/2003,FTW,TX,ASW,CE,Towers with Display (VFR),0,6,68,2,76,0,4,149,0,153,0,10,217,2,229,110,0,110,339
06/30/2003,FTW,TX,ASW,CE,Towers with Display (VFR),0,4,61,0,65,0,37,221,0,258,0,41,282,0,323,80,0,80,403
07/01/2003,FTW,TX,ASW,CE,Towers with Display (VFR),0,6,71,2,79,0,23,183,0,206,0,29,254,2,285,108,0,108,393
07/02/2003,FTW,TX,ASW,CE,Towers with Display (VFR),1,11,71,0,83,0,3,204,0,207,1,14,275,0,290,102,0,102,392
07/03/2003,FTW,TX,ASW,CE,Towers with Display (VFR),2,10,101,0,113,0,0,209,0,209,2,10,310,0,322,128,0,128,450
07/04/2003,FTW,TX,ASW,CE,Towers with Display (VFR),0,2,28,0,30,0,16,87,0,103,0,18,115,0,133,140,0,140,273
07/05/2003,FTW,TX,ASW,CE,Towers with Display (VFR),0,7,31,0,38,0,26,96,0,122,0,33,127,0,160,128,0,128,288
07/06/2003,FTW,TX,ASW,CE,Towers with Display (VFR),1,5,64,0,70,0,4,74,0,78,1,9,138,0,148,58,0,58,206
07/07/2003,FTW,TX,ASW,CE,Towers with Display (VFR),0,13,54,0,67,0,13,174,0,187,0,26,228,0,254,212,0,212,466
07/08/2003,FTW,TX,ASW,CE,Towers with Display (VFR),0,9,61,0,70,0,32,186,2,220,0,41,247,2,290,250,0,250,540
07/09/2003,FTW,TX,ASW,CE,Towers with Display (VFR),2,10,79,0,91,0,3,180,0,183,2,13,259,0,274,278,0,278,552
07/10/2003,FTW,TX,ASW,CE,Towers with Display (VFR),0,9,53,0,62,0,0,140,0,140,0,9,193,0,202,260,0,260,462
07/11/2003,FTW,TX,ASW,CE,Towers with Display (VFR),0,3,54,1,58,0,1,148,1,150,0,4,202,2,208,108,0,108,316
07/12/2003,FTW,TX,ASW,CE,Towers with Display (VFR),0,1,40,0,41,0,2,135,0,137,0,3,175,0,178,94,0,94,272
07/13/2003,FTW,TX,ASW,CE,Towers with Display (VFR),8,3,32,2,45,2,9,122,0,133,10,12,154,2,178,166,0,166,344
07/14/2003,FTW,TX,ASW,CE,Towers with Display (VFR),1,4,56,0,61,0,1,144,0,145,1,5,200,0,206,178,0,178,384
07/15/2003,FTW,TX,ASW,CE,Towers with Display (VFR),0,5,66,0,71,0,18,216,0,234,0,23,282,0,305,158,0,158,463
07/16/2003,FTW,TX,ASW,CE,Towers with Display (VFR),4,7,71,0,82,0,8,162,0,170,4,15,233,0,252,172,0,172,424
07/17/2003,FTW,TX,ASW,CE,Towers with Display (VFR),1,14,66,0,81,0,1,170,0,171,1,15,236,0,252,108,0,108,360
07/18/2003,FTW,TX,ASW,CE,Towers with Display (VFR),1,7,81,6,95,0,2,147,0,149,1,9,228,6,244,32,0,32,276
07/19/2003,FTW,TX,ASW,CE,Towers with Display (VFR),0,0,44,2,46,0,11,224,0,235,0,11,268,2,281,154,2,156,437
07/20/2003,FTW,TX,ASW,CE,Towers with Display (VFR),0,3,57,0,60,0,3,167,0,170,0,6,224,0,230,166,0,166,396
07/21/2003,FTW,TX,ASW,CE,Towers with Display (VFR),1,5,44,0,50,0,12,185,0,197,1,17,229,0,247,96,0,96,343
07/22/2003,FTW,TX,ASW,CE,Towers with Display (VFR),2,6,55,0,63,0,13,170,1,184,2,19,225,1,247,102,0,102,349
07/23/2003,FTW,TX,ASW,CE,Towers with Display (VFR),1,3,75,0,79,5,7,195,1,208,6,10,270,1,287,156,0,156,443
07/24/2003,FTW,TX,ASW,CE,Towers with Display (VFR),0,4,76,0,80,0,0,180,0,180,0,4,256,0,260,208,0,208,468
07/25/2003,FTW,TX,ASW,CE,Towers with Display (VFR),0,2,64,4,70,0,1,217,0,218,0,3,281,4,288,186,0,186,474
07/26/2003,FTW,TX,ASW,CE,Towers with Display (VFR),1,1,43,6,51,0,6,140,0,146,1,7,183,6,197,50,6,56,253
07/27/2003,FTW,TX,ASW,CE,Towers with Display (VFR),0,3,50,4,57,0,6,139,0,145,0,9,189,4,202,104,2,106,308
07/28/2003,FTW,TX,ASW,CE,Towers with Display (VFR),0,3,59,0,62,0,10,180,0,190,0,13,239,0,252,186,0,186,438
07/29/2003,FTW,TX,ASW,CE,Towers with Display (VFR),1,6,64,0,71,0,13,190,0,203,1,19,254,0,274,296,0,296,570
07/30/2003,FTW,TX,ASW,CE,Towers with Display (VFR),7,17,63,0,87,0,0,151,0,151,7,17,214,0,238,248,0,248,486
07/31/2003,FTW,TX,ASW,CE,Towers with Display (VFR),3,7,80,0,90,0,1,143,2,146,3,8,223,2,236,64,0,64,300
08/01/2003,FTW,TX,ASW,CE,Towers with Display (VFR),0,17,64,6,87,0,8,203,0,211,0,25,267,6,298,232,0,232,530
08/02/2003,FTW,TX,ASW,CE,Towers with Display (VFR),0,1,60,0,61,0,44,166,0,210,0,45,226,0,271,200,0,200,471
08/03/2003,FTW,TX,ASW,CE,Towers with Display (VFR),2,1,64,2,69,0,31,136,0,167,2,32,200,2,236,96,0,96,332
08/04/2003,FTW,TX,ASW,CE,Towers with Display (VFR),2,21,71,1,95,0,20,112,1,133,2,41,183,2,228,74,0,74,302
08/05/2003,FTW,TX,ASW,CE,Towers with Display (VFR),1,5,61,0,67,0,117,97,0,214,1,122,158,0,281,256,0,256,537
08/06/2003,FTW,TX,ASW,CE,Towers with Display (VFR),3,5,78,4,90,0,11,204,0,215,3,16,282,4,305,258,4,262,567
08/07/2003,FTW,TX,ASW,CE,Towers with Display (VFR),1,3,96,0,100,0,0,160,0,160,1,3,256,0,260,306,0,306,566
08/08/2003,FTW,TX,ASW,CE,Towers with Display (VFR),0,5,62,0,67,0,14,182,0,196,0,19,244,0,263,294,0,294,557
08/09/2003,FTW,TX,ASW,CE,Towers with Display (VFR),2,6,48,0,56,0,20,192,0,212,2,26,240,0,268,178,0,178,446
08/10/2003,FTW,TX,ASW,CE,Towers with Display (VFR),0,5,60,2,67,0,21,110,0,131,0,26,170,2,198,96,0,96,294
08/11/2003,FTW,TX,ASW,CE,Towers with Display (VFR),0,9,60,3,72,0,55,136,0,191,0,64,196,3,263,138,0,138,401
08/12/2003,FTW,TX,ASW,CE,Towers with Display (VFR),0,7,69,3,79,0,29,196,0,225,0,36,265,3,304,154,2,156,460
08/13/2003,FTW,TX,ASW,CE,Towers with Display (VFR),1,13,237,0,251,0,0,0,0,0,1,13,237,0,251,204,0,204,455
08/14/2003,FTW,TX,ASW,CE,Towers with Display (VFR),0,14,81,1,96,0,8,96,0,104,0,22,177,1,200,216,0,216,416
08/15/2003,FTW,TX,ASW,CE,Towers with Display (VFR),0,4,69,0,73,0,10,187,0,197,0,14,256,0,270,226,0,226,496
08/16/2003,FTW,TX,ASW,CE,Towers with Display (VFR),1,5,40,2,48,0,34,152,0,186,1,39,192,2,234,198,2,200,434
08/17/2003,FTW,TX,ASW,CE,Towers with Display (VFR),2,10,61,1,74,0,0,181,1,182,2,10,242,2,256,146,2,148,404
08/18/2003,FTW,TX,ASW,CE,Towers with Display (VFR),0,6,63,2,71,0,50,205,0,255,0,56,268,2,326,188,0,188,514
08/19/2003,FTW,TX,ASW,CE,Towers with Display (VFR),7,10,83,0,100,0,28,248,0,276,7,38,331,0,376,338,0,338,714
08/20/2003,FTW,TX,ASW,CE,Towers with Display (VFR),3,1,73,0,77,0,9,200,0,209,3,10,273,0,286,168,0,168,454
08/21/2003,FTW,TX,ASW,CE,Towers with Display (VFR),0,8,99,0,107,0,3,208,0,211,0,11,307,0,318,268,0,268,586
08/22/2003,FTW,TX,ASW,CE,Towers with Display (VFR),2,10,75,0,87,1,14,160,0,175,3,24,235,0,262,96,0,96,358
08/23/2003,FTW,TX,ASW,CE,Towers with Display (VFR),1,0,35,0,36,0,39,176,0,215,1,39,211,0,251,266,0,266,517
08/24/2003,FTW,TX,ASW,CE,Towers with Display (VFR),3,3,43,6,55,0,18,121,0,139,3,21,164,6,194,62,0,62,256
08/25/2003,FTW,TX,ASW,CE,Towers with Display (VFR),1,6,45,0,52,0,8,172,0,180,1,14,217,0,232,84,0,84,316
08/26/2003,FTW,TX,ASW,CE,Towers with Display (VFR),0,8,67,0,75,0,36,118,0,154,0,44,185,0,229,94,0,94,323
08/27/2003,FTW,TX,ASW,CE,Towers with Display (VFR),0,7,83,0,90,0,7,95,0,102,0,14,178,0,192,84,0,84,276
08/28/2003,FTW,TX,ASW,CE,Towers with Display (VFR),1,6,64,0,71,0,0,176,0,176,1,6,240,0,247,160,0,160,407
08/29/2003,FTW,TX,ASW,CE,Towers with Display (VFR),0,9,81,6,96,0,5,214,0,219,0,14,295,6,315,174,8,182,497
08/30/2003,FTW,TX,ASW,CE,Towers with Display (VFR),0,6,33,0,39,0,1,87,0,88,0,7,120,0,127,104,0,104,231
08/31/2003,FTW,TX,ASW,CE,Towers with Display (VFR),2,1,30,0,33,0,3,19,0,22,2,4,49,0,55,14,0,14,69
09/01/2003,FTW,TX,ASW,CE,Towers with Display (VFR),0,8,68,2,78,0,22,7,0,29,0,30,75,2,107,0,8,8,115
09/02/2003,FTW,TX,ASW,CE,Towers with Display (VFR),2,9,84,4,99,0,34,121,0,155,2,43,205,4,254,136,0,136,390
09/03/2003,FTW,TX,ASW,CE,Towers with Display (VFR),0,9,87,2,98,0,1,163,0,164,0,10,250,2,262,154,0,154,416
09/04/2003,FTW,TX,ASW,CE,Towers with Display (VFR),7,15,70,1,93,0,1,144,0,145,7,16,214,1,238,66,0,66,304
09/05/2003,FTW,TX,ASW,CE,Towers with Display (VFR),0,14,61,5,80,0,10,127,0,137,0,24,188,5,217,128,0,128,345
09/06/2003,FTW,TX,ASW,CE,Towers with Display (VFR),0,7,38,13,58,0,19,211,0,230,0,26,249,13,288,220,14,234,522
09/07/2003,FTW,TX,ASW,CE,Towers with Display (VFR),0,8,44,0,52,0,14,130,0,144,0,22,174,0,196,150,0,150,346
09/08/2003,FTW,TX,ASW,CE,Towers with Display (VFR),0,8,74,0,82,0,65,200,0,265,0,73,274,0,347,138,0,138,485
09/09/2003,FTW,TX,ASW,CE,Towers with Display (VFR),0,22,60,0,82,0,51,239,5,295,0,73,299,5,377,228,2,230,607
09/10/2003,FTW,TX,ASW,CE,Towers with Display (VFR),0,13,74,0,87,0,23,148,0,171,0,36,222,0,258,138,0,138,396
09/11/2003,FTW,TX,ASW,CE,Towers with Display (VFR),1,13,49,0,63,0,3,15,2,20,1,16,64,2,83,0,0,0,83
09/12/2003,FTW,TX,ASW,CE,Towers with Display (VFR),1,8,98,3,110,0,6,23,5,34,1,14,121,8,144,45,2,47,191
09/13/2003,FTW,TX,ASW,CE,Towers with Display (VFR),1,14,44,0,59,0,13,191,0,204,1,27,235,0,263,162,0,162,425
09/14/2003,FTW,TX,ASW,CE,Towers with Display (VFR),0,6,48,1,55,0,10,248,0,258,0,16,296,1,313,74,0,74,387
09/15/2003,FTW,TX,ASW,CE,Towers with Display (VFR),2,6,86,2,96,0,37,305,0,342,2,43,391,2,438,220,0,220,658
09/16/2003,FTW,TX,ASW,CE,Towers with Display (VFR),0,6,83,0,89,0,21,178,2,201,0,27,261,2,290,188,0,188,478
09/17/2003,FTW,TX,ASW,CE,Towers with Display (VFR),5,11,77,0,93,0,10,232,1,243,5,21,309,1,336,114,0,114,450
09/18/2003,FTW,TX,ASW,CE,Towers with Display (VFR),0,6,73,1,80,0,3,73,1,77,0,9,146,2,157,88,0,88,245
09/19/2003,FTW,TX,ASW,CE,Towers with Display (VFR),0,12,94,0,106,0,19,175,0,194,0,31,269,0,300,212,0,212,512
09/20/2003,FTW,TX,ASW,CE,Towers with Display (VFR),0,2,66,0,68,0,25,219,0,244,0,27,285,0,312,228,0,228,540
09/21/2003,FTW,TX,ASW,CE,Towers with Display (VFR),0,7,62,0,69,0,7,96,0,103,0,14,158,0,172,98,0,98,270
09/22/2003,FTW,TX,ASW,CE,Towers with Display (VFR),0,9,73,0,82,0,36,192,0,228,0,45,265,0,310,38,0,38,348
09/23/2003,FTW,TX,ASW,CE,Towers with Display (VFR),1,4,76,0,81,5,22,222,0,249,6,26,298,0,330,270,0,270,600
09/24/2003,FTW,TX,ASW,CE,Towers with Display (VFR),1,7,82,0,90,0,4,169,0,173,1,11,251,0,263,148,0,148,411
09/25/2003,FTW,TX,ASW,CE,Towers with Display (VFR),1,19,78,0,98,0,4,176,0,180,1,23,254,0,278,144,0,144,422
09/26/2003,FTW,TX,ASW,CE,Towers with Display (VFR),0,7,75,0,82,0,3,159,1,163,0,10,234,1,245,332,0,332,577
09/27/2003,FTW,TX,ASW,CE,Towers with Display (VFR),0,5,36,0,41,0,12,131,0,143,0,17,167,0,184,154,0,154,338
09/28/2003,FTW,TX,ASW,CE,Towers with Display (VFR),2,4,50,0,56,0,8,90,0,98,2,12,140,0,154,55,0,55,209
09/29/2003,FTW,TX,ASW,CE,Towers with Display (VFR),0,8,50,0,58,0,33,201,0,234,0,41,251,0,292,122,0,122,414
09/30/2003,FTW,TX,ASW,CE,Towers with Display (VFR),0,5,84,0,89,0,22,221,0,243,0,27,305,0,332,356,0,356,688
10/01/2003,FTW,TX,ASW,CE,Towers with Display (VFR),1,8,83,2,94,0,7,145,2,154,1,15,228,4,248,156,8,164,412
10/02/2003,FTW,TX,ASW,CE,Towers with Display (VFR),0,4,73,0,77,0,6,123,0,129,0,10,196,0,206,66,0,66,272
10/03/2003,FTW,TX,ASW,CE,Towers with Display (VFR),0,3,64,0,67,0,16,198,0,214,0,19,262,0,281,268,0,268,549
10/04/2003,FTW,TX,ASW,CE,Towers with Display (VFR),3,6,65,0,74,0,12,222,0,234,3,18,287,0,308,202,0,202,510
10/05/2003,FTW,TX,ASW,CE,Towers with Display (VFR),0,1,59,0,60,0,1,4,0,5,0,2,63,0,65,10,0,10,75
10/06/2003,FTW,TX,ASW,CE,Towers with Display (VFR),0,2,73,0,75,0,18,44,0,62,0,20,117,0,137,58,0,58,195
10/07/2003,FTW,TX,ASW,CE,Towers with Display (VFR),0,7,60,0,67,0,24,167,2,193,0,31,227,2,260,366,4,370,630
10/08/2003,FTW,TX,ASW,CE,Towers with Display (VFR),1,11,77,3,92,0,8,162,0,170,1,19,239,3,262,190,0,190,452
10/09/2003,FTW,TX,ASW,CE,Towers with Display (VFR),0,11,112,0,123,0,0,70,0,70,0,11,182,0,193,222,0,222,415
10/10/2003,FTW,TX,ASW,CE,Towers with Display (VFR),0,7,79,0,86,0,5,141,0,146,0,12,220,0,232,316,0,316,548
10/11/2003,FTW,TX,ASW,CE,Towers with Display (VFR),1,12,43,0,56,0,15,154,0,169,1,27,197,0,225,250,0,250,475
10/12/2003,FTW,TX,ASW,CE,Towers with Display (VFR),0,4,59,0,63,0,25,135,0,160,0,29,194,0,223,42,0,42,265
10/13/2003,FTW,TX,ASW,CE,Towers with Display (VFR),0,8,90,0,98,0,32,151,0,183,0,40,241,0,281,208,0,208,489
10/14/2003,FTW,TX,ASW,CE,Towers with Display (VFR),0,8,66,0,74,0,34,150,0,184,0,42,216,0,258,326,0,326,584
10/15/2003,FTW,TX,ASW,CE,Towers with Display (VFR),6,19,67,0,92,0,9,227,4,240,6,28,294,4,332,254,4,258,590
10/16/2003,FTW,TX,ASW,CE,Towers with Display (VFR),4,11,70,1,86,0,1,161,0,162,4,12,231,1,248,54,2,56,304
10/17/2003,FTW,TX,ASW,CE,Towers with Display (VFR),0,6,78,3,87,0,0,158,0,158,0,6,236,3,245,290,6,296,541
10/18/2003,FTW,TX,ASW,CE,Towers with Display (VFR),1,7,69,2,79,0,10,193,0,203,1,17,262,2,282,210,12,222,504
10/19/2003,FTW,TX,ASW,CE,Towers with Display (VFR),2,8,37,4,51,0,6,173,0,179,2,14,210,4,230,130,2,132,362
10/20/2003,FTW,TX,ASW,CE,Towers with Display (VFR),0,3,36,8,47,0,23,179,0,202,0,26,215,8,249,187,0,187,436
10/21/2003,FTW,TX,ASW,CE,Towers with Display (VFR),5,6,74,3,88,1,15,238,1,255,6,21,312,4,343,412,4,416,759
10/22/2003,FTW,TX,ASW,CE,Towers with Display (VFR),1,10,87,0,98,0,15,192,0,207,1,25,279,0,305,308,0,308,613
10/23/2003,FTW,TX,ASW,CE,Towers with Display (VFR),1,5,91,2,99,0,1,188,0,189,1,6,279,2,288,118,0,118,406
10/24/2003,FTW,TX,ASW,CE,Towers with Display (VFR),0,9,83,2,94,0,8,207,0,215,0,17,290,2,309,376,4,380,689
10/25/2003,FTW,TX,ASW,CE,Towers with Display (VFR),0,4,73,0,77,0,10,124,0,134,0,14,197,0,211,156,0,156,367
10/26/2003,FTW,TX,ASW,CE,Towers with Display (VFR),2,1,62,0,65,0,5,105,0,110,2,6,167,0,175,108,0,108,283
10/27/2003,FTW,TX,ASW,CE,Towers with Display (VFR),1,5,86,0,92,0,26,212,1,239,1,31,298,1,331,292,12,304,635
10/28/2003,FTW,TX,ASW,CE,Towers with Display (VFR),0,1,68,0,69,0,20,260,1,281,0,21,328,1,350,288,0,288,638
10/29/2003,FTW,TX,ASW,CE,Towers with Display (VFR),0,4,98,1,103,0,6,238,0,244,0,10,336,1,347,160,0,160,507
10/30/2003,FTW,TX,ASW,CE,Towers with Display (VFR),5,8,79,4,96,0,0,76,0,76,5,8,155,4,172,14,0,14,186
10/31/2003,FTW,TX,ASW,CE,Towers with Display (VFR),2,8,102,0,112,0,0,218,0,218,2,8,320,0,330,216,0,216,546
11/01/2003,FTW,TX,ASW,CE,Towers with Display (VFR),1,2,83,0,86,0,16,129,0,145,1,18,212,0,231,206,0,206,437
11/02/2003,FTW,TX,ASW,CE,Towers with Display (VFR),0,3,79,1,83,0,0,81,0,81,0,3,160,1,164,82,0,82,246
11/03/2003,FTW,TX,ASW,CE,Towers with Display (VFR),0,9,72,0,81,0,16,142,0,158,0,25,214,0,239,86,0,86,325
11/04/2003,FTW,TX,ASW,CE,Towers with Display (VFR),0,9,89,0,98,0,28,258,0,286,0,37,347,0,384,432,0,432,816
11/05/2003,FTW,TX,ASW,CE,Towers with Display (VFR),0,12,99,0,111,0,24,8,0,32,0,36,107,0,143,48,0,48,191
11/06/2003,FTW,TX,ASW,CE,Towers with Display (VFR),0,8,79,0,87,0,0,33,0,33,0,8,112,0,120,150,0,150,270
11/07/2003,FTW,TX,ASW,CE,Towers with Display (VFR),5,22,93,3,123,0,0,4,0,4,5,22,97,3,127,6,0,6,133
11/08/2003,FTW,TX,ASW,CE,Towers with Display (VFR),0,2,56,0,58,0,0,0,0,0,0,2,56,0,58,0,0,0,58
11/09/2003,FTW,TX,ASW,CE,Towers with Display (VFR),6,7,63,0,76,0,12,30,0,42,6,19,93,0,118,8,0,8,126
11/10/2003,FTW,TX,ASW,CE,Towers with Display (VFR),0,4,114,2,120,0,29,168,0,197,0,33,282,2,317,274,0,274,591
11/11/2003,FTW,TX,ASW,CE,Towers with Display (VFR),0,13,94,0,107,0,29,153,0,182,0,42,247,0,289,262,0,262,551
11/12/2003,FTW,TX,ASW,CE,Towers with Display (VFR),1,19,92,1,113,0,10,191,0,201,1,29,283,1,314,390,0,390,704
11/13/2003,FTW,TX,ASW,CE,Towers with Display (VFR),0,10,100,1,111,0,2,147,0,149,0,12,247,1,260,140,0,140,400
11/14/2003,FTW,TX,ASW,CE,Towers with Display (VFR),0,13,112,2,127,0,8,155,0,163,0,21,267,2,290,308,0,308,598
11/15/2003,FTW,TX,ASW,CE,Towers with Display (VFR),1,9,69,2,81,0,32,154,0,186,1,41,223,2,267,190,0,190,457
11/16/2003,FTW,TX,ASW,CE,Towers with Display (VFR),1,3,67,1,72,0,4,162,0,166,1,7,229,1,238,132,0,132,370
11/17/2003,FTW,TX,ASW,CE,Towers with Display (VFR),0,6,51,1,58,0,19,26,0,45,0,25,77,1,103,2,0,2,105
11/18/2003,FTW,TX,ASW,CE,Towers with Display (VFR),1,5,62,1,69,0,23,158,4,185,1,28,220,5,254,198,0,198,452
11/19/2003,FTW,TX,ASW,CE,Towers with Display (VFR),2,16,72,0,90,0,6,286,3,295,2,22,358,3,385,322,4,326,711
11/20/2003,FTW,TX,ASW,CE,Towers with Display (VFR),0,8,87,0,95,0,1,216,4,221,0,9,303,4,316,142,0,142,458
11/21/2003,FTW,TX,ASW,CE,Towers with Display (VFR),2,9,80,6,97,0,2,192,0,194,2,11,272,6,291,136,6,142,433
11/22/2003,FTW,TX,ASW,CE,Towers with Display (VFR),0,3,63,0,66,0,6,86,0,92,0,9,149,0,158,128,0,128,286
11/23/2003,FTW,TX,ASW,CE,Towers with Display (VFR),0,1,42,0,43,0,2,51,0,53,0,3,93,0,96,10,0,10,106
11/24/2003,FTW,TX,ASW,CE,Towers with Display (VFR),0,7,59,0,66,0,32,133,2,167,0,39,192,2,233,92,2,94,327
11/25/2003,FTW,TX,ASW,CE,Towers with Display (VFR),0,6,73,5,84,0,25,154,0,179,0,31,227,5,263,118,6,124,387
11/26/2003,FTW,TX,ASW,CE,Towers with Display (VFR),0,13,76,3,92,0,4,219,0,223,0,17,295,3,315,252,0,252,567
11/27/2003,FTW,TX,ASW,CE,Towers with Display (VFR),0,0,17,0,17,0,0,34,0,34,0,0,51,0,51,6,0,6,57
11/28/2003,FTW,TX,ASW,CE,Towers with Display (VFR),0,10,50,3,63,0,9,123,0,132,0,19,173,3,195,144,4,148,343
11/29/2003,FTW,TX,ASW,CE,Towers with Display (VFR),1,8,46,0,55,0,4,111,0,115,1,12,157,0,170,114,0,114,284
11/30/2003,FTW,TX,ASW,CE,Towers with Display (VFR),0,11,74,0,85,0,4,140,0,144,0,15,214,0,229,108,0,108,337
12/01/2003,FTW,TX,ASW,CE,Towers with Display (VFR),0,5,81,0,86,0,6,217,0,223,0,11,298,0,309,226,0,226,535
12/02/2003,FTW,TX,ASW,CE,Towers with Display (VFR),0,2,92,0,94,0,32,212,0,244,0,34,304,0,338,178,0,178,516
12/03/2003,FTW,TX,ASW,CE,Towers with Display (VFR),0,12,80,10,102,0,11,174,1,186,0,23,254,11,288,132,0,132,420
12/04/2003,FTW,TX,ASW,CE,Towers with Display (VFR),0,5,87,0,92,0,3,202,0,205,0,8,289,0,297,227,0,227,524
12/05/2003,FTW,TX,ASW,CE,Towers with Display (VFR),2,6,62,7,77,0,9,118,0,127,2,15,180,7,204,62,0,62,266
12/06/2003,FTW,TX,ASW,CE,Towers with Display (VFR),0,3,72,5,80,0,4,169,0,173,0,7,241,5,253,124,14,138,391
12/07/2003,FTW,TX,ASW,CE,Towers with Display (VFR),2,2,48,0,52,0,5,103,6,114,2,7,151,6,166,14,0,14,180
12/08/2003,FTW,TX,ASW,CE,Towers with Display (VFR),2,0,74,3,79,0,23,129,2,154,2,23,203,5,233,98,10,108,341
12/09/2003,FTW,TX,ASW,CE,Towers with Display (VFR),2,11,75,0,88,0,20,80,0,100,2,31,155,0,188,4,0,4,192
12/10/2003,FTW,TX,ASW,CE,Towers with Display (VFR),5,12,89,0,106,0,3,254,2,259,5,15,343,2,365,118,4,122,487
12/11/2003,FTW,TX,ASW,CE,Towers with Display (VFR),2,9,80,0,91,0,0,200,3,203,2,9,280,3,294,66,0,66,360
12/12/2003,FTW,TX,ASW,CE,Towers with Display (VFR),2,9,80,0,91,0,0,200,0,200,2,9,280,0,291,66,0,66,357
12/13/2003,FTW,TX,ASW,CE,Towers with Display (VFR),0,13,66,2,81,0,18,151,0,169,0,31,217,2,250,340,16,356,606
12/14/2003,FTW,TX,ASW,CE,Towers with Display (VFR),0,8,58,1,67,0,6,151,0,157,0,14,209,1,224,18,44,62,286
12/15/2003,FTW,TX,ASW,CE,Towers with Display (VFR),0,10,71,0,81,0,33,71,2,106,0,43,142,2,187,16,0,16,203
12/16/2003,FTW,TX,ASW,CE,Towers with Display (VFR),2,8,99,1,110,0,19,141,0,160,2,27,240,1,270,148,0,148,418
12/17/2003,FTW,TX,ASW,CE,Towers with Display (VFR),13,14,80,1,108,0,6,327,3,336,13,20,407,4,444,232,0,232,676
12/18/2003,FTW,TX,ASW,CE,Towers with Display (VFR),6,7,81,0,94,0,0,195,0,195,6,7,276,0,289,148,0,148,437
12/19/2003,FTW,TX,ASW,CE,Towers with Display (VFR),1,11,82,0,94,0,10,213,1,224,1,21,295,1,318,143,0,143,461
12/20/2003,FTW,TX,ASW,CE,Towers with Display (VFR),9,5,45,0,59,0,11,221,0,232,9,16,266,0,291,200,0,200,491
12/21/2003,FTW,TX,ASW,CE,Towers with Display (VFR),1,3,42,0,46,0,10,108,0,118,1,13,150,0,164,66,0,66,230
12/22/2003,FTW,TX,ASW,CE,Towers with Display (VFR),2,3,45,0,50,0,20,131,0,151,2,23,176,0,201,70,0,70,271
12/23/2003,FTW,TX,ASW,CE,Towers with Display (VFR),2,13,70,0,85,0,24,245,0,269,2,37,315,0,354,188,0,188,542
12/24/2003,FTW,TX,ASW,CE,Towers with Display (VFR),2,4,35,0,41,0,5,150,0,155,2,9,185,0,196,34,0,34,230
12/25/2003,FTW,TX,ASW,CE,Towers with Display (VFR),0,8,8,0,16,0,0,38,0,38,0,8,46,0,54,0,0,0,54
12/26/2003,FTW,TX,ASW,CE,Towers with Display (VFR),0,4,80,0,84,0,6,17,0,23,0,10,97,0,107,6,0,6,113
12/27/2003,FTW,TX,ASW,CE,Towers with Display (VFR),2,3,61,0,66,0,2,41,0,43,2,5,102,0,109,42,0,42,151
12/28/2003,FTW,TX,ASW,CE,Towers with Display (VFR),2,1,37,0,40,0,13,105,1,119,2,14,142,1,159,124,0,124,283
12/29/2003,FTW,TX,ASW,CE,Towers with Display (VFR),1,18,33,1,53,0,5,205,6,216,1,23,238,7,269,126,4,130,399
12/30/2003,FTW,TX,ASW,CE,Towers with Display (VFR),0,10,60,0,70,0,36,262,0,298,0,46,322,0,368,274,0,274,642
12/31/2003,FTW,TX,ASW,CE,Towers with Display (VFR),1,5,69,0,75,0,17,131,0,148,1,22,200,0,223,172,0,172,395
01/01/2004,FTW,TX,ASW,CE,Towers with Display (VFR),0,6,25,0,31,0,0,0,0,0,0,6,25,0,31,0,0,0,31
01/02/2004,FTW,TX,ASW,CE,Towers with Display (VFR),1,3,71,0,75,0,0,110,0,110,1,3,181,0,185,173,0,173,358
01/03/2004,FTW,TX,ASW,CE,Towers with Display (VFR),1,5,69,0,75,0,4,98,1,103,1,9,167,1,178,112,0,112,290
01/04/2004,FTW,TX,ASW,CE,Towers with Display (VFR),1,6,55,0,62,0,27,60,0,87,1,33,115,0,149,46,0,46,195
01/05/2004,FTW,TX,ASW,CE,Towers with Display (VFR),0,12,55,0,67,0,23,162,0,185,0,35,217,0,252,112,0,112,364
01/06/2004,FTW,TX,ASW,CE,Towers with Display (VFR),1,5,81,0,87,0,39,180,0,219,1,44,261,0,306,164,0,164,470
01/07/2004,FTW,TX,ASW,CE,Towers with Display (VFR),0,9,53,0,62,0,8,139,0,147,0,17,192,0,209,132,0,132,341
01/08/2004,FTW,TX,ASW,CE,Towers with Display (VFR),1,4,71,1,77,0,2,133,0,135,1,6,204,1,212,116,0,116,328
01/09/2004,FTW,TX,ASW,CE,Towers with Display (VFR),0,4,72,3,79,0,9,167,0,176,0,13,239,3,255,146,2,148,403
01/10/2004,FTW,TX,ASW,CE,Towers with Display (VFR),0,8,34,0,42,0,16,268,2,286,0,24,302,2,328,308,0,308,636
01/11/2004,FTW,TX,ASW,CE,Towers with Display (VFR),0,7,47,0,54,0,18,163,0,181,0,25,210,0,235,100,0,100,335
01/12/2004,FTW,TX,ASW,CE,Towers with Display (VFR),0,4,46,0,50,0,20,164,0,184,0,24,210,0,234,270,0,270,504
01/13/2004,FTW,TX,ASW,CE,Towers with Display (VFR),0,5,77,0,82,0,34,200,2,236,0,39,277,2,318,226,0,226,544
01/14/2004,FTW,TX,ASW,CE,Towers with Display (VFR),0,10,61,0,71,0,10,133,0,143,0,20,194,0,214,183,0,183,397
01/15/2004,FTW,TX,ASW,CE,Towers with Display (VFR),1,8,110,2,121,0,0,0,0,0,1,8,110,2,121,8,8,16,137
01/16/2004,FTW,TX,ASW,CE,Towers with Display (VFR),0,7,59,0,66,0,0,0,0,0,0,7,59,0,66,8,0,8,74
01/17/2004,FTW,TX,ASW,CE,Towers with Display (VFR),0,5,59,0,64,0,14,74,2,90,0,19,133,2,154,208,0,208,362
01/18/2004,FTW,TX,ASW,CE,Towers with Display (VFR),0,4,38,0,42,0,2,43,0,45,0,6,81,0,87,0,0,0,87
01/19/2004,FTW,TX,ASW,CE,Towers with Display (VFR),0,9,68,3,80,0,29,271,0,300,0,38,339,3,380,256,0,256,636
01/20/2004,FTW,TX,ASW,CE,Towers with Display (VFR),0,7,83,0,90,0,17,174,0,191,0,24,257,0,281,198,0,198,479
01/21/2004,FTW,TX,ASW,CE,Towers with Display (VFR),5,9,78,0,92,0,14,150,0,164,5,23,228,0,256,124,0,124,380
01/22/2004,FTW,TX,ASW,CE,Towers with Display (VFR),0,5,82,0,87,0,0,153,0,153,0,5,235,0,240,140,0,140,380
01/23/2004,FTW,TX,ASW,CE,Towers with Display (VFR),0,7,71,0,78,0,4,94,0,98,0,11,165,0,176,124,0,124,300
01/24/2004,FTW,TX,ASW,CE,Towers with Display (VFR),0,6,61,0,67,0,0,0,0,0,0,6,61,0,67,16,0,16,83
01/25/2004,FTW,TX,ASW,CE,Towers with Display (VFR),0,7,57,0,64,0,6,154,0,160,0,13,211,0,224,72,0,72,296
01/26/2004,FTW,TX,ASW,CE,Towers with Display (VFR),1,5,72,0,78,0,22,75,0,97,1,27,147,0,175,42,0,42,217
01/27/2004,FTW,TX,ASW,CE,Towers with Display (VFR),0,11,62,0,73,0,22,191,0,213,0,33,253,0,286,152,0,152,438
01/28/2004,FTW,TX,ASW,CE,Towers with Display (VFR),0,11,76,2,89,0,10,180,0,190,0,21,256,2,279,96,4,100,379
01/29/2004,FTW,TX,ASW,CE,Towers with Display (VFR),0,19,90,0,109,0,0,133,0,133,0,19,223,0,242,70,0,70,312
01/30/2004,FTW,TX,ASW,CE,Towers with Display (VFR),0,12,104,5,121,0,6,123,0,129,0,18,227,5,250,242,0,242,492
01/31/2004,FTW,TX,ASW,CE,Towers with Display (VFR),0,12,65,4,81,0,0,2,0,2,0,12,67,4,83,0,0,0,83
02/01/2004,FTW,TX,ASW,CE,Towers with Display (VFR),2,9,61,3,75,0,0,6,0,6,2,9,67,3,81,7,0,7,88
02/02/2004,FTW,TX,ASW,CE,Towers with Display (VFR),2,5,50,0,57,0,17,177,0,194,2,22,227,0,251,114,0,114,365
02/03/2004,FTW,TX,ASW,CE,Towers with Display (VFR),0,11,48,0,59,0,30,186,1,217,0,41,234,1,276,170,2,172,448
02/04/2004,FTW,TX,ASW,CE,Towers with Display (VFR),0,3,48,2,53,0,3,9,0,12,0,6,57,2,65,0,0,0,65
02/05/2004,FTW,TX,ASW,CE,Towers with Display (VFR),0,11,85,0,96,0,0,17,0,17,0,11,102,0,113,42,0,42,155
02/06/2004,FTW,TX,ASW,CE,Towers with Display (VFR),0,13,86,1,100,0,6,197,0,203,0,19,283,1,303,150,0,150,453
02/07/2004,FTW,TX,ASW,CE,Towers with Display (VFR),4,9,54,0,67,0,13,217,7,237,4,22,271,7,304,234,24,258,562
02/08/2004,FTW,TX,ASW,CE,Towers with Display (VFR),13,7,52,1,73,0,4,101,1,106,13,11,153,2,179,84,0,84,263
02/09/2004,FTW,TX,ASW,CE,Towers with Display (VFR),0,10,80,0,90,0,8,0,0,8,0,18,80,0,98,2,0,2,100
02/10/2004,FTW,TX,ASW,CE,Towers with Display (VFR),2,11,59,0,72,0,10,125,0,135,2,21,184,0,207,140,0,140,347
02/11/2004,FTW,TX,ASW,CE,Towers with Display (VFR),3,15,98,2,118,0,4,2,0,6,3,19,100,2,124,22,0,22,146
02/12/2004,FTW,TX,ASW,CE,Towers with Display (VFR),0,13,81,0,94,0,1,107,0,108,0,14,188,0,202,68,0,68,270
02/13/2004,FTW,TX,ASW,CE,Towers with Display (VFR),0,1,88,0,89,0,0,181,0,181,0,1,269,0,270,176,0,176,446
02/14/2004,FTW,TX,ASW,CE,Towers with Display (VFR),0,4,24,0,28,0,5,9,0,14,0,9,33,0,42,0,0,0,42
02/15/2004,FTW,TX,ASW,CE,Towers with Display (VFR),2,8,54,0,64,0,8,146,0,154,2,16,200,0,218,114,0,114,332
02/16/2004,FTW,TX,ASW,CE,Towers with Display (VFR),0,4,68,0,72,0,25,158,1,184,0,29,226,1,256,84,2,86,342
02/17/2004,FTW,TX,ASW,CE,Towers with Display (VFR),2,8,60,0,70,0,21,252,2,275,2,29,312,2,345,256,4,260,605
02/18/2004,FTW,TX,ASW,CE,Towers with Display (VFR),2,12,73,0,87,1,11,190,0,202,3,23,263,0,289,154,2,156,445
02/19/2004,FTW,TX,ASW,CE,Towers with Display (VFR),0,16,75,0,91,0,0,132,0,132,0,16,207,0,223,38,0,38,261
02/20/2004,FTW,TX,ASW,CE,Towers with Display (VFR),1,11,75,2,89,0,7,213,0,220,1,18,288,2,309,224,8,232,541
02/21/2004,FTW,TX,ASW,CE,Towers with Display (VFR),0,6,49,0,55,0,12,184,0,196,0,18,233,0,251,140,0,140,391
02/22/2004,FTW,TX,ASW,CE,Towers with Display (VFR),1,7,67,3,78,0,4,145,0,149,1,11,212,3,227,222,0,222,449
02/23/2004,FTW,TX,ASW,CE,Towers with Display (VFR),0,10,44,0,54,0,18,44,0,62,0,28,88,0,116,60,0,60,176
02/24/2004,FTW,TX,ASW,CE,Towers with Display (VFR),0,11,47,0,58,0,0,0,0,0,0,11,47,0,58,0,0,0,58
02/25/2004,FTW,TX,ASW,CE,Towers with Display (VFR),0,5,93,0,98,0,1,63,0,64,0,6,156,0,162,56,0,56,218
02/26/2004,FTW,TX,ASW,CE,Towers with Display (VFR),4,5,51,0,60,0,1,155,0,156,4,6,206,0,216,40,0,40,256
02/27/2004,FTW,TX,ASW,CE,Towers with Display (VFR),0,5,76,2,83,0,8,181,0,189,0,13,257,2,272,162,6,168,440
02/28/2004,FTW,TX,ASW,CE,Towers with Display (VFR),0,2,59,0,61,0,15,24,0,39,0,17,83,0,100,92,0,92,192
02/29/2004,FTW,TX,ASW,CE,Towers with Display (VFR),0,8,27,2,37,0,1,75,0,76,0,9,102,2,113,12,16,28,141
03/01/2004,FTW,TX,ASW,CE,Towers with Display (VFR),4,9,90,0,103,0,37,220,1,258,4,46,310,1,361,224,2,226,587
03/02/2004,FTW,TX,ASW,CE,Towers with Display (VFR),2,12,133,2,149,0,14,108,0,122,2,26,241,2,271,760,0,760,1031
03/03/2004,FTW,TX,ASW,CE,Towers with Display (VFR),9,11,77,0,97,0,1,25,0,26,9,12,102,0,123,16,0,16,139
03/04/2004,FTW,TX,ASW,CE,Towers with Display (VFR),0,7,34,2,43,0,0,12,0,12,0,7,46,2,55,2,0,2,57
03/05/2004,FTW,TX,ASW,CE,Towers with Display (VFR),3,10,76,0,89,2,0,162,0,164,5,10,238,0,253,192,0,192,445
03/06/2004,FTW,TX,ASW,CE,Towers with Display (VFR),0,4,85,2,91,0,8,176,0,184,0,12,261,2,275,208,0,208,483
03/07/2004,FTW,TX,ASW,CE,Towers with Display (VFR),8,13,51,0,72,0,6,96,0,102,8,19,147,0,174,156,0,156,330
03/08/2004,FTW,TX,ASW,CE,Towers with Display (VFR),0,15,59,0,74,0,35,182,0,217,0,50,241,0,291,172,0,172,463
03/09/2004,FTW,TX,ASW,CE,Towers with Display (VFR),2,7,80,2,91,0,10,192,0,202,2,17,272,2,293,232,8,240,533
03/10/2004,FTW,TX,ASW,CE,Towers with Display (VFR),0,12,48,0,60,0,2,208,0,210,0,14,256,0,270,122,0,122,392
03/11/2004,FTW,TX,ASW,CE,Towers with Display (VFR),1,11,83,2,97,0,0,135,0,135,1,11,218,2,232,120,2,122,354
03/12/2004,FTW,TX,ASW,CE,Towers with Display (VFR),0,6,101,0,107,0,12,115,0,127,0,18,216,0,234,232,0,232,466
03/13/2004,FTW,TX,ASW,CE,Towers with Display (VFR),2,6,70,0,78,0,17,17,0,34,2,23,87,0,112,30,0,30,142
03/14/2004,FTW,TX,ASW,CE,Towers with Display (VFR),0,7,64,0,71,0,0,46,0,46,0,7,110,0,117,58,0,58,175
03/15/2004,FTW,TX,ASW,CE,Towers with Display (VFR),0,10,66,0,76,0,29,115,0,144,0,39,181,0,220,136,0,136,356
03/16/2004,FTW,TX,ASW,CE,Towers with Display (VFR),0,1,66,1,68,0,0,229,0,229,0,1,295,1,297,110,0,110,407
03/17/2004,FTW,TX,ASW,CE,Towers with Display (VFR),0,6,66,1,73,0,6,188,0,194,0,12,254,1,267,139,0,139,406
03/18/2004,FTW,TX,ASW,CE,Towers with Display (VFR),4,11,100,0,115,0,2,137,0,139,4,13,237,0,254,90,0,90,344
03/19/2004,FTW,TX,ASW,CE,Towers with Display (VFR),0,12,120,0,132,0,12,149,0,161,0,24,269,0,293,174,0,174,467
03/20/2004,FTW,TX,ASW,CE,Towers with Display (VFR),1,14,51,2,68,0,8,115,1,124,1,22,166,3,192,178,0,178,370
03/21/2004,FTW,TX,ASW,CE,Towers with Display (VFR),0,5,59,3,67,0,4,120,0,124,0,9,179,3,191,98,0,98,289
03/22/2004,FTW,TX,ASW,CE,Towers with Display (VFR),3,7,81,0,91,2,36,168,0,206,5,43,249,0,297,140,0,140,437
03/23/2004,FTW,TX,ASW,CE,Towers with Display (VFR),3,12,59,2,76,0,26,152,0,178,3,38,211,2,254,278,8,286,540
03/24/2004,FTW,TX,ASW,CE,Towers with Display (VFR),4,16,84,0,104,0,17,83,0,100,4,33,167,0,204,52,0,52,256
03/25/2004,FTW,TX,ASW,CE,Towers with Display (VFR),0,13,122,0,135,0,1,100,0,101,0,14,222,0,236,164,0,164,400
03/26/2004,FTW,TX,ASW,CE,Towers with Display (VFR),0,9,97,0,106,0,26,96,0,122,0,35,193,0,228,160,0,160,388
03/27/2004,FTW,TX,ASW,CE,Towers with Display (VFR),0,5,63,2,70,0,0,90,0,90,0,5,153,2,160,52,8,60,220
03/28/2004,FTW,TX,ASW,CE,Towers with Display (VFR),0,7,46,0,53,0,2,103,0,105,0,9,149,0,158,102,0,102,260
03/29/2004,FTW,TX,ASW,CE,Towers with Display (VFR),0,6,56,0,62,0,19,193,0,212,0,25,249,0,274,226,0,226,500
03/30/2004,FTW,TX,ASW,CE,Towers with Display (VFR),0,6,58,0,64,0,24,226,0,250,0,30,284,0,314,204,0,204,518
03/31/2004,FTW,TX,ASW,CE,Towers with Display (VFR),8,2,91,0,101,0,5,194,0,199,8,7,285,0,300,182,0,182,482
04/01/2004,FTW,TX,ASW,CE,Towers with Display (VFR),4,8,94,0,106,2,0,239,0,241,6,8,333,0,347,142,0,142,489
04/02/2004,FTW,TX,ASW,CE,Towers with Display (VFR),1,11,105,0,117,0,3,142,0,145,1,14,247,0,262,114,0,114,376
04/03/2004,FTW,TX,ASW,CE,Towers with Display (VFR),0,3,63,0,66,0,15,237,0,252,0,18,300,0,318,138,0,138,456
04/04/2004,FTW,TX,ASW,CE,Towers with Display (VFR),1,11,64,0,76,0,241,141,0,382,1,252,205,0,458,140,0,140,598
04/05/2004,FTW,TX,ASW,CE,Towers with Display (VFR),0,9,71,2,82,0,21,154,0,175,0,30,225,2,257,432,0,432,689
04/06/2004,FTW,TX,ASW,CE,Towers with Display (VFR),3,5,77,0,85,0,41,79,0,120,3,46,156,0,205,190,0,190,395
04/07/2004,FTW,TX,ASW,CE,Towers with Display (VFR),2,7,105,1,115,0,1,93,0,94,2,8,198,1,209,132,0,132,341
04/08/2004,FTW,TX,ASW,CE,Towers with Display (VFR),0,17,79,0,96,0,0,188,0,188,0,17,267,0,284,154,0,154,438
04/09/2004,FTW,TX,ASW,CE,Towers with Display (VFR),0,8,72,0,80,0,2,179,0,181,0,10,251,0,261,168,0,168,429
04/10/2004,FTW,TX,ASW,CE,Towers with Display (VFR),0,3,66,0,69,0,0,6,0,6,0,3,72,0,75,20,0,20,95
04/11/2004,FTW,TX,ASW,CE,Towers with Display (VFR),0,5,56,0,61,0,6,19,0,25,0,11,75,0,86,4,0,4,90
04/12/2004,FTW,TX,ASW,CE,Towers with Display (VFR),0,2,51,3,56,0,15,86,0,101,0,17,137,3,157,122,0,122,279
04/13/2004,FTW,TX,ASW,CE,Towers with Display (VFR),0,4,76,0,80,0,30,197,0,227,0,34,273,0,307,298,0,298,605
04/14/2004,FTW,TX,ASW,CE,Towers with Display (VFR),0,3,78,1,82,0,13,151,0,164,0,16,229,1,246,158,2,160,406
04/15/2004,FTW,TX,ASW,CE,Towers with Display (VFR),0,11,54,0,65,0,1,174,0,175,0,12,228,0,240,276,0,276,516
04/16/2004,FTW,TX,ASW,CE,Towers with Display (VFR),3,13,75,2,93,0,12,126,0,138,3,25,201,2,231,150,4,154,385
04/17/2004,FTW,TX,ASW,CE,Towers with Display (VFR),0,5,58,0,63,0,8,128,8,144,0,13,186,8,207,118,0,118,325
04/18/2004,FTW,TX,ASW,CE,Towers with Display (VFR),0,6,36,0,42,0,4,80,8,92,0,10,116,8,134,22,8,30,164
04/19/2004,FTW,TX,ASW,CE,Towers with Display (VFR),0,3,96,0,99,0,23,68,8,99,0,26,164,8,198,76,12,88,286
04/20/2004,FTW,TX,ASW,CE,Towers with Display (VFR),0,11,87,0,98,0,34,139,0,173,0,45,226,0,271,86,0,86,357
04/21/2004,FTW,TX,ASW,CE,Towers with Display (VFR),0,14,87,20,121,0,8,122,0,130,0,22,209,20,251,186,0,186,437
04/22/2004,FTW,TX,ASW,CE,Towers with Display (VFR),0,10,118,0,128,0,1,141,0,142,0,11,259,0,270,74,0,74,344
04/23/2004,FTW,TX,ASW,CE,Towers with Display (VFR),4,6,90,0,100,0,7,35,0,42,4,13,125,0,142,110,0,110,252
04/24/2004,FTW,TX,ASW,CE,Towers with Display (VFR),0,8,43,0,51,0,0,15,0,15,0,8,58,0,66,0,0,0,66
04/25/2004,FTW,TX,ASW,CE,Towers with Display (VFR),1,5,77,0,83,0,3,122,0,125,1,8,199,0,208,107,0,107,315
04/26/2004,FTW,TX,ASW,CE,Towers with Display (VFR),5,5,53,2,65,0,19,204,4,227,5,24,257,6,292,294,0,294,586
04/27/2004,FTW,TX,ASW,CE,Towers with Display (VFR),0,9,48,0,57,0,25,228,1,254,0,34,276,1,311,256,0,256,567
04/28/2004,FTW,TX,ASW,CE,Towers with Display (VFR),6,6,84,0,96,0,11,139,0,150,6,17,223,0,246,74,0,74,320
04/29/2004,FTW,TX,ASW,CE,Towers with Display (VFR),7,8,78,0,93,0,2,105,0,107,7,10,183,0,200,40,0,40,240
04/30/2004,FTW,TX,ASW,CE,Towers with Display (VFR),0,12,73,6,91,0,4,80,1,85,0,16,153,7,176,60,0,60,236
05/01/2004,FTW,TX,ASW,CE,Towers with Display (VFR),0,7,54,0,61,0,25,56,0,81,0,32,110,0,142,20,0,20,162
05/02/2004,FTW,TX,ASW,CE,Towers with Display (VFR),1,7,50,1,59,0,5,144,0,149,1,12,194,1,208,148,0,148,356
05/03/2004,FTW,TX,ASW,CE,Towers with Display (VFR),0,10,51,2,63,0,23,205,0,228,0,33,256,2,291,172,0,172,463
05/04/2004,FTW,TX,ASW,CE,Towers with Display (VFR),2,14,60,0,76,3,34,235,0,272,5,48,295,0,348,392,0,392,740
05/05/2004,FTW,TX,ASW,CE,Towers with Display (VFR),3,23,81,0,107,0,12,186,0,198,3,35,267,0,305,96,0,96,401
05/06/2004,FTW,TX,ASW,CE,Towers with Display (VFR),1,11,76,0,88,0,3,158,0,161,1,14,234,0,249,226,0,226,475
05/07/2004,FTW,TX,ASW,CE,Towers with Display (VFR),0,9,102,1,112,0,6,126,0,132,0,15,228,1,244,215,0,215,459
05/08/2004,FTW,TX,ASW,CE,Towers with Display (VFR),1,11,57,0,69,0,11,134,0,145,1,22,191,0,214,158,0,158,372
05/09/2004,FTW,TX,ASW,CE,Towers with Display (VFR),0,11,60,3,74,0,5,144,0,149,0,16,204,3,223,104,0,104,327
05/10/2004,FTW,TX,ASW,CE,Towers with Display (VFR),1,9,80,0,90,0,25,140,0,165,1,34,220,0,255,200,0,200,455
05/11/2004,FTW,TX,ASW,CE,Towers with Display (VFR),0,6,65,4,75,0,36,93,0,129,0,42,158,4,204,94,0,94,298
05/12/2004,FTW,TX,ASW,CE,Towers with Display (VFR),0,10,88,0,98,0,12,131,1,144,0,22,219,1,242,274,0,274,516
05/13/2004,FTW,TX,ASW,CE,Towers with Display (VFR),0,12,52,0,64,0,1,46,0,47,0,13,98,0,111,6,0,6,117
05/14/2004,FTW,TX,ASW,CE,Towers with Display (VFR),0,9,106,1,116,0,1,99,0,100,0,10,205,1,216,206,0,206,422
05/15/2004,FTW,TX,ASW,CE,Towers with Display (VFR),0,4,7,2,13,0,12,152,0,164,0,16,159,2,177,118,2,120,297
05/16/2004,FTW,TX,ASW,CE,Towers with Display (VFR),0,12,78,1,91,0,12,135,0,147,0,24,213,1,238,208,0,208,446
05/17/2004,FTW,TX,ASW,CE,Towers with Display (VFR),0,15,73,0,88,0,0,125,0,125,0,15,198,0,213,212,0,212,425
05/18/2004,FTW,TX,ASW,CE,Towers with Display (VFR),0,21,85,0,106,0,24,132,0,156,0,45,217,0,262,158,0,158,420
05/19/2004,FTW,TX,ASW,CE,Towers with Display (VFR),0,10,94,0,104,0,13,199,0,212,0,23,293,0,316,160,0,160,476
05/20/2004,FTW,TX,ASW,CE,Towers with Display (VFR),1,15,93,0,109,0,5,145,0,150,1,20,238,0,259,216,0,216,475
05/21/2004,FTW,TX,ASW,CE,Towers with Display (VFR),0,16,95,0,111,0,3,0,8,11,0,19,95,8,122,164,0,164,286
05/22/2004,FTW,TX,ASW,CE,Towers with Display (VFR),0,3,59,6,68,0,11,127,0,138,0,14,186,6,206,144,6,150,356
05/23/2004,FTW,TX,ASW,CE,Towers with Display (VFR),2,32,64,0,98,0,9,154,0,163,2,41,218,0,261,238,0,238,499
05/24/2004,FTW,TX,ASW,CE,Towers with Display (VFR),0,4,81,0,85,0,18,154,0,172,0,22,235,0,257,394,0,394,651
05/25/2004,FTW,TX,ASW,CE,Towers with Display (VFR),1,17,79,0,97,0,19,124,0,143,1,36,203,0,240,272,0,272,512
05/26/2004,FTW,TX,ASW,CE,Towers with Display (VFR),0,9,71,0,80,0,11,134,0,145,0,20,205,0,225,182,0,182,407
05/27/2004,FTW,TX,ASW,CE,Towers with Display (VFR),1,15,134,1,151,0,6,108,0,114,1,21,242,1,265,244,4,248,513
05/28/2004,FTW,TX,ASW,CE,Towers with Display (VFR),1,8,130,0,139,0,3,186,0,189,1,11,316,0,328,148,0,148,476
05/29/2004,FTW,TX,ASW,CE,Towers with Display (VFR),0,0,53,0,53,0,2,76,0,78,0,2,129,0,131,70,0,70,201
05/30/2004,FTW,TX,ASW,CE,Towers with Display (VFR),0,12,41,0,53,0,6,76,0,82,0,18,117,0,135,144,0,144,279
05/31/2004,FTW,TX,ASW,CE,Towers with Display (VFR),2,10,53,0,65,0,13,117,0,130,2,23,170,0,195,82,0,82,277
06/01/2004,FTW,TX,ASW,CE,Towers with Display (VFR),2,10,71,2,85,3,34,111,0,148,5,44,182,2,233,130,0,130,363
06/02/2004,FTW,TX,ASW,CE,Towers with Display (VFR),1,7,52,1,61,2,4,108,1,115,3,11,160,2,176,146,0,146,322
06/03/2004,FTW,TX,ASW,CE,Towers with Display (VFR),0,8,54,0,62,0,3,143,0,146,0,11,197,0,208,198,0,198,406
06/04/2004,FTW,TX,ASW,CE,Towers with Display (VFR),0,8,56,0,64,0,9,153,0,162,0,17,209,0,226,80,0,80,306
06/05/2004,FTW,TX,ASW,CE,Towers with Display (VFR),0,5,38,0,43,0,5,104,2,111,0,10,142,2,154,102,0,102,256
06/06/2004,FTW,TX,ASW,CE,Towers with Display (VFR),0,6,45,0,51,0,2,123,2,127,0,8,168,2,178,112,0,112,290
06/07/2004,FTW,TX,ASW,CE,Towers with Display (VFR),0,6,47,0,53,0,17,107,2,126,0,23,154,2,179,150,0,150,329
06/08/2004,FTW,TX,ASW,CE,Towers with Display (VFR),1,21,140,0,162,0,16,23,0,39,1,37,163,0,201,101,0,101,302
06/09/2004,FTW,TX,ASW,CE,Towers with Display (VFR),0,8,55,0,63,0,3,29,1,33,0,11,84,1,96,104,0,104,200
06/10/2004,FTW,TX,ASW,CE,Towers with Display (VFR),0,14,97,2,113,0,0,138,0,138,0,14,235,2,251,1535,0,1535,1786
06/11/2004,FTW,TX,ASW,CE,Towers with Display (VFR),2,12,88,1,103,2,0,136,0,138,4,12,224,1,241,820,0,820,1061
06/12/2004,FTW,TX,ASW,CE,Towers with Display (VFR),1,7,41,0,49,1,18,173,2,194,2,25,214,2,243,66,0,66,309
06/13/2004,FTW,TX,ASW,CE,Towers with Display (VFR),2,12,74,1,89,2,4,118,3,127,4,16,192,4,216,106,0,106,322
06/14/2004,FTW,TX,ASW,CE,Towers with Display (VFR),2,13,81,0,96,2,30,154,0,186,4,43,235,0,282,122,0,122,404
06/15/2004,FTW,TX,ASW,CE,Towers with Display (VFR),1,13,85,1,100,0,30,156,1,187,1,43,241,2,287,150,0,150,437
06/16/2004,FTW,TX,ASW,CE,Towers with Display (VFR),2,16,101,2,121,0,13,153,0,166,2,29,254,2,287,128,2,130,417
06/17/2004,FTW,TX,ASW,CE,Towers with Display (VFR),2,16,104,0,122,7,4,139,0,150,9,20,243,0,272,132,0,132,404
06/18/2004,FTW,TX,ASW,CE,Towers with Display (VFR),0,11,74,0,85,0,0,162,0,162,0,11,236,0,247,328,0,328,575
06/19/2004,FTW,TX,ASW,CE,Towers with Display (VFR),0,7,46,1,54,0,10,116,1,127,0,17,162,2,181,96,0,96,277
06/20/2004,FTW,TX,ASW,CE,Towers with Display (VFR),0,8,51,1,60,1,2,147,3,153,1,10,198,4,213,214,0,214,427
06/21/2004,FTW,TX,ASW,CE,Towers with Display (VFR),0,9,63,0,72,0,16,128,0,144,0,25,191,0,216,396,0,396,612
06/22/2004,FTW,TX,ASW,CE,Towers with Display (VFR),0,10,66,2,78,0,29,97,0,126,0,39,163,2,204,250,2,252,456
06/23/2004,FTW,TX,ASW,CE,Towers with Display (VFR),0,13,81,2,96,0,13,180,2,195,0,26,261,4,291,116,0,116,407
06/24/2004,FTW,TX,ASW,CE,Towers with Display (VFR),0,9,80,0,89,0,0,168,0,168,0,9,248,0,257,322,0,322,579
06/25/2004,FTW,TX,ASW,CE,Towers with Display (VFR),0,8,53,1,62,0,3,120,1,124,0,11,173,2,186,258,0,258,444
06/26/2004,FTW,TX,ASW,CE,Towers with Display (VFR),0,7,43,1,51,0,9,39,1,49,0,16,82,2,100,157,0,157,257
06/27/2004,FTW,TX,ASW,CE,Towers with Display (VFR),1,9,59,0,69,0,8,62,0,70,1,17,121,0,139,28,0,28,167
06/28/2004,FTW,TX,ASW,CE,Towers with Display (VFR),0,11,73,0,84,0,20,74,0,94,0,31,147,0,178,126,0,126,304
06/29/2004,FTW,TX,ASW,CE,Towers with Display (VFR),0,7,41,0,48,1,6,39,0,46,1,13,80,0,94,64,0,64,158
06/30/2004,FTW,TX,ASW,CE,Towers with Display (VFR),0,6,57,0,63,0,0,78,0,78,0,6,135,0,141,24,0,24,165
07/01/2004,FTW,TX,ASW,CE,Towers with Display (VFR),1,8,87,0,96,0,9,101,0,110,1,17,188,0,206,106,0,106,312
07/02/2004,FTW,TX,ASW,CE,Towers with Display (VFR),1,5,64,0,70,0,6,173,0,179,1,11,237,0,249,80,0,80,329
07/03/2004,FTW,TX,ASW,CE,Towers with Display (VFR),0,2,40,0,42,0,14,134,0,148,0,16,174,0,190,166,0,166,356
07/04/2004,FTW,TX,ASW,CE,Towers with Display (VFR),0,0,24,0,24,0,9,101,0,110,0,9,125,0,134,36,0,36,170
07/05/2004,FTW,TX,ASW,CE,Towers with Display (VFR),0,6,63,0,69,0,20,173,0,193,0,26,236,0,262,388,0,388,650
07/06/2004,FTW,TX,ASW,CE,Towers with Display (VFR),1,7,79,0,87,1,13,136,0,150,2,20,215,0,237,274,0,274,511
07/07/2004,FTW,TX,ASW,CE,Towers with Display (VFR),1,7,72,0,80,1,14,153,0,168,2,21,225,0,248,270,0,270,518
07/08/2004,FTW,TX,ASW,CE,Towers with Display (VFR),1,6,89,1,97,0,0,222,1,223,1,6,311,2,320,284,2,286,606
07/09/2004,FTW,TX,ASW,CE,Towers with Display (VFR),0,7,76,2,85,0,0,191,0,191,0,7,267,2,276,539,0,539,815
07/10/2004,FTW,TX,ASW,CE,Towers with Display (VFR),1,5,42,0,48,3,10,137,0,150,4,15,179,0,198,276,0,276,474
07/11/2004,FTW,TX,ASW,CE,Towers with Display (VFR),1,4,39,0,44,0,5,161,0,166,1,9,200,0,210,216,0,216,426
07/12/2004,FTW,TX,ASW,CE,Towers with Display (VFR),0,7,63,0,70,0,4,203,0,207,0,11,266,0,277,412,0,412,689
07/13/2004,FTW,TX,ASW,CE,Towers with Display (VFR),0,7,65,1,73,0,19,242,3,264,0,26,307,4,337,270,42,312,649
07/14/2004,FTW,TX,ASW,CE,Towers with Display (VFR),1,8,71,0,80,0,17,202,0,219,1,25,273,0,299,188,0,188,487
07/15/2004,FTW,TX,ASW,CE,Towers with Display (VFR),0,4,73,0,77,0,0,172,0,172,0,4,245,0,249,364,0,364,613
07/16/2004,FTW,TX,ASW,CE,Towers with Display (VFR),0,8,79,1,88,0,0,133,1,134,0,8,212,2,222,312,6,318,540
07/17/2004,FTW,TX,ASW,CE,Towers with Display (VFR),0,4,34,0,38,0,3,190,0,193,0,7,224,0,231,214,0,214,445
07/18/2004,FTW,TX,ASW,CE,Towers with Display (VFR),0,4,48,0,52,0,0,128,0,128,0,4,176,0,180,106,0,106,286
07/19/2004,FTW,TX,ASW,CE,Towers with Display (VFR),0,4,38,0,42,0,1,115,1,117,0,5,153,1,159,102,0,102,261
07/20/2004,FTW,TX,ASW,CE,Towers with Display (VFR),1,7,59,1,68,0,3,252,1,256,1,10,311,2,324,135,0,135,459
07/21/2004,FTW,TX,ASW,CE,Towers with Display (VFR),0,6,58,1,65,0,8,200,0,208,0,14,258,1,273,140,0,140,413
07/22/2004,FTW,TX,ASW,CE,Towers with Display (VFR),0,8,71,2,81,0,1,121,0,122,0,9,192,2,203,160,2,162,365
07/23/2004,FTW,TX,ASW,CE,Towers with Display (VFR),0,7,62,2,71,0,2,150,1,153,0,9,212,3,224,162,0,162,386
07/24/2004,FTW,TX,ASW,CE,Towers with Display (VFR),0,5,46,0,51,1,31,157,0,189,1,36,203,0,240,220,0,220,460
07/25/2004,FTW,TX,ASW,CE,Towers with Display (VFR),0,8,72,2,82,2,7,123,0,132,2,15,195,2,214,86,0,86,300
07/26/2004,FTW,TX,ASW,CE,Towers with Display (VFR),0,8,76,0,84,0,6,195,0,201,0,14,271,0,285,258,0,258,543
07/27/2004,FTW,TX,ASW,CE,Towers with Display (VFR),1,10,101,0,112,0,31,180,0,211,1,41,281,0,323,218,0,218,541
07/28/2004,FTW,TX,ASW,CE,Towers with Display (VFR),0,9,81,2,92,3,10,76,0,89,3,19,157,2,181,108,120,228,409
07/29/2004,FTW,TX,ASW,CE,Towers with Display (VFR),0,9,82,2,93,2,1,96,0,99,2,10,178,2,192,136,20,156,348
07/30/2004,FTW,TX,ASW,CE,Towers with Display (VFR),0,6,90,2,98,0,0,144,5,149,0,6,234,7,247,226,0,226,473
07/31/2004,FTW,TX,ASW,CE,Towers with Display (VFR),0,5,49,1,55,1,10,151,0,162,1,15,200,1,217,180,0,180,397
08/01/2004,FTW,TX,ASW,CE,Towers with Display (VFR),1,7,57,1,66,0,5,179,2,186,1,12,236,3,252,192,6,198,450
08/02/2004,FTW,TX,ASW,CE,Towers with Display (VFR),1,9,77,1,88,0,43,173,1,217,1,52,250,2,305,320,2,322,627
08/03/2004,FTW,TX,ASW,CE,Towers with Display (VFR),1,6,52,0,59,0,22,168,9,199,1,28,220,9,258,90,0,90,348
08/04/2004,FTW,TX,ASW,CE,Towers with Display (VFR),1,11,92,1,105,0,13,175,1,189,1,24,267,2,294,170,0,170,464
08/05/2004,FTW,TX,ASW,CE,Towers with Display (VFR),0,12,88,1,101,0,6,159,2,167,0,18,247,3,268,96,0,96,364
08/06/2004,FTW,TX,ASW,CE,Towers with Display (VFR),0,8,62,1,71,0,2,138,0,140,0,10,200,1,211,52,0,52,263
08/07/2004,FTW,TX,ASW,CE,Towers with Display (VFR),1,10,79,1,91,1,23,199,3,226,2,33,278,4,317,292,8,300,617
08/08/2004,FTW,TX,ASW,CE,Towers with Display (VFR),0,7,59,1,67,0,5,114,1,120,0,12,173,2,187,78,6,84,271
08/09/2004,FTW,TX,ASW,CE,Towers with Display (VFR),0,9,65,1,75,0,31,183,3,217,0,40,248,4,292,144,0,144,436
08/10/2004,FTW,TX,ASW,CE,Towers with Display (VFR),1,10,67,0,78,2,27,188,0,217,3,37,255,0,295,152,0,152,447
08/11/2004,FTW,TX,ASW,CE,Towers with Display (VFR),0,10,70,0,80,0,5,178,0,183,0,15,248,0,263,204,0,204,467
08/12/2004,FTW,TX,ASW,CE,Towers with Display (VFR),0,10,68,1,79,0,6,168,2,176,0,16,236,3,255,72,0,72,327
08/13/2004,FTW,TX,ASW,CE,Towers with Display (VFR),0,7,48,0,55,0,6,160,0,166,0,13,208,0,221,156,0,156,377
08/14/2004,FTW,TX,ASW,CE,Towers with Display (VFR),1,6,41,0,48,0,29,121,2,152,1,35,162,2,200,126,0,126,326
08/15/2004,FTW,TX,ASW,CE,Towers with Display (VFR),0,8,60,1,69,0,13,127,1,141,0,21,187,2,210,182,0,182,392
08/16/2004,FTW,TX,ASW,CE,Towers with Display (VFR),0,9,60,0,69,0,24,136,0,160,0,33,196,0,229,198,0,198,427
08/17/2004,FTW,TX,ASW,CE,Towers with Display (VFR),0,13,92,0,105,0,22,219,0,241,0,35,311,0,346,270,0,270,616
08/18/2004,FTW,TX,ASW,CE,Towers with Display (VFR),0,11,74,1,86,1,15,153,0,169,1,26,227,1,255,184,0,184,439
08/19/2004,FTW,TX,ASW,CE,Towers with Display (VFR),0,10,66,0,76,0,2,26,0,28,0,12,92,0,104,24,0,24,128
08/20/2004,FTW,TX,ASW,CE,Towers with Display (VFR),0,8,50,1,59,0,3,90,4,97,0,11,140,5,156,2,0,2,158
08/21/2004,FTW,TX,ASW,CE,Towers with Display (VFR),0,6,40,1,47,0,2,282,6,290,0,8,322,7,337,244,12,256,593
08/22/2004,FTW,TX,ASW,CE,Towers with Display (VFR),0,8,55,0,63,2,12,87,0,101,2,20,142,0,164,254,0,254,418
08/23/2004,FTW,TX,ASW,CE,Towers with Display (VFR),0,8,58,2,68,0,12,145,2,159,0,20,203,4,227,196,0,196,423
08/24/2004,FTW,TX,ASW,CE,Towers with Display (VFR),0,13,90,2,105,1,17,180,0,198,1,30,270,2,303,172,0,172,475
08/25/2004,FTW,TX,ASW,CE,Towers with Display (VFR),0,12,83,1,96,0,18,170,0,188,0,30,253,1,284,256,2,258,542
08/26/2004,FTW,TX,ASW,CE,Towers with Display (VFR),0,9,66,0,75,2,7,131,0,140,2,16,197,0,215,214,0,214,429
08/27/2004,FTW,TX,ASW,CE,Towers with Display (VFR),0,8,57,0,65,0,2,128,0,130,0,10,185,0,195,148,0,148,343
08/28/2004,FTW,TX,ASW,CE,Towers with Display (VFR),0,4,27,0,31,0,7,45,0,52,0,11,72,0,83,134,0,134,217
08/29/2004,FTW,TX,ASW,CE,Towers with Display (VFR),0,7,46,0,53,0,1,166,20,187,0,8,212,20,240,260,0,260,500
08/30/2004,FTW,TX,ASW,CE,Towers with Display (VFR),0,7,44,0,51,0,24,194,0,218,0,31,238,0,269,246,0,246,515
08/31/2004,FTW,TX,ASW,CE,Towers with Display (VFR),0,13,93,0,106,0,31,223,0,254,0,44,316,0,360,282,0,282,642
09/01/2004,FTW,TX,ASW,CE,Towers with Display (VFR),0,7,68,0,75,0,15,235,0,250,0,22,303,0,325,204,0,204,529
09/02/2004,FTW,TX,ASW,CE,Towers with Display (VFR),0,8,86,1,95,0,17,230,3,250,0,25,316,4,345,192,0,192,537
09/03/2004,FTW,TX,ASW,CE,Towers with Display (VFR),0,6,75,2,83,0,5,171,0,176,0,11,246,2,259,170,0,170,429
09/04/2004,FTW,TX,ASW,CE,Towers with Display (VFR),1,5,60,1,67,1,10,95,0,106,2,15,155,1,173,132,0,132,305
09/05/2004,FTW,TX,ASW,CE,Towers with Display (VFR),0,4,47,1,52,0,16,128,0,144,0,20,175,1,196,94,0,94,290
09/06/2004,FTW,TX,ASW,CE,Towers with Display (VFR),0,4,46,1,51,0,14,80,1,95,0,18,126,2,146,2,16,18,164
09/07/2004,FTW,TX,ASW,CE,Towers with Display (VFR),0,9,85,1,95,0,23,233,0,256,0,32,318,1,351,208,0,208,559
09/08/2004,FTW,TX,ASW,CE,Towers with Display (VFR),1,5,55,0,61,0,23,146,0,169,1,28,201,0,230,114,0,114,344
09/09/2004,FTW,TX,ASW,CE,Towers with Display (VFR),0,8,73,0,81,0,13,215,0,228,0,21,288,0,309,190,0,190,499
09/10/2004,FTW,TX,ASW,CE,Towers with Display (VFR),0,6,55,0,61,0,4,156,0,160,0,10,211,0,221,236,0,236,457
09/11/2004,FTW,TX,ASW,CE,Towers with Display (VFR),0,15,133,3,151,0,41,96,3,140,0,56,229,6,291,314,12,326,617
09/12/2004,FTW,TX,ASW,CE,Towers with Display (VFR),0,9,75,1,85,0,24,63,16,103,0,33,138,17,188,88,0,88,276
09/13/2004,FTW,TX,ASW,CE,Towers with Display (VFR),1,8,67,1,77,0,0,121,1,122,1,8,188,2,199,158,0,158,357
09/14/2004,FTW,TX,ASW,CE,Towers with Display (VFR),0,15,133,3,151,0,41,96,3,140,0,56,229,6,291,214,12,226,517
09/15/2004,FTW,TX,ASW,CE,Towers with Display (VFR),0,9,75,1,85,0,24,63,16,103,0,33,138,17,188,88,0,88,276
09/16/2004,FTW,TX,ASW,CE,Towers with Display (VFR),1,8,67,1,77,0,0,121,1,122,1,8,188,2,199,158,0,158,357
09/17/2004,FTW,TX,ASW,CE,Towers with Display (VFR),1,7,78,2,88,1,0,192,2,195,2,7,270,4,283,92,0,92,375
09/18/2004,FTW,TX,ASW,CE,Towers with Display (VFR),1,9,74,1,85,1,13,131,10,155,2,22,205,11,240,82,0,82,322
09/19/2004,FTW,TX,ASW,CE,Towers with Display (VFR),0,8,70,1,79,0,25,143,3,171,0,33,213,4,250,112,0,112,362
09/20/2004,FTW,TX,ASW,CE,Towers with Display (VFR),0,8,68,0,76,2,19,171,0,192,2,27,239,0,268,196,0,196,464
09/21/2004,FTW,TX,ASW,CE,Towers with Display (VFR),1,10,91,0,102,0,26,231,0,257,1,36,322,0,359,264,0,264,623
09/22/2004,FTW,TX,ASW,CE,Towers with Display (VFR),1,10,95,0,106,0,11,189,0,200,1,21,284,0,306,104,0,104,410
09/23/2004,FTW,TX,ASW,CE,Towers with Display (VFR),0,8,68,2,78,0,7,128,0,135,0,15,196,2,213,80,0,80,293
09/24/2004,FTW,TX,ASW,CE,Towers with Display (VFR),1,9,90,0,100,10,7,129,0,146,11,16,219,0,246,144,0,144,390
09/25/2004,FTW,TX,ASW,CE,Towers with Display (VFR),0,6,55,0,61,1,14,113,0,128,1,20,168,0,189,102,0,102,291
09/26/2004,FTW,TX,ASW,CE,Towers with Display (VFR),0,11,98,0,109,0,6,162,0,168,0,17,260,0,277,182,0,182,459
09/27/2004,FTW,TX,ASW,CE,Towers with Display (VFR),0,8,71,0,79,2,18,141,0,161,2,26,212,0,240,172,0,172,412
09/28/2004,FTW,TX,ASW,CE,Towers with Display (VFR),0,9,79,0,88,0,32,234,0,266,0,41,313,0,354,250,0,250,604
09/29/2004,FTW,TX,ASW,CE,Towers with Display (VFR),0,10,99,2,111,0,25,184,0,209,0,35,283,2,320,172,0,172,492
09/30/2004,FTW,TX,ASW,CE,Towers with Display (VFR),1,9,88,0,98,1,7,168,0,176,2,16,256,0,274,152,0,152,426
10/01/2004,FTW,TX,ASW,CE,Towers with Radar,5,9,70,3,87,0,1,91,0,92,5,10,161,3,179,88,0,88,267
10/02/2004,FTW,TX,ASW,CE,Towers with Radar,2,2,45,2,51,0,2,96,0,98,2,4,141,2,149,104,0,104,253
10/03/2004,FTW,TX,ASW,CE,Towers with Radar,0,3,78,2,83,0,13,91,0,104,0,16,169,2,187,14,0,14,201
10/04/2004,FTW,TX,ASW,CE,Towers with Radar,0,12,30,6,48,0,16,10,0,26,0,28,40,6,74,0,0,0,74
10/05/2004,FTW,TX,ASW,CE,Towers with Radar,0,4,70,0,74,0,10,43,0,53,0,14,113,0,127,97,0,97,224
10/06/2004,FTW,TX,ASW,CE,Towers with Radar,1,6,83,0,90,0,19,123,1,143,1,25,206,1,233,252,0,252,485
10/07/2004,FTW,TX,ASW,CE,Towers with Radar,0,11,88,0,99,0,9,50,0,59,0,20,138,0,158,106,0,106,264
10/08/2004,FTW,TX,ASW,CE,Towers with Radar,0,4,92,0,96,0,0,61,0,61,0,4,153,0,157,38,0,38,195
10/09/2004,FTW,TX,ASW,CE,Towers with Radar,0,9,68,0,77,0,2,36,0,38,0,11,104,0,115,41,0,41,156
10/10/2004,FTW,TX,ASW,CE,Towers with Radar,0,14,59,2,75,0,4,28,0,32,0,18,87,2,107,81,0,81,188
10/11/2004,FTW,TX,ASW,CE,Towers with Radar,0,4,88,0,92,0,0,44,0,44,0,4,132,0,136,64,0,64,200
10/12/2004,FTW,TX,ASW,CE,Towers with Radar,1,10,71,0,82,0,6,125,0,131,1,16,196,0,213,182,0,182,395
10/13/2004,FTW,TX,ASW,CE,Towers with Radar,0,6,64,0,70,0,3,150,0,153,0,9,214,0,223,170,0,170,393
10/14/2004,FTW,TX,ASW,CE,Towers with Radar,2,9,82,0,93,0,2,121,0,123,2,11,203,0,216,196,0,196,412
10/15/2004,FTW,TX,ASW,CE,Towers with Radar,0,14,53,2,69,0,1,163,0,164,0,15,216,2,233,250,0,250,483
10/16/2004,FTW,TX,ASW,CE,Towers with Radar,2,7,73,0,82,0,25,198,0,223,2,32,271,0,305,214,0,214,519
10/17/2004,FTW,TX,ASW,CE,Towers with Radar,0,12,85,0,97,0,16,98,0,114,0,28,183,0,211,176,0,176,387
10/18/2004,FTW,TX,ASW,CE,Towers with Radar,0,10,69,0,79,0,11,122,0,133,0,21,191,0,212,286,0,286,498
10/19/2004,FTW,TX,ASW,CE,Towers with Radar,0,9,91,0,100,0,37,204,0,241,0,46,295,0,341,294,0,294,635
10/20/2004,FTW,TX,ASW,CE,Towers with Radar,1,9,68,2,80,0,11,139,2,152,1,20,207,4,232,114,4,118,350
10/21/2004,FTW,TX,ASW,CE,Towers with Radar,2,9,80,0,91,0,2,92,0,94,2,11,172,0,185,98,0,98,283
10/22/2004,FTW,TX,ASW,CE,Towers with Radar,1,5,73,2,81,0,2,63,0,65,1,7,136,2,146,124,0,124,270
10/23/2004,FTW,TX,ASW,CE,Towers with Radar,0,8,55,3,66,0,7,99,0,106,0,15,154,3,172,100,2,102,274
10/24/2004,FTW,TX,ASW,CE,Towers with Radar,0,6,58,2,66,0,5,51,1,57,0,11,109,3,123,30,0,30,153
10/25/2004,FTW,TX,ASW,CE,Towers with Radar,0,3,72,0,75,0,9,64,2,75,0,12,136,2,150,62,0,62,212
10/26/2004,FTW,TX,ASW,CE,Towers with Radar,0,13,56,3,72,0,8,53,1,62,0,21,109,4,134,22,0,22,156
10/27/2004,FTW,TX,ASW,CE,Towers with Radar,0,4,82,0,86,0,13,83,3,99,0,17,165,3,185,46,12,58,243
10/28/2004,FTW,TX,ASW,CE,Towers with Radar,0,11,79,0,90,0,2,77,0,79,0,13,156,0,169,48,0,48,217
10/29/2004,FTW,TX,ASW,CE,Towers with Radar,2,4,72,0,78,0,5,62,1,68,2,9,134,1,146,31,0,31,177
10/30/2004,FTW,TX,ASW,CE,Towers with Radar,2,10,49,0,61,0,6,96,0,102,2,16,145,0,163,90,0,90,253
10/31/2004,FTW,TX,ASW,CE,Towers with Radar,0,13,53,2,68,0,0,31,0,31,0,13,84,2,99,40,0,40,139
11/01/2004,FTW,TX,ASW,CE,Towers with Radar,1,9,71,0,81,0,0,17,0,17,1,9,88,0,98,74,0,74,172
11/02/2004,FTW,TX,ASW,CE,Towers with Radar,0,6,72,0,78,0,0,4,0,4,0,6,76,0,82,2,0,2,84
11/03/2004,FTW,TX,ASW,CE,Towers with Radar,0,9,88,0,97,0,2,15,0,17,0,11,103,0,114,6,0,6,120
11/04/2004,FTW,TX,ASW,CE,Towers with Radar,0,11,72,2,85,0,4,122,2,128,0,15,194,4,213,79,0,79,292
11/05/2004,FTW,TX,ASW,CE,Towers with Radar,0,4,82,3,89,0,1,106,2,109,0,5,188,5,198,67,0,67,265
11/06/2004,FTW,TX,ASW,CE,Towers with Radar,0,3,56,2,61,0,0,115,0,115,0,3,171,2,176,110,0,110,286
11/07/2004,FTW,TX,ASW,CE,Towers with Radar,1,12,71,0,84,0,1,107,6,114,1,13,178,6,198,54,0,54,252
11/08/2004,FTW,TX,ASW,CE,Towers with Radar,0,7,57,3,67,0,2,97,4,103,0,9,154,7,170,262,6,268,438
11/09/2004,FTW,TX,ASW,CE,Towers with Radar,2,13,81,1,97,0,0,132,4,136,2,13,213,5,233,190,0,190,423
11/10/2004,FTW,TX,ASW,CE,Towers with Radar,0,15,85,1,101,0,0,37,0,37,0,15,122,1,138,40,0,40,178
11/11/2004,FTW,TX,ASW,CE,Towers with Radar,2,7,81,0,90,0,0,31,0,31,2,7,112,0,121,20,0,20,141
11/12/2004,FTW,TX,ASW,CE,Towers with Radar,0,9,92,0,101,0,0,65,0,65,0,9,157,0,166,38,0,38,204
11/13/2004,FTW,TX,ASW,CE,Towers with Radar,0,3,55,2,60,0,0,13,0,13,0,3,68,2,73,23,0,23,96
11/14/2004,FTW,TX,ASW,CE,Towers with Radar,0,6,70,0,76,0,0,0,0,0,0,6,70,0,76,0,0,0,76
11/15/2004,FTW,TX,ASW,CE,Towers with Radar,0,11,88,0,99,0,0,0,0,0,0,11,88,0,99,0,0,0,99
11/16/2004,FTW,TX,ASW,CE,Towers with Radar,0,14,75,0,89,0,0,10,0,10,0,14,85,0,99,28,0,28,127
11/17/2004,FTW,TX,ASW,CE,Towers with Radar,0,4,55,0,59,0,0,0,0,0,0,4,55,0,59,0,0,0,59
11/18/2004,FTW,TX,ASW,CE,Towers with Radar,0,11,104,0,115,0,0,33,0,33,0,11,137,0,148,38,0,38,186
11/19/2004,FTW,TX,ASW,CE,Towers with Radar,2,14,93,5,114,0,2,112,5,119,2,16,205,10,233,78,0,78,311
11/20/2004,FTW,TX,ASW,CE,Towers with Radar,3,3,59,4,69,0,0,20,0,20,3,3,79,4,89,24,0,24,113
11/21/2004,FTW,TX,ASW,CE,Towers with Radar,0,8,49,0,57,0,0,0,0,0,0,8,49,0,57,0,0,0,57
11/22/2004,FTW,TX,ASW,CE,Towers with Radar,0,12,35,0,47,0,0,0,0,0,0,12,35,0,47,0,0,0,47
11/23/2004,FTW,TX,ASW,CE,Towers with Radar,0,15,50,0,65,0,2,29,0,31,0,17,79,0,96,1,0,1,97
11/24/2004,FTW,TX,ASW,CE,Towers with Radar,0,10,103,2,115,0,0,39,0,39,0,10,142,2,154,22,0,22,176
11/25/2004,FTW,TX,ASW,CE,Towers with Radar,0,3,22,0,25,0,0,41,0,41,0,3,63,0,66,14,0,14,80
11/26/2004,FTW,TX,ASW,CE,Towers with Radar,2,11,51,0,64,0,0,61,2,63,2,11,112,2,127,6,0,6,133
11/27/2004,FTW,TX,ASW,CE,Towers with Radar,2,14,58,0,74,0,0,65,0,65,2,14,123,0,139,19,0,19,158
11/28/2004,FTW,TX,ASW,CE,Towers with Radar,0,11,84,2,97,0,1,44,0,45,0,12,128,2,142,24,0,24,166
11/29/2004,FTW,TX,ASW,CE,Towers with Radar,0,4,57,0,61,0,0,9,0,9,0,4,66,0,70,18,0,18,88
11/30/2004,FTW,TX,ASW,CE,Towers with Radar,1,12,60,0,73,0,0,35,0,35,1,12,95,0,108,16,0,16,124
12/01/2004,FTW,TX,ASW,CE,Towers with Radar,0,7,67,0,74,0,0,78,0,78,0,7,145,0,152,64,0,64,216
12/02/2004,FTW,TX,ASW,CE,Towers with Radar,0,17,97,0,114,0,0,79,0,79,0,17,176,0,193,56,0,56,249
12/03/2004,FTW,TX,ASW,CE,Towers with Radar,0,9,91,5,105,0,1,103,2,106,0,10,194,7,211,82,0,82,293
12/04/2004,FTW,TX,ASW,CE,Towers with Radar,0,3,39,2,44,0,0,75,0,75,0,3,114,2,119,42,0,42,161
12/05/2004,FTW,TX,ASW,CE,Towers with Radar,0,11,59,0,70,0,2,8,0,10,0,13,67,0,80,18,0,18,98
12/06/2004,FTW,TX,ASW,CE,Towers with Radar,0,7,49,0,56,0,0,27,0,27,0,7,76,0,83,54,0,54,137
12/07/2004,FTW,TX,ASW,CE,Towers with Radar,0,18,104,0,122,0,6,134,0,140,0,24,238,0,262,192,0,192,454
12/08/2004,FTW,TX,ASW,CE,Towers with Radar,0,10,104,0,114,0,3,121,0,124,0,13,225,0,238,99,0,99,337
12/09/2004,FTW,TX,ASW,CE,Towers with Radar,0,9,109,7,125,0,8,85,3,96,0,17,194,10,221,62,0,62,283
12/10/2004,FTW,TX,ASW,CE,Towers with Radar,0,10,73,3,86,0,8,84,1,93,0,18,157,4,179,79,0,79,258
12/11/2004,FTW,TX,ASW,CE,Towers with Radar,0,5,54,2,61,0,18,115,2,135,0,23,169,4,196,106,0,106,302
12/12/2004,FTW,TX,ASW,CE,Towers with Radar,1,13,53,0,67,0,0,111,2,113,1,13,164,2,180,84,16,100,280
12/13/2004,FTW,TX,ASW,CE,Towers with Radar,0,11,68,0,79,0,10,63,0,73,0,21,131,0,152,118,0,118,270
12/14/2004,FTW,TX,ASW,CE,Towers with Radar,1,11,77,0,89,0,11,92,0,103,1,22,169,0,192,92,0,92,284
12/15/2004,FTW,TX,ASW,CE,Towers with Radar,0,8,61,4,73,0,15,92,0,107,0,23,153,4,180,65,0,65,245
12/16/2004,FTW,TX,ASW,CE,Towers with Radar,0,7,93,0,100,0,12,92,0,104,0,19,185,0,204,107,0,107,311
12/17/2004,FTW,TX,ASW,CE,Towers with Radar,0,6,70,0,76,0,14,89,0,103,0,20,159,0,179,22,0,22,201
12/18/2004,FTW,TX,ASW,CE,Towers with Radar,0,3,60,0,63,0,2,92,0,94,0,5,152,0,157,60,0,60,217
12/19/2004,FTW,TX,ASW,CE,Towers with Radar,0,8,54,0,62,0,2,92,0,94,0,10,146,0,156,72,0,72,228
12/20/2004,FTW,TX,ASW,CE,Towers with Radar,4,8,50,5,67,0,1,51,4,56,4,9,101,9,123,6,0,6,129
12/21/2004,FTW,TX,ASW,CE,Towers with Radar,2,5,73,0,80,0,3,123,0,126,2,8,196,0,206,60,0,60,266
12/22/2004,FTW,TX,ASW,CE,Towers with Radar,0,7,33,0,40,0,1,2,0,3,0,8,35,0,43,0,0,0,43
12/23/2004,FTW,TX,ASW,CE,Towers with Radar,2,7,47,0,56,0,4,39,0,43,2,11,86,0,99,32,0,32,131
12/24/2004,FTW,TX,ASW,CE,Towers with Radar,4,4,18,0,26,0,3,36,0,39,4,7,54,0,65,2,0,2,67
12/25/2004,FTW,TX,ASW,CE,Towers with Radar,0,5,3,0,8,0,3,24,0,27,0,8,27,0,35,0,0,0,35
12/26/2004,FTW,TX,ASW,CE,Towers with Radar,0,1,52,0,53,0,3,69,0,72,0,4,121,0,125,31,0,31,156
12/27/2004,FTW,TX,ASW,CE,Towers with Radar,0,5,66,0,71,0,1,79,0,80,0,6,145,0,151,44,0,44,195
12/28/2004,FTW,TX,ASW,CE,Towers with Radar,0,9,68,0,77,0,0,18,1,19,0,9,86,1,96,16,0,16,112
12/29/2004,FTW,TX,ASW,CE,Towers with Radar,0,9,60,1,70,0,0,31,1,32,0,9,91,2,102,56,10,66,168
12/30/2004,FTW,TX,ASW,CE,Towers with Radar,0,12,41,0,53,0,1,39,0,40,0,13,80,0,93,0,0,0,93
12/31/2004,FTW,TX,ASW,CE,Towers with Radar,0,7,67,0,74,0,0,51,0,51,0,7,118,0,125,68,0,68,193
01/01/2005,FTW,TX,ASW,CE,Towers with Radar,0,2,19,0,21,0,0,21,0,21,0,2,40,0,42,22,0,22,64
01/02/2005,FTW,TX,ASW,CE,Towers with Radar,0,7,76,0,83,0,0,0,0,0,0,7,76,0,83,0,0,0,83
01/03/2005,FTW,TX,ASW,CE,Towers with Radar,0,8,62,0,70,0,0,1,0,1,0,8,63,0,71,0,0,0,71
01/04/2005,FTW,TX,ASW,CE,Towers with Radar,0,1,58,0,59,0,0,0,0,0,0,1,58,0,59,8,0,8,67
01/05/2005,FTW,TX,ASW,CE,Towers with Radar,0,8,32,0,40,0,0,0,0,0,0,8,32,0,40,0,0,0,40
01/06/2005,FTW,TX,ASW,CE,Towers with Radar,0,13,60,0,73,0,0,40,0,40,0,13,100,0,113,40,0,40,153
01/07/2005,FTW,TX,ASW,CE,Towers with Radar,0,10,55,3,68,0,0,35,3,38,0,10,90,6,106,50,0,50,156
01/08/2005,FTW,TX,ASW,CE,Towers with Radar,2,3,48,3,56,0,0,73,2,75,2,3,121,5,131,101,0,101,232
01/09/2005,FTW,TX,ASW,CE,Towers with Radar,0,8,52,0,60,0,0,79,3,82,0,8,131,3,142,32,11,43,185
01/10/2005,FTW,TX,ASW,CE,Towers with Radar,1,4,58,1,64,0,0,35,1,36,1,4,93,2,100,124,0,124,224
01/11/2005,FTW,TX,ASW,CE,Towers with Radar,0,6,68,2,76,0,3,56,2,61,0,9,124,4,137,52,0,52,189
01/12/2005,FTW,TX,ASW,CE,Towers with Radar,0,7,56,0,63,0,1,9,0,10,0,8,65,0,73,51,0,51,124
01/13/2005,FTW,TX,ASW,CE,Towers with Radar,0,6,91,3,100,0,0,25,3,28,0,6,116,6,128,19,0,19,147
01/14/2005,FTW,TX,ASW,CE,Towers with Radar,0,18,68,2,88,0,0,110,0,110,0,18,178,2,198,46,0,46,244
01/15/2005,FTW,TX,ASW,CE,Towers with Radar,0,6,59,0,65,0,2,99,2,103,0,8,158,2,168,79,0,79,247
01/16/2005,FTW,TX,ASW,CE,Towers with Radar,0,8,64,0,72,0,2,61,2,65,0,10,125,2,137,7,0,7,144
01/17/2005,FTW,TX,ASW,CE,Towers with Radar,0,7,68,0,75,0,0,70,0,70,0,7,138,0,145,27,0,27,172
01/18/2005,FTW,TX,ASW,CE,Towers with Radar,0,11,62,0,73,0,6,66,0,72,0,17,128,0,145,17,0,17,162
01/19/2005,FTW,TX,ASW,CE,Towers with Radar,0,11,67,0,78,0,0,75,2,77,0,11,142,2,155,77,2,79,234
01/20/2005,FTW,TX,ASW,CE,Towers with Radar,0,4,84,3,91,0,1,121,1,123,0,5,205,4,214,183,0,183,397
01/21/2005,FTW,TX,ASW,CE,Towers with Radar,0,9,68,0,77,0,0,107,0,107,0,9,175,0,184,105,0,105,289
01/22/2005,FTW,TX,ASW,CE,Towers with Radar,2,8,31,0,41,0,0,47,0,47,2,8,78,0,88,19,0,19,107
01/23/2005,FTW,TX,ASW,CE,Towers with Radar,0,9,41,0,50,0,0,66,0,66,0,9,107,0,116,50,0,50,166
01/24/2005,FTW,TX,ASW,CE,Towers with Radar,0,7,51,9,67,0,1,67,0,68,0,8,118,9,135,21,12,33,168
01/25/2005,FTW,TX,ASW,CE,Towers with Radar,0,14,55,1,70,0,2,73,0,75,0,16,128,1,145,48,0,48,193
01/26/2005,FTW,TX,ASW,CE,Towers with Radar,0,5,95,0,100,0,2,75,0,77,0,7,170,0,177,66,0,66,243
01/27/2005,FTW,TX,ASW,CE,Towers with Radar,0,11,105,0,116,0,1,11,0,12,0,12,116,0,128,43,0,43,171
01/28/2005,FTW,TX,ASW,CE,Towers with Radar,0,11,76,0,87,0,0,1,0,1,0,11,77,0,88,4,0,4,92
01/29/2005,FTW,TX,ASW,CE,Towers with Radar,0,7,49,0,56,0,0,0,0,0,0,7,49,0,56,62,0,62,118
01/30/2005,FTW,TX,ASW,CE,Towers with Radar,0,8,58,1,67,0,0,0,0,0,0,8,58,1,67,8,0,8,75
01/31/2005,FTW,TX,ASW,CE,Towers with Radar,0,12,72,0,84,0,0,0,0,0,0,12,72,0,84,116,0,116,200
02/01/2005,FTW,TX,ASW,CE,Towers with Radar,0,4,57,0,61,0,0,4,0,4,0,4,61,0,65,20,0,20,85
02/02/2005,FTW,TX,ASW,CE,Towers with Radar,0,4,79,3,86,0,0,3,0,3,0,4,82,3,89,82,0,82,171
02/03/2005,FTW,TX,ASW,CE,Towers with Radar,0,9,85,0,94,0,1,102,0,103,0,10,187,0,197,102,0,102,299
02/04/2005,FTW,TX,ASW,CE,Towers with Radar,1,14,82,2,99,0,3,97,1,101,1,17,179,3,200,80,6,86,286
02/05/2005,FTW,TX,ASW,CE,Towers with Radar,0,9,35,5,49,0,0,70,17,87,0,9,105,22,136,27,0,27,163
02/06/2005,FTW,TX,ASW,CE,Towers with Radar,0,4,49,2,55,0,0,6,0,6,0,4,55,2,61,9,0,9,70
02/07/2005,FTW,TX,ASW,CE,Towers with Radar,1,14,86,0,101,0,0,27,0,27,1,14,113,0,128,101,0,101,229
02/08/2005,FTW,TX,ASW,CE,Towers with Radar,2,15,74,0,91,0,0,0,0,0,2,15,74,0,91,0,0,0,91
02/09/2005,FTW,TX,ASW,CE,Towers with Radar,2,15,82,0,99,0,3,61,2,66,2,18,143,2,165,26,2,28,193
02/10/2005,FTW,TX,ASW,CE,Towers with Radar,0,8,74,4,86,0,3,99,0,102,0,11,173,4,188,154,0,154,342
02/11/2005,FTW,TX,ASW,CE,Towers with Radar,0,12,68,2,82,0,5,101,2,108,0,17,169,4,190,112,0,112,302
02/12/2005,FTW,TX,ASW,CE,Towers with Radar,0,6,37,0,43,0,0,39,2,41,0,6,76,2,84,1,0,1,85
02/13/2005,FTW,TX,ASW,CE,Towers with Radar,0,7,45,1,53,0,3,79,0,82,0,10,124,1,135,48,0,48,183
02/14/2005,FTW,TX,ASW,CE,Towers with Radar,0,15,54,2,71,0,3,92,2,97,0,18,146,4,168,142,0,142,310
02/15/2005,FTW,TX,ASW,CE,Towers with Radar,0,24,61,0,85,0,11,87,1,99,0,35,148,1,184,101,0,101,285
02/16/2005,FTW,TX,ASW,CE,Towers with Radar,1,5,90,1,97,0,0,55,4,59,1,5,145,5,156,20,10,30,186
02/17/2005,FTW,TX,ASW,CE,Towers with Radar,0,15,103,0,118,0,2,72,1,75,0,17,175,1,193,48,0,48,241
02/18/2005,FTW,TX,ASW,CE,Towers with Radar,0,11,80,0,91,0,2,52,0,54,0,13,132,0,145,5,0,5,150
02/19/2005,FTW,TX,ASW,CE,Towers with Radar,0,20,56,0,76,0,0,16,0,16,0,20,72,0,92,0,0,0,92
02/20/2005,FTW,TX,ASW,CE,Towers with Radar,0,7,51,1,59,0,0,57,0,57,0,7,108,1,116,26,0,26,142
02/21/2005,FTW,TX,ASW,CE,Towers with Radar,0,11,71,0,82,0,2,90,0,92,0,13,161,0,174,57,0,57,231
02/22/2005,FTW,TX,ASW,CE,Towers with Radar,0,5,68,3,76,0,2,25,4,31,0,7,93,7,107,20,0,20,127
02/23/2005,FTW,TX,ASW,CE,Towers with Radar,0,19,60,0,79,0,2,20,0,22,0,21,80,0,101,30,0,30,131
02/24/2005,FTW,TX,ASW,CE,Towers with Radar,0,18,83,1,102,0,2,18,1,21,0,20,101,2,123,60,0,60,183
02/25/2005,FTW,TX,ASW,CE,Towers with Radar,1,13,81,0,95,0,0,120,0,120,1,13,201,0,215,25,0,25,240
02/26/2005,FTW,TX,ASW,CE,Towers with Radar,1,7,59,0,67,0,0,38,0,38,1,7,97,0,105,69,0,69,174
02/27/2005,FTW,TX,ASW,CE,Towers with Radar,0,6,63,1,70,0,1,41,0,42,0,7,104,1,112,17,0,17,129
02/28/2005,FTW,TX,ASW,CE,Towers with Radar,0,7,67,0,74,0,1,90,1,92,0,8,157,1,166,42,0,42,208
03/01/2005,FTW,TX,ASW,CE,Towers with Radar,1,8,69,0,78,0,2,109,0,111,1,10,178,0,189,0,0,0,189
03/02/2005,FTW,TX,ASW,CE,Towers with Radar,0,5,89,0,94,0,2,4,0,6,0,7,93,0,100,0,0,0,100
03/03/2005,FTW,TX,ASW,CE,Towers with Radar,0,11,86,2,99,0,1,48,1,50,0,12,134,3,149,72,0,72,221
03/04/2005,FTW,TX,ASW,CE,Towers with Radar,0,14,64,0,78,0,0,37,0,37,0,14,101,0,115,15,0,15,130
03/05/2005,FTW,TX,ASW,CE,Towers with Radar,0,5,61,0,66,0,0,55,0,55,0,5,116,0,121,66,0,66,187
03/06/2005,FTW,TX,ASW,CE,Towers with Radar,1,8,60,2,71,0,0,29,0,29,1,8,89,2,100,18,0,18,118
03/07/2005,FTW,TX,ASW,CE,Towers with Radar,0,10,45,2,57,0,1,46,1,48,0,11,91,3,105,55,1,56,161
03/08/2005,FTW,TX,ASW,CE,Towers with Radar,0,12,60,2,74,0,0,98,2,100,0,12,158,4,174,102,0,102,276
03/09/2005,FTW,TX,ASW,CE,Towers with Radar,0,13,58,0,71,0,1,75,0,76,0,14,133,0,147,28,0,28,175
03/10/2005,FTW,TX,ASW,CE,Towers with Radar,0,20,54,1,75,0,1,100,1,102,0,21,154,2,177,92,0,92,269
03/11/2005,FTW,TX,ASW,CE,Towers with Radar,0,10,83,0,93,0,0,97,0,97,0,10,180,0,190,40,0,40,230
03/12/2005,FTW,TX,ASW,CE,Towers with Radar,0,8,36,0,44,0,1,73,1,75,0,9,109,1,119,8,0,8,127
03/13/2005,FTW,TX,ASW,CE,Towers with Radar,0,8,33,0,41,0,0,69,2,71,0,8,102,2,112,7,0,7,119
03/14/2005,FTW,TX,ASW,CE,Towers with Radar,0,18,36,0,54,0,1,81,0,82,0,19,117,0,136,89,0,89,225
03/15/2005,FTW,TX,ASW,CE,Towers with Radar,0,5,54,0,59,0,0,61,0,61,0,5,115,0,120,110,0,110,230
03/16/2005,FTW,TX,ASW,CE,Towers with Radar,0,7,45,2,54,0,2,54,0,56,0,9,99,2,110,93,0,93,203
03/17/2005,FTW,TX,ASW,CE,Towers with Radar,0,6,72,0,78,0,3,103,0,106,0,9,175,0,184,78,0,78,262
03/18/2005,FTW,TX,ASW,CE,Towers with Radar,0,4,51,0,55,0,2,70,0,72,0,6,121,0,127,33,0,33,160
03/19/2005,FTW,TX,ASW,CE,Towers with Radar,0,11,60,7,78,0,2,90,0,92,0,13,150,7,170,7,12,19,189
03/20/2005,FTW,TX,ASW,CE,Towers with Radar,0,9,69,2,80,0,0,50,2,52,0,9,119,4,132,56,4,60,192
03/21/2005,FTW,TX,ASW,CE,Towers with Radar,0,12,59,0,71,0,0,35,0,35,0,12,94,0,106,40,0,40,146
03/22/2005,FTW,TX,ASW,CE,Towers with Radar,0,8,50,0,58,0,1,60,2,63,0,9,110,2,121,40,0,40,161
03/23/2005,FTW,TX,ASW,CE,Towers with Radar,0,11,69,0,80,0,0,84,0,84,0,11,153,0,164,121,0,121,285
03/24/2005,FTW,TX,ASW,CE,Towers with Radar,0,5,89,0,94,0,2,61,0,63,0,7,150,0,157,34,0,34,191
03/25/2005,FTW,TX,ASW,CE,Towers with Radar,2,4,65,0,71,0,1,84,1,86,2,5,149,1,157,86,0,86,243
03/26/2005,FTW,TX,ASW,CE,Towers with Radar,0,2,21,0,23,0,0,0,0,0,0,2,21,0,23,0,0,0,23
03/27/2005,FTW,TX,ASW,CE,Towers with Radar,0,3,48,1,52,0,0,26,0,26,0,3,74,1,78,4,0,4,82
03/28/2005,FTW,TX,ASW,CE,Towers with Radar,0,16,57,0,73,0,1,85,0,86,0,17,142,0,159,131,0,131,290
03/29/2005,FTW,TX,ASW,CE,Towers with Radar,0,16,84,1,101,0,0,31,0,31,0,16,115,1,132,44,0,44,176
03/30/2005,FTW,TX,ASW,CE,Towers with Radar,0,10,74,3,87,0,3,97,0,100,0,13,171,3,187,127,0,127,314
03/31/2005,FTW,TX,ASW,CE,Towers with Radar,1,24,69,9,103,0,1,72,0,73,1,25,141,9,176,106,0,106,282
04/01/2005,FTW,TX,ASW,CE,Towers with Radar,1,9,10,1,21,0,0,0,0,0,1,9,10,1,21,18,0,18,39
04/02/2005,FTW,TX,ASW,CE,Towers with Radar,0,7,38,1,46,0,0,55,0,55,0,7,93,1,101,75,0,75,176
04/03/2005,FTW,TX,ASW,CE,Towers with Radar,0,3,54,5,62,0,0,58,1,59,0,3,112,6,121,28,0,28,149
04/04/2005,FTW,TX,ASW,CE,Towers with Radar,0,8,72,11,91,0,0,47,1,48,0,8,119,12,139,18,0,18,157
04/05/2005,FTW,TX,ASW,CE,Towers with Radar,0,11,78,1,90,0,1,32,1,34,0,12,110,2,124,70,0,70,194
04/06/2005,FTW,TX,ASW,CE,Towers with Radar,0,11,73,0,84,0,0,40,0,40,0,11,113,0,124,18,0,18,142
04/07/2005,FTW,TX,ASW,CE,Towers with Radar,0,14,58,1,73,0,2,86,0,88,0,16,144,1,161,84,0,84,245
04/08/2005,FTW,TX,ASW,CE,Towers with Radar,0,12,87,0,99,0,5,142,0,147,0,17,229,0,246,168,0,168,414
04/09/2005,FTW,TX,ASW,CE,Towers with Radar,0,6,43,4,53,0,1,79,2,82,0,7,122,6,135,27,0,27,162
04/10/2005,FTW,TX,ASW,CE,Towers with Radar,1,13,51,0,65,0,0,20,3,23,1,13,71,3,88,2,0,2,90
04/11/2005,FTW,TX,ASW,CE,Towers with Radar,0,21,51,3,75,0,0,81,2,83,0,21,132,5,158,26,0,26,184
04/12/2005,FTW,TX,ASW,CE,Towers with Radar,0,8,49,2,59,0,0,85,0,85,0,8,134,2,144,30,0,30,174
04/13/2005,FTW,TX,ASW,CE,Towers with Radar,0,19,56,0,75,0,1,116,1,118,0,20,172,1,193,82,0,82,275
04/14/2005,FTW,TX,ASW,CE,Towers with Radar,1,11,78,1,91,0,7,115,0,122,1,18,193,1,213,103,0,103,316
04/15/2005,FTW,TX,ASW,CE,Towers with Radar,0,3,77,3,83,0,8,103,1,112,0,11,180,4,195,93,2,95,290
04/16/2005,FTW,TX,ASW,CE,Towers with Radar,0,8,36,3,47,0,12,81,2,95,0,20,117,5,142,98,8,106,248
04/17/2005,FTW,TX,ASW,CE,Towers with Radar,0,7,57,0,64,0,93,77,2,172,0,100,134,2,236,21,0,21,257
04/18/2005,FTW,TX,ASW,CE,Towers with Radar,0,12,60,6,78,0,1,35,0,36,0,13,95,6,114,22,0,22,136
04/19/2005,FTW,TX,ASW,CE,Towers with Radar,1,8,64,0,73,0,3,44,0,47,1,11,108,0,120,12,0,12,132
04/20/2005,FTW,TX,ASW,CE,Towers with Radar,0,15,93,4,112,0,2,52,0,54,0,17,145,4,166,28,0,28,194
04/21/2005,FTW,TX,ASW,CE,Towers with Radar,0,10,86,1,97,0,0,52,0,52,0,10,138,1,149,16,0,16,165
04/22/2005,FTW,TX,ASW,CE,Towers with Radar,0,7,56,0,63,0,6,80,1,87,0,13,136,1,150,50,0,50,200
04/23/2005,FTW,TX,ASW,CE,Towers with Radar,0,2,37,0,39,0,3,73,18,94,0,5,110,18,133,16,0,16,149
04/24/2005,FTW,TX,ASW,CE,Towers with Radar,0,7,65,0,72,0,2,66,0,68,0,9,131,0,140,49,0,49,189
04/25/2005,FTW,TX,ASW,CE,Towers with Radar,0,10,61,0,71,0,0,30,0,30,0,10,91,0,101,22,0,22,123
04/26/2005,FTW,TX,ASW,CE,Towers with Radar,0,12,56,1,69,0,0,100,0,100,0,12,156,1,169,30,4,34,203
04/27/2005,FTW,TX,ASW,CE,Towers with Radar,0,11,76,1,88,0,1,109,0,110,0,12,185,1,198,92,2,94,292
04/28/2005,FTW,TX,ASW,CE,Towers with Radar,0,10,60,0,70,0,0,63,0,63,0,10,123,0,133,71,0,71,204
04/29/2005,FTW,TX,ASW,CE,Towers with Radar,1,11,73,4,89,0,1,42,2,45,1,12,115,6,134,70,2,72,206
04/30/2005,FTW,TX,ASW,CE,Towers with Radar,2,5,29,1,37,0,0,71,0,71,2,5,100,1,108,12,0,12,120
05/01/2005,FTW,TX,ASW,CE,Towers with Radar,1,10,48,0,59,0,0,86,0,86,1,10,134,0,145,54,0,54,199
05/02/2005,FTW,TX,ASW,CE,Towers with Radar,0,0,66,0,66,0,0,55,2,57,0,0,121,2,123,70,0,70,193
05/03/2005,FTW,TX,ASW,CE,Towers with Radar,1,8,42,2,53,0,1,51,0,52,1,9,93,2,105,38,0,38,143
05/04/2005,FTW,TX,ASW,CE,Towers with Radar,0,10,90,5,105,0,0,3,0,3,0,10,93,5,108,36,0,36,144
05/05/2005,FTW,TX,ASW,CE,Towers with Radar,0,10,76,1,87,0,0,54,0,54,0,10,130,1,141,31,0,31,172
05/06/2005,FTW,TX,ASW,CE,Towers with Radar,0,7,98,0,105,0,1,95,0,96,0,8,193,0,201,86,0,86,287
05/07/2005,FTW,TX,ASW,CE,Towers with Radar,0,6,55,2,63,0,2,33,0,35,0,8,88,2,98,36,0,36,134
05/08/2005,FTW,TX,ASW,CE,Towers with Radar,0,8,47,1,56,0,1,18,0,19,0,9,65,1,75,0,0,0,75
05/09/2005,FTW,TX,ASW,CE,Towers with Radar,0,9,60,1,70,0,0,36,0,36,0,9,96,1,106,54,0,54,160
05/10/2005,FTW,TX,ASW,CE,Towers with Radar,0,5,85,0,90,0,2,44,0,46,0,7,129,0,136,28,0,28,164
05/11/2005,FTW,TX,ASW,CE,Towers with Radar,0,9,77,6,92,0,1,70,0,71,0,10,147,6,163,28,0,28,191
05/12/2005,FTW,TX,ASW,CE,Towers with Radar,0,8,116,1,125,0,0,52,3,55,0,8,168,4,180,83,0,83,263
05/13/2005,FTW,TX,ASW,CE,Towers with Radar,0,13,100,2,115,0,0,68,0,68,0,13,168,2,183,41,0,41,224
05/14/2005,FTW,TX,ASW,CE,Towers with Radar,0,6,43,7,56,0,1,67,2,70,0,7,110,9,126,101,0,101,227
05/15/2005,FTW,TX,ASW,CE,Towers with Radar,0,5,60,3,68,0,0,85,1,86,0,5,145,4,154,102,0,102,256
05/16/2005,FTW,TX,ASW,CE,Towers with Radar,0,13,51,0,64,0,2,108,0,110,0,15,159,0,174,74,0,74,248
05/17/2005,FTW,TX,ASW,CE,Towers with Radar,0,10,95,4,109,0,8,68,0,76,0,18,163,4,185,48,0,48,233
05/18/2005,FTW,TX,ASW,CE,Towers with Radar,0,19,106,5,130,0,0,74,2,76,0,19,180,7,206,37,0,37,243
05/19/2005,FTW,TX,ASW,CE,Towers with Radar,0,19,79,0,98,0,0,86,1,87,0,19,165,1,185,70,0,70,255
05/20/2005,FTW,TX,ASW,CE,Towers with Radar,1,11,71,0,83,0,1,108,2,111,1,12,179,2,194,104,0,104,298
05/21/2005,FTW,TX,ASW,CE,Towers with Radar,0,12,34,0,46,0,4,85,1,90,0,16,119,1,136,42,0,42,178
05/22/2005,FTW,TX,ASW,CE,Towers with Radar,0,18,44,0,62,0,1,80,0,81,0,19,124,0,143,29,0,29,172
05/23/2005,FTW,TX,ASW,CE,Towers with Radar,0,5,79,3,87,0,1,100,3,104,0,6,179,6,191,98,0,98,289
05/24/2005,FTW,TX,ASW,CE,Towers with Radar,0,12,59,2,73,0,5,103,0,108,0,17,162,2,181,89,0,89,270
05/25/2005,FTW,TX,ASW,CE,Towers with Radar,0,19,55,0,74,0,0,71,0,71,0,19,126,0,145,75,0,75,220
05/26/2005,FTW,TX,ASW,CE,Towers with Radar,0,9,98,0,107,0,5,60,0,65,0,14,158,0,172,79,0,79,251
05/27/2005,FTW,TX,ASW,CE,Towers with Radar,0,16,81,3,100,0,2,82,0,84,0,18,163,3,184,111,0,111,295
05/28/2005,FTW,TX,ASW,CE,Towers with Radar,0,2,29,0,31,0,1,6,0,7,0,3,35,0,38,6,0,6,44
05/29/2005,FTW,TX,ASW,CE,Towers with Radar,0,2,44,0,46,0,0,39,0,39,0,2,83,0,85,81,0,81,166
05/30/2005,FTW,TX,ASW,CE,Towers with Radar,0,6,78,1,85,0,0,36,0,36,0,6,114,1,121,44,0,44,165
05/31/2005,FTW,TX,ASW,CE,Towers with Radar,1,11,83,0,95,0,0,51,0,51,1,11,134,0,146,21,0,21,167
06/01/2005,FTW,TX,ASW,CE,Towers with Radar,0,6,58,2,66,0,0,90,2,92,0,6,148,4,158,119,30,149,307
06/02/2005,FTW,TX,ASW,CE,Towers with Radar,0,9,64,0,73,0,1,129,5,135,0,10,193,5,208,70,6,76,284
06/03/2005,FTW,TX,ASW,CE,Towers with Radar,0,11,65,0,76,0,0,48,0,48,0,11,113,0,124,25,0,25,149
06/04/2005,FTW,TX,ASW,CE,Towers with Radar,0,3,67,0,70,0,1,43,0,44,0,4,110,0,114,18,0,18,132
06/05/2005,FTW,TX,ASW,CE,Towers with Radar,0,7,76,2,85,0,0,72,0,72,0,7,148,2,157,36,0,36,193
06/06/2005,FTW,TX,ASW,CE,Towers with Radar,0,5,63,4,72,0,4,60,2,66,0,9,123,6,138,10,0,10,148
06/07/2005,FTW,TX,ASW,CE,Towers with Radar,0,10,74,4,88,0,0,91,2,93,0,10,165,6,181,23,0,23,204
06/08/2005,FTW,TX,ASW,CE,Towers with Radar,0,6,58,1,65,0,1,56,0,57,0,7,114,1,122,95,0,95,217
06/09/2005,FTW,TX,ASW,CE,Towers with Radar,0,12,74,1,87,0,2,81,1,84,0,14,155,2,171,56,0,56,227
06/10/2005,FTW,TX,ASW,CE,Towers with Radar,0,8,66,0,74,0,2,68,2,72,0,10,134,2,146,30,0,30,176
06/11/2005,FTW,TX,ASW,CE,Towers with Radar,0,10,54,0,64,0,26,128,0,154,0,36,182,0,218,22,0,22,240
06/12/2005,FTW,TX,ASW,CE,Towers with Radar,0,4,50,2,56,0,2,58,0,60,0,6,108,2,116,16,0,16,132
06/13/2005,FTW,TX,ASW,CE,Towers with Radar,0,8,50,0,58,0,0,57,0,57,0,8,107,0,115,54,0,54,169
06/14/2005,FTW,TX,ASW,CE,Towers with Radar,0,8,67,4,79,0,1,114,0,115,0,9,181,4,194,140,6,146,340
06/15/2005,FTW,TX,ASW,CE,Towers with Radar,0,11,67,1,79,0,2,98,0,100,0,13,165,1,179,124,0,124,303
06/16/2005,FTW,TX,ASW,CE,Towers with Radar,0,11,65,0,76,0,3,92,0,95,0,14,157,0,171,70,0,70,241
06/17/2005,FTW,TX,ASW,CE,Towers with Radar,0,9,59,0,68,0,1,94,0,95,0,10,153,0,163,32,0,32,195
06/18/2005,FTW,TX,ASW,CE,Towers with Radar,0,6,46,2,54,0,1,247,1,249,0,7,293,3,303,100,0,100,403
06/19/2005,FTW,TX,ASW,CE,Towers with Radar,0,5,62,4,71,0,2,73,4,79,0,7,135,8,150,16,10,26,176
06/20/2005,FTW,TX,ASW,CE,Towers with Radar,0,12,52,0,64,0,1,81,0,82,0,13,133,0,146,91,0,91,237
06/21/2005,FTW,TX,ASW,CE,Towers with Radar,0,16,71,0,87,0,0,116,0,116,0,16,187,0,203,52,0,52,255
06/22/2005,FTW,TX,ASW,CE,Towers with Radar,0,12,46,0,58,0,3,83,0,86,0,15,129,0,144,55,0,55,199
06/23/2005,FTW,TX,ASW,CE,Towers with Radar,1,14,98,1,114,0,2,106,0,108,1,16,204,1,222,40,0,40,262
06/24/2005,FTW,TX,ASW,CE,Towers with Radar,1,6,57,0,64,0,1,170,0,171,1,7,227,0,235,53,0,53,288
06/25/2005,FTW,TX,ASW,CE,Towers with Radar,1,4,31,1,37,0,3,102,0,105,1,7,133,1,142,47,0,47,189
06/26/2005,FTW,TX,ASW,CE,Towers with Radar,0,6,50,0,56,0,1,73,0,74,0,7,123,0,130,41,0,41,171
06/27/2005,FTW,TX,ASW,CE,Towers with Radar,0,4,42,0,46,0,1,105,0,106,0,5,147,0,152,115,0,115,267
06/28/2005,FTW,TX,ASW,CE,Towers with Radar,1,7,59,1,68,0,2,101,4,107,1,9,160,5,175,68,0,68,243
06/29/2005,FTW,TX,ASW,CE,Towers with Radar,0,7,76,0,83,0,0,115,0,115,0,7,191,0,198,24,0,24,222
06/30/2005,FTW,TX,ASW,CE,Towers with Radar,0,19,82,0,101,0,1,113,0,114,0,20,195,0,215,86,0,86,301
07/01/2005,FTW,TX,ASW,CE,Towers with Radar,1,11,76,5,93,0,1,83,1,85,1,12,159,6,178,28,18,46,224
07/02/2005,FTW,TX,ASW,CE,Towers with Radar,1,0,36,2,39,0,2,60,0,62,1,2,96,2,101,30,0,30,131
07/03/2005,FTW,TX,ASW,CE,Towers with Radar,0,1,32,0,33,0,0,46,0,46,0,1,78,0,79,26,0,26,105
07/04/2005,FTW,TX,ASW,CE,Towers with Radar,0,3,23,1,27,0,0,30,0,30,0,3,53,1,57,4,0,4,61
07/05/2005,FTW,TX,ASW,CE,Towers with Radar,0,10,60,1,71,0,1,64,1,66,0,11,124,2,137,10,0,10,147
07/06/2005,FTW,TX,ASW,CE,Towers with Radar,0,5,60,6,71,0,1,98,0,99,0,6,158,6,170,30,0,30,200
07/07/2005,FTW,TX,ASW,CE,Towers with Radar,0,19,57,0,76,0,8,59,1,68,0,27,116,1,144,64,0,64,208
07/08/2005,FTW,TX,ASW,CE,Towers with Radar,0,7,64,5,76,0,3,127,2,132,0,10,191,7,208,48,10,58,266
07/09/2005,FTW,TX,ASW,CE,Towers with Radar,1,6,52,0,59,0,1,104,0,105,1,7,156,0,164,56,0,56,220
07/10/2005,FTW,TX,ASW,CE,Towers with Radar,0,6,76,1,83,0,0,51,0,51,0,6,127,1,134,14,0,14,148
07/11/2005,FTW,TX,ASW,CE,Towers with Radar,0,5,52,1,58,0,3,85,0,88,0,8,137,1,146,52,0,52,198
07/12/2005,FTW,TX,ASW,CE,Towers with Radar,1,8,66,2,77,0,11,82,0,93,1,19,148,2,170,72,0,72,242
07/13/2005,FTW,TX,ASW,CE,Towers with Radar,0,7,81,0,88,0,2,86,1,89,0,9,167,1,177,82,0,82,259
07/14/2005,FTW,TX,ASW,CE,Towers with Radar,2,10,68,1,81,0,2,67,0,69,2,12,135,1,150,58,0,58,208
07/15/2005,FTW,TX,ASW,CE,Towers with Radar,0,7,80,2,89,0,1,75,0,76,0,8,155,2,165,46,12,58,223
07/16/2005,FTW,TX,ASW,CE,Towers with Radar,0,3,58,2,63,0,0,75,0,75,0,3,133,2,138,58,6,64,202
07/17/2005,FTW,TX,ASW,CE,Towers with Radar,0,8,53,1,62,0,5,58,2,65,0,13,111,3,127,51,0,51,178
07/18/2005,FTW,TX,ASW,CE,Towers with Radar,0,15,59,4,78,0,5,79,0,84,0,20,138,4,162,73,0,73,235
07/19/2005,FTW,TX,ASW,CE,Towers with Radar,0,15,42,6,63,0,2,104,4,110,0,17,146,10,173,137,0,137,310
07/20/2005,FTW,TX,ASW,CE,Towers with Radar,0,14,76,10,100,0,4,71,4,79,0,18,147,14,179,53,0,53,232
07/21/2005,FTW,TX,ASW,CE,Towers with Radar,0,15,84,11,110,0,1,96,6,103,0,16,180,17,213,82,0,82,295
07/22/2005,FTW,TX,ASW,CE,Towers with Radar,1,19,80,1,101,0,2,94,1,97,1,21,174,2,198,48,0,48,246
07/23/2005,FTW,TX,ASW,CE,Towers with Radar,0,5,28,0,33,0,2,74,0,76,0,7,102,0,109,16,0,16,125
07/24/2005,FTW,TX,ASW,CE,Towers with Radar,0,6,60,1,67,0,0,82,1,83,0,6,142,2,150,40,0,40,190
07/25/2005,FTW,TX,ASW,CE,Towers with Radar,0,17,41,1,59,0,0,88,0,88,0,17,129,1,147,74,0,74,221
07/26/2005,FTW,TX,ASW,CE,Towers with Radar,0,9,74,0,83,0,1,80,0,81,0,10,154,0,164,72,0,72,236
07/27/2005,FTW,TX,ASW,CE,Towers with Radar,0,10,82,0,92,0,4,16,0,20,0,14,98,0,112,22,0,22,134
07/28/2005,FTW,TX,ASW,CE,Towers with Radar,0,3,63,0,66,0,1,103,0,104,0,4,166,0,170,90,18,108,278
07/29/2005,FTW,TX,ASW,CE,Towers with Radar,0,2,59,8,69,0,2,117,0,119,0,4,176,8,188,110,0,110,298
07/30/2005,FTW,TX,ASW,CE,Towers with Radar,0,3,41,5,49,0,1,92,0,93,0,4,133,5,142,100,0,100,242
07/31/2005,FTW,TX,ASW,CE,Towers with Radar,0,4,60,0,64,0,3,81,0,84,0,7,141,0,148,112,0,112,260
08/01/2005,FTW,TX,ASW,CE,Towers with Radar,0,5,83,1,89,0,2,101,0,103,0,7,184,1,192,76,0,76,268
08/02/2005,FTW,TX,ASW,CE,Towers with Radar,0,8,81,0,89,0,6,102,0,108,0,14,183,0,197,30,0,30,227
08/03/2005,FTW,TX,ASW,CE,Towers with Radar,0,4,63,0,67,0,0,70,1,71,0,4,133,1,138,90,0,90,228
08/04/2005,FTW,TX,ASW,CE,Towers with Radar,0,5,59,2,66,0,1,69,1,71,0,6,128,3,137,82,0,82,219
08/05/2005,FTW,TX,ASW,CE,Towers with Radar,0,8,71,0,79,0,5,77,0,82,0,13,148,0,161,54,0,54,215
08/06/2005,FTW,TX,ASW,CE,Towers with Radar,0,5,41,0,46,0,10,68,1,79,0,15,109,1,125,114,0,114,239
08/07/2005,FTW,TX,ASW,CE,Towers with Radar,0,9,44,1,54,0,0,43,0,43,0,9,87,1,97,66,0,66,163
08/08/2005,FTW,TX,ASW,CE,Towers with Radar,0,4,56,1,61,0,3,66,0,69,0,7,122,1,130,40,0,40,170
08/09/2005,FTW,TX,ASW,CE,Towers with Radar,0,7,58,0,65,0,2,36,0,38,0,9,94,0,103,99,0,99,202
08/10/2005,FTW,TX,ASW,CE,Towers with Radar,0,8,84,0,92,0,2,58,1,61,0,10,142,1,153,62,0,62,215
08/11/2005,FTW,TX,ASW,CE,Towers with Radar,0,10,84,1,95,0,3,69,0,72,0,13,153,1,167,48,0,48,215
08/12/2005,FTW,TX,ASW,CE,Towers with Radar,0,12,56,5,73,0,2,91,0,93,0,14,147,5,166,61,6,67,233
08/13/2005,FTW,TX,ASW,CE,Towers with Radar,0,2,46,0,48,0,3,54,2,59,0,5,100,2,107,23,0,23,130
08/14/2005,FTW,TX,ASW,CE,Towers with Radar,0,3,46,2,51,0,2,23,0,25,0,5,69,2,76,32,0,32,108
08/15/2005,FTW,TX,ASW,CE,Towers with Radar,0,8,62,2,72,0,3,42,4,49,0,11,104,6,121,62,2,64,185
08/16/2005,FTW,TX,ASW,CE,Towers with Radar,0,6,79,4,89,0,2,46,0,48,0,8,125,4,137,129,0,129,266
08/17/2005,FTW,TX,ASW,CE,Towers with Radar,0,3,94,0,97,0,4,88,0,92,0,7,182,0,189,73,4,77,266
08/18/2005,FTW,TX,ASW,CE,Towers with Radar,0,4,81,8,93,0,6,106,6,118,0,10,187,14,211,83,8,91,302
08/19/2005,FTW,TX,ASW,CE,Towers with Radar,0,9,81,0,90,0,5,99,0,104,0,14,180,0,194,103,0,103,297
08/20/2005,FTW,TX,ASW,CE,Towers with Radar,0,6,48,0,54,0,3,76,2,81,0,9,124,2,135,99,0,99,234
08/21/2005,FTW,TX,ASW,CE,Towers with Radar,0,5,48,12,65,0,6,83,0,89,0,11,131,12,154,33,0,33,187
08/22/2005,FTW,TX,ASW,CE,Towers with Radar,0,4,62,0,66,0,1,71,4,76,0,5,133,4,142,33,4,37,179
08/23/2005,FTW,TX,ASW,CE,Towers with Radar,1,6,73,0,80,0,5,78,0,83,1,11,151,0,163,70,0,70,233
08/24/2005,FTW,TX,ASW,CE,Towers with Radar,1,3,58,0,62,0,3,78,0,81,1,6,136,0,143,102,0,102,245
08/25/2005,FTW,TX,ASW,CE,Towers with Radar,0,10,60,3,73,0,6,67,2,75,0,16,127,5,148,20,2,22,170
08/26/2005,FTW,TX,ASW,CE,Towers with Radar,0,11,89,3,103,0,6,84,1,91,0,17,173,4,194,38,0,38,232
08/27/2005,FTW,TX,ASW,CE,Towers with Radar,1,1,44,1,47,0,3,87,0,90,1,4,131,1,137,20,0,20,157
08/28/2005,FTW,TX,ASW,CE,Towers with Radar,0,9,49,1,59,0,0,55,0,55,0,9,104,1,114,56,0,56,170
08/29/2005,FTW,TX,ASW,CE,Towers with Radar,0,5,71,0,76,0,5,81,2,88,0,10,152,2,164,29,0,29,193
08/30/2005,FTW,TX,ASW,CE,Towers with Radar,0,3,69,1,73,0,0,86,0,86,0,3,155,1,159,16,0,16,175
08/31/2005,FTW,TX,ASW,CE,Towers with Radar,0,3,66,2,71,0,1,70,0,71,0,4,136,2,142,50,0,50,192
09/01/2005,FTW,TX,ASW,CE,Towers with Radar,0,5,69,0,74,0,3,74,1,78,0,8,143,1,152,44,14,58,210
09/02/2005,FTW,TX,ASW,CE,Towers with Radar,0,8,73,3,84,0,1,75,0,76,0,9,148,3,160,30,0,30,190
09/03/2005,FTW,TX,ASW,CE,Towers with Radar,0,3,56,0,59,0,2,77,0,79,0,5,133,0,138,72,0,72,210
09/04/2005,FTW,TX,ASW,CE,Towers with Radar,0,2,35,0,37,0,0,41,1,42,0,2,76,1,79,5,0,5,84
09/05/2005,FTW,TX,ASW,CE,Towers with Radar,0,3,51,2,56,0,2,69,2,73,0,5,120,4,129,21,0,21,150
09/06/2005,FTW,TX,ASW,CE,Towers with Radar,0,8,56,2,66,0,1,77,0,78,0,9,133,2,144,35,0,35,179
09/07/2005,FTW,TX,ASW,CE,Towers with Radar,1,12,73,0,86,0,2,108,0,110,1,14,181,0,196,110,0,110,306
09/08/2005,FTW,TX,ASW,CE,Towers with Radar,0,8,70,2,80,0,3,104,0,107,0,11,174,2,187,47,0,47,234
09/09/2005,FTW,TX,ASW,CE,Towers with Radar,0,13,76,2,91,0,2,118,0,120,0,15,194,2,211,34,0,34,245
09/10/2005,FTW,TX,ASW,CE,Towers with Radar,0,2,54,3,59,0,0,75,0,75,0,2,129,3,134,48,0,48,182
09/11/2005,FTW,TX,ASW,CE,Towers with Radar,1,6,56,0,63,0,1,23,0,24,1,7,79,0,87,6,0,6,93
09/12/2005,FTW,TX,ASW,CE,Towers with Radar,0,5,61,1,67,0,1,63,2,66,0,6,124,3,133,23,0,23,156
09/13/2005,FTW,TX,ASW,CE,Towers with Radar,0,13,61,2,76,0,2,51,0,53,0,15,112,2,129,66,0,66,195
09/14/2005,FTW,TX,ASW,CE,Towers with Radar,0,14,63,0,77,0,1,64,0,65,0,15,127,0,142,56,0,56,198
09/15/2005,FTW,TX,ASW,CE,Towers with Radar,3,17,82,1,103,0,2,52,2,56,3,19,134,3,159,20,0,20,179
09/16/2005,FTW,TX,ASW,CE,Towers with Radar,0,12,79,1,92,0,1,85,1,87,0,13,164,2,179,55,0,55,234
09/17/2005,FTW,TX,ASW,CE,Towers with Radar,0,5,64,10,79,0,2,113,0,115,0,7,177,10,194,31,0,31,225
09/18/2005,FTW,TX,ASW,CE,Towers with Radar,0,7,41,0,48,0,0,65,0,65,0,7,106,0,113,40,0,40,153
09/19/2005,FTW,TX,ASW,CE,Towers with Radar,0,8,79,0,87,0,0,72,1,73,0,8,151,1,160,21,0,21,181
09/20/2005,FTW,TX,ASW,CE,Towers with Radar,0,12,0,0,12,0,0,150,0,150,0,12,150,0,162,75,0,75,237
09/21/2005,FTW,TX,ASW,CE,Towers with Radar,1,14,89,1,105,0,5,121,5,131,1,19,210,6,236,80,0,80,316
09/22/2005,FTW,TX,ASW,CE,Towers with Radar,1,9,101,0,111,0,5,143,0,148,1,14,244,0,259,100,0,100,359
09/23/2005,FTW,TX,ASW,CE,Towers with Radar,0,9,87,0,96,0,6,105,0,111,0,15,192,0,207,76,0,76,283
09/24/2005,FTW,TX,ASW,CE,Towers with Radar,0,1,28,0,29,0,4,27,0,31,0,5,55,0,60,14,0,14,74
09/25/2005,FTW,TX,ASW,CE,Towers with Radar,0,3,34,3,40,0,2,57,0,59,0,5,91,3,99,6,0,6,105
09/26/2005,FTW,TX,ASW,CE,Towers with Radar,0,8,48,1,57,0,2,74,2,78,0,10,122,3,135,20,0,20,155
09/27/2005,FTW,TX,ASW,CE,Towers with Radar,0,11,69,0,80,0,0,110,0,110,0,11,179,0,190,99,0,99,289
09/28/2005,FTW,TX,ASW,CE,Towers with Radar,0,13,85,0,98,0,3,115,0,118,0,16,200,0,216,148,0,148,364
09/29/2005,FTW,TX,ASW,CE,Towers with Radar,0,7,110,0,117,0,5,104,1,110,0,12,214,1,227,106,0,106,333
09/30/2005,FTW,TX,ASW,CE,Towers with Radar,0,17,119,0,136,0,0,110,0,110,0,17,229,0,246,52,0,52,298
10/01/2005,FTW,TX,ASW,CE,Towers with Radar,1,9,47,0,57,0,3,69,0,72,1,12,116,0,129,41,0,41,170
10/02/2005,FTW,TX,ASW,CE,Towers with Radar,1,14,68,2,85,0,3,56,0,59,1,17,124,2,144,6,0,6,150
10/03/2005,FTW,TX,ASW,CE,Towers with Radar,0,10,75,2,87,0,0,48,0,48,0,10,123,2,135,43,0,43,178
10/04/2005,FTW,TX,ASW,CE,Towers with Radar,0,6,71,0,77,0,3,105,0,108,0,9,176,0,185,56,0,56,241
10/05/2005,FTW,TX,ASW,CE,Towers with Radar,0,6,79,0,85,0,5,103,0,108,0,11,182,0,193,42,0,42,235
10/06/2005,FTW,TX,ASW,CE,Towers with Radar,0,9,97,0,106,0,1,47,0,48,0,10,144,0,154,30,0,30,184
10/07/2005,FTW,TX,ASW,CE,Towers with Radar,0,16,80,0,96,0,2,67,0,69,0,18,147,0,165,92,0,92,257
10/08/2005,FTW,TX,ASW,CE,Towers with Radar,0,11,41,0,52,0,2,80,2,84,0,13,121,2,136,60,0,60,196
10/09/2005,FTW,TX,ASW,CE,Towers with Radar,0,0,56,0,56,0,0,77,0,77,0,0,133,0,133,31,0,31,164
10/10/2005,FTW,TX,ASW,CE,Towers with Radar,0,4,50,3,57,0,1,50,0,51,0,5,100,3,108,17,0,17,125
10/11/2005,FTW,TX,ASW,CE,Towers with Radar,0,3,90,2,95,0,2,69,1,72,0,5,159,3,167,52,0,52,219
10/12/2005,FTW,TX,ASW,CE,Towers with Radar,0,11,69,0,80,0,2,95,2,99,0,13,164,2,179,46,0,46,225
10/13/2005,FTW,TX,ASW,CE,Towers with Radar,0,5,79,4,88,0,0,118,0,118,0,5,197,4,206,146,0,146,352
10/14/2005,FTW,TX,ASW,CE,Towers with Radar,0,15,90,1,106,0,2,127,0,129,0,17,217,1,235,76,0,76,311
10/15/2005,FTW,TX,ASW,CE,Towers with Radar,0,9,74,0,83,0,3,106,0,109,0,12,180,0,192,32,0,32,224
10/16/2005,FTW,TX,ASW,CE,Towers with Radar,0,7,59,0,66,0,5,87,1,93,0,12,146,1,159,40,0,40,199
10/17/2005,FTW,TX,ASW,CE,Towers with Radar,0,15,59,0,74,0,7,87,0,94,0,22,146,0,168,21,0,21,189
10/18/2005,FTW,TX,ASW,CE,Towers with Radar,0,10,73,0,83,0,7,136,0,143,0,17,209,0,226,83,0,83,309
10/19/2005,FTW,TX,ASW,CE,Towers with Radar,0,10,73,0,83,0,2,95,0,97,0,12,168,0,180,20,0,20,200
10/20/2005,FTW,TX,ASW,CE,Towers with Radar,0,9,55,0,64,0,0,109,0,109,0,9,164,0,173,114,0,114,287
10/21/2005,FTW,TX,ASW,CE,Towers with Radar,0,8,89,0,97,0,0,93,3,96,0,8,182,3,193,42,0,42,235
10/22/2005,FTW,TX,ASW,CE,Towers with Radar,0,6,51,0,57,0,4,118,0,122,0,10,169,0,179,40,0,40,219
10/23/2005,FTW,TX,ASW,CE,Towers with Radar,0,4,50,0,54,0,0,36,0,36,0,4,86,0,90,14,0,14,104
10/24/2005,FTW,TX,ASW,CE,Towers with Radar,0,7,69,5,81,0,2,84,0,86,0,9,153,5,167,52,0,52,219
10/25/2005,FTW,TX,ASW,CE,Towers with Radar,0,3,79,0,82,0,1,114,0,115,0,4,193,0,197,44,0,44,241
10/26/2005,FTW,TX,ASW,CE,Towers with Radar,0,11,70,1,82,0,5,110,1,116,0,16,180,2,198,34,0,34,232
10/27/2005,FTW,TX,ASW,CE,Towers with Radar,0,14,92,1,107,0,3,119,2,124,0,17,211,3,231,102,0,102,333
10/28/2005,FTW,TX,ASW,CE,Towers with Radar,0,7,102,6,115,0,3,147,1,151,0,10,249,7,266,159,0,159,425
10/29/2005,FTW,TX,ASW,CE,Towers with Radar,0,4,59,0,63,0,0,115,2,117,0,4,174,2,180,58,0,58,238
10/30/2005,FTW,TX,ASW,CE,Towers with Radar,0,11,52,0,63,0,2,70,0,72,0,13,122,0,135,4,0,4,139
10/31/2005,FTW,TX,ASW,CE,Towers with Radar,0,5,59,0,64,0,0,14,0,14,0,5,73,0,78,0,0,0,78
11/01/2005,FTW,TX,ASW,CE,Towers with Radar,0,4,65,1,70,0,3,88,1,92,0,7,153,2,162,77,0,77,239
11/02/2005,FTW,TX,ASW,CE,Towers with Radar,0,12,68,0,80,0,3,102,1,106,0,15,170,1,186,34,0,34,220
11/03/2005,FTW,TX,ASW,CE,Towers with Radar,0,14,64,0,78,0,2,100,0,102,0,16,164,0,180,12,0,12,192
11/04/2005,FTW,TX,ASW,CE,Towers with Radar,0,24,86,0,110,0,5,114,0,119,0,29,200,0,229,58,0,58,287
11/05/2005,FTW,TX,ASW,CE,Towers with Radar,1,2,35,0,38,0,21,108,0,129,1,23,143,0,167,0,0,0,167
11/06/2005,FTW,TX,ASW,CE,Towers with Radar,0,10,61,0,71,0,66,111,0,177,0,76,172,0,248,48,0,48,296
11/07/2005,FTW,TX,ASW,CE,Towers with Radar,0,3,57,0,60,0,4,88,0,92,0,7,145,0,152,32,0,32,184
11/08/2005,FTW,TX,ASW,CE,Towers with Radar,0,2,73,0,75,0,11,82,0,93,0,13,155,0,168,72,0,72,240
11/09/2005,FTW,TX,ASW,CE,Towers with Radar,0,11,62,0,73,0,3,98,1,102,0,14,160,1,175,56,0,56,231
11/10/2005,FTW,TX,ASW,CE,Towers with Radar,0,4,91,3,98,0,0,118,0,118,0,4,209,3,216,74,0,74,290
11/11/2005,FTW,TX,ASW,CE,Towers with Radar,2,2,98,4,106,0,1,126,2,129,2,3,224,6,235,71,0,71,306
11/12/2005,FTW,TX,ASW,CE,Towers with Radar,1,5,59,1,66,0,3,44,12,59,1,8,103,13,125,10,0,10,135
11/13/2005,FTW,TX,ASW,CE,Towers with Radar,1,6,65,5,77,0,0,76,0,76,1,6,141,5,153,30,0,30,183
11/14/2005,FTW,TX,ASW,CE,Towers with Radar,0,6,57,0,63,0,0,85,0,85,0,6,142,0,148,108,0,108,256
11/15/2005,FTW,TX,ASW,CE,Towers with Radar,0,6,57,0,63,0,0,45,2,47,0,6,102,2,110,10,0,10,120
11/16/2005,FTW,TX,ASW,CE,Towers with Radar,0,10,86,9,105,0,4,110,4,118,0,14,196,13,223,95,0,95,318
11/17/2005,FTW,TX,ASW,CE,Towers with Radar,0,9,82,2,93,0,5,122,3,130,0,14,204,5,223,68,0,68,291
11/18/2005,FTW,TX,ASW,CE,Towers with Radar,0,13,92,0,105,0,6,145,5,156,0,19,237,5,261,100,14,114,375
11/19/2005,FTW,TX,ASW,CE,Towers with Radar,1,7,51,0,59,0,4,115,2,121,1,11,166,2,180,34,0,34,214
11/20/2005,FTW,TX,ASW,CE,Towers with Radar,0,5,57,1,63,0,2,72,3,77,0,7,129,4,140,22,0,22,162
11/21/2005,FTW,TX,ASW,CE,Towers with Radar,0,6,72,2,80,0,0,103,0,103,0,6,175,2,183,142,0,142,325
11/22/2005,FTW,TX,ASW,CE,Towers with Radar,0,8,65,0,73,0,2,117,1,120,0,10,182,1,193,127,2,129,322
11/23/2005,FTW,TX,ASW,CE,Towers with Radar,0,6,87,0,93,0,5,118,0,123,0,11,205,0,216,69,8,77,293
11/24/2005,FTW,TX,ASW,CE,Towers with Radar,0,7,13,0,20,0,0,39,0,39,0,7,52,0,59,6,0,6,65
11/25/2005,FTW,TX,ASW,CE,Towers with Radar,0,2,73,1,76,0,4,57,0,61,0,6,130,1,137,102,0,102,239
11/26/2005,FTW,TX,ASW,CE,Towers with Radar,0,12,55,0,67,0,3,39,0,42,0,15,94,0,109,24,0,24,133
11/27/2005,FTW,TX,ASW,CE,Towers with Radar,0,2,64,1,67,0,8,27,0,35,0,10,91,1,102,0,0,0,102
11/28/2005,FTW,TX,ASW,CE,Towers with Radar,0,11,70,1,82,0,2,55,1,58,0,13,125,2,140,15,0,15,155
11/29/2005,FTW,TX,ASW,CE,Towers with Radar,0,6,83,6,95,0,1,111,0,112,0,7,194,6,207,102,0,102,309
11/30/2005,FTW,TX,ASW,CE,Towers with Radar,0,6,69,1,76,0,2,105,2,109,0,8,174,3,185,82,0,82,267
12/01/2005,FTW,TX,ASW,CE,Towers with Radar,0,15,83,0,98,0,0,90,6,96,0,15,173,6,194,80,0,80,274
12/02/2005,FTW,TX,ASW,CE,Towers with Radar,0,4,68,0,72,0,3,107,0,110,0,7,175,0,182,56,0,56,238
12/03/2005,FTW,TX,ASW,CE,Towers with Radar,0,4,41,0,45,0,4,78,0,82,0,8,119,0,127,46,0,46,173
12/04/2005,FTW,TX,ASW,CE,Towers with Radar,0,5,54,0,59,0,1,49,0,50,0,6,103,0,109,14,0,14,123
12/05/2005,FTW,TX,ASW,CE,Towers with Radar,0,12,77,4,93,0,4,95,2,101,0,16,172,6,194,149,0,149,343
12/06/2005,FTW,TX,ASW,CE,Towers with Radar,0,8,77,0,85,0,10,80,0,90,0,18,157,0,175,133,0,133,308
12/07/2005,FTW,TX,ASW,CE,Towers with Radar,0,5,36,0,41,0,1,0,0,1,0,6,36,0,42,0,0,0,42
12/08/2005,FTW,TX,ASW,CE,Towers with Radar,0,16,47,0,63,0,2,34,0,36,0,18,81,0,99,0,0,0,99
12/09/2005,FTW,TX,ASW,CE,Towers with Radar,0,11,85,4,100,0,4,87,0,91,0,15,172,4,191,95,0,95,286
12/10/2005,FTW,TX,ASW,CE,Towers with Radar,0,10,42,3,55,0,2,84,0,86,0,12,126,3,141,173,2,175,316
12/11/2005,FTW,TX,ASW,CE,Towers with Radar,0,15,47,0,62,0,1,90,0,91,0,16,137,0,153,31,0,31,184
12/12/2005,FTW,TX,ASW,CE,Towers with Radar,1,3,60,1,65,0,4,69,2,75,1,7,129,3,140,134,0,134,274
12/13/2005,FTW,TX,ASW,CE,Towers with Radar,0,9,83,0,92,0,2,83,0,85,0,11,166,0,177,60,0,60,237
12/14/2005,FTW,TX,ASW,CE,Towers with Radar,0,7,72,1,80,0,1,74,5,80,0,8,146,6,160,102,4,106,266
12/15/2005,FTW,TX,ASW,CE,Towers with Radar,0,4,82,0,86,0,5,123,0,128,0,9,205,0,214,130,0,130,344
12/16/2005,FTW,TX,ASW,CE,Towers with Radar,0,13,82,1,96,0,3,86,0,89,0,16,168,1,185,153,0,153,338
12/17/2005,FTW,TX,ASW,CE,Towers with Radar,0,2,59,0,61,0,2,21,0,23,0,4,80,0,84,17,0,17,101
12/18/2005,FTW,TX,ASW,CE,Towers with Radar,0,8,48,0,56,0,2,56,0,58,0,10,104,0,114,6,0,6,120
12/19/2005,FTW,TX,ASW,CE,Towers with Radar,0,12,72,0,84,0,3,49,0,52,0,15,121,0,136,100,0,100,236
12/20/2005,FTW,TX,ASW,CE,Towers with Radar,0,11,91,0,102,0,7,8,0,15,0,18,99,0,117,1,0,1,118
12/21/2005,FTW,TX,ASW,CE,Towers with Radar,0,6,89,2,97,0,5,136,0,141,0,11,225,2,238,58,0,58,296
12/22/2005,FTW,TX,ASW,CE,Towers with Radar,0,14,57,3,74,0,1,133,1,135,0,15,190,4,209,94,0,94,303
12/23/2005,FTW,TX,ASW,CE,Towers with Radar,0,5,78,0,83,0,3,95,0,98,0,8,173,0,181,38,0,38,219
12/24/2005,FTW,TX,ASW,CE,Towers with Radar,0,12,31,0,43,0,0,17,0,17,0,12,48,0,60,0,0,0,60
12/25/2005,FTW,TX,ASW,CE,Towers with Radar,0,3,22,0,25,0,8,20,0,28,0,11,42,0,53,6,0,6,59
12/26/2005,FTW,TX,ASW,CE,Towers with Radar,0,12,67,0,79,0,6,66,1,73,0,18,133,1,152,22,0,22,174
12/27/2005,FTW,TX,ASW,CE,Towers with Radar,0,7,41,0,48,0,3,49,0,52,0,10,90,0,100,40,0,40,140
12/28/2005,FTW,TX,ASW,CE,Towers with Radar,0,3,37,0,40,0,3,100,0,103,0,6,137,0,143,72,0,72,215
12/29/2005,FTW,TX,ASW,CE,Towers with Radar,0,4,50,0,54,0,7,99,0,106,0,11,149,0,160,100,0,100,260
12/30/2005,FTW,TX,ASW,CE,Towers with Radar,0,5,46,0,51,0,3,88,0,91,0,8,134,0,142,58,0,58,200
12/31/2005,FTW,TX,ASW,CE,Towers with Radar,0,1,45,0,46,0,4,68,0,72,0,5,113,0,118,36,0,36,154
01/01/2006,FTW,TX,ASW,CE,Towers with Radar,0,4,32,0,36,0,2,24,0,26,0,6,56,0,62,0,0,0,62
01/02/2006,FTW,TX,ASW,CE,Towers with Radar,0,6,46,0,52,0,4,70,2,76,0,10,116,2,128,21,0,21,149
01/03/2006,FTW,TX,ASW,CE,Towers with Radar,0,9,54,2,65,0,1,77,2,80,0,10,131,4,145,83,0,83,228
01/04/2006,FTW,TX,ASW,CE,Towers with Radar,0,5,54,1,60,0,7,88,1,96,0,12,142,2,156,52,0,52,208
01/05/2006,FTW,TX,ASW,CE,Towers with Radar,0,10,59,0,69,0,6,69,0,75,0,16,128,0,144,0,0,0,144
01/06/2006,FTW,TX,ASW,CE,Towers with Radar,0,9,48,2,59,0,1,128,3,132,0,10,176,5,191,117,0,117,308
01/07/2006,FTW,TX,ASW,CE,Towers with Radar,0,6,29,2,37,0,3,76,2,81,0,9,105,4,118,40,0,40,158
01/08/2006,FTW,TX,ASW,CE,Towers with Radar,0,6,18,0,24,0,3,49,0,52,0,9,67,0,76,10,0,10,86
01/09/2006,FTW,TX,ASW,CE,Towers with Radar,0,10,49,1,60,0,2,68,2,72,0,12,117,3,132,135,0,135,267
01/10/2006,FTW,TX,ASW,CE,Towers with Radar,0,8,53,0,61,0,3,103,4,110,0,11,156,4,171,47,0,47,218
01/11/2006,FTW,TX,ASW,CE,Towers with Radar,0,15,63,0,78,0,2,87,0,89,0,17,150,0,167,154,0,154,321
01/12/2006,FTW,TX,ASW,CE,Towers with Radar,0,6,87,1,94,0,3,78,0,81,0,9,165,1,175,36,0,36,211
01/13/2006,FTW,TX,ASW,CE,Towers with Radar,0,17,46,2,65,0,5,69,3,77,0,22,115,5,142,26,0,26,168
01/14/2006,FTW,TX,ASW,CE,Towers with Radar,0,5,45,0,50,0,4,113,2,119,0,9,158,2,169,153,0,153,322
01/15/2006,FTW,TX,ASW,CE,Towers with Radar,0,3,60,0,63,0,2,43,1,46,0,5,103,1,109,8,0,8,117
01/16/2006,FTW,TX,ASW,CE,Towers with Radar,0,5,81,1,87,0,6,60,4,70,0,11,141,5,157,46,0,46,203
01/17/2006,FTW,TX,ASW,CE,Towers with Radar,1,9,64,3,77,0,3,54,2,59,1,12,118,5,136,8,0,8,144
01/18/2006,FTW,TX,ASW,CE,Towers with Radar,0,9,76,6,91,0,6,73,3,82,0,15,149,9,173,60,0,60,233
01/19/2006,FTW,TX,ASW,CE,Towers with Radar,0,14,80,0,94,0,4,75,2,81,0,18,155,2,175,6,0,6,181
01/20/2006,FTW,TX,ASW,CE,Towers with Radar,0,8,65,0,73,0,4,65,1,70,0,12,130,1,143,70,0,70,213
01/21/2006,FTW,TX,ASW,CE,Towers with Radar,0,5,48,11,64,0,1,102,3,106,0,6,150,14,170,125,0,125,295
01/22/2006,FTW,TX,ASW,CE,Towers with Radar,0,5,49,0,54,0,1,1,0,2,0,6,50,0,56,0,0,0,56
01/23/2006,FTW,TX,ASW,CE,Towers with Radar,0,6,47,0,53,0,2,79,0,81,0,8,126,0,134,122,0,122,256
01/24/2006,FTW,TX,ASW,CE,Towers with Radar,0,1,59,1,61,0,6,105,1,112,0,7,164,2,173,96,0,96,269
01/25/2006,FTW,TX,ASW,CE,Towers with Radar,0,4,64,0,68,0,6,101,2,109,0,10,165,2,177,104,0,104,281
01/26/2006,FTW,TX,ASW,CE,Towers with Radar,0,6,72,0,78,0,7,86,3,96,0,13,158,3,174,37,8,45,219
01/27/2006,FTW,TX,ASW,CE,Towers with Radar,0,11,95,0,106,0,0,43,0,43,0,11,138,0,149,104,0,104,253
01/28/2006,FTW,TX,ASW,CE,Towers with Radar,0,0,35,0,35,0,0,20,0,20,0,0,55,0,55,7,0,7,62
01/29/2006,FTW,TX,ASW,CE,Towers with Radar,0,9,61,0,70,0,3,108,0,111,0,12,169,0,181,99,0,99,280
01/30/2006,FTW,TX,ASW,CE,Towers with Radar,0,3,54,2,59,0,2,94,0,96,0,5,148,2,155,60,0,60,215
01/31/2006,FTW,TX,ASW,CE,Towers with Radar,0,15,65,8,88,0,2,81,5,88,0,17,146,13,176,28,0,28,204
02/01/2006,FTW,TX,ASW,CE,Towers with Radar,0,13,90,20,123,0,6,92,1,99,0,19,182,21,222,54,0,54,276
02/02/2006,FTW,TX,ASW,CE,Towers with Radar,0,3,90,0,93,0,0,109,1,110,0,3,199,1,203,35,0,35,238
02/03/2006,FTW,TX,ASW,CE,Towers with Radar,0,2,84,6,92,0,0,51,6,57,0,2,135,12,149,20,0,20,169
02/04/2006,FTW,TX,ASW,CE,Towers with Radar,0,4,32,5,41,0,5,113,25,143,0,9,145,30,184,70,14,84,268
02/05/2006,FTW,TX,ASW,CE,Towers with Radar,0,5,35,3,43,0,3,44,14,61,0,8,79,17,104,12,0,12,116
02/06/2006,FTW,TX,ASW,CE,Towers with Radar,0,6,59,1,66,0,3,64,6,73,0,9,123,7,139,44,0,44,183
02/07/2006,FTW,TX,ASW,CE,Towers with Radar,0,7,80,6,93,0,7,107,2,116,0,14,187,8,209,123,6,129,338
02/08/2006,FTW,TX,ASW,CE,Towers with Radar,0,11,70,3,84,0,1,124,7,132,0,12,194,10,216,118,0,118,334
02/09/2006,FTW,TX,ASW,CE,Towers with Radar,0,9,97,0,106,0,7,115,0,122,0,16,212,0,228,34,0,34,262
02/10/2006,FTW,TX,ASW,CE,Towers with Radar,0,11,65,0,76,0,5,20,0,25,0,16,85,0,101,0,0,0,101
02/11/2006,FTW,TX,ASW,CE,Towers with Radar,0,4,26,2,32,0,5,46,2,53,0,9,72,4,85,6,2,8,93
02/12/2006,FTW,TX,ASW,CE,Towers with Radar,0,1,46,3,50,0,1,33,1,35,0,2,79,4,85,2,0,2,87
02/13/2006,FTW,TX,ASW,CE,Towers with Radar,0,15,60,3,78,0,4,100,2,106,0,19,160,5,184,65,0,65,249
02/14/2006,FTW,TX,ASW,CE,Towers with Radar,0,9,60,0,69,0,2,115,4,121,0,11,175,4,190,90,0,90,280
02/15/2006,FTW,TX,ASW,CE,Towers with Radar,1,9,68,1,79,0,1,103,3,107,1,10,171,4,186,50,8,58,244
02/16/2006,FTW,TX,ASW,CE,Towers with Radar,0,11,94,1,106,0,9,66,2,77,0,20,160,3,183,90,0,90,273
02/17/2006,FTW,TX,ASW,CE,Towers with Radar,0,6,87,0,93,0,2,65,0,67,0,8,152,0,160,49,0,49,209
02/18/2006,FTW,TX,ASW,CE,Towers with Radar,0,1,18,0,19,0,0,0,0,0,0,1,18,0,19,0,0,0,19
02/19/2006,FTW,TX,ASW,CE,Towers with Radar,0,7,36,0,43,0,0,0,0,0,0,7,36,0,43,0,0,0,43
02/20/2006,FTW,TX,ASW,CE,Towers with Radar,0,9,95,2,106,0,0,8,0,8,0,9,103,2,114,32,0,32,146
02/21/2006,FTW,TX,ASW,CE,Towers with Radar,0,23,86,3,112,0,0,0,0,0,0,23,86,3,112,0,0,0,112
02/22/2006,FTW,TX,ASW,CE,Towers with Radar,0,13,85,2,100,0,0,0,0,0,0,13,85,2,100,0,0,0,100
02/23/2006,FTW,TX,ASW,CE,Towers with Radar,0,15,93,1,109,0,2,84,0,86,0,17,177,1,195,129,0,129,324
02/24/2006,FTW,TX,ASW,CE,Towers with Radar,0,13,92,3,108,0,7,28,0,35,0,20,120,3,143,87,0,87,230
02/25/2006,FTW,TX,ASW,CE,Towers with Radar,0,8,48,0,56,0,3,3,0,6,0,11,51,0,62,10,0,10,72
02/26/2006,FTW,TX,ASW,CE,Towers with Radar,0,3,59,0,62,0,1,119,0,120,0,4,178,0,182,148,0,148,330
02/27/2006,FTW,TX,ASW,CE,Towers with Radar,0,14,71,0,85,0,10,76,0,86,0,24,147,0,171,92,0,92,263
02/28/2006,FTW,TX,ASW,CE,Towers with Radar,0,3,70,2,75,0,5,111,0,116,0,8,181,2,191,30,0,30,221
03/01/2006,FTW,TX,ASW,CE,Towers with Radar,0,12,79,2,93,0,8,134,0,142,0,20,213,2,235,142,0,142,377
03/02/2006,FTW,TX,ASW,CE,Towers with Radar,0,14,83,0,97,0,5,79,0,84,0,19,162,0,181,21,0,21,202
03/03/2006,FTW,TX,ASW,CE,Towers with Radar,0,6,76,3,85,0,4,98,2,104,0,10,174,5,189,107,0,107,296
03/04/2006,FTW,TX,ASW,CE,Towers with Radar,0,4,38,2,44,0,2,72,3,77,0,6,110,5,121,33,0,33,154
03/05/2006,FTW,TX,ASW,CE,Towers with Radar,0,9,65,1,75,0,4,49,2,55,0,13,114,3,130,22,0,22,152
03/06/2006,FTW,TX,ASW,CE,Towers with Radar,0,6,43,6,55,0,7,85,3,95,0,13,128,9,150,88,0,88,238
03/07/2006,FTW,TX,ASW,CE,Towers with Radar,0,4,89,4,97,0,2,59,2,63,0,6,148,6,160,42,0,42,202
03/08/2006,FTW,TX,ASW,CE,Towers with Radar,0,2,77,0,79,0,1,34,0,35,0,3,111,0,114,14,0,14,128
03/09/2006,FTW,TX,ASW,CE,Towers with Radar,0,6,66,2,74,0,5,55,0,60,0,11,121,2,134,56,0,56,190
03/10/2006,FTW,TX,ASW,CE,Towers with Radar,0,11,94,0,105,0,3,124,3,130,0,14,218,3,235,74,0,74,309
03/11/2006,FTW,TX,ASW,CE,Towers with Radar,0,5,89,0,94,0,3,97,1,101,0,8,186,1,195,53,0,53,248
03/12/2006,FTW,TX,ASW,CE,Towers with Radar,0,4,55,0,59,0,6,46,0,52,0,10,101,0,111,10,0,10,121
03/13/2006,FTW,TX,ASW,CE,Towers with Radar,0,3,58,0,61,0,1,98,1,100,0,4,156,1,161,74,0,74,235
03/14/2006,FTW,TX,ASW,CE,Towers with Radar,0,2,79,0,81,0,12,124,4,140,0,14,203,4,221,95,0,95,316
03/15/2006,FTW,TX,ASW,CE,Towers with Radar,0,10,63,0,73,0,5,142,4,151,0,15,205,4,224,86,0,86,310
03/16/2006,FTW,TX,ASW,CE,Towers with Radar,0,11,64,0,75,0,5,115,3,123,0,16,179,3,198,117,0,117,315
03/17/2006,FTW,TX,ASW,CE,Towers with Radar,0,12,62,0,74,0,5,85,2,92,0,17,147,2,166,87,0,87,253
03/18/2006,FTW,TX,ASW,CE,Towers with Radar,0,8,49,0,57,0,0,2,0,2,0,8,51,0,59,0,0,0,59
03/19/2006,FTW,TX,ASW,CE,Towers with Radar,0,12,42,0,54,0,0,0,0,0,0,12,42,0,54,1,0,1,55
03/20/2006,FTW,TX,ASW,CE,Towers with Radar,0,8,45,0,53,0,3,50,0,53,0,11,95,0,106,31,0,31,137
03/21/2006,FTW,TX,ASW,CE,Towers with Radar,0,2,94,0,96,0,5,82,3,90,0,7,176,3,186,82,0,82,268
03/22/2006,FTW,TX,ASW,CE,Towers with Radar,0,7,83,1,91,0,2,83,2,87,0,9,166,3,178,105,6,111,289
03/23/2006,FTW,TX,ASW,CE,Towers with Radar,0,12,91,3,106,0,4,66,2,72,0,16,157,5,178,6,0,6,184
03/24/2006,FTW,TX,ASW,CE,Towers with Radar,0,10,60,1,71,0,2,163,3,168,0,12,223,4,239,141,0,141,380
03/25/2006,FTW,TX,ASW,CE,Towers with Radar,0,8,58,1,67,0,2,146,0,148,0,10,204,1,215,111,0,111,326
03/26/2006,FTW,TX,ASW,CE,Towers with Radar,0,1,65,2,68,0,5,66,2,73,0,6,131,4,141,30,0,30,171
03/27/2006,FTW,TX,ASW,CE,Towers with Radar,0,7,65,5,77,0,5,75,2,82,0,12,140,7,159,107,0,107,266
03/28/2006,FTW,TX,ASW,CE,Towers with Radar,0,11,98,5,114,0,1,113,1,115,0,12,211,6,229,92,0,92,321
03/29/2006,FTW,TX,ASW,CE,Towers with Radar,0,5,88,0,93,0,0,53,0,53,0,5,141,0,146,68,0,68,214
03/30/2006,FTW,TX,ASW,CE,Towers with Radar,0,16,81,0,97,0,2,51,0,53,0,18,132,0,150,52,0,52,202
03/31/2006,FTW,TX,ASW,CE,Towers with Radar,0,11,94,10,115,0,2,84,2,88,0,13,178,12,203,69,0,69,272
04/01/2006,FTW,TX,ASW,CE,Towers with Radar,0,8,56,0,64,0,0,43,1,44,0,8,99,1,108,74,0,74,182
04/02/2006,FTW,TX,ASW,CE,Towers with Radar,0,5,56,0,61,0,1,63,0,64,0,6,119,0,125,13,0,13,138
04/03/2006,FTW,TX,ASW,CE,Towers with Radar,0,9,76,0,85,0,0,108,0,108,0,9,184,0,193,131,0,131,324
04/04/2006,FTW,TX,ASW,CE,Towers with Radar,0,7,81,3,91,0,6,120,3,129,0,13,201,6,220,117,0,117,337
04/05/2006,FTW,TX,ASW,CE,Towers with Radar,0,18,90,0,108,0,7,96,0,103,0,25,186,0,211,94,0,94,305
04/06/2006,FTW,TX,ASW,CE,Towers with Radar,0,11,82,0,93,0,6,47,0,53,0,17,129,0,146,62,0,62,208
04/07/2006,FTW,TX,ASW,CE,Towers with Radar,0,13,61,5,79,0,10,112,6,128,0,23,173,11,207,66,0,66,273
04/08/2006,FTW,TX,ASW,CE,Towers with Radar,0,10,54,0,64,0,34,78,0,112,0,44,132,0,176,46,0,46,222
04/09/2006,FTW,TX,ASW,CE,Towers with Radar,0,6,59,1,66,0,111,118,0,229,0,117,177,1,295,42,0,42,337
04/10/2006,FTW,TX,ASW,CE,Towers with Radar,0,9,60,3,72,0,3,96,2,101,0,12,156,5,173,108,4,112,285
04/11/2006,FTW,TX,ASW,CE,Towers with Radar,0,16,103,2,121,0,10,97,0,107,0,26,200,2,228,106,0,106,334
04/12/2006,FTW,TX,ASW,CE,Towers with Radar,0,17,81,1,99,0,0,112,8,120,0,17,193,9,219,203,0,203,422
04/13/2006,FTW,TX,ASW,CE,Towers with Radar,0,16,105,0,121,0,2,107,2,111,0,18,212,2,232,101,0,101,333
04/14/2006,FTW,TX,ASW,CE,Towers with Radar,0,4,55,1,60,0,9,116,0,125,0,13,171,1,185,95,0,95,280
04/15/2006,FTW,TX,ASW,CE,Towers with Radar,0,5,36,0,41,0,9,58,0,67,0,14,94,0,108,12,0,12,120
04/16/2006,FTW,TX,ASW,CE,Towers with Radar,0,6,44,1,51,0,6,47,1,54,0,12,91,2,105,50,0,50,155
04/17/2006,FTW,TX,ASW,CE,Towers with Radar,0,2,61,1,64,0,2,98,0,100,0,4,159,1,164,106,0,106,270
04/18/2006,FTW,TX,ASW,CE,Towers with Radar,0,2,62,2,66,0,4,108,2,114,0,6,170,4,180,89,0,89,269
04/19/2006,FTW,TX,ASW,CE,Towers with Radar,0,7,83,1,91,0,4,103,2,109,0,11,186,3,200,66,0,66,266
04/20/2006,FTW,TX,ASW,CE,Towers with Radar,0,10,66,0,76,0,5,50,0,55,0,15,116,0,131,62,0,62,193
04/21/2006,FTW,TX,ASW,CE,Towers with Radar,0,5,88,6,99,0,4,148,3,155,0,9,236,9,254,143,4,147,401
04/22/2006,FTW,TX,ASW,CE,Towers with Radar,0,2,31,0,33,0,0,54,0,54,0,2,85,0,87,132,0,132,219
04/23/2006,FTW,TX,ASW,CE,Towers with Radar,0,0,42,0,42,0,0,12,0,12,0,0,54,0,54,12,0,12,66
04/24/2006,FTW,TX,ASW,CE,Towers with Radar,0,3,24,1,28,0,0,0,1,1,0,3,24,2,29,16,2,18,47
04/25/2006,FTW,TX,ASW,CE,Towers with Radar,0,1,38,0,39,0,0,0,0,0,0,1,38,0,39,24,0,24,63
04/26/2006,FTW,TX,ASW,CE,Towers with Radar,0,1,83,0,84,0,0,18,0,18,0,1,101,0,102,136,0,136,238
04/27/2006,FTW,TX,ASW,CE,Towers with Radar,0,1,95,0,96,0,0,24,0,24,0,1,119,0,120,42,10,52,172
04/28/2006,FTW,TX,ASW,CE,Towers with Radar,0,2,9,2,13,0,0,0,0,0,0,2,9,2,13,0,0,0,13
04/29/2006,FTW,TX,ASW,CE,Towers with Radar,0,0,27,0,27,0,0,0,0,0,0,0,27,0,27,50,0,50,77
04/30/2006,FTW,TX,ASW,CE,Towers with Radar,0,6,42,0,48,0,0,55,0,55,0,6,97,0,103,14,0,14,117
05/01/2006,FTW,TX,ASW,CE,Towers with Radar,0,4,70,0,74,0,0,37,4,41,0,4,107,4,115,88,6,94,209
05/02/2006,FTW,TX,ASW,CE,Towers with Radar,0,10,63,0,73,0,2,38,0,40,0,12,101,0,113,63,0,63,176
05/03/2006,FTW,TX,ASW,CE,Towers with Radar,0,7,56,2,65,0,4,70,0,74,0,11,126,2,139,116,0,116,255
05/04/2006,FTW,TX,ASW,CE,Towers with Radar,0,6,55,0,61,0,0,81,0,81,0,6,136,0,142,32,0,32,174
05/05/2006,FTW,TX,ASW,CE,Towers with Radar,0,7,71,0,78,0,0,63,0,63,0,7,134,0,141,76,0,76,217
05/06/2006,FTW,TX,ASW,CE,Towers with Radar,0,3,37,2,42,0,2,14,2,18,0,5,51,4,60,22,0,22,82
05/07/2006,FTW,TX,ASW,CE,Towers with Radar,0,5,63,0,68,0,1,49,0,50,0,6,112,0,118,49,0,49,167
05/08/2006,FTW,TX,ASW,CE,Towers with Radar,0,6,86,2,94,0,1,58,3,62,0,7,144,5,156,95,0,95,251
05/09/2006,FTW,TX,ASW,CE,Towers with Radar,0,8,98,2,108,0,3,86,1,90,0,11,184,3,198,64,0,64,262
05/10/2006,FTW,TX,ASW,CE,Towers with Radar,0,16,71,2,89,0,2,84,2,88,0,18,155,4,177,62,12,74,251
05/11/2006,FTW,TX,ASW,CE,Towers with Radar,0,6,67,2,75,0,8,89,1,98,0,14,156,3,173,38,0,38,211
05/12/2006,FTW,TX,ASW,CE,Towers with Radar,0,3,90,5,98,0,2,116,3,121,0,5,206,8,219,60,0,60,279
05/13/2006,FTW,TX,ASW,CE,Towers with Radar,0,6,48,3,57,0,9,93,2,104,0,15,141,5,161,18,0,18,179
05/14/2006,FTW,TX,ASW,CE,Towers with Radar,0,7,45,2,54,0,3,42,2,47,0,10,87,4,101,8,0,8,109
05/15/2006,FTW,TX,ASW,CE,Towers with Radar,0,10,78,6,94,0,3,89,6,98,0,13,167,12,192,50,0,50,242
05/16/2006,FTW,TX,ASW,CE,Towers with Radar,0,15,83,0,98,0,7,110,0,117,0,22,193,0,215,52,0,52,267
05/17/2006,FTW,TX,ASW,CE,Towers with Radar,0,16,78,0,94,0,5,126,0,131,0,21,204,0,225,66,0,66,291
05/18/2006,FTW,TX,ASW,CE,Towers with Radar,0,15,79,1,95,0,1,134,3,138,0,16,213,4,233,58,0,58,291
05/19/2006,FTW,TX,ASW,CE,Towers with Radar,0,12,95,1,108,0,0,98,0,98,0,12,193,1,206,44,0,44,250
05/20/2006,FTW,TX,ASW,CE,Towers with Radar,0,10,46,0,56,0,1,66,3,70,0,11,112,3,126,4,0,4,130
05/21/2006,FTW,TX,ASW,CE,Towers with Radar,0,20,73,0,93,0,9,81,4,94,0,29,154,4,187,18,0,18,205
05/22/2006,FTW,TX,ASW,CE,Towers with Radar,0,4,68,2,74,0,1,77,0,78,0,5,145,2,152,36,0,36,188
05/23/2006,FTW,TX,ASW,CE,Towers with Radar,0,5,88,1,94,0,2,103,1,106,0,7,191,2,200,83,4,87,287
05/24/2006,FTW,TX,ASW,CE,Towers with Radar,0,12,70,0,82,0,3,109,0,112,0,15,179,0,194,37,0,37,231
05/25/2006,FTW,TX,ASW,CE,Towers with Radar,0,9,83,2,94,0,3,109,0,112,0,12,192,2,206,46,0,46,252
05/26/2006,FTW,TX,ASW,CE,Towers with Radar,0,5,79,0,84,0,2,98,2,102,0,7,177,2,186,56,0,56,242
05/27/2006,FTW,TX,ASW,CE,Towers with Radar,0,7,59,0,66,0,5,35,0,40,0,12,94,0,106,0,0,0,106
05/28/2006,FTW,TX,ASW,CE,Towers with Radar,0,1,23,0,24,0,6,22,1,29,0,7,45,1,53,0,6,6,59
05/29/2006,FTW,TX,ASW,CE,Towers with Radar,0,2,69,0,71,0,7,77,1,85,0,9,146,1,156,18,0,18,174
05/30/2006,FTW,TX,ASW,CE,Towers with Radar,0,4,79,5,88,0,2,68,1,71,0,6,147,6,159,20,5,25,184
05/31/2006,FTW,TX,ASW,CE,Towers with Radar,0,8,62,3,73,0,4,54,0,58,0,12,116,3,131,43,0,43,174
06/01/2006,FTW,TX,ASW,CE,Towers with Radar,0,13,83,0,96,0,3,61,0,64,0,16,144,0,160,32,0,32,192
06/02/2006,FTW,TX,ASW,CE,Towers with Radar,0,11,77,1,89,0,6,128,0,134,0,17,205,1,223,30,0,30,253
06/03/2006,FTW,TX,ASW,CE,Towers with Radar,0,13,54,0,67,0,5,89,0,94,0,18,143,0,161,37,0,37,198
06/04/2006,FTW,TX,ASW,CE,Towers with Radar,0,7,66,0,73,0,2,73,0,75,0,9,139,0,148,12,0,12,160
06/05/2006,FTW,TX,ASW,CE,Towers with Radar,0,5,68,0,73,0,9,73,0,82,0,14,141,0,155,56,0,56,211
06/06/2006,FTW,TX,ASW,CE,Towers with Radar,0,5,78,0,83,0,4,93,2,99,0,9,171,2,182,16,0,16,198
06/07/2006,FTW,TX,ASW,CE,Towers with Radar,0,10,82,0,92,0,4,92,2,98,0,14,174,2,190,26,0,26,216
06/08/2006,FTW,TX,ASW,CE,Towers with Radar,0,15,78,0,93,0,6,75,2,83,0,21,153,2,176,32,0,32,208
06/09/2006,FTW,TX,ASW,CE,Towers with Radar,0,3,90,1,94,0,15,97,4,116,0,18,187,5,210,35,0,35,245
06/10/2006,FTW,TX,ASW,CE,Towers with Radar,0,3,46,0,49,0,19,143,4,166,0,22,189,4,215,50,0,50,265
06/11/2006,FTW,TX,ASW,CE,Towers with Radar,0,12,62,2,76,0,3,71,1,75,0,15,133,3,151,50,0,50,201
06/12/2006,FTW,TX,ASW,CE,Towers with Radar,0,5,65,7,77,0,8,99,0,107,0,13,164,7,184,44,0,44,228
06/13/2006,FTW,TX,ASW,CE,Towers with Radar,0,16,51,5,72,0,2,75,1,78,0,18,126,6,150,61,0,61,211
06/14/2006,FTW,TX,ASW,CE,Towers with Radar,0,6,56,1,63,0,7,121,3,131,0,13,177,4,194,122,12,134,328
06/15/2006,FTW,TX,ASW,CE,Towers with Radar,0,10,71,1,82,0,3,118,0,121,0,13,189,1,203,50,0,50,253
06/16/2006,FTW,TX,ASW,CE,Towers with Radar,0,10,88,1,99,0,6,69,0,75,0,16,157,1,174,44,0,44,218
06/17/2006,FTW,TX,ASW,CE,Towers with Radar,0,8,43,0,51,0,4,52,3,59,0,12,95,3,110,120,8,128,238
06/18/2006,FTW,TX,ASW,CE,Towers with Radar,0,7,61,0,68,0,2,72,0,74,0,9,133,0,142,12,0,12,154
06/19/2006,FTW,TX,ASW,CE,Towers with Radar,0,9,69,0,78,0,8,93,0,101,0,17,162,0,179,60,0,60,239
06/20/2006,FTW,TX,ASW,CE,Towers with Radar,0,13,87,2,102,0,2,55,0,57,0,15,142,2,159,66,0,66,225
06/21/2006,FTW,TX,ASW,CE,Towers with Radar,0,9,74,1,84,0,7,85,0,92,0,16,159,1,176,173,0,173,349
06/22/2006,FTW,TX,ASW,CE,Towers with Radar,0,5,94,4,103,0,1,98,1,100,0,6,192,5,203,142,0,142,345
06/23/2006,FTW,TX,ASW,CE,Towers with Radar,0,11,60,0,71,0,7,113,0,120,0,18,173,0,191,82,0,82,273
06/24/2006,FTW,TX,ASW,CE,Towers with Radar,0,2,36,0,38,0,3,56,0,59,0,5,92,0,97,76,0,76,173
06/25/2006,FTW,TX,ASW,CE,Towers with Radar,0,3,62,0,65,0,7,76,0,83,0,10,138,0,148,16,0,16,164
06/26/2006,FTW,TX,ASW,CE,Towers with Radar,0,8,64,0,72,0,3,102,0,105,0,11,166,0,177,78,0,78,255
06/27/2006,FTW,TX,ASW,CE,Towers with Radar,0,8,57,2,67,0,4,106,2,112,0,12,163,4,179,98,4,102,281
06/28/2006,FTW,TX,ASW,CE,Towers with Radar,0,5,71,0,76,0,0,112,0,112,0,5,183,0,188,92,0,92,280
06/29/2006,FTW,TX,ASW,CE,Towers with Radar,1,13,91,0,105,0,5,106,1,112,1,18,197,1,217,88,0,88,305
06/30/2006,FTW,TX,ASW,CE,Towers with Radar,0,17,88,1,106,0,2,114,2,118,0,19,202,3,224,104,0,104,328
07/01/2006,FTW,TX,ASW,CE,Towers with Radar,0,9,48,2,59,0,6,73,0,79,0,15,121,2,138,123,0,123,261
07/02/2006,FTW,TX,ASW,CE,Towers with Radar,0,3,45,4,52,0,1,59,1,61,0,4,104,5,113,106,6,112,225
07/03/2006,FTW,TX,ASW,CE,Towers with Radar,0,7,32,2,41,0,0,17,0,17,0,7,49,2,58,142,0,142,200
07/04/2006,FTW,TX,ASW,CE,Towers with Radar,0,10,44,0,54,0,2,23,0,25,0,12,67,0,79,63,0,63,142
07/05/2006,FTW,TX,ASW,CE,Towers with Radar,0,10,55,0,65,0,4,55,1,60,0,14,110,1,125,53,0,53,178
07/06/2006,FTW,TX,ASW,CE,Towers with Radar,0,8,86,0,94,0,4,78,0,82,0,12,164,0,176,96,0,96,272
07/07/2006,FTW,TX,ASW,CE,Towers with Radar,0,3,79,4,86,0,3,112,2,117,0,6,191,6,203,153,0,153,356
07/08/2006,FTW,TX,ASW,CE,Towers with Radar,0,10,58,0,68,0,10,83,0,93,0,20,141,0,161,184,0,184,345
07/09/2006,FTW,TX,ASW,CE,Towers with Radar,0,12,32,0,44,0,3,62,0,65,0,15,94,0,109,16,0,16,125
07/10/2006,FTW,TX,ASW,CE,Towers with Radar,0,6,74,0,80,0,5,89,1,95,0,11,163,1,175,58,0,58,233
07/11/2006,FTW,TX,ASW,CE,Towers with Radar,0,10,65,3,78,0,1,110,3,114,0,11,175,6,192,44,0,44,236
07/12/2006,FTW,TX,ASW,CE,Towers with Radar,0,8,99,1,108,0,1,119,0,120,0,9,218,1,228,91,0,91,319
07/13/2006,FTW,TX,ASW,CE,Towers with Radar,0,8,83,7,98,0,5,114,3,122,0,13,197,10,220,82,0,82,302
07/14/2006,FTW,TX,ASW,CE,Towers with Radar,0,8,82,13,103,0,18,110,4,132,0,26,192,17,235,106,4,110,345
07/15/2006,FTW,TX,ASW,CE,Towers with Radar,0,1,55,0,56,0,7,84,0,91,0,8,139,0,147,122,0,122,269
07/16/2006,FTW,TX,ASW,CE,Towers with Radar,0,3,41,4,48,0,2,60,1,63,0,5,101,5,111,18,2,20,131
07/17/2006,FTW,TX,ASW,CE,Towers with Radar,0,3,56,3,62,0,0,99,2,101,0,3,155,5,163,157,0,157,320
07/18/2006,FTW,TX,ASW,CE,Towers with Radar,0,2,62,0,64,0,9,102,0,111,0,11,164,0,175,124,0,124,299
07/19/2006,FTW,TX,ASW,CE,Towers with Radar,0,5,57,1,63,0,2,106,1,109,0,7,163,2,172,44,0,44,216
07/20/2006,FTW,TX,ASW,CE,Towers with Radar,0,9,91,2,102,0,3,104,2,109,0,12,195,4,211,78,5,83,294
07/21/2006,FTW,TX,ASW,CE,Towers with Radar,0,6,54,3,63,0,3,115,2,120,0,9,169,5,183,72,4,76,259
07/22/2006,FTW,TX,ASW,CE,Towers with Radar,0,6,48,0,54,0,1,86,2,89,0,7,134,2,143,62,0,62,205
07/23/2006,FTW,TX,ASW,CE,Towers with Radar,0,11,50,5,66,0,2,72,1,75,0,13,122,6,141,20,0,20,161
07/24/2006,FTW,TX,ASW,CE,Towers with Radar,0,9,74,1,84,0,1,88,0,89,0,10,162,1,173,110,0,110,283
07/25/2006,FTW,TX,ASW,CE,Towers with Radar,0,6,78,0,84,0,3,100,1,104,0,9,178,1,188,56,0,56,244
07/26/2006,FTW,TX,ASW,CE,Towers with Radar,0,9,114,0,123,0,7,89,0,96,0,16,203,0,219,98,0,98,317
07/27/2006,FTW,TX,ASW,CE,Towers with Radar,0,12,86,0,98,0,14,95,0,109,0,26,181,0,207,152,0,152,359
07/28/2006,FTW,TX,ASW,CE,Towers with Radar,0,11,60,0,71,0,7,97,2,106,0,18,157,2,177,5,16,21,198
07/29/2006,FTW,TX,ASW,CE,Towers with Radar,0,5,49,0,54,0,8,104,2,114,0,13,153,2,168,58,0,58,226
07/30/2006,FTW,TX,ASW,CE,Towers with Radar,0,9,57,0,66,0,3,64,0,67,0,12,121,0,133,53,0,53,186
07/31/2006,FTW,TX,ASW,CE,Towers with Radar,0,12,61,2,75,0,4,98,0,102,0,16,159,2,177,74,0,74,251
08/01/2006,FTW,TX,ASW,CE,Towers with Radar,0,4,49,2,55,0,9,65,0,74,0,13,114,2,129,34,0,34,163
08/02/2006,FTW,TX,ASW,CE,Towers with Radar,0,4,66,3,73,0,6,96,2,104,0,10,162,5,177,42,0,42,219
08/03/2006,FTW,TX,ASW,CE,Towers with Radar,0,7,86,1,94,0,1,100,3,104,0,8,186,4,198,72,0,72,270
08/04/2006,FTW,TX,ASW,CE,Towers with Radar,0,7,56,2,65,0,2,64,0,66,0,9,120,2,131,164,0,164,295
08/05/2006,FTW,TX,ASW,CE,Towers with Radar,0,5,44,0,49,0,4,100,0,104,0,9,144,0,153,156,0,156,309
08/06/2006,FTW,TX,ASW,CE,Towers with Radar,0,7,56,0,63,0,2,73,0,75,0,9,129,0,138,50,0,50,188
08/07/2006,FTW,TX,ASW,CE,Towers with Radar,0,5,47,0,52,0,2,73,0,75,0,7,120,0,127,56,0,56,183
08/08/2006,FTW,TX,ASW,CE,Towers with Radar,0,9,50,1,60,0,5,89,0,94,0,14,139,1,154,94,0,94,248
08/09/2006,FTW,TX,ASW,CE,Towers with Radar,0,7,72,0,79,0,3,98,1,102,0,10,170,1,181,51,0,51,232
08/10/2006,FTW,TX,ASW,CE,Towers with Radar,0,2,93,1,96,0,10,124,1,135,0,12,217,2,231,110,0,110,341
08/11/2006,FTW,TX,ASW,CE,Towers with Radar,0,11,79,19,109,0,2,118,1,121,0,13,197,20,230,35,2,37,267
08/12/2006,FTW,TX,ASW,CE,Towers with Radar,0,0,49,8,57,0,1,127,1,129,0,1,176,9,186,86,0,86,272
08/13/2006,FTW,TX,ASW,CE,Towers with Radar,0,7,61,8,76,0,1,78,10,89,0,8,139,18,165,24,2,26,191
08/14/2006,FTW,TX,ASW,CE,Towers with Radar,0,5,55,1,61,0,1,72,0,73,0,6,127,1,134,100,0,100,234
08/15/2006,FTW,TX,ASW,CE,Towers with Radar,0,6,80,4,90,0,1,95,5,101,0,7,175,9,191,100,0,100,291
08/16/2006,FTW,TX,ASW,CE,Towers with Radar,0,7,66,1,74,0,5,95,2,102,0,12,161,3,176,46,0,46,222
08/17/2006,FTW,TX,ASW,CE,Towers with Radar,0,4,94,0,98,0,3,73,2,78,0,7,167,2,176,36,0,36,212
08/18/2006,FTW,TX,ASW,CE,Towers with Radar,0,8,88,4,100,0,9,88,0,97,0,17,176,4,197,50,0,50,247
08/19/2006,FTW,TX,ASW,CE,Towers with Radar,0,1,47,0,48,0,1,96,0,97,0,2,143,0,145,102,0,102,247
08/20/2006,FTW,TX,ASW,CE,Towers with Radar,0,10,57,3,70,0,2,69,7,78,0,12,126,10,148,8,8,16,164
08/21/2006,FTW,TX,ASW,CE,Towers with Radar,0,11,63,4,78,0,4,89,2,95,0,15,152,6,173,20,0,20,193
08/22/2006,FTW,TX,ASW,CE,Towers with Radar,0,17,65,2,84,0,3,85,6,94,0,20,150,8,178,122,2,124,302
08/23/2006,FTW,TX,ASW,CE,Towers with Radar,0,9,86,1,96,0,4,83,1,88,0,13,169,2,184,80,0,80,264
08/24/2006,FTW,TX,ASW,CE,Towers with Radar,0,4,71,7,82,0,1,99,0,100,0,5,170,7,182,44,0,44,226
08/25/2006,FTW,TX,ASW,CE,Towers with Radar,0,7,69,1,77,0,2,102,2,106,0,9,171,3,183,64,0,64,247
08/26/2006,FTW,TX,ASW,CE,Towers with Radar,0,5,53,0,58,0,3,127,0,130,0,8,180,0,188,66,0,66,254
08/27/2006,FTW,TX,ASW,CE,Towers with Radar,0,2,60,0,62,0,7,49,0,56,0,9,109,0,118,14,0,14,132
08/28/2006,FTW,TX,ASW,CE,Towers with Radar,0,5,52,3,60,0,0,4,0,4,0,5,56,3,64,4,0,4,68
08/29/2006,FTW,TX,ASW,CE,Towers with Radar,0,9,73,2,84,0,5,59,0,64,0,14,132,2,148,62,6,68,216
08/30/2006,FTW,TX,ASW,CE,Towers with Radar,0,10,75,2,87,0,5,103,1,109,0,15,178,3,196,74,4,78,274
08/31/2006,FTW,TX,ASW,CE,Towers with Radar,0,7,66,0,73,0,1,108,0,109,0,8,174,0,182,114,0,114,296
09/01/2006,FTW,TX,ASW,CE,Towers with Radar,0,12,79,0,91,0,7,105,0,112,0,19,184,0,203,92,0,92,295
09/02/2006,FTW,TX,ASW,CE,Towers with Radar,0,6,34,0,40,0,1,78,0,79,0,7,112,0,119,68,0,68,187
09/03/2006,FTW,TX,ASW,CE,Towers with Radar,0,3,31,1,35,0,5,26,0,31,0,8,57,1,66,12,0,12,78
09/04/2006,FTW,TX,ASW,CE,Towers with Radar,0,5,58,0,63,0,0,2,0,2,0,5,60,0,65,7,0,7,72
09/05/2006,FTW,TX,ASW,CE,Towers with Radar,0,9,73,1,83,0,2,66,0,68,0,11,139,1,151,68,0,68,219
09/06/2006,FTW,TX,ASW,CE,Towers with Radar,0,9,82,0,91,0,4,80,0,84,0,13,162,0,175,84,0,84,259
09/07/2006,FTW,TX,ASW,CE,Towers with Radar,0,5,67,1,73,0,4,96,2,102,0,9,163,3,175,125,0,125,300
09/08/2006,FTW,TX,ASW,CE,Towers with Radar,0,5,64,4,73,0,2,89,0,91,0,7,153,4,164,94,0,94,258
09/09/2006,FTW,TX,ASW,CE,Towers with Radar,0,8,55,1,64,0,0,106,0,106,0,8,161,1,170,116,0,116,286
09/10/2006,FTW,TX,ASW,CE,Towers with Radar,0,11,85,1,97,0,0,82,0,82,0,11,167,1,179,60,0,60,239
09/11/2006,FTW,TX,ASW,CE,Towers with Radar,0,9,67,2,78,0,8,64,0,72,0,17,131,2,150,84,0,84,234
09/12/2006,FTW,TX,ASW,CE,Towers with Radar,0,14,84,3,101,0,6,107,0,113,0,20,191,3,214,126,0,126,340
09/13/2006,FTW,TX,ASW,CE,Towers with Radar,1,8,83,1,93,0,11,123,0,134,1,19,206,1,227,272,0,272,499
09/14/2006,FTW,TX,ASW,CE,Towers with Radar,0,11,74,0,85,0,10,124,0,134,0,21,198,0,219,230,0,230,449
09/15/2006,FTW,TX,ASW,CE,Towers with Radar,0,10,86,1,97,0,1,107,1,109,0,11,193,2,206,122,16,138,344
09/16/2006,FTW,TX,ASW,CE,Towers with Radar,2,3,84,0,89,0,6,60,3,69,2,9,144,3,158,74,0,74,232
09/17/2006,FTW,TX,ASW,CE,Towers with Radar,0,8,94,0,102,0,2,32,2,36,0,10,126,2,138,0,0,0,138
09/18/2006,FTW,TX,ASW,CE,Towers with Radar,0,4,63,1,68,0,3,93,0,96,0,7,156,1,164,110,0,110,274
09/19/2006,FTW,TX,ASW,CE,Towers with Radar,0,7,68,1,76,0,3,127,1,131,0,10,195,2,207,110,0,110,317
09/20/2006,FTW,TX,ASW,CE,Towers with Radar,0,13,98,0,111,0,6,134,0,140,0,19,232,0,251,106,0,106,357
09/21/2006,FTW,TX,ASW,CE,Towers with Radar,0,16,86,5,107,0,1,105,1,107,0,17,191,6,214,68,0,68,282
09/22/2006,FTW,TX,ASW,CE,Towers with Radar,0,5,73,11,89,0,3,102,0,105,0,8,175,11,194,52,0,52,246
09/23/2006,FTW,TX,ASW,CE,Towers with Radar,0,10,40,0,50,0,1,57,0,58,0,11,97,0,108,62,0,62,170
09/24/2006,FTW,TX,ASW,CE,Towers with Radar,0,6,58,0,64,0,6,92,2,100,0,12,150,2,164,10,0,10,174
09/25/2006,FTW,TX,ASW,CE,Towers with Radar,0,8,74,2,84,0,3,135,0,138,0,11,209,2,222,181,0,181,403
09/26/2006,FTW,TX,ASW,CE,Towers with Radar,0,10,71,5,86,0,5,153,0,158,0,15,224,5,244,246,0,246,490
09/27/2006,FTW,TX,ASW,CE,Towers with Radar,1,9,65,3,78,0,1,130,1,132,1,10,195,4,210,148,0,148,358
09/28/2006,FTW,TX,ASW,CE,Towers with Radar,1,10,103,2,116,0,3,115,2,120,1,13,218,4,236,118,0,118,354
09/29/2006,FTW,TX,ASW,CE,Towers with Radar,0,14,98,0,112,0,8,140,3,151,0,22,238,3,263,136,0,136,399
09/30/2006,FTW,TX,ASW,CE,Towers with Radar,1,11,38,0,50,0,5,112,0,117,1,16,150,0,167,86,0,86,253
10/01/2006,FTW,TX,ASW,CE,Towers with Radar,1,5,62,2,70,0,7,105,0,112,1,12,167,2,182,2,0,2,184
10/02/2006,FTW,TX,ASW,CE,Towers with Radar,0,14,54,0,68,0,3,105,0,108,0,17,159,0,176,144,0,144,320
10/03/2006,FTW,TX,ASW,CE,Towers with Radar,0,2,91,0,93,0,1,144,0,145,0,3,235,0,238,134,0,134,372
10/04/2006,FTW,TX,ASW,CE,Towers with Radar,0,12,79,1,92,0,2,135,1,138,0,14,214,2,230,262,0,262,492
10/05/2006,FTW,TX,ASW,CE,Towers with Radar,0,7,92,0,99,0,5,148,0,153,0,12,240,0,252,221,0,221,473
10/06/2006,FTW,TX,ASW,CE,Towers with Radar,0,21,78,0,99,0,10,126,0,136,0,31,204,0,235,168,0,168,403
10/07/2006,FTW,TX,ASW,CE,Towers with Radar,0,4,62,0,66,0,8,125,0,133,0,12,187,0,199,88,0,88,287
10/08/2006,FTW,TX,ASW,CE,Towers with Radar,0,6,62,0,68,0,0,100,0,100,0,6,162,0,168,70,0,70,238
10/09/2006,FTW,TX,ASW,CE,Towers with Radar,0,8,59,0,67,0,1,99,0,100,0,9,158,0,167,146,0,146,313
10/10/2006,FTW,TX,ASW,CE,Towers with Radar,0,10,50,2,62,0,2,11,0,13,0,12,61,2,75,91,0,91,166
10/11/2006,FTW,TX,ASW,CE,Towers with Radar,0,21,94,0,115,0,11,133,0,144,0,32,227,0,259,202,0,202,461
10/12/2006,FTW,TX,ASW,CE,Towers with Radar,0,9,78,4,91,0,8,75,0,83,0,17,153,4,174,66,0,66,240
10/13/2006,FTW,TX,ASW,CE,Towers with Radar,0,4,56,0,60,0,5,113,2,120,0,9,169,2,180,120,0,120,300
10/14/2006,FTW,TX,ASW,CE,Towers with Radar,0,14,44,0,58,0,6,65,0,71,0,20,109,0,129,80,0,80,209
10/15/2006,FTW,TX,ASW,CE,Towers with Radar,0,6,64,0,70,0,0,0,0,0,0,6,64,0,70,0,0,0,70
10/16/2006,FTW,TX,ASW,CE,Towers with Radar,0,5,55,0,60,0,3,22,2,27,0,8,77,2,87,45,0,45,132
10/17/2006,FTW,TX,ASW,CE,Towers with Radar,0,10,69,0,79,0,9,101,0,110,0,19,170,0,189,103,0,103,292
10/18/2006,FTW,TX,ASW,CE,Towers with Radar,0,4,75,0,79,0,10,76,0,86,0,14,151,0,165,130,0,130,295
10/19/2006,FTW,TX,ASW,CE,Towers with Radar,0,7,82,1,90,0,0,63,0,63,0,7,145,1,153,57,0,57,210
10/20/2006,FTW,TX,ASW,CE,Towers with Radar,0,8,55,0,63,0,4,141,0,145,0,12,196,0,208,144,0,144,352
10/21/2006,FTW,TX,ASW,CE,Towers with Radar,0,6,40,0,46,0,6,100,0,106,0,12,140,0,152,29,0,29,181
10/22/2006,FTW,TX,ASW,CE,Towers with Radar,0,2,54,0,56,0,5,103,0,108,0,7,157,0,164,6,0,6,170
10/23/2006,FTW,TX,ASW,CE,Towers with Radar,0,8,77,1,86,0,2,87,1,90,0,10,164,2,176,148,0,148,324
10/24/2006,FTW,TX,ASW,CE,Towers with Radar,0,6,87,0,93,0,3,87,0,90,0,9,174,0,183,111,0,111,294
10/25/2006,FTW,TX,ASW,CE,Towers with Radar,0,11,129,0,140,0,0,3,0,3,0,11,132,0,143,17,0,17,160
10/26/2006,FTW,TX,ASW,CE,Towers with Radar,0,14,67,0,81,0,5,100,0,105,0,19,167,0,186,89,0,89,275
10/27/2006,FTW,TX,ASW,CE,Towers with Radar,0,14,69,0,83,0,8,50,0,58,0,22,119,0,141,10,0,10,151
10/28/2006,FTW,TX,ASW,CE,Towers with Radar,0,13,56,0,69,0,2,139,0,141,0,15,195,0,210,84,0,84,294
10/29/2006,FTW,TX,ASW,CE,Towers with Radar,0,12,60,0,72,0,1,93,0,94,0,13,153,0,166,28,0,28,194
10/30/2006,FTW,TX,ASW,CE,Towers with Radar,0,0,50,0,50,0,6,61,0,67,0,6,111,0,117,88,0,88,205
10/31/2006,FTW,TX,ASW,CE,Towers with Radar,0,7,51,1,59,0,11,94,0,105,0,18,145,1,164,154,0,154,318
11/01/2006,FTW,TX,ASW,CE,Towers with Radar,0,10,80,1,91,0,14,124,1,139,0,24,204,2,230,206,0,206,436
11/02/2006,FTW,TX,ASW,CE,Towers with Radar,0,9,79,2,90,0,8,121,0,129,0,17,200,2,219,28,0,28,247
11/03/2006,FTW,TX,ASW,CE,Towers with Radar,0,12,81,0,93,0,7,146,1,154,0,19,227,1,247,152,0,152,399
11/04/2006,FTW,TX,ASW,CE,Towers with Radar,0,7,61,0,68,0,6,126,2,134,0,13,187,2,202,156,0,156,358
11/05/2006,FTW,TX,ASW,CE,Towers with Radar,0,27,66,0,93,0,90,13,0,103,0,117,79,0,196,4,0,4,200
11/06/2006,FTW,TX,ASW,CE,Towers with Radar,0,15,59,0,74,0,4,25,3,32,0,19,84,3,106,51,4,55,161
11/07/2006,FTW,TX,ASW,CE,Towers with Radar,0,13,59,0,72,0,8,113,1,122,0,21,172,1,194,194,0,194,388
11/08/2006,FTW,TX,ASW,CE,Towers with Radar,0,16,53,1,70,0,5,115,5,125,0,21,168,6,195,141,0,141,336
11/09/2006,FTW,TX,ASW,CE,Towers with Radar,0,12,67,1,80,0,1,88,2,91,0,13,155,3,171,134,0,134,305
11/10/2006,FTW,TX,ASW,CE,Towers with Radar,0,10,79,0,89,0,4,103,2,109,0,14,182,2,198,40,0,40,238
11/11/2006,FTW,TX,ASW,CE,Towers with Radar,0,13,37,0,50,0,0,116,0,116,0,13,153,0,166,98,0,98,264
11/12/2006,FTW,TX,ASW,CE,Towers with Radar,0,11,53,1,65,0,4,69,2,75,0,15,122,3,140,10,2,12,152
11/13/2006,FTW,TX,ASW,CE,Towers with Radar,0,4,64,3,71,0,6,85,4,95,0,10,149,7,166,92,0,92,258
11/14/2006,FTW,TX,ASW,CE,Towers with Radar,0,11,61,1,73,0,4,116,3,123,0,15,177,4,196,78,0,78,274
11/15/2006,FTW,TX,ASW,CE,Towers with Radar,0,1,76,0,77,0,0,10,0,10,0,1,86,0,87,0,0,0,87
11/16/2006,FTW,TX,ASW,CE,Towers with Radar,0,10,80,4,94,0,2,172,4,178,0,12,252,8,272,219,9,228,500
11/17/2006,FTW,TX,ASW,CE,Towers with Radar,2,14,96,0,112,0,3,160,2,165,2,17,256,2,277,242,2,244,521
11/18/2006,FTW,TX,ASW,CE,Towers with Radar,2,11,45,0,58,0,7,172,1,180,2,18,217,1,238,165,0,165,403
11/19/2006,FTW,TX,ASW,CE,Towers with Radar,0,1,47,2,50,0,9,82,1,92,0,10,129,3,142,64,16,80,222
11/20/2006,FTW,TX,ASW,CE,Towers with Radar,0,4,63,0,67,0,11,119,6,136,0,15,182,6,203,214,0,214,417
11/21/2006,FTW,TX,ASW,CE,Towers with Radar,0,9,70,0,79,0,9,120,2,131,0,18,190,2,210,84,0,84,294
11/22/2006,FTW,TX,ASW,CE,Towers with Radar,0,4,90,2,96,0,5,113,0,118,0,9,203,2,214,180,0,180,394
11/23/2006,FTW,TX,ASW,CE,Towers with Radar,0,5,16,0,21,0,5,42,1,48,0,10,58,1,69,16,0,16,85
11/24/2006,FTW,TX,ASW,CE,Towers with Radar,0,3,63,0,66,0,4,86,1,91,0,7,149,1,157,84,0,84,241
11/25/2006,FTW,TX,ASW,CE,Towers with Radar,0,11,71,0,82,0,7,66,0,73,0,18,137,0,155,172,0,172,327
11/26/2006,FTW,TX,ASW,CE,Towers with Radar,0,8,77,0,85,0,2,57,1,60,0,10,134,1,145,50,0,50,195
11/27/2006,FTW,TX,ASW,CE,Towers with Radar,0,11,82,0,93,0,4,17,0,21,0,15,99,0,114,0,0,0,114
11/28/2006,FTW,TX,ASW,CE,Towers with Radar,1,19,63,4,87,0,5,80,2,87,1,24,143,6,174,78,0,78,252
11/29/2006,FTW,TX,ASW,CE,Towers with Radar,0,12,74,0,86,0,3,28,1,32,0,15,102,1,118,7,0,7,125
11/30/2006,FTW,TX,ASW,CE,Towers with Radar,0,10,37,0,47,0,0,3,0,3,0,10,40,0,50,0,0,0,50
12/01/2006,FTW,TX,ASW,CE,Towers with Radar,0,1,76,2,79,0,4,129,2,135,0,5,205,4,214,52,0,52,266
12/02/2006,FTW,TX,ASW,CE,Towers with Radar,2,0,38,0,40,0,4,118,0,122,2,4,156,0,162,160,0,160,322
12/03/2006,FTW,TX,ASW,CE,Towers with Radar,0,8,70,0,78,0,1,75,0,76,0,9,145,0,154,38,0,38,192
12/04/2006,FTW,TX,ASW,CE,Towers with Radar,0,13,65,1,79,0,6,76,2,84,0,19,141,3,163,90,0,90,253
12/05/2006,FTW,TX,ASW,CE,Towers with Radar,0,13,94,4,111,0,10,95,2,107,0,23,189,6,218,130,0,130,348
12/06/2006,FTW,TX,ASW,CE,Towers with Radar,0,10,82,1,93,0,9,103,1,113,0,19,185,2,206,50,0,50,256
12/07/2006,FTW,TX,ASW,CE,Towers with Radar,0,3,79,6,88,0,3,89,0,92,0,6,168,6,180,70,2,72,252
12/08/2006,FTW,TX,ASW,CE,Towers with Radar,0,7,102,0,109,0,4,118,1,123,0,11,220,1,232,124,0,124,356
12/09/2006,FTW,TX,ASW,CE,Towers with Radar,0,2,51,1,54,0,4,91,0,95,0,6,142,1,149,184,0,184,333
12/10/2006,FTW,TX,ASW,CE,Towers with Radar,0,11,75,1,87,0,0,21,0,21,0,11,96,1,108,56,0,56,164
12/11/2006,FTW,TX,ASW,CE,Towers with Radar,0,12,63,2,77,0,10,58,0,68,0,22,121,2,145,62,0,62,207
12/12/2006,FTW,TX,ASW,CE,Towers with Radar,0,15,69,0,84,0,8,109,0,117,0,23,178,0,201,128,0,128,329
12/13/2006,FTW,TX,ASW,CE,Towers with Radar,0,7,96,5,108,0,3,124,0,127,0,10,220,5,235,84,0,84,319
12/14/2006,FTW,TX,ASW,CE,Towers with Radar,0,7,87,2,96,0,6,124,2,132,0,13,211,4,228,62,0,62,290
12/15/2006,FTW,TX,ASW,CE,Towers with Radar,0,16,112,0,128,0,1,114,0,115,0,17,226,0,243,65,0,65,308
12/16/2006,FTW,TX,ASW,CE,Towers with Radar,0,6,66,2,74,0,6,66,0,72,0,12,132,2,146,58,0,58,204
12/17/2006,FTW,TX,ASW,CE,Towers with Radar,0,10,67,0,77,0,4,85,0,89,0,14,152,0,166,38,0,38,204
12/18/2006,FTW,TX,ASW,CE,Towers with Radar,0,7,87,0,94,0,6,40,0,46,0,13,127,0,140,145,0,145,285
12/19/2006,FTW,TX,ASW,CE,Towers with Radar,0,1,50,0,51,0,0,0,0,0,0,1,50,0,51,0,0,0,51
12/20/2006,FTW,TX,ASW,CE,Towers with Radar,5,11,59,2,77,0,4,44,0,48,5,15,103,2,125,72,0,72,197
12/21/2006,FTW,TX,ASW,CE,Towers with Radar,0,3,73,1,77,0,7,71,2,80,0,10,144,3,157,68,0,68,225
12/22/2006,FTW,TX,ASW,CE,Towers with Radar,2,8,76,4,90,0,7,121,2,130,2,15,197,6,220,112,2,114,334
12/23/2006,FTW,TX,ASW,CE,Towers with Radar,0,17,60,0,77,0,15,128,0,143,0,32,188,0,220,50,0,50,270
12/24/2006,FTW,TX,ASW,CE,Towers with Radar,4,4,25,0,33,0,4,10,0,14,4,8,35,0,47,10,0,10,57
12/25/2006,FTW,TX,ASW,CE,Towers with Radar,0,7,9,0,16,0,2,10,0,12,0,9,19,0,28,0,0,0,28
12/26/2006,FTW,TX,ASW,CE,Towers with Radar,0,6,69,0,75,0,6,89,0,95,0,12,158,0,170,50,0,50,220
12/27/2006,FTW,TX,ASW,CE,Towers with Radar,0,9,50,0,59,0,5,72,0,77,0,14,122,0,136,94,0,94,230
12/28/2006,FTW,TX,ASW,CE,Towers with Radar,0,9,56,0,65,0,0,32,0,32,0,9,88,0,97,44,0,44,141
12/29/2006,FTW,TX,ASW,CE,Towers with Radar,0,7,30,0,37,0,0,2,0,2,0,7,32,0,39,4,0,4,43
12/30/2006,FTW,TX,ASW,CE,Towers with Radar,0,6,44,0,50,0,4,79,0,83,0,10,123,0,133,74,0,74,207
12/31/2006,FTW,TX,ASW,CE,Towers with Radar,0,6,26,0,32,0,4,30,0,34,0,10,56,0,66,16,0,16,82
01/01/2007,FTW,TX,ASW,CE,Towers with Radar,0,6,31,0,37,0,2,45,0,47,0,8,76,0,84,20,0,20,104
01/02/2007,FTW,TX,ASW,CE,Towers with Radar,0,7,63,0,70,0,3,67,0,70,0,10,130,0,140,88,0,88,228
01/03/2007,FTW,TX,ASW,CE,Towers with Radar,0,11,60,0,71,0,5,59,0,64,0,16,119,0,135,66,0,66,201
01/04/2007,FTW,TX,ASW,CE,Towers with Radar,0,14,69,0,83,0,0,7,0,7,0,14,76,0,90,2,0,2,92
01/05/2007,FTW,TX,ASW,CE,Towers with Radar,0,9,67,0,76,0,2,36,0,38,0,11,103,0,114,36,0,36,150
01/06/2007,FTW,TX,ASW,CE,Towers with Radar,0,7,80,0,87,0,4,62,0,66,0,11,142,0,153,74,0,74,227
01/07/2007,FTW,TX,ASW,CE,Towers with Radar,0,4,47,0,51,0,7,54,0,61,0,11,101,0,112,32,0,32,144
01/08/2007,FTW,TX,ASW,CE,Towers with Radar,0,4,41,2,47,0,13,91,3,107,0,17,132,5,154,104,2,106,260
01/09/2007,FTW,TX,ASW,CE,Towers with Radar,0,13,60,0,73,0,7,111,2,120,0,20,171,2,193,164,0,164,357
01/10/2007,FTW,TX,ASW,CE,Towers with Radar,0,11,69,0,80,0,7,100,0,107,0,18,169,0,187,86,0,86,273
01/11/2007,FTW,TX,ASW,CE,Towers with Radar,0,19,93,0,112,0,7,31,1,39,0,26,124,1,151,30,0,30,181
01/12/2007,FTW,TX,ASW,CE,Towers with Radar,0,9,59,0,68,0,0,6,0,6,0,9,65,0,74,24,0,24,98
01/13/2007,FTW,TX,ASW,CE,Towers with Radar,0,0,12,0,12,0,0,0,0,0,0,0,12,0,12,0,0,0,12
01/14/2007,FTW,TX,ASW,CE,Towers with Radar,0,5,16,0,21,0,0,0,0,0,0,5,16,0,21,0,0,0,21
01/15/2007,FTW,TX,ASW,CE,Towers with Radar,0,9,41,0,50,0,1,15,0,16,0,10,56,0,66,16,0,16,82
01/16/2007,FTW,TX,ASW,CE,Towers with Radar,0,3,60,0,63,0,7,44,0,51,0,10,104,0,114,50,0,50,164
01/17/2007,FTW,TX,ASW,CE,Towers with Radar,0,3,24,0,27,0,2,4,0,6,0,5,28,0,33,0,0,0,33
01/18/2007,FTW,TX,ASW,CE,Towers with Radar,0,5,75,0,80,0,2,23,0,25,0,7,98,0,105,26,0,26,131
01/19/2007,FTW,TX,ASW,CE,Towers with Radar,0,13,45,1,59,0,1,35,0,36,0,14,80,1,95,44,0,44,139
01/20/2007,FTW,TX,ASW,CE,Towers with Radar,0,6,21,0,27,0,0,1,0,1,0,6,22,0,28,0,0,0,28
01/21/2007,FTW,TX,ASW,CE,Towers with Radar,0,6,37,0,43,0,2,107,2,111,0,8,144,2,154,48,0,48,202
01/22/2007,FTW,TX,ASW,CE,Towers with Radar,0,9,70,0,79,0,6,61,0,67,0,15,131,0,146,80,0,80,226
01/23/2007,FTW,TX,ASW,CE,Towers with Radar,0,7,51,7,65,0,15,66,0,81,0,22,117,7,146,52,26,78,224
01/24/2007,FTW,TX,ASW,CE,Towers with Radar,0,18,76,0,94,0,3,71,0,74,0,21,147,0,168,64,0,64,232
01/25/2007,FTW,TX,ASW,CE,Towers with Radar,0,8,61,0,69,0,4,130,1,135,0,12,191,1,204,166,2,168,372
01/26/2007,FTW,TX,ASW,CE,Towers with Radar,0,6,81,3,90,0,5,163,3,171,0,11,244,6,261,82,0,82,343
01/27/2007,FTW,TX,ASW,CE,Towers with Radar,0,2,46,2,50,0,0,78,2,80,0,2,124,4,130,98,0,98,228
01/28/2007,FTW,TX,ASW,CE,Towers with Radar,0,3,46,1,50,0,6,106,4,116,0,9,152,5,166,104,0,104,270
01/29/2007,FTW,TX,ASW,CE,Towers with Radar,0,16,58,2,76,0,6,94,1,101,0,22,152,3,177,108,0,108,285
01/30/2007,FTW,TX,ASW,CE,Towers with Radar,0,11,60,1,72,0,1,87,0,88,0,12,147,1,160,60,0,60,220
01/31/2007,FTW,TX,ASW,CE,Towers with Radar,0,13,57,3,73,0,2,18,0,20,0,15,75,3,93,28,0,28,121
02/01/2007,FTW,TX,ASW,CE,Towers with Radar,0,12,81,0,93,0,0,0,0,0,0,12,81,0,93,2,0,2,95
02/02/2007,FTW,TX,ASW,CE,Towers with Radar,0,10,88,1,99,0,5,36,0,41,0,15,124,1,140,100,0,100,240
02/03/2007,FTW,TX,ASW,CE,Towers with Radar,0,8,41,1,50,0,7,106,7,120,0,15,147,8,170,71,22,93,263
02/04/2007,FTW,TX,ASW,CE,Towers with Radar,0,8,49,3,60,0,0,73,3,76,0,8,122,6,136,84,0,84,220
02/05/2007,FTW,TX,ASW,CE,Towers with Radar,0,13,53,1,67,0,8,123,3,134,0,21,176,4,201,66,0,66,267
02/06/2007,FTW,TX,ASW,CE,Towers with Radar,0,7,95,2,104,0,7,140,4,151,0,14,235,6,255,88,0,88,343
02/07/2007,FTW,TX,ASW,CE,Towers with Radar,0,4,67,0,71,0,2,113,1,116,0,6,180,1,187,152,0,152,339
02/08/2007,FTW,TX,ASW,CE,Towers with Radar,2,23,129,0,154,0,0,0,0,0,2,23,129,0,154,22,0,22,176
02/09/2007,FTW,TX,ASW,CE,Towers with Radar,1,19,91,0,111,0,0,27,0,27,1,19,118,0,138,46,0,46,184
02/10/2007,FTW,TX,ASW,CE,Towers with Radar,0,1,52,1,54,0,0,84,0,84,0,1,136,1,138,110,0,110,248
02/11/2007,FTW,TX,ASW,CE,Towers with Radar,0,11,69,0,80,0,3,24,0,27,0,14,93,0,107,88,0,88,195
02/12/2007,FTW,TX,ASW,CE,Towers with Radar,0,6,58,0,64,0,2,14,0,16,0,8,72,0,80,34,0,34,114
02/13/2007,FTW,TX,ASW,CE,Towers with Radar,0,9,83,0,92,0,4,46,0,50,0,13,129,0,142,16,0,16,158
02/14/2007,FTW,TX,ASW,CE,Towers with Radar,0,19,53,0,72,0,6,55,0,61,0,25,108,0,133,70,0,70,203
02/15/2007,FTW,TX,ASW,CE,Towers with Radar,0,9,92,0,101,0,4,74,0,78,0,13,166,0,179,98,0,98,277
02/16/2007,FTW,TX,ASW,CE,Towers with Radar,0,13,81,3,97,0,4,140,0,144,0,17,221,3,241,129,0,129,370
02/17/2007,FTW,TX,ASW,CE,Towers with Radar,4,8,32,1,45,0,5,95,5,105,4,13,127,6,150,36,0,36,186
02/18/2007,FTW,TX,ASW,CE,Towers with Radar,3,9,57,0,69,0,3,153,4,160,3,12,210,4,229,108,0,108,337
02/19/2007,FTW,TX,ASW,CE,Towers with Radar,0,4,84,1,89,0,13,94,0,107,0,17,178,1,196,72,0,72,268
02/20/2007,FTW,TX,ASW,CE,Towers with Radar,1,7,59,4,71,0,4,113,0,117,1,11,172,4,188,64,0,64,252
02/21/2007,FTW,TX,ASW,CE,Towers with Radar,7,14,69,0,90,0,2,125,2,129,7,16,194,2,219,148,0,148,367
02/22/2007,FTW,TX,ASW,CE,Towers with Radar,6,14,99,0,119,0,8,127,0,135,6,22,226,0,254,36,0,36,290
02/23/2007,FTW,TX,ASW,CE,Towers with Radar,3,10,117,0,130,0,1,45,0,46,3,11,162,0,176,56,0,56,232
02/24/2007,FTW,TX,ASW,CE,Towers with Radar,1,1,20,0,22,0,2,17,0,19,1,3,37,0,41,0,0,0,41
02/25/2007,FTW,TX,ASW,CE,Towers with Radar,2,8,55,0,65,0,2,120,1,123,2,10,175,1,188,74,0,74,262
02/26/2007,FTW,TX,ASW,CE,Towers with Radar,2,12,78,1,93,0,3,144,0,147,2,15,222,1,240,210,0,210,450
02/27/2007,FTW,TX,ASW,CE,Towers with Radar,8,14,83,2,107,0,11,145,4,160,8,25,228,6,267,96,2,98,365
02/28/2007,FTW,TX,ASW,CE,Towers with Radar,2,17,87,0,106,0,3,51,0,54,2,20,138,0,160,44,0,44,204
03/01/2007,FTW,TX,ASW,CE,Towers with Radar,3,9,71,0,83,0,11,111,0,122,3,20,182,0,205,56,0,56,261
03/02/2007,FTW,TX,ASW,CE,Towers with Radar,4,12,94,0,110,0,3,195,3,201,4,15,289,3,311,136,0,136,447
03/03/2007,FTW,TX,ASW,CE,Towers with Radar,0,8,38,1,47,0,3,94,3,100,0,11,132,4,147,114,0,114,261
03/04/2007,FTW,TX,ASW,CE,Towers with Radar,3,4,50,0,57,0,1,127,1,129,3,5,177,1,186,110,0,110,296
03/05/2007,FTW,TX,ASW,CE,Towers with Radar,0,2,54,0,56,0,7,110,1,118,0,9,164,1,174,116,0,116,290
03/06/2007,FTW,TX,ASW,CE,Towers with Radar,0,7,86,4,97,0,9,141,2,152,0,16,227,6,249,214,0,214,463
03/07/2007,FTW,TX,ASW,CE,Towers with Radar,0,6,81,4,91,0,22,117,5,144,0,28,198,9,235,182,10,192,427
03/08/2007,FTW,TX,ASW,CE,Towers with Radar,0,25,92,2,119,0,0,160,6,166,0,25,252,8,285,152,0,152,437
03/09/2007,FTW,TX,ASW,CE,Towers with Radar,0,14,77,2,93,0,3,153,1,157,0,17,230,3,250,88,0,88,338
03/10/2007,FTW,TX,ASW,CE,Towers with Radar,0,11,70,0,81,0,1,154,3,158,0,12,224,3,239,244,0,244,483
03/11/2007,FTW,TX,ASW,CE,Towers with Radar,1,9,53,0,63,0,5,52,0,57,1,14,105,0,120,40,0,40,160
03/12/2007,FTW,TX,ASW,CE,Towers with Radar,2,16,46,3,67,0,6,35,1,42,2,22,81,4,109,166,4,170,279
03/13/2007,FTW,TX,ASW,CE,Towers with Radar,1,4,36,0,41,4,3,37,2,46,5,7,73,2,87,156,0,156,243
03/14/2007,FTW,TX,ASW,CE,Towers with Radar,0,2,85,3,90,0,5,42,0,47,0,7,127,3,137,114,0,114,251
03/15/2007,FTW,TX,ASW,CE,Towers with Radar,0,7,76,0,83,0,3,116,5,124,0,10,192,5,207,271,0,271,478
03/16/2007,FTW,TX,ASW,CE,Towers with Radar,0,9,62,1,72,0,3,131,1,135,0,12,193,2,207,130,4,134,341
03/17/2007,FTW,TX,ASW,CE,Towers with Radar,0,7,56,6,69,0,2,478,1,481,0,9,534,7,550,120,4,124,674
03/18/2007,FTW,TX,ASW,CE,Towers with Radar,0,11,67,1,79,0,6,24,0,30,0,17,91,1,109,30,4,34,143
03/19/2007,FTW,TX,ASW,CE,Towers with Radar,0,6,52,1,59,0,6,35,0,41,0,12,87,1,100,56,0,56,156
03/20/2007,FTW,TX,ASW,CE,Towers with Radar,0,15,92,0,107,0,5,49,1,55,0,20,141,1,162,74,0,74,236
03/21/2007,FTW,TX,ASW,CE,Towers with Radar,0,4,79,0,83,0,5,36,0,41,0,9,115,0,124,36,0,36,160
03/22/2007,FTW,TX,ASW,CE,Towers with Radar,0,7,120,0,127,0,0,25,0,25,0,7,145,0,152,122,0,122,274
03/23/2007,FTW,TX,ASW,CE,Towers with Radar,0,8,78,2,88,0,4,43,0,47,0,12,121,2,135,81,0,81,216
03/24/2007,FTW,TX,ASW,CE,Towers with Radar,1,5,54,2,62,0,4,87,0,91,1,9,141,2,153,92,0,92,245
03/25/2007,FTW,TX,ASW,CE,Towers with Radar,0,5,50,0,55,0,6,48,0,54,0,11,98,0,109,148,0,148,257
03/26/2007,FTW,TX,ASW,CE,Towers with Radar,0,21,64,1,86,0,0,7,0,7,0,21,71,1,93,64,0,64,157
03/27/2007,FTW,TX,ASW,CE,Towers with Radar,0,12,78,0,90,0,9,93,2,104,0,21,171,2,194,166,0,166,360
03/28/2007,FTW,TX,ASW,CE,Towers with Radar,0,17,89,2,108,0,7,76,2,85,0,24,165,4,193,90,0,90,283
03/29/2007,FTW,TX,ASW,CE,Towers with Radar,0,17,72,0,89,0,4,19,0,23,0,21,91,0,112,102,0,102,214
03/30/2007,FTW,TX,ASW,CE,Towers with Radar,2,3,39,3,47,0,2,6,0,8,2,5,45,3,55,10,0,10,65
03/31/2007,FTW,TX,ASW,CE,Towers with Radar,0,5,61,0,66,0,6,138,0,144,0,11,199,0,210,112,0,112,322
04/01/2007,FTW,TX,ASW,CE,Towers with Radar,0,10,66,1,77,0,8,134,1,143,0,18,200,2,220,155,0,155,375
04/02/2007,FTW,TX,ASW,CE,Towers with Radar,0,13,62,0,75,0,2,64,0,66,0,15,126,0,141,92,0,92,233
04/03/2007,FTW,TX,ASW,CE,Towers with Radar,0,10,83,0,93,0,0,89,0,89,0,10,172,0,182,124,0,124,306
04/04/2007,FTW,TX,ASW,CE,Towers with Radar,1,5,83,0,89,0,0,90,0,90,1,5,173,0,179,74,0,74,253
04/05/2007,FTW,TX,ASW,CE,Towers with Radar,2,9,104,2,117,0,6,165,2,173,2,15,269,4,290,150,0,150,440
04/06/2007,FTW,TX,ASW,CE,Towers with Radar,0,7,57,0,64,0,4,92,0,96,0,11,149,0,160,92,0,92,252
04/07/2007,FTW,TX,ASW,CE,Towers with Radar,0,3,33,0,36,0,7,35,0,42,0,10,68,0,78,167,0,167,245
04/08/2007,FTW,TX,ASW,CE,Towers with Radar,0,11,36,0,47,0,3,38,0,41,0,14,74,0,88,108,0,108,196
04/09/2007,FTW,TX,ASW,CE,Towers with Radar,0,4,88,0,92,0,6,65,0,71,0,10,153,0,163,114,0,114,277
04/10/2007,FTW,TX,ASW,CE,Towers with Radar,0,2,90,2,94,0,6,47,2,55,0,8,137,4,149,84,0,84,233
04/11/2007,FTW,TX,ASW,CE,Towers with Radar,1,9,81,4,95,2,7,155,1,165,3,16,236,5,260,146,0,146,406
04/12/2007,FTW,TX,ASW,CE,Towers with Radar,0,13,77,1,91,0,6,145,0,151,0,19,222,1,242,94,0,94,336
04/13/2007,FTW,TX,ASW,CE,Towers with Radar,0,15,69,8,92,0,6,21,0,27,0,21,90,8,119,56,0,56,175
04/14/2007,FTW,TX,ASW,CE,Towers with Radar,0,15,38,0,53,0,13,24,0,37,0,28,62,0,90,48,0,48,138
04/15/2007,FTW,TX,ASW,CE,Towers with Radar,0,24,59,3,86,0,85,129,0,214,0,109,188,3,300,154,0,154,454
04/16/2007,FTW,TX,ASW,CE,Towers with Radar,0,4,62,0,66,0,4,128,5,137,0,8,190,5,203,110,0,110,313
04/17/2007,FTW,TX,ASW,CE,Towers with Radar,0,10,58,0,68,0,5,9,1,15,0,15,67,1,83,43,0,43,126
04/18/2007,FTW,TX,ASW,CE,Towers with Radar,0,11,91,4,106,0,4,82,1,87,0,15,173,5,193,104,2,106,299
04/19/2007,FTW,TX,ASW,CE,Towers with Radar,0,13,91,1,105,0,6,147,1,154,0,19,238,2,259,142,0,142,401
04/20/2007,FTW,TX,ASW,CE,Towers with Radar,0,11,80,0,91,0,5,122,0,127,0,16,202,0,218,94,0,94,312
04/21/2007,FTW,TX,ASW,CE,Towers with Radar,0,4,37,0,41,0,1,101,4,106,0,5,138,4,147,26,0,26,173
04/22/2007,FTW,TX,ASW,CE,Towers with Radar,0,2,67,1,70,0,2,80,0,82,0,4,147,1,152,88,0,88,240
04/23/2007,FTW,TX,ASW,CE,Towers with Radar,0,12,93,0,105,0,7,63,0,70,0,19,156,0,175,38,0,38,213
04/24/2007,FTW,TX,ASW,CE,Towers with Radar,0,9,46,0,55,0,1,6,0,7,0,10,52,0,62,10,0,10,72
04/25/2007,FTW,TX,ASW,CE,Towers with Radar,0,19,78,1,98,0,6,115,3,124,0,25,193,4,222,179,0,179,401
04/26/2007,FTW,TX,ASW,CE,Towers with Radar,0,15,98,1,114,0,6,168,1,175,0,21,266,2,289,108,0,108,397
04/27/2007,FTW,TX,ASW,CE,Towers with Radar,0,5,108,0,113,0,3,177,0,180,0,8,285,0,293,106,0,106,399
04/28/2007,FTW,TX,ASW,CE,Towers with Radar,0,9,37,0,46,0,0,144,4,148,0,9,181,4,194,48,2,50,244
04/29/2007,FTW,TX,ASW,CE,Towers with Radar,0,11,75,1,87,0,1,137,4,142,0,12,212,5,229,110,10,120,349
04/30/2007,FTW,TX,ASW,CE,Towers with Radar,0,10,71,0,81,0,6,66,0,72,0,16,137,0,153,84,0,84,237
05/01/2007,FTW,TX,ASW,CE,Towers with Radar,0,7,65,1,73,0,0,39,1,40,0,7,104,2,113,80,0,80,193
05/02/2007,FTW,TX,ASW,CE,Towers with Radar,0,10,73,4,87,0,8,31,1,40,0,18,104,5,127,68,0,68,195
05/03/2007,FTW,TX,ASW,CE,Towers with Radar,0,8,87,4,99,0,3,70,4,77,0,11,157,8,176,96,6,102,278
05/04/2007,FTW,TX,ASW,CE,Towers with Radar,0,14,91,1,106,0,2,48,0,50,0,16,139,1,156,53,0,53,209
05/05/2007,FTW,TX,ASW,CE,Towers with Radar,0,3,54,0,57,0,2,15,0,17,0,5,69,0,74,96,0,96,170
05/06/2007,FTW,TX,ASW,CE,Towers with Radar,0,7,78,0,85,0,10,26,0,36,0,17,104,0,121,36,0,36,157
05/07/2007,FTW,TX,ASW,CE,Towers with Radar,0,10,52,0,62,0,1,59,0,60,0,11,111,0,122,92,0,92,214
05/08/2007,FTW,TX,ASW,CE,Towers with Radar,0,9,69,2,80,0,2,75,0,77,0,11,144,2,157,186,0,186,343
05/09/2007,FTW,TX,ASW,CE,Towers with Radar,0,6,97,0,103,0,7,58,0,65,0,13,155,0,168,172,0,172,340
05/10/2007,FTW,TX,ASW,CE,Towers with Radar,0,10,102,0,112,0,2,79,0,81,0,12,181,0,193,90,0,90,283
05/11/2007,FTW,TX,ASW,CE,Towers with Radar,0,11,83,2,96,0,3,139,2,144,0,14,222,4,240,248,0,248,488
05/12/2007,FTW,TX,ASW,CE,Towers with Radar,0,6,40,0,46,0,1,103,0,104,0,7,143,0,150,172,0,172,322
05/13/2007,FTW,TX,ASW,CE,Towers with Radar,0,10,53,0,63,0,3,79,0,82,0,13,132,0,145,142,0,142,287
05/14/2007,FTW,TX,ASW,CE,Towers with Radar,0,12,63,1,76,0,5,69,1,75,0,17,132,2,151,72,0,72,223
05/15/2007,FTW,TX,ASW,CE,Towers with Radar,0,6,90,2,98,0,3,83,1,87,0,9,173,3,185,126,0,126,311
05/16/2007,FTW,TX,ASW,CE,Towers with Radar,0,19,112,2,133,0,12,102,1,115,0,31,214,3,248,58,2,60,308
05/17/2007,FTW,TX,ASW,CE,Towers with Radar,0,10,95,1,106,0,8,121,4,133,0,18,216,5,239,128,0,128,367
05/18/2007,FTW,TX,ASW,CE,Towers with Radar,0,6,95,3,104,0,6,116,0,122,0,12,211,3,226,66,4,70,296
05/19/2007,FTW,TX,ASW,CE,Towers with Radar,0,6,63,0,69,0,4,208,7,219,0,10,271,7,288,94,0,94,382
05/20/2007,FTW,TX,ASW,CE,Towers with Radar,0,11,81,3,95,0,2,109,2,113,0,13,190,5,208,74,0,74,282
05/21/2007,FTW,TX,ASW,CE,Towers with Radar,0,11,75,2,88,0,7,46,0,53,0,18,121,2,141,36,0,36,177
05/22/2007,FTW,TX,ASW,CE,Towers with Radar,0,18,103,4,125,0,4,65,3,72,0,22,168,7,197,24,0,24,221
05/23/2007,FTW,TX,ASW,CE,Towers with Radar,0,16,93,3,112,0,3,58,0,61,0,19,151,3,173,81,0,81,254
05/24/2007,FTW,TX,ASW,CE,Towers with Radar,0,11,72,1,84,0,8,23,0,31,0,19,95,1,115,46,0,46,161
05/25/2007,FTW,TX,ASW,CE,Towers with Radar,0,8,83,0,91,0,2,24,0,26,0,10,107,0,117,4,0,4,121
05/26/2007,FTW,TX,ASW,CE,Towers with Radar,0,2,42,0,44,0,1,5,0,6,0,3,47,0,50,4,0,4,54
05/27/2007,FTW,TX,ASW,CE,Towers with Radar,0,19,73,0,92,0,4,8,0,12,0,23,81,0,104,20,0,20,124
05/28/2007,FTW,TX,ASW,CE,Towers with Radar,0,8,51,3,62,0,2,13,0,15,0,10,64,3,77,2,0,2,79
05/29/2007,FTW,TX,ASW,CE,Towers with Radar,0,10,49,0,59,0,5,33,0,38,0,15,82,0,97,62,0,62,159
05/30/2007,FTW,TX,ASW,CE,Towers with Radar,0,9,74,1,84,0,2,60,1,63,0,11,134,2,147,131,0,131,278
05/31/2007,FTW,TX,ASW,CE,Towers with Radar,0,11,96,2,109,0,4,77,0,81,0,15,173,2,190,98,0,98,288
06/01/2007,FTW,TX,ASW,CE,Towers with Radar,0,6,77,1,84,0,1,83,4,88,0,7,160,5,172,36,0,36,208
06/02/2007,FTW,TX,ASW,CE,Towers with Radar,0,6,56,5,67,0,3,104,5,112,0,9,160,10,179,86,0,86,265
06/03/2007,FTW,TX,ASW,CE,Towers with Radar,0,4,52,2,58,0,3,82,4,89,0,7,134,6,147,62,0,62,209
06/04/2007,FTW,TX,ASW,CE,Towers with Radar,0,1,51,0,52,0,6,88,0,94,0,7,139,0,146,82,0,82,228
06/05/2007,FTW,TX,ASW,CE,Towers with Radar,0,4,74,0,78,0,6,153,0,159,0,10,227,0,237,148,0,148,385
06/06/2007,FTW,TX,ASW,CE,Towers with Radar,0,9,73,1,83,0,3,116,0,119,0,12,189,1,202,68,0,68,270
06/07/2007,FTW,TX,ASW,CE,Towers with Radar,0,18,85,0,103,0,3,48,0,51,0,21,133,0,154,42,0,42,196
06/08/2007,FTW,TX,ASW,CE,Towers with Radar,0,10,89,0,99,0,7,83,0,90,0,17,172,0,189,146,0,146,335
06/09/2007,FTW,TX,ASW,CE,Towers with Radar,0,6,47,3,56,0,5,92,1,98,0,11,139,4,154,86,0,86,240
06/10/2007,FTW,TX,ASW,CE,Towers with Radar,0,6,63,2,71,0,10,115,0,125,0,16,178,2,196,100,0,100,296
06/11/2007,FTW,TX,ASW,CE,Towers with Radar,0,15,51,3,69,0,4,81,3,88,0,19,132,6,157,98,0,98,255
06/12/2007,FTW,TX,ASW,CE,Towers with Radar,0,13,65,2,80,0,2,124,0,126,0,15,189,2,206,108,0,108,314
06/13/2007,FTW,TX,ASW,CE,Towers with Radar,0,21,79,6,106,0,9,94,0,103,0,30,173,6,209,142,0,142,351
06/14/2007,FTW,TX,ASW,CE,Towers with Radar,0,8,93,3,104,0,0,57,1,58,0,8,150,4,162,122,0,122,284
06/15/2007,FTW,TX,ASW,CE,Towers with Radar,0,0,67,0,67,0,0,76,0,76,0,0,143,0,143,56,0,56,199
06/16/2007,FTW,TX,ASW,CE,Towers with Radar,0,5,50,0,55,0,5,8,1,14,0,10,58,1,69,12,0,12,81
06/17/2007,FTW,TX,ASW,CE,Towers with Radar,0,12,52,0,64,0,5,16,0,21,0,17,68,0,85,20,0,20,105
06/18/2007,FTW,TX,ASW,CE,Towers with Radar,0,7,75,2,84,0,4,71,1,76,0,11,146,3,160,58,0,58,218
06/19/2007,FTW,TX,ASW,CE,Towers with Radar,0,9,80,0,89,0,4,110,3,117,0,13,190,3,206,220,0,220,426
06/20/2007,FTW,TX,ASW,CE,Towers with Radar,0,17,75,0,92,0,7,97,2,106,0,24,172,2,198,170,0,170,368
06/21/2007,FTW,TX,ASW,CE,Towers with Radar,0,15,77,0,92,0,8,105,2,115,0,23,182,2,207,272,0,272,479
06/22/2007,FTW,TX,ASW,CE,Towers with Radar,0,14,56,3,73,0,3,147,5,155,0,17,203,8,228,212,0,212,440
06/23/2007,FTW,TX,ASW,CE,Towers with Radar,0,7,39,2,48,0,8,125,5,138,0,15,164,7,186,178,0,178,364
06/24/2007,FTW,TX,ASW,CE,Towers with Radar,0,6,60,1,67,0,6,73,1,80,0,12,133,2,147,86,0,86,233
06/25/2007,FTW,TX,ASW,CE,Towers with Radar,1,13,67,0,81,0,3,51,0,54,1,16,118,0,135,106,0,106,241
06/26/2007,FTW,TX,ASW,CE,Towers with Radar,0,6,68,0,74,0,4,29,0,33,0,10,97,0,107,176,0,176,283
06/27/2007,FTW,TX,ASW,CE,Towers with Radar,0,12,101,0,113,0,4,27,0,31,0,16,128,0,144,70,0,70,214
06/28/2007,FTW,TX,ASW,CE,Towers with Radar,0,10,74,0,84,0,3,60,0,63,0,13,134,0,147,126,0,126,273
06/29/2007,FTW,TX,ASW,CE,Towers with Radar,0,20,86,3,109,0,2,78,3,83,0,22,164,6,192,54,0,54,246
06/30/2007,FTW,TX,ASW,CE,Towers with Radar,0,4,51,0,55,0,1,44,1,46,0,5,95,1,101,102,0,102,203
07/01/2007,FTW,TX,ASW,CE,Towers with Radar,0,9,48,0,57,0,0,65,1,66,0,9,113,1,123,132,0,132,255
07/02/2007,FTW,TX,ASW,CE,Towers with Radar,0,2,54,0,56,0,0,36,0,36,0,2,90,0,92,76,0,76,168
07/03/2007,FTW,TX,ASW,CE,Towers with Radar,0,13,72,0,85,0,4,27,0,31,0,17,99,0,116,26,0,26,142
07/04/2007,FTW,TX,ASW,CE,Towers with Radar,0,6,22,3,31,0,4,27,0,31,0,10,49,3,62,74,0,74,136
07/05/2007,FTW,TX,ASW,CE,Towers with Radar,0,4,57,15,76,0,5,10,0,15,0,9,67,15,91,46,0,46,137
07/06/2007,FTW,TX,ASW,CE,Towers with Radar,0,7,69,0,76,0,5,74,0,79,0,12,143,0,155,103,0,103,258
07/07/2007,FTW,TX,ASW,CE,Towers with Radar,0,3,55,0,58,0,2,125,0,127,0,5,180,0,185,132,2,134,319
07/08/2007,FTW,TX,ASW,CE,Towers with Radar,0,6,66,0,72,0,2,68,0,70,0,8,134,0,142,68,0,68,210
07/09/2007,FTW,TX,ASW,CE,Towers with Radar,0,6,75,0,81,0,0,77,0,77,0,6,152,0,158,104,0,104,262
07/10/2007,FTW,TX,ASW,CE,Towers with Radar,0,6,97,2,105,0,7,98,0,105,0,13,195,2,210,132,0,132,342
07/11/2007,FTW,TX,ASW,CE,Towers with Radar,0,6,82,4,92,0,5,114,0,119,0,11,196,4,211,234,0,234,445
07/12/2007,FTW,TX,ASW,CE,Towers with Radar,0,17,82,0,99,0,11,171,0,182,0,28,253,0,281,192,0,192,473
07/13/2007,FTW,TX,ASW,CE,Towers with Radar,0,7,78,0,85,0,7,66,0,73,0,14,144,0,158,196,0,196,354
07/14/2007,FTW,TX,ASW,CE,Towers with Radar,0,8,54,2,64,0,2,91,0,93,0,10,145,2,157,142,0,142,299
07/15/2007,FTW,TX,ASW,CE,Towers with Radar,0,10,61,0,71,0,2,115,0,117,0,12,176,0,188,50,0,50,238
07/16/2007,FTW,TX,ASW,CE,Towers with Radar,0,2,42,1,45,0,6,123,1,130,0,8,165,2,175,106,0,106,281
07/17/2007,FTW,TX,ASW,CE,Towers with Radar,0,8,66,0,74,0,8,127,0,135,0,16,193,0,209,110,0,110,319
07/18/2007,FTW,TX,ASW,CE,Towers with Radar,0,6,88,1,95,0,3,161,1,165,0,9,249,2,260,140,0,140,400
07/19/2007,FTW,TX,ASW,CE,Towers with Radar,0,3,98,2,103,0,4,162,3,169,0,7,260,5,272,102,0,102,374
07/20/2007,FTW,TX,ASW,CE,Towers with Radar,0,8,76,2,86,0,7,89,0,96,0,15,165,2,182,143,0,143,325
07/21/2007,FTW,TX,ASW,CE,Towers with Radar,0,13,49,1,63,0,17,68,1,86,0,30,117,2,149,192,0,192,341
07/22/2007,FTW,TX,ASW,CE,Towers with Radar,0,9,55,0,64,0,9,103,2,114,0,18,158,2,178,160,0,160,338
07/23/2007,FTW,TX,ASW,CE,Towers with Radar,0,8,69,3,80,0,6,106,2,114,0,14,175,5,194,130,0,130,324
07/24/2007,FTW,TX,ASW,CE,Towers with Radar,0,3,81,1,85,0,6,126,4,136,0,9,207,5,221,126,0,126,347
07/25/2007,FTW,TX,ASW,CE,Towers with Radar,0,2,98,0,100,0,11,143,0,154,0,13,241,0,254,178,0,178,432
07/26/2007,FTW,TX,ASW,CE,Towers with Radar,0,6,101,0,107,0,2,118,2,122,0,8,219,2,229,116,0,116,345
07/27/2007,FTW,TX,ASW,CE,Towers with Radar,0,7,83,4,94,0,6,109,0,115,0,13,192,4,209,154,2,156,365
07/28/2007,FTW,TX,ASW,CE,Towers with Radar,0,9,45,0,54,0,8,107,0,115,0,17,152,0,169,148,0,148,317
07/29/2007,FTW,TX,ASW,CE,Towers with Radar,0,7,66,4,77,0,4,81,0,85,0,11,147,4,162,140,0,140,302
07/30/2007,FTW,TX,ASW,CE,Towers with Radar,0,7,59,0,66,0,2,83,10,95,0,9,142,10,161,142,0,142,303
07/31/2007,FTW,TX,ASW,CE,Towers with Radar,0,9,69,0,78,0,5,96,0,101,0,14,165,0,179,120,0,120,299
08/01/2007,FTW,TX,ASW,CE,Towers with Radar,0,10,73,0,83,0,4,99,0,103,0,14,172,0,186,160,0,160,346
08/02/2007,FTW,TX,ASW,CE,Towers with Radar,0,19,77,0,96,0,2,104,0,106,0,21,181,0,202,196,0,196,398
08/03/2007,FTW,TX,ASW,CE,Towers with Radar,0,10,89,1,100,0,4,189,1,194,0,14,278,2,294,331,0,331,625
08/04/2007,FTW,TX,ASW,CE,Towers with Radar,0,8,80,0,88,0,6,167,3,176,0,14,247,3,264,106,14,120,384
08/05/2007,FTW,TX,ASW,CE,Towers with Radar,0,13,59,1,73,0,4,132,0,136,0,17,191,1,209,137,0,137,346
08/06/2007,FTW,TX,ASW,CE,Towers with Radar,0,7,74,0,81,0,7,102,0,109,0,14,176,0,190,114,0,114,304
08/07/2007,FTW,TX,ASW,CE,Towers with Radar,0,8,78,1,87,0,10,155,3,168,0,18,233,4,255,180,2,182,437
08/08/2007,FTW,TX,ASW,CE,Towers with Radar,0,13,70,0,83,0,4,138,0,142,0,17,208,0,225,92,0,92,317
08/09/2007,FTW,TX,ASW,CE,Towers with Radar,0,10,96,0,106,0,8,154,0,162,0,18,250,0,268,216,0,216,484
08/10/2007,FTW,TX,ASW,CE,Towers with Radar,0,16,80,0,96,0,8,179,0,187,0,24,259,0,283,150,0,150,433
08/11/2007,FTW,TX,ASW,CE,Towers with Radar,0,6,53,0,59,0,3,166,0,169,0,9,219,0,228,202,0,202,430
08/12/2007,FTW,TX,ASW,CE,Towers with Radar,0,4,51,0,55,0,8,68,0,76,0,12,119,0,131,114,0,114,245
08/13/2007,FTW,TX,ASW,CE,Towers with Radar,0,3,37,0,40,0,11,98,0,109,0,14,135,0,149,134,0,134,283
08/14/2007,FTW,TX,ASW,CE,Towers with Radar,0,3,48,0,51,0,3,140,0,143,0,6,188,0,194,218,0,218,412
08/15/2007,FTW,TX,ASW,CE,Towers with Radar,0,8,60,0,68,0,8,130,3,141,0,16,190,3,209,222,0,222,431
08/16/2007,FTW,TX,ASW,CE,Towers with Radar,0,13,65,1,79,0,5,93,0,98,0,18,158,1,177,150,0,150,327
08/17/2007,FTW,TX,ASW,CE,Towers with Radar,0,3,94,1,98,0,6,76,2,84,0,9,170,3,182,110,0,110,292
08/18/2007,FTW,TX,ASW,CE,Towers with Radar,0,5,61,0,66,0,6,41,0,47,0,11,102,0,113,135,0,135,248
08/19/2007,FTW,TX,ASW,CE,Towers with Radar,0,4,65,3,72,0,4,90,0,94,0,8,155,3,166,146,0,146,312
08/20/2007,FTW,TX,ASW,CE,Towers with Radar,0,10,73,0,83,0,5,122,0,127,0,15,195,0,210,118,0,118,328
08/21/2007,FTW,TX,ASW,CE,Towers with Radar,0,9,69,0,78,0,7,118,5,130,0,16,187,5,208,204,0,204,412
08/22/2007,FTW,TX,ASW,CE,Towers with Radar,0,5,114,3,122,0,9,106,0,115,0,14,220,3,237,181,0,181,418
08/23/2007,FTW,TX,ASW,CE,Towers with Radar,0,8,81,1,90,0,5,127,0,132,0,13,208,1,222,150,0,150,372
08/24/2007,FTW,TX,ASW,CE,Towers with Radar,0,9,97,0,106,0,8,113,0,121,0,17,210,0,227,272,0,272,499
08/25/2007,FTW,TX,ASW,CE,Towers with Radar,0,0,29,0,29,0,1,89,2,92,0,1,118,2,121,132,0,132,253
08/26/2007,FTW,TX,ASW,CE,Towers with Radar,0,5,54,0,59,0,2,116,0,118,0,7,170,0,177,156,0,156,333
08/27/2007,FTW,TX,ASW,CE,Towers with Radar,0,10,64,2,76,0,6,95,0,101,0,16,159,2,177,154,0,154,331
08/28/2007,FTW,TX,ASW,CE,Towers with Radar,0,11,94,0,105,0,10,123,1,134,0,21,217,1,239,218,0,218,457
08/29/2007,FTW,TX,ASW,CE,Towers with Radar,0,13,86,2,101,0,8,103,0,111,0,21,189,2,212,160,0,160,372
08/30/2007,FTW,TX,ASW,CE,Towers with Radar,0,13,80,0,93,0,0,88,0,88,0,13,168,0,181,230,0,230,411
08/31/2007,FTW,TX,ASW,CE,Towers with Radar,0,12,70,2,84,0,10,119,0,129,0,22,189,2,213,186,0,186,399
09/01/2007,FTW,TX,ASW,CE,Towers with Radar,0,6,36,0,42,0,9,103,0,112,0,15,139,0,154,196,0,196,350
09/02/2007,FTW,TX,ASW,CE,Towers with Radar,0,2,32,1,35,0,4,78,1,83,0,6,110,2,118,116,4,120,238
09/03/2007,FTW,TX,ASW,CE,Towers with Radar,0,8,57,0,65,0,4,50,0,54,0,12,107,0,119,112,0,112,231
09/04/2007,FTW,TX,ASW,CE,Towers with Radar,0,5,77,1,83,0,2,61,1,64,0,7,138,2,147,86,0,86,233
09/05/2007,FTW,TX,ASW,CE,Towers with Radar,0,4,66,0,70,0,1,57,0,58,0,5,123,0,128,62,0,62,190
09/06/2007,FTW,TX,ASW,CE,Towers with Radar,0,16,70,1,87,0,10,92,0,102,0,26,162,1,189,146,0,146,335
09/07/2007,FTW,TX,ASW,CE,Towers with Radar,0,18,69,4,91,0,4,174,2,180,0,22,243,6,271,192,2,194,465
09/08/2007,FTW,TX,ASW,CE,Towers with Radar,0,12,49,2,63,0,8,135,0,143,0,20,184,2,206,200,0,200,406
09/09/2007,FTW,TX,ASW,CE,Towers with Radar,0,8,76,2,86,0,2,52,0,54,0,10,128,2,140,67,0,67,207
09/10/2007,FTW,TX,ASW,CE,Towers with Radar,0,15,62,0,77,0,2,29,0,31,0,17,91,0,108,38,0,38,146
09/11/2007,FTW,TX,ASW,CE,Towers with Radar,0,6,90,0,96,0,10,88,2,100,0,16,178,2,196,138,4,142,338
09/12/2007,FTW,TX,ASW,CE,Towers with Radar,0,19,82,0,101,0,10,115,4,129,0,29,197,4,230,117,0,117,347
09/13/2007,FTW,TX,ASW,CE,Towers with Radar,0,5,101,0,106,0,10,93,2,105,0,15,194,2,211,234,0,234,445
09/14/2007,FTW,TX,ASW,CE,Towers with Radar,1,18,69,0,88,0,4,114,2,120,1,22,183,2,208,120,0,120,328
09/15/2007,FTW,TX,ASW,CE,Towers with Radar,1,6,47,0,54,0,3,342,0,345,1,9,389,0,399,98,0,98,497
09/16/2007,FTW,TX,ASW,CE,Towers with Radar,0,13,63,0,76,0,2,90,0,92,0,15,153,0,168,140,0,140,308
09/17/2007,FTW,TX,ASW,CE,Towers with Radar,0,5,56,0,61,0,1,102,0,103,0,6,158,0,164,64,0,64,228
09/18/2007,FTW,TX,ASW,CE,Towers with Radar,0,8,85,0,93,0,2,100,0,102,0,10,185,0,195,66,0,66,261
09/19/2007,FTW,TX,ASW,CE,Towers with Radar,0,10,93,0,103,0,7,97,2,106,0,17,190,2,209,96,0,96,305
09/20/2007,FTW,TX,ASW,CE,Towers with Radar,0,18,114,0,132,0,3,125,5,133,0,21,239,5,265,204,0,204,469
09/21/2007,FTW,TX,ASW,CE,Towers with Radar,0,15,102,6,123,0,13,140,1,154,0,28,242,7,277,152,2,154,431
09/22/2007,FTW,TX,ASW,CE,Towers with Radar,0,5,41,0,46,0,3,124,0,127,0,8,165,0,173,170,0,170,343
09/23/2007,FTW,TX,ASW,CE,Towers with Radar,0,10,78,0,88,0,4,81,0,85,0,14,159,0,173,190,0,190,363
09/24/2007,FTW,TX,ASW,CE,Towers with Radar,0,12,70,0,82,0,6,113,0,119,0,18,183,0,201,212,0,212,413
09/25/2007,FTW,TX,ASW,CE,Towers with Radar,0,6,83,0,89,0,8,120,0,128,0,14,203,0,217,144,0,144,361
09/26/2007,FTW,TX,ASW,CE,Towers with Radar,0,5,101,4,110,0,6,105,0,111,0,11,206,4,221,106,0,106,327
09/27/2007,FTW,TX,ASW,CE,Towers with Radar,0,8,86,1,95,0,3,113,3,119,0,11,199,4,214,158,0,158,372
09/28/2007,FTW,TX,ASW,CE,Towers with Radar,0,15,128,0,143,0,4,142,7,153,0,19,270,7,296,128,0,128,424
09/29/2007,FTW,TX,ASW,CE,Towers with Radar,2,1,60,0,63,0,14,163,9,186,2,15,223,9,249,166,0,166,415
09/30/2007,FTW,TX,ASW,CE,Towers with Radar,0,12,72,1,85,0,4,69,1,74,0,16,141,2,159,38,0,38,197
10/01/2007,FTW,TX,ASW,CE,Towers with Radar,0,13,90,0,103,0,7,114,2,123,0,20,204,2,226,198,0,198,424
10/02/2007,FTW,TX,ASW,CE,Towers with Radar,0,14,70,0,84,0,5,87,0,92,0,19,157,0,176,162,0,162,338
10/03/2007,FTW,TX,ASW,CE,Towers with Radar,0,11,89,0,100,0,2,105,0,107,0,13,194,0,207,192,0,192,399
10/04/2007,FTW,TX,ASW,CE,Towers with Radar,0,7,83,1,91,0,4,181,0,185,0,11,264,1,276,180,0,180,456
10/05/2007,FTW,TX,ASW,CE,Towers with Radar,0,7,79,0,86,0,5,162,2,169,0,12,241,2,255,228,0,228,483
10/06/2007,FTW,TX,ASW,CE,Towers with Radar,0,3,42,0,45,0,8,45,0,53,0,11,87,0,98,188,0,188,286
10/07/2007,FTW,TX,ASW,CE,Towers with Radar,0,2,70,0,72,0,3,67,0,70,0,5,137,0,142,80,0,80,222
10/08/2007,FTW,TX,ASW,CE,Towers with Radar,0,11,84,0,95,0,6,95,0,101,0,17,179,0,196,156,0,156,352
10/09/2007,FTW,TX,ASW,CE,Towers with Radar,0,6,53,5,64,0,2,148,0,150,0,8,201,5,214,142,0,142,356
10/10/2007,FTW,TX,ASW,CE,Towers with Radar,0,8,88,2,98,0,1,163,2,166,0,9,251,4,264,160,0,160,424
10/11/2007,FTW,TX,ASW,CE,Towers with Radar,0,0,83,0,83,0,5,204,0,209,0,5,287,0,292,202,0,202,494
10/12/2007,FTW,TX,ASW,CE,Towers with Radar,0,13,80,0,93,0,6,150,1,157,0,19,230,1,250,122,0,122,372
10/13/2007,FTW,TX,ASW,CE,Towers with Radar,0,5,54,0,59,0,5,133,0,138,0,10,187,0,197,166,0,166,363
10/14/2007,FTW,TX,ASW,CE,Towers with Radar,0,5,67,1,73,0,2,65,0,67,0,7,132,1,140,158,0,158,298
10/15/2007,FTW,TX,ASW,CE,Towers with Radar,0,5,58,0,63,0,1,24,0,25,0,6,82,0,88,48,0,48,136
10/16/2007,FTW,TX,ASW,CE,Towers with Radar,0,7,97,3,107,0,0,2,0,2,0,7,99,3,109,0,0,0,109
10/17/2007,FTW,TX,ASW,CE,Towers with Radar,1,7,63,0,71,0,8,58,0,66,1,15,121,0,137,102,0,102,239
10/18/2007,FTW,TX,ASW,CE,Towers with Radar,0,7,76,0,83,0,2,146,0,148,0,9,222,0,231,372,0,372,603
10/19/2007,FTW,TX,ASW,CE,Towers with Radar,1,15,75,4,95,0,5,203,7,215,1,20,278,11,310,244,0,244,554
10/20/2007,FTW,TX,ASW,CE,Towers with Radar,0,6,29,2,37,0,5,138,2,145,0,11,167,4,182,90,0,90,272
10/21/2007,FTW,TX,ASW,CE,Towers with Radar,0,5,59,1,65,0,2,69,1,72,0,7,128,2,137,46,0,46,183
10/22/2007,FTW,TX,ASW,CE,Towers with Radar,0,6,69,0,75,0,1,7,0,8,0,7,76,0,83,0,0,0,83
10/23/2007,FTW,TX,ASW,CE,Towers with Radar,0,11,67,2,80,0,4,151,1,156,0,15,218,3,236,142,0,142,378
10/24/2007,FTW,TX,ASW,CE,Towers with Radar,0,9,72,0,81,0,6,136,1,143,0,15,208,1,224,60,0,60,284
10/25/2007,FTW,TX,ASW,CE,Towers with Radar,0,15,84,4,103,0,10,145,1,156,0,25,229,5,259,210,0,210,469
10/26/2007,FTW,TX,ASW,CE,Towers with Radar,0,14,98,10,122,0,10,203,1,214,0,24,301,11,336,222,14,236,572
10/27/2007,FTW,TX,ASW,CE,Towers with Radar,0,4,54,0,58,0,2,210,0,212,0,6,264,0,270,132,0,132,402
10/28/2007,FTW,TX,ASW,CE,Towers with Radar,0,9,65,12,86,0,9,153,7,169,0,18,218,19,255,136,0,136,391
10/29/2007,FTW,TX,ASW,CE,Towers with Radar,0,13,65,4,82,0,6,130,1,137,0,19,195,5,219,178,0,178,397
10/30/2007,FTW,TX,ASW,CE,Towers with Radar,0,8,57,2,67,0,3,172,2,177,0,11,229,4,244,240,0,240,484
10/31/2007,FTW,TX,ASW,CE,Towers with Radar,0,7,75,3,85,0,13,174,7,194,0,20,249,10,279,294,12,306,585
11/01/2007,FTW,TX,ASW,CE,Towers with Radar,0,11,72,5,88,0,8,159,4,171,0,19,231,9,259,178,4,182,441
11/02/2007,FTW,TX,ASW,CE,Towers with Radar,0,14,76,2,92,0,7,113,3,123,0,21,189,5,215,138,0,138,353
11/03/2007,FTW,TX,ASW,CE,Towers with Radar,0,8,42,0,50,0,17,152,1,170,0,25,194,1,220,416,0,416,636
11/04/2007,FTW,TX,ASW,CE,Towers with Radar,0,15,62,2,79,0,109,129,1,239,0,124,191,3,318,258,0,258,576
11/05/2007,FTW,TX,ASW,CE,Towers with Radar,0,6,64,1,71,0,1,107,2,110,0,7,171,3,181,164,6,170,351
11/06/2007,FTW,TX,ASW,CE,Towers with Radar,0,9,80,1,90,0,12,116,3,131,0,21,196,4,221,74,0,74,295
11/07/2007,FTW,TX,ASW,CE,Towers with Radar,0,6,104,0,110,0,10,153,5,168,0,16,257,5,278,138,10,148,426
11/08/2007,FTW,TX,ASW,CE,Towers with Radar,0,13,123,0,136,0,6,138,4,148,0,19,261,4,284,112,0,112,396
11/09/2007,FTW,TX,ASW,CE,Towers with Radar,0,9,90,0,99,0,2,162,0,164,0,11,252,0,263,240,0,240,503
11/10/2007,FTW,TX,ASW,CE,Towers with Radar,0,5,42,1,48,0,9,119,0,128,0,14,161,1,176,164,0,164,340
11/11/2007,FTW,TX,ASW,CE,Towers with Radar,0,10,71,0,81,0,5,63,0,68,0,15,134,0,149,72,0,72,221
11/12/2007,FTW,TX,ASW,CE,Towers with Radar,0,14,69,2,85,0,10,113,1,124,0,24,182,3,209,132,2,134,343
11/13/2007,FTW,TX,ASW,CE,Towers with Radar,0,11,61,0,72,0,4,139,2,145,0,15,200,2,217,178,0,178,395
11/14/2007,FTW,TX,ASW,CE,Towers with Radar,0,19,86,7,112,0,1,99,3,103,0,20,185,10,215,52,0,52,267
11/15/2007,FTW,TX,ASW,CE,Towers with Radar,0,3,90,4,97,0,0,133,1,134,0,3,223,5,231,200,0,200,431
11/16/2007,FTW,TX,ASW,CE,Towers with Radar,0,13,95,0,108,0,11,148,3,162,0,24,243,3,270,110,0,110,380
11/17/2007,FTW,TX,ASW,CE,Towers with Radar,0,1,56,0,57,0,12,172,1,185,0,13,228,1,242,184,0,184,426
11/18/2007,FTW,TX,ASW,CE,Towers with Radar,0,14,83,1,98,0,1,121,2,124,0,15,204,3,222,166,0,166,388
11/19/2007,FTW,TX,ASW,CE,Towers with Radar,0,13,87,1,101,0,1,146,2,149,0,14,233,3,250,252,0,252,502
11/20/2007,FTW,TX,ASW,CE,Towers with Radar,0,7,76,2,85,0,4,109,1,114,0,11,185,3,199,102,0,102,301
11/21/2007,FTW,TX,ASW,CE,Towers with Radar,0,18,65,0,83,0,5,22,0,27,0,23,87,0,110,64,0,64,174
11/22/2007,FTW,TX,ASW,CE,Towers with Radar,0,1,12,0,13,0,2,11,0,13,0,3,23,0,26,12,0,12,38
11/23/2007,FTW,TX,ASW,CE,Towers with Radar,0,4,44,0,48,0,9,137,0,146,0,13,181,0,194,136,0,136,330
11/24/2007,FTW,TX,ASW,CE,Towers with Radar,0,13,34,0,47,0,0,5,0,5,0,13,39,0,52,16,0,16,68
11/25/2007,FTW,TX,ASW,CE,Towers with Radar,0,20,71,0,91,0,0,0,0,0,0,20,71,0,91,0,0,0,91
11/26/2007,FTW,TX,ASW,CE,Towers with Radar,0,15,67,5,87,0,2,150,0,152,0,17,217,5,239,152,0,152,391
11/27/2007,FTW,TX,ASW,CE,Towers with Radar,0,9,77,2,88,0,2,201,1,204,0,11,278,3,292,276,10,286,578
11/28/2007,FTW,TX,ASW,CE,Towers with Radar,0,4,68,1,73,0,5,158,2,165,0,9,226,3,238,194,0,194,432
11/29/2007,FTW,TX,ASW,CE,Towers with Radar,0,10,77,1,88,0,4,165,3,172,0,14,242,4,260,198,0,198,458
11/30/2007,FTW,TX,ASW,CE,Towers with Radar,0,11,102,3,116,0,2,138,0,140,0,13,240,3,256,302,0,302,558
12/01/2007,FTW,TX,ASW,CE,Towers with Radar,0,6,88,0,94,0,1,8,0,9,0,7,96,0,103,80,0,80,183
12/02/2007,FTW,TX,ASW,CE,Towers with Radar,0,10,76,2,88,0,0,45,1,46,0,10,121,3,134,8,0,8,142
12/03/2007,FTW,TX,ASW,CE,Towers with Radar,0,8,54,0,62,0,8,142,2,152,0,16,196,2,214,188,0,188,402
12/04/2007,FTW,TX,ASW,CE,Towers with Radar,0,11,75,2,88,0,7,148,2,157,0,18,223,4,245,206,0,206,451
12/05/2007,FTW,TX,ASW,CE,Towers with Radar,0,13,88,4,105,0,6,189,2,197,0,19,277,6,302,170,0,170,472
12/06/2007,FTW,TX,ASW,CE,Towers with Radar,0,16,81,0,97,0,5,144,1,150,0,21,225,1,247,262,0,262,509
12/07/2007,FTW,TX,ASW,CE,Towers with Radar,0,15,95,2,112,0,8,91,0,99,0,23,186,2,211,146,0,146,357
12/08/2007,FTW,TX,ASW,CE,Towers with Radar,0,8,53,0,61,0,8,49,0,57,0,16,102,0,118,277,0,277,395
12/09/2007,FTW,TX,ASW,CE,Towers with Radar,0,19,40,2,61,0,0,0,0,0,0,19,40,2,61,0,0,0,61
12/10/2007,FTW,TX,ASW,CE,Towers with Radar,0,10,26,0,36,0,0,2,0,2,0,10,28,0,38,2,0,2,40
12/11/2007,FTW,TX,ASW,CE,Towers with Radar,0,8,85,0,93,0,0,0,0,0,0,8,85,0,93,6,0,6,99
12/12/2007,FTW,TX,ASW,CE,Towers with Radar,0,16,76,3,95,0,0,0,0,0,0,16,76,3,95,0,0,0,95
12/13/2007,FTW,TX,ASW,CE,Towers with Radar,0,8,101,1,110,0,10,95,0,105,0,18,196,1,215,140,0,140,355
12/14/2007,FTW,TX,ASW,CE,Towers with Radar,0,16,64,0,80,0,0,0,0,0,0,16,64,0,80,6,0,6,86
12/15/2007,FTW,TX,ASW,CE,Towers with Radar,0,8,52,1,61,0,4,21,1,26,0,12,73,2,87,58,0,58,145
12/16/2007,FTW,TX,ASW,CE,Towers with Radar,0,14,47,6,67,0,5,171,0,176,0,19,218,6,243,158,0,158,401
12/17/2007,FTW,TX,ASW,CE,Towers with Radar,0,12,75,9,96,0,1,136,3,140,0,13,211,12,236,198,4,202,438
12/18/2007,FTW,TX,ASW,CE,Towers with Radar,0,9,78,1,88,0,1,163,1,165,0,10,241,2,253,228,0,228,481
12/19/2007,FTW,TX,ASW,CE,Towers with Radar,0,8,100,6,114,4,6,152,1,163,4,14,252,7,277,178,0,178,455
12/20/2007,FTW,TX,ASW,CE,Towers with Radar,0,5,79,0,84,0,6,151,3,160,0,11,230,3,244,173,0,173,417
12/21/2007,FTW,TX,ASW,CE,Towers with Radar,0,13,79,0,92,0,4,157,2,163,0,17,236,2,255,220,0,220,475
12/22/2007,FTW,TX,ASW,CE,Towers with Radar,0,10,44,0,54,0,4,35,0,39,0,14,79,0,93,26,0,26,119
12/23/2007,FTW,TX,ASW,CE,Towers with Radar,0,5,40,2,47,0,2,94,0,96,0,7,134,2,143,70,0,70,213
12/24/2007,FTW,TX,ASW,CE,Towers with Radar,0,12,18,0,30,0,6,86,0,92,0,18,104,0,122,94,0,94,216
12/25/2007,FTW,TX,ASW,CE,Towers with Radar,0,9,11,0,20,0,1,18,0,19,0,10,29,0,39,0,0,0,39
12/26/2007,FTW,TX,ASW,CE,Towers with Radar,0,15,70,2,87,0,0,46,0,46,0,15,116,2,133,42,0,42,175
12/27/2007,FTW,TX,ASW,CE,Towers with Radar,0,10,74,3,87,0,5,52,0,57,0,15,126,3,144,174,0,174,318
12/28/2007,FTW,TX,ASW,CE,Towers with Radar,0,11,56,2,69,0,15,140,1,156,0,26,196,3,225,204,0,204,429
12/29/2007,FTW,TX,ASW,CE,Towers with Radar,2,14,48,0,64,0,1,126,1,128,2,15,174,1,192,176,0,176,368
12/30/2007,FTW,TX,ASW,CE,Towers with Radar,0,14,32,1,47,0,2,129,1,132,0,16,161,2,179,190,0,190,369
12/31/2007,FTW,TX,ASW,CE,Towers with Radar,0,11,32,1,44,0,3,62,4,69,0,14,94,5,113,128,0,128,241
01/01/2008,FTW,TX,ASW,CE,Towers with Radar,0,7,24,0,31,0,6,36,1,43,0,13,60,1,74,12,0,12,86
01/02/2008,FTW,TX,ASW,CE,Towers with Radar,0,12,58,0,70,0,2,107,0,109,0,14,165,0,179,214,0,214,393
01/03/2008,FTW,TX,ASW,CE,Towers with Radar,0,11,58,1,70,0,2,114,8,124,0,13,172,9,194,134,0,134,328
01/04/2008,FTW,TX,ASW,CE,Towers with Radar,0,10,72,3,85,0,3,19,0,22,0,13,91,3,107,32,0,32,139
01/05/2008,FTW,TX,ASW,CE,Towers with Radar,0,5,32,0,37,0,1,115,0,116,0,6,147,0,153,140,0,140,293
01/06/2008,FTW,TX,ASW,CE,Towers with Radar,0,12,52,0,64,0,9,55,0,64,0,21,107,0,128,116,0,116,244
01/07/2008,FTW,TX,ASW,CE,Towers with Radar,0,12,49,4,65,0,6,62,0,68,0,18,111,4,133,180,0,180,313
01/08/2008,FTW,TX,ASW,CE,Towers with Radar,0,19,51,0,70,0,4,76,0,80,0,23,127,0,150,46,0,46,196
01/09/2008,FTW,TX,ASW,CE,Towers with Radar,0,10,67,4,81,0,2,196,2,200,0,12,263,6,281,178,0,178,459
01/10/2008,FTW,TX,ASW,CE,Towers with Radar,0,11,66,0,77,0,2,83,1,86,0,13,149,1,163,128,0,128,291
01/11/2008,FTW,TX,ASW,CE,Towers with Radar,0,13,84,0,97,0,8,142,2,152,0,21,226,2,249,244,0,244,493
01/12/2008,FTW,TX,ASW,CE,Towers with Radar,0,3,33,0,36,0,2,170,2,174,0,5,203,2,210,274,0,274,484
01/13/2008,FTW,TX,ASW,CE,Towers with Radar,0,5,45,0,50,0,4,126,0,130,0,9,171,0,180,188,0,188,368
01/14/2008,FTW,TX,ASW,CE,Towers with Radar,0,14,47,2,63,0,2,139,1,142,0,16,186,3,205,208,0,208,413
01/15/2008,FTW,TX,ASW,CE,Towers with Radar,0,21,75,0,96,0,6,146,0,152,0,27,221,0,248,180,0,180,428
01/16/2008,FTW,TX,ASW,CE,Towers with Radar,0,11,88,2,101,0,4,55,0,59,0,15,143,2,160,130,0,130,290
01/17/2008,FTW,TX,ASW,CE,Towers with Radar,0,15,64,1,80,0,10,137,0,147,0,25,201,1,227,188,0,188,415
01/18/2008,FTW,TX,ASW,CE,Towers with Radar,0,15,93,2,110,0,1,137,0,138,0,16,230,2,248,262,0,262,510
01/19/2008,FTW,TX,ASW,CE,Towers with Radar,0,13,50,0,63,0,0,149,7,156,0,13,199,7,219,158,0,158,377
01/20/2008,FTW,TX,ASW,CE,Towers with Radar,0,13,41,0,54,0,7,97,9,113,0,20,138,9,167,124,0,124,291
01/21/2008,FTW,TX,ASW,CE,Towers with Radar,0,10,43,0,53,0,1,25,1,27,0,11,68,1,80,104,0,104,184
01/22/2008,FTW,TX,ASW,CE,Towers with Radar,0,8,51,0,59,0,0,5,0,5,0,8,56,0,64,7,0,7,71
01/23/2008,FTW,TX,ASW,CE,Towers with Radar,0,11,88,2,101,0,3,108,0,111,0,14,196,2,212,170,0,170,382
01/24/2008,FTW,TX,ASW,CE,Towers with Radar,0,15,85,1,101,0,7,109,1,117,0,22,194,2,218,158,0,158,376
01/25/2008,FTW,TX,ASW,CE,Towers with Radar,0,12,68,0,80,0,0,2,0,2,0,12,70,0,82,4,0,4,86
01/26/2008,FTW,TX,ASW,CE,Towers with Radar,0,8,48,0,56,0,2,115,4,121,0,10,163,4,177,138,0,138,315
01/27/2008,FTW,TX,ASW,CE,Towers with Radar,0,7,43,0,50,0,0,106,0,106,0,7,149,0,156,202,0,202,358
01/28/2008,FTW,TX,ASW,CE,Towers with Radar,0,14,53,1,68,0,3,28,0,31,0,17,81,1,99,46,0,46,145
01/29/2008,FTW,TX,ASW,CE,Towers with Radar,0,11,63,0,74,0,5,27,2,34,0,16,90,2,108,24,0,24,132
01/30/2008,FTW,TX,ASW,CE,Towers with Radar,1,12,76,0,89,0,5,100,2,107,1,17,176,2,196,36,0,36,232
01/31/2008,FTW,TX,ASW,CE,Towers with Radar,0,6,76,1,83,0,2,43,1,46,0,8,119,2,129,26,0,26,155
02/01/2008,FTW,TX,ASW,CE,Towers with Radar,0,17,85,2,104,0,11,141,0,152,0,28,226,2,256,118,0,118,374
02/02/2008,FTW,TX,ASW,CE,Towers with Radar,0,5,47,4,56,0,5,192,15,212,0,10,239,19,268,200,38,238,506
02/03/2008,FTW,TX,ASW,CE,Towers with Radar,0,9,45,3,57,0,4,111,0,115,0,13,156,3,172,104,0,104,276
02/04/2008,FTW,TX,ASW,CE,Towers with Radar,0,10,69,0,79,0,0,85,0,85,0,10,154,0,164,102,0,102,266
02/05/2008,FTW,TX,ASW,CE,Towers with Radar,0,16,55,0,71,0,5,36,0,41,0,21,91,0,112,18,0,18,130
02/06/2008,FTW,TX,ASW,CE,Towers with Radar,0,19,74,0,93,0,5,136,2,143,0,24,210,2,236,64,0,64,300
02/07/2008,FTW,TX,ASW,CE,Towers with Radar,0,18,80,0,98,0,3,88,1,92,0,21,168,1,190,64,0,64,254
02/08/2008,FTW,TX,ASW,CE,Towers with Radar,0,11,80,0,91,0,3,103,0,106,0,14,183,0,197,69,0,69,266
02/09/2008,FTW,TX,ASW,CE,Towers with Radar,0,8,50,0,58,0,4,141,0,145,0,12,191,0,203,188,0,188,391
02/10/2008,FTW,TX,ASW,CE,Towers with Radar,0,6,33,9,48,0,2,111,1,114,0,8,144,10,162,46,0,46,208
02/11/2008,FTW,TX,ASW,CE,Towers with Radar,0,21,70,1,92,0,6,37,3,46,0,27,107,4,138,70,0,70,208
02/12/2008,FTW,TX,ASW,CE,Towers with Radar,0,19,70,4,93,0,0,69,5,74,0,19,139,9,167,44,0,44,211
02/13/2008,FTW,TX,ASW,CE,Towers with Radar,0,8,102,0,110,0,10,166,2,178,0,18,268,2,288,124,0,124,412
02/14/2008,FTW,TX,ASW,CE,Towers with Radar,0,12,69,1,82,0,10,81,1,92,0,22,150,2,174,20,2,22,196
02/15/2008,FTW,TX,ASW,CE,Towers with Radar,0,22,94,1,117,0,1,5,0,6,0,23,99,1,123,66,0,66,189
02/16/2008,FTW,TX,ASW,CE,Towers with Radar,0,4,22,0,26,0,4,0,0,4,0,8,22,0,30,0,0,0,30
02/17/2008,FTW,TX,ASW,CE,Towers with Radar,0,9,43,0,52,0,3,41,0,44,0,12,84,0,96,46,0,46,142
02/18/2008,FTW,TX,ASW,CE,Towers with Radar,0,14,57,0,71,0,3,156,2,161,0,17,213,2,232,162,0,162,394
02/19/2008,FTW,TX,ASW,CE,Towers with Radar,0,14,72,1,87,0,7,158,0,165,0,21,230,1,252,202,0,202,454
02/20/2008,FTW,TX,ASW,CE,Towers with Radar,0,13,74,5,92,0,6,118,0,124,0,19,192,5,216,122,0,122,338
02/21/2008,FTW,TX,ASW,CE,Towers with Radar,0,22,80,0,102,0,0,10,0,10,0,22,90,0,112,26,0,26,138
02/22/2008,FTW,TX,ASW,CE,Towers with Radar,0,16,88,3,107,0,3,121,0,124,0,19,209,3,231,186,0,186,417
02/23/2008,FTW,TX,ASW,CE,Towers with Radar,0,8,40,2,50,0,12,122,3,137,0,20,162,5,187,138,0,138,325
02/24/2008,FTW,TX,ASW,CE,Towers with Radar,0,17,65,0,82,0,3,118,0,121,0,20,183,0,203,104,0,104,307
02/25/2008,FTW,TX,ASW,CE,Towers with Radar,0,11,47,2,60,0,7,91,1,99,0,18,138,3,159,80,0,80,239
02/26/2008,FTW,TX,ASW,CE,Towers with Radar,0,22,72,0,94,0,2,85,1,88,0,24,157,1,182,52,0,52,234
02/27/2008,FTW,TX,ASW,CE,Towers with Radar,0,13,84,0,97,0,7,197,2,206,0,20,281,2,303,276,0,276,579
02/28/2008,FTW,TX,ASW,CE,Towers with Radar,3,16,93,0,112,0,7,126,2,135,3,23,219,2,247,28,2,30,277
02/29/2008,FTW,TX,ASW,CE,Towers with Radar,2,16,79,1,98,0,7,164,5,176,2,23,243,6,274,176,0,176,450
03/01/2008,FTW,TX,ASW,CE,Towers with Radar,0,4,73,0,77,0,7,102,2,111,0,11,175,2,188,132,0,132,320
03/02/2008,FTW,TX,ASW,CE,Towers with Radar,0,3,51,1,55,0,3,8,0,11,0,6,59,1,66,42,0,42,108
03/03/2008,FTW,TX,ASW,CE,Towers with Radar,0,5,37,0,42,0,3,5,0,8,0,8,42,0,50,0,0,0,50
03/04/2008,FTW,TX,ASW,CE,Towers with Radar,0,18,68,1,87,0,8,166,0,174,0,26,234,1,261,218,0,218,479
03/05/2008,FTW,TX,ASW,CE,Towers with Radar,0,13,76,3,92,0,6,144,0,150,0,19,220,3,242,188,0,188,430
03/06/2008,FTW,TX,ASW,CE,Towers with Radar,0,8,64,0,72,0,0,34,0,34,0,8,98,0,106,36,0,36,142
03/07/2008,FTW,TX,ASW,CE,Towers with Radar,0,23,77,0,100,0,2,128,0,130,0,25,205,0,230,150,0,150,380
03/08/2008,FTW,TX,ASW,CE,Towers with Radar,0,11,72,1,84,0,4,161,1,166,0,15,233,2,250,186,2,188,438
03/09/2008,FTW,TX,ASW,CE,Towers with Radar,0,8,74,1,83,0,1,101,0,102,0,9,175,1,185,74,0,74,259
03/10/2008,FTW,TX,ASW,CE,Towers with Radar,0,14,67,2,83,0,2,97,1,100,0,16,164,3,183,118,0,118,301
03/11/2008,FTW,TX,ASW,CE,Towers with Radar,0,9,55,0,64,0,5,156,7,168,0,14,211,7,232,127,0,127,359
03/12/2008,FTW,TX,ASW,CE,Towers with Radar,0,7,80,0,87,0,4,175,3,182,0,11,255,3,269,126,0,126,395
03/13/2008,FTW,TX,ASW,CE,Towers with Radar,0,16,86,3,105,0,7,135,2,144,0,23,221,5,249,70,0,70,319
03/14/2008,FTW,TX,ASW,CE,Towers with Radar,0,19,89,3,111,0,3,135,2,140,0,22,224,5,251,128,0,128,379
03/15/2008,FTW,TX,ASW,CE,Towers with Radar,0,21,49,3,73,0,6,140,2,148,0,27,189,5,221,156,0,156,377
03/16/2008,FTW,TX,ASW,CE,Towers with Radar,0,12,68,1,81,0,6,74,2,82,0,18,142,3,163,38,0,38,201
03/17/2008,FTW,TX,ASW,CE,Towers with Radar,0,8,48,0,56,0,2,28,0,30,0,10,76,0,86,36,0,36,122
03/18/2008,FTW,TX,ASW,CE,Towers with Radar,0,11,23,1,35,0,0,1,0,1,0,11,24,1,36,0,0,0,36
03/19/2008,FTW,TX,ASW,CE,Towers with Radar,0,13,85,3,101,0,5,121,0,126,0,18,206,3,227,36,0,36,263
03/20/2008,FTW,TX,ASW,CE,Towers with Radar,0,10,97,0,107,0,4,190,1,195,0,14,287,1,302,132,0,132,434
03/21/2008,FTW,TX,ASW,CE,Towers with Radar,0,8,64,1,73,0,6,197,0,203,0,14,261,1,276,162,0,162,438
03/22/2008,FTW,TX,ASW,CE,Towers with Radar,0,6,51,0,57,0,4,167,1,172,0,10,218,1,229,136,0,136,365
03/23/2008,FTW,TX,ASW,CE,Towers with Radar,0,2,38,1,41,0,0,61,1,62,0,2,99,2,103,28,0,28,131
03/24/2008,FTW,TX,ASW,CE,Towers with Radar,0,7,60,1,68,0,6,126,0,132,0,13,186,1,200,158,0,158,358
03/25/2008,FTW,TX,ASW,CE,Towers with Radar,0,15,64,2,81,0,7,85,0,92,0,22,149,2,173,42,2,44,217
03/26/2008,FTW,TX,ASW,CE,Towers with Radar,0,18,58,0,76,0,0,126,5,131,0,18,184,5,207,80,0,80,287
03/27/2008,FTW,TX,ASW,CE,Towers with Radar,0,11,103,1,115,0,1,129,6,136,0,12,232,7,251,34,0,34,285
03/28/2008,FTW,TX,ASW,CE,Towers with Radar,0,15,82,1,98,0,9,43,1,53,0,24,125,2,151,344,0,344,495
03/29/2008,FTW,TX,ASW,CE,Towers with Radar,0,3,56,2,61,0,4,10,0,14,0,7,66,2,75,68,0,68,143
03/30/2008,FTW,TX,ASW,CE,Towers with Radar,0,5,59,0,64,0,4,58,0,62,0,9,117,0,126,31,0,31,157
03/31/2008,FTW,TX,ASW,CE,Towers with Radar,0,16,67,0,83,0,2,52,0,54,0,18,119,0,137,80,0,80,217
04/01/2008,FTW,TX,ASW,CE,Towers with Radar,0,6,82,0,88,0,8,88,2,98,0,14,170,2,186,102,0,102,288
04/02/2008,FTW,TX,ASW,CE,Towers with Radar,0,16,86,0,102,0,8,86,0,94,0,24,172,0,196,172,0,172,368
04/03/2008,FTW,TX,ASW,CE,Towers with Radar,0,20,80,2,102,0,10,54,0,64,0,30,134,2,166,44,0,44,210
04/04/2008,FTW,TX,ASW,CE,Towers with Radar,0,6,69,0,75,0,5,115,0,120,0,11,184,0,195,70,0,70,265
04/05/2008,FTW,TX,ASW,CE,Towers with Radar,0,12,55,0,67,0,28,156,1,185,0,40,211,1,252,170,0,170,422
04/06/2008,FTW,TX,ASW,CE,Towers with Radar,0,17,74,3,94,0,75,128,1,204,0,92,202,4,298,104,0,104,402
04/07/2008,FTW,TX,ASW,CE,Towers with Radar,0,12,79,0,91,0,1,89,0,90,0,13,168,0,181,88,0,88,269
04/08/2008,FTW,TX,ASW,CE,Towers with Radar,0,12,72,1,85,0,5,102,1,108,0,17,174,2,193,44,0,44,237
04/09/2008,FTW,TX,ASW,CE,Towers with Radar,0,19,77,0,96,0,2,0,0,2,0,21,77,0,98,14,0,14,112
04/10/2008,FTW,TX,ASW,CE,Towers with Radar,0,20,85,0,105,0,7,119,3,129,0,27,204,3,234,28,0,28,262
04/11/2008,FTW,TX,ASW,CE,Towers with Radar,0,20,89,1,110,0,3,195,4,202,0,23,284,5,312,106,4,110,422
04/12/2008,FTW,TX,ASW,CE,Towers with Radar,0,17,47,0,64,0,10,132,0,142,0,27,179,0,206,76,0,76,282
04/13/2008,FTW,TX,ASW,CE,Towers with Radar,0,21,65,1,87,0,4,79,4,87,0,25,144,5,174,4,0,4,178
04/14/2008,FTW,TX,ASW,CE,Towers with Radar,0,17,55,2,74,0,12,173,0,185,0,29,228,2,259,160,0,160,419
04/15/2008,FTW,TX,ASW,CE,Towers with Radar,0,17,65,6,88,0,6,145,2,153,0,23,210,8,241,104,0,104,345
04/16/2008,FTW,TX,ASW,CE,Towers with Radar,0,17,81,4,102,0,2,97,3,102,0,19,178,7,204,58,2,60,264
04/17/2008,FTW,TX,ASW,CE,Towers with Radar,0,15,63,0,78,0,6,50,0,56,0,21,113,0,134,66,0,66,200
04/18/2008,FTW,TX,ASW,CE,Towers with Radar,0,14,86,0,100,0,5,194,2,201,0,19,280,2,301,235,0,235,536
04/19/2008,FTW,TX,ASW,CE,Towers with Radar,0,15,37,0,52,0,4,97,8,109,0,19,134,8,161,110,0,110,271
04/20/2008,FTW,TX,ASW,CE,Towers with Radar,0,9,58,0,67,0,2,98,1,101,0,11,156,1,168,40,0,40,208
04/21/2008,FTW,TX,ASW,CE,Towers with Radar,0,12,75,0,87,0,3,120,0,123,0,15,195,0,210,242,0,242,452
04/22/2008,FTW,TX,ASW,CE,Towers with Radar,0,4,101,1,106,0,5,155,2,162,0,9,256,3,268,302,0,302,570
04/23/2008,FTW,TX,ASW,CE,Towers with Radar,0,15,94,0,109,0,8,66,1,75,0,23,160,1,184,188,0,188,372
04/24/2008,FTW,TX,ASW,CE,Towers with Radar,0,14,92,2,108,0,9,95,1,105,0,23,187,3,213,154,0,154,367
04/25/2008,FTW,TX,ASW,CE,Towers with Radar,0,7,84,5,96,0,7,85,3,95,0,14,169,8,191,164,0,164,355
04/26/2008,FTW,TX,ASW,CE,Towers with Radar,0,2,35,0,37,0,6,108,0,114,0,8,143,0,151,123,0,123,274
04/27/2008,FTW,TX,ASW,CE,Towers with Radar,0,11,45,0,56,0,3,36,0,39,0,14,81,0,95,50,0,50,145
04/28/2008,FTW,TX,ASW,CE,Towers with Radar,0,14,67,3,84,0,6,130,3,139,0,20,197,6,223,126,0,126,349
04/29/2008,FTW,TX,ASW,CE,Towers with Radar,0,9,78,4,91,0,8,166,2,176,0,17,244,6,267,122,0,122,389
04/30/2008,FTW,TX,ASW,CE,Towers with Radar,0,16,85,0,101,0,9,116,0,125,0,25,201,0,226,64,0,64,290
05/01/2008,FTW,TX,ASW,CE,Towers with Radar,0,14,95,2,111,0,4,77,0,81,0,18,172,2,192,98,0,98,290
05/02/2008,FTW,TX,ASW,CE,Towers with Radar,0,8,92,0,100,0,10,119,2,131,0,18,211,2,231,88,2,90,321
05/03/2008,FTW,TX,ASW,CE,Towers with Radar,0,9,64,4,77,0,5,137,0,142,0,14,201,4,219,134,0,134,353
05/04/2008,FTW,TX,ASW,CE,Towers with Radar,0,12,55,12,79,0,4,118,1,123,0,16,173,13,202,56,0,56,258
05/05/2008,FTW,TX,ASW,CE,Towers with Radar,0,5,43,5,53,0,4,29,0,33,0,9,72,5,86,234,0,234,320
05/06/2008,FTW,TX,ASW,CE,Towers with Radar,0,21,67,0,88,0,2,18,0,20,0,23,85,0,108,82,0,82,190
05/07/2008,FTW,TX,ASW,CE,Towers with Radar,0,15,71,1,87,0,7,59,0,66,0,22,130,1,153,94,0,94,247
05/08/2008,FTW,TX,ASW,CE,Towers with Radar,0,10,117,2,129,0,9,179,2,190,0,19,296,4,319,198,0,198,517
05/09/2008,FTW,TX,ASW,CE,Towers with Radar,0,13,99,0,112,0,9,150,1,160,0,22,249,1,272,190,2,192,464
05/10/2008,FTW,TX,ASW,CE,Towers with Radar,0,8,70,1,79,0,4,103,5,112,0,12,173,6,191,128,0,128,319
05/11/2008,FTW,TX,ASW,CE,Towers with Radar,0,12,54,0,66,0,1,85,0,86,0,13,139,0,152,30,0,30,182
05/12/2008,FTW,TX,ASW,CE,Towers with Radar,0,17,63,0,80,0,4,143,1,148,0,21,206,1,228,238,0,238,466
05/13/2008,FTW,TX,ASW,CE,Towers with Radar,0,13,89,1,103,0,5,52,1,58,0,18,141,2,161,340,0,340,501
05/14/2008,FTW,TX,ASW,CE,Towers with Radar,0,20,60,0,80,0,3,75,1,79,0,23,135,1,159,168,0,168,327
05/15/2008,FTW,TX,ASW,CE,Towers with Radar,0,23,83,0,106,0,3,103,0,106,0,26,186,0,212,152,0,152,364
05/16/2008,FTW,TX,ASW,CE,Towers with Radar,0,8,66,0,74,0,7,170,3,180,0,15,236,3,254,280,0,280,534
05/17/2008,FTW,TX,ASW,CE,Towers with Radar,0,5,48,0,53,0,10,163,0,173,0,15,211,0,226,116,0,116,342
05/18/2008,FTW,TX,ASW,CE,Towers with Radar,0,6,41,2,49,0,5,90,0,95,0,11,131,2,144,34,0,34,178
05/19/2008,FTW,TX,ASW,CE,Towers with Radar,0,19,44,0,63,0,6,137,1,144,0,25,181,1,207,148,0,148,355
05/20/2008,FTW,TX,ASW,CE,Towers with Radar,0,14,77,0,91,0,8,154,2,164,0,22,231,2,255,252,0,252,507
05/21/2008,FTW,TX,ASW,CE,Towers with Radar,0,17,78,0,95,0,6,136,0,142,0,23,214,0,237,142,0,142,379
05/22/2008,FTW,TX,ASW,CE,Towers with Radar,0,22,76,10,108,0,3,49,1,53,0,25,125,11,161,78,6,84,245
05/23/2008,FTW,TX,ASW,CE,Towers with Radar,0,24,96,9,129,0,4,98,5,107,0,28,194,14,236,138,4,142,378
05/24/2008,FTW,TX,ASW,CE,Towers with Radar,0,2,33,0,35,0,5,91,0,96,0,7,124,0,131,229,0,229,360
05/25/2008,FTW,TX,ASW,CE,Towers with Radar,0,18,39,4,61,0,5,57,0,62,0,23,96,4,123,68,0,68,191
05/26/2008,FTW,TX,ASW,CE,Towers with Radar,0,7,62,0,69,0,5,55,0,60,0,12,117,0,129,41,0,41,170
05/27/2008,FTW,TX,ASW,CE,Towers with Radar,0,9,91,3,103,0,6,36,1,43,0,15,127,4,146,120,0,120,266
05/28/2008,FTW,TX,ASW,CE,Towers with Radar,0,22,54,0,76,0,5,133,1,139,0,27,187,1,215,240,0,240,455
05/29/2008,FTW,TX,ASW,CE,Towers with Radar,0,7,81,0,88,0,4,106,0,110,0,11,187,0,198,154,0,154,352
05/30/2008,FTW,TX,ASW,CE,Towers with Radar,0,10,71,19,100,0,8,187,12,207,0,18,258,31,307,242,44,286,593
05/31/2008,FTW,TX,ASW,CE,Towers with Radar,0,5,37,0,42,0,6,161,3,170,0,11,198,3,212,122,0,122,334
06/01/2008,FTW,TX,ASW,CE,Towers with Radar,0,10,48,20,78,0,2,92,7,101,0,12,140,27,179,46,10,56,235
06/02/2008,FTW,TX,ASW,CE,Towers with Radar,0,3,71,3,77,0,12,91,4,107,0,15,162,7,184,44,0,44,228
06/03/2008,FTW,TX,ASW,CE,Towers with Radar,0,11,84,0,95,0,9,104,3,116,0,20,188,3,211,84,0,84,295
06/04/2008,FTW,TX,ASW,CE,Towers with Radar,0,16,88,0,104,0,6,58,1,65,0,22,146,1,169,16,0,16,185
06/05/2008,FTW,TX,ASW,CE,Towers with Radar,0,9,77,2,88,0,7,28,1,36,0,16,105,3,124,90,0,90,214
06/06/2008,FTW,TX,ASW,CE,Towers with Radar,0,8,67,0,75,0,3,85,0,88,0,11,152,0,163,26,0,26,189
06/07/2008,FTW,TX,ASW,CE,Towers with Radar,4,13,52,2,71,0,6,194,2,202,4,19,246,4,273,54,0,54,327
06/08/2008,FTW,TX,ASW,CE,Towers with Radar,0,17,53,3,73,0,4,67,2,73,0,21,120,5,146,18,0,18,164
06/09/2008,FTW,TX,ASW,CE,Towers with Radar,0,10,70,0,80,0,5,62,2,69,0,15,132,2,149,138,0,138,287
06/10/2008,FTW,TX,ASW,CE,Towers with Radar,0,20,74,0,94,0,2,99,5,106,0,22,173,5,200,232,0,232,432
06/11/2008,FTW,TX,ASW,CE,Towers with Radar,0,12,79,1,92,0,0,124,8,132,0,12,203,9,224,112,6,118,342
06/12/2008,FTW,TX,ASW,CE,Towers with Radar,0,19,86,0,105,0,7,94,0,101,0,26,180,0,206,40,0,40,246
06/13/2008,FTW,TX,ASW,CE,Towers with Radar,0,11,78,1,90,0,3,124,5,132,0,14,202,6,222,158,16,174,396
06/14/2008,FTW,TX,ASW,CE,Towers with Radar,0,10,54,2,66,0,7,176,1,184,0,17,230,3,250,142,2,144,394
06/15/2008,FTW,TX,ASW,CE,Towers with Radar,0,9,56,1,66,0,2,80,0,82,0,11,136,1,148,16,0,16,164
06/16/2008,FTW,TX,ASW,CE,Towers with Radar,0,11,64,0,75,0,7,138,1,146,0,18,202,1,221,176,0,176,397
06/17/2008,FTW,TX,ASW,CE,Towers with Radar,0,6,69,1,76,0,4,108,1,113,0,10,177,2,189,150,0,150,339
06/18/2008,FTW,TX,ASW,CE,Towers with Radar,0,8,65,0,73,0,0,137,1,138,0,8,202,1,211,178,0,178,389
06/19/2008,FTW,TX,ASW,CE,Towers with Radar,0,12,85,1,98,0,8,102,1,111,0,20,187,2,209,142,0,142,351
06/20/2008,FTW,TX,ASW,CE,Towers with Radar,0,12,60,2,74,0,4,160,0,164,0,16,220,2,238,98,0,98,336
06/21/2008,FTW,TX,ASW,CE,Towers with Radar,2,2,39,4,47,0,4,132,0,136,2,6,171,4,183,163,4,167,350
06/22/2008,FTW,TX,ASW,CE,Towers with Radar,0,2,67,2,71,0,4,89,0,93,0,6,156,2,164,26,0,26,190
06/23/2008,FTW,TX,ASW,CE,Towers with Radar,0,6,55,0,61,0,3,126,0,129,0,9,181,0,190,188,0,188,378
06/24/2008,FTW,TX,ASW,CE,Towers with Radar,0,22,54,1,77,0,1,129,3,133,0,23,183,4,210,173,2,175,385
06/25/2008,FTW,TX,ASW,CE,Towers with Radar,0,17,55,0,72,0,0,100,0,100,0,17,155,0,172,142,0,142,314
06/26/2008,FTW,TX,ASW,CE,Towers with Radar,0,15,74,0,89,0,4,126,0,130,0,19,200,0,219,132,0,132,351
06/27/2008,FTW,TX,ASW,CE,Towers with Radar,0,13,62,1,76,0,9,134,1,144,0,22,196,2,220,140,0,140,360
06/28/2008,FTW,TX,ASW,CE,Towers with Radar,0,7,49,0,56,0,5,114,1,120,0,12,163,1,176,182,0,182,358
06/29/2008,FTW,TX,ASW,CE,Towers with Radar,0,12,52,0,64,0,2,41,3,46,0,14,93,3,110,4,0,4,114
06/30/2008,FTW,TX,ASW,CE,Towers with Radar,0,15,47,2,64,0,0,114,2,116,0,15,161,4,180,194,14,208,388
07/01/2008,FTW,TX,ASW,CE,Towers with Radar,0,12,74,0,86,0,2,180,0,182,0,14,254,0,268,206,3,209,477
07/02/2008,FTW,TX,ASW,CE,Towers with Radar,1,26,85,3,115,0,1,129,4,134,1,27,214,7,249,162,0,162,411
07/03/2008,FTW,TX,ASW,CE,Towers with Radar,0,14,67,0,81,0,11,129,0,140,0,25,196,0,221,198,0,198,419
07/04/2008,FTW,TX,ASW,CE,Towers with Radar,0,5,14,0,19,0,5,66,0,71,0,10,80,0,90,140,0,140,230
07/05/2008,FTW,TX,ASW,CE,Towers with Radar,0,8,30,0,38,0,10,89,2,101,0,18,119,2,139,104,0,104,243
07/06/2008,FTW,TX,ASW,CE,Towers with Radar,0,14,64,1,79,0,4,77,0,81,0,18,141,1,160,36,0,36,196
07/07/2008,FTW,TX,ASW,CE,Towers with Radar,0,17,52,1,70,0,5,100,0,105,0,22,152,1,175,104,0,104,279
07/08/2008,FTW,TX,ASW,CE,Towers with Radar,0,6,82,1,89,0,5,122,1,128,0,11,204,2,217,200,0,200,417
07/09/2008,FTW,TX,ASW,CE,Towers with Radar,0,24,84,2,110,0,7,174,1,182,0,31,258,3,292,296,0,296,588
07/10/2008,FTW,TX,ASW,CE,Towers with Radar,0,12,81,0,93,0,5,143,1,149,0,17,224,1,242,232,0,232,474
07/11/2008,FTW,TX,ASW,CE,Towers with Radar,0,11,74,1,86,0,7,171,0,178,0,18,245,1,264,102,0,102,366
07/12/2008,FTW,TX,ASW,CE,Towers with Radar,0,9,48,3,60,0,5,102,3,110,0,14,150,6,170,134,0,134,304
07/13/2008,FTW,TX,ASW,CE,Towers with Radar,0,7,52,5,64,0,2,54,1,57,0,9,106,6,121,38,6,44,165
07/14/2008,FTW,TX,ASW,CE,Towers with Radar,0,7,75,3,85,0,4,130,2,136,0,11,205,5,221,151,0,151,372
07/15/2008,FTW,TX,ASW,CE,Towers with Radar,0,17,84,0,101,0,6,90,0,96,0,23,174,0,197,264,0,264,461
07/16/2008,FTW,TX,ASW,CE,Towers with Radar,0,14,84,0,98,0,5,128,0,133,0,19,212,0,231,174,0,174,405
07/17/2008,FTW,TX,ASW,CE,Towers with Radar,0,21,85,0,106,0,2,170,1,173,0,23,255,1,279,202,0,202,481
07/18/2008,FTW,TX,ASW,CE,Towers with Radar,0,21,77,4,102,0,5,163,2,170,0,26,240,6,272,160,4,164,436
07/19/2008,FTW,TX,ASW,CE,Towers with Radar,0,12,78,0,90,0,4,192,0,196,0,16,270,0,286,202,6,208,494
07/20/2008,FTW,TX,ASW,CE,Towers with Radar,0,9,49,0,58,0,4,98,0,102,0,13,147,0,160,33,0,33,193
07/21/2008,FTW,TX,ASW,CE,Towers with Radar,0,11,66,1,78,0,7,119,4,130,0,18,185,5,208,236,0,236,444
07/22/2008,FTW,TX,ASW,CE,Towers with Radar,0,13,85,3,101,0,4,138,5,147,0,17,223,8,248,358,0,358,606
07/23/2008,FTW,TX,ASW,CE,Towers with Radar,0,10,92,0,102,0,9,126,0,135,0,19,218,0,237,194,0,194,431
07/24/2008,FTW,TX,ASW,CE,Towers with Radar,0,9,94,0,103,0,10,109,2,121,0,19,203,2,224,256,0,256,480
07/25/2008,FTW,TX,ASW,CE,Towers with Radar,0,10,64,0,74,0,9,138,0,147,0,19,202,0,221,190,0,190,411
07/26/2008,FTW,TX,ASW,CE,Towers with Radar,0,6,43,2,51,0,1,112,1,114,0,7,155,3,165,116,2,118,283
07/27/2008,FTW,TX,ASW,CE,Towers with Radar,0,9,48,7,64,0,5,58,6,69,0,14,106,13,133,40,0,40,173
07/28/2008,FTW,TX,ASW,CE,Towers with Radar,0,17,57,2,76,0,4,114,2,120,0,21,171,4,196,134,0,134,330
07/29/2008,FTW,TX,ASW,CE,Towers with Radar,0,10,53,1,64,0,3,125,1,129,0,13,178,2,193,134,0,134,327
07/30/2008,FTW,TX,ASW,CE,Towers with Radar,0,9,91,0,100,0,6,117,0,123,0,15,208,0,223,216,0,216,439
07/31/2008,FTW,TX,ASW,CE,Towers with Radar,0,18,66,2,86,0,5,190,0,195,0,23,256,2,281,302,0,302,583
08/01/2008,FTW,TX,ASW,CE,Towers with Radar,0,6,83,1,90,0,5,150,2,157,0,11,233,3,247,246,0,246,493
08/02/2008,FTW,TX,ASW,CE,Towers with Radar,0,13,49,1,63,0,8,187,0,195,0,21,236,1,258,144,0,144,402
08/03/2008,FTW,TX,ASW,CE,Towers with Radar,0,13,60,0,73,0,2,118,1,121,0,15,178,1,194,58,0,58,252
08/04/2008,FTW,TX,ASW,CE,Towers with Radar,0,14,76,7,97,0,11,194,0,205,0,25,270,7,302,266,0,266,568
08/05/2008,FTW,TX,ASW,CE,Towers with Radar,0,4,72,2,78,0,6,182,0,188,0,10,254,2,266,230,4,234,500
08/06/2008,FTW,TX,ASW,CE,Towers with Radar,0,12,83,2,97,0,3,100,7,110,0,15,183,9,207,214,0,214,421
08/07/2008,FTW,TX,ASW,CE,Towers with Radar,0,5,79,3,87,0,6,184,4,194,0,11,263,7,281,152,2,154,435
08/08/2008,FTW,TX,ASW,CE,Towers with Radar,0,9,90,1,100,0,7,146,3,156,0,16,236,4,256,208,0,208,464
08/09/2008,FTW,TX,ASW,CE,Towers with Radar,0,4,42,2,48,0,1,169,1,171,0,5,211,3,219,98,0,98,317
08/10/2008,FTW,TX,ASW,CE,Towers with Radar,0,7,46,0,53,0,0,93,0,93,0,7,139,0,146,86,0,86,232
08/11/2008,FTW,TX,ASW,CE,Towers with Radar,0,8,55,1,64,0,3,111,2,116,0,11,166,3,180,324,0,324,504
08/12/2008,FTW,TX,ASW,CE,Towers with Radar,0,5,67,0,72,0,11,152,2,165,0,16,219,2,237,332,0,332,569
08/13/2008,FTW,TX,ASW,CE,Towers with Radar,0,12,75,0,87,0,6,241,1,248,0,18,316,1,335,258,0,258,593
08/14/2008,FTW,TX,ASW,CE,Towers with Radar,0,5,86,0,91,0,3,205,2,210,0,8,291,2,301,106,0,106,407
08/15/2008,FTW,TX,ASW,CE,Towers with Radar,0,13,92,0,105,0,2,88,0,90,0,15,180,0,195,136,0,136,331
08/16/2008,FTW,TX,ASW,CE,Towers with Radar,0,7,64,1,72,0,4,66,0,70,0,11,130,1,142,236,0,236,378
08/17/2008,FTW,TX,ASW,CE,Towers with Radar,0,2,49,1,52,0,3,54,0,57,0,5,103,1,109,106,0,106,215
08/18/2008,FTW,TX,ASW,CE,Towers with Radar,0,7,59,2,68,0,1,11,0,12,0,8,70,2,80,36,0,36,116
08/19/2008,FTW,TX,ASW,CE,Towers with Radar,0,8,87,0,95,0,3,17,1,21,0,11,104,1,116,44,0,44,160
08/20/2008,FTW,TX,ASW,CE,Towers with Radar,0,8,94,3,105,0,3,50,2,55,0,11,144,5,160,114,6,120,280
08/21/2008,FTW,TX,ASW,CE,Towers with Radar,0,9,77,1,87,0,5,163,3,171,0,14,240,4,258,316,0,316,574
08/22/2008,FTW,TX,ASW,CE,Towers with Radar,0,14,59,0,73,0,4,185,1,190,0,18,244,1,263,302,4,306,569
08/23/2008,FTW,TX,ASW,CE,Towers with Radar,0,7,42,2,51,0,4,162,0,166,0,11,204,2,217,170,0,170,387
08/24/2008,FTW,TX,ASW,CE,Towers with Radar,0,5,48,0,53,0,2,114,2,118,0,7,162,2,171,44,2,46,217
08/25/2008,FTW,TX,ASW,CE,Towers with Radar,0,5,61,0,66,0,7,166,0,173,0,12,227,0,239,120,0,120,359
08/26/2008,FTW,TX,ASW,CE,Towers with Radar,0,11,95,0,106,0,4,169,1,174,0,15,264,1,280,110,6,116,396
08/27/2008,FTW,TX,ASW,CE,Towers with Radar,0,16,113,0,129,0,4,178,1,183,0,20,291,1,312,122,2,124,436
08/28/2008,FTW,TX,ASW,CE,Towers with Radar,0,6,118,0,124,0,5,211,0,216,0,11,329,0,340,85,0,85,425
08/29/2008,FTW,TX,ASW,CE,Towers with Radar,0,12,89,0,101,0,3,179,0,182,0,15,268,0,283,266,0,266,549
08/30/2008,FTW,TX,ASW,CE,Towers with Radar,0,11,58,0,69,0,3,157,0,160,0,14,215,0,229,244,0,244,473
08/31/2008,FTW,TX,ASW,CE,Towers with Radar,0,6,41,0,47,0,3,77,0,80,0,9,118,0,127,114,0,114,241
09/01/2008,FTW,TX,ASW,CE,Towers with Radar,0,9,49,0,58,0,3,78,0,81,0,12,127,0,139,46,0,46,185
09/02/2008,FTW,TX,ASW,CE,Towers with Radar,0,6,48,7,61,0,5,93,2,100,0,11,141,9,161,98,2,100,261
09/03/2008,FTW,TX,ASW,CE,Towers with Radar,0,11,64,1,76,0,2,24,0,26,0,13,88,1,102,12,0,12,114
09/04/2008,FTW,TX,ASW,CE,Towers with Radar,0,9,82,1,92,0,1,207,0,208,0,10,289,1,300,212,0,212,512
09/05/2008,FTW,TX,ASW,CE,Towers with Radar,0,10,76,0,86,0,4,205,0,209,0,14,281,0,295,246,0,246,541
09/06/2008,FTW,TX,ASW,CE,Towers with Radar,0,4,49,2,55,0,0,197,0,197,0,4,246,2,252,172,0,172,424
09/07/2008,FTW,TX,ASW,CE,Towers with Radar,0,7,57,2,66,0,3,98,1,102,0,10,155,3,168,32,0,32,200
09/08/2008,FTW,TX,ASW,CE,Towers with Radar,0,13,66,0,79,0,1,135,0,136,0,14,201,0,215,150,0,150,365
09/09/2008,FTW,TX,ASW,CE,Towers with Radar,0,19,113,1,133,0,3,36,0,39,0,22,149,1,172,100,0,100,272
09/10/2008,FTW,TX,ASW,CE,Towers with Radar,0,10,114,0,124,0,2,12,0,14,0,12,126,0,138,44,0,44,182
09/11/2008,FTW,TX,ASW,CE,Towers with Radar,2,26,126,1,155,0,4,128,0,132,2,30,254,1,287,262,0,262,549
09/12/2008,FTW,TX,ASW,CE,Towers with Radar,0,12,80,3,95,0,2,205,0,207,0,14,285,3,302,243,0,243,545
09/13/2008,FTW,TX,ASW,CE,Towers with Radar,2,5,12,0,19,0,5,13,1,19,2,10,25,1,38,16,0,16,54
09/14/2008,FTW,TX,ASW,CE,Towers with Radar,0,11,40,0,51,0,6,95,0,101,0,17,135,0,152,36,0,36,188
09/15/2008,FTW,TX,ASW,CE,Towers with Radar,0,12,49,10,71,0,5,192,3,200,0,17,241,13,271,188,0,188,459
09/16/2008,FTW,TX,ASW,CE,Towers with Radar,0,10,66,0,76,0,3,239,5,247,0,13,305,5,323,272,0,272,595
09/17/2008,FTW,TX,ASW,CE,Towers with Radar,0,8,75,0,83,0,0,238,0,238,0,8,313,0,321,242,0,242,563
09/18/2008,FTW,TX,ASW,CE,Towers with Radar,2,7,97,0,106,0,3,229,2,234,2,10,326,2,340,346,2,348,688
09/19/2008,FTW,TX,ASW,CE,Towers with Radar,0,19,88,8,115,0,3,240,0,243,0,22,328,8,358,346,0,346,704
09/20/2008,FTW,TX,ASW,CE,Towers with Radar,0,16,48,2,66,0,3,177,0,180,0,19,225,2,246,206,0,206,452
09/21/2008,FTW,TX,ASW,CE,Towers with Radar,0,11,57,2,70,0,6,113,1,120,0,17,170,3,190,158,0,158,348
09/22/2008,FTW,TX,ASW,CE,Towers with Radar,0,11,67,1,79,0,3,176,2,181,0,14,243,3,260,214,0,214,474
09/23/2008,FTW,TX,ASW,CE,Towers with Radar,0,16,86,0,102,0,9,228,6,243,0,25,314,6,345,198,18,216,561
09/24/2008,FTW,TX,ASW,CE,Towers with Radar,0,12,91,3,106,0,8,244,1,253,0,20,335,4,359,256,0,256,615
09/25/2008,FTW,TX,ASW,CE,Towers with Radar,0,11,89,0,100,0,1,260,3,264,0,12,349,3,364,299,0,299,663
09/26/2008,FTW,TX,ASW,CE,Towers with Radar,0,16,79,6,101,0,0,281,4,285,0,16,360,10,386,186,0,186,572
09/27/2008,FTW,TX,ASW,CE,Towers with Radar,0,12,61,0,73,0,9,226,2,237,0,21,287,2,310,244,0,244,554
09/28/2008,FTW,TX,ASW,CE,Towers with Radar,0,4,75,0,79,0,3,130,4,137,0,7,205,4,216,82,8,90,306
09/29/2008,FTW,TX,ASW,CE,Towers with Radar,0,22,66,1,89,0,11,219,6,236,0,33,285,7,325,326,0,326,651
09/30/2008,FTW,TX,ASW,CE,Towers with Radar,0,14,69,3,86,0,1,169,5,175,0,15,238,8,261,114,6,120,381
10/01/2008,FTW,TX,ASW,CE,Towers with Radar,1,17,82,2,102,0,1,232,9,242,1,18,314,11,344,286,4,290,634
10/02/2008,FTW,TX,ASW,CE,Towers with Radar,1,10,88,0,99,0,1,221,3,225,1,11,309,3,324,288,0,288,612
10/03/2008,FTW,TX,ASW,CE,Towers with Radar,2,12,86,3,103,0,5,297,8,310,2,17,383,11,413,332,0,332,745
10/04/2008,FTW,TX,ASW,CE,Towers with Radar,0,13,65,0,78,0,3,210,2,215,0,16,275,2,293,213,0,213,506
10/05/2008,FTW,TX,ASW,CE,Towers with Radar,0,18,61,3,82,0,1,163,5,169,0,19,224,8,251,120,18,138,389
10/06/2008,FTW,TX,ASW,CE,Towers with Radar,0,8,71,3,82,0,6,103,0,109,0,14,174,3,191,132,0,132,323
10/07/2008,FTW,TX,ASW,CE,Towers with Radar,0,14,61,0,75,0,1,153,2,156,0,15,214,2,231,132,2,134,365
10/08/2008,FTW,TX,ASW,CE,Towers with Radar,0,16,94,1,111,0,3,286,2,291,0,19,380,3,402,342,0,342,744
10/09/2008,FTW,TX,ASW,CE,Towers with Radar,0,20,109,4,133,0,2,264,1,267,0,22,373,5,400,392,0,392,792
10/10/2008,FTW,TX,ASW,CE,Towers with Radar,0,23,71,1,95,0,5,286,2,293,0,28,357,3,388,496,0,496,884
10/11/2008,FTW,TX,ASW,CE,Towers with Radar,0,3,71,3,77,0,0,164,3,167,0,3,235,6,244,392,0,392,636
10/12/2008,FTW,TX,ASW,CE,Towers with Radar,0,13,49,0,62,0,4,98,2,104,0,17,147,2,166,124,0,124,290
10/13/2008,FTW,TX,ASW,CE,Towers with Radar,0,11,96,3,110,0,5,61,1,67,0,16,157,4,177,422,0,422,599
10/14/2008,FTW,TX,ASW,CE,Towers with Radar,0,11,94,1,106,0,3,38,1,42,0,14,132,2,148,112,0,112,260
10/15/2008,FTW,TX,ASW,CE,Towers with Radar,1,13,81,1,96,0,3,70,0,73,1,16,151,1,169,172,0,172,341
10/16/2008,FTW,TX,ASW,CE,Towers with Radar,0,12,135,1,148,0,4,200,0,204,0,16,335,1,352,724,0,724,1076
10/17/2008,FTW,TX,ASW,CE,Towers with Radar,1,5,86,0,92,0,1,273,0,274,1,6,359,0,366,376,0,376,742
10/18/2008,FTW,TX,ASW,CE,Towers with Radar,0,5,60,1,66,0,4,274,1,279,0,9,334,2,345,408,2,410,755
10/19/2008,FTW,TX,ASW,CE,Towers with Radar,0,9,68,0,77,0,4,177,8,189,0,13,245,8,266,208,0,208,474
10/20/2008,FTW,TX,ASW,CE,Towers with Radar,0,9,49,1,59,0,4,249,0,253,0,13,298,1,312,424,0,424,736
10/21/2008,FTW,TX,ASW,CE,Towers with Radar,0,10,72,1,83,0,2,259,0,261,0,12,331,1,344,338,0,338,682
10/22/2008,FTW,TX,ASW,CE,Towers with Radar,0,9,87,0,96,0,2,80,0,82,0,11,167,0,178,70,0,70,248
10/23/2008,FTW,TX,ASW,CE,Towers with Radar,0,17,82,0,99,0,2,224,2,228,0,19,306,2,327,300,4,304,631
10/24/2008,FTW,TX,ASW,CE,Towers with Radar,0,15,58,0,73,0,1,296,2,299,0,16,354,2,372,430,0,430,802
10/25/2008,FTW,TX,ASW,CE,Towers with Radar,2,10,77,1,90,0,9,202,0,211,2,19,279,1,301,484,0,484,785
10/26/2008,FTW,TX,ASW,CE,Towers with Radar,0,17,59,0,76,0,7,152,0,159,0,24,211,0,235,200,0,200,435
10/27/2008,FTW,TX,ASW,CE,Towers with Radar,0,14,59,1,74,0,2,177,2,181,0,16,236,3,255,416,0,416,671
10/28/2008,FTW,TX,ASW,CE,Towers with Radar,0,11,85,0,96,0,5,244,0,249,0,16,329,0,345,464,0,464,809
10/29/2008,FTW,TX,ASW,CE,Towers with Radar,0,12,99,3,114,0,5,286,2,293,0,17,385,5,407,338,0,338,745
10/30/2008,FTW,TX,ASW,CE,Towers with Radar,0,16,79,1,96,0,14,255,3,272,0,30,334,4,368,318,0,318,686
10/31/2008,FTW,TX,ASW,CE,Towers with Radar,0,13,62,2,77,0,7,240,4,251,0,20,302,6,328,476,0,476,804
11/01/2008,FTW,TX,ASW,CE,Towers with Radar,0,11,58,0,69,0,19,210,4,233,0,30,268,4,302,408,0,408,710
11/02/2008,FTW,TX,ASW,CE,Towers with Radar,0,22,67,0,89,0,92,179,0,271,0,114,246,0,360,282,0,282,642
11/03/2008,FTW,TX,ASW,CE,Towers with Radar,0,11,53,0,64,0,10,183,6,199,0,21,236,6,263,374,6,380,643
11/04/2008,FTW,TX,ASW,CE,Towers with Radar,0,10,86,3,99,0,4,187,1,192,0,14,273,4,291,410,0,410,701
11/05/2008,FTW,TX,ASW,CE,Towers with Radar,0,5,92,0,97,0,2,78,0,80,0,7,170,0,177,224,0,224,401
11/06/2008,FTW,TX,ASW,CE,Towers with Radar,0,16,112,3,131,0,0,312,3,315,0,16,424,6,446,405,0,405,851
11/07/2008,FTW,TX,ASW,CE,Towers with Radar,0,12,71,1,84,0,1,337,4,342,0,13,408,5,426,548,0,548,974
11/08/2008,FTW,TX,ASW,CE,Towers with Radar,0,12,66,0,78,0,4,289,0,293,0,16,355,0,371,348,0,348,719
11/09/2008,FTW,TX,ASW,CE,Towers with Radar,0,10,49,0,59,0,2,185,2,189,0,12,234,2,248,272,0,272,520
11/10/2008,FTW,TX,ASW,CE,Towers with Radar,0,11,49,0,60,0,2,43,0,45,0,13,92,0,105,180,0,180,285
11/11/2008,FTW,TX,ASW,CE,Towers with Radar,0,8,74,1,83,0,3,204,1,208,0,11,278,2,291,268,0,268,559
11/12/2008,FTW,TX,ASW,CE,Towers with Radar,0,18,95,2,115,0,1,133,3,137,0,19,228,5,252,166,0,166,418
11/13/2008,FTW,TX,ASW,CE,Towers with Radar,0,8,103,2,113,0,1,269,3,273,0,9,372,5,386,363,22,385,771
11/14/2008,FTW,TX,ASW,CE,Towers with Radar,0,25,100,11,136,0,3,155,4,162,0,28,255,15,298,136,0,136,434
11/15/2008,FTW,TX,ASW,CE,Towers with Radar,0,11,32,2,45,0,1,94,0,95,0,12,126,2,140,106,0,106,246
11/16/2008,FTW,TX,ASW,CE,Towers with Radar,0,8,80,1,89,0,2,181,1,184,0,10,261,2,273,119,0,119,392
11/17/2008,FTW,TX,ASW,CE,Towers with Radar,0,17,81,3,101,0,5,242,0,247,0,22,323,3,348,356,0,356,704
11/18/2008,FTW,TX,ASW,CE,Towers with Radar,0,7,78,0,85,0,4,240,0,244,0,11,318,0,329,360,0,360,689
11/19/2008,FTW,TX,ASW,CE,Towers with Radar,0,11,75,1,87,0,5,231,0,236,0,16,306,1,323,238,0,238,561
11/20/2008,FTW,TX,ASW,CE,Towers with Radar,0,8,82,0,90,0,1,190,1,192,0,9,272,1,282,234,0,234,516
11/21/2008,FTW,TX,ASW,CE,Towers with Radar,0,17,88,5,110,0,3,196,2,201,0,20,284,7,311,258,0,258,569
11/22/2008,FTW,TX,ASW,CE,Towers with Radar,0,13,77,0,90,0,6,164,0,170,0,19,241,0,260,322,0,322,582
11/23/2008,FTW,TX,ASW,CE,Towers with Radar,0,9,102,2,113,0,1,24,0,25,0,10,126,2,138,6,0,6,144
11/24/2008,FTW,TX,ASW,CE,Towers with Radar,0,16,61,4,81,0,5,156,2,163,0,21,217,6,244,196,0,196,440
11/25/2008,FTW,TX,ASW,CE,Towers with Radar,0,8,92,1,101,0,5,238,1,244,0,13,330,2,345,244,0,244,589
11/26/2008,FTW,TX,ASW,CE,Towers with Radar,0,17,89,2,108,0,5,248,2,255,0,22,337,4,363,242,0,242,605
11/27/2008,FTW,TX,ASW,CE,Towers with Radar,0,6,12,0,18,0,5,60,0,65,0,11,72,0,83,64,0,64,147
11/28/2008,FTW,TX,ASW,CE,Towers with Radar,1,12,63,0,76,0,4,20,0,24,1,16,83,0,100,34,0,34,134
11/29/2008,FTW,TX,ASW,CE,Towers with Radar,0,16,67,0,83,0,1,147,0,148,0,17,214,0,231,200,0,200,431
11/30/2008,FTW,TX,ASW,CE,Towers with Radar,0,28,71,0,99,0,5,60,0,65,0,33,131,0,164,46,0,46,210
12/01/2008,FTW,TX,ASW,CE,Towers with Radar,2,8,84,0,94,0,0,136,0,136,2,8,220,0,230,40,0,40,270
12/02/2008,FTW,TX,ASW,CE,Towers with Radar,3,9,91,1,104,0,1,130,2,133,3,10,221,3,237,110,0,110,347
12/03/2008,FTW,TX,ASW,CE,Towers with Radar,1,10,78,2,91,0,5,105,2,112,1,15,183,4,203,90,0,90,293
12/04/2008,FTW,TX,ASW,CE,Towers with Radar,0,11,78,2,91,0,2,176,1,179,0,13,254,3,270,162,0,162,432
12/05/2008,FTW,TX,ASW,CE,Towers with Radar,0,11,69,2,82,0,6,177,0,183,0,17,246,2,265,106,0,106,371
12/06/2008,FTW,TX,ASW,CE,Towers with Radar,0,10,62,0,72,0,1,225,0,226,0,11,287,0,298,110,0,110,408
12/07/2008,FTW,TX,ASW,CE,Towers with Radar,0,12,65,0,77,0,3,144,1,148,0,15,209,1,225,82,2,84,309
12/08/2008,FTW,TX,ASW,CE,Towers with Radar,0,6,105,1,112,0,3,36,0,39,0,9,141,1,151,80,0,80,231
12/09/2008,FTW,TX,ASW,CE,Towers with Radar,0,19,80,3,102,0,3,45,1,49,0,22,125,4,151,114,0,114,265
12/10/2008,FTW,TX,ASW,CE,Towers with Radar,0,15,99,0,114,0,1,203,0,204,0,16,302,0,318,146,0,146,464
12/11/2008,FTW,TX,ASW,CE,Towers with Radar,0,15,103,3,121,0,6,266,3,275,0,21,369,6,396,244,0,244,640
12/12/2008,FTW,TX,ASW,CE,Towers with Radar,0,7,91,3,101,0,5,211,0,216,0,12,302,3,317,250,0,250,567
12/13/2008,FTW,TX,ASW,CE,Towers with Radar,0,7,48,7,62,0,4,54,0,58,0,11,102,7,120,100,0,100,220
12/14/2008,FTW,TX,ASW,CE,Towers with Radar,0,11,68,1,80,0,0,92,0,92,0,11,160,1,172,28,0,28,200
12/15/2008,FTW,TX,ASW,CE,Towers with Radar,0,12,63,0,75,0,2,66,0,68,0,14,129,0,143,132,0,132,275
12/16/2008,FTW,TX,ASW,CE,Towers with Radar,0,5,50,0,55,0,0,1,0,1,0,5,51,0,56,0,0,0,56
12/17/2008,FTW,TX,ASW,CE,Towers with Radar,0,10,103,0,113,0,0,0,0,0,0,10,103,0,113,0,0,0,113
12/18/2008,FTW,TX,ASW,CE,Towers with Radar,0,15,60,3,78,0,1,0,0,1,0,16,60,3,79,0,0,0,79
12/19/2008,FTW,TX,ASW,CE,Towers with Radar,0,17,96,1,114,0,3,268,0,271,0,20,364,1,385,306,0,306,691
12/20/2008,FTW,TX,ASW,CE,Towers with Radar,0,12,89,0,101,0,1,203,0,204,0,13,292,0,305,226,0,226,531
12/21/2008,FTW,TX,ASW,CE,Towers with Radar,0,5,67,0,72,0,0,96,0,96,0,5,163,0,168,54,0,54,222
12/22/2008,FTW,TX,ASW,CE,Towers with Radar,0,17,70,5,92,0,4,148,0,152,0,21,218,5,244,248,0,248,492
12/23/2008,FTW,TX,ASW,CE,Towers with Radar,0,11,66,2,79,0,0,0,0,0,0,11,66,2,79,0,0,0,79
12/24/2008,FTW,TX,ASW,CE,Towers with Radar,0,7,37,0,44,0,3,116,0,119,0,10,153,0,163,68,0,68,231
12/25/2008,FTW,TX,ASW,CE,Towers with Radar,0,5,15,0,20,0,2,36,0,38,0,7,51,0,58,216,0,216,274
12/26/2008,FTW,TX,ASW,CE,Towers with Radar,0,22,61,0,83,0,9,4,0,13,0,31,65,0,96,0,0,0,96
12/27/2008,FTW,TX,ASW,CE,Towers with Radar,0,15,41,0,56,0,2,36,0,38,0,17,77,0,94,4,0,4,98
12/28/2008,FTW,TX,ASW,CE,Towers with Radar,0,11,70,0,81,0,0,161,1,162,0,11,231,1,243,70,0,70,313
12/29/2008,FTW,TX,ASW,CE,Towers with Radar,0,12,63,1,76,0,5,205,4,214,0,17,268,5,290,216,0,216,506
12/30/2008,FTW,TX,ASW,CE,Towers with Radar,0,20,69,2,91,0,5,242,5,252,0,25,311,7,343,128,0,128,471
12/31/2008,FTW,TX,ASW,CE,Towers with Radar,0,4,67,1,72,0,2,170,4,176,0,6,237,5,248,112,0,112,360
01/01/2009,FTW,TX,ASW,CE,Towers with Radar,0,11,21,2,34,0,9,77,1,87,0,20,98,3,121,20,0,20,141
01/02/2009,FTW,TX,ASW,CE,Towers with Radar,0,14,74,1,89,0,0,180,0,180,0,14,254,1,269,270,2,272,541
01/03/2009,FTW,TX,ASW,CE,Towers with Radar,0,14,64,0,78,0,5,145,0,150,0,19,209,0,228,200,0,200,428
01/04/2009,FTW,TX,ASW,CE,Towers with Radar,0,13,69,1,83,0,3,106,1,110,0,16,175,2,193,60,0,60,253
01/05/2009,FTW,TX,ASW,CE,Towers with Radar,0,12,20,0,32,0,1,0,0,1,0,13,20,0,33,0,0,0,33
01/06/2009,FTW,TX,ASW,CE,Towers with Radar,0,4,59,1,64,0,4,143,1,148,0,8,202,2,212,108,0,108,320
01/07/2009,FTW,TX,ASW,CE,Towers with Radar,0,10,64,0,74,0,2,229,0,231,0,12,293,0,305,228,0,228,533
01/08/2009,FTW,TX,ASW,CE,Towers with Radar,0,8,72,1,81,0,7,230,0,237,0,15,302,1,318,254,0,254,572
01/09/2009,FTW,TX,ASW,CE,Towers with Radar,0,5,79,2,86,0,1,155,1,157,0,6,234,3,243,82,0,82,325
01/10/2009,FTW,TX,ASW,CE,Towers with Radar,0,2,47,0,49,0,2,117,2,121,0,4,164,2,170,84,6,90,260
01/11/2009,FTW,TX,ASW,CE,Towers with Radar,0,10,49,0,59,0,6,181,0,187,0,16,230,0,246,142,0,142,388
01/12/2009,FTW,TX,ASW,CE,Towers with Radar,0,5,93,1,99,0,0,186,1,187,0,5,279,2,286,190,0,190,476
01/13/2009,FTW,TX,ASW,CE,Towers with Radar,0,8,115,1,124,0,9,211,0,220,0,17,326,1,344,320,0,320,664
01/14/2009,FTW,TX,ASW,CE,Towers with Radar,0,22,87,1,110,0,7,264,1,272,0,29,351,2,382,272,0,272,654
01/15/2009,FTW,TX,ASW,CE,Towers with Radar,0,14,84,0,98,0,3,236,0,239,0,17,320,0,337,248,0,248,585
01/16/2009,FTW,TX,ASW,CE,Towers with Radar,0,11,85,0,96,0,4,149,0,153,0,15,234,0,249,226,0,226,475
01/17/2009,FTW,TX,ASW,CE,Towers with Radar,0,8,51,0,59,0,6,114,2,122,0,14,165,2,181,162,0,162,343
01/18/2009,FTW,TX,ASW,CE,Towers with Radar,0,11,60,0,71,0,1,149,0,150,0,12,209,0,221,94,0,94,315
01/19/2009,FTW,TX,ASW,CE,Towers with Radar,0,12,58,0,70,0,5,133,0,138,0,17,191,0,208,30,0,30,238
01/20/2009,FTW,TX,ASW,CE,Towers with Radar,0,7,69,1,77,0,3,184,2,189,0,10,253,3,266,206,0,206,472
01/21/2009,FTW,TX,ASW,CE,Towers with Radar,0,25,80,0,105,0,6,223,1,230,0,31,303,1,335,292,0,292,627
01/22/2009,FTW,TX,ASW,CE,Towers with Radar,0,5,92,2,99,0,7,211,1,219,0,12,303,3,318,264,0,264,582
01/23/2009,FTW,TX,ASW,CE,Towers with Radar,0,5,67,5,77,0,3,212,4,219,0,8,279,9,296,484,0,484,780
01/24/2009,FTW,TX,ASW,CE,Towers with Radar,0,8,46,2,56,0,4,74,0,78,0,12,120,2,134,68,0,68,202
01/25/2009,FTW,TX,ASW,CE,Towers with Radar,0,7,49,10,66,0,2,143,2,147,0,9,192,12,213,218,0,218,431
01/26/2009,FTW,TX,ASW,CE,Towers with Radar,0,9,22,0,31,0,0,2,0,2,0,9,24,0,33,0,0,0,33
01/27/2009,FTW,TX,ASW,CE,Towers with Radar,0,4,17,0,21,0,0,0,0,0,0,4,17,0,21,0,0,0,21
01/28/2009,FTW,TX,ASW,CE,Towers with Radar,0,10,32,0,42,0,1,121,0,122,0,11,153,0,164,122,0,122,286
01/29/2009,FTW,TX,ASW,CE,Towers with Radar,0,6,91,0,97,0,0,187,0,187,0,6,278,0,284,334,0,334,618
01/30/2009,FTW,TX,ASW,CE,Towers with Radar,0,15,75,0,90,0,0,229,0,229,0,15,304,0,319,179,0,179,498
01/31/2009,FTW,TX,ASW,CE,Towers with Radar,0,9,44,0,53,0,3,250,0,253,0,12,294,0,306,226,0,226,532
02/01/2009,FTW,TX,ASW,CE,Towers with Radar,0,9,40,0,49,0,4,145,0,149,0,13,185,0,198,192,0,192,390
02/02/2009,FTW,TX,ASW,CE,Towers with Radar,0,11,56,1,68,0,0,186,0,186,0,11,242,1,254,248,0,248,502
02/03/2009,FTW,TX,ASW,CE,Towers with Radar,0,12,68,1,81,0,10,211,0,221,0,22,279,1,302,348,0,348,650
02/04/2009,FTW,TX,ASW,CE,Towers with Radar,0,11,70,4,85,0,2,195,0,197,0,13,265,4,282,258,0,258,540
02/05/2009,FTW,TX,ASW,CE,Towers with Radar,0,14,74,0,88,0,2,140,0,142,0,16,214,0,230,196,0,196,426
02/06/2009,FTW,TX,ASW,CE,Towers with Radar,0,7,78,6,91,0,1,86,0,87,0,8,164,6,178,64,0,64,242
02/07/2009,FTW,TX,ASW,CE,Towers with Radar,0,15,52,1,68,0,10,81,2,93,0,25,133,3,161,41,0,41,202
02/08/2009,FTW,TX,ASW,CE,Towers with Radar,0,10,54,7,71,0,4,20,1,25,0,14,74,8,96,8,0,8,104
02/09/2009,FTW,TX,ASW,CE,Towers with Radar,0,21,57,0,78,0,1,173,2,176,0,22,230,2,254,194,0,194,448
02/10/2009,FTW,TX,ASW,CE,Towers with Radar,0,10,53,2,65,0,5,10,0,15,0,15,63,2,80,120,0,120,200
02/11/2009,FTW,TX,ASW,CE,Towers with Radar,0,13,69,1,83,0,2,244,2,248,0,15,313,3,331,224,0,224,555
02/12/2009,FTW,TX,ASW,CE,Towers with Radar,0,18,86,0,104,0,3,272,0,275,0,21,358,0,379,224,0,224,603
02/13/2009,FTW,TX,ASW,CE,Towers with Radar,0,15,92,1,108,0,1,190,1,192,0,16,282,2,300,266,14,280,580
02/14/2009,FTW,TX,ASW,CE,Towers with Radar,0,6,69,0,75,0,2,168,0,170,0,8,237,0,245,262,0,262,507
02/15/2009,FTW,TX,ASW,CE,Towers with Radar,0,9,46,0,55,0,4,146,0,150,0,13,192,0,205,110,0,110,315
02/16/2009,FTW,TX,ASW,CE,Towers with Radar,0,15,80,0,95,0,1,135,1,137,0,16,215,1,232,278,0,278,510
02/17/2009,FTW,TX,ASW,CE,Towers with Radar,0,10,55,3,68,0,1,28,0,29,0,11,83,3,97,63,0,63,160
02/18/2009,FTW,TX,ASW,CE,Towers with Radar,0,13,72,6,91,0,2,216,3,221,0,15,288,9,312,228,0,228,540
02/19/2009,FTW,TX,ASW,CE,Towers with Radar,2,7,74,0,83,0,2,190,14,206,2,9,264,14,289,396,0,396,685
02/20/2009,FTW,TX,ASW,CE,Towers with Radar,2,9,78,1,90,0,4,249,1,254,2,13,327,2,344,196,0,196,540
02/21/2009,FTW,TX,ASW,CE,Towers with Radar,0,9,36,0,45,0,0,66,0,66,0,9,102,0,111,0,0,0,111
02/22/2009,FTW,TX,ASW,CE,Towers with Radar,0,9,49,2,60,0,6,202,0,208,0,15,251,2,268,160,4,164,432
02/23/2009,FTW,TX,ASW,CE,Towers with Radar,2,6,68,0,76,0,3,190,0,193,2,9,258,0,269,134,0,134,403
02/24/2009,FTW,TX,ASW,CE,Towers with Radar,0,12,73,3,88,0,2,195,0,197,0,14,268,3,285,166,0,166,451
02/25/2009,FTW,TX,ASW,CE,Towers with Radar,0,19,75,1,95,0,6,245,0,251,0,25,320,1,346,336,0,336,682
02/26/2009,FTW,TX,ASW,CE,Towers with Radar,1,14,61,0,76,0,3,190,0,193,1,17,251,0,269,130,0,130,399
02/27/2009,FTW,TX,ASW,CE,Towers with Radar,2,19,73,1,95,0,5,92,2,99,2,24,165,3,194,238,0,238,432
02/28/2009,FTW,TX,ASW,CE,Towers with Radar,0,8,28,1,37,0,2,48,0,50,0,10,76,1,87,14,0,14,101
03/01/2009,FTW,TX,ASW,CE,Towers with Radar,0,12,41,0,53,0,9,131,0,140,0,21,172,0,193,54,0,54,247
03/02/2009,FTW,TX,ASW,CE,Towers with Radar,0,7,51,0,58,0,2,200,0,202,0,9,251,0,260,152,0,152,412
03/03/2009,FTW,TX,ASW,CE,Towers with Radar,0,14,67,0,81,0,4,206,1,211,0,18,273,1,292,100,0,100,392
03/04/2009,FTW,TX,ASW,CE,Towers with Radar,0,21,64,0,85,0,1,140,3,144,0,22,204,3,229,188,0,188,417
03/05/2009,FTW,TX,ASW,CE,Towers with Radar,0,12,72,2,86,0,2,163,4,169,0,14,235,6,255,94,0,94,349
03/06/2009,FTW,TX,ASW,CE,Towers with Radar,0,20,76,8,104,0,3,170,6,179,0,23,246,14,283,256,4,260,543
03/07/2009,FTW,TX,ASW,CE,Towers with Radar,0,13,38,0,51,0,3,285,0,288,0,16,323,0,339,50,0,50,389
03/08/2009,FTW,TX,ASW,CE,Towers with Radar,0,10,61,0,71,0,4,120,1,125,0,14,181,1,196,52,0,52,248
03/09/2009,FTW,TX,ASW,CE,Towers with Radar,0,6,56,1,63,0,4,69,3,76,0,10,125,4,139,196,0,196,335
03/10/2009,FTW,TX,ASW,CE,Towers with Radar,0,4,75,0,79,0,2,114,1,117,0,6,189,1,196,266,0,266,462
03/11/2009,FTW,TX,ASW,CE,Towers with Radar,0,11,43,1,55,0,1,4,0,5,0,12,47,1,60,4,0,4,64
03/12/2009,FTW,TX,ASW,CE,Towers with Radar,0,16,54,0,70,0,0,14,1,15,0,16,68,1,85,30,0,30,115
03/13/2009,FTW,TX,ASW,CE,Towers with Radar,0,14,46,0,60,0,0,1,0,1,0,14,47,0,61,0,0,0,61
03/14/2009,FTW,TX,ASW,CE,Towers with Radar,0,19,60,0,79,0,1,13,0,14,0,20,73,0,93,66,0,66,159
03/15/2009,FTW,TX,ASW,CE,Towers with Radar,0,10,54,0,64,0,2,87,0,89,0,12,141,0,153,118,0,118,271
03/16/2009,FTW,TX,ASW,CE,Towers with Radar,0,7,61,0,68,0,3,182,2,187,0,10,243,2,255,148,0,148,403
03/17/2009,FTW,TX,ASW,CE,Towers with Radar,0,7,59,0,66,0,4,224,0,228,0,11,283,0,294,168,0,168,462
03/18/2009,FTW,TX,ASW,CE,Towers with Radar,0,8,53,0,61,0,0,194,1,195,0,8,247,1,256,154,0,154,410
03/19/2009,FTW,TX,ASW,CE,Towers with Radar,0,10,70,1,81,0,5,197,1,203,0,15,267,2,284,159,0,159,443
03/20/2009,FTW,TX,ASW,CE,Towers with Radar,0,14,54,1,69,0,10,227,2,239,0,24,281,3,308,240,0,240,548
03/21/2009,FTW,TX,ASW,CE,Towers with Radar,0,18,55,1,74,0,6,178,0,184,0,24,233,1,258,200,0,200,458
03/22/2009,FTW,TX,ASW,CE,Towers with Radar,0,16,46,0,62,0,2,74,1,77,0,18,120,1,139,62,0,62,201
03/23/2009,FTW,TX,ASW,CE,Towers with Radar,0,9,31,0,40,0,5,29,0,34,0,14,60,0,74,0,0,0,74
03/24/2009,FTW,TX,ASW,CE,Towers with Radar,0,8,35,2,45,0,2,82,5,89,0,10,117,7,134,30,24,54,188
03/25/2009,FTW,TX,ASW,CE,Towers with Radar,0,10,47,1,58,0,5,49,0,54,0,15,96,1,112,37,0,37,149
03/26/2009,FTW,TX,ASW,CE,Towers with Radar,0,6,59,0,65,0,2,19,0,21,0,8,78,0,86,18,0,18,104
03/27/2009,FTW,TX,ASW,CE,Towers with Radar,0,15,51,1,67,0,5,11,1,17,0,20,62,2,84,0,0,0,84
03/28/2009,FTW,TX,ASW,CE,Towers with Radar,0,6,23,0,29,0,3,23,0,26,0,9,46,0,55,2,0,2,57
03/29/2009,FTW,TX,ASW,CE,Towers with Radar,0,8,26,0,34,0,1,170,1,172,0,9,196,1,206,2,0,2,208
03/30/2009,FTW,TX,ASW,CE,Towers with Radar,0,6,36,1,43,0,1,106,0,107,0,7,142,1,150,10,0,10,160
03/31/2009,FTW,TX,ASW,CE,Towers with Radar,0,11,65,0,76,0,7,200,1,208,0,18,265,1,284,6,0,6,290
04/01/2009,FTW,TX,ASW,CE,Towers with Radar,0,12,53,0,65,0,1,117,0,118,0,13,170,0,183,0,0,0,183
04/02/2009,FTW,TX,ASW,CE,Towers with Radar,0,13,48,0,61,0,4,18,0,22,0,17,66,0,83,4,0,4,87
04/03/2009,FTW,TX,ASW,CE,Towers with Radar,0,15,62,2,79,0,3,251,3,257,0,18,313,5,336,8,0,8,344
04/04/2009,FTW,TX,ASW,CE,Towers with Radar,0,8,27,4,39,0,18,124,0,142,0,26,151,4,181,0,0,0,181
04/05/2009,FTW,TX,ASW,CE,Towers with Radar,0,14,36,3,53,0,71,45,3,119,0,85,81,6,172,13,0,13,185
04/06/2009,FTW,TX,ASW,CE,Towers with Radar,0,6,39,3,48,0,3,132,1,136,0,9,171,4,184,8,0,8,192
04/07/2009,FTW,TX,ASW,CE,Towers with Radar,0,20,50,3,73,0,2,184,2,188,0,22,234,5,261,0,0,0,261
04/08/2009,FTW,TX,ASW,CE,Towers with Radar,0,16,73,0,89,0,3,168,0,171,0,19,241,0,260,12,0,12,272
04/09/2009,FTW,TX,ASW,CE,Towers with Radar,0,16,66,1,83,0,4,57,0,61,0,20,123,1,144,16,0,16,160
04/10/2009,FTW,TX,ASW,CE,Towers with Radar,0,12,33,0,45,0,3,214,1,218,0,15,247,1,263,3,0,3,266
04/11/2009,FTW,TX,ASW,CE,Towers with Radar,0,9,17,0,26,0,1,148,0,149,0,10,165,0,175,10,0,10,185
04/12/2009,FTW,TX,ASW,CE,Towers with Radar,0,13,33,0,46,0,2,18,0,20,0,15,51,0,66,0,0,0,66
04/13/2009,FTW,TX,ASW,CE,Towers with Radar,0,9,45,1,55,0,1,149,0,150,0,10,194,1,205,38,0,38,243
04/14/2009,FTW,TX,ASW,CE,Towers with Radar,0,12,50,0,62,0,5,270,0,275,0,17,320,0,337,38,0,38,375
04/15/2009,FTW,TX,ASW,CE,Towers with Radar,0,8,48,1,57,0,1,182,4,187,0,9,230,5,244,72,4,76,320
04/16/2009,FTW,TX,ASW,CE,Towers with Radar,0,17,43,0,60,0,4,103,0,107,0,21,146,0,167,68,0,68,235
04/17/2009,FTW,TX,ASW,CE,Towers with Radar,0,6,32,2,40,0,0,10,0,10,0,6,42,2,50,0,0,0,50
04/18/2009,FTW,TX,ASW,CE,Towers with Radar,0,3,28,1,32,0,4,13,1,18,0,7,41,2,50,18,0,18,68
04/19/2009,FTW,TX,ASW,CE,Towers with Radar,0,5,26,2,33,0,1,122,0,123,0,6,148,2,156,10,0,10,166
04/20/2009,FTW,TX,ASW,CE,Towers with Radar,0,16,48,1,65,0,2,211,1,214,0,18,259,2,279,45,0,45,324
04/21/2009,FTW,TX,ASW,CE,Towers with Radar,0,12,51,1,64,0,3,215,0,218,0,15,266,1,282,46,0,46,328
04/22/2009,FTW,TX,ASW,CE,Towers with Radar,0,21,57,0,78,0,6,247,2,255,0,27,304,2,333,58,0,58,391
04/23/2009,FTW,TX,ASW,CE,Towers with Radar,0,15,55,0,70,0,5,129,2,136,0,20,184,2,206,38,0,38,244
04/24/2009,FTW,TX,ASW,CE,Towers with Radar,0,4,56,16,76,0,0,64,3,67,0,4,120,19,143,24,6,30,173
04/25/2009,FTW,TX,ASW,CE,Towers with Radar,0,5,33,0,38,0,3,72,2,77,0,8,105,2,115,12,6,18,133
04/26/2009,FTW,TX,ASW,CE,Towers with Radar,0,8,59,9,76,0,7,20,8,35,0,15,79,17,111,6,2,8,119
04/27/2009,FTW,TX,ASW,CE,Towers with Radar,0,1,32,2,35,0,3,51,0,54,0,4,83,2,89,40,0,40,129
04/28/2009,FTW,TX,ASW,CE,Towers with Radar,0,10,47,0,57,0,6,88,0,94,0,16,135,0,151,196,0,196,347
04/29/2009,FTW,TX,ASW,CE,Towers with Radar,0,6,49,0,55,0,2,18,2,22,0,8,67,2,77,4,0,4,81
04/30/2009,FTW,TX,ASW,CE,Towers with Radar,0,9,76,2,87,0,3,153,1,157,0,12,229,3,244,32,0,32,276
05/01/2009,FTW,TX,ASW,CE,Towers with Radar,0,7,50,2,59,0,4,95,0,99,0,11,145,2,158,80,0,80,238
05/02/2009,FTW,TX,ASW,CE,Towers with Radar,0,4,42,0,46,0,5,29,1,35,0,9,71,1,81,46,0,46,127
05/03/2009,FTW,TX,ASW,CE,Towers with Radar,0,7,37,0,44,0,0,34,0,34,0,7,71,0,78,2,0,2,80
05/04/2009,FTW,TX,ASW,CE,Towers with Radar,0,8,46,0,54,0,3,172,1,176,0,11,218,1,230,44,0,44,274
05/05/2009,FTW,TX,ASW,CE,Towers with Radar,0,6,58,0,64,0,2,22,0,24,0,8,80,0,88,24,0,24,112
05/06/2009,FTW,TX,ASW,CE,Towers with Radar,0,8,70,1,79,0,8,31,1,40,0,16,101,2,119,0,0,0,119
05/07/2009,FTW,TX,ASW,CE,Towers with Radar,0,8,82,0,90,0,7,112,0,119,0,15,194,0,209,98,0,98,307
05/08/2009,FTW,TX,ASW,CE,Towers with Radar,0,1,52,2,55,0,3,163,3,169,0,4,215,5,224,24,0,24,248
05/09/2009,FTW,TX,ASW,CE,Towers with Radar,0,2,32,0,34,0,2,60,0,62,0,4,92,0,96,92,0,92,188
05/10/2009,FTW,TX,ASW,CE,Towers with Radar,0,8,50,0,58,0,0,46,0,46,0,8,96,0,104,10,0,10,114
05/11/2009,FTW,TX,ASW,CE,Towers with Radar,0,2,30,5,37,0,4,100,0,104,0,6,130,5,141,66,0,66,207
05/12/2009,FTW,TX,ASW,CE,Towers with Radar,0,8,70,0,78,0,1,109,1,111,0,9,179,1,189,10,0,10,199
05/13/2009,FTW,TX,ASW,CE,Towers with Radar,0,21,62,1,84,0,29,76,0,105,0,50,138,1,189,2,0,2,191
05/14/2009,FTW,TX,ASW,CE,Towers with Radar,0,14,70,8,92,0,5,126,1,132,0,19,196,9,224,58,0,58,282
05/15/2009,FTW,TX,ASW,CE,Towers with Radar,0,7,54,3,64,0,5,136,0,141,0,12,190,3,205,6,0,6,211
05/16/2009,FTW,TX,ASW,CE,Towers with Radar,0,9,30,0,39,0,0,9,0,9,0,9,39,0,48,0,0,0,48
05/17/2009,FTW,TX,ASW,CE,Towers with Radar,0,6,48,2,56,0,1,137,0,138,0,7,185,2,194,62,0,62,256
05/18/2009,FTW,TX,ASW,CE,Towers with Radar,0,11,31,3,45,0,10,184,3,197,0,21,215,6,242,16,0,16,258
05/19/2009,FTW,TX,ASW,CE,Towers with Radar,0,5,58,0,63,0,8,243,2,253,0,13,301,2,316,16,0,16,332
05/20/2009,FTW,TX,ASW,CE,Towers with Radar,0,9,50,2,61,0,1,225,0,226,0,10,275,2,287,12,0,12,299
05/21/2009,FTW,TX,ASW,CE,Towers with Radar,0,10,44,7,61,0,2,244,0,246,0,12,288,7,307,12,0,12,319
05/22/2009,FTW,TX,ASW,CE,Towers with Radar,0,13,60,1,74,0,10,189,0,199,0,23,249,1,273,24,0,24,297
05/23/2009,FTW,TX,ASW,CE,Towers with Radar,0,8,49,0,57,0,3,65,0,68,0,11,114,0,125,2,0,2,127
05/24/2009,FTW,TX,ASW,CE,Towers with Radar,0,6,16,0,22,0,0,22,51,73,0,6,38,51,95,0,0,0,95
05/25/2009,FTW,TX,ASW,CE,Towers with Radar,0,10,33,1,44,0,7,93,0,100,0,17,126,1,144,22,0,22,166
05/26/2009,FTW,TX,ASW,CE,Towers with Radar,0,18,49,3,70,0,11,151,1,163,0,29,200,4,233,8,0,8,241
05/27/2009,FTW,TX,ASW,CE,Towers with Radar,0,12,55,1,68,0,0,208,0,208,0,12,263,1,276,6,0,6,282
05/28/2009,FTW,TX,ASW,CE,Towers with Radar,0,10,53,0,63,0,5,187,0,192,0,15,240,0,255,42,0,42,297
05/29/2009,FTW,TX,ASW,CE,Towers with Radar,0,12,64,1,77,0,12,211,0,223,0,24,275,1,300,0,0,0,300
05/30/2009,FTW,TX,ASW,CE,Towers with Radar,0,3,25,0,28,0,1,163,1,165,0,4,188,1,193,70,0,70,263
05/31/2009,FTW,TX,ASW,CE,Towers with Radar,0,25,64,0,89,0,0,79,3,82,0,25,143,3,171,10,0,10,181
06/01/2009,FTW,TX,ASW,CE,Towers with Radar,0,15,54,1,70,0,2,127,0,129,0,17,181,1,199,4,0,4,203
06/02/2009,FTW,TX,ASW,CE,Towers with Radar,0,17,36,0,53,0,4,122,0,126,0,21,158,0,179,12,0,12,191
06/03/2009,FTW,TX,ASW,CE,Towers with Radar,0,6,64,0,70,0,4,117,0,121,0,10,181,0,191,14,0,14,205
06/04/2009,FTW,TX,ASW,CE,Towers with Radar,0,13,66,0,79,0,3,255,1,259,0,16,321,1,338,38,0,38,376
06/05/2009,FTW,TX,ASW,CE,Towers with Radar,0,10,45,1,56,0,3,256,0,259,0,13,301,1,315,14,0,14,329
06/06/2009,FTW,TX,ASW,CE,Towers with Radar,0,7,37,4,48,0,7,145,0,152,0,14,182,4,200,40,0,40,240
06/07/2009,FTW,TX,ASW,CE,Towers with Radar,0,13,49,1,63,0,3,95,1,99,0,16,144,2,162,8,0,8,170
06/08/2009,FTW,TX,ASW,CE,Towers with Radar,0,9,49,0,58,0,3,160,0,163,0,12,209,0,221,4,0,4,225
06/09/2009,FTW,TX,ASW,CE,Towers with Radar,0,16,72,2,90,0,5,166,0,171,0,21,238,2,261,14,0,14,275
06/10/2009,FTW,TX,ASW,CE,Towers with Radar,0,15,68,0,83,0,3,125,0,128,0,18,193,0,211,14,0,14,225
06/11/2009,FTW,TX,ASW,CE,Towers with Radar,0,8,53,0,61,0,6,46,0,52,0,14,99,0,113,18,0,18,131
06/12/2009,FTW,TX,ASW,CE,Towers with Radar,1,7,55,1,64,0,9,127,0,136,1,16,182,1,200,38,0,38,238
06/13/2009,FTW,TX,ASW,CE,Towers with Radar,0,6,47,1,54,0,75,155,1,231,0,81,202,2,285,12,0,12,297
06/14/2009,FTW,TX,ASW,CE,Towers with Radar,0,16,45,0,61,0,1,52,0,53,0,17,97,0,114,4,0,4,118
06/15/2009,FTW,TX,ASW,CE,Towers with Radar,0,9,74,1,84,0,1,159,0,160,0,10,233,1,244,8,0,8,252
06/16/2009,FTW,TX,ASW,CE,Towers with Radar,0,16,60,5,81,0,0,161,2,163,0,16,221,7,244,16,0,16,260
06/17/2009,FTW,TX,ASW,CE,Towers with Radar,0,12,55,1,68,0,1,186,1,188,0,13,241,2,256,12,0,12,268
06/18/2009,FTW,TX,ASW,CE,Towers with Radar,0,8,80,0,88,0,3,154,0,157,0,11,234,0,245,6,0,6,251
06/19/2009,FTW,TX,ASW,CE,Towers with Radar,0,19,62,0,81,0,4,192,0,196,0,23,254,0,277,10,0,10,287
06/20/2009,FTW,TX,ASW,CE,Towers with Radar,0,11,36,2,49,0,2,141,0,143,0,13,177,2,192,6,0,6,198
06/21/2009,FTW,TX,ASW,CE,Towers with Radar,0,11,44,0,55,0,2,97,0,99,0,13,141,0,154,12,0,12,166
06/22/2009,FTW,TX,ASW,CE,Towers with Radar,0,13,42,2,57,0,3,153,0,156,0,16,195,2,213,4,0,4,217
06/23/2009,FTW,TX,ASW,CE,Towers with Radar,0,11,66,0,77,0,2,197,0,199,0,13,263,0,276,18,0,18,294
06/24/2009,FTW,TX,ASW,CE,Towers with Radar,0,14,48,8,70,0,1,143,0,144,0,15,191,8,214,16,0,16,230
06/25/2009,FTW,TX,ASW,CE,Towers with Radar,0,23,93,1,117,0,3,214,1,218,0,26,307,2,335,6,0,6,341
06/26/2009,FTW,TX,ASW,CE,Towers with Radar,0,10,48,0,58,0,3,183,0,186,0,13,231,0,244,26,0,26,270
06/27/2009,FTW,TX,ASW,CE,Towers with Radar,0,4,42,2,48,0,0,139,0,139,0,4,181,2,187,0,0,0,187
06/28/2009,FTW,TX,ASW,CE,Towers with Radar,0,8,52,2,62,0,0,54,0,54,0,8,106,2,116,4,0,4,120
06/29/2009,FTW,TX,ASW,CE,Towers with Radar,0,9,46,2,57,0,0,95,0,95,0,9,141,2,152,16,0,16,168
06/30/2009,FTW,TX,ASW,CE,Towers with Radar,0,9,42,4,55,0,2,107,1,110,0,11,149,5,165,4,0,4,169
07/01/2009,FTW,TX,ASW,CE,Towers with Radar,0,14,79,1,94,0,1,122,4,127,0,15,201,5,221,22,0,22,243
07/02/2009,FTW,TX,ASW,CE,Towers with Radar,0,14,55,3,72,0,4,191,0,195,0,18,246,3,267,28,0,28,295
07/03/2009,FTW,TX,ASW,CE,Towers with Radar,0,10,38,0,48,0,2,164,0,166,0,12,202,0,214,14,0,14,228
07/04/2009,FTW,TX,ASW,CE,Towers with Radar,0,1,12,0,13,0,5,52,0,57,0,6,64,0,70,22,0,22,92
07/05/2009,FTW,TX,ASW,CE,Towers with Radar,0,11,60,0,71,0,2,22,0,24,0,13,82,0,95,0,0,0,95
07/06/2009,FTW,TX,ASW,CE,Towers with Radar,0,7,41,1,49,0,2,114,1,117,0,9,155,2,166,26,0,26,192
07/07/2009,FTW,TX,ASW,CE,Towers with Radar,0,6,50,0,56,0,3,162,0,165,0,9,212,0,221,42,0,42,263
07/08/2009,FTW,TX,ASW,CE,Towers with Radar,1,17,57,0,75,0,1,152,0,153,1,18,209,0,228,14,0,14,242
07/09/2009,FTW,TX,ASW,CE,Towers with Radar,0,6,74,2,82,0,6,206,2,214,0,12,280,4,296,28,0,28,324
07/10/2009,FTW,TX,ASW,CE,Towers with Radar,0,9,42,0,51,0,3,180,0,183,0,12,222,0,234,24,0,24,258
07/11/2009,FTW,TX,ASW,CE,Towers with Radar,0,6,25,0,31,0,1,126,0,127,0,7,151,0,158,16,0,16,174
07/12/2009,FTW,TX,ASW,CE,Towers with Radar,0,10,44,0,54,0,6,80,0,86,0,16,124,0,140,0,0,0,140
07/13/2009,FTW,TX,ASW,CE,Towers with Radar,0,9,41,0,50,0,2,104,0,106,0,11,145,0,156,72,0,72,228
07/14/2009,FTW,TX,ASW,CE,Towers with Radar,0,13,41,0,54,0,2,160,0,162,0,15,201,0,216,34,0,34,250
07/15/2009,FTW,TX,ASW,CE,Towers with Radar,0,6,63,0,69,0,0,141,0,141,0,6,204,0,210,84,0,84,294
07/16/2009,FTW,TX,ASW,CE,Towers with Radar,0,10,71,0,81,0,7,128,0,135,0,17,199,0,216,110,0,110,326
07/17/2009,FTW,TX,ASW,CE,Towers with Radar,0,5,51,0,56,0,3,145,2,150,0,8,196,2,206,48,0,48,254
07/18/2009,FTW,TX,ASW,CE,Towers with Radar,0,8,37,2,47,0,7,117,2,126,0,15,154,4,173,86,0,86,259
07/19/2009,FTW,TX,ASW,CE,Towers with Radar,0,13,67,0,80,0,7,57,0,64,0,20,124,0,144,12,0,12,156
07/20/2009,FTW,TX,ASW,CE,Towers with Radar,0,15,53,1,69,0,4,71,0,75,0,19,124,1,144,44,0,44,188
07/21/2009,FTW,TX,ASW,CE,Towers with Radar,0,15,54,1,70,0,4,113,0,117,0,19,167,1,187,86,0,86,273
07/22/2009,FTW,TX,ASW,CE,Towers with Radar,0,7,70,0,77,0,1,149,1,151,0,8,219,1,228,154,0,154,382
07/23/2009,FTW,TX,ASW,CE,Towers with Radar,0,15,55,0,70,0,5,98,0,103,0,20,153,0,173,115,0,115,288
07/24/2009,FTW,TX,ASW,CE,Towers with Radar,0,20,54,0,74,0,1,159,1,161,0,21,213,1,235,182,0,182,417
07/25/2009,FTW,TX,ASW,CE,Towers with Radar,0,12,27,0,39,0,5,143,2,150,0,17,170,2,189,22,0,22,211
07/26/2009,FTW,TX,ASW,CE,Towers with Radar,0,10,43,3,56,0,0,73,0,73,0,10,116,3,129,10,0,10,139
07/27/2009,FTW,TX,ASW,CE,Towers with Radar,0,11,46,3,60,0,5,31,0,36,0,16,77,3,96,34,0,34,130
07/28/2009,FTW,TX,ASW,CE,Towers with Radar,0,12,79,1,92,0,2,77,1,80,0,14,156,2,172,160,0,160,332
07/29/2009,FTW,TX,ASW,CE,Towers with Radar,1,15,74,0,90,0,8,93,0,101,1,23,167,0,191,134,0,134,325
07/30/2009,FTW,TX,ASW,CE,Towers with Radar,0,18,68,0,86,0,9,92,0,101,0,27,160,0,187,92,0,92,279
07/31/2009,FTW,TX,ASW,CE,Towers with Radar,0,15,51,5,71,0,7,143,1,151,0,22,194,6,222,116,0,116,338
08/01/2009,FTW,TX,ASW,CE,Towers with Radar,0,18,47,2,67,0,6,73,0,79,0,24,120,2,146,56,0,56,202
08/02/2009,FTW,TX,ASW,CE,Towers with Radar,0,11,36,1,48,0,4,63,0,67,0,15,99,1,115,16,0,16,131
08/03/2009,FTW,TX,ASW,CE,Towers with Radar,0,11,54,3,68,0,6,148,0,154,0,17,202,3,222,72,0,72,294
08/04/2009,FTW,TX,ASW,CE,Towers with Radar,0,15,63,0,78,0,7,205,2,214,0,22,268,2,292,72,0,72,364
08/05/2009,FTW,TX,ASW,CE,Towers with Radar,0,10,72,2,84,0,2,146,2,150,0,12,218,4,234,86,0,86,320
08/06/2009,FTW,TX,ASW,CE,Towers with Radar,0,32,122,0,154,0,5,186,0,191,0,37,308,0,345,108,0,108,453
08/07/2009,FTW,TX,ASW,CE,Towers with Radar,0,12,70,0,82,0,1,178,0,179,0,13,248,0,261,126,0,126,387
08/08/2009,FTW,TX,ASW,CE,Towers with Radar,0,5,55,0,60,0,0,128,0,128,0,5,183,0,188,128,0,128,316
08/09/2009,FTW,TX,ASW,CE,Towers with Radar,0,13,63,5,81,0,4,59,1,64,0,17,122,6,145,16,0,16,161
08/10/2009,FTW,TX,ASW,CE,Towers with Radar,0,13,45,1,59,0,8,145,0,153,0,21,190,1,212,66,0,66,278
08/11/2009,FTW,TX,ASW,CE,Towers with Radar,1,15,52,1,69,0,2,142,3,147,1,17,194,4,216,132,0,132,348
08/12/2009,FTW,TX,ASW,CE,Towers with Radar,0,21,68,0,89,0,1,163,4,168,0,22,231,4,257,90,0,90,347
08/13/2009,FTW,TX,ASW,CE,Towers with Radar,0,10,81,0,91,0,4,159,0,163,0,14,240,0,254,164,0,164,418
08/14/2009,FTW,TX,ASW,CE,Towers with Radar,0,10,82,0,92,0,3,153,0,156,0,13,235,0,248,132,0,132,380
08/15/2009,FTW,TX,ASW,CE,Towers with Radar,0,8,49,0,57,0,1,128,2,131,0,9,177,2,188,32,0,32,220
08/16/2009,FTW,TX,ASW,CE,Towers with Radar,1,18,50,2,71,0,2,85,0,87,1,20,135,2,158,82,0,82,240
08/17/2009,FTW,TX,ASW,CE,Towers with Radar,0,8,56,0,64,0,3,164,0,167,0,11,220,0,231,110,0,110,341
08/18/2009,FTW,TX,ASW,CE,Towers with Radar,0,13,62,0,75,0,5,175,6,186,0,18,237,6,261,70,0,70,331
08/19/2009,FTW,TX,ASW,CE,Towers with Radar,2,16,81,0,99,0,3,161,3,167,2,19,242,3,266,76,0,76,342
08/20/2009,FTW,TX,ASW,CE,Towers with Radar,0,11,81,0,92,0,0,163,1,164,0,11,244,1,256,72,0,72,328
08/21/2009,FTW,TX,ASW,CE,Towers with Radar,0,12,60,1,73,0,3,145,1,149,0,15,205,2,222,118,0,118,340
08/22/2009,FTW,TX,ASW,CE,Towers with Radar,0,13,33,0,46,0,2,135,1,138,0,15,168,1,184,158,0,158,342
08/23/2009,FTW,TX,ASW,CE,Towers with Radar,0,10,58,2,70,0,1,80,2,83,0,11,138,4,153,26,0,26,179
08/24/2009,FTW,TX,ASW,CE,Towers with Radar,0,8,70,0,78,0,1,163,0,164,0,9,233,0,242,108,0,108,350
08/25/2009,FTW,TX,ASW,CE,Towers with Radar,0,7,72,1,80,0,3,136,2,141,0,10,208,3,221,122,0,122,343
08/26/2009,FTW,TX,ASW,CE,Towers with Radar,0,11,74,0,85,0,0,138,2,140,0,11,212,2,225,132,10,142,367
08/27/2009,FTW,TX,ASW,CE,Towers with Radar,0,6,68,0,74,0,12,103,0,115,0,18,171,0,189,122,0,122,311
08/28/2009,FTW,TX,ASW,CE,Towers with Radar,0,20,65,2,87,0,5,124,0,129,0,25,189,2,216,82,4,86,302
08/29/2009,FTW,TX,ASW,CE,Towers with Radar,0,7,60,0,67,0,2,119,0,121,0,9,179,0,188,66,0,66,254
08/30/2009,FTW,TX,ASW,CE,Towers with Radar,0,3,37,1,41,0,2,80,0,82,0,5,117,1,123,82,0,82,205
08/31/2009,FTW,TX,ASW,CE,Towers with Radar,0,14,49,1,64,0,1,157,0,158,0,15,206,1,222,128,0,128,350
09/01/2009,FTW,TX,ASW,CE,Towers with Radar,0,8,51,0,59,0,3,132,0,135,0,11,183,0,194,60,0,60,254
09/02/2009,FTW,TX,ASW,CE,Towers with Radar,0,10,59,0,69,0,3,126,0,129,0,13,185,0,198,66,2,68,266
09/03/2009,FTW,TX,ASW,CE,Towers with Radar,2,20,81,0,103,0,1,111,0,112,2,21,192,0,215,104,0,104,319
09/04/2009,FTW,TX,ASW,CE,Towers with Radar,0,17,63,3,83,0,4,106,0,110,0,21,169,3,193,224,0,224,417
09/05/2009,FTW,TX,ASW,CE,Towers with Radar,1,13,43,0,57,0,6,93,0,99,1,19,136,0,156,86,0,86,242
09/06/2009,FTW,TX,ASW,CE,Towers with Radar,2,6,57,1,66,0,0,65,1,66,2,6,122,2,132,18,0,18,150
09/07/2009,FTW,TX,ASW,CE,Towers with Radar,0,14,60,0,74,0,5,57,2,64,0,19,117,2,138,54,0,54,192
09/08/2009,FTW,TX,ASW,CE,Towers with Radar,0,19,65,1,85,0,8,130,2,140,0,27,195,3,225,44,22,66,291
09/09/2009,FTW,TX,ASW,CE,Towers with Radar,0,11,43,0,54,0,3,165,1,169,0,14,208,1,223,188,0,188,411
09/10/2009,FTW,TX,ASW,CE,Towers with Radar,0,13,87,1,101,0,5,159,0,164,0,18,246,1,265,84,0,84,349
09/11/2009,FTW,TX,ASW,CE,Towers with Radar,0,9,63,1,73,0,3,36,0,39,0,12,99,1,112,92,0,92,204
09/12/2009,FTW,TX,ASW,CE,Towers with Radar,0,9,26,2,37,0,1,0,0,1,0,10,26,2,38,0,0,0,38
09/13/2009,FTW,TX,ASW,CE,Towers with Radar,0,8,48,1,57,0,0,2,0,2,0,8,50,1,59,2,0,2,61
09/14/2009,FTW,TX,ASW,CE,Towers with Radar,0,14,79,3,96,0,0,0,1,1,0,14,79,4,97,2,0,2,99
09/15/2009,FTW,TX,ASW,CE,Towers with Radar,0,10,92,0,102,0,4,33,0,37,0,14,125,0,139,94,0,94,233
09/16/2009,FTW,TX,ASW,CE,Towers with Radar,0,15,71,1,87,0,1,29,2,32,0,16,100,3,119,94,0,94,213
09/17/2009,FTW,TX,ASW,CE,Towers with Radar,0,14,52,1,67,0,3,10,0,13,0,17,62,1,80,2,0,2,82
09/18/2009,FTW,TX,ASW,CE,Towers with Radar,0,15,130,6,151,0,1,88,0,89,0,16,218,6,240,156,0,156,396
09/19/2009,FTW,TX,ASW,CE,Towers with Radar,0,3,74,0,77,0,0,111,1,112,0,3,185,1,189,82,0,82,271
09/20/2009,FTW,TX,ASW,CE,Towers with Radar,0,8,69,1,78,0,0,75,11,86,0,8,144,12,164,26,0,26,190
09/21/2009,FTW,TX,ASW,CE,Towers with Radar,0,11,91,5,107,0,9,108,0,117,0,20,199,5,224,77,0,77,301
09/22/2009,FTW,TX,ASW,CE,Towers with Radar,0,21,85,3,109,0,3,26,0,29,0,24,111,3,138,60,0,60,198
09/23/2009,FTW,TX,ASW,CE,Towers with Radar,0,10,78,0,88,0,19,121,2,142,0,29,199,2,230,192,0,192,422
09/24/2009,FTW,TX,ASW,CE,Towers with Radar,0,9,70,5,84,0,3,155,0,158,0,12,225,5,242,60,0,60,302
09/25/2009,FTW,TX,ASW,CE,Towers with Radar,0,15,70,7,92,0,3,154,4,161,0,18,224,11,253,148,0,148,401
09/26/2009,FTW,TX,ASW,CE,Towers with Radar,0,3,80,0,83,0,6,158,0,164,0,9,238,0,247,80,0,80,327
09/27/2009,FTW,TX,ASW,CE,Towers with Radar,0,10,69,2,81,0,2,105,6,113,0,12,174,8,194,52,0,52,246
09/28/2009,FTW,TX,ASW,CE,Towers with Radar,0,11,57,1,69,0,6,97,1,104,0,17,154,2,173,30,0,30,203
09/29/2009,FTW,TX,ASW,CE,Towers with Radar,0,15,80,0,95,0,4,118,0,122,0,19,198,0,217,112,0,112,329
09/30/2009,FTW,TX,ASW,CE,Towers with Radar,0,13,66,0,79,0,3,101,0,104,0,16,167,0,183,52,0,52,235
10/01/2009,FTW,TX,ASW,CE,Towers with Radar,2,18,62,3,85,0,5,53,0,58,2,23,115,3,143,36,0,36,179
10/02/2009,FTW,TX,ASW,CE,Towers with Radar,0,13,81,5,99,0,1,216,0,217,0,14,297,5,316,116,0,116,432
10/03/2009,FTW,TX,ASW,CE,Towers with Radar,0,10,61,1,72,0,8,120,0,128,0,18,181,1,200,76,0,76,276
10/04/2009,FTW,TX,ASW,CE,Towers with Radar,0,8,71,0,79,0,0,0,0,0,0,8,71,0,79,0,0,0,79
10/05/2009,FTW,TX,ASW,CE,Towers with Radar,0,12,52,1,65,0,0,4,0,4,0,12,56,1,69,0,0,0,69
10/06/2009,FTW,TX,ASW,CE,Towers with Radar,0,12,53,0,65,0,2,16,3,21,0,14,69,3,86,68,0,68,154
10/07/2009,FTW,TX,ASW,CE,Towers with Radar,0,13,84,0,97,0,2,24,0,26,0,15,108,0,123,8,0,8,131
10/08/2009,FTW,TX,ASW,CE,Towers with Radar,0,16,64,1,81,0,1,58,2,61,0,17,122,3,142,52,0,52,194
10/09/2009,FTW,TX,ASW,CE,Towers with Radar,0,17,72,0,89,0,2,18,0,20,0,19,90,0,109,108,0,108,217
10/10/2009,FTW,TX,ASW,CE,Towers with Radar,0,13,64,2,79,0,2,68,0,70,0,15,132,2,149,74,0,74,223
10/11/2009,FTW,TX,ASW,CE,Towers with Radar,0,10,52,0,62,0,2,24,0,26,0,12,76,0,88,28,0,28,116
10/12/2009,FTW,TX,ASW,CE,Towers with Radar,1,19,50,3,73,0,0,0,0,0,1,19,50,3,73,32,0,32,105
10/13/2009,FTW,TX,ASW,CE,Towers with Radar,0,6,54,0,60,0,0,0,0,0,0,6,54,0,60,0,0,0,60
10/14/2009,FTW,TX,ASW,CE,Towers with Radar,0,15,99,1,115,0,1,62,0,63,0,16,161,1,178,158,0,158,336
10/15/2009,FTW,TX,ASW,CE,Towers with Radar,0,27,88,0,115,0,3,51,0,54,0,30,139,0,169,124,0,124,293
10/16/2009,FTW,TX,ASW,CE,Towers with Radar,0,28,78,6,112,0,1,227,0,228,0,29,305,6,340,152,0,152,492
10/17/2009,FTW,TX,ASW,CE,Towers with Radar,2,10,56,0,68,0,2,148,0,150,2,12,204,0,218,80,0,80,298
10/18/2009,FTW,TX,ASW,CE,Towers with Radar,0,16,51,1,68,0,1,116,0,117,0,17,167,1,185,68,0,68,253
10/19/2009,FTW,TX,ASW,CE,Towers with Radar,0,15,51,2,68,0,2,88,1,91,0,17,139,3,159,90,0,90,249
10/20/2009,FTW,TX,ASW,CE,Towers with Radar,0,16,59,0,75,0,4,123,0,127,0,20,182,0,202,52,0,52,254
10/21/2009,FTW,TX,ASW,CE,Towers with Radar,0,13,98,0,111,0,0,4,0,4,0,13,102,0,115,0,0,0,115
10/22/2009,FTW,TX,ASW,CE,Towers with Radar,0,30,80,2,112,0,4,81,1,86,0,34,161,3,198,128,0,128,326
10/23/2009,FTW,TX,ASW,CE,Towers with Radar,0,25,109,9,143,0,5,271,2,278,0,30,380,11,421,130,0,130,551
10/24/2009,FTW,TX,ASW,CE,Towers with Radar,0,13,59,0,72,0,1,203,0,204,0,14,262,0,276,236,0,236,512
10/25/2009,FTW,TX,ASW,CE,Towers with Radar,0,17,62,2,81,0,2,70,5,77,0,19,132,7,158,50,0,50,208
10/26/2009,FTW,TX,ASW,CE,Towers with Radar,0,17,56,1,74,0,5,25,0,30,0,22,81,1,104,134,0,134,238
10/27/2009,FTW,TX,ASW,CE,Towers with Radar,0,12,81,0,93,0,4,213,0,217,0,16,294,0,310,156,0,156,466
10/28/2009,FTW,TX,ASW,CE,Towers with Radar,0,13,57,0,70,0,1,62,0,63,0,14,119,0,133,196,0,196,329
10/29/2009,FTW,TX,ASW,CE,Towers with Radar,3,19,43,2,67,0,3,17,0,20,3,22,60,2,87,8,0,8,95
10/30/2009,FTW,TX,ASW,CE,Towers with Radar,2,25,65,4,96,0,9,180,0,189,2,34,245,4,285,164,0,164,449
10/31/2009,FTW,TX,ASW,CE,Towers with Radar,0,13,66,0,79,0,4,180,1,185,0,17,246,1,264,214,0,214,478
11/01/2009,FTW,TX,ASW,CE,Towers with Radar,0,7,49,0,56,0,2,84,0,86,0,9,133,0,142,104,0,104,246
11/02/2009,FTW,TX,ASW,CE,Towers with Radar,0,6,55,1,62,0,3,131,2,136,0,9,186,3,198,146,0,146,344
11/03/2009,FTW,TX,ASW,CE,Towers with Radar,0,17,72,0,89,0,1,172,0,173,0,18,244,0,262,196,0,196,458
11/04/2009,FTW,TX,ASW,CE,Towers with Radar,0,23,70,5,98,0,32,149,1,182,0,55,219,6,280,150,0,150,430
11/05/2009,FTW,TX,ASW,CE,Towers with Radar,0,19,110,13,142,0,26,235,2,263,0,45,345,15,405,238,22,260,665
11/06/2009,FTW,TX,ASW,CE,Towers with Radar,0,17,81,13,111,0,6,149,1,156,0,23,230,14,267,78,0,78,345
11/07/2009,FTW,TX,ASW,CE,Towers with Radar,2,16,51,0,69,0,6,91,1,98,2,22,142,1,167,142,0,142,309
11/08/2009,FTW,TX,ASW,CE,Towers with Radar,0,49,51,33,133,0,16,37,6,59,0,65,88,39,192,42,0,42,234
11/09/2009,FTW,TX,ASW,CE,Towers with Radar,0,7,58,0,65,0,2,113,1,116,0,9,171,1,181,252,0,252,433
11/10/2009,FTW,TX,ASW,CE,Towers with Radar,0,16,82,1,99,0,7,191,0,198,0,23,273,1,297,366,0,366,663
11/11/2009,FTW,TX,ASW,CE,Towers with Radar,0,18,92,0,110,0,3,121,1,125,0,21,213,1,235,158,0,158,393
11/12/2009,FTW,TX,ASW,CE,Towers with Radar,0,21,84,1,106,0,5,186,0,191,0,26,270,1,297,328,0,328,625
11/13/2009,FTW,TX,ASW,CE,Towers with Radar,1,30,105,0,136,0,1,168,0,169,1,31,273,0,305,238,0,238,543
11/14/2009,FTW,TX,ASW,CE,Towers with Radar,0,7,75,0,82,0,5,174,5,184,0,12,249,5,266,36,0,36,302
11/15/2009,FTW,TX,ASW,CE,Towers with Radar,1,18,68,2,89,0,3,18,0,21,1,21,86,2,110,226,0,226,336
11/16/2009,FTW,TX,ASW,CE,Towers with Radar,0,10,63,3,76,0,2,52,1,55,0,12,115,4,131,78,2,80,211
11/17/2009,FTW,TX,ASW,CE,Towers with Radar,0,20,85,1,106,0,1,171,0,172,0,21,256,1,278,164,0,164,442
11/18/2009,FTW,TX,ASW,CE,Towers with Radar,2,12,102,0,116,0,0,221,0,221,2,12,323,0,337,260,0,260,597
11/19/2009,FTW,TX,ASW,CE,Towers with Radar,5,20,113,0,138,0,3,167,4,174,5,23,280,4,312,100,0,100,412
11/20/2009,FTW,TX,ASW,CE,Towers with Radar,2,27,96,3,128,0,5,22,0,27,2,32,118,3,155,68,0,68,223
11/21/2009,FTW,TX,ASW,CE,Towers with Radar,0,10,86,0,96,0,1,17,1,19,0,11,103,1,115,98,0,98,213
11/22/2009,FTW,TX,ASW,CE,Towers with Radar,0,12,67,0,79,0,0,56,1,57,0,12,123,1,136,62,0,62,198
11/23/2009,FTW,TX,ASW,CE,Towers with Radar,0,15,126,0,141,0,7,112,0,119,0,22,238,0,260,166,0,166,426
11/24/2009,FTW,TX,ASW,CE,Towers with Radar,0,19,81,0,100,0,2,177,0,179,0,21,258,0,279,164,0,164,443
11/25/2009,FTW,TX,ASW,CE,Towers with Radar,0,23,71,0,94,0,0,150,2,152,0,23,221,2,246,134,0,134,380
11/26/2009,FTW,TX,ASW,CE,Towers with Radar,0,8,10,0,18,0,1,42,0,43,0,9,52,0,61,32,0,32,93
11/27/2009,FTW,TX,ASW,CE,Towers with Radar,0,14,68,2,84,0,7,121,0,128,0,21,189,2,212,78,0,78,290
11/28/2009,FTW,TX,ASW,CE,Towers with Radar,0,16,41,0,57,0,3,102,0,105,0,19,143,0,162,54,0,54,216
11/29/2009,FTW,TX,ASW,CE,Towers with Radar,0,12,73,0,85,0,0,16,0,16,0,12,89,0,101,16,0,16,117
11/30/2009,FTW,TX,ASW,CE,Towers with Radar,0,12,54,1,67,0,2,93,1,96,0,14,147,2,163,98,0,98,261
12/01/2009,FTW,TX,ASW,CE,Towers with Radar,0,8,66,0,74,0,0,31,0,31,0,8,97,0,105,114,0,114,219
12/02/2009,FTW,TX,ASW,CE,Towers with Radar,0,23,73,0,96,0,0,21,0,21,0,23,94,0,117,68,0,68,185
12/03/2009,FTW,TX,ASW,CE,Towers with Radar,0,15,100,1,116,0,1,91,0,92,0,16,191,1,208,202,0,202,410
12/04/2009,FTW,TX,ASW,CE,Towers with Radar,0,10,63,1,74,0,1,65,0,66,0,11,128,1,140,96,0,96,236
12/05/2009,FTW,TX,ASW,CE,Towers with Radar,0,6,61,0,67,0,2,127,1,130,0,8,188,1,197,94,0,94,291
12/06/2009,FTW,TX,ASW,CE,Towers with Radar,0,10,52,1,63,0,0,3,0,3,0,10,55,1,66,0,0,0,66
12/07/2009,FTW,TX,ASW,CE,Towers with Radar,0,17,73,1,91,0,0,2,0,2,0,17,75,1,93,0,0,0,93
12/08/2009,FTW,TX,ASW,CE,Towers with Radar,0,15,66,2,83,0,0,28,1,29,0,15,94,3,112,6,0,6,118
12/09/2009,FTW,TX,ASW,CE,Towers with Radar,0,15,68,0,83,0,1,121,0,122,0,16,189,0,205,116,0,116,321
12/10/2009,FTW,TX,ASW,CE,Towers with Radar,0,20,98,0,118,0,5,114,0,119,0,25,212,0,237,122,0,122,359
12/11/2009,FTW,TX,ASW,CE,Towers with Radar,0,22,96,3,121,0,1,113,0,114,0,23,209,3,235,110,0,110,345
12/12/2009,FTW,TX,ASW,CE,Towers with Radar,0,5,50,0,55,0,1,5,0,6,0,6,55,0,61,10,0,10,71
12/13/2009,FTW,TX,ASW,CE,Towers with Radar,0,11,80,5,96,0,5,87,0,92,0,16,167,5,188,56,0,56,244
12/14/2009,FTW,TX,ASW,CE,Towers with Radar,0,14,88,1,103,0,1,116,3,120,0,15,204,4,223,148,0,148,371
12/15/2009,FTW,TX,ASW,CE,Towers with Radar,0,12,72,0,84,0,8,95,3,106,0,20,167,3,190,114,0,114,304
12/16/2009,FTW,TX,ASW,CE,Towers with Radar,0,12,64,1,77,0,3,93,1,97,0,15,157,2,174,118,0,118,292
12/17/2009,FTW,TX,ASW,CE,Towers with Radar,0,12,70,1,83,0,0,139,0,139,0,12,209,1,222,142,0,142,364
12/18/2009,FTW,TX,ASW,CE,Towers with Radar,0,9,94,1,104,0,5,124,0,129,0,14,218,1,233,136,0,136,369
12/19/2009,FTW,TX,ASW,CE,Towers with Radar,0,5,69,1,75,0,6,128,0,134,0,11,197,1,209,66,0,66,275
12/20/2009,FTW,TX,ASW,CE,Towers with Radar,0,10,51,2,63,0,4,77,0,81,0,14,128,2,144,26,0,26,170
12/21/2009,FTW,TX,ASW,CE,Towers with Radar,0,19,60,1,80,0,5,120,1,126,0,24,180,2,206,94,0,94,300
12/22/2009,FTW,TX,ASW,CE,Towers with Radar,0,17,62,2,81,0,7,41,0,48,0,24,103,2,129,68,0,68,197
12/23/2009,FTW,TX,ASW,CE,Towers with Radar,0,5,48,3,56,0,5,58,3,66,0,10,106,6,122,36,0,36,158
12/24/2009,FTW,TX,ASW,CE,Towers with Radar,0,6,13,0,19,0,2,0,0,2,0,8,13,0,21,0,0,0,21
12/25/2009,FTW,TX,ASW,CE,Towers with Radar,0,2,7,0,9,0,3,7,1,11,0,5,14,1,20,0,0,0,20
12/26/2009,FTW,TX,ASW,CE,Towers with Radar,0,18,61,0,79,0,0,98,0,98,0,18,159,0,177,66,0,66,243
12/27/2009,FTW,TX,ASW,CE,Towers with Radar,0,9,55,0,64,0,7,49,0,56,0,16,104,0,120,8,0,8,128
12/28/2009,FTW,TX,ASW,CE,Towers with Radar,0,15,49,0,64,0,4,128,0,132,0,19,177,0,196,148,0,148,344
12/29/2009,FTW,TX,ASW,CE,Towers with Radar,0,6,26,2,34,0,2,11,0,13,0,8,37,2,47,16,0,16,63
12/30/2009,FTW,TX,ASW,CE,Towers with Radar,1,20,54,2,77,0,6,60,1,67,1,26,114,3,144,100,0,100,244
12/31/2009,FTW,TX,ASW,CE,Towers with Radar,3,10,43,0,56,0,3,0,0,3,3,13,43,0,59,6,0,6,65
01/01/2010,FTW,TX,ASW,CE,Towers with Radar,0,9,14,0,23,0,2,60,2,64,0,11,74,2,87,46,0,46,133
01/02/2010,FTW,TX,ASW,CE,Towers with Radar,0,18,68,3,89,0,2,124,1,127,0,20,192,4,216,108,0,108,324
01/03/2010,FTW,TX,ASW,CE,Towers with Radar,0,10,78,0,88,0,2,44,2,48,0,12,122,2,136,68,8,76,212
01/04/2010,FTW,TX,ASW,CE,Towers with Radar,0,7,43,0,50,0,3,75,0,78,0,10,118,0,128,120,0,120,248
01/05/2010,FTW,TX,ASW,CE,Towers with Radar,4,20,90,0,114,0,3,142,2,147,4,23,232,2,261,82,0,82,343
01/06/2010,FTW,TX,ASW,CE,Towers with Radar,0,26,64,2,92,0,2,53,0,55,0,28,117,2,147,180,0,180,327
01/07/2010,FTW,TX,ASW,CE,Towers with Radar,0,10,34,3,47,0,2,37,0,39,0,12,71,3,86,44,0,44,130
01/08/2010,FTW,TX,ASW,CE,Towers with Radar,0,11,44,3,58,0,5,71,1,77,0,16,115,4,135,46,0,46,181
01/09/2010,FTW,TX,ASW,CE,Towers with Radar,0,6,53,0,59,0,0,94,0,94,0,6,147,0,153,84,0,84,237
01/10/2010,FTW,TX,ASW,CE,Towers with Radar,1,8,38,1,48,0,2,64,0,66,1,10,102,1,114,48,0,48,162
01/11/2010,FTW,TX,ASW,CE,Towers with Radar,2,6,37,0,45,0,9,105,0,114,2,15,142,0,159,160,0,160,319
01/12/2010,FTW,TX,ASW,CE,Towers with Radar,2,6,72,2,82,0,5,107,0,112,2,11,179,2,194,106,0,106,300
01/13/2010,FTW,TX,ASW,CE,Towers with Radar,1,16,62,2,81,0,2,73,0,75,1,18,135,2,156,124,0,124,280
01/14/2010,FTW,TX,ASW,CE,Towers with Radar,0,13,56,4,73,0,0,1,0,1,0,13,57,4,74,6,0,6,80
01/15/2010,FTW,TX,ASW,CE,Towers with Radar,0,12,54,7,73,0,0,33,2,35,0,12,87,9,108,128,0,128,236
01/16/2010,FTW,TX,ASW,CE,Towers with Radar,0,5,39,1,45,0,1,68,1,70,0,6,107,2,115,128,0,128,243
01/17/2010,FTW,TX,ASW,CE,Towers with Radar,0,9,41,2,52,0,4,71,0,75,0,13,112,2,127,74,0,74,201
01/18/2010,FTW,TX,ASW,CE,Towers with Radar,0,11,56,2,69,0,0,88,0,88,0,11,144,2,157,102,0,102,259
01/19/2010,FTW,TX,ASW,CE,Towers with Radar,1,6,66,2,75,0,6,95,0,101,1,12,161,2,176,82,0,82,258
01/20/2010,FTW,TX,ASW,CE,Towers with Radar,0,17,73,5,95,0,5,45,2,52,0,22,118,7,147,96,0,96,243
01/21/2010,FTW,TX,ASW,CE,Towers with Radar,0,15,80,6,101,0,7,178,1,186,0,22,258,7,287,122,0,122,409
01/22/2010,FTW,TX,ASW,CE,Towers with Radar,1,10,62,4,77,0,5,115,1,121,1,15,177,5,198,52,0,52,250
01/23/2010,FTW,TX,ASW,CE,Towers with Radar,0,11,25,0,36,0,4,52,0,56,0,15,77,0,92,52,0,52,144
01/24/2010,FTW,TX,ASW,CE,Towers with Radar,0,8,43,2,53,0,1,82,1,84,0,9,125,3,137,12,0,12,149
01/25/2010,FTW,TX,ASW,CE,Towers with Radar,0,6,67,1,74,0,3,140,2,145,0,9,207,3,219,42,0,42,261
01/26/2010,FTW,TX,ASW,CE,Towers with Radar,0,16,68,3,87,0,1,176,1,178,0,17,244,4,265,138,0,138,403
01/27/2010,FTW,TX,ASW,CE,Towers with Radar,0,26,68,3,97,0,3,74,0,77,0,29,142,3,174,62,0,62,236
01/28/2010,FTW,TX,ASW,CE,Towers with Radar,0,13,34,0,47,0,1,4,0,5,0,14,38,0,52,0,0,0,52
01/29/2010,FTW,TX,ASW,CE,Towers with Radar,1,6,37,0,44,0,0,7,0,7,1,6,44,0,51,18,0,18,69
01/30/2010,FTW,TX,ASW,CE,Towers with Radar,0,9,25,1,35,0,6,29,0,35,0,15,54,1,70,26,0,26,96
01/31/2010,FTW,TX,ASW,CE,Towers with Radar,0,7,41,0,48,0,0,7,0,7,0,7,48,0,55,6,0,6,61
02/01/2010,FTW,TX,ASW,CE,Towers with Radar,0,18,61,1,80,0,2,11,0,13,0,20,72,1,93,40,0,40,133
02/02/2010,FTW,TX,ASW,CE,Towers with Radar,0,9,69,0,78,0,7,134,1,142,0,16,203,1,220,216,0,216,436
02/03/2010,FTW,TX,ASW,CE,Towers with Radar,0,21,65,1,87,0,2,34,0,36,0,23,99,1,123,26,0,26,149
02/04/2010,FTW,TX,ASW,CE,Towers with Radar,0,15,65,0,80,0,0,0,0,0,0,15,65,0,80,0,0,0,80
02/05/2010,FTW,TX,ASW,CE,Towers with Radar,0,16,98,3,117,0,5,102,0,107,0,21,200,3,224,100,0,100,324
02/06/2010,FTW,TX,ASW,CE,Towers with Radar,0,11,56,3,70,0,1,135,1,137,0,12,191,4,207,182,8,190,397
02/07/2010,FTW,TX,ASW,CE,Towers with Radar,0,9,35,0,44,0,2,30,0,32,0,11,65,0,76,122,0,122,198
02/08/2010,FTW,TX,ASW,CE,Towers with Radar,0,9,33,0,42,0,3,0,0,3,0,12,33,0,45,0,0,0,45
02/09/2010,FTW,TX,ASW,CE,Towers with Radar,0,16,79,1,96,0,5,172,0,177,0,21,251,1,273,114,0,114,387
02/10/2010,FTW,TX,ASW,CE,Towers with Radar,0,27,81,0,108,0,3,118,0,121,0,30,199,0,229,84,0,84,313
02/11/2010,FTW,TX,ASW,CE,Towers with Radar,0,4,22,0,26,0,1,0,0,1,0,5,22,0,27,0,0,0,27
02/12/2010,FTW,TX,ASW,CE,Towers with Radar,0,15,57,2,74,0,0,2,0,2,0,15,59,2,76,0,0,0,76
02/13/2010,FTW,TX,ASW,CE,Towers with Radar,0,11,30,0,41,0,6,67,1,74,0,17,97,1,115,60,0,60,175
02/14/2010,FTW,TX,ASW,CE,Towers with Radar,0,6,26,1,33,0,0,5,0,5,0,6,31,1,38,2,0,2,40
02/15/2010,FTW,TX,ASW,CE,Towers with Radar,0,24,75,2,101,0,7,127,0,134,0,31,202,2,235,96,0,96,331
02/16/2010,FTW,TX,ASW,CE,Towers with Radar,0,10,74,3,87,0,2,168,1,171,0,12,242,4,258,142,0,142,400
02/17/2010,FTW,TX,ASW,CE,Towers with Radar,0,13,79,1,93,0,0,175,1,176,0,13,254,2,269,106,0,106,375
02/18/2010,FTW,TX,ASW,CE,Towers with Radar,0,19,63,2,84,0,3,189,0,192,0,22,252,2,276,184,0,184,460
02/19/2010,FTW,TX,ASW,CE,Towers with Radar,0,12,75,1,88,0,2,56,2,60,0,14,131,3,148,126,0,126,274
02/20/2010,FTW,TX,ASW,CE,Towers with Radar,0,14,42,0,56,0,1,37,1,39,0,15,79,1,95,82,0,82,177
02/21/2010,FTW,TX,ASW,CE,Towers with Radar,0,16,31,0,47,0,0,6,0,6,0,16,37,0,53,12,0,12,65
02/22/2010,FTW,TX,ASW,CE,Towers with Radar,0,13,59,0,72,0,3,43,0,46,0,16,102,0,118,196,0,196,314
02/23/2010,FTW,TX,ASW,CE,Towers with Radar,0,17,57,1,75,0,2,47,1,50,0,19,104,2,125,92,0,92,217
02/24/2010,FTW,TX,ASW,CE,Towers with Radar,0,12,55,0,67,0,2,181,0,183,0,14,236,0,250,118,0,118,368
02/25/2010,FTW,TX,ASW,CE,Towers with Radar,0,12,74,0,86,0,3,110,0,113,0,15,184,0,199,132,0,132,331
02/26/2010,FTW,TX,ASW,CE,Towers with Radar,0,12,72,0,84,0,1,23,0,24,0,13,95,0,108,50,0,50,158
02/27/2010,FTW,TX,ASW,CE,Towers with Radar,0,6,48,0,54,0,1,192,0,193,0,7,240,0,247,122,0,122,369
02/28/2010,FTW,TX,ASW,CE,Towers with Radar,0,8,63,1,72,0,0,70,0,70,0,8,133,1,142,66,0,66,208
03/01/2010,FTW,TX,ASW,CE,Towers with Radar,0,8,47,0,55,0,0,2,0,2,0,8,49,0,57,52,0,52,109
03/02/2010,FTW,TX,ASW,CE,Towers with Radar,0,13,45,1,59,0,2,203,2,207,0,15,248,3,266,146,0,146,412
03/03/2010,FTW,TX,ASW,CE,Towers with Radar,0,6,66,5,77,0,3,158,0,161,0,9,224,5,238,206,0,206,444
03/04/2010,FTW,TX,ASW,CE,Towers with Radar,0,21,90,1,112,0,4,183,0,187,0,25,273,1,299,196,0,196,495
03/05/2010,FTW,TX,ASW,CE,Towers with Radar,0,19,79,3,101,0,3,125,1,129,0,22,204,4,230,126,0,126,356
03/06/2010,FTW,TX,ASW,CE,Towers with Radar,0,14,65,0,79,0,1,119,0,120,0,15,184,0,199,152,0,152,351
03/07/2010,FTW,TX,ASW,CE,Towers with Radar,0,14,46,1,61,0,1,2,0,3,0,15,48,1,64,16,0,16,80
03/08/2010,FTW,TX,ASW,CE,Towers with Radar,0,12,45,0,57,0,0,3,0,3,0,12,48,0,60,0,0,0,60
03/09/2010,FTW,TX,ASW,CE,Towers with Radar,0,15,75,4,94,0,10,96,0,106,0,25,171,4,200,56,0,56,256
03/10/2010,FTW,TX,ASW,CE,Towers with Radar,0,19,67,0,86,0,1,48,0,49,0,20,115,0,135,48,0,48,183
03/11/2010,FTW,TX,ASW,CE,Towers with Radar,0,17,97,1,115,0,4,113,3,120,0,21,210,4,235,108,0,108,343
03/12/2010,FTW,TX,ASW,CE,Towers with Radar,0,32,98,2,132,0,3,67,0,70,0,35,165,2,202,12,0,12,214
03/13/2010,FTW,TX,ASW,CE,Towers with Radar,0,26,105,4,135,0,6,165,0,171,0,32,270,4,306,42,4,46,352
03/14/2010,FTW,TX,ASW,CE,Towers with Radar,0,13,75,0,88,0,3,90,0,93,0,16,165,0,181,32,0,32,213
03/15/2010,FTW,TX,ASW,CE,Towers with Radar,0,15,52,1,68,0,5,58,4,67,0,20,110,5,135,62,0,62,197
03/16/2010,FTW,TX,ASW,CE,Towers with Radar,0,12,64,0,76,0,2,22,0,24,0,14,86,0,100,52,0,52,152
03/17/2010,FTW,TX,ASW,CE,Towers with Radar,0,18,56,2,76,0,0,104,1,105,0,18,160,3,181,66,0,66,247
03/18/2010,FTW,TX,ASW,CE,Towers with Radar,0,15,73,2,90,0,4,164,2,170,0,19,237,4,260,166,0,166,426
03/19/2010,FTW,TX,ASW,CE,Towers with Radar,0,16,65,5,86,0,6,77,0,83,0,22,142,5,169,98,0,98,267
03/20/2010,FTW,TX,ASW,CE,Towers with Radar,0,12,33,0,45,0,10,8,0,18,0,22,41,0,63,0,0,0,63
03/21/2010,FTW,TX,ASW,CE,Towers with Radar,0,15,50,1,66,0,1,23,0,24,0,16,73,1,90,6,0,6,96
03/22/2010,FTW,TX,ASW,CE,Towers with Radar,0,15,39,1,55,0,2,121,1,124,0,17,160,2,179,146,0,146,325
03/23/2010,FTW,TX,ASW,CE,Towers with Radar,0,13,71,0,84,0,3,108,2,113,0,16,179,2,197,30,0,30,227
03/24/2010,FTW,TX,ASW,CE,Towers with Radar,0,18,53,0,71,0,5,40,4,49,0,23,93,4,120,72,0,72,192
03/25/2010,FTW,TX,ASW,CE,Towers with Radar,0,13,83,1,97,0,6,49,0,55,0,19,132,1,152,100,0,100,252
03/26/2010,FTW,TX,ASW,CE,Towers with Radar,0,12,69,2,83,0,6,138,1,145,0,18,207,3,228,246,0,246,474
03/27/2010,FTW,TX,ASW,CE,Towers with Radar,0,4,44,0,48,0,4,55,1,60,0,8,99,1,108,50,0,50,158
03/28/2010,FTW,TX,ASW,CE,Towers with Radar,0,12,54,2,68,0,0,72,0,72,0,12,126,2,140,40,0,40,180
03/29/2010,FTW,TX,ASW,CE,Towers with Radar,0,5,57,0,62,0,2,137,2,141,0,7,194,2,203,302,0,302,505
03/30/2010,FTW,TX,ASW,CE,Towers with Radar,0,39,63,1,103,0,5,76,1,82,0,44,139,2,185,162,0,162,347
03/31/2010,FTW,TX,ASW,CE,Towers with Radar,0,18,66,2,86,0,8,77,0,85,0,26,143,2,171,40,0,40,211
04/01/2010,FTW,TX,ASW,CE,Towers with Radar,0,21,85,4,110,0,2,50,1,53,0,23,135,5,163,0,6,6,169
04/02/2010,FTW,TX,ASW,CE,Towers with Radar,0,16,45,2,63,0,0,26,0,26,0,16,71,2,89,0,0,0,89
04/03/2010,FTW,TX,ASW,CE,Towers with Radar,0,7,37,0,44,0,5,142,0,147,0,12,179,0,191,58,0,58,249
04/04/2010,FTW,TX,ASW,CE,Towers with Radar,1,15,52,0,68,0,2,12,0,14,1,17,64,0,82,6,0,6,88
04/05/2010,FTW,TX,ASW,CE,Towers with Radar,0,10,66,2,78,0,4,37,0,41,0,14,103,2,119,74,0,74,193
04/06/2010,FTW,TX,ASW,CE,Towers with Radar,0,8,60,3,71,0,4,18,1,23,0,12,78,4,94,0,0,0,94
04/07/2010,FTW,TX,ASW,CE,Towers with Radar,0,16,90,2,108,0,3,78,1,82,0,19,168,3,190,68,0,68,258
04/08/2010,FTW,TX,ASW,CE,Towers with Radar,0,17,73,0,90,0,4,152,0,156,0,21,225,0,246,88,0,88,334
04/09/2010,FTW,TX,ASW,CE,Towers with Radar,1,18,66,2,87,0,12,107,2,121,1,30,173,4,208,122,0,122,330
04/10/2010,FTW,TX,ASW,CE,Towers with Radar,0,4,55,0,59,0,2,83,3,88,0,6,138,3,147,44,0,44,191
04/11/2010,FTW,TX,ASW,CE,Towers with Radar,0,23,71,4,98,0,2,52,4,58,0,25,123,8,156,24,0,24,180
04/12/2010,FTW,TX,ASW,CE,Towers with Radar,0,10,39,10,59,0,4,83,1,88,0,14,122,11,147,142,0,142,289
04/13/2010,FTW,TX,ASW,CE,Towers with Radar,0,18,60,3,81,0,6,64,0,70,0,24,124,3,151,54,0,54,205
04/14/2010,FTW,TX,ASW,CE,Towers with Radar,0,17,76,8,101,0,4,100,3,107,0,21,176,11,208,74,0,74,282
04/15/2010,FTW,TX,ASW,CE,Towers with Radar,0,29,90,1,120,0,8,61,1,70,0,37,151,2,190,106,0,106,296
04/16/2010,FTW,TX,ASW,CE,Towers with Radar,0,10,88,5,103,0,3,52,2,57,0,13,140,7,160,24,0,24,184
04/17/2010,FTW,TX,ASW,CE,Towers with Radar,0,14,31,3,48,0,2,1,0,3,0,16,32,3,51,0,0,0,51
04/18/2010,FTW,TX,ASW,CE,Towers with Radar,1,34,79,4,118,0,0,0,0,0,1,34,79,4,118,0,0,0,118
04/19/2010,FTW,TX,ASW,CE,Towers with Radar,0,19,63,0,82,0,3,38,5,46,0,22,101,5,128,200,0,200,328
04/20/2010,FTW,TX,ASW,CE,Towers with Radar,0,14,91,3,108,0,8,115,6,129,0,22,206,9,237,226,0,226,463
04/21/2010,FTW,TX,ASW,CE,Towers with Radar,0,17,109,2,128,0,7,111,2,120,0,24,220,4,248,118,0,118,366
04/22/2010,FTW,TX,ASW,CE,Towers with Radar,0,14,84,3,101,0,6,9,1,16,0,20,93,4,117,0,0,0,117
04/23/2010,FTW,TX,ASW,CE,Towers with Radar,0,16,56,1,73,0,2,90,1,93,0,18,146,2,166,72,0,72,238
04/24/2010,FTW,TX,ASW,CE,Towers with Radar,0,20,33,0,53,0,0,77,1,78,0,20,110,1,131,8,0,8,139
04/25/2010,FTW,TX,ASW,CE,Towers with Radar,0,15,45,2,62,0,5,62,2,69,0,20,107,4,131,10,0,10,141
04/26/2010,FTW,TX,ASW,CE,Towers with Radar,0,14,49,3,66,0,6,101,1,108,0,20,150,4,174,84,0,84,258
04/27/2010,FTW,TX,ASW,CE,Towers with Radar,0,8,59,0,67,0,2,127,1,130,0,10,186,1,197,126,0,126,323
04/28/2010,FTW,TX,ASW,CE,Towers with Radar,0,28,86,0,114,0,3,81,0,84,0,31,167,0,198,34,0,34,232
04/29/2010,FTW,TX,ASW,CE,Towers with Radar,0,19,70,3,92,0,3,33,0,36,0,22,103,3,128,16,0,16,144
04/30/2010,FTW,TX,ASW,CE,Towers with Radar,0,17,75,0,92,0,1,41,1,43,0,18,116,1,135,48,0,48,183
05/01/2010,FTW,TX,ASW,CE,Towers with Radar,0,5,32,0,37,0,0,36,0,36,0,5,68,0,73,76,0,76,149
05/02/2010,FTW,TX,ASW,CE,Towers with Radar,2,6,42,0,50,0,1,58,0,59,2,7,100,0,109,10,0,10,119
05/03/2010,FTW,TX,ASW,CE,Towers with Radar,0,10,35,1,46,0,2,39,0,41,0,12,74,1,87,76,0,76,163
05/04/2010,FTW,TX,ASW,CE,Towers with Radar,0,16,74,0,90,0,2,143,0,145,0,18,217,0,235,84,0,84,319
05/05/2010,FTW,TX,ASW,CE,Towers with Radar,0,18,69,0,87,0,5,90,2,97,0,23,159,2,184,54,0,54,238
05/06/2010,FTW,TX,ASW,CE,Towers with Radar,0,10,76,2,88,0,6,70,2,78,0,16,146,4,166,40,0,40,206
05/07/2010,FTW,TX,ASW,CE,Towers with Radar,0,21,88,0,109,0,1,79,0,80,0,22,167,0,189,22,0,22,211
05/08/2010,FTW,TX,ASW,CE,Towers with Radar,0,12,50,0,62,0,5,44,0,49,0,17,94,0,111,10,0,10,121
05/09/2010,FTW,TX,ASW,CE,Towers with Radar,0,8,50,0,58,0,4,15,0,19,0,12,65,0,77,0,0,0,77
05/10/2010,FTW,TX,ASW,CE,Towers with Radar,0,7,42,9,58,0,13,15,0,28,0,20,57,9,86,48,0,48,134
05/11/2010,FTW,TX,ASW,CE,Towers with Radar,0,8,61,0,69,0,6,32,0,38,0,14,93,0,107,74,0,74,181
05/12/2010,FTW,TX,ASW,CE,Towers with Radar,0,6,67,0,73,0,2,51,0,53,0,8,118,0,126,24,0,24,150
05/13/2010,FTW,TX,ASW,CE,Towers with Radar,0,22,66,0,88,0,0,19,0,19,0,22,85,0,107,12,0,12,119
05/14/2010,FTW,TX,ASW,CE,Towers with Radar,0,13,38,1,52,0,0,11,0,11,0,13,49,1,63,2,0,2,65
05/15/2010,FTW,TX,ASW,CE,Towers with Radar,0,7,47,0,54,0,2,19,0,21,0,9,66,0,75,12,0,12,87
05/16/2010,FTW,TX,ASW,CE,Towers with Radar,0,12,44,4,60,0,11,35,2,48,0,23,79,6,108,18,0,18,126
05/17/2010,FTW,TX,ASW,CE,Towers with Radar,0,8,66,2,76,0,4,67,3,74,0,12,133,5,150,60,12,72,222
05/18/2010,FTW,TX,ASW,CE,Towers with Radar,0,20,43,3,66,0,5,89,1,95,0,25,132,4,161,100,10,110,271
05/19/2010,FTW,TX,ASW,CE,Towers with Radar,0,10,48,1,59,0,3,71,0,74,0,13,119,1,133,36,0,36,169
05/20/2010,FTW,TX,ASW,CE,Towers with Radar,0,22,59,3,84,0,7,61,1,69,0,29,120,4,153,144,0,144,297
05/21/2010,FTW,TX,ASW,CE,Towers with Radar,0,15,74,15,104,0,16,66,7,89,0,31,140,22,193,156,56,212,405
05/22/2010,FTW,TX,ASW,CE,Towers with Radar,0,5,54,0,59,0,0,73,0,73,0,5,127,0,132,44,24,68,200
05/23/2010,FTW,TX,ASW,CE,Towers with Radar,0,18,51,18,87,0,3,37,5,45,0,21,88,23,132,16,0,16,148
05/24/2010,FTW,TX,ASW,CE,Towers with Radar,0,19,61,7,87,0,7,58,3,68,0,26,119,10,155,70,0,70,225
05/25/2010,FTW,TX,ASW,CE,Towers with Radar,0,18,58,0,76,0,4,80,0,84,0,22,138,0,160,122,0,122,282
05/26/2010,FTW,TX,ASW,CE,Towers with Radar,0,20,112,0,132,0,1,121,4,126,0,21,233,4,258,68,0,68,326
05/27/2010,FTW,TX,ASW,CE,Towers with Radar,0,20,72,0,92,0,4,125,0,129,0,24,197,0,221,170,0,170,391
05/28/2010,FTW,TX,ASW,CE,Towers with Radar,0,11,57,0,68,0,1,103,0,104,0,12,160,0,172,80,12,92,264
05/29/2010,FTW,TX,ASW,CE,Towers with Radar,0,18,48,0,66,0,1,57,0,58,0,19,105,0,124,58,0,58,182
05/30/2010,FTW,TX,ASW,CE,Towers with Radar,0,28,27,0,55,0,3,29,0,32,0,31,56,0,87,4,0,4,91
05/31/2010,FTW,TX,ASW,CE,Towers with Radar,0,7,34,0,41,0,3,43,0,46,0,10,77,0,87,4,0,4,91
06/01/2010,FTW,TX,ASW,CE,Towers with Radar,0,13,68,0,81,0,1,90,0,91,0,14,158,0,172,110,0,110,282
06/02/2010,FTW,TX,ASW,CE,Towers with Radar,0,14,38,0,52,0,18,61,0,79,0,32,99,0,131,88,0,88,219
06/03/2010,FTW,TX,ASW,CE,Towers with Radar,0,19,100,0,119,0,3,64,0,67,0,22,164,0,186,70,0,70,256
06/04/2010,FTW,TX,ASW,CE,Towers with Radar,0,16,67,1,84,0,9,107,1,117,0,25,174,2,201,106,0,106,307
06/05/2010,FTW,TX,ASW,CE,Towers with Radar,0,16,35,1,52,0,4,93,0,97,0,20,128,1,149,52,0,52,201
06/06/2010,FTW,TX,ASW,CE,Towers with Radar,0,17,42,1,60,0,7,61,0,68,0,24,103,1,128,8,0,8,136
06/07/2010,FTW,TX,ASW,CE,Towers with Radar,0,9,46,0,55,0,2,43,2,47,0,11,89,2,102,112,0,112,214
06/08/2010,FTW,TX,ASW,CE,Towers with Radar,0,19,50,0,69,0,11,57,0,68,0,30,107,0,137,18,0,18,155
06/09/2010,FTW,TX,ASW,CE,Towers with Radar,0,6,60,0,66,0,5,21,1,27,0,11,81,1,93,8,0,8,101
06/10/2010,FTW,TX,ASW,CE,Towers with Radar,0,16,69,1,86,0,2,30,0,32,0,18,99,1,118,22,0,22,140
06/11/2010,FTW,TX,ASW,CE,Towers with Radar,0,19,81,3,103,0,6,52,0,58,0,25,133,3,161,34,0,34,195
06/12/2010,FTW,TX,ASW,CE,Towers with Radar,0,4,42,1,47,0,2,62,0,64,0,6,104,1,111,20,0,20,131
06/13/2010,FTW,TX,ASW,CE,Towers with Radar,0,9,67,2,78,0,6,30,1,37,0,15,97,3,115,14,0,14,129
06/14/2010,FTW,TX,ASW,CE,Towers with Radar,0,3,47,2,52,0,6,77,0,83,0,9,124,2,135,74,0,74,209
06/15/2010,FTW,TX,ASW,CE,Towers with Radar,0,7,48,6,61,0,2,83,1,86,0,9,131,7,147,86,0,86,233
06/16/2010,FTW,TX,ASW,CE,Towers with Radar,0,11,57,0,68,0,0,93,0,93,0,11,150,0,161,76,0,76,237
06/17/2010,FTW,TX,ASW,CE,Towers with Radar,0,12,69,2,83,0,2,126,0,128,0,14,195,2,211,60,0,60,271
06/18/2010,FTW,TX,ASW,CE,Towers with Radar,0,16,71,1,88,0,2,94,0,96,0,18,165,1,184,50,0,50,234
06/19/2010,FTW,TX,ASW,CE,Towers with Radar,0,10,62,0,72,0,2,117,0,119,0,12,179,0,191,102,0,102,293
06/20/2010,FTW,TX,ASW,CE,Towers with Radar,0,7,39,5,51,0,4,52,0,56,0,11,91,5,107,0,0,0,107
06/21/2010,FTW,TX,ASW,CE,Towers with Radar,0,7,56,6,69,0,4,97,2,103,0,11,153,8,172,158,0,158,330
06/22/2010,FTW,TX,ASW,CE,Towers with Radar,0,18,43,1,62,0,4,68,4,76,0,22,111,5,138,118,0,118,256
06/23/2010,FTW,TX,ASW,CE,Towers with Radar,0,11,46,2,59,0,10,102,6,118,0,21,148,8,177,166,2,168,345
06/24/2010,FTW,TX,ASW,CE,Towers with Radar,0,27,83,2,112,0,6,98,0,104,0,33,181,2,216,115,0,115,331
06/25/2010,FTW,TX,ASW,CE,Towers with Radar,0,22,74,0,96,0,2,85,0,87,0,24,159,0,183,104,0,104,287
06/26/2010,FTW,TX,ASW,CE,Towers with Radar,0,12,40,0,52,0,5,87,0,92,0,17,127,0,144,24,0,24,168
06/27/2010,FTW,TX,ASW,CE,Towers with Radar,0,16,46,0,62,0,4,36,0,40,0,20,82,0,102,32,0,32,134
06/28/2010,FTW,TX,ASW,CE,Towers with Radar,0,9,43,0,52,0,4,57,0,61,0,13,100,0,113,76,4,80,193
06/29/2010,FTW,TX,ASW,CE,Towers with Radar,0,17,74,0,91,0,3,22,0,25,0,20,96,0,116,28,0,28,144
06/30/2010,FTW,TX,ASW,CE,Towers with Radar,0,6,50,0,56,0,2,51,0,53,0,8,101,0,109,75,0,75,184
07/01/2010,FTW,TX,ASW,CE,Towers with Radar,0,7,46,2,55,0,0,52,2,54,0,7,98,4,109,154,16,170,279
07/02/2010,FTW,TX,ASW,CE,Towers with Radar,0,20,33,0,53,0,1,7,0,8,0,21,40,0,61,102,0,102,163
07/03/2010,FTW,TX,ASW,CE,Towers with Radar,0,5,25,0,30,0,4,9,1,14,0,9,34,1,44,16,0,16,60
07/04/2010,FTW,TX,ASW,CE,Towers with Radar,0,4,9,0,13,0,3,21,0,24,0,7,30,0,37,0,0,0,37
07/05/2010,FTW,TX,ASW,CE,Towers with Radar,0,11,34,2,47,0,0,64,0,64,0,11,98,2,111,80,0,80,191
07/06/2010,FTW,TX,ASW,CE,Towers with Radar,0,17,51,4,72,0,0,70,5,75,0,17,121,9,147,54,0,54,201
07/07/2010,FTW,TX,ASW,CE,Towers with Radar,0,22,79,0,101,0,4,50,0,54,0,26,129,0,155,164,0,164,319
07/08/2010,FTW,TX,ASW,CE,Towers with Radar,0,15,47,5,67,0,2,26,0,28,0,17,73,5,95,48,0,48,143
07/09/2010,FTW,TX,ASW,CE,Towers with Radar,0,12,37,0,49,0,1,11,0,12,0,13,48,0,61,178,0,178,239
07/10/2010,FTW,TX,ASW,CE,Towers with Radar,0,7,25,0,32,0,2,20,0,22,0,9,45,0,54,54,0,54,108
07/11/2010,FTW,TX,ASW,CE,Towers with Radar,0,9,46,2,57,0,3,57,0,60,0,12,103,2,117,6,0,6,123
07/12/2010,FTW,TX,ASW,CE,Towers with Radar,0,13,64,4,81,0,5,62,0,67,0,18,126,4,148,62,0,62,210
07/13/2010,FTW,TX,ASW,CE,Towers with Radar,0,14,61,0,75,0,10,96,0,106,0,24,157,0,181,106,0,106,287
07/14/2010,FTW,TX,ASW,CE,Towers with Radar,0,13,83,1,97,0,7,64,0,71,0,20,147,1,168,80,0,80,248
07/15/2010,FTW,TX,ASW,CE,Towers with Radar,0,19,69,1,89,0,5,137,0,142,0,24,206,1,231,84,0,84,315
07/16/2010,FTW,TX,ASW,CE,Towers with Radar,0,13,51,1,65,0,3,114,0,117,0,16,165,1,182,100,0,100,282
07/17/2010,FTW,TX,ASW,CE,Towers with Radar,0,5,36,1,42,0,4,76,0,80,0,9,112,1,122,64,0,64,186
07/18/2010,FTW,TX,ASW,CE,Towers with Radar,0,14,38,1,53,0,4,55,0,59,0,18,93,1,112,14,0,14,126
07/19/2010,FTW,TX,ASW,CE,Towers with Radar,0,9,61,0,70,0,1,96,0,97,0,10,157,0,167,86,0,86,253
07/20/2010,FTW,TX,ASW,CE,Towers with Radar,0,15,58,5,78,0,2,83,0,85,0,17,141,5,163,80,0,80,243
07/21/2010,FTW,TX,ASW,CE,Towers with Radar,0,14,66,3,83,0,4,76,1,81,0,18,142,4,164,144,0,144,308
07/22/2010,FTW,TX,ASW,CE,Towers with Radar,0,13,67,0,80,0,2,82,0,84,0,15,149,0,164,150,0,150,314
07/23/2010,FTW,TX,ASW,CE,Towers with Radar,0,12,77,6,95,0,5,41,2,48,0,17,118,8,143,180,6,186,329
07/24/2010,FTW,TX,ASW,CE,Towers with Radar,0,8,42,1,51,0,1,92,0,93,0,9,134,1,144,108,0,108,252
07/25/2010,FTW,TX,ASW,CE,Towers with Radar,0,10,53,1,64,0,2,52,2,56,0,12,105,3,120,2,0,2,122
07/26/2010,FTW,TX,ASW,CE,Towers with Radar,0,10,43,0,53,0,2,31,1,34,0,12,74,1,87,56,0,56,143
07/27/2010,FTW,TX,ASW,CE,Towers with Radar,0,7,56,0,63,0,5,53,0,58,0,12,109,0,121,92,0,92,213
07/28/2010,FTW,TX,ASW,CE,Towers with Radar,2,11,67,1,81,0,6,35,0,41,2,17,102,1,122,78,0,78,200
07/29/2010,FTW,TX,ASW,CE,Towers with Radar,0,13,82,1,96,0,4,117,2,123,0,17,199,3,219,165,0,165,384
07/30/2010,FTW,TX,ASW,CE,Towers with Radar,0,14,57,0,71,0,2,115,0,117,0,16,172,0,188,252,0,252,440
07/31/2010,FTW,TX,ASW,CE,Towers with Radar,0,12,43,1,56,0,0,67,0,67,0,12,110,1,123,16,0,16,139
08/01/2010,FTW,TX,ASW,CE,Towers with Radar,0,17,49,1,67,0,3,43,0,46,0,20,92,1,113,0,0,0,113
08/02/2010,FTW,TX,ASW,CE,Towers with Radar,0,12,44,1,57,0,2,86,0,88,0,14,130,1,145,38,0,38,183
08/03/2010,FTW,TX,ASW,CE,Towers with Radar,0,9,62,3,74,0,4,96,1,101,0,13,158,4,175,114,0,114,289
08/04/2010,FTW,TX,ASW,CE,Towers with Radar,0,7,58,1,66,0,3,87,0,90,0,10,145,1,156,50,0,50,206
08/05/2010,FTW,TX,ASW,CE,Towers with Radar,0,10,93,2,105,0,1,67,0,68,0,11,160,2,173,186,0,186,359
08/06/2010,FTW,TX,ASW,CE,Towers with Radar,0,10,52,1,63,0,11,72,1,84,0,21,124,2,147,56,0,56,203
08/07/2010,FTW,TX,ASW,CE,Towers with Radar,0,8,36,0,44,0,1,91,2,94,0,9,127,2,138,60,0,60,198
08/08/2010,FTW,TX,ASW,CE,Towers with Radar,1,4,45,0,50,0,0,75,1,76,1,4,120,1,126,2,0,2,128
08/09/2010,FTW,TX,ASW,CE,Towers with Radar,1,9,66,0,76,0,0,56,0,56,1,9,122,0,132,64,0,64,196
08/10/2010,FTW,TX,ASW,CE,Towers with Radar,0,11,57,2,70,0,4,101,0,105,0,15,158,2,175,116,0,116,291
08/11/2010,FTW,TX,ASW,CE,Towers with Radar,0,7,73,0,80,0,2,107,1,110,0,9,180,1,190,62,0,62,252
08/12/2010,FTW,TX,ASW,CE,Towers with Radar,1,21,83,0,105,0,5,63,1,69,1,26,146,1,174,174,0,174,348
08/13/2010,FTW,TX,ASW,CE,Towers with Radar,1,15,56,6,78,0,7,87,0,94,1,22,143,6,172,62,0,62,234
08/14/2010,FTW,TX,ASW,CE,Towers with Radar,0,4,18,0,22,0,2,72,0,74,0,6,90,0,96,36,0,36,132
08/15/2010,FTW,TX,ASW,CE,Towers with Radar,0,8,54,3,65,0,5,46,0,51,0,13,100,3,116,10,0,10,126
08/16/2010,FTW,TX,ASW,CE,Towers with Radar,0,12,44,3,59,0,7,48,0,55,0,19,92,3,114,60,0,60,174
08/17/2010,FTW,TX,ASW,CE,Towers with Radar,0,1,62,0,63,0,3,86,0,89,0,4,148,0,152,40,0,40,192
08/18/2010,FTW,TX,ASW,CE,Towers with Radar,0,17,68,2,87,0,6,66,2,74,0,23,134,4,161,104,12,116,277
08/19/2010,FTW,TX,ASW,CE,Towers with Radar,0,7,69,2,78,0,6,95,1,102,0,13,164,3,180,144,0,144,324
08/20/2010,FTW,TX,ASW,CE,Towers with Radar,0,24,52,2,78,0,2,99,0,101,0,26,151,2,179,26,0,26,205
08/21/2010,FTW,TX,ASW,CE,Towers with Radar,0,5,32,0,37,0,10,79,0,89,0,15,111,0,126,32,0,32,158
08/22/2010,FTW,TX,ASW,CE,Towers with Radar,0,8,39,1,48,0,3,40,0,43,0,11,79,1,91,4,0,4,95
08/23/2010,FTW,TX,ASW,CE,Towers with Radar,0,5,53,4,62,0,0,84,0,84,0,5,137,4,146,32,0,32,178
08/24/2010,FTW,TX,ASW,CE,Towers with Radar,0,13,60,0,73,0,8,22,0,30,0,21,82,0,103,34,0,34,137
08/25/2010,FTW,TX,ASW,CE,Towers with Radar,0,11,48,0,59,0,3,33,0,36,0,14,81,0,95,142,0,142,237
08/26/2010,FTW,TX,ASW,CE,Towers with Radar,0,16,63,0,79,0,0,97,2,99,0,16,160,2,178,76,10,86,264
08/27/2010,FTW,TX,ASW,CE,Towers with Radar,0,24,69,0,93,0,1,109,0,110,0,25,178,0,203,98,0,98,301
08/28/2010,FTW,TX,ASW,CE,Towers with Radar,0,6,31,0,37,0,3,80,0,83,0,9,111,0,120,52,0,52,172
08/29/2010,FTW,TX,ASW,CE,Towers with Radar,0,8,45,1,54,0,2,47,0,49,0,10,92,1,103,10,0,10,113
08/30/2010,FTW,TX,ASW,CE,Towers with Radar,0,6,57,0,63,0,4,46,0,50,0,10,103,0,113,42,0,42,155
08/31/2010,FTW,TX,ASW,CE,Towers with Radar,0,10,55,0,65,0,6,75,0,81,0,16,130,0,146,84,0,84,230
09/01/2010,FTW,TX,ASW,CE,Towers with Radar,0,20,68,0,88,0,5,47,0,52,0,25,115,0,140,38,0,38,178
09/02/2010,FTW,TX,ASW,CE,Towers with Radar,0,12,52,0,64,0,0,41,0,41,0,12,93,0,105,50,0,50,155
09/03/2010,FTW,TX,ASW,CE,Towers with Radar,0,14,77,0,91,0,4,55,0,59,0,18,132,0,150,16,0,16,166
09/04/2010,FTW,TX,ASW,CE,Towers with Radar,0,8,46,0,54,0,2,75,0,77,0,10,121,0,131,38,0,38,169
09/05/2010,FTW,TX,ASW,CE,Towers with Radar,0,10,39,1,50,0,2,54,0,56,0,12,93,1,106,10,0,10,116
09/06/2010,FTW,TX,ASW,CE,Towers with Radar,0,12,58,0,70,0,9,41,0,50,0,21,99,0,120,20,0,20,140
09/07/2010,FTW,TX,ASW,CE,Towers with Radar,1,11,44,1,57,0,3,1,0,4,1,14,45,1,61,0,0,0,61
09/08/2010,FTW,TX,ASW,CE,Towers with Radar,0,10,46,0,56,0,5,10,0,15,0,15,56,0,71,62,0,62,133
09/09/2010,FTW,TX,ASW,CE,Towers with Radar,0,14,40,3,57,0,3,31,1,35,0,17,71,4,92,32,0,32,124
09/10/2010,FTW,TX,ASW,CE,Towers with Radar,2,10,73,2,87,0,0,114,1,115,2,10,187,3,202,122,0,122,324
09/11/2010,FTW,TX,ASW,CE,Towers with Radar,2,11,46,0,59,0,3,38,0,41,2,14,84,0,100,62,0,62,162
09/12/2010,FTW,TX,ASW,CE,Towers with Radar,0,13,61,0,74,0,0,29,1,30,0,13,90,1,104,4,0,4,108
09/13/2010,FTW,TX,ASW,CE,Towers with Radar,0,9,48,1,58,0,4,68,0,72,0,13,116,1,130,70,0,70,200
09/14/2010,FTW,TX,ASW,CE,Towers with Radar,0,15,62,2,79,0,6,69,5,80,0,21,131,7,159,52,0,52,211
09/15/2010,FTW,TX,ASW,CE,Towers with Radar,0,22,74,0,96,0,1,85,1,87,0,23,159,1,183,84,0,84,267
09/16/2010,FTW,TX,ASW,CE,Towers with Radar,0,21,85,2,108,0,2,129,1,132,0,23,214,3,240,82,0,82,322
09/17/2010,FTW,TX,ASW,CE,Towers with Radar,0,15,74,0,89,0,2,74,2,78,0,17,148,2,167,116,0,116,283
09/18/2010,FTW,TX,ASW,CE,Towers with Radar,0,16,41,0,57,0,6,75,0,81,0,22,116,0,138,10,0,10,148
09/19/2010,FTW,TX,ASW,CE,Towers with Radar,0,24,68,0,92,0,1,37,1,39,0,25,105,1,131,24,0,24,155
09/20/2010,FTW,TX,ASW,CE,Towers with Radar,0,11,56,0,67,0,7,75,0,82,0,18,131,0,149,92,0,92,241
09/21/2010,FTW,TX,ASW,CE,Towers with Radar,0,11,57,2,70,0,7,72,1,80,0,18,129,3,150,98,0,98,248
09/22/2010,FTW,TX,ASW,CE,Towers with Radar,0,13,69,0,82,0,7,48,0,55,0,20,117,0,137,74,0,74,211
09/23/2010,FTW,TX,ASW,CE,Towers with Radar,0,10,68,0,78,0,4,39,2,45,0,14,107,2,123,52,0,52,175
09/24/2010,FTW,TX,ASW,CE,Towers with Radar,0,26,45,0,71,0,4,36,0,40,0,30,81,0,111,40,0,40,151
09/25/2010,FTW,TX,ASW,CE,Towers with Radar,0,8,26,0,34,0,2,8,0,10,0,10,34,0,44,0,0,0,44
09/26/2010,FTW,TX,ASW,CE,Towers with Radar,0,11,50,1,62,0,2,22,0,24,0,13,72,1,86,0,0,0,86
09/27/2010,FTW,TX,ASW,CE,Towers with Radar,0,5,53,0,58,0,1,103,0,104,0,6,156,0,162,54,0,54,216
09/28/2010,FTW,TX,ASW,CE,Towers with Radar,0,9,74,1,84,0,5,103,0,108,0,14,177,1,192,92,0,92,284
09/29/2010,FTW,TX,ASW,CE,Towers with Radar,0,15,87,2,104,0,3,110,0,113,0,18,197,2,217,64,0,64,281
09/30/2010,FTW,TX,ASW,CE,Towers with Radar,0,23,59,2,84,0,2,123,0,125,0,25,182,2,209,118,0,118,327
10/01/2010,FTW,TX,ASW,CE,Towers with Radar,0,16,62,1,79,0,3,104,1,108,0,19,166,2,187,150,0,150,337
10/02/2010,FTW,TX,ASW,CE,Towers with Radar,0,10,39,0,49,0,0,87,0,87,0,10,126,0,136,120,0,120,256
10/03/2010,FTW,TX,ASW,CE,Towers with Radar,0,19,39,1,59,0,6,59,1,66,0,25,98,2,125,42,0,42,167
10/04/2010,FTW,TX,ASW,CE,Towers with Radar,0,11,59,0,70,0,5,80,4,89,0,16,139,4,159,48,0,48,207
10/05/2010,FTW,TX,ASW,CE,Towers with Radar,0,11,50,0,61,0,0,77,2,79,0,11,127,2,140,84,0,84,224
10/06/2010,FTW,TX,ASW,CE,Towers with Radar,0,13,52,1,66,0,7,86,0,93,0,20,138,1,159,146,0,146,305
10/07/2010,FTW,TX,ASW,CE,Towers with Radar,0,15,64,0,79,0,4,73,0,77,0,19,137,0,156,168,0,168,324
10/08/2010,FTW,TX,ASW,CE,Towers with Radar,2,10,88,1,101,0,1,102,1,104,2,11,190,2,205,90,0,90,295
10/09/2010,FTW,TX,ASW,CE,Towers with Radar,2,6,47,0,55,0,259,223,1,483,2,265,270,1,538,76,0,76,614
10/10/2010,FTW,TX,ASW,CE,Towers with Radar,0,9,62,0,71,0,2,62,1,65,0,11,124,1,136,52,0,52,188
10/11/2010,FTW,TX,ASW,CE,Towers with Radar,0,7,54,0,61,0,2,51,1,54,0,9,105,1,115,32,0,32,147
10/12/2010,FTW,TX,ASW,CE,Towers with Radar,0,23,66,0,89,0,4,77,1,82,0,27,143,1,171,38,0,38,209
10/13/2010,FTW,TX,ASW,CE,Towers with Radar,0,14,56,0,70,0,6,91,1,98,0,20,147,1,168,46,0,46,214
10/14/2010,FTW,TX,ASW,CE,Towers with Radar,0,16,92,0,108,0,3,107,0,110,0,19,199,0,218,122,0,122,340
10/15/2010,FTW,TX,ASW,CE,Towers with Radar,2,25,66,0,93,0,1,97,2,100,2,26,163,2,193,34,0,34,227
10/16/2010,FTW,TX,ASW,CE,Towers with Radar,1,30,54,0,85,0,2,98,0,100,1,32,152,0,185,44,0,44,229
10/17/2010,FTW,TX,ASW,CE,Towers with Radar,0,22,44,0,66,0,4,74,1,79,0,26,118,1,145,2,0,2,147
10/18/2010,FTW,TX,ASW,CE,Towers with Radar,0,14,55,0,69,0,3,82,0,85,0,17,137,0,154,24,0,24,178
10/19/2010,FTW,TX,ASW,CE,Towers with Radar,0,28,71,2,101,0,1,70,4,75,0,29,141,6,176,18,0,18,194
10/20/2010,FTW,TX,ASW,CE,Towers with Radar,0,25,85,0,110,0,0,97,0,97,0,25,182,0,207,112,0,112,319
10/21/2010,FTW,TX,ASW,CE,Towers with Radar,0,15,69,1,85,0,0,90,0,90,0,15,159,1,175,80,0,80,255
10/22/2010,FTW,TX,ASW,CE,Towers with Radar,0,12,81,0,93,0,1,39,0,40,0,13,120,0,133,68,0,68,201
10/23/2010,FTW,TX,ASW,CE,Towers with Radar,0,9,31,0,40,0,0,15,1,16,0,9,46,1,56,16,0,16,72
10/24/2010,FTW,TX,ASW,CE,Towers with Radar,0,21,53,0,74,0,6,45,3,54,0,27,98,3,128,24,0,24,152
10/25/2010,FTW,TX,ASW,CE,Towers with Radar,0,18,42,3,63,0,2,55,3,60,0,20,97,6,123,4,0,4,127
10/26/2010,FTW,TX,ASW,CE,Towers with Radar,0,12,82,4,98,0,4,83,1,88,0,16,165,5,186,34,6,40,226
10/27/2010,FTW,TX,ASW,CE,Towers with Radar,0,9,80,0,89,0,7,94,0,101,0,16,174,0,190,12,0,12,202
10/28/2010,FTW,TX,ASW,CE,Towers with Radar,0,14,72,0,86,0,4,84,1,89,0,18,156,1,175,26,0,26,201
10/29/2010,FTW,TX,ASW,CE,Towers with Radar,0,15,66,5,86,0,1,133,2,136,0,16,199,7,222,122,10,132,354
10/30/2010,FTW,TX,ASW,CE,Towers with Radar,0,17,50,0,67,0,3,82,0,85,0,20,132,0,152,38,0,38,190
10/31/2010,FTW,TX,ASW,CE,Towers with Radar,0,12,64,0,76,0,2,76,0,78,0,14,140,0,154,22,0,22,176
11/01/2010,FTW,TX,ASW,CE,Towers with Radar,0,5,79,4,88,0,1,69,1,71,0,6,148,5,159,22,0,22,181
11/02/2010,FTW,TX,ASW,CE,Towers with Radar,0,9,85,0,94,0,1,21,0,22,0,10,106,0,116,58,0,58,174
11/03/2010,FTW,TX,ASW,CE,Towers with Radar,0,19,54,0,73,0,1,23,5,29,0,20,77,5,102,28,0,28,130
11/04/2010,FTW,TX,ASW,CE,Towers with Radar,0,16,85,0,101,0,3,67,3,73,0,19,152,3,174,6,0,6,180
11/05/2010,FTW,TX,ASW,CE,Towers with Radar,1,26,68,3,98,0,5,123,1,129,1,31,191,4,227,60,0,60,287
11/06/2010,FTW,TX,ASW,CE,Towers with Radar,1,15,61,2,79,0,3,79,2,84,1,18,140,4,163,32,4,36,199
11/07/2010,FTW,TX,ASW,CE,Towers with Radar,1,23,64,1,89,0,13,78,0,91,1,36,142,1,180,24,0,24,204
11/08/2010,FTW,TX,ASW,CE,Towers with Radar,0,20,52,3,75,0,2,70,0,72,0,22,122,3,147,44,0,44,191
11/09/2010,FTW,TX,ASW,CE,Towers with Radar,0,8,78,1,87,0,2,82,1,85,0,10,160,2,172,36,0,36,208
11/10/2010,FTW,TX,ASW,CE,Towers with Radar,0,20,86,0,106,0,3,93,0,96,0,23,179,0,202,62,0,62,264
11/11/2010,FTW,TX,ASW,CE,Towers with Radar,0,19,89,0,108,0,6,42,1,49,0,25,131,1,157,62,0,62,219
11/12/2010,FTW,TX,ASW,CE,Towers with Radar,0,11,91,0,102,0,3,11,1,15,0,14,102,1,117,6,0,6,123
11/13/2010,FTW,TX,ASW,CE,Towers with Radar,2,6,59,2,69,0,0,62,0,62,2,6,121,2,131,54,0,54,185
11/14/2010,FTW,TX,ASW,CE,Towers with Radar,1,15,52,0,68,0,0,42,2,44,1,15,94,2,112,8,0,8,120
11/15/2010,FTW,TX,ASW,CE,Towers with Radar,0,7,53,6,66,0,2,70,1,73,0,9,123,7,139,72,0,72,211
11/16/2010,FTW,TX,ASW,CE,Towers with Radar,0,20,49,0,69,0,2,78,0,80,0,22,127,0,149,153,6,159,308
11/17/2010,FTW,TX,ASW,CE,Towers with Radar,0,16,68,0,84,0,4,66,0,70,0,20,134,0,154,18,0,18,172
11/18/2010,FTW,TX,ASW,CE,Towers with Radar,0,18,65,0,83,0,4,100,1,105,0,22,165,1,188,132,0,132,320
11/19/2010,FTW,TX,ASW,CE,Towers with Radar,0,13,80,7,100,0,0,98,0,98,0,13,178,7,198,86,0,86,284
11/20/2010,FTW,TX,ASW,CE,Towers with Radar,0,20,48,0,68,0,4,33,0,37,0,24,81,0,105,46,0,46,151
11/21/2010,FTW,TX,ASW,CE,Towers with Radar,0,22,43,5,70,0,2,29,0,31,0,24,72,5,101,0,0,0,101
11/22/2010,FTW,TX,ASW,CE,Towers with Radar,0,20,70,3,93,0,12,65,0,77,0,32,135,3,170,40,0,40,210
11/23/2010,FTW,TX,ASW,CE,Towers with Radar,0,20,81,0,101,0,4,83,0,87,0,24,164,0,188,48,0,48,236
11/24/2010,FTW,TX,ASW,CE,Towers with Radar,0,22,62,2,86,0,6,36,1,43,0,28,98,3,129,28,0,28,157
11/25/2010,FTW,TX,ASW,CE,Towers with Radar,0,8,16,0,24,0,0,6,0,6,0,8,22,0,30,0,0,0,30
11/26/2010,FTW,TX,ASW,CE,Towers with Radar,0,3,25,0,28,0,4,36,0,40,0,7,61,0,68,0,0,0,68
11/27/2010,FTW,TX,ASW,CE,Towers with Radar,0,15,61,0,76,0,2,96,0,98,0,17,157,0,174,88,0,88,262
11/28/2010,FTW,TX,ASW,CE,Towers with Radar,0,29,60,0,89,0,1,47,1,49,0,30,107,1,138,2,0,2,140
11/29/2010,FTW,TX,ASW,CE,Towers with Radar,0,20,65,0,85,0,4,54,0,58,0,24,119,0,143,42,0,42,185
11/30/2010,FTW,TX,ASW,CE,Towers with Radar,0,24,38,0,62,0,8,34,0,42,0,32,72,0,104,26,0,26,130
12/01/2010,FTW,TX,ASW,CE,Towers with Radar,0,39,62,0,101,0,0,106,0,106,0,39,168,0,207,62,0,62,269
12/02/2010,FTW,TX,ASW,CE,Towers with Radar,0,45,94,1,140,0,3,124,2,129,0,48,218,3,269,176,0,176,445
12/03/2010,FTW,TX,ASW,CE,Towers with Radar,0,20,72,1,93,0,2,124,0,126,0,22,196,1,219,84,24,108,327
12/04/2010,FTW,TX,ASW,CE,Towers with Radar,0,12,41,0,53,0,2,69,0,71,0,14,110,0,124,10,0,10,134
12/05/2010,FTW,TX,ASW,CE,Towers with Radar,0,13,67,2,82,0,2,65,4,71,0,15,132,6,153,42,0,42,195
12/06/2010,FTW,TX,ASW,CE,Towers with Radar,0,14,49,0,63,0,0,61,0,61,0,14,110,0,124,134,0,134,258
12/07/2010,FTW,TX,ASW,CE,Towers with Radar,0,21,69,0,90,0,3,57,0,60,0,24,126,0,150,74,0,74,224
12/08/2010,FTW,TX,ASW,CE,Towers with Radar,0,21,64,1,86,0,4,101,0,105,0,25,165,1,191,114,0,114,305
12/09/2010,FTW,TX,ASW,CE,Towers with Radar,1,12,80,1,94,0,2,73,0,75,1,14,153,1,169,6,0,6,175
12/10/2010,FTW,TX,ASW,CE,Towers with Radar,0,12,47,2,61,0,0,79,2,81,0,12,126,4,142,106,0,106,248
12/11/2010,FTW,TX,ASW,CE,Towers with Radar,1,7,29,1,38,0,3,39,1,43,1,10,68,2,81,6,0,6,87
12/12/2010,FTW,TX,ASW,CE,Towers with Radar,0,22,43,0,65,0,2,38,0,40,0,24,81,0,105,0,0,0,105
12/13/2010,FTW,TX,ASW,CE,Towers with Radar,0,15,48,2,65,0,1,59,2,62,0,16,107,4,127,18,2,20,147
12/14/2010,FTW,TX,ASW,CE,Towers with Radar,0,19,76,0,95,0,3,86,0,89,0,22,162,0,184,74,0,74,258
12/15/2010,FTW,TX,ASW,CE,Towers with Radar,0,23,81,2,106,0,3,55,0,58,0,26,136,2,164,8,0,8,172
12/16/2010,FTW,TX,ASW,CE,Towers with Radar,0,15,82,2,99,0,0,60,1,61,0,15,142,3,160,12,0,12,172
12/17/2010,FTW,TX,ASW,CE,Towers with Radar,0,24,68,1,93,0,5,79,0,84,0,29,147,1,177,55,0,55,232
12/18/2010,FTW,TX,ASW,CE,Towers with Radar,0,14,50,0,64,0,1,91,0,92,0,15,141,0,156,32,0,32,188
12/19/2010,FTW,TX,ASW,CE,Towers with Radar,0,8,48,0,56,0,1,79,0,80,0,9,127,0,136,6,0,6,142
12/20/2010,FTW,TX,ASW,CE,Towers with Radar,0,14,44,0,58,0,3,73,0,76,0,17,117,0,134,12,0,12,146
12/21/2010,FTW,TX,ASW,CE,Towers with Radar,0,18,59,0,77,0,3,100,0,103,0,21,159,0,180,56,0,56,236
12/22/2010,FTW,TX,ASW,CE,Towers with Radar,0,15,54,0,69,0,0,59,0,59,0,15,113,0,128,88,0,88,216
12/23/2010,FTW,TX,ASW,CE,Towers with Radar,0,5,40,2,47,0,2,61,0,63,0,7,101,2,110,44,0,44,154
12/24/2010,FTW,TX,ASW,CE,Towers with Radar,0,16,7,0,23,0,2,2,0,4,0,18,9,0,27,0,0,0,27
12/25/2010,FTW,TX,ASW,CE,Towers with Radar,0,6,3,0,9,0,1,5,0,6,0,7,8,0,15,0,0,0,15
12/26/2010,FTW,TX,ASW,CE,Towers with Radar,0,19,59,0,78,0,2,53,0,55,0,21,112,0,133,72,0,72,205
12/27/2010,FTW,TX,ASW,CE,Towers with Radar,0,19,35,0,54,0,1,71,0,72,0,20,106,0,126,26,0,26,152
12/28/2010,FTW,TX,ASW,CE,Towers with Radar,4,10,51,1,66,0,0,3,0,3,4,10,54,1,69,6,0,6,75
12/29/2010,FTW,TX,ASW,CE,Towers with Radar,0,7,53,1,61,0,1,30,0,31,0,8,83,1,92,30,0,30,122
12/30/2010,FTW,TX,ASW,CE,Towers with Radar,0,12,39,1,52,0,8,41,0,49,0,20,80,1,101,120,0,120,221
12/31/2010,FTW,TX,ASW,CE,Towers with Radar,0,8,28,0,36,0,2,32,0,34,0,10,60,0,70,14,0,14,84
01/01/2011,FTW,TX,ASW,CE,Towers with Radar,0,10,13,0,23,0,0,19,0,19,0,10,32,0,42,4,0,4,46
01/02/2011,FTW,TX,ASW,CE,Towers with Radar,4,15,77,1,97,0,0,55,1,56,4,15,132,2,153,20,0,20,173
01/03/2011,FTW,TX,ASW,CE,Towers with Radar,0,19,47,2,68,0,1,70,3,74,0,20,117,5,142,44,0,44,186
01/04/2011,FTW,TX,ASW,CE,Towers with Radar,0,10,48,0,58,0,3,36,0,39,0,13,84,0,97,54,0,54,151
01/05/2011,FTW,TX,ASW,CE,Towers with Radar,0,10,47,0,57,0,7,82,0,89,0,17,129,0,146,46,0,46,192
01/06/2011,FTW,TX,ASW,CE,Towers with Radar,0,13,58,0,71,0,2,77,0,79,0,15,135,0,150,80,0,80,230
01/07/2011,FTW,TX,ASW,CE,Towers with Radar,0,12,64,0,76,0,0,103,0,103,0,12,167,0,179,88,0,88,267
01/08/2011,FTW,TX,ASW,CE,Towers with Radar,0,7,53,1,61,0,0,130,0,130,0,7,183,1,191,74,0,74,265
01/09/2011,FTW,TX,ASW,CE,Towers with Radar,0,6,31,0,37,0,0,0,0,0,0,6,31,0,37,0,0,0,37
01/10/2011,FTW,TX,ASW,CE,Towers with Radar,0,9,38,0,47,0,0,0,0,0,0,9,38,0,47,0,0,0,47
01/11/2011,FTW,TX,ASW,CE,Towers with Radar,0,20,50,3,73,0,4,30,0,34,0,24,80,3,107,38,0,38,145
01/12/2011,FTW,TX,ASW,CE,Towers with Radar,0,9,47,1,57,0,1,29,2,32,0,10,76,3,89,112,0,112,201
01/13/2011,FTW,TX,ASW,CE,Towers with Radar,0,14,83,2,99,0,1,54,0,55,0,15,137,2,154,54,0,54,208
01/14/2011,FTW,TX,ASW,CE,Towers with Radar,0,10,73,0,83,0,2,45,0,47,0,12,118,0,130,96,0,96,226
01/15/2011,FTW,TX,ASW,CE,Towers with Radar,0,7,43,0,50,0,0,3,0,3,0,7,46,0,53,0,0,0,53
01/16/2011,FTW,TX,ASW,CE,Towers with Radar,0,10,40,1,51,0,0,0,0,0,0,10,40,1,51,0,0,0,51
01/17/2011,FTW,TX,ASW,CE,Towers with Radar,0,13,77,0,90,0,1,37,0,38,0,14,114,0,128,92,0,92,220
01/18/2011,FTW,TX,ASW,CE,Towers with Radar,0,19,65,0,84,0,2,57,1,60,0,21,122,1,144,136,0,136,280
01/19/2011,FTW,TX,ASW,CE,Towers with Radar,0,21,74,0,95,0,3,111,1,115,0,24,185,1,210,90,0,90,300
01/20/2011,FTW,TX,ASW,CE,Towers with Radar,0,16,68,0,84,0,2,24,0,26,0,18,92,0,110,70,0,70,180
01/21/2011,FTW,TX,ASW,CE,Towers with Radar,0,17,67,3,87,0,4,99,4,107,0,21,166,7,194,150,0,150,344
01/22/2011,FTW,TX,ASW,CE,Towers with Radar,0,7,28,0,35,0,6,131,0,137,0,13,159,0,172,84,0,84,256
01/23/2011,FTW,TX,ASW,CE,Towers with Radar,0,7,37,0,44,0,11,34,0,45,0,18,71,0,89,56,0,56,145
01/24/2011,FTW,TX,ASW,CE,Towers with Radar,0,7,39,0,46,0,6,78,0,84,0,13,117,0,130,64,0,64,194
01/25/2011,FTW,TX,ASW,CE,Towers with Radar,0,18,43,0,61,0,10,67,0,77,0,28,110,0,138,24,0,24,162
01/26/2011,FTW,TX,ASW,CE,Towers with Radar,0,25,62,2,89,0,6,59,1,66,0,31,121,3,155,70,0,70,225
01/27/2011,FTW,TX,ASW,CE,Towers with Radar,0,17,70,1,88,0,1,104,0,105,0,18,174,1,193,152,2,154,347
01/28/2011,FTW,TX,ASW,CE,Towers with Radar,1,17,49,0,67,0,0,113,0,113,1,17,162,0,180,74,0,74,254
01/29/2011,FTW,TX,ASW,CE,Towers with Radar,0,10,36,1,47,0,2,77,1,80,0,12,113,2,127,36,0,36,163
01/30/2011,FTW,TX,ASW,CE,Towers with Radar,0,15,60,2,77,0,1,44,2,47,0,16,104,4,124,22,0,22,146
01/31/2011,FTW,TX,ASW,CE,Towers with Radar,0,10,54,4,68,0,1,9,0,10,0,11,63,4,78,6,0,6,84
02/01/2011,FTW,TX,ASW,CE,Towers with Radar,0,1,11,0,12,0,0,0,0,0,0,1,11,0,12,0,0,0,12
02/02/2011,FTW,TX,ASW,CE,Towers with Radar,0,12,28,2,42,0,12,9,0,21,0,24,37,2,63,0,0,0,63
02/03/2011,FTW,TX,ASW,CE,Towers with Radar,0,17,43,2,62,0,8,21,0,29,0,25,64,2,91,48,0,48,139
02/04/2011,FTW,TX,ASW,CE,Towers with Radar,0,22,62,1,85,0,4,26,0,30,0,26,88,1,115,0,0,0,115
02/05/2011,FTW,TX,ASW,CE,Towers with Radar,0,16,89,3,108,0,6,51,0,57,0,22,140,3,165,0,0,0,165
02/06/2011,FTW,TX,ASW,CE,Towers with Radar,0,52,110,0,162,0,3,8,0,11,0,55,118,0,173,2,0,2,175
02/07/2011,FTW,TX,ASW,CE,Towers with Radar,0,46,107,2,155,0,7,61,0,68,0,53,168,2,223,128,0,128,351
02/08/2011,FTW,TX,ASW,CE,Towers with Radar,0,21,74,1,96,0,3,46,0,49,0,24,120,1,145,16,0,16,161
02/09/2011,FTW,TX,ASW,CE,Towers with Radar,2,8,24,0,34,0,9,13,0,22,2,17,37,0,56,14,0,14,70
02/10/2011,FTW,TX,ASW,CE,Towers with Radar,0,25,68,0,93,0,5,43,0,48,0,30,111,0,141,50,0,50,191
02/11/2011,FTW,TX,ASW,CE,Towers with Radar,0,20,62,6,88,0,2,99,2,103,0,22,161,8,191,76,0,76,267
02/12/2011,FTW,TX,ASW,CE,Towers with Radar,0,15,48,1,64,0,3,82,0,85,0,18,130,1,149,80,0,80,229
02/13/2011,FTW,TX,ASW,CE,Towers with Radar,0,19,39,3,61,0,3,79,0,82,0,22,118,3,143,2,0,2,145
02/14/2011,FTW,TX,ASW,CE,Towers with Radar,0,13,30,0,43,0,4,87,2,93,0,17,117,2,136,60,0,60,196
02/15/2011,FTW,TX,ASW,CE,Towers with Radar,0,15,62,2,79,0,3,48,0,51,0,18,110,2,130,58,0,58,188
02/16/2011,FTW,TX,ASW,CE,Towers with Radar,0,21,79,1,101,0,2,55,0,57,0,23,134,1,158,26,0,26,184
02/17/2011,FTW,TX,ASW,CE,Towers with Radar,0,21,81,0,102,0,10,53,0,63,0,31,134,0,165,64,0,64,229
02/18/2011,FTW,TX,ASW,CE,Towers with Radar,0,36,91,5,132,0,4,89,0,93,0,40,180,5,225,136,0,136,361
02/19/2011,FTW,TX,ASW,CE,Towers with Radar,0,13,31,0,44,0,1,68,2,71,0,14,99,2,115,112,6,118,233
02/20/2011,FTW,TX,ASW,CE,Towers with Radar,0,13,51,0,64,0,6,45,0,51,0,19,96,0,115,16,0,16,131
02/21/2011,FTW,TX,ASW,CE,Towers with Radar,0,19,65,5,89,0,0,67,0,67,0,19,132,5,156,8,0,8,164
02/22/2011,FTW,TX,ASW,CE,Towers with Radar,0,16,76,1,93,0,4,82,1,87,0,20,158,2,180,126,0,126,306
02/23/2011,FTW,TX,ASW,CE,Towers with Radar,0,24,77,3,104,0,5,15,7,27,0,29,92,10,131,0,0,0,131
02/24/2011,FTW,TX,ASW,CE,Towers with Radar,1,22,49,0,72,0,5,18,0,23,1,27,67,0,95,14,0,14,109
02/25/2011,FTW,TX,ASW,CE,Towers with Radar,1,11,65,2,79,0,0,98,6,104,1,11,163,8,183,132,0,132,315
02/26/2011,FTW,TX,ASW,CE,Towers with Radar,0,9,38,0,47,0,6,83,0,89,0,15,121,0,136,46,0,46,182
02/27/2011,FTW,TX,ASW,CE,Towers with Radar,0,10,57,2,69,0,2,21,0,23,0,12,78,2,92,20,0,20,112
02/28/2011,FTW,TX,ASW,CE,Towers with Radar,0,13,51,0,64,0,4,41,1,46,0,17,92,1,110,80,0,80,190
03/01/2011,FTW,TX,ASW,CE,Towers with Radar,0,11,65,1,77,0,3,104,5,112,0,14,169,6,189,62,0,62,251
03/02/2011,FTW,TX,ASW,CE,Towers with Radar,0,16,63,2,81,0,2,66,4,72,0,18,129,6,153,68,0,68,221
03/03/2011,FTW,TX,ASW,CE,Towers with Radar,0,24,63,1,88,0,6,74,0,80,0,30,137,1,168,150,0,150,318
03/04/2011,FTW,TX,ASW,CE,Towers with Radar,0,16,58,1,75,0,3,46,1,50,0,19,104,2,125,48,12,60,185
03/05/2011,FTW,TX,ASW,CE,Towers with Radar,0,14,34,1,49,0,5,35,0,40,0,19,69,1,89,12,0,12,101
03/06/2011,FTW,TX,ASW,CE,Towers with Radar,0,15,46,7,68,0,5,75,0,80,0,20,121,7,148,2,0,2,150
03/07/2011,FTW,TX,ASW,CE,Towers with Radar,0,26,53,0,79,0,1,28,0,29,0,27,81,0,108,38,0,38,146
03/08/2011,FTW,TX,ASW,CE,Towers with Radar,0,13,66,1,80,0,0,24,0,24,0,13,90,1,104,38,0,38,142
03/09/2011,FTW,TX,ASW,CE,Towers with Radar,1,16,69,0,86,0,4,81,1,86,1,20,150,1,172,78,0,78,250
03/10/2011,FTW,TX,ASW,CE,Towers with Radar,1,13,98,2,114,0,4,122,1,127,1,17,220,3,241,160,0,160,401
03/11/2011,FTW,TX,ASW,CE,Towers with Radar,0,16,65,0,81,0,1,82,0,83,0,17,147,0,164,18,0,18,182
03/12/2011,FTW,TX,ASW,CE,Towers with Radar,0,25,33,0,58,0,2,73,2,77,0,27,106,2,135,34,0,34,169
03/13/2011,FTW,TX,ASW,CE,Towers with Radar,0,11,39,0,50,0,0,19,0,19,0,11,58,0,69,6,0,6,75
03/14/2011,FTW,TX,ASW,CE,Towers with Radar,0,15,30,0,45,0,2,50,0,52,0,17,80,0,97,56,0,56,153
03/15/2011,FTW,TX,ASW,CE,Towers with Radar,0,9,63,1,73,0,4,84,1,89,0,13,147,2,162,78,0,78,240
03/16/2011,FTW,TX,ASW,CE,Towers with Radar,0,26,67,2,95,0,7,48,0,55,0,33,115,2,150,20,0,20,170
03/17/2011,FTW,TX,ASW,CE,Towers with Radar,0,10,64,2,76,0,2,59,3,64,0,12,123,5,140,38,2,40,180
03/18/2011,FTW,TX,ASW,CE,Towers with Radar,0,15,58,0,73,0,5,91,0,96,0,20,149,0,169,62,0,62,231
03/19/2011,FTW,TX,ASW,CE,Towers with Radar,1,9,37,0,47,0,4,47,0,51,1,13,84,0,98,24,0,24,122
03/20/2011,FTW,TX,ASW,CE,Towers with Radar,0,21,65,2,88,0,4,32,0,36,0,25,97,2,124,10,0,10,134
03/21/2011,FTW,TX,ASW,CE,Towers with Radar,0,10,43,0,53,0,4,41,0,45,0,14,84,0,98,62,0,62,160
03/22/2011,FTW,TX,ASW,CE,Towers with Radar,0,16,34,0,50,0,2,19,0,21,0,18,53,0,71,58,0,58,129
03/23/2011,FTW,TX,ASW,CE,Towers with Radar,0,20,55,2,77,0,4,116,0,120,0,24,171,2,197,106,0,106,303
03/24/2011,FTW,TX,ASW,CE,Towers with Radar,0,13,56,1,70,0,2,77,2,81,0,15,133,3,151,202,0,202,353
03/25/2011,FTW,TX,ASW,CE,Towers with Radar,0,17,51,4,72,0,6,57,1,64,0,23,108,5,136,66,0,66,202
03/26/2011,FTW,TX,ASW,CE,Towers with Radar,0,17,33,0,50,0,2,55,0,57,0,19,88,0,107,52,0,52,159
03/27/2011,FTW,TX,ASW,CE,Towers with Radar,0,15,50,0,65,0,3,3,0,6,0,18,53,0,71,0,0,0,71
03/28/2011,FTW,TX,ASW,CE,Towers with Radar,0,15,60,3,78,0,3,55,0,58,0,18,115,3,136,186,0,186,322
03/29/2011,FTW,TX,ASW,CE,Towers with Radar,0,10,57,4,71,0,1,0,0,1,0,11,57,4,72,0,0,0,72
03/30/2011,FTW,TX,ASW,CE,Towers with Radar,0,16,84,1,101,0,2,57,0,59,0,18,141,1,160,112,0,112,272
03/31/2011,FTW,TX,ASW,CE,Towers with Radar,0,12,75,2,89,0,1,82,0,83,0,13,157,2,172,106,0,106,278
04/01/2011,FTW,TX,ASW,CE,Towers with Radar,0,11,51,5,67,0,5,92,1,98,0,16,143,6,165,78,0,78,243
04/02/2011,FTW,TX,ASW,CE,Towers with Radar,0,12,33,0,45,0,3,80,0,83,0,15,113,0,128,52,0,52,180
04/03/2011,FTW,TX,ASW,CE,Towers with Radar,0,8,39,1,48,0,4,30,0,34,0,12,69,1,82,28,0,28,110
04/04/2011,FTW,TX,ASW,CE,Towers with Radar,0,22,34,0,56,0,5,18,0,23,0,27,52,0,79,18,0,18,97
04/05/2011,FTW,TX,ASW,CE,Towers with Radar,0,17,54,6,77,0,6,82,0,88,0,23,136,6,165,44,6,50,215
04/06/2011,FTW,TX,ASW,CE,Towers with Radar,0,14,64,8,86,0,4,68,0,72,0,18,132,8,158,58,0,58,216
04/07/2011,FTW,TX,ASW,CE,Towers with Radar,0,18,104,4,126,0,1,56,0,57,0,19,160,4,183,24,0,24,207
04/08/2011,FTW,TX,ASW,CE,Towers with Radar,0,26,90,1,117,0,4,96,1,101,0,30,186,2,218,118,0,118,336
04/09/2011,FTW,TX,ASW,CE,Towers with Radar,0,18,55,0,73,0,20,65,0,85,0,38,120,0,158,36,0,36,194
04/10/2011,FTW,TX,ASW,CE,Towers with Radar,0,26,62,0,88,0,3,27,2,32,0,29,89,2,120,14,0,14,134
04/11/2011,FTW,TX,ASW,CE,Towers with Radar,0,21,58,1,80,0,2,43,0,45,0,23,101,1,125,34,0,34,159
04/12/2011,FTW,TX,ASW,CE,Towers with Radar,0,18,70,2,90,0,8,111,0,119,0,26,181,2,209,260,0,260,469
04/13/2011,FTW,TX,ASW,CE,Towers with Radar,0,24,62,5,91,0,6,159,9,174,0,30,221,14,265,126,0,126,391
04/14/2011,FTW,TX,ASW,CE,Towers with Radar,0,14,85,3,102,0,2,49,0,51,0,16,134,3,153,82,0,82,235
04/15/2011,FTW,TX,ASW,CE,Towers with Radar,0,7,48,2,57,0,6,40,2,48,0,13,88,4,105,26,0,26,131
04/16/2011,FTW,TX,ASW,CE,Towers with Radar,0,5,35,0,40,0,2,74,0,76,0,7,109,0,116,112,0,112,228
04/17/2011,FTW,TX,ASW,CE,Towers with Radar,0,20,97,2,119,0,7,73,2,82,0,27,170,4,201,0,0,0,201
04/18/2011,FTW,TX,ASW,CE,Towers with Radar,0,16,59,1,76,0,5,57,4,66,0,21,116,5,142,36,0,36,178
04/19/2011,FTW,TX,ASW,CE,Towers with Radar,0,28,86,2,116,0,6,43,0,49,0,34,129,2,165,22,0,22,187
04/20/2011,FTW,TX,ASW,CE,Towers with Radar,0,18,104,4,126,0,1,15,0,16,0,19,119,4,142,30,0,30,172
04/21/2011,FTW,TX,ASW,CE,Towers with Radar,0,24,90,0,114,0,2,9,0,11,0,26,99,0,125,14,0,14,139
04/22/2011,FTW,TX,ASW,CE,Towers with Radar,0,16,63,1,80,0,4,63,1,68,0,20,126,2,148,70,0,70,218
04/23/2011,FTW,TX,ASW,CE,Towers with Radar,0,2,30,0,32,0,4,28,0,32,0,6,58,0,64,36,0,36,100
04/24/2011,FTW,TX,ASW,CE,Towers with Radar,0,11,34,1,46,0,2,15,2,19,0,13,49,3,65,0,0,0,65
04/25/2011,FTW,TX,ASW,CE,Towers with Radar,0,17,48,0,65,0,2,19,0,21,0,19,67,0,86,0,0,0,86
04/26/2011,FTW,TX,ASW,CE,Towers with Radar,0,11,65,1,77,0,7,37,0,44,0,18,102,1,121,34,0,34,155
04/27/2011,FTW,TX,ASW,CE,Towers with Radar,0,15,72,1,88,0,1,32,1,34,0,16,104,2,122,78,6,84,206
04/28/2011,FTW,TX,ASW,CE,Towers with Radar,0,23,60,1,84,0,4,132,0,136,0,27,192,1,220,128,0,128,348
04/29/2011,FTW,TX,ASW,CE,Towers with Radar,0,23,84,0,107,0,4,74,0,78,0,27,158,0,185,10,0,10,195
04/30/2011,FTW,TX,ASW,CE,Towers with Radar,0,13,49,1,63,0,7,43,1,51,0,20,92,2,114,26,0,26,140
05/01/2011,FTW,TX,ASW,CE,Towers with Radar,0,11,41,0,52,0,3,4,0,7,0,14,45,0,59,0,0,0,59
05/02/2011,FTW,TX,ASW,CE,Towers with Radar,0,13,37,1,51,0,2,1,0,3,0,15,38,1,54,2,0,2,56
05/03/2011,FTW,TX,ASW,CE,Towers with Radar,0,10,70,5,85,0,3,89,1,93,0,13,159,6,178,60,0,60,238
05/04/2011,FTW,TX,ASW,CE,Towers with Radar,0,14,52,2,68,0,4,119,0,123,0,18,171,2,191,198,0,198,389
05/05/2011,FTW,TX,ASW,CE,Towers with Radar,0,28,50,0,78,0,3,86,0,89,0,31,136,0,167,78,0,78,245
05/06/2011,FTW,TX,ASW,CE,Towers with Radar,0,26,71,2,99,0,9,117,0,126,0,35,188,2,225,84,0,84,309
05/07/2011,FTW,TX,ASW,CE,Towers with Radar,0,8,50,1,59,0,3,72,0,75,0,11,122,1,134,40,0,40,174
05/08/2011,FTW,TX,ASW,CE,Towers with Radar,0,14,54,0,68,0,2,21,0,23,0,16,75,0,91,2,0,2,93
05/09/2011,FTW,TX,ASW,CE,Towers with Radar,0,12,57,1,70,0,0,36,0,36,0,12,93,1,106,4,0,4,110
05/10/2011,FTW,TX,ASW,CE,Towers with Radar,0,25,61,1,87,0,3,26,0,29,0,28,87,1,116,6,0,6,122
05/11/2011,FTW,TX,ASW,CE,Towers with Radar,0,20,77,2,99,0,5,14,0,19,0,25,91,2,118,8,0,8,126
05/12/2011,FTW,TX,ASW,CE,Towers with Radar,0,24,86,1,111,0,3,22,0,25,0,27,108,1,136,48,0,48,184
05/13/2011,FTW,TX,ASW,CE,Towers with Radar,0,22,55,6,83,0,6,98,2,106,0,28,153,8,189,56,0,56,245
05/14/2011,FTW,TX,ASW,CE,Towers with Radar,0,11,45,0,56,0,1,56,0,57,0,12,101,0,113,54,0,54,167
05/15/2011,FTW,TX,ASW,CE,Towers with Radar,0,11,46,2,59,0,12,63,0,75,0,23,109,2,134,58,0,58,192
05/16/2011,FTW,TX,ASW,CE,Towers with Radar,0,17,54,0,71,0,3,80,0,83,0,20,134,0,154,8,0,8,162
05/17/2011,FTW,TX,ASW,CE,Towers with Radar,2,22,71,0,95,0,3,114,0,117,2,25,185,0,212,36,0,36,248
05/18/2011,FTW,TX,ASW,CE,Towers with Radar,0,15,69,0,84,0,7,30,0,37,0,22,99,0,121,14,0,14,135
05/19/2011,FTW,TX,ASW,CE,Towers with Radar,0,24,81,0,105,0,4,49,0,53,0,28,130,0,158,54,0,54,212
05/20/2011,FTW,TX,ASW,CE,Towers with Radar,0,18,57,0,75,0,2,11,0,13,0,20,68,0,88,42,0,42,130
05/21/2011,FTW,TX,ASW,CE,Towers with Radar,0,13,52,0,65,0,4,37,0,41,0,17,89,0,106,26,0,26,132
05/22/2011,FTW,TX,ASW,CE,Towers with Radar,0,29,52,0,81,0,7,24,0,31,0,36,76,0,112,2,0,2,114
05/23/2011,FTW,TX,ASW,CE,Towers with Radar,0,13,56,0,69,0,3,8,0,11,0,16,64,0,80,10,0,10,90
05/24/2011,FTW,TX,ASW,CE,Towers with Radar,0,12,46,0,58,0,8,53,0,61,0,20,99,0,119,4,0,4,123
05/25/2011,FTW,TX,ASW,CE,Towers with Radar,0,24,73,1,98,0,10,75,1,86,0,34,148,2,184,116,0,116,300
05/26/2011,FTW,TX,ASW,CE,Towers with Radar,0,25,77,1,103,0,10,119,3,132,0,35,196,4,235,280,0,280,515
05/27/2011,FTW,TX,ASW,CE,Towers with Radar,0,25,78,8,111,0,2,77,0,79,0,27,155,8,190,70,0,70,260
05/28/2011,FTW,TX,ASW,CE,Towers with Radar,0,12,22,1,35,0,0,45,0,45,0,12,67,1,80,0,0,0,80
05/29/2011,FTW,TX,ASW,CE,Towers with Radar,0,8,19,0,27,0,1,20,0,21,0,9,39,0,48,0,0,0,48
05/30/2011,FTW,TX,ASW,CE,Towers with Radar,0,9,40,0,49,0,4,15,4,23,0,13,55,4,72,0,0,0,72
05/31/2011,FTW,TX,ASW,CE,Towers with Radar,0,15,68,2,85,0,1,48,0,49,0,16,116,2,134,62,0,62,196
06/01/2011,FTW,TX,ASW,CE,Towers with Radar,0,24,77,0,101,0,7,94,0,101,0,31,171,0,202,52,0,52,254
06/02/2011,FTW,TX,ASW,CE,Towers with Radar,0,27,69,2,98,0,1,76,0,77,0,28,145,2,175,64,0,64,239
06/03/2011,FTW,TX,ASW,CE,Towers with Radar,0,22,54,1,77,0,1,117,0,118,0,23,171,1,195,68,0,68,263
06/04/2011,FTW,TX,ASW,CE,Towers with Radar,0,12,30,0,42,0,4,94,0,98,0,16,124,0,140,90,0,90,230
06/05/2011,FTW,TX,ASW,CE,Towers with Radar,0,14,42,1,57,0,0,50,0,50,0,14,92,1,107,30,0,30,137
06/06/2011,FTW,TX,ASW,CE,Towers with Radar,0,8,54,0,62,0,8,62,0,70,0,16,116,0,132,96,0,96,228
06/07/2011,FTW,TX,ASW,CE,Towers with Radar,0,19,66,0,85,0,5,81,2,88,0,24,147,2,173,72,0,72,245
06/08/2011,FTW,TX,ASW,CE,Towers with Radar,0,26,52,4,82,0,1,87,1,89,0,27,139,5,171,40,0,40,211
06/09/2011,FTW,TX,ASW,CE,Towers with Radar,0,21,61,1,83,0,5,108,0,113,0,26,169,1,196,104,0,104,300
06/10/2011,FTW,TX,ASW,CE,Towers with Radar,0,23,60,0,83,0,3,112,0,115,0,26,172,0,198,110,0,110,308
06/11/2011,FTW,TX,ASW,CE,Towers with Radar,0,16,34,4,54,0,6,178,0,184,0,22,212,4,238,64,0,64,302
06/12/2011,FTW,TX,ASW,CE,Towers with Radar,0,19,49,0,68,0,2,71,0,73,0,21,120,0,141,0,0,0,141
06/13/2011,FTW,TX,ASW,CE,Towers with Radar,0,21,59,3,83,0,1,57,2,60,0,22,116,5,143,98,0,98,241
06/14/2011,FTW,TX,ASW,CE,Towers with Radar,0,20,67,0,87,0,4,61,2,67,0,24,128,2,154,28,0,28,182
06/15/2011,FTW,TX,ASW,CE,Towers with Radar,0,19,69,2,90,0,7,80,4,91,0,26,149,6,181,178,0,178,359
06/16/2011,FTW,TX,ASW,CE,Towers with Radar,0,42,63,7,112,0,3,90,0,93,0,45,153,7,205,26,0,26,231
06/17/2011,FTW,TX,ASW,CE,Towers with Radar,0,14,75,0,89,0,1,63,0,64,0,15,138,0,153,42,0,42,195
06/18/2011,FTW,TX,ASW,CE,Towers with Radar,0,11,34,0,45,0,1,41,0,42,0,12,75,0,87,22,0,22,109
06/19/2011,FTW,TX,ASW,CE,Towers with Radar,0,21,39,4,64,0,0,23,1,24,0,21,62,5,88,0,0,0,88
06/20/2011,FTW,TX,ASW,CE,Towers with Radar,0,11,38,0,49,0,0,27,0,27,0,11,65,0,76,10,0,10,86
06/21/2011,FTW,TX,ASW,CE,Towers with Radar,0,19,59,0,78,0,2,60,0,62,0,21,119,0,140,54,0,54,194
06/22/2011,FTW,TX,ASW,CE,Towers with Radar,0,29,44,0,73,0,5,95,0,100,0,34,139,0,173,170,0,170,343
06/23/2011,FTW,TX,ASW,CE,Towers with Radar,0,26,66,0,92,0,1,149,0,150,0,27,215,0,242,90,0,90,332
06/24/2011,FTW,TX,ASW,CE,Towers with Radar,0,17,49,1,67,0,3,81,0,84,0,20,130,1,151,164,0,164,315
06/25/2011,FTW,TX,ASW,CE,Towers with Radar,0,10,34,0,44,0,1,52,0,53,0,11,86,0,97,40,0,40,137
06/26/2011,FTW,TX,ASW,CE,Towers with Radar,0,19,60,0,79,0,0,50,2,52,0,19,110,2,131,12,0,12,143
06/27/2011,FTW,TX,ASW,CE,Towers with Radar,0,30,61,0,91,0,3,54,0,57,0,33,115,0,148,56,0,56,204
06/28/2011,FTW,TX,ASW,CE,Towers with Radar,0,21,82,1,104,0,0,92,0,92,0,21,174,1,196,78,0,78,274
06/29/2011,FTW,TX,ASW,CE,Towers with Radar,0,19,69,3,91,0,2,74,1,77,0,21,143,4,168,140,2,142,310
06/30/2011,FTW,TX,ASW,CE,Towers with Radar,0,25,62,0,87,0,3,99,3,105,0,28,161,3,192,144,8,152,344
07/01/2011,FTW,TX,ASW,CE,Towers with Radar,0,17,69,0,86,0,2,113,0,115,0,19,182,0,201,186,0,186,387
07/02/2011,FTW,TX,ASW,CE,Towers with Radar,0,12,34,0,46,0,0,86,0,86,0,12,120,0,132,22,0,22,154
07/03/2011,FTW,TX,ASW,CE,Towers with Radar,0,6,11,0,17,0,6,53,0,59,0,12,64,0,76,4,0,4,80
07/04/2011,FTW,TX,ASW,CE,Towers with Radar,0,8,17,0,25,0,4,47,0,51,0,12,64,0,76,12,0,12,88
07/05/2011,FTW,TX,ASW,CE,Towers with Radar,0,17,42,0,59,0,3,67,0,70,0,20,109,0,129,128,0,128,257
07/06/2011,FTW,TX,ASW,CE,Towers with Radar,0,17,53,4,74,0,2,75,0,77,0,19,128,4,151,170,0,170,321
07/07/2011,FTW,TX,ASW,CE,Towers with Radar,0,17,62,2,81,0,4,103,0,107,0,21,165,2,188,202,0,202,390
07/08/2011,FTW,TX,ASW,CE,Towers with Radar,0,22,40,2,64,0,0,80,0,80,0,22,120,2,144,156,0,156,300
07/09/2011,FTW,TX,ASW,CE,Towers with Radar,0,9,34,0,43,0,2,69,0,71,0,11,103,0,114,54,0,54,168
07/10/2011,FTW,TX,ASW,CE,Towers with Radar,0,21,41,2,64,0,1,42,0,43,0,22,83,2,107,0,0,0,107
07/11/2011,FTW,TX,ASW,CE,Towers with Radar,0,22,42,3,67,0,8,56,0,64,0,30,98,3,131,152,0,152,283
07/12/2011,FTW,TX,ASW,CE,Towers with Radar,0,9,52,0,61,0,1,77,1,79,0,10,129,1,140,98,0,98,238
07/13/2011,FTW,TX,ASW,CE,Towers with Radar,0,26,72,0,98,0,2,72,0,74,0,28,144,0,172,80,0,80,252
07/14/2011,FTW,TX,ASW,CE,Towers with Radar,0,13,67,6,86,0,2,88,1,91,0,15,155,7,177,126,0,126,303
07/15/2011,FTW,TX,ASW,CE,Towers with Radar,0,28,52,1,81,0,1,101,0,102,0,29,153,1,183,160,0,160,343
07/16/2011,FTW,TX,ASW,CE,Towers with Radar,0,18,36,0,54,0,5,85,0,90,0,23,121,0,144,26,0,26,170
07/17/2011,FTW,TX,ASW,CE,Towers with Radar,0,14,45,0,59,0,4,43,0,47,0,18,88,0,106,0,0,0,106
07/18/2011,FTW,TX,ASW,CE,Towers with Radar,0,15,38,2,55,0,1,56,0,57,0,16,94,2,112,74,0,74,186
07/19/2011,FTW,TX,ASW,CE,Towers with Radar,0,11,68,0,79,0,3,68,2,73,0,14,136,2,152,48,14,62,214
07/20/2011,FTW,TX,ASW,CE,Towers with Radar,0,15,69,4,88,0,8,65,2,75,0,23,134,6,163,92,0,92,255
07/21/2011,FTW,TX,ASW,CE,Towers with Radar,0,13,73,0,86,0,5,61,2,68,0,18,134,2,154,88,0,88,242
07/22/2011,FTW,TX,ASW,CE,Towers with Radar,0,17,58,1,76,0,3,104,0,107,0,20,162,1,183,94,0,94,277
07/23/2011,FTW,TX,ASW,CE,Towers with Radar,0,19,47,0,66,0,0,80,1,81,0,19,127,1,147,46,0,46,193
07/24/2011,FTW,TX,ASW,CE,Towers with Radar,0,10,45,0,55,0,3,37,0,40,0,13,82,0,95,0,0,0,95
07/25/2011,FTW,TX,ASW,CE,Towers with Radar,0,10,61,0,71,0,6,65,0,71,0,16,126,0,142,52,0,52,194
07/26/2011,FTW,TX,ASW,CE,Towers with Radar,0,13,52,0,65,0,0,69,0,69,0,13,121,0,134,54,0,54,188
07/27/2011,FTW,TX,ASW,CE,Towers with Radar,0,23,71,0,94,0,5,71,0,76,0,28,142,0,170,134,0,134,304
07/28/2011,FTW,TX,ASW,CE,Towers with Radar,0,18,72,2,92,0,6,101,0,107,0,24,173,2,199,140,0,140,339
07/29/2011,FTW,TX,ASW,CE,Towers with Radar,0,18,49,0,67,0,4,70,1,75,0,22,119,1,142,180,0,180,322
07/30/2011,FTW,TX,ASW,CE,Towers with Radar,0,13,40,0,53,0,0,36,0,36,0,13,76,0,89,30,0,30,119
07/31/2011,FTW,TX,ASW,CE,Towers with Radar,0,26,37,0,63,0,0,31,0,31,0,26,68,0,94,6,0,6,100
08/01/2011,FTW,TX,ASW,CE,Towers with Radar,0,16,43,1,60,0,2,47,3,52,0,18,90,4,112,14,0,14,126
08/02/2011,FTW,TX,ASW,CE,Towers with Radar,0,18,43,1,62,0,4,69,1,74,0,22,112,2,136,38,0,38,174
08/03/2011,FTW,TX,ASW,CE,Towers with Radar,0,19,63,0,82,0,0,69,0,69,0,19,132,0,151,52,0,52,203
08/04/2011,FTW,TX,ASW,CE,Towers with Radar,0,28,55,0,83,0,5,82,0,87,0,33,137,0,170,64,0,64,234
08/05/2011,FTW,TX,ASW,CE,Towers with Radar,0,23,52,2,77,0,0,69,1,70,0,23,121,3,147,122,0,122,269
08/06/2011,FTW,TX,ASW,CE,Towers with Radar,0,9,30,0,39,0,0,80,2,82,0,9,110,2,121,140,0,140,261
08/07/2011,FTW,TX,ASW,CE,Towers with Radar,0,18,54,2,74,0,2,44,1,47,0,20,98,3,121,8,0,8,129
08/08/2011,FTW,TX,ASW,CE,Towers with Radar,0,13,37,0,50,0,1,46,0,47,0,14,83,0,97,58,0,58,155
08/09/2011,FTW,TX,ASW,CE,Towers with Radar,0,13,42,0,55,0,2,48,2,52,0,15,90,2,107,32,10,42,149
08/10/2011,FTW,TX,ASW,CE,Towers with Radar,0,21,75,0,96,0,0,157,1,158,0,21,232,1,254,68,0,68,322
08/11/2011,FTW,TX,ASW,CE,Towers with Radar,0,31,83,0,114,0,1,91,0,92,0,32,174,0,206,224,0,224,430
08/12/2011,FTW,TX,ASW,CE,Towers with Radar,0,26,57,1,84,0,3,70,0,73,0,29,127,1,157,218,0,218,375
08/13/2011,FTW,TX,ASW,CE,Towers with Radar,0,14,43,2,59,0,0,15,0,15,0,14,58,2,74,10,0,10,84
08/14/2011,FTW,TX,ASW,CE,Towers with Radar,0,19,48,0,67,0,3,39,0,42,0,22,87,0,109,12,0,12,121
08/15/2011,FTW,TX,ASW,CE,Towers with Radar,0,11,49,0,60,0,2,79,0,81,0,13,128,0,141,88,0,88,229
08/16/2011,FTW,TX,ASW,CE,Towers with Radar,0,21,59,1,81,0,0,77,0,77,0,21,136,1,158,106,0,106,264
08/17/2011,FTW,TX,ASW,CE,Towers with Radar,0,27,77,0,104,0,3,98,0,101,0,30,175,0,205,40,0,40,245
08/18/2011,FTW,TX,ASW,CE,Towers with Radar,0,18,64,0,82,0,0,72,0,72,0,18,136,0,154,136,0,136,290
08/19/2011,FTW,TX,ASW,CE,Towers with Radar,0,24,51,0,75,0,0,98,0,98,0,24,149,0,173,152,0,152,325
08/20/2011,FTW,TX,ASW,CE,Towers with Radar,0,7,32,0,39,0,0,40,0,40,0,7,72,0,79,62,0,62,141
08/21/2011,FTW,TX,ASW,CE,Towers with Radar,0,12,48,3,63,0,0,37,1,38,0,12,85,4,101,8,0,8,109
08/22/2011,FTW,TX,ASW,CE,Towers with Radar,0,16,46,0,62,0,2,52,0,54,0,18,98,0,116,92,0,92,208
08/23/2011,FTW,TX,ASW,CE,Towers with Radar,0,14,40,0,54,0,0,47,0,47,0,14,87,0,101,64,0,64,165
08/24/2011,FTW,TX,ASW,CE,Towers with Radar,0,23,57,1,81,0,0,58,0,58,0,23,115,1,139,196,0,196,335
08/25/2011,FTW,TX,ASW,CE,Towers with Radar,0,20,70,0,90,0,0,80,2,82,0,20,150,2,172,122,0,122,294
08/26/2011,FTW,TX,ASW,CE,Towers with Radar,0,24,69,1,94,0,2,104,0,106,0,26,173,1,200,172,0,172,372
08/27/2011,FTW,TX,ASW,CE,Towers with Radar,0,18,26,0,44,0,2,66,0,68,0,20,92,0,112,24,0,24,136
08/28/2011,FTW,TX,ASW,CE,Towers with Radar,0,11,33,0,44,0,2,39,0,41,0,13,72,0,85,24,0,24,109
08/29/2011,FTW,TX,ASW,CE,Towers with Radar,0,15,47,3,65,0,3,42,0,45,0,18,89,3,110,98,0,98,208
08/30/2011,FTW,TX,ASW,CE,Towers with Radar,0,27,49,0,76,0,11,48,2,61,0,38,97,2,137,50,0,50,187
08/31/2011,FTW,TX,ASW,CE,Towers with Radar,0,18,54,10,82,0,4,66,2,72,0,22,120,12,154,74,0,74,228
09/01/2011,FTW,TX,ASW,CE,Towers with Radar,0,21,80,0,101,0,5,83,0,88,0,26,163,0,189,86,0,86,275
09/02/2011,FTW,TX,ASW,CE,Towers with Radar,0,33,71,1,105,0,4,79,0,83,0,37,150,1,188,200,0,200,388
09/03/2011,FTW,TX,ASW,CE,Towers with Radar,0,12,34,0,46,0,2,51,0,53,0,14,85,0,99,48,0,48,147
09/04/2011,FTW,TX,ASW,CE,Towers with Radar,0,10,26,0,36,0,0,6,0,6,0,10,32,0,42,0,0,0,42
09/05/2011,FTW,TX,ASW,CE,Towers with Radar,0,24,56,0,80,0,2,44,0,46,0,26,100,0,126,28,0,28,154
09/06/2011,FTW,TX,ASW,CE,Towers with Radar,0,29,69,1,99,0,4,84,0,88,0,33,153,1,187,110,0,110,297
09/07/2011,FTW,TX,ASW,CE,Towers with Radar,0,26,56,2,84,0,3,63,3,69,0,29,119,5,153,102,6,108,261
09/08/2011,FTW,TX,ASW,CE,Towers with Radar,0,41,68,2,111,0,3,63,3,69,0,44,131,5,180,84,0,84,264
09/09/2011,FTW,TX,ASW,CE,Towers with Radar,0,14,60,1,75,0,2,68,3,73,0,16,128,4,148,190,0,190,338
09/10/2011,FTW,TX,ASW,CE,Towers with Radar,0,12,49,1,62,0,2,54,0,56,0,14,103,1,118,68,0,68,186
09/11/2011,FTW,TX,ASW,CE,Towers with Radar,0,23,39,1,63,0,0,34,1,35,0,23,73,2,98,6,0,6,104
09/12/2011,FTW,TX,ASW,CE,Towers with Radar,0,16,33,1,50,0,0,37,1,38,0,16,70,2,88,86,0,86,174
09/13/2011,FTW,TX,ASW,CE,Towers with Radar,0,17,47,0,64,0,5,80,3,88,0,22,127,3,152,28,0,28,180
09/14/2011,FTW,TX,ASW,CE,Towers with Radar,0,23,48,0,71,0,3,49,1,53,0,26,97,1,124,82,4,86,210
09/15/2011,FTW,TX,ASW,CE,Towers with Radar,0,19,55,1,75,0,4,62,4,70,0,23,117,5,145,150,0,150,295
09/16/2011,FTW,TX,ASW,CE,Towers with Radar,0,22,56,0,78,0,0,65,0,65,0,22,121,0,143,66,0,66,209
09/17/2011,FTW,TX,ASW,CE,Towers with Radar,0,17,58,0,75,0,0,27,0,27,0,17,85,0,102,136,0,136,238
09/18/2011,FTW,TX,ASW,CE,Towers with Radar,0,19,50,0,69,0,1,36,0,37,0,20,86,0,106,2,0,2,108
09/19/2011,FTW,TX,ASW,CE,Towers with Radar,0,21,59,1,81,0,0,62,0,62,0,21,121,1,143,76,0,76,219
09/20/2011,FTW,TX,ASW,CE,Towers with Radar,0,22,50,0,72,0,3,57,0,60,0,25,107,0,132,116,0,116,248
09/21/2011,FTW,TX,ASW,CE,Towers with Radar,0,20,54,3,77,0,1,53,0,54,0,21,107,3,131,60,0,60,191
09/22/2011,FTW,TX,ASW,CE,Towers with Radar,0,13,97,1,111,0,2,39,1,42,0,15,136,2,153,58,4,62,215
09/23/2011,FTW,TX,ASW,CE,Towers with Radar,0,19,91,3,113,0,2,117,5,124,0,21,208,8,237,188,0,188,425
09/24/2011,FTW,TX,ASW,CE,Towers with Radar,0,12,41,0,53,0,2,68,0,70,0,14,109,0,123,50,0,50,173
09/25/2011,FTW,TX,ASW,CE,Towers with Radar,0,12,91,3,106,0,0,49,0,49,0,12,140,3,155,16,0,16,171
09/26/2011,FTW,TX,ASW,CE,Towers with Radar,0,29,56,1,86,0,1,66,0,67,0,30,122,1,153,36,0,36,189
09/27/2011,FTW,TX,ASW,CE,Towers with Radar,0,26,80,0,106,0,3,47,3,53,0,29,127,3,159,46,0,46,205
09/28/2011,FTW,TX,ASW,CE,Towers with Radar,0,19,72,0,91,0,3,69,0,72,0,22,141,0,163,52,0,52,215
09/29/2011,FTW,TX,ASW,CE,Towers with Radar,0,18,70,0,88,0,4,90,0,94,0,22,160,0,182,160,0,160,342
09/30/2011,FTW,TX,ASW,CE,Towers with Radar,0,28,66,0,94,0,3,78,0,81,0,31,144,0,175,86,0,86,261
10/01/2011,FTW,TX,ASW,CE,Towers with Radar,0,12,39,0,51,0,0,75,0,75,0,12,114,0,126,94,0,94,220
10/02/2011,FTW,TX,ASW,CE,Towers with Radar,0,20,52,2,74,0,2,56,0,58,0,22,108,2,132,6,0,6,138
10/03/2011,FTW,TX,ASW,CE,Towers with Radar,0,17,55,1,73,0,3,76,2,81,0,20,131,3,154,96,6,102,256
10/04/2011,FTW,TX,ASW,CE,Towers with Radar,0,26,42,0,68,0,3,61,1,65,0,29,103,1,133,98,0,98,231
10/05/2011,FTW,TX,ASW,CE,Towers with Radar,0,21,59,9,89,0,0,79,0,79,0,21,138,9,168,124,0,124,292
10/06/2011,FTW,TX,ASW,CE,Towers with Radar,0,29,68,0,97,0,1,43,0,44,0,30,111,0,141,74,0,74,215
10/07/2011,FTW,TX,ASW,CE,Towers with Radar,0,32,95,1,128,0,1,33,0,34,0,33,128,1,162,64,0,64,226
10/08/2011,FTW,TX,ASW,CE,Towers with Radar,0,7,33,0,40,0,1,12,2,15,0,8,45,2,55,40,0,40,95
10/09/2011,FTW,TX,ASW,CE,Towers with Radar,0,16,39,1,56,0,0,1,0,1,0,16,40,1,57,8,0,8,65
10/10/2011,FTW,TX,ASW,CE,Towers with Radar,0,27,79,2,108,0,2,29,0,31,0,29,108,2,139,32,0,32,171
10/11/2011,FTW,TX,ASW,CE,Towers with Radar,0,10,65,0,75,0,0,109,0,109,0,10,174,0,184,154,0,154,338
10/12/2011,FTW,TX,ASW,CE,Towers with Radar,0,21,64,2,87,0,0,103,0,103,0,21,167,2,190,114,0,114,304
10/13/2011,FTW,TX,ASW,CE,Towers with Radar,0,17,70,3,90,0,5,121,0,126,0,22,191,3,216,142,0,142,358
10/14/2011,FTW,TX,ASW,CE,Towers with Radar,0,31,72,4,107,0,1,122,1,124,0,32,194,5,231,82,0,82,313
10/15/2011,FTW,TX,ASW,CE,Towers with Radar,0,20,37,0,57,0,2,97,0,99,0,22,134,0,156,32,0,32,188
10/16/2011,FTW,TX,ASW,CE,Towers with Radar,0,24,52,0,76,0,2,50,1,53,0,26,102,1,129,20,0,20,149
10/17/2011,FTW,TX,ASW,CE,Towers with Radar,0,16,58,0,74,0,3,64,0,67,0,19,122,0,141,65,0,65,206
10/18/2011,FTW,TX,ASW,CE,Towers with Radar,0,22,47,0,69,0,3,39,0,42,0,25,86,0,111,80,0,80,191
10/19/2011,FTW,TX,ASW,CE,Towers with Radar,0,33,66,0,99,0,4,87,0,91,0,37,153,0,190,102,0,102,292
10/20/2011,FTW,TX,ASW,CE,Towers with Radar,0,31,74,0,105,0,4,90,0,94,0,35,164,0,199,142,0,142,341
10/21/2011,FTW,TX,ASW,CE,Towers with Radar,0,26,56,3,85,0,6,113,2,121,0,32,169,5,206,82,0,82,288
10/22/2011,FTW,TX,ASW,CE,Towers with Radar,0,4,39,0,43,0,4,77,0,81,0,8,116,0,124,108,0,108,232
10/23/2011,FTW,TX,ASW,CE,Towers with Radar,0,16,90,0,106,0,3,56,0,59,0,19,146,0,165,54,0,54,219
10/24/2011,FTW,TX,ASW,CE,Towers with Radar,0,16,81,3,100,0,5,44,0,49,0,21,125,3,149,28,0,28,177
10/25/2011,FTW,TX,ASW,CE,Towers with Radar,0,23,96,0,119,0,7,102,0,109,0,30,198,0,228,76,0,76,304
10/26/2011,FTW,TX,ASW,CE,Towers with Radar,0,23,63,0,86,0,1,69,2,72,0,24,132,2,158,100,8,108,266
10/27/2011,FTW,TX,ASW,CE,Towers with Radar,0,19,66,0,85,0,2,21,0,23,0,21,87,0,108,50,0,50,158
10/28/2011,FTW,TX,ASW,CE,Towers with Radar,0,42,72,0,114,0,1,70,0,71,0,43,142,0,185,154,0,154,339
10/29/2011,FTW,TX,ASW,CE,Towers with Radar,0,22,37,1,60,0,0,89,0,89,0,22,126,1,149,142,0,142,291
10/30/2011,FTW,TX,ASW,CE,Towers with Radar,0,21,31,0,52,0,0,52,0,52,0,21,83,0,104,46,0,46,150
10/31/2011,FTW,TX,ASW,CE,Towers with Radar,2,22,34,10,68,0,0,73,1,74,2,22,107,11,142,78,0,78,220
11/01/2011,FTW,TX,ASW,CE,Towers with Radar,0,18,54,3,75,0,0,79,0,79,0,18,133,3,154,58,0,58,212
11/02/2011,FTW,TX,ASW,CE,Towers with Radar,0,24,86,0,110,0,6,40,0,46,0,30,126,0,156,88,0,88,244
11/03/2011,FTW,TX,ASW,CE,Towers with Radar,0,28,77,1,106,0,0,87,0,87,0,28,164,1,193,92,0,92,285
11/04/2011,FTW,TX,ASW,CE,Towers with Radar,0,18,65,1,84,0,3,103,0,106,0,21,168,1,190,210,0,210,400
11/05/2011,FTW,TX,ASW,CE,Towers with Radar,0,17,49,3,69,0,3,82,1,86,0,20,131,4,155,70,0,70,225
11/06/2011,FTW,TX,ASW,CE,Towers with Radar,0,14,80,0,94,0,9,20,0,29,0,23,100,0,123,12,0,12,135
11/07/2011,FTW,TX,ASW,CE,Towers with Radar,0,30,61,0,91,0,2,9,0,11,0,32,70,0,102,20,0,20,122
11/08/2011,FTW,TX,ASW,CE,Towers with Radar,0,22,54,3,79,0,2,25,0,27,0,24,79,3,106,68,0,68,174
11/09/2011,FTW,TX,ASW,CE,Towers with Radar,0,19,72,5,96,0,1,77,0,78,0,20,149,5,174,172,0,172,346
11/10/2011,FTW,TX,ASW,CE,Towers with Radar,0,24,56,0,80,0,2,141,1,144,0,26,197,1,224,182,0,182,406
11/11/2011,FTW,TX,ASW,CE,Towers with Radar,0,19,64,0,83,0,0,103,0,103,0,19,167,0,186,114,0,114,300
11/12/2011,FTW,TX,ASW,CE,Towers with Radar,0,15,55,0,70,0,7,36,0,43,0,22,91,0,113,38,0,38,151
11/13/2011,FTW,TX,ASW,CE,Towers with Radar,0,16,61,1,78,0,2,30,4,36,0,18,91,5,114,4,0,4,118
11/14/2011,FTW,TX,ASW,CE,Towers with Radar,0,20,61,2,83,0,3,72,2,77,0,23,133,4,160,152,0,152,312
11/15/2011,FTW,TX,ASW,CE,Towers with Radar,2,27,76,2,107,0,5,66,1,72,2,32,142,3,179,134,0,134,313
11/16/2011,FTW,TX,ASW,CE,Towers with Radar,0,25,88,1,114,0,2,52,1,55,0,27,140,2,169,72,0,72,241
11/17/2011,FTW,TX,ASW,CE,Towers with Radar,0,36,78,6,120,0,1,142,0,143,0,37,220,6,263,174,0,174,437
11/18/2011,FTW,TX,ASW,CE,Towers with Radar,2,25,88,0,115,0,1,81,0,82,2,26,169,0,197,96,0,96,293
11/19/2011,FTW,TX,ASW,CE,Towers with Radar,2,25,63,0,90,0,3,44,0,47,2,28,107,0,137,72,0,72,209
11/20/2011,FTW,TX,ASW,CE,Towers with Radar,0,16,70,1,87,0,0,5,0,5,0,16,75,1,92,14,0,14,106
11/21/2011,FTW,TX,ASW,CE,Towers with Radar,0,13,49,1,63,0,0,0,0,0,0,13,49,1,63,0,0,0,63
11/22/2011,FTW,TX,ASW,CE,Towers with Radar,0,24,62,2,88,0,1,44,1,46,0,25,106,3,134,36,0,36,170
11/23/2011,FTW,TX,ASW,CE,Towers with Radar,0,22,57,0,79,0,4,118,3,125,0,26,175,3,204,104,2,106,310
11/24/2011,FTW,TX,ASW,CE,Towers with Radar,0,13,17,0,30,0,3,23,0,26,0,16,40,0,56,40,0,40,96
11/25/2011,FTW,TX,ASW,CE,Towers with Radar,0,10,61,1,72,0,1,32,0,33,0,11,93,1,105,20,0,20,125
11/26/2011,FTW,TX,ASW,CE,Towers with Radar,0,13,32,1,46,0,0,6,0,6,0,13,38,1,52,6,0,6,58
11/27/2011,FTW,TX,ASW,CE,Towers with Radar,1,27,67,0,95,0,2,23,0,25,1,29,90,0,120,10,0,10,130
11/28/2011,FTW,TX,ASW,CE,Towers with Radar,1,17,46,0,64,0,1,60,0,61,1,18,106,0,125,34,0,34,159
11/29/2011,FTW,TX,ASW,CE,Towers with Radar,0,19,50,0,69,0,7,108,1,116,0,26,158,1,185,118,6,124,309
11/30/2011,FTW,TX,ASW,CE,Towers with Radar,0,28,53,2,83,0,6,110,1,117,0,34,163,3,200,110,0,110,310
12/01/2011,FTW,TX,ASW,CE,Towers with Radar,0,19,85,0,104,0,2,74,0,76,0,21,159,0,180,174,0,174,354
12/02/2011,FTW,TX,ASW,CE,Towers with Radar,0,20,57,2,79,0,1,0,0,1,0,21,57,2,80,0,0,0,80
12/03/2011,FTW,TX,ASW,CE,Towers with Radar,2,16,28,0,46,0,0,1,0,1,2,16,29,0,47,2,0,2,49
12/04/2011,FTW,TX,ASW,CE,Towers with Radar,0,18,37,1,56,0,0,0,0,0,0,18,37,1,56,0,0,0,56
12/05/2011,FTW,TX,ASW,CE,Towers with Radar,0,20,36,0,56,0,14,6,0,20,0,34,42,0,76,0,0,0,76
12/06/2011,FTW,TX,ASW,CE,Towers with Radar,0,23,72,2,97,0,0,37,0,37,0,23,109,2,134,40,0,40,174
12/07/2011,FTW,TX,ASW,CE,Towers with Radar,0,29,71,2,102,0,0,122,0,122,0,29,193,2,224,126,0,126,350
12/08/2011,FTW,TX,ASW,CE,Towers with Radar,3,21,63,1,88,0,0,116,0,116,3,21,179,1,204,150,0,150,354
12/09/2011,FTW,TX,ASW,CE,Towers with Radar,0,30,76,6,112,0,1,29,0,30,0,31,105,6,142,220,0,220,362
12/10/2011,FTW,TX,ASW,CE,Towers with Radar,0,19,51,0,70,0,2,78,0,80,0,21,129,0,150,120,0,120,270
12/11/2011,FTW,TX,ASW,CE,Towers with Radar,0,30,64,0,94,0,5,48,0,53,0,35,112,0,147,6,0,6,153
12/12/2011,FTW,TX,ASW,CE,Towers with Radar,0,14,70,1,85,0,2,49,0,51,0,16,119,1,136,90,0,90,226
12/13/2011,FTW,TX,ASW,CE,Towers with Radar,0,21,77,1,99,0,2,0,0,2,0,23,77,1,101,0,0,0,101
12/14/2011,FTW,TX,ASW,CE,Towers with Radar,0,17,54,0,71,0,1,2,0,3,0,18,56,0,74,0,0,0,74
12/15/2011,FTW,TX,ASW,CE,Towers with Radar,0,17,72,2,91,0,2,11,0,13,0,19,83,2,104,2,0,2,106
12/16/2011,FTW,TX,ASW,CE,Towers with Radar,0,27,56,0,83,0,0,85,0,85,0,27,141,0,168,48,0,48,216
12/17/2011,FTW,TX,ASW,CE,Towers with Radar,1,25,44,0,70,0,0,96,0,96,1,25,140,0,166,88,0,88,254
12/18/2011,FTW,TX,ASW,CE,Towers with Radar,0,10,40,0,50,0,1,25,0,26,0,11,65,0,76,14,0,14,90
12/19/2011,FTW,TX,ASW,CE,Towers with Radar,6,24,49,0,79,0,0,0,0,0,6,24,49,0,79,0,0,0,79
12/20/2011,FTW,TX,ASW,CE,Towers with Radar,0,17,62,5,84,0,3,58,0,61,0,20,120,5,145,34,0,34,179
12/21/2011,FTW,TX,ASW,CE,Towers with Radar,0,18,60,2,80,0,3,127,1,131,0,21,187,3,211,156,28,184,395
12/22/2011,FTW,TX,ASW,CE,Towers with Radar,4,18,61,0,83,0,0,154,2,156,4,18,215,2,239,140,0,140,379
12/23/2011,FTW,TX,ASW,CE,Towers with Radar,0,18,52,0,70,0,0,22,0,22,0,18,74,0,92,40,0,40,132
12/24/2011,FTW,TX,ASW,CE,Towers with Radar,0,6,9,0,15,0,1,6,0,7,0,7,15,0,22,0,0,0,22
12/25/2011,FTW,TX,ASW,CE,Towers with Radar,0,14,3,0,17,0,0,1,0,1,0,14,4,0,18,0,0,0,18
12/26/2011,FTW,TX,ASW,CE,Towers with Radar,0,26,56,0,82,0,2,20,0,22,0,28,76,0,104,24,0,24,128
12/27/2011,FTW,TX,ASW,CE,Towers with Radar,0,25,49,0,74,0,2,88,0,90,0,27,137,0,164,116,0,116,280
12/28/2011,FTW,TX,ASW,CE,Towers with Radar,0,14,58,0,72,0,0,102,2,104,0,14,160,2,176,76,0,76,252
12/29/2011,FTW,TX,ASW,CE,Towers with Radar,0,26,46,0,72,0,1,87,0,88,0,27,133,0,160,142,0,142,302
12/30/2011,FTW,TX,ASW,CE,Towers with Radar,0,13,34,2,49,0,2,101,0,103,0,15,135,2,152,30,0,30,182
12/31/2011,FTW,TX,ASW,CE,Towers with Radar,0,5,25,0,30,0,5,85,0,90,0,10,110,0,120,98,0,98,218
01/01/2012,FTW,TX,ASW,CE,Towers with Radar,0,11,34,0,45,0,2,26,0,28,0,13,60,0,73,12,0,12,85
01/02/2012,FTW,TX,ASW,CE,Towers with Radar,0,10,63,0,73,0,0,41,0,41,0,10,104,0,114,0,0,0,114
01/03/2012,FTW,TX,ASW,CE,Towers with Radar,1,19,52,0,72,0,0,63,0,63,1,19,115,0,135,8,0,8,143
01/04/2012,FTW,TX,ASW,CE,Towers with Radar,0,10,42,0,52,0,2,94,0,96,0,12,136,0,148,82,0,82,230
01/05/2012,FTW,TX,ASW,CE,Towers with Radar,0,11,64,2,77,0,3,105,0,108,0,14,169,2,185,114,0,114,299
01/06/2012,FTW,TX,ASW,CE,Towers with Radar,0,19,62,0,81,0,6,74,0,80,0,25,136,0,161,110,0,110,271
01/07/2012,FTW,TX,ASW,CE,Towers with Radar,0,6,57,0,63,0,1,60,0,61,0,7,117,0,124,118,0,118,242
01/08/2012,FTW,TX,ASW,CE,Towers with Radar,0,9,60,0,69,0,0,9,0,9,0,9,69,0,78,8,0,8,86
01/09/2012,FTW,TX,ASW,CE,Towers with Radar,0,19,26,0,45,0,0,3,0,3,0,19,29,0,48,28,0,28,76
01/10/2012,FTW,TX,ASW,CE,Towers with Radar,2,23,56,0,81,0,1,9,1,11,2,24,65,1,92,0,0,0,92
01/11/2012,FTW,TX,ASW,CE,Towers with Radar,0,12,68,2,82,0,3,93,3,99,0,15,161,5,181,168,0,168,349
01/12/2012,FTW,TX,ASW,CE,Towers with Radar,0,29,60,0,89,0,2,69,0,71,0,31,129,0,160,84,0,84,244
01/13/2012,FTW,TX,ASW,CE,Towers with Radar,0,14,56,3,73,0,3,133,0,136,0,17,189,3,209,274,0,274,483
01/14/2012,FTW,TX,ASW,CE,Towers with Radar,0,15,36,1,52,0,2,172,0,174,0,17,208,1,226,220,0,220,446
01/15/2012,FTW,TX,ASW,CE,Towers with Radar,0,16,33,0,49,0,2,28,0,30,0,18,61,0,79,6,0,6,85
01/16/2012,FTW,TX,ASW,CE,Towers with Radar,0,22,47,2,71,0,0,24,0,24,0,22,71,2,95,2,0,2,97
01/17/2012,FTW,TX,ASW,CE,Towers with Radar,0,19,63,0,82,0,0,73,0,73,0,19,136,0,155,62,0,62,217
01/18/2012,FTW,TX,ASW,CE,Towers with Radar,0,41,63,1,105,0,3,97,0,100,0,44,160,1,205,158,0,158,363
01/19/2012,FTW,TX,ASW,CE,Towers with Radar,0,11,76,0,87,0,1,124,0,125,0,12,200,0,212,48,0,48,260
01/20/2012,FTW,TX,ASW,CE,Towers with Radar,0,8,58,2,68,0,2,95,0,97,0,10,153,2,165,82,0,82,247
01/21/2012,FTW,TX,ASW,CE,Towers with Radar,0,7,27,0,34,0,2,69,0,71,0,9,96,0,105,88,0,88,193
01/22/2012,FTW,TX,ASW,CE,Towers with Radar,1,15,38,1,55,0,0,18,1,19,1,15,56,2,74,0,0,0,74
01/23/2012,FTW,TX,ASW,CE,Towers with Radar,1,20,65,0,86,0,6,77,0,83,1,26,142,0,169,114,0,114,283
01/24/2012,FTW,TX,ASW,CE,Towers with Radar,0,11,44,1,56,0,2,53,0,55,0,13,97,1,111,56,0,56,167
01/25/2012,FTW,TX,ASW,CE,Towers with Radar,0,19,41,2,62,0,0,0,0,0,0,19,41,2,62,0,0,0,62
01/26/2012,FTW,TX,ASW,CE,Towers with Radar,0,18,67,1,86,0,0,88,1,89,0,18,155,2,175,84,0,84,259
01/27/2012,FTW,TX,ASW,CE,Towers with Radar,0,17,52,3,72,0,11,99,1,111,0,28,151,4,183,158,0,158,341
01/28/2012,FTW,TX,ASW,CE,Towers with Radar,0,9,32,0,41,0,4,87,0,91,0,13,119,0,132,210,0,210,342
01/29/2012,FTW,TX,ASW,CE,Towers with Radar,0,14,37,0,51,0,0,56,1,57,0,14,93,1,108,36,0,36,144
01/30/2012,FTW,TX,ASW,CE,Towers with Radar,0,15,59,5,79,0,5,79,1,85,0,20,138,6,164,85,6,91,255
01/31/2012,FTW,TX,ASW,CE,Towers with Radar,0,21,70,2,93,0,7,54,0,61,0,28,124,2,154,138,0,138,292
02/01/2012,FTW,TX,ASW,CE,Towers with Radar,0,17,70,4,91,0,2,87,0,89,0,19,157,4,180,120,0,120,300
02/02/2012,FTW,TX,ASW,CE,Towers with Radar,0,26,70,0,96,0,3,21,0,24,0,29,91,0,120,134,0,134,254
02/03/2012,FTW,TX,ASW,CE,Towers with Radar,0,24,58,1,83,0,0,5,0,5,0,24,63,1,88,0,0,0,88
02/04/2012,FTW,TX,ASW,CE,Towers with Radar,0,14,50,0,64,0,3,74,0,77,0,17,124,0,141,72,0,72,213
02/05/2012,FTW,TX,ASW,CE,Towers with Radar,1,10,40,1,52,0,1,12,0,13,1,11,52,1,65,26,0,26,91
02/06/2012,FTW,TX,ASW,CE,Towers with Radar,0,23,45,0,68,0,6,63,0,69,0,29,108,0,137,102,0,102,239
02/07/2012,FTW,TX,ASW,CE,Towers with Radar,0,30,78,2,110,0,3,89,0,92,0,33,167,2,202,142,0,142,344
02/08/2012,FTW,TX,ASW,CE,Towers with Radar,0,22,96,1,119,0,5,25,0,30,0,27,121,1,149,146,0,146,295
02/09/2012,FTW,TX,ASW,CE,Towers with Radar,0,26,94,4,124,0,1,92,2,95,0,27,186,6,219,144,8,152,371
02/10/2012,FTW,TX,ASW,CE,Towers with Radar,1,19,73,2,95,0,1,85,3,89,1,20,158,5,184,168,16,184,368
02/11/2012,FTW,TX,ASW,CE,Towers with Radar,0,10,38,0,48,0,6,40,0,46,0,16,78,0,94,12,0,12,106
02/12/2012,FTW,TX,ASW,CE,Towers with Radar,0,13,66,3,82,0,1,21,0,22,0,14,87,3,104,28,0,28,132
02/13/2012,FTW,TX,ASW,CE,Towers with Radar,0,12,41,0,53,0,1,2,0,3,0,13,43,0,56,0,0,0,56
02/14/2012,FTW,TX,ASW,CE,Towers with Radar,0,14,51,1,66,0,0,29,0,29,0,14,80,1,95,24,0,24,119
02/15/2012,FTW,TX,ASW,CE,Towers with Radar,0,32,70,0,102,0,1,24,0,25,0,33,94,0,127,2,0,2,129
02/16/2012,FTW,TX,ASW,CE,Towers with Radar,0,14,72,0,86,0,3,69,0,72,0,17,141,0,158,194,0,194,352
02/17/2012,FTW,TX,ASW,CE,Towers with Radar,0,19,68,2,89,0,0,32,0,32,0,19,100,2,121,60,0,60,181
02/18/2012,FTW,TX,ASW,CE,Towers with Radar,0,13,22,0,35,0,0,2,0,2,0,13,24,0,37,0,0,0,37
02/19/2012,FTW,TX,ASW,CE,Towers with Radar,0,6,49,0,55,0,0,21,0,21,0,6,70,0,76,20,0,20,96
02/20/2012,FTW,TX,ASW,CE,Towers with Radar,0,21,51,0,72,0,2,40,0,42,0,23,91,0,114,40,0,40,154
02/21/2012,FTW,TX,ASW,CE,Towers with Radar,0,23,51,0,74,0,0,74,0,74,0,23,125,0,148,110,0,110,258
02/22/2012,FTW,TX,ASW,CE,Towers with Radar,0,31,88,2,121,0,0,99,0,99,0,31,187,2,220,48,0,48,268
02/23/2012,FTW,TX,ASW,CE,Towers with Radar,1,23,64,2,90,0,0,87,0,87,1,23,151,2,177,14,0,14,191
02/24/2012,FTW,TX,ASW,CE,Towers with Radar,1,34,85,0,120,0,0,119,0,119,1,34,204,0,239,96,0,96,335
02/25/2012,FTW,TX,ASW,CE,Towers with Radar,0,13,36,0,49,0,5,116,0,121,0,18,152,0,170,164,0,164,334
02/26/2012,FTW,TX,ASW,CE,Towers with Radar,0,27,58,0,85,0,1,28,0,29,0,28,86,0,114,4,0,4,118
02/27/2012,FTW,TX,ASW,CE,Towers with Radar,0,20,40,1,61,0,0,48,0,48,0,20,88,1,109,118,0,118,227
02/28/2012,FTW,TX,ASW,CE,Towers with Radar,0,24,73,4,101,0,4,17,0,21,0,28,90,4,122,8,0,8,130
02/29/2012,FTW,TX,ASW,CE,Towers with Radar,0,19,64,1,84,0,3,124,1,128,0,22,188,2,212,116,0,116,328
03/01/2012,FTW,TX,ASW,CE,Towers with Radar,0,19,77,1,97,0,2,116,2,120,0,21,193,3,217,166,0,166,383
03/02/2012,FTW,TX,ASW,CE,Towers with Radar,0,18,52,1,71,0,2,110,1,113,0,20,162,2,184,244,0,244,428
03/03/2012,FTW,TX,ASW,CE,Towers with Radar,0,7,33,0,40,0,2,116,2,120,0,9,149,2,160,74,0,74,234
03/04/2012,FTW,TX,ASW,CE,Towers with Radar,0,16,47,0,63,0,0,72,0,72,0,16,119,0,135,44,0,44,179
03/05/2012,FTW,TX,ASW,CE,Towers with Radar,0,17,47,6,70,0,3,105,1,109,0,20,152,7,179,120,0,120,299
03/06/2012,FTW,TX,ASW,CE,Towers with Radar,0,24,58,0,82,0,0,17,0,17,0,24,75,0,99,6,0,6,105
03/07/2012,FTW,TX,ASW,CE,Towers with Radar,0,20,83,5,108,0,0,11,0,11,0,20,94,5,119,2,0,2,121
03/08/2012,FTW,TX,ASW,CE,Towers with Radar,2,22,66,1,91,0,0,2,0,2,2,22,68,1,93,0,0,0,93
03/09/2012,FTW,TX,ASW,CE,Towers with Radar,1,20,58,7,86,0,4,23,0,27,1,24,81,7,113,50,0,50,163
03/10/2012,FTW,TX,ASW,CE,Towers with Radar,0,21,47,0,68,0,0,6,0,6,0,21,53,0,74,0,0,0,74
03/11/2012,FTW,TX,ASW,CE,Towers with Radar,0,32,35,0,67,0,0,12,0,12,0,32,47,0,79,32,0,32,111
03/12/2012,FTW,TX,ASW,CE,Towers with Radar,0,21,46,0,67,0,0,110,1,111,0,21,156,1,178,104,0,104,282
03/13/2012,FTW,TX,ASW,CE,Towers with Radar,0,16,52,0,68,0,2,45,0,47,0,18,97,0,115,120,0,120,235
03/14/2012,FTW,TX,ASW,CE,Towers with Radar,0,18,58,2,78,0,2,24,0,26,0,20,82,2,104,62,0,62,166
03/15/2012,FTW,TX,ASW,CE,Towers with Radar,0,15,65,0,80,0,2,47,0,49,0,17,112,0,129,132,0,132,261
03/16/2012,FTW,TX,ASW,CE,Towers with Radar,1,26,48,0,75,0,5,48,0,53,1,31,96,0,128,30,0,30,158
03/17/2012,FTW,TX,ASW,CE,Towers with Radar,0,16,72,0,88,0,1,24,0,25,0,17,96,0,113,0,0,0,113
03/18/2012,FTW,TX,ASW,CE,Towers with Radar,0,17,61,2,80,0,3,19,0,22,0,20,80,2,102,28,0,28,130
03/19/2012,FTW,TX,ASW,CE,Towers with Radar,0,10,34,0,44,0,0,7,0,7,0,10,41,0,51,0,0,0,51
03/20/2012,FTW,TX,ASW,CE,Towers with Radar,0,19,66,1,86,0,1,29,1,31,0,20,95,2,117,92,0,92,209
03/21/2012,FTW,TX,ASW,CE,Towers with Radar,1,13,60,0,74,0,3,72,0,75,1,16,132,0,149,100,0,100,249
03/22/2012,FTW,TX,ASW,CE,Towers with Radar,1,21,80,1,103,0,7,51,1,59,1,28,131,2,162,48,0,48,210
03/23/2012,FTW,TX,ASW,CE,Towers with Radar,0,26,52,2,80,0,6,144,0,150,0,32,196,2,230,186,0,186,416
03/24/2012,FTW,TX,ASW,CE,Towers with Radar,0,18,55,0,73,0,0,157,0,157,0,18,212,0,230,142,0,142,372
03/25/2012,FTW,TX,ASW,CE,Towers with Radar,0,16,69,0,85,0,2,78,1,81,0,18,147,1,166,152,0,152,318
03/26/2012,FTW,TX,ASW,CE,Towers with Radar,0,21,55,2,78,0,4,97,0,101,0,25,152,2,179,74,0,74,253
03/27/2012,FTW,TX,ASW,CE,Towers with Radar,0,18,53,0,71,0,3,123,0,126,0,21,176,0,197,138,0,138,335
03/28/2012,FTW,TX,ASW,CE,Towers with Radar,0,27,66,0,93,0,1,58,2,61,0,28,124,2,154,110,0,110,264
03/29/2012,FTW,TX,ASW,CE,Towers with Radar,0,23,64,0,87,0,2,59,0,61,0,25,123,0,148,94,0,94,242
03/30/2012,FTW,TX,ASW,CE,Towers with Radar,0,14,77,3,94,0,4,170,0,174,0,18,247,3,268,88,0,88,356
03/31/2012,FTW,TX,ASW,CE,Towers with Radar,0,14,80,1,95,0,1,233,1,235,0,15,313,2,330,82,0,82,412
04/01/2012,FTW,TX,ASW,CE,Towers with Radar,0,18,63,2,83,0,2,57,2,61,0,20,120,4,144,20,0,20,164
04/02/2012,FTW,TX,ASW,CE,Towers with Radar,0,27,61,1,89,0,2,54,0,56,0,29,115,1,145,152,0,152,297
04/03/2012,FTW,TX,ASW,CE,Towers with Radar,0,46,56,1,103,0,2,10,0,12,0,48,66,1,115,0,0,0,115
04/04/2012,FTW,TX,ASW,CE,Towers with Radar,1,24,96,3,124,0,4,104,1,109,1,28,200,4,233,118,0,118,351
04/05/2012,FTW,TX,ASW,CE,Towers with Radar,0,37,93,1,131,0,5,172,0,177,0,42,265,1,308,206,0,206,514
04/06/2012,FTW,TX,ASW,CE,Towers with Radar,0,23,80,2,105,0,3,151,1,155,0,26,231,3,260,198,0,198,458
04/07/2012,FTW,TX,ASW,CE,Towers with Radar,0,17,44,2,63,0,3,90,2,95,0,20,134,4,158,172,0,172,330
04/08/2012,FTW,TX,ASW,CE,Towers with Radar,0,13,39,0,52,0,0,6,0,6,0,13,45,0,58,16,0,16,74
04/09/2012,FTW,TX,ASW,CE,Towers with Radar,0,24,70,6,100,0,2,11,0,13,0,26,81,6,113,12,0,12,125
04/10/2012,FTW,TX,ASW,CE,Towers with Radar,0,19,59,3,81,0,3,153,2,158,0,22,212,5,239,198,0,198,437
04/11/2012,FTW,TX,ASW,CE,Towers with Radar,0,19,67,1,87,0,3,94,3,100,0,22,161,4,187,296,0,296,483
04/12/2012,FTW,TX,ASW,CE,Towers with Radar,0,30,70,1,101,0,3,38,1,42,0,33,108,2,143,166,0,166,309
04/13/2012,FTW,TX,ASW,CE,Towers with Radar,0,21,93,7,121,0,2,79,0,81,0,23,172,7,202,170,0,170,372
04/14/2012,FTW,TX,ASW,CE,Towers with Radar,0,19,55,0,74,0,11,20,0,31,0,30,75,0,105,0,0,0,105
04/15/2012,FTW,TX,ASW,CE,Towers with Radar,0,16,39,3,58,0,2,28,0,30,0,18,67,3,88,16,0,16,104
04/16/2012,FTW,TX,ASW,CE,Towers with Radar,0,33,55,1,89,0,3,102,0,105,0,36,157,1,194,130,0,130,324
04/17/2012,FTW,TX,ASW,CE,Towers with Radar,0,25,67,0,92,0,3,126,4,133,0,28,193,4,225,142,0,142,367
04/18/2012,FTW,TX,ASW,CE,Towers with Radar,0,19,59,0,78,0,1,107,0,108,0,20,166,0,186,200,0,200,386
04/19/2012,FTW,TX,ASW,CE,Towers with Radar,0,29,65,0,94,0,6,67,0,73,0,35,132,0,167,30,0,30,197
04/20/2012,FTW,TX,ASW,CE,Towers with Radar,0,29,66,0,95,0,5,26,0,31,0,34,92,0,126,28,0,28,154
04/21/2012,FTW,TX,ASW,CE,Towers with Radar,1,25,41,0,67,0,4,140,0,144,1,29,181,0,211,126,0,126,337
04/22/2012,FTW,TX,ASW,CE,Towers with Radar,0,13,37,0,50,0,3,68,0,71,0,16,105,0,121,18,0,18,139
04/23/2012,FTW,TX,ASW,CE,Towers with Radar,0,22,59,0,81,0,3,82,0,85,0,25,141,0,166,8,0,8,174
04/24/2012,FTW,TX,ASW,CE,Towers with Radar,0,26,57,0,83,0,4,132,0,136,0,30,189,0,219,110,0,110,329
04/25/2012,FTW,TX,ASW,CE,Towers with Radar,0,30,61,2,93,0,6,98,0,104,0,36,159,2,197,36,0,36,233
04/26/2012,FTW,TX,ASW,CE,Towers with Radar,0,30,107,1,138,0,2,111,0,113,0,32,218,1,251,216,0,216,467
04/27/2012,FTW,TX,ASW,CE,Towers with Radar,0,30,62,4,96,0,4,100,0,104,0,34,162,4,200,72,0,72,272
04/28/2012,FTW,TX,ASW,CE,Towers with Radar,0,19,35,4,58,0,4,72,0,76,0,23,107,4,134,40,0,40,174
04/29/2012,FTW,TX,ASW,CE,Towers with Radar,0,28,39,0,67,0,0,25,1,26,0,28,64,1,93,6,2,8,101
04/30/2012,FTW,TX,ASW,CE,Towers with Radar,0,18,53,2,73,0,1,44,0,45,0,19,97,2,118,66,0,66,184
05/01/2012,FTW,TX,ASW,CE,Towers with Radar,1,22,59,2,84,0,7,52,0,59,1,29,111,2,143,54,0,54,197
05/02/2012,FTW,TX,ASW,CE,Towers with Radar,0,30,74,3,107,0,2,73,0,75,0,32,147,3,182,106,0,106,288
05/03/2012,FTW,TX,ASW,CE,Towers with Radar,0,23,91,2,116,0,2,105,0,107,0,25,196,2,223,168,0,168,391
05/04/2012,FTW,TX,ASW,CE,Towers with Radar,0,18,85,1,104,0,3,105,0,108,0,21,190,1,212,66,0,66,278
05/05/2012,FTW,TX,ASW,CE,Towers with Radar,0,17,26,1,44,0,0,97,0,97,0,17,123,1,141,52,0,52,193
05/06/2012,FTW,TX,ASW,CE,Towers with Radar,0,13,60,2,75,0,0,52,0,52,0,13,112,2,127,54,0,54,181
05/07/2012,FTW,TX,ASW,CE,Towers with Radar,0,26,55,1,82,0,0,48,0,48,0,26,103,1,130,96,0,96,226
05/08/2012,FTW,TX,ASW,CE,Towers with Radar,0,54,135,0,189,0,7,30,0,37,0,61,165,0,226,84,0,84,310
05/09/2012,FTW,TX,ASW,CE,Towers with Radar,0,25,117,1,143,0,3,145,0,148,0,28,262,1,291,146,0,146,437
05/10/2012,FTW,TX,ASW,CE,Towers with Radar,0,16,76,2,94,0,7,102,0,109,0,23,178,2,203,138,0,138,341
05/11/2012,FTW,TX,ASW,CE,Towers with Radar,0,21,73,0,94,0,0,18,0,18,0,21,91,0,112,20,0,20,132
05/12/2012,FTW,TX,ASW,CE,Towers with Radar,0,10,65,0,75,0,1,14,0,15,0,11,79,0,90,38,0,38,128
05/13/2012,FTW,TX,ASW,CE,Towers with Radar,0,16,80,0,96,0,5,60,0,65,0,21,140,0,161,34,0,34,195
05/14/2012,FTW,TX,ASW,CE,Towers with Radar,0,14,51,2,67,0,2,87,1,90,0,16,138,3,157,192,0,192,349
05/15/2012,FTW,TX,ASW,CE,Towers with Radar,0,21,63,0,84,0,10,126,0,136,0,31,189,0,220,144,0,144,364
05/16/2012,FTW,TX,ASW,CE,Towers with Radar,0,19,69,2,90,0,16,121,0,137,0,35,190,2,227,116,0,116,343
05/17/2012,FTW,TX,ASW,CE,Towers with Radar,0,33,65,2,100,0,6,140,0,146,0,39,205,2,246,102,0,102,348
05/18/2012,FTW,TX,ASW,CE,Towers with Radar,0,13,64,1,78,0,2,126,4,132,0,15,190,5,210,52,0,52,262
05/19/2012,FTW,TX,ASW,CE,Towers with Radar,0,14,45,0,59,0,0,32,0,32,0,14,77,0,91,24,0,24,115
05/20/2012,FTW,TX,ASW,CE,Towers with Radar,0,17,54,1,72,0,2,57,0,59,0,19,111,1,131,6,0,6,137
05/21/2012,FTW,TX,ASW,CE,Towers with Radar,0,24,76,1,101,0,0,72,0,72,0,24,148,1,173,84,14,98,271
05/22/2012,FTW,TX,ASW,CE,Towers with Radar,0,18,84,5,107,0,2,128,2,132,0,20,212,7,239,156,0,156,395
05/23/2012,FTW,TX,ASW,CE,Towers with Radar,0,23,72,0,95,0,0,91,0,91,0,23,163,0,186,116,0,116,302
05/24/2012,FTW,TX,ASW,CE,Towers with Radar,0,24,89,0,113,0,4,58,8,70,0,28,147,8,183,154,14,168,351
05/25/2012,FTW,TX,ASW,CE,Towers with Radar,0,26,72,2,100,0,5,109,0,114,0,31,181,2,214,96,0,96,310
05/26/2012,FTW,TX,ASW,CE,Towers with Radar,0,13,38,1,52,0,8,90,0,98,0,21,128,1,150,112,0,112,262
05/27/2012,FTW,TX,ASW,CE,Towers with Radar,0,27,33,0,60,0,0,41,0,41,0,27,74,0,101,18,0,18,119
05/28/2012,FTW,TX,ASW,CE,Towers with Radar,0,14,32,6,52,0,3,48,0,51,0,17,80,6,103,2,0,2,105
05/29/2012,FTW,TX,ASW,CE,Towers with Radar,0,19,58,0,77,0,3,81,0,84,0,22,139,0,161,64,0,64,225
05/30/2012,FTW,TX,ASW,CE,Towers with Radar,1,24,53,3,81,0,1,45,0,46,1,25,98,3,127,30,0,30,157
05/31/2012,FTW,TX,ASW,CE,Towers with Radar,1,25,68,0,94,0,4,69,0,73,1,29,137,0,167,112,0,112,279
06/01/2012,FTW,TX,ASW,CE,Towers with Radar,0,19,83,0,102,0,5,158,0,163,0,24,241,0,265,122,0,122,387
06/02/2012,FTW,TX,ASW,CE,Towers with Radar,0,10,35,0,45,0,0,83,0,83,0,10,118,0,128,52,0,52,180
06/03/2012,FTW,TX,ASW,CE,Towers with Radar,0,24,58,1,83,0,2,57,0,59,0,26,115,1,142,38,0,38,180
06/04/2012,FTW,TX,ASW,CE,Towers with Radar,0,17,60,1,78,0,0,85,1,86,0,17,145,2,164,60,0,60,224
06/05/2012,FTW,TX,ASW,CE,Towers with Radar,0,30,60,0,90,0,0,75,0,75,0,30,135,0,165,70,0,70,235
06/06/2012,FTW,TX,ASW,CE,Towers with Radar,0,18,57,0,75,0,0,48,0,48,0,18,105,0,123,48,0,48,171
06/07/2012,FTW,TX,ASW,CE,Towers with Radar,0,17,71,0,88,0,2,3,0,5,0,19,74,0,93,0,0,0,93
06/08/2012,FTW,TX,ASW,CE,Towers with Radar,0,17,54,1,72,0,2,99,2,103,0,19,153,3,175,92,0,92,267
06/09/2012,FTW,TX,ASW,CE,Towers with Radar,0,17,34,0,51,0,39,174,0,213,0,56,208,0,264,82,0,82,346
06/10/2012,FTW,TX,ASW,CE,Towers with Radar,0,25,38,3,66,0,1,60,2,63,0,26,98,5,129,8,0,8,137
06/11/2012,FTW,TX,ASW,CE,Towers with Radar,0,25,56,2,83,0,4,91,0,95,0,29,147,2,178,134,0,134,312
06/12/2012,FTW,TX,ASW,CE,Towers with Radar,0,24,49,0,73,0,6,66,0,72,0,30,115,0,145,150,0,150,295
06/13/2012,FTW,TX,ASW,CE,Towers with Radar,0,25,75,0,100,5,7,88,0,100,5,32,163,0,200,166,0,166,366
06/14/2012,FTW,TX,ASW,CE,Towers with Radar,0,37,78,0,115,0,1,114,0,115,0,38,192,0,230,92,0,92,322
06/15/2012,FTW,TX,ASW,CE,Towers with Radar,0,42,64,0,106,0,0,67,0,67,0,42,131,0,173,94,0,94,267
06/16/2012,FTW,TX,ASW,CE,Towers with Radar,0,14,34,0,48,0,3,51,0,54,0,17,85,0,102,52,0,52,154
06/17/2012,FTW,TX,ASW,CE,Towers with Radar,0,19,54,0,73,0,5,41,0,46,0,24,95,0,119,4,0,4,123
06/18/2012,FTW,TX,ASW,CE,Towers with Radar,0,21,59,0,80,0,4,119,0,123,0,25,178,0,203,62,0,62,265
06/19/2012,FTW,TX,ASW,CE,Towers with Radar,0,28,68,2,98,0,4,61,2,67,0,32,129,4,165,134,0,134,299
06/20/2012,FTW,TX,ASW,CE,Towers with Radar,0,15,56,8,79,0,2,37,0,39,0,17,93,8,118,48,0,48,166
06/21/2012,FTW,TX,ASW,CE,Towers with Radar,0,13,78,1,92,0,6,90,0,96,0,19,168,1,188,88,0,88,276
06/22/2012,FTW,TX,ASW,CE,Towers with Radar,0,27,61,2,90,0,7,132,0,139,0,34,193,2,229,134,0,134,363
06/23/2012,FTW,TX,ASW,CE,Towers with Radar,0,16,32,0,48,0,0,112,0,112,0,16,144,0,160,10,0,10,170
06/24/2012,FTW,TX,ASW,CE,Towers with Radar,1,12,35,2,50,0,0,77,2,79,1,12,112,4,129,36,0,36,165
06/25/2012,FTW,TX,ASW,CE,Towers with Radar,0,23,38,1,62,0,7,71,0,78,0,30,109,1,140,120,0,120,260
06/26/2012,FTW,TX,ASW,CE,Towers with Radar,0,32,62,0,94,0,1,90,0,91,0,33,152,0,185,94,0,94,279
06/27/2012,FTW,TX,ASW,CE,Towers with Radar,0,12,61,0,73,0,6,95,1,102,0,18,156,1,175,90,0,90,265
06/28/2012,FTW,TX,ASW,CE,Towers with Radar,0,16,66,0,82,0,5,96,0,101,0,21,162,0,183,88,0,88,271
06/29/2012,FTW,TX,ASW,CE,Towers with Radar,0,26,68,0,94,0,2,86,0,88,0,28,154,0,182,34,0,34,216
06/30/2012,FTW,TX,ASW,CE,Towers with Radar,2,12,35,0,49,0,1,71,0,72,2,13,106,0,121,56,0,56,177
07/01/2012,FTW,TX,ASW,CE,Towers with Radar,0,28,42,0,70,0,5,40,0,45,0,33,82,0,115,12,0,12,127
07/02/2012,FTW,TX,ASW,CE,Towers with Radar,0,18,50,1,69,0,3,57,1,61,0,21,107,2,130,62,0,62,192
07/03/2012,FTW,TX,ASW,CE,Towers with Radar,0,14,55,0,69,0,2,100,0,102,0,16,155,0,171,98,0,98,269
07/04/2012,FTW,TX,ASW,CE,Towers with Radar,0,10,16,0,26,0,4,65,0,69,0,14,81,0,95,12,0,12,107
07/05/2012,FTW,TX,ASW,CE,Towers with Radar,0,10,65,0,75,0,1,85,0,86,0,11,150,0,161,110,0,110,271
07/06/2012,FTW,TX,ASW,CE,Towers with Radar,0,10,47,0,57,0,0,85,1,86,0,10,132,1,143,118,0,118,261
07/07/2012,FTW,TX,ASW,CE,Towers with Radar,0,3,43,0,46,0,0,50,0,50,0,3,93,0,96,18,0,18,114
07/08/2012,FTW,TX,ASW,CE,Towers with Radar,0,30,59,0,89,0,8,51,1,60,0,38,110,1,149,38,0,38,187
07/09/2012,FTW,TX,ASW,CE,Towers with Radar,0,14,38,0,52,0,2,42,0,44,0,16,80,0,96,38,0,38,134
07/10/2012,FTW,TX,ASW,CE,Towers with Radar,0,14,39,0,53,0,5,88,0,93,0,19,127,0,146,162,0,162,308
07/11/2012,FTW,TX,ASW,CE,Towers with Radar,0,13,56,0,69,0,0,84,0,84,0,13,140,0,153,114,0,114,267
07/12/2012,FTW,TX,ASW,CE,Towers with Radar,1,18,79,1,99,0,4,90,0,94,1,22,169,1,193,110,0,110,303
07/13/2012,FTW,TX,ASW,CE,Towers with Radar,0,21,39,0,60,0,2,103,1,106,0,23,142,1,166,116,0,116,282
07/14/2012,FTW,TX,ASW,CE,Towers with Radar,0,23,32,0,55,0,3,93,1,97,0,26,125,1,152,82,0,82,234
07/15/2012,FTW,TX,ASW,CE,Towers with Radar,0,25,57,0,82,0,0,71,1,72,0,25,128,1,154,8,0,8,162
07/16/2012,FTW,TX,ASW,CE,Towers with Radar,0,17,64,2,83,0,2,50,0,52,0,19,114,2,135,112,0,112,247
07/17/2012,FTW,TX,ASW,CE,Towers with Radar,0,23,41,2,66,0,6,68,0,74,0,29,109,2,140,146,0,146,286
07/18/2012,FTW,TX,ASW,CE,Towers with Radar,0,25,80,4,109,0,14,92,0,106,0,39,172,4,215,110,0,110,325
07/19/2012,FTW,TX,ASW,CE,Towers with Radar,0,25,72,0,97,0,6,105,1,112,0,31,177,1,209,102,0,102,311
07/20/2012,FTW,TX,ASW,CE,Towers with Radar,0,29,57,3,89,0,8,110,1,119,0,37,167,4,208,68,0,68,276
07/21/2012,FTW,TX,ASW,CE,Towers with Radar,0,17,37,1,55,0,5,100,0,105,0,22,137,1,160,36,0,36,196
07/22/2012,FTW,TX,ASW,CE,Towers with Radar,0,36,43,0,79,0,5,47,1,53,0,41,90,1,132,28,0,28,160
07/23/2012,FTW,TX,ASW,CE,Towers with Radar,0,28,53,0,81,0,5,70,0,75,0,33,123,0,156,66,0,66,222
07/24/2012,FTW,TX,ASW,CE,Towers with Radar,0,23,63,0,86,0,3,81,0,84,0,26,144,0,170,148,0,148,318
07/25/2012,FTW,TX,ASW,CE,Towers with Radar,1,25,56,0,82,0,3,84,1,88,1,28,140,1,170,76,0,76,246
07/26/2012,FTW,TX,ASW,CE,Towers with Radar,0,28,68,0,96,0,8,51,0,59,0,36,119,0,155,80,0,80,235
07/27/2012,FTW,TX,ASW,CE,Towers with Radar,0,23,67,0,90,0,5,81,0,86,0,28,148,0,176,160,0,160,336
07/28/2012,FTW,TX,ASW,CE,Towers with Radar,0,7,49,0,56,0,2,72,0,74,0,9,121,0,130,78,0,78,208
07/29/2012,FTW,TX,ASW,CE,Towers with Radar,0,21,54,0,75,0,0,50,0,50,0,21,104,0,125,18,0,18,143
07/30/2012,FTW,TX,ASW,CE,Towers with Radar,0,14,53,0,67,0,0,63,2,65,0,14,116,2,132,110,0,110,242
07/31/2012,FTW,TX,ASW,CE,Towers with Radar,0,21,61,0,82,0,0,93,0,93,0,21,154,0,175,183,0,183,358
08/01/2012,FTW,TX,ASW,CE,Towers with Radar,0,26,83,2,111,0,3,89,0,92,0,29,172,2,203,66,0,66,269
08/02/2012,FTW,TX,ASW,CE,Towers with Radar,1,33,61,8,103,0,0,73,0,73,1,33,134,8,176,102,0,102,278
08/03/2012,FTW,TX,ASW,CE,Towers with Radar,0,18,45,2,65,0,7,84,0,91,0,25,129,2,156,166,0,166,322
08/04/2012,FTW,TX,ASW,CE,Towers with Radar,0,12,39,0,51,0,5,87,0,92,0,17,126,0,143,108,0,108,251
08/05/2012,FTW,TX,ASW,CE,Towers with Radar,0,19,39,0,58,0,4,73,0,77,0,23,112,0,135,56,0,56,191
08/06/2012,FTW,TX,ASW,CE,Towers with Radar,0,22,37,3,62,0,2,49,0,51,0,24,86,3,113,38,0,38,151
08/07/2012,FTW,TX,ASW,CE,Towers with Radar,0,16,53,0,69,0,2,58,0,60,0,18,111,0,129,166,0,166,295
08/08/2012,FTW,TX,ASW,CE,Towers with Radar,0,32,53,0,85,0,0,61,0,61,0,32,114,0,146,45,0,45,191
08/09/2012,FTW,TX,ASW,CE,Towers with Radar,0,31,52,0,83,0,6,98,0,104,0,37,150,0,187,164,0,164,351
08/10/2012,FTW,TX,ASW,CE,Towers with Radar,0,18,76,0,94,0,2,99,0,101,0,20,175,0,195,220,0,220,415
08/11/2012,FTW,TX,ASW,CE,Towers with Radar,0,11,54,1,66,0,2,83,1,86,0,13,137,2,152,72,0,72,224
08/12/2012,FTW,TX,ASW,CE,Towers with Radar,0,25,67,0,92,0,6,29,0,35,0,31,96,0,127,1,0,1,128
08/13/2012,FTW,TX,ASW,CE,Towers with Radar,0,22,51,2,75,0,4,67,1,72,0,26,118,3,147,78,0,78,225
08/14/2012,FTW,TX,ASW,CE,Towers with Radar,0,26,58,0,84,0,0,49,0,49,0,26,107,0,133,128,0,128,261
08/15/2012,FTW,TX,ASW,CE,Towers with Radar,0,27,51,0,78,0,3,43,0,46,0,30,94,0,124,32,0,32,156
08/16/2012,FTW,TX,ASW,CE,Towers with Radar,0,28,67,0,95,0,11,73,0,84,0,39,140,0,179,138,0,138,317
08/17/2012,FTW,TX,ASW,CE,Towers with Radar,0,22,51,0,73,0,2,68,1,71,0,24,119,1,144,132,0,132,276
08/18/2012,FTW,TX,ASW,CE,Towers with Radar,0,20,38,0,58,0,1,35,0,36,0,21,73,0,94,22,0,22,116
08/19/2012,FTW,TX,ASW,CE,Towers with Radar,0,16,38,0,54,0,0,24,1,25,0,16,62,1,79,20,0,20,99
08/20/2012,FTW,TX,ASW,CE,Towers with Radar,0,23,40,6,69,0,2,60,2,64,0,25,100,8,133,136,2,138,271
08/21/2012,FTW,TX,ASW,CE,Towers with Radar,0,22,73,0,95,0,1,21,0,22,0,23,94,0,117,12,0,12,129
08/22/2012,FTW,TX,ASW,CE,Towers with Radar,0,31,80,2,113,0,1,76,0,77,0,32,156,2,190,116,0,116,306
08/23/2012,FTW,TX,ASW,CE,Towers with Radar,0,32,66,0,98,0,11,103,1,115,0,43,169,1,213,84,0,84,297
08/24/2012,FTW,TX,ASW,CE,Towers with Radar,0,20,80,0,100,0,0,93,2,95,0,20,173,2,195,124,0,124,319
08/25/2012,FTW,TX,ASW,CE,Towers with Radar,0,14,48,0,62,0,3,45,0,48,0,17,93,0,110,16,0,16,126
08/26/2012,FTW,TX,ASW,CE,Towers with Radar,0,15,44,0,59,0,0,12,2,14,0,15,56,2,73,0,0,0,73
08/27/2012,FTW,TX,ASW,CE,Towers with Radar,0,24,57,3,84,0,1,48,1,50,0,25,105,4,134,40,0,40,174
08/28/2012,FTW,TX,ASW,CE,Towers with Radar,0,42,55,7,104,0,12,53,0,65,0,54,108,7,169,60,0,60,229
08/29/2012,FTW,TX,ASW,CE,Towers with Radar,0,23,61,6,90,0,10,105,1,116,0,33,166,7,206,38,0,38,244
08/30/2012,FTW,TX,ASW,CE,Towers with Radar,0,21,54,0,75,0,2,49,7,58,0,23,103,7,133,80,8,88,221
08/31/2012,FTW,TX,ASW,CE,Towers with Radar,0,34,86,0,120,0,2,99,4,105,0,36,185,4,225,138,0,138,363
09/01/2012,FTW,TX,ASW,CE,Towers with Radar,0,19,28,0,47,0,5,52,0,57,0,24,80,0,104,40,0,40,144
09/02/2012,FTW,TX,ASW,CE,Towers with Radar,0,13,36,0,49,0,5,41,0,46,0,18,77,0,95,16,0,16,111
09/03/2012,FTW,TX,ASW,CE,Towers with Radar,0,22,39,0,61,0,2,62,0,64,0,24,101,0,125,4,0,4,129
09/04/2012,FTW,TX,ASW,CE,Towers with Radar,0,28,68,0,96,0,4,81,0,85,0,32,149,0,181,72,0,72,253
09/05/2012,FTW,TX,ASW,CE,Towers with Radar,0,27,63,0,90,0,0,65,0,65,0,27,128,0,155,28,0,28,183
09/06/2012,FTW,TX,ASW,CE,Towers with Radar,0,22,57,0,79,0,2,71,0,73,0,24,128,0,152,108,0,108,260
09/07/2012,FTW,TX,ASW,CE,Towers with Radar,0,21,76,1,98,0,3,80,3,86,0,24,156,4,184,184,0,184,368
09/08/2012,FTW,TX,ASW,CE,Towers with Radar,0,13,34,0,47,0,2,64,0,66,0,15,98,0,113,54,0,54,167
09/09/2012,FTW,TX,ASW,CE,Towers with Radar,0,19,45,1,65,0,4,74,0,78,0,23,119,1,143,4,0,4,147
09/10/2012,FTW,TX,ASW,CE,Towers with Radar,0,22,52,2,76,0,2,68,0,70,0,24,120,2,146,56,0,56,202
09/11/2012,FTW,TX,ASW,CE,Towers with Radar,0,32,57,0,89,0,1,80,0,81,0,33,137,0,170,106,0,106,276
09/12/2012,FTW,TX,ASW,CE,Towers with Radar,0,14,76,1,91,0,2,104,1,107,0,16,180,2,198,114,0,114,312
09/13/2012,FTW,TX,ASW,CE,Towers with Radar,0,30,60,0,90,0,2,21,0,23,0,32,81,0,113,140,0,140,253
09/14/2012,FTW,TX,ASW,CE,Towers with Radar,0,30,78,0,108,0,0,5,0,5,0,30,83,0,113,0,0,0,113
09/15/2012,FTW,TX,ASW,CE,Towers with Radar,0,37,46,0,83,0,2,17,0,19,0,39,63,0,102,34,0,34,136
09/16/2012,FTW,TX,ASW,CE,Towers with Radar,0,27,58,0,85,0,2,4,0,6,0,29,62,0,91,0,0,0,91
09/17/2012,FTW,TX,ASW,CE,Towers with Radar,0,25,69,2,96,0,4,38,0,42,0,29,107,2,138,118,0,118,256
09/18/2012,FTW,TX,ASW,CE,Towers with Radar,1,36,54,0,91,0,9,62,0,71,1,45,116,0,162,150,0,150,312
09/19/2012,FTW,TX,ASW,CE,Towers with Radar,0,29,83,2,114,0,2,97,1,100,0,31,180,3,214,139,0,139,353
09/20/2012,FTW,TX,ASW,CE,Towers with Radar,1,23,68,0,92,0,3,103,0,106,1,26,171,0,198,54,0,54,252
09/21/2012,FTW,TX,ASW,CE,Towers with Radar,1,32,107,0,140,0,0,89,0,89,1,32,196,0,229,120,0,120,349
09/22/2012,FTW,TX,ASW,CE,Towers with Radar,2,16,62,2,82,0,0,109,2,111,2,16,171,4,193,100,0,100,293
09/23/2012,FTW,TX,ASW,CE,Towers with Radar,0,23,79,0,102,0,4,47,0,51,0,27,126,0,153,0,0,0,153
09/24/2012,FTW,TX,ASW,CE,Towers with Radar,0,30,61,2,93,0,3,88,2,93,0,33,149,4,186,100,2,102,288
09/25/2012,FTW,TX,ASW,CE,Towers with Radar,0,28,46,0,74,0,4,78,0,82,0,32,124,0,156,122,0,122,278
09/26/2012,FTW,TX,ASW,CE,Towers with Radar,0,21,63,0,84,0,0,71,0,71,0,21,134,0,155,144,0,144,299
09/27/2012,FTW,TX,ASW,CE,Towers with Radar,0,22,74,0,96,0,3,104,0,107,0,25,178,0,203,98,0,98,301
09/28/2012,FTW,TX,ASW,CE,Towers with Radar,0,37,56,0,93,0,1,35,0,36,0,38,91,0,129,120,0,120,249
09/29/2012,FTW,TX,ASW,CE,Towers with Radar,1,9,28,0,38,0,0,0,0,0,1,9,28,0,38,0,0,0,38
09/30/2012,FTW,TX,ASW,CE,Towers with Radar,1,31,71,0,103,0,2,12,0,14,1,33,83,0,117,0,0,0,117
10/01/2012,FTW,TX,ASW,CE,Towers with Radar,0,22,71,0,93,0,0,66,0,66,0,22,137,0,159,46,0,46,205
10/02/2012,FTW,TX,ASW,CE,Towers with Radar,0,24,64,0,88,0,0,103,0,103,0,24,167,0,191,92,6,98,289
10/03/2012,FTW,TX,ASW,CE,Towers with Radar,0,25,65,0,90,0,6,112,0,118,0,31,177,0,208,122,0,122,330
10/04/2012,FTW,TX,ASW,CE,Towers with Radar,0,37,90,5,132,0,2,76,2,80,0,39,166,7,212,168,10,178,390
10/05/2012,FTW,TX,ASW,CE,Towers with Radar,0,33,89,4,126,0,5,55,1,61,0,38,144,5,187,122,0,122,309
10/06/2012,FTW,TX,ASW,CE,Towers with Radar,2,17,51,0,70,0,3,13,0,16,2,20,64,0,86,8,0,8,94
10/07/2012,FTW,TX,ASW,CE,Towers with Radar,0,22,75,0,97,0,4,25,1,30,0,26,100,1,127,0,0,0,127
10/08/2012,FTW,TX,ASW,CE,Towers with Radar,0,24,80,0,104,0,0,97,0,97,0,24,177,0,201,70,0,70,271
10/09/2012,FTW,TX,ASW,CE,Towers with Radar,1,18,76,2,97,0,4,49,0,53,1,22,125,2,150,26,0,26,176
10/10/2012,FTW,TX,ASW,CE,Towers with Radar,0,29,84,0,113,0,0,5,0,5,0,29,89,0,118,0,0,0,118
10/11/2012,FTW,TX,ASW,CE,Towers with Radar,0,25,81,1,107,0,6,37,0,43,0,31,118,1,150,50,0,50,200
10/12/2012,FTW,TX,ASW,CE,Towers with Radar,0,39,101,3,143,0,3,66,7,76,0,42,167,10,219,166,0,166,385
10/13/2012,FTW,TX,ASW,CE,Towers with Radar,0,16,47,6,69,0,0,37,3,40,0,16,84,9,109,96,0,96,205
10/14/2012,FTW,TX,ASW,CE,Towers with Radar,0,23,64,0,87,0,6,67,7,80,0,29,131,7,167,16,0,16,183
10/15/2012,FTW,TX,ASW,CE,Towers with Radar,0,17,76,0,93,0,4,77,0,81,0,21,153,0,174,136,0,136,310
10/16/2012,FTW,TX,ASW,CE,Towers with Radar,0,21,63,0,84,0,2,76,0,78,0,23,139,0,162,78,0,78,240
10/17/2012,FTW,TX,ASW,CE,Towers with Radar,0,21,59,0,80,0,8,64,0,72,0,29,123,0,152,147,0,147,299
10/18/2012,FTW,TX,ASW,CE,Towers with Radar,0,22,44,0,66,0,5,91,0,96,0,27,135,0,162,212,0,212,374
10/19/2012,FTW,TX,ASW,CE,Towers with Radar,0,25,87,2,114,0,3,123,1,127,0,28,210,3,241,312,0,312,553
10/20/2012,FTW,TX,ASW,CE,Towers with Radar,2,22,73,0,97,0,5,97,0,102,2,27,170,0,199,46,0,46,245
10/21/2012,FTW,TX,ASW,CE,Towers with Radar,0,28,60,0,88,0,2,56,1,59,0,30,116,1,147,0,0,0,147
10/22/2012,FTW,TX,ASW,CE,Towers with Radar,0,26,57,3,86,0,10,28,0,38,0,36,85,3,124,92,0,92,216
10/23/2012,FTW,TX,ASW,CE,Towers with Radar,0,25,86,0,111,0,2,74,0,76,0,27,160,0,187,162,0,162,349
10/24/2012,FTW,TX,ASW,CE,Towers with Radar,0,23,74,2,99,0,2,54,0,56,0,25,128,2,155,40,0,40,195
10/25/2012,FTW,TX,ASW,CE,Towers with Radar,1,38,92,2,133,0,6,21,0,27,1,44,113,2,160,72,0,72,232
10/26/2012,FTW,TX,ASW,CE,Towers with Radar,0,30,96,2,128,0,0,61,0,61,0,30,157,2,189,50,0,50,239
10/27/2012,FTW,TX,ASW,CE,Towers with Radar,0,12,50,3,65,0,7,71,0,78,0,19,121,3,143,28,0,28,171
10/28/2012,FTW,TX,ASW,CE,Towers with Radar,0,32,82,4,118,0,1,47,1,49,0,33,129,5,167,14,0,14,181
10/29/2012,FTW,TX,ASW,CE,Towers with Radar,0,14,53,1,68,0,2,110,1,113,0,16,163,2,181,62,0,62,243
10/30/2012,FTW,TX,ASW,CE,Towers with Radar,2,24,67,0,93,0,5,104,0,109,2,29,171,0,202,96,0,96,298
10/31/2012,FTW,TX,ASW,CE,Towers with Radar,0,29,58,0,87,0,1,107,0,108,0,30,165,0,195,140,0,140,335
11/01/2012,FTW,TX,ASW,CE,Towers with Radar,0,18,59,5,82,0,0,130,2,132,0,18,189,7,214,158,0,158,372
11/02/2012,FTW,TX,ASW,CE,Towers with Radar,0,18,66,5,89,0,3,91,1,95,0,21,157,6,184,18,0,18,202
11/03/2012,FTW,TX,ASW,CE,Towers with Radar,0,21,41,0,62,0,1,71,1,73,0,22,112,1,135,78,0,78,213
11/04/2012,FTW,TX,ASW,CE,Towers with Radar,2,26,49,0,77,0,10,41,0,51,2,36,90,0,128,0,0,0,128
11/05/2012,FTW,TX,ASW,CE,Towers with Radar,0,17,65,0,82,0,0,64,0,64,0,17,129,0,146,32,0,32,178
11/06/2012,FTW,TX,ASW,CE,Towers with Radar,0,10,57,0,67,0,7,85,0,92,0,17,142,0,159,88,0,88,247
11/07/2012,FTW,TX,ASW,CE,Towers with Radar,0,24,56,2,82,0,3,102,0,105,0,27,158,2,187,90,0,90,277
11/08/2012,FTW,TX,ASW,CE,Towers with Radar,0,38,54,2,94,0,0,60,0,60,0,38,114,2,154,106,0,106,260
11/09/2012,FTW,TX,ASW,CE,Towers with Radar,2,26,69,0,97,0,6,69,1,76,2,32,138,1,173,10,0,10,183
11/10/2012,FTW,TX,ASW,CE,Towers with Radar,2,24,54,2,82,0,4,13,0,17,2,28,67,2,99,0,0,0,99
11/11/2012,FTW,TX,ASW,CE,Towers with Radar,0,27,61,0,88,0,3,18,0,21,0,30,79,0,109,10,0,10,119
11/12/2012,FTW,TX,ASW,CE,Towers with Radar,0,17,63,0,80,0,1,86,1,88,0,18,149,1,168,172,0,172,340
11/13/2012,FTW,TX,ASW,CE,Towers with Radar,0,18,43,0,61,0,2,90,0,92,0,20,133,0,153,70,0,70,223
11/14/2012,FTW,TX,ASW,CE,Towers with Radar,0,32,87,0,119,0,4,109,0,113,0,36,196,0,232,198,0,198,430
11/15/2012,FTW,TX,ASW,CE,Towers with Radar,0,28,88,0,116,0,4,128,0,132,0,32,216,0,248,224,0,224,472
11/16/2012,FTW,TX,ASW,CE,Towers with Radar,0,36,82,0,118,0,2,107,0,109,0,38,189,0,227,160,0,160,387
11/17/2012,FTW,TX,ASW,CE,Towers with Radar,0,11,43,0,54,0,2,91,0,93,0,13,134,0,147,92,0,92,239
11/18/2012,FTW,TX,ASW,CE,Towers with Radar,1,15,64,0,80,0,7,65,0,72,1,22,129,0,152,50,0,50,202
11/19/2012,FTW,TX,ASW,CE,Towers with Radar,0,31,66,4,101,0,0,52,7,59,0,31,118,11,160,44,6,50,210
11/20/2012,FTW,TX,ASW,CE,Towers with Radar,0,28,82,0,110,0,2,109,0,111,0,30,191,0,221,100,0,100,321
11/21/2012,FTW,TX,ASW,CE,Towers with Radar,0,23,50,0,73,0,3,128,0,131,0,26,178,0,204,156,0,156,360
11/22/2012,FTW,TX,ASW,CE,Towers with Radar,0,23,25,0,48,0,0,16,0,16,0,23,41,0,64,0,0,0,64
11/23/2012,FTW,TX,ASW,CE,Towers with Radar,0,29,45,0,74,0,3,27,0,30,0,32,72,0,104,28,0,28,132
11/24/2012,FTW,TX,ASW,CE,Towers with Radar,0,9,47,0,56,0,2,71,0,73,0,11,118,0,129,8,0,8,137
11/25/2012,FTW,TX,ASW,CE,Towers with Radar,0,26,83,0,109,0,8,53,0,61,0,34,136,0,170,7,0,7,177
11/26/2012,FTW,TX,ASW,CE,Towers with Radar,0,16,40,0,56,0,5,83,0,88,0,21,123,0,144,84,0,84,228
11/27/2012,FTW,TX,ASW,CE,Towers with Radar,0,18,41,0,59,0,0,35,2,37,0,18,76,2,96,130,0,130,226
11/28/2012,FTW,TX,ASW,CE,Towers with Radar,0,23,61,0,84,0,5,133,1,139,0,28,194,1,223,420,0,420,643
11/29/2012,FTW,TX,ASW,CE,Towers with Radar,0,30,75,0,105,0,3,60,0,63,0,33,135,0,168,228,0,228,396
11/30/2012,FTW,TX,ASW,CE,Towers with Radar,0,19,77,1,97,0,0,92,1,93,0,19,169,2,190,166,0,166,356
12/01/2012,FTW,TX,ASW,CE,Towers with Radar,0,15,54,4,73,0,0,52,4,56,0,15,106,8,129,80,0,80,209
12/02/2012,FTW,TX,ASW,CE,Towers with Radar,1,18,63,4,86,0,6,61,0,67,1,24,124,4,153,0,0,0,153
12/03/2012,FTW,TX,ASW,CE,Towers with Radar,0,17,82,2,101,0,1,76,0,77,0,18,158,2,178,64,4,68,246
12/04/2012,FTW,TX,ASW,CE,Towers with Radar,0,25,80,1,106,0,3,71,1,75,0,28,151,2,181,74,0,74,255
12/05/2012,FTW,TX,ASW,CE,Towers with Radar,0,24,76,0,100,0,5,146,0,151,0,29,222,0,251,222,0,222,473
12/06/2012,FTW,TX,ASW,CE,Towers with Radar,0,28,112,0,140,0,5,90,0,95,0,33,202,0,235,122,0,122,357
12/07/2012,FTW,TX,ASW,CE,Towers with Radar,0,21,73,0,94,0,0,69,1,70,0,21,142,1,164,108,6,114,278
12/08/2012,FTW,TX,ASW,CE,Towers with Radar,0,31,41,0,72,0,5,58,0,63,0,36,99,0,135,96,0,96,231
12/09/2012,FTW,TX,ASW,CE,Towers with Radar,0,12,66,1,79,0,0,14,0,14,0,12,80,1,93,6,0,6,99
12/10/2012,FTW,TX,ASW,CE,Towers with Radar,0,20,61,0,81,0,2,65,4,71,0,22,126,4,152,80,0,80,232
12/11/2012,FTW,TX,ASW,CE,Towers with Radar,1,25,77,0,103,0,2,94,0,96,1,27,171,0,199,182,0,182,381
12/12/2012,FTW,TX,ASW,CE,Towers with Radar,0,21,91,0,112,0,3,124,1,128,0,24,215,1,240,136,14,150,390
12/13/2012,FTW,TX,ASW,CE,Towers with Radar,0,26,72,0,98,0,2,112,0,114,0,28,184,0,212,142,0,142,354
12/14/2012,FTW,TX,ASW,CE,Towers with Radar,0,23,77,2,102,0,0,10,0,10,0,23,87,2,112,52,0,52,164
12/15/2012,FTW,TX,ASW,CE,Towers with Radar,0,22,29,0,51,0,5,80,0,85,0,27,109,0,136,48,0,48,184
12/16/2012,FTW,TX,ASW,CE,Towers with Radar,0,32,58,0,90,0,1,58,0,59,0,33,116,0,149,14,0,14,163
12/17/2012,FTW,TX,ASW,CE,Towers with Radar,0,14,57,0,71,0,4,89,0,93,0,18,146,0,164,138,0,138,302
12/18/2012,FTW,TX,ASW,CE,Towers with Radar,0,31,60,0,91,0,26,118,0,144,0,57,178,0,235,92,0,92,327
12/19/2012,FTW,TX,ASW,CE,Towers with Radar,0,24,56,0,80,0,0,19,0,19,0,24,75,0,99,46,0,46,145
12/20/2012,FTW,TX,ASW,CE,Towers with Radar,0,16,45,0,61,0,0,39,0,39,0,16,84,0,100,0,0,0,100
12/21/2012,FTW,TX,ASW,CE,Towers with Radar,1,14,55,0,70,0,4,101,0,105,1,18,156,0,175,76,0,76,251
12/22/2012,FTW,TX,ASW,CE,Towers with Radar,0,19,45,0,64,0,2,68,0,70,0,21,113,0,134,18,0,18,152
12/23/2012,FTW,TX,ASW,CE,Towers with Radar,0,19,60,0,79,0,5,39,0,44,0,24,99,0,123,18,0,18,141
12/24/2012,FTW,TX,ASW,CE,Towers with Radar,0,20,23,0,43,0,4,40,0,44,0,24,63,0,87,0,0,0,87
12/25/2012,FTW,TX,ASW,CE,Towers with Radar,0,13,7,0,20,0,0,0,0,0,0,13,7,0,20,0,0,0,20
12/26/2012,FTW,TX,ASW,CE,Towers with Radar,0,32,38,0,70,0,7,41,0,48,0,39,79,0,118,0,0,0,118
12/27/2012,FTW,TX,ASW,CE,Towers with Radar,0,25,82,2,109,0,0,47,0,47,0,25,129,2,156,88,0,88,244
12/28/2012,FTW,TX,ASW,CE,Towers with Radar,0,27,37,0,64,0,0,21,0,21,0,27,58,0,85,4,0,4,89
12/29/2012,FTW,TX,ASW,CE,Towers with Radar,0,19,36,0,55,0,7,61,2,70,0,26,97,2,125,36,0,36,161
12/30/2012,FTW,TX,ASW,CE,Towers with Radar,0,23,31,0,54,0,0,40,0,40,0,23,71,0,94,0,0,0,94
12/31/2012,FTW,TX,ASW,CE,Towers with Radar,0,22,12,0,34,0,0,1,0,1,0,22,13,0,35,0,0,0,35
01/01/2013,FTW,TX,ASW,CE,Towers with Radar,0,11,22,0,33,0,0,6,0,6,0,11,28,0,39,2,0,2,41
01/02/2013,FTW,TX,ASW,CE,Towers with Radar,0,16,49,0,65,0,3,25,0,28,0,19,74,0,93,124,1,125,218
01/03/2013,FTW,TX,ASW,CE,Towers with Radar,1,31,44,2,78,0,4,60,0,64,1,35,104,2,142,32,0,32,174
01/04/2013,FTW,TX,ASW,CE,Towers with Radar,0,31,54,0,85,0,4,61,0,65,0,35,115,0,150,144,0,144,294
01/05/2013,FTW,TX,ASW,CE,Towers with Radar,0,34,61,0,95,0,3,66,0,69,0,37,127,0,164,76,0,76,240
01/06/2013,FTW,TX,ASW,CE,Towers with Radar,0,12,46,0,58,0,0,33,0,33,0,12,79,0,91,18,0,18,109
01/07/2013,FTW,TX,ASW,CE,Towers with Radar,0,16,32,0,48,0,3,46,0,49,0,19,78,0,97,128,0,128,225
01/08/2013,FTW,TX,ASW,CE,Towers with Radar,0,14,34,0,48,0,1,4,0,5,0,15,38,0,53,4,0,4,57
01/09/2013,FTW,TX,ASW,CE,Towers with Radar,0,20,32,1,53,0,0,0,0,0,0,20,32,1,53,0,0,0,53
01/10/2013,FTW,TX,ASW,CE,Towers with Radar,0,20,67,1,88,0,3,35,0,38,0,23,102,1,126,136,0,136,262
01/11/2013,FTW,TX,ASW,CE,Towers with Radar,1,20,42,3,66,0,4,50,0,54,1,24,92,3,120,96,0,96,216
01/12/2013,FTW,TX,ASW,CE,Towers with Radar,1,13,20,5,39,0,0,1,0,1,1,13,21,5,40,0,0,0,40
01/13/2013,FTW,TX,ASW,CE,Towers with Radar,0,11,24,1,36,0,0,41,0,41,0,11,65,1,77,16,0,16,93
01/14/2013,FTW,TX,ASW,CE,Towers with Radar,0,7,48,1,56,0,2,67,0,69,0,9,115,1,125,196,0,196,321
01/15/2013,FTW,TX,ASW,CE,Towers with Radar,1,17,50,1,69,0,0,23,0,23,1,17,73,1,92,144,0,144,236
01/16/2013,FTW,TX,ASW,CE,Towers with Radar,1,27,51,2,81,0,4,78,0,82,1,31,129,2,163,88,0,88,251
01/17/2013,FTW,TX,ASW,CE,Towers with Radar,0,27,75,2,104,0,0,91,1,92,0,27,166,3,196,188,0,188,384
01/18/2013,FTW,TX,ASW,CE,Towers with Radar,1,27,75,3,106,0,1,114,0,115,1,28,189,3,221,100,0,100,321
01/19/2013,FTW,TX,ASW,CE,Towers with Radar,0,12,41,0,53,0,6,94,0,100,0,18,135,0,153,74,0,74,227
01/20/2013,FTW,TX,ASW,CE,Towers with Radar,0,22,42,0,64,0,2,79,0,81,0,24,121,0,145,70,0,70,215
01/21/2013,FTW,TX,ASW,CE,Towers with Radar,1,31,57,2,91,0,2,78,0,80,1,33,135,2,171,68,0,68,239
01/22/2013,FTW,TX,ASW,CE,Towers with Radar,0,31,53,2,86,0,6,72,0,78,0,37,125,2,164,86,0,86,250
01/23/2013,FTW,TX,ASW,CE,Towers with Radar,0,22,71,1,94,0,8,89,0,97,0,30,160,1,191,142,0,142,333
01/24/2013,FTW,TX,ASW,CE,Towers with Radar,0,21,78,2,101,0,7,103,0,110,0,28,181,2,211,144,0,144,355
01/25/2013,FTW,TX,ASW,CE,Towers with Radar,0,35,92,0,127,0,3,19,0,22,0,38,111,0,149,8,0,8,157
01/26/2013,FTW,TX,ASW,CE,Towers with Radar,0,9,53,0,62,0,0,10,0,10,0,9,63,0,72,4,0,4,76
01/27/2013,FTW,TX,ASW,CE,Towers with Radar,0,19,62,0,81,0,2,19,0,21,0,21,81,0,102,31,0,31,133
01/28/2013,FTW,TX,ASW,CE,Towers with Radar,0,20,64,1,85,0,5,27,0,32,0,25,91,1,117,40,0,40,157
01/29/2013,FTW,TX,ASW,CE,Towers with Radar,0,19,57,0,76,0,2,7,0,9,0,21,64,0,85,8,0,8,93
01/30/2013,FTW,TX,ASW,CE,Towers with Radar,0,33,59,0,92,0,0,35,0,35,0,33,94,0,127,24,0,24,151
01/31/2013,FTW,TX,ASW,CE,Towers with Radar,0,27,89,0,116,0,4,127,0,131,0,31,216,0,247,176,0,176,423
02/01/2013,FTW,TX,ASW,CE,Towers with Radar,1,24,53,0,78,0,4,128,0,132,1,28,181,0,210,172,0,172,382
02/02/2013,FTW,TX,ASW,CE,Towers with Radar,0,13,48,2,63,0,6,123,0,129,0,19,171,2,192,146,0,146,338
02/03/2013,FTW,TX,ASW,CE,Towers with Radar,0,23,33,0,56,0,4,54,0,58,0,27,87,0,114,22,0,22,136
02/04/2013,FTW,TX,ASW,CE,Towers with Radar,0,22,81,0,103,0,7,63,0,70,0,29,144,0,173,122,0,122,295
02/05/2013,FTW,TX,ASW,CE,Towers with Radar,2,22,65,2,91,0,1,6,0,7,2,23,71,2,98,58,0,58,156
02/06/2013,FTW,TX,ASW,CE,Towers with Radar,1,24,67,0,92,0,6,26,0,32,1,30,93,0,124,150,0,150,274
02/07/2013,FTW,TX,ASW,CE,Towers with Radar,2,28,76,2,108,0,0,60,0,60,2,28,136,2,168,240,0,240,408
02/08/2013,FTW,TX,ASW,CE,Towers with Radar,0,43,91,2,136,0,1,113,0,114,0,44,204,2,250,288,0,288,538
02/09/2013,FTW,TX,ASW,CE,Towers with Radar,0,16,29,1,46,0,2,8,0,10,0,18,37,1,56,64,0,64,120
02/10/2013,FTW,TX,ASW,CE,Towers with Radar,0,16,47,2,65,0,1,45,0,46,0,17,92,2,111,8,0,8,119
02/11/2013,FTW,TX,ASW,CE,Towers with Radar,0,19,73,1,93,0,5,30,0,35,0,24,103,1,128,70,0,70,198
02/12/2013,FTW,TX,ASW,CE,Towers with Radar,2,29,37,0,68,0,1,1,0,2,2,30,38,0,70,0,0,0,70
02/13/2013,FTW,TX,ASW,CE,Towers with Radar,2,29,65,0,96,0,9,105,0,114,2,38,170,0,210,208,0,208,418
02/14/2013,FTW,TX,ASW,CE,Towers with Radar,0,24,57,0,81,0,5,99,0,104,0,29,156,0,185,162,0,162,347
02/15/2013,FTW,TX,ASW,CE,Towers with Radar,0,34,76,0,110,0,5,124,0,129,0,39,200,0,239,158,0,158,397
02/16/2013,FTW,TX,ASW,CE,Towers with Radar,0,4,30,0,34,0,4,142,0,146,0,8,172,0,180,226,0,226,406
02/17/2013,FTW,TX,ASW,CE,Towers with Radar,0,13,38,0,51,0,4,37,0,41,0,17,75,0,92,4,0,4,96
02/18/2013,FTW,TX,ASW,CE,Towers with Radar,0,33,59,0,92,0,4,33,0,37,0,37,92,0,129,2,0,2,131
02/19/2013,FTW,TX,ASW,CE,Towers with Radar,0,40,102,2,144,0,4,74,1,79,0,44,176,3,223,82,0,82,305
02/20/2013,FTW,TX,ASW,CE,Towers with Radar,0,19,50,0,69,0,3,14,1,18,0,22,64,1,87,73,0,73,160
02/21/2013,FTW,TX,ASW,CE,Towers with Radar,0,18,62,0,80,0,7,51,0,58,0,25,113,0,138,98,0,98,236
02/22/2013,FTW,TX,ASW,CE,Towers with Radar,0,22,61,1,84,0,4,120,0,124,0,26,181,1,208,144,0,144,352
02/23/2013,FTW,TX,ASW,CE,Towers with Radar,0,18,30,0,48,0,5,103,0,108,0,23,133,0,156,110,0,110,266
02/24/2013,FTW,TX,ASW,CE,Towers with Radar,0,15,49,1,65,0,4,39,0,43,0,19,88,1,108,0,0,0,108
02/25/2013,FTW,TX,ASW,CE,Towers with Radar,0,13,40,0,53,0,0,8,0,8,0,13,48,0,61,12,0,12,73
02/26/2013,FTW,TX,ASW,CE,Towers with Radar,0,30,60,2,92,0,0,62,0,62,0,30,122,2,154,70,0,70,224
02/27/2013,FTW,TX,ASW,CE,Towers with Radar,0,30,83,7,120,0,4,65,0,69,0,34,148,7,189,84,0,84,273
02/28/2013,FTW,TX,ASW,CE,Towers with Radar,0,34,120,0,154,0,5,117,0,122,0,39,237,0,276,134,0,134,410
03/01/2013,FTW,TX,ASW,CE,Towers with Radar,0,33,54,5,92,0,1,137,0,138,0,34,191,5,230,212,0,212,442
03/02/2013,FTW,TX,ASW,CE,Towers with Radar,0,18,27,0,45,0,2,103,0,105,0,20,130,0,150,134,0,134,284
03/03/2013,FTW,TX,ASW,CE,Towers with Radar,0,23,50,9,82,0,9,58,0,67,0,32,108,9,149,34,0,34,183
03/04/2013,FTW,TX,ASW,CE,Towers with Radar,0,16,58,0,74,0,0,54,0,54,0,16,112,0,128,62,0,62,190
03/05/2013,FTW,TX,ASW,CE,Towers with Radar,1,32,61,0,94,0,0,45,0,45,1,32,106,0,139,50,0,50,189
03/06/2013,FTW,TX,ASW,CE,Towers with Radar,0,22,65,2,89,0,4,103,1,108,0,26,168,3,197,128,0,128,325
03/07/2013,FTW,TX,ASW,CE,Towers with Radar,1,38,78,10,127,0,3,72,0,75,1,41,150,10,202,102,0,102,304
03/08/2013,FTW,TX,ASW,CE,Towers with Radar,0,21,83,1,105,0,1,17,0,18,0,22,100,1,123,46,0,46,169
03/09/2013,FTW,TX,ASW,CE,Towers with Radar,0,15,47,0,62,0,1,8,0,9,0,16,55,0,71,0,0,0,71
03/10/2013,FTW,TX,ASW,CE,Towers with Radar,0,19,40,3,62,0,4,10,1,15,0,23,50,4,77,0,0,0,77
03/11/2013,FTW,TX,ASW,CE,Towers with Radar,0,17,52,0,69,0,8,81,0,89,0,25,133,0,158,70,0,70,228
03/12/2013,FTW,TX,ASW,CE,Towers with Radar,0,26,47,0,73,0,0,98,1,99,0,26,145,1,172,78,0,78,250
03/13/2013,FTW,TX,ASW,CE,Towers with Radar,0,28,52,2,82,0,2,81,1,84,0,30,133,3,166,290,16,306,472
03/14/2013,FTW,TX,ASW,CE,Towers with Radar,0,39,54,2,95,0,7,84,0,91,0,46,138,2,186,184,0,184,370
03/15/2013,FTW,TX,ASW,CE,Towers with Radar,0,48,67,0,115,0,12,78,1,91,0,60,145,1,206,154,0,154,360
03/16/2013,FTW,TX,ASW,CE,Towers with Radar,0,21,51,1,73,0,6,47,0,53,0,27,98,1,126,42,0,42,168
03/17/2013,FTW,TX,ASW,CE,Towers with Radar,0,26,76,0,102,0,2,43,0,45,0,28,119,0,147,12,0,12,159
03/18/2013,FTW,TX,ASW,CE,Towers with Radar,0,16,61,0,77,0,10,75,0,85,0,26,136,0,162,94,0,94,256
03/19/2013,FTW,TX,ASW,CE,Towers with Radar,0,18,70,1,89,0,5,75,0,80,0,23,145,1,169,137,0,137,306
03/20/2013,FTW,TX,ASW,CE,Towers with Radar,0,34,84,3,121,0,0,107,0,107,0,34,191,3,228,168,0,168,396
03/21/2013,FTW,TX,ASW,CE,Towers with Radar,0,23,79,0,102,0,7,50,0,57,0,30,129,0,159,32,0,32,191
03/22/2013,FTW,TX,ASW,CE,Towers with Radar,0,18,66,0,84,0,3,2,0,5,0,21,68,0,89,6,0,6,95
03/23/2013,FTW,TX,ASW,CE,Towers with Radar,0,19,44,0,63,0,0,1,0,1,0,19,45,0,64,0,0,0,64
03/24/2013,FTW,TX,ASW,CE,Towers with Radar,0,14,46,2,62,0,1,26,1,28,0,15,72,3,90,4,0,4,94
03/25/2013,FTW,TX,ASW,CE,Towers with Radar,1,16,45,0,62,0,2,81,1,84,1,18,126,1,146,18,0,18,164
03/26/2013,FTW,TX,ASW,CE,Towers with Radar,0,22,61,1,84,0,3,105,2,110,0,25,166,3,194,194,0,194,388
03/27/2013,FTW,TX,ASW,CE,Towers with Radar,0,30,67,4,101,0,8,68,3,79,0,38,135,7,180,28,0,28,208
03/28/2013,FTW,TX,ASW,CE,Towers with Radar,0,42,85,0,127,0,4,56,0,60,0,46,141,0,187,216,0,216,403
03/29/2013,FTW,TX,ASW,CE,Towers with Radar,0,33,70,1,104,0,7,57,0,64,0,40,127,1,168,64,0,64,232
03/30/2013,FTW,TX,ASW,CE,Towers with Radar,0,12,39,0,51,0,5,29,0,34,0,17,68,0,85,16,0,16,101
03/31/2013,FTW,TX,ASW,CE,Towers with Radar,0,23,37,0,60,0,5,22,0,27,0,28,59,0,87,0,0,0,87
04/01/2013,FTW,TX,ASW,CE,Towers with Radar,0,32,58,0,90,0,5,111,2,118,0,37,169,2,208,76,14,90,298
04/02/2013,FTW,TX,ASW,CE,Towers with Radar,0,21,53,0,74,0,4,11,0,15,0,25,64,0,89,40,0,40,129
04/03/2013,FTW,TX,ASW,CE,Towers with Radar,0,21,96,0,117,0,0,0,0,0,0,21,96,0,117,0,0,0,117
04/04/2013,FTW,TX,ASW,CE,Towers with Radar,0,37,91,0,128,0,2,39,0,41,0,39,130,0,169,50,0,50,219
04/05/2013,FTW,TX,ASW,CE,Towers with Radar,0,22,64,4,90,0,7,124,3,134,0,29,188,7,224,168,0,168,392
04/06/2013,FTW,TX,ASW,CE,Towers with Radar,0,15,41,0,56,0,4,58,1,63,0,19,99,1,119,20,0,20,139
04/07/2013,FTW,TX,ASW,CE,Towers with Radar,0,24,50,2,76,0,2,18,3,23,0,26,68,5,99,2,0,2,101
04/08/2013,FTW,TX,ASW,CE,Towers with Radar,0,19,54,2,75,0,2,25,0,27,0,21,79,2,102,10,0,10,112
04/09/2013,FTW,TX,ASW,CE,Towers with Radar,0,22,59,4,85,0,2,29,0,31,0,24,88,4,116,46,0,46,162
04/10/2013,FTW,TX,ASW,CE,Towers with Radar,0,21,40,0,61,0,0,4,0,4,0,21,44,0,65,0,0,0,65
04/11/2013,FTW,TX,ASW,CE,Towers with Radar,0,23,93,4,120,0,3,107,5,115,0,26,200,9,235,218,0,218,453
04/12/2013,FTW,TX,ASW,CE,Towers with Radar,0,34,60,2,96,0,4,146,0,150,0,38,206,2,246,122,0,122,368
04/13/2013,FTW,TX,ASW,CE,Towers with Radar,0,30,42,0,72,0,8,78,0,86,0,38,120,0,158,46,0,46,204
04/14/2013,FTW,TX,ASW,CE,Towers with Radar,0,28,29,1,58,0,2,41,0,43,0,30,70,1,101,2,0,2,103
04/15/2013,FTW,TX,ASW,CE,Towers with Radar,0,22,66,3,91,0,10,44,0,54,0,32,110,3,145,126,0,126,271
04/16/2013,FTW,TX,ASW,CE,Towers with Radar,1,15,70,0,86,0,1,59,0,60,1,16,129,0,146,84,0,84,230
04/17/2013,FTW,TX,ASW,CE,Towers with Radar,0,34,62,0,96,0,6,24,0,30,0,40,86,0,126,40,0,40,166
04/18/2013,FTW,TX,ASW,CE,Towers with Radar,0,19,63,0,82,0,1,30,0,31,0,20,93,0,113,36,0,36,149
04/19/2013,FTW,TX,ASW,CE,Towers with Radar,0,37,85,2,124,0,4,138,1,143,0,41,223,3,267,182,0,182,449
04/20/2013,FTW,TX,ASW,CE,Towers with Radar,0,15,32,0,47,0,0,82,0,82,0,15,114,0,129,20,0,20,149
04/21/2013,FTW,TX,ASW,CE,Towers with Radar,0,12,54,0,66,0,2,49,0,51,0,14,103,0,117,10,0,10,127
04/22/2013,FTW,TX,ASW,CE,Towers with Radar,0,20,67,2,89,0,6,94,0,100,0,26,161,2,189,76,0,76,265
04/23/2013,FTW,TX,ASW,CE,Towers with Radar,0,18,66,2,86,0,0,8,0,8,0,18,74,2,94,22,0,22,116
04/24/2013,FTW,TX,ASW,CE,Towers with Radar,0,25,93,2,120,0,11,75,0,86,0,36,168,2,206,86,0,86,292
04/25/2013,FTW,TX,ASW,CE,Towers with Radar,1,32,69,0,102,0,7,42,2,51,1,39,111,2,153,60,0,60,213
04/26/2013,FTW,TX,ASW,CE,Towers with Radar,0,33,90,0,123,0,4,23,0,27,0,37,113,0,150,52,0,52,202
04/27/2013,FTW,TX,ASW,CE,Towers with Radar,0,22,37,0,59,0,4,35,4,43,0,26,72,4,102,58,0,58,160
04/28/2013,FTW,TX,ASW,CE,Towers with Radar,0,52,91,8,151,0,3,71,0,74,0,55,162,8,225,42,0,42,267
04/29/2013,FTW,TX,ASW,CE,Towers with Radar,0,33,86,0,119,0,8,110,0,118,0,41,196,0,237,122,0,122,359
04/30/2013,FTW,TX,ASW,CE,Towers with Radar,0,18,77,2,97,0,8,55,0,63,0,26,132,2,160,146,0,146,306
05/01/2013,FTW,TX,ASW,CE,Towers with Radar,0,19,93,2,114,0,4,69,0,73,0,23,162,2,187,98,0,98,285
05/02/2013,FTW,TX,ASW,CE,Towers with Radar,0,31,53,0,84,0,1,16,0,17,0,32,69,0,101,50,10,60,161
05/03/2013,FTW,TX,ASW,CE,Towers with Radar,2,25,80,0,107,0,3,112,7,122,2,28,192,7,229,40,0,40,269
05/04/2013,FTW,TX,ASW,CE,Towers with Radar,0,10,43,1,54,0,5,61,0,66,0,15,104,1,120,34,0,34,154
05/05/2013,FTW,TX,ASW,CE,Towers with Radar,0,16,55,0,71,0,4,58,0,62,0,20,113,0,133,20,0,20,153
05/06/2013,FTW,TX,ASW,CE,Towers with Radar,0,17,52,0,69,0,2,120,1,123,0,19,172,1,192,162,0,162,354
05/07/2013,FTW,TX,ASW,CE,Towers with Radar,0,31,67,0,98,0,4,115,0,119,0,35,182,0,217,58,0,58,275
05/08/2013,FTW,TX,ASW,CE,Towers with Radar,1,28,83,0,112,0,0,64,0,64,1,28,147,0,176,58,0,58,234
05/09/2013,FTW,TX,ASW,CE,Towers with Radar,0,37,51,2,90,0,1,20,0,21,0,38,71,2,111,22,0,22,133
05/10/2013,FTW,TX,ASW,CE,Towers with Radar,0,21,68,0,89,0,0,48,0,48,0,21,116,0,137,108,0,108,245
05/11/2013,FTW,TX,ASW,CE,Towers with Radar,1,15,40,0,56,0,2,65,0,67,1,17,105,0,123,86,0,86,209
05/12/2013,FTW,TX,ASW,CE,Towers with Radar,0,14,45,0,59,0,7,58,0,65,0,21,103,0,124,2,0,2,126
05/13/2013,FTW,TX,ASW,CE,Towers with Radar,0,22,71,0,93,0,5,90,1,96,0,27,161,1,189,68,0,68,257
05/14/2013,FTW,TX,ASW,CE,Towers with Radar,0,14,66,0,80,0,2,82,0,84,0,16,148,0,164,130,0,130,294
05/15/2013,FTW,TX,ASW,CE,Towers with Radar,0,23,48,0,71,0,1,16,0,17,0,24,64,0,88,36,0,36,124
05/16/2013,FTW,TX,ASW,CE,Towers with Radar,0,56,99,0,155,0,1,26,1,28,0,57,125,1,183,8,0,8,191
05/17/2013,FTW,TX,ASW,CE,Towers with Radar,0,23,76,0,99,0,1,46,0,47,0,24,122,0,146,74,0,74,220
05/18/2013,FTW,TX,ASW,CE,Towers with Radar,0,16,46,0,62,0,2,37,0,39,0,18,83,0,101,66,0,66,167
05/19/2013,FTW,TX,ASW,CE,Towers with Radar,0,20,58,1,79,0,5,25,0,30,0,25,83,1,109,20,0,20,129
05/20/2013,FTW,TX,ASW,CE,Towers with Radar,0,9,64,0,73,0,3,50,0,53,0,12,114,0,126,2,0,2,128
05/21/2013,FTW,TX,ASW,CE,Towers with Radar,0,21,78,0,99,0,0,7,0,7,0,21,85,0,106,34,0,34,140
05/22/2013,FTW,TX,ASW,CE,Towers with Radar,0,21,114,0,135,0,2,133,1,136,0,23,247,1,271,160,0,160,431
05/23/2013,FTW,TX,ASW,CE,Towers with Radar,0,28,87,3,118,0,5,42,0,47,0,33,129,3,165,98,0,98,263
05/24/2013,FTW,TX,ASW,CE,Towers with Radar,0,42,74,0,116,0,5,32,0,37,0,47,106,0,153,66,0,66,219
05/25/2013,FTW,TX,ASW,CE,Towers with Radar,0,12,51,0,63,0,2,17,0,19,0,14,68,0,82,40,0,40,122
05/26/2013,FTW,TX,ASW,CE,Towers with Radar,1,16,41,0,58,0,0,18,0,18,1,16,59,0,76,32,0,32,108
05/27/2013,FTW,TX,ASW,CE,Towers with Radar,0,28,55,0,83,0,2,31,0,33,0,30,86,0,116,34,0,34,150
05/28/2013,FTW,TX,ASW,CE,Towers with Radar,0,26,50,0,76,0,2,32,0,34,0,28,82,0,110,20,0,20,130
05/29/2013,FTW,TX,ASW,CE,Towers with Radar,0,27,67,3,97,0,1,15,0,16,0,28,82,3,113,20,0,20,133
05/30/2013,FTW,TX,ASW,CE,Towers with Radar,0,42,62,2,106,0,2,21,0,23,0,44,83,2,129,62,0,62,191
05/31/2013,FTW,TX,ASW,CE,Towers with Radar,0,24,66,0,90,0,3,39,0,42,0,27,105,0,132,46,0,46,178
06/01/2013,FTW,TX,ASW,CE,Towers with Radar,0,18,48,0,66,0,3,30,0,33,0,21,78,0,99,44,0,44,143
06/02/2013,FTW,TX,ASW,CE,Towers with Radar,0,24,54,0,78,0,2,55,0,57,0,26,109,0,135,46,0,46,181
06/03/2013,FTW,TX,ASW,CE,Towers with Radar,0,20,65,0,85,0,5,126,0,131,0,25,191,0,216,194,0,194,410
06/04/2013,FTW,TX,ASW,CE,Towers with Radar,0,24,93,1,118,0,3,70,0,73,0,27,163,1,191,60,0,60,251
06/05/2013,FTW,TX,ASW,CE,Towers with Radar,0,24,53,0,77,0,3,71,0,74,0,27,124,0,151,110,0,110,261
06/06/2013,FTW,TX,ASW,CE,Towers with Radar,0,18,59,0,77,0,2,37,0,39,0,20,96,0,116,210,0,210,326
06/07/2013,FTW,TX,ASW,CE,Towers with Radar,0,23,37,0,60,0,0,115,1,116,0,23,152,1,176,252,0,252,428
06/08/2013,FTW,TX,ASW,CE,Towers with Radar,1,21,27,0,49,0,0,75,0,75,1,21,102,0,124,74,0,74,198
06/09/2013,FTW,TX,ASW,CE,Towers with Radar,0,19,47,4,70,0,3,44,0,47,0,22,91,4,117,42,0,42,159
06/10/2013,FTW,TX,ASW,CE,Towers with Radar,0,12,64,0,76,0,7,101,0,108,0,19,165,0,184,22,0,22,206
06/11/2013,FTW,TX,ASW,CE,Towers with Radar,0,23,80,0,103,0,2,100,0,102,0,25,180,0,205,94,0,94,299
06/12/2013,FTW,TX,ASW,CE,Towers with Radar,0,28,65,2,95,0,1,67,0,68,0,29,132,2,163,74,0,74,237
06/13/2013,FTW,TX,ASW,CE,Towers with Radar,0,29,55,2,86,0,1,75,0,76,0,30,130,2,162,100,0,100,262
06/14/2013,FTW,TX,ASW,CE,Towers with Radar,1,20,62,1,84,0,4,111,2,117,1,24,173,3,201,278,0,278,479
06/15/2013,FTW,TX,ASW,CE,Towers with Radar,1,13,37,2,53,0,1,169,2,172,1,14,206,4,225,16,0,16,241
06/16/2013,FTW,TX,ASW,CE,Towers with Radar,0,21,46,2,69,0,3,35,0,38,0,24,81,2,107,0,0,0,107
06/17/2013,FTW,TX,ASW,CE,Towers with Radar,0,34,47,3,84,0,2,56,0,58,0,36,103,3,142,38,0,38,180
06/18/2013,FTW,TX,ASW,CE,Towers with Radar,0,25,83,0,108,0,2,57,0,59,0,27,140,0,167,114,0,114,281
06/19/2013,FTW,TX,ASW,CE,Towers with Radar,0,30,74,0,104,0,0,94,0,94,0,30,168,0,198,142,0,142,340
06/20/2013,FTW,TX,ASW,CE,Towers with Radar,0,22,118,2,142,0,4,131,0,135,0,26,249,2,277,152,0,152,429
06/21/2013,FTW,TX,ASW,CE,Towers with Radar,0,37,69,0,106,0,3,83,0,86,0,40,152,0,192,68,0,68,260
06/22/2013,FTW,TX,ASW,CE,Towers with Radar,0,12,33,0,45,0,3,50,0,53,0,15,83,0,98,48,0,48,146
06/23/2013,FTW,TX,ASW,CE,Towers with Radar,1,23,45,0,69,0,1,45,0,46,1,24,90,0,115,26,0,26,141
06/24/2013,FTW,TX,ASW,CE,Towers with Radar,1,21,47,0,69,0,2,92,0,94,1,23,139,0,163,145,0,145,308
06/25/2013,FTW,TX,ASW,CE,Towers with Radar,0,23,59,2,84,0,8,69,7,84,0,31,128,9,168,136,16,152,320
06/26/2013,FTW,TX,ASW,CE,Towers with Radar,0,21,76,2,99,0,1,91,0,92,0,22,167,2,191,184,0,184,375
06/27/2013,FTW,TX,ASW,CE,Towers with Radar,0,31,77,0,108,0,3,133,3,139,0,34,210,3,247,226,0,226,473
06/28/2013,FTW,TX,ASW,CE,Towers with Radar,0,25,64,3,92,0,0,92,1,93,0,25,156,4,185,162,0,162,347
06/29/2013,FTW,TX,ASW,CE,Towers with Radar,0,22,30,2,54,0,2,90,2,94,0,24,120,4,148,100,0,100,248
06/30/2013,FTW,TX,ASW,CE,Towers with Radar,0,15,36,0,51,0,1,49,0,50,0,16,85,0,101,6,0,6,107
07/01/2013,FTW,TX,ASW,CE,Towers with Radar,1,26,64,0,91,0,0,79,0,79,1,26,143,0,170,102,0,102,272
07/02/2013,FTW,TX,ASW,CE,Towers with Radar,0,24,49,0,73,0,5,85,2,92,0,29,134,2,165,118,0,118,283
07/03/2013,FTW,TX,ASW,CE,Towers with Radar,0,22,50,2,74,0,5,88,0,93,0,27,138,2,167,136,0,136,303
07/04/2013,FTW,TX,ASW,CE,Towers with Radar,0,3,23,0,26,0,0,50,0,50,0,3,73,0,76,74,0,74,150
07/05/2013,FTW,TX,ASW,CE,Towers with Radar,0,19,20,0,39,0,0,95,0,95,0,19,115,0,134,154,0,154,288
07/06/2013,FTW,TX,ASW,CE,Towers with Radar,0,13,30,0,43,0,4,68,0,72,0,17,98,0,115,94,0,94,209
07/07/2013,FTW,TX,ASW,CE,Towers with Radar,0,23,67,0,90,0,1,29,0,30,0,24,96,0,120,0,0,0,120
07/08/2013,FTW,TX,ASW,CE,Towers with Radar,0,18,47,0,65,0,4,83,0,87,0,22,130,0,152,130,0,130,282
07/09/2013,FTW,TX,ASW,CE,Towers with Radar,0,24,64,0,88,0,8,74,1,83,0,32,138,1,171,170,0,170,341
07/10/2013,FTW,TX,ASW,CE,Towers with Radar,1,19,58,0,78,0,6,76,0,82,1,25,134,0,160,154,0,154,314
07/11/2013,FTW,TX,ASW,CE,Towers with Radar,0,27,66,3,96,0,0,98,0,98,0,27,164,3,194,232,0,232,426
07/12/2013,FTW,TX,ASW,CE,Towers with Radar,0,25,53,4,82,0,1,104,0,105,0,26,157,4,187,140,0,140,327
07/13/2013,FTW,TX,ASW,CE,Towers with Radar,0,18,32,0,50,0,5,67,0,72,0,23,99,0,122,106,0,106,228
07/14/2013,FTW,TX,ASW,CE,Towers with Radar,1,15,52,0,68,0,3,10,0,13,1,18,62,0,81,0,0,0,81
07/15/2013,FTW,TX,ASW,CE,Towers with Radar,0,27,51,0,78,0,2,2,0,4,0,29,53,0,82,4,0,4,86
07/16/2013,FTW,TX,ASW,CE,Towers with Radar,1,24,88,2,115,0,1,19,0,20,1,25,107,2,135,44,0,44,179
07/17/2013,FTW,TX,ASW,CE,Towers with Radar,0,26,56,10,92,0,0,20,0,20,0,26,76,10,112,46,0,46,158
07/18/2013,FTW,TX,ASW,CE,Towers with Radar,0,27,66,0,93,0,0,105,0,105,0,27,171,0,198,282,0,282,480
07/19/2013,FTW,TX,ASW,CE,Towers with Radar,0,30,45,6,81,0,10,117,1,128,0,40,162,7,209,204,0,204,413
07/20/2013,FTW,TX,ASW,CE,Towers with Radar,0,23,46,0,69,0,2,63,0,65,0,25,109,0,134,132,0,132,266
07/21/2013,FTW,TX,ASW,CE,Towers with Radar,0,18,49,4,71,0,3,51,0,54,0,21,100,4,125,14,0,14,139
07/22/2013,FTW,TX,ASW,CE,Towers with Radar,0,22,65,0,87,0,6,87,0,93,0,28,152,0,180,114,0,114,294
07/23/2013,FTW,TX,ASW,CE,Towers with Radar,0,22,56,2,80,0,8,86,0,94,0,30,142,2,174,68,0,68,242
07/24/2013,FTW,TX,ASW,CE,Towers with Radar,1,27,70,0,98,0,4,74,0,78,1,31,144,0,176,232,0,232,408
07/25/2013,FTW,TX,ASW,CE,Towers with Radar,0,46,90,0,136,0,4,97,0,101,0,50,187,0,237,254,0,254,491
07/26/2013,FTW,TX,ASW,CE,Towers with Radar,0,33,58,1,92,0,2,54,0,56,0,35,112,1,148,172,0,172,320
07/27/2013,FTW,TX,ASW,CE,Towers with Radar,0,11,19,1,31,0,1,76,0,77,0,12,95,1,108,90,0,90,198
07/28/2013,FTW,TX,ASW,CE,Towers with Radar,0,25,51,0,76,0,2,53,0,55,0,27,104,0,131,32,0,32,163
07/29/2013,FTW,TX,ASW,CE,Towers with Radar,0,28,64,0,92,0,6,58,0,64,0,34,122,0,156,58,0,58,214
07/30/2013,FTW,TX,ASW,CE,Towers with Radar,0,15,45,0,60,0,2,84,0,86,0,17,129,0,146,102,0,102,248
07/31/2013,FTW,TX,ASW,CE,Towers with Radar,0,14,60,0,74,0,2,70,0,72,0,16,130,0,146,192,0,192,338
08/01/2013,FTW,TX,ASW,CE,Towers with Radar,0,23,74,5,102,0,2,76,1,79,0,25,150,6,181,156,0,156,337
08/02/2013,FTW,TX,ASW,CE,Towers with Radar,1,24,58,6,89,0,5,88,0,93,1,29,146,6,182,130,0,130,312
08/03/2013,FTW,TX,ASW,CE,Towers with Radar,1,23,34,5,63,0,0,61,1,62,1,23,95,6,125,104,0,104,229
08/04/2013,FTW,TX,ASW,CE,Towers with Radar,0,37,55,1,93,0,1,45,1,47,0,38,100,2,140,6,0,6,146
08/05/2013,FTW,TX,ASW,CE,Towers with Radar,0,23,67,3,93,0,0,58,3,61,0,23,125,6,154,162,2,164,318
08/06/2013,FTW,TX,ASW,CE,Towers with Radar,0,18,64,4,86,0,2,83,0,85,0,20,147,4,171,182,0,182,353
08/07/2013,FTW,TX,ASW,CE,Towers with Radar,0,21,61,2,84,0,1,90,2,93,0,22,151,4,177,156,0,156,333
08/08/2013,FTW,TX,ASW,CE,Towers with Radar,0,30,67,0,97,0,2,47,0,49,0,32,114,0,146,232,0,232,378
08/09/2013,FTW,TX,ASW,CE,Towers with Radar,0,24,82,1,107,0,2,66,0,68,0,26,148,1,175,164,0,164,339
08/10/2013,FTW,TX,ASW,CE,Towers with Radar,0,18,41,0,59,0,5,51,0,56,0,23,92,0,115,66,0,66,181
08/11/2013,FTW,TX,ASW,CE,Towers with Radar,1,35,50,2,88,0,2,39,2,43,1,37,89,4,131,40,0,40,171
08/12/2013,FTW,TX,ASW,CE,Towers with Radar,1,19,46,0,66,0,2,80,0,82,1,21,126,0,148,170,0,170,318
08/13/2013,FTW,TX,ASW,CE,Towers with Radar,0,21,70,9,100,0,1,70,4,75,0,22,140,13,175,118,0,118,293
08/14/2013,FTW,TX,ASW,CE,Towers with Radar,0,28,66,1,95,0,1,23,0,24,0,29,89,1,119,114,0,114,233
08/15/2013,FTW,TX,ASW,CE,Towers with Radar,0,26,90,3,119,0,2,89,5,96,0,28,179,8,215,268,0,268,483
08/16/2013,FTW,TX,ASW,CE,Towers with Radar,0,22,53,2,77,0,0,92,0,92,0,22,145,2,169,134,0,134,303
08/17/2013,FTW,TX,ASW,CE,Towers with Radar,0,8,34,1,43,0,0,76,0,76,0,8,110,1,119,82,0,82,201
08/18/2013,FTW,TX,ASW,CE,Towers with Radar,0,29,55,1,85,0,1,62,0,63,0,30,117,1,148,32,0,32,180
08/19/2013,FTW,TX,ASW,CE,Towers with Radar,0,23,33,3,59,0,1,89,7,97,0,24,122,10,156,168,0,168,324
08/20/2013,FTW,TX,ASW,CE,Towers with Radar,0,17,65,4,86,0,2,92,0,94,0,19,157,4,180,106,0,106,286
08/21/2013,FTW,TX,ASW,CE,Towers with Radar,0,17,64,7,88,0,1,118,2,121,0,18,182,9,209,238,0,238,447
08/22/2013,FTW,TX,ASW,CE,Towers with Radar,0,30,88,4,122,0,4,103,0,107,0,34,191,4,229,428,0,428,657
08/23/2013,FTW,TX,ASW,CE,Towers with Radar,2,28,61,1,92,0,6,65,2,73,2,34,126,3,165,222,0,222,387
08/24/2013,FTW,TX,ASW,CE,Towers with Radar,0,8,24,0,32,0,6,56,0,62,0,14,80,0,94,110,0,110,204
08/25/2013,FTW,TX,ASW,CE,Towers with Radar,0,24,48,3,75,0,2,52,0,54,0,26,100,3,129,46,0,46,175
08/26/2013,FTW,TX,ASW,CE,Towers with Radar,0,23,48,3,74,0,5,78,9,92,0,28,126,12,166,134,0,134,300
08/27/2013,FTW,TX,ASW,CE,Towers with Radar,2,16,68,5,91,0,6,45,1,52,2,22,113,6,143,62,0,62,205
08/28/2013,FTW,TX,ASW,CE,Towers with Radar,0,30,67,12,109,0,1,75,2,78,0,31,142,14,187,146,0,146,333
08/29/2013,FTW,TX,ASW,CE,Towers with Radar,0,23,67,1,91,0,3,97,5,105,0,26,164,6,196,158,0,158,354
08/30/2013,FTW,TX,ASW,CE,Towers with Radar,0,38,68,3,109,0,7,112,6,125,0,45,180,9,234,120,10,130,364
08/31/2013,FTW,TX,ASW,CE,Towers with Radar,0,18,50,0,68,0,4,63,0,67,0,22,113,0,135,96,0,96,231
09/01/2013,FTW,TX,ASW,CE,Towers with Radar,0,19,59,0,78,0,2,46,0,48,0,21,105,0,126,6,0,6,132
09/02/2013,FTW,TX,ASW,CE,Towers with Radar,0,18,59,1,78,0,3,28,0,31,0,21,87,1,109,22,0,22,131
09/03/2013,FTW,TX,ASW,CE,Towers with Radar,0,20,62,0,82,0,2,82,4,88,0,22,144,4,170,94,0,94,264
09/04/2013,FTW,TX,ASW,CE,Towers with Radar,1,19,66,2,88,0,2,96,6,104,1,21,162,8,192,72,0,72,264
09/05/2013,FTW,TX,ASW,CE,Towers with Radar,0,23,66,6,95,0,2,82,0,84,0,25,148,6,179,194,0,194,373
09/06/2013,FTW,TX,ASW,CE,Towers with Radar,0,13,84,2,99,0,0,97,4,101,0,13,181,6,200,110,0,110,310
09/07/2013,FTW,TX,ASW,CE,Towers with Radar,0,15,42,2,59,0,5,52,0,57,0,20,94,2,116,78,0,78,194
09/08/2013,FTW,TX,ASW,CE,Towers with Radar,0,20,37,1,58,0,2,51,0,53,0,22,88,1,111,0,0,0,111
09/09/2013,FTW,TX,ASW,CE,Towers with Radar,0,27,48,9,84,0,1,96,3,100,0,28,144,12,184,110,0,110,294
09/10/2013,FTW,TX,ASW,CE,Towers with Radar,0,22,72,6,100,0,2,69,8,79,0,24,141,14,179,62,0,62,241
09/11/2013,FTW,TX,ASW,CE,Towers with Radar,0,32,62,2,96,0,3,94,2,99,0,35,156,4,195,162,0,162,357
09/12/2013,FTW,TX,ASW,CE,Towers with Radar,0,50,107,9,166,0,1,109,0,110,0,51,216,9,276,188,0,188,464
09/13/2013,FTW,TX,ASW,CE,Towers with Radar,0,34,58,2,94,0,3,83,0,86,0,37,141,2,180,158,0,158,338
09/14/2013,FTW,TX,ASW,CE,Towers with Radar,0,15,41,0,56,0,1,61,0,62,0,16,102,0,118,14,0,14,132
09/15/2013,FTW,TX,ASW,CE,Towers with Radar,0,19,71,0,90,0,0,47,0,47,0,19,118,0,137,23,0,23,160
09/16/2013,FTW,TX,ASW,CE,Towers with Radar,0,15,58,6,79,0,3,59,1,63,0,18,117,7,142,78,0,78,220
09/17/2013,FTW,TX,ASW,CE,Towers with Radar,0,32,91,4,127,0,4,99,11,114,0,36,190,15,241,154,0,154,395
09/18/2013,FTW,TX,ASW,CE,Towers with Radar,0,21,78,0,99,0,5,62,5,72,0,26,140,5,171,116,0,116,287
09/19/2013,FTW,TX,ASW,CE,Towers with Radar,0,26,92,2,120,0,8,63,2,73,0,34,155,4,193,124,0,124,317
09/20/2013,FTW,TX,ASW,CE,Towers with Radar,0,26,65,0,91,0,1,2,0,3,0,27,67,0,94,0,0,0,94
09/21/2013,FTW,TX,ASW,CE,Towers with Radar,0,23,52,1,76,0,2,86,0,88,0,25,138,1,164,92,0,92,256
09/22/2013,FTW,TX,ASW,CE,Towers with Radar,0,20,67,0,87,0,2,60,0,62,0,22,127,0,149,12,0,12,161
09/23/2013,FTW,TX,ASW,CE,Towers with Radar,0,13,48,2,63,0,3,113,1,117,0,16,161,3,180,52,0,52,232
09/24/2013,FTW,TX,ASW,CE,Towers with Radar,0,22,75,2,99,0,6,70,6,82,0,28,145,8,181,126,0,126,307
09/25/2013,FTW,TX,ASW,CE,Towers with Radar,0,19,88,0,107,0,9,134,14,157,0,28,222,14,264,226,0,226,490
09/26/2013,FTW,TX,ASW,CE,Towers with Radar,0,17,99,2,118,0,8,106,3,117,0,25,205,5,235,112,0,112,347
09/27/2013,FTW,TX,ASW,CE,Towers with Radar,1,32,98,3,134,0,4,94,7,105,1,36,192,10,239,166,0,166,405
09/28/2013,FTW,TX,ASW,CE,Towers with Radar,0,15,33,0,48,0,5,21,0,26,0,20,54,0,74,34,0,34,108
09/29/2013,FTW,TX,ASW,CE,Towers with Radar,0,30,76,4,110,0,1,49,0,50,0,31,125,4,160,48,0,48,208
09/30/2013,FTW,TX,ASW,CE,Towers with Radar,0,23,58,0,81,0,4,85,2,91,0,27,143,2,172,56,6,62,234
10/01/2013,FTW,TX,ASW,CE,Towers with Radar,0,18,79,0,97,0,2,67,0,69,0,20,146,0,166,60,0,60,226
10/02/2013,FTW,TX,ASW,CE,Towers with Radar,0,26,82,0,108,0,0,53,0,53,0,26,135,0,161,84,0,84,245
10/03/2013,FTW,TX,ASW,CE,Towers with Radar,0,27,63,0,90,0,6,73,2,81,0,33,136,2,171,89,0,89,260
10/04/2013,FTW,TX,ASW,CE,Towers with Radar,1,19,103,0,123,0,3,64,0,67,1,22,167,0,190,66,0,66,256
10/05/2013,FTW,TX,ASW,CE,Towers with Radar,1,30,46,0,77,0,2,10,0,12,1,32,56,0,89,3,0,3,92
10/06/2013,FTW,TX,ASW,CE,Towers with Radar,0,28,73,0,101,0,2,67,0,69,0,30,140,0,170,14,0,14,184
10/07/2013,FTW,TX,ASW,CE,Towers with Radar,0,16,64,0,80,0,1,109,0,110,0,17,173,0,190,88,0,88,278
10/08/2013,FTW,TX,ASW,CE,Towers with Radar,1,18,82,0,101,0,7,140,0,147,1,25,222,0,248,140,0,140,388
10/09/2013,FTW,TX,ASW,CE,Towers with Radar,0,34,155,0,189,0,4,209,0,213,0,38,364,0,402,4,0,4,406
10/10/2013,FTW,TX,ASW,CE,Towers with Radar,0,28,122,0,150,0,6,170,0,176,0,34,292,0,326,18,0,18,344
10/11/2013,FTW,TX,ASW,CE,Towers with Radar,0,25,162,0,187,0,1,170,4,175,0,26,332,4,362,32,0,32,394
10/12/2013,FTW,TX,ASW,CE,Towers with Radar,1,18,135,0,154,0,4,168,25,197,1,22,303,25,351,0,0,0,351
10/13/2013,FTW,TX,ASW,CE,Towers with Radar,0,17,155,2,174,0,0,22,0,22,0,17,177,2,196,6,0,6,202
10/14/2013,FTW,TX,ASW,CE,Towers with Radar,0,29,63,0,92,0,0,5,0,5,0,29,68,0,97,0,0,0,97
10/15/2013,FTW,TX,ASW,CE,Towers with Radar,1,22,39,2,64,0,1,6,0,7,1,23,45,2,71,12,0,12,83
10/16/2013,FTW,TX,ASW,CE,Towers with Radar,0,26,77,0,103,0,1,51,0,52,0,27,128,0,155,160,0,160,315
10/17/2013,FTW,TX,ASW,CE,Towers with Radar,0,25,67,0,92,0,7,108,2,117,0,32,175,2,209,120,0,120,329
10/18/2013,FTW,TX,ASW,CE,Towers with Radar,0,18,56,0,74,0,0,53,0,53,0,18,109,0,127,104,0,104,231
10/19/2013,FTW,TX,ASW,CE,Towers with Radar,0,20,50,7,77,0,2,85,8,95,0,22,135,15,172,154,0,154,326
10/20/2013,FTW,TX,ASW,CE,Towers with Radar,0,12,40,0,52,0,2,60,0,62,0,14,100,0,114,34,0,34,148
10/21/2013,FTW,TX,ASW,CE,Towers with Radar,0,27,73,5,105,0,0,56,2,58,0,27,129,7,163,101,0,101,264
10/22/2013,FTW,TX,ASW,CE,Towers with Radar,2,21,68,0,91,0,2,70,0,72,2,23,138,0,163,70,0,70,233
10/23/2013,FTW,TX,ASW,CE,Towers with Radar,0,25,80,1,106,0,1,101,1,103,0,26,181,2,209,152,0,152,361
10/24/2013,FTW,TX,ASW,CE,Towers with Radar,0,27,83,0,110,0,1,118,0,119,0,28,201,0,229,124,0,124,353
10/25/2013,FTW,TX,ASW,CE,Towers with Radar,0,25,86,0,111,0,11,97,0,108,0,36,183,0,219,174,0,174,393
10/26/2013,FTW,TX,ASW,CE,Towers with Radar,0,27,66,1,94,0,6,17,2,25,0,33,83,3,119,62,0,62,181
10/27/2013,FTW,TX,ASW,CE,Towers with Radar,0,36,79,1,116,0,1,19,1,21,0,37,98,2,137,14,0,14,151
10/28/2013,FTW,TX,ASW,CE,Towers with Radar,1,29,55,0,85,0,0,25,0,25,1,29,80,0,110,76,0,76,186
10/29/2013,FTW,TX,ASW,CE,Towers with Radar,0,23,68,6,97,0,3,23,0,26,0,26,91,6,123,50,0,50,173
10/30/2013,FTW,TX,ASW,CE,Towers with Radar,0,16,34,1,51,0,0,0,0,0,0,16,34,1,51,0,0,0,51
10/31/2013,FTW,TX,ASW,CE,Towers with Radar,0,22,46,1,69,0,3,41,0,44,0,25,87,1,113,6,0,6,119
11/01/2013,FTW,TX,ASW,CE,Towers with Radar,1,22,87,0,110,0,5,117,0,122,1,27,204,0,232,104,0,104,336
11/02/2013,FTW,TX,ASW,CE,Towers with Radar,0,20,58,1,79,0,279,128,5,412,0,299,186,6,491,18,0,18,509
11/03/2013,FTW,TX,ASW,CE,Towers with Radar,0,22,85,4,111,0,5,79,6,90,0,27,164,10,201,56,0,56,257
11/04/2013,FTW,TX,ASW,CE,Towers with Radar,0,22,46,4,72,0,3,11,0,14,0,25,57,4,86,10,0,10,96
11/05/2013,FTW,TX,ASW,CE,Towers with Radar,1,18,48,4,71,0,0,0,0,0,1,18,48,4,71,0,0,0,71
11/06/2013,FTW,TX,ASW,CE,Towers with Radar,0,23,66,6,95,0,1,31,1,33,0,24,97,7,128,20,0,20,148
11/07/2013,FTW,TX,ASW,CE,Towers with Radar,0,37,81,0,118,0,9,100,0,109,0,46,181,0,227,226,0,226,453
11/08/2013,FTW,TX,ASW,CE,Towers with Radar,0,23,60,0,83,0,6,98,2,106,0,29,158,2,189,166,0,166,355
11/09/2013,FTW,TX,ASW,CE,Towers with Radar,0,36,79,0,115,0,1,104,0,105,0,37,183,0,220,136,0,136,356
11/10/2013,FTW,TX,ASW,CE,Towers with Radar,0,15,65,0,80,0,1,47,0,48,0,16,112,0,128,36,0,36,164
11/11/2013,FTW,TX,ASW,CE,Towers with Radar,0,12,61,0,73,0,3,110,0,113,0,15,171,0,186,114,0,114,300
11/12/2013,FTW,TX,ASW,CE,Towers with Radar,0,23,70,0,93,0,0,36,0,36,0,23,106,0,129,36,0,36,165
11/13/2013,FTW,TX,ASW,CE,Towers with Radar,1,29,72,0,102,0,1,94,0,95,1,30,166,0,197,154,0,154,351
11/14/2013,FTW,TX,ASW,CE,Towers with Radar,0,42,56,0,98,0,8,101,0,109,0,50,157,0,207,152,0,152,359
11/15/2013,FTW,TX,ASW,CE,Towers with Radar,0,20,75,0,95,0,7,96,2,105,0,27,171,2,200,76,0,76,276
11/16/2013,FTW,TX,ASW,CE,Towers with Radar,0,25,51,2,78,0,0,38,0,38,0,25,89,2,116,16,0,16,132
11/17/2013,FTW,TX,ASW,CE,Towers with Radar,0,22,47,0,69,0,4,72,0,76,0,26,119,0,145,30,0,30,175
11/18/2013,FTW,TX,ASW,CE,Towers with Radar,0,21,62,0,83,0,2,63,0,65,0,23,125,0,148,58,0,58,206
11/19/2013,FTW,TX,ASW,CE,Towers with Radar,1,18,76,0,95,0,5,85,0,90,1,23,161,0,185,92,0,92,277
11/20/2013,FTW,TX,ASW,CE,Towers with Radar,0,46,101,0,147,0,3,49,0,52,0,49,150,0,199,126,0,126,325
11/21/2013,FTW,TX,ASW,CE,Towers with Radar,0,35,71,2,108,0,2,8,0,10,0,37,79,2,118,4,0,4,122
11/22/2013,FTW,TX,ASW,CE,Towers with Radar,0,20,53,0,73,0,0,1,0,1,0,20,54,0,74,0,0,0,74
11/23/2013,FTW,TX,ASW,CE,Towers with Radar,0,13,37,0,50,0,2,2,0,4,0,15,39,0,54,0,0,0,54
11/24/2013,FTW,TX,ASW,CE,Towers with Radar,0,17,26,0,43,0,0,0,0,0,0,17,26,0,43,0,0,0,43
11/25/2013,FTW,TX,ASW,CE,Towers with Radar,0,23,22,0,45,0,0,0,0,0,0,23,22,0,45,12,0,12,57
11/26/2013,FTW,TX,ASW,CE,Towers with Radar,0,38,76,0,114,0,4,35,1,40,0,42,111,1,154,64,0,64,218
11/27/2013,FTW,TX,ASW,CE,Towers with Radar,0,22,64,0,86,0,4,116,0,120,0,26,180,0,206,266,0,266,472
11/28/2013,FTW,TX,ASW,CE,Towers with Radar,0,17,14,0,31,0,1,52,0,53,0,18,66,0,84,56,0,56,140
11/29/2013,FTW,TX,ASW,CE,Towers with Radar,0,12,42,0,54,0,6,84,0,90,0,18,126,0,144,10,0,10,154
11/30/2013,FTW,TX,ASW,CE,Towers with Radar,0,20,54,0,74,0,5,47,0,52,0,25,101,0,126,72,0,72,198
12/01/2013,FTW,TX,ASW,CE,Towers with Radar,0,48,86,0,134,0,4,52,0,56,0,52,138,0,190,46,0,46,236
12/02/2013,FTW,TX,ASW,CE,Towers with Radar,0,17,47,0,64,0,6,54,0,60,0,23,101,0,124,144,0,144,268
12/03/2013,FTW,TX,ASW,CE,Towers with Radar,0,35,74,2,111,0,3,122,0,125,0,38,196,2,236,160,0,160,396
12/04/2013,FTW,TX,ASW,CE,Towers with Radar,0,31,65,2,98,0,8,104,0,112,0,39,169,2,210,76,0,76,286
12/05/2013,FTW,TX,ASW,CE,Towers with Radar,0,14,58,0,72,0,0,5,0,5,0,14,63,0,77,6,0,6,83
12/06/2013,FTW,TX,ASW,CE,Towers with Radar,0,2,0,0,2,0,1,0,0,1,0,3,0,0,3,0,0,0,3
12/07/2013,FTW,TX,ASW,CE,Towers with Radar,0,8,11,0,19,0,2,3,0,5,0,10,14,0,24,0,0,0,24
12/08/2013,FTW,TX,ASW,CE,Towers with Radar,0,20,23,2,45,0,0,7,0,7,0,20,30,2,52,0,0,0,52
12/09/2013,FTW,TX,ASW,CE,Towers with Radar,0,23,29,0,52,0,3,7,0,10,0,26,36,0,62,6,0,6,68
12/10/2013,FTW,TX,ASW,CE,Towers with Radar,0,30,75,2,107,0,6,29,0,35,0,36,104,2,142,32,0,32,174
12/11/2013,FTW,TX,ASW,CE,Towers with Radar,0,39,64,0,103,0,9,71,0,80,0,48,135,0,183,100,0,100,283
12/12/2013,FTW,TX,ASW,CE,Towers with Radar,0,33,88,0,121,0,7,105,0,112,0,40,193,0,233,108,0,108,341
12/13/2013,FTW,TX,ASW,CE,Towers with Radar,0,23,65,5,93,0,2,41,0,43,0,25,106,5,136,108,30,138,274
12/14/2013,FTW,TX,ASW,CE,Towers with Radar,0,14,38,5,57,0,0,33,1,34,0,14,71,6,91,42,0,42,133
12/15/2013,FTW,TX,ASW,CE,Towers with Radar,0,40,61,3,104,0,0,66,3,69,0,40,127,6,173,10,0,10,183
12/16/2013,FTW,TX,ASW,CE,Towers with Radar,0,26,74,1,101,0,3,141,3,147,0,29,215,4,248,246,0,246,494
12/17/2013,FTW,TX,ASW,CE,Towers with Radar,0,28,64,0,92,0,7,110,7,124,0,35,174,7,216,294,4,298,514
12/18/2013,FTW,TX,ASW,CE,Towers with Radar,0,21,90,1,112,0,8,106,0,114,0,29,196,1,226,222,0,222,448
12/19/2013,FTW,TX,ASW,CE,Towers with Radar,0,24,93,1,118,0,1,37,0,38,0,25,130,1,156,18,0,18,174
12/20/2013,FTW,TX,ASW,CE,Towers with Radar,0,12,76,0,88,0,0,12,0,12,0,12,88,0,100,42,0,42,142
12/21/2013,FTW,TX,ASW,CE,Towers with Radar,0,24,30,5,59,0,0,16,1,17,0,24,46,6,76,0,0,0,76
12/22/2013,FTW,TX,ASW,CE,Towers with Radar,0,23,34,0,57,0,3,45,0,48,0,26,79,0,105,0,0,0,105
12/23/2013,FTW,TX,ASW,CE,Towers with Radar,0,29,47,0,76,0,3,132,1,136,0,32,179,1,212,118,0,118,330
12/24/2013,FTW,TX,ASW,CE,Towers with Radar,0,14,28,0,42,0,2,59,1,62,0,16,87,1,104,26,0,26,130
12/25/2013,FTW,TX,ASW,CE,Towers with Radar,0,20,11,0,31,0,1,20,0,21,0,21,31,0,52,18,0,18,70
12/26/2013,FTW,TX,ASW,CE,Towers with Radar,0,29,57,0,86,0,2,90,0,92,0,31,147,0,178,82,0,82,260
12/27/2013,FTW,TX,ASW,CE,Towers with Radar,0,24,53,0,77,0,1,101,0,102,0,25,154,0,179,74,0,74,253
12/28/2013,FTW,TX,ASW,CE,Towers with Radar,0,19,36,0,55,0,0,91,0,91,0,19,127,0,146,110,0,110,256
12/29/2013,FTW,TX,ASW,CE,Towers with Radar,0,18,44,0,62,0,4,7,0,11,0,22,51,0,73,10,0,10,83
12/30/2013,FTW,TX,ASW,CE,Towers with Radar,1,19,33,0,53,0,4,94,3,101,1,23,127,3,154,132,0,132,286
12/31/2013,FTW,TX,ASW,CE,Towers with Radar,0,18,37,0,55,0,13,79,1,93,0,31,116,1,148,38,0,38,186
01/01/2014,FTW,TX,ASW,CE,Towers with Radar,0,12,22,0,34,0,3,33,0,36,0,15,55,0,70,4,0,4,74
01/02/2014,FTW,TX,ASW,CE,Towers with Radar,0,14,43,0,57,0,2,68,2,72,0,16,111,2,129,32,0,32,161
01/03/2014,FTW,TX,ASW,CE,Towers with Radar,1,11,69,0,81,0,3,88,3,94,1,14,157,3,175,160,0,160,335
01/04/2014,FTW,TX,ASW,CE,Towers with Radar,3,26,42,0,71,0,6,34,0,40,3,32,76,0,111,8,0,8,119
01/05/2014,FTW,TX,ASW,CE,Towers with Radar,0,32,51,1,84,0,3,16,0,19,0,35,67,1,103,16,0,16,119
01/06/2014,FTW,TX,ASW,CE,Towers with Radar,0,19,40,0,59,0,5,38,0,43,0,24,78,0,102,26,0,26,128
01/07/2014,FTW,TX,ASW,CE,Towers with Radar,0,20,46,0,66,0,5,89,3,97,0,25,135,3,163,84,0,84,247
01/08/2014,FTW,TX,ASW,CE,Towers with Radar,0,28,55,0,83,0,0,0,0,0,0,28,55,0,83,0,0,0,83
01/09/2014,FTW,TX,ASW,CE,Towers with Radar,0,17,26,0,43,0,0,0,0,0,0,17,26,0,43,0,0,0,43
01/10/2014,FTW,TX,ASW,CE,Towers with Radar,0,18,65,4,87,0,0,23,0,23,0,18,88,4,110,12,0,12,122
01/11/2014,FTW,TX,ASW,CE,Towers with Radar,0,7,44,0,51,0,2,103,4,109,0,9,147,4,160,70,0,70,230
01/12/2014,FTW,TX,ASW,CE,Towers with Radar,0,11,27,0,38,0,1,26,3,30,0,12,53,3,68,1,0,1,69
01/13/2014,FTW,TX,ASW,CE,Towers with Radar,0,19,51,0,70,0,7,106,4,117,0,26,157,4,187,140,4,144,331
01/14/2014,FTW,TX,ASW,CE,Towers with Radar,0,30,65,3,98,0,1,85,0,86,0,31,150,3,184,170,0,170,354
01/15/2014,FTW,TX,ASW,CE,Towers with Radar,0,13,70,0,83,0,1,112,8,121,0,14,182,8,204,228,0,228,432
01/16/2014,FTW,TX,ASW,CE,Towers with Radar,0,44,100,2,146,0,3,132,4,139,0,47,232,6,285,154,0,154,439
01/17/2014,FTW,TX,ASW,CE,Towers with Radar,0,21,81,0,102,0,1,145,0,146,0,22,226,0,248,204,0,204,452
01/18/2014,FTW,TX,ASW,CE,Towers with Radar,0,17,36,0,53,0,0,92,0,92,0,17,128,0,145,66,0,66,211
01/19/2014,FTW,TX,ASW,CE,Towers with Radar,1,18,59,0,78,0,5,94,0,99,1,23,153,0,177,88,0,88,265
01/20/2014,FTW,TX,ASW,CE,Towers with Radar,0,25,74,6,105,0,3,99,0,102,0,28,173,6,207,88,0,88,295
01/21/2014,FTW,TX,ASW,CE,Towers with Radar,0,25,61,0,86,0,4,80,1,85,0,29,141,1,171,118,0,118,289
01/22/2014,FTW,TX,ASW,CE,Towers with Radar,0,26,53,0,79,0,3,97,0,100,0,29,150,0,179,152,0,152,331
01/23/2014,FTW,TX,ASW,CE,Towers with Radar,0,20,54,1,75,0,3,9,0,12,0,23,63,1,87,4,0,4,91
01/24/2014,FTW,TX,ASW,CE,Towers with Radar,1,23,61,1,86,0,7,72,1,80,1,30,133,2,166,194,34,228,394
01/25/2014,FTW,TX,ASW,CE,Towers with Radar,0,17,30,3,50,0,2,68,0,70,0,19,98,3,120,218,0,218,338
01/26/2014,FTW,TX,ASW,CE,Towers with Radar,1,17,49,0,67,0,1,55,0,56,1,18,104,0,123,26,0,26,149
01/27/2014,FTW,TX,ASW,CE,Towers with Radar,0,19,48,6,73,0,0,28,0,28,0,19,76,6,101,108,0,108,209
01/28/2014,FTW,TX,ASW,CE,Towers with Radar,0,13,49,0,62,0,1,59,1,61,0,14,108,1,123,192,0,192,315
01/29/2014,FTW,TX,ASW,CE,Towers with Radar,0,10,68,1,79,0,2,89,4,95,0,12,157,5,174,206,0,206,380
01/30/2014,FTW,TX,ASW,CE,Towers with Radar,0,27,56,0,83,0,6,39,2,47,0,33,95,2,130,0,0,0,130
01/31/2014,FTW,TX,ASW,CE,Towers with Radar,0,27,79,1,107,0,2,100,1,103,0,29,179,2,210,232,0,232,442
02/01/2014,FTW,TX,ASW,CE,Towers with Radar,1,13,46,0,60,0,2,15,0,17,1,15,61,0,77,68,0,68,145
02/02/2014,FTW,TX,ASW,CE,Towers with Radar,0,12,24,0,36,0,0,2,0,2,0,12,26,0,38,0,0,0,38
02/03/2014,FTW,TX,ASW,CE,Towers with Radar,0,23,45,6,74,0,1,15,0,16,0,24,60,6,90,132,0,132,222
02/04/2014,FTW,TX,ASW,CE,Towers with Radar,0,17,59,1,77,0,2,10,0,12,0,19,69,1,89,76,0,76,165
02/05/2014,FTW,TX,ASW,CE,Towers with Radar,0,29,69,1,99,0,3,20,3,26,0,32,89,4,125,28,0,28,153
02/06/2014,FTW,TX,ASW,CE,Towers with Radar,0,20,87,0,107,0,6,7,0,13,0,26,94,0,120,4,0,4,124
02/07/2014,FTW,TX,ASW,CE,Towers with Radar,0,26,64,0,90,0,3,19,0,22,0,29,83,0,112,42,0,42,154
02/08/2014,FTW,TX,ASW,CE,Towers with Radar,0,16,56,1,73,0,5,73,1,79,0,21,129,2,152,136,0,136,288
02/09/2014,FTW,TX,ASW,CE,Towers with Radar,1,13,56,5,75,0,0,1,0,1,1,13,57,5,76,0,0,0,76
02/10/2014,FTW,TX,ASW,CE,Towers with Radar,0,10,63,1,74,0,0,0,0,0,0,10,63,1,74,0,0,0,74
02/11/2014,FTW,TX,ASW,CE,Towers with Radar,0,10,42,2,54,0,0,4,0,4,0,10,46,2,58,0,0,0,58
02/12/2014,FTW,TX,ASW,CE,Towers with Radar,0,25,80,0,105,0,4,111,0,115,0,29,191,0,220,232,0,232,452
02/13/2014,FTW,TX,ASW,CE,Towers with Radar,0,35,88,0,123,0,4,124,0,128,0,39,212,0,251,272,0,272,523
02/14/2014,FTW,TX,ASW,CE,Towers with Radar,0,19,64,2,85,0,7,76,0,83,0,26,140,2,168,68,0,68,236
02/15/2014,FTW,TX,ASW,CE,Towers with Radar,0,14,26,2,42,0,4,105,1,110,0,18,131,3,152,92,0,92,244
02/16/2014,FTW,TX,ASW,CE,Towers with Radar,0,18,47,0,65,0,5,27,0,32,0,23,74,0,97,4,0,4,101
02/17/2014,FTW,TX,ASW,CE,Towers with Radar,0,34,64,0,98,0,0,60,0,60,0,34,124,0,158,126,0,126,284
02/18/2014,FTW,TX,ASW,CE,Towers with Radar,0,31,92,0,123,0,6,79,0,85,0,37,171,0,208,112,0,112,320
02/19/2014,FTW,TX,ASW,CE,Towers with Radar,0,45,84,0,129,0,1,10,0,11,0,46,94,0,140,32,0,32,172
02/20/2014,FTW,TX,ASW,CE,Towers with Radar,0,18,70,0,88,0,2,40,0,42,0,20,110,0,130,38,0,38,168
02/21/2014,FTW,TX,ASW,CE,Towers with Radar,0,28,84,0,112,0,13,131,6,150,0,41,215,6,262,270,0,270,532
02/22/2014,FTW,TX,ASW,CE,Towers with Radar,0,25,49,0,74,0,6,109,2,117,0,31,158,2,191,188,0,188,379
02/23/2014,FTW,TX,ASW,CE,Towers with Radar,0,17,68,2,87,0,4,55,0,59,0,21,123,2,146,58,0,58,204
02/24/2014,FTW,TX,ASW,CE,Towers with Radar,0,23,67,3,93,0,2,36,0,38,0,25,103,3,131,152,0,152,283
02/25/2014,FTW,TX,ASW,CE,Towers with Radar,0,30,64,0,94,0,0,4,0,4,0,30,68,0,98,0,0,0,98
02/26/2014,FTW,TX,ASW,CE,Towers with Radar,0,26,69,1,96,0,0,68,0,68,0,26,137,1,164,82,0,82,246
02/27/2014,FTW,TX,ASW,CE,Towers with Radar,0,32,58,4,94,0,5,134,0,139,0,37,192,4,233,202,0,202,435
02/28/2014,FTW,TX,ASW,CE,Towers with Radar,0,33,74,1,108,0,1,115,0,116,0,34,189,1,224,60,0,60,284
03/01/2014,FTW,TX,ASW,CE,Towers with Radar,0,13,43,1,57,0,5,82,0,87,0,18,125,1,144,44,0,44,188
03/02/2014,FTW,TX,ASW,CE,Towers with Radar,0,16,28,0,44,0,0,2,0,2,0,16,30,0,46,0,0,0,46
03/03/2014,FTW,TX,ASW,CE,Towers with Radar,0,36,71,1,108,0,5,46,2,53,0,41,117,3,161,90,0,90,251
03/04/2014,FTW,TX,ASW,CE,Towers with Radar,0,23,73,0,96,0,3,146,0,149,0,26,219,0,245,254,0,254,499
03/05/2014,FTW,TX,ASW,CE,Towers with Radar,1,20,88,0,109,0,0,67,0,67,1,20,155,0,176,204,0,204,380
03/06/2014,FTW,TX,ASW,CE,Towers with Radar,1,25,70,2,98,0,2,88,0,90,1,27,158,2,188,212,0,212,400
03/07/2014,FTW,TX,ASW,CE,Towers with Radar,0,26,91,1,118,0,3,99,5,107,0,29,190,6,225,72,0,72,297
03/08/2014,FTW,TX,ASW,CE,Towers with Radar,0,27,63,1,91,0,4,11,0,15,0,31,74,1,106,2,0,2,108
03/09/2014,FTW,TX,ASW,CE,Towers with Radar,0,18,42,0,60,0,0,70,3,73,0,18,112,3,133,79,0,79,212
03/10/2014,FTW,TX,ASW,CE,Towers with Radar,0,14,53,0,67,0,0,117,1,118,0,14,170,1,185,148,0,148,333
03/11/2014,FTW,TX,ASW,CE,Towers with Radar,0,36,40,0,76,0,10,61,2,73,0,46,101,2,149,134,0,134,283
03/12/2014,FTW,TX,ASW,CE,Towers with Radar,0,17,70,4,91,0,5,39,2,46,0,22,109,6,137,52,0,52,189
03/13/2014,FTW,TX,ASW,CE,Towers with Radar,0,26,76,1,103,0,2,149,1,152,0,28,225,2,255,136,0,136,391
03/14/2014,FTW,TX,ASW,CE,Towers with Radar,0,31,70,0,101,0,2,119,0,121,0,33,189,0,222,106,0,106,328
03/15/2014,FTW,TX,ASW,CE,Towers with Radar,0,21,58,0,79,0,0,2,0,2,0,21,60,0,81,0,0,0,81
03/16/2014,FTW,TX,ASW,CE,Towers with Radar,0,29,61,2,92,0,3,16,0,19,0,32,77,2,111,0,0,0,111
03/17/2014,FTW,TX,ASW,CE,Towers with Radar,0,27,46,1,74,0,4,93,4,101,0,31,139,5,175,278,0,278,453
03/18/2014,FTW,TX,ASW,CE,Towers with Radar,0,27,54,2,83,0,3,34,5,42,0,30,88,7,125,16,0,16,141
03/19/2014,FTW,TX,ASW,CE,Towers with Radar,0,28,67,2,97,0,10,122,3,135,0,38,189,5,232,266,0,266,498
03/20/2014,FTW,TX,ASW,CE,Towers with Radar,0,31,65,1,97,0,8,125,5,138,0,39,190,6,235,158,0,158,393
03/21/2014,FTW,TX,ASW,CE,Towers with Radar,0,19,55,0,74,0,8,55,1,64,0,27,110,1,138,93,0,93,231
03/22/2014,FTW,TX,ASW,CE,Towers with Radar,0,7,35,0,42,0,4,32,1,37,0,11,67,1,79,66,0,66,145
03/23/2014,FTW,TX,ASW,CE,Towers with Radar,0,20,54,0,74,0,6,31,0,37,0,26,85,0,111,28,0,28,139
03/24/2014,FTW,TX,ASW,CE,Towers with Radar,0,22,48,2,72,0,5,74,0,79,0,27,122,2,151,240,0,240,391
03/25/2014,FTW,TX,ASW,CE,Towers with Radar,0,26,62,1,89,0,6,115,3,124,0,32,177,4,213,196,0,196,409
03/26/2014,FTW,TX,ASW,CE,Towers with Radar,0,21,75,2,98,0,1,28,0,29,0,22,103,2,127,52,0,52,179
03/27/2014,FTW,TX,ASW,CE,Towers with Radar,0,30,73,1,104,0,0,48,1,49,0,30,121,2,153,18,0,18,171
03/28/2014,FTW,TX,ASW,CE,Towers with Radar,0,31,70,2,103,0,8,49,0,57,0,39,119,2,160,166,0,166,326
03/29/2014,FTW,TX,ASW,CE,Towers with Radar,0,10,33,0,43,0,2,142,7,151,0,12,175,7,194,256,0,256,450
03/30/2014,FTW,TX,ASW,CE,Towers with Radar,0,18,52,0,70,0,3,79,2,84,0,21,131,2,154,10,0,10,164
03/31/2014,FTW,TX,ASW,CE,Towers with Radar,0,31,47,5,83,0,3,62,8,73,0,34,109,13,156,148,6,154,310
04/01/2014,FTW,TX,ASW,CE,Towers with Radar,0,22,73,4,99,0,3,65,2,70,0,25,138,6,169,198,0,198,367
04/02/2014,FTW,TX,ASW,CE,Towers with Radar,0,31,79,2,112,0,4,20,0,24,0,35,99,2,136,134,0,134,270
04/03/2014,FTW,TX,ASW,CE,Towers with Radar,0,16,67,3,86,0,9,15,0,24,0,25,82,3,110,88,0,88,198
04/04/2014,FTW,TX,ASW,CE,Towers with Radar,1,23,67,1,92,0,4,157,0,161,1,27,224,1,253,264,0,264,517
04/05/2014,FTW,TX,ASW,CE,Towers with Radar,0,17,43,2,62,0,3,64,0,67,0,20,107,2,129,78,0,78,207
04/06/2014,FTW,TX,ASW,CE,Towers with Radar,0,10,36,2,48,0,1,1,0,2,0,11,37,2,50,0,0,0,50
04/07/2014,FTW,TX,ASW,CE,Towers with Radar,0,25,71,3,99,0,0,47,0,47,0,25,118,3,146,182,0,182,328
04/08/2014,FTW,TX,ASW,CE,Towers with Radar,0,19,77,0,96,0,1,67,0,68,0,20,144,0,164,94,0,94,258
04/09/2014,FTW,TX,ASW,CE,Towers with Radar,0,12,74,1,87,0,4,126,0,130,0,16,200,1,217,362,0,362,579
04/10/2014,FTW,TX,ASW,CE,Towers with Radar,0,20,77,0,97,0,5,71,0,76,0,25,148,0,173,92,0,92,265
04/11/2014,FTW,TX,ASW,CE,Towers with Radar,0,28,87,0,115,0,7,130,0,137,0,35,217,0,252,142,0,142,394
04/12/2014,FTW,TX,ASW,CE,Towers with Radar,0,10,34,0,44,0,3,50,0,53,0,13,84,0,97,68,0,68,165
04/13/2014,FTW,TX,ASW,CE,Towers with Radar,0,22,47,0,69,0,2,11,0,13,0,24,58,0,82,16,0,16,98
04/14/2014,FTW,TX,ASW,CE,Towers with Radar,0,22,62,1,85,0,0,13,0,13,0,22,75,1,98,34,0,34,132
04/15/2014,FTW,TX,ASW,CE,Towers with Radar,0,22,59,1,82,0,1,124,1,126,0,23,183,2,208,182,0,182,390
04/16/2014,FTW,TX,ASW,CE,Towers with Radar,0,26,58,0,84,0,7,100,0,107,0,33,158,0,191,62,0,62,253
04/17/2014,FTW,TX,ASW,CE,Towers with Radar,0,48,125,1,174,0,3,27,0,30,0,51,152,1,204,280,0,280,484
04/18/2014,FTW,TX,ASW,CE,Towers with Radar,0,29,77,0,106,0,3,123,0,126,0,32,200,0,232,294,0,294,526
04/19/2014,FTW,TX,ASW,CE,Towers with Radar,0,19,30,0,49,0,5,132,0,137,0,24,162,0,186,208,0,208,394
04/20/2014,FTW,TX,ASW,CE,Towers with Radar,0,28,37,4,69,0,0,34,0,34,0,28,71,4,103,18,0,18,121
04/21/2014,FTW,TX,ASW,CE,Towers with Radar,1,26,82,0,109,0,0,55,0,55,1,26,137,0,164,183,0,183,347
04/22/2014,FTW,TX,ASW,CE,Towers with Radar,0,41,79,0,120,0,5,107,2,114,0,46,186,2,234,300,0,300,534
04/23/2014,FTW,TX,ASW,CE,Towers with Radar,0,31,72,4,107,0,3,136,2,141,0,34,208,6,248,274,0,274,522
04/24/2014,FTW,TX,ASW,CE,Towers with Radar,0,32,67,0,99,0,4,51,0,55,0,36,118,0,154,134,0,134,288
04/25/2014,FTW,TX,ASW,CE,Towers with Radar,0,27,60,2,89,0,2,73,1,76,0,29,133,3,165,126,0,126,291
04/26/2014,FTW,TX,ASW,CE,Towers with Radar,0,12,24,3,39,0,2,52,1,55,0,14,76,4,94,152,0,152,246
04/27/2014,FTW,TX,ASW,CE,Towers with Radar,0,23,29,1,53,0,0,19,3,22,0,23,48,4,75,0,0,0,75
04/28/2014,FTW,TX,ASW,CE,Towers with Radar,0,24,58,3,85,0,2,98,0,100,0,26,156,3,185,108,0,108,293
04/29/2014,FTW,TX,ASW,CE,Towers with Radar,0,28,52,1,81,0,3,73,0,76,0,31,125,1,157,64,0,64,221
04/30/2014,FTW,TX,ASW,CE,Towers with Radar,0,43,109,0,152,0,2,119,2,123,0,45,228,2,275,96,2,98,373
05/01/2014,FTW,TX,ASW,CE,Towers with Radar,0,22,78,1,101,0,8,117,0,125,0,30,195,1,226,256,0,256,482
05/02/2014,FTW,TX,ASW,CE,Towers with Radar,0,20,75,0,95,0,2,109,2,113,0,22,184,2,208,140,0,140,348
05/03/2014,FTW,TX,ASW,CE,Towers with Radar,0,15,39,0,54,0,2,116,1,119,0,17,155,1,173,183,0,183,356
05/04/2014,FTW,TX,ASW,CE,Towers with Radar,0,34,60,0,94,0,6,40,1,47,0,40,100,1,141,52,0,52,193
05/05/2014,FTW,TX,ASW,CE,Towers with Radar,0,24,64,0,88,0,1,82,3,86,0,25,146,3,174,78,0,78,252
05/06/2014,FTW,TX,ASW,CE,Towers with Radar,0,35,78,0,113,0,6,56,0,62,0,41,134,0,175,50,0,50,225
05/07/2014,FTW,TX,ASW,CE,Towers with Radar,0,27,71,4,102,0,4,32,0,36,0,31,103,4,138,46,0,46,184
05/08/2014,FTW,TX,ASW,CE,Towers with Radar,1,26,100,0,127,0,0,12,0,12,1,26,112,0,139,62,0,62,201
05/09/2014,FTW,TX,ASW,CE,Towers with Radar,0,31,99,2,132,0,8,102,0,110,0,39,201,2,242,246,0,246,488
05/10/2014,FTW,TX,ASW,CE,Towers with Radar,0,9,45,0,54,0,2,85,0,87,0,11,130,0,141,62,0,62,203
05/11/2014,FTW,TX,ASW,CE,Towers with Radar,0,28,49,2,79,0,8,31,0,39,0,36,80,2,118,2,0,2,120
05/12/2014,FTW,TX,ASW,CE,Towers with Radar,1,21,66,0,88,0,4,8,0,12,1,25,74,0,100,28,0,28,128
05/13/2014,FTW,TX,ASW,CE,Towers with Radar,0,30,65,0,95,0,0,78,0,78,0,30,143,0,173,80,0,80,253
05/14/2014,FTW,TX,ASW,CE,Towers with Radar,0,25,92,0,117,0,2,108,0,110,0,27,200,0,227,206,0,206,433
05/15/2014,FTW,TX,ASW,CE,Towers with Radar,0,27,101,0,128,0,2,144,1,147,0,29,245,1,275,224,0,224,499
05/16/2014,FTW,TX,ASW,CE,Towers with Radar,0,23,89,0,112,0,1,131,0,132,0,24,220,0,244,248,0,248,492
05/17/2014,FTW,TX,ASW,CE,Towers with Radar,0,12,39,2,53,0,1,109,0,110,0,13,148,2,163,128,0,128,291
05/18/2014,FTW,TX,ASW,CE,Towers with Radar,0,28,46,0,74,0,2,48,1,51,0,30,94,1,125,24,0,24,149
05/19/2014,FTW,TX,ASW,CE,Towers with Radar,1,22,78,0,101,0,6,43,2,51,1,28,121,2,152,72,0,72,224
05/20/2014,FTW,TX,ASW,CE,Towers with Radar,0,31,96,0,127,0,6,87,1,94,0,37,183,1,221,68,0,68,289
05/21/2014,FTW,TX,ASW,CE,Towers with Radar,0,21,97,4,122,0,7,87,1,95,0,28,184,5,217,82,0,82,299
05/22/2014,FTW,TX,ASW,CE,Towers with Radar,0,42,118,0,160,0,18,114,0,132,0,60,232,0,292,386,0,386,678
05/23/2014,FTW,TX,ASW,CE,Towers with Radar,0,18,76,0,94,0,5,107,1,113,0,23,183,1,207,184,0,184,391
05/24/2014,FTW,TX,ASW,CE,Towers with Radar,0,18,52,0,70,0,1,58,1,60,0,19,110,1,130,50,0,50,180
05/25/2014,FTW,TX,ASW,CE,Towers with Radar,0,22,41,0,63,0,0,8,0,8,0,22,49,0,71,0,0,0,71
05/26/2014,FTW,TX,ASW,CE,Towers with Radar,0,14,53,0,67,0,3,21,0,24,0,17,74,0,91,26,0,26,117
05/27/2014,FTW,TX,ASW,CE,Towers with Radar,0,12,56,0,68,0,3,24,0,27,0,15,80,0,95,74,0,74,169
05/28/2014,FTW,TX,ASW,CE,Towers with Radar,0,29,75,0,104,0,2,65,1,68,0,31,140,1,172,182,0,182,354
05/29/2014,FTW,TX,ASW,CE,Towers with Radar,0,33,84,0,117,0,1,96,0,97,0,34,180,0,214,184,0,184,398
05/30/2014,FTW,TX,ASW,CE,Towers with Radar,0,26,88,1,115,0,3,92,0,95,0,29,180,1,210,186,0,186,396
05/31/2014,FTW,TX,ASW,CE,Towers with Radar,0,23,66,0,89,0,3,45,1,49,0,26,111,1,138,58,0,58,196
06/01/2014,FTW,TX,ASW,CE,Towers with Radar,0,17,65,1,83,0,5,57,2,64,0,22,122,3,147,36,0,36,183
06/02/2014,FTW,TX,ASW,CE,Towers with Radar,0,29,61,0,90,0,4,57,3,64,0,33,118,3,154,52,0,52,206
06/03/2014,FTW,TX,ASW,CE,Towers with Radar,0,34,83,3,120,0,3,84,2,89,0,37,167,5,209,146,0,146,355
06/04/2014,FTW,TX,ASW,CE,Towers with Radar,0,17,74,2,93,0,4,102,2,108,0,21,176,4,201,132,0,132,333
06/05/2014,FTW,TX,ASW,CE,Towers with Radar,0,36,115,1,152,0,2,95,1,98,0,38,210,2,250,274,0,274,524
06/06/2014,FTW,TX,ASW,CE,Towers with Radar,0,31,77,5,113,0,3,101,5,109,0,34,178,10,222,166,16,182,404
06/07/2014,FTW,TX,ASW,CE,Towers with Radar,1,25,60,0,86,0,1,91,0,92,1,26,151,0,178,140,0,140,318
06/08/2014,FTW,TX,ASW,CE,Towers with Radar,0,20,70,0,90,0,3,24,0,27,0,23,94,0,117,46,0,46,163
06/09/2014,FTW,TX,ASW,CE,Towers with Radar,1,26,47,0,74,0,2,21,1,24,1,28,68,1,98,82,0,82,180
06/10/2014,FTW,TX,ASW,CE,Towers with Radar,0,25,130,1,156,0,0,139,0,139,0,25,269,1,295,84,0,84,379
06/11/2014,FTW,TX,ASW,CE,Towers with Radar,0,28,117,3,148,0,12,162,2,176,0,40,279,5,324,222,0,222,546
06/12/2014,FTW,TX,ASW,CE,Towers with Radar,0,55,104,0,159,0,3,48,1,52,0,58,152,1,211,16,0,16,227
06/13/2014,FTW,TX,ASW,CE,Towers with Radar,0,30,83,0,113,0,2,104,0,106,0,32,187,0,219,172,0,172,391
06/14/2014,FTW,TX,ASW,CE,Towers with Radar,0,14,42,0,56,0,4,170,1,175,0,18,212,1,231,104,0,104,335
06/15/2014,FTW,TX,ASW,CE,Towers with Radar,1,24,66,2,93,0,0,40,0,40,1,24,106,2,133,0,0,0,133
06/16/2014,FTW,TX,ASW,CE,Towers with Radar,0,23,83,0,106,0,3,57,0,60,0,26,140,0,166,20,0,20,186
06/17/2014,FTW,TX,ASW,CE,Towers with Radar,0,26,77,0,103,0,5,58,1,64,0,31,135,1,167,82,0,82,249
06/18/2014,FTW,TX,ASW,CE,Towers with Radar,0,43,103,0,146,0,3,68,0,71,0,46,171,0,217,94,0,94,311
06/19/2014,FTW,TX,ASW,CE,Towers with Radar,0,32,89,0,121,0,6,83,0,89,0,38,172,0,210,214,0,214,424
06/20/2014,FTW,TX,ASW,CE,Towers with Radar,0,41,88,0,129,0,9,115,2,126,0,50,203,2,255,180,0,180,435
06/21/2014,FTW,TX,ASW,CE,Towers with Radar,0,12,62,0,74,0,3,114,5,122,0,15,176,5,196,124,0,124,320
06/22/2014,FTW,TX,ASW,CE,Towers with Radar,0,14,63,1,78,0,0,13,0,13,0,14,76,1,91,6,0,6,97
06/23/2014,FTW,TX,ASW,CE,Towers with Radar,1,13,66,0,80,0,3,64,0,67,1,16,130,0,147,56,0,56,203
06/24/2014,FTW,TX,ASW,CE,Towers with Radar,0,20,49,0,69,0,4,76,1,81,0,24,125,1,150,46,0,46,196
06/25/2014,FTW,TX,ASW,CE,Towers with Radar,0,28,67,0,95,0,5,21,0,26,0,33,88,0,121,10,0,10,131
06/26/2014,FTW,TX,ASW,CE,Towers with Radar,0,25,89,0,114,0,9,66,0,75,0,34,155,0,189,92,0,92,281
06/27/2014,FTW,TX,ASW,CE,Towers with Radar,1,24,93,0,118,0,8,72,0,80,1,32,165,0,198,16,0,16,214
06/28/2014,FTW,TX,ASW,CE,Towers with Radar,0,16,52,0,68,0,4,43,0,47,0,20,95,0,115,34,0,34,149
06/29/2014,FTW,TX,ASW,CE,Towers with Radar,0,21,34,0,55,0,2,23,0,25,0,23,57,0,80,6,0,6,86
06/30/2014,FTW,TX,ASW,CE,Towers with Radar,0,12,76,0,88,0,0,93,0,93,0,12,169,0,181,12,0,12,193
07/01/2014,FTW,TX,ASW,CE,Towers with Radar,0,17,56,0,73,0,2,108,0,110,0,19,164,0,183,76,0,76,259
07/02/2014,FTW,TX,ASW,CE,Towers with Radar,1,27,64,0,92,0,4,81,0,85,1,31,145,0,177,126,0,126,303
07/03/2014,FTW,TX,ASW,CE,Towers with Radar,0,48,117,0,165,0,2,72,0,74,0,50,189,0,239,132,0,132,371
07/04/2014,FTW,TX,ASW,CE,Towers with Radar,0,12,21,0,33,0,1,72,4,77,0,13,93,4,110,86,0,86,196
07/05/2014,FTW,TX,ASW,CE,Towers with Radar,0,12,32,0,44,0,0,94,3,97,0,12,126,3,141,64,0,64,205
07/06/2014,FTW,TX,ASW,CE,Towers with Radar,0,25,69,0,94,0,5,57,1,63,0,30,126,1,157,40,0,40,197
07/07/2014,FTW,TX,ASW,CE,Towers with Radar,0,19,63,0,82,0,1,108,0,109,0,20,171,0,191,88,0,88,279
07/08/2014,FTW,TX,ASW,CE,Towers with Radar,0,16,72,0,88,0,1,124,0,125,0,17,196,0,213,60,0,60,273
07/09/2014,FTW,TX,ASW,CE,Towers with Radar,1,23,80,0,104,0,6,71,1,78,1,29,151,1,182,78,0,78,260
07/10/2014,FTW,TX,ASW,CE,Towers with Radar,0,48,112,3,163,0,12,191,1,204,0,60,303,4,367,92,0,92,459
07/11/2014,FTW,TX,ASW,CE,Towers with Radar,0,27,91,0,118,0,12,127,4,143,0,39,218,4,261,104,0,104,365
07/12/2014,FTW,TX,ASW,CE,Towers with Radar,0,20,32,0,52,0,2,84,2,88,0,22,116,2,140,204,0,204,344
07/13/2014,FTW,TX,ASW,CE,Towers with Radar,0,19,55,0,74,0,5,61,1,67,0,24,116,1,141,74,0,74,215
07/14/2014,FTW,TX,ASW,CE,Towers with Radar,0,19,55,1,75,0,8,73,0,81,0,27,128,1,156,114,0,114,270
07/15/2014,FTW,TX,ASW,CE,Towers with Radar,0,19,64,1,84,0,5,69,0,74,0,24,133,1,158,108,0,108,266
07/16/2014,FTW,TX,ASW,CE,Towers with Radar,1,24,68,0,93,0,2,75,0,77,1,26,143,0,170,70,0,70,240
07/17/2014,FTW,TX,ASW,CE,Towers with Radar,2,30,64,0,96,0,0,1,0,1,2,30,65,0,97,0,0,0,97
07/18/2014,FTW,TX,ASW,CE,Towers with Radar,0,13,80,0,93,0,2,29,0,31,0,15,109,0,124,58,0,58,182
07/19/2014,FTW,TX,ASW,CE,Towers with Radar,0,7,49,0,56,0,0,43,0,43,0,7,92,0,99,210,0,210,309
07/20/2014,FTW,TX,ASW,CE,Towers with Radar,2,29,69,0,100,0,3,45,1,49,2,32,114,1,149,58,2,60,209
07/21/2014,FTW,TX,ASW,CE,Towers with Radar,0,21,79,0,100,0,0,88,0,88,0,21,167,0,188,84,0,84,272
07/22/2014,FTW,TX,ASW,CE,Towers with Radar,0,24,64,0,88,0,2,106,0,108,0,26,170,0,196,144,0,144,340
07/23/2014,FTW,TX,ASW,CE,Towers with Radar,0,30,72,0,102,0,1,105,0,106,0,31,177,0,208,86,0,86,294
07/24/2014,FTW,TX,ASW,CE,Towers with Radar,0,25,89,0,114,0,0,147,0,147,0,25,236,0,261,52,0,52,313
07/25/2014,FTW,TX,ASW,CE,Towers with Radar,0,21,57,3,81,0,7,100,0,107,0,28,157,3,188,132,0,132,320
07/26/2014,FTW,TX,ASW,CE,Towers with Radar,0,13,40,2,55,0,5,53,0,58,0,18,93,2,113,46,0,46,159
07/27/2014,FTW,TX,ASW,CE,Towers with Radar,0,14,41,2,57,0,0,54,0,54,0,14,95,2,111,40,0,40,151
07/28/2014,FTW,TX,ASW,CE,Towers with Radar,0,19,65,1,85,0,4,73,0,77,0,23,138,1,162,114,0,114,276
07/29/2014,FTW,TX,ASW,CE,Towers with Radar,0,31,72,1,104,0,6,54,0,60,0,37,126,1,164,106,0,106,270
07/30/2014,FTW,TX,ASW,CE,Towers with Radar,0,18,67,0,85,0,3,65,0,68,0,21,132,0,153,76,0,76,229
07/31/2014,FTW,TX,ASW,CE,Towers with Radar,0,40,111,0,151,0,0,26,0,26,0,40,137,0,177,34,0,34,211
08/01/2014,FTW,TX,ASW,CE,Towers with Radar,0,11,76,2,89,0,1,38,0,39,0,12,114,2,128,128,0,128,256
08/02/2014,FTW,TX,ASW,CE,Towers with Radar,0,14,65,0,79,0,8,119,0,127,0,22,184,0,206,114,0,114,320
08/03/2014,FTW,TX,ASW,CE,Towers with Radar,0,25,82,0,107,0,6,51,0,57,0,31,133,0,164,12,0,12,176
08/04/2014,FTW,TX,ASW,CE,Towers with Radar,0,26,60,0,86,0,2,85,0,87,0,28,145,0,173,112,0,112,285
08/05/2014,FTW,TX,ASW,CE,Towers with Radar,0,21,82,0,103,0,1,134,0,135,0,22,216,0,238,108,0,108,346
08/06/2014,FTW,TX,ASW,CE,Towers with Radar,0,26,59,0,85,0,0,116,0,116,0,26,175,0,201,122,0,122,323
08/07/2014,FTW,TX,ASW,CE,Towers with Radar,0,31,101,2,134,0,4,90,0,94,0,35,191,2,228,134,0,134,362
08/08/2014,FTW,TX,ASW,CE,Towers with Radar,0,20,70,2,92,0,2,117,0,119,0,22,187,2,211,68,0,68,279
08/09/2014,FTW,TX,ASW,CE,Towers with Radar,0,6,36,3,45,0,1,66,0,67,0,7,102,3,112,54,0,54,166
08/10/2014,FTW,TX,ASW,CE,Towers with Radar,0,30,60,1,91,0,0,31,0,31,0,30,91,1,122,4,0,4,126
08/11/2014,FTW,TX,ASW,CE,Towers with Radar,0,23,73,1,97,0,0,76,0,76,0,23,149,1,173,78,0,78,251
08/12/2014,FTW,TX,ASW,CE,Towers with Radar,0,33,88,1,122,0,3,129,0,132,0,36,217,1,254,76,0,76,330
08/13/2014,FTW,TX,ASW,CE,Towers with Radar,0,27,72,2,101,0,4,144,0,148,0,31,216,2,249,90,0,90,339
08/14/2014,FTW,TX,ASW,CE,Towers with Radar,0,21,79,0,100,0,0,98,0,98,0,21,177,0,198,92,0,92,290
08/15/2014,FTW,TX,ASW,CE,Towers with Radar,0,29,66,8,103,0,6,123,0,129,0,35,189,8,232,178,0,178,410
08/16/2014,FTW,TX,ASW,CE,Towers with Radar,1,17,52,2,72,0,1,65,0,66,1,18,117,2,138,20,0,20,158
08/17/2014,FTW,TX,ASW,CE,Towers with Radar,0,24,51,0,75,0,1,34,0,35,0,25,85,0,110,26,0,26,136
08/18/2014,FTW,TX,ASW,CE,Towers with Radar,0,25,76,1,102,0,2,70,0,72,0,27,146,1,174,142,0,142,316
08/19/2014,FTW,TX,ASW,CE,Towers with Radar,0,35,97,1,133,0,11,101,0,112,0,46,198,1,245,122,0,122,367
08/20/2014,FTW,TX,ASW,CE,Towers with Radar,0,24,83,1,108,0,7,111,0,118,0,31,194,1,226,144,0,144,370
08/21/2014,FTW,TX,ASW,CE,Towers with Radar,0,19,89,0,108,0,1,100,1,102,0,20,189,1,210,132,0,132,342
08/22/2014,FTW,TX,ASW,CE,Towers with Radar,0,33,61,0,94,0,5,135,0,140,0,38,196,0,234,128,0,128,362
08/23/2014,FTW,TX,ASW,CE,Towers with Radar,0,15,32,0,47,0,2,96,0,98,0,17,128,0,145,102,0,102,247
08/24/2014,FTW,TX,ASW,CE,Towers with Radar,0,14,45,0,59,0,0,64,0,64,0,14,109,0,123,122,0,122,245
08/25/2014,FTW,TX,ASW,CE,Towers with Radar,0,11,61,0,72,0,1,92,0,93,0,12,153,0,165,160,0,160,325
08/26/2014,FTW,TX,ASW,CE,Towers with Radar,0,15,69,0,84,0,4,111,0,115,0,19,180,0,199,148,0,148,347
08/27/2014,FTW,TX,ASW,CE,Towers with Radar,0,25,72,1,98,0,3,91,0,94,0,28,163,1,192,82,0,82,274
08/28/2014,FTW,TX,ASW,CE,Towers with Radar,0,39,128,2,169,0,5,141,1,147,0,44,269,3,316,146,0,146,462
08/29/2014,FTW,TX,ASW,CE,Towers with Radar,0,30,67,2,99,0,1,73,1,75,0,31,140,3,174,108,0,108,282
08/30/2014,FTW,TX,ASW,CE,Towers with Radar,0,18,56,1,75,0,5,90,0,95,0,23,146,1,170,48,0,48,218
08/31/2014,FTW,TX,ASW,CE,Towers with Radar,0,11,45,0,56,0,0,57,0,57,0,11,102,0,113,18,0,18,131
09/01/2014,FTW,TX,ASW,CE,Towers with Radar,0,18,74,0,92,0,3,48,0,51,0,21,122,0,143,28,0,28,171
09/02/2014,FTW,TX,ASW,CE,Towers with Radar,0,13,59,0,72,0,3,101,0,104,0,16,160,0,176,162,0,162,338
09/03/2014,FTW,TX,ASW,CE,Towers with Radar,0,19,52,0,71,0,5,92,0,97,0,24,144,0,168,94,0,94,262
09/04/2014,FTW,TX,ASW,CE,Towers with Radar,0,12,120,0,132,0,2,139,0,141,0,14,259,0,273,114,0,114,387
09/05/2014,FTW,TX,ASW,CE,Towers with Radar,0,22,66,0,88,0,2,114,0,116,0,24,180,0,204,76,0,76,280
09/06/2014,FTW,TX,ASW,CE,Towers with Radar,0,12,52,0,64,0,0,93,1,94,0,12,145,1,158,100,0,100,258
09/07/2014,FTW,TX,ASW,CE,Towers with Radar,0,20,103,0,123,0,0,32,0,32,0,20,135,0,155,10,0,10,165
09/08/2014,FTW,TX,ASW,CE,Towers with Radar,0,18,61,1,80,0,4,102,0,106,0,22,163,1,186,60,0,60,246
09/09/2014,FTW,TX,ASW,CE,Towers with Radar,0,17,72,1,90,0,0,115,4,119,0,17,187,5,209,86,0,86,295
09/10/2014,FTW,TX,ASW,CE,Towers with Radar,0,55,87,0,142,0,11,102,1,114,0,66,189,1,256,84,0,84,340
09/11/2014,FTW,TX,ASW,CE,Towers with Radar,0,32,92,1,125,0,5,45,1,51,0,37,137,2,176,198,0,198,374
09/12/2014,FTW,TX,ASW,CE,Towers with Radar,0,36,113,1,150,0,0,0,0,0,0,36,113,1,150,0,0,0,150
09/13/2014,FTW,TX,ASW,CE,Towers with Radar,0,31,76,0,107,0,2,27,0,29,0,33,103,0,136,56,0,56,192
09/14/2014,FTW,TX,ASW,CE,Towers with Radar,0,30,95,0,125,0,0,37,0,37,0,30,132,0,162,64,0,64,226
09/15/2014,FTW,TX,ASW,CE,Towers with Radar,0,24,71,0,95,0,1,79,1,81,0,25,150,1,176,112,0,112,288
09/16/2014,FTW,TX,ASW,CE,Towers with Radar,0,36,94,0,130,0,0,96,1,97,0,36,190,1,227,124,0,124,351
09/17/2014,FTW,TX,ASW,CE,Towers with Radar,1,26,79,0,106,0,5,93,0,98,1,31,172,0,204,100,0,100,304
09/18/2014,FTW,TX,ASW,CE,Towers with Radar,1,25,84,0,110,0,0,73,0,73,1,25,157,0,183,176,0,176,359
09/19/2014,FTW,TX,ASW,CE,Towers with Radar,0,33,102,0,135,0,3,81,0,84,0,36,183,0,219,188,0,188,407
09/20/2014,FTW,TX,ASW,CE,Towers with Radar,0,15,38,0,53,0,3,46,0,49,0,18,84,0,102,38,0,38,140
09/21/2014,FTW,TX,ASW,CE,Towers with Radar,1,26,68,0,95,0,4,54,0,58,1,30,122,0,153,14,0,14,167
09/22/2014,FTW,TX,ASW,CE,Towers with Radar,1,16,72,0,89,0,8,130,0,138,1,24,202,0,227,90,0,90,317
09/23/2014,FTW,TX,ASW,CE,Towers with Radar,0,12,57,0,69,0,0,137,0,137,0,12,194,0,206,182,0,182,388
09/24/2014,FTW,TX,ASW,CE,Towers with Radar,0,29,86,0,115,0,3,123,1,127,0,32,209,1,242,202,0,202,444
09/25/2014,FTW,TX,ASW,CE,Towers with Radar,1,30,102,0,133,0,6,133,0,139,1,36,235,0,272,140,0,140,412
09/26/2014,FTW,TX,ASW,CE,Towers with Radar,0,24,75,1,100,0,3,113,0,116,0,27,188,1,216,90,0,90,306
09/27/2014,FTW,TX,ASW,CE,Towers with Radar,0,5,54,0,59,0,5,109,0,114,0,10,163,0,173,184,0,184,357
09/28/2014,FTW,TX,ASW,CE,Towers with Radar,0,28,85,3,116,0,3,53,0,56,0,31,138,3,172,34,0,34,206
09/29/2014,FTW,TX,ASW,CE,Towers with Radar,0,23,59,0,82,0,2,99,0,101,0,25,158,0,183,113,0,113,296
09/30/2014,FTW,TX,ASW,CE,Towers with Radar,0,26,69,0,95,0,0,104,0,104,0,26,173,0,199,132,0,132,331
10/01/2014,FTW,TX,ASW,CE,Towers with Radar,0,27,76,0,103,0,3,68,0,71,0,30,144,0,174,86,0,86,260
10/02/2014,FTW,TX,ASW,CE,Towers with Radar,0,25,91,0,116,0,2,66,1,69,0,27,157,1,185,36,0,36,221
10/03/2014,FTW,TX,ASW,CE,Towers with Radar,0,41,117,0,158,0,1,134,0,135,0,42,251,0,293,116,0,116,409
10/04/2014,FTW,TX,ASW,CE,Towers with Radar,0,23,86,0,109,0,8,127,1,136,0,31,213,1,245,80,0,80,325
10/05/2014,FTW,TX,ASW,CE,Towers with Radar,0,27,86,5,118,0,3,99,1,103,0,30,185,6,221,4,8,12,233
10/06/2014,FTW,TX,ASW,CE,Towers with Radar,1,27,52,1,81,0,6,86,0,92,1,33,138,1,173,150,0,150,323
10/07/2014,FTW,TX,ASW,CE,Towers with Radar,0,21,97,2,120,0,3,115,0,118,0,24,212,2,238,116,0,116,354
10/08/2014,FTW,TX,ASW,CE,Towers with Radar,0,32,80,1,113,0,0,110,0,110,0,32,190,1,223,100,0,100,323
10/09/2014,FTW,TX,ASW,CE,Towers with Radar,0,29,69,0,98,0,0,75,1,76,0,29,144,1,174,110,0,110,284
10/10/2014,FTW,TX,ASW,CE,Towers with Radar,0,49,100,1,150,0,2,77,0,79,0,51,177,1,229,66,0,66,295
10/11/2014,FTW,TX,ASW,CE,Towers with Radar,0,13,54,0,67,0,0,6,1,7,0,13,60,1,74,20,0,20,94
10/12/2014,FTW,TX,ASW,CE,Towers with Radar,0,15,61,1,77,0,7,32,5,44,0,22,93,6,121,24,0,24,145
10/13/2014,FTW,TX,ASW,CE,Towers with Radar,0,24,50,1,75,0,0,4,0,4,0,24,54,1,79,0,0,0,79
10/14/2014,FTW,TX,ASW,CE,Towers with Radar,0,21,91,0,112,0,4,91,0,95,0,25,182,0,207,74,0,74,281
10/15/2014,FTW,TX,ASW,CE,Towers with Radar,0,20,79,0,99,0,3,151,0,154,0,23,230,0,253,210,0,210,463
10/16/2014,FTW,TX,ASW,CE,Towers with Radar,0,35,68,0,103,0,2,106,2,110,0,37,174,2,213,74,0,74,287
10/17/2014,FTW,TX,ASW,CE,Towers with Radar,2,26,83,0,111,0,6,158,0,164,2,32,241,0,275,128,0,128,403
10/18/2014,FTW,TX,ASW,CE,Towers with Radar,2,18,65,0,85,0,1,111,0,112,2,19,176,0,197,106,0,106,303
10/19/2014,FTW,TX,ASW,CE,Towers with Radar,0,25,83,0,108,0,2,52,0,54,0,27,135,0,162,24,0,24,186
10/20/2014,FTW,TX,ASW,CE,Towers with Radar,0,23,86,2,111,0,4,110,0,114,0,27,196,2,225,130,0,130,355
10/21/2014,FTW,TX,ASW,CE,Towers with Radar,0,25,70,0,95,0,3,101,1,105,0,28,171,1,200,108,0,108,308
10/22/2014,FTW,TX,ASW,CE,Towers with Radar,0,38,92,3,133,0,1,93,2,96,0,39,185,5,229,66,0,66,295
10/23/2014,FTW,TX,ASW,CE,Towers with Radar,0,29,88,2,119,0,6,85,0,91,0,35,173,2,210,118,2,120,330
10/24/2014,FTW,TX,ASW,CE,Towers with Radar,0,23,100,4,127,0,5,174,1,180,0,28,274,5,307,110,0,110,417
10/25/2014,FTW,TX,ASW,CE,Towers with Radar,0,18,54,5,77,0,0,130,0,130,0,18,184,5,207,68,0,68,275
10/26/2014,FTW,TX,ASW,CE,Towers with Radar,0,21,78,3,102,0,0,80,0,80,0,21,158,3,182,66,0,66,248
10/27/2014,FTW,TX,ASW,CE,Towers with Radar,0,22,83,0,105,0,2,79,2,83,0,24,162,2,188,18,0,18,206
10/28/2014,FTW,TX,ASW,CE,Towers with Radar,0,23,103,1,127,0,2,70,4,76,0,25,173,5,203,150,0,150,353
10/29/2014,FTW,TX,ASW,CE,Towers with Radar,0,33,104,0,137,0,3,106,0,109,0,36,210,0,246,80,0,80,326
10/30/2014,FTW,TX,ASW,CE,Towers with Radar,0,27,110,1,138,0,3,138,0,141,0,30,248,1,279,56,0,56,335
10/31/2014,FTW,TX,ASW,CE,Towers with Radar,0,19,73,2,94,0,3,94,0,97,0,22,167,2,191,62,0,62,253
11/01/2014,FTW,TX,ASW,CE,Towers with Radar,0,27,59,2,88,0,0,127,1,128,0,27,186,3,216,96,0,96,312
11/02/2014,FTW,TX,ASW,CE,Towers with Radar,0,22,95,1,118,0,4,35,0,39,0,26,130,1,157,56,0,56,213
11/03/2014,FTW,TX,ASW,CE,Towers with Radar,0,28,82,2,112,0,0,63,2,65,0,28,145,4,177,68,0,68,245
11/04/2014,FTW,TX,ASW,CE,Towers with Radar,0,29,41,0,70,0,0,0,0,0,0,29,41,0,70,0,0,0,70
11/05/2014,FTW,TX,ASW,CE,Towers with Radar,0,29,78,2,109,0,2,26,2,30,0,31,104,4,139,90,0,90,229
11/06/2014,FTW,TX,ASW,CE,Towers with Radar,0,25,100,1,126,0,2,187,0,189,0,27,287,1,315,206,0,206,521
11/07/2014,FTW,TX,ASW,CE,Towers with Radar,2,34,116,1,153,0,4,162,0,166,2,38,278,1,319,128,0,128,447
11/08/2014,FTW,TX,ASW,CE,Towers with Radar,1,17,63,0,81,0,4,130,5,139,1,21,193,5,220,106,0,106,326
11/09/2014,FTW,TX,ASW,CE,Towers with Radar,1,29,79,1,110,0,2,96,1,99,1,31,175,2,209,64,0,64,273
11/10/2014,FTW,TX,ASW,CE,Towers with Radar,0,20,65,0,85,0,0,45,2,47,0,20,110,2,132,14,0,14,146
11/11/2014,FTW,TX,ASW,CE,Towers with Radar,0,18,66,0,84,0,6,40,2,48,0,24,106,2,132,58,0,58,190
11/12/2014,FTW,TX,ASW,CE,Towers with Radar,0,20,84,0,104,0,2,70,0,72,0,22,154,0,176,62,0,62,238
11/13/2014,FTW,TX,ASW,CE,Towers with Radar,0,20,81,0,101,0,5,88,3,96,0,25,169,3,197,116,0,116,313
11/14/2014,FTW,TX,ASW,CE,Towers with Radar,0,22,81,0,103,0,6,118,0,124,0,28,199,0,227,134,0,134,361
11/15/2014,FTW,TX,ASW,CE,Towers with Radar,0,28,46,0,74,0,3,69,0,72,0,31,115,0,146,170,0,170,316
11/16/2014,FTW,TX,ASW,CE,Towers with Radar,0,21,41,0,62,0,1,1,0,2,0,22,42,0,64,0,0,0,64
11/17/2014,FTW,TX,ASW,CE,Towers with Radar,0,18,80,1,99,0,3,137,2,142,0,21,217,3,241,64,0,64,305
11/18/2014,FTW,TX,ASW,CE,Towers with Radar,0,17,78,2,97,0,16,98,4,118,0,33,176,6,215,70,0,70,285
11/19/2014,FTW,TX,ASW,CE,Towers with Radar,0,38,93,6,137,0,0,141,2,143,0,38,234,8,280,98,0,98,378
11/20/2014,FTW,TX,ASW,CE,Towers with Radar,0,56,114,0,170,0,9,125,0,134,0,65,239,0,304,78,0,78,382
11/21/2014,FTW,TX,ASW,CE,Towers with Radar,1,33,105,0,139,0,1,3,2,6,1,34,108,2,145,58,0,58,203
11/22/2014,FTW,TX,ASW,CE,Towers with Radar,0,10,26,0,36,0,1,2,1,4,0,11,28,1,40,0,0,0,40
11/23/2014,FTW,TX,ASW,CE,Towers with Radar,0,27,46,2,75,0,5,50,8,63,0,32,96,10,138,6,0,6,144
11/24/2014,FTW,TX,ASW,CE,Towers with Radar,0,12,75,2,89,0,0,150,1,151,0,12,225,3,240,178,0,178,418
11/25/2014,FTW,TX,ASW,CE,Towers with Radar,0,36,102,0,138,0,4,161,1,166,0,40,263,1,304,188,0,188,492
11/26/2014,FTW,TX,ASW,CE,Towers with Radar,0,30,78,0,108,0,6,147,0,153,0,36,225,0,261,138,0,138,399
11/27/2014,FTW,TX,ASW,CE,Towers with Radar,0,22,26,0,48,0,2,49,0,51,0,24,75,0,99,14,0,14,113
11/28/2014,FTW,TX,ASW,CE,Towers with Radar,0,19,51,0,70,0,3,70,0,73,0,22,121,0,143,86,0,86,229
11/29/2014,FTW,TX,ASW,CE,Towers with Radar,0,22,43,0,65,0,3,52,0,55,0,25,95,0,120,16,0,16,136
11/30/2014,FTW,TX,ASW,CE,Towers with Radar,0,26,90,0,116,0,3,77,0,80,0,29,167,0,196,12,0,12,208
12/01/2014,FTW,TX,ASW,CE,Towers with Radar,0,16,62,0,78,0,1,47,0,48,0,17,109,0,126,66,0,66,192
12/02/2014,FTW,TX,ASW,CE,Towers with Radar,0,23,99,0,122,0,2,94,0,96,0,25,193,0,218,232,0,232,450
12/03/2014,FTW,TX,ASW,CE,Towers with Radar,0,34,107,4,145,0,0,19,0,19,0,34,126,4,164,118,0,118,282
12/04/2014,FTW,TX,ASW,CE,Towers with Radar,0,24,89,0,113,0,0,3,0,3,0,24,92,0,116,22,0,22,138
12/05/2014,FTW,TX,ASW,CE,Towers with Radar,1,32,100,0,133,0,2,87,0,89,1,34,187,0,222,290,0,290,512
12/06/2014,FTW,TX,ASW,CE,Towers with Radar,2,23,67,0,92,0,1,100,0,101,2,24,167,0,193,170,0,170,363
12/07/2014,FTW,TX,ASW,CE,Towers with Radar,0,31,83,0,114,0,2,26,1,29,0,33,109,1,143,16,0,16,159
12/08/2014,FTW,TX,ASW,CE,Towers with Radar,0,33,95,0,128,0,0,56,3,59,0,33,151,3,187,110,0,110,297
12/09/2014,FTW,TX,ASW,CE,Towers with Radar,0,22,68,0,90,0,0,38,3,41,0,22,106,3,131,64,0,64,195
12/10/2014,FTW,TX,ASW,CE,Towers with Radar,0,37,96,0,133,0,1,63,0,64,0,38,159,0,197,92,0,92,289
12/11/2014,FTW,TX,ASW,CE,Towers with Radar,0,34,100,0,134,0,2,52,0,54,0,36,152,0,188,154,0,154,342
12/12/2014,FTW,TX,ASW,CE,Towers with Radar,0,33,87,1,121,0,2,81,0,83,0,35,168,1,204,176,0,176,380
12/13/2014,FTW,TX,ASW,CE,Towers with Radar,0,21,73,0,94,0,1,85,1,87,0,22,158,1,181,76,0,76,257
12/14/2014,FTW,TX,ASW,CE,Towers with Radar,2,22,67,2,93,0,5,21,0,26,2,27,88,2,119,6,0,6,125
12/15/2014,FTW,TX,ASW,CE,Towers with Radar,0,31,84,0,115,0,9,110,1,120,0,40,194,1,235,62,0,62,297
12/16/2014,FTW,TX,ASW,CE,Towers with Radar,0,31,91,1,123,0,3,158,0,161,0,34,249,1,284,110,0,110,394
12/17/2014,FTW,TX,ASW,CE,Towers with Radar,0,21,88,2,111,0,2,41,0,43,0,23,129,2,154,52,0,52,206
12/18/2014,FTW,TX,ASW,CE,Towers with Radar,0,21,96,2,119,0,1,15,0,16,0,22,111,2,135,2,0,2,137
12/19/2014,FTW,TX,ASW,CE,Towers with Radar,1,26,85,1,113,0,0,11,0,11,1,26,96,1,124,0,0,0,124
12/20/2014,FTW,TX,ASW,CE,Towers with Radar,0,24,54,0,78,0,0,17,0,17,0,24,71,0,95,60,0,60,155
12/21/2014,FTW,TX,ASW,CE,Towers with Radar,0,15,70,0,85,0,0,31,0,31,0,15,101,0,116,52,0,52,168
12/22/2014,FTW,TX,ASW,CE,Towers with Radar,0,24,58,1,83,0,1,117,0,118,0,25,175,1,201,102,0,102,303
12/23/2014,FTW,TX,ASW,CE,Towers with Radar,1,25,46,1,73,0,7,63,0,70,1,32,109,1,143,191,0,191,334
12/24/2014,FTW,TX,ASW,CE,Towers with Radar,0,18,28,0,46,0,0,81,0,81,0,18,109,0,127,44,0,44,171
12/25/2014,FTW,TX,ASW,CE,Towers with Radar,0,8,19,0,27,0,1,21,0,22,0,9,40,0,49,30,0,30,79
12/26/2014,FTW,TX,ASW,CE,Towers with Radar,0,28,64,0,92,0,3,43,0,46,0,31,107,0,138,103,0,103,241
12/27/2014,FTW,TX,ASW,CE,Towers with Radar,2,36,46,1,85,0,6,19,0,25,2,42,65,1,110,32,0,32,142
12/28/2014,FTW,TX,ASW,CE,Towers with Radar,2,29,51,1,83,0,4,80,0,84,2,33,131,1,167,30,0,30,197
12/29/2014,FTW,TX,ASW,CE,Towers with Radar,0,20,39,0,59,0,5,138,0,143,0,25,177,0,202,84,0,84,286
12/30/2014,FTW,TX,ASW,CE,Towers with Radar,0,39,87,0,126,0,7,67,0,74,0,46,154,0,200,62,0,62,262
12/31/2014,FTW,TX,ASW,CE,Towers with Radar,2,18,34,0,54,0,0,36,0,36,2,18,70,0,90,22,0,22,112
01/01/2015,FTW,TX,ASW,CE,Towers with Radar,0,8,22,0,30,0,0,1,0,1,0,8,23,0,31,0,0,0,31
01/02/2015,FTW,TX,ASW,CE,Towers with Radar,3,28,42,0,73,0,0,0,0,0,3,28,42,0,73,0,0,0,73
01/03/2015,FTW,TX,ASW,CE,Towers with Radar,2,23,56,0,81,0,0,58,0,58,2,23,114,0,139,54,0,54,193
01/04/2015,FTW,TX,ASW,CE,Towers with Radar,0,21,76,0,97,0,0,55,0,55,0,21,131,0,152,72,0,72,224
01/05/2015,FTW,TX,ASW,CE,Towers with Radar,0,17,51,0,68,0,3,90,3,96,0,20,141,3,164,70,0,70,234
01/06/2015,FTW,TX,ASW,CE,Towers with Radar,0,22,48,0,70,0,0,106,1,107,0,22,154,1,177,126,0,126,303
01/07/2015,FTW,TX,ASW,CE,Towers with Radar,0,23,65,0,88,0,3,45,1,49,0,26,110,1,137,18,0,18,155
01/08/2015,FTW,TX,ASW,CE,Towers with Radar,1,20,63,0,84,0,2,92,0,94,1,22,155,0,178,218,0,218,396
01/09/2015,FTW,TX,ASW,CE,Towers with Radar,1,22,49,0,72,0,1,47,0,48,1,23,96,0,120,82,0,82,202
01/10/2015,FTW,TX,ASW,CE,Towers with Radar,1,21,32,0,54,0,0,42,0,42,1,21,74,0,96,74,0,74,170
01/11/2015,FTW,TX,ASW,CE,Towers with Radar,2,14,57,0,73,0,0,0,0,0,2,14,57,0,73,0,0,0,73
01/12/2015,FTW,TX,ASW,CE,Towers with Radar,0,16,70,0,86,0,0,21,0,21,0,16,91,0,107,32,0,32,139
01/13/2015,FTW,TX,ASW,CE,Towers with Radar,0,32,91,4,127,0,4,40,0,44,0,36,131,4,171,34,0,34,205
01/14/2015,FTW,TX,ASW,CE,Towers with Radar,1,30,81,0,112,0,1,72,0,73,1,31,153,0,185,146,0,146,331
01/15/2015,FTW,TX,ASW,CE,Towers with Radar,0,20,97,1,118,0,8,130,2,140,0,28,227,3,258,140,0,140,398
01/16/2015,FTW,TX,ASW,CE,Towers with Radar,1,26,86,0,113,0,4,127,2,133,1,30,213,2,246,214,0,214,460
01/17/2015,FTW,TX,ASW,CE,Towers with Radar,0,17,37,1,55,0,1,108,0,109,0,18,145,1,164,52,0,52,216
01/18/2015,FTW,TX,ASW,CE,Towers with Radar,0,12,58,0,70,0,4,85,0,89,0,16,143,0,159,54,0,54,213
01/19/2015,FTW,TX,ASW,CE,Towers with Radar,0,23,60,0,83,0,8,111,0,119,0,31,171,0,202,126,0,126,328
01/20/2015,FTW,TX,ASW,CE,Towers with Radar,0,34,70,0,104,0,5,104,0,109,0,39,174,0,213,182,0,182,395
01/21/2015,FTW,TX,ASW,CE,Towers with Radar,0,16,63,0,79,0,5,70,0,75,0,21,133,0,154,50,0,50,204
01/22/2015,FTW,TX,ASW,CE,Towers with Radar,0,23,62,0,85,0,0,0,0,0,0,23,62,0,85,0,0,0,85
01/23/2015,FTW,TX,ASW,CE,Towers with Radar,0,22,85,1,108,0,3,92,1,96,0,25,177,2,204,78,0,78,282
01/24/2015,FTW,TX,ASW,CE,Towers with Radar,0,8,39,1,48,0,2,137,1,140,0,10,176,2,188,52,0,52,240
01/25/2015,FTW,TX,ASW,CE,Towers with Radar,0,11,44,0,55,0,6,58,1,65,0,17,102,1,120,8,0,8,128
01/26/2015,FTW,TX,ASW,CE,Towers with Radar,0,36,69,0,105,0,4,121,0,125,0,40,190,0,230,94,0,94,324
01/27/2015,FTW,TX,ASW,CE,Towers with Radar,1,21,74,2,98,0,5,143,0,148,1,26,217,2,246,124,0,124,370
01/28/2015,FTW,TX,ASW,CE,Towers with Radar,1,22,69,0,92,0,5,134,0,139,1,27,203,0,231,88,0,88,319
01/29/2015,FTW,TX,ASW,CE,Towers with Radar,1,25,67,0,93,0,2,106,0,108,1,27,173,0,201,138,0,138,339
01/30/2015,FTW,TX,ASW,CE,Towers with Radar,2,21,95,1,119,0,7,108,0,115,2,28,203,1,234,160,0,160,394
01/31/2015,FTW,TX,ASW,CE,Towers with Radar,0,5,28,0,33,0,0,20,0,20,0,5,48,0,53,72,0,72,125
02/01/2015,FTW,TX,ASW,CE,Towers with Radar,0,16,39,0,55,0,0,17,0,17,0,16,56,0,72,6,0,6,78
02/02/2015,FTW,TX,ASW,CE,Towers with Radar,0,20,76,0,96,0,0,97,0,97,0,20,173,0,193,133,0,133,326
02/03/2015,FTW,TX,ASW,CE,Towers with Radar,0,10,69,2,81,0,2,92,0,94,0,12,161,2,175,114,0,114,289
02/04/2015,FTW,TX,ASW,CE,Towers with Radar,0,26,99,1,126,0,4,30,0,34,0,30,129,1,160,88,0,88,248
02/05/2015,FTW,TX,ASW,CE,Towers with Radar,0,19,65,2,86,0,0,13,0,13,0,19,78,2,99,40,0,40,139
02/06/2015,FTW,TX,ASW,CE,Towers with Radar,1,24,91,4,120,0,2,120,1,123,1,26,211,5,243,166,0,166,409
02/07/2015,FTW,TX,ASW,CE,Towers with Radar,0,7,36,0,43,0,3,90,0,93,0,10,126,0,136,58,0,58,194
02/08/2015,FTW,TX,ASW,CE,Towers with Radar,0,28,70,0,98,0,0,84,0,84,0,28,154,0,182,57,0,57,239
02/09/2015,FTW,TX,ASW,CE,Towers with Radar,0,17,57,0,74,0,6,119,3,128,0,23,176,3,202,140,0,140,342
02/10/2015,FTW,TX,ASW,CE,Towers with Radar,0,21,68,0,89,0,7,155,3,165,0,28,223,3,254,200,0,200,454
02/11/2015,FTW,TX,ASW,CE,Towers with Radar,0,26,94,0,120,0,1,102,0,103,0,27,196,0,223,236,2,238,461
02/12/2015,FTW,TX,ASW,CE,Towers with Radar,0,28,106,2,136,0,11,144,0,155,0,39,250,2,291,180,0,180,471
02/13/2015,FTW,TX,ASW,CE,Towers with Radar,1,34,92,0,127,0,1,149,1,151,1,35,241,1,278,160,0,160,438
02/14/2015,FTW,TX,ASW,CE,Towers with Radar,1,8,41,1,51,0,1,139,0,140,1,9,180,1,191,196,0,196,387
02/15/2015,FTW,TX,ASW,CE,Towers with Radar,0,9,48,1,58,0,4,38,0,42,0,13,86,1,100,12,0,12,112
02/16/2015,FTW,TX,ASW,CE,Towers with Radar,0,14,54,0,68,0,0,15,0,15,0,14,69,0,83,42,0,42,125
02/17/2015,FTW,TX,ASW,CE,Towers with Radar,0,17,74,0,91,0,0,76,0,76,0,17,150,0,167,174,0,174,341
02/18/2015,FTW,TX,ASW,CE,Towers with Radar,0,22,84,2,108,0,4,114,0,118,0,26,198,2,226,246,0,246,472
02/19/2015,FTW,TX,ASW,CE,Towers with Radar,0,34,83,0,117,0,1,146,2,149,0,35,229,2,266,173,0,173,439
02/20/2015,FTW,TX,ASW,CE,Towers with Radar,0,20,95,1,116,0,5,21,0,26,0,25,116,1,142,0,0,0,142
02/21/2015,FTW,TX,ASW,CE,Towers with Radar,1,21,48,1,71,0,8,49,0,57,1,29,97,1,128,154,0,154,282
02/22/2015,FTW,TX,ASW,CE,Towers with Radar,0,13,77,0,90,0,1,8,0,9,0,14,85,0,99,0,0,0,99
02/23/2015,FTW,TX,ASW,CE,Towers with Radar,0,5,8,0,13,0,0,0,0,0,0,5,8,0,13,0,0,0,13
02/24/2015,FTW,TX,ASW,CE,Towers with Radar,0,14,65,0,79,0,0,19,0,19,0,14,84,0,98,4,0,4,102
02/25/2015,FTW,TX,ASW,CE,Towers with Radar,0,24,62,0,86,0,0,67,0,67,0,24,129,0,153,78,0,78,231
02/26/2015,FTW,TX,ASW,CE,Towers with Radar,0,36,69,0,105,0,3,30,0,33,0,39,99,0,138,16,0,16,154
02/27/2015,FTW,TX,ASW,CE,Towers with Radar,0,9,29,2,40,0,1,1,0,2,0,10,30,2,42,0,0,0,42
02/28/2015,FTW,TX,ASW,CE,Towers with Radar,0,10,20,0,30,0,0,0,0,0,0,10,20,0,30,0,0,0,30
03/01/2015,FTW,TX,ASW,CE,Towers with Radar,1,28,51,0,80,0,0,0,0,0,1,28,51,0,80,0,0,0,80
03/02/2015,FTW,TX,ASW,CE,Towers with Radar,1,14,46,2,63,0,0,1,0,1,1,14,47,2,64,0,0,0,64
03/03/2015,FTW,TX,ASW,CE,Towers with Radar,0,33,63,4,100,0,1,0,0,1,0,34,63,4,101,0,0,0,101
03/04/2015,FTW,TX,ASW,CE,Towers with Radar,0,16,41,0,57,0,0,0,0,0,0,16,41,0,57,0,0,0,57
03/05/2015,FTW,TX,ASW,CE,Towers with Radar,1,17,68,0,86,0,6,79,0,85,1,23,147,0,171,136,0,136,307
03/06/2015,FTW,TX,ASW,CE,Towers with Radar,1,44,90,2,137,0,5,148,1,154,1,49,238,3,291,102,0,102,393
03/07/2015,FTW,TX,ASW,CE,Towers with Radar,0,37,68,2,107,0,2,141,0,143,0,39,209,2,250,176,0,176,426
03/08/2015,FTW,TX,ASW,CE,Towers with Radar,0,25,81,0,106,0,2,19,0,21,0,27,100,0,127,14,0,14,141
03/09/2015,FTW,TX,ASW,CE,Towers with Radar,0,27,38,0,65,0,0,0,0,0,0,27,38,0,65,0,0,0,65
03/10/2015,FTW,TX,ASW,CE,Towers with Radar,0,21,82,1,104,0,5,28,2,35,0,26,110,3,139,155,0,155,294
03/11/2015,FTW,TX,ASW,CE,Towers with Radar,0,21,83,0,104,0,5,85,0,90,0,26,168,0,194,180,0,180,374
03/12/2015,FTW,TX,ASW,CE,Towers with Radar,0,13,67,3,83,0,6,130,0,136,0,19,197,3,219,190,0,190,409
03/13/2015,FTW,TX,ASW,CE,Towers with Radar,0,25,73,2,100,0,3,18,0,21,0,28,91,2,121,50,0,50,171
03/14/2015,FTW,TX,ASW,CE,Towers with Radar,0,30,54,6,90,0,6,54,2,62,0,36,108,8,152,58,0,58,210
03/15/2015,FTW,TX,ASW,CE,Towers with Radar,1,22,79,7,109,0,3,56,0,59,1,25,135,7,168,20,0,20,188
03/16/2015,FTW,TX,ASW,CE,Towers with Radar,1,25,69,1,96,0,5,139,1,145,1,30,208,2,241,146,0,146,387
03/17/2015,FTW,TX,ASW,CE,Towers with Radar,0,20,75,1,96,0,1,104,3,108,0,21,179,4,204,213,0,213,417
03/18/2015,FTW,TX,ASW,CE,Towers with Radar,0,23,58,0,81,0,3,26,0,29,0,26,84,0,110,184,0,184,294
03/19/2015,FTW,TX,ASW,CE,Towers with Radar,0,20,84,3,107,0,3,25,1,29,0,23,109,4,136,104,0,104,240
03/20/2015,FTW,TX,ASW,CE,Towers with Radar,0,19,54,0,73,0,0,2,0,2,0,19,56,0,75,0,0,0,75
03/21/2015,FTW,TX,ASW,CE,Towers with Radar,0,13,46,0,59,0,0,24,0,24,0,13,70,0,83,26,0,26,109
03/22/2015,FTW,TX,ASW,CE,Towers with Radar,0,28,62,0,90,0,0,32,0,32,0,28,94,0,122,142,0,142,264
03/23/2015,FTW,TX,ASW,CE,Towers with Radar,1,13,83,0,97,0,3,150,0,153,1,16,233,0,250,195,0,195,445
03/24/2015,FTW,TX,ASW,CE,Towers with Radar,0,9,82,0,91,0,3,131,2,136,0,12,213,2,227,86,0,86,313
03/25/2015,FTW,TX,ASW,CE,Towers with Radar,0,17,72,1,90,0,0,78,0,78,0,17,150,1,168,118,0,118,286
03/26/2015,FTW,TX,ASW,CE,Towers with Radar,1,30,93,0,124,0,2,86,0,88,1,32,179,0,212,120,0,120,332
03/27/2015,FTW,TX,ASW,CE,Towers with Radar,0,42,74,0,116,0,5,172,6,183,0,47,246,6,299,110,0,110,409
03/28/2015,FTW,TX,ASW,CE,Towers with Radar,0,8,51,1,60,0,11,137,12,160,0,19,188,13,220,156,0,156,376
03/29/2015,FTW,TX,ASW,CE,Towers with Radar,1,16,71,5,93,0,5,89,7,101,1,21,160,12,194,40,0,40,234
03/30/2015,FTW,TX,ASW,CE,Towers with Radar,0,14,90,0,104,0,4,82,5,91,0,18,172,5,195,170,0,170,365
03/31/2015,FTW,TX,ASW,CE,Towers with Radar,0,20,82,0,102,0,2,128,1,131,0,22,210,1,233,114,0,114,347
04/01/2015,FTW,TX,ASW,CE,Towers with Radar,0,21,63,0,84,0,0,37,0,37,0,21,100,0,121,121,0,121,242
04/02/2015,FTW,TX,ASW,CE,Towers with Radar,0,32,97,0,129,0,2,94,0,96,0,34,191,0,225,105,0,105,330
04/03/2015,FTW,TX,ASW,CE,Towers with Radar,0,22,70,0,92,0,1,90,3,94,0,23,160,3,186,96,0,96,282
04/04/2015,FTW,TX,ASW,CE,Towers with Radar,0,5,39,0,44,0,0,161,0,161,0,5,200,0,205,205,0,205,410
04/05/2015,FTW,TX,ASW,CE,Towers with Radar,0,30,63,0,93,0,0,0,0,0,0,30,63,0,93,0,0,0,93
04/06/2015,FTW,TX,ASW,CE,Towers with Radar,0,25,79,0,104,0,2,61,0,63,0,27,140,0,167,146,0,146,313
04/07/2015,FTW,TX,ASW,CE,Towers with Radar,0,25,105,0,130,0,4,85,0,89,0,29,190,0,219,302,0,302,521
04/08/2015,FTW,TX,ASW,CE,Towers with Radar,0,25,83,0,108,0,0,26,0,26,0,25,109,0,134,112,0,112,246
04/09/2015,FTW,TX,ASW,CE,Towers with Radar,0,28,84,0,112,0,2,48,0,50,0,30,132,0,162,118,0,118,280
04/10/2015,FTW,TX,ASW,CE,Towers with Radar,0,23,73,1,97,0,2,157,0,159,0,25,230,1,256,236,0,236,492
04/11/2015,FTW,TX,ASW,CE,Towers with Radar,0,14,41,1,56,0,2,47,1,50,0,16,88,2,106,244,0,244,350
04/12/2015,FTW,TX,ASW,CE,Towers with Radar,0,22,79,0,101,0,0,9,0,9,0,22,88,0,110,17,0,17,127
04/13/2015,FTW,TX,ASW,CE,Towers with Radar,0,25,48,0,73,0,0,3,0,3,0,25,51,0,76,60,0,60,136
04/14/2015,FTW,TX,ASW,CE,Towers with Radar,0,33,76,0,109,0,2,12,0,14,0,35,88,0,123,28,0,28,151
04/15/2015,FTW,TX,ASW,CE,Towers with Radar,0,32,96,0,128,0,0,164,0,164,0,32,260,0,292,374,0,374,666
04/16/2015,FTW,TX,ASW,CE,Towers with Radar,0,20,89,0,109,0,0,26,0,26,0,20,115,0,135,206,0,206,341
04/17/2015,FTW,TX,ASW,CE,Towers with Radar,0,23,71,0,94,0,2,11,0,13,0,25,82,0,107,2,0,2,109
04/18/2015,FTW,TX,ASW,CE,Towers with Radar,0,19,64,0,83,0,0,70,0,70,0,19,134,0,153,228,0,228,381
04/19/2015,FTW,TX,ASW,CE,Towers with Radar,0,29,90,0,119,0,3,81,0,84,0,32,171,0,203,44,0,44,247
04/20/2015,FTW,TX,ASW,CE,Towers with Radar,0,23,95,0,118,0,6,177,0,183,0,29,272,0,301,250,0,250,551
04/21/2015,FTW,TX,ASW,CE,Towers with Radar,0,27,80,2,109,0,5,119,3,127,0,32,199,5,236,216,2,218,454
04/22/2015,FTW,TX,ASW,CE,Towers with Radar,0,34,86,0,120,0,3,27,0,30,0,37,113,0,150,174,0,174,324
04/23/2015,FTW,TX,ASW,CE,Towers with Radar,0,22,75,0,97,0,0,6,0,6,0,22,81,0,103,32,0,32,135
04/24/2015,FTW,TX,ASW,CE,Towers with Radar,0,19,69,0,88,0,0,0,0,0,0,19,69,0,88,0,0,0,88
04/25/2015,FTW,TX,ASW,CE,Towers with Radar,0,9,41,0,50,0,2,149,0,151,0,11,190,0,201,144,0,144,345
04/26/2015,FTW,TX,ASW,CE,Towers with Radar,0,10,58,0,68,0,3,42,0,45,0,13,100,0,113,76,0,76,189
04/27/2015,FTW,TX,ASW,CE,Towers with Radar,0,28,54,0,82,0,0,12,0,12,0,28,66,0,94,84,0,84,178
04/28/2015,FTW,TX,ASW,CE,Towers with Radar,0,20,85,0,105,0,0,11,0,11,0,20,96,0,116,10,0,10,126
04/29/2015,FTW,TX,ASW,CE,Towers with Radar,0,34,78,0,112,0,4,182,0,186,0,38,260,0,298,256,0,256,554
04/30/2015,FTW,TX,ASW,CE,Towers with Radar,0,16,95,0,111,0,3,202,2,207,0,19,297,2,318,258,0,258,576
05/01/2015,FTW,TX,ASW,CE,Towers with Radar,1,23,80,0,104,0,0,162,0,162,1,23,242,0,266,286,0,286,552
05/02/2015,FTW,TX,ASW,CE,Towers with Radar,1,18,41,0,60,0,3,124,0,127,1,21,165,0,187,154,0,154,341
05/03/2015,FTW,TX,ASW,CE,Towers with Radar,0,10,64,0,74,0,3,68,0,71,0,13,132,0,145,8,0,8,153
05/04/2015,FTW,TX,ASW,CE,Towers with Radar,0,15,67,0,82,0,5,91,0,96,0,20,158,0,178,360,0,360,538
05/05/2015,FTW,TX,ASW,CE,Towers with Radar,0,11,62,0,73,0,1,18,0,19,0,12,80,0,92,86,0,86,178
05/06/2015,FTW,TX,ASW,CE,Towers with Radar,0,29,76,2,107,0,4,29,1,34,0,33,105,3,141,84,0,84,225
05/07/2015,FTW,TX,ASW,CE,Towers with Radar,0,23,84,0,107,0,0,16,0,16,0,23,100,0,123,78,0,78,201
05/08/2015,FTW,TX,ASW,CE,Towers with Radar,0,29,78,0,107,0,1,26,0,27,0,30,104,0,134,116,0,116,250
05/09/2015,FTW,TX,ASW,CE,Towers with Radar,0,7,42,0,49,0,0,8,0,8,0,7,50,0,57,16,0,16,73
05/10/2015,FTW,TX,ASW,CE,Towers with Radar,0,18,35,1,54,0,2,2,0,4,0,20,37,1,58,0,0,0,58
05/11/2015,FTW,TX,ASW,CE,Towers with Radar,0,28,65,0,93,0,2,115,0,117,0,30,180,0,210,366,0,366,576
05/12/2015,FTW,TX,ASW,CE,Towers with Radar,0,23,76,1,100,0,4,48,0,52,0,27,124,1,152,100,0,100,252
05/13/2015,FTW,TX,ASW,CE,Towers with Radar,0,20,68,0,88,0,0,6,0,6,0,20,74,0,94,24,0,24,118
05/14/2015,FTW,TX,ASW,CE,Towers with Radar,0,27,101,0,128,0,2,59,0,61,0,29,160,0,189,201,0,201,390
05/15/2015,FTW,TX,ASW,CE,Towers with Radar,0,31,52,2,85,0,3,41,2,46,0,34,93,4,131,84,2,86,217
05/16/2015,FTW,TX,ASW,CE,Towers with Radar,0,13,38,2,53,0,2,40,0,42,0,15,78,2,95,6,0,6,101
05/17/2015,FTW,TX,ASW,CE,Towers with Radar,1,25,51,0,77,0,1,53,1,55,1,26,104,1,132,54,0,54,186
05/18/2015,FTW,TX,ASW,CE,Towers with Radar,0,20,70,0,90,0,2,67,0,69,0,22,137,0,159,240,0,240,399
05/19/2015,FTW,TX,ASW,CE,Towers with Radar,0,38,59,0,97,0,0,15,1,16,0,38,74,1,113,76,0,76,189
05/20/2015,FTW,TX,ASW,CE,Towers with Radar,0,44,119,2,165,0,3,72,0,75,0,47,191,2,240,108,0,108,348
05/21/2015,FTW,TX,ASW,CE,Towers with Radar,0,22,103,0,125,0,2,21,0,23,0,24,124,0,148,46,0,46,194
05/22/2015,FTW,TX,ASW,CE,Towers with Radar,0,30,82,0,112,0,2,7,0,9,0,32,89,0,121,0,0,0,121
05/23/2015,FTW,TX,ASW,CE,Towers with Radar,0,8,33,0,41,0,0,5,0,5,0,8,38,0,46,0,0,0,46
05/24/2015,FTW,TX,ASW,CE,Towers with Radar,0,17,43,0,60,0,3,19,0,22,0,20,62,0,82,0,0,0,82
05/25/2015,FTW,TX,ASW,CE,Towers with Radar,0,10,25,0,35,0,1,9,0,10,0,11,34,0,45,20,0,20,65
05/26/2015,FTW,TX,ASW,CE,Towers with Radar,0,26,77,0,103,0,0,10,0,10,0,26,87,0,113,80,0,80,193
05/27/2015,FTW,TX,ASW,CE,Towers with Radar,1,16,83,0,100,0,1,118,0,119,1,17,201,0,219,272,0,272,491
05/28/2015,FTW,TX,ASW,CE,Towers with Radar,0,13,58,0,71,0,0,128,0,128,0,13,186,0,199,500,0,500,699
05/29/2015,FTW,TX,ASW,CE,Towers with Radar,0,22,81,0,103,0,0,23,0,23,0,22,104,0,126,102,0,102,228
05/30/2015,FTW,TX,ASW,CE,Towers with Radar,0,21,25,0,46,0,0,41,0,41,0,21,66,0,87,74,0,74,161
05/31/2015,FTW,TX,ASW,CE,Towers with Radar,0,12,49,0,61,0,4,100,0,104,0,16,149,0,165,33,0,33,198
06/01/2015,FTW,TX,ASW,CE,Towers with Radar,0,24,105,0,129,0,1,151,0,152,0,25,256,0,281,260,0,260,541
06/02/2015,FTW,TX,ASW,CE,Towers with Radar,0,22,67,0,89,0,1,124,0,125,0,23,191,0,214,243,0,243,457
06/03/2015,FTW,TX,ASW,CE,Towers with Radar,0,15,77,0,92,0,1,160,0,161,0,16,237,0,253,262,0,262,515
06/04/2015,FTW,TX,ASW,CE,Towers with Radar,0,31,91,0,122,0,3,182,1,186,0,34,273,1,308,276,0,276,584
06/05/2015,FTW,TX,ASW,CE,Towers with Radar,1,36,63,0,100,0,2,151,0,153,1,38,214,0,253,390,0,390,643
06/06/2015,FTW,TX,ASW,CE,Towers with Radar,0,22,48,0,70,0,5,126,0,131,0,27,174,0,201,258,0,258,459
06/07/2015,FTW,TX,ASW,CE,Towers with Radar,0,27,63,0,90,0,2,74,0,76,0,29,137,0,166,22,0,22,188
06/08/2015,FTW,TX,ASW,CE,Towers with Radar,1,10,71,0,82,0,4,127,0,131,1,14,198,0,213,142,0,142,355
06/09/2015,FTW,TX,ASW,CE,Towers with Radar,0,24,81,0,105,0,2,148,0,150,0,26,229,0,255,173,0,173,428
06/10/2015,FTW,TX,ASW,CE,Towers with Radar,0,24,79,0,103,0,2,138,0,140,0,26,217,0,243,249,0,249,492
06/11/2015,FTW,TX,ASW,CE,Towers with Radar,0,37,84,2,123,0,3,156,0,159,0,40,240,2,282,210,0,210,492
06/12/2015,FTW,TX,ASW,CE,Towers with Radar,0,24,66,0,90,0,0,94,0,94,0,24,160,0,184,268,0,268,452
06/13/2015,FTW,TX,ASW,CE,Towers with Radar,0,14,60,8,82,0,1,57,0,58,0,15,117,8,140,188,0,188,328
06/14/2015,FTW,TX,ASW,CE,Towers with Radar,0,21,64,2,87,0,0,19,0,19,0,21,83,2,106,8,0,8,114
06/15/2015,FTW,TX,ASW,CE,Towers with Radar,0,25,69,2,96,0,0,70,0,70,0,25,139,2,166,170,0,170,336
06/16/2015,FTW,TX,ASW,CE,Towers with Radar,0,26,66,0,92,0,0,16,0,16,0,26,82,0,108,72,0,72,180
06/17/2015,FTW,TX,ASW,CE,Towers with Radar,0,32,47,0,79,0,0,3,0,3,0,32,50,0,82,8,0,8,90
06/18/2015,FTW,TX,ASW,CE,Towers with Radar,0,33,76,2,111,0,2,137,1,140,0,35,213,3,251,212,0,212,463
06/19/2015,FTW,TX,ASW,CE,Towers with Radar,0,14,69,0,83,0,6,149,0,155,0,20,218,0,238,265,0,265,503
06/20/2015,FTW,TX,ASW,CE,Towers with Radar,1,19,40,2,62,0,3,159,0,162,1,22,199,2,224,206,0,206,430
06/21/2015,FTW,TX,ASW,CE,Towers with Radar,0,17,64,1,82,0,1,20,0,21,0,18,84,1,103,28,0,28,131
06/22/2015,FTW,TX,ASW,CE,Towers with Radar,1,12,72,1,86,0,3,86,1,90,1,15,158,2,176,198,0,198,374
06/23/2015,FTW,TX,ASW,CE,Towers with Radar,0,18,72,0,90,0,6,167,0,173,0,24,239,0,263,317,0,317,580
06/24/2015,FTW,TX,ASW,CE,Towers with Radar,0,29,75,0,104,0,0,140,0,140,0,29,215,0,244,264,0,264,508
06/25/2015,FTW,TX,ASW,CE,Towers with Radar,0,27,100,0,127,0,2,138,1,141,0,29,238,1,268,280,0,280,548
06/26/2015,FTW,TX,ASW,CE,Towers with Radar,2,20,101,2,125,0,2,112,0,114,2,22,213,2,239,306,0,306,545
06/27/2015,FTW,TX,ASW,CE,Towers with Radar,0,10,54,5,69,0,2,101,0,103,0,12,155,5,172,231,0,231,403
06/28/2015,FTW,TX,ASW,CE,Towers with Radar,0,21,74,1,96,0,5,71,0,76,0,26,145,1,172,64,0,64,236
06/29/2015,FTW,TX,ASW,CE,Towers with Radar,0,14,63,1,78,0,3,140,0,143,0,17,203,1,221,174,0,174,395
06/30/2015,FTW,TX,ASW,CE,Towers with Radar,0,16,75,0,91,0,6,138,0,144,0,22,213,0,235,111,0,111,346
07/01/2015,FTW,TX,ASW,CE,Towers with Radar,0,24,73,3,100,0,1,155,0,156,0,25,228,3,256,253,0,253,509
07/02/2015,FTW,TX,ASW,CE,Towers with Radar,0,32,79,2,113,0,1,134,0,135,0,33,213,2,248,162,0,162,410
07/03/2015,FTW,TX,ASW,CE,Towers with Radar,0,11,38,3,52,0,3,41,0,44,0,14,79,3,96,79,0,79,175
07/04/2015,FTW,TX,ASW,CE,Towers with Radar,0,8,18,0,26,0,3,51,0,54,0,11,69,0,80,54,0,54,134
07/05/2015,FTW,TX,ASW,CE,Towers with Radar,0,29,50,1,80,0,10,49,1,60,0,39,99,2,140,14,0,14,154
07/06/2015,FTW,TX,ASW,CE,Towers with Radar,1,18,62,0,81,0,15,70,0,85,1,33,132,0,166,131,0,131,297
07/07/2015,FTW,TX,ASW,CE,Towers with Radar,0,21,64,0,85,0,3,32,0,35,0,24,96,0,120,116,0,116,236
07/08/2015,FTW,TX,ASW,CE,Towers with Radar,0,13,57,0,70,0,1,25,0,26,0,14,82,0,96,68,0,68,164
07/09/2015,FTW,TX,ASW,CE,Towers with Radar,0,23,72,0,95,0,2,137,0,139,0,25,209,0,234,343,0,343,577
07/10/2015,FTW,TX,ASW,CE,Towers with Radar,0,19,71,1,91,0,6,169,0,175,0,25,240,1,266,266,0,266,532
07/11/2015,FTW,TX,ASW,CE,Towers with Radar,0,21,58,1,80,0,0,135,1,136,0,21,193,2,216,71,0,71,287
07/12/2015,FTW,TX,ASW,CE,Towers with Radar,0,20,49,0,69,0,2,76,0,78,0,22,125,0,147,22,0,22,169
07/13/2015,FTW,TX,ASW,CE,Towers with Radar,0,19,45,0,64,0,2,138,1,141,0,21,183,1,205,188,0,188,393
07/14/2015,FTW,TX,ASW,CE,Towers with Radar,0,19,74,2,95,0,3,160,0,163,0,22,234,2,258,260,0,260,518
07/15/2015,FTW,TX,ASW,CE,Towers with Radar,0,17,74,1,92,0,1,151,0,152,0,18,225,1,244,200,0,200,444
07/16/2015,FTW,TX,ASW,CE,Towers with Radar,0,24,68,0,92,0,3,163,0,166,0,27,231,0,258,286,0,286,544
07/17/2015,FTW,TX,ASW,CE,Towers with Radar,0,27,69,0,96,0,0,160,0,160,0,27,229,0,256,302,0,302,558
07/18/2015,FTW,TX,ASW,CE,Towers with Radar,0,14,31,1,46,0,3,110,0,113,0,17,141,1,159,317,0,317,476
07/19/2015,FTW,TX,ASW,CE,Towers with Radar,0,19,64,0,83,0,0,60,0,60,0,19,124,0,143,24,0,24,167
07/20/2015,FTW,TX,ASW,CE,Towers with Radar,0,23,64,0,87,0,0,116,0,116,0,23,180,0,203,382,0,382,585
07/21/2015,FTW,TX,ASW,CE,Towers with Radar,0,16,62,0,78,0,0,146,0,146,0,16,208,0,224,400,0,400,624
07/22/2015,FTW,TX,ASW,CE,Towers with Radar,0,25,63,0,88,0,4,141,0,145,0,29,204,0,233,354,0,354,587
07/23/2015,FTW,TX,ASW,CE,Towers with Radar,0,22,77,0,99,0,0,161,0,161,0,22,238,0,260,375,0,375,635
07/24/2015,FTW,TX,ASW,CE,Towers with Radar,0,25,70,1,96,0,1,147,0,148,0,26,217,1,244,271,0,271,515
07/25/2015,FTW,TX,ASW,CE,Towers with Radar,0,21,58,0,79,0,4,165,0,169,0,25,223,0,248,271,0,271,519
07/26/2015,FTW,TX,ASW,CE,Towers with Radar,0,18,56,0,74,0,5,60,0,65,0,23,116,0,139,142,0,142,281
07/27/2015,FTW,TX,ASW,CE,Towers with Radar,0,19,71,0,90,0,3,132,0,135,0,22,203,0,225,400,0,400,625
07/28/2015,FTW,TX,ASW,CE,Towers with Radar,0,21,66,0,87,0,6,134,0,140,0,27,200,0,227,250,0,250,477
07/29/2015,FTW,TX,ASW,CE,Towers with Radar,0,29,77,1,107,0,2,157,0,159,0,31,234,1,266,308,0,308,574
07/30/2015,FTW,TX,ASW,CE,Towers with Radar,0,23,82,4,109,0,5,157,2,164,0,28,239,6,273,324,0,324,597
07/31/2015,FTW,TX,ASW,CE,Towers with Radar,1,17,64,0,82,0,3,109,0,112,1,20,173,0,194,245,0,245,439
08/01/2015,FTW,TX,ASW,CE,Towers with Radar,0,24,47,0,71,0,2,85,0,87,0,26,132,0,158,248,0,248,406
08/02/2015,FTW,TX,ASW,CE,Towers with Radar,0,13,43,0,56,0,2,41,0,43,0,15,84,0,99,14,0,14,113
08/03/2015,FTW,TX,ASW,CE,Towers with Radar,0,25,55,2,82,0,2,99,0,101,0,27,154,2,183,286,0,286,469
08/04/2015,FTW,TX,ASW,CE,Towers with Radar,0,22,77,0,99,0,2,112,0,114,0,24,189,0,213,390,0,390,603
08/05/2015,FTW,TX,ASW,CE,Towers with Radar,0,26,72,2,100,0,0,153,0,153,0,26,225,2,253,352,0,352,605
08/06/2015,FTW,TX,ASW,CE,Towers with Radar,0,23,78,5,106,0,2,131,0,133,0,25,209,5,239,292,0,292,531
08/07/2015,FTW,TX,ASW,CE,Towers with Radar,0,22,63,0,85,0,4,156,0,160,0,26,219,0,245,367,0,367,612
08/08/2015,FTW,TX,ASW,CE,Towers with Radar,0,19,47,0,66,0,0,128,0,128,0,19,175,0,194,252,0,252,446
08/09/2015,FTW,TX,ASW,CE,Towers with Radar,0,27,43,0,70,0,0,55,0,55,0,27,98,0,125,30,0,30,155
08/10/2015,FTW,TX,ASW,CE,Towers with Radar,1,19,73,2,95,0,5,145,0,150,1,24,218,2,245,254,0,254,499
08/11/2015,FTW,TX,ASW,CE,Towers with Radar,0,19,63,0,82,0,3,145,0,148,0,22,208,0,230,356,0,356,586
08/12/2015,FTW,TX,ASW,CE,Towers with Radar,0,31,60,0,91,0,8,123,0,131,0,39,183,0,222,384,0,384,606
08/13/2015,FTW,TX,ASW,CE,Towers with Radar,1,29,87,0,117,0,2,141,0,143,1,31,228,0,260,324,0,324,584
08/14/2015,FTW,TX,ASW,CE,Towers with Radar,2,17,85,0,104,0,2,117,0,119,2,19,202,0,223,478,0,478,701
08/15/2015,FTW,TX,ASW,CE,Towers with Radar,0,22,47,0,69,0,2,87,0,89,0,24,134,0,158,303,0,303,461
08/16/2015,FTW,TX,ASW,CE,Towers with Radar,0,33,66,0,99,0,0,35,0,35,0,33,101,0,134,64,0,64,198
08/17/2015,FTW,TX,ASW,CE,Towers with Radar,1,20,66,0,87,0,6,99,0,105,1,26,165,0,192,302,0,302,494
08/18/2015,FTW,TX,ASW,CE,Towers with Radar,1,20,68,0,89,0,5,109,0,114,1,25,177,0,203,274,0,274,477
08/19/2015,FTW,TX,ASW,CE,Towers with Radar,0,15,49,0,64,0,8,48,0,56,0,23,97,0,120,334,0,334,454
08/20/2015,FTW,TX,ASW,CE,Towers with Radar,0,19,71,0,90,0,1,94,1,96,0,20,165,1,186,455,0,455,641
08/21/2015,FTW,TX,ASW,CE,Towers with Radar,0,28,63,0,91,0,3,110,0,113,0,31,173,0,204,266,0,266,470
08/22/2015,FTW,TX,ASW,CE,Towers with Radar,0,15,41,0,56,0,0,87,0,87,0,15,128,0,143,344,0,344,487
08/23/2015,FTW,TX,ASW,CE,Towers with Radar,0,17,50,0,67,0,4,68,0,72,0,21,118,0,139,70,0,70,209
08/24/2015,FTW,TX,ASW,CE,Towers with Radar,0,26,71,0,97,0,3,119,0,122,0,29,190,0,219,412,0,412,631
08/25/2015,FTW,TX,ASW,CE,Towers with Radar,0,22,61,0,83,0,8,87,0,95,0,30,148,0,178,350,0,350,528
08/26/2015,FTW,TX,ASW,CE,Towers with Radar,0,22,82,1,105,0,2,142,2,146,0,24,224,3,251,294,0,294,545
08/27/2015,FTW,TX,ASW,CE,Towers with Radar,0,30,97,0,127,0,5,151,0,156,0,35,248,0,283,250,0,250,533
08/28/2015,FTW,TX,ASW,CE,Towers with Radar,0,17,58,0,75,0,0,143,0,143,0,17,201,0,218,240,0,240,458
08/29/2015,FTW,TX,ASW,CE,Towers with Radar,1,10,36,0,47,0,6,107,0,113,1,16,143,0,160,175,0,175,335
08/30/2015,FTW,TX,ASW,CE,Towers with Radar,0,24,59,0,83,0,0,59,0,59,0,24,118,0,142,20,0,20,162
08/31/2015,FTW,TX,ASW,CE,Towers with Radar,0,21,85,0,106,0,0,134,0,134,0,21,219,0,240,324,0,324,564
09/01/2015,FTW,TX,ASW,CE,Towers with Radar,0,26,52,2,80,0,0,111,1,112,0,26,163,3,192,229,0,229,421
09/02/2015,FTW,TX,ASW,CE,Towers with Radar,1,35,84,0,120,0,1,130,2,133,1,36,214,2,253,288,0,288,541
09/03/2015,FTW,TX,ASW,CE,Towers with Radar,1,26,83,2,112,0,7,147,2,156,1,33,230,4,268,228,0,228,496
09/04/2015,FTW,TX,ASW,CE,Towers with Radar,0,15,89,0,104,0,1,155,0,156,0,16,244,0,260,236,0,236,496
09/05/2015,FTW,TX,ASW,CE,Towers with Radar,0,4,47,0,51,0,6,101,0,107,0,10,148,0,158,244,0,244,402
09/06/2015,FTW,TX,ASW,CE,Towers with Radar,0,15,45,0,60,0,3,69,0,72,0,18,114,0,132,48,0,48,180
09/07/2015,FTW,TX,ASW,CE,Towers with Radar,2,23,57,0,82,0,1,66,0,67,2,24,123,0,149,104,0,104,253
09/08/2015,FTW,TX,ASW,CE,Towers with Radar,0,31,64,0,95,0,4,110,0,114,0,35,174,0,209,240,0,240,449
09/09/2015,FTW,TX,ASW,CE,Towers with Radar,0,15,73,0,88,0,0,29,0,29,0,15,102,0,117,72,0,72,189
09/10/2015,FTW,TX,ASW,CE,Towers with Radar,0,24,93,0,117,0,7,101,0,108,0,31,194,0,225,373,0,373,598
09/11/2015,FTW,TX,ASW,CE,Towers with Radar,0,18,75,2,95,0,4,108,0,112,0,22,183,2,207,318,0,318,525
09/12/2015,FTW,TX,ASW,CE,Towers with Radar,2,18,55,2,77,0,1,130,1,132,2,19,185,3,209,200,0,200,409
09/13/2015,FTW,TX,ASW,CE,Towers with Radar,0,32,102,1,135,0,3,89,0,92,0,35,191,1,227,57,0,57,284
09/14/2015,FTW,TX,ASW,CE,Towers with Radar,0,14,77,3,94,0,4,144,0,148,0,18,221,3,242,106,0,106,348
09/15/2015,FTW,TX,ASW,CE,Towers with Radar,0,17,85,0,102,0,3,53,0,56,0,20,138,0,158,278,0,278,436
09/16/2015,FTW,TX,ASW,CE,Towers with Radar,0,23,88,0,111,0,8,122,2,132,0,31,210,2,243,310,0,310,553
09/17/2015,FTW,TX,ASW,CE,Towers with Radar,1,15,92,0,108,0,2,173,2,177,1,17,265,2,285,246,0,246,531
09/18/2015,FTW,TX,ASW,CE,Towers with Radar,1,37,107,0,145,0,2,172,1,175,1,39,279,1,320,190,0,190,510
09/19/2015,FTW,TX,ASW,CE,Towers with Radar,0,21,51,0,72,0,3,45,0,48,0,24,96,0,120,96,0,96,216
09/20/2015,FTW,TX,ASW,CE,Towers with Radar,0,19,88,4,111,0,0,58,0,58,0,19,146,4,169,0,0,0,169
09/21/2015,FTW,TX,ASW,CE,Towers with Radar,1,30,60,2,93,0,2,111,0,113,1,32,171,2,206,264,0,264,470
09/22/2015,FTW,TX,ASW,CE,Towers with Radar,2,22,71,2,97,0,4,140,1,145,2,26,211,3,242,250,0,250,492
09/23/2015,FTW,TX,ASW,CE,Towers with Radar,3,18,71,0,92,0,3,146,1,150,3,21,217,1,242,262,0,262,504
09/24/2015,FTW,TX,ASW,CE,Towers with Radar,0,24,86,0,110,0,2,138,0,140,0,26,224,0,250,446,0,446,696
09/25/2015,FTW,TX,ASW,CE,Towers with Radar,0,34,99,1,134,0,4,110,0,114,0,38,209,1,248,478,0,478,726
09/26/2015,FTW,TX,ASW,CE,Towers with Radar,0,35,70,0,105,0,6,147,0,153,0,41,217,0,258,272,0,272,530
09/27/2015,FTW,TX,ASW,CE,Towers with Radar,0,29,70,0,99,0,0,60,0,60,0,29,130,0,159,54,0,54,213
09/28/2015,FTW,TX,ASW,CE,Towers with Radar,0,28,63,0,91,0,3,127,0,130,0,31,190,0,221,128,0,128,349
09/29/2015,FTW,TX,ASW,CE,Towers with Radar,0,11,53,0,64,0,3,133,0,136,0,14,186,0,200,110,0,110,310
09/30/2015,FTW,TX,ASW,CE,Towers with Radar,0,14,72,2,88,0,6,128,0,134,0,20,200,2,222,266,0,266,488
10/01/2015,FTW,TX,ASW,CE,Towers with Radar,2,16,86,0,104,0,0,117,0,117,2,16,203,0,221,299,0,299,520
10/02/2015,FTW,TX,ASW,CE,Towers with Radar,0,44,108,0,152,0,9,154,0,163,0,53,262,0,315,285,0,285,600
10/03/2015,FTW,TX,ASW,CE,Towers with Radar,0,28,70,0,98,0,3,129,2,134,0,31,199,2,232,182,0,182,414
10/04/2015,FTW,TX,ASW,CE,Towers with Radar,0,29,90,0,119,0,6,73,0,79,0,35,163,0,198,20,0,20,218
10/05/2015,FTW,TX,ASW,CE,Towers with Radar,0,22,80,0,102,0,2,118,0,120,0,24,198,0,222,214,0,214,436
10/06/2015,FTW,TX,ASW,CE,Towers with Radar,0,25,77,0,102,0,0,114,0,114,0,25,191,0,216,194,0,194,410
10/07/2015,FTW,TX,ASW,CE,Towers with Radar,0,20,82,0,102,0,3,141,0,144,0,23,223,0,246,222,0,222,468
10/08/2015,FTW,TX,ASW,CE,Towers with Radar,0,15,70,0,85,0,3,113,0,116,0,18,183,0,201,220,0,220,421
10/09/2015,FTW,TX,ASW,CE,Towers with Radar,3,27,74,0,104,0,0,105,0,105,3,27,179,0,209,122,0,122,331
10/10/2015,FTW,TX,ASW,CE,Towers with Radar,1,11,57,0,69,0,4,140,0,144,1,15,197,0,213,226,0,226,439
10/11/2015,FTW,TX,ASW,CE,Towers with Radar,0,21,64,0,85,0,0,87,0,87,0,21,151,0,172,34,0,34,206
10/12/2015,FTW,TX,ASW,CE,Towers with Radar,0,14,72,0,86,0,1,110,0,111,0,15,182,0,197,166,0,166,363
10/13/2015,FTW,TX,ASW,CE,Towers with Radar,0,15,61,0,76,0,0,114,1,115,0,15,175,1,191,180,0,180,371
10/14/2015,FTW,TX,ASW,CE,Towers with Radar,0,20,87,0,107,0,4,164,0,168,0,24,251,0,275,195,0,195,470
10/15/2015,FTW,TX,ASW,CE,Towers with Radar,0,23,90,0,113,0,0,149,0,149,0,23,239,0,262,131,0,131,393
10/16/2015,FTW,TX,ASW,CE,Towers with Radar,0,19,62,0,81,0,0,127,0,127,0,19,189,0,208,214,0,214,422
10/17/2015,FTW,TX,ASW,CE,Towers with Radar,1,21,49,0,71,0,3,134,1,138,1,24,183,1,209,144,0,144,353
10/18/2015,FTW,TX,ASW,CE,Towers with Radar,0,19,47,0,66,0,4,87,0,91,0,23,134,0,157,46,0,46,203
10/19/2015,FTW,TX,ASW,CE,Towers with Radar,0,17,62,0,79,0,3,184,1,188,0,20,246,1,267,336,0,336,603
10/20/2015,FTW,TX,ASW,CE,Towers with Radar,0,19,88,0,107,0,8,171,1,180,0,27,259,1,287,224,0,224,511
10/21/2015,FTW,TX,ASW,CE,Towers with Radar,2,39,93,2,136,0,2,44,0,46,2,41,137,2,182,124,10,134,316
10/22/2015,FTW,TX,ASW,CE,Towers with Radar,0,26,58,2,86,0,1,11,1,13,0,27,69,3,99,90,0,90,189
10/23/2015,FTW,TX,ASW,CE,Towers with Radar,0,21,47,1,69,0,0,4,0,4,0,21,51,1,73,74,0,74,147
10/24/2015,FTW,TX,ASW,CE,Towers with Radar,0,7,20,0,27,0,0,1,0,1,0,7,21,0,28,0,0,0,28
10/25/2015,FTW,TX,ASW,CE,Towers with Radar,2,20,54,4,80,0,0,13,0,13,2,20,67,4,93,16,0,16,109
10/26/2015,FTW,TX,ASW,CE,Towers with Radar,0,25,55,3,83,0,1,147,0,148,0,26,202,3,231,202,0,202,433
10/27/2015,FTW,TX,ASW,CE,Towers with Radar,2,22,68,2,94,0,3,163,0,166,2,25,231,2,260,272,0,272,532
10/28/2015,FTW,TX,ASW,CE,Towers with Radar,1,28,82,2,113,0,2,119,0,121,1,30,201,2,234,229,0,229,463
10/29/2015,FTW,TX,ASW,CE,Towers with Radar,0,28,113,0,141,0,4,235,3,242,0,32,348,3,383,338,22,360,743
10/30/2015,FTW,TX,ASW,CE,Towers with Radar,0,16,54,0,70,0,0,4,0,4,0,16,58,0,74,26,0,26,100
10/31/2015,FTW,TX,ASW,CE,Towers with Radar,0,17,57,0,74,0,0,5,0,5,0,17,62,0,79,2,0,2,81
11/01/2015,FTW,TX,ASW,CE,Towers with Radar,0,17,75,0,92,0,0,29,0,29,0,17,104,0,121,16,0,16,137
11/02/2015,FTW,TX,ASW,CE,Towers with Radar,0,9,66,1,76,0,1,138,3,142,0,10,204,4,218,298,0,298,516
11/03/2015,FTW,TX,ASW,CE,Towers with Radar,0,19,96,4,119,0,0,104,2,106,0,19,200,6,225,274,0,274,499
11/04/2015,FTW,TX,ASW,CE,Towers with Radar,0,25,79,2,106,0,1,46,1,48,0,26,125,3,154,266,10,276,430
11/05/2015,FTW,TX,ASW,CE,Towers with Radar,1,22,65,0,88,0,2,8,0,10,1,24,73,0,98,18,0,18,116
11/06/2015,FTW,TX,ASW,CE,Towers with Radar,0,17,91,0,108,0,6,162,0,168,0,23,253,0,276,436,0,436,712
11/07/2015,FTW,TX,ASW,CE,Towers with Radar,3,27,79,0,109,0,2,84,0,86,3,29,163,0,195,214,0,214,409
11/08/2015,FTW,TX,ASW,CE,Towers with Radar,0,29,61,0,90,0,2,137,0,139,0,31,198,0,229,112,0,112,341
11/09/2015,FTW,TX,ASW,CE,Towers with Radar,0,24,80,0,104,0,2,164,0,166,0,26,244,0,270,228,0,228,498
11/10/2015,FTW,TX,ASW,CE,Towers with Radar,0,21,86,6,113,0,2,95,2,99,0,23,181,8,212,218,0,218,430
11/11/2015,FTW,TX,ASW,CE,Towers with Radar,0,18,66,0,84,0,2,33,0,35,0,20,99,0,119,60,0,60,179
11/12/2015,FTW,TX,ASW,CE,Towers with Radar,0,39,101,0,140,0,7,188,1,196,0,46,289,1,336,458,0,458,794
11/13/2015,FTW,TX,ASW,CE,Towers with Radar,0,16,80,0,96,0,4,142,0,146,0,20,222,0,242,248,0,248,490
11/14/2015,FTW,TX,ASW,CE,Towers with Radar,0,14,66,0,80,0,2,100,0,102,0,16,166,0,182,226,0,226,408
11/15/2015,FTW,TX,ASW,CE,Towers with Radar,0,22,71,0,93,0,0,23,0,23,0,22,94,0,116,18,0,18,134
11/16/2015,FTW,TX,ASW,CE,Towers with Radar,0,12,57,1,70,0,0,0,0,0,0,12,57,1,70,0,0,0,70
11/17/2015,FTW,TX,ASW,CE,Towers with Radar,2,18,59,0,79,0,3,89,0,92,2,21,148,0,171,174,0,174,345
11/18/2015,FTW,TX,ASW,CE,Towers with Radar,0,12,80,0,92,0,1,161,2,164,0,13,241,2,256,362,0,362,618
11/19/2015,FTW,TX,ASW,CE,Towers with Radar,0,28,101,1,130,0,2,203,1,206,0,30,304,2,336,492,0,492,828
11/20/2015,FTW,TX,ASW,CE,Towers with Radar,0,24,87,1,112,0,6,178,0,184,0,30,265,1,296,284,0,284,580
11/21/2015,FTW,TX,ASW,CE,Towers with Radar,0,20,47,2,69,0,9,24,0,33,0,29,71,2,102,28,0,28,130
11/22/2015,FTW,TX,ASW,CE,Towers with Radar,2,23,65,0,90,0,4,129,1,134,2,27,194,1,224,124,0,124,348
11/23/2015,FTW,TX,ASW,CE,Towers with Radar,0,31,64,0,95,0,8,135,0,143,0,39,199,0,238,166,0,166,404
11/24/2015,FTW,TX,ASW,CE,Towers with Radar,0,24,73,0,97,0,0,103,0,103,0,24,176,0,200,100,0,100,300
11/25/2015,FTW,TX,ASW,CE,Towers with Radar,0,30,80,0,110,0,0,28,0,28,0,30,108,0,138,62,0,62,200
11/26/2015,FTW,TX,ASW,CE,Towers with Radar,0,14,17,0,31,0,0,2,0,2,0,14,19,0,33,0,0,0,33
11/27/2015,FTW,TX,ASW,CE,Towers with Radar,0,8,53,0,61,0,0,0,0,0,0,8,53,0,61,0,0,0,61
11/28/2015,FTW,TX,ASW,CE,Towers with Radar,0,35,41,0,76,0,0,0,0,0,0,35,41,0,76,0,0,0,76
11/29/2015,FTW,TX,ASW,CE,Towers with Radar,2,34,74,0,110,0,0,0,0,0,2,34,74,0,110,0,0,0,110
11/30/2015,FTW,TX,ASW,CE,Towers with Radar,0,18,58,0,76,0,0,8,0,8,0,18,66,0,84,78,0,78,162
12/01/2015,FTW,TX,ASW,CE,Towers with Radar,0,20,81,0,101,0,2,151,2,155,0,22,232,2,256,242,0,242,498
12/02/2015,FTW,TX,ASW,CE,Towers with Radar,0,13,94,1,108,0,0,181,1,182,0,13,275,2,290,272,0,272,562
12/03/2015,FTW,TX,ASW,CE,Towers with Radar,0,8,75,0,83,0,4,165,1,170,0,12,240,1,253,188,0,188,441
12/04/2015,FTW,TX,ASW,CE,Towers with Radar,0,17,94,1,112,0,0,198,0,198,0,17,292,1,310,460,0,460,770
12/05/2015,FTW,TX,ASW,CE,Towers with Radar,2,14,58,1,75,0,0,138,0,138,2,14,196,1,213,182,0,182,395
12/06/2015,FTW,TX,ASW,CE,Towers with Radar,0,22,56,0,78,0,0,88,0,88,0,22,144,0,166,28,0,28,194
12/07/2015,FTW,TX,ASW,CE,Towers with Radar,0,16,80,0,96,0,1,152,1,154,0,17,232,1,250,258,0,258,508
12/08/2015,FTW,TX,ASW,CE,Towers with Radar,0,29,85,0,114,0,0,167,0,167,0,29,252,0,281,200,0,200,481
12/09/2015,FTW,TX,ASW,CE,Towers with Radar,0,15,96,0,111,0,3,174,0,177,0,18,270,0,288,308,0,308,596
12/10/2015,FTW,TX,ASW,CE,Towers with Radar,2,29,88,1,120,0,4,145,0,149,2,33,233,1,269,278,0,278,547
12/11/2015,FTW,TX,ASW,CE,Towers with Radar,4,21,78,0,103,0,6,151,0,157,4,27,229,0,260,300,0,300,560
12/12/2015,FTW,TX,ASW,CE,Towers with Radar,2,8,43,1,54,0,0,21,0,21,2,8,64,1,75,10,0,10,85
12/13/2015,FTW,TX,ASW,CE,Towers with Radar,0,20,43,2,65,0,0,18,1,19,0,20,61,3,84,22,0,22,106
12/14/2015,FTW,TX,ASW,CE,Towers with Radar,0,9,63,0,72,0,9,164,1,174,0,18,227,1,246,300,0,300,546
12/15/2015,FTW,TX,ASW,CE,Towers with Radar,1,17,76,0,94,0,5,115,0,120,1,22,191,0,214,232,0,232,446
12/16/2015,FTW,TX,ASW,CE,Towers with Radar,0,14,79,0,93,0,4,175,0,179,0,18,254,0,272,272,0,272,544
12/17/2015,FTW,TX,ASW,CE,Towers with Radar,0,22,105,0,127,0,8,167,0,175,0,30,272,0,302,266,0,266,568
12/18/2015,FTW,TX,ASW,CE,Towers with Radar,0,26,80,0,106,0,5,109,0,114,0,31,189,0,220,332,0,332,552
12/19/2015,FTW,TX,ASW,CE,Towers with Radar,0,13,57,0,70,0,2,114,0,116,0,15,171,0,186,156,0,156,342
12/20/2015,FTW,TX,ASW,CE,Towers with Radar,1,14,58,2,75,0,3,13,0,16,1,17,71,2,91,2,0,2,93
12/21/2015,FTW,TX,ASW,CE,Towers with Radar,0,18,50,0,68,0,7,122,0,129,0,25,172,0,197,218,0,218,415
12/22/2015,FTW,TX,ASW,CE,Towers with Radar,0,27,88,0,115,0,3,147,0,150,0,30,235,0,265,270,0,270,535
12/23/2015,FTW,TX,ASW,CE,Towers with Radar,0,25,40,0,65,0,0,116,0,116,0,25,156,0,181,74,0,74,255
12/24/2015,FTW,TX,ASW,CE,Towers with Radar,0,15,15,0,30,0,1,99,0,100,0,16,114,0,130,200,0,200,330
12/25/2015,FTW,TX,ASW,CE,Towers with Radar,0,10,8,0,18,0,1,8,0,9,0,11,16,0,27,60,0,60,87
12/26/2015,FTW,TX,ASW,CE,Towers with Radar,0,24,45,0,69,0,0,3,0,3,0,24,48,0,72,0,0,0,72
12/27/2015,FTW,TX,ASW,CE,Towers with Radar,0,21,33,0,54,0,0,0,0,0,0,21,33,0,54,0,0,0,54
12/28/2015,FTW,TX,ASW,CE,Towers with Radar,0,25,41,0,66,0,3,14,2,19,0,28,55,2,85,0,0,0,85
12/29/2015,FTW,TX,ASW,CE,Towers with Radar,0,20,68,0,88,0,0,106,1,107,0,20,174,1,195,205,0,205,400
12/30/2015,FTW,TX,ASW,CE,Towers with Radar,0,33,61,0,94,0,2,94,0,96,0,35,155,0,190,172,0,172,362
12/31/2015,FTW,TX,ASW,CE,Towers with Radar,0,16,54,0,70,0,4,94,0,98,0,20,148,0,168,230,0,230,398
01/01/2016,FTW,TX,ASW,CE,Towers with Radar,0,10,43,0,53,0,2,31,0,33,0,12,74,0,86,12,0,12,98
01/02/2016,FTW,TX,ASW,CE,Towers with Radar,2,16,65,0,83,0,3,82,0,85,2,19,147,0,168,172,0,172,340
01/03/2016,FTW,TX,ASW,CE,Towers with Radar,0,35,68,0,103,0,1,96,0,97,0,36,164,0,200,76,0,76,276
01/04/2016,FTW,TX,ASW,CE,Towers with Radar,2,21,56,0,79,0,1,106,0,107,2,22,162,0,186,144,6,150,336
01/05/2016,FTW,TX,ASW,CE,Towers with Radar,0,21,66,0,87,0,2,104,0,106,0,23,170,0,193,318,0,318,511
01/06/2016,FTW,TX,ASW,CE,Towers with Radar,0,19,68,1,88,0,0,18,0,18,0,19,86,1,106,92,0,92,198
01/07/2016,FTW,TX,ASW,CE,Towers with Radar,0,14,71,5,90,0,3,104,0,107,0,17,175,5,197,168,0,168,365
01/08/2016,FTW,TX,ASW,CE,Towers with Radar,0,12,76,9,97,0,2,133,0,135,0,14,209,9,232,296,0,296,528
01/09/2016,FTW,TX,ASW,CE,Towers with Radar,0,10,39,0,49,0,1,8,0,9,0,11,47,0,58,16,0,16,74
01/10/2016,FTW,TX,ASW,CE,Towers with Radar,0,19,59,3,81,0,2,85,0,87,0,21,144,3,168,156,0,156,324
01/11/2016,FTW,TX,ASW,CE,Towers with Radar,0,22,62,0,84,0,2,140,0,142,0,24,202,0,226,284,0,284,510
01/12/2016,FTW,TX,ASW,CE,Towers with Radar,0,14,64,2,80,0,10,155,0,165,0,24,219,2,245,378,0,378,623
01/13/2016,FTW,TX,ASW,CE,Towers with Radar,0,20,93,0,113,0,3,155,0,158,0,23,248,0,271,270,0,270,541
01/14/2016,FTW,TX,ASW,CE,Towers with Radar,0,22,84,0,106,0,6,108,0,114,0,28,192,0,220,162,0,162,382
01/15/2016,FTW,TX,ASW,CE,Towers with Radar,0,27,92,6,125,0,0,138,0,138,0,27,230,6,263,252,0,252,515
01/16/2016,FTW,TX,ASW,CE,Towers with Radar,0,15,33,0,48,0,0,27,0,27,0,15,60,0,75,16,0,16,91
01/17/2016,FTW,TX,ASW,CE,Towers with Radar,0,13,76,2,91,0,4,96,0,100,0,17,172,2,191,82,0,82,273
01/18/2016,FTW,TX,ASW,CE,Towers with Radar,0,25,78,2,105,0,3,152,0,155,0,28,230,2,260,402,0,402,662
01/19/2016,FTW,TX,ASW,CE,Towers with Radar,0,25,74,0,99,0,4,68,0,72,0,29,142,0,171,198,0,198,369
01/20/2016,FTW,TX,ASW,CE,Towers with Radar,1,17,97,1,116,0,3,98,1,102,1,20,195,2,218,166,0,166,384
01/21/2016,FTW,TX,ASW,CE,Towers with Radar,0,27,53,0,80,0,5,15,0,20,0,32,68,0,100,188,0,188,288
01/22/2016,FTW,TX,ASW,CE,Towers with Radar,0,16,108,0,124,0,8,172,0,180,0,24,280,0,304,340,0,340,644
01/23/2016,FTW,TX,ASW,CE,Towers with Radar,2,8,42,1,53,0,0,119,2,121,2,8,161,3,174,118,0,118,292
01/24/2016,FTW,TX,ASW,CE,Towers with Radar,3,19,42,0,64,0,6,69,0,75,3,25,111,0,139,10,0,10,149
01/25/2016,FTW,TX,ASW,CE,Towers with Radar,0,21,61,0,82,0,3,140,0,143,0,24,201,0,225,240,0,240,465
01/26/2016,FTW,TX,ASW,CE,Towers with Radar,0,26,63,0,89,0,4,95,0,99,0,30,158,0,188,358,0,358,546
01/27/2016,FTW,TX,ASW,CE,Towers with Radar,0,27,80,0,107,0,3,180,0,183,0,30,260,0,290,356,0,356,646
01/28/2016,FTW,TX,ASW,CE,Towers with Radar,0,28,82,0,110,0,3,220,0,223,0,31,302,0,333,308,0,308,641
01/29/2016,FTW,TX,ASW,CE,Towers with Radar,1,24,67,6,98,0,2,141,0,143,1,26,208,6,241,238,0,238,479
01/30/2016,FTW,TX,ASW,CE,Towers with Radar,1,12,39,0,52,0,2,157,0,159,1,14,196,0,211,138,0,138,349
01/31/2016,FTW,TX,ASW,CE,Towers with Radar,0,13,72,2,87,0,2,110,0,112,0,15,182,2,199,128,0,128,327
02/01/2016,FTW,TX,ASW,CE,Towers with Radar,1,21,45,0,67,0,10,57,0,67,1,31,102,0,134,82,0,82,216
02/02/2016,FTW,TX,ASW,CE,Towers with Radar,1,23,76,0,100,0,5,75,0,80,1,28,151,0,180,36,0,36,216
02/03/2016,FTW,TX,ASW,CE,Towers with Radar,0,22,86,0,108,0,3,142,0,145,0,25,228,0,253,144,0,144,397
02/04/2016,FTW,TX,ASW,CE,Towers with Radar,1,30,82,2,115,0,2,170,1,173,1,32,252,3,288,322,48,370,658
02/05/2016,FTW,TX,ASW,CE,Towers with Radar,1,24,102,0,127,0,6,164,1,171,1,30,266,1,298,420,0,420,718
02/06/2016,FTW,TX,ASW,CE,Towers with Radar,1,15,40,0,56,0,4,90,1,95,1,19,130,1,151,142,0,142,293
02/07/2016,FTW,TX,ASW,CE,Towers with Radar,0,16,47,0,63,0,6,78,0,84,0,22,125,0,147,56,0,56,203
02/08/2016,FTW,TX,ASW,CE,Towers with Radar,0,20,61,2,83,0,1,68,3,72,0,21,129,5,155,32,0,32,187
02/09/2016,FTW,TX,ASW,CE,Towers with Radar,0,26,62,3,91,0,3,140,2,145,0,29,202,5,236,300,0,300,536
02/10/2016,FTW,TX,ASW,CE,Towers with Radar,0,27,84,0,111,0,3,180,2,185,0,30,264,2,296,286,0,286,582
02/11/2016,FTW,TX,ASW,CE,Towers with Radar,0,26,115,0,141,0,4,180,3,187,0,30,295,3,328,288,0,288,616
02/12/2016,FTW,TX,ASW,CE,Towers with Radar,0,33,122,0,155,0,2,165,1,168,0,35,287,1,323,329,0,329,652
02/13/2016,FTW,TX,ASW,CE,Towers with Radar,0,13,56,0,69,0,3,142,0,145,0,16,198,0,214,112,0,112,326
02/14/2016,FTW,TX,ASW,CE,Towers with Radar,0,29,48,1,78,0,5,64,0,69,0,34,112,1,147,86,0,86,233
02/15/2016,FTW,TX,ASW,CE,Towers with Radar,2,35,61,0,98,0,5,131,0,136,2,40,192,0,234,312,0,312,546
02/16/2016,FTW,TX,ASW,CE,Towers with Radar,1,28,79,0,108,0,5,152,0,157,1,33,231,0,265,124,0,124,389
02/17/2016,FTW,TX,ASW,CE,Towers with Radar,0,13,93,2,108,0,5,201,0,206,0,18,294,2,314,332,6,338,652
02/18/2016,FTW,TX,ASW,CE,Towers with Radar,0,25,96,1,122,0,3,60,0,63,0,28,156,1,185,57,0,57,242
02/19/2016,FTW,TX,ASW,CE,Towers with Radar,0,20,88,0,108,0,10,125,4,139,0,30,213,4,247,332,0,332,579
02/20/2016,FTW,TX,ASW,CE,Towers with Radar,0,9,46,0,55,0,2,50,0,52,0,11,96,0,107,112,0,112,219
02/21/2016,FTW,TX,ASW,CE,Towers with Radar,0,29,82,1,112,0,5,12,0,17,0,34,94,1,129,14,0,14,143
02/22/2016,FTW,TX,ASW,CE,Towers with Radar,0,16,63,0,79,0,2,76,2,80,0,18,139,2,159,246,0,246,405
02/23/2016,FTW,TX,ASW,CE,Towers with Radar,0,21,41,0,62,0,1,4,0,5,0,22,45,0,67,88,0,88,155
02/24/2016,FTW,TX,ASW,CE,Towers with Radar,2,47,90,2,141,0,3,84,0,87,2,50,174,2,228,162,0,162,390
02/25/2016,FTW,TX,ASW,CE,Towers with Radar,2,23,80,5,110,0,5,193,0,198,2,28,273,5,308,305,0,305,613
02/26/2016,FTW,TX,ASW,CE,Towers with Radar,1,38,102,1,142,0,5,190,0,195,1,43,292,1,337,328,0,328,665
02/27/2016,FTW,TX,ASW,CE,Towers with Radar,1,14,47,0,62,0,2,162,0,164,1,16,209,0,226,236,0,236,462
02/28/2016,FTW,TX,ASW,CE,Towers with Radar,0,25,71,2,98,0,1,53,0,54,0,26,124,2,152,112,0,112,264
02/29/2016,FTW,TX,ASW,CE,Towers with Radar,0,20,79,0,99,0,5,121,0,126,0,25,200,0,225,220,0,220,445
03/01/2016,FTW,TX,ASW,CE,Towers with Radar,0,15,61,0,76,0,0,67,0,67,0,15,128,0,143,118,0,118,261
03/02/2016,FTW,TX,ASW,CE,Towers with Radar,1,31,62,0,94,0,3,146,0,149,1,34,208,0,243,244,0,244,487
03/03/2016,FTW,TX,ASW,CE,Towers with Radar,0,22,65,0,87,0,3,106,0,109,0,25,171,0,196,232,0,232,428
03/04/2016,FTW,TX,ASW,CE,Towers with Radar,1,13,55,6,75,0,6,202,0,208,1,19,257,6,283,534,0,534,817
03/05/2016,FTW,TX,ASW,CE,Towers with Radar,0,22,69,2,93,0,10,207,0,217,0,32,276,2,310,220,0,220,530
03/06/2016,FTW,TX,ASW,CE,Towers with Radar,0,11,49,2,62,0,2,47,0,49,0,13,96,2,111,40,0,40,151
03/07/2016,FTW,TX,ASW,CE,Towers with Radar,0,11,43,2,56,0,1,17,0,18,0,12,60,2,74,158,0,158,232
03/08/2016,FTW,TX,ASW,CE,Towers with Radar,0,17,39,0,56,0,3,19,0,22,0,20,58,0,78,114,0,114,192
03/09/2016,FTW,TX,ASW,CE,Towers with Radar,0,16,31,0,47,0,0,9,0,9,0,16,40,0,56,28,0,28,84
03/10/2016,FTW,TX,ASW,CE,Towers with Radar,0,25,50,0,75,0,0,5,0,5,0,25,55,0,80,8,0,8,88
03/11/2016,FTW,TX,ASW,CE,Towers with Radar,0,21,50,0,71,0,0,1,0,1,0,21,51,0,72,14,0,14,86
03/12/2016,FTW,TX,ASW,CE,Towers with Radar,0,18,55,0,73,0,0,19,0,19,0,18,74,0,92,0,0,0,92
03/13/2016,FTW,TX,ASW,CE,Towers with Radar,0,32,52,1,85,0,4,71,0,75,0,36,123,1,160,70,0,70,230
03/14/2016,FTW,TX,ASW,CE,Towers with Radar,0,17,49,1,67,0,5,167,0,172,0,22,216,1,239,258,0,258,497
03/15/2016,FTW,TX,ASW,CE,Towers with Radar,1,22,63,2,88,0,10,170,1,181,1,32,233,3,269,320,0,320,589
03/16/2016,FTW,TX,ASW,CE,Towers with Radar,0,16,82,0,98,0,5,214,0,219,0,21,296,0,317,352,0,352,669
03/17/2016,FTW,TX,ASW,CE,Towers with Radar,0,32,58,0,90,0,4,51,1,56,0,36,109,1,146,384,0,384,530
03/18/2016,FTW,TX,ASW,CE,Towers with Radar,0,32,65,1,98,0,1,24,0,25,0,33,89,1,123,200,0,200,323
03/19/2016,FTW,TX,ASW,CE,Towers with Radar,0,19,69,0,88,0,1,120,0,121,0,20,189,0,209,78,0,78,287
03/20/2016,FTW,TX,ASW,CE,Towers with Radar,0,27,33,0,60,0,0,115,0,115,0,27,148,0,175,72,0,72,247
03/21/2016,FTW,TX,ASW,CE,Towers with Radar,0,18,67,1,86,0,5,132,0,137,0,23,199,1,223,154,0,154,377
03/22/2016,FTW,TX,ASW,CE,Towers with Radar,0,28,80,1,109,0,2,60,0,62,0,30,140,1,171,92,0,92,263
03/23/2016,FTW,TX,ASW,CE,Towers with Radar,0,28,56,1,85,0,0,37,1,38,0,28,93,2,123,54,0,54,177
03/24/2016,FTW,TX,ASW,CE,Towers with Radar,0,26,71,0,97,0,6,118,2,126,0,32,189,2,223,154,0,154,377
03/25/2016,FTW,TX,ASW,CE,Towers with Radar,0,22,61,0,83,0,4,193,1,198,0,26,254,1,281,282,0,282,563
03/26/2016,FTW,TX,ASW,CE,Towers with Radar,0,16,44,0,60,0,2,180,0,182,0,18,224,0,242,184,0,184,426
03/27/2016,FTW,TX,ASW,CE,Towers with Radar,0,23,32,0,55,0,0,35,0,35,0,23,67,0,90,16,0,16,106
03/28/2016,FTW,TX,ASW,CE,Towers with Radar,0,18,81,0,99,0,0,168,1,169,0,18,249,1,268,342,0,342,610
03/29/2016,FTW,TX,ASW,CE,Towers with Radar,0,21,85,0,106,0,0,69,0,69,0,21,154,0,175,328,0,328,503
03/30/2016,FTW,TX,ASW,CE,Towers with Radar,0,7,55,1,63,0,0,10,0,10,0,7,65,1,73,26,2,28,101
03/31/2016,FTW,TX,ASW,CE,Towers with Radar,0,24,95,0,119,0,4,207,1,212,0,28,302,1,331,352,0,352,683
04/01/2016,FTW,TX,ASW,CE,Towers with Radar,0,21,74,1,96,0,3,95,0,98,0,24,169,1,194,196,0,196,390
04/02/2016,FTW,TX,ASW,CE,Towers with Radar,0,19,53,3,75,0,2,135,1,138,0,21,188,4,213,182,0,182,395
04/03/2016,FTW,TX,ASW,CE,Towers with Radar,0,16,68,0,84,0,2,118,2,122,0,18,186,2,206,98,0,98,304
04/04/2016,FTW,TX,ASW,CE,Towers with Radar,0,29,69,0,98,0,3,196,4,203,0,32,265,4,301,222,0,222,523
04/05/2016,FTW,TX,ASW,CE,Towers with Radar,0,15,76,0,91,0,0,135,1,136,0,15,211,1,227,238,0,238,465
04/06/2016,FTW,TX,ASW,CE,Towers with Radar,0,15,68,0,83,0,2,69,0,71,0,17,137,0,154,148,0,148,302
04/07/2016,FTW,TX,ASW,CE,Towers with Radar,0,24,63,3,90,0,4,162,1,167,0,28,225,4,257,270,0,270,527
04/08/2016,FTW,TX,ASW,CE,Towers with Radar,0,22,84,0,106,0,7,180,0,187,0,29,264,0,293,314,0,314,607
04/09/2016,FTW,TX,ASW,CE,Towers with Radar,0,23,37,0,60,0,1,94,0,95,0,24,131,0,155,212,0,212,367
04/10/2016,FTW,TX,ASW,CE,Towers with Radar,0,23,67,0,90,0,2,28,0,30,0,25,95,0,120,2,0,2,122
04/11/2016,FTW,TX,ASW,CE,Towers with Radar,0,22,59,0,81,0,2,38,0,40,0,24,97,0,121,197,0,197,318
04/12/2016,FTW,TX,ASW,CE,Towers with Radar,0,21,75,0,96,0,0,63,0,63,0,21,138,0,159,490,0,490,649
04/13/2016,FTW,TX,ASW,CE,Towers with Radar,0,24,80,4,108,0,0,35,0,35,0,24,115,4,143,356,0,356,499
04/14/2016,FTW,TX,ASW,CE,Towers with Radar,0,34,82,0,116,0,4,85,0,89,0,38,167,0,205,295,0,295,500
04/15/2016,FTW,TX,ASW,CE,Towers with Radar,0,26,86,9,121,0,3,132,2,137,0,29,218,11,258,315,0,315,573
04/16/2016,FTW,TX,ASW,CE,Towers with Radar,0,25,54,7,86,0,4,23,0,27,0,29,77,7,113,58,0,58,171
04/17/2016,FTW,TX,ASW,CE,Towers with Radar,1,13,36,0,50,0,0,0,0,0,1,13,36,0,50,0,0,0,50
04/18/2016,FTW,TX,ASW,CE,Towers with Radar,0,28,40,4,72,0,0,22,0,22,0,28,62,4,94,76,2,78,172
04/19/2016,FTW,TX,ASW,CE,Towers with Radar,0,29,63,3,95,0,5,56,0,61,0,34,119,3,156,216,0,216,372
04/20/2016,FTW,TX,ASW,CE,Towers with Radar,0,16,68,2,86,0,4,68,1,73,0,20,136,3,159,288,0,288,447
04/21/2016,FTW,TX,ASW,CE,Towers with Radar,0,29,50,2,81,0,5,99,1,105,0,34,149,3,186,182,0,182,368
04/22/2016,FTW,TX,ASW,CE,Towers with Radar,0,24,58,4,86,0,2,167,0,169,0,26,225,4,255,224,0,224,479
04/23/2016,FTW,TX,ASW,CE,Towers with Radar,0,10,38,3,51,0,0,127,0,127,0,10,165,3,178,181,0,181,359
04/24/2016,FTW,TX,ASW,CE,Towers with Radar,1,24,55,0,80,0,8,75,0,83,1,32,130,0,163,86,0,86,249
04/25/2016,FTW,TX,ASW,CE,Towers with Radar,0,25,64,4,93,0,0,73,2,75,0,25,137,6,168,334,0,334,502
04/26/2016,FTW,TX,ASW,CE,Towers with Radar,0,18,73,1,92,0,2,32,0,34,0,20,105,1,126,52,0,52,178
04/27/2016,FTW,TX,ASW,CE,Towers with Radar,0,25,92,0,117,0,5,204,0,209,0,30,296,0,326,312,0,312,638
04/28/2016,FTW,TX,ASW,CE,Towers with Radar,0,36,78,0,114,0,10,194,0,204,0,46,272,0,318,260,0,260,578
04/29/2016,FTW,TX,ASW,CE,Towers with Radar,0,29,53,1,83,0,0,23,0,23,0,29,76,1,106,76,0,76,182
04/30/2016,FTW,TX,ASW,CE,Towers with Radar,0,11,54,0,65,0,0,58,0,58,0,11,112,0,123,136,0,136,259
05/01/2016,FTW,TX,ASW,CE,Towers with Radar,0,18,73,0,91,0,4,98,3,105,0,22,171,3,196,72,0,72,268
05/02/2016,FTW,TX,ASW,CE,Towers with Radar,0,22,56,0,78,0,0,47,0,47,0,22,103,0,125,172,0,172,297
05/03/2016,FTW,TX,ASW,CE,Towers with Radar,1,32,87,2,122,0,0,180,0,180,1,32,267,2,302,266,0,266,568
05/04/2016,FTW,TX,ASW,CE,Towers with Radar,0,37,89,2,128,0,5,225,4,234,0,42,314,6,362,180,0,180,542
05/05/2016,FTW,TX,ASW,CE,Towers with Radar,0,29,95,0,124,0,6,178,3,187,0,35,273,3,311,160,0,160,471
05/06/2016,FTW,TX,ASW,CE,Towers with Radar,0,32,110,0,142,0,4,143,0,147,0,36,253,0,289,147,0,147,436
05/07/2016,FTW,TX,ASW,CE,Towers with Radar,0,20,55,0,75,0,5,140,0,145,0,25,195,0,220,180,0,180,400
05/08/2016,FTW,TX,ASW,CE,Towers with Radar,0,25,62,0,87,0,5,13,0,18,0,30,75,0,105,8,0,8,113
05/09/2016,FTW,TX,ASW,CE,Towers with Radar,1,24,56,2,83,0,1,36,2,39,1,25,92,4,122,40,0,40,162
05/10/2016,FTW,TX,ASW,CE,Towers with Radar,0,25,90,0,115,0,6,126,1,133,0,31,216,1,248,228,0,228,476
05/11/2016,FTW,TX,ASW,CE,Towers with Radar,0,26,73,0,99,0,4,129,0,133,0,30,202,0,232,216,0,216,448
05/12/2016,FTW,TX,ASW,CE,Towers with Radar,0,22,65,0,87,0,4,96,0,100,0,26,161,0,187,244,0,244,431
05/13/2016,FTW,TX,ASW,CE,Towers with Radar,0,18,66,1,85,0,4,188,1,193,0,22,254,2,278,324,0,324,602
05/14/2016,FTW,TX,ASW,CE,Towers with Radar,0,11,30,1,42,0,2,65,0,67,0,13,95,1,109,150,0,150,259
05/15/2016,FTW,TX,ASW,CE,Towers with Radar,0,20,50,0,70,0,2,39,0,41,0,22,89,0,111,24,0,24,135
05/16/2016,FTW,TX,ASW,CE,Towers with Radar,0,18,52,3,73,0,2,29,0,31,0,20,81,3,104,152,0,152,256
05/17/2016,FTW,TX,ASW,CE,Towers with Radar,0,22,57,0,79,0,1,57,0,58,0,23,114,0,137,190,0,190,327
05/18/2016,FTW,TX,ASW,CE,Towers with Radar,0,37,75,2,114,0,0,11,0,11,0,37,86,2,125,68,0,68,193
05/19/2016,FTW,TX,ASW,CE,Towers with Radar,2,30,88,0,120,0,0,4,0,4,2,30,92,0,124,26,0,26,150
05/20/2016,FTW,TX,ASW,CE,Towers with Radar,0,27,97,0,124,0,6,133,1,140,0,33,230,1,264,325,0,325,589
05/21/2016,FTW,TX,ASW,CE,Towers with Radar,0,9,67,0,76,0,5,170,0,175,0,14,237,0,251,185,0,185,436
05/22/2016,FTW,TX,ASW,CE,Towers with Radar,0,16,57,0,73,0,5,42,0,47,0,21,99,0,120,14,0,14,134
05/23/2016,FTW,TX,ASW,CE,Towers with Radar,0,18,83,2,103,0,3,49,0,52,0,21,132,2,155,186,0,186,341
05/24/2016,FTW,TX,ASW,CE,Towers with Radar,0,22,81,0,103,0,0,64,0,64,0,22,145,0,167,278,0,278,445
05/25/2016,FTW,TX,ASW,CE,Towers with Radar,0,25,92,0,117,0,3,48,2,53,0,28,140,2,170,146,0,146,316
05/26/2016,FTW,TX,ASW,CE,Towers with Radar,0,14,88,0,102,0,4,71,0,75,0,18,159,0,177,92,0,92,269
05/27/2016,FTW,TX,ASW,CE,Towers with Radar,0,24,60,1,85,0,2,90,0,92,0,26,150,1,177,160,0,160,337
05/28/2016,FTW,TX,ASW,CE,Towers with Radar,0,14,55,1,70,0,0,83,0,83,0,14,138,1,153,225,0,225,378
05/29/2016,FTW,TX,ASW,CE,Towers with Radar,0,27,42,0,69,0,0,63,0,63,0,27,105,0,132,42,0,42,174
05/30/2016,FTW,TX,ASW,CE,Towers with Radar,0,15,64,0,79,0,0,66,0,66,0,15,130,0,145,156,0,156,301
05/31/2016,FTW,TX,ASW,CE,Towers with Radar,0,21,65,0,86,0,2,50,0,52,0,23,115,0,138,292,0,292,430
06/01/2016,FTW,TX,ASW,CE,Towers with Radar,0,26,68,0,94,0,4,31,0,35,0,30,99,0,129,308,0,308,437
06/02/2016,FTW,TX,ASW,CE,Towers with Radar,1,18,59,0,78,0,3,4,0,7,1,21,63,0,85,14,0,14,99
06/03/2016,FTW,TX,ASW,CE,Towers with Radar,0,33,45,0,78,0,1,26,0,27,0,34,71,0,105,120,0,120,225
06/04/2016,FTW,TX,ASW,CE,Towers with Radar,0,9,45,4,58,0,6,93,0,99,0,15,138,4,157,172,0,172,329
06/05/2016,FTW,TX,ASW,CE,Towers with Radar,0,28,58,0,86,0,4,129,0,133,0,32,187,0,219,74,0,74,293
06/06/2016,FTW,TX,ASW,CE,Towers with Radar,1,18,79,0,98,0,3,183,2,188,1,21,262,2,286,436,0,436,722
06/07/2016,FTW,TX,ASW,CE,Towers with Radar,0,18,64,0,82,0,3,207,4,214,0,21,271,4,296,396,0,396,692
06/08/2016,FTW,TX,ASW,CE,Towers with Radar,0,22,83,2,107,0,4,180,9,193,0,26,263,11,300,196,0,196,496
06/09/2016,FTW,TX,ASW,CE,Towers with Radar,1,39,83,4,127,0,4,172,2,178,1,43,255,6,305,264,0,264,569
06/10/2016,FTW,TX,ASW,CE,Towers with Radar,0,28,62,4,94,0,4,171,1,176,0,32,233,5,270,432,0,432,702
06/11/2016,FTW,TX,ASW,CE,Towers with Radar,0,17,42,0,59,0,4,68,0,72,0,21,110,0,131,164,0,164,295
06/12/2016,FTW,TX,ASW,CE,Towers with Radar,1,21,68,0,90,0,0,35,0,35,1,21,103,0,125,66,0,66,191
06/13/2016,FTW,TX,ASW,CE,Towers with Radar,0,21,70,3,94,0,2,64,1,67,0,23,134,4,161,420,0,420,581
06/14/2016,FTW,TX,ASW,CE,Towers with Radar,0,28,88,0,116,0,4,117,1,122,0,32,205,1,238,370,0,370,608
06/15/2016,FTW,TX,ASW,CE,Towers with Radar,1,21,78,1,101,0,0,146,2,148,1,21,224,3,249,232,0,232,481
06/16/2016,FTW,TX,ASW,CE,Towers with Radar,0,22,97,1,120,0,0,204,2,206,0,22,301,3,326,320,60,380,706
06/17/2016,FTW,TX,ASW,CE,Towers with Radar,0,22,115,2,139,0,2,162,5,169,0,24,277,7,308,198,2,200,508
06/18/2016,FTW,TX,ASW,CE,Towers with Radar,0,15,54,0,69,0,3,127,0,130,0,18,181,0,199,132,0,132,331
06/19/2016,FTW,TX,ASW,CE,Towers with Radar,0,33,88,1,122,0,4,59,0,63,0,37,147,1,185,42,0,42,227
06/20/2016,FTW,TX,ASW,CE,Towers with Radar,0,17,85,0,102,0,1,148,2,151,0,18,233,2,253,266,0,266,519
06/21/2016,FTW,TX,ASW,CE,Towers with Radar,1,33,104,1,139,0,3,162,1,166,1,36,266,2,305,220,0,220,525
06/22/2016,FTW,TX,ASW,CE,Towers with Radar,0,19,100,0,119,0,3,163,0,166,0,22,263,0,285,222,0,222,507
06/23/2016,FTW,TX,ASW,CE,Towers with Radar,1,26,79,0,106,0,8,168,1,177,1,34,247,1,283,352,0,352,635
06/24/2016,FTW,TX,ASW,CE,Towers with Radar,0,26,89,1,116,0,5,164,1,170,0,31,253,2,286,358,0,358,644
06/25/2016,FTW,TX,ASW,CE,Towers with Radar,0,18,45,0,63,0,3,105,0,108,0,21,150,0,171,140,0,140,311
06/26/2016,FTW,TX,ASW,CE,Towers with Radar,0,26,69,0,95,0,4,83,0,87,0,30,152,0,182,35,0,35,217
06/27/2016,FTW,TX,ASW,CE,Towers with Radar,2,28,55,0,85,0,0,126,0,126,2,28,181,0,211,196,0,196,407
06/28/2016,FTW,TX,ASW,CE,Towers with Radar,0,19,59,1,79,0,0,132,2,134,0,19,191,3,213,232,0,232,445
06/29/2016,FTW,TX,ASW,CE,Towers with Radar,0,36,75,6,117,0,1,154,0,155,0,37,229,6,272,326,0,326,598
06/30/2016,FTW,TX,ASW,CE,Towers with Radar,0,21,84,2,107,0,1,158,3,162,0,22,242,5,269,268,0,268,537
07/01/2016,FTW,TX,ASW,CE,Towers with Radar,0,15,82,1,98,0,5,168,1,174,0,20,250,2,272,306,0,306,578
07/02/2016,FTW,TX,ASW,CE,Towers with Radar,0,17,36,0,53,0,3,152,0,155,0,20,188,0,208,126,0,126,334
07/03/2016,FTW,TX,ASW,CE,Towers with Radar,0,11,31,0,42,0,4,55,0,59,0,15,86,0,101,6,0,6,107
07/04/2016,FTW,TX,ASW,CE,Towers with Radar,0,12,18,0,30,0,3,54,0,57,0,15,72,0,87,8,0,8,95
07/05/2016,FTW,TX,ASW,CE,Towers with Radar,0,15,68,1,84,0,2,61,0,63,0,17,129,1,147,142,0,142,289
07/06/2016,FTW,TX,ASW,CE,Towers with Radar,0,27,74,0,101,0,12,95,0,107,0,39,169,0,208,218,0,218,426
07/07/2016,FTW,TX,ASW,CE,Towers with Radar,0,29,61,0,90,0,2,123,0,125,0,31,184,0,215,122,0,122,337
07/08/2016,FTW,TX,ASW,CE,Towers with Radar,0,16,66,0,82,0,7,144,0,151,0,23,210,0,233,160,0,160,393
07/09/2016,FTW,TX,ASW,CE,Towers with Radar,0,17,36,0,53,0,2,97,0,99,0,19,133,0,152,220,0,220,372
07/10/2016,FTW,TX,ASW,CE,Towers with Radar,0,21,42,0,63,0,0,64,0,64,0,21,106,0,127,72,0,72,199
07/11/2016,FTW,TX,ASW,CE,Towers with Radar,0,16,53,6,75,0,7,87,0,94,0,23,140,6,169,206,0,206,375
07/12/2016,FTW,TX,ASW,CE,Towers with Radar,0,30,56,4,90,0,2,77,2,81,0,32,133,6,171,130,0,130,301
07/13/2016,FTW,TX,ASW,CE,Towers with Radar,0,24,74,3,101,0,6,144,0,150,0,30,218,3,251,196,0,196,447
07/14/2016,FTW,TX,ASW,CE,Towers with Radar,0,18,59,0,77,0,3,137,1,141,0,21,196,1,218,286,0,286,504
07/15/2016,FTW,TX,ASW,CE,Towers with Radar,0,26,71,0,97,0,7,73,1,81,0,33,144,1,178,396,0,396,574
07/16/2016,FTW,TX,ASW,CE,Towers with Radar,0,14,42,0,56,0,6,112,0,118,0,20,154,0,174,152,0,152,326
07/17/2016,FTW,TX,ASW,CE,Towers with Radar,0,14,58,0,72,0,5,94,1,100,0,19,152,1,172,76,0,76,248
07/18/2016,FTW,TX,ASW,CE,Towers with Radar,0,20,47,0,67,0,1,135,0,136,0,21,182,0,203,298,0,298,501
07/19/2016,FTW,TX,ASW,CE,Towers with Radar,0,22,73,1,96,0,2,152,0,154,0,24,225,1,250,306,0,306,556
07/20/2016,FTW,TX,ASW,CE,Towers with Radar,0,21,90,0,111,0,4,157,0,161,0,25,247,0,272,283,0,283,555
07/21/2016,FTW,TX,ASW,CE,Towers with Radar,0,29,60,2,91,0,4,147,3,154,0,33,207,5,245,282,0,282,527
07/22/2016,FTW,TX,ASW,CE,Towers with Radar,0,29,74,0,103,0,4,176,2,182,0,33,250,2,285,466,0,466,751
07/23/2016,FTW,TX,ASW,CE,Towers with Radar,0,20,49,1,70,0,4,173,0,177,0,24,222,1,247,202,0,202,449
07/24/2016,FTW,TX,ASW,CE,Towers with Radar,0,24,50,0,74,0,2,84,0,86,0,26,134,0,160,56,0,56,216
07/25/2016,FTW,TX,ASW,CE,Towers with Radar,0,18,74,2,94,0,0,132,0,132,0,18,206,2,226,302,0,302,528
07/26/2016,FTW,TX,ASW,CE,Towers with Radar,0,34,74,0,108,0,4,100,2,106,0,38,174,2,214,286,0,286,500
07/27/2016,FTW,TX,ASW,CE,Towers with Radar,0,31,84,1,116,0,9,86,0,95,0,40,170,1,211,302,0,302,513
07/28/2016,FTW,TX,ASW,CE,Towers with Radar,0,31,84,0,115,0,8,104,4,116,0,39,188,4,231,376,0,376,607
07/29/2016,FTW,TX,ASW,CE,Towers with Radar,0,27,76,0,103,0,8,166,3,177,0,35,242,3,280,310,0,310,590
07/30/2016,FTW,TX,ASW,CE,Towers with Radar,0,18,53,1,72,0,1,135,1,137,0,19,188,2,209,164,0,164,373
07/31/2016,FTW,TX,ASW,CE,Towers with Radar,0,35,68,1,104,0,4,102,0,106,0,39,170,1,210,108,0,108,318
08/01/2016,FTW,TX,ASW,CE,Towers with Radar,0,20,62,1,83,0,0,132,0,132,0,20,194,1,215,226,0,226,441
08/02/2016,FTW,TX,ASW,CE,Towers with Radar,0,13,81,0,94,0,0,145,0,145,0,13,226,0,239,270,0,270,509
08/03/2016,FTW,TX,ASW,CE,Towers with Radar,1,23,89,2,115,0,2,167,0,169,1,25,256,2,284,222,0,222,506
08/04/2016,FTW,TX,ASW,CE,Towers with Radar,0,16,83,2,101,0,1,154,0,155,0,17,237,2,256,116,0,116,372
08/05/2016,FTW,TX,ASW,CE,Towers with Radar,0,7,60,0,67,0,5,134,0,139,0,12,194,0,206,122,0,122,328
08/06/2016,FTW,TX,ASW,CE,Towers with Radar,0,17,49,0,66,0,1,95,1,97,0,18,144,1,163,132,0,132,295
08/07/2016,FTW,TX,ASW,CE,Towers with Radar,1,23,69,2,95,0,8,64,1,73,1,31,133,3,168,52,0,52,220
08/08/2016,FTW,TX,ASW,CE,Towers with Radar,0,16,63,1,80,0,1,111,1,113,0,17,174,2,193,216,0,216,409
08/09/2016,FTW,TX,ASW,CE,Towers with Radar,0,30,58,3,91,0,5,133,0,138,0,35,191,3,229,198,0,198,427
08/10/2016,FTW,TX,ASW,CE,Towers with Radar,0,19,76,1,96,0,3,145,0,148,0,22,221,1,244,240,0,240,484
08/11/2016,FTW,TX,ASW,CE,Towers with Radar,0,14,70,3,87,0,6,134,0,140,0,20,204,3,227,218,0,218,445
08/12/2016,FTW,TX,ASW,CE,Towers with Radar,0,29,58,0,87,0,4,98,0,102,0,33,156,0,189,116,0,116,305
08/13/2016,FTW,TX,ASW,CE,Towers with Radar,0,18,49,0,67,0,0,44,0,44,0,18,93,0,111,136,0,136,247
08/14/2016,FTW,TX,ASW,CE,Towers with Radar,0,27,51,0,78,0,0,49,0,49,0,27,100,0,127,86,0,86,213
08/15/2016,FTW,TX,ASW,CE,Towers with Radar,0,19,61,0,80,0,0,42,3,45,0,19,103,3,125,104,0,104,229
08/16/2016,FTW,TX,ASW,CE,Towers with Radar,0,23,63,0,86,0,2,36,1,39,0,25,99,1,125,214,0,214,339
08/17/2016,FTW,TX,ASW,CE,Towers with Radar,0,20,73,7,100,0,0,27,0,27,0,20,100,7,127,82,0,82,209
08/18/2016,FTW,TX,ASW,CE,Towers with Radar,0,18,55,0,73,0,3,24,0,27,0,21,79,0,100,176,0,176,276
08/19/2016,FTW,TX,ASW,CE,Towers with Radar,0,31,64,3,98,0,0,33,1,34,0,31,97,4,132,182,0,182,314
08/20/2016,FTW,TX,ASW,CE,Towers with Radar,0,15,23,0,38,0,0,36,0,36,0,15,59,0,74,46,0,46,120
08/21/2016,FTW,TX,ASW,CE,Towers with Radar,0,23,51,2,76,0,2,77,0,79,0,25,128,2,155,65,0,65,220
08/22/2016,FTW,TX,ASW,CE,Towers with Radar,0,29,50,0,79,0,2,47,0,49,0,31,97,0,128,164,0,164,292
08/23/2016,FTW,TX,ASW,CE,Towers with Radar,0,23,88,0,111,0,12,139,0,151,0,35,227,0,262,200,0,200,462
08/24/2016,FTW,TX,ASW,CE,Towers with Radar,1,26,80,5,112,0,3,135,0,138,1,29,215,5,250,132,0,132,382
08/25/2016,FTW,TX,ASW,CE,Towers with Radar,0,19,96,0,115,0,4,200,0,204,0,23,296,0,319,246,58,304,623
08/26/2016,FTW,TX,ASW,CE,Towers with Radar,0,13,58,0,71,0,7,79,1,87,0,20,137,1,158,262,0,262,420
08/27/2016,FTW,TX,ASW,CE,Towers with Radar,0,12,51,0,63,0,2,106,0,108,0,14,157,0,171,240,0,240,411
08/28/2016,FTW,TX,ASW,CE,Towers with Radar,0,22,69,2,93,0,3,139,1,143,0,25,208,3,236,80,0,80,316
08/29/2016,FTW,TX,ASW,CE,Towers with Radar,0,25,54,0,79,0,0,89,1,90,0,25,143,1,169,146,0,146,315
08/30/2016,FTW,TX,ASW,CE,Towers with Radar,0,25,69,2,96,0,7,112,0,119,0,32,181,2,215,318,0,318,533
08/31/2016,FTW,TX,ASW,CE,Towers with Radar,0,31,73,0,104,0,5,145,0,150,0,36,218,0,254,278,0,278,532
09/01/2016,FTW,TX,ASW,CE,Towers with Radar,0,36,92,5,133,0,5,76,0,81,0,41,168,5,214,136,0,136,350
09/02/2016,FTW,TX,ASW,CE,Towers with Radar,1,24,85,5,115,0,3,90,1,94,1,27,175,6,209,200,0,200,409
09/03/2016,FTW,TX,ASW,CE,Towers with Radar,0,6,58,3,67,0,9,147,0,156,0,15,205,3,223,252,0,252,475
09/04/2016,FTW,TX,ASW,CE,Towers with Radar,1,15,54,0,70,0,8,95,0,103,1,23,149,0,173,92,0,92,265
09/05/2016,FTW,TX,ASW,CE,Towers with Radar,0,21,54,0,75,0,3,49,0,52,0,24,103,0,127,32,0,32,159
09/06/2016,FTW,TX,ASW,CE,Towers with Radar,0,25,83,3,111,0,2,108,0,110,0,27,191,3,221,266,0,266,487
09/07/2016,FTW,TX,ASW,CE,Towers with Radar,0,19,98,1,118,0,7,138,0,145,0,26,236,1,263,258,0,258,521
09/08/2016,FTW,TX,ASW,CE,Towers with Radar,0,30,81,0,111,0,5,161,5,171,0,35,242,5,282,316,12,328,610
09/09/2016,FTW,TX,ASW,CE,Towers with Radar,0,22,80,3,105,0,0,125,2,127,0,22,205,5,232,216,0,216,448
09/10/2016,FTW,TX,ASW,CE,Towers with Radar,0,11,78,0,89,0,3,62,0,65,0,14,140,0,154,221,0,221,375
09/11/2016,FTW,TX,ASW,CE,Towers with Radar,0,24,99,0,123,0,6,134,2,142,0,30,233,2,265,75,0,75,340
09/12/2016,FTW,TX,ASW,CE,Towers with Radar,0,21,69,4,94,0,5,147,3,155,0,26,216,7,249,236,0,236,485
09/13/2016,FTW,TX,ASW,CE,Towers with Radar,0,15,81,0,96,0,5,110,1,116,0,20,191,1,212,336,0,336,548
09/14/2016,FTW,TX,ASW,CE,Towers with Radar,0,21,78,0,99,0,3,120,0,123,0,24,198,0,222,322,0,322,544
09/15/2016,FTW,TX,ASW,CE,Towers with Radar,0,26,95,1,122,0,6,155,0,161,0,32,250,1,283,386,0,386,669
09/16/2016,FTW,TX,ASW,CE,Towers with Radar,0,37,114,1,152,0,4,146,3,153,0,41,260,4,305,324,0,324,629
09/17/2016,FTW,TX,ASW,CE,Towers with Radar,3,18,43,0,64,0,2,137,0,139,3,20,180,0,203,327,0,327,530
09/18/2016,FTW,TX,ASW,CE,Towers with Radar,1,27,79,0,107,0,0,98,1,99,1,27,177,1,206,189,0,189,395
09/19/2016,FTW,TX,ASW,CE,Towers with Radar,0,20,61,0,81,0,5,141,0,146,0,25,202,0,227,392,0,392,619
09/20/2016,FTW,TX,ASW,CE,Towers with Radar,0,32,48,0,80,0,2,169,2,173,0,34,217,2,253,320,0,320,573
09/21/2016,FTW,TX,ASW,CE,Towers with Radar,0,27,80,1,108,0,5,151,1,157,0,32,231,2,265,304,0,304,569
09/22/2016,FTW,TX,ASW,CE,Towers with Radar,0,41,77,0,118,0,4,157,0,161,0,45,234,0,279,274,0,274,553
09/23/2016,FTW,TX,ASW,CE,Towers with Radar,0,31,110,0,141,0,2,117,0,119,0,33,227,0,260,322,0,322,582
09/24/2016,FTW,TX,ASW,CE,Towers with Radar,0,21,41,0,62,0,3,52,0,55,0,24,93,0,117,220,0,220,337
09/25/2016,FTW,TX,ASW,CE,Towers with Radar,0,25,59,0,84,0,0,0,0,0,0,25,59,0,84,0,0,0,84
09/26/2016,FTW,TX,ASW,CE,Towers with Radar,1,12,53,0,66,0,1,53,0,54,1,13,106,0,120,174,0,174,294
09/27/2016,FTW,TX,ASW,CE,Towers with Radar,0,35,71,0,106,0,18,195,2,215,0,53,266,2,321,370,0,370,691
09/28/2016,FTW,TX,ASW,CE,Towers with Radar,0,24,63,8,95,0,1,199,0,200,0,25,262,8,295,396,0,396,691
09/29/2016,FTW,TX,ASW,CE,Towers with Radar,0,17,96,0,113,0,2,217,2,221,0,19,313,2,334,320,0,320,654
09/30/2016,FTW,TX,ASW,CE,Towers with Radar,0,25,94,1,120,0,10,174,0,184,0,35,268,1,304,320,0,320,624
10/01/2016,FTW,TX,ASW,CE,Towers with Radar,1,26,68,1,96,0,0,172,0,172,1,26,240,1,268,186,0,186,454
10/02/2016,FTW,TX,ASW,CE,Towers with Radar,0,22,71,0,93,0,0,89,0,89,0,22,160,0,182,86,0,86,268
10/03/2016,FTW,TX,ASW,CE,Towers with Radar,2,22,58,3,85,0,1,127,0,128,2,23,185,3,213,352,0,352,565
10/04/2016,FTW,TX,ASW,CE,Towers with Radar,0,25,83,3,111,0,2,80,0,82,0,27,163,3,193,124,0,124,317
10/05/2016,FTW,TX,ASW,CE,Towers with Radar,0,29,73,1,103,0,5,144,0,149,0,34,217,1,252,356,0,356,608
10/06/2016,FTW,TX,ASW,CE,Towers with Radar,1,30,109,0,140,0,4,120,1,125,1,34,229,1,265,328,0,328,593
10/07/2016,FTW,TX,ASW,CE,Towers with Radar,1,40,100,3,144,0,3,16,0,19,1,43,116,3,163,38,0,38,201
10/08/2016,FTW,TX,ASW,CE,Towers with Radar,0,23,47,1,71,0,3,149,0,152,0,26,196,1,223,230,0,230,453
10/09/2016,FTW,TX,ASW,CE,Towers with Radar,1,17,45,2,65,0,5,90,0,95,1,22,135,2,160,102,0,102,262
10/10/2016,FTW,TX,ASW,CE,Towers with Radar,0,21,69,0,90,0,2,167,0,169,0,23,236,0,259,326,0,326,585
10/11/2016,FTW,TX,ASW,CE,Towers with Radar,1,21,87,0,109,0,7,168,0,175,1,28,255,0,284,141,0,141,425
10/12/2016,FTW,TX,ASW,CE,Towers with Radar,1,38,73,0,112,0,8,152,0,160,1,46,225,0,272,178,0,178,450
10/13/2016,FTW,TX,ASW,CE,Towers with Radar,0,27,77,5,109,0,0,115,0,115,0,27,192,5,224,580,0,580,804
10/14/2016,FTW,TX,ASW,CE,Towers with Radar,0,38,81,1,120,0,0,93,1,94,0,38,174,2,214,528,0,528,742
10/15/2016,FTW,TX,ASW,CE,Towers with Radar,0,37,37,0,74,0,2,85,0,87,0,39,122,0,161,220,0,220,381
10/16/2016,FTW,TX,ASW,CE,Towers with Radar,0,35,63,2,100,0,5,76,0,81,0,40,139,2,181,58,0,58,239
10/17/2016,FTW,TX,ASW,CE,Towers with Radar,0,20,80,0,100,0,6,100,1,107,0,26,180,1,207,204,0,204,411
10/18/2016,FTW,TX,ASW,CE,Towers with Radar,0,22,89,4,115,0,7,116,0,123,0,29,205,4,238,384,0,384,622
10/19/2016,FTW,TX,ASW,CE,Towers with Radar,0,19,104,0,123,0,3,144,1,148,0,22,248,1,271,481,0,481,752
10/20/2016,FTW,TX,ASW,CE,Towers with Radar,0,30,73,1,104,0,0,84,0,84,0,30,157,1,188,140,0,140,328
10/21/2016,FTW,TX,ASW,CE,Towers with Radar,1,35,88,0,124,0,3,202,0,205,1,38,290,0,329,354,0,354,683
10/22/2016,FTW,TX,ASW,CE,Towers with Radar,1,22,59,1,83,0,5,193,1,199,1,27,252,2,282,326,0,326,608
10/23/2016,FTW,TX,ASW,CE,Towers with Radar,1,27,79,0,107,0,4,98,0,102,1,31,177,0,209,131,0,131,340
10/24/2016,FTW,TX,ASW,CE,Towers with Radar,1,32,91,1,125,0,0,168,0,168,1,32,259,1,293,338,0,338,631
10/25/2016,FTW,TX,ASW,CE,Towers with Radar,0,29,110,1,140,0,8,136,5,149,0,37,246,6,289,377,0,377,666
10/26/2016,FTW,TX,ASW,CE,Towers with Radar,0,24,82,4,110,0,7,151,0,158,0,31,233,4,268,256,0,256,524
10/27/2016,FTW,TX,ASW,CE,Towers with Radar,0,21,89,1,111,0,1,154,5,160,0,22,243,6,271,300,0,300,571
10/28/2016,FTW,TX,ASW,CE,Towers with Radar,0,30,72,1,103,0,0,191,2,193,0,30,263,3,296,368,0,368,664
10/29/2016,FTW,TX,ASW,CE,Towers with Radar,0,30,71,4,105,0,0,98,0,98,0,30,169,4,203,148,0,148,351
10/30/2016,FTW,TX,ASW,CE,Towers with Radar,0,26,91,0,117,0,2,105,0,107,0,28,196,0,224,82,0,82,306
10/31/2016,FTW,TX,ASW,CE,Towers with Radar,1,30,52,1,84,0,6,161,0,167,1,36,213,1,251,250,0,250,501
11/01/2016,FTW,TX,ASW,CE,Towers with Radar,0,29,68,0,97,0,4,63,0,67,0,33,131,0,164,354,0,354,518
11/02/2016,FTW,TX,ASW,CE,Towers with Radar,0,33,60,0,93,0,3,47,2,52,0,36,107,2,145,260,10,270,415
11/03/2016,FTW,TX,ASW,CE,Towers with Radar,2,37,79,2,120,0,0,15,0,15,2,37,94,2,135,86,0,86,221
11/04/2016,FTW,TX,ASW,CE,Towers with Radar,0,26,80,1,107,0,0,19,0,19,0,26,99,1,126,91,0,91,217
11/05/2016,FTW,TX,ASW,CE,Towers with Radar,0,18,59,0,77,0,1,105,0,106,0,19,164,0,183,250,0,250,433
11/06/2016,FTW,TX,ASW,CE,Towers with Radar,1,17,71,1,90,0,0,35,0,35,1,17,106,1,125,48,0,48,173
11/07/2016,FTW,TX,ASW,CE,Towers with Radar,0,15,40,0,55,0,0,3,0,3,0,15,43,0,58,68,0,68,126
11/08/2016,FTW,TX,ASW,CE,Towers with Radar,0,20,84,6,110,0,0,2,0,2,0,20,86,6,112,122,0,122,234
11/09/2016,FTW,TX,ASW,CE,Towers with Radar,0,40,75,3,118,0,1,29,0,30,0,41,104,3,148,234,0,234,382
11/10/2016,FTW,TX,ASW,CE,Towers with Radar,0,27,89,1,117,0,7,149,0,156,0,34,238,1,273,194,0,194,467
11/11/2016,FTW,TX,ASW,CE,Towers with Radar,0,28,96,0,124,0,3,201,0,204,0,31,297,0,328,282,0,282,610
11/12/2016,FTW,TX,ASW,CE,Towers with Radar,0,21,51,0,72,0,1,182,0,183,0,22,233,0,255,308,0,308,563
11/13/2016,FTW,TX,ASW,CE,Towers with Radar,0,23,56,0,79,0,1,118,2,121,0,24,174,2,200,84,0,84,284
11/14/2016,FTW,TX,ASW,CE,Towers with Radar,0,25,83,0,108,0,0,204,0,204,0,25,287,0,312,290,0,290,602
11/15/2016,FTW,TX,ASW,CE,Towers with Radar,0,32,63,2,97,0,8,165,1,174,0,40,228,3,271,416,0,416,687
11/16/2016,FTW,TX,ASW,CE,Towers with Radar,0,33,92,1,126,0,6,185,1,192,0,39,277,2,318,392,0,392,710
11/17/2016,FTW,TX,ASW,CE,Towers with Radar,0,33,77,0,110,0,4,52,0,56,0,37,129,0,166,128,0,128,294
11/18/2016,FTW,TX,ASW,CE,Towers with Radar,2,31,79,0,112,0,7,105,0,112,2,38,184,0,224,152,0,152,376
11/19/2016,FTW,TX,ASW,CE,Towers with Radar,2,12,57,6,77,0,2,163,1,166,2,14,220,7,243,284,0,284,527
11/20/2016,FTW,TX,ASW,CE,Towers with Radar,0,24,58,0,82,0,7,75,0,82,0,31,133,0,164,14,0,14,178
11/21/2016,FTW,TX,ASW,CE,Towers with Radar,0,36,72,0,108,0,3,185,0,188,0,39,257,0,296,364,0,364,660
11/22/2016,FTW,TX,ASW,CE,Towers with Radar,1,12,89,1,103,0,0,40,0,40,1,12,129,1,143,208,0,208,351
11/23/2016,FTW,TX,ASW,CE,Towers with Radar,0,30,81,4,115,0,1,180,1,182,0,31,261,5,297,320,0,320,617
11/24/2016,FTW,TX,ASW,CE,Towers with Radar,0,5,18,0,23,0,0,46,0,46,0,5,64,0,69,80,0,80,149
11/25/2016,FTW,TX,ASW,CE,Towers with Radar,1,20,58,0,79,0,0,73,0,73,1,20,131,0,152,72,0,72,224
11/26/2016,FTW,TX,ASW,CE,Towers with Radar,0,26,60,0,86,0,7,133,0,140,0,33,193,0,226,236,0,236,462
11/27/2016,FTW,TX,ASW,CE,Towers with Radar,1,27,103,0,131,0,0,31,0,31,1,27,134,0,162,22,0,22,184
11/28/2016,FTW,TX,ASW,CE,Towers with Radar,0,21,51,0,72,0,2,43,2,47,0,23,94,2,119,68,0,68,187
11/29/2016,FTW,TX,ASW,CE,Towers with Radar,0,24,85,3,112,0,6,154,2,162,0,30,239,5,274,292,0,292,566
11/30/2016,FTW,TX,ASW,CE,Towers with Radar,1,32,64,0,97,0,1,139,0,140,1,33,203,0,237,296,0,296,533
12/01/2016,FTW,TX,ASW,CE,Towers with Radar,0,27,74,0,101,0,1,182,1,184,0,28,256,1,285,264,0,264,549
12/02/2016,FTW,TX,ASW,CE,Towers with Radar,2,25,84,3,114,0,1,95,0,96,2,26,179,3,210,216,0,216,426
12/03/2016,FTW,TX,ASW,CE,Towers with Radar,2,12,27,0,41,0,0,0,0,0,2,12,27,0,41,0,0,0,41
12/04/2016,FTW,TX,ASW,CE,Towers with Radar,0,17,53,0,70,0,0,17,0,17,0,17,70,0,87,12,0,12,99
12/05/2016,FTW,TX,ASW,CE,Towers with Radar,0,14,55,0,69,0,0,17,0,17,0,14,72,0,86,224,0,224,310
12/06/2016,FTW,TX,ASW,CE,Towers with Radar,0,36,86,0,122,0,0,30,1,31,0,36,116,1,153,140,0,140,293
12/07/2016,FTW,TX,ASW,CE,Towers with Radar,0,36,96,3,135,0,3,109,2,114,0,39,205,5,249,351,0,351,600
12/08/2016,FTW,TX,ASW,CE,Towers with Radar,0,24,81,0,105,0,2,62,1,65,0,26,143,1,170,114,0,114,284
12/09/2016,FTW,TX,ASW,CE,Towers with Radar,0,26,87,1,114,0,5,152,0,157,0,31,239,1,271,395,0,395,666
12/10/2016,FTW,TX,ASW,CE,Towers with Radar,0,23,44,0,67,0,2,100,0,102,0,25,144,0,169,324,0,324,493
12/11/2016,FTW,TX,ASW,CE,Towers with Radar,0,25,53,0,78,0,2,32,0,34,0,27,85,0,112,16,0,16,128
12/12/2016,FTW,TX,ASW,CE,Towers with Radar,0,21,87,2,110,0,4,174,2,180,0,25,261,4,290,304,0,304,594
12/13/2016,FTW,TX,ASW,CE,Towers with Radar,0,32,74,2,108,0,1,71,3,75,0,33,145,5,183,65,0,65,248
12/14/2016,FTW,TX,ASW,CE,Towers with Radar,0,21,93,4,118,0,5,73,0,78,0,26,166,4,196,302,0,302,498
12/15/2016,FTW,TX,ASW,CE,Towers with Radar,1,32,88,1,122,0,0,34,2,36,1,32,122,3,158,330,0,330,488
12/16/2016,FTW,TX,ASW,CE,Towers with Radar,0,29,91,0,120,0,0,39,1,40,0,29,130,1,160,162,0,162,322
12/17/2016,FTW,TX,ASW,CE,Towers with Radar,0,20,67,3,90,0,0,38,0,38,0,20,105,3,128,38,0,38,166
12/18/2016,FTW,TX,ASW,CE,Towers with Radar,0,27,39,0,66,0,2,47,0,49,0,29,86,0,115,63,0,63,178
12/19/2016,FTW,TX,ASW,CE,Towers with Radar,0,20,73,6,99,0,3,154,0,157,0,23,227,6,256,292,0,292,548
12/20/2016,FTW,TX,ASW,CE,Towers with Radar,0,22,77,2,101,0,2,206,0,208,0,24,283,2,309,334,0,334,643
12/21/2016,FTW,TX,ASW,CE,Towers with Radar,0,17,87,0,104,0,5,161,0,166,0,22,248,0,270,254,0,254,524
12/22/2016,FTW,TX,ASW,CE,Towers with Radar,0,22,64,0,86,0,3,185,2,190,0,25,249,2,276,318,0,318,594
12/23/2016,FTW,TX,ASW,CE,Towers with Radar,2,35,61,4,102,0,1,9,0,10,2,36,70,4,112,2,0,2,114
12/24/2016,FTW,TX,ASW,CE,Towers with Radar,0,18,18,1,37,0,0,27,0,27,0,18,45,1,64,22,0,22,86
12/25/2016,FTW,TX,ASW,CE,Towers with Radar,1,13,5,0,19,0,2,15,0,17,1,15,20,0,36,0,0,0,36
12/26/2016,FTW,TX,ASW,CE,Towers with Radar,3,37,73,1,114,0,5,90,0,95,3,42,163,1,209,74,0,74,283
12/27/2016,FTW,TX,ASW,CE,Towers with Radar,0,23,91,0,114,0,0,181,0,181,0,23,272,0,295,298,0,298,593
12/28/2016,FTW,TX,ASW,CE,Towers with Radar,0,19,46,1,66,0,2,90,0,92,0,21,136,1,158,86,0,86,244
12/29/2016,FTW,TX,ASW,CE,Towers with Radar,0,33,44,0,77,0,2,166,0,168,0,35,210,0,245,188,0,188,433
12/30/2016,FTW,TX,ASW,CE,Towers with Radar,4,25,46,0,75,0,2,143,0,145,4,27,189,0,220,210,0,210,430
12/31/2016,FTW,TX,ASW,CE,Towers with Radar,0,10,36,0,46,0,2,89,0,91,0,12,125,0,137,120,0,120,257
01/01/2017,FTW,TX,ASW,CE,Towers with Radar,0,23,41,0,64,0,2,50,0,52,0,25,91,0,116,24,0,24,140
01/02/2017,FTW,TX,ASW,CE,Towers with Radar,1,31,54,0,86,0,3,84,0,87,1,34,138,0,173,118,0,118,291
01/03/2017,FTW,TX,ASW,CE,Towers with Radar,0,21,58,0,79,0,4,40,0,44,0,25,98,0,123,74,0,74,197
01/04/2017,FTW,TX,ASW,CE,Towers with Radar,3,12,51,1,67,0,6,155,3,164,3,18,206,4,231,266,2,268,499
01/05/2017,FTW,TX,ASW,CE,Towers with Radar,2,22,64,2,90,0,4,47,2,53,2,26,111,4,143,77,0,77,220
01/06/2017,FTW,TX,ASW,CE,Towers with Radar,2,9,35,1,47,0,1,20,0,21,2,10,55,1,68,10,0,10,78
01/07/2017,FTW,TX,ASW,CE,Towers with Radar,4,16,46,0,66,0,3,146,0,149,4,19,192,0,215,168,0,168,383
01/08/2017,FTW,TX,ASW,CE,Towers with Radar,1,15,50,1,67,0,6,92,0,98,1,21,142,1,165,24,0,24,189
01/09/2017,FTW,TX,ASW,CE,Towers with Radar,0,32,46,0,78,0,4,87,0,91,0,36,133,0,169,142,0,142,311
01/10/2017,FTW,TX,ASW,CE,Towers with Radar,0,15,60,0,75,0,7,114,0,121,0,22,174,0,196,192,0,192,388
01/11/2017,FTW,TX,ASW,CE,Towers with Radar,0,29,64,0,93,0,6,50,0,56,0,35,114,0,149,40,0,40,189
01/12/2017,FTW,TX,ASW,CE,Towers with Radar,0,42,108,4,154,0,6,110,1,117,0,48,218,5,271,310,0,310,581
01/13/2017,FTW,TX,ASW,CE,Towers with Radar,0,44,84,1,129,0,0,8,0,8,0,44,92,1,137,48,0,48,185
01/14/2017,FTW,TX,ASW,CE,Towers with Radar,0,30,47,0,77,0,0,0,0,0,0,30,47,0,77,0,0,0,77
01/15/2017,FTW,TX,ASW,CE,Towers with Radar,0,26,43,0,69,0,0,0,0,0,0,26,43,0,69,0,0,0,69
01/16/2017,FTW,TX,ASW,CE,Towers with Radar,0,22,78,3,103,0,5,148,0,153,0,27,226,3,256,200,0,200,456
01/17/2017,FTW,TX,ASW,CE,Towers with Radar,1,20,71,2,94,0,6,114,1,121,1,26,185,3,215,236,0,236,451
01/18/2017,FTW,TX,ASW,CE,Towers with Radar,0,32,74,0,106,0,0,15,0,15,0,32,89,0,121,22,0,22,143
01/19/2017,FTW,TX,ASW,CE,Towers with Radar,2,33,67,0,102,0,2,124,0,126,2,35,191,0,228,368,0,368,596
01/20/2017,FTW,TX,ASW,CE,Towers with Radar,4,35,99,0,138,1,17,152,0,170,5,52,251,0,308,199,0,199,507
01/21/2017,FTW,TX,ASW,CE,Towers with Radar,0,19,40,5,64,0,8,104,0,112,0,27,144,5,176,426,4,430,606
01/22/2017,FTW,TX,ASW,CE,Towers with Radar,2,11,25,0,38,0,5,31,0,36,2,16,56,0,74,0,0,0,74
01/23/2017,FTW,TX,ASW,CE,Towers with Radar,0,25,60,8,93,0,3,174,3,180,0,28,234,11,273,274,0,274,547
01/24/2017,FTW,TX,ASW,CE,Towers with Radar,0,29,79,2,110,0,6,88,0,94,0,35,167,2,204,158,0,158,362
01/25/2017,FTW,TX,ASW,CE,Towers with Radar,0,30,64,0,94,0,6,148,0,154,0,36,212,0,248,184,0,184,432
01/26/2017,FTW,TX,ASW,CE,Towers with Radar,0,37,79,2,118,0,10,165,0,175,0,47,244,2,293,224,0,224,517
01/27/2017,FTW,TX,ASW,CE,Towers with Radar,0,30,83,0,113,0,4,162,1,167,0,34,245,1,280,278,0,278,558
01/28/2017,FTW,TX,ASW,CE,Towers with Radar,3,13,37,5,58,0,1,141,2,144,3,14,178,7,202,167,14,181,383
01/29/2017,FTW,TX,ASW,CE,Towers with Radar,1,28,61,6,96,0,3,86,1,90,1,31,147,7,186,40,0,40,226
01/30/2017,FTW,TX,ASW,CE,Towers with Radar,0,22,64,2,88,0,4,189,0,193,0,26,253,2,281,266,0,266,547
01/31/2017,FTW,TX,ASW,CE,Towers with Radar,0,23,73,2,98,0,6,140,2,148,0,29,213,4,246,212,0,212,458
02/01/2017,FTW,TX,ASW,CE,Towers with Radar,2,25,66,2,95,0,4,172,0,176,2,29,238,2,271,285,0,285,556
02/02/2017,FTW,TX,ASW,CE,Towers with Radar,0,12,104,1,117,0,7,57,0,64,0,19,161,1,181,242,0,242,423
02/03/2017,FTW,TX,ASW,CE,Towers with Radar,0,21,94,0,115,0,13,134,0,147,0,34,228,0,262,310,0,310,572
02/04/2017,FTW,TX,ASW,CE,Towers with Radar,0,7,56,0,63,0,8,56,0,64,0,15,112,0,127,126,0,126,253
02/05/2017,FTW,TX,ASW,CE,Towers with Radar,2,13,46,1,62,0,2,45,0,47,2,15,91,1,109,82,0,82,191
02/06/2017,FTW,TX,ASW,CE,Towers with Radar,0,29,90,2,121,0,1,40,0,41,0,30,130,2,162,50,0,50,212
02/07/2017,FTW,TX,ASW,CE,Towers with Radar,0,32,88,1,121,0,10,154,2,166,0,42,242,3,287,224,0,224,511
02/08/2017,FTW,TX,ASW,CE,Towers with Radar,2,28,85,1,116,0,6,111,2,119,2,34,196,3,235,208,0,208,443
02/09/2017,FTW,TX,ASW,CE,Towers with Radar,0,28,110,3,141,0,5,164,3,172,0,33,274,6,313,334,0,334,647
02/10/2017,FTW,TX,ASW,CE,Towers with Radar,0,21,92,0,113,0,4,82,0,86,0,25,174,0,199,210,0,210,409
02/11/2017,FTW,TX,ASW,CE,Towers with Radar,0,9,49,0,58,0,9,110,0,119,0,18,159,0,177,142,0,142,319
02/12/2017,FTW,TX,ASW,CE,Towers with Radar,0,20,46,0,66,0,1,40,0,41,0,21,86,0,107,16,0,16,123
02/13/2017,FTW,TX,ASW,CE,Towers with Radar,0,20,45,1,66,0,4,86,0,90,0,24,131,1,156,244,0,244,400
02/14/2017,FTW,TX,ASW,CE,Towers with Radar,2,24,43,14,83,0,0,15,0,15,2,24,58,14,98,38,4,42,140
02/15/2017,FTW,TX,ASW,CE,Towers with Radar,1,26,90,2,119,0,3,189,0,192,1,29,279,2,311,316,0,316,627
02/16/2017,FTW,TX,ASW,CE,Towers with Radar,0,37,82,8,127,0,2,198,5,205,0,39,280,13,332,378,0,378,710
02/17/2017,FTW,TX,ASW,CE,Towers with Radar,0,27,112,2,141,0,11,173,0,184,0,38,285,2,325,338,0,338,663
02/18/2017,FTW,TX,ASW,CE,Towers with Radar,2,23,49,0,74,0,5,191,0,196,2,28,240,0,270,222,0,222,492
02/19/2017,FTW,TX,ASW,CE,Towers with Radar,0,29,51,0,80,0,0,13,0,13,0,29,64,0,93,0,0,0,93
02/20/2017,FTW,TX,ASW,CE,Towers with Radar,0,26,74,0,100,0,2,42,0,44,0,28,116,0,144,104,0,104,248
02/21/2017,FTW,TX,ASW,CE,Towers with Radar,1,36,81,2,120,0,3,154,1,158,1,39,235,3,278,244,0,244,522
02/22/2017,FTW,TX,ASW,CE,Towers with Radar,3,29,99,0,131,0,1,211,1,213,3,30,310,1,344,298,0,298,642
02/23/2017,FTW,TX,ASW,CE,Towers with Radar,0,51,96,0,147,0,4,125,0,129,0,55,221,0,276,314,0,314,590
02/24/2017,FTW,TX,ASW,CE,Towers with Radar,3,38,96,4,141,0,5,114,1,120,3,43,210,5,261,142,6,148,409
02/25/2017,FTW,TX,ASW,CE,Towers with Radar,1,10,43,3,57,0,0,179,0,179,1,10,222,3,236,178,0,178,414
02/26/2017,FTW,TX,ASW,CE,Towers with Radar,0,13,59,0,72,0,2,32,0,34,0,15,91,0,106,48,0,48,154
02/27/2017,FTW,TX,ASW,CE,Towers with Radar,1,11,63,1,76,0,4,53,1,58,1,15,116,2,134,198,2,200,334
02/28/2017,FTW,TX,ASW,CE,Towers with Radar,2,18,78,0,98,0,7,79,0,86,2,25,157,0,184,282,6,288,472
03/01/2017,FTW,TX,ASW,CE,Towers with Radar,1,37,60,0,98,0,0,106,0,106,1,37,166,0,204,152,0,152,356
03/02/2017,FTW,TX,ASW,CE,Towers with Radar,0,30,82,0,112,0,5,210,0,215,0,35,292,0,327,352,0,352,679
03/03/2017,FTW,TX,ASW,CE,Towers with Radar,0,25,74,3,102,0,3,178,0,181,0,28,252,3,283,318,0,318,601
03/04/2017,FTW,TX,ASW,CE,Towers with Radar,0,20,54,0,74,0,6,45,0,51,0,26,99,0,125,102,0,102,227
03/05/2017,FTW,TX,ASW,CE,Towers with Radar,1,34,50,1,86,0,0,0,0,0,1,34,50,1,86,0,0,0,86
03/06/2017,FTW,TX,ASW,CE,Towers with Radar,0,16,85,2,103,0,0,17,0,17,0,16,102,2,120,10,0,10,130
03/07/2017,FTW,TX,ASW,CE,Towers with Radar,0,25,59,7,91,0,4,141,3,148,0,29,200,10,239,108,0,108,347
03/08/2017,FTW,TX,ASW,CE,Towers with Radar,0,21,88,0,109,0,2,189,0,191,0,23,277,0,300,306,0,306,606
03/09/2017,FTW,TX,ASW,CE,Towers with Radar,1,25,100,2,128,0,10,84,0,94,1,35,184,2,222,400,0,400,622
03/10/2017,FTW,TX,ASW,CE,Towers with Radar,0,44,116,1,161,0,3,38,0,41,0,47,154,1,202,152,0,152,354
03/11/2017,FTW,TX,ASW,CE,Towers with Radar,2,25,53,3,83,0,4,53,0,57,2,29,106,3,140,160,0,160,300
03/12/2017,FTW,TX,ASW,CE,Towers with Radar,2,20,57,6,85,0,2,30,0,32,2,22,87,6,117,62,0,62,179
03/13/2017,FTW,TX,ASW,CE,Towers with Radar,0,25,78,4,107,0,8,152,0,160,0,33,230,4,267,220,2,222,489
03/14/2017,FTW,TX,ASW,CE,Towers with Radar,0,22,85,0,107,0,9,199,3,211,0,31,284,3,318,396,0,396,714
03/15/2017,FTW,TX,ASW,CE,Towers with Radar,0,21,91,2,114,0,8,206,0,214,0,29,297,2,328,363,0,363,691
03/16/2017,FTW,TX,ASW,CE,Towers with Radar,0,22,72,9,103,0,10,35,0,45,0,32,107,9,148,152,0,152,300
03/17/2017,FTW,TX,ASW,CE,Towers with Radar,0,19,58,1,78,0,3,85,0,88,0,22,143,1,166,58,0,58,224
03/18/2017,FTW,TX,ASW,CE,Towers with Radar,0,29,67,0,96,0,4,100,0,104,0,33,167,0,200,266,0,266,466
03/19/2017,FTW,TX,ASW,CE,Towers with Radar,0,31,62,0,93,0,4,70,1,75,0,35,132,1,168,62,0,62,230
03/20/2017,FTW,TX,ASW,CE,Towers with Radar,0,38,60,5,103,0,3,191,4,198,0,41,251,9,301,106,0,106,407
03/21/2017,FTW,TX,ASW,CE,Towers with Radar,0,23,95,2,120,0,5,170,2,177,0,28,265,4,297,282,0,282,579
03/22/2017,FTW,TX,ASW,CE,Towers with Radar,0,27,126,0,153,0,6,181,2,189,0,33,307,2,342,182,0,182,524
03/23/2017,FTW,TX,ASW,CE,Towers with Radar,0,46,139,3,188,0,4,92,4,100,0,50,231,7,288,106,0,106,394
03/24/2017,FTW,TX,ASW,CE,Towers with Radar,0,23,66,6,95,0,11,38,2,51,0,34,104,8,146,58,0,58,204
03/25/2017,FTW,TX,ASW,CE,Towers with Radar,1,8,50,1,60,0,8,206,3,217,1,16,256,4,277,184,0,184,461
03/26/2017,FTW,TX,ASW,CE,Towers with Radar,1,22,51,2,76,0,7,29,2,38,1,29,80,4,114,86,0,86,200
03/27/2017,FTW,TX,ASW,CE,Towers with Radar,1,26,96,0,123,0,2,196,0,198,1,28,292,0,321,432,0,432,753
03/28/2017,FTW,TX,ASW,CE,Towers with Radar,0,28,65,0,93,0,7,17,1,25,0,35,82,1,118,164,0,164,282
03/29/2017,FTW,TX,ASW,CE,Towers with Radar,1,26,69,0,96,0,8,121,0,129,1,34,190,0,225,102,0,102,327
03/30/2017,FTW,TX,ASW,CE,Towers with Radar,0,53,85,1,139,0,1,179,0,180,0,54,264,1,319,212,0,212,531
03/31/2017,FTW,TX,ASW,CE,Towers with Radar,4,25,76,2,107,0,8,217,2,227,4,33,293,4,334,560,0,560,894
04/01/2017,FTW,TX,ASW,CE,Towers with Radar,0,16,48,5,69,0,2,42,0,44,0,18,90,5,113,180,0,180,293
04/02/2017,FTW,TX,ASW,CE,Towers with Radar,1,12,33,0,46,0,1,13,0,14,1,13,46,0,60,0,0,0,60
04/03/2017,FTW,TX,ASW,CE,Towers with Radar,0,18,92,1,111,0,6,173,0,179,0,24,265,1,290,486,0,486,776
04/04/2017,FTW,TX,ASW,CE,Towers with Radar,0,14,96,0,110,0,9,109,0,118,0,23,205,0,228,278,0,278,506
04/05/2017,FTW,TX,ASW,CE,Towers with Radar,0,28,75,1,104,0,3,58,0,61,0,31,133,1,165,102,0,102,267
04/06/2017,FTW,TX,ASW,CE,Towers with Radar,0,30,90,4,124,0,4,192,2,198,0,34,282,6,322,424,0,424,746
04/07/2017,FTW,TX,ASW,CE,Towers with Radar,0,32,87,1,120,0,6,212,1,219,0,38,299,2,339,258,0,258,597
04/08/2017,FTW,TX,ASW,CE,Towers with Radar,0,17,64,1,82,0,5,99,0,104,0,22,163,1,186,74,0,74,260
04/09/2017,FTW,TX,ASW,CE,Towers with Radar,0,38,54,1,93,0,12,43,0,55,0,50,97,1,148,4,0,4,152
04/10/2017,FTW,TX,ASW,CE,Towers with Radar,0,25,50,11,86,0,5,21,1,27,0,30,71,12,113,130,0,130,243
04/11/2017,FTW,TX,ASW,CE,Towers with Radar,1,26,67,0,94,0,3,88,0,91,1,29,155,0,185,354,0,354,539
04/12/2017,FTW,TX,ASW,CE,Towers with Radar,0,14,104,0,118,0,3,106,0,109,0,17,210,0,227,514,0,514,741
04/13/2017,FTW,TX,ASW,CE,Towers with Radar,0,44,104,2,150,0,7,105,1,113,0,51,209,3,263,360,0,360,623
04/14/2017,FTW,TX,ASW,CE,Towers with Radar,0,21,70,0,91,0,6,172,0,178,0,27,242,0,269,336,0,336,605
04/15/2017,FTW,TX,ASW,CE,Towers with Radar,0,10,39,0,49,0,1,92,0,93,0,11,131,0,142,218,0,218,360
04/16/2017,FTW,TX,ASW,CE,Towers with Radar,2,33,43,0,78,0,7,43,0,50,2,40,86,0,128,38,0,38,166
04/17/2017,FTW,TX,ASW,CE,Towers with Radar,0,33,73,0,106,0,6,41,0,47,0,39,114,0,153,192,0,192,345
04/18/2017,FTW,TX,ASW,CE,Towers with Radar,0,22,93,4,119,0,13,125,2,140,0,35,218,6,259,396,0,396,655
04/19/2017,FTW,TX,ASW,CE,Towers with Radar,1,25,94,3,123,0,5,113,1,119,1,30,207,4,242,323,0,323,565
04/20/2017,FTW,TX,ASW,CE,Towers with Radar,0,45,107,1,153,0,6,146,1,153,0,51,253,2,306,440,0,440,746
04/21/2017,FTW,TX,ASW,CE,Towers with Radar,0,34,83,5,122,0,2,89,3,94,0,36,172,8,216,280,0,280,496
04/22/2017,FTW,TX,ASW,CE,Towers with Radar,0,23,42,2,67,0,5,31,0,36,0,28,73,2,103,78,0,78,181
04/23/2017,FTW,TX,ASW,CE,Towers with Radar,0,27,81,3,111,0,6,150,3,159,0,33,231,6,270,222,0,222,492
04/24/2017,FTW,TX,ASW,CE,Towers with Radar,2,25,82,2,111,0,10,171,7,188,2,35,253,9,299,250,0,250,549
04/25/2017,FTW,TX,ASW,CE,Towers with Radar,2,30,95,1,128,0,6,68,4,78,2,36,163,5,206,60,0,60,266
04/26/2017,FTW,TX,ASW,CE,Towers with Radar,1,33,88,2,124,0,2,39,12,53,1,35,127,14,177,20,0,20,197
04/27/2017,FTW,TX,ASW,CE,Towers with Radar,0,26,76,5,107,0,7,182,6,195,0,33,258,11,302,392,0,392,694
04/28/2017,FTW,TX,ASW,CE,Towers with Radar,0,32,148,6,186,0,15,119,3,137,0,47,267,9,323,314,0,314,637
04/29/2017,FTW,TX,ASW,CE,Towers with Radar,0,12,25,0,37,0,10,31,2,43,0,22,56,2,80,14,0,14,94
04/30/2017,FTW,TX,ASW,CE,Towers with Radar,0,21,55,10,86,0,5,48,0,53,0,26,103,10,139,16,0,16,155
05/01/2017,FTW,TX,ASW,CE,Towers with Radar,0,14,74,3,91,0,5,197,1,203,0,19,271,4,294,384,0,384,678
05/02/2017,FTW,TX,ASW,CE,Towers with Radar,0,25,69,1,95,0,7,193,0,200,0,32,262,1,295,394,0,394,689
05/03/2017,FTW,TX,ASW,CE,Towers with Radar,2,14,59,0,75,0,6,33,2,41,2,20,92,2,116,55,8,63,179
05/04/2017,FTW,TX,ASW,CE,Towers with Radar,1,33,55,1,90,0,5,91,0,96,1,38,146,1,186,138,0,138,324
05/05/2017,FTW,TX,ASW,CE,Towers with Radar,1,32,77,2,112,0,13,192,0,205,1,45,269,2,317,364,0,364,681
05/06/2017,FTW,TX,ASW,CE,Towers with Radar,2,8,31,2,43,0,13,203,4,220,2,21,234,6,263,312,14,326,589
05/07/2017,FTW,TX,ASW,CE,Towers with Radar,0,23,65,0,88,0,7,141,3,151,0,30,206,3,239,132,0,132,371
05/08/2017,FTW,TX,ASW,CE,Towers with Radar,0,16,63,0,79,0,7,124,4,135,0,23,187,4,214,300,0,300,514
05/09/2017,FTW,TX,ASW,CE,Towers with Radar,0,27,82,0,109,0,4,89,0,93,0,31,171,0,202,282,0,282,484
05/10/2017,FTW,TX,ASW,CE,Towers with Radar,0,27,72,2,101,0,10,49,0,59,0,37,121,2,160,118,0,118,278
05/11/2017,FTW,TX,ASW,CE,Towers with Radar,0,33,80,0,113,0,10,99,1,110,0,43,179,1,223,364,0,364,587
05/12/2017,FTW,TX,ASW,CE,Towers with Radar,4,25,110,0,139,0,10,126,1,137,4,35,236,1,276,120,0,120,396
05/13/2017,FTW,TX,ASW,CE,Towers with Radar,1,23,41,0,65,0,6,167,0,173,1,29,208,0,238,368,0,368,606
05/14/2017,FTW,TX,ASW,CE,Towers with Radar,0,30,66,0,96,0,6,113,0,119,0,36,179,0,215,172,0,172,387
05/15/2017,FTW,TX,ASW,CE,Towers with Radar,0,21,81,0,102,0,1,172,0,173,0,22,253,0,275,296,0,296,571
05/16/2017,FTW,TX,ASW,CE,Towers with Radar,0,32,77,3,112,0,6,64,5,75,0,38,141,8,187,40,18,58,245
05/17/2017,FTW,TX,ASW,CE,Towers with Radar,0,25,93,1,119,0,5,127,1,133,0,30,220,2,252,398,0,398,650
05/18/2017,FTW,TX,ASW,CE,Towers with Radar,2,37,102,0,141,0,3,41,0,44,2,40,143,0,185,132,0,132,317
05/19/2017,FTW,TX,ASW,CE,Towers with Radar,0,30,59,0,89,0,2,26,0,28,0,32,85,0,117,30,0,30,147
05/20/2017,FTW,TX,ASW,CE,Towers with Radar,1,13,41,1,56,0,8,95,0,103,1,21,136,1,159,206,0,206,365
05/21/2017,FTW,TX,ASW,CE,Towers with Radar,0,21,54,0,75,1,15,85,1,102,1,36,139,1,177,138,0,138,315
05/22/2017,FTW,TX,ASW,CE,Towers with Radar,0,33,66,0,99,0,4,76,0,80,0,37,142,0,179,364,0,364,543
05/23/2017,FTW,TX,ASW,CE,Towers with Radar,0,34,67,0,101,0,1,57,0,58,0,35,124,0,159,146,0,146,305
05/24/2017,FTW,TX,ASW,CE,Towers with Radar,0,36,88,0,124,0,31,197,1,229,0,67,285,1,353,626,0,626,979
05/25/2017,FTW,TX,ASW,CE,Towers with Radar,1,31,96,1,129,0,10,116,3,129,1,41,212,4,258,306,0,306,564
05/26/2017,FTW,TX,ASW,CE,Towers with Radar,2,40,112,0,154,0,8,138,0,146,2,48,250,0,300,206,0,206,506
05/27/2017,FTW,TX,ASW,CE,Towers with Radar,0,19,53,2,74,0,10,75,4,89,0,29,128,6,163,178,0,178,341
05/28/2017,FTW,TX,ASW,CE,Towers with Radar,0,24,45,8,77,0,6,31,0,37,0,30,76,8,114,110,0,110,224
05/29/2017,FTW,TX,ASW,CE,Towers with Radar,1,17,71,0,89,0,6,142,0,148,1,23,213,0,237,248,0,248,485
05/30/2017,FTW,TX,ASW,CE,Towers with Radar,1,26,66,0,93,0,10,182,0,192,1,36,248,0,285,492,0,492,777
05/31/2017,FTW,TX,ASW,CE,Towers with Radar,1,36,105,0,142,0,5,156,0,161,1,41,261,0,303,450,0,450,753
06/01/2017,FTW,TX,ASW,CE,Towers with Radar,0,26,84,2,112,0,8,60,0,68,0,34,144,2,180,318,0,318,498
06/02/2017,FTW,TX,ASW,CE,Towers with Radar,2,31,53,0,86,0,6,28,0,34,2,37,81,0,120,64,0,64,184
06/03/2017,FTW,TX,ASW,CE,Towers with Radar,0,17,27,7,51,0,3,18,2,23,0,20,45,9,74,52,20,72,146
06/04/2017,FTW,TX,ASW,CE,Towers with Radar,2,18,47,3,70,1,3,46,0,50,3,21,93,3,120,54,0,54,174
06/05/2017,FTW,TX,ASW,CE,Towers with Radar,0,37,38,0,75,0,2,60,0,62,0,39,98,0,137,292,0,292,429
06/06/2017,FTW,TX,ASW,CE,Towers with Radar,2,40,63,0,105,0,7,211,3,221,2,47,274,3,326,310,0,310,636
06/07/2017,FTW,TX,ASW,CE,Towers with Radar,1,26,83,0,110,0,7,251,2,260,1,33,334,2,370,662,0,662,1032
06/08/2017,FTW,TX,ASW,CE,Towers with Radar,1,25,87,1,114,0,12,207,0,219,1,37,294,1,333,458,0,458,791
06/09/2017,FTW,TX,ASW,CE,Towers with Radar,0,30,81,5,116,0,9,80,0,89,0,39,161,5,205,238,0,238,443
06/10/2017,FTW,TX,ASW,CE,Towers with Radar,0,22,37,0,59,0,7,157,2,166,0,29,194,2,225,180,0,180,405
06/11/2017,FTW,TX,ASW,CE,Towers with Radar,0,30,65,2,97,0,1,94,1,96,0,31,159,3,193,86,0,86,279
06/12/2017,FTW,TX,ASW,CE,Towers with Radar,0,20,68,0,88,0,9,155,1,165,0,29,223,1,253,244,0,244,497
06/13/2017,FTW,TX,ASW,CE,Towers with Radar,0,26,92,0,118,0,7,141,2,150,0,33,233,2,268,361,0,361,629
06/14/2017,FTW,TX,ASW,CE,Towers with Radar,0,32,86,0,118,0,16,111,1,128,0,48,197,1,246,234,0,234,480
06/15/2017,FTW,TX,ASW,CE,Towers with Radar,2,35,70,0,107,0,6,191,0,197,2,41,261,0,304,336,0,336,640
06/16/2017,FTW,TX,ASW,CE,Towers with Radar,0,27,91,0,118,0,2,196,4,202,0,29,287,4,320,278,0,278,598
06/17/2017,FTW,TX,ASW,CE,Towers with Radar,2,23,57,1,83,0,12,133,0,145,2,35,190,1,228,250,0,250,478
06/18/2017,FTW,TX,ASW,CE,Towers with Radar,1,20,69,0,90,0,4,85,0,89,1,24,154,0,179,76,0,76,255
06/19/2017,FTW,TX,ASW,CE,Towers with Radar,0,35,71,1,107,0,5,115,0,120,0,40,186,1,227,358,0,358,585
06/20/2017,FTW,TX,ASW,CE,Towers with Radar,0,32,82,0,114,0,5,174,0,179,0,37,256,0,293,398,0,398,691
06/21/2017,FTW,TX,ASW,CE,Towers with Radar,1,24,68,2,95,0,2,171,0,173,1,26,239,2,268,282,2,284,552
06/22/2017,FTW,TX,ASW,CE,Towers with Radar,0,28,85,2,115,0,2,112,2,116,0,30,197,4,231,480,0,480,711
06/23/2017,FTW,TX,ASW,CE,Towers with Radar,0,35,75,4,114,0,8,192,1,201,0,43,267,5,315,370,0,370,685
06/24/2017,FTW,TX,ASW,CE,Towers with Radar,0,18,74,0,92,0,4,42,0,46,0,22,116,0,138,120,0,120,258
06/25/2017,FTW,TX,ASW,CE,Towers with Radar,2,23,62,2,89,0,3,69,0,72,2,26,131,2,161,42,0,42,203
06/26/2017,FTW,TX,ASW,CE,Towers with Radar,0,25,52,0,77,0,4,59,1,64,0,29,111,1,141,242,0,242,383
06/27/2017,FTW,TX,ASW,CE,Towers with Radar,1,25,62,0,88,0,8,179,2,189,1,33,241,2,277,326,0,326,603
06/28/2017,FTW,TX,ASW,CE,Towers with Radar,0,29,111,1,141,0,3,171,1,175,0,32,282,2,316,276,0,276,592
06/29/2017,FTW,TX,ASW,CE,Towers with Radar,0,33,93,1,127,0,14,146,0,160,0,47,239,1,287,186,0,186,473
06/30/2017,FTW,TX,ASW,CE,Towers with Radar,0,26,107,0,133,0,21,119,0,140,0,47,226,0,273,212,0,212,485
07/01/2017,FTW,TX,ASW,CE,Towers with Radar,0,24,63,0,87,0,1,56,0,57,0,25,119,0,144,72,0,72,216
07/02/2017,FTW,TX,ASW,CE,Towers with Radar,1,13,26,0,40,0,5,68,0,73,1,18,94,0,113,120,0,120,233
07/03/2017,FTW,TX,ASW,CE,Towers with Radar,0,10,36,0,46,0,9,202,0,211,0,19,238,0,257,256,0,256,513
07/04/2017,FTW,TX,ASW,CE,Towers with Radar,0,10,24,0,34,0,0,68,0,68,0,10,92,0,102,62,0,62,164
07/05/2017,FTW,TX,ASW,CE,Towers with Radar,0,26,69,0,95,0,5,104,0,109,0,31,173,0,204,264,0,264,468
07/06/2017,FTW,TX,ASW,CE,Towers with Radar,0,28,70,0,98,0,6,117,0,123,0,34,187,0,221,240,0,240,461
07/07/2017,FTW,TX,ASW,CE,Towers with Radar,0,18,66,1,85,0,24,155,2,181,0,42,221,3,266,358,0,358,624
07/08/2017,FTW,TX,ASW,CE,Towers with Radar,0,26,35,3,64,0,9,141,2,152,0,35,176,5,216,222,0,222,438
07/09/2017,FTW,TX,ASW,CE,Towers with Radar,0,16,56,7,79,0,2,70,3,75,0,18,126,10,154,30,0,30,184
07/10/2017,FTW,TX,ASW,CE,Towers with Radar,0,26,71,5,102,0,7,202,0,209,0,33,273,5,311,296,0,296,607
07/11/2017,FTW,TX,ASW,CE,Towers with Radar,0,13,96,2,111,0,2,192,3,197,0,15,288,5,308,306,0,306,614
07/12/2017,FTW,TX,ASW,CE,Towers with Radar,0,32,77,13,122,0,11,155,0,166,0,43,232,13,288,286,4,290,578
07/13/2017,FTW,TX,ASW,CE,Towers with Radar,0,24,91,3,118,0,3,172,0,175,0,27,263,3,293,356,0,356,649
07/14/2017,FTW,TX,ASW,CE,Towers with Radar,0,22,65,4,91,0,2,151,0,153,0,24,216,4,244,258,0,258,502
07/15/2017,FTW,TX,ASW,CE,Towers with Radar,0,19,36,0,55,0,3,73,1,77,0,22,109,1,132,106,0,106,238
07/16/2017,FTW,TX,ASW,CE,Towers with Radar,0,26,56,2,84,0,7,71,0,78,0,33,127,2,162,27,0,27,189
07/17/2017,FTW,TX,ASW,CE,Towers with Radar,0,26,57,4,87,0,8,127,2,137,0,34,184,6,224,346,0,346,570
07/18/2017,FTW,TX,ASW,CE,Towers with Radar,0,25,79,0,104,0,6,174,1,181,0,31,253,1,285,398,0,398,683
07/19/2017,FTW,TX,ASW,CE,Towers with Radar,0,29,72,2,103,0,6,171,3,180,0,35,243,5,283,220,0,220,503
07/20/2017,FTW,TX,ASW,CE,Towers with Radar,0,37,89,0,126,0,5,154,0,159,0,42,243,0,285,348,0,348,633
07/21/2017,FTW,TX,ASW,CE,Towers with Radar,0,23,70,14,107,0,2,180,1,183,0,25,250,15,290,363,0,363,653
07/22/2017,FTW,TX,ASW,CE,Towers with Radar,0,15,40,0,55,0,4,159,0,163,0,19,199,0,218,212,0,212,430
07/23/2017,FTW,TX,ASW,CE,Towers with Radar,0,44,42,2,88,0,7,83,0,90,0,51,125,2,178,182,2,184,362
07/24/2017,FTW,TX,ASW,CE,Towers with Radar,0,21,70,0,91,0,4,123,0,127,0,25,193,0,218,372,0,372,590
07/25/2017,FTW,TX,ASW,CE,Towers with Radar,0,23,75,0,98,0,8,180,0,188,0,31,255,0,286,264,0,264,550
07/26/2017,FTW,TX,ASW,CE,Towers with Radar,0,27,78,6,111,0,4,164,0,168,0,31,242,6,279,350,0,350,629
07/27/2017,FTW,TX,ASW,CE,Towers with Radar,0,31,72,0,103,0,2,189,0,191,0,33,261,0,294,346,0,346,640
07/28/2017,FTW,TX,ASW,CE,Towers with Radar,0,23,72,5,100,0,7,184,0,191,0,30,256,5,291,342,0,342,633
07/29/2017,FTW,TX,ASW,CE,Towers with Radar,0,23,28,0,51,0,8,159,1,168,0,31,187,1,219,166,0,166,385
07/30/2017,FTW,TX,ASW,CE,Towers with Radar,0,30,57,0,87,0,7,85,1,93,0,37,142,1,180,88,0,88,268
07/31/2017,FTW,TX,ASW,CE,Towers with Radar,0,30,63,0,93,0,11,183,4,198,0,41,246,4,291,208,0,208,499
08/01/2017,FTW,TX,ASW,CE,Towers with Radar,0,25,82,2,109,0,7,108,0,115,0,32,190,2,224,280,0,280,504
08/02/2017,FTW,TX,ASW,CE,Towers with Radar,0,32,64,0,96,0,1,15,0,16,0,33,79,0,112,34,0,34,146
08/03/2017,FTW,TX,ASW,CE,Towers with Radar,0,28,86,2,116,0,3,93,2,98,0,31,179,4,214,406,0,406,620
08/04/2017,FTW,TX,ASW,CE,Towers with Radar,0,38,68,2,108,0,9,201,1,211,0,47,269,3,319,386,18,404,723
08/05/2017,FTW,TX,ASW,CE,Towers with Radar,0,13,48,2,63,0,11,156,0,167,0,24,204,2,230,94,0,94,324
08/06/2017,FTW,TX,ASW,CE,Towers with Radar,0,25,72,12,109,0,4,80,0,84,0,29,152,12,193,30,0,30,223
08/07/2017,FTW,TX,ASW,CE,Towers with Radar,0,20,57,0,77,0,9,67,0,76,0,29,124,0,153,216,0,216,369
08/08/2017,FTW,TX,ASW,CE,Towers with Radar,0,27,90,0,117,0,11,101,2,114,0,38,191,2,231,370,0,370,601
08/09/2017,FTW,TX,ASW,CE,Towers with Radar,1,28,72,0,101,0,7,140,0,147,1,35,212,0,248,354,0,354,602
08/10/2017,FTW,TX,ASW,CE,Towers with Radar,0,26,73,0,99,0,11,147,2,160,0,37,220,2,259,398,0,398,657
08/11/2017,FTW,TX,ASW,CE,Towers with Radar,1,26,76,11,114,0,4,161,2,167,1,30,237,13,281,254,18,272,553
08/12/2017,FTW,TX,ASW,CE,Towers with Radar,0,18,43,5,66,0,12,100,1,113,0,30,143,6,179,204,0,204,383
08/13/2017,FTW,TX,ASW,CE,Towers with Radar,0,24,64,6,94,0,6,37,0,43,0,30,101,6,137,28,0,28,165
08/14/2017,FTW,TX,ASW,CE,Towers with Radar,0,33,61,0,94,0,6,121,2,129,0,39,182,2,223,392,0,392,615
08/15/2017,FTW,TX,ASW,CE,Towers with Radar,0,37,85,6,128,0,4,178,1,183,0,41,263,7,311,274,0,274,585
08/16/2017,FTW,TX,ASW,CE,Towers with Radar,0,26,77,0,103,0,7,134,0,141,0,33,211,0,244,366,0,366,610
08/17/2017,FTW,TX,ASW,CE,Towers with Radar,1,29,94,1,125,0,6,129,1,136,1,35,223,2,261,330,4,334,595
08/18/2017,FTW,TX,ASW,CE,Towers with Radar,0,32,90,12,134,0,8,176,1,185,0,40,266,13,319,426,0,426,745
08/19/2017,FTW,TX,ASW,CE,Towers with Radar,0,17,48,4,69,0,2,177,1,180,0,19,225,5,249,412,6,418,667
08/20/2017,FTW,TX,ASW,CE,Towers with Radar,0,29,64,0,93,0,5,96,2,103,0,34,160,2,196,112,0,112,308
08/21/2017,FTW,TX,ASW,CE,Towers with Radar,0,33,73,1,107,0,0,150,3,153,0,33,223,4,260,210,0,210,470
08/22/2017,FTW,TX,ASW,CE,Towers with Radar,0,26,92,1,119,0,5,204,3,212,0,31,296,4,331,306,0,306,637
08/23/2017,FTW,TX,ASW,CE,Towers with Radar,0,26,67,3,96,0,1,77,1,79,0,27,144,4,175,266,2,268,443
08/24/2017,FTW,TX,ASW,CE,Towers with Radar,0,30,88,2,120,0,2,39,0,41,0,32,127,2,161,128,0,128,289
08/25/2017,FTW,TX,ASW,CE,Towers with Radar,0,22,59,1,82,0,0,103,2,105,0,22,162,3,187,218,0,218,405
08/26/2017,FTW,TX,ASW,CE,Towers with Radar,0,7,33,0,40,0,5,69,0,74,0,12,102,0,114,74,0,74,188
08/27/2017,FTW,TX,ASW,CE,Towers with Radar,2,27,29,0,58,0,0,25,0,25,2,27,54,0,83,42,0,42,125
08/28/2017,FTW,TX,ASW,CE,Towers with Radar,1,28,63,1,93,0,1,69,0,70,1,29,132,1,163,198,0,198,361
08/29/2017,FTW,TX,ASW,CE,Towers with Radar,0,30,68,0,98,0,2,145,0,147,0,32,213,0,245,384,0,384,629
08/30/2017,FTW,TX,ASW,CE,Towers with Radar,0,24,61,0,85,0,9,148,0,157,0,33,209,0,242,254,0,254,496
08/31/2017,FTW,TX,ASW,CE,Towers with Radar,0,25,79,1,105,0,9,147,1,157,0,34,226,2,262,288,0,288,550
09/01/2017,FTW,TX,ASW,CE,Towers with Radar,0,33,73,0,106,0,8,128,1,137,0,41,201,1,243,306,0,306,549
09/02/2017,FTW,TX,ASW,CE,Towers with Radar,0,15,83,0,98,0,13,133,1,147,0,28,216,1,245,148,0,148,393
09/03/2017,FTW,TX,ASW,CE,Towers with Radar,0,5,45,0,50,0,4,100,0,104,0,9,145,0,154,32,0,32,186
09/04/2017,FTW,TX,ASW,CE,Towers with Radar,0,34,72,0,106,0,0,138,0,138,0,34,210,0,244,154,0,154,398
09/05/2017,FTW,TX,ASW,CE,Towers with Radar,2,24,67,10,103,0,3,166,1,170,2,27,233,11,273,315,0,315,588
09/06/2017,FTW,TX,ASW,CE,Towers with Radar,0,22,68,0,90,0,12,161,2,175,0,34,229,2,265,356,0,356,621
09/07/2017,FTW,TX,ASW,CE,Towers with Radar,0,27,88,1,116,0,9,198,0,207,0,36,286,1,323,298,0,298,621
09/08/2017,FTW,TX,ASW,CE,Towers with Radar,4,25,82,0,111,0,4,185,1,190,4,29,267,1,301,277,0,277,578
09/09/2017,FTW,TX,ASW,CE,Towers with Radar,0,19,70,1,90,0,2,191,0,193,0,21,261,1,283,144,0,144,427
09/10/2017,FTW,TX,ASW,CE,Towers with Radar,0,24,66,3,93,0,2,122,0,124,0,26,188,3,217,74,10,84,301
09/11/2017,FTW,TX,ASW,CE,Towers with Radar,0,26,64,1,91,0,3,152,0,155,0,29,216,1,246,229,0,229,475
09/12/2017,FTW,TX,ASW,CE,Towers with Radar,0,23,89,2,114,0,5,132,2,139,0,28,221,4,253,376,0,376,629
09/13/2017,FTW,TX,ASW,CE,Towers with Radar,2,32,82,0,116,0,11,155,0,166,2,43,237,0,282,327,0,327,609
09/14/2017,FTW,TX,ASW,CE,Towers with Radar,1,32,89,1,123,0,10,195,3,208,1,42,284,4,331,439,0,439,770
09/15/2017,FTW,TX,ASW,CE,Towers with Radar,0,52,114,0,166,0,9,150,0,159,0,61,264,0,325,294,0,294,619
09/16/2017,FTW,TX,ASW,CE,Towers with Radar,0,25,52,0,77,0,8,135,1,144,0,33,187,1,221,170,0,170,391
09/17/2017,FTW,TX,ASW,CE,Towers with Radar,0,50,105,1,156,0,0,108,0,108,0,50,213,1,264,84,0,84,348
09/18/2017,FTW,TX,ASW,CE,Towers with Radar,0,23,72,0,95,0,6,107,2,115,0,29,179,2,210,184,0,184,394
09/19/2017,FTW,TX,ASW,CE,Towers with Radar,1,19,108,0,128,0,5,127,1,133,1,24,235,1,261,186,0,186,447
09/20/2017,FTW,TX,ASW,CE,Towers with Radar,2,23,90,2,117,0,1,134,0,135,2,24,224,2,252,240,0,240,492
09/21/2017,FTW,TX,ASW,CE,Towers with Radar,0,26,93,0,119,0,16,181,2,199,0,42,274,2,318,384,0,384,702
09/22/2017,FTW,TX,ASW,CE,Towers with Radar,0,43,124,0,167,0,5,127,0,132,0,48,251,0,299,354,0,354,653
09/23/2017,FTW,TX,ASW,CE,Towers with Radar,0,22,60,4,86,0,3,117,0,120,0,25,177,4,206,198,0,198,404
09/24/2017,FTW,TX,ASW,CE,Towers with Radar,0,28,55,2,85,0,1,77,0,78,0,29,132,2,163,106,0,106,269
09/25/2017,FTW,TX,ASW,CE,Towers with Radar,1,31,60,1,93,0,3,133,2,138,1,34,193,3,231,422,0,422,653
09/26/2017,FTW,TX,ASW,CE,Towers with Radar,2,20,92,1,115,0,14,91,3,108,2,34,183,4,223,576,4,580,803
09/27/2017,FTW,TX,ASW,CE,Towers with Radar,0,19,94,1,114,0,1,39,0,40,0,20,133,1,154,246,0,246,400
09/28/2017,FTW,TX,ASW,CE,Towers with Radar,0,30,124,2,156,0,0,19,0,19,0,30,143,2,175,162,0,162,337
09/29/2017,FTW,TX,ASW,CE,Towers with Radar,0,33,112,1,146,0,6,74,0,80,0,39,186,1,226,350,0,350,576
09/30/2017,FTW,TX,ASW,CE,Towers with Radar,0,22,51,1,74,0,3,168,0,171,0,25,219,1,245,243,0,243,488
10/01/2017,FTW,TX,ASW,CE,Towers with Radar,0,22,91,0,113,0,6,103,1,110,0,28,194,1,223,166,0,166,389
10/02/2017,FTW,TX,ASW,CE,Towers with Radar,0,35,91,0,126,0,5,152,1,158,0,40,243,1,284,214,0,214,498
10/03/2017,FTW,TX,ASW,CE,Towers with Radar,2,28,62,0,92,0,2,51,0,53,2,30,113,0,145,178,0,178,323
10/04/2017,FTW,TX,ASW,CE,Towers with Radar,0,31,92,2,125,0,5,126,2,133,0,36,218,4,258,334,0,334,592
10/05/2017,FTW,TX,ASW,CE,Towers with Radar,0,40,106,0,146,0,5,201,1,207,0,45,307,1,353,279,0,279,632
10/06/2017,FTW,TX,ASW,CE,Towers with Radar,0,42,113,1,156,0,5,170,3,178,0,47,283,4,334,284,0,284,618
10/07/2017,FTW,TX,ASW,CE,Towers with Radar,1,20,60,0,81,0,4,111,0,115,1,24,171,0,196,194,0,194,390
10/08/2017,FTW,TX,ASW,CE,Towers with Radar,0,27,90,0,117,0,0,108,0,108,0,27,198,0,225,94,0,94,319
10/09/2017,FTW,TX,ASW,CE,Towers with Radar,0,29,64,1,94,0,4,133,0,137,0,33,197,1,231,318,0,318,549
10/10/2017,FTW,TX,ASW,CE,Towers with Radar,0,18,80,0,98,0,9,116,0,125,0,27,196,0,223,244,0,244,467
10/11/2017,FTW,TX,ASW,CE,Towers with Radar,2,33,87,0,122,0,12,195,0,207,2,45,282,0,329,330,0,330,659
10/12/2017,FTW,TX,ASW,CE,Towers with Radar,0,33,98,0,131,0,5,177,0,182,0,38,275,0,313,284,0,284,597
10/13/2017,FTW,TX,ASW,CE,Towers with Radar,0,41,82,2,125,0,2,169,1,172,0,43,251,3,297,222,0,222,519
10/14/2017,FTW,TX,ASW,CE,Towers with Radar,0,23,51,8,82,0,6,136,1,143,0,29,187,9,225,164,0,164,389
10/15/2017,FTW,TX,ASW,CE,Towers with Radar,0,27,67,1,95,0,1,31,1,33,0,28,98,2,128,52,0,52,180
10/16/2017,FTW,TX,ASW,CE,Towers with Radar,0,23,92,2,117,0,1,177,1,179,0,24,269,3,296,320,0,320,616
10/17/2017,FTW,TX,ASW,CE,Towers with Radar,0,25,88,0,113,0,4,195,3,202,0,29,283,3,315,298,0,298,613
10/18/2017,FTW,TX,ASW,CE,Towers with Radar,0,47,92,0,139,0,5,190,3,198,0,52,282,3,337,314,0,314,651
10/19/2017,FTW,TX,ASW,CE,Towers with Radar,0,31,92,0,123,0,13,179,4,196,0,44,271,4,319,354,0,354,673
10/20/2017,FTW,TX,ASW,CE,Towers with Radar,7,24,88,0,119,0,2,118,0,120,7,26,206,0,239,356,0,356,595
10/21/2017,FTW,TX,ASW,CE,Towers with Radar,2,26,76,12,116,0,4,65,0,69,2,30,141,12,185,154,0,154,339
10/22/2017,FTW,TX,ASW,CE,Towers with Radar,0,26,76,23,125,0,4,54,1,59,0,30,130,24,184,54,0,54,238
10/23/2017,FTW,TX,ASW,CE,Towers with Radar,0,22,83,1,106,0,1,152,4,157,0,23,235,5,263,324,0,324,587
10/24/2017,FTW,TX,ASW,CE,Towers with Radar,1,30,73,0,104,0,2,116,5,123,1,32,189,5,227,298,0,298,525
10/25/2017,FTW,TX,ASW,CE,Towers with Radar,4,35,97,0,136,0,5,125,1,131,4,40,222,1,267,174,0,174,441
10/26/2017,FTW,TX,ASW,CE,Towers with Radar,0,44,80,1,125,0,11,162,5,178,0,55,242,6,303,338,4,342,645
10/27/2017,FTW,TX,ASW,CE,Towers with Radar,0,31,76,6,113,0,5,84,2,91,0,36,160,8,204,121,56,177,381
10/28/2017,FTW,TX,ASW,CE,Towers with Radar,1,11,67,26,105,0,2,138,9,149,1,13,205,35,254,178,30,208,462
10/29/2017,FTW,TX,ASW,CE,Towers with Radar,1,18,85,10,114,0,2,103,1,106,1,20,188,11,220,100,0,100,320
10/30/2017,FTW,TX,ASW,CE,Towers with Radar,0,20,82,0,102,0,1,167,1,169,0,21,249,1,271,364,0,364,635
10/31/2017,FTW,TX,ASW,CE,Towers with Radar,0,19,50,0,69,0,4,67,1,72,0,23,117,1,141,432,0,432,573
11/01/2017,FTW,TX,ASW,CE,Towers with Radar,0,28,83,1,112,0,13,172,0,185,0,41,255,1,297,297,0,297,594
11/02/2017,FTW,TX,ASW,CE,Towers with Radar,2,37,95,1,135,0,4,148,2,154,2,41,243,3,289,288,2,290,579
11/03/2017,FTW,TX,ASW,CE,Towers with Radar,0,20,104,1,125,0,4,73,0,77,0,24,177,1,202,268,0,268,470
11/04/2017,FTW,TX,ASW,CE,Towers with Radar,1,31,91,1,124,0,4,82,0,86,1,35,173,1,210,116,0,116,326
11/05/2017,FTW,TX,ASW,CE,Towers with Radar,1,28,98,0,127,0,7,85,0,92,1,35,183,0,219,60,0,60,279
11/06/2017,FTW,TX,ASW,CE,Towers with Radar,0,21,88,1,110,0,4,84,1,89,0,25,172,2,199,274,0,274,473
11/07/2017,FTW,TX,ASW,CE,Towers with Radar,0,30,93,0,123,0,5,77,0,82,0,35,170,0,205,422,10,432,637
11/08/2017,FTW,TX,ASW,CE,Towers with Radar,2,23,82,1,108,0,0,2,0,2,2,23,84,1,110,0,0,0,110
11/09/2017,FTW,TX,ASW,CE,Towers with Radar,2,32,109,7,150,0,2,134,0,136,2,34,243,7,286,570,0,570,856
11/10/2017,FTW,TX,ASW,CE,Towers with Radar,0,49,122,0,171,0,0,151,2,153,0,49,273,2,324,460,0,460,784
11/11/2017,FTW,TX,ASW,CE,Towers with Radar,0,19,98,0,117,0,2,109,0,111,0,21,207,0,228,216,0,216,444
11/12/2017,FTW,TX,ASW,CE,Towers with Radar,0,27,82,0,109,0,0,36,0,36,0,27,118,0,145,72,0,72,217
11/13/2017,FTW,TX,ASW,CE,Towers with Radar,0,29,102,0,131,0,0,61,0,61,0,29,163,0,192,242,0,242,434
11/14/2017,FTW,TX,ASW,CE,Towers with Radar,1,28,102,0,131,0,4,144,0,148,1,32,246,0,279,370,0,370,649
11/15/2017,FTW,TX,ASW,CE,Towers with Radar,0,39,114,2,155,0,2,80,1,83,0,41,194,3,238,394,18,412,650
11/16/2017,FTW,TX,ASW,CE,Towers with Radar,1,35,100,0,136,0,1,59,0,60,1,36,159,0,196,420,0,420,616
11/17/2017,FTW,TX,ASW,CE,Towers with Radar,2,34,107,2,145,0,4,91,0,95,2,38,198,2,240,54,0,54,294
11/18/2017,FTW,TX,ASW,CE,Towers with Radar,0,24,59,25,108,0,2,54,0,56,0,26,113,25,164,22,0,22,186
11/19/2017,FTW,TX,ASW,CE,Towers with Radar,0,20,78,10,108,0,1,130,0,131,0,21,208,10,239,96,0,96,335
11/20/2017,FTW,TX,ASW,CE,Towers with Radar,0,19,96,6,121,0,2,159,8,169,0,21,255,14,290,200,8,208,498
11/21/2017,FTW,TX,ASW,CE,Towers with Radar,0,31,97,5,133,0,3,198,2,203,0,34,295,7,336,232,0,232,568
11/22/2017,FTW,TX,ASW,CE,Towers with Radar,2,31,92,1,126,0,2,200,2,204,2,33,292,3,330,256,4,260,590
11/23/2017,FTW,TX,ASW,CE,Towers with Radar,0,14,32,0,46,0,0,50,0,50,0,14,82,0,96,6,0,6,102
11/24/2017,FTW,TX,ASW,CE,Towers with Radar,0,24,64,0,88,0,8,111,0,119,0,32,175,0,207,112,0,112,319
11/25/2017,FTW,TX,ASW,CE,Towers with Radar,0,26,49,0,75,0,5,135,0,140,0,31,184,0,215,72,0,72,287
11/26/2017,FTW,TX,ASW,CE,Towers with Radar,0,39,72,0,111,0,0,137,0,137,0,39,209,0,248,94,0,94,342
11/27/2017,FTW,TX,ASW,CE,Towers with Radar,1,23,90,0,114,0,2,170,0,172,1,25,260,0,286,160,0,160,446
11/28/2017,FTW,TX,ASW,CE,Towers with Radar,1,24,87,0,112,0,3,111,0,114,1,27,198,0,226,178,0,178,404
11/29/2017,FTW,TX,ASW,CE,Towers with Radar,0,25,99,2,126,0,6,188,4,198,0,31,287,6,324,296,0,296,620
11/30/2017,FTW,TX,ASW,CE,Towers with Radar,0,39,104,1,144,0,10,203,0,213,0,49,307,1,357,358,0,358,715
12/01/2017,FTW,TX,ASW,CE,Towers with Radar,0,35,89,1,125,0,6,207,2,215,0,41,296,3,340,336,0,336,676
12/02/2017,FTW,TX,ASW,CE,Towers with Radar,0,9,40,13,62,0,1,154,2,157,0,10,194,15,219,214,6,220,439
12/03/2017,FTW,TX,ASW,CE,Towers with Radar,0,34,70,4,108,0,5,78,0,83,0,39,148,4,191,27,0,27,218
12/04/2017,FTW,TX,ASW,CE,Towers with Radar,1,30,56,0,87,0,3,51,1,55,1,33,107,1,142,156,0,156,298
12/05/2017,FTW,TX,ASW,CE,Towers with Radar,1,40,78,0,119,0,3,117,0,120,1,43,195,0,239,180,0,180,419
12/06/2017,FTW,TX,ASW,CE,Towers with Radar,1,37,85,3,126,0,4,147,1,152,1,41,232,4,278,482,0,482,760
12/07/2017,FTW,TX,ASW,CE,Towers with Radar,0,24,97,0,121,0,0,85,0,85,0,24,182,0,206,190,0,190,396
12/08/2017,FTW,TX,ASW,CE,Towers with Radar,2,27,90,0,119,0,2,193,2,197,2,29,283,2,316,404,16,420,736
12/09/2017,FTW,TX,ASW,CE,Towers with Radar,0,20,49,15,84,0,9,160,1,170,0,29,209,16,254,158,40,198,452
12/10/2017,FTW,TX,ASW,CE,Towers with Radar,0,17,60,2,79,0,3,107,2,112,0,20,167,4,191,146,0,146,337
12/11/2017,FTW,TX,ASW,CE,Towers with Radar,2,34,101,3,140,0,6,149,0,155,2,40,250,3,295,220,0,220,515
12/12/2017,FTW,TX,ASW,CE,Towers with Radar,0,28,98,2,128,0,1,186,1,188,0,29,284,3,316,188,0,188,504
12/13/2017,FTW,TX,ASW,CE,Towers with Radar,0,31,77,0,108,0,4,200,0,204,0,35,277,0,312,306,0,306,618
12/14/2017,FTW,TX,ASW,CE,Towers with Radar,3,27,77,0,107,0,1,156,4,161,3,28,233,4,268,284,0,284,552
12/15/2017,FTW,TX,ASW,CE,Towers with Radar,0,32,88,10,130,0,1,189,0,190,0,33,277,10,320,302,20,322,642
12/16/2017,FTW,TX,ASW,CE,Towers with Radar,0,18,44,4,66,0,7,100,2,109,0,25,144,6,175,86,0,86,261
12/17/2017,FTW,TX,ASW,CE,Towers with Radar,0,21,79,1,101,0,0,26,1,27,0,21,105,2,128,50,0,50,178
12/18/2017,FTW,TX,ASW,CE,Towers with Radar,0,23,67,2,92,0,0,3,0,3,0,23,70,2,95,0,0,0,95
12/19/2017,FTW,TX,ASW,CE,Towers with Radar,4,22,46,2,74,0,0,3,0,3,4,22,49,2,77,2,0,2,79
12/20/2017,FTW,TX,ASW,CE,Towers with Radar,2,21,101,1,125,0,1,111,0,112,2,22,212,1,237,440,0,440,677
12/21/2017,FTW,TX,ASW,CE,Towers with Radar,0,31,84,0,115,0,3,225,3,231,0,34,309,3,346,262,0,262,608
12/22/2017,FTW,TX,ASW,CE,Towers with Radar,0,27,57,1,85,0,0,3,0,3,0,27,60,1,88,0,0,0,88
12/23/2017,FTW,TX,ASW,CE,Towers with Radar,2,20,55,0,77,0,6,155,3,164,2,26,210,3,241,208,0,208,449
12/24/2017,FTW,TX,ASW,CE,Towers with Radar,2,6,16,0,24,0,4,17,0,21,2,10,33,0,45,0,0,0,45
12/25/2017,FTW,TX,ASW,CE,Towers with Radar,0,10,8,0,18,0,5,14,0,19,0,15,22,0,37,8,0,8,45
12/26/2017,FTW,TX,ASW,CE,Towers with Radar,0,32,64,0,96,0,0,8,0,8,0,32,72,0,104,0,0,0,104
12/27/2017,FTW,TX,ASW,CE,Towers with Radar,0,37,64,1,102,0,3,81,1,85,0,40,145,2,187,166,0,166,353
12/28/2017,FTW,TX,ASW,CE,Towers with Radar,0,36,98,0,134,0,0,53,0,53,0,36,151,0,187,234,0,234,421
12/29/2017,FTW,TX,ASW,CE,Towers with Radar,0,27,59,0,86,0,1,70,0,71,0,28,129,0,157,106,0,106,263
12/30/2017,FTW,TX,ASW,CE,Towers with Radar,0,34,47,0,81,0,2,3,0,5,0,36,50,0,86,0,0,0,86
12/31/2017,FTW,TX,ASW,CE,Towers with Radar,0,17,17,0,34,0,0,7,0,7,0,17,24,0,41,0,0,0,41
01/01/2018,FTW,TX,ASW,CE,Towers with Radar,0,26,30,0,56,0,5,32,0,37,0,31,62,0,93,14,0,14,107
01/02/2018,FTW,TX,ASW,CE,Towers with Radar,1,41,63,3,108,0,3,47,3,53,1,44,110,6,161,94,10,104,265
01/03/2018,FTW,TX,ASW,CE,Towers with Radar,2,23,53,0,78,0,8,134,0,142,2,31,187,0,220,234,0,234,454
01/04/2018,FTW,TX,ASW,CE,Towers with Radar,0,27,66,0,93,0,5,149,0,154,0,32,215,0,247,266,0,266,513
01/05/2018,FTW,TX,ASW,CE,Towers with Radar,1,26,59,2,88,0,11,174,0,185,1,37,233,2,273,239,0,239,512
01/06/2018,FTW,TX,ASW,CE,Towers with Radar,0,12,54,5,71,0,3,148,3,154,0,15,202,8,225,208,4,212,437
01/07/2018,FTW,TX,ASW,CE,Towers with Radar,1,12,39,4,56,0,0,11,0,11,1,12,50,4,67,16,0,16,83
01/08/2018,FTW,TX,ASW,CE,Towers with Radar,0,31,52,0,83,0,3,163,0,166,0,34,215,0,249,160,0,160,409
01/09/2018,FTW,TX,ASW,CE,Towers with Radar,0,32,96,2,130,0,1,110,0,111,0,33,206,2,241,364,0,364,605
01/10/2018,FTW,TX,ASW,CE,Towers with Radar,0,25,85,1,111,0,0,30,0,30,0,25,115,1,141,38,0,38,179
01/11/2018,FTW,TX,ASW,CE,Towers with Radar,2,30,57,1,90,1,4,23,0,28,3,34,80,1,118,144,0,144,262
01/12/2018,FTW,TX,ASW,CE,Towers with Radar,1,27,89,0,117,0,6,138,0,144,1,33,227,0,261,334,0,334,595
01/13/2018,FTW,TX,ASW,CE,Towers with Radar,0,12,40,2,54,0,6,189,1,196,0,18,229,3,250,290,0,290,540
01/14/2018,FTW,TX,ASW,CE,Towers with Radar,0,24,57,0,81,0,1,127,0,128,0,25,184,0,209,196,0,196,405
01/15/2018,FTW,TX,ASW,CE,Towers with Radar,0,24,69,2,95,0,4,80,0,84,0,28,149,2,179,166,0,166,345
01/16/2018,FTW,TX,ASW,CE,Towers with Radar,1,20,38,1,60,0,1,50,1,52,1,21,88,2,112,126,0,126,238
01/17/2018,FTW,TX,ASW,CE,Towers with Radar,1,24,59,0,84,0,4,130,1,135,1,28,189,1,219,310,0,310,529
01/18/2018,FTW,TX,ASW,CE,Towers with Radar,0,44,79,2,125,0,0,187,0,187,0,44,266,2,312,590,0,590,902
01/19/2018,FTW,TX,ASW,CE,Towers with Radar,0,32,73,4,109,0,2,94,6,102,0,34,167,10,211,298,0,298,509
01/20/2018,FTW,TX,ASW,CE,Towers with Radar,0,7,45,4,56,0,2,75,0,77,0,9,120,4,133,78,0,78,211
01/21/2018,FTW,TX,ASW,CE,Towers with Radar,2,21,59,8,90,0,1,28,1,30,2,22,87,9,120,26,0,26,146
01/22/2018,FTW,TX,ASW,CE,Towers with Radar,0,24,57,1,82,0,2,51,0,53,0,26,108,1,135,36,0,36,171
01/23/2018,FTW,TX,ASW,CE,Towers with Radar,0,28,59,0,87,0,1,186,0,187,0,29,245,0,274,370,0,370,644
01/24/2018,FTW,TX,ASW,CE,Towers with Radar,1,29,71,0,101,0,9,188,0,197,1,38,259,0,298,282,0,282,580
01/25/2018,FTW,TX,ASW,CE,Towers with Radar,1,31,82,0,114,0,10,140,0,150,1,41,222,0,264,222,0,222,486
01/26/2018,FTW,TX,ASW,CE,Towers with Radar,0,35,84,0,119,0,1,36,0,37,0,36,120,0,156,162,0,162,318
01/27/2018,FTW,TX,ASW,CE,Towers with Radar,0,15,49,11,75,0,6,88,0,94,0,21,137,11,169,178,0,178,347
01/28/2018,FTW,TX,ASW,CE,Towers with Radar,0,17,61,8,86,0,4,153,3,160,0,21,214,11,246,130,2,132,378
01/29/2018,FTW,TX,ASW,CE,Towers with Radar,0,28,60,1,89,0,3,148,0,151,0,31,208,1,240,236,0,236,476
01/30/2018,FTW,TX,ASW,CE,Towers with Radar,0,34,77,1,112,0,3,171,0,174,0,37,248,1,286,214,0,214,500
01/31/2018,FTW,TX,ASW,CE,Towers with Radar,4,41,80,1,126,0,5,67,1,73,4,46,147,2,199,112,6,118,317
02/01/2018,FTW,TX,ASW,CE,Towers with Radar,0,39,97,0,136,0,4,113,0,117,0,43,210,0,253,102,0,102,355
02/02/2018,FTW,TX,ASW,CE,Towers with Radar,1,30,88,0,119,0,6,196,0,202,1,36,284,0,321,264,0,264,585
02/03/2018,FTW,TX,ASW,CE,Towers with Radar,1,31,49,0,81,0,3,59,0,62,1,34,108,0,143,60,0,60,203
02/04/2018,FTW,TX,ASW,CE,Towers with Radar,0,11,63,0,74,0,2,72,0,74,0,13,135,0,148,108,0,108,256
02/05/2018,FTW,TX,ASW,CE,Towers with Radar,0,31,67,0,98,0,0,75,1,76,0,31,142,1,174,282,0,282,456
02/06/2018,FTW,TX,ASW,CE,Towers with Radar,0,32,56,1,89,0,1,16,0,17,0,33,72,1,106,44,0,44,150
02/07/2018,FTW,TX,ASW,CE,Towers with Radar,0,47,87,1,135,0,5,141,1,147,0,52,228,2,282,330,0,330,612
02/08/2018,FTW,TX,ASW,CE,Towers with Radar,0,31,106,0,137,0,3,226,1,230,0,34,332,1,367,312,0,312,679
02/09/2018,FTW,TX,ASW,CE,Towers with Radar,0,36,103,2,141,0,7,138,1,146,0,43,241,3,287,334,0,334,621
02/10/2018,FTW,TX,ASW,CE,Towers with Radar,1,14,35,0,50,0,1,2,2,5,1,15,37,2,55,4,0,4,59
02/11/2018,FTW,TX,ASW,CE,Towers with Radar,1,22,59,0,82,0,5,50,0,55,1,27,109,0,137,132,0,132,269
02/12/2018,FTW,TX,ASW,CE,Towers with Radar,3,21,61,2,87,0,0,135,0,135,3,21,196,2,222,312,0,312,534
02/13/2018,FTW,TX,ASW,CE,Towers with Radar,0,40,82,0,122,0,0,43,0,43,0,40,125,0,165,296,0,296,461
02/14/2018,FTW,TX,ASW,CE,Towers with Radar,2,32,75,1,110,0,4,95,0,99,2,36,170,1,209,204,0,204,413
02/15/2018,FTW,TX,ASW,CE,Towers with Radar,0,28,88,2,118,0,6,89,1,96,0,34,177,3,214,224,0,224,438
02/16/2018,FTW,TX,ASW,CE,Towers with Radar,1,20,86,0,107,0,1,114,0,115,1,21,200,0,222,122,0,122,344
02/17/2018,FTW,TX,ASW,CE,Towers with Radar,0,20,41,2,63,0,4,179,1,184,0,24,220,3,247,288,0,288,535
02/18/2018,FTW,TX,ASW,CE,Towers with Radar,0,14,41,1,56,0,0,4,0,4,0,14,45,1,60,0,0,0,60
02/19/2018,FTW,TX,ASW,CE,Towers with Radar,1,33,82,0,116,0,1,41,0,42,1,34,123,0,158,78,0,78,236
02/20/2018,FTW,TX,ASW,CE,Towers with Radar,0,31,66,0,97,0,1,11,0,12,0,32,77,0,109,154,0,154,263
02/21/2018,FTW,TX,ASW,CE,Towers with Radar,0,37,52,0,89,0,0,0,0,0,0,37,52,0,89,0,0,0,89
02/22/2018,FTW,TX,ASW,CE,Towers with Radar,1,26,82,1,110,0,0,1,0,1,1,26,83,1,111,0,0,0,111
02/23/2018,FTW,TX,ASW,CE,Towers with Radar,2,33,64,0,99,0,0,0,0,0,2,33,64,0,99,0,0,0,99
02/24/2018,FTW,TX,ASW,CE,Towers with Radar,0,23,48,1,72,0,4,87,2,93,0,27,135,3,165,110,2,112,277
02/25/2018,FTW,TX,ASW,CE,Towers with Radar,0,30,83,2,115,0,6,209,1,216,0,36,292,3,331,214,0,214,545
02/26/2018,FTW,TX,ASW,CE,Towers with Radar,0,29,98,1,128,0,1,142,1,144,0,30,240,2,272,294,0,294,566
02/27/2018,FTW,TX,ASW,CE,Towers with Radar,0,36,66,0,102,0,1,4,0,5,0,37,70,0,107,0,0,0,107
02/28/2018,FTW,TX,ASW,CE,Towers with Radar,0,30,72,0,102,0,0,12,0,12,0,30,84,0,114,42,0,42,156
03/01/2018,FTW,TX,ASW,CE,Towers with Radar,0,22,83,0,105,0,1,131,0,132,0,23,214,0,237,204,0,204,441
03/02/2018,FTW,TX,ASW,CE,Towers with Radar,0,28,99,0,127,0,6,201,1,208,0,34,300,1,335,284,0,284,619
03/03/2018,FTW,TX,ASW,CE,Towers with Radar,0,16,51,0,67,0,1,185,1,187,0,17,236,1,254,206,0,206,460
03/04/2018,FTW,TX,ASW,CE,Towers with Radar,0,26,58,0,84,0,0,21,0,21,0,26,79,0,105,0,0,0,105
03/05/2018,FTW,TX,ASW,CE,Towers with Radar,0,22,77,0,99,0,0,132,5,137,0,22,209,5,236,144,0,144,380
03/06/2018,FTW,TX,ASW,CE,Towers with Radar,0,37,83,0,120,0,8,192,2,202,0,45,275,2,322,300,0,300,622
03/07/2018,FTW,TX,ASW,CE,Towers with Radar,0,28,85,0,113,0,3,182,0,185,0,31,267,0,298,446,0,446,744
03/08/2018,FTW,TX,ASW,CE,Towers with Radar,0,35,105,2,142,0,6,173,1,180,0,41,278,3,322,418,0,418,740
03/09/2018,FTW,TX,ASW,CE,Towers with Radar,2,31,95,9,137,0,4,97,5,106,2,35,192,14,243,166,32,198,441
03/10/2018,FTW,TX,ASW,CE,Towers with Radar,0,26,72,17,115,0,11,167,3,181,0,37,239,20,296,428,0,428,724
03/11/2018,FTW,TX,ASW,CE,Towers with Radar,1,26,38,22,87,0,4,24,1,29,1,30,62,23,116,38,0,38,154
03/12/2018,FTW,TX,ASW,CE,Towers with Radar,0,22,69,21,112,0,2,160,1,163,0,24,229,22,275,510,0,510,785
03/13/2018,FTW,TX,ASW,CE,Towers with Radar,0,30,77,4,111,0,7,167,0,174,0,37,244,4,285,416,0,416,701
03/14/2018,FTW,TX,ASW,CE,Towers with Radar,4,17,83,0,104,0,9,205,0,214,4,26,288,0,318,478,0,478,796
03/15/2018,FTW,TX,ASW,CE,Towers with Radar,2,18,55,2,77,0,6,140,3,149,2,24,195,5,226,156,4,160,386
03/16/2018,FTW,TX,ASW,CE,Towers with Radar,0,21,44,14,79,0,11,146,2,159,0,32,190,16,238,194,20,214,452
03/17/2018,FTW,TX,ASW,CE,Towers with Radar,0,41,55,5,101,0,6,137,0,143,0,47,192,5,244,268,0,268,512
03/18/2018,FTW,TX,ASW,CE,Towers with Radar,0,30,69,0,99,0,2,39,0,41,0,32,108,0,140,40,0,40,180
03/19/2018,FTW,TX,ASW,CE,Towers with Radar,0,17,73,2,92,0,7,84,0,91,0,24,157,2,183,86,0,86,269
03/20/2018,FTW,TX,ASW,CE,Towers with Radar,0,31,64,3,98,0,2,200,3,205,0,33,264,6,303,296,0,296,599
03/21/2018,FTW,TX,ASW,CE,Towers with Radar,0,35,82,5,122,0,6,232,0,238,0,41,314,5,360,672,4,676,1036
03/22/2018,FTW,TX,ASW,CE,Towers with Radar,2,36,101,0,139,0,3,160,4,167,2,39,261,4,306,124,0,124,430
03/23/2018,FTW,TX,ASW,CE,Towers with Radar,0,23,96,13,132,0,5,40,5,50,0,28,136,18,182,154,0,154,336
03/24/2018,FTW,TX,ASW,CE,Towers with Radar,1,17,44,9,71,0,3,171,10,184,1,20,215,19,255,333,0,333,588
03/25/2018,FTW,TX,ASW,CE,Towers with Radar,0,20,70,0,90,0,3,36,1,40,0,23,106,1,130,72,0,72,202
03/26/2018,FTW,TX,ASW,CE,Towers with Radar,0,26,63,0,89,0,7,52,1,60,0,33,115,1,149,252,0,252,401
03/27/2018,FTW,TX,ASW,CE,Towers with Radar,0,33,29,1,63,0,0,11,0,11,0,33,40,1,74,108,0,108,182
03/28/2018,FTW,TX,ASW,CE,Towers with Radar,0,28,57,2,87,0,1,8,0,9,0,29,65,2,96,84,0,84,180
03/29/2018,FTW,TX,ASW,CE,Towers with Radar,1,38,88,4,131,0,2,103,5,110,1,40,191,9,241,314,0,314,555
03/30/2018,FTW,TX,ASW,CE,Towers with Radar,0,21,80,10,111,0,4,206,0,210,0,25,286,10,321,386,0,386,707
03/31/2018,FTW,TX,ASW,CE,Towers with Radar,0,8,37,12,57,0,3,182,3,188,0,11,219,15,245,188,0,188,433
04/01/2018,FTW,TX,ASW,CE,Towers with Radar,0,24,57,5,86,0,0,32,0,32,0,24,89,5,118,62,0,62,180
04/02/2018,FTW,TX,ASW,CE,Towers with Radar,1,29,75,5,110,0,7,18,1,26,1,36,93,6,136,16,0,16,152
04/03/2018,FTW,TX,ASW,CE,Towers with Radar,0,32,79,5,116,0,1,30,1,32,0,33,109,6,148,141,0,141,289
04/04/2018,FTW,TX,ASW,CE,Towers with Radar,2,35,109,6,152,0,9,259,2,270,2,44,368,8,422,660,26,686,1108
04/05/2018,FTW,TX,ASW,CE,Towers with Radar,0,29,104,4,137,0,5,143,0,148,0,34,247,4,285,262,0,262,547
04/06/2018,FTW,TX,ASW,CE,Towers with Radar,0,24,73,2,99,0,2,19,0,21,0,26,92,2,120,78,0,78,198
04/07/2018,FTW,TX,ASW,CE,Towers with Radar,0,26,40,18,84,0,1,25,0,26,0,27,65,18,110,30,0,30,140
04/08/2018,FTW,TX,ASW,CE,Towers with Radar,0,24,84,17,125,0,1,47,0,48,0,25,131,17,173,138,0,138,311
04/09/2018,FTW,TX,ASW,CE,Towers with Radar,0,17,83,1,101,0,1,121,1,123,0,18,204,2,224,354,6,360,584
04/10/2018,FTW,TX,ASW,CE,Towers with Radar,4,33,72,1,110,0,4,200,1,205,4,37,272,2,315,532,0,532,847
04/11/2018,FTW,TX,ASW,CE,Towers with Radar,2,19,75,5,101,0,2,150,2,154,2,21,225,7,255,270,0,270,525
04/12/2018,FTW,TX,ASW,CE,Towers with Radar,2,32,80,5,119,0,10,80,0,90,2,42,160,5,209,46,2,48,257
04/13/2018,FTW,TX,ASW,CE,Towers with Radar,0,22,70,12,104,0,4,34,1,39,0,26,104,13,143,66,4,70,213
04/14/2018,FTW,TX,ASW,CE,Towers with Radar,0,5,44,4,53,0,2,61,0,63,0,7,105,4,116,12,0,12,128
04/15/2018,FTW,TX,ASW,CE,Towers with Radar,1,25,64,0,90,0,2,129,0,131,1,27,193,0,221,78,0,78,299
04/16/2018,FTW,TX,ASW,CE,Towers with Radar,0,35,71,0,106,0,2,188,2,192,0,37,259,2,298,318,0,318,616
04/17/2018,FTW,TX,ASW,CE,Towers with Radar,0,40,59,0,99,0,1,86,0,87,0,41,145,0,186,211,0,211,397
04/18/2018,FTW,TX,ASW,CE,Towers with Radar,1,29,67,2,99,0,1,104,0,105,1,30,171,2,204,184,2,186,390
04/19/2018,FTW,TX,ASW,CE,Towers with Radar,0,28,109,6,143,0,7,236,1,244,0,35,345,7,387,386,0,386,773
04/20/2018,FTW,TX,ASW,CE,Towers with Radar,2,26,72,5,105,0,7,168,8,183,2,33,240,13,288,330,2,332,620
04/21/2018,FTW,TX,ASW,CE,Towers with Radar,0,11,29,2,42,0,0,6,0,6,0,11,35,2,48,0,0,0,48
04/22/2018,FTW,TX,ASW,CE,Towers with Radar,0,25,53,6,84,0,4,84,0,88,0,29,137,6,172,104,0,104,276
04/23/2018,FTW,TX,ASW,CE,Towers with Radar,0,17,81,1,99,0,2,172,0,174,0,19,253,1,273,340,0,340,613
04/24/2018,FTW,TX,ASW,CE,Towers with Radar,0,23,95,0,118,0,8,190,5,203,0,31,285,5,321,602,0,602,923
04/25/2018,FTW,TX,ASW,CE,Towers with Radar,0,29,91,0,120,0,0,18,0,18,0,29,109,0,138,252,0,252,390
04/26/2018,FTW,TX,ASW,CE,Towers with Radar,2,20,86,0,108,0,4,229,3,236,2,24,315,3,344,568,0,568,912
04/27/2018,FTW,TX,ASW,CE,Towers with Radar,3,37,90,0,130,0,5,239,0,244,3,42,329,0,374,476,0,476,850
04/28/2018,FTW,TX,ASW,CE,Towers with Radar,2,10,47,14,73,0,0,210,0,210,2,10,257,14,283,412,0,412,695
04/29/2018,FTW,TX,ASW,CE,Towers with Radar,0,23,50,8,81,0,5,133,4,142,0,28,183,12,223,100,0,100,323
04/30/2018,FTW,TX,ASW,CE,Towers with Radar,0,31,69,2,102,0,3,73,3,79,0,34,142,5,181,216,0,216,397
05/01/2018,FTW,TX,ASW,CE,Towers with Radar,0,36,89,0,125,0,4,37,0,41,0,40,126,0,166,200,0,200,366
05/02/2018,FTW,TX,ASW,CE,Towers with Radar,1,33,71,2,107,0,2,33,0,35,1,35,104,2,142,214,0,214,356
05/03/2018,FTW,TX,ASW,CE,Towers with Radar,0,21,64,0,85,0,4,65,2,71,0,25,129,2,156,144,0,144,300
05/04/2018,FTW,TX,ASW,CE,Towers with Radar,1,23,63,27,114,0,4,54,0,58,1,27,117,27,172,54,0,54,226
05/05/2018,FTW,TX,ASW,CE,Towers with Radar,0,15,57,16,88,0,3,153,1,157,0,18,210,17,245,274,0,274,519
05/06/2018,FTW,TX,ASW,CE,Towers with Radar,0,31,54,8,93,0,2,131,1,134,0,33,185,9,227,208,0,208,435
05/07/2018,FTW,TX,ASW,CE,Towers with Radar,0,22,67,3,92,0,0,187,10,197,0,22,254,13,289,410,2,412,701
05/08/2018,FTW,TX,ASW,CE,Towers with Radar,2,32,73,0,107,0,7,178,0,185,2,39,251,0,292,334,0,334,626
05/09/2018,FTW,TX,ASW,CE,Towers with Radar,0,24,105,3,132,0,1,207,1,209,0,25,312,4,341,302,0,302,643
05/10/2018,FTW,TX,ASW,CE,Towers with Radar,0,32,98,2,132,0,7,180,0,187,0,39,278,2,319,214,0,214,533
05/11/2018,FTW,TX,ASW,CE,Towers with Radar,2,27,75,0,104,0,0,92,0,92,2,27,167,0,196,116,0,116,312
05/12/2018,FTW,TX,ASW,CE,Towers with Radar,0,28,63,1,92,0,3,125,1,129,0,31,188,2,221,156,2,158,379
05/13/2018,FTW,TX,ASW,CE,Towers with Radar,0,22,68,14,104,0,4,65,0,69,0,26,133,14,173,114,0,114,287
05/14/2018,FTW,TX,ASW,CE,Towers with Radar,1,14,98,5,118,0,2,161,5,168,1,16,259,10,286,418,0,418,704
05/15/2018,FTW,TX,ASW,CE,Towers with Radar,0,27,64,0,91,0,1,126,3,130,0,28,190,3,221,328,12,340,561
05/16/2018,FTW,TX,ASW,CE,Towers with Radar,0,21,98,2,121,0,2,203,2,207,0,23,301,4,328,390,2,392,720
05/17/2018,FTW,TX,ASW,CE,Towers with Radar,2,34,117,3,156,0,3,222,3,228,2,37,339,6,384,390,0,390,774
05/18/2018,FTW,TX,ASW,CE,Towers with Radar,0,16,90,10,116,0,6,182,2,190,0,22,272,12,306,320,0,320,626
05/19/2018,FTW,TX,ASW,CE,Towers with Radar,0,22,35,10,67,0,5,102,0,107,0,27,137,10,174,126,0,126,300
05/20/2018,FTW,TX,ASW,CE,Towers with Radar,0,28,62,10,100,0,4,35,0,39,0,32,97,10,139,2,0,2,141
05/21/2018,FTW,TX,ASW,CE,Towers with Radar,0,17,92,2,111,0,2,163,1,166,0,19,255,3,277,250,0,250,527
05/22/2018,FTW,TX,ASW,CE,Towers with Radar,0,31,106,0,137,0,1,138,0,139,0,32,244,0,276,216,0,216,492
05/23/2018,FTW,TX,ASW,CE,Towers with Radar,0,30,91,0,121,0,1,174,0,175,0,31,265,0,296,458,0,458,754
05/24/2018,FTW,TX,ASW,CE,Towers with Radar,0,40,90,0,130,0,9,203,2,214,0,49,293,2,344,386,0,386,730
05/25/2018,FTW,TX,ASW,CE,Towers with Radar,4,23,83,0,110,0,4,174,0,178,4,27,257,0,288,272,0,272,560
05/26/2018,FTW,TX,ASW,CE,Towers with Radar,0,15,42,0,57,0,4,164,0,168,0,19,206,0,225,286,0,286,511
05/27/2018,FTW,TX,ASW,CE,Towers with Radar,0,23,42,0,65,0,6,114,0,120,0,29,156,0,185,48,0,48,233
05/28/2018,FTW,TX,ASW,CE,Towers with Radar,0,12,58,4,74,0,3,147,0,150,0,15,205,4,224,168,0,168,392
05/29/2018,FTW,TX,ASW,CE,Towers with Radar,1,24,71,4,100,0,2,162,1,165,1,26,233,5,265,144,2,146,411
05/30/2018,FTW,TX,ASW,CE,Towers with Radar,1,22,79,3,105,0,5,183,2,190,1,27,262,5,295,140,0,140,435
05/31/2018,FTW,TX,ASW,CE,Towers with Radar,0,17,81,3,101,0,6,170,1,177,0,23,251,4,278,190,0,190,468
06/01/2018,FTW,TX,ASW,CE,Towers with Radar,0,27,92,1,120,0,0,171,1,172,0,27,263,2,292,212,0,212,504
06/02/2018,FTW,TX,ASW,CE,Towers with Radar,0,10,59,0,69,0,6,143,3,152,0,16,202,3,221,214,0,214,435
06/03/2018,FTW,TX,ASW,CE,Towers with Radar,2,17,65,1,85,0,2,72,1,75,2,19,137,2,160,56,0,56,216
06/04/2018,FTW,TX,ASW,CE,Towers with Radar,0,18,65,0,83,0,4,94,2,100,0,22,159,2,183,234,0,234,417
06/05/2018,FTW,TX,ASW,CE,Towers with Radar,1,40,76,1,118,0,3,154,2,159,1,43,230,3,277,294,0,294,571
06/06/2018,FTW,TX,ASW,CE,Towers with Radar,0,27,95,1,123,0,4,170,3,177,0,31,265,4,300,312,4,316,616
06/07/2018,FTW,TX,ASW,CE,Towers with Radar,0,31,79,2,112,0,3,136,0,139,0,34,215,2,251,188,0,188,439
06/08/2018,FTW,TX,ASW,CE,Towers with Radar,2,23,64,4,93,0,6,173,0,179,2,29,237,4,272,298,0,298,570
06/09/2018,FTW,TX,ASW,CE,Towers with Radar,1,12,48,0,61,0,1,171,1,173,1,13,219,1,234,254,0,254,488
06/10/2018,FTW,TX,ASW,CE,Towers with Radar,0,22,84,1,107,0,5,95,1,101,0,27,179,2,208,134,0,134,342
06/11/2018,FTW,TX,ASW,CE,Towers with Radar,0,17,51,2,70,0,6,98,1,105,0,23,149,3,175,212,0,212,387
06/12/2018,FTW,TX,ASW,CE,Towers with Radar,0,38,98,3,139,0,8,114,3,125,0,46,212,6,264,338,0,338,602
06/13/2018,FTW,TX,ASW,CE,Towers with Radar,0,21,76,2,99,0,0,195,0,195,0,21,271,2,294,408,0,408,702
06/14/2018,FTW,TX,ASW,CE,Towers with Radar,0,24,93,2,119,0,6,204,2,212,0,30,297,4,331,218,0,218,549
06/15/2018,FTW,TX,ASW,CE,Towers with Radar,0,30,67,6,103,0,0,202,3,205,0,30,269,9,308,224,4,228,536
06/16/2018,FTW,TX,ASW,CE,Towers with Radar,0,13,50,5,68,0,8,141,2,151,0,21,191,7,219,206,0,206,425
06/17/2018,FTW,TX,ASW,CE,Towers with Radar,0,22,76,4,102,0,7,81,0,88,0,29,157,4,190,140,0,140,330
06/18/2018,FTW,TX,ASW,CE,Towers with Radar,0,18,53,4,75,0,1,86,1,88,0,19,139,5,163,208,0,208,371
06/19/2018,FTW,TX,ASW,CE,Towers with Radar,0,38,76,0,114,0,4,62,2,68,0,42,138,2,182,174,0,174,356
06/20/2018,FTW,TX,ASW,CE,Towers with Radar,0,28,87,0,115,0,1,80,1,82,0,29,167,1,197,154,0,154,351
06/21/2018,FTW,TX,ASW,CE,Towers with Radar,0,21,94,2,117,0,4,190,0,194,0,25,284,2,311,282,0,282,593
06/22/2018,FTW,TX,ASW,CE,Towers with Radar,3,25,103,29,160,0,6,188,1,195,3,31,291,30,355,176,0,176,531
06/23/2018,FTW,TX,ASW,CE,Towers with Radar,0,11,66,10,87,0,3,94,0,97,0,14,160,10,184,120,0,120,304
06/24/2018,FTW,TX,ASW,CE,Towers with Radar,0,19,61,3,83,0,1,59,2,62,0,20,120,5,145,60,10,70,215
06/25/2018,FTW,TX,ASW,CE,Towers with Radar,0,24,71,1,96,0,4,149,0,153,0,28,220,1,249,276,0,276,525
06/26/2018,FTW,TX,ASW,CE,Towers with Radar,0,27,117,0,144,0,6,145,0,151,0,33,262,0,295,240,0,240,535
06/27/2018,FTW,TX,ASW,CE,Towers with Radar,0,29,91,3,123,0,7,216,6,229,0,36,307,9,352,326,0,326,678
06/28/2018,FTW,TX,ASW,CE,Towers with Radar,0,34,93,3,130,0,7,190,4,201,0,41,283,7,331,194,0,194,525
06/29/2018,FTW,TX,ASW,CE,Towers with Radar,0,17,80,14,111,0,10,205,0,215,0,27,285,14,326,254,0,254,580
06/30/2018,FTW,TX,ASW,CE,Towers with Radar,0,26,49,16,91,0,6,109,2,117,0,32,158,18,208,194,0,194,402
07/01/2018,FTW,TX,ASW,CE,Towers with Radar,0,19,53,3,75,0,3,80,0,83,0,22,133,3,158,84,0,84,242
07/02/2018,FTW,TX,ASW,CE,Towers with Radar,0,13,80,1,94,0,5,170,1,176,0,18,250,2,270,268,10,278,548
07/03/2018,FTW,TX,ASW,CE,Towers with Radar,0,16,70,1,87,0,11,156,0,167,0,27,226,1,254,226,0,226,480
07/04/2018,FTW,TX,ASW,CE,Towers with Radar,0,8,27,3,38,0,4,107,0,111,0,12,134,3,149,82,0,82,231
07/05/2018,FTW,TX,ASW,CE,Towers with Radar,2,25,49,0,76,0,7,135,1,143,2,32,184,1,219,196,0,196,415
07/06/2018,FTW,TX,ASW,CE,Towers with Radar,0,17,62,0,79,0,4,119,0,123,0,21,181,0,202,230,0,230,432
07/07/2018,FTW,TX,ASW,CE,Towers with Radar,0,10,56,0,66,0,4,149,0,153,0,14,205,0,219,386,0,386,605
07/08/2018,FTW,TX,ASW,CE,Towers with Radar,0,32,60,1,93,0,0,83,1,84,0,32,143,2,177,210,0,210,387
07/09/2018,FTW,TX,ASW,CE,Towers with Radar,1,31,55,2,89,0,2,104,1,107,1,33,159,3,196,394,0,394,590
07/10/2018,FTW,TX,ASW,CE,Towers with Radar,1,34,59,0,94,0,3,104,2,109,1,37,163,2,203,226,0,226,429
07/11/2018,FTW,TX,ASW,CE,Towers with Radar,0,20,99,0,119,0,6,145,4,155,0,26,244,4,274,268,0,268,542
07/12/2018,FTW,TX,ASW,CE,Towers with Radar,0,31,102,0,133,0,2,150,0,152,0,33,252,0,285,344,0,344,629
07/13/2018,FTW,TX,ASW,CE,Towers with Radar,0,15,85,13,113,0,0,146,1,147,0,15,231,14,260,190,0,190,450
07/14/2018,FTW,TX,ASW,CE,Towers with Radar,0,9,46,15,70,0,1,132,0,133,0,10,178,15,203,188,0,188,391
07/15/2018,FTW,TX,ASW,CE,Towers with Radar,0,27,58,6,91,0,0,103,0,103,0,27,161,6,194,124,0,124,318
07/16/2018,FTW,TX,ASW,CE,Towers with Radar,0,18,57,2,77,0,4,165,0,169,0,22,222,2,246,376,0,376,622
07/17/2018,FTW,TX,ASW,CE,Towers with Radar,0,41,91,2,134,0,9,156,0,165,0,50,247,2,299,316,0,316,615
07/18/2018,FTW,TX,ASW,CE,Towers with Radar,0,17,66,0,83,0,8,183,1,192,0,25,249,1,275,270,0,270,545
07/19/2018,FTW,TX,ASW,CE,Towers with Radar,0,24,76,0,100,0,12,158,0,170,0,36,234,0,270,318,0,318,588
07/20/2018,FTW,TX,ASW,CE,Towers with Radar,0,22,100,10,132,0,3,135,1,139,0,25,235,11,271,162,0,162,433
07/21/2018,FTW,TX,ASW,CE,Towers with Radar,0,9,53,4,66,0,1,163,2,166,0,10,216,6,232,298,0,298,530
07/22/2018,FTW,TX,ASW,CE,Towers with Radar,0,27,65,0,92,0,6,95,0,101,0,33,160,0,193,164,0,164,357
07/23/2018,FTW,TX,ASW,CE,Towers with Radar,0,20,62,0,82,0,3,86,0,89,0,23,148,0,171,284,0,284,455
07/24/2018,FTW,TX,ASW,CE,Towers with Radar,1,33,104,1,139,0,10,162,1,173,1,43,266,2,312,296,0,296,608
07/25/2018,FTW,TX,ASW,CE,Towers with Radar,0,19,82,0,101,0,2,171,0,173,0,21,253,0,274,344,0,344,618
07/26/2018,FTW,TX,ASW,CE,Towers with Radar,0,30,95,0,125,0,5,184,0,189,0,35,279,0,314,372,0,372,686
07/27/2018,FTW,TX,ASW,CE,Towers with Radar,0,24,62,14,100,0,8,187,3,198,0,32,249,17,298,588,28,616,914
07/28/2018,FTW,TX,ASW,CE,Towers with Radar,0,19,63,8,90,0,4,117,7,128,0,23,180,15,218,216,4,220,438
07/29/2018,FTW,TX,ASW,CE,Towers with Radar,0,17,59,4,80,0,2,92,1,95,0,19,151,5,175,94,0,94,269
07/30/2018,FTW,TX,ASW,CE,Towers with Radar,1,11,41,4,57,0,4,56,0,60,1,15,97,4,117,99,0,99,216
07/31/2018,FTW,TX,ASW,CE,Towers with Radar,0,23,66,7,96,0,3,161,3,167,0,26,227,10,263,248,0,248,511
08/01/2018,FTW,TX,ASW,CE,Towers with Radar,2,28,63,5,98,0,7,214,5,226,2,35,277,10,324,436,0,436,760
08/02/2018,FTW,TX,ASW,CE,Towers with Radar,0,34,66,5,105,0,4,197,0,201,0,38,263,5,306,334,0,334,640
08/03/2018,FTW,TX,ASW,CE,Towers with Radar,0,30,72,9,111,0,7,163,5,175,0,37,235,14,286,114,0,114,400
08/04/2018,FTW,TX,ASW,CE,Towers with Radar,0,21,56,7,84,0,2,159,0,161,0,23,215,7,245,218,0,218,463
08/05/2018,FTW,TX,ASW,CE,Towers with Radar,0,29,64,5,98,0,6,97,1,104,0,35,161,6,202,152,0,152,354
08/06/2018,FTW,TX,ASW,CE,Towers with Radar,0,28,62,0,90,0,4,138,0,142,0,32,200,0,232,294,0,294,526
08/07/2018,FTW,TX,ASW,CE,Towers with Radar,0,24,66,2,92,0,6,195,0,201,0,30,261,2,293,258,4,262,555
08/08/2018,FTW,TX,ASW,CE,Towers with Radar,1,27,77,1,106,0,0,132,2,134,1,27,209,3,240,160,0,160,400
08/09/2018,FTW,TX,ASW,CE,Towers with Radar,0,31,72,0,103,0,5,123,0,128,0,36,195,0,231,148,0,148,379
08/10/2018,FTW,TX,ASW,CE,Towers with Radar,0,38,89,0,127,0,0,68,0,68,0,38,157,0,195,240,0,240,435
08/11/2018,FTW,TX,ASW,CE,Towers with Radar,0,17,29,0,46,0,2,18,0,20,0,19,47,0,66,66,0,66,132
08/12/2018,FTW,TX,ASW,CE,Towers with Radar,1,19,58,0,78,0,0,29,1,30,1,19,87,1,108,38,0,38,146
08/13/2018,FTW,TX,ASW,CE,Towers with Radar,0,17,45,0,62,0,0,15,1,16,0,17,60,1,78,62,0,62,140
08/14/2018,FTW,TX,ASW,CE,Towers with Radar,0,31,95,0,126,0,2,98,2,102,0,33,193,2,228,324,0,324,552
08/15/2018,FTW,TX,ASW,CE,Towers with Radar,0,35,92,3,130,0,3,194,5,202,0,38,286,8,332,310,4,314,646
08/16/2018,FTW,TX,ASW,CE,Towers with Radar,0,46,81,6,133,0,6,155,6,167,0,52,236,12,300,274,10,284,584
08/17/2018,FTW,TX,ASW,CE,Towers with Radar,0,25,94,12,131,0,2,140,2,144,0,27,234,14,275,476,0,476,751
08/18/2018,FTW,TX,ASW,CE,Towers with Radar,0,24,52,8,84,0,2,138,1,141,0,26,190,9,225,182,0,182,407
08/19/2018,FTW,TX,ASW,CE,Towers with Radar,0,29,61,3,93,0,2,94,0,96,0,31,155,3,189,238,0,238,427
08/20/2018,FTW,TX,ASW,CE,Towers with Radar,0,36,54,0,90,0,6,143,0,149,0,42,197,0,239,330,0,330,569
08/21/2018,FTW,TX,ASW,CE,Towers with Radar,0,26,78,1,105,0,4,158,0,162,0,30,236,1,267,238,0,238,505
08/22/2018,FTW,TX,ASW,CE,Towers with Radar,0,27,83,3,113,0,7,188,2,197,0,34,271,5,310,326,0,326,636
08/23/2018,FTW,TX,ASW,CE,Towers with Radar,0,13,75,3,91,0,2,149,3,154,0,15,224,6,245,355,0,355,600
08/24/2018,FTW,TX,ASW,CE,Towers with Radar,2,28,86,3,119,0,2,165,8,175,2,30,251,11,294,356,0,356,650
08/25/2018,FTW,TX,ASW,CE,Towers with Radar,0,14,59,2,75,0,8,149,1,158,0,22,208,3,233,350,0,350,583
08/26/2018,FTW,TX,ASW,CE,Towers with Radar,0,19,52,4,75,0,3,121,2,126,0,22,173,6,201,122,0,122,323
08/27/2018,FTW,TX,ASW,CE,Towers with Radar,1,17,94,2,114,0,4,131,4,139,1,21,225,6,253,284,0,284,537
08/28/2018,FTW,TX,ASW,CE,Towers with Radar,0,34,65,6,105,0,6,129,6,141,0,40,194,12,246,214,0,214,460
08/29/2018,FTW,TX,ASW,CE,Towers with Radar,0,35,86,3,124,0,2,134,6,142,0,37,220,9,266,256,0,256,522
08/30/2018,FTW,TX,ASW,CE,Towers with Radar,0,36,77,2,115,0,6,211,5,222,0,42,288,7,337,278,0,278,615
08/31/2018,FTW,TX,ASW,CE,Towers with Radar,0,33,95,1,129,0,5,191,4,200,0,38,286,5,329,180,0,180,509
09/01/2018,FTW,TX,ASW,CE,Towers with Radar,0,12,54,0,66,0,8,137,3,148,0,20,191,3,214,208,0,208,422
09/02/2018,FTW,TX,ASW,CE,Towers with Radar,0,15,29,0,44,0,3,60,2,65,0,18,89,2,109,84,0,84,193
09/03/2018,FTW,TX,ASW,CE,Towers with Radar,0,16,73,0,89,0,0,13,1,14,0,16,86,1,103,0,0,0,103
09/04/2018,FTW,TX,ASW,CE,Towers with Radar,0,23,63,2,88,0,6,33,1,40,0,29,96,3,128,174,0,174,302
09/05/2018,FTW,TX,ASW,CE,Towers with Radar,1,32,90,0,123,0,4,78,0,82,1,36,168,0,205,198,0,198,403
09/06/2018,FTW,TX,ASW,CE,Towers with Radar,1,43,64,2,110,0,0,46,4,50,1,43,110,6,160,120,6,126,286
09/07/2018,FTW,TX,ASW,CE,Towers with Radar,2,24,61,7,94,0,1,75,12,88,2,25,136,19,182,152,5,157,339
09/08/2018,FTW,TX,ASW,CE,Towers with Radar,0,16,41,5,62,0,1,10,1,12,0,17,51,6,74,30,0,30,104
09/09/2018,FTW,TX,ASW,CE,Towers with Radar,0,22,53,12,87,0,1,49,3,53,0,23,102,15,140,230,20,250,390
09/10/2018,FTW,TX,ASW,CE,Towers with Radar,0,28,84,3,115,0,0,64,6,70,0,28,148,9,185,428,0,428,613
09/11/2018,FTW,TX,ASW,CE,Towers with Radar,0,30,70,5,105,0,3,24,4,31,0,33,94,9,136,54,10,64,200
09/12/2018,FTW,TX,ASW,CE,Towers with Radar,0,24,84,16,124,0,0,64,3,67,0,24,148,19,191,124,2,126,317
09/13/2018,FTW,TX,ASW,CE,Towers with Radar,0,33,98,26,157,0,3,99,3,105,0,36,197,29,262,378,14,392,654
09/14/2018,FTW,TX,ASW,CE,Towers with Radar,1,21,87,12,121,0,8,125,2,135,1,29,212,14,256,238,0,238,494
09/15/2018,FTW,TX,ASW,CE,Towers with Radar,0,43,57,0,100,0,1,93,0,94,0,44,150,0,194,180,0,180,374
09/16/2018,FTW,TX,ASW,CE,Towers with Radar,0,22,61,5,88,0,2,90,0,92,0,24,151,5,180,124,0,124,304
09/17/2018,FTW,TX,ASW,CE,Towers with Radar,0,23,98,9,130,0,4,188,8,200,0,27,286,17,330,374,2,376,706
09/18/2018,FTW,TX,ASW,CE,Towers with Radar,0,26,89,4,119,0,9,170,7,186,0,35,259,11,305,434,0,434,739
09/19/2018,FTW,TX,ASW,CE,Towers with Radar,0,24,97,5,126,0,4,198,11,213,0,28,295,16,339,480,0,480,819
09/20/2018,FTW,TX,ASW,CE,Towers with Radar,0,35,91,1,127,0,2,149,2,153,0,37,240,3,280,220,0,220,500
09/21/2018,FTW,TX,ASW,CE,Towers with Radar,2,28,87,8,125,0,5,24,2,31,2,33,111,10,156,68,0,68,224
09/22/2018,FTW,TX,ASW,CE,Towers with Radar,0,25,54,0,79,0,0,1,0,1,0,25,55,0,80,0,0,0,80
09/23/2018,FTW,TX,ASW,CE,Towers with Radar,0,30,53,3,86,0,0,1,0,1,0,30,54,3,87,0,0,0,87
09/24/2018,FTW,TX,ASW,CE,Towers with Radar,0,28,107,2,137,0,1,67,5,73,0,29,174,7,210,284,0,284,494
09/25/2018,FTW,TX,ASW,CE,Towers with Radar,0,22,131,7,160,0,3,142,6,151,0,25,273,13,311,306,0,306,617
09/26/2018,FTW,TX,ASW,CE,Towers with Radar,0,32,84,5,121,0,0,68,6,74,0,32,152,11,195,78,0,78,273
09/27/2018,FTW,TX,ASW,CE,Towers with Radar,0,34,130,3,167,0,5,176,6,187,0,39,306,9,354,294,8,302,656
09/28/2018,FTW,TX,ASW,CE,Towers with Radar,1,33,129,4,167,0,1,77,0,78,1,34,206,4,245,190,0,190,435
09/29/2018,FTW,TX,ASW,CE,Towers with Radar,0,27,63,2,92,0,6,21,0,27,0,33,84,2,119,158,0,158,277
09/30/2018,FTW,TX,ASW,CE,Towers with Radar,0,38,130,0,168,0,5,79,2,86,0,43,209,2,254,174,0,174,428
10/01/2018,FTW,TX,ASW,CE,Towers with Radar,0,21,78,1,100,0,1,79,4,84,0,22,157,5,184,270,0,270,454
10/02/2018,FTW,TX,ASW,CE,Towers with Radar,0,23,85,3,111,0,4,79,7,90,0,27,164,10,201,158,0,158,359
10/03/2018,FTW,TX,ASW,CE,Towers with Radar,0,39,99,1,139,0,2,160,10,172,0,41,259,11,311,176,0,176,487
10/04/2018,FTW,TX,ASW,CE,Towers with Radar,2,27,98,0,127,0,5,208,7,220,2,32,306,7,347,210,0,210,557
10/05/2018,FTW,TX,ASW,CE,Towers with Radar,2,33,92,15,142,0,14,195,9,218,2,47,287,24,360,120,2,122,482
10/06/2018,FTW,TX,ASW,CE,Towers with Radar,0,18,55,0,73,0,4,68,0,72,0,22,123,0,145,146,0,146,291
10/07/2018,FTW,TX,ASW,CE,Towers with Radar,0,21,69,9,99,0,4,24,6,34,0,25,93,15,133,40,0,40,173
10/08/2018,FTW,TX,ASW,CE,Towers with Radar,0,32,71,10,113,0,1,23,9,33,0,33,94,19,146,154,0,154,300
10/09/2018,FTW,TX,ASW,CE,Towers with Radar,0,21,53,6,80,0,0,4,0,4,0,21,57,6,84,44,0,44,128
10/10/2018,FTW,TX,ASW,CE,Towers with Radar,3,21,105,1,130,0,2,196,13,211,3,23,301,14,341,370,0,370,711
10/11/2018,FTW,TX,ASW,CE,Towers with Radar,0,35,106,4,145,0,4,203,11,218,0,39,309,15,363,298,0,298,661
10/12/2018,FTW,TX,ASW,CE,Towers with Radar,1,35,113,5,154,0,2,53,4,59,1,37,166,9,213,86,0,86,299
10/13/2018,FTW,TX,ASW,CE,Towers with Radar,1,16,33,2,52,0,0,0,0,0,1,16,33,2,52,36,0,36,88
10/14/2018,FTW,TX,ASW,CE,Towers with Radar,1,19,68,9,97,0,0,19,0,19,1,19,87,9,116,18,0,18,134
10/15/2018,FTW,TX,ASW,CE,Towers with Radar,1,18,52,1,72,0,0,3,2,5,1,18,55,3,77,48,0,48,125
10/16/2018,FTW,TX,ASW,CE,Towers with Radar,0,18,45,1,64,0,2,6,0,8,0,20,51,1,72,30,0,30,102
10/17/2018,FTW,TX,ASW,CE,Towers with Radar,1,28,92,2,123,0,2,11,4,17,1,30,103,6,140,46,0,46,186
10/18/2018,FTW,TX,ASW,CE,Towers with Radar,4,42,98,0,144,0,0,120,8,128,4,42,218,8,272,242,0,242,514
10/19/2018,FTW,TX,ASW,CE,Towers with Radar,2,26,59,1,88,0,0,6,0,6,2,26,65,1,94,0,0,0,94
10/20/2018,FTW,TX,ASW,CE,Towers with Radar,0,22,88,0,110,0,7,120,0,127,0,29,208,0,237,80,0,80,317
10/21/2018,FTW,TX,ASW,CE,Towers with Radar,0,34,87,0,121,0,8,171,0,179,0,42,258,0,300,208,0,208,508
10/22/2018,FTW,TX,ASW,CE,Towers with Radar,0,13,93,1,107,0,0,214,7,221,0,13,307,8,328,360,2,362,690
10/23/2018,FTW,TX,ASW,CE,Towers with Radar,1,30,109,0,140,0,10,185,9,204,1,40,294,9,344,356,0,356,700
10/24/2018,FTW,TX,ASW,CE,Towers with Radar,0,35,82,0,117,0,1,19,0,20,0,36,101,0,137,18,0,18,155
10/25/2018,FTW,TX,ASW,CE,Towers with Radar,0,35,101,5,141,0,2,77,6,85,0,37,178,11,226,340,0,340,566
10/26/2018,FTW,TX,ASW,CE,Towers with Radar,1,30,103,2,136,0,2,220,5,227,1,32,323,7,363,310,0,310,673
10/27/2018,FTW,TX,ASW,CE,Towers with Radar,1,14,49,2,66,0,5,150,0,155,1,19,199,2,221,184,0,184,405
10/28/2018,FTW,TX,ASW,CE,Towers with Radar,0,35,70,5,110,0,7,165,0,172,0,42,235,5,282,142,0,142,424
10/29/2018,FTW,TX,ASW,CE,Towers with Radar,0,26,71,3,100,0,4,181,7,192,0,30,252,10,292,290,0,290,582
10/30/2018,FTW,TX,ASW,CE,Towers with Radar,0,32,82,2,116,0,3,64,8,75,0,35,146,10,191,244,0,244,435
10/31/2018,FTW,TX,ASW,CE,Towers with Radar,0,12,64,0,76,0,0,6,0,6,0,12,70,0,82,36,0,36,118
11/01/2018,FTW,TX,ASW,CE,Towers with Radar,0,35,108,0,143,0,5,166,6,177,0,40,274,6,320,256,0,256,576
11/02/2018,FTW,TX,ASW,CE,Towers with Radar,4,21,83,7,115,0,7,189,5,201,4,28,272,12,316,272,0,272,588
11/03/2018,FTW,TX,ASW,CE,Towers with Radar,3,19,39,4,65,0,4,79,7,90,3,23,118,11,155,64,0,64,219
11/04/2018,FTW,TX,ASW,CE,Towers with Radar,0,34,74,3,111,0,3,109,0,112,0,37,183,3,223,214,0,214,437
11/05/2018,FTW,TX,ASW,CE,Towers with Radar,0,36,70,0,106,1,4,87,7,99,1,40,157,7,205,200,0,200,405
11/06/2018,FTW,TX,ASW,CE,Towers with Radar,0,36,121,1,158,0,2,62,1,65,0,38,183,2,223,232,0,232,455
11/07/2018,FTW,TX,ASW,CE,Towers with Radar,0,38,69,4,111,0,1,5,0,6,0,39,74,4,117,50,0,50,167
11/08/2018,FTW,TX,ASW,CE,Towers with Radar,0,31,93,1,125,0,0,27,0,27,0,31,120,1,152,260,0,260,412
11/09/2018,FTW,TX,ASW,CE,Towers with Radar,2,37,96,5,140,0,6,167,7,180,2,43,263,12,320,288,0,288,608
11/10/2018,FTW,TX,ASW,CE,Towers with Radar,0,16,56,0,72,0,5,208,0,213,0,21,264,0,285,304,0,304,589
11/11/2018,FTW,TX,ASW,CE,Towers with Radar,0,23,96,0,119,0,0,43,0,43,0,23,139,0,162,222,0,222,384
11/12/2018,FTW,TX,ASW,CE,Towers with Radar,0,19,54,0,73,0,0,19,0,19,0,19,73,0,92,68,0,68,160
11/13/2018,FTW,TX,ASW,CE,Towers with Radar,2,24,80,1,107,0,6,125,7,138,2,30,205,8,245,232,0,232,477
11/14/2018,FTW,TX,ASW,CE,Towers with Radar,1,26,97,6,130,0,3,150,3,156,1,29,247,9,286,302,2,304,590
11/15/2018,FTW,TX,ASW,CE,Towers with Radar,0,30,104,2,136,0,3,207,7,217,0,33,311,9,353,432,0,432,785
11/16/2018,FTW,TX,ASW,CE,Towers with Radar,3,49,88,20,160,0,4,187,10,201,3,53,275,30,361,420,2,422,783
11/17/2018,FTW,TX,ASW,CE,Towers with Radar,1,11,70,5,87,0,0,193,2,195,1,11,263,7,282,268,0,268,550
11/18/2018,FTW,TX,ASW,CE,Towers with Radar,0,18,74,0,92,0,2,34,0,36,0,20,108,0,128,40,0,40,168
11/19/2018,FTW,TX,ASW,CE,Towers with Radar,1,24,104,2,131,0,0,142,5,147,1,24,246,7,278,532,0,532,810
11/20/2018,FTW,TX,ASW,CE,Towers with Radar,0,29,75,6,110,0,5,157,8,170,0,34,232,14,280,272,0,272,552
11/21/2018,FTW,TX,ASW,CE,Towers with Radar,0,34,84,2,120,0,13,189,6,208,0,47,273,8,328,210,0,210,538
11/22/2018,FTW,TX,ASW,CE,Towers with Radar,0,9,39,0,48,0,7,58,0,65,0,16,97,0,113,162,0,162,275
11/23/2018,FTW,TX,ASW,CE,Towers with Radar,2,23,43,0,68,0,2,57,0,59,2,25,100,0,127,22,0,22,149
11/24/2018,FTW,TX,ASW,CE,Towers with Radar,1,27,61,0,89,0,5,133,0,138,1,32,194,0,227,190,0,190,417
11/25/2018,FTW,TX,ASW,CE,Towers with Radar,1,31,71,0,103,0,6,39,0,45,1,37,110,0,148,18,0,18,166
11/26/2018,FTW,TX,ASW,CE,Towers with Radar,0,37,63,4,104,0,3,135,5,143,0,40,198,9,247,286,2,288,535
11/27/2018,FTW,TX,ASW,CE,Towers with Radar,0,37,117,1,155,0,3,184,4,191,0,40,301,5,346,302,0,302,648
11/28/2018,FTW,TX,ASW,CE,Towers with Radar,1,46,77,5,129,0,3,136,6,145,1,49,213,11,274,198,6,204,478
11/29/2018,FTW,TX,ASW,CE,Towers with Radar,0,38,95,3,136,0,3,164,6,173,0,41,259,9,309,494,0,494,803
11/30/2018,FTW,TX,ASW,CE,Towers with Radar,0,24,88,10,122,0,7,78,5,90,0,31,166,15,212,172,0,172,384
12/01/2018,FTW,TX,ASW,CE,Towers with Radar,0,28,75,1,104,0,15,128,2,145,0,43,203,3,249,46,0,46,295
12/02/2018,FTW,TX,ASW,CE,Towers with Radar,2,25,61,10,98,0,11,164,1,176,2,36,225,11,274,172,0,172,446
12/03/2018,FTW,TX,ASW,CE,Towers with Radar,0,28,62,3,93,0,0,147,9,156,0,28,209,12,249,412,0,412,661
12/04/2018,FTW,TX,ASW,CE,Towers with Radar,0,25,66,2,93,0,4,134,10,148,0,29,200,12,241,448,0,448,689
12/05/2018,FTW,TX,ASW,CE,Towers with Radar,0,42,98,0,140,0,12,170,4,186,0,54,268,4,326,570,0,570,896
12/06/2018,FTW,TX,ASW,CE,Towers with Radar,0,42,103,7,152,0,0,21,2,23,0,42,124,9,175,288,0,288,463
12/07/2018,FTW,TX,ASW,CE,Towers with Radar,2,20,41,1,64,0,0,0,0,0,2,20,41,1,64,0,0,0,64
12/08/2018,FTW,TX,ASW,CE,Towers with Radar,0,19,34,12,65,0,0,4,3,7,0,19,38,15,72,24,0,24,96
12/09/2018,FTW,TX,ASW,CE,Towers with Radar,0,29,71,0,100,0,11,69,1,81,0,40,140,1,181,212,0,212,393
12/10/2018,FTW,TX,ASW,CE,Towers with Radar,0,47,68,3,118,0,8,196,13,217,0,55,264,16,335,408,0,408,743
12/11/2018,FTW,TX,ASW,CE,Towers with Radar,0,29,84,2,115,0,4,161,8,173,0,33,245,10,288,242,4,246,534
12/12/2018,FTW,TX,ASW,CE,Towers with Radar,0,47,88,4,139,0,3,94,7,104,0,50,182,11,243,384,0,384,627
12/13/2018,FTW,TX,ASW,CE,Towers with Radar,0,36,82,6,124,0,2,34,4,40,0,38,116,10,164,166,0,166,330
12/14/2018,FTW,TX,ASW,CE,Towers with Radar,0,32,64,8,104,0,1,24,0,25,0,33,88,8,129,2,0,2,131
12/15/2018,FTW,TX,ASW,CE,Towers with Radar,0,24,61,1,86,0,2,220,0,222,0,26,281,1,308,352,0,352,660
12/16/2018,FTW,TX,ASW,CE,Towers with Radar,0,23,59,3,85,0,4,108,5,117,0,27,167,8,202,148,0,148,350
12/17/2018,FTW,TX,ASW,CE,Towers with Radar,0,15,84,4,103,0,2,158,7,167,0,17,242,11,270,336,0,336,606
12/18/2018,FTW,TX,ASW,CE,Towers with Radar,0,21,86,1,108,0,5,177,7,189,0,26,263,8,297,276,0,276,573
12/19/2018,FTW,TX,ASW,CE,Towers with Radar,2,42,86,4,134,0,0,4,0,4,2,42,90,4,138,22,0,22,160
12/20/2018,FTW,TX,ASW,CE,Towers with Radar,0,39,61,1,101,0,5,89,4,98,0,44,150,5,199,16,0,16,215
12/21/2018,FTW,TX,ASW,CE,Towers with Radar,0,23,78,3,104,0,5,192,10,207,0,28,270,13,311,270,0,270,581
12/22/2018,FTW,TX,ASW,CE,Towers with Radar,5,27,50,1,83,0,6,224,1,231,5,33,274,2,314,244,0,244,558
12/23/2018,FTW,TX,ASW,CE,Towers with Radar,0,15,62,0,77,0,0,86,0,86,0,15,148,0,163,42,0,42,205
12/24/2018,FTW,TX,ASW,CE,Towers with Radar,0,8,18,0,26,0,4,98,1,103,0,12,116,1,129,134,0,134,263
12/25/2018,FTW,TX,ASW,CE,Towers with Radar,2,12,22,0,36,0,1,8,0,9,2,13,30,0,45,0,0,0,45
12/26/2018,FTW,TX,ASW,CE,Towers with Radar,4,28,50,0,82,0,0,3,0,3,4,28,53,0,85,0,0,0,85
12/27/2018,FTW,TX,ASW,CE,Towers with Radar,9,53,83,0,145,1,13,124,0,138,10,66,207,0,283,146,0,146,429
12/28/2018,FTW,TX,ASW,CE,Towers with Radar,2,36,68,0,106,0,9,181,0,190,2,45,249,0,296,200,0,200,496
12/29/2018,FTW,TX,ASW,CE,Towers with Radar,0,21,67,0,88,0,3,135,0,138,0,24,202,0,226,274,0,274,500
12/30/2018,FTW,TX,ASW,CE,Towers with Radar,0,19,46,0,65,0,0,14,0,14,0,19,60,0,79,132,0,132,211
12/31/2018,FTW,TX,ASW,CE,Towers with Radar,0,24,38,0,62,0,0,79,0,79,0,24,117,0,141,116,0,116,257
01/01/2019,FTW,TX,ASW,CE,Towers with Radar,0,23,63,0,86,0,0,6,0,6,0,23,69,0,92,28,0,28,120
01/02/2019,FTW,TX,ASW,CE,Towers with Radar,0,22,35,1,58,0,0,3,0,3,0,22,38,1,61,0,0,0,61
01/03/2019,FTW,TX,ASW,CE,Towers with Radar,0,32,46,2,80,0,0,2,0,2,0,32,48,2,82,0,0,0,82
01/04/2019,FTW,TX,ASW,CE,Towers with Radar,2,31,40,21,94,0,0,185,2,187,2,31,225,23,281,348,0,348,629
01/05/2019,FTW,TX,ASW,CE,Towers with Radar,1,23,59,28,111,0,7,193,2,202,1,30,252,30,313,566,0,566,879
01/06/2019,FTW,TX,ASW,CE,Towers with Radar,0,20,52,9,81,0,6,83,6,95,0,26,135,15,176,92,0,92,268
01/07/2019,FTW,TX,ASW,CE,Towers with Radar,1,27,79,1,108,0,4,113,1,118,1,31,192,2,226,188,0,188,414
01/08/2019,FTW,TX,ASW,CE,Towers with Radar,1,24,88,0,113,0,7,109,0,116,1,31,197,0,229,298,0,298,527
01/09/2019,FTW,TX,ASW,CE,Towers with Radar,0,26,86,2,114,0,22,150,0,172,0,48,236,2,286,304,4,308,594
01/10/2019,FTW,TX,ASW,CE,Towers with Radar,2,26,119,5,152,0,0,130,2,132,2,26,249,7,284,386,0,386,670
01/11/2019,FTW,TX,ASW,CE,Towers with Radar,1,34,69,6,110,0,0,16,0,16,1,34,85,6,126,96,0,96,222
01/12/2019,FTW,TX,ASW,CE,Towers with Radar,0,23,41,3,67,0,4,58,0,62,0,27,99,3,129,94,0,94,223
01/13/2019,FTW,TX,ASW,CE,Towers with Radar,0,18,52,3,73,0,0,33,0,33,0,18,85,3,106,246,0,246,352
01/14/2019,FTW,TX,ASW,CE,Towers with Radar,1,28,67,0,96,0,3,73,0,76,1,31,140,0,172,310,0,310,482
01/15/2019,FTW,TX,ASW,CE,Towers with Radar,1,28,75,4,108,0,10,105,4,119,1,38,180,8,227,434,14,448,675
01/16/2019,FTW,TX,ASW,CE,Towers with Radar,0,18,79,1,98,0,0,63,0,63,0,18,142,1,161,376,0,376,537
01/17/2019,FTW,TX,ASW,CE,Towers with Radar,0,32,123,0,155,0,4,156,0,160,0,36,279,0,315,358,0,358,673
01/18/2019,FTW,TX,ASW,CE,Towers with Radar,2,40,86,8,136,0,6,75,2,83,2,46,161,10,219,250,10,260,479
01/19/2019,FTW,TX,ASW,CE,Towers with Radar,0,11,15,1,27,0,0,6,0,6,0,11,21,1,33,48,0,48,81
01/20/2019,FTW,TX,ASW,CE,Towers with Radar,0,18,59,5,82,0,9,118,0,127,0,27,177,5,209,148,0,148,357
01/21/2019,FTW,TX,ASW,CE,Towers with Radar,0,27,70,1,98,0,3,74,4,81,0,30,144,5,179,76,0,76,255
01/22/2019,FTW,TX,ASW,CE,Towers with Radar,0,30,59,4,93,0,2,14,1,17,0,32,73,5,110,138,0,138,248
01/23/2019,FTW,TX,ASW,CE,Towers with Radar,0,29,59,0,88,0,2,152,9,163,0,31,211,9,251,180,2,182,433
01/24/2019,FTW,TX,ASW,CE,Towers with Radar,0,24,68,1,93,0,1,185,4,190,0,25,253,5,283,400,0,400,683
01/25/2019,FTW,TX,ASW,CE,Towers with Radar,4,38,85,4,131,0,7,232,1,240,4,45,317,5,371,456,0,456,827
01/26/2019,FTW,TX,ASW,CE,Towers with Radar,2,16,64,3,85,0,6,210,2,218,2,22,274,5,303,314,0,314,617
01/27/2019,FTW,TX,ASW,CE,Towers with Radar,0,22,66,3,91,0,4,131,0,135,0,26,197,3,226,96,0,96,322
01/28/2019,FTW,TX,ASW,CE,Towers with Radar,1,27,68,0,96,0,1,106,3,110,1,28,174,3,206,180,0,180,386
01/29/2019,FTW,TX,ASW,CE,Towers with Radar,2,22,65,1,90,0,7,145,0,152,2,29,210,1,242,384,0,384,626
01/30/2019,FTW,TX,ASW,CE,Towers with Radar,0,24,86,0,110,0,2,177,2,181,0,26,263,2,291,255,0,255,546
01/31/2019,FTW,TX,ASW,CE,Towers with Radar,2,34,77,0,113,0,2,38,0,40,2,36,115,0,153,258,0,258,411
02/01/2019,FTW,TX,ASW,CE,Towers with Radar,0,39,70,20,129,0,0,20,0,20,0,39,90,20,149,154,0,154,303
02/02/2019,FTW,TX,ASW,CE,Towers with Radar,0,18,40,9,67,0,3,44,0,47,0,21,84,9,114,28,0,28,142
02/03/2019,FTW,TX,ASW,CE,Towers with Radar,0,14,62,2,78,0,0,26,0,26,0,14,88,2,104,60,0,60,164
02/04/2019,FTW,TX,ASW,CE,Towers with Radar,0,49,98,2,149,0,8,157,5,170,0,57,255,7,319,364,2,366,685
02/05/2019,FTW,TX,ASW,CE,Towers with Radar,0,31,78,10,119,0,6,32,1,39,0,37,110,11,158,11,6,17,175
02/06/2019,FTW,TX,ASW,CE,Towers with Radar,1,23,73,2,99,0,3,38,0,41,1,26,111,2,140,116,0,116,256
02/07/2019,FTW,TX,ASW,CE,Towers with Radar,0,37,78,2,117,0,4,40,1,45,0,41,118,3,162,136,0,136,298
02/08/2019,FTW,TX,ASW,CE,Towers with Radar,0,39,93,3,135,0,7,80,0,87,0,46,173,3,222,320,0,320,542
02/09/2019,FTW,TX,ASW,CE,Towers with Radar,1,11,34,2,48,0,4,40,1,45,1,15,74,3,93,90,0,90,183
02/10/2019,FTW,TX,ASW,CE,Towers with Radar,0,21,44,2,67,0,0,0,0,0,0,21,44,2,67,0,0,0,67
02/11/2019,FTW,TX,ASW,CE,Towers with Radar,0,32,62,3,97,0,4,15,0,19,0,36,77,3,116,18,0,18,134
02/12/2019,FTW,TX,ASW,CE,Towers with Radar,1,33,68,3,105,0,3,175,2,180,1,36,243,5,285,408,0,408,693
02/13/2019,FTW,TX,ASW,CE,Towers with Radar,0,35,78,0,113,0,4,141,1,146,0,39,219,1,259,186,16,202,461
02/14/2019,FTW,TX,ASW,CE,Towers with Radar,0,32,74,2,108,0,4,108,2,114,0,36,182,4,222,86,0,86,308
02/15/2019,FTW,TX,ASW,CE,Towers with Radar,0,37,90,0,127,0,2,194,3,199,0,39,284,3,326,350,0,350,676
02/16/2019,FTW,TX,ASW,CE,Towers with Radar,0,17,28,1,46,0,1,9,0,10,0,18,37,1,56,28,0,28,84
02/17/2019,FTW,TX,ASW,CE,Towers with Radar,0,26,60,0,86,0,6,74,0,80,0,32,134,0,166,168,0,168,334
02/18/2019,FTW,TX,ASW,CE,Towers with Radar,1,30,66,0,97,0,9,151,3,163,1,39,217,3,260,462,0,462,722
02/19/2019,FTW,TX,ASW,CE,Towers with Radar,0,33,70,0,103,0,3,3,0,6,0,36,73,0,109,0,0,0,109
02/20/2019,FTW,TX,ASW,CE,Towers with Radar,0,22,127,6,155,0,5,180,8,193,0,27,307,14,348,354,0,354,702
02/21/2019,FTW,TX,ASW,CE,Towers with Radar,0,26,89,1,116,0,5,101,0,106,0,31,190,1,222,360,0,360,582
02/22/2019,FTW,TX,ASW,CE,Towers with Radar,0,33,78,0,111,0,0,3,0,3,0,33,81,0,114,24,0,24,138
02/23/2019,FTW,TX,ASW,CE,Towers with Radar,0,13,37,12,62,0,1,21,4,26,0,14,58,16,88,110,0,110,198
02/24/2019,FTW,TX,ASW,CE,Towers with Radar,2,24,59,3,88,0,6,194,0,200,2,30,253,3,288,282,0,282,570
02/25/2019,FTW,TX,ASW,CE,Towers with Radar,0,27,67,2,96,0,0,194,3,197,0,27,261,5,293,352,0,352,645
02/26/2019,FTW,TX,ASW,CE,Towers with Radar,0,18,97,0,115,0,0,60,0,60,0,18,157,0,175,362,0,362,537
02/27/2019,FTW,TX,ASW,CE,Towers with Radar,0,19,90,0,109,0,0,1,0,1,0,19,91,0,110,4,0,4,114
02/28/2019,FTW,TX,ASW,CE,Towers with Radar,0,31,88,0,119,0,0,46,3,49,0,31,134,3,168,312,0,312,480
03/01/2019,FTW,TX,ASW,CE,Towers with Radar,2,36,101,3,142,0,2,28,0,30,2,38,129,3,172,314,0,314,486
03/02/2019,FTW,TX,ASW,CE,Towers with Radar,3,9,58,0,70,0,0,2,0,2,3,9,60,0,72,15,0,15,87
03/03/2019,FTW,TX,ASW,CE,Towers with Radar,1,23,63,1,88,0,3,12,0,15,1,26,75,1,103,0,0,0,103
03/04/2019,FTW,TX,ASW,CE,Towers with Radar,2,28,67,0,97,0,2,131,7,140,2,30,198,7,237,272,6,278,515
03/05/2019,FTW,TX,ASW,CE,Towers with Radar,0,24,73,0,97,0,2,216,8,226,0,26,289,8,323,418,0,418,741
03/06/2019,FTW,TX,ASW,CE,Towers with Radar,1,22,80,0,103,0,5,206,6,217,1,27,286,6,320,296,0,296,616
03/07/2019,FTW,TX,ASW,CE,Towers with Radar,0,24,93,1,118,0,0,118,4,122,0,24,211,5,240,312,0,312,552
03/08/2019,FTW,TX,ASW,CE,Towers with Radar,0,30,87,0,117,0,11,178,4,193,0,41,265,4,310,456,0,456,766
03/09/2019,FTW,TX,ASW,CE,Towers with Radar,0,40,54,0,94,0,8,70,1,79,0,48,124,1,173,102,0,102,275
03/10/2019,FTW,TX,ASW,CE,Towers with Radar,1,13,76,0,90,0,7,79,0,86,1,20,155,0,176,150,0,150,326
03/11/2019,FTW,TX,ASW,CE,Towers with Radar,1,20,70,2,93,0,0,49,0,49,1,20,119,2,142,276,0,276,418
03/12/2019,FTW,TX,ASW,CE,Towers with Radar,0,30,52,0,82,0,0,2,0,2,0,30,54,0,84,0,0,0,84
03/13/2019,FTW,TX,ASW,CE,Towers with Radar,0,16,56,1,73,0,5,56,4,65,0,21,112,5,138,204,4,208,346
03/14/2019,FTW,TX,ASW,CE,Towers with Radar,0,26,64,1,91,0,2,178,3,183,0,28,242,4,274,200,0,200,474
03/15/2019,FTW,TX,ASW,CE,Towers with Radar,0,42,90,22,154,0,8,222,3,233,0,50,312,25,387,260,6,266,653
03/16/2019,FTW,TX,ASW,CE,Towers with Radar,0,41,95,4,140,0,2,225,4,231,0,43,320,8,371,384,4,388,759
03/17/2019,FTW,TX,ASW,CE,Towers with Radar,1,43,98,1,143,0,10,127,1,138,1,53,225,2,281,344,0,344,625
03/18/2019,FTW,TX,ASW,CE,Towers with Radar,0,16,78,0,94,0,2,192,0,194,0,18,270,0,288,568,0,568,856
03/19/2019,FTW,TX,ASW,CE,Towers with Radar,0,39,74,0,113,0,7,140,0,147,0,46,214,0,260,382,0,382,642
03/20/2019,FTW,TX,ASW,CE,Towers with Radar,0,26,59,3,88,0,4,135,3,142,0,30,194,6,230,620,0,620,850
03/21/2019,FTW,TX,ASW,CE,Towers with Radar,0,27,59,2,88,0,5,174,3,182,0,32,233,5,270,440,0,440,710
03/22/2019,FTW,TX,ASW,CE,Towers with Radar,0,14,82,3,99,0,5,190,0,195,0,19,272,3,294,348,0,348,642
03/23/2019,FTW,TX,ASW,CE,Towers with Radar,1,12,34,8,55,0,4,40,1,45,1,16,74,9,100,246,0,246,346
03/24/2019,FTW,TX,ASW,CE,Towers with Radar,1,27,76,2,106,0,3,48,0,51,1,30,124,2,157,138,0,138,295
03/25/2019,FTW,TX,ASW,CE,Towers with Radar,1,37,76,8,122,0,9,202,5,216,1,46,278,13,338,506,0,506,844
03/26/2019,FTW,TX,ASW,CE,Towers with Radar,2,31,86,1,120,0,4,181,3,188,2,35,267,4,308,664,0,664,972
03/27/2019,FTW,TX,ASW,CE,Towers with Radar,0,43,107,0,150,0,4,198,2,204,0,47,305,2,354,582,0,582,936
03/28/2019,FTW,TX,ASW,CE,Towers with Radar,0,36,94,2,132,0,9,101,2,112,0,45,195,4,244,362,0,362,606
03/29/2019,FTW,TX,ASW,CE,Towers with Radar,0,36,89,17,142,0,8,52,0,60,0,44,141,17,202,258,0,258,460
03/30/2019,FTW,TX,ASW,CE,Towers with Radar,3,18,33,6,60,0,2,32,0,34,3,20,65,6,94,8,0,8,102
03/31/2019,FTW,TX,ASW,CE,Towers with Radar,1,41,80,1,123,0,5,118,1,124,1,46,198,2,247,202,2,204,451
04/01/2019,FTW,TX,ASW,CE,Towers with Radar,2,24,71,0,97,0,8,177,1,186,2,32,248,1,283,564,0,564,847
04/02/2019,FTW,TX,ASW,CE,Towers with Radar,2,27,82,4,115,0,7,182,1,190,2,34,264,5,305,336,0,336,641
04/03/2019,FTW,TX,ASW,CE,Towers with Radar,2,30,87,3,122,0,6,97,1,104,2,36,184,4,226,420,0,420,646
04/04/2019,FTW,TX,ASW,CE,Towers with Radar,1,41,76,1,119,0,4,117,13,134,1,45,193,14,253,370,24,394,647
04/05/2019,FTW,TX,ASW,CE,Towers with Radar,0,36,75,0,111,0,0,155,1,156,0,36,230,1,267,540,0,540,807
04/06/2019,FTW,TX,ASW,CE,Towers with Radar,1,24,50,12,87,0,3,21,0,24,1,27,71,12,111,30,0,30,141
04/07/2019,FTW,TX,ASW,CE,Towers with Radar,0,41,94,7,142,0,0,12,0,12,0,41,106,7,154,0,0,0,154
04/08/2019,FTW,TX,ASW,CE,Towers with Radar,1,25,67,3,96,0,2,188,1,191,1,27,255,4,287,510,0,510,797
04/09/2019,FTW,TX,ASW,CE,Towers with Radar,0,50,84,1,135,0,5,210,2,217,0,55,294,3,352,690,0,690,1042
04/10/2019,FTW,TX,ASW,CE,Towers with Radar,0,33,73,7,113,0,0,59,6,65,0,33,132,13,178,98,18,116,294
04/11/2019,FTW,TX,ASW,CE,Towers with Radar,1,37,87,0,125,0,13,197,4,214,1,50,284,4,339,478,0,478,817
04/12/2019,FTW,TX,ASW,CE,Towers with Radar,0,32,112,10,154,0,5,174,4,183,0,37,286,14,337,222,12,234,571
04/13/2019,FTW,TX,ASW,CE,Towers with Radar,0,15,13,1,29,0,1,5,0,6,0,16,18,1,35,0,0,0,35
04/14/2019,FTW,TX,ASW,CE,Towers with Radar,0,20,64,2,86,0,6,142,1,149,0,26,206,3,235,162,0,162,397
04/15/2019,FTW,TX,ASW,CE,Towers with Radar,0,23,80,1,104,0,2,88,1,91,0,25,168,2,195,216,0,216,411
04/16/2019,FTW,TX,ASW,CE,Towers with Radar,1,23,82,4,110,0,2,65,8,75,1,25,147,12,185,148,0,148,333
04/17/2019,FTW,TX,ASW,CE,Towers with Radar,1,30,72,0,103,0,5,17,0,22,1,35,89,0,125,106,0,106,231
04/18/2019,FTW,TX,ASW,CE,Towers with Radar,0,45,89,0,134,0,3,50,0,53,0,48,139,0,187,112,0,112,299
04/19/2019,FTW,TX,ASW,CE,Towers with Radar,0,25,88,17,130,0,2,177,1,180,0,27,265,18,310,136,36,172,482
04/20/2019,FTW,TX,ASW,CE,Towers with Radar,0,9,53,16,78,0,4,243,1,248,0,13,296,17,326,320,4,324,650
04/21/2019,FTW,TX,ASW,CE,Towers with Radar,1,19,49,8,77,0,5,47,0,52,1,24,96,8,129,28,0,28,157
04/22/2019,FTW,TX,ASW,CE,Towers with Radar,0,29,78,3,110,0,9,138,0,147,0,38,216,3,257,422,0,422,679
04/23/2019,FTW,TX,ASW,CE,Towers with Radar,0,22,67,0,89,0,5,56,0,61,0,27,123,0,150,392,0,392,542
04/24/2019,FTW,TX,ASW,CE,Towers with Radar,0,33,57,0,90,0,1,7,0,8,0,34,64,0,98,8,0,8,106
04/25/2019,FTW,TX,ASW,CE,Towers with Radar,2,44,79,2,127,0,7,230,2,239,2,51,309,4,366,500,0,500,866
04/26/2019,FTW,TX,ASW,CE,Towers with Radar,0,37,98,0,135,0,2,226,4,232,0,39,324,4,367,448,0,448,815
04/27/2019,FTW,TX,ASW,CE,Towers with Radar,0,23,48,6,77,0,5,171,2,178,0,28,219,8,255,160,0,160,415
04/28/2019,FTW,TX,ASW,CE,Towers with Radar,0,34,57,3,94,0,6,98,0,104,0,40,155,3,198,198,0,198,396
04/29/2019,FTW,TX,ASW,CE,Towers with Radar,0,37,70,1,108,0,5,117,2,124,0,42,187,3,232,344,6,350,582
04/30/2019,FTW,TX,ASW,CE,Towers with Radar,0,17,49,0,66,0,1,15,0,16,0,18,64,0,82,58,0,58,140
05/01/2019,FTW,TX,ASW,CE,Towers with Radar,0,31,48,0,79,0,0,27,0,27,0,31,75,0,106,186,0,186,292
05/02/2019,FTW,TX,ASW,CE,Towers with Radar,0,32,72,16,120,0,4,45,0,49,0,36,117,16,169,216,0,216,385
05/03/2019,FTW,TX,ASW,CE,Towers with Radar,0,20,64,4,88,0,5,65,1,71,0,25,129,5,159,272,26,298,457
05/04/2019,FTW,TX,ASW,CE,Towers with Radar,1,21,45,20,87,0,4,136,0,140,1,25,181,20,227,480,0,480,707
05/05/2019,FTW,TX,ASW,CE,Towers with Radar,2,25,80,8,115,0,7,140,1,148,2,32,220,9,263,260,0,260,523
05/06/2019,FTW,TX,ASW,CE,Towers with Radar,0,17,66,2,85,0,7,193,5,205,0,24,259,7,290,378,0,378,668
05/07/2019,FTW,TX,ASW,CE,Towers with Radar,0,24,63,0,87,0,3,53,1,57,0,27,116,1,144,424,0,424,568
05/08/2019,FTW,TX,ASW,CE,Towers with Radar,0,30,40,0,70,0,2,35,6,43,0,32,75,6,113,249,6,255,368
05/09/2019,FTW,TX,ASW,CE,Towers with Radar,8,35,71,1,115,0,2,27,0,29,8,37,98,1,144,110,0,110,254
05/10/2019,FTW,TX,ASW,CE,Towers with Radar,0,43,99,0,142,0,4,63,0,67,0,47,162,0,209,228,0,228,437
05/11/2019,FTW,TX,ASW,CE,Towers with Radar,0,12,44,0,56,0,0,23,0,23,0,12,67,0,79,112,0,112,191
05/12/2019,FTW,TX,ASW,CE,Towers with Radar,0,33,58,0,91,0,1,108,2,111,0,34,166,2,202,184,0,184,386
05/13/2019,FTW,TX,ASW,CE,Towers with Radar,1,29,72,0,102,0,6,211,2,219,1,35,283,2,321,516,0,516,837
05/14/2019,FTW,TX,ASW,CE,Towers with Radar,0,21,68,0,89,0,6,170,0,176,0,27,238,0,265,502,0,502,767
05/15/2019,FTW,TX,ASW,CE,Towers with Radar,1,30,78,0,109,0,10,193,1,204,1,40,271,1,313,514,0,514,827
05/16/2019,FTW,TX,ASW,CE,Towers with Radar,2,25,109,0,136,0,5,206,0,211,2,30,315,0,347,488,0,488,835
05/17/2019,FTW,TX,ASW,CE,Towers with Radar,0,35,78,0,113,0,5,90,0,95,0,40,168,0,208,246,0,246,454
05/18/2019,FTW,TX,ASW,CE,Towers with Radar,0,25,24,1,50,0,1,17,0,18,0,26,41,1,68,54,2,56,124
05/19/2019,FTW,TX,ASW,CE,Towers with Radar,0,20,74,0,94,0,3,138,2,143,0,23,212,2,237,302,0,302,539
05/20/2019,FTW,TX,ASW,CE,Towers with Radar,0,35,71,5,111,0,2,21,1,24,0,37,92,6,135,18,0,18,153
05/21/2019,FTW,TX,ASW,CE,Towers with Radar,0,32,67,4,103,0,9,76,2,87,0,41,143,6,190,140,0,140,330
05/22/2019,FTW,TX,ASW,CE,Towers with Radar,2,39,92,2,135,0,5,64,2,71,2,44,156,4,206,92,0,92,298
05/23/2019,FTW,TX,ASW,CE,Towers with Radar,0,27,115,0,142,0,5,68,0,73,0,32,183,0,215,272,0,272,487
05/24/2019,FTW,TX,ASW,CE,Towers with Radar,0,35,102,0,137,0,8,87,0,95,0,43,189,0,232,168,0,168,400
05/25/2019,FTW,TX,ASW,CE,Towers with Radar,0,18,55,0,73,0,6,143,0,149,0,24,198,0,222,246,0,246,468
05/26/2019,FTW,TX,ASW,CE,Towers with Radar,0,33,39,0,72,0,10,68,0,78,0,43,107,0,150,112,0,112,262
05/27/2019,FTW,TX,ASW,CE,Towers with Radar,0,22,62,1,85,0,3,122,0,125,0,25,184,1,210,80,0,80,290
05/28/2019,FTW,TX,ASW,CE,Towers with Radar,0,23,79,0,102,0,2,49,0,51,0,25,128,0,153,148,0,148,301
05/29/2019,FTW,TX,ASW,CE,Towers with Radar,1,29,51,0,81,0,2,26,0,28,1,31,77,0,109,202,0,202,311
05/30/2019,FTW,TX,ASW,CE,Towers with Radar,1,43,119,0,163,0,3,235,1,239,1,46,354,1,402,448,0,448,850
05/31/2019,FTW,TX,ASW,CE,Towers with Radar,0,30,96,1,127,0,4,141,1,146,0,34,237,2,273,348,0,348,621
06/01/2019,FTW,TX,ASW,CE,Towers with Radar,0,14,55,0,69,0,2,122,0,124,0,16,177,0,193,268,0,268,461
06/02/2019,FTW,TX,ASW,CE,Towers with Radar,0,26,64,0,90,0,1,48,0,49,0,27,112,0,139,164,0,164,303
06/03/2019,FTW,TX,ASW,CE,Towers with Radar,0,30,63,2,95,0,0,121,1,122,0,30,184,3,217,386,0,386,603
06/04/2019,FTW,TX,ASW,CE,Towers with Radar,0,39,88,0,127,0,9,122,0,131,0,48,210,0,258,312,10,322,580
06/05/2019,FTW,TX,ASW,CE,Towers with Radar,0,45,81,1,127,0,8,43,0,51,0,53,124,1,178,324,0,324,502
06/06/2019,FTW,TX,ASW,CE,Towers with Radar,2,25,82,1,110,0,2,172,0,174,2,27,254,1,284,378,0,378,662
06/07/2019,FTW,TX,ASW,CE,Towers with Radar,2,28,85,6,121,0,0,116,0,116,2,28,201,6,237,430,0,430,667
06/08/2019,FTW,TX,ASW,CE,Towers with Radar,0,19,48,1,68,0,9,216,0,225,0,28,264,1,293,454,0,454,747
06/09/2019,FTW,TX,ASW,CE,Towers with Radar,1,25,70,0,96,0,6,91,0,97,1,31,161,0,193,108,0,108,301
06/10/2019,FTW,TX,ASW,CE,Towers with Radar,2,20,68,1,91,0,11,156,0,167,2,31,224,1,258,286,0,286,544
06/11/2019,FTW,TX,ASW,CE,Towers with Radar,0,24,74,4,102,0,6,200,0,206,0,30,274,4,308,478,0,478,786
06/12/2019,FTW,TX,ASW,CE,Towers with Radar,0,45,82,3,130,0,2,197,3,202,0,47,279,6,332,292,12,304,636
06/13/2019,FTW,TX,ASW,CE,Towers with Radar,0,20,84,4,108,0,4,193,0,197,0,24,277,4,305,382,0,382,687
06/14/2019,FTW,TX,ASW,CE,Towers with Radar,2,33,79,8,122,0,4,132,0,136,2,37,211,8,258,262,0,262,520
06/15/2019,FTW,TX,ASW,CE,Towers with Radar,0,24,46,4,74,0,7,71,0,78,0,31,117,4,152,90,0,90,242
06/16/2019,FTW,TX,ASW,CE,Towers with Radar,0,19,55,2,76,0,2,16,0,18,0,21,71,2,94,20,0,20,114
06/17/2019,FTW,TX,ASW,CE,Towers with Radar,1,26,62,1,90,0,5,170,0,175,1,31,232,1,265,274,0,274,539
06/18/2019,FTW,TX,ASW,CE,Towers with Radar,0,25,103,0,128,0,3,180,2,185,0,28,283,2,313,200,0,200,513
06/19/2019,FTW,TX,ASW,CE,Towers with Radar,0,25,72,0,97,0,4,117,0,121,0,29,189,0,218,198,0,198,416
06/20/2019,FTW,TX,ASW,CE,Towers with Radar,1,28,95,1,125,0,0,117,0,117,1,28,212,1,242,384,0,384,626
06/21/2019,FTW,TX,ASW,CE,Towers with Radar,2,38,88,0,128,0,5,168,0,173,2,43,256,0,301,318,0,318,619
06/22/2019,FTW,TX,ASW,CE,Towers with Radar,0,21,49,0,70,0,0,53,1,54,0,21,102,1,124,92,0,92,216
06/23/2019,FTW,TX,ASW,CE,Towers with Radar,2,20,58,2,82,0,0,20,0,20,2,20,78,2,102,60,0,60,162
06/24/2019,FTW,TX,ASW,CE,Towers with Radar,0,24,99,0,123,0,3,72,0,75,0,27,171,0,198,374,0,374,572
06/25/2019,FTW,TX,ASW,CE,Towers with Radar,0,21,64,4,89,0,11,199,1,211,0,32,263,5,300,450,10,460,760
06/26/2019,FTW,TX,ASW,CE,Towers with Radar,1,31,90,0,122,0,3,143,0,146,1,34,233,0,268,414,0,414,682
06/27/2019,FTW,TX,ASW,CE,Towers with Radar,1,40,102,6,149,0,12,128,0,140,1,52,230,6,289,438,0,438,727
06/28/2019,FTW,TX,ASW,CE,Towers with Radar,4,22,63,1,90,0,3,184,0,187,4,25,247,1,277,372,0,372,649
06/29/2019,FTW,TX,ASW,CE,Towers with Radar,0,16,48,0,64,0,4,119,2,125,0,20,167,2,189,214,0,214,403
06/30/2019,FTW,TX,ASW,CE,Towers with Radar,0,31,60,1,92,0,0,63,3,66,0,31,123,4,158,64,2,66,224
07/01/2019,FTW,TX,ASW,CE,Towers with Radar,0,29,58,0,87,0,5,85,1,91,0,34,143,1,178,144,4,148,326
07/02/2019,FTW,TX,ASW,CE,Towers with Radar,0,29,63,8,100,0,3,136,0,139,0,32,199,8,239,374,0,374,613
07/03/2019,FTW,TX,ASW,CE,Towers with Radar,2,29,89,0,120,0,4,137,0,141,2,33,226,0,261,406,0,406,667
07/04/2019,FTW,TX,ASW,CE,Towers with Radar,0,17,36,0,53,0,9,50,0,59,0,26,86,0,112,92,0,92,204
07/05/2019,FTW,TX,ASW,CE,Towers with Radar,0,12,39,1,52,0,8,102,0,110,0,20,141,1,162,372,0,372,534
07/06/2019,FTW,TX,ASW,CE,Towers with Radar,1,22,41,0,64,0,0,90,0,90,1,22,131,0,154,216,0,216,370
07/07/2019,FTW,TX,ASW,CE,Towers with Radar,4,37,57,1,99,0,3,77,0,80,4,40,134,1,179,112,0,112,291
07/08/2019,FTW,TX,ASW,CE,Towers with Radar,0,20,75,0,95,0,2,94,2,98,0,22,169,2,193,362,0,362,555
07/09/2019,FTW,TX,ASW,CE,Towers with Radar,0,24,96,0,120,0,7,196,0,203,0,31,292,0,323,536,0,536,859
07/10/2019,FTW,TX,ASW,CE,Towers with Radar,0,38,63,1,102,0,4,136,0,140,0,42,199,1,242,194,0,194,436
07/11/2019,FTW,TX,ASW,CE,Towers with Radar,0,25,60,0,85,0,6,189,0,195,0,31,249,0,280,258,0,258,538
07/12/2019,FTW,TX,ASW,CE,Towers with Radar,0,26,97,6,129,0,8,176,3,187,0,34,273,9,316,254,0,254,570
07/13/2019,FTW,TX,ASW,CE,Towers with Radar,0,28,43,5,76,0,4,136,2,142,0,32,179,7,218,190,12,202,420
07/14/2019,FTW,TX,ASW,CE,Towers with Radar,1,17,57,6,81,0,3,47,0,50,1,20,104,6,131,34,0,34,165
07/15/2019,FTW,TX,ASW,CE,Towers with Radar,1,19,69,1,90,0,3,166,1,170,1,22,235,2,260,330,0,330,590
07/16/2019,FTW,TX,ASW,CE,Towers with Radar,0,23,105,2,130,0,4,146,0,150,0,27,251,2,280,226,0,226,506
07/17/2019,FTW,TX,ASW,CE,Towers with Radar,0,35,106,0,141,0,9,159,1,169,0,44,265,1,310,222,0,222,532
07/18/2019,FTW,TX,ASW,CE,Towers with Radar,0,37,81,7,125,0,5,157,2,164,0,42,238,9,289,186,0,186,475
07/19/2019,FTW,TX,ASW,CE,Towers with Radar,0,19,87,6,112,0,7,138,0,145,0,26,225,6,257,164,0,164,421
07/20/2019,FTW,TX,ASW,CE,Towers with Radar,0,16,50,10,76,0,3,132,0,135,0,19,182,10,211,138,0,138,349
07/21/2019,FTW,TX,ASW,CE,Towers with Radar,0,25,81,5,111,0,10,98,0,108,0,35,179,5,219,82,0,82,301
07/22/2019,FTW,TX,ASW,CE,Towers with Radar,0,22,72,0,94,0,5,152,0,157,0,27,224,0,251,270,0,270,521
07/23/2019,FTW,TX,ASW,CE,Towers with Radar,1,14,86,3,104,0,4,166,1,171,1,18,252,4,275,378,0,378,653
07/24/2019,FTW,TX,ASW,CE,Towers with Radar,0,19,87,3,109,0,3,166,4,173,0,22,253,7,282,336,0,336,618
07/25/2019,FTW,TX,ASW,CE,Towers with Radar,0,17,121,0,138,0,5,175,2,182,0,22,296,2,320,357,0,357,677
07/26/2019,FTW,TX,ASW,CE,Towers with Radar,0,34,96,0,130,0,0,160,0,160,0,34,256,0,290,250,0,250,540
07/27/2019,FTW,TX,ASW,CE,Towers with Radar,1,23,64,0,88,0,11,107,0,118,1,34,171,0,206,198,0,198,404
07/28/2019,FTW,TX,ASW,CE,Towers with Radar,0,17,67,0,84,0,4,81,0,85,0,21,148,0,169,60,0,60,229
07/29/2019,FTW,TX,ASW,CE,Towers with Radar,0,15,68,0,83,0,3,95,0,98,0,18,163,0,181,120,0,120,301
07/30/2019,FTW,TX,ASW,CE,Towers with Radar,0,23,54,5,82,0,6,164,4,174,0,29,218,9,256,216,0,216,472
07/31/2019,FTW,TX,ASW,CE,Towers with Radar,0,26,80,4,110,0,5,186,0,191,0,31,266,4,301,226,0,226,527
08/01/2019,FTW,TX,ASW,CE,Towers with Radar,0,24,93,3,120,0,7,150,1,158,0,31,243,4,278,410,0,410,688
08/02/2019,FTW,TX,ASW,CE,Towers with Radar,0,22,63,2,87,0,3,156,0,159,0,25,219,2,246,190,0,190,436
08/03/2019,FTW,TX,ASW,CE,Towers with Radar,2,15,48,1,66,0,4,57,1,62,2,19,105,2,128,82,0,82,210
08/04/2019,FTW,TX,ASW,CE,Towers with Radar,0,33,74,0,107,0,8,76,0,84,0,41,150,0,191,68,0,68,259
08/05/2019,FTW,TX,ASW,CE,Towers with Radar,0,16,79,1,96,0,7,178,0,185,0,23,257,1,281,406,0,406,687
08/06/2019,FTW,TX,ASW,CE,Towers with Radar,1,23,58,0,82,0,7,170,0,177,1,30,228,0,259,376,0,376,635
08/07/2019,FTW,TX,ASW,CE,Towers with Radar,0,24,68,2,94,0,6,164,2,172,0,30,232,4,266,336,0,336,602
08/08/2019,FTW,TX,ASW,CE,Towers with Radar,0,28,94,2,124,0,6,183,0,189,0,34,277,2,313,236,0,236,549
08/09/2019,FTW,TX,ASW,CE,Towers with Radar,0,23,84,1,108,0,4,162,0,166,0,27,246,1,274,146,0,146,420
08/10/2019,FTW,TX,ASW,CE,Towers with Radar,0,19,45,3,67,0,3,119,0,122,0,22,164,3,189,110,0,110,299
08/11/2019,FTW,TX,ASW,CE,Towers with Radar,0,26,63,1,90,0,5,95,0,100,0,31,158,1,190,34,0,34,224
08/12/2019,FTW,TX,ASW,CE,Towers with Radar,0,26,68,0,94,0,2,142,0,144,0,28,210,0,238,194,0,194,432
08/13/2019,FTW,TX,ASW,CE,Towers with Radar,0,33,94,0,127,0,2,143,0,145,0,35,237,0,272,246,0,246,518
08/14/2019,FTW,TX,ASW,CE,Towers with Radar,0,26,62,1,89,0,10,110,1,121,0,36,172,2,210,362,0,362,572
08/15/2019,FTW,TX,ASW,CE,Towers with Radar,2,19,78,1,100,0,6,168,1,175,2,25,246,2,275,394,0,394,669
08/16/2019,FTW,TX,ASW,CE,Towers with Radar,0,21,83,2,106,0,9,149,0,158,0,30,232,2,264,330,0,330,594
08/17/2019,FTW,TX,ASW,CE,Towers with Radar,0,15,60,8,83,0,2,121,2,125,0,17,181,10,208,158,2,160,368
08/18/2019,FTW,TX,ASW,CE,Towers with Radar,0,35,70,8,113,0,5,68,1,74,0,40,138,9,187,40,0,40,227
08/19/2019,FTW,TX,ASW,CE,Towers with Radar,0,19,81,0,100,0,0,123,0,123,0,19,204,0,223,216,0,216,439
08/20/2019,FTW,TX,ASW,CE,Towers with Radar,0,17,78,1,96,0,6,115,2,123,0,23,193,3,219,206,0,206,425
08/21/2019,FTW,TX,ASW,CE,Towers with Radar,0,19,97,8,124,0,6,141,2,149,0,25,238,10,273,158,10,168,441
08/22/2019,FTW,TX,ASW,CE,Towers with Radar,0,44,95,1,140,0,6,150,3,159,0,50,245,4,299,202,0,202,501
08/23/2019,FTW,TX,ASW,CE,Towers with Radar,0,27,63,5,95,0,0,126,0,126,0,27,189,5,221,177,0,177,398
08/24/2019,FTW,TX,ASW,CE,Towers with Radar,1,13,48,12,74,0,9,86,1,96,1,22,134,13,170,78,18,96,266
08/25/2019,FTW,TX,ASW,CE,Towers with Radar,0,19,75,6,100,0,4,100,1,105,0,23,175,7,205,22,12,34,239
08/26/2019,FTW,TX,ASW,CE,Towers with Radar,0,29,58,0,87,0,9,116,1,126,0,38,174,1,213,144,0,144,357
08/27/2019,FTW,TX,ASW,CE,Towers with Radar,0,26,70,0,96,0,5,27,0,32,0,31,97,0,128,148,0,148,276
08/28/2019,FTW,TX,ASW,CE,Towers with Radar,0,22,88,4,114,0,9,136,0,145,0,31,224,4,259,274,0,274,533
08/29/2019,FTW,TX,ASW,CE,Towers with Radar,0,40,85,0,125,0,9,149,0,158,0,49,234,0,283,270,0,270,553
08/30/2019,FTW,TX,ASW,CE,Towers with Radar,0,33,79,0,112,0,8,122,0,130,0,41,201,0,242,166,0,166,408
08/31/2019,FTW,TX,ASW,CE,Towers with Radar,1,29,67,0,97,0,3,102,0,105,1,32,169,0,202,164,0,164,366
09/01/2019,FTW,TX,ASW,CE,Towers with Radar,0,6,51,0,57,0,8,96,0,104,0,14,147,0,161,68,0,68,229
09/02/2019,FTW,TX,ASW,CE,Towers with Radar,1,28,68,0,97,0,7,121,0,128,1,35,189,0,225,84,0,84,309
09/03/2019,FTW,TX,ASW,CE,Towers with Radar,0,26,79,0,105,0,2,143,0,145,0,28,222,0,250,180,0,180,430
09/04/2019,FTW,TX,ASW,CE,Towers with Radar,0,24,80,3,107,0,4,148,3,155,0,28,228,6,262,178,0,178,440
09/05/2019,FTW,TX,ASW,CE,Towers with Radar,0,41,73,2,116,0,5,180,2,187,0,46,253,4,303,262,0,262,565
09/06/2019,FTW,TX,ASW,CE,Towers with Radar,0,25,92,6,123,0,4,180,0,184,0,29,272,6,307,206,0,206,513
09/07/2019,FTW,TX,ASW,CE,Towers with Radar,1,24,43,15,83,0,7,133,0,140,1,31,176,15,223,100,12,112,335
09/08/2019,FTW,TX,ASW,CE,Towers with Radar,0,26,77,7,110,0,15,86,1,102,0,41,163,8,212,38,0,38,250
09/09/2019,FTW,TX,ASW,CE,Towers with Radar,0,15,74,0,89,0,5,112,0,117,0,20,186,0,206,154,0,154,360
09/10/2019,FTW,TX,ASW,CE,Towers with Radar,0,22,73,3,98,0,6,121,0,127,0,28,194,3,225,118,0,118,343
09/11/2019,FTW,TX,ASW,CE,Towers with Radar,0,23,85,7,115,0,5,132,0,137,0,28,217,7,252,266,0,266,518
09/12/2019,FTW,TX,ASW,CE,Towers with Radar,0,42,105,3,150,0,9,140,1,150,0,51,245,4,300,212,8,220,520
09/13/2019,FTW,TX,ASW,CE,Towers with Radar,0,20,75,24,119,0,9,142,0,151,0,29,217,24,270,142,12,154,424
09/14/2019,FTW,TX,ASW,CE,Towers with Radar,1,15,65,32,113,0,1,159,1,161,1,16,224,33,274,154,0,154,428
09/15/2019,FTW,TX,ASW,CE,Towers with Radar,1,19,76,5,101,0,4,99,0,103,1,23,175,5,204,82,0,82,286
09/16/2019,FTW,TX,ASW,CE,Towers with Radar,0,24,83,2,109,0,6,154,0,160,0,30,237,2,269,104,0,104,373
09/17/2019,FTW,TX,ASW,CE,Towers with Radar,0,31,89,2,122,0,6,134,5,145,0,37,223,7,267,154,0,154,421
09/18/2019,FTW,TX,ASW,CE,Towers with Radar,2,44,83,3,132,0,3,119,2,124,2,47,202,5,256,146,0,146,402
09/19/2019,FTW,TX,ASW,CE,Towers with Radar,0,30,117,13,160,0,1,72,2,75,0,31,189,15,235,180,0,180,415
09/20/2019,FTW,TX,ASW,CE,Towers with Radar,1,33,101,29,164,0,9,35,0,44,1,42,136,29,208,46,0,46,254
09/21/2019,FTW,TX,ASW,CE,Towers with Radar,0,25,76,12,113,0,10,66,3,79,0,35,142,15,192,86,20,106,298
09/22/2019,FTW,TX,ASW,CE,Towers with Radar,0,26,91,1,118,0,6,76,0,82,0,32,167,1,200,56,0,56,256
09/23/2019,FTW,TX,ASW,CE,Towers with Radar,0,29,78,5,112,0,0,100,0,100,0,29,178,5,212,146,4,150,362
09/24/2019,FTW,TX,ASW,CE,Towers with Radar,1,10,88,4,103,0,2,124,2,128,1,12,212,6,231,318,0,318,549
09/25/2019,FTW,TX,ASW,CE,Towers with Radar,0,32,95,0,127,0,8,187,0,195,0,40,282,0,322,276,0,276,598
09/26/2019,FTW,TX,ASW,CE,Towers with Radar,0,27,107,6,140,0,5,190,1,196,0,32,297,7,336,184,0,184,520
09/27/2019,FTW,TX,ASW,CE,Towers with Radar,1,47,105,0,153,0,6,172,2,180,1,53,277,2,333,108,0,108,441
09/28/2019,FTW,TX,ASW,CE,Towers with Radar,0,24,69,0,93,0,2,98,0,100,0,26,167,0,193,107,0,107,300
09/29/2019,FTW,TX,ASW,CE,Towers with Radar,0,45,115,2,162,0,2,84,0,86,0,47,199,2,248,52,0,52,300
09/30/2019,FTW,TX,ASW,CE,Towers with Radar,0,24,95,5,124,0,3,67,0,70,0,27,162,5,194,320,0,320,514
10/01/2019,FTW,TX,ASW,CE,Towers with Radar,0,23,93,0,116,0,5,108,0,113,0,28,201,0,229,272,0,272,501
10/02/2019,FTW,TX,ASW,CE,Towers with Radar,0,30,77,0,107,0,4,143,0,147,0,34,220,0,254,216,0,216,470
10/03/2019,FTW,TX,ASW,CE,Towers with Radar,0,37,123,17,177,0,6,150,1,157,0,43,273,18,334,244,14,258,592
10/04/2019,FTW,TX,ASW,CE,Towers with Radar,0,33,115,1,149,0,3,127,2,132,0,36,242,3,281,216,0,216,497
10/05/2019,FTW,TX,ASW,CE,Towers with Radar,0,19,74,9,102,0,1,127,3,131,0,20,201,12,233,184,0,184,417
10/06/2019,FTW,TX,ASW,CE,Towers with Radar,0,31,98,8,137,0,2,74,0,76,0,33,172,8,213,12,0,12,225
10/07/2019,FTW,TX,ASW,CE,Towers with Radar,0,15,74,5,94,0,2,113,0,115,0,17,187,5,209,210,0,210,419
10/08/2019,FTW,TX,ASW,CE,Towers with Radar,1,20,102,3,126,0,7,186,1,194,1,27,288,4,320,344,0,344,664
10/09/2019,FTW,TX,ASW,CE,Towers with Radar,2,19,123,6,150,0,3,92,0,95,2,22,215,6,245,94,0,94,339
10/10/2019,FTW,TX,ASW,CE,Towers with Radar,1,32,87,6,126,0,11,59,0,70,1,43,146,6,196,78,0,78,274
10/11/2019,FTW,TX,ASW,CE,Towers with Radar,1,42,94,8,145,0,17,92,0,109,1,59,186,8,254,198,0,198,452
10/12/2019,FTW,TX,ASW,CE,Towers with Radar,0,26,58,2,86,0,3,189,3,195,0,29,247,5,281,260,0,260,541
10/13/2019,FTW,TX,ASW,CE,Towers with Radar,0,26,62,0,88,0,1,104,0,105,0,27,166,0,193,212,0,212,405
10/14/2019,FTW,TX,ASW,CE,Towers with Radar,1,22,85,0,108,0,1,111,0,112,1,23,196,0,220,288,0,288,508
10/15/2019,FTW,TX,ASW,CE,Towers with Radar,1,25,105,1,132,0,1,89,0,90,1,26,194,1,222,174,0,174,396
10/16/2019,FTW,TX,ASW,CE,Towers with Radar,1,43,99,4,147,0,1,186,5,192,1,44,285,9,339,278,0,278,617
10/17/2019,FTW,TX,ASW,CE,Towers with Radar,0,40,99,1,140,0,4,63,2,69,0,44,162,3,209,118,0,118,327
10/18/2019,FTW,TX,ASW,CE,Towers with Radar,1,52,103,6,162,0,4,226,2,232,1,56,329,8,394,318,0,318,712
10/19/2019,FTW,TX,ASW,CE,Towers with Radar,1,31,56,7,95,0,3,161,4,168,1,34,217,11,263,208,0,208,471
10/20/2019,FTW,TX,ASW,CE,Towers with Radar,0,27,88,2,117,0,6,82,2,90,0,33,170,4,207,112,0,112,319
10/21/2019,FTW,TX,ASW,CE,Towers with Radar,0,37,101,0,138,0,1,207,0,208,0,38,308,0,346,306,0,306,652
10/22/2019,FTW,TX,ASW,CE,Towers with Radar,0,26,96,2,124,0,6,209,0,215,0,32,305,2,339,362,0,362,701
10/23/2019,FTW,TX,ASW,CE,Towers with Radar,1,41,127,0,169,0,6,145,2,153,1,47,272,2,322,146,0,146,468
10/24/2019,FTW,TX,ASW,CE,Towers with Radar,0,14,82,0,96,0,3,28,0,31,0,17,110,0,127,96,0,96,223
10/25/2019,FTW,TX,ASW,CE,Towers with Radar,0,46,121,0,167,0,1,0,0,1,0,47,121,0,168,2,0,2,170
10/26/2019,FTW,TX,ASW,CE,Towers with Radar,0,31,94,0,125,0,5,125,0,130,0,36,219,0,255,232,0,232,487
10/27/2019,FTW,TX,ASW,CE,Towers with Radar,0,25,84,0,109,0,15,114,0,129,0,40,198,0,238,120,0,120,358
10/28/2019,FTW,TX,ASW,CE,Towers with Radar,1,26,129,5,161,0,3,31,0,34,1,29,160,5,195,226,0,226,421
10/29/2019,FTW,TX,ASW,CE,Towers with Radar,0,27,58,3,88,0,0,0,0,0,0,27,58,3,88,0,0,0,88
10/30/2019,FTW,TX,ASW,CE,Towers with Radar,3,29,79,0,111,0,0,3,0,3,3,29,82,0,114,8,0,8,122
10/31/2019,FTW,TX,ASW,CE,Towers with Radar,0,11,85,6,102,0,7,225,4,236,0,18,310,10,338,208,0,208,546
11/01/2019,FTW,TX,ASW,CE,Towers with Radar,0,27,115,11,153,0,12,221,0,233,0,39,336,11,386,188,0,188,574
11/02/2019,FTW,TX,ASW,CE,Towers with Radar,0,15,57,12,84,0,5,176,0,181,0,20,233,12,265,260,0,260,525
11/03/2019,FTW,TX,ASW,CE,Towers with Radar,0,34,87,10,131,0,7,78,5,90,0,41,165,15,221,94,6,100,321
11/04/2019,FTW,TX,ASW,CE,Towers with Radar,0,15,108,0,123,0,3,169,1,173,0,18,277,1,296,130,0,130,426
11/05/2019,FTW,TX,ASW,CE,Towers with Radar,0,16,78,2,96,0,0,0,0,0,0,16,78,2,96,0,0,0,96
11/06/2019,FTW,TX,ASW,CE,Towers with Radar,2,31,99,2,134,0,1,45,0,46,2,32,144,2,180,192,0,192,372
11/07/2019,FTW,TX,ASW,CE,Towers with Radar,0,29,79,0,108,0,1,4,0,5,0,30,83,0,113,6,0,6,119
11/08/2019,FTW,TX,ASW,CE,Towers with Radar,1,37,129,0,167,0,8,148,1,157,1,45,277,1,324,406,0,406,730
11/09/2019,FTW,TX,ASW,CE,Towers with Radar,2,29,81,0,112,0,2,204,0,206,2,31,285,0,318,308,0,308,626
11/10/2019,FTW,TX,ASW,CE,Towers with Radar,1,40,100,0,141,0,4,114,0,118,1,44,214,0,259,74,0,74,333
11/11/2019,FTW,TX,ASW,CE,Towers with Radar,0,25,58,0,83,0,2,9,1,12,0,27,67,1,95,116,0,116,211
11/12/2019,FTW,TX,ASW,CE,Towers with Radar,0,25,95,4,124,0,5,201,2,208,0,30,296,6,332,260,0,260,592
11/13/2019,FTW,TX,ASW,CE,Towers with Radar,0,36,99,4,139,0,4,174,3,181,0,40,273,7,320,298,6,304,624
11/14/2019,FTW,TX,ASW,CE,Towers with Radar,1,38,105,0,144,0,1,188,0,189,1,39,293,0,333,404,0,404,737
11/15/2019,FTW,TX,ASW,CE,Towers with Radar,0,26,104,3,133,0,1,181,0,182,0,27,285,3,315,346,0,346,661
11/16/2019,FTW,TX,ASW,CE,Towers with Radar,0,16,58,24,98,0,7,185,0,192,0,23,243,24,290,292,0,292,582
11/17/2019,FTW,TX,ASW,CE,Towers with Radar,0,32,69,13,114,0,13,87,0,100,0,45,156,13,214,40,8,48,262
11/18/2019,FTW,TX,ASW,CE,Towers with Radar,0,29,74,2,105,0,4,202,0,206,0,33,276,2,311,312,0,312,623
11/19/2019,FTW,TX,ASW,CE,Towers with Radar,1,21,116,3,141,0,13,207,0,220,1,34,323,3,361,278,2,280,641
11/20/2019,FTW,TX,ASW,CE,Towers with Radar,0,24,73,3,100,0,4,55,1,60,0,28,128,4,160,128,0,128,288
11/21/2019,FTW,TX,ASW,CE,Towers with Radar,0,26,83,1,110,0,1,50,0,51,0,27,133,1,161,148,0,148,309
11/22/2019,FTW,TX,ASW,CE,Towers with Radar,1,64,110,17,192,0,5,35,0,40,1,69,145,17,232,178,4,182,414
11/23/2019,FTW,TX,ASW,CE,Towers with Radar,0,22,82,5,109,0,5,212,3,220,0,27,294,8,329,408,0,408,737
11/24/2019,FTW,TX,ASW,CE,Towers with Radar,0,19,84,1,104,0,1,134,1,136,0,20,218,2,240,156,0,156,396
11/25/2019,FTW,TX,ASW,CE,Towers with Radar,0,33,90,3,126,0,32,199,2,233,0,65,289,5,359,476,62,538,897
11/26/2019,FTW,TX,ASW,CE,Towers with Radar,1,19,82,2,104,0,15,106,0,121,1,34,188,2,225,338,0,338,563
11/27/2019,FTW,TX,ASW,CE,Towers with Radar,0,36,111,0,147,0,3,153,0,156,0,39,264,0,303,256,0,256,559
11/28/2019,FTW,TX,ASW,CE,Towers with Radar,2,12,19,0,33,0,0,5,0,5,2,12,24,0,38,0,0,0,38
11/29/2019,FTW,TX,ASW,CE,Towers with Radar,2,15,32,0,49,0,0,0,0,0,2,15,32,0,49,0,0,0,49
11/30/2019,FTW,TX,ASW,CE,Towers with Radar,0,32,64,0,96,0,1,83,0,84,0,33,147,0,180,52,0,52,232
12/01/2019,FTW,TX,ASW,CE,Towers with Radar,1,28,110,0,139,0,9,106,0,115,1,37,216,0,254,158,0,158,412
12/02/2019,FTW,TX,ASW,CE,Towers with Radar,2,23,88,2,115,0,3,220,2,225,2,26,308,4,340,552,0,552,892
12/03/2019,FTW,TX,ASW,CE,Towers with Radar,0,26,68,1,95,0,10,231,4,245,0,36,299,5,340,452,0,452,792
12/04/2019,FTW,TX,ASW,CE,Towers with Radar,0,23,99,3,125,0,2,244,5,251,0,25,343,8,376,380,10,390,766
12/05/2019,FTW,TX,ASW,CE,Towers with Radar,0,33,79,0,112,0,2,234,0,236,0,35,313,0,348,383,0,383,731
12/06/2019,FTW,TX,ASW,CE,Towers with Radar,1,33,97,9,140,0,6,177,0,183,1,39,274,9,323,327,0,327,650
12/07/2019,FTW,TX,ASW,CE,Towers with Radar,1,19,61,8,89,0,3,204,0,207,1,22,265,8,296,600,0,600,896
12/08/2019,FTW,TX,ASW,CE,Towers with Radar,0,16,71,4,91,0,3,82,0,85,0,19,153,4,176,86,0,86,262
12/09/2019,FTW,TX,ASW,CE,Towers with Radar,0,11,83,0,94,0,3,146,0,149,0,14,229,0,243,210,0,210,453
12/10/2019,FTW,TX,ASW,CE,Towers with Radar,1,31,89,3,124,0,0,117,1,118,1,31,206,4,242,362,0,362,604
12/11/2019,FTW,TX,ASW,CE,Towers with Radar,0,30,88,13,131,0,7,151,6,164,0,37,239,19,295,338,0,338,633
12/12/2019,FTW,TX,ASW,CE,Towers with Radar,0,30,92,9,131,0,7,216,1,224,0,37,308,10,355,332,0,332,687
12/13/2019,FTW,TX,ASW,CE,Towers with Radar,0,36,103,4,143,0,2,245,0,247,0,38,348,4,390,532,0,532,922
12/14/2019,FTW,TX,ASW,CE,Towers with Radar,1,22,79,6,108,0,8,220,0,228,1,30,299,6,336,418,4,422,758
12/15/2019,FTW,TX,ASW,CE,Towers with Radar,0,21,89,5,115,0,6,95,0,101,0,27,184,5,216,96,0,96,312
12/16/2019,FTW,TX,ASW,CE,Towers with Radar,0,41,82,18,141,0,4,23,0,27,0,45,105,18,168,98,0,98,266
12/17/2019,FTW,TX,ASW,CE,Towers with Radar,0,13,99,11,123,0,8,172,3,183,0,21,271,14,306,278,6,284,590
12/18/2019,FTW,TX,ASW,CE,Towers with Radar,0,28,107,0,135,0,5,226,0,231,0,33,333,0,366,386,0,386,752
12/19/2019,FTW,TX,ASW,CE,Towers with Radar,0,23,103,1,127,0,5,200,5,210,0,28,303,6,337,294,2,296,633
12/20/2019,FTW,TX,ASW,CE,Towers with Radar,0,27,113,2,142,0,0,64,0,64,0,27,177,2,206,206,0,206,412
12/21/2019,FTW,TX,ASW,CE,Towers with Radar,2,35,83,0,120,0,0,20,0,20,2,35,103,0,140,14,0,14,154
12/22/2019,FTW,TX,ASW,CE,Towers with Radar,2,20,71,2,95,0,2,71,0,73,2,22,142,2,168,34,0,34,202
12/23/2019,FTW,TX,ASW,CE,Towers with Radar,0,23,98,0,121,0,7,218,0,225,0,30,316,0,346,362,0,362,708
12/24/2019,FTW,TX,ASW,CE,Towers with Radar,0,24,20,0,44,0,12,171,0,183,0,36,191,0,227,282,0,282,509
12/25/2019,FTW,TX,ASW,CE,Towers with Radar,0,22,28,0,50,0,8,72,0,80,0,30,100,0,130,70,0,70,200
12/26/2019,FTW,TX,ASW,CE,Towers with Radar,1,33,94,0,128,0,4,46,0,50,1,37,140,0,178,158,0,158,336
12/27/2019,FTW,TX,ASW,CE,Towers with Radar,0,40,82,2,124,0,2,143,0,145,0,42,225,2,269,700,0,700,969
12/28/2019,FTW,TX,ASW,CE,Towers with Radar,2,17,52,0,71,0,2,31,0,33,2,19,83,0,104,4,0,4,108
12/29/2019,FTW,TX,ASW,CE,Towers with Radar,0,18,45,0,63,0,6,113,0,119,0,24,158,0,182,108,0,108,290
12/30/2019,FTW,TX,ASW,CE,Towers with Radar,0,15,75,1,91,0,9,182,1,192,0,24,257,2,283,424,4,428,711
12/31/2019,FTW,TX,ASW,CE,Towers with Radar,6,11,43,1,61,0,8,193,1,202,6,19,236,2,263,282,0,282,545
01/01/2020,FTW,TX,ASW,CE,Towers with Radar,0,15,55,0,70,0,12,50,0,62,0,27,105,0,132,8,0,8,140
01/02/2020,FTW,TX,ASW,CE,Towers with Radar,0,18,89,0,107,0,6,167,0,173,0,24,256,0,280,240,0,240,520
01/03/2020,FTW,TX,ASW,CE,Towers with Radar,0,22,70,0,92,0,2,144,0,146,0,24,214,0,238,234,0,234,472
01/04/2020,FTW,TX,ASW,CE,Towers with Radar,4,32,62,3,101,0,5,200,0,205,4,37,262,3,306,362,6,368,674
01/05/2020,FTW,TX,ASW,CE,Towers with Radar,0,28,58,1,87,0,0,100,0,100,0,28,158,1,187,150,0,150,337
01/06/2020,FTW,TX,ASW,CE,Towers with Radar,0,13,64,2,79,0,5,176,0,181,0,18,240,2,260,318,0,318,578
01/07/2020,FTW,TX,ASW,CE,Towers with Radar,0,13,101,1,115,0,1,178,1,180,0,14,279,2,295,506,0,506,801
01/08/2020,FTW,TX,ASW,CE,Towers with Radar,0,17,100,3,120,0,4,158,1,163,0,21,258,4,283,284,4,288,571
01/09/2020,FTW,TX,ASW,CE,Towers with Radar,0,28,94,5,127,0,3,37,0,40,0,31,131,5,167,148,0,148,315
01/10/2020,FTW,TX,ASW,CE,Towers with Radar,0,19,50,4,73,0,0,10,0,10,0,19,60,4,83,66,0,66,149
01/11/2020,FTW,TX,ASW,CE,Towers with Radar,1,28,55,17,101,0,2,85,0,87,1,30,140,17,188,286,6,292,480
01/12/2020,FTW,TX,ASW,CE,Towers with Radar,0,27,67,8,102,0,2,113,3,118,0,29,180,11,220,104,0,104,324
01/13/2020,FTW,TX,ASW,CE,Towers with Radar,0,19,68,1,88,0,3,9,0,12,0,22,77,1,100,10,0,10,110
01/14/2020,FTW,TX,ASW,CE,Towers with Radar,0,22,90,5,117,0,0,117,0,117,0,22,207,5,234,376,0,376,610
01/15/2020,FTW,TX,ASW,CE,Towers with Radar,0,24,78,4,106,0,0,65,0,65,0,24,143,4,171,272,0,272,443
01/16/2020,FTW,TX,ASW,CE,Towers with Radar,0,23,61,1,85,0,1,3,0,4,0,24,64,1,89,50,0,50,139
01/17/2020,FTW,TX,ASW,CE,Towers with Radar,0,24,67,2,93,0,0,0,0,0,0,24,67,2,93,0,0,0,93
01/18/2020,FTW,TX,ASW,CE,Towers with Radar,0,24,57,1,82,0,4,178,3,185,0,28,235,4,267,292,0,292,559
01/19/2020,FTW,TX,ASW,CE,Towers with Radar,0,15,60,1,76,0,7,153,0,160,0,22,213,1,236,166,0,166,402
01/20/2020,FTW,TX,ASW,CE,Towers with Radar,2,34,111,3,150,0,4,190,1,195,2,38,301,4,345,350,0,350,695
01/21/2020,FTW,TX,ASW,CE,Towers with Radar,2,27,85,4,118,0,7,204,1,212,2,34,289,5,330,287,0,287,617
01/22/2020,FTW,TX,ASW,CE,Towers with Radar,1,15,52,2,70,0,0,1,0,1,1,15,53,2,71,0,0,0,71
01/23/2020,FTW,TX,ASW,CE,Towers with Radar,0,25,96,2,123,0,4,150,0,154,0,29,246,2,277,310,0,310,587
01/24/2020,FTW,TX,ASW,CE,Towers with Radar,1,30,86,4,121,0,7,229,1,237,1,37,315,5,358,278,0,278,636
01/25/2020,FTW,TX,ASW,CE,Towers with Radar,0,19,57,21,97,0,3,176,0,179,0,22,233,21,276,178,12,190,466
01/26/2020,FTW,TX,ASW,CE,Towers with Radar,2,19,117,11,149,0,4,80,0,84,2,23,197,11,233,132,0,132,365
01/27/2020,FTW,TX,ASW,CE,Towers with Radar,0,26,58,5,89,0,0,115,1,116,0,26,173,6,205,258,0,258,463
01/28/2020,FTW,TX,ASW,CE,Towers with Radar,0,17,63,12,92,0,3,10,0,13,0,20,73,12,105,0,0,0,105
01/29/2020,FTW,TX,ASW,CE,Towers with Radar,0,25,88,5,118,0,1,40,0,41,0,26,128,5,159,186,0,186,345
01/30/2020,FTW,TX,ASW,CE,Towers with Radar,0,31,82,13,126,0,0,22,0,22,0,31,104,13,148,252,0,252,400
01/31/2020,FTW,TX,ASW,CE,Towers with Radar,1,19,76,18,114,0,7,193,0,200,1,26,269,18,314,284,2,286,600
02/01/2020,FTW,TX,ASW,CE,Towers with Radar,0,23,45,28,96,0,7,207,7,221,0,30,252,35,317,182,46,228,545
02/02/2020,FTW,TX,ASW,CE,Towers with Radar,0,25,64,13,102,0,2,110,2,114,0,27,174,15,216,66,0,66,282
02/03/2020,FTW,TX,ASW,CE,Towers with Radar,0,10,76,3,89,0,7,70,1,78,0,17,146,4,167,184,0,184,351
02/04/2020,FTW,TX,ASW,CE,Towers with Radar,0,25,72,0,97,0,1,11,0,12,0,26,83,0,109,6,0,6,115
02/05/2020,FTW,TX,ASW,CE,Towers with Radar,1,15,41,0,57,0,0,2,0,2,1,15,43,0,59,54,0,54,113
02/06/2020,FTW,TX,ASW,CE,Towers with Radar,0,27,88,0,115,0,5,151,1,157,0,32,239,1,272,516,0,516,788
02/07/2020,FTW,TX,ASW,CE,Towers with Radar,0,34,106,4,144,0,9,222,0,231,0,43,328,4,375,390,0,390,765
02/08/2020,FTW,TX,ASW,CE,Towers with Radar,1,20,75,16,112,0,9,192,3,204,1,29,267,19,316,266,4,270,586
02/09/2020,FTW,TX,ASW,CE,Towers with Radar,0,18,55,10,83,0,1,22,0,23,0,19,77,10,106,0,0,0,106
02/10/2020,FTW,TX,ASW,CE,Towers with Radar,0,31,61,0,92,0,0,22,0,22,0,31,83,0,114,54,0,54,168
02/11/2020,FTW,TX,ASW,CE,Towers with Radar,1,25,60,0,86,0,0,11,1,12,1,25,71,1,98,2,0,2,100
02/12/2020,FTW,TX,ASW,CE,Towers with Radar,0,34,73,1,108,0,1,21,0,22,0,35,94,1,130,150,0,150,280
02/13/2020,FTW,TX,ASW,CE,Towers with Radar,0,49,88,2,139,0,2,131,0,133,0,51,219,2,272,644,0,644,916
02/14/2020,FTW,TX,ASW,CE,Towers with Radar,0,36,90,4,130,0,3,259,1,263,0,39,349,5,393,326,0,326,719
02/15/2020,FTW,TX,ASW,CE,Towers with Radar,1,29,81,4,115,0,11,186,0,197,1,40,267,4,312,216,0,216,528
02/16/2020,FTW,TX,ASW,CE,Towers with Radar,0,20,70,0,90,0,8,137,0,145,0,28,207,0,235,146,0,146,381
02/17/2020,FTW,TX,ASW,CE,Towers with Radar,0,29,120,2,151,0,4,212,0,216,0,33,332,2,367,476,0,476,843
02/18/2020,FTW,TX,ASW,CE,Towers with Radar,0,23,82,4,109,0,4,65,0,69,0,27,147,4,178,256,0,256,434
02/19/2020,FTW,TX,ASW,CE,Towers with Radar,0,16,82,1,99,0,4,44,2,50,0,20,126,3,149,204,0,204,353
02/20/2020,FTW,TX,ASW,CE,Towers with Radar,0,34,133,0,167,0,3,67,0,70,0,37,200,0,237,170,0,170,407
02/21/2020,FTW,TX,ASW,CE,Towers with Radar,1,30,99,5,135,0,4,287,2,293,1,34,386,7,428,532,0,532,960
02/22/2020,FTW,TX,ASW,CE,Towers with Radar,1,16,58,7,82,0,4,196,1,201,1,20,254,8,283,402,0,402,685
02/23/2020,FTW,TX,ASW,CE,Towers with Radar,0,24,101,2,127,0,1,15,1,17,0,25,116,3,144,20,0,20,164
02/24/2020,FTW,TX,ASW,CE,Towers with Radar,0,24,78,0,102,0,1,90,2,93,0,25,168,2,195,46,0,46,241
02/25/2020,FTW,TX,ASW,CE,Towers with Radar,0,35,80,2,117,0,4,197,0,201,0,39,277,2,318,296,0,296,614
02/26/2020,FTW,TX,ASW,CE,Towers with Radar,0,27,68,13,108,0,3,60,4,67,0,30,128,17,175,114,62,176,351
02/27/2020,FTW,TX,ASW,CE,Towers with Radar,0,35,88,7,130,0,1,244,3,248,0,36,332,10,378,478,0,478,856
02/28/2020,FTW,TX,ASW,CE,Towers with Radar,0,32,84,10,126,0,15,241,0,256,0,47,325,10,382,642,0,642,1024
02/29/2020,FTW,TX,ASW,CE,Towers with Radar,0,13,38,19,70,0,8,168,7,183,0,21,206,26,253,201,4,205,458
03/01/2020,FTW,TX,ASW,CE,Towers with Radar,0,21,52,9,82,0,3,37,3,43,0,24,89,12,125,4,16,20,145
03/02/2020,FTW,TX,ASW,CE,Towers with Radar,0,8,77,5,90,0,3,128,1,132,0,11,205,6,222,638,0,638,860
03/03/2020,FTW,TX,ASW,CE,Towers with Radar,0,20,73,4,97,0,1,152,1,154,0,21,225,5,251,574,12,586,837
03/04/2020,FTW,TX,ASW,CE,Towers with Radar,0,20,59,0,79,0,2,9,0,11,0,22,68,0,90,28,0,28,118
03/05/2020,FTW,TX,ASW,CE,Towers with Radar,0,26,97,5,128,0,5,218,0,223,0,31,315,5,351,872,0,872,1223
03/06/2020,FTW,TX,ASW,CE,Towers with Radar,0,44,118,10,172,0,10,224,0,234,0,54,342,10,406,566,0,566,972
03/07/2020,FTW,TX,ASW,CE,Towers with Radar,0,35,60,26,121,0,3,130,2,135,0,38,190,28,256,274,0,274,530
03/08/2020,FTW,TX,ASW,CE,Towers with Radar,1,23,58,12,94,0,5,29,0,34,1,28,87,12,128,20,0,20,148
03/09/2020,FTW,TX,ASW,CE,Towers with Radar,1,15,70,0,86,0,7,36,0,43,1,22,106,0,129,168,0,168,297
03/10/2020,FTW,TX,ASW,CE,Towers with Radar,1,20,82,8,111,0,12,209,2,223,1,32,291,10,334,632,16,648,982
03/11/2020,FTW,TX,ASW,CE,Towers with Radar,3,32,65,4,104,0,6,146,3,155,3,38,211,7,259,340,0,340,599
03/12/2020,FTW,TX,ASW,CE,Towers with Radar,2,38,96,3,139,0,7,137,1,145,2,45,233,4,284,228,0,228,512
03/13/2020,FTW,TX,ASW,CE,Towers with Radar,6,26,43,3,78,0,0,0,0,0,6,26,43,3,78,0,0,0,78
03/14/2020,FTW,TX,ASW,CE,Towers with Radar,0,40,42,2,84,0,0,0,0,0,0,40,42,2,84,8,0,8,92
03/15/2020,FTW,TX,ASW,CE,Towers with Radar,0,45,66,1,112,0,0,4,0,4,0,45,70,1,116,0,0,0,116
03/16/2020,FTW,TX,ASW,CE,Towers with Radar,0,19,42,0,61,0,1,28,1,30,0,20,70,1,91,46,0,46,137
03/17/2020,FTW,TX,ASW,CE,Towers with Radar,0,16,44,0,60,0,1,2,1,4,0,17,46,1,64,8,0,8,72
03/18/2020,FTW,TX,ASW,CE,Towers with Radar,0,12,44,0,56,0,2,32,1,35,0,14,76,1,91,154,0,154,245
03/19/2020,FTW,TX,ASW,CE,Towers with Radar,0,8,29,1,38,0,4,33,2,39,0,12,62,3,77,64,0,64,141
03/20/2020,FTW,TX,ASW,CE,Towers with Radar,0,17,32,2,51,0,8,25,0,33,0,25,57,2,84,124,0,124,208
03/21/2020,FTW,TX,ASW,CE,Towers with Radar,1,9,23,6,39,0,2,31,0,33,1,11,54,6,72,44,0,44,116
03/22/2020,FTW,TX,ASW,CE,Towers with Radar,0,7,31,2,40,0,0,3,0,3,0,7,34,2,43,0,0,0,43
03/23/2020,FTW,TX,ASW,CE,Towers with Radar,0,8,30,2,40,0,1,3,0,4,0,9,33,2,44,0,0,0,44
03/24/2020,FTW,TX,ASW,CE,Towers with Radar,0,9,17,2,28,0,2,75,3,80,0,11,92,5,108,98,16,114,222
03/25/2020,FTW,TX,ASW,CE,Towers with Radar,1,11,11,0,23,0,15,47,0,62,1,26,58,0,85,98,0,98,183
03/26/2020,FTW,TX,ASW,CE,Towers with Radar,0,6,40,2,48,0,0,72,0,72,0,6,112,2,120,66,0,66,186
03/27/2020,FTW,TX,ASW,CE,Towers with Radar,0,14,28,4,46,0,6,30,7,43,0,20,58,11,89,50,0,50,139
03/28/2020,FTW,TX,ASW,CE,Towers with Radar,0,3,11,2,16,0,0,45,4,49,0,3,56,6,65,42,0,42,107
03/29/2020,FTW,TX,ASW,CE,Towers with Radar,0,5,16,1,22,0,1,55,0,56,0,6,71,1,78,58,0,58,136
03/30/2020,FTW,TX,ASW,CE,Towers with Radar,1,5,23,8,37,0,5,7,0,12,1,10,30,8,49,6,0,6,55
03/31/2020,FTW,TX,ASW,CE,Towers with Radar,0,4,32,4,40,0,3,58,0,61,0,7,90,4,101,210,0,210,311
04/01/2020,FTW,TX,ASW,CE,Towers with Radar,0,9,25,0,34,0,5,80,1,86,0,14,105,1,120,178,0,178,298
04/02/2020,FTW,TX,ASW,CE,Towers with Radar,0,1,14,0,15,0,2,30,0,32,0,3,44,0,47,126,0,126,173
04/03/2020,FTW,TX,ASW,CE,Towers with Radar,0,5,14,0,19,0,0,4,0,4,0,5,18,0,23,0,0,0,23
04/04/2020,FTW,TX,ASW,CE,Towers with Radar,0,3,12,0,15,0,0,8,0,8,0,3,20,0,23,0,0,0,23
04/05/2020,FTW,TX,ASW,CE,Towers with Radar,0,1,20,0,21,0,1,7,0,8,0,2,27,0,29,32,0,32,61
04/06/2020,FTW,TX,ASW,CE,Towers with Radar,0,5,27,0,32,0,0,34,0,34,0,5,61,0,66,162,0,162,228
04/07/2020,FTW,TX,ASW,CE,Towers with Radar,0,1,36,6,43,0,5,122,0,127,0,6,158,6,170,308,0,308,478
04/08/2020,FTW,TX,ASW,CE,Towers with Radar,0,9,28,0,37,0,4,121,0,125,0,13,149,0,162,314,0,314,476
04/09/2020,FTW,TX,ASW,CE,Towers with Radar,0,13,28,0,41,0,0,105,0,105,0,13,133,0,146,414,0,414,560
04/10/2020,FTW,TX,ASW,CE,Towers with Radar,0,10,40,0,50,0,2,130,0,132,0,12,170,0,182,476,0,476,658
04/11/2020,FTW,TX,ASW,CE,Towers with Radar,0,2,15,0,17,0,2,7,0,9,0,4,22,0,26,20,0,20,46
04/12/2020,FTW,TX,ASW,CE,Towers with Radar,0,9,7,0,16,0,5,20,0,25,0,14,27,0,41,26,0,26,67
04/13/2020,FTW,TX,ASW,CE,Towers with Radar,0,3,31,0,34,0,5,107,0,112,0,8,138,0,146,222,0,222,368
04/14/2020,FTW,TX,ASW,CE,Towers with Radar,0,4,26,0,30,0,7,73,0,80,0,11,99,0,110,302,0,302,412
04/15/2020,FTW,TX,ASW,CE,Towers with Radar,0,10,27,4,41,0,0,167,1,168,0,10,194,5,209,374,10,384,593
04/16/2020,FTW,TX,ASW,CE,Towers with Radar,0,2,48,0,50,0,4,138,0,142,0,6,186,0,192,306,0,306,498
04/17/2020,FTW,TX,ASW,CE,Towers with Radar,0,9,32,0,41,0,3,22,0,25,0,12,54,0,66,78,0,78,144
04/18/2020,FTW,TX,ASW,CE,Towers with Radar,0,2,10,0,12,0,5,73,0,78,0,7,83,0,90,264,0,264,354
04/19/2020,FTW,TX,ASW,CE,Towers with Radar,0,8,16,0,24,0,1,32,0,33,0,9,48,0,57,14,0,14,71
04/20/2020,FTW,TX,ASW,CE,Towers with Radar,0,4,42,0,46,0,2,75,0,77,0,6,117,0,123,286,0,286,409
04/21/2020,FTW,TX,ASW,CE,Towers with Radar,0,3,45,0,48,0,0,107,2,109,0,3,152,2,157,298,4,302,459
04/22/2020,FTW,TX,ASW,CE,Towers with Radar,0,4,8,1,13,0,3,5,0,8,0,7,13,1,21,6,0,6,27
04/23/2020,FTW,TX,ASW,CE,Towers with Radar,0,2,40,0,42,0,7,174,0,181,0,9,214,0,223,452,0,452,675
04/24/2020,FTW,TX,ASW,CE,Towers with Radar,0,8,30,2,40,0,3,92,1,96,0,11,122,3,136,96,0,96,232
04/25/2020,FTW,TX,ASW,CE,Towers with Radar,0,10,13,0,23,0,6,79,0,85,0,16,92,0,108,178,0,178,286
04/26/2020,FTW,TX,ASW,CE,Towers with Radar,0,12,22,0,34,0,8,82,0,90,0,20,104,0,124,140,0,140,264
04/27/2020,FTW,TX,ASW,CE,Towers with Radar,0,10,33,1,44,0,13,51,1,65,0,23,84,2,109,42,0,42,151
04/28/2020,FTW,TX,ASW,CE,Towers with Radar,0,0,24,1,25,0,6,45,1,52,0,6,69,2,77,86,0,86,163
04/29/2020,FTW,TX,ASW,CE,Towers with Radar,0,3,40,2,45,0,6,72,2,80,0,9,112,4,125,46,0,46,171
04/30/2020,FTW,TX,ASW,CE,Towers with Radar,0,14,39,0,53,0,1,219,3,223,0,15,258,3,276,332,10,342,618
05/01/2020,FTW,TX,ASW,CE,Towers with Radar,0,14,31,1,46,0,3,69,0,72,0,17,100,1,118,112,0,112,230
05/02/2020,FTW,TX,ASW,CE,Towers with Radar,0,8,21,0,29,0,1,40,0,41,0,9,61,0,70,5,0,5,75
05/03/2020,FTW,TX,ASW,CE,Towers with Radar,0,9,31,0,40,0,0,72,0,72,0,9,103,0,112,26,0,26,138
05/04/2020,FTW,TX,ASW,CE,Towers with Radar,0,5,35,0,40,0,13,80,0,93,0,18,115,0,133,138,0,138,271
05/05/2020,FTW,TX,ASW,CE,Towers with Radar,0,9,42,0,51,0,4,98,0,102,0,13,140,0,153,184,0,184,337
05/06/2020,FTW,TX,ASW,CE,Towers with Radar,0,4,54,3,61,0,15,170,1,186,0,19,224,4,247,530,0,530,777
05/07/2020,FTW,TX,ASW,CE,Towers with Radar,0,11,47,0,58,0,5,77,0,82,0,16,124,0,140,252,0,252,392
05/08/2020,FTW,TX,ASW,CE,Towers with Radar,0,14,39,0,53,0,1,27,0,28,0,15,66,0,81,42,0,42,123
05/09/2020,FTW,TX,ASW,CE,Towers with Radar,0,7,27,0,34,0,7,173,0,180,0,14,200,0,214,298,0,298,512
05/10/2020,FTW,TX,ASW,CE,Towers with Radar,0,10,25,0,35,0,3,113,0,116,0,13,138,0,151,126,0,126,277
05/11/2020,FTW,TX,ASW,CE,Towers with Radar,0,9,41,4,54,0,0,145,0,145,0,9,186,4,199,140,0,140,339
05/12/2020,FTW,TX,ASW,CE,Towers with Radar,0,10,20,0,30,0,2,26,0,28,0,12,46,0,58,76,0,76,134
05/13/2020,FTW,TX,ASW,CE,Towers with Radar,0,12,43,0,55,0,0,48,0,48,0,12,91,0,103,118,0,118,221
05/14/2020,FTW,TX,ASW,CE,Towers with Radar,0,13,73,1,87,0,2,103,0,105,0,15,176,1,192,164,0,164,356
05/15/2020,FTW,TX,ASW,CE,Towers with Radar,0,10,50,1,61,0,5,53,0,58,0,15,103,1,119,152,0,152,271
05/16/2020,FTW,TX,ASW,CE,Towers with Radar,0,10,20,0,30,0,1,1,0,2,0,11,21,0,32,0,0,0,32
05/17/2020,FTW,TX,ASW,CE,Towers with Radar,0,17,36,0,53,0,4,87,0,91,0,21,123,0,144,96,0,96,240
05/18/2020,FTW,TX,ASW,CE,Towers with Radar,0,14,44,0,58,0,8,220,0,228,0,22,264,0,286,344,0,344,630
05/19/2020,FTW,TX,ASW,CE,Towers with Radar,0,10,62,0,72,0,12,186,0,198,0,22,248,0,270,384,0,384,654
05/20/2020,FTW,TX,ASW,CE,Towers with Radar,0,11,69,0,80,0,1,48,0,49,0,12,117,0,129,248,0,248,377
05/21/2020,FTW,TX,ASW,CE,Towers with Radar,0,18,83,0,101,0,1,47,0,48,0,19,130,0,149,102,0,102,251
05/22/2020,FTW,TX,ASW,CE,Towers with Radar,0,15,58,1,74,0,0,64,1,65,0,15,122,2,139,212,0,212,351
05/23/2020,FTW,TX,ASW,CE,Towers with Radar,0,11,31,2,44,0,2,54,2,58,0,13,85,4,102,92,0,92,194
05/24/2020,FTW,TX,ASW,CE,Towers with Radar,0,23,14,3,40,0,2,16,1,19,0,25,30,4,59,48,0,48,107
05/25/2020,FTW,TX,ASW,CE,Towers with Radar,0,14,32,0,46,0,2,13,0,15,0,16,45,0,61,24,0,24,85
05/26/2020,FTW,TX,ASW,CE,Towers with Radar,0,6,67,2,75,0,2,70,0,72,0,8,137,2,147,178,0,178,325
05/27/2020,FTW,TX,ASW,CE,Towers with Radar,0,15,45,0,60,0,0,140,0,140,0,15,185,0,200,394,0,394,594
05/28/2020,FTW,TX,ASW,CE,Towers with Radar,0,28,74,0,102,0,4,181,0,185,0,32,255,0,287,346,0,346,633
05/29/2020,FTW,TX,ASW,CE,Towers with Radar,0,13,99,1,113,0,2,180,1,183,0,15,279,2,296,236,0,236,532
05/30/2020,FTW,TX,ASW,CE,Towers with Radar,0,15,36,3,54,0,1,196,0,197,0,16,232,3,251,298,2,300,551
05/31/2020,FTW,TX,ASW,CE,Towers with Radar,0,6,55,1,62,0,6,97,0,103,0,12,152,1,165,150,0,150,315
06/01/2020,FTW,TX,ASW,CE,Towers with Radar,0,8,62,3,73,0,3,176,1,180,0,11,238,4,253,343,0,343,596
06/02/2020,FTW,TX,ASW,CE,Towers with Radar,0,15,55,3,73,0,1,129,0,130,0,16,184,3,203,340,0,340,543
06/03/2020,FTW,TX,ASW,CE,Towers with Radar,0,7,61,0,68,0,8,152,0,160,0,15,213,0,228,300,0,300,528
06/04/2020,FTW,TX,ASW,CE,Towers with Radar,0,11,67,2,80,0,3,129,0,132,0,14,196,2,212,220,0,220,432
06/05/2020,FTW,TX,ASW,CE,Towers with Radar,0,22,75,0,97,0,8,137,0,145,0,30,212,0,242,328,0,328,570
06/06/2020,FTW,TX,ASW,CE,Towers with Radar,0,16,28,0,44,0,4,90,0,94,0,20,118,0,138,140,0,140,278
06/07/2020,FTW,TX,ASW,CE,Towers with Radar,0,17,40,0,57,0,5,65,0,70,0,22,105,0,127,50,0,50,177
06/08/2020,FTW,TX,ASW,CE,Towers with Radar,0,44,63,2,109,0,0,128,0,128,0,44,191,2,237,300,0,300,537
06/09/2020,FTW,TX,ASW,CE,Towers with Radar,0,18,76,1,95,0,0,61,0,61,0,18,137,1,156,44,0,44,200
06/10/2020,FTW,TX,ASW,CE,Towers with Radar,0,16,89,1,106,0,5,110,0,115,0,21,199,1,221,168,0,168,389
06/11/2020,FTW,TX,ASW,CE,Towers with Radar,0,32,98,0,130,0,2,120,2,124,0,34,218,2,254,198,0,198,452
06/12/2020,FTW,TX,ASW,CE,Towers with Radar,0,40,67,0,107,0,1,147,0,148,0,41,214,0,255,444,0,444,699
06/13/2020,FTW,TX,ASW,CE,Towers with Radar,0,27,54,0,81,0,3,121,0,124,0,30,175,0,205,218,0,218,423
06/14/2020,FTW,TX,ASW,CE,Towers with Radar,0,37,73,0,110,0,2,99,1,102,0,39,172,1,212,76,0,76,288
06/15/2020,FTW,TX,ASW,CE,Towers with Radar,4,32,75,0,111,0,2,186,1,189,4,34,261,1,300,400,0,400,700
06/16/2020,FTW,TX,ASW,CE,Towers with Radar,0,25,58,1,84,0,4,132,0,136,0,29,190,1,220,292,0,292,512
06/17/2020,FTW,TX,ASW,CE,Towers with Radar,0,14,70,0,84,0,3,148,0,151,0,17,218,0,235,232,0,232,467
06/18/2020,FTW,TX,ASW,CE,Towers with Radar,1,33,82,0,116,0,2,153,0,155,1,35,235,0,271,178,0,178,449
06/19/2020,FTW,TX,ASW,CE,Towers with Radar,0,20,67,0,87,0,2,64,0,66,0,22,131,0,153,394,0,394,547
06/20/2020,FTW,TX,ASW,CE,Towers with Radar,0,12,52,0,64,0,3,79,0,82,0,15,131,0,146,212,0,212,358
06/21/2020,FTW,TX,ASW,CE,Towers with Radar,0,14,47,0,61,0,2,30,0,32,0,16,77,0,93,22,0,22,115
06/22/2020,FTW,TX,ASW,CE,Towers with Radar,0,21,61,1,83,0,7,89,1,97,0,28,150,2,180,124,0,124,304
06/23/2020,FTW,TX,ASW,CE,Towers with Radar,0,18,50,0,68,0,0,16,0,16,0,18,66,0,84,54,0,54,138
06/24/2020,FTW,TX,ASW,CE,Towers with Radar,0,26,77,0,103,0,4,151,0,155,0,30,228,0,258,172,0,172,430
06/25/2020,FTW,TX,ASW,CE,Towers with Radar,0,25,63,0,88,0,3,105,0,108,0,28,168,0,196,352,0,352,548
06/26/2020,FTW,TX,ASW,CE,Towers with Radar,0,18,69,0,87,0,0,76,0,76,0,18,145,0,163,158,0,158,321
06/27/2020,FTW,TX,ASW,CE,Towers with Radar,0,29,49,0,78,0,8,54,0,62,0,37,103,0,140,116,0,116,256
06/28/2020,FTW,TX,ASW,CE,Towers with Radar,0,24,67,0,91,0,5,29,1,35,0,29,96,1,126,22,0,22,148
06/29/2020,FTW,TX,ASW,CE,Towers with Radar,0,12,43,0,55,0,1,49,0,50,0,13,92,0,105,52,0,52,157
06/30/2020,FTW,TX,ASW,CE,Towers with Radar,0,20,47,0,67,0,7,60,0,67,0,27,107,0,134,84,0,84,218
07/01/2020,FTW,TX,ASW,CE,Towers with Radar,0,13,77,0,90,0,2,94,0,96,0,15,171,0,186,166,0,166,352
07/02/2020,FTW,TX,ASW,CE,Towers with Radar,0,22,81,0,103,0,1,107,0,108,0,23,188,0,211,328,0,328,539
07/03/2020,FTW,TX,ASW,CE,Towers with Radar,0,11,57,2,70,0,6,88,0,94,0,17,145,2,164,166,0,166,330
07/04/2020,FTW,TX,ASW,CE,Towers with Radar,1,11,6,0,18,0,1,54,1,56,1,12,60,1,74,48,0,48,122
07/05/2020,FTW,TX,ASW,CE,Towers with Radar,3,21,64,0,88,0,4,39,0,43,3,25,103,0,131,18,0,18,149
07/06/2020,FTW,TX,ASW,CE,Towers with Radar,1,17,34,0,52,0,3,45,0,48,1,20,79,0,100,60,0,60,160
07/07/2020,FTW,TX,ASW,CE,Towers with Radar,0,14,50,0,64,0,10,59,0,69,0,24,109,0,133,140,0,140,273
07/08/2020,FTW,TX,ASW,CE,Towers with Radar,0,28,71,0,99,0,4,146,0,150,0,32,217,0,249,332,0,332,581
07/09/2020,FTW,TX,ASW,CE,Towers with Radar,0,10,75,0,85,0,4,112,2,118,0,14,187,2,203,140,0,140,343
07/10/2020,FTW,TX,ASW,CE,Towers with Radar,0,17,45,0,62,0,3,164,2,169,0,20,209,2,231,256,0,256,487
07/11/2020,FTW,TX,ASW,CE,Towers with Radar,0,9,30,0,39,0,0,89,0,89,0,9,119,0,128,70,0,70,198
07/12/2020,FTW,TX,ASW,CE,Towers with Radar,0,10,50,1,61,0,6,58,0,64,0,16,108,1,125,40,0,40,165
07/13/2020,FTW,TX,ASW,CE,Towers with Radar,0,15,49,0,64,0,1,170,0,171,0,16,219,0,235,246,0,246,481
07/14/2020,FTW,TX,ASW,CE,Towers with Radar,0,25,72,2,99,0,3,127,3,133,0,28,199,5,232,360,0,360,592
07/15/2020,FTW,TX,ASW,CE,Towers with Radar,0,24,71,1,96,0,5,106,0,111,0,29,177,1,207,262,0,262,469
07/16/2020,FTW,TX,ASW,CE,Towers with Radar,0,17,66,2,85,0,1,104,4,109,0,18,170,6,194,212,0,212,406
07/17/2020,FTW,TX,ASW,CE,Towers with Radar,0,19,67,0,86,0,3,131,2,136,0,22,198,2,222,248,0,248,470
07/18/2020,FTW,TX,ASW,CE,Towers with Radar,0,19,32,0,51,0,6,97,0,103,0,25,129,0,154,116,0,116,270
07/19/2020,FTW,TX,ASW,CE,Towers with Radar,0,9,41,2,52,0,3,55,0,58,0,12,96,2,110,45,0,45,155
07/20/2020,FTW,TX,ASW,CE,Towers with Radar,0,16,51,0,67,0,3,93,0,96,0,19,144,0,163,248,0,248,411
07/21/2020,FTW,TX,ASW,CE,Towers with Radar,0,10,52,0,62,0,7,41,0,48,0,17,93,0,110,258,0,258,368
07/22/2020,FTW,TX,ASW,CE,Towers with Radar,0,18,68,0,86,0,4,64,0,68,0,22,132,0,154,266,0,266,420
07/23/2020,FTW,TX,ASW,CE,Towers with Radar,0,18,77,4,99,0,2,115,0,117,0,20,192,4,216,264,0,264,480
07/24/2020,FTW,TX,ASW,CE,Towers with Radar,0,24,62,3,89,0,6,99,0,105,0,30,161,3,194,250,0,250,444
07/25/2020,FTW,TX,ASW,CE,Towers with Radar,0,13,47,11,71,0,8,67,1,76,0,21,114,12,147,142,2,144,291
07/26/2020,FTW,TX,ASW,CE,Towers with Radar,0,24,68,4,96,0,3,48,0,51,0,27,116,4,147,74,0,74,221
07/27/2020,FTW,TX,ASW,CE,Towers with Radar,0,11,44,6,61,0,1,88,1,90,0,12,132,7,151,244,10,254,405
07/28/2020,FTW,TX,ASW,CE,Towers with Radar,0,16,49,0,65,0,0,58,0,58,0,16,107,0,123,312,0,312,435
07/29/2020,FTW,TX,ASW,CE,Towers with Radar,0,23,55,0,78,0,2,193,0,195,0,25,248,0,273,184,0,184,457
07/30/2020,FTW,TX,ASW,CE,Towers with Radar,0,22,79,2,103,0,7,136,0,143,0,29,215,2,246,140,0,140,386
07/31/2020,FTW,TX,ASW,CE,Towers with Radar,0,27,81,0,108,0,0,158,0,158,0,27,239,0,266,266,0,266,532
08/01/2020,FTW,TX,ASW,CE,Towers with Radar,0,31,48,0,79,0,1,145,0,146,0,32,193,0,225,150,0,150,375
08/02/2020,FTW,TX,ASW,CE,Towers with Radar,1,21,59,0,81,0,3,62,1,66,1,24,121,1,147,32,0,32,179
08/03/2020,FTW,TX,ASW,CE,Towers with Radar,0,18,60,4,82,0,3,133,1,137,0,21,193,5,219,188,0,188,407
08/04/2020,FTW,TX,ASW,CE,Towers with Radar,0,21,69,2,92,0,2,137,0,139,0,23,206,2,231,228,0,228,459
08/05/2020,FTW,TX,ASW,CE,Towers with Radar,0,19,57,2,78,0,2,126,4,132,0,21,183,6,210,322,0,322,532
08/06/2020,FTW,TX,ASW,CE,Towers with Radar,0,28,92,0,120,0,4,135,1,140,0,32,227,1,260,260,0,260,520
08/07/2020,FTW,TX,ASW,CE,Towers with Radar,0,24,73,2,99,0,5,129,0,134,0,29,202,2,233,160,0,160,393
08/08/2020,FTW,TX,ASW,CE,Towers with Radar,0,22,34,2,58,0,4,104,2,110,0,26,138,4,168,62,0,62,230
08/09/2020,FTW,TX,ASW,CE,Towers with Radar,0,20,63,0,83,0,0,99,0,99,0,20,162,0,182,27,0,27,209
08/10/2020,FTW,TX,ASW,CE,Towers with Radar,0,19,42,0,61,0,6,134,0,140,0,25,176,0,201,176,0,176,377
08/11/2020,FTW,TX,ASW,CE,Towers with Radar,0,22,75,0,97,0,4,120,0,124,0,26,195,0,221,178,0,178,399
08/12/2020,FTW,TX,ASW,CE,Towers with Radar,0,25,91,0,116,0,6,143,0,149,0,31,234,0,265,120,0,120,385
08/13/2020,FTW,TX,ASW,CE,Towers with Radar,0,36,93,0,129,0,6,136,0,142,0,42,229,0,271,224,0,224,495
08/14/2020,FTW,TX,ASW,CE,Towers with Radar,0,14,83,0,97,0,5,124,1,130,0,19,207,1,227,228,0,228,455
08/15/2020,FTW,TX,ASW,CE,Towers with Radar,0,19,45,0,64,0,5,145,0,150,0,24,190,0,214,124,0,124,338
08/16/2020,FTW,TX,ASW,CE,Towers with Radar,0,26,61,2,89,0,3,45,0,48,0,29,106,2,137,40,0,40,177
08/17/2020,FTW,TX,ASW,CE,Towers with Radar,0,22,43,0,65,0,1,115,0,116,0,23,158,0,181,288,0,288,469
08/18/2020,FTW,TX,ASW,CE,Towers with Radar,0,22,90,0,112,0,2,156,0,158,0,24,246,0,270,316,0,316,586
08/19/2020,FTW,TX,ASW,CE,Towers with Radar,0,13,60,0,73,0,7,148,0,155,0,20,208,0,228,166,0,166,394
08/20/2020,FTW,TX,ASW,CE,Towers with Radar,0,25,75,0,100,0,4,144,0,148,0,29,219,0,248,78,0,78,326
08/21/2020,FTW,TX,ASW,CE,Towers with Radar,0,16,66,3,85,0,0,146,0,146,0,16,212,3,231,184,0,184,415
08/22/2020,FTW,TX,ASW,CE,Towers with Radar,0,24,47,4,75,0,5,89,2,96,0,29,136,6,171,112,10,122,293
08/23/2020,FTW,TX,ASW,CE,Towers with Radar,0,17,43,1,61,0,3,55,0,58,0,20,98,1,119,34,0,34,153
08/24/2020,FTW,TX,ASW,CE,Towers with Radar,0,18,54,2,74,0,6,132,0,138,0,24,186,2,212,228,0,228,440
08/25/2020,FTW,TX,ASW,CE,Towers with Radar,0,10,47,0,57,0,5,116,0,121,0,15,163,0,178,222,0,222,400
08/26/2020,FTW,TX,ASW,CE,Towers with Radar,0,14,62,1,77,0,4,98,0,102,0,18,160,1,179,180,0,180,359
08/27/2020,FTW,TX,ASW,CE,Towers with Radar,0,23,62,0,85,0,4,110,0,114,0,27,172,0,199,196,0,196,395
08/28/2020,FTW,TX,ASW,CE,Towers with Radar,0,17,81,6,104,0,0,155,0,155,0,17,236,6,259,202,8,210,469
08/29/2020,FTW,TX,ASW,CE,Towers with Radar,0,20,43,5,68,0,6,88,0,94,0,26,131,5,162,51,0,51,213
08/30/2020,FTW,TX,ASW,CE,Towers with Radar,0,29,52,3,84,0,3,41,0,44,0,32,93,3,128,2,0,2,130
08/31/2020,FTW,TX,ASW,CE,Towers with Radar,0,17,57,0,74,0,4,115,0,119,0,21,172,0,193,228,0,228,421
09/01/2020,FTW,TX,ASW,CE,Towers with Radar,0,8,43,0,51,0,1,20,0,21,0,9,63,0,72,50,0,50,122
09/02/2020,FTW,TX,ASW,CE,Towers with Radar,0,21,48,0,69,0,10,34,0,44,0,31,82,0,113,182,0,182,295
09/03/2020,FTW,TX,ASW,CE,Towers with Radar,0,29,76,0,105,0,2,59,0,61,0,31,135,0,166,208,0,208,374
09/04/2020,FTW,TX,ASW,CE,Towers with Radar,0,30,94,1,125,0,4,53,0,57,0,34,147,1,182,120,0,120,302
09/05/2020,FTW,TX,ASW,CE,Towers with Radar,0,6,37,0,43,0,5,124,0,129,0,11,161,0,172,66,0,66,238
09/06/2020,FTW,TX,ASW,CE,Towers with Radar,0,15,36,0,51,0,8,30,0,38,0,23,66,0,89,8,0,8,97
09/07/2020,FTW,TX,ASW,CE,Towers with Radar,0,19,65,0,84,0,6,93,0,99,0,25,158,0,183,120,0,120,303
09/08/2020,FTW,TX,ASW,CE,Towers with Radar,1,26,56,2,85,0,3,129,2,134,1,29,185,4,219,280,2,282,501
09/09/2020,FTW,TX,ASW,CE,Towers with Radar,0,16,57,1,74,0,1,4,0,5,0,17,61,1,79,74,0,74,153
09/10/2020,FTW,TX,ASW,CE,Towers with Radar,0,17,81,0,98,0,0,13,0,13,0,17,94,0,111,182,0,182,293
09/11/2020,FTW,TX,ASW,CE,Towers with Radar,0,22,127,2,151,0,2,106,0,108,0,24,233,2,259,478,0,478,737
09/12/2020,FTW,TX,ASW,CE,Towers with Radar,0,13,55,7,75,0,1,123,4,128,0,14,178,11,203,220,0,220,423
09/13/2020,FTW,TX,ASW,CE,Towers with Radar,1,17,65,14,97,0,8,74,4,86,1,25,139,18,183,60,0,60,243
09/14/2020,FTW,TX,ASW,CE,Towers with Radar,1,13,80,5,99,0,5,97,0,102,1,18,177,5,201,152,4,156,357
09/15/2020,FTW,TX,ASW,CE,Towers with Radar,0,21,90,1,112,0,1,78,0,79,0,22,168,1,191,192,0,192,383
09/16/2020,FTW,TX,ASW,CE,Towers with Radar,0,15,66,7,88,0,2,79,0,81,0,17,145,7,169,170,0,170,339
09/17/2020,FTW,TX,ASW,CE,Towers with Radar,0,23,85,0,108,0,5,154,0,159,0,28,239,0,267,318,0,318,585
09/18/2020,FTW,TX,ASW,CE,Towers with Radar,1,26,96,2,125,0,5,178,3,186,1,31,274,5,311,232,0,232,543
09/19/2020,FTW,TX,ASW,CE,Towers with Radar,0,11,65,6,82,0,4,158,5,167,0,15,223,11,249,212,28,240,489
09/20/2020,FTW,TX,ASW,CE,Towers with Radar,0,19,75,1,95,0,3,71,3,77,0,22,146,4,172,22,0,22,194
09/21/2020,FTW,TX,ASW,CE,Towers with Radar,0,24,72,0,96,0,0,56,0,56,0,24,128,0,152,102,0,102,254
09/22/2020,FTW,TX,ASW,CE,Towers with Radar,0,11,63,0,74,0,0,1,0,1,0,11,64,0,75,36,0,36,111
09/23/2020,FTW,TX,ASW,CE,Towers with Radar,0,27,85,0,112,0,7,37,0,44,0,34,122,0,156,180,0,180,336
09/24/2020,FTW,TX,ASW,CE,Towers with Radar,0,45,123,0,168,0,2,113,0,115,0,47,236,0,283,264,0,264,547
09/25/2020,FTW,TX,ASW,CE,Towers with Radar,1,34,102,9,146,0,2,145,0,147,1,36,247,9,293,306,0,306,599
09/26/2020,FTW,TX,ASW,CE,Towers with Radar,1,18,79,22,120,0,5,99,2,106,1,23,178,24,226,146,58,204,430
09/27/2020,FTW,TX,ASW,CE,Towers with Radar,0,15,81,6,102,0,11,44,4,59,0,26,125,10,161,32,0,32,193
09/28/2020,FTW,TX,ASW,CE,Towers with Radar,0,21,69,1,91,0,7,101,0,108,0,28,170,1,199,86,0,86,285
09/29/2020,FTW,TX,ASW,CE,Towers with Radar,2,17,92,2,113,0,8,129,2,139,2,25,221,4,252,262,0,262,514
09/30/2020,FTW,TX,ASW,CE,Towers with Radar,0,21,87,0,108,0,5,177,0,182,0,26,264,0,290,362,0,362,652
10/01/2020,FTW,TX,ASW,CE,Towers with Radar,0,26,89,0,115,0,0,108,0,108,0,26,197,0,223,324,0,324,547
10/02/2020,FTW,TX,ASW,CE,Towers with Radar,0,18,73,4,95,0,5,175,1,181,0,23,248,5,276,274,0,274,550
10/03/2020,FTW,TX,ASW,CE,Towers with Radar,0,11,53,6,70,0,5,120,1,126,0,16,173,7,196,86,6,92,288
10/04/2020,FTW,TX,ASW,CE,Towers with Radar,0,14,50,3,67,0,7,65,0,72,0,21,115,3,139,34,0,34,173
10/05/2020,FTW,TX,ASW,CE,Towers with Radar,0,16,75,0,91,0,4,105,0,109,0,20,180,0,200,130,0,130,330
10/06/2020,FTW,TX,ASW,CE,Towers with Radar,0,19,83,0,102,0,6,144,0,150,0,25,227,0,252,292,0,292,544
10/07/2020,FTW,TX,ASW,CE,Towers with Radar,0,20,77,4,101,0,6,154,3,163,0,26,231,7,264,276,0,276,540
10/08/2020,FTW,TX,ASW,CE,Towers with Radar,0,23,88,5,116,0,7,129,0,136,0,30,217,5,252,281,0,281,533
10/09/2020,FTW,TX,ASW,CE,Towers with Radar,2,29,89,2,122,0,5,77,0,82,2,34,166,2,204,282,0,282,486
10/10/2020,FTW,TX,ASW,CE,Towers with Radar,2,23,59,8,92,0,1,82,0,83,2,24,141,8,175,94,0,94,269
10/11/2020,FTW,TX,ASW,CE,Towers with Radar,0,16,73,0,89,0,1,71,0,72,0,17,144,0,161,78,0,78,239
10/12/2020,FTW,TX,ASW,CE,Towers with Radar,0,21,69,0,90,0,6,108,0,114,0,27,177,0,204,160,0,160,364
10/13/2020,FTW,TX,ASW,CE,Towers with Radar,0,19,79,0,98,0,1,171,0,172,0,20,250,0,270,436,0,436,706
10/14/2020,FTW,TX,ASW,CE,Towers with Radar,1,24,77,13,115,0,13,130,1,144,1,37,207,14,259,136,8,144,403
10/15/2020,FTW,TX,ASW,CE,Towers with Radar,0,31,70,1,102,0,4,54,0,58,0,35,124,1,160,142,0,142,302
10/16/2020,FTW,TX,ASW,CE,Towers with Radar,0,21,70,2,93,0,4,154,2,160,0,25,224,4,253,277,0,277,530
10/17/2020,FTW,TX,ASW,CE,Towers with Radar,0,25,47,0,72,0,8,77,2,87,0,33,124,2,159,76,0,76,235
10/18/2020,FTW,TX,ASW,CE,Towers with Radar,0,31,77,5,113,0,7,50,5,62,0,38,127,10,175,26,38,64,239
10/19/2020,FTW,TX,ASW,CE,Towers with Radar,0,21,68,8,97,0,0,37,3,40,0,21,105,11,137,194,0,194,331
10/20/2020,FTW,TX,ASW,CE,Towers with Radar,0,20,67,8,95,0,5,91,0,96,0,25,158,8,191,146,0,146,337
10/21/2020,FTW,TX,ASW,CE,Towers with Radar,0,25,109,0,134,0,2,109,0,111,0,27,218,0,245,366,0,366,611
10/22/2020,FTW,TX,ASW,CE,Towers with Radar,2,35,96,0,133,0,3,89,0,92,2,38,185,0,225,218,0,218,443
10/23/2020,FTW,TX,ASW,CE,Towers with Radar,0,19,80,8,107,0,8,21,0,29,0,27,101,8,136,62,0,62,198
10/24/2020,FTW,TX,ASW,CE,Towers with Radar,0,10,58,29,97,0,6,124,2,132,0,16,182,31,229,232,20,252,481
10/25/2020,FTW,TX,ASW,CE,Towers with Radar,0,26,94,15,135,0,2,6,0,8,0,28,100,15,143,0,0,0,143
10/26/2020,FTW,TX,ASW,CE,Towers with Radar,0,18,36,0,54,0,0,0,0,0,0,18,36,0,54,0,0,0,54
10/27/2020,FTW,TX,ASW,CE,Towers with Radar,0,21,32,0,53,0,0,0,0,0,0,21,32,0,53,0,0,0,53
10/28/2020,FTW,TX,ASW,CE,Towers with Radar,1,9,56,0,66,0,1,16,0,17,1,10,72,0,83,80,0,80,163
10/29/2020,FTW,TX,ASW,CE,Towers with Radar,0,16,81,2,99,0,5,43,0,48,0,21,124,2,147,92,0,92,239
10/30/2020,FTW,TX,ASW,CE,Towers with Radar,0,40,100,0,140,0,10,252,0,262,0,50,352,0,402,278,0,278,680
10/31/2020,FTW,TX,ASW,CE,Towers with Radar,0,9,28,8,45,0,6,144,1,151,0,15,172,9,196,182,0,182,378
11/01/2020,FTW,TX,ASW,CE,Towers with Radar,0,15,47,4,66,0,6,71,2,79,0,21,118,6,145,70,0,70,215
11/02/2020,FTW,TX,ASW,CE,Towers with Radar,0,15,51,1,67,0,2,147,0,149,0,17,198,1,216,342,0,342,558
11/03/2020,FTW,TX,ASW,CE,Towers with Radar,0,7,66,2,75,0,4,195,1,200,0,11,261,3,275,202,36,238,513
11/04/2020,FTW,TX,ASW,CE,Towers with Radar,1,18,73,4,96,0,6,137,0,143,1,24,210,4,239,166,4,170,409
11/05/2020,FTW,TX,ASW,CE,Towers with Radar,0,18,68,0,86,0,5,132,0,137,0,23,200,0,223,332,0,332,555
11/06/2020,FTW,TX,ASW,CE,Towers with Radar,0,26,73,11,110,0,3,95,2,100,0,29,168,13,210,167,20,187,397
11/07/2020,FTW,TX,ASW,CE,Towers with Radar,2,14,60,40,116,0,1,101,5,107,2,15,161,45,223,178,8,186,409
11/08/2020,FTW,TX,ASW,CE,Towers with Radar,0,15,66,9,90,0,1,22,1,24,0,16,88,10,114,30,0,30,144
11/09/2020,FTW,TX,ASW,CE,Towers with Radar,0,17,73,0,90,0,3,71,0,74,0,20,144,0,164,112,0,112,276
11/10/2020,FTW,TX,ASW,CE,Towers with Radar,0,17,72,0,89,0,2,139,0,141,0,19,211,0,230,420,0,420,650
11/11/2020,FTW,TX,ASW,CE,Towers with Radar,0,14,61,1,76,0,4,182,1,187,0,18,243,2,263,296,0,296,559
11/12/2020,FTW,TX,ASW,CE,Towers with Radar,0,36,63,0,99,0,5,128,1,134,0,41,191,1,233,322,38,360,593
11/13/2020,FTW,TX,ASW,CE,Towers with Radar,2,25,66,2,95,0,5,120,0,125,2,30,186,2,220,312,0,312,532
11/14/2020,FTW,TX,ASW,CE,Towers with Radar,2,8,41,15,66,0,4,36,0,40,2,12,77,15,106,20,12,32,138
11/15/2020,FTW,TX,ASW,CE,Towers with Radar,0,20,63,0,83,0,4,66,7,77,0,24,129,7,160,28,0,28,188
11/16/2020,FTW,TX,ASW,CE,Towers with Radar,0,21,65,5,91,0,4,171,2,177,0,25,236,7,268,230,0,230,498
11/17/2020,FTW,TX,ASW,CE,Towers with Radar,0,22,75,0,97,0,2,166,0,168,0,24,241,0,265,292,0,292,557
11/18/2020,FTW,TX,ASW,CE,Towers with Radar,0,19,70,0,89,0,6,151,0,157,0,25,221,0,246,320,0,320,566
11/19/2020,FTW,TX,ASW,CE,Towers with Radar,0,26,94,2,122,0,2,73,0,75,0,28,167,2,197,259,0,259,456
11/20/2020,FTW,TX,ASW,CE,Towers with Radar,0,30,85,4,119,0,4,98,0,102,0,34,183,4,221,260,0,260,481
11/21/2020,FTW,TX,ASW,CE,Towers with Radar,0,24,55,4,83,0,2,84,2,88,0,26,139,6,171,198,2,200,371
11/22/2020,FTW,TX,ASW,CE,Towers with Radar,0,25,54,1,80,0,0,17,0,17,0,25,71,1,97,110,0,110,207
11/23/2020,FTW,TX,ASW,CE,Towers with Radar,0,21,59,0,80,0,0,54,0,54,0,21,113,0,134,366,0,366,500
11/24/2020,FTW,TX,ASW,CE,Towers with Radar,0,22,85,0,107,0,2,12,0,14,0,24,97,0,121,20,0,20,141
11/25/2020,FTW,TX,ASW,CE,Towers with Radar,0,27,62,0,89,0,0,107,0,107,0,27,169,0,196,48,0,48,244
11/26/2020,FTW,TX,ASW,CE,Towers with Radar,0,11,17,0,28,0,9,47,0,56,0,20,64,0,84,4,0,4,88
11/27/2020,FTW,TX,ASW,CE,Towers with Radar,2,17,42,0,61,0,0,41,0,41,2,17,83,0,102,26,0,26,128
11/28/2020,FTW,TX,ASW,CE,Towers with Radar,1,20,35,1,57,0,0,7,0,7,1,20,42,1,64,0,0,0,64
11/29/2020,FTW,TX,ASW,CE,Towers with Radar,3,33,86,2,124,0,0,19,0,19,3,33,105,2,143,0,0,0,143
11/30/2020,FTW,TX,ASW,CE,Towers with Radar,1,11,62,1,75,0,6,137,0,143,1,17,199,1,218,180,0,180,398
12/01/2020,FTW,TX,ASW,CE,Towers with Radar,0,8,53,2,63,0,1,136,0,137,0,9,189,2,200,194,0,194,394
12/02/2020,FTW,TX,ASW,CE,Towers with Radar,0,18,57,0,75,0,2,66,0,68,0,20,123,0,143,82,0,82,225
12/03/2020,FTW,TX,ASW,CE,Towers with Radar,0,23,69,10,102,0,2,27,0,29,0,25,96,10,131,230,0,230,361
12/04/2020,FTW,TX,ASW,CE,Towers with Radar,1,11,95,35,142,0,3,126,1,130,1,14,221,36,272,170,8,178,450
12/05/2020,FTW,TX,ASW,CE,Towers with Radar,0,23,76,21,120,0,4,151,10,165,0,27,227,31,285,252,0,252,537
12/06/2020,FTW,TX,ASW,CE,Towers with Radar,0,13,76,6,95,0,3,91,2,96,0,16,167,8,191,56,0,56,247
12/07/2020,FTW,TX,ASW,CE,Towers with Radar,1,16,83,0,100,0,11,180,1,192,1,27,263,1,292,334,0,334,626
12/08/2020,FTW,TX,ASW,CE,Towers with Radar,1,14,65,0,80,0,11,162,0,173,1,25,227,0,253,364,0,364,617
12/09/2020,FTW,TX,ASW,CE,Towers with Radar,1,29,70,6,106,0,2,193,4,199,1,31,263,10,305,456,4,460,765
12/10/2020,FTW,TX,ASW,CE,Towers with Radar,0,24,94,2,120,0,0,180,1,181,0,24,274,3,301,476,0,476,777
12/11/2020,FTW,TX,ASW,CE,Towers with Radar,0,21,107,3,131,0,3,57,0,60,0,24,164,3,191,172,6,178,369
12/12/2020,FTW,TX,ASW,CE,Towers with Radar,0,19,38,5,62,0,3,143,0,146,0,22,181,5,208,292,0,292,500
12/13/2020,FTW,TX,ASW,CE,Towers with Radar,0,16,64,0,80,0,0,5,0,5,0,16,69,0,85,0,0,0,85
12/14/2020,FTW,TX,ASW,CE,Towers with Radar,0,19,56,0,75,0,4,162,0,166,0,23,218,0,241,218,0,218,459
12/15/2020,FTW,TX,ASW,CE,Towers with Radar,0,21,67,0,88,0,1,3,0,4,0,22,70,0,92,64,0,64,156
12/16/2020,FTW,TX,ASW,CE,Towers with Radar,0,22,63,1,86,0,2,123,1,126,0,24,186,2,212,372,2,374,586
12/17/2020,FTW,TX,ASW,CE,Towers with Radar,0,21,90,1,112,0,5,219,0,224,0,26,309,1,336,266,0,266,602
12/18/2020,FTW,TX,ASW,CE,Towers with Radar,2,22,83,1,108,0,0,140,1,141,2,22,223,2,249,254,0,254,503
12/19/2020,FTW,TX,ASW,CE,Towers with Radar,3,24,35,1,63,0,0,83,1,84,3,24,118,2,147,298,0,298,445
12/20/2020,FTW,TX,ASW,CE,Towers with Radar,0,9,69,0,78,0,1,131,2,134,0,10,200,2,212,194,0,194,406
12/21/2020,FTW,TX,ASW,CE,Towers with Radar,0,18,58,4,80,0,17,230,3,250,0,35,288,7,330,584,0,584,914
12/22/2020,FTW,TX,ASW,CE,Towers with Radar,1,21,63,1,86,0,4,184,0,188,1,25,247,1,274,302,0,302,576
12/23/2020,FTW,TX,ASW,CE,Towers with Radar,0,29,68,0,97,0,4,103,0,107,0,33,171,0,204,124,0,124,328
12/24/2020,FTW,TX,ASW,CE,Towers with Radar,1,12,14,0,27,0,5,80,0,85,1,17,94,0,112,140,0,140,252
12/25/2020,FTW,TX,ASW,CE,Towers with Radar,0,13,9,0,22,0,0,41,0,41,0,13,50,0,63,36,0,36,99
12/26/2020,FTW,TX,ASW,CE,Towers with Radar,1,32,58,0,91,0,1,154,0,155,1,33,212,0,246,236,0,236,482
12/27/2020,FTW,TX,ASW,CE,Towers with Radar,0,28,62,0,90,0,2,91,0,93,0,30,153,0,183,214,0,214,397
12/28/2020,FTW,TX,ASW,CE,Towers with Radar,0,19,59,0,78,0,2,127,0,129,0,21,186,0,207,450,0,450,657
12/29/2020,FTW,TX,ASW,CE,Towers with Radar,0,14,67,1,82,0,3,29,2,34,0,17,96,3,116,94,0,94,210
12/30/2020,FTW,TX,ASW,CE,Towers with Radar,2,15,33,0,50,0,1,0,0,1,2,16,33,0,51,82,0,82,133
12/31/2020,FTW,TX,ASW,CE,Towers with Radar,3,6,21,0,30,0,0,0,0,0,3,6,21,0,30,0,0,0,30
01/01/2021,FTW,TX,ASW,CE,Towers with Radar,0,10,24,0,34,0,1,6,0,7,0,11,30,0,41,10,0,10,51
01/02/2021,FTW,TX,ASW,CE,Towers with Radar,0,18,39,0,57,0,4,143,0,147,0,22,182,0,204,318,0,318,522
01/03/2021,FTW,TX,ASW,CE,Towers with Radar,1,27,59,0,87,0,0,91,0,91,1,27,150,0,178,196,0,196,374
01/04/2021,FTW,TX,ASW,CE,Towers with Radar,2,23,50,0,75,0,3,163,1,167,2,26,213,1,242,464,0,464,706
01/05/2021,FTW,TX,ASW,CE,Towers with Radar,1,10,54,0,65,0,1,190,0,191,1,11,244,0,256,311,0,311,567
01/06/2021,FTW,TX,ASW,CE,Towers with Radar,1,22,66,0,89,0,2,29,0,31,1,24,95,0,120,80,0,80,200
01/07/2021,FTW,TX,ASW,CE,Towers with Radar,0,15,54,2,71,0,1,75,0,76,0,16,129,2,147,490,0,490,637
01/08/2021,FTW,TX,ASW,CE,Towers with Radar,0,14,73,0,87,0,2,93,0,95,0,16,166,0,182,366,0,366,548
01/09/2021,FTW,TX,ASW,CE,Towers with Radar,0,20,46,2,68,0,0,148,1,149,0,20,194,3,217,280,0,280,497
01/10/2021,FTW,TX,ASW,CE,Towers with Radar,0,7,40,0,47,0,2,1,0,3,0,9,41,0,50,0,0,0,50
01/11/2021,FTW,TX,ASW,CE,Towers with Radar,0,9,51,0,60,0,8,130,2,140,0,17,181,2,200,360,0,360,560
01/12/2021,FTW,TX,ASW,CE,Towers with Radar,0,16,75,0,91,0,2,192,1,195,0,18,267,1,286,438,0,438,724
01/13/2021,FTW,TX,ASW,CE,Towers with Radar,0,19,84,2,105,0,6,191,1,198,0,25,275,3,303,352,0,352,655
01/14/2021,FTW,TX,ASW,CE,Towers with Radar,2,26,69,1,98,0,1,52,3,56,2,27,121,4,154,80,24,104,258
01/15/2021,FTW,TX,ASW,CE,Towers with Radar,0,19,55,0,74,0,1,39,2,42,0,20,94,2,116,32,0,32,148
01/16/2021,FTW,TX,ASW,CE,Towers with Radar,1,6,31,1,39,0,0,165,4,169,1,6,196,5,208,336,18,354,562
01/17/2021,FTW,TX,ASW,CE,Towers with Radar,0,17,60,3,80,0,3,112,1,116,0,20,172,4,196,104,0,104,300
01/18/2021,FTW,TX,ASW,CE,Towers with Radar,0,14,83,2,99,0,7,112,0,119,0,21,195,2,218,222,0,222,440
01/19/2021,FTW,TX,ASW,CE,Towers with Radar,0,24,62,2,88,0,0,72,0,72,0,24,134,2,160,282,0,282,442
01/20/2021,FTW,TX,ASW,CE,Towers with Radar,0,18,54,0,72,0,0,6,0,6,0,18,60,0,78,34,0,34,112
01/21/2021,FTW,TX,ASW,CE,Towers with Radar,0,17,85,0,102,0,0,76,0,76,0,17,161,0,178,72,0,72,250
01/22/2021,FTW,TX,ASW,CE,Towers with Radar,0,11,81,4,96,0,0,16,0,16,0,11,97,4,112,110,0,110,222
01/23/2021,FTW,TX,ASW,CE,Towers with Radar,0,17,34,2,53,0,0,0,0,0,0,17,34,2,53,0,0,0,53
01/24/2021,FTW,TX,ASW,CE,Towers with Radar,2,4,46,0,52,0,0,0,0,0,2,4,46,0,52,0,0,0,52
01/25/2021,FTW,TX,ASW,CE,Towers with Radar,0,20,57,4,81,0,4,158,0,162,0,24,215,4,243,174,0,174,417
01/26/2021,FTW,TX,ASW,CE,Towers with Radar,0,23,95,5,123,0,1,217,0,218,0,24,312,5,341,370,0,370,711
01/27/2021,FTW,TX,ASW,CE,Towers with Radar,1,15,57,6,79,0,2,158,2,162,1,17,215,8,241,488,0,488,729
01/28/2021,FTW,TX,ASW,CE,Towers with Radar,1,13,80,4,98,0,4,156,0,160,1,17,236,4,258,172,0,172,430
01/29/2021,FTW,TX,ASW,CE,Towers with Radar,1,18,90,0,109,0,9,158,0,167,1,27,248,0,276,263,0,263,539
01/30/2021,FTW,TX,ASW,CE,Towers with Radar,1,10,27,2,40,0,0,10,0,10,1,10,37,2,50,0,0,0,50
01/31/2021,FTW,TX,ASW,CE,Towers with Radar,1,13,74,0,88,0,6,63,0,69,1,19,137,0,157,58,0,58,215
02/01/2021,FTW,TX,ASW,CE,Towers with Radar,0,24,88,1,113,0,7,171,1,179,0,31,259,2,292,256,0,256,548
02/02/2021,FTW,TX,ASW,CE,Towers with Radar,0,24,74,2,100,0,13,154,1,168,0,37,228,3,268,158,0,158,426
02/03/2021,FTW,TX,ASW,CE,Towers with Radar,1,24,56,1,82,0,4,133,0,137,1,28,189,1,219,200,0,200,419
02/04/2021,FTW,TX,ASW,CE,Towers with Radar,0,27,74,5,106,0,3,82,4,89,0,30,156,9,195,130,28,158,353
02/05/2021,FTW,TX,ASW,CE,Towers with Radar,0,14,46,33,93,0,1,172,3,176,0,15,218,36,269,262,0,262,531
02/06/2021,FTW,TX,ASW,CE,Towers with Radar,0,7,43,40,90,0,7,44,2,53,0,14,87,42,143,182,14,196,339
02/07/2021,FTW,TX,ASW,CE,Towers with Radar,0,11,50,3,64,0,4,75,0,79,0,15,125,3,143,40,4,44,187
02/08/2021,FTW,TX,ASW,CE,Towers with Radar,1,11,58,19,89,0,5,33,0,38,1,16,91,19,127,196,0,196,323
02/09/2021,FTW,TX,ASW,CE,Towers with Radar,0,36,75,3,114,0,3,16,0,19,0,39,91,3,133,108,0,108,241
02/10/2021,FTW,TX,ASW,CE,Towers with Radar,1,17,61,0,79,0,0,0,0,0,1,17,61,0,79,0,0,0,79
02/11/2021,FTW,TX,ASW,CE,Towers with Radar,0,23,54,0,77,0,1,10,0,11,0,24,64,0,88,96,0,96,184
02/12/2021,FTW,TX,ASW,CE,Towers with Radar,0,15,62,0,77,0,0,20,0,20,0,15,82,0,97,84,0,84,181
02/13/2021,FTW,TX,ASW,CE,Towers with Radar,0,18,32,0,50,0,0,5,0,5,0,18,37,0,55,26,0,26,81
02/14/2021,FTW,TX,ASW,CE,Towers with Radar,0,7,8,0,15,0,0,0,0,0,0,7,8,0,15,0,0,0,15
02/15/2021,FTW,TX,ASW,CE,Towers with Radar,0,20,10,0,30,0,1,1,0,2,0,21,11,0,32,0,0,0,32
02/16/2021,FTW,TX,ASW,CE,Towers with Radar,0,12,31,0,43,0,0,2,0,2,0,12,33,0,45,92,0,92,137
02/17/2021,FTW,TX,ASW,CE,Towers with Radar,0,3,11,0,14,0,1,0,0,1,0,4,11,0,15,0,0,0,15
02/18/2021,FTW,TX,ASW,CE,Towers with Radar,0,13,21,1,35,0,0,5,0,5,0,13,26,1,40,16,0,16,56
02/19/2021,FTW,TX,ASW,CE,Towers with Radar,0,28,47,2,77,0,4,62,1,67,0,32,109,3,144,128,0,128,272
02/20/2021,FTW,TX,ASW,CE,Towers with Radar,0,9,37,5,51,0,4,110,0,114,0,13,147,5,165,196,0,196,361
02/21/2021,FTW,TX,ASW,CE,Towers with Radar,0,10,51,1,62,0,5,34,0,39,0,15,85,1,101,20,0,20,121
02/22/2021,FTW,TX,ASW,CE,Towers with Radar,0,17,80,2,99,0,3,149,2,154,0,20,229,4,253,464,0,464,717
02/23/2021,FTW,TX,ASW,CE,Towers with Radar,2,35,83,1,121,0,5,144,2,151,2,40,227,3,272,288,0,288,560
02/24/2021,FTW,TX,ASW,CE,Towers with Radar,0,19,94,10,123,0,6,157,1,164,0,25,251,11,287,280,0,280,567
02/25/2021,FTW,TX,ASW,CE,Towers with Radar,0,29,94,2,125,0,4,53,0,57,0,33,147,2,182,419,0,419,601
02/26/2021,FTW,TX,ASW,CE,Towers with Radar,1,29,90,19,139,0,0,26,0,26,1,29,116,19,165,252,12,264,429
02/27/2021,FTW,TX,ASW,CE,Towers with Radar,0,15,38,9,62,0,0,7,0,7,0,15,45,9,69,6,0,6,75
02/28/2021,FTW,TX,ASW,CE,Towers with Radar,0,39,73,0,112,0,1,14,0,15,0,40,87,0,127,0,0,0,127
03/01/2021,FTW,TX,ASW,CE,Towers with Radar,0,23,71,0,94,0,0,70,2,72,0,23,141,2,166,120,8,128,294
03/02/2021,FTW,TX,ASW,CE,Towers with Radar,0,20,72,4,96,0,4,173,0,177,0,24,245,4,273,236,0,236,509
03/03/2021,FTW,TX,ASW,CE,Towers with Radar,0,23,99,4,126,0,4,195,1,200,0,27,294,5,326,516,0,516,842
03/04/2021,FTW,TX,ASW,CE,Towers with Radar,2,27,93,2,124,0,3,160,0,163,2,30,253,2,287,322,0,322,609
03/05/2021,FTW,TX,ASW,CE,Towers with Radar,0,35,92,9,136,0,2,152,0,154,0,37,244,9,290,316,10,326,616
03/06/2021,FTW,TX,ASW,CE,Towers with Radar,0,20,65,3,88,0,6,143,0,149,0,26,208,3,237,307,0,307,544
03/07/2021,FTW,TX,ASW,CE,Towers with Radar,0,29,58,0,87,0,5,74,0,79,0,34,132,0,166,66,0,66,232
03/08/2021,FTW,TX,ASW,CE,Towers with Radar,0,14,52,4,70,0,5,166,2,173,0,19,218,6,243,324,0,324,567
03/09/2021,FTW,TX,ASW,CE,Towers with Radar,0,21,74,1,96,0,3,32,0,35,0,24,106,1,131,250,0,250,381
03/10/2021,FTW,TX,ASW,CE,Towers with Radar,3,30,96,0,129,0,2,33,0,35,3,32,129,0,164,52,0,52,216
03/11/2021,FTW,TX,ASW,CE,Towers with Radar,0,28,99,9,136,0,5,55,0,60,0,33,154,9,196,128,0,128,324
03/12/2021,FTW,TX,ASW,CE,Towers with Radar,0,36,119,9,164,0,3,44,0,47,0,39,163,9,211,116,8,124,335
03/13/2021,FTW,TX,ASW,CE,Towers with Radar,2,30,65,8,105,0,2,42,4,48,2,32,107,12,153,42,8,50,203
03/14/2021,FTW,TX,ASW,CE,Towers with Radar,0,28,79,9,116,0,9,45,1,55,0,37,124,10,171,60,0,60,231
03/15/2021,FTW,TX,ASW,CE,Towers with Radar,0,22,71,5,98,0,1,134,2,137,0,23,205,7,235,284,0,284,519
03/16/2021,FTW,TX,ASW,CE,Towers with Radar,0,18,82,5,105,0,6,111,2,119,0,24,193,7,224,544,0,544,768
03/17/2021,FTW,TX,ASW,CE,Towers with Radar,0,14,42,0,56,0,1,24,3,28,0,15,66,3,84,104,0,104,188
03/18/2021,FTW,TX,ASW,CE,Towers with Radar,0,33,74,2,109,0,2,46,1,49,0,35,120,3,158,180,0,180,338
03/19/2021,FTW,TX,ASW,CE,Towers with Radar,0,24,99,0,123,0,2,153,0,155,0,26,252,0,278,358,0,358,636
03/20/2021,FTW,TX,ASW,CE,Towers with Radar,0,29,79,24,132,0,6,197,0,203,0,35,276,24,335,336,4,340,675
03/21/2021,FTW,TX,ASW,CE,Towers with Radar,0,31,102,7,140,0,12,46,0,58,0,43,148,7,198,46,0,46,244
03/22/2021,FTW,TX,ASW,CE,Towers with Radar,0,19,82,0,101,0,2,8,0,10,0,21,90,0,111,14,0,14,125
03/23/2021,FTW,TX,ASW,CE,Towers with Radar,0,25,79,0,104,0,4,152,0,156,0,29,231,0,260,282,0,282,542
03/24/2021,FTW,TX,ASW,CE,Towers with Radar,0,24,92,2,118,0,3,111,3,117,0,27,203,5,235,250,0,250,485
03/25/2021,FTW,TX,ASW,CE,Towers with Radar,0,33,85,0,118,0,1,98,0,99,0,34,183,0,217,144,0,144,361
03/26/2021,FTW,TX,ASW,CE,Towers with Radar,0,34,92,2,128,0,6,154,0,160,0,40,246,2,288,392,0,392,680
03/27/2021,FTW,TX,ASW,CE,Towers with Radar,0,26,46,3,75,0,2,51,1,54,0,28,97,4,129,56,0,56,185
03/28/2021,FTW,TX,ASW,CE,Towers with Radar,0,18,56,4,78,0,7,89,1,97,0,25,145,5,175,86,0,86,261
03/29/2021,FTW,TX,ASW,CE,Towers with Radar,0,19,58,10,87,0,8,131,0,139,0,27,189,10,226,352,0,352,578
03/30/2021,FTW,TX,ASW,CE,Towers with Radar,0,23,69,2,94,0,11,72,0,83,0,34,141,2,177,242,0,242,419
03/31/2021,FTW,TX,ASW,CE,Towers with Radar,0,41,73,0,114,0,12,69,1,82,0,53,142,1,196,102,0,102,298
04/01/2021,FTW,TX,ASW,CE,Towers with Radar,0,33,120,0,153,0,10,191,1,202,0,43,311,1,355,364,0,364,719
04/02/2021,FTW,TX,ASW,CE,Towers with Radar,0,26,57,23,106,0,10,138,1,149,0,36,195,24,255,330,28,358,613
04/03/2021,FTW,TX,ASW,CE,Towers with Radar,0,15,48,8,71,0,7,81,1,89,0,22,129,9,160,96,0,96,256
04/04/2021,FTW,TX,ASW,CE,Towers with Radar,0,22,57,2,81,0,9,40,0,49,0,31,97,2,130,28,2,30,160
04/05/2021,FTW,TX,ASW,CE,Towers with Radar,0,31,102,0,133,0,3,122,1,126,0,34,224,1,259,318,0,318,577
04/06/2021,FTW,TX,ASW,CE,Towers with Radar,0,25,83,1,109,0,7,26,0,33,0,32,109,1,142,156,0,156,298
04/07/2021,FTW,TX,ASW,CE,Towers with Radar,0,30,99,0,129,0,5,86,1,92,0,35,185,1,221,164,0,164,385
04/08/2021,FTW,TX,ASW,CE,Towers with Radar,0,26,83,0,109,0,11,171,0,182,0,37,254,0,291,482,0,482,773
04/09/2021,FTW,TX,ASW,CE,Towers with Radar,0,30,94,8,132,0,8,66,1,75,0,38,160,9,207,177,22,199,406
04/10/2021,FTW,TX,ASW,CE,Towers with Radar,0,26,48,32,106,0,6,126,3,135,0,32,174,35,241,158,114,272,513
04/11/2021,FTW,TX,ASW,CE,Towers with Radar,0,21,56,16,93,0,6,116,6,128,0,27,172,22,221,109,8,117,338
04/12/2021,FTW,TX,ASW,CE,Towers with Radar,0,25,80,2,107,0,3,96,0,99,0,28,176,2,206,208,0,208,414
04/13/2021,FTW,TX,ASW,CE,Towers with Radar,0,22,95,2,119,0,4,112,0,116,0,26,207,2,235,244,0,244,479
04/14/2021,FTW,TX,ASW,CE,Towers with Radar,0,25,79,0,104,0,0,41,1,42,0,25,120,1,146,140,0,140,286
04/15/2021,FTW,TX,ASW,CE,Towers with Radar,0,31,83,1,115,0,1,6,0,7,0,32,89,1,122,166,0,166,288
04/16/2021,FTW,TX,ASW,CE,Towers with Radar,0,20,63,1,84,0,0,0,0,0,0,20,63,1,84,28,0,28,112
04/17/2021,FTW,TX,ASW,CE,Towers with Radar,1,15,52,2,70,0,0,65,2,67,1,15,117,4,137,74,0,74,211
04/18/2021,FTW,TX,ASW,CE,Towers with Radar,1,36,75,4,116,0,6,99,2,107,1,42,174,6,223,78,0,78,301
04/19/2021,FTW,TX,ASW,CE,Towers with Radar,0,33,64,3,100,0,12,160,2,174,0,45,224,5,274,374,0,374,648
04/20/2021,FTW,TX,ASW,CE,Towers with Radar,0,21,50,7,78,0,5,106,5,116,0,26,156,12,194,220,0,220,414
04/21/2021,FTW,TX,ASW,CE,Towers with Radar,0,7,79,1,87,0,5,157,0,162,0,12,236,1,249,232,0,232,481
04/22/2021,FTW,TX,ASW,CE,Towers with Radar,0,22,107,0,129,0,2,125,0,127,0,24,232,0,256,326,0,326,582
04/23/2021,FTW,TX,ASW,CE,Towers with Radar,0,21,56,3,80,0,1,6,0,7,0,22,62,3,87,20,0,20,107
04/24/2021,FTW,TX,ASW,CE,Towers with Radar,0,15,55,20,90,0,4,81,4,89,0,19,136,24,179,180,0,180,359
04/25/2021,FTW,TX,ASW,CE,Towers with Radar,1,16,74,7,98,0,6,83,0,89,1,22,157,7,187,142,0,142,329
04/26/2021,FTW,TX,ASW,CE,Towers with Radar,0,20,69,2,91,0,8,91,0,99,0,28,160,2,190,86,0,86,276
04/27/2021,FTW,TX,ASW,CE,Towers with Radar,0,21,78,2,101,0,0,8,0,8,0,21,86,2,109,88,0,88,197
04/28/2021,FTW,TX,ASW,CE,Towers with Radar,0,24,68,0,92,0,1,26,0,27,0,25,94,0,119,106,0,106,225
04/29/2021,FTW,TX,ASW,CE,Towers with Radar,0,33,61,0,94,0,2,1,0,3,0,35,62,0,97,28,0,28,125
04/30/2021,FTW,TX,ASW,CE,Towers with Radar,0,20,66,0,86,0,2,22,0,24,0,22,88,0,110,90,0,90,200
05/01/2021,FTW,TX,ASW,CE,Towers with Radar,1,10,49,4,64,0,0,7,0,7,1,10,56,4,71,0,0,0,71
05/02/2021,FTW,TX,ASW,CE,Towers with Radar,0,24,81,3,108,0,5,67,0,72,0,29,148,3,180,192,0,192,372
05/03/2021,FTW,TX,ASW,CE,Towers with Radar,2,25,77,1,105,0,5,90,0,95,2,30,167,1,200,116,0,116,316
05/04/2021,FTW,TX,ASW,CE,Towers with Radar,0,27,96,2,125,0,2,72,0,74,0,29,168,2,199,156,0,156,355
05/05/2021,FTW,TX,ASW,CE,Towers with Radar,0,24,92,0,116,0,1,185,0,186,0,25,277,0,302,216,0,216,518
05/06/2021,FTW,TX,ASW,CE,Towers with Radar,0,42,129,0,171,0,6,220,0,226,0,48,349,0,397,256,0,256,653
05/07/2021,FTW,TX,ASW,CE,Towers with Radar,0,36,95,6,137,0,3,172,1,176,0,39,267,7,313,186,12,198,511
05/08/2021,FTW,TX,ASW,CE,Towers with Radar,0,34,86,1,121,0,7,45,2,54,0,41,131,3,175,44,0,44,219
05/09/2021,FTW,TX,ASW,CE,Towers with Radar,0,31,83,0,114,0,5,37,0,42,0,36,120,0,156,18,0,18,174
05/10/2021,FTW,TX,ASW,CE,Towers with Radar,0,20,79,0,99,0,2,5,0,7,0,22,84,0,106,44,0,44,150
05/11/2021,FTW,TX,ASW,CE,Towers with Radar,0,24,47,1,72,0,0,0,0,0,0,24,47,1,72,0,0,0,72
05/12/2021,FTW,TX,ASW,CE,Towers with Radar,0,27,101,0,128,0,0,17,0,17,0,27,118,0,145,66,0,66,211
05/13/2021,FTW,TX,ASW,CE,Towers with Radar,0,29,131,2,162,0,6,218,0,224,0,35,349,2,386,346,0,346,732
05/14/2021,FTW,TX,ASW,CE,Towers with Radar,2,22,91,12,127,0,11,216,0,227,2,33,307,12,354,356,10,366,720
05/15/2021,FTW,TX,ASW,CE,Towers with Radar,0,17,65,0,82,0,8,143,1,152,0,25,208,1,234,126,0,126,360
05/16/2021,FTW,TX,ASW,CE,Towers with Radar,0,31,74,0,105,0,3,6,0,9,0,34,80,0,114,10,0,10,124
05/17/2021,FTW,TX,ASW,CE,Towers with Radar,0,24,59,0,83,0,5,53,0,58,0,29,112,0,141,170,0,170,311
05/18/2021,FTW,TX,ASW,CE,Towers with Radar,0,37,59,0,96,0,2,21,0,23,0,39,80,0,119,134,0,134,253
05/19/2021,FTW,TX,ASW,CE,Towers with Radar,0,19,61,0,80,0,9,117,4,130,0,28,178,4,210,264,18,282,492
05/20/2021,FTW,TX,ASW,CE,Towers with Radar,0,26,103,0,129,0,6,62,1,69,0,32,165,1,198,184,0,184,382
05/21/2021,FTW,TX,ASW,CE,Towers with Radar,2,26,97,6,131,0,2,51,0,53,2,28,148,6,184,102,0,102,286
05/22/2021,FTW,TX,ASW,CE,Towers with Radar,0,22,55,4,81,0,0,6,0,6,0,22,61,4,87,0,0,0,87
05/23/2021,FTW,TX,ASW,CE,Towers with Radar,0,26,83,0,109,0,0,15,0,15,0,26,98,0,124,0,0,0,124
05/24/2021,FTW,TX,ASW,CE,Towers with Radar,0,35,84,0,119,0,0,2,0,2,0,35,86,0,121,0,0,0,121
05/25/2021,FTW,TX,ASW,CE,Towers with Radar,0,29,89,2,120,0,3,71,0,74,0,32,160,2,194,256,0,256,450
05/26/2021,FTW,TX,ASW,CE,Towers with Radar,1,30,104,2,137,0,6,153,0,159,1,36,257,2,296,388,0,388,684
05/27/2021,FTW,TX,ASW,CE,Towers with Radar,0,33,118,1,152,0,11,134,0,145,0,44,252,1,297,468,0,468,765
05/28/2021,FTW,TX,ASW,CE,Towers with Radar,0,36,80,1,117,0,5,35,0,40,0,41,115,1,157,306,0,306,463
05/29/2021,FTW,TX,ASW,CE,Towers with Radar,0,26,61,0,87,0,3,45,0,48,0,29,106,0,135,114,0,114,249
05/30/2021,FTW,TX,ASW,CE,Towers with Radar,0,34,37,0,71,0,4,40,0,44,0,38,77,0,115,58,0,58,173
05/31/2021,FTW,TX,ASW,CE,Towers with Radar,0,22,51,0,73,0,1,2,0,3,0,23,53,0,76,76,0,76,152
06/01/2021,FTW,TX,ASW,CE,Towers with Radar,0,21,106,0,127,0,0,40,0,40,0,21,146,0,167,316,0,316,483
06/02/2021,FTW,TX,ASW,CE,Towers with Radar,0,25,78,2,105,0,4,110,3,117,0,29,188,5,222,282,0,282,504
06/03/2021,FTW,TX,ASW,CE,Towers with Radar,0,23,84,1,108,0,1,115,0,116,0,24,199,1,224,442,10,452,676
06/04/2021,FTW,TX,ASW,CE,Towers with Radar,1,27,96,0,124,0,1,110,0,111,1,28,206,0,235,230,0,230,465
06/05/2021,FTW,TX,ASW,CE,Towers with Radar,1,21,63,0,85,0,10,21,0,31,1,31,84,0,116,34,0,34,150
06/06/2021,FTW,TX,ASW,CE,Towers with Radar,0,20,79,0,99,0,0,32,0,32,0,20,111,0,131,74,0,74,205
06/07/2021,FTW,TX,ASW,CE,Towers with Radar,0,28,86,0,114,0,8,62,0,70,0,36,148,0,184,226,0,226,410
06/08/2021,FTW,TX,ASW,CE,Towers with Radar,0,26,86,0,112,0,4,124,0,128,0,30,210,0,240,596,0,596,836
06/09/2021,FTW,TX,ASW,CE,Towers with Radar,0,21,131,1,153,0,0,101,1,102,0,21,232,2,255,404,0,404,659
06/10/2021,FTW,TX,ASW,CE,Towers with Radar,0,32,115,0,147,0,3,126,0,129,0,35,241,0,276,492,0,492,768
06/11/2021,FTW,TX,ASW,CE,Towers with Radar,1,24,71,6,102,0,4,152,0,156,1,28,223,6,258,275,4,279,537
06/12/2021,FTW,TX,ASW,CE,Towers with Radar,1,27,64,19,111,0,12,95,1,108,1,39,159,20,219,180,36,216,435
06/13/2021,FTW,TX,ASW,CE,Towers with Radar,0,30,80,12,122,0,3,76,2,81,0,33,156,14,203,222,0,222,425
06/14/2021,FTW,TX,ASW,CE,Towers with Radar,0,28,68,0,96,0,2,145,0,147,0,30,213,0,243,302,0,302,545
06/15/2021,FTW,TX,ASW,CE,Towers with Radar,0,13,68,0,81,0,5,176,2,183,0,18,244,2,264,324,0,324,588
06/16/2021,FTW,TX,ASW,CE,Towers with Radar,0,27,80,0,107,0,2,172,1,175,0,29,252,1,282,452,0,452,734
06/17/2021,FTW,TX,ASW,CE,Towers with Radar,0,30,81,2,113,0,2,138,0,140,0,32,219,2,253,318,0,318,571
06/18/2021,FTW,TX,ASW,CE,Towers with Radar,0,28,86,23,137,0,15,170,1,186,0,43,256,24,323,184,36,220,543
06/19/2021,FTW,TX,ASW,CE,Towers with Radar,0,21,52,9,82,0,17,125,2,144,0,38,177,11,226,118,0,118,344
06/20/2021,FTW,TX,ASW,CE,Towers with Radar,0,19,59,1,79,0,9,89,0,98,0,28,148,1,177,68,0,68,245
06/21/2021,FTW,TX,ASW,CE,Towers with Radar,1,31,97,1,130,0,8,55,0,63,1,39,152,1,193,194,0,194,387
06/22/2021,FTW,TX,ASW,CE,Towers with Radar,0,18,99,0,117,0,11,124,0,135,0,29,223,0,252,328,0,328,580
06/23/2021,FTW,TX,ASW,CE,Towers with Radar,0,20,100,5,125,0,2,88,0,90,0,22,188,5,215,298,0,298,513
06/24/2021,FTW,TX,ASW,CE,Towers with Radar,0,43,137,0,180,0,0,191,2,193,0,43,328,2,373,410,4,414,787
06/25/2021,FTW,TX,ASW,CE,Towers with Radar,0,72,166,90,328,0,9,154,5,168,0,81,320,95,496,220,42,262,758
06/26/2021,FTW,TX,ASW,CE,Towers with Radar,3,57,109,105,274,0,6,124,6,136,3,63,233,111,410,172,50,222,632
06/27/2021,FTW,TX,ASW,CE,Towers with Radar,0,83,120,53,256,0,0,89,0,89,0,83,209,53,345,152,14,166,511
06/28/2021,FTW,TX,ASW,CE,Towers with Radar,0,25,99,11,135,0,7,38,0,45,0,32,137,11,180,118,0,118,298
06/29/2021,FTW,TX,ASW,CE,Towers with Radar,0,30,82,4,116,0,1,67,0,68,0,31,149,4,184,260,0,260,444
06/30/2021,FTW,TX,ASW,CE,Towers with Radar,0,37,80,6,123,0,4,99,0,103,0,41,179,6,226,470,0,470,696
07/01/2021,FTW,TX,ASW,CE,Towers with Radar,0,41,96,0,137,0,1,166,0,167,0,42,262,0,304,416,0,416,720
07/02/2021,FTW,TX,ASW,CE,Towers with Radar,0,38,78,0,116,0,4,65,0,69,0,42,143,0,185,148,0,148,333
07/03/2021,FTW,TX,ASW,CE,Towers with Radar,1,22,38,0,61,0,1,39,0,40,1,23,77,0,101,82,0,82,183
07/04/2021,FTW,TX,ASW,CE,Towers with Radar,0,26,27,0,53,0,1,48,0,49,0,27,75,0,102,30,0,30,132
07/05/2021,FTW,TX,ASW,CE,Towers with Radar,2,35,66,0,103,0,3,74,0,77,2,38,140,0,180,228,0,228,408
07/06/2021,FTW,TX,ASW,CE,Towers with Radar,0,19,73,0,92,0,2,102,0,104,0,21,175,0,196,153,0,153,349
07/07/2021,FTW,TX,ASW,CE,Towers with Radar,0,32,70,13,115,0,10,155,0,165,0,42,225,13,280,314,0,314,594
07/08/2021,FTW,TX,ASW,CE,Towers with Radar,0,23,102,5,130,0,6,208,3,217,0,29,310,8,347,364,0,364,711
07/09/2021,FTW,TX,ASW,CE,Towers with Radar,0,22,90,34,146,0,2,63,2,67,0,24,153,36,213,310,28,338,551
07/10/2021,FTW,TX,ASW,CE,Towers with Radar,0,15,49,29,93,0,1,59,7,67,0,16,108,36,160,154,26,180,340
07/11/2021,FTW,TX,ASW,CE,Towers with Radar,0,25,68,8,101,0,3,51,2,56,0,28,119,10,157,72,0,72,229
07/12/2021,FTW,TX,ASW,CE,Towers with Radar,2,28,76,2,108,0,2,132,0,134,2,30,208,2,242,276,6,282,524
07/13/2021,FTW,TX,ASW,CE,Towers with Radar,0,28,83,3,114,0,0,161,0,161,0,28,244,3,275,286,0,286,561
07/14/2021,FTW,TX,ASW,CE,Towers with Radar,0,36,89,6,131,0,0,140,4,144,0,36,229,10,275,286,0,286,561
07/15/2021,FTW,TX,ASW,CE,Towers with Radar,0,40,79,2,121,0,3,140,1,144,0,43,219,3,265,332,4,336,601
07/16/2021,FTW,TX,ASW,CE,Towers with Radar,0,29,71,26,126,0,5,174,2,181,0,34,245,28,307,408,8,416,723
07/17/2021,FTW,TX,ASW,CE,Towers with Radar,1,27,49,11,88,0,6,134,12,152,1,33,183,23,240,162,2,164,404
07/18/2021,FTW,TX,ASW,CE,Towers with Radar,1,33,80,5,119,0,0,73,3,76,1,33,153,8,195,48,0,48,243
07/19/2021,FTW,TX,ASW,CE,Towers with Radar,0,27,68,0,95,0,1,47,0,48,0,28,115,0,143,144,0,144,287
07/20/2021,FTW,TX,ASW,CE,Towers with Radar,0,33,78,1,112,0,8,101,2,111,0,41,179,3,223,260,4,264,487
07/21/2021,FTW,TX,ASW,CE,Towers with Radar,0,28,85,7,120,0,1,165,0,166,0,29,250,7,286,268,0,268,554
07/22/2021,FTW,TX,ASW,CE,Towers with Radar,0,29,79,11,119,0,1,130,0,131,0,30,209,11,250,232,6,238,488
07/23/2021,FTW,TX,ASW,CE,Towers with Radar,0,31,83,7,121,0,9,110,0,119,0,40,193,7,240,176,0,176,416
07/24/2021,FTW,TX,ASW,CE,Towers with Radar,2,32,65,16,115,0,4,124,0,128,2,36,189,16,243,130,16,146,389
07/25/2021,FTW,TX,ASW,CE,Towers with Radar,0,21,84,4,109,0,3,96,0,99,0,24,180,4,208,80,0,80,288
07/26/2021,FTW,TX,ASW,CE,Towers with Radar,0,17,64,14,95,0,1,143,1,145,0,18,207,15,240,260,0,260,500
07/27/2021,FTW,TX,ASW,CE,Towers with Radar,0,23,72,6,101,0,6,98,2,106,0,29,170,8,207,240,0,240,447
07/28/2021,FTW,TX,ASW,CE,Towers with Radar,2,29,113,2,146,0,3,111,0,114,2,32,224,2,260,184,0,184,444
07/29/2021,FTW,TX,ASW,CE,Towers with Radar,0,30,79,1,110,0,0,126,6,132,0,30,205,7,242,254,0,254,496
07/30/2021,FTW,TX,ASW,CE,Towers with Radar,0,28,92,11,131,0,19,163,0,182,0,47,255,11,313,82,0,82,395
07/31/2021,FTW,TX,ASW,CE,Towers with Radar,0,27,56,32,115,0,5,107,0,112,0,32,163,32,227,72,14,86,313
08/01/2021,FTW,TX,ASW,CE,Towers with Radar,0,25,60,10,95,0,2,29,0,31,0,27,89,10,126,26,0,26,152
08/02/2021,FTW,TX,ASW,CE,Towers with Radar,0,37,89,7,133,0,5,47,1,53,0,42,136,8,186,210,0,210,396
08/03/2021,FTW,TX,ASW,CE,Towers with Radar,0,41,66,0,107,0,3,117,1,121,0,44,183,1,228,300,0,300,528
08/04/2021,FTW,TX,ASW,CE,Towers with Radar,2,31,70,1,104,0,7,130,1,138,2,38,200,2,242,302,0,302,544
08/05/2021,FTW,TX,ASW,CE,Towers with Radar,0,30,88,1,119,0,0,114,0,114,0,30,202,1,233,351,0,351,584
08/06/2021,FTW,TX,ASW,CE,Towers with Radar,0,46,63,3,112,0,1,148,0,149,0,47,211,3,261,292,0,292,553
08/07/2021,FTW,TX,ASW,CE,Towers with Radar,0,31,61,16,108,0,7,94,2,103,0,38,155,18,211,252,0,252,463
08/08/2021,FTW,TX,ASW,CE,Towers with Radar,0,51,79,9,139,0,10,88,4,102,0,61,167,13,241,42,0,42,283
08/09/2021,FTW,TX,ASW,CE,Towers with Radar,0,36,89,0,125,0,2,103,1,106,0,38,192,1,231,278,0,278,509
08/10/2021,FTW,TX,ASW,CE,Towers with Radar,1,25,67,2,95,0,3,117,1,121,1,28,184,3,216,318,0,318,534
08/11/2021,FTW,TX,ASW,CE,Towers with Radar,0,29,100,2,131,0,5,150,0,155,0,34,250,2,286,378,0,378,664
08/12/2021,FTW,TX,ASW,CE,Towers with Radar,1,42,84,3,130,0,6,177,1,184,1,48,261,4,314,282,0,282,596
08/13/2021,FTW,TX,ASW,CE,Towers with Radar,0,39,81,4,124,0,3,213,2,218,0,42,294,6,342,322,41,363,705
08/14/2021,FTW,TX,ASW,CE,Towers with Radar,0,40,42,5,87,0,4,75,1,80,0,44,117,6,167,124,0,124,291
08/15/2021,FTW,TX,ASW,CE,Towers with Radar,0,45,111,0,156,0,1,51,0,52,0,46,162,0,208,130,0,130,338
08/16/2021,FTW,TX,ASW,CE,Towers with Radar,0,33,68,2,103,0,1,88,0,89,0,34,156,2,192,233,0,233,425
08/17/2021,FTW,TX,ASW,CE,Towers with Radar,0,31,50,1,82,0,6,58,0,64,0,37,108,1,146,144,0,144,290
08/18/2021,FTW,TX,ASW,CE,Towers with Radar,0,27,82,1,110,0,1,11,0,12,0,28,93,1,122,46,0,46,168
08/19/2021,FTW,TX,ASW,CE,Towers with Radar,0,30,83,4,117,0,0,121,2,123,0,30,204,6,240,304,0,304,544
08/20/2021,FTW,TX,ASW,CE,Towers with Radar,2,26,91,12,131,0,2,173,5,180,2,28,264,17,311,150,4,154,465
08/21/2021,FTW,TX,ASW,CE,Towers with Radar,0,17,54,19,90,0,4,107,6,117,0,21,161,25,207,122,12,134,341
08/22/2021,FTW,TX,ASW,CE,Towers with Radar,1,20,91,13,125,0,3,100,0,103,1,23,191,13,228,78,0,78,306
08/23/2021,FTW,TX,ASW,CE,Towers with Radar,0,21,69,1,91,0,5,153,0,158,0,26,222,1,249,210,0,210,459
08/24/2021,FTW,TX,ASW,CE,Towers with Radar,1,12,77,5,95,0,0,150,0,150,1,12,227,5,245,312,0,312,557
08/25/2021,FTW,TX,ASW,CE,Towers with Radar,0,26,85,13,124,0,1,130,0,131,0,27,215,13,255,226,0,226,481
08/26/2021,FTW,TX,ASW,CE,Towers with Radar,2,33,84,5,124,0,5,154,1,160,2,38,238,6,284,236,0,236,520
08/27/2021,FTW,TX,ASW,CE,Towers with Radar,0,35,58,0,93,0,10,158,0,168,0,45,216,0,261,308,0,308,569
08/28/2021,FTW,TX,ASW,CE,Towers with Radar,0,16,44,17,77,0,0,123,1,124,0,16,167,18,201,94,0,94,295
08/29/2021,FTW,TX,ASW,CE,Towers with Radar,0,26,87,9,122,0,1,35,0,36,0,27,122,9,158,70,0,70,228
08/30/2021,FTW,TX,ASW,CE,Towers with Radar,0,17,67,7,91,0,8,109,1,118,0,25,176,8,209,162,2,164,373
08/31/2021,FTW,TX,ASW,CE,Towers with Radar,2,30,71,0,103,0,6,157,0,163,2,36,228,0,266,448,0,448,714
09/01/2021,FTW,TX,ASW,CE,Towers with Radar,0,23,81,0,104,0,6,142,0,148,0,29,223,0,252,372,0,372,624
09/02/2021,FTW,TX,ASW,CE,Towers with Radar,0,32,74,0,106,0,4,138,0,142,0,36,212,0,248,340,0,340,588
09/03/2021,FTW,TX,ASW,CE,Towers with Radar,2,33,96,0,131,0,10,135,0,145,2,43,231,0,276,400,0,400,676
09/04/2021,FTW,TX,ASW,CE,Towers with Radar,1,30,38,1,70,0,3,106,1,110,1,33,144,2,180,130,10,140,320
09/05/2021,FTW,TX,ASW,CE,Towers with Radar,2,26,41,0,69,0,4,43,4,51,2,30,84,4,120,16,0,16,136
09/06/2021,FTW,TX,ASW,CE,Towers with Radar,0,38,74,12,124,0,6,97,3,106,0,44,171,15,230,92,0,92,322
09/07/2021,FTW,TX,ASW,CE,Towers with Radar,1,33,85,4,123,0,0,98,1,99,1,33,183,5,222,304,16,320,542
09/08/2021,FTW,TX,ASW,CE,Towers with Radar,0,30,92,3,125,0,0,118,0,118,0,30,210,3,243,186,0,186,429
09/09/2021,FTW,TX,ASW,CE,Towers with Radar,1,37,88,1,127,0,4,120,0,124,1,41,208,1,251,184,0,184,435
09/10/2021,FTW,TX,ASW,CE,Towers with Radar,0,28,101,9,138,0,1,149,0,150,0,29,250,9,288,236,0,236,524
09/11/2021,FTW,TX,ASW,CE,Towers with Radar,0,24,67,1,92,0,7,117,1,125,0,31,184,2,217,140,0,140,357
09/12/2021,FTW,TX,ASW,CE,Towers with Radar,0,23,97,9,129,0,4,78,1,83,0,27,175,10,212,76,0,76,288
09/13/2021,FTW,TX,ASW,CE,Towers with Radar,2,23,64,5,94,0,3,85,3,91,2,26,149,8,185,126,0,126,311
09/14/2021,FTW,TX,ASW,CE,Towers with Radar,0,22,67,5,94,0,6,68,0,74,0,28,135,5,168,356,0,356,524
09/15/2021,FTW,TX,ASW,CE,Towers with Radar,0,28,79,0,107,0,5,127,1,133,0,33,206,1,240,380,0,380,620
09/16/2021,FTW,TX,ASW,CE,Towers with Radar,0,35,101,0,136,0,2,182,0,184,0,37,283,0,320,294,0,294,614
09/17/2021,FTW,TX,ASW,CE,Towers with Radar,1,23,99,10,133,0,0,158,0,158,1,23,257,10,291,232,6,238,529
09/18/2021,FTW,TX,ASW,CE,Towers with Radar,2,14,52,6,74,0,2,128,3,133,2,16,180,9,207,132,0,132,339
09/19/2021,FTW,TX,ASW,CE,Towers with Radar,1,28,91,3,123,0,4,76,2,82,1,32,167,5,205,72,0,72,277
09/20/2021,FTW,TX,ASW,CE,Towers with Radar,0,19,77,0,96,0,5,119,2,126,0,24,196,2,222,286,0,286,508
09/21/2021,FTW,TX,ASW,CE,Towers with Radar,0,20,66,2,88,0,1,73,0,74,0,21,139,2,162,248,0,248,410
09/22/2021,FTW,TX,ASW,CE,Towers with Radar,0,23,90,0,113,0,4,154,0,158,0,27,244,0,271,278,0,278,549
09/23/2021,FTW,TX,ASW,CE,Towers with Radar,3,44,151,2,200,0,3,180,0,183,3,47,331,2,383,398,0,398,781
09/24/2021,FTW,TX,ASW,CE,Towers with Radar,1,48,137,9,195,0,2,156,0,158,1,50,293,9,353,250,6,256,609
09/25/2021,FTW,TX,ASW,CE,Towers with Radar,1,29,77,0,107,0,4,79,1,84,1,33,156,1,191,44,0,44,235
09/26/2021,FTW,TX,ASW,CE,Towers with Radar,0,59,138,0,197,0,3,103,1,107,0,62,241,1,304,38,0,38,342
09/27/2021,FTW,TX,ASW,CE,Towers with Radar,0,31,97,3,131,0,2,119,2,123,0,33,216,5,254,234,0,234,488
09/28/2021,FTW,TX,ASW,CE,Towers with Radar,0,28,108,0,136,0,7,117,0,124,0,35,225,0,260,322,0,322,582
09/29/2021,FTW,TX,ASW,CE,Towers with Radar,0,17,92,5,114,0,3,89,0,92,0,20,181,5,206,272,0,272,478
09/30/2021,FTW,TX,ASW,CE,Towers with Radar,0,37,105,1,143,0,4,60,2,66,0,41,165,3,209,126,0,126,335
10/01/2021,FTW,TX,ASW,CE,Towers with Radar,2,42,108,1,153,0,4,38,0,42,2,46,146,1,195,38,0,38,233
10/02/2021,FTW,TX,ASW,CE,Towers with Radar,0,34,72,2,108,0,5,52,0,57,0,39,124,2,165,38,0,38,203
10/03/2021,FTW,TX,ASW,CE,Towers with Radar,0,47,89,1,137,0,2,88,1,91,0,49,177,2,228,38,0,38,266
10/04/2021,FTW,TX,ASW,CE,Towers with Radar,0,28,91,0,119,0,7,128,0,135,0,35,219,0,254,364,0,364,618
10/05/2021,FTW,TX,ASW,CE,Towers with Radar,0,25,79,0,104,0,8,168,0,176,0,33,247,0,280,502,0,502,782
10/06/2021,FTW,TX,ASW,CE,Towers with Radar,0,40,90,2,132,0,4,159,0,163,0,44,249,2,295,328,0,328,623
10/07/2021,FTW,TX,ASW,CE,Towers with Radar,0,20,82,0,102,0,6,177,0,183,0,26,259,0,285,302,0,302,587
10/08/2021,FTW,TX,ASW,CE,Towers with Radar,3,20,76,1,100,0,5,149,0,154,3,25,225,1,254,292,0,292,546
10/09/2021,FTW,TX,ASW,CE,Towers with Radar,0,25,49,1,75,0,4,115,1,120,0,29,164,2,195,86,0,86,281
10/10/2021,FTW,TX,ASW,CE,Towers with Radar,0,31,92,4,127,0,8,21,2,31,0,39,113,6,158,6,0,6,164
10/11/2021,FTW,TX,ASW,CE,Towers with Radar,0,32,79,2,113,0,6,149,1,156,0,38,228,3,269,326,0,326,595
10/12/2021,FTW,TX,ASW,CE,Towers with Radar,0,43,85,0,128,0,6,38,0,44,0,49,123,0,172,136,0,136,308
10/13/2021,FTW,TX,ASW,CE,Towers with Radar,0,35,76,0,111,0,0,8,0,8,0,35,84,0,119,82,0,82,201
10/14/2021,FTW,TX,ASW,CE,Towers with Radar,0,37,100,0,137,0,3,20,0,23,0,40,120,0,160,26,0,26,186
10/15/2021,FTW,TX,ASW,CE,Towers with Radar,0,32,103,16,151,0,1,38,3,42,0,33,141,19,193,66,14,80,273
10/16/2021,FTW,TX,ASW,CE,Towers with Radar,2,31,56,21,110,0,4,193,3,200,2,35,249,24,310,162,0,162,472
10/17/2021,FTW,TX,ASW,CE,Towers with Radar,0,41,98,18,157,0,0,112,0,112,0,41,210,18,269,92,0,92,361
10/18/2021,FTW,TX,ASW,CE,Towers with Radar,0,23,68,3,94,0,8,158,2,168,0,31,226,5,262,214,0,214,476
10/19/2021,FTW,TX,ASW,CE,Towers with Radar,0,48,92,5,145,0,10,182,2,194,0,58,274,7,339,178,0,178,517
10/20/2021,FTW,TX,ASW,CE,Towers with Radar,1,39,84,4,128,0,1,117,5,123,1,40,201,9,251,352,0,352,603
10/21/2021,FTW,TX,ASW,CE,Towers with Radar,2,25,120,0,147,0,9,170,2,181,2,34,290,2,328,350,0,350,678
10/22/2021,FTW,TX,ASW,CE,Towers with Radar,1,40,108,0,149,0,2,162,0,164,1,42,270,0,313,218,0,218,531
10/23/2021,FTW,TX,ASW,CE,Towers with Radar,3,22,91,14,130,0,0,76,0,76,3,22,167,14,206,130,4,134,340
10/24/2021,FTW,TX,ASW,CE,Towers with Radar,2,31,114,6,153,0,0,44,1,45,2,31,158,7,198,40,0,40,238
10/25/2021,FTW,TX,ASW,CE,Towers with Radar,0,14,95,0,109,0,5,146,0,151,0,19,241,0,260,296,0,296,556
10/26/2021,FTW,TX,ASW,CE,Towers with Radar,1,21,73,5,100,0,7,26,0,33,1,28,99,5,133,90,0,90,223
10/27/2021,FTW,TX,ASW,CE,Towers with Radar,0,21,87,0,108,0,4,57,0,61,0,25,144,0,169,90,0,90,259
10/28/2021,FTW,TX,ASW,CE,Towers with Radar,0,23,84,0,107,0,0,41,0,41,0,23,125,0,148,54,0,54,202
10/29/2021,FTW,TX,ASW,CE,Towers with Radar,2,18,118,0,138,0,4,43,0,47,2,22,161,0,185,64,0,64,249
10/30/2021,FTW,TX,ASW,CE,Towers with Radar,0,18,50,12,80,0,2,179,2,183,0,20,229,14,263,182,24,206,469
10/31/2021,FTW,TX,ASW,CE,Towers with Radar,0,19,62,5,86,0,5,93,3,101,0,24,155,8,187,22,2,24,211
11/01/2021,FTW,TX,ASW,CE,Towers with Radar,0,23,109,0,132,0,9,127,0,136,0,32,236,0,268,326,0,326,594
11/02/2021,FTW,TX,ASW,CE,Towers with Radar,1,53,99,0,153,0,0,27,0,27,1,53,126,0,180,74,0,74,254
11/03/2021,FTW,TX,ASW,CE,Towers with Radar,0,33,60,0,93,0,3,2,0,5,0,36,62,0,98,72,0,72,170
11/04/2021,FTW,TX,ASW,CE,Towers with Radar,0,35,117,0,152,0,4,97,0,101,0,39,214,0,253,454,0,454,707
11/05/2021,FTW,TX,ASW,CE,Towers with Radar,3,28,111,3,145,0,2,163,0,165,3,30,274,3,310,414,0,414,724
11/06/2021,FTW,TX,ASW,CE,Towers with Radar,2,21,90,7,120,0,3,158,1,162,2,24,248,8,282,234,0,234,516
11/07/2021,FTW,TX,ASW,CE,Towers with Radar,0,45,94,0,139,0,5,108,0,113,0,50,202,0,252,172,0,172,424
11/08/2021,FTW,TX,ASW,CE,Towers with Radar,0,45,104,0,149,0,3,124,0,127,0,48,228,0,276,392,0,392,668
11/09/2021,FTW,TX,ASW,CE,Towers with Radar,0,38,112,0,150,0,9,143,0,152,0,47,255,0,302,296,0,296,598
11/10/2021,FTW,TX,ASW,CE,Towers with Radar,0,29,108,0,137,0,6,37,0,43,0,35,145,0,180,152,0,152,332
11/11/2021,FTW,TX,ASW,CE,Towers with Radar,3,51,79,0,133,0,8,191,0,199,3,59,270,0,332,400,0,400,732
11/12/2021,FTW,TX,ASW,CE,Towers with Radar,0,42,113,4,159,0,6,141,3,150,0,48,254,7,309,230,0,230,539
11/13/2021,FTW,TX,ASW,CE,Towers with Radar,0,38,61,19,118,0,9,163,0,172,0,47,224,19,290,264,0,264,554
11/14/2021,FTW,TX,ASW,CE,Towers with Radar,0,34,77,13,124,0,5,105,0,110,0,39,182,13,234,192,2,194,428
11/15/2021,FTW,TX,ASW,CE,Towers with Radar,0,21,91,0,112,0,11,171,1,183,0,32,262,1,295,312,0,312,607
11/16/2021,FTW,TX,ASW,CE,Towers with Radar,1,24,108,0,133,0,4,73,1,78,1,28,181,1,211,136,0,136,347
11/17/2021,FTW,TX,ASW,CE,Towers with Radar,2,41,98,0,141,0,2,65,1,68,2,43,163,1,209,244,0,244,453
11/18/2021,FTW,TX,ASW,CE,Towers with Radar,2,32,83,3,120,0,6,121,0,127,2,38,204,3,247,214,0,214,461
11/19/2021,FTW,TX,ASW,CE,Towers with Radar,2,49,119,3,173,0,5,179,2,186,2,54,298,5,359,218,0,218,577
11/20/2021,FTW,TX,ASW,CE,Towers with Radar,1,45,81,4,131,0,2,160,0,162,1,47,241,4,293,240,0,240,533
11/21/2021,FTW,TX,ASW,CE,Towers with Radar,0,22,88,4,114,0,2,26,2,30,0,24,114,6,144,96,0,96,240
11/22/2021,FTW,TX,ASW,CE,Towers with Radar,0,25,68,0,93,0,5,203,2,210,0,30,271,2,303,470,0,470,773
11/23/2021,FTW,TX,ASW,CE,Towers with Radar,2,42,77,1,122,0,12,136,0,148,2,54,213,1,270,310,0,310,580
11/24/2021,FTW,TX,ASW,CE,Towers with Radar,0,36,87,0,123,0,4,72,2,78,0,40,159,2,201,130,0,130,331
11/25/2021,FTW,TX,ASW,CE,Towers with Radar,0,16,16,0,32,0,1,17,0,18,0,17,33,0,50,18,0,18,68
11/26/2021,FTW,TX,ASW,CE,Towers with Radar,0,27,52,0,79,0,6,91,0,97,0,33,143,0,176,62,0,62,238
11/27/2021,FTW,TX,ASW,CE,Towers with Radar,0,29,89,0,118,0,5,22,0,27,0,34,111,0,145,18,0,18,163
11/28/2021,FTW,TX,ASW,CE,Towers with Radar,0,64,127,0,191,0,4,113,0,117,0,68,240,0,308,100,0,100,408
11/29/2021,FTW,TX,ASW,CE,Towers with Radar,3,50,78,0,131,0,7,145,0,152,3,57,223,0,283,460,0,460,743
11/30/2021,FTW,TX,ASW,CE,Towers with Radar,0,33,71,2,106,0,5,168,0,173,0,38,239,2,279,432,0,432,711
12/01/2021,FTW,TX,ASW,CE,Towers with Radar,0,22,82,0,104,0,5,171,0,176,0,27,253,0,280,480,0,480,760
12/02/2021,FTW,TX,ASW,CE,Towers with Radar,0,33,102,1,136,0,3,158,0,161,0,36,260,1,297,292,0,292,589
12/03/2021,FTW,TX,ASW,CE,Towers with Radar,0,36,92,8,136,0,3,91,0,94,0,39,183,8,230,240,12,252,482
12/04/2021,FTW,TX,ASW,CE,Towers with Radar,0,31,74,23,128,0,4,53,2,59,0,35,127,25,187,156,8,164,351
12/05/2021,FTW,TX,ASW,CE,Towers with Radar,1,29,89,12,131,0,0,34,2,36,1,29,123,14,167,144,0,144,311
12/06/2021,FTW,TX,ASW,CE,Towers with Radar,2,22,89,1,114,0,13,95,0,108,2,35,184,1,222,368,0,368,590
12/07/2021,FTW,TX,ASW,CE,Towers with Radar,3,29,97,2,131,0,11,150,1,162,3,40,247,3,293,482,0,482,775
12/08/2021,FTW,TX,ASW,CE,Towers with Radar,2,32,121,9,164,0,2,72,1,75,2,34,193,10,239,292,0,292,531
12/09/2021,FTW,TX,ASW,CE,Towers with Radar,0,26,101,3,130,0,7,182,2,191,0,33,283,5,321,502,0,502,823
12/10/2021,FTW,TX,ASW,CE,Towers with Radar,0,37,130,13,180,0,7,94,1,102,0,44,224,14,282,366,0,366,648
12/11/2021,FTW,TX,ASW,CE,Towers with Radar,0,15,70,9,94,0,4,137,4,145,0,19,207,13,239,308,2,310,549
12/12/2021,FTW,TX,ASW,CE,Towers with Radar,0,25,93,2,120,0,5,125,4,134,0,30,218,6,254,266,0,266,520
12/13/2021,FTW,TX,ASW,CE,Towers with Radar,0,26,78,4,108,0,1,180,0,181,0,27,258,4,289,500,0,500,789
12/14/2021,FTW,TX,ASW,CE,Towers with Radar,1,31,92,3,127,0,2,64,0,66,1,33,156,3,193,260,0,260,453
12/15/2021,FTW,TX,ASW,CE,Towers with Radar,1,33,94,1,129,0,8,40,0,48,1,41,134,1,177,164,0,164,341
12/16/2021,FTW,TX,ASW,CE,Towers with Radar,0,32,100,0,132,0,8,129,1,138,0,40,229,1,270,464,0,464,734
12/17/2021,FTW,TX,ASW,CE,Towers with Radar,6,38,115,0,159,0,5,87,0,92,6,43,202,0,251,58,0,58,309
12/18/2021,FTW,TX,ASW,CE,Towers with Radar,5,26,80,1,112,0,4,58,1,63,5,30,138,2,175,8,8,16,191
12/19/2021,FTW,TX,ASW,CE,Towers with Radar,0,45,85,1,131,0,5,119,2,126,0,50,204,3,257,166,2,168,425
12/20/2021,FTW,TX,ASW,CE,Towers with Radar,0,29,61,3,93,0,9,133,5,147,0,38,194,8,240,398,6,404,644
12/21/2021,FTW,TX,ASW,CE,Towers with Radar,2,26,81,0,109,0,5,164,0,169,2,31,245,0,278,466,0,466,744
12/22/2021,FTW,TX,ASW,CE,Towers with Radar,5,41,103,0,149,0,3,104,2,109,5,44,207,2,258,350,0,350,608
12/23/2021,FTW,TX,ASW,CE,Towers with Radar,4,40,60,0,104,0,5,149,0,154,4,45,209,0,258,240,0,240,498
12/24/2021,FTW,TX,ASW,CE,Towers with Radar,0,19,34,0,53,0,10,40,0,50,0,29,74,0,103,30,0,30,133
12/25/2021,FTW,TX,ASW,CE,Towers with Radar,0,15,4,0,19,0,1,48,0,49,0,16,52,0,68,90,0,90,158
12/26/2021,FTW,TX,ASW,CE,Towers with Radar,0,28,102,0,130,0,5,23,0,28,0,33,125,0,158,14,0,14,172
12/27/2021,FTW,TX,ASW,CE,Towers with Radar,0,30,86,0,116,0,1,116,0,117,0,31,202,0,233,364,0,364,597
12/28/2021,FTW,TX,ASW,CE,Towers with Radar,1,17,75,0,93,0,9,104,0,113,1,26,179,0,206,152,0,152,358
12/29/2021,FTW,TX,ASW,CE,Towers with Radar,2,21,74,2,99,0,5,90,0,95,2,26,164,2,194,392,0,392,586
12/30/2021,FTW,TX,ASW,CE,Towers with Radar,0,20,67,0,87,0,3,118,0,121,0,23,185,0,208,372,0,372,580
12/31/2021,FTW,TX,ASW,CE,Towers with Radar,1,33,52,0,86,0,1,27,0,28,1,34,79,0,114,56,0,56,170
01/01/2022,FTW,TX,ASW,CE,Towers with Radar,0,19,39,0,58,0,0,12,0,12,0,19,51,0,70,4,0,4,74
01/02/2022,FTW,TX,ASW,CE,Towers with Radar,0,24,74,0,98,0,4,20,0,24,0,28,94,0,122,0,0,0,122
01/03/2022,FTW,TX,ASW,CE,Towers with Radar,0,26,70,0,96,0,0,86,0,86,0,26,156,0,182,314,0,314,496
01/04/2022,FTW,TX,ASW,CE,Towers with Radar,0,29,73,0,102,0,5,82,0,87,0,34,155,0,189,246,0,246,435
01/05/2022,FTW,TX,ASW,CE,Towers with Radar,1,19,56,6,82,0,5,148,1,154,1,24,204,7,236,474,0,474,710
01/06/2022,FTW,TX,ASW,CE,Towers with Radar,0,18,75,5,98,0,4,80,5,89,0,22,155,10,187,204,6,210,397
01/07/2022,FTW,TX,ASW,CE,Towers with Radar,0,16,91,1,108,0,5,129,0,134,0,21,220,1,242,380,0,380,622
01/08/2022,FTW,TX,ASW,CE,Towers with Radar,0,8,34,3,45,0,0,0,0,0,0,8,34,3,45,0,0,0,45
01/09/2022,FTW,TX,ASW,CE,Towers with Radar,2,30,65,0,97,0,2,27,0,29,2,32,92,0,126,44,0,44,170
01/10/2022,FTW,TX,ASW,CE,Towers with Radar,0,27,90,0,117,0,4,146,0,150,0,31,236,0,267,264,0,264,531
01/11/2022,FTW,TX,ASW,CE,Towers with Radar,0,20,73,0,93,0,6,117,2,125,0,26,190,2,218,322,0,322,540
01/12/2022,FTW,TX,ASW,CE,Towers with Radar,3,36,105,0,144,0,6,192,0,198,3,42,297,0,342,402,0,402,744
01/13/2022,FTW,TX,ASW,CE,Towers with Radar,0,23,96,0,119,0,8,147,0,155,0,31,243,0,274,280,0,280,554
01/14/2022,FTW,TX,ASW,CE,Towers with Radar,0,36,87,0,123,0,5,112,0,117,0,41,199,0,240,204,0,204,444
01/15/2022,FTW,TX,ASW,CE,Towers with Radar,2,10,38,5,55,0,0,19,2,21,2,10,57,7,76,0,2,2,78
01/16/2022,FTW,TX,ASW,CE,Towers with Radar,0,24,84,0,108,0,4,82,0,86,0,28,166,0,194,80,0,80,274
01/17/2022,FTW,TX,ASW,CE,Towers with Radar,0,25,65,5,95,0,6,185,2,193,0,31,250,7,288,386,0,386,674
01/18/2022,FTW,TX,ASW,CE,Towers with Radar,0,11,71,5,87,0,6,105,1,112,0,17,176,6,199,138,0,138,337
01/19/2022,FTW,TX,ASW,CE,Towers with Radar,2,25,71,1,99,0,6,88,0,94,2,31,159,1,193,342,0,342,535
01/20/2022,FTW,TX,ASW,CE,Towers with Radar,0,30,93,2,125,0,12,29,0,41,0,42,122,2,166,78,0,78,244
01/21/2022,FTW,TX,ASW,CE,Towers with Radar,0,29,78,43,150,0,3,164,2,169,0,32,242,45,319,444,2,446,765
01/22/2022,FTW,TX,ASW,CE,Towers with Radar,0,25,48,31,104,0,10,139,4,153,0,35,187,35,257,236,54,290,547
01/23/2022,FTW,TX,ASW,CE,Towers with Radar,1,29,71,12,113,0,3,90,0,93,1,32,161,12,206,110,0,110,316
01/24/2022,FTW,TX,ASW,CE,Towers with Radar,0,27,89,0,116,0,9,51,0,60,0,36,140,0,176,258,0,258,434
01/25/2022,FTW,TX,ASW,CE,Towers with Radar,0,20,78,6,104,0,9,124,0,133,0,29,202,6,237,276,0,276,513
01/26/2022,FTW,TX,ASW,CE,Towers with Radar,2,27,81,1,111,0,2,130,0,132,2,29,211,1,243,394,0,394,637
01/27/2022,FTW,TX,ASW,CE,Towers with Radar,0,32,118,5,155,0,2,125,0,127,0,34,243,5,282,382,0,382,664
01/28/2022,FTW,TX,ASW,CE,Towers with Radar,1,33,103,4,141,0,5,118,0,123,1,38,221,4,264,300,0,300,564
01/29/2022,FTW,TX,ASW,CE,Towers with Radar,1,23,79,21,124,0,0,114,6,120,1,23,193,27,244,226,16,242,486
01/30/2022,FTW,TX,ASW,CE,Towers with Radar,0,25,91,3,119,0,0,130,3,133,0,25,221,6,252,130,0,130,382
01/31/2022,FTW,TX,ASW,CE,Towers with Radar,1,25,65,0,91,0,2,97,1,100,1,27,162,1,191,484,0,484,675
02/01/2022,FTW,TX,ASW,CE,Towers with Radar,0,40,92,0,132,0,4,76,0,80,0,44,168,0,212,436,0,436,648
02/02/2022,FTW,TX,ASW,CE,Towers with Radar,1,29,70,0,100,0,2,11,0,13,1,31,81,0,113,126,0,126,239
02/03/2022,FTW,TX,ASW,CE,Towers with Radar,0,1,12,0,13,0,0,0,0,0,0,1,12,0,13,0,0,0,13
02/04/2022,FTW,TX,ASW,CE,Towers with Radar,2,12,67,4,85,0,7,24,1,32,2,19,91,5,117,0,0,0,117
02/05/2022,FTW,TX,ASW,CE,Towers with Radar,2,13,39,0,54,0,2,80,2,84,2,15,119,2,138,120,0,120,258
02/06/2022,FTW,TX,ASW,CE,Towers with Radar,0,25,78,0,103,0,3,92,3,98,0,28,170,3,201,144,0,144,345
02/07/2022,FTW,TX,ASW,CE,Towers with Radar,0,38,75,3,116,0,7,170,4,181,0,45,245,7,297,672,0,672,969
02/08/2022,FTW,TX,ASW,CE,Towers with Radar,5,36,57,1,99,0,8,161,1,170,5,44,218,2,269,258,0,258,527
02/09/2022,FTW,TX,ASW,CE,Towers with Radar,1,27,115,0,143,0,5,193,1,199,1,32,308,1,342,342,0,342,684
02/10/2022,FTW,TX,ASW,CE,Towers with Radar,0,29,95,5,129,0,5,167,1,173,0,34,262,6,302,438,0,438,740
02/11/2022,FTW,TX,ASW,CE,Towers with Radar,0,27,111,14,152,0,5,160,6,171,0,32,271,20,323,274,18,292,615
02/12/2022,FTW,TX,ASW,CE,Towers with Radar,0,21,42,13,76,0,2,63,3,68,0,23,105,16,144,56,32,88,232
02/13/2022,FTW,TX,ASW,CE,Towers with Radar,0,21,49,10,80,0,2,143,2,147,0,23,192,12,227,234,0,234,461
02/14/2022,FTW,TX,ASW,CE,Towers with Radar,0,21,85,2,108,0,3,133,3,139,0,24,218,5,247,344,0,344,591
02/15/2022,FTW,TX,ASW,CE,Towers with Radar,0,33,84,10,127,0,5,46,0,51,0,38,130,10,178,124,2,126,304
02/16/2022,FTW,TX,ASW,CE,Towers with Radar,0,25,106,3,134,0,4,27,0,31,0,29,133,3,165,70,0,70,235
02/17/2022,FTW,TX,ASW,CE,Towers with Radar,0,34,84,0,118,0,2,17,0,19,0,36,101,0,137,68,0,68,205
02/18/2022,FTW,TX,ASW,CE,Towers with Radar,2,41,111,0,154,0,4,164,0,168,2,45,275,0,322,298,0,298,620
02/19/2022,FTW,TX,ASW,CE,Towers with Radar,0,25,52,0,77,0,3,167,0,170,0,28,219,0,247,316,0,316,563
02/20/2022,FTW,TX,ASW,CE,Towers with Radar,0,30,65,2,97,0,2,91,1,94,0,32,156,3,191,93,8,101,292
02/21/2022,FTW,TX,ASW,CE,Towers with Radar,0,19,98,2,119,0,2,51,0,53,0,21,149,2,172,424,0,424,596
02/22/2022,FTW,TX,ASW,CE,Towers with Radar,2,15,124,1,142,0,1,85,1,87,2,16,209,2,229,120,0,120,349
02/23/2022,FTW,TX,ASW,CE,Towers with Radar,0,12,36,2,50,0,1,0,0,1,0,13,36,2,51,0,0,0,51
02/24/2022,FTW,TX,ASW,CE,Towers with Radar,0,16,45,0,61,0,1,0,0,1,0,17,45,0,62,0,0,0,62
02/25/2022,FTW,TX,ASW,CE,Towers with Radar,0,33,105,5,143,0,3,81,0,84,0,36,186,5,227,308,0,308,535
02/26/2022,FTW,TX,ASW,CE,Towers with Radar,2,17,30,3,52,0,2,11,0,13,2,19,41,3,65,28,0,28,93
02/27/2022,FTW,TX,ASW,CE,Towers with Radar,0,33,88,1,122,0,0,111,2,113,0,33,199,3,235,321,0,321,556
02/28/2022,FTW,TX,ASW,CE,Towers with Radar,0,23,79,2,104,0,2,167,0,169,0,25,246,2,273,502,0,502,775
03/01/2022,FTW,TX,ASW,CE,Towers with Radar,0,35,99,0,134,0,2,199,0,201,0,37,298,0,335,568,0,568,903
03/02/2022,FTW,TX,ASW,CE,Towers with Radar,1,25,136,4,166,0,1,182,0,183,1,26,318,4,349,488,0,488,837
03/03/2022,FTW,TX,ASW,CE,Towers with Radar,0,22,124,0,146,0,4,197,0,201,0,26,321,0,347,594,0,594,941
03/04/2022,FTW,TX,ASW,CE,Towers with Radar,0,45,121,26,192,0,4,53,2,59,0,49,174,28,251,294,42,336,587
03/05/2022,FTW,TX,ASW,CE,Towers with Radar,1,22,58,15,96,0,3,49,8,60,1,25,107,23,156,104,94,198,354
03/06/2022,FTW,TX,ASW,CE,Towers with Radar,2,31,90,10,133,0,2,12,0,14,2,33,102,10,147,0,0,0,147
03/07/2022,FTW,TX,ASW,CE,Towers with Radar,0,22,74,1,97,0,4,144,3,151,0,26,218,4,248,442,0,442,690
03/08/2022,FTW,TX,ASW,CE,Towers with Radar,0,19,70,1,90,0,2,36,0,38,0,21,106,1,128,182,0,182,310
03/09/2022,FTW,TX,ASW,CE,Towers with Radar,2,36,103,12,153,0,5,187,0,192,2,41,290,12,345,434,6,440,785
03/10/2022,FTW,TX,ASW,CE,Towers with Radar,0,28,90,10,128,0,13,166,4,183,0,41,256,14,311,534,0,534,845
03/11/2022,FTW,TX,ASW,CE,Towers with Radar,0,36,68,12,116,0,1,11,0,12,0,37,79,12,128,0,0,0,128
03/12/2022,FTW,TX,ASW,CE,Towers with Radar,4,47,100,11,162,0,1,132,2,135,4,48,232,13,297,512,4,516,813
03/13/2022,FTW,TX,ASW,CE,Towers with Radar,2,36,80,5,123,0,2,92,5,99,2,38,172,10,222,174,0,174,396
03/14/2022,FTW,TX,ASW,CE,Towers with Radar,0,22,99,2,123,0,3,47,1,51,0,25,146,3,174,156,0,156,330
03/15/2022,FTW,TX,ASW,CE,Towers with Radar,11,20,74,2,107,0,9,160,0,169,11,29,234,2,276,570,0,570,846
03/16/2022,FTW,TX,ASW,CE,Towers with Radar,4,27,90,0,121,0,1,168,0,169,4,28,258,0,290,604,0,604,894
03/17/2022,FTW,TX,ASW,CE,Towers with Radar,0,33,71,0,104,0,1,59,0,60,0,34,130,0,164,172,0,172,336
03/18/2022,FTW,TX,ASW,CE,Towers with Radar,6,37,93,17,153,0,1,57,0,58,6,38,150,17,211,110,0,110,321
03/19/2022,FTW,TX,ASW,CE,Towers with Radar,4,48,99,1,152,0,4,201,0,205,4,52,300,1,357,482,0,482,839
03/20/2022,FTW,TX,ASW,CE,Towers with Radar,2,36,85,7,130,0,0,84,2,86,2,36,169,9,216,50,0,50,266
03/21/2022,FTW,TX,ASW,CE,Towers with Radar,2,17,48,1,68,0,1,4,0,5,2,18,52,1,73,46,0,46,119
03/22/2022,FTW,TX,ASW,CE,Towers with Radar,0,34,82,2,118,0,1,37,0,38,0,35,119,2,156,164,0,164,320
03/23/2022,FTW,TX,ASW,CE,Towers with Radar,0,22,93,1,116,0,1,121,0,122,0,23,214,1,238,166,0,166,404
03/24/2022,FTW,TX,ASW,CE,Towers with Radar,0,26,120,17,163,0,3,200,3,206,0,29,320,20,369,466,0,466,835
03/25/2022,FTW,TX,ASW,CE,Towers with Radar,0,17,98,21,136,0,2,204,0,206,0,19,302,21,342,638,14,652,994
03/26/2022,FTW,TX,ASW,CE,Towers with Radar,0,16,51,13,80,0,1,180,6,187,0,17,231,19,267,294,0,294,561
03/27/2022,FTW,TX,ASW,CE,Towers with Radar,0,21,91,3,115,0,3,117,1,121,0,24,208,4,236,250,0,250,486
03/28/2022,FTW,TX,ASW,CE,Towers with Radar,0,22,68,1,91,0,3,129,1,133,0,25,197,2,224,454,0,454,678
03/29/2022,FTW,TX,ASW,CE,Towers with Radar,0,18,76,0,94,0,7,34,0,41,0,25,110,0,135,172,0,172,307
03/30/2022,FTW,TX,ASW,CE,Towers with Radar,0,20,68,4,92,0,0,71,1,72,0,20,139,5,164,156,0,156,320
03/31/2022,FTW,TX,ASW,CE,Towers with Radar,0,20,84,0,104,0,5,193,0,198,0,25,277,0,302,554,0,554,856
04/01/2022,FTW,TX,ASW,CE,Towers with Radar,0,30,90,1,121,0,1,186,0,187,0,31,276,1,308,373,0,373,681
04/02/2022,FTW,TX,ASW,CE,Towers with Radar,3,27,37,2,69,0,3,159,1,163,3,30,196,3,232,304,0,304,536
04/03/2022,FTW,TX,ASW,CE,Towers with Radar,0,41,88,8,137,0,4,110,0,114,0,45,198,8,251,168,4,172,423
04/04/2022,FTW,TX,ASW,CE,Towers with Radar,0,15,79,1,95,0,1,34,1,36,0,16,113,2,131,132,2,134,265
04/05/2022,FTW,TX,ASW,CE,Towers with Radar,0,29,87,3,119,0,6,111,5,122,0,35,198,8,241,428,2,430,671
04/06/2022,FTW,TX,ASW,CE,Towers with Radar,0,28,102,1,131,0,3,112,2,117,0,31,214,3,248,180,0,180,428
04/07/2022,FTW,TX,ASW,CE,Towers with Radar,0,20,85,4,109,0,4,75,0,79,0,24,160,4,188,251,0,251,439
04/08/2022,FTW,TX,ASW,CE,Towers with Radar,0,35,102,10,147,0,2,116,1,119,0,37,218,11,266,328,2,330,596
04/09/2022,FTW,TX,ASW,CE,Towers with Radar,0,38,70,4,112,0,5,155,3,163,0,43,225,7,275,286,0,286,561
04/10/2022,FTW,TX,ASW,CE,Towers with Radar,0,30,73,1,104,0,0,15,0,15,0,30,88,1,119,0,0,0,119
04/11/2022,FTW,TX,ASW,CE,Towers with Radar,0,26,76,0,102,0,4,79,0,83,0,30,155,0,185,236,0,236,421
04/12/2022,FTW,TX,ASW,CE,Towers with Radar,0,19,70,0,89,1,7,17,4,29,1,26,87,4,118,166,0,166,284
04/13/2022,FTW,TX,ASW,CE,Towers with Radar,0,31,98,0,129,0,6,48,0,54,0,37,146,0,183,70,0,70,253
04/14/2022,FTW,TX,ASW,CE,Towers with Radar,0,38,116,0,154,0,0,230,0,230,0,38,346,0,384,442,0,442,826
04/15/2022,FTW,TX,ASW,CE,Towers with Radar,0,29,98,2,129,0,0,95,0,95,0,29,193,2,224,438,0,438,662
04/16/2022,FTW,TX,ASW,CE,Towers with Radar,0,10,57,3,70,0,3,29,0,32,0,13,86,3,102,50,0,50,152
04/17/2022,FTW,TX,ASW,CE,Towers with Radar,2,30,57,3,92,0,1,48,0,49,2,31,105,3,141,28,12,40,181
04/18/2022,FTW,TX,ASW,CE,Towers with Radar,2,36,110,3,151,0,9,147,0,156,2,45,257,3,307,314,0,314,621
04/19/2022,FTW,TX,ASW,CE,Towers with Radar,2,26,99,0,127,0,3,83,2,88,2,29,182,2,215,130,0,130,345
04/20/2022,FTW,TX,ASW,CE,Towers with Radar,0,31,99,7,137,0,1,37,0,38,0,32,136,7,175,62,0,62,237
04/21/2022,FTW,TX,ASW,CE,Towers with Radar,0,32,128,3,163,0,3,79,0,82,0,35,207,3,245,152,0,152,397
04/22/2022,FTW,TX,ASW,CE,Towers with Radar,0,27,88,39,154,0,5,55,2,62,0,32,143,41,216,98,36,134,350
04/23/2022,FTW,TX,ASW,CE,Towers with Radar,0,20,63,7,90,0,3,11,1,15,0,23,74,8,105,0,0,0,105
04/24/2022,FTW,TX,ASW,CE,Towers with Radar,0,36,73,4,113,0,5,7,1,13,0,41,80,5,126,16,0,16,142
04/25/2022,FTW,TX,ASW,CE,Towers with Radar,0,35,66,6,107,0,2,81,0,83,0,37,147,6,190,148,0,148,338
04/26/2022,FTW,TX,ASW,CE,Towers with Radar,0,26,78,3,107,0,4,278,3,285,0,30,356,6,392,602,0,602,994
04/27/2022,FTW,TX,ASW,CE,Towers with Radar,2,24,100,3,129,0,9,262,2,273,2,33,362,5,402,484,0,484,886
04/28/2022,FTW,TX,ASW,CE,Towers with Radar,0,33,147,3,183,0,6,108,0,114,0,39,255,3,297,380,0,380,677
04/29/2022,FTW,TX,ASW,CE,Towers with Radar,2,30,96,2,130,0,4,43,0,47,2,34,139,2,177,98,6,104,281
04/30/2022,FTW,TX,ASW,CE,Towers with Radar,0,29,65,1,95,0,3,164,0,167,0,32,229,1,262,306,0,306,568
05/01/2022,FTW,TX,ASW,CE,Towers with Radar,0,26,87,0,113,0,7,69,0,76,0,33,156,0,189,52,0,52,241
05/02/2022,FTW,TX,ASW,CE,Towers with Radar,0,20,80,0,100,0,7,31,0,38,0,27,111,0,138,36,0,36,174
05/03/2022,FTW,TX,ASW,CE,Towers with Radar,0,21,84,4,109,0,2,28,0,30,0,23,112,4,139,218,0,218,357
05/04/2022,FTW,TX,ASW,CE,Towers with Radar,0,22,81,2,105,0,1,33,0,34,0,23,114,2,139,120,0,120,259
05/05/2022,FTW,TX,ASW,CE,Towers with Radar,2,34,107,0,143,0,3,63,0,66,2,37,170,0,209,254,0,254,463
05/06/2022,FTW,TX,ASW,CE,Towers with Radar,0,52,119,3,174,0,7,220,4,231,0,59,339,7,405,312,0,312,717
05/07/2022,FTW,TX,ASW,CE,Towers with Radar,0,23,81,7,111,0,4,72,0,76,0,27,153,7,187,136,2,138,325
05/08/2022,FTW,TX,ASW,CE,Towers with Radar,0,46,94,3,143,0,0,56,0,56,0,46,150,3,199,50,0,50,249
05/09/2022,FTW,TX,ASW,CE,Towers with Radar,0,31,75,2,108,0,2,50,0,52,0,33,125,2,160,188,0,188,348
05/10/2022,FTW,TX,ASW,CE,Towers with Radar,2,23,83,4,112,0,8,119,2,129,2,31,202,6,241,306,0,306,547
05/11/2022,FTW,TX,ASW,CE,Towers with Radar,1,29,110,3,143,0,6,160,1,167,1,35,270,4,310,481,0,481,791
05/12/2022,FTW,TX,ASW,CE,Towers with Radar,0,34,100,0,134,0,3,180,0,183,0,37,280,0,317,338,0,338,655
05/13/2022,FTW,TX,ASW,CE,Towers with Radar,0,39,66,1,106,0,7,173,0,180,0,46,239,1,286,382,0,382,668
05/14/2022,FTW,TX,ASW,CE,Towers with Radar,0,24,49,4,77,0,6,127,0,133,0,30,176,4,210,252,0,252,462
05/15/2022,FTW,TX,ASW,CE,Towers with Radar,0,18,85,4,107,0,5,91,0,96,0,23,176,4,203,38,0,38,241
05/16/2022,FTW,TX,ASW,CE,Towers with Radar,2,27,94,3,126,0,1,153,0,154,2,28,247,3,280,254,0,254,534
05/17/2022,FTW,TX,ASW,CE,Towers with Radar,0,41,135,3,179,0,3,143,1,147,0,44,278,4,326,134,0,134,460
05/18/2022,FTW,TX,ASW,CE,Towers with Radar,0,35,118,2,155,0,2,141,0,143,0,37,259,2,298,204,0,204,502
05/19/2022,FTW,TX,ASW,CE,Towers with Radar,0,34,95,1,130,0,4,103,1,108,0,38,198,2,238,258,0,258,496
05/20/2022,FTW,TX,ASW,CE,Towers with Radar,0,37,87,4,128,0,4,60,0,64,0,41,147,4,192,24,0,24,216
05/21/2022,FTW,TX,ASW,CE,Towers with Radar,0,16,68,8,92,0,0,35,1,36,0,16,103,9,128,84,14,98,226
05/22/2022,FTW,TX,ASW,CE,Towers with Radar,0,34,87,3,124,0,1,75,4,80,0,35,162,7,204,108,0,108,312
05/23/2022,FTW,TX,ASW,CE,Towers with Radar,0,26,85,0,111,0,0,42,1,43,0,26,127,1,154,114,0,114,268
05/24/2022,FTW,TX,ASW,CE,Towers with Radar,0,35,60,0,95,0,1,10,0,11,0,36,70,0,106,114,0,114,220
05/25/2022,FTW,TX,ASW,CE,Towers with Radar,0,42,109,6,157,0,3,70,2,75,0,45,179,8,232,164,0,164,396
05/26/2022,FTW,TX,ASW,CE,Towers with Radar,0,31,119,5,155,0,4,197,1,202,0,35,316,6,357,398,0,398,755
05/27/2022,FTW,TX,ASW,CE,Towers with Radar,0,35,85,2,122,0,7,207,0,214,0,42,292,2,336,306,62,368,704
05/28/2022,FTW,TX,ASW,CE,Towers with Radar,0,22,48,0,70,0,6,112,0,118,0,28,160,0,188,110,0,110,298
05/29/2022,FTW,TX,ASW,CE,Towers with Radar,0,24,42,0,66,0,7,42,0,49,0,31,84,0,115,0,0,0,115
05/30/2022,FTW,TX,ASW,CE,Towers with Radar,0,27,47,0,74,0,1,33,0,34,0,28,80,0,108,14,0,14,122
05/31/2022,FTW,TX,ASW,CE,Towers with Radar,0,16,95,0,111,0,6,109,0,115,0,22,204,0,226,272,0,272,498
06/01/2022,FTW,TX,ASW,CE,Towers with Radar,2,44,61,3,110,0,1,104,4,109,2,45,165,7,219,482,0,482,701
06/02/2022,FTW,TX,ASW,CE,Towers with Radar,0,24,95,2,121,0,5,100,0,105,0,29,195,2,226,544,0,544,770
06/03/2022,FTW,TX,ASW,CE,Towers with Radar,0,13,73,11,97,0,2,77,0,79,0,15,150,11,176,292,0,292,468
06/04/2022,FTW,TX,ASW,CE,Towers with Radar,0,23,79,15,117,0,5,99,2,106,0,28,178,17,223,116,6,122,345
06/05/2022,FTW,TX,ASW,CE,Towers with Radar,0,28,80,8,116,0,2,61,1,64,0,30,141,9,180,28,0,28,208
06/06/2022,FTW,TX,ASW,CE,Towers with Radar,1,33,65,6,105,0,0,137,0,137,1,33,202,6,242,168,0,168,410
06/07/2022,FTW,TX,ASW,CE,Towers with Radar,0,27,77,1,105,0,5,153,1,159,0,32,230,2,264,202,0,202,466
06/08/2022,FTW,TX,ASW,CE,Towers with Radar,0,31,106,0,137,0,3,120,0,123,0,34,226,0,260,234,0,234,494
06/09/2022,FTW,TX,ASW,CE,Towers with Radar,0,31,128,2,161,0,3,131,0,134,0,34,259,2,295,426,0,426,721
06/10/2022,FTW,TX,ASW,CE,Towers with Radar,0,24,85,15,124,0,6,141,3,150,0,30,226,18,274,420,8,428,702
06/11/2022,FTW,TX,ASW,CE,Towers with Radar,0,17,48,12,77,0,1,96,1,98,0,18,144,13,175,188,0,188,363
06/12/2022,FTW,TX,ASW,CE,Towers with Radar,1,30,71,8,110,0,2,63,5,70,1,32,134,13,180,156,0,156,336
06/13/2022,FTW,TX,ASW,CE,Towers with Radar,1,16,63,2,82,0,3,135,2,140,1,19,198,4,222,176,0,176,398
06/14/2022,FTW,TX,ASW,CE,Towers with Radar,0,18,92,3,113,0,6,95,1,102,0,24,187,4,215,200,0,200,415
06/15/2022,FTW,TX,ASW,CE,Towers with Radar,0,29,83,0,112,0,13,151,1,165,0,42,234,1,277,438,0,438,715
06/16/2022,FTW,TX,ASW,CE,Towers with Radar,3,30,90,2,125,0,1,194,2,197,3,31,284,4,322,392,0,392,714
06/17/2022,FTW,TX,ASW,CE,Towers with Radar,0,24,97,2,123,0,5,166,0,171,0,29,263,2,294,324,0,324,618
06/18/2022,FTW,TX,ASW,CE,Towers with Radar,1,18,62,0,81,0,1,98,1,100,1,19,160,1,181,118,0,118,299
06/19/2022,FTW,TX,ASW,CE,Towers with Radar,0,27,66,0,93,0,2,76,0,78,0,29,142,0,171,44,0,44,215
06/20/2022,FTW,TX,ASW,CE,Towers with Radar,0,25,76,2,103,0,4,137,1,142,0,29,213,3,245,392,0,392,637
06/21/2022,FTW,TX,ASW,CE,Towers with Radar,0,19,110,0,129,0,4,172,0,176,0,23,282,0,305,418,0,418,723
06/22/2022,FTW,TX,ASW,CE,Towers with Radar,1,26,78,0,105,0,4,162,2,168,1,30,240,2,273,430,8,438,711
06/23/2022,FTW,TX,ASW,CE,Towers with Radar,0,34,105,0,139,0,0,156,0,156,0,34,261,0,295,487,0,487,782
06/24/2022,FTW,TX,ASW,CE,Towers with Radar,0,27,90,10,127,0,6,169,2,177,0,33,259,12,304,362,14,376,680
06/25/2022,FTW,TX,ASW,CE,Towers with Radar,0,21,60,8,89,0,11,129,1,141,0,32,189,9,230,146,4,150,380
06/26/2022,FTW,TX,ASW,CE,Towers with Radar,0,33,84,10,127,0,1,51,1,53,0,34,135,11,180,32,0,32,212
06/27/2022,FTW,TX,ASW,CE,Towers with Radar,1,35,89,6,131,0,9,140,0,149,1,44,229,6,280,330,0,330,610
06/28/2022,FTW,TX,ASW,CE,Towers with Radar,0,30,87,0,117,0,2,139,0,141,0,32,226,0,258,234,40,274,532
06/29/2022,FTW,TX,ASW,CE,Towers with Radar,0,24,84,4,112,0,3,211,1,215,0,27,295,5,327,518,0,518,845
06/30/2022,FTW,TX,ASW,CE,Towers with Radar,2,34,96,1,133,0,3,206,0,209,2,37,302,1,342,515,0,515,857
07/01/2022,FTW,TX,ASW,CE,Towers with Radar,0,34,92,2,128,0,10,175,1,186,0,44,267,3,314,338,0,338,652
07/02/2022,FTW,TX,ASW,CE,Towers with Radar,0,21,78,1,100,0,2,92,0,94,0,23,170,1,194,96,0,96,290
07/03/2022,FTW,TX,ASW,CE,Towers with Radar,0,9,41,2,52,0,2,46,1,49,0,11,87,3,101,14,0,14,115
07/04/2022,FTW,TX,ASW,CE,Towers with Radar,0,13,32,0,45,0,2,94,0,96,0,15,126,0,141,104,0,104,245
07/05/2022,FTW,TX,ASW,CE,Towers with Radar,0,31,97,2,130,0,9,133,0,142,0,40,230,2,272,358,0,358,630
07/06/2022,FTW,TX,ASW,CE,Towers with Radar,0,23,97,0,120,0,5,147,0,152,0,28,244,0,272,350,0,350,622
07/07/2022,FTW,TX,ASW,CE,Towers with Radar,0,24,89,0,113,0,7,142,0,149,0,31,231,0,262,342,0,342,604
07/08/2022,FTW,TX,ASW,CE,Towers with Radar,0,40,58,8,106,0,4,137,15,156,0,44,195,23,262,257,14,271,533
07/09/2022,FTW,TX,ASW,CE,Towers with Radar,0,31,58,10,99,1,6,118,3,128,1,37,176,13,227,162,0,162,389
07/10/2022,FTW,TX,ASW,CE,Towers with Radar,0,25,75,6,106,0,1,80,7,88,0,26,155,13,194,76,0,76,270
07/11/2022,FTW,TX,ASW,CE,Towers with Radar,0,38,68,4,110,0,0,159,2,161,0,38,227,6,271,332,0,332,603
07/12/2022,FTW,TX,ASW,CE,Towers with Radar,1,38,101,0,140,0,9,179,1,189,1,47,280,1,329,362,0,362,691
07/13/2022,FTW,TX,ASW,CE,Towers with Radar,1,25,93,5,124,0,4,164,0,168,1,29,257,5,292,382,0,382,674
07/14/2022,FTW,TX,ASW,CE,Towers with Radar,0,20,105,0,125,0,4,147,3,154,0,24,252,3,279,262,0,262,541
07/15/2022,FTW,TX,ASW,CE,Towers with Radar,0,28,72,10,110,0,8,179,3,190,0,36,251,13,300,304,20,324,624
07/16/2022,FTW,TX,ASW,CE,Towers with Radar,0,27,70,15,112,0,1,174,3,178,0,28,244,18,290,180,8,188,478
07/17/2022,FTW,TX,ASW,CE,Towers with Radar,0,25,69,3,97,0,3,49,0,52,0,28,118,3,149,54,0,54,203
07/18/2022,FTW,TX,ASW,CE,Towers with Radar,0,23,103,1,127,0,6,119,3,128,0,29,222,4,255,374,8,382,637
07/19/2022,FTW,TX,ASW,CE,Towers with Radar,3,44,96,0,143,0,2,109,3,114,3,46,205,3,257,388,0,388,645
07/20/2022,FTW,TX,ASW,CE,Towers with Radar,0,37,104,1,142,0,4,171,2,177,0,41,275,3,319,448,0,448,767
07/21/2022,FTW,TX,ASW,CE,Towers with Radar,2,36,66,1,105,0,1,139,1,141,2,37,205,2,246,402,0,402,648
07/22/2022,FTW,TX,ASW,CE,Towers with Radar,0,19,78,3,100,0,8,170,0,178,0,27,248,3,278,312,18,330,608
07/23/2022,FTW,TX,ASW,CE,Towers with Radar,0,21,56,3,80,0,12,94,0,106,0,33,150,3,186,202,4,206,392
07/24/2022,FTW,TX,ASW,CE,Towers with Radar,0,36,118,5,159,0,4,102,0,106,0,40,220,5,265,78,0,78,343
07/25/2022,FTW,TX,ASW,CE,Towers with Radar,0,28,72,2,102,0,8,149,0,157,0,36,221,2,259,288,0,288,547
07/26/2022,FTW,TX,ASW,CE,Towers with Radar,0,22,137,6,165,0,6,175,0,181,0,28,312,6,346,398,0,398,744
07/27/2022,FTW,TX,ASW,CE,Towers with Radar,0,34,91,3,128,0,2,177,0,179,0,36,268,3,307,310,0,310,617
07/28/2022,FTW,TX,ASW,CE,Towers with Radar,1,27,82,3,113,0,1,155,3,159,1,28,237,6,272,230,0,230,502
07/29/2022,FTW,TX,ASW,CE,Towers with Radar,0,40,59,3,102,0,6,130,1,137,0,46,189,4,239,220,2,222,461
07/30/2022,FTW,TX,ASW,CE,Towers with Radar,0,22,42,7,71,0,2,103,0,105,0,24,145,7,176,164,8,172,348
07/31/2022,FTW,TX,ASW,CE,Towers with Radar,0,40,104,4,148,0,5,80,0,85,0,45,184,4,233,14,0,14,247
08/01/2022,FTW,TX,ASW,CE,Towers with Radar,1,20,95,1,117,0,2,175,0,177,1,22,270,1,294,450,0,450,744
08/02/2022,FTW,TX,ASW,CE,Towers with Radar,0,35,81,2,118,0,2,186,2,190,0,37,267,4,308,472,0,472,780
08/03/2022,FTW,TX,ASW,CE,Towers with Radar,1,32,109,1,143,0,2,144,2,148,1,34,253,3,291,314,0,314,605
08/04/2022,FTW,TX,ASW,CE,Towers with Radar,0,37,118,8,163,0,6,175,0,181,0,43,293,8,344,378,0,378,722
08/05/2022,FTW,TX,ASW,CE,Towers with Radar,1,33,72,13,119,0,4,142,1,147,1,37,214,14,266,258,0,258,524
08/06/2022,FTW,TX,ASW,CE,Towers with Radar,1,12,62,15,90,0,8,116,1,125,1,20,178,16,215,206,0,206,421
08/07/2022,FTW,TX,ASW,CE,Towers with Radar,0,27,85,18,130,0,5,78,0,83,0,32,163,18,213,36,0,36,249
08/08/2022,FTW,TX,ASW,CE,Towers with Radar,0,32,118,6,156,0,4,154,0,158,0,36,272,6,314,366,0,366,680
08/09/2022,FTW,TX,ASW,CE,Towers with Radar,0,24,90,5,119,0,14,132,0,146,0,38,222,5,265,326,0,326,591
08/10/2022,FTW,TX,ASW,CE,Towers with Radar,0,28,79,5,112,0,2,127,4,133,0,30,206,9,245,326,0,326,571
08/11/2022,FTW,TX,ASW,CE,Towers with Radar,0,35,109,4,148,0,4,171,0,175,0,39,280,4,323,498,0,498,821
08/12/2022,FTW,TX,ASW,CE,Towers with Radar,0,31,114,12,157,0,3,146,5,154,0,34,260,17,311,322,0,322,633
08/13/2022,FTW,TX,ASW,CE,Towers with Radar,0,28,57,0,85,0,3,99,0,102,0,31,156,0,187,152,0,152,339
08/14/2022,FTW,TX,ASW,CE,Towers with Radar,0,32,78,10,120,0,4,125,0,129,0,36,203,10,249,110,0,110,359
08/15/2022,FTW,TX,ASW,CE,Towers with Radar,0,18,95,6,119,0,6,153,2,161,0,24,248,8,280,540,0,540,820
08/16/2022,FTW,TX,ASW,CE,Towers with Radar,0,40,106,0,146,0,4,204,2,210,0,44,310,2,356,440,0,440,796
08/17/2022,FTW,TX,ASW,CE,Towers with Radar,1,31,81,1,114,0,2,120,1,123,1,33,201,2,237,336,0,336,573
08/18/2022,FTW,TX,ASW,CE,Towers with Radar,1,34,65,0,100,0,3,80,0,83,1,37,145,0,183,252,0,252,435
08/19/2022,FTW,TX,ASW,CE,Towers with Radar,0,23,67,16,106,0,1,112,3,116,0,24,179,19,222,458,12,470,692
08/20/2022,FTW,TX,ASW,CE,Towers with Radar,0,23,79,26,128,0,0,68,8,76,0,23,147,34,204,264,8,272,476
08/21/2022,FTW,TX,ASW,CE,Towers with Radar,0,34,81,13,128,0,1,19,1,21,0,35,100,14,149,0,0,0,149
08/22/2022,FTW,TX,ASW,CE,Towers with Radar,0,27,50,0,77,0,0,2,0,2,0,27,52,0,79,6,0,6,85
08/23/2022,FTW,TX,ASW,CE,Towers with Radar,0,38,79,0,117,0,1,17,0,18,0,39,96,0,135,14,0,14,149
08/24/2022,FTW,TX,ASW,CE,Towers with Radar,0,20,99,0,119,0,4,70,2,76,0,24,169,2,195,310,0,310,505
08/25/2022,FTW,TX,ASW,CE,Towers with Radar,0,33,67,0,100,0,10,172,0,182,0,43,239,0,282,352,0,352,634
08/26/2022,FTW,TX,ASW,CE,Towers with Radar,0,23,72,12,107,0,2,160,0,162,0,25,232,12,269,364,10,374,643
08/27/2022,FTW,TX,ASW,CE,Towers with Radar,0,21,49,35,105,0,6,122,2,130,0,27,171,37,235,194,62,256,491
08/28/2022,FTW,TX,ASW,CE,Towers with Radar,0,22,82,7,111,0,2,89,3,94,0,24,171,10,205,142,0,142,347
08/29/2022,FTW,TX,ASW,CE,Towers with Radar,0,12,61,1,74,0,2,147,0,149,0,14,208,1,223,254,0,254,477
08/30/2022,FTW,TX,ASW,CE,Towers with Radar,0,24,60,8,92,0,1,29,1,31,0,25,89,9,123,220,0,220,343
08/31/2022,FTW,TX,ASW,CE,Towers with Radar,0,28,101,0,129,0,0,91,0,91,0,28,192,0,220,374,0,374,594
09/01/2022,FTW,TX,ASW,CE,Towers with Radar,2,23,100,1,126,0,5,70,0,75,2,28,170,1,201,238,0,238,439
09/02/2022,FTW,TX,ASW,CE,Towers with Radar,0,26,89,10,125,0,0,26,2,28,0,26,115,12,153,178,0,178,331
09/03/2022,FTW,TX,ASW,CE,Towers with Radar,0,27,61,0,88,0,3,110,0,113,0,30,171,0,201,296,0,296,497
09/04/2022,FTW,TX,ASW,CE,Towers with Radar,0,15,36,1,52,0,3,86,0,89,0,18,122,1,141,216,0,216,357
09/05/2022,FTW,TX,ASW,CE,Towers with Radar,1,32,88,0,121,0,1,75,0,76,1,33,163,0,197,142,0,142,339
09/06/2022,FTW,TX,ASW,CE,Towers with Radar,0,33,91,3,127,0,3,160,3,166,0,36,251,6,293,510,0,510,803
09/07/2022,FTW,TX,ASW,CE,Towers with Radar,0,31,101,1,133,0,5,177,1,183,0,36,278,2,316,398,0,398,714
09/08/2022,FTW,TX,ASW,CE,Towers with Radar,0,29,110,1,140,0,2,182,0,184,0,31,292,1,324,530,0,530,854
09/09/2022,FTW,TX,ASW,CE,Towers with Radar,0,34,89,0,123,0,3,158,1,162,0,37,247,1,285,264,0,264,549
09/10/2022,FTW,TX,ASW,CE,Towers with Radar,0,26,73,18,117,0,5,190,0,195,0,31,263,18,312,302,0,302,614
09/11/2022,FTW,TX,ASW,CE,Towers with Radar,0,31,138,19,188,0,8,83,1,92,0,39,221,20,280,182,0,182,462
09/12/2022,FTW,TX,ASW,CE,Towers with Radar,0,17,86,5,108,0,13,200,0,213,0,30,286,5,321,486,0,486,807
09/13/2022,FTW,TX,ASW,CE,Towers with Radar,0,33,78,9,120,0,6,198,2,206,0,39,276,11,326,480,2,482,808
09/14/2022,FTW,TX,ASW,CE,Towers with Radar,0,35,83,5,123,0,8,168,3,179,0,43,251,8,302,410,0,410,712
09/15/2022,FTW,TX,ASW,CE,Towers with Radar,0,36,98,0,134,0,13,171,3,187,0,49,269,3,321,406,0,406,727
09/16/2022,FTW,TX,ASW,CE,Towers with Radar,0,37,95,14,146,0,4,177,5,186,0,41,272,19,332,418,30,448,780
09/17/2022,FTW,TX,ASW,CE,Towers with Radar,0,28,82,12,122,0,5,126,0,131,0,33,208,12,253,178,8,186,439
09/18/2022,FTW,TX,ASW,CE,Towers with Radar,2,41,115,12,170,0,2,124,0,126,2,43,239,12,296,46,0,46,342
09/19/2022,FTW,TX,ASW,CE,Towers with Radar,3,34,118,0,155,0,0,208,1,209,3,34,326,1,364,392,0,392,756
09/20/2022,FTW,TX,ASW,CE,Towers with Radar,0,23,80,2,105,0,6,196,2,204,0,29,276,4,309,322,0,322,631
09/21/2022,FTW,TX,ASW,CE,Towers with Radar,0,32,86,2,120,0,6,180,0,186,0,38,266,2,306,392,0,392,698
09/22/2022,FTW,TX,ASW,CE,Towers with Radar,0,33,126,0,159,0,4,169,0,173,0,37,295,0,332,472,0,472,804
09/23/2022,FTW,TX,ASW,CE,Towers with Radar,3,30,94,13,140,0,2,169,4,175,3,32,263,17,315,388,22,410,725
09/24/2022,FTW,TX,ASW,CE,Towers with Radar,1,68,121,6,196,0,6,141,1,148,1,74,262,7,344,220,0,220,564
09/25/2022,FTW,TX,ASW,CE,Towers with Radar,2,53,95,2,152,0,0,63,0,63,2,53,158,2,215,118,0,118,333
09/26/2022,FTW,TX,ASW,CE,Towers with Radar,0,38,102,0,140,0,0,185,0,185,0,38,287,0,325,442,0,442,767
09/27/2022,FTW,TX,ASW,CE,Towers with Radar,0,31,88,2,121,0,5,168,0,173,0,36,256,2,294,318,0,318,612
09/28/2022,FTW,TX,ASW,CE,Towers with Radar,0,35,75,1,111,0,1,194,0,195,0,36,269,1,306,573,0,573,879
09/29/2022,FTW,TX,ASW,CE,Towers with Radar,1,30,79,6,116,0,4,151,0,155,1,34,230,6,271,402,0,402,673
09/30/2022,FTW,TX,ASW,CE,Towers with Radar,0,37,155,10,202,0,4,146,0,150,0,41,301,10,352,400,0,400,752
10/01/2022,FTW,TX,ASW,CE,Towers with Radar,0,27,77,8,112,0,9,128,0,137,0,36,205,8,249,318,0,318,567
10/02/2022,FTW,TX,ASW,CE,Towers with Radar,0,61,117,2,180,0,2,80,1,83,0,63,197,3,263,108,0,108,371
10/03/2022,FTW,TX,ASW,CE,Towers with Radar,0,30,82,2,114,0,5,149,0,154,0,35,231,2,268,355,0,355,623
10/04/2022,FTW,TX,ASW,CE,Towers with Radar,1,40,77,1,119,0,4,187,3,194,1,44,264,4,313,473,0,473,786
10/05/2022,FTW,TX,ASW,CE,Towers with Radar,1,20,109,1,131,0,4,159,0,163,1,24,268,1,294,356,0,356,650
10/06/2022,FTW,TX,ASW,CE,Towers with Radar,1,39,91,0,131,0,5,162,2,169,1,44,253,2,300,464,0,464,764
10/07/2022,FTW,TX,ASW,CE,Towers with Radar,2,36,92,1,131,0,2,127,0,129,2,38,219,1,260,316,0,316,576
10/08/2022,FTW,TX,ASW,CE,Towers with Radar,0,33,63,0,96,0,4,153,0,157,0,37,216,0,253,172,0,172,425
10/09/2022,FTW,TX,ASW,CE,Towers with Radar,2,38,80,0,120,0,1,90,1,92,2,39,170,1,212,102,0,102,314
10/10/2022,FTW,TX,ASW,CE,Towers with Radar,0,35,102,0,137,0,0,129,1,130,0,35,231,1,267,322,0,322,589
10/11/2022,FTW,TX,ASW,CE,Towers with Radar,0,40,109,0,149,0,2,163,0,165,0,42,272,0,314,444,0,444,758
10/12/2022,FTW,TX,ASW,CE,Towers with Radar,1,20,102,2,125,0,7,132,2,141,1,27,234,4,266,312,0,312,578
10/13/2022,FTW,TX,ASW,CE,Towers with Radar,0,33,111,1,145,0,7,144,1,152,0,40,255,2,297,490,0,490,787
10/14/2022,FTW,TX,ASW,CE,Towers with Radar,2,32,101,0,135,0,2,161,1,164,2,34,262,1,299,286,0,286,585
10/15/2022,FTW,TX,ASW,CE,Towers with Radar,2,34,74,1,111,0,2,129,0,131,2,36,203,1,242,68,0,68,310
10/16/2022,FTW,TX,ASW,CE,Towers with Radar,0,24,107,0,131,0,1,13,0,14,0,25,120,0,145,0,0,0,145
10/17/2022,FTW,TX,ASW,CE,Towers with Radar,0,23,76,0,99,0,4,146,0,150,0,27,222,0,249,342,0,342,591
10/18/2022,FTW,TX,ASW,CE,Towers with Radar,0,16,92,2,110,0,5,155,0,160,0,21,247,2,270,292,0,292,562
10/19/2022,FTW,TX,ASW,CE,Towers with Radar,0,29,109,0,138,0,6,160,3,169,0,35,269,3,307,456,0,456,763
10/20/2022,FTW,TX,ASW,CE,Towers with Radar,2,26,113,4,145,0,7,148,1,156,2,33,261,5,301,280,4,284,585
10/21/2022,FTW,TX,ASW,CE,Towers with Radar,2,30,129,33,194,0,1,191,1,193,2,31,320,34,387,296,0,296,683
10/22/2022,FTW,TX,ASW,CE,Towers with Radar,1,27,122,16,166,0,0,67,0,67,1,27,189,16,233,52,0,52,285
10/23/2022,FTW,TX,ASW,CE,Towers with Radar,1,39,198,44,282,0,4,57,4,65,1,43,255,48,347,12,0,12,359
10/24/2022,FTW,TX,ASW,CE,Towers with Radar,0,32,72,5,109,0,1,14,0,15,0,33,86,5,124,34,0,34,158
10/25/2022,FTW,TX,ASW,CE,Towers with Radar,0,27,94,6,127,0,5,85,2,92,0,32,179,8,219,308,0,308,527
10/26/2022,FTW,TX,ASW,CE,Towers with Radar,0,44,123,7,174,0,6,209,2,217,0,50,332,9,391,412,0,412,803
10/27/2022,FTW,TX,ASW,CE,Towers with Radar,0,41,117,0,158,0,0,158,0,158,0,41,275,0,316,516,0,516,832
10/28/2022,FTW,TX,ASW,CE,Towers with Radar,0,17,63,0,80,0,0,7,0,7,0,17,70,0,87,0,0,0,87
10/29/2022,FTW,TX,ASW,CE,Towers with Radar,0,17,69,3,89,0,0,14,0,14,0,17,83,3,103,104,0,104,207
10/30/2022,FTW,TX,ASW,CE,Towers with Radar,0,41,99,6,146,0,0,102,0,102,0,41,201,6,248,76,0,76,324
10/31/2022,FTW,TX,ASW,CE,Towers with Radar,0,25,74,0,99,0,1,138,0,139,0,26,212,0,238,450,0,450,688
11/01/2022,FTW,TX,ASW,CE,Towers with Radar,0,30,102,5,137,0,0,166,2,168,0,30,268,7,305,578,0,578,883
11/02/2022,FTW,TX,ASW,CE,Towers with Radar,0,43,106,6,155,0,1,98,1,100,0,44,204,7,255,350,0,350,605
11/03/2022,FTW,TX,ASW,CE,Towers with Radar,0,46,132,2,180,0,0,35,0,35,0,46,167,2,215,172,0,172,387
11/04/2022,FTW,TX,ASW,CE,Towers with Radar,1,44,80,1,126,0,2,16,0,18,1,46,96,1,144,24,0,24,168
11/05/2022,FTW,TX,ASW,CE,Towers with Radar,0,46,109,8,163,0,0,134,0,134,0,46,243,8,297,174,10,184,481
11/06/2022,FTW,TX,ASW,CE,Towers with Radar,2,55,109,7,173,0,2,98,1,101,2,57,207,8,274,148,0,148,422
11/07/2022,FTW,TX,ASW,CE,Towers with Radar,1,20,92,0,113,0,0,10,2,12,1,20,102,2,125,70,0,70,195
11/08/2022,FTW,TX,ASW,CE,Towers with Radar,0,30,109,0,139,0,0,36,0,36,0,30,145,0,175,274,0,274,449
11/09/2022,FTW,TX,ASW,CE,Towers with Radar,0,23,83,1,107,0,0,138,0,138,0,23,221,1,245,352,0,352,597
11/10/2022,FTW,TX,ASW,CE,Towers with Radar,0,40,107,3,150,0,0,57,0,57,0,40,164,3,207,246,0,246,453
11/11/2022,FTW,TX,ASW,CE,Towers with Radar,0,38,83,2,123,0,1,13,0,14,0,39,96,2,137,26,0,26,163
11/12/2022,FTW,TX,ASW,CE,Towers with Radar,0,22,68,0,90,0,3,146,0,149,0,25,214,0,239,300,0,300,539
11/13/2022,FTW,TX,ASW,CE,Towers with Radar,0,44,87,0,131,0,5,107,0,112,0,49,194,0,243,176,0,176,419
11/14/2022,FTW,TX,ASW,CE,Towers with Radar,0,30,81,0,111,0,0,4,0,4,0,30,85,0,115,32,0,32,147
11/15/2022,FTW,TX,ASW,CE,Towers with Radar,0,29,138,4,171,0,5,139,2,146,0,34,277,6,317,288,0,288,605
11/16/2022,FTW,TX,ASW,CE,Towers with Radar,0,29,117,4,150,0,9,169,0,178,0,38,286,4,328,312,0,312,640
11/17/2022,FTW,TX,ASW,CE,Towers with Radar,0,37,128,1,166,0,7,192,0,199,0,44,320,1,365,560,0,560,925
11/18/2022,FTW,TX,ASW,CE,Towers with Radar,1,24,121,2,148,0,4,131,2,137,1,28,252,4,285,304,0,304,589
11/19/2022,FTW,TX,ASW,CE,Towers with Radar,0,26,74,0,100,0,2,86,3,91,0,28,160,3,191,160,0,160,351
11/20/2022,FTW,TX,ASW,CE,Towers with Radar,2,38,116,4,160,0,0,102,0,102,2,38,218,4,262,74,0,74,336
11/21/2022,FTW,TX,ASW,CE,Towers with Radar,0,30,79,0,109,0,5,92,0,97,0,35,171,0,206,354,0,354,560
11/22/2022,FTW,TX,ASW,CE,Towers with Radar,2,36,130,2,170,0,0,68,3,71,2,36,198,5,241,180,4,184,425
11/23/2022,FTW,TX,ASW,CE,Towers with Radar,0,45,98,0,143,0,0,13,0,13,0,45,111,0,156,70,0,70,226
11/24/2022,FTW,TX,ASW,CE,Towers with Radar,2,4,14,0,20,0,0,0,0,0,2,4,14,0,20,0,0,0,20
11/25/2022,FTW,TX,ASW,CE,Towers with Radar,1,24,49,1,75,0,0,0,0,0,1,24,49,1,75,0,0,0,75
11/26/2022,FTW,TX,ASW,CE,Towers with Radar,4,103,128,0,235,0,1,8,0,9,4,104,136,0,244,0,0,0,244
11/27/2022,FTW,TX,ASW,CE,Towers with Radar,0,33,144,0,177,0,6,130,0,136,0,39,274,0,313,238,0,238,551
11/28/2022,FTW,TX,ASW,CE,Towers with Radar,1,20,71,1,93,0,3,187,4,194,1,23,258,5,287,370,0,370,657
11/29/2022,FTW,TX,ASW,CE,Towers with Radar,2,32,80,11,125,0,4,100,0,104,2,36,180,11,229,330,0,330,559
11/30/2022,FTW,TX,ASW,CE,Towers with Radar,2,28,116,5,151,0,8,193,2,203,2,36,309,7,354,476,0,476,830
12/01/2022,FTW,TX,ASW,CE,Towers with Radar,2,38,125,2,167,0,5,141,0,146,2,43,266,2,313,418,0,418,731
12/02/2022,FTW,TX,ASW,CE,Towers with Radar,0,40,94,4,138,0,2,38,1,41,0,42,132,5,179,80,2,82,261
12/03/2022,FTW,TX,ASW,CE,Towers with Radar,0,21,77,6,104,0,8,162,0,170,0,29,239,6,274,236,0,236,510
12/04/2022,FTW,TX,ASW,CE,Towers with Radar,0,34,122,1,157,0,9,34,1,44,0,43,156,2,201,102,0,102,303
12/05/2022,FTW,TX,ASW,CE,Towers with Radar,1,32,74,2,109,0,2,80,0,82,1,34,154,2,191,194,0,194,385
12/06/2022,FTW,TX,ASW,CE,Towers with Radar,0,55,129,8,192,0,1,163,5,169,0,56,292,13,361,570,4,574,935
12/07/2022,FTW,TX,ASW,CE,Towers with Radar,0,36,104,4,144,0,0,1,0,1,0,36,105,4,145,64,0,64,209
12/08/2022,FTW,TX,ASW,CE,Towers with Radar,1,43,121,4,169,0,0,41,2,43,1,43,162,6,212,324,0,324,536
12/09/2022,FTW,TX,ASW,CE,Towers with Radar,0,38,109,8,155,0,0,9,0,9,0,38,118,8,164,200,0,200,364
12/10/2022,FTW,TX,ASW,CE,Towers with Radar,0,32,37,0,69,0,0,0,0,0,0,32,37,0,69,0,0,0,69
12/11/2022,FTW,TX,ASW,CE,Towers with Radar,0,26,111,0,137,0,0,8,0,8,0,26,119,0,145,0,0,0,145
12/12/2022,FTW,TX,ASW,CE,Towers with Radar,0,19,94,4,117,0,0,2,0,2,0,19,96,4,119,10,0,10,129
12/13/2022,FTW,TX,ASW,CE,Towers with Radar,0,61,180,10,251,0,3,115,4,122,0,64,295,14,373,382,0,382,755
12/14/2022,FTW,TX,ASW,CE,Towers with Radar,1,46,117,4,168,0,24,209,5,238,1,70,326,9,406,348,24,372,778
12/15/2022,FTW,TX,ASW,CE,Towers with Radar,1,37,103,3,144,0,10,181,0,191,1,47,284,3,335,500,0,500,835
12/16/2022,FTW,TX,ASW,CE,Towers with Radar,0,32,88,22,142,0,4,195,1,200,0,36,283,23,342,572,0,572,914
12/17/2022,FTW,TX,ASW,CE,Towers with Radar,0,34,110,4,148,0,3,163,2,168,0,37,273,6,316,248,0,248,564
12/18/2022,FTW,TX,ASW,CE,Towers with Radar,1,28,61,3,93,0,2,83,2,87,1,30,144,5,180,165,0,165,345
12/19/2022,FTW,TX,ASW,CE,Towers with Radar,0,28,65,0,93,0,4,45,0,49,0,32,110,0,142,222,0,222,364
12/20/2022,FTW,TX,ASW,CE,Towers with Radar,0,36,80,1,117,0,1,82,1,84,0,37,162,2,201,412,0,412,613
12/21/2022,FTW,TX,ASW,CE,Towers with Radar,0,17,87,2,106,0,5,139,2,146,0,22,226,4,252,370,0,370,622
12/22/2022,FTW,TX,ASW,CE,Towers with Radar,0,12,43,0,55,0,0,1,0,1,0,12,44,0,56,0,0,0,56
12/23/2022,FTW,TX,ASW,CE,Towers with Radar,1,25,63,0,89,0,6,36,0,42,1,31,99,0,131,2,0,2,133
12/24/2022,FTW,TX,ASW,CE,Towers with Radar,0,11,15,0,26,0,4,45,0,49,0,15,60,0,75,106,0,106,181
12/25/2022,FTW,TX,ASW,CE,Towers with Radar,0,15,9,0,24,0,2,20,0,22,0,17,29,0,46,12,0,12,58
12/26/2022,FTW,TX,ASW,CE,Towers with Radar,0,30,81,0,111,0,3,118,0,121,0,33,199,0,232,86,0,86,318
12/27/2022,FTW,TX,ASW,CE,Towers with Radar,0,36,74,1,111,0,2,180,0,182,0,38,254,1,293,304,0,304,597
12/28/2022,FTW,TX,ASW,CE,Towers with Radar,1,25,54,0,80,0,0,109,0,109,1,25,163,0,189,84,0,84,273
12/29/2022,FTW,TX,ASW,CE,Towers with Radar,4,29,83,5,121,0,3,129,1,133,4,32,212,6,254,322,0,322,576
12/30/2022,FTW,TX,ASW,CE,Towers with Radar,0,25,94,0,119,0,1,131,0,132,0,26,225,0,251,370,0,370,621
12/31/2022,FTW,TX,ASW,CE,Towers with Radar,0,11,52,0,63,0,2,94,0,96,0,13,146,0,159,90,0,90,249
01/01/2023,FTW,TX,ASW,CE,Towers with Radar,3,32,75,0,110,0,1,37,0,38,3,33,112,0,148,48,0,48,196
01/02/2023,FTW,TX,ASW,CE,Towers with Radar,1,28,107,0,136,0,2,18,0,20,1,30,125,0,156,18,0,18,174
01/03/2023,FTW,TX,ASW,CE,Towers with Radar,2,39,83,0,124,0,5,152,2,159,2,44,235,2,283,274,0,274,557
01/04/2023,FTW,TX,ASW,CE,Towers with Radar,2,26,67,0,95,0,7,176,0,183,2,33,243,0,278,352,0,352,630
01/05/2023,FTW,TX,ASW,CE,Towers with Radar,0,18,81,1,100,0,10,143,0,153,0,28,224,1,253,480,0,480,733
01/06/2023,FTW,TX,ASW,CE,Towers with Radar,0,24,91,2,117,0,1,85,2,88,0,25,176,4,205,188,28,216,421
01/07/2023,FTW,TX,ASW,CE,Towers with Radar,5,23,76,4,108,0,3,92,0,95,5,26,168,4,203,44,0,44,247
01/08/2023,FTW,TX,ASW,CE,Towers with Radar,0,33,96,2,131,0,6,90,0,96,0,39,186,2,227,102,0,102,329
01/09/2023,FTW,TX,ASW,CE,Towers with Radar,0,31,81,4,116,0,5,116,0,121,0,36,197,4,237,354,0,354,591
01/10/2023,FTW,TX,ASW,CE,Towers with Radar,4,63,126,7,200,0,1,123,3,127,4,64,249,10,327,224,0,224,551
01/11/2023,FTW,TX,ASW,CE,Towers with Radar,2,38,69,5,114,0,8,88,3,99,2,46,157,8,213,246,0,246,459
01/12/2023,FTW,TX,ASW,CE,Towers with Radar,2,27,82,8,119,0,3,76,3,82,2,30,158,11,201,300,0,300,501
01/13/2023,FTW,TX,ASW,CE,Towers with Radar,1,34,66,6,107,0,3,195,3,201,1,37,261,9,308,404,0,404,712
01/14/2023,FTW,TX,ASW,CE,Towers with Radar,1,31,54,2,88,0,4,151,0,155,1,35,205,2,243,162,0,162,405
01/15/2023,FTW,TX,ASW,CE,Towers with Radar,0,32,50,2,84,0,1,24,0,25,0,33,74,2,109,0,0,0,109
01/16/2023,FTW,TX,ASW,CE,Towers with Radar,0,32,103,3,138,0,2,98,0,100,0,34,201,3,238,334,0,334,572
01/17/2023,FTW,TX,ASW,CE,Towers with Radar,0,28,98,2,128,0,4,169,1,174,0,32,267,3,302,494,0,494,796
01/18/2023,FTW,TX,ASW,CE,Towers with Radar,0,27,74,1,102,0,5,71,0,76,0,32,145,1,178,174,0,174,352
01/19/2023,FTW,TX,ASW,CE,Towers with Radar,0,28,92,2,122,0,16,147,0,163,0,44,239,2,285,530,0,530,815
01/20/2023,FTW,TX,ASW,CE,Towers with Radar,0,24,101,43,168,0,6,169,1,176,0,30,270,44,344,402,20,422,766
01/21/2023,FTW,TX,ASW,CE,Towers with Radar,2,15,58,26,101,0,4,70,3,77,2,19,128,29,178,74,48,122,300
01/22/2023,FTW,TX,ASW,CE,Towers with Radar,0,29,70,30,129,0,3,85,3,91,0,32,155,33,220,34,0,34,254
01/23/2023,FTW,TX,ASW,CE,Towers with Radar,2,15,74,4,95,0,4,166,1,171,2,19,240,5,266,442,0,442,708
01/24/2023,FTW,TX,ASW,CE,Towers with Radar,0,21,33,0,54,0,0,6,0,6,0,21,39,0,60,60,0,60,120
01/25/2023,FTW,TX,ASW,CE,Towers with Radar,1,32,82,0,115,0,8,95,3,106,1,40,177,3,221,275,0,275,496
01/26/2023,FTW,TX,ASW,CE,Towers with Radar,0,26,89,3,118,0,10,186,5,201,0,36,275,8,319,496,0,496,815
01/27/2023,FTW,TX,ASW,CE,Towers with Radar,2,28,92,13,135,0,3,136,1,140,2,31,228,14,275,304,0,304,579
01/28/2023,FTW,TX,ASW,CE,Towers with Radar,3,27,39,4,73,0,5,19,1,25,3,32,58,5,98,52,10,62,160
01/29/2023,FTW,TX,ASW,CE,Towers with Radar,0,18,87,10,115,0,0,2,0,2,0,18,89,10,117,22,0,22,139
01/30/2023,FTW,TX,ASW,CE,Towers with Radar,0,13,48,0,61,0,0,2,0,2,0,13,50,0,63,32,0,32,95
01/31/2023,FTW,TX,ASW,CE,Towers with Radar,0,7,10,0,17,0,0,0,0,0,0,7,10,0,17,0,0,0,17
02/01/2023,FTW,TX,ASW,CE,Towers with Radar,0,1,7,0,8,0,0,0,0,0,0,1,7,0,8,0,0,0,8
02/02/2023,FTW,TX,ASW,CE,Towers with Radar,0,38,35,0,73,0,0,0,0,0,0,38,35,0,73,0,0,0,73
02/03/2023,FTW,TX,ASW,CE,Towers with Radar,2,31,99,6,138,0,2,98,5,105,2,33,197,11,243,260,4,264,507
02/04/2023,FTW,TX,ASW,CE,Towers with Radar,0,21,48,5,74,0,1,89,0,90,0,22,137,5,164,190,4,194,358
02/05/2023,FTW,TX,ASW,CE,Towers with Radar,0,18,60,6,84,0,3,149,0,152,0,21,209,6,236,250,0,250,486
02/06/2023,FTW,TX,ASW,CE,Towers with Radar,0,27,70,1,98,0,4,47,2,53,0,31,117,3,151,278,0,278,429
02/07/2023,FTW,TX,ASW,CE,Towers with Radar,0,35,83,0,118,0,0,8,0,8,0,35,91,0,126,22,0,22,148
02/08/2023,FTW,TX,ASW,CE,Towers with Radar,0,41,84,0,125,0,2,13,0,15,0,43,97,0,140,118,0,118,258
02/09/2023,FTW,TX,ASW,CE,Towers with Radar,0,24,105,3,132,0,7,199,3,209,0,31,304,6,341,702,0,702,1043
02/10/2023,FTW,TX,ASW,CE,Towers with Radar,1,38,104,19,162,0,0,84,1,85,1,38,188,20,247,280,0,280,527
02/11/2023,FTW,TX,ASW,CE,Towers with Radar,0,13,54,27,94,0,3,130,8,141,0,16,184,35,235,266,12,278,513
02/12/2023,FTW,TX,ASW,CE,Towers with Radar,0,28,80,18,126,0,2,76,0,78,0,30,156,18,204,126,0,126,330
02/13/2023,FTW,TX,ASW,CE,Towers with Radar,0,36,92,3,131,0,9,152,2,163,0,45,244,5,294,426,0,426,720
02/14/2023,FTW,TX,ASW,CE,Towers with Radar,0,20,48,1,69,0,6,27,1,34,0,26,75,2,103,98,0,98,201
02/15/2023,FTW,TX,ASW,CE,Towers with Radar,0,30,103,28,161,0,13,113,2,128,0,43,216,30,289,228,22,250,539
02/16/2023,FTW,TX,ASW,CE,Towers with Radar,0,31,91,5,127,0,0,69,3,72,0,31,160,8,199,306,0,306,505
02/17/2023,FTW,TX,ASW,CE,Towers with Radar,4,33,103,0,140,0,4,194,0,198,4,37,297,0,338,452,0,452,790
02/18/2023,FTW,TX,ASW,CE,Towers with Radar,2,14,43,1,60,0,10,113,2,125,2,24,156,3,185,236,0,236,421
02/19/2023,FTW,TX,ASW,CE,Towers with Radar,0,16,65,0,81,0,5,79,1,85,0,21,144,1,166,94,0,94,260
02/20/2023,FTW,TX,ASW,CE,Towers with Radar,1,33,103,3,140,0,4,77,0,81,1,37,180,3,221,58,0,58,279
02/21/2023,FTW,TX,ASW,CE,Towers with Radar,0,27,98,0,125,0,1,138,1,140,0,28,236,1,265,276,0,276,541
02/22/2023,FTW,TX,ASW,CE,Towers with Radar,0,27,75,0,102,0,4,32,2,38,0,31,107,2,140,100,0,100,240
02/23/2023,FTW,TX,ASW,CE,Towers with Radar,0,30,134,1,165,0,4,189,0,193,0,34,323,1,358,594,0,594,952
02/24/2023,FTW,TX,ASW,CE,Towers with Radar,0,33,114,3,150,0,2,39,0,41,0,35,153,3,191,324,0,324,515
02/25/2023,FTW,TX,ASW,CE,Towers with Radar,0,17,58,2,77,0,2,7,0,9,0,19,65,2,86,0,0,0,86
02/26/2023,FTW,TX,ASW,CE,Towers with Radar,0,28,71,5,104,0,1,2,0,3,0,29,73,5,107,0,0,0,107
02/27/2023,FTW,TX,ASW,CE,Towers with Radar,0,23,98,9,130,0,3,132,0,135,0,26,230,9,265,208,0,208,473
02/28/2023,FTW,TX,ASW,CE,Towers with Radar,0,34,86,1,121,0,5,189,1,195,0,39,275,2,316,396,0,396,712
03/01/2023,FTW,TX,ASW,CE,Towers with Radar,0,46,109,0,155,0,4,57,1,62,0,50,166,1,217,310,0,310,527
03/02/2023,FTW,TX,ASW,CE,Towers with Radar,0,37,69,0,106,0,4,44,1,49,0,41,113,1,155,146,0,146,301
03/03/2023,FTW,TX,ASW,CE,Towers with Radar,3,30,99,8,140,0,6,138,0,144,3,36,237,8,284,328,0,328,612
03/04/2023,FTW,TX,ASW,CE,Towers with Radar,2,30,48,18,98,0,2,149,0,151,2,32,197,18,249,198,6,204,453
03/05/2023,FTW,TX,ASW,CE,Towers with Radar,3,25,53,9,90,0,8,94,0,102,3,33,147,9,192,138,5,143,335
03/06/2023,FTW,TX,ASW,CE,Towers with Radar,1,22,81,0,104,0,6,90,2,98,1,28,171,2,202,88,0,88,290
03/07/2023,FTW,TX,ASW,CE,Towers with Radar,1,35,99,0,135,0,4,41,0,45,1,39,140,0,180,184,0,184,364
03/08/2023,FTW,TX,ASW,CE,Towers with Radar,7,27,78,2,114,0,0,11,1,12,7,27,89,3,126,73,0,73,199
03/09/2023,FTW,TX,ASW,CE,Towers with Radar,2,34,85,0,121,0,0,11,0,11,2,34,96,0,132,20,0,20,152
03/10/2023,FTW,TX,ASW,CE,Towers with Radar,1,33,83,1,118,0,4,170,0,174,1,37,253,1,292,511,0,511,803
03/11/2023,FTW,TX,ASW,CE,Towers with Radar,2,36,104,9,151,0,2,44,1,47,2,38,148,10,198,38,10,48,246
03/12/2023,FTW,TX,ASW,CE,Towers with Radar,1,29,95,9,134,0,1,58,0,59,1,30,153,9,193,96,0,96,289
03/13/2023,FTW,TX,ASW,CE,Towers with Radar,1,28,75,0,104,0,8,160,0,168,1,36,235,0,272,394,0,394,666
03/14/2023,FTW,TX,ASW,CE,Towers with Radar,0,24,59,0,83,0,8,136,0,144,0,32,195,0,227,416,0,416,643
03/15/2023,FTW,TX,ASW,CE,Towers with Radar,3,33,94,3,133,0,4,113,3,120,3,37,207,6,253,350,0,350,603
03/16/2023,FTW,TX,ASW,CE,Towers with Radar,0,33,50,8,91,0,1,11,0,12,0,34,61,8,103,56,4,60,163
03/17/2023,FTW,TX,ASW,CE,Towers with Radar,0,29,84,12,125,0,2,101,0,103,0,31,185,12,228,242,2,244,472
03/18/2023,FTW,TX,ASW,CE,Towers with Radar,0,34,86,3,123,0,2,44,0,46,0,36,130,3,169,0,0,0,169
03/19/2023,FTW,TX,ASW,CE,Towers with Radar,1,44,80,5,130,0,2,35,0,37,1,46,115,5,167,0,0,0,167
03/20/2023,FTW,TX,ASW,CE,Towers with Radar,2,38,61,0,101,0,3,134,0,137,2,41,195,0,238,170,0,170,408
03/21/2023,FTW,TX,ASW,CE,Towers with Radar,0,25,70,2,97,0,3,14,0,17,0,28,84,2,114,194,0,194,308
03/22/2023,FTW,TX,ASW,CE,Towers with Radar,0,28,107,2,137,0,5,66,0,71,0,33,173,2,208,228,0,228,436
03/23/2023,FTW,TX,ASW,CE,Towers with Radar,0,40,87,1,128,0,1,65,3,69,0,41,152,4,197,180,0,180,377
03/24/2023,FTW,TX,ASW,CE,Towers with Radar,2,26,112,15,155,0,4,58,1,63,2,30,170,16,218,194,4,198,416
03/25/2023,FTW,TX,ASW,CE,Towers with Radar,0,23,49,2,74,0,1,117,1,119,0,24,166,3,193,164,0,164,357
03/26/2023,FTW,TX,ASW,CE,Towers with Radar,0,48,137,5,190,0,11,109,8,128,0,59,246,13,318,138,0,138,456
03/27/2023,FTW,TX,ASW,CE,Towers with Radar,1,25,65,2,93,0,6,141,1,148,1,31,206,3,241,374,0,374,615
03/28/2023,FTW,TX,ASW,CE,Towers with Radar,0,27,69,7,103,0,5,163,2,170,0,32,232,9,273,326,2,328,601
03/29/2023,FTW,TX,ASW,CE,Towers with Radar,0,34,78,1,113,0,3,146,0,149,0,37,224,1,262,586,0,586,848
03/30/2023,FTW,TX,ASW,CE,Towers with Radar,0,33,90,2,125,0,0,11,0,11,0,33,101,2,136,134,0,134,270
03/31/2023,FTW,TX,ASW,CE,Towers with Radar,0,33,77,6,116,0,1,24,2,27,0,34,101,8,143,32,0,32,175
04/01/2023,FTW,TX,ASW,CE,Towers with Radar,1,35,63,2,101,0,5,189,0,194,1,40,252,2,295,240,0,240,535
04/02/2023,FTW,TX,ASW,CE,Towers with Radar,0,29,88,5,122,0,2,24,0,26,0,31,112,5,148,86,0,86,234
04/03/2023,FTW,TX,ASW,CE,Towers with Radar,0,28,92,1,121,0,19,176,2,197,0,47,268,3,318,426,0,426,744
04/04/2023,FTW,TX,ASW,CE,Towers with Radar,0,21,64,4,89,0,0,42,3,45,0,21,106,7,134,308,0,308,442
04/05/2023,FTW,TX,ASW,CE,Towers with Radar,0,44,92,0,136,0,4,167,3,174,0,48,259,3,310,506,0,506,816
04/06/2023,FTW,TX,ASW,CE,Towers with Radar,1,36,110,5,152,0,10,145,1,156,1,46,255,6,308,420,0,420,728
04/07/2023,FTW,TX,ASW,CE,Towers with Radar,1,17,94,0,112,0,2,57,0,59,1,19,151,0,171,259,0,259,430
04/08/2023,FTW,TX,ASW,CE,Towers with Radar,0,28,43,3,74,0,0,82,0,82,0,28,125,3,156,200,0,200,356
04/09/2023,FTW,TX,ASW,CE,Towers with Radar,0,26,47,0,73,0,3,33,0,36,0,29,80,0,109,76,0,76,185
04/10/2023,FTW,TX,ASW,CE,Towers with Radar,0,50,93,1,144,0,2,107,1,110,0,52,200,2,254,376,6,382,636
04/11/2023,FTW,TX,ASW,CE,Towers with Radar,3,31,62,2,98,0,3,148,0,151,3,34,210,2,249,432,0,432,681
04/12/2023,FTW,TX,ASW,CE,Towers with Radar,0,33,84,3,120,0,4,196,4,204,0,37,280,7,324,398,0,398,722
04/13/2023,FTW,TX,ASW,CE,Towers with Radar,1,34,66,1,102,0,4,192,0,196,1,38,258,1,298,552,0,552,850
04/14/2023,FTW,TX,ASW,CE,Towers with Radar,0,25,89,33,147,0,7,65,4,76,0,32,154,37,223,86,4,90,313
04/15/2023,FTW,TX,ASW,CE,Towers with Radar,1,27,45,4,77,0,4,53,2,59,1,31,98,6,136,12,0,12,148
04/16/2023,FTW,TX,ASW,CE,Towers with Radar,3,30,75,13,121,0,6,109,2,117,3,36,184,15,238,290,0,290,528
04/17/2023,FTW,TX,ASW,CE,Towers with Radar,1,32,105,1,139,0,4,194,4,202,1,36,299,5,341,416,0,416,757
04/18/2023,FTW,TX,ASW,CE,Towers with Radar,0,32,77,2,111,0,5,64,0,69,0,37,141,2,180,269,0,269,449
04/19/2023,FTW,TX,ASW,CE,Towers with Radar,0,37,90,3,130,0,3,46,0,49,0,40,136,3,179,182,0,182,361
04/20/2023,FTW,TX,ASW,CE,Towers with Radar,0,27,85,0,112,0,2,43,0,45,0,29,128,0,157,36,0,36,193
04/21/2023,FTW,TX,ASW,CE,Towers with Radar,0,24,94,8,126,0,3,108,2,113,0,27,202,10,239,158,0,158,397
04/22/2023,FTW,TX,ASW,CE,Towers with Radar,0,19,62,7,88,0,142,324,0,466,0,161,386,7,554,90,0,90,644
04/23/2023,FTW,TX,ASW,CE,Towers with Radar,0,21,76,11,108,0,0,15,0,15,0,21,91,11,123,0,0,0,123
04/24/2023,FTW,TX,ASW,CE,Towers with Radar,0,27,86,7,120,0,3,161,3,167,0,30,247,10,287,276,0,276,563
04/25/2023,FTW,TX,ASW,CE,Towers with Radar,0,17,77,4,98,0,2,35,1,38,0,19,112,5,136,82,0,82,218
04/26/2023,FTW,TX,ASW,CE,Towers with Radar,0,17,64,1,82,0,0,5,0,5,0,17,69,1,87,28,0,28,115
04/27/2023,FTW,TX,ASW,CE,Towers with Radar,0,43,111,3,157,0,4,100,2,106,0,47,211,5,263,274,0,274,537
04/28/2023,FTW,TX,ASW,CE,Towers with Radar,0,42,85,0,127,0,2,66,0,68,0,44,151,0,195,126,0,126,321
04/29/2023,FTW,TX,ASW,CE,Towers with Radar,0,20,48,3,71,0,3,48,0,51,0,23,96,3,122,12,0,12,134
04/30/2023,FTW,TX,ASW,CE,Towers with Radar,0,20,61,1,82,0,4,102,0,106,0,24,163,1,188,94,0,94,282
05/01/2023,FTW,TX,ASW,CE,Towers with Radar,1,25,76,2,104,0,10,170,0,180,1,35,246,2,284,314,0,314,598
05/02/2023,FTW,TX,ASW,CE,Towers with Radar,0,27,79,0,106,0,2,123,0,125,0,29,202,0,231,244,0,244,475
05/03/2023,FTW,TX,ASW,CE,Towers with Radar,0,38,103,0,141,0,5,146,0,151,0,43,249,0,292,228,6,234,526
05/04/2023,FTW,TX,ASW,CE,Towers with Radar,0,36,82,1,119,0,3,110,2,115,0,39,192,3,234,328,0,328,562
05/05/2023,FTW,TX,ASW,CE,Towers with Radar,1,36,97,0,134,0,2,30,0,32,1,38,127,0,166,50,0,50,216
05/06/2023,FTW,TX,ASW,CE,Towers with Radar,1,20,47,0,68,0,0,22,1,23,1,20,69,1,91,0,0,0,91
05/07/2023,FTW,TX,ASW,CE,Towers with Radar,0,39,71,1,111,0,1,13,0,14,0,40,84,1,125,0,0,0,125
05/08/2023,FTW,TX,ASW,CE,Towers with Radar,1,29,77,2,109,0,2,107,0,109,1,31,184,2,218,344,0,344,562
05/09/2023,FTW,TX,ASW,CE,Towers with Radar,0,31,97,2,130,0,1,39,1,41,0,32,136,3,171,262,0,262,433
05/10/2023,FTW,TX,ASW,CE,Towers with Radar,0,34,110,1,145,0,0,21,1,22,0,34,131,2,167,94,0,94,261
05/11/2023,FTW,TX,ASW,CE,Towers with Radar,2,36,85,4,127,0,1,46,0,47,2,37,131,4,174,254,0,254,428
05/12/2023,FTW,TX,ASW,CE,Towers with Radar,0,38,104,0,142,0,3,54,0,57,0,41,158,0,199,348,0,348,547
05/13/2023,FTW,TX,ASW,CE,Towers with Radar,0,27,35,0,62,0,2,46,0,48,0,29,81,0,110,190,0,190,300
05/14/2023,FTW,TX,ASW,CE,Towers with Radar,0,33,53,0,86,0,0,7,0,7,0,33,60,0,93,166,0,166,259
05/15/2023,FTW,TX,ASW,CE,Towers with Radar,0,31,80,2,113,0,3,72,0,75,0,34,152,2,188,416,0,416,604
05/16/2023,FTW,TX,ASW,CE,Towers with Radar,3,31,112,1,147,0,4,181,0,185,3,35,293,1,332,500,0,500,832
05/17/2023,FTW,TX,ASW,CE,Towers with Radar,0,27,98,2,127,0,3,201,0,204,0,30,299,2,331,454,0,454,785
05/18/2023,FTW,TX,ASW,CE,Towers with Radar,0,26,105,0,131,0,2,173,0,175,0,28,278,0,306,574,0,574,880
05/19/2023,FTW,TX,ASW,CE,Towers with Radar,0,36,105,1,142,0,3,128,0,131,0,39,233,1,273,128,0,128,401
05/20/2023,FTW,TX,ASW,CE,Towers with Radar,0,28,56,8,92,0,4,65,4,73,0,32,121,12,165,180,0,180,345
05/21/2023,FTW,TX,ASW,CE,Towers with Radar,1,27,74,7,109,0,4,69,0,73,1,31,143,7,182,78,0,78,260
05/22/2023,FTW,TX,ASW,CE,Towers with Radar,0,34,81,0,115,0,1,108,0,109,0,35,189,0,224,432,0,432,656
05/23/2023,FTW,TX,ASW,CE,Towers with Radar,2,32,96,0,130,0,2,78,0,80,2,34,174,0,210,276,0,276,486
05/24/2023,FTW,TX,ASW,CE,Towers with Radar,1,28,97,2,128,0,1,99,4,104,1,29,196,6,232,380,4,384,616
05/25/2023,FTW,TX,ASW,CE,Towers with Radar,1,36,121,0,158,0,5,175,1,181,1,41,296,1,339,454,0,454,793
05/26/2023,FTW,TX,ASW,CE,Towers with Radar,1,39,69,3,112,0,4,156,1,161,1,43,225,4,273,350,0,350,623
05/27/2023,FTW,TX,ASW,CE,Towers with Radar,1,9,41,0,51,0,4,111,0,115,1,13,152,0,166,236,0,236,402
05/28/2023,FTW,TX,ASW,CE,Towers with Radar,0,20,36,0,56,0,3,48,0,51,0,23,84,0,107,84,0,84,191
05/29/2023,FTW,TX,ASW,CE,Towers with Radar,1,33,56,0,90,0,1,124,0,125,1,34,180,0,215,208,0,208,423
05/30/2023,FTW,TX,ASW,CE,Towers with Radar,0,28,88,0,116,0,6,151,1,158,0,34,239,1,274,360,0,360,634
05/31/2023,FTW,TX,ASW,CE,Towers with Radar,0,18,114,0,132,0,4,162,5,171,0,22,276,5,303,248,0,248,551
06/01/2023,FTW,TX,ASW,CE,Towers with Radar,0,18,99,2,119,0,3,151,0,154,0,21,250,2,273,344,0,344,617
06/02/2023,FTW,TX,ASW,CE,Towers with Radar,0,36,95,9,140,0,2,155,0,157,0,38,250,9,297,246,0,246,543
06/03/2023,FTW,TX,ASW,CE,Towers with Radar,0,25,50,3,78,0,0,68,1,69,0,25,118,4,147,40,0,40,187
06/04/2023,FTW,TX,ASW,CE,Towers with Radar,1,35,81,1,118,0,2,55,0,57,1,37,136,1,175,44,0,44,219
06/05/2023,FTW,TX,ASW,CE,Towers with Radar,1,29,70,3,103,0,2,150,4,156,1,31,220,7,259,450,0,450,709
06/06/2023,FTW,TX,ASW,CE,Towers with Radar,0,28,67,1,96,0,0,122,0,122,0,28,189,1,218,262,0,262,480
06/07/2023,FTW,TX,ASW,CE,Towers with Radar,2,33,79,2,116,0,2,142,0,144,2,35,221,2,260,348,0,348,608
06/08/2023,FTW,TX,ASW,CE,Towers with Radar,0,26,86,0,112,0,1,161,5,167,0,27,247,5,279,304,0,304,583
06/09/2023,FTW,TX,ASW,CE,Towers with Radar,1,26,60,15,102,0,6,174,0,180,1,32,234,15,282,386,0,386,668
06/10/2023,FTW,TX,ASW,CE,Towers with Radar,2,19,29,0,50,0,0,90,0,90,2,19,119,0,140,136,0,136,276
06/11/2023,FTW,TX,ASW,CE,Towers with Radar,3,30,63,3,99,0,4,96,2,102,3,34,159,5,201,84,0,84,285
06/12/2023,FTW,TX,ASW,CE,Towers with Radar,0,33,75,0,108,0,4,91,5,100,0,37,166,5,208,132,0,132,340
06/13/2023,FTW,TX,ASW,CE,Towers with Radar,1,32,92,2,127,0,0,11,2,13,1,32,103,4,140,132,6,138,278
06/14/2023,FTW,TX,ASW,CE,Towers with Radar,0,30,88,0,118,0,5,56,0,61,0,35,144,0,179,260,0,260,439
06/15/2023,FTW,TX,ASW,CE,Towers with Radar,0,29,86,0,115,0,5,84,0,89,0,34,170,0,204,264,0,264,468
06/16/2023,FTW,TX,ASW,CE,Towers with Radar,0,17,94,6,117,0,0,71,1,72,0,17,165,7,189,244,2,246,435
06/17/2023,FTW,TX,ASW,CE,Towers with Radar,0,18,50,1,69,0,4,65,0,69,0,22,115,1,138,260,0,260,398
06/18/2023,FTW,TX,ASW,CE,Towers with Radar,0,20,81,5,106,0,1,84,2,87,0,21,165,7,193,60,0,60,253
06/19/2023,FTW,TX,ASW,CE,Towers with Radar,0,33,91,4,128,0,2,168,0,170,0,35,259,4,298,260,0,260,558
06/20/2023,FTW,TX,ASW,CE,Towers with Radar,0,24,91,7,122,0,1,178,1,180,0,25,269,8,302,296,0,296,598
06/21/2023,FTW,TX,ASW,CE,Towers with Radar,0,20,98,2,120,0,2,102,1,105,0,22,200,3,225,204,0,204,429
06/22/2023,FTW,TX,ASW,CE,Towers with Radar,0,29,108,6,143,0,0,169,0,169,0,29,277,6,312,404,0,404,716
06/23/2023,FTW,TX,ASW,CE,Towers with Radar,0,31,92,5,128,0,2,57,1,60,0,33,149,6,188,134,0,134,322
06/24/2023,FTW,TX,ASW,CE,Towers with Radar,0,18,58,11,87,0,9,129,2,140,0,27,187,13,227,160,0,160,387
06/25/2023,FTW,TX,ASW,CE,Towers with Radar,0,41,92,11,144,0,2,84,2,88,0,43,176,13,232,22,0,22,254
06/26/2023,FTW,TX,ASW,CE,Towers with Radar,0,36,75,3,114,0,4,151,1,156,0,40,226,4,270,227,0,227,497
06/27/2023,FTW,TX,ASW,CE,Towers with Radar,0,41,98,0,139,0,5,135,2,142,0,46,233,2,281,236,0,236,517
06/28/2023,FTW,TX,ASW,CE,Towers with Radar,0,30,86,2,118,0,15,169,0,184,0,45,255,2,302,314,0,314,616
06/29/2023,FTW,TX,ASW,CE,Towers with Radar,0,38,99,1,138,0,1,154,1,156,0,39,253,2,294,322,0,322,616
06/30/2023,FTW,TX,ASW,CE,Towers with Radar,0,20,92,6,118,0,1,135,5,141,0,21,227,11,259,272,0,272,531
07/01/2023,FTW,TX,ASW,CE,Towers with Radar,0,29,51,0,80,0,0,76,0,76,0,29,127,0,156,100,0,100,256
07/02/2023,FTW,TX,ASW,CE,Towers with Radar,0,20,51,1,72,0,6,103,1,110,0,26,154,2,182,173,0,173,355
07/03/2023,FTW,TX,ASW,CE,Towers with Radar,0,5,48,1,54,0,7,137,1,145,0,12,185,2,199,224,0,224,423
07/04/2023,FTW,TX,ASW,CE,Towers with Radar,0,0,35,0,35,0,1,95,0,96,0,1,130,0,131,178,0,178,309
07/05/2023,FTW,TX,ASW,CE,Towers with Radar,0,18,83,2,103,0,2,127,0,129,0,20,210,2,232,180,0,180,412
07/06/2023,FTW,TX,ASW,CE,Towers with Radar,0,28,81,0,109,1,7,142,0,150,1,35,223,0,259,322,0,322,581
07/07/2023,FTW,TX,ASW,CE,Towers with Radar,1,24,75,24,124,0,4,179,4,187,1,28,254,28,311,345,10,355,666
07/08/2023,FTW,TX,ASW,CE,Towers with Radar,0,24,48,20,92,0,0,179,6,185,0,24,227,26,277,202,0,202,479
07/09/2023,FTW,TX,ASW,CE,Towers with Radar,0,29,75,21,125,0,0,76,2,78,0,29,151,23,203,48,0,48,251
07/10/2023,FTW,TX,ASW,CE,Towers with Radar,0,27,69,2,98,0,4,112,5,121,0,31,181,7,219,334,0,334,553
07/11/2023,FTW,TX,ASW,CE,Towers with Radar,1,40,77,2,120,0,3,114,0,117,1,43,191,2,237,372,0,372,609
07/12/2023,FTW,TX,ASW,CE,Towers with Radar,0,25,81,7,113,0,9,189,0,198,0,34,270,7,311,334,0,334,645
07/13/2023,FTW,TX,ASW,CE,Towers with Radar,0,27,84,1,112,0,1,152,1,154,0,28,236,2,266,358,0,358,624
07/14/2023,FTW,TX,ASW,CE,Towers with Radar,0,23,68,20,111,0,4,194,5,203,0,27,262,25,314,334,4,338,652
07/15/2023,FTW,TX,ASW,CE,Towers with Radar,0,18,59,17,94,0,4,88,0,92,0,22,147,17,186,98,1,99,285
07/16/2023,FTW,TX,ASW,CE,Towers with Radar,0,14,69,16,99,0,0,27,0,27,0,14,96,16,126,24,0,24,150
07/17/2023,FTW,TX,ASW,CE,Towers with Radar,0,38,71,1,110,0,0,159,0,159,0,38,230,1,269,220,0,220,489
07/18/2023,FTW,TX,ASW,CE,Towers with Radar,2,26,83,0,111,0,3,176,0,179,2,29,259,0,290,230,0,230,520
07/19/2023,FTW,TX,ASW,CE,Towers with Radar,0,23,126,1,150,0,4,148,2,154,0,27,274,3,304,314,0,314,618
07/20/2023,FTW,TX,ASW,CE,Towers with Radar,2,20,103,6,131,0,4,132,1,137,2,24,235,7,268,272,0,272,540
07/21/2023,FTW,TX,ASW,CE,Towers with Radar,0,27,79,7,113,0,0,145,1,146,0,27,224,8,259,200,0,200,459
07/22/2023,FTW,TX,ASW,CE,Towers with Radar,0,23,53,5,81,0,1,127,0,128,0,24,180,5,209,142,2,144,353
07/23/2023,FTW,TX,ASW,CE,Towers with Radar,1,23,54,4,82,0,3,161,0,164,1,26,215,4,246,342,0,342,588
07/24/2023,FTW,TX,ASW,CE,Towers with Radar,0,23,70,0,93,0,10,138,0,148,0,33,208,0,241,248,0,248,489
07/25/2023,FTW,TX,ASW,CE,Towers with Radar,0,21,75,2,98,0,1,129,2,132,0,22,204,4,230,144,0,144,374
07/26/2023,FTW,TX,ASW,CE,Towers with Radar,2,18,68,0,88,0,0,168,0,168,2,18,236,0,256,340,0,340,596
07/27/2023,FTW,TX,ASW,CE,Towers with Radar,0,28,77,2,107,0,3,195,1,199,0,31,272,3,306,450,10,460,766
07/28/2023,FTW,TX,ASW,CE,Towers with Radar,0,20,63,6,89,0,2,182,2,186,0,22,245,8,275,388,4,392,667
07/29/2023,FTW,TX,ASW,CE,Towers with Radar,0,13,44,0,57,0,0,123,0,123,0,13,167,0,180,284,0,284,464
07/30/2023,FTW,TX,ASW,CE,Towers with Radar,0,19,84,2,105,0,0,89,0,89,0,19,173,2,194,70,0,70,264
07/31/2023,FTW,TX,ASW,CE,Towers with Radar,0,23,76,1,100,0,5,128,1,134,0,28,204,2,234,314,0,314,548
08/01/2023,FTW,TX,ASW,CE,Towers with Radar,0,20,61,0,81,0,0,196,0,196,0,20,257,0,277,182,0,182,459
08/02/2023,FTW,TX,ASW,CE,Towers with Radar,1,30,79,2,112,0,0,183,0,183,1,30,262,2,295,348,0,348,643
08/03/2023,FTW,TX,ASW,CE,Towers with Radar,0,25,101,2,128,0,0,181,0,181,0,25,282,2,309,602,0,602,911
08/04/2023,FTW,TX,ASW,CE,Towers with Radar,1,38,82,5,126,0,1,166,0,167,1,39,248,5,293,400,0,400,693
08/05/2023,FTW,TX,ASW,CE,Towers with Radar,0,14,34,0,48,0,1,113,0,114,0,15,147,0,162,104,0,104,266
08/06/2023,FTW,TX,ASW,CE,Towers with Radar,0,22,71,3,96,0,4,73,1,78,0,26,144,4,174,166,0,166,340
08/07/2023,FTW,TX,ASW,CE,Towers with Radar,0,22,85,1,108,0,6,143,0,149,0,28,228,1,257,320,0,320,577
08/08/2023,FTW,TX,ASW,CE,Towers with Radar,0,24,79,0,103,0,0,145,0,145,0,24,224,0,248,386,0,386,634
08/09/2023,FTW,TX,ASW,CE,Towers with Radar,0,27,86,3,116,0,3,100,1,104,0,30,186,4,220,284,14,298,518
08/10/2023,FTW,TX,ASW,CE,Towers with Radar,0,18,113,0,131,0,2,133,0,135,0,20,246,0,266,108,0,108,374
08/11/2023,FTW,TX,ASW,CE,Towers with Radar,0,36,74,1,111,0,0,113,0,113,0,36,187,1,224,198,0,198,422
08/12/2023,FTW,TX,ASW,CE,Towers with Radar,0,16,58,5,79,0,2,69,0,71,0,18,127,5,150,73,0,73,223
08/13/2023,FTW,TX,ASW,CE,Towers with Radar,0,37,75,6,118,0,0,84,0,84,0,37,159,6,202,102,0,102,304
08/14/2023,FTW,TX,ASW,CE,Towers with Radar,0,28,72,2,102,0,2,149,0,151,0,30,221,2,253,318,0,318,571
08/15/2023,FTW,TX,ASW,CE,Towers with Radar,0,21,79,0,100,0,5,168,3,176,0,26,247,3,276,272,0,272,548
08/16/2023,FTW,TX,ASW,CE,Towers with Radar,0,34,101,0,135,0,3,162,3,168,0,37,263,3,303,452,0,452,755
08/17/2023,FTW,TX,ASW,CE,Towers with Radar,1,27,97,2,127,0,4,138,1,143,1,31,235,3,270,294,0,294,564
08/18/2023,FTW,TX,ASW,CE,Towers with Radar,0,25,67,7,99,0,2,143,0,145,0,27,210,7,244,356,0,356,600
08/19/2023,FTW,TX,ASW,CE,Towers with Radar,1,14,44,5,64,0,10,101,1,112,1,24,145,6,176,120,30,150,326
08/20/2023,FTW,TX,ASW,CE,Towers with Radar,0,29,72,2,103,0,3,91,0,94,0,32,163,2,197,60,0,60,257
08/21/2023,FTW,TX,ASW,CE,Towers with Radar,0,33,78,3,114,0,1,104,0,105,0,34,182,3,219,306,0,306,525
08/22/2023,FTW,TX,ASW,CE,Towers with Radar,0,20,72,0,92,0,5,149,0,154,0,25,221,0,246,316,0,316,562
08/23/2023,FTW,TX,ASW,CE,Towers with Radar,0,30,139,0,169,0,1,164,0,165,0,31,303,0,334,578,0,578,912
08/24/2023,FTW,TX,ASW,CE,Towers with Radar,0,45,91,0,136,0,7,193,2,202,0,52,284,2,338,566,8,574,912
08/25/2023,FTW,TX,ASW,CE,Towers with Radar,0,24,84,41,149,0,4,180,2,186,0,28,264,43,335,410,0,410,745
08/26/2023,FTW,TX,ASW,CE,Towers with Radar,0,9,47,14,70,0,0,109,3,112,0,9,156,17,182,154,6,160,342
08/27/2023,FTW,TX,ASW,CE,Towers with Radar,0,27,64,9,100,0,0,59,2,61,0,27,123,11,161,116,0,116,277
08/28/2023,FTW,TX,ASW,CE,Towers with Radar,0,22,54,0,76,0,2,168,3,173,0,24,222,3,249,250,0,250,499
08/29/2023,FTW,TX,ASW,CE,Towers with Radar,1,14,78,4,97,0,3,152,3,158,1,17,230,7,255,306,6,312,567
08/30/2023,FTW,TX,ASW,CE,Towers with Radar,0,30,82,5,117,0,0,181,1,182,0,30,263,6,299,620,0,620,919
08/31/2023,FTW,TX,ASW,CE,Towers with Radar,0,42,108,0,150,0,3,154,0,157,0,45,262,0,307,512,6,518,825
