01/01/2000,FTY,GA,ASO,ES,Federal Contract Tower,0,0,18,0,18,0,0,17,0,17,0,0,35,0,35,22,0,22,57
01/02/2000,FTY,GA,ASO,ES,Federal Contract Tower,0,5,85,0,90,0,0,14,0,14,0,5,99,0,104,0,0,0,104
01/03/2000,FTY,GA,ASO,ES,Federal Contract Tower,0,7,86,0,93,0,9,32,0,41,0,16,118,0,134,46,0,46,180
01/04/2000,FTY,GA,ASO,ES,Federal Contract Tower,0,9,113,0,122,0,3,45,0,48,0,12,158,0,170,10,0,10,180
01/05/2000,FTY,GA,ASO,ES,Federal Contract Tower,0,11,130,2,143,0,9,104,1,114,0,20,234,3,257,100,0,100,357
01/06/2000,FTY,GA,ASO,ES,Federal Contract Tower,0,10,148,3,161,0,0,136,2,138,0,10,284,5,299,82,0,82,381
01/07/2000,FTY,GA,ASO,ES,Federal Contract Tower,0,6,106,2,114,0,0,101,1,102,0,6,207,3,216,84,0,84,300
01/08/2000,FTY,GA,ASO,ES,Federal Contract Tower,0,3,59,0,62,0,0,99,0,99,0,3,158,0,161,70,0,70,231
01/09/2000,FTY,GA,ASO,ES,Federal Contract Tower,0,0,28,1,29,0,0,0,4,4,0,0,28,5,33,0,0,0,33
01/10/2000,FTY,GA,ASO,ES,Federal Contract Tower,0,8,103,2,113,0,1,90,0,91,0,9,193,2,204,104,0,104,308
01/11/2000,FTY,GA,ASO,ES,Federal Contract Tower,0,10,139,2,151,0,1,128,0,129,0,11,267,2,280,96,0,96,376
01/12/2000,FTY,GA,ASO,ES,Federal Contract Tower,0,12,160,3,175,0,0,93,8,101,0,12,253,11,276,94,0,94,370
01/13/2000,FTY,GA,ASO,ES,Federal Contract Tower,0,10,142,3,155,0,0,62,0,62,0,10,204,3,217,44,0,44,261
01/14/2000,FTY,GA,ASO,ES,Federal Contract Tower,0,5,118,2,125,0,0,114,2,116,0,5,232,4,241,72,0,72,313
01/15/2000,FTY,GA,ASO,ES,Federal Contract Tower,0,2,44,0,46,0,0,91,0,91,0,2,135,0,137,126,0,126,263
01/16/2000,FTY,GA,ASO,ES,Federal Contract Tower,0,6,65,0,71,0,0,62,0,62,0,6,127,0,133,110,0,110,243
01/17/2000,FTY,GA,ASO,ES,Federal Contract Tower,0,3,119,0,122,0,0,65,0,65,0,3,184,0,187,114,0,114,301
01/18/2000,FTY,GA,ASO,ES,Federal Contract Tower,0,11,160,0,171,0,0,36,0,36,0,11,196,0,207,16,0,16,223
01/19/2000,FTY,GA,ASO,ES,Federal Contract Tower,0,9,147,2,158,0,0,83,0,83,0,9,230,2,241,60,0,60,301
01/20/2000,FTY,GA,ASO,ES,Federal Contract Tower,0,9,166,0,175,0,0,68,0,68,0,9,234,0,243,16,0,16,259
01/21/2000,FTY,GA,ASO,ES,Federal Contract Tower,0,9,147,2,158,0,0,107,4,111,0,9,254,6,269,58,0,58,327
01/22/2000,FTY,GA,ASO,ES,Federal Contract Tower,0,1,39,0,40,0,0,34,0,34,0,1,73,0,74,122,0,122,196
01/23/2000,FTY,GA,ASO,ES,Federal Contract Tower,0,2,50,0,52,0,0,1,1,2,0,2,51,1,54,0,0,0,54
01/24/2000,FTY,GA,ASO,ES,Federal Contract Tower,0,11,148,2,161,0,3,12,4,19,0,14,160,6,180,34,0,34,214
01/25/2000,FTY,GA,ASO,ES,Federal Contract Tower,0,9,108,0,117,0,0,85,0,85,0,9,193,0,202,76,0,76,278
01/26/2000,FTY,GA,ASO,ES,Federal Contract Tower,0,9,111,1,121,0,5,90,1,96,0,14,201,2,217,30,0,30,247
01/27/2000,FTY,GA,ASO,ES,Federal Contract Tower,0,9,140,0,149,0,0,143,0,143,0,9,283,0,292,196,0,196,488
01/28/2000,FTY,GA,ASO,ES,Federal Contract Tower,0,7,88,0,95,0,1,55,0,56,0,8,143,0,151,92,0,92,243
01/29/2000,FTY,GA,ASO,ES,Federal Contract Tower,0,0,26,0,26,0,0,2,0,2,0,0,28,0,28,0,0,0,28
01/30/2000,FTY,GA,ASO,ES,Federal Contract Tower,0,15,185,2,202,0,11,0,0,11,0,26,185,2,213,0,0,0,213
01/31/2000,FTY,GA,ASO,ES,Federal Contract Tower,0,14,176,0,190,0,4,57,0,61,0,18,233,0,251,60,0,60,311
02/01/2000,FTY,GA,ASO,ES,Federal Contract Tower,0,8,122,4,134,0,3,124,8,135,0,11,246,12,269,106,0,106,375
02/02/2000,FTY,GA,ASO,ES,Federal Contract Tower,0,8,122,4,134,0,0,108,0,108,0,8,230,4,242,108,0,108,350
02/03/2000,FTY,GA,ASO,ES,Federal Contract Tower,0,9,108,3,120,0,0,123,5,128,0,9,231,8,248,154,0,154,402
02/04/2000,FTY,GA,ASO,ES,Federal Contract Tower,0,7,100,3,110,0,0,113,2,115,0,7,213,5,225,78,0,78,303
02/05/2000,FTY,GA,ASO,ES,Federal Contract Tower,0,1,42,2,45,0,0,43,4,47,0,1,85,6,92,76,0,76,168
02/06/2000,FTY,GA,ASO,ES,Federal Contract Tower,0,0,62,2,64,0,0,76,0,76,0,0,138,2,140,164,0,164,304
02/07/2000,FTY,GA,ASO,ES,Federal Contract Tower,0,9,114,3,126,0,2,127,0,129,0,11,241,3,255,166,0,166,421
02/08/2000,FTY,GA,ASO,ES,Federal Contract Tower,0,9,111,0,120,0,5,136,0,141,0,14,247,0,261,68,0,68,329
02/09/2000,FTY,GA,ASO,ES,Federal Contract Tower,0,9,126,1,136,0,6,129,0,135,0,15,255,1,271,156,0,156,427
02/10/2000,FTY,GA,ASO,ES,Federal Contract Tower,0,8,117,4,129,0,3,96,1,100,0,11,213,5,229,132,0,132,361
02/11/2000,FTY,GA,ASO,ES,Federal Contract Tower,0,7,127,0,134,0,0,81,0,81,0,7,208,0,215,166,0,166,381
02/12/2000,FTY,GA,ASO,ES,Federal Contract Tower,0,2,78,0,80,0,0,31,0,31,0,2,109,0,111,90,0,90,201
02/13/2000,FTY,GA,ASO,ES,Federal Contract Tower,0,4,51,2,57,0,4,8,1,13,0,8,59,3,70,0,0,0,70
02/14/2000,FTY,GA,ASO,ES,Federal Contract Tower,0,8,99,2,109,0,4,48,0,52,0,12,147,2,161,44,0,44,205
02/15/2000,FTY,GA,ASO,ES,Federal Contract Tower,0,10,143,0,153,0,0,167,0,167,0,10,310,0,320,170,0,170,490
02/16/2000,FTY,GA,ASO,ES,Federal Contract Tower,0,9,148,4,161,0,0,99,4,103,0,9,247,8,264,136,0,136,400
02/17/2000,FTY,GA,ASO,ES,Federal Contract Tower,0,8,146,3,157,0,0,118,0,118,0,8,264,3,275,156,0,156,431
02/18/2000,FTY,GA,ASO,ES,Federal Contract Tower,0,7,113,1,121,0,0,16,0,16,0,7,129,1,137,2,0,2,139
02/19/2000,FTY,GA,ASO,ES,Federal Contract Tower,0,6,77,1,84,0,0,58,0,58,0,6,135,1,142,70,0,70,212
02/20/2000,FTY,GA,ASO,ES,Federal Contract Tower,0,4,91,0,95,0,0,122,0,122,0,4,213,0,217,174,0,174,391
02/21/2000,FTY,GA,ASO,ES,Federal Contract Tower,0,2,114,0,116,0,0,130,0,130,0,2,244,0,246,140,0,140,386
02/22/2000,FTY,GA,ASO,ES,Federal Contract Tower,0,12,151,3,166,0,4,127,3,134,0,16,278,6,300,160,0,160,460
02/23/2000,FTY,GA,ASO,ES,Federal Contract Tower,0,11,146,2,159,0,0,107,0,107,0,11,253,2,266,152,0,152,418
02/24/2000,FTY,GA,ASO,ES,Federal Contract Tower,0,11,181,4,196,0,0,72,4,76,0,11,253,8,272,98,0,98,370
02/25/2000,FTY,GA,ASO,ES,Federal Contract Tower,0,5,123,3,131,0,0,158,2,160,0,5,281,5,291,70,0,70,361
02/26/2000,FTY,GA,ASO,ES,Federal Contract Tower,0,5,60,0,65,0,1,108,0,109,0,6,168,0,174,134,0,134,308
02/27/2000,FTY,GA,ASO,ES,Federal Contract Tower,0,1,66,0,67,0,0,25,0,25,0,1,91,0,92,66,0,66,158
02/28/2000,FTY,GA,ASO,ES,Federal Contract Tower,0,10,133,3,146,0,15,97,2,114,0,25,230,5,260,144,0,144,404
02/29/2000,FTY,GA,ASO,ES,Federal Contract Tower,0,10,130,0,140,0,6,134,0,140,0,16,264,0,280,172,0,172,452
03/01/2000,FTY,GA,ASO,ES,Federal Contract Tower,0,9,111,2,122,0,3,107,0,110,0,12,218,2,232,192,0,192,424
03/02/2000,FTY,GA,ASO,ES,Federal Contract Tower,0,9,141,4,154,0,0,158,2,160,0,9,299,6,314,172,0,172,486
03/03/2000,FTY,GA,ASO,ES,Federal Contract Tower,0,10,141,4,155,0,1,114,1,116,0,11,255,5,271,174,0,174,445
03/04/2000,FTY,GA,ASO,ES,Federal Contract Tower,0,2,49,0,51,0,0,24,0,24,0,2,73,0,75,14,0,14,89
03/05/2000,FTY,GA,ASO,ES,Federal Contract Tower,0,1,62,0,63,0,0,153,0,153,0,1,215,0,216,176,0,176,392
03/06/2000,FTY,GA,ASO,ES,Federal Contract Tower,0,8,114,0,122,0,9,113,0,122,0,17,227,0,244,170,0,170,414
03/07/2000,FTY,GA,ASO,ES,Federal Contract Tower,0,10,142,0,152,0,6,154,0,160,0,16,296,0,312,138,0,138,450
03/08/2000,FTY,GA,ASO,ES,Federal Contract Tower,0,10,131,3,144,0,0,113,1,114,0,10,244,4,258,208,0,208,466
03/09/2000,FTY,GA,ASO,ES,Federal Contract Tower,0,8,141,4,153,0,0,90,1,91,0,8,231,5,244,274,0,274,518
03/10/2000,FTY,GA,ASO,ES,Federal Contract Tower,0,5,127,3,135,0,0,41,6,47,0,5,168,9,182,42,0,42,224
03/11/2000,FTY,GA,ASO,ES,Federal Contract Tower,0,3,42,0,45,0,0,12,0,12,0,3,54,0,57,56,0,56,113
03/12/2000,FTY,GA,ASO,ES,Federal Contract Tower,0,4,83,0,87,0,0,100,0,100,0,4,183,0,187,128,0,128,315
03/13/2000,FTY,GA,ASO,ES,Federal Contract Tower,0,9,117,3,129,0,3,139,3,145,0,12,256,6,274,196,0,196,470
03/14/2000,FTY,GA,ASO,ES,Federal Contract Tower,0,9,123,3,135,0,2,119,0,121,0,11,242,3,256,146,0,146,402
03/15/2000,FTY,GA,ASO,ES,Federal Contract Tower,0,7,150,0,157,0,0,138,0,138,0,7,288,0,295,122,0,122,417
03/16/2000,FTY,GA,ASO,ES,Federal Contract Tower,0,10,126,3,139,0,7,8,2,17,0,17,134,5,156,6,0,6,162
03/17/2000,FTY,GA,ASO,ES,Federal Contract Tower,0,9,125,3,137,0,1,82,2,85,0,10,207,5,222,112,0,112,334
03/18/2000,FTY,GA,ASO,ES,Federal Contract Tower,0,1,74,0,75,0,0,64,0,64,0,1,138,0,139,50,0,50,189
03/19/2000,FTY,GA,ASO,ES,Federal Contract Tower,0,1,72,0,73,0,0,15,0,15,0,1,87,0,88,2,0,2,90
03/20/2000,FTY,GA,ASO,ES,Federal Contract Tower,0,9,127,2,138,0,3,100,1,104,0,12,227,3,242,156,0,156,398
03/21/2000,FTY,GA,ASO,ES,Federal Contract Tower,0,12,166,3,181,0,0,171,0,171,0,12,337,3,352,116,0,116,468
03/22/2000,FTY,GA,ASO,ES,Federal Contract Tower,0,12,190,0,202,0,0,117,0,117,0,12,307,0,319,124,0,124,443
03/23/2000,FTY,GA,ASO,ES,Federal Contract Tower,0,5,161,3,169,0,0,142,7,149,0,5,303,10,318,188,0,188,506
03/24/2000,FTY,GA,ASO,ES,Federal Contract Tower,0,6,130,2,138,0,0,144,0,144,0,6,274,2,282,118,0,118,400
03/25/2000,FTY,GA,ASO,ES,Federal Contract Tower,0,1,37,0,38,0,0,129,4,133,0,1,166,4,171,366,0,366,537
03/26/2000,FTY,GA,ASO,ES,Federal Contract Tower,0,3,66,0,69,0,0,116,0,116,0,3,182,0,185,110,0,110,295
03/27/2000,FTY,GA,ASO,ES,Federal Contract Tower,0,10,147,3,160,0,7,18,0,25,0,17,165,3,185,2,0,2,187
03/28/2000,FTY,GA,ASO,ES,Federal Contract Tower,0,10,146,3,159,0,8,77,32,117,0,18,223,35,276,30,0,30,306
03/29/2000,FTY,GA,ASO,ES,Federal Contract Tower,0,9,123,1,133,0,4,118,0,122,0,13,241,1,255,102,0,102,357
03/30/2000,FTY,GA,ASO,ES,Federal Contract Tower,0,10,151,2,163,0,0,121,0,121,0,10,272,2,284,88,0,88,372
03/31/2000,FTY,GA,ASO,ES,Federal Contract Tower,0,4,119,0,123,0,0,162,0,162,0,4,281,0,285,100,0,100,385
04/01/2000,FTY,GA,ASO,ES,Federal Contract Tower,0,1,68,0,69,0,0,113,0,113,0,1,181,0,182,102,0,102,284
04/02/2000,FTY,GA,ASO,ES,Federal Contract Tower,0,0,60,0,60,0,0,10,0,10,0,0,70,0,70,2,0,2,72
04/03/2000,FTY,GA,ASO,ES,Federal Contract Tower,0,9,101,0,110,0,2,29,0,31,0,11,130,0,141,14,0,14,155
04/04/2000,FTY,GA,ASO,ES,Federal Contract Tower,0,14,172,1,187,0,11,31,0,42,0,25,203,1,229,2,0,2,231
04/05/2000,FTY,GA,ASO,ES,Federal Contract Tower,0,13,152,0,165,0,2,154,0,156,0,15,306,0,321,206,0,206,527
04/06/2000,FTY,GA,ASO,ES,Federal Contract Tower,0,14,167,2,183,0,5,129,0,134,0,19,296,2,317,112,0,112,429
04/07/2000,FTY,GA,ASO,ES,Federal Contract Tower,0,12,140,1,153,0,4,160,0,164,0,16,300,1,317,108,0,108,425
04/08/2000,FTY,GA,ASO,ES,Federal Contract Tower,0,3,54,0,57,0,0,26,0,26,0,3,80,0,83,10,0,10,93
04/09/2000,FTY,GA,ASO,ES,Federal Contract Tower,0,3,59,0,62,0,0,101,0,101,0,3,160,0,163,146,0,146,309
04/10/2000,FTY,GA,ASO,ES,Federal Contract Tower,0,11,135,2,148,0,2,132,0,134,0,13,267,2,282,192,0,192,474
04/11/2000,FTY,GA,ASO,ES,Federal Contract Tower,0,11,131,2,144,0,5,145,4,154,0,16,276,6,298,168,0,168,466
04/12/2000,FTY,GA,ASO,ES,Federal Contract Tower,0,10,127,1,138,0,3,66,0,69,0,13,193,1,207,104,0,104,311
04/13/2000,FTY,GA,ASO,ES,Federal Contract Tower,0,13,157,0,170,0,3,34,0,37,0,16,191,0,207,26,0,26,233
04/14/2000,FTY,GA,ASO,ES,Federal Contract Tower,0,5,130,0,135,0,0,13,0,13,0,5,143,0,148,0,0,0,148
04/15/2000,FTY,GA,ASO,ES,Federal Contract Tower,0,3,60,0,63,0,0,45,0,45,0,3,105,0,108,72,0,72,180
04/16/2000,FTY,GA,ASO,ES,Federal Contract Tower,0,3,59,0,62,0,0,134,0,134,0,3,193,0,196,268,0,268,464
04/17/2000,FTY,GA,ASO,ES,Federal Contract Tower,0,10,123,1,134,0,12,89,2,103,0,22,212,3,237,110,0,110,347
04/18/2000,FTY,GA,ASO,ES,Federal Contract Tower,0,12,163,1,176,0,0,116,3,119,0,12,279,4,295,66,0,66,361
04/19/2000,FTY,GA,ASO,ES,Federal Contract Tower,0,13,155,1,169,0,3,196,2,201,0,16,351,3,370,188,0,188,558
04/20/2000,FTY,GA,ASO,ES,Federal Contract Tower,0,9,154,0,163,0,0,141,0,141,0,9,295,0,304,212,0,212,516
04/21/2000,FTY,GA,ASO,ES,Federal Contract Tower,0,8,109,0,117,0,0,99,1,100,0,8,208,1,217,186,0,186,403
04/22/2000,FTY,GA,ASO,ES,Federal Contract Tower,0,1,26,0,27,0,0,72,0,72,0,1,98,0,99,92,0,92,191
04/23/2000,FTY,GA,ASO,ES,Federal Contract Tower,0,1,55,0,56,0,0,58,2,60,0,1,113,2,116,94,0,94,210
04/24/2000,FTY,GA,ASO,ES,Federal Contract Tower,0,8,120,0,128,0,0,39,0,39,0,8,159,0,167,40,0,40,207
04/25/2000,FTY,GA,ASO,ES,Federal Contract Tower,0,12,189,0,201,0,0,56,0,56,0,12,245,0,257,176,0,176,433
04/26/2000,FTY,GA,ASO,ES,Federal Contract Tower,0,12,143,0,155,0,3,125,0,128,0,15,268,0,283,246,6,252,535
04/27/2000,FTY,GA,ASO,ES,Federal Contract Tower,0,7,128,0,135,0,0,160,0,160,0,7,288,0,295,280,0,280,575
04/28/2000,FTY,GA,ASO,ES,Federal Contract Tower,0,6,132,1,139,0,0,80,3,83,0,6,212,4,222,130,0,130,352
04/29/2000,FTY,GA,ASO,ES,Federal Contract Tower,0,2,38,0,40,0,0,79,1,80,0,2,117,1,120,92,0,92,212
04/30/2000,FTY,GA,ASO,ES,Federal Contract Tower,0,0,65,0,65,0,0,122,3,125,0,0,187,3,190,202,0,202,392
05/01/2000,FTY,GA,ASO,ES,Federal Contract Tower,0,7,112,2,121,0,3,112,0,115,0,10,224,2,236,110,0,110,346
05/02/2000,FTY,GA,ASO,ES,Federal Contract Tower,0,11,162,3,176,0,2,101,1,104,0,13,263,4,280,140,0,140,420
05/03/2000,FTY,GA,ASO,ES,Federal Contract Tower,0,9,141,2,152,0,11,58,0,69,0,20,199,2,221,86,4,90,311
05/04/2000,FTY,GA,ASO,ES,Federal Contract Tower,0,8,184,0,192,0,0,109,0,109,0,8,293,0,301,122,0,122,423
05/05/2000,FTY,GA,ASO,ES,Federal Contract Tower,0,9,125,2,136,0,0,131,4,135,0,9,256,6,271,80,0,80,351
05/06/2000,FTY,GA,ASO,ES,Federal Contract Tower,0,2,40,0,42,0,0,123,0,123,0,2,163,0,165,188,0,188,353
05/07/2000,FTY,GA,ASO,ES,Federal Contract Tower,0,1,68,0,69,0,0,91,0,91,0,1,159,0,160,132,0,132,292
05/08/2000,FTY,GA,ASO,ES,Federal Contract Tower,0,9,115,2,126,0,5,102,3,110,0,14,217,5,236,114,2,116,352
05/09/2000,FTY,GA,ASO,ES,Federal Contract Tower,0,11,134,0,145,0,9,129,0,138,0,20,263,0,283,188,0,188,471
05/10/2000,FTY,GA,ASO,ES,Federal Contract Tower,0,9,112,1,122,0,0,74,0,74,0,9,186,1,196,96,0,96,292
05/11/2000,FTY,GA,ASO,ES,Federal Contract Tower,0,11,153,3,167,0,3,107,2,112,0,14,260,5,279,216,2,218,497
05/12/2000,FTY,GA,ASO,ES,Federal Contract Tower,0,4,156,3,163,0,0,120,1,121,0,4,276,4,284,86,0,86,370
05/13/2000,FTY,GA,ASO,ES,Federal Contract Tower,0,1,33,0,34,0,0,85,0,85,0,1,118,0,119,182,0,182,301
05/14/2000,FTY,GA,ASO,ES,Federal Contract Tower,0,0,54,0,54,0,0,84,0,84,0,0,138,0,138,156,0,156,294
05/15/2000,FTY,GA,ASO,ES,Federal Contract Tower,0,7,137,2,146,0,0,132,4,136,0,7,269,6,282,142,0,142,424
05/16/2000,FTY,GA,ASO,ES,Federal Contract Tower,0,12,175,3,190,0,0,174,2,176,0,12,349,5,366,116,0,116,482
05/17/2000,FTY,GA,ASO,ES,Federal Contract Tower,0,11,168,3,182,0,0,159,1,160,0,11,327,4,342,196,0,196,538
05/18/2000,FTY,GA,ASO,ES,Federal Contract Tower,0,9,178,1,188,0,0,120,0,120,0,9,298,1,308,126,0,126,434
05/19/2000,FTY,GA,ASO,ES,Federal Contract Tower,0,5,124,1,130,0,0,149,4,153,0,5,273,5,283,278,0,278,561
05/20/2000,FTY,GA,ASO,ES,Federal Contract Tower,0,1,45,0,46,0,0,104,1,105,0,1,149,1,151,108,0,108,259
05/21/2000,FTY,GA,ASO,ES,Federal Contract Tower,0,0,76,0,76,0,0,55,0,55,0,0,131,0,131,94,0,94,225
05/22/2000,FTY,GA,ASO,ES,Federal Contract Tower,0,10,135,0,145,0,0,118,0,118,0,10,253,0,263,190,0,190,453
05/23/2000,FTY,GA,ASO,ES,Federal Contract Tower,0,9,135,1,145,0,0,99,3,102,0,9,234,4,247,114,6,120,367
05/24/2000,FTY,GA,ASO,ES,Federal Contract Tower,0,11,152,2,165,0,0,126,4,130,0,11,278,6,295,104,0,104,399
05/25/2000,FTY,GA,ASO,ES,Federal Contract Tower,0,12,157,2,171,0,7,90,5,102,0,19,247,7,273,124,6,130,403
05/26/2000,FTY,GA,ASO,ES,Federal Contract Tower,0,9,121,0,130,0,2,93,0,95,0,11,214,0,225,130,0,130,355
05/27/2000,FTY,GA,ASO,ES,Federal Contract Tower,0,5,60,0,65,0,2,80,0,82,0,7,140,0,147,150,0,150,297
05/28/2000,FTY,GA,ASO,ES,Federal Contract Tower,0,2,27,0,29,0,2,34,0,36,0,4,61,0,65,62,0,62,127
05/29/2000,FTY,GA,ASO,ES,Federal Contract Tower,0,1,52,0,53,0,0,79,0,79,0,1,131,0,132,50,0,50,182
05/30/2000,FTY,GA,ASO,ES,Federal Contract Tower,0,12,157,0,169,0,6,127,0,133,0,18,284,0,302,178,0,178,480
05/31/2000,FTY,GA,ASO,ES,Federal Contract Tower,0,10,144,0,154,0,4,117,0,121,0,14,261,0,275,118,0,118,393
06/01/2000,FTY,GA,ASO,ES,Federal Contract Tower,0,11,142,4,157,0,0,137,0,137,0,11,279,4,294,208,0,208,502
06/02/2000,FTY,GA,ASO,ES,Federal Contract Tower,0,5,131,0,136,0,0,149,0,149,0,5,280,0,285,124,0,124,409
06/03/2000,FTY,GA,ASO,ES,Federal Contract Tower,0,4,63,0,67,0,0,116,0,116,0,4,179,0,183,142,0,142,325
06/04/2000,FTY,GA,ASO,ES,Federal Contract Tower,0,0,81,0,81,0,0,61,0,61,0,0,142,0,142,96,0,96,238
06/05/2000,FTY,GA,ASO,ES,Federal Contract Tower,0,8,124,0,132,0,0,28,0,28,0,8,152,0,160,2,0,2,162
06/06/2000,FTY,GA,ASO,ES,Federal Contract Tower,0,11,149,1,161,0,6,106,0,112,0,17,255,1,273,70,0,70,343
06/07/2000,FTY,GA,ASO,ES,Federal Contract Tower,0,13,166,2,181,0,3,145,0,148,0,16,311,2,329,230,0,230,559
06/08/2000,FTY,GA,ASO,ES,Federal Contract Tower,0,9,161,0,170,0,0,138,0,138,0,9,299,0,308,186,0,186,494
06/09/2000,FTY,GA,ASO,ES,Federal Contract Tower,0,9,152,4,165,0,0,131,0,131,0,9,283,4,296,130,0,130,426
06/10/2000,FTY,GA,ASO,ES,Federal Contract Tower,0,4,55,2,61,0,4,109,2,115,0,8,164,4,176,236,0,236,412
06/11/2000,FTY,GA,ASO,ES,Federal Contract Tower,0,4,57,0,61,0,0,91,0,91,0,4,148,0,152,192,0,192,344
06/12/2000,FTY,GA,ASO,ES,Federal Contract Tower,0,11,147,0,158,0,5,122,0,127,0,16,269,0,285,130,0,130,415
06/13/2000,FTY,GA,ASO,ES,Federal Contract Tower,0,11,136,0,147,0,3,156,0,159,0,14,292,0,306,202,0,202,508
06/14/2000,FTY,GA,ASO,ES,Federal Contract Tower,0,9,117,3,129,0,2,116,0,118,0,11,233,3,247,134,0,134,381
06/15/2000,FTY,GA,ASO,ES,Federal Contract Tower,0,10,126,3,139,0,1,108,0,109,0,11,234,3,248,102,0,102,350
06/16/2000,FTY,GA,ASO,ES,Federal Contract Tower,0,9,133,2,144,0,0,54,4,58,0,9,187,6,202,60,0,60,262
06/17/2000,FTY,GA,ASO,ES,Federal Contract Tower,0,2,49,1,52,0,0,49,5,54,0,2,98,6,106,98,0,98,204
06/18/2000,FTY,GA,ASO,ES,Federal Contract Tower,0,2,67,1,70,0,0,95,7,102,0,2,162,8,172,236,0,236,408
06/19/2000,FTY,GA,ASO,ES,Federal Contract Tower,0,10,140,3,153,0,3,64,7,74,0,13,204,10,227,104,0,104,331
06/20/2000,FTY,GA,ASO,ES,Federal Contract Tower,0,10,129,0,139,0,9,105,0,114,0,19,234,0,253,146,0,146,399
06/21/2000,FTY,GA,ASO,ES,Federal Contract Tower,0,9,121,2,132,0,2,141,0,143,0,11,262,2,275,136,0,136,411
06/22/2000,FTY,GA,ASO,ES,Federal Contract Tower,0,9,123,2,134,0,2,115,1,118,0,11,238,3,252,216,0,216,468
06/23/2000,FTY,GA,ASO,ES,Federal Contract Tower,0,9,124,2,135,0,0,124,4,128,0,9,248,6,263,96,0,96,359
06/24/2000,FTY,GA,ASO,ES,Federal Contract Tower,0,3,55,1,59,0,0,86,1,87,0,3,141,2,146,166,0,166,312
06/25/2000,FTY,GA,ASO,ES,Federal Contract Tower,0,1,55,1,57,0,0,98,0,98,0,1,153,1,155,142,0,142,297
06/26/2000,FTY,GA,ASO,ES,Federal Contract Tower,0,9,133,2,144,0,0,114,4,118,0,9,247,6,262,114,0,114,376
06/27/2000,FTY,GA,ASO,ES,Federal Contract Tower,0,11,143,3,157,0,2,113,1,116,0,13,256,4,273,118,0,118,391
06/28/2000,FTY,GA,ASO,ES,Federal Contract Tower,0,9,136,2,147,0,0,48,2,50,0,9,184,4,197,10,0,10,207
06/29/2000,FTY,GA,ASO,ES,Federal Contract Tower,0,11,163,3,177,0,0,51,0,51,0,11,214,3,228,44,0,44,272
06/30/2000,FTY,GA,ASO,ES,Federal Contract Tower,0,5,125,2,132,0,0,158,2,160,0,5,283,4,292,168,0,168,460
07/01/2000,FTY,GA,ASO,ES,Federal Contract Tower,0,3,37,0,40,0,0,82,0,82,0,3,119,0,122,124,0,124,246
07/02/2000,FTY,GA,ASO,ES,Federal Contract Tower,0,0,32,0,32,0,0,60,0,60,0,0,92,0,92,116,0,116,208
07/03/2000,FTY,GA,ASO,ES,Federal Contract Tower,0,4,41,0,45,0,4,79,0,83,0,8,120,0,128,174,0,174,302
07/04/2000,FTY,GA,ASO,ES,Federal Contract Tower,0,0,19,0,19,0,0,115,0,115,0,0,134,0,134,202,0,202,336
07/05/2000,FTY,GA,ASO,ES,Federal Contract Tower,0,10,100,0,110,0,0,96,0,96,0,10,196,0,206,84,0,84,290
07/06/2000,FTY,GA,ASO,ES,Federal Contract Tower,0,6,117,2,125,0,0,113,1,114,0,6,230,3,239,164,0,164,403
07/07/2000,FTY,GA,ASO,ES,Federal Contract Tower,0,7,95,2,104,0,0,141,0,141,0,7,236,2,245,118,0,118,363
07/08/2000,FTY,GA,ASO,ES,Federal Contract Tower,0,2,53,0,55,0,0,56,0,56,0,2,109,0,111,50,0,50,161
07/09/2000,FTY,GA,ASO,ES,Federal Contract Tower,0,8,86,2,96,0,3,82,2,87,0,11,168,4,183,112,0,112,295
07/10/2000,FTY,GA,ASO,ES,Federal Contract Tower,0,12,151,1,164,0,0,96,0,96,0,12,247,1,260,76,0,76,336
07/11/2000,FTY,GA,ASO,ES,Federal Contract Tower,0,16,160,0,176,0,2,101,0,103,0,18,261,0,279,94,0,94,373
07/12/2000,FTY,GA,ASO,ES,Federal Contract Tower,0,14,132,0,146,0,4,121,0,125,0,18,253,0,271,70,0,70,341
07/13/2000,FTY,GA,ASO,ES,Federal Contract Tower,0,14,166,3,183,0,0,107,1,108,0,14,273,4,291,58,0,58,349
07/14/2000,FTY,GA,ASO,ES,Federal Contract Tower,0,14,144,0,158,0,0,91,0,91,0,14,235,0,249,120,0,120,369
07/15/2000,FTY,GA,ASO,ES,Federal Contract Tower,0,5,47,1,53,0,3,102,1,106,0,8,149,2,159,106,0,106,265
07/16/2000,FTY,GA,ASO,ES,Federal Contract Tower,0,6,59,0,65,0,0,80,0,80,0,6,139,0,145,130,0,130,275
07/17/2000,FTY,GA,ASO,ES,Federal Contract Tower,0,14,136,1,151,0,4,102,5,111,0,18,238,6,262,116,0,116,378
07/18/2000,FTY,GA,ASO,ES,Federal Contract Tower,0,13,128,0,141,0,12,107,0,119,0,25,235,0,260,200,0,200,460
07/19/2000,FTY,GA,ASO,ES,Federal Contract Tower,0,15,149,1,165,0,0,137,4,141,0,15,286,5,306,108,2,110,416
07/20/2000,FTY,GA,ASO,ES,Federal Contract Tower,0,15,145,1,161,0,0,103,2,105,0,15,248,3,266,108,0,108,374
07/21/2000,FTY,GA,ASO,ES,Federal Contract Tower,0,12,129,1,142,0,0,65,4,69,0,12,194,5,211,78,0,78,289
07/22/2000,FTY,GA,ASO,ES,Federal Contract Tower,0,3,43,0,46,0,0,87,0,87,0,3,130,0,133,112,0,112,245
07/23/2000,FTY,GA,ASO,ES,Federal Contract Tower,0,5,52,0,57,0,1,36,0,37,0,6,88,0,94,66,0,66,160
07/24/2000,FTY,GA,ASO,ES,Federal Contract Tower,0,14,137,1,152,0,6,26,3,35,0,20,163,4,187,50,0,50,237
07/25/2000,FTY,GA,ASO,ES,Federal Contract Tower,0,17,169,2,188,0,4,41,2,47,0,21,210,4,235,42,0,42,277
07/26/2000,FTY,GA,ASO,ES,Federal Contract Tower,0,13,156,2,171,0,0,104,2,106,0,13,260,4,277,144,0,144,421
07/27/2000,FTY,GA,ASO,ES,Federal Contract Tower,0,14,158,2,174,0,0,92,0,92,0,14,250,2,266,176,0,176,442
07/28/2000,FTY,GA,ASO,ES,Federal Contract Tower,0,8,126,1,135,0,0,113,2,115,0,8,239,3,250,110,0,110,360
07/29/2000,FTY,GA,ASO,ES,Federal Contract Tower,0,2,41,0,43,0,0,65,2,67,0,2,106,2,110,128,0,128,238
07/30/2000,FTY,GA,ASO,ES,Federal Contract Tower,0,3,41,0,44,0,0,54,0,54,0,3,95,0,98,60,0,60,158
07/31/2000,FTY,GA,ASO,ES,Federal Contract Tower,0,12,116,1,129,0,0,45,0,45,0,12,161,1,174,16,0,16,190
08/01/2000,FTY,GA,ASO,ES,Federal Contract Tower,0,9,98,0,107,0,1,44,0,45,0,10,142,0,152,68,0,68,220
08/02/2000,FTY,GA,ASO,ES,Federal Contract Tower,0,12,118,0,130,0,9,40,0,49,0,21,158,0,179,94,0,94,273
08/03/2000,FTY,GA,ASO,ES,Federal Contract Tower,0,14,152,2,168,0,0,98,2,100,0,14,250,4,268,184,0,184,452
08/04/2000,FTY,GA,ASO,ES,Federal Contract Tower,0,4,103,2,109,0,0,96,0,96,0,4,199,2,205,128,0,128,333
08/05/2000,FTY,GA,ASO,ES,Federal Contract Tower,0,3,46,1,50,0,0,139,0,139,0,3,185,1,189,208,0,208,397
08/06/2000,FTY,GA,ASO,ES,Federal Contract Tower,0,2,58,0,60,0,0,68,0,68,0,2,126,0,128,110,0,110,238
08/07/2000,FTY,GA,ASO,ES,Federal Contract Tower,0,14,128,2,144,0,4,112,1,117,0,18,240,3,261,144,0,144,405
08/08/2000,FTY,GA,ASO,ES,Federal Contract Tower,0,15,135,0,150,0,10,120,0,130,0,25,255,0,280,184,0,184,464
08/09/2000,FTY,GA,ASO,ES,Federal Contract Tower,0,17,160,2,179,0,0,92,7,99,0,17,252,9,278,84,0,84,362
08/10/2000,FTY,GA,ASO,ES,Federal Contract Tower,0,16,143,2,161,0,1,103,2,106,0,17,246,4,267,128,0,128,395
08/11/2000,FTY,GA,ASO,ES,Federal Contract Tower,0,9,126,2,137,0,0,119,2,121,0,9,245,4,258,194,0,194,452
08/12/2000,FTY,GA,ASO,ES,Federal Contract Tower,0,4,41,0,45,0,1,103,0,104,0,5,144,0,149,162,0,162,311
08/13/2000,FTY,GA,ASO,ES,Federal Contract Tower,0,7,60,0,67,0,0,88,0,88,0,7,148,0,155,134,0,134,289
08/14/2000,FTY,GA,ASO,ES,Federal Contract Tower,0,11,109,2,122,0,5,115,2,122,0,16,224,4,244,158,0,158,402
08/15/2000,FTY,GA,ASO,ES,Federal Contract Tower,0,15,139,0,154,0,0,134,0,134,0,15,273,0,288,84,0,84,372
08/16/2000,FTY,GA,ASO,ES,Federal Contract Tower,0,15,138,2,155,0,7,126,6,139,0,22,264,8,294,134,0,134,428
08/17/2000,FTY,GA,ASO,ES,Federal Contract Tower,0,15,137,0,152,0,0,166,0,166,0,15,303,0,318,112,0,112,430
08/18/2000,FTY,GA,ASO,ES,Federal Contract Tower,0,7,95,1,103,0,0,93,3,96,0,7,188,4,199,178,0,178,377
08/19/2000,FTY,GA,ASO,ES,Federal Contract Tower,0,3,41,0,44,0,0,75,4,79,0,3,116,4,123,104,0,104,227
08/20/2000,FTY,GA,ASO,ES,Federal Contract Tower,0,1,60,0,61,0,0,27,0,27,0,1,87,0,88,16,0,16,104
08/21/2000,FTY,GA,ASO,ES,Federal Contract Tower,0,11,111,1,123,0,0,38,13,51,0,11,149,14,174,38,0,38,212
08/22/2000,FTY,GA,ASO,ES,Federal Contract Tower,0,16,153,1,170,0,2,121,4,127,0,18,274,5,297,156,0,156,453
08/23/2000,FTY,GA,ASO,ES,Federal Contract Tower,0,11,119,1,131,0,0,94,1,95,0,11,213,2,226,196,0,196,422
08/24/2000,FTY,GA,ASO,ES,Federal Contract Tower,0,16,152,0,168,0,1,132,0,133,0,17,284,0,301,106,0,106,407
08/25/2000,FTY,GA,ASO,ES,Federal Contract Tower,0,6,158,1,165,0,0,145,3,148,0,6,303,4,313,164,0,164,477
08/26/2000,FTY,GA,ASO,ES,Federal Contract Tower,0,4,60,0,64,0,0,97,1,98,0,4,157,1,162,166,20,186,348
08/27/2000,FTY,GA,ASO,ES,Federal Contract Tower,0,5,67,0,72,0,0,20,0,20,0,5,87,0,92,12,0,12,104
08/28/2000,FTY,GA,ASO,ES,Federal Contract Tower,0,9,86,1,96,0,1,87,0,88,0,10,173,1,184,188,0,188,372
08/29/2000,FTY,GA,ASO,ES,Federal Contract Tower,0,12,119,1,132,0,3,134,1,138,0,15,253,2,270,228,0,228,498
08/30/2000,FTY,GA,ASO,ES,Federal Contract Tower,0,14,127,1,142,0,3,142,1,146,0,17,269,2,288,206,0,206,494
08/31/2000,FTY,GA,ASO,ES,Federal Contract Tower,0,15,141,1,157,0,3,5,0,8,0,18,146,1,165,16,0,16,181
09/01/2000,FTY,GA,ASO,ES,Federal Contract Tower,0,6,111,1,118,0,0,7,1,8,0,6,118,2,126,10,0,10,136
09/02/2000,FTY,GA,ASO,ES,Federal Contract Tower,0,6,55,0,61,0,0,29,0,29,0,6,84,0,90,56,0,56,146
09/03/2000,FTY,GA,ASO,ES,Federal Contract Tower,0,4,41,0,45,0,3,22,0,25,0,7,63,0,70,44,0,44,114
09/04/2000,FTY,GA,ASO,ES,Federal Contract Tower,0,6,67,2,75,0,0,42,0,42,0,6,109,2,117,54,0,54,171
09/05/2000,FTY,GA,ASO,ES,Federal Contract Tower,0,12,130,2,144,0,4,43,0,47,0,16,173,2,191,46,0,46,237
09/06/2000,FTY,GA,ASO,ES,Federal Contract Tower,0,16,160,0,176,0,7,22,0,29,0,23,182,0,205,26,0,26,231
09/07/2000,FTY,GA,ASO,ES,Federal Contract Tower,0,15,192,4,211,0,0,2,2,4,0,15,194,6,215,0,0,0,215
09/08/2000,FTY,GA,ASO,ES,Federal Contract Tower,0,6,164,3,173,0,0,49,0,49,0,6,213,3,222,42,0,42,264
09/09/2000,FTY,GA,ASO,ES,Federal Contract Tower,0,4,77,1,82,0,0,52,0,52,0,4,129,1,134,74,0,74,208
09/10/2000,FTY,GA,ASO,ES,Federal Contract Tower,0,9,92,1,102,0,1,85,0,86,0,10,177,1,188,108,0,108,296
09/11/2000,FTY,GA,ASO,ES,Federal Contract Tower,0,12,148,3,163,0,0,112,1,113,0,12,260,4,276,180,0,180,456
09/12/2000,FTY,GA,ASO,ES,Federal Contract Tower,0,12,126,3,141,0,6,137,4,147,0,18,263,7,288,172,0,172,460
09/13/2000,FTY,GA,ASO,ES,Federal Contract Tower,0,13,134,3,150,0,3,162,4,169,0,16,296,7,319,292,0,292,611
09/14/2000,FTY,GA,ASO,ES,Federal Contract Tower,0,15,157,3,175,0,6,131,3,140,0,21,288,6,315,240,0,240,555
09/15/2000,FTY,GA,ASO,ES,Federal Contract Tower,0,9,119,0,128,0,0,125,0,125,0,9,244,0,253,120,0,120,373
09/16/2000,FTY,GA,ASO,ES,Federal Contract Tower,0,3,31,0,34,0,5,141,0,146,0,8,172,0,180,176,0,176,356
09/17/2000,FTY,GA,ASO,ES,Federal Contract Tower,0,7,77,0,84,0,1,78,0,79,0,8,155,0,163,76,0,76,239
09/18/2000,FTY,GA,ASO,ES,Federal Contract Tower,0,13,144,0,157,0,0,52,0,52,0,13,196,0,209,98,4,102,311
09/19/2000,FTY,GA,ASO,ES,Federal Contract Tower,0,12,127,2,141,0,5,96,1,102,0,17,223,3,243,66,0,66,309
09/20/2000,FTY,GA,ASO,ES,Federal Contract Tower,0,13,136,2,151,0,4,106,3,113,0,17,242,5,264,124,0,124,388
09/21/2000,FTY,GA,ASO,ES,Federal Contract Tower,0,11,133,1,145,0,0,20,0,20,0,11,153,1,165,12,0,12,177
09/22/2000,FTY,GA,ASO,ES,Federal Contract Tower,0,7,107,1,115,0,0,7,2,9,0,7,114,3,124,0,0,0,124
09/23/2000,FTY,GA,ASO,ES,Federal Contract Tower,0,2,61,0,63,0,0,48,0,48,0,2,109,0,111,36,0,36,147
09/24/2000,FTY,GA,ASO,ES,Federal Contract Tower,0,5,63,1,69,0,0,35,0,35,0,5,98,1,104,42,0,42,146
09/25/2000,FTY,GA,ASO,ES,Federal Contract Tower,0,14,140,2,156,0,1,27,0,28,0,15,167,2,184,16,4,20,204
09/26/2000,FTY,GA,ASO,ES,Federal Contract Tower,0,7,142,2,151,0,0,130,2,132,0,7,272,4,283,82,0,82,365
09/27/2000,FTY,GA,ASO,ES,Federal Contract Tower,0,15,157,0,172,0,3,169,0,172,0,18,326,0,344,110,0,110,454
09/28/2000,FTY,GA,ASO,ES,Federal Contract Tower,0,15,157,2,174,0,4,170,11,185,0,19,327,13,359,138,0,138,497
09/29/2000,FTY,GA,ASO,ES,Federal Contract Tower,0,8,116,2,126,0,0,123,8,131,0,8,239,10,257,98,0,98,355
09/30/2000,FTY,GA,ASO,ES,Federal Contract Tower,0,1,56,0,57,0,0,122,0,122,0,1,178,0,179,224,0,224,403
10/01/2000,FTY,GA,ASO,ES,Federal Contract Tower,0,8,81,0,89,0,1,107,4,112,0,9,188,4,201,176,0,176,377
10/02/2000,FTY,GA,ASO,ES,Federal Contract Tower,0,8,136,0,144,0,0,114,0,114,0,8,250,0,258,202,0,202,460
10/03/2000,FTY,GA,ASO,ES,Federal Contract Tower,0,11,141,0,152,0,2,129,0,131,0,13,270,0,283,130,0,130,413
10/04/2000,FTY,GA,ASO,ES,Federal Contract Tower,0,7,156,0,163,0,0,133,0,133,0,7,289,0,296,208,0,208,504
10/05/2000,FTY,GA,ASO,ES,Federal Contract Tower,0,11,137,2,150,0,1,137,4,142,0,12,274,6,292,122,0,122,414
10/06/2000,FTY,GA,ASO,ES,Federal Contract Tower,0,6,125,0,131,0,0,40,0,40,0,6,165,0,171,18,0,18,189
10/07/2000,FTY,GA,ASO,ES,Federal Contract Tower,0,4,48,1,53,0,1,46,1,48,0,5,94,2,101,116,0,116,217
10/08/2000,FTY,GA,ASO,ES,Federal Contract Tower,0,4,56,0,60,0,2,48,0,50,0,6,104,0,110,60,0,60,170
10/09/2000,FTY,GA,ASO,ES,Federal Contract Tower,0,2,95,0,97,0,0,102,0,102,0,2,197,0,199,40,0,40,239
10/10/2000,FTY,GA,ASO,ES,Federal Contract Tower,0,12,148,2,162,0,6,96,0,102,0,18,244,2,264,116,0,116,380
10/11/2000,FTY,GA,ASO,ES,Federal Contract Tower,0,9,125,0,134,0,0,143,0,143,0,9,268,0,277,142,0,142,419
10/12/2000,FTY,GA,ASO,ES,Federal Contract Tower,0,11,150,2,163,0,0,140,4,144,0,11,290,6,307,148,0,148,455
10/13/2000,FTY,GA,ASO,ES,Federal Contract Tower,0,7,136,0,143,0,0,162,0,162,0,7,298,0,305,116,0,116,421
10/14/2000,FTY,GA,ASO,ES,Federal Contract Tower,0,4,57,1,62,0,3,129,1,133,0,7,186,2,195,248,0,248,443
10/15/2000,FTY,GA,ASO,ES,Federal Contract Tower,0,5,64,0,69,0,2,77,0,79,0,7,141,0,148,100,0,100,248
10/16/2000,FTY,GA,ASO,ES,Federal Contract Tower,0,10,137,0,147,0,3,106,0,109,0,13,243,0,256,94,0,94,350
10/17/2000,FTY,GA,ASO,ES,Federal Contract Tower,0,12,152,1,165,0,0,120,0,120,0,12,272,1,285,152,0,152,437
10/18/2000,FTY,GA,ASO,ES,Federal Contract Tower,0,11,149,0,160,0,0,144,0,144,0,11,293,0,304,106,0,106,410
10/19/2000,FTY,GA,ASO,ES,Federal Contract Tower,0,14,172,0,186,0,3,114,0,117,0,17,286,0,303,210,0,210,513
10/20/2000,FTY,GA,ASO,ES,Federal Contract Tower,0,9,138,1,148,0,0,65,1,66,0,9,203,2,214,86,0,86,300
10/21/2000,FTY,GA,ASO,ES,Federal Contract Tower,0,5,64,0,69,0,1,67,0,68,0,6,131,0,137,122,0,122,259
10/22/2000,FTY,GA,ASO,ES,Federal Contract Tower,0,5,85,0,90,0,0,120,2,122,0,5,205,2,212,208,0,208,420
10/23/2000,FTY,GA,ASO,ES,Federal Contract Tower,0,11,158,0,169,0,0,107,0,107,0,11,265,0,276,96,0,96,372
10/24/2000,FTY,GA,ASO,ES,Federal Contract Tower,0,5,153,1,159,0,0,168,1,169,0,5,321,2,328,160,0,160,488
10/25/2000,FTY,GA,ASO,ES,Federal Contract Tower,0,14,175,1,190,0,6,78,0,84,0,20,253,1,274,52,0,52,326
10/26/2000,FTY,GA,ASO,ES,Federal Contract Tower,0,12,156,1,169,0,5,114,1,120,0,17,270,2,289,214,0,214,503
10/27/2000,FTY,GA,ASO,ES,Federal Contract Tower,0,3,144,1,148,0,0,111,6,117,0,3,255,7,265,100,0,100,365
10/28/2000,FTY,GA,ASO,ES,Federal Contract Tower,0,0,65,0,65,0,0,79,0,79,0,0,144,0,144,102,0,102,246
10/29/2000,FTY,GA,ASO,ES,Federal Contract Tower,0,7,84,0,91,0,4,82,0,86,0,11,166,0,177,116,0,116,293
10/30/2000,FTY,GA,ASO,ES,Federal Contract Tower,0,10,126,1,137,0,5,105,1,111,0,15,231,2,248,62,0,62,310
10/31/2000,FTY,GA,ASO,ES,Federal Contract Tower,0,10,130,1,141,0,3,123,2,128,0,13,253,3,269,72,0,72,341
11/01/2000,FTY,GA,ASO,ES,Federal Contract Tower,0,13,167,2,182,0,4,140,7,151,0,17,307,9,333,244,0,244,577
11/02/2000,FTY,GA,ASO,ES,Federal Contract Tower,0,11,200,3,214,0,0,154,0,154,0,11,354,3,368,186,0,186,554
11/03/2000,FTY,GA,ASO,ES,Federal Contract Tower,0,2,163,2,167,0,0,111,2,113,0,2,274,4,280,136,0,136,416
11/04/2000,FTY,GA,ASO,ES,Federal Contract Tower,0,0,81,0,81,0,0,44,0,44,0,0,125,0,125,78,0,78,203
11/05/2000,FTY,GA,ASO,ES,Federal Contract Tower,0,8,100,0,108,0,1,30,0,31,0,9,130,0,139,18,0,18,157
11/06/2000,FTY,GA,ASO,ES,Federal Contract Tower,0,11,138,0,149,0,2,39,0,41,0,13,177,0,190,4,0,4,194
11/07/2000,FTY,GA,ASO,ES,Federal Contract Tower,0,10,124,2,136,0,0,0,0,0,0,10,124,2,136,0,0,0,136
11/08/2000,FTY,GA,ASO,ES,Federal Contract Tower,0,12,154,0,166,0,12,10,0,22,0,24,164,0,188,16,0,16,204
11/09/2000,FTY,GA,ASO,ES,Federal Contract Tower,0,9,114,1,124,0,6,14,0,20,0,15,128,1,144,10,0,10,154
11/10/2000,FTY,GA,ASO,ES,Federal Contract Tower,0,4,127,2,133,0,0,103,1,104,0,4,230,3,237,68,0,68,305
11/11/2000,FTY,GA,ASO,ES,Federal Contract Tower,0,0,67,1,68,0,0,138,1,139,0,0,205,2,207,210,0,210,417
11/12/2000,FTY,GA,ASO,ES,Federal Contract Tower,0,6,86,0,92,0,0,93,0,93,0,6,179,0,185,138,0,138,323
11/13/2000,FTY,GA,ASO,ES,Federal Contract Tower,0,12,143,0,155,0,2,68,0,70,0,14,211,0,225,48,0,48,273
11/14/2000,FTY,GA,ASO,ES,Federal Contract Tower,0,10,128,1,139,0,1,95,0,96,0,11,223,1,235,124,0,124,359
11/15/2000,FTY,GA,ASO,ES,Federal Contract Tower,0,13,156,0,169,0,0,143,0,143,0,13,299,0,312,204,0,204,516
11/16/2000,FTY,GA,ASO,ES,Federal Contract Tower,0,15,187,2,204,0,0,46,0,46,0,15,233,2,250,134,0,134,384
11/17/2000,FTY,GA,ASO,ES,Federal Contract Tower,0,6,161,2,169,0,0,70,1,71,0,6,231,3,240,118,0,118,358
11/18/2000,FTY,GA,ASO,ES,Federal Contract Tower,0,2,62,0,64,0,0,53,0,53,0,2,115,0,117,128,0,128,245
11/19/2000,FTY,GA,ASO,ES,Federal Contract Tower,0,5,64,0,69,0,4,0,0,4,0,9,64,0,73,0,0,0,73
11/20/2000,FTY,GA,ASO,ES,Federal Contract Tower,0,12,149,1,162,0,0,87,0,87,0,12,236,1,249,60,0,60,309
11/21/2000,FTY,GA,ASO,ES,Federal Contract Tower,0,12,148,1,161,0,1,98,3,102,0,13,246,4,263,182,0,182,445
11/22/2000,FTY,GA,ASO,ES,Federal Contract Tower,0,9,120,1,130,0,9,124,7,140,0,18,244,8,270,134,2,136,406
11/23/2000,FTY,GA,ASO,ES,Federal Contract Tower,0,0,16,0,16,0,0,41,0,41,0,0,57,0,57,24,0,24,81
11/24/2000,FTY,GA,ASO,ES,Federal Contract Tower,0,2,46,0,48,0,0,43,0,43,0,2,89,0,91,14,0,14,105
11/25/2000,FTY,GA,ASO,ES,Federal Contract Tower,0,0,43,0,43,0,0,3,0,3,0,0,46,0,46,0,0,0,46
11/26/2000,FTY,GA,ASO,ES,Federal Contract Tower,0,3,89,0,92,0,0,74,0,74,0,3,163,0,166,108,0,108,274
11/27/2000,FTY,GA,ASO,ES,Federal Contract Tower,0,9,140,1,150,0,0,98,6,104,0,9,238,7,254,94,0,94,348
11/28/2000,FTY,GA,ASO,ES,Federal Contract Tower,0,14,166,1,181,0,3,121,7,131,0,17,287,8,312,178,22,200,512
11/29/2000,FTY,GA,ASO,ES,Federal Contract Tower,0,10,128,0,138,0,7,44,0,51,0,17,172,0,189,82,0,82,271
11/30/2000,FTY,GA,ASO,ES,Federal Contract Tower,0,14,169,1,184,0,4,162,2,168,0,18,331,3,352,128,0,128,480
12/01/2000,FTY,GA,ASO,ES,Federal Contract Tower,0,10,132,2,144,0,0,106,2,108,0,10,238,4,252,80,0,80,332
12/02/2000,FTY,GA,ASO,ES,Federal Contract Tower,0,5,56,1,62,0,0,81,4,85,0,5,137,5,147,148,0,148,295
12/03/2000,FTY,GA,ASO,ES,Federal Contract Tower,0,2,65,1,68,0,0,14,2,16,0,2,79,3,84,66,0,66,150
12/04/2000,FTY,GA,ASO,ES,Federal Contract Tower,0,11,135,2,148,0,0,76,6,82,0,11,211,8,230,134,0,134,364
12/05/2000,FTY,GA,ASO,ES,Federal Contract Tower,0,11,181,2,194,0,0,108,0,108,0,11,289,2,302,94,0,94,396
12/06/2000,FTY,GA,ASO,ES,Federal Contract Tower,0,13,143,2,158,0,0,113,0,113,0,13,256,2,271,104,0,104,375
12/07/2000,FTY,GA,ASO,ES,Federal Contract Tower,0,10,162,1,173,0,0,125,0,125,0,10,287,1,298,146,0,146,444
12/08/2000,FTY,GA,ASO,ES,Federal Contract Tower,0,5,128,2,135,0,0,133,0,133,0,5,261,2,268,98,0,98,366
12/09/2000,FTY,GA,ASO,ES,Federal Contract Tower,0,3,62,0,65,0,0,93,0,93,0,3,155,0,158,204,0,204,362
12/10/2000,FTY,GA,ASO,ES,Federal Contract Tower,0,6,67,0,73,0,0,2,0,2,0,6,69,0,75,0,0,0,75
12/11/2000,FTY,GA,ASO,ES,Federal Contract Tower,0,9,135,2,146,0,0,26,0,26,0,9,161,2,172,10,0,10,182
12/12/2000,FTY,GA,ASO,ES,Federal Contract Tower,0,11,113,2,126,0,13,74,2,89,0,24,187,4,215,160,0,160,375
12/13/2000,FTY,GA,ASO,ES,Federal Contract Tower,0,7,132,1,140,0,0,44,0,44,0,7,176,1,184,56,0,56,240
12/14/2000,FTY,GA,ASO,ES,Federal Contract Tower,0,12,121,0,133,0,4,38,0,42,0,16,159,0,175,14,0,14,189
12/15/2000,FTY,GA,ASO,ES,Federal Contract Tower,0,15,157,2,174,0,3,0,0,3,0,18,157,2,177,0,0,0,177
12/16/2000,FTY,GA,ASO,ES,Federal Contract Tower,0,3,33,0,36,0,1,0,0,1,0,4,33,0,37,0,0,0,37
12/17/2000,FTY,GA,ASO,ES,Federal Contract Tower,0,5,47,1,53,0,0,19,0,19,0,5,66,1,72,8,0,8,80
12/18/2000,FTY,GA,ASO,ES,Federal Contract Tower,0,11,119,2,132,0,6,119,4,129,0,17,238,6,261,144,0,144,405
12/19/2000,FTY,GA,ASO,ES,Federal Contract Tower,0,9,96,2,107,0,1,25,0,26,0,10,121,2,133,10,0,10,143
12/20/2000,FTY,GA,ASO,ES,Federal Contract Tower,0,12,126,2,140,0,7,103,0,110,0,19,229,2,250,72,0,72,322
12/21/2000,FTY,GA,ASO,ES,Federal Contract Tower,0,8,88,0,96,0,1,27,0,28,0,9,115,0,124,0,0,0,124
12/22/2000,FTY,GA,ASO,ES,Federal Contract Tower,0,3,63,0,66,0,0,61,0,61,0,3,124,0,127,30,0,30,157
12/23/2000,FTY,GA,ASO,ES,Federal Contract Tower,0,5,53,0,58,0,2,74,0,76,0,7,127,0,134,56,0,56,190
12/24/2000,FTY,GA,ASO,ES,Federal Contract Tower,0,1,18,0,19,0,2,42,0,44,0,3,60,0,63,28,0,28,91
12/25/2000,FTY,GA,ASO,ES,Federal Contract Tower,0,0,10,0,10,0,4,15,0,19,0,4,25,0,29,12,0,12,41
12/26/2000,FTY,GA,ASO,ES,Federal Contract Tower,0,6,70,0,76,0,2,69,0,71,0,8,139,0,147,44,0,44,191
12/27/2000,FTY,GA,ASO,ES,Federal Contract Tower,0,6,61,0,67,0,4,7,0,11,0,10,68,0,78,22,0,22,100
12/28/2000,FTY,GA,ASO,ES,Federal Contract Tower,0,7,65,0,72,0,3,21,0,24,0,10,86,0,96,32,0,32,128
12/29/2000,FTY,GA,ASO,ES,Federal Contract Tower,0,6,59,0,65,0,1,101,0,102,0,7,160,0,167,136,0,136,303
12/30/2000,FTY,GA,ASO,ES,Federal Contract Tower,0,0,37,0,37,0,0,36,0,36,0,0,73,0,73,60,0,60,133
12/31/2000,FTY,GA,ASO,ES,Federal Contract Tower,0,3,31,0,34,0,1,51,0,52,0,4,82,0,86,102,0,102,188
01/01/2001,FTY,GA,ASO,ES,Federal Contract Tower,0,3,29,0,32,0,3,18,0,21,0,6,47,0,53,28,0,28,81
01/02/2001,FTY,GA,ASO,ES,Federal Contract Tower,0,8,90,0,98,0,1,76,0,77,0,9,166,0,175,106,0,106,281
01/03/2001,FTY,GA,ASO,ES,Federal Contract Tower,0,8,91,0,99,0,2,115,0,117,0,10,206,0,216,112,0,112,328
01/04/2001,FTY,GA,ASO,ES,Federal Contract Tower,0,9,102,0,111,0,1,121,0,122,0,10,223,0,233,166,0,166,399
01/05/2001,FTY,GA,ASO,ES,Federal Contract Tower,0,7,120,2,129,0,0,120,0,120,0,7,240,2,249,142,0,142,391
01/06/2001,FTY,GA,ASO,ES,Federal Contract Tower,0,4,43,0,47,0,1,134,0,135,0,5,177,0,182,208,0,208,390
01/07/2001,FTY,GA,ASO,ES,Federal Contract Tower,0,4,55,0,59,0,7,99,0,106,0,11,154,0,165,122,0,122,287
01/08/2001,FTY,GA,ASO,ES,Federal Contract Tower,0,9,105,2,116,0,0,25,0,25,0,9,130,2,141,26,0,26,167
01/09/2001,FTY,GA,ASO,ES,Federal Contract Tower,0,9,100,2,111,0,2,68,4,74,0,11,168,6,185,50,0,50,235
01/10/2001,FTY,GA,ASO,ES,Federal Contract Tower,0,11,128,3,142,0,2,146,13,161,0,13,274,16,303,152,4,156,459
01/11/2001,FTY,GA,ASO,ES,Federal Contract Tower,0,9,129,3,141,0,0,59,1,60,0,9,188,4,201,34,0,34,235
01/12/2001,FTY,GA,ASO,ES,Federal Contract Tower,0,7,134,3,144,0,0,46,3,49,0,7,180,6,193,56,0,56,249
01/13/2001,FTY,GA,ASO,ES,Federal Contract Tower,0,5,66,0,71,0,0,116,0,116,0,5,182,0,187,250,0,250,437
01/14/2001,FTY,GA,ASO,ES,Federal Contract Tower,0,5,58,0,63,0,2,52,0,54,0,7,110,0,117,172,0,172,289
01/15/2001,FTY,GA,ASO,ES,Federal Contract Tower,0,5,105,1,111,0,0,97,0,97,0,5,202,1,208,88,0,88,296
01/16/2001,FTY,GA,ASO,ES,Federal Contract Tower,0,15,182,4,201,0,1,91,1,93,0,16,273,5,294,100,0,100,394
01/17/2001,FTY,GA,ASO,ES,Federal Contract Tower,0,11,163,3,177,0,0,16,1,17,0,11,179,4,194,6,0,6,200
01/18/2001,FTY,GA,ASO,ES,Federal Contract Tower,0,13,190,2,205,0,0,6,0,6,0,13,196,2,211,0,0,0,211
01/19/2001,FTY,GA,ASO,ES,Federal Contract Tower,0,9,111,0,120,0,5,20,0,25,0,14,131,0,145,2,0,2,147
01/20/2001,FTY,GA,ASO,ES,Federal Contract Tower,0,3,39,0,42,0,5,19,0,24,0,8,58,0,66,16,0,16,82
01/21/2001,FTY,GA,ASO,ES,Federal Contract Tower,0,5,66,1,72,0,8,68,1,77,0,13,134,2,149,118,0,118,267
01/22/2001,FTY,GA,ASO,ES,Federal Contract Tower,0,10,135,0,145,0,0,127,0,127,0,10,262,0,272,170,0,170,442
01/23/2001,FTY,GA,ASO,ES,Federal Contract Tower,0,10,148,2,160,0,0,174,3,177,0,10,322,5,337,170,8,178,515
01/24/2001,FTY,GA,ASO,ES,Federal Contract Tower,0,10,135,0,145,0,0,138,0,138,0,10,273,0,283,168,0,168,451
01/25/2001,FTY,GA,ASO,ES,Federal Contract Tower,0,13,147,2,162,0,0,128,0,128,0,13,275,2,290,196,0,196,486
01/26/2001,FTY,GA,ASO,ES,Federal Contract Tower,0,6,139,2,147,0,0,124,5,129,0,6,263,7,276,86,0,86,362
01/27/2001,FTY,GA,ASO,ES,Federal Contract Tower,0,1,41,0,42,0,0,104,0,104,0,1,145,0,146,110,0,110,256
01/28/2001,FTY,GA,ASO,ES,Federal Contract Tower,0,3,62,0,65,0,0,107,0,107,0,3,169,0,172,174,0,174,346
01/29/2001,FTY,GA,ASO,ES,Federal Contract Tower,0,8,144,1,153,0,0,93,0,93,0,8,237,1,246,98,0,98,344
01/30/2001,FTY,GA,ASO,ES,Federal Contract Tower,0,9,114,0,123,0,3,97,0,100,0,12,211,0,223,62,0,62,285
01/31/2001,FTY,GA,ASO,ES,Federal Contract Tower,0,12,143,2,157,0,5,106,2,113,0,17,249,4,270,142,0,142,412
02/01/2001,FTY,GA,ASO,ES,Federal Contract Tower,0,11,158,2,171,0,0,111,2,113,0,11,269,4,284,146,0,146,430
02/02/2001,FTY,GA,ASO,ES,Federal Contract Tower,0,9,119,2,130,0,0,130,0,130,0,9,249,2,260,104,0,104,364
02/03/2001,FTY,GA,ASO,ES,Federal Contract Tower,0,3,50,0,53,0,0,111,0,111,0,3,161,0,164,114,0,114,278
02/04/2001,FTY,GA,ASO,ES,Federal Contract Tower,0,6,75,1,82,0,5,98,1,104,0,11,173,2,186,150,0,150,336
02/05/2001,FTY,GA,ASO,ES,Federal Contract Tower,0,9,115,2,126,0,6,113,3,122,0,15,228,5,248,132,0,132,380
02/06/2001,FTY,GA,ASO,ES,Federal Contract Tower,0,10,122,2,134,0,0,124,0,124,0,10,246,2,258,128,0,128,386
02/07/2001,FTY,GA,ASO,ES,Federal Contract Tower,0,11,139,0,150,0,0,146,0,146,0,11,285,0,296,164,0,164,460
02/08/2001,FTY,GA,ASO,ES,Federal Contract Tower,0,15,172,2,189,0,1,161,0,162,0,16,333,2,351,206,0,206,557
02/09/2001,FTY,GA,ASO,ES,Federal Contract Tower,0,13,152,1,166,0,1,64,0,65,0,14,216,1,231,40,0,40,271
02/10/2001,FTY,GA,ASO,ES,Federal Contract Tower,0,3,86,1,90,0,0,56,0,56,0,3,142,1,146,106,0,106,252
02/11/2001,FTY,GA,ASO,ES,Federal Contract Tower,0,10,123,1,134,0,0,65,0,65,0,10,188,1,199,98,0,98,297
02/12/2001,FTY,GA,ASO,ES,Federal Contract Tower,0,4,132,2,138,0,0,11,0,11,0,4,143,2,149,0,0,0,149
02/13/2001,FTY,GA,ASO,ES,Federal Contract Tower,0,5,61,1,67,0,3,73,1,77,0,8,134,2,144,2,0,2,146
02/14/2001,FTY,GA,ASO,ES,Federal Contract Tower,0,10,129,1,140,0,8,8,0,16,0,18,137,1,156,58,0,58,214
02/15/2001,FTY,GA,ASO,ES,Federal Contract Tower,0,12,159,2,173,0,0,50,0,50,0,12,209,2,223,120,0,120,343
02/16/2001,FTY,GA,ASO,ES,Federal Contract Tower,0,9,118,0,127,0,4,30,0,34,0,13,148,0,161,34,0,34,195
02/17/2001,FTY,GA,ASO,ES,Federal Contract Tower,0,4,48,0,52,0,3,77,0,80,0,7,125,0,132,62,0,62,194
02/18/2001,FTY,GA,ASO,ES,Federal Contract Tower,0,5,68,0,73,0,0,99,0,99,0,5,167,0,172,154,0,154,326
02/19/2001,FTY,GA,ASO,ES,Federal Contract Tower,0,4,135,0,139,0,0,156,0,156,0,4,291,0,295,228,0,228,523
02/20/2001,FTY,GA,ASO,ES,Federal Contract Tower,0,14,166,0,180,0,3,34,0,37,0,17,200,0,217,10,0,10,227
02/21/2001,FTY,GA,ASO,ES,Federal Contract Tower,0,12,149,0,161,0,2,82,0,84,0,14,231,0,245,156,0,156,401
02/22/2001,FTY,GA,ASO,ES,Federal Contract Tower,0,11,132,1,144,0,7,0,1,8,0,18,132,2,152,4,0,4,156
02/23/2001,FTY,GA,ASO,ES,Federal Contract Tower,0,11,142,1,154,0,0,179,8,187,0,11,321,9,341,230,0,230,571
02/24/2001,FTY,GA,ASO,ES,Federal Contract Tower,0,4,84,0,88,0,0,26,0,26,0,4,110,0,114,94,0,94,208
02/25/2001,FTY,GA,ASO,ES,Federal Contract Tower,0,7,86,0,93,0,1,7,0,8,0,8,93,0,101,18,0,18,119
02/26/2001,FTY,GA,ASO,ES,Federal Contract Tower,0,7,130,1,138,0,0,163,1,164,0,7,293,2,302,170,0,170,472
02/27/2001,FTY,GA,ASO,ES,Federal Contract Tower,0,11,138,1,150,0,0,137,1,138,0,11,275,2,288,116,0,116,404
02/28/2001,FTY,GA,ASO,ES,Federal Contract Tower,0,10,144,1,155,0,0,100,4,104,0,10,244,5,259,126,0,126,385
03/01/2001,FTY,GA,ASO,ES,Federal Contract Tower,0,13,130,3,146,0,2,150,3,155,0,15,280,6,301,170,0,170,471
03/02/2001,FTY,GA,ASO,ES,Federal Contract Tower,0,12,132,3,147,0,0,34,0,34,0,12,166,3,181,6,0,6,187
03/03/2001,FTY,GA,ASO,ES,Federal Contract Tower,0,1,34,0,35,0,0,5,0,5,0,1,39,0,40,0,0,0,40
03/04/2001,FTY,GA,ASO,ES,Federal Contract Tower,0,4,50,2,56,0,4,28,2,34,0,8,78,4,90,14,0,14,104
03/05/2001,FTY,GA,ASO,ES,Federal Contract Tower,0,8,83,2,93,0,2,68,4,74,0,10,151,6,167,30,0,30,197
03/06/2001,FTY,GA,ASO,ES,Federal Contract Tower,0,9,112,3,124,0,0,91,2,93,0,9,203,5,217,46,0,46,263
03/07/2001,FTY,GA,ASO,ES,Federal Contract Tower,0,12,125,3,140,0,3,138,0,141,0,15,263,3,281,186,8,194,475
03/08/2001,FTY,GA,ASO,ES,Federal Contract Tower,0,13,138,4,155,0,3,146,0,149,0,16,284,4,304,318,0,318,622
03/09/2001,FTY,GA,ASO,ES,Federal Contract Tower,0,8,127,2,137,0,0,100,0,100,0,8,227,2,237,184,0,184,421
03/10/2001,FTY,GA,ASO,ES,Federal Contract Tower,0,5,59,2,66,0,1,161,0,162,0,6,220,2,228,252,0,252,480
03/11/2001,FTY,GA,ASO,ES,Federal Contract Tower,0,6,71,2,79,0,0,126,4,130,0,6,197,6,209,168,0,168,377
03/12/2001,FTY,GA,ASO,ES,Federal Contract Tower,0,7,90,1,98,0,0,9,0,9,0,7,99,1,107,0,0,0,107
03/13/2001,FTY,GA,ASO,ES,Federal Contract Tower,0,12,135,4,151,0,2,102,0,104,0,14,237,4,255,146,0,146,401
03/14/2001,FTY,GA,ASO,ES,Federal Contract Tower,0,9,138,0,147,0,0,129,0,129,0,9,267,0,276,252,0,252,528
03/15/2001,FTY,GA,ASO,ES,Federal Contract Tower,0,12,129,0,141,0,3,61,0,64,0,15,190,0,205,30,0,30,235
03/16/2001,FTY,GA,ASO,ES,Federal Contract Tower,0,0,109,3,112,0,0,180,1,181,0,0,289,4,293,98,0,98,391
03/17/2001,FTY,GA,ASO,ES,Federal Contract Tower,0,3,59,2,64,0,0,116,0,116,0,3,175,2,180,76,0,76,256
03/18/2001,FTY,GA,ASO,ES,Federal Contract Tower,0,8,81,0,89,0,0,109,0,109,0,8,190,0,198,192,0,192,390
03/19/2001,FTY,GA,ASO,ES,Federal Contract Tower,0,7,111,0,118,0,0,77,0,77,0,7,188,0,195,24,0,24,219
03/20/2001,FTY,GA,ASO,ES,Federal Contract Tower,0,10,104,2,116,0,6,8,0,14,0,16,112,2,130,0,0,0,130
03/21/2001,FTY,GA,ASO,ES,Federal Contract Tower,0,12,126,2,140,0,0,34,5,39,0,12,160,7,179,14,0,14,193
03/22/2001,FTY,GA,ASO,ES,Federal Contract Tower,0,8,106,2,116,0,0,157,2,159,0,8,263,4,275,180,0,180,455
03/23/2001,FTY,GA,ASO,ES,Federal Contract Tower,0,6,126,2,134,0,0,150,0,150,0,6,276,2,284,104,0,104,388
03/24/2001,FTY,GA,ASO,ES,Federal Contract Tower,0,4,49,1,54,0,4,110,1,115,0,8,159,2,169,124,0,124,293
03/25/2001,FTY,GA,ASO,ES,Federal Contract Tower,0,6,67,1,74,0,8,98,1,107,0,14,165,2,181,116,0,116,297
03/26/2001,FTY,GA,ASO,ES,Federal Contract Tower,0,10,110,1,121,0,2,134,0,136,0,12,244,1,257,84,0,84,341
03/27/2001,FTY,GA,ASO,ES,Federal Contract Tower,0,13,150,3,166,0,0,131,4,135,0,13,281,7,301,166,0,166,467
03/28/2001,FTY,GA,ASO,ES,Federal Contract Tower,0,15,155,3,173,0,5,107,0,112,0,20,262,3,285,256,0,256,541
03/29/2001,FTY,GA,ASO,ES,Federal Contract Tower,0,8,128,2,138,0,0,8,0,8,0,8,136,2,146,0,0,0,146
03/30/2001,FTY,GA,ASO,ES,Federal Contract Tower,0,12,131,3,146,0,0,76,3,79,0,12,207,6,225,110,0,110,335
03/31/2001,FTY,GA,ASO,ES,Federal Contract Tower,0,2,45,0,47,0,0,71,0,71,0,2,116,0,118,166,0,166,284
04/01/2001,FTY,GA,ASO,ES,Federal Contract Tower,0,4,66,0,70,0,1,34,0,35,0,5,100,0,105,24,0,24,129
04/02/2001,FTY,GA,ASO,ES,Federal Contract Tower,0,14,116,1,131,0,0,134,1,135,0,14,250,2,266,120,0,120,386
04/03/2001,FTY,GA,ASO,ES,Federal Contract Tower,0,15,75,2,92,0,0,37,0,37,0,15,112,2,129,20,0,20,149
04/04/2001,FTY,GA,ASO,ES,Federal Contract Tower,0,14,139,2,155,0,0,46,0,46,0,14,185,2,201,114,0,114,315
04/05/2001,FTY,GA,ASO,ES,Federal Contract Tower,0,16,155,6,177,0,0,29,0,29,0,16,184,6,206,90,0,90,296
04/06/2001,FTY,GA,ASO,ES,Federal Contract Tower,0,17,136,2,155,0,0,94,0,94,0,17,230,2,249,132,0,132,381
04/07/2001,FTY,GA,ASO,ES,Federal Contract Tower,0,9,56,0,65,0,0,153,0,153,0,9,209,0,218,186,0,186,404
04/08/2001,FTY,GA,ASO,ES,Federal Contract Tower,0,15,70,2,87,0,0,65,0,65,0,15,135,2,152,108,0,108,260
04/09/2001,FTY,GA,ASO,ES,Federal Contract Tower,0,9,111,1,121,0,0,138,0,138,0,9,249,1,259,306,0,306,565
04/10/2001,FTY,GA,ASO,ES,Federal Contract Tower,0,11,127,0,138,0,0,178,0,178,0,11,305,0,316,144,0,144,460
04/11/2001,FTY,GA,ASO,ES,Federal Contract Tower,0,6,145,0,151,0,0,128,0,128,0,6,273,0,279,148,0,148,427
04/12/2001,FTY,GA,ASO,ES,Federal Contract Tower,0,16,199,0,215,0,0,86,0,86,0,16,285,0,301,136,0,136,437
04/13/2001,FTY,GA,ASO,ES,Federal Contract Tower,0,7,106,2,115,0,0,104,0,104,0,7,210,2,219,168,0,168,387
04/14/2001,FTY,GA,ASO,ES,Federal Contract Tower,0,5,43,0,48,0,0,102,0,102,0,5,145,0,150,200,0,200,350
04/15/2001,FTY,GA,ASO,ES,Federal Contract Tower,0,9,47,0,56,0,0,43,0,43,0,9,90,0,99,50,0,50,149
04/16/2001,FTY,GA,ASO,ES,Federal Contract Tower,0,8,134,0,142,0,0,131,0,131,0,8,265,0,273,70,0,70,343
04/17/2001,FTY,GA,ASO,ES,Federal Contract Tower,0,11,149,2,162,0,0,106,2,108,0,11,255,4,270,40,0,40,310
04/18/2001,FTY,GA,ASO,ES,Federal Contract Tower,0,13,132,0,145,0,2,146,0,148,0,15,278,0,293,120,0,120,413
04/19/2001,FTY,GA,ASO,ES,Federal Contract Tower,0,14,138,2,154,0,0,142,2,144,0,14,280,4,298,202,0,202,500
04/20/2001,FTY,GA,ASO,ES,Federal Contract Tower,0,9,153,0,162,0,0,156,0,156,0,9,309,0,318,142,0,142,460
04/21/2001,FTY,GA,ASO,ES,Federal Contract Tower,0,6,52,0,58,0,0,132,5,137,0,6,184,5,195,158,0,158,353
04/22/2001,FTY,GA,ASO,ES,Federal Contract Tower,0,7,84,0,91,0,0,91,0,91,0,7,175,0,182,78,0,78,260
04/23/2001,FTY,GA,ASO,ES,Federal Contract Tower,0,8,147,2,157,0,0,143,0,143,0,8,290,2,300,140,0,140,440
04/24/2001,FTY,GA,ASO,ES,Federal Contract Tower,0,20,176,7,203,0,0,61,0,61,0,20,237,7,264,86,0,86,350
04/25/2001,FTY,GA,ASO,ES,Federal Contract Tower,0,10,173,6,189,0,0,126,0,126,0,10,299,6,315,160,0,160,475
04/26/2001,FTY,GA,ASO,ES,Federal Contract Tower,0,19,172,0,191,0,0,224,4,228,0,19,396,4,419,208,0,208,627
04/27/2001,FTY,GA,ASO,ES,Federal Contract Tower,0,10,121,8,139,0,0,154,1,155,0,10,275,9,294,260,0,260,554
04/28/2001,FTY,GA,ASO,ES,Federal Contract Tower,0,5,56,1,62,0,0,110,0,110,0,5,166,1,172,132,0,132,304
04/29/2001,FTY,GA,ASO,ES,Federal Contract Tower,0,8,75,5,88,0,0,78,0,78,0,8,153,5,166,112,0,112,278
04/30/2001,FTY,GA,ASO,ES,Federal Contract Tower,0,5,144,0,149,0,0,154,0,154,0,5,298,0,303,154,0,154,457
05/01/2001,FTY,GA,ASO,ES,Federal Contract Tower,0,6,139,6,151,0,0,151,0,151,0,6,290,6,302,206,0,206,508
05/02/2001,FTY,GA,ASO,ES,Federal Contract Tower,0,12,146,0,158,0,1,132,0,133,0,13,278,0,291,128,0,128,419
05/03/2001,FTY,GA,ASO,ES,Federal Contract Tower,0,10,158,0,168,0,0,148,0,148,0,10,306,0,316,206,0,206,522
05/04/2001,FTY,GA,ASO,ES,Federal Contract Tower,0,13,128,4,145,0,0,147,0,147,0,13,275,4,292,74,0,74,366
05/05/2001,FTY,GA,ASO,ES,Federal Contract Tower,0,7,42,0,49,0,0,123,0,123,0,7,165,0,172,130,0,130,302
05/06/2001,FTY,GA,ASO,ES,Federal Contract Tower,0,4,68,1,73,0,0,71,2,73,0,4,139,3,146,136,0,136,282
05/07/2001,FTY,GA,ASO,ES,Federal Contract Tower,0,5,134,4,143,0,0,102,0,102,0,5,236,4,245,186,0,186,431
05/08/2001,FTY,GA,ASO,ES,Federal Contract Tower,0,13,144,3,160,0,6,118,2,126,0,19,262,5,286,158,0,158,444
05/09/2001,FTY,GA,ASO,ES,Federal Contract Tower,0,14,166,1,181,0,0,107,0,107,0,14,273,1,288,178,0,178,466
05/10/2001,FTY,GA,ASO,ES,Federal Contract Tower,0,13,134,2,149,0,0,135,4,139,0,13,269,6,288,124,0,124,412
05/11/2001,FTY,GA,ASO,ES,Federal Contract Tower,0,12,150,0,162,0,2,100,2,104,0,14,250,2,266,106,0,106,372
05/12/2001,FTY,GA,ASO,ES,Federal Contract Tower,0,6,36,0,42,0,0,82,0,82,0,6,118,0,124,226,0,226,350
05/13/2001,FTY,GA,ASO,ES,Federal Contract Tower,0,14,60,0,74,0,0,63,0,63,0,14,123,0,137,74,0,74,211
05/14/2001,FTY,GA,ASO,ES,Federal Contract Tower,0,12,112,2,126,0,0,151,0,151,0,12,263,2,277,72,0,72,349
05/15/2001,FTY,GA,ASO,ES,Federal Contract Tower,0,19,135,0,154,0,1,151,0,152,0,20,286,0,306,162,0,162,468
05/16/2001,FTY,GA,ASO,ES,Federal Contract Tower,0,17,158,0,175,0,0,165,2,167,0,17,323,2,342,178,0,178,520
05/17/2001,FTY,GA,ASO,ES,Federal Contract Tower,0,8,148,8,164,0,0,155,0,155,0,8,303,8,319,296,0,296,615
05/18/2001,FTY,GA,ASO,ES,Federal Contract Tower,0,8,125,2,135,0,0,157,1,158,0,8,282,3,293,152,0,152,445
05/19/2001,FTY,GA,ASO,ES,Federal Contract Tower,0,3,53,0,56,0,0,62,4,66,0,3,115,4,122,110,0,110,232
05/20/2001,FTY,GA,ASO,ES,Federal Contract Tower,0,5,60,3,68,0,0,26,0,26,0,5,86,3,94,34,0,34,128
05/21/2001,FTY,GA,ASO,ES,Federal Contract Tower,0,9,118,5,132,0,0,46,0,46,0,9,164,5,178,24,0,24,202
05/22/2001,FTY,GA,ASO,ES,Federal Contract Tower,0,13,124,3,140,0,0,49,0,49,0,13,173,3,189,82,0,82,271
05/23/2001,FTY,GA,ASO,ES,Federal Contract Tower,0,15,151,1,167,0,0,145,0,145,0,15,296,1,312,194,0,194,506
05/24/2001,FTY,GA,ASO,ES,Federal Contract Tower,0,10,163,2,175,0,0,92,0,92,0,10,255,2,267,182,0,182,449
05/25/2001,FTY,GA,ASO,ES,Federal Contract Tower,0,7,116,0,123,0,0,71,0,71,0,7,187,0,194,118,0,118,312
05/26/2001,FTY,GA,ASO,ES,Federal Contract Tower,0,9,33,0,42,0,0,119,0,119,0,9,152,0,161,204,0,204,365
05/27/2001,FTY,GA,ASO,ES,Federal Contract Tower,0,4,24,0,28,0,0,63,0,63,0,4,87,0,91,134,0,134,225
05/28/2001,FTY,GA,ASO,ES,Federal Contract Tower,0,6,59,0,65,0,0,33,0,33,0,6,92,0,98,80,0,80,178
05/29/2001,FTY,GA,ASO,ES,Federal Contract Tower,0,8,136,0,144,0,0,86,0,86,0,8,222,0,230,92,0,92,322
05/30/2001,FTY,GA,ASO,ES,Federal Contract Tower,0,7,148,0,155,0,2,148,0,150,0,9,296,0,305,150,0,150,455
05/31/2001,FTY,GA,ASO,ES,Federal Contract Tower,0,7,126,0,133,0,0,81,0,81,0,7,207,0,214,154,0,154,368
06/01/2001,FTY,GA,ASO,ES,Federal Contract Tower,0,9,103,0,112,0,1,23,0,24,0,10,126,0,136,0,0,0,136
06/02/2001,FTY,GA,ASO,ES,Federal Contract Tower,0,6,47,0,53,0,1,110,0,111,0,7,157,0,164,188,0,188,352
06/03/2001,FTY,GA,ASO,ES,Federal Contract Tower,0,8,56,2,66,0,0,51,0,51,0,8,107,2,117,120,0,120,237
06/04/2001,FTY,GA,ASO,ES,Federal Contract Tower,0,8,124,0,132,0,0,94,0,94,0,8,218,0,226,268,0,268,494
06/05/2001,FTY,GA,ASO,ES,Federal Contract Tower,0,16,125,0,141,0,0,139,0,139,0,16,264,0,280,354,0,354,634
06/06/2001,FTY,GA,ASO,ES,Federal Contract Tower,0,12,133,2,147,0,0,97,2,99,0,12,230,4,246,264,0,264,510
06/07/2001,FTY,GA,ASO,ES,Federal Contract Tower,0,4,161,4,169,0,0,100,0,100,0,4,261,4,269,258,0,258,527
06/08/2001,FTY,GA,ASO,ES,Federal Contract Tower,0,7,139,0,146,0,0,86,0,86,0,7,225,0,232,122,0,122,354
06/09/2001,FTY,GA,ASO,ES,Federal Contract Tower,0,3,59,6,68,0,0,82,0,82,0,3,141,6,150,150,0,150,300
06/10/2001,FTY,GA,ASO,ES,Federal Contract Tower,0,1,39,0,40,0,0,91,0,91,0,1,130,0,131,191,0,191,322
06/11/2001,FTY,GA,ASO,ES,Federal Contract Tower,0,11,119,1,131,0,0,88,0,88,0,11,207,1,219,104,0,104,323
06/12/2001,FTY,GA,ASO,ES,Federal Contract Tower,0,8,111,1,120,0,0,47,2,49,0,8,158,3,169,46,2,48,217
06/13/2001,FTY,GA,ASO,ES,Federal Contract Tower,0,17,129,1,147,0,0,125,0,125,0,17,254,1,272,186,0,186,458
06/14/2001,FTY,GA,ASO,ES,Federal Contract Tower,0,9,147,2,158,0,1,102,3,106,0,10,249,5,264,148,0,148,412
06/15/2001,FTY,GA,ASO,ES,Federal Contract Tower,0,6,151,2,159,0,0,85,1,86,0,6,236,3,245,116,0,116,361
06/16/2001,FTY,GA,ASO,ES,Federal Contract Tower,0,5,43,2,50,0,0,91,0,91,0,5,134,2,141,76,0,76,217
06/17/2001,FTY,GA,ASO,ES,Federal Contract Tower,0,4,53,2,59,0,0,95,0,95,0,4,148,2,154,138,0,138,292
06/18/2001,FTY,GA,ASO,ES,Federal Contract Tower,0,8,140,2,150,0,0,133,1,134,0,8,273,3,284,156,0,156,440
06/19/2001,FTY,GA,ASO,ES,Federal Contract Tower,0,8,134,0,142,0,0,131,2,133,0,8,265,2,275,144,0,144,419
06/20/2001,FTY,GA,ASO,ES,Federal Contract Tower,0,9,123,0,132,0,1,140,0,141,0,10,263,0,273,170,0,170,443
06/21/2001,FTY,GA,ASO,ES,Federal Contract Tower,0,8,129,1,138,0,0,148,2,150,0,8,277,3,288,184,0,184,472
06/22/2001,FTY,GA,ASO,ES,Federal Contract Tower,0,12,108,2,122,0,2,46,0,48,0,14,154,2,170,90,0,90,260
06/23/2001,FTY,GA,ASO,ES,Federal Contract Tower,0,5,37,0,42,0,0,118,0,118,0,5,155,0,160,126,0,126,286
06/24/2001,FTY,GA,ASO,ES,Federal Contract Tower,0,5,56,1,62,0,0,97,0,97,0,5,153,1,159,168,0,168,327
06/25/2001,FTY,GA,ASO,ES,Federal Contract Tower,0,8,118,2,128,0,0,81,0,81,0,8,199,2,209,92,0,92,301
06/26/2001,FTY,GA,ASO,ES,Federal Contract Tower,0,12,143,0,155,0,0,88,0,88,0,12,231,0,243,88,0,88,331
06/27/2001,FTY,GA,ASO,ES,Federal Contract Tower,0,8,146,6,160,0,0,144,0,144,0,8,290,6,304,236,0,236,540
06/28/2001,FTY,GA,ASO,ES,Federal Contract Tower,0,11,164,0,175,0,0,159,0,159,0,11,323,0,334,206,0,206,540
06/29/2001,FTY,GA,ASO,ES,Federal Contract Tower,0,6,143,0,149,0,0,83,0,83,0,6,226,0,232,164,0,164,396
06/30/2001,FTY,GA,ASO,ES,Federal Contract Tower,0,2,50,0,52,0,0,65,0,65,0,2,115,0,117,120,0,120,237
07/01/2001,FTY,GA,ASO,ES,Federal Contract Tower,0,5,46,0,51,0,2,81,0,83,0,7,127,0,134,134,0,134,268
07/02/2001,FTY,GA,ASO,ES,Federal Contract Tower,0,5,79,4,88,0,0,123,0,123,0,5,202,4,211,204,0,204,415
07/03/2001,FTY,GA,ASO,ES,Federal Contract Tower,0,11,84,0,95,0,0,126,0,126,0,11,210,0,221,140,0,140,361
07/04/2001,FTY,GA,ASO,ES,Federal Contract Tower,0,0,42,0,42,0,6,79,2,87,0,6,121,2,129,224,0,224,353
07/05/2001,FTY,GA,ASO,ES,Federal Contract Tower,0,11,72,0,83,0,0,90,0,90,0,11,162,0,173,206,0,206,379
07/06/2001,FTY,GA,ASO,ES,Federal Contract Tower,0,6,86,0,92,0,0,127,0,127,0,6,213,0,219,82,0,82,301
07/07/2001,FTY,GA,ASO,ES,Federal Contract Tower,0,7,39,0,46,0,0,101,0,101,0,7,140,0,147,124,0,124,271
07/08/2001,FTY,GA,ASO,ES,Federal Contract Tower,0,3,62,0,65,0,0,85,0,85,0,3,147,0,150,190,0,190,340
07/09/2001,FTY,GA,ASO,ES,Federal Contract Tower,0,11,137,0,148,0,0,96,0,96,0,11,233,0,244,98,0,98,342
07/10/2001,FTY,GA,ASO,ES,Federal Contract Tower,0,7,142,4,153,0,0,105,0,105,0,7,247,4,258,146,0,146,404
07/11/2001,FTY,GA,ASO,ES,Federal Contract Tower,0,10,140,0,150,0,0,123,7,130,0,10,263,7,280,184,0,184,464
07/12/2001,FTY,GA,ASO,ES,Federal Contract Tower,0,10,179,6,195,0,0,130,0,130,0,10,309,6,325,192,0,192,517
07/13/2001,FTY,GA,ASO,ES,Federal Contract Tower,0,9,123,1,133,0,0,121,3,124,0,9,244,4,257,170,0,170,427
07/14/2001,FTY,GA,ASO,ES,Federal Contract Tower,0,4,51,2,57,0,0,121,0,121,0,4,172,2,178,174,0,174,352
07/15/2001,FTY,GA,ASO,ES,Federal Contract Tower,0,3,73,1,77,0,0,98,0,98,0,3,171,1,175,236,0,236,411
07/16/2001,FTY,GA,ASO,ES,Federal Contract Tower,0,4,137,4,145,0,1,138,1,140,0,5,275,5,285,170,0,170,455
07/17/2001,FTY,GA,ASO,ES,Federal Contract Tower,0,9,149,0,158,0,0,161,2,163,0,9,310,2,321,196,0,196,517
07/18/2001,FTY,GA,ASO,ES,Federal Contract Tower,0,10,151,2,163,0,0,197,0,197,0,10,348,2,360,274,0,274,634
07/19/2001,FTY,GA,ASO,ES,Federal Contract Tower,0,12,156,0,168,0,0,113,2,115,0,12,269,2,283,186,0,186,469
07/20/2001,FTY,GA,ASO,ES,Federal Contract Tower,0,3,154,0,157,0,0,73,0,73,0,3,227,0,230,124,0,124,354
07/21/2001,FTY,GA,ASO,ES,Federal Contract Tower,0,0,79,0,79,0,0,98,0,98,0,0,177,0,177,172,0,172,349
07/22/2001,FTY,GA,ASO,ES,Federal Contract Tower,0,8,57,0,65,0,0,104,0,104,0,8,161,0,169,256,0,256,425
07/23/2001,FTY,GA,ASO,ES,Federal Contract Tower,0,16,121,3,140,0,0,123,1,124,0,16,244,4,264,180,0,180,444
07/24/2001,FTY,GA,ASO,ES,Federal Contract Tower,0,24,136,0,160,0,0,83,2,85,0,24,219,2,245,276,0,276,521
07/25/2001,FTY,GA,ASO,ES,Federal Contract Tower,0,10,129,2,141,0,0,75,0,75,0,10,204,2,216,54,0,54,270
07/26/2001,FTY,GA,ASO,ES,Federal Contract Tower,0,16,150,2,168,0,0,109,0,109,0,16,259,2,277,166,0,166,443
07/27/2001,FTY,GA,ASO,ES,Federal Contract Tower,0,7,104,2,113,0,0,111,0,111,0,7,215,2,224,202,0,202,426
07/28/2001,FTY,GA,ASO,ES,Federal Contract Tower,0,6,75,2,83,0,0,18,0,18,0,6,93,2,101,32,0,32,133
07/29/2001,FTY,GA,ASO,ES,Federal Contract Tower,0,6,75,0,81,0,0,43,0,43,0,6,118,0,124,108,0,108,232
07/30/2001,FTY,GA,ASO,ES,Federal Contract Tower,0,13,123,2,138,0,0,104,0,104,0,13,227,2,242,220,0,220,462
07/31/2001,FTY,GA,ASO,ES,Federal Contract Tower,0,9,162,0,171,0,0,109,0,109,0,9,271,0,280,216,0,216,496
08/01/2001,FTY,GA,ASO,ES,Federal Contract Tower,0,18,154,0,172,0,0,110,0,110,0,18,264,0,282,168,0,168,450
08/02/2001,FTY,GA,ASO,ES,Federal Contract Tower,0,9,159,0,168,0,0,110,0,110,0,9,269,0,278,164,0,164,442
08/03/2001,FTY,GA,ASO,ES,Federal Contract Tower,0,12,119,0,131,0,0,145,0,145,0,12,264,0,276,254,0,254,530
08/04/2001,FTY,GA,ASO,ES,Federal Contract Tower,0,0,62,0,62,0,0,64,2,66,0,0,126,2,128,122,0,122,250
08/05/2001,FTY,GA,ASO,ES,Federal Contract Tower,0,10,62,0,72,0,0,30,0,30,0,10,92,0,102,54,0,54,156
08/06/2001,FTY,GA,ASO,ES,Federal Contract Tower,0,8,112,2,122,0,0,67,0,67,0,8,179,2,189,160,0,160,349
08/07/2001,FTY,GA,ASO,ES,Federal Contract Tower,0,14,112,0,126,0,0,58,0,58,0,14,170,0,184,238,0,238,422
08/08/2001,FTY,GA,ASO,ES,Federal Contract Tower,0,10,141,2,153,0,0,79,0,79,0,10,220,2,232,262,0,262,494
08/09/2001,FTY,GA,ASO,ES,Federal Contract Tower,0,11,145,4,160,0,0,65,0,65,0,11,210,4,225,132,0,132,357
08/10/2001,FTY,GA,ASO,ES,Federal Contract Tower,0,12,124,0,136,0,0,110,0,110,0,12,234,0,246,182,0,182,428
08/11/2001,FTY,GA,ASO,ES,Federal Contract Tower,0,7,74,1,82,0,0,59,0,59,0,7,133,1,141,98,0,98,239
08/12/2001,FTY,GA,ASO,ES,Federal Contract Tower,0,11,63,5,79,0,0,49,0,49,0,11,112,5,128,120,0,120,248
08/13/2001,FTY,GA,ASO,ES,Federal Contract Tower,0,19,147,0,166,0,0,22,0,22,0,19,169,0,188,0,0,0,188
08/14/2001,FTY,GA,ASO,ES,Federal Contract Tower,0,11,137,4,152,0,0,111,0,111,0,11,248,4,263,210,0,210,473
08/15/2001,FTY,GA,ASO,ES,Federal Contract Tower,0,15,185,4,204,0,0,166,0,166,0,15,351,4,370,210,0,210,580
08/16/2001,FTY,GA,ASO,ES,Federal Contract Tower,0,10,136,0,146,0,1,74,2,77,0,11,210,2,223,126,0,126,349
08/17/2001,FTY,GA,ASO,ES,Federal Contract Tower,0,9,129,0,138,0,0,99,0,99,0,9,228,0,237,278,0,278,515
08/18/2001,FTY,GA,ASO,ES,Federal Contract Tower,0,6,43,4,53,0,3,82,1,86,0,9,125,5,139,112,0,112,251
08/19/2001,FTY,GA,ASO,ES,Federal Contract Tower,0,4,73,0,77,0,0,63,0,63,0,4,136,0,140,190,0,190,330
08/20/2001,FTY,GA,ASO,ES,Federal Contract Tower,0,9,117,0,126,0,0,116,0,116,0,9,233,0,242,150,0,150,392
08/21/2001,FTY,GA,ASO,ES,Federal Contract Tower,0,10,133,0,143,0,0,150,0,150,0,10,283,0,293,264,0,264,557
08/22/2001,FTY,GA,ASO,ES,Federal Contract Tower,0,8,122,0,130,0,0,151,0,151,0,8,273,0,281,212,0,212,493
08/23/2001,FTY,GA,ASO,ES,Federal Contract Tower,0,20,153,0,173,0,0,126,1,127,0,20,279,1,300,252,0,252,552
08/24/2001,FTY,GA,ASO,ES,Federal Contract Tower,0,5,102,0,107,0,0,110,2,112,0,5,212,2,219,176,0,176,395
08/25/2001,FTY,GA,ASO,ES,Federal Contract Tower,0,1,53,2,56,0,0,103,1,104,0,1,156,3,160,362,0,362,522
08/26/2001,FTY,GA,ASO,ES,Federal Contract Tower,0,4,59,0,63,0,0,67,0,67,0,4,126,0,130,200,0,200,330
08/27/2001,FTY,GA,ASO,ES,Federal Contract Tower,0,8,112,1,121,0,0,86,0,86,0,8,198,1,207,120,0,120,327
08/28/2001,FTY,GA,ASO,ES,Federal Contract Tower,0,17,139,1,157,0,0,127,0,127,0,17,266,1,284,270,0,270,554
08/29/2001,FTY,GA,ASO,ES,Federal Contract Tower,0,15,127,2,144,0,0,86,0,86,0,15,213,2,230,96,0,96,326
08/30/2001,FTY,GA,ASO,ES,Federal Contract Tower,0,16,153,0,169,0,1,105,0,106,0,17,258,0,275,126,0,126,401
08/31/2001,FTY,GA,ASO,ES,Federal Contract Tower,0,9,145,0,154,0,0,89,0,89,0,9,234,0,243,126,0,126,369
09/01/2001,FTY,GA,ASO,ES,Federal Contract Tower,0,3,51,0,54,0,0,31,0,31,0,3,82,0,85,96,0,96,181
09/02/2001,FTY,GA,ASO,ES,Federal Contract Tower,0,6,41,0,47,0,0,10,0,10,0,6,51,0,57,8,0,8,65
09/03/2001,FTY,GA,ASO,ES,Federal Contract Tower,0,1,71,2,74,0,0,0,0,0,0,1,71,2,74,0,0,0,74
09/04/2001,FTY,GA,ASO,ES,Federal Contract Tower,0,20,123,3,146,0,0,32,0,32,0,20,155,3,178,76,0,76,254
09/05/2001,FTY,GA,ASO,ES,Federal Contract Tower,0,9,129,1,139,0,0,161,0,161,0,9,290,1,300,230,0,230,530
09/06/2001,FTY,GA,ASO,ES,Federal Contract Tower,0,10,142,2,154,0,0,150,0,150,0,10,292,2,304,254,0,254,558
09/07/2001,FTY,GA,ASO,ES,Federal Contract Tower,0,5,145,0,150,0,0,84,2,86,0,5,229,2,236,132,0,132,368
09/08/2001,FTY,GA,ASO,ES,Federal Contract Tower,0,5,45,0,50,0,1,63,0,64,0,6,108,0,114,56,0,56,170
09/09/2001,FTY,GA,ASO,ES,Federal Contract Tower,0,7,73,2,82,0,0,97,0,97,0,7,170,2,179,148,0,148,327
09/10/2001,FTY,GA,ASO,ES,Federal Contract Tower,0,12,124,2,138,0,0,54,0,54,0,12,178,2,192,88,0,88,280
09/11/2001,FTY,GA,ASO,ES,Federal Contract Tower,0,1,36,1,38,0,0,14,2,16,0,1,50,3,54,14,0,14,68
09/12/2001,FTY,GA,ASO,ES,Federal Contract Tower,0,0,3,0,3,0,0,0,0,0,0,0,3,0,3,0,0,0,3
09/13/2001,FTY,GA,ASO,ES,Federal Contract Tower,0,15,0,2,17,0,0,0,0,0,0,15,0,2,17,0,0,0,17
09/14/2001,FTY,GA,ASO,ES,Federal Contract Tower,0,27,17,0,44,0,2,0,0,2,0,29,17,0,46,0,0,0,46
09/15/2001,FTY,GA,ASO,ES,Federal Contract Tower,0,5,30,0,35,0,0,2,0,2,0,5,32,0,37,0,0,0,37
09/16/2001,FTY,GA,ASO,ES,Federal Contract Tower,0,16,42,0,58,0,0,0,0,0,0,16,42,0,58,0,0,0,58
09/17/2001,FTY,GA,ASO,ES,Federal Contract Tower,0,10,78,2,90,0,0,3,0,3,0,10,81,2,93,10,0,10,103
09/18/2001,FTY,GA,ASO,ES,Federal Contract Tower,0,19,149,0,168,0,0,0,0,0,0,19,149,0,168,4,0,4,172
09/19/2001,FTY,GA,ASO,ES,Federal Contract Tower,0,12,141,1,154,0,8,2,0,10,0,20,143,1,164,0,0,0,164
09/20/2001,FTY,GA,ASO,ES,Federal Contract Tower,0,18,160,18,196,0,1,8,0,9,0,19,168,18,205,0,0,0,205
09/21/2001,FTY,GA,ASO,ES,Federal Contract Tower,0,9,144,4,157,0,1,6,0,7,0,10,150,4,164,0,0,0,164
09/22/2001,FTY,GA,ASO,ES,Federal Contract Tower,0,3,67,5,75,0,0,25,0,25,0,3,92,5,100,64,0,64,164
09/23/2001,FTY,GA,ASO,ES,Federal Contract Tower,0,12,70,2,84,0,0,17,0,17,0,12,87,2,101,78,0,78,179
09/24/2001,FTY,GA,ASO,ES,Federal Contract Tower,0,13,104,1,118,0,0,16,0,16,0,13,120,1,134,12,0,12,146
09/25/2001,FTY,GA,ASO,ES,Federal Contract Tower,0,19,135,3,157,0,0,43,0,43,0,19,178,3,200,90,0,90,290
09/26/2001,FTY,GA,ASO,ES,Federal Contract Tower,0,12,164,2,178,0,1,63,0,64,0,13,227,2,242,102,0,102,344
09/27/2001,FTY,GA,ASO,ES,Federal Contract Tower,0,14,132,2,148,0,0,32,0,32,0,14,164,2,180,72,0,72,252
09/28/2001,FTY,GA,ASO,ES,Federal Contract Tower,0,17,139,2,158,0,0,33,0,33,0,17,172,2,191,98,0,98,289
09/29/2001,FTY,GA,ASO,ES,Federal Contract Tower,0,6,63,0,69,0,0,25,0,25,0,6,88,0,94,142,0,142,236
09/30/2001,FTY,GA,ASO,ES,Federal Contract Tower,0,21,83,0,104,0,0,21,0,21,0,21,104,0,125,50,0,50,175
10/01/2001,FTY,GA,ASO,ES,Federal Contract Tower,0,13,127,3,143,0,0,42,0,42,0,13,169,3,185,60,12,72,257
10/02/2001,FTY,GA,ASO,ES,Federal Contract Tower,0,12,177,1,190,0,0,63,0,63,0,12,240,1,253,72,0,72,325
10/03/2001,FTY,GA,ASO,ES,Federal Contract Tower,0,12,159,3,174,0,0,48,2,50,0,12,207,5,224,104,0,104,328
10/04/2001,FTY,GA,ASO,ES,Federal Contract Tower,0,17,173,2,192,0,10,65,0,75,0,27,238,2,267,36,0,36,303
10/05/2001,FTY,GA,ASO,ES,Federal Contract Tower,0,12,159,0,171,0,4,28,0,32,0,16,187,0,203,58,0,58,261
10/06/2001,FTY,GA,ASO,ES,Federal Contract Tower,0,12,73,0,85,0,0,9,0,9,0,12,82,0,94,12,0,12,106
10/07/2001,FTY,GA,ASO,ES,Federal Contract Tower,0,9,84,0,93,0,2,37,0,39,0,11,121,0,132,170,0,170,302
10/08/2001,FTY,GA,ASO,ES,Federal Contract Tower,0,18,141,2,161,0,4,61,1,66,0,22,202,3,227,162,0,162,389
10/09/2001,FTY,GA,ASO,ES,Federal Contract Tower,0,24,156,3,183,0,14,46,0,60,0,38,202,3,243,134,0,134,377
10/10/2001,FTY,GA,ASO,ES,Federal Contract Tower,0,21,192,0,213,0,9,55,2,66,0,30,247,2,279,124,0,124,403
10/11/2001,FTY,GA,ASO,ES,Federal Contract Tower,0,10,188,4,202,0,3,29,2,34,0,13,217,6,236,98,0,98,334
10/12/2001,FTY,GA,ASO,ES,Federal Contract Tower,0,10,175,10,195,0,1,17,0,18,0,11,192,10,213,100,0,100,313
10/13/2001,FTY,GA,ASO,ES,Federal Contract Tower,0,12,71,2,85,0,0,8,0,8,0,12,79,2,93,30,0,30,123
10/14/2001,FTY,GA,ASO,ES,Federal Contract Tower,0,18,79,2,99,0,0,12,0,12,0,18,91,2,111,58,0,58,169
10/15/2001,FTY,GA,ASO,ES,Federal Contract Tower,0,17,154,2,173,0,9,39,2,50,0,26,193,4,223,44,0,44,267
10/16/2001,FTY,GA,ASO,ES,Federal Contract Tower,0,19,199,4,222,0,0,34,2,36,0,19,233,6,258,60,0,60,318
10/17/2001,FTY,GA,ASO,ES,Federal Contract Tower,0,41,192,0,233,0,3,44,0,47,0,44,236,0,280,128,0,128,408
10/18/2001,FTY,GA,ASO,ES,Federal Contract Tower,0,14,196,1,211,0,7,41,0,48,0,21,237,1,259,104,0,104,363
10/19/2001,FTY,GA,ASO,ES,Federal Contract Tower,0,14,136,1,151,0,0,59,0,59,0,14,195,1,210,142,0,142,352
10/20/2001,FTY,GA,ASO,ES,Federal Contract Tower,0,17,83,0,100,0,0,49,0,49,0,17,132,0,149,58,0,58,207
10/21/2001,FTY,GA,ASO,ES,Federal Contract Tower,0,13,120,0,133,0,0,34,0,34,0,13,154,0,167,128,0,128,295
10/22/2001,FTY,GA,ASO,ES,Federal Contract Tower,0,20,159,0,179,0,4,41,0,45,0,24,200,0,224,94,0,94,318
10/23/2001,FTY,GA,ASO,ES,Federal Contract Tower,0,25,147,2,174,0,0,77,2,79,0,25,224,4,253,136,2,138,391
10/24/2001,FTY,GA,ASO,ES,Federal Contract Tower,0,26,159,2,187,0,0,58,2,60,0,26,217,4,247,102,0,102,349
10/25/2001,FTY,GA,ASO,ES,Federal Contract Tower,0,22,166,6,194,0,2,96,0,98,0,24,262,6,292,128,0,128,420
10/26/2001,FTY,GA,ASO,ES,Federal Contract Tower,0,13,137,5,155,0,6,54,0,60,0,19,191,5,215,80,0,80,295
10/27/2001,FTY,GA,ASO,ES,Federal Contract Tower,0,14,51,0,65,0,2,56,0,58,0,16,107,0,123,106,0,106,229
10/28/2001,FTY,GA,ASO,ES,Federal Contract Tower,0,15,68,0,83,0,4,69,0,73,0,19,137,0,156,128,0,128,284
10/29/2001,FTY,GA,ASO,ES,Federal Contract Tower,0,14,104,0,118,0,0,77,0,77,0,14,181,0,195,140,0,140,335
10/30/2001,FTY,GA,ASO,ES,Federal Contract Tower,0,16,146,0,162,0,0,74,0,74,0,16,220,0,236,106,0,106,342
10/31/2001,FTY,GA,ASO,ES,Federal Contract Tower,0,14,125,3,142,0,0,79,2,81,0,14,204,5,223,130,10,140,363
11/01/2001,FTY,GA,ASO,ES,Federal Contract Tower,0,12,153,3,168,0,0,114,0,114,0,12,267,3,282,206,0,206,488
11/02/2001,FTY,GA,ASO,ES,Federal Contract Tower,0,21,128,2,151,0,1,85,0,86,0,22,213,2,237,162,0,162,399
11/03/2001,FTY,GA,ASO,ES,Federal Contract Tower,0,8,62,4,74,0,0,78,0,78,0,8,140,4,152,138,0,138,290
11/04/2001,FTY,GA,ASO,ES,Federal Contract Tower,0,8,90,2,100,0,0,72,0,72,0,8,162,2,172,206,0,206,378
11/05/2001,FTY,GA,ASO,ES,Federal Contract Tower,0,31,120,0,151,0,0,78,2,80,0,31,198,2,231,106,0,106,337
11/06/2001,FTY,GA,ASO,ES,Federal Contract Tower,0,10,135,1,146,0,0,110,0,110,0,10,245,1,256,162,0,162,418
11/07/2001,FTY,GA,ASO,ES,Federal Contract Tower,0,18,149,3,170,0,0,86,0,86,0,18,235,3,256,200,0,200,456
11/08/2001,FTY,GA,ASO,ES,Federal Contract Tower,0,18,168,1,187,0,1,79,1,81,0,19,247,2,268,124,0,124,392
11/09/2001,FTY,GA,ASO,ES,Federal Contract Tower,0,16,124,4,144,0,0,81,0,81,0,16,205,4,225,184,0,184,409
11/10/2001,FTY,GA,ASO,ES,Federal Contract Tower,0,4,59,2,65,0,0,83,0,83,0,4,142,2,148,194,0,194,342
11/11/2001,FTY,GA,ASO,ES,Federal Contract Tower,0,13,92,0,105,0,0,61,0,61,0,13,153,0,166,150,0,150,316
11/12/2001,FTY,GA,ASO,ES,Federal Contract Tower,0,22,123,5,150,0,2,70,0,72,0,24,193,5,222,168,0,168,390
11/13/2001,FTY,GA,ASO,ES,Federal Contract Tower,0,20,162,1,183,0,0,73,0,73,0,20,235,1,256,148,0,148,404
11/14/2001,FTY,GA,ASO,ES,Federal Contract Tower,0,20,187,0,207,0,0,102,0,102,0,20,289,0,309,162,0,162,471
11/15/2001,FTY,GA,ASO,ES,Federal Contract Tower,0,17,160,1,178,0,0,102,0,102,0,17,262,1,280,154,0,154,434
11/16/2001,FTY,GA,ASO,ES,Federal Contract Tower,0,13,163,0,176,0,2,81,0,83,0,15,244,0,259,152,0,152,411
11/17/2001,FTY,GA,ASO,ES,Federal Contract Tower,0,4,52,1,57,0,4,70,0,74,0,8,122,1,131,134,0,134,265
11/18/2001,FTY,GA,ASO,ES,Federal Contract Tower,0,15,89,6,110,0,0,80,0,80,0,15,169,6,190,94,0,94,284
11/19/2001,FTY,GA,ASO,ES,Federal Contract Tower,0,18,124,13,155,0,0,67,0,67,0,18,191,13,222,138,0,138,360
11/20/2001,FTY,GA,ASO,ES,Federal Contract Tower,0,28,143,2,173,0,6,68,0,74,0,34,211,2,247,168,0,168,415
11/21/2001,FTY,GA,ASO,ES,Federal Contract Tower,0,20,122,1,143,0,14,102,0,116,0,34,224,1,259,88,0,88,347
11/22/2001,FTY,GA,ASO,ES,Federal Contract Tower,0,6,12,3,21,0,0,19,0,19,0,6,31,3,40,2,0,2,42
11/23/2001,FTY,GA,ASO,ES,Federal Contract Tower,0,4,54,0,58,0,0,4,0,4,0,4,58,0,62,0,0,0,62
11/24/2001,FTY,GA,ASO,ES,Federal Contract Tower,0,8,35,0,43,0,0,3,0,3,0,8,38,0,46,18,0,18,64
11/25/2001,FTY,GA,ASO,ES,Federal Contract Tower,0,10,76,0,86,0,0,65,0,65,0,10,141,0,151,120,0,120,271
11/26/2001,FTY,GA,ASO,ES,Federal Contract Tower,0,16,150,0,166,0,2,66,0,68,0,18,216,0,234,120,0,120,354
11/27/2001,FTY,GA,ASO,ES,Federal Contract Tower,0,10,138,4,152,0,6,70,0,76,0,16,208,4,228,176,0,176,404
11/28/2001,FTY,GA,ASO,ES,Federal Contract Tower,0,26,145,0,171,0,16,93,0,109,0,42,238,0,280,218,0,218,498
11/29/2001,FTY,GA,ASO,ES,Federal Contract Tower,0,18,123,2,143,0,20,63,0,83,0,38,186,2,226,114,0,114,340
11/30/2001,FTY,GA,ASO,ES,Federal Contract Tower,0,18,121,0,139,0,11,89,0,100,0,29,210,0,239,224,0,224,463
12/01/2001,FTY,GA,ASO,ES,Federal Contract Tower,0,16,46,0,62,0,4,91,0,95,0,20,137,0,157,160,0,160,317
12/02/2001,FTY,GA,ASO,ES,Federal Contract Tower,0,16,92,0,108,0,1,87,0,88,0,17,179,0,196,182,0,182,378
12/03/2001,FTY,GA,ASO,ES,Federal Contract Tower,0,10,130,0,140,0,3,106,2,111,0,13,236,2,251,82,0,82,333
12/04/2001,FTY,GA,ASO,ES,Federal Contract Tower,0,16,132,0,148,0,14,100,0,114,0,30,232,0,262,178,0,178,440
12/05/2001,FTY,GA,ASO,ES,Federal Contract Tower,0,12,174,0,186,0,9,93,2,104,0,21,267,2,290,252,0,252,542
12/06/2001,FTY,GA,ASO,ES,Federal Contract Tower,0,27,154,2,183,0,10,97,0,107,0,37,251,2,290,182,0,182,472
12/07/2001,FTY,GA,ASO,ES,Federal Contract Tower,0,15,159,0,174,0,18,116,4,138,0,33,275,4,312,148,8,156,468
12/08/2001,FTY,GA,ASO,ES,Federal Contract Tower,0,7,78,2,87,0,2,80,0,82,0,9,158,2,169,254,0,254,423
12/09/2001,FTY,GA,ASO,ES,Federal Contract Tower,0,9,99,2,110,0,0,56,0,56,0,9,155,2,166,64,0,64,230
12/10/2001,FTY,GA,ASO,ES,Federal Contract Tower,0,12,118,0,130,0,0,0,0,0,0,12,118,0,130,0,0,0,130
12/11/2001,FTY,GA,ASO,ES,Federal Contract Tower,0,13,153,0,166,0,6,20,0,26,0,19,173,0,192,58,0,58,250
12/12/2001,FTY,GA,ASO,ES,Federal Contract Tower,0,17,169,2,188,0,0,2,0,2,0,17,171,2,190,4,0,4,194
12/13/2001,FTY,GA,ASO,ES,Federal Contract Tower,0,27,113,0,140,0,0,10,0,10,0,27,123,0,150,32,0,32,182
12/14/2001,FTY,GA,ASO,ES,Federal Contract Tower,0,14,129,2,145,0,0,55,0,55,0,14,184,2,200,88,0,88,288
12/15/2001,FTY,GA,ASO,ES,Federal Contract Tower,0,14,55,0,69,0,0,114,0,114,0,14,169,0,183,164,0,164,347
12/16/2001,FTY,GA,ASO,ES,Federal Contract Tower,0,16,71,0,87,0,0,45,0,45,0,16,116,0,132,108,0,108,240
12/17/2001,FTY,GA,ASO,ES,Federal Contract Tower,0,13,112,0,125,0,0,4,0,4,0,13,116,0,129,0,0,0,129
12/18/2001,FTY,GA,ASO,ES,Federal Contract Tower,0,13,128,2,143,0,21,108,0,129,0,34,236,2,272,200,0,200,472
12/19/2001,FTY,GA,ASO,ES,Federal Contract Tower,0,18,111,2,131,0,6,113,0,119,0,24,224,2,250,232,0,232,482
12/20/2001,FTY,GA,ASO,ES,Federal Contract Tower,0,10,142,2,154,0,8,115,0,123,0,18,257,2,277,144,0,144,421
12/21/2001,FTY,GA,ASO,ES,Federal Contract Tower,0,13,95,1,109,0,2,115,0,117,0,15,210,1,226,84,0,84,310
12/22/2001,FTY,GA,ASO,ES,Federal Contract Tower,0,5,36,1,42,0,0,70,0,70,0,5,106,1,112,94,0,94,206
12/23/2001,FTY,GA,ASO,ES,Federal Contract Tower,0,13,28,2,43,0,0,3,0,3,0,13,31,2,46,0,0,0,46
12/24/2001,FTY,GA,ASO,ES,Federal Contract Tower,0,6,13,0,19,0,0,41,0,41,0,6,54,0,60,86,0,86,146
12/25/2001,FTY,GA,ASO,ES,Federal Contract Tower,0,2,5,0,7,0,0,7,0,7,0,2,12,0,14,0,0,0,14
12/26/2001,FTY,GA,ASO,ES,Federal Contract Tower,0,16,45,0,61,0,0,57,2,59,0,16,102,2,120,72,0,72,192
12/27/2001,FTY,GA,ASO,ES,Federal Contract Tower,0,10,72,0,82,0,0,89,0,89,0,10,161,0,171,140,0,140,311
12/28/2001,FTY,GA,ASO,ES,Federal Contract Tower,0,7,61,0,68,0,0,122,2,124,0,7,183,2,192,150,0,150,342
12/29/2001,FTY,GA,ASO,ES,Federal Contract Tower,0,11,38,0,49,0,0,51,0,51,0,11,89,0,100,84,0,84,184
12/30/2001,FTY,GA,ASO,ES,Federal Contract Tower,0,5,58,0,63,0,0,26,0,26,0,5,84,0,89,116,0,116,205
12/31/2001,FTY,GA,ASO,ES,Federal Contract Tower,0,6,39,2,47,0,3,46,0,49,0,9,85,2,96,82,0,82,178
01/01/2002,FTY,GA,ASO,ES,Federal Contract Tower,0,11,36,0,47,0,0,47,0,47,0,11,83,0,94,20,0,20,114
01/02/2002,FTY,GA,ASO,ES,Federal Contract Tower,0,6,69,0,75,0,0,11,0,11,0,6,80,0,86,0,0,0,86
01/03/2002,FTY,GA,ASO,ES,Federal Contract Tower,0,7,54,0,61,0,8,42,0,50,0,15,96,0,111,0,0,0,111
01/04/2002,FTY,GA,ASO,ES,Federal Contract Tower,0,9,88,0,97,0,0,97,0,97,0,9,185,0,194,68,0,68,262
01/05/2002,FTY,GA,ASO,ES,Federal Contract Tower,0,11,40,2,53,0,3,118,0,121,0,14,158,2,174,220,0,220,394
01/06/2002,FTY,GA,ASO,ES,Federal Contract Tower,0,6,52,2,60,0,0,4,0,4,0,6,56,2,64,0,0,0,64
01/07/2002,FTY,GA,ASO,ES,Federal Contract Tower,0,17,87,7,111,0,6,66,0,72,0,23,153,7,183,74,0,74,257
01/08/2002,FTY,GA,ASO,ES,Federal Contract Tower,0,16,111,7,134,0,0,127,2,129,0,16,238,9,263,144,8,152,415
01/09/2002,FTY,GA,ASO,ES,Federal Contract Tower,0,7,108,10,125,0,0,120,0,120,0,7,228,10,245,152,0,152,397
01/10/2002,FTY,GA,ASO,ES,Federal Contract Tower,0,24,153,10,187,0,0,78,0,78,0,24,231,10,265,136,0,136,401
01/11/2002,FTY,GA,ASO,ES,Federal Contract Tower,0,15,112,18,145,0,2,96,0,98,0,17,208,18,243,50,0,50,293
01/12/2002,FTY,GA,ASO,ES,Federal Contract Tower,0,7,38,6,51,0,1,70,0,71,0,8,108,6,122,194,0,194,316
01/13/2002,FTY,GA,ASO,ES,Federal Contract Tower,0,16,73,10,99,0,0,80,0,80,0,16,153,10,179,134,0,134,313
01/14/2002,FTY,GA,ASO,ES,Federal Contract Tower,0,14,140,8,162,0,0,103,2,105,0,14,243,10,267,160,0,160,427
01/15/2002,FTY,GA,ASO,ES,Federal Contract Tower,0,14,210,8,232,0,0,140,2,142,0,14,350,10,374,190,0,190,564
01/16/2002,FTY,GA,ASO,ES,Federal Contract Tower,0,18,191,11,220,0,0,115,0,115,0,18,306,11,335,156,0,156,491
01/17/2002,FTY,GA,ASO,ES,Federal Contract Tower,0,36,187,8,231,0,2,154,0,156,0,38,341,8,387,138,0,138,525
01/18/2002,FTY,GA,ASO,ES,Federal Contract Tower,0,13,172,12,197,0,6,53,0,59,0,19,225,12,256,98,4,102,358
01/19/2002,FTY,GA,ASO,ES,Federal Contract Tower,0,4,29,3,36,0,2,4,0,6,0,6,33,3,42,0,0,0,42
01/20/2002,FTY,GA,ASO,ES,Federal Contract Tower,0,8,83,9,100,0,0,91,0,91,0,8,174,9,191,224,0,224,415
01/21/2002,FTY,GA,ASO,ES,Federal Contract Tower,0,16,98,2,116,0,0,69,0,69,0,16,167,2,185,90,0,90,275
01/22/2002,FTY,GA,ASO,ES,Federal Contract Tower,0,18,151,2,171,0,0,125,1,126,0,18,276,3,297,146,0,146,443
01/23/2002,FTY,GA,ASO,ES,Federal Contract Tower,0,20,147,9,176,0,0,19,0,19,0,20,166,9,195,54,0,54,249
01/24/2002,FTY,GA,ASO,ES,Federal Contract Tower,0,16,136,1,153,0,0,24,0,24,0,16,160,1,177,36,0,36,213
01/25/2002,FTY,GA,ASO,ES,Federal Contract Tower,0,9,131,0,140,0,10,99,0,109,0,19,230,0,249,102,0,102,351
01/26/2002,FTY,GA,ASO,ES,Federal Contract Tower,0,7,67,0,74,0,3,108,0,111,0,10,175,0,185,330,0,330,515
01/27/2002,FTY,GA,ASO,ES,Federal Contract Tower,0,5,91,1,97,0,0,92,0,92,0,5,183,1,189,320,0,320,509
01/28/2002,FTY,GA,ASO,ES,Federal Contract Tower,0,15,131,1,147,0,0,104,0,104,0,15,235,1,251,132,0,132,383
01/29/2002,FTY,GA,ASO,ES,Federal Contract Tower,0,15,129,5,149,0,0,90,2,92,0,15,219,7,241,156,0,156,397
01/30/2002,FTY,GA,ASO,ES,Federal Contract Tower,0,21,144,3,168,0,0,113,0,113,0,21,257,3,281,208,0,208,489
01/31/2002,FTY,GA,ASO,ES,Federal Contract Tower,0,17,136,5,158,0,0,82,0,82,0,17,218,5,240,176,0,176,416
02/01/2002,FTY,GA,ASO,ES,Federal Contract Tower,0,10,108,4,122,0,0,77,2,79,0,10,185,6,201,80,0,80,281
02/02/2002,FTY,GA,ASO,ES,Federal Contract Tower,0,8,39,0,47,0,2,126,4,132,0,10,165,4,179,334,0,334,513
02/03/2002,FTY,GA,ASO,ES,Federal Contract Tower,0,7,46,2,55,0,0,47,0,47,0,7,93,2,102,194,0,194,296
02/04/2002,FTY,GA,ASO,ES,Federal Contract Tower,0,3,128,2,133,0,0,93,0,93,0,3,221,2,226,58,0,58,284
02/05/2002,FTY,GA,ASO,ES,Federal Contract Tower,0,14,146,0,160,0,0,115,0,115,0,14,261,0,275,184,0,184,459
02/06/2002,FTY,GA,ASO,ES,Federal Contract Tower,0,19,104,4,127,0,0,0,0,0,0,19,104,4,127,0,0,0,127
02/07/2002,FTY,GA,ASO,ES,Federal Contract Tower,0,12,135,6,153,0,0,32,0,32,0,12,167,6,185,88,0,88,273
02/08/2002,FTY,GA,ASO,ES,Federal Contract Tower,0,17,150,4,171,0,0,131,0,131,0,17,281,4,302,172,0,172,474
02/09/2002,FTY,GA,ASO,ES,Federal Contract Tower,0,15,79,0,94,0,0,109,0,109,0,15,188,0,203,296,0,296,499
02/10/2002,FTY,GA,ASO,ES,Federal Contract Tower,0,5,97,2,104,0,0,40,0,40,0,5,137,2,144,110,0,110,254
02/11/2002,FTY,GA,ASO,ES,Federal Contract Tower,0,10,153,2,165,0,0,80,1,81,0,10,233,3,246,124,0,124,370
02/12/2002,FTY,GA,ASO,ES,Federal Contract Tower,0,13,148,2,163,0,0,116,5,121,0,13,264,7,284,198,0,198,482
02/13/2002,FTY,GA,ASO,ES,Federal Contract Tower,0,18,142,0,160,0,0,90,1,91,0,18,232,1,251,114,0,114,365
02/14/2002,FTY,GA,ASO,ES,Federal Contract Tower,0,14,123,3,140,0,1,183,4,188,0,15,306,7,328,156,0,156,484
02/15/2002,FTY,GA,ASO,ES,Federal Contract Tower,0,10,135,1,146,0,0,125,5,130,0,10,260,6,276,156,0,156,432
02/16/2002,FTY,GA,ASO,ES,Federal Contract Tower,0,3,45,0,48,0,2,71,0,73,0,5,116,0,121,206,0,206,327
02/17/2002,FTY,GA,ASO,ES,Federal Contract Tower,0,9,54,0,63,0,0,83,0,83,0,9,137,0,146,134,0,134,280
02/18/2002,FTY,GA,ASO,ES,Federal Contract Tower,0,14,114,0,128,0,0,96,0,96,0,14,210,0,224,240,0,240,464
02/19/2002,FTY,GA,ASO,ES,Federal Contract Tower,0,9,152,6,167,0,1,109,0,110,0,10,261,6,277,230,0,230,507
02/20/2002,FTY,GA,ASO,ES,Federal Contract Tower,0,15,118,6,139,0,0,34,0,34,0,15,152,6,173,68,0,68,241
02/21/2002,FTY,GA,ASO,ES,Federal Contract Tower,0,25,96,2,123,0,0,139,0,139,0,25,235,2,262,284,0,284,546
02/22/2002,FTY,GA,ASO,ES,Federal Contract Tower,0,10,121,2,133,0,3,125,0,128,0,13,246,2,261,250,0,250,511
02/23/2002,FTY,GA,ASO,ES,Federal Contract Tower,0,4,45,2,51,0,0,95,0,95,0,4,140,2,146,324,0,324,470
02/24/2002,FTY,GA,ASO,ES,Federal Contract Tower,0,9,101,0,110,0,0,103,0,103,0,9,204,0,213,152,0,152,365
02/25/2002,FTY,GA,ASO,ES,Federal Contract Tower,0,14,130,6,150,0,2,125,0,127,0,16,255,6,277,222,0,222,499
02/26/2002,FTY,GA,ASO,ES,Federal Contract Tower,0,15,115,6,136,0,0,63,0,63,0,15,178,6,199,164,0,164,363
02/27/2002,FTY,GA,ASO,ES,Federal Contract Tower,0,10,127,0,137,0,2,93,4,99,0,12,220,4,236,162,0,162,398
02/28/2002,FTY,GA,ASO,ES,Federal Contract Tower,0,16,143,4,163,0,0,146,0,146,0,16,289,4,309,172,0,172,481
03/01/2002,FTY,GA,ASO,ES,Federal Contract Tower,0,10,124,2,136,0,0,103,0,103,0,10,227,2,239,178,0,178,417
03/02/2002,FTY,GA,ASO,ES,Federal Contract Tower,0,2,48,2,52,0,0,1,0,1,0,2,49,2,53,0,0,0,53
03/03/2002,FTY,GA,ASO,ES,Federal Contract Tower,0,11,51,0,62,0,0,14,0,14,0,11,65,0,76,42,0,42,118
03/04/2002,FTY,GA,ASO,ES,Federal Contract Tower,0,11,118,5,134,0,0,86,0,86,0,11,204,5,220,174,0,174,394
03/05/2002,FTY,GA,ASO,ES,Federal Contract Tower,0,13,114,1,128,0,2,140,0,142,0,15,254,1,270,286,0,286,556
03/06/2002,FTY,GA,ASO,ES,Federal Contract Tower,0,19,115,6,140,0,0,121,0,121,0,19,236,6,261,328,0,328,589
03/07/2002,FTY,GA,ASO,ES,Federal Contract Tower,0,16,183,5,204,0,2,156,4,162,0,18,339,9,366,240,0,240,606
03/08/2002,FTY,GA,ASO,ES,Federal Contract Tower,0,9,161,4,174,0,0,131,0,131,0,9,292,4,305,222,0,222,527
03/09/2002,FTY,GA,ASO,ES,Federal Contract Tower,0,12,54,0,66,0,0,24,0,24,0,12,78,0,90,26,0,26,116
03/10/2002,FTY,GA,ASO,ES,Federal Contract Tower,0,18,93,0,111,0,0,88,0,88,0,18,181,0,199,142,0,142,341
03/11/2002,FTY,GA,ASO,ES,Federal Contract Tower,0,22,132,2,156,0,1,105,1,107,0,23,237,3,263,204,0,204,467
03/12/2002,FTY,GA,ASO,ES,Federal Contract Tower,0,24,132,1,157,0,0,0,0,0,0,24,132,1,157,0,0,0,157
03/13/2002,FTY,GA,ASO,ES,Federal Contract Tower,0,26,177,4,207,0,0,47,0,47,0,26,224,4,254,92,0,92,346
03/14/2002,FTY,GA,ASO,ES,Federal Contract Tower,0,22,172,6,200,0,2,154,0,156,0,24,326,6,356,178,0,178,534
03/15/2002,FTY,GA,ASO,ES,Federal Contract Tower,0,14,128,2,144,0,5,93,1,99,0,19,221,3,243,292,0,292,535
03/16/2002,FTY,GA,ASO,ES,Federal Contract Tower,0,13,54,0,67,0,2,55,0,57,0,15,109,0,124,194,0,194,318
03/17/2002,FTY,GA,ASO,ES,Federal Contract Tower,0,18,69,2,89,0,0,54,0,54,0,18,123,2,143,198,0,198,341
03/18/2002,FTY,GA,ASO,ES,Federal Contract Tower,0,7,141,2,150,0,0,84,1,85,0,7,225,3,235,180,0,180,415
03/19/2002,FTY,GA,ASO,ES,Federal Contract Tower,0,11,154,2,167,0,0,98,1,99,0,11,252,3,266,208,0,208,474
03/20/2002,FTY,GA,ASO,ES,Federal Contract Tower,0,10,157,4,171,0,0,50,0,50,0,10,207,4,221,78,0,78,299
03/21/2002,FTY,GA,ASO,ES,Federal Contract Tower,0,22,136,0,158,0,1,89,0,90,0,23,225,0,248,162,0,162,410
03/22/2002,FTY,GA,ASO,ES,Federal Contract Tower,0,7,102,4,113,0,0,122,1,123,0,7,224,5,236,124,0,124,360
03/23/2002,FTY,GA,ASO,ES,Federal Contract Tower,0,5,68,0,73,0,0,129,0,129,0,5,197,0,202,200,0,200,402
03/24/2002,FTY,GA,ASO,ES,Federal Contract Tower,0,18,71,0,89,0,0,115,1,116,0,18,186,1,205,230,0,230,435
03/25/2002,FTY,GA,ASO,ES,Federal Contract Tower,0,25,117,13,155,0,1,119,0,120,0,26,236,13,275,258,0,258,533
03/26/2002,FTY,GA,ASO,ES,Federal Contract Tower,0,23,136,7,166,0,0,18,3,21,0,23,154,10,187,16,0,16,203
03/27/2002,FTY,GA,ASO,ES,Federal Contract Tower,0,29,140,9,178,0,1,93,0,94,0,30,233,9,272,140,0,140,412
03/28/2002,FTY,GA,ASO,ES,Federal Contract Tower,0,17,165,1,183,0,0,158,2,160,0,17,323,3,343,338,0,338,681
03/29/2002,FTY,GA,ASO,ES,Federal Contract Tower,0,12,123,6,141,0,0,119,2,121,0,12,242,8,262,118,0,118,380
03/30/2002,FTY,GA,ASO,ES,Federal Contract Tower,0,17,80,0,97,0,0,3,0,3,0,17,83,0,100,0,0,0,100
03/31/2002,FTY,GA,ASO,ES,Federal Contract Tower,0,11,70,0,81,0,2,4,0,6,0,13,74,0,87,18,0,18,105
04/01/2002,FTY,GA,ASO,ES,Federal Contract Tower,0,11,126,1,138,0,0,155,0,155,0,11,281,1,293,118,0,118,411
04/02/2002,FTY,GA,ASO,ES,Federal Contract Tower,0,26,156,0,182,0,0,176,0,176,0,26,332,0,358,128,0,128,486
04/03/2002,FTY,GA,ASO,ES,Federal Contract Tower,0,9,90,4,103,0,3,81,0,84,0,12,171,4,187,150,0,150,337
04/04/2002,FTY,GA,ASO,ES,Federal Contract Tower,0,7,139,4,150,0,0,121,0,121,0,7,260,4,271,134,0,134,405
04/05/2002,FTY,GA,ASO,ES,Federal Contract Tower,0,13,122,2,137,0,2,139,0,141,0,15,261,2,278,192,0,192,470
04/06/2002,FTY,GA,ASO,ES,Federal Contract Tower,0,7,28,0,35,0,0,103,2,105,0,7,131,2,140,234,0,234,374
04/07/2002,FTY,GA,ASO,ES,Federal Contract Tower,0,11,61,0,72,0,6,90,0,96,0,17,151,0,168,204,0,204,372
04/08/2002,FTY,GA,ASO,ES,Federal Contract Tower,0,9,100,2,111,0,2,69,0,71,0,11,169,2,182,138,0,138,320
04/09/2002,FTY,GA,ASO,ES,Federal Contract Tower,0,13,135,6,154,0,0,31,0,31,0,13,166,6,185,12,0,12,197
04/10/2002,FTY,GA,ASO,ES,Federal Contract Tower,0,15,161,2,178,0,0,62,0,62,0,15,223,2,240,170,0,170,410
04/11/2002,FTY,GA,ASO,ES,Federal Contract Tower,0,31,169,2,202,0,0,30,0,30,0,31,199,2,232,134,0,134,366
04/12/2002,FTY,GA,ASO,ES,Federal Contract Tower,0,13,165,0,178,0,0,0,0,0,0,13,165,0,178,0,0,0,178
04/13/2002,FTY,GA,ASO,ES,Federal Contract Tower,0,12,68,0,80,0,4,4,0,8,0,16,72,0,88,0,0,0,88
04/14/2002,FTY,GA,ASO,ES,Federal Contract Tower,0,11,75,2,88,0,2,20,0,22,0,13,95,2,110,74,0,74,184
04/15/2002,FTY,GA,ASO,ES,Federal Contract Tower,0,16,117,0,133,0,0,91,0,91,0,16,208,0,224,270,0,270,494
04/16/2002,FTY,GA,ASO,ES,Federal Contract Tower,0,14,127,4,145,0,4,172,0,176,0,18,299,4,321,236,2,238,559
04/17/2002,FTY,GA,ASO,ES,Federal Contract Tower,0,14,138,2,154,0,11,139,0,150,0,25,277,2,304,190,0,190,494
04/18/2002,FTY,GA,ASO,ES,Federal Contract Tower,0,12,152,0,164,0,1,155,2,158,0,13,307,2,322,208,0,208,530
04/19/2002,FTY,GA,ASO,ES,Federal Contract Tower,0,13,112,2,127,0,3,137,1,141,0,16,249,3,268,206,0,206,474
04/20/2002,FTY,GA,ASO,ES,Federal Contract Tower,0,9,53,0,62,0,4,125,0,129,0,13,178,0,191,252,0,252,443
04/21/2002,FTY,GA,ASO,ES,Federal Contract Tower,0,14,78,3,95,0,3,96,1,100,0,17,174,4,195,144,0,144,339
04/22/2002,FTY,GA,ASO,ES,Federal Contract Tower,0,12,122,5,139,0,0,66,0,66,0,12,188,5,205,130,0,130,335
04/23/2002,FTY,GA,ASO,ES,Federal Contract Tower,0,13,176,10,199,0,0,165,5,170,0,13,341,15,369,236,0,236,605
04/24/2002,FTY,GA,ASO,ES,Federal Contract Tower,0,15,139,8,162,0,2,119,5,126,0,17,258,13,288,134,0,134,422
04/25/2002,FTY,GA,ASO,ES,Federal Contract Tower,0,16,169,1,186,0,0,123,0,123,0,16,292,1,309,222,0,222,531
04/26/2002,FTY,GA,ASO,ES,Federal Contract Tower,0,11,147,0,158,0,2,133,0,135,0,13,280,0,293,192,0,192,485
04/27/2002,FTY,GA,ASO,ES,Federal Contract Tower,0,7,70,0,77,0,3,72,0,75,0,10,142,0,152,310,0,310,462
04/28/2002,FTY,GA,ASO,ES,Federal Contract Tower,0,14,64,0,78,0,0,58,0,58,0,14,122,0,136,102,0,102,238
04/29/2002,FTY,GA,ASO,ES,Federal Contract Tower,0,17,124,0,141,0,0,154,0,154,0,17,278,0,295,302,0,302,597
04/30/2002,FTY,GA,ASO,ES,Federal Contract Tower,0,13,79,0,92,0,0,11,0,11,0,13,90,0,103,30,0,30,133
05/01/2002,FTY,GA,ASO,ES,Federal Contract Tower,0,18,147,2,167,0,0,69,2,71,0,18,216,4,238,114,0,114,352
05/02/2002,FTY,GA,ASO,ES,Federal Contract Tower,0,14,141,9,164,0,0,100,0,100,0,14,241,9,264,164,0,164,428
05/03/2002,FTY,GA,ASO,ES,Federal Contract Tower,0,12,87,5,104,0,0,30,0,30,0,12,117,5,134,58,0,58,192
05/04/2002,FTY,GA,ASO,ES,Federal Contract Tower,0,4,54,0,58,0,0,3,0,3,0,4,57,0,61,0,0,0,61
05/05/2002,FTY,GA,ASO,ES,Federal Contract Tower,0,8,107,0,115,0,5,97,0,102,0,13,204,0,217,196,0,196,413
05/06/2002,FTY,GA,ASO,ES,Federal Contract Tower,0,18,130,0,148,0,0,109,0,109,0,18,239,0,257,282,0,282,539
05/07/2002,FTY,GA,ASO,ES,Federal Contract Tower,0,19,157,0,176,0,0,122,0,122,0,19,279,0,298,242,0,242,540
05/08/2002,FTY,GA,ASO,ES,Federal Contract Tower,0,19,137,0,156,0,0,151,0,151,0,19,288,0,307,170,0,170,477
05/09/2002,FTY,GA,ASO,ES,Federal Contract Tower,0,18,151,0,169,0,10,108,0,118,0,28,259,0,287,122,0,122,409
05/10/2002,FTY,GA,ASO,ES,Federal Contract Tower,0,8,124,0,132,0,0,99,0,99,0,8,223,0,231,170,0,170,401
05/11/2002,FTY,GA,ASO,ES,Federal Contract Tower,0,3,58,0,61,0,0,80,0,80,0,3,138,0,141,152,0,152,293
05/12/2002,FTY,GA,ASO,ES,Federal Contract Tower,0,17,67,2,86,0,2,42,0,44,0,19,109,2,130,74,0,74,204
05/13/2002,FTY,GA,ASO,ES,Federal Contract Tower,0,15,115,0,130,0,0,42,0,42,0,15,157,0,172,50,0,50,222
05/14/2002,FTY,GA,ASO,ES,Federal Contract Tower,0,16,128,5,149,0,2,145,1,148,0,18,273,6,297,228,2,230,527
05/15/2002,FTY,GA,ASO,ES,Federal Contract Tower,0,24,114,0,138,0,0,200,0,200,0,24,314,0,338,280,0,280,618
05/16/2002,FTY,GA,ASO,ES,Federal Contract Tower,0,17,155,6,178,0,0,162,0,162,0,17,317,6,340,196,0,196,536
05/17/2002,FTY,GA,ASO,ES,Federal Contract Tower,0,23,127,0,150,0,2,66,0,68,0,25,193,0,218,48,0,48,266
05/18/2002,FTY,GA,ASO,ES,Federal Contract Tower,0,5,42,0,47,0,4,23,2,29,0,9,65,2,76,36,0,36,112
05/19/2002,FTY,GA,ASO,ES,Federal Contract Tower,0,8,66,4,78,0,0,57,1,58,0,8,123,5,136,72,0,72,208
05/20/2002,FTY,GA,ASO,ES,Federal Contract Tower,0,14,136,1,151,0,0,160,0,160,0,14,296,1,311,140,0,140,451
05/21/2002,FTY,GA,ASO,ES,Federal Contract Tower,0,22,121,1,144,0,0,141,0,141,0,22,262,1,285,174,0,174,459
05/22/2002,FTY,GA,ASO,ES,Federal Contract Tower,0,19,133,2,154,0,0,180,0,180,0,19,313,2,334,222,0,222,556
05/23/2002,FTY,GA,ASO,ES,Federal Contract Tower,0,22,164,2,188,0,2,164,0,166,0,24,328,2,354,250,0,250,604
05/24/2002,FTY,GA,ASO,ES,Federal Contract Tower,0,18,117,0,135,0,0,162,0,162,0,18,279,0,297,280,0,280,577
05/25/2002,FTY,GA,ASO,ES,Federal Contract Tower,0,3,47,2,52,0,0,120,0,120,0,3,167,2,172,242,0,242,414
05/26/2002,FTY,GA,ASO,ES,Federal Contract Tower,0,8,27,0,35,0,0,64,0,64,0,8,91,0,99,52,0,52,151
05/27/2002,FTY,GA,ASO,ES,Federal Contract Tower,0,10,77,0,87,0,0,101,0,101,0,10,178,0,188,220,0,220,408
05/28/2002,FTY,GA,ASO,ES,Federal Contract Tower,0,19,146,0,165,0,0,120,0,120,0,19,266,0,285,166,0,166,451
05/29/2002,FTY,GA,ASO,ES,Federal Contract Tower,0,17,147,0,164,0,1,160,0,161,0,18,307,0,325,154,0,154,479
05/30/2002,FTY,GA,ASO,ES,Federal Contract Tower,0,16,168,0,184,0,0,111,0,111,0,16,279,0,295,236,0,236,531
05/31/2002,FTY,GA,ASO,ES,Federal Contract Tower,0,7,132,0,139,0,0,136,0,136,0,7,268,0,275,212,0,212,487
06/01/2002,FTY,GA,ASO,ES,Federal Contract Tower,0,9,49,3,61,0,1,91,0,92,0,10,140,3,153,146,0,146,299
06/02/2002,FTY,GA,ASO,ES,Federal Contract Tower,0,7,55,0,62,0,0,90,0,90,0,7,145,0,152,178,0,178,330
06/03/2002,FTY,GA,ASO,ES,Federal Contract Tower,0,14,118,2,134,0,2,108,0,110,0,16,226,2,244,132,0,132,376
06/04/2002,FTY,GA,ASO,ES,Federal Contract Tower,0,7,144,0,151,0,0,87,0,87,0,7,231,0,238,132,0,132,370
06/05/2002,FTY,GA,ASO,ES,Federal Contract Tower,0,15,161,6,182,0,1,124,0,125,0,16,285,6,307,174,0,174,481
06/06/2002,FTY,GA,ASO,ES,Federal Contract Tower,0,9,159,0,168,0,1,82,0,83,0,10,241,0,251,274,0,274,525
06/07/2002,FTY,GA,ASO,ES,Federal Contract Tower,0,9,151,13,173,0,0,79,0,79,0,9,230,13,252,216,4,220,472
06/08/2002,FTY,GA,ASO,ES,Federal Contract Tower,0,2,72,0,74,0,0,74,0,74,0,2,146,0,148,234,0,234,382
06/09/2002,FTY,GA,ASO,ES,Federal Contract Tower,0,8,102,0,110,0,0,112,0,112,0,8,214,0,222,144,0,144,366
06/10/2002,FTY,GA,ASO,ES,Federal Contract Tower,0,8,149,0,157,0,2,132,0,134,0,10,281,0,291,146,0,146,437
06/11/2002,FTY,GA,ASO,ES,Federal Contract Tower,0,18,134,2,154,0,0,142,0,142,0,18,276,2,296,108,0,108,404
06/12/2002,FTY,GA,ASO,ES,Federal Contract Tower,0,14,144,0,158,0,0,135,2,137,0,14,279,2,295,234,0,234,529
06/13/2002,FTY,GA,ASO,ES,Federal Contract Tower,0,17,115,0,132,0,0,125,2,127,0,17,240,2,259,134,0,134,393
06/14/2002,FTY,GA,ASO,ES,Federal Contract Tower,0,6,132,0,138,0,2,81,0,83,0,8,213,0,221,128,0,128,349
06/15/2002,FTY,GA,ASO,ES,Federal Contract Tower,0,1,34,0,35,0,0,145,0,145,0,1,179,0,180,240,0,240,420
06/16/2002,FTY,GA,ASO,ES,Federal Contract Tower,0,10,62,1,73,0,0,85,0,85,0,10,147,1,158,208,0,208,366
06/17/2002,FTY,GA,ASO,ES,Federal Contract Tower,0,11,125,2,138,0,0,128,0,128,0,11,253,2,266,164,0,164,430
06/18/2002,FTY,GA,ASO,ES,Federal Contract Tower,0,22,137,0,159,0,3,111,2,116,0,25,248,2,275,156,0,156,431
06/19/2002,FTY,GA,ASO,ES,Federal Contract Tower,0,17,158,1,176,0,4,60,0,64,0,21,218,1,240,116,0,116,356
06/20/2002,FTY,GA,ASO,ES,Federal Contract Tower,0,20,167,0,187,0,0,173,0,173,0,20,340,0,360,196,0,196,556
06/21/2002,FTY,GA,ASO,ES,Federal Contract Tower,0,13,159,2,174,0,0,154,0,154,0,13,313,2,328,106,0,106,434
06/22/2002,FTY,GA,ASO,ES,Federal Contract Tower,0,7,43,2,52,0,1,63,0,64,0,8,106,2,116,134,0,134,250
06/23/2002,FTY,GA,ASO,ES,Federal Contract Tower,0,9,70,1,80,0,2,20,0,22,0,11,90,1,102,18,0,18,120
06/24/2002,FTY,GA,ASO,ES,Federal Contract Tower,0,9,151,0,160,0,0,88,0,88,0,9,239,0,248,104,0,104,352
06/25/2002,FTY,GA,ASO,ES,Federal Contract Tower,0,11,126,0,137,0,0,36,2,38,0,11,162,2,175,42,0,42,217
06/26/2002,FTY,GA,ASO,ES,Federal Contract Tower,0,20,141,2,163,0,1,51,0,52,0,21,192,2,215,140,0,140,355
06/27/2002,FTY,GA,ASO,ES,Federal Contract Tower,0,16,142,2,160,0,2,110,0,112,0,18,252,2,272,170,0,170,442
06/28/2002,FTY,GA,ASO,ES,Federal Contract Tower,0,11,153,0,164,0,0,65,0,65,0,11,218,0,229,136,0,136,365
06/29/2002,FTY,GA,ASO,ES,Federal Contract Tower,0,11,59,0,70,0,0,111,0,111,0,11,170,0,181,268,0,268,449
06/30/2002,FTY,GA,ASO,ES,Federal Contract Tower,0,6,72,0,78,0,0,68,0,68,0,6,140,0,146,172,0,172,318
07/01/2002,FTY,GA,ASO,ES,Federal Contract Tower,0,6,131,0,137,0,0,108,0,108,0,6,239,0,245,148,0,148,393
07/02/2002,FTY,GA,ASO,ES,Federal Contract Tower,0,15,116,4,135,0,0,119,0,119,0,15,235,4,254,96,0,96,350
07/03/2002,FTY,GA,ASO,ES,Federal Contract Tower,0,12,103,0,115,0,0,110,0,110,0,12,213,0,225,192,0,192,417
07/04/2002,FTY,GA,ASO,ES,Federal Contract Tower,0,0,26,0,26,0,0,69,2,71,0,0,95,2,97,134,0,134,231
07/05/2002,FTY,GA,ASO,ES,Federal Contract Tower,0,5,69,0,74,0,0,75,0,75,0,5,144,0,149,310,0,310,459
07/06/2002,FTY,GA,ASO,ES,Federal Contract Tower,0,1,57,0,58,0,0,86,2,88,0,1,143,2,146,110,0,110,256
07/07/2002,FTY,GA,ASO,ES,Federal Contract Tower,0,12,71,0,83,0,0,50,0,50,0,12,121,0,133,34,0,34,167
07/08/2002,FTY,GA,ASO,ES,Federal Contract Tower,0,17,104,1,122,0,0,100,0,100,0,17,204,1,222,118,0,118,340
07/09/2002,FTY,GA,ASO,ES,Federal Contract Tower,0,19,152,3,174,0,3,120,0,123,0,22,272,3,297,306,0,306,603
07/10/2002,FTY,GA,ASO,ES,Federal Contract Tower,0,12,145,3,160,0,0,108,1,109,0,12,253,4,269,184,0,184,453
07/11/2002,FTY,GA,ASO,ES,Federal Contract Tower,0,24,133,0,157,0,1,66,1,68,0,25,199,1,225,126,0,126,351
07/12/2002,FTY,GA,ASO,ES,Federal Contract Tower,0,10,134,2,146,0,0,46,0,46,0,10,180,2,192,172,0,172,364
07/13/2002,FTY,GA,ASO,ES,Federal Contract Tower,0,9,59,0,68,0,0,10,0,10,0,9,69,0,78,2,0,2,80
07/14/2002,FTY,GA,ASO,ES,Federal Contract Tower,0,8,77,1,86,0,2,36,0,38,0,10,113,1,124,98,0,98,222
07/15/2002,FTY,GA,ASO,ES,Federal Contract Tower,0,21,125,0,146,0,0,124,0,124,0,21,249,0,270,208,0,208,478
07/16/2002,FTY,GA,ASO,ES,Federal Contract Tower,0,20,150,0,170,0,0,147,0,147,0,20,297,0,317,254,0,254,571
07/17/2002,FTY,GA,ASO,ES,Federal Contract Tower,0,20,141,0,161,0,0,180,2,182,0,20,321,2,343,134,0,134,477
07/18/2002,FTY,GA,ASO,ES,Federal Contract Tower,0,20,145,1,166,0,0,143,1,144,0,20,288,2,310,138,0,138,448
07/19/2002,FTY,GA,ASO,ES,Federal Contract Tower,0,18,125,0,143,0,0,137,0,137,0,18,262,0,280,206,0,206,486
07/20/2002,FTY,GA,ASO,ES,Federal Contract Tower,0,3,33,0,36,0,2,94,0,96,0,5,127,0,132,182,0,182,314
07/21/2002,FTY,GA,ASO,ES,Federal Contract Tower,0,7,52,0,59,0,0,78,0,78,0,7,130,0,137,140,0,140,277
07/22/2002,FTY,GA,ASO,ES,Federal Contract Tower,0,11,114,2,127,0,0,115,0,115,0,11,229,2,242,204,0,204,446
07/23/2002,FTY,GA,ASO,ES,Federal Contract Tower,0,10,127,3,140,0,0,69,0,69,0,10,196,3,209,106,0,106,315
07/24/2002,FTY,GA,ASO,ES,Federal Contract Tower,0,8,132,7,147,0,0,54,0,54,0,8,186,7,201,92,0,92,293
07/25/2002,FTY,GA,ASO,ES,Federal Contract Tower,0,13,137,4,154,0,0,53,0,53,0,13,190,4,207,86,0,86,293
07/26/2002,FTY,GA,ASO,ES,Federal Contract Tower,0,9,112,1,122,0,0,73,0,73,0,9,185,1,195,114,0,114,309
07/27/2002,FTY,GA,ASO,ES,Federal Contract Tower,0,4,43,0,47,0,0,73,0,73,0,4,116,0,120,200,0,200,320
07/28/2002,FTY,GA,ASO,ES,Federal Contract Tower,0,7,67,0,74,0,4,85,0,89,0,11,152,0,163,194,0,194,357
07/29/2002,FTY,GA,ASO,ES,Federal Contract Tower,0,16,92,0,108,0,0,146,0,146,0,16,238,0,254,212,0,212,466
07/30/2002,FTY,GA,ASO,ES,Federal Contract Tower,0,14,149,3,166,0,0,136,1,137,0,14,285,4,303,166,0,166,469
07/31/2002,FTY,GA,ASO,ES,Federal Contract Tower,0,16,135,0,151,0,2,170,0,172,0,18,305,0,323,178,0,178,501
08/01/2002,FTY,GA,ASO,ES,Federal Contract Tower,0,13,156,2,171,0,0,143,0,143,0,13,299,2,314,312,0,312,626
08/02/2002,FTY,GA,ASO,ES,Federal Contract Tower,0,6,123,0,129,0,2,164,0,166,0,8,287,0,295,202,0,202,497
08/03/2002,FTY,GA,ASO,ES,Federal Contract Tower,0,9,60,0,69,0,0,119,0,119,0,9,179,0,188,242,0,242,430
08/04/2002,FTY,GA,ASO,ES,Federal Contract Tower,0,7,77,2,86,0,0,89,0,89,0,7,166,2,175,198,0,198,373
08/05/2002,FTY,GA,ASO,ES,Federal Contract Tower,0,15,107,2,124,0,1,122,0,123,0,16,229,2,247,144,0,144,391
08/06/2002,FTY,GA,ASO,ES,Federal Contract Tower,0,9,124,0,133,0,0,101,2,103,0,9,225,2,236,244,0,244,480
08/07/2002,FTY,GA,ASO,ES,Federal Contract Tower,0,12,166,3,181,0,0,118,1,119,0,12,284,4,300,118,0,118,418
08/08/2002,FTY,GA,ASO,ES,Federal Contract Tower,0,15,141,0,156,0,0,203,0,203,0,15,344,0,359,216,0,216,575
08/09/2002,FTY,GA,ASO,ES,Federal Contract Tower,0,19,117,2,138,0,0,134,0,134,0,19,251,2,272,190,0,190,462
08/10/2002,FTY,GA,ASO,ES,Federal Contract Tower,0,8,50,0,58,0,0,77,0,77,0,8,127,0,135,168,0,168,303
08/11/2002,FTY,GA,ASO,ES,Federal Contract Tower,0,5,77,2,84,0,2,72,0,74,0,7,149,2,158,176,0,176,334
08/12/2002,FTY,GA,ASO,ES,Federal Contract Tower,0,15,106,0,121,0,0,117,0,117,0,15,223,0,238,188,0,188,426
08/13/2002,FTY,GA,ASO,ES,Federal Contract Tower,0,15,140,4,159,0,2,131,0,133,0,17,271,4,292,278,0,278,570
08/14/2002,FTY,GA,ASO,ES,Federal Contract Tower,0,9,155,3,167,0,3,53,0,56,0,12,208,3,223,132,0,132,355
08/15/2002,FTY,GA,ASO,ES,Federal Contract Tower,0,14,132,1,147,0,0,79,0,79,0,14,211,1,226,312,0,312,538
08/16/2002,FTY,GA,ASO,ES,Federal Contract Tower,0,9,129,4,142,0,4,79,0,83,0,13,208,4,225,104,0,104,329
08/17/2002,FTY,GA,ASO,ES,Federal Contract Tower,0,5,30,0,35,0,0,93,0,93,0,5,123,0,128,204,0,204,332
08/18/2002,FTY,GA,ASO,ES,Federal Contract Tower,0,5,81,5,91,0,0,83,0,83,0,5,164,5,174,218,0,218,392
08/19/2002,FTY,GA,ASO,ES,Federal Contract Tower,0,13,113,4,130,0,0,116,0,116,0,13,229,4,246,212,0,212,458
08/20/2002,FTY,GA,ASO,ES,Federal Contract Tower,0,12,147,0,159,0,3,104,0,107,0,15,251,0,266,232,0,232,498
08/21/2002,FTY,GA,ASO,ES,Federal Contract Tower,0,15,154,0,169,0,0,154,0,154,0,15,308,0,323,136,0,136,459
08/22/2002,FTY,GA,ASO,ES,Federal Contract Tower,0,12,168,0,180,0,0,140,0,140,0,12,308,0,320,184,0,184,504
08/23/2002,FTY,GA,ASO,ES,Federal Contract Tower,0,10,127,2,139,0,0,124,0,124,0,10,251,2,263,258,0,258,521
08/24/2002,FTY,GA,ASO,ES,Federal Contract Tower,0,10,60,0,70,0,2,104,0,106,0,12,164,0,176,266,0,266,442
08/25/2002,FTY,GA,ASO,ES,Federal Contract Tower,0,3,60,0,63,0,1,65,0,66,0,4,125,0,129,148,0,148,277
08/26/2002,FTY,GA,ASO,ES,Federal Contract Tower,0,18,87,3,108,0,0,77,0,77,0,18,164,3,185,212,0,212,397
08/27/2002,FTY,GA,ASO,ES,Federal Contract Tower,0,17,130,3,150,0,0,93,0,93,0,17,223,3,243,204,0,204,447
08/28/2002,FTY,GA,ASO,ES,Federal Contract Tower,0,16,136,0,152,0,0,89,0,89,0,16,225,0,241,80,0,80,321
08/29/2002,FTY,GA,ASO,ES,Federal Contract Tower,0,20,133,1,154,0,1,93,2,96,0,21,226,3,250,210,0,210,460
08/30/2002,FTY,GA,ASO,ES,Federal Contract Tower,0,14,142,1,157,0,0,29,0,29,0,14,171,1,186,144,0,144,330
08/31/2002,FTY,GA,ASO,ES,Federal Contract Tower,0,4,66,0,70,0,0,15,0,15,0,4,81,0,85,84,0,84,169
09/01/2002,FTY,GA,ASO,ES,Federal Contract Tower,0,5,29,0,34,0,0,48,0,48,0,5,77,0,82,128,0,128,210
09/02/2002,FTY,GA,ASO,ES,Federal Contract Tower,0,7,91,0,98,0,0,67,0,67,0,7,158,0,165,116,0,116,281
09/03/2002,FTY,GA,ASO,ES,Federal Contract Tower,0,19,120,0,139,0,0,134,0,134,0,19,254,0,273,194,0,194,467
09/04/2002,FTY,GA,ASO,ES,Federal Contract Tower,0,31,120,2,153,0,1,130,2,133,0,32,250,4,286,154,0,154,440
09/05/2002,FTY,GA,ASO,ES,Federal Contract Tower,0,27,121,0,148,0,1,120,4,125,0,28,241,4,273,210,0,210,483
09/06/2002,FTY,GA,ASO,ES,Federal Contract Tower,0,19,101,2,122,0,6,129,8,143,0,25,230,10,265,194,0,194,459
09/07/2002,FTY,GA,ASO,ES,Federal Contract Tower,0,3,59,0,62,0,0,79,0,79,0,3,138,0,141,140,0,140,281
09/08/2002,FTY,GA,ASO,ES,Federal Contract Tower,0,7,75,2,84,0,0,53,0,53,0,7,128,2,137,170,0,170,307
09/09/2002,FTY,GA,ASO,ES,Federal Contract Tower,0,18,140,3,161,0,0,84,3,87,0,18,224,6,248,172,0,172,420
09/10/2002,FTY,GA,ASO,ES,Federal Contract Tower,0,17,134,0,151,0,0,157,0,157,0,17,291,0,308,234,0,234,542
09/11/2002,FTY,GA,ASO,ES,Federal Contract Tower,0,19,95,0,114,0,0,120,2,122,0,19,215,2,236,178,0,178,414
09/12/2002,FTY,GA,ASO,ES,Federal Contract Tower,0,24,154,2,180,0,0,130,0,130,0,24,284,2,310,126,0,126,436
09/13/2002,FTY,GA,ASO,ES,Federal Contract Tower,0,24,133,0,157,0,1,52,0,53,0,25,185,0,210,124,0,124,334
09/14/2002,FTY,GA,ASO,ES,Federal Contract Tower,0,0,71,2,73,0,0,0,0,0,0,0,71,2,73,46,0,46,119
09/15/2002,FTY,GA,ASO,ES,Federal Contract Tower,0,6,89,2,97,0,0,2,0,2,0,6,91,2,99,0,0,0,99
09/16/2002,FTY,GA,ASO,ES,Federal Contract Tower,0,21,101,0,122,0,0,137,0,137,0,21,238,0,259,210,0,210,469
09/17/2002,FTY,GA,ASO,ES,Federal Contract Tower,0,24,108,2,134,0,0,113,2,115,0,24,221,4,249,176,0,176,425
09/18/2002,FTY,GA,ASO,ES,Federal Contract Tower,0,15,147,0,162,0,0,56,9,65,0,15,203,9,227,72,0,72,299
09/19/2002,FTY,GA,ASO,ES,Federal Contract Tower,0,18,173,0,191,0,0,40,4,44,0,18,213,4,235,92,0,92,327
09/20/2002,FTY,GA,ASO,ES,Federal Contract Tower,0,14,149,0,163,0,2,51,0,53,0,16,200,0,216,92,0,92,308
09/21/2002,FTY,GA,ASO,ES,Federal Contract Tower,0,4,56,2,62,0,0,23,0,23,0,4,79,2,85,98,0,98,183
09/22/2002,FTY,GA,ASO,ES,Federal Contract Tower,0,9,78,0,87,0,0,16,0,16,0,9,94,0,103,74,0,74,177
09/23/2002,FTY,GA,ASO,ES,Federal Contract Tower,0,18,147,0,165,0,0,98,0,98,0,18,245,0,263,104,0,104,367
09/24/2002,FTY,GA,ASO,ES,Federal Contract Tower,0,24,158,2,184,0,2,51,6,59,0,26,209,8,243,52,0,52,295
09/25/2002,FTY,GA,ASO,ES,Federal Contract Tower,0,25,177,0,202,0,0,10,0,10,0,25,187,0,212,0,0,0,212
09/26/2002,FTY,GA,ASO,ES,Federal Contract Tower,0,22,134,0,156,0,0,0,0,0,0,22,134,0,156,0,0,0,156
09/27/2002,FTY,GA,ASO,ES,Federal Contract Tower,0,20,122,2,144,0,0,36,0,36,0,20,158,2,180,64,0,64,244
09/28/2002,FTY,GA,ASO,ES,Federal Contract Tower,0,6,71,0,77,0,0,121,0,121,0,6,192,0,198,210,0,210,408
09/29/2002,FTY,GA,ASO,ES,Federal Contract Tower,0,7,84,2,93,0,0,55,0,55,0,7,139,2,148,98,0,98,246
09/30/2002,FTY,GA,ASO,ES,Federal Contract Tower,0,18,129,0,147,0,0,86,0,86,0,18,215,0,233,106,0,106,339
10/01/2002,FTY,GA,ASO,ES,Federal Contract Tower,0,29,118,1,148,0,0,125,0,125,0,29,243,1,273,128,0,128,401
10/02/2002,FTY,GA,ASO,ES,Federal Contract Tower,0,25,132,2,159,0,1,162,0,163,0,26,294,2,322,128,0,128,450
10/03/2002,FTY,GA,ASO,ES,Federal Contract Tower,0,22,116,0,138,0,2,149,4,155,0,24,265,4,293,186,0,186,479
10/04/2002,FTY,GA,ASO,ES,Federal Contract Tower,0,25,125,2,152,0,4,75,1,80,0,29,200,3,232,44,0,44,276
10/05/2002,FTY,GA,ASO,ES,Federal Contract Tower,0,10,52,0,62,0,0,46,0,46,0,10,98,0,108,120,0,120,228
10/06/2002,FTY,GA,ASO,ES,Federal Contract Tower,0,10,90,2,102,0,4,82,0,86,0,14,172,2,188,64,0,64,252
10/07/2002,FTY,GA,ASO,ES,Federal Contract Tower,0,24,108,0,132,0,0,58,4,62,0,24,166,4,194,88,0,88,282
10/08/2002,FTY,GA,ASO,ES,Federal Contract Tower,0,20,164,2,186,0,0,106,0,106,0,20,270,2,292,248,0,248,540
10/09/2002,FTY,GA,ASO,ES,Federal Contract Tower,0,24,169,4,197,0,0,12,0,12,0,24,181,4,209,48,0,48,257
10/10/2002,FTY,GA,ASO,ES,Federal Contract Tower,0,53,184,0,237,0,0,20,0,20,0,53,204,0,257,0,0,0,257
10/11/2002,FTY,GA,ASO,ES,Federal Contract Tower,0,26,157,6,189,0,0,37,0,37,0,26,194,6,226,82,0,82,308
10/12/2002,FTY,GA,ASO,ES,Federal Contract Tower,0,7,63,4,74,0,1,65,0,66,0,8,128,4,140,166,0,166,306
10/13/2002,FTY,GA,ASO,ES,Federal Contract Tower,0,8,62,2,72,0,0,67,0,67,0,8,129,2,139,92,0,92,231
10/14/2002,FTY,GA,ASO,ES,Federal Contract Tower,0,10,114,0,124,0,0,113,0,113,0,10,227,0,237,134,0,134,371
10/15/2002,FTY,GA,ASO,ES,Federal Contract Tower,0,31,185,0,216,0,0,0,0,0,0,31,185,0,216,0,0,0,216
10/16/2002,FTY,GA,ASO,ES,Federal Contract Tower,0,20,139,0,159,0,1,66,2,69,0,21,205,2,228,142,0,142,370
10/17/2002,FTY,GA,ASO,ES,Federal Contract Tower,0,23,128,2,153,0,0,170,2,172,0,23,298,4,325,244,0,244,569
10/18/2002,FTY,GA,ASO,ES,Federal Contract Tower,0,16,139,0,155,0,2,167,0,169,0,18,306,0,324,118,0,118,442
10/19/2002,FTY,GA,ASO,ES,Federal Contract Tower,0,9,61,0,70,0,0,76,0,76,0,9,137,0,146,108,0,108,254
10/20/2002,FTY,GA,ASO,ES,Federal Contract Tower,0,7,92,0,99,0,0,24,0,24,0,7,116,0,123,68,0,68,191
10/21/2002,FTY,GA,ASO,ES,Federal Contract Tower,0,16,134,0,150,0,0,54,0,54,0,16,188,0,204,76,0,76,280
10/22/2002,FTY,GA,ASO,ES,Federal Contract Tower,0,28,189,0,217,0,0,45,0,45,0,28,234,0,262,106,0,106,368
10/23/2002,FTY,GA,ASO,ES,Federal Contract Tower,0,34,182,7,223,0,0,29,0,29,0,34,211,7,252,48,0,48,300
10/24/2002,FTY,GA,ASO,ES,Federal Contract Tower,0,24,159,8,191,0,0,52,0,52,0,24,211,8,243,164,0,164,407
10/25/2002,FTY,GA,ASO,ES,Federal Contract Tower,0,29,138,1,168,0,0,0,0,0,0,29,138,1,168,0,0,0,168
10/26/2002,FTY,GA,ASO,ES,Federal Contract Tower,0,10,53,2,65,0,0,14,0,14,0,10,67,2,79,36,0,36,115
10/27/2002,FTY,GA,ASO,ES,Federal Contract Tower,0,8,107,0,115,0,0,37,0,37,0,8,144,0,152,120,0,120,272
10/28/2002,FTY,GA,ASO,ES,Federal Contract Tower,0,20,116,0,136,0,0,0,0,0,0,20,116,0,136,0,0,0,136
10/29/2002,FTY,GA,ASO,ES,Federal Contract Tower,0,21,138,2,161,0,1,49,0,50,0,22,187,2,211,88,0,88,299
10/30/2002,FTY,GA,ASO,ES,Federal Contract Tower,0,21,169,2,192,0,2,96,0,98,0,23,265,2,290,82,0,82,372
10/31/2002,FTY,GA,ASO,ES,Federal Contract Tower,0,26,126,4,156,0,0,180,0,180,0,26,306,4,336,152,0,152,488
11/01/2002,FTY,GA,ASO,ES,Federal Contract Tower,0,22,102,2,126,0,0,151,0,151,0,22,253,2,277,224,0,224,501
11/02/2002,FTY,GA,ASO,ES,Federal Contract Tower,0,5,63,2,70,0,0,113,0,113,0,5,176,2,183,144,0,144,327
11/03/2002,FTY,GA,ASO,ES,Federal Contract Tower,0,9,78,1,88,0,4,69,3,76,0,13,147,4,164,108,0,108,272
11/04/2002,FTY,GA,ASO,ES,Federal Contract Tower,0,23,139,2,164,0,0,14,1,15,0,23,153,3,179,0,0,0,179
11/05/2002,FTY,GA,ASO,ES,Federal Contract Tower,0,32,94,2,128,0,0,0,0,0,0,32,94,2,128,0,0,0,128
11/06/2002,FTY,GA,ASO,ES,Federal Contract Tower,0,20,115,0,135,0,0,97,2,99,0,20,212,2,234,98,0,98,332
11/07/2002,FTY,GA,ASO,ES,Federal Contract Tower,0,22,146,5,173,0,4,193,0,197,0,26,339,5,370,312,0,312,682
11/08/2002,FTY,GA,ASO,ES,Federal Contract Tower,0,21,130,3,154,0,2,157,1,160,0,23,287,4,314,248,0,248,562
11/09/2002,FTY,GA,ASO,ES,Federal Contract Tower,0,4,47,6,57,0,0,123,0,123,0,4,170,6,180,220,0,220,400
11/10/2002,FTY,GA,ASO,ES,Federal Contract Tower,0,9,79,0,88,0,0,11,0,11,0,9,90,0,99,36,0,36,135
11/11/2002,FTY,GA,ASO,ES,Federal Contract Tower,0,3,118,1,122,0,4,31,4,39,0,7,149,5,161,100,0,100,261
11/12/2002,FTY,GA,ASO,ES,Federal Contract Tower,0,15,119,7,141,0,4,63,0,67,0,19,182,7,208,98,0,98,306
11/13/2002,FTY,GA,ASO,ES,Federal Contract Tower,0,15,122,1,138,0,0,131,2,133,0,15,253,3,271,116,0,116,387
11/14/2002,FTY,GA,ASO,ES,Federal Contract Tower,0,14,132,2,148,0,0,173,0,173,0,14,305,2,321,222,0,222,543
11/15/2002,FTY,GA,ASO,ES,Federal Contract Tower,0,22,134,1,157,0,0,82,4,86,0,22,216,5,243,78,0,78,321
11/16/2002,FTY,GA,ASO,ES,Federal Contract Tower,0,10,41,0,51,0,2,3,0,5,0,12,44,0,56,4,0,4,60
11/17/2002,FTY,GA,ASO,ES,Federal Contract Tower,0,6,80,0,86,0,0,30,0,30,0,6,110,0,116,38,0,38,154
11/18/2002,FTY,GA,ASO,ES,Federal Contract Tower,0,18,114,2,134,0,0,110,0,110,0,18,224,2,244,146,0,146,390
11/19/2002,FTY,GA,ASO,ES,Federal Contract Tower,0,20,140,0,160,0,0,93,0,93,0,20,233,0,253,180,0,180,433
11/20/2002,FTY,GA,ASO,ES,Federal Contract Tower,0,24,139,0,163,0,0,29,0,29,0,24,168,0,192,12,0,12,204
11/21/2002,FTY,GA,ASO,ES,Federal Contract Tower,0,21,138,0,159,0,0,80,0,80,0,21,218,0,239,118,0,118,357
11/22/2002,FTY,GA,ASO,ES,Federal Contract Tower,0,13,111,1,125,0,2,123,0,125,0,15,234,1,250,54,0,54,304
11/23/2002,FTY,GA,ASO,ES,Federal Contract Tower,0,5,29,5,39,0,0,115,0,115,0,5,144,5,154,178,0,178,332
11/24/2002,FTY,GA,ASO,ES,Federal Contract Tower,0,7,54,3,64,0,0,95,0,95,0,7,149,3,159,114,0,114,273
11/25/2002,FTY,GA,ASO,ES,Federal Contract Tower,0,16,74,1,91,0,0,180,0,180,0,16,254,1,271,162,0,162,433
11/26/2002,FTY,GA,ASO,ES,Federal Contract Tower,0,24,112,4,140,0,4,110,0,114,0,28,222,4,254,146,0,146,400
11/27/2002,FTY,GA,ASO,ES,Federal Contract Tower,0,12,78,7,97,0,0,76,0,76,0,12,154,7,173,176,0,176,349
11/28/2002,FTY,GA,ASO,ES,Federal Contract Tower,0,3,15,4,22,0,0,42,0,42,0,3,57,4,64,20,0,20,84
11/29/2002,FTY,GA,ASO,ES,Federal Contract Tower,0,6,37,0,43,0,0,71,0,71,0,6,108,0,114,116,0,116,230
11/30/2002,FTY,GA,ASO,ES,Federal Contract Tower,0,8,25,0,33,0,0,39,0,39,0,8,64,0,72,90,0,90,162
12/01/2002,FTY,GA,ASO,ES,Federal Contract Tower,0,9,75,0,84,0,0,67,0,67,0,9,142,0,151,174,0,174,325
12/02/2002,FTY,GA,ASO,ES,Federal Contract Tower,0,16,107,3,126,0,0,102,0,102,0,16,209,3,228,94,0,94,322
12/03/2002,FTY,GA,ASO,ES,Federal Contract Tower,0,14,100,0,114,0,0,130,0,130,0,14,230,0,244,144,0,144,388
12/04/2002,FTY,GA,ASO,ES,Federal Contract Tower,0,19,89,0,108,0,2,25,0,27,0,21,114,0,135,32,0,32,167
12/05/2002,FTY,GA,ASO,ES,Federal Contract Tower,0,22,118,2,142,0,0,4,0,4,0,22,122,2,146,0,0,0,146
12/06/2002,FTY,GA,ASO,ES,Federal Contract Tower,0,16,114,0,130,0,0,99,3,102,0,16,213,3,232,202,0,202,434
12/07/2002,FTY,GA,ASO,ES,Federal Contract Tower,0,4,83,4,91,0,0,88,0,88,0,4,171,4,179,186,0,186,365
12/08/2002,FTY,GA,ASO,ES,Federal Contract Tower,0,8,57,2,67,0,2,73,0,75,0,10,130,2,142,148,0,148,290
12/09/2002,FTY,GA,ASO,ES,Federal Contract Tower,0,22,122,5,149,0,2,84,2,88,0,24,206,7,237,160,0,160,397
12/10/2002,FTY,GA,ASO,ES,Federal Contract Tower,0,40,101,1,142,0,0,20,0,20,0,40,121,1,162,0,0,0,162
12/11/2002,FTY,GA,ASO,ES,Federal Contract Tower,0,31,164,4,199,0,0,10,0,10,0,31,174,4,209,20,0,20,229
12/12/2002,FTY,GA,ASO,ES,Federal Contract Tower,0,28,153,4,185,0,0,25,0,25,0,28,178,4,210,0,0,0,210
12/13/2002,FTY,GA,ASO,ES,Federal Contract Tower,0,28,102,5,135,0,0,15,0,15,0,28,117,5,150,32,0,32,182
12/14/2002,FTY,GA,ASO,ES,Federal Contract Tower,0,7,58,0,65,0,0,20,0,20,0,7,78,0,85,108,0,108,193
12/15/2002,FTY,GA,ASO,ES,Federal Contract Tower,0,6,76,1,83,0,0,120,0,120,0,6,196,1,203,230,0,230,433
12/16/2002,FTY,GA,ASO,ES,Federal Contract Tower,0,13,108,5,126,0,2,128,0,130,0,15,236,5,256,162,0,162,418
12/17/2002,FTY,GA,ASO,ES,Federal Contract Tower,0,28,156,1,185,0,0,141,2,143,0,28,297,3,328,206,0,206,534
12/18/2002,FTY,GA,ASO,ES,Federal Contract Tower,0,31,175,2,208,0,1,62,0,63,0,32,237,2,271,156,0,156,427
12/19/2002,FTY,GA,ASO,ES,Federal Contract Tower,0,24,117,0,141,0,0,26,0,26,0,24,143,0,167,10,0,10,177
12/20/2002,FTY,GA,ASO,ES,Federal Contract Tower,0,15,92,2,109,0,1,100,0,101,0,16,192,2,210,76,0,76,286
12/21/2002,FTY,GA,ASO,ES,Federal Contract Tower,0,7,39,0,46,0,0,109,0,109,0,7,148,0,155,198,0,198,353
12/22/2002,FTY,GA,ASO,ES,Federal Contract Tower,0,8,51,0,59,0,0,79,1,80,0,8,130,1,139,148,0,148,287
12/23/2002,FTY,GA,ASO,ES,Federal Contract Tower,0,13,66,0,79,0,1,86,0,87,0,14,152,0,166,88,0,88,254
12/24/2002,FTY,GA,ASO,ES,Federal Contract Tower,0,8,30,2,40,0,0,2,0,2,0,8,32,2,42,0,0,0,42
12/25/2002,FTY,GA,ASO,ES,Federal Contract Tower,0,8,8,0,16,0,2,6,0,8,0,10,14,0,24,0,0,0,24
12/26/2002,FTY,GA,ASO,ES,Federal Contract Tower,0,10,43,0,53,0,2,78,0,80,0,12,121,0,133,126,0,126,259
12/27/2002,FTY,GA,ASO,ES,Federal Contract Tower,0,11,64,0,75,0,1,101,0,102,0,12,165,0,177,122,0,122,299
12/28/2002,FTY,GA,ASO,ES,Federal Contract Tower,0,4,36,0,40,0,0,73,0,73,0,4,109,0,113,230,0,230,343
12/29/2002,FTY,GA,ASO,ES,Federal Contract Tower,0,4,40,1,45,0,0,59,0,59,0,4,99,1,104,62,0,62,166
12/30/2002,FTY,GA,ASO,ES,Federal Contract Tower,0,12,64,3,79,0,0,87,0,87,0,12,151,3,166,128,0,128,294
12/31/2002,FTY,GA,ASO,ES,Federal Contract Tower,0,6,44,1,51,0,1,55,1,57,0,7,99,2,108,44,0,44,152
01/01/2003,FTY,GA,ASO,ES,Federal Contract Tower,0,7,20,0,27,0,0,4,0,4,0,7,24,0,31,0,0,0,31
01/02/2003,FTY,GA,ASO,ES,Federal Contract Tower,0,17,69,2,88,0,1,41,0,42,0,18,110,2,130,40,0,40,170
01/03/2003,FTY,GA,ASO,ES,Federal Contract Tower,0,16,44,2,62,0,2,60,0,62,0,18,104,2,124,32,0,32,156
01/04/2003,FTY,GA,ASO,ES,Federal Contract Tower,0,2,60,0,62,0,0,97,0,97,0,2,157,0,159,158,0,158,317
01/05/2003,FTY,GA,ASO,ES,Federal Contract Tower,0,9,45,2,56,0,0,82,0,82,0,9,127,2,138,190,0,190,328
01/06/2003,FTY,GA,ASO,ES,Federal Contract Tower,0,13,74,2,89,0,2,63,0,65,0,15,137,2,154,56,0,56,210
01/07/2003,FTY,GA,ASO,ES,Federal Contract Tower,0,17,85,0,102,0,0,92,0,92,0,17,177,0,194,210,0,210,404
01/08/2003,FTY,GA,ASO,ES,Federal Contract Tower,0,23,84,2,109,0,0,119,7,126,0,23,203,9,235,104,0,104,339
01/09/2003,FTY,GA,ASO,ES,Federal Contract Tower,0,23,119,2,144,0,4,108,1,113,0,27,227,3,257,102,0,102,359
01/10/2003,FTY,GA,ASO,ES,Federal Contract Tower,0,21,87,0,108,0,2,112,0,114,0,23,199,0,222,158,0,158,380
01/11/2003,FTY,GA,ASO,ES,Federal Contract Tower,0,5,44,0,49,0,0,84,0,84,0,5,128,0,133,86,0,86,219
01/12/2003,FTY,GA,ASO,ES,Federal Contract Tower,0,9,59,0,68,0,0,71,0,71,0,9,130,0,139,148,0,148,287
01/13/2003,FTY,GA,ASO,ES,Federal Contract Tower,0,19,81,2,102,0,0,127,2,129,0,19,208,4,231,188,0,188,419
01/14/2003,FTY,GA,ASO,ES,Federal Contract Tower,0,27,149,0,176,0,0,110,0,110,0,27,259,0,286,92,0,92,378
01/15/2003,FTY,GA,ASO,ES,Federal Contract Tower,0,24,113,0,137,0,1,125,0,126,0,25,238,0,263,132,0,132,395
01/16/2003,FTY,GA,ASO,ES,Federal Contract Tower,0,22,119,4,145,0,1,45,0,46,0,23,164,4,191,74,0,74,265
01/17/2003,FTY,GA,ASO,ES,Federal Contract Tower,0,20,70,1,91,0,1,68,0,69,0,21,138,1,160,80,0,80,240
01/18/2003,FTY,GA,ASO,ES,Federal Contract Tower,0,6,40,1,47,0,0,87,0,87,0,6,127,1,134,220,0,220,354
01/19/2003,FTY,GA,ASO,ES,Federal Contract Tower,0,12,47,0,59,0,0,84,0,84,0,12,131,0,143,176,0,176,319
01/20/2003,FTY,GA,ASO,ES,Federal Contract Tower,0,10,105,0,115,0,0,66,0,66,0,10,171,0,181,56,0,56,237
01/21/2003,FTY,GA,ASO,ES,Federal Contract Tower,0,26,130,2,158,0,0,54,0,54,0,26,184,2,212,84,0,84,296
01/22/2003,FTY,GA,ASO,ES,Federal Contract Tower,0,30,170,4,204,0,1,23,0,24,0,31,193,4,228,52,0,52,280
01/23/2003,FTY,GA,ASO,ES,Federal Contract Tower,0,28,126,0,154,0,0,38,0,38,0,28,164,0,192,12,0,12,204
01/24/2003,FTY,GA,ASO,ES,Federal Contract Tower,0,25,130,0,155,0,3,74,0,77,0,28,204,0,232,38,0,38,270
01/25/2003,FTY,GA,ASO,ES,Federal Contract Tower,0,10,40,2,52,0,0,80,0,80,0,10,120,2,132,190,0,190,322
01/26/2003,FTY,GA,ASO,ES,Federal Contract Tower,0,6,62,0,68,0,0,76,2,78,0,6,138,2,146,202,0,202,348
01/27/2003,FTY,GA,ASO,ES,Federal Contract Tower,0,14,96,2,112,0,0,109,0,109,0,14,205,2,221,162,0,162,383
01/28/2003,FTY,GA,ASO,ES,Federal Contract Tower,0,18,96,0,114,0,0,112,2,114,0,18,208,2,228,176,0,176,404
01/29/2003,FTY,GA,ASO,ES,Federal Contract Tower,0,30,114,1,145,0,1,43,0,44,0,31,157,1,189,24,0,24,213
01/30/2003,FTY,GA,ASO,ES,Federal Contract Tower,0,29,146,2,177,0,0,0,0,0,0,29,146,2,177,0,0,0,177
01/31/2003,FTY,GA,ASO,ES,Federal Contract Tower,0,19,135,0,154,0,1,82,0,83,0,20,217,0,237,82,0,82,319
02/01/2003,FTY,GA,ASO,ES,Federal Contract Tower,0,6,45,2,53,0,4,99,0,103,0,10,144,2,156,230,0,230,386
02/02/2003,FTY,GA,ASO,ES,Federal Contract Tower,0,10,44,0,54,0,1,72,0,73,0,11,116,0,127,220,0,220,347
02/03/2003,FTY,GA,ASO,ES,Federal Contract Tower,0,19,114,2,135,0,0,58,0,58,0,19,172,2,193,136,0,136,329
02/04/2003,FTY,GA,ASO,ES,Federal Contract Tower,0,21,117,0,138,0,0,71,0,71,0,21,188,0,209,32,0,32,241
02/05/2003,FTY,GA,ASO,ES,Federal Contract Tower,0,21,114,2,137,0,1,146,2,149,0,22,260,4,286,170,2,172,458
02/06/2003,FTY,GA,ASO,ES,Federal Contract Tower,0,37,83,5,125,0,0,22,0,22,0,37,105,5,147,24,0,24,171
02/07/2003,FTY,GA,ASO,ES,Federal Contract Tower,0,19,107,3,129,0,0,26,0,26,0,19,133,3,155,116,0,116,271
02/08/2003,FTY,GA,ASO,ES,Federal Contract Tower,0,7,55,4,66,0,0,124,0,124,0,7,179,4,190,144,0,144,334
02/09/2003,FTY,GA,ASO,ES,Federal Contract Tower,0,26,46,2,74,0,0,55,0,55,0,26,101,2,129,80,0,80,209
02/10/2003,FTY,GA,ASO,ES,Federal Contract Tower,0,26,114,0,140,0,1,48,0,49,0,27,162,0,189,4,0,4,193
02/11/2003,FTY,GA,ASO,ES,Federal Contract Tower,0,19,104,4,127,0,0,132,0,132,0,19,236,4,259,146,0,146,405
02/12/2003,FTY,GA,ASO,ES,Federal Contract Tower,0,28,122,3,153,0,0,117,0,117,0,28,239,3,270,82,0,82,352
02/13/2003,FTY,GA,ASO,ES,Federal Contract Tower,0,37,125,0,162,0,0,131,2,133,0,37,256,2,295,162,0,162,457
02/14/2003,FTY,GA,ASO,ES,Federal Contract Tower,0,24,86,0,110,0,1,84,0,85,0,25,170,0,195,38,0,38,233
02/15/2003,FTY,GA,ASO,ES,Federal Contract Tower,0,6,59,0,65,0,0,4,0,4,0,6,63,0,69,38,0,38,107
02/16/2003,FTY,GA,ASO,ES,Federal Contract Tower,0,5,68,1,74,0,0,0,0,0,0,5,68,1,74,0,0,0,74
02/17/2003,FTY,GA,ASO,ES,Federal Contract Tower,0,9,115,3,127,0,0,2,0,2,0,9,117,3,129,0,0,0,129
02/18/2003,FTY,GA,ASO,ES,Federal Contract Tower,0,24,153,1,178,0,0,41,4,45,0,24,194,5,223,70,0,70,293
02/19/2003,FTY,GA,ASO,ES,Federal Contract Tower,0,22,128,1,151,0,0,131,0,131,0,22,259,1,282,208,0,208,490
02/20/2003,FTY,GA,ASO,ES,Federal Contract Tower,0,24,154,3,181,0,0,83,0,83,0,24,237,3,264,132,0,132,396
02/21/2003,FTY,GA,ASO,ES,Federal Contract Tower,0,29,138,1,168,0,0,21,0,21,0,29,159,1,189,0,0,0,189
02/22/2003,FTY,GA,ASO,ES,Federal Contract Tower,0,12,29,3,44,0,0,12,0,12,0,12,41,3,56,4,0,4,60
02/23/2003,FTY,GA,ASO,ES,Federal Contract Tower,0,4,96,5,105,0,2,73,0,75,0,6,169,5,180,172,0,172,352
02/24/2003,FTY,GA,ASO,ES,Federal Contract Tower,0,29,107,5,141,0,0,91,0,91,0,29,198,5,232,168,0,168,400
02/25/2003,FTY,GA,ASO,ES,Federal Contract Tower,0,20,129,2,151,0,0,85,0,85,0,20,214,2,236,156,0,156,392
02/26/2003,FTY,GA,ASO,ES,Federal Contract Tower,0,35,134,0,169,0,0,42,0,42,0,35,176,0,211,24,0,24,235
02/27/2003,FTY,GA,ASO,ES,Federal Contract Tower,0,39,139,2,180,0,0,2,0,2,0,39,141,2,182,0,0,0,182
02/28/2003,FTY,GA,ASO,ES,Federal Contract Tower,0,16,133,5,154,0,0,67,0,67,0,16,200,5,221,172,0,172,393
03/01/2003,FTY,GA,ASO,ES,Federal Contract Tower,0,10,78,5,93,0,0,0,0,0,0,10,78,5,93,0,0,0,93
03/02/2003,FTY,GA,ASO,ES,Federal Contract Tower,0,10,76,1,87,0,0,12,0,12,0,10,88,1,99,48,0,48,147
03/03/2003,FTY,GA,ASO,ES,Federal Contract Tower,0,21,84,0,105,0,1,119,0,120,0,22,203,0,225,130,0,130,355
03/04/2003,FTY,GA,ASO,ES,Federal Contract Tower,0,16,106,0,122,0,0,113,0,113,0,16,219,0,235,154,0,154,389
03/05/2003,FTY,GA,ASO,ES,Federal Contract Tower,0,34,111,2,147,0,1,22,0,23,0,35,133,2,170,38,0,38,208
03/06/2003,FTY,GA,ASO,ES,Federal Contract Tower,0,25,123,5,153,0,0,55,0,55,0,25,178,5,208,96,0,96,304
03/07/2003,FTY,GA,ASO,ES,Federal Contract Tower,0,19,116,0,135,0,4,106,0,110,0,23,222,0,245,256,0,256,501
03/08/2003,FTY,GA,ASO,ES,Federal Contract Tower,0,3,67,0,70,0,0,57,0,57,0,3,124,0,127,128,0,128,255
03/09/2003,FTY,GA,ASO,ES,Federal Contract Tower,0,5,90,0,95,0,0,71,0,71,0,5,161,0,166,132,0,132,298
03/10/2003,FTY,GA,ASO,ES,Federal Contract Tower,0,14,98,2,114,0,0,128,0,128,0,14,226,2,242,174,0,174,416
03/11/2003,FTY,GA,ASO,ES,Federal Contract Tower,0,20,138,0,158,0,0,107,0,107,0,20,245,0,265,140,0,140,405
03/12/2003,FTY,GA,ASO,ES,Federal Contract Tower,0,19,116,0,135,0,2,187,0,189,0,21,303,0,324,222,0,222,546
03/13/2003,FTY,GA,ASO,ES,Federal Contract Tower,0,14,130,2,146,0,1,103,0,104,0,15,233,2,250,160,4,164,414
03/14/2003,FTY,GA,ASO,ES,Federal Contract Tower,0,27,132,4,163,0,5,73,0,78,0,32,205,4,241,120,0,120,361
03/15/2003,FTY,GA,ASO,ES,Federal Contract Tower,0,5,63,0,68,0,0,0,0,0,0,5,63,0,68,62,0,62,130
03/16/2003,FTY,GA,ASO,ES,Federal Contract Tower,0,2,80,0,82,0,0,41,0,41,0,2,121,0,123,122,0,122,245
03/17/2003,FTY,GA,ASO,ES,Federal Contract Tower,0,22,114,0,136,0,0,2,0,2,0,22,116,0,138,0,0,0,138
03/18/2003,FTY,GA,ASO,ES,Federal Contract Tower,0,27,111,4,142,0,0,7,0,7,0,27,118,4,149,0,0,0,149
03/19/2003,FTY,GA,ASO,ES,Federal Contract Tower,0,28,120,1,149,0,0,2,0,2,0,28,122,1,151,0,0,0,151
03/20/2003,FTY,GA,ASO,ES,Federal Contract Tower,0,28,144,2,174,0,0,11,0,11,0,28,155,2,185,0,0,0,185
03/21/2003,FTY,GA,ASO,ES,Federal Contract Tower,0,27,115,0,142,0,1,111,0,112,0,28,226,0,254,108,0,108,362
03/22/2003,FTY,GA,ASO,ES,Federal Contract Tower,0,6,32,0,38,0,0,115,0,115,0,6,147,0,153,188,0,188,341
03/23/2003,FTY,GA,ASO,ES,Federal Contract Tower,0,6,54,0,60,0,0,89,0,89,0,6,143,0,149,160,0,160,309
03/24/2003,FTY,GA,ASO,ES,Federal Contract Tower,0,23,83,0,106,0,0,140,0,140,0,23,223,0,246,198,0,198,444
03/25/2003,FTY,GA,ASO,ES,Federal Contract Tower,0,37,110,0,147,0,2,131,0,133,0,39,241,0,280,112,0,112,392
03/26/2003,FTY,GA,ASO,ES,Federal Contract Tower,0,18,156,1,175,0,0,90,3,93,0,18,246,4,268,152,0,152,420
03/27/2003,FTY,GA,ASO,ES,Federal Contract Tower,0,24,119,5,148,0,3,86,1,90,0,27,205,6,238,246,0,246,484
03/28/2003,FTY,GA,ASO,ES,Federal Contract Tower,0,19,147,6,172,0,1,89,0,90,0,20,236,6,262,176,8,184,446
03/29/2003,FTY,GA,ASO,ES,Federal Contract Tower,0,7,50,0,57,0,0,37,0,37,0,7,87,0,94,48,0,48,142
03/30/2003,FTY,GA,ASO,ES,Federal Contract Tower,0,8,54,0,62,0,2,28,0,30,0,10,82,0,92,16,0,16,108
03/31/2003,FTY,GA,ASO,ES,Federal Contract Tower,0,22,116,1,139,0,0,98,0,98,0,22,214,1,237,186,0,186,423
04/01/2003,FTY,GA,ASO,ES,Federal Contract Tower,0,23,127,5,155,0,0,124,0,124,0,23,251,5,279,162,0,162,441
04/02/2003,FTY,GA,ASO,ES,Federal Contract Tower,0,25,116,3,144,0,0,130,0,130,0,25,246,3,274,180,0,180,454
04/03/2003,FTY,GA,ASO,ES,Federal Contract Tower,0,18,124,0,142,0,2,121,1,124,0,20,245,1,266,148,0,148,414
04/04/2003,FTY,GA,ASO,ES,Federal Contract Tower,0,16,118,4,138,0,1,93,2,96,0,17,211,6,234,160,0,160,394
04/05/2003,FTY,GA,ASO,ES,Federal Contract Tower,0,8,42,0,50,0,0,46,0,46,0,8,88,0,96,112,0,112,208
04/06/2003,FTY,GA,ASO,ES,Federal Contract Tower,0,10,85,2,97,0,4,44,0,48,0,14,129,2,145,86,0,86,231
04/07/2003,FTY,GA,ASO,ES,Federal Contract Tower,0,14,83,2,99,0,0,21,0,21,0,14,104,2,120,34,0,34,154
04/08/2003,FTY,GA,ASO,ES,Federal Contract Tower,0,27,115,2,144,0,0,0,0,0,0,27,115,2,144,0,0,0,144
04/09/2003,FTY,GA,ASO,ES,Federal Contract Tower,0,21,129,0,150,0,0,10,0,10,0,21,139,0,160,0,0,0,160
04/10/2003,FTY,GA,ASO,ES,Federal Contract Tower,0,41,124,4,169,0,0,6,0,6,0,41,130,4,175,6,0,6,181
04/11/2003,FTY,GA,ASO,ES,Federal Contract Tower,0,22,122,0,144,0,0,122,0,122,0,22,244,0,266,184,0,184,450
04/12/2003,FTY,GA,ASO,ES,Federal Contract Tower,0,9,61,2,72,0,0,131,0,131,0,9,192,2,203,188,0,188,391
04/13/2003,FTY,GA,ASO,ES,Federal Contract Tower,0,13,80,0,93,0,0,109,0,109,0,13,189,0,202,104,0,104,306
04/14/2003,FTY,GA,ASO,ES,Federal Contract Tower,0,24,162,0,186,0,1,138,1,140,0,25,300,1,326,76,0,76,402
04/15/2003,FTY,GA,ASO,ES,Federal Contract Tower,0,22,129,2,153,0,0,126,11,137,0,22,255,13,290,160,0,160,450
04/16/2003,FTY,GA,ASO,ES,Federal Contract Tower,0,25,118,4,147,0,0,113,0,113,0,25,231,4,260,170,0,170,430
04/17/2003,FTY,GA,ASO,ES,Federal Contract Tower,0,22,146,0,168,0,0,56,0,56,0,22,202,0,224,60,0,60,284
04/18/2003,FTY,GA,ASO,ES,Federal Contract Tower,0,23,111,1,135,0,0,95,0,95,0,23,206,1,230,250,0,250,480
04/19/2003,FTY,GA,ASO,ES,Federal Contract Tower,0,9,49,1,59,0,2,39,0,41,0,11,88,1,100,120,0,120,220
04/20/2003,FTY,GA,ASO,ES,Federal Contract Tower,0,8,36,4,48,0,0,20,0,20,0,8,56,4,68,120,0,120,188
04/21/2003,FTY,GA,ASO,ES,Federal Contract Tower,0,22,137,3,162,0,0,19,0,19,0,22,156,3,181,46,0,46,227
04/22/2003,FTY,GA,ASO,ES,Federal Contract Tower,0,22,100,2,124,0,0,108,0,108,0,22,208,2,232,174,0,174,406
04/23/2003,FTY,GA,ASO,ES,Federal Contract Tower,0,26,139,4,169,0,0,159,0,159,0,26,298,4,328,172,0,172,500
04/24/2003,FTY,GA,ASO,ES,Federal Contract Tower,0,17,160,6,183,0,0,98,0,98,0,17,258,6,281,172,0,172,453
04/25/2003,FTY,GA,ASO,ES,Federal Contract Tower,0,23,96,2,121,0,0,55,0,55,0,23,151,2,176,128,0,128,304
04/26/2003,FTY,GA,ASO,ES,Federal Contract Tower,0,8,62,2,72,0,0,91,0,91,0,8,153,2,163,310,0,310,473
04/27/2003,FTY,GA,ASO,ES,Federal Contract Tower,0,6,88,0,94,0,8,124,5,137,0,14,212,5,231,268,0,268,499
04/28/2003,FTY,GA,ASO,ES,Federal Contract Tower,0,24,141,8,173,0,0,136,0,136,0,24,277,8,309,178,0,178,487
04/29/2003,FTY,GA,ASO,ES,Federal Contract Tower,0,27,135,0,162,0,2,112,0,114,0,29,247,0,276,110,0,110,386
04/30/2003,FTY,GA,ASO,ES,Federal Contract Tower,0,28,134,3,165,0,0,156,1,157,0,28,290,4,322,110,0,110,432
05/01/2003,FTY,GA,ASO,ES,Federal Contract Tower,0,24,126,0,150,0,5,134,0,139,0,29,260,0,289,162,0,162,451
05/02/2003,FTY,GA,ASO,ES,Federal Contract Tower,0,23,98,2,123,0,6,120,0,126,0,29,218,2,249,170,0,170,419
05/03/2003,FTY,GA,ASO,ES,Federal Contract Tower,0,12,49,2,63,0,0,101,0,101,0,12,150,2,164,200,0,200,364
05/04/2003,FTY,GA,ASO,ES,Federal Contract Tower,0,17,67,0,84,0,0,70,0,70,0,17,137,0,154,240,0,240,394
05/05/2003,FTY,GA,ASO,ES,Federal Contract Tower,0,18,79,0,97,0,1,19,0,20,0,19,98,0,117,12,0,12,129
05/06/2003,FTY,GA,ASO,ES,Federal Contract Tower,0,31,133,0,164,0,0,20,0,20,0,31,153,0,184,24,0,24,208
05/07/2003,FTY,GA,ASO,ES,Federal Contract Tower,0,30,100,0,130,0,0,31,0,31,0,30,131,0,161,12,0,12,173
05/08/2003,FTY,GA,ASO,ES,Federal Contract Tower,0,21,106,0,127,0,0,109,0,109,0,21,215,0,236,224,0,224,460
05/09/2003,FTY,GA,ASO,ES,Federal Contract Tower,0,23,127,2,152,0,2,130,0,132,0,25,257,2,284,174,0,174,458
05/10/2003,FTY,GA,ASO,ES,Federal Contract Tower,0,6,57,0,63,0,0,77,0,77,0,6,134,0,140,178,0,178,318
05/11/2003,FTY,GA,ASO,ES,Federal Contract Tower,0,11,46,0,57,0,0,14,0,14,0,11,60,0,71,54,0,54,125
05/12/2003,FTY,GA,ASO,ES,Federal Contract Tower,0,15,101,0,116,0,0,103,0,103,0,15,204,0,219,78,0,78,297
05/13/2003,FTY,GA,ASO,ES,Federal Contract Tower,0,15,97,1,113,0,0,148,5,153,0,15,245,6,266,158,0,158,424
05/14/2003,FTY,GA,ASO,ES,Federal Contract Tower,0,24,134,6,164,0,0,72,0,72,0,24,206,6,236,58,0,58,294
05/15/2003,FTY,GA,ASO,ES,Federal Contract Tower,0,15,138,10,163,0,0,28,0,28,0,15,166,10,191,70,0,70,261
05/16/2003,FTY,GA,ASO,ES,Federal Contract Tower,0,17,153,2,172,0,0,48,2,50,0,17,201,4,222,126,4,130,352
05/17/2003,FTY,GA,ASO,ES,Federal Contract Tower,0,4,56,0,60,0,0,26,0,26,0,4,82,0,86,78,0,78,164
05/18/2003,FTY,GA,ASO,ES,Federal Contract Tower,0,8,86,5,99,0,0,4,0,4,0,8,90,5,103,0,0,0,103
05/19/2003,FTY,GA,ASO,ES,Federal Contract Tower,0,19,142,3,164,0,0,4,0,4,0,19,146,3,168,0,0,0,168
05/20/2003,FTY,GA,ASO,ES,Federal Contract Tower,0,20,140,4,164,0,0,76,0,76,0,20,216,4,240,88,0,88,328
05/21/2003,FTY,GA,ASO,ES,Federal Contract Tower,0,25,151,0,176,0,0,36,0,36,0,25,187,0,212,88,0,88,300
05/22/2003,FTY,GA,ASO,ES,Federal Contract Tower,0,25,142,0,167,0,0,13,0,13,0,25,155,0,180,26,0,26,206
05/23/2003,FTY,GA,ASO,ES,Federal Contract Tower,0,9,150,0,159,0,0,77,2,79,0,9,227,2,238,240,0,240,478
05/24/2003,FTY,GA,ASO,ES,Federal Contract Tower,0,11,49,0,60,0,0,94,2,96,0,11,143,2,156,154,0,154,310
05/25/2003,FTY,GA,ASO,ES,Federal Contract Tower,0,3,29,0,32,0,2,55,0,57,0,5,84,0,89,114,0,114,203
05/26/2003,FTY,GA,ASO,ES,Federal Contract Tower,0,6,73,0,79,0,0,57,0,57,0,6,130,0,136,128,0,128,264
05/27/2003,FTY,GA,ASO,ES,Federal Contract Tower,0,23,116,2,141,0,1,108,2,111,0,24,224,4,252,138,0,138,390
05/28/2003,FTY,GA,ASO,ES,Federal Contract Tower,0,17,137,0,154,0,0,171,0,171,0,17,308,0,325,214,0,214,539
05/29/2003,FTY,GA,ASO,ES,Federal Contract Tower,0,18,138,2,158,0,0,123,0,123,0,18,261,2,281,206,0,206,487
05/30/2003,FTY,GA,ASO,ES,Federal Contract Tower,0,16,104,1,121,0,0,152,0,152,0,16,256,1,273,164,0,164,437
05/31/2003,FTY,GA,ASO,ES,Federal Contract Tower,0,6,33,2,41,0,0,63,0,63,0,6,96,2,104,112,0,112,216
06/01/2003,FTY,GA,ASO,ES,Federal Contract Tower,0,13,56,0,69,0,0,89,0,89,0,13,145,0,158,278,0,278,436
06/02/2003,FTY,GA,ASO,ES,Federal Contract Tower,0,17,102,6,125,0,0,143,0,143,0,17,245,6,268,340,0,340,608
06/03/2003,FTY,GA,ASO,ES,Federal Contract Tower,0,17,106,0,123,0,1,38,0,39,0,18,144,0,162,56,0,56,218
06/04/2003,FTY,GA,ASO,ES,Federal Contract Tower,0,17,144,2,163,0,0,121,0,121,0,17,265,2,284,206,0,206,490
06/05/2003,FTY,GA,ASO,ES,Federal Contract Tower,0,26,110,4,140,0,2,185,0,187,0,28,295,4,327,308,0,308,635
06/06/2003,FTY,GA,ASO,ES,Federal Contract Tower,0,19,136,0,155,0,0,67,2,69,0,19,203,2,224,126,0,126,350
06/07/2003,FTY,GA,ASO,ES,Federal Contract Tower,0,5,58,3,66,0,0,14,0,14,0,5,72,3,80,62,0,62,142
06/08/2003,FTY,GA,ASO,ES,Federal Contract Tower,0,13,79,6,98,0,0,55,0,55,0,13,134,6,153,180,0,180,333
06/09/2003,FTY,GA,ASO,ES,Federal Contract Tower,0,11,112,1,124,0,1,130,0,131,0,12,242,1,255,194,0,194,449
06/10/2003,FTY,GA,ASO,ES,Federal Contract Tower,0,19,139,4,162,0,3,130,0,133,0,22,269,4,295,228,0,228,523
06/11/2003,FTY,GA,ASO,ES,Federal Contract Tower,0,15,124,2,141,0,0,111,0,111,0,15,235,2,252,204,0,204,456
06/12/2003,FTY,GA,ASO,ES,Federal Contract Tower,0,20,121,0,141,0,0,73,0,73,0,20,194,0,214,98,0,98,312
06/13/2003,FTY,GA,ASO,ES,Federal Contract Tower,0,19,150,0,169,0,0,49,0,49,0,19,199,0,218,42,0,42,260
06/14/2003,FTY,GA,ASO,ES,Federal Contract Tower,0,6,51,0,57,0,0,51,0,51,0,6,102,0,108,122,0,122,230
06/15/2003,FTY,GA,ASO,ES,Federal Contract Tower,0,10,81,2,93,0,0,22,0,22,0,10,103,2,115,56,0,56,171
06/16/2003,FTY,GA,ASO,ES,Federal Contract Tower,0,17,127,1,145,0,2,111,0,113,0,19,238,1,258,134,0,134,392
06/17/2003,FTY,GA,ASO,ES,Federal Contract Tower,0,13,164,1,178,0,1,115,0,116,0,14,279,1,294,324,0,324,618
06/18/2003,FTY,GA,ASO,ES,Federal Contract Tower,0,30,142,0,172,0,2,32,0,34,0,32,174,0,206,18,0,18,224
06/19/2003,FTY,GA,ASO,ES,Federal Contract Tower,0,28,153,0,181,0,0,58,0,58,0,28,211,0,239,164,0,164,403
06/20/2003,FTY,GA,ASO,ES,Federal Contract Tower,0,23,116,0,139,0,2,146,0,148,0,25,262,0,287,254,0,254,541
06/21/2003,FTY,GA,ASO,ES,Federal Contract Tower,0,5,50,2,57,0,0,125,0,125,0,5,175,2,182,190,0,190,372
06/22/2003,FTY,GA,ASO,ES,Federal Contract Tower,0,10,93,0,103,0,1,119,0,120,0,11,212,0,223,236,0,236,459
06/23/2003,FTY,GA,ASO,ES,Federal Contract Tower,0,16,139,2,157,0,5,139,0,144,0,21,278,2,301,246,0,246,547
06/24/2003,FTY,GA,ASO,ES,Federal Contract Tower,0,19,107,2,128,0,2,135,0,137,0,21,242,2,265,296,0,296,561
06/25/2003,FTY,GA,ASO,ES,Federal Contract Tower,0,21,167,0,188,0,0,147,2,149,0,21,314,2,337,250,0,250,587
06/26/2003,FTY,GA,ASO,ES,Federal Contract Tower,0,18,140,8,166,0,0,150,0,150,0,18,290,8,316,320,0,320,636
06/27/2003,FTY,GA,ASO,ES,Federal Contract Tower,0,19,125,0,144,0,1,110,0,111,0,20,235,0,255,242,0,242,497
06/28/2003,FTY,GA,ASO,ES,Federal Contract Tower,0,21,75,8,104,0,0,60,0,60,0,21,135,8,164,224,0,224,388
06/29/2003,FTY,GA,ASO,ES,Federal Contract Tower,0,8,65,0,73,0,2,54,2,58,0,10,119,2,131,156,0,156,287
06/30/2003,FTY,GA,ASO,ES,Federal Contract Tower,0,13,94,2,109,0,1,52,0,53,0,14,146,2,162,84,0,84,246
07/01/2003,FTY,GA,ASO,ES,Federal Contract Tower,0,21,72,0,93,0,0,4,0,4,0,21,76,0,97,0,0,0,97
07/02/2003,FTY,GA,ASO,ES,Federal Contract Tower,0,15,116,2,133,0,1,90,0,91,0,16,206,2,224,168,0,168,392
07/03/2003,FTY,GA,ASO,ES,Federal Contract Tower,0,5,84,0,89,0,0,143,6,149,0,5,227,6,238,166,0,166,404
07/04/2003,FTY,GA,ASO,ES,Federal Contract Tower,0,0,35,0,35,0,0,65,8,73,0,0,100,8,108,72,0,72,180
07/05/2003,FTY,GA,ASO,ES,Federal Contract Tower,0,2,32,0,34,0,0,29,0,29,0,2,61,0,63,128,0,128,191
07/06/2003,FTY,GA,ASO,ES,Federal Contract Tower,0,6,70,0,76,0,1,41,2,44,0,7,111,2,120,26,0,26,146
07/07/2003,FTY,GA,ASO,ES,Federal Contract Tower,0,22,106,0,128,0,4,100,0,104,0,26,206,0,232,166,0,166,398
07/08/2003,FTY,GA,ASO,ES,Federal Contract Tower,0,15,114,0,129,0,2,119,0,121,0,17,233,0,250,226,0,226,476
07/09/2003,FTY,GA,ASO,ES,Federal Contract Tower,0,27,110,2,139,0,3,135,0,138,0,30,245,2,277,202,0,202,479
07/10/2003,FTY,GA,ASO,ES,Federal Contract Tower,0,21,111,0,132,0,1,80,0,81,0,22,191,0,213,72,0,72,285
07/11/2003,FTY,GA,ASO,ES,Federal Contract Tower,0,19,96,0,115,0,2,108,0,110,0,21,204,0,225,218,0,218,443
07/12/2003,FTY,GA,ASO,ES,Federal Contract Tower,0,6,42,2,50,0,1,82,0,83,0,7,124,2,133,166,0,166,299
07/13/2003,FTY,GA,ASO,ES,Federal Contract Tower,0,6,83,0,89,0,4,59,0,63,0,10,142,0,152,102,0,102,254
07/14/2003,FTY,GA,ASO,ES,Federal Contract Tower,0,12,137,3,152,0,0,90,0,90,0,12,227,3,242,118,0,118,360
07/15/2003,FTY,GA,ASO,ES,Federal Contract Tower,0,7,155,1,163,0,0,86,0,86,0,7,241,1,249,110,0,110,359
07/16/2003,FTY,GA,ASO,ES,Federal Contract Tower,0,18,139,0,157,0,0,169,2,171,0,18,308,2,328,140,0,140,468
07/17/2003,FTY,GA,ASO,ES,Federal Contract Tower,0,23,160,0,183,0,0,162,0,162,0,23,322,0,345,270,0,270,615
07/18/2003,FTY,GA,ASO,ES,Federal Contract Tower,0,15,118,0,133,0,0,134,0,134,0,15,252,0,267,274,0,274,541
07/19/2003,FTY,GA,ASO,ES,Federal Contract Tower,0,5,59,0,64,0,0,89,0,89,0,5,148,0,153,234,0,234,387
07/20/2003,FTY,GA,ASO,ES,Federal Contract Tower,0,2,77,3,82,0,2,100,0,102,0,4,177,3,184,176,0,176,360
07/21/2003,FTY,GA,ASO,ES,Federal Contract Tower,0,19,101,3,123,0,2,92,0,94,0,21,193,3,217,198,0,198,415
07/22/2003,FTY,GA,ASO,ES,Federal Contract Tower,0,23,98,0,121,0,0,69,2,71,0,23,167,2,192,162,0,162,354
07/23/2003,FTY,GA,ASO,ES,Federal Contract Tower,0,10,127,1,138,0,0,61,2,63,0,10,188,3,201,100,0,100,301
07/24/2003,FTY,GA,ASO,ES,Federal Contract Tower,0,13,124,6,143,0,2,200,2,204,0,15,324,8,347,168,0,168,515
07/25/2003,FTY,GA,ASO,ES,Federal Contract Tower,0,14,124,2,140,0,0,152,2,154,0,14,276,4,294,190,0,190,484
07/26/2003,FTY,GA,ASO,ES,Federal Contract Tower,0,2,67,1,70,0,0,87,1,88,0,2,154,2,158,160,0,160,318
07/27/2003,FTY,GA,ASO,ES,Federal Contract Tower,0,5,54,0,59,0,2,93,0,95,0,7,147,0,154,192,0,192,346
07/28/2003,FTY,GA,ASO,ES,Federal Contract Tower,0,22,101,2,125,0,2,92,0,94,0,24,193,2,219,132,0,132,351
07/29/2003,FTY,GA,ASO,ES,Federal Contract Tower,0,26,112,0,138,0,0,85,0,85,0,26,197,0,223,96,0,96,319
07/30/2003,FTY,GA,ASO,ES,Federal Contract Tower,0,28,138,4,170,0,0,39,0,39,0,28,177,4,209,72,0,72,281
07/31/2003,FTY,GA,ASO,ES,Federal Contract Tower,0,28,127,2,157,0,0,52,4,56,0,28,179,6,213,110,0,110,323
08/01/2003,FTY,GA,ASO,ES,Federal Contract Tower,0,18,128,0,146,0,0,81,0,81,0,18,209,0,227,118,0,118,345
08/02/2003,FTY,GA,ASO,ES,Federal Contract Tower,0,4,60,0,64,0,0,42,0,42,0,4,102,0,106,88,0,88,194
08/03/2003,FTY,GA,ASO,ES,Federal Contract Tower,0,8,62,0,70,0,0,41,0,41,0,8,103,0,111,64,0,64,175
08/04/2003,FTY,GA,ASO,ES,Federal Contract Tower,0,23,109,4,136,0,2,57,0,59,0,25,166,4,195,232,0,232,427
08/05/2003,FTY,GA,ASO,ES,Federal Contract Tower,0,31,133,2,166,0,0,92,0,92,0,31,225,2,258,158,0,158,416
08/06/2003,FTY,GA,ASO,ES,Federal Contract Tower,0,25,143,4,172,0,0,64,0,64,0,25,207,4,236,104,2,106,342
08/07/2003,FTY,GA,ASO,ES,Federal Contract Tower,0,31,163,0,194,0,1,85,0,86,0,32,248,0,280,186,0,186,466
08/08/2003,FTY,GA,ASO,ES,Federal Contract Tower,0,21,121,10,152,0,0,93,4,97,0,21,214,14,249,154,20,174,423
08/09/2003,FTY,GA,ASO,ES,Federal Contract Tower,0,9,56,0,65,0,0,82,0,82,0,9,138,0,147,146,0,146,293
08/10/2003,FTY,GA,ASO,ES,Federal Contract Tower,0,5,57,2,64,0,2,60,0,62,0,7,117,2,126,200,0,200,326
08/11/2003,FTY,GA,ASO,ES,Federal Contract Tower,0,25,129,0,154,0,1,75,0,76,0,26,204,0,230,156,0,156,386
08/12/2003,FTY,GA,ASO,ES,Federal Contract Tower,0,31,127,0,158,0,0,90,0,90,0,31,217,0,248,178,0,178,426
08/13/2003,FTY,GA,ASO,ES,Federal Contract Tower,0,29,117,2,148,0,2,64,0,66,0,31,181,2,214,222,0,222,436
08/14/2003,FTY,GA,ASO,ES,Federal Contract Tower,0,32,120,4,156,0,2,133,0,135,0,34,253,4,291,212,0,212,503
08/15/2003,FTY,GA,ASO,ES,Federal Contract Tower,0,22,102,1,125,0,0,165,0,165,0,22,267,1,290,130,0,130,420
08/16/2003,FTY,GA,ASO,ES,Federal Contract Tower,0,2,51,0,53,0,0,142,0,142,0,2,193,0,195,90,0,90,285
08/17/2003,FTY,GA,ASO,ES,Federal Contract Tower,0,2,61,3,66,0,0,91,2,93,0,2,152,5,159,192,0,192,351
08/18/2003,FTY,GA,ASO,ES,Federal Contract Tower,0,27,129,0,156,0,2,95,0,97,0,29,224,0,253,142,0,142,395
08/19/2003,FTY,GA,ASO,ES,Federal Contract Tower,0,28,135,2,165,0,1,76,0,77,0,29,211,2,242,80,0,80,322
08/20/2003,FTY,GA,ASO,ES,Federal Contract Tower,0,22,116,4,142,0,5,53,0,58,0,27,169,4,200,64,0,64,264
08/21/2003,FTY,GA,ASO,ES,Federal Contract Tower,0,25,144,2,171,0,0,95,0,95,0,25,239,2,266,158,0,158,424
08/22/2003,FTY,GA,ASO,ES,Federal Contract Tower,0,29,106,2,137,0,0,121,4,125,0,29,227,6,262,160,0,160,422
08/23/2003,FTY,GA,ASO,ES,Federal Contract Tower,0,6,40,0,46,0,0,103,2,105,0,6,143,2,151,158,0,158,309
08/24/2003,FTY,GA,ASO,ES,Federal Contract Tower,0,3,57,0,60,0,0,79,2,81,0,3,136,2,141,148,0,148,289
08/25/2003,FTY,GA,ASO,ES,Federal Contract Tower,0,28,93,0,121,0,2,48,0,50,0,30,141,0,171,82,0,82,253
08/26/2003,FTY,GA,ASO,ES,Federal Contract Tower,0,29,135,2,166,0,0,92,0,92,0,29,227,2,258,108,0,108,366
08/27/2003,FTY,GA,ASO,ES,Federal Contract Tower,0,34,122,0,156,0,0,60,0,60,0,34,182,0,216,182,0,182,398
08/28/2003,FTY,GA,ASO,ES,Federal Contract Tower,0,27,129,4,160,0,6,67,2,75,0,33,196,6,235,92,0,92,327
08/29/2003,FTY,GA,ASO,ES,Federal Contract Tower,0,31,115,4,150,0,3,109,0,112,0,34,224,4,262,130,0,130,392
08/30/2003,FTY,GA,ASO,ES,Federal Contract Tower,0,7,56,0,63,0,0,91,0,91,0,7,147,0,154,174,0,174,328
08/31/2003,FTY,GA,ASO,ES,Federal Contract Tower,0,4,54,1,59,0,0,75,0,75,0,4,129,1,134,126,0,126,260
09/01/2003,FTY,GA,ASO,ES,Federal Contract Tower,0,12,85,2,99,0,0,63,1,64,0,12,148,3,163,228,0,228,391
09/02/2003,FTY,GA,ASO,ES,Federal Contract Tower,0,28,131,0,159,0,0,68,0,68,0,28,199,0,227,126,0,126,353
09/03/2003,FTY,GA,ASO,ES,Federal Contract Tower,0,24,132,0,156,0,0,95,0,95,0,24,227,0,251,136,0,136,387
09/04/2003,FTY,GA,ASO,ES,Federal Contract Tower,0,27,132,4,163,0,0,73,0,73,0,27,205,4,236,98,0,98,334
09/05/2003,FTY,GA,ASO,ES,Federal Contract Tower,0,24,132,2,158,0,0,88,1,89,0,24,220,3,247,134,0,134,381
09/06/2003,FTY,GA,ASO,ES,Federal Contract Tower,0,5,65,2,72,0,5,45,0,50,0,10,110,2,122,124,0,124,246
09/07/2003,FTY,GA,ASO,ES,Federal Contract Tower,0,8,102,4,114,0,0,70,1,71,0,8,172,5,185,176,8,184,369
09/08/2003,FTY,GA,ASO,ES,Federal Contract Tower,0,24,117,2,143,0,2,104,0,106,0,26,221,2,249,140,0,140,389
09/09/2003,FTY,GA,ASO,ES,Federal Contract Tower,0,25,140,0,165,0,4,96,0,100,0,29,236,0,265,66,0,66,331
09/10/2003,FTY,GA,ASO,ES,Federal Contract Tower,0,30,137,0,167,0,2,130,0,132,0,32,267,0,299,226,0,226,525
09/11/2003,FTY,GA,ASO,ES,Federal Contract Tower,0,35,123,0,158,0,0,128,0,128,0,35,251,0,286,152,0,152,438
09/12/2003,FTY,GA,ASO,ES,Federal Contract Tower,0,22,90,4,116,0,0,167,1,168,0,22,257,5,284,206,0,206,490
09/13/2003,FTY,GA,ASO,ES,Federal Contract Tower,0,11,43,0,54,0,0,102,0,102,0,11,145,0,156,224,0,224,380
09/14/2003,FTY,GA,ASO,ES,Federal Contract Tower,0,5,73,0,78,0,0,53,0,53,0,5,126,0,131,98,0,98,229
09/15/2003,FTY,GA,ASO,ES,Federal Contract Tower,0,24,101,2,127,0,1,52,0,53,0,25,153,2,180,114,0,114,294
09/16/2003,FTY,GA,ASO,ES,Federal Contract Tower,0,27,116,4,147,0,1,133,0,134,0,28,249,4,281,128,0,128,409
09/17/2003,FTY,GA,ASO,ES,Federal Contract Tower,0,27,148,3,178,0,0,161,2,163,0,27,309,5,341,122,0,122,463
09/18/2003,FTY,GA,ASO,ES,Federal Contract Tower,0,19,85,3,107,0,0,146,2,148,0,19,231,5,255,192,0,192,447
09/19/2003,FTY,GA,ASO,ES,Federal Contract Tower,0,25,99,2,126,0,1,124,0,125,0,26,223,2,251,90,0,90,341
09/20/2003,FTY,GA,ASO,ES,Federal Contract Tower,0,9,61,2,72,0,0,93,2,95,0,9,154,4,167,138,0,138,305
09/21/2003,FTY,GA,ASO,ES,Federal Contract Tower,0,8,96,2,106,0,0,55,0,55,0,8,151,2,161,114,0,114,275
09/22/2003,FTY,GA,ASO,ES,Federal Contract Tower,0,29,120,1,150,0,0,21,0,21,0,29,141,1,171,20,0,20,191
09/23/2003,FTY,GA,ASO,ES,Federal Contract Tower,0,34,135,0,169,0,1,126,0,127,0,35,261,0,296,168,0,168,464
09/24/2003,FTY,GA,ASO,ES,Federal Contract Tower,0,36,170,6,212,0,0,127,0,127,0,36,297,6,339,42,2,44,383
09/25/2003,FTY,GA,ASO,ES,Federal Contract Tower,0,25,125,0,150,0,3,164,0,167,0,28,289,0,317,150,0,150,467
09/26/2003,FTY,GA,ASO,ES,Federal Contract Tower,0,20,118,3,141,0,1,142,0,143,0,21,260,3,284,166,0,166,450
09/27/2003,FTY,GA,ASO,ES,Federal Contract Tower,0,10,44,0,54,0,0,75,0,75,0,10,119,0,129,82,0,82,211
09/28/2003,FTY,GA,ASO,ES,Federal Contract Tower,0,14,56,1,71,0,0,87,0,87,0,14,143,1,158,166,0,166,324
09/29/2003,FTY,GA,ASO,ES,Federal Contract Tower,0,33,102,2,137,0,4,139,0,143,0,37,241,2,280,30,0,30,310
09/30/2003,FTY,GA,ASO,ES,Federal Contract Tower,0,37,119,0,156,0,0,117,0,117,0,37,236,0,273,166,0,166,439
10/01/2003,FTY,GA,ASO,ES,Federal Contract Tower,0,25,143,1,169,0,15,115,0,130,0,40,258,1,299,180,0,180,479
10/02/2003,FTY,GA,ASO,ES,Federal Contract Tower,0,21,120,2,143,0,6,134,3,143,0,27,254,5,286,138,0,138,424
10/03/2003,FTY,GA,ASO,ES,Federal Contract Tower,0,19,115,2,136,0,0,172,0,172,0,19,287,2,308,266,0,266,574
10/04/2003,FTY,GA,ASO,ES,Federal Contract Tower,0,5,32,0,37,0,0,83,0,83,0,5,115,0,120,174,0,174,294
10/05/2003,FTY,GA,ASO,ES,Federal Contract Tower,0,11,69,0,80,0,0,105,0,105,0,11,174,0,185,244,0,244,429
10/06/2003,FTY,GA,ASO,ES,Federal Contract Tower,0,21,126,0,147,0,8,79,0,87,0,29,205,0,234,122,0,122,356
10/07/2003,FTY,GA,ASO,ES,Federal Contract Tower,0,24,142,2,168,0,11,28,0,39,0,35,170,2,207,18,0,18,225
10/08/2003,FTY,GA,ASO,ES,Federal Contract Tower,0,25,148,2,175,0,5,58,0,63,0,30,206,2,238,64,0,64,302
10/09/2003,FTY,GA,ASO,ES,Federal Contract Tower,0,25,146,2,173,0,5,89,0,94,0,30,235,2,267,180,0,180,447
10/10/2003,FTY,GA,ASO,ES,Federal Contract Tower,0,14,133,0,147,0,0,67,0,67,0,14,200,0,214,74,0,74,288
10/11/2003,FTY,GA,ASO,ES,Federal Contract Tower,0,14,101,2,117,0,0,3,0,3,0,14,104,2,120,16,0,16,136
10/12/2003,FTY,GA,ASO,ES,Federal Contract Tower,0,13,80,0,93,0,3,45,0,48,0,16,125,0,141,92,0,92,233
10/13/2003,FTY,GA,ASO,ES,Federal Contract Tower,0,13,94,0,107,0,0,103,0,103,0,13,197,0,210,262,0,262,472
10/14/2003,FTY,GA,ASO,ES,Federal Contract Tower,0,25,145,3,173,0,6,67,0,73,0,31,212,3,246,20,0,20,266
10/15/2003,FTY,GA,ASO,ES,Federal Contract Tower,0,24,156,3,183,0,0,148,0,148,0,24,304,3,331,142,0,142,473
10/16/2003,FTY,GA,ASO,ES,Federal Contract Tower,0,24,145,3,172,0,0,175,5,180,0,24,320,8,352,132,0,132,484
10/17/2003,FTY,GA,ASO,ES,Federal Contract Tower,0,17,111,1,129,0,0,82,2,84,0,17,193,3,213,74,0,74,287
10/18/2003,FTY,GA,ASO,ES,Federal Contract Tower,0,6,37,0,43,0,1,121,1,123,0,7,158,1,166,178,0,178,344
10/19/2003,FTY,GA,ASO,ES,Federal Contract Tower,0,13,76,1,90,0,0,97,0,97,0,13,173,1,187,140,0,140,327
10/20/2003,FTY,GA,ASO,ES,Federal Contract Tower,0,19,114,2,135,0,9,84,1,94,0,28,198,3,229,194,0,194,423
10/21/2003,FTY,GA,ASO,ES,Federal Contract Tower,0,20,127,0,147,0,0,93,0,93,0,20,220,0,240,128,0,128,368
10/22/2003,FTY,GA,ASO,ES,Federal Contract Tower,0,21,126,2,149,0,3,123,0,126,0,24,249,2,275,140,0,140,415
10/23/2003,FTY,GA,ASO,ES,Federal Contract Tower,0,21,124,2,147,0,1,159,0,160,0,22,283,2,307,208,0,208,515
10/24/2003,FTY,GA,ASO,ES,Federal Contract Tower,0,18,134,2,154,0,0,154,7,161,0,18,288,9,315,194,0,194,509
10/25/2003,FTY,GA,ASO,ES,Federal Contract Tower,0,8,65,1,74,0,0,106,1,107,0,8,171,2,181,224,0,224,405
10/26/2003,FTY,GA,ASO,ES,Federal Contract Tower,0,9,64,1,74,0,0,3,2,5,0,9,67,3,79,0,0,0,79
10/27/2003,FTY,GA,ASO,ES,Federal Contract Tower,0,22,130,2,154,0,5,15,4,24,0,27,145,6,178,24,0,24,202
10/28/2003,FTY,GA,ASO,ES,Federal Contract Tower,0,23,140,2,165,0,5,90,0,95,0,28,230,2,260,160,0,160,420
10/29/2003,FTY,GA,ASO,ES,Federal Contract Tower,0,21,129,2,152,0,2,183,4,189,0,23,312,6,341,326,0,326,667
10/30/2003,FTY,GA,ASO,ES,Federal Contract Tower,0,23,159,2,184,0,0,164,0,164,0,23,323,2,348,126,0,126,474
10/31/2003,FTY,GA,ASO,ES,Federal Contract Tower,0,23,134,2,159,0,11,134,6,151,0,34,268,8,310,236,0,236,546
11/01/2003,FTY,GA,ASO,ES,Federal Contract Tower,0,4,46,1,51,0,0,132,1,133,0,4,178,2,184,124,0,124,308
11/02/2003,FTY,GA,ASO,ES,Federal Contract Tower,0,9,77,0,86,0,0,129,0,129,0,9,206,0,215,150,0,150,365
11/03/2003,FTY,GA,ASO,ES,Federal Contract Tower,0,29,100,0,129,0,0,129,0,129,0,29,229,0,258,156,0,156,414
11/04/2003,FTY,GA,ASO,ES,Federal Contract Tower,0,69,184,4,257,0,5,31,8,44,0,74,215,12,301,70,0,70,371
11/05/2003,FTY,GA,ASO,ES,Federal Contract Tower,0,56,151,0,207,0,17,0,0,17,0,73,151,0,224,2,0,2,226
11/06/2003,FTY,GA,ASO,ES,Federal Contract Tower,0,22,60,2,84,0,65,112,0,177,0,87,172,2,261,16,0,16,277
11/07/2003,FTY,GA,ASO,ES,Federal Contract Tower,0,58,159,4,221,0,11,70,1,82,0,69,229,5,303,146,0,146,449
11/08/2003,FTY,GA,ASO,ES,Federal Contract Tower,0,7,65,2,74,0,0,38,0,38,0,7,103,2,112,38,0,38,150
11/09/2003,FTY,GA,ASO,ES,Federal Contract Tower,0,15,82,2,99,0,0,87,0,87,0,15,169,2,186,160,0,160,346
11/10/2003,FTY,GA,ASO,ES,Federal Contract Tower,0,33,119,3,155,0,0,150,3,153,0,33,269,6,308,140,0,140,448
11/11/2003,FTY,GA,ASO,ES,Federal Contract Tower,0,41,110,3,154,0,6,136,1,143,0,47,246,4,297,194,0,194,491
11/12/2003,FTY,GA,ASO,ES,Federal Contract Tower,0,24,110,0,134,0,0,165,0,165,0,24,275,0,299,204,0,204,503
11/13/2003,FTY,GA,ASO,ES,Federal Contract Tower,0,49,130,3,182,0,7,78,1,86,0,56,208,4,268,38,0,38,306
11/14/2003,FTY,GA,ASO,ES,Federal Contract Tower,0,53,143,3,199,0,12,120,5,137,0,65,263,8,336,116,0,116,452
11/15/2003,FTY,GA,ASO,ES,Federal Contract Tower,0,4,46,1,51,0,0,159,0,159,0,4,205,1,210,156,0,156,366
11/16/2003,FTY,GA,ASO,ES,Federal Contract Tower,0,15,69,2,86,0,0,68,1,69,0,15,137,3,155,84,0,84,239
11/17/2003,FTY,GA,ASO,ES,Federal Contract Tower,0,29,90,1,120,0,0,65,1,66,0,29,155,2,186,68,0,68,254
11/18/2003,FTY,GA,ASO,ES,Federal Contract Tower,0,44,120,2,166,0,24,13,0,37,0,68,133,2,203,12,0,12,215
11/19/2003,FTY,GA,ASO,ES,Federal Contract Tower,0,53,142,0,195,0,17,45,0,62,0,70,187,0,257,40,0,40,297
11/20/2003,FTY,GA,ASO,ES,Federal Contract Tower,0,56,155,0,211,0,14,143,0,157,0,70,298,0,368,178,0,178,546
11/21/2003,FTY,GA,ASO,ES,Federal Contract Tower,0,51,137,2,190,0,16,152,6,174,0,67,289,8,364,172,0,172,536
11/22/2003,FTY,GA,ASO,ES,Federal Contract Tower,0,9,36,0,45,0,0,138,1,139,0,9,174,1,184,246,0,246,430
11/23/2003,FTY,GA,ASO,ES,Federal Contract Tower,0,16,79,1,96,0,0,80,6,86,0,16,159,7,182,134,0,134,316
11/24/2003,FTY,GA,ASO,ES,Federal Contract Tower,0,28,91,0,119,0,0,37,0,37,0,28,128,0,156,34,0,34,190
11/25/2003,FTY,GA,ASO,ES,Federal Contract Tower,0,48,131,0,179,0,30,79,0,109,0,78,210,0,288,164,0,164,452
11/26/2003,FTY,GA,ASO,ES,Federal Contract Tower,0,48,131,0,179,0,18,120,0,138,0,66,251,0,317,140,0,140,457
11/27/2003,FTY,GA,ASO,ES,Federal Contract Tower,0,14,25,0,39,0,18,0,0,18,0,32,25,0,57,8,0,8,65
11/28/2003,FTY,GA,ASO,ES,Federal Contract Tower,0,9,31,0,40,0,0,29,0,29,0,9,60,0,69,6,0,6,75
11/29/2003,FTY,GA,ASO,ES,Federal Contract Tower,0,12,39,0,51,0,0,73,0,73,0,12,112,0,124,36,0,36,160
11/30/2003,FTY,GA,ASO,ES,Federal Contract Tower,0,7,78,0,85,0,0,117,0,117,0,7,195,0,202,92,0,92,294
12/01/2003,FTY,GA,ASO,ES,Federal Contract Tower,0,25,79,2,106,0,0,109,3,112,0,25,188,5,218,114,0,114,332
12/02/2003,FTY,GA,ASO,ES,Federal Contract Tower,0,62,121,1,184,0,15,120,0,135,0,77,241,1,319,136,0,136,455
12/03/2003,FTY,GA,ASO,ES,Federal Contract Tower,0,68,135,4,207,0,0,89,2,91,0,68,224,6,298,108,0,108,406
12/04/2003,FTY,GA,ASO,ES,Federal Contract Tower,0,73,138,1,212,0,7,0,0,7,0,80,138,1,219,0,0,0,219
12/05/2003,FTY,GA,ASO,ES,Federal Contract Tower,0,73,143,0,216,0,0,38,0,38,0,73,181,0,254,8,0,8,262
12/06/2003,FTY,GA,ASO,ES,Federal Contract Tower,0,14,72,2,88,0,0,54,0,54,0,14,126,2,142,174,0,174,316
12/07/2003,FTY,GA,ASO,ES,Federal Contract Tower,0,19,87,0,106,0,0,161,0,161,0,19,248,0,267,218,0,218,485
12/08/2003,FTY,GA,ASO,ES,Federal Contract Tower,0,33,95,0,128,0,0,165,0,165,0,33,260,0,293,152,0,152,445
12/09/2003,FTY,GA,ASO,ES,Federal Contract Tower,0,76,149,2,227,0,2,92,0,94,0,78,241,2,321,80,0,80,401
12/10/2003,FTY,GA,ASO,ES,Federal Contract Tower,0,62,121,3,186,0,23,9,1,33,0,85,130,4,219,2,0,2,221
12/11/2003,FTY,GA,ASO,ES,Federal Contract Tower,0,72,142,4,218,0,7,85,0,92,0,79,227,4,310,90,0,90,400
12/12/2003,FTY,GA,ASO,ES,Federal Contract Tower,0,61,118,3,182,0,13,134,1,148,0,74,252,4,330,186,14,200,530
12/13/2003,FTY,GA,ASO,ES,Federal Contract Tower,0,5,33,1,39,0,0,56,3,59,0,5,89,4,98,98,0,98,196
12/14/2003,FTY,GA,ASO,ES,Federal Contract Tower,0,21,56,2,79,0,0,14,0,14,0,21,70,2,93,12,0,12,105
12/15/2003,FTY,GA,ASO,ES,Federal Contract Tower,0,29,114,3,146,0,0,163,4,167,0,29,277,7,313,184,0,184,497
12/16/2003,FTY,GA,ASO,ES,Federal Contract Tower,0,69,136,1,206,0,0,94,0,94,0,69,230,1,300,76,0,76,376
12/17/2003,FTY,GA,ASO,ES,Federal Contract Tower,0,63,122,3,188,0,14,24,5,43,0,77,146,8,231,32,0,32,263
12/18/2003,FTY,GA,ASO,ES,Federal Contract Tower,0,65,128,0,193,0,10,117,0,127,0,75,245,0,320,102,0,102,422
12/19/2003,FTY,GA,ASO,ES,Federal Contract Tower,0,57,113,1,171,0,0,81,0,81,0,57,194,1,252,96,0,96,348
12/20/2003,FTY,GA,ASO,ES,Federal Contract Tower,0,16,51,0,67,0,0,93,0,93,0,16,144,0,160,202,0,202,362
12/21/2003,FTY,GA,ASO,ES,Federal Contract Tower,0,9,39,0,48,0,0,94,2,96,0,9,133,2,144,202,0,202,346
12/22/2003,FTY,GA,ASO,ES,Federal Contract Tower,0,27,74,1,102,0,0,97,4,101,0,27,171,5,203,126,0,126,329
12/23/2003,FTY,GA,ASO,ES,Federal Contract Tower,0,46,92,2,140,0,27,28,3,58,0,73,120,5,198,32,0,32,230
12/24/2003,FTY,GA,ASO,ES,Federal Contract Tower,0,29,55,0,84,0,30,0,0,30,0,59,55,0,114,12,0,12,126
12/25/2003,FTY,GA,ASO,ES,Federal Contract Tower,0,15,29,0,44,0,21,20,0,41,0,36,49,0,85,14,0,14,99
12/26/2003,FTY,GA,ASO,ES,Federal Contract Tower,0,19,45,0,64,0,0,88,0,88,0,19,133,0,152,110,0,110,262
12/27/2003,FTY,GA,ASO,ES,Federal Contract Tower,0,6,29,0,35,0,0,87,0,87,0,6,116,0,122,50,0,50,172
12/28/2003,FTY,GA,ASO,ES,Federal Contract Tower,0,8,38,0,46,0,0,91,2,93,0,8,129,2,139,126,0,126,265
12/29/2003,FTY,GA,ASO,ES,Federal Contract Tower,0,29,60,1,90,0,0,88,3,91,0,29,148,4,181,92,0,92,273
12/30/2003,FTY,GA,ASO,ES,Federal Contract Tower,0,41,79,1,121,0,28,65,1,94,0,69,144,2,215,114,0,114,329
12/31/2003,FTY,GA,ASO,ES,Federal Contract Tower,0,36,72,0,108,0,24,86,0,110,0,60,158,0,218,140,0,140,358
01/01/2004,FTY,GA,ASO,ES,Federal Contract Tower,0,16,35,0,51,0,18,31,0,49,0,34,66,0,100,52,0,52,152
01/02/2004,FTY,GA,ASO,ES,Federal Contract Tower,0,12,58,1,71,0,0,92,1,93,0,12,150,2,164,110,0,110,274
01/03/2004,FTY,GA,ASO,ES,Federal Contract Tower,0,3,37,0,40,0,0,52,0,52,0,3,89,0,92,80,0,80,172
01/04/2004,FTY,GA,ASO,ES,Federal Contract Tower,0,12,51,1,64,0,0,51,1,52,0,12,102,2,116,70,0,70,186
01/05/2004,FTY,GA,ASO,ES,Federal Contract Tower,0,24,58,0,82,0,0,21,0,21,0,24,79,0,103,20,0,20,123
01/06/2004,FTY,GA,ASO,ES,Federal Contract Tower,0,50,114,2,166,0,17,63,1,81,0,67,177,3,247,156,0,156,403
01/07/2004,FTY,GA,ASO,ES,Federal Contract Tower,0,46,105,2,153,0,13,143,0,156,0,59,248,2,309,134,0,134,443
01/08/2004,FTY,GA,ASO,ES,Federal Contract Tower,0,52,119,2,173,0,10,90,0,100,0,62,209,2,273,30,0,30,303
01/09/2004,FTY,GA,ASO,ES,Federal Contract Tower,0,43,88,2,133,0,23,0,0,23,0,66,88,2,156,6,0,6,162
01/10/2004,FTY,GA,ASO,ES,Federal Contract Tower,0,10,39,0,49,0,0,32,0,32,0,10,71,0,81,204,0,204,285
01/11/2004,FTY,GA,ASO,ES,Federal Contract Tower,0,13,62,0,75,0,0,111,0,111,0,13,173,0,186,136,0,136,322
01/12/2004,FTY,GA,ASO,ES,Federal Contract Tower,0,26,82,2,110,0,0,145,0,145,0,26,227,2,255,142,0,142,397
01/13/2004,FTY,GA,ASO,ES,Federal Contract Tower,0,59,137,2,198,0,22,116,0,138,0,81,253,2,336,74,0,74,410
01/14/2004,FTY,GA,ASO,ES,Federal Contract Tower,0,60,138,0,198,0,18,102,0,120,0,78,240,0,318,72,0,72,390
01/15/2004,FTY,GA,ASO,ES,Federal Contract Tower,0,47,107,2,156,0,21,52,2,75,0,68,159,4,231,52,0,52,283
01/16/2004,FTY,GA,ASO,ES,Federal Contract Tower,0,57,132,3,192,0,10,115,3,128,0,67,247,6,320,74,4,78,398
01/17/2004,FTY,GA,ASO,ES,Federal Contract Tower,0,11,51,0,62,0,0,56,0,56,0,11,107,0,118,180,0,180,298
01/18/2004,FTY,GA,ASO,ES,Federal Contract Tower,0,5,48,0,53,0,0,23,2,25,0,5,71,2,78,22,0,22,100
01/19/2004,FTY,GA,ASO,ES,Federal Contract Tower,0,19,91,0,110,0,0,94,0,94,0,19,185,0,204,94,0,94,298
01/20/2004,FTY,GA,ASO,ES,Federal Contract Tower,0,32,105,0,137,0,0,125,0,125,0,32,230,0,262,112,0,112,374
01/21/2004,FTY,GA,ASO,ES,Federal Contract Tower,0,54,126,2,182,0,7,105,0,112,0,61,231,2,294,156,0,156,450
01/22/2004,FTY,GA,ASO,ES,Federal Contract Tower,0,52,120,1,173,0,12,84,4,100,0,64,204,5,273,44,0,44,317
01/23/2004,FTY,GA,ASO,ES,Federal Contract Tower,0,46,107,1,154,0,26,86,0,112,0,72,193,1,266,138,0,138,404
01/24/2004,FTY,GA,ASO,ES,Federal Contract Tower,0,4,30,0,34,0,0,102,3,105,0,4,132,3,139,148,0,148,287
01/25/2004,FTY,GA,ASO,ES,Federal Contract Tower,0,9,47,0,56,0,0,15,1,16,0,9,62,1,72,0,0,0,72
01/26/2004,FTY,GA,ASO,ES,Federal Contract Tower,0,18,74,1,93,0,0,12,2,14,0,18,86,3,107,0,0,0,107
01/27/2004,FTY,GA,ASO,ES,Federal Contract Tower,0,41,130,2,173,0,0,37,2,39,0,41,167,4,212,14,0,14,226
01/28/2004,FTY,GA,ASO,ES,Federal Contract Tower,0,60,141,2,203,0,8,138,2,148,0,68,279,4,351,130,0,130,481
01/29/2004,FTY,GA,ASO,ES,Federal Contract Tower,0,66,155,2,223,0,11,150,1,162,0,77,305,3,385,96,0,96,481
01/30/2004,FTY,GA,ASO,ES,Federal Contract Tower,0,54,128,2,184,0,16,118,4,138,0,70,246,6,322,100,0,100,422
01/31/2004,FTY,GA,ASO,ES,Federal Contract Tower,0,8,43,0,51,0,0,123,0,123,0,8,166,0,174,132,0,132,306
02/01/2004,FTY,GA,ASO,ES,Federal Contract Tower,0,7,55,1,63,0,0,71,2,73,0,7,126,3,136,102,0,102,238
02/02/2004,FTY,GA,ASO,ES,Federal Contract Tower,0,27,101,2,130,0,0,19,4,23,0,27,120,6,153,0,0,0,153
02/03/2004,FTY,GA,ASO,ES,Federal Contract Tower,0,57,139,3,199,0,9,68,0,77,0,66,207,3,276,118,0,118,394
02/04/2004,FTY,GA,ASO,ES,Federal Contract Tower,0,57,139,4,200,0,17,126,0,143,0,74,265,4,343,186,0,186,529
02/05/2004,FTY,GA,ASO,ES,Federal Contract Tower,0,59,142,4,205,0,11,7,0,18,0,70,149,4,223,6,0,6,229
02/06/2004,FTY,GA,ASO,ES,Federal Contract Tower,0,46,110,3,159,0,12,2,3,17,0,58,112,6,176,10,0,10,186
02/07/2004,FTY,GA,ASO,ES,Federal Contract Tower,0,1,58,0,59,0,0,73,0,73,0,1,131,0,132,88,0,88,220
02/08/2004,FTY,GA,ASO,ES,Federal Contract Tower,0,14,75,0,89,0,0,113,0,113,0,14,188,0,202,206,0,206,408
02/09/2004,FTY,GA,ASO,ES,Federal Contract Tower,0,30,108,0,138,0,0,115,0,115,0,30,223,0,253,112,0,112,365
02/10/2004,FTY,GA,ASO,ES,Federal Contract Tower,0,74,181,2,257,0,6,12,0,18,0,80,193,2,275,32,0,32,307
02/11/2004,FTY,GA,ASO,ES,Federal Contract Tower,0,63,152,4,219,0,10,98,4,112,0,73,250,8,331,122,0,122,453
02/12/2004,FTY,GA,ASO,ES,Federal Contract Tower,0,73,176,2,251,0,9,0,0,9,0,82,176,2,260,0,0,0,260
02/13/2004,FTY,GA,ASO,ES,Federal Contract Tower,0,55,133,0,188,0,8,94,0,102,0,63,227,0,290,124,0,124,414
02/14/2004,FTY,GA,ASO,ES,Federal Contract Tower,0,5,50,0,55,0,0,25,0,25,0,5,75,0,80,8,0,8,88
02/15/2004,FTY,GA,ASO,ES,Federal Contract Tower,0,13,42,0,55,0,0,9,2,11,0,13,51,2,66,0,0,0,66
02/16/2004,FTY,GA,ASO,ES,Federal Contract Tower,0,15,87,2,104,0,0,98,0,98,0,15,185,2,202,218,0,218,420
02/17/2004,FTY,GA,ASO,ES,Federal Contract Tower,0,37,112,2,151,0,0,86,3,89,0,37,198,5,240,60,0,60,300
02/18/2004,FTY,GA,ASO,ES,Federal Contract Tower,0,68,165,3,236,0,13,117,6,136,0,81,282,9,372,94,0,94,466
02/19/2004,FTY,GA,ASO,ES,Federal Contract Tower,0,54,133,2,189,0,24,113,0,137,0,78,246,2,326,92,0,92,418
02/20/2004,FTY,GA,ASO,ES,Federal Contract Tower,0,48,117,2,167,0,26,71,2,99,0,74,188,4,266,146,0,146,412
02/21/2004,FTY,GA,ASO,ES,Federal Contract Tower,0,7,40,0,47,0,0,106,4,110,0,7,146,4,157,188,0,188,345
02/22/2004,FTY,GA,ASO,ES,Federal Contract Tower,0,14,64,0,78,0,0,102,0,102,0,14,166,0,180,181,0,181,361
02/23/2004,FTY,GA,ASO,ES,Federal Contract Tower,0,38,102,0,140,0,0,87,0,87,0,38,189,0,227,176,0,176,403
02/24/2004,FTY,GA,ASO,ES,Federal Contract Tower,0,53,129,2,184,0,19,1,0,20,0,72,130,2,204,52,0,52,256
02/25/2004,FTY,GA,ASO,ES,Federal Contract Tower,0,56,138,0,194,0,22,0,0,22,0,78,138,0,216,138,0,138,354
02/26/2004,FTY,GA,ASO,ES,Federal Contract Tower,0,53,103,2,158,0,36,0,0,36,0,89,103,2,194,0,0,0,194
02/27/2004,FTY,GA,ASO,ES,Federal Contract Tower,0,55,134,3,192,0,15,30,1,46,0,70,164,4,238,184,0,184,422
02/28/2004,FTY,GA,ASO,ES,Federal Contract Tower,0,15,67,0,82,0,0,195,0,195,0,15,262,0,277,280,0,280,557
02/29/2004,FTY,GA,ASO,ES,Federal Contract Tower,0,11,68,1,80,0,0,128,5,133,0,11,196,6,213,184,0,184,397
03/01/2004,FTY,GA,ASO,ES,Federal Contract Tower,0,27,71,1,99,0,0,96,0,96,0,27,167,1,195,44,0,44,239
03/02/2004,FTY,GA,ASO,ES,Federal Contract Tower,0,57,132,2,191,0,18,43,2,63,0,75,175,4,254,94,0,94,348
03/03/2004,FTY,GA,ASO,ES,Federal Contract Tower,0,57,134,1,192,0,15,90,0,105,0,72,224,1,297,170,0,170,467
03/04/2004,FTY,GA,ASO,ES,Federal Contract Tower,0,58,135,0,193,0,7,115,0,122,0,65,250,0,315,78,0,78,393
03/05/2004,FTY,GA,ASO,ES,Federal Contract Tower,0,59,135,2,196,0,9,49,0,58,0,68,184,2,254,74,0,74,328
03/06/2004,FTY,GA,ASO,ES,Federal Contract Tower,0,4,37,0,41,0,0,62,0,62,0,4,99,0,103,198,0,198,301
03/07/2004,FTY,GA,ASO,ES,Federal Contract Tower,0,12,43,0,55,0,0,100,0,100,0,12,143,0,155,106,0,106,261
03/08/2004,FTY,GA,ASO,ES,Federal Contract Tower,0,28,62,0,90,0,0,76,0,76,0,28,138,0,166,20,0,20,186
03/09/2004,FTY,GA,ASO,ES,Federal Contract Tower,0,46,106,0,152,0,31,68,0,99,0,77,174,0,251,146,0,146,397
03/10/2004,FTY,GA,ASO,ES,Federal Contract Tower,0,59,135,2,196,0,11,149,0,160,0,70,284,2,356,236,0,236,592
03/11/2004,FTY,GA,ASO,ES,Federal Contract Tower,0,61,139,0,200,0,11,141,0,152,0,72,280,0,352,188,0,188,540
03/12/2004,FTY,GA,ASO,ES,Federal Contract Tower,0,49,110,0,159,0,14,141,0,155,0,63,251,0,314,150,0,150,464
03/13/2004,FTY,GA,ASO,ES,Federal Contract Tower,0,6,60,0,66,0,0,157,0,157,0,6,217,0,223,128,0,128,351
03/14/2004,FTY,GA,ASO,ES,Federal Contract Tower,0,27,76,0,103,0,0,93,0,93,0,27,169,0,196,130,0,130,326
03/15/2004,FTY,GA,ASO,ES,Federal Contract Tower,0,26,93,0,119,0,0,106,0,106,0,26,199,0,225,146,0,146,371
03/16/2004,FTY,GA,ASO,ES,Federal Contract Tower,0,55,125,0,180,0,27,61,0,88,0,82,186,0,268,94,0,94,362
03/17/2004,FTY,GA,ASO,ES,Federal Contract Tower,0,60,138,2,200,0,18,121,4,143,0,78,259,6,343,126,0,126,469
03/18/2004,FTY,GA,ASO,ES,Federal Contract Tower,0,58,133,1,192,0,2,101,3,106,0,60,234,4,298,146,0,146,444
03/19/2004,FTY,GA,ASO,ES,Federal Contract Tower,0,47,108,1,156,0,10,137,1,148,0,57,245,2,304,106,0,106,410
03/20/2004,FTY,GA,ASO,ES,Federal Contract Tower,0,7,49,0,56,0,0,99,3,102,0,7,148,3,158,80,0,80,238
03/21/2004,FTY,GA,ASO,ES,Federal Contract Tower,0,8,47,0,55,0,0,52,4,56,0,8,99,4,111,8,0,8,119
03/22/2004,FTY,GA,ASO,ES,Federal Contract Tower,0,31,109,1,141,0,0,139,2,141,0,31,248,3,282,54,0,54,336
03/23/2004,FTY,GA,ASO,ES,Federal Contract Tower,0,58,131,1,190,0,13,91,1,105,0,71,222,2,295,166,0,166,461
03/24/2004,FTY,GA,ASO,ES,Federal Contract Tower,0,62,144,2,208,0,8,167,2,177,0,70,311,4,385,116,0,116,501
03/25/2004,FTY,GA,ASO,ES,Federal Contract Tower,0,56,128,0,184,0,15,96,0,111,0,71,224,0,295,152,0,152,447
03/26/2004,FTY,GA,ASO,ES,Federal Contract Tower,0,62,149,2,213,0,0,145,0,145,0,62,294,2,358,186,0,186,544
03/27/2004,FTY,GA,ASO,ES,Federal Contract Tower,0,11,40,0,51,0,0,140,2,142,0,11,180,2,193,262,0,262,455
03/28/2004,FTY,GA,ASO,ES,Federal Contract Tower,0,22,72,1,95,0,0,131,3,134,0,22,203,4,229,276,0,276,505
03/29/2004,FTY,GA,ASO,ES,Federal Contract Tower,0,35,107,0,142,0,0,96,0,96,0,35,203,0,238,118,0,118,356
03/30/2004,FTY,GA,ASO,ES,Federal Contract Tower,0,66,151,2,219,0,11,57,2,70,0,77,208,4,289,236,2,238,527
03/31/2004,FTY,GA,ASO,ES,Federal Contract Tower,0,61,142,2,205,0,16,50,4,70,0,77,192,6,275,190,0,190,465
04/01/2004,FTY,GA,ASO,ES,Federal Contract Tower,0,59,141,0,200,0,21,88,0,109,0,80,229,0,309,106,0,106,415
04/02/2004,FTY,GA,ASO,ES,Federal Contract Tower,0,55,128,3,186,0,14,121,2,137,0,69,249,5,323,112,0,112,435
04/03/2004,FTY,GA,ASO,ES,Federal Contract Tower,0,9,44,0,53,0,0,116,0,116,0,9,160,0,169,252,0,252,421
04/04/2004,FTY,GA,ASO,ES,Federal Contract Tower,0,14,63,1,78,0,0,49,2,51,0,14,112,3,129,26,0,26,155
04/05/2004,FTY,GA,ASO,ES,Federal Contract Tower,0,26,68,1,95,0,0,122,0,122,0,26,190,1,217,94,0,94,311
04/06/2004,FTY,GA,ASO,ES,Federal Contract Tower,0,55,125,0,180,0,16,81,0,97,0,71,206,0,277,186,0,186,463
04/07/2004,FTY,GA,ASO,ES,Federal Contract Tower,0,58,135,2,195,0,5,113,0,118,0,63,248,2,313,150,0,150,463
04/08/2004,FTY,GA,ASO,ES,Federal Contract Tower,0,65,149,0,214,0,6,82,0,88,0,71,231,0,302,166,0,166,468
04/09/2004,FTY,GA,ASO,ES,Federal Contract Tower,0,44,102,0,146,0,14,116,0,130,0,58,218,0,276,136,0,136,412
04/10/2004,FTY,GA,ASO,ES,Federal Contract Tower,0,11,45,0,56,0,0,100,0,100,0,11,145,0,156,176,0,176,332
04/11/2004,FTY,GA,ASO,ES,Federal Contract Tower,0,14,41,0,55,0,0,17,0,17,0,14,58,0,72,46,0,46,118
04/12/2004,FTY,GA,ASO,ES,Federal Contract Tower,0,31,104,2,137,0,0,45,1,46,0,31,149,3,183,56,0,56,239
04/13/2004,FTY,GA,ASO,ES,Federal Contract Tower,0,55,125,2,182,0,16,3,2,21,0,71,128,4,203,86,0,86,289
04/14/2004,FTY,GA,ASO,ES,Federal Contract Tower,0,52,118,2,172,0,30,49,1,80,0,82,167,3,252,10,0,10,262
04/15/2004,FTY,GA,ASO,ES,Federal Contract Tower,0,75,171,2,248,0,0,155,0,155,0,75,326,2,403,280,0,280,683
04/16/2004,FTY,GA,ASO,ES,Federal Contract Tower,0,53,122,1,176,0,7,140,5,152,0,60,262,6,328,248,0,248,576
04/17/2004,FTY,GA,ASO,ES,Federal Contract Tower,0,6,43,0,49,0,0,133,3,136,0,6,176,3,185,170,0,170,355
04/18/2004,FTY,GA,ASO,ES,Federal Contract Tower,0,21,72,1,94,0,0,153,1,154,0,21,225,2,248,100,0,100,348
04/19/2004,FTY,GA,ASO,ES,Federal Contract Tower,0,35,103,1,139,0,0,126,7,133,0,35,229,8,272,188,0,188,460
04/20/2004,FTY,GA,ASO,ES,Federal Contract Tower,0,63,147,2,212,0,22,126,4,152,0,85,273,6,364,186,0,186,550
04/21/2004,FTY,GA,ASO,ES,Federal Contract Tower,0,59,139,2,200,0,16,111,0,127,0,75,250,2,327,144,0,144,471
04/22/2004,FTY,GA,ASO,ES,Federal Contract Tower,0,62,143,2,207,0,13,124,2,139,0,75,267,4,346,62,0,62,408
04/23/2004,FTY,GA,ASO,ES,Federal Contract Tower,0,55,125,1,181,0,7,131,1,139,0,62,256,2,320,158,0,158,478
04/24/2004,FTY,GA,ASO,ES,Federal Contract Tower,0,12,45,0,57,0,0,119,0,119,0,12,164,0,176,102,0,102,278
04/25/2004,FTY,GA,ASO,ES,Federal Contract Tower,0,18,68,1,87,0,0,84,1,85,0,18,152,2,172,20,0,20,192
04/26/2004,FTY,GA,ASO,ES,Federal Contract Tower,0,35,105,1,141,0,0,38,3,41,0,35,143,4,182,0,0,0,182
04/27/2004,FTY,GA,ASO,ES,Federal Contract Tower,0,58,135,1,194,0,23,131,0,154,0,81,266,1,348,88,0,88,436
04/28/2004,FTY,GA,ASO,ES,Federal Contract Tower,0,62,145,0,207,0,16,146,0,162,0,78,291,0,369,226,0,226,595
04/29/2004,FTY,GA,ASO,ES,Federal Contract Tower,0,66,152,2,220,0,7,144,0,151,0,73,296,2,371,270,0,270,641
04/30/2004,FTY,GA,ASO,ES,Federal Contract Tower,0,47,160,2,209,0,0,74,0,74,0,47,234,2,283,62,0,62,345
05/01/2004,FTY,GA,ASO,ES,Federal Contract Tower,0,7,50,0,57,0,0,68,0,68,0,7,118,0,125,98,0,98,223
05/02/2004,FTY,GA,ASO,ES,Federal Contract Tower,0,15,63,2,80,0,0,42,0,42,0,15,105,2,122,66,0,66,188
05/03/2004,FTY,GA,ASO,ES,Federal Contract Tower,0,31,112,2,145,0,0,150,0,150,0,31,262,2,295,66,0,66,361
05/04/2004,FTY,GA,ASO,ES,Federal Contract Tower,0,53,130,0,183,0,18,169,0,187,0,71,299,0,370,180,0,180,550
05/05/2004,FTY,GA,ASO,ES,Federal Contract Tower,0,53,128,3,184,0,10,147,3,160,0,63,275,6,344,190,0,190,534
05/06/2004,FTY,GA,ASO,ES,Federal Contract Tower,0,57,138,3,198,4,15,150,7,176,4,72,288,10,374,170,0,170,544
05/07/2004,FTY,GA,ASO,ES,Federal Contract Tower,0,60,145,3,208,0,29,101,18,148,0,89,246,21,356,158,0,158,514
05/08/2004,FTY,GA,ASO,ES,Federal Contract Tower,0,24,59,1,84,0,3,61,0,64,0,27,120,1,148,138,0,138,286
05/09/2004,FTY,GA,ASO,ES,Federal Contract Tower,0,19,64,1,84,0,0,61,0,61,0,19,125,1,145,98,0,98,243
05/10/2004,FTY,GA,ASO,ES,Federal Contract Tower,0,33,112,3,148,0,0,137,6,143,0,33,249,9,291,28,0,28,319
05/11/2004,FTY,GA,ASO,ES,Federal Contract Tower,0,59,144,0,203,0,9,87,0,96,0,68,231,0,299,78,0,78,377
05/12/2004,FTY,GA,ASO,ES,Federal Contract Tower,0,68,168,0,236,0,0,36,0,36,0,68,204,0,272,30,0,30,302
05/13/2004,FTY,GA,ASO,ES,Federal Contract Tower,0,67,165,4,236,0,2,49,0,51,0,69,214,4,287,70,0,70,357
05/14/2004,FTY,GA,ASO,ES,Federal Contract Tower,0,58,140,1,199,0,0,63,0,63,0,58,203,1,262,90,0,90,352
05/15/2004,FTY,GA,ASO,ES,Federal Contract Tower,0,8,35,0,43,0,0,89,0,89,0,8,124,0,132,136,0,136,268
05/16/2004,FTY,GA,ASO,ES,Federal Contract Tower,0,7,57,1,65,0,0,88,0,88,0,7,145,1,153,132,0,132,285
05/17/2004,FTY,GA,ASO,ES,Federal Contract Tower,0,39,118,1,158,0,0,109,0,109,0,39,227,1,267,50,0,50,317
05/18/2004,FTY,GA,ASO,ES,Federal Contract Tower,0,54,134,2,190,0,33,39,3,75,0,87,173,5,265,74,0,74,339
05/19/2004,FTY,GA,ASO,ES,Federal Contract Tower,0,54,132,2,188,0,20,58,0,78,0,74,190,2,266,40,16,56,322
05/20/2004,FTY,GA,ASO,ES,Federal Contract Tower,0,56,137,1,194,0,11,147,0,158,0,67,284,1,352,144,0,144,496
05/21/2004,FTY,GA,ASO,ES,Federal Contract Tower,0,49,122,2,173,0,27,110,0,137,0,76,232,2,310,136,0,136,446
05/22/2004,FTY,GA,ASO,ES,Federal Contract Tower,0,10,51,1,62,0,0,70,0,70,0,10,121,1,132,48,0,48,180
05/23/2004,FTY,GA,ASO,ES,Federal Contract Tower,0,10,50,0,60,0,0,94,2,96,0,10,144,2,156,110,0,110,266
05/24/2004,FTY,GA,ASO,ES,Federal Contract Tower,0,25,103,2,130,0,0,129,1,130,0,25,232,3,260,174,0,174,434
05/25/2004,FTY,GA,ASO,ES,Federal Contract Tower,0,53,132,2,187,0,20,79,3,102,0,73,211,5,289,154,0,154,443
05/26/2004,FTY,GA,ASO,ES,Federal Contract Tower,0,56,136,2,194,0,19,83,0,102,0,75,219,2,296,38,0,38,334
05/27/2004,FTY,GA,ASO,ES,Federal Contract Tower,0,55,135,2,192,0,18,98,1,117,0,73,233,3,309,136,0,136,445
05/28/2004,FTY,GA,ASO,ES,Federal Contract Tower,0,47,116,0,163,0,29,84,0,113,0,76,200,0,276,98,0,98,374
05/29/2004,FTY,GA,ASO,ES,Federal Contract Tower,0,11,44,0,55,0,0,54,0,54,0,11,98,0,109,120,0,120,229
05/30/2004,FTY,GA,ASO,ES,Federal Contract Tower,0,5,30,0,35,0,0,54,0,54,0,5,84,0,89,154,0,154,243
05/31/2004,FTY,GA,ASO,ES,Federal Contract Tower,0,12,46,0,58,0,0,28,0,28,0,12,74,0,86,82,0,82,168
06/01/2004,FTY,GA,ASO,ES,Federal Contract Tower,0,27,84,0,111,0,0,92,0,92,0,27,176,0,203,136,0,136,339
06/02/2004,FTY,GA,ASO,ES,Federal Contract Tower,0,41,108,0,149,0,0,70,0,70,0,41,178,0,219,110,0,110,329
06/03/2004,FTY,GA,ASO,ES,Federal Contract Tower,0,52,114,0,166,0,13,86,0,99,0,65,200,0,265,136,0,136,401
06/04/2004,FTY,GA,ASO,ES,Federal Contract Tower,0,58,128,1,187,0,7,96,0,103,0,65,224,1,290,110,0,110,400
06/05/2004,FTY,GA,ASO,ES,Federal Contract Tower,0,9,46,1,56,0,0,129,3,132,0,9,175,4,188,140,0,140,328
06/06/2004,FTY,GA,ASO,ES,Federal Contract Tower,0,20,65,1,86,0,0,77,3,80,0,20,142,4,166,102,0,102,268
06/07/2004,FTY,GA,ASO,ES,Federal Contract Tower,0,40,102,1,143,0,0,51,0,51,0,40,153,1,194,60,0,60,254
06/08/2004,FTY,GA,ASO,ES,Federal Contract Tower,0,71,158,0,229,0,15,40,0,55,0,86,198,0,284,128,0,128,412
06/09/2004,FTY,GA,ASO,ES,Federal Contract Tower,0,68,151,0,219,0,4,49,0,53,0,72,200,0,272,42,0,42,314
06/10/2004,FTY,GA,ASO,ES,Federal Contract Tower,0,67,149,2,218,0,13,74,2,89,0,80,223,4,307,100,0,100,407
06/11/2004,FTY,GA,ASO,ES,Federal Contract Tower,0,57,125,2,184,0,3,77,0,80,0,60,202,2,264,184,0,184,448
06/12/2004,FTY,GA,ASO,ES,Federal Contract Tower,0,4,25,0,29,0,0,86,0,86,0,4,111,0,115,128,0,128,243
06/13/2004,FTY,GA,ASO,ES,Federal Contract Tower,0,11,63,0,74,0,0,42,0,42,0,11,105,0,116,76,0,76,192
06/14/2004,FTY,GA,ASO,ES,Federal Contract Tower,0,19,86,1,106,0,0,72,0,72,0,19,158,1,178,180,0,180,358
06/15/2004,FTY,GA,ASO,ES,Federal Contract Tower,0,68,152,1,221,0,9,21,0,30,0,77,173,1,251,14,0,14,265
06/16/2004,FTY,GA,ASO,ES,Federal Contract Tower,0,61,135,2,198,0,14,56,0,70,0,75,191,2,268,138,0,138,406
06/17/2004,FTY,GA,ASO,ES,Federal Contract Tower,0,55,122,0,177,0,20,115,0,135,0,75,237,0,312,118,0,118,430
06/18/2004,FTY,GA,ASO,ES,Federal Contract Tower,0,51,136,1,188,0,0,123,1,124,0,51,259,2,312,92,0,92,404
06/19/2004,FTY,GA,ASO,ES,Federal Contract Tower,0,8,42,0,50,0,0,96,0,96,0,8,138,0,146,196,0,196,342
06/20/2004,FTY,GA,ASO,ES,Federal Contract Tower,0,13,55,0,68,0,0,76,0,76,0,13,131,0,144,88,0,88,232
06/21/2004,FTY,GA,ASO,ES,Federal Contract Tower,0,38,94,0,132,0,0,49,4,53,0,38,143,4,185,12,0,12,197
06/22/2004,FTY,GA,ASO,ES,Federal Contract Tower,0,71,159,0,230,0,19,49,0,68,0,90,208,0,298,98,0,98,396
06/23/2004,FTY,GA,ASO,ES,Federal Contract Tower,0,57,127,0,184,0,20,13,0,33,0,77,140,0,217,96,0,96,313
06/24/2004,FTY,GA,ASO,ES,Federal Contract Tower,0,66,146,1,213,0,20,19,3,42,0,86,165,4,255,112,0,112,367
06/25/2004,FTY,GA,ASO,ES,Federal Contract Tower,0,51,115,0,166,0,22,60,0,82,0,73,175,0,248,186,0,186,434
06/26/2004,FTY,GA,ASO,ES,Federal Contract Tower,0,13,46,0,59,0,0,86,0,86,0,13,132,0,145,112,0,112,257
06/27/2004,FTY,GA,ASO,ES,Federal Contract Tower,0,12,49,0,61,0,0,23,3,26,0,12,72,3,87,28,0,28,115
06/28/2004,FTY,GA,ASO,ES,Federal Contract Tower,0,38,106,0,144,0,0,65,0,65,0,38,171,0,209,122,0,122,331
06/29/2004,FTY,GA,ASO,ES,Federal Contract Tower,0,63,139,1,203,0,5,135,1,141,0,68,274,2,344,238,0,238,582
06/30/2004,FTY,GA,ASO,ES,Federal Contract Tower,0,55,124,1,180,0,20,32,1,53,0,75,156,2,233,36,12,48,281
07/01/2004,FTY,GA,ASO,ES,Federal Contract Tower,0,53,129,2,184,0,6,96,0,102,0,59,225,2,286,126,0,126,412
07/02/2004,FTY,GA,ASO,ES,Federal Contract Tower,0,40,96,0,136,0,27,28,0,55,0,67,124,0,191,74,0,74,265
07/03/2004,FTY,GA,ASO,ES,Federal Contract Tower,0,9,36,0,45,0,0,69,0,69,0,9,105,0,114,44,0,44,158
07/04/2004,FTY,GA,ASO,ES,Federal Contract Tower,0,6,14,0,20,0,0,55,0,55,0,6,69,0,75,120,0,120,195
07/05/2004,FTY,GA,ASO,ES,Federal Contract Tower,0,10,41,0,51,0,0,94,0,94,0,10,135,0,145,88,0,88,233
07/06/2004,FTY,GA,ASO,ES,Federal Contract Tower,0,29,75,0,104,0,0,90,0,90,0,29,165,0,194,112,0,112,306
07/07/2004,FTY,GA,ASO,ES,Federal Contract Tower,0,46,106,0,152,0,19,94,0,113,0,65,200,0,265,208,0,208,473
07/08/2004,FTY,GA,ASO,ES,Federal Contract Tower,0,54,128,3,185,0,11,128,2,141,0,65,256,5,326,214,2,216,542
07/09/2004,FTY,GA,ASO,ES,Federal Contract Tower,0,47,111,0,158,0,10,97,0,107,0,57,208,0,265,118,0,118,383
07/10/2004,FTY,GA,ASO,ES,Federal Contract Tower,0,11,39,0,50,0,0,104,0,104,0,11,143,0,154,62,0,62,216
07/11/2004,FTY,GA,ASO,ES,Federal Contract Tower,0,9,62,0,71,0,0,78,0,78,0,9,140,0,149,100,0,100,249
07/12/2004,FTY,GA,ASO,ES,Federal Contract Tower,0,35,93,2,130,0,0,102,0,102,0,35,195,2,232,92,0,92,324
07/13/2004,FTY,GA,ASO,ES,Federal Contract Tower,0,51,119,3,173,0,16,93,1,110,0,67,212,4,283,102,0,102,385
07/14/2004,FTY,GA,ASO,ES,Federal Contract Tower,0,60,141,3,204,0,0,105,10,115,0,60,246,13,319,112,0,112,431
07/15/2004,FTY,GA,ASO,ES,Federal Contract Tower,0,61,143,3,207,0,0,107,16,123,0,61,250,19,330,160,0,160,490
07/16/2004,FTY,GA,ASO,ES,Federal Contract Tower,0,44,101,2,147,0,22,115,0,137,0,66,216,2,284,210,0,210,494
07/17/2004,FTY,GA,ASO,ES,Federal Contract Tower,0,7,36,0,43,0,0,38,0,38,0,7,74,0,81,122,0,122,203
07/18/2004,FTY,GA,ASO,ES,Federal Contract Tower,0,12,44,0,56,0,0,84,0,84,0,12,128,0,140,122,0,122,262
07/19/2004,FTY,GA,ASO,ES,Federal Contract Tower,0,28,95,0,123,0,0,106,0,106,0,28,201,0,229,104,0,104,333
07/20/2004,FTY,GA,ASO,ES,Federal Contract Tower,0,52,124,2,178,0,21,124,2,147,0,73,248,4,325,248,0,248,573
07/21/2004,FTY,GA,ASO,ES,Federal Contract Tower,0,56,133,2,191,0,13,156,6,175,0,69,289,8,366,276,10,286,652
07/22/2004,FTY,GA,ASO,ES,Federal Contract Tower,0,59,138,0,197,0,5,124,0,129,0,64,262,0,326,114,0,114,440
07/23/2004,FTY,GA,ASO,ES,Federal Contract Tower,0,46,108,1,155,0,17,83,2,102,0,63,191,3,257,90,0,90,347
07/24/2004,FTY,GA,ASO,ES,Federal Contract Tower,0,8,46,0,54,0,0,83,0,83,0,8,129,0,137,120,0,120,257
07/25/2004,FTY,GA,ASO,ES,Federal Contract Tower,0,9,73,0,82,0,0,59,0,59,0,9,132,0,141,156,0,156,297
07/26/2004,FTY,GA,ASO,ES,Federal Contract Tower,0,29,93,0,122,0,0,66,0,66,0,29,159,0,188,14,0,14,202
07/27/2004,FTY,GA,ASO,ES,Federal Contract Tower,0,57,134,2,193,0,23,17,3,43,0,80,151,5,236,8,0,8,244
07/28/2004,FTY,GA,ASO,ES,Federal Contract Tower,0,58,135,0,193,0,9,92,0,101,0,67,227,0,294,84,0,84,378
07/29/2004,FTY,GA,ASO,ES,Federal Contract Tower,0,56,133,0,189,0,17,87,0,104,0,73,220,0,293,208,0,208,501
07/30/2004,FTY,GA,ASO,ES,Federal Contract Tower,0,51,122,0,173,0,16,73,0,89,0,67,195,0,262,28,0,28,290
07/31/2004,FTY,GA,ASO,ES,Federal Contract Tower,0,6,46,0,52,0,0,93,0,93,0,6,139,0,145,192,0,192,337
08/01/2004,FTY,GA,ASO,ES,Federal Contract Tower,0,15,63,0,78,0,0,71,0,71,0,15,134,0,149,68,0,68,217
08/02/2004,FTY,GA,ASO,ES,Federal Contract Tower,0,27,96,1,124,0,0,124,0,124,0,27,220,1,248,100,0,100,348
08/03/2004,FTY,GA,ASO,ES,Federal Contract Tower,0,48,119,2,169,0,39,149,0,188,0,87,268,2,357,72,0,72,429
08/04/2004,FTY,GA,ASO,ES,Federal Contract Tower,0,54,135,2,191,0,25,92,1,118,0,79,227,3,309,120,0,120,429
08/05/2004,FTY,GA,ASO,ES,Federal Contract Tower,0,57,142,2,201,0,20,50,0,70,0,77,192,2,271,30,0,30,301
08/06/2004,FTY,GA,ASO,ES,Federal Contract Tower,0,47,118,0,165,0,15,150,0,165,0,62,268,0,330,120,0,120,450
08/07/2004,FTY,GA,ASO,ES,Federal Contract Tower,0,7,38,0,45,0,0,143,0,143,0,7,181,0,188,254,0,254,442
08/08/2004,FTY,GA,ASO,ES,Federal Contract Tower,0,10,60,0,70,0,0,82,0,82,0,10,142,0,152,74,0,74,226
08/09/2004,FTY,GA,ASO,ES,Federal Contract Tower,0,31,109,0,140,0,0,130,0,130,0,31,239,0,270,160,0,160,430
08/10/2004,FTY,GA,ASO,ES,Federal Contract Tower,0,55,137,2,194,0,33,36,3,72,0,88,173,5,266,112,0,112,378
08/11/2004,FTY,GA,ASO,ES,Federal Contract Tower,0,50,125,2,177,0,17,72,2,91,0,67,197,4,268,122,0,122,390
08/12/2004,FTY,GA,ASO,ES,Federal Contract Tower,0,48,119,2,169,0,17,32,2,51,0,65,151,4,220,182,12,194,414
08/13/2004,FTY,GA,ASO,ES,Federal Contract Tower,0,40,101,0,141,0,22,101,0,123,0,62,202,0,264,166,0,166,430
08/14/2004,FTY,GA,ASO,ES,Federal Contract Tower,0,3,31,0,34,0,0,89,0,89,0,3,120,0,123,122,0,122,245
08/15/2004,FTY,GA,ASO,ES,Federal Contract Tower,0,16,48,0,64,0,0,57,0,57,0,16,105,0,121,106,0,106,227
08/16/2004,FTY,GA,ASO,ES,Federal Contract Tower,0,29,118,0,147,0,0,128,0,128,0,29,246,0,275,186,0,186,461
08/17/2004,FTY,GA,ASO,ES,Federal Contract Tower,0,50,125,2,177,0,17,86,0,103,0,67,211,2,280,132,0,132,412
08/18/2004,FTY,GA,ASO,ES,Federal Contract Tower,0,53,131,0,184,0,11,105,0,116,0,64,236,0,300,206,0,206,506
08/19/2004,FTY,GA,ASO,ES,Federal Contract Tower,0,48,120,1,169,0,10,96,3,109,0,58,216,4,278,82,0,82,360
08/20/2004,FTY,GA,ASO,ES,Federal Contract Tower,0,53,134,0,187,0,4,65,0,69,0,57,199,0,256,72,0,72,328
08/21/2004,FTY,GA,ASO,ES,Federal Contract Tower,0,8,47,0,55,0,0,43,0,43,0,8,90,0,98,14,0,14,112
08/22/2004,FTY,GA,ASO,ES,Federal Contract Tower,0,13,54,0,67,0,0,65,0,65,0,13,119,0,132,192,0,192,324
08/23/2004,FTY,GA,ASO,ES,Federal Contract Tower,0,26,99,1,126,0,0,62,1,63,0,26,161,2,189,94,0,94,283
08/24/2004,FTY,GA,ASO,ES,Federal Contract Tower,0,55,139,1,195,0,20,59,1,80,0,75,198,2,275,192,0,192,467
08/25/2004,FTY,GA,ASO,ES,Federal Contract Tower,0,56,139,0,195,0,15,12,0,27,0,71,151,0,222,50,0,50,272
08/26/2004,FTY,GA,ASO,ES,Federal Contract Tower,0,63,157,1,221,0,10,93,9,112,0,73,250,10,333,102,0,102,435
08/27/2004,FTY,GA,ASO,ES,Federal Contract Tower,0,49,122,1,172,0,12,140,0,152,0,61,262,1,324,208,0,208,532
08/28/2004,FTY,GA,ASO,ES,Federal Contract Tower,0,12,51,0,63,0,0,154,1,155,0,12,205,1,218,266,0,266,484
08/29/2004,FTY,GA,ASO,ES,Federal Contract Tower,0,11,64,0,75,0,0,94,2,96,0,11,158,2,171,218,0,218,389
08/30/2004,FTY,GA,ASO,ES,Federal Contract Tower,0,26,90,0,116,0,0,116,0,116,0,26,206,0,232,168,0,168,400
08/31/2004,FTY,GA,ASO,ES,Federal Contract Tower,0,54,136,1,191,0,14,64,1,79,0,68,200,2,270,58,0,58,328
09/01/2004,FTY,GA,ASO,ES,Federal Contract Tower,0,53,132,2,187,0,9,49,0,58,0,62,181,2,245,118,14,132,377
09/02/2004,FTY,GA,ASO,ES,Federal Contract Tower,0,70,183,4,257,0,0,36,1,37,0,70,219,5,294,96,0,96,390
09/03/2004,FTY,GA,ASO,ES,Federal Contract Tower,0,54,135,1,190,0,12,92,0,104,0,66,227,1,294,142,0,142,436
09/04/2004,FTY,GA,ASO,ES,Federal Contract Tower,0,6,39,1,46,0,0,99,1,100,0,6,138,2,146,202,0,202,348
09/05/2004,FTY,GA,ASO,ES,Federal Contract Tower,0,6,47,0,53,0,0,69,0,69,0,6,116,0,122,52,0,52,174
09/06/2004,FTY,GA,ASO,ES,Federal Contract Tower,0,11,40,0,51,0,0,12,0,12,0,11,52,0,63,20,0,20,83
09/07/2004,FTY,GA,ASO,ES,Federal Contract Tower,0,28,70,0,98,0,0,3,0,3,0,28,73,0,101,0,0,0,101
09/08/2004,FTY,GA,ASO,ES,Federal Contract Tower,0,58,151,4,213,0,0,24,2,26,0,58,175,6,239,4,0,4,243
09/09/2004,FTY,GA,ASO,ES,Federal Contract Tower,0,62,149,3,214,0,10,135,5,150,0,72,284,8,364,40,0,40,404
09/10/2004,FTY,GA,ASO,ES,Federal Contract Tower,0,57,137,3,197,0,10,147,9,166,0,67,284,12,363,140,0,140,503
09/11/2004,FTY,GA,ASO,ES,Federal Contract Tower,0,15,56,2,73,0,0,125,24,149,0,15,181,26,222,184,0,184,406
09/12/2004,FTY,GA,ASO,ES,Federal Contract Tower,0,14,65,2,81,0,0,118,2,120,0,14,183,4,201,146,0,146,347
09/13/2004,FTY,GA,ASO,ES,Federal Contract Tower,0,23,86,0,109,0,0,81,0,81,0,23,167,0,190,208,0,208,398
09/14/2004,FTY,GA,ASO,ES,Federal Contract Tower,0,60,146,3,209,0,8,96,1,105,0,68,242,4,314,220,0,220,534
09/15/2004,FTY,GA,ASO,ES,Federal Contract Tower,0,61,150,0,211,0,5,67,0,72,0,66,217,0,283,28,0,28,311
09/16/2004,FTY,GA,ASO,ES,Federal Contract Tower,0,22,39,0,61,0,24,0,0,24,0,46,39,0,85,2,0,2,87
09/17/2004,FTY,GA,ASO,ES,Federal Contract Tower,0,29,70,0,99,0,29,41,0,70,0,58,111,0,169,0,0,0,169
09/18/2004,FTY,GA,ASO,ES,Federal Contract Tower,0,2,38,0,40,0,0,106,0,106,0,2,144,0,146,46,0,46,192
09/19/2004,FTY,GA,ASO,ES,Federal Contract Tower,0,10,69,0,79,0,0,148,0,148,0,10,217,0,227,112,0,112,339
09/20/2004,FTY,GA,ASO,ES,Federal Contract Tower,0,31,126,2,159,0,0,111,2,113,0,31,237,4,272,102,0,102,374
09/21/2004,FTY,GA,ASO,ES,Federal Contract Tower,0,59,145,1,205,0,12,115,0,127,0,71,260,1,332,144,0,144,476
09/22/2004,FTY,GA,ASO,ES,Federal Contract Tower,0,58,143,2,203,0,10,121,5,136,0,68,264,7,339,76,0,76,415
09/23/2004,FTY,GA,ASO,ES,Federal Contract Tower,0,57,140,2,199,0,25,106,0,131,0,82,246,2,330,204,0,204,534
09/24/2004,FTY,GA,ASO,ES,Federal Contract Tower,0,55,134,2,191,0,0,149,0,149,0,55,283,2,340,176,0,176,516
09/25/2004,FTY,GA,ASO,ES,Federal Contract Tower,0,7,57,0,64,0,0,121,0,121,0,7,178,0,185,122,0,122,307
09/26/2004,FTY,GA,ASO,ES,Federal Contract Tower,0,18,67,1,86,0,0,110,2,112,0,18,177,3,198,142,0,142,340
09/27/2004,FTY,GA,ASO,ES,Federal Contract Tower,0,28,68,0,96,0,3,6,0,9,0,31,74,0,105,0,0,0,105
09/28/2004,FTY,GA,ASO,ES,Federal Contract Tower,0,56,137,2,195,0,17,54,5,76,0,73,191,7,271,136,0,136,407
09/29/2004,FTY,GA,ASO,ES,Federal Contract Tower,0,53,131,2,186,0,13,86,1,100,0,66,217,3,286,128,0,128,414
09/30/2004,FTY,GA,ASO,ES,Federal Contract Tower,0,59,143,0,202,0,19,101,0,120,0,78,244,0,322,272,0,272,594
10/01/2004,FTY,GA,ASO,ES,Federal Contract Tower,0,56,92,2,150,0,2,148,0,150,0,58,240,2,300,258,0,258,558
10/02/2004,FTY,GA,ASO,ES,Federal Contract Tower,0,9,57,0,66,0,1,52,0,53,0,10,109,0,119,82,0,82,201
10/03/2004,FTY,GA,ASO,ES,Federal Contract Tower,0,19,82,0,101,0,0,74,0,74,0,19,156,0,175,94,0,94,269
10/04/2004,FTY,GA,ASO,ES,Federal Contract Tower,0,31,97,2,130,0,6,77,0,83,0,37,174,2,213,104,0,104,317
10/05/2004,FTY,GA,ASO,ES,Federal Contract Tower,0,64,105,0,169,0,4,105,0,109,0,68,210,0,278,102,0,102,380
10/06/2004,FTY,GA,ASO,ES,Federal Contract Tower,0,60,147,3,210,0,2,93,0,95,0,62,240,3,305,112,0,112,417
10/07/2004,FTY,GA,ASO,ES,Federal Contract Tower,0,70,140,0,210,0,0,94,1,95,0,70,234,1,305,176,0,176,481
10/08/2004,FTY,GA,ASO,ES,Federal Contract Tower,0,64,109,1,174,0,7,87,0,94,0,71,196,1,268,224,0,224,492
10/09/2004,FTY,GA,ASO,ES,Federal Contract Tower,0,5,84,2,91,0,1,25,0,26,0,6,109,2,117,128,0,128,245
10/10/2004,FTY,GA,ASO,ES,Federal Contract Tower,0,13,85,0,98,0,2,46,0,48,0,15,131,0,146,194,0,194,340
10/11/2004,FTY,GA,ASO,ES,Federal Contract Tower,0,16,123,0,139,0,0,100,0,100,0,16,223,0,239,188,0,188,427
10/12/2004,FTY,GA,ASO,ES,Federal Contract Tower,0,16,138,0,154,0,1,61,0,62,0,17,199,0,216,108,0,108,324
10/13/2004,FTY,GA,ASO,ES,Federal Contract Tower,0,39,150,0,189,0,0,85,0,85,0,39,235,0,274,108,0,108,382
10/14/2004,FTY,GA,ASO,ES,Federal Contract Tower,0,73,146,0,219,0,3,80,0,83,0,76,226,0,302,168,0,168,470
10/15/2004,FTY,GA,ASO,ES,Federal Contract Tower,0,55,126,0,181,0,7,102,0,109,0,62,228,0,290,38,0,38,328
10/16/2004,FTY,GA,ASO,ES,Federal Contract Tower,0,15,49,0,64,0,4,105,0,109,0,19,154,0,173,130,0,130,303
10/17/2004,FTY,GA,ASO,ES,Federal Contract Tower,0,13,65,2,80,0,2,123,0,125,0,15,188,2,205,184,0,184,389
10/18/2004,FTY,GA,ASO,ES,Federal Contract Tower,0,29,117,0,146,0,1,80,0,81,0,30,197,0,227,40,0,40,267
10/19/2004,FTY,GA,ASO,ES,Federal Contract Tower,0,77,86,0,163,0,1,27,0,28,0,78,113,0,191,0,0,0,191
10/20/2004,FTY,GA,ASO,ES,Federal Contract Tower,0,38,156,0,194,0,3,42,0,45,0,41,198,0,239,86,0,86,325
10/21/2004,FTY,GA,ASO,ES,Federal Contract Tower,0,38,153,0,191,0,0,69,0,69,0,38,222,0,260,90,0,90,350
10/22/2004,FTY,GA,ASO,ES,Federal Contract Tower,0,68,124,1,193,0,0,71,0,71,0,68,195,1,264,248,0,248,512
10/23/2004,FTY,GA,ASO,ES,Federal Contract Tower,0,9,77,0,86,0,0,45,0,45,0,9,122,0,131,118,0,118,249
10/24/2004,FTY,GA,ASO,ES,Federal Contract Tower,0,14,81,0,95,0,0,40,1,41,0,14,121,1,136,38,0,38,174
10/25/2004,FTY,GA,ASO,ES,Federal Contract Tower,0,18,107,2,127,0,4,104,0,108,0,22,211,2,235,168,0,168,403
10/26/2004,FTY,GA,ASO,ES,Federal Contract Tower,0,64,122,1,187,0,6,145,0,151,0,70,267,1,338,178,2,180,518
10/27/2004,FTY,GA,ASO,ES,Federal Contract Tower,0,68,141,2,211,0,4,127,0,131,0,72,268,2,342,98,0,98,440
10/28/2004,FTY,GA,ASO,ES,Federal Contract Tower,0,69,152,11,232,0,0,23,0,23,0,69,175,11,255,46,0,46,301
10/29/2004,FTY,GA,ASO,ES,Federal Contract Tower,0,61,145,0,206,0,0,41,1,42,0,61,186,1,248,102,0,102,350
10/30/2004,FTY,GA,ASO,ES,Federal Contract Tower,0,8,80,0,88,0,0,68,1,69,0,8,148,1,157,72,0,72,229
10/31/2004,FTY,GA,ASO,ES,Federal Contract Tower,0,9,79,9,97,0,0,94,3,97,0,9,173,12,194,176,0,176,370
11/01/2004,FTY,GA,ASO,ES,Federal Contract Tower,0,25,95,4,124,0,3,108,0,111,0,28,203,4,235,148,0,148,383
11/02/2004,FTY,GA,ASO,ES,Federal Contract Tower,0,68,107,2,177,0,0,41,1,42,0,68,148,3,219,28,0,28,247
11/03/2004,FTY,GA,ASO,ES,Federal Contract Tower,0,69,137,0,206,0,1,33,0,34,0,70,170,0,240,94,0,94,334
11/04/2004,FTY,GA,ASO,ES,Federal Contract Tower,0,62,156,0,218,0,0,76,0,76,0,62,232,0,294,54,0,54,348
11/05/2004,FTY,GA,ASO,ES,Federal Contract Tower,0,57,124,2,183,0,6,125,0,131,0,63,249,2,314,132,0,132,446
11/06/2004,FTY,GA,ASO,ES,Federal Contract Tower,0,6,68,6,80,0,2,104,0,106,0,8,172,6,186,170,0,170,356
11/07/2004,FTY,GA,ASO,ES,Federal Contract Tower,0,16,88,3,107,0,0,94,0,94,0,16,182,3,201,190,0,190,391
11/08/2004,FTY,GA,ASO,ES,Federal Contract Tower,0,33,119,4,156,0,0,103,0,103,0,33,222,4,259,108,0,108,367
11/09/2004,FTY,GA,ASO,ES,Federal Contract Tower,0,74,130,9,213,0,6,169,4,179,0,80,299,13,392,102,0,102,494
11/10/2004,FTY,GA,ASO,ES,Federal Contract Tower,0,67,152,4,223,0,3,133,0,136,0,70,285,4,359,202,0,202,561
11/11/2004,FTY,GA,ASO,ES,Federal Contract Tower,0,46,144,0,190,0,0,23,0,23,0,46,167,0,213,0,0,0,213
11/12/2004,FTY,GA,ASO,ES,Federal Contract Tower,0,22,137,5,164,0,0,16,0,16,0,22,153,5,180,24,0,24,204
11/13/2004,FTY,GA,ASO,ES,Federal Contract Tower,0,22,68,0,90,0,0,42,0,42,0,22,110,0,132,42,0,42,174
11/14/2004,FTY,GA,ASO,ES,Federal Contract Tower,0,27,88,6,121,0,2,101,0,103,0,29,189,6,224,90,0,90,314
11/15/2004,FTY,GA,ASO,ES,Federal Contract Tower,0,32,126,3,161,0,1,150,0,151,0,33,276,3,312,98,0,98,410
11/16/2004,FTY,GA,ASO,ES,Federal Contract Tower,0,57,129,0,186,0,1,165,0,166,0,58,294,0,352,148,0,148,500
11/17/2004,FTY,GA,ASO,ES,Federal Contract Tower,0,60,155,8,223,0,5,140,2,147,0,65,295,10,370,86,0,86,456
11/18/2004,FTY,GA,ASO,ES,Federal Contract Tower,0,63,140,3,206,0,2,157,0,159,0,65,297,3,365,164,0,164,529
11/19/2004,FTY,GA,ASO,ES,Federal Contract Tower,0,56,126,4,186,0,4,78,2,84,0,60,204,6,270,48,0,48,318
11/20/2004,FTY,GA,ASO,ES,Federal Contract Tower,0,5,75,0,80,0,0,24,0,24,0,5,99,0,104,76,0,76,180
11/21/2004,FTY,GA,ASO,ES,Federal Contract Tower,0,16,64,1,81,0,0,2,0,2,0,16,66,1,83,0,0,0,83
11/22/2004,FTY,GA,ASO,ES,Federal Contract Tower,0,32,81,0,113,0,0,0,0,0,0,32,81,0,113,0,0,0,113
11/23/2004,FTY,GA,ASO,ES,Federal Contract Tower,0,61,100,0,161,0,0,0,0,0,0,61,100,0,161,0,0,0,161
11/24/2004,FTY,GA,ASO,ES,Federal Contract Tower,0,65,72,0,137,0,0,53,0,53,0,65,125,0,190,6,0,6,196
11/25/2004,FTY,GA,ASO,ES,Federal Contract Tower,0,25,25,0,50,0,0,20,0,20,0,25,45,0,70,10,0,10,80
11/26/2004,FTY,GA,ASO,ES,Federal Contract Tower,0,14,47,0,61,0,7,115,0,122,0,21,162,0,183,42,0,42,225
11/27/2004,FTY,GA,ASO,ES,Federal Contract Tower,0,6,54,0,60,0,0,26,0,26,0,6,80,0,86,24,0,24,110
11/28/2004,FTY,GA,ASO,ES,Federal Contract Tower,0,9,96,0,105,0,8,65,0,73,0,17,161,0,178,86,0,86,264
11/29/2004,FTY,GA,ASO,ES,Federal Contract Tower,0,21,96,0,117,0,5,121,0,126,0,26,217,0,243,158,0,158,401
11/30/2004,FTY,GA,ASO,ES,Federal Contract Tower,0,73,151,1,225,0,1,25,0,26,0,74,176,1,251,8,0,8,259
12/01/2004,FTY,GA,ASO,ES,Federal Contract Tower,0,58,102,2,162,0,4,92,0,96,0,62,194,2,258,146,0,146,404
12/02/2004,FTY,GA,ASO,ES,Federal Contract Tower,0,57,144,3,204,0,3,106,0,109,0,60,250,3,313,74,0,74,387
12/03/2004,FTY,GA,ASO,ES,Federal Contract Tower,0,57,143,8,208,0,8,168,0,176,0,65,311,8,384,218,0,218,602
12/04/2004,FTY,GA,ASO,ES,Federal Contract Tower,0,12,102,2,116,0,2,149,0,151,0,14,251,2,267,160,0,160,427
12/05/2004,FTY,GA,ASO,ES,Federal Contract Tower,0,14,74,2,90,0,0,76,0,76,0,14,150,2,166,72,0,72,238
12/06/2004,FTY,GA,ASO,ES,Federal Contract Tower,0,12,114,6,132,0,0,4,0,4,0,12,118,6,136,0,0,0,136
12/07/2004,FTY,GA,ASO,ES,Federal Contract Tower,0,76,124,4,204,0,1,59,0,60,0,77,183,4,264,66,0,66,330
12/08/2004,FTY,GA,ASO,ES,Federal Contract Tower,0,72,91,4,167,0,6,169,0,175,0,78,260,4,342,226,0,226,568
12/09/2004,FTY,GA,ASO,ES,Federal Contract Tower,0,80,114,1,195,0,0,9,0,9,0,80,123,1,204,4,0,4,208
12/10/2004,FTY,GA,ASO,ES,Federal Contract Tower,0,59,116,0,175,0,0,99,0,99,0,59,215,0,274,80,0,80,354
12/11/2004,FTY,GA,ASO,ES,Federal Contract Tower,0,7,43,0,50,0,0,69,0,69,0,7,112,0,119,110,0,110,229
12/12/2004,FTY,GA,ASO,ES,Federal Contract Tower,0,6,45,0,51,0,6,78,0,84,0,12,123,0,135,220,0,220,355
12/13/2004,FTY,GA,ASO,ES,Federal Contract Tower,0,22,104,4,130,0,0,93,0,93,0,22,197,4,223,106,0,106,329
12/14/2004,FTY,GA,ASO,ES,Federal Contract Tower,0,61,128,2,191,0,5,94,0,99,0,66,222,2,290,58,0,58,348
12/15/2004,FTY,GA,ASO,ES,Federal Contract Tower,0,54,143,2,199,0,2,162,0,164,0,56,305,2,363,56,0,56,419
12/16/2004,FTY,GA,ASO,ES,Federal Contract Tower,0,57,142,6,205,0,4,136,0,140,0,61,278,6,345,158,0,158,503
12/17/2004,FTY,GA,ASO,ES,Federal Contract Tower,0,49,99,3,151,0,0,127,0,127,0,49,226,3,278,168,0,168,446
12/18/2004,FTY,GA,ASO,ES,Federal Contract Tower,0,5,47,2,54,0,0,116,0,116,0,5,163,2,170,144,0,144,314
12/19/2004,FTY,GA,ASO,ES,Federal Contract Tower,0,10,43,0,53,0,7,14,0,21,0,17,57,0,74,2,0,2,76
12/20/2004,FTY,GA,ASO,ES,Federal Contract Tower,0,24,76,0,100,0,8,117,0,125,0,32,193,0,225,106,0,106,331
12/21/2004,FTY,GA,ASO,ES,Federal Contract Tower,0,61,76,4,141,0,3,106,0,109,0,64,182,4,250,218,0,218,468
12/22/2004,FTY,GA,ASO,ES,Federal Contract Tower,0,54,94,0,148,0,0,44,0,44,0,54,138,0,192,86,0,86,278
12/23/2004,FTY,GA,ASO,ES,Federal Contract Tower,0,63,59,0,122,0,2,27,0,29,0,65,86,0,151,34,0,34,185
12/24/2004,FTY,GA,ASO,ES,Federal Contract Tower,0,41,29,0,70,0,7,44,0,51,0,48,73,0,121,50,0,50,171
12/25/2004,FTY,GA,ASO,ES,Federal Contract Tower,0,4,12,0,16,0,4,14,0,18,0,8,26,0,34,28,0,28,62
12/26/2004,FTY,GA,ASO,ES,Federal Contract Tower,0,13,45,0,58,0,4,41,0,45,0,17,86,0,103,66,0,66,169
12/27/2004,FTY,GA,ASO,ES,Federal Contract Tower,0,23,48,0,71,0,4,109,0,113,0,27,157,0,184,172,0,172,356
12/28/2004,FTY,GA,ASO,ES,Federal Contract Tower,0,53,49,1,103,0,5,120,0,125,0,58,169,1,228,118,0,118,346
12/29/2004,FTY,GA,ASO,ES,Federal Contract Tower,0,58,31,1,90,0,4,115,0,119,0,62,146,1,209,92,0,92,301
12/30/2004,FTY,GA,ASO,ES,Federal Contract Tower,0,55,61,1,117,0,2,99,0,101,0,57,160,1,218,50,0,50,268
12/31/2004,FTY,GA,ASO,ES,Federal Contract Tower,0,53,44,3,100,0,2,99,0,101,0,55,143,3,201,158,0,158,359
01/01/2005,FTY,GA,ASO,ES,Federal Contract Tower,0,8,21,4,33,0,0,20,0,20,0,8,41,4,53,8,0,8,61
01/02/2005,FTY,GA,ASO,ES,Federal Contract Tower,0,8,76,0,84,0,0,62,0,62,0,8,138,0,146,120,0,120,266
01/03/2005,FTY,GA,ASO,ES,Federal Contract Tower,0,11,80,0,91,0,5,84,0,89,0,16,164,0,180,186,0,186,366
01/04/2005,FTY,GA,ASO,ES,Federal Contract Tower,0,16,68,0,84,0,12,108,0,120,0,28,176,0,204,184,0,184,388
01/05/2005,FTY,GA,ASO,ES,Federal Contract Tower,0,16,92,1,109,0,1,120,0,121,0,17,212,1,230,148,0,148,378
01/06/2005,FTY,GA,ASO,ES,Federal Contract Tower,0,19,119,0,138,0,0,20,0,20,0,19,139,0,158,0,0,0,158
01/07/2005,FTY,GA,ASO,ES,Federal Contract Tower,0,16,91,7,114,0,1,107,0,108,0,17,198,7,222,274,0,274,496
01/08/2005,FTY,GA,ASO,ES,Federal Contract Tower,0,8,40,2,50,0,0,19,0,19,0,8,59,2,69,92,0,92,161
01/09/2005,FTY,GA,ASO,ES,Federal Contract Tower,0,11,54,3,68,0,0,71,2,73,0,11,125,5,141,138,0,138,279
01/10/2005,FTY,GA,ASO,ES,Federal Contract Tower,0,15,85,0,100,0,6,76,2,84,0,21,161,2,184,82,0,82,266
01/11/2005,FTY,GA,ASO,ES,Federal Contract Tower,0,26,103,2,131,0,6,57,0,63,0,32,160,2,194,66,0,66,260
01/12/2005,FTY,GA,ASO,ES,Federal Contract Tower,0,28,142,1,171,0,8,83,0,91,0,36,225,1,262,80,0,80,342
01/13/2005,FTY,GA,ASO,ES,Federal Contract Tower,0,34,90,2,126,0,0,28,0,28,0,34,118,2,154,8,0,8,162
01/14/2005,FTY,GA,ASO,ES,Federal Contract Tower,0,22,96,2,120,0,0,94,0,94,0,22,190,2,214,52,0,52,266
01/15/2005,FTY,GA,ASO,ES,Federal Contract Tower,0,4,55,4,63,0,0,93,0,93,0,4,148,4,156,154,0,154,310
01/16/2005,FTY,GA,ASO,ES,Federal Contract Tower,0,11,52,4,67,0,0,73,0,73,0,11,125,4,140,146,0,146,286
01/17/2005,FTY,GA,ASO,ES,Federal Contract Tower,0,13,95,1,109,0,4,129,0,133,0,17,224,1,242,134,0,134,376
01/18/2005,FTY,GA,ASO,ES,Federal Contract Tower,0,16,155,1,172,0,1,126,2,129,0,17,281,3,301,120,0,120,421
01/19/2005,FTY,GA,ASO,ES,Federal Contract Tower,0,16,137,3,156,0,0,119,0,119,0,16,256,3,275,130,0,130,405
01/20/2005,FTY,GA,ASO,ES,Federal Contract Tower,0,22,119,2,143,0,7,134,0,141,0,29,253,2,284,114,0,114,398
01/21/2005,FTY,GA,ASO,ES,Federal Contract Tower,0,18,102,1,121,0,2,134,0,136,0,20,236,1,257,234,0,234,491
01/22/2005,FTY,GA,ASO,ES,Federal Contract Tower,0,7,44,0,51,0,0,2,0,2,0,7,46,0,53,0,0,0,53
01/23/2005,FTY,GA,ASO,ES,Federal Contract Tower,0,6,58,1,65,0,0,32,0,32,0,6,90,1,97,42,0,42,139
01/24/2005,FTY,GA,ASO,ES,Federal Contract Tower,0,20,102,1,123,0,1,122,1,124,0,21,224,2,247,150,0,150,397
01/25/2005,FTY,GA,ASO,ES,Federal Contract Tower,0,20,114,0,134,0,1,130,3,134,0,21,244,3,268,124,0,124,392
01/26/2005,FTY,GA,ASO,ES,Federal Contract Tower,0,22,120,4,146,0,4,96,0,100,0,26,216,4,246,148,0,148,394
01/27/2005,FTY,GA,ASO,ES,Federal Contract Tower,0,20,138,4,162,0,2,140,0,142,0,22,278,4,304,288,0,288,592
01/28/2005,FTY,GA,ASO,ES,Federal Contract Tower,0,20,110,0,130,0,0,56,2,58,0,20,166,2,188,36,6,42,230
01/29/2005,FTY,GA,ASO,ES,Federal Contract Tower,0,0,0,0,0,0,0,0,0,0,0,0,0,0,0,0,0,0,0
01/30/2005,FTY,GA,ASO,ES,Federal Contract Tower,0,16,43,0,59,0,0,18,0,18,0,16,61,0,77,0,0,0,77
01/31/2005,FTY,GA,ASO,ES,Federal Contract Tower,0,17,128,0,145,0,2,36,0,38,0,19,164,0,183,10,0,10,193
02/01/2005,FTY,GA,ASO,ES,Federal Contract Tower,0,16,89,0,105,0,1,107,2,110,0,17,196,2,215,148,28,176,391
02/02/2005,FTY,GA,ASO,ES,Federal Contract Tower,0,23,107,4,134,0,0,18,0,18,0,23,125,4,152,0,0,0,152
02/03/2005,FTY,GA,ASO,ES,Federal Contract Tower,0,16,143,0,159,0,0,22,0,22,0,16,165,0,181,38,0,38,219
02/04/2005,FTY,GA,ASO,ES,Federal Contract Tower,0,15,90,3,108,0,7,136,0,143,0,22,226,3,251,186,0,186,437
02/05/2005,FTY,GA,ASO,ES,Federal Contract Tower,0,7,52,3,62,0,8,102,0,110,0,15,154,3,172,198,0,198,370
02/06/2005,FTY,GA,ASO,ES,Federal Contract Tower,0,8,41,0,49,0,0,114,0,114,0,8,155,0,163,186,0,186,349
02/07/2005,FTY,GA,ASO,ES,Federal Contract Tower,0,28,108,0,136,0,4,122,0,126,0,32,230,0,262,176,0,176,438
02/08/2005,FTY,GA,ASO,ES,Federal Contract Tower,0,27,122,0,149,0,0,38,0,38,0,27,160,0,187,24,0,24,211
02/09/2005,FTY,GA,ASO,ES,Federal Contract Tower,0,30,112,11,153,0,0,1,0,1,0,30,113,11,154,4,0,4,158
02/10/2005,FTY,GA,ASO,ES,Federal Contract Tower,0,30,103,0,133,0,2,90,0,92,0,32,193,0,225,32,0,32,257
02/11/2005,FTY,GA,ASO,ES,Federal Contract Tower,0,23,88,0,111,0,2,160,0,162,0,25,248,0,273,76,0,76,349
02/12/2005,FTY,GA,ASO,ES,Federal Contract Tower,0,9,37,2,48,0,0,88,1,89,0,9,125,3,137,368,0,368,505
02/13/2005,FTY,GA,ASO,ES,Federal Contract Tower,0,5,57,1,63,0,1,48,0,49,0,6,105,1,112,110,0,110,222
02/14/2005,FTY,GA,ASO,ES,Federal Contract Tower,0,28,95,0,123,0,2,8,0,10,0,30,103,0,133,0,0,0,133
02/15/2005,FTY,GA,ASO,ES,Federal Contract Tower,0,25,135,0,160,0,0,46,0,46,0,25,181,0,206,112,0,112,318
02/16/2005,FTY,GA,ASO,ES,Federal Contract Tower,0,32,131,1,164,0,6,76,0,82,0,38,207,1,246,94,0,94,340
02/17/2005,FTY,GA,ASO,ES,Federal Contract Tower,0,19,135,6,160,0,6,132,2,140,0,25,267,8,300,80,0,80,380
02/18/2005,FTY,GA,ASO,ES,Federal Contract Tower,0,20,122,3,145,0,0,146,0,146,0,20,268,3,291,118,0,118,409
02/19/2005,FTY,GA,ASO,ES,Federal Contract Tower,0,11,54,2,67,0,0,111,0,111,0,11,165,2,178,286,0,286,464
02/20/2005,FTY,GA,ASO,ES,Federal Contract Tower,0,7,65,1,73,0,0,39,0,39,0,7,104,1,112,128,0,128,240
02/21/2005,FTY,GA,ASO,ES,Federal Contract Tower,0,19,118,0,137,0,0,21,0,21,0,19,139,0,158,4,0,4,162
02/22/2005,FTY,GA,ASO,ES,Federal Contract Tower,0,21,138,5,164,0,0,107,0,107,0,21,245,5,271,104,0,104,375
02/23/2005,FTY,GA,ASO,ES,Federal Contract Tower,0,26,117,2,145,0,2,129,0,131,0,28,246,2,276,190,0,190,466
02/24/2005,FTY,GA,ASO,ES,Federal Contract Tower,0,30,129,2,161,0,0,49,0,49,0,30,178,2,210,72,0,72,282
02/25/2005,FTY,GA,ASO,ES,Federal Contract Tower,0,26,118,0,144,0,0,118,0,118,0,26,236,0,262,210,0,210,472
02/26/2005,FTY,GA,ASO,ES,Federal Contract Tower,0,6,62,0,68,0,0,146,0,146,0,6,208,0,214,192,0,192,406
02/27/2005,FTY,GA,ASO,ES,Federal Contract Tower,0,3,57,1,61,0,0,26,1,27,0,3,83,2,88,18,0,18,106
02/28/2005,FTY,GA,ASO,ES,Federal Contract Tower,0,32,110,2,144,0,4,18,0,22,0,36,128,2,166,0,0,0,166
03/01/2005,FTY,GA,ASO,ES,Federal Contract Tower,0,26,93,2,121,0,0,43,0,43,0,26,136,2,164,18,0,18,182
03/02/2005,FTY,GA,ASO,ES,Federal Contract Tower,0,18,124,4,146,0,0,148,0,148,0,18,272,4,294,138,0,138,432
03/03/2005,FTY,GA,ASO,ES,Federal Contract Tower,0,18,105,0,123,0,1,147,0,148,0,19,252,0,271,156,0,156,427
03/04/2005,FTY,GA,ASO,ES,Federal Contract Tower,0,18,104,6,128,0,0,155,0,155,0,18,259,6,283,82,0,82,365
03/05/2005,FTY,GA,ASO,ES,Federal Contract Tower,0,5,30,1,36,0,0,76,6,82,0,5,106,7,118,78,0,78,196
03/06/2005,FTY,GA,ASO,ES,Federal Contract Tower,0,10,56,3,69,0,0,111,0,111,0,10,167,3,180,222,0,222,402
03/07/2005,FTY,GA,ASO,ES,Federal Contract Tower,0,23,84,0,107,0,0,100,0,100,0,23,184,0,207,148,0,148,355
03/08/2005,FTY,GA,ASO,ES,Federal Contract Tower,0,20,110,0,130,0,3,60,0,63,0,23,170,0,193,26,0,26,219
03/09/2005,FTY,GA,ASO,ES,Federal Contract Tower,0,25,102,0,127,0,3,94,0,97,0,28,196,0,224,202,0,202,426
03/10/2005,FTY,GA,ASO,ES,Federal Contract Tower,0,20,118,3,141,0,1,94,0,95,0,21,212,3,236,168,0,168,404
03/11/2005,FTY,GA,ASO,ES,Federal Contract Tower,0,25,110,1,136,0,0,74,1,75,0,25,184,2,211,12,0,12,223
03/12/2005,FTY,GA,ASO,ES,Federal Contract Tower,0,7,67,0,74,0,3,55,2,60,0,10,122,2,134,34,0,34,168
03/13/2005,FTY,GA,ASO,ES,Federal Contract Tower,0,17,71,1,89,0,0,60,0,60,0,17,131,1,149,104,0,104,253
03/14/2005,FTY,GA,ASO,ES,Federal Contract Tower,0,28,92,5,125,0,0,64,3,67,0,28,156,8,192,124,0,124,316
03/15/2005,FTY,GA,ASO,ES,Federal Contract Tower,0,26,147,0,173,0,0,130,0,130,0,26,277,0,303,220,0,220,523
03/16/2005,FTY,GA,ASO,ES,Federal Contract Tower,0,56,157,1,214,0,0,0,0,0,0,56,157,1,214,0,0,0,214
03/17/2005,FTY,GA,ASO,ES,Federal Contract Tower,0,25,115,4,144,0,0,20,0,20,0,25,135,4,164,98,0,98,262
03/18/2005,FTY,GA,ASO,ES,Federal Contract Tower,0,14,122,9,145,0,1,190,0,191,0,15,312,9,336,232,0,232,568
03/19/2005,FTY,GA,ASO,ES,Federal Contract Tower,0,7,38,6,51,0,2,107,0,109,0,9,145,6,160,414,0,414,574
03/20/2005,FTY,GA,ASO,ES,Federal Contract Tower,0,4,71,5,80,0,0,105,0,105,0,4,176,5,185,194,0,194,379
03/21/2005,FTY,GA,ASO,ES,Federal Contract Tower,0,17,98,0,115,0,0,95,0,95,0,17,193,0,210,264,0,264,474
03/22/2005,FTY,GA,ASO,ES,Federal Contract Tower,0,28,82,0,110,0,0,30,0,30,0,28,112,0,140,76,0,76,216
03/23/2005,FTY,GA,ASO,ES,Federal Contract Tower,0,22,124,8,154,0,10,71,0,81,0,32,195,8,235,122,0,122,357
03/24/2005,FTY,GA,ASO,ES,Federal Contract Tower,0,10,145,2,157,0,0,137,0,137,0,10,282,2,294,208,0,208,502
03/25/2005,FTY,GA,ASO,ES,Federal Contract Tower,0,15,80,0,95,0,9,145,0,154,0,24,225,0,249,282,0,282,531
03/26/2005,FTY,GA,ASO,ES,Federal Contract Tower,0,2,31,2,35,0,0,95,0,95,0,2,126,2,130,180,0,180,310
03/27/2005,FTY,GA,ASO,ES,Federal Contract Tower,0,11,16,0,27,0,0,0,0,0,0,11,16,0,27,0,0,0,27
03/28/2005,FTY,GA,ASO,ES,Federal Contract Tower,0,28,120,0,148,0,0,24,0,24,0,28,144,0,172,2,0,2,174
03/29/2005,FTY,GA,ASO,ES,Federal Contract Tower,0,18,114,2,134,0,0,112,0,112,0,18,226,2,246,172,0,172,418
03/30/2005,FTY,GA,ASO,ES,Federal Contract Tower,0,20,130,2,152,0,2,133,0,135,0,22,263,2,287,184,0,184,471
03/31/2005,FTY,GA,ASO,ES,Federal Contract Tower,0,23,108,0,131,0,0,31,0,31,0,23,139,0,162,38,0,38,200
04/01/2005,FTY,GA,ASO,ES,Federal Contract Tower,0,14,54,3,71,0,2,30,0,32,0,16,84,3,103,24,0,24,127
04/02/2005,FTY,GA,ASO,ES,Federal Contract Tower,0,6,44,5,55,0,0,28,0,28,0,6,72,5,83,6,0,6,89
04/03/2005,FTY,GA,ASO,ES,Federal Contract Tower,0,14,61,3,78,0,0,71,0,71,0,14,132,3,149,52,0,52,201
04/04/2005,FTY,GA,ASO,ES,Federal Contract Tower,0,10,110,3,123,0,6,129,0,135,0,16,239,3,258,272,0,272,530
04/05/2005,FTY,GA,ASO,ES,Federal Contract Tower,0,19,103,2,124,0,4,135,0,139,0,23,238,2,263,222,0,222,485
04/06/2005,FTY,GA,ASO,ES,Federal Contract Tower,0,16,96,0,112,0,2,95,0,97,0,18,191,0,209,100,0,100,309
04/07/2005,FTY,GA,ASO,ES,Federal Contract Tower,0,17,98,2,117,0,0,21,2,23,0,17,119,4,140,32,0,32,172
04/08/2005,FTY,GA,ASO,ES,Federal Contract Tower,0,21,95,0,116,0,5,75,0,80,0,26,170,0,196,198,0,198,394
04/09/2005,FTY,GA,ASO,ES,Federal Contract Tower,0,9,74,2,85,0,2,87,0,89,0,11,161,2,174,218,0,218,392
04/10/2005,FTY,GA,ASO,ES,Federal Contract Tower,0,10,63,0,73,0,0,109,0,109,0,10,172,0,182,162,0,162,344
04/11/2005,FTY,GA,ASO,ES,Federal Contract Tower,0,18,100,0,118,0,0,138,0,138,0,18,238,0,256,236,0,236,492
04/12/2005,FTY,GA,ASO,ES,Federal Contract Tower,0,26,95,4,125,0,0,87,0,87,0,26,182,4,212,44,0,44,256
04/13/2005,FTY,GA,ASO,ES,Federal Contract Tower,0,36,121,0,157,0,0,119,0,119,0,36,240,0,276,102,0,102,378
04/14/2005,FTY,GA,ASO,ES,Federal Contract Tower,0,25,158,4,187,0,2,116,0,118,0,27,274,4,305,156,0,156,461
04/15/2005,FTY,GA,ASO,ES,Federal Contract Tower,0,14,116,3,133,0,4,158,0,162,0,18,274,3,295,104,0,104,399
04/16/2005,FTY,GA,ASO,ES,Federal Contract Tower,0,4,42,0,46,0,2,151,0,153,0,6,193,0,199,216,0,216,415
04/17/2005,FTY,GA,ASO,ES,Federal Contract Tower,0,22,54,1,77,0,1,96,0,97,0,23,150,1,174,202,0,202,376
04/18/2005,FTY,GA,ASO,ES,Federal Contract Tower,0,21,111,4,136,0,0,118,0,118,0,21,229,4,254,128,0,128,382
04/19/2005,FTY,GA,ASO,ES,Federal Contract Tower,0,26,107,0,133,0,2,98,0,100,0,28,205,0,233,166,0,166,399
04/20/2005,FTY,GA,ASO,ES,Federal Contract Tower,0,13,104,9,126,0,8,112,8,128,0,21,216,17,254,94,0,94,348
04/21/2005,FTY,GA,ASO,ES,Federal Contract Tower,0,18,119,2,139,0,1,99,0,100,0,19,218,2,239,90,0,90,329
04/22/2005,FTY,GA,ASO,ES,Federal Contract Tower,0,21,109,6,136,0,9,68,0,77,0,30,177,6,213,112,0,112,325
04/23/2005,FTY,GA,ASO,ES,Federal Contract Tower,0,6,45,0,51,0,0,47,0,47,0,6,92,0,98,34,0,34,132
04/24/2005,FTY,GA,ASO,ES,Federal Contract Tower,0,12,79,0,91,0,0,61,0,61,0,12,140,0,152,30,0,30,182
04/25/2005,FTY,GA,ASO,ES,Federal Contract Tower,0,26,111,4,141,0,0,113,0,113,0,26,224,4,254,118,0,118,372
04/26/2005,FTY,GA,ASO,ES,Federal Contract Tower,0,23,122,9,154,0,0,26,0,26,0,23,148,9,180,0,0,0,180
04/27/2005,FTY,GA,ASO,ES,Federal Contract Tower,0,21,143,4,168,0,2,98,0,100,0,23,241,4,268,40,0,40,308
04/28/2005,FTY,GA,ASO,ES,Federal Contract Tower,0,24,122,7,153,0,14,151,0,165,0,38,273,7,318,264,0,264,582
04/29/2005,FTY,GA,ASO,ES,Federal Contract Tower,0,17,105,0,122,0,2,124,0,126,0,19,229,0,248,110,0,110,358
04/30/2005,FTY,GA,ASO,ES,Federal Contract Tower,0,2,30,0,32,0,0,2,0,2,0,2,32,0,34,0,0,0,34
05/01/2005,FTY,GA,ASO,ES,Federal Contract Tower,0,12,52,2,66,0,0,83,0,83,0,12,135,2,149,170,0,170,319
05/02/2005,FTY,GA,ASO,ES,Federal Contract Tower,0,22,79,3,104,0,2,96,0,98,0,24,175,3,202,102,0,102,304
05/03/2005,FTY,GA,ASO,ES,Federal Contract Tower,0,17,135,6,158,0,0,138,0,138,0,17,273,6,296,230,0,230,526
05/04/2005,FTY,GA,ASO,ES,Federal Contract Tower,0,22,139,2,163,0,2,135,0,137,0,24,274,2,300,208,0,208,508
05/05/2005,FTY,GA,ASO,ES,Federal Contract Tower,0,37,153,4,194,0,2,58,0,60,0,39,211,4,254,44,0,44,298
05/06/2005,FTY,GA,ASO,ES,Federal Contract Tower,0,13,110,1,124,0,6,116,0,122,0,19,226,1,246,184,0,184,430
05/07/2005,FTY,GA,ASO,ES,Federal Contract Tower,0,4,54,0,58,0,7,113,0,120,0,11,167,0,178,196,0,196,374
05/08/2005,FTY,GA,ASO,ES,Federal Contract Tower,0,4,58,0,62,0,0,74,0,74,0,4,132,0,136,202,0,202,338
05/09/2005,FTY,GA,ASO,ES,Federal Contract Tower,0,31,111,0,142,0,2,131,0,133,0,33,242,0,275,198,0,198,473
05/10/2005,FTY,GA,ASO,ES,Federal Contract Tower,0,11,144,0,155,0,1,97,0,98,0,12,241,0,253,122,0,122,375
05/11/2005,FTY,GA,ASO,ES,Federal Contract Tower,0,27,134,0,161,0,2,104,0,106,0,29,238,0,267,198,0,198,465
05/12/2005,FTY,GA,ASO,ES,Federal Contract Tower,0,27,123,1,151,0,6,114,0,120,0,33,237,1,271,164,0,164,435
05/13/2005,FTY,GA,ASO,ES,Federal Contract Tower,0,24,122,3,149,0,8,118,0,126,0,32,240,3,275,250,0,250,525
05/14/2005,FTY,GA,ASO,ES,Federal Contract Tower,0,12,47,4,63,0,4,63,0,67,0,16,110,4,130,92,0,92,222
05/15/2005,FTY,GA,ASO,ES,Federal Contract Tower,0,18,66,6,90,0,6,24,0,30,0,24,90,6,120,70,0,70,190
05/16/2005,FTY,GA,ASO,ES,Federal Contract Tower,0,29,106,2,137,0,1,141,0,142,0,30,247,2,279,208,0,208,487
05/17/2005,FTY,GA,ASO,ES,Federal Contract Tower,0,20,121,1,142,0,0,147,0,147,0,20,268,1,289,164,0,164,453
05/18/2005,FTY,GA,ASO,ES,Federal Contract Tower,0,25,110,1,136,0,4,105,0,109,0,29,215,1,245,114,0,114,359
05/19/2005,FTY,GA,ASO,ES,Federal Contract Tower,0,31,118,0,149,0,0,122,0,122,0,31,240,0,271,70,0,70,341
05/20/2005,FTY,GA,ASO,ES,Federal Contract Tower,0,28,78,1,107,0,2,57,0,59,0,30,135,1,166,20,0,20,186
05/21/2005,FTY,GA,ASO,ES,Federal Contract Tower,0,8,69,4,81,0,0,39,2,41,0,8,108,6,122,84,0,84,206
05/22/2005,FTY,GA,ASO,ES,Federal Contract Tower,0,11,53,3,67,0,4,76,0,80,0,15,129,3,147,70,0,70,217
05/23/2005,FTY,GA,ASO,ES,Federal Contract Tower,0,28,96,2,126,0,1,113,0,114,0,29,209,2,240,74,0,74,314
05/24/2005,FTY,GA,ASO,ES,Federal Contract Tower,0,21,116,2,139,0,4,110,2,116,0,25,226,4,255,42,0,42,297
05/25/2005,FTY,GA,ASO,ES,Federal Contract Tower,0,24,129,2,155,0,2,176,1,179,0,26,305,3,334,192,0,192,526
05/26/2005,FTY,GA,ASO,ES,Federal Contract Tower,0,19,130,3,152,0,1,157,3,161,0,20,287,6,313,128,0,128,441
05/27/2005,FTY,GA,ASO,ES,Federal Contract Tower,0,23,135,0,158,0,0,134,0,134,0,23,269,0,292,156,0,156,448
05/28/2005,FTY,GA,ASO,ES,Federal Contract Tower,0,5,39,0,44,0,6,81,2,89,0,11,120,2,133,72,0,72,205
05/29/2005,FTY,GA,ASO,ES,Federal Contract Tower,0,4,38,0,42,0,0,40,1,41,0,4,78,1,83,76,0,76,159
05/30/2005,FTY,GA,ASO,ES,Federal Contract Tower,0,8,62,0,70,0,0,8,0,8,0,8,70,0,78,0,0,0,78
05/31/2005,FTY,GA,ASO,ES,Federal Contract Tower,0,20,117,2,139,0,2,30,0,32,0,22,147,2,171,60,0,60,231
06/01/2005,FTY,GA,ASO,ES,Federal Contract Tower,0,33,134,2,169,0,0,0,0,0,0,33,134,2,169,0,0,0,169
06/02/2005,FTY,GA,ASO,ES,Federal Contract Tower,0,24,161,4,189,0,0,17,0,17,0,24,178,4,206,32,0,32,238
06/03/2005,FTY,GA,ASO,ES,Federal Contract Tower,0,26,112,2,140,0,0,42,0,42,0,26,154,2,182,10,0,10,192
06/04/2005,FTY,GA,ASO,ES,Federal Contract Tower,0,9,54,2,65,0,0,46,0,46,0,9,100,2,111,140,0,140,251
06/05/2005,FTY,GA,ASO,ES,Federal Contract Tower,0,15,65,0,80,0,0,39,0,39,0,15,104,0,119,70,0,70,189
06/06/2005,FTY,GA,ASO,ES,Federal Contract Tower,0,28,112,6,146,0,1,92,2,95,0,29,204,8,241,60,6,66,307
06/07/2005,FTY,GA,ASO,ES,Federal Contract Tower,0,23,126,5,154,0,0,101,0,101,0,23,227,5,255,76,0,76,331
06/08/2005,FTY,GA,ASO,ES,Federal Contract Tower,0,29,129,2,160,0,1,65,0,66,0,30,194,2,226,62,0,62,288
06/09/2005,FTY,GA,ASO,ES,Federal Contract Tower,0,21,127,0,148,0,4,103,0,107,0,25,230,0,255,106,0,106,361
06/10/2005,FTY,GA,ASO,ES,Federal Contract Tower,0,23,139,1,163,0,1,122,0,123,0,24,261,1,286,154,0,154,440
06/11/2005,FTY,GA,ASO,ES,Federal Contract Tower,0,9,57,1,67,0,0,24,0,24,0,9,81,1,91,90,0,90,181
06/12/2005,FTY,GA,ASO,ES,Federal Contract Tower,0,18,66,0,84,0,0,16,1,17,0,18,82,1,101,26,0,26,127
06/13/2005,FTY,GA,ASO,ES,Federal Contract Tower,0,21,114,7,142,0,0,110,0,110,0,21,224,7,252,168,0,168,420
06/14/2005,FTY,GA,ASO,ES,Federal Contract Tower,0,32,136,2,170,0,1,153,0,154,0,33,289,2,324,296,0,296,620
06/15/2005,FTY,GA,ASO,ES,Federal Contract Tower,0,28,115,6,149,0,5,134,2,141,0,33,249,8,290,118,0,118,408
06/16/2005,FTY,GA,ASO,ES,Federal Contract Tower,0,21,114,3,138,0,2,142,0,144,0,23,256,3,282,128,0,128,410
06/17/2005,FTY,GA,ASO,ES,Federal Contract Tower,0,27,91,6,124,0,2,128,0,130,0,29,219,6,254,156,0,156,410
06/18/2005,FTY,GA,ASO,ES,Federal Contract Tower,0,4,34,0,38,0,0,153,2,155,0,4,187,2,193,204,2,206,399
06/19/2005,FTY,GA,ASO,ES,Federal Contract Tower,0,13,52,1,66,0,4,98,0,102,0,17,150,1,168,152,0,152,320
06/20/2005,FTY,GA,ASO,ES,Federal Contract Tower,0,24,101,1,126,0,0,117,0,117,0,24,218,1,243,112,0,112,355
06/21/2005,FTY,GA,ASO,ES,Federal Contract Tower,0,25,119,2,146,0,1,82,0,83,0,26,201,2,229,132,0,132,361
06/22/2005,FTY,GA,ASO,ES,Federal Contract Tower,0,25,142,2,169,0,1,122,2,125,0,26,264,4,294,210,0,210,504
06/23/2005,FTY,GA,ASO,ES,Federal Contract Tower,0,22,151,13,186,0,3,109,0,112,0,25,260,13,298,70,0,70,368
06/24/2005,FTY,GA,ASO,ES,Federal Contract Tower,0,26,134,6,166,0,8,133,0,141,0,34,267,6,307,188,0,188,495
06/25/2005,FTY,GA,ASO,ES,Federal Contract Tower,0,7,57,4,68,0,2,92,0,94,0,9,149,4,162,112,0,112,274
06/26/2005,FTY,GA,ASO,ES,Federal Contract Tower,0,9,99,0,108,0,0,20,0,20,0,9,119,0,128,0,0,0,128
06/27/2005,FTY,GA,ASO,ES,Federal Contract Tower,0,20,123,0,143,0,0,70,2,72,0,20,193,2,215,82,0,82,297
06/28/2005,FTY,GA,ASO,ES,Federal Contract Tower,0,22,157,0,179,0,0,68,0,68,0,22,225,0,247,132,0,132,379
06/29/2005,FTY,GA,ASO,ES,Federal Contract Tower,0,34,130,21,185,0,5,96,0,101,0,39,226,21,286,118,0,118,404
06/30/2005,FTY,GA,ASO,ES,Federal Contract Tower,0,22,114,1,137,0,0,117,0,117,0,22,231,1,254,192,0,192,446
07/01/2005,FTY,GA,ASO,ES,Federal Contract Tower,0,18,102,1,121,0,0,115,0,115,0,18,217,1,236,186,0,186,422
07/02/2005,FTY,GA,ASO,ES,Federal Contract Tower,0,2,48,0,50,0,0,81,0,81,0,2,129,0,131,142,0,142,273
07/03/2005,FTY,GA,ASO,ES,Federal Contract Tower,0,2,26,0,28,0,2,24,0,26,0,4,50,0,54,88,0,88,142
07/04/2005,FTY,GA,ASO,ES,Federal Contract Tower,0,5,58,0,63,0,4,26,0,30,0,9,84,0,93,24,0,24,117
07/05/2005,FTY,GA,ASO,ES,Federal Contract Tower,0,18,116,0,134,0,4,66,0,70,0,22,182,0,204,36,0,36,240
07/06/2005,FTY,GA,ASO,ES,Federal Contract Tower,0,27,100,2,129,0,3,43,0,46,0,30,143,2,175,50,0,50,225
07/07/2005,FTY,GA,ASO,ES,Federal Contract Tower,0,29,107,2,138,0,4,33,0,37,0,33,140,2,175,100,0,100,275
07/08/2005,FTY,GA,ASO,ES,Federal Contract Tower,0,17,98,0,115,0,0,169,0,169,0,17,267,0,284,192,0,192,476
07/09/2005,FTY,GA,ASO,ES,Federal Contract Tower,0,2,60,0,62,0,0,75,0,75,0,2,135,0,137,142,0,142,279
07/10/2005,FTY,GA,ASO,ES,Federal Contract Tower,0,11,39,0,50,0,0,5,0,5,0,11,44,0,55,0,0,0,55
07/11/2005,FTY,GA,ASO,ES,Federal Contract Tower,0,20,66,0,86,0,0,62,0,62,0,20,128,0,148,0,0,0,148
07/12/2005,FTY,GA,ASO,ES,Federal Contract Tower,0,23,120,0,143,0,2,85,0,87,0,25,205,0,230,28,0,28,258
07/13/2005,FTY,GA,ASO,ES,Federal Contract Tower,0,27,130,3,160,0,0,64,0,64,0,27,194,3,224,78,0,78,302
07/14/2005,FTY,GA,ASO,ES,Federal Contract Tower,0,29,150,4,183,0,3,74,1,78,0,32,224,5,261,74,0,74,335
07/15/2005,FTY,GA,ASO,ES,Federal Contract Tower,0,17,137,0,154,0,1,43,0,44,0,18,180,0,198,70,0,70,268
07/16/2005,FTY,GA,ASO,ES,Federal Contract Tower,0,7,59,3,69,0,1,41,0,42,0,8,100,3,111,68,0,68,179
07/17/2005,FTY,GA,ASO,ES,Federal Contract Tower,0,7,61,0,68,0,0,53,0,53,0,7,114,0,121,136,0,136,257
07/18/2005,FTY,GA,ASO,ES,Federal Contract Tower,0,20,91,4,115,0,3,95,0,98,0,23,186,4,213,168,0,168,381
07/19/2005,FTY,GA,ASO,ES,Federal Contract Tower,0,20,121,0,141,0,1,76,0,77,0,21,197,0,218,104,0,104,322
07/20/2005,FTY,GA,ASO,ES,Federal Contract Tower,0,24,124,2,150,0,3,144,0,147,0,27,268,2,297,136,0,136,433
07/21/2005,FTY,GA,ASO,ES,Federal Contract Tower,0,34,123,5,162,0,3,97,0,100,0,37,220,5,262,134,0,134,396
07/22/2005,FTY,GA,ASO,ES,Federal Contract Tower,0,20,107,3,130,0,0,73,0,73,0,20,180,3,203,72,0,72,275
07/23/2005,FTY,GA,ASO,ES,Federal Contract Tower,0,5,46,3,54,0,0,83,0,83,0,5,129,3,137,90,0,90,227
07/24/2005,FTY,GA,ASO,ES,Federal Contract Tower,0,14,69,1,84,0,0,82,0,82,0,14,151,1,166,142,0,142,308
07/25/2005,FTY,GA,ASO,ES,Federal Contract Tower,0,33,90,2,125,0,1,93,0,94,0,34,183,2,219,114,0,114,333
07/26/2005,FTY,GA,ASO,ES,Federal Contract Tower,0,23,124,0,147,0,1,208,0,209,0,24,332,0,356,214,0,214,570
07/27/2005,FTY,GA,ASO,ES,Federal Contract Tower,0,31,126,4,161,0,2,62,0,64,0,33,188,4,225,60,0,60,285
07/28/2005,FTY,GA,ASO,ES,Federal Contract Tower,0,30,121,3,154,0,1,72,0,73,0,31,193,3,227,62,0,62,289
07/29/2005,FTY,GA,ASO,ES,Federal Contract Tower,0,17,114,4,135,0,0,17,0,17,0,17,131,4,152,50,0,50,202
07/30/2005,FTY,GA,ASO,ES,Federal Contract Tower,0,6,57,0,63,0,0,0,0,0,0,6,57,0,63,10,0,10,73
07/31/2005,FTY,GA,ASO,ES,Federal Contract Tower,0,4,68,1,73,0,2,18,0,20,0,6,86,1,93,16,0,16,109
08/01/2005,FTY,GA,ASO,ES,Federal Contract Tower,0,27,122,2,151,0,2,56,0,58,0,29,178,2,209,84,0,84,293
08/02/2005,FTY,GA,ASO,ES,Federal Contract Tower,0,30,117,2,149,0,7,107,0,114,0,37,224,2,263,160,0,160,423
08/03/2005,FTY,GA,ASO,ES,Federal Contract Tower,0,24,131,2,157,0,2,143,2,147,0,26,274,4,304,108,0,108,412
08/04/2005,FTY,GA,ASO,ES,Federal Contract Tower,0,24,126,0,150,0,0,115,0,115,0,24,241,0,265,154,0,154,419
08/05/2005,FTY,GA,ASO,ES,Federal Contract Tower,0,17,108,3,128,0,0,92,0,92,0,17,200,3,220,120,0,120,340
08/06/2005,FTY,GA,ASO,ES,Federal Contract Tower,0,3,44,0,47,0,0,56,0,56,0,3,100,0,103,136,0,136,239
08/07/2005,FTY,GA,ASO,ES,Federal Contract Tower,0,11,54,1,66,0,4,5,0,9,0,15,59,1,75,40,0,40,115
08/08/2005,FTY,GA,ASO,ES,Federal Contract Tower,0,16,84,1,101,0,8,29,0,37,0,24,113,1,138,4,0,4,142
08/09/2005,FTY,GA,ASO,ES,Federal Contract Tower,0,23,130,2,155,0,4,61,1,66,0,27,191,3,221,52,0,52,273
08/10/2005,FTY,GA,ASO,ES,Federal Contract Tower,0,29,114,0,143,0,1,77,2,80,0,30,191,2,223,138,0,138,361
08/11/2005,FTY,GA,ASO,ES,Federal Contract Tower,0,20,125,0,145,0,1,78,0,79,0,21,203,0,224,54,0,54,278
08/12/2005,FTY,GA,ASO,ES,Federal Contract Tower,0,16,130,0,146,0,0,110,0,110,0,16,240,0,256,146,0,146,402
08/13/2005,FTY,GA,ASO,ES,Federal Contract Tower,0,5,61,0,66,0,3,60,0,63,0,8,121,0,129,84,0,84,213
08/14/2005,FTY,GA,ASO,ES,Federal Contract Tower,0,14,66,2,82,0,4,58,0,62,0,18,124,2,144,58,0,58,202
08/15/2005,FTY,GA,ASO,ES,Federal Contract Tower,0,17,111,0,128,0,0,127,0,127,0,17,238,0,255,120,0,120,375
08/16/2005,FTY,GA,ASO,ES,Federal Contract Tower,0,17,120,0,137,0,4,92,0,96,0,21,212,0,233,78,0,78,311
08/17/2005,FTY,GA,ASO,ES,Federal Contract Tower,0,25,122,6,153,0,1,100,0,101,0,26,222,6,254,150,0,150,404
08/18/2005,FTY,GA,ASO,ES,Federal Contract Tower,0,26,121,0,147,0,0,104,2,106,0,26,225,2,253,148,0,148,401
08/19/2005,FTY,GA,ASO,ES,Federal Contract Tower,0,28,117,2,147,0,0,77,0,77,0,28,194,2,224,160,0,160,384
08/20/2005,FTY,GA,ASO,ES,Federal Contract Tower,0,2,36,1,39,0,2,98,0,100,0,4,134,1,139,86,0,86,225
08/21/2005,FTY,GA,ASO,ES,Federal Contract Tower,0,9,68,1,78,0,6,100,0,106,0,15,168,1,184,144,0,144,328
08/22/2005,FTY,GA,ASO,ES,Federal Contract Tower,0,15,94,4,113,0,1,103,0,104,0,16,197,4,217,90,0,90,307
08/23/2005,FTY,GA,ASO,ES,Federal Contract Tower,0,29,102,4,135,0,3,52,0,55,0,32,154,4,190,44,0,44,234
08/24/2005,FTY,GA,ASO,ES,Federal Contract Tower,0,28,151,4,183,0,3,35,0,38,0,31,186,4,221,66,0,66,287
08/25/2005,FTY,GA,ASO,ES,Federal Contract Tower,0,22,146,4,172,0,2,67,2,71,0,24,213,6,243,110,0,110,353
08/26/2005,FTY,GA,ASO,ES,Federal Contract Tower,0,19,125,2,146,0,0,166,0,166,0,19,291,2,312,242,0,242,554
08/27/2005,FTY,GA,ASO,ES,Federal Contract Tower,0,4,61,2,67,0,4,113,0,117,0,8,174,2,184,160,0,160,344
08/28/2005,FTY,GA,ASO,ES,Federal Contract Tower,0,8,101,0,109,0,2,53,4,59,0,10,154,4,168,158,0,158,326
08/29/2005,FTY,GA,ASO,ES,Federal Contract Tower,0,22,86,0,108,0,1,29,0,30,0,23,115,0,138,52,0,52,190
08/30/2005,FTY,GA,ASO,ES,Federal Contract Tower,0,24,83,0,107,0,1,59,0,60,0,25,142,0,167,4,0,4,171
08/31/2005,FTY,GA,ASO,ES,Federal Contract Tower,0,32,122,4,158,0,10,136,0,146,0,42,258,4,304,170,0,170,474
09/01/2005,FTY,GA,ASO,ES,Federal Contract Tower,0,21,97,1,119,0,0,144,0,144,0,21,241,1,263,182,0,182,445
09/02/2005,FTY,GA,ASO,ES,Federal Contract Tower,0,24,129,0,153,0,0,125,0,125,0,24,254,0,278,150,0,150,428
09/03/2005,FTY,GA,ASO,ES,Federal Contract Tower,0,8,50,0,58,0,1,103,0,104,0,9,153,0,162,138,0,138,300
09/04/2005,FTY,GA,ASO,ES,Federal Contract Tower,0,6,40,0,46,0,0,61,0,61,0,6,101,0,107,84,0,84,191
09/05/2005,FTY,GA,ASO,ES,Federal Contract Tower,0,8,85,1,94,0,0,90,0,90,0,8,175,1,184,68,0,68,252
09/06/2005,FTY,GA,ASO,ES,Federal Contract Tower,0,29,92,6,127,0,0,96,0,96,0,29,188,6,223,160,0,160,383
09/07/2005,FTY,GA,ASO,ES,Federal Contract Tower,0,30,125,3,158,0,1,127,0,128,0,31,252,3,286,136,0,136,422
09/08/2005,FTY,GA,ASO,ES,Federal Contract Tower,0,25,144,2,171,0,0,121,0,121,0,25,265,2,292,90,0,90,382
09/09/2005,FTY,GA,ASO,ES,Federal Contract Tower,0,18,97,3,118,0,1,144,1,146,0,19,241,4,264,114,0,114,378
09/10/2005,FTY,GA,ASO,ES,Federal Contract Tower,0,9,51,0,60,0,2,111,0,113,0,11,162,0,173,126,0,126,299
09/11/2005,FTY,GA,ASO,ES,Federal Contract Tower,0,13,76,0,89,0,3,103,0,106,0,16,179,0,195,200,0,200,395
09/12/2005,FTY,GA,ASO,ES,Federal Contract Tower,0,29,100,4,133,0,4,97,0,101,0,33,197,4,234,76,0,76,310
09/13/2005,FTY,GA,ASO,ES,Federal Contract Tower,0,28,126,0,154,0,6,149,0,155,0,34,275,0,309,284,0,284,593
09/14/2005,FTY,GA,ASO,ES,Federal Contract Tower,0,22,154,0,176,0,2,119,0,121,0,24,273,0,297,176,0,176,473
09/15/2005,FTY,GA,ASO,ES,Federal Contract Tower,0,26,130,0,156,0,2,117,2,121,0,28,247,2,277,94,0,94,371
09/16/2005,FTY,GA,ASO,ES,Federal Contract Tower,0,19,120,3,142,0,0,124,0,124,0,19,244,3,266,150,0,150,416
09/17/2005,FTY,GA,ASO,ES,Federal Contract Tower,0,4,55,0,59,0,3,71,12,86,0,7,126,12,145,78,0,78,223
09/18/2005,FTY,GA,ASO,ES,Federal Contract Tower,0,9,68,2,79,0,1,100,0,101,0,10,168,2,180,124,0,124,304
09/19/2005,FTY,GA,ASO,ES,Federal Contract Tower,0,28,127,0,155,0,0,130,0,130,0,28,257,0,285,100,0,100,385
09/20/2005,FTY,GA,ASO,ES,Federal Contract Tower,0,26,148,0,174,0,1,109,0,110,0,27,257,0,284,144,0,144,428
09/21/2005,FTY,GA,ASO,ES,Federal Contract Tower,0,27,139,5,171,0,2,110,1,113,0,29,249,6,284,138,0,138,422
09/22/2005,FTY,GA,ASO,ES,Federal Contract Tower,0,26,155,4,185,0,0,77,0,77,0,26,232,4,262,70,0,70,332
09/23/2005,FTY,GA,ASO,ES,Federal Contract Tower,0,29,109,0,138,0,4,112,0,116,0,33,221,0,254,86,0,86,340
09/24/2005,FTY,GA,ASO,ES,Federal Contract Tower,0,5,58,0,63,0,0,101,0,101,0,5,159,0,164,44,0,44,208
09/25/2005,FTY,GA,ASO,ES,Federal Contract Tower,0,9,70,0,79,0,12,50,6,68,0,21,120,6,147,44,0,44,191
09/26/2005,FTY,GA,ASO,ES,Federal Contract Tower,0,20,111,0,131,0,0,45,1,46,0,20,156,1,177,4,0,4,181
09/27/2005,FTY,GA,ASO,ES,Federal Contract Tower,0,18,136,0,154,0,6,99,0,105,0,24,235,0,259,50,0,50,309
09/28/2005,FTY,GA,ASO,ES,Federal Contract Tower,0,29,124,0,153,0,5,64,0,69,0,34,188,0,222,68,0,68,290
09/29/2005,FTY,GA,ASO,ES,Federal Contract Tower,0,35,158,0,193,0,3,52,0,55,0,38,210,0,248,112,0,112,360
09/30/2005,FTY,GA,ASO,ES,Federal Contract Tower,0,23,124,0,147,0,0,137,0,137,0,23,261,0,284,184,0,184,468
10/01/2005,FTY,GA,ASO,ES,Federal Contract Tower,0,4,66,0,70,0,3,68,0,71,0,7,134,0,141,190,0,190,331
10/02/2005,FTY,GA,ASO,ES,Federal Contract Tower,0,10,69,2,81,0,2,68,0,70,0,12,137,2,151,80,0,80,231
10/03/2005,FTY,GA,ASO,ES,Federal Contract Tower,0,15,89,2,106,0,0,138,2,140,0,15,227,4,246,90,0,90,336
10/04/2005,FTY,GA,ASO,ES,Federal Contract Tower,0,24,86,0,110,0,6,138,0,144,0,30,224,0,254,116,0,116,370
10/05/2005,FTY,GA,ASO,ES,Federal Contract Tower,0,27,121,2,150,0,5,91,0,96,0,32,212,2,246,64,0,64,310
10/06/2005,FTY,GA,ASO,ES,Federal Contract Tower,0,36,140,1,177,0,0,4,0,4,0,36,144,1,181,0,0,0,181
10/07/2005,FTY,GA,ASO,ES,Federal Contract Tower,0,37,109,3,149,0,0,0,0,0,0,37,109,3,149,0,0,0,149
10/08/2005,FTY,GA,ASO,ES,Federal Contract Tower,0,11,55,0,66,0,0,53,2,55,0,11,108,2,121,50,0,50,171
10/09/2005,FTY,GA,ASO,ES,Federal Contract Tower,0,13,84,0,97,0,0,0,0,0,0,13,84,0,97,0,0,0,97
10/10/2005,FTY,GA,ASO,ES,Federal Contract Tower,0,19,93,2,114,0,0,17,0,17,0,19,110,2,131,44,0,44,175
10/11/2005,FTY,GA,ASO,ES,Federal Contract Tower,0,21,144,2,167,0,6,110,0,116,0,27,254,2,283,214,0,214,497
10/12/2005,FTY,GA,ASO,ES,Federal Contract Tower,0,30,132,0,162,0,2,74,0,76,0,32,206,0,238,120,0,120,358
10/13/2005,FTY,GA,ASO,ES,Federal Contract Tower,0,39,133,7,179,0,9,65,0,74,0,48,198,7,253,88,0,88,341
10/14/2005,FTY,GA,ASO,ES,Federal Contract Tower,0,25,82,0,107,0,0,101,0,101,0,25,183,0,208,88,0,88,296
10/15/2005,FTY,GA,ASO,ES,Federal Contract Tower,0,5,34,0,39,0,1,118,0,119,0,6,152,0,158,62,0,62,220
10/16/2005,FTY,GA,ASO,ES,Federal Contract Tower,0,3,57,0,60,0,3,103,0,106,0,6,160,0,166,128,0,128,294
10/17/2005,FTY,GA,ASO,ES,Federal Contract Tower,0,24,107,1,132,0,0,129,0,129,0,24,236,1,261,30,0,30,291
10/18/2005,FTY,GA,ASO,ES,Federal Contract Tower,0,35,139,3,177,0,3,129,0,132,0,38,268,3,309,90,0,90,399
10/19/2005,FTY,GA,ASO,ES,Federal Contract Tower,0,30,169,1,200,0,6,122,0,128,0,36,291,1,328,84,0,84,412
10/20/2005,FTY,GA,ASO,ES,Federal Contract Tower,0,31,173,4,208,0,0,127,0,127,0,31,300,4,335,136,0,136,471
10/21/2005,FTY,GA,ASO,ES,Federal Contract Tower,0,5,37,0,42,0,0,132,0,132,0,5,169,0,174,134,0,134,308
10/22/2005,FTY,GA,ASO,ES,Federal Contract Tower,0,0,35,1,36,0,1,47,0,48,0,1,82,1,84,68,0,68,152
10/23/2005,FTY,GA,ASO,ES,Federal Contract Tower,0,1,33,0,34,0,2,83,0,85,0,3,116,0,119,156,0,156,275
10/24/2005,FTY,GA,ASO,ES,Federal Contract Tower,0,30,92,4,126,0,0,74,0,74,0,30,166,4,200,58,0,58,258
10/25/2005,FTY,GA,ASO,ES,Federal Contract Tower,0,41,137,0,178,0,1,89,0,90,0,42,226,0,268,30,0,30,298
10/26/2005,FTY,GA,ASO,ES,Federal Contract Tower,0,24,162,6,192,0,7,120,0,127,0,31,282,6,319,152,0,152,471
10/27/2005,FTY,GA,ASO,ES,Federal Contract Tower,0,30,151,5,186,0,3,139,0,142,0,33,290,5,328,132,0,132,460
10/28/2005,FTY,GA,ASO,ES,Federal Contract Tower,0,27,115,2,144,0,1,139,0,140,0,28,254,2,284,148,0,148,432
10/29/2005,FTY,GA,ASO,ES,Federal Contract Tower,0,3,43,3,49,0,0,93,0,93,0,3,136,3,142,176,0,176,318
10/30/2005,FTY,GA,ASO,ES,Federal Contract Tower,0,6,75,0,81,0,4,88,0,92,0,10,163,0,173,130,0,130,303
10/31/2005,FTY,GA,ASO,ES,Federal Contract Tower,0,29,87,0,116,0,0,109,0,109,0,29,196,0,225,114,0,114,339
11/01/2005,FTY,GA,ASO,ES,Federal Contract Tower,0,27,112,2,141,0,3,121,0,124,0,30,233,2,265,90,0,90,355
11/02/2005,FTY,GA,ASO,ES,Federal Contract Tower,0,34,114,0,148,0,1,116,0,117,0,35,230,0,265,68,0,68,333
11/03/2005,FTY,GA,ASO,ES,Federal Contract Tower,0,35,161,6,202,0,1,138,0,139,0,36,299,6,341,164,0,164,505
11/04/2005,FTY,GA,ASO,ES,Federal Contract Tower,0,30,93,8,131,0,6,147,0,153,0,36,240,8,284,144,0,144,428
11/05/2005,FTY,GA,ASO,ES,Federal Contract Tower,0,16,54,3,73,0,0,118,0,118,0,16,172,3,191,188,0,188,379
11/06/2005,FTY,GA,ASO,ES,Federal Contract Tower,0,8,100,0,108,0,4,58,1,63,0,12,158,1,171,38,0,38,209
11/07/2005,FTY,GA,ASO,ES,Federal Contract Tower,0,38,127,5,170,0,0,86,0,86,0,38,213,5,256,78,0,78,334
11/08/2005,FTY,GA,ASO,ES,Federal Contract Tower,0,24,126,0,150,0,0,116,0,116,0,24,242,0,266,70,0,70,336
11/09/2005,FTY,GA,ASO,ES,Federal Contract Tower,0,34,108,0,142,0,8,130,2,140,0,42,238,2,282,176,0,176,458
11/10/2005,FTY,GA,ASO,ES,Federal Contract Tower,0,38,115,3,156,0,2,118,0,120,0,40,233,3,276,24,0,24,300
11/11/2005,FTY,GA,ASO,ES,Federal Contract Tower,0,14,79,5,98,0,0,116,0,116,0,14,195,5,214,196,0,196,410
11/12/2005,FTY,GA,ASO,ES,Federal Contract Tower,0,7,45,4,56,0,2,94,0,96,0,9,139,4,152,98,0,98,250
11/13/2005,FTY,GA,ASO,ES,Federal Contract Tower,0,11,110,4,125,0,0,59,0,59,0,11,169,4,184,188,0,188,372
11/14/2005,FTY,GA,ASO,ES,Federal Contract Tower,0,40,127,2,169,0,0,125,0,125,0,40,252,2,294,94,0,94,388
11/15/2005,FTY,GA,ASO,ES,Federal Contract Tower,0,29,127,4,160,0,3,57,0,60,0,32,184,4,220,20,0,20,240
11/16/2005,FTY,GA,ASO,ES,Federal Contract Tower,0,39,151,6,196,0,0,72,0,72,0,39,223,6,268,42,0,42,310
11/17/2005,FTY,GA,ASO,ES,Federal Contract Tower,0,34,163,9,206,0,9,144,0,153,0,43,307,9,359,42,0,42,401
11/18/2005,FTY,GA,ASO,ES,Federal Contract Tower,0,32,102,5,139,0,2,89,0,91,0,34,191,5,230,96,0,96,326
11/19/2005,FTY,GA,ASO,ES,Federal Contract Tower,0,6,79,0,85,0,0,96,0,96,0,6,175,0,181,90,0,90,271
11/20/2005,FTY,GA,ASO,ES,Federal Contract Tower,0,24,92,16,132,0,4,25,0,29,0,28,117,16,161,76,0,76,237
11/21/2005,FTY,GA,ASO,ES,Federal Contract Tower,0,27,91,2,120,0,0,0,0,0,0,27,91,2,120,0,0,0,120
11/22/2005,FTY,GA,ASO,ES,Federal Contract Tower,0,27,129,6,162,0,3,59,0,62,0,30,188,6,224,22,0,22,246
11/23/2005,FTY,GA,ASO,ES,Federal Contract Tower,0,22,112,0,134,0,4,124,0,128,0,26,236,0,262,50,0,50,312
11/24/2005,FTY,GA,ASO,ES,Federal Contract Tower,0,3,19,0,22,0,2,19,0,21,0,5,38,0,43,22,0,22,65
11/25/2005,FTY,GA,ASO,ES,Federal Contract Tower,0,17,24,0,41,0,0,55,0,55,0,17,79,0,96,46,0,46,142
11/26/2005,FTY,GA,ASO,ES,Federal Contract Tower,0,6,48,2,56,0,0,62,0,62,0,6,110,2,118,56,0,56,174
11/27/2005,FTY,GA,ASO,ES,Federal Contract Tower,0,11,103,4,118,0,0,1,0,1,0,11,104,4,119,0,0,0,119
11/28/2005,FTY,GA,ASO,ES,Federal Contract Tower,0,27,100,0,127,0,0,7,0,7,0,27,107,0,134,0,0,0,134
11/29/2005,FTY,GA,ASO,ES,Federal Contract Tower,0,31,79,2,112,0,1,80,0,81,0,32,159,2,193,58,0,58,251
11/30/2005,FTY,GA,ASO,ES,Federal Contract Tower,0,19,140,0,159,0,2,146,4,152,0,21,286,4,311,150,32,182,493
12/01/2005,FTY,GA,ASO,ES,Federal Contract Tower,0,23,127,2,152,0,1,117,0,118,0,24,244,2,270,176,0,176,446
12/02/2005,FTY,GA,ASO,ES,Federal Contract Tower,0,23,129,2,154,0,0,140,0,140,0,23,269,2,294,136,0,136,430
12/03/2005,FTY,GA,ASO,ES,Federal Contract Tower,0,12,95,0,107,0,0,61,0,61,0,12,156,0,168,104,0,104,272
12/04/2005,FTY,GA,ASO,ES,Federal Contract Tower,0,8,78,0,86,0,0,26,2,28,0,8,104,2,114,100,0,100,214
12/05/2005,FTY,GA,ASO,ES,Federal Contract Tower,0,26,135,2,163,0,0,0,0,0,0,26,135,2,163,0,0,0,163
12/06/2005,FTY,GA,ASO,ES,Federal Contract Tower,0,35,125,4,164,0,0,121,0,121,0,35,246,4,285,258,0,258,543
12/07/2005,FTY,GA,ASO,ES,Federal Contract Tower,0,36,136,2,174,0,9,100,0,109,0,45,236,2,283,168,0,168,451
12/08/2005,FTY,GA,ASO,ES,Federal Contract Tower,0,30,139,3,172,0,0,21,0,21,0,30,160,3,193,24,0,24,217
12/09/2005,FTY,GA,ASO,ES,Federal Contract Tower,0,26,124,3,153,0,0,109,0,109,0,26,233,3,262,118,0,118,380
12/10/2005,FTY,GA,ASO,ES,Federal Contract Tower,0,6,44,0,50,0,0,104,0,104,0,6,148,0,154,82,0,82,236
12/11/2005,FTY,GA,ASO,ES,Federal Contract Tower,0,16,62,0,78,0,10,72,0,82,0,26,134,0,160,98,0,98,258
12/12/2005,FTY,GA,ASO,ES,Federal Contract Tower,0,26,120,6,152,0,4,89,0,93,0,30,209,6,245,72,0,72,317
12/13/2005,FTY,GA,ASO,ES,Federal Contract Tower,0,29,153,6,188,0,2,134,1,137,0,31,287,7,325,160,0,160,485
12/14/2005,FTY,GA,ASO,ES,Federal Contract Tower,0,31,119,1,151,0,5,41,0,46,0,36,160,1,197,70,0,70,267
12/15/2005,FTY,GA,ASO,ES,Federal Contract Tower,0,37,104,1,142,0,0,2,0,2,0,37,106,1,144,0,0,0,144
12/16/2005,FTY,GA,ASO,ES,Federal Contract Tower,0,24,139,0,163,0,2,131,0,133,0,26,270,0,296,194,0,194,490
12/17/2005,FTY,GA,ASO,ES,Federal Contract Tower,0,11,60,0,71,0,0,76,0,76,0,11,136,0,147,92,0,92,239
12/18/2005,FTY,GA,ASO,ES,Federal Contract Tower,0,4,63,0,67,0,0,45,0,45,0,4,108,0,112,74,0,74,186
12/19/2005,FTY,GA,ASO,ES,Federal Contract Tower,0,15,78,2,95,0,3,115,0,118,0,18,193,2,213,110,0,110,323
12/20/2005,FTY,GA,ASO,ES,Federal Contract Tower,0,28,83,4,115,0,2,78,0,80,0,30,161,4,195,102,0,102,297
12/21/2005,FTY,GA,ASO,ES,Federal Contract Tower,0,16,91,2,109,0,3,136,0,139,0,19,227,2,248,174,0,174,422
12/22/2005,FTY,GA,ASO,ES,Federal Contract Tower,0,13,63,0,76,0,0,101,0,101,0,13,164,0,177,106,0,106,283
12/23/2005,FTY,GA,ASO,ES,Federal Contract Tower,0,11,55,0,66,0,2,78,0,80,0,13,133,0,146,62,0,62,208
12/24/2005,FTY,GA,ASO,ES,Federal Contract Tower,0,4,18,0,22,0,4,17,0,21,0,8,35,0,43,16,0,16,59
12/25/2005,FTY,GA,ASO,ES,Federal Contract Tower,0,4,15,0,19,0,0,11,0,11,0,4,26,0,30,0,0,0,30
12/26/2005,FTY,GA,ASO,ES,Federal Contract Tower,0,7,56,0,63,0,0,23,0,23,0,7,79,0,86,38,0,38,124
12/27/2005,FTY,GA,ASO,ES,Federal Contract Tower,0,14,46,0,60,0,0,86,0,86,0,14,132,0,146,88,0,88,234
12/28/2005,FTY,GA,ASO,ES,Federal Contract Tower,0,14,51,0,65,0,3,3,0,6,0,17,54,0,71,0,0,0,71
12/29/2005,FTY,GA,ASO,ES,Federal Contract Tower,0,14,67,0,81,0,3,42,0,45,0,17,109,0,126,32,0,32,158
12/30/2005,FTY,GA,ASO,ES,Federal Contract Tower,0,13,57,0,70,0,0,118,0,118,0,13,175,0,188,142,0,142,330
12/31/2005,FTY,GA,ASO,ES,Federal Contract Tower,0,4,32,0,36,0,0,60,0,60,0,4,92,0,96,70,0,70,166
01/01/2006,FTY,GA,ASO,ES,Federal Contract Tower,0,2,13,0,15,0,4,45,0,49,0,6,58,0,64,18,0,18,82
01/02/2006,FTY,GA,ASO,ES,Federal Contract Tower,0,11,69,0,80,0,0,3,0,3,0,11,72,0,83,0,0,0,83
01/03/2006,FTY,GA,ASO,ES,Federal Contract Tower,0,20,111,0,131,0,2,133,0,135,0,22,244,0,266,34,0,34,300
01/04/2006,FTY,GA,ASO,ES,Federal Contract Tower,0,19,99,0,118,0,6,86,0,92,0,25,185,0,210,38,0,38,248
01/05/2006,FTY,GA,ASO,ES,Federal Contract Tower,0,21,116,0,137,0,0,78,0,78,0,21,194,0,215,70,0,70,285
01/06/2006,FTY,GA,ASO,ES,Federal Contract Tower,0,17,92,0,109,0,3,86,0,89,0,20,178,0,198,44,0,44,242
01/07/2006,FTY,GA,ASO,ES,Federal Contract Tower,0,6,44,0,50,0,2,97,0,99,0,8,141,0,149,270,0,270,419
01/08/2006,FTY,GA,ASO,ES,Federal Contract Tower,0,14,45,1,60,0,0,80,0,80,0,14,125,1,140,64,0,64,204
01/09/2006,FTY,GA,ASO,ES,Federal Contract Tower,0,23,72,2,97,0,6,78,0,84,0,29,150,2,181,112,0,112,293
01/10/2006,FTY,GA,ASO,ES,Federal Contract Tower,0,13,122,0,135,0,4,50,0,54,0,17,172,0,189,74,0,74,263
01/11/2006,FTY,GA,ASO,ES,Federal Contract Tower,0,17,113,4,134,0,0,58,0,58,0,17,171,4,192,70,0,70,262
01/12/2006,FTY,GA,ASO,ES,Federal Contract Tower,0,23,104,4,131,0,0,125,0,125,0,23,229,4,256,158,0,158,414
01/13/2006,FTY,GA,ASO,ES,Federal Contract Tower,0,27,105,7,139,0,1,38,0,39,0,28,143,7,178,34,0,34,212
01/14/2006,FTY,GA,ASO,ES,Federal Contract Tower,0,11,58,2,71,0,4,18,0,22,0,15,76,2,93,0,0,0,93
01/15/2006,FTY,GA,ASO,ES,Federal Contract Tower,0,7,58,0,65,0,4,82,0,86,0,11,140,0,151,62,0,62,213
01/16/2006,FTY,GA,ASO,ES,Federal Contract Tower,0,16,100,0,116,0,0,77,0,77,0,16,177,0,193,142,0,142,335
01/17/2006,FTY,GA,ASO,ES,Federal Contract Tower,0,32,104,4,140,0,0,9,0,9,0,32,113,4,149,28,0,28,177
01/18/2006,FTY,GA,ASO,ES,Federal Contract Tower,0,19,128,2,149,0,4,90,0,94,0,23,218,2,243,122,0,122,365
01/19/2006,FTY,GA,ASO,ES,Federal Contract Tower,0,18,134,3,155,0,2,127,2,131,0,20,261,5,286,88,0,88,374
01/20/2006,FTY,GA,ASO,ES,Federal Contract Tower,0,27,132,2,161,0,4,131,2,137,0,31,263,4,298,192,2,194,492
01/21/2006,FTY,GA,ASO,ES,Federal Contract Tower,0,5,42,2,49,0,0,3,0,3,0,5,45,2,52,0,0,0,52
01/22/2006,FTY,GA,ASO,ES,Federal Contract Tower,0,15,54,2,71,0,0,0,0,0,0,15,54,2,71,0,0,0,71
01/23/2006,FTY,GA,ASO,ES,Federal Contract Tower,0,24,92,2,118,0,0,0,0,0,0,24,92,2,118,0,0,0,118
01/24/2006,FTY,GA,ASO,ES,Federal Contract Tower,0,27,140,2,169,0,0,96,0,96,0,27,236,2,265,94,0,94,359
01/25/2006,FTY,GA,ASO,ES,Federal Contract Tower,0,21,121,3,145,0,8,106,0,114,0,29,227,3,259,100,0,100,359
01/26/2006,FTY,GA,ASO,ES,Federal Contract Tower,0,25,152,1,178,0,8,135,0,143,0,33,287,1,321,108,0,108,429
01/27/2006,FTY,GA,ASO,ES,Federal Contract Tower,0,28,123,1,152,0,3,157,0,160,0,31,280,1,312,144,0,144,456
01/28/2006,FTY,GA,ASO,ES,Federal Contract Tower,0,2,63,4,69,0,0,132,0,132,0,2,195,4,201,194,0,194,395
01/29/2006,FTY,GA,ASO,ES,Federal Contract Tower,0,11,60,0,71,0,0,41,0,41,0,11,101,0,112,24,0,24,136
01/30/2006,FTY,GA,ASO,ES,Federal Contract Tower,0,23,131,0,154,0,0,62,0,62,0,23,193,0,216,62,0,62,278
01/31/2006,FTY,GA,ASO,ES,Federal Contract Tower,0,17,91,2,110,0,0,76,1,77,0,17,167,3,187,146,0,146,333
02/01/2006,FTY,GA,ASO,ES,Federal Contract Tower,0,17,149,0,166,0,4,111,0,115,0,21,260,0,281,178,0,178,459
02/02/2006,FTY,GA,ASO,ES,Federal Contract Tower,0,26,124,5,155,0,0,33,0,33,0,26,157,5,188,80,0,80,268
02/03/2006,FTY,GA,ASO,ES,Federal Contract Tower,0,13,93,4,110,0,4,108,0,112,0,17,201,4,222,196,0,196,418
02/04/2006,FTY,GA,ASO,ES,Federal Contract Tower,0,5,27,0,32,0,1,24,0,25,0,6,51,0,57,30,0,30,87
02/05/2006,FTY,GA,ASO,ES,Federal Contract Tower,0,10,60,2,72,0,0,53,0,53,0,10,113,2,125,78,0,78,203
02/06/2006,FTY,GA,ASO,ES,Federal Contract Tower,0,19,91,4,114,0,0,6,0,6,0,19,97,4,120,0,0,0,120
02/07/2006,FTY,GA,ASO,ES,Federal Contract Tower,0,18,128,3,149,0,2,51,0,53,0,20,179,3,202,10,0,10,212
02/08/2006,FTY,GA,ASO,ES,Federal Contract Tower,0,23,129,0,152,0,6,107,0,113,0,29,236,0,265,128,0,128,393
02/09/2006,FTY,GA,ASO,ES,Federal Contract Tower,0,23,127,0,150,0,6,118,2,126,0,29,245,2,276,48,8,56,332
02/10/2006,FTY,GA,ASO,ES,Federal Contract Tower,0,11,84,5,100,0,2,80,0,82,0,13,164,5,182,144,0,144,326
02/11/2006,FTY,GA,ASO,ES,Federal Contract Tower,0,8,38,1,47,0,0,6,0,6,0,8,44,1,53,0,0,0,53
02/12/2006,FTY,GA,ASO,ES,Federal Contract Tower,0,7,56,1,64,0,0,25,0,25,0,7,81,1,89,56,0,56,145
02/13/2006,FTY,GA,ASO,ES,Federal Contract Tower,0,19,108,0,127,0,0,96,0,96,0,19,204,0,223,58,0,58,281
02/14/2006,FTY,GA,ASO,ES,Federal Contract Tower,0,23,106,3,132,0,6,116,1,123,0,29,222,4,255,72,0,72,327
02/15/2006,FTY,GA,ASO,ES,Federal Contract Tower,0,18,116,5,139,0,0,162,0,162,0,18,278,5,301,150,0,150,451
02/16/2006,FTY,GA,ASO,ES,Federal Contract Tower,0,32,163,0,195,0,6,107,2,115,0,38,270,2,310,70,2,72,382
02/17/2006,FTY,GA,ASO,ES,Federal Contract Tower,0,17,143,0,160,0,5,117,2,124,0,22,260,2,284,134,0,134,418
02/18/2006,FTY,GA,ASO,ES,Federal Contract Tower,0,5,45,2,52,0,2,8,0,10,0,7,53,2,62,14,0,14,76
02/19/2006,FTY,GA,ASO,ES,Federal Contract Tower,0,9,60,0,69,0,0,6,0,6,0,9,66,0,75,0,0,0,75
02/20/2006,FTY,GA,ASO,ES,Federal Contract Tower,0,9,118,0,127,0,0,4,0,4,0,9,122,0,131,0,0,0,131
02/21/2006,FTY,GA,ASO,ES,Federal Contract Tower,0,14,133,0,147,0,6,45,0,51,0,20,178,0,198,52,0,52,250
02/22/2006,FTY,GA,ASO,ES,Federal Contract Tower,0,29,126,2,157,0,0,5,0,5,0,29,131,2,162,0,0,0,162
02/23/2006,FTY,GA,ASO,ES,Federal Contract Tower,0,25,144,8,177,0,6,63,0,69,0,31,207,8,246,72,0,72,318
02/24/2006,FTY,GA,ASO,ES,Federal Contract Tower,0,23,147,4,174,0,4,142,0,146,0,27,289,4,320,244,0,244,564
02/25/2006,FTY,GA,ASO,ES,Federal Contract Tower,0,3,47,1,51,0,0,0,0,0,0,3,47,1,51,0,0,0,51
02/26/2006,FTY,GA,ASO,ES,Federal Contract Tower,0,12,86,0,98,0,10,77,0,87,0,22,163,0,185,130,0,130,315
02/27/2006,FTY,GA,ASO,ES,Federal Contract Tower,0,13,89,2,104,0,0,115,0,115,0,13,204,2,219,58,0,58,277
02/28/2006,FTY,GA,ASO,ES,Federal Contract Tower,0,17,123,2,142,0,0,108,0,108,0,17,231,2,250,110,0,110,360
03/01/2006,FTY,GA,ASO,ES,Federal Contract Tower,0,27,118,3,148,0,4,128,0,132,0,31,246,3,280,126,0,126,406
03/02/2006,FTY,GA,ASO,ES,Federal Contract Tower,0,31,154,1,186,0,0,67,0,67,0,31,221,1,253,60,0,60,313
03/03/2006,FTY,GA,ASO,ES,Federal Contract Tower,0,42,157,2,201,0,2,140,1,143,0,44,297,3,344,114,0,114,458
03/04/2006,FTY,GA,ASO,ES,Federal Contract Tower,0,30,87,0,117,0,2,120,0,122,0,32,207,0,239,196,0,196,435
03/05/2006,FTY,GA,ASO,ES,Federal Contract Tower,0,16,81,0,97,0,14,66,0,80,0,30,147,0,177,122,0,122,299
03/06/2006,FTY,GA,ASO,ES,Federal Contract Tower,0,24,115,1,140,0,2,77,0,79,0,26,192,1,219,76,0,76,295
03/07/2006,FTY,GA,ASO,ES,Federal Contract Tower,0,25,118,2,145,0,2,158,0,160,0,27,276,2,305,132,0,132,437
03/08/2006,FTY,GA,ASO,ES,Federal Contract Tower,0,22,89,3,114,0,2,122,0,124,0,24,211,3,238,86,0,86,324
03/09/2006,FTY,GA,ASO,ES,Federal Contract Tower,0,20,90,2,112,0,0,41,1,42,0,20,131,3,154,40,0,40,194
03/10/2006,FTY,GA,ASO,ES,Federal Contract Tower,0,24,98,2,124,0,3,95,2,100,0,27,193,4,224,194,0,194,418
03/11/2006,FTY,GA,ASO,ES,Federal Contract Tower,0,10,65,2,77,0,2,35,0,37,0,12,100,2,114,66,0,66,180
03/12/2006,FTY,GA,ASO,ES,Federal Contract Tower,0,13,65,0,78,0,6,80,0,86,0,19,145,0,164,162,0,162,326
03/13/2006,FTY,GA,ASO,ES,Federal Contract Tower,0,15,95,4,114,0,0,58,0,58,0,15,153,4,172,6,0,6,178
03/14/2006,FTY,GA,ASO,ES,Federal Contract Tower,0,29,111,1,141,0,2,75,0,77,0,31,186,1,218,24,0,24,242
03/15/2006,FTY,GA,ASO,ES,Federal Contract Tower,0,17,91,1,109,0,0,111,0,111,0,17,202,1,220,72,0,72,292
03/16/2006,FTY,GA,ASO,ES,Federal Contract Tower,0,31,122,2,155,0,0,118,2,120,0,31,240,4,275,168,0,168,443
03/17/2006,FTY,GA,ASO,ES,Federal Contract Tower,0,14,105,2,121,0,2,109,0,111,0,16,214,2,232,46,0,46,278
03/18/2006,FTY,GA,ASO,ES,Federal Contract Tower,0,10,34,0,44,0,4,95,0,99,0,14,129,0,143,194,0,194,337
03/19/2006,FTY,GA,ASO,ES,Federal Contract Tower,0,14,79,0,93,0,0,38,0,38,0,14,117,0,131,52,0,52,183
03/20/2006,FTY,GA,ASO,ES,Federal Contract Tower,0,13,94,2,109,0,0,51,0,51,0,13,145,2,160,32,0,32,192
03/21/2006,FTY,GA,ASO,ES,Federal Contract Tower,0,21,104,4,129,0,0,43,0,43,0,21,147,4,172,80,0,80,252
03/22/2006,FTY,GA,ASO,ES,Federal Contract Tower,0,27,135,2,164,0,6,100,0,106,0,33,235,2,270,120,0,120,390
03/23/2006,FTY,GA,ASO,ES,Federal Contract Tower,0,26,176,4,206,0,6,75,0,81,0,32,251,4,287,120,0,120,407
03/24/2006,FTY,GA,ASO,ES,Federal Contract Tower,0,27,116,1,144,0,4,104,0,108,0,31,220,1,252,66,0,66,318
03/25/2006,FTY,GA,ASO,ES,Federal Contract Tower,0,10,81,0,91,0,1,79,0,80,0,11,160,0,171,86,0,86,257
03/26/2006,FTY,GA,ASO,ES,Federal Contract Tower,0,13,55,1,69,0,0,58,0,58,0,13,113,1,127,44,0,44,171
03/27/2006,FTY,GA,ASO,ES,Federal Contract Tower,0,20,128,1,149,0,1,95,0,96,0,21,223,1,245,70,0,70,315
03/28/2006,FTY,GA,ASO,ES,Federal Contract Tower,0,30,129,0,159,0,0,23,0,23,0,30,152,0,182,40,0,40,222
03/29/2006,FTY,GA,ASO,ES,Federal Contract Tower,0,31,141,2,174,0,2,103,0,105,0,33,244,2,279,100,0,100,379
03/30/2006,FTY,GA,ASO,ES,Federal Contract Tower,0,29,129,0,158,0,5,91,0,96,0,34,220,0,254,162,0,162,416
03/31/2006,FTY,GA,ASO,ES,Federal Contract Tower,0,18,118,0,136,0,2,94,0,96,0,20,212,0,232,128,0,128,360
04/01/2006,FTY,GA,ASO,ES,Federal Contract Tower,0,5,57,0,62,0,0,38,0,38,0,5,95,0,100,64,0,64,164
04/02/2006,FTY,GA,ASO,ES,Federal Contract Tower,0,13,84,3,100,0,8,60,0,68,0,21,144,3,168,134,0,134,302
04/03/2006,FTY,GA,ASO,ES,Federal Contract Tower,0,27,95,2,124,0,2,33,0,35,0,29,128,2,159,20,0,20,179
04/04/2006,FTY,GA,ASO,ES,Federal Contract Tower,0,23,119,5,147,0,4,89,0,93,0,27,208,5,240,64,0,64,304
04/05/2006,FTY,GA,ASO,ES,Federal Contract Tower,0,21,117,0,138,0,5,85,0,90,0,26,202,0,228,82,0,82,310
04/06/2006,FTY,GA,ASO,ES,Federal Contract Tower,0,26,117,1,144,0,1,102,0,103,0,27,219,1,247,144,0,144,391
04/07/2006,FTY,GA,ASO,ES,Federal Contract Tower,0,19,123,2,144,0,0,82,0,82,0,19,205,2,226,88,0,88,314
04/08/2006,FTY,GA,ASO,ES,Federal Contract Tower,0,3,34,0,37,0,4,36,0,40,0,7,70,0,77,66,0,66,143
04/09/2006,FTY,GA,ASO,ES,Federal Contract Tower,0,4,75,2,81,0,0,88,0,88,0,4,163,2,169,194,0,194,363
04/10/2006,FTY,GA,ASO,ES,Federal Contract Tower,0,16,97,2,115,0,6,74,0,80,0,22,171,2,195,168,0,168,363
04/11/2006,FTY,GA,ASO,ES,Federal Contract Tower,0,20,110,4,134,0,0,151,0,151,0,20,261,4,285,242,0,242,527
04/12/2006,FTY,GA,ASO,ES,Federal Contract Tower,0,12,124,2,138,0,6,77,5,88,0,18,201,7,226,76,0,76,302
04/13/2006,FTY,GA,ASO,ES,Federal Contract Tower,0,26,130,1,157,0,0,156,0,156,0,26,286,1,313,124,0,124,437
04/14/2006,FTY,GA,ASO,ES,Federal Contract Tower,0,15,74,2,91,0,10,135,0,145,0,25,209,2,236,98,0,98,334
04/15/2006,FTY,GA,ASO,ES,Federal Contract Tower,0,6,34,0,40,0,3,82,0,85,0,9,116,0,125,106,0,106,231
04/16/2006,FTY,GA,ASO,ES,Federal Contract Tower,0,4,41,0,45,0,6,60,0,66,0,10,101,0,111,42,0,42,153
04/17/2006,FTY,GA,ASO,ES,Federal Contract Tower,0,26,126,1,153,0,6,65,0,71,0,32,191,1,224,44,0,44,268
04/18/2006,FTY,GA,ASO,ES,Federal Contract Tower,0,21,115,16,152,0,2,113,0,115,0,23,228,16,267,136,0,136,403
04/19/2006,FTY,GA,ASO,ES,Federal Contract Tower,0,21,118,2,141,0,0,7,0,7,0,21,125,2,148,2,0,2,150
04/20/2006,FTY,GA,ASO,ES,Federal Contract Tower,0,32,162,2,196,0,0,107,0,107,0,32,269,2,303,118,0,118,421
04/21/2006,FTY,GA,ASO,ES,Federal Contract Tower,0,21,116,2,139,0,0,74,0,74,0,21,190,2,213,88,0,88,301
04/22/2006,FTY,GA,ASO,ES,Federal Contract Tower,0,11,56,0,67,0,0,21,0,21,0,11,77,0,88,34,0,34,122
04/23/2006,FTY,GA,ASO,ES,Federal Contract Tower,0,11,91,0,102,0,4,104,0,108,0,15,195,0,210,110,0,110,320
04/24/2006,FTY,GA,ASO,ES,Federal Contract Tower,0,26,85,6,117,0,0,97,0,97,0,26,182,6,214,24,0,24,238
04/25/2006,FTY,GA,ASO,ES,Federal Contract Tower,0,22,122,12,156,0,1,132,0,133,0,23,254,12,289,108,0,108,397
04/26/2006,FTY,GA,ASO,ES,Federal Contract Tower,0,16,125,9,150,0,0,25,0,25,0,16,150,9,175,44,0,44,219
04/27/2006,FTY,GA,ASO,ES,Federal Contract Tower,0,8,138,12,158,0,2,122,3,127,0,10,260,15,285,154,0,154,439
04/28/2006,FTY,GA,ASO,ES,Federal Contract Tower,0,17,131,4,152,0,5,137,0,142,0,22,268,4,294,130,0,130,424
04/29/2006,FTY,GA,ASO,ES,Federal Contract Tower,0,4,38,2,44,0,0,76,0,76,0,4,114,2,120,92,0,92,212
04/30/2006,FTY,GA,ASO,ES,Federal Contract Tower,0,8,61,0,69,0,2,38,0,40,0,10,99,0,109,8,0,8,117
05/01/2006,FTY,GA,ASO,ES,Federal Contract Tower,0,10,123,0,133,0,0,84,0,84,0,10,207,0,217,88,0,88,305
05/02/2006,FTY,GA,ASO,ES,Federal Contract Tower,0,23,123,4,150,0,2,147,0,149,0,25,270,4,299,98,16,114,413
05/03/2006,FTY,GA,ASO,ES,Federal Contract Tower,0,25,133,0,158,0,2,92,0,94,0,27,225,0,252,66,0,66,318
05/04/2006,FTY,GA,ASO,ES,Federal Contract Tower,0,19,105,3,127,0,2,84,0,86,0,21,189,3,213,70,0,70,283
05/05/2006,FTY,GA,ASO,ES,Federal Contract Tower,0,10,98,1,109,0,5,53,1,59,0,15,151,2,168,24,0,24,192
05/06/2006,FTY,GA,ASO,ES,Federal Contract Tower,0,6,50,2,58,0,0,95,0,95,0,6,145,2,153,66,0,66,219
05/07/2006,FTY,GA,ASO,ES,Federal Contract Tower,0,11,66,0,77,0,0,3,0,3,0,11,69,0,80,62,0,62,142
05/08/2006,FTY,GA,ASO,ES,Federal Contract Tower,0,17,131,4,152,0,1,35,2,38,0,18,166,6,190,48,0,48,238
05/09/2006,FTY,GA,ASO,ES,Federal Contract Tower,0,22,117,6,145,0,0,68,0,68,0,22,185,6,213,84,0,84,297
05/10/2006,FTY,GA,ASO,ES,Federal Contract Tower,0,20,85,3,108,0,0,23,0,23,0,20,108,3,131,2,0,2,133
05/11/2006,FTY,GA,ASO,ES,Federal Contract Tower,0,20,124,0,144,0,8,102,2,112,0,28,226,2,256,26,20,46,302
05/12/2006,FTY,GA,ASO,ES,Federal Contract Tower,0,24,98,0,122,0,2,116,0,118,0,26,214,0,240,46,0,46,286
05/13/2006,FTY,GA,ASO,ES,Federal Contract Tower,0,6,42,6,54,0,0,87,0,87,0,6,129,6,141,128,0,128,269
05/14/2006,FTY,GA,ASO,ES,Federal Contract Tower,0,6,50,2,58,0,2,43,0,45,0,8,93,2,103,80,0,80,183
05/15/2006,FTY,GA,ASO,ES,Federal Contract Tower,0,22,97,0,119,0,0,143,0,143,0,22,240,0,262,72,0,72,334
05/16/2006,FTY,GA,ASO,ES,Federal Contract Tower,0,18,108,2,128,0,0,138,0,138,0,18,246,2,266,86,0,86,352
05/17/2006,FTY,GA,ASO,ES,Federal Contract Tower,0,0,0,0,0,0,14,276,2,292,0,14,276,2,292,130,0,130,422
05/18/2006,FTY,GA,ASO,ES,Federal Contract Tower,0,16,136,0,152,0,2,99,0,101,0,18,235,0,253,74,0,74,327
05/19/2006,FTY,GA,ASO,ES,Federal Contract Tower,0,19,87,1,107,0,3,122,0,125,0,22,209,1,232,80,0,80,312
05/20/2006,FTY,GA,ASO,ES,Federal Contract Tower,0,11,34,0,45,0,8,85,0,93,0,19,119,0,138,36,0,36,174
05/21/2006,FTY,GA,ASO,ES,Federal Contract Tower,0,10,54,2,66,0,2,40,1,43,0,12,94,3,109,96,0,96,205
05/22/2006,FTY,GA,ASO,ES,Federal Contract Tower,0,16,106,3,125,0,1,109,0,110,0,17,215,3,235,52,0,52,287
05/23/2006,FTY,GA,ASO,ES,Federal Contract Tower,0,19,116,0,135,0,0,137,0,137,0,19,253,0,272,86,0,86,358
05/24/2006,FTY,GA,ASO,ES,Federal Contract Tower,0,22,131,0,153,0,4,119,0,123,0,26,250,0,276,78,0,78,354
05/25/2006,FTY,GA,ASO,ES,Federal Contract Tower,0,15,146,6,167,0,2,109,0,111,0,17,255,6,278,96,0,96,374
05/26/2006,FTY,GA,ASO,ES,Federal Contract Tower,0,18,119,0,137,0,3,118,0,121,0,21,237,0,258,178,0,178,436
05/27/2006,FTY,GA,ASO,ES,Federal Contract Tower,0,6,34,0,40,0,0,91,0,91,0,6,125,0,131,124,0,124,255
05/28/2006,FTY,GA,ASO,ES,Federal Contract Tower,0,3,33,0,36,0,16,51,0,67,0,19,84,0,103,22,0,22,125
05/29/2006,FTY,GA,ASO,ES,Federal Contract Tower,0,18,50,0,68,0,0,59,3,62,0,18,109,3,130,102,0,102,232
05/30/2006,FTY,GA,ASO,ES,Federal Contract Tower,0,16,138,0,154,0,2,104,0,106,0,18,242,0,260,44,0,44,304
05/31/2006,FTY,GA,ASO,ES,Federal Contract Tower,0,0,0,0,0,0,20,207,0,227,0,20,207,0,227,158,0,158,385
06/01/2006,FTY,GA,ASO,ES,Federal Contract Tower,0,15,116,2,133,0,6,135,0,141,0,21,251,2,274,124,0,124,398
06/02/2006,FTY,GA,ASO,ES,Federal Contract Tower,0,30,112,0,142,0,6,76,0,82,0,36,188,0,224,102,0,102,326
06/03/2006,FTY,GA,ASO,ES,Federal Contract Tower,0,8,63,0,71,0,6,68,0,74,0,14,131,0,145,54,0,54,199
06/04/2006,FTY,GA,ASO,ES,Federal Contract Tower,0,7,60,2,69,0,6,89,0,95,0,13,149,2,164,82,0,82,246
06/05/2006,FTY,GA,ASO,ES,Federal Contract Tower,0,21,96,3,120,0,6,147,0,153,0,27,243,3,273,88,0,88,361
06/06/2006,FTY,GA,ASO,ES,Federal Contract Tower,0,20,116,2,138,0,0,104,0,104,0,20,220,2,242,128,0,128,370
06/07/2006,FTY,GA,ASO,ES,Federal Contract Tower,0,14,123,2,139,0,4,121,0,125,0,18,244,2,264,126,0,126,390
06/08/2006,FTY,GA,ASO,ES,Federal Contract Tower,0,19,146,3,168,0,0,104,0,104,0,19,250,3,272,48,0,48,320
06/09/2006,FTY,GA,ASO,ES,Federal Contract Tower,0,16,95,5,116,0,3,115,6,124,0,19,210,11,240,78,0,78,318
06/10/2006,FTY,GA,ASO,ES,Federal Contract Tower,0,2,32,1,35,0,0,83,0,83,0,2,115,1,118,130,0,130,248
06/11/2006,FTY,GA,ASO,ES,Federal Contract Tower,0,3,59,3,65,0,0,60,0,60,0,3,119,3,125,142,0,142,267
06/12/2006,FTY,GA,ASO,ES,Federal Contract Tower,0,18,99,2,119,0,2,37,0,39,0,20,136,2,158,32,0,32,190
06/13/2006,FTY,GA,ASO,ES,Federal Contract Tower,0,24,131,3,158,0,0,52,0,52,0,24,183,3,210,0,0,0,210
06/14/2006,FTY,GA,ASO,ES,Federal Contract Tower,0,21,115,0,136,0,4,133,3,140,0,25,248,3,276,204,0,204,480
06/15/2006,FTY,GA,ASO,ES,Federal Contract Tower,0,23,180,0,203,0,1,150,4,155,0,24,330,4,358,102,8,110,468
06/16/2006,FTY,GA,ASO,ES,Federal Contract Tower,0,15,117,0,132,0,2,118,0,120,0,17,235,0,252,128,0,128,380
06/17/2006,FTY,GA,ASO,ES,Federal Contract Tower,0,4,58,2,64,0,0,74,0,74,0,4,132,2,138,164,0,164,302
06/18/2006,FTY,GA,ASO,ES,Federal Contract Tower,0,11,33,2,46,0,4,57,0,61,0,15,90,2,107,76,0,76,183
06/19/2006,FTY,GA,ASO,ES,Federal Contract Tower,0,18,120,0,138,0,3,93,0,96,0,21,213,0,234,174,0,174,408
06/20/2006,FTY,GA,ASO,ES,Federal Contract Tower,0,18,115,2,135,0,0,76,0,76,0,18,191,2,211,122,0,122,333
06/21/2006,FTY,GA,ASO,ES,Federal Contract Tower,0,22,117,2,141,0,1,121,0,122,0,23,238,2,263,258,0,258,521
06/22/2006,FTY,GA,ASO,ES,Federal Contract Tower,0,22,94,0,116,0,2,90,0,92,0,24,184,0,208,64,0,64,272
06/23/2006,FTY,GA,ASO,ES,Federal Contract Tower,0,18,97,0,115,0,0,105,2,107,0,18,202,2,222,174,0,174,396
06/24/2006,FTY,GA,ASO,ES,Federal Contract Tower,0,4,34,2,40,0,0,49,0,49,0,4,83,2,89,98,0,98,187
06/25/2006,FTY,GA,ASO,ES,Federal Contract Tower,0,17,60,0,77,0,0,15,0,15,0,17,75,0,92,24,0,24,116
06/26/2006,FTY,GA,ASO,ES,Federal Contract Tower,0,23,102,3,128,0,1,26,0,27,0,24,128,3,155,16,0,16,171
06/27/2006,FTY,GA,ASO,ES,Federal Contract Tower,0,26,100,1,127,0,2,80,0,82,0,28,180,1,209,92,0,92,301
06/28/2006,FTY,GA,ASO,ES,Federal Contract Tower,0,29,133,7,169,0,2,114,0,116,0,31,247,7,285,144,0,144,429
06/29/2006,FTY,GA,ASO,ES,Federal Contract Tower,0,19,121,2,142,0,8,149,0,157,0,27,270,2,299,82,0,82,381
06/30/2006,FTY,GA,ASO,ES,Federal Contract Tower,0,23,121,9,153,0,1,118,0,119,0,24,239,9,272,134,0,134,406
07/01/2006,FTY,GA,ASO,ES,Federal Contract Tower,0,11,39,0,50,0,0,74,0,74,0,11,113,0,124,162,0,162,286
07/02/2006,FTY,GA,ASO,ES,Federal Contract Tower,0,12,33,0,45,0,0,54,0,54,0,12,87,0,99,102,0,102,201
07/03/2006,FTY,GA,ASO,ES,Federal Contract Tower,0,13,26,0,39,0,2,54,0,56,0,15,80,0,95,76,0,76,171
07/04/2006,FTY,GA,ASO,ES,Federal Contract Tower,0,5,21,0,26,0,0,45,2,47,0,5,66,2,73,62,0,62,135
07/05/2006,FTY,GA,ASO,ES,Federal Contract Tower,0,24,104,4,132,0,0,85,0,85,0,24,189,4,217,122,0,122,339
07/06/2006,FTY,GA,ASO,ES,Federal Contract Tower,0,21,98,0,119,0,2,71,0,73,0,23,169,0,192,28,0,28,220
07/07/2006,FTY,GA,ASO,ES,Federal Contract Tower,0,22,92,2,116,0,2,100,0,102,0,24,192,2,218,102,0,102,320
07/08/2006,FTY,GA,ASO,ES,Federal Contract Tower,0,5,36,1,42,0,0,92,0,92,0,5,128,1,134,88,0,88,222
07/09/2006,FTY,GA,ASO,ES,Federal Contract Tower,0,8,59,1,68,0,0,41,0,41,0,8,100,1,109,124,0,124,233
07/10/2006,FTY,GA,ASO,ES,Federal Contract Tower,0,16,77,1,94,0,2,90,0,92,0,18,167,1,186,80,0,80,266
07/11/2006,FTY,GA,ASO,ES,Federal Contract Tower,0,20,120,4,144,0,0,121,0,121,0,20,241,4,265,172,0,172,437
07/12/2006,FTY,GA,ASO,ES,Federal Contract Tower,0,28,106,2,136,0,1,197,0,198,0,29,303,2,334,98,0,98,432
07/13/2006,FTY,GA,ASO,ES,Federal Contract Tower,0,13,98,3,114,0,1,112,0,113,0,14,210,3,227,154,0,154,381
07/14/2006,FTY,GA,ASO,ES,Federal Contract Tower,0,17,95,0,112,0,3,101,0,104,0,20,196,0,216,138,0,138,354
07/15/2006,FTY,GA,ASO,ES,Federal Contract Tower,0,5,48,0,53,0,2,55,0,57,0,7,103,0,110,76,0,76,186
07/16/2006,FTY,GA,ASO,ES,Federal Contract Tower,0,5,66,0,71,0,1,68,2,71,0,6,134,2,142,154,6,160,302
07/17/2006,FTY,GA,ASO,ES,Federal Contract Tower,0,13,99,2,114,0,0,111,0,111,0,13,210,2,225,208,0,208,433
07/18/2006,FTY,GA,ASO,ES,Federal Contract Tower,0,17,121,3,141,0,2,133,0,135,0,19,254,3,276,184,0,184,460
07/19/2006,FTY,GA,ASO,ES,Federal Contract Tower,0,17,132,4,153,0,2,122,0,124,0,19,254,4,277,138,0,138,415
07/20/2006,FTY,GA,ASO,ES,Federal Contract Tower,0,18,119,4,141,0,4,94,1,99,0,22,213,5,240,104,0,104,344
07/21/2006,FTY,GA,ASO,ES,Federal Contract Tower,0,20,104,8,132,0,1,105,0,106,0,21,209,8,238,140,0,140,378
07/22/2006,FTY,GA,ASO,ES,Federal Contract Tower,0,4,42,2,48,0,2,52,0,54,0,6,94,2,102,104,0,104,206
07/23/2006,FTY,GA,ASO,ES,Federal Contract Tower,0,10,76,0,86,0,2,35,0,37,0,12,111,0,123,132,0,132,255
07/24/2006,FTY,GA,ASO,ES,Federal Contract Tower,0,21,114,2,137,0,0,67,0,67,0,21,181,2,204,66,0,66,270
07/25/2006,FTY,GA,ASO,ES,Federal Contract Tower,0,19,126,6,151,0,2,123,0,125,0,21,249,6,276,82,0,82,358
07/26/2006,FTY,GA,ASO,ES,Federal Contract Tower,0,14,90,5,109,0,2,132,1,135,0,16,222,6,244,122,0,122,366
07/27/2006,FTY,GA,ASO,ES,Federal Contract Tower,0,11,137,2,150,0,2,142,2,146,0,13,279,4,296,184,0,184,480
07/28/2006,FTY,GA,ASO,ES,Federal Contract Tower,0,19,78,0,97,0,6,129,0,135,0,25,207,0,232,96,0,96,328
07/29/2006,FTY,GA,ASO,ES,Federal Contract Tower,0,9,48,0,57,0,0,95,4,99,0,9,143,4,156,226,0,226,382
07/30/2006,FTY,GA,ASO,ES,Federal Contract Tower,0,10,66,0,76,0,0,62,0,62,0,10,128,0,138,170,0,170,308
07/31/2006,FTY,GA,ASO,ES,Federal Contract Tower,0,16,91,0,107,0,0,126,0,126,0,16,217,0,233,52,0,52,285
08/01/2006,FTY,GA,ASO,ES,Federal Contract Tower,0,16,109,4,129,0,2,99,0,101,0,18,208,4,230,126,0,126,356
08/02/2006,FTY,GA,ASO,ES,Federal Contract Tower,0,14,99,1,114,0,6,117,0,123,0,20,216,1,237,94,0,94,331
08/03/2006,FTY,GA,ASO,ES,Federal Contract Tower,0,25,96,1,122,0,7,127,0,134,0,32,223,1,256,98,0,98,354
08/04/2006,FTY,GA,ASO,ES,Federal Contract Tower,0,20,104,0,124,0,2,103,5,110,0,22,207,5,234,66,0,66,300
08/05/2006,FTY,GA,ASO,ES,Federal Contract Tower,0,7,44,0,51,0,0,35,0,35,0,7,79,0,86,54,0,54,140
08/06/2006,FTY,GA,ASO,ES,Federal Contract Tower,0,7,57,0,64,0,0,64,0,64,0,7,121,0,128,126,0,126,254
08/07/2006,FTY,GA,ASO,ES,Federal Contract Tower,0,16,91,0,107,0,2,110,0,112,0,18,201,0,219,52,0,52,271
08/08/2006,FTY,GA,ASO,ES,Federal Contract Tower,0,21,121,2,144,0,2,82,0,84,0,23,203,2,228,150,0,150,378
08/09/2006,FTY,GA,ASO,ES,Federal Contract Tower,0,29,120,0,149,0,0,145,0,145,0,29,265,0,294,164,0,164,458
08/10/2006,FTY,GA,ASO,ES,Federal Contract Tower,0,31,136,0,167,0,2,112,0,114,0,33,248,0,281,102,0,102,383
08/11/2006,FTY,GA,ASO,ES,Federal Contract Tower,0,20,89,0,109,0,9,56,2,67,0,29,145,2,176,46,0,46,222
08/12/2006,FTY,GA,ASO,ES,Federal Contract Tower,0,1,33,0,34,0,2,12,0,14,0,3,45,0,48,18,0,18,66
08/13/2006,FTY,GA,ASO,ES,Federal Contract Tower,0,10,79,0,89,0,0,39,0,39,0,10,118,0,128,102,0,102,230
08/14/2006,FTY,GA,ASO,ES,Federal Contract Tower,0,13,91,2,106,0,0,100,2,102,0,13,191,4,208,66,0,66,274
08/15/2006,FTY,GA,ASO,ES,Federal Contract Tower,0,14,115,0,129,0,0,74,0,74,0,14,189,0,203,58,0,58,261
08/16/2006,FTY,GA,ASO,ES,Federal Contract Tower,0,19,132,2,153,0,0,55,0,55,0,19,187,2,208,52,0,52,260
08/17/2006,FTY,GA,ASO,ES,Federal Contract Tower,0,22,149,0,171,0,3,92,0,95,0,25,241,0,266,126,0,126,392
08/18/2006,FTY,GA,ASO,ES,Federal Contract Tower,0,21,120,0,141,0,0,167,0,167,0,21,287,0,308,144,0,144,452
08/19/2006,FTY,GA,ASO,ES,Federal Contract Tower,0,3,45,0,48,0,2,102,0,104,0,5,147,0,152,192,0,192,344
08/20/2006,FTY,GA,ASO,ES,Federal Contract Tower,0,13,45,0,58,0,0,47,0,47,0,13,92,0,105,76,0,76,181
08/21/2006,FTY,GA,ASO,ES,Federal Contract Tower,0,10,124,5,139,0,0,118,2,120,0,10,242,7,259,94,0,94,353
08/22/2006,FTY,GA,ASO,ES,Federal Contract Tower,0,26,126,0,152,0,2,47,1,50,0,28,173,1,202,96,0,96,298
08/23/2006,FTY,GA,ASO,ES,Federal Contract Tower,0,25,138,0,163,0,8,63,0,71,0,33,201,0,234,154,0,154,388
08/24/2006,FTY,GA,ASO,ES,Federal Contract Tower,0,25,163,0,188,0,2,53,0,55,0,27,216,0,243,92,0,92,335
08/25/2006,FTY,GA,ASO,ES,Federal Contract Tower,0,25,175,0,200,0,6,90,0,96,0,31,265,0,296,146,0,146,442
08/26/2006,FTY,GA,ASO,ES,Federal Contract Tower,0,3,55,0,58,0,0,84,0,84,0,3,139,0,142,262,0,262,404
08/27/2006,FTY,GA,ASO,ES,Federal Contract Tower,0,4,57,0,61,0,0,76,0,76,0,4,133,0,137,114,0,114,251
08/28/2006,FTY,GA,ASO,ES,Federal Contract Tower,0,17,91,2,110,0,0,96,0,96,0,17,187,2,206,10,0,10,216
08/29/2006,FTY,GA,ASO,ES,Federal Contract Tower,0,24,127,6,157,0,0,101,0,101,0,24,228,6,258,138,0,138,396
08/30/2006,FTY,GA,ASO,ES,Federal Contract Tower,0,18,123,0,141,0,4,81,0,85,0,22,204,0,226,74,0,74,300
08/31/2006,FTY,GA,ASO,ES,Federal Contract Tower,0,34,118,0,152,0,1,39,0,40,0,35,157,0,192,8,0,8,200
09/01/2006,FTY,GA,ASO,ES,Federal Contract Tower,0,22,109,0,131,0,0,93,0,93,0,22,202,0,224,106,0,106,330
09/02/2006,FTY,GA,ASO,ES,Federal Contract Tower,0,7,57,0,64,0,4,62,0,66,0,11,119,0,130,86,0,86,216
09/03/2006,FTY,GA,ASO,ES,Federal Contract Tower,0,8,37,0,45,0,11,39,0,50,0,19,76,0,95,152,0,152,247
09/04/2006,FTY,GA,ASO,ES,Federal Contract Tower,0,9,57,0,66,0,0,62,0,62,0,9,119,0,128,104,0,104,232
09/05/2006,FTY,GA,ASO,ES,Federal Contract Tower,0,12,109,2,123,0,0,62,0,62,0,12,171,2,185,176,0,176,361
09/06/2006,FTY,GA,ASO,ES,Federal Contract Tower,0,15,127,0,142,0,0,83,0,83,0,15,210,0,225,206,0,206,431
09/07/2006,FTY,GA,ASO,ES,Federal Contract Tower,0,14,118,0,132,0,4,79,0,83,0,18,197,0,215,82,0,82,297
09/08/2006,FTY,GA,ASO,ES,Federal Contract Tower,0,31,120,3,154,0,0,96,0,96,0,31,216,3,250,66,0,66,316
09/09/2006,FTY,GA,ASO,ES,Federal Contract Tower,0,13,40,0,53,0,0,89,0,89,0,13,129,0,142,132,0,132,274
09/10/2006,FTY,GA,ASO,ES,Federal Contract Tower,0,18,71,3,92,0,0,62,0,62,0,18,133,3,154,102,0,102,256
09/11/2006,FTY,GA,ASO,ES,Federal Contract Tower,0,25,138,0,163,0,0,97,0,97,0,25,235,0,260,166,0,166,426
09/12/2006,FTY,GA,ASO,ES,Federal Contract Tower,0,35,135,3,173,0,0,30,0,30,0,35,165,3,203,158,0,158,361
09/13/2006,FTY,GA,ASO,ES,Federal Contract Tower,0,36,136,3,175,0,0,13,0,13,0,36,149,3,188,4,0,4,192
09/14/2006,FTY,GA,ASO,ES,Federal Contract Tower,0,29,155,2,186,0,0,150,0,150,0,29,305,2,336,164,0,164,500
09/15/2006,FTY,GA,ASO,ES,Federal Contract Tower,0,24,136,2,162,0,0,144,0,144,0,24,280,2,306,126,0,126,432
09/16/2006,FTY,GA,ASO,ES,Federal Contract Tower,0,12,47,2,61,0,3,95,0,98,0,15,142,2,159,154,0,154,313
09/17/2006,FTY,GA,ASO,ES,Federal Contract Tower,0,14,67,2,83,0,0,80,0,80,0,14,147,2,163,140,0,140,303
09/18/2006,FTY,GA,ASO,ES,Federal Contract Tower,0,19,110,0,129,0,0,54,0,54,0,19,164,0,183,42,0,42,225
09/19/2006,FTY,GA,ASO,ES,Federal Contract Tower,0,21,137,0,158,0,1,59,0,60,0,22,196,0,218,56,0,56,274
09/20/2006,FTY,GA,ASO,ES,Federal Contract Tower,0,18,120,2,140,0,3,128,0,131,0,21,248,2,271,168,168,336,607
09/21/2006,FTY,GA,ASO,ES,Federal Contract Tower,0,14,163,0,177,0,4,136,0,140,0,18,299,0,317,174,0,174,491
09/22/2006,FTY,GA,ASO,ES,Federal Contract Tower,0,25,116,1,142,0,6,110,0,116,0,31,226,1,258,132,0,132,390
09/23/2006,FTY,GA,ASO,ES,Federal Contract Tower,0,4,41,2,47,0,0,54,0,54,0,4,95,2,101,82,0,82,183
09/24/2006,FTY,GA,ASO,ES,Federal Contract Tower,0,10,63,1,74,0,0,25,0,25,0,10,88,1,99,0,0,0,99
09/25/2006,FTY,GA,ASO,ES,Federal Contract Tower,0,24,110,0,134,0,0,120,0,120,0,24,230,0,254,112,0,112,366
09/26/2006,FTY,GA,ASO,ES,Federal Contract Tower,0,24,127,0,151,0,2,187,0,189,0,26,314,0,340,134,0,134,474
09/27/2006,FTY,GA,ASO,ES,Federal Contract Tower,0,18,142,0,160,0,4,124,0,128,0,22,266,0,288,88,0,88,376
09/28/2006,FTY,GA,ASO,ES,Federal Contract Tower,0,24,141,0,165,0,3,129,0,132,0,27,270,0,297,126,0,126,423
09/29/2006,FTY,GA,ASO,ES,Federal Contract Tower,0,20,134,0,154,0,6,138,0,144,0,26,272,0,298,122,0,122,420
09/30/2006,FTY,GA,ASO,ES,Federal Contract Tower,0,8,47,0,55,0,2,97,0,99,0,10,144,0,154,104,0,104,258
10/01/2006,FTY,GA,ASO,ES,Federal Contract Tower,0,7,83,0,90,0,0,90,0,90,0,7,173,0,180,186,0,186,366
10/02/2006,FTY,GA,ASO,ES,Federal Contract Tower,0,19,131,4,154,0,2,106,0,108,0,21,237,4,262,70,0,70,332
10/03/2006,FTY,GA,ASO,ES,Federal Contract Tower,0,17,135,2,154,0,2,127,1,130,0,19,262,3,284,160,0,160,444
10/04/2006,FTY,GA,ASO,ES,Federal Contract Tower,0,18,138,2,158,0,0,118,0,118,0,18,256,2,276,74,74,148,424
10/05/2006,FTY,GA,ASO,ES,Federal Contract Tower,0,29,152,0,181,0,6,131,0,137,0,35,283,0,318,82,0,82,400
10/06/2006,FTY,GA,ASO,ES,Federal Contract Tower,0,29,115,3,147,0,6,87,0,93,0,35,202,3,240,50,0,50,290
10/07/2006,FTY,GA,ASO,ES,Federal Contract Tower,0,7,50,3,60,0,4,108,0,112,0,11,158,3,172,156,0,156,328
10/08/2006,FTY,GA,ASO,ES,Federal Contract Tower,0,9,71,0,80,0,0,57,0,57,0,9,128,0,137,170,0,170,307
10/09/2006,FTY,GA,ASO,ES,Federal Contract Tower,0,17,81,1,99,0,0,114,0,114,0,17,195,1,213,74,0,74,287
10/10/2006,FTY,GA,ASO,ES,Federal Contract Tower,0,14,128,0,142,0,2,130,0,132,0,16,258,0,274,164,0,164,438
10/11/2006,FTY,GA,ASO,ES,Federal Contract Tower,0,17,113,3,133,0,2,98,0,100,0,19,211,3,233,44,0,44,277
10/12/2006,FTY,GA,ASO,ES,Federal Contract Tower,0,22,116,3,141,0,0,103,0,103,0,22,219,3,244,104,0,104,348
10/13/2006,FTY,GA,ASO,ES,Federal Contract Tower,0,21,111,0,132,0,0,116,0,116,0,21,227,0,248,98,0,98,346
10/14/2006,FTY,GA,ASO,ES,Federal Contract Tower,0,8,44,2,54,0,0,97,0,97,0,8,141,2,151,96,0,96,247
10/15/2006,FTY,GA,ASO,ES,Federal Contract Tower,0,12,78,2,92,0,0,75,0,75,0,12,153,2,167,134,0,134,301
10/16/2006,FTY,GA,ASO,ES,Federal Contract Tower,0,22,143,1,166,0,0,64,0,64,0,22,207,1,230,52,0,52,282
10/17/2006,FTY,GA,ASO,ES,Federal Contract Tower,0,25,134,0,159,0,0,2,0,2,0,25,136,0,161,0,0,0,161
10/18/2006,FTY,GA,ASO,ES,Federal Contract Tower,0,17,163,2,182,0,2,24,0,26,0,19,187,2,208,36,0,36,244
10/19/2006,FTY,GA,ASO,ES,Federal Contract Tower,0,25,162,0,187,0,4,26,0,30,0,29,188,0,217,48,0,48,265
10/20/2006,FTY,GA,ASO,ES,Federal Contract Tower,0,28,106,2,136,0,2,93,1,96,0,30,199,3,232,174,0,174,406
10/21/2006,FTY,GA,ASO,ES,Federal Contract Tower,0,8,57,0,65,0,0,109,0,109,0,8,166,0,174,122,0,122,296
10/22/2006,FTY,GA,ASO,ES,Federal Contract Tower,0,10,75,0,85,0,0,39,0,39,0,10,114,0,124,60,0,60,184
10/23/2006,FTY,GA,ASO,ES,Federal Contract Tower,0,14,106,0,120,0,0,83,0,83,0,14,189,0,203,64,0,64,267
10/24/2006,FTY,GA,ASO,ES,Federal Contract Tower,0,17,107,0,124,0,0,142,0,142,0,17,249,0,266,130,0,130,396
10/25/2006,FTY,GA,ASO,ES,Federal Contract Tower,0,23,123,3,149,0,2,136,2,140,0,25,259,5,289,170,0,170,459
10/26/2006,FTY,GA,ASO,ES,Federal Contract Tower,0,23,142,8,173,0,0,105,0,105,0,23,247,8,278,188,0,188,466
10/27/2006,FTY,GA,ASO,ES,Federal Contract Tower,0,24,103,0,127,0,0,1,0,1,0,24,104,0,128,0,0,0,128
10/28/2006,FTY,GA,ASO,ES,Federal Contract Tower,0,12,58,0,70,0,2,38,0,40,0,14,96,0,110,28,0,28,138
10/29/2006,FTY,GA,ASO,ES,Federal Contract Tower,0,18,83,0,101,0,12,90,0,102,0,30,173,0,203,182,0,182,385
10/30/2006,FTY,GA,ASO,ES,Federal Contract Tower,0,14,115,0,129,0,0,141,0,141,0,14,256,0,270,128,0,128,398
10/31/2006,FTY,GA,ASO,ES,Federal Contract Tower,0,31,124,2,157,0,4,122,0,126,0,35,246,2,283,146,0,146,429
11/01/2006,FTY,GA,ASO,ES,Federal Contract Tower,0,19,143,2,164,0,4,95,0,99,0,23,238,2,263,200,0,200,463
11/02/2006,FTY,GA,ASO,ES,Federal Contract Tower,0,40,149,2,191,0,0,72,2,74,0,40,221,4,265,26,0,26,291
11/03/2006,FTY,GA,ASO,ES,Federal Contract Tower,0,25,139,0,164,0,0,127,0,127,0,25,266,0,291,184,0,184,475
11/04/2006,FTY,GA,ASO,ES,Federal Contract Tower,0,9,47,0,56,0,2,102,2,106,0,11,149,2,162,138,0,138,300
11/05/2006,FTY,GA,ASO,ES,Federal Contract Tower,0,8,80,0,88,0,0,68,0,68,0,8,148,0,156,152,0,152,308
11/06/2006,FTY,GA,ASO,ES,Federal Contract Tower,0,18,119,4,141,0,0,91,0,91,0,18,210,4,232,102,0,102,334
11/07/2006,FTY,GA,ASO,ES,Federal Contract Tower,0,30,143,2,175,0,0,2,0,2,0,30,145,2,177,0,0,0,177
11/08/2006,FTY,GA,ASO,ES,Federal Contract Tower,0,26,131,10,167,0,6,38,0,44,0,32,169,10,211,28,0,28,239
11/09/2006,FTY,GA,ASO,ES,Federal Contract Tower,0,21,122,5,148,0,0,146,0,146,0,21,268,5,294,200,0,200,494
11/10/2006,FTY,GA,ASO,ES,Federal Contract Tower,0,24,126,4,154,0,0,162,0,162,0,24,288,4,316,178,0,178,494
11/11/2006,FTY,GA,ASO,ES,Federal Contract Tower,0,7,51,4,62,0,0,14,0,14,0,7,65,4,76,0,0,0,76
11/12/2006,FTY,GA,ASO,ES,Federal Contract Tower,0,8,82,2,92,0,0,48,0,48,0,8,130,2,140,60,0,60,200
11/13/2006,FTY,GA,ASO,ES,Federal Contract Tower,0,16,96,2,114,0,3,96,0,99,0,19,192,2,213,132,0,132,345
11/14/2006,FTY,GA,ASO,ES,Federal Contract Tower,0,31,158,2,191,0,0,152,0,152,0,31,310,2,343,184,0,184,527
11/15/2006,FTY,GA,ASO,ES,Federal Contract Tower,0,16,110,0,126,0,0,9,0,9,0,16,119,0,135,0,0,0,135
11/16/2006,FTY,GA,ASO,ES,Federal Contract Tower,0,21,153,0,174,0,0,80,2,82,0,21,233,2,256,34,0,34,290
11/17/2006,FTY,GA,ASO,ES,Federal Contract Tower,0,32,114,3,149,0,0,121,0,121,0,32,235,3,270,194,0,194,464
11/18/2006,FTY,GA,ASO,ES,Federal Contract Tower,0,8,66,2,76,0,2,92,0,94,0,10,158,2,170,182,0,182,352
11/19/2006,FTY,GA,ASO,ES,Federal Contract Tower,0,7,65,0,72,0,0,68,0,68,0,7,133,0,140,46,0,46,186
11/20/2006,FTY,GA,ASO,ES,Federal Contract Tower,0,16,109,3,128,0,2,100,0,102,0,18,209,3,230,98,0,98,328
11/21/2006,FTY,GA,ASO,ES,Federal Contract Tower,0,22,103,0,125,0,0,152,0,152,0,22,255,0,277,72,0,72,349
11/22/2006,FTY,GA,ASO,ES,Federal Contract Tower,0,26,92,0,118,0,4,113,0,117,0,30,205,0,235,140,0,140,375
11/23/2006,FTY,GA,ASO,ES,Federal Contract Tower,0,2,14,0,16,0,4,23,0,27,0,6,37,0,43,6,6,12,55
11/24/2006,FTY,GA,ASO,ES,Federal Contract Tower,0,11,38,0,49,0,0,94,0,94,0,11,132,0,143,68,0,68,211
11/25/2006,FTY,GA,ASO,ES,Federal Contract Tower,0,14,34,0,48,0,0,59,0,59,0,14,93,0,107,66,0,66,173
11/26/2006,FTY,GA,ASO,ES,Federal Contract Tower,0,13,80,1,94,0,2,62,0,64,0,15,142,1,158,106,0,106,264
11/27/2006,FTY,GA,ASO,ES,Federal Contract Tower,0,10,91,0,101,0,0,86,0,86,0,10,177,0,187,136,0,136,323
11/28/2006,FTY,GA,ASO,ES,Federal Contract Tower,0,25,124,0,149,0,0,60,0,60,0,25,184,0,209,60,0,60,269
11/29/2006,FTY,GA,ASO,ES,Federal Contract Tower,0,17,144,1,162,0,5,41,0,46,0,22,185,1,208,22,0,22,230
11/30/2006,FTY,GA,ASO,ES,Federal Contract Tower,0,18,112,0,130,0,0,55,0,55,0,18,167,0,185,14,0,14,199
12/01/2006,FTY,GA,ASO,ES,Federal Contract Tower,0,18,114,1,133,0,0,73,0,73,0,18,187,1,206,66,0,66,272
12/02/2006,FTY,GA,ASO,ES,Federal Contract Tower,0,13,123,3,139,0,5,94,0,99,0,18,217,3,238,158,0,158,396
12/03/2006,FTY,GA,ASO,ES,Federal Contract Tower,0,12,115,2,129,0,0,83,2,85,0,12,198,4,214,202,0,202,416
12/04/2006,FTY,GA,ASO,ES,Federal Contract Tower,0,13,119,2,134,0,0,92,0,92,0,13,211,2,226,88,0,88,314
12/05/2006,FTY,GA,ASO,ES,Federal Contract Tower,0,21,108,2,131,0,1,119,0,120,0,22,227,2,251,152,0,152,403
12/06/2006,FTY,GA,ASO,ES,Federal Contract Tower,0,17,128,0,145,0,4,98,0,102,0,21,226,0,247,142,0,142,389
12/07/2006,FTY,GA,ASO,ES,Federal Contract Tower,0,20,143,0,163,0,0,84,0,84,0,20,227,0,247,106,0,106,353
12/08/2006,FTY,GA,ASO,ES,Federal Contract Tower,0,22,94,3,119,0,0,106,1,107,0,22,200,4,226,178,0,178,404
12/09/2006,FTY,GA,ASO,ES,Federal Contract Tower,0,15,30,2,47,0,4,108,0,112,0,19,138,2,159,120,0,120,279
12/10/2006,FTY,GA,ASO,ES,Federal Contract Tower,0,7,62,0,69,0,2,84,0,86,0,9,146,0,155,130,0,130,285
12/11/2006,FTY,GA,ASO,ES,Federal Contract Tower,0,21,97,0,118,0,0,109,0,109,0,21,206,0,227,154,0,154,381
12/12/2006,FTY,GA,ASO,ES,Federal Contract Tower,0,24,114,4,142,0,0,90,2,92,0,24,204,6,234,98,0,98,332
12/13/2006,FTY,GA,ASO,ES,Federal Contract Tower,0,22,137,2,161,0,2,76,0,78,0,24,213,2,239,88,0,88,327
12/14/2006,FTY,GA,ASO,ES,Federal Contract Tower,0,17,144,1,162,0,3,69,0,72,0,20,213,1,234,28,0,28,262
12/15/2006,FTY,GA,ASO,ES,Federal Contract Tower,0,22,99,4,125,0,5,122,2,129,0,27,221,6,254,154,0,154,408
12/16/2006,FTY,GA,ASO,ES,Federal Contract Tower,0,2,43,0,45,0,2,97,0,99,0,4,140,0,144,98,0,98,242
12/17/2006,FTY,GA,ASO,ES,Federal Contract Tower,0,6,48,0,54,0,2,66,2,70,0,8,114,2,124,74,0,74,198
12/18/2006,FTY,GA,ASO,ES,Federal Contract Tower,0,19,94,1,114,0,1,79,0,80,0,20,173,1,194,76,0,76,270
12/19/2006,FTY,GA,ASO,ES,Federal Contract Tower,0,21,121,4,146,0,1,102,0,103,0,22,223,4,249,142,0,142,391
12/20/2006,FTY,GA,ASO,ES,Federal Contract Tower,0,16,115,4,135,0,3,106,0,109,0,19,221,4,244,86,0,86,330
12/21/2006,FTY,GA,ASO,ES,Federal Contract Tower,0,19,97,3,119,0,2,48,1,51,0,21,145,4,170,24,0,24,194
12/22/2006,FTY,GA,ASO,ES,Federal Contract Tower,0,13,43,0,56,0,0,16,0,16,0,13,59,0,72,6,0,6,78
12/23/2006,FTY,GA,ASO,ES,Federal Contract Tower,0,5,28,0,33,0,2,67,0,69,0,7,95,0,102,141,0,141,243
12/24/2006,FTY,GA,ASO,ES,Federal Contract Tower,0,3,27,0,30,0,0,29,0,29,0,3,56,0,59,24,0,24,83
12/25/2006,FTY,GA,ASO,ES,Federal Contract Tower,0,11,5,0,16,0,0,0,0,0,0,11,5,0,16,0,0,0,16
12/26/2006,FTY,GA,ASO,ES,Federal Contract Tower,0,17,46,0,63,0,0,8,0,8,0,17,54,0,71,10,0,10,81
12/27/2006,FTY,GA,ASO,ES,Federal Contract Tower,0,19,53,0,72,0,4,118,0,122,0,23,171,0,194,96,0,96,290
12/28/2006,FTY,GA,ASO,ES,Federal Contract Tower,0,11,66,0,77,0,0,143,0,143,0,11,209,0,220,98,0,98,318
12/29/2006,FTY,GA,ASO,ES,Federal Contract Tower,0,19,55,0,74,0,0,116,0,116,0,19,171,0,190,120,0,120,310
12/30/2006,FTY,GA,ASO,ES,Federal Contract Tower,0,8,33,0,41,0,0,8,0,8,0,8,41,0,49,18,0,18,67
12/31/2006,FTY,GA,ASO,ES,Federal Contract Tower,0,7,20,0,27,0,0,0,0,0,0,7,20,0,27,0,0,0,27
01/01/2007,FTY,GA,ASO,ES,Federal Contract Tower,0,9,50,0,59,0,2,26,0,28,0,11,76,0,87,64,0,64,151
01/02/2007,FTY,GA,ASO,ES,Federal Contract Tower,0,21,97,0,118,0,0,76,0,76,0,21,173,0,194,98,0,98,292
01/03/2007,FTY,GA,ASO,ES,Federal Contract Tower,0,21,91,1,113,0,2,86,0,88,0,23,177,1,201,128,0,128,329
01/04/2007,FTY,GA,ASO,ES,Federal Contract Tower,0,22,94,3,119,0,0,46,0,46,0,22,140,3,165,22,0,22,187
01/05/2007,FTY,GA,ASO,ES,Federal Contract Tower,0,29,54,1,84,0,0,20,0,20,0,29,74,1,104,10,0,10,114
01/06/2007,FTY,GA,ASO,ES,Federal Contract Tower,0,5,52,3,60,0,0,92,0,92,0,5,144,3,152,172,0,172,324
01/07/2007,FTY,GA,ASO,ES,Federal Contract Tower,0,14,45,2,61,0,0,0,0,0,0,14,45,2,61,0,0,0,61
01/08/2007,FTY,GA,ASO,ES,Federal Contract Tower,0,25,96,9,130,0,0,96,1,97,0,25,192,10,227,82,0,82,309
01/09/2007,FTY,GA,ASO,ES,Federal Contract Tower,0,24,112,13,149,0,1,81,4,86,0,25,193,17,235,46,0,46,281
01/10/2007,FTY,GA,ASO,ES,Federal Contract Tower,0,22,114,0,136,0,8,114,1,123,0,30,228,1,259,136,0,136,395
01/11/2007,FTY,GA,ASO,ES,Federal Contract Tower,0,22,120,1,143,0,8,106,0,114,0,30,226,1,257,140,0,140,397
01/12/2007,FTY,GA,ASO,ES,Federal Contract Tower,0,26,121,1,148,0,3,123,0,126,0,29,244,1,274,102,0,102,376
01/13/2007,FTY,GA,ASO,ES,Federal Contract Tower,0,8,46,0,54,0,0,92,0,92,0,8,138,0,146,134,0,134,280
01/14/2007,FTY,GA,ASO,ES,Federal Contract Tower,0,6,60,0,66,0,0,55,0,55,0,6,115,0,121,64,0,64,185
01/15/2007,FTY,GA,ASO,ES,Federal Contract Tower,0,9,100,0,109,0,0,73,0,73,0,9,173,0,182,8,0,8,190
01/16/2007,FTY,GA,ASO,ES,Federal Contract Tower,0,19,95,0,114,0,0,33,0,33,0,19,128,0,147,6,0,6,153
01/17/2007,FTY,GA,ASO,ES,Federal Contract Tower,0,19,112,0,131,0,0,105,0,105,0,19,217,0,236,84,0,84,320
01/18/2007,FTY,GA,ASO,ES,Federal Contract Tower,0,43,132,3,178,0,0,0,0,0,0,43,132,3,178,0,0,0,178
01/19/2007,FTY,GA,ASO,ES,Federal Contract Tower,0,32,140,4,176,0,4,108,0,112,0,36,248,4,288,52,0,52,340
01/20/2007,FTY,GA,ASO,ES,Federal Contract Tower,0,7,49,0,56,0,1,95,0,96,0,8,144,0,152,76,0,76,228
01/21/2007,FTY,GA,ASO,ES,Federal Contract Tower,0,20,58,0,78,0,1,23,0,24,0,21,81,0,102,32,0,32,134
01/22/2007,FTY,GA,ASO,ES,Federal Contract Tower,0,31,152,0,183,0,0,23,0,23,0,31,175,0,206,56,0,56,262
01/23/2007,FTY,GA,ASO,ES,Federal Contract Tower,0,30,133,8,171,0,0,113,0,113,0,30,246,8,284,120,0,120,404
01/24/2007,FTY,GA,ASO,ES,Federal Contract Tower,0,24,153,0,177,0,2,131,0,133,0,26,284,0,310,166,0,166,476
01/25/2007,FTY,GA,ASO,ES,Federal Contract Tower,0,23,138,2,163,0,2,77,2,81,0,25,215,4,244,36,0,36,280
01/26/2007,FTY,GA,ASO,ES,Federal Contract Tower,0,29,109,4,142,0,0,154,0,154,0,29,263,4,296,132,0,132,428
01/27/2007,FTY,GA,ASO,ES,Federal Contract Tower,0,2,55,2,59,0,2,90,3,95,0,4,145,5,154,182,0,182,336
01/28/2007,FTY,GA,ASO,ES,Federal Contract Tower,0,15,52,0,67,0,0,13,2,15,0,15,65,2,82,4,0,4,86
01/29/2007,FTY,GA,ASO,ES,Federal Contract Tower,0,20,93,1,114,0,0,119,0,119,0,20,212,1,233,54,0,54,287
01/30/2007,FTY,GA,ASO,ES,Federal Contract Tower,0,20,114,2,136,0,0,117,0,117,0,20,231,2,253,168,0,168,421
01/31/2007,FTY,GA,ASO,ES,Federal Contract Tower,0,20,121,0,141,0,2,126,2,130,0,22,247,2,271,88,0,88,359
02/01/2007,FTY,GA,ASO,ES,Federal Contract Tower,0,44,104,2,150,0,0,0,0,0,0,44,104,2,150,0,0,0,150
02/02/2007,FTY,GA,ASO,ES,Federal Contract Tower,0,40,124,0,164,0,0,16,0,16,0,40,140,0,180,18,0,18,198
02/03/2007,FTY,GA,ASO,ES,Federal Contract Tower,0,9,47,0,56,0,4,49,0,53,0,13,96,0,109,146,0,146,255
02/04/2007,FTY,GA,ASO,ES,Federal Contract Tower,0,16,48,0,64,0,0,41,0,41,0,16,89,0,105,44,0,44,149
02/05/2007,FTY,GA,ASO,ES,Federal Contract Tower,0,22,101,1,124,0,0,114,0,114,0,22,215,1,238,58,0,58,296
02/06/2007,FTY,GA,ASO,ES,Federal Contract Tower,0,21,92,1,114,0,0,110,0,110,0,21,202,1,224,134,0,134,358
02/07/2007,FTY,GA,ASO,ES,Federal Contract Tower,0,18,113,0,131,0,2,81,0,83,0,20,194,0,214,68,0,68,282
02/08/2007,FTY,GA,ASO,ES,Federal Contract Tower,0,22,114,4,140,0,2,117,0,119,0,24,231,4,259,118,0,118,377
02/09/2007,FTY,GA,ASO,ES,Federal Contract Tower,0,32,106,4,142,0,3,97,0,100,0,35,203,4,242,84,0,84,326
02/10/2007,FTY,GA,ASO,ES,Federal Contract Tower,0,5,61,0,66,0,6,95,0,101,0,11,156,0,167,124,0,124,291
02/11/2007,FTY,GA,ASO,ES,Federal Contract Tower,0,10,68,2,80,0,0,80,2,82,0,10,148,4,162,154,0,154,316
02/12/2007,FTY,GA,ASO,ES,Federal Contract Tower,0,23,99,4,126,0,0,94,0,94,0,23,193,4,220,30,0,30,250
02/13/2007,FTY,GA,ASO,ES,Federal Contract Tower,0,27,90,0,117,0,0,38,0,38,0,27,128,0,155,12,0,12,167
02/14/2007,FTY,GA,ASO,ES,Federal Contract Tower,0,17,98,4,119,0,0,41,0,41,0,17,139,4,160,0,0,0,160
02/15/2007,FTY,GA,ASO,ES,Federal Contract Tower,0,29,120,3,152,0,7,108,2,117,0,36,228,5,269,54,0,54,323
02/16/2007,FTY,GA,ASO,ES,Federal Contract Tower,0,15,99,2,116,0,2,120,0,122,0,17,219,2,238,114,0,114,352
02/17/2007,FTY,GA,ASO,ES,Federal Contract Tower,0,3,47,1,51,0,0,56,0,56,0,3,103,1,107,83,0,83,190
02/18/2007,FTY,GA,ASO,ES,Federal Contract Tower,0,7,48,0,55,0,0,45,0,45,0,7,93,0,100,34,0,34,134
02/19/2007,FTY,GA,ASO,ES,Federal Contract Tower,0,11,97,0,108,0,0,99,0,99,0,11,196,0,207,156,0,156,363
02/20/2007,FTY,GA,ASO,ES,Federal Contract Tower,0,26,112,1,139,0,2,64,0,66,0,28,176,1,205,48,0,48,253
02/21/2007,FTY,GA,ASO,ES,Federal Contract Tower,0,31,124,2,157,0,0,34,0,34,0,31,158,2,191,34,0,34,225
02/22/2007,FTY,GA,ASO,ES,Federal Contract Tower,0,39,127,2,168,0,0,92,0,92,0,39,219,2,260,50,0,50,310
02/23/2007,FTY,GA,ASO,ES,Federal Contract Tower,0,21,90,2,113,0,0,133,0,133,0,21,223,2,246,142,0,142,388
02/24/2007,FTY,GA,ASO,ES,Federal Contract Tower,0,5,46,0,51,0,0,91,0,91,0,5,137,0,142,156,0,156,298
02/25/2007,FTY,GA,ASO,ES,Federal Contract Tower,0,11,50,0,61,0,0,24,0,24,0,11,74,0,85,26,0,26,111
02/26/2007,FTY,GA,ASO,ES,Federal Contract Tower,0,16,100,0,116,0,2,140,0,142,0,18,240,0,258,180,0,180,438
02/27/2007,FTY,GA,ASO,ES,Federal Contract Tower,0,22,111,2,135,0,2,141,0,143,0,24,252,2,278,106,0,106,384
02/28/2007,FTY,GA,ASO,ES,Federal Contract Tower,0,25,131,2,158,0,2,146,0,148,0,27,277,2,306,88,0,88,394
03/01/2007,FTY,GA,ASO,ES,Federal Contract Tower,0,29,42,3,74,0,0,4,0,4,0,29,46,3,78,0,0,0,78
03/02/2007,FTY,GA,ASO,ES,Federal Contract Tower,0,31,123,2,156,0,0,111,1,112,0,31,234,3,268,136,0,136,404
03/03/2007,FTY,GA,ASO,ES,Federal Contract Tower,0,11,48,0,59,0,2,63,0,65,0,13,111,0,124,140,0,140,264
03/04/2007,FTY,GA,ASO,ES,Federal Contract Tower,0,18,57,0,75,0,5,60,1,66,0,23,117,1,141,50,0,50,191
03/05/2007,FTY,GA,ASO,ES,Federal Contract Tower,0,29,87,2,118,0,8,112,0,120,0,37,199,2,238,168,0,168,406
03/06/2007,FTY,GA,ASO,ES,Federal Contract Tower,0,25,109,0,134,0,0,111,0,111,0,25,220,0,245,150,0,150,395
03/07/2007,FTY,GA,ASO,ES,Federal Contract Tower,0,18,121,0,139,0,0,143,0,143,0,18,264,0,282,232,0,232,514
03/08/2007,FTY,GA,ASO,ES,Federal Contract Tower,0,30,121,2,153,0,0,116,1,117,0,30,237,3,270,298,0,298,568
03/09/2007,FTY,GA,ASO,ES,Federal Contract Tower,0,30,115,0,145,0,5,100,0,105,0,35,215,0,250,164,0,164,414
03/10/2007,FTY,GA,ASO,ES,Federal Contract Tower,0,14,73,0,87,0,3,47,0,50,0,17,120,0,137,178,0,178,315
03/11/2007,FTY,GA,ASO,ES,Federal Contract Tower,0,22,90,0,112,0,0,76,0,76,0,22,166,0,188,100,0,100,288
03/12/2007,FTY,GA,ASO,ES,Federal Contract Tower,0,27,116,0,143,0,0,74,0,74,0,27,190,0,217,122,0,122,339
03/13/2007,FTY,GA,ASO,ES,Federal Contract Tower,0,29,128,2,159,0,0,97,2,99,0,29,225,4,258,224,0,224,482
03/14/2007,FTY,GA,ASO,ES,Federal Contract Tower,0,26,93,3,122,0,2,134,0,136,0,28,227,3,258,92,0,92,350
03/15/2007,FTY,GA,ASO,ES,Federal Contract Tower,0,22,87,0,109,0,0,76,0,76,0,22,163,0,185,152,0,152,337
03/16/2007,FTY,GA,ASO,ES,Federal Contract Tower,0,33,88,0,121,0,0,27,0,27,0,33,115,0,148,4,0,4,152
03/17/2007,FTY,GA,ASO,ES,Federal Contract Tower,0,10,60,0,70,0,0,46,0,46,0,10,106,0,116,28,0,28,144
03/18/2007,FTY,GA,ASO,ES,Federal Contract Tower,0,25,73,0,98,0,0,141,0,141,0,25,214,0,239,154,154,308,547
03/19/2007,FTY,GA,ASO,ES,Federal Contract Tower,0,33,86,0,119,0,0,109,0,109,0,33,195,0,228,140,0,140,368
03/20/2007,FTY,GA,ASO,ES,Federal Contract Tower,0,33,104,8,145,0,0,134,0,134,0,33,238,8,279,252,0,252,531
03/21/2007,FTY,GA,ASO,ES,Federal Contract Tower,0,28,117,2,147,0,4,160,0,164,0,32,277,2,311,232,0,232,543
03/22/2007,FTY,GA,ASO,ES,Federal Contract Tower,0,31,143,0,174,0,2,107,0,109,0,33,250,0,283,108,0,108,391
03/23/2007,FTY,GA,ASO,ES,Federal Contract Tower,0,29,105,0,134,0,4,102,0,106,0,33,207,0,240,134,0,134,374
03/24/2007,FTY,GA,ASO,ES,Federal Contract Tower,0,6,43,0,49,0,4,94,0,98,0,10,137,0,147,138,0,138,285
03/25/2007,FTY,GA,ASO,ES,Federal Contract Tower,0,22,72,0,94,0,0,80,0,80,0,22,152,0,174,96,0,96,270
03/26/2007,FTY,GA,ASO,ES,Federal Contract Tower,0,24,124,0,148,0,1,102,0,103,0,25,226,0,251,238,0,238,489
03/27/2007,FTY,GA,ASO,ES,Federal Contract Tower,0,31,103,2,136,0,0,97,0,97,0,31,200,2,233,238,0,238,471
03/28/2007,FTY,GA,ASO,ES,Federal Contract Tower,0,24,120,0,144,0,8,112,1,121,0,32,232,1,265,138,0,138,403
03/29/2007,FTY,GA,ASO,ES,Federal Contract Tower,0,30,145,0,175,0,2,98,1,101,0,32,243,1,276,150,0,150,426
03/30/2007,FTY,GA,ASO,ES,Federal Contract Tower,0,28,152,0,180,0,2,74,2,78,0,30,226,2,258,188,0,188,446
03/31/2007,FTY,GA,ASO,ES,Federal Contract Tower,0,23,116,0,139,0,0,79,1,80,0,23,195,1,219,112,0,112,331
04/01/2007,FTY,GA,ASO,ES,Federal Contract Tower,0,23,62,0,85,0,0,19,0,19,0,23,81,0,104,24,0,24,128
04/02/2007,FTY,GA,ASO,ES,Federal Contract Tower,0,27,140,2,169,0,4,60,0,64,0,31,200,2,233,80,0,80,313
04/03/2007,FTY,GA,ASO,ES,Federal Contract Tower,0,28,166,0,194,0,2,71,0,73,0,30,237,0,267,76,0,76,343
04/04/2007,FTY,GA,ASO,ES,Federal Contract Tower,0,19,76,4,99,0,0,65,0,65,0,19,141,4,164,90,0,90,254
04/05/2007,FTY,GA,ASO,ES,Federal Contract Tower,0,30,115,1,146,0,3,104,0,107,0,33,219,1,253,84,0,84,337
04/06/2007,FTY,GA,ASO,ES,Federal Contract Tower,0,15,97,0,112,0,4,118,0,122,0,19,215,0,234,130,0,130,364
04/07/2007,FTY,GA,ASO,ES,Federal Contract Tower,0,5,44,0,49,0,0,62,0,62,0,5,106,0,111,32,0,32,143
04/08/2007,FTY,GA,ASO,ES,Federal Contract Tower,0,6,39,0,45,0,1,53,0,54,0,7,92,0,99,112,0,112,211
04/09/2007,FTY,GA,ASO,ES,Federal Contract Tower,0,22,120,4,146,0,0,100,0,100,0,22,220,4,246,174,0,174,420
04/10/2007,FTY,GA,ASO,ES,Federal Contract Tower,0,18,123,2,143,0,0,111,0,111,0,18,234,2,254,206,2,208,462
04/11/2007,FTY,GA,ASO,ES,Federal Contract Tower,0,21,107,2,130,0,0,3,0,3,0,21,110,2,133,0,0,0,133
04/12/2007,FTY,GA,ASO,ES,Federal Contract Tower,0,36,147,1,184,0,6,86,0,92,0,42,233,1,276,218,0,218,494
04/13/2007,FTY,GA,ASO,ES,Federal Contract Tower,0,24,119,0,143,0,0,145,0,145,0,24,264,0,288,266,0,266,554
04/14/2007,FTY,GA,ASO,ES,Federal Contract Tower,0,16,53,0,69,0,0,41,0,41,0,16,94,0,110,132,0,132,242
04/15/2007,FTY,GA,ASO,ES,Federal Contract Tower,0,13,67,2,82,0,0,5,0,5,0,13,72,2,87,0,0,0,87
04/16/2007,FTY,GA,ASO,ES,Federal Contract Tower,0,32,96,0,128,0,0,45,0,45,0,32,141,0,173,68,0,68,241
04/17/2007,FTY,GA,ASO,ES,Federal Contract Tower,0,30,124,0,154,0,0,144,0,144,0,30,268,0,298,208,0,208,506
04/18/2007,FTY,GA,ASO,ES,Federal Contract Tower,0,19,128,2,149,0,3,116,0,119,0,22,244,2,268,230,0,230,498
04/19/2007,FTY,GA,ASO,ES,Federal Contract Tower,0,16,118,4,138,0,0,124,0,124,0,16,242,4,262,116,0,116,378
04/20/2007,FTY,GA,ASO,ES,Federal Contract Tower,0,26,91,2,119,0,0,119,0,119,0,26,210,2,238,156,0,156,394
04/21/2007,FTY,GA,ASO,ES,Federal Contract Tower,0,10,41,0,51,0,4,107,0,111,0,14,148,0,162,186,0,186,348
04/22/2007,FTY,GA,ASO,ES,Federal Contract Tower,0,16,88,2,106,0,4,69,2,75,0,20,157,4,181,142,0,142,323
04/23/2007,FTY,GA,ASO,ES,Federal Contract Tower,0,16,113,2,131,0,0,109,1,110,0,16,222,3,241,120,0,120,361
04/24/2007,FTY,GA,ASO,ES,Federal Contract Tower,0,29,132,2,163,0,1,134,0,135,0,30,266,2,298,152,0,152,450
04/25/2007,FTY,GA,ASO,ES,Federal Contract Tower,0,39,176,0,215,0,0,148,0,148,0,39,324,0,363,70,0,70,433
04/26/2007,FTY,GA,ASO,ES,Federal Contract Tower,0,37,113,1,151,0,0,34,0,34,0,37,147,1,185,32,0,32,217
04/27/2007,FTY,GA,ASO,ES,Federal Contract Tower,0,30,105,2,137,0,2,121,0,123,0,32,226,2,260,216,0,216,476
04/28/2007,FTY,GA,ASO,ES,Federal Contract Tower,0,12,49,0,61,0,1,68,0,69,0,13,117,0,130,74,0,74,204
04/29/2007,FTY,GA,ASO,ES,Federal Contract Tower,0,15,58,0,73,0,0,83,0,83,0,15,141,0,156,102,0,102,258
04/30/2007,FTY,GA,ASO,ES,Federal Contract Tower,0,32,114,2,148,0,0,121,0,121,0,32,235,2,269,98,0,98,367
05/01/2007,FTY,GA,ASO,ES,Federal Contract Tower,0,42,116,3,161,0,0,133,0,133,0,42,249,3,294,144,0,144,438
05/02/2007,FTY,GA,ASO,ES,Federal Contract Tower,0,24,96,5,125,0,8,153,0,161,0,32,249,5,286,202,0,202,488
05/03/2007,FTY,GA,ASO,ES,Federal Contract Tower,0,21,133,3,157,0,9,66,2,77,0,30,199,5,234,92,0,92,326
05/04/2007,FTY,GA,ASO,ES,Federal Contract Tower,0,27,126,3,156,0,0,64,0,64,0,27,190,3,220,140,0,140,360
05/05/2007,FTY,GA,ASO,ES,Federal Contract Tower,0,8,60,9,77,0,1,18,0,19,0,9,78,9,96,22,0,22,118
05/06/2007,FTY,GA,ASO,ES,Federal Contract Tower,0,16,87,2,105,0,0,33,0,33,0,16,120,2,138,92,0,92,230
05/07/2007,FTY,GA,ASO,ES,Federal Contract Tower,0,27,88,8,123,0,0,111,0,111,0,27,199,8,234,256,0,256,490
05/08/2007,FTY,GA,ASO,ES,Federal Contract Tower,0,22,132,5,159,0,0,176,0,176,0,22,308,5,335,200,0,200,535
05/09/2007,FTY,GA,ASO,ES,Federal Contract Tower,0,31,143,8,182,0,4,165,1,170,0,35,308,9,352,236,0,236,588
05/10/2007,FTY,GA,ASO,ES,Federal Contract Tower,0,31,148,4,183,0,0,144,3,147,0,31,292,7,330,68,0,68,398
05/11/2007,FTY,GA,ASO,ES,Federal Contract Tower,0,31,122,2,155,0,0,115,0,115,0,31,237,2,270,110,0,110,380
05/12/2007,FTY,GA,ASO,ES,Federal Contract Tower,0,8,33,4,45,0,0,60,0,60,0,8,93,4,105,186,0,186,291
05/13/2007,FTY,GA,ASO,ES,Federal Contract Tower,0,13,64,0,77,0,0,51,2,53,0,13,115,2,130,122,0,122,252
05/14/2007,FTY,GA,ASO,ES,Federal Contract Tower,0,25,104,1,130,0,0,97,2,99,0,25,201,3,229,158,0,158,387
05/15/2007,FTY,GA,ASO,ES,Federal Contract Tower,0,34,92,1,127,0,0,151,0,151,0,34,243,1,278,74,0,74,352
05/16/2007,FTY,GA,ASO,ES,Federal Contract Tower,0,21,98,2,121,0,3,52,2,57,0,24,150,4,178,52,0,52,230
05/17/2007,FTY,GA,ASO,ES,Federal Contract Tower,0,21,145,2,168,0,10,148,2,160,0,31,293,4,328,100,0,100,428
05/18/2007,FTY,GA,ASO,ES,Federal Contract Tower,0,24,104,4,132,0,3,145,1,149,0,27,249,5,281,176,0,176,457
05/19/2007,FTY,GA,ASO,ES,Federal Contract Tower,0,8,50,0,58,0,0,98,0,98,0,8,148,0,156,226,0,226,382
05/20/2007,FTY,GA,ASO,ES,Federal Contract Tower,0,14,54,1,69,0,0,91,0,91,0,14,145,1,160,76,0,76,236
05/21/2007,FTY,GA,ASO,ES,Federal Contract Tower,0,24,95,0,119,0,0,164,2,166,0,24,259,2,285,194,0,194,479
05/22/2007,FTY,GA,ASO,ES,Federal Contract Tower,0,24,128,2,154,0,0,81,0,81,0,24,209,2,235,128,0,128,363
05/23/2007,FTY,GA,ASO,ES,Federal Contract Tower,0,31,132,4,167,0,0,151,0,151,0,31,283,4,318,184,0,184,502
05/24/2007,FTY,GA,ASO,ES,Federal Contract Tower,0,24,150,0,174,0,2,117,0,119,0,26,267,0,293,214,0,214,507
05/25/2007,FTY,GA,ASO,ES,Federal Contract Tower,0,42,110,0,152,0,0,162,0,162,0,42,272,0,314,268,0,268,582
05/26/2007,FTY,GA,ASO,ES,Federal Contract Tower,0,7,44,0,51,0,0,89,0,89,0,7,133,0,140,122,0,122,262
05/27/2007,FTY,GA,ASO,ES,Federal Contract Tower,0,5,51,0,56,0,6,18,0,24,0,11,69,0,80,20,0,20,100
05/28/2007,FTY,GA,ASO,ES,Federal Contract Tower,0,18,82,0,100,0,4,75,0,79,0,22,157,0,179,60,0,60,239
05/29/2007,FTY,GA,ASO,ES,Federal Contract Tower,0,23,93,1,117,0,2,146,0,148,0,25,239,1,265,194,0,194,459
05/30/2007,FTY,GA,ASO,ES,Federal Contract Tower,0,27,119,3,149,0,3,110,0,113,0,30,229,3,262,150,0,150,412
05/31/2007,FTY,GA,ASO,ES,Federal Contract Tower,0,22,137,1,160,0,0,118,3,121,0,22,255,4,281,266,0,266,547
06/01/2007,FTY,GA,ASO,ES,Federal Contract Tower,0,27,113,0,140,0,6,124,0,130,0,33,237,0,270,166,0,166,436
06/02/2007,FTY,GA,ASO,ES,Federal Contract Tower,0,8,44,0,52,0,0,93,0,93,0,8,137,0,145,196,0,196,341
06/03/2007,FTY,GA,ASO,ES,Federal Contract Tower,0,10,47,0,57,0,0,69,0,69,0,10,116,0,126,78,0,78,204
06/04/2007,FTY,GA,ASO,ES,Federal Contract Tower,0,26,99,2,127,0,4,85,0,89,0,30,184,2,216,78,0,78,294
06/05/2007,FTY,GA,ASO,ES,Federal Contract Tower,0,23,79,4,106,0,2,131,0,133,0,25,210,4,239,130,0,130,369
06/06/2007,FTY,GA,ASO,ES,Federal Contract Tower,0,25,105,0,130,0,2,119,0,121,0,27,224,0,251,150,0,150,401
06/07/2007,FTY,GA,ASO,ES,Federal Contract Tower,0,33,118,0,151,0,4,106,0,110,0,37,224,0,261,180,0,180,441
06/08/2007,FTY,GA,ASO,ES,Federal Contract Tower,0,32,95,3,130,0,4,44,0,48,0,36,139,3,178,40,0,40,218
06/09/2007,FTY,GA,ASO,ES,Federal Contract Tower,0,4,40,0,44,0,0,99,0,99,0,4,139,0,143,86,0,86,229
06/10/2007,FTY,GA,ASO,ES,Federal Contract Tower,0,14,61,2,77,0,0,93,0,93,0,14,154,2,170,58,0,58,228
06/11/2007,FTY,GA,ASO,ES,Federal Contract Tower,0,17,88,0,105,0,0,77,0,77,0,17,165,0,182,96,0,96,278
06/12/2007,FTY,GA,ASO,ES,Federal Contract Tower,0,25,100,2,127,0,7,46,2,55,0,32,146,4,182,84,0,84,266
06/13/2007,FTY,GA,ASO,ES,Federal Contract Tower,0,24,99,1,124,0,0,153,0,153,0,24,252,1,277,246,0,246,523
06/14/2007,FTY,GA,ASO,ES,Federal Contract Tower,0,29,110,0,139,0,0,106,0,106,0,29,216,0,245,148,0,148,393
06/15/2007,FTY,GA,ASO,ES,Federal Contract Tower,0,35,92,4,131,0,1,91,1,93,0,36,183,5,224,108,0,108,332
06/16/2007,FTY,GA,ASO,ES,Federal Contract Tower,0,12,33,3,48,0,0,136,2,138,0,12,169,5,186,152,0,152,338
06/17/2007,FTY,GA,ASO,ES,Federal Contract Tower,0,13,54,0,67,0,2,65,0,67,0,15,119,0,134,120,0,120,254
06/18/2007,FTY,GA,ASO,ES,Federal Contract Tower,0,41,96,0,137,0,2,134,3,139,0,43,230,3,276,144,0,144,420
06/19/2007,FTY,GA,ASO,ES,Federal Contract Tower,0,22,90,0,112,0,0,77,0,77,0,22,167,0,189,202,0,202,391
06/20/2007,FTY,GA,ASO,ES,Federal Contract Tower,0,39,117,2,158,0,4,128,0,132,0,43,245,2,290,254,0,254,544
06/21/2007,FTY,GA,ASO,ES,Federal Contract Tower,0,31,99,0,130,0,3,139,0,142,0,34,238,0,272,152,0,152,424
06/22/2007,FTY,GA,ASO,ES,Federal Contract Tower,0,35,84,1,120,0,1,172,1,174,0,36,256,2,294,250,0,250,544
06/23/2007,FTY,GA,ASO,ES,Federal Contract Tower,0,10,49,2,61,0,0,95,0,95,0,10,144,2,156,174,0,174,330
06/24/2007,FTY,GA,ASO,ES,Federal Contract Tower,0,14,60,1,75,0,4,80,0,84,0,18,140,1,159,118,0,118,277
06/25/2007,FTY,GA,ASO,ES,Federal Contract Tower,0,30,109,1,140,0,2,71,0,73,0,32,180,1,213,104,0,104,317
06/26/2007,FTY,GA,ASO,ES,Federal Contract Tower,0,26,86,5,117,0,4,104,1,109,0,30,190,6,226,316,0,316,542
06/27/2007,FTY,GA,ASO,ES,Federal Contract Tower,0,29,104,1,134,0,3,142,0,145,0,32,246,1,279,184,0,184,463
06/28/2007,FTY,GA,ASO,ES,Federal Contract Tower,0,32,115,0,147,0,5,134,0,139,0,37,249,0,286,114,0,114,400
06/29/2007,FTY,GA,ASO,ES,Federal Contract Tower,0,28,102,1,131,0,0,111,0,111,0,28,213,1,242,184,0,184,426
06/30/2007,FTY,GA,ASO,ES,Federal Contract Tower,0,4,44,0,48,0,2,91,0,93,0,6,135,0,141,174,0,174,315
07/01/2007,FTY,GA,ASO,ES,Federal Contract Tower,0,5,57,0,62,0,0,81,0,81,0,5,138,0,143,140,0,140,283
07/02/2007,FTY,GA,ASO,ES,Federal Contract Tower,0,35,77,0,112,0,0,70,0,70,0,35,147,0,182,240,0,240,422
07/03/2007,FTY,GA,ASO,ES,Federal Contract Tower,0,15,65,0,80,0,0,108,0,108,0,15,173,0,188,220,0,220,408
07/04/2007,FTY,GA,ASO,ES,Federal Contract Tower,0,11,27,0,38,0,0,94,0,94,0,11,121,0,132,134,0,134,266
07/05/2007,FTY,GA,ASO,ES,Federal Contract Tower,0,19,82,0,101,0,2,128,0,130,0,21,210,0,231,230,0,230,461
07/06/2007,FTY,GA,ASO,ES,Federal Contract Tower,0,18,71,0,89,0,2,85,0,87,0,20,156,0,176,176,0,176,352
07/07/2007,FTY,GA,ASO,ES,Federal Contract Tower,0,7,35,0,42,0,0,48,0,48,0,7,83,0,90,160,0,160,250
07/08/2007,FTY,GA,ASO,ES,Federal Contract Tower,0,9,69,0,78,0,0,31,0,31,0,9,100,0,109,28,0,28,137
07/09/2007,FTY,GA,ASO,ES,Federal Contract Tower,0,17,76,0,93,0,1,112,0,113,0,18,188,0,206,232,0,232,438
07/10/2007,FTY,GA,ASO,ES,Federal Contract Tower,0,23,101,1,125,0,3,46,0,49,0,26,147,1,174,42,0,42,216
07/11/2007,FTY,GA,ASO,ES,Federal Contract Tower,0,31,112,1,144,0,0,61,1,62,0,31,173,2,206,22,0,22,228
07/12/2007,FTY,GA,ASO,ES,Federal Contract Tower,0,26,113,0,139,0,8,179,0,187,0,34,292,0,326,254,0,254,580
07/13/2007,FTY,GA,ASO,ES,Federal Contract Tower,0,31,88,2,121,0,1,164,0,165,0,32,252,2,286,372,0,372,658
07/14/2007,FTY,GA,ASO,ES,Federal Contract Tower,0,8,60,0,68,0,2,69,0,71,0,10,129,0,139,134,0,134,273
07/15/2007,FTY,GA,ASO,ES,Federal Contract Tower,0,13,55,0,68,0,0,27,0,27,0,13,82,0,95,26,0,26,121
07/16/2007,FTY,GA,ASO,ES,Federal Contract Tower,0,19,92,0,111,0,2,121,0,123,0,21,213,0,234,154,0,154,388
07/17/2007,FTY,GA,ASO,ES,Federal Contract Tower,0,24,95,0,119,0,2,89,0,91,0,26,184,0,210,144,0,144,354
07/18/2007,FTY,GA,ASO,ES,Federal Contract Tower,0,19,118,4,141,0,4,146,0,150,0,23,264,4,291,134,0,134,425
07/19/2007,FTY,GA,ASO,ES,Federal Contract Tower,0,39,117,5,161,0,0,92,2,94,0,39,209,7,255,212,0,212,467
07/20/2007,FTY,GA,ASO,ES,Federal Contract Tower,0,28,99,0,127,0,1,128,2,131,0,29,227,2,258,178,0,178,436
07/21/2007,FTY,GA,ASO,ES,Federal Contract Tower,0,12,43,0,55,0,0,90,2,92,0,12,133,2,147,188,0,188,335
07/22/2007,FTY,GA,ASO,ES,Federal Contract Tower,0,8,94,2,104,0,0,41,0,41,0,8,135,2,145,50,0,50,195
07/23/2007,FTY,GA,ASO,ES,Federal Contract Tower,0,27,103,4,134,0,6,102,0,108,0,33,205,4,242,174,0,174,416
07/24/2007,FTY,GA,ASO,ES,Federal Contract Tower,0,21,89,0,110,0,4,141,0,145,0,25,230,0,255,252,0,252,507
07/25/2007,FTY,GA,ASO,ES,Federal Contract Tower,0,33,134,4,171,0,2,141,0,143,0,35,275,4,314,227,0,227,541
07/26/2007,FTY,GA,ASO,ES,Federal Contract Tower,0,36,140,2,178,0,4,179,0,183,0,40,319,2,361,104,0,104,465
07/27/2007,FTY,GA,ASO,ES,Federal Contract Tower,0,29,93,0,122,0,5,137,2,144,0,34,230,2,266,270,0,270,536
07/28/2007,FTY,GA,ASO,ES,Federal Contract Tower,0,8,39,0,47,0,0,51,0,51,0,8,90,0,98,130,0,130,228
07/29/2007,FTY,GA,ASO,ES,Federal Contract Tower,0,18,57,0,75,0,0,36,0,36,0,18,93,0,111,16,0,16,127
07/30/2007,FTY,GA,ASO,ES,Federal Contract Tower,0,22,106,3,131,0,5,60,0,65,0,27,166,3,196,116,0,116,312
07/31/2007,FTY,GA,ASO,ES,Federal Contract Tower,0,38,95,2,135,0,0,99,2,101,0,38,194,4,236,168,0,168,404
08/01/2007,FTY,GA,ASO,ES,Federal Contract Tower,0,25,132,0,157,0,7,112,2,121,0,32,244,2,278,284,10,294,572
08/02/2007,FTY,GA,ASO,ES,Federal Contract Tower,0,31,109,0,140,0,8,120,2,130,0,39,229,2,270,144,0,144,414
08/03/2007,FTY,GA,ASO,ES,Federal Contract Tower,0,28,90,0,118,0,5,107,0,112,0,33,197,0,230,308,0,308,538
08/04/2007,FTY,GA,ASO,ES,Federal Contract Tower,0,11,51,0,62,0,3,83,0,86,0,14,134,0,148,144,0,144,292
08/05/2007,FTY,GA,ASO,ES,Federal Contract Tower,0,19,60,0,79,0,0,67,0,67,0,19,127,0,146,184,0,184,330
08/06/2007,FTY,GA,ASO,ES,Federal Contract Tower,0,25,68,0,93,0,2,112,0,114,0,27,180,0,207,294,0,294,501
08/07/2007,FTY,GA,ASO,ES,Federal Contract Tower,0,34,86,0,120,0,0,102,0,102,0,34,188,0,222,92,0,92,314
08/08/2007,FTY,GA,ASO,ES,Federal Contract Tower,0,30,111,2,143,0,8,123,0,131,0,38,234,2,274,178,0,178,452
08/09/2007,FTY,GA,ASO,ES,Federal Contract Tower,0,20,106,0,126,0,5,128,0,133,0,25,234,0,259,190,0,190,449
08/10/2007,FTY,GA,ASO,ES,Federal Contract Tower,0,26,79,0,105,0,1,126,0,127,0,27,205,0,232,150,0,150,382
08/11/2007,FTY,GA,ASO,ES,Federal Contract Tower,0,4,37,0,41,0,0,58,0,58,0,4,95,0,99,136,0,136,235
08/12/2007,FTY,GA,ASO,ES,Federal Contract Tower,0,8,77,0,85,0,0,44,0,44,0,8,121,0,129,52,0,52,181
08/13/2007,FTY,GA,ASO,ES,Federal Contract Tower,0,32,83,2,117,0,3,107,0,110,0,35,190,2,227,132,0,132,359
08/14/2007,FTY,GA,ASO,ES,Federal Contract Tower,0,30,130,2,162,0,2,123,0,125,0,32,253,2,287,138,0,138,425
08/15/2007,FTY,GA,ASO,ES,Federal Contract Tower,0,32,108,0,140,0,1,97,0,98,0,33,205,0,238,162,0,162,400
08/16/2007,FTY,GA,ASO,ES,Federal Contract Tower,0,36,114,2,152,0,2,137,0,139,0,38,251,2,291,204,0,204,495
08/17/2007,FTY,GA,ASO,ES,Federal Contract Tower,0,28,91,2,121,0,3,98,0,101,0,31,189,2,222,168,0,168,390
08/18/2007,FTY,GA,ASO,ES,Federal Contract Tower,0,10,46,1,57,0,8,82,0,90,0,18,128,1,147,202,0,202,349
08/19/2007,FTY,GA,ASO,ES,Federal Contract Tower,0,8,51,1,60,0,0,97,0,97,0,8,148,1,157,156,0,156,313
08/20/2007,FTY,GA,ASO,ES,Federal Contract Tower,0,20,72,3,95,0,2,121,2,125,0,22,193,5,220,92,0,92,312
08/21/2007,FTY,GA,ASO,ES,Federal Contract Tower,0,23,92,4,119,0,5,170,4,179,0,28,262,8,298,124,0,124,422
08/22/2007,FTY,GA,ASO,ES,Federal Contract Tower,0,36,94,2,132,0,6,177,0,183,0,42,271,2,315,192,0,192,507
08/23/2007,FTY,GA,ASO,ES,Federal Contract Tower,0,29,106,1,136,0,4,128,1,133,0,33,234,2,269,146,0,146,415
08/24/2007,FTY,GA,ASO,ES,Federal Contract Tower,0,29,91,5,125,0,8,90,1,99,0,37,181,6,224,130,0,130,354
08/25/2007,FTY,GA,ASO,ES,Federal Contract Tower,0,6,48,0,54,0,0,108,0,108,0,6,156,0,162,154,0,154,316
08/26/2007,FTY,GA,ASO,ES,Federal Contract Tower,0,16,41,5,62,0,0,75,1,76,0,16,116,6,138,126,0,126,264
08/27/2007,FTY,GA,ASO,ES,Federal Contract Tower,0,35,110,0,145,0,1,74,0,75,0,36,184,0,220,180,0,180,400
08/28/2007,FTY,GA,ASO,ES,Federal Contract Tower,0,29,115,0,144,0,1,104,6,111,0,30,219,6,255,208,0,208,463
08/29/2007,FTY,GA,ASO,ES,Federal Contract Tower,0,31,110,8,149,0,2,83,1,86,0,33,193,9,235,36,0,36,271
08/30/2007,FTY,GA,ASO,ES,Federal Contract Tower,0,24,119,1,144,0,3,83,0,86,0,27,202,1,230,94,0,94,324
08/31/2007,FTY,GA,ASO,ES,Federal Contract Tower,0,30,131,3,164,0,1,51,0,52,0,31,182,3,216,178,0,178,394
09/01/2007,FTY,GA,ASO,ES,Federal Contract Tower,0,3,39,1,43,0,0,71,0,71,0,3,110,1,114,130,0,130,244
09/02/2007,FTY,GA,ASO,ES,Federal Contract Tower,0,5,48,1,54,0,0,66,0,66,0,5,114,1,120,186,0,186,306
09/03/2007,FTY,GA,ASO,ES,Federal Contract Tower,0,14,70,1,85,0,0,92,0,92,0,14,162,1,177,168,0,168,345
09/04/2007,FTY,GA,ASO,ES,Federal Contract Tower,0,22,70,1,93,0,2,116,0,118,0,24,186,1,211,130,0,130,341
09/05/2007,FTY,GA,ASO,ES,Federal Contract Tower,0,22,84,0,106,0,0,129,0,129,0,22,213,0,235,150,0,150,385
09/06/2007,FTY,GA,ASO,ES,Federal Contract Tower,0,29,124,0,153,0,5,110,0,115,0,34,234,0,268,164,0,164,432
09/07/2007,FTY,GA,ASO,ES,Federal Contract Tower,0,19,99,4,122,0,3,155,0,158,0,22,254,4,280,196,0,196,476
09/08/2007,FTY,GA,ASO,ES,Federal Contract Tower,0,8,54,1,63,0,0,108,0,108,0,8,162,1,171,232,0,232,403
09/09/2007,FTY,GA,ASO,ES,Federal Contract Tower,0,14,55,0,69,0,0,89,0,89,0,14,144,0,158,306,0,306,464
09/10/2007,FTY,GA,ASO,ES,Federal Contract Tower,0,27,104,2,133,0,3,131,0,134,0,30,235,2,267,170,0,170,437
09/11/2007,FTY,GA,ASO,ES,Federal Contract Tower,0,37,99,2,138,0,1,106,0,107,0,38,205,2,245,100,0,100,345
09/12/2007,FTY,GA,ASO,ES,Federal Contract Tower,0,43,128,2,173,0,2,91,0,93,0,45,219,2,266,292,0,292,558
09/13/2007,FTY,GA,ASO,ES,Federal Contract Tower,0,29,124,2,155,0,0,70,0,70,0,29,194,2,225,72,0,72,297
09/14/2007,FTY,GA,ASO,ES,Federal Contract Tower,0,35,106,2,143,0,1,26,2,29,0,36,132,4,172,54,0,54,226
09/15/2007,FTY,GA,ASO,ES,Federal Contract Tower,0,12,61,0,73,0,4,90,0,94,0,16,151,0,167,210,0,210,377
09/16/2007,FTY,GA,ASO,ES,Federal Contract Tower,0,17,76,0,93,0,0,139,4,143,0,17,215,4,236,238,0,238,474
09/17/2007,FTY,GA,ASO,ES,Federal Contract Tower,0,33,103,4,140,0,1,132,0,133,0,34,235,4,273,182,0,182,455
09/18/2007,FTY,GA,ASO,ES,Federal Contract Tower,0,29,120,1,150,0,1,137,1,139,0,30,257,2,289,130,0,130,419
09/19/2007,FTY,GA,ASO,ES,Federal Contract Tower,0,24,144,3,171,0,1,149,0,150,0,25,293,3,321,132,0,132,453
09/20/2007,FTY,GA,ASO,ES,Federal Contract Tower,0,27,132,0,159,0,1,114,2,117,0,28,246,2,276,136,0,136,412
09/21/2007,FTY,GA,ASO,ES,Federal Contract Tower,0,19,126,0,145,0,0,51,0,51,0,19,177,0,196,10,0,10,206
09/22/2007,FTY,GA,ASO,ES,Federal Contract Tower,0,12,94,0,106,0,0,42,2,44,0,12,136,2,150,28,0,28,178
09/23/2007,FTY,GA,ASO,ES,Federal Contract Tower,0,18,130,1,149,0,2,46,0,48,0,20,176,1,197,0,0,0,197
09/24/2007,FTY,GA,ASO,ES,Federal Contract Tower,0,24,232,1,257,0,0,136,0,136,0,24,368,1,393,16,0,16,409
09/25/2007,FTY,GA,ASO,ES,Federal Contract Tower,0,38,326,0,364,0,0,152,0,152,0,38,478,0,516,6,0,6,522
09/26/2007,FTY,GA,ASO,ES,Federal Contract Tower,0,39,375,0,414,0,1,195,0,196,0,40,570,0,610,0,0,0,610
09/27/2007,FTY,GA,ASO,ES,Federal Contract Tower,0,31,303,0,334,0,0,143,0,143,0,31,446,0,477,0,0,0,477
09/28/2007,FTY,GA,ASO,ES,Federal Contract Tower,0,38,149,2,189,0,3,140,0,143,0,41,289,2,332,6,0,6,338
09/29/2007,FTY,GA,ASO,ES,Federal Contract Tower,0,14,55,2,71,0,5,97,0,102,0,19,152,2,173,54,0,54,227
09/30/2007,FTY,GA,ASO,ES,Federal Contract Tower,0,12,71,0,83,0,0,88,0,88,0,12,159,0,171,114,0,114,285
10/01/2007,FTY,GA,ASO,ES,Federal Contract Tower,0,30,81,0,111,0,3,143,0,146,0,33,224,0,257,68,0,68,325
10/02/2007,FTY,GA,ASO,ES,Federal Contract Tower,0,23,112,6,141,0,3,159,0,162,0,26,271,6,303,144,0,144,447
10/03/2007,FTY,GA,ASO,ES,Federal Contract Tower,0,23,125,0,148,0,1,79,0,80,0,24,204,0,228,214,0,214,442
10/04/2007,FTY,GA,ASO,ES,Federal Contract Tower,0,32,136,0,168,0,0,50,0,50,0,32,186,0,218,104,0,104,322
10/05/2007,FTY,GA,ASO,ES,Federal Contract Tower,0,29,126,0,155,0,2,47,0,49,0,31,173,0,204,166,0,166,370
10/06/2007,FTY,GA,ASO,ES,Federal Contract Tower,0,7,46,0,53,0,5,51,0,56,0,12,97,0,109,88,0,88,197
10/07/2007,FTY,GA,ASO,ES,Federal Contract Tower,0,18,57,0,75,0,1,70,0,71,0,19,127,0,146,112,0,112,258
10/08/2007,FTY,GA,ASO,ES,Federal Contract Tower,0,10,102,0,112,0,0,88,0,88,0,10,190,0,200,104,0,104,304
10/09/2007,FTY,GA,ASO,ES,Federal Contract Tower,0,31,91,2,124,0,0,82,0,82,0,31,173,2,206,98,0,98,304
10/10/2007,FTY,GA,ASO,ES,Federal Contract Tower,0,20,119,0,139,0,2,173,0,175,0,22,292,0,314,84,0,84,398
10/11/2007,FTY,GA,ASO,ES,Federal Contract Tower,0,39,111,3,153,0,1,161,0,162,0,40,272,3,315,78,0,78,393
10/12/2007,FTY,GA,ASO,ES,Federal Contract Tower,0,32,105,2,139,0,1,138,0,139,0,33,243,2,278,192,0,192,470
10/13/2007,FTY,GA,ASO,ES,Federal Contract Tower,0,12,55,0,67,0,0,69,0,69,0,12,124,0,136,120,0,120,256
10/14/2007,FTY,GA,ASO,ES,Federal Contract Tower,0,16,59,2,77,0,0,100,0,100,0,16,159,2,177,140,0,140,317
10/15/2007,FTY,GA,ASO,ES,Federal Contract Tower,0,25,102,0,127,0,1,143,0,144,0,26,245,0,271,248,0,248,519
10/16/2007,FTY,GA,ASO,ES,Federal Contract Tower,0,31,143,0,174,0,4,64,2,70,0,35,207,2,244,120,0,120,364
10/17/2007,FTY,GA,ASO,ES,Federal Contract Tower,0,21,149,0,170,0,3,98,4,105,0,24,247,4,275,98,0,98,373
10/18/2007,FTY,GA,ASO,ES,Federal Contract Tower,0,30,124,0,154,0,0,109,0,109,0,30,233,0,263,98,0,98,361
10/19/2007,FTY,GA,ASO,ES,Federal Contract Tower,0,33,98,2,133,0,1,100,0,101,0,34,198,2,234,106,0,106,340
10/20/2007,FTY,GA,ASO,ES,Federal Contract Tower,0,12,51,0,63,0,0,106,0,106,0,12,157,0,169,178,0,178,347
10/21/2007,FTY,GA,ASO,ES,Federal Contract Tower,0,15,84,1,100,0,0,107,0,107,0,15,191,1,207,118,0,118,325
10/22/2007,FTY,GA,ASO,ES,Federal Contract Tower,0,31,114,1,146,0,0,11,0,11,0,31,125,1,157,0,0,0,157
10/23/2007,FTY,GA,ASO,ES,Federal Contract Tower,0,40,132,2,174,0,0,27,0,27,0,40,159,2,201,30,0,30,231
10/24/2007,FTY,GA,ASO,ES,Federal Contract Tower,0,29,150,2,181,0,0,13,0,13,0,29,163,2,194,0,0,0,194
10/25/2007,FTY,GA,ASO,ES,Federal Contract Tower,0,33,146,3,182,0,3,103,0,106,0,36,249,3,288,166,0,166,454
10/26/2007,FTY,GA,ASO,ES,Federal Contract Tower,0,44,111,0,155,0,0,79,0,79,0,44,190,0,234,52,0,52,286
10/27/2007,FTY,GA,ASO,ES,Federal Contract Tower,0,11,43,1,55,0,0,96,4,100,0,11,139,5,155,184,0,184,339
10/28/2007,FTY,GA,ASO,ES,Federal Contract Tower,0,10,91,1,102,0,0,125,2,127,0,10,216,3,229,160,0,160,389
10/29/2007,FTY,GA,ASO,ES,Federal Contract Tower,0,39,122,0,161,0,0,115,0,115,0,39,237,0,276,138,0,138,414
10/30/2007,FTY,GA,ASO,ES,Federal Contract Tower,0,32,116,2,150,0,1,136,0,137,0,33,252,2,287,108,0,108,395
10/31/2007,FTY,GA,ASO,ES,Federal Contract Tower,0,24,101,0,125,0,1,148,0,149,0,25,249,0,274,176,0,176,450
11/01/2007,FTY,GA,ASO,ES,Federal Contract Tower,0,34,117,2,153,0,1,151,0,152,0,35,268,2,305,204,0,204,509
11/02/2007,FTY,GA,ASO,ES,Federal Contract Tower,0,26,139,0,165,0,0,189,0,189,0,26,328,0,354,180,0,180,534
11/03/2007,FTY,GA,ASO,ES,Federal Contract Tower,0,14,49,0,63,0,0,116,0,116,0,14,165,0,179,164,0,164,343
11/04/2007,FTY,GA,ASO,ES,Federal Contract Tower,0,16,54,0,70,0,0,94,0,94,0,16,148,0,164,68,0,68,232
11/05/2007,FTY,GA,ASO,ES,Federal Contract Tower,0,20,107,3,130,0,0,136,0,136,0,20,243,3,266,110,0,110,376
11/06/2007,FTY,GA,ASO,ES,Federal Contract Tower,0,24,109,1,134,0,3,100,0,103,0,27,209,1,237,160,0,160,397
11/07/2007,FTY,GA,ASO,ES,Federal Contract Tower,0,18,122,6,146,0,1,162,0,163,0,19,284,6,309,168,0,168,477
11/08/2007,FTY,GA,ASO,ES,Federal Contract Tower,0,27,156,0,183,0,4,153,2,159,0,31,309,2,342,190,0,190,532
11/09/2007,FTY,GA,ASO,ES,Federal Contract Tower,0,37,129,3,169,0,2,123,0,125,0,39,252,3,294,224,0,224,518
11/10/2007,FTY,GA,ASO,ES,Federal Contract Tower,0,4,65,0,69,0,0,104,0,104,0,4,169,0,173,126,0,126,299
11/11/2007,FTY,GA,ASO,ES,Federal Contract Tower,0,15,77,0,92,0,0,76,0,76,0,15,153,0,168,134,0,134,302
11/12/2007,FTY,GA,ASO,ES,Federal Contract Tower,0,7,93,0,100,0,0,116,0,116,0,7,209,0,216,216,0,216,432
11/13/2007,FTY,GA,ASO,ES,Federal Contract Tower,0,24,111,0,135,0,4,155,0,159,0,28,266,0,294,268,0,268,562
11/14/2007,FTY,GA,ASO,ES,Federal Contract Tower,0,21,116,2,139,0,3,145,0,148,0,24,261,2,287,110,0,110,397
11/15/2007,FTY,GA,ASO,ES,Federal Contract Tower,0,34,110,0,144,0,0,50,0,50,0,34,160,0,194,28,0,28,222
11/16/2007,FTY,GA,ASO,ES,Federal Contract Tower,0,32,108,0,140,0,3,151,0,154,0,35,259,0,294,268,0,268,562
11/17/2007,FTY,GA,ASO,ES,Federal Contract Tower,0,6,49,0,55,0,1,112,0,113,0,7,161,0,168,182,0,182,350
11/18/2007,FTY,GA,ASO,ES,Federal Contract Tower,0,13,69,0,82,0,0,82,0,82,0,13,151,0,164,142,0,142,306
11/19/2007,FTY,GA,ASO,ES,Federal Contract Tower,0,25,140,2,167,0,0,91,0,91,0,25,231,2,258,130,0,130,388
11/20/2007,FTY,GA,ASO,ES,Federal Contract Tower,0,27,122,2,151,0,3,154,0,157,0,30,276,2,308,124,0,124,432
11/21/2007,FTY,GA,ASO,ES,Federal Contract Tower,0,19,88,0,107,0,1,97,2,100,0,20,185,2,207,140,0,140,347
11/22/2007,FTY,GA,ASO,ES,Federal Contract Tower,0,4,13,0,17,0,0,4,0,4,0,4,17,0,21,0,0,0,21
11/23/2007,FTY,GA,ASO,ES,Federal Contract Tower,0,13,33,0,46,0,3,81,0,84,0,16,114,0,130,12,0,12,142
11/24/2007,FTY,GA,ASO,ES,Federal Contract Tower,0,4,41,0,45,0,3,74,2,79,0,7,115,2,124,66,0,66,190
11/25/2007,FTY,GA,ASO,ES,Federal Contract Tower,0,5,86,0,91,0,0,7,1,8,0,5,93,1,99,10,0,10,109
11/26/2007,FTY,GA,ASO,ES,Federal Contract Tower,0,28,90,1,119,0,0,17,0,17,0,28,107,1,136,0,0,0,136
11/27/2007,FTY,GA,ASO,ES,Federal Contract Tower,0,34,123,0,157,0,1,107,0,108,0,35,230,0,265,74,0,74,339
11/28/2007,FTY,GA,ASO,ES,Federal Contract Tower,0,23,120,0,143,0,5,167,0,172,0,28,287,0,315,182,0,182,497
11/29/2007,FTY,GA,ASO,ES,Federal Contract Tower,0,18,112,5,135,0,9,131,0,140,0,27,243,5,275,108,0,108,383
11/30/2007,FTY,GA,ASO,ES,Federal Contract Tower,0,26,153,2,181,0,1,132,0,133,0,27,285,2,314,188,0,188,502
12/01/2007,FTY,GA,ASO,ES,Federal Contract Tower,0,7,105,0,112,0,4,134,0,138,0,11,239,0,250,244,0,244,494
12/02/2007,FTY,GA,ASO,ES,Federal Contract Tower,0,0,0,0,0,0,8,166,0,174,0,8,166,0,174,204,0,204,378
12/03/2007,FTY,GA,ASO,ES,Federal Contract Tower,0,38,79,0,117,0,0,62,0,62,0,38,141,0,179,16,0,16,195
12/04/2007,FTY,GA,ASO,ES,Federal Contract Tower,0,30,94,2,126,0,2,140,0,142,0,32,234,2,268,254,0,254,522
12/05/2007,FTY,GA,ASO,ES,Federal Contract Tower,0,28,0,0,28,31,254,0,118,403,31,282,0,118,431,118,0,118,549
12/06/2007,FTY,GA,ASO,ES,Federal Contract Tower,0,28,133,2,163,0,2,145,0,147,0,30,278,2,310,206,0,206,516
12/07/2007,FTY,GA,ASO,ES,Federal Contract Tower,0,28,117,0,145,0,5,102,2,109,0,33,219,2,254,228,0,228,482
12/08/2007,FTY,GA,ASO,ES,Federal Contract Tower,0,12,64,0,76,0,2,62,0,64,0,14,126,0,140,142,0,142,282
12/09/2007,FTY,GA,ASO,ES,Federal Contract Tower,0,0,0,0,0,0,11,144,4,159,0,11,144,4,159,156,0,156,315
12/10/2007,FTY,GA,ASO,ES,Federal Contract Tower,0,27,115,2,144,0,1,133,0,134,0,28,248,2,278,222,0,222,500
12/11/2007,FTY,GA,ASO,ES,Federal Contract Tower,0,28,133,1,162,0,0,133,0,133,0,28,266,1,295,110,0,110,405
12/12/2007,FTY,GA,ASO,ES,Federal Contract Tower,0,28,121,8,157,0,1,92,0,93,0,29,213,8,250,146,0,146,396
12/13/2007,FTY,GA,ASO,ES,Federal Contract Tower,0,41,116,4,161,0,2,88,0,90,0,43,204,4,251,30,0,30,281
12/14/2007,FTY,GA,ASO,ES,Federal Contract Tower,0,24,99,1,124,0,0,178,0,178,0,24,277,1,302,88,0,88,390
12/15/2007,FTY,GA,ASO,ES,Federal Contract Tower,0,7,45,2,54,0,0,23,0,23,0,7,68,2,77,30,0,30,107
12/16/2007,FTY,GA,ASO,ES,Federal Contract Tower,0,7,50,2,59,0,0,25,0,25,0,7,75,2,84,26,0,26,110
12/17/2007,FTY,GA,ASO,ES,Federal Contract Tower,0,27,99,0,126,0,0,156,0,156,0,27,255,0,282,156,0,156,438
12/18/2007,FTY,GA,ASO,ES,Federal Contract Tower,0,20,103,4,127,0,1,170,0,171,0,21,273,4,298,202,0,202,500
12/19/2007,FTY,GA,ASO,ES,Federal Contract Tower,0,27,132,0,159,0,2,83,0,85,0,29,215,0,244,194,0,194,438
12/20/2007,FTY,GA,ASO,ES,Federal Contract Tower,0,26,97,2,125,0,0,30,0,30,0,26,127,2,155,22,0,22,177
12/21/2007,FTY,GA,ASO,ES,Federal Contract Tower,0,17,90,1,108,0,0,16,0,16,0,17,106,1,124,24,0,24,148
12/22/2007,FTY,GA,ASO,ES,Federal Contract Tower,0,3,45,0,48,0,0,13,0,13,0,3,58,0,61,6,0,6,67
12/23/2007,FTY,GA,ASO,ES,Federal Contract Tower,0,11,34,0,45,0,1,19,0,20,0,12,53,0,65,34,0,34,99
12/24/2007,FTY,GA,ASO,ES,Federal Contract Tower,0,18,23,0,41,0,2,50,0,52,0,20,73,0,93,30,0,30,123
12/25/2007,FTY,GA,ASO,ES,Federal Contract Tower,0,6,6,0,12,0,0,0,0,0,0,6,6,0,12,0,0,0,12
12/26/2007,FTY,GA,ASO,ES,Federal Contract Tower,0,19,75,0,94,0,3,88,0,91,0,22,163,0,185,54,0,54,239
12/27/2007,FTY,GA,ASO,ES,Federal Contract Tower,0,39,78,0,117,0,1,21,0,22,0,40,99,0,139,26,0,26,165
12/28/2007,FTY,GA,ASO,ES,Federal Contract Tower,0,20,63,0,83,0,0,2,0,2,0,20,65,0,85,0,0,0,85
12/29/2007,FTY,GA,ASO,ES,Federal Contract Tower,0,12,49,0,61,0,2,55,0,57,0,14,104,0,118,104,0,104,222
12/30/2007,FTY,GA,ASO,ES,Federal Contract Tower,0,4,30,0,34,0,0,2,0,2,0,4,32,0,36,0,0,0,36
12/31/2007,FTY,GA,ASO,ES,Federal Contract Tower,0,16,52,0,68,0,0,58,0,58,0,16,110,0,126,102,0,102,228
01/01/2008,FTY,GA,ASO,ES,Federal Contract Tower,0,11,31,0,42,0,0,12,0,12,0,11,43,0,54,0,0,0,54
01/02/2008,FTY,GA,ASO,ES,Federal Contract Tower,0,11,78,0,89,0,0,58,0,58,0,11,136,0,147,18,0,18,165
01/03/2008,FTY,GA,ASO,ES,Federal Contract Tower,0,33,87,0,120,0,1,118,0,119,0,34,205,0,239,72,0,72,311
01/04/2008,FTY,GA,ASO,ES,Federal Contract Tower,0,31,101,0,132,0,1,115,0,116,0,32,216,0,248,72,0,72,320
01/05/2008,FTY,GA,ASO,ES,Federal Contract Tower,0,14,60,0,74,0,0,85,0,85,0,14,145,0,159,170,0,170,329
01/06/2008,FTY,GA,ASO,ES,Federal Contract Tower,0,12,61,0,73,0,0,85,0,85,0,12,146,0,158,218,0,218,376
01/07/2008,FTY,GA,ASO,ES,Federal Contract Tower,0,14,105,0,119,0,3,112,0,115,0,17,217,0,234,86,0,86,320
01/08/2008,FTY,GA,ASO,ES,Federal Contract Tower,0,35,89,0,124,0,0,47,0,47,0,35,136,0,171,15,0,15,186
01/09/2008,FTY,GA,ASO,ES,Federal Contract Tower,0,14,129,0,143,0,0,64,0,64,0,14,193,0,207,120,0,120,327
01/10/2008,FTY,GA,ASO,ES,Federal Contract Tower,0,22,117,2,141,0,2,22,0,24,0,24,139,2,165,48,0,48,213
01/11/2008,FTY,GA,ASO,ES,Federal Contract Tower,0,33,85,4,122,0,4,138,0,142,0,37,223,4,264,132,0,132,396
01/12/2008,FTY,GA,ASO,ES,Federal Contract Tower,0,14,64,0,78,0,2,123,3,128,0,16,187,3,206,196,0,196,402
01/13/2008,FTY,GA,ASO,ES,Federal Contract Tower,0,12,56,3,71,0,0,62,0,62,0,12,118,3,133,46,0,46,179
01/14/2008,FTY,GA,ASO,ES,Federal Contract Tower,0,24,104,1,129,0,0,98,0,98,0,24,202,1,227,100,0,100,327
01/15/2008,FTY,GA,ASO,ES,Federal Contract Tower,0,25,137,0,162,0,0,129,0,129,0,25,266,0,291,182,0,182,473
01/16/2008,FTY,GA,ASO,ES,Federal Contract Tower,0,20,91,0,111,0,1,90,0,91,0,21,181,0,202,58,0,58,260
01/17/2008,FTY,GA,ASO,ES,Federal Contract Tower,0,35,90,0,125,0,0,6,0,6,0,35,96,0,131,0,0,0,131
01/18/2008,FTY,GA,ASO,ES,Federal Contract Tower,0,26,113,2,141,0,2,121,0,123,0,28,234,2,264,220,0,220,484
01/19/2008,FTY,GA,ASO,ES,Federal Contract Tower,0,5,28,0,33,0,2,2,0,4,0,7,30,0,37,0,0,0,37
01/20/2008,FTY,GA,ASO,ES,Federal Contract Tower,0,14,46,0,60,0,0,31,0,31,0,14,77,0,91,32,0,32,123
01/21/2008,FTY,GA,ASO,ES,Federal Contract Tower,0,22,125,0,147,0,2,91,0,93,0,24,216,0,240,146,0,146,386
01/22/2008,FTY,GA,ASO,ES,Federal Contract Tower,0,29,117,3,149,0,0,19,0,19,0,29,136,3,168,26,0,26,194
01/23/2008,FTY,GA,ASO,ES,Federal Contract Tower,0,28,121,0,149,0,2,72,0,74,0,30,193,0,223,130,0,130,353
01/24/2008,FTY,GA,ASO,ES,Federal Contract Tower,0,31,135,2,168,0,0,74,0,74,0,31,209,2,242,106,0,106,348
01/25/2008,FTY,GA,ASO,ES,Federal Contract Tower,0,30,136,4,170,0,4,162,0,166,0,34,298,4,336,202,0,202,538
01/26/2008,FTY,GA,ASO,ES,Federal Contract Tower,0,3,46,0,49,0,0,47,0,47,0,3,93,0,96,180,0,180,276
01/27/2008,FTY,GA,ASO,ES,Federal Contract Tower,0,13,71,0,84,0,0,93,0,93,0,13,164,0,177,100,0,100,277
01/28/2008,FTY,GA,ASO,ES,Federal Contract Tower,0,21,119,0,140,0,1,149,0,150,0,22,268,0,290,228,0,228,518
01/29/2008,FTY,GA,ASO,ES,Federal Contract Tower,0,26,124,0,150,0,0,61,0,61,0,26,185,0,211,116,0,116,327
01/30/2008,FTY,GA,ASO,ES,Federal Contract Tower,0,23,122,0,145,0,0,147,0,147,0,23,269,0,292,152,0,152,444
01/31/2008,FTY,GA,ASO,ES,Federal Contract Tower,0,31,128,0,159,0,0,61,0,61,0,31,189,0,220,42,0,42,262
02/01/2008,FTY,GA,ASO,ES,Federal Contract Tower,0,29,90,0,119,0,0,29,0,29,0,29,119,0,148,20,0,20,168
02/02/2008,FTY,GA,ASO,ES,Federal Contract Tower,0,3,75,0,78,0,4,151,0,155,0,7,226,0,233,174,0,174,407
02/03/2008,FTY,GA,ASO,ES,Federal Contract Tower,0,8,53,3,64,0,0,92,0,92,0,8,145,3,156,230,0,230,386
02/04/2008,FTY,GA,ASO,ES,Federal Contract Tower,0,26,98,0,124,0,0,58,0,58,0,26,156,0,182,90,0,90,272
02/05/2008,FTY,GA,ASO,ES,Federal Contract Tower,0,21,104,2,127,0,2,31,0,33,0,23,135,2,160,8,0,8,168
02/06/2008,FTY,GA,ASO,ES,Federal Contract Tower,0,23,85,0,108,0,2,59,0,61,0,25,144,0,169,18,0,18,187
02/07/2008,FTY,GA,ASO,ES,Federal Contract Tower,0,28,127,0,155,0,0,137,0,137,0,28,264,0,292,112,0,112,404
02/08/2008,FTY,GA,ASO,ES,Federal Contract Tower,0,24,124,2,150,0,1,159,0,160,0,25,283,2,310,148,0,148,458
02/09/2008,FTY,GA,ASO,ES,Federal Contract Tower,0,4,46,0,50,0,10,98,0,108,0,14,144,0,158,114,0,114,272
02/10/2008,FTY,GA,ASO,ES,Federal Contract Tower,0,0,0,0,0,0,7,93,0,100,0,7,93,0,100,26,0,26,126
02/11/2008,FTY,GA,ASO,ES,Federal Contract Tower,0,12,107,0,119,0,0,163,0,163,0,12,270,0,282,134,0,134,416
02/12/2008,FTY,GA,ASO,ES,Federal Contract Tower,0,28,92,5,125,0,1,87,0,88,0,29,179,5,213,50,0,50,263
02/13/2008,FTY,GA,ASO,ES,Federal Contract Tower,0,17,101,1,119,0,6,35,0,41,0,23,136,1,160,0,0,0,160
02/14/2008,FTY,GA,ASO,ES,Federal Contract Tower,0,25,107,6,138,0,1,144,0,145,0,26,251,6,283,120,0,120,403
02/15/2008,FTY,GA,ASO,ES,Federal Contract Tower,0,18,85,0,103,0,0,111,0,111,0,18,196,0,214,112,0,112,326
02/16/2008,FTY,GA,ASO,ES,Federal Contract Tower,0,6,45,0,51,0,7,93,0,100,0,13,138,0,151,234,0,234,385
02/17/2008,FTY,GA,ASO,ES,Federal Contract Tower,0,19,44,0,63,0,0,4,0,4,0,19,48,0,67,10,0,10,77
02/18/2008,FTY,GA,ASO,ES,Federal Contract Tower,0,22,87,0,109,0,0,86,0,86,0,22,173,0,195,64,0,64,259
02/19/2008,FTY,GA,ASO,ES,Federal Contract Tower,0,23,112,0,135,0,2,101,2,105,0,25,213,2,240,52,0,52,292
02/20/2008,FTY,GA,ASO,ES,Federal Contract Tower,0,23,145,1,169,0,4,142,0,146,0,27,287,1,315,100,0,100,415
02/21/2008,FTY,GA,ASO,ES,Federal Contract Tower,0,33,115,1,149,0,0,48,0,48,0,33,163,1,197,90,0,90,287
02/22/2008,FTY,GA,ASO,ES,Federal Contract Tower,0,9,76,0,85,0,0,0,0,0,0,9,76,0,85,0,0,0,85
02/23/2008,FTY,GA,ASO,ES,Federal Contract Tower,0,8,71,0,79,0,0,38,0,38,0,8,109,0,117,166,0,166,283
02/24/2008,FTY,GA,ASO,ES,Federal Contract Tower,0,0,0,0,0,0,10,162,0,172,0,10,162,0,172,96,0,96,268
02/25/2008,FTY,GA,ASO,ES,Federal Contract Tower,0,24,114,2,140,0,0,154,0,154,0,24,268,2,294,182,0,182,476
02/26/2008,FTY,GA,ASO,ES,Federal Contract Tower,0,25,92,2,119,0,0,34,0,34,0,25,126,2,153,0,0,0,153
02/27/2008,FTY,GA,ASO,ES,Federal Contract Tower,0,14,115,0,129,0,0,70,0,70,0,14,185,0,199,72,0,72,271
02/28/2008,FTY,GA,ASO,ES,Federal Contract Tower,0,23,126,2,151,0,1,119,0,120,0,24,245,2,271,184,0,184,455
02/29/2008,FTY,GA,ASO,ES,Federal Contract Tower,0,33,138,2,173,0,0,109,0,109,0,33,247,2,282,134,0,134,416
03/01/2008,FTY,GA,ASO,ES,Federal Contract Tower,0,11,46,0,57,0,5,123,0,128,0,16,169,0,185,176,0,176,361
03/02/2008,FTY,GA,ASO,ES,Federal Contract Tower,0,14,58,0,72,0,1,96,0,97,0,15,154,0,169,112,0,112,281
03/03/2008,FTY,GA,ASO,ES,Federal Contract Tower,0,15,73,4,92,0,0,91,0,91,0,15,164,4,183,54,0,54,237
03/04/2008,FTY,GA,ASO,ES,Federal Contract Tower,0,21,60,0,81,0,4,21,0,25,0,25,81,0,106,6,0,6,112
03/05/2008,FTY,GA,ASO,ES,Federal Contract Tower,0,35,113,2,150,0,2,113,0,115,0,37,226,2,265,224,0,224,489
03/06/2008,FTY,GA,ASO,ES,Federal Contract Tower,0,16,138,3,157,0,3,128,0,131,0,19,266,3,288,176,0,176,464
03/07/2008,FTY,GA,ASO,ES,Federal Contract Tower,0,27,75,2,104,0,0,14,4,18,0,27,89,6,122,0,0,0,122
03/08/2008,FTY,GA,ASO,ES,Federal Contract Tower,0,15,19,0,34,0,4,27,0,31,0,19,46,0,65,12,0,12,77
03/09/2008,FTY,GA,ASO,ES,Federal Contract Tower,0,12,65,0,77,0,0,115,0,115,0,12,180,0,192,86,0,86,278
03/10/2008,FTY,GA,ASO,ES,Federal Contract Tower,0,21,95,0,116,0,0,107,0,107,0,21,202,0,223,60,0,60,283
03/11/2008,FTY,GA,ASO,ES,Federal Contract Tower,0,27,103,3,133,0,0,97,0,97,0,27,200,3,230,150,0,150,380
03/12/2008,FTY,GA,ASO,ES,Federal Contract Tower,0,30,116,0,146,0,3,145,0,148,0,33,261,0,294,106,0,106,400
03/13/2008,FTY,GA,ASO,ES,Federal Contract Tower,0,18,127,4,149,0,7,170,0,177,0,25,297,4,326,176,0,176,502
03/14/2008,FTY,GA,ASO,ES,Federal Contract Tower,0,27,107,4,138,0,4,52,0,56,0,31,159,4,194,50,0,50,244
03/15/2008,FTY,GA,ASO,ES,Federal Contract Tower,0,10,36,0,46,0,0,23,0,23,0,10,59,0,69,44,0,44,113
03/16/2008,FTY,GA,ASO,ES,Federal Contract Tower,0,12,69,0,81,0,0,96,0,96,0,12,165,0,177,76,0,76,253
03/17/2008,FTY,GA,ASO,ES,Federal Contract Tower,0,22,79,0,101,0,0,138,0,138,0,22,217,0,239,80,0,80,319
03/18/2008,FTY,GA,ASO,ES,Federal Contract Tower,0,21,95,2,118,0,3,73,0,76,0,24,168,2,194,74,0,74,268
03/19/2008,FTY,GA,ASO,ES,Federal Contract Tower,0,18,72,0,90,0,1,21,0,22,0,19,93,0,112,0,0,0,112
03/20/2008,FTY,GA,ASO,ES,Federal Contract Tower,0,26,110,2,138,0,0,131,0,131,0,26,241,2,269,88,0,88,357
03/21/2008,FTY,GA,ASO,ES,Federal Contract Tower,0,25,89,0,114,0,1,163,0,164,0,26,252,0,278,80,0,80,358
03/22/2008,FTY,GA,ASO,ES,Federal Contract Tower,0,7,48,0,55,0,7,104,0,111,0,14,152,0,166,98,0,98,264
03/23/2008,FTY,GA,ASO,ES,Federal Contract Tower,0,16,45,0,61,0,0,58,0,58,0,16,103,0,119,82,0,82,201
03/24/2008,FTY,GA,ASO,ES,Federal Contract Tower,0,26,94,0,120,0,0,68,0,68,0,26,162,0,188,6,0,6,194
03/25/2008,FTY,GA,ASO,ES,Federal Contract Tower,0,27,114,2,143,0,1,129,2,132,0,28,243,4,275,146,0,146,421
03/26/2008,FTY,GA,ASO,ES,Federal Contract Tower,0,19,127,0,146,0,1,134,1,136,0,20,261,1,282,234,0,234,516
03/27/2008,FTY,GA,ASO,ES,Federal Contract Tower,0,25,111,2,138,0,4,161,1,166,0,29,272,3,304,168,0,168,472
03/28/2008,FTY,GA,ASO,ES,Federal Contract Tower,0,25,105,1,131,0,6,59,0,65,0,31,164,1,196,126,0,126,322
03/29/2008,FTY,GA,ASO,ES,Federal Contract Tower,0,3,42,1,46,0,0,26,4,30,0,3,68,5,76,60,2,62,138
03/30/2008,FTY,GA,ASO,ES,Federal Contract Tower,0,13,61,0,74,0,0,5,0,5,0,13,66,0,79,10,0,10,89
03/31/2008,FTY,GA,ASO,ES,Federal Contract Tower,0,29,100,0,129,0,0,19,0,19,0,29,119,0,148,8,0,8,156
04/01/2008,FTY,GA,ASO,ES,Federal Contract Tower,0,29,81,0,110,0,2,58,0,60,0,31,139,0,170,136,0,136,306
04/02/2008,FTY,GA,ASO,ES,Federal Contract Tower,0,23,91,0,114,0,12,145,0,157,0,35,236,0,271,248,0,248,519
04/03/2008,FTY,GA,ASO,ES,Federal Contract Tower,0,35,98,0,133,0,2,6,0,8,0,37,104,0,141,16,0,16,157
04/04/2008,FTY,GA,ASO,ES,Federal Contract Tower,0,39,97,0,136,0,0,9,0,9,0,39,106,0,145,0,0,0,145
04/05/2008,FTY,GA,ASO,ES,Federal Contract Tower,0,6,27,0,33,0,0,2,0,2,0,6,29,0,35,0,0,0,35
04/06/2008,FTY,GA,ASO,ES,Federal Contract Tower,0,24,90,0,114,0,0,20,0,20,0,24,110,0,134,98,0,98,232
04/07/2008,FTY,GA,ASO,ES,Federal Contract Tower,0,27,99,0,126,0,2,53,0,55,0,29,152,0,181,122,0,122,303
04/08/2008,FTY,GA,ASO,ES,Federal Contract Tower,0,28,114,0,142,0,0,115,0,115,0,28,229,0,257,290,0,290,547
04/09/2008,FTY,GA,ASO,ES,Federal Contract Tower,0,23,101,0,124,0,5,167,0,172,0,28,268,0,296,88,0,88,384
04/10/2008,FTY,GA,ASO,ES,Federal Contract Tower,0,27,109,3,139,0,4,140,0,144,0,31,249,3,283,163,0,163,446
04/11/2008,FTY,GA,ASO,ES,Federal Contract Tower,0,24,76,1,101,0,0,59,0,59,0,24,135,1,160,76,0,76,236
04/12/2008,FTY,GA,ASO,ES,Federal Contract Tower,0,11,37,0,48,0,2,26,0,28,0,13,63,0,76,26,0,26,102
04/13/2008,FTY,GA,ASO,ES,Federal Contract Tower,0,17,62,0,79,0,0,24,0,24,0,17,86,0,103,46,0,46,149
04/14/2008,FTY,GA,ASO,ES,Federal Contract Tower,0,23,101,4,128,0,0,70,2,72,0,23,171,6,200,76,0,76,276
04/15/2008,FTY,GA,ASO,ES,Federal Contract Tower,0,20,116,0,136,0,5,113,0,118,0,25,229,0,254,122,0,122,376
04/16/2008,FTY,GA,ASO,ES,Federal Contract Tower,0,25,98,2,125,0,2,197,2,201,0,27,295,4,326,194,12,206,532
04/17/2008,FTY,GA,ASO,ES,Federal Contract Tower,0,22,136,2,160,0,3,120,2,125,0,25,256,4,285,200,0,200,485
04/18/2008,FTY,GA,ASO,ES,Federal Contract Tower,0,22,92,3,117,0,0,132,1,133,0,22,224,4,250,206,0,206,456
04/19/2008,FTY,GA,ASO,ES,Federal Contract Tower,0,2,50,1,53,0,2,46,0,48,0,4,96,1,101,60,0,60,161
04/20/2008,FTY,GA,ASO,ES,Federal Contract Tower,0,11,74,2,87,0,0,90,1,91,0,11,164,3,178,60,0,60,238
04/21/2008,FTY,GA,ASO,ES,Federal Contract Tower,0,26,128,4,158,0,0,122,1,123,0,26,250,5,281,102,8,110,391
04/22/2008,FTY,GA,ASO,ES,Federal Contract Tower,0,14,98,2,114,0,1,139,0,140,0,15,237,2,254,108,0,108,362
04/23/2008,FTY,GA,ASO,ES,Federal Contract Tower,0,17,112,2,131,0,1,146,0,147,0,18,258,2,278,220,0,220,498
04/24/2008,FTY,GA,ASO,ES,Federal Contract Tower,0,26,157,2,185,0,3,131,1,135,0,29,288,3,320,106,0,106,426
04/25/2008,FTY,GA,ASO,ES,Federal Contract Tower,0,26,115,0,141,0,3,116,0,119,0,29,231,0,260,130,0,130,390
04/26/2008,FTY,GA,ASO,ES,Federal Contract Tower,0,3,42,0,45,0,0,94,1,95,0,3,136,1,140,288,0,288,428
04/27/2008,FTY,GA,ASO,ES,Federal Contract Tower,0,15,77,0,92,0,0,22,0,22,0,15,99,0,114,76,0,76,190
04/28/2008,FTY,GA,ASO,ES,Federal Contract Tower,0,29,87,0,116,0,0,50,0,50,0,29,137,0,166,58,0,58,224
04/29/2008,FTY,GA,ASO,ES,Federal Contract Tower,0,26,133,2,161,0,1,142,2,145,0,27,275,4,306,146,0,146,452
04/30/2008,FTY,GA,ASO,ES,Federal Contract Tower,0,22,82,0,104,0,0,192,0,192,0,22,274,0,296,248,0,248,544
05/01/2008,FTY,GA,ASO,ES,Federal Contract Tower,0,29,118,2,149,0,8,142,0,150,0,37,260,2,299,80,0,80,379
05/02/2008,FTY,GA,ASO,ES,Federal Contract Tower,0,22,109,0,131,0,2,135,2,139,0,24,244,2,270,34,0,34,304
05/03/2008,FTY,GA,ASO,ES,Federal Contract Tower,0,11,42,2,55,0,0,14,0,14,0,11,56,2,69,32,0,32,101
05/04/2008,FTY,GA,ASO,ES,Federal Contract Tower,0,11,58,0,69,0,0,66,0,66,0,11,124,0,135,168,0,168,303
05/05/2008,FTY,GA,ASO,ES,Federal Contract Tower,0,27,82,1,110,0,0,152,0,152,0,27,234,1,262,140,0,140,402
05/06/2008,FTY,GA,ASO,ES,Federal Contract Tower,0,22,99,0,121,0,1,170,0,171,0,23,269,0,292,154,0,154,446
05/07/2008,FTY,GA,ASO,ES,Federal Contract Tower,0,18,101,1,120,0,0,167,0,167,0,18,268,1,287,118,0,118,405
05/08/2008,FTY,GA,ASO,ES,Federal Contract Tower,0,32,107,0,139,0,0,88,0,88,0,32,195,0,227,26,0,26,253
05/09/2008,FTY,GA,ASO,ES,Federal Contract Tower,0,23,81,0,104,0,0,84,0,84,0,23,165,0,188,170,0,170,358
05/10/2008,FTY,GA,ASO,ES,Federal Contract Tower,0,11,51,0,62,0,4,83,0,87,0,15,134,0,149,132,0,132,281
05/11/2008,FTY,GA,ASO,ES,Federal Contract Tower,0,30,47,0,77,0,0,18,0,18,0,30,65,0,95,10,0,10,105
05/12/2008,FTY,GA,ASO,ES,Federal Contract Tower,0,20,106,0,126,0,0,75,0,75,0,20,181,0,201,26,0,26,227
05/13/2008,FTY,GA,ASO,ES,Federal Contract Tower,0,23,111,2,136,0,1,148,0,149,0,24,259,2,285,114,0,114,399
05/14/2008,FTY,GA,ASO,ES,Federal Contract Tower,0,15,108,0,123,0,2,121,0,123,0,17,229,0,246,164,0,164,410
05/15/2008,FTY,GA,ASO,ES,Federal Contract Tower,0,25,97,0,122,0,2,42,0,44,0,27,139,0,166,22,0,22,188
05/16/2008,FTY,GA,ASO,ES,Federal Contract Tower,0,22,98,0,120,0,1,61,2,64,0,23,159,2,184,52,0,52,236
05/17/2008,FTY,GA,ASO,ES,Federal Contract Tower,0,7,53,0,60,0,0,139,1,140,0,7,192,1,200,134,0,134,334
05/18/2008,FTY,GA,ASO,ES,Federal Contract Tower,0,18,55,2,75,0,0,82,1,83,0,18,137,3,158,58,0,58,216
05/19/2008,FTY,GA,ASO,ES,Federal Contract Tower,0,23,112,0,135,0,0,142,0,142,0,23,254,0,277,90,0,90,367
05/20/2008,FTY,GA,ASO,ES,Federal Contract Tower,0,19,118,3,140,0,0,73,0,73,0,19,191,3,213,76,0,76,289
05/21/2008,FTY,GA,ASO,ES,Federal Contract Tower,0,16,137,1,154,0,5,142,0,147,0,21,279,1,301,156,0,156,457
05/22/2008,FTY,GA,ASO,ES,Federal Contract Tower,0,31,122,3,156,0,3,149,0,152,0,34,271,3,308,134,0,134,442
05/23/2008,FTY,GA,ASO,ES,Federal Contract Tower,0,27,81,0,108,0,0,66,0,66,0,27,147,0,174,76,0,76,250
05/24/2008,FTY,GA,ASO,ES,Federal Contract Tower,0,3,30,0,33,0,0,65,0,65,0,3,95,0,98,162,0,162,260
05/25/2008,FTY,GA,ASO,ES,Federal Contract Tower,0,3,32,0,35,0,0,53,0,53,0,3,85,0,88,58,0,58,146
05/26/2008,FTY,GA,ASO,ES,Federal Contract Tower,0,9,51,0,60,0,0,69,0,69,0,9,120,0,129,110,0,110,239
05/27/2008,FTY,GA,ASO,ES,Federal Contract Tower,0,20,99,5,124,0,1,77,0,78,0,21,176,5,202,80,0,80,282
05/28/2008,FTY,GA,ASO,ES,Federal Contract Tower,0,24,93,2,119,0,2,87,0,89,0,26,180,2,208,110,0,110,318
05/29/2008,FTY,GA,ASO,ES,Federal Contract Tower,0,29,145,2,176,0,2,37,0,39,0,31,182,2,215,56,0,56,271
05/30/2008,FTY,GA,ASO,ES,Federal Contract Tower,0,28,124,2,154,0,0,44,0,44,0,28,168,2,198,66,0,66,264
05/31/2008,FTY,GA,ASO,ES,Federal Contract Tower,0,4,58,0,62,0,6,90,0,96,0,10,148,0,158,72,0,72,230
06/01/2008,FTY,GA,ASO,ES,Federal Contract Tower,0,10,48,0,58,0,4,34,0,38,0,14,82,0,96,42,0,42,138
06/02/2008,FTY,GA,ASO,ES,Federal Contract Tower,0,28,82,0,110,0,0,109,0,109,0,28,191,0,219,114,0,114,333
06/03/2008,FTY,GA,ASO,ES,Federal Contract Tower,0,26,101,2,129,0,7,119,0,126,0,33,220,2,255,194,0,194,449
06/04/2008,FTY,GA,ASO,ES,Federal Contract Tower,0,21,102,2,125,0,1,122,0,123,0,22,224,2,248,118,0,118,366
06/05/2008,FTY,GA,ASO,ES,Federal Contract Tower,0,24,100,0,124,0,0,112,0,112,0,24,212,0,236,226,0,226,462
06/06/2008,FTY,GA,ASO,ES,Federal Contract Tower,0,25,99,4,128,0,0,92,0,92,0,25,191,4,220,58,0,58,278
06/07/2008,FTY,GA,ASO,ES,Federal Contract Tower,0,17,51,0,68,0,7,84,0,91,0,24,135,0,159,66,0,66,225
06/08/2008,FTY,GA,ASO,ES,Federal Contract Tower,0,8,60,2,70,0,8,64,2,74,0,16,124,4,144,90,0,90,234
06/09/2008,FTY,GA,ASO,ES,Federal Contract Tower,0,19,96,4,119,0,0,150,0,150,0,19,246,4,269,260,0,260,529
06/10/2008,FTY,GA,ASO,ES,Federal Contract Tower,0,21,89,1,111,0,0,116,0,116,0,21,205,1,227,198,0,198,425
06/11/2008,FTY,GA,ASO,ES,Federal Contract Tower,0,22,107,1,130,0,0,102,0,102,0,22,209,1,232,126,0,126,358
06/12/2008,FTY,GA,ASO,ES,Federal Contract Tower,0,20,96,1,117,0,0,110,0,110,0,20,206,1,227,168,16,184,411
06/13/2008,FTY,GA,ASO,ES,Federal Contract Tower,0,25,87,6,118,0,0,76,0,76,0,25,163,6,194,102,0,102,296
06/14/2008,FTY,GA,ASO,ES,Federal Contract Tower,0,2,34,0,36,0,0,71,1,72,0,2,105,1,108,182,0,182,290
06/15/2008,FTY,GA,ASO,ES,Federal Contract Tower,0,10,47,0,57,0,0,62,0,62,0,10,109,0,119,62,0,62,181
06/16/2008,FTY,GA,ASO,ES,Federal Contract Tower,0,17,99,3,119,0,1,112,0,113,0,18,211,3,232,118,0,118,350
06/17/2008,FTY,GA,ASO,ES,Federal Contract Tower,0,28,113,1,142,0,3,127,0,130,0,31,240,1,272,264,0,264,536
06/18/2008,FTY,GA,ASO,ES,Federal Contract Tower,0,18,100,2,120,0,2,142,2,146,0,20,242,4,266,86,0,86,352
06/19/2008,FTY,GA,ASO,ES,Federal Contract Tower,0,26,111,2,139,0,0,122,0,122,0,26,233,2,261,212,0,212,473
06/20/2008,FTY,GA,ASO,ES,Federal Contract Tower,0,22,94,4,120,0,0,172,0,172,0,22,266,4,292,166,0,166,458
06/21/2008,FTY,GA,ASO,ES,Federal Contract Tower,0,3,50,0,53,0,0,67,0,67,0,3,117,0,120,64,0,64,184
06/22/2008,FTY,GA,ASO,ES,Federal Contract Tower,0,11,51,1,63,0,0,38,0,38,0,11,89,1,101,90,0,90,191
06/23/2008,FTY,GA,ASO,ES,Federal Contract Tower,0,22,104,2,128,0,0,104,1,105,0,22,208,3,233,112,0,112,345
06/24/2008,FTY,GA,ASO,ES,Federal Contract Tower,0,21,107,0,128,0,1,118,6,125,0,22,225,6,253,128,0,128,381
06/25/2008,FTY,GA,ASO,ES,Federal Contract Tower,0,17,106,0,123,0,2,116,0,118,0,19,222,0,241,104,0,104,345
06/26/2008,FTY,GA,ASO,ES,Federal Contract Tower,0,20,85,0,105,0,1,102,0,103,0,21,187,0,208,182,0,182,390
06/27/2008,FTY,GA,ASO,ES,Federal Contract Tower,0,26,93,3,122,0,1,89,2,92,0,27,182,5,214,98,0,98,312
06/28/2008,FTY,GA,ASO,ES,Federal Contract Tower,0,1,55,2,58,0,0,45,0,45,0,1,100,2,103,76,0,76,179
06/29/2008,FTY,GA,ASO,ES,Federal Contract Tower,0,10,49,1,60,0,4,20,0,24,0,14,69,1,84,54,0,54,138
06/30/2008,FTY,GA,ASO,ES,Federal Contract Tower,0,17,80,4,101,0,0,91,1,92,0,17,171,5,193,140,0,140,333
07/01/2008,FTY,GA,ASO,ES,Federal Contract Tower,0,22,83,0,105,0,0,112,2,114,0,22,195,2,219,238,0,238,457
07/02/2008,FTY,GA,ASO,ES,Federal Contract Tower,0,10,81,6,97,1,0,67,0,68,1,10,148,6,165,156,0,156,321
07/03/2008,FTY,GA,ASO,ES,Federal Contract Tower,0,25,82,0,107,0,0,102,0,102,0,25,184,0,209,90,0,90,299
07/04/2008,FTY,GA,ASO,ES,Federal Contract Tower,0,4,17,3,24,0,0,36,0,36,0,4,53,3,60,130,0,130,190
07/05/2008,FTY,GA,ASO,ES,Federal Contract Tower,0,4,19,2,25,0,0,25,0,25,0,4,44,2,50,90,0,90,140
07/06/2008,FTY,GA,ASO,ES,Federal Contract Tower,0,17,44,1,62,0,0,29,0,29,0,17,73,1,91,86,0,86,177
07/07/2008,FTY,GA,ASO,ES,Federal Contract Tower,0,27,63,0,90,0,79,1,0,80,0,106,64,0,170,156,0,156,326
07/08/2008,FTY,GA,ASO,ES,Federal Contract Tower,0,22,76,2,100,0,1,104,0,105,0,23,180,2,205,102,0,102,307
07/09/2008,FTY,GA,ASO,ES,Federal Contract Tower,0,17,76,0,93,0,2,72,0,74,0,19,148,0,167,206,0,206,373
07/10/2008,FTY,GA,ASO,ES,Federal Contract Tower,0,27,85,0,112,0,0,42,0,42,0,27,127,0,154,100,0,100,254
07/11/2008,FTY,GA,ASO,ES,Federal Contract Tower,0,17,77,0,94,0,0,22,1,23,0,17,99,1,117,48,0,48,165
07/12/2008,FTY,GA,ASO,ES,Federal Contract Tower,0,10,37,2,49,0,0,54,0,54,0,10,91,2,103,100,0,100,203
07/13/2008,FTY,GA,ASO,ES,Federal Contract Tower,0,18,33,1,52,0,0,9,0,9,0,18,42,1,61,28,0,28,89
07/14/2008,FTY,GA,ASO,ES,Federal Contract Tower,0,25,78,3,106,0,0,97,0,97,0,25,175,3,203,136,0,136,339
07/15/2008,FTY,GA,ASO,ES,Federal Contract Tower,0,21,111,4,136,0,0,141,0,141,0,21,252,4,277,324,0,324,601
07/16/2008,FTY,GA,ASO,ES,Federal Contract Tower,0,28,106,4,138,0,4,187,5,196,0,32,293,9,334,152,0,152,486
07/17/2008,FTY,GA,ASO,ES,Federal Contract Tower,0,28,93,0,121,0,1,85,0,86,0,29,178,0,207,70,0,70,277
07/18/2008,FTY,GA,ASO,ES,Federal Contract Tower,0,28,91,3,122,0,0,116,0,116,0,28,207,3,238,158,0,158,396
07/19/2008,FTY,GA,ASO,ES,Federal Contract Tower,0,4,46,1,51,0,0,67,0,67,0,4,113,1,118,134,0,134,252
07/20/2008,FTY,GA,ASO,ES,Federal Contract Tower,0,11,35,1,47,0,0,42,0,42,0,11,77,1,89,128,0,128,217
07/21/2008,FTY,GA,ASO,ES,Federal Contract Tower,0,23,80,2,105,0,1,80,0,81,0,24,160,2,186,148,0,148,334
07/22/2008,FTY,GA,ASO,ES,Federal Contract Tower,0,24,61,1,86,0,6,53,0,59,0,30,114,1,145,88,0,88,233
07/23/2008,FTY,GA,ASO,ES,Federal Contract Tower,0,18,107,2,127,0,1,47,0,48,0,19,154,2,175,268,0,268,443
07/24/2008,FTY,GA,ASO,ES,Federal Contract Tower,0,34,90,0,124,0,0,123,0,123,0,34,213,0,247,100,0,100,347
07/25/2008,FTY,GA,ASO,ES,Federal Contract Tower,0,24,65,0,89,0,3,47,0,50,0,27,112,0,139,112,0,112,251
07/26/2008,FTY,GA,ASO,ES,Federal Contract Tower,0,9,36,0,45,0,0,33,0,33,0,9,69,0,78,48,0,48,126
07/27/2008,FTY,GA,ASO,ES,Federal Contract Tower,0,13,44,0,57,0,0,27,0,27,0,13,71,0,84,68,0,68,152
07/28/2008,FTY,GA,ASO,ES,Federal Contract Tower,0,20,78,0,98,0,0,67,0,67,0,20,145,0,165,100,0,100,265
07/29/2008,FTY,GA,ASO,ES,Federal Contract Tower,0,22,114,2,138,0,0,50,1,51,0,22,164,3,189,128,0,128,317
07/30/2008,FTY,GA,ASO,ES,Federal Contract Tower,0,28,123,0,151,0,0,46,1,47,0,28,169,1,198,54,0,54,252
07/31/2008,FTY,GA,ASO,ES,Federal Contract Tower,0,23,109,0,132,0,2,31,0,33,0,25,140,0,165,46,0,46,211
08/01/2008,FTY,GA,ASO,ES,Federal Contract Tower,0,22,107,2,131,0,0,42,1,43,0,22,149,3,174,146,0,146,320
08/02/2008,FTY,GA,ASO,ES,Federal Contract Tower,0,7,58,0,65,0,0,63,0,63,0,7,121,0,128,168,0,168,296
08/03/2008,FTY,GA,ASO,ES,Federal Contract Tower,0,4,39,0,43,0,0,45,0,45,0,4,84,0,88,124,0,124,212
08/04/2008,FTY,GA,ASO,ES,Federal Contract Tower,0,26,76,0,102,0,0,56,1,57,0,26,132,1,159,86,0,86,245
08/05/2008,FTY,GA,ASO,ES,Federal Contract Tower,0,17,82,3,102,0,0,89,0,89,0,17,171,3,191,164,0,164,355
08/06/2008,FTY,GA,ASO,ES,Federal Contract Tower,0,23,109,0,132,0,1,68,0,69,0,24,177,0,201,150,0,150,351
08/07/2008,FTY,GA,ASO,ES,Federal Contract Tower,0,22,73,4,99,0,1,50,0,51,0,23,123,4,150,116,0,116,266
08/08/2008,FTY,GA,ASO,ES,Federal Contract Tower,0,29,60,3,92,0,2,57,0,59,0,31,117,3,151,106,0,106,257
08/09/2008,FTY,GA,ASO,ES,Federal Contract Tower,0,3,38,0,41,0,0,67,0,67,0,3,105,0,108,214,0,214,322
08/10/2008,FTY,GA,ASO,ES,Federal Contract Tower,0,9,39,3,51,0,0,45,0,45,0,9,84,3,96,138,0,138,234
08/11/2008,FTY,GA,ASO,ES,Federal Contract Tower,0,19,60,0,79,0,1,43,1,45,0,20,103,1,124,76,0,76,200
08/12/2008,FTY,GA,ASO,ES,Federal Contract Tower,0,20,93,0,113,0,0,44,0,44,0,20,137,0,157,94,0,94,251
08/13/2008,FTY,GA,ASO,ES,Federal Contract Tower,0,23,93,0,116,0,0,16,0,16,0,23,109,0,132,38,0,38,170
08/14/2008,FTY,GA,ASO,ES,Federal Contract Tower,0,29,101,2,132,0,1,44,0,45,0,30,145,2,177,52,0,52,229
08/15/2008,FTY,GA,ASO,ES,Federal Contract Tower,0,17,87,0,104,0,1,43,0,44,0,18,130,0,148,190,0,190,338
08/16/2008,FTY,GA,ASO,ES,Federal Contract Tower,0,1,28,0,29,0,0,44,0,44,0,1,72,0,73,126,0,126,199
08/17/2008,FTY,GA,ASO,ES,Federal Contract Tower,0,3,40,0,43,0,0,38,0,38,0,3,78,0,81,140,0,140,221
08/18/2008,FTY,GA,ASO,ES,Federal Contract Tower,0,14,78,2,94,0,0,45,0,45,0,14,123,2,139,178,0,178,317
08/19/2008,FTY,GA,ASO,ES,Federal Contract Tower,0,16,97,2,115,0,0,97,0,97,0,16,194,2,212,92,0,92,304
08/20/2008,FTY,GA,ASO,ES,Federal Contract Tower,0,22,94,2,118,0,1,60,0,61,0,23,154,2,179,88,0,88,267
08/21/2008,FTY,GA,ASO,ES,Federal Contract Tower,0,21,101,3,125,0,0,39,0,39,0,21,140,3,164,116,0,116,280
08/22/2008,FTY,GA,ASO,ES,Federal Contract Tower,0,24,83,2,109,0,0,25,0,25,0,24,108,2,134,60,0,60,194
08/23/2008,FTY,GA,ASO,ES,Federal Contract Tower,0,10,27,4,41,0,0,17,0,17,0,10,44,4,58,6,0,6,64
08/24/2008,FTY,GA,ASO,ES,Federal Contract Tower,0,15,35,1,51,0,0,6,0,6,0,15,41,1,57,12,0,12,69
08/25/2008,FTY,GA,ASO,ES,Federal Contract Tower,0,19,73,2,94,0,0,8,0,8,0,19,81,2,102,26,0,26,128
08/26/2008,FTY,GA,ASO,ES,Federal Contract Tower,0,20,56,6,82,0,0,13,0,13,0,20,69,6,95,4,0,4,99
08/27/2008,FTY,GA,ASO,ES,Federal Contract Tower,0,30,101,4,135,0,0,30,0,30,0,30,131,4,165,64,0,64,229
08/28/2008,FTY,GA,ASO,ES,Federal Contract Tower,0,25,110,5,140,0,64,0,0,64,0,89,110,5,204,166,0,166,370
08/29/2008,FTY,GA,ASO,ES,Federal Contract Tower,0,27,88,3,118,0,1,60,1,62,0,28,148,4,180,114,0,114,294
08/30/2008,FTY,GA,ASO,ES,Federal Contract Tower,0,4,48,0,52,0,0,74,3,77,0,4,122,3,129,224,0,224,353
08/31/2008,FTY,GA,ASO,ES,Federal Contract Tower,0,10,58,0,68,0,1,49,0,50,0,11,107,0,118,136,0,136,254
09/01/2008,FTY,GA,ASO,ES,Federal Contract Tower,0,7,39,1,47,0,0,20,0,20,0,7,59,1,67,0,0,0,67
09/02/2008,FTY,GA,ASO,ES,Federal Contract Tower,0,19,89,7,115,0,0,67,0,67,0,19,156,7,182,124,0,124,306
09/03/2008,FTY,GA,ASO,ES,Federal Contract Tower,0,16,110,4,130,1,87,1,0,89,1,103,111,4,219,114,0,114,333
09/04/2008,FTY,GA,ASO,ES,Federal Contract Tower,0,13,108,2,123,0,3,55,0,58,0,16,163,2,181,128,0,128,309
09/05/2008,FTY,GA,ASO,ES,Federal Contract Tower,0,26,93,3,122,0,2,53,0,55,0,28,146,3,177,138,0,138,315
09/06/2008,FTY,GA,ASO,ES,Federal Contract Tower,0,12,40,0,52,0,0,56,0,56,0,12,96,0,108,156,0,156,264
09/07/2008,FTY,GA,ASO,ES,Federal Contract Tower,0,20,38,2,60,0,0,62,0,62,0,20,100,2,122,102,0,102,224
09/08/2008,FTY,GA,ASO,ES,Federal Contract Tower,0,22,67,2,91,0,0,47,0,47,0,22,114,2,138,80,0,80,218
09/09/2008,FTY,GA,ASO,ES,Federal Contract Tower,0,22,98,9,129,0,0,37,0,37,0,22,135,9,166,100,16,116,282
09/10/2008,FTY,GA,ASO,ES,Federal Contract Tower,0,20,98,8,126,0,0,32,0,32,0,20,130,8,158,68,0,68,226
09/11/2008,FTY,GA,ASO,ES,Federal Contract Tower,0,23,92,9,124,0,0,19,2,21,0,23,111,11,145,118,0,118,263
09/12/2008,FTY,GA,ASO,ES,Federal Contract Tower,0,24,97,0,121,0,0,19,0,19,0,24,116,0,140,62,0,62,202
09/13/2008,FTY,GA,ASO,ES,Federal Contract Tower,0,7,50,2,59,0,0,30,0,30,0,7,80,2,89,218,0,218,307
09/14/2008,FTY,GA,ASO,ES,Federal Contract Tower,0,7,59,4,70,0,0,25,0,25,0,7,84,4,95,52,0,52,147
09/15/2008,FTY,GA,ASO,ES,Federal Contract Tower,0,17,62,10,89,0,0,49,2,51,0,17,111,12,140,184,16,200,340
09/16/2008,FTY,GA,ASO,ES,Federal Contract Tower,0,17,94,0,111,0,0,39,0,39,0,17,133,0,150,262,0,262,412
09/17/2008,FTY,GA,ASO,ES,Federal Contract Tower,0,25,131,2,158,0,1,42,0,43,0,26,173,2,201,94,0,94,295
09/18/2008,FTY,GA,ASO,ES,Federal Contract Tower,0,25,102,5,132,0,0,58,0,58,0,25,160,5,190,86,0,86,276
09/19/2008,FTY,GA,ASO,ES,Federal Contract Tower,0,26,87,3,116,0,2,72,1,75,0,28,159,4,191,82,0,82,273
09/20/2008,FTY,GA,ASO,ES,Federal Contract Tower,0,9,48,4,61,0,0,48,0,48,0,9,96,4,109,138,0,138,247
09/21/2008,FTY,GA,ASO,ES,Federal Contract Tower,0,10,60,1,71,0,1,53,0,54,0,11,113,1,125,102,0,102,227
09/22/2008,FTY,GA,ASO,ES,Federal Contract Tower,0,6,80,7,93,0,0,81,0,81,0,6,161,7,174,56,0,56,230
09/23/2008,FTY,GA,ASO,ES,Federal Contract Tower,0,24,109,0,133,0,1,45,0,46,0,25,154,0,179,52,0,52,231
09/24/2008,FTY,GA,ASO,ES,Federal Contract Tower,0,16,92,12,120,0,0,60,0,60,0,16,152,12,180,110,0,110,290
09/25/2008,FTY,GA,ASO,ES,Federal Contract Tower,0,18,80,0,98,0,0,54,0,54,0,18,134,0,152,118,0,118,270
09/26/2008,FTY,GA,ASO,ES,Federal Contract Tower,0,20,95,2,117,0,0,60,0,60,0,20,155,2,177,120,0,120,297
09/27/2008,FTY,GA,ASO,ES,Federal Contract Tower,0,25,36,0,61,0,0,37,0,37,0,25,73,0,98,50,0,50,148
09/28/2008,FTY,GA,ASO,ES,Federal Contract Tower,0,10,48,0,58,0,0,46,0,46,0,10,94,0,104,68,0,68,172
09/29/2008,FTY,GA,ASO,ES,Federal Contract Tower,0,15,56,2,73,0,0,69,0,69,0,15,125,2,142,150,0,150,292
09/30/2008,FTY,GA,ASO,ES,Federal Contract Tower,0,21,75,4,100,0,0,54,0,54,0,21,129,4,154,58,0,58,212
10/01/2008,FTY,GA,ASO,ES,Federal Contract Tower,0,15,78,6,99,0,0,62,2,64,0,15,140,8,163,120,0,120,283
10/02/2008,FTY,GA,ASO,ES,Federal Contract Tower,0,23,84,0,107,0,0,47,0,47,0,23,131,0,154,80,0,80,234
10/03/2008,FTY,GA,ASO,ES,Federal Contract Tower,0,23,80,1,104,0,0,81,0,81,0,23,161,1,185,140,0,140,325
10/04/2008,FTY,GA,ASO,ES,Federal Contract Tower,0,8,39,2,49,0,0,43,2,45,0,8,82,4,94,70,14,84,178
10/05/2008,FTY,GA,ASO,ES,Federal Contract Tower,0,12,72,1,85,0,0,39,1,40,0,12,111,2,125,144,0,144,269
10/06/2008,FTY,GA,ASO,ES,Federal Contract Tower,0,22,84,0,106,0,0,49,0,49,0,22,133,0,155,132,0,132,287
10/07/2008,FTY,GA,ASO,ES,Federal Contract Tower,0,18,75,0,93,0,0,68,0,68,0,18,143,0,161,104,0,104,265
10/08/2008,FTY,GA,ASO,ES,Federal Contract Tower,0,19,67,3,89,0,0,3,0,3,0,19,70,3,92,0,0,0,92
10/09/2008,FTY,GA,ASO,ES,Federal Contract Tower,0,22,91,3,116,0,0,36,0,36,0,22,127,3,152,90,0,90,242
10/10/2008,FTY,GA,ASO,ES,Federal Contract Tower,0,21,104,0,125,0,0,34,0,34,0,21,138,0,159,32,0,32,191
10/11/2008,FTY,GA,ASO,ES,Federal Contract Tower,0,4,41,0,45,0,0,14,0,14,0,4,55,0,59,4,0,4,63
10/12/2008,FTY,GA,ASO,ES,Federal Contract Tower,0,23,43,0,66,0,0,10,0,10,0,23,53,0,76,10,0,10,86
10/13/2008,FTY,GA,ASO,ES,Federal Contract Tower,0,13,99,0,112,0,0,65,0,65,0,13,164,0,177,128,0,128,305
10/14/2008,FTY,GA,ASO,ES,Federal Contract Tower,0,18,88,3,109,0,0,69,0,69,0,18,157,3,178,116,0,116,294
10/15/2008,FTY,GA,ASO,ES,Federal Contract Tower,0,14,113,4,131,0,1,73,0,74,0,15,186,4,205,86,0,86,291
10/16/2008,FTY,GA,ASO,ES,Federal Contract Tower,0,23,114,4,141,0,0,71,0,71,0,23,185,4,212,146,0,146,358
10/17/2008,FTY,GA,ASO,ES,Federal Contract Tower,0,20,81,0,101,0,0,9,0,9,0,20,90,0,110,10,0,10,120
10/18/2008,FTY,GA,ASO,ES,Federal Contract Tower,0,2,34,0,36,0,0,78,0,78,0,2,112,0,114,126,0,126,240
10/19/2008,FTY,GA,ASO,ES,Federal Contract Tower,0,8,38,2,48,0,0,53,0,53,0,8,91,2,101,54,0,54,155
10/20/2008,FTY,GA,ASO,ES,Federal Contract Tower,0,17,82,1,100,0,0,54,0,54,0,17,136,1,154,96,0,96,250
10/21/2008,FTY,GA,ASO,ES,Federal Contract Tower,0,22,89,2,113,0,0,56,0,56,0,22,145,2,169,88,0,88,257
10/22/2008,FTY,GA,ASO,ES,Federal Contract Tower,0,20,99,0,119,0,2,58,0,60,0,22,157,0,179,106,0,106,285
10/23/2008,FTY,GA,ASO,ES,Federal Contract Tower,0,22,106,0,128,0,0,37,2,39,0,22,143,2,167,8,2,10,177
10/24/2008,FTY,GA,ASO,ES,Federal Contract Tower,0,43,119,3,165,0,0,0,0,0,0,43,119,3,165,0,0,0,165
10/25/2008,FTY,GA,ASO,ES,Federal Contract Tower,0,19,37,1,57,0,0,25,0,25,0,19,62,1,82,56,0,56,138
10/26/2008,FTY,GA,ASO,ES,Federal Contract Tower,0,8,58,3,69,0,0,63,4,67,0,8,121,7,136,58,0,58,194
10/27/2008,FTY,GA,ASO,ES,Federal Contract Tower,0,21,50,0,71,0,0,17,0,17,0,21,67,0,88,0,0,0,88
10/28/2008,FTY,GA,ASO,ES,Federal Contract Tower,0,26,72,2,100,0,0,41,0,41,0,26,113,2,141,70,0,70,211
10/29/2008,FTY,GA,ASO,ES,Federal Contract Tower,0,21,102,6,129,0,1,48,2,51,0,22,150,8,180,78,0,78,258
10/30/2008,FTY,GA,ASO,ES,Federal Contract Tower,0,22,85,0,107,0,1,67,1,69,0,23,152,1,176,142,0,142,318
10/31/2008,FTY,GA,ASO,ES,Federal Contract Tower,0,29,48,5,82,0,1,48,0,49,0,30,96,5,131,84,0,84,215
11/01/2008,FTY,GA,ASO,ES,Federal Contract Tower,0,5,45,0,50,0,0,71,0,71,0,5,116,0,121,170,0,170,291
11/02/2008,FTY,GA,ASO,ES,Federal Contract Tower,0,10,24,4,38,0,0,54,1,55,0,10,78,5,93,50,0,50,143
11/03/2008,FTY,GA,ASO,ES,Federal Contract Tower,0,16,63,0,79,0,0,77,1,78,0,16,140,1,157,90,0,90,247
11/04/2008,FTY,GA,ASO,ES,Federal Contract Tower,0,14,51,0,65,0,0,54,0,54,0,14,105,0,119,80,0,80,199
11/05/2008,FTY,GA,ASO,ES,Federal Contract Tower,0,18,69,1,88,0,2,45,1,48,0,20,114,2,136,44,0,44,180
11/06/2008,FTY,GA,ASO,ES,Federal Contract Tower,0,19,80,0,99,0,0,55,0,55,0,19,135,0,154,148,0,148,302
11/07/2008,FTY,GA,ASO,ES,Federal Contract Tower,0,24,62,0,86,0,0,17,0,17,0,24,79,0,103,0,0,0,103
11/08/2008,FTY,GA,ASO,ES,Federal Contract Tower,0,6,36,0,42,0,0,48,0,48,0,6,84,0,90,96,0,96,186
11/09/2008,FTY,GA,ASO,ES,Federal Contract Tower,0,12,56,0,68,0,0,53,0,53,0,12,109,0,121,94,0,94,215
11/10/2008,FTY,GA,ASO,ES,Federal Contract Tower,0,14,91,0,105,0,0,63,0,63,0,14,154,0,168,140,0,140,308
11/11/2008,FTY,GA,ASO,ES,Federal Contract Tower,0,12,84,2,98,0,0,46,0,46,0,12,130,2,144,114,0,114,258
11/12/2008,FTY,GA,ASO,ES,Federal Contract Tower,0,26,102,2,130,0,1,28,0,29,0,27,130,2,159,86,0,86,245
11/13/2008,FTY,GA,ASO,ES,Federal Contract Tower,0,26,107,2,135,0,0,2,0,2,0,26,109,2,137,64,0,64,201
11/14/2008,FTY,GA,ASO,ES,Federal Contract Tower,0,22,76,0,98,0,0,0,0,0,0,22,76,0,98,0,0,0,98
11/15/2008,FTY,GA,ASO,ES,Federal Contract Tower,0,7,35,2,44,0,0,0,0,0,0,7,35,2,44,14,0,14,58
11/16/2008,FTY,GA,ASO,ES,Federal Contract Tower,0,9,49,0,58,0,0,39,0,39,0,9,88,0,97,28,0,28,125
11/17/2008,FTY,GA,ASO,ES,Federal Contract Tower,0,19,86,0,105,0,0,58,0,58,0,19,144,0,163,102,0,102,265
11/18/2008,FTY,GA,ASO,ES,Federal Contract Tower,0,16,76,5,97,0,0,50,2,52,0,16,126,7,149,20,18,38,187
11/19/2008,FTY,GA,ASO,ES,Federal Contract Tower,0,37,86,5,128,0,5,86,0,91,0,42,172,5,219,78,0,78,297
11/20/2008,FTY,GA,ASO,ES,Federal Contract Tower,0,29,116,2,147,0,0,61,0,61,0,29,177,2,208,88,0,88,296
11/21/2008,FTY,GA,ASO,ES,Federal Contract Tower,0,32,73,3,108,0,1,33,0,34,0,33,106,3,142,38,0,38,180
11/22/2008,FTY,GA,ASO,ES,Federal Contract Tower,0,4,41,0,45,0,0,46,0,46,0,4,87,0,91,114,0,114,205
11/23/2008,FTY,GA,ASO,ES,Federal Contract Tower,0,13,34,0,47,0,0,37,0,37,0,13,71,0,84,84,0,84,168
11/24/2008,FTY,GA,ASO,ES,Federal Contract Tower,0,15,53,1,69,0,0,15,0,15,0,15,68,1,84,6,0,6,90
11/25/2008,FTY,GA,ASO,ES,Federal Contract Tower,0,25,70,3,98,0,1,34,0,35,0,26,104,3,133,8,0,8,141
11/26/2008,FTY,GA,ASO,ES,Federal Contract Tower,0,24,61,0,85,0,1,47,0,48,0,25,108,0,133,74,0,74,207
11/27/2008,FTY,GA,ASO,ES,Federal Contract Tower,0,6,12,0,18,0,0,30,0,30,0,6,42,0,48,22,0,22,70
11/28/2008,FTY,GA,ASO,ES,Federal Contract Tower,0,19,34,0,53,0,0,17,0,17,0,19,51,0,70,30,0,30,100
11/29/2008,FTY,GA,ASO,ES,Federal Contract Tower,0,10,28,0,38,0,0,0,0,0,0,10,28,0,38,0,0,0,38
11/30/2008,FTY,GA,ASO,ES,Federal Contract Tower,0,25,72,0,97,0,0,3,0,3,0,25,75,0,100,0,0,0,100
12/01/2008,FTY,GA,ASO,ES,Federal Contract Tower,0,22,52,3,77,0,0,19,0,19,0,22,71,3,96,0,0,0,96
12/02/2008,FTY,GA,ASO,ES,Federal Contract Tower,0,15,88,1,104,0,0,61,0,61,0,15,149,1,165,128,0,128,293
12/03/2008,FTY,GA,ASO,ES,Federal Contract Tower,0,17,95,0,112,0,1,87,2,90,0,18,182,2,202,106,0,106,308
12/04/2008,FTY,GA,ASO,ES,Federal Contract Tower,0,24,62,0,86,0,0,14,0,14,0,24,76,0,100,22,0,22,122
12/05/2008,FTY,GA,ASO,ES,Federal Contract Tower,0,15,111,2,128,0,0,39,0,39,0,15,150,2,167,112,0,112,279
12/06/2008,FTY,GA,ASO,ES,Federal Contract Tower,0,7,119,2,128,0,6,58,0,64,0,13,177,2,192,132,0,132,324
12/07/2008,FTY,GA,ASO,ES,Federal Contract Tower,0,9,70,1,80,0,0,39,0,39,0,9,109,1,119,26,0,26,145
12/08/2008,FTY,GA,ASO,ES,Federal Contract Tower,0,21,71,1,93,0,1,65,0,66,0,22,136,1,159,60,0,60,219
12/09/2008,FTY,GA,ASO,ES,Federal Contract Tower,0,20,92,2,114,0,0,39,0,39,0,20,131,2,153,32,0,32,185
12/10/2008,FTY,GA,ASO,ES,Federal Contract Tower,0,20,47,0,67,0,0,0,0,0,0,20,47,0,67,0,0,0,67
12/11/2008,FTY,GA,ASO,ES,Federal Contract Tower,0,22,67,0,89,0,0,1,0,1,0,22,68,0,90,0,0,0,90
12/12/2008,FTY,GA,ASO,ES,Federal Contract Tower,0,26,57,0,83,0,0,64,0,64,0,26,121,0,147,166,0,166,313
12/13/2008,FTY,GA,ASO,ES,Federal Contract Tower,0,7,32,2,41,0,0,44,0,44,0,7,76,2,85,142,0,142,227
12/14/2008,FTY,GA,ASO,ES,Federal Contract Tower,0,13,41,0,54,0,0,24,0,24,0,13,65,0,78,142,0,142,220
12/15/2008,FTY,GA,ASO,ES,Federal Contract Tower,0,21,70,0,91,0,0,7,0,7,0,21,77,0,98,30,0,30,128
12/16/2008,FTY,GA,ASO,ES,Federal Contract Tower,0,20,78,0,98,0,0,0,0,0,0,20,78,0,98,10,0,10,108
12/17/2008,FTY,GA,ASO,ES,Federal Contract Tower,0,25,62,2,89,0,0,10,0,10,0,25,72,2,99,38,0,38,137
12/18/2008,FTY,GA,ASO,ES,Federal Contract Tower,0,24,87,4,115,0,0,4,0,4,0,24,91,4,119,4,0,4,123
12/19/2008,FTY,GA,ASO,ES,Federal Contract Tower,0,25,80,0,105,0,3,14,0,17,0,28,94,0,122,46,0,46,168
12/20/2008,FTY,GA,ASO,ES,Federal Contract Tower,0,4,27,0,31,0,0,1,0,1,0,4,28,0,32,18,0,18,50
12/21/2008,FTY,GA,ASO,ES,Federal Contract Tower,0,6,17,0,23,0,0,6,0,6,0,6,23,0,29,0,0,0,29
12/22/2008,FTY,GA,ASO,ES,Federal Contract Tower,0,24,40,0,64,0,0,62,0,62,0,24,102,0,126,86,0,86,212
12/23/2008,FTY,GA,ASO,ES,Federal Contract Tower,0,16,41,0,57,0,0,42,0,42,0,16,83,0,99,126,0,126,225
12/24/2008,FTY,GA,ASO,ES,Federal Contract Tower,0,17,31,0,48,0,0,7,0,7,0,17,38,0,55,0,0,0,55
12/25/2008,FTY,GA,ASO,ES,Federal Contract Tower,0,6,3,0,9,0,0,3,0,3,0,6,6,0,12,6,0,6,18
12/26/2008,FTY,GA,ASO,ES,Federal Contract Tower,0,13,35,0,48,0,0,0,0,0,0,13,35,0,48,0,0,0,48
12/27/2008,FTY,GA,ASO,ES,Federal Contract Tower,0,6,37,0,43,0,0,2,0,2,0,6,39,0,45,0,0,0,45
12/28/2008,FTY,GA,ASO,ES,Federal Contract Tower,0,8,23,0,31,0,0,0,0,0,0,8,23,0,31,0,0,0,31
12/29/2008,FTY,GA,ASO,ES,Federal Contract Tower,0,14,41,0,55,0,0,57,0,57,0,14,98,0,112,52,0,52,164
12/30/2008,FTY,GA,ASO,ES,Federal Contract Tower,0,19,44,1,64,0,0,106,0,106,0,19,150,1,170,146,0,146,316
12/31/2008,FTY,GA,ASO,ES,Federal Contract Tower,0,17,30,0,47,0,1,14,0,15,0,18,44,0,62,16,0,16,78
01/01/2009,FTY,GA,ASO,ES,Federal Contract Tower,0,4,23,0,27,0,0,38,0,38,0,4,61,0,65,54,0,54,119
01/02/2009,FTY,GA,ASO,ES,Federal Contract Tower,0,18,35,0,53,0,0,0,0,0,0,18,35,0,53,0,0,0,53
01/03/2009,FTY,GA,ASO,ES,Federal Contract Tower,0,6,39,0,45,0,0,0,0,0,0,6,39,0,45,0,0,0,45
01/04/2009,FTY,GA,ASO,ES,Federal Contract Tower,0,9,58,0,67,0,0,2,0,2,0,9,60,0,69,0,0,0,69
01/05/2009,FTY,GA,ASO,ES,Federal Contract Tower,0,20,64,0,84,0,0,5,0,5,0,20,69,0,89,12,0,12,101
01/06/2009,FTY,GA,ASO,ES,Federal Contract Tower,0,19,39,0,58,0,0,4,0,4,0,19,43,0,62,14,0,14,76
01/07/2009,FTY,GA,ASO,ES,Federal Contract Tower,0,20,61,0,81,0,2,4,0,6,0,22,65,0,87,4,0,4,91
01/08/2009,FTY,GA,ASO,ES,Federal Contract Tower,0,20,79,0,99,0,1,26,0,27,0,21,105,0,126,6,0,6,132
01/09/2009,FTY,GA,ASO,ES,Federal Contract Tower,0,17,77,0,94,0,2,84,0,86,0,19,161,0,180,144,0,144,324
01/10/2009,FTY,GA,ASO,ES,Federal Contract Tower,0,4,33,2,39,0,0,8,0,8,0,4,41,2,47,62,0,62,109
01/11/2009,FTY,GA,ASO,ES,Federal Contract Tower,0,7,39,0,46,0,0,7,3,10,0,7,46,3,56,70,0,70,126
01/12/2009,FTY,GA,ASO,ES,Federal Contract Tower,0,17,71,4,92,0,1,91,0,92,0,18,162,4,184,138,0,138,322
01/13/2009,FTY,GA,ASO,ES,Federal Contract Tower,0,19,59,1,79,0,0,57,0,57,0,19,116,1,136,118,0,118,254
01/14/2009,FTY,GA,ASO,ES,Federal Contract Tower,0,15,70,3,88,0,1,56,7,64,0,16,126,10,152,126,0,126,278
01/15/2009,FTY,GA,ASO,ES,Federal Contract Tower,0,16,73,11,100,0,0,33,4,37,0,16,106,15,137,42,0,42,179
01/16/2009,FTY,GA,ASO,ES,Federal Contract Tower,0,20,57,0,77,0,3,40,2,45,0,23,97,2,122,64,0,64,186
01/17/2009,FTY,GA,ASO,ES,Federal Contract Tower,0,3,34,0,37,0,0,46,0,46,0,3,80,0,83,158,0,158,241
01/18/2009,FTY,GA,ASO,ES,Federal Contract Tower,0,7,33,0,40,0,0,11,0,11,0,7,44,0,51,38,0,38,89
01/19/2009,FTY,GA,ASO,ES,Federal Contract Tower,0,8,52,1,61,0,0,38,0,38,0,8,90,1,99,78,0,78,177
01/20/2009,FTY,GA,ASO,ES,Federal Contract Tower,0,18,65,0,83,0,0,23,0,23,0,18,88,0,106,66,0,66,172
01/21/2009,FTY,GA,ASO,ES,Federal Contract Tower,0,20,68,2,90,0,1,52,0,53,0,21,120,2,143,156,0,156,299
01/22/2009,FTY,GA,ASO,ES,Federal Contract Tower,0,27,68,4,99,0,0,53,0,53,0,27,121,4,152,146,0,146,298
01/23/2009,FTY,GA,ASO,ES,Federal Contract Tower,0,24,63,2,89,0,2,31,0,33,0,26,94,2,122,4,0,4,126
01/24/2009,FTY,GA,ASO,ES,Federal Contract Tower,0,5,30,2,37,0,0,28,0,28,0,5,58,2,65,40,0,40,105
01/25/2009,FTY,GA,ASO,ES,Federal Contract Tower,0,10,33,2,45,0,0,40,0,40,0,10,73,2,85,150,0,150,235
01/26/2009,FTY,GA,ASO,ES,Federal Contract Tower,0,17,69,2,88,0,0,3,0,3,0,17,72,2,91,6,0,6,97
01/27/2009,FTY,GA,ASO,ES,Federal Contract Tower,0,27,83,2,112,0,0,1,0,1,0,27,84,2,113,20,0,20,133
01/28/2009,FTY,GA,ASO,ES,Federal Contract Tower,0,22,87,1,110,0,0,5,0,5,0,22,92,1,115,0,0,0,115
01/29/2009,FTY,GA,ASO,ES,Federal Contract Tower,0,17,71,5,93,0,0,66,1,67,0,17,137,6,160,98,6,104,264
01/30/2009,FTY,GA,ASO,ES,Federal Contract Tower,0,20,81,0,101,0,1,23,0,24,0,21,104,0,125,36,0,36,161
01/31/2009,FTY,GA,ASO,ES,Federal Contract Tower,0,6,36,0,42,0,0,65,0,65,0,6,101,0,107,126,0,126,233
02/01/2009,FTY,GA,ASO,ES,Federal Contract Tower,0,11,30,0,41,0,0,54,0,54,0,11,84,0,95,70,0,70,165
02/02/2009,FTY,GA,ASO,ES,Federal Contract Tower,0,20,39,1,60,0,3,8,0,11,0,23,47,1,71,4,0,4,75
02/03/2009,FTY,GA,ASO,ES,Federal Contract Tower,0,19,57,4,80,0,0,31,0,31,0,19,88,4,111,74,0,74,185
02/04/2009,FTY,GA,ASO,ES,Federal Contract Tower,0,21,42,2,65,0,0,31,0,31,0,21,73,2,96,68,0,68,164
02/05/2009,FTY,GA,ASO,ES,Federal Contract Tower,0,21,74,0,95,0,0,47,0,47,0,21,121,0,142,88,0,88,230
02/06/2009,FTY,GA,ASO,ES,Federal Contract Tower,0,12,63,0,75,0,2,69,0,71,0,14,132,0,146,122,0,122,268
02/07/2009,FTY,GA,ASO,ES,Federal Contract Tower,0,3,29,0,32,0,0,61,0,61,0,3,90,0,93,174,0,174,267
02/08/2009,FTY,GA,ASO,ES,Federal Contract Tower,0,6,40,0,46,0,0,62,0,62,0,6,102,0,108,124,0,124,232
02/09/2009,FTY,GA,ASO,ES,Federal Contract Tower,0,16,66,3,85,0,0,90,0,90,0,16,156,3,175,196,0,196,371
02/10/2009,FTY,GA,ASO,ES,Federal Contract Tower,0,16,71,4,91,0,0,75,0,75,0,16,146,4,166,128,0,128,294
02/11/2009,FTY,GA,ASO,ES,Federal Contract Tower,0,15,64,14,93,0,1,24,1,26,0,16,88,15,119,36,0,36,155
02/12/2009,FTY,GA,ASO,ES,Federal Contract Tower,0,22,66,0,88,0,3,50,0,53,0,25,116,0,141,108,0,108,249
02/13/2009,FTY,GA,ASO,ES,Federal Contract Tower,0,18,60,0,78,0,2,62,0,64,0,20,122,0,142,96,0,96,238
02/14/2009,FTY,GA,ASO,ES,Federal Contract Tower,0,5,21,0,26,0,0,1,0,1,0,5,22,0,27,0,0,0,27
02/15/2009,FTY,GA,ASO,ES,Federal Contract Tower,0,12,30,0,42,0,0,66,0,66,0,12,96,0,108,144,0,144,252
02/16/2009,FTY,GA,ASO,ES,Federal Contract Tower,0,11,83,0,94,0,0,60,0,60,0,11,143,0,154,128,0,128,282
02/17/2009,FTY,GA,ASO,ES,Federal Contract Tower,0,20,87,2,109,0,0,66,0,66,0,20,153,2,175,66,0,66,241
02/18/2009,FTY,GA,ASO,ES,Federal Contract Tower,0,20,68,2,90,0,1,0,0,1,0,21,68,2,91,0,0,0,91
02/19/2009,FTY,GA,ASO,ES,Federal Contract Tower,0,16,99,3,118,0,1,52,0,53,0,17,151,3,171,74,0,74,245
02/20/2009,FTY,GA,ASO,ES,Federal Contract Tower,0,13,79,3,95,0,6,70,0,76,0,19,149,3,171,54,0,54,225
02/21/2009,FTY,GA,ASO,ES,Federal Contract Tower,0,3,24,0,27,0,0,57,0,57,0,3,81,0,84,128,0,128,212
02/22/2009,FTY,GA,ASO,ES,Federal Contract Tower,0,17,41,1,59,0,0,25,0,25,0,17,66,1,84,38,0,38,122
02/23/2009,FTY,GA,ASO,ES,Federal Contract Tower,0,13,68,1,82,0,2,72,2,76,0,15,140,3,158,102,0,102,260
02/24/2009,FTY,GA,ASO,ES,Federal Contract Tower,0,18,100,5,123,0,0,0,0,0,0,18,100,5,123,164,0,164,287
02/25/2009,FTY,GA,ASO,ES,Federal Contract Tower,0,19,87,4,110,0,0,53,5,58,0,19,140,9,168,128,0,128,296
02/26/2009,FTY,GA,ASO,ES,Federal Contract Tower,0,25,91,2,118,0,0,37,0,37,0,25,128,2,155,52,0,52,207
02/27/2009,FTY,GA,ASO,ES,Federal Contract Tower,0,21,62,0,83,0,0,7,0,7,0,21,69,0,90,6,0,6,96
02/28/2009,FTY,GA,ASO,ES,Federal Contract Tower,0,3,28,4,35,0,0,0,0,0,0,3,28,4,35,0,0,0,35
03/01/2009,FTY,GA,ASO,ES,Federal Contract Tower,0,11,23,0,34,0,0,0,0,0,0,11,23,0,34,0,0,0,34
03/02/2009,FTY,GA,ASO,ES,Federal Contract Tower,0,15,61,0,76,0,1,39,0,40,0,16,100,0,116,28,0,28,144
03/03/2009,FTY,GA,ASO,ES,Federal Contract Tower,0,19,76,0,95,0,0,92,5,97,0,19,168,5,192,154,0,154,346
03/04/2009,FTY,GA,ASO,ES,Federal Contract Tower,0,16,78,0,94,0,1,76,0,77,0,17,154,0,171,122,0,122,293
03/05/2009,FTY,GA,ASO,ES,Federal Contract Tower,0,25,85,1,111,0,0,67,3,70,0,25,152,4,181,76,0,76,257
03/06/2009,FTY,GA,ASO,ES,Federal Contract Tower,0,20,63,5,88,0,1,63,0,64,0,21,126,5,152,60,0,60,212
03/07/2009,FTY,GA,ASO,ES,Federal Contract Tower,0,6,41,1,48,0,2,22,1,25,0,8,63,2,73,90,0,90,163
03/08/2009,FTY,GA,ASO,ES,Federal Contract Tower,0,9,36,7,52,0,0,33,5,38,0,9,69,12,90,62,0,62,152
03/09/2009,FTY,GA,ASO,ES,Federal Contract Tower,0,22,65,0,87,0,0,39,0,39,0,22,104,0,126,58,0,58,184
03/10/2009,FTY,GA,ASO,ES,Federal Contract Tower,0,16,57,2,75,0,0,80,0,80,0,16,137,2,155,164,0,164,319
03/11/2009,FTY,GA,ASO,ES,Federal Contract Tower,0,23,58,2,83,0,1,45,0,46,0,24,103,2,129,124,0,124,253
03/12/2009,FTY,GA,ASO,ES,Federal Contract Tower,0,21,90,0,111,0,0,49,0,49,0,21,139,0,160,196,0,196,356
03/13/2009,FTY,GA,ASO,ES,Federal Contract Tower,0,28,62,10,100,0,0,40,11,51,0,28,102,21,151,72,0,72,223
03/14/2009,FTY,GA,ASO,ES,Federal Contract Tower,0,9,37,0,46,0,0,0,0,0,0,9,37,0,46,0,0,0,46
03/15/2009,FTY,GA,ASO,ES,Federal Contract Tower,0,20,81,0,101,0,0,0,0,0,0,20,81,0,101,0,0,0,101
03/16/2009,FTY,GA,ASO,ES,Federal Contract Tower,0,26,34,0,60,0,0,1,0,1,0,26,35,0,61,0,0,0,61
03/17/2009,FTY,GA,ASO,ES,Federal Contract Tower,0,23,73,0,96,0,0,69,0,69,0,23,142,0,165,128,0,128,293
03/18/2009,FTY,GA,ASO,ES,Federal Contract Tower,0,19,58,5,82,0,1,52,0,53,0,20,110,5,135,118,0,118,253
03/19/2009,FTY,GA,ASO,ES,Federal Contract Tower,0,14,75,5,94,0,2,61,0,63,0,16,136,5,157,136,0,136,293
03/20/2009,FTY,GA,ASO,ES,Federal Contract Tower,0,15,69,5,89,0,2,74,0,76,0,17,143,5,165,168,0,168,333
03/21/2009,FTY,GA,ASO,ES,Federal Contract Tower,0,5,28,0,33,0,0,82,0,82,0,5,110,0,115,138,0,138,253
03/22/2009,FTY,GA,ASO,ES,Federal Contract Tower,0,10,47,4,61,0,0,70,0,70,0,10,117,4,131,158,0,158,289
03/23/2009,FTY,GA,ASO,ES,Federal Contract Tower,0,29,64,2,95,0,1,42,0,43,0,30,106,2,138,62,0,62,200
03/24/2009,FTY,GA,ASO,ES,Federal Contract Tower,0,22,84,7,113,0,0,41,0,41,0,22,125,7,154,58,0,58,212
03/25/2009,FTY,GA,ASO,ES,Federal Contract Tower,0,19,71,0,90,0,0,13,0,13,0,19,84,0,103,34,0,34,137
03/26/2009,FTY,GA,ASO,ES,Federal Contract Tower,0,26,48,0,74,0,0,9,0,9,0,26,57,0,83,0,0,0,83
03/27/2009,FTY,GA,ASO,ES,Federal Contract Tower,0,18,61,0,79,0,1,0,0,1,0,19,61,0,80,0,0,0,80
03/28/2009,FTY,GA,ASO,ES,Federal Contract Tower,0,2,12,0,14,0,0,0,0,0,0,2,12,0,14,0,0,0,14
03/29/2009,FTY,GA,ASO,ES,Federal Contract Tower,0,8,48,0,56,0,0,28,0,28,0,8,76,0,84,52,0,52,136
03/30/2009,FTY,GA,ASO,ES,Federal Contract Tower,0,17,62,0,79,0,3,103,0,106,0,20,165,0,185,144,0,144,329
03/31/2009,FTY,GA,ASO,ES,Federal Contract Tower,0,19,48,2,69,0,0,28,2,30,0,19,76,4,99,50,2,52,151
04/01/2009,FTY,GA,ASO,ES,Federal Contract Tower,0,22,93,5,120,0,1,4,1,6,0,23,97,6,126,16,22,38,164
04/02/2009,FTY,GA,ASO,ES,Federal Contract Tower,0,19,71,2,92,0,1,0,0,1,0,20,71,2,93,0,0,0,93
04/03/2009,FTY,GA,ASO,ES,Federal Contract Tower,0,23,69,2,94,0,1,33,0,34,0,24,102,2,128,72,0,72,200
04/04/2009,FTY,GA,ASO,ES,Federal Contract Tower,0,6,46,1,53,0,0,75,4,79,0,6,121,5,132,106,0,106,238
04/05/2009,FTY,GA,ASO,ES,Federal Contract Tower,0,11,41,3,55,0,0,8,0,8,0,11,49,3,63,36,0,36,99
04/06/2009,FTY,GA,ASO,ES,Federal Contract Tower,0,16,63,3,82,0,0,10,0,10,0,16,73,3,92,0,0,0,92
04/07/2009,FTY,GA,ASO,ES,Federal Contract Tower,0,27,72,4,103,0,2,17,1,20,0,29,89,5,123,26,0,26,149
04/08/2009,FTY,GA,ASO,ES,Federal Contract Tower,0,17,75,5,97,0,1,75,0,76,0,18,150,5,173,86,0,86,259
04/09/2009,FTY,GA,ASO,ES,Federal Contract Tower,0,18,92,8,118,0,0,98,0,98,0,18,190,8,216,162,0,162,378
04/10/2009,FTY,GA,ASO,ES,Federal Contract Tower,0,25,31,0,56,0,0,9,0,9,0,25,40,0,65,4,0,4,69
04/11/2009,FTY,GA,ASO,ES,Federal Contract Tower,0,5,38,2,45,0,0,32,0,32,0,5,70,2,77,62,0,62,139
04/12/2009,FTY,GA,ASO,ES,Federal Contract Tower,0,12,39,0,51,0,0,52,0,52,0,12,91,0,103,132,0,132,235
04/13/2009,FTY,GA,ASO,ES,Federal Contract Tower,0,24,22,7,53,0,0,9,2,11,0,24,31,9,64,44,12,56,120
04/14/2009,FTY,GA,ASO,ES,Federal Contract Tower,0,26,55,5,86,0,0,23,0,23,0,26,78,5,109,58,0,58,167
04/15/2009,FTY,GA,ASO,ES,Federal Contract Tower,0,25,84,0,109,0,1,57,0,58,0,26,141,0,167,156,0,156,323
04/16/2009,FTY,GA,ASO,ES,Federal Contract Tower,0,25,100,3,128,0,0,78,0,78,0,25,178,3,206,230,0,230,436
04/17/2009,FTY,GA,ASO,ES,Federal Contract Tower,0,24,52,0,76,0,1,73,0,74,0,25,125,0,150,144,0,144,294
04/18/2009,FTY,GA,ASO,ES,Federal Contract Tower,0,7,45,1,53,0,0,86,0,86,0,7,131,1,139,204,0,204,343
04/19/2009,FTY,GA,ASO,ES,Federal Contract Tower,0,10,55,1,66,0,0,10,0,10,0,10,65,1,76,28,0,28,104
04/20/2009,FTY,GA,ASO,ES,Federal Contract Tower,0,17,53,0,70,0,1,32,0,33,0,18,85,0,103,58,0,58,161
04/21/2009,FTY,GA,ASO,ES,Federal Contract Tower,0,20,81,1,102,0,3,52,0,55,0,23,133,1,157,64,0,64,221
04/22/2009,FTY,GA,ASO,ES,Federal Contract Tower,0,20,80,1,101,0,0,91,0,91,0,20,171,1,192,234,0,234,426
04/23/2009,FTY,GA,ASO,ES,Federal Contract Tower,0,20,94,1,115,0,2,70,0,72,0,22,164,1,187,186,0,186,373
04/24/2009,FTY,GA,ASO,ES,Federal Contract Tower,0,14,70,0,84,0,3,76,0,79,0,17,146,0,163,246,0,246,409
04/25/2009,FTY,GA,ASO,ES,Federal Contract Tower,0,1,34,2,37,0,0,64,1,65,0,1,98,3,102,98,0,98,200
04/26/2009,FTY,GA,ASO,ES,Federal Contract Tower,0,14,33,2,49,0,6,53,0,59,0,20,86,2,108,42,0,42,150
04/27/2009,FTY,GA,ASO,ES,Federal Contract Tower,0,21,84,0,105,0,0,52,0,52,0,21,136,0,157,58,0,58,215
04/28/2009,FTY,GA,ASO,ES,Federal Contract Tower,0,24,87,1,112,0,8,79,0,87,0,32,166,1,199,134,0,134,333
04/29/2009,FTY,GA,ASO,ES,Federal Contract Tower,0,12,103,3,118,0,0,86,0,86,0,12,189,3,204,134,0,134,338
04/30/2009,FTY,GA,ASO,ES,Federal Contract Tower,0,19,86,4,109,0,3,45,0,48,0,22,131,4,157,78,0,78,235
05/01/2009,FTY,GA,ASO,ES,Federal Contract Tower,0,16,62,2,80,0,1,25,0,26,0,17,87,2,106,122,0,122,228
05/02/2009,FTY,GA,ASO,ES,Federal Contract Tower,0,6,24,0,30,0,0,9,0,9,0,6,33,0,39,32,0,32,71
05/03/2009,FTY,GA,ASO,ES,Federal Contract Tower,0,9,55,1,65,0,0,9,0,9,0,9,64,1,74,4,0,4,78
05/04/2009,FTY,GA,ASO,ES,Federal Contract Tower,0,15,44,7,66,0,0,15,0,15,0,15,59,7,81,26,0,26,107
05/05/2009,FTY,GA,ASO,ES,Federal Contract Tower,0,18,81,2,101,0,0,29,0,29,0,18,110,2,130,22,0,22,152
05/06/2009,FTY,GA,ASO,ES,Federal Contract Tower,0,23,41,0,64,0,0,5,0,5,0,23,46,0,69,16,0,16,85
05/07/2009,FTY,GA,ASO,ES,Federal Contract Tower,0,29,83,4,116,0,2,21,0,23,0,31,104,4,139,100,0,100,239
05/08/2009,FTY,GA,ASO,ES,Federal Contract Tower,0,25,78,6,109,0,1,17,0,18,0,26,95,6,127,24,0,24,151
05/09/2009,FTY,GA,ASO,ES,Federal Contract Tower,0,4,29,2,35,0,0,12,0,12,0,4,41,2,47,138,0,138,185
05/10/2009,FTY,GA,ASO,ES,Federal Contract Tower,0,11,28,0,39,0,0,28,0,28,0,11,56,0,67,70,0,70,137
05/11/2009,FTY,GA,ASO,ES,Federal Contract Tower,0,25,66,2,93,0,1,56,0,57,0,26,122,2,150,200,0,200,350
05/12/2009,FTY,GA,ASO,ES,Federal Contract Tower,0,20,83,4,107,0,1,83,0,84,0,21,166,4,191,142,0,142,333
05/13/2009,FTY,GA,ASO,ES,Federal Contract Tower,0,26,71,1,98,0,1,33,0,34,0,27,104,1,132,88,0,88,220
05/14/2009,FTY,GA,ASO,ES,Federal Contract Tower,0,15,81,1,97,0,1,45,0,46,0,16,126,1,143,224,0,224,367
05/15/2009,FTY,GA,ASO,ES,Federal Contract Tower,0,22,62,3,87,0,0,49,2,51,0,22,111,5,138,124,0,124,262
05/16/2009,FTY,GA,ASO,ES,Federal Contract Tower,0,2,25,0,27,0,0,5,0,5,0,2,30,0,32,10,0,10,42
05/17/2009,FTY,GA,ASO,ES,Federal Contract Tower,0,7,31,0,38,0,0,0,0,0,0,7,31,0,38,0,0,0,38
05/18/2009,FTY,GA,ASO,ES,Federal Contract Tower,0,15,57,0,72,0,1,71,2,74,0,16,128,2,146,180,0,180,326
05/19/2009,FTY,GA,ASO,ES,Federal Contract Tower,0,23,57,4,84,0,1,49,0,50,0,24,106,4,134,44,0,44,178
05/20/2009,FTY,GA,ASO,ES,Federal Contract Tower,0,17,90,7,114,0,1,37,0,38,0,18,127,7,152,50,0,50,202
05/21/2009,FTY,GA,ASO,ES,Federal Contract Tower,0,21,104,2,127,0,0,29,1,30,0,21,133,3,157,18,0,18,175
05/22/2009,FTY,GA,ASO,ES,Federal Contract Tower,0,18,68,0,86,0,1,18,0,19,0,19,86,0,105,100,0,100,205
05/23/2009,FTY,GA,ASO,ES,Federal Contract Tower,0,4,32,0,36,0,0,4,0,4,0,4,36,0,40,32,0,32,72
05/24/2009,FTY,GA,ASO,ES,Federal Contract Tower,0,7,21,0,28,0,0,4,0,4,0,7,25,0,32,14,0,14,46
05/25/2009,FTY,GA,ASO,ES,Federal Contract Tower,0,10,50,0,60,0,0,9,0,9,0,10,59,0,69,32,0,32,101
05/26/2009,FTY,GA,ASO,ES,Federal Contract Tower,0,13,56,0,69,0,0,19,0,19,0,13,75,0,88,100,0,100,188
05/27/2009,FTY,GA,ASO,ES,Federal Contract Tower,0,19,76,0,95,0,0,36,0,36,0,19,112,0,131,150,0,150,281
05/28/2009,FTY,GA,ASO,ES,Federal Contract Tower,0,23,84,0,107,0,1,30,0,31,0,24,114,0,138,246,0,246,384
05/29/2009,FTY,GA,ASO,ES,Federal Contract Tower,0,17,59,2,78,0,0,70,0,70,0,17,129,2,148,138,0,138,286
05/30/2009,FTY,GA,ASO,ES,Federal Contract Tower,0,1,33,0,34,0,0,78,0,78,0,1,111,0,112,96,0,96,208
05/31/2009,FTY,GA,ASO,ES,Federal Contract Tower,0,10,41,0,51,0,0,101,0,101,0,10,142,0,152,218,0,218,370
06/01/2009,FTY,GA,ASO,ES,Federal Contract Tower,0,14,44,2,60,0,1,58,0,59,0,15,102,2,119,246,0,246,365
06/02/2009,FTY,GA,ASO,ES,Federal Contract Tower,0,21,81,4,106,0,0,89,0,89,0,21,170,4,195,232,0,232,427
06/03/2009,FTY,GA,ASO,ES,Federal Contract Tower,0,28,86,5,119,0,1,56,0,57,0,29,142,5,176,154,0,154,330
06/04/2009,FTY,GA,ASO,ES,Federal Contract Tower,0,19,64,4,87,0,0,9,0,9,0,19,73,4,96,0,0,0,96
06/05/2009,FTY,GA,ASO,ES,Federal Contract Tower,0,8,51,0,59,0,1,15,0,16,0,9,66,0,75,138,0,138,213
06/06/2009,FTY,GA,ASO,ES,Federal Contract Tower,0,1,30,0,31,0,2,35,0,37,0,3,65,0,68,86,0,86,154
06/07/2009,FTY,GA,ASO,ES,Federal Contract Tower,0,10,43,2,55,0,0,56,0,56,0,10,99,2,111,116,0,116,227
06/08/2009,FTY,GA,ASO,ES,Federal Contract Tower,0,14,59,3,76,0,0,56,4,60,0,14,115,7,136,154,0,154,290
06/09/2009,FTY,GA,ASO,ES,Federal Contract Tower,0,12,66,0,78,0,1,78,0,79,0,13,144,0,157,212,0,212,369
06/10/2009,FTY,GA,ASO,ES,Federal Contract Tower,0,24,92,6,122,0,1,43,1,45,0,25,135,7,167,88,0,88,255
06/11/2009,FTY,GA,ASO,ES,Federal Contract Tower,0,21,82,0,103,0,0,69,0,69,0,21,151,0,172,232,0,232,404
06/12/2009,FTY,GA,ASO,ES,Federal Contract Tower,0,10,69,2,81,0,0,36,1,37,0,10,105,3,118,198,0,198,316
06/13/2009,FTY,GA,ASO,ES,Federal Contract Tower,0,6,7,2,15,0,1,47,0,48,0,7,54,2,63,138,0,138,201
06/14/2009,FTY,GA,ASO,ES,Federal Contract Tower,0,14,30,0,44,0,0,38,0,38,0,14,68,0,82,90,0,90,172
06/15/2009,FTY,GA,ASO,ES,Federal Contract Tower,0,19,74,0,93,0,0,35,2,37,0,19,109,2,130,196,0,196,326
06/16/2009,FTY,GA,ASO,ES,Federal Contract Tower,0,11,59,10,80,0,1,58,0,59,0,12,117,10,139,108,0,108,247
06/17/2009,FTY,GA,ASO,ES,Federal Contract Tower,0,8,60,7,75,0,1,38,1,40,0,9,98,8,115,138,0,138,253
06/18/2009,FTY,GA,ASO,ES,Federal Contract Tower,0,17,63,8,88,0,4,54,1,59,0,21,117,9,147,160,0,160,307
06/19/2009,FTY,GA,ASO,ES,Federal Contract Tower,0,14,48,0,62,0,7,119,0,126,0,21,167,0,188,186,0,186,374
06/20/2009,FTY,GA,ASO,ES,Federal Contract Tower,0,5,24,0,29,0,14,47,0,61,0,19,71,0,90,98,0,98,188
06/21/2009,FTY,GA,ASO,ES,Federal Contract Tower,0,12,25,0,37,0,2,40,0,42,0,14,65,0,79,88,0,88,167
06/22/2009,FTY,GA,ASO,ES,Federal Contract Tower,0,19,45,4,68,0,1,37,0,38,0,20,82,4,106,84,0,84,190
06/23/2009,FTY,GA,ASO,ES,Federal Contract Tower,0,17,78,0,95,0,2,87,0,89,0,19,165,0,184,178,0,178,362
06/24/2009,FTY,GA,ASO,ES,Federal Contract Tower,0,19,90,1,110,0,2,69,1,72,0,21,159,2,182,196,24,220,402
06/25/2009,FTY,GA,ASO,ES,Federal Contract Tower,0,23,99,0,122,0,3,86,1,90,0,26,185,1,212,186,0,186,398
06/26/2009,FTY,GA,ASO,ES,Federal Contract Tower,0,21,74,0,95,0,5,63,0,68,0,26,137,0,163,276,0,276,439
06/27/2009,FTY,GA,ASO,ES,Federal Contract Tower,0,7,32,1,40,0,0,54,0,54,0,7,86,1,94,234,0,234,328
06/28/2009,FTY,GA,ASO,ES,Federal Contract Tower,0,19,35,1,55,0,0,53,0,53,0,19,88,1,108,122,0,122,230
06/29/2009,FTY,GA,ASO,ES,Federal Contract Tower,0,19,41,0,60,0,0,0,0,0,0,19,41,0,60,98,0,98,158
06/30/2009,FTY,GA,ASO,ES,Federal Contract Tower,0,14,63,2,79,0,2,66,1,69,0,16,129,3,148,130,0,130,278
07/01/2009,FTY,GA,ASO,ES,Federal Contract Tower,0,15,51,3,69,2,51,0,0,53,2,66,51,3,122,88,0,88,210
07/02/2009,FTY,GA,ASO,ES,Federal Contract Tower,0,14,68,0,82,0,0,68,0,68,0,14,136,0,150,234,0,234,384
07/03/2009,FTY,GA,ASO,ES,Federal Contract Tower,0,7,28,0,35,0,0,51,0,51,0,7,79,0,86,116,0,116,202
07/04/2009,FTY,GA,ASO,ES,Federal Contract Tower,0,1,9,0,10,0,0,32,0,32,0,1,41,0,42,52,0,52,94
07/05/2009,FTY,GA,ASO,ES,Federal Contract Tower,0,14,34,0,48,0,0,14,0,14,0,14,48,0,62,20,0,20,82
07/06/2009,FTY,GA,ASO,ES,Federal Contract Tower,0,19,51,0,70,0,0,27,0,27,0,19,78,0,97,90,0,90,187
07/07/2009,FTY,GA,ASO,ES,Federal Contract Tower,0,15,63,0,78,0,1,48,0,49,0,16,111,0,127,74,0,74,201
07/08/2009,FTY,GA,ASO,ES,Federal Contract Tower,0,23,77,2,102,0,0,41,2,43,0,23,118,4,145,118,4,122,267
07/09/2009,FTY,GA,ASO,ES,Federal Contract Tower,0,8,81,2,91,0,3,54,0,57,0,11,135,2,148,166,0,166,314
07/10/2009,FTY,GA,ASO,ES,Federal Contract Tower,0,15,74,4,93,0,1,52,0,53,0,16,126,4,146,174,0,174,320
07/11/2009,FTY,GA,ASO,ES,Federal Contract Tower,0,6,20,0,26,0,1,56,0,57,0,7,76,0,83,98,0,98,181
07/12/2009,FTY,GA,ASO,ES,Federal Contract Tower,0,15,29,5,49,0,0,40,0,40,0,15,69,5,89,64,0,64,153
07/13/2009,FTY,GA,ASO,ES,Federal Contract Tower,0,14,61,1,76,0,5,34,1,40,0,19,95,2,116,56,0,56,172
07/14/2009,FTY,GA,ASO,ES,Federal Contract Tower,0,9,64,5,78,0,0,84,3,87,0,9,148,8,165,96,0,96,261
07/15/2009,FTY,GA,ASO,ES,Federal Contract Tower,0,19,69,1,89,0,84,1,0,85,0,103,70,1,174,108,0,108,282
07/16/2009,FTY,GA,ASO,ES,Federal Contract Tower,0,17,75,2,94,0,0,41,0,41,0,17,116,2,135,54,0,54,189
07/17/2009,FTY,GA,ASO,ES,Federal Contract Tower,0,19,64,1,84,0,0,44,0,44,0,19,108,1,128,74,0,74,202
07/18/2009,FTY,GA,ASO,ES,Federal Contract Tower,0,6,33,0,39,0,0,86,0,86,0,6,119,0,125,96,0,96,221
07/19/2009,FTY,GA,ASO,ES,Federal Contract Tower,0,8,48,1,57,0,0,67,0,67,0,8,115,1,124,94,0,94,218
07/20/2009,FTY,GA,ASO,ES,Federal Contract Tower,0,17,46,3,66,0,0,56,0,56,0,17,102,3,122,56,0,56,178
07/21/2009,FTY,GA,ASO,ES,Federal Contract Tower,0,19,52,1,72,0,2,83,0,85,0,21,135,1,157,188,0,188,345
07/22/2009,FTY,GA,ASO,ES,Federal Contract Tower,0,22,65,2,89,0,0,56,0,56,0,22,121,2,145,174,0,174,319
07/23/2009,FTY,GA,ASO,ES,Federal Contract Tower,0,21,83,2,106,0,2,92,2,96,0,23,175,4,202,94,0,94,296
07/24/2009,FTY,GA,ASO,ES,Federal Contract Tower,0,19,51,0,70,0,2,170,0,172,0,21,221,0,242,112,0,112,354
07/25/2009,FTY,GA,ASO,ES,Federal Contract Tower,0,4,21,4,29,0,0,66,0,66,0,4,87,4,95,130,0,130,225
07/26/2009,FTY,GA,ASO,ES,Federal Contract Tower,0,7,20,1,28,0,0,32,0,32,0,7,52,1,60,60,0,60,120
07/27/2009,FTY,GA,ASO,ES,Federal Contract Tower,0,16,47,3,66,0,0,68,2,70,0,16,115,5,136,72,0,72,208
07/28/2009,FTY,GA,ASO,ES,Federal Contract Tower,0,20,77,4,101,0,0,60,2,62,0,20,137,6,163,92,0,92,255
07/29/2009,FTY,GA,ASO,ES,Federal Contract Tower,0,17,61,0,78,0,0,35,2,37,0,17,96,2,115,36,0,36,151
07/30/2009,FTY,GA,ASO,ES,Federal Contract Tower,0,18,68,2,88,0,1,44,4,49,0,19,112,6,137,24,0,24,161
07/31/2009,FTY,GA,ASO,ES,Federal Contract Tower,0,18,51,2,71,0,2,19,0,21,0,20,70,2,92,10,0,10,102
08/01/2009,FTY,GA,ASO,ES,Federal Contract Tower,0,8,31,0,39,0,0,28,0,28,0,8,59,0,67,60,0,60,127
08/02/2009,FTY,GA,ASO,ES,Federal Contract Tower,0,9,41,1,51,0,0,9,0,9,0,9,50,1,60,16,0,16,76
08/03/2009,FTY,GA,ASO,ES,Federal Contract Tower,0,14,64,0,78,0,2,43,0,45,0,16,107,0,123,58,0,58,181
08/04/2009,FTY,GA,ASO,ES,Federal Contract Tower,0,8,62,2,72,0,0,79,0,79,0,8,141,2,151,262,0,262,413
08/05/2009,FTY,GA,ASO,ES,Federal Contract Tower,0,11,75,0,86,0,2,64,0,66,0,13,139,0,152,128,0,128,280
08/06/2009,FTY,GA,ASO,ES,Federal Contract Tower,0,18,79,0,97,0,2,57,0,59,0,20,136,0,156,68,0,68,224
08/07/2009,FTY,GA,ASO,ES,Federal Contract Tower,0,16,30,2,48,0,4,42,0,46,0,20,72,2,94,114,0,114,208
08/08/2009,FTY,GA,ASO,ES,Federal Contract Tower,0,0,26,0,26,0,0,51,0,51,0,0,77,0,77,52,0,52,129
08/09/2009,FTY,GA,ASO,ES,Federal Contract Tower,0,9,42,0,51,0,3,52,0,55,0,12,94,0,106,84,0,84,190
08/10/2009,FTY,GA,ASO,ES,Federal Contract Tower,0,15,49,0,64,0,4,73,0,77,0,19,122,0,141,94,0,94,235
08/11/2009,FTY,GA,ASO,ES,Federal Contract Tower,0,11,62,2,75,0,1,67,0,68,0,12,129,2,143,104,0,104,247
08/12/2009,FTY,GA,ASO,ES,Federal Contract Tower,0,24,86,0,110,0,2,63,0,65,0,26,149,0,175,152,0,152,327
08/13/2009,FTY,GA,ASO,ES,Federal Contract Tower,0,17,74,2,93,0,0,78,0,78,0,17,152,2,171,232,0,232,403
08/14/2009,FTY,GA,ASO,ES,Federal Contract Tower,0,16,52,1,69,0,0,61,0,61,0,16,113,1,130,172,0,172,302
08/15/2009,FTY,GA,ASO,ES,Federal Contract Tower,0,0,19,0,19,0,0,24,0,24,0,0,43,0,43,32,0,32,75
08/16/2009,FTY,GA,ASO,ES,Federal Contract Tower,0,6,65,2,73,0,0,15,0,15,0,6,80,2,88,48,0,48,136
08/17/2009,FTY,GA,ASO,ES,Federal Contract Tower,0,6,71,1,78,0,2,18,0,20,0,8,89,1,98,32,0,32,130
08/18/2009,FTY,GA,ASO,ES,Federal Contract Tower,0,17,70,6,93,0,2,39,0,41,0,19,109,6,134,102,0,102,236
08/19/2009,FTY,GA,ASO,ES,Federal Contract Tower,0,16,68,2,86,0,2,61,0,63,0,18,129,2,149,234,0,234,383
08/20/2009,FTY,GA,ASO,ES,Federal Contract Tower,0,18,76,0,94,0,0,40,1,41,0,18,116,1,135,62,10,72,207
08/21/2009,FTY,GA,ASO,ES,Federal Contract Tower,0,14,46,2,62,0,1,15,0,16,0,15,61,2,78,36,0,36,114
08/22/2009,FTY,GA,ASO,ES,Federal Contract Tower,0,4,19,0,23,0,0,40,0,40,0,4,59,0,63,68,0,68,131
08/23/2009,FTY,GA,ASO,ES,Federal Contract Tower,0,7,27,2,36,0,0,60,0,60,0,7,87,2,96,84,0,84,180
08/24/2009,FTY,GA,ASO,ES,Federal Contract Tower,0,14,62,2,78,0,0,91,0,91,0,14,153,2,169,126,0,126,295
08/25/2009,FTY,GA,ASO,ES,Federal Contract Tower,0,13,71,2,86,0,1,50,0,51,0,14,121,2,137,108,0,108,245
08/26/2009,FTY,GA,ASO,ES,Federal Contract Tower,0,15,79,0,94,0,3,31,0,34,0,18,110,0,128,14,0,14,142
08/27/2009,FTY,GA,ASO,ES,Federal Contract Tower,0,11,66,2,79,0,0,37,0,37,0,11,103,2,116,66,0,66,182
08/28/2009,FTY,GA,ASO,ES,Federal Contract Tower,0,7,64,0,71,0,1,10,0,11,0,8,74,0,82,6,0,6,88
08/29/2009,FTY,GA,ASO,ES,Federal Contract Tower,0,1,29,0,30,0,0,34,0,34,0,1,63,0,64,66,0,66,130
08/30/2009,FTY,GA,ASO,ES,Federal Contract Tower,0,7,28,0,35,0,0,12,0,12,0,7,40,0,47,34,0,34,81
08/31/2009,FTY,GA,ASO,ES,Federal Contract Tower,0,14,51,5,70,0,0,16,0,16,0,14,67,5,86,36,0,36,122
09/01/2009,FTY,GA,ASO,ES,Federal Contract Tower,0,11,72,0,83,0,0,8,0,8,0,11,80,0,91,42,0,42,133
09/02/2009,FTY,GA,ASO,ES,Federal Contract Tower,0,18,97,5,120,0,1,56,0,57,0,19,153,5,177,96,0,96,273
09/03/2009,FTY,GA,ASO,ES,Federal Contract Tower,0,10,68,4,82,0,0,47,0,47,0,10,115,4,129,87,0,87,216
09/04/2009,FTY,GA,ASO,ES,Federal Contract Tower,0,12,89,0,101,0,2,74,0,76,0,14,163,0,177,122,0,122,299
09/05/2009,FTY,GA,ASO,ES,Federal Contract Tower,0,0,44,0,44,0,2,59,0,61,0,2,103,0,105,116,0,116,221
09/06/2009,FTY,GA,ASO,ES,Federal Contract Tower,0,7,34,1,42,0,1,44,0,45,0,8,78,1,87,178,0,178,265
09/07/2009,FTY,GA,ASO,ES,Federal Contract Tower,0,15,39,0,54,0,0,55,0,55,0,15,94,0,109,60,0,60,169
09/08/2009,FTY,GA,ASO,ES,Federal Contract Tower,0,11,71,1,83,0,1,62,1,64,0,12,133,2,147,56,4,60,207
09/09/2009,FTY,GA,ASO,ES,Federal Contract Tower,0,19,85,5,109,0,0,49,0,49,0,19,134,5,158,82,0,82,240
09/10/2009,FTY,GA,ASO,ES,Federal Contract Tower,0,21,119,4,144,0,0,0,0,0,0,21,119,4,144,82,8,90,234
09/11/2009,FTY,GA,ASO,ES,Federal Contract Tower,0,12,78,2,92,0,0,16,0,16,0,12,94,2,108,8,0,8,116
09/12/2009,FTY,GA,ASO,ES,Federal Contract Tower,0,6,47,0,53,0,0,43,0,43,0,6,90,0,96,112,0,112,208
09/13/2009,FTY,GA,ASO,ES,Federal Contract Tower,0,12,51,0,63,0,0,36,0,36,0,12,87,0,99,134,0,134,233
09/14/2009,FTY,GA,ASO,ES,Federal Contract Tower,0,11,51,3,65,0,0,71,1,72,0,11,122,4,137,80,0,80,217
09/15/2009,FTY,GA,ASO,ES,Federal Contract Tower,0,16,57,0,73,0,0,3,0,3,0,16,60,0,76,46,0,46,122
09/16/2009,FTY,GA,ASO,ES,Federal Contract Tower,0,16,74,2,92,0,0,1,0,1,0,16,75,2,93,0,0,0,93
09/17/2009,FTY,GA,ASO,ES,Federal Contract Tower,0,19,82,2,103,0,0,1,0,1,0,19,83,2,104,0,0,0,104
09/18/2009,FTY,GA,ASO,ES,Federal Contract Tower,0,10,74,4,88,0,0,15,0,15,0,10,89,4,103,16,0,16,119
09/19/2009,FTY,GA,ASO,ES,Federal Contract Tower,0,5,24,0,29,0,0,2,0,2,0,5,26,0,31,0,0,0,31
09/20/2009,FTY,GA,ASO,ES,Federal Contract Tower,0,17,28,6,51,0,0,4,0,4,0,17,32,6,55,0,0,0,55
09/21/2009,FTY,GA,ASO,ES,Federal Contract Tower,0,13,56,2,71,0,0,4,0,4,0,13,60,2,75,0,0,0,75
09/22/2009,FTY,GA,ASO,ES,Federal Contract Tower,0,11,50,2,63,0,0,51,0,51,0,11,101,2,114,34,0,34,148
09/23/2009,FTY,GA,ASO,ES,Federal Contract Tower,0,19,58,0,77,0,0,47,2,49,0,19,105,2,126,84,0,84,210
09/24/2009,FTY,GA,ASO,ES,Federal Contract Tower,0,13,71,0,84,0,0,49,0,49,0,13,120,0,133,82,0,82,215
09/25/2009,FTY,GA,ASO,ES,Federal Contract Tower,0,13,56,7,76,0,5,48,0,53,0,18,104,7,129,124,0,124,253
09/26/2009,FTY,GA,ASO,ES,Federal Contract Tower,0,6,22,0,28,0,0,7,0,7,0,6,29,0,35,72,0,72,107
09/27/2009,FTY,GA,ASO,ES,Federal Contract Tower,0,11,40,1,52,0,0,49,0,49,0,11,89,1,101,114,0,114,215
09/28/2009,FTY,GA,ASO,ES,Federal Contract Tower,0,12,50,2,64,0,0,40,0,40,0,12,90,2,104,122,0,122,226
09/29/2009,FTY,GA,ASO,ES,Federal Contract Tower,0,12,66,0,78,0,0,76,0,76,0,12,142,0,154,82,0,82,236
09/30/2009,FTY,GA,ASO,ES,Federal Contract Tower,0,13,107,2,122,0,0,75,0,75,0,13,182,2,197,242,0,242,439
10/01/2009,FTY,GA,ASO,ES,Federal Contract Tower,0,9,98,0,107,0,0,83,0,83,0,9,181,0,190,110,0,110,300
10/02/2009,FTY,GA,ASO,ES,Federal Contract Tower,0,9,74,0,83,0,2,44,0,46,0,11,118,0,129,140,0,140,269
10/03/2009,FTY,GA,ASO,ES,Federal Contract Tower,0,3,30,0,33,0,1,61,0,62,0,4,91,0,95,128,0,128,223
10/04/2009,FTY,GA,ASO,ES,Federal Contract Tower,0,5,55,0,60,0,0,55,0,55,0,5,110,0,115,100,0,100,215
10/05/2009,FTY,GA,ASO,ES,Federal Contract Tower,0,11,85,0,96,0,0,0,0,0,0,11,85,0,96,0,0,0,96
10/06/2009,FTY,GA,ASO,ES,Federal Contract Tower,0,16,92,0,108,0,0,0,0,0,0,16,92,0,108,6,0,6,114
10/07/2009,FTY,GA,ASO,ES,Federal Contract Tower,0,17,98,0,115,0,0,36,0,36,0,17,134,0,151,92,0,92,243
10/08/2009,FTY,GA,ASO,ES,Federal Contract Tower,0,14,116,0,130,0,1,84,0,85,0,15,200,0,215,136,0,136,351
10/09/2009,FTY,GA,ASO,ES,Federal Contract Tower,0,14,85,0,99,0,0,34,0,34,0,14,119,0,133,68,0,68,201
10/10/2009,FTY,GA,ASO,ES,Federal Contract Tower,0,9,25,0,34,0,0,43,0,43,0,9,68,0,77,108,0,108,185
10/11/2009,FTY,GA,ASO,ES,Federal Contract Tower,0,12,42,0,54,0,0,53,0,53,0,12,95,0,107,90,0,90,197
10/12/2009,FTY,GA,ASO,ES,Federal Contract Tower,0,10,45,0,55,0,0,0,0,0,0,10,45,0,55,0,0,0,55
10/13/2009,FTY,GA,ASO,ES,Federal Contract Tower,0,11,81,6,98,0,0,29,0,29,0,11,110,6,127,110,0,110,237
10/14/2009,FTY,GA,ASO,ES,Federal Contract Tower,0,17,101,3,121,0,0,0,0,0,0,17,101,3,121,0,0,0,121
10/15/2009,FTY,GA,ASO,ES,Federal Contract Tower,0,10,71,4,85,0,0,0,0,0,0,10,71,4,85,0,0,0,85
10/16/2009,FTY,GA,ASO,ES,Federal Contract Tower,0,13,60,0,73,0,0,11,0,11,0,13,71,0,84,66,0,66,150
10/17/2009,FTY,GA,ASO,ES,Federal Contract Tower,0,1,32,0,33,0,0,29,0,29,0,1,61,0,62,86,0,86,148
10/18/2009,FTY,GA,ASO,ES,Federal Contract Tower,0,17,43,0,60,0,0,34,0,34,0,17,77,0,94,28,0,28,122
10/19/2009,FTY,GA,ASO,ES,Federal Contract Tower,0,10,61,0,71,0,0,65,0,65,0,10,126,0,136,54,0,54,190
10/20/2009,FTY,GA,ASO,ES,Federal Contract Tower,0,18,64,0,82,0,0,81,0,81,0,18,145,0,163,150,0,150,313
10/21/2009,FTY,GA,ASO,ES,Federal Contract Tower,0,11,91,0,102,0,0,94,0,94,0,11,185,0,196,138,0,138,334
10/22/2009,FTY,GA,ASO,ES,Federal Contract Tower,0,19,107,0,126,0,1,51,0,52,0,20,158,0,178,152,0,152,330
10/23/2009,FTY,GA,ASO,ES,Federal Contract Tower,0,14,55,0,69,0,0,8,0,8,0,14,63,0,77,16,0,16,93
10/24/2009,FTY,GA,ASO,ES,Federal Contract Tower,0,7,31,0,38,0,0,22,0,22,0,7,53,0,60,94,0,94,154
10/25/2009,FTY,GA,ASO,ES,Federal Contract Tower,0,12,47,0,59,0,0,44,0,44,0,12,91,0,103,72,0,72,175
10/26/2009,FTY,GA,ASO,ES,Federal Contract Tower,0,17,59,4,80,0,0,46,0,46,0,17,105,4,126,126,0,126,252
10/27/2009,FTY,GA,ASO,ES,Federal Contract Tower,0,16,54,0,70,0,0,0,0,0,0,16,54,0,70,0,0,0,70
10/28/2009,FTY,GA,ASO,ES,Federal Contract Tower,0,20,80,0,100,0,0,50,0,50,0,20,130,0,150,234,0,234,384
10/29/2009,FTY,GA,ASO,ES,Federal Contract Tower,0,17,64,5,86,0,0,82,0,82,0,17,146,5,168,104,0,104,272
10/30/2009,FTY,GA,ASO,ES,Federal Contract Tower,0,11,73,0,84,0,0,4,0,4,0,11,77,0,88,2,0,2,90
10/31/2009,FTY,GA,ASO,ES,Federal Contract Tower,0,3,31,0,34,0,0,0,0,0,0,3,31,0,34,0,0,0,34
11/01/2009,FTY,GA,ASO,ES,Federal Contract Tower,0,7,38,0,45,0,0,64,0,64,0,7,102,0,109,76,0,76,185
11/02/2009,FTY,GA,ASO,ES,Federal Contract Tower,0,24,89,4,117,0,0,68,0,68,0,24,157,4,185,100,0,100,285
11/03/2009,FTY,GA,ASO,ES,Federal Contract Tower,0,16,101,4,121,0,0,68,1,69,0,16,169,5,190,94,14,108,298
11/04/2009,FTY,GA,ASO,ES,Federal Contract Tower,0,13,82,3,98,0,0,62,0,62,0,13,144,3,160,140,0,140,300
11/05/2009,FTY,GA,ASO,ES,Federal Contract Tower,0,27,74,4,105,0,0,58,1,59,0,27,132,5,164,164,12,176,340
11/06/2009,FTY,GA,ASO,ES,Federal Contract Tower,0,6,68,0,74,0,0,61,4,65,0,6,129,4,139,180,0,180,319
11/07/2009,FTY,GA,ASO,ES,Federal Contract Tower,0,2,33,0,35,0,0,62,2,64,0,2,95,2,99,218,0,218,317
11/08/2009,FTY,GA,ASO,ES,Federal Contract Tower,0,15,41,0,56,0,0,63,0,63,0,15,104,0,119,156,0,156,275
11/09/2009,FTY,GA,ASO,ES,Federal Contract Tower,0,10,70,1,81,0,0,34,0,34,0,10,104,1,115,108,0,108,223
11/10/2009,FTY,GA,ASO,ES,Federal Contract Tower,0,21,68,0,89,0,0,2,0,2,0,21,70,0,91,0,0,0,91
11/11/2009,FTY,GA,ASO,ES,Federal Contract Tower,0,16,76,1,93,0,0,4,0,4,0,16,80,1,97,0,0,0,97
11/12/2009,FTY,GA,ASO,ES,Federal Contract Tower,0,16,88,0,104,0,1,58,0,59,0,17,146,0,163,144,0,144,307
11/13/2009,FTY,GA,ASO,ES,Federal Contract Tower,0,11,76,2,89,0,1,73,0,74,0,12,149,2,163,186,0,186,349
11/14/2009,FTY,GA,ASO,ES,Federal Contract Tower,0,1,40,0,41,0,0,73,0,73,0,1,113,0,114,92,0,92,206
11/15/2009,FTY,GA,ASO,ES,Federal Contract Tower,0,11,53,0,64,0,0,60,0,60,0,11,113,0,124,80,0,80,204
11/16/2009,FTY,GA,ASO,ES,Federal Contract Tower,0,11,50,2,63,0,0,57,0,57,0,11,107,2,120,168,0,168,288
11/17/2009,FTY,GA,ASO,ES,Federal Contract Tower,0,25,74,5,104,0,0,16,0,16,0,25,90,5,120,78,0,78,198
11/18/2009,FTY,GA,ASO,ES,Federal Contract Tower,0,18,95,0,113,0,0,26,0,26,0,18,121,0,139,28,0,28,167
11/19/2009,FTY,GA,ASO,ES,Federal Contract Tower,0,29,107,4,140,0,2,64,0,66,0,31,171,4,206,204,0,204,410
11/20/2009,FTY,GA,ASO,ES,Federal Contract Tower,0,19,81,0,100,0,0,77,0,77,0,19,158,0,177,224,0,224,401
11/21/2009,FTY,GA,ASO,ES,Federal Contract Tower,0,2,29,0,31,0,0,60,0,60,0,2,89,0,91,78,0,78,169
11/22/2009,FTY,GA,ASO,ES,Federal Contract Tower,0,13,37,0,50,0,0,0,0,0,0,13,37,0,50,0,0,0,50
11/23/2009,FTY,GA,ASO,ES,Federal Contract Tower,0,14,85,1,100,0,0,2,0,2,0,14,87,1,102,0,0,0,102
11/24/2009,FTY,GA,ASO,ES,Federal Contract Tower,0,24,90,2,116,0,0,25,0,25,0,24,115,2,141,80,0,80,221
11/25/2009,FTY,GA,ASO,ES,Federal Contract Tower,0,19,50,0,69,0,1,39,0,40,0,20,89,0,109,78,0,78,187
11/26/2009,FTY,GA,ASO,ES,Federal Contract Tower,0,3,11,0,14,0,0,16,0,16,0,3,27,0,30,4,0,4,34
11/27/2009,FTY,GA,ASO,ES,Federal Contract Tower,0,8,15,0,23,0,0,39,0,39,0,8,54,0,62,66,0,66,128
11/28/2009,FTY,GA,ASO,ES,Federal Contract Tower,0,1,37,0,38,0,1,85,0,86,0,2,122,0,124,132,0,132,256
11/29/2009,FTY,GA,ASO,ES,Federal Contract Tower,0,15,57,0,72,0,0,67,0,67,0,15,124,0,139,108,0,108,247
11/30/2009,FTY,GA,ASO,ES,Federal Contract Tower,0,18,103,0,121,0,0,1,0,1,0,18,104,0,122,0,0,0,122
12/01/2009,FTY,GA,ASO,ES,Federal Contract Tower,0,32,110,7,149,0,0,59,0,59,0,32,169,7,208,58,24,82,290
12/02/2009,FTY,GA,ASO,ES,Federal Contract Tower,0,43,102,4,149,0,0,0,0,0,0,43,102,4,149,0,0,0,149
12/03/2009,FTY,GA,ASO,ES,Federal Contract Tower,0,43,142,0,185,0,0,27,0,27,0,43,169,0,212,68,0,68,280
12/04/2009,FTY,GA,ASO,ES,Federal Contract Tower,0,43,214,2,259,0,0,76,0,76,0,43,290,2,335,98,0,98,433
12/05/2009,FTY,GA,ASO,ES,Federal Contract Tower,0,49,160,0,209,0,0,21,0,21,0,49,181,0,230,54,0,54,284
12/06/2009,FTY,GA,ASO,ES,Federal Contract Tower,0,37,148,0,185,0,0,57,0,57,0,37,205,0,242,52,0,52,294
12/07/2009,FTY,GA,ASO,ES,Federal Contract Tower,0,41,113,4,158,0,0,43,0,43,0,41,156,4,201,76,0,76,277
12/08/2009,FTY,GA,ASO,ES,Federal Contract Tower,0,50,139,2,191,0,0,2,0,2,0,50,141,2,193,6,0,6,199
12/09/2009,FTY,GA,ASO,ES,Federal Contract Tower,0,40,135,0,175,0,0,11,1,12,0,40,146,1,187,4,0,4,191
12/10/2009,FTY,GA,ASO,ES,Federal Contract Tower,0,32,166,0,198,0,0,55,3,58,0,32,221,3,256,50,0,50,306
12/11/2009,FTY,GA,ASO,ES,Federal Contract Tower,0,25,113,2,140,0,2,67,2,71,0,27,180,4,211,10,28,38,249
12/12/2009,FTY,GA,ASO,ES,Federal Contract Tower,0,14,42,0,56,0,0,8,0,8,0,14,50,0,64,26,0,26,90
12/13/2009,FTY,GA,ASO,ES,Federal Contract Tower,0,15,93,0,108,0,0,0,0,0,0,15,93,0,108,0,0,0,108
12/14/2009,FTY,GA,ASO,ES,Federal Contract Tower,0,33,137,5,175,0,0,0,0,0,0,33,137,5,175,0,0,0,175
12/15/2009,FTY,GA,ASO,ES,Federal Contract Tower,0,37,181,1,219,0,0,2,0,2,0,37,183,1,221,2,0,2,223
12/16/2009,FTY,GA,ASO,ES,Federal Contract Tower,0,36,169,3,208,1,64,3,0,68,1,100,172,3,276,96,0,96,372
12/17/2009,FTY,GA,ASO,ES,Federal Contract Tower,0,30,144,19,193,0,0,56,0,56,0,30,200,19,249,54,0,54,303
12/18/2009,FTY,GA,ASO,ES,Federal Contract Tower,0,29,95,0,124,0,0,0,0,0,0,29,95,0,124,0,0,0,124
12/19/2009,FTY,GA,ASO,ES,Federal Contract Tower,0,21,45,0,66,0,0,10,0,10,0,21,55,0,76,64,0,64,140
12/20/2009,FTY,GA,ASO,ES,Federal Contract Tower,0,31,35,0,66,0,0,54,0,54,0,31,89,0,120,64,0,64,184
12/21/2009,FTY,GA,ASO,ES,Federal Contract Tower,0,36,89,0,125,0,0,63,0,63,0,36,152,0,188,82,0,82,270
12/22/2009,FTY,GA,ASO,ES,Federal Contract Tower,0,18,53,2,73,0,0,60,0,60,0,18,113,2,133,88,0,88,221
12/23/2009,FTY,GA,ASO,ES,Federal Contract Tower,0,11,58,0,69,0,0,43,0,43,0,11,101,0,112,70,0,70,182
12/24/2009,FTY,GA,ASO,ES,Federal Contract Tower,0,6,18,0,24,0,0,3,0,3,0,6,21,0,27,0,0,0,27
12/25/2009,FTY,GA,ASO,ES,Federal Contract Tower,0,4,14,0,18,0,0,0,0,0,0,4,14,0,18,2,0,2,20
12/26/2009,FTY,GA,ASO,ES,Federal Contract Tower,0,6,23,0,29,0,0,29,0,29,0,6,52,0,58,46,0,46,104
12/27/2009,FTY,GA,ASO,ES,Federal Contract Tower,0,9,23,0,32,0,0,33,0,33,0,9,56,0,65,44,0,44,109
12/28/2009,FTY,GA,ASO,ES,Federal Contract Tower,0,16,18,0,34,0,0,26,0,26,0,16,44,0,60,28,0,28,88
12/29/2009,FTY,GA,ASO,ES,Federal Contract Tower,0,14,42,0,56,0,0,72,0,72,0,14,114,0,128,108,0,108,236
12/30/2009,FTY,GA,ASO,ES,Federal Contract Tower,0,9,31,2,42,0,0,50,1,51,0,9,81,3,93,54,26,80,173
12/31/2009,FTY,GA,ASO,ES,Federal Contract Tower,0,6,25,0,31,0,0,0,0,0,0,6,25,0,31,0,0,0,31
01/01/2010,FTY,GA,ASO,ES,Federal Contract Tower,0,4,16,0,20,0,0,4,0,4,0,4,20,0,24,2,0,2,26
01/02/2010,FTY,GA,ASO,ES,Federal Contract Tower,0,5,38,0,43,0,0,26,0,26,0,5,64,0,69,54,0,54,123
01/03/2010,FTY,GA,ASO,ES,Federal Contract Tower,0,12,44,0,56,0,0,17,0,17,0,12,61,0,73,18,0,18,91
01/04/2010,FTY,GA,ASO,ES,Federal Contract Tower,0,9,53,0,62,0,0,42,0,42,0,9,95,0,104,12,0,12,116
01/05/2010,FTY,GA,ASO,ES,Federal Contract Tower,0,12,39,1,52,0,0,32,0,32,0,12,71,1,84,20,0,20,104
01/06/2010,FTY,GA,ASO,ES,Federal Contract Tower,0,17,54,2,73,0,0,45,0,45,0,17,99,2,118,28,0,28,146
01/07/2010,FTY,GA,ASO,ES,Federal Contract Tower,0,8,62,2,72,0,0,21,0,21,0,8,83,2,93,20,6,26,119
01/08/2010,FTY,GA,ASO,ES,Federal Contract Tower,0,17,39,1,57,0,0,9,0,9,0,17,48,1,66,0,0,0,66
01/09/2010,FTY,GA,ASO,ES,Federal Contract Tower,0,4,23,1,28,0,2,24,0,26,0,6,47,1,54,52,0,52,106
01/10/2010,FTY,GA,ASO,ES,Federal Contract Tower,0,11,21,0,32,0,0,20,0,20,0,11,41,0,52,34,0,34,86
01/11/2010,FTY,GA,ASO,ES,Federal Contract Tower,0,19,64,1,84,0,2,44,1,47,0,21,108,2,131,48,0,48,179
01/12/2010,FTY,GA,ASO,ES,Federal Contract Tower,0,15,75,8,98,0,0,32,0,32,0,15,107,8,130,38,0,38,168
01/13/2010,FTY,GA,ASO,ES,Federal Contract Tower,0,19,74,2,95,0,1,55,0,56,0,20,129,2,151,100,0,100,251
01/14/2010,FTY,GA,ASO,ES,Federal Contract Tower,0,23,88,2,113,0,0,52,0,52,0,23,140,2,165,80,0,80,245
01/15/2010,FTY,GA,ASO,ES,Federal Contract Tower,0,12,81,2,95,0,0,55,0,55,0,12,136,2,150,68,0,68,218
01/16/2010,FTY,GA,ASO,ES,Federal Contract Tower,0,2,37,2,41,0,0,7,0,7,0,2,44,2,48,10,0,10,58
01/17/2010,FTY,GA,ASO,ES,Federal Contract Tower,0,10,32,2,44,0,0,5,0,5,0,10,37,2,49,30,0,30,79
01/18/2010,FTY,GA,ASO,ES,Federal Contract Tower,0,7,45,0,52,0,0,73,0,73,0,7,118,0,125,156,0,156,281
01/19/2010,FTY,GA,ASO,ES,Federal Contract Tower,0,19,67,2,88,0,0,63,0,63,0,19,130,2,151,60,0,60,211
01/20/2010,FTY,GA,ASO,ES,Federal Contract Tower,0,18,75,0,93,0,0,38,0,38,0,18,113,0,131,78,0,78,209
01/21/2010,FTY,GA,ASO,ES,Federal Contract Tower,0,25,57,2,84,0,0,0,0,0,0,25,57,2,84,0,0,0,84
01/22/2010,FTY,GA,ASO,ES,Federal Contract Tower,0,10,69,0,79,0,1,6,0,7,0,11,75,0,86,30,0,30,116
01/23/2010,FTY,GA,ASO,ES,Federal Contract Tower,0,2,48,0,50,0,0,0,0,0,0,2,48,0,50,0,0,0,50
01/24/2010,FTY,GA,ASO,ES,Federal Contract Tower,0,6,39,0,45,0,0,0,0,0,0,6,39,0,45,0,0,0,45
01/25/2010,FTY,GA,ASO,ES,Federal Contract Tower,0,12,73,2,87,0,0,35,0,35,0,12,108,2,122,30,0,30,152
01/26/2010,FTY,GA,ASO,ES,Federal Contract Tower,0,17,111,0,128,0,0,37,0,37,0,17,148,0,165,54,0,54,219
01/27/2010,FTY,GA,ASO,ES,Federal Contract Tower,0,17,77,6,100,0,0,72,0,72,0,17,149,6,172,106,0,106,278
01/28/2010,FTY,GA,ASO,ES,Federal Contract Tower,0,22,94,6,122,0,0,68,2,70,0,22,162,8,192,102,0,102,294
01/29/2010,FTY,GA,ASO,ES,Federal Contract Tower,0,22,92,0,114,0,0,36,0,36,0,22,128,0,150,6,0,6,156
01/30/2010,FTY,GA,ASO,ES,Federal Contract Tower,0,4,15,2,21,0,0,0,0,0,0,4,15,2,21,0,0,0,21
01/31/2010,FTY,GA,ASO,ES,Federal Contract Tower,0,8,26,1,35,0,0,53,0,53,0,8,79,1,88,58,0,58,146
02/01/2010,FTY,GA,ASO,ES,Federal Contract Tower,0,15,60,2,77,0,0,47,0,47,0,15,107,2,124,94,0,94,218
02/02/2010,FTY,GA,ASO,ES,Federal Contract Tower,0,14,77,2,93,0,0,3,0,3,0,14,80,2,96,14,0,14,110
02/03/2010,FTY,GA,ASO,ES,Federal Contract Tower,0,17,85,7,109,0,0,69,0,69,0,17,154,7,178,126,0,126,304
02/04/2010,FTY,GA,ASO,ES,Federal Contract Tower,0,16,99,0,115,0,0,8,0,8,0,16,107,0,123,2,0,2,125
02/05/2010,FTY,GA,ASO,ES,Federal Contract Tower,0,15,58,0,73,0,0,0,0,0,0,15,58,0,73,0,0,0,73
02/06/2010,FTY,GA,ASO,ES,Federal Contract Tower,0,3,38,2,43,0,0,2,0,2,0,3,40,2,45,0,0,0,45
02/07/2010,FTY,GA,ASO,ES,Federal Contract Tower,0,8,28,0,36,0,0,36,0,36,0,8,64,0,72,90,0,90,162
02/08/2010,FTY,GA,ASO,ES,Federal Contract Tower,0,13,40,1,54,0,2,78,0,80,0,15,118,1,134,140,0,140,274
02/09/2010,FTY,GA,ASO,ES,Federal Contract Tower,0,17,74,2,93,0,0,9,0,9,0,17,83,2,102,14,0,14,116
02/10/2010,FTY,GA,ASO,ES,Federal Contract Tower,0,17,54,1,72,0,0,11,0,11,0,17,65,1,83,24,0,24,107
02/11/2010,FTY,GA,ASO,ES,Federal Contract Tower,0,16,89,1,106,0,0,54,0,54,0,16,143,1,160,22,0,22,182
02/12/2010,FTY,GA,ASO,ES,Federal Contract Tower,0,8,55,1,64,0,0,5,0,5,0,8,60,1,69,0,0,0,69
02/13/2010,FTY,GA,ASO,ES,Federal Contract Tower,0,4,36,0,40,0,0,25,0,25,0,4,61,0,65,44,0,44,109
02/14/2010,FTY,GA,ASO,ES,Federal Contract Tower,0,11,26,0,37,0,2,32,0,34,0,13,58,0,71,92,0,92,163
02/15/2010,FTY,GA,ASO,ES,Federal Contract Tower,0,6,59,0,65,0,0,32,0,32,0,6,91,0,97,18,0,18,115
02/16/2010,FTY,GA,ASO,ES,Federal Contract Tower,0,12,49,2,63,0,0,38,0,38,0,12,87,2,101,68,0,68,169
02/17/2010,FTY,GA,ASO,ES,Federal Contract Tower,0,17,71,2,90,0,0,52,0,52,0,17,123,2,142,48,0,48,190
02/18/2010,FTY,GA,ASO,ES,Federal Contract Tower,0,18,73,0,91,0,0,52,0,52,0,18,125,0,143,26,0,26,169
02/19/2010,FTY,GA,ASO,ES,Federal Contract Tower,0,17,59,2,78,0,0,72,0,72,0,17,131,2,150,134,0,134,284
02/20/2010,FTY,GA,ASO,ES,Federal Contract Tower,0,2,44,0,46,0,0,61,0,61,0,2,105,0,107,138,0,138,245
02/21/2010,FTY,GA,ASO,ES,Federal Contract Tower,0,13,42,0,55,0,0,60,0,60,0,13,102,0,115,84,0,84,199
02/22/2010,FTY,GA,ASO,ES,Federal Contract Tower,0,9,67,4,80,0,0,5,0,5,0,9,72,4,85,22,0,22,107
02/23/2010,FTY,GA,ASO,ES,Federal Contract Tower,0,13,93,5,111,0,0,36,2,38,0,13,129,7,149,156,2,158,307
02/24/2010,FTY,GA,ASO,ES,Federal Contract Tower,0,20,88,0,108,0,0,36,0,36,0,20,124,0,144,70,0,70,214
02/25/2010,FTY,GA,ASO,ES,Federal Contract Tower,0,16,95,0,111,0,2,36,0,38,0,18,131,0,149,66,0,66,215
02/26/2010,FTY,GA,ASO,ES,Federal Contract Tower,0,14,52,1,67,0,0,71,0,71,0,14,123,1,138,154,0,154,292
02/27/2010,FTY,GA,ASO,ES,Federal Contract Tower,0,2,27,0,29,0,0,107,0,107,0,2,134,0,136,98,0,98,234
02/28/2010,FTY,GA,ASO,ES,Federal Contract Tower,0,7,65,0,72,0,0,59,0,59,0,7,124,0,131,34,0,34,165
03/01/2010,FTY,GA,ASO,ES,Federal Contract Tower,0,9,67,2,78,0,0,63,0,63,0,9,130,2,141,84,0,84,225
03/02/2010,FTY,GA,ASO,ES,Federal Contract Tower,0,15,54,0,69,0,0,0,0,0,0,15,54,0,69,0,0,0,69
03/03/2010,FTY,GA,ASO,ES,Federal Contract Tower,0,14,81,0,95,0,0,18,2,20,0,14,99,2,115,24,0,24,139
03/04/2010,FTY,GA,ASO,ES,Federal Contract Tower,0,13,92,3,108,0,2,70,2,74,0,15,162,5,182,12,0,12,194
03/05/2010,FTY,GA,ASO,ES,Federal Contract Tower,0,14,76,0,90,0,0,64,0,64,0,14,140,0,154,114,0,114,268
03/06/2010,FTY,GA,ASO,ES,Federal Contract Tower,0,5,31,0,36,0,1,81,0,82,0,6,112,0,118,170,0,170,288
03/07/2010,FTY,GA,ASO,ES,Federal Contract Tower,0,10,46,0,56,0,0,85,0,85,0,10,131,0,141,78,10,88,229
03/08/2010,FTY,GA,ASO,ES,Federal Contract Tower,0,9,56,4,69,0,2,57,0,59,0,11,113,4,128,148,0,148,276
03/09/2010,FTY,GA,ASO,ES,Federal Contract Tower,0,8,62,0,70,0,0,47,0,47,0,8,109,0,117,78,0,78,195
03/10/2010,FTY,GA,ASO,ES,Federal Contract Tower,0,15,32,0,47,0,0,1,0,1,0,15,33,0,48,0,0,0,48
03/11/2010,FTY,GA,ASO,ES,Federal Contract Tower,0,17,76,2,95,0,0,0,0,0,0,17,76,2,95,0,0,0,95
03/12/2010,FTY,GA,ASO,ES,Federal Contract Tower,0,16,63,4,83,0,0,1,0,1,0,16,64,4,84,0,0,0,84
03/13/2010,FTY,GA,ASO,ES,Federal Contract Tower,0,10,39,0,49,0,0,32,0,32,0,10,71,0,81,52,0,52,133
03/14/2010,FTY,GA,ASO,ES,Federal Contract Tower,0,22,36,0,58,0,0,16,0,16,0,22,52,0,74,56,0,56,130
03/15/2010,FTY,GA,ASO,ES,Federal Contract Tower,0,16,48,1,65,0,0,42,0,42,0,16,90,1,107,26,0,26,133
03/16/2010,FTY,GA,ASO,ES,Federal Contract Tower,0,17,74,4,95,0,0,44,0,44,0,17,118,4,139,36,0,36,175
03/17/2010,FTY,GA,ASO,ES,Federal Contract Tower,0,15,60,4,79,0,0,9,0,9,0,15,69,4,88,20,0,20,108
03/18/2010,FTY,GA,ASO,ES,Federal Contract Tower,0,9,82,2,93,0,0,30,0,30,0,9,112,2,123,86,0,86,209
03/19/2010,FTY,GA,ASO,ES,Federal Contract Tower,0,11,68,4,83,0,2,87,0,89,0,13,155,4,172,196,0,196,368
03/20/2010,FTY,GA,ASO,ES,Federal Contract Tower,0,4,34,0,38,0,0,84,0,84,0,4,118,0,122,160,0,160,282
03/21/2010,FTY,GA,ASO,ES,Federal Contract Tower,0,9,25,1,35,0,0,7,0,7,0,9,32,1,42,0,0,0,42
03/22/2010,FTY,GA,ASO,ES,Federal Contract Tower,0,10,46,1,57,0,0,19,0,19,0,10,65,1,76,48,0,48,124
03/23/2010,FTY,GA,ASO,ES,Federal Contract Tower,0,16,72,2,90,0,0,38,0,38,0,16,110,2,128,116,0,116,244
03/24/2010,FTY,GA,ASO,ES,Federal Contract Tower,0,15,74,0,89,0,0,40,0,40,0,15,114,0,129,210,0,210,339
03/25/2010,FTY,GA,ASO,ES,Federal Contract Tower,0,15,72,0,87,0,0,41,0,41,0,15,113,0,128,30,0,30,158
03/26/2010,FTY,GA,ASO,ES,Federal Contract Tower,0,12,63,0,75,0,0,21,0,21,0,12,84,0,96,42,0,42,138
03/27/2010,FTY,GA,ASO,ES,Federal Contract Tower,0,0,30,0,30,0,0,37,0,37,0,0,67,0,67,168,0,168,235
03/28/2010,FTY,GA,ASO,ES,Federal Contract Tower,0,9,31,0,40,0,0,5,0,5,0,9,36,0,45,0,0,0,45
03/29/2010,FTY,GA,ASO,ES,Federal Contract Tower,0,10,69,4,83,0,0,21,0,21,0,10,90,4,104,82,0,82,186
03/30/2010,FTY,GA,ASO,ES,Federal Contract Tower,0,10,59,0,69,0,1,48,0,49,0,11,107,0,118,70,0,70,188
03/31/2010,FTY,GA,ASO,ES,Federal Contract Tower,0,22,80,6,108,0,0,66,0,66,0,22,146,6,174,66,0,66,240
04/01/2010,FTY,GA,ASO,ES,Federal Contract Tower,0,12,98,0,110,0,0,73,0,73,0,12,171,0,183,176,0,176,359
04/02/2010,FTY,GA,ASO,ES,Federal Contract Tower,0,7,65,0,72,0,0,72,0,72,0,7,137,0,144,140,0,140,284
04/03/2010,FTY,GA,ASO,ES,Federal Contract Tower,0,5,14,1,20,0,0,47,0,47,0,5,61,1,67,166,0,166,233
04/04/2010,FTY,GA,ASO,ES,Federal Contract Tower,0,5,23,0,28,0,0,33,0,33,0,5,56,0,61,58,0,58,119
04/05/2010,FTY,GA,ASO,ES,Federal Contract Tower,0,12,75,1,88,0,0,31,1,32,0,12,106,2,120,42,0,42,162
04/06/2010,FTY,GA,ASO,ES,Federal Contract Tower,0,13,67,0,80,0,0,65,0,65,0,13,132,0,145,72,0,72,217
04/07/2010,FTY,GA,ASO,ES,Federal Contract Tower,0,14,70,1,85,0,0,73,0,73,0,14,143,1,158,98,0,98,256
04/08/2010,FTY,GA,ASO,ES,Federal Contract Tower,0,15,52,3,70,0,0,3,1,4,0,15,55,4,74,30,0,30,104
04/09/2010,FTY,GA,ASO,ES,Federal Contract Tower,0,9,57,0,66,0,0,51,0,51,0,9,108,0,117,116,0,116,233
04/10/2010,FTY,GA,ASO,ES,Federal Contract Tower,0,3,32,2,37,0,0,58,0,58,0,3,90,2,95,146,0,146,241
04/11/2010,FTY,GA,ASO,ES,Federal Contract Tower,0,5,52,1,58,0,0,52,1,53,0,5,104,2,111,170,0,170,281
04/12/2010,FTY,GA,ASO,ES,Federal Contract Tower,0,10,75,1,86,0,0,40,4,44,0,10,115,5,130,122,0,122,252
04/13/2010,FTY,GA,ASO,ES,Federal Contract Tower,0,21,81,2,104,0,0,0,0,0,0,21,81,2,104,106,0,106,210
04/14/2010,FTY,GA,ASO,ES,Federal Contract Tower,0,16,108,2,126,0,2,54,0,56,0,18,162,2,182,158,0,158,340
04/15/2010,FTY,GA,ASO,ES,Federal Contract Tower,0,13,110,0,123,0,0,54,0,54,0,13,164,0,177,134,0,134,311
04/16/2010,FTY,GA,ASO,ES,Federal Contract Tower,0,14,62,0,76,0,0,50,0,50,0,14,112,0,126,66,0,66,192
04/17/2010,FTY,GA,ASO,ES,Federal Contract Tower,0,2,24,0,26,0,0,53,0,53,0,2,77,0,79,88,0,88,167
04/18/2010,FTY,GA,ASO,ES,Federal Contract Tower,0,9,59,1,69,0,0,58,0,58,0,9,117,1,127,164,0,164,291
04/19/2010,FTY,GA,ASO,ES,Federal Contract Tower,0,18,40,6,64,0,0,65,0,65,0,18,105,6,129,194,0,194,323
04/20/2010,FTY,GA,ASO,ES,Federal Contract Tower,0,15,77,5,97,0,1,23,0,24,0,16,100,5,121,54,0,54,175
04/21/2010,FTY,GA,ASO,ES,Federal Contract Tower,0,16,82,6,104,0,0,63,0,63,0,16,145,6,167,204,0,204,371
04/22/2010,FTY,GA,ASO,ES,Federal Contract Tower,0,11,82,0,93,0,0,81,0,81,0,11,163,0,174,138,0,138,312
04/23/2010,FTY,GA,ASO,ES,Federal Contract Tower,0,14,70,2,86,0,1,65,0,66,0,15,135,2,152,154,0,154,306
04/24/2010,FTY,GA,ASO,ES,Federal Contract Tower,0,1,20,8,29,0,0,5,0,5,0,1,25,8,34,30,0,30,64
04/25/2010,FTY,GA,ASO,ES,Federal Contract Tower,0,9,50,2,61,0,1,36,0,37,0,10,86,2,98,130,0,130,228
04/26/2010,FTY,GA,ASO,ES,Federal Contract Tower,0,12,62,4,78,0,0,39,0,39,0,12,101,4,117,154,0,154,271
04/27/2010,FTY,GA,ASO,ES,Federal Contract Tower,0,15,93,0,108,0,0,33,0,33,0,15,126,0,141,54,0,54,195
04/28/2010,FTY,GA,ASO,ES,Federal Contract Tower,0,15,93,0,108,0,0,80,0,80,0,15,173,0,188,206,0,206,394
04/29/2010,FTY,GA,ASO,ES,Federal Contract Tower,0,15,75,2,92,0,0,65,0,65,0,15,140,2,157,142,0,142,299
04/30/2010,FTY,GA,ASO,ES,Federal Contract Tower,0,19,65,2,86,0,0,54,0,54,0,19,119,2,140,140,0,140,280
05/01/2010,FTY,GA,ASO,ES,Federal Contract Tower,0,6,40,0,46,0,0,9,0,9,0,6,49,0,55,44,0,44,99
05/02/2010,FTY,GA,ASO,ES,Federal Contract Tower,0,8,41,2,51,0,0,7,0,7,0,8,48,2,58,22,0,22,80
05/03/2010,FTY,GA,ASO,ES,Federal Contract Tower,0,9,55,2,66,0,0,3,0,3,0,9,58,2,69,12,0,12,81
05/04/2010,FTY,GA,ASO,ES,Federal Contract Tower,0,15,77,1,93,0,0,57,0,57,0,15,134,1,150,158,0,158,308
05/05/2010,FTY,GA,ASO,ES,Federal Contract Tower,0,17,72,1,90,0,0,55,0,55,0,17,127,1,145,58,0,58,203
05/06/2010,FTY,GA,ASO,ES,Federal Contract Tower,0,14,87,4,105,0,2,67,0,69,0,16,154,4,174,126,0,126,300
05/07/2010,FTY,GA,ASO,ES,Federal Contract Tower,0,11,74,3,88,0,0,41,0,41,0,11,115,3,129,48,0,48,177
05/08/2010,FTY,GA,ASO,ES,Federal Contract Tower,0,3,37,0,40,0,0,29,0,29,0,3,66,0,69,26,0,26,95
05/09/2010,FTY,GA,ASO,ES,Federal Contract Tower,0,10,35,0,45,0,0,28,0,28,0,10,63,0,73,54,0,54,127
05/10/2010,FTY,GA,ASO,ES,Federal Contract Tower,0,16,69,2,87,0,0,27,0,27,0,16,96,2,114,92,0,92,206
05/11/2010,FTY,GA,ASO,ES,Federal Contract Tower,0,16,79,2,97,0,0,31,0,31,0,16,110,2,128,110,0,110,238
05/12/2010,FTY,GA,ASO,ES,Federal Contract Tower,0,15,62,1,78,0,0,51,1,52,0,15,113,2,130,170,0,170,300
05/13/2010,FTY,GA,ASO,ES,Federal Contract Tower,0,18,83,0,101,0,0,56,0,56,0,18,139,0,157,122,0,122,279
05/14/2010,FTY,GA,ASO,ES,Federal Contract Tower,0,15,61,1,77,0,0,26,0,26,0,15,87,1,103,164,0,164,267
05/15/2010,FTY,GA,ASO,ES,Federal Contract Tower,0,2,30,0,32,0,0,19,0,19,0,2,49,0,51,90,0,90,141
05/16/2010,FTY,GA,ASO,ES,Federal Contract Tower,0,9,45,0,54,0,0,40,0,40,0,9,85,0,94,22,0,22,116
05/17/2010,FTY,GA,ASO,ES,Federal Contract Tower,0,11,54,0,65,0,0,17,2,19,0,11,71,2,84,70,6,76,160
05/18/2010,FTY,GA,ASO,ES,Federal Contract Tower,0,15,57,3,75,0,1,57,0,58,0,16,114,3,133,122,0,122,255
05/19/2010,FTY,GA,ASO,ES,Federal Contract Tower,0,13,65,7,85,0,0,45,0,45,0,13,110,7,130,102,0,102,232
05/20/2010,FTY,GA,ASO,ES,Federal Contract Tower,0,15,79,2,96,0,0,46,0,46,0,15,125,2,142,152,0,152,294
05/21/2010,FTY,GA,ASO,ES,Federal Contract Tower,0,13,59,2,74,4,0,0,0,4,4,13,59,2,78,17,0,17,95
05/22/2010,FTY,GA,ASO,ES,Federal Contract Tower,0,6,20,4,30,0,0,13,0,13,0,6,33,4,43,44,0,44,87
05/23/2010,FTY,GA,ASO,ES,Federal Contract Tower,0,8,28,4,40,0,0,36,0,36,0,8,64,4,76,48,0,48,124
05/24/2010,FTY,GA,ASO,ES,Federal Contract Tower,0,23,49,0,72,0,0,44,0,44,0,23,93,0,116,34,0,34,150
05/25/2010,FTY,GA,ASO,ES,Federal Contract Tower,0,15,79,2,96,0,2,36,0,38,0,17,115,2,134,50,0,50,184
05/26/2010,FTY,GA,ASO,ES,Federal Contract Tower,0,18,75,2,95,0,0,53,0,53,0,18,128,2,148,230,0,230,378
05/27/2010,FTY,GA,ASO,ES,Federal Contract Tower,0,22,68,0,90,0,0,67,0,67,0,22,135,0,157,106,0,106,263
05/28/2010,FTY,GA,ASO,ES,Federal Contract Tower,0,12,69,0,81,0,2,34,0,36,0,14,103,0,117,52,0,52,169
05/29/2010,FTY,GA,ASO,ES,Federal Contract Tower,0,1,31,0,32,0,0,13,0,13,0,1,44,0,45,46,0,46,91
05/30/2010,FTY,GA,ASO,ES,Federal Contract Tower,0,5,15,0,20,0,0,15,0,15,0,5,30,0,35,60,0,60,95
05/31/2010,FTY,GA,ASO,ES,Federal Contract Tower,0,7,45,0,52,0,0,12,0,12,0,7,57,0,64,14,0,14,78
06/01/2010,FTY,GA,ASO,ES,Federal Contract Tower,0,15,49,6,70,0,0,16,0,16,0,15,65,6,86,52,0,52,138
06/02/2010,FTY,GA,ASO,ES,Federal Contract Tower,0,17,83,8,108,0,0,14,0,14,0,17,97,8,122,48,0,48,170
06/03/2010,FTY,GA,ASO,ES,Federal Contract Tower,0,11,74,11,96,0,0,39,0,39,0,11,113,11,135,84,0,84,219
06/04/2010,FTY,GA,ASO,ES,Federal Contract Tower,0,10,74,0,84,0,0,27,0,27,0,10,101,0,111,126,0,126,237
06/05/2010,FTY,GA,ASO,ES,Federal Contract Tower,0,7,43,0,50,0,1,25,0,26,0,8,68,0,76,10,0,10,86
06/06/2010,FTY,GA,ASO,ES,Federal Contract Tower,0,13,40,0,53,0,0,19,0,19,0,13,59,0,72,54,0,54,126
06/07/2010,FTY,GA,ASO,ES,Federal Contract Tower,0,6,63,2,71,0,0,65,0,65,0,6,128,2,136,70,0,70,206
06/08/2010,FTY,GA,ASO,ES,Federal Contract Tower,0,8,58,1,67,0,0,65,0,65,0,8,123,1,132,132,0,132,264
06/09/2010,FTY,GA,ASO,ES,Federal Contract Tower,0,14,78,1,93,0,0,60,0,60,0,14,138,1,153,160,0,160,313
06/10/2010,FTY,GA,ASO,ES,Federal Contract Tower,0,11,86,2,99,0,0,0,0,0,0,11,86,2,99,140,0,140,239
06/11/2010,FTY,GA,ASO,ES,Federal Contract Tower,0,5,84,0,89,0,0,37,0,37,0,5,121,0,126,10,0,10,136
06/12/2010,FTY,GA,ASO,ES,Federal Contract Tower,0,3,31,0,34,0,0,27,0,27,0,3,58,0,61,14,0,14,75
06/13/2010,FTY,GA,ASO,ES,Federal Contract Tower,0,7,47,0,54,0,0,20,0,20,0,7,67,0,74,68,0,68,142
06/14/2010,FTY,GA,ASO,ES,Federal Contract Tower,0,12,67,1,80,0,0,48,0,48,0,12,115,1,128,144,0,144,272
06/15/2010,FTY,GA,ASO,ES,Federal Contract Tower,0,15,67,1,83,0,0,42,0,42,0,15,109,1,125,72,0,72,197
06/16/2010,FTY,GA,ASO,ES,Federal Contract Tower,0,21,66,3,90,0,0,29,0,29,0,21,95,3,119,44,0,44,163
06/17/2010,FTY,GA,ASO,ES,Federal Contract Tower,0,15,86,1,102,0,0,52,0,52,0,15,138,1,154,90,0,90,244
06/18/2010,FTY,GA,ASO,ES,Federal Contract Tower,0,11,45,4,60,0,0,44,0,44,0,11,89,4,104,126,0,126,230
06/19/2010,FTY,GA,ASO,ES,Federal Contract Tower,0,0,17,0,17,0,0,57,0,57,0,0,74,0,74,124,0,124,198
06/20/2010,FTY,GA,ASO,ES,Federal Contract Tower,0,2,32,0,34,0,0,34,0,34,0,2,66,0,68,24,0,24,92
06/21/2010,FTY,GA,ASO,ES,Federal Contract Tower,0,9,65,0,74,0,0,65,1,66,0,9,130,1,140,116,0,116,256
06/22/2010,FTY,GA,ASO,ES,Federal Contract Tower,0,9,73,3,85,0,51,0,0,51,0,60,73,3,136,54,0,54,190
06/23/2010,FTY,GA,ASO,ES,Federal Contract Tower,0,16,77,7,100,0,0,54,0,54,0,16,131,7,154,130,0,130,284
06/24/2010,FTY,GA,ASO,ES,Federal Contract Tower,0,18,88,3,109,0,0,76,0,76,0,18,164,3,185,110,0,110,295
06/25/2010,FTY,GA,ASO,ES,Federal Contract Tower,0,10,55,0,65,0,0,68,0,68,0,10,123,0,133,88,0,88,221
06/26/2010,FTY,GA,ASO,ES,Federal Contract Tower,0,4,25,0,29,0,0,45,0,45,0,4,70,0,74,176,0,176,250
06/27/2010,FTY,GA,ASO,ES,Federal Contract Tower,0,14,38,0,52,0,0,44,0,44,0,14,82,0,96,108,0,108,204
06/28/2010,FTY,GA,ASO,ES,Federal Contract Tower,0,15,75,2,92,0,0,36,0,36,0,15,111,2,128,96,0,96,224
06/29/2010,FTY,GA,ASO,ES,Federal Contract Tower,0,14,72,2,88,0,0,61,0,61,0,14,133,2,149,158,0,158,307
06/30/2010,FTY,GA,ASO,ES,Federal Contract Tower,0,9,80,0,89,0,0,38,0,38,0,9,118,0,127,52,0,52,179
07/01/2010,FTY,GA,ASO,ES,Federal Contract Tower,0,17,91,3,111,0,0,53,0,53,0,17,144,3,164,140,0,140,304
07/02/2010,FTY,GA,ASO,ES,Federal Contract Tower,0,15,68,0,83,0,0,17,0,17,0,15,85,0,100,110,0,110,210
07/03/2010,FTY,GA,ASO,ES,Federal Contract Tower,0,1,26,0,27,0,0,49,0,49,0,1,75,0,76,72,0,72,148
07/04/2010,FTY,GA,ASO,ES,Federal Contract Tower,0,2,13,0,15,0,0,39,0,39,0,2,52,0,54,34,0,34,88
07/05/2010,FTY,GA,ASO,ES,Federal Contract Tower,0,6,33,0,39,0,0,43,0,43,0,6,76,0,82,100,0,100,182
07/06/2010,FTY,GA,ASO,ES,Federal Contract Tower,0,17,47,0,64,0,0,41,0,41,0,17,88,0,105,68,0,68,173
07/07/2010,FTY,GA,ASO,ES,Federal Contract Tower,0,9,71,4,84,0,0,32,0,32,0,9,103,4,116,78,0,78,194
07/08/2010,FTY,GA,ASO,ES,Federal Contract Tower,0,9,64,4,77,0,0,0,0,0,0,9,64,4,77,78,0,78,155
07/09/2010,FTY,GA,ASO,ES,Federal Contract Tower,0,7,52,4,63,0,0,19,0,19,0,7,71,4,82,110,0,110,192
07/10/2010,FTY,GA,ASO,ES,Federal Contract Tower,0,8,17,0,25,0,0,45,0,45,0,8,62,0,70,162,0,162,232
07/11/2010,FTY,GA,ASO,ES,Federal Contract Tower,0,9,30,0,39,0,0,40,0,40,0,9,70,0,79,58,0,58,137
07/12/2010,FTY,GA,ASO,ES,Federal Contract Tower,0,14,65,2,81,0,0,29,0,29,0,14,94,2,110,94,0,94,204
07/13/2010,FTY,GA,ASO,ES,Federal Contract Tower,0,15,53,1,69,0,0,30,0,30,0,15,83,1,99,84,0,84,183
07/14/2010,FTY,GA,ASO,ES,Federal Contract Tower,0,17,72,4,93,0,0,93,0,93,0,17,165,4,186,52,0,52,238
07/15/2010,FTY,GA,ASO,ES,Federal Contract Tower,0,17,80,3,100,0,0,65,0,65,0,17,145,3,165,114,0,114,279
07/16/2010,FTY,GA,ASO,ES,Federal Contract Tower,0,14,56,2,72,0,1,26,0,27,0,15,82,2,99,54,0,54,153
07/17/2010,FTY,GA,ASO,ES,Federal Contract Tower,0,5,24,2,31,0,0,16,0,16,0,5,40,2,47,102,0,102,149
07/18/2010,FTY,GA,ASO,ES,Federal Contract Tower,0,15,45,0,60,0,0,6,0,6,0,15,51,0,66,22,0,22,88
07/19/2010,FTY,GA,ASO,ES,Federal Contract Tower,0,3,78,4,85,0,0,41,0,41,0,3,119,4,126,70,0,70,196
07/20/2010,FTY,GA,ASO,ES,Federal Contract Tower,0,15,79,2,96,0,1,57,0,58,0,16,136,2,154,152,0,152,306
07/21/2010,FTY,GA,ASO,ES,Federal Contract Tower,0,23,62,0,85,0,0,29,0,29,0,23,91,0,114,172,0,172,286
07/22/2010,FTY,GA,ASO,ES,Federal Contract Tower,0,11,83,0,94,0,0,99,2,101,0,11,182,2,195,138,0,138,333
07/23/2010,FTY,GA,ASO,ES,Federal Contract Tower,0,9,50,2,61,0,0,55,0,55,0,9,105,2,116,114,0,114,230
07/24/2010,FTY,GA,ASO,ES,Federal Contract Tower,0,4,26,0,30,0,0,49,0,49,0,4,75,0,79,82,0,82,161
07/25/2010,FTY,GA,ASO,ES,Federal Contract Tower,0,12,24,0,36,0,0,42,0,42,0,12,66,0,78,112,0,112,190
07/26/2010,FTY,GA,ASO,ES,Federal Contract Tower,0,10,61,2,73,0,0,52,0,52,0,10,113,2,125,72,0,72,197
07/27/2010,FTY,GA,ASO,ES,Federal Contract Tower,0,12,60,0,72,0,0,57,0,57,0,12,117,0,129,96,0,96,225
07/28/2010,FTY,GA,ASO,ES,Federal Contract Tower,0,10,79,2,91,0,0,51,0,51,0,10,130,2,142,94,0,94,236
07/29/2010,FTY,GA,ASO,ES,Federal Contract Tower,0,12,77,0,89,0,0,0,0,0,0,12,77,0,89,86,0,86,175
07/30/2010,FTY,GA,ASO,ES,Federal Contract Tower,0,10,57,0,67,0,0,56,0,56,0,10,113,0,123,58,0,58,181
07/31/2010,FTY,GA,ASO,ES,Federal Contract Tower,0,3,19,2,24,0,0,22,0,22,0,3,41,2,46,86,0,86,132
08/01/2010,FTY,GA,ASO,ES,Federal Contract Tower,0,8,43,0,51,0,0,33,0,33,0,8,76,0,84,36,0,36,120
08/02/2010,FTY,GA,ASO,ES,Federal Contract Tower,0,4,47,0,51,0,0,9,0,9,0,4,56,0,60,0,0,0,60
08/03/2010,FTY,GA,ASO,ES,Federal Contract Tower,0,14,77,2,93,0,0,28,0,28,0,14,105,2,121,36,0,36,157
08/04/2010,FTY,GA,ASO,ES,Federal Contract Tower,0,17,53,1,71,0,0,40,0,40,0,17,93,1,111,18,0,18,129
08/05/2010,FTY,GA,ASO,ES,Federal Contract Tower,0,12,59,2,73,0,0,28,0,28,0,12,87,2,101,40,0,40,141
08/06/2010,FTY,GA,ASO,ES,Federal Contract Tower,0,11,63,0,74,0,0,23,0,23,0,11,86,0,97,10,0,10,107
08/07/2010,FTY,GA,ASO,ES,Federal Contract Tower,0,6,39,0,45,0,0,29,0,29,0,6,68,0,74,24,0,24,98
08/08/2010,FTY,GA,ASO,ES,Federal Contract Tower,0,10,39,0,49,0,0,42,0,42,0,10,81,0,91,68,0,68,159
08/09/2010,FTY,GA,ASO,ES,Federal Contract Tower,0,5,59,4,68,0,0,34,0,34,0,5,93,4,102,66,0,66,168
08/10/2010,FTY,GA,ASO,ES,Federal Contract Tower,0,12,76,0,88,0,0,36,0,36,0,12,112,0,124,80,0,80,204
08/11/2010,FTY,GA,ASO,ES,Federal Contract Tower,0,15,62,2,79,0,0,49,0,49,0,15,111,2,128,128,0,128,256
08/12/2010,FTY,GA,ASO,ES,Federal Contract Tower,0,13,55,1,69,0,0,53,0,53,0,13,108,1,122,130,0,130,252
08/13/2010,FTY,GA,ASO,ES,Federal Contract Tower,0,17,43,5,65,0,0,37,0,37,0,17,80,5,102,66,0,66,168
08/14/2010,FTY,GA,ASO,ES,Federal Contract Tower,0,4,35,0,39,0,0,10,0,10,0,4,45,0,49,64,0,64,113
08/15/2010,FTY,GA,ASO,ES,Federal Contract Tower,0,9,47,0,56,0,0,12,0,12,0,9,59,0,68,22,0,22,90
08/16/2010,FTY,GA,ASO,ES,Federal Contract Tower,0,10,49,5,64,0,0,29,1,30,0,10,78,6,94,30,0,30,124
08/17/2010,FTY,GA,ASO,ES,Federal Contract Tower,0,12,74,2,88,0,0,18,0,18,0,12,92,2,106,38,0,38,144
08/18/2010,FTY,GA,ASO,ES,Federal Contract Tower,0,11,68,0,79,0,0,53,0,53,0,11,121,0,132,98,0,98,230
08/19/2010,FTY,GA,ASO,ES,Federal Contract Tower,0,17,75,1,93,0,0,42,1,43,0,17,117,2,136,72,0,72,208
08/20/2010,FTY,GA,ASO,ES,Federal Contract Tower,0,15,52,2,69,0,0,39,0,39,0,15,91,2,108,106,0,106,214
08/21/2010,FTY,GA,ASO,ES,Federal Contract Tower,0,5,20,0,25,0,0,21,0,21,0,5,41,0,46,44,0,44,90
08/22/2010,FTY,GA,ASO,ES,Federal Contract Tower,0,6,22,2,30,0,0,42,0,42,0,6,64,2,72,142,0,142,214
08/23/2010,FTY,GA,ASO,ES,Federal Contract Tower,0,10,83,2,95,0,0,33,0,33,0,10,116,2,128,54,0,54,182
08/24/2010,FTY,GA,ASO,ES,Federal Contract Tower,0,12,60,0,72,0,0,70,0,70,0,12,130,0,142,110,0,110,252
08/25/2010,FTY,GA,ASO,ES,Federal Contract Tower,0,25,104,0,129,0,0,39,0,39,0,25,143,0,168,44,0,44,212
08/26/2010,FTY,GA,ASO,ES,Federal Contract Tower,0,9,76,0,85,0,0,19,0,19,0,9,95,0,104,44,0,44,148
08/27/2010,FTY,GA,ASO,ES,Federal Contract Tower,0,16,49,0,65,0,0,52,0,52,0,16,101,0,117,68,0,68,185
08/28/2010,FTY,GA,ASO,ES,Federal Contract Tower,0,3,28,4,35,0,0,32,0,32,0,3,60,4,67,76,0,76,143
08/29/2010,FTY,GA,ASO,ES,Federal Contract Tower,0,15,31,0,46,0,0,16,0,16,0,15,47,0,62,48,0,48,110
08/30/2010,FTY,GA,ASO,ES,Federal Contract Tower,0,9,55,0,64,0,0,54,0,54,0,9,109,0,118,104,0,104,222
08/31/2010,FTY,GA,ASO,ES,Federal Contract Tower,0,14,63,2,79,0,0,54,0,54,0,14,117,2,133,164,0,164,297
09/01/2010,FTY,GA,ASO,ES,Federal Contract Tower,0,11,68,0,79,0,1,46,0,47,0,12,114,0,126,54,0,54,180
09/02/2010,FTY,GA,ASO,ES,Federal Contract Tower,0,15,86,0,101,0,0,52,0,52,0,15,138,0,153,88,0,88,241
09/03/2010,FTY,GA,ASO,ES,Federal Contract Tower,0,14,76,1,91,0,0,55,0,55,0,14,131,1,146,70,0,70,216
09/04/2010,FTY,GA,ASO,ES,Federal Contract Tower,0,2,44,0,46,0,0,43,0,43,0,2,87,0,89,24,0,24,113
09/05/2010,FTY,GA,ASO,ES,Federal Contract Tower,0,9,32,0,41,0,2,31,0,33,0,11,63,0,74,60,0,60,134
09/06/2010,FTY,GA,ASO,ES,Federal Contract Tower,0,11,52,1,64,0,0,54,0,54,0,11,106,1,118,50,0,50,168
09/07/2010,FTY,GA,ASO,ES,Federal Contract Tower,0,13,62,0,75,0,0,52,0,52,0,13,114,0,127,50,0,50,177
09/08/2010,FTY,GA,ASO,ES,Federal Contract Tower,0,11,61,3,75,0,0,42,0,42,0,11,103,3,117,38,0,38,155
09/09/2010,FTY,GA,ASO,ES,Federal Contract Tower,0,8,60,0,68,0,0,45,0,45,0,8,105,0,113,124,0,124,237
09/10/2010,FTY,GA,ASO,ES,Federal Contract Tower,0,9,55,2,66,0,0,53,0,53,0,9,108,2,119,142,0,142,261
09/11/2010,FTY,GA,ASO,ES,Federal Contract Tower,0,9,33,4,46,0,0,46,0,46,0,9,79,4,92,32,0,32,124
09/12/2010,FTY,GA,ASO,ES,Federal Contract Tower,0,18,42,1,61,0,0,48,0,48,0,18,90,1,109,74,0,74,183
09/13/2010,FTY,GA,ASO,ES,Federal Contract Tower,0,16,63,0,79,0,0,50,0,50,0,16,113,0,129,146,0,146,275
09/14/2010,FTY,GA,ASO,ES,Federal Contract Tower,0,10,67,10,87,0,0,63,0,63,0,10,130,10,150,94,0,94,244
09/15/2010,FTY,GA,ASO,ES,Federal Contract Tower,0,15,60,0,75,0,0,71,0,71,0,15,131,0,146,164,0,164,310
09/16/2010,FTY,GA,ASO,ES,Federal Contract Tower,0,23,90,2,115,0,0,61,0,61,0,23,151,2,176,142,0,142,318
09/17/2010,FTY,GA,ASO,ES,Federal Contract Tower,0,8,56,2,66,0,0,53,0,53,0,8,109,2,119,62,0,62,181
09/18/2010,FTY,GA,ASO,ES,Federal Contract Tower,0,2,24,0,26,0,0,43,0,43,0,2,67,0,69,80,0,80,149
09/19/2010,FTY,GA,ASO,ES,Federal Contract Tower,0,12,32,2,46,0,0,37,0,37,0,12,69,2,83,84,0,84,167
09/20/2010,FTY,GA,ASO,ES,Federal Contract Tower,0,20,60,0,80,0,0,35,0,35,0,20,95,0,115,178,0,178,293
09/21/2010,FTY,GA,ASO,ES,Federal Contract Tower,0,20,58,2,80,0,2,35,0,37,0,22,93,2,117,38,0,38,155
09/22/2010,FTY,GA,ASO,ES,Federal Contract Tower,0,19,76,5,100,0,0,55,0,55,0,19,131,5,155,146,0,146,301
09/23/2010,FTY,GA,ASO,ES,Federal Contract Tower,0,13,84,5,102,0,0,42,0,42,0,13,126,5,144,112,0,112,256
09/24/2010,FTY,GA,ASO,ES,Federal Contract Tower,0,25,78,0,103,0,0,51,0,51,0,25,129,0,154,80,0,80,234
09/25/2010,FTY,GA,ASO,ES,Federal Contract Tower,0,11,46,0,57,0,0,51,0,51,0,11,97,0,108,114,0,114,222
09/26/2010,FTY,GA,ASO,ES,Federal Contract Tower,0,27,38,2,67,0,0,5,0,5,0,27,43,2,72,18,0,18,90
09/27/2010,FTY,GA,ASO,ES,Federal Contract Tower,0,14,61,2,77,0,0,23,0,23,0,14,84,2,100,58,0,58,158
09/28/2010,FTY,GA,ASO,ES,Federal Contract Tower,0,16,87,1,104,0,0,45,0,45,0,16,132,1,149,138,0,138,287
09/29/2010,FTY,GA,ASO,ES,Federal Contract Tower,0,25,72,1,98,0,0,59,0,59,0,25,131,1,157,102,0,102,259
09/30/2010,FTY,GA,ASO,ES,Federal Contract Tower,0,20,61,5,86,0,0,33,0,33,0,20,94,5,119,54,0,54,173
10/01/2010,FTY,GA,ASO,ES,Federal Contract Tower,0,7,68,1,76,0,0,41,0,41,0,7,109,1,117,70,0,70,187
10/02/2010,FTY,GA,ASO,ES,Federal Contract Tower,0,4,32,0,36,0,0,55,0,55,0,4,87,0,91,32,0,32,123
10/03/2010,FTY,GA,ASO,ES,Federal Contract Tower,0,7,38,0,45,0,0,40,0,40,0,7,78,0,85,42,0,42,127
10/04/2010,FTY,GA,ASO,ES,Federal Contract Tower,0,8,79,2,89,0,0,47,0,47,0,8,126,2,136,62,0,62,198
10/05/2010,FTY,GA,ASO,ES,Federal Contract Tower,0,14,112,4,130,0,0,63,0,63,0,14,175,4,193,160,0,160,353
10/06/2010,FTY,GA,ASO,ES,Federal Contract Tower,0,24,85,0,109,0,0,62,0,62,0,24,147,0,171,86,0,86,257
10/07/2010,FTY,GA,ASO,ES,Federal Contract Tower,0,21,90,3,114,0,0,62,0,62,0,21,152,3,176,96,0,96,272
10/08/2010,FTY,GA,ASO,ES,Federal Contract Tower,0,20,69,1,90,0,0,47,0,47,0,20,116,1,137,94,0,94,231
10/09/2010,FTY,GA,ASO,ES,Federal Contract Tower,0,3,40,0,43,0,0,44,0,44,0,3,84,0,87,82,0,82,169
10/10/2010,FTY,GA,ASO,ES,Federal Contract Tower,0,9,48,1,58,0,0,0,0,0,0,9,48,1,58,88,0,88,146
10/11/2010,FTY,GA,ASO,ES,Federal Contract Tower,0,14,50,0,64,0,0,46,0,46,0,14,96,0,110,76,0,76,186
10/12/2010,FTY,GA,ASO,ES,Federal Contract Tower,0,14,55,2,71,0,0,44,0,44,0,14,99,2,115,36,0,36,151
10/13/2010,FTY,GA,ASO,ES,Federal Contract Tower,0,18,79,1,98,0,0,46,0,46,0,18,125,1,144,78,0,78,222
10/14/2010,FTY,GA,ASO,ES,Federal Contract Tower,0,9,91,1,101,0,0,29,0,29,0,9,120,1,130,20,0,20,150
10/15/2010,FTY,GA,ASO,ES,Federal Contract Tower,0,13,71,2,86,0,0,41,0,41,0,13,112,2,127,68,0,68,195
10/16/2010,FTY,GA,ASO,ES,Federal Contract Tower,0,12,28,2,42,0,0,46,0,46,0,12,74,2,88,72,0,72,160
10/17/2010,FTY,GA,ASO,ES,Federal Contract Tower,0,10,72,2,84,0,0,84,0,84,0,10,156,2,168,108,0,108,276
10/18/2010,FTY,GA,ASO,ES,Federal Contract Tower,0,15,82,2,99,0,0,43,0,43,0,15,125,2,142,68,0,68,210
10/19/2010,FTY,GA,ASO,ES,Federal Contract Tower,0,19,126,1,146,0,3,48,0,51,0,22,174,1,197,102,0,102,299
10/20/2010,FTY,GA,ASO,ES,Federal Contract Tower,0,20,114,2,136,0,1,76,2,79,0,21,190,4,215,34,0,34,249
10/21/2010,FTY,GA,ASO,ES,Federal Contract Tower,0,23,127,2,152,0,1,57,0,58,0,24,184,2,210,56,0,56,266
10/22/2010,FTY,GA,ASO,ES,Federal Contract Tower,0,19,82,0,101,0,0,66,0,66,0,19,148,0,167,68,0,68,235
10/23/2010,FTY,GA,ASO,ES,Federal Contract Tower,0,5,29,2,36,0,0,53,2,55,0,5,82,4,91,18,0,18,109
10/24/2010,FTY,GA,ASO,ES,Federal Contract Tower,0,12,42,0,54,0,1,39,1,41,0,13,81,1,95,40,0,40,135
10/25/2010,FTY,GA,ASO,ES,Federal Contract Tower,0,12,65,0,77,0,0,19,0,19,0,12,84,0,96,44,0,44,140
10/26/2010,FTY,GA,ASO,ES,Federal Contract Tower,0,15,68,0,83,0,0,0,0,0,0,15,68,0,83,0,0,0,83
10/27/2010,FTY,GA,ASO,ES,Federal Contract Tower,0,14,60,0,74,0,0,4,0,4,0,14,64,0,78,0,0,0,78
10/28/2010,FTY,GA,ASO,ES,Federal Contract Tower,0,15,83,0,98,0,2,35,0,37,0,17,118,0,135,52,0,52,187
10/29/2010,FTY,GA,ASO,ES,Federal Contract Tower,0,18,76,2,96,0,0,82,0,82,0,18,158,2,178,110,0,110,288
10/30/2010,FTY,GA,ASO,ES,Federal Contract Tower,0,4,24,0,28,0,0,64,0,64,0,4,88,0,92,46,0,46,138
10/31/2010,FTY,GA,ASO,ES,Federal Contract Tower,0,9,39,0,48,0,0,64,0,64,0,9,103,0,112,88,0,88,200
11/01/2010,FTY,GA,ASO,ES,Federal Contract Tower,0,7,61,0,68,0,0,56,0,56,0,7,117,0,124,70,0,70,194
11/02/2010,FTY,GA,ASO,ES,Federal Contract Tower,0,15,77,4,96,0,0,21,0,21,0,15,98,4,117,8,0,8,125
11/03/2010,FTY,GA,ASO,ES,Federal Contract Tower,0,21,80,0,101,0,0,0,0,0,0,21,80,0,101,0,0,0,101
11/04/2010,FTY,GA,ASO,ES,Federal Contract Tower,0,14,92,2,108,0,0,27,0,27,0,14,119,2,135,26,6,32,167
11/05/2010,FTY,GA,ASO,ES,Federal Contract Tower,0,13,76,0,89,0,0,54,0,54,0,13,130,0,143,110,0,110,253
11/06/2010,FTY,GA,ASO,ES,Federal Contract Tower,0,3,26,0,29,0,0,35,0,35,0,3,61,0,64,38,0,38,102
11/07/2010,FTY,GA,ASO,ES,Federal Contract Tower,0,11,44,3,58,0,0,55,0,55,0,11,99,3,113,44,0,44,157
11/08/2010,FTY,GA,ASO,ES,Federal Contract Tower,0,17,74,0,91,0,2,47,0,49,0,19,121,0,140,42,0,42,182
11/09/2010,FTY,GA,ASO,ES,Federal Contract Tower,0,11,88,2,101,0,0,70,2,72,0,11,158,4,173,112,0,112,285
11/10/2010,FTY,GA,ASO,ES,Federal Contract Tower,0,13,89,0,102,0,0,75,0,75,0,13,164,0,177,158,0,158,335
11/11/2010,FTY,GA,ASO,ES,Federal Contract Tower,0,23,97,0,120,0,0,61,0,61,0,23,158,0,181,48,0,48,229
11/12/2010,FTY,GA,ASO,ES,Federal Contract Tower,0,8,64,2,74,0,0,65,0,65,0,8,129,2,139,96,0,96,235
11/13/2010,FTY,GA,ASO,ES,Federal Contract Tower,0,2,29,4,35,0,0,60,0,60,0,2,89,4,95,138,0,138,233
11/14/2010,FTY,GA,ASO,ES,Federal Contract Tower,0,10,51,0,61,0,0,64,0,64,0,10,115,0,125,122,0,122,247
11/15/2010,FTY,GA,ASO,ES,Federal Contract Tower,0,9,53,0,62,0,0,0,0,0,0,9,53,0,62,0,0,0,62
11/16/2010,FTY,GA,ASO,ES,Federal Contract Tower,0,13,68,0,81,0,0,5,0,5,0,13,73,0,86,34,0,34,120
11/17/2010,FTY,GA,ASO,ES,Federal Contract Tower,0,20,82,4,106,0,0,36,0,36,0,20,118,4,142,84,0,84,226
11/18/2010,FTY,GA,ASO,ES,Federal Contract Tower,0,10,86,1,97,0,0,72,0,72,0,10,158,1,169,84,0,84,253
11/19/2010,FTY,GA,ASO,ES,Federal Contract Tower,0,8,78,0,86,0,0,44,0,44,0,8,122,0,130,126,0,126,256
11/20/2010,FTY,GA,ASO,ES,Federal Contract Tower,0,3,39,0,42,0,0,50,0,50,0,3,89,0,92,106,0,106,198
11/21/2010,FTY,GA,ASO,ES,Federal Contract Tower,0,12,37,0,49,0,0,39,0,39,0,12,76,0,88,100,0,100,188
11/22/2010,FTY,GA,ASO,ES,Federal Contract Tower,0,12,40,0,52,0,0,48,0,48,0,12,88,0,100,94,0,94,194
11/23/2010,FTY,GA,ASO,ES,Federal Contract Tower,0,10,51,2,63,0,0,17,0,17,0,10,68,2,80,30,0,30,110
11/24/2010,FTY,GA,ASO,ES,Federal Contract Tower,0,17,68,2,87,0,0,0,0,0,0,17,68,2,87,0,0,0,87
11/25/2010,FTY,GA,ASO,ES,Federal Contract Tower,0,7,18,0,25,0,0,6,0,6,0,7,24,0,31,6,0,6,37
11/26/2010,FTY,GA,ASO,ES,Federal Contract Tower,0,3,25,0,28,0,0,5,0,5,0,3,30,0,33,8,0,8,41
11/27/2010,FTY,GA,ASO,ES,Federal Contract Tower,0,5,22,0,27,0,31,0,0,31,0,36,22,0,58,38,0,38,96
11/28/2010,FTY,GA,ASO,ES,Federal Contract Tower,0,14,51,0,65,0,0,45,0,45,0,14,96,0,110,88,0,88,198
11/29/2010,FTY,GA,ASO,ES,Federal Contract Tower,0,4,81,0,85,0,0,0,0,0,0,4,81,0,85,16,0,16,101
11/30/2010,FTY,GA,ASO,ES,Federal Contract Tower,0,24,67,4,95,0,0,2,0,2,0,24,69,4,97,0,0,0,97
12/01/2010,FTY,GA,ASO,ES,Federal Contract Tower,0,11,72,0,83,0,0,41,0,41,0,11,113,0,124,24,0,24,148
12/02/2010,FTY,GA,ASO,ES,Federal Contract Tower,0,11,82,2,95,0,0,63,0,63,0,11,145,2,158,106,0,106,264
12/03/2010,FTY,GA,ASO,ES,Federal Contract Tower,0,10,80,1,91,0,0,54,0,54,0,10,134,1,145,112,0,112,257
12/04/2010,FTY,GA,ASO,ES,Federal Contract Tower,0,8,66,2,76,0,0,21,0,21,0,8,87,2,97,30,0,30,127
12/05/2010,FTY,GA,ASO,ES,Federal Contract Tower,0,8,53,0,61,0,0,12,0,12,0,8,65,0,73,0,0,0,73
12/06/2010,FTY,GA,ASO,ES,Federal Contract Tower,0,8,61,0,69,0,0,31,0,31,0,8,92,0,100,94,0,94,194
12/07/2010,FTY,GA,ASO,ES,Federal Contract Tower,0,10,81,3,94,0,1,44,0,45,0,11,125,3,139,76,0,76,215
12/08/2010,FTY,GA,ASO,ES,Federal Contract Tower,0,14,82,0,96,0,0,37,0,37,0,14,119,0,133,94,0,94,227
12/09/2010,FTY,GA,ASO,ES,Federal Contract Tower,0,7,75,0,82,0,0,36,0,36,0,7,111,0,118,30,0,30,148
12/10/2010,FTY,GA,ASO,ES,Federal Contract Tower,0,9,67,4,80,0,0,47,0,47,0,9,114,4,127,60,0,60,187
12/11/2010,FTY,GA,ASO,ES,Federal Contract Tower,0,4,43,0,47,0,0,50,0,50,0,4,93,0,97,80,0,80,177
12/12/2010,FTY,GA,ASO,ES,Federal Contract Tower,0,18,26,0,44,0,0,0,0,0,0,18,26,0,44,4,0,4,48
12/13/2010,FTY,GA,ASO,ES,Federal Contract Tower,0,22,67,2,91,0,0,13,0,13,0,22,80,2,104,10,0,10,114
12/14/2010,FTY,GA,ASO,ES,Federal Contract Tower,0,10,62,0,72,0,0,43,0,43,0,10,105,0,115,56,0,56,171
12/15/2010,FTY,GA,ASO,ES,Federal Contract Tower,0,14,87,2,103,0,0,30,0,30,0,14,117,2,133,48,0,48,181
12/16/2010,FTY,GA,ASO,ES,Federal Contract Tower,0,26,78,0,104,0,0,0,0,0,0,26,78,0,104,8,0,8,112
12/17/2010,FTY,GA,ASO,ES,Federal Contract Tower,0,13,61,0,74,0,1,21,0,22,0,14,82,0,96,42,0,42,138
12/18/2010,FTY,GA,ASO,ES,Federal Contract Tower,0,8,30,0,38,0,0,0,0,0,0,8,30,0,38,0,0,0,38
12/19/2010,FTY,GA,ASO,ES,Federal Contract Tower,0,9,32,0,41,0,0,33,0,33,0,9,65,0,74,60,0,60,134
12/20/2010,FTY,GA,ASO,ES,Federal Contract Tower,0,10,46,0,56,0,0,33,0,33,0,10,79,0,89,36,0,36,125
12/21/2010,FTY,GA,ASO,ES,Federal Contract Tower,0,11,61,0,72,0,0,8,0,8,0,11,69,0,80,0,0,0,80
12/22/2010,FTY,GA,ASO,ES,Federal Contract Tower,0,11,45,2,58,0,0,15,0,15,0,11,60,2,73,10,0,10,83
12/23/2010,FTY,GA,ASO,ES,Federal Contract Tower,0,12,38,0,50,0,0,42,0,42,0,12,80,0,92,34,0,34,126
12/24/2010,FTY,GA,ASO,ES,Federal Contract Tower,0,6,4,0,10,0,0,20,0,20,0,6,24,0,30,26,0,26,56
12/25/2010,FTY,GA,ASO,ES,Federal Contract Tower,0,0,2,0,2,0,0,0,0,0,0,0,2,0,2,0,0,0,2
12/26/2010,FTY,GA,ASO,ES,Federal Contract Tower,0,5,20,0,25,0,0,1,0,1,0,5,21,0,26,0,0,0,26
12/27/2010,FTY,GA,ASO,ES,Federal Contract Tower,0,10,34,0,44,0,0,10,0,10,0,10,44,0,54,0,0,0,54
12/28/2010,FTY,GA,ASO,ES,Federal Contract Tower,0,12,37,0,49,0,0,50,0,50,0,12,87,0,99,62,0,62,161
12/29/2010,FTY,GA,ASO,ES,Federal Contract Tower,0,11,29,0,40,0,0,40,0,40,0,11,69,0,80,134,0,134,214
12/30/2010,FTY,GA,ASO,ES,Federal Contract Tower,0,11,37,0,48,0,0,29,0,29,0,11,66,0,77,26,0,26,103
12/31/2010,FTY,GA,ASO,ES,Federal Contract Tower,0,11,27,0,38,0,0,32,0,32,0,11,59,0,70,94,0,94,164
01/01/2011,FTY,GA,ASO,ES,Federal Contract Tower,0,0,12,0,12,0,0,0,0,0,0,0,12,0,12,0,0,0,12
01/02/2011,FTY,GA,ASO,ES,Federal Contract Tower,0,9,42,0,51,0,0,17,0,17,0,9,59,0,68,36,0,36,104
01/03/2011,FTY,GA,ASO,ES,Federal Contract Tower,0,7,29,2,38,0,0,58,0,58,0,7,87,2,96,50,0,50,146
01/04/2011,FTY,GA,ASO,ES,Federal Contract Tower,0,16,51,0,67,0,0,64,0,64,0,16,115,0,131,32,0,32,163
01/05/2011,FTY,GA,ASO,ES,Federal Contract Tower,0,9,61,4,74,0,0,20,0,20,0,9,81,4,94,46,0,46,140
01/06/2011,FTY,GA,ASO,ES,Federal Contract Tower,0,15,73,0,88,0,0,32,0,32,0,15,105,0,120,70,0,70,190
01/07/2011,FTY,GA,ASO,ES,Federal Contract Tower,0,12,54,1,67,0,0,40,0,40,0,12,94,1,107,38,0,38,145
01/08/2011,FTY,GA,ASO,ES,Federal Contract Tower,0,5,31,0,36,0,0,31,0,31,0,5,62,0,67,40,0,40,107
01/09/2011,FTY,GA,ASO,ES,Federal Contract Tower,0,7,44,0,51,0,0,10,0,10,0,7,54,0,61,32,0,32,93
01/10/2011,FTY,GA,ASO,ES,Federal Contract Tower,0,1,0,0,1,0,0,0,0,0,0,1,0,0,1,0,0,0,1
01/11/2011,FTY,GA,ASO,ES,Federal Contract Tower,0,22,50,0,72,0,0,0,0,0,0,22,50,0,72,0,0,0,72
01/12/2011,FTY,GA,ASO,ES,Federal Contract Tower,0,61,78,0,139,0,0,12,0,12,0,61,90,0,151,2,0,2,153
01/13/2011,FTY,GA,ASO,ES,Federal Contract Tower,0,54,96,0,150,0,0,30,0,30,0,54,126,0,180,18,0,18,198
01/14/2011,FTY,GA,ASO,ES,Federal Contract Tower,0,32,55,2,89,0,0,59,0,59,0,32,114,2,148,98,0,98,246
01/15/2011,FTY,GA,ASO,ES,Federal Contract Tower,0,6,40,0,46,0,0,48,0,48,0,6,88,0,94,98,0,98,192
01/16/2011,FTY,GA,ASO,ES,Federal Contract Tower,0,8,50,0,58,0,0,53,0,53,0,8,103,0,111,108,0,108,219
01/17/2011,FTY,GA,ASO,ES,Federal Contract Tower,0,13,40,2,55,0,0,39,0,39,0,13,79,2,94,136,0,136,230
01/18/2011,FTY,GA,ASO,ES,Federal Contract Tower,0,9,72,2,83,0,0,0,0,0,0,9,72,2,83,0,0,0,83
01/19/2011,FTY,GA,ASO,ES,Federal Contract Tower,0,18,89,2,109,0,0,18,0,18,0,18,107,2,127,166,0,166,293
01/20/2011,FTY,GA,ASO,ES,Federal Contract Tower,0,9,87,0,96,0,0,14,2,16,0,9,101,2,112,20,0,20,132
01/21/2011,FTY,GA,ASO,ES,Federal Contract Tower,0,12,67,4,83,0,0,34,0,34,0,12,101,4,117,22,0,22,139
01/22/2011,FTY,GA,ASO,ES,Federal Contract Tower,0,4,34,1,39,0,0,45,0,45,0,4,79,1,84,118,0,118,202
01/23/2011,FTY,GA,ASO,ES,Federal Contract Tower,0,13,30,2,45,0,1,71,0,72,0,14,101,2,117,154,0,154,271
01/24/2011,FTY,GA,ASO,ES,Federal Contract Tower,0,13,87,0,100,0,1,46,0,47,0,14,133,0,147,46,0,46,193
01/25/2011,FTY,GA,ASO,ES,Federal Contract Tower,0,12,81,2,95,0,0,2,0,2,0,12,83,2,97,12,0,12,109
01/26/2011,FTY,GA,ASO,ES,Federal Contract Tower,0,9,71,2,82,0,0,8,0,8,0,9,79,2,90,30,0,30,120
01/27/2011,FTY,GA,ASO,ES,Federal Contract Tower,0,23,92,0,115,0,0,53,0,53,0,23,145,0,168,118,0,118,286
01/28/2011,FTY,GA,ASO,ES,Federal Contract Tower,0,15,76,4,95,0,0,60,0,60,0,15,136,4,155,30,6,36,191
01/29/2011,FTY,GA,ASO,ES,Federal Contract Tower,0,2,27,7,36,0,0,64,0,64,0,2,91,7,100,96,0,96,196
01/30/2011,FTY,GA,ASO,ES,Federal Contract Tower,0,10,27,0,37,0,0,62,0,62,0,10,89,0,99,100,0,100,199
01/31/2011,FTY,GA,ASO,ES,Federal Contract Tower,0,11,52,4,67,0,0,1,0,1,0,11,53,4,68,0,0,0,68
02/01/2011,FTY,GA,ASO,ES,Federal Contract Tower,0,20,55,1,76,0,0,0,0,0,0,20,55,1,76,0,0,0,76
02/02/2011,FTY,GA,ASO,ES,Federal Contract Tower,0,14,64,1,79,0,0,18,0,18,0,14,82,1,97,26,0,26,123
02/03/2011,FTY,GA,ASO,ES,Federal Contract Tower,0,14,79,2,95,0,0,32,0,32,0,14,111,2,127,100,0,100,227
02/04/2011,FTY,GA,ASO,ES,Federal Contract Tower,0,24,54,0,78,0,0,0,0,0,0,24,54,0,78,0,0,0,78
02/05/2011,FTY,GA,ASO,ES,Federal Contract Tower,0,12,17,0,29,0,0,14,0,14,0,12,31,0,43,48,0,48,91
02/06/2011,FTY,GA,ASO,ES,Federal Contract Tower,0,13,41,0,54,0,0,58,0,58,0,13,99,0,112,140,0,140,252
02/07/2011,FTY,GA,ASO,ES,Federal Contract Tower,0,14,69,1,84,0,0,18,0,18,0,14,87,1,102,38,0,38,140
02/08/2011,FTY,GA,ASO,ES,Federal Contract Tower,0,15,60,0,75,0,0,43,0,43,0,15,103,0,118,54,0,54,172
02/09/2011,FTY,GA,ASO,ES,Federal Contract Tower,0,12,71,2,85,0,0,37,0,37,0,12,108,2,122,66,0,66,188
02/10/2011,FTY,GA,ASO,ES,Federal Contract Tower,0,13,59,0,72,0,0,24,0,24,0,13,83,0,96,40,0,40,136
02/11/2011,FTY,GA,ASO,ES,Federal Contract Tower,0,8,32,1,41,0,0,50,0,50,0,8,82,1,91,92,0,92,183
02/12/2011,FTY,GA,ASO,ES,Federal Contract Tower,0,3,23,1,27,0,0,45,0,45,0,3,68,1,72,34,0,34,106
02/13/2011,FTY,GA,ASO,ES,Federal Contract Tower,0,13,27,1,41,0,0,63,0,63,0,13,90,1,104,40,0,40,144
02/14/2011,FTY,GA,ASO,ES,Federal Contract Tower,0,14,45,0,59,0,0,45,0,45,0,14,90,0,104,66,0,66,170
02/15/2011,FTY,GA,ASO,ES,Federal Contract Tower,0,15,46,2,63,0,0,56,0,56,0,15,102,2,119,86,0,86,205
02/16/2011,FTY,GA,ASO,ES,Federal Contract Tower,0,13,81,0,94,0,0,46,0,46,0,13,127,0,140,118,0,118,258
02/17/2011,FTY,GA,ASO,ES,Federal Contract Tower,0,18,97,2,117,0,0,36,0,36,0,18,133,2,153,38,0,38,191
02/18/2011,FTY,GA,ASO,ES,Federal Contract Tower,0,14,56,2,72,0,0,45,0,45,0,14,101,2,117,82,0,82,199
02/19/2011,FTY,GA,ASO,ES,Federal Contract Tower,0,1,21,0,22,0,0,81,0,81,0,1,102,0,103,142,0,142,245
02/20/2011,FTY,GA,ASO,ES,Federal Contract Tower,0,7,36,0,43,0,0,58,0,58,0,7,94,0,101,134,0,134,235
02/21/2011,FTY,GA,ASO,ES,Federal Contract Tower,0,4,39,1,44,0,0,29,0,29,0,4,68,1,73,32,0,32,105
02/22/2011,FTY,GA,ASO,ES,Federal Contract Tower,0,9,60,1,70,0,0,31,0,31,0,9,91,1,101,90,0,90,191
02/23/2011,FTY,GA,ASO,ES,Federal Contract Tower,0,21,75,2,98,0,0,52,0,52,0,21,127,2,150,94,0,94,244
02/24/2011,FTY,GA,ASO,ES,Federal Contract Tower,0,17,73,0,90,0,0,33,0,33,0,17,106,0,123,38,0,38,161
02/25/2011,FTY,GA,ASO,ES,Federal Contract Tower,0,8,83,0,91,0,0,19,0,19,0,8,102,0,110,18,0,18,128
02/26/2011,FTY,GA,ASO,ES,Federal Contract Tower,0,4,41,0,45,0,0,0,0,0,0,4,41,0,45,116,0,116,161
02/27/2011,FTY,GA,ASO,ES,Federal Contract Tower,0,7,52,0,59,0,0,23,0,23,0,7,75,0,82,74,0,74,156
02/28/2011,FTY,GA,ASO,ES,Federal Contract Tower,0,9,53,0,62,0,0,9,0,9,0,9,62,0,71,42,0,42,113
03/01/2011,FTY,GA,ASO,ES,Federal Contract Tower,0,16,65,0,81,0,0,73,0,73,0,16,138,0,154,90,0,90,244
03/02/2011,FTY,GA,ASO,ES,Federal Contract Tower,0,13,64,0,77,0,0,59,0,59,0,13,123,0,136,166,0,166,302
03/03/2011,FTY,GA,ASO,ES,Federal Contract Tower,0,17,81,0,98,0,0,47,0,47,0,17,128,0,145,82,0,82,227
03/04/2011,FTY,GA,ASO,ES,Federal Contract Tower,0,15,66,0,81,0,0,21,0,21,0,15,87,0,102,36,0,36,138
03/05/2011,FTY,GA,ASO,ES,Federal Contract Tower,0,9,15,0,24,0,0,2,0,2,0,9,17,0,26,0,0,0,26
03/06/2011,FTY,GA,ASO,ES,Federal Contract Tower,0,17,28,2,47,0,0,0,0,0,0,17,28,2,47,0,0,0,47
03/07/2011,FTY,GA,ASO,ES,Federal Contract Tower,0,10,49,2,61,0,0,53,0,53,0,10,102,2,114,110,0,110,224
03/08/2011,FTY,GA,ASO,ES,Federal Contract Tower,0,13,65,0,78,0,1,59,0,60,0,14,124,0,138,130,0,130,268
03/09/2011,FTY,GA,ASO,ES,Federal Contract Tower,0,8,63,0,71,0,0,0,0,0,0,8,63,0,71,0,0,0,71
03/10/2011,FTY,GA,ASO,ES,Federal Contract Tower,0,12,76,0,88,0,0,21,1,22,0,12,97,1,110,2,0,2,112
03/11/2011,FTY,GA,ASO,ES,Federal Contract Tower,0,11,70,2,83,0,0,57,1,58,0,11,127,3,141,58,0,58,199
03/12/2011,FTY,GA,ASO,ES,Federal Contract Tower,0,12,23,0,35,0,0,81,0,81,0,12,104,0,116,84,0,84,200
03/13/2011,FTY,GA,ASO,ES,Federal Contract Tower,0,14,62,0,76,0,0,62,0,62,0,14,124,0,138,64,0,64,202
03/14/2011,FTY,GA,ASO,ES,Federal Contract Tower,0,6,39,0,45,0,0,36,0,36,0,6,75,0,81,70,0,70,151
03/15/2011,FTY,GA,ASO,ES,Federal Contract Tower,0,9,73,2,84,0,0,0,0,0,0,9,73,2,84,0,0,0,84
03/16/2011,FTY,GA,ASO,ES,Federal Contract Tower,0,13,63,2,78,0,0,44,2,46,0,13,107,4,124,100,0,100,224
03/17/2011,FTY,GA,ASO,ES,Federal Contract Tower,0,13,77,0,90,0,0,71,0,71,0,13,148,0,161,102,0,102,263
03/18/2011,FTY,GA,ASO,ES,Federal Contract Tower,0,14,60,0,74,0,0,58,0,58,0,14,118,0,132,110,0,110,242
03/19/2011,FTY,GA,ASO,ES,Federal Contract Tower,0,6,18,0,24,0,0,61,0,61,0,6,79,0,85,164,0,164,249
03/20/2011,FTY,GA,ASO,ES,Federal Contract Tower,0,10,33,0,43,0,0,28,0,28,0,10,61,0,71,136,0,136,207
03/21/2011,FTY,GA,ASO,ES,Federal Contract Tower,0,8,42,2,52,0,0,29,2,31,0,8,71,4,83,54,0,54,137
03/22/2011,FTY,GA,ASO,ES,Federal Contract Tower,0,19,58,0,77,0,0,43,0,43,0,19,101,0,120,86,0,86,206
03/23/2011,FTY,GA,ASO,ES,Federal Contract Tower,0,21,84,1,106,0,0,25,0,25,0,21,109,1,131,70,0,70,201
03/24/2011,FTY,GA,ASO,ES,Federal Contract Tower,0,18,67,1,86,0,4,40,0,44,0,22,107,1,130,72,0,72,202
03/25/2011,FTY,GA,ASO,ES,Federal Contract Tower,0,15,54,1,70,0,0,81,0,81,0,15,135,1,151,180,0,180,331
03/26/2011,FTY,GA,ASO,ES,Federal Contract Tower,0,2,22,0,24,0,0,0,0,0,0,2,22,0,24,0,0,0,24
03/27/2011,FTY,GA,ASO,ES,Federal Contract Tower,0,7,47,2,56,0,0,0,0,0,0,7,47,2,56,0,0,0,56
03/28/2011,FTY,GA,ASO,ES,Federal Contract Tower,0,16,69,7,92,0,0,9,0,9,0,16,78,7,101,24,0,24,125
03/29/2011,FTY,GA,ASO,ES,Federal Contract Tower,0,16,64,2,82,0,0,7,0,7,0,16,71,2,89,6,0,6,95
03/30/2011,FTY,GA,ASO,ES,Federal Contract Tower,0,14,54,3,71,0,0,0,0,0,0,14,54,3,71,0,0,0,71
03/31/2011,FTY,GA,ASO,ES,Federal Contract Tower,0,15,71,5,91,0,0,19,0,19,0,15,90,5,110,82,0,82,192
04/01/2011,FTY,GA,ASO,ES,Federal Contract Tower,0,14,68,6,88,0,0,51,0,51,0,14,119,6,139,56,0,56,195
04/02/2011,FTY,GA,ASO,ES,Federal Contract Tower,0,1,27,0,28,0,0,32,0,32,0,1,59,0,60,34,0,34,94
04/03/2011,FTY,GA,ASO,ES,Federal Contract Tower,0,8,34,0,42,0,0,71,0,71,0,8,105,0,113,136,0,136,249
04/04/2011,FTY,GA,ASO,ES,Federal Contract Tower,0,12,33,4,49,0,0,32,0,32,0,12,65,4,81,22,0,22,103
04/05/2011,FTY,GA,ASO,ES,Federal Contract Tower,0,15,39,1,55,0,0,23,0,23,0,15,62,1,78,14,0,14,92
04/06/2011,FTY,GA,ASO,ES,Federal Contract Tower,0,17,52,3,72,0,0,60,0,60,0,17,112,3,132,84,0,84,216
04/07/2011,FTY,GA,ASO,ES,Federal Contract Tower,0,9,65,8,82,0,0,64,0,64,0,9,129,8,146,188,0,188,334
04/08/2011,FTY,GA,ASO,ES,Federal Contract Tower,0,10,53,0,63,0,0,12,0,12,0,10,65,0,75,94,0,94,169
04/09/2011,FTY,GA,ASO,ES,Federal Contract Tower,0,3,20,0,23,0,0,43,0,43,0,3,63,0,66,200,0,200,266
04/10/2011,FTY,GA,ASO,ES,Federal Contract Tower,0,5,33,1,39,0,0,49,0,49,0,5,82,1,88,146,0,146,234
04/11/2011,FTY,GA,ASO,ES,Federal Contract Tower,0,15,54,1,70,0,0,14,0,14,0,15,68,1,84,0,0,0,84
04/12/2011,FTY,GA,ASO,ES,Federal Contract Tower,0,30,56,0,86,0,0,29,0,29,0,30,85,0,115,76,0,76,191
04/13/2011,FTY,GA,ASO,ES,Federal Contract Tower,0,17,63,2,82,0,1,68,0,69,0,18,131,2,151,84,0,84,235
04/14/2011,FTY,GA,ASO,ES,Federal Contract Tower,0,10,97,0,107,0,0,74,0,74,0,10,171,0,181,100,0,100,281
04/15/2011,FTY,GA,ASO,ES,Federal Contract Tower,0,6,59,0,65,0,0,17,0,17,0,6,76,0,82,0,0,0,82
04/16/2011,FTY,GA,ASO,ES,Federal Contract Tower,0,1,37,0,38,0,0,20,0,20,0,1,57,0,58,36,0,36,94
04/17/2011,FTY,GA,ASO,ES,Federal Contract Tower,0,7,29,0,36,0,0,70,0,70,0,7,99,0,106,152,0,152,258
04/18/2011,FTY,GA,ASO,ES,Federal Contract Tower,0,11,47,3,61,0,0,56,0,56,0,11,103,3,117,74,0,74,191
04/19/2011,FTY,GA,ASO,ES,Federal Contract Tower,0,23,53,0,76,0,0,47,0,47,0,23,100,0,123,56,0,56,179
04/20/2011,FTY,GA,ASO,ES,Federal Contract Tower,0,17,50,0,67,0,0,14,0,14,0,17,64,0,81,12,0,12,93
04/21/2011,FTY,GA,ASO,ES,Federal Contract Tower,0,22,78,0,100,0,0,39,0,39,0,22,117,0,139,16,0,16,155
04/22/2011,FTY,GA,ASO,ES,Federal Contract Tower,0,7,51,4,62,0,0,10,0,10,0,7,61,4,72,16,0,16,88
04/23/2011,FTY,GA,ASO,ES,Federal Contract Tower,0,2,23,0,25,0,0,17,0,17,0,2,40,0,42,76,0,76,118
04/24/2011,FTY,GA,ASO,ES,Federal Contract Tower,0,7,45,0,52,0,0,28,0,28,0,7,73,0,80,106,0,106,186
04/25/2011,FTY,GA,ASO,ES,Federal Contract Tower,0,12,57,2,71,0,0,38,0,38,0,12,95,2,109,68,0,68,177
04/26/2011,FTY,GA,ASO,ES,Federal Contract Tower,0,15,65,1,81,0,0,19,0,19,0,15,84,1,100,42,0,42,142
04/27/2011,FTY,GA,ASO,ES,Federal Contract Tower,0,13,53,0,66,0,0,3,2,5,0,13,56,2,71,0,10,10,81
04/28/2011,FTY,GA,ASO,ES,Federal Contract Tower,0,21,81,0,102,0,0,39,0,39,0,21,120,0,141,20,0,20,161
04/29/2011,FTY,GA,ASO,ES,Federal Contract Tower,0,14,55,1,70,0,0,85,0,85,0,14,140,1,155,144,0,144,299
04/30/2011,FTY,GA,ASO,ES,Federal Contract Tower,0,4,35,0,39,0,0,95,0,95,0,4,130,0,134,140,8,148,282
05/01/2011,FTY,GA,ASO,ES,Federal Contract Tower,0,10,54,3,67,0,0,69,0,69,0,10,123,3,136,178,0,178,314
05/02/2011,FTY,GA,ASO,ES,Federal Contract Tower,0,14,54,5,73,0,0,40,0,40,0,14,94,5,113,20,0,20,133
05/03/2011,FTY,GA,ASO,ES,Federal Contract Tower,0,6,59,1,66,0,0,21,0,21,0,6,80,1,87,38,0,38,125
05/04/2011,FTY,GA,ASO,ES,Federal Contract Tower,0,11,71,0,82,0,0,34,0,34,0,11,105,0,116,30,0,30,146
05/05/2011,FTY,GA,ASO,ES,Federal Contract Tower,0,14,74,0,88,0,0,60,0,60,0,14,134,0,148,106,0,106,254
05/06/2011,FTY,GA,ASO,ES,Federal Contract Tower,0,12,58,0,70,0,0,32,0,32,0,12,90,0,102,46,0,46,148
05/07/2011,FTY,GA,ASO,ES,Federal Contract Tower,0,5,35,0,40,0,0,35,0,35,0,5,70,0,75,46,0,46,121
05/08/2011,FTY,GA,ASO,ES,Federal Contract Tower,0,14,51,0,65,0,0,32,1,33,0,14,83,1,98,68,0,68,166
05/09/2011,FTY,GA,ASO,ES,Federal Contract Tower,0,15,65,0,80,0,0,30,0,30,0,15,95,0,110,60,0,60,170
05/10/2011,FTY,GA,ASO,ES,Federal Contract Tower,0,21,66,0,87,0,0,62,2,64,0,21,128,2,151,90,0,90,241
05/11/2011,FTY,GA,ASO,ES,Federal Contract Tower,0,17,69,4,90,0,0,52,0,52,0,17,121,4,142,68,0,68,210
05/12/2011,FTY,GA,ASO,ES,Federal Contract Tower,0,21,72,0,93,0,0,54,0,54,0,21,126,0,147,62,0,62,209
05/13/2011,FTY,GA,ASO,ES,Federal Contract Tower,0,9,68,1,78,0,0,36,0,36,0,9,104,1,114,52,0,52,166
05/14/2011,FTY,GA,ASO,ES,Federal Contract Tower,0,2,26,0,28,0,2,13,0,15,0,4,39,0,43,74,0,74,117
05/15/2011,FTY,GA,ASO,ES,Federal Contract Tower,0,14,45,0,59,0,0,26,0,26,0,14,71,0,85,42,0,42,127
05/16/2011,FTY,GA,ASO,ES,Federal Contract Tower,0,6,69,2,77,0,0,19,0,19,0,6,88,2,96,40,0,40,136
05/17/2011,FTY,GA,ASO,ES,Federal Contract Tower,0,20,60,0,80,0,0,25,0,25,0,20,85,0,105,36,0,36,141
05/18/2011,FTY,GA,ASO,ES,Federal Contract Tower,0,23,82,2,107,0,0,50,0,50,0,23,132,2,157,92,0,92,249
05/19/2011,FTY,GA,ASO,ES,Federal Contract Tower,0,16,74,2,92,0,0,77,2,79,0,16,151,4,171,176,0,176,347
05/20/2011,FTY,GA,ASO,ES,Federal Contract Tower,0,10,54,0,64,0,0,65,1,66,0,10,119,1,130,140,0,140,270
05/21/2011,FTY,GA,ASO,ES,Federal Contract Tower,0,5,31,0,36,0,0,56,0,56,0,5,87,0,92,98,0,98,190
05/22/2011,FTY,GA,ASO,ES,Federal Contract Tower,0,5,26,1,32,0,0,38,0,38,0,5,64,1,70,66,0,66,136
05/23/2011,FTY,GA,ASO,ES,Federal Contract Tower,0,8,48,1,57,0,2,41,0,43,0,10,89,1,100,80,0,80,180
05/24/2011,FTY,GA,ASO,ES,Federal Contract Tower,0,19,78,0,97,0,1,43,0,44,0,20,121,0,141,44,0,44,185
05/25/2011,FTY,GA,ASO,ES,Federal Contract Tower,0,15,72,2,89,0,0,60,0,60,0,15,132,2,149,14,0,14,163
05/26/2011,FTY,GA,ASO,ES,Federal Contract Tower,0,17,76,1,94,0,0,22,0,22,0,17,98,1,116,48,4,52,168
05/27/2011,FTY,GA,ASO,ES,Federal Contract Tower,0,9,57,0,66,0,0,24,0,24,0,9,81,0,90,40,0,40,130
05/28/2011,FTY,GA,ASO,ES,Federal Contract Tower,0,5,25,1,31,0,1,24,0,25,0,6,49,1,56,32,0,32,88
05/29/2011,FTY,GA,ASO,ES,Federal Contract Tower,0,6,13,0,19,0,0,33,2,35,0,6,46,2,54,26,0,26,80
05/30/2011,FTY,GA,ASO,ES,Federal Contract Tower,0,7,17,0,24,0,0,39,0,39,0,7,56,0,63,68,0,68,131
05/31/2011,FTY,GA,ASO,ES,Federal Contract Tower,0,8,77,0,85,0,1,55,0,56,0,9,132,0,141,84,0,84,225
06/01/2011,FTY,GA,ASO,ES,Federal Contract Tower,0,19,73,0,92,0,0,47,0,47,0,19,120,0,139,70,0,70,209
06/02/2011,FTY,GA,ASO,ES,Federal Contract Tower,0,14,83,3,100,0,0,56,0,56,0,14,139,3,156,100,0,100,256
06/03/2011,FTY,GA,ASO,ES,Federal Contract Tower,0,10,59,0,69,0,0,49,0,49,0,10,108,0,118,58,0,58,176
06/04/2011,FTY,GA,ASO,ES,Federal Contract Tower,0,4,44,0,48,0,0,35,0,35,0,4,79,0,83,76,0,76,159
06/05/2011,FTY,GA,ASO,ES,Federal Contract Tower,0,7,48,0,55,0,0,54,0,54,0,7,102,0,109,88,0,88,197
06/06/2011,FTY,GA,ASO,ES,Federal Contract Tower,0,7,59,0,66,0,0,39,0,39,0,7,98,0,105,58,0,58,163
06/07/2011,FTY,GA,ASO,ES,Federal Contract Tower,0,12,42,0,54,0,0,45,0,45,0,12,87,0,99,76,0,76,175
06/08/2011,FTY,GA,ASO,ES,Federal Contract Tower,0,19,49,0,68,0,0,55,0,55,0,19,104,0,123,50,0,50,173
06/09/2011,FTY,GA,ASO,ES,Federal Contract Tower,0,10,44,0,54,0,0,20,0,20,0,10,64,0,74,68,0,68,142
06/10/2011,FTY,GA,ASO,ES,Federal Contract Tower,0,4,45,0,49,0,0,43,0,43,0,4,88,0,92,74,0,74,166
06/11/2011,FTY,GA,ASO,ES,Federal Contract Tower,0,13,30,0,43,0,0,28,0,28,0,13,58,0,71,92,0,92,163
06/12/2011,FTY,GA,ASO,ES,Federal Contract Tower,0,11,39,0,50,0,0,41,0,41,0,11,80,0,91,132,0,132,223
06/13/2011,FTY,GA,ASO,ES,Federal Contract Tower,0,8,58,0,66,0,0,54,0,54,0,8,112,0,120,52,0,52,172
06/14/2011,FTY,GA,ASO,ES,Federal Contract Tower,0,22,61,0,83,0,0,33,0,33,0,22,94,0,116,78,0,78,194
06/15/2011,FTY,GA,ASO,ES,Federal Contract Tower,0,21,63,2,86,0,0,25,0,25,0,21,88,2,111,28,0,28,139
06/16/2011,FTY,GA,ASO,ES,Federal Contract Tower,0,13,107,2,122,0,0,44,0,44,0,13,151,2,166,22,0,22,188
06/17/2011,FTY,GA,ASO,ES,Federal Contract Tower,0,21,58,0,79,0,0,73,0,73,0,21,131,0,152,36,0,36,188
06/18/2011,FTY,GA,ASO,ES,Federal Contract Tower,0,4,27,0,31,0,0,10,0,10,0,4,37,0,41,28,0,28,69
06/19/2011,FTY,GA,ASO,ES,Federal Contract Tower,0,10,27,2,39,0,0,29,0,29,0,10,56,2,68,94,0,94,162
06/20/2011,FTY,GA,ASO,ES,Federal Contract Tower,0,12,63,0,75,0,2,47,4,53,0,14,110,4,128,98,0,98,226
06/21/2011,FTY,GA,ASO,ES,Federal Contract Tower,0,7,59,2,68,0,0,41,0,41,0,7,100,2,109,100,0,100,209
06/22/2011,FTY,GA,ASO,ES,Federal Contract Tower,0,10,62,0,72,0,0,45,0,45,0,10,107,0,117,76,0,76,193
06/23/2011,FTY,GA,ASO,ES,Federal Contract Tower,0,18,78,0,96,0,0,10,0,10,0,18,88,0,106,88,0,88,194
06/24/2011,FTY,GA,ASO,ES,Federal Contract Tower,0,9,53,2,64,0,0,36,0,36,0,9,89,2,100,136,0,136,236
06/25/2011,FTY,GA,ASO,ES,Federal Contract Tower,0,3,23,0,26,0,0,49,0,49,0,3,72,0,75,94,0,94,169
06/26/2011,FTY,GA,ASO,ES,Federal Contract Tower,0,7,23,2,32,0,0,39,0,39,0,7,62,2,71,132,0,132,203
06/27/2011,FTY,GA,ASO,ES,Federal Contract Tower,0,13,71,0,84,0,1,31,0,32,0,14,102,0,116,104,0,104,220
06/28/2011,FTY,GA,ASO,ES,Federal Contract Tower,0,15,59,0,74,0,0,43,0,43,0,15,102,0,117,146,0,146,263
06/29/2011,FTY,GA,ASO,ES,Federal Contract Tower,0,23,57,0,80,0,0,46,0,46,0,23,103,0,126,84,0,84,210
06/30/2011,FTY,GA,ASO,ES,Federal Contract Tower,0,22,82,2,106,0,0,48,0,48,0,22,130,2,154,108,0,108,262
07/01/2011,FTY,GA,ASO,ES,Federal Contract Tower,0,11,50,0,61,0,0,44,0,44,0,11,94,0,105,144,0,144,249
07/02/2011,FTY,GA,ASO,ES,Federal Contract Tower,0,3,31,0,34,0,0,48,0,48,0,3,79,0,82,58,0,58,140
07/03/2011,FTY,GA,ASO,ES,Federal Contract Tower,0,6,11,0,17,0,0,44,0,44,0,6,55,0,61,106,0,106,167
07/04/2011,FTY,GA,ASO,ES,Federal Contract Tower,0,9,14,0,23,0,0,20,0,20,0,9,34,0,43,12,0,12,55
07/05/2011,FTY,GA,ASO,ES,Federal Contract Tower,0,12,49,0,61,0,0,29,0,29,0,12,78,0,90,64,0,64,154
07/06/2011,FTY,GA,ASO,ES,Federal Contract Tower,0,14,46,2,62,0,0,32,0,32,0,14,78,2,94,100,0,100,194
07/07/2011,FTY,GA,ASO,ES,Federal Contract Tower,0,9,56,3,68,0,0,45,0,45,0,9,101,3,113,90,0,90,203
07/08/2011,FTY,GA,ASO,ES,Federal Contract Tower,0,8,45,0,53,0,0,20,0,20,0,8,65,0,73,38,0,38,111
07/09/2011,FTY,GA,ASO,ES,Federal Contract Tower,0,3,15,0,18,0,0,42,0,42,0,3,57,0,60,188,0,188,248
07/10/2011,FTY,GA,ASO,ES,Federal Contract Tower,0,7,26,0,33,0,0,22,0,22,0,7,48,0,55,60,0,60,115
07/11/2011,FTY,GA,ASO,ES,Federal Contract Tower,0,7,53,0,60,0,0,47,2,49,0,7,100,2,109,92,0,92,201
07/12/2011,FTY,GA,ASO,ES,Federal Contract Tower,0,12,54,0,66,0,0,41,2,43,0,12,95,2,109,66,0,66,175
07/13/2011,FTY,GA,ASO,ES,Federal Contract Tower,0,16,55,0,71,0,0,46,1,47,0,16,101,1,118,90,0,90,208
07/14/2011,FTY,GA,ASO,ES,Federal Contract Tower,0,13,71,0,84,0,0,47,0,47,0,13,118,0,131,110,0,110,241
07/15/2011,FTY,GA,ASO,ES,Federal Contract Tower,0,17,56,0,73,0,0,8,0,8,0,17,64,0,81,98,0,98,179
07/16/2011,FTY,GA,ASO,ES,Federal Contract Tower,0,5,32,0,37,0,0,33,0,33,0,5,65,0,70,96,0,96,166
07/17/2011,FTY,GA,ASO,ES,Federal Contract Tower,0,6,31,0,37,0,0,58,0,58,0,6,89,0,95,106,0,106,201
07/18/2011,FTY,GA,ASO,ES,Federal Contract Tower,0,11,58,0,69,0,0,37,0,37,0,11,95,0,106,80,0,80,186
07/19/2011,FTY,GA,ASO,ES,Federal Contract Tower,0,18,74,2,94,0,3,36,0,39,0,21,110,2,133,82,0,82,215
07/20/2011,FTY,GA,ASO,ES,Federal Contract Tower,0,16,83,0,99,0,0,33,0,33,0,16,116,0,132,32,0,32,164
07/21/2011,FTY,GA,ASO,ES,Federal Contract Tower,0,13,81,0,94,0,0,98,1,99,0,13,179,1,193,44,0,44,237
07/22/2011,FTY,GA,ASO,ES,Federal Contract Tower,0,18,52,0,70,0,0,37,2,39,0,18,89,2,109,48,0,48,157
07/23/2011,FTY,GA,ASO,ES,Federal Contract Tower,0,7,16,0,23,0,0,50,2,52,0,7,66,2,75,120,0,120,195
07/24/2011,FTY,GA,ASO,ES,Federal Contract Tower,0,8,23,0,31,0,0,25,0,25,0,8,48,0,56,96,0,96,152
07/25/2011,FTY,GA,ASO,ES,Federal Contract Tower,0,8,73,0,81,0,0,11,0,11,0,8,84,0,92,4,0,4,96
07/26/2011,FTY,GA,ASO,ES,Federal Contract Tower,0,17,57,0,74,0,0,34,0,34,0,17,91,0,108,94,0,94,202
07/27/2011,FTY,GA,ASO,ES,Federal Contract Tower,0,9,67,0,76,0,1,48,0,49,0,10,115,0,125,58,0,58,183
07/28/2011,FTY,GA,ASO,ES,Federal Contract Tower,0,13,77,0,90,0,0,33,0,33,0,13,110,0,123,37,0,37,160
07/29/2011,FTY,GA,ASO,ES,Federal Contract Tower,0,8,54,2,64,0,1,41,0,42,0,9,95,2,106,36,0,36,142
07/30/2011,FTY,GA,ASO,ES,Federal Contract Tower,0,3,25,2,30,0,0,27,0,27,0,3,52,2,57,30,0,30,87
07/31/2011,FTY,GA,ASO,ES,Federal Contract Tower,0,8,24,2,34,0,0,38,3,41,0,8,62,5,75,66,0,66,141
08/01/2011,FTY,GA,ASO,ES,Federal Contract Tower,0,10,74,0,84,0,0,23,0,23,0,10,97,0,107,28,0,28,135
08/02/2011,FTY,GA,ASO,ES,Federal Contract Tower,0,13,50,2,65,0,0,55,2,57,0,13,105,4,122,52,0,52,174
08/03/2011,FTY,GA,ASO,ES,Federal Contract Tower,0,21,46,1,68,0,0,40,0,40,0,21,86,1,108,102,0,102,210
08/04/2011,FTY,GA,ASO,ES,Federal Contract Tower,0,9,56,4,69,0,0,23,0,23,0,9,79,4,92,24,0,24,116
08/05/2011,FTY,GA,ASO,ES,Federal Contract Tower,0,8,42,0,50,0,2,36,0,38,0,10,78,0,88,34,0,34,122
08/06/2011,FTY,GA,ASO,ES,Federal Contract Tower,0,4,14,0,18,0,0,16,0,16,0,4,30,0,34,14,0,14,48
08/07/2011,FTY,GA,ASO,ES,Federal Contract Tower,0,6,34,0,40,0,2,32,0,34,0,8,66,0,74,58,0,58,132
08/08/2011,FTY,GA,ASO,ES,Federal Contract Tower,0,14,47,0,61,0,0,45,0,45,0,14,92,0,106,28,0,28,134
08/09/2011,FTY,GA,ASO,ES,Federal Contract Tower,0,12,74,0,86,0,0,38,0,38,0,12,112,0,124,70,0,70,194
08/10/2011,FTY,GA,ASO,ES,Federal Contract Tower,0,16,84,0,100,0,0,35,0,35,0,16,119,0,135,60,0,60,195
08/11/2011,FTY,GA,ASO,ES,Federal Contract Tower,0,11,55,2,68,0,0,32,0,32,0,11,87,2,100,40,0,40,140
08/12/2011,FTY,GA,ASO,ES,Federal Contract Tower,0,6,57,0,63,0,0,38,0,38,0,6,95,0,101,32,0,32,133
08/13/2011,FTY,GA,ASO,ES,Federal Contract Tower,0,4,18,0,22,0,0,31,0,31,0,4,49,0,53,22,0,22,75
08/14/2011,FTY,GA,ASO,ES,Federal Contract Tower,0,10,27,0,37,0,0,28,0,28,0,10,55,0,65,26,0,26,91
08/15/2011,FTY,GA,ASO,ES,Federal Contract Tower,0,11,55,0,66,0,0,42,0,42,0,11,97,0,108,48,0,48,156
08/16/2011,FTY,GA,ASO,ES,Federal Contract Tower,0,14,76,0,90,0,0,48,0,48,0,14,124,0,138,18,0,18,156
08/17/2011,FTY,GA,ASO,ES,Federal Contract Tower,0,18,63,1,82,0,0,44,1,45,0,18,107,2,127,58,0,58,185
08/18/2011,FTY,GA,ASO,ES,Federal Contract Tower,0,15,90,0,105,0,0,39,0,39,0,15,129,0,144,24,0,24,168
08/19/2011,FTY,GA,ASO,ES,Federal Contract Tower,0,12,55,1,68,0,0,39,0,39,0,12,94,1,107,42,0,42,149
08/20/2011,FTY,GA,ASO,ES,Federal Contract Tower,0,4,25,0,29,0,0,49,0,49,0,4,74,0,78,92,0,92,170
08/21/2011,FTY,GA,ASO,ES,Federal Contract Tower,0,8,33,0,41,0,0,27,0,27,0,8,60,0,68,12,0,12,80
08/22/2011,FTY,GA,ASO,ES,Federal Contract Tower,0,11,43,0,54,0,0,39,0,39,0,11,82,0,93,10,0,10,103
08/23/2011,FTY,GA,ASO,ES,Federal Contract Tower,0,19,63,0,82,0,2,40,0,42,0,21,103,0,124,54,0,54,178
08/24/2011,FTY,GA,ASO,ES,Federal Contract Tower,0,10,69,0,79,0,0,55,0,55,0,10,124,0,134,68,0,68,202
08/25/2011,FTY,GA,ASO,ES,Federal Contract Tower,0,22,62,0,84,0,0,33,0,33,0,22,95,0,117,8,0,8,125
08/26/2011,FTY,GA,ASO,ES,Federal Contract Tower,0,12,56,4,72,0,0,45,0,45,0,12,101,4,117,46,0,46,163
08/27/2011,FTY,GA,ASO,ES,Federal Contract Tower,0,0,14,1,15,0,0,49,0,49,0,0,63,1,64,14,0,14,78
08/28/2011,FTY,GA,ASO,ES,Federal Contract Tower,0,4,33,4,41,0,1,42,0,43,0,5,75,4,84,24,0,24,108
08/29/2011,FTY,GA,ASO,ES,Federal Contract Tower,0,10,43,1,54,0,0,42,0,42,0,10,85,1,96,16,0,16,112
08/30/2011,FTY,GA,ASO,ES,Federal Contract Tower,0,24,60,0,84,0,0,29,1,30,0,24,89,1,114,14,0,14,128
08/31/2011,FTY,GA,ASO,ES,Federal Contract Tower,0,12,69,0,81,0,0,0,0,0,0,12,69,0,81,16,0,16,97
09/01/2011,FTY,GA,ASO,ES,Federal Contract Tower,0,15,72,0,87,0,4,33,0,37,0,19,105,0,124,54,0,54,178
09/02/2011,FTY,GA,ASO,ES,Federal Contract Tower,0,9,75,0,84,0,0,35,2,37,0,9,110,2,121,34,0,34,155
09/03/2011,FTY,GA,ASO,ES,Federal Contract Tower,0,5,14,0,19,0,1,44,0,45,0,6,58,0,64,24,0,24,88
09/04/2011,FTY,GA,ASO,ES,Federal Contract Tower,0,6,19,1,26,0,0,15,0,15,0,6,34,1,41,16,0,16,57
09/05/2011,FTY,GA,ASO,ES,Federal Contract Tower,0,11,20,1,32,0,0,0,0,0,0,11,20,1,32,0,0,0,32
09/06/2011,FTY,GA,ASO,ES,Federal Contract Tower,0,18,58,2,78,0,0,2,0,2,0,18,60,2,80,0,0,0,80
09/07/2011,FTY,GA,ASO,ES,Federal Contract Tower,0,18,67,2,87,0,0,13,0,13,0,18,80,2,100,28,0,28,128
09/08/2011,FTY,GA,ASO,ES,Federal Contract Tower,0,10,62,0,72,0,0,26,0,26,0,10,88,0,98,38,0,38,136
09/09/2011,FTY,GA,ASO,ES,Federal Contract Tower,0,15,64,0,79,0,2,57,0,59,0,17,121,0,138,40,0,40,178
09/10/2011,FTY,GA,ASO,ES,Federal Contract Tower,0,2,30,0,32,0,1,49,2,52,0,3,79,2,84,44,0,44,128
09/11/2011,FTY,GA,ASO,ES,Federal Contract Tower,0,3,30,0,33,0,0,57,0,57,0,3,87,0,90,84,0,84,174
09/12/2011,FTY,GA,ASO,ES,Federal Contract Tower,0,8,45,0,53,0,0,52,2,54,0,8,97,2,107,28,12,40,147
09/13/2011,FTY,GA,ASO,ES,Federal Contract Tower,0,14,54,0,68,0,0,50,0,50,0,14,104,0,118,88,0,88,206
09/14/2011,FTY,GA,ASO,ES,Federal Contract Tower,0,19,73,0,92,0,0,50,0,50,0,19,123,0,142,52,0,52,194
09/15/2011,FTY,GA,ASO,ES,Federal Contract Tower,0,20,74,0,94,0,0,41,0,41,0,20,115,0,135,20,0,20,155
09/16/2011,FTY,GA,ASO,ES,Federal Contract Tower,0,15,73,0,88,0,1,28,0,29,0,16,101,0,117,52,0,52,169
09/17/2011,FTY,GA,ASO,ES,Federal Contract Tower,0,5,35,0,40,0,0,23,0,23,0,5,58,0,63,40,0,40,103
09/18/2011,FTY,GA,ASO,ES,Federal Contract Tower,0,17,45,0,62,0,0,17,0,17,0,17,62,0,79,58,0,58,137
09/19/2011,FTY,GA,ASO,ES,Federal Contract Tower,0,18,56,0,74,0,0,20,0,20,0,18,76,0,94,20,0,20,114
09/20/2011,FTY,GA,ASO,ES,Federal Contract Tower,0,17,57,0,74,0,0,19,0,19,0,17,76,0,93,66,0,66,159
09/21/2011,FTY,GA,ASO,ES,Federal Contract Tower,0,22,69,0,91,0,0,18,0,18,0,22,87,0,109,6,0,6,115
09/22/2011,FTY,GA,ASO,ES,Federal Contract Tower,0,17,84,0,101,0,0,13,0,13,0,17,97,0,114,0,0,0,114
09/23/2011,FTY,GA,ASO,ES,Federal Contract Tower,0,9,64,0,73,0,0,41,0,41,0,9,105,0,114,80,0,80,194
09/24/2011,FTY,GA,ASO,ES,Federal Contract Tower,0,4,29,0,33,0,0,44,0,44,0,4,73,0,77,92,0,92,169
09/25/2011,FTY,GA,ASO,ES,Federal Contract Tower,0,5,55,0,60,0,0,47,0,47,0,5,102,0,107,94,0,94,201
09/26/2011,FTY,GA,ASO,ES,Federal Contract Tower,0,7,65,0,72,0,0,25,0,25,0,7,90,0,97,22,0,22,119
09/27/2011,FTY,GA,ASO,ES,Federal Contract Tower,0,15,59,0,74,0,0,34,0,34,0,15,93,0,108,64,0,64,172
09/28/2011,FTY,GA,ASO,ES,Federal Contract Tower,0,16,65,0,81,0,0,46,0,46,0,16,111,0,127,16,0,16,143
09/29/2011,FTY,GA,ASO,ES,Federal Contract Tower,0,11,78,0,89,0,0,37,0,37,0,11,115,0,126,42,0,42,168
09/30/2011,FTY,GA,ASO,ES,Federal Contract Tower,0,14,57,0,71,0,0,59,0,59,0,14,116,0,130,88,0,88,218
10/01/2011,FTY,GA,ASO,ES,Federal Contract Tower,0,7,22,0,29,0,0,47,1,48,0,7,69,1,77,38,0,38,115
10/02/2011,FTY,GA,ASO,ES,Federal Contract Tower,0,10,32,0,42,0,0,56,0,56,0,10,88,0,98,40,0,40,138
10/03/2011,FTY,GA,ASO,ES,Federal Contract Tower,0,25,88,0,113,0,0,30,0,30,0,25,118,0,143,48,0,48,191
10/04/2011,FTY,GA,ASO,ES,Federal Contract Tower,0,18,66,0,84,0,0,39,0,39,0,18,105,0,123,30,0,30,153
10/05/2011,FTY,GA,ASO,ES,Federal Contract Tower,0,14,73,0,87,0,0,37,0,37,0,14,110,0,124,42,0,42,166
10/06/2011,FTY,GA,ASO,ES,Federal Contract Tower,0,13,105,0,118,0,0,55,0,55,0,13,160,0,173,20,0,20,193
10/07/2011,FTY,GA,ASO,ES,Federal Contract Tower,0,11,58,0,69,0,0,41,0,41,0,11,99,0,110,52,0,52,162
10/08/2011,FTY,GA,ASO,ES,Federal Contract Tower,0,4,24,0,28,0,0,32,0,32,0,4,56,0,60,56,0,56,116
10/09/2011,FTY,GA,ASO,ES,Federal Contract Tower,0,9,41,0,50,0,0,15,0,15,0,9,56,0,65,40,0,40,105
10/10/2011,FTY,GA,ASO,ES,Federal Contract Tower,0,15,61,0,76,0,0,9,0,9,0,15,70,0,85,8,0,8,93
10/11/2011,FTY,GA,ASO,ES,Federal Contract Tower,0,19,65,0,84,0,0,0,0,0,0,19,65,0,84,0,0,0,84
10/12/2011,FTY,GA,ASO,ES,Federal Contract Tower,0,8,87,0,95,0,0,12,0,12,0,8,99,0,107,72,0,72,179
10/13/2011,FTY,GA,ASO,ES,Federal Contract Tower,0,13,82,0,95,0,0,2,0,2,0,13,84,0,97,2,0,2,99
10/14/2011,FTY,GA,ASO,ES,Federal Contract Tower,0,11,59,0,70,0,0,44,0,44,0,11,103,0,114,102,0,102,216
10/15/2011,FTY,GA,ASO,ES,Federal Contract Tower,0,4,34,0,38,0,0,47,0,47,0,4,81,0,85,122,0,122,207
10/16/2011,FTY,GA,ASO,ES,Federal Contract Tower,0,8,64,0,72,0,3,34,0,37,0,11,98,0,109,32,0,32,141
10/17/2011,FTY,GA,ASO,ES,Federal Contract Tower,0,6,52,0,58,0,0,55,0,55,0,6,107,0,113,24,0,24,137
10/18/2011,FTY,GA,ASO,ES,Federal Contract Tower,0,14,53,0,67,0,1,36,0,37,0,15,89,0,104,32,0,32,136
10/19/2011,FTY,GA,ASO,ES,Federal Contract Tower,0,8,64,0,72,0,0,4,0,4,0,8,68,0,76,0,0,0,76
10/20/2011,FTY,GA,ASO,ES,Federal Contract Tower,0,8,91,0,99,0,0,41,0,41,0,8,132,0,140,34,0,34,174
10/21/2011,FTY,GA,ASO,ES,Federal Contract Tower,0,4,62,0,66,0,0,56,0,56,0,4,118,0,122,62,0,62,184
10/22/2011,FTY,GA,ASO,ES,Federal Contract Tower,0,3,25,0,28,0,0,43,0,43,0,3,68,0,71,80,0,80,151
10/23/2011,FTY,GA,ASO,ES,Federal Contract Tower,0,7,48,0,55,0,0,59,0,59,0,7,107,0,114,134,0,134,248
10/24/2011,FTY,GA,ASO,ES,Federal Contract Tower,0,8,52,2,62,0,0,75,0,75,0,8,127,2,137,52,0,52,189
10/25/2011,FTY,GA,ASO,ES,Federal Contract Tower,0,8,63,2,73,0,2,62,0,64,0,10,125,2,137,86,0,86,223
10/26/2011,FTY,GA,ASO,ES,Federal Contract Tower,0,15,50,0,65,0,0,56,0,56,0,15,106,0,121,38,0,38,159
10/27/2011,FTY,GA,ASO,ES,Federal Contract Tower,0,10,69,0,79,0,0,46,0,46,0,10,115,0,125,58,0,58,183
10/28/2011,FTY,GA,ASO,ES,Federal Contract Tower,0,16,43,0,59,0,0,18,0,18,0,16,61,0,77,16,0,16,93
10/29/2011,FTY,GA,ASO,ES,Federal Contract Tower,0,4,17,0,21,0,0,19,0,19,0,4,36,0,40,6,0,6,46
10/30/2011,FTY,GA,ASO,ES,Federal Contract Tower,0,7,33,0,40,0,1,38,0,39,0,8,71,0,79,60,0,60,139
10/31/2011,FTY,GA,ASO,ES,Federal Contract Tower,0,10,41,0,51,0,0,29,0,29,0,10,70,0,80,2,0,2,82
11/01/2011,FTY,GA,ASO,ES,Federal Contract Tower,0,10,60,0,70,0,0,39,0,39,0,10,99,0,109,46,0,46,155
11/02/2011,FTY,GA,ASO,ES,Federal Contract Tower,0,17,41,0,58,0,0,39,0,39,0,17,80,0,97,70,0,70,167
11/03/2011,FTY,GA,ASO,ES,Federal Contract Tower,0,10,73,0,83,0,0,15,0,15,0,10,88,0,98,6,0,6,104
11/04/2011,FTY,GA,ASO,ES,Federal Contract Tower,0,6,72,0,78,0,0,34,0,34,0,6,106,0,112,30,0,30,142
11/05/2011,FTY,GA,ASO,ES,Federal Contract Tower,0,5,43,0,48,0,0,56,0,56,0,5,99,0,104,128,0,128,232
11/06/2011,FTY,GA,ASO,ES,Federal Contract Tower,0,7,44,0,51,0,0,52,0,52,0,7,96,0,103,74,0,74,177
11/07/2011,FTY,GA,ASO,ES,Federal Contract Tower,0,8,47,0,55,0,0,62,0,62,0,8,109,0,117,24,0,24,141
11/08/2011,FTY,GA,ASO,ES,Federal Contract Tower,0,17,53,0,70,0,0,62,0,62,0,17,115,0,132,64,0,64,196
11/09/2011,FTY,GA,ASO,ES,Federal Contract Tower,0,12,63,0,75,0,0,21,0,21,0,12,84,0,96,8,0,8,104
11/10/2011,FTY,GA,ASO,ES,Federal Contract Tower,0,18,63,2,83,0,0,25,2,27,0,18,88,4,110,16,0,16,126
11/11/2011,FTY,GA,ASO,ES,Federal Contract Tower,0,20,51,0,71,0,0,47,0,47,0,20,98,0,118,52,0,52,170
11/12/2011,FTY,GA,ASO,ES,Federal Contract Tower,0,2,19,0,21,0,0,45,0,45,0,2,64,0,66,62,0,62,128
11/13/2011,FTY,GA,ASO,ES,Federal Contract Tower,0,22,60,0,82,0,0,26,0,26,0,22,86,0,108,38,0,38,146
11/14/2011,FTY,GA,ASO,ES,Federal Contract Tower,0,19,75,0,94,0,0,36,0,36,0,19,111,0,130,60,0,60,190
11/15/2011,FTY,GA,ASO,ES,Federal Contract Tower,0,19,81,0,100,0,0,7,0,7,0,19,88,0,107,14,0,14,121
11/16/2011,FTY,GA,ASO,ES,Federal Contract Tower,0,12,59,0,71,0,0,4,0,4,0,12,63,0,75,18,0,18,93
11/17/2011,FTY,GA,ASO,ES,Federal Contract Tower,0,15,77,0,92,0,0,22,0,22,0,15,99,0,114,32,0,32,146
11/18/2011,FTY,GA,ASO,ES,Federal Contract Tower,0,14,55,0,69,0,0,55,0,55,0,14,110,0,124,72,0,72,196
11/19/2011,FTY,GA,ASO,ES,Federal Contract Tower,0,9,31,0,40,0,0,20,0,20,0,9,51,0,60,44,0,44,104
11/20/2011,FTY,GA,ASO,ES,Federal Contract Tower,0,8,47,0,55,0,0,4,0,4,0,8,51,0,59,4,0,4,63
11/21/2011,FTY,GA,ASO,ES,Federal Contract Tower,0,16,67,0,83,0,0,24,0,24,0,16,91,0,107,70,0,70,177
11/22/2011,FTY,GA,ASO,ES,Federal Contract Tower,0,20,56,0,76,0,0,34,0,34,0,20,90,0,110,32,0,32,142
11/23/2011,FTY,GA,ASO,ES,Federal Contract Tower,0,10,41,0,51,0,0,16,0,16,0,10,57,0,67,44,0,44,111
11/24/2011,FTY,GA,ASO,ES,Federal Contract Tower,0,2,9,0,11,0,0,14,0,14,0,2,23,0,25,30,0,30,55
11/25/2011,FTY,GA,ASO,ES,Federal Contract Tower,0,5,22,0,27,0,0,28,0,28,0,5,50,0,55,24,0,24,79
11/26/2011,FTY,GA,ASO,ES,Federal Contract Tower,0,2,21,0,23,0,0,32,0,32,0,2,53,0,55,64,0,64,119
11/27/2011,FTY,GA,ASO,ES,Federal Contract Tower,0,15,39,0,54,0,0,10,0,10,0,15,49,0,64,28,0,28,92
11/28/2011,FTY,GA,ASO,ES,Federal Contract Tower,0,15,55,0,70,0,0,0,0,0,0,15,55,0,70,0,0,0,70
11/29/2011,FTY,GA,ASO,ES,Federal Contract Tower,0,13,56,0,69,0,0,4,0,4,0,13,60,0,73,0,0,0,73
11/30/2011,FTY,GA,ASO,ES,Federal Contract Tower,1,15,76,0,92,0,0,25,0,25,1,15,101,0,117,14,0,14,131
12/01/2011,FTY,GA,ASO,ES,Federal Contract Tower,1,13,80,0,94,0,0,33,0,33,1,13,113,0,127,28,0,28,155
12/02/2011,FTY,GA,ASO,ES,Federal Contract Tower,0,11,74,1,86,0,0,44,2,46,0,11,118,3,132,42,2,44,176
12/03/2011,FTY,GA,ASO,ES,Federal Contract Tower,0,18,98,0,116,0,0,68,0,68,0,18,166,0,184,200,0,200,384
12/04/2011,FTY,GA,ASO,ES,Federal Contract Tower,0,12,69,1,82,0,0,29,0,29,0,12,98,1,111,76,0,76,187
12/05/2011,FTY,GA,ASO,ES,Federal Contract Tower,0,11,59,0,70,0,0,9,0,9,0,11,68,0,79,8,0,8,87
12/06/2011,FTY,GA,ASO,ES,Federal Contract Tower,0,8,74,0,82,0,0,2,0,2,0,8,76,0,84,8,0,8,92
12/07/2011,FTY,GA,ASO,ES,Federal Contract Tower,0,20,77,0,97,0,0,2,0,2,0,20,79,0,99,10,0,10,109
12/08/2011,FTY,GA,ASO,ES,Federal Contract Tower,0,8,81,0,89,0,0,31,0,31,0,8,112,0,120,48,0,48,168
12/09/2011,FTY,GA,ASO,ES,Federal Contract Tower,0,0,10,60,70,0,0,36,0,36,0,0,46,60,106,64,0,64,170
12/10/2011,FTY,GA,ASO,ES,Federal Contract Tower,0,3,25,0,28,0,0,26,0,26,0,3,51,0,54,50,0,50,104
12/11/2011,FTY,GA,ASO,ES,Federal Contract Tower,0,7,45,0,52,0,0,35,0,35,0,7,80,0,87,38,0,38,125
12/12/2011,FTY,GA,ASO,ES,Federal Contract Tower,0,15,50,0,65,0,0,6,0,6,0,15,56,0,71,2,0,2,73
12/13/2011,FTY,GA,ASO,ES,Federal Contract Tower,0,5,77,0,82,0,0,52,0,52,0,5,129,0,134,76,0,76,210
12/14/2011,FTY,GA,ASO,ES,Federal Contract Tower,0,8,63,0,71,0,0,38,2,40,0,8,101,2,111,68,0,68,179
12/15/2011,FTY,GA,ASO,ES,Federal Contract Tower,0,17,70,4,91,0,0,37,0,37,0,17,107,4,128,24,0,24,152
12/16/2011,FTY,GA,ASO,ES,Federal Contract Tower,0,8,47,0,55,0,0,27,0,27,0,8,74,0,82,22,0,22,104
12/17/2011,FTY,GA,ASO,ES,Federal Contract Tower,0,4,18,0,22,0,0,19,0,19,0,4,37,0,41,38,0,38,79
12/18/2011,FTY,GA,ASO,ES,Federal Contract Tower,0,5,14,0,19,0,0,58,0,58,0,5,72,0,77,78,0,78,155
12/19/2011,FTY,GA,ASO,ES,Federal Contract Tower,0,5,44,0,49,0,0,50,0,50,0,5,94,0,99,34,0,34,133
12/20/2011,FTY,GA,ASO,ES,Federal Contract Tower,0,15,39,0,54,0,0,13,0,13,0,15,52,0,67,26,0,26,93
12/21/2011,FTY,GA,ASO,ES,Federal Contract Tower,0,11,36,0,47,0,0,0,0,0,0,11,36,0,47,0,0,0,47
12/22/2011,FTY,GA,ASO,ES,Federal Contract Tower,0,11,26,0,37,0,0,0,0,0,0,11,26,0,37,0,0,0,37
12/23/2011,FTY,GA,ASO,ES,Federal Contract Tower,0,15,27,0,42,0,0,10,0,10,0,15,37,0,52,16,0,16,68
12/24/2011,FTY,GA,ASO,ES,Federal Contract Tower,0,4,13,0,17,0,0,23,0,23,0,4,36,0,40,66,0,66,106
12/25/2011,FTY,GA,ASO,ES,Federal Contract Tower,0,10,3,0,13,0,0,0,0,0,0,10,3,0,13,0,0,0,13
12/26/2011,FTY,GA,ASO,ES,Federal Contract Tower,0,9,30,0,39,0,0,37,0,37,0,9,67,0,76,36,0,36,112
12/27/2011,FTY,GA,ASO,ES,Federal Contract Tower,0,15,36,0,51,0,0,4,2,6,0,15,40,2,57,68,8,76,133
12/28/2011,FTY,GA,ASO,ES,Federal Contract Tower,0,14,30,0,44,0,0,45,0,45,0,14,75,0,89,18,0,18,107
12/29/2011,FTY,GA,ASO,ES,Federal Contract Tower,0,5,30,0,35,0,0,29,0,29,0,5,59,0,64,48,0,48,112
12/30/2011,FTY,GA,ASO,ES,Federal Contract Tower,0,8,24,0,32,0,0,19,0,19,0,8,43,0,51,10,0,10,61
12/31/2011,FTY,GA,ASO,ES,Federal Contract Tower,0,5,27,0,32,0,0,53,0,53,0,5,80,0,85,90,0,90,175
01/01/2012,FTY,GA,ASO,ES,Federal Contract Tower,0,8,30,0,38,0,0,3,0,3,0,8,33,0,41,0,0,0,41
01/02/2012,FTY,GA,ASO,ES,Federal Contract Tower,0,12,27,0,39,0,0,14,0,14,0,12,41,0,53,0,0,0,53
01/03/2012,FTY,GA,ASO,ES,Federal Contract Tower,0,14,25,0,39,0,0,30,0,30,0,14,55,0,69,52,0,52,121
01/04/2012,FTY,GA,ASO,ES,Federal Contract Tower,0,6,41,0,47,0,0,43,0,43,0,6,84,0,90,50,0,50,140
01/05/2012,FTY,GA,ASO,ES,Federal Contract Tower,0,13,46,0,59,0,0,68,0,68,0,13,114,0,127,76,0,76,203
01/06/2012,FTY,GA,ASO,ES,Federal Contract Tower,0,10,47,0,57,0,0,56,0,56,0,10,103,0,113,62,0,62,175
01/07/2012,FTY,GA,ASO,ES,Federal Contract Tower,0,6,20,0,26,0,0,19,0,19,0,6,39,0,45,138,0,138,183
01/08/2012,FTY,GA,ASO,ES,Federal Contract Tower,0,7,33,2,42,0,0,0,0,0,0,7,33,2,42,0,0,0,42
01/09/2012,FTY,GA,ASO,ES,Federal Contract Tower,0,5,48,0,53,0,0,7,0,7,0,5,55,0,60,40,0,40,100
01/10/2012,FTY,GA,ASO,ES,Federal Contract Tower,0,8,42,0,50,0,0,3,0,3,0,8,45,0,53,0,0,0,53
01/11/2012,FTY,GA,ASO,ES,Federal Contract Tower,0,9,49,2,60,0,0,0,0,0,0,9,49,2,60,26,0,26,86
01/12/2012,FTY,GA,ASO,ES,Federal Contract Tower,0,20,80,0,100,0,0,15,0,15,0,20,95,0,115,0,0,0,115
01/13/2012,FTY,GA,ASO,ES,Federal Contract Tower,0,18,52,0,70,0,0,38,0,38,0,18,90,0,108,60,0,60,168
01/14/2012,FTY,GA,ASO,ES,Federal Contract Tower,0,3,26,0,29,0,0,43,0,43,0,3,69,0,72,122,0,122,194
01/15/2012,FTY,GA,ASO,ES,Federal Contract Tower,0,11,16,0,27,0,0,42,0,42,0,11,58,0,69,76,0,76,145
01/16/2012,FTY,GA,ASO,ES,Federal Contract Tower,0,10,50,0,60,0,0,59,0,59,0,10,109,0,119,42,0,42,161
01/17/2012,FTY,GA,ASO,ES,Federal Contract Tower,0,12,51,0,63,0,0,8,0,8,0,12,59,0,71,12,0,12,83
01/18/2012,FTY,GA,ASO,ES,Federal Contract Tower,0,8,68,0,76,0,0,34,0,34,0,8,102,0,110,130,0,130,240
01/19/2012,FTY,GA,ASO,ES,Federal Contract Tower,0,18,79,0,97,0,0,53,0,53,0,18,132,0,150,114,0,114,264
01/20/2012,FTY,GA,ASO,ES,Federal Contract Tower,0,8,52,0,60,0,0,8,0,8,0,8,60,0,68,42,0,42,110
01/21/2012,FTY,GA,ASO,ES,Federal Contract Tower,0,3,20,0,23,0,0,4,0,4,0,3,24,0,27,36,0,36,63
01/22/2012,FTY,GA,ASO,ES,Federal Contract Tower,0,14,35,0,49,0,0,0,0,0,0,14,35,0,49,0,0,0,49
01/23/2012,FTY,GA,ASO,ES,Federal Contract Tower,0,18,73,0,91,0,0,3,0,3,0,18,76,0,94,0,0,0,94
01/24/2012,FTY,GA,ASO,ES,Federal Contract Tower,0,13,91,2,106,0,3,78,0,81,0,16,169,2,187,142,0,142,329
01/25/2012,FTY,GA,ASO,ES,Federal Contract Tower,0,14,71,0,85,0,0,50,0,50,0,14,121,0,135,76,0,76,211
01/26/2012,FTY,GA,ASO,ES,Federal Contract Tower,0,10,90,0,100,0,0,3,2,5,0,10,93,2,105,0,0,0,105
01/27/2012,FTY,GA,ASO,ES,Federal Contract Tower,0,15,47,0,62,0,0,32,0,32,0,15,79,0,94,12,0,12,106
01/28/2012,FTY,GA,ASO,ES,Federal Contract Tower,0,6,22,0,28,0,0,53,0,53,0,6,75,0,81,60,0,60,141
01/29/2012,FTY,GA,ASO,ES,Federal Contract Tower,0,6,28,0,34,0,0,43,0,43,0,6,71,0,77,146,0,146,223
01/30/2012,FTY,GA,ASO,ES,Federal Contract Tower,0,11,40,0,51,0,0,48,0,48,0,11,88,0,99,20,0,20,119
01/31/2012,FTY,GA,ASO,ES,Federal Contract Tower,0,10,68,0,78,0,0,53,0,53,0,10,121,0,131,116,0,116,247
02/01/2012,FTY,GA,ASO,ES,Federal Contract Tower,0,10,62,0,72,0,0,15,0,15,0,10,77,0,87,24,0,24,111
02/02/2012,FTY,GA,ASO,ES,Federal Contract Tower,0,12,71,0,83,0,0,36,0,36,0,12,107,0,119,14,0,14,133
02/03/2012,FTY,GA,ASO,ES,Federal Contract Tower,0,10,65,0,75,0,0,47,0,47,0,10,112,0,122,120,0,120,242
02/04/2012,FTY,GA,ASO,ES,Federal Contract Tower,0,1,26,0,27,0,0,21,0,21,0,1,47,0,48,76,0,76,124
02/05/2012,FTY,GA,ASO,ES,Federal Contract Tower,0,9,33,0,42,0,0,20,0,20,0,9,53,0,62,54,0,54,116
02/06/2012,FTY,GA,ASO,ES,Federal Contract Tower,0,13,55,0,68,0,0,19,0,19,0,13,74,0,87,0,58,58,145
02/07/2012,FTY,GA,ASO,ES,Federal Contract Tower,0,8,72,0,80,0,0,31,0,31,0,8,103,0,111,46,0,46,157
02/08/2012,FTY,GA,ASO,ES,Federal Contract Tower,0,9,56,0,65,0,0,50,0,50,0,9,106,0,115,32,0,32,147
02/09/2012,FTY,GA,ASO,ES,Federal Contract Tower,0,14,80,0,94,0,1,47,0,48,0,15,127,0,142,52,0,52,194
02/10/2012,FTY,GA,ASO,ES,Federal Contract Tower,0,10,56,0,66,0,0,49,0,49,0,10,105,0,115,124,0,124,239
02/11/2012,FTY,GA,ASO,ES,Federal Contract Tower,0,2,16,0,18,0,1,8,0,9,0,3,24,0,27,48,0,48,75
02/12/2012,FTY,GA,ASO,ES,Federal Contract Tower,0,10,35,0,45,0,0,24,0,24,0,10,59,0,69,12,0,12,81
02/13/2012,FTY,GA,ASO,ES,Federal Contract Tower,0,9,49,0,58,0,0,39,0,39,0,9,88,0,97,48,0,48,145
02/14/2012,FTY,GA,ASO,ES,Federal Contract Tower,0,10,56,0,66,0,0,8,2,10,0,10,64,2,76,4,0,4,80
02/15/2012,FTY,GA,ASO,ES,Federal Contract Tower,0,14,59,0,73,0,0,55,0,55,0,14,114,0,128,72,0,72,200
02/16/2012,FTY,GA,ASO,ES,Federal Contract Tower,0,10,65,0,75,0,0,3,0,3,0,10,68,0,78,0,0,0,78
02/17/2012,FTY,GA,ASO,ES,Federal Contract Tower,0,15,54,0,69,0,0,49,0,49,0,15,103,0,118,64,0,64,182
02/18/2012,FTY,GA,ASO,ES,Federal Contract Tower,0,2,19,1,22,0,0,18,0,18,0,2,37,1,40,66,0,66,106
02/19/2012,FTY,GA,ASO,ES,Federal Contract Tower,0,7,31,0,38,0,0,0,0,0,0,7,31,0,38,0,0,0,38
02/20/2012,FTY,GA,ASO,ES,Federal Contract Tower,0,6,36,0,42,0,0,49,0,49,0,6,85,0,91,42,0,42,133
02/21/2012,FTY,GA,ASO,ES,Federal Contract Tower,0,11,60,1,72,0,0,33,0,33,0,11,93,1,105,44,0,44,149
02/22/2012,FTY,GA,ASO,ES,Federal Contract Tower,0,17,67,0,84,0,0,4,0,4,0,17,71,0,88,6,0,6,94
02/23/2012,FTY,GA,ASO,ES,Federal Contract Tower,0,12,74,0,86,0,0,18,0,18,0,12,92,0,104,4,0,4,108
02/24/2012,FTY,GA,ASO,ES,Federal Contract Tower,0,13,50,0,63,0,0,6,0,6,0,13,56,0,69,22,0,22,91
02/25/2012,FTY,GA,ASO,ES,Federal Contract Tower,0,5,31,0,36,0,0,31,0,31,0,5,62,0,67,26,0,26,93
02/26/2012,FTY,GA,ASO,ES,Federal Contract Tower,0,5,38,0,43,0,0,55,0,55,0,5,93,0,98,58,0,58,156
02/27/2012,FTY,GA,ASO,ES,Federal Contract Tower,0,10,58,0,68,0,0,17,0,17,0,10,75,0,85,28,0,28,113
02/28/2012,FTY,GA,ASO,ES,Federal Contract Tower,0,11,74,0,85,0,2,20,0,22,0,13,94,0,107,14,0,14,121
02/29/2012,FTY,GA,ASO,ES,Federal Contract Tower,0,12,61,0,73,0,0,11,0,11,0,12,72,0,84,0,0,0,84
03/01/2012,FTY,GA,ASO,ES,Federal Contract Tower,0,8,55,0,63,0,0,51,0,51,0,8,106,0,114,90,0,90,204
03/02/2012,FTY,GA,ASO,ES,Federal Contract Tower,0,19,52,0,71,0,0,3,0,3,0,19,55,0,74,4,0,4,78
03/03/2012,FTY,GA,ASO,ES,Federal Contract Tower,0,11,16,0,27,0,0,14,0,14,0,11,30,0,41,48,0,48,89
03/04/2012,FTY,GA,ASO,ES,Federal Contract Tower,0,11,18,5,34,0,0,24,0,24,0,11,42,5,58,122,0,122,180
03/05/2012,FTY,GA,ASO,ES,Federal Contract Tower,0,5,57,3,65,0,0,22,0,22,0,5,79,3,87,14,0,14,101
03/06/2012,FTY,GA,ASO,ES,Federal Contract Tower,0,17,51,2,70,0,0,66,0,66,0,17,117,2,136,76,0,76,212
03/07/2012,FTY,GA,ASO,ES,Federal Contract Tower,0,17,43,4,64,0,0,35,0,35,0,17,78,4,99,96,0,96,195
03/08/2012,FTY,GA,ASO,ES,Federal Contract Tower,0,10,88,3,101,0,0,41,0,41,0,10,129,3,142,34,0,34,176
03/09/2012,FTY,GA,ASO,ES,Federal Contract Tower,0,10,73,0,83,0,0,17,0,17,0,10,90,0,100,20,0,20,120
03/10/2012,FTY,GA,ASO,ES,Federal Contract Tower,0,0,39,0,39,0,0,41,0,41,0,0,80,0,80,178,0,178,258
03/11/2012,FTY,GA,ASO,ES,Federal Contract Tower,0,15,49,0,64,0,0,34,0,34,0,15,83,0,98,66,0,66,164
03/12/2012,FTY,GA,ASO,ES,Federal Contract Tower,0,11,70,0,81,0,0,10,0,10,0,11,80,0,91,24,0,24,115
03/13/2012,FTY,GA,ASO,ES,Federal Contract Tower,0,8,60,0,68,0,0,6,1,7,0,8,66,1,75,0,0,0,75
03/14/2012,FTY,GA,ASO,ES,Federal Contract Tower,0,14,45,0,59,0,0,61,0,61,0,14,106,0,120,46,0,46,166
03/15/2012,FTY,GA,ASO,ES,Federal Contract Tower,0,13,51,0,64,0,0,35,0,35,0,13,86,0,99,34,0,34,133
03/16/2012,FTY,GA,ASO,ES,Federal Contract Tower,0,7,49,2,58,0,0,14,0,14,0,7,63,2,72,0,0,0,72
03/17/2012,FTY,GA,ASO,ES,Federal Contract Tower,0,4,22,0,26,0,0,57,0,57,0,4,79,0,83,116,0,116,199
03/18/2012,FTY,GA,ASO,ES,Federal Contract Tower,0,18,26,0,44,0,0,41,0,41,0,18,67,0,85,28,0,28,113
03/19/2012,FTY,GA,ASO,ES,Federal Contract Tower,0,5,55,0,60,0,0,37,0,37,0,5,92,0,97,62,0,62,159
03/20/2012,FTY,GA,ASO,ES,Federal Contract Tower,0,12,63,0,75,0,0,47,0,47,0,12,110,0,122,38,0,38,160
03/21/2012,FTY,GA,ASO,ES,Federal Contract Tower,0,6,52,0,58,0,0,46,0,46,0,6,98,0,104,48,0,48,152
03/22/2012,FTY,GA,ASO,ES,Federal Contract Tower,0,15,82,0,97,0,0,9,0,9,0,15,91,0,106,16,0,16,122
03/23/2012,FTY,GA,ASO,ES,Federal Contract Tower,0,11,77,0,88,0,0,5,0,5,0,11,82,0,93,0,0,0,93
03/24/2012,FTY,GA,ASO,ES,Federal Contract Tower,0,6,42,0,48,0,0,26,0,26,0,6,68,0,74,92,0,92,166
03/25/2012,FTY,GA,ASO,ES,Federal Contract Tower,0,7,72,0,79,0,0,28,0,28,0,7,100,0,107,22,0,22,129
03/26/2012,FTY,GA,ASO,ES,Federal Contract Tower,0,14,47,0,61,0,0,43,0,43,0,14,90,0,104,48,0,48,152
03/27/2012,FTY,GA,ASO,ES,Federal Contract Tower,0,7,68,0,75,0,0,58,0,58,0,7,126,0,133,108,0,108,241
03/28/2012,FTY,GA,ASO,ES,Federal Contract Tower,0,17,73,0,90,0,0,72,0,72,0,17,145,0,162,88,0,88,250
03/29/2012,FTY,GA,ASO,ES,Federal Contract Tower,0,15,79,0,94,0,0,54,0,54,0,15,133,0,148,24,0,24,172
03/30/2012,FTY,GA,ASO,ES,Federal Contract Tower,0,7,40,2,49,0,0,27,0,27,0,7,67,2,76,46,0,46,122
03/31/2012,FTY,GA,ASO,ES,Federal Contract Tower,0,3,41,0,44,0,0,15,0,15,0,3,56,0,59,26,0,26,85
04/01/2012,FTY,GA,ASO,ES,Federal Contract Tower,0,10,37,0,47,0,0,36,0,36,0,10,73,0,83,66,0,66,149
04/02/2012,FTY,GA,ASO,ES,Federal Contract Tower,0,3,57,0,60,0,0,35,0,35,0,3,92,0,95,42,0,42,137
04/03/2012,FTY,GA,ASO,ES,Federal Contract Tower,0,11,43,0,54,0,0,60,0,60,0,11,103,0,114,68,0,68,182
04/04/2012,FTY,GA,ASO,ES,Federal Contract Tower,0,18,63,0,81,0,1,34,0,35,0,19,97,0,116,58,0,58,174
04/05/2012,FTY,GA,ASO,ES,Federal Contract Tower,0,14,59,0,73,0,0,0,0,0,0,14,59,0,73,12,0,12,85
04/06/2012,FTY,GA,ASO,ES,Federal Contract Tower,0,11,50,0,61,0,0,10,0,10,0,11,60,0,71,12,0,12,83
04/07/2012,FTY,GA,ASO,ES,Federal Contract Tower,0,7,32,0,39,0,0,48,0,48,0,7,80,0,87,78,0,78,165
04/08/2012,FTY,GA,ASO,ES,Federal Contract Tower,0,8,25,0,33,0,0,17,0,17,0,8,42,0,50,0,0,0,50
04/09/2012,FTY,GA,ASO,ES,Federal Contract Tower,0,11,51,0,62,0,0,42,0,42,0,11,93,0,104,66,0,66,170
04/10/2012,FTY,GA,ASO,ES,Federal Contract Tower,0,11,49,0,60,0,0,35,0,35,0,11,84,0,95,100,0,100,195
04/11/2012,FTY,GA,ASO,ES,Federal Contract Tower,0,8,68,0,76,0,0,48,0,48,0,8,116,0,124,60,0,60,184
04/12/2012,FTY,GA,ASO,ES,Federal Contract Tower,0,12,61,0,73,0,0,56,0,56,0,12,117,0,129,84,0,84,213
04/13/2012,FTY,GA,ASO,ES,Federal Contract Tower,0,4,47,2,53,0,0,62,1,63,0,4,109,3,116,64,0,64,180
04/14/2012,FTY,GA,ASO,ES,Federal Contract Tower,0,2,26,0,28,0,0,47,0,47,0,2,73,0,75,34,0,34,109
04/15/2012,FTY,GA,ASO,ES,Federal Contract Tower,0,15,31,0,46,0,0,24,0,24,0,15,55,0,70,36,0,36,106
04/16/2012,FTY,GA,ASO,ES,Federal Contract Tower,0,8,36,1,45,0,0,17,0,17,0,8,53,1,62,30,0,30,92
04/17/2012,FTY,GA,ASO,ES,Federal Contract Tower,0,8,62,1,71,0,0,12,0,12,0,8,74,1,83,48,0,48,131
04/18/2012,FTY,GA,ASO,ES,Federal Contract Tower,0,13,72,2,87,0,0,6,0,6,0,13,78,2,93,34,0,34,127
04/19/2012,FTY,GA,ASO,ES,Federal Contract Tower,0,11,82,0,93,0,0,19,0,19,0,11,101,0,112,56,0,56,168
04/20/2012,FTY,GA,ASO,ES,Federal Contract Tower,0,7,60,0,67,0,0,16,0,16,0,7,76,0,83,90,0,90,173
04/21/2012,FTY,GA,ASO,ES,Federal Contract Tower,0,1,31,0,32,0,0,16,0,16,0,1,47,0,48,54,0,54,102
04/22/2012,FTY,GA,ASO,ES,Federal Contract Tower,0,11,45,0,56,0,0,33,0,33,0,11,78,0,89,122,0,122,211
04/23/2012,FTY,GA,ASO,ES,Federal Contract Tower,0,13,59,0,72,0,0,21,0,21,0,13,80,0,93,0,0,0,93
04/24/2012,FTY,GA,ASO,ES,Federal Contract Tower,0,16,87,0,103,0,0,46,0,46,0,16,133,0,149,148,0,148,297
04/25/2012,FTY,GA,ASO,ES,Federal Contract Tower,0,13,68,0,81,0,0,49,0,49,0,13,117,0,130,52,0,52,182
04/26/2012,FTY,GA,ASO,ES,Federal Contract Tower,0,7,68,0,75,0,0,32,0,32,0,7,100,0,107,46,0,46,153
04/27/2012,FTY,GA,ASO,ES,Federal Contract Tower,0,5,48,0,53,0,0,51,0,51,0,5,99,0,104,104,0,104,208
04/28/2012,FTY,GA,ASO,ES,Federal Contract Tower,0,1,34,0,35,0,0,46,0,46,0,1,80,0,81,46,0,46,127
04/29/2012,FTY,GA,ASO,ES,Federal Contract Tower,0,14,31,0,45,0,0,38,0,38,0,14,69,0,83,118,0,118,201
04/30/2012,FTY,GA,ASO,ES,Federal Contract Tower,0,6,65,0,71,0,0,55,0,55,0,6,120,0,126,64,0,64,190
05/01/2012,FTY,GA,ASO,ES,Federal Contract Tower,0,15,75,0,90,0,0,55,0,55,0,15,130,0,145,114,0,114,259
05/02/2012,FTY,GA,ASO,ES,Federal Contract Tower,0,8,57,2,67,0,0,49,0,49,0,8,106,2,116,42,0,42,158
05/03/2012,FTY,GA,ASO,ES,Federal Contract Tower,0,9,79,0,88,0,0,32,0,32,0,9,111,0,120,8,0,8,128
05/04/2012,FTY,GA,ASO,ES,Federal Contract Tower,0,7,49,0,56,0,0,28,0,28,0,7,77,0,84,74,0,74,158
05/05/2012,FTY,GA,ASO,ES,Federal Contract Tower,0,9,21,0,30,0,2,37,0,39,0,11,58,0,69,48,0,48,117
05/06/2012,FTY,GA,ASO,ES,Federal Contract Tower,0,14,44,0,58,0,0,18,0,18,0,14,62,0,76,34,0,34,110
05/07/2012,FTY,GA,ASO,ES,Federal Contract Tower,0,9,56,0,65,0,0,12,0,12,0,9,68,0,77,0,0,0,77
05/08/2012,FTY,GA,ASO,ES,Federal Contract Tower,0,13,55,0,68,0,0,16,0,16,0,13,71,0,84,2,0,2,86
05/09/2012,FTY,GA,ASO,ES,Federal Contract Tower,0,8,57,0,65,0,0,15,0,15,0,8,72,0,80,14,0,14,94
05/10/2012,FTY,GA,ASO,ES,Federal Contract Tower,0,5,66,0,71,0,0,58,0,58,0,5,124,0,129,108,0,108,237
05/11/2012,FTY,GA,ASO,ES,Federal Contract Tower,0,5,55,1,61,0,0,69,0,69,0,5,124,1,130,94,0,94,224
05/12/2012,FTY,GA,ASO,ES,Federal Contract Tower,0,12,43,1,56,0,0,38,0,38,0,12,81,1,94,38,0,38,132
05/13/2012,FTY,GA,ASO,ES,Federal Contract Tower,0,10,36,0,46,0,0,1,0,1,0,10,37,0,47,0,0,0,47
05/14/2012,FTY,GA,ASO,ES,Federal Contract Tower,0,13,62,0,75,0,0,13,0,13,0,13,75,0,88,18,0,18,106
05/15/2012,FTY,GA,ASO,ES,Federal Contract Tower,0,11,54,0,65,0,0,12,0,12,0,11,66,0,77,38,0,38,115
05/16/2012,FTY,GA,ASO,ES,Federal Contract Tower,0,18,66,0,84,0,0,33,0,33,0,18,99,0,117,26,0,26,143
05/17/2012,FTY,GA,ASO,ES,Federal Contract Tower,0,11,73,0,84,0,0,40,0,40,0,11,113,0,124,32,0,32,156
05/18/2012,FTY,GA,ASO,ES,Federal Contract Tower,0,10,43,0,53,0,0,33,0,33,0,10,76,0,86,44,0,44,130
05/19/2012,FTY,GA,ASO,ES,Federal Contract Tower,0,5,18,0,23,0,0,23,0,23,0,5,41,0,46,98,0,98,144
05/20/2012,FTY,GA,ASO,ES,Federal Contract Tower,0,10,45,0,55,0,0,29,0,29,0,10,74,0,84,50,0,50,134
05/21/2012,FTY,GA,ASO,ES,Federal Contract Tower,0,12,40,0,52,0,0,26,0,26,0,12,66,0,78,34,0,34,112
05/22/2012,FTY,GA,ASO,ES,Federal Contract Tower,0,8,56,2,66,0,0,25,0,25,0,8,81,2,91,42,0,42,133
05/23/2012,FTY,GA,ASO,ES,Federal Contract Tower,0,10,68,0,78,0,0,35,0,35,0,10,103,0,113,74,0,74,187
05/24/2012,FTY,GA,ASO,ES,Federal Contract Tower,0,8,49,0,57,0,0,45,0,45,0,8,94,0,102,50,0,50,152
05/25/2012,FTY,GA,ASO,ES,Federal Contract Tower,0,7,57,0,64,0,0,44,0,44,0,7,101,0,108,94,0,94,202
05/26/2012,FTY,GA,ASO,ES,Federal Contract Tower,0,7,19,0,26,0,0,21,0,21,0,7,40,0,47,32,0,32,79
05/27/2012,FTY,GA,ASO,ES,Federal Contract Tower,0,8,9,0,17,0,0,22,0,22,0,8,31,0,39,32,0,32,71
05/28/2012,FTY,GA,ASO,ES,Federal Contract Tower,0,8,30,0,38,0,0,27,0,27,0,8,57,0,65,24,0,24,89
05/29/2012,FTY,GA,ASO,ES,Federal Contract Tower,0,12,49,0,61,0,0,16,0,16,0,12,65,0,77,16,0,16,93
05/30/2012,FTY,GA,ASO,ES,Federal Contract Tower,0,15,52,0,67,0,0,23,0,23,0,15,75,0,90,58,0,58,148
05/31/2012,FTY,GA,ASO,ES,Federal Contract Tower,0,5,71,0,76,0,0,45,0,45,0,5,116,0,121,76,0,76,197
06/01/2012,FTY,GA,ASO,ES,Federal Contract Tower,0,2,41,0,43,0,0,7,0,7,0,2,48,0,50,20,0,20,70
06/02/2012,FTY,GA,ASO,ES,Federal Contract Tower,0,2,22,0,24,0,0,18,0,18,0,2,40,0,42,34,0,34,76
06/03/2012,FTY,GA,ASO,ES,Federal Contract Tower,0,8,39,0,47,0,0,19,0,19,0,8,58,0,66,36,0,36,102
06/04/2012,FTY,GA,ASO,ES,Federal Contract Tower,0,9,52,0,61,0,0,19,0,19,0,9,71,0,80,46,0,46,126
06/05/2012,FTY,GA,ASO,ES,Federal Contract Tower,0,8,66,0,74,0,0,23,0,23,0,8,89,0,97,48,0,48,145
06/06/2012,FTY,GA,ASO,ES,Federal Contract Tower,0,13,60,0,73,0,0,27,0,27,0,13,87,0,100,36,0,36,136
06/07/2012,FTY,GA,ASO,ES,Federal Contract Tower,0,6,55,0,61,0,0,53,0,53,0,6,108,0,114,46,0,46,160
06/08/2012,FTY,GA,ASO,ES,Federal Contract Tower,0,5,46,0,51,0,0,71,0,71,0,5,117,0,122,90,0,90,212
06/09/2012,FTY,GA,ASO,ES,Federal Contract Tower,0,8,34,0,42,0,0,73,0,73,0,8,107,0,115,142,0,142,257
06/10/2012,FTY,GA,ASO,ES,Federal Contract Tower,0,14,27,0,41,0,0,6,0,6,0,14,33,0,47,16,0,16,63
06/11/2012,FTY,GA,ASO,ES,Federal Contract Tower,0,8,63,0,71,0,0,4,0,4,0,8,67,0,75,12,0,12,87
06/12/2012,FTY,GA,ASO,ES,Federal Contract Tower,0,6,60,0,66,0,0,36,0,36,0,6,96,0,102,42,0,42,144
06/13/2012,FTY,GA,ASO,ES,Federal Contract Tower,0,10,53,0,63,0,0,54,2,56,0,10,107,2,119,102,0,102,221
06/14/2012,FTY,GA,ASO,ES,Federal Contract Tower,0,8,73,0,81,0,0,46,0,46,0,8,119,0,127,84,0,84,211
06/15/2012,FTY,GA,ASO,ES,Federal Contract Tower,0,9,41,0,50,0,0,86,2,88,0,9,127,2,138,80,0,80,218
06/16/2012,FTY,GA,ASO,ES,Federal Contract Tower,0,4,21,0,25,0,0,38,0,38,0,4,59,0,63,34,0,34,97
06/17/2012,FTY,GA,ASO,ES,Federal Contract Tower,0,9,30,0,39,0,0,15,2,17,0,9,45,2,56,60,0,60,116
06/18/2012,FTY,GA,ASO,ES,Federal Contract Tower,0,6,47,2,55,0,0,31,0,31,0,6,78,2,86,24,0,24,110
06/19/2012,FTY,GA,ASO,ES,Federal Contract Tower,0,7,47,1,55,0,0,36,0,36,0,7,83,1,91,68,0,68,159
06/20/2012,FTY,GA,ASO,ES,Federal Contract Tower,0,9,55,0,64,0,0,47,0,47,0,9,102,0,111,66,0,66,177
06/21/2012,FTY,GA,ASO,ES,Federal Contract Tower,0,17,66,2,85,0,0,56,0,56,0,17,122,2,141,80,0,80,221
06/22/2012,FTY,GA,ASO,ES,Federal Contract Tower,0,10,44,0,54,0,0,57,0,57,0,10,101,0,111,52,0,52,163
06/23/2012,FTY,GA,ASO,ES,Federal Contract Tower,0,3,25,0,28,0,0,27,0,27,0,3,52,0,55,82,0,82,137
06/24/2012,FTY,GA,ASO,ES,Federal Contract Tower,0,11,34,2,47,0,0,31,0,31,0,11,65,2,78,18,0,18,96
06/25/2012,FTY,GA,ASO,ES,Federal Contract Tower,0,12,45,0,57,0,0,38,0,38,0,12,83,0,95,92,0,92,187
06/26/2012,FTY,GA,ASO,ES,Federal Contract Tower,0,11,37,0,48,0,0,21,0,21,0,11,58,0,69,52,0,52,121
06/27/2012,FTY,GA,ASO,ES,Federal Contract Tower,0,16,55,0,71,0,0,69,0,69,0,16,124,0,140,116,0,116,256
06/28/2012,FTY,GA,ASO,ES,Federal Contract Tower,0,8,77,0,85,0,0,45,0,45,0,8,122,0,130,24,0,24,154
06/29/2012,FTY,GA,ASO,ES,Federal Contract Tower,0,11,40,0,51,0,0,45,0,45,0,11,85,0,96,24,0,24,120
06/30/2012,FTY,GA,ASO,ES,Federal Contract Tower,0,6,24,0,30,0,0,35,0,35,0,6,59,0,65,70,0,70,135
07/01/2012,FTY,GA,ASO,ES,Federal Contract Tower,0,12,20,0,32,0,0,19,0,19,0,12,39,0,51,32,0,32,83
07/02/2012,FTY,GA,ASO,ES,Federal Contract Tower,0,11,32,0,43,0,0,44,0,44,0,11,76,0,87,40,0,40,127
07/03/2012,FTY,GA,ASO,ES,Federal Contract Tower,0,6,31,0,37,0,0,44,0,44,0,6,75,0,81,60,0,60,141
07/04/2012,FTY,GA,ASO,ES,Federal Contract Tower,0,7,3,0,10,0,0,25,2,27,0,7,28,2,37,36,0,36,73
07/05/2012,FTY,GA,ASO,ES,Federal Contract Tower,0,5,43,0,48,0,0,37,0,37,0,5,80,0,85,84,0,84,169
07/06/2012,FTY,GA,ASO,ES,Federal Contract Tower,0,4,28,0,32,0,0,41,0,41,0,4,69,0,73,40,0,40,113
07/07/2012,FTY,GA,ASO,ES,Federal Contract Tower,0,3,9,0,12,0,0,25,4,29,0,3,34,4,41,22,0,22,63
07/08/2012,FTY,GA,ASO,ES,Federal Contract Tower,0,13,30,0,43,0,0,32,0,32,0,13,62,0,75,60,0,60,135
07/09/2012,FTY,GA,ASO,ES,Federal Contract Tower,0,5,37,0,42,0,0,26,0,26,0,5,63,0,68,16,0,16,84
07/10/2012,FTY,GA,ASO,ES,Federal Contract Tower,0,8,49,0,57,0,0,53,0,53,0,8,102,0,110,72,0,72,182
07/11/2012,FTY,GA,ASO,ES,Federal Contract Tower,0,9,57,0,66,0,0,30,0,30,0,9,87,0,96,32,0,32,128
07/12/2012,FTY,GA,ASO,ES,Federal Contract Tower,0,4,80,0,84,0,0,26,0,26,0,4,106,0,110,10,0,10,120
07/13/2012,FTY,GA,ASO,ES,Federal Contract Tower,0,2,46,4,52,0,0,23,0,23,0,2,69,4,75,18,0,18,93
07/14/2012,FTY,GA,ASO,ES,Federal Contract Tower,0,6,24,0,30,0,0,15,0,15,0,6,39,0,45,20,0,20,65
07/15/2012,FTY,GA,ASO,ES,Federal Contract Tower,0,12,33,4,49,0,0,22,0,22,0,12,55,4,71,34,0,34,105
07/16/2012,FTY,GA,ASO,ES,Federal Contract Tower,0,8,59,0,67,0,0,23,0,23,0,8,82,0,90,16,0,16,106
07/17/2012,FTY,GA,ASO,ES,Federal Contract Tower,0,9,54,0,63,0,0,33,0,33,0,9,87,0,96,22,0,22,118
07/18/2012,FTY,GA,ASO,ES,Federal Contract Tower,0,15,69,0,84,0,0,23,0,23,0,15,92,0,107,46,0,46,153
07/19/2012,FTY,GA,ASO,ES,Federal Contract Tower,0,14,89,0,103,0,0,31,0,31,0,14,120,0,134,102,0,102,236
07/20/2012,FTY,GA,ASO,ES,Federal Contract Tower,0,15,65,0,80,0,0,9,0,9,0,15,74,0,89,44,0,44,133
07/21/2012,FTY,GA,ASO,ES,Federal Contract Tower,0,5,27,0,32,0,0,2,0,2,0,5,29,0,34,12,0,12,46
07/22/2012,FTY,GA,ASO,ES,Federal Contract Tower,0,11,23,0,34,0,0,17,0,17,0,11,40,0,51,108,0,108,159
07/23/2012,FTY,GA,ASO,ES,Federal Contract Tower,0,8,55,0,63,0,0,21,0,21,0,8,76,0,84,10,0,10,94
07/24/2012,FTY,GA,ASO,ES,Federal Contract Tower,0,12,72,0,84,0,0,27,0,27,0,12,99,0,111,98,0,98,209
07/25/2012,FTY,GA,ASO,ES,Federal Contract Tower,0,9,59,4,72,0,0,36,0,36,0,9,95,4,108,76,0,76,184
07/26/2012,FTY,GA,ASO,ES,Federal Contract Tower,0,9,83,0,92,0,0,40,0,40,0,9,123,0,132,54,0,54,186
07/27/2012,FTY,GA,ASO,ES,Federal Contract Tower,0,5,42,0,47,0,0,50,1,51,0,5,92,1,98,132,0,132,230
07/28/2012,FTY,GA,ASO,ES,Federal Contract Tower,0,2,30,0,32,0,0,29,0,29,0,2,59,0,61,52,0,52,113
07/29/2012,FTY,GA,ASO,ES,Federal Contract Tower,0,11,21,0,32,0,0,37,0,37,0,11,58,0,69,24,0,24,93
07/30/2012,FTY,GA,ASO,ES,Federal Contract Tower,0,8,42,0,50,0,0,37,0,37,0,8,79,0,87,72,0,72,159
07/31/2012,FTY,GA,ASO,ES,Federal Contract Tower,0,13,55,0,68,0,0,10,0,10,0,13,65,0,78,90,0,90,168
08/01/2012,FTY,GA,ASO,ES,Federal Contract Tower,0,7,63,0,70,0,0,35,0,35,0,7,98,0,105,40,0,40,145
08/02/2012,FTY,GA,ASO,ES,Federal Contract Tower,0,9,42,0,51,0,0,30,0,30,0,9,72,0,81,40,0,40,121
08/03/2012,FTY,GA,ASO,ES,Federal Contract Tower,0,5,50,0,55,0,1,28,0,29,0,6,78,0,84,69,0,69,153
08/04/2012,FTY,GA,ASO,ES,Federal Contract Tower,0,3,28,0,31,0,0,8,0,8,0,3,36,0,39,22,0,22,61
08/05/2012,FTY,GA,ASO,ES,Federal Contract Tower,0,10,40,0,50,0,0,36,0,36,0,10,76,0,86,42,0,42,128
08/06/2012,FTY,GA,ASO,ES,Federal Contract Tower,0,2,56,0,58,0,0,16,0,16,0,2,72,0,74,12,0,12,86
08/07/2012,FTY,GA,ASO,ES,Federal Contract Tower,0,3,36,0,39,0,0,13,0,13,0,3,49,0,52,46,0,46,98
08/08/2012,FTY,GA,ASO,ES,Federal Contract Tower,0,10,51,0,61,0,0,23,0,23,0,10,74,0,84,70,0,70,154
08/09/2012,FTY,GA,ASO,ES,Federal Contract Tower,0,4,47,0,51,0,0,16,0,16,0,4,63,0,67,36,0,36,103
08/10/2012,FTY,GA,ASO,ES,Federal Contract Tower,0,4,29,0,33,0,0,15,0,15,0,4,44,0,48,68,0,68,116
08/11/2012,FTY,GA,ASO,ES,Federal Contract Tower,0,2,20,0,22,0,0,18,0,18,0,2,38,0,40,128,0,128,168
08/12/2012,FTY,GA,ASO,ES,Federal Contract Tower,0,11,27,0,38,0,0,35,0,35,0,11,62,0,73,92,0,92,165
08/13/2012,FTY,GA,ASO,ES,Federal Contract Tower,0,10,51,0,61,0,0,34,0,34,0,10,85,0,95,44,0,44,139
08/14/2012,FTY,GA,ASO,ES,Federal Contract Tower,0,7,53,0,60,0,0,17,0,17,0,7,70,0,77,46,0,46,123
08/15/2012,FTY,GA,ASO,ES,Federal Contract Tower,0,14,47,0,61,0,0,24,0,24,0,14,71,0,85,48,0,48,133
08/16/2012,FTY,GA,ASO,ES,Federal Contract Tower,0,13,55,0,68,0,0,51,3,54,0,13,106,3,122,68,0,68,190
08/17/2012,FTY,GA,ASO,ES,Federal Contract Tower,0,7,56,0,63,0,0,49,0,49,0,7,105,0,112,66,0,66,178
08/18/2012,FTY,GA,ASO,ES,Federal Contract Tower,0,1,22,0,23,0,0,29,0,29,0,1,51,0,52,46,0,46,98
08/19/2012,FTY,GA,ASO,ES,Federal Contract Tower,0,9,37,2,48,0,0,7,0,7,0,9,44,2,55,0,0,0,55
08/20/2012,FTY,GA,ASO,ES,Federal Contract Tower,0,5,43,0,48,0,0,26,0,26,0,5,69,0,74,16,0,16,90
08/21/2012,FTY,GA,ASO,ES,Federal Contract Tower,0,7,55,0,62,0,0,50,0,50,0,7,105,0,112,22,0,22,134
08/22/2012,FTY,GA,ASO,ES,Federal Contract Tower,0,9,79,0,88,0,0,39,0,39,0,9,118,0,127,46,0,46,173
08/23/2012,FTY,GA,ASO,ES,Federal Contract Tower,0,11,82,0,93,0,0,39,0,39,0,11,121,0,132,32,0,32,164
08/24/2012,FTY,GA,ASO,ES,Federal Contract Tower,0,4,64,2,70,0,0,34,0,34,0,4,98,2,104,48,0,48,152
08/25/2012,FTY,GA,ASO,ES,Federal Contract Tower,0,6,38,0,44,0,0,27,0,27,0,6,65,0,71,22,0,22,93
08/26/2012,FTY,GA,ASO,ES,Federal Contract Tower,0,13,41,0,54,0,0,24,0,24,0,13,65,0,78,52,0,52,130
08/27/2012,FTY,GA,ASO,ES,Federal Contract Tower,0,6,46,2,54,0,0,38,0,38,0,6,84,2,92,92,0,92,184
08/28/2012,FTY,GA,ASO,ES,Federal Contract Tower,0,12,54,0,66,0,0,4,0,4,0,12,58,0,70,12,0,12,82
08/29/2012,FTY,GA,ASO,ES,Federal Contract Tower,0,20,48,0,68,0,0,13,0,13,0,20,61,0,81,48,0,48,129
08/30/2012,FTY,GA,ASO,ES,Federal Contract Tower,0,9,70,0,79,0,0,8,0,8,0,9,78,0,87,0,0,0,87
08/31/2012,FTY,GA,ASO,ES,Federal Contract Tower,0,5,79,0,84,0,0,27,0,27,0,5,106,0,111,34,0,34,145
09/01/2012,FTY,GA,ASO,ES,Federal Contract Tower,0,5,38,0,43,0,0,20,0,20,0,5,58,0,63,22,0,22,85
09/02/2012,FTY,GA,ASO,ES,Federal Contract Tower,0,7,18,0,25,0,0,22,0,22,0,7,40,0,47,50,0,50,97
09/03/2012,FTY,GA,ASO,ES,Federal Contract Tower,0,7,27,0,34,0,0,11,0,11,0,7,38,0,45,12,0,12,57
09/04/2012,FTY,GA,ASO,ES,Federal Contract Tower,0,17,52,0,69,0,0,2,0,2,0,17,54,0,71,0,0,0,71
09/05/2012,FTY,GA,ASO,ES,Federal Contract Tower,0,8,72,1,81,0,0,18,0,18,0,8,90,1,99,28,0,28,127
09/06/2012,FTY,GA,ASO,ES,Federal Contract Tower,0,7,68,0,75,0,0,26,0,26,0,7,94,0,101,18,0,18,119
09/07/2012,FTY,GA,ASO,ES,Federal Contract Tower,0,9,37,0,46,0,0,36,0,36,0,9,73,0,82,16,0,16,98
09/08/2012,FTY,GA,ASO,ES,Federal Contract Tower,0,6,19,1,26,0,0,20,0,20,0,6,39,1,46,48,0,48,94
09/09/2012,FTY,GA,ASO,ES,Federal Contract Tower,0,13,22,1,36,0,0,25,0,25,0,13,47,1,61,42,0,42,103
09/10/2012,FTY,GA,ASO,ES,Federal Contract Tower,0,4,50,0,54,0,0,21,0,21,0,4,71,0,75,0,0,0,75
09/11/2012,FTY,GA,ASO,ES,Federal Contract Tower,0,11,51,0,62,0,1,19,0,20,0,12,70,0,82,14,0,14,96
09/12/2012,FTY,GA,ASO,ES,Federal Contract Tower,0,12,60,0,72,0,0,56,0,56,0,12,116,0,128,78,0,78,206
09/13/2012,FTY,GA,ASO,ES,Federal Contract Tower,0,12,53,0,65,0,0,39,0,39,0,12,92,0,104,74,0,74,178
09/14/2012,FTY,GA,ASO,ES,Federal Contract Tower,0,11,57,0,68,0,0,38,0,38,0,11,95,0,106,54,0,54,160
09/15/2012,FTY,GA,ASO,ES,Federal Contract Tower,0,3,14,0,17,0,0,49,0,49,0,3,63,0,66,98,0,98,164
09/16/2012,FTY,GA,ASO,ES,Federal Contract Tower,0,13,36,0,49,0,0,27,0,27,0,13,63,0,76,16,0,16,92
09/17/2012,FTY,GA,ASO,ES,Federal Contract Tower,0,16,45,0,61,0,0,4,0,4,0,16,49,0,65,32,0,32,97
09/18/2012,FTY,GA,ASO,ES,Federal Contract Tower,0,14,70,0,84,0,0,3,0,3,0,14,73,0,87,22,0,22,109
09/19/2012,FTY,GA,ASO,ES,Federal Contract Tower,0,11,69,0,80,0,0,40,0,40,0,11,109,0,120,68,0,68,188
09/20/2012,FTY,GA,ASO,ES,Federal Contract Tower,0,12,84,0,96,0,0,23,0,23,0,12,107,0,119,32,0,32,151
09/21/2012,FTY,GA,ASO,ES,Federal Contract Tower,0,10,48,0,58,0,0,29,0,29,0,10,77,0,87,28,0,28,115
09/22/2012,FTY,GA,ASO,ES,Federal Contract Tower,0,0,33,0,33,0,0,39,0,39,0,0,72,0,72,86,0,86,158
09/23/2012,FTY,GA,ASO,ES,Federal Contract Tower,0,11,41,2,54,0,0,32,0,32,0,11,73,2,86,20,0,20,106
09/24/2012,FTY,GA,ASO,ES,Federal Contract Tower,0,18,64,0,82,0,0,40,1,41,0,18,104,1,123,78,0,78,201
09/25/2012,FTY,GA,ASO,ES,Federal Contract Tower,0,7,65,1,73,0,0,27,0,27,0,7,92,1,100,22,0,22,122
09/26/2012,FTY,GA,ASO,ES,Federal Contract Tower,0,11,38,0,49,0,0,30,0,30,0,11,68,0,79,42,0,42,121
09/27/2012,FTY,GA,ASO,ES,Federal Contract Tower,0,10,66,0,76,0,0,26,0,26,0,10,92,0,102,92,0,92,194
09/28/2012,FTY,GA,ASO,ES,Federal Contract Tower,0,10,54,0,64,0,0,39,0,39,0,10,93,0,103,60,0,60,163
09/29/2012,FTY,GA,ASO,ES,Federal Contract Tower,0,8,24,0,32,0,0,34,0,34,0,8,58,0,66,58,0,58,124
09/30/2012,FTY,GA,ASO,ES,Federal Contract Tower,0,11,43,0,54,0,0,3,0,3,0,11,46,0,57,0,0,0,57
10/01/2012,FTY,GA,ASO,ES,Federal Contract Tower,0,20,87,0,107,0,0,1,0,1,0,20,88,0,108,0,0,0,108
10/02/2012,FTY,GA,ASO,ES,Federal Contract Tower,0,9,66,0,75,0,0,22,0,22,0,9,88,0,97,58,0,58,155
10/03/2012,FTY,GA,ASO,ES,Federal Contract Tower,0,7,73,0,80,0,0,22,0,22,0,7,95,0,102,132,0,132,234
10/04/2012,FTY,GA,ASO,ES,Federal Contract Tower,0,15,74,0,89,0,1,39,0,40,0,16,113,0,129,100,0,100,229
10/05/2012,FTY,GA,ASO,ES,Federal Contract Tower,0,8,72,0,80,0,0,36,0,36,0,8,108,0,116,40,0,40,156
10/06/2012,FTY,GA,ASO,ES,Federal Contract Tower,0,3,30,0,33,0,0,18,0,18,0,3,48,0,51,10,0,10,61
10/07/2012,FTY,GA,ASO,ES,Federal Contract Tower,0,11,32,0,43,0,0,26,0,26,0,11,58,0,69,40,0,40,109
10/08/2012,FTY,GA,ASO,ES,Federal Contract Tower,0,16,43,0,59,0,0,4,0,4,0,16,47,0,63,12,0,12,75
10/09/2012,FTY,GA,ASO,ES,Federal Contract Tower,0,9,74,1,84,0,0,18,3,21,0,9,92,4,105,42,0,42,147
10/10/2012,FTY,GA,ASO,ES,Federal Contract Tower,0,16,113,0,129,0,0,33,1,34,0,16,146,1,163,22,0,22,185
10/11/2012,FTY,GA,ASO,ES,Federal Contract Tower,0,12,84,2,98,0,0,42,0,42,0,12,126,2,140,12,0,12,152
10/12/2012,FTY,GA,ASO,ES,Federal Contract Tower,0,6,53,0,59,0,0,32,0,32,0,6,85,0,91,62,0,62,153
10/13/2012,FTY,GA,ASO,ES,Federal Contract Tower,0,8,35,0,43,0,0,55,0,55,0,8,90,0,98,66,0,66,164
10/14/2012,FTY,GA,ASO,ES,Federal Contract Tower,0,19,57,0,76,0,0,10,0,10,0,19,67,0,86,26,10,36,122
10/15/2012,FTY,GA,ASO,ES,Federal Contract Tower,0,18,93,0,111,0,0,12,0,12,0,18,105,0,123,22,0,22,145
10/16/2012,FTY,GA,ASO,ES,Federal Contract Tower,0,16,80,0,96,0,1,40,0,41,0,17,120,0,137,34,0,34,171
10/17/2012,FTY,GA,ASO,ES,Federal Contract Tower,0,10,62,2,74,0,0,39,0,39,0,10,101,2,113,44,0,44,157
10/18/2012,FTY,GA,ASO,ES,Federal Contract Tower,0,8,78,0,86,0,0,10,0,10,0,8,88,0,96,40,0,40,136
10/19/2012,FTY,GA,ASO,ES,Federal Contract Tower,0,4,47,0,51,0,0,52,0,52,0,4,99,0,103,156,0,156,259
10/20/2012,FTY,GA,ASO,ES,Federal Contract Tower,0,3,29,0,32,0,0,30,0,30,0,3,59,0,62,32,0,32,94
10/21/2012,FTY,GA,ASO,ES,Federal Contract Tower,0,10,33,0,43,0,0,20,0,20,0,10,53,0,63,18,0,18,81
10/22/2012,FTY,GA,ASO,ES,Federal Contract Tower,0,13,54,0,67,0,0,22,0,22,0,13,76,0,89,30,0,30,119
10/23/2012,FTY,GA,ASO,ES,Federal Contract Tower,0,4,54,0,58,0,0,27,0,27,0,4,81,0,85,24,0,24,109
10/24/2012,FTY,GA,ASO,ES,Federal Contract Tower,0,10,55,0,65,0,0,38,0,38,0,10,93,0,103,52,0,52,155
10/25/2012,FTY,GA,ASO,ES,Federal Contract Tower,0,16,60,0,76,0,0,25,0,25,0,16,85,0,101,42,0,42,143
10/26/2012,FTY,GA,ASO,ES,Federal Contract Tower,0,7,44,0,51,0,0,37,0,37,0,7,81,0,88,68,0,68,156
10/27/2012,FTY,GA,ASO,ES,Federal Contract Tower,0,3,28,0,31,0,0,15,0,15,0,3,43,0,46,20,0,20,66
10/28/2012,FTY,GA,ASO,ES,Federal Contract Tower,0,9,42,0,51,0,0,5,0,5,0,9,47,0,56,0,0,0,56
10/29/2012,FTY,GA,ASO,ES,Federal Contract Tower,0,8,46,0,54,0,0,19,0,19,0,8,65,0,73,4,0,4,77
10/30/2012,FTY,GA,ASO,ES,Federal Contract Tower,0,13,50,0,63,0,1,14,0,15,0,14,64,0,78,0,0,0,78
10/31/2012,FTY,GA,ASO,ES,Federal Contract Tower,0,10,57,0,67,0,0,23,2,25,0,10,80,2,92,30,0,30,122
11/01/2012,FTY,GA,ASO,ES,Federal Contract Tower,0,10,90,0,100,0,0,27,0,27,0,10,117,0,127,18,0,18,145
11/02/2012,FTY,GA,ASO,ES,Federal Contract Tower,0,10,54,0,64,0,0,40,0,40,0,10,94,0,104,68,0,68,172
11/03/2012,FTY,GA,ASO,ES,Federal Contract Tower,0,9,18,0,27,0,0,62,0,62,0,9,80,0,89,80,0,80,169
11/04/2012,FTY,GA,ASO,ES,Federal Contract Tower,0,17,49,0,66,0,0,27,0,27,0,17,76,0,93,58,0,58,151
11/05/2012,FTY,GA,ASO,ES,Federal Contract Tower,0,14,58,0,72,0,0,29,0,29,0,14,87,0,101,10,0,10,111
11/06/2012,FTY,GA,ASO,ES,Federal Contract Tower,0,16,57,0,73,0,0,2,0,2,0,16,59,0,75,6,0,6,81
11/07/2012,FTY,GA,ASO,ES,Federal Contract Tower,0,11,58,0,69,0,0,11,0,11,0,11,69,0,80,0,0,0,80
11/08/2012,FTY,GA,ASO,ES,Federal Contract Tower,0,10,73,1,84,0,0,38,1,39,0,10,111,2,123,58,0,58,181
11/09/2012,FTY,GA,ASO,ES,Federal Contract Tower,0,8,57,0,65,0,0,64,0,64,0,8,121,0,129,78,0,78,207
11/10/2012,FTY,GA,ASO,ES,Federal Contract Tower,0,1,48,2,51,0,0,43,0,43,0,1,91,2,94,110,0,110,204
11/11/2012,FTY,GA,ASO,ES,Federal Contract Tower,0,12,63,0,75,0,0,23,0,23,0,12,86,0,98,24,0,24,122
11/12/2012,FTY,GA,ASO,ES,Federal Contract Tower,0,9,56,0,65,0,0,1,0,1,0,9,57,0,66,4,0,4,70
11/13/2012,FTY,GA,ASO,ES,Federal Contract Tower,0,16,83,0,99,0,1,39,0,40,0,17,122,0,139,106,0,106,245
11/14/2012,FTY,GA,ASO,ES,Federal Contract Tower,0,33,79,0,112,0,0,25,0,25,0,33,104,0,137,46,0,46,183
11/15/2012,FTY,GA,ASO,ES,Federal Contract Tower,0,5,76,0,81,0,0,11,0,11,0,5,87,0,92,12,0,12,104
11/16/2012,FTY,GA,ASO,ES,Federal Contract Tower,0,7,54,0,61,0,0,40,0,40,0,7,94,0,101,34,0,34,135
11/17/2012,FTY,GA,ASO,ES,Federal Contract Tower,0,4,22,4,30,0,14,14,0,28,0,18,36,4,58,72,0,72,130
11/18/2012,FTY,GA,ASO,ES,Federal Contract Tower,0,14,43,0,57,0,0,24,2,26,0,14,67,2,83,52,0,52,135
11/19/2012,FTY,GA,ASO,ES,Federal Contract Tower,0,16,49,0,65,0,0,22,0,22,0,16,71,0,87,132,0,132,219
11/20/2012,FTY,GA,ASO,ES,Federal Contract Tower,0,6,44,0,50,0,0,36,0,36,0,6,80,0,86,82,0,82,168
11/21/2012,FTY,GA,ASO,ES,Federal Contract Tower,0,15,42,0,57,0,1,46,0,47,0,16,88,0,104,70,0,70,174
11/22/2012,FTY,GA,ASO,ES,Federal Contract Tower,0,5,12,0,17,0,0,14,0,14,0,5,26,0,31,12,0,12,43
11/23/2012,FTY,GA,ASO,ES,Federal Contract Tower,0,0,15,0,15,0,0,32,0,32,0,0,47,0,47,32,0,32,79
11/24/2012,FTY,GA,ASO,ES,Federal Contract Tower,0,4,16,0,20,0,0,18,0,18,0,4,34,0,38,2,0,2,40
11/25/2012,FTY,GA,ASO,ES,Federal Contract Tower,0,14,52,0,66,0,0,35,0,35,0,14,87,0,101,32,0,32,133
11/26/2012,FTY,GA,ASO,ES,Federal Contract Tower,0,11,51,0,62,0,0,46,0,46,0,11,97,0,108,90,0,90,198
11/27/2012,FTY,GA,ASO,ES,Federal Contract Tower,0,19,63,0,82,0,0,8,2,10,0,19,71,2,92,0,0,0,92
11/28/2012,FTY,GA,ASO,ES,Federal Contract Tower,0,4,78,2,84,0,0,47,0,47,0,4,125,2,131,90,0,90,221
11/29/2012,FTY,GA,ASO,ES,Federal Contract Tower,0,6,63,2,71,0,0,53,0,53,0,6,116,2,124,30,0,30,154
11/30/2012,FTY,GA,ASO,ES,Federal Contract Tower,0,15,91,0,106,0,0,50,0,50,0,15,141,0,156,34,0,34,190
12/01/2012,FTY,GA,ASO,ES,Federal Contract Tower,0,11,107,0,118,0,0,50,0,50,0,11,157,0,168,74,0,74,242
12/02/2012,FTY,GA,ASO,ES,Federal Contract Tower,0,15,59,1,75,0,0,33,0,33,0,15,92,1,108,76,0,76,184
12/03/2012,FTY,GA,ASO,ES,Federal Contract Tower,0,10,57,0,67,0,0,36,0,36,0,10,93,0,103,14,0,14,117
12/04/2012,FTY,GA,ASO,ES,Federal Contract Tower,0,9,49,0,58,0,0,33,0,33,0,9,82,0,91,36,0,36,127
12/05/2012,FTY,GA,ASO,ES,Federal Contract Tower,0,8,67,0,75,0,0,14,0,14,0,8,81,0,89,86,0,86,175
12/06/2012,FTY,GA,ASO,ES,Federal Contract Tower,0,21,72,0,93,0,0,31,0,31,0,21,103,0,124,88,0,88,212
12/07/2012,FTY,GA,ASO,ES,Federal Contract Tower,0,9,56,0,65,0,0,28,0,28,0,9,84,0,93,156,0,156,249
12/08/2012,FTY,GA,ASO,ES,Federal Contract Tower,0,2,27,0,29,0,0,21,0,21,0,2,48,0,50,110,0,110,160
12/09/2012,FTY,GA,ASO,ES,Federal Contract Tower,0,9,25,0,34,0,0,14,0,14,0,9,39,0,48,70,0,70,118
12/10/2012,FTY,GA,ASO,ES,Federal Contract Tower,0,8,69,0,77,0,0,9,0,9,0,8,78,0,86,112,0,112,198
12/11/2012,FTY,GA,ASO,ES,Federal Contract Tower,0,16,75,0,91,0,0,26,2,28,0,16,101,2,119,120,0,120,239
12/12/2012,FTY,GA,ASO,ES,Federal Contract Tower,0,5,54,0,59,0,0,36,0,36,0,5,90,0,95,216,0,216,311
12/13/2012,FTY,GA,ASO,ES,Federal Contract Tower,0,9,59,0,68,0,0,56,0,56,0,9,115,0,124,102,0,102,226
12/14/2012,FTY,GA,ASO,ES,Federal Contract Tower,0,9,62,0,71,0,0,42,0,42,0,9,104,0,113,124,0,124,237
12/15/2012,FTY,GA,ASO,ES,Federal Contract Tower,0,8,17,0,25,0,0,54,0,54,0,8,71,0,79,60,0,60,139
12/16/2012,FTY,GA,ASO,ES,Federal Contract Tower,0,15,46,0,61,0,0,7,0,7,0,15,53,0,68,38,0,38,106
12/17/2012,FTY,GA,ASO,ES,Federal Contract Tower,0,5,43,0,48,0,0,0,0,0,0,5,43,0,48,0,0,0,48
12/18/2012,FTY,GA,ASO,ES,Federal Contract Tower,0,20,65,0,85,0,2,26,0,28,0,22,91,0,113,84,0,84,197
12/19/2012,FTY,GA,ASO,ES,Federal Contract Tower,0,3,65,0,68,0,0,50,0,50,0,3,115,0,118,152,0,152,270
12/20/2012,FTY,GA,ASO,ES,Federal Contract Tower,0,6,52,0,58,0,0,2,0,2,0,6,54,0,60,6,0,6,66
12/21/2012,FTY,GA,ASO,ES,Federal Contract Tower,0,9,45,0,54,0,0,7,0,7,0,9,52,0,61,64,0,64,125
12/22/2012,FTY,GA,ASO,ES,Federal Contract Tower,0,6,26,0,32,0,0,25,0,25,0,6,51,0,57,38,0,38,95
12/23/2012,FTY,GA,ASO,ES,Federal Contract Tower,0,9,24,0,33,0,0,35,0,35,0,9,59,0,68,48,0,48,116
12/24/2012,FTY,GA,ASO,ES,Federal Contract Tower,0,8,13,0,21,0,0,0,0,0,0,8,13,0,21,0,0,0,21
12/25/2012,FTY,GA,ASO,ES,Federal Contract Tower,0,8,4,0,12,0,0,0,0,0,0,8,4,0,12,0,0,0,12
12/26/2012,FTY,GA,ASO,ES,Federal Contract Tower,0,10,25,0,35,0,0,2,0,2,0,10,27,0,37,0,0,0,37
12/27/2012,FTY,GA,ASO,ES,Federal Contract Tower,0,4,37,0,41,0,0,26,0,26,0,4,63,0,67,54,0,54,121
12/28/2012,FTY,GA,ASO,ES,Federal Contract Tower,0,1,35,0,36,0,0,22,0,22,0,1,57,0,58,48,0,48,106
12/29/2012,FTY,GA,ASO,ES,Federal Contract Tower,0,4,16,0,20,0,0,7,0,7,0,4,23,0,27,6,0,6,33
12/30/2012,FTY,GA,ASO,ES,Federal Contract Tower,0,10,24,0,34,0,0,31,0,31,0,10,55,0,65,16,0,16,81
12/31/2012,FTY,GA,ASO,ES,Federal Contract Tower,0,20,39,0,59,0,0,32,0,32,0,20,71,0,91,86,0,86,177
01/01/2013,FTY,GA,ASO,ES,Federal Contract Tower,0,8,32,0,40,0,0,0,0,0,0,8,32,0,40,0,0,0,40
01/02/2013,FTY,GA,ASO,ES,Federal Contract Tower,0,11,25,0,36,0,0,16,0,16,0,11,41,0,52,28,0,28,80
01/03/2013,FTY,GA,ASO,ES,Federal Contract Tower,0,9,26,0,35,0,0,30,0,30,0,9,56,0,65,24,0,24,89
01/04/2013,FTY,GA,ASO,ES,Federal Contract Tower,0,5,40,0,45,0,0,29,0,29,0,5,69,0,74,54,0,54,128
01/05/2013,FTY,GA,ASO,ES,Federal Contract Tower,0,4,21,0,25,0,0,50,0,50,0,4,71,0,75,106,0,106,181
01/06/2013,FTY,GA,ASO,ES,Federal Contract Tower,0,11,36,0,47,0,0,14,0,14,0,11,50,0,61,24,0,24,85
01/07/2013,FTY,GA,ASO,ES,Federal Contract Tower,0,7,45,0,52,0,0,48,0,48,0,7,93,0,100,116,0,116,216
01/08/2013,FTY,GA,ASO,ES,Federal Contract Tower,0,8,49,0,57,0,0,31,0,31,0,8,80,0,88,132,0,132,220
01/09/2013,FTY,GA,ASO,ES,Federal Contract Tower,0,6,43,0,49,0,0,30,0,30,0,6,73,0,79,108,0,108,187
01/10/2013,FTY,GA,ASO,ES,Federal Contract Tower,0,13,67,0,80,0,0,9,0,9,0,13,76,0,89,0,0,0,89
01/11/2013,FTY,GA,ASO,ES,Federal Contract Tower,0,13,59,0,72,0,0,9,0,9,0,13,68,0,81,46,0,46,127
01/12/2013,FTY,GA,ASO,ES,Federal Contract Tower,0,10,30,0,40,0,0,16,1,17,0,10,46,1,57,10,0,10,67
01/13/2013,FTY,GA,ASO,ES,Federal Contract Tower,0,14,33,0,47,0,0,11,0,11,0,14,44,0,58,80,0,80,138
01/14/2013,FTY,GA,ASO,ES,Federal Contract Tower,0,9,37,0,46,0,0,0,0,0,0,9,37,0,46,0,0,0,46
01/15/2013,FTY,GA,ASO,ES,Federal Contract Tower,0,11,54,0,65,0,0,0,0,0,0,11,54,0,65,0,0,0,65
01/16/2013,FTY,GA,ASO,ES,Federal Contract Tower,0,10,54,0,64,0,0,1,0,1,0,10,55,0,65,0,0,0,65
01/17/2013,FTY,GA,ASO,ES,Federal Contract Tower,0,19,29,0,48,0,0,0,0,0,0,19,29,0,48,0,0,0,48
01/18/2013,FTY,GA,ASO,ES,Federal Contract Tower,0,14,83,0,97,0,0,53,0,53,0,14,136,0,150,124,0,124,274
01/19/2013,FTY,GA,ASO,ES,Federal Contract Tower,0,5,23,0,28,0,0,55,0,55,0,5,78,0,83,160,0,160,243
01/20/2013,FTY,GA,ASO,ES,Federal Contract Tower,0,13,42,1,56,0,0,34,0,34,0,13,76,1,90,100,0,100,190
01/21/2013,FTY,GA,ASO,ES,Federal Contract Tower,0,12,56,1,69,0,0,41,0,41,0,12,97,1,110,96,0,96,206
01/22/2013,FTY,GA,ASO,ES,Federal Contract Tower,0,17,47,0,64,0,0,33,0,33,0,17,80,0,97,52,0,52,149
01/23/2013,FTY,GA,ASO,ES,Federal Contract Tower,0,6,44,0,50,0,0,38,0,38,0,6,82,0,88,100,0,100,188
01/24/2013,FTY,GA,ASO,ES,Federal Contract Tower,0,13,61,0,74,0,0,45,0,45,0,13,106,0,119,78,0,78,197
01/25/2013,FTY,GA,ASO,ES,Federal Contract Tower,0,17,35,0,52,0,0,13,0,13,0,17,48,0,65,16,0,16,81
01/26/2013,FTY,GA,ASO,ES,Federal Contract Tower,0,5,19,0,24,0,0,29,0,29,0,5,48,0,53,32,0,32,85
01/27/2013,FTY,GA,ASO,ES,Federal Contract Tower,0,10,31,0,41,0,0,34,0,34,0,10,65,0,75,74,0,74,149
01/28/2013,FTY,GA,ASO,ES,Federal Contract Tower,0,16,75,3,94,0,0,23,0,23,0,16,98,3,117,34,0,34,151
01/29/2013,FTY,GA,ASO,ES,Federal Contract Tower,0,18,114,0,132,0,0,26,0,26,0,18,140,0,158,36,0,36,194
01/30/2013,FTY,GA,ASO,ES,Federal Contract Tower,0,4,41,0,45,0,0,0,0,0,0,4,41,0,45,0,0,0,45
01/31/2013,FTY,GA,ASO,ES,Federal Contract Tower,0,15,86,0,101,0,0,51,0,51,0,15,137,0,152,70,0,70,222
02/01/2013,FTY,GA,ASO,ES,Federal Contract Tower,0,12,49,0,61,0,0,51,0,51,0,12,100,0,112,74,0,74,186
02/02/2013,FTY,GA,ASO,ES,Federal Contract Tower,0,15,24,0,39,0,0,46,0,46,0,15,70,0,85,40,0,40,125
02/03/2013,FTY,GA,ASO,ES,Federal Contract Tower,0,18,28,0,46,0,0,16,0,16,0,18,44,0,62,36,0,36,98
02/04/2013,FTY,GA,ASO,ES,Federal Contract Tower,0,12,69,0,81,0,0,25,0,25,0,12,94,0,106,22,0,22,128
02/05/2013,FTY,GA,ASO,ES,Federal Contract Tower,0,10,60,1,71,0,0,41,0,41,0,10,101,1,112,54,0,54,166
02/06/2013,FTY,GA,ASO,ES,Federal Contract Tower,0,9,41,0,50,0,0,50,0,50,0,9,91,0,100,58,0,58,158
02/07/2013,FTY,GA,ASO,ES,Federal Contract Tower,0,15,54,0,69,0,0,4,0,4,0,15,58,0,73,20,0,20,93
02/08/2013,FTY,GA,ASO,ES,Federal Contract Tower,0,22,72,0,94,0,0,7,0,7,0,22,79,0,101,14,0,14,115
02/09/2013,FTY,GA,ASO,ES,Federal Contract Tower,0,2,15,0,17,0,0,51,0,51,0,2,66,0,68,100,0,100,168
02/10/2013,FTY,GA,ASO,ES,Federal Contract Tower,0,17,44,0,61,0,0,11,0,11,0,17,55,0,72,42,0,42,114
02/11/2013,FTY,GA,ASO,ES,Federal Contract Tower,0,3,50,2,55,0,0,0,0,0,0,3,50,2,55,0,0,0,55
02/12/2013,FTY,GA,ASO,ES,Federal Contract Tower,0,14,70,0,84,0,0,13,0,13,0,14,83,0,97,32,0,32,129
02/13/2013,FTY,GA,ASO,ES,Federal Contract Tower,0,13,67,0,80,0,0,9,0,9,0,13,76,0,89,4,0,4,93
02/14/2013,FTY,GA,ASO,ES,Federal Contract Tower,0,8,55,0,63,0,0,40,0,40,0,8,95,0,103,10,0,10,113
02/15/2013,FTY,GA,ASO,ES,Federal Contract Tower,0,4,59,0,63,0,0,64,0,64,0,4,123,0,127,72,0,72,199
02/16/2013,FTY,GA,ASO,ES,Federal Contract Tower,0,2,22,0,24,0,0,10,0,10,0,2,32,0,34,18,0,18,52
02/17/2013,FTY,GA,ASO,ES,Federal Contract Tower,0,12,28,0,40,0,0,23,0,23,0,12,51,0,63,2,0,2,65
02/18/2013,FTY,GA,ASO,ES,Federal Contract Tower,0,14,56,1,71,0,0,50,0,50,0,14,106,1,121,116,0,116,237
02/19/2013,FTY,GA,ASO,ES,Federal Contract Tower,0,11,59,1,71,0,0,8,0,8,0,11,67,1,79,0,0,0,79
02/20/2013,FTY,GA,ASO,ES,Federal Contract Tower,0,6,54,2,62,0,3,37,1,41,0,9,91,3,103,58,0,58,161
02/21/2013,FTY,GA,ASO,ES,Federal Contract Tower,0,10,73,0,83,0,0,42,0,42,0,10,115,0,125,52,0,52,177
02/22/2013,FTY,GA,ASO,ES,Federal Contract Tower,0,7,80,0,87,0,0,0,0,0,0,7,80,0,87,0,0,0,87
02/23/2013,FTY,GA,ASO,ES,Federal Contract Tower,0,2,33,0,35,0,0,1,0,1,0,2,34,0,36,0,0,0,36
02/24/2013,FTY,GA,ASO,ES,Federal Contract Tower,0,10,35,0,45,0,0,51,0,51,0,10,86,0,96,34,0,34,130
02/25/2013,FTY,GA,ASO,ES,Federal Contract Tower,0,9,58,0,67,0,0,8,0,8,0,9,66,0,75,26,0,26,101
02/26/2013,FTY,GA,ASO,ES,Federal Contract Tower,0,9,71,0,80,0,0,6,0,6,0,9,77,0,86,26,0,26,112
02/27/2013,FTY,GA,ASO,ES,Federal Contract Tower,0,13,63,0,76,0,0,51,2,53,0,13,114,2,129,74,16,90,219
02/28/2013,FTY,GA,ASO,ES,Federal Contract Tower,0,13,60,4,77,0,0,30,0,30,0,13,90,4,107,82,0,82,189
03/01/2013,FTY,GA,ASO,ES,Federal Contract Tower,0,12,59,0,71,0,0,33,0,33,0,12,92,0,104,126,0,126,230
03/02/2013,FTY,GA,ASO,ES,Federal Contract Tower,0,7,15,0,22,0,0,15,2,17,0,7,30,2,39,36,0,36,75
03/03/2013,FTY,GA,ASO,ES,Federal Contract Tower,0,7,26,0,33,0,0,15,0,15,0,7,41,0,48,4,4,8,56
03/04/2013,FTY,GA,ASO,ES,Federal Contract Tower,0,12,43,0,55,0,0,60,0,60,0,12,103,0,115,128,0,128,243
03/05/2013,FTY,GA,ASO,ES,Federal Contract Tower,0,10,45,0,55,0,0,11,0,11,0,10,56,0,66,2,0,2,68
03/06/2013,FTY,GA,ASO,ES,Federal Contract Tower,0,11,48,0,59,0,0,20,1,21,0,11,68,1,80,0,0,0,80
03/07/2013,FTY,GA,ASO,ES,Federal Contract Tower,0,11,54,0,65,0,0,56,0,56,0,11,110,0,121,52,0,52,173
03/08/2013,FTY,GA,ASO,ES,Federal Contract Tower,0,7,43,0,50,0,0,57,0,57,0,7,100,0,107,58,4,62,169
03/09/2013,FTY,GA,ASO,ES,Federal Contract Tower,0,1,22,2,25,0,0,36,0,36,0,1,58,2,61,132,0,132,193
03/10/2013,FTY,GA,ASO,ES,Federal Contract Tower,0,14,25,0,39,0,0,23,0,23,0,14,48,0,62,80,0,80,142
03/11/2013,FTY,GA,ASO,ES,Federal Contract Tower,0,14,42,0,56,0,0,12,1,13,0,14,54,1,69,24,0,24,93
03/12/2013,FTY,GA,ASO,ES,Federal Contract Tower,0,17,52,0,69,0,0,20,0,20,0,17,72,0,89,20,0,20,109
03/13/2013,FTY,GA,ASO,ES,Federal Contract Tower,0,6,41,2,49,0,0,34,0,34,0,6,75,2,83,18,0,18,101
03/14/2013,FTY,GA,ASO,ES,Federal Contract Tower,0,12,58,2,72,0,0,53,0,53,0,12,111,2,125,44,0,44,169
03/15/2013,FTY,GA,ASO,ES,Federal Contract Tower,0,9,57,0,66,0,0,51,0,51,0,9,108,0,117,36,0,36,153
03/16/2013,FTY,GA,ASO,ES,Federal Contract Tower,0,3,23,0,26,0,0,16,0,16,0,3,39,0,42,14,0,14,56
03/17/2013,FTY,GA,ASO,ES,Federal Contract Tower,0,13,31,3,47,0,0,41,0,41,0,13,72,3,88,44,0,44,132
03/18/2013,FTY,GA,ASO,ES,Federal Contract Tower,0,8,45,0,53,0,0,2,0,2,0,8,47,0,55,0,0,0,55
03/19/2013,FTY,GA,ASO,ES,Federal Contract Tower,0,13,53,0,66,0,0,51,2,53,0,13,104,2,119,80,0,80,199
03/20/2013,FTY,GA,ASO,ES,Federal Contract Tower,0,7,72,0,79,0,0,57,0,57,0,7,129,0,136,74,0,74,210
03/21/2013,FTY,GA,ASO,ES,Federal Contract Tower,0,18,63,0,81,0,0,33,0,33,0,18,96,0,114,8,0,8,122
03/22/2013,FTY,GA,ASO,ES,Federal Contract Tower,0,12,70,0,82,0,0,18,0,18,0,12,88,0,100,62,0,62,162
03/23/2013,FTY,GA,ASO,ES,Federal Contract Tower,0,3,18,0,21,0,0,0,0,0,0,3,18,0,21,0,0,0,21
03/24/2013,FTY,GA,ASO,ES,Federal Contract Tower,0,14,40,0,54,0,0,2,0,2,0,14,42,0,56,32,0,32,88
03/25/2013,FTY,GA,ASO,ES,Federal Contract Tower,0,15,54,0,69,0,0,2,2,4,0,15,56,2,73,0,14,14,87
03/26/2013,FTY,GA,ASO,ES,Federal Contract Tower,0,14,58,0,72,0,0,8,0,8,0,14,66,0,80,18,0,18,98
03/27/2013,FTY,GA,ASO,ES,Federal Contract Tower,0,15,68,1,84,0,0,30,0,30,0,15,98,1,114,114,0,114,228
03/28/2013,FTY,GA,ASO,ES,Federal Contract Tower,0,12,62,1,75,0,0,48,0,48,0,12,110,1,123,72,0,72,195
03/29/2013,FTY,GA,ASO,ES,Federal Contract Tower,0,8,34,0,42,0,0,51,0,51,0,8,85,0,93,50,0,50,143
03/30/2013,FTY,GA,ASO,ES,Federal Contract Tower,0,1,22,0,23,0,0,32,0,32,0,1,54,0,55,74,0,74,129
03/31/2013,FTY,GA,ASO,ES,Federal Contract Tower,0,15,31,0,46,0,0,1,0,1,0,15,32,0,47,0,0,0,47
04/01/2013,FTY,GA,ASO,ES,Federal Contract Tower,0,14,42,0,56,0,0,29,0,29,0,14,71,0,85,54,0,54,139
04/02/2013,FTY,GA,ASO,ES,Federal Contract Tower,0,18,64,0,82,0,6,55,0,61,0,24,119,0,143,54,0,54,197
04/03/2013,FTY,GA,ASO,ES,Federal Contract Tower,0,10,42,0,52,0,0,22,0,22,0,10,64,0,74,72,0,72,146
04/04/2013,FTY,GA,ASO,ES,Federal Contract Tower,0,20,60,0,80,0,0,1,0,1,0,20,61,0,81,0,0,0,81
04/05/2013,FTY,GA,ASO,ES,Federal Contract Tower,0,17,67,0,84,0,0,34,0,34,0,17,101,0,118,38,0,38,156
04/06/2013,FTY,GA,ASO,ES,Federal Contract Tower,0,19,93,0,112,0,0,52,0,52,0,19,145,0,164,60,0,60,224
04/07/2013,FTY,GA,ASO,ES,Federal Contract Tower,0,23,65,0,88,0,0,34,0,34,0,23,99,0,122,62,0,62,184
04/08/2013,FTY,GA,ASO,ES,Federal Contract Tower,0,23,71,0,94,0,0,29,0,29,0,23,100,0,123,78,0,78,201
04/09/2013,FTY,GA,ASO,ES,Federal Contract Tower,0,24,113,0,137,0,4,32,0,36,0,28,145,0,173,62,0,62,235
04/10/2013,FTY,GA,ASO,ES,Federal Contract Tower,0,8,52,0,60,0,0,48,0,48,0,8,100,0,108,114,0,114,222
04/11/2013,FTY,GA,ASO,ES,Federal Contract Tower,0,16,71,0,87,0,0,20,0,20,0,16,91,0,107,0,0,0,107
04/12/2013,FTY,GA,ASO,ES,Federal Contract Tower,0,8,67,2,77,0,0,32,0,32,0,8,99,2,109,40,0,40,149
04/13/2013,FTY,GA,ASO,ES,Federal Contract Tower,0,11,46,0,57,0,0,29,0,29,0,11,75,0,86,16,0,16,102
04/14/2013,FTY,GA,ASO,ES,Federal Contract Tower,0,10,36,0,46,0,0,8,0,8,0,10,44,0,54,26,0,26,80
04/15/2013,FTY,GA,ASO,ES,Federal Contract Tower,0,25,58,0,83,0,0,18,0,18,0,25,76,0,101,30,0,30,131
04/16/2013,FTY,GA,ASO,ES,Federal Contract Tower,0,14,52,0,66,0,0,39,0,39,0,14,91,0,105,90,0,90,195
04/17/2013,FTY,GA,ASO,ES,Federal Contract Tower,0,10,73,0,83,0,0,48,0,48,0,10,121,0,131,162,0,162,293
04/18/2013,FTY,GA,ASO,ES,Federal Contract Tower,0,16,77,0,93,0,0,46,0,46,0,16,123,0,139,86,0,86,225
04/19/2013,FTY,GA,ASO,ES,Federal Contract Tower,0,5,33,0,38,0,0,5,0,5,0,5,38,0,43,24,0,24,67
04/20/2013,FTY,GA,ASO,ES,Federal Contract Tower,0,2,37,0,39,0,0,29,0,29,0,2,66,0,68,86,0,86,154
04/21/2013,FTY,GA,ASO,ES,Federal Contract Tower,0,9,48,0,57,0,0,31,0,31,0,9,79,0,88,52,0,52,140
04/22/2013,FTY,GA,ASO,ES,Federal Contract Tower,0,16,59,0,75,0,0,33,0,33,0,16,92,0,108,120,0,120,228
04/23/2013,FTY,GA,ASO,ES,Federal Contract Tower,0,21,69,0,90,0,0,36,0,36,0,21,105,0,126,98,0,98,224
04/24/2013,FTY,GA,ASO,ES,Federal Contract Tower,0,14,71,0,85,0,0,13,0,13,0,14,84,0,98,34,0,34,132
04/25/2013,FTY,GA,ASO,ES,Federal Contract Tower,0,13,73,0,86,0,0,61,0,61,0,13,134,0,147,138,0,138,285
04/26/2013,FTY,GA,ASO,ES,Federal Contract Tower,0,5,46,0,51,0,0,49,0,49,0,5,95,0,100,94,0,94,194
04/27/2013,FTY,GA,ASO,ES,Federal Contract Tower,0,4,28,0,32,0,0,22,0,22,0,4,50,0,54,108,0,108,162
04/28/2013,FTY,GA,ASO,ES,Federal Contract Tower,0,18,32,0,50,0,0,0,0,0,0,18,32,0,50,0,0,0,50
04/29/2013,FTY,GA,ASO,ES,Federal Contract Tower,0,20,62,0,82,0,0,17,0,17,0,20,79,0,99,58,0,58,157
04/30/2013,FTY,GA,ASO,ES,Federal Contract Tower,0,17,79,0,96,0,0,44,0,44,0,17,123,0,140,76,0,76,216
05/01/2013,FTY,GA,ASO,ES,Federal Contract Tower,0,13,65,0,78,0,0,16,0,16,0,13,81,0,94,16,0,16,110
05/02/2013,FTY,GA,ASO,ES,Federal Contract Tower,0,20,73,1,94,0,0,3,0,3,0,20,76,1,97,0,0,0,97
05/03/2013,FTY,GA,ASO,ES,Federal Contract Tower,0,8,38,2,48,0,0,10,0,10,0,8,48,2,58,0,0,0,58
05/04/2013,FTY,GA,ASO,ES,Federal Contract Tower,0,7,28,0,35,0,0,1,0,1,0,7,29,0,36,0,0,0,36
05/05/2013,FTY,GA,ASO,ES,Federal Contract Tower,0,11,42,0,53,0,0,3,0,3,0,11,45,0,56,0,0,0,56
05/06/2013,FTY,GA,ASO,ES,Federal Contract Tower,0,12,34,0,46,0,0,2,0,2,0,12,36,0,48,6,0,6,54
05/07/2013,FTY,GA,ASO,ES,Federal Contract Tower,0,15,56,0,71,0,0,17,0,17,0,15,73,0,88,66,0,66,154
05/08/2013,FTY,GA,ASO,ES,Federal Contract Tower,0,11,60,2,73,0,0,28,0,28,0,11,88,2,101,72,0,72,173
05/09/2013,FTY,GA,ASO,ES,Federal Contract Tower,0,20,55,0,75,0,0,37,0,37,0,20,92,0,112,172,0,172,284
05/10/2013,FTY,GA,ASO,ES,Federal Contract Tower,0,12,52,0,64,0,0,34,0,34,0,12,86,0,98,74,0,74,172
05/11/2013,FTY,GA,ASO,ES,Federal Contract Tower,0,1,22,0,23,0,0,13,0,13,0,1,35,0,36,86,0,86,122
05/12/2013,FTY,GA,ASO,ES,Federal Contract Tower,0,12,34,0,46,0,0,17,0,17,0,12,51,0,63,64,0,64,127
05/13/2013,FTY,GA,ASO,ES,Federal Contract Tower,0,14,55,1,70,0,0,32,0,32,0,14,87,1,102,40,0,40,142
05/14/2013,FTY,GA,ASO,ES,Federal Contract Tower,0,10,71,0,81,0,0,44,0,44,0,10,115,0,125,92,0,92,217
05/15/2013,FTY,GA,ASO,ES,Federal Contract Tower,0,3,58,0,61,0,0,40,0,40,0,3,98,0,101,132,0,132,233
05/16/2013,FTY,GA,ASO,ES,Federal Contract Tower,0,8,68,0,76,0,0,54,0,54,0,8,122,0,130,90,0,90,220
05/17/2013,FTY,GA,ASO,ES,Federal Contract Tower,0,7,51,0,58,0,0,40,0,40,0,7,91,0,98,70,0,70,168
05/18/2013,FTY,GA,ASO,ES,Federal Contract Tower,0,3,16,0,19,0,0,10,0,10,0,3,26,0,29,42,0,42,71
05/19/2013,FTY,GA,ASO,ES,Federal Contract Tower,0,17,21,0,38,0,0,1,0,1,0,17,22,0,39,0,0,0,39
05/20/2013,FTY,GA,ASO,ES,Federal Contract Tower,0,16,55,0,71,0,0,26,0,26,0,16,81,0,97,124,0,124,221
05/21/2013,FTY,GA,ASO,ES,Federal Contract Tower,0,13,41,0,54,0,0,34,0,34,0,13,75,0,88,78,0,78,166
05/22/2013,FTY,GA,ASO,ES,Federal Contract Tower,0,10,65,0,75,0,0,25,0,25,0,10,90,0,100,78,0,78,178
05/23/2013,FTY,GA,ASO,ES,Federal Contract Tower,0,12,69,0,81,0,0,27,0,27,0,12,96,0,108,62,0,62,170
05/24/2013,FTY,GA,ASO,ES,Federal Contract Tower,0,13,47,0,60,0,0,30,0,30,0,13,77,0,90,58,0,58,148
05/25/2013,FTY,GA,ASO,ES,Federal Contract Tower,0,3,24,0,27,0,0,43,0,43,0,3,67,0,70,36,0,36,106
05/26/2013,FTY,GA,ASO,ES,Federal Contract Tower,0,7,5,0,12,0,0,32,0,32,0,7,37,0,44,24,0,24,68
05/27/2013,FTY,GA,ASO,ES,Federal Contract Tower,0,8,37,0,45,0,0,26,1,27,0,8,63,1,72,42,0,42,114
05/28/2013,FTY,GA,ASO,ES,Federal Contract Tower,0,12,57,0,69,0,0,25,0,25,0,12,82,0,94,26,0,26,120
05/29/2013,FTY,GA,ASO,ES,Federal Contract Tower,0,13,63,0,76,0,0,36,0,36,0,13,99,0,112,58,0,58,170
05/30/2013,FTY,GA,ASO,ES,Federal Contract Tower,0,11,55,0,66,0,0,44,0,44,0,11,99,0,110,124,0,124,234
05/31/2013,FTY,GA,ASO,ES,Federal Contract Tower,0,6,45,0,51,0,0,37,0,37,0,6,82,0,88,118,0,118,206
06/01/2013,FTY,GA,ASO,ES,Federal Contract Tower,0,2,23,0,25,0,0,36,0,36,0,2,59,0,61,82,0,82,143
06/02/2013,FTY,GA,ASO,ES,Federal Contract Tower,0,11,38,0,49,0,1,3,0,4,0,12,41,0,53,14,0,14,67
06/03/2013,FTY,GA,ASO,ES,Federal Contract Tower,0,13,39,0,52,0,0,31,0,31,0,13,70,0,83,104,0,104,187
06/04/2013,FTY,GA,ASO,ES,Federal Contract Tower,0,11,63,0,74,0,0,41,0,41,0,11,104,0,115,98,0,98,213
06/05/2013,FTY,GA,ASO,ES,Federal Contract Tower,0,8,84,2,94,0,0,12,0,12,0,8,96,2,106,34,0,34,140
06/06/2013,FTY,GA,ASO,ES,Federal Contract Tower,0,7,69,0,76,0,0,9,0,9,0,7,78,0,85,8,0,8,93
06/07/2013,FTY,GA,ASO,ES,Federal Contract Tower,0,6,48,0,54,0,0,5,0,5,0,6,53,0,59,2,0,2,61
06/08/2013,FTY,GA,ASO,ES,Federal Contract Tower,0,5,13,0,18,0,0,26,0,26,0,5,39,0,44,44,0,44,88
06/09/2013,FTY,GA,ASO,ES,Federal Contract Tower,0,12,29,0,41,0,0,11,0,11,0,12,40,0,52,4,0,4,56
06/10/2013,FTY,GA,ASO,ES,Federal Contract Tower,0,13,37,0,50,0,0,8,0,8,0,13,45,0,58,18,0,18,76
06/11/2013,FTY,GA,ASO,ES,Federal Contract Tower,0,13,63,0,76,0,4,29,0,33,0,17,92,0,109,58,0,58,167
06/12/2013,FTY,GA,ASO,ES,Federal Contract Tower,0,12,47,0,59,0,0,33,0,33,0,12,80,0,92,88,0,88,180
06/13/2013,FTY,GA,ASO,ES,Federal Contract Tower,0,6,50,0,56,0,0,26,0,26,0,6,76,0,82,44,0,44,126
06/14/2013,FTY,GA,ASO,ES,Federal Contract Tower,0,12,55,0,67,0,0,64,0,64,0,12,119,0,131,24,0,24,155
06/15/2013,FTY,GA,ASO,ES,Federal Contract Tower,0,3,24,0,27,0,0,50,0,50,0,3,74,0,77,14,0,14,91
06/16/2013,FTY,GA,ASO,ES,Federal Contract Tower,0,10,31,0,41,0,0,10,0,10,0,10,41,0,51,2,0,2,53
06/17/2013,FTY,GA,ASO,ES,Federal Contract Tower,0,18,41,0,59,0,0,22,0,22,0,18,63,0,81,34,0,34,115
06/18/2013,FTY,GA,ASO,ES,Federal Contract Tower,0,14,53,0,67,0,0,4,0,4,0,14,57,0,71,32,0,32,103
06/19/2013,FTY,GA,ASO,ES,Federal Contract Tower,0,15,58,0,73,0,0,22,0,22,0,15,80,0,95,64,0,64,159
06/20/2013,FTY,GA,ASO,ES,Federal Contract Tower,0,13,57,0,70,0,0,76,0,76,0,13,133,0,146,110,0,110,256
06/21/2013,FTY,GA,ASO,ES,Federal Contract Tower,0,10,51,0,61,0,0,64,0,64,0,10,115,0,125,78,0,78,203
06/22/2013,FTY,GA,ASO,ES,Federal Contract Tower,0,4,30,0,34,0,0,27,0,27,0,4,57,0,61,96,0,96,157
06/23/2013,FTY,GA,ASO,ES,Federal Contract Tower,0,10,40,0,50,0,0,13,0,13,0,10,53,0,63,14,0,14,77
06/24/2013,FTY,GA,ASO,ES,Federal Contract Tower,0,11,45,0,56,0,0,15,0,15,0,11,60,0,71,38,0,38,109
06/25/2013,FTY,GA,ASO,ES,Federal Contract Tower,0,16,40,0,56,0,0,39,0,39,0,16,79,0,95,56,0,56,151
06/26/2013,FTY,GA,ASO,ES,Federal Contract Tower,0,12,65,0,77,0,0,41,0,41,0,12,106,0,118,108,0,108,226
06/27/2013,FTY,GA,ASO,ES,Federal Contract Tower,0,9,56,1,66,0,0,22,1,23,0,9,78,2,89,52,0,52,141
06/28/2013,FTY,GA,ASO,ES,Federal Contract Tower,0,16,54,0,70,0,0,38,0,38,0,16,92,0,108,30,0,30,138
06/29/2013,FTY,GA,ASO,ES,Federal Contract Tower,0,6,15,0,21,0,0,13,0,13,0,6,28,0,34,64,0,64,98
06/30/2013,FTY,GA,ASO,ES,Federal Contract Tower,0,12,23,0,35,0,0,15,0,15,0,12,38,0,50,42,0,42,92
07/01/2013,FTY,GA,ASO,ES,Federal Contract Tower,0,17,26,0,43,0,0,11,0,11,0,17,37,0,54,26,0,26,80
07/02/2013,FTY,GA,ASO,ES,Federal Contract Tower,0,17,35,0,52,0,0,13,0,13,0,17,48,0,65,74,0,74,139
07/03/2013,FTY,GA,ASO,ES,Federal Contract Tower,0,4,30,0,34,0,0,1,0,1,0,4,31,0,35,0,0,0,35
07/04/2013,FTY,GA,ASO,ES,Federal Contract Tower,0,2,7,0,9,0,0,0,0,0,0,2,7,0,9,0,0,0,9
07/05/2013,FTY,GA,ASO,ES,Federal Contract Tower,0,7,11,0,18,0,0,1,0,1,0,7,12,0,19,0,0,0,19
07/06/2013,FTY,GA,ASO,ES,Federal Contract Tower,0,3,20,0,23,0,0,0,0,0,0,3,20,0,23,0,0,0,23
07/07/2013,FTY,GA,ASO,ES,Federal Contract Tower,0,9,44,0,53,0,0,0,0,0,0,9,44,0,53,0,0,0,53
07/08/2013,FTY,GA,ASO,ES,Federal Contract Tower,0,13,45,0,58,0,0,20,0,20,0,13,65,0,78,44,0,44,122
07/09/2013,FTY,GA,ASO,ES,Federal Contract Tower,0,11,47,0,58,0,0,24,0,24,0,11,71,0,82,56,0,56,138
07/10/2013,FTY,GA,ASO,ES,Federal Contract Tower,0,8,66,2,76,0,0,25,0,25,0,8,91,2,101,70,0,70,171
07/11/2013,FTY,GA,ASO,ES,Federal Contract Tower,0,13,51,0,64,0,0,11,0,11,0,13,62,0,75,32,0,32,107
07/12/2013,FTY,GA,ASO,ES,Federal Contract Tower,0,13,53,0,66,0,0,16,0,16,0,13,69,0,82,36,0,36,118
07/13/2013,FTY,GA,ASO,ES,Federal Contract Tower,0,1,31,2,34,0,0,5,0,5,0,1,36,2,39,24,0,24,63
07/14/2013,FTY,GA,ASO,ES,Federal Contract Tower,0,14,41,0,55,0,0,6,0,6,0,14,47,0,61,0,0,0,61
07/15/2013,FTY,GA,ASO,ES,Federal Contract Tower,0,14,50,0,64,0,0,13,2,15,0,14,63,2,79,22,0,22,101
07/16/2013,FTY,GA,ASO,ES,Federal Contract Tower,0,11,55,0,66,0,1,34,0,35,0,12,89,0,101,42,0,42,143
07/17/2013,FTY,GA,ASO,ES,Federal Contract Tower,0,14,63,0,77,0,1,27,0,28,0,15,90,0,105,8,0,8,113
07/18/2013,FTY,GA,ASO,ES,Federal Contract Tower,0,8,74,0,82,0,0,25,0,25,0,8,99,0,107,26,0,26,133
07/19/2013,FTY,GA,ASO,ES,Federal Contract Tower,0,13,53,0,66,0,0,32,0,32,0,13,85,0,98,52,0,52,150
07/20/2013,FTY,GA,ASO,ES,Federal Contract Tower,0,1,13,0,14,0,0,9,0,9,0,1,22,0,23,12,0,12,35
07/21/2013,FTY,GA,ASO,ES,Federal Contract Tower,0,15,31,0,46,0,0,6,0,6,0,15,37,0,52,26,0,26,78
07/22/2013,FTY,GA,ASO,ES,Federal Contract Tower,0,7,50,0,57,0,0,14,0,14,0,7,64,0,71,24,0,24,95
07/23/2013,FTY,GA,ASO,ES,Federal Contract Tower,0,14,58,0,72,0,0,19,0,19,0,14,77,0,91,38,0,38,129
07/24/2013,FTY,GA,ASO,ES,Federal Contract Tower,0,6,69,2,77,0,0,30,2,32,0,6,99,4,109,36,0,36,145
07/25/2013,FTY,GA,ASO,ES,Federal Contract Tower,0,7,61,0,68,0,0,58,0,58,0,7,119,0,126,100,0,100,226
07/26/2013,FTY,GA,ASO,ES,Federal Contract Tower,0,7,61,0,68,0,0,19,0,19,0,7,80,0,87,62,0,62,149
07/27/2013,FTY,GA,ASO,ES,Federal Contract Tower,0,8,17,0,25,0,0,8,0,8,0,8,25,0,33,88,0,88,121
07/28/2013,FTY,GA,ASO,ES,Federal Contract Tower,0,14,32,0,46,0,0,16,0,16,0,14,48,0,62,20,0,20,82
07/29/2013,FTY,GA,ASO,ES,Federal Contract Tower,0,11,74,0,85,0,0,28,0,28,0,11,102,0,113,36,0,36,149
07/30/2013,FTY,GA,ASO,ES,Federal Contract Tower,0,8,51,0,59,0,0,39,2,41,0,8,90,2,100,112,0,112,212
07/31/2013,FTY,GA,ASO,ES,Federal Contract Tower,0,6,50,0,56,0,0,2,0,2,0,6,52,0,58,0,0,0,58
08/01/2013,FTY,GA,ASO,ES,Federal Contract Tower,0,13,45,0,58,0,0,28,0,28,0,13,73,0,86,48,0,48,134
08/02/2013,FTY,GA,ASO,ES,Federal Contract Tower,0,9,34,0,43,0,0,51,0,51,0,9,85,0,94,106,0,106,200
08/03/2013,FTY,GA,ASO,ES,Federal Contract Tower,0,7,28,0,35,0,0,10,0,10,0,7,38,0,45,60,0,60,105
08/04/2013,FTY,GA,ASO,ES,Federal Contract Tower,0,13,39,0,52,0,0,14,0,14,0,13,53,0,66,28,0,28,94
08/05/2013,FTY,GA,ASO,ES,Federal Contract Tower,0,22,52,0,74,0,0,30,0,30,0,22,82,0,104,20,0,20,124
08/06/2013,FTY,GA,ASO,ES,Federal Contract Tower,0,18,53,0,71,0,7,18,0,25,0,25,71,0,96,52,0,52,148
08/07/2013,FTY,GA,ASO,ES,Federal Contract Tower,0,11,59,0,70,0,0,3,0,3,0,11,62,0,73,0,0,0,73
08/08/2013,FTY,GA,ASO,ES,Federal Contract Tower,0,19,58,1,78,0,0,11,0,11,0,19,69,1,89,0,0,0,89
08/09/2013,FTY,GA,ASO,ES,Federal Contract Tower,0,12,41,1,54,0,0,16,1,17,0,12,57,2,71,16,0,16,87
08/10/2013,FTY,GA,ASO,ES,Federal Contract Tower,0,5,21,0,26,0,0,13,0,13,0,5,34,0,39,30,0,30,69
08/11/2013,FTY,GA,ASO,ES,Federal Contract Tower,0,15,29,1,45,0,0,15,0,15,0,15,44,1,60,44,0,44,104
08/12/2013,FTY,GA,ASO,ES,Federal Contract Tower,0,12,62,0,74,0,0,28,0,28,0,12,90,0,102,12,0,12,114
08/13/2013,FTY,GA,ASO,ES,Federal Contract Tower,0,13,47,0,60,0,0,14,0,14,0,13,61,0,74,90,0,90,164
08/14/2013,FTY,GA,ASO,ES,Federal Contract Tower,0,8,59,0,67,0,0,38,0,38,0,8,97,0,105,114,0,114,219
08/15/2013,FTY,GA,ASO,ES,Federal Contract Tower,0,10,73,0,83,0,0,5,0,5,0,10,78,0,88,116,0,116,204
08/16/2013,FTY,GA,ASO,ES,Federal Contract Tower,0,7,44,0,51,0,0,9,0,9,0,7,53,0,60,10,0,10,70
08/17/2013,FTY,GA,ASO,ES,Federal Contract Tower,0,3,17,0,20,0,0,0,0,0,0,3,17,0,20,0,0,0,20
08/18/2013,FTY,GA,ASO,ES,Federal Contract Tower,0,8,25,0,33,0,0,2,0,2,0,8,27,0,35,12,0,12,47
08/19/2013,FTY,GA,ASO,ES,Federal Contract Tower,0,12,50,0,62,0,0,14,0,14,0,12,64,0,76,16,0,16,92
08/20/2013,FTY,GA,ASO,ES,Federal Contract Tower,0,8,66,0,74,0,0,12,0,12,0,8,78,0,86,54,0,54,140
08/21/2013,FTY,GA,ASO,ES,Federal Contract Tower,0,15,50,2,67,0,0,25,0,25,0,15,75,2,92,80,0,80,172
08/22/2013,FTY,GA,ASO,ES,Federal Contract Tower,0,11,58,0,69,0,0,33,0,33,0,11,91,0,102,66,0,66,168
08/23/2013,FTY,GA,ASO,ES,Federal Contract Tower,0,3,76,0,79,0,0,52,0,52,0,3,128,0,131,44,0,44,175
08/24/2013,FTY,GA,ASO,ES,Federal Contract Tower,0,0,30,0,30,0,0,21,0,21,0,0,51,0,51,46,0,46,97
08/25/2013,FTY,GA,ASO,ES,Federal Contract Tower,0,9,41,0,50,0,0,28,0,28,0,9,69,0,78,40,0,40,118
08/26/2013,FTY,GA,ASO,ES,Federal Contract Tower,0,18,48,0,66,0,0,33,0,33,0,18,81,0,99,48,0,48,147
08/27/2013,FTY,GA,ASO,ES,Federal Contract Tower,0,14,53,0,67,0,0,40,0,40,0,14,93,0,107,124,0,124,231
08/28/2013,FTY,GA,ASO,ES,Federal Contract Tower,0,8,51,0,59,0,0,31,0,31,0,8,82,0,90,90,0,90,180
08/29/2013,FTY,GA,ASO,ES,Federal Contract Tower,0,6,82,0,88,0,0,52,0,52,0,6,134,0,140,110,0,110,250
08/30/2013,FTY,GA,ASO,ES,Federal Contract Tower,0,5,80,0,85,0,0,31,0,31,0,5,111,0,116,30,0,30,146
08/31/2013,FTY,GA,ASO,ES,Federal Contract Tower,0,0,50,0,50,0,0,33,0,33,0,0,83,0,83,4,0,4,87
09/01/2013,FTY,GA,ASO,ES,Federal Contract Tower,0,10,34,0,44,0,0,11,0,11,0,10,45,0,55,0,0,0,55
09/02/2013,FTY,GA,ASO,ES,Federal Contract Tower,0,9,52,0,61,0,0,10,0,10,0,9,62,0,71,4,0,4,75
09/03/2013,FTY,GA,ASO,ES,Federal Contract Tower,0,16,40,0,56,0,0,35,0,35,0,16,75,0,91,98,0,98,189
09/04/2013,FTY,GA,ASO,ES,Federal Contract Tower,0,7,54,0,61,0,0,35,0,35,0,7,89,0,96,52,0,52,148
09/05/2013,FTY,GA,ASO,ES,Federal Contract Tower,0,3,47,0,50,0,0,32,0,32,0,3,79,0,82,62,0,62,144
09/06/2013,FTY,GA,ASO,ES,Federal Contract Tower,0,13,54,0,67,0,0,40,0,40,0,13,94,0,107,60,0,60,167
09/07/2013,FTY,GA,ASO,ES,Federal Contract Tower,0,5,23,0,28,0,0,34,0,34,0,5,57,0,62,70,0,70,132
09/08/2013,FTY,GA,ASO,ES,Federal Contract Tower,0,14,35,0,49,0,0,19,0,19,0,14,54,0,68,44,0,44,112
09/09/2013,FTY,GA,ASO,ES,Federal Contract Tower,0,13,50,0,63,0,0,28,0,28,0,13,78,0,91,28,0,28,119
09/10/2013,FTY,GA,ASO,ES,Federal Contract Tower,0,20,56,0,76,0,0,39,0,39,0,20,95,0,115,112,0,112,227
09/11/2013,FTY,GA,ASO,ES,Federal Contract Tower,0,9,71,0,80,0,0,40,0,40,0,9,111,0,120,46,0,46,166
09/12/2013,FTY,GA,ASO,ES,Federal Contract Tower,0,14,64,0,78,0,0,28,0,28,0,14,92,0,106,74,0,74,180
09/13/2013,FTY,GA,ASO,ES,Federal Contract Tower,0,5,51,0,56,0,1,40,0,41,0,6,91,0,97,22,0,22,119
09/14/2013,FTY,GA,ASO,ES,Federal Contract Tower,0,3,13,0,16,0,0,32,0,32,0,3,45,0,48,82,0,82,130
09/15/2013,FTY,GA,ASO,ES,Federal Contract Tower,0,15,44,1,60,0,18,0,0,18,0,33,44,1,78,22,0,22,100
09/16/2013,FTY,GA,ASO,ES,Federal Contract Tower,0,12,41,0,53,0,0,23,0,23,0,12,64,0,76,54,0,54,130
09/17/2013,FTY,GA,ASO,ES,Federal Contract Tower,0,14,62,0,76,0,0,13,0,13,0,14,75,0,89,38,0,38,127
09/18/2013,FTY,GA,ASO,ES,Federal Contract Tower,0,14,54,0,68,0,0,26,0,26,0,14,80,0,94,78,0,78,172
09/19/2013,FTY,GA,ASO,ES,Federal Contract Tower,0,17,88,2,107,0,0,41,0,41,0,17,129,2,148,56,0,56,204
09/20/2013,FTY,GA,ASO,ES,Federal Contract Tower,0,9,61,0,70,0,0,55,0,55,0,9,116,0,125,114,0,114,239
09/21/2013,FTY,GA,ASO,ES,Federal Contract Tower,0,4,28,2,34,0,0,5,0,5,0,4,33,2,39,22,0,22,61
09/22/2013,FTY,GA,ASO,ES,Federal Contract Tower,0,13,46,0,59,0,0,17,0,17,0,13,63,0,76,44,0,44,120
09/23/2013,FTY,GA,ASO,ES,Federal Contract Tower,0,10,45,0,55,0,0,31,0,31,0,10,76,0,86,28,0,28,114
09/24/2013,FTY,GA,ASO,ES,Federal Contract Tower,0,10,77,0,87,0,0,11,0,11,0,10,88,0,98,36,0,36,134
09/25/2013,FTY,GA,ASO,ES,Federal Contract Tower,0,6,49,0,55,0,0,0,0,0,0,6,49,0,55,0,0,0,55
09/26/2013,FTY,GA,ASO,ES,Federal Contract Tower,0,18,68,0,86,0,0,43,0,43,0,18,111,0,129,74,0,74,203
09/27/2013,FTY,GA,ASO,ES,Federal Contract Tower,0,14,42,0,56,0,0,72,0,72,0,14,114,0,128,134,0,134,262
09/28/2013,FTY,GA,ASO,ES,Federal Contract Tower,0,3,27,0,30,0,0,45,0,45,0,3,72,0,75,98,0,98,173
09/29/2013,FTY,GA,ASO,ES,Federal Contract Tower,0,14,46,0,60,0,0,22,0,22,0,14,68,0,82,10,0,10,92
09/30/2013,FTY,GA,ASO,ES,Federal Contract Tower,0,16,67,0,83,0,0,32,0,32,0,16,99,0,115,36,0,36,151
10/01/2013,FTY,GA,ASO,ES,Federal Contract Tower,0,16,88,0,104,0,0,41,0,41,0,16,129,0,145,82,0,82,227
10/02/2013,FTY,GA,ASO,ES,Federal Contract Tower,0,16,75,0,91,0,0,50,0,50,0,16,125,0,141,72,0,72,213
10/03/2013,FTY,GA,ASO,ES,Federal Contract Tower,0,12,78,0,90,0,0,35,0,35,0,12,113,0,125,56,0,56,181
10/04/2013,FTY,GA,ASO,ES,Federal Contract Tower,0,5,64,0,69,0,0,31,0,31,0,5,95,0,100,48,0,48,148
10/05/2013,FTY,GA,ASO,ES,Federal Contract Tower,0,7,33,0,40,0,0,23,0,23,0,7,56,0,63,56,0,56,119
10/06/2013,FTY,GA,ASO,ES,Federal Contract Tower,0,12,28,0,40,0,0,13,0,13,0,12,41,0,53,14,0,14,67
10/07/2013,FTY,GA,ASO,ES,Federal Contract Tower,0,12,38,0,50,0,0,30,0,30,0,12,68,0,80,24,0,24,104
10/08/2013,FTY,GA,ASO,ES,Federal Contract Tower,0,12,59,0,71,0,0,29,0,29,0,12,88,0,100,82,0,82,182
10/09/2013,FTY,GA,ASO,ES,Federal Contract Tower,0,8,68,0,76,0,0,32,0,32,0,8,100,0,108,118,0,118,226
10/10/2013,FTY,GA,ASO,ES,Federal Contract Tower,0,13,57,0,70,0,0,25,0,25,0,13,82,0,95,16,0,16,111
10/11/2013,FTY,GA,ASO,ES,Federal Contract Tower,0,20,57,0,77,0,0,53,0,53,0,20,110,0,130,44,0,44,174
10/12/2013,FTY,GA,ASO,ES,Federal Contract Tower,0,4,28,0,32,0,0,37,0,37,0,4,65,0,69,52,0,52,121
10/13/2013,FTY,GA,ASO,ES,Federal Contract Tower,0,18,42,0,60,0,0,36,0,36,0,18,78,0,96,58,0,58,154
10/14/2013,FTY,GA,ASO,ES,Federal Contract Tower,0,15,73,0,88,0,0,25,0,25,0,15,98,0,113,20,0,20,133
10/15/2013,FTY,GA,ASO,ES,Federal Contract Tower,0,25,90,0,115,0,0,14,0,14,0,25,104,0,129,6,0,6,135
10/16/2013,FTY,GA,ASO,ES,Federal Contract Tower,0,11,67,0,78,0,0,31,0,31,0,11,98,0,109,88,0,88,197
10/17/2013,FTY,GA,ASO,ES,Federal Contract Tower,0,22,86,0,108,0,0,7,0,7,0,22,93,0,115,0,0,0,115
10/18/2013,FTY,GA,ASO,ES,Federal Contract Tower,0,9,50,0,59,0,0,26,0,26,0,9,76,0,85,2,0,2,87
10/19/2013,FTY,GA,ASO,ES,Federal Contract Tower,0,9,32,0,41,0,0,20,0,20,0,9,52,0,61,52,0,52,113
10/20/2013,FTY,GA,ASO,ES,Federal Contract Tower,0,21,39,0,60,0,1,40,0,41,0,22,79,0,101,92,0,92,193
10/21/2013,FTY,GA,ASO,ES,Federal Contract Tower,0,7,49,0,56,0,0,27,0,27,0,7,76,0,83,8,0,8,91
10/22/2013,FTY,GA,ASO,ES,Federal Contract Tower,0,15,68,0,83,0,0,30,0,30,0,15,98,0,113,28,0,28,141
10/23/2013,FTY,GA,ASO,ES,Federal Contract Tower,0,12,50,0,62,0,0,25,0,25,0,12,75,0,87,0,0,0,87
10/24/2013,FTY,GA,ASO,ES,Federal Contract Tower,0,10,69,0,79,0,0,41,0,41,0,10,110,0,120,62,0,62,182
10/25/2013,FTY,GA,ASO,ES,Federal Contract Tower,0,6,57,0,63,0,0,43,0,43,0,6,100,0,106,190,0,190,296
10/26/2013,FTY,GA,ASO,ES,Federal Contract Tower,0,1,18,0,19,0,0,42,2,44,0,1,60,2,63,92,0,92,155
10/27/2013,FTY,GA,ASO,ES,Federal Contract Tower,0,12,38,0,50,0,0,29,0,29,0,12,67,0,79,6,0,6,85
10/28/2013,FTY,GA,ASO,ES,Federal Contract Tower,0,12,47,0,59,0,0,17,0,17,0,12,64,0,76,34,0,34,110
10/29/2013,FTY,GA,ASO,ES,Federal Contract Tower,0,14,75,0,89,0,0,46,0,46,0,14,121,0,135,28,0,28,163
10/30/2013,FTY,GA,ASO,ES,Federal Contract Tower,0,13,87,0,100,0,0,34,0,34,0,13,121,0,134,30,0,30,164
10/31/2013,FTY,GA,ASO,ES,Federal Contract Tower,0,5,52,0,57,0,1,24,0,25,0,6,76,0,82,4,0,4,86
11/01/2013,FTY,GA,ASO,ES,Federal Contract Tower,0,8,55,0,63,0,0,21,0,21,0,8,76,0,84,16,0,16,100
11/02/2013,FTY,GA,ASO,ES,Federal Contract Tower,0,5,31,0,36,0,0,36,0,36,0,5,67,0,72,68,0,68,140
11/03/2013,FTY,GA,ASO,ES,Federal Contract Tower,0,16,36,0,52,0,1,24,0,25,0,17,60,0,77,18,0,18,95
11/04/2013,FTY,GA,ASO,ES,Federal Contract Tower,0,11,35,0,46,0,0,23,0,23,0,11,58,0,69,0,0,0,69
11/05/2013,FTY,GA,ASO,ES,Federal Contract Tower,0,16,54,0,70,0,0,19,0,19,0,16,73,0,89,40,0,40,129
11/06/2013,FTY,GA,ASO,ES,Federal Contract Tower,0,17,60,0,77,0,0,23,0,23,0,17,83,0,100,28,0,28,128
11/07/2013,FTY,GA,ASO,ES,Federal Contract Tower,0,11,62,0,73,0,0,15,0,15,0,11,77,0,88,16,0,16,104
11/08/2013,FTY,GA,ASO,ES,Federal Contract Tower,0,15,63,0,78,0,0,28,0,28,0,15,91,0,106,44,0,44,150
11/09/2013,FTY,GA,ASO,ES,Federal Contract Tower,0,2,34,0,36,0,0,36,0,36,0,2,70,0,72,110,0,110,182
11/10/2013,FTY,GA,ASO,ES,Federal Contract Tower,0,17,34,0,51,0,0,52,0,52,0,17,86,0,103,46,0,46,149
11/11/2013,FTY,GA,ASO,ES,Federal Contract Tower,0,15,52,0,67,0,0,42,0,42,0,15,94,0,109,48,0,48,157
11/12/2013,FTY,GA,ASO,ES,Federal Contract Tower,0,14,65,0,79,0,0,19,0,19,0,14,84,0,98,10,0,10,108
11/13/2013,FTY,GA,ASO,ES,Federal Contract Tower,0,14,73,0,87,0,0,30,0,30,0,14,103,0,117,46,0,46,163
11/14/2013,FTY,GA,ASO,ES,Federal Contract Tower,0,12,66,0,78,0,0,36,0,36,0,12,102,0,114,34,0,34,148
11/15/2013,FTY,GA,ASO,ES,Federal Contract Tower,0,2,52,0,54,0,0,10,0,10,0,2,62,0,64,0,0,0,64
11/16/2013,FTY,GA,ASO,ES,Federal Contract Tower,0,3,29,0,32,0,0,6,0,6,0,3,35,0,38,16,0,16,54
11/17/2013,FTY,GA,ASO,ES,Federal Contract Tower,0,24,25,0,49,0,0,1,0,1,0,24,26,0,50,0,0,0,50
11/18/2013,FTY,GA,ASO,ES,Federal Contract Tower,0,15,51,0,66,0,0,21,0,21,0,15,72,0,87,24,0,24,111
11/19/2013,FTY,GA,ASO,ES,Federal Contract Tower,0,14,64,0,78,0,0,48,0,48,0,14,112,0,126,158,0,158,284
11/20/2013,FTY,GA,ASO,ES,Federal Contract Tower,0,23,64,0,87,0,0,27,0,27,0,23,91,0,114,10,0,10,124
11/21/2013,FTY,GA,ASO,ES,Federal Contract Tower,0,24,69,2,95,0,0,20,0,20,0,24,89,2,115,12,0,12,127
11/22/2013,FTY,GA,ASO,ES,Federal Contract Tower,0,7,55,0,62,0,0,14,0,14,0,7,69,0,76,0,0,0,76
11/23/2013,FTY,GA,ASO,ES,Federal Contract Tower,0,5,31,0,36,0,0,9,0,9,0,5,40,0,45,4,0,4,49
11/24/2013,FTY,GA,ASO,ES,Federal Contract Tower,0,15,24,0,39,0,0,38,0,38,0,15,62,0,77,22,0,22,99
11/25/2013,FTY,GA,ASO,ES,Federal Contract Tower,0,8,43,0,51,0,0,34,0,34,0,8,77,0,85,50,0,50,135
11/26/2013,FTY,GA,ASO,ES,Federal Contract Tower,0,15,42,0,57,0,0,0,0,0,0,15,42,0,57,0,0,0,57
11/27/2013,FTY,GA,ASO,ES,Federal Contract Tower,0,10,23,0,33,0,0,11,0,11,0,10,34,0,44,6,0,6,50
11/28/2013,FTY,GA,ASO,ES,Federal Contract Tower,0,7,10,0,17,0,0,6,0,6,0,7,16,0,23,10,0,10,33
11/29/2013,FTY,GA,ASO,ES,Federal Contract Tower,0,7,22,0,29,0,0,32,0,32,0,7,54,0,61,102,0,102,163
11/30/2013,FTY,GA,ASO,ES,Federal Contract Tower,0,3,24,0,27,0,0,31,0,31,0,3,55,0,58,30,0,30,88
12/01/2013,FTY,GA,ASO,ES,Federal Contract Tower,0,16,40,0,56,0,0,24,0,24,0,16,64,0,80,42,0,42,122
12/02/2013,FTY,GA,ASO,ES,Federal Contract Tower,0,7,50,0,57,0,0,5,0,5,0,7,55,0,62,0,0,0,62
12/03/2013,FTY,GA,ASO,ES,Federal Contract Tower,0,9,77,0,86,0,0,0,0,0,0,9,77,0,86,0,0,0,86
12/04/2013,FTY,GA,ASO,ES,Federal Contract Tower,0,15,99,0,114,0,0,6,0,6,0,15,105,0,120,32,0,32,152
12/05/2013,FTY,GA,ASO,ES,Federal Contract Tower,0,6,68,0,74,0,0,8,0,8,0,6,76,0,82,0,0,0,82
12/06/2013,FTY,GA,ASO,ES,Federal Contract Tower,0,6,63,0,69,0,0,6,0,6,0,6,69,0,75,0,0,0,75
12/07/2013,FTY,GA,ASO,ES,Federal Contract Tower,0,14,81,0,95,0,0,7,0,7,0,14,88,0,102,8,0,8,110
12/08/2013,FTY,GA,ASO,ES,Federal Contract Tower,0,13,44,0,57,0,0,0,0,0,0,13,44,0,57,0,0,0,57
12/09/2013,FTY,GA,ASO,ES,Federal Contract Tower,0,10,61,0,71,0,0,0,0,0,0,10,61,0,71,0,0,0,71
12/10/2013,FTY,GA,ASO,ES,Federal Contract Tower,0,10,54,0,64,0,0,20,0,20,0,10,74,0,84,78,0,78,162
12/11/2013,FTY,GA,ASO,ES,Federal Contract Tower,0,7,49,0,56,0,0,26,0,26,0,7,75,0,82,72,0,72,154
12/12/2013,FTY,GA,ASO,ES,Federal Contract Tower,0,4,62,0,66,0,1,39,0,40,0,5,101,0,106,44,0,44,150
12/13/2013,FTY,GA,ASO,ES,Federal Contract Tower,0,7,54,0,61,0,0,40,0,40,0,7,94,0,101,104,0,104,205
12/14/2013,FTY,GA,ASO,ES,Federal Contract Tower,0,4,17,0,21,0,0,0,0,0,0,4,17,0,21,0,0,0,21
12/15/2013,FTY,GA,ASO,ES,Federal Contract Tower,0,18,31,0,49,0,0,28,0,28,0,18,59,0,77,76,0,76,153
12/16/2013,FTY,GA,ASO,ES,Federal Contract Tower,0,14,49,2,65,0,0,43,0,43,0,14,92,2,108,106,0,106,214
12/17/2013,FTY,GA,ASO,ES,Federal Contract Tower,0,12,57,0,69,0,0,28,0,28,0,12,85,0,97,114,0,114,211
12/18/2013,FTY,GA,ASO,ES,Federal Contract Tower,0,12,62,0,74,0,0,35,0,35,0,12,97,0,109,116,0,116,225
12/19/2013,FTY,GA,ASO,ES,Federal Contract Tower,0,12,57,0,69,0,0,23,0,23,0,12,80,0,92,76,0,76,168
12/20/2013,FTY,GA,ASO,ES,Federal Contract Tower,0,7,50,0,57,0,0,33,0,33,0,7,83,0,90,36,0,36,126
12/21/2013,FTY,GA,ASO,ES,Federal Contract Tower,0,4,27,2,33,0,0,0,0,0,0,4,27,2,33,0,0,0,33
12/22/2013,FTY,GA,ASO,ES,Federal Contract Tower,0,11,9,0,20,0,0,1,0,1,0,11,10,0,21,0,0,0,21
12/23/2013,FTY,GA,ASO,ES,Federal Contract Tower,0,9,27,0,36,0,0,5,0,5,0,9,32,0,41,6,0,6,47
12/24/2013,FTY,GA,ASO,ES,Federal Contract Tower,0,5,20,0,25,0,0,11,0,11,0,5,31,0,36,4,0,4,40
12/25/2013,FTY,GA,ASO,ES,Federal Contract Tower,0,8,8,0,16,0,0,10,0,10,0,8,18,0,26,16,0,16,42
12/26/2013,FTY,GA,ASO,ES,Federal Contract Tower,0,5,31,0,36,0,0,22,0,22,0,5,53,0,58,30,0,30,88
12/27/2013,FTY,GA,ASO,ES,Federal Contract Tower,0,2,24,0,26,0,0,32,0,32,0,2,56,0,58,56,0,56,114
12/28/2013,FTY,GA,ASO,ES,Federal Contract Tower,0,7,14,0,21,0,0,7,0,7,0,7,21,0,28,36,0,36,64
12/29/2013,FTY,GA,ASO,ES,Federal Contract Tower,0,18,36,0,54,0,0,0,0,0,0,18,36,0,54,0,0,0,54
12/30/2013,FTY,GA,ASO,ES,Federal Contract Tower,0,8,24,0,32,0,21,2,0,23,0,29,26,0,55,2,2,4,59
12/31/2013,FTY,GA,ASO,ES,Federal Contract Tower,0,5,24,0,29,0,0,25,0,25,0,5,49,0,54,10,0,10,64
01/01/2014,FTY,GA,ASO,ES,Federal Contract Tower,0,7,30,0,37,0,0,14,0,14,0,7,44,0,51,6,0,6,57
01/02/2014,FTY,GA,ASO,ES,Federal Contract Tower,0,5,12,0,17,0,0,1,0,1,0,5,13,0,18,0,0,0,18
01/03/2014,FTY,GA,ASO,ES,Federal Contract Tower,0,5,32,0,37,0,0,23,0,23,0,5,55,0,60,16,0,16,76
01/04/2014,FTY,GA,ASO,ES,Federal Contract Tower,0,4,29,0,33,0,0,18,0,18,0,4,47,0,51,2,0,2,53
01/05/2014,FTY,GA,ASO,ES,Federal Contract Tower,0,10,29,2,41,0,0,0,0,0,0,10,29,2,41,0,0,0,41
01/06/2014,FTY,GA,ASO,ES,Federal Contract Tower,0,7,20,0,27,0,0,1,0,1,0,7,21,0,28,0,0,0,28
01/07/2014,FTY,GA,ASO,ES,Federal Contract Tower,0,11,43,0,54,0,1,14,0,15,0,12,57,0,69,0,0,0,69
01/08/2014,FTY,GA,ASO,ES,Federal Contract Tower,0,10,44,2,56,0,0,29,0,29,0,10,73,2,85,66,0,66,151
01/09/2014,FTY,GA,ASO,ES,Federal Contract Tower,0,6,66,0,72,0,0,24,0,24,0,6,90,0,96,16,0,16,112
01/10/2014,FTY,GA,ASO,ES,Federal Contract Tower,0,20,43,0,63,0,0,0,0,0,0,20,43,0,63,0,0,0,63
01/11/2014,FTY,GA,ASO,ES,Federal Contract Tower,0,8,30,0,38,0,0,8,0,8,0,8,38,0,46,26,0,26,72
01/12/2014,FTY,GA,ASO,ES,Federal Contract Tower,0,16,43,2,61,0,0,32,0,32,0,16,75,2,93,56,0,56,149
01/13/2014,FTY,GA,ASO,ES,Federal Contract Tower,0,18,44,0,62,0,1,14,0,15,0,19,58,0,77,6,0,6,83
01/14/2014,FTY,GA,ASO,ES,Federal Contract Tower,0,16,47,0,63,0,0,25,0,25,0,16,72,0,88,56,0,56,144
01/15/2014,FTY,GA,ASO,ES,Federal Contract Tower,0,6,53,0,59,0,0,30,0,30,0,6,83,0,89,20,0,20,109
01/16/2014,FTY,GA,ASO,ES,Federal Contract Tower,0,13,64,0,77,0,0,48,0,48,0,13,112,0,125,148,0,148,273
01/17/2014,FTY,GA,ASO,ES,Federal Contract Tower,0,14,35,0,49,0,0,0,0,0,0,14,35,0,49,0,0,0,49
01/18/2014,FTY,GA,ASO,ES,Federal Contract Tower,0,1,19,0,20,0,1,42,0,43,0,2,61,0,63,104,0,104,167
01/19/2014,FTY,GA,ASO,ES,Federal Contract Tower,0,15,25,0,40,0,0,34,0,34,0,15,59,0,74,34,0,34,108
01/20/2014,FTY,GA,ASO,ES,Federal Contract Tower,0,17,43,0,60,0,0,43,0,43,0,17,86,0,103,38,0,38,141
01/21/2014,FTY,GA,ASO,ES,Federal Contract Tower,0,8,41,0,49,0,0,19,0,19,0,8,60,0,68,4,0,4,72
01/22/2014,FTY,GA,ASO,ES,Federal Contract Tower,0,12,56,0,68,0,0,35,0,35,0,12,91,0,103,28,0,28,131
01/23/2014,FTY,GA,ASO,ES,Federal Contract Tower,0,6,66,1,73,0,0,36,0,36,0,6,102,1,109,16,0,16,125
01/24/2014,FTY,GA,ASO,ES,Federal Contract Tower,0,7,41,0,48,0,0,45,0,45,0,7,86,0,93,100,0,100,193
01/25/2014,FTY,GA,ASO,ES,Federal Contract Tower,0,3,21,0,24,0,0,15,0,15,0,3,36,0,39,16,0,16,55
01/26/2014,FTY,GA,ASO,ES,Federal Contract Tower,0,11,23,0,34,0,0,33,0,33,0,11,56,0,67,28,0,28,95
01/27/2014,FTY,GA,ASO,ES,Federal Contract Tower,0,5,55,2,62,0,0,27,0,27,0,5,82,2,89,30,0,30,119
01/28/2014,FTY,GA,ASO,ES,Federal Contract Tower,0,7,55,0,62,0,0,6,0,6,0,7,61,0,68,4,0,4,72
01/29/2014,FTY,GA,ASO,ES,Federal Contract Tower,0,5,12,0,17,0,0,1,0,1,0,5,13,0,18,2,0,2,20
01/30/2014,FTY,GA,ASO,ES,Federal Contract Tower,0,14,68,0,82,0,0,16,0,16,0,14,84,0,98,42,0,42,140
01/31/2014,FTY,GA,ASO,ES,Federal Contract Tower,0,4,51,0,55,0,0,42,0,42,0,4,93,0,97,70,0,70,167
02/01/2014,FTY,GA,ASO,ES,Federal Contract Tower,0,2,12,0,14,0,0,17,0,17,0,2,29,0,31,68,0,68,99
02/02/2014,FTY,GA,ASO,ES,Federal Contract Tower,0,19,28,0,47,0,0,7,0,7,0,19,35,0,54,0,0,0,54
02/03/2014,FTY,GA,ASO,ES,Federal Contract Tower,0,12,29,1,42,0,0,13,0,13,0,12,42,1,55,20,0,20,75
02/04/2014,FTY,GA,ASO,ES,Federal Contract Tower,0,8,76,0,84,0,0,15,0,15,0,8,91,0,99,12,0,12,111
02/05/2014,FTY,GA,ASO,ES,Federal Contract Tower,0,11,46,0,57,0,0,10,0,10,0,11,56,0,67,0,0,0,67
02/06/2014,FTY,GA,ASO,ES,Federal Contract Tower,0,8,58,0,66,0,0,41,0,41,0,8,99,0,107,104,0,104,211
02/07/2014,FTY,GA,ASO,ES,Federal Contract Tower,0,8,33,1,42,0,0,50,0,50,0,8,83,1,92,128,0,128,220
02/08/2014,FTY,GA,ASO,ES,Federal Contract Tower,0,5,20,1,26,0,0,35,0,35,0,5,55,1,61,54,0,54,115
02/09/2014,FTY,GA,ASO,ES,Federal Contract Tower,0,17,30,0,47,0,0,27,0,27,0,17,57,0,74,82,0,82,156
02/10/2014,FTY,GA,ASO,ES,Federal Contract Tower,0,12,41,0,53,0,0,27,0,27,0,12,68,0,80,84,0,84,164
02/11/2014,FTY,GA,ASO,ES,Federal Contract Tower,0,3,37,0,40,0,0,0,0,0,0,3,37,0,40,0,0,0,40
02/12/2014,FTY,GA,ASO,ES,Federal Contract Tower,0,1,0,0,1,0,0,0,0,0,0,1,0,0,1,0,0,0,1
02/13/2014,FTY,GA,ASO,ES,Federal Contract Tower,0,5,19,0,24,0,0,4,0,4,0,5,23,0,28,0,0,0,28
02/14/2014,FTY,GA,ASO,ES,Federal Contract Tower,0,4,32,0,36,0,0,61,0,61,0,4,93,0,97,18,0,18,115
02/15/2014,FTY,GA,ASO,ES,Federal Contract Tower,0,2,16,0,18,0,0,55,0,55,0,2,71,0,73,28,0,28,101
02/16/2014,FTY,GA,ASO,ES,Federal Contract Tower,0,8,38,0,46,0,0,27,0,27,0,8,65,0,73,52,0,52,125
02/17/2014,FTY,GA,ASO,ES,Federal Contract Tower,0,5,52,0,57,0,0,29,0,29,0,5,81,0,86,84,0,84,170
02/18/2014,FTY,GA,ASO,ES,Federal Contract Tower,0,5,67,0,72,0,4,20,0,24,0,9,87,0,96,44,0,44,140
02/19/2014,FTY,GA,ASO,ES,Federal Contract Tower,0,5,53,0,58,0,0,18,0,18,0,5,71,0,76,32,0,32,108
02/20/2014,FTY,GA,ASO,ES,Federal Contract Tower,0,8,96,0,104,0,0,12,0,12,0,8,108,0,116,10,0,10,126
02/21/2014,FTY,GA,ASO,ES,Federal Contract Tower,0,22,65,0,87,0,0,15,0,15,0,22,80,0,102,56,0,56,158
02/22/2014,FTY,GA,ASO,ES,Federal Contract Tower,0,6,24,0,30,0,1,34,0,35,0,7,58,0,65,52,0,52,117
02/23/2014,FTY,GA,ASO,ES,Federal Contract Tower,0,6,43,0,49,0,0,19,0,19,0,6,62,0,68,72,0,72,140
02/24/2014,FTY,GA,ASO,ES,Federal Contract Tower,0,7,45,1,53,0,0,22,0,22,0,7,67,1,75,28,0,28,103
02/25/2014,FTY,GA,ASO,ES,Federal Contract Tower,0,12,47,0,59,0,0,32,0,32,0,12,79,0,91,32,0,32,123
02/26/2014,FTY,GA,ASO,ES,Federal Contract Tower,0,3,64,0,67,0,0,21,0,21,0,3,85,0,88,40,0,40,128
02/27/2014,FTY,GA,ASO,ES,Federal Contract Tower,0,9,77,0,86,0,0,40,0,40,0,9,117,0,126,42,0,42,168
02/28/2014,FTY,GA,ASO,ES,Federal Contract Tower,0,2,59,0,61,0,0,38,0,38,0,2,97,0,99,48,0,48,147
03/01/2014,FTY,GA,ASO,ES,Federal Contract Tower,0,5,27,1,33,0,0,50,0,50,0,5,77,1,83,46,0,46,129
03/02/2014,FTY,GA,ASO,ES,Federal Contract Tower,0,13,38,0,51,0,0,27,0,27,0,13,65,0,78,28,0,28,106
03/03/2014,FTY,GA,ASO,ES,Federal Contract Tower,0,19,33,0,52,0,0,3,0,3,0,19,36,0,55,0,0,0,55
03/04/2014,FTY,GA,ASO,ES,Federal Contract Tower,0,12,49,0,61,0,0,22,0,22,0,12,71,0,83,26,0,26,109
03/05/2014,FTY,GA,ASO,ES,Federal Contract Tower,0,11,68,2,81,0,0,34,0,34,0,11,102,2,115,106,0,106,221
03/06/2014,FTY,GA,ASO,ES,Federal Contract Tower,0,10,75,0,85,0,0,7,0,7,0,10,82,0,92,28,0,28,120
03/07/2014,FTY,GA,ASO,ES,Federal Contract Tower,0,10,49,0,59,0,0,20,0,20,0,10,69,0,79,10,0,10,89
03/08/2014,FTY,GA,ASO,ES,Federal Contract Tower,0,5,21,0,26,0,0,29,0,29,0,5,50,0,55,104,0,104,159
03/09/2014,FTY,GA,ASO,ES,Federal Contract Tower,0,14,18,0,32,0,1,28,0,29,0,15,46,0,61,32,0,32,93
03/10/2014,FTY,GA,ASO,ES,Federal Contract Tower,0,15,42,0,57,0,1,32,0,33,0,16,74,0,90,24,0,24,114
03/11/2014,FTY,GA,ASO,ES,Federal Contract Tower,0,20,49,0,69,0,0,34,0,34,0,20,83,0,103,72,0,72,175
03/12/2014,FTY,GA,ASO,ES,Federal Contract Tower,0,15,42,0,57,0,0,5,0,5,0,15,47,0,62,16,0,16,78
03/13/2014,FTY,GA,ASO,ES,Federal Contract Tower,0,17,61,0,78,0,0,26,0,26,0,17,87,0,104,28,0,28,132
03/14/2014,FTY,GA,ASO,ES,Federal Contract Tower,0,18,78,2,98,0,0,32,0,32,0,18,110,2,130,106,0,106,236
03/15/2014,FTY,GA,ASO,ES,Federal Contract Tower,0,8,41,0,49,0,0,22,0,22,0,8,63,0,71,32,0,32,103
03/16/2014,FTY,GA,ASO,ES,Federal Contract Tower,0,15,36,0,51,0,0,0,0,0,0,15,36,0,51,0,0,0,51
03/17/2014,FTY,GA,ASO,ES,Federal Contract Tower,0,14,51,0,65,0,0,0,0,0,0,14,51,0,65,0,0,0,65
03/18/2014,FTY,GA,ASO,ES,Federal Contract Tower,0,13,42,0,55,0,0,15,0,15,0,13,57,0,70,48,0,48,118
03/19/2014,FTY,GA,ASO,ES,Federal Contract Tower,0,14,58,0,72,0,0,5,0,5,0,14,63,0,77,6,0,6,83
03/20/2014,FTY,GA,ASO,ES,Federal Contract Tower,0,14,61,0,75,0,0,50,0,50,0,14,111,0,125,54,0,54,179
03/21/2014,FTY,GA,ASO,ES,Federal Contract Tower,0,4,45,0,49,0,0,46,0,46,0,4,91,0,95,132,0,132,227
03/22/2014,FTY,GA,ASO,ES,Federal Contract Tower,0,4,38,0,42,0,0,79,0,79,0,4,117,0,121,64,0,64,185
03/23/2014,FTY,GA,ASO,ES,Federal Contract Tower,0,7,34,0,41,0,0,13,0,13,0,7,47,0,54,14,0,14,68
03/24/2014,FTY,GA,ASO,ES,Federal Contract Tower,0,12,35,0,47,0,0,47,0,47,0,12,82,0,94,88,0,88,182
03/25/2014,FTY,GA,ASO,ES,Federal Contract Tower,0,19,67,0,86,0,0,24,0,24,0,19,91,0,110,18,0,18,128
03/26/2014,FTY,GA,ASO,ES,Federal Contract Tower,0,19,61,0,80,0,0,42,0,42,0,19,103,0,122,92,0,92,214
03/27/2014,FTY,GA,ASO,ES,Federal Contract Tower,0,11,63,0,74,0,0,29,0,29,0,11,92,0,103,34,0,34,137
03/28/2014,FTY,GA,ASO,ES,Federal Contract Tower,0,4,50,1,55,0,0,0,2,2,0,4,50,3,57,0,14,14,71
03/29/2014,FTY,GA,ASO,ES,Federal Contract Tower,0,7,21,1,29,0,0,2,0,2,0,7,23,1,31,0,0,0,31
03/30/2014,FTY,GA,ASO,ES,Federal Contract Tower,0,7,22,1,30,0,1,16,0,17,0,8,38,1,47,70,0,70,117
03/31/2014,FTY,GA,ASO,ES,Federal Contract Tower,0,15,45,1,61,0,0,65,0,65,0,15,110,1,126,156,0,156,282
04/01/2014,FTY,GA,ASO,ES,Federal Contract Tower,0,7,48,0,55,0,0,59,2,61,0,7,107,2,116,118,16,134,250
04/02/2014,FTY,GA,ASO,ES,Federal Contract Tower,0,4,51,0,55,0,0,40,0,40,0,4,91,0,95,100,0,100,195
04/03/2014,FTY,GA,ASO,ES,Federal Contract Tower,0,10,79,0,89,0,0,44,0,44,0,10,123,0,133,158,0,158,291
04/04/2014,FTY,GA,ASO,ES,Federal Contract Tower,0,7,49,0,56,0,0,11,0,11,0,7,60,0,67,48,0,48,115
04/05/2014,FTY,GA,ASO,ES,Federal Contract Tower,0,3,32,0,35,0,0,35,0,35,0,3,67,0,70,102,0,102,172
04/06/2014,FTY,GA,ASO,ES,Federal Contract Tower,0,11,42,0,53,0,0,6,0,6,0,11,48,0,59,0,0,0,59
04/07/2014,FTY,GA,ASO,ES,Federal Contract Tower,0,14,52,0,66,0,0,0,0,0,0,14,52,0,66,0,0,0,66
04/08/2014,FTY,GA,ASO,ES,Federal Contract Tower,0,18,49,0,67,0,0,35,0,35,0,18,84,0,102,80,0,80,182
04/09/2014,FTY,GA,ASO,ES,Federal Contract Tower,0,11,81,0,92,0,0,35,0,35,0,11,116,0,127,76,0,76,203
04/10/2014,FTY,GA,ASO,ES,Federal Contract Tower,0,14,77,0,91,0,0,63,0,63,0,14,140,0,154,82,0,82,236
04/11/2014,FTY,GA,ASO,ES,Federal Contract Tower,0,7,55,0,62,0,0,48,0,48,0,7,103,0,110,72,0,72,182
04/12/2014,FTY,GA,ASO,ES,Federal Contract Tower,0,2,38,0,40,0,0,34,0,34,0,2,72,0,74,36,0,36,110
04/13/2014,FTY,GA,ASO,ES,Federal Contract Tower,0,12,45,0,57,0,0,57,0,57,0,12,102,0,114,22,0,22,136
04/14/2014,FTY,GA,ASO,ES,Federal Contract Tower,0,13,45,3,61,0,0,12,0,12,0,13,57,3,73,40,0,40,113
04/15/2014,FTY,GA,ASO,ES,Federal Contract Tower,0,11,64,0,75,0,0,2,4,6,0,11,66,4,81,20,0,20,101
04/16/2014,FTY,GA,ASO,ES,Federal Contract Tower,0,12,46,2,60,0,0,38,0,38,0,12,84,2,98,114,0,114,212
04/17/2014,FTY,GA,ASO,ES,Federal Contract Tower,0,13,67,0,80,0,0,49,0,49,0,13,116,0,129,188,0,188,317
04/18/2014,FTY,GA,ASO,ES,Federal Contract Tower,0,3,31,0,34,0,0,7,0,7,0,3,38,0,41,52,0,52,93
04/19/2014,FTY,GA,ASO,ES,Federal Contract Tower,0,2,19,0,21,0,0,11,0,11,0,2,30,0,32,16,0,16,48
04/20/2014,FTY,GA,ASO,ES,Federal Contract Tower,0,10,28,0,38,0,0,21,0,21,0,10,49,0,59,40,0,40,99
04/21/2014,FTY,GA,ASO,ES,Federal Contract Tower,0,12,53,0,65,0,0,47,0,47,0,12,100,0,112,210,0,210,322
04/22/2014,FTY,GA,ASO,ES,Federal Contract Tower,0,13,61,0,74,0,0,18,0,18,0,13,79,0,92,84,0,84,176
04/23/2014,FTY,GA,ASO,ES,Federal Contract Tower,0,8,72,0,80,0,0,39,0,39,0,8,111,0,119,110,0,110,229
04/24/2014,FTY,GA,ASO,ES,Federal Contract Tower,0,6,75,0,81,0,0,54,0,54,0,6,129,0,135,164,0,164,299
04/25/2014,FTY,GA,ASO,ES,Federal Contract Tower,0,5,61,3,69,0,0,22,0,22,0,5,83,3,91,68,0,68,159
04/26/2014,FTY,GA,ASO,ES,Federal Contract Tower,0,4,24,0,28,0,0,41,0,41,0,4,65,0,69,16,0,16,85
04/27/2014,FTY,GA,ASO,ES,Federal Contract Tower,0,9,36,3,48,0,0,22,0,22,0,9,58,3,70,40,0,40,110
04/28/2014,FTY,GA,ASO,ES,Federal Contract Tower,0,10,57,0,67,0,0,12,0,12,0,10,69,0,79,40,0,40,119
04/29/2014,FTY,GA,ASO,ES,Federal Contract Tower,0,7,21,1,29,0,0,2,0,2,0,7,23,1,31,0,0,0,31
04/30/2014,FTY,GA,ASO,ES,Federal Contract Tower,0,17,50,0,67,0,0,9,0,9,0,17,59,0,76,0,0,0,76
05/01/2014,FTY,GA,ASO,ES,Federal Contract Tower,0,20,73,0,93,0,0,41,0,41,0,20,114,0,134,94,0,94,228
05/02/2014,FTY,GA,ASO,ES,Federal Contract Tower,0,5,66,0,71,0,0,56,0,56,0,5,122,0,127,76,0,76,203
05/03/2014,FTY,GA,ASO,ES,Federal Contract Tower,0,4,31,0,35,0,0,21,0,21,0,4,52,0,56,44,0,44,100
05/04/2014,FTY,GA,ASO,ES,Federal Contract Tower,0,10,33,0,43,0,0,21,0,21,0,10,54,0,64,22,0,22,86
05/05/2014,FTY,GA,ASO,ES,Federal Contract Tower,0,7,55,0,62,0,0,18,0,18,0,7,73,0,80,62,0,62,142
05/06/2014,FTY,GA,ASO,ES,Federal Contract Tower,0,8,52,0,60,0,0,45,0,45,0,8,97,0,105,72,0,72,177
05/07/2014,FTY,GA,ASO,ES,Federal Contract Tower,0,9,57,2,68,0,0,35,8,43,0,9,92,10,111,162,0,162,273
05/08/2014,FTY,GA,ASO,ES,Federal Contract Tower,0,9,66,0,75,0,0,58,0,58,0,9,124,0,133,156,0,156,289
05/09/2014,FTY,GA,ASO,ES,Federal Contract Tower,0,9,50,0,59,0,0,19,0,19,0,9,69,0,78,40,0,40,118
05/10/2014,FTY,GA,ASO,ES,Federal Contract Tower,0,3,21,0,24,0,0,1,0,1,0,3,22,0,25,16,0,16,41
05/11/2014,FTY,GA,ASO,ES,Federal Contract Tower,0,8,23,0,31,0,0,17,0,17,0,8,40,0,48,16,0,16,64
05/12/2014,FTY,GA,ASO,ES,Federal Contract Tower,0,7,57,2,66,0,0,25,0,25,0,7,82,2,91,40,0,40,131
05/13/2014,FTY,GA,ASO,ES,Federal Contract Tower,0,11,55,0,66,0,0,39,0,39,0,11,94,0,105,184,0,184,289
05/14/2014,FTY,GA,ASO,ES,Federal Contract Tower,0,5,51,0,56,0,0,28,0,28,0,5,79,0,84,34,0,34,118
05/15/2014,FTY,GA,ASO,ES,Federal Contract Tower,0,14,72,0,86,0,0,15,0,15,0,14,87,0,101,44,0,44,145
05/16/2014,FTY,GA,ASO,ES,Federal Contract Tower,0,11,76,0,87,0,0,52,0,52,0,11,128,0,139,38,0,38,177
05/17/2014,FTY,GA,ASO,ES,Federal Contract Tower,0,5,59,1,65,0,0,18,0,18,0,5,77,1,83,16,0,16,99
05/18/2014,FTY,GA,ASO,ES,Federal Contract Tower,0,11,52,0,63,0,0,3,0,3,0,11,55,0,66,8,0,8,74
05/19/2014,FTY,GA,ASO,ES,Federal Contract Tower,0,9,62,0,71,0,0,40,0,40,0,9,102,0,111,106,0,106,217
05/20/2014,FTY,GA,ASO,ES,Federal Contract Tower,0,14,38,0,52,0,0,36,0,36,0,14,74,0,88,106,0,106,194
05/21/2014,FTY,GA,ASO,ES,Federal Contract Tower,0,8,63,0,71,0,0,51,0,51,0,8,114,0,122,90,0,90,212
05/22/2014,FTY,GA,ASO,ES,Federal Contract Tower,0,14,68,0,82,0,0,41,0,41,0,14,109,0,123,72,0,72,195
05/23/2014,FTY,GA,ASO,ES,Federal Contract Tower,0,7,54,0,61,0,0,39,0,39,0,7,93,0,100,82,0,82,182
05/24/2014,FTY,GA,ASO,ES,Federal Contract Tower,0,2,15,0,17,0,0,32,0,32,0,2,47,0,49,72,0,72,121
05/25/2014,FTY,GA,ASO,ES,Federal Contract Tower,0,6,14,0,20,0,0,21,0,21,0,6,35,0,41,44,0,44,85
05/26/2014,FTY,GA,ASO,ES,Federal Contract Tower,0,9,27,0,36,0,0,15,0,15,0,9,42,0,51,12,0,12,63
05/27/2014,FTY,GA,ASO,ES,Federal Contract Tower,0,9,61,0,70,0,0,26,0,26,0,9,87,0,96,108,0,108,204
05/28/2014,FTY,GA,ASO,ES,Federal Contract Tower,0,5,40,0,45,0,0,38,0,38,0,5,78,0,83,66,0,66,149
05/29/2014,FTY,GA,ASO,ES,Federal Contract Tower,0,9,44,0,53,0,0,28,0,28,0,9,72,0,81,62,0,62,143
05/30/2014,FTY,GA,ASO,ES,Federal Contract Tower,0,6,49,0,55,0,0,14,2,16,0,6,63,2,71,6,0,6,77
05/31/2014,FTY,GA,ASO,ES,Federal Contract Tower,0,6,16,0,22,0,0,18,0,18,0,6,34,0,40,28,0,28,68
06/01/2014,FTY,GA,ASO,ES,Federal Contract Tower,0,12,40,0,52,0,0,52,0,52,0,12,92,0,104,20,0,20,124
06/02/2014,FTY,GA,ASO,ES,Federal Contract Tower,0,6,48,0,54,0,0,20,0,20,0,6,68,0,74,30,0,30,104
06/03/2014,FTY,GA,ASO,ES,Federal Contract Tower,0,7,43,0,50,0,0,22,0,22,0,7,65,0,72,48,0,48,120
06/04/2014,FTY,GA,ASO,ES,Federal Contract Tower,0,9,56,0,65,0,0,19,0,19,0,9,75,0,84,72,0,72,156
06/05/2014,FTY,GA,ASO,ES,Federal Contract Tower,0,11,57,0,68,0,0,16,0,16,0,11,73,0,84,36,0,36,120
06/06/2014,FTY,GA,ASO,ES,Federal Contract Tower,0,8,53,0,61,0,0,18,0,18,0,8,71,0,79,38,0,38,117
06/07/2014,FTY,GA,ASO,ES,Federal Contract Tower,0,6,20,0,26,0,0,25,0,25,0,6,45,0,51,64,0,64,115
06/08/2014,FTY,GA,ASO,ES,Federal Contract Tower,0,18,39,0,57,0,1,17,0,18,0,19,56,0,75,46,0,46,121
06/09/2014,FTY,GA,ASO,ES,Federal Contract Tower,0,11,60,0,71,0,0,25,0,25,0,11,85,0,96,50,0,50,146
06/10/2014,FTY,GA,ASO,ES,Federal Contract Tower,0,11,75,0,86,0,1,22,0,23,0,12,97,0,109,6,0,6,115
06/11/2014,FTY,GA,ASO,ES,Federal Contract Tower,0,21,69,0,90,0,0,11,0,11,0,21,80,0,101,0,2,2,103
06/12/2014,FTY,GA,ASO,ES,Federal Contract Tower,0,10,63,0,73,0,0,23,1,24,0,10,86,1,97,28,20,48,145
06/13/2014,FTY,GA,ASO,ES,Federal Contract Tower,0,11,54,0,65,0,0,60,0,60,0,11,114,0,125,22,0,22,147
06/14/2014,FTY,GA,ASO,ES,Federal Contract Tower,0,15,44,0,59,0,0,14,0,14,0,15,58,0,73,10,0,10,83
06/15/2014,FTY,GA,ASO,ES,Federal Contract Tower,0,15,44,0,59,0,0,16,0,16,0,15,60,0,75,12,0,12,87
06/16/2014,FTY,GA,ASO,ES,Federal Contract Tower,0,6,54,0,60,0,0,32,0,32,0,6,86,0,92,24,0,24,116
06/17/2014,FTY,GA,ASO,ES,Federal Contract Tower,0,7,40,0,47,0,0,29,0,29,0,7,69,0,76,34,0,34,110
06/18/2014,FTY,GA,ASO,ES,Federal Contract Tower,0,10,52,0,62,0,0,38,0,38,0,10,90,0,100,132,0,132,232
06/19/2014,FTY,GA,ASO,ES,Federal Contract Tower,0,17,70,0,87,0,0,34,0,34,0,17,104,0,121,108,0,108,229
06/20/2014,FTY,GA,ASO,ES,Federal Contract Tower,0,7,54,0,61,0,0,46,0,46,0,7,100,0,107,38,0,38,145
06/21/2014,FTY,GA,ASO,ES,Federal Contract Tower,0,10,17,0,27,0,0,14,0,14,0,10,31,0,41,14,0,14,55
06/22/2014,FTY,GA,ASO,ES,Federal Contract Tower,0,17,36,0,53,0,0,26,0,26,0,17,62,0,79,46,0,46,125
06/23/2014,FTY,GA,ASO,ES,Federal Contract Tower,0,5,51,0,56,0,0,26,0,26,0,5,77,0,82,30,0,30,112
06/24/2014,FTY,GA,ASO,ES,Federal Contract Tower,0,13,53,0,66,0,0,4,0,4,0,13,57,0,70,28,0,28,98
06/25/2014,FTY,GA,ASO,ES,Federal Contract Tower,0,6,61,0,67,0,0,68,0,68,0,6,129,0,135,90,0,90,225
06/26/2014,FTY,GA,ASO,ES,Federal Contract Tower,0,15,51,0,66,0,0,12,0,12,0,15,63,0,78,24,0,24,102
06/27/2014,FTY,GA,ASO,ES,Federal Contract Tower,0,11,64,0,75,0,0,11,0,11,0,11,75,0,86,98,0,98,184
06/28/2014,FTY,GA,ASO,ES,Federal Contract Tower,0,5,32,0,37,0,0,22,0,22,0,5,54,0,59,84,0,84,143
06/29/2014,FTY,GA,ASO,ES,Federal Contract Tower,0,9,22,0,31,0,0,12,0,12,0,9,34,0,43,6,0,6,49
06/30/2014,FTY,GA,ASO,ES,Federal Contract Tower,0,11,49,0,60,0,0,13,0,13,0,11,62,0,73,96,0,96,169
07/01/2014,FTY,GA,ASO,ES,Federal Contract Tower,0,18,43,0,61,0,0,30,0,30,0,18,73,0,91,52,0,52,143
07/02/2014,FTY,GA,ASO,ES,Federal Contract Tower,0,15,44,0,59,0,0,39,0,39,0,15,83,0,98,106,0,106,204
07/03/2014,FTY,GA,ASO,ES,Federal Contract Tower,0,1,26,0,27,0,0,39,0,39,0,1,65,0,66,94,0,94,160
07/04/2014,FTY,GA,ASO,ES,Federal Contract Tower,0,2,4,0,6,0,0,25,0,25,0,2,29,0,31,58,0,58,89
07/05/2014,FTY,GA,ASO,ES,Federal Contract Tower,0,1,8,0,9,0,0,32,0,32,0,1,40,0,41,64,0,64,105
07/06/2014,FTY,GA,ASO,ES,Federal Contract Tower,0,7,53,0,60,0,0,9,0,9,0,7,62,0,69,20,0,20,89
07/07/2014,FTY,GA,ASO,ES,Federal Contract Tower,0,8,53,0,61,0,0,26,0,26,0,8,79,0,87,40,0,40,127
07/08/2014,FTY,GA,ASO,ES,Federal Contract Tower,0,8,54,0,62,0,1,21,0,22,0,9,75,0,84,16,0,16,100
07/09/2014,FTY,GA,ASO,ES,Federal Contract Tower,0,12,40,0,52,0,1,41,0,42,0,13,81,0,94,70,0,70,164
07/10/2014,FTY,GA,ASO,ES,Federal Contract Tower,0,11,61,0,72,0,0,30,0,30,0,11,91,0,102,20,4,24,126
07/11/2014,FTY,GA,ASO,ES,Federal Contract Tower,0,2,58,0,60,0,0,17,0,17,0,2,75,0,77,28,0,28,105
07/12/2014,FTY,GA,ASO,ES,Federal Contract Tower,0,7,26,0,33,0,0,12,0,12,0,7,38,0,45,66,0,66,111
07/13/2014,FTY,GA,ASO,ES,Federal Contract Tower,0,12,51,0,63,0,0,14,1,15,0,12,65,1,78,50,0,50,128
07/14/2014,FTY,GA,ASO,ES,Federal Contract Tower,0,9,35,0,44,0,0,27,0,27,0,9,62,0,71,14,0,14,85
07/15/2014,FTY,GA,ASO,ES,Federal Contract Tower,0,8,42,0,50,0,0,28,0,28,0,8,70,0,78,56,0,56,134
07/16/2014,FTY,GA,ASO,ES,Federal Contract Tower,0,3,51,0,54,0,0,30,0,30,0,3,81,0,84,34,0,34,118
07/17/2014,FTY,GA,ASO,ES,Federal Contract Tower,0,8,52,0,60,0,0,0,0,0,0,8,52,0,60,112,0,112,172
07/18/2014,FTY,GA,ASO,ES,Federal Contract Tower,0,10,45,0,55,0,0,31,0,31,0,10,76,0,86,62,0,62,148
07/19/2014,FTY,GA,ASO,ES,Federal Contract Tower,0,1,22,0,23,0,0,1,0,1,0,1,23,0,24,0,0,0,24
07/20/2014,FTY,GA,ASO,ES,Federal Contract Tower,0,8,30,0,38,0,0,3,0,3,0,8,33,0,41,12,0,12,53
07/21/2014,FTY,GA,ASO,ES,Federal Contract Tower,0,12,47,0,59,0,0,15,0,15,0,12,62,0,74,32,0,32,106
07/22/2014,FTY,GA,ASO,ES,Federal Contract Tower,0,16,51,0,67,0,0,23,0,23,0,16,74,0,90,112,0,112,202
07/23/2014,FTY,GA,ASO,ES,Federal Contract Tower,0,12,47,0,59,0,0,31,0,31,0,12,78,0,90,206,0,206,296
07/24/2014,FTY,GA,ASO,ES,Federal Contract Tower,0,6,47,0,53,0,0,28,0,28,0,6,75,0,81,94,0,94,175
07/25/2014,FTY,GA,ASO,ES,Federal Contract Tower,0,1,39,0,40,0,0,44,0,44,0,1,83,0,84,80,0,80,164
07/26/2014,FTY,GA,ASO,ES,Federal Contract Tower,0,3,16,0,19,0,0,26,0,26,0,3,42,0,45,88,0,88,133
07/27/2014,FTY,GA,ASO,ES,Federal Contract Tower,0,14,32,0,46,0,0,25,0,25,0,14,57,0,71,92,0,92,163
07/28/2014,FTY,GA,ASO,ES,Federal Contract Tower,0,14,43,0,57,0,0,19,0,19,0,14,62,0,76,60,0,60,136
07/29/2014,FTY,GA,ASO,ES,Federal Contract Tower,0,10,27,0,37,0,0,32,0,32,0,10,59,0,69,16,0,16,85
07/30/2014,FTY,GA,ASO,ES,Federal Contract Tower,0,6,48,0,54,0,0,30,0,30,0,6,78,0,84,46,0,46,130
07/31/2014,FTY,GA,ASO,ES,Federal Contract Tower,0,11,62,0,73,0,0,27,0,27,0,11,89,0,100,74,0,74,174
08/01/2014,FTY,GA,ASO,ES,Federal Contract Tower,0,10,39,0,49,0,0,14,0,14,0,10,53,0,63,22,0,22,85
08/02/2014,FTY,GA,ASO,ES,Federal Contract Tower,0,9,19,0,28,0,0,9,0,9,0,9,28,0,37,58,0,58,95
08/03/2014,FTY,GA,ASO,ES,Federal Contract Tower,0,13,22,0,35,0,0,28,0,28,0,13,50,0,63,28,0,28,91
08/04/2014,FTY,GA,ASO,ES,Federal Contract Tower,0,5,26,0,31,0,0,23,0,23,0,5,49,0,54,48,0,48,102
08/05/2014,FTY,GA,ASO,ES,Federal Contract Tower,0,7,40,0,47,0,1,34,0,35,0,8,74,0,82,54,0,54,136
08/06/2014,FTY,GA,ASO,ES,Federal Contract Tower,0,6,47,0,53,0,0,32,0,32,0,6,79,0,85,58,0,58,143
08/07/2014,FTY,GA,ASO,ES,Federal Contract Tower,0,7,51,0,58,0,0,51,0,51,0,7,102,0,109,76,0,76,185
08/08/2014,FTY,GA,ASO,ES,Federal Contract Tower,0,10,46,2,58,0,0,6,0,6,0,10,52,2,64,54,0,54,118
08/09/2014,FTY,GA,ASO,ES,Federal Contract Tower,0,9,16,0,25,0,0,9,0,9,0,9,25,0,34,30,0,30,64
08/10/2014,FTY,GA,ASO,ES,Federal Contract Tower,0,9,38,2,49,0,0,4,0,4,0,9,42,2,53,0,0,0,53
08/11/2014,FTY,GA,ASO,ES,Federal Contract Tower,0,5,44,0,49,0,0,8,0,8,0,5,52,0,57,16,0,16,73
08/12/2014,FTY,GA,ASO,ES,Federal Contract Tower,0,8,46,0,54,0,0,13,0,13,0,8,59,0,67,48,0,48,115
08/13/2014,FTY,GA,ASO,ES,Federal Contract Tower,0,12,48,0,60,0,0,36,0,36,0,12,84,0,96,138,0,138,234
08/14/2014,FTY,GA,ASO,ES,Federal Contract Tower,0,9,77,2,88,0,0,45,0,45,0,9,122,2,133,182,0,182,315
08/15/2014,FTY,GA,ASO,ES,Federal Contract Tower,0,8,58,0,66,0,0,31,0,31,0,8,89,0,97,166,0,166,263
08/16/2014,FTY,GA,ASO,ES,Federal Contract Tower,0,1,12,0,13,0,0,55,0,55,0,1,67,0,68,54,0,54,122
08/17/2014,FTY,GA,ASO,ES,Federal Contract Tower,0,7,35,0,42,0,0,22,0,22,0,7,57,0,64,34,0,34,98
08/18/2014,FTY,GA,ASO,ES,Federal Contract Tower,0,3,47,0,50,0,0,32,0,32,0,3,79,0,82,58,0,58,140
08/19/2014,FTY,GA,ASO,ES,Federal Contract Tower,0,8,81,0,89,0,0,12,0,12,0,8,93,0,101,46,0,46,147
08/20/2014,FTY,GA,ASO,ES,Federal Contract Tower,0,6,76,0,82,0,0,28,0,28,0,6,104,0,110,162,0,162,272
08/21/2014,FTY,GA,ASO,ES,Federal Contract Tower,0,5,73,0,78,0,0,39,0,39,0,5,112,0,117,192,0,192,309
08/22/2014,FTY,GA,ASO,ES,Federal Contract Tower,0,4,68,0,72,0,0,48,0,48,0,4,116,0,120,116,0,116,236
08/23/2014,FTY,GA,ASO,ES,Federal Contract Tower,0,1,29,0,30,0,0,48,0,48,0,1,77,0,78,60,0,60,138
08/24/2014,FTY,GA,ASO,ES,Federal Contract Tower,0,8,21,0,29,0,0,12,0,12,0,8,33,0,41,28,0,28,69
08/25/2014,FTY,GA,ASO,ES,Federal Contract Tower,0,12,43,0,55,0,0,35,0,35,0,12,78,0,90,112,0,112,202
08/26/2014,FTY,GA,ASO,ES,Federal Contract Tower,0,15,42,0,57,0,1,40,0,41,0,16,82,0,98,164,0,164,262
08/27/2014,FTY,GA,ASO,ES,Federal Contract Tower,0,10,53,0,63,0,0,50,0,50,0,10,103,0,113,146,0,146,259
08/28/2014,FTY,GA,ASO,ES,Federal Contract Tower,0,20,86,0,106,0,0,34,0,34,0,20,120,0,140,156,0,156,296
08/29/2014,FTY,GA,ASO,ES,Federal Contract Tower,0,18,76,0,94,0,0,47,0,47,0,18,123,0,141,60,0,60,201
08/30/2014,FTY,GA,ASO,ES,Federal Contract Tower,0,7,49,0,56,0,0,19,0,19,0,7,68,0,75,50,0,50,125
08/31/2014,FTY,GA,ASO,ES,Federal Contract Tower,0,19,31,0,50,0,0,15,0,15,0,19,46,0,65,4,0,4,69
09/01/2014,FTY,GA,ASO,ES,Federal Contract Tower,0,13,29,0,42,0,0,18,0,18,0,13,47,0,60,10,0,10,70
09/02/2014,FTY,GA,ASO,ES,Federal Contract Tower,0,9,35,0,44,0,0,31,12,43,0,9,66,12,87,192,0,192,279
09/03/2014,FTY,GA,ASO,ES,Federal Contract Tower,0,15,43,0,58,0,0,20,0,20,0,15,63,0,78,52,0,52,130
09/04/2014,FTY,GA,ASO,ES,Federal Contract Tower,0,14,49,0,63,0,0,14,0,14,0,14,63,0,77,40,0,40,117
09/05/2014,FTY,GA,ASO,ES,Federal Contract Tower,0,6,59,0,65,0,0,18,0,18,0,6,77,0,83,60,0,60,143
09/06/2014,FTY,GA,ASO,ES,Federal Contract Tower,0,6,12,0,18,0,0,40,0,40,0,6,52,0,58,82,0,82,140
09/07/2014,FTY,GA,ASO,ES,Federal Contract Tower,0,13,37,0,50,0,0,15,0,15,0,13,52,0,65,34,0,34,99
09/08/2014,FTY,GA,ASO,ES,Federal Contract Tower,0,13,51,0,64,0,0,20,0,20,0,13,71,0,84,12,0,12,96
09/09/2014,FTY,GA,ASO,ES,Federal Contract Tower,0,15,57,0,72,0,0,35,0,35,0,15,92,0,107,54,0,54,161
09/10/2014,FTY,GA,ASO,ES,Federal Contract Tower,0,12,49,0,61,0,0,21,0,21,0,12,70,0,82,34,0,34,116
09/11/2014,FTY,GA,ASO,ES,Federal Contract Tower,0,9,61,0,70,0,0,34,0,34,0,9,95,0,104,72,0,72,176
09/12/2014,FTY,GA,ASO,ES,Federal Contract Tower,0,4,32,0,36,0,0,14,0,14,0,4,46,0,50,24,0,24,74
09/13/2014,FTY,GA,ASO,ES,Federal Contract Tower,0,2,16,0,18,0,0,15,0,15,0,2,31,0,33,30,0,30,63
09/14/2014,FTY,GA,ASO,ES,Federal Contract Tower,0,15,37,0,52,0,0,1,0,1,0,15,38,0,53,0,0,0,53
09/15/2014,FTY,GA,ASO,ES,Federal Contract Tower,0,9,55,0,64,0,0,1,0,1,0,9,56,0,65,0,0,0,65
09/16/2014,FTY,GA,ASO,ES,Federal Contract Tower,0,11,69,0,80,0,0,18,0,18,0,11,87,0,98,80,0,80,178
09/17/2014,FTY,GA,ASO,ES,Federal Contract Tower,0,12,50,0,62,0,0,39,0,39,0,12,89,0,101,86,0,86,187
09/18/2014,FTY,GA,ASO,ES,Federal Contract Tower,0,19,65,0,84,0,0,2,0,2,0,19,67,0,86,72,0,72,158
09/19/2014,FTY,GA,ASO,ES,Federal Contract Tower,0,19,62,0,81,0,0,33,0,33,0,19,95,0,114,78,0,78,192
09/20/2014,FTY,GA,ASO,ES,Federal Contract Tower,0,2,28,0,30,0,0,47,0,47,0,2,75,0,77,56,0,56,133
09/21/2014,FTY,GA,ASO,ES,Federal Contract Tower,0,11,40,0,51,0,0,22,0,22,0,11,62,0,73,70,0,70,143
09/22/2014,FTY,GA,ASO,ES,Federal Contract Tower,0,7,39,0,46,0,0,20,0,20,0,7,59,0,66,14,0,14,80
09/23/2014,FTY,GA,ASO,ES,Federal Contract Tower,0,8,50,0,58,0,0,28,0,28,0,8,78,0,86,110,0,110,196
09/24/2014,FTY,GA,ASO,ES,Federal Contract Tower,0,8,67,0,75,0,0,33,0,33,0,8,100,0,108,70,0,70,178
09/25/2014,FTY,GA,ASO,ES,Federal Contract Tower,0,10,63,0,73,0,0,25,0,25,0,10,88,0,98,60,0,60,158
09/26/2014,FTY,GA,ASO,ES,Federal Contract Tower,0,10,54,3,67,0,0,29,0,29,0,10,83,3,96,26,0,26,122
09/27/2014,FTY,GA,ASO,ES,Federal Contract Tower,0,6,19,0,25,0,0,27,0,27,0,6,46,0,52,34,0,34,86
09/28/2014,FTY,GA,ASO,ES,Federal Contract Tower,0,13,42,1,56,0,0,9,0,9,0,13,51,1,65,8,0,8,73
09/29/2014,FTY,GA,ASO,ES,Federal Contract Tower,0,10,45,0,55,0,0,5,0,5,0,10,50,0,60,0,0,0,60
09/30/2014,FTY,GA,ASO,ES,Federal Contract Tower,0,15,84,1,100,0,0,23,0,23,0,15,107,1,123,112,0,112,235
10/01/2014,FTY,GA,ASO,ES,Federal Contract Tower,0,12,76,6,94,0,0,39,0,39,0,12,115,6,133,62,0,62,195
10/02/2014,FTY,GA,ASO,ES,Federal Contract Tower,0,14,51,6,71,0,0,43,0,43,0,14,94,6,114,144,2,146,260
10/03/2014,FTY,GA,ASO,ES,Federal Contract Tower,0,2,44,5,51,0,0,12,0,12,0,2,56,5,63,0,0,0,63
10/04/2014,FTY,GA,ASO,ES,Federal Contract Tower,0,5,35,2,42,0,0,14,0,14,0,5,49,2,56,16,0,16,72
10/05/2014,FTY,GA,ASO,ES,Federal Contract Tower,0,8,34,3,45,0,0,37,0,37,0,8,71,3,82,96,0,96,178
10/06/2014,FTY,GA,ASO,ES,Federal Contract Tower,0,10,49,5,64,0,0,24,0,24,0,10,73,5,88,76,0,76,164
10/07/2014,FTY,GA,ASO,ES,Federal Contract Tower,0,12,54,5,71,0,0,34,4,38,0,12,88,9,109,68,0,68,177
10/08/2014,FTY,GA,ASO,ES,Federal Contract Tower,0,10,53,5,68,0,0,15,0,15,0,10,68,5,83,18,0,18,101
10/09/2014,FTY,GA,ASO,ES,Federal Contract Tower,0,17,69,0,86,0,0,37,0,37,0,17,106,0,123,22,0,22,145
10/10/2014,FTY,GA,ASO,ES,Federal Contract Tower,0,10,51,0,61,0,0,27,0,27,0,10,78,0,88,60,0,60,148
10/11/2014,FTY,GA,ASO,ES,Federal Contract Tower,0,8,31,0,39,0,0,10,0,10,0,8,41,0,49,2,0,2,51
10/12/2014,FTY,GA,ASO,ES,Federal Contract Tower,0,7,49,0,56,0,0,9,0,9,0,7,58,0,65,8,0,8,73
10/13/2014,FTY,GA,ASO,ES,Federal Contract Tower,0,10,48,0,58,0,0,3,0,3,0,10,51,0,61,0,0,0,61
10/14/2014,FTY,GA,ASO,ES,Federal Contract Tower,0,12,66,0,78,0,0,8,0,8,0,12,74,0,86,30,0,30,116
10/15/2014,FTY,GA,ASO,ES,Federal Contract Tower,0,11,85,0,96,0,0,41,0,41,0,11,126,0,137,84,0,84,221
10/16/2014,FTY,GA,ASO,ES,Federal Contract Tower,0,10,86,0,96,0,2,23,0,25,0,12,109,0,121,84,0,84,205
10/17/2014,FTY,GA,ASO,ES,Federal Contract Tower,0,5,52,0,57,0,0,46,0,46,0,5,98,0,103,40,0,40,143
10/18/2014,FTY,GA,ASO,ES,Federal Contract Tower,0,6,36,0,42,0,0,30,0,30,0,6,66,0,72,40,0,40,112
10/19/2014,FTY,GA,ASO,ES,Federal Contract Tower,0,1,39,0,40,0,0,35,0,35,0,1,74,0,75,30,0,30,105
10/20/2014,FTY,GA,ASO,ES,Federal Contract Tower,0,8,37,0,45,0,0,39,0,39,0,8,76,0,84,102,0,102,186
10/21/2014,FTY,GA,ASO,ES,Federal Contract Tower,0,3,55,0,58,0,0,55,0,55,0,3,110,0,113,82,0,82,195
10/22/2014,FTY,GA,ASO,ES,Federal Contract Tower,0,9,63,0,72,0,2,39,0,41,0,11,102,0,113,104,0,104,217
10/23/2014,FTY,GA,ASO,ES,Federal Contract Tower,0,14,65,0,79,0,0,39,0,39,0,14,104,0,118,108,0,108,226
10/24/2014,FTY,GA,ASO,ES,Federal Contract Tower,0,7,59,0,66,0,0,50,3,53,0,7,109,3,119,88,0,88,207
10/25/2014,FTY,GA,ASO,ES,Federal Contract Tower,0,0,21,0,21,0,0,58,0,58,0,0,79,0,79,52,0,52,131
10/26/2014,FTY,GA,ASO,ES,Federal Contract Tower,0,8,37,0,45,0,0,27,0,27,0,8,64,0,72,26,0,26,98
10/27/2014,FTY,GA,ASO,ES,Federal Contract Tower,0,10,71,0,81,0,0,47,0,47,0,10,118,0,128,158,0,158,286
10/28/2014,FTY,GA,ASO,ES,Federal Contract Tower,0,9,46,2,57,0,0,46,0,46,0,9,92,2,103,146,0,146,249
10/29/2014,FTY,GA,ASO,ES,Federal Contract Tower,0,4,39,2,45,0,0,13,0,13,0,4,52,2,58,56,0,56,114
10/30/2014,FTY,GA,ASO,ES,Federal Contract Tower,0,13,64,0,77,0,0,35,0,35,0,13,99,0,112,102,0,102,214
10/31/2014,FTY,GA,ASO,ES,Federal Contract Tower,0,1,45,0,46,0,0,21,0,21,0,1,66,0,67,74,0,74,141
11/01/2014,FTY,GA,ASO,ES,Federal Contract Tower,0,3,14,0,17,0,0,4,0,4,0,3,18,0,21,0,0,0,21
11/02/2014,FTY,GA,ASO,ES,Federal Contract Tower,0,4,34,0,38,0,0,26,0,26,0,4,60,0,64,52,0,52,116
11/03/2014,FTY,GA,ASO,ES,Federal Contract Tower,0,5,71,0,76,0,0,34,0,34,0,5,105,0,110,78,0,78,188
11/04/2014,FTY,GA,ASO,ES,Federal Contract Tower,0,12,68,0,80,0,0,22,0,22,0,12,90,0,102,82,0,82,184
11/05/2014,FTY,GA,ASO,ES,Federal Contract Tower,0,9,49,0,58,0,0,32,0,32,0,9,81,0,90,94,0,94,184
11/06/2014,FTY,GA,ASO,ES,Federal Contract Tower,0,20,86,0,106,0,0,15,0,15,0,20,101,0,121,40,0,40,161
11/07/2014,FTY,GA,ASO,ES,Federal Contract Tower,0,7,37,0,44,0,0,37,0,37,0,7,74,0,81,80,0,80,161
11/08/2014,FTY,GA,ASO,ES,Federal Contract Tower,0,3,17,2,22,0,0,39,0,39,0,3,56,2,61,78,0,78,139
11/09/2014,FTY,GA,ASO,ES,Federal Contract Tower,0,7,44,0,51,0,0,29,0,29,0,7,73,0,80,30,0,30,110
11/10/2014,FTY,GA,ASO,ES,Federal Contract Tower,0,6,49,0,55,0,0,28,0,28,0,6,77,0,83,44,0,44,127
11/11/2014,FTY,GA,ASO,ES,Federal Contract Tower,0,7,86,0,93,0,0,42,0,42,0,7,128,0,135,116,0,116,251
11/12/2014,FTY,GA,ASO,ES,Federal Contract Tower,0,5,94,0,99,0,0,19,0,19,0,5,113,0,118,46,0,46,164
11/13/2014,FTY,GA,ASO,ES,Federal Contract Tower,0,11,72,0,83,0,0,13,0,13,0,11,85,0,96,24,0,24,120
11/14/2014,FTY,GA,ASO,ES,Federal Contract Tower,0,9,60,0,69,0,0,33,0,33,0,9,93,0,102,64,0,64,166
11/15/2014,FTY,GA,ASO,ES,Federal Contract Tower,0,0,4,28,32,0,0,21,0,21,0,0,25,28,53,78,0,78,131
11/16/2014,FTY,GA,ASO,ES,Federal Contract Tower,0,6,35,0,41,0,0,2,0,2,0,6,37,0,43,10,0,10,53
11/17/2014,FTY,GA,ASO,ES,Federal Contract Tower,0,5,33,0,38,0,0,5,0,5,0,5,38,0,43,6,0,6,49
11/18/2014,FTY,GA,ASO,ES,Federal Contract Tower,0,10,53,2,65,0,0,17,0,17,0,10,70,2,82,62,0,62,144
11/19/2014,FTY,GA,ASO,ES,Federal Contract Tower,0,8,66,0,74,0,0,29,0,29,0,8,95,0,103,66,0,66,169
11/20/2014,FTY,GA,ASO,ES,Federal Contract Tower,0,9,75,0,84,0,0,40,0,40,0,9,115,0,124,24,0,24,148
11/21/2014,FTY,GA,ASO,ES,Federal Contract Tower,0,8,47,0,55,0,0,47,0,47,0,8,94,0,102,92,0,92,194
11/22/2014,FTY,GA,ASO,ES,Federal Contract Tower,0,5,17,2,24,0,0,39,3,42,0,5,56,5,66,62,0,62,128
11/23/2014,FTY,GA,ASO,ES,Federal Contract Tower,0,14,26,0,40,0,0,0,0,0,0,14,26,0,40,0,0,0,40
11/24/2014,FTY,GA,ASO,ES,Federal Contract Tower,0,14,33,2,49,0,1,24,0,25,0,15,57,2,74,34,0,34,108
11/25/2014,FTY,GA,ASO,ES,Federal Contract Tower,0,15,39,0,54,0,3,35,0,38,0,18,74,0,92,68,0,68,160
11/26/2014,FTY,GA,ASO,ES,Federal Contract Tower,0,7,28,0,35,0,0,12,0,12,0,7,40,0,47,18,0,18,65
11/27/2014,FTY,GA,ASO,ES,Federal Contract Tower,0,3,13,0,16,0,0,4,0,4,0,3,17,0,20,6,0,6,26
11/28/2014,FTY,GA,ASO,ES,Federal Contract Tower,0,4,14,0,18,0,0,19,0,19,0,4,33,0,37,48,0,48,85
11/29/2014,FTY,GA,ASO,ES,Federal Contract Tower,0,4,25,0,29,0,0,22,0,22,0,4,47,0,51,66,0,66,117
11/30/2014,FTY,GA,ASO,ES,Federal Contract Tower,0,7,46,0,53,0,0,20,0,20,0,7,66,0,73,18,0,18,91
12/01/2014,FTY,GA,ASO,ES,Federal Contract Tower,0,11,63,0,74,0,0,29,0,29,0,11,92,0,103,96,0,96,199
12/02/2014,FTY,GA,ASO,ES,Federal Contract Tower,0,9,48,1,58,0,0,15,0,15,0,9,63,1,73,116,0,116,189
12/03/2014,FTY,GA,ASO,ES,Federal Contract Tower,0,14,45,0,59,0,0,16,1,17,0,14,61,1,76,44,0,44,120
12/04/2014,FTY,GA,ASO,ES,Federal Contract Tower,0,1,57,1,59,0,0,19,3,22,0,1,76,4,81,12,0,12,93
12/05/2014,FTY,GA,ASO,ES,Federal Contract Tower,0,21,83,2,106,0,0,3,0,3,0,21,86,2,109,0,0,0,109
12/06/2014,FTY,GA,ASO,ES,Federal Contract Tower,0,15,71,0,86,0,0,2,0,2,0,15,73,0,88,0,0,0,88
12/07/2014,FTY,GA,ASO,ES,Federal Contract Tower,0,5,50,0,55,0,0,26,0,26,0,5,76,0,81,78,0,78,159
12/08/2014,FTY,GA,ASO,ES,Federal Contract Tower,0,0,50,0,50,0,0,17,0,17,0,0,67,0,67,20,0,20,87
12/09/2014,FTY,GA,ASO,ES,Federal Contract Tower,0,10,73,0,83,0,0,15,0,15,0,10,88,0,98,64,0,64,162
12/10/2014,FTY,GA,ASO,ES,Federal Contract Tower,0,9,53,0,62,0,0,25,0,25,0,9,78,0,87,74,0,74,161
12/11/2014,FTY,GA,ASO,ES,Federal Contract Tower,0,6,63,0,69,0,0,33,0,33,0,6,96,0,102,198,0,198,300
12/12/2014,FTY,GA,ASO,ES,Federal Contract Tower,0,8,36,0,44,0,0,55,0,55,0,8,91,0,99,146,0,146,245
12/13/2014,FTY,GA,ASO,ES,Federal Contract Tower,0,2,14,6,22,0,0,34,0,34,0,2,48,6,56,146,0,146,202
12/14/2014,FTY,GA,ASO,ES,Federal Contract Tower,0,17,28,0,45,0,0,30,0,30,0,17,58,0,75,60,0,60,135
12/15/2014,FTY,GA,ASO,ES,Federal Contract Tower,0,8,62,0,70,0,0,30,0,30,0,8,92,0,100,56,0,56,156
12/16/2014,FTY,GA,ASO,ES,Federal Contract Tower,0,10,62,1,73,0,0,11,0,11,0,10,73,1,84,22,0,22,106
12/17/2014,FTY,GA,ASO,ES,Federal Contract Tower,0,9,40,1,50,0,0,12,0,12,0,9,52,1,62,80,0,80,142
12/18/2014,FTY,GA,ASO,ES,Federal Contract Tower,0,10,61,0,71,0,0,24,0,24,0,10,85,0,95,60,0,60,155
12/19/2014,FTY,GA,ASO,ES,Federal Contract Tower,0,7,46,0,53,0,0,30,0,30,0,7,76,0,83,56,0,56,139
12/20/2014,FTY,GA,ASO,ES,Federal Contract Tower,0,2,20,0,22,0,0,2,0,2,0,2,22,0,24,0,0,0,24
12/21/2014,FTY,GA,ASO,ES,Federal Contract Tower,0,2,27,0,29,0,0,0,0,0,0,2,27,0,29,0,0,0,29
12/22/2014,FTY,GA,ASO,ES,Federal Contract Tower,0,8,34,0,42,0,0,0,0,0,0,8,34,0,42,0,0,0,42
12/23/2014,FTY,GA,ASO,ES,Federal Contract Tower,0,28,49,0,77,0,0,0,0,0,0,28,49,0,77,0,0,0,77
12/24/2014,FTY,GA,ASO,ES,Federal Contract Tower,0,7,14,0,21,0,0,0,0,0,0,7,14,0,21,0,0,0,21
12/25/2014,FTY,GA,ASO,ES,Federal Contract Tower,0,12,7,0,19,0,0,1,0,1,0,12,8,0,20,0,0,0,20
12/26/2014,FTY,GA,ASO,ES,Federal Contract Tower,0,5,39,0,44,0,0,25,0,25,0,5,64,0,69,40,0,40,109
12/27/2014,FTY,GA,ASO,ES,Federal Contract Tower,0,6,26,0,32,0,0,4,0,4,0,6,30,0,36,0,0,0,36
12/28/2014,FTY,GA,ASO,ES,Federal Contract Tower,0,6,30,0,36,0,0,0,0,0,0,6,30,0,36,0,0,0,36
12/29/2014,FTY,GA,ASO,ES,Federal Contract Tower,0,5,27,2,34,0,0,4,0,4,0,5,31,2,38,12,0,12,50
12/30/2014,FTY,GA,ASO,ES,Federal Contract Tower,0,6,44,0,50,0,0,24,0,24,0,6,68,0,74,78,0,78,152
12/31/2014,FTY,GA,ASO,ES,Federal Contract Tower,0,3,39,0,42,0,0,10,0,10,0,3,49,0,52,38,0,38,90
01/01/2015,FTY,GA,ASO,ES,Federal Contract Tower,0,11,21,0,32,0,0,16,0,16,0,11,37,0,48,10,0,10,58
01/02/2015,FTY,GA,ASO,ES,Federal Contract Tower,0,7,19,0,26,0,0,0,0,0,0,7,19,0,26,6,0,6,32
01/03/2015,FTY,GA,ASO,ES,Federal Contract Tower,0,24,29,0,53,0,0,0,0,0,0,24,29,0,53,0,0,0,53
01/04/2015,FTY,GA,ASO,ES,Federal Contract Tower,0,16,36,0,52,0,0,2,0,2,0,16,38,0,54,8,0,8,62
01/05/2015,FTY,GA,ASO,ES,Federal Contract Tower,0,5,43,0,48,0,0,29,0,29,0,5,72,0,77,52,0,52,129
01/06/2015,FTY,GA,ASO,ES,Federal Contract Tower,0,2,43,0,45,0,0,37,0,37,0,2,80,0,82,42,0,42,124
01/07/2015,FTY,GA,ASO,ES,Federal Contract Tower,0,6,31,2,39,0,0,8,0,8,0,6,39,2,47,0,0,0,47
01/08/2015,FTY,GA,ASO,ES,Federal Contract Tower,0,2,40,0,42,0,0,22,0,22,0,2,62,0,64,18,0,18,82
01/09/2015,FTY,GA,ASO,ES,Federal Contract Tower,0,9,44,0,53,0,0,14,0,14,0,9,58,0,67,12,0,12,79
01/10/2015,FTY,GA,ASO,ES,Federal Contract Tower,0,0,16,0,16,0,0,26,0,26,0,0,42,0,42,104,0,104,146
01/11/2015,FTY,GA,ASO,ES,Federal Contract Tower,0,2,38,0,40,0,0,3,0,3,0,2,41,0,43,0,0,0,43
01/12/2015,FTY,GA,ASO,ES,Federal Contract Tower,0,9,29,0,38,0,0,0,0,0,0,9,29,0,38,0,0,0,38
01/13/2015,FTY,GA,ASO,ES,Federal Contract Tower,0,31,78,0,109,0,0,0,0,0,0,31,78,0,109,0,0,0,109
01/14/2015,FTY,GA,ASO,ES,Federal Contract Tower,0,12,43,0,55,0,0,1,0,1,0,12,44,0,56,0,0,0,56
01/15/2015,FTY,GA,ASO,ES,Federal Contract Tower,0,9,57,0,66,0,0,0,0,0,0,9,57,0,66,0,0,0,66
01/16/2015,FTY,GA,ASO,ES,Federal Contract Tower,0,3,36,0,39,0,0,36,0,36,0,3,72,0,75,48,0,48,123
01/17/2015,FTY,GA,ASO,ES,Federal Contract Tower,0,6,21,0,27,0,0,28,0,28,0,6,49,0,55,32,0,32,87
01/18/2015,FTY,GA,ASO,ES,Federal Contract Tower,0,7,29,0,36,0,0,17,0,17,0,7,46,0,53,0,0,0,53
01/19/2015,FTY,GA,ASO,ES,Federal Contract Tower,0,15,49,0,64,0,0,46,0,46,0,15,95,0,110,72,0,72,182
01/20/2015,FTY,GA,ASO,ES,Federal Contract Tower,0,15,49,0,64,0,0,41,0,41,0,15,90,0,105,78,0,78,183
01/21/2015,FTY,GA,ASO,ES,Federal Contract Tower,0,11,48,0,59,0,0,40,0,40,0,11,88,0,99,116,0,116,215
01/22/2015,FTY,GA,ASO,ES,Federal Contract Tower,0,5,66,0,71,0,0,33,0,33,0,5,99,0,104,104,0,104,208
01/23/2015,FTY,GA,ASO,ES,Federal Contract Tower,0,9,51,0,60,0,0,0,0,0,0,9,51,0,60,0,0,0,60
01/24/2015,FTY,GA,ASO,ES,Federal Contract Tower,0,3,15,0,18,0,0,9,0,9,0,3,24,0,27,20,0,20,47
01/25/2015,FTY,GA,ASO,ES,Federal Contract Tower,0,2,38,0,40,0,0,21,0,21,0,2,59,0,61,38,0,38,99
01/26/2015,FTY,GA,ASO,ES,Federal Contract Tower,0,6,61,0,67,0,0,8,0,8,0,6,69,0,75,14,0,14,89
01/27/2015,FTY,GA,ASO,ES,Federal Contract Tower,0,2,76,0,78,0,2,23,2,27,0,4,99,2,105,64,6,70,175
01/28/2015,FTY,GA,ASO,ES,Federal Contract Tower,0,12,97,0,109,0,0,17,0,17,0,12,114,0,126,70,10,80,206
01/29/2015,FTY,GA,ASO,ES,Federal Contract Tower,0,7,100,0,107,0,0,25,0,25,0,7,125,0,132,44,0,44,176
01/30/2015,FTY,GA,ASO,ES,Federal Contract Tower,0,10,61,0,71,0,0,18,0,18,0,10,79,0,89,10,0,10,99
01/31/2015,FTY,GA,ASO,ES,Federal Contract Tower,0,5,27,0,32,0,0,34,0,34,0,5,61,0,66,142,0,142,208
02/01/2015,FTY,GA,ASO,ES,Federal Contract Tower,0,7,35,0,42,0,0,2,0,2,0,7,37,0,44,12,0,12,56
02/02/2015,FTY,GA,ASO,ES,Federal Contract Tower,0,5,37,0,42,0,0,9,0,9,0,5,46,0,51,24,0,24,75
02/03/2015,FTY,GA,ASO,ES,Federal Contract Tower,0,4,63,0,67,0,0,25,0,25,0,4,88,0,92,80,6,86,178
02/04/2015,FTY,GA,ASO,ES,Federal Contract Tower,0,3,48,0,51,0,0,13,0,13,0,3,61,0,64,36,0,36,100
02/05/2015,FTY,GA,ASO,ES,Federal Contract Tower,0,7,58,0,65,0,0,13,0,13,0,7,71,0,78,16,0,16,94
02/06/2015,FTY,GA,ASO,ES,Federal Contract Tower,0,9,46,0,55,0,0,42,0,42,0,9,88,0,97,148,0,148,245
02/07/2015,FTY,GA,ASO,ES,Federal Contract Tower,0,3,28,0,31,0,0,27,0,27,0,3,55,0,58,56,0,56,114
02/08/2015,FTY,GA,ASO,ES,Federal Contract Tower,0,1,39,0,40,0,0,21,0,21,0,1,60,0,61,80,0,80,141
02/09/2015,FTY,GA,ASO,ES,Federal Contract Tower,0,6,61,0,67,0,0,0,0,0,0,6,61,0,67,0,0,0,67
02/10/2015,FTY,GA,ASO,ES,Federal Contract Tower,0,9,54,0,63,0,0,18,0,18,0,9,72,0,81,36,0,36,117
02/11/2015,FTY,GA,ASO,ES,Federal Contract Tower,0,12,54,0,66,0,0,21,0,21,0,12,75,0,87,36,0,36,123
02/12/2015,FTY,GA,ASO,ES,Federal Contract Tower,0,8,39,1,48,0,0,3,0,3,0,8,42,1,51,0,0,0,51
02/13/2015,FTY,GA,ASO,ES,Federal Contract Tower,0,5,45,1,51,0,0,27,0,27,0,5,72,1,78,96,0,96,174
02/14/2015,FTY,GA,ASO,ES,Federal Contract Tower,0,0,28,0,28,0,0,10,0,10,0,0,38,0,38,20,0,20,58
02/15/2015,FTY,GA,ASO,ES,Federal Contract Tower,0,10,30,0,40,0,0,15,0,15,0,10,45,0,55,18,0,18,73
02/16/2015,FTY,GA,ASO,ES,Federal Contract Tower,0,4,31,0,35,0,0,7,0,7,0,4,38,0,42,50,0,50,92
02/17/2015,FTY,GA,ASO,ES,Federal Contract Tower,0,4,45,0,49,0,0,16,0,16,0,4,61,0,65,30,0,30,95
02/18/2015,FTY,GA,ASO,ES,Federal Contract Tower,0,7,73,0,80,0,1,10,0,11,0,8,83,0,91,14,0,14,105
02/19/2015,FTY,GA,ASO,ES,Federal Contract Tower,0,14,65,0,79,0,0,15,0,15,0,14,80,0,94,14,0,14,108
02/20/2015,FTY,GA,ASO,ES,Federal Contract Tower,0,7,55,0,62,0,0,12,0,12,0,7,67,0,74,50,0,50,124
02/21/2015,FTY,GA,ASO,ES,Federal Contract Tower,0,3,26,0,29,0,0,6,0,6,0,3,32,0,35,102,0,102,137
02/22/2015,FTY,GA,ASO,ES,Federal Contract Tower,0,0,10,33,43,0,0,0,0,0,0,0,10,33,43,0,0,0,43
02/23/2015,FTY,GA,ASO,ES,Federal Contract Tower,0,5,45,0,50,0,0,15,0,15,0,5,60,0,65,84,0,84,149
02/24/2015,FTY,GA,ASO,ES,Federal Contract Tower,0,9,49,0,58,0,0,1,0,1,0,9,50,0,59,4,0,4,63
02/25/2015,FTY,GA,ASO,ES,Federal Contract Tower,0,10,43,0,53,0,0,11,0,11,0,10,54,0,64,18,0,18,82
02/26/2015,FTY,GA,ASO,ES,Federal Contract Tower,0,3,58,0,61,0,0,2,0,2,0,3,60,0,63,22,0,22,85
02/27/2015,FTY,GA,ASO,ES,Federal Contract Tower,0,8,59,0,67,0,0,37,0,37,0,8,96,0,104,42,0,42,146
02/28/2015,FTY,GA,ASO,ES,Federal Contract Tower,0,4,14,0,18,0,0,22,0,22,0,4,36,0,40,70,0,70,110
03/01/2015,FTY,GA,ASO,ES,Federal Contract Tower,0,6,37,0,43,0,0,0,0,0,0,6,37,0,43,0,0,0,43
03/02/2015,FTY,GA,ASO,ES,Federal Contract Tower,0,11,44,0,55,0,0,8,0,8,0,11,52,0,63,18,0,18,81
03/03/2015,FTY,GA,ASO,ES,Federal Contract Tower,0,31,81,0,112,0,0,0,0,0,0,31,81,0,112,0,0,0,112
03/04/2015,FTY,GA,ASO,ES,Federal Contract Tower,0,32,89,0,121,0,0,8,0,8,0,32,97,0,129,16,0,16,145
03/05/2015,FTY,GA,ASO,ES,Federal Contract Tower,0,7,46,0,53,0,0,2,0,2,0,7,48,0,55,0,0,0,55
03/06/2015,FTY,GA,ASO,ES,Federal Contract Tower,0,11,52,0,63,0,0,30,0,30,0,11,82,0,93,34,0,34,127
03/07/2015,FTY,GA,ASO,ES,Federal Contract Tower,0,3,21,0,24,0,0,38,0,38,0,3,59,0,62,62,0,62,124
03/08/2015,FTY,GA,ASO,ES,Federal Contract Tower,0,9,21,0,30,0,0,34,0,34,0,9,55,0,64,96,0,96,160
03/09/2015,FTY,GA,ASO,ES,Federal Contract Tower,0,8,35,0,43,0,0,21,0,21,0,8,56,0,64,12,0,12,76
03/10/2015,FTY,GA,ASO,ES,Federal Contract Tower,0,3,28,0,31,0,0,19,0,19,0,3,47,0,50,76,0,76,126
03/11/2015,FTY,GA,ASO,ES,Federal Contract Tower,0,12,54,0,66,0,0,11,0,11,0,12,65,0,77,14,0,14,91
03/12/2015,FTY,GA,ASO,ES,Federal Contract Tower,0,10,53,0,63,0,0,12,0,12,0,10,65,0,75,26,0,26,101
03/13/2015,FTY,GA,ASO,ES,Federal Contract Tower,0,6,47,0,53,0,0,3,0,3,0,6,50,0,56,8,0,8,64
03/14/2015,FTY,GA,ASO,ES,Federal Contract Tower,0,7,19,0,26,0,0,3,0,3,0,7,22,0,29,16,0,16,45
03/15/2015,FTY,GA,ASO,ES,Federal Contract Tower,0,12,31,0,43,0,0,36,0,36,0,12,67,0,79,144,0,144,223
03/16/2015,FTY,GA,ASO,ES,Federal Contract Tower,0,9,29,0,38,0,4,42,2,48,0,13,71,2,86,44,0,44,130
03/17/2015,FTY,GA,ASO,ES,Federal Contract Tower,0,8,43,0,51,0,0,34,2,36,0,8,77,2,87,62,0,62,149
03/18/2015,FTY,GA,ASO,ES,Federal Contract Tower,0,9,60,0,69,0,0,35,0,35,0,9,95,0,104,98,0,98,202
03/19/2015,FTY,GA,ASO,ES,Federal Contract Tower,0,13,61,0,74,0,0,4,0,4,0,13,65,0,78,0,0,0,78
03/20/2015,FTY,GA,ASO,ES,Federal Contract Tower,0,10,72,1,83,0,0,10,0,10,0,10,82,1,93,0,0,0,93
03/21/2015,FTY,GA,ASO,ES,Federal Contract Tower,0,3,22,0,25,0,0,30,0,30,0,3,52,0,55,64,0,64,119
03/22/2015,FTY,GA,ASO,ES,Federal Contract Tower,0,8,29,0,37,0,0,1,0,1,0,8,30,0,38,0,0,0,38
03/23/2015,FTY,GA,ASO,ES,Federal Contract Tower,0,4,39,0,43,0,0,31,0,31,0,4,70,0,74,74,0,74,148
03/24/2015,FTY,GA,ASO,ES,Federal Contract Tower,0,10,62,0,72,0,0,31,0,31,0,10,93,0,103,38,0,38,141
03/25/2015,FTY,GA,ASO,ES,Federal Contract Tower,0,7,66,0,73,0,0,12,2,14,0,7,78,2,87,40,0,40,127
03/26/2015,FTY,GA,ASO,ES,Federal Contract Tower,0,6,78,0,84,0,0,25,0,25,0,6,103,0,109,32,0,32,141
03/27/2015,FTY,GA,ASO,ES,Federal Contract Tower,0,5,46,0,51,0,0,24,0,24,0,5,70,0,75,50,0,50,125
03/28/2015,FTY,GA,ASO,ES,Federal Contract Tower,0,2,27,0,29,0,0,11,0,11,0,2,38,0,40,4,0,4,44
03/29/2015,FTY,GA,ASO,ES,Federal Contract Tower,0,10,39,0,49,0,2,32,0,34,0,12,71,0,83,102,0,102,185
03/30/2015,FTY,GA,ASO,ES,Federal Contract Tower,0,6,51,0,57,0,0,27,0,27,0,6,78,0,84,72,0,72,156
03/31/2015,FTY,GA,ASO,ES,Federal Contract Tower,0,16,51,0,67,0,0,24,0,24,0,16,75,0,91,62,0,62,153
04/01/2015,FTY,GA,ASO,ES,Federal Contract Tower,0,12,46,0,58,0,0,39,0,39,0,12,85,0,97,98,0,98,195
04/02/2015,FTY,GA,ASO,ES,Federal Contract Tower,0,12,61,0,73,0,0,4,0,4,0,12,65,0,77,6,0,6,83
04/03/2015,FTY,GA,ASO,ES,Federal Contract Tower,0,7,46,0,53,0,34,0,0,34,0,41,46,0,87,36,0,36,123
04/04/2015,FTY,GA,ASO,ES,Federal Contract Tower,0,2,19,0,21,0,0,17,0,17,0,2,36,0,38,28,0,28,66
04/05/2015,FTY,GA,ASO,ES,Federal Contract Tower,0,1,16,0,17,0,0,20,0,20,0,1,36,0,37,4,0,4,41
04/06/2015,FTY,GA,ASO,ES,Federal Contract Tower,0,12,51,0,63,0,0,5,0,5,0,12,56,0,68,22,0,22,90
04/07/2015,FTY,GA,ASO,ES,Federal Contract Tower,0,4,60,0,64,0,0,14,0,14,0,4,74,0,78,50,0,50,128
04/08/2015,FTY,GA,ASO,ES,Federal Contract Tower,0,12,40,0,52,0,0,41,0,41,0,12,81,0,93,170,0,170,263
04/09/2015,FTY,GA,ASO,ES,Federal Contract Tower,0,13,67,0,80,0,2,25,0,27,0,15,92,0,107,92,0,92,199
04/10/2015,FTY,GA,ASO,ES,Federal Contract Tower,0,13,44,0,57,0,0,6,0,6,0,13,50,0,63,22,0,22,85
04/11/2015,FTY,GA,ASO,ES,Federal Contract Tower,0,6,31,0,37,0,0,39,0,39,0,6,70,0,76,80,0,80,156
04/12/2015,FTY,GA,ASO,ES,Federal Contract Tower,0,9,44,0,53,0,0,5,0,5,0,9,49,0,58,34,0,34,92
04/13/2015,FTY,GA,ASO,ES,Federal Contract Tower,0,10,44,0,54,0,0,3,0,3,0,10,47,0,57,20,0,20,77
04/14/2015,FTY,GA,ASO,ES,Federal Contract Tower,0,11,48,0,59,0,0,13,0,13,0,11,61,0,72,86,0,86,158
04/15/2015,FTY,GA,ASO,ES,Federal Contract Tower,0,7,62,0,69,0,0,6,0,6,0,7,68,0,75,6,0,6,81
04/16/2015,FTY,GA,ASO,ES,Federal Contract Tower,0,3,88,1,92,0,0,6,0,6,0,3,94,1,98,54,0,54,152
04/17/2015,FTY,GA,ASO,ES,Federal Contract Tower,0,8,49,0,57,0,0,0,0,0,0,8,49,0,57,0,0,0,57
04/18/2015,FTY,GA,ASO,ES,Federal Contract Tower,0,2,22,0,24,0,0,6,0,6,0,2,28,0,30,82,0,82,112
04/19/2015,FTY,GA,ASO,ES,Federal Contract Tower,0,0,22,0,22,0,0,2,0,2,0,0,24,0,24,20,0,20,44
04/20/2015,FTY,GA,ASO,ES,Federal Contract Tower,0,10,54,0,64,0,0,27,0,27,0,10,81,0,91,60,0,60,151
04/21/2015,FTY,GA,ASO,ES,Federal Contract Tower,0,6,41,0,47,0,0,47,0,47,0,6,88,0,94,144,0,144,238
04/22/2015,FTY,GA,ASO,ES,Federal Contract Tower,0,6,61,0,67,0,0,30,0,30,0,6,91,0,97,86,0,86,183
04/23/2015,FTY,GA,ASO,ES,Federal Contract Tower,0,12,71,0,83,0,0,26,0,26,0,12,97,0,109,84,0,84,193
04/24/2015,FTY,GA,ASO,ES,Federal Contract Tower,0,3,68,1,72,0,0,42,1,43,0,3,110,2,115,188,4,192,307
04/25/2015,FTY,GA,ASO,ES,Federal Contract Tower,0,3,13,1,17,0,0,4,0,4,0,3,17,1,21,34,0,34,55
04/26/2015,FTY,GA,ASO,ES,Federal Contract Tower,0,2,43,0,45,0,0,25,0,25,0,2,68,0,70,78,0,78,148
04/27/2015,FTY,GA,ASO,ES,Federal Contract Tower,0,6,61,0,67,0,0,35,0,35,0,6,96,0,102,160,0,160,262
04/28/2015,FTY,GA,ASO,ES,Federal Contract Tower,0,2,63,0,65,0,0,29,0,29,0,2,92,0,94,208,0,208,302
04/29/2015,FTY,GA,ASO,ES,Federal Contract Tower,0,10,83,0,93,0,0,10,0,10,0,10,93,0,103,58,0,58,161
04/30/2015,FTY,GA,ASO,ES,Federal Contract Tower,0,11,102,1,114,0,0,37,0,37,0,11,139,1,151,82,0,82,233
05/01/2015,FTY,GA,ASO,ES,Federal Contract Tower,0,3,57,1,61,0,0,35,1,36,0,3,92,2,97,64,0,64,161
05/02/2015,FTY,GA,ASO,ES,Federal Contract Tower,0,3,31,0,34,0,0,23,1,24,0,3,54,1,58,46,0,46,104
05/03/2015,FTY,GA,ASO,ES,Federal Contract Tower,0,11,38,0,49,0,0,27,0,27,0,11,65,0,76,20,0,20,96
05/04/2015,FTY,GA,ASO,ES,Federal Contract Tower,0,3,42,0,45,0,0,35,0,35,0,3,77,0,80,112,0,112,192
05/05/2015,FTY,GA,ASO,ES,Federal Contract Tower,0,9,53,0,62,0,0,34,0,34,0,9,87,0,96,136,0,136,232
05/06/2015,FTY,GA,ASO,ES,Federal Contract Tower,0,3,64,0,67,0,0,38,0,38,0,3,102,0,105,118,0,118,223
05/07/2015,FTY,GA,ASO,ES,Federal Contract Tower,0,7,62,0,69,0,0,37,0,37,0,7,99,0,106,134,0,134,240
05/08/2015,FTY,GA,ASO,ES,Federal Contract Tower,0,4,53,0,57,0,0,35,0,35,0,4,88,0,92,144,0,144,236
05/09/2015,FTY,GA,ASO,ES,Federal Contract Tower,0,1,18,5,24,0,0,30,0,30,0,1,48,5,54,76,2,78,132
05/10/2015,FTY,GA,ASO,ES,Federal Contract Tower,0,2,17,0,19,0,0,17,0,17,0,2,34,0,36,84,0,84,120
05/11/2015,FTY,GA,ASO,ES,Federal Contract Tower,0,7,58,2,67,0,0,27,0,27,0,7,85,2,94,60,0,60,154
05/12/2015,FTY,GA,ASO,ES,Federal Contract Tower,0,9,46,0,55,0,0,17,0,17,0,9,63,0,72,18,0,18,90
05/13/2015,FTY,GA,ASO,ES,Federal Contract Tower,0,9,36,0,45,0,0,43,0,43,0,9,79,0,88,58,0,58,146
05/14/2015,FTY,GA,ASO,ES,Federal Contract Tower,0,9,76,0,85,0,0,41,0,41,0,9,117,0,126,40,0,40,166
05/15/2015,FTY,GA,ASO,ES,Federal Contract Tower,0,10,62,0,72,0,0,13,0,13,0,10,75,0,85,32,0,32,117
05/16/2015,FTY,GA,ASO,ES,Federal Contract Tower,0,12,21,0,33,0,0,14,0,14,0,12,35,0,47,20,0,20,67
05/17/2015,FTY,GA,ASO,ES,Federal Contract Tower,0,9,32,0,41,0,0,6,0,6,0,9,38,0,47,36,0,36,83
05/18/2015,FTY,GA,ASO,ES,Federal Contract Tower,0,4,39,0,43,0,0,7,0,7,0,4,46,0,50,40,0,40,90
05/19/2015,FTY,GA,ASO,ES,Federal Contract Tower,0,8,56,0,64,0,0,34,0,34,0,8,90,0,98,78,0,78,176
05/20/2015,FTY,GA,ASO,ES,Federal Contract Tower,0,6,74,0,80,0,0,45,6,51,0,6,119,6,131,122,0,122,253
05/21/2015,FTY,GA,ASO,ES,Federal Contract Tower,0,20,77,0,97,0,0,27,0,27,0,20,104,0,124,42,0,42,166
05/22/2015,FTY,GA,ASO,ES,Federal Contract Tower,0,10,56,0,66,0,0,32,0,32,0,10,88,0,98,80,0,80,178
05/23/2015,FTY,GA,ASO,ES,Federal Contract Tower,0,3,22,0,25,0,0,31,0,31,0,3,53,0,56,58,0,58,114
05/24/2015,FTY,GA,ASO,ES,Federal Contract Tower,0,1,21,0,22,0,0,20,0,20,0,1,41,0,42,0,0,0,42
05/25/2015,FTY,GA,ASO,ES,Federal Contract Tower,0,4,24,0,28,0,0,7,0,7,0,4,31,0,35,32,0,32,67
05/26/2015,FTY,GA,ASO,ES,Federal Contract Tower,0,3,41,0,44,0,0,11,0,11,0,3,52,0,55,26,0,26,81
05/27/2015,FTY,GA,ASO,ES,Federal Contract Tower,0,10,43,0,53,0,0,16,0,16,0,10,59,0,69,120,0,120,189
05/28/2015,FTY,GA,ASO,ES,Federal Contract Tower,0,5,59,2,66,0,0,15,0,15,0,5,74,2,81,58,0,58,139
05/29/2015,FTY,GA,ASO,ES,Federal Contract Tower,0,7,54,0,61,0,2,41,0,43,0,9,95,0,104,118,0,118,222
05/30/2015,FTY,GA,ASO,ES,Federal Contract Tower,0,8,34,0,42,0,0,30,0,30,0,8,64,0,72,48,0,48,120
05/31/2015,FTY,GA,ASO,ES,Federal Contract Tower,0,4,31,0,35,0,0,7,0,7,0,4,38,0,42,4,0,4,46
06/01/2015,FTY,GA,ASO,ES,Federal Contract Tower,0,6,40,0,46,0,0,17,0,17,0,6,57,0,63,20,0,20,83
06/02/2015,FTY,GA,ASO,ES,Federal Contract Tower,0,16,38,0,54,0,0,15,0,15,0,16,53,0,69,38,0,38,107
06/03/2015,FTY,GA,ASO,ES,Federal Contract Tower,0,6,66,0,72,0,0,21,0,21,0,6,87,0,93,20,0,20,113
06/04/2015,FTY,GA,ASO,ES,Federal Contract Tower,0,4,61,0,65,0,0,16,0,16,0,4,77,0,81,32,0,32,113
06/05/2015,FTY,GA,ASO,ES,Federal Contract Tower,0,1,52,0,53,0,1,32,0,33,0,2,84,0,86,58,0,58,144
06/06/2015,FTY,GA,ASO,ES,Federal Contract Tower,0,8,27,0,35,0,0,22,0,22,0,8,49,0,57,4,0,4,61
06/07/2015,FTY,GA,ASO,ES,Federal Contract Tower,0,4,42,0,46,0,0,17,0,17,0,4,59,0,63,16,0,16,79
06/08/2015,FTY,GA,ASO,ES,Federal Contract Tower,0,12,36,0,48,0,0,19,0,19,0,12,55,0,67,30,0,30,97
06/09/2015,FTY,GA,ASO,ES,Federal Contract Tower,0,10,64,0,74,0,0,15,0,15,0,10,79,0,89,74,0,74,163
06/10/2015,FTY,GA,ASO,ES,Federal Contract Tower,0,9,66,0,75,0,0,18,0,18,0,9,84,0,93,94,0,94,187
06/11/2015,FTY,GA,ASO,ES,Federal Contract Tower,0,8,64,1,73,0,0,21,3,24,0,8,85,4,97,40,0,40,137
06/12/2015,FTY,GA,ASO,ES,Federal Contract Tower,0,8,50,1,59,0,0,51,0,51,0,8,101,1,110,42,0,42,152
06/13/2015,FTY,GA,ASO,ES,Federal Contract Tower,0,5,18,2,25,0,0,24,0,24,0,5,42,2,49,144,0,144,193
06/14/2015,FTY,GA,ASO,ES,Federal Contract Tower,0,5,42,2,49,0,0,34,0,34,0,5,76,2,83,40,0,40,123
06/15/2015,FTY,GA,ASO,ES,Federal Contract Tower,0,7,39,2,48,0,0,28,0,28,0,7,67,2,76,56,0,56,132
06/16/2015,FTY,GA,ASO,ES,Federal Contract Tower,0,5,42,1,48,0,0,39,0,39,0,5,81,1,87,60,0,60,147
06/17/2015,FTY,GA,ASO,ES,Federal Contract Tower,0,5,65,0,70,0,0,36,0,36,0,5,101,0,106,72,0,72,178
06/18/2015,FTY,GA,ASO,ES,Federal Contract Tower,0,9,52,0,61,0,0,33,0,33,0,9,85,0,94,120,0,120,214
06/19/2015,FTY,GA,ASO,ES,Federal Contract Tower,0,5,56,0,61,0,0,28,0,28,0,5,84,0,89,52,0,52,141
06/20/2015,FTY,GA,ASO,ES,Federal Contract Tower,0,0,19,0,19,0,0,22,0,22,0,0,41,0,41,110,0,110,151
06/21/2015,FTY,GA,ASO,ES,Federal Contract Tower,0,13,26,0,39,0,0,17,0,17,0,13,43,0,56,38,0,38,94
06/22/2015,FTY,GA,ASO,ES,Federal Contract Tower,0,7,56,0,63,0,0,41,0,41,0,7,97,0,104,174,0,174,278
06/23/2015,FTY,GA,ASO,ES,Federal Contract Tower,0,6,54,0,60,0,0,50,0,50,0,6,104,0,110,114,0,114,224
06/24/2015,FTY,GA,ASO,ES,Federal Contract Tower,0,5,66,0,71,0,0,59,0,59,0,5,125,0,130,58,0,58,188
06/25/2015,FTY,GA,ASO,ES,Federal Contract Tower,0,13,58,0,71,0,0,23,4,27,0,13,81,4,98,40,0,40,138
06/26/2015,FTY,GA,ASO,ES,Federal Contract Tower,0,13,40,0,53,0,0,25,0,25,0,13,65,0,78,66,0,66,144
06/27/2015,FTY,GA,ASO,ES,Federal Contract Tower,0,5,27,0,32,0,0,7,0,7,0,5,34,0,39,10,0,10,49
06/28/2015,FTY,GA,ASO,ES,Federal Contract Tower,0,6,42,0,48,0,0,36,0,36,0,6,78,0,84,54,0,54,138
06/29/2015,FTY,GA,ASO,ES,Federal Contract Tower,0,7,35,0,42,0,0,33,0,33,0,7,68,0,75,184,0,184,259
06/30/2015,FTY,GA,ASO,ES,Federal Contract Tower,0,1,43,0,44,0,0,13,0,13,0,1,56,0,57,34,0,34,91
07/01/2015,FTY,GA,ASO,ES,Federal Contract Tower,0,3,54,0,57,0,0,15,0,15,0,3,69,0,72,80,0,80,152
07/02/2015,FTY,GA,ASO,ES,Federal Contract Tower,0,6,37,0,43,0,0,26,0,26,0,6,63,0,69,66,0,66,135
07/03/2015,FTY,GA,ASO,ES,Federal Contract Tower,0,3,19,0,22,0,0,6,0,6,0,3,25,0,28,26,0,26,54
07/04/2015,FTY,GA,ASO,ES,Federal Contract Tower,0,2,5,0,7,0,0,7,0,7,0,2,12,0,14,36,0,36,50
07/05/2015,FTY,GA,ASO,ES,Federal Contract Tower,0,12,36,0,48,0,0,11,0,11,0,12,47,0,59,64,0,64,123
07/06/2015,FTY,GA,ASO,ES,Federal Contract Tower,0,7,39,0,46,0,0,23,0,23,0,7,62,0,69,120,0,120,189
07/07/2015,FTY,GA,ASO,ES,Federal Contract Tower,0,3,46,0,49,0,0,46,0,46,0,3,92,0,95,176,0,176,271
07/08/2015,FTY,GA,ASO,ES,Federal Contract Tower,0,6,55,0,61,0,0,33,0,33,0,6,88,0,94,74,0,74,168
07/09/2015,FTY,GA,ASO,ES,Federal Contract Tower,0,6,51,0,57,0,0,39,0,39,0,6,90,0,96,170,0,170,266
07/10/2015,FTY,GA,ASO,ES,Federal Contract Tower,0,3,41,0,44,0,0,40,0,40,0,3,81,0,84,218,0,218,302
07/11/2015,FTY,GA,ASO,ES,Federal Contract Tower,0,6,18,0,24,0,0,32,0,32,0,6,50,0,56,216,0,216,272
07/12/2015,FTY,GA,ASO,ES,Federal Contract Tower,0,13,36,0,49,0,0,28,0,28,0,13,64,0,77,38,0,38,115
07/13/2015,FTY,GA,ASO,ES,Federal Contract Tower,0,5,40,2,47,0,0,53,0,53,0,5,93,2,100,164,0,164,264
07/14/2015,FTY,GA,ASO,ES,Federal Contract Tower,0,1,60,0,61,0,0,31,0,31,0,1,91,0,92,94,0,94,186
07/15/2015,FTY,GA,ASO,ES,Federal Contract Tower,0,7,73,0,80,0,0,25,0,25,0,7,98,0,105,166,0,166,271
07/16/2015,FTY,GA,ASO,ES,Federal Contract Tower,0,10,62,0,72,0,0,31,0,31,0,10,93,0,103,36,0,36,139
07/17/2015,FTY,GA,ASO,ES,Federal Contract Tower,0,6,36,0,42,0,0,35,0,35,0,6,71,0,77,108,0,108,185
07/18/2015,FTY,GA,ASO,ES,Federal Contract Tower,0,3,13,0,16,0,0,23,0,23,0,3,36,0,39,74,0,74,113
07/19/2015,FTY,GA,ASO,ES,Federal Contract Tower,0,4,29,0,33,0,0,10,0,10,0,4,39,0,43,56,0,56,99
07/20/2015,FTY,GA,ASO,ES,Federal Contract Tower,0,6,24,0,30,0,0,21,0,21,0,6,45,0,51,58,0,58,109
07/21/2015,FTY,GA,ASO,ES,Federal Contract Tower,0,9,33,0,42,0,0,26,0,26,0,9,59,0,68,72,0,72,140
07/22/2015,FTY,GA,ASO,ES,Federal Contract Tower,0,14,64,0,78,0,0,39,0,39,0,14,103,0,117,194,0,194,311
07/23/2015,FTY,GA,ASO,ES,Federal Contract Tower,0,8,49,0,57,0,0,15,0,15,0,8,64,0,72,194,0,194,266
07/24/2015,FTY,GA,ASO,ES,Federal Contract Tower,0,10,60,0,70,0,0,36,0,36,0,10,96,0,106,168,0,168,274
07/25/2015,FTY,GA,ASO,ES,Federal Contract Tower,0,3,22,0,25,0,0,23,0,23,0,3,45,0,48,136,0,136,184
07/26/2015,FTY,GA,ASO,ES,Federal Contract Tower,0,3,33,0,36,0,0,15,0,15,0,3,48,0,51,80,0,80,131
07/27/2015,FTY,GA,ASO,ES,Federal Contract Tower,0,5,46,0,51,0,0,19,0,19,0,5,65,0,70,124,0,124,194
07/28/2015,FTY,GA,ASO,ES,Federal Contract Tower,0,7,43,0,50,0,0,20,0,20,0,7,63,0,70,12,0,12,82
07/29/2015,FTY,GA,ASO,ES,Federal Contract Tower,0,4,53,0,57,0,0,34,0,34,0,4,87,0,91,42,0,42,133
07/30/2015,FTY,GA,ASO,ES,Federal Contract Tower,0,10,47,0,57,0,0,28,0,28,0,10,75,0,85,86,0,86,171
07/31/2015,FTY,GA,ASO,ES,Federal Contract Tower,0,5,31,0,36,0,0,19,0,19,0,5,50,0,55,56,0,56,111
08/01/2015,FTY,GA,ASO,ES,Federal Contract Tower,0,1,29,0,30,0,0,13,0,13,0,1,42,0,43,86,0,86,129
08/02/2015,FTY,GA,ASO,ES,Federal Contract Tower,0,3,33,0,36,0,0,15,0,15,0,3,48,0,51,10,0,10,61
08/03/2015,FTY,GA,ASO,ES,Federal Contract Tower,0,3,37,0,40,0,0,25,0,25,0,3,62,0,65,50,0,50,115
08/04/2015,FTY,GA,ASO,ES,Federal Contract Tower,0,3,40,0,43,0,0,41,0,41,0,3,81,0,84,120,0,120,204
08/05/2015,FTY,GA,ASO,ES,Federal Contract Tower,0,9,40,0,49,0,0,59,0,59,0,9,99,0,108,88,0,88,196
08/06/2015,FTY,GA,ASO,ES,Federal Contract Tower,0,2,72,0,74,0,0,11,0,11,0,2,83,0,85,34,0,34,119
08/07/2015,FTY,GA,ASO,ES,Federal Contract Tower,0,3,45,0,48,0,0,23,0,23,0,3,68,0,71,160,0,160,231
08/08/2015,FTY,GA,ASO,ES,Federal Contract Tower,0,0,26,0,26,0,0,16,0,16,0,0,42,0,42,58,0,58,100
08/09/2015,FTY,GA,ASO,ES,Federal Contract Tower,0,3,36,0,39,0,0,23,0,23,0,3,59,0,62,78,0,78,140
08/10/2015,FTY,GA,ASO,ES,Federal Contract Tower,0,0,36,0,36,0,0,22,0,22,0,0,58,0,58,22,0,22,80
08/11/2015,FTY,GA,ASO,ES,Federal Contract Tower,0,7,57,0,64,0,0,28,0,28,0,7,85,0,92,10,0,10,102
08/12/2015,FTY,GA,ASO,ES,Federal Contract Tower,0,10,62,0,72,0,0,29,0,29,0,10,91,0,101,122,0,122,223
08/13/2015,FTY,GA,ASO,ES,Federal Contract Tower,0,17,42,0,59,0,0,36,0,36,0,17,78,0,95,116,0,116,211
08/14/2015,FTY,GA,ASO,ES,Federal Contract Tower,0,10,51,0,61,0,0,29,0,29,0,10,80,0,90,54,0,54,144
08/15/2015,FTY,GA,ASO,ES,Federal Contract Tower,0,4,22,0,26,0,0,35,0,35,0,4,57,0,61,102,0,102,163
08/16/2015,FTY,GA,ASO,ES,Federal Contract Tower,0,11,33,0,44,0,0,21,0,21,0,11,54,0,65,48,0,48,113
08/17/2015,FTY,GA,ASO,ES,Federal Contract Tower,0,6,37,0,43,0,0,9,0,9,0,6,46,0,52,58,0,58,110
08/18/2015,FTY,GA,ASO,ES,Federal Contract Tower,0,3,49,0,52,0,0,5,0,5,0,3,54,0,57,34,0,34,91
08/19/2015,FTY,GA,ASO,ES,Federal Contract Tower,0,4,35,0,39,0,0,11,1,12,0,4,46,1,51,42,0,42,93
08/20/2015,FTY,GA,ASO,ES,Federal Contract Tower,0,8,55,0,63,0,0,11,3,14,0,8,66,3,77,0,0,0,77
08/21/2015,FTY,GA,ASO,ES,Federal Contract Tower,0,4,45,0,49,0,0,35,0,35,0,4,80,0,84,104,0,104,188
08/22/2015,FTY,GA,ASO,ES,Federal Contract Tower,0,1,30,0,31,0,0,21,0,21,0,1,51,0,52,122,0,122,174
08/23/2015,FTY,GA,ASO,ES,Federal Contract Tower,0,4,17,0,21,0,0,8,0,8,0,4,25,0,29,56,0,56,85
08/24/2015,FTY,GA,ASO,ES,Federal Contract Tower,0,5,52,0,57,0,0,39,0,39,0,5,91,0,96,76,0,76,172
08/25/2015,FTY,GA,ASO,ES,Federal Contract Tower,0,5,48,0,53,0,0,34,0,34,0,5,82,0,87,70,0,70,157
08/26/2015,FTY,GA,ASO,ES,Federal Contract Tower,0,18,57,0,75,0,0,26,0,26,0,18,83,0,101,80,0,80,181
08/27/2015,FTY,GA,ASO,ES,Federal Contract Tower,0,9,55,0,64,0,0,23,0,23,0,9,78,0,87,106,0,106,193
08/28/2015,FTY,GA,ASO,ES,Federal Contract Tower,0,12,42,4,58,0,0,36,0,36,0,12,78,4,94,40,0,40,134
08/29/2015,FTY,GA,ASO,ES,Federal Contract Tower,0,3,22,1,26,0,0,18,0,18,0,3,40,1,44,52,0,52,96
08/30/2015,FTY,GA,ASO,ES,Federal Contract Tower,0,10,25,0,35,0,0,7,0,7,0,10,32,0,42,10,0,10,52
08/31/2015,FTY,GA,ASO,ES,Federal Contract Tower,0,7,42,0,49,0,0,9,0,9,0,7,51,0,58,56,0,56,114
09/01/2015,FTY,GA,ASO,ES,Federal Contract Tower,0,8,42,0,50,0,0,45,0,45,0,8,87,0,95,130,0,130,225
09/02/2015,FTY,GA,ASO,ES,Federal Contract Tower,0,6,50,0,56,0,0,36,0,36,0,6,86,0,92,84,0,84,176
09/03/2015,FTY,GA,ASO,ES,Federal Contract Tower,0,9,65,0,74,0,0,32,0,32,0,9,97,0,106,8,0,8,114
09/04/2015,FTY,GA,ASO,ES,Federal Contract Tower,0,16,53,0,69,0,0,26,0,26,0,16,79,0,95,74,0,74,169
09/05/2015,FTY,GA,ASO,ES,Federal Contract Tower,0,8,49,0,57,0,0,37,0,37,0,8,86,0,94,144,0,144,238
09/06/2015,FTY,GA,ASO,ES,Federal Contract Tower,0,3,17,4,24,0,0,16,0,16,0,3,33,4,40,42,0,42,82
09/07/2015,FTY,GA,ASO,ES,Federal Contract Tower,0,12,42,0,54,0,0,21,0,21,0,12,63,0,75,46,0,46,121
09/08/2015,FTY,GA,ASO,ES,Federal Contract Tower,0,8,47,0,55,0,0,10,0,10,0,8,57,0,65,30,0,30,95
09/09/2015,FTY,GA,ASO,ES,Federal Contract Tower,0,11,52,0,63,0,0,7,0,7,0,11,59,0,70,20,0,20,90
09/10/2015,FTY,GA,ASO,ES,Federal Contract Tower,0,5,51,0,56,0,0,13,0,13,0,5,64,0,69,44,0,44,113
09/11/2015,FTY,GA,ASO,ES,Federal Contract Tower,0,6,52,0,58,0,0,31,0,31,0,6,83,0,89,100,0,100,189
09/12/2015,FTY,GA,ASO,ES,Federal Contract Tower,0,2,13,0,15,0,0,13,0,13,0,2,26,0,28,46,0,46,74
09/13/2015,FTY,GA,ASO,ES,Federal Contract Tower,0,2,40,0,42,0,0,33,0,33,0,2,73,0,75,106,0,106,181
09/14/2015,FTY,GA,ASO,ES,Federal Contract Tower,0,11,47,1,59,0,0,22,1,23,0,11,69,2,82,48,0,48,130
09/15/2015,FTY,GA,ASO,ES,Federal Contract Tower,0,9,51,0,60,0,0,30,0,30,0,9,81,0,90,42,0,42,132
09/16/2015,FTY,GA,ASO,ES,Federal Contract Tower,0,10,83,0,93,0,0,30,0,30,0,10,113,0,123,60,0,60,183
09/17/2015,FTY,GA,ASO,ES,Federal Contract Tower,0,7,67,0,74,0,0,41,0,41,0,7,108,0,115,100,0,100,215
09/18/2015,FTY,GA,ASO,ES,Federal Contract Tower,0,7,51,0,58,0,0,38,0,38,0,7,89,0,96,82,0,82,178
09/19/2015,FTY,GA,ASO,ES,Federal Contract Tower,0,3,23,0,26,0,0,27,0,27,0,3,50,0,53,82,0,82,135
09/20/2015,FTY,GA,ASO,ES,Federal Contract Tower,0,6,40,0,46,0,0,28,0,28,0,6,68,0,74,20,0,20,94
09/21/2015,FTY,GA,ASO,ES,Federal Contract Tower,0,9,44,3,56,0,0,21,1,22,0,9,65,4,78,74,0,74,152
09/22/2015,FTY,GA,ASO,ES,Federal Contract Tower,0,7,65,1,73,0,0,15,0,15,0,7,80,1,88,62,0,62,150
09/23/2015,FTY,GA,ASO,ES,Federal Contract Tower,0,15,67,0,82,0,0,23,0,23,0,15,90,0,105,62,0,62,167
09/24/2015,FTY,GA,ASO,ES,Federal Contract Tower,0,10,65,0,75,0,0,19,0,19,0,10,84,0,94,0,0,0,94
09/25/2015,FTY,GA,ASO,ES,Federal Contract Tower,0,13,61,0,74,0,6,0,0,6,0,19,61,0,80,0,0,0,80
09/26/2015,FTY,GA,ASO,ES,Federal Contract Tower,0,9,23,0,32,0,0,4,0,4,0,9,27,0,36,0,0,0,36
09/27/2015,FTY,GA,ASO,ES,Federal Contract Tower,0,8,51,0,59,0,0,7,0,7,0,8,58,0,66,0,0,0,66
09/28/2015,FTY,GA,ASO,ES,Federal Contract Tower,0,17,62,0,79,0,0,1,0,1,0,17,63,0,80,0,0,0,80
09/29/2015,FTY,GA,ASO,ES,Federal Contract Tower,0,13,78,0,91,0,0,4,0,4,0,13,82,0,95,10,0,10,105
09/30/2015,FTY,GA,ASO,ES,Federal Contract Tower,0,12,57,0,69,0,0,19,0,19,0,12,76,0,88,112,0,112,200
10/01/2015,FTY,GA,ASO,ES,Federal Contract Tower,0,11,54,0,65,0,0,9,0,9,0,11,63,0,74,70,0,70,144
10/02/2015,FTY,GA,ASO,ES,Federal Contract Tower,0,7,66,0,73,0,0,5,0,5,0,7,71,0,78,14,0,14,92
10/03/2015,FTY,GA,ASO,ES,Federal Contract Tower,0,6,29,0,35,0,0,2,0,2,0,6,31,0,37,14,0,14,51
10/04/2015,FTY,GA,ASO,ES,Federal Contract Tower,0,15,44,0,59,0,0,4,0,4,0,15,48,0,63,0,0,0,63
10/05/2015,FTY,GA,ASO,ES,Federal Contract Tower,0,8,54,0,62,0,0,11,0,11,0,8,65,0,73,54,0,54,127
10/06/2015,FTY,GA,ASO,ES,Federal Contract Tower,0,15,81,0,96,0,0,27,0,27,0,15,108,0,123,92,0,92,215
10/07/2015,FTY,GA,ASO,ES,Federal Contract Tower,0,4,69,0,73,0,0,60,0,60,0,4,129,0,133,78,0,78,211
10/08/2015,FTY,GA,ASO,ES,Federal Contract Tower,0,6,54,0,60,0,0,24,0,24,0,6,78,0,84,32,0,32,116
10/09/2015,FTY,GA,ASO,ES,Federal Contract Tower,0,13,46,0,59,0,0,27,0,27,0,13,73,0,86,126,0,126,212
10/10/2015,FTY,GA,ASO,ES,Federal Contract Tower,0,7,33,0,40,0,0,1,0,1,0,7,34,0,41,8,0,8,49
10/11/2015,FTY,GA,ASO,ES,Federal Contract Tower,0,10,45,0,55,0,0,23,0,23,0,10,68,0,78,80,0,80,158
10/12/2015,FTY,GA,ASO,ES,Federal Contract Tower,0,3,51,0,54,0,0,16,0,16,0,3,67,0,70,94,0,94,164
10/13/2015,FTY,GA,ASO,ES,Federal Contract Tower,0,15,73,0,88,0,0,47,0,47,0,15,120,0,135,62,0,62,197
10/14/2015,FTY,GA,ASO,ES,Federal Contract Tower,0,12,60,0,72,0,0,60,0,60,0,12,120,0,132,50,0,50,182
10/15/2015,FTY,GA,ASO,ES,Federal Contract Tower,0,7,76,0,83,0,0,87,0,87,0,7,163,0,170,54,0,54,224
10/16/2015,FTY,GA,ASO,ES,Federal Contract Tower,0,7,59,0,66,0,0,43,0,43,0,7,102,0,109,48,0,48,157
10/17/2015,FTY,GA,ASO,ES,Federal Contract Tower,0,4,27,0,31,0,0,36,0,36,0,4,63,0,67,62,0,62,129
10/18/2015,FTY,GA,ASO,ES,Federal Contract Tower,0,8,22,0,30,0,0,27,0,27,0,8,49,0,57,94,0,94,151
10/19/2015,FTY,GA,ASO,ES,Federal Contract Tower,0,2,48,0,50,0,0,27,0,27,0,2,75,0,77,30,0,30,107
10/20/2015,FTY,GA,ASO,ES,Federal Contract Tower,0,5,58,0,63,0,0,39,0,39,0,5,97,0,102,146,0,146,248
10/21/2015,FTY,GA,ASO,ES,Federal Contract Tower,0,11,56,0,67,0,0,41,0,41,0,11,97,0,108,40,0,40,148
10/22/2015,FTY,GA,ASO,ES,Federal Contract Tower,0,8,66,1,75,0,0,55,0,55,0,8,121,1,130,86,0,86,216
10/23/2015,FTY,GA,ASO,ES,Federal Contract Tower,0,8,51,0,59,0,0,39,0,39,0,8,90,0,98,86,0,86,184
10/24/2015,FTY,GA,ASO,ES,Federal Contract Tower,0,6,40,0,46,0,0,55,0,55,0,6,95,0,101,50,0,50,151
10/25/2015,FTY,GA,ASO,ES,Federal Contract Tower,0,3,63,1,67,0,0,9,0,9,0,3,72,1,76,40,0,40,116
10/26/2015,FTY,GA,ASO,ES,Federal Contract Tower,0,15,56,0,71,0,0,0,0,0,0,15,56,0,71,0,0,0,71
10/27/2015,FTY,GA,ASO,ES,Federal Contract Tower,0,32,73,2,107,0,0,0,0,0,0,32,73,2,107,0,0,0,107
10/28/2015,FTY,GA,ASO,ES,Federal Contract Tower,0,15,58,0,73,0,0,7,0,7,0,15,65,0,80,0,0,0,80
10/29/2015,FTY,GA,ASO,ES,Federal Contract Tower,0,9,50,0,59,0,0,25,0,25,0,9,75,0,84,38,0,38,122
10/30/2015,FTY,GA,ASO,ES,Federal Contract Tower,0,9,54,0,63,0,0,41,0,41,0,9,95,0,104,130,0,130,234
10/31/2015,FTY,GA,ASO,ES,Federal Contract Tower,0,6,22,0,28,0,1,26,0,27,0,7,48,0,55,90,0,90,145
11/01/2015,FTY,GA,ASO,ES,Federal Contract Tower,0,14,33,0,47,0,0,0,0,0,0,14,33,0,47,0,0,0,47
11/02/2015,FTY,GA,ASO,ES,Federal Contract Tower,0,18,56,0,74,0,0,0,0,0,0,18,56,0,74,0,0,0,74
11/03/2015,FTY,GA,ASO,ES,Federal Contract Tower,0,13,80,0,93,0,0,0,0,0,0,13,80,0,93,0,0,0,93
11/04/2015,FTY,GA,ASO,ES,Federal Contract Tower,0,11,64,0,75,0,0,3,0,3,0,11,67,0,78,0,0,0,78
11/05/2015,FTY,GA,ASO,ES,Federal Contract Tower,0,26,99,0,125,0,0,0,0,0,0,26,99,0,125,0,0,0,125
11/06/2015,FTY,GA,ASO,ES,Federal Contract Tower,0,11,54,0,65,0,0,14,0,14,0,11,68,0,79,48,0,48,127
11/07/2015,FTY,GA,ASO,ES,Federal Contract Tower,0,8,29,0,37,0,0,2,0,2,0,8,31,0,39,32,0,32,71
11/08/2015,FTY,GA,ASO,ES,Federal Contract Tower,0,9,43,0,52,0,0,1,0,1,0,9,44,0,53,0,0,0,53
11/09/2015,FTY,GA,ASO,ES,Federal Contract Tower,0,9,49,0,58,0,0,0,0,0,0,9,49,0,58,0,0,0,58
11/10/2015,FTY,GA,ASO,ES,Federal Contract Tower,0,13,57,0,70,0,0,23,0,23,0,13,80,0,93,92,0,92,185
11/11/2015,FTY,GA,ASO,ES,Federal Contract Tower,0,17,60,0,77,0,0,40,0,40,0,17,100,0,117,152,0,152,269
11/12/2015,FTY,GA,ASO,ES,Federal Contract Tower,0,5,67,0,72,0,0,23,0,23,0,5,90,0,95,32,0,32,127
11/13/2015,FTY,GA,ASO,ES,Federal Contract Tower,0,5,55,0,60,0,0,25,0,25,0,5,80,0,85,42,0,42,127
11/14/2015,FTY,GA,ASO,ES,Federal Contract Tower,0,5,19,0,24,0,0,55,0,55,0,5,74,0,79,158,0,158,237
11/15/2015,FTY,GA,ASO,ES,Federal Contract Tower,0,2,38,0,40,0,0,37,0,37,0,2,75,0,77,140,0,140,217
11/16/2015,FTY,GA,ASO,ES,Federal Contract Tower,0,13,41,0,54,0,0,26,0,26,0,13,67,0,80,96,0,96,176
11/17/2015,FTY,GA,ASO,ES,Federal Contract Tower,0,7,66,0,73,0,0,14,0,14,0,7,80,0,87,0,0,0,87
11/18/2015,FTY,GA,ASO,ES,Federal Contract Tower,0,16,39,0,55,0,0,0,0,0,0,16,39,0,55,0,0,0,55
11/19/2015,FTY,GA,ASO,ES,Federal Contract Tower,0,11,67,0,78,0,0,24,0,24,0,11,91,0,102,122,0,122,224
11/20/2015,FTY,GA,ASO,ES,Federal Contract Tower,0,13,83,0,96,0,0,33,0,33,0,13,116,0,129,66,0,66,195
11/21/2015,FTY,GA,ASO,ES,Federal Contract Tower,0,3,24,0,27,0,0,20,0,20,0,3,44,0,47,48,0,48,95
11/22/2015,FTY,GA,ASO,ES,Federal Contract Tower,0,8,25,0,33,0,0,20,0,20,0,8,45,0,53,30,0,30,83
11/23/2015,FTY,GA,ASO,ES,Federal Contract Tower,0,10,55,0,65,0,0,24,0,24,0,10,79,0,89,82,0,82,171
11/24/2015,FTY,GA,ASO,ES,Federal Contract Tower,0,7,55,0,62,0,0,36,0,36,0,7,91,0,98,46,0,46,144
11/25/2015,FTY,GA,ASO,ES,Federal Contract Tower,0,13,42,0,55,0,0,23,0,23,0,13,65,0,78,28,0,28,106
11/26/2015,FTY,GA,ASO,ES,Federal Contract Tower,0,0,13,0,13,0,0,7,0,7,0,0,20,0,20,0,0,0,20
11/27/2015,FTY,GA,ASO,ES,Federal Contract Tower,0,8,20,0,28,0,0,18,0,18,0,8,38,0,46,48,0,48,94
11/28/2015,FTY,GA,ASO,ES,Federal Contract Tower,0,11,27,0,38,0,0,14,0,14,0,11,41,0,52,66,0,66,118
11/29/2015,FTY,GA,ASO,ES,Federal Contract Tower,0,12,61,0,73,0,0,18,0,18,0,12,79,0,91,80,0,80,171
11/30/2015,FTY,GA,ASO,ES,Federal Contract Tower,0,3,37,3,43,0,0,19,3,22,0,3,56,6,65,28,0,28,93
12/01/2015,FTY,GA,ASO,ES,Federal Contract Tower,0,7,60,4,71,0,0,9,0,9,0,7,69,4,80,40,0,40,120
12/02/2015,FTY,GA,ASO,ES,Federal Contract Tower,0,12,52,2,66,0,1,11,0,12,0,13,63,2,78,26,0,26,104
12/03/2015,FTY,GA,ASO,ES,Federal Contract Tower,0,10,78,0,88,0,0,33,0,33,0,10,111,0,121,50,0,50,171
12/04/2015,FTY,GA,ASO,ES,Federal Contract Tower,0,12,98,0,110,0,0,64,0,64,0,12,162,0,174,122,0,122,296
12/05/2015,FTY,GA,ASO,ES,Federal Contract Tower,0,10,69,0,79,0,0,44,0,44,0,10,113,0,123,164,0,164,287
12/06/2015,FTY,GA,ASO,ES,Federal Contract Tower,0,10,56,0,66,0,0,29,0,29,0,10,85,0,95,66,0,66,161
12/07/2015,FTY,GA,ASO,ES,Federal Contract Tower,0,8,30,2,40,0,0,34,0,34,0,8,64,2,74,124,0,124,198
12/08/2015,FTY,GA,ASO,ES,Federal Contract Tower,0,5,78,0,83,0,0,31,0,31,0,5,109,0,114,114,0,114,228
12/09/2015,FTY,GA,ASO,ES,Federal Contract Tower,0,8,64,0,72,0,0,44,0,44,0,8,108,0,116,140,0,140,256
12/10/2015,FTY,GA,ASO,ES,Federal Contract Tower,0,2,86,0,88,0,0,35,0,35,0,2,121,0,123,104,0,104,227
12/11/2015,FTY,GA,ASO,ES,Federal Contract Tower,0,11,60,0,71,0,0,13,0,13,0,11,73,0,84,0,0,0,84
12/12/2015,FTY,GA,ASO,ES,Federal Contract Tower,0,1,24,0,25,0,0,39,0,39,0,1,63,0,64,60,0,60,124
12/13/2015,FTY,GA,ASO,ES,Federal Contract Tower,0,12,24,0,36,0,0,31,0,31,0,12,55,0,67,62,0,62,129
12/14/2015,FTY,GA,ASO,ES,Federal Contract Tower,0,11,44,0,55,0,0,15,0,15,0,11,59,0,70,36,0,36,106
12/15/2015,FTY,GA,ASO,ES,Federal Contract Tower,0,5,70,1,76,0,53,0,0,53,0,58,70,1,129,236,0,236,365
12/16/2015,FTY,GA,ASO,ES,Federal Contract Tower,0,11,74,0,85,0,0,27,0,27,0,11,101,0,112,126,0,126,238
12/17/2015,FTY,GA,ASO,ES,Federal Contract Tower,0,8,63,2,73,0,0,8,0,8,0,8,71,2,81,22,0,22,103
12/18/2015,FTY,GA,ASO,ES,Federal Contract Tower,0,7,64,0,71,0,0,32,0,32,0,7,96,0,103,114,0,114,217
12/19/2015,FTY,GA,ASO,ES,Federal Contract Tower,0,3,20,0,23,0,0,24,0,24,0,3,44,0,47,54,0,54,101
12/20/2015,FTY,GA,ASO,ES,Federal Contract Tower,0,1,21,0,22,0,0,48,0,48,0,1,69,0,70,68,0,68,138
12/21/2015,FTY,GA,ASO,ES,Federal Contract Tower,0,7,34,0,41,0,0,18,0,18,0,7,52,0,59,16,0,16,75
12/22/2015,FTY,GA,ASO,ES,Federal Contract Tower,0,18,46,0,64,0,0,0,0,0,0,18,46,0,64,0,0,0,64
12/23/2015,FTY,GA,ASO,ES,Federal Contract Tower,0,10,30,0,40,0,0,2,0,2,0,10,32,0,42,12,0,12,54
12/24/2015,FTY,GA,ASO,ES,Federal Contract Tower,0,5,13,0,18,0,0,1,0,1,0,5,14,0,19,0,0,0,19
12/25/2015,FTY,GA,ASO,ES,Federal Contract Tower,0,7,3,0,10,0,0,0,0,0,0,7,3,0,10,0,0,0,10
12/26/2015,FTY,GA,ASO,ES,Federal Contract Tower,0,3,13,0,16,0,0,14,0,14,0,3,27,0,30,70,0,70,100
12/27/2015,FTY,GA,ASO,ES,Federal Contract Tower,0,5,27,0,32,0,0,0,0,0,0,5,27,0,32,0,0,0,32
12/28/2015,FTY,GA,ASO,ES,Federal Contract Tower,0,5,22,0,27,0,0,1,0,1,0,5,23,0,28,0,0,0,28
12/29/2015,FTY,GA,ASO,ES,Federal Contract Tower,0,7,35,0,42,0,0,31,0,31,0,7,66,0,73,96,0,96,169
12/30/2015,FTY,GA,ASO,ES,Federal Contract Tower,0,6,36,0,42,0,0,0,0,0,0,6,36,0,42,0,0,0,42
12/31/2015,FTY,GA,ASO,ES,Federal Contract Tower,0,12,30,0,42,0,0,17,0,17,0,12,47,0,59,40,0,40,99
01/01/2016,FTY,GA,ASO,ES,Federal Contract Tower,0,4,16,0,20,0,0,13,0,13,0,4,29,0,33,112,0,112,145
01/02/2016,FTY,GA,ASO,ES,Federal Contract Tower,0,11,27,0,38,0,0,36,0,36,0,11,63,0,74,168,0,168,242
01/03/2016,FTY,GA,ASO,ES,Federal Contract Tower,0,3,41,0,44,0,0,18,0,18,0,3,59,0,62,6,0,6,68
01/04/2016,FTY,GA,ASO,ES,Federal Contract Tower,0,0,31,0,31,0,0,26,0,26,0,0,57,0,57,22,0,22,79
01/05/2016,FTY,GA,ASO,ES,Federal Contract Tower,0,0,42,0,42,0,0,57,0,57,0,0,99,0,99,144,0,144,243
01/06/2016,FTY,GA,ASO,ES,Federal Contract Tower,0,3,46,0,49,0,0,55,0,55,0,3,101,0,104,156,0,156,260
01/07/2016,FTY,GA,ASO,ES,Federal Contract Tower,0,7,45,0,52,0,0,34,0,34,0,7,79,0,86,132,0,132,218
01/08/2016,FTY,GA,ASO,ES,Federal Contract Tower,0,6,49,0,55,0,0,2,0,2,0,6,51,0,57,0,0,0,57
01/09/2016,FTY,GA,ASO,ES,Federal Contract Tower,0,3,22,0,25,0,0,0,0,0,0,3,22,0,25,0,0,0,25
01/10/2016,FTY,GA,ASO,ES,Federal Contract Tower,0,2,22,0,24,0,0,8,0,8,0,2,30,0,32,6,0,6,38
01/11/2016,FTY,GA,ASO,ES,Federal Contract Tower,0,3,45,0,48,0,0,20,0,20,0,3,65,0,68,142,0,142,210
01/12/2016,FTY,GA,ASO,ES,Federal Contract Tower,0,3,50,0,53,0,0,28,0,28,0,3,78,0,81,134,0,134,215
01/13/2016,FTY,GA,ASO,ES,Federal Contract Tower,0,5,47,0,52,0,0,35,2,37,0,5,82,2,89,60,0,60,149
01/14/2016,FTY,GA,ASO,ES,Federal Contract Tower,0,6,57,0,63,0,0,37,0,37,0,6,94,0,100,92,0,92,192
01/15/2016,FTY,GA,ASO,ES,Federal Contract Tower,0,9,67,0,76,0,0,0,0,0,0,9,67,0,76,0,0,0,76
01/16/2016,FTY,GA,ASO,ES,Federal Contract Tower,0,0,19,0,19,0,0,43,0,43,0,0,62,0,62,124,0,124,186
01/17/2016,FTY,GA,ASO,ES,Federal Contract Tower,0,3,27,0,30,0,0,42,0,42,0,3,69,0,72,182,0,182,254
01/18/2016,FTY,GA,ASO,ES,Federal Contract Tower,0,5,37,0,42,0,0,32,0,32,0,5,69,0,74,142,0,142,216
01/19/2016,FTY,GA,ASO,ES,Federal Contract Tower,0,3,63,0,66,0,0,45,0,45,0,3,108,0,111,156,0,156,267
01/20/2016,FTY,GA,ASO,ES,Federal Contract Tower,0,10,41,0,51,0,0,11,0,11,0,10,52,0,62,72,0,72,134
01/21/2016,FTY,GA,ASO,ES,Federal Contract Tower,0,11,73,0,84,0,0,3,0,3,0,11,76,0,87,20,0,20,107
01/22/2016,FTY,GA,ASO,ES,Federal Contract Tower,0,10,39,0,49,0,0,0,0,0,0,10,39,0,49,0,0,0,49
01/23/2016,FTY,GA,ASO,ES,Federal Contract Tower,0,0,4,0,4,0,0,5,0,5,0,0,9,0,9,2,0,2,11
01/24/2016,FTY,GA,ASO,ES,Federal Contract Tower,0,6,36,0,42,0,0,51,0,51,0,6,87,0,93,210,0,210,303
01/25/2016,FTY,GA,ASO,ES,Federal Contract Tower,0,7,66,0,73,0,0,27,0,27,0,7,93,0,100,130,0,130,230
01/26/2016,FTY,GA,ASO,ES,Federal Contract Tower,0,11,101,0,112,0,0,25,0,25,0,11,126,0,137,50,0,50,187
01/27/2016,FTY,GA,ASO,ES,Federal Contract Tower,0,5,98,0,103,0,0,15,0,15,0,5,113,0,118,128,0,128,246
01/28/2016,FTY,GA,ASO,ES,Federal Contract Tower,0,15,115,0,130,0,0,36,0,36,0,15,151,0,166,246,0,246,412
01/29/2016,FTY,GA,ASO,ES,Federal Contract Tower,0,7,63,0,70,0,0,43,0,43,0,7,106,0,113,176,0,176,289
01/30/2016,FTY,GA,ASO,ES,Federal Contract Tower,0,1,30,0,31,0,0,65,0,65,0,1,95,0,96,86,0,86,182
01/31/2016,FTY,GA,ASO,ES,Federal Contract Tower,0,8,29,0,37,0,0,16,0,16,0,8,45,0,53,44,0,44,97
02/01/2016,FTY,GA,ASO,ES,Federal Contract Tower,0,10,44,0,54,0,0,5,0,5,0,10,49,0,59,16,0,16,75
02/02/2016,FTY,GA,ASO,ES,Federal Contract Tower,0,16,65,0,81,0,0,9,0,9,0,16,74,0,90,0,0,0,90
02/03/2016,FTY,GA,ASO,ES,Federal Contract Tower,0,12,47,0,59,0,0,7,0,7,0,12,54,0,66,6,0,6,72
02/04/2016,FTY,GA,ASO,ES,Federal Contract Tower,0,8,63,0,71,0,0,48,0,48,0,8,111,0,119,130,0,130,249
02/05/2016,FTY,GA,ASO,ES,Federal Contract Tower,0,10,53,0,63,0,0,31,0,31,0,10,84,0,94,146,0,146,240
02/06/2016,FTY,GA,ASO,ES,Federal Contract Tower,0,3,16,0,19,0,0,55,0,55,0,3,71,0,74,104,0,104,178
02/07/2016,FTY,GA,ASO,ES,Federal Contract Tower,0,2,15,0,17,0,0,29,0,29,0,2,44,0,46,72,0,72,118
02/08/2016,FTY,GA,ASO,ES,Federal Contract Tower,0,3,55,0,58,0,0,16,0,16,0,3,71,0,74,80,0,80,154
02/09/2016,FTY,GA,ASO,ES,Federal Contract Tower,0,9,54,0,63,0,0,15,0,15,0,9,69,0,78,80,0,80,158
02/10/2016,FTY,GA,ASO,ES,Federal Contract Tower,0,13,64,0,77,0,0,30,0,30,0,13,94,0,107,108,0,108,215
02/11/2016,FTY,GA,ASO,ES,Federal Contract Tower,0,8,66,0,74,0,0,51,0,51,0,8,117,0,125,104,0,104,229
02/12/2016,FTY,GA,ASO,ES,Federal Contract Tower,0,4,50,0,54,0,0,31,0,31,0,4,81,0,85,28,0,28,113
02/13/2016,FTY,GA,ASO,ES,Federal Contract Tower,0,3,27,0,30,0,0,19,0,19,0,3,46,0,49,12,0,12,61
02/14/2016,FTY,GA,ASO,ES,Federal Contract Tower,0,0,0,0,0,0,0,21,0,21,0,0,21,0,21,70,0,70,91
02/15/2016,FTY,GA,ASO,ES,Federal Contract Tower,0,4,39,0,43,0,0,3,0,3,0,4,42,0,46,30,0,30,76
02/16/2016,FTY,GA,ASO,ES,Federal Contract Tower,0,6,61,0,67,0,0,17,0,17,0,6,78,0,84,60,0,60,144
02/17/2016,FTY,GA,ASO,ES,Federal Contract Tower,0,10,64,1,75,0,0,9,0,9,0,10,73,1,84,30,0,30,114
02/18/2016,FTY,GA,ASO,ES,Federal Contract Tower,0,7,62,0,69,0,0,22,0,22,0,7,84,0,91,64,0,64,155
02/19/2016,FTY,GA,ASO,ES,Federal Contract Tower,0,7,60,0,67,0,0,61,0,61,0,7,121,0,128,110,0,110,238
02/20/2016,FTY,GA,ASO,ES,Federal Contract Tower,0,5,22,0,27,0,0,38,0,38,0,5,60,0,65,52,0,52,117
02/21/2016,FTY,GA,ASO,ES,Federal Contract Tower,0,9,46,0,55,0,0,15,0,15,0,9,61,0,70,20,0,20,90
02/22/2016,FTY,GA,ASO,ES,Federal Contract Tower,0,5,31,0,36,0,0,5,0,5,0,5,36,0,41,4,0,4,45
02/23/2016,FTY,GA,ASO,ES,Federal Contract Tower,0,11,71,0,82,0,0,0,0,0,0,11,71,0,82,0,0,0,82
02/24/2016,FTY,GA,ASO,ES,Federal Contract Tower,0,12,59,0,71,0,0,8,0,8,0,12,67,0,79,6,0,6,85
02/25/2016,FTY,GA,ASO,ES,Federal Contract Tower,0,7,61,0,68,0,0,14,0,14,0,7,75,0,82,48,0,48,130
02/26/2016,FTY,GA,ASO,ES,Federal Contract Tower,0,3,55,0,58,0,0,37,0,37,0,3,92,0,95,156,0,156,251
02/27/2016,FTY,GA,ASO,ES,Federal Contract Tower,0,3,24,0,27,0,0,61,0,61,0,3,85,0,88,164,0,164,252
02/28/2016,FTY,GA,ASO,ES,Federal Contract Tower,0,10,28,0,38,0,0,37,0,37,0,10,65,0,75,94,0,94,169
02/29/2016,FTY,GA,ASO,ES,Federal Contract Tower,0,4,45,0,49,0,0,35,0,35,0,4,80,0,84,114,0,114,198
03/01/2016,FTY,GA,ASO,ES,Federal Contract Tower,0,6,40,6,52,0,0,19,0,19,0,6,59,6,71,30,2,32,103
03/02/2016,FTY,GA,ASO,ES,Federal Contract Tower,0,3,42,2,47,0,0,24,0,24,0,3,66,2,71,70,0,70,141
03/03/2016,FTY,GA,ASO,ES,Federal Contract Tower,0,6,55,0,61,0,0,14,0,14,0,6,69,0,75,14,0,14,89
03/04/2016,FTY,GA,ASO,ES,Federal Contract Tower,0,17,61,1,79,0,0,32,0,32,0,17,93,1,111,72,0,72,183
03/05/2016,FTY,GA,ASO,ES,Federal Contract Tower,0,2,24,0,26,0,0,43,0,43,0,2,67,0,69,114,0,114,183
03/06/2016,FTY,GA,ASO,ES,Federal Contract Tower,0,14,34,0,48,0,0,30,0,30,0,14,64,0,78,72,0,72,150
03/07/2016,FTY,GA,ASO,ES,Federal Contract Tower,0,9,35,0,44,0,0,38,0,38,0,9,73,0,82,88,0,88,170
03/08/2016,FTY,GA,ASO,ES,Federal Contract Tower,0,11,42,0,53,0,0,45,0,45,0,11,87,0,98,150,0,150,248
03/09/2016,FTY,GA,ASO,ES,Federal Contract Tower,0,15,52,0,67,0,0,16,0,16,0,15,68,0,83,94,0,94,177
03/10/2016,FTY,GA,ASO,ES,Federal Contract Tower,0,5,54,0,59,0,0,29,0,29,0,5,83,0,88,42,0,42,130
03/11/2016,FTY,GA,ASO,ES,Federal Contract Tower,0,3,43,0,46,0,2,38,0,40,0,5,81,0,86,70,0,70,156
03/12/2016,FTY,GA,ASO,ES,Federal Contract Tower,0,6,19,0,25,0,0,13,0,13,0,6,32,0,38,2,0,2,40
03/13/2016,FTY,GA,ASO,ES,Federal Contract Tower,0,6,34,0,40,0,0,10,0,10,0,6,44,0,50,10,0,10,60
03/14/2016,FTY,GA,ASO,ES,Federal Contract Tower,0,6,49,0,55,0,0,23,0,23,0,6,72,0,78,28,0,28,106
03/15/2016,FTY,GA,ASO,ES,Federal Contract Tower,0,3,52,0,55,0,0,40,0,40,0,3,92,0,95,114,0,114,209
03/16/2016,FTY,GA,ASO,ES,Federal Contract Tower,0,12,51,0,63,0,0,35,0,35,0,12,86,0,98,120,0,120,218
03/17/2016,FTY,GA,ASO,ES,Federal Contract Tower,0,10,61,0,71,0,0,40,0,40,0,10,101,0,111,140,0,140,251
03/18/2016,FTY,GA,ASO,ES,Federal Contract Tower,0,5,49,0,54,0,0,51,0,51,0,5,100,0,105,212,0,212,317
03/19/2016,FTY,GA,ASO,ES,Federal Contract Tower,0,2,32,0,34,0,0,19,0,19,0,2,51,0,53,86,0,86,139
03/20/2016,FTY,GA,ASO,ES,Federal Contract Tower,0,8,37,0,45,0,0,12,0,12,0,8,49,0,57,4,0,4,61
03/21/2016,FTY,GA,ASO,ES,Federal Contract Tower,0,7,47,0,54,0,0,35,0,35,0,7,82,0,89,82,0,82,171
03/22/2016,FTY,GA,ASO,ES,Federal Contract Tower,0,10,46,0,56,0,0,39,0,39,0,10,85,0,95,164,0,164,259
03/23/2016,FTY,GA,ASO,ES,Federal Contract Tower,0,7,56,0,63,0,2,35,0,37,0,9,91,0,100,80,0,80,180
03/24/2016,FTY,GA,ASO,ES,Federal Contract Tower,0,5,43,0,48,0,0,24,0,24,0,5,67,0,72,69,0,69,141
03/25/2016,FTY,GA,ASO,ES,Federal Contract Tower,0,0,39,0,39,0,0,35,0,35,0,0,74,0,74,84,0,84,158
03/26/2016,FTY,GA,ASO,ES,Federal Contract Tower,0,2,20,0,22,0,0,4,0,4,0,2,24,0,26,14,0,14,40
03/27/2016,FTY,GA,ASO,ES,Federal Contract Tower,0,10,29,0,39,0,0,0,0,0,0,10,29,0,39,0,0,0,39
03/28/2016,FTY,GA,ASO,ES,Federal Contract Tower,0,8,39,0,47,0,1,36,0,37,0,9,75,0,84,66,0,66,150
03/29/2016,FTY,GA,ASO,ES,Federal Contract Tower,0,7,49,0,56,0,0,56,0,56,0,7,105,0,112,70,0,70,182
03/30/2016,FTY,GA,ASO,ES,Federal Contract Tower,0,5,74,0,79,0,0,39,0,39,0,5,113,0,118,80,0,80,198
03/31/2016,FTY,GA,ASO,ES,Federal Contract Tower,0,6,53,0,59,0,0,0,0,0,0,6,53,0,59,0,0,0,59
04/01/2016,FTY,GA,ASO,ES,Federal Contract Tower,0,3,54,0,57,0,0,3,0,3,0,3,57,0,60,0,0,0,60
04/02/2016,FTY,GA,ASO,ES,Federal Contract Tower,0,6,23,0,29,0,0,18,0,18,0,6,41,0,47,36,0,36,83
04/03/2016,FTY,GA,ASO,ES,Federal Contract Tower,0,9,50,0,59,0,0,19,0,19,0,9,69,0,78,20,0,20,98
04/04/2016,FTY,GA,ASO,ES,Federal Contract Tower,0,17,59,0,76,0,0,34,0,34,0,17,93,0,110,36,0,36,146
04/05/2016,FTY,GA,ASO,ES,Federal Contract Tower,0,6,48,0,54,0,0,61,0,61,0,6,109,0,115,154,0,154,269
04/06/2016,FTY,GA,ASO,ES,Federal Contract Tower,0,8,73,0,81,0,0,40,1,41,0,8,113,1,122,126,0,126,248
04/07/2016,FTY,GA,ASO,ES,Federal Contract Tower,0,9,57,0,66,0,0,28,1,29,0,9,85,1,95,68,0,68,163
04/08/2016,FTY,GA,ASO,ES,Federal Contract Tower,0,10,48,0,58,0,0,39,0,39,0,10,87,0,97,122,0,122,219
04/09/2016,FTY,GA,ASO,ES,Federal Contract Tower,0,2,32,0,34,0,0,34,0,34,0,2,66,0,68,10,0,10,78
04/10/2016,FTY,GA,ASO,ES,Federal Contract Tower,0,6,42,0,48,0,0,39,0,39,0,6,81,0,87,162,0,162,249
04/11/2016,FTY,GA,ASO,ES,Federal Contract Tower,0,4,66,0,70,0,0,18,0,18,0,4,84,0,88,96,0,96,184
04/12/2016,FTY,GA,ASO,ES,Federal Contract Tower,0,12,77,0,89,0,0,21,0,21,0,12,98,0,110,78,0,78,188
04/13/2016,FTY,GA,ASO,ES,Federal Contract Tower,0,9,64,0,73,0,0,28,0,28,0,9,92,0,101,100,0,100,201
04/14/2016,FTY,GA,ASO,ES,Federal Contract Tower,0,13,80,0,93,0,0,14,0,14,0,13,94,0,107,106,0,106,213
04/15/2016,FTY,GA,ASO,ES,Federal Contract Tower,0,8,60,0,68,0,0,34,0,34,0,8,94,0,102,74,0,74,176
04/16/2016,FTY,GA,ASO,ES,Federal Contract Tower,0,4,27,0,31,0,0,46,0,46,0,4,73,0,77,100,0,100,177
04/17/2016,FTY,GA,ASO,ES,Federal Contract Tower,0,8,40,0,48,0,0,53,0,53,0,8,93,0,101,154,0,154,255
04/18/2016,FTY,GA,ASO,ES,Federal Contract Tower,0,7,56,0,63,0,0,64,0,64,0,7,120,0,127,120,0,120,247
04/19/2016,FTY,GA,ASO,ES,Federal Contract Tower,0,7,49,0,56,0,0,39,0,39,0,7,88,0,95,122,0,122,217
04/20/2016,FTY,GA,ASO,ES,Federal Contract Tower,0,14,67,0,81,0,0,48,0,48,0,14,115,0,129,178,0,178,307
04/21/2016,FTY,GA,ASO,ES,Federal Contract Tower,0,8,91,0,99,0,0,51,0,51,0,8,142,0,150,150,0,150,300
04/22/2016,FTY,GA,ASO,ES,Federal Contract Tower,0,0,50,0,50,0,0,8,0,8,0,0,58,0,58,28,0,28,86
04/23/2016,FTY,GA,ASO,ES,Federal Contract Tower,0,2,31,0,33,0,0,44,0,44,0,2,75,0,77,190,0,190,267
04/24/2016,FTY,GA,ASO,ES,Federal Contract Tower,0,6,43,0,49,0,0,38,0,38,0,6,81,0,87,116,0,116,203
04/25/2016,FTY,GA,ASO,ES,Federal Contract Tower,0,14,52,0,66,0,0,41,0,41,0,14,93,0,107,116,0,116,223
04/26/2016,FTY,GA,ASO,ES,Federal Contract Tower,0,8,70,0,78,0,0,44,0,44,0,8,114,0,122,118,0,118,240
04/27/2016,FTY,GA,ASO,ES,Federal Contract Tower,0,3,48,6,57,0,1,37,0,38,0,4,85,6,95,144,0,144,239
04/28/2016,FTY,GA,ASO,ES,Federal Contract Tower,0,9,88,5,102,0,0,31,0,31,0,9,119,5,133,160,0,160,293
04/29/2016,FTY,GA,ASO,ES,Federal Contract Tower,0,5,43,8,56,0,0,54,0,54,0,5,97,8,110,140,0,140,250
04/30/2016,FTY,GA,ASO,ES,Federal Contract Tower,0,7,19,2,28,0,0,23,0,23,0,7,42,2,51,52,0,52,103
05/01/2016,FTY,GA,ASO,ES,Federal Contract Tower,0,3,31,2,36,0,0,15,1,16,0,3,46,3,52,70,0,70,122
05/02/2016,FTY,GA,ASO,ES,Federal Contract Tower,0,7,35,0,42,0,1,19,0,20,0,8,54,0,62,122,0,122,184
05/03/2016,FTY,GA,ASO,ES,Federal Contract Tower,0,6,54,0,60,0,0,25,0,25,0,6,79,0,85,64,0,64,149
05/04/2016,FTY,GA,ASO,ES,Federal Contract Tower,0,10,61,0,71,0,1,39,0,40,0,11,100,0,111,216,0,216,327
05/05/2016,FTY,GA,ASO,ES,Federal Contract Tower,0,7,64,0,71,0,0,17,0,17,0,7,81,0,88,48,0,48,136
05/06/2016,FTY,GA,ASO,ES,Federal Contract Tower,0,1,53,0,54,0,0,25,0,25,0,1,78,0,79,20,0,20,99
05/07/2016,FTY,GA,ASO,ES,Federal Contract Tower,0,5,36,0,41,0,0,39,0,39,0,5,75,0,80,178,0,178,258
05/08/2016,FTY,GA,ASO,ES,Federal Contract Tower,0,12,27,0,39,0,0,29,0,29,0,12,56,0,68,139,0,139,207
05/09/2016,FTY,GA,ASO,ES,Federal Contract Tower,0,1,52,0,53,0,0,41,0,41,0,1,93,0,94,196,0,196,290
05/10/2016,FTY,GA,ASO,ES,Federal Contract Tower,0,7,61,0,68,0,0,35,0,35,0,7,96,0,103,106,0,106,209
05/11/2016,FTY,GA,ASO,ES,Federal Contract Tower,0,9,50,0,59,0,0,41,0,41,0,9,91,0,100,120,0,120,220
05/12/2016,FTY,GA,ASO,ES,Federal Contract Tower,0,6,71,0,77,0,0,24,0,24,0,6,95,0,101,66,0,66,167
05/13/2016,FTY,GA,ASO,ES,Federal Contract Tower,0,18,73,0,91,0,0,18,0,18,0,18,91,0,109,38,0,38,147
05/14/2016,FTY,GA,ASO,ES,Federal Contract Tower,0,19,46,1,66,0,0,73,0,73,0,19,119,1,139,10,0,10,149
05/15/2016,FTY,GA,ASO,ES,Federal Contract Tower,0,13,46,0,59,0,0,38,0,38,0,13,84,0,97,60,0,60,157
05/16/2016,FTY,GA,ASO,ES,Federal Contract Tower,0,6,58,0,64,0,0,43,0,43,0,6,101,0,107,112,0,112,219
05/17/2016,FTY,GA,ASO,ES,Federal Contract Tower,0,14,69,0,83,0,0,16,0,16,0,14,85,0,99,66,0,66,165
05/18/2016,FTY,GA,ASO,ES,Federal Contract Tower,0,11,56,0,67,0,0,21,0,21,0,11,77,0,88,46,0,46,134
05/19/2016,FTY,GA,ASO,ES,Federal Contract Tower,0,4,88,0,92,0,0,25,0,25,0,4,113,0,117,154,0,154,271
05/20/2016,FTY,GA,ASO,ES,Federal Contract Tower,0,6,60,0,66,0,0,1,0,1,0,6,61,0,67,0,0,0,67
05/21/2016,FTY,GA,ASO,ES,Federal Contract Tower,0,5,30,0,35,0,0,11,0,11,0,5,41,0,46,10,0,10,56
05/22/2016,FTY,GA,ASO,ES,Federal Contract Tower,0,5,25,0,30,0,0,21,0,21,0,5,46,0,51,12,0,12,63
05/23/2016,FTY,GA,ASO,ES,Federal Contract Tower,0,9,40,0,49,0,0,60,0,60,0,9,100,0,109,156,0,156,265
05/24/2016,FTY,GA,ASO,ES,Federal Contract Tower,0,8,74,0,82,0,0,73,0,73,0,8,147,0,155,170,0,170,325
05/25/2016,FTY,GA,ASO,ES,Federal Contract Tower,0,9,57,0,66,0,0,41,0,41,0,9,98,0,107,132,0,132,239
05/26/2016,FTY,GA,ASO,ES,Federal Contract Tower,0,7,63,0,70,0,0,52,0,52,0,7,115,0,122,146,0,146,268
05/27/2016,FTY,GA,ASO,ES,Federal Contract Tower,0,1,57,0,58,0,0,53,0,53,0,1,110,0,111,114,0,114,225
05/28/2016,FTY,GA,ASO,ES,Federal Contract Tower,0,4,17,0,21,0,0,16,0,16,0,4,33,0,37,30,0,30,67
05/29/2016,FTY,GA,ASO,ES,Federal Contract Tower,0,1,19,0,20,0,0,29,0,29,0,1,48,0,49,34,0,34,83
05/30/2016,FTY,GA,ASO,ES,Federal Contract Tower,0,1,31,0,32,0,0,26,0,26,0,1,57,0,58,66,0,66,124
05/31/2016,FTY,GA,ASO,ES,Federal Contract Tower,0,10,35,0,45,0,0,37,0,37,0,10,72,0,82,68,0,68,150
06/01/2016,FTY,GA,ASO,ES,Federal Contract Tower,0,4,48,0,52,0,0,42,0,42,0,4,90,0,94,74,0,74,168
06/02/2016,FTY,GA,ASO,ES,Federal Contract Tower,0,6,45,0,51,0,0,21,0,21,0,6,66,0,72,28,0,28,100
06/03/2016,FTY,GA,ASO,ES,Federal Contract Tower,0,10,38,4,52,0,0,39,0,39,0,10,77,4,91,92,0,92,183
06/04/2016,FTY,GA,ASO,ES,Federal Contract Tower,0,7,19,0,26,0,0,24,0,24,0,7,43,0,50,130,0,130,180
06/05/2016,FTY,GA,ASO,ES,Federal Contract Tower,0,6,28,0,34,0,0,6,0,6,0,6,34,0,40,0,0,0,40
06/06/2016,FTY,GA,ASO,ES,Federal Contract Tower,0,8,30,0,38,0,0,11,0,11,0,8,41,0,49,14,0,14,63
06/07/2016,FTY,GA,ASO,ES,Federal Contract Tower,0,5,49,0,54,0,0,45,0,45,0,5,94,0,99,112,0,112,211
06/08/2016,FTY,GA,ASO,ES,Federal Contract Tower,0,8,66,0,74,0,0,35,0,35,0,8,101,0,109,108,0,108,217
06/09/2016,FTY,GA,ASO,ES,Federal Contract Tower,0,7,64,0,71,0,0,29,0,29,0,7,93,0,100,116,0,116,216
06/10/2016,FTY,GA,ASO,ES,Federal Contract Tower,0,7,60,8,75,0,0,38,2,40,0,7,98,10,115,44,4,48,163
06/11/2016,FTY,GA,ASO,ES,Federal Contract Tower,0,5,21,2,28,0,0,32,0,32,0,5,53,2,60,56,0,56,116
06/12/2016,FTY,GA,ASO,ES,Federal Contract Tower,0,14,31,0,45,0,0,26,2,28,0,14,57,2,73,84,0,84,157
06/13/2016,FTY,GA,ASO,ES,Federal Contract Tower,0,2,52,0,54,0,0,22,0,22,0,2,74,0,76,90,0,90,166
06/14/2016,FTY,GA,ASO,ES,Federal Contract Tower,0,10,48,0,58,0,0,9,0,9,0,10,57,0,67,20,0,20,87
06/15/2016,FTY,GA,ASO,ES,Federal Contract Tower,0,11,83,0,94,0,0,21,0,21,0,11,104,0,115,8,0,8,123
06/16/2016,FTY,GA,ASO,ES,Federal Contract Tower,0,4,80,0,84,0,0,66,0,66,0,4,146,0,150,128,0,128,278
06/17/2016,FTY,GA,ASO,ES,Federal Contract Tower,0,14,71,0,85,0,0,55,0,55,0,14,126,0,140,74,0,74,214
06/18/2016,FTY,GA,ASO,ES,Federal Contract Tower,0,5,28,0,33,0,0,25,0,25,0,5,53,0,58,144,0,144,202
06/19/2016,FTY,GA,ASO,ES,Federal Contract Tower,0,3,40,0,43,0,0,0,0,0,0,3,40,0,43,0,0,0,43
06/20/2016,FTY,GA,ASO,ES,Federal Contract Tower,0,9,37,0,46,0,0,28,0,28,0,9,65,0,74,106,0,106,180
06/21/2016,FTY,GA,ASO,ES,Federal Contract Tower,0,2,51,0,53,0,0,41,0,41,0,2,92,0,94,74,0,74,168
06/22/2016,FTY,GA,ASO,ES,Federal Contract Tower,0,4,52,0,56,0,0,24,0,24,0,4,76,0,80,10,0,10,90
06/23/2016,FTY,GA,ASO,ES,Federal Contract Tower,0,8,59,0,67,0,0,44,0,44,0,8,103,0,111,92,0,92,203
06/24/2016,FTY,GA,ASO,ES,Federal Contract Tower,0,8,54,0,62,0,0,60,0,60,0,8,114,0,122,164,0,164,286
06/25/2016,FTY,GA,ASO,ES,Federal Contract Tower,0,2,28,0,30,0,0,27,0,27,0,2,55,0,57,40,0,40,97
06/26/2016,FTY,GA,ASO,ES,Federal Contract Tower,0,7,20,0,27,0,0,0,0,0,0,7,20,0,27,68,0,68,95
06/27/2016,FTY,GA,ASO,ES,Federal Contract Tower,0,1,55,0,56,0,0,39,0,39,0,1,94,0,95,128,0,128,223
06/28/2016,FTY,GA,ASO,ES,Federal Contract Tower,0,10,54,0,64,0,0,27,0,27,0,10,81,0,91,72,0,72,163
06/29/2016,FTY,GA,ASO,ES,Federal Contract Tower,0,12,47,0,59,0,0,42,0,42,0,12,89,0,101,268,0,268,369
06/30/2016,FTY,GA,ASO,ES,Federal Contract Tower,0,9,55,0,64,0,1,47,0,48,0,10,102,0,112,182,0,182,294
07/01/2016,FTY,GA,ASO,ES,Federal Contract Tower,0,10,48,0,58,0,0,51,0,51,0,10,99,0,109,130,0,130,239
07/02/2016,FTY,GA,ASO,ES,Federal Contract Tower,0,10,18,0,28,0,0,27,0,27,0,10,45,0,55,76,0,76,131
07/03/2016,FTY,GA,ASO,ES,Federal Contract Tower,0,2,10,0,12,0,0,25,0,25,0,2,35,0,37,52,0,52,89
07/04/2016,FTY,GA,ASO,ES,Federal Contract Tower,0,4,8,0,12,0,0,17,0,17,0,4,25,0,29,32,0,32,61
07/05/2016,FTY,GA,ASO,ES,Federal Contract Tower,0,4,28,0,32,0,0,16,0,16,0,4,44,0,48,40,0,40,88
07/06/2016,FTY,GA,ASO,ES,Federal Contract Tower,0,5,45,0,50,0,0,8,0,8,0,5,53,0,58,28,0,28,86
07/07/2016,FTY,GA,ASO,ES,Federal Contract Tower,0,6,66,0,72,0,0,14,0,14,0,6,80,0,86,28,0,28,114
07/08/2016,FTY,GA,ASO,ES,Federal Contract Tower,0,1,46,0,47,0,0,30,0,30,0,1,76,0,77,74,0,74,151
07/09/2016,FTY,GA,ASO,ES,Federal Contract Tower,0,11,19,4,34,0,0,20,0,20,0,11,39,4,54,50,0,50,104
07/10/2016,FTY,GA,ASO,ES,Federal Contract Tower,0,4,37,0,41,0,0,28,0,28,0,4,65,0,69,40,0,40,109
07/11/2016,FTY,GA,ASO,ES,Federal Contract Tower,0,1,50,0,51,0,0,49,0,49,0,1,99,0,100,108,0,108,208
07/12/2016,FTY,GA,ASO,ES,Federal Contract Tower,0,2,42,0,44,0,0,21,0,21,0,2,63,0,65,74,0,74,139
07/13/2016,FTY,GA,ASO,ES,Federal Contract Tower,0,3,63,0,66,0,0,49,0,49,0,3,112,0,115,126,0,126,241
07/14/2016,FTY,GA,ASO,ES,Federal Contract Tower,0,11,49,0,60,0,0,41,0,41,0,11,90,0,101,148,0,148,249
07/15/2016,FTY,GA,ASO,ES,Federal Contract Tower,0,5,44,0,49,0,0,36,0,36,0,5,80,0,85,126,0,126,211
07/16/2016,FTY,GA,ASO,ES,Federal Contract Tower,0,5,29,0,34,0,0,16,0,16,0,5,45,0,50,28,0,28,78
07/17/2016,FTY,GA,ASO,ES,Federal Contract Tower,0,7,38,0,45,0,0,0,0,0,0,7,38,0,45,88,0,88,133
07/18/2016,FTY,GA,ASO,ES,Federal Contract Tower,0,13,39,0,52,0,0,37,0,37,0,13,76,0,89,122,0,122,211
07/19/2016,FTY,GA,ASO,ES,Federal Contract Tower,0,7,55,0,62,0,0,16,0,16,0,7,71,0,78,42,0,42,120
07/20/2016,FTY,GA,ASO,ES,Federal Contract Tower,0,9,66,0,75,0,0,57,0,57,0,9,123,0,132,152,0,152,284
07/21/2016,FTY,GA,ASO,ES,Federal Contract Tower,0,12,64,0,76,0,0,40,0,40,0,12,104,0,116,88,0,88,204
07/22/2016,FTY,GA,ASO,ES,Federal Contract Tower,0,3,56,0,59,0,0,25,0,25,0,3,81,0,84,52,0,52,136
07/23/2016,FTY,GA,ASO,ES,Federal Contract Tower,0,2,29,4,35,0,0,36,0,36,0,2,65,4,71,28,0,28,99
07/24/2016,FTY,GA,ASO,ES,Federal Contract Tower,0,6,26,0,32,0,0,41,0,41,0,6,67,0,73,86,0,86,159
07/25/2016,FTY,GA,ASO,ES,Federal Contract Tower,0,7,49,0,56,0,0,30,0,30,0,7,79,0,86,104,0,104,190
07/26/2016,FTY,GA,ASO,ES,Federal Contract Tower,0,2,48,0,50,0,0,36,0,36,0,2,84,0,86,88,0,88,174
07/27/2016,FTY,GA,ASO,ES,Federal Contract Tower,0,9,41,0,50,0,0,50,0,50,0,9,91,0,100,122,0,122,222
07/28/2016,FTY,GA,ASO,ES,Federal Contract Tower,0,12,57,0,69,0,0,27,0,27,0,12,84,0,96,58,0,58,154
07/29/2016,FTY,GA,ASO,ES,Federal Contract Tower,0,6,46,3,55,0,0,41,1,42,0,6,87,4,97,112,0,112,209
07/30/2016,FTY,GA,ASO,ES,Federal Contract Tower,0,5,22,0,27,0,0,25,0,25,0,5,47,0,52,26,0,26,78
07/31/2016,FTY,GA,ASO,ES,Federal Contract Tower,0,5,42,2,49,0,0,21,0,21,0,5,63,2,70,86,0,86,156
08/01/2016,FTY,GA,ASO,ES,Federal Contract Tower,0,2,41,1,44,0,0,27,0,27,0,2,68,1,71,100,0,100,171
08/02/2016,FTY,GA,ASO,ES,Federal Contract Tower,0,7,54,4,65,0,0,25,0,25,0,7,79,4,90,66,0,66,156
08/03/2016,FTY,GA,ASO,ES,Federal Contract Tower,0,5,55,0,60,0,0,42,0,42,0,5,97,0,102,90,0,90,192
08/04/2016,FTY,GA,ASO,ES,Federal Contract Tower,0,5,65,0,70,0,0,26,0,26,0,5,91,0,96,34,0,34,130
08/05/2016,FTY,GA,ASO,ES,Federal Contract Tower,0,2,59,0,61,0,0,26,0,26,0,2,85,0,87,54,0,54,141
08/06/2016,FTY,GA,ASO,ES,Federal Contract Tower,0,2,16,0,18,0,0,29,0,29,0,2,45,0,47,80,0,80,127
08/07/2016,FTY,GA,ASO,ES,Federal Contract Tower,0,3,47,0,50,0,0,31,0,31,0,3,78,0,81,58,0,58,139
08/08/2016,FTY,GA,ASO,ES,Federal Contract Tower,0,3,41,0,44,0,0,18,0,18,0,3,59,0,62,42,0,42,104
08/09/2016,FTY,GA,ASO,ES,Federal Contract Tower,0,7,62,0,69,0,0,0,0,0,0,7,62,0,69,32,0,32,101
08/10/2016,FTY,GA,ASO,ES,Federal Contract Tower,0,9,48,0,57,0,0,24,0,24,0,9,72,0,81,34,0,34,115
08/11/2016,FTY,GA,ASO,ES,Federal Contract Tower,0,8,71,0,79,0,2,13,0,15,0,10,84,0,94,22,0,22,116
08/12/2016,FTY,GA,ASO,ES,Federal Contract Tower,0,1,50,0,51,0,0,18,0,18,0,1,68,0,69,44,0,44,113
08/13/2016,FTY,GA,ASO,ES,Federal Contract Tower,0,4,23,0,27,0,0,13,0,13,0,4,36,0,40,0,0,0,40
08/14/2016,FTY,GA,ASO,ES,Federal Contract Tower,0,0,12,0,12,0,0,28,0,28,0,0,40,0,40,98,0,98,138
08/15/2016,FTY,GA,ASO,ES,Federal Contract Tower,0,0,31,0,31,0,0,24,0,24,0,0,55,0,55,52,0,52,107
08/16/2016,FTY,GA,ASO,ES,Federal Contract Tower,0,6,49,0,55,0,0,19,0,19,0,6,68,0,74,8,0,8,82
08/17/2016,FTY,GA,ASO,ES,Federal Contract Tower,0,1,43,0,44,0,0,33,0,33,0,1,76,0,77,86,0,86,163
08/18/2016,FTY,GA,ASO,ES,Federal Contract Tower,0,11,46,0,57,0,0,36,0,36,0,11,82,0,93,76,0,76,169
08/19/2016,FTY,GA,ASO,ES,Federal Contract Tower,0,5,51,0,56,0,0,40,0,40,0,5,91,0,96,88,0,88,184
08/20/2016,FTY,GA,ASO,ES,Federal Contract Tower,0,0,22,0,22,0,0,28,0,28,0,0,50,0,50,68,0,68,118
08/21/2016,FTY,GA,ASO,ES,Federal Contract Tower,0,2,31,0,33,0,0,13,0,13,0,2,44,0,46,38,0,38,84
08/22/2016,FTY,GA,ASO,ES,Federal Contract Tower,0,3,36,0,39,0,0,41,0,41,0,3,77,0,80,76,0,76,156
08/23/2016,FTY,GA,ASO,ES,Federal Contract Tower,0,2,42,0,44,0,0,33,0,33,0,2,75,0,77,22,0,22,99
08/24/2016,FTY,GA,ASO,ES,Federal Contract Tower,0,10,80,0,90,0,0,21,0,21,0,10,101,0,111,42,0,42,153
08/25/2016,FTY,GA,ASO,ES,Federal Contract Tower,0,4,79,0,83,0,0,38,0,38,0,4,117,0,121,120,0,120,241
08/26/2016,FTY,GA,ASO,ES,Federal Contract Tower,0,5,45,0,50,0,0,51,0,51,0,5,96,0,101,70,0,70,171
08/27/2016,FTY,GA,ASO,ES,Federal Contract Tower,0,1,24,0,25,0,0,39,0,39,0,1,63,0,64,50,0,50,114
08/28/2016,FTY,GA,ASO,ES,Federal Contract Tower,0,7,23,0,30,0,0,22,0,22,0,7,45,0,52,42,0,42,94
08/29/2016,FTY,GA,ASO,ES,Federal Contract Tower,0,0,31,0,31,0,0,47,0,47,0,0,78,0,78,22,0,22,100
08/30/2016,FTY,GA,ASO,ES,Federal Contract Tower,0,1,43,0,44,0,0,39,0,39,0,1,82,0,83,134,0,134,217
08/31/2016,FTY,GA,ASO,ES,Federal Contract Tower,0,6,44,0,50,0,0,42,0,42,0,6,86,0,92,28,0,28,120
09/01/2016,FTY,GA,ASO,ES,Federal Contract Tower,0,12,77,0,89,0,0,22,0,22,0,12,99,0,111,86,0,86,197
09/02/2016,FTY,GA,ASO,ES,Federal Contract Tower,0,9,34,0,43,0,0,12,0,12,0,9,46,0,55,0,0,0,55
09/03/2016,FTY,GA,ASO,ES,Federal Contract Tower,0,6,33,0,39,0,0,34,0,34,0,6,67,0,73,64,0,64,137
09/04/2016,FTY,GA,ASO,ES,Federal Contract Tower,0,3,17,0,20,0,0,30,0,30,0,3,47,0,50,36,0,36,86
09/05/2016,FTY,GA,ASO,ES,Federal Contract Tower,0,11,26,0,37,0,0,25,0,25,0,11,51,0,62,90,0,90,152
09/06/2016,FTY,GA,ASO,ES,Federal Contract Tower,0,10,35,0,45,0,0,27,0,27,0,10,62,0,72,40,0,40,112
09/07/2016,FTY,GA,ASO,ES,Federal Contract Tower,0,6,43,0,49,0,0,30,0,30,0,6,73,0,79,28,0,28,107
09/08/2016,FTY,GA,ASO,ES,Federal Contract Tower,0,12,52,0,64,0,0,29,0,29,0,12,81,0,93,88,0,88,181
09/09/2016,FTY,GA,ASO,ES,Federal Contract Tower,0,13,68,2,83,0,1,54,0,55,0,14,122,2,138,188,0,188,326
09/10/2016,FTY,GA,ASO,ES,Federal Contract Tower,0,0,24,0,24,0,0,47,0,47,0,0,71,0,71,86,0,86,157
09/11/2016,FTY,GA,ASO,ES,Federal Contract Tower,0,8,24,0,32,0,0,31,0,31,0,8,55,0,63,30,0,30,93
09/12/2016,FTY,GA,ASO,ES,Federal Contract Tower,0,9,39,0,48,0,0,11,0,11,0,9,50,0,59,12,0,12,71
09/13/2016,FTY,GA,ASO,ES,Federal Contract Tower,0,15,67,0,82,0,0,25,0,25,0,15,92,0,107,28,0,28,135
09/14/2016,FTY,GA,ASO,ES,Federal Contract Tower,0,4,67,0,71,0,0,36,0,36,0,4,103,0,107,62,0,62,169
09/15/2016,FTY,GA,ASO,ES,Federal Contract Tower,0,4,63,0,67,0,0,32,0,32,0,4,95,0,99,26,0,26,125
09/16/2016,FTY,GA,ASO,ES,Federal Contract Tower,0,8,53,0,61,0,0,31,0,31,0,8,84,0,92,56,0,56,148
09/17/2016,FTY,GA,ASO,ES,Federal Contract Tower,0,2,18,0,20,0,0,30,0,30,0,2,48,0,50,38,0,38,88
09/18/2016,FTY,GA,ASO,ES,Federal Contract Tower,0,4,36,0,40,0,0,2,0,2,0,4,38,0,42,0,0,0,42
09/19/2016,FTY,GA,ASO,ES,Federal Contract Tower,0,7,50,0,57,0,0,24,0,24,0,7,74,0,81,36,0,36,117
09/20/2016,FTY,GA,ASO,ES,Federal Contract Tower,0,13,51,0,64,0,0,33,0,33,0,13,84,0,97,74,0,74,171
09/21/2016,FTY,GA,ASO,ES,Federal Contract Tower,0,7,50,0,57,0,0,24,0,24,0,7,74,0,81,36,0,36,117
09/22/2016,FTY,GA,ASO,ES,Federal Contract Tower,0,6,77,0,83,0,0,51,0,51,0,6,128,0,134,168,0,168,302
09/23/2016,FTY,GA,ASO,ES,Federal Contract Tower,0,7,54,0,61,0,0,52,4,56,0,7,106,4,117,114,0,114,231
09/24/2016,FTY,GA,ASO,ES,Federal Contract Tower,0,2,43,0,45,0,0,31,0,31,0,2,74,0,76,38,0,38,114
09/25/2016,FTY,GA,ASO,ES,Federal Contract Tower,0,13,35,0,48,0,4,39,0,43,0,17,74,0,91,54,0,54,145
09/26/2016,FTY,GA,ASO,ES,Federal Contract Tower,0,6,37,0,43,0,0,28,0,28,0,6,65,0,71,30,0,30,101
09/27/2016,FTY,GA,ASO,ES,Federal Contract Tower,0,4,61,0,65,0,0,35,0,35,0,4,96,0,100,104,0,104,204
09/28/2016,FTY,GA,ASO,ES,Federal Contract Tower,0,7,55,0,62,0,0,23,0,23,0,7,78,0,85,56,0,56,141
09/29/2016,FTY,GA,ASO,ES,Federal Contract Tower,0,4,38,0,42,0,0,30,0,30,0,4,68,0,72,96,0,96,168
09/30/2016,FTY,GA,ASO,ES,Federal Contract Tower,0,0,54,1,55,0,0,35,0,35,0,0,89,1,90,68,0,68,158
10/01/2016,FTY,GA,ASO,ES,Federal Contract Tower,0,11,24,1,36,0,0,48,0,48,0,11,72,1,84,178,0,178,262
10/02/2016,FTY,GA,ASO,ES,Federal Contract Tower,0,9,29,0,38,0,0,26,0,26,0,9,55,0,64,26,0,26,90
10/03/2016,FTY,GA,ASO,ES,Federal Contract Tower,0,3,38,0,41,0,0,34,0,34,0,3,72,0,75,60,0,60,135
10/04/2016,FTY,GA,ASO,ES,Federal Contract Tower,0,4,59,0,63,0,0,31,0,31,0,4,90,0,94,68,0,68,162
10/05/2016,FTY,GA,ASO,ES,Federal Contract Tower,0,4,67,0,71,0,0,24,0,24,0,4,91,0,95,32,0,32,127
10/06/2016,FTY,GA,ASO,ES,Federal Contract Tower,0,8,61,0,69,0,0,22,0,22,0,8,83,0,91,36,0,36,127
10/07/2016,FTY,GA,ASO,ES,Federal Contract Tower,0,6,49,0,55,0,0,12,0,12,0,6,61,0,67,8,0,8,75
10/08/2016,FTY,GA,ASO,ES,Federal Contract Tower,0,0,22,0,22,0,0,39,0,39,0,0,61,0,61,0,0,0,61
10/09/2016,FTY,GA,ASO,ES,Federal Contract Tower,0,8,36,0,44,0,0,39,0,39,0,8,75,0,83,56,0,56,139
10/10/2016,FTY,GA,ASO,ES,Federal Contract Tower,0,12,46,0,58,0,0,46,0,46,0,12,92,0,104,44,0,44,148
10/11/2016,FTY,GA,ASO,ES,Federal Contract Tower,0,21,42,0,63,0,0,41,0,41,0,21,83,0,104,78,0,78,182
10/12/2016,FTY,GA,ASO,ES,Federal Contract Tower,0,9,54,0,63,0,0,38,0,38,0,9,92,0,101,98,0,98,199
10/13/2016,FTY,GA,ASO,ES,Federal Contract Tower,0,7,68,0,75,0,0,30,0,30,0,7,98,0,105,64,0,64,169
10/14/2016,FTY,GA,ASO,ES,Federal Contract Tower,0,13,42,0,55,0,0,36,0,36,0,13,78,0,91,54,0,54,145
10/15/2016,FTY,GA,ASO,ES,Federal Contract Tower,0,2,37,0,39,0,0,24,0,24,0,2,61,0,63,6,0,6,69
10/16/2016,FTY,GA,ASO,ES,Federal Contract Tower,0,4,45,0,49,0,0,13,0,13,0,4,58,0,62,0,0,0,62
10/17/2016,FTY,GA,ASO,ES,Federal Contract Tower,0,5,56,0,61,0,0,30,0,30,0,5,86,0,91,16,0,16,107
10/18/2016,FTY,GA,ASO,ES,Federal Contract Tower,0,7,67,0,74,0,0,60,0,60,0,7,127,0,134,120,0,120,254
10/19/2016,FTY,GA,ASO,ES,Federal Contract Tower,0,13,99,0,112,0,1,51,0,52,0,14,150,0,164,64,0,64,228
10/20/2016,FTY,GA,ASO,ES,Federal Contract Tower,0,11,69,0,80,0,0,52,0,52,0,11,121,0,132,78,0,78,210
10/21/2016,FTY,GA,ASO,ES,Federal Contract Tower,0,6,54,0,60,0,0,12,0,12,0,6,66,0,72,4,0,4,76
10/22/2016,FTY,GA,ASO,ES,Federal Contract Tower,0,0,0,0,0,0,0,3,0,3,0,0,3,0,3,0,0,0,3
10/23/2016,FTY,GA,ASO,ES,Federal Contract Tower,0,0,0,0,0,0,0,2,0,2,0,0,2,0,2,20,0,20,22
10/24/2016,FTY,GA,ASO,ES,Federal Contract Tower,0,7,42,0,49,0,0,22,0,22,0,7,64,0,71,2,0,2,73
10/25/2016,FTY,GA,ASO,ES,Federal Contract Tower,0,13,83,2,98,0,0,28,0,28,0,13,111,2,126,44,0,44,170
10/26/2016,FTY,GA,ASO,ES,Federal Contract Tower,0,13,80,0,93,0,0,19,0,19,0,13,99,0,112,54,0,54,166
10/27/2016,FTY,GA,ASO,ES,Federal Contract Tower,0,14,73,0,87,0,0,24,0,24,0,14,97,0,111,36,0,36,147
10/28/2016,FTY,GA,ASO,ES,Federal Contract Tower,0,15,83,0,98,0,0,53,1,54,0,15,136,1,152,66,0,66,218
10/29/2016,FTY,GA,ASO,ES,Federal Contract Tower,0,12,25,0,37,0,0,54,0,54,0,12,79,0,91,64,0,64,155
10/30/2016,FTY,GA,ASO,ES,Federal Contract Tower,0,19,41,0,60,0,0,37,1,38,0,19,78,1,98,60,0,60,158
10/31/2016,FTY,GA,ASO,ES,Federal Contract Tower,0,8,43,0,51,0,0,37,0,37,0,8,80,0,88,46,0,46,134
11/01/2016,FTY,GA,ASO,ES,Federal Contract Tower,0,11,61,0,72,0,0,46,0,46,0,11,107,0,118,34,0,34,152
11/02/2016,FTY,GA,ASO,ES,Federal Contract Tower,0,16,67,0,83,0,0,29,0,29,0,16,96,0,112,56,0,56,168
11/03/2016,FTY,GA,ASO,ES,Federal Contract Tower,0,8,62,0,70,0,1,52,0,53,0,9,114,0,123,106,0,106,229
11/04/2016,FTY,GA,ASO,ES,Federal Contract Tower,0,4,67,0,71,0,0,34,0,34,0,4,101,0,105,32,0,32,137
11/05/2016,FTY,GA,ASO,ES,Federal Contract Tower,0,5,26,0,31,0,0,49,0,49,0,5,75,0,80,28,0,28,108
11/06/2016,FTY,GA,ASO,ES,Federal Contract Tower,0,5,41,0,46,0,0,30,0,30,0,5,71,0,76,22,0,22,98
11/07/2016,FTY,GA,ASO,ES,Federal Contract Tower,0,2,45,0,47,0,0,32,0,32,0,2,77,0,79,48,0,48,127
11/08/2016,FTY,GA,ASO,ES,Federal Contract Tower,0,4,53,0,57,0,0,29,0,29,0,4,82,0,86,42,0,42,128
11/09/2016,FTY,GA,ASO,ES,Federal Contract Tower,0,5,61,0,66,0,0,14,0,14,0,5,75,0,80,18,0,18,98
11/10/2016,FTY,GA,ASO,ES,Federal Contract Tower,0,15,72,0,87,0,0,35,0,35,0,15,107,0,122,60,0,60,182
11/11/2016,FTY,GA,ASO,ES,Federal Contract Tower,0,4,54,0,58,0,0,27,0,27,0,4,81,0,85,26,0,26,111
11/12/2016,FTY,GA,ASO,ES,Federal Contract Tower,0,4,31,0,35,0,0,32,0,32,0,4,63,0,67,52,0,52,119
11/13/2016,FTY,GA,ASO,ES,Federal Contract Tower,0,5,34,1,40,0,0,43,0,43,0,5,77,1,83,50,0,50,133
11/14/2016,FTY,GA,ASO,ES,Federal Contract Tower,0,15,52,0,67,0,0,28,3,31,0,15,80,3,98,34,0,34,132
11/15/2016,FTY,GA,ASO,ES,Federal Contract Tower,0,7,70,2,79,0,0,58,0,58,0,7,128,2,137,94,0,94,231
11/16/2016,FTY,GA,ASO,ES,Federal Contract Tower,0,9,64,1,74,0,0,36,2,38,0,9,100,3,112,116,0,116,228
11/17/2016,FTY,GA,ASO,ES,Federal Contract Tower,0,10,56,0,66,0,1,46,0,47,0,11,102,0,113,86,0,86,199
11/18/2016,FTY,GA,ASO,ES,Federal Contract Tower,0,8,54,2,64,0,0,21,0,21,0,8,75,2,85,38,0,38,123
11/19/2016,FTY,GA,ASO,ES,Federal Contract Tower,0,7,32,0,39,0,0,17,0,17,0,7,49,0,56,0,0,0,56
11/20/2016,FTY,GA,ASO,ES,Federal Contract Tower,0,6,34,0,40,0,1,24,0,25,0,7,58,0,65,34,0,34,99
11/21/2016,FTY,GA,ASO,ES,Federal Contract Tower,0,15,39,0,54,0,0,29,0,29,0,15,68,0,83,60,0,60,143
11/22/2016,FTY,GA,ASO,ES,Federal Contract Tower,0,5,65,0,70,0,0,52,0,52,0,5,117,0,122,86,0,86,208
11/23/2016,FTY,GA,ASO,ES,Federal Contract Tower,0,10,42,0,52,0,0,40,2,42,0,10,82,2,94,46,2,48,142
11/24/2016,FTY,GA,ASO,ES,Federal Contract Tower,0,2,10,0,12,0,0,15,0,15,0,2,25,0,27,10,0,10,37
11/25/2016,FTY,GA,ASO,ES,Federal Contract Tower,0,0,31,0,31,0,0,14,0,14,0,0,45,0,45,22,0,22,67
11/26/2016,FTY,GA,ASO,ES,Federal Contract Tower,0,7,30,0,37,0,0,26,0,26,0,7,56,0,63,12,0,12,75
11/27/2016,FTY,GA,ASO,ES,Federal Contract Tower,0,9,55,0,64,0,0,34,0,34,0,9,89,0,98,38,0,38,136
11/28/2016,FTY,GA,ASO,ES,Federal Contract Tower,0,6,43,0,49,0,0,20,0,20,0,6,63,0,69,76,0,76,145
11/29/2016,FTY,GA,ASO,ES,Federal Contract Tower,0,16,55,0,71,0,0,4,0,4,0,16,59,0,75,0,0,0,75
11/30/2016,FTY,GA,ASO,ES,Federal Contract Tower,0,10,52,0,62,0,0,6,0,6,0,10,58,0,68,16,0,16,84
12/01/2016,FTY,GA,ASO,ES,Federal Contract Tower,0,10,77,0,87,0,0,34,0,34,0,10,111,0,121,76,0,76,197
12/02/2016,FTY,GA,ASO,ES,Federal Contract Tower,0,11,79,0,90,0,0,35,0,35,0,11,114,0,125,26,0,26,151
12/03/2016,FTY,GA,ASO,ES,Federal Contract Tower,0,13,58,0,71,0,0,38,0,38,0,13,96,0,109,48,0,48,157
12/04/2016,FTY,GA,ASO,ES,Federal Contract Tower,0,15,52,0,67,0,0,0,0,0,0,15,52,0,67,0,0,0,67
12/05/2016,FTY,GA,ASO,ES,Federal Contract Tower,0,7,68,0,75,0,0,0,0,0,0,7,68,0,75,0,0,0,75
12/06/2016,FTY,GA,ASO,ES,Federal Contract Tower,0,12,64,0,76,0,0,0,0,0,0,12,64,0,76,0,0,0,76
12/07/2016,FTY,GA,ASO,ES,Federal Contract Tower,0,13,80,0,93,0,0,30,0,30,0,13,110,0,123,102,0,102,225
12/08/2016,FTY,GA,ASO,ES,Federal Contract Tower,0,18,73,0,91,0,0,23,0,23,0,18,96,0,114,26,0,26,140
12/09/2016,FTY,GA,ASO,ES,Federal Contract Tower,0,11,65,0,76,0,0,21,0,21,0,11,86,0,97,54,0,54,151
12/10/2016,FTY,GA,ASO,ES,Federal Contract Tower,0,4,22,0,26,0,0,34,0,34,0,4,56,0,60,32,0,32,92
12/11/2016,FTY,GA,ASO,ES,Federal Contract Tower,0,4,33,0,37,0,0,24,0,24,0,4,57,0,61,46,0,46,107
12/12/2016,FTY,GA,ASO,ES,Federal Contract Tower,0,6,54,0,60,0,0,5,0,5,0,6,59,0,65,0,0,0,65
12/13/2016,FTY,GA,ASO,ES,Federal Contract Tower,0,11,60,0,71,0,0,0,0,0,0,11,60,0,71,0,0,0,71
12/14/2016,FTY,GA,ASO,ES,Federal Contract Tower,0,23,97,0,120,0,0,40,0,40,0,23,137,0,160,144,0,144,304
12/15/2016,FTY,GA,ASO,ES,Federal Contract Tower,0,13,61,0,74,0,0,28,0,28,0,13,89,0,102,70,0,70,172
12/16/2016,FTY,GA,ASO,ES,Federal Contract Tower,0,5,65,0,70,0,0,31,0,31,0,5,96,0,101,76,0,76,177
12/17/2016,FTY,GA,ASO,ES,Federal Contract Tower,0,5,13,0,18,0,0,0,0,0,0,5,13,0,18,0,0,0,18
12/18/2016,FTY,GA,ASO,ES,Federal Contract Tower,0,4,21,0,25,0,0,2,0,2,0,4,23,0,27,0,0,0,27
12/19/2016,FTY,GA,ASO,ES,Federal Contract Tower,0,0,29,0,29,0,0,1,0,1,0,0,30,0,30,12,0,12,42
12/20/2016,FTY,GA,ASO,ES,Federal Contract Tower,0,4,49,0,53,0,0,19,0,19,0,4,68,0,72,54,0,54,126
12/21/2016,FTY,GA,ASO,ES,Federal Contract Tower,0,5,46,0,51,0,0,27,0,27,0,5,73,0,78,110,0,110,188
12/22/2016,FTY,GA,ASO,ES,Federal Contract Tower,0,6,41,0,47,0,0,35,0,35,0,6,76,0,82,98,0,98,180
12/23/2016,FTY,GA,ASO,ES,Federal Contract Tower,0,3,33,0,36,0,0,30,0,30,0,3,63,0,66,54,0,54,120
12/24/2016,FTY,GA,ASO,ES,Federal Contract Tower,0,8,11,0,19,0,0,19,0,19,0,8,30,0,38,28,0,28,66
12/25/2016,FTY,GA,ASO,ES,Federal Contract Tower,0,3,11,0,14,0,0,4,0,4,0,3,15,0,18,0,0,0,18
12/26/2016,FTY,GA,ASO,ES,Federal Contract Tower,0,18,41,0,59,0,0,1,0,1,0,18,42,0,60,0,0,0,60
12/27/2016,FTY,GA,ASO,ES,Federal Contract Tower,0,11,33,0,44,0,0,5,0,5,0,11,38,0,49,0,0,0,49
12/28/2016,FTY,GA,ASO,ES,Federal Contract Tower,0,6,34,1,41,0,0,31,0,31,0,6,65,1,72,30,0,30,102
12/29/2016,FTY,GA,ASO,ES,Federal Contract Tower,0,9,32,0,41,0,0,18,0,18,0,9,50,0,59,2,0,2,61
12/30/2016,FTY,GA,ASO,ES,Federal Contract Tower,0,10,38,0,48,0,0,14,0,14,0,10,52,0,62,34,0,34,96
12/31/2016,FTY,GA,ASO,ES,Federal Contract Tower,0,9,73,0,82,0,0,15,0,15,0,9,88,0,97,8,0,8,105
01/01/2017,FTY,GA,ASO,ES,Federal Contract Tower,0,19,39,0,58,0,0,0,0,0,0,19,39,0,58,0,0,0,58
01/02/2017,FTY,GA,ASO,ES,Federal Contract Tower,0,16,41,0,57,0,0,0,0,0,0,16,41,0,57,0,0,0,57
01/03/2017,FTY,GA,ASO,ES,Federal Contract Tower,0,5,56,0,61,0,0,7,0,7,0,5,63,0,68,12,0,12,80
01/04/2017,FTY,GA,ASO,ES,Federal Contract Tower,0,13,48,0,61,0,0,27,0,27,0,13,75,0,88,32,0,32,120
01/05/2017,FTY,GA,ASO,ES,Federal Contract Tower,0,1,47,0,48,0,0,50,0,50,0,1,97,0,98,70,0,70,168
01/06/2017,FTY,GA,ASO,ES,Federal Contract Tower,0,14,24,0,38,0,0,3,0,3,0,14,27,0,41,28,0,28,69
01/07/2017,FTY,GA,ASO,ES,Federal Contract Tower,0,4,8,0,12,0,0,0,0,0,0,4,8,0,12,0,0,0,12
01/08/2017,FTY,GA,ASO,ES,Federal Contract Tower,0,3,17,0,20,0,0,12,0,12,0,3,29,0,32,10,0,10,42
01/09/2017,FTY,GA,ASO,ES,Federal Contract Tower,0,1,41,0,42,0,0,23,0,23,0,1,64,0,65,88,0,88,153
01/10/2017,FTY,GA,ASO,ES,Federal Contract Tower,0,8,64,0,72,0,0,36,0,36,0,8,100,0,108,132,0,132,240
01/11/2017,FTY,GA,ASO,ES,Federal Contract Tower,0,10,45,0,55,0,0,17,0,17,0,10,62,0,72,36,0,36,108
01/12/2017,FTY,GA,ASO,ES,Federal Contract Tower,0,5,65,0,70,0,0,0,0,0,0,5,65,0,70,62,0,62,132
01/13/2017,FTY,GA,ASO,ES,Federal Contract Tower,0,9,62,0,71,0,0,45,0,45,0,9,107,0,116,112,0,112,228
01/14/2017,FTY,GA,ASO,ES,Federal Contract Tower,0,9,24,0,33,0,0,35,0,35,0,9,59,0,68,16,0,16,84
01/15/2017,FTY,GA,ASO,ES,Federal Contract Tower,0,7,40,0,47,0,0,35,0,35,0,7,75,0,82,46,0,46,128
01/16/2017,FTY,GA,ASO,ES,Federal Contract Tower,0,10,33,0,43,0,0,25,0,25,0,10,58,0,68,38,0,38,106
01/17/2017,FTY,GA,ASO,ES,Federal Contract Tower,0,7,37,0,44,0,0,25,0,25,0,7,62,0,69,70,0,70,139
01/18/2017,FTY,GA,ASO,ES,Federal Contract Tower,0,8,57,0,65,0,1,25,0,26,0,9,82,0,91,28,0,28,119
01/19/2017,FTY,GA,ASO,ES,Federal Contract Tower,0,10,64,0,74,0,0,27,0,27,0,10,91,0,101,104,0,104,205
01/20/2017,FTY,GA,ASO,ES,Federal Contract Tower,0,4,49,0,53,0,0,33,0,33,0,4,82,0,86,22,0,22,108
01/21/2017,FTY,GA,ASO,ES,Federal Contract Tower,0,6,18,0,24,0,0,1,0,1,0,6,19,0,25,0,0,0,25
01/22/2017,FTY,GA,ASO,ES,Federal Contract Tower,0,29,41,0,70,0,0,1,0,1,0,29,42,0,71,0,0,0,71
01/23/2017,FTY,GA,ASO,ES,Federal Contract Tower,0,9,59,0,68,0,0,3,0,3,0,9,62,0,71,0,0,0,71
01/24/2017,FTY,GA,ASO,ES,Federal Contract Tower,0,9,73,0,82,0,0,39,0,39,0,9,112,0,121,46,0,46,167
01/25/2017,FTY,GA,ASO,ES,Federal Contract Tower,0,9,50,0,59,0,0,60,0,60,0,9,110,0,119,102,0,102,221
01/26/2017,FTY,GA,ASO,ES,Federal Contract Tower,0,7,63,0,70,0,0,28,0,28,0,7,91,0,98,44,0,44,142
01/27/2017,FTY,GA,ASO,ES,Federal Contract Tower,0,7,57,2,66,0,0,31,0,31,0,7,88,2,97,22,0,22,119
01/28/2017,FTY,GA,ASO,ES,Federal Contract Tower,0,10,15,0,25,0,0,29,0,29,0,10,44,0,54,0,0,0,54
01/29/2017,FTY,GA,ASO,ES,Federal Contract Tower,0,4,32,0,36,0,0,30,0,30,0,4,62,0,66,52,0,52,118
01/30/2017,FTY,GA,ASO,ES,Federal Contract Tower,0,10,100,0,110,0,0,26,4,30,0,10,126,4,140,10,0,10,150
01/31/2017,FTY,GA,ASO,ES,Federal Contract Tower,0,11,81,1,93,0,0,43,0,43,0,11,124,1,136,70,0,70,206
02/01/2017,FTY,GA,ASO,ES,Federal Contract Tower,0,18,78,0,96,0,0,27,0,27,0,18,105,0,123,36,0,36,159
02/02/2017,FTY,GA,ASO,ES,Federal Contract Tower,0,7,114,0,121,0,0,26,0,26,0,7,140,0,147,66,0,66,213
02/03/2017,FTY,GA,ASO,ES,Federal Contract Tower,0,14,41,0,55,0,0,31,0,31,0,14,72,0,86,72,0,72,158
02/04/2017,FTY,GA,ASO,ES,Federal Contract Tower,0,3,25,0,28,0,0,44,0,44,0,3,69,0,72,38,0,38,110
02/05/2017,FTY,GA,ASO,ES,Federal Contract Tower,0,5,44,0,49,0,0,3,0,3,0,5,47,0,52,10,0,10,62
02/06/2017,FTY,GA,ASO,ES,Federal Contract Tower,0,2,78,0,80,0,0,12,0,12,0,2,90,0,92,46,0,46,138
02/07/2017,FTY,GA,ASO,ES,Federal Contract Tower,0,4,56,0,60,0,0,7,0,7,0,4,63,0,67,18,0,18,85
02/08/2017,FTY,GA,ASO,ES,Federal Contract Tower,0,9,68,0,77,0,0,1,0,1,0,9,69,0,78,0,0,0,78
02/09/2017,FTY,GA,ASO,ES,Federal Contract Tower,0,4,54,0,58,0,0,15,0,15,0,4,69,0,73,0,0,0,73
02/10/2017,FTY,GA,ASO,ES,Federal Contract Tower,0,4,62,0,66,0,0,40,0,40,0,4,102,0,106,128,0,128,234
02/11/2017,FTY,GA,ASO,ES,Federal Contract Tower,0,3,35,0,38,0,0,17,0,17,0,3,52,0,55,12,0,12,67
02/12/2017,FTY,GA,ASO,ES,Federal Contract Tower,0,1,40,0,41,0,0,13,2,15,0,1,53,2,56,14,8,22,78
02/13/2017,FTY,GA,ASO,ES,Federal Contract Tower,0,5,40,0,45,0,0,38,0,38,0,5,78,0,83,52,0,52,135
02/14/2017,FTY,GA,ASO,ES,Federal Contract Tower,0,3,55,0,58,0,0,38,0,38,0,3,93,0,96,26,0,26,122
02/15/2017,FTY,GA,ASO,ES,Federal Contract Tower,0,6,58,0,64,0,0,13,0,13,0,6,71,0,77,0,0,0,77
02/16/2017,FTY,GA,ASO,ES,Federal Contract Tower,0,5,68,0,73,0,0,35,0,35,0,5,103,0,108,24,0,24,132
02/17/2017,FTY,GA,ASO,ES,Federal Contract Tower,0,8,47,0,55,0,0,59,0,59,0,8,106,0,114,90,0,90,204
02/18/2017,FTY,GA,ASO,ES,Federal Contract Tower,0,7,22,0,29,0,0,9,0,9,0,7,31,0,38,24,0,24,62
02/19/2017,FTY,GA,ASO,ES,Federal Contract Tower,0,4,36,0,40,0,0,46,0,46,0,4,82,0,86,72,0,72,158
02/20/2017,FTY,GA,ASO,ES,Federal Contract Tower,0,7,49,0,56,0,0,41,0,41,0,7,90,0,97,86,0,86,183
02/21/2017,FTY,GA,ASO,ES,Federal Contract Tower,0,6,59,0,65,0,0,19,0,19,0,6,78,0,84,24,0,24,108
02/22/2017,FTY,GA,ASO,ES,Federal Contract Tower,0,9,58,0,67,0,0,4,0,4,0,9,62,0,71,10,0,10,81
02/23/2017,FTY,GA,ASO,ES,Federal Contract Tower,0,12,65,0,77,0,0,31,0,31,0,12,96,0,108,80,0,80,188
02/24/2017,FTY,GA,ASO,ES,Federal Contract Tower,0,13,50,0,63,0,0,33,0,33,0,13,83,0,96,48,0,48,144
02/25/2017,FTY,GA,ASO,ES,Federal Contract Tower,0,1,31,0,32,0,0,26,0,26,0,1,57,0,58,58,0,58,116
02/26/2017,FTY,GA,ASO,ES,Federal Contract Tower,0,7,43,0,50,0,0,37,0,37,0,7,80,0,87,26,0,26,113
02/27/2017,FTY,GA,ASO,ES,Federal Contract Tower,0,11,41,0,52,0,0,22,0,22,0,11,63,0,74,30,0,30,104
02/28/2017,FTY,GA,ASO,ES,Federal Contract Tower,0,3,55,0,58,0,0,24,0,24,0,3,79,0,82,86,0,86,168
03/01/2017,FTY,GA,ASO,ES,Federal Contract Tower,0,7,54,0,61,0,0,6,0,6,0,7,60,0,67,0,0,0,67
03/02/2017,FTY,GA,ASO,ES,Federal Contract Tower,0,14,60,0,74,0,1,27,0,28,0,15,87,0,102,80,0,80,182
03/03/2017,FTY,GA,ASO,ES,Federal Contract Tower,0,9,78,0,87,0,0,32,0,32,0,9,110,0,119,0,0,0,119
03/04/2017,FTY,GA,ASO,ES,Federal Contract Tower,0,0,26,0,26,0,0,51,0,51,0,0,77,0,77,106,0,106,183
03/05/2017,FTY,GA,ASO,ES,Federal Contract Tower,0,2,40,0,42,0,0,39,0,39,0,2,79,0,81,58,0,58,139
03/06/2017,FTY,GA,ASO,ES,Federal Contract Tower,0,7,43,2,52,0,0,28,0,28,0,7,71,2,80,50,0,50,130
03/07/2017,FTY,GA,ASO,ES,Federal Contract Tower,0,12,40,2,54,0,0,9,0,9,0,12,49,2,63,0,0,0,63
03/08/2017,FTY,GA,ASO,ES,Federal Contract Tower,0,7,70,0,77,0,0,17,0,17,0,7,87,0,94,22,0,22,116
03/09/2017,FTY,GA,ASO,ES,Federal Contract Tower,0,8,49,0,57,0,0,38,0,38,0,8,87,0,95,70,0,70,165
03/10/2017,FTY,GA,ASO,ES,Federal Contract Tower,0,6,55,0,61,0,0,26,0,26,0,6,81,0,87,8,0,8,95
03/11/2017,FTY,GA,ASO,ES,Federal Contract Tower,0,6,40,0,46,0,0,44,0,44,0,6,84,0,90,30,0,30,120
03/12/2017,FTY,GA,ASO,ES,Federal Contract Tower,0,5,41,0,46,0,0,13,0,13,0,5,54,0,59,0,0,0,59
03/13/2017,FTY,GA,ASO,ES,Federal Contract Tower,0,11,52,0,63,0,0,3,0,3,0,11,55,0,66,0,0,0,66
03/14/2017,FTY,GA,ASO,ES,Federal Contract Tower,0,15,39,0,54,0,0,4,0,4,0,15,43,0,58,0,0,0,58
03/15/2017,FTY,GA,ASO,ES,Federal Contract Tower,0,3,47,0,50,0,0,23,0,23,0,3,70,0,73,64,0,64,137
03/16/2017,FTY,GA,ASO,ES,Federal Contract Tower,0,5,38,2,45,0,0,27,0,27,0,5,65,2,72,98,0,98,170
03/17/2017,FTY,GA,ASO,ES,Federal Contract Tower,0,6,45,0,51,0,0,27,0,27,0,6,72,0,78,74,0,74,152
03/18/2017,FTY,GA,ASO,ES,Federal Contract Tower,0,7,33,0,40,0,0,16,0,16,0,7,49,0,56,56,0,56,112
03/19/2017,FTY,GA,ASO,ES,Federal Contract Tower,0,7,30,0,37,0,0,33,0,33,0,7,63,0,70,30,0,30,100
03/20/2017,FTY,GA,ASO,ES,Federal Contract Tower,0,8,37,0,45,0,0,26,0,26,0,8,63,0,71,22,0,22,93
03/21/2017,FTY,GA,ASO,ES,Federal Contract Tower,0,14,60,0,74,0,0,41,0,41,0,14,101,0,115,150,0,150,265
03/22/2017,FTY,GA,ASO,ES,Federal Contract Tower,0,8,46,0,54,0,0,29,0,29,0,8,75,0,83,44,0,44,127
03/23/2017,FTY,GA,ASO,ES,Federal Contract Tower,0,9,85,0,94,0,0,44,0,44,0,9,129,0,138,128,0,128,266
03/24/2017,FTY,GA,ASO,ES,Federal Contract Tower,0,3,52,0,55,0,0,50,0,50,0,3,102,0,105,114,0,114,219
03/25/2017,FTY,GA,ASO,ES,Federal Contract Tower,0,0,16,0,16,0,0,27,0,27,0,0,43,0,43,34,0,34,77
03/26/2017,FTY,GA,ASO,ES,Federal Contract Tower,0,10,45,0,55,0,0,15,0,15,0,10,60,0,70,20,0,20,90
03/27/2017,FTY,GA,ASO,ES,Federal Contract Tower,0,6,50,0,56,0,1,17,0,18,0,7,67,0,74,126,0,126,200
03/28/2017,FTY,GA,ASO,ES,Federal Contract Tower,0,12,68,0,80,0,0,16,0,16,0,12,84,0,96,48,0,48,144
03/29/2017,FTY,GA,ASO,ES,Federal Contract Tower,0,9,65,0,74,0,0,46,0,46,0,9,111,0,120,64,0,64,184
03/30/2017,FTY,GA,ASO,ES,Federal Contract Tower,0,11,63,0,74,0,1,25,0,26,0,12,88,0,100,82,0,82,182
03/31/2017,FTY,GA,ASO,ES,Federal Contract Tower,0,4,64,0,68,0,0,26,0,26,0,4,90,0,94,104,0,104,198
04/01/2017,FTY,GA,ASO,ES,Federal Contract Tower,0,0,15,0,15,0,0,53,0,53,0,0,68,0,68,38,0,38,106
04/02/2017,FTY,GA,ASO,ES,Federal Contract Tower,0,4,36,0,40,0,0,37,0,37,0,4,73,0,77,64,0,64,141
04/03/2017,FTY,GA,ASO,ES,Federal Contract Tower,0,0,4,33,37,0,0,2,0,2,0,0,6,33,39,0,0,0,39
04/04/2017,FTY,GA,ASO,ES,Federal Contract Tower,0,3,73,0,76,0,0,36,0,36,0,3,109,0,112,50,0,50,162
04/05/2017,FTY,GA,ASO,ES,Federal Contract Tower,0,6,23,1,30,0,0,1,0,1,0,6,24,1,31,0,0,0,31
04/06/2017,FTY,GA,ASO,ES,Federal Contract Tower,0,18,116,1,135,0,0,11,0,11,0,18,127,1,146,6,0,6,152
04/07/2017,FTY,GA,ASO,ES,Federal Contract Tower,0,10,69,0,79,0,0,21,0,21,0,10,90,0,100,0,0,0,100
04/08/2017,FTY,GA,ASO,ES,Federal Contract Tower,0,9,45,0,54,0,0,31,0,31,0,9,76,0,85,86,0,86,171
04/09/2017,FTY,GA,ASO,ES,Federal Contract Tower,0,13,38,0,51,0,0,40,0,40,0,13,78,0,91,36,0,36,127
04/10/2017,FTY,GA,ASO,ES,Federal Contract Tower,0,7,42,0,49,0,0,42,0,42,0,7,84,0,91,36,0,36,127
04/11/2017,FTY,GA,ASO,ES,Federal Contract Tower,0,7,72,0,79,0,0,36,0,36,0,7,108,0,115,34,0,34,149
04/12/2017,FTY,GA,ASO,ES,Federal Contract Tower,0,11,69,0,80,0,0,23,0,23,0,11,92,0,103,130,0,130,233
04/13/2017,FTY,GA,ASO,ES,Federal Contract Tower,0,11,76,0,87,0,0,55,0,55,0,11,131,0,142,68,0,68,210
04/14/2017,FTY,GA,ASO,ES,Federal Contract Tower,0,9,50,0,59,0,0,46,0,46,0,9,96,0,105,62,0,62,167
04/15/2017,FTY,GA,ASO,ES,Federal Contract Tower,0,4,25,0,29,0,0,22,0,22,0,4,47,0,51,42,0,42,93
04/16/2017,FTY,GA,ASO,ES,Federal Contract Tower,0,5,36,0,41,0,0,23,0,23,0,5,59,0,64,36,0,36,100
04/17/2017,FTY,GA,ASO,ES,Federal Contract Tower,0,11,78,0,89,0,0,29,0,29,0,11,107,0,118,60,0,60,178
04/18/2017,FTY,GA,ASO,ES,Federal Contract Tower,0,6,80,2,88,0,0,25,0,25,0,6,105,2,113,88,0,88,201
04/19/2017,FTY,GA,ASO,ES,Federal Contract Tower,0,14,103,0,117,0,0,19,0,19,0,14,122,0,136,96,0,96,232
04/20/2017,FTY,GA,ASO,ES,Federal Contract Tower,0,8,87,4,99,0,0,45,0,45,0,8,132,4,144,114,4,118,262
04/21/2017,FTY,GA,ASO,ES,Federal Contract Tower,0,12,57,0,69,0,0,45,0,45,0,12,102,0,114,56,0,56,170
04/22/2017,FTY,GA,ASO,ES,Federal Contract Tower,0,4,31,1,36,0,0,37,0,37,0,4,68,1,73,44,0,44,117
04/23/2017,FTY,GA,ASO,ES,Federal Contract Tower,0,7,30,1,38,0,0,1,0,1,0,7,31,1,39,0,0,0,39
04/24/2017,FTY,GA,ASO,ES,Federal Contract Tower,0,7,49,0,56,0,0,3,0,3,0,7,52,0,59,0,0,0,59
04/25/2017,FTY,GA,ASO,ES,Federal Contract Tower,0,7,67,2,76,0,0,31,0,31,0,7,98,2,107,76,0,76,183
04/26/2017,FTY,GA,ASO,ES,Federal Contract Tower,0,11,92,0,103,0,2,52,0,54,0,13,144,0,157,136,0,136,293
04/27/2017,FTY,GA,ASO,ES,Federal Contract Tower,0,17,86,0,103,0,0,4,0,4,0,17,90,0,107,0,0,0,107
04/28/2017,FTY,GA,ASO,ES,Federal Contract Tower,0,8,59,1,68,0,0,15,0,15,0,8,74,1,83,28,0,28,111
04/29/2017,FTY,GA,ASO,ES,Federal Contract Tower,0,5,42,1,48,0,0,26,1,27,0,5,68,2,75,110,0,110,185
04/30/2017,FTY,GA,ASO,ES,Federal Contract Tower,0,3,50,8,61,0,18,0,0,18,0,21,50,8,79,22,0,22,101
05/01/2017,FTY,GA,ASO,ES,Federal Contract Tower,0,5,40,0,45,0,0,19,0,19,0,5,59,0,64,36,0,36,100
05/02/2017,FTY,GA,ASO,ES,Federal Contract Tower,0,10,65,0,75,0,0,47,0,47,0,10,112,0,122,136,0,136,258
05/03/2017,FTY,GA,ASO,ES,Federal Contract Tower,0,9,88,0,97,0,0,47,0,47,0,9,135,0,144,134,0,134,278
05/04/2017,FTY,GA,ASO,ES,Federal Contract Tower,0,14,47,0,61,0,0,4,0,4,0,14,51,0,65,0,0,0,65
05/05/2017,FTY,GA,ASO,ES,Federal Contract Tower,0,0,74,0,74,0,0,9,0,9,0,0,83,0,83,34,0,34,117
05/06/2017,FTY,GA,ASO,ES,Federal Contract Tower,0,5,34,0,39,0,0,19,0,19,0,5,53,0,58,28,0,28,86
05/07/2017,FTY,GA,ASO,ES,Federal Contract Tower,0,11,61,0,72,0,0,31,4,35,0,11,92,4,107,44,20,64,171
05/08/2017,FTY,GA,ASO,ES,Federal Contract Tower,0,5,55,0,60,0,0,29,0,29,0,5,84,0,89,60,0,60,149
05/09/2017,FTY,GA,ASO,ES,Federal Contract Tower,0,5,48,0,53,0,0,33,0,33,0,5,81,0,86,8,0,8,94
05/10/2017,FTY,GA,ASO,ES,Federal Contract Tower,0,4,67,0,71,0,0,32,0,32,0,4,99,0,103,82,0,82,185
05/11/2017,FTY,GA,ASO,ES,Federal Contract Tower,0,6,63,0,69,0,0,48,0,48,0,6,111,0,117,86,0,86,203
05/12/2017,FTY,GA,ASO,ES,Federal Contract Tower,0,7,45,0,52,0,0,15,0,15,0,7,60,0,67,20,0,20,87
05/13/2017,FTY,GA,ASO,ES,Federal Contract Tower,0,2,15,0,17,0,0,21,0,21,0,2,36,0,38,72,0,72,110
05/14/2017,FTY,GA,ASO,ES,Federal Contract Tower,0,1,26,0,27,0,0,21,0,21,0,1,47,0,48,62,0,62,110
05/15/2017,FTY,GA,ASO,ES,Federal Contract Tower,0,7,61,0,68,0,0,33,0,33,0,7,94,0,101,70,0,70,171
05/16/2017,FTY,GA,ASO,ES,Federal Contract Tower,0,9,59,0,68,0,0,41,0,41,0,9,100,0,109,154,0,154,263
05/17/2017,FTY,GA,ASO,ES,Federal Contract Tower,0,9,66,0,75,0,0,47,0,47,0,9,113,0,122,82,0,82,204
05/18/2017,FTY,GA,ASO,ES,Federal Contract Tower,0,7,74,0,81,0,0,44,0,44,0,7,118,0,125,112,0,112,237
05/19/2017,FTY,GA,ASO,ES,Federal Contract Tower,0,2,60,0,62,0,0,33,0,33,0,2,93,0,95,122,0,122,217
05/20/2017,FTY,GA,ASO,ES,Federal Contract Tower,0,3,19,0,22,0,0,33,0,33,0,3,52,0,55,2,0,2,57
05/21/2017,FTY,GA,ASO,ES,Federal Contract Tower,0,4,43,0,47,0,0,10,0,10,0,4,53,0,57,64,0,64,121
05/22/2017,FTY,GA,ASO,ES,Federal Contract Tower,0,6,62,0,68,0,0,17,0,17,0,6,79,0,85,60,0,60,145
05/23/2017,FTY,GA,ASO,ES,Federal Contract Tower,0,12,57,0,69,0,0,3,0,3,0,12,60,0,72,10,0,10,82
05/24/2017,FTY,GA,ASO,ES,Federal Contract Tower,0,5,52,0,57,0,0,7,0,7,0,5,59,0,64,14,0,14,78
05/25/2017,FTY,GA,ASO,ES,Federal Contract Tower,0,4,77,0,81,0,0,28,0,28,0,4,105,0,109,64,0,64,173
05/26/2017,FTY,GA,ASO,ES,Federal Contract Tower,0,2,50,0,52,0,0,36,0,36,0,2,86,0,88,60,0,60,148
05/27/2017,FTY,GA,ASO,ES,Federal Contract Tower,0,1,13,0,14,0,0,29,0,29,0,1,42,0,43,50,0,50,93
05/28/2017,FTY,GA,ASO,ES,Federal Contract Tower,0,1,11,0,12,0,0,8,0,8,0,1,19,0,20,0,0,0,20
05/29/2017,FTY,GA,ASO,ES,Federal Contract Tower,0,3,27,0,30,0,0,16,0,16,0,3,43,0,46,40,0,40,86
05/30/2017,FTY,GA,ASO,ES,Federal Contract Tower,0,8,53,0,61,0,0,10,0,10,0,8,63,0,71,6,0,6,77
05/31/2017,FTY,GA,ASO,ES,Federal Contract Tower,0,5,73,0,78,0,0,28,0,28,0,5,101,0,106,156,0,156,262
06/01/2017,FTY,GA,ASO,ES,Federal Contract Tower,0,3,64,0,67,0,0,23,0,23,0,3,87,0,90,54,0,54,144
06/02/2017,FTY,GA,ASO,ES,Federal Contract Tower,0,9,45,2,56,0,0,22,0,22,0,9,67,2,78,94,0,94,172
06/03/2017,FTY,GA,ASO,ES,Federal Contract Tower,0,8,14,0,22,0,1,41,0,42,0,9,55,0,64,112,0,112,176
06/04/2017,FTY,GA,ASO,ES,Federal Contract Tower,0,3,31,2,36,0,0,11,0,11,0,3,42,2,47,12,0,12,59
06/05/2017,FTY,GA,ASO,ES,Federal Contract Tower,0,4,44,0,48,0,0,7,0,7,0,4,51,0,55,38,0,38,93
06/06/2017,FTY,GA,ASO,ES,Federal Contract Tower,0,3,44,0,47,0,0,14,0,14,0,3,58,0,61,86,0,86,147
06/07/2017,FTY,GA,ASO,ES,Federal Contract Tower,0,0,64,0,64,0,0,22,1,23,0,0,86,1,87,50,0,50,137
06/08/2017,FTY,GA,ASO,ES,Federal Contract Tower,0,11,75,0,86,0,0,28,0,28,0,11,103,0,114,88,0,88,202
06/09/2017,FTY,GA,ASO,ES,Federal Contract Tower,0,5,51,1,57,0,0,34,0,34,0,5,85,1,91,90,0,90,181
06/10/2017,FTY,GA,ASO,ES,Federal Contract Tower,0,8,36,0,44,0,0,48,0,48,0,8,84,0,92,76,0,76,168
06/11/2017,FTY,GA,ASO,ES,Federal Contract Tower,0,7,39,1,47,0,0,26,0,26,0,7,65,1,73,134,0,134,207
06/12/2017,FTY,GA,ASO,ES,Federal Contract Tower,0,3,48,0,51,0,0,16,0,16,0,3,64,0,67,20,0,20,87
06/13/2017,FTY,GA,ASO,ES,Federal Contract Tower,0,11,65,0,76,0,0,21,0,21,0,11,86,0,97,64,0,64,161
06/14/2017,FTY,GA,ASO,ES,Federal Contract Tower,0,9,76,1,86,0,0,35,1,36,0,9,111,2,122,144,0,144,266
06/15/2017,FTY,GA,ASO,ES,Federal Contract Tower,0,7,51,0,58,0,0,14,0,14,0,7,65,0,72,78,0,78,150
06/16/2017,FTY,GA,ASO,ES,Federal Contract Tower,0,0,60,0,60,0,0,47,0,47,0,0,107,0,107,88,0,88,195
06/17/2017,FTY,GA,ASO,ES,Federal Contract Tower,0,4,24,0,28,0,0,25,0,25,0,4,49,0,53,126,0,126,179
06/18/2017,FTY,GA,ASO,ES,Federal Contract Tower,0,7,34,0,41,0,0,15,0,15,0,7,49,0,56,38,0,38,94
06/19/2017,FTY,GA,ASO,ES,Federal Contract Tower,0,8,62,0,70,0,0,23,0,23,0,8,85,0,93,86,0,86,179
06/20/2017,FTY,GA,ASO,ES,Federal Contract Tower,0,5,58,0,63,0,0,6,0,6,0,5,64,0,69,0,0,0,69
06/21/2017,FTY,GA,ASO,ES,Federal Contract Tower,0,4,70,6,80,0,0,2,0,2,0,4,72,6,82,0,0,0,82
06/22/2017,FTY,GA,ASO,ES,Federal Contract Tower,0,7,61,0,68,0,0,8,0,8,0,7,69,0,76,24,0,24,100
06/23/2017,FTY,GA,ASO,ES,Federal Contract Tower,0,4,66,0,70,0,0,30,0,30,0,4,96,0,100,62,0,62,162
06/24/2017,FTY,GA,ASO,ES,Federal Contract Tower,0,8,14,0,22,0,0,9,0,9,0,8,23,0,31,54,0,54,85
06/25/2017,FTY,GA,ASO,ES,Federal Contract Tower,0,10,37,0,47,0,0,37,0,37,0,10,74,0,84,72,0,72,156
06/26/2017,FTY,GA,ASO,ES,Federal Contract Tower,0,2,49,2,53,0,0,36,0,36,0,2,85,2,89,112,0,112,201
06/27/2017,FTY,GA,ASO,ES,Federal Contract Tower,0,5,60,0,65,0,0,48,0,48,0,5,108,0,113,62,0,62,175
06/28/2017,FTY,GA,ASO,ES,Federal Contract Tower,0,5,53,0,58,0,0,57,0,57,0,5,110,0,115,108,0,108,223
06/29/2017,FTY,GA,ASO,ES,Federal Contract Tower,0,7,60,0,67,0,0,2,0,2,0,7,62,0,69,18,0,18,87
06/30/2017,FTY,GA,ASO,ES,Federal Contract Tower,0,11,60,0,71,0,0,8,0,8,0,11,68,0,79,20,0,20,99
07/01/2017,FTY,GA,ASO,ES,Federal Contract Tower,0,6,21,0,27,0,0,17,0,17,0,6,38,0,44,2,0,2,46
07/02/2017,FTY,GA,ASO,ES,Federal Contract Tower,0,0,22,0,22,0,0,15,0,15,0,0,37,0,37,48,0,48,85
07/03/2017,FTY,GA,ASO,ES,Federal Contract Tower,0,2,12,0,14,0,0,24,0,24,0,2,36,0,38,68,0,68,106
07/04/2017,FTY,GA,ASO,ES,Federal Contract Tower,0,3,10,0,13,0,0,17,0,17,0,3,27,0,30,38,0,38,68
07/05/2017,FTY,GA,ASO,ES,Federal Contract Tower,0,4,48,0,52,0,0,21,0,21,0,4,69,0,73,76,0,76,149
07/06/2017,FTY,GA,ASO,ES,Federal Contract Tower,0,5,36,0,41,0,0,32,0,32,0,5,68,0,73,66,0,66,139
07/07/2017,FTY,GA,ASO,ES,Federal Contract Tower,0,3,23,0,26,0,0,20,0,20,0,3,43,0,46,84,0,84,130
07/08/2017,FTY,GA,ASO,ES,Federal Contract Tower,0,0,16,0,16,0,0,34,0,34,0,0,50,0,50,156,0,156,206
07/09/2017,FTY,GA,ASO,ES,Federal Contract Tower,0,5,33,0,38,0,0,27,0,27,0,5,60,0,65,50,0,50,115
07/10/2017,FTY,GA,ASO,ES,Federal Contract Tower,0,8,41,0,49,0,0,17,0,17,0,8,58,0,66,34,0,34,100
07/11/2017,FTY,GA,ASO,ES,Federal Contract Tower,0,9,36,0,45,0,0,30,0,30,0,9,66,0,75,72,0,72,147
07/12/2017,FTY,GA,ASO,ES,Federal Contract Tower,0,7,33,0,40,0,0,35,0,35,0,7,68,0,75,88,0,88,163
07/13/2017,FTY,GA,ASO,ES,Federal Contract Tower,0,4,57,0,61,0,0,40,0,40,0,4,97,0,101,118,0,118,219
07/14/2017,FTY,GA,ASO,ES,Federal Contract Tower,0,2,50,0,52,0,0,30,0,30,0,2,80,0,82,72,0,72,154
07/15/2017,FTY,GA,ASO,ES,Federal Contract Tower,0,2,23,0,25,0,0,21,0,21,0,2,44,0,46,58,0,58,104
07/16/2017,FTY,GA,ASO,ES,Federal Contract Tower,0,12,31,0,43,0,0,23,0,23,0,12,54,0,66,48,0,48,114
07/17/2017,FTY,GA,ASO,ES,Federal Contract Tower,0,12,44,0,56,0,0,20,0,20,0,12,64,0,76,86,0,86,162
07/18/2017,FTY,GA,ASO,ES,Federal Contract Tower,0,11,58,0,69,0,0,48,0,48,0,11,106,0,117,116,0,116,233
07/19/2017,FTY,GA,ASO,ES,Federal Contract Tower,0,19,55,0,74,0,0,42,0,42,0,19,97,0,116,204,0,204,320
07/20/2017,FTY,GA,ASO,ES,Federal Contract Tower,0,14,61,0,75,0,0,22,0,22,0,14,83,0,97,68,0,68,165
07/21/2017,FTY,GA,ASO,ES,Federal Contract Tower,0,14,42,0,56,0,0,41,0,41,0,14,83,0,97,144,0,144,241
07/22/2017,FTY,GA,ASO,ES,Federal Contract Tower,0,6,15,0,21,0,0,39,0,39,0,6,54,0,60,38,0,38,98
07/23/2017,FTY,GA,ASO,ES,Federal Contract Tower,0,7,23,0,30,0,0,37,0,37,0,7,60,0,67,40,0,40,107
07/24/2017,FTY,GA,ASO,ES,Federal Contract Tower,0,2,41,0,43,0,0,24,0,24,0,2,65,0,67,92,0,92,159
07/25/2017,FTY,GA,ASO,ES,Federal Contract Tower,0,2,46,0,48,0,0,47,0,47,0,2,93,0,95,128,0,128,223
07/26/2017,FTY,GA,ASO,ES,Federal Contract Tower,0,8,63,0,71,0,0,32,0,32,0,8,95,0,103,70,0,70,173
07/27/2017,FTY,GA,ASO,ES,Federal Contract Tower,0,6,55,0,61,0,0,31,0,31,0,6,86,0,92,42,0,42,134
07/28/2017,FTY,GA,ASO,ES,Federal Contract Tower,0,6,51,0,57,0,0,16,0,16,0,6,67,0,73,36,0,36,109
07/29/2017,FTY,GA,ASO,ES,Federal Contract Tower,0,3,16,0,19,0,0,24,0,24,0,3,40,0,43,78,0,78,121
07/30/2017,FTY,GA,ASO,ES,Federal Contract Tower,0,1,34,0,35,0,0,29,0,29,0,1,63,0,64,56,0,56,120
07/31/2017,FTY,GA,ASO,ES,Federal Contract Tower,0,6,51,0,57,0,0,39,0,39,0,6,90,0,96,78,0,78,174
08/01/2017,FTY,GA,ASO,ES,Federal Contract Tower,0,6,49,0,55,0,0,52,0,52,0,6,101,0,107,74,0,74,181
08/02/2017,FTY,GA,ASO,ES,Federal Contract Tower,0,9,40,0,49,0,0,37,0,37,0,9,77,0,86,100,0,100,186
08/03/2017,FTY,GA,ASO,ES,Federal Contract Tower,0,1,57,0,58,0,0,25,0,25,0,1,82,0,83,68,0,68,151
08/04/2017,FTY,GA,ASO,ES,Federal Contract Tower,0,3,49,0,52,0,0,18,0,18,0,3,67,0,70,52,0,52,122
08/05/2017,FTY,GA,ASO,ES,Federal Contract Tower,0,3,23,0,26,0,0,34,0,34,0,3,57,0,60,114,0,114,174
08/06/2017,FTY,GA,ASO,ES,Federal Contract Tower,0,6,32,0,38,0,0,17,0,17,0,6,49,0,55,3,0,3,58
08/07/2017,FTY,GA,ASO,ES,Federal Contract Tower,0,3,48,0,51,0,0,19,0,19,0,3,67,0,70,50,0,50,120
08/08/2017,FTY,GA,ASO,ES,Federal Contract Tower,0,5,53,0,58,0,0,3,0,3,0,5,56,0,61,0,0,0,61
08/09/2017,FTY,GA,ASO,ES,Federal Contract Tower,0,5,71,0,76,0,0,6,0,6,0,5,77,0,82,20,0,20,102
08/10/2017,FTY,GA,ASO,ES,Federal Contract Tower,0,8,52,0,60,0,0,8,0,8,0,8,60,0,68,20,0,20,88
08/11/2017,FTY,GA,ASO,ES,Federal Contract Tower,0,8,51,0,59,0,0,13,0,13,0,8,64,0,72,56,0,56,128
08/12/2017,FTY,GA,ASO,ES,Federal Contract Tower,0,3,22,0,25,0,0,17,2,19,0,3,39,2,44,42,0,42,86
08/13/2017,FTY,GA,ASO,ES,Federal Contract Tower,0,5,33,0,38,0,0,28,0,28,0,5,61,0,66,38,0,38,104
08/14/2017,FTY,GA,ASO,ES,Federal Contract Tower,0,2,46,0,48,0,0,26,0,26,0,2,72,0,74,56,0,56,130
08/15/2017,FTY,GA,ASO,ES,Federal Contract Tower,0,11,56,0,67,0,0,36,0,36,0,11,92,0,103,86,0,86,189
08/16/2017,FTY,GA,ASO,ES,Federal Contract Tower,0,3,72,0,75,0,0,32,0,32,0,3,104,0,107,106,0,106,213
08/17/2017,FTY,GA,ASO,ES,Federal Contract Tower,0,7,44,0,51,0,0,33,0,33,0,7,77,0,84,88,0,88,172
08/18/2017,FTY,GA,ASO,ES,Federal Contract Tower,0,2,63,0,65,0,0,33,0,33,0,2,96,0,98,112,0,112,210
08/19/2017,FTY,GA,ASO,ES,Federal Contract Tower,0,3,24,0,27,0,0,38,0,38,0,3,62,0,65,84,0,84,149
08/20/2017,FTY,GA,ASO,ES,Federal Contract Tower,0,1,21,0,22,0,0,35,0,35,0,1,56,0,57,56,0,56,113
08/21/2017,FTY,GA,ASO,ES,Federal Contract Tower,0,7,44,0,51,0,0,62,0,62,0,7,106,0,113,58,0,58,171
08/22/2017,FTY,GA,ASO,ES,Federal Contract Tower,0,9,39,0,48,0,0,45,0,45,0,9,84,0,93,84,0,84,177
08/23/2017,FTY,GA,ASO,ES,Federal Contract Tower,0,3,55,0,58,0,0,28,0,28,0,3,83,0,86,94,0,94,180
08/24/2017,FTY,GA,ASO,ES,Federal Contract Tower,0,3,56,0,59,0,0,61,0,61,0,3,117,0,120,204,0,204,324
08/25/2017,FTY,GA,ASO,ES,Federal Contract Tower,0,0,46,0,46,0,0,28,0,28,0,0,74,0,74,32,0,32,106
08/26/2017,FTY,GA,ASO,ES,Federal Contract Tower,0,8,11,0,19,0,0,12,0,12,0,8,23,0,31,0,0,0,31
08/27/2017,FTY,GA,ASO,ES,Federal Contract Tower,0,4,20,0,24,0,0,30,0,30,0,4,50,0,54,10,0,10,64
08/28/2017,FTY,GA,ASO,ES,Federal Contract Tower,0,3,44,0,47,0,0,34,0,34,0,3,78,0,81,36,0,36,117
08/29/2017,FTY,GA,ASO,ES,Federal Contract Tower,0,4,53,0,57,0,0,47,0,47,0,4,100,0,104,76,0,76,180
08/30/2017,FTY,GA,ASO,ES,Federal Contract Tower,0,10,51,0,61,0,0,14,0,14,0,10,65,0,75,48,0,48,123
08/31/2017,FTY,GA,ASO,ES,Federal Contract Tower,0,4,60,0,64,0,0,3,0,3,0,4,63,0,67,0,0,0,67
09/01/2017,FTY,GA,ASO,ES,Federal Contract Tower,0,8,73,0,81,0,0,24,0,24,0,8,97,0,105,20,0,20,125
09/02/2017,FTY,GA,ASO,ES,Federal Contract Tower,0,17,47,0,64,0,0,42,0,42,0,17,89,0,106,84,0,84,190
09/03/2017,FTY,GA,ASO,ES,Federal Contract Tower,0,11,47,0,58,0,0,27,0,27,0,11,74,0,85,10,0,10,95
09/04/2017,FTY,GA,ASO,ES,Federal Contract Tower,0,8,68,0,76,0,0,30,0,30,0,8,98,0,106,70,0,70,176
09/05/2017,FTY,GA,ASO,ES,Federal Contract Tower,0,7,74,0,81,0,41,0,0,41,0,48,74,0,122,104,0,104,226
09/06/2017,FTY,GA,ASO,ES,Federal Contract Tower,0,11,70,0,81,0,0,35,0,35,0,11,105,0,116,50,4,54,170
09/07/2017,FTY,GA,ASO,ES,Federal Contract Tower,0,6,74,0,80,0,0,48,0,48,0,6,122,0,128,166,0,166,294
09/08/2017,FTY,GA,ASO,ES,Federal Contract Tower,0,17,89,0,106,0,0,53,0,53,0,17,142,0,159,80,0,80,239
09/09/2017,FTY,GA,ASO,ES,Federal Contract Tower,0,4,36,0,40,0,0,60,0,60,0,4,96,0,100,10,0,10,110
09/10/2017,FTY,GA,ASO,ES,Federal Contract Tower,0,10,57,0,67,0,0,36,0,36,0,10,93,0,103,6,0,6,109
09/11/2017,FTY,GA,ASO,ES,Federal Contract Tower,0,0,5,0,5,0,0,2,0,2,0,0,7,0,7,0,0,0,7
09/12/2017,FTY,GA,ASO,ES,Federal Contract Tower,0,1,42,0,43,0,0,2,0,2,0,1,44,0,45,18,0,18,63
09/13/2017,FTY,GA,ASO,ES,Federal Contract Tower,0,5,76,0,81,0,0,28,0,28,0,5,104,0,109,94,0,94,203
09/14/2017,FTY,GA,ASO,ES,Federal Contract Tower,0,5,68,0,73,0,0,48,0,48,0,5,116,0,121,42,0,42,163
09/15/2017,FTY,GA,ASO,ES,Federal Contract Tower,0,5,56,0,61,0,0,51,0,51,0,5,107,0,112,92,0,92,204
09/16/2017,FTY,GA,ASO,ES,Federal Contract Tower,0,7,18,0,25,0,0,48,0,48,0,7,66,0,73,76,0,76,149
09/17/2017,FTY,GA,ASO,ES,Federal Contract Tower,0,4,48,2,54,0,0,30,0,30,0,4,78,2,84,36,0,36,120
09/18/2017,FTY,GA,ASO,ES,Federal Contract Tower,0,4,71,0,75,0,1,31,1,33,0,5,102,1,108,98,0,98,206
09/19/2017,FTY,GA,ASO,ES,Federal Contract Tower,0,7,57,0,64,0,0,43,0,43,0,7,100,0,107,58,0,58,165
09/20/2017,FTY,GA,ASO,ES,Federal Contract Tower,0,12,65,0,77,0,0,37,0,37,0,12,102,0,114,100,0,100,214
09/21/2017,FTY,GA,ASO,ES,Federal Contract Tower,0,14,74,0,88,0,1,38,2,41,0,15,112,2,129,104,0,104,233
09/22/2017,FTY,GA,ASO,ES,Federal Contract Tower,0,16,49,0,65,0,0,35,0,35,0,16,84,0,100,50,0,50,150
09/23/2017,FTY,GA,ASO,ES,Federal Contract Tower,0,5,39,0,44,0,0,46,0,46,0,5,85,0,90,72,0,72,162
09/24/2017,FTY,GA,ASO,ES,Federal Contract Tower,0,12,45,0,57,0,0,34,0,34,0,12,79,0,91,64,0,64,155
09/25/2017,FTY,GA,ASO,ES,Federal Contract Tower,0,6,52,0,58,0,0,48,0,48,0,6,100,0,106,68,0,68,174
09/26/2017,FTY,GA,ASO,ES,Federal Contract Tower,0,15,86,1,102,0,0,0,0,0,0,15,86,1,102,8,0,8,110
09/27/2017,FTY,GA,ASO,ES,Federal Contract Tower,0,10,59,5,74,0,0,31,0,31,0,10,90,5,105,64,0,64,169
09/28/2017,FTY,GA,ASO,ES,Federal Contract Tower,0,12,55,0,67,0,0,33,0,33,0,12,88,0,100,66,0,66,166
09/29/2017,FTY,GA,ASO,ES,Federal Contract Tower,0,10,58,0,68,0,0,36,0,36,0,10,94,0,104,40,0,40,144
09/30/2017,FTY,GA,ASO,ES,Federal Contract Tower,0,3,22,0,25,0,0,27,0,27,0,3,49,0,52,40,0,40,92
10/01/2017,FTY,GA,ASO,ES,Federal Contract Tower,0,9,48,0,57,0,0,17,0,17,0,9,65,0,74,0,0,0,74
10/02/2017,FTY,GA,ASO,ES,Federal Contract Tower,0,6,47,0,53,0,0,42,0,42,0,6,89,0,95,124,0,124,219
10/03/2017,FTY,GA,ASO,ES,Federal Contract Tower,0,8,90,0,98,0,0,21,0,21,0,8,111,0,119,62,0,62,181
10/04/2017,FTY,GA,ASO,ES,Federal Contract Tower,0,9,66,0,75,0,0,31,0,31,0,9,97,0,106,46,0,46,152
10/05/2017,FTY,GA,ASO,ES,Federal Contract Tower,0,8,73,0,81,0,0,45,0,45,0,8,118,0,126,208,0,208,334
10/06/2017,FTY,GA,ASO,ES,Federal Contract Tower,0,9,53,0,62,0,0,36,0,36,0,9,89,0,98,122,0,122,220
10/07/2017,FTY,GA,ASO,ES,Federal Contract Tower,0,3,33,0,36,0,0,7,0,7,0,3,40,0,43,0,0,0,43
10/08/2017,FTY,GA,ASO,ES,Federal Contract Tower,0,5,13,0,18,0,0,0,0,0,0,5,13,0,18,0,0,0,18
10/09/2017,FTY,GA,ASO,ES,Federal Contract Tower,0,8,37,0,45,0,0,3,0,3,0,8,40,0,48,10,0,10,58
10/10/2017,FTY,GA,ASO,ES,Federal Contract Tower,0,19,61,0,80,0,0,20,0,20,0,19,81,0,100,94,0,94,194
10/11/2017,FTY,GA,ASO,ES,Federal Contract Tower,0,5,58,0,63,0,0,28,0,28,0,5,86,0,91,64,0,64,155
10/12/2017,FTY,GA,ASO,ES,Federal Contract Tower,0,9,74,0,83,0,0,33,0,33,0,9,107,0,116,68,0,68,184
10/13/2017,FTY,GA,ASO,ES,Federal Contract Tower,0,6,53,0,59,0,0,17,0,17,0,6,70,0,76,32,0,32,108
10/14/2017,FTY,GA,ASO,ES,Federal Contract Tower,0,2,35,0,37,0,0,27,0,27,0,2,62,0,64,14,0,14,78
10/15/2017,FTY,GA,ASO,ES,Federal Contract Tower,0,5,52,0,57,0,0,11,0,11,0,5,63,0,68,34,0,34,102
10/16/2017,FTY,GA,ASO,ES,Federal Contract Tower,0,4,64,2,70,0,0,14,0,14,0,4,78,2,84,66,0,66,150
10/17/2017,FTY,GA,ASO,ES,Federal Contract Tower,0,7,75,0,82,0,0,31,0,31,0,7,106,0,113,50,0,50,163
10/18/2017,FTY,GA,ASO,ES,Federal Contract Tower,0,14,111,0,125,0,0,38,0,38,0,14,149,0,163,66,0,66,229
10/19/2017,FTY,GA,ASO,ES,Federal Contract Tower,0,10,76,2,88,0,0,42,0,42,0,10,118,2,130,78,0,78,208
10/20/2017,FTY,GA,ASO,ES,Federal Contract Tower,0,11,71,0,82,0,0,53,0,53,0,11,124,0,135,96,0,96,231
10/21/2017,FTY,GA,ASO,ES,Federal Contract Tower,0,0,33,0,33,0,0,33,0,33,0,0,66,0,66,56,0,56,122
10/22/2017,FTY,GA,ASO,ES,Federal Contract Tower,0,6,44,0,50,0,0,23,0,23,0,6,67,0,73,8,0,8,81
10/23/2017,FTY,GA,ASO,ES,Federal Contract Tower,0,3,42,0,45,0,0,12,0,12,0,3,54,0,57,18,0,18,75
10/24/2017,FTY,GA,ASO,ES,Federal Contract Tower,0,9,52,0,61,0,0,23,0,23,0,9,75,0,84,56,0,56,140
10/25/2017,FTY,GA,ASO,ES,Federal Contract Tower,0,11,67,0,78,0,0,21,0,21,0,11,88,0,99,20,0,20,119
10/26/2017,FTY,GA,ASO,ES,Federal Contract Tower,0,14,92,0,106,0,0,24,0,24,0,14,116,0,130,20,0,20,150
10/27/2017,FTY,GA,ASO,ES,Federal Contract Tower,0,10,69,0,79,0,0,28,0,28,0,10,97,0,107,44,0,44,151
10/28/2017,FTY,GA,ASO,ES,Federal Contract Tower,0,16,27,0,43,0,0,3,0,3,0,16,30,0,46,12,0,12,58
10/29/2017,FTY,GA,ASO,ES,Federal Contract Tower,0,12,57,0,69,0,0,14,0,14,0,12,71,0,83,20,0,20,103
10/30/2017,FTY,GA,ASO,ES,Federal Contract Tower,0,1,44,0,45,0,0,33,0,33,0,1,77,0,78,26,0,26,104
10/31/2017,FTY,GA,ASO,ES,Federal Contract Tower,0,1,36,0,37,0,0,41,0,41,0,1,77,0,78,60,0,60,138
11/01/2017,FTY,GA,ASO,ES,Federal Contract Tower,0,4,46,0,50,0,0,30,0,30,0,4,76,0,80,64,0,64,144
11/02/2017,FTY,GA,ASO,ES,Federal Contract Tower,0,7,57,0,64,0,0,26,0,26,0,7,83,0,90,94,0,94,184
11/03/2017,FTY,GA,ASO,ES,Federal Contract Tower,0,6,53,0,59,0,1,31,0,32,0,7,84,0,91,82,0,82,173
11/04/2017,FTY,GA,ASO,ES,Federal Contract Tower,0,9,29,0,38,0,0,30,0,30,0,9,59,0,68,50,0,50,118
11/05/2017,FTY,GA,ASO,ES,Federal Contract Tower,0,10,37,0,47,0,1,10,0,11,0,11,47,0,58,0,0,0,58
11/06/2017,FTY,GA,ASO,ES,Federal Contract Tower,0,1,46,0,47,0,0,18,0,18,0,1,64,0,65,44,0,44,109
11/07/2017,FTY,GA,ASO,ES,Federal Contract Tower,0,10,55,0,65,0,0,17,0,17,0,10,72,0,82,56,0,56,138
11/08/2017,FTY,GA,ASO,ES,Federal Contract Tower,0,14,74,0,88,0,0,7,0,7,0,14,81,0,95,64,0,64,159
11/09/2017,FTY,GA,ASO,ES,Federal Contract Tower,0,16,66,0,82,0,0,6,0,6,0,16,72,0,88,32,0,32,120
11/10/2017,FTY,GA,ASO,ES,Federal Contract Tower,0,18,64,0,82,0,0,36,0,36,0,18,100,0,118,52,0,52,170
11/11/2017,FTY,GA,ASO,ES,Federal Contract Tower,0,7,33,0,40,0,0,23,0,23,0,7,56,0,63,30,0,30,93
11/12/2017,FTY,GA,ASO,ES,Federal Contract Tower,0,17,56,0,73,0,0,2,0,2,0,17,58,0,75,0,0,0,75
11/13/2017,FTY,GA,ASO,ES,Federal Contract Tower,0,16,65,0,81,0,0,33,0,33,0,16,98,0,114,70,0,70,184
11/14/2017,FTY,GA,ASO,ES,Federal Contract Tower,0,9,88,0,97,0,0,31,0,31,0,9,119,0,128,84,0,84,212
11/15/2017,FTY,GA,ASO,ES,Federal Contract Tower,0,6,77,0,83,0,0,52,0,52,0,6,129,0,135,80,0,80,215
11/16/2017,FTY,GA,ASO,ES,Federal Contract Tower,0,7,65,0,72,0,0,31,0,31,0,7,96,0,103,52,0,52,155
11/17/2017,FTY,GA,ASO,ES,Federal Contract Tower,0,7,53,0,60,0,0,32,0,32,0,7,85,0,92,110,0,110,202
11/18/2017,FTY,GA,ASO,ES,Federal Contract Tower,0,2,18,0,20,0,0,17,0,17,0,2,35,0,37,24,0,24,61
11/19/2017,FTY,GA,ASO,ES,Federal Contract Tower,0,8,32,0,40,0,0,16,0,16,0,8,48,0,56,12,0,12,68
11/20/2017,FTY,GA,ASO,ES,Federal Contract Tower,0,5,52,0,57,0,0,39,0,39,0,5,91,0,96,96,0,96,192
11/22/2017,FTY,GA,ASO,ES,Federal Contract Tower,0,6,41,0,47,0,0,25,0,25,0,6,66,0,72,68,0,68,140
11/23/2017,FTY,GA,ASO,ES,Federal Contract Tower,0,2,14,0,16,0,0,8,0,8,0,2,22,0,24,12,0,12,36
11/24/2017,FTY,GA,ASO,ES,Federal Contract Tower,0,4,29,0,33,0,0,29,0,29,0,4,58,0,62,80,0,80,142
11/25/2017,FTY,GA,ASO,ES,Federal Contract Tower,0,11,39,0,50,0,0,30,0,30,0,11,69,0,80,14,0,14,94
11/26/2017,FTY,GA,ASO,ES,Federal Contract Tower,0,11,52,0,63,0,0,29,0,29,0,11,81,0,92,4,0,4,96
11/27/2017,FTY,GA,ASO,ES,Federal Contract Tower,0,0,42,0,42,0,0,28,0,28,0,0,70,0,70,66,0,66,136
11/28/2017,FTY,GA,ASO,ES,Federal Contract Tower,0,5,53,0,58,0,0,34,0,34,0,5,87,0,92,86,0,86,178
11/29/2017,FTY,GA,ASO,ES,Federal Contract Tower,0,3,51,0,54,0,0,18,0,18,0,3,69,0,72,14,0,14,86
11/30/2017,FTY,GA,ASO,ES,Federal Contract Tower,0,7,54,0,61,0,0,12,0,12,0,7,66,0,73,32,0,32,105
12/01/2017,FTY,GA,ASO,ES,Federal Contract Tower,0,7,76,0,83,0,0,11,0,11,0,7,87,0,94,32,0,32,126
12/02/2017,FTY,GA,ASO,ES,Federal Contract Tower,0,13,85,0,98,0,0,21,0,21,0,13,106,0,119,46,0,46,165
12/03/2017,FTY,GA,ASO,ES,Federal Contract Tower,0,4,55,0,59,0,0,18,0,18,0,4,73,0,77,18,0,18,95
12/04/2017,FTY,GA,ASO,ES,Federal Contract Tower,0,7,51,0,58,0,0,25,0,25,0,7,76,0,83,114,0,114,197
12/05/2017,FTY,GA,ASO,ES,Federal Contract Tower,0,2,55,0,57,0,0,8,0,8,0,2,63,0,65,0,0,0,65
12/06/2017,FTY,GA,ASO,ES,Federal Contract Tower,0,12,71,0,83,0,0,18,0,18,0,12,89,0,101,44,0,44,145
12/07/2017,FTY,GA,ASO,ES,Federal Contract Tower,0,22,62,0,84,0,0,17,0,17,0,22,79,0,101,34,0,34,135
12/08/2017,FTY,GA,ASO,ES,Federal Contract Tower,0,5,58,0,63,0,0,2,0,2,0,5,60,0,65,0,0,0,65
12/09/2017,FTY,GA,ASO,ES,Federal Contract Tower,0,15,44,0,59,0,0,11,0,11,0,15,55,0,70,0,0,0,70
12/11/2017,FTY,GA,ASO,ES,Federal Contract Tower,0,11,43,0,54,0,0,28,0,28,0,11,71,0,82,74,0,74,156
12/12/2017,FTY,GA,ASO,ES,Federal Contract Tower,0,3,63,0,66,0,0,24,0,24,0,3,87,0,90,52,0,52,142
12/13/2017,FTY,GA,ASO,ES,Federal Contract Tower,0,6,56,0,62,0,0,32,0,32,0,6,88,0,94,86,0,86,180
12/14/2017,FTY,GA,ASO,ES,Federal Contract Tower,0,3,66,0,69,0,0,45,0,45,0,3,111,0,114,74,0,74,188
12/15/2017,FTY,GA,ASO,ES,Federal Contract Tower,0,3,38,0,41,0,0,21,0,21,0,3,59,0,62,58,0,58,120
12/16/2017,FTY,GA,ASO,ES,Federal Contract Tower,0,1,28,0,29,0,0,40,0,40,0,1,68,0,69,54,0,54,123
12/17/2017,FTY,GA,ASO,ES,Federal Contract Tower,0,3,35,0,38,0,0,9,0,9,0,3,44,0,47,0,0,0,47
12/18/2017,FTY,GA,ASO,ES,Federal Contract Tower,0,15,48,0,63,0,0,9,0,9,0,15,57,0,72,28,0,28,100
12/19/2017,FTY,GA,ASO,ES,Federal Contract Tower,0,6,56,0,62,0,0,8,0,8,0,6,64,0,70,38,0,38,108
12/20/2017,FTY,GA,ASO,ES,Federal Contract Tower,0,4,45,0,49,0,0,0,0,0,0,4,45,0,49,0,0,0,49
12/21/2017,FTY,GA,ASO,ES,Federal Contract Tower,0,9,51,0,60,0,0,0,0,0,0,9,51,0,60,0,0,0,60
12/23/2017,FTY,GA,ASO,ES,Federal Contract Tower,0,6,24,0,30,0,0,3,0,3,0,6,27,0,33,2,0,2,35
12/24/2017,FTY,GA,ASO,ES,Federal Contract Tower,0,7,16,0,23,0,0,9,0,9,0,7,25,0,32,16,0,16,48
12/25/2017,FTY,GA,ASO,ES,Federal Contract Tower,0,5,8,0,13,0,0,4,0,4,0,5,12,0,17,0,0,0,17
12/26/2017,FTY,GA,ASO,ES,Federal Contract Tower,0,11,50,0,61,0,1,32,0,33,0,12,82,0,94,82,0,82,176
12/27/2017,FTY,GA,ASO,ES,Federal Contract Tower,0,2,29,0,31,0,0,19,0,19,0,2,48,0,50,20,0,20,70
12/28/2017,FTY,GA,ASO,ES,Federal Contract Tower,0,8,35,0,43,0,0,13,0,13,0,8,48,0,56,0,0,0,56
12/29/2017,FTY,GA,ASO,ES,Federal Contract Tower,0,7,24,0,31,0,0,43,0,43,0,7,67,0,74,70,0,70,144
12/30/2017,FTY,GA,ASO,ES,Federal Contract Tower,0,5,26,0,31,0,0,16,0,16,0,5,42,0,47,10,0,10,57
12/31/2017,FTY,GA,ASO,ES,Federal Contract Tower,0,12,28,0,40,0,0,17,0,17,0,12,45,0,57,0,0,0,57
01/01/2018,FTY,GA,ASO,ES,Federal Contract Tower,0,2,34,0,36,0,0,11,0,11,0,2,45,0,47,0,0,0,47
01/02/2018,FTY,GA,ASO,ES,Federal Contract Tower,0,5,63,0,68,0,0,23,0,23,0,5,86,0,91,2,0,2,93
01/03/2018,FTY,GA,ASO,ES,Federal Contract Tower,0,0,42,0,42,0,0,38,0,38,0,0,80,0,80,70,0,70,150
01/04/2018,FTY,GA,ASO,ES,Federal Contract Tower,0,0,25,0,25,0,0,23,0,23,0,0,48,0,48,0,0,0,48
01/05/2018,FTY,GA,ASO,ES,Federal Contract Tower,0,1,53,0,54,0,0,42,0,42,0,1,95,0,96,60,0,60,156
01/06/2018,FTY,GA,ASO,ES,Federal Contract Tower,0,1,22,0,23,0,0,28,0,28,0,1,50,0,51,62,0,62,113
01/07/2018,FTY,GA,ASO,ES,Federal Contract Tower,0,20,42,0,62,0,0,34,0,34,0,20,76,0,96,120,0,120,216
01/08/2018,FTY,GA,ASO,ES,Federal Contract Tower,0,9,78,0,87,0,0,4,0,4,0,9,82,0,91,0,0,0,91
01/09/2018,FTY,GA,ASO,ES,Federal Contract Tower,0,19,141,0,160,0,0,11,0,11,0,19,152,0,171,44,0,44,215
01/10/2018,FTY,GA,ASO,ES,Federal Contract Tower,0,7,56,1,64,0,0,25,0,25,0,7,81,1,89,116,0,116,205
01/11/2018,FTY,GA,ASO,ES,Federal Contract Tower,0,23,87,2,112,0,0,0,0,0,0,23,87,2,112,0,0,0,112
01/12/2018,FTY,GA,ASO,ES,Federal Contract Tower,0,19,48,0,67,0,0,0,0,0,0,19,48,0,67,0,0,0,67
01/13/2018,FTY,GA,ASO,ES,Federal Contract Tower,0,1,30,0,31,0,0,8,0,8,0,1,38,0,39,0,0,0,39
01/14/2018,FTY,GA,ASO,ES,Federal Contract Tower,0,8,30,0,38,0,0,0,0,0,0,8,30,0,38,58,0,58,96
01/15/2018,FTY,GA,ASO,ES,Federal Contract Tower,0,10,47,0,57,0,1,33,0,34,0,11,80,0,91,70,0,70,161
01/16/2018,FTY,GA,ASO,ES,Federal Contract Tower,0,3,38,0,41,0,0,12,0,12,0,3,50,0,53,68,0,68,121
01/17/2018,FTY,GA,ASO,ES,Federal Contract Tower,0,7,33,0,40,0,0,9,0,9,0,7,42,0,49,0,0,0,49
01/18/2018,FTY,GA,ASO,ES,Federal Contract Tower,0,12,82,0,94,0,0,22,0,22,0,12,104,0,116,72,0,72,188
01/19/2018,FTY,GA,ASO,ES,Federal Contract Tower,0,3,50,0,53,0,0,53,0,53,0,3,103,0,106,86,0,86,192
01/20/2018,FTY,GA,ASO,ES,Federal Contract Tower,0,8,27,0,35,0,0,33,0,33,0,8,60,0,68,126,0,126,194
01/21/2018,FTY,GA,ASO,ES,Federal Contract Tower,0,9,33,0,42,0,0,39,0,39,0,9,72,0,81,110,0,110,191
01/22/2018,FTY,GA,ASO,ES,Federal Contract Tower,0,11,45,0,56,0,0,9,0,9,0,11,54,0,65,0,0,0,65
01/23/2018,FTY,GA,ASO,ES,Federal Contract Tower,0,8,59,0,67,0,0,28,0,28,0,8,87,0,95,36,0,36,131
01/24/2018,FTY,GA,ASO,ES,Federal Contract Tower,0,6,53,0,59,0,0,28,0,28,0,6,81,0,87,56,0,56,143
01/25/2018,FTY,GA,ASO,ES,Federal Contract Tower,0,9,60,0,69,0,0,74,0,74,0,9,134,0,143,102,0,102,245
01/26/2018,FTY,GA,ASO,ES,Federal Contract Tower,0,3,53,0,56,0,0,37,0,37,0,3,90,0,93,112,0,112,205
01/27/2018,FTY,GA,ASO,ES,Federal Contract Tower,0,3,8,0,11,0,0,12,0,12,0,3,20,0,23,38,0,38,61
01/28/2018,FTY,GA,ASO,ES,Federal Contract Tower,0,7,34,2,43,0,0,0,0,0,0,7,34,2,43,0,0,0,43
01/29/2018,FTY,GA,ASO,ES,Federal Contract Tower,0,7,69,0,76,0,0,25,0,25,0,7,94,0,101,118,0,118,219
01/30/2018,FTY,GA,ASO,ES,Federal Contract Tower,0,8,80,0,88,0,0,28,0,28,0,8,108,0,116,48,0,48,164
01/31/2018,FTY,GA,ASO,ES,Federal Contract Tower,0,5,80,0,85,0,0,44,0,44,0,5,124,0,129,86,0,86,215
02/01/2018,FTY,GA,ASO,ES,Federal Contract Tower,0,5,115,0,120,0,0,10,0,10,0,5,125,0,130,24,0,24,154
02/02/2018,FTY,GA,ASO,ES,Federal Contract Tower,0,5,49,0,54,0,0,26,0,26,0,5,75,0,80,54,0,54,134
02/03/2018,FTY,GA,ASO,ES,Federal Contract Tower,0,0,15,0,15,0,0,36,0,36,0,0,51,0,51,58,0,58,109
02/04/2018,FTY,GA,ASO,ES,Federal Contract Tower,0,8,28,0,36,0,0,0,0,0,0,8,28,0,36,0,0,0,36
02/05/2018,FTY,GA,ASO,ES,Federal Contract Tower,0,11,35,0,46,0,0,42,0,42,0,11,77,0,88,68,0,68,156
02/06/2018,FTY,GA,ASO,ES,Federal Contract Tower,0,7,55,0,62,0,0,39,0,39,0,7,94,0,101,106,0,106,207
02/07/2018,FTY,GA,ASO,ES,Federal Contract Tower,0,10,43,0,53,0,0,0,0,0,0,10,43,0,53,0,0,0,53
02/08/2018,FTY,GA,ASO,ES,Federal Contract Tower,0,7,78,0,85,0,0,53,0,53,0,7,131,0,138,88,0,88,226
02/09/2018,FTY,GA,ASO,ES,Federal Contract Tower,0,1,61,0,62,0,0,29,0,29,0,1,90,0,91,20,0,20,111
02/10/2018,FTY,GA,ASO,ES,Federal Contract Tower,0,11,44,1,56,0,0,0,0,0,0,11,44,1,56,0,0,0,56
02/11/2018,FTY,GA,ASO,ES,Federal Contract Tower,0,8,38,1,47,0,0,2,0,2,0,8,40,1,49,0,0,0,49
02/12/2018,FTY,GA,ASO,ES,Federal Contract Tower,0,8,48,0,56,0,0,10,0,10,0,8,58,0,66,40,0,40,106
02/13/2018,FTY,GA,ASO,ES,Federal Contract Tower,0,8,87,0,95,0,0,11,0,11,0,8,98,0,106,20,0,20,126
02/14/2018,FTY,GA,ASO,ES,Federal Contract Tower,0,2,45,0,47,0,0,4,0,4,0,2,49,0,51,0,0,0,51
02/15/2018,FTY,GA,ASO,ES,Federal Contract Tower,0,7,56,0,63,0,0,13,0,13,0,7,69,0,76,10,0,10,86
02/16/2018,FTY,GA,ASO,ES,Federal Contract Tower,0,7,44,0,51,0,0,18,0,18,0,7,62,0,69,50,0,50,119
02/17/2018,FTY,GA,ASO,ES,Federal Contract Tower,0,8,16,0,24,0,0,14,0,14,0,8,30,0,38,14,0,14,52
02/18/2018,FTY,GA,ASO,ES,Federal Contract Tower,0,3,20,0,23,0,0,38,0,38,0,3,58,0,61,76,0,76,137
02/19/2018,FTY,GA,ASO,ES,Federal Contract Tower,0,9,67,0,76,0,0,12,0,12,0,9,79,0,88,14,0,14,102
02/20/2018,FTY,GA,ASO,ES,Federal Contract Tower,0,10,69,0,79,0,0,6,0,6,0,10,75,0,85,0,0,0,85
02/21/2018,FTY,GA,ASO,ES,Federal Contract Tower,0,6,56,0,62,0,0,20,0,20,0,6,76,0,82,34,0,34,116
02/22/2018,FTY,GA,ASO,ES,Federal Contract Tower,0,14,80,0,94,0,0,37,0,37,0,14,117,0,131,90,0,90,221
02/23/2018,FTY,GA,ASO,ES,Federal Contract Tower,0,6,51,0,57,0,0,25,0,25,0,6,76,0,82,62,0,62,144
02/24/2018,FTY,GA,ASO,ES,Federal Contract Tower,0,1,27,0,28,0,0,40,0,40,0,1,67,0,68,160,0,160,228
02/25/2018,FTY,GA,ASO,ES,Federal Contract Tower,0,2,29,0,31,0,0,5,0,5,0,2,34,0,36,18,0,18,54
02/26/2018,FTY,GA,ASO,ES,Federal Contract Tower,0,8,41,0,49,0,0,10,0,10,0,8,51,0,59,48,0,48,107
02/27/2018,FTY,GA,ASO,ES,Federal Contract Tower,0,2,81,0,83,0,0,44,0,44,0,2,125,0,127,36,0,36,163
02/28/2018,FTY,GA,ASO,ES,Federal Contract Tower,0,12,60,0,72,0,0,0,0,0,0,12,60,0,72,0,0,0,72
03/01/2018,FTY,GA,ASO,ES,Federal Contract Tower,0,10,46,0,56,0,0,3,0,3,0,10,49,0,59,0,0,0,59
03/02/2018,FTY,GA,ASO,ES,Federal Contract Tower,0,10,54,0,64,0,0,42,0,42,0,10,96,0,106,88,0,88,194
03/03/2018,FTY,GA,ASO,ES,Federal Contract Tower,0,5,39,0,44,0,2,48,0,50,0,7,87,0,94,162,0,162,256
03/04/2018,FTY,GA,ASO,ES,Federal Contract Tower,0,3,49,0,52,0,0,45,0,45,0,3,94,0,97,126,0,126,223
03/05/2018,FTY,GA,ASO,ES,Federal Contract Tower,0,14,54,0,68,0,0,20,0,20,0,14,74,0,88,50,0,50,138
03/06/2018,FTY,GA,ASO,ES,Federal Contract Tower,0,11,69,0,80,0,0,12,0,12,0,11,81,0,92,40,0,40,132
03/07/2018,FTY,GA,ASO,ES,Federal Contract Tower,0,4,68,0,72,0,0,20,0,20,0,4,88,0,92,42,0,42,134
03/08/2018,FTY,GA,ASO,ES,Federal Contract Tower,0,9,66,0,75,0,0,25,0,25,0,9,91,0,100,64,0,64,164
03/09/2018,FTY,GA,ASO,ES,Federal Contract Tower,0,7,48,0,55,0,0,71,0,71,0,7,119,0,126,170,0,170,296
03/10/2018,FTY,GA,ASO,ES,Federal Contract Tower,0,6,25,0,31,0,0,33,0,33,0,6,58,0,64,132,0,132,196
03/11/2018,FTY,GA,ASO,ES,Federal Contract Tower,0,3,25,0,28,0,0,5,0,5,0,3,30,0,33,0,0,0,33
03/12/2018,FTY,GA,ASO,ES,Federal Contract Tower,0,7,40,0,47,0,0,7,0,7,0,7,47,0,54,0,0,0,54
03/13/2018,FTY,GA,ASO,ES,Federal Contract Tower,0,19,48,0,67,0,0,36,0,36,0,19,84,0,103,74,0,74,177
03/14/2018,FTY,GA,ASO,ES,Federal Contract Tower,0,7,35,0,42,0,0,38,0,38,0,7,73,0,80,78,0,78,158
03/15/2018,FTY,GA,ASO,ES,Federal Contract Tower,0,8,37,0,45,0,0,43,0,43,0,8,80,0,88,106,0,106,194
03/16/2018,FTY,GA,ASO,ES,Federal Contract Tower,0,9,76,0,85,0,0,50,0,50,0,9,126,0,135,88,0,88,223
03/17/2018,FTY,GA,ASO,ES,Federal Contract Tower,0,3,25,0,28,0,0,17,0,17,0,3,42,0,45,0,0,0,45
03/18/2018,FTY,GA,ASO,ES,Federal Contract Tower,0,5,29,0,34,0,0,49,0,49,0,5,78,0,83,108,0,108,191
03/19/2018,FTY,GA,ASO,ES,Federal Contract Tower,0,15,46,0,61,0,0,0,0,0,0,15,46,0,61,0,0,0,61
03/20/2018,FTY,GA,ASO,ES,Federal Contract Tower,0,8,43,0,51,0,0,12,0,12,0,8,55,0,63,4,0,4,67
03/21/2018,FTY,GA,ASO,ES,Federal Contract Tower,0,13,67,0,80,0,0,10,0,10,0,13,77,0,90,0,0,0,90
03/22/2018,FTY,GA,ASO,ES,Federal Contract Tower,0,9,78,0,87,0,0,31,0,31,0,9,109,0,118,12,0,12,130
03/23/2018,FTY,GA,ASO,ES,Federal Contract Tower,0,9,39,0,48,0,0,46,0,46,0,9,85,0,94,120,0,120,214
03/24/2018,FTY,GA,ASO,ES,Federal Contract Tower,0,3,12,0,15,0,0,42,4,46,0,3,54,4,61,50,0,50,111
03/25/2018,FTY,GA,ASO,ES,Federal Contract Tower,0,1,50,0,51,0,0,2,0,2,0,1,52,0,53,4,0,4,57
03/26/2018,FTY,GA,ASO,ES,Federal Contract Tower,0,7,67,0,74,0,0,8,0,8,0,7,75,0,82,24,0,24,106
03/27/2018,FTY,GA,ASO,ES,Federal Contract Tower,0,12,55,0,67,0,0,34,0,34,0,12,89,0,101,184,0,184,285
03/28/2018,FTY,GA,ASO,ES,Federal Contract Tower,0,1,68,0,69,0,0,48,2,50,0,1,116,2,119,128,0,128,247
03/29/2018,FTY,GA,ASO,ES,Federal Contract Tower,0,22,79,0,101,0,0,15,0,15,0,22,94,0,116,6,0,6,122
03/30/2018,FTY,GA,ASO,ES,Federal Contract Tower,0,5,48,0,53,0,0,29,0,29,0,5,77,0,82,146,0,146,228
03/31/2018,FTY,GA,ASO,ES,Federal Contract Tower,0,1,34,0,35,0,1,48,0,49,0,2,82,0,84,112,0,112,196
04/01/2018,FTY,GA,ASO,ES,Federal Contract Tower,0,5,42,0,47,0,0,34,0,34,0,5,76,0,81,70,0,70,151
04/02/2018,FTY,GA,ASO,ES,Federal Contract Tower,0,13,55,0,68,0,0,39,0,39,0,13,94,0,107,84,0,84,191
04/03/2018,FTY,GA,ASO,ES,Federal Contract Tower,0,11,61,0,72,0,0,19,0,19,0,11,80,0,91,48,0,48,139
04/04/2018,FTY,GA,ASO,ES,Federal Contract Tower,0,11,40,0,51,0,0,17,0,17,0,11,57,0,68,26,0,26,94
04/05/2018,FTY,GA,ASO,ES,Federal Contract Tower,0,11,64,0,75,0,0,56,0,56,0,11,120,0,131,136,0,136,267
04/06/2018,FTY,GA,ASO,ES,Federal Contract Tower,0,10,59,0,69,0,0,45,0,45,0,10,104,0,114,80,0,80,194
04/07/2018,FTY,GA,ASO,ES,Federal Contract Tower,0,2,27,0,29,0,0,2,0,2,0,2,29,0,31,0,0,0,31
04/08/2018,FTY,GA,ASO,ES,Federal Contract Tower,0,1,57,0,58,0,0,24,0,24,0,1,81,0,82,86,0,86,168
04/09/2018,FTY,GA,ASO,ES,Federal Contract Tower,0,3,48,0,51,0,0,13,0,13,0,3,61,0,64,42,0,42,106
04/10/2018,FTY,GA,ASO,ES,Federal Contract Tower,0,10,56,0,66,0,0,30,0,30,0,10,86,0,96,74,0,74,170
04/11/2018,FTY,GA,ASO,ES,Federal Contract Tower,0,13,78,0,91,0,0,56,0,56,0,13,134,0,147,114,0,114,261
04/12/2018,FTY,GA,ASO,ES,Federal Contract Tower,0,6,58,0,64,0,0,68,0,68,0,6,126,0,132,78,0,78,210
04/13/2018,FTY,GA,ASO,ES,Federal Contract Tower,0,5,43,0,48,0,0,41,0,41,0,5,84,0,89,33,0,33,122
04/14/2018,FTY,GA,ASO,ES,Federal Contract Tower,0,5,23,0,28,0,0,24,0,24,0,5,47,0,52,22,0,22,74
04/15/2018,FTY,GA,ASO,ES,Federal Contract Tower,0,14,27,0,41,0,0,5,0,5,0,14,32,0,46,0,0,0,46
04/16/2018,FTY,GA,ASO,ES,Federal Contract Tower,0,11,53,0,64,0,0,18,0,18,0,11,71,0,82,26,0,26,108
04/17/2018,FTY,GA,ASO,ES,Federal Contract Tower,0,7,63,0,70,0,0,35,0,35,0,7,98,0,105,126,0,126,231
04/18/2018,FTY,GA,ASO,ES,Federal Contract Tower,0,15,63,0,78,0,0,42,0,42,0,15,105,0,120,76,0,76,196
04/19/2018,FTY,GA,ASO,ES,Federal Contract Tower,0,15,69,0,84,0,0,44,0,44,0,15,113,0,128,142,0,142,270
04/20/2018,FTY,GA,ASO,ES,Federal Contract Tower,0,8,51,0,59,0,0,51,0,51,0,8,102,0,110,218,0,218,328
04/21/2018,FTY,GA,ASO,ES,Federal Contract Tower,0,7,24,0,31,0,0,33,0,33,0,7,57,0,64,78,0,78,142
04/22/2018,FTY,GA,ASO,ES,Federal Contract Tower,0,8,36,0,44,0,0,4,0,4,0,8,40,0,48,0,0,0,48
04/23/2018,FTY,GA,ASO,ES,Federal Contract Tower,0,10,58,0,68,0,0,0,0,0,0,10,58,0,68,0,0,0,68
04/24/2018,FTY,GA,ASO,ES,Federal Contract Tower,0,17,87,0,104,0,0,11,0,11,0,17,98,0,115,36,0,36,151
04/25/2018,FTY,GA,ASO,ES,Federal Contract Tower,0,17,73,0,90,0,0,38,0,38,0,17,111,0,128,162,0,162,290
04/26/2018,FTY,GA,ASO,ES,Federal Contract Tower,0,13,73,0,86,0,0,15,0,15,0,13,88,0,101,120,0,120,221
04/27/2018,FTY,GA,ASO,ES,Federal Contract Tower,0,9,63,0,72,0,0,40,0,40,0,9,103,0,112,52,0,52,164
04/28/2018,FTY,GA,ASO,ES,Federal Contract Tower,0,1,19,0,20,0,0,65,0,65,0,1,84,0,85,114,0,114,199
04/29/2018,FTY,GA,ASO,ES,Federal Contract Tower,0,9,41,0,50,0,0,42,0,42,0,9,83,0,92,124,0,124,216
04/30/2018,FTY,GA,ASO,ES,Federal Contract Tower,0,5,48,0,53,0,0,48,0,48,0,5,96,0,101,164,0,164,265
05/01/2018,FTY,GA,ASO,ES,Federal Contract Tower,0,16,64,0,80,0,0,55,0,55,0,16,119,0,135,196,0,196,331
05/02/2018,FTY,GA,ASO,ES,Federal Contract Tower,0,6,58,0,64,0,0,57,0,57,0,6,115,0,121,152,0,152,273
05/03/2018,FTY,GA,ASO,ES,Federal Contract Tower,0,14,66,0,80,0,0,39,0,39,0,14,105,0,119,116,0,116,235
05/04/2018,FTY,GA,ASO,ES,Federal Contract Tower,0,9,62,0,71,0,0,63,0,63,0,9,125,0,134,140,0,140,274
05/05/2018,FTY,GA,ASO,ES,Federal Contract Tower,0,0,33,0,33,0,0,37,0,37,0,0,70,0,70,90,0,90,160
05/06/2018,FTY,GA,ASO,ES,Federal Contract Tower,0,9,35,0,44,0,0,40,0,40,0,9,75,0,84,68,0,68,152
05/07/2018,FTY,GA,ASO,ES,Federal Contract Tower,0,0,54,0,54,0,0,34,0,34,0,0,88,0,88,80,0,80,168
05/08/2018,FTY,GA,ASO,ES,Federal Contract Tower,0,6,58,0,64,0,0,45,0,45,0,6,103,0,109,82,0,82,191
05/09/2018,FTY,GA,ASO,ES,Federal Contract Tower,0,15,62,0,77,0,0,68,0,68,0,15,130,0,145,220,0,220,365
05/10/2018,FTY,GA,ASO,ES,Federal Contract Tower,0,5,71,0,76,0,0,35,0,35,0,5,106,0,111,70,0,70,181
05/11/2018,FTY,GA,ASO,ES,Federal Contract Tower,0,0,59,0,59,0,0,65,0,65,0,0,124,0,124,176,0,176,300
05/12/2018,FTY,GA,ASO,ES,Federal Contract Tower,0,6,22,0,28,0,0,49,0,49,0,6,71,0,77,98,0,98,175
05/13/2018,FTY,GA,ASO,ES,Federal Contract Tower,0,4,24,0,28,0,0,24,0,24,0,4,48,0,52,0,0,0,52
05/14/2018,FTY,GA,ASO,ES,Federal Contract Tower,0,6,49,0,55,0,0,39,0,39,0,6,88,0,94,40,0,40,134
05/15/2018,FTY,GA,ASO,ES,Federal Contract Tower,0,9,68,0,77,0,0,19,0,19,0,9,87,0,96,50,0,50,146
05/16/2018,FTY,GA,ASO,ES,Federal Contract Tower,0,9,64,0,73,0,0,3,0,3,0,9,67,0,76,0,0,0,76
05/18/2018,FTY,GA,ASO,ES,Federal Contract Tower,0,6,63,0,69,0,0,13,0,13,0,6,76,0,82,48,0,48,130
05/19/2018,FTY,GA,ASO,ES,Federal Contract Tower,0,14,44,0,58,0,0,25,0,25,0,14,69,0,83,14,0,14,97
05/20/2018,FTY,GA,ASO,ES,Federal Contract Tower,0,12,47,0,59,0,0,16,0,16,0,12,63,0,75,66,0,66,141
05/21/2018,FTY,GA,ASO,ES,Federal Contract Tower,0,9,55,0,64,0,0,42,0,42,0,9,97,0,106,70,0,70,176
05/22/2018,FTY,GA,ASO,ES,Federal Contract Tower,0,7,63,0,70,0,0,22,0,22,0,7,85,0,92,46,0,46,138
05/23/2018,FTY,GA,ASO,ES,Federal Contract Tower,0,10,87,0,97,0,0,20,0,20,0,10,107,0,117,78,0,78,195
05/24/2018,FTY,GA,ASO,ES,Federal Contract Tower,0,15,89,0,104,0,0,20,0,20,0,15,109,0,124,82,0,82,206
05/25/2018,FTY,GA,ASO,ES,Federal Contract Tower,0,18,56,0,74,0,0,22,0,22,0,18,78,0,96,34,0,34,130
05/26/2018,FTY,GA,ASO,ES,Federal Contract Tower,0,5,19,0,24,0,0,19,0,19,0,5,38,0,43,56,0,56,99
05/27/2018,FTY,GA,ASO,ES,Federal Contract Tower,0,4,7,0,11,0,0,13,0,13,0,4,20,0,24,38,0,38,62
05/28/2018,FTY,GA,ASO,ES,Federal Contract Tower,0,11,32,0,43,0,0,0,0,0,0,11,32,0,43,0,0,0,43
05/29/2018,FTY,GA,ASO,ES,Federal Contract Tower,0,11,45,0,56,0,0,8,0,8,0,11,53,0,64,26,0,26,90
05/30/2018,FTY,GA,ASO,ES,Federal Contract Tower,0,6,52,0,58,0,0,4,0,4,0,6,56,0,62,20,0,20,82
05/31/2018,FTY,GA,ASO,ES,Federal Contract Tower,0,3,69,0,72,0,0,18,0,18,0,3,87,0,90,74,0,74,164
06/01/2018,FTY,GA,ASO,ES,Federal Contract Tower,0,7,51,0,58,0,0,20,0,20,0,7,71,0,78,38,0,38,116
06/02/2018,FTY,GA,ASO,ES,Federal Contract Tower,0,6,35,0,41,0,0,32,0,32,0,6,67,0,73,84,0,84,157
06/03/2018,FTY,GA,ASO,ES,Federal Contract Tower,0,6,27,0,33,0,0,42,0,42,0,6,69,0,75,100,0,100,175
06/04/2018,FTY,GA,ASO,ES,Federal Contract Tower,0,8,46,0,54,0,0,44,0,44,0,8,90,0,98,82,0,82,180
06/05/2018,FTY,GA,ASO,ES,Federal Contract Tower,0,9,64,0,73,0,0,61,0,61,0,9,125,0,134,154,0,154,288
06/06/2018,FTY,GA,ASO,ES,Federal Contract Tower,0,8,55,0,63,0,0,53,0,53,0,8,108,0,116,150,0,150,266
06/07/2018,FTY,GA,ASO,ES,Federal Contract Tower,0,8,63,0,71,0,0,60,0,60,0,8,123,0,131,192,0,192,323
06/08/2018,FTY,GA,ASO,ES,Federal Contract Tower,0,15,54,0,69,0,0,31,0,31,0,15,85,0,100,118,0,118,218
06/09/2018,FTY,GA,ASO,ES,Federal Contract Tower,0,3,22,0,25,0,0,26,0,26,0,3,48,0,51,78,0,78,129
06/10/2018,FTY,GA,ASO,ES,Federal Contract Tower,0,3,30,0,33,0,0,41,0,41,0,3,71,0,74,102,0,102,176
06/11/2018,FTY,GA,ASO,ES,Federal Contract Tower,0,5,39,0,44,0,0,14,0,14,0,5,53,0,58,22,0,22,80
06/12/2018,FTY,GA,ASO,ES,Federal Contract Tower,0,9,72,0,81,0,0,11,0,11,0,9,83,0,92,74,0,74,166
06/13/2018,FTY,GA,ASO,ES,Federal Contract Tower,0,14,68,0,82,0,0,12,0,12,0,14,80,0,94,24,0,24,118
06/14/2018,FTY,GA,ASO,ES,Federal Contract Tower,0,13,73,0,86,0,0,30,0,30,0,13,103,0,116,166,0,166,282
06/15/2018,FTY,GA,ASO,ES,Federal Contract Tower,0,16,62,0,78,0,0,68,0,68,0,16,130,0,146,70,0,70,216
06/16/2018,FTY,GA,ASO,ES,Federal Contract Tower,0,6,35,0,41,0,0,30,0,30,0,6,65,0,71,94,0,94,165
06/17/2018,FTY,GA,ASO,ES,Federal Contract Tower,0,9,35,0,44,0,0,10,0,10,0,9,45,0,54,24,6,30,84
06/18/2018,FTY,GA,ASO,ES,Federal Contract Tower,0,10,38,0,48,0,0,46,0,46,0,10,84,0,94,178,0,178,272
06/19/2018,FTY,GA,ASO,ES,Federal Contract Tower,0,8,74,0,82,0,0,60,0,60,0,8,134,0,142,136,0,136,278
06/20/2018,FTY,GA,ASO,ES,Federal Contract Tower,0,6,65,0,71,0,0,44,0,44,0,6,109,0,115,114,0,114,229
06/21/2018,FTY,GA,ASO,ES,Federal Contract Tower,0,6,62,0,68,0,0,35,0,35,0,6,97,0,103,66,0,66,169
06/22/2018,FTY,GA,ASO,ES,Federal Contract Tower,0,11,45,0,56,0,0,35,0,35,0,11,80,0,91,50,0,50,141
06/23/2018,FTY,GA,ASO,ES,Federal Contract Tower,0,3,29,0,32,0,0,27,0,27,0,3,56,0,59,100,0,100,159
06/24/2018,FTY,GA,ASO,ES,Federal Contract Tower,0,3,32,0,35,0,0,51,0,51,0,3,83,0,86,152,0,152,238
06/25/2018,FTY,GA,ASO,ES,Federal Contract Tower,0,10,54,0,64,0,0,19,0,19,0,10,73,0,83,22,0,22,105
06/26/2018,FTY,GA,ASO,ES,Federal Contract Tower,0,10,64,0,74,0,0,49,0,49,0,10,113,0,123,136,0,136,259
06/27/2018,FTY,GA,ASO,ES,Federal Contract Tower,0,3,59,0,62,0,0,23,0,23,0,3,82,0,85,24,0,24,109
06/28/2018,FTY,GA,ASO,ES,Federal Contract Tower,0,9,57,0,66,0,0,25,0,25,0,9,82,0,91,30,0,30,121
06/29/2018,FTY,GA,ASO,ES,Federal Contract Tower,0,19,54,0,73,0,0,48,0,48,0,19,102,0,121,158,0,158,279
06/30/2018,FTY,GA,ASO,ES,Federal Contract Tower,0,2,24,0,26,0,0,46,0,46,0,2,70,0,72,58,0,58,130
07/01/2018,FTY,GA,ASO,ES,Federal Contract Tower,0,1,25,0,26,0,0,27,0,27,0,1,52,0,53,42,0,42,95
07/02/2018,FTY,GA,ASO,ES,Federal Contract Tower,0,2,26,0,28,0,0,39,0,39,0,2,65,0,67,62,0,62,129
07/03/2018,FTY,GA,ASO,ES,Federal Contract Tower,0,3,42,0,45,0,0,49,0,49,0,3,91,0,94,90,0,90,184
07/05/2018,FTY,GA,ASO,ES,Federal Contract Tower,0,3,36,0,39,0,0,31,0,31,0,3,67,0,70,98,0,98,168
07/06/2018,FTY,GA,ASO,ES,Federal Contract Tower,0,0,29,0,29,0,0,34,0,34,0,0,63,0,63,88,0,88,151
07/07/2018,FTY,GA,ASO,ES,Federal Contract Tower,0,6,18,0,24,0,0,43,0,43,0,6,61,0,67,92,0,92,159
07/08/2018,FTY,GA,ASO,ES,Federal Contract Tower,0,4,41,0,45,0,0,41,0,41,0,4,82,0,86,58,0,58,144
07/09/2018,FTY,GA,ASO,ES,Federal Contract Tower,0,10,50,0,60,0,0,32,0,32,0,10,82,0,92,122,0,122,214
07/10/2018,FTY,GA,ASO,ES,Federal Contract Tower,0,10,36,0,46,0,0,43,0,43,0,10,79,0,89,120,0,120,209
07/11/2018,FTY,GA,ASO,ES,Federal Contract Tower,0,14,55,0,69,0,0,41,0,41,0,14,96,0,110,138,0,138,248
07/12/2018,FTY,GA,ASO,ES,Federal Contract Tower,0,10,44,0,54,0,0,33,0,33,0,10,77,0,87,134,0,134,221
07/13/2018,FTY,GA,ASO,ES,Federal Contract Tower,0,8,54,0,62,0,0,16,0,16,0,8,70,0,78,62,0,62,140
07/14/2018,FTY,GA,ASO,ES,Federal Contract Tower,0,1,20,0,21,0,0,14,0,14,0,1,34,0,35,10,0,10,45
07/15/2018,FTY,GA,ASO,ES,Federal Contract Tower,0,2,22,0,24,0,0,19,0,19,0,2,41,0,43,50,0,50,93
07/16/2018,FTY,GA,ASO,ES,Federal Contract Tower,0,7,57,0,64,0,0,22,0,22,0,7,79,0,86,20,0,20,106
07/17/2018,FTY,GA,ASO,ES,Federal Contract Tower,0,12,59,0,71,0,0,20,0,20,0,12,79,0,91,46,0,46,137
07/18/2018,FTY,GA,ASO,ES,Federal Contract Tower,0,5,59,0,64,0,0,40,0,40,0,5,99,0,104,70,0,70,174
07/19/2018,FTY,GA,ASO,ES,Federal Contract Tower,0,15,55,0,70,0,0,22,0,22,0,15,77,0,92,100,0,100,192
07/20/2018,FTY,GA,ASO,ES,Federal Contract Tower,0,5,40,0,45,0,0,32,0,32,0,5,72,0,77,82,0,82,159
07/21/2018,FTY,GA,ASO,ES,Federal Contract Tower,0,11,26,0,37,0,0,24,0,24,0,11,50,0,61,46,0,46,107
07/22/2018,FTY,GA,ASO,ES,Federal Contract Tower,0,10,38,0,48,0,0,42,0,42,0,10,80,0,90,104,0,104,194
07/23/2018,FTY,GA,ASO,ES,Federal Contract Tower,0,4,51,0,55,0,0,33,0,33,0,4,84,0,88,98,0,98,186
07/24/2018,FTY,GA,ASO,ES,Federal Contract Tower,0,6,58,0,64,0,0,20,0,20,0,6,78,0,84,22,0,22,106
07/25/2018,FTY,GA,ASO,ES,Federal Contract Tower,0,4,62,0,66,0,0,34,0,34,0,4,96,0,100,70,0,70,170
07/26/2018,FTY,GA,ASO,ES,Federal Contract Tower,0,7,55,0,62,0,0,38,0,38,0,7,93,0,100,144,0,144,244
07/27/2018,FTY,GA,ASO,ES,Federal Contract Tower,0,10,50,0,60,0,0,46,0,46,0,10,96,0,106,122,0,122,228
07/28/2018,FTY,GA,ASO,ES,Federal Contract Tower,0,6,16,0,22,0,0,46,0,46,0,6,62,0,68,108,0,108,176
07/29/2018,FTY,GA,ASO,ES,Federal Contract Tower,0,5,37,0,42,0,0,42,0,42,0,5,79,0,84,82,0,82,166
07/30/2018,FTY,GA,ASO,ES,Federal Contract Tower,0,4,43,0,47,0,0,37,0,37,0,4,80,0,84,76,0,76,160
07/31/2018,FTY,GA,ASO,ES,Federal Contract Tower,0,6,39,0,45,0,0,6,0,6,0,6,45,0,51,0,0,0,51
08/01/2018,FTY,GA,ASO,ES,Federal Contract Tower,0,12,48,0,60,0,0,1,0,1,0,12,49,0,61,0,0,0,61
08/02/2018,FTY,GA,ASO,ES,Federal Contract Tower,0,13,40,0,53,0,0,5,0,5,0,13,45,0,58,0,0,0,58
08/03/2018,FTY,GA,ASO,ES,Federal Contract Tower,0,8,35,0,43,0,0,20,0,20,0,8,55,0,63,58,0,58,121
08/04/2018,FTY,GA,ASO,ES,Federal Contract Tower,0,4,14,0,18,0,0,50,0,50,0,4,64,0,68,70,0,70,138
08/05/2018,FTY,GA,ASO,ES,Federal Contract Tower,0,9,37,0,46,0,0,27,0,27,0,9,64,0,73,84,0,84,157
08/06/2018,FTY,GA,ASO,ES,Federal Contract Tower,0,11,49,0,60,0,0,35,0,35,0,11,84,0,95,38,0,38,133
08/07/2018,FTY,GA,ASO,ES,Federal Contract Tower,0,9,60,0,69,0,0,39,0,39,0,9,99,0,108,110,0,110,218
08/08/2018,FTY,GA,ASO,ES,Federal Contract Tower,0,12,51,0,63,0,0,31,0,31,0,12,82,0,94,102,0,102,196
08/09/2018,FTY,GA,ASO,ES,Federal Contract Tower,0,10,66,0,76,0,0,28,0,28,0,10,94,0,104,78,0,78,182
08/10/2018,FTY,GA,ASO,ES,Federal Contract Tower,0,5,55,0,60,0,0,13,0,13,0,5,68,0,73,64,0,64,137
08/11/2018,FTY,GA,ASO,ES,Federal Contract Tower,0,5,31,0,36,0,0,48,0,48,0,5,79,0,84,226,0,226,310
08/12/2018,FTY,GA,ASO,ES,Federal Contract Tower,0,11,38,0,49,0,0,40,0,40,0,11,78,0,89,62,0,62,151
08/13/2018,FTY,GA,ASO,ES,Federal Contract Tower,0,9,63,0,72,0,0,50,0,50,0,9,113,0,122,140,0,140,262
08/14/2018,FTY,GA,ASO,ES,Federal Contract Tower,0,12,58,0,70,0,0,31,0,31,0,12,89,0,101,96,0,96,197
08/15/2018,FTY,GA,ASO,ES,Federal Contract Tower,0,8,83,0,91,0,0,32,0,32,0,8,115,0,123,70,0,70,193
08/16/2018,FTY,GA,ASO,ES,Federal Contract Tower,0,6,73,0,79,0,0,33,0,33,0,6,106,0,112,122,0,122,234
08/17/2018,FTY,GA,ASO,ES,Federal Contract Tower,0,8,66,0,74,0,0,16,0,16,0,8,82,0,90,8,0,8,98
08/18/2018,FTY,GA,ASO,ES,Federal Contract Tower,0,4,14,0,18,0,0,18,0,18,0,4,32,0,36,22,0,22,58
08/19/2018,FTY,GA,ASO,ES,Federal Contract Tower,0,5,28,0,33,0,0,13,0,13,0,5,41,0,46,0,0,0,46
08/20/2018,FTY,GA,ASO,ES,Federal Contract Tower,0,10,46,0,56,0,0,4,0,4,0,10,50,0,60,12,0,12,72
08/21/2018,FTY,GA,ASO,ES,Federal Contract Tower,0,3,58,0,61,0,0,15,0,15,0,3,73,0,76,54,0,54,130
08/22/2018,FTY,GA,ASO,ES,Federal Contract Tower,0,7,66,0,73,0,0,34,0,34,0,7,100,0,107,118,0,118,225
08/23/2018,FTY,GA,ASO,ES,Federal Contract Tower,0,12,72,0,84,0,0,39,0,39,0,12,111,0,123,82,0,82,205
08/24/2018,FTY,GA,ASO,ES,Federal Contract Tower,0,2,62,0,64,0,0,49,0,49,0,2,111,0,113,108,0,108,221
08/25/2018,FTY,GA,ASO,ES,Federal Contract Tower,0,2,24,0,26,0,0,47,0,47,0,2,71,0,73,94,0,94,167
08/26/2018,FTY,GA,ASO,ES,Federal Contract Tower,0,3,34,0,37,0,0,38,0,38,0,3,72,0,75,82,0,82,157
08/27/2018,FTY,GA,ASO,ES,Federal Contract Tower,0,6,64,0,70,0,0,50,0,50,0,6,114,0,120,102,0,102,222
08/28/2018,FTY,GA,ASO,ES,Federal Contract Tower,0,11,66,0,77,0,0,38,0,38,0,11,104,0,115,112,0,112,227
08/29/2018,FTY,GA,ASO,ES,Federal Contract Tower,0,15,67,0,82,0,0,32,0,32,0,15,99,0,114,82,0,82,196
08/30/2018,FTY,GA,ASO,ES,Federal Contract Tower,0,22,77,0,99,0,0,53,0,53,0,22,130,0,152,150,0,150,302
08/31/2018,FTY,GA,ASO,ES,Federal Contract Tower,0,9,80,0,89,0,1,42,0,43,0,10,122,0,132,98,0,98,230
09/01/2018,FTY,GA,ASO,ES,Federal Contract Tower,0,9,32,0,41,0,0,41,0,41,0,9,73,0,82,72,0,72,154
09/02/2018,FTY,GA,ASO,ES,Federal Contract Tower,0,4,27,0,31,0,0,30,0,30,0,4,57,0,61,20,0,20,81
09/03/2018,FTY,GA,ASO,ES,Federal Contract Tower,0,21,52,0,73,0,0,18,0,18,0,21,70,0,91,24,0,24,115
09/05/2018,FTY,GA,ASO,ES,Federal Contract Tower,0,5,88,0,93,0,0,24,0,24,0,5,112,0,117,78,0,78,195
09/06/2018,FTY,GA,ASO,ES,Federal Contract Tower,0,13,55,0,68,0,0,29,0,29,0,13,84,0,97,68,0,68,165
09/07/2018,FTY,GA,ASO,ES,Federal Contract Tower,0,10,47,0,57,0,0,35,0,35,0,10,82,0,92,44,0,44,136
09/08/2018,FTY,GA,ASO,ES,Federal Contract Tower,0,0,21,0,21,0,0,45,0,45,0,0,66,0,66,84,0,84,150
09/09/2018,FTY,GA,ASO,ES,Federal Contract Tower,0,5,37,0,42,0,0,38,0,38,0,5,75,0,80,70,0,70,150
09/10/2018,FTY,GA,ASO,ES,Federal Contract Tower,0,10,54,0,64,0,0,23,0,23,0,10,77,0,87,38,0,38,125
09/11/2018,FTY,GA,ASO,ES,Federal Contract Tower,0,19,95,0,114,0,0,26,0,26,0,19,121,0,140,40,0,40,180
09/12/2018,FTY,GA,ASO,ES,Federal Contract Tower,0,14,77,0,91,0,0,22,0,22,0,14,99,0,113,22,0,22,135
09/13/2018,FTY,GA,ASO,ES,Federal Contract Tower,0,11,62,0,73,0,0,27,0,27,0,11,89,0,100,128,0,128,228
09/14/2018,FTY,GA,ASO,ES,Federal Contract Tower,0,10,53,0,63,0,2,45,0,47,0,12,98,0,110,152,0,152,262
09/15/2018,FTY,GA,ASO,ES,Federal Contract Tower,0,3,28,0,31,0,0,49,0,49,0,3,77,0,80,30,0,30,110
09/16/2018,FTY,GA,ASO,ES,Federal Contract Tower,0,8,47,0,55,0,0,14,0,14,0,8,61,0,69,16,0,16,85
09/17/2018,FTY,GA,ASO,ES,Federal Contract Tower,0,5,58,0,63,0,0,33,0,33,0,5,91,0,96,132,0,132,228
09/18/2018,FTY,GA,ASO,ES,Federal Contract Tower,0,6,61,0,67,0,0,60,0,60,0,6,121,0,127,196,0,196,323
09/19/2018,FTY,GA,ASO,ES,Federal Contract Tower,0,20,76,0,96,0,0,36,0,36,0,20,112,0,132,100,0,100,232
09/20/2018,FTY,GA,ASO,ES,Federal Contract Tower,0,22,77,0,99,0,0,48,0,48,0,22,125,0,147,118,0,118,265
09/21/2018,FTY,GA,ASO,ES,Federal Contract Tower,0,18,78,0,96,0,0,49,0,49,0,18,127,0,145,130,0,130,275
09/22/2018,FTY,GA,ASO,ES,Federal Contract Tower,0,18,36,0,54,0,0,36,0,36,0,18,72,0,90,18,0,18,108
09/23/2018,FTY,GA,ASO,ES,Federal Contract Tower,0,13,46,0,59,0,0,38,0,38,0,13,84,0,97,46,0,46,143
09/24/2018,FTY,GA,ASO,ES,Federal Contract Tower,0,19,71,0,90,0,0,24,0,24,0,19,95,0,114,50,0,50,164
09/25/2018,FTY,GA,ASO,ES,Federal Contract Tower,0,16,87,0,103,0,0,12,2,14,0,16,99,2,117,22,4,26,143
09/26/2018,FTY,GA,ASO,ES,Federal Contract Tower,0,28,88,0,116,0,0,11,0,11,0,28,99,0,127,38,0,38,165
09/27/2018,FTY,GA,ASO,ES,Federal Contract Tower,0,26,101,0,127,0,2,14,0,16,0,28,115,0,143,36,0,36,179
09/28/2018,FTY,GA,ASO,ES,Federal Contract Tower,0,30,92,0,122,0,0,13,0,13,0,30,105,0,135,32,0,32,167
09/29/2018,FTY,GA,ASO,ES,Federal Contract Tower,0,5,24,0,29,0,1,45,0,46,0,6,69,0,75,48,0,48,123
09/30/2018,FTY,GA,ASO,ES,Federal Contract Tower,0,36,53,0,89,0,0,22,0,22,0,36,75,0,111,22,0,22,133
10/01/2018,FTY,GA,ASO,ES,Federal Contract Tower,0,22,72,0,94,0,0,46,0,46,0,22,118,0,140,126,0,126,266
10/02/2018,FTY,GA,ASO,ES,Federal Contract Tower,0,33,116,0,149,0,0,40,0,40,0,33,156,0,189,38,0,38,227
10/03/2018,FTY,GA,ASO,ES,Federal Contract Tower,0,30,90,0,120,0,0,49,0,49,0,30,139,0,169,102,0,102,271
10/04/2018,FTY,GA,ASO,ES,Federal Contract Tower,0,22,82,0,104,0,0,44,0,44,0,22,126,0,148,68,0,68,216
10/05/2018,FTY,GA,ASO,ES,Federal Contract Tower,0,45,73,0,118,0,1,51,0,52,0,46,124,0,170,78,0,78,248
10/06/2018,FTY,GA,ASO,ES,Federal Contract Tower,0,12,28,0,40,0,0,53,0,53,0,12,81,0,93,68,0,68,161
10/07/2018,FTY,GA,ASO,ES,Federal Contract Tower,0,29,34,0,63,0,0,28,0,28,0,29,62,0,91,22,0,22,113
10/08/2018,FTY,GA,ASO,ES,Federal Contract Tower,0,38,78,0,116,0,0,21,0,21,0,38,99,0,137,38,0,38,175
10/09/2018,FTY,GA,ASO,ES,Federal Contract Tower,0,44,91,0,135,0,0,4,0,4,0,44,95,0,139,0,0,0,139
10/10/2018,FTY,GA,ASO,ES,Federal Contract Tower,0,35,97,0,132,0,0,0,0,0,0,35,97,0,132,2,0,2,134
10/11/2018,FTY,GA,ASO,ES,Federal Contract Tower,0,30,45,0,75,0,0,6,0,6,0,30,51,0,81,0,0,0,81
10/12/2018,FTY,GA,ASO,ES,Federal Contract Tower,0,44,95,0,139,0,0,73,0,73,0,44,168,0,212,90,0,90,302
10/13/2018,FTY,GA,ASO,ES,Federal Contract Tower,0,25,41,0,66,0,1,47,0,48,0,26,88,0,114,76,0,76,190
10/14/2018,FTY,GA,ASO,ES,Federal Contract Tower,0,47,58,0,105,0,0,51,0,51,0,47,109,0,156,92,0,92,248
10/15/2018,FTY,GA,ASO,ES,Federal Contract Tower,0,18,91,0,109,0,0,14,0,14,0,18,105,0,123,26,0,26,149
10/16/2018,FTY,GA,ASO,ES,Federal Contract Tower,0,31,108,0,139,0,1,20,0,21,0,32,128,0,160,54,0,54,214
10/17/2018,FTY,GA,ASO,ES,Federal Contract Tower,0,34,97,0,131,0,0,25,0,25,0,34,122,0,156,30,0,30,186
10/18/2018,FTY,GA,ASO,ES,Federal Contract Tower,0,33,103,0,136,0,0,37,0,37,0,33,140,0,173,80,0,80,253
10/19/2018,FTY,GA,ASO,ES,Federal Contract Tower,0,29,73,0,102,0,0,34,0,34,0,29,107,0,136,144,0,144,280
10/20/2018,FTY,GA,ASO,ES,Federal Contract Tower,0,12,54,0,66,0,1,15,0,16,0,13,69,0,82,30,0,30,112
10/21/2018,FTY,GA,ASO,ES,Federal Contract Tower,0,32,48,0,80,0,0,60,0,60,0,32,108,0,140,62,0,62,202
10/22/2018,FTY,GA,ASO,ES,Federal Contract Tower,0,26,90,0,116,0,0,43,0,43,0,26,133,0,159,42,0,42,201
10/23/2018,FTY,GA,ASO,ES,Federal Contract Tower,0,35,99,0,134,0,1,44,0,45,0,36,143,0,179,128,0,128,307
10/24/2018,FTY,GA,ASO,ES,Federal Contract Tower,0,33,82,0,115,0,0,57,0,57,0,33,139,0,172,40,0,40,212
10/25/2018,FTY,GA,ASO,ES,Federal Contract Tower,0,25,97,0,122,0,0,26,0,26,0,25,123,0,148,58,0,58,206
10/26/2018,FTY,GA,ASO,ES,Federal Contract Tower,0,48,77,0,125,0,0,0,0,0,0,48,77,0,125,0,0,0,125
10/27/2018,FTY,GA,ASO,ES,Federal Contract Tower,0,13,41,0,54,0,0,4,0,4,0,13,45,0,58,0,0,0,58
10/28/2018,FTY,GA,ASO,ES,Federal Contract Tower,0,17,49,0,66,0,0,29,0,29,0,17,78,0,95,34,0,34,129
10/29/2018,FTY,GA,ASO,ES,Federal Contract Tower,0,42,89,0,131,0,0,31,0,31,0,42,120,0,162,40,0,40,202
10/30/2018,FTY,GA,ASO,ES,Federal Contract Tower,0,33,97,0,130,0,0,49,0,49,0,33,146,0,179,50,0,50,229
10/31/2018,FTY,GA,ASO,ES,Federal Contract Tower,0,38,53,0,91,0,0,52,0,52,0,38,105,0,143,80,0,80,223
11/01/2018,FTY,GA,ASO,ES,Federal Contract Tower,0,41,105,0,146,0,2,8,0,10,0,43,113,0,156,0,0,0,156
11/02/2018,FTY,GA,ASO,ES,Federal Contract Tower,0,48,98,0,146,0,1,4,0,5,0,49,102,0,151,0,0,0,151
11/03/2018,FTY,GA,ASO,ES,Federal Contract Tower,0,9,23,2,34,0,0,66,0,66,0,9,89,2,100,202,0,202,302
11/04/2018,FTY,GA,ASO,ES,Federal Contract Tower,0,12,26,0,38,0,0,28,0,28,0,12,54,0,66,38,0,38,104
11/05/2018,FTY,GA,ASO,ES,Federal Contract Tower,0,34,135,0,169,0,0,2,0,2,0,34,137,0,171,10,0,10,181
11/06/2018,FTY,GA,ASO,ES,Federal Contract Tower,0,54,130,0,184,0,0,27,0,27,0,54,157,0,211,30,0,30,241
11/07/2018,FTY,GA,ASO,ES,Federal Contract Tower,0,43,136,0,179,0,0,18,0,18,0,43,154,0,197,14,0,14,211
11/08/2018,FTY,GA,ASO,ES,Federal Contract Tower,0,58,135,0,193,0,1,13,0,14,0,59,148,0,207,10,0,10,217
11/09/2018,FTY,GA,ASO,ES,Federal Contract Tower,0,48,77,0,125,0,0,0,0,0,0,48,77,0,125,0,0,0,125
11/10/2018,FTY,GA,ASO,ES,Federal Contract Tower,0,9,28,0,37,0,0,21,0,21,0,9,49,0,58,40,0,40,98
11/11/2018,FTY,GA,ASO,ES,Federal Contract Tower,0,14,40,0,54,0,0,49,0,49,0,14,89,0,103,42,0,42,145
11/12/2018,FTY,GA,ASO,ES,Federal Contract Tower,0,52,72,0,124,0,0,0,0,0,0,52,72,0,124,0,0,0,124
11/13/2018,FTY,GA,ASO,ES,Federal Contract Tower,0,65,128,0,193,0,0,0,0,0,0,65,128,0,193,0,0,0,193
11/14/2018,FTY,GA,ASO,ES,Federal Contract Tower,0,66,114,0,180,0,0,0,0,0,0,66,114,0,180,0,0,0,180
11/15/2018,FTY,GA,ASO,ES,Federal Contract Tower,0,63,109,0,172,0,0,1,0,1,0,63,110,0,173,10,0,10,183
11/16/2018,FTY,GA,ASO,ES,Federal Contract Tower,0,29,98,0,127,0,0,45,0,45,0,29,143,0,172,42,0,42,214
11/17/2018,FTY,GA,ASO,ES,Federal Contract Tower,0,33,56,0,89,0,0,52,0,52,0,33,108,0,141,116,0,116,257
11/18/2018,FTY,GA,ASO,ES,Federal Contract Tower,0,39,77,0,116,0,0,36,0,36,0,39,113,0,152,90,0,90,242
11/19/2018,FTY,GA,ASO,ES,Federal Contract Tower,0,29,95,2,126,0,0,27,0,27,0,29,122,2,153,34,0,34,187
11/20/2018,FTY,GA,ASO,ES,Federal Contract Tower,0,59,90,0,149,0,0,41,0,41,0,59,131,0,190,40,0,40,230
11/21/2018,FTY,GA,ASO,ES,Federal Contract Tower,0,57,71,0,128,0,0,48,0,48,0,57,119,0,176,58,0,58,234
11/22/2018,FTY,GA,ASO,ES,Federal Contract Tower,0,13,11,0,24,0,0,12,0,12,0,13,23,0,36,14,0,14,50
11/23/2018,FTY,GA,ASO,ES,Federal Contract Tower,0,25,39,0,64,0,0,12,0,12,0,25,51,0,76,6,0,6,82
11/24/2018,FTY,GA,ASO,ES,Federal Contract Tower,0,26,49,0,75,0,0,2,0,2,0,26,51,0,77,0,0,0,77
11/25/2018,FTY,GA,ASO,ES,Federal Contract Tower,0,46,67,0,113,0,0,16,0,16,0,46,83,0,129,36,0,36,165
11/26/2018,FTY,GA,ASO,ES,Federal Contract Tower,0,33,83,0,116,0,0,19,0,19,0,33,102,0,135,8,0,8,143
11/27/2018,FTY,GA,ASO,ES,Federal Contract Tower,0,33,107,0,140,0,0,21,0,21,0,33,128,0,161,30,0,30,191
11/28/2018,FTY,GA,ASO,ES,Federal Contract Tower,0,36,92,0,128,0,0,18,0,18,0,36,110,0,146,22,0,22,168
11/29/2018,FTY,GA,ASO,ES,Federal Contract Tower,0,32,90,0,122,0,0,42,0,42,0,32,132,0,164,64,0,64,228
11/30/2018,FTY,GA,ASO,ES,Federal Contract Tower,0,44,121,0,165,0,0,33,0,33,0,44,154,0,198,54,0,54,252
12/01/2018,FTY,GA,ASO,ES,Federal Contract Tower,0,31,98,0,129,0,0,0,0,0,0,31,98,0,129,0,0,0,129
12/02/2018,FTY,GA,ASO,ES,Federal Contract Tower,0,28,86,0,114,0,0,26,0,26,0,28,112,0,140,54,0,54,194
12/03/2018,FTY,GA,ASO,ES,Federal Contract Tower,0,21,95,0,116,0,0,37,0,37,0,21,132,0,153,32,0,32,185
12/04/2018,FTY,GA,ASO,ES,Federal Contract Tower,0,33,106,0,139,0,0,38,0,38,0,33,144,0,177,58,0,58,235
12/05/2018,FTY,GA,ASO,ES,Federal Contract Tower,0,43,122,0,165,0,0,36,0,36,0,43,158,0,201,82,0,82,283
12/06/2018,FTY,GA,ASO,ES,Federal Contract Tower,0,43,116,0,159,0,0,43,0,43,0,43,159,0,202,108,0,108,310
12/07/2018,FTY,GA,ASO,ES,Federal Contract Tower,0,48,115,0,163,0,0,12,0,12,0,48,127,0,175,52,0,52,227
12/08/2018,FTY,GA,ASO,ES,Federal Contract Tower,0,20,42,0,62,0,0,0,0,0,0,20,42,0,62,0,0,0,62
12/09/2018,FTY,GA,ASO,ES,Federal Contract Tower,0,21,64,0,85,0,0,0,0,0,0,21,64,0,85,0,0,0,85
12/10/2018,FTY,GA,ASO,ES,Federal Contract Tower,0,29,83,0,112,0,0,1,0,1,0,29,84,0,113,0,0,0,113
12/11/2018,FTY,GA,ASO,ES,Federal Contract Tower,0,35,88,0,123,0,0,41,0,41,0,35,129,0,164,126,0,126,290
12/12/2018,FTY,GA,ASO,ES,Federal Contract Tower,0,20,107,0,127,0,0,30,0,30,0,20,137,0,157,68,0,68,225
12/13/2018,FTY,GA,ASO,ES,Federal Contract Tower,0,22,78,0,100,0,0,33,0,33,0,22,111,0,133,50,0,50,183
12/14/2018,FTY,GA,ASO,ES,Federal Contract Tower,0,34,88,0,122,0,0,0,0,0,0,34,88,0,122,0,0,0,122
12/15/2018,FTY,GA,ASO,ES,Federal Contract Tower,0,6,22,0,28,0,0,13,0,13,0,6,35,0,41,44,0,44,85
12/16/2018,FTY,GA,ASO,ES,Federal Contract Tower,0,22,50,0,72,0,0,5,0,5,0,22,55,0,77,54,0,54,131
12/17/2018,FTY,GA,ASO,ES,Federal Contract Tower,0,17,54,0,71,0,0,30,0,30,0,17,84,0,101,76,0,76,177
12/18/2018,FTY,GA,ASO,ES,Federal Contract Tower,0,28,75,0,103,0,0,32,0,32,0,28,107,0,135,62,0,62,197
12/19/2018,FTY,GA,ASO,ES,Federal Contract Tower,0,10,108,0,118,0,0,28,0,28,0,10,136,0,146,72,0,72,218
12/20/2018,FTY,GA,ASO,ES,Federal Contract Tower,0,11,38,0,49,0,0,0,0,0,0,11,38,0,49,0,0,0,49
12/21/2018,FTY,GA,ASO,ES,Federal Contract Tower,0,17,48,0,65,0,0,0,0,0,0,17,48,0,65,0,0,0,65
12/22/2018,FTY,GA,ASO,ES,Federal Contract Tower,0,11,34,0,45,0,0,38,0,38,0,11,72,0,83,124,0,124,207
12/23/2018,FTY,GA,ASO,ES,Federal Contract Tower,0,15,29,0,44,0,0,4,0,4,0,15,33,0,48,16,0,16,64
12/24/2018,FTY,GA,ASO,ES,Federal Contract Tower,0,7,4,0,11,0,0,13,0,13,0,7,17,0,24,28,0,28,52
12/25/2018,FTY,GA,ASO,ES,Federal Contract Tower,0,9,1,0,10,0,0,3,0,3,0,9,4,0,13,14,0,14,27
12/26/2018,FTY,GA,ASO,ES,Federal Contract Tower,0,17,26,0,43,0,0,31,0,31,0,17,57,0,74,64,0,64,138
12/27/2018,FTY,GA,ASO,ES,Federal Contract Tower,0,14,31,0,45,0,0,2,0,2,0,14,33,0,47,14,0,14,61
12/28/2018,FTY,GA,ASO,ES,Federal Contract Tower,0,6,17,0,23,0,0,0,0,0,0,6,17,0,23,0,0,0,23
12/29/2018,FTY,GA,ASO,ES,Federal Contract Tower,0,12,48,0,60,0,0,23,0,23,0,12,71,0,83,18,0,18,101
12/30/2018,FTY,GA,ASO,ES,Federal Contract Tower,0,14,33,0,47,0,0,0,0,0,0,14,33,0,47,0,0,0,47
12/31/2018,FTY,GA,ASO,ES,Federal Contract Tower,0,17,14,0,31,0,0,4,0,4,0,17,18,0,35,0,0,0,35
01/01/2019,FTY,GA,ASO,ES,Federal Contract Tower,0,12,25,0,37,0,0,7,0,7,0,12,32,0,44,8,0,8,52
01/02/2019,FTY,GA,ASO,ES,Federal Contract Tower,0,14,41,0,55,0,0,4,0,4,0,14,45,0,59,0,0,0,59
01/03/2019,FTY,GA,ASO,ES,Federal Contract Tower,0,3,47,0,50,0,0,0,0,0,0,3,47,0,50,0,0,0,50
01/04/2019,FTY,GA,ASO,ES,Federal Contract Tower,0,6,40,0,46,0,0,5,0,5,0,6,45,0,51,2,0,2,53
01/05/2019,FTY,GA,ASO,ES,Federal Contract Tower,0,6,20,0,26,0,0,48,0,48,0,6,68,0,74,80,0,80,154
01/06/2019,FTY,GA,ASO,ES,Federal Contract Tower,0,3,28,0,31,0,0,81,0,81,0,3,109,0,112,84,0,84,196
01/07/2019,FTY,GA,ASO,ES,Federal Contract Tower,0,4,23,0,27,0,0,25,0,25,0,4,48,0,52,40,0,40,92
01/08/2019,FTY,GA,ASO,ES,Federal Contract Tower,0,10,56,0,66,0,0,17,0,17,0,10,73,0,83,84,0,84,167
01/09/2019,FTY,GA,ASO,ES,Federal Contract Tower,0,2,57,1,60,0,0,25,1,26,0,2,82,2,86,6,0,6,92
01/10/2019,FTY,GA,ASO,ES,Federal Contract Tower,0,8,49,0,57,0,0,42,0,42,0,8,91,0,99,74,0,74,173
01/11/2019,FTY,GA,ASO,ES,Federal Contract Tower,0,10,45,0,55,0,0,39,0,39,0,10,84,0,94,50,0,50,144
01/12/2019,FTY,GA,ASO,ES,Federal Contract Tower,0,5,25,0,30,0,0,2,0,2,0,5,27,0,32,0,0,0,32
01/13/2019,FTY,GA,ASO,ES,Federal Contract Tower,0,4,34,0,38,0,0,2,0,2,0,4,36,0,40,0,0,0,40
01/14/2019,FTY,GA,ASO,ES,Federal Contract Tower,0,20,36,0,56,0,0,14,0,14,0,20,50,0,70,56,0,56,126
01/15/2019,FTY,GA,ASO,ES,Federal Contract Tower,0,7,53,0,60,0,0,24,0,24,0,7,77,0,84,56,0,56,140
01/16/2019,FTY,GA,ASO,ES,Federal Contract Tower,0,7,69,0,76,0,0,25,0,25,0,7,94,0,101,92,0,92,193
01/17/2019,FTY,GA,ASO,ES,Federal Contract Tower,0,19,51,0,70,0,0,12,0,12,0,19,63,0,82,34,0,34,116
01/18/2019,FTY,GA,ASO,ES,Federal Contract Tower,0,16,69,0,85,0,0,2,0,2,0,16,71,0,87,0,0,0,87
01/19/2019,FTY,GA,ASO,ES,Federal Contract Tower,0,6,22,0,28,0,0,0,0,0,0,6,22,0,28,0,0,0,28
01/20/2019,FTY,GA,ASO,ES,Federal Contract Tower,0,9,19,0,28,0,0,11,0,11,0,9,30,0,39,16,0,16,55
01/21/2019,FTY,GA,ASO,ES,Federal Contract Tower,0,11,55,0,66,0,0,47,0,47,0,11,102,0,113,126,0,126,239
01/22/2019,FTY,GA,ASO,ES,Federal Contract Tower,0,13,53,0,66,0,0,12,0,12,0,13,65,0,78,38,0,38,116
01/23/2019,FTY,GA,ASO,ES,Federal Contract Tower,0,9,66,0,75,0,0,0,0,0,0,9,66,0,75,0,0,0,75
01/24/2019,FTY,GA,ASO,ES,Federal Contract Tower,0,18,57,1,76,0,0,21,0,21,0,18,78,1,97,10,0,10,107
01/25/2019,FTY,GA,ASO,ES,Federal Contract Tower,0,6,36,1,43,0,0,55,0,55,0,6,91,1,98,64,0,64,162
01/26/2019,FTY,GA,ASO,ES,Federal Contract Tower,0,1,18,0,19,0,0,51,0,51,0,1,69,0,70,54,0,54,124
01/27/2019,FTY,GA,ASO,ES,Federal Contract Tower,0,11,42,0,53,0,0,23,0,23,0,11,65,0,76,26,0,26,102
01/28/2019,FTY,GA,ASO,ES,Federal Contract Tower,0,12,44,0,56,0,0,47,0,47,0,12,91,0,103,10,0,10,113
01/29/2019,FTY,GA,ASO,ES,Federal Contract Tower,0,2,30,0,32,0,0,1,0,1,0,2,31,0,33,0,0,0,33
01/30/2019,FTY,GA,ASO,ES,Federal Contract Tower,0,4,25,0,29,0,0,20,0,20,0,4,45,0,49,12,0,12,61
01/31/2019,FTY,GA,ASO,ES,Federal Contract Tower,0,6,71,0,77,0,0,8,0,8,0,6,79,0,85,4,0,4,89
02/01/2019,FTY,GA,ASO,ES,Federal Contract Tower,0,12,72,0,84,0,0,2,0,2,0,12,74,0,86,0,0,0,86
02/02/2019,FTY,GA,ASO,ES,Federal Contract Tower,0,18,35,0,53,0,0,15,0,15,0,18,50,0,68,0,0,0,68
02/03/2019,FTY,GA,ASO,ES,Federal Contract Tower,0,8,60,0,68,0,0,0,0,0,0,8,60,0,68,0,0,0,68
02/04/2019,FTY,GA,ASO,ES,Federal Contract Tower,0,35,99,0,134,0,0,9,0,9,0,35,108,0,143,2,0,2,145
02/05/2019,FTY,GA,ASO,ES,Federal Contract Tower,0,10,70,0,80,0,0,16,0,16,0,10,86,0,96,16,0,16,112
02/06/2019,FTY,GA,ASO,ES,Federal Contract Tower,0,14,64,0,78,0,0,13,0,13,0,14,77,0,91,30,0,30,121
02/07/2019,FTY,GA,ASO,ES,Federal Contract Tower,0,7,62,0,69,0,0,51,0,51,0,7,113,0,120,6,0,6,126
02/08/2019,FTY,GA,ASO,ES,Federal Contract Tower,0,4,51,0,55,0,0,30,0,30,0,4,81,0,85,46,0,46,131
02/09/2019,FTY,GA,ASO,ES,Federal Contract Tower,0,5,12,0,17,0,0,32,0,32,0,5,44,0,49,104,0,104,153
02/10/2019,FTY,GA,ASO,ES,Federal Contract Tower,0,9,41,0,50,0,0,3,0,3,0,9,44,0,53,44,0,44,97
02/11/2019,FTY,GA,ASO,ES,Federal Contract Tower,0,8,116,0,124,0,0,0,0,0,0,8,116,0,124,0,0,0,124
02/12/2019,FTY,GA,ASO,ES,Federal Contract Tower,0,18,89,0,107,0,0,1,0,1,0,18,90,0,108,0,0,0,108
02/13/2019,FTY,GA,ASO,ES,Federal Contract Tower,0,12,105,0,117,0,0,46,0,46,0,12,151,0,163,22,0,22,185
02/14/2019,FTY,GA,ASO,ES,Federal Contract Tower,0,11,102,0,113,0,0,76,0,76,0,11,178,0,189,62,0,62,251
02/15/2019,FTY,GA,ASO,ES,Federal Contract Tower,0,11,53,0,64,0,0,5,0,5,0,11,58,0,69,4,0,4,73
02/16/2019,FTY,GA,ASO,ES,Federal Contract Tower,0,2,28,0,30,0,0,38,0,38,0,2,66,0,68,116,0,116,184
02/17/2019,FTY,GA,ASO,ES,Federal Contract Tower,0,14,37,0,51,0,0,0,0,0,0,14,37,0,51,0,0,0,51
02/18/2019,FTY,GA,ASO,ES,Federal Contract Tower,0,17,53,0,70,0,0,59,0,59,0,17,112,0,129,52,0,52,181
02/19/2019,FTY,GA,ASO,ES,Federal Contract Tower,0,15,63,0,78,0,0,7,0,7,0,15,70,0,85,6,0,6,91
02/20/2019,FTY,GA,ASO,ES,Federal Contract Tower,0,27,86,2,115,0,0,0,0,0,0,27,86,2,115,0,0,0,115
02/21/2019,FTY,GA,ASO,ES,Federal Contract Tower,0,38,124,0,162,0,0,0,0,0,0,38,124,0,162,0,0,0,162
02/22/2019,FTY,GA,ASO,ES,Federal Contract Tower,0,18,59,0,77,0,0,0,0,0,0,18,59,0,77,0,0,0,77
02/23/2019,FTY,GA,ASO,ES,Federal Contract Tower,0,23,68,0,91,0,0,0,0,0,0,23,68,0,91,0,0,0,91
02/24/2019,FTY,GA,ASO,ES,Federal Contract Tower,0,25,40,0,65,0,0,31,0,31,0,25,71,0,96,40,0,40,136
02/25/2019,FTY,GA,ASO,ES,Federal Contract Tower,0,12,43,0,55,0,0,70,0,70,0,12,113,0,125,122,0,122,247
02/26/2019,FTY,GA,ASO,ES,Federal Contract Tower,0,20,53,0,73,0,0,61,0,61,0,20,114,0,134,118,0,118,252
02/27/2019,FTY,GA,ASO,ES,Federal Contract Tower,0,12,58,2,72,0,0,38,1,39,0,12,96,3,111,38,0,38,149
02/28/2019,FTY,GA,ASO,ES,Federal Contract Tower,0,16,75,0,91,0,0,23,0,23,0,16,98,0,114,12,0,12,126
03/01/2019,FTY,GA,ASO,ES,Federal Contract Tower,0,12,59,0,71,0,0,32,0,32,0,12,91,0,103,24,0,24,127
03/02/2019,FTY,GA,ASO,ES,Federal Contract Tower,0,9,32,0,41,0,0,58,0,58,0,9,90,0,99,94,0,94,193
03/03/2019,FTY,GA,ASO,ES,Federal Contract Tower,0,8,28,0,36,0,0,1,0,1,0,8,29,0,37,0,0,0,37
03/04/2019,FTY,GA,ASO,ES,Federal Contract Tower,0,9,67,0,76,0,0,39,1,40,0,9,106,1,116,76,0,76,192
03/05/2019,FTY,GA,ASO,ES,Federal Contract Tower,0,23,62,1,86,0,0,60,0,60,0,23,122,1,146,40,0,40,186
03/06/2019,FTY,GA,ASO,ES,Federal Contract Tower,0,9,83,0,92,0,0,102,0,102,0,9,185,0,194,106,0,106,300
03/07/2019,FTY,GA,ASO,ES,Federal Contract Tower,0,26,79,0,105,0,0,93,0,93,0,26,172,0,198,120,0,120,318
03/08/2019,FTY,GA,ASO,ES,Federal Contract Tower,0,7,46,0,53,0,0,50,0,50,0,7,96,0,103,52,0,52,155
03/09/2019,FTY,GA,ASO,ES,Federal Contract Tower,0,10,25,0,35,0,0,4,0,4,0,10,29,0,39,28,0,28,67
03/10/2019,FTY,GA,ASO,ES,Federal Contract Tower,0,15,33,0,48,0,0,27,0,27,0,15,60,0,75,54,0,54,129
03/11/2019,FTY,GA,ASO,ES,Federal Contract Tower,0,11,55,0,66,0,0,20,0,20,0,11,75,0,86,92,0,92,178
03/12/2019,FTY,GA,ASO,ES,Federal Contract Tower,0,11,64,0,75,0,0,49,0,49,0,11,113,0,124,116,0,116,240
03/13/2019,FTY,GA,ASO,ES,Federal Contract Tower,0,16,40,0,56,0,0,40,0,40,0,16,80,0,96,74,0,74,170
03/14/2019,FTY,GA,ASO,ES,Federal Contract Tower,0,8,61,0,69,0,0,2,0,2,0,8,63,0,71,2,0,2,73
03/15/2019,FTY,GA,ASO,ES,Federal Contract Tower,0,6,45,0,51,0,0,10,0,10,0,6,55,0,61,2,0,2,63
03/16/2019,FTY,GA,ASO,ES,Federal Contract Tower,0,0,8,0,8,0,0,28,0,28,0,0,36,0,36,86,0,86,122
03/17/2019,FTY,GA,ASO,ES,Federal Contract Tower,0,5,27,0,32,0,0,45,0,45,0,5,72,0,77,58,0,58,135
03/18/2019,FTY,GA,ASO,ES,Federal Contract Tower,0,7,49,0,56,0,0,41,0,41,0,7,90,0,97,20,0,20,117
03/19/2019,FTY,GA,ASO,ES,Federal Contract Tower,0,5,62,0,67,0,0,39,0,39,0,5,101,0,106,112,0,112,218
03/20/2019,FTY,GA,ASO,ES,Federal Contract Tower,0,9,65,0,74,0,0,63,0,63,0,9,128,0,137,158,0,158,295
03/21/2019,FTY,GA,ASO,ES,Federal Contract Tower,0,14,69,0,83,0,0,39,0,39,0,14,108,0,122,46,0,46,168
03/22/2019,FTY,GA,ASO,ES,Federal Contract Tower,0,7,42,0,49,0,0,31,0,31,0,7,73,0,80,6,0,6,86
03/23/2019,FTY,GA,ASO,ES,Federal Contract Tower,0,8,36,0,44,0,0,65,0,65,0,8,101,0,109,96,0,96,205
03/24/2019,FTY,GA,ASO,ES,Federal Contract Tower,0,6,34,0,40,0,0,44,0,44,0,6,78,0,84,72,0,72,156
03/25/2019,FTY,GA,ASO,ES,Federal Contract Tower,0,14,55,0,69,0,0,9,0,9,0,14,64,0,78,4,0,4,82
03/26/2019,FTY,GA,ASO,ES,Federal Contract Tower,0,13,64,0,77,0,0,18,0,18,0,13,82,0,95,70,0,70,165
03/27/2019,FTY,GA,ASO,ES,Federal Contract Tower,0,7,67,0,74,0,0,52,0,52,0,7,119,0,126,106,0,106,232
03/28/2019,FTY,GA,ASO,ES,Federal Contract Tower,0,13,63,0,76,0,0,42,0,42,0,13,105,0,118,96,0,96,214
03/29/2019,FTY,GA,ASO,ES,Federal Contract Tower,0,6,55,0,61,0,0,34,0,34,0,6,89,0,95,46,0,46,141
03/30/2019,FTY,GA,ASO,ES,Federal Contract Tower,0,3,45,0,48,0,0,43,0,43,0,3,88,0,91,52,0,52,143
03/31/2019,FTY,GA,ASO,ES,Federal Contract Tower,0,9,46,0,55,0,0,22,0,22,0,9,68,0,77,40,0,40,117
04/01/2019,FTY,GA,ASO,ES,Federal Contract Tower,0,8,45,0,53,0,0,45,0,45,0,8,90,0,98,58,0,58,156
04/02/2019,FTY,GA,ASO,ES,Federal Contract Tower,0,1,70,0,71,0,0,29,0,29,0,1,99,0,100,112,0,112,212
04/03/2019,FTY,GA,ASO,ES,Federal Contract Tower,0,4,72,0,76,0,0,78,0,78,0,4,150,0,154,134,0,134,288
04/04/2019,FTY,GA,ASO,ES,Federal Contract Tower,0,11,68,0,79,0,0,41,0,41,0,11,109,0,120,52,0,52,172
04/05/2019,FTY,GA,ASO,ES,Federal Contract Tower,0,4,39,0,43,0,0,12,0,12,0,4,51,0,55,10,0,10,65
04/06/2019,FTY,GA,ASO,ES,Federal Contract Tower,0,6,25,0,31,0,0,21,0,21,0,6,46,0,52,0,0,0,52
04/07/2019,FTY,GA,ASO,ES,Federal Contract Tower,0,11,40,0,51,0,0,18,0,18,0,11,58,0,69,54,0,54,123
04/08/2019,FTY,GA,ASO,ES,Federal Contract Tower,0,7,44,0,51,0,0,11,0,11,0,7,55,0,62,30,0,30,92
04/09/2019,FTY,GA,ASO,ES,Federal Contract Tower,0,8,66,0,74,0,0,5,0,5,0,8,71,0,79,28,0,28,107
04/10/2019,FTY,GA,ASO,ES,Federal Contract Tower,0,9,68,0,77,0,0,66,0,66,0,9,134,0,143,178,0,178,321
04/11/2019,FTY,GA,ASO,ES,Federal Contract Tower,0,6,85,0,91,0,0,31,0,31,0,6,116,0,122,36,0,36,158
04/12/2019,FTY,GA,ASO,ES,Federal Contract Tower,0,23,57,0,80,0,0,21,0,21,0,23,78,0,101,70,0,70,171
04/13/2019,FTY,GA,ASO,ES,Federal Contract Tower,0,4,30,0,34,0,0,42,0,42,0,4,72,0,76,32,0,32,108
04/14/2019,FTY,GA,ASO,ES,Federal Contract Tower,0,10,37,0,47,0,0,2,0,2,0,10,39,0,49,0,0,0,49
04/15/2019,FTY,GA,ASO,ES,Federal Contract Tower,0,4,47,0,51,0,0,18,0,18,0,4,65,0,69,18,0,18,87
04/16/2019,FTY,GA,ASO,ES,Federal Contract Tower,0,3,53,0,56,0,0,64,0,64,0,3,117,0,120,120,0,120,240
04/17/2019,FTY,GA,ASO,ES,Federal Contract Tower,0,6,62,0,68,0,0,46,0,46,0,6,108,0,114,88,0,88,202
04/18/2019,FTY,GA,ASO,ES,Federal Contract Tower,0,18,70,0,88,0,0,28,0,28,0,18,98,0,116,28,0,28,144
04/19/2019,FTY,GA,ASO,ES,Federal Contract Tower,0,8,28,0,36,0,0,7,0,7,0,8,35,0,43,10,0,10,53
04/20/2019,FTY,GA,ASO,ES,Federal Contract Tower,0,7,14,0,21,0,0,11,0,11,0,7,25,0,32,0,0,0,32
04/21/2019,FTY,GA,ASO,ES,Federal Contract Tower,0,5,24,0,29,0,0,60,0,60,0,5,84,0,89,120,0,120,209
04/22/2019,FTY,GA,ASO,ES,Federal Contract Tower,0,16,56,0,72,0,0,59,0,59,0,16,115,0,131,112,0,112,243
04/23/2019,FTY,GA,ASO,ES,Federal Contract Tower,0,32,79,0,111,0,0,49,0,49,0,32,128,0,160,116,0,116,276
04/24/2019,FTY,GA,ASO,ES,Federal Contract Tower,0,19,78,0,97,0,0,40,0,40,0,19,118,0,137,80,0,80,217
04/25/2019,FTY,GA,ASO,ES,Federal Contract Tower,0,44,103,0,147,0,0,30,0,30,0,44,133,0,177,168,0,168,345
04/26/2019,FTY,GA,ASO,ES,Federal Contract Tower,0,10,77,0,87,0,0,20,0,20,0,10,97,0,107,70,0,70,177
04/27/2019,FTY,GA,ASO,ES,Federal Contract Tower,0,8,43,0,51,0,0,46,0,46,0,8,89,0,97,132,0,132,229
04/28/2019,FTY,GA,ASO,ES,Federal Contract Tower,0,6,37,0,43,0,0,37,0,37,0,6,74,0,80,112,0,112,192
04/29/2019,FTY,GA,ASO,ES,Federal Contract Tower,0,8,65,0,73,0,0,31,0,31,0,8,96,0,104,54,0,54,158
04/30/2019,FTY,GA,ASO,ES,Federal Contract Tower,0,6,51,0,57,0,0,54,0,54,0,6,105,0,111,112,0,112,223
05/01/2019,FTY,GA,ASO,ES,Federal Contract Tower,0,8,67,0,75,0,0,47,0,47,0,8,114,0,122,142,0,142,264
05/02/2019,FTY,GA,ASO,ES,Federal Contract Tower,0,12,75,0,87,0,0,52,0,52,0,12,127,0,139,160,0,160,299
05/03/2019,FTY,GA,ASO,ES,Federal Contract Tower,0,9,64,0,73,0,0,24,0,24,0,9,88,0,97,10,0,10,107
05/04/2019,FTY,GA,ASO,ES,Federal Contract Tower,0,1,12,0,13,0,0,15,0,15,0,1,27,0,28,52,0,52,80
05/05/2019,FTY,GA,ASO,ES,Federal Contract Tower,0,14,53,1,68,0,0,18,0,18,0,14,71,1,86,22,0,22,108
05/06/2019,FTY,GA,ASO,ES,Federal Contract Tower,0,3,47,0,50,0,0,36,0,36,0,3,83,0,86,48,0,48,134
05/07/2019,FTY,GA,ASO,ES,Federal Contract Tower,0,13,75,0,88,0,0,52,0,52,0,13,127,0,140,30,0,30,170
05/08/2019,FTY,GA,ASO,ES,Federal Contract Tower,0,13,51,0,64,0,0,39,0,39,0,13,90,0,103,74,0,74,177
05/09/2019,FTY,GA,ASO,ES,Federal Contract Tower,0,12,68,0,80,0,0,15,0,15,0,12,83,0,95,28,0,28,123
05/10/2019,FTY,GA,ASO,ES,Federal Contract Tower,0,5,54,0,59,0,0,24,0,24,0,5,78,0,83,72,0,72,155
05/11/2019,FTY,GA,ASO,ES,Federal Contract Tower,0,2,11,0,13,0,0,2,0,2,0,2,13,0,15,0,0,0,15
05/12/2019,FTY,GA,ASO,ES,Federal Contract Tower,0,9,22,0,31,0,0,1,0,1,0,9,23,0,32,0,0,0,32
05/13/2019,FTY,GA,ASO,ES,Federal Contract Tower,0,10,52,0,62,0,0,28,0,28,0,10,80,0,90,98,0,98,188
05/14/2019,FTY,GA,ASO,ES,Federal Contract Tower,0,18,81,0,99,0,0,50,0,50,0,18,131,0,149,146,0,146,295
05/15/2019,FTY,GA,ASO,ES,Federal Contract Tower,0,19,84,0,103,0,0,62,0,62,0,19,146,0,165,262,0,262,427
05/16/2019,FTY,GA,ASO,ES,Federal Contract Tower,0,8,62,0,70,0,0,44,0,44,0,8,106,0,114,108,0,108,222
05/17/2019,FTY,GA,ASO,ES,Federal Contract Tower,0,11,60,0,71,0,0,26,0,26,0,11,86,0,97,62,0,62,159
05/18/2019,FTY,GA,ASO,ES,Federal Contract Tower,0,9,26,0,35,0,0,29,0,29,0,9,55,0,64,50,0,50,114
05/19/2019,FTY,GA,ASO,ES,Federal Contract Tower,0,17,41,0,58,0,0,25,0,25,0,17,66,0,83,12,0,12,95
05/20/2019,FTY,GA,ASO,ES,Federal Contract Tower,0,8,49,0,57,0,0,42,0,42,0,8,91,0,99,116,0,116,215
05/21/2019,FTY,GA,ASO,ES,Federal Contract Tower,0,9,60,0,69,0,0,35,0,35,0,9,95,0,104,146,0,146,250
05/22/2019,FTY,GA,ASO,ES,Federal Contract Tower,0,16,87,0,103,0,0,37,0,37,0,16,124,0,140,142,0,142,282
05/23/2019,FTY,GA,ASO,ES,Federal Contract Tower,0,11,63,0,74,0,0,52,0,52,0,11,115,0,126,158,0,158,284
05/24/2019,FTY,GA,ASO,ES,Federal Contract Tower,0,6,52,0,58,0,0,44,0,44,0,6,96,0,102,130,0,130,232
05/25/2019,FTY,GA,ASO,ES,Federal Contract Tower,0,2,27,0,29,0,0,50,0,50,0,2,77,0,79,46,0,46,125
05/26/2019,FTY,GA,ASO,ES,Federal Contract Tower,0,7,13,0,20,0,0,30,0,30,0,7,43,0,50,32,0,32,82
05/27/2019,FTY,GA,ASO,ES,Federal Contract Tower,0,6,28,0,34,0,0,32,0,32,0,6,60,0,66,86,0,86,152
05/28/2019,FTY,GA,ASO,ES,Federal Contract Tower,0,8,54,0,62,0,0,40,0,40,0,8,94,0,102,100,0,100,202
05/29/2019,FTY,GA,ASO,ES,Federal Contract Tower,0,6,63,0,69,0,0,48,0,48,0,6,111,0,117,126,0,126,243
05/30/2019,FTY,GA,ASO,ES,Federal Contract Tower,0,14,56,0,70,0,0,42,0,42,0,14,98,0,112,90,0,90,202
05/31/2019,FTY,GA,ASO,ES,Federal Contract Tower,0,3,41,0,44,0,0,33,0,33,0,3,74,0,77,62,0,62,139
06/01/2019,FTY,GA,ASO,ES,Federal Contract Tower,0,4,27,0,31,0,0,32,0,32,0,4,59,0,63,140,0,140,203
06/02/2019,FTY,GA,ASO,ES,Federal Contract Tower,0,12,23,0,35,0,0,45,0,45,0,12,68,0,80,58,0,58,138
06/03/2019,FTY,GA,ASO,ES,Federal Contract Tower,0,11,69,0,80,0,0,32,0,32,0,11,101,0,112,72,0,72,184
06/04/2019,FTY,GA,ASO,ES,Federal Contract Tower,0,13,50,0,63,0,0,57,0,57,0,13,107,0,120,148,0,148,268
06/05/2019,FTY,GA,ASO,ES,Federal Contract Tower,0,15,50,0,65,0,0,28,0,28,0,15,78,0,93,108,0,108,201
06/06/2019,FTY,GA,ASO,ES,Federal Contract Tower,0,4,50,0,54,0,0,12,0,12,0,4,62,0,66,78,0,78,144
06/07/2019,FTY,GA,ASO,ES,Federal Contract Tower,0,6,48,0,54,0,0,6,0,6,0,6,54,0,60,10,0,10,70
06/08/2019,FTY,GA,ASO,ES,Federal Contract Tower,0,6,16,0,22,0,0,1,0,1,0,6,17,0,23,0,0,0,23
06/09/2019,FTY,GA,ASO,ES,Federal Contract Tower,0,7,41,0,48,0,0,0,0,0,0,7,41,0,48,42,0,42,90
06/10/2019,FTY,GA,ASO,ES,Federal Contract Tower,0,13,47,0,60,0,0,5,0,5,0,13,52,0,65,46,0,46,111
06/11/2019,FTY,GA,ASO,ES,Federal Contract Tower,0,17,43,0,60,0,0,58,0,58,0,17,101,0,118,138,0,138,256
06/12/2019,FTY,GA,ASO,ES,Federal Contract Tower,0,9,66,0,75,0,0,0,0,0,0,9,66,0,75,140,0,140,215
06/13/2019,FTY,GA,ASO,ES,Federal Contract Tower,0,11,57,0,68,0,0,55,0,55,0,11,112,0,123,182,0,182,305
06/14/2019,FTY,GA,ASO,ES,Federal Contract Tower,0,8,50,0,58,0,0,54,0,54,0,8,104,0,112,150,0,150,262
06/15/2019,FTY,GA,ASO,ES,Federal Contract Tower,0,10,31,0,41,0,0,53,0,53,0,10,84,0,94,176,0,176,270
06/16/2019,FTY,GA,ASO,ES,Federal Contract Tower,0,14,33,0,47,0,0,38,0,38,0,14,71,0,85,94,0,94,179
06/17/2019,FTY,GA,ASO,ES,Federal Contract Tower,0,6,43,0,49,0,0,25,0,25,0,6,68,0,74,66,0,66,140
06/18/2019,FTY,GA,ASO,ES,Federal Contract Tower,0,7,48,0,55,0,0,15,0,15,0,7,63,0,70,34,0,34,104
06/19/2019,FTY,GA,ASO,ES,Federal Contract Tower,0,6,59,0,65,0,0,33,0,33,0,6,92,0,98,176,0,176,274
06/20/2019,FTY,GA,ASO,ES,Federal Contract Tower,0,8,47,0,55,0,0,24,0,24,0,8,71,0,79,18,0,18,97
06/21/2019,FTY,GA,ASO,ES,Federal Contract Tower,0,13,57,0,70,0,0,69,0,69,0,13,126,0,139,62,0,62,201
06/22/2019,FTY,GA,ASO,ES,Federal Contract Tower,0,0,24,0,24,0,0,19,0,19,0,0,43,0,43,76,0,76,119
06/23/2019,FTY,GA,ASO,ES,Federal Contract Tower,0,9,53,0,62,0,0,30,0,30,0,9,83,0,92,110,0,110,202
06/24/2019,FTY,GA,ASO,ES,Federal Contract Tower,0,4,38,0,42,0,0,10,0,10,0,4,48,0,52,0,0,0,52
06/25/2019,FTY,GA,ASO,ES,Federal Contract Tower,0,11,49,0,60,0,0,28,0,28,0,11,77,0,88,40,0,40,128
06/26/2019,FTY,GA,ASO,ES,Federal Contract Tower,0,10,61,0,71,0,0,36,0,36,0,10,97,0,107,136,0,136,243
06/27/2019,FTY,GA,ASO,ES,Federal Contract Tower,0,11,78,0,89,0,0,46,0,46,0,11,124,0,135,172,0,172,307
06/28/2019,FTY,GA,ASO,ES,Federal Contract Tower,0,13,48,0,61,0,0,50,0,50,0,13,98,0,111,28,0,28,139
06/29/2019,FTY,GA,ASO,ES,Federal Contract Tower,0,5,30,0,35,0,0,31,0,31,0,5,61,0,66,80,0,80,146
06/30/2019,FTY,GA,ASO,ES,Federal Contract Tower,0,4,22,0,26,0,0,46,0,46,0,4,68,0,72,120,0,120,192
07/01/2019,FTY,GA,ASO,ES,Federal Contract Tower,0,4,17,0,21,0,0,30,0,30,0,4,47,0,51,64,0,64,115
07/02/2019,FTY,GA,ASO,ES,Federal Contract Tower,0,6,53,0,59,0,0,43,0,43,0,6,96,0,102,82,0,82,184
07/03/2019,FTY,GA,ASO,ES,Federal Contract Tower,0,10,34,0,44,0,0,59,0,59,0,10,93,0,103,116,0,116,219
07/04/2019,FTY,GA,ASO,ES,Federal Contract Tower,0,0,8,0,8,0,0,12,0,12,0,0,20,0,20,0,0,0,20
07/05/2019,FTY,GA,ASO,ES,Federal Contract Tower,0,0,11,0,11,0,0,26,0,26,0,0,37,0,37,40,0,40,77
07/06/2019,FTY,GA,ASO,ES,Federal Contract Tower,0,7,18,0,25,0,0,28,0,28,0,7,46,0,53,92,0,92,145
07/07/2019,FTY,GA,ASO,ES,Federal Contract Tower,0,11,49,0,60,0,0,25,0,25,0,11,74,0,85,64,0,64,149
07/09/2019,FTY,GA,ASO,ES,Federal Contract Tower,0,11,47,0,58,0,0,51,0,51,0,11,98,0,109,176,0,176,285
07/10/2019,FTY,GA,ASO,ES,Federal Contract Tower,0,25,49,0,74,0,0,28,0,28,0,25,77,0,102,82,0,82,184
07/11/2019,FTY,GA,ASO,ES,Federal Contract Tower,0,11,47,0,58,0,0,23,0,23,0,11,70,0,81,26,0,26,107
07/12/2019,FTY,GA,ASO,ES,Federal Contract Tower,0,7,36,0,43,0,0,33,0,33,0,7,69,0,76,12,0,12,88
07/13/2019,FTY,GA,ASO,ES,Federal Contract Tower,0,6,20,0,26,0,0,28,0,28,0,6,48,0,54,76,0,76,130
07/14/2019,FTY,GA,ASO,ES,Federal Contract Tower,0,10,37,0,47,0,0,19,0,19,0,10,56,0,66,90,0,90,156
07/15/2019,FTY,GA,ASO,ES,Federal Contract Tower,0,6,48,0,54,0,0,44,0,44,0,6,92,0,98,76,0,76,174
07/16/2019,FTY,GA,ASO,ES,Federal Contract Tower,0,12,43,0,55,0,0,37,0,37,0,12,80,0,92,70,0,70,162
07/17/2019,FTY,GA,ASO,ES,Federal Contract Tower,0,15,42,0,57,0,0,36,0,36,0,15,78,0,93,118,0,118,211
07/18/2019,FTY,GA,ASO,ES,Federal Contract Tower,0,14,64,0,78,0,0,38,0,38,0,14,102,0,116,54,0,54,170
07/19/2019,FTY,GA,ASO,ES,Federal Contract Tower,0,13,39,0,52,0,0,30,0,30,0,13,69,0,82,72,0,72,154
07/20/2019,FTY,GA,ASO,ES,Federal Contract Tower,0,8,29,0,37,0,0,15,0,15,0,8,44,0,52,84,0,84,136
07/21/2019,FTY,GA,ASO,ES,Federal Contract Tower,0,9,37,0,46,0,0,28,0,28,0,9,65,0,74,70,0,70,144
07/22/2019,FTY,GA,ASO,ES,Federal Contract Tower,0,7,44,0,51,0,0,49,0,49,0,7,93,0,100,96,0,96,196
07/23/2019,FTY,GA,ASO,ES,Federal Contract Tower,0,19,46,0,65,0,0,15,0,15,0,19,61,0,80,72,0,72,152
07/24/2019,FTY,GA,ASO,ES,Federal Contract Tower,0,16,47,0,63,0,2,56,0,58,0,18,103,0,121,148,0,148,269
07/25/2019,FTY,GA,ASO,ES,Federal Contract Tower,0,10,55,0,65,0,0,45,0,45,0,10,100,0,110,52,0,52,162
07/26/2019,FTY,GA,ASO,ES,Federal Contract Tower,0,7,57,0,64,0,0,41,0,41,0,7,98,0,105,128,0,128,233
07/27/2019,FTY,GA,ASO,ES,Federal Contract Tower,0,0,12,0,12,0,0,42,0,42,0,0,54,0,54,88,0,88,142
07/28/2019,FTY,GA,ASO,ES,Federal Contract Tower,0,4,34,0,38,0,0,47,0,47,0,4,81,0,85,108,0,108,193
07/29/2019,FTY,GA,ASO,ES,Federal Contract Tower,0,4,42,0,46,0,0,37,0,37,0,4,79,0,83,120,0,120,203
07/30/2019,FTY,GA,ASO,ES,Federal Contract Tower,0,12,49,0,61,0,0,22,0,22,0,12,71,0,83,16,0,16,99
07/31/2019,FTY,GA,ASO,ES,Federal Contract Tower,0,7,52,2,61,0,0,32,0,32,0,7,84,2,93,22,0,22,115
08/01/2019,FTY,GA,ASO,ES,Federal Contract Tower,0,8,42,0,50,0,0,27,0,27,0,8,69,0,77,0,0,0,77
08/02/2019,FTY,GA,ASO,ES,Federal Contract Tower,0,3,42,0,45,0,0,7,0,7,0,3,49,0,52,0,0,0,52
08/03/2019,FTY,GA,ASO,ES,Federal Contract Tower,0,1,24,0,25,0,0,20,0,20,0,1,44,0,45,92,0,92,137
08/04/2019,FTY,GA,ASO,ES,Federal Contract Tower,0,15,29,0,44,0,0,30,0,30,0,15,59,0,74,110,0,110,184
08/05/2019,FTY,GA,ASO,ES,Federal Contract Tower,0,15,48,0,63,0,0,31,0,31,0,15,79,0,94,74,0,74,168
08/06/2019,FTY,GA,ASO,ES,Federal Contract Tower,0,17,51,0,68,0,0,33,0,33,0,17,84,0,101,194,0,194,295
08/07/2019,FTY,GA,ASO,ES,Federal Contract Tower,0,5,44,0,49,0,0,48,0,48,0,5,92,0,97,122,0,122,219
08/08/2019,FTY,GA,ASO,ES,Federal Contract Tower,0,6,46,0,52,0,0,40,0,40,0,6,86,0,92,116,0,116,208
08/09/2019,FTY,GA,ASO,ES,Federal Contract Tower,0,12,40,0,52,0,0,51,0,51,0,12,91,0,103,64,0,64,167
08/10/2019,FTY,GA,ASO,ES,Federal Contract Tower,0,4,17,0,21,0,0,46,0,46,0,4,63,0,67,118,0,118,185
08/11/2019,FTY,GA,ASO,ES,Federal Contract Tower,0,11,22,0,33,0,0,48,0,48,0,11,70,0,81,82,0,82,163
08/12/2019,FTY,GA,ASO,ES,Federal Contract Tower,0,8,54,0,62,0,0,58,0,58,0,8,112,0,120,164,0,164,284
08/13/2019,FTY,GA,ASO,ES,Federal Contract Tower,0,7,54,0,61,0,0,62,0,62,0,7,116,0,123,254,0,254,377
08/14/2019,FTY,GA,ASO,ES,Federal Contract Tower,0,9,45,0,54,0,0,49,0,49,0,9,94,0,103,260,0,260,363
08/15/2019,FTY,GA,ASO,ES,Federal Contract Tower,0,15,61,0,76,0,0,35,0,35,0,15,96,0,111,126,0,126,237
08/16/2019,FTY,GA,ASO,ES,Federal Contract Tower,0,3,38,0,41,0,0,52,0,52,0,3,90,0,93,128,0,128,221
08/17/2019,FTY,GA,ASO,ES,Federal Contract Tower,0,0,20,0,20,0,0,33,0,33,0,0,53,0,53,160,0,160,213
08/18/2019,FTY,GA,ASO,ES,Federal Contract Tower,0,6,40,0,46,0,0,38,0,38,0,6,78,0,84,74,0,74,158
08/19/2019,FTY,GA,ASO,ES,Federal Contract Tower,0,11,21,0,32,0,0,29,0,29,0,11,50,0,61,54,0,54,115
08/20/2019,FTY,GA,ASO,ES,Federal Contract Tower,0,18,59,0,77,0,0,26,0,26,0,18,85,0,103,142,0,142,245
08/21/2019,FTY,GA,ASO,ES,Federal Contract Tower,0,15,73,0,88,0,0,37,0,37,0,15,110,0,125,240,0,240,365
08/22/2019,FTY,GA,ASO,ES,Federal Contract Tower,0,12,84,0,96,0,0,33,0,33,0,12,117,0,129,90,0,90,219
08/23/2019,FTY,GA,ASO,ES,Federal Contract Tower,0,4,60,0,64,0,0,26,0,26,0,4,86,0,90,148,0,148,238
08/24/2019,FTY,GA,ASO,ES,Federal Contract Tower,0,5,20,0,25,0,0,16,0,16,0,5,36,0,41,132,0,132,173
08/25/2019,FTY,GA,ASO,ES,Federal Contract Tower,0,12,33,0,45,0,0,20,0,20,0,12,53,0,65,22,0,22,87
08/26/2019,FTY,GA,ASO,ES,Federal Contract Tower,0,4,19,0,23,0,0,18,0,18,0,4,37,0,41,82,0,82,123
08/27/2019,FTY,GA,ASO,ES,Federal Contract Tower,0,17,39,0,56,0,0,9,0,9,0,17,48,0,65,64,0,64,129
08/28/2019,FTY,GA,ASO,ES,Federal Contract Tower,0,13,61,0,74,0,0,56,0,56,0,13,117,0,130,66,0,66,196
08/29/2019,FTY,GA,ASO,ES,Federal Contract Tower,0,6,60,0,66,0,0,39,0,39,0,6,99,0,105,100,0,100,205
08/30/2019,FTY,GA,ASO,ES,Federal Contract Tower,0,15,54,0,69,0,0,50,0,50,0,15,104,0,119,90,0,90,209
08/31/2019,FTY,GA,ASO,ES,Federal Contract Tower,0,14,19,0,33,0,0,60,0,60,0,14,79,0,93,168,0,168,261
09/01/2019,FTY,GA,ASO,ES,Federal Contract Tower,0,10,24,0,34,0,0,39,0,39,0,10,63,0,73,44,0,44,117
09/02/2019,FTY,GA,ASO,ES,Federal Contract Tower,0,14,35,0,49,0,0,30,0,30,0,14,65,0,79,18,0,18,97
09/03/2019,FTY,GA,ASO,ES,Federal Contract Tower,0,13,38,0,51,0,0,48,0,48,0,13,86,0,99,164,0,164,263
09/04/2019,FTY,GA,ASO,ES,Federal Contract Tower,0,19,48,2,69,0,0,61,0,61,0,19,109,2,130,114,0,114,244
09/05/2019,FTY,GA,ASO,ES,Federal Contract Tower,0,6,52,0,58,0,0,32,0,32,0,6,84,0,90,46,0,46,136
09/06/2019,FTY,GA,ASO,ES,Federal Contract Tower,0,5,46,0,51,0,0,48,0,48,0,5,94,0,99,78,0,78,177
09/07/2019,FTY,GA,ASO,ES,Federal Contract Tower,0,1,21,0,22,0,0,57,0,57,0,1,78,0,79,134,0,134,213
09/08/2019,FTY,GA,ASO,ES,Federal Contract Tower,0,10,49,0,59,0,0,30,0,30,0,10,79,0,89,68,0,68,157
09/09/2019,FTY,GA,ASO,ES,Federal Contract Tower,0,16,42,0,58,0,0,42,0,42,0,16,84,0,100,136,0,136,236
09/10/2019,FTY,GA,ASO,ES,Federal Contract Tower,0,7,54,0,61,0,0,38,0,38,0,7,92,0,99,70,0,70,169
09/11/2019,FTY,GA,ASO,ES,Federal Contract Tower,0,14,68,0,82,0,0,55,1,56,0,14,123,1,138,170,0,170,308
09/12/2019,FTY,GA,ASO,ES,Federal Contract Tower,0,15,82,0,97,0,0,37,19,56,0,15,119,19,153,106,0,106,259
09/13/2019,FTY,GA,ASO,ES,Federal Contract Tower,0,8,47,0,55,0,0,37,0,37,0,8,84,0,92,44,0,44,136
09/14/2019,FTY,GA,ASO,ES,Federal Contract Tower,0,4,23,0,27,0,0,24,0,24,0,4,47,0,51,72,0,72,123
09/15/2019,FTY,GA,ASO,ES,Federal Contract Tower,0,12,33,0,45,0,0,47,0,47,0,12,80,0,92,74,0,74,166
09/16/2019,FTY,GA,ASO,ES,Federal Contract Tower,0,5,52,0,57,0,0,51,0,51,0,5,103,0,108,126,0,126,234
09/17/2019,FTY,GA,ASO,ES,Federal Contract Tower,0,12,50,0,62,0,0,23,0,23,0,12,73,0,85,60,0,60,145
09/18/2019,FTY,GA,ASO,ES,Federal Contract Tower,0,11,60,0,71,0,0,38,0,38,0,11,98,0,109,142,0,142,251
09/19/2019,FTY,GA,ASO,ES,Federal Contract Tower,0,0,64,0,64,0,0,39,0,39,0,0,103,0,103,202,0,202,305
09/20/2019,FTY,GA,ASO,ES,Federal Contract Tower,0,12,61,0,73,0,0,26,0,26,0,12,87,0,99,92,0,92,191
09/21/2019,FTY,GA,ASO,ES,Federal Contract Tower,0,3,31,0,34,0,0,47,0,47,0,3,78,0,81,104,0,104,185
09/22/2019,FTY,GA,ASO,ES,Federal Contract Tower,0,9,38,0,47,0,0,32,0,32,0,9,70,0,79,100,0,100,179
09/23/2019,FTY,GA,ASO,ES,Federal Contract Tower,0,8,56,0,64,0,0,44,0,44,0,8,100,0,108,52,0,52,160
09/24/2019,FTY,GA,ASO,ES,Federal Contract Tower,0,8,60,0,68,0,0,29,0,29,0,8,89,0,97,40,0,40,137
09/25/2019,FTY,GA,ASO,ES,Federal Contract Tower,0,12,55,0,67,0,0,38,0,38,0,12,93,0,105,52,0,52,157
09/26/2019,FTY,GA,ASO,ES,Federal Contract Tower,0,8,54,0,62,0,0,35,0,35,0,8,89,0,97,50,0,50,147
09/27/2019,FTY,GA,ASO,ES,Federal Contract Tower,0,8,50,0,58,0,0,51,0,51,0,8,101,0,109,96,0,96,205
09/28/2019,FTY,GA,ASO,ES,Federal Contract Tower,0,6,15,0,21,0,0,42,0,42,0,6,57,0,63,82,0,82,145
09/29/2019,FTY,GA,ASO,ES,Federal Contract Tower,0,13,40,0,53,0,0,18,0,18,0,13,58,0,71,6,0,6,77
09/30/2019,FTY,GA,ASO,ES,Federal Contract Tower,0,8,41,0,49,0,0,35,0,35,0,8,76,0,84,56,0,56,140
10/01/2019,FTY,GA,ASO,ES,Federal Contract Tower,0,11,70,0,81,0,0,38,0,38,0,11,108,0,119,78,0,78,197
10/02/2019,FTY,GA,ASO,ES,Federal Contract Tower,0,16,74,0,90,0,0,41,0,41,0,16,115,0,131,80,0,80,211
10/03/2019,FTY,GA,ASO,ES,Federal Contract Tower,0,17,97,0,114,0,0,64,0,64,0,17,161,0,178,16,0,16,194
10/04/2019,FTY,GA,ASO,ES,Federal Contract Tower,0,12,69,0,81,0,1,43,0,44,0,13,112,0,125,40,0,40,165
10/05/2019,FTY,GA,ASO,ES,Federal Contract Tower,0,4,34,0,38,0,0,16,0,16,0,4,50,0,54,96,0,96,150
10/06/2019,FTY,GA,ASO,ES,Federal Contract Tower,0,10,55,0,65,0,0,9,0,9,0,10,64,0,74,18,0,18,92
10/07/2019,FTY,GA,ASO,ES,Federal Contract Tower,0,6,48,0,54,0,0,21,0,21,0,6,69,0,75,56,0,56,131
10/08/2019,FTY,GA,ASO,ES,Federal Contract Tower,0,11,74,0,85,0,0,17,0,17,0,11,91,0,102,66,0,66,168
10/09/2019,FTY,GA,ASO,ES,Federal Contract Tower,0,8,49,0,57,0,0,40,0,40,0,8,89,0,97,46,0,46,143
10/10/2019,FTY,GA,ASO,ES,Federal Contract Tower,0,10,75,0,85,0,0,44,0,44,0,10,119,0,129,108,0,108,237
10/11/2019,FTY,GA,ASO,ES,Federal Contract Tower,0,15,46,0,61,0,0,48,0,48,0,15,94,0,109,130,0,130,239
10/12/2019,FTY,GA,ASO,ES,Federal Contract Tower,0,4,19,0,23,0,0,52,0,52,0,4,71,0,75,106,0,106,181
10/13/2019,FTY,GA,ASO,ES,Federal Contract Tower,0,6,52,0,58,0,0,4,0,4,0,6,56,0,62,10,0,10,72
10/14/2019,FTY,GA,ASO,ES,Federal Contract Tower,0,5,50,0,55,0,0,29,0,29,0,5,79,0,84,156,0,156,240
10/15/2019,FTY,GA,ASO,ES,Federal Contract Tower,0,20,81,0,101,0,0,18,0,18,0,20,99,0,119,88,0,88,207
10/16/2019,FTY,GA,ASO,ES,Federal Contract Tower,0,24,96,0,120,0,0,14,0,14,0,24,110,0,134,24,0,24,158
10/17/2019,FTY,GA,ASO,ES,Federal Contract Tower,0,4,67,0,71,0,0,60,0,60,0,4,127,0,131,144,0,144,275
10/18/2019,FTY,GA,ASO,ES,Federal Contract Tower,0,6,77,0,83,0,0,60,0,60,0,6,137,0,143,158,0,158,301
10/19/2019,FTY,GA,ASO,ES,Federal Contract Tower,0,4,22,0,26,0,0,0,0,0,0,4,22,0,26,0,0,0,26
10/20/2019,FTY,GA,ASO,ES,Federal Contract Tower,0,20,32,0,52,0,0,24,0,24,0,20,56,0,76,36,0,36,112
10/21/2019,FTY,GA,ASO,ES,Federal Contract Tower,0,5,33,0,38,0,0,24,0,24,0,5,57,0,62,102,0,102,164
10/22/2019,FTY,GA,ASO,ES,Federal Contract Tower,0,3,67,0,70,0,0,24,0,24,0,3,91,0,94,85,0,85,179
10/23/2019,FTY,GA,ASO,ES,Federal Contract Tower,0,11,62,0,73,0,0,36,0,36,0,11,98,0,109,42,0,42,151
10/24/2019,FTY,GA,ASO,ES,Federal Contract Tower,0,6,51,0,57,0,0,47,0,47,0,6,98,0,104,62,0,62,166
10/25/2019,FTY,GA,ASO,ES,Federal Contract Tower,0,1,45,0,46,0,0,1,0,1,0,1,46,0,47,30,0,30,77
10/26/2019,FTY,GA,ASO,ES,Federal Contract Tower,0,5,28,0,33,0,0,3,0,3,0,5,31,0,36,0,0,0,36
10/27/2019,FTY,GA,ASO,ES,Federal Contract Tower,0,15,44,0,59,0,0,43,0,43,0,15,87,0,102,153,0,153,255
10/28/2019,FTY,GA,ASO,ES,Federal Contract Tower,0,12,47,0,59,0,0,51,0,51,0,12,98,0,110,104,0,104,214
10/29/2019,FTY,GA,ASO,ES,Federal Contract Tower,0,12,51,0,63,0,0,39,0,39,0,12,90,0,102,126,0,126,228
10/30/2019,FTY,GA,ASO,ES,Federal Contract Tower,0,8,69,0,77,0,0,0,0,0,0,8,69,0,77,0,0,0,77
10/31/2019,FTY,GA,ASO,ES,Federal Contract Tower,0,6,29,0,35,0,0,5,0,5,0,6,34,0,40,0,0,0,40
11/01/2019,FTY,GA,ASO,ES,Federal Contract Tower,0,15,56,0,71,0,0,63,0,63,0,15,119,0,134,140,0,140,274
11/02/2019,FTY,GA,ASO,ES,Federal Contract Tower,0,8,37,0,45,0,0,90,0,90,0,8,127,0,135,144,0,144,279
11/03/2019,FTY,GA,ASO,ES,Federal Contract Tower,0,14,31,0,45,0,0,51,0,51,0,14,82,0,96,150,0,150,246
11/04/2019,FTY,GA,ASO,ES,Federal Contract Tower,0,9,45,0,54,0,0,45,0,45,0,9,90,0,99,84,0,84,183
11/05/2019,FTY,GA,ASO,ES,Federal Contract Tower,0,16,52,0,68,0,0,38,0,38,0,16,90,0,106,78,0,78,184
11/06/2019,FTY,GA,ASO,ES,Federal Contract Tower,0,13,57,0,70,0,0,65,0,65,0,13,122,0,135,102,0,102,237
11/07/2019,FTY,GA,ASO,ES,Federal Contract Tower,0,11,56,0,67,0,0,17,0,17,0,11,73,0,84,42,0,42,126
11/08/2019,FTY,GA,ASO,ES,Federal Contract Tower,0,5,24,0,29,0,0,12,0,12,0,5,36,0,41,6,0,6,47
11/09/2019,FTY,GA,ASO,ES,Federal Contract Tower,0,10,31,0,41,0,0,36,0,36,0,10,67,0,77,84,0,84,161
11/10/2019,FTY,GA,ASO,ES,Federal Contract Tower,0,16,41,0,57,0,0,37,0,37,0,16,78,0,94,100,0,100,194
11/11/2019,FTY,GA,ASO,ES,Federal Contract Tower,0,7,58,0,65,0,0,37,0,37,0,7,95,0,102,86,0,86,188
11/12/2019,FTY,GA,ASO,ES,Federal Contract Tower,0,14,65,0,79,0,0,2,0,2,0,14,67,0,81,14,0,14,95
11/13/2019,FTY,GA,ASO,ES,Federal Contract Tower,0,10,68,0,78,0,0,29,0,29,0,10,97,0,107,70,0,70,177
11/14/2019,FTY,GA,ASO,ES,Federal Contract Tower,0,19,52,0,71,0,0,17,0,17,0,19,69,0,88,68,0,68,156
11/15/2019,FTY,GA,ASO,ES,Federal Contract Tower,0,15,76,0,91,0,0,2,0,2,0,15,78,0,93,0,0,0,93
11/16/2019,FTY,GA,ASO,ES,Federal Contract Tower,0,7,35,0,42,0,0,54,0,54,0,7,89,0,96,60,0,60,156
11/17/2019,FTY,GA,ASO,ES,Federal Contract Tower,0,14,47,0,61,0,0,35,0,35,0,14,82,0,96,162,0,162,258
11/18/2019,FTY,GA,ASO,ES,Federal Contract Tower,0,8,50,0,58,0,0,29,0,29,0,8,79,0,87,54,0,54,141
11/19/2019,FTY,GA,ASO,ES,Federal Contract Tower,0,13,69,0,82,0,0,49,0,49,0,13,118,0,131,82,0,82,213
11/20/2019,FTY,GA,ASO,ES,Federal Contract Tower,0,19,72,0,91,0,0,54,0,54,0,19,126,0,145,136,0,136,281
11/21/2019,FTY,GA,ASO,ES,Federal Contract Tower,0,9,68,0,77,0,0,50,0,50,0,9,118,0,127,68,0,68,195
11/22/2019,FTY,GA,ASO,ES,Federal Contract Tower,0,11,54,1,66,0,0,29,0,29,0,11,83,1,95,64,0,64,159
11/23/2019,FTY,GA,ASO,ES,Federal Contract Tower,0,6,36,0,42,0,0,2,0,2,0,6,38,0,44,0,0,0,44
11/24/2019,FTY,GA,ASO,ES,Federal Contract Tower,0,22,29,0,51,0,0,18,0,18,0,22,47,0,69,52,0,52,121
11/25/2019,FTY,GA,ASO,ES,Federal Contract Tower,0,10,36,2,48,0,0,29,0,29,0,10,65,2,77,62,0,62,139
11/26/2019,FTY,GA,ASO,ES,Federal Contract Tower,0,13,49,0,62,0,0,48,0,48,0,13,97,0,110,114,0,114,224
11/27/2019,FTY,GA,ASO,ES,Federal Contract Tower,0,10,52,0,62,0,0,12,0,12,0,10,64,0,74,68,0,68,142
11/28/2019,FTY,GA,ASO,ES,Federal Contract Tower,0,4,7,0,11,0,0,11,0,11,0,4,18,0,22,18,0,18,40
11/29/2019,FTY,GA,ASO,ES,Federal Contract Tower,0,4,29,0,33,0,0,29,0,29,0,4,58,0,62,60,0,60,122
11/30/2019,FTY,GA,ASO,ES,Federal Contract Tower,0,8,23,0,31,0,0,23,0,23,0,8,46,0,54,22,0,22,76
12/01/2019,FTY,GA,ASO,ES,Federal Contract Tower,0,18,55,0,73,0,0,20,0,20,0,18,75,0,93,0,0,0,93
12/02/2019,FTY,GA,ASO,ES,Federal Contract Tower,0,11,49,0,60,0,0,22,0,22,0,11,71,0,82,92,0,92,174
12/03/2019,FTY,GA,ASO,ES,Federal Contract Tower,0,14,66,0,80,0,0,35,0,35,0,14,101,0,115,168,0,168,283
12/04/2019,FTY,GA,ASO,ES,Federal Contract Tower,0,11,76,0,87,0,0,38,0,38,0,11,114,0,125,76,0,76,201
12/05/2019,FTY,GA,ASO,ES,Federal Contract Tower,0,8,59,0,67,0,0,51,0,51,0,8,110,0,118,116,0,116,234
12/06/2019,FTY,GA,ASO,ES,Federal Contract Tower,0,7,79,0,86,0,0,27,0,27,0,7,106,0,113,32,0,32,145
12/07/2019,FTY,GA,ASO,ES,Federal Contract Tower,0,24,91,0,115,0,0,49,0,49,0,24,140,0,164,70,0,70,234
12/08/2019,FTY,GA,ASO,ES,Federal Contract Tower,0,16,62,0,78,0,0,30,0,30,0,16,92,0,108,90,0,90,198
12/09/2019,FTY,GA,ASO,ES,Federal Contract Tower,0,11,55,0,66,0,0,3,0,3,0,11,58,0,69,18,0,18,87
12/10/2019,FTY,GA,ASO,ES,Federal Contract Tower,0,12,54,0,66,0,0,1,0,1,0,12,55,0,67,0,0,0,67
12/11/2019,FTY,GA,ASO,ES,Federal Contract Tower,0,17,69,0,86,0,0,35,0,35,0,17,104,0,121,52,0,52,173
12/12/2019,FTY,GA,ASO,ES,Federal Contract Tower,0,13,66,0,79,0,0,25,0,25,0,13,91,0,104,54,0,54,158
12/13/2019,FTY,GA,ASO,ES,Federal Contract Tower,0,15,55,2,72,0,0,0,0,0,0,15,55,2,72,0,0,0,72
12/14/2019,FTY,GA,ASO,ES,Federal Contract Tower,0,8,20,0,28,0,0,17,0,17,0,8,37,0,45,76,0,76,121
12/15/2019,FTY,GA,ASO,ES,Federal Contract Tower,0,11,31,0,42,0,0,29,0,29,0,11,60,0,71,114,0,114,185
12/16/2019,FTY,GA,ASO,ES,Federal Contract Tower,0,11,63,0,74,0,0,21,0,21,0,11,84,0,95,60,0,60,155
12/17/2019,FTY,GA,ASO,ES,Federal Contract Tower,0,7,38,0,45,0,0,3,0,3,0,7,41,0,48,14,0,14,62
12/18/2019,FTY,GA,ASO,ES,Federal Contract Tower,0,7,58,0,65,0,0,36,0,36,0,7,94,0,101,150,0,150,251
12/19/2019,FTY,GA,ASO,ES,Federal Contract Tower,0,7,60,0,67,0,0,45,0,45,0,7,105,0,112,112,0,112,224
12/20/2019,FTY,GA,ASO,ES,Federal Contract Tower,0,2,39,0,41,0,0,64,0,64,0,2,103,0,105,64,0,64,169
12/21/2019,FTY,GA,ASO,ES,Federal Contract Tower,0,2,18,0,20,0,0,16,0,16,0,2,34,0,36,0,0,0,36
12/22/2019,FTY,GA,ASO,ES,Federal Contract Tower,0,14,29,0,43,0,0,2,0,2,0,14,31,0,45,0,0,0,45
12/23/2019,FTY,GA,ASO,ES,Federal Contract Tower,0,12,34,0,46,0,0,0,0,0,0,12,34,0,46,0,0,0,46
12/24/2019,FTY,GA,ASO,ES,Federal Contract Tower,0,8,16,0,24,0,0,44,0,44,0,8,60,0,68,42,0,42,110
12/25/2019,FTY,GA,ASO,ES,Federal Contract Tower,0,2,3,0,5,0,0,9,0,9,0,2,12,0,14,12,0,12,26
12/26/2019,FTY,GA,ASO,ES,Federal Contract Tower,0,6,38,0,44,0,0,37,0,37,0,6,75,0,81,14,0,14,95
12/27/2019,FTY,GA,ASO,ES,Federal Contract Tower,0,22,67,0,89,0,0,31,0,31,0,22,98,0,120,32,0,32,152
12/28/2019,FTY,GA,ASO,ES,Federal Contract Tower,0,30,127,0,157,0,0,12,0,12,0,30,139,0,169,6,0,6,175
12/29/2019,FTY,GA,ASO,ES,Federal Contract Tower,0,19,63,0,82,0,0,4,0,4,0,19,67,0,86,16,0,16,102
12/30/2019,FTY,GA,ASO,ES,Federal Contract Tower,0,5,25,0,30,0,0,34,0,34,0,5,59,0,64,22,0,22,86
12/31/2019,FTY,GA,ASO,ES,Federal Contract Tower,0,7,22,0,29,0,0,38,0,38,0,7,60,0,67,24,0,24,91
01/01/2020,FTY,GA,ASO,ES,Federal Contract Tower,0,3,24,0,27,0,0,16,0,16,0,3,40,0,43,6,0,6,49
01/02/2020,FTY,GA,ASO,ES,Federal Contract Tower,0,6,42,0,48,0,0,3,0,3,0,6,45,0,51,18,0,18,69
01/03/2020,FTY,GA,ASO,ES,Federal Contract Tower,0,7,31,0,38,0,0,0,0,0,0,7,31,0,38,0,0,0,38
01/04/2020,FTY,GA,ASO,ES,Federal Contract Tower,0,3,20,0,23,0,2,4,0,6,0,5,24,0,29,0,0,0,29
01/05/2020,FTY,GA,ASO,ES,Federal Contract Tower,0,13,42,0,55,0,0,32,0,32,0,13,74,0,87,78,0,78,165
01/06/2020,FTY,GA,ASO,ES,Federal Contract Tower,0,11,40,0,51,0,0,36,0,36,0,11,76,0,87,38,0,38,125
01/07/2020,FTY,GA,ASO,ES,Federal Contract Tower,0,16,45,0,61,0,0,25,0,25,0,16,70,0,86,20,0,20,106
01/08/2020,FTY,GA,ASO,ES,Federal Contract Tower,0,5,41,0,46,0,0,34,0,34,0,5,75,0,80,18,0,18,98
01/09/2020,FTY,GA,ASO,ES,Federal Contract Tower,0,5,64,0,69,0,0,35,0,35,0,5,99,0,104,68,0,68,172
01/10/2020,FTY,GA,ASO,ES,Federal Contract Tower,0,4,27,0,31,0,0,17,0,17,0,4,44,0,48,10,0,10,58
01/11/2020,FTY,GA,ASO,ES,Federal Contract Tower,0,4,9,0,13,0,0,2,0,2,0,4,11,0,15,0,0,0,15
01/12/2020,FTY,GA,ASO,ES,Federal Contract Tower,0,8,21,0,29,0,0,20,0,20,0,8,41,0,49,130,0,130,179
01/13/2020,FTY,GA,ASO,ES,Federal Contract Tower,0,6,34,0,40,0,0,1,0,1,0,6,35,0,41,0,0,0,41
01/14/2020,FTY,GA,ASO,ES,Federal Contract Tower,0,18,44,0,62,0,0,0,0,0,0,18,44,0,62,0,0,0,62
01/15/2020,FTY,GA,ASO,ES,Federal Contract Tower,0,10,48,0,58,0,0,5,0,5,0,10,53,0,63,0,0,0,63
01/16/2020,FTY,GA,ASO,ES,Federal Contract Tower,0,11,55,0,66,0,0,24,0,24,0,11,79,0,90,28,0,28,118
01/17/2020,FTY,GA,ASO,ES,Federal Contract Tower,0,13,51,0,64,0,0,39,0,39,0,13,90,0,103,50,0,50,153
01/18/2020,FTY,GA,ASO,ES,Federal Contract Tower,0,6,21,0,27,0,0,4,0,4,0,6,25,0,31,10,0,10,41
01/19/2020,FTY,GA,ASO,ES,Federal Contract Tower,0,8,23,0,31,0,0,17,0,17,0,8,40,0,48,36,0,36,84
01/20/2020,FTY,GA,ASO,ES,Federal Contract Tower,0,21,46,0,67,0,0,38,0,38,0,21,84,0,105,46,0,46,151
01/21/2020,FTY,GA,ASO,ES,Federal Contract Tower,0,9,41,0,50,0,0,24,0,24,0,9,65,0,74,4,0,4,78
01/22/2020,FTY,GA,ASO,ES,Federal Contract Tower,0,15,68,0,83,0,0,51,0,51,0,15,119,0,134,66,0,66,200
01/23/2020,FTY,GA,ASO,ES,Federal Contract Tower,0,13,56,0,69,0,0,19,0,19,0,13,75,0,88,38,0,38,126
01/24/2020,FTY,GA,ASO,ES,Federal Contract Tower,0,11,53,0,64,0,0,13,0,13,0,11,66,0,77,24,0,24,101
01/25/2020,FTY,GA,ASO,ES,Federal Contract Tower,0,7,28,0,35,0,0,33,0,33,0,7,61,0,68,50,0,50,118
01/26/2020,FTY,GA,ASO,ES,Federal Contract Tower,0,16,52,0,68,0,0,53,0,53,0,16,105,0,121,132,0,132,253
01/27/2020,FTY,GA,ASO,ES,Federal Contract Tower,0,12,88,0,100,0,0,6,0,6,0,12,94,0,106,18,0,18,124
01/28/2020,FTY,GA,ASO,ES,Federal Contract Tower,0,21,91,0,112,0,0,54,0,54,0,21,145,0,166,72,0,72,238
01/29/2020,FTY,GA,ASO,ES,Federal Contract Tower,0,19,80,0,99,0,0,21,0,21,0,19,101,0,120,48,0,48,168
01/30/2020,FTY,GA,ASO,ES,Federal Contract Tower,0,21,124,0,145,0,0,50,0,50,0,21,174,0,195,188,0,188,383
01/31/2020,FTY,GA,ASO,ES,Federal Contract Tower,0,12,53,0,65,0,0,1,0,1,0,12,54,0,66,0,0,0,66
02/01/2020,FTY,GA,ASO,ES,Federal Contract Tower,0,3,25,0,28,0,0,6,0,6,0,3,31,0,34,30,0,30,64
02/02/2020,FTY,GA,ASO,ES,Federal Contract Tower,0,11,35,0,46,0,0,26,0,26,0,11,61,0,72,80,0,80,152
02/03/2020,FTY,GA,ASO,ES,Federal Contract Tower,0,9,58,0,67,0,0,46,0,46,0,9,104,0,113,90,0,90,203
02/04/2020,FTY,GA,ASO,ES,Federal Contract Tower,0,8,56,0,64,0,0,16,0,16,0,8,72,0,80,48,0,48,128
02/05/2020,FTY,GA,ASO,ES,Federal Contract Tower,0,7,46,0,53,0,0,1,0,1,0,7,47,0,54,10,0,10,64
02/06/2020,FTY,GA,ASO,ES,Federal Contract Tower,0,4,35,0,39,0,0,0,0,0,0,4,35,0,39,0,0,0,39
02/07/2020,FTY,GA,ASO,ES,Federal Contract Tower,0,14,45,0,59,0,0,12,0,12,0,14,57,0,71,18,0,18,89
02/08/2020,FTY,GA,ASO,ES,Federal Contract Tower,0,12,26,0,38,0,0,2,0,2,0,12,28,0,40,0,0,0,40
02/09/2020,FTY,GA,ASO,ES,Federal Contract Tower,0,18,40,0,58,0,0,40,0,40,0,18,80,0,98,68,0,68,166
02/10/2020,FTY,GA,ASO,ES,Federal Contract Tower,0,6,29,0,35,0,0,6,0,6,0,6,35,0,41,22,0,22,63
02/11/2020,FTY,GA,ASO,ES,Federal Contract Tower,0,12,43,0,55,0,0,2,0,2,0,12,45,0,57,18,0,18,75
02/12/2020,FTY,GA,ASO,ES,Federal Contract Tower,0,13,58,0,71,0,0,5,0,5,0,13,63,0,76,0,0,0,76
02/13/2020,FTY,GA,ASO,ES,Federal Contract Tower,0,12,64,0,76,0,0,4,0,4,0,12,68,0,80,6,0,6,86
02/14/2020,FTY,GA,ASO,ES,Federal Contract Tower,0,8,43,0,51,0,0,78,0,78,0,8,121,0,129,54,0,54,183
02/15/2020,FTY,GA,ASO,ES,Federal Contract Tower,0,6,17,0,23,0,0,60,0,60,0,6,77,0,83,100,0,100,183
02/16/2020,FTY,GA,ASO,ES,Federal Contract Tower,0,14,33,0,47,0,0,3,0,3,0,14,36,0,50,0,0,0,50
02/17/2020,FTY,GA,ASO,ES,Federal Contract Tower,0,16,60,0,76,0,0,5,0,5,0,16,65,0,81,0,0,0,81
02/18/2020,FTY,GA,ASO,ES,Federal Contract Tower,0,15,53,0,68,0,0,0,0,0,0,15,53,0,68,0,0,0,68
02/19/2020,FTY,GA,ASO,ES,Federal Contract Tower,0,19,54,0,73,0,0,0,0,0,0,19,54,0,73,58,0,58,131
02/20/2020,FTY,GA,ASO,ES,Federal Contract Tower,0,20,52,0,72,0,0,0,0,0,0,20,52,0,72,0,0,0,72
02/21/2020,FTY,GA,ASO,ES,Federal Contract Tower,0,15,54,0,69,0,0,44,0,44,0,15,98,0,113,110,0,110,223
02/22/2020,FTY,GA,ASO,ES,Federal Contract Tower,0,2,40,0,42,0,0,47,0,47,0,2,87,0,89,60,0,60,149
02/23/2020,FTY,GA,ASO,ES,Federal Contract Tower,0,9,33,0,42,0,0,41,0,41,0,9,74,0,83,132,0,132,215
02/24/2020,FTY,GA,ASO,ES,Federal Contract Tower,0,9,41,0,50,0,0,1,0,1,0,9,42,0,51,0,0,0,51
02/25/2020,FTY,GA,ASO,ES,Federal Contract Tower,0,15,57,0,72,0,0,14,0,14,0,15,71,0,86,46,0,46,132
02/26/2020,FTY,GA,ASO,ES,Federal Contract Tower,0,13,73,0,86,0,0,11,0,11,0,13,84,0,97,46,0,46,143
02/27/2020,FTY,GA,ASO,ES,Federal Contract Tower,0,11,64,0,75,0,0,24,0,24,0,11,88,0,99,30,0,30,129
02/28/2020,FTY,GA,ASO,ES,Federal Contract Tower,0,11,52,0,63,0,0,33,0,33,0,11,85,0,96,50,0,50,146
02/29/2020,FTY,GA,ASO,ES,Federal Contract Tower,0,6,31,0,37,0,0,25,0,25,0,6,56,0,62,0,0,0,62
03/01/2020,FTY,GA,ASO,ES,Federal Contract Tower,0,14,41,0,55,0,1,72,0,73,0,15,113,0,128,112,0,112,240
03/02/2020,FTY,GA,ASO,ES,Federal Contract Tower,0,11,34,0,45,0,0,0,0,0,0,11,34,0,45,0,0,0,45
03/03/2020,FTY,GA,ASO,ES,Federal Contract Tower,0,14,40,0,54,0,0,2,0,2,0,14,42,0,56,10,0,10,66
03/04/2020,FTY,GA,ASO,ES,Federal Contract Tower,0,6,49,0,55,0,0,2,0,2,0,6,51,0,57,8,0,8,65
03/05/2020,FTY,GA,ASO,ES,Federal Contract Tower,0,14,34,0,48,0,0,0,0,0,0,14,34,0,48,0,0,0,48
03/06/2020,FTY,GA,ASO,ES,Federal Contract Tower,0,8,36,0,44,0,0,15,0,15,0,8,51,0,59,32,0,32,91
03/07/2020,FTY,GA,ASO,ES,Federal Contract Tower,0,5,34,0,39,0,0,67,0,67,0,5,101,0,106,146,0,146,252
03/08/2020,FTY,GA,ASO,ES,Federal Contract Tower,0,17,33,0,50,0,0,45,0,45,0,17,78,0,95,118,0,118,213
03/09/2020,FTY,GA,ASO,ES,Federal Contract Tower,0,16,45,0,61,0,0,29,0,29,0,16,74,0,90,88,0,88,178
03/10/2020,FTY,GA,ASO,ES,Federal Contract Tower,0,11,44,0,55,0,0,5,0,5,0,11,49,0,60,42,0,42,102
03/11/2020,FTY,GA,ASO,ES,Federal Contract Tower,0,13,39,0,52,0,0,3,0,3,0,13,42,0,55,0,0,0,55
03/12/2020,FTY,GA,ASO,ES,Federal Contract Tower,0,5,54,0,59,0,0,9,0,9,0,5,63,0,68,30,0,30,98
03/13/2020,FTY,GA,ASO,ES,Federal Contract Tower,0,5,33,0,38,0,0,14,0,14,0,5,47,0,52,8,0,8,60
03/14/2020,FTY,GA,ASO,ES,Federal Contract Tower,0,1,19,0,20,0,0,31,0,31,0,1,50,0,51,98,0,98,149
03/15/2020,FTY,GA,ASO,ES,Federal Contract Tower,0,8,13,0,21,0,0,11,0,11,0,8,24,0,32,34,0,34,66
03/16/2020,FTY,GA,ASO,ES,Federal Contract Tower,0,10,15,2,27,0,0,4,0,4,0,10,19,2,31,36,0,36,67
03/17/2020,FTY,GA,ASO,ES,Federal Contract Tower,0,2,21,0,23,0,0,6,0,6,0,2,27,0,29,40,0,40,69
03/18/2020,FTY,GA,ASO,ES,Federal Contract Tower,0,14,16,0,30,0,0,21,0,21,0,14,37,0,51,102,0,102,153
03/19/2020,FTY,GA,ASO,ES,Federal Contract Tower,0,3,22,0,25,0,0,26,0,26,0,3,48,0,51,38,0,38,89
03/20/2020,FTY,GA,ASO,ES,Federal Contract Tower,0,0,18,0,18,0,0,28,0,28,0,0,46,0,46,40,0,40,86
03/21/2020,FTY,GA,ASO,ES,Federal Contract Tower,0,0,23,0,23,0,0,28,0,28,0,0,51,0,51,64,0,64,115
03/22/2020,FTY,GA,ASO,ES,Federal Contract Tower,0,7,24,0,31,0,0,7,0,7,0,7,31,0,38,94,0,94,132
03/23/2020,FTY,GA,ASO,ES,Federal Contract Tower,0,4,8,0,12,0,0,0,0,0,0,4,8,0,12,0,0,0,12
03/24/2020,FTY,GA,ASO,ES,Federal Contract Tower,0,10,18,0,28,0,0,1,0,1,0,10,19,0,29,0,0,0,29
03/25/2020,FTY,GA,ASO,ES,Federal Contract Tower,0,1,16,0,17,0,0,41,0,41,0,1,57,0,58,88,0,88,146
03/26/2020,FTY,GA,ASO,ES,Federal Contract Tower,0,18,0,0,18,0,0,26,0,26,0,18,26,0,44,72,0,72,116
03/27/2020,FTY,GA,ASO,ES,Federal Contract Tower,0,2,16,0,18,0,0,36,0,36,0,2,52,0,54,112,0,112,166
03/28/2020,FTY,GA,ASO,ES,Federal Contract Tower,0,0,5,0,5,0,0,17,0,17,0,0,22,0,22,14,0,14,36
03/29/2020,FTY,GA,ASO,ES,Federal Contract Tower,0,2,10,0,12,0,0,21,0,21,0,2,31,0,33,34,0,34,67
03/30/2020,FTY,GA,ASO,ES,Federal Contract Tower,0,2,16,0,18,0,0,22,0,22,0,2,38,0,40,40,0,40,80
03/31/2020,FTY,GA,ASO,ES,Federal Contract Tower,0,3,15,0,18,0,0,3,0,3,0,3,18,0,21,10,0,10,31
04/01/2020,FTY,GA,ASO,ES,Federal Contract Tower,0,1,9,0,10,0,0,8,0,8,0,1,17,0,18,10,0,10,28
04/02/2020,FTY,GA,ASO,ES,Federal Contract Tower,0,2,15,0,17,0,0,34,0,34,0,2,49,0,51,114,0,114,165
04/03/2020,FTY,GA,ASO,ES,Federal Contract Tower,0,0,3,0,3,0,0,16,0,16,0,0,19,0,19,82,0,82,101
04/04/2020,FTY,GA,ASO,ES,Federal Contract Tower,0,1,3,0,4,0,0,11,0,11,0,1,14,0,15,12,0,12,27
04/05/2020,FTY,GA,ASO,ES,Federal Contract Tower,0,3,5,0,8,0,0,7,0,7,0,3,12,0,15,4,0,4,19
04/06/2020,FTY,GA,ASO,ES,Federal Contract Tower,0,0,11,0,11,0,0,7,0,7,0,0,18,0,18,28,0,28,46
04/07/2020,FTY,GA,ASO,ES,Federal Contract Tower,0,4,5,0,9,0,0,4,0,4,0,4,9,0,13,18,0,18,31
04/08/2020,FTY,GA,ASO,ES,Federal Contract Tower,0,3,13,0,16,0,0,1,0,1,0,3,14,0,17,0,0,0,17
04/09/2020,FTY,GA,ASO,ES,Federal Contract Tower,0,0,2,0,2,0,0,0,0,0,0,0,2,0,2,12,0,12,14
04/10/2020,FTY,GA,ASO,ES,Federal Contract Tower,0,0,20,0,20,0,0,17,0,17,0,0,37,0,37,38,0,38,75
04/11/2020,FTY,GA,ASO,ES,Federal Contract Tower,0,0,5,0,5,0,0,26,0,26,0,0,31,0,31,42,0,42,73
04/12/2020,FTY,GA,ASO,ES,Federal Contract Tower,0,3,0,0,3,0,0,0,0,0,0,3,0,0,3,0,0,0,3
04/13/2020,FTY,GA,ASO,ES,Federal Contract Tower,0,0,8,0,8,0,0,7,0,7,0,0,15,0,15,6,0,6,21
04/14/2020,FTY,GA,ASO,ES,Federal Contract Tower,0,6,20,0,26,0,0,24,0,24,0,6,44,0,50,86,0,86,136
04/15/2020,FTY,GA,ASO,ES,Federal Contract Tower,0,4,22,0,26,0,0,24,0,24,0,4,46,0,50,64,0,64,114
04/16/2020,FTY,GA,ASO,ES,Federal Contract Tower,0,1,25,0,26,0,0,41,0,41,0,1,66,0,67,86,0,86,153
04/17/2020,FTY,GA,ASO,ES,Federal Contract Tower,0,2,7,0,9,0,0,8,0,8,0,2,15,0,17,20,0,20,37
04/18/2020,FTY,GA,ASO,ES,Federal Contract Tower,0,0,6,0,6,0,0,16,0,16,0,0,22,0,22,54,0,54,76
04/19/2020,FTY,GA,ASO,ES,Federal Contract Tower,0,4,8,0,12,0,0,0,0,0,0,4,8,0,12,0,0,0,12
04/20/2020,FTY,GA,ASO,ES,Federal Contract Tower,0,3,14,0,17,0,0,16,0,16,0,3,30,0,33,12,0,12,45
04/21/2020,FTY,GA,ASO,ES,Federal Contract Tower,0,5,37,0,42,0,0,38,0,38,0,5,75,0,80,82,0,82,162
04/22/2020,FTY,GA,ASO,ES,Federal Contract Tower,0,7,20,0,27,0,0,45,0,45,0,7,65,0,72,108,0,108,180
04/23/2020,FTY,GA,ASO,ES,Federal Contract Tower,0,3,8,0,11,0,0,1,0,1,0,3,9,0,12,0,0,0,12
04/24/2020,FTY,GA,ASO,ES,Federal Contract Tower,0,0,13,0,13,0,0,24,0,24,0,0,37,0,37,78,0,78,115
04/25/2020,FTY,GA,ASO,ES,Federal Contract Tower,0,0,18,0,18,0,0,21,0,21,0,0,39,0,39,38,0,38,77
04/26/2020,FTY,GA,ASO,ES,Federal Contract Tower,0,6,8,0,14,0,0,11,0,11,0,6,19,0,25,20,0,20,45
04/27/2020,FTY,GA,ASO,ES,Federal Contract Tower,0,6,18,0,24,0,0,31,0,31,0,6,49,0,55,54,0,54,109
04/28/2020,FTY,GA,ASO,ES,Federal Contract Tower,0,2,30,0,32,0,0,43,0,43,0,2,73,0,75,100,0,100,175
04/29/2020,FTY,GA,ASO,ES,Federal Contract Tower,0,2,22,0,24,0,0,12,0,12,0,2,34,0,36,10,0,10,46
04/30/2020,FTY,GA,ASO,ES,Federal Contract Tower,0,2,30,0,32,0,0,13,0,13,0,2,43,0,45,78,0,78,123
05/01/2020,FTY,GA,ASO,ES,Federal Contract Tower,0,0,18,0,18,0,0,36,0,36,0,0,54,0,54,36,0,36,90
05/02/2020,FTY,GA,ASO,ES,Federal Contract Tower,0,0,11,0,11,0,0,36,0,36,0,0,47,0,47,88,0,88,135
05/03/2020,FTY,GA,ASO,ES,Federal Contract Tower,0,6,18,0,24,0,0,58,0,58,0,6,76,0,82,54,0,54,136
05/04/2020,FTY,GA,ASO,ES,Federal Contract Tower,0,4,23,0,27,0,0,46,0,46,0,4,69,0,73,70,0,70,143
05/05/2020,FTY,GA,ASO,ES,Federal Contract Tower,0,2,23,0,25,0,0,27,0,27,0,2,50,0,52,74,0,74,126
05/06/2020,FTY,GA,ASO,ES,Federal Contract Tower,0,15,16,0,31,0,0,20,0,20,0,15,36,0,51,88,0,88,139
05/07/2020,FTY,GA,ASO,ES,Federal Contract Tower,0,3,36,0,39,0,0,48,0,48,0,3,84,0,87,114,0,114,201
05/08/2020,FTY,GA,ASO,ES,Federal Contract Tower,0,0,14,0,14,0,0,14,0,14,0,0,28,0,28,20,0,20,48
05/09/2020,FTY,GA,ASO,ES,Federal Contract Tower,0,0,7,0,7,0,0,49,0,49,0,0,56,0,56,32,0,32,88
05/10/2020,FTY,GA,ASO,ES,Federal Contract Tower,0,0,10,0,10,0,0,45,0,45,0,0,55,0,55,28,0,28,83
05/11/2020,FTY,GA,ASO,ES,Federal Contract Tower,0,7,20,0,27,0,0,25,0,25,0,7,45,0,52,48,0,48,100
05/12/2020,FTY,GA,ASO,ES,Federal Contract Tower,0,5,13,0,18,0,0,47,0,47,0,5,60,0,65,182,0,182,247
05/13/2020,FTY,GA,ASO,ES,Federal Contract Tower,0,5,23,4,32,0,0,33,0,33,0,5,56,4,65,86,0,86,151
05/14/2020,FTY,GA,ASO,ES,Federal Contract Tower,0,7,47,0,54,0,0,18,0,18,0,7,65,0,72,72,0,72,144
05/15/2020,FTY,GA,ASO,ES,Federal Contract Tower,0,6,23,0,29,0,0,38,0,38,0,6,61,0,67,134,0,134,201
05/16/2020,FTY,GA,ASO,ES,Federal Contract Tower,0,2,3,0,5,0,0,50,0,50,0,2,53,0,55,74,0,74,129
05/17/2020,FTY,GA,ASO,ES,Federal Contract Tower,0,4,15,0,19,0,0,37,0,37,0,4,52,0,56,70,0,70,126
05/18/2020,FTY,GA,ASO,ES,Federal Contract Tower,0,4,36,0,40,0,0,8,0,8,0,4,44,0,48,0,0,0,48
05/19/2020,FTY,GA,ASO,ES,Federal Contract Tower,0,9,20,0,29,0,0,25,0,25,0,9,45,0,54,96,0,96,150
05/20/2020,FTY,GA,ASO,ES,Federal Contract Tower,0,5,42,0,47,0,0,7,0,7,0,5,49,0,54,22,0,22,76
05/21/2020,FTY,GA,ASO,ES,Federal Contract Tower,0,3,34,0,37,0,0,46,0,46,0,3,80,0,83,172,0,172,255
05/22/2020,FTY,GA,ASO,ES,Federal Contract Tower,0,6,29,0,35,0,0,22,0,22,0,6,51,0,57,14,0,14,71
05/23/2020,FTY,GA,ASO,ES,Federal Contract Tower,0,0,14,0,14,0,0,40,0,40,0,0,54,0,54,60,0,60,114
05/24/2020,FTY,GA,ASO,ES,Federal Contract Tower,0,2,10,0,12,0,0,34,0,34,0,2,44,0,46,40,0,40,86
05/25/2020,FTY,GA,ASO,ES,Federal Contract Tower,0,10,26,0,36,0,0,11,0,11,0,10,37,0,47,38,0,38,85
05/26/2020,FTY,GA,ASO,ES,Federal Contract Tower,0,6,43,0,49,0,0,12,0,12,0,6,55,0,61,30,0,30,91
05/27/2020,FTY,GA,ASO,ES,Federal Contract Tower,0,5,31,0,36,0,0,1,0,1,0,5,32,0,37,0,0,0,37
05/28/2020,FTY,GA,ASO,ES,Federal Contract Tower,0,1,32,0,33,0,0,14,0,14,0,1,46,0,47,20,0,20,67
05/29/2020,FTY,GA,ASO,ES,Federal Contract Tower,0,2,28,0,30,0,0,26,0,26,0,2,54,0,56,78,0,78,134
05/30/2020,FTY,GA,ASO,ES,Federal Contract Tower,0,3,10,0,13,0,0,49,0,49,0,3,59,0,62,56,0,56,118
05/31/2020,FTY,GA,ASO,ES,Federal Contract Tower,0,5,9,0,14,0,0,56,0,56,0,5,65,0,70,54,0,54,124
06/01/2020,FTY,GA,ASO,ES,Federal Contract Tower,0,5,33,0,38,0,0,36,0,36,0,5,69,0,74,72,0,72,146
06/02/2020,FTY,GA,ASO,ES,Federal Contract Tower,0,8,18,0,26,0,0,55,0,55,0,8,73,0,81,136,0,136,217
06/03/2020,FTY,GA,ASO,ES,Federal Contract Tower,0,4,23,0,27,0,0,37,0,37,0,4,60,0,64,74,0,74,138
06/04/2020,FTY,GA,ASO,ES,Federal Contract Tower,0,5,32,0,37,0,0,38,0,38,0,5,70,0,75,70,0,70,145
06/05/2020,FTY,GA,ASO,ES,Federal Contract Tower,0,12,18,0,30,0,0,19,0,19,0,12,37,0,49,58,0,58,107
06/06/2020,FTY,GA,ASO,ES,Federal Contract Tower,0,1,24,0,25,0,0,27,0,27,0,1,51,0,52,102,0,102,154
06/07/2020,FTY,GA,ASO,ES,Federal Contract Tower,0,9,26,0,35,0,0,39,0,39,0,9,65,0,74,76,0,76,150
06/08/2020,FTY,GA,ASO,ES,Federal Contract Tower,0,12,28,0,40,0,0,18,0,18,0,12,46,0,58,50,0,50,108
06/09/2020,FTY,GA,ASO,ES,Federal Contract Tower,0,11,24,0,35,0,0,9,0,9,0,11,33,0,44,48,0,48,92
06/10/2020,FTY,GA,ASO,ES,Federal Contract Tower,0,8,20,0,28,0,0,6,0,6,0,8,26,0,34,26,0,26,60
06/11/2020,FTY,GA,ASO,ES,Federal Contract Tower,0,9,44,0,53,0,0,72,0,72,0,9,116,0,125,176,0,176,301
06/12/2020,FTY,GA,ASO,ES,Federal Contract Tower,0,2,30,0,32,0,0,69,0,69,0,2,99,0,101,108,0,108,209
06/13/2020,FTY,GA,ASO,ES,Federal Contract Tower,0,1,23,0,24,0,0,62,0,62,0,1,85,0,86,120,0,120,206
06/14/2020,FTY,GA,ASO,ES,Federal Contract Tower,0,10,34,0,44,0,0,39,0,39,0,10,73,0,83,62,0,62,145
06/15/2020,FTY,GA,ASO,ES,Federal Contract Tower,0,9,40,0,49,0,0,38,0,38,0,9,78,0,87,128,0,128,215
06/16/2020,FTY,GA,ASO,ES,Federal Contract Tower,0,7,38,0,45,0,0,44,0,44,0,7,82,0,89,182,0,182,271
06/17/2020,FTY,GA,ASO,ES,Federal Contract Tower,0,3,32,0,35,0,0,70,0,70,0,3,102,0,105,178,0,178,283
06/18/2020,FTY,GA,ASO,ES,Federal Contract Tower,0,7,34,0,41,0,0,61,0,61,0,7,95,0,102,126,0,126,228
06/19/2020,FTY,GA,ASO,ES,Federal Contract Tower,0,1,38,2,41,0,0,57,0,57,0,1,95,2,98,140,0,140,238
06/20/2020,FTY,GA,ASO,ES,Federal Contract Tower,0,0,11,0,11,0,0,63,0,63,0,0,74,0,74,72,0,72,146
06/21/2020,FTY,GA,ASO,ES,Federal Contract Tower,0,0,14,0,14,0,0,33,0,33,0,0,47,0,47,24,0,24,71
06/22/2020,FTY,GA,ASO,ES,Federal Contract Tower,0,12,43,0,55,0,0,31,0,31,0,12,74,0,86,78,0,78,164
06/23/2020,FTY,GA,ASO,ES,Federal Contract Tower,0,12,31,0,43,0,0,13,0,13,0,12,44,0,56,24,0,24,80
06/24/2020,FTY,GA,ASO,ES,Federal Contract Tower,0,6,34,0,40,0,0,19,0,19,0,6,53,0,59,52,0,52,111
06/25/2020,FTY,GA,ASO,ES,Federal Contract Tower,0,3,27,0,30,0,0,19,0,19,0,3,46,0,49,100,0,100,149
06/26/2020,FTY,GA,ASO,ES,Federal Contract Tower,0,11,28,0,39,0,0,47,0,47,0,11,75,0,86,120,0,120,206
06/27/2020,FTY,GA,ASO,ES,Federal Contract Tower,0,0,3,0,3,0,0,38,0,38,0,0,41,0,41,70,0,70,111
06/28/2020,FTY,GA,ASO,ES,Federal Contract Tower,0,0,15,3,18,0,0,32,0,32,0,0,47,3,50,36,0,36,86
06/29/2020,FTY,GA,ASO,ES,Federal Contract Tower,0,12,26,0,38,0,0,44,0,44,0,12,70,0,82,126,0,126,208
06/30/2020,FTY,GA,ASO,ES,Federal Contract Tower,0,5,43,0,48,0,0,49,0,49,0,5,92,0,97,92,0,92,189
07/01/2020,FTY,GA,ASO,ES,Federal Contract Tower,0,7,43,0,50,0,0,27,0,27,0,7,70,0,77,34,0,34,111
07/02/2020,FTY,GA,ASO,ES,Federal Contract Tower,0,6,30,0,36,0,0,37,0,37,0,6,67,0,73,96,0,96,169
07/03/2020,FTY,GA,ASO,ES,Federal Contract Tower,0,6,22,0,28,0,0,65,0,65,0,6,87,0,93,98,0,98,191
07/04/2020,FTY,GA,ASO,ES,Federal Contract Tower,0,0,8,0,8,0,0,26,0,26,0,0,34,0,34,64,0,64,98
07/05/2020,FTY,GA,ASO,ES,Federal Contract Tower,0,7,30,0,37,0,0,46,0,46,0,7,76,0,83,22,1,23,106
07/06/2020,FTY,GA,ASO,ES,Federal Contract Tower,0,8,30,0,38,0,0,14,0,14,0,8,44,0,52,56,0,56,108
07/07/2020,FTY,GA,ASO,ES,Federal Contract Tower,0,17,34,0,51,0,0,19,0,19,0,17,53,0,70,36,0,36,106
07/08/2020,FTY,GA,ASO,ES,Federal Contract Tower,0,8,24,0,32,0,36,1,0,37,0,44,25,0,69,156,22,178,247
07/09/2020,FTY,GA,ASO,ES,Federal Contract Tower,0,4,32,0,36,0,0,32,0,32,0,4,64,0,68,66,0,66,134
07/10/2020,FTY,GA,ASO,ES,Federal Contract Tower,0,10,35,0,45,0,0,52,0,52,0,10,87,0,97,146,0,146,243
07/11/2020,FTY,GA,ASO,ES,Federal Contract Tower,0,3,15,0,18,0,0,63,0,63,0,3,78,0,81,42,0,42,123
07/12/2020,FTY,GA,ASO,ES,Federal Contract Tower,0,6,28,0,34,0,0,56,0,56,0,6,84,0,90,129,0,129,219
07/13/2020,FTY,GA,ASO,ES,Federal Contract Tower,0,9,29,0,38,0,0,41,0,41,0,9,70,0,79,82,0,82,161
07/14/2020,FTY,GA,ASO,ES,Federal Contract Tower,0,14,20,0,34,0,0,51,0,51,0,14,71,0,85,166,0,166,251
07/15/2020,FTY,GA,ASO,ES,Federal Contract Tower,0,11,32,0,43,0,0,28,0,28,0,11,60,0,71,106,0,106,177
07/16/2020,FTY,GA,ASO,ES,Federal Contract Tower,0,2,27,0,29,0,0,49,0,49,0,2,76,0,78,182,0,182,260
07/17/2020,FTY,GA,ASO,ES,Federal Contract Tower,0,2,18,0,20,0,0,44,0,44,0,2,62,0,64,122,0,122,186
07/18/2020,FTY,GA,ASO,ES,Federal Contract Tower,0,0,8,0,8,0,0,70,0,70,0,0,78,0,78,72,0,72,150
07/19/2020,FTY,GA,ASO,ES,Federal Contract Tower,0,0,13,0,13,0,0,44,0,44,0,0,57,0,57,106,0,106,163
07/20/2020,FTY,GA,ASO,ES,Federal Contract Tower,0,7,46,0,53,0,0,61,0,61,0,7,107,0,114,102,0,102,216
07/21/2020,FTY,GA,ASO,ES,Federal Contract Tower,0,16,25,0,41,0,0,32,0,32,0,16,57,0,73,64,0,64,137
07/22/2020,FTY,GA,ASO,ES,Federal Contract Tower,0,15,45,0,60,0,0,33,0,33,0,15,78,0,93,84,0,84,177
07/23/2020,FTY,GA,ASO,ES,Federal Contract Tower,0,3,34,0,37,0,0,53,0,53,0,3,87,0,90,134,0,134,224
07/24/2020,FTY,GA,ASO,ES,Federal Contract Tower,0,5,31,0,36,0,0,52,0,52,0,5,83,0,88,62,0,62,150
07/25/2020,FTY,GA,ASO,ES,Federal Contract Tower,0,5,21,0,26,0,0,31,0,31,0,5,52,0,57,40,0,40,97
07/26/2020,FTY,GA,ASO,ES,Federal Contract Tower,0,12,43,0,55,0,0,53,0,53,0,12,96,0,108,142,0,142,250
07/27/2020,FTY,GA,ASO,ES,Federal Contract Tower,0,12,30,0,42,0,0,60,0,60,0,12,90,0,102,150,0,150,252
07/28/2020,FTY,GA,ASO,ES,Federal Contract Tower,0,15,22,0,37,0,0,42,0,42,0,15,64,0,79,78,0,78,157
07/29/2020,FTY,GA,ASO,ES,Federal Contract Tower,0,9,39,0,48,0,0,22,0,22,0,9,61,0,70,92,0,92,162
07/30/2020,FTY,GA,ASO,ES,Federal Contract Tower,0,6,41,0,47,0,0,26,0,26,0,6,67,0,73,150,0,150,223
07/31/2020,FTY,GA,ASO,ES,Federal Contract Tower,0,4,38,0,42,0,0,49,0,49,0,4,87,0,91,104,0,104,195
08/01/2020,FTY,GA,ASO,ES,Federal Contract Tower,0,4,21,0,25,0,0,63,0,63,0,4,84,0,88,64,0,64,152
08/02/2020,FTY,GA,ASO,ES,Federal Contract Tower,0,9,28,0,37,0,0,64,0,64,0,9,92,0,101,138,0,138,239
08/03/2020,FTY,GA,ASO,ES,Federal Contract Tower,0,14,32,0,46,0,0,27,0,27,0,14,59,0,73,100,0,100,173
08/04/2020,FTY,GA,ASO,ES,Federal Contract Tower,0,6,30,0,36,0,0,69,0,69,0,6,99,0,105,194,0,194,299
08/05/2020,FTY,GA,ASO,ES,Federal Contract Tower,0,12,41,1,54,0,0,58,0,58,0,12,99,1,112,144,0,144,256
08/06/2020,FTY,GA,ASO,ES,Federal Contract Tower,0,6,31,0,37,0,0,49,0,49,0,6,80,0,86,212,0,212,298
08/07/2020,FTY,GA,ASO,ES,Federal Contract Tower,0,7,31,0,38,0,0,60,0,60,0,7,91,0,98,158,0,158,256
08/08/2020,FTY,GA,ASO,ES,Federal Contract Tower,0,5,10,0,15,0,0,65,0,65,0,5,75,0,80,108,0,108,188
08/09/2020,FTY,GA,ASO,ES,Federal Contract Tower,0,7,19,0,26,0,0,64,0,64,0,7,83,0,90,134,0,134,224
08/10/2020,FTY,GA,ASO,ES,Federal Contract Tower,0,13,35,0,48,0,0,28,0,28,0,13,63,0,76,78,0,78,154
08/11/2020,FTY,GA,ASO,ES,Federal Contract Tower,0,11,18,0,29,0,0,38,0,38,0,11,56,0,67,74,0,74,141
08/12/2020,FTY,GA,ASO,ES,Federal Contract Tower,0,3,30,0,33,0,0,38,0,38,0,3,68,0,71,58,0,58,129
08/13/2020,FTY,GA,ASO,ES,Federal Contract Tower,0,6,35,0,41,0,0,40,0,40,0,6,75,0,81,114,0,114,195
08/14/2020,FTY,GA,ASO,ES,Federal Contract Tower,0,9,23,0,32,0,0,14,0,14,0,9,37,0,46,50,0,50,96
08/15/2020,FTY,GA,ASO,ES,Federal Contract Tower,0,0,0,14,14,0,0,11,0,11,0,0,11,14,25,2,0,2,27
08/16/2020,FTY,GA,ASO,ES,Federal Contract Tower,0,9,20,0,29,0,0,56,0,56,0,9,76,0,85,38,0,38,123
08/17/2020,FTY,GA,ASO,ES,Federal Contract Tower,0,14,38,0,52,0,0,47,0,47,0,14,85,0,99,136,0,136,235
08/18/2020,FTY,GA,ASO,ES,Federal Contract Tower,0,8,22,0,30,0,0,71,0,71,0,8,93,0,101,166,0,166,267
08/19/2020,FTY,GA,ASO,ES,Federal Contract Tower,0,13,34,0,47,0,0,31,0,31,0,13,65,0,78,116,0,116,194
08/20/2020,FTY,GA,ASO,ES,Federal Contract Tower,0,6,45,0,51,0,0,29,0,29,0,6,74,0,80,106,0,106,186
08/21/2020,FTY,GA,ASO,ES,Federal Contract Tower,0,9,35,0,44,0,0,12,0,12,0,9,47,0,56,0,0,0,56
08/22/2020,FTY,GA,ASO,ES,Federal Contract Tower,0,1,9,0,10,0,0,48,0,48,0,1,57,0,58,42,0,42,100
08/23/2020,FTY,GA,ASO,ES,Federal Contract Tower,0,9,39,0,48,0,0,29,0,29,0,9,68,0,77,32,0,32,109
08/24/2020,FTY,GA,ASO,ES,Federal Contract Tower,0,4,31,0,35,0,0,12,0,12,0,4,43,0,47,20,0,20,67
08/25/2020,FTY,GA,ASO,ES,Federal Contract Tower,0,8,23,0,31,0,0,0,0,0,0,8,23,0,31,0,0,0,31
08/26/2020,FTY,GA,ASO,ES,Federal Contract Tower,0,13,41,0,54,0,0,45,0,45,0,13,86,0,99,208,0,208,307
08/27/2020,FTY,GA,ASO,ES,Federal Contract Tower,0,9,53,0,62,0,0,31,0,31,0,9,84,0,93,88,0,88,181
08/28/2020,FTY,GA,ASO,ES,Federal Contract Tower,0,11,30,0,41,0,0,14,0,14,0,11,44,0,55,58,0,58,113
08/29/2020,FTY,GA,ASO,ES,Federal Contract Tower,0,7,20,0,27,0,0,24,0,24,0,7,44,0,51,72,0,72,123
08/30/2020,FTY,GA,ASO,ES,Federal Contract Tower,0,8,24,2,34,0,0,37,0,37,0,8,61,2,71,90,0,90,161
08/31/2020,FTY,GA,ASO,ES,Federal Contract Tower,0,7,39,2,48,0,0,27,0,27,0,7,66,2,75,60,0,60,135
09/01/2020,FTY,GA,ASO,ES,Federal Contract Tower,0,12,46,0,58,0,0,54,0,54,0,12,100,0,112,182,0,182,294
09/02/2020,FTY,GA,ASO,ES,Federal Contract Tower,0,16,45,0,61,0,0,88,0,88,0,16,133,0,149,204,0,204,353
09/03/2020,FTY,GA,ASO,ES,Federal Contract Tower,0,9,49,0,58,0,0,64,0,64,0,9,113,0,122,82,0,82,204
09/04/2020,FTY,GA,ASO,ES,Federal Contract Tower,0,12,31,0,43,0,0,68,0,68,0,12,99,0,111,110,0,110,221
09/05/2020,FTY,GA,ASO,ES,Federal Contract Tower,0,4,13,0,17,0,0,52,0,52,0,4,65,0,69,68,0,68,137
09/06/2020,FTY,GA,ASO,ES,Federal Contract Tower,0,2,13,0,15,0,0,57,0,57,0,2,70,0,72,80,0,80,152
09/07/2020,FTY,GA,ASO,ES,Federal Contract Tower,0,16,28,0,44,0,0,53,0,53,0,16,81,0,97,70,0,70,167
09/08/2020,FTY,GA,ASO,ES,Federal Contract Tower,0,13,56,0,69,0,0,50,0,50,0,13,106,0,119,162,0,162,281
09/09/2020,FTY,GA,ASO,ES,Federal Contract Tower,0,9,32,0,41,0,0,37,0,37,0,9,69,0,78,138,0,138,216
09/10/2020,FTY,GA,ASO,ES,Federal Contract Tower,0,10,0,34,44,0,0,14,2,16,0,10,14,36,60,46,0,46,106
09/11/2020,FTY,GA,ASO,ES,Federal Contract Tower,0,2,39,0,41,0,0,39,0,39,0,2,78,0,80,126,0,126,206
09/12/2020,FTY,GA,ASO,ES,Federal Contract Tower,0,8,13,0,21,0,0,50,0,50,0,8,63,0,71,38,0,38,109
09/13/2020,FTY,GA,ASO,ES,Federal Contract Tower,0,6,23,0,29,0,0,35,0,35,0,6,58,0,64,66,0,66,130
09/14/2020,FTY,GA,ASO,ES,Federal Contract Tower,0,10,42,1,53,0,0,31,0,31,0,10,73,1,84,64,0,64,148
09/15/2020,FTY,GA,ASO,ES,Federal Contract Tower,0,13,34,0,47,0,0,17,0,17,0,13,51,0,64,96,0,96,160
09/16/2020,FTY,GA,ASO,ES,Federal Contract Tower,0,35,33,0,68,0,0,5,0,5,0,35,38,0,73,32,0,32,105
09/17/2020,FTY,GA,ASO,ES,Federal Contract Tower,0,14,33,0,47,0,0,1,0,1,0,14,34,0,48,0,0,0,48
09/18/2020,FTY,GA,ASO,ES,Federal Contract Tower,0,9,30,0,39,0,0,40,0,40,0,9,70,0,79,108,0,108,187
09/19/2020,FTY,GA,ASO,ES,Federal Contract Tower,0,6,15,0,21,0,0,58,0,58,0,6,73,0,79,62,0,62,141
09/20/2020,FTY,GA,ASO,ES,Federal Contract Tower,0,9,18,0,27,0,0,43,0,43,0,9,61,0,70,94,0,94,164
09/21/2020,FTY,GA,ASO,ES,Federal Contract Tower,0,7,42,1,50,0,0,47,0,47,0,7,89,1,97,92,0,92,189
09/22/2020,FTY,GA,ASO,ES,Federal Contract Tower,0,5,30,0,35,0,0,55,0,55,0,5,85,0,90,114,0,114,204
09/23/2020,FTY,GA,ASO,ES,Federal Contract Tower,0,5,47,0,52,0,0,70,0,70,0,5,117,0,122,144,0,144,266
09/24/2020,FTY,GA,ASO,ES,Federal Contract Tower,0,2,47,0,49,0,0,5,0,5,0,2,52,0,54,34,0,34,88
09/25/2020,FTY,GA,ASO,ES,Federal Contract Tower,0,9,34,0,43,0,0,14,0,14,0,9,48,0,57,10,0,10,67
09/26/2020,FTY,GA,ASO,ES,Federal Contract Tower,0,5,25,0,30,0,0,51,0,51,0,5,76,0,81,184,0,184,265
09/27/2020,FTY,GA,ASO,ES,Federal Contract Tower,0,6,25,0,31,0,0,52,0,52,0,6,77,0,83,108,0,108,191
09/28/2020,FTY,GA,ASO,ES,Federal Contract Tower,0,15,41,0,56,0,0,34,0,34,0,15,75,0,90,142,0,142,232
09/29/2020,FTY,GA,ASO,ES,Federal Contract Tower,0,10,35,0,45,0,0,5,0,5,0,10,40,0,50,2,0,2,52
09/30/2020,FTY,GA,ASO,ES,Federal Contract Tower,0,9,31,0,40,0,0,39,0,39,0,9,70,0,79,92,0,92,171
10/01/2020,FTY,GA,ASO,ES,Federal Contract Tower,0,18,37,0,55,0,0,44,0,44,0,18,81,0,99,98,0,98,197
10/02/2020,FTY,GA,ASO,ES,Federal Contract Tower,0,5,25,0,30,0,0,63,0,63,0,5,88,0,93,122,0,122,215
10/03/2020,FTY,GA,ASO,ES,Federal Contract Tower,0,1,21,0,22,0,0,51,0,51,0,1,72,0,73,84,0,84,157
10/04/2020,FTY,GA,ASO,ES,Federal Contract Tower,0,8,23,0,31,0,0,65,0,65,0,8,88,0,96,110,0,110,206
10/05/2020,FTY,GA,ASO,ES,Federal Contract Tower,0,9,37,0,46,0,0,56,0,56,0,9,93,0,102,142,0,142,244
10/06/2020,FTY,GA,ASO,ES,Federal Contract Tower,0,11,28,0,39,0,0,48,0,48,0,11,76,0,87,144,0,144,231
10/07/2020,FTY,GA,ASO,ES,Federal Contract Tower,0,7,39,0,46,0,0,79,0,79,0,7,118,0,125,190,0,190,315
10/08/2020,FTY,GA,ASO,ES,Federal Contract Tower,0,5,46,0,51,0,0,67,0,67,0,5,113,0,118,200,0,200,318
10/09/2020,FTY,GA,ASO,ES,Federal Contract Tower,0,18,13,0,31,0,0,24,0,24,0,18,37,0,55,84,0,84,139
10/10/2020,FTY,GA,ASO,ES,Federal Contract Tower,0,7,12,0,19,0,0,2,0,2,0,7,14,0,21,0,0,0,21
10/11/2020,FTY,GA,ASO,ES,Federal Contract Tower,0,10,32,0,42,0,0,4,0,4,0,10,36,0,46,0,0,0,46
10/12/2020,FTY,GA,ASO,ES,Federal Contract Tower,0,16,47,0,63,0,0,34,0,34,0,16,81,0,97,134,0,134,231
10/13/2020,FTY,GA,ASO,ES,Federal Contract Tower,0,19,54,0,73,0,0,47,0,47,0,19,101,0,120,94,0,94,214
10/14/2020,FTY,GA,ASO,ES,Federal Contract Tower,0,28,50,0,78,0,0,56,0,56,0,28,106,0,134,114,0,114,248
10/15/2020,FTY,GA,ASO,ES,Federal Contract Tower,0,14,59,0,73,0,0,25,0,25,0,14,84,0,98,80,0,80,178
10/16/2020,FTY,GA,ASO,ES,Federal Contract Tower,0,15,38,0,53,0,0,56,0,56,0,15,94,0,109,54,0,54,163
10/17/2020,FTY,GA,ASO,ES,Federal Contract Tower,0,21,36,0,57,0,0,85,0,85,0,21,121,0,142,36,0,36,178
10/18/2020,FTY,GA,ASO,ES,Federal Contract Tower,0,17,19,0,36,0,0,67,0,67,0,17,86,0,103,102,0,102,205
10/19/2020,FTY,GA,ASO,ES,Federal Contract Tower,0,12,45,0,57,0,0,43,0,43,0,12,88,0,100,100,0,100,200
10/20/2020,FTY,GA,ASO,ES,Federal Contract Tower,0,6,35,0,41,0,0,47,0,47,0,6,82,0,88,114,0,114,202
10/21/2020,FTY,GA,ASO,ES,Federal Contract Tower,0,10,36,0,46,0,0,43,0,43,0,10,79,0,89,100,0,100,189
10/22/2020,FTY,GA,ASO,ES,Federal Contract Tower,0,6,48,0,54,0,0,52,0,52,0,6,100,0,106,140,0,140,246
10/23/2020,FTY,GA,ASO,ES,Federal Contract Tower,0,6,34,0,40,0,0,36,0,36,0,6,70,0,76,118,0,118,194
10/24/2020,FTY,GA,ASO,ES,Federal Contract Tower,0,3,10,0,13,0,0,9,0,9,0,3,19,0,22,38,0,38,60
10/25/2020,FTY,GA,ASO,ES,Federal Contract Tower,0,9,20,0,29,0,0,40,0,40,0,9,60,0,69,76,0,76,145
10/26/2020,FTY,GA,ASO,ES,Federal Contract Tower,0,16,38,0,54,0,0,12,0,12,0,16,50,0,66,70,0,70,136
10/27/2020,FTY,GA,ASO,ES,Federal Contract Tower,0,20,55,0,75,0,0,7,0,7,0,20,62,0,82,44,0,44,126
10/28/2020,FTY,GA,ASO,ES,Federal Contract Tower,0,19,45,0,64,0,0,2,0,2,0,19,47,0,66,10,0,10,76
10/29/2020,FTY,GA,ASO,ES,Federal Contract Tower,0,9,24,0,33,0,0,0,5,5,0,9,24,5,38,0,0,0,38
10/30/2020,FTY,GA,ASO,ES,Federal Contract Tower,0,11,41,0,52,0,0,35,1,36,0,11,76,1,88,18,0,18,106
10/31/2020,FTY,GA,ASO,ES,Federal Contract Tower,0,2,18,0,20,0,0,57,0,57,0,2,75,0,77,76,0,76,153
11/01/2020,FTY,GA,ASO,ES,Federal Contract Tower,0,8,36,0,44,0,0,21,0,21,0,8,57,0,65,54,0,54,119
11/02/2020,FTY,GA,ASO,ES,Federal Contract Tower,0,12,55,0,67,0,0,53,0,53,0,12,108,0,120,110,0,110,230
11/03/2020,FTY,GA,ASO,ES,Federal Contract Tower,0,7,27,0,34,0,0,71,0,71,0,7,98,0,105,222,0,222,327
11/04/2020,FTY,GA,ASO,ES,Federal Contract Tower,0,9,35,0,44,0,0,48,0,48,0,9,83,0,92,136,0,136,228
11/05/2020,FTY,GA,ASO,ES,Federal Contract Tower,0,20,36,0,56,0,0,58,0,58,0,20,94,0,114,142,0,142,256
11/06/2020,FTY,GA,ASO,ES,Federal Contract Tower,0,4,44,0,48,0,0,59,0,59,0,4,103,0,107,114,0,114,221
11/07/2020,FTY,GA,ASO,ES,Federal Contract Tower,0,1,28,0,29,0,0,32,0,32,0,1,60,0,61,96,0,96,157
11/08/2020,FTY,GA,ASO,ES,Federal Contract Tower,0,10,21,0,31,0,0,26,0,26,0,10,47,0,57,40,0,40,97
11/09/2020,FTY,GA,ASO,ES,Federal Contract Tower,0,9,37,0,46,0,0,21,0,21,0,9,58,0,67,58,0,58,125
11/10/2020,FTY,GA,ASO,ES,Federal Contract Tower,0,5,26,0,31,0,0,0,0,0,0,5,26,0,31,20,0,20,51
11/11/2020,FTY,GA,ASO,ES,Federal Contract Tower,0,11,31,0,42,0,0,0,0,0,0,11,31,0,42,0,0,0,42
11/12/2020,FTY,GA,ASO,ES,Federal Contract Tower,0,20,52,0,72,0,0,24,0,24,0,20,76,0,96,86,0,86,182
11/13/2020,FTY,GA,ASO,ES,Federal Contract Tower,0,0,40,0,40,0,0,51,0,51,0,0,91,0,91,84,0,84,175
11/14/2020,FTY,GA,ASO,ES,Federal Contract Tower,0,2,10,0,12,0,0,63,0,63,0,2,73,0,75,158,0,158,233
11/15/2020,FTY,GA,ASO,ES,Federal Contract Tower,0,9,31,0,40,0,0,14,0,14,0,9,45,0,54,46,0,46,100
11/16/2020,FTY,GA,ASO,ES,Federal Contract Tower,0,10,19,0,29,0,0,47,0,47,0,10,66,0,76,110,0,110,186
11/17/2020,FTY,GA,ASO,ES,Federal Contract Tower,0,6,21,0,27,0,0,46,0,46,0,6,67,0,73,106,0,106,179
11/18/2020,FTY,GA,ASO,ES,Federal Contract Tower,0,7,36,0,43,0,0,78,0,78,0,7,114,0,121,176,0,176,297
11/19/2020,FTY,GA,ASO,ES,Federal Contract Tower,0,9,44,0,53,0,0,74,0,74,0,9,118,0,127,192,0,192,319
11/20/2020,FTY,GA,ASO,ES,Federal Contract Tower,0,13,34,0,47,0,0,65,0,65,0,13,99,0,112,74,0,74,186
11/21/2020,FTY,GA,ASO,ES,Federal Contract Tower,0,1,25,0,26,0,0,74,0,74,0,1,99,0,100,150,0,150,250
11/22/2020,FTY,GA,ASO,ES,Federal Contract Tower,0,6,28,0,34,0,0,42,0,42,0,6,70,0,76,6,0,6,82
11/23/2020,FTY,GA,ASO,ES,Federal Contract Tower,0,7,41,0,48,0,0,48,0,48,0,7,89,0,96,146,0,146,242
11/24/2020,FTY,GA,ASO,ES,Federal Contract Tower,0,3,33,0,36,0,0,92,0,92,0,3,125,0,128,228,0,228,356
11/25/2020,FTY,GA,ASO,ES,Federal Contract Tower,0,10,38,0,48,0,0,11,0,11,0,10,49,0,59,54,0,54,113
11/26/2020,FTY,GA,ASO,ES,Federal Contract Tower,0,0,6,0,6,0,0,2,0,2,0,0,8,0,8,0,0,0,8
11/27/2020,FTY,GA,ASO,ES,Federal Contract Tower,0,0,11,14,25,0,0,58,0,58,0,0,69,14,83,92,0,92,175
11/28/2020,FTY,GA,ASO,ES,Federal Contract Tower,0,6,19,0,25,0,0,44,0,44,0,6,63,0,69,64,0,64,133
11/29/2020,FTY,GA,ASO,ES,Federal Contract Tower,0,11,32,0,43,0,0,0,0,0,0,11,32,0,43,0,0,0,43
11/30/2020,FTY,GA,ASO,ES,Federal Contract Tower,0,16,20,0,36,0,0,2,0,2,0,16,22,0,38,0,0,0,38
12/01/2020,FTY,GA,ASO,ES,Federal Contract Tower,0,10,37,0,47,0,0,52,0,52,0,10,89,0,99,74,0,74,173
12/02/2020,FTY,GA,ASO,ES,Federal Contract Tower,0,24,31,0,55,0,0,53,0,53,0,24,84,0,108,220,0,220,328
12/03/2020,FTY,GA,ASO,ES,Federal Contract Tower,0,2,41,0,43,0,0,60,0,60,0,2,101,0,103,90,0,90,193
12/04/2020,FTY,GA,ASO,ES,Federal Contract Tower,0,5,28,0,33,0,0,3,0,3,0,5,31,0,36,16,0,16,52
12/05/2020,FTY,GA,ASO,ES,Federal Contract Tower,0,7,13,0,20,0,2,57,0,59,0,9,70,0,79,34,0,34,113
12/06/2020,FTY,GA,ASO,ES,Federal Contract Tower,0,13,26,0,39,0,0,51,0,51,0,13,77,0,90,112,0,112,202
12/07/2020,FTY,GA,ASO,ES,Federal Contract Tower,0,14,25,0,39,0,0,19,0,19,0,14,44,0,58,62,0,62,120
12/08/2020,FTY,GA,ASO,ES,Federal Contract Tower,0,10,23,0,33,0,0,50,0,50,0,10,73,0,83,84,0,84,167
12/09/2020,FTY,GA,ASO,ES,Federal Contract Tower,0,15,32,0,47,0,0,51,0,51,0,15,83,0,98,148,0,148,246
12/10/2020,FTY,GA,ASO,ES,Federal Contract Tower,0,8,43,0,51,0,0,52,0,52,0,8,95,0,103,100,0,100,203
12/11/2020,FTY,GA,ASO,ES,Federal Contract Tower,0,11,49,0,60,0,0,56,0,56,0,11,105,0,116,110,0,110,226
12/12/2020,FTY,GA,ASO,ES,Federal Contract Tower,0,4,23,0,27,0,0,33,0,33,0,4,56,0,60,34,0,34,94
12/13/2020,FTY,GA,ASO,ES,Federal Contract Tower,0,7,29,0,36,0,0,35,0,35,0,7,64,0,71,92,0,92,163
12/14/2020,FTY,GA,ASO,ES,Federal Contract Tower,0,8,30,0,38,0,0,10,0,10,0,8,40,0,48,8,0,8,56
12/15/2020,FTY,GA,ASO,ES,Federal Contract Tower,0,11,27,0,38,0,0,35,0,35,0,11,62,0,73,74,0,74,147
12/16/2020,FTY,GA,ASO,ES,Federal Contract Tower,0,11,21,0,32,0,0,1,0,1,0,11,22,0,33,0,0,0,33
12/17/2020,FTY,GA,ASO,ES,Federal Contract Tower,0,7,31,0,38,0,0,25,0,25,0,7,56,0,63,174,0,174,237
12/18/2020,FTY,GA,ASO,ES,Federal Contract Tower,0,5,43,0,48,0,0,53,0,53,0,5,96,0,101,144,0,144,245
12/19/2020,FTY,GA,ASO,ES,Federal Contract Tower,0,13,36,0,49,0,0,64,0,64,0,13,100,0,113,128,0,128,241
12/20/2020,FTY,GA,ASO,ES,Federal Contract Tower,0,18,39,0,57,0,0,17,0,17,0,18,56,0,74,58,0,58,132
12/21/2020,FTY,GA,ASO,ES,Federal Contract Tower,0,12,32,0,44,0,0,48,0,48,0,12,80,0,92,184,0,184,276
12/22/2020,FTY,GA,ASO,ES,Federal Contract Tower,0,14,30,0,44,0,0,65,0,65,0,14,95,0,109,114,0,114,223
12/23/2020,FTY,GA,ASO,ES,Federal Contract Tower,0,9,34,0,43,0,0,52,0,52,0,9,86,0,95,54,0,54,149
12/24/2020,FTY,GA,ASO,ES,Federal Contract Tower,0,0,11,0,11,0,0,0,0,0,0,0,11,0,11,0,0,0,11
12/25/2020,FTY,GA,ASO,ES,Federal Contract Tower,0,5,3,0,8,0,0,3,0,3,0,5,6,0,11,0,0,0,11
12/26/2020,FTY,GA,ASO,ES,Federal Contract Tower,0,6,32,0,38,0,0,34,0,34,0,6,66,0,72,64,0,64,136
12/27/2020,FTY,GA,ASO,ES,Federal Contract Tower,0,6,29,0,35,0,0,61,0,61,0,6,90,0,96,104,0,104,200
12/28/2020,FTY,GA,ASO,ES,Federal Contract Tower,0,8,17,0,25,0,0,27,0,27,0,8,44,0,52,122,0,122,174
12/29/2020,FTY,GA,ASO,ES,Federal Contract Tower,0,17,41,0,58,0,0,56,0,56,0,17,97,0,114,130,0,130,244
12/30/2020,FTY,GA,ASO,ES,Federal Contract Tower,0,6,32,0,38,0,0,14,0,14,0,6,46,0,52,14,0,14,66
12/31/2020,FTY,GA,ASO,ES,Federal Contract Tower,0,8,11,0,19,0,0,0,0,0,0,8,11,0,19,0,0,0,19
01/01/2021,FTY,GA,ASO,ES,Federal Contract Tower,0,15,6,0,21,0,0,0,0,0,0,15,6,0,21,0,0,0,21
01/02/2021,FTY,GA,ASO,ES,Federal Contract Tower,0,9,26,0,35,0,0,41,0,41,0,9,67,0,76,24,0,24,100
01/03/2021,FTY,GA,ASO,ES,Federal Contract Tower,0,6,35,0,41,0,9,20,0,29,0,15,55,0,70,92,0,92,162
01/04/2021,FTY,GA,ASO,ES,Federal Contract Tower,0,8,38,0,46,0,3,48,0,51,0,11,86,0,97,108,0,108,205
01/05/2021,FTY,GA,ASO,ES,Federal Contract Tower,0,7,39,0,46,0,0,50,0,50,0,7,89,0,96,86,0,86,182
01/06/2021,FTY,GA,ASO,ES,Federal Contract Tower,0,6,22,0,28,0,0,68,0,68,0,6,90,0,96,150,0,150,246
01/07/2021,FTY,GA,ASO,ES,Federal Contract Tower,0,12,32,0,44,0,0,20,0,20,0,12,52,0,64,92,0,92,156
01/08/2021,FTY,GA,ASO,ES,Federal Contract Tower,0,9,35,0,44,0,0,3,0,3,0,9,38,0,47,10,0,10,57
01/09/2021,FTY,GA,ASO,ES,Federal Contract Tower,0,7,27,0,34,0,0,14,0,14,0,7,41,0,48,10,0,10,58
01/10/2021,FTY,GA,ASO,ES,Federal Contract Tower,0,4,18,0,22,0,0,61,0,61,0,4,79,0,83,118,0,118,201
01/11/2021,FTY,GA,ASO,ES,Federal Contract Tower,0,6,27,0,33,0,0,3,0,3,0,6,30,0,36,0,0,0,36
01/12/2021,FTY,GA,ASO,ES,Federal Contract Tower,0,4,38,0,42,0,0,9,0,9,0,4,47,0,51,56,0,56,107
01/13/2021,FTY,GA,ASO,ES,Federal Contract Tower,0,4,26,0,30,0,0,66,0,66,0,4,92,0,96,116,0,116,212
01/14/2021,FTY,GA,ASO,ES,Federal Contract Tower,0,9,40,0,49,0,0,52,0,52,0,9,92,0,101,110,0,110,211
01/15/2021,FTY,GA,ASO,ES,Federal Contract Tower,0,7,22,0,29,0,0,41,0,41,0,7,63,0,70,110,0,110,180
01/16/2021,FTY,GA,ASO,ES,Federal Contract Tower,0,6,13,0,19,0,0,38,0,38,0,6,51,0,57,68,0,68,125
01/17/2021,FTY,GA,ASO,ES,Federal Contract Tower,0,6,14,0,20,0,0,35,0,35,0,6,49,0,55,68,0,68,123
01/18/2021,FTY,GA,ASO,ES,Federal Contract Tower,0,12,27,0,39,0,0,49,0,49,0,12,76,0,88,108,0,108,196
01/19/2021,FTY,GA,ASO,ES,Federal Contract Tower,0,7,36,0,43,0,0,53,0,53,0,7,89,0,96,156,0,156,252
01/20/2021,FTY,GA,ASO,ES,Federal Contract Tower,0,11,37,0,48,0,0,52,0,52,0,11,89,0,100,160,0,160,260
01/21/2021,FTY,GA,ASO,ES,Federal Contract Tower,0,0,38,0,38,0,0,0,0,0,0,0,38,0,38,0,0,0,38
01/22/2021,FTY,GA,ASO,ES,Federal Contract Tower,0,8,38,0,46,0,0,44,0,44,0,8,82,0,90,156,0,156,246
01/23/2021,FTY,GA,ASO,ES,Federal Contract Tower,0,2,13,0,15,0,0,83,0,83,0,2,96,0,98,185,0,185,283
01/24/2021,FTY,GA,ASO,ES,Federal Contract Tower,0,8,22,0,30,0,0,39,0,39,0,8,61,0,69,120,0,120,189
01/25/2021,FTY,GA,ASO,ES,Federal Contract Tower,0,13,32,0,45,0,0,5,0,5,0,13,37,0,50,0,0,0,50
01/26/2021,FTY,GA,ASO,ES,Federal Contract Tower,0,5,36,0,41,0,0,38,0,38,0,5,74,0,79,148,0,148,227
01/27/2021,FTY,GA,ASO,ES,Federal Contract Tower,0,14,31,0,45,0,0,7,0,7,0,14,38,0,52,62,0,62,114
01/28/2021,FTY,GA,ASO,ES,Federal Contract Tower,0,5,35,0,40,0,0,25,0,25,0,5,60,0,65,32,0,32,97
01/29/2021,FTY,GA,ASO,ES,Federal Contract Tower,0,5,38,0,43,0,0,86,0,86,0,5,124,0,129,156,0,156,285
01/30/2021,FTY,GA,ASO,ES,Federal Contract Tower,0,4,32,0,36,0,0,76,0,76,0,4,108,0,112,136,0,136,248
01/31/2021,FTY,GA,ASO,ES,Federal Contract Tower,0,9,28,0,37,0,0,0,0,0,0,9,28,0,37,0,0,0,37
02/01/2021,FTY,GA,ASO,ES,Federal Contract Tower,0,11,31,0,42,0,0,4,0,4,0,11,35,0,46,0,0,0,46
02/02/2021,FTY,GA,ASO,ES,Federal Contract Tower,0,7,32,0,39,0,0,25,0,25,0,7,57,0,64,60,0,60,124
02/03/2021,FTY,GA,ASO,ES,Federal Contract Tower,0,9,26,0,35,0,0,80,0,80,0,9,106,0,115,164,0,164,279
02/04/2021,FTY,GA,ASO,ES,Federal Contract Tower,0,1,30,0,31,0,0,52,0,52,0,1,82,0,83,154,0,154,237
02/05/2021,FTY,GA,ASO,ES,Federal Contract Tower,0,3,35,0,38,0,0,47,0,47,0,3,82,0,85,64,0,64,149
02/06/2021,FTY,GA,ASO,ES,Federal Contract Tower,0,1,10,0,11,0,0,32,0,32,0,1,42,0,43,76,0,76,119
02/07/2021,FTY,GA,ASO,ES,Federal Contract Tower,0,6,17,0,23,0,0,46,0,46,0,6,63,0,69,110,0,110,179
02/08/2021,FTY,GA,ASO,ES,Federal Contract Tower,0,7,46,0,53,0,0,76,0,76,0,7,122,0,129,178,0,178,307
02/09/2021,FTY,GA,ASO,ES,Federal Contract Tower,0,9,33,0,42,0,0,33,0,33,0,9,66,0,75,140,0,140,215
02/10/2021,FTY,GA,ASO,ES,Federal Contract Tower,0,6,28,0,34,0,0,62,0,62,0,6,90,0,96,104,0,104,200
02/11/2021,FTY,GA,ASO,ES,Federal Contract Tower,0,6,42,0,48,0,0,0,0,0,0,6,42,0,48,0,0,0,48
02/12/2021,FTY,GA,ASO,ES,Federal Contract Tower,0,18,34,0,52,0,0,0,0,0,0,18,34,0,52,0,0,0,52
02/13/2021,FTY,GA,ASO,ES,Federal Contract Tower,0,8,10,0,18,0,0,0,0,0,0,8,10,0,18,2,0,2,20
02/14/2021,FTY,GA,ASO,ES,Federal Contract Tower,0,5,20,0,25,0,0,78,0,78,0,5,98,0,103,4,0,4,107
02/15/2021,FTY,GA,ASO,ES,Federal Contract Tower,0,8,31,0,39,0,0,0,0,0,0,8,31,0,39,0,0,0,39
02/16/2021,FTY,GA,ASO,ES,Federal Contract Tower,0,6,30,0,36,0,0,30,0,30,0,6,60,0,66,58,0,58,124
02/17/2021,FTY,GA,ASO,ES,Federal Contract Tower,0,5,59,0,64,0,0,80,0,80,0,5,139,0,144,126,0,126,270
02/18/2021,FTY,GA,ASO,ES,Federal Contract Tower,0,1,40,0,41,0,0,0,0,0,0,1,40,0,41,6,0,6,47
02/19/2021,FTY,GA,ASO,ES,Federal Contract Tower,0,13,40,0,53,0,0,29,0,29,0,13,69,0,82,14,0,14,96
02/20/2021,FTY,GA,ASO,ES,Federal Contract Tower,0,6,31,0,37,0,0,119,0,119,0,6,150,0,156,206,0,206,362
02/21/2021,FTY,GA,ASO,ES,Federal Contract Tower,0,8,34,5,47,0,0,75,0,75,0,8,109,5,122,94,0,94,216
02/22/2021,FTY,GA,ASO,ES,Federal Contract Tower,0,16,24,0,40,0,0,21,0,21,0,16,45,0,61,74,0,74,135
02/23/2021,FTY,GA,ASO,ES,Federal Contract Tower,0,6,36,0,42,0,0,77,0,77,0,6,113,0,119,84,0,84,203
02/24/2021,FTY,GA,ASO,ES,Federal Contract Tower,0,7,36,0,43,0,0,74,0,74,0,7,110,0,117,90,0,90,207
02/25/2021,FTY,GA,ASO,ES,Federal Contract Tower,0,4,45,0,49,0,0,81,0,81,0,4,126,0,130,216,0,216,346
02/26/2021,FTY,GA,ASO,ES,Federal Contract Tower,0,12,36,0,48,0,0,0,0,0,0,12,36,0,48,0,0,0,48
02/27/2021,FTY,GA,ASO,ES,Federal Contract Tower,0,25,29,0,54,0,0,14,0,14,0,25,43,0,68,14,0,14,82
02/28/2021,FTY,GA,ASO,ES,Federal Contract Tower,0,11,50,0,61,0,0,14,0,14,0,11,64,0,75,26,0,26,101
03/01/2021,FTY,GA,ASO,ES,Federal Contract Tower,0,15,28,0,43,0,0,18,0,18,0,15,46,0,61,58,0,58,119
03/02/2021,FTY,GA,ASO,ES,Federal Contract Tower,0,6,37,0,43,0,0,30,0,30,0,6,67,0,73,134,0,134,207
03/03/2021,FTY,GA,ASO,ES,Federal Contract Tower,0,13,26,0,39,0,0,63,0,63,0,13,89,0,102,112,0,112,214
03/04/2021,FTY,GA,ASO,ES,Federal Contract Tower,0,2,44,0,46,0,0,57,0,57,0,2,101,0,103,126,0,126,229
03/05/2021,FTY,GA,ASO,ES,Federal Contract Tower,0,8,38,0,46,0,0,84,0,84,0,8,122,0,130,166,0,166,296
03/06/2021,FTY,GA,ASO,ES,Federal Contract Tower,0,8,30,0,38,0,0,60,0,60,0,8,90,0,98,176,0,176,274
03/07/2021,FTY,GA,ASO,ES,Federal Contract Tower,0,19,42,0,61,0,0,62,0,62,0,19,104,0,123,104,0,104,227
03/08/2021,FTY,GA,ASO,ES,Federal Contract Tower,0,7,36,0,43,0,0,64,0,64,0,7,100,0,107,126,0,126,233
03/09/2021,FTY,GA,ASO,ES,Federal Contract Tower,0,2,34,0,36,0,0,52,0,52,0,2,86,0,88,98,0,98,186
03/10/2021,FTY,GA,ASO,ES,Federal Contract Tower,0,10,46,0,56,0,0,78,0,78,0,10,124,0,134,100,0,100,234
03/11/2021,FTY,GA,ASO,ES,Federal Contract Tower,0,3,54,0,57,0,0,78,0,78,0,3,132,0,135,170,0,170,305
03/12/2021,FTY,GA,ASO,ES,Federal Contract Tower,0,3,44,0,47,0,0,69,0,69,0,3,113,0,116,198,0,198,314
03/13/2021,FTY,GA,ASO,ES,Federal Contract Tower,0,3,15,0,18,0,0,88,0,88,0,3,103,0,106,88,0,88,194
03/14/2021,FTY,GA,ASO,ES,Federal Contract Tower,0,10,35,0,45,0,0,78,0,78,0,10,113,0,123,122,0,122,245
03/15/2021,FTY,GA,ASO,ES,Federal Contract Tower,0,9,31,0,40,0,0,31,1,32,0,9,62,1,72,86,0,86,158
03/16/2021,FTY,GA,ASO,ES,Federal Contract Tower,0,12,24,0,36,0,0,0,0,0,0,12,24,0,36,0,0,0,36
03/17/2021,FTY,GA,ASO,ES,Federal Contract Tower,0,21,46,0,67,0,0,0,0,0,0,21,46,0,67,0,0,0,67
03/18/2021,FTY,GA,ASO,ES,Federal Contract Tower,0,15,32,0,47,0,0,13,0,13,0,15,45,0,60,10,0,10,70
03/19/2021,FTY,GA,ASO,ES,Federal Contract Tower,0,8,23,0,31,0,0,9,0,9,0,8,32,0,40,72,0,72,112
03/20/2021,FTY,GA,ASO,ES,Federal Contract Tower,0,2,23,0,25,0,0,65,0,65,0,2,88,0,90,86,0,86,176
03/21/2021,FTY,GA,ASO,ES,Federal Contract Tower,0,10,47,0,57,0,0,57,0,57,0,10,104,0,114,140,0,140,254
03/22/2021,FTY,GA,ASO,ES,Federal Contract Tower,0,5,32,0,37,0,0,55,0,55,0,5,87,0,92,92,0,92,184
03/23/2021,FTY,GA,ASO,ES,Federal Contract Tower,0,3,34,0,37,0,0,61,0,61,0,3,95,0,98,206,0,206,304
03/24/2021,FTY,GA,ASO,ES,Federal Contract Tower,0,10,51,0,61,0,0,41,0,41,0,10,92,0,102,162,0,162,264
03/25/2021,FTY,GA,ASO,ES,Federal Contract Tower,0,8,39,0,47,0,0,8,0,8,0,8,47,0,55,34,0,34,89
03/26/2021,FTY,GA,ASO,ES,Federal Contract Tower,0,8,42,0,50,0,0,78,0,78,0,8,120,0,128,190,0,190,318
03/27/2021,FTY,GA,ASO,ES,Federal Contract Tower,0,12,12,0,24,0,0,23,0,23,0,12,35,0,47,34,0,34,81
03/28/2021,FTY,GA,ASO,ES,Federal Contract Tower,0,16,21,0,37,0,0,14,0,14,0,16,35,0,51,16,0,16,67
03/29/2021,FTY,GA,ASO,ES,Federal Contract Tower,0,6,40,0,46,0,0,94,0,94,0,6,134,0,140,178,0,178,318
03/30/2021,FTY,GA,ASO,ES,Federal Contract Tower,0,14,35,2,51,0,0,36,0,36,0,14,71,2,87,188,0,188,275
03/31/2021,FTY,GA,ASO,ES,Federal Contract Tower,0,5,45,1,51,0,0,0,0,0,0,5,45,1,51,0,0,0,51
04/01/2021,FTY,GA,ASO,ES,Federal Contract Tower,0,6,30,0,36,0,0,18,0,18,0,6,48,0,54,0,0,0,54
04/02/2021,FTY,GA,ASO,ES,Federal Contract Tower,0,9,39,0,48,0,0,75,0,75,0,9,114,0,123,92,0,92,215
04/03/2021,FTY,GA,ASO,ES,Federal Contract Tower,0,4,22,0,26,0,0,92,0,92,0,4,114,0,118,90,0,90,208
04/04/2021,FTY,GA,ASO,ES,Federal Contract Tower,0,9,21,0,30,0,0,55,0,55,0,9,76,0,85,52,0,52,137
04/05/2021,FTY,GA,ASO,ES,Federal Contract Tower,0,8,50,0,58,0,0,57,0,57,0,8,107,0,115,154,0,154,269
04/06/2021,FTY,GA,ASO,ES,Federal Contract Tower,0,2,40,0,42,0,0,68,0,68,0,2,108,0,110,226,0,226,336
04/07/2021,FTY,GA,ASO,ES,Federal Contract Tower,0,10,31,0,41,0,0,97,0,97,0,10,128,0,138,238,0,238,376
04/08/2021,FTY,GA,ASO,ES,Federal Contract Tower,0,8,53,0,61,0,0,28,0,28,0,8,81,0,89,108,0,108,197
04/09/2021,FTY,GA,ASO,ES,Federal Contract Tower,0,6,42,0,48,0,0,23,0,23,0,6,65,0,71,0,0,0,71
04/10/2021,FTY,GA,ASO,ES,Federal Contract Tower,0,8,22,0,30,0,0,8,0,8,0,8,30,0,38,0,0,0,38
04/11/2021,FTY,GA,ASO,ES,Federal Contract Tower,0,13,44,3,60,0,0,96,0,96,0,13,140,3,156,120,0,120,276
04/12/2021,FTY,GA,ASO,ES,Federal Contract Tower,0,14,42,0,56,0,0,45,0,45,0,14,87,0,101,98,0,98,199
04/13/2021,FTY,GA,ASO,ES,Federal Contract Tower,0,12,37,0,49,0,0,79,0,79,0,12,116,0,128,188,0,188,316
04/14/2021,FTY,GA,ASO,ES,Federal Contract Tower,0,14,43,0,57,0,0,48,0,48,0,14,91,0,105,124,0,124,229
04/15/2021,FTY,GA,ASO,ES,Federal Contract Tower,0,11,50,0,61,0,0,64,0,64,0,11,114,0,125,122,0,122,247
04/16/2021,FTY,GA,ASO,ES,Federal Contract Tower,0,2,32,0,34,0,2,100,0,102,0,4,132,0,136,184,0,184,320
04/17/2021,FTY,GA,ASO,ES,Federal Contract Tower,0,3,20,0,23,0,0,85,0,85,0,3,105,0,108,132,0,132,240
04/18/2021,FTY,GA,ASO,ES,Federal Contract Tower,0,3,27,0,30,0,0,76,0,76,0,3,103,0,106,68,0,68,174
04/19/2021,FTY,GA,ASO,ES,Federal Contract Tower,0,10,53,0,63,0,0,70,0,70,0,10,123,0,133,232,0,232,365
04/20/2021,FTY,GA,ASO,ES,Federal Contract Tower,0,7,35,0,42,0,0,79,0,79,0,7,114,0,121,226,0,226,347
04/21/2021,FTY,GA,ASO,ES,Federal Contract Tower,0,7,50,0,57,0,0,26,0,26,0,7,76,0,83,52,0,52,135
04/22/2021,FTY,GA,ASO,ES,Federal Contract Tower,0,5,55,0,60,0,0,86,0,86,0,5,141,0,146,128,0,128,274
04/23/2021,FTY,GA,ASO,ES,Federal Contract Tower,0,6,36,0,42,0,0,78,0,78,0,6,114,0,120,120,0,120,240
04/24/2021,FTY,GA,ASO,ES,Federal Contract Tower,0,0,15,0,15,0,0,3,0,3,0,0,18,0,18,0,0,0,18
04/25/2021,FTY,GA,ASO,ES,Federal Contract Tower,0,3,35,0,38,0,0,50,0,50,0,3,85,0,88,26,0,26,114
04/26/2021,FTY,GA,ASO,ES,Federal Contract Tower,0,6,50,0,56,0,0,91,0,91,0,6,141,0,147,160,0,160,307
04/27/2021,FTY,GA,ASO,ES,Federal Contract Tower,0,8,55,0,63,0,0,87,0,87,0,8,142,0,150,150,0,150,300
04/28/2021,FTY,GA,ASO,ES,Federal Contract Tower,0,5,53,0,58,0,0,91,0,91,0,5,144,0,149,186,0,186,335
04/29/2021,FTY,GA,ASO,ES,Federal Contract Tower,0,6,39,0,45,0,0,36,0,36,0,6,75,0,81,66,0,66,147
04/30/2021,FTY,GA,ASO,ES,Federal Contract Tower,0,5,36,0,41,0,0,57,0,57,0,5,93,0,98,116,0,116,214
05/01/2021,FTY,GA,ASO,ES,Federal Contract Tower,0,1,22,0,23,0,0,128,0,128,0,1,150,0,151,182,0,182,333
05/02/2021,FTY,GA,ASO,ES,Federal Contract Tower,0,2,14,0,16,0,0,62,0,62,0,2,76,0,78,94,0,94,172
05/03/2021,FTY,GA,ASO,ES,Federal Contract Tower,0,3,31,0,34,0,0,4,0,4,0,3,35,0,38,0,0,0,38
05/04/2021,FTY,GA,ASO,ES,Federal Contract Tower,0,4,37,0,41,0,0,0,0,0,0,4,37,0,41,0,0,0,41
05/05/2021,FTY,GA,ASO,ES,Federal Contract Tower,0,5,52,0,57,0,0,19,0,19,0,5,71,0,76,40,0,40,116
05/06/2021,FTY,GA,ASO,ES,Federal Contract Tower,0,13,60,0,73,0,0,90,0,90,0,13,150,0,163,176,0,176,339
05/07/2021,FTY,GA,ASO,ES,Federal Contract Tower,0,7,46,0,53,0,0,49,0,49,0,7,95,0,102,66,0,66,168
05/08/2021,FTY,GA,ASO,ES,Federal Contract Tower,0,2,15,0,17,0,0,122,0,122,0,2,137,0,139,180,0,180,319
05/09/2021,FTY,GA,ASO,ES,Federal Contract Tower,0,3,23,0,26,0,0,76,2,78,0,3,99,2,104,4,0,4,108
05/10/2021,FTY,GA,ASO,ES,Federal Contract Tower,0,11,46,0,57,0,0,16,0,16,0,11,62,0,73,18,0,18,91
05/11/2021,FTY,GA,ASO,ES,Federal Contract Tower,0,18,53,0,71,0,0,71,0,71,0,18,124,0,142,310,0,310,452
05/12/2021,FTY,GA,ASO,ES,Federal Contract Tower,0,9,57,0,66,0,0,3,0,3,0,9,60,0,69,10,0,10,79
05/13/2021,FTY,GA,ASO,ES,Federal Contract Tower,0,12,51,0,63,0,0,74,0,74,0,12,125,0,137,222,0,222,359
05/14/2021,FTY,GA,ASO,ES,Federal Contract Tower,0,6,38,0,44,0,0,77,0,77,0,6,115,0,121,214,0,214,335
05/15/2021,FTY,GA,ASO,ES,Federal Contract Tower,0,6,11,0,17,0,0,145,0,145,0,6,156,0,162,142,0,142,304
05/16/2021,FTY,GA,ASO,ES,Federal Contract Tower,0,4,37,0,41,0,0,106,0,106,0,4,143,0,147,110,0,110,257
05/17/2021,FTY,GA,ASO,ES,Federal Contract Tower,0,8,41,0,49,0,0,83,0,83,0,8,124,0,132,200,0,200,332
05/18/2021,FTY,GA,ASO,ES,Federal Contract Tower,0,7,33,2,42,0,0,69,0,69,0,7,102,2,111,144,0,144,255
05/19/2021,FTY,GA,ASO,ES,Federal Contract Tower,0,13,45,0,58,0,0,86,0,86,0,13,131,0,144,166,0,166,310
05/20/2021,FTY,GA,ASO,ES,Federal Contract Tower,0,14,74,0,88,0,0,78,0,78,0,14,152,0,166,142,0,142,308
05/21/2021,FTY,GA,ASO,ES,Federal Contract Tower,0,12,43,0,55,0,0,99,0,99,0,12,142,0,154,156,0,156,310
05/22/2021,FTY,GA,ASO,ES,Federal Contract Tower,0,6,18,0,24,0,0,119,0,119,0,6,137,0,143,96,0,96,239
05/23/2021,FTY,GA,ASO,ES,Federal Contract Tower,0,5,29,0,34,0,0,103,0,103,0,5,132,0,137,78,0,78,215
05/24/2021,FTY,GA,ASO,ES,Federal Contract Tower,0,13,37,1,51,0,0,89,0,89,0,13,126,1,140,186,0,186,326
05/25/2021,FTY,GA,ASO,ES,Federal Contract Tower,0,9,46,0,55,0,0,57,0,57,0,9,103,0,112,80,0,80,192
05/26/2021,FTY,GA,ASO,ES,Federal Contract Tower,0,6,46,2,54,0,0,69,1,70,0,6,115,3,124,140,0,140,264
05/27/2021,FTY,GA,ASO,ES,Federal Contract Tower,0,13,45,0,58,0,0,71,0,71,0,13,116,0,129,230,0,230,359
05/28/2021,FTY,GA,ASO,ES,Federal Contract Tower,0,16,68,0,84,0,0,27,0,27,0,16,95,0,111,44,0,44,155
05/29/2021,FTY,GA,ASO,ES,Federal Contract Tower,0,5,17,0,22,0,0,51,0,51,0,5,68,0,73,46,0,46,119
05/30/2021,FTY,GA,ASO,ES,Federal Contract Tower,0,2,13,0,15,0,0,73,0,73,0,2,86,0,88,70,0,70,158
05/31/2021,FTY,GA,ASO,ES,Federal Contract Tower,0,4,26,0,30,0,0,70,0,70,0,4,96,0,100,264,0,264,364
06/01/2021,FTY,GA,ASO,ES,Federal Contract Tower,0,9,53,0,62,0,0,78,0,78,0,9,131,0,140,168,0,168,308
06/02/2021,FTY,GA,ASO,ES,Federal Contract Tower,0,22,59,0,81,0,0,79,0,79,0,22,138,0,160,226,0,226,386
06/03/2021,FTY,GA,ASO,ES,Federal Contract Tower,0,15,59,0,74,0,0,55,0,55,0,15,114,0,129,144,0,144,273
06/04/2021,FTY,GA,ASO,ES,Federal Contract Tower,0,8,40,0,48,0,0,59,0,59,0,8,99,0,107,156,0,156,263
06/05/2021,FTY,GA,ASO,ES,Federal Contract Tower,0,2,20,0,22,0,0,47,0,47,0,2,67,0,69,70,0,70,139
06/06/2021,FTY,GA,ASO,ES,Federal Contract Tower,0,5,31,0,36,0,0,48,0,48,0,5,79,0,84,40,0,40,124
06/07/2021,FTY,GA,ASO,ES,Federal Contract Tower,0,9,32,0,41,0,0,12,0,12,0,9,44,0,53,10,0,10,63
06/08/2021,FTY,GA,ASO,ES,Federal Contract Tower,0,4,45,0,49,0,0,23,0,23,0,4,68,0,72,78,0,78,150
06/09/2021,FTY,GA,ASO,ES,Federal Contract Tower,0,5,54,0,59,0,0,30,1,31,0,5,84,1,90,80,0,80,170
06/10/2021,FTY,GA,ASO,ES,Federal Contract Tower,0,7,77,0,84,0,0,14,0,14,0,7,91,0,98,10,0,10,108
06/11/2021,FTY,GA,ASO,ES,Federal Contract Tower,0,12,47,0,59,0,0,12,0,12,0,12,59,0,71,10,0,10,81
06/12/2021,FTY,GA,ASO,ES,Federal Contract Tower,0,2,8,0,10,0,0,27,0,27,0,2,35,0,37,0,0,0,37
06/13/2021,FTY,GA,ASO,ES,Federal Contract Tower,0,3,20,0,23,0,0,47,0,47,0,3,67,0,70,0,0,0,70
06/14/2021,FTY,GA,ASO,ES,Federal Contract Tower,0,21,51,0,72,0,0,61,0,61,0,21,112,0,133,70,0,70,203
06/15/2021,FTY,GA,ASO,ES,Federal Contract Tower,0,9,40,0,49,0,0,74,0,74,0,9,114,0,123,148,0,148,271
06/16/2021,FTY,GA,ASO,ES,Federal Contract Tower,0,21,59,0,80,0,0,66,0,66,0,21,125,0,146,134,0,134,280
06/17/2021,FTY,GA,ASO,ES,Federal Contract Tower,0,45,75,0,120,0,0,79,0,79,0,45,154,0,199,122,0,122,321
06/18/2021,FTY,GA,ASO,ES,Federal Contract Tower,0,52,84,0,136,0,0,71,0,71,0,52,155,0,207,80,0,80,287
06/19/2021,FTY,GA,ASO,ES,Federal Contract Tower,0,34,40,0,74,0,0,12,0,12,0,34,52,0,86,32,0,32,118
06/20/2021,FTY,GA,ASO,ES,Federal Contract Tower,0,30,53,0,83,0,0,18,0,18,0,30,71,0,101,10,0,10,111
06/21/2021,FTY,GA,ASO,ES,Federal Contract Tower,0,22,38,0,60,0,0,16,0,16,0,22,54,0,76,64,0,64,140
06/22/2021,FTY,GA,ASO,ES,Federal Contract Tower,0,14,56,0,70,0,0,16,0,16,0,14,72,0,86,6,0,6,92
06/23/2021,FTY,GA,ASO,ES,Federal Contract Tower,0,19,70,0,89,0,0,108,0,108,0,19,178,0,197,218,0,218,415
06/24/2021,FTY,GA,ASO,ES,Federal Contract Tower,0,34,94,0,128,0,0,52,0,52,0,34,146,0,180,186,0,186,366
06/25/2021,FTY,GA,ASO,ES,Federal Contract Tower,0,46,97,0,143,0,0,104,0,104,0,46,201,0,247,108,0,108,355
06/26/2021,FTY,GA,ASO,ES,Federal Contract Tower,0,35,63,0,98,0,0,73,0,73,0,35,136,0,171,60,0,60,231
06/27/2021,FTY,GA,ASO,ES,Federal Contract Tower,0,26,65,2,93,0,0,19,0,19,0,26,84,2,112,30,0,30,142
06/28/2021,FTY,GA,ASO,ES,Federal Contract Tower,0,13,42,0,55,0,0,58,0,58,0,13,100,0,113,142,0,142,255
06/29/2021,FTY,GA,ASO,ES,Federal Contract Tower,0,23,48,0,71,0,0,13,0,13,0,23,61,0,84,38,0,38,122
06/30/2021,FTY,GA,ASO,ES,Federal Contract Tower,0,10,48,0,58,0,0,84,0,84,0,10,132,0,142,240,0,240,382
07/01/2021,FTY,GA,ASO,ES,Federal Contract Tower,0,5,65,0,70,0,0,48,0,48,0,5,113,0,118,132,0,132,250
07/02/2021,FTY,GA,ASO,ES,Federal Contract Tower,0,14,29,0,43,0,0,9,0,9,0,14,38,0,52,42,0,42,94
07/03/2021,FTY,GA,ASO,ES,Federal Contract Tower,0,9,20,0,29,0,0,53,0,53,0,9,73,0,82,78,0,78,160
07/04/2021,FTY,GA,ASO,ES,Federal Contract Tower,0,11,17,0,28,0,0,44,0,44,0,11,61,0,72,56,10,66,138
07/05/2021,FTY,GA,ASO,ES,Federal Contract Tower,0,5,16,2,23,0,0,50,0,50,0,5,66,2,73,110,0,110,183
07/06/2021,FTY,GA,ASO,ES,Federal Contract Tower,0,6,32,0,38,0,0,59,0,59,0,6,91,0,97,212,0,212,309
07/07/2021,FTY,GA,ASO,ES,Federal Contract Tower,0,3,31,0,34,0,0,30,0,30,0,3,61,0,64,96,0,96,160
07/08/2021,FTY,GA,ASO,ES,Federal Contract Tower,0,7,45,0,52,0,0,27,0,27,0,7,72,0,79,88,0,88,167
07/09/2021,FTY,GA,ASO,ES,Federal Contract Tower,0,8,34,0,42,0,0,26,0,26,0,8,60,0,68,46,0,46,114
07/10/2021,FTY,GA,ASO,ES,Federal Contract Tower,0,9,26,0,35,0,0,57,0,57,0,9,83,0,92,66,0,66,158
07/11/2021,FTY,GA,ASO,ES,Federal Contract Tower,0,9,44,0,53,0,0,23,0,23,0,9,67,0,76,2,0,2,78
07/12/2021,FTY,GA,ASO,ES,Federal Contract Tower,0,13,44,0,57,0,0,14,0,14,0,13,58,0,71,38,0,38,109
07/13/2021,FTY,GA,ASO,ES,Federal Contract Tower,0,9,45,0,54,0,0,57,0,57,0,9,102,0,111,134,0,134,245
07/14/2021,FTY,GA,ASO,ES,Federal Contract Tower,0,12,56,0,68,0,0,61,0,61,0,12,117,0,129,188,0,188,317
07/15/2021,FTY,GA,ASO,ES,Federal Contract Tower,0,19,53,0,72,0,0,103,0,103,0,19,156,0,175,256,0,256,431
07/16/2021,FTY,GA,ASO,ES,Federal Contract Tower,0,6,38,0,44,0,0,53,0,53,0,6,91,0,97,128,2,130,227
07/17/2021,FTY,GA,ASO,ES,Federal Contract Tower,0,2,18,0,20,0,0,62,0,62,0,2,80,0,82,46,0,46,128
07/18/2021,FTY,GA,ASO,ES,Federal Contract Tower,0,7,33,0,40,0,0,45,0,45,0,7,78,0,85,52,0,52,137
07/19/2021,FTY,GA,ASO,ES,Federal Contract Tower,0,6,28,0,34,0,0,6,0,6,0,6,34,0,40,14,0,14,54
07/20/2021,FTY,GA,ASO,ES,Federal Contract Tower,0,9,32,0,41,0,0,5,0,5,0,9,37,0,46,22,0,22,68
07/21/2021,FTY,GA,ASO,ES,Federal Contract Tower,0,18,71,0,89,0,0,55,0,55,0,18,126,0,144,106,0,106,250
07/22/2021,FTY,GA,ASO,ES,Federal Contract Tower,0,13,68,0,81,0,0,92,0,92,0,13,160,0,173,222,0,222,395
07/23/2021,FTY,GA,ASO,ES,Federal Contract Tower,0,2,47,0,49,0,0,75,0,75,0,2,122,0,124,162,0,162,286
07/24/2021,FTY,GA,ASO,ES,Federal Contract Tower,0,5,20,0,25,0,0,95,0,95,0,5,115,0,120,168,0,168,288
07/25/2021,FTY,GA,ASO,ES,Federal Contract Tower,0,7,47,0,54,0,0,76,0,76,0,7,123,0,130,94,0,94,224
07/26/2021,FTY,GA,ASO,ES,Federal Contract Tower,0,11,49,0,60,0,0,84,0,84,0,11,133,0,144,208,0,208,352
07/27/2021,FTY,GA,ASO,ES,Federal Contract Tower,0,3,46,0,49,0,0,53,0,53,0,3,99,0,102,102,0,102,204
07/28/2021,FTY,GA,ASO,ES,Federal Contract Tower,0,18,62,0,80,0,0,68,0,68,0,18,130,0,148,132,0,132,280
07/29/2021,FTY,GA,ASO,ES,Federal Contract Tower,0,7,61,0,68,0,0,95,0,95,0,7,156,0,163,146,0,146,309
07/30/2021,FTY,GA,ASO,ES,Federal Contract Tower,0,8,38,0,46,0,0,74,0,74,0,8,112,0,120,158,0,158,278
07/31/2021,FTY,GA,ASO,ES,Federal Contract Tower,0,3,19,0,22,0,0,76,0,76,0,3,95,0,98,130,0,130,228
08/01/2021,FTY,GA,ASO,ES,Federal Contract Tower,0,8,35,0,43,0,0,61,0,61,0,8,96,0,104,142,0,142,246
08/02/2021,FTY,GA,ASO,ES,Federal Contract Tower,0,5,36,0,41,0,0,71,0,71,0,5,107,0,112,128,0,128,240
08/03/2021,FTY,GA,ASO,ES,Federal Contract Tower,0,9,50,0,59,0,0,81,0,81,0,9,131,0,140,140,0,140,280
08/04/2021,FTY,GA,ASO,ES,Federal Contract Tower,0,9,62,0,71,0,0,68,0,68,0,9,130,0,139,268,0,268,407
08/05/2021,FTY,GA,ASO,ES,Federal Contract Tower,0,16,59,0,75,0,0,80,0,80,0,16,139,0,155,200,0,200,355
08/06/2021,FTY,GA,ASO,ES,Federal Contract Tower,0,6,42,0,48,0,0,77,0,77,0,6,119,0,125,198,0,198,323
08/07/2021,FTY,GA,ASO,ES,Federal Contract Tower,0,6,29,0,35,0,2,52,0,54,0,8,81,0,89,108,0,108,197
08/08/2021,FTY,GA,ASO,ES,Federal Contract Tower,0,3,43,0,46,0,0,75,0,75,0,3,118,0,121,128,0,128,249
08/09/2021,FTY,GA,ASO,ES,Federal Contract Tower,0,7,44,0,51,0,0,60,0,60,0,7,104,0,111,126,0,126,237
08/10/2021,FTY,GA,ASO,ES,Federal Contract Tower,0,4,26,0,30,0,0,47,0,47,0,4,73,0,77,102,0,102,179
08/11/2021,FTY,GA,ASO,ES,Federal Contract Tower,0,10,35,0,45,0,0,40,0,40,0,10,75,0,85,72,0,72,157
08/12/2021,FTY,GA,ASO,ES,Federal Contract Tower,0,13,51,0,64,0,0,54,0,54,0,13,105,0,118,170,0,170,288
08/13/2021,FTY,GA,ASO,ES,Federal Contract Tower,0,9,39,0,48,0,0,61,0,61,0,9,100,0,109,134,0,134,243
08/14/2021,FTY,GA,ASO,ES,Federal Contract Tower,0,3,15,0,18,0,0,77,0,77,0,3,92,0,95,144,0,144,239
08/15/2021,FTY,GA,ASO,ES,Federal Contract Tower,0,10,61,0,71,0,0,36,0,36,0,10,97,0,107,50,0,50,157
08/16/2021,FTY,GA,ASO,ES,Federal Contract Tower,0,12,41,0,53,0,0,16,0,16,0,12,57,0,69,56,0,56,125
08/17/2021,FTY,GA,ASO,ES,Federal Contract Tower,0,20,33,0,53,0,0,2,0,2,0,20,35,0,55,0,0,0,55
08/18/2021,FTY,GA,ASO,ES,Federal Contract Tower,0,13,45,0,58,0,0,76,0,76,0,13,121,0,134,188,0,188,322
08/19/2021,FTY,GA,ASO,ES,Federal Contract Tower,0,8,48,0,56,0,0,49,0,49,0,8,97,0,105,140,0,140,245
08/20/2021,FTY,GA,ASO,ES,Federal Contract Tower,0,3,36,0,39,0,0,41,0,41,0,3,77,0,80,104,0,104,184
08/21/2021,FTY,GA,ASO,ES,Federal Contract Tower,0,2,17,0,19,0,0,63,0,63,0,2,80,0,82,28,0,28,110
08/22/2021,FTY,GA,ASO,ES,Federal Contract Tower,0,7,26,0,33,0,0,28,0,28,0,7,54,0,61,66,0,66,127
08/23/2021,FTY,GA,ASO,ES,Federal Contract Tower,0,6,36,0,42,0,0,76,0,76,0,6,112,0,118,106,0,106,224
08/24/2021,FTY,GA,ASO,ES,Federal Contract Tower,0,4,35,0,39,0,0,86,0,86,0,4,121,0,125,174,0,174,299
08/25/2021,FTY,GA,ASO,ES,Federal Contract Tower,0,5,58,0,63,0,0,69,0,69,0,5,127,0,132,178,0,178,310
08/26/2021,FTY,GA,ASO,ES,Federal Contract Tower,1,4,43,0,48,0,0,53,0,53,1,4,96,0,101,246,0,246,347
08/27/2021,FTY,GA,ASO,ES,Federal Contract Tower,0,3,49,0,52,0,0,70,3,73,0,3,119,3,125,134,0,134,259
08/28/2021,FTY,GA,ASO,ES,Federal Contract Tower,0,5,24,0,29,0,0,58,0,58,0,5,82,0,87,32,0,32,119
08/29/2021,FTY,GA,ASO,ES,Federal Contract Tower,0,4,40,0,44,0,1,74,0,75,0,5,114,0,119,160,0,160,279
08/30/2021,FTY,GA,ASO,ES,Federal Contract Tower,0,10,37,0,47,0,0,35,0,35,0,10,72,0,82,60,0,60,142
08/31/2021,FTY,GA,ASO,ES,Federal Contract Tower,0,9,27,0,36,0,0,2,0,2,0,9,29,0,38,0,0,0,38
09/01/2021,FTY,GA,ASO,ES,Federal Contract Tower,0,14,35,0,49,0,0,52,0,52,0,14,87,0,101,116,0,116,217
09/02/2021,FTY,GA,ASO,ES,Federal Contract Tower,0,6,58,0,64,0,0,68,0,68,0,6,126,0,132,152,0,152,284
09/03/2021,FTY,GA,ASO,ES,Federal Contract Tower,0,4,55,0,59,0,0,76,0,76,0,4,131,0,135,104,0,104,239
09/04/2021,FTY,GA,ASO,ES,Federal Contract Tower,0,8,56,0,64,0,0,80,0,80,0,8,136,0,144,72,0,72,216
09/05/2021,FTY,GA,ASO,ES,Federal Contract Tower,0,11,35,0,46,0,0,78,0,78,0,11,113,0,124,112,0,112,236
09/06/2021,FTY,GA,ASO,ES,Federal Contract Tower,0,4,55,0,59,0,0,32,0,32,0,4,87,0,91,52,0,52,143
09/07/2021,FTY,GA,ASO,ES,Federal Contract Tower,0,11,49,0,60,0,0,29,0,29,0,11,78,0,89,82,0,82,171
09/08/2021,FTY,GA,ASO,ES,Federal Contract Tower,0,16,53,0,69,0,0,27,0,27,0,16,80,0,96,78,0,78,174
09/09/2021,FTY,GA,ASO,ES,Federal Contract Tower,0,7,49,0,56,0,0,73,0,73,0,7,122,0,129,162,0,162,291
09/10/2021,FTY,GA,ASO,ES,Federal Contract Tower,0,5,36,0,41,0,0,93,0,93,0,5,129,0,134,102,0,102,236
09/11/2021,FTY,GA,ASO,ES,Federal Contract Tower,0,1,18,0,19,0,0,77,0,77,0,1,95,0,96,70,0,70,166
09/12/2021,FTY,GA,ASO,ES,Federal Contract Tower,0,6,31,0,37,0,0,79,0,79,0,6,110,0,116,108,0,108,224
09/13/2021,FTY,GA,ASO,ES,Federal Contract Tower,0,6,32,0,38,0,0,84,0,84,0,6,116,0,122,158,0,158,280
09/14/2021,FTY,GA,ASO,ES,Federal Contract Tower,0,8,46,0,54,0,0,82,0,82,0,8,128,0,136,258,0,258,394
09/15/2021,FTY,GA,ASO,ES,Federal Contract Tower,0,11,45,0,56,0,0,15,0,15,0,11,60,0,71,62,0,62,133
09/16/2021,FTY,GA,ASO,ES,Federal Contract Tower,0,6,29,0,35,0,0,0,0,0,0,6,29,0,35,0,0,0,35
09/17/2021,FTY,GA,ASO,ES,Federal Contract Tower,0,2,39,0,41,0,0,5,0,5,0,2,44,0,46,26,0,26,72
09/18/2021,FTY,GA,ASO,ES,Federal Contract Tower,0,2,19,0,21,0,0,18,0,18,0,2,37,0,39,16,0,16,55
09/19/2021,FTY,GA,ASO,ES,Federal Contract Tower,0,6,27,0,33,0,0,1,0,1,0,6,28,0,34,0,0,0,34
09/20/2021,FTY,GA,ASO,ES,Federal Contract Tower,0,15,44,0,59,0,0,0,0,0,0,15,44,0,59,0,0,0,59
09/21/2021,FTY,GA,ASO,ES,Federal Contract Tower,0,8,37,0,45,0,0,2,0,2,0,8,39,0,47,0,0,0,47
09/22/2021,FTY,GA,ASO,ES,Federal Contract Tower,0,8,59,0,67,0,0,14,0,14,0,8,73,0,81,20,0,20,101
09/23/2021,FTY,GA,ASO,ES,Federal Contract Tower,0,5,61,0,66,0,0,53,0,53,0,5,114,0,119,144,0,144,263
09/24/2021,FTY,GA,ASO,ES,Federal Contract Tower,0,9,35,0,44,0,0,86,0,86,0,9,121,0,130,76,0,76,206
09/25/2021,FTY,GA,ASO,ES,Federal Contract Tower,0,5,33,0,38,0,0,79,0,79,0,5,112,0,117,72,0,72,189
09/26/2021,FTY,GA,ASO,ES,Federal Contract Tower,0,11,45,0,56,0,0,77,0,77,0,11,122,0,133,164,0,164,297
09/27/2021,FTY,GA,ASO,ES,Federal Contract Tower,0,8,43,0,51,0,0,52,0,52,0,8,95,0,103,164,0,164,267
09/28/2021,FTY,GA,ASO,ES,Federal Contract Tower,0,10,43,0,53,0,0,56,0,56,0,10,99,0,109,114,0,114,223
09/29/2021,FTY,GA,ASO,ES,Federal Contract Tower,0,17,53,0,70,0,0,62,0,62,0,17,115,0,132,182,0,182,314
09/30/2021,FTY,GA,ASO,ES,Federal Contract Tower,0,14,54,0,68,0,0,97,0,97,0,14,151,0,165,214,0,214,379
10/01/2021,FTY,GA,ASO,ES,Federal Contract Tower,0,9,50,0,59,0,0,83,0,83,0,9,133,0,142,142,0,142,284
10/02/2021,FTY,GA,ASO,ES,Federal Contract Tower,0,6,29,0,35,0,0,44,0,44,0,6,73,0,79,94,0,94,173
10/03/2021,FTY,GA,ASO,ES,Federal Contract Tower,0,4,55,0,59,0,0,32,0,32,0,4,87,0,91,62,0,62,153
10/04/2021,FTY,GA,ASO,ES,Federal Contract Tower,0,7,34,0,41,0,0,5,0,5,0,7,39,0,46,34,0,34,80
10/05/2021,FTY,GA,ASO,ES,Federal Contract Tower,0,5,51,0,56,0,0,2,0,2,0,5,53,0,58,0,0,0,58
10/06/2021,FTY,GA,ASO,ES,Federal Contract Tower,0,8,48,0,56,0,0,1,0,1,0,8,49,0,57,0,0,0,57
10/07/2021,FTY,GA,ASO,ES,Federal Contract Tower,0,7,40,0,47,0,0,11,0,11,0,7,51,0,58,0,0,0,58
10/08/2021,FTY,GA,ASO,ES,Federal Contract Tower,0,56,83,0,139,0,0,46,0,46,0,56,129,0,185,30,0,30,215
10/09/2021,FTY,GA,ASO,ES,Federal Contract Tower,0,10,34,0,44,0,0,54,0,54,0,10,88,0,98,6,0,6,104
10/10/2021,FTY,GA,ASO,ES,Federal Contract Tower,0,9,44,0,53,0,0,86,1,87,0,9,130,1,140,94,0,94,234
10/11/2021,FTY,GA,ASO,ES,Federal Contract Tower,0,12,74,0,86,0,0,42,0,42,0,12,116,0,128,98,0,98,226
10/12/2021,FTY,GA,ASO,ES,Federal Contract Tower,0,13,77,0,90,0,0,23,0,23,0,13,100,0,113,28,0,28,141
10/13/2021,FTY,GA,ASO,ES,Federal Contract Tower,0,13,63,0,76,0,0,50,0,50,0,13,113,0,126,76,0,76,202
10/14/2021,FTY,GA,ASO,ES,Federal Contract Tower,0,7,71,0,78,0,0,41,0,41,0,7,112,0,119,94,0,94,213
10/15/2021,FTY,GA,ASO,ES,Federal Contract Tower,0,7,58,0,65,0,0,56,0,56,0,7,114,0,121,96,0,96,217
10/16/2021,FTY,GA,ASO,ES,Federal Contract Tower,0,8,22,0,30,0,0,44,0,44,0,8,66,0,74,0,0,0,74
10/17/2021,FTY,GA,ASO,ES,Federal Contract Tower,0,8,63,0,71,0,0,58,0,58,0,8,121,0,129,16,0,16,145
10/18/2021,FTY,GA,ASO,ES,Federal Contract Tower,0,10,51,0,61,0,0,52,0,52,0,10,103,0,113,176,0,176,289
10/19/2021,FTY,GA,ASO,ES,Federal Contract Tower,0,14,47,0,61,0,0,71,0,71,0,14,118,0,132,124,0,124,256
10/21/2021,FTY,GA,ASO,ES,Federal Contract Tower,0,9,86,0,95,0,0,31,0,31,0,9,117,0,126,110,0,110,236
10/22/2021,FTY,GA,ASO,ES,Federal Contract Tower,0,8,42,0,50,0,0,56,0,56,0,8,98,0,106,70,2,72,178
10/23/2021,FTY,GA,ASO,ES,Federal Contract Tower,0,6,32,0,38,0,0,75,0,75,0,6,107,0,113,68,0,68,181
10/24/2021,FTY,GA,ASO,ES,Federal Contract Tower,0,17,53,0,70,0,0,54,0,54,0,17,107,0,124,102,0,102,226
10/25/2021,FTY,GA,ASO,ES,Federal Contract Tower,0,9,45,0,54,0,0,41,0,41,0,9,86,0,95,72,0,72,167
10/26/2021,FTY,GA,ASO,ES,Federal Contract Tower,0,17,51,0,68,0,0,42,0,42,0,17,93,0,110,84,0,84,194
10/27/2021,FTY,GA,ASO,ES,Federal Contract Tower,0,10,54,0,64,0,0,65,0,65,0,10,119,0,129,110,0,110,239
10/28/2021,FTY,GA,ASO,ES,Federal Contract Tower,0,14,63,0,77,0,0,1,0,1,0,14,64,0,78,0,0,0,78
10/29/2021,FTY,GA,ASO,ES,Federal Contract Tower,0,28,69,0,97,0,0,8,0,8,0,28,77,0,105,12,0,12,117
10/30/2021,FTY,GA,ASO,ES,Federal Contract Tower,0,23,48,0,71,0,0,6,0,6,0,23,54,0,77,0,0,0,77
10/31/2021,FTY,GA,ASO,ES,Federal Contract Tower,0,28,73,0,101,0,0,54,0,54,0,28,127,0,155,30,0,30,185
11/01/2021,FTY,GA,ASO,ES,Federal Contract Tower,0,19,64,0,83,0,0,57,0,57,0,19,121,0,140,86,0,86,226
11/02/2021,FTY,GA,ASO,ES,Federal Contract Tower,0,13,58,0,71,0,0,63,0,63,0,13,121,0,134,190,0,190,324
11/03/2021,FTY,GA,ASO,ES,Federal Contract Tower,0,18,51,0,69,0,0,60,0,60,0,18,111,0,129,190,0,190,319
11/04/2021,FTY,GA,ASO,ES,Federal Contract Tower,0,14,63,0,77,0,0,4,0,4,0,14,67,0,81,34,0,34,115
11/05/2021,FTY,GA,ASO,ES,Federal Contract Tower,0,10,55,0,65,0,0,56,0,56,0,10,111,0,121,64,0,64,185
11/06/2021,FTY,GA,ASO,ES,Federal Contract Tower,0,8,30,0,38,0,0,69,0,69,0,8,99,0,107,78,0,78,185
11/07/2021,FTY,GA,ASO,ES,Federal Contract Tower,0,9,41,0,50,0,0,67,0,67,0,9,108,0,117,74,0,74,191
11/08/2021,FTY,GA,ASO,ES,Federal Contract Tower,0,4,38,0,42,0,0,73,0,73,0,4,111,0,115,146,0,146,261
11/09/2021,FTY,GA,ASO,ES,Federal Contract Tower,0,10,70,0,80,0,0,65,0,65,0,10,135,0,145,172,0,172,317
11/10/2021,FTY,GA,ASO,ES,Federal Contract Tower,0,7,41,0,48,0,0,85,0,85,0,7,126,0,133,118,0,118,251
11/11/2021,FTY,GA,ASO,ES,Federal Contract Tower,0,19,53,0,72,0,0,15,0,15,0,19,68,0,87,10,0,10,97
11/12/2021,FTY,GA,ASO,ES,Federal Contract Tower,0,9,56,0,65,0,0,93,0,93,0,9,149,0,158,196,0,196,354
11/13/2021,FTY,GA,ASO,ES,Federal Contract Tower,0,9,32,0,41,0,0,57,0,57,0,9,89,0,98,26,0,26,124
11/14/2021,FTY,GA,ASO,ES,Federal Contract Tower,0,4,48,0,52,0,0,72,0,72,0,4,120,0,124,32,0,32,156
11/15/2021,FTY,GA,ASO,ES,Federal Contract Tower,0,8,37,0,45,0,0,50,0,50,0,8,87,0,95,114,0,114,209
11/16/2021,FTY,GA,ASO,ES,Federal Contract Tower,0,9,59,0,68,0,0,65,0,65,0,9,124,0,133,162,0,162,295
11/17/2021,FTY,GA,ASO,ES,Federal Contract Tower,0,8,62,0,70,0,0,72,0,72,0,8,134,0,142,152,0,152,294
11/18/2021,FTY,GA,ASO,ES,Federal Contract Tower,0,25,56,0,81,0,0,47,0,47,0,25,103,0,128,164,0,164,292
11/19/2021,FTY,GA,ASO,ES,Federal Contract Tower,0,11,58,0,69,0,0,65,0,65,0,11,123,0,134,144,0,144,278
11/20/2021,FTY,GA,ASO,ES,Federal Contract Tower,0,8,45,0,53,0,0,51,0,51,0,8,96,0,104,64,0,64,168
11/21/2021,FTY,GA,ASO,ES,Federal Contract Tower,0,6,33,0,39,0,0,25,0,25,0,6,58,0,64,34,0,34,98
11/22/2021,FTY,GA,ASO,ES,Federal Contract Tower,0,14,24,0,38,0,0,31,0,31,0,14,55,0,69,22,0,22,91
11/23/2021,FTY,GA,ASO,ES,Federal Contract Tower,0,10,36,0,46,0,0,49,0,49,0,10,85,0,95,74,0,74,169
11/24/2021,FTY,GA,ASO,ES,Federal Contract Tower,0,7,51,0,58,0,0,42,0,42,0,7,93,0,100,94,0,94,194
11/25/2021,FTY,GA,ASO,ES,Federal Contract Tower,0,0,3,0,3,0,0,10,0,10,0,0,13,0,13,20,0,20,33
11/26/2021,FTY,GA,ASO,ES,Federal Contract Tower,0,11,24,0,35,0,0,34,0,34,0,11,58,0,69,32,0,32,101
11/27/2021,FTY,GA,ASO,ES,Federal Contract Tower,0,6,36,0,42,0,0,52,0,52,0,6,88,0,94,70,0,70,164
11/28/2021,FTY,GA,ASO,ES,Federal Contract Tower,0,7,81,0,88,0,0,34,0,34,0,7,115,0,122,30,0,30,152
11/29/2021,FTY,GA,ASO,ES,Federal Contract Tower,0,6,46,0,52,0,0,46,0,46,0,6,92,0,98,40,0,40,138
11/30/2021,FTY,GA,ASO,ES,Federal Contract Tower,0,22,44,0,66,0,0,41,0,41,0,22,85,0,107,86,0,86,193
12/01/2021,FTY,GA,ASO,ES,Federal Contract Tower,0,4,59,0,63,0,0,64,0,64,0,4,123,0,127,114,0,114,241
12/02/2021,FTY,GA,ASO,ES,Federal Contract Tower,0,11,59,0,70,0,0,44,0,44,0,11,103,0,114,106,0,106,220
12/03/2021,FTY,GA,ASO,ES,Federal Contract Tower,0,6,63,0,69,0,0,74,0,74,0,6,137,0,143,134,0,134,277
12/04/2021,FTY,GA,ASO,ES,Federal Contract Tower,0,32,77,0,109,0,0,51,0,51,0,32,128,0,160,48,0,48,208
12/05/2021,FTY,GA,ASO,ES,Federal Contract Tower,0,30,58,0,88,0,0,12,0,12,0,30,70,0,100,52,0,52,152
12/06/2021,FTY,GA,ASO,ES,Federal Contract Tower,0,13,48,0,61,0,0,2,0,2,0,13,50,0,63,0,0,0,63
12/07/2021,FTY,GA,ASO,ES,Federal Contract Tower,0,13,49,0,62,0,0,27,0,27,0,13,76,0,89,50,0,50,139
12/08/2021,FTY,GA,ASO,ES,Federal Contract Tower,0,10,52,0,62,0,0,9,0,9,0,10,61,0,71,10,0,10,81
12/09/2021,FTY,GA,ASO,ES,Federal Contract Tower,0,15,40,0,55,0,0,37,0,37,0,15,77,0,92,104,0,104,196
12/10/2021,FTY,GA,ASO,ES,Federal Contract Tower,0,30,75,0,105,0,0,0,0,0,0,30,75,0,105,0,0,0,105
12/11/2021,FTY,GA,ASO,ES,Federal Contract Tower,0,7,22,0,29,0,0,1,0,1,0,7,23,0,30,0,0,0,30
12/12/2021,FTY,GA,ASO,ES,Federal Contract Tower,0,13,40,0,53,0,0,79,0,79,0,13,119,0,132,160,0,160,292
12/13/2021,FTY,GA,ASO,ES,Federal Contract Tower,0,21,49,0,70,0,0,56,0,56,0,21,105,0,126,74,0,74,200
12/14/2021,FTY,GA,ASO,ES,Federal Contract Tower,0,11,68,0,79,0,0,84,0,84,0,11,152,0,163,190,0,190,353
12/15/2021,FTY,GA,ASO,ES,Federal Contract Tower,0,10,73,0,83,0,0,30,0,30,0,10,103,0,113,90,0,90,203
12/16/2021,FTY,GA,ASO,ES,Federal Contract Tower,0,15,80,0,95,0,0,18,0,18,0,15,98,0,113,24,0,24,137
12/17/2021,FTY,GA,ASO,ES,Federal Contract Tower,0,6,44,0,50,0,0,15,0,15,0,6,59,0,65,38,0,38,103
12/18/2021,FTY,GA,ASO,ES,Federal Contract Tower,0,0,28,0,28,0,0,3,0,3,0,0,31,0,31,0,0,0,31
12/19/2021,FTY,GA,ASO,ES,Federal Contract Tower,0,5,38,0,43,0,0,45,0,45,0,5,83,0,88,2,0,2,90
12/20/2021,FTY,GA,ASO,ES,Federal Contract Tower,0,16,41,0,57,0,0,44,0,44,0,16,85,0,101,96,0,96,197
12/21/2021,FTY,GA,ASO,ES,Federal Contract Tower,0,9,43,0,52,0,0,6,0,6,0,9,49,0,58,22,0,22,80
12/22/2021,FTY,GA,ASO,ES,Federal Contract Tower,0,3,49,0,52,0,0,50,0,50,0,3,99,0,102,68,0,68,170
12/23/2021,FTY,GA,ASO,ES,Federal Contract Tower,0,8,27,0,35,0,0,52,0,52,0,8,79,0,87,48,0,48,135
12/24/2021,FTY,GA,ASO,ES,Federal Contract Tower,0,3,12,0,15,0,0,23,0,23,0,3,35,0,38,22,0,22,60
12/25/2021,FTY,GA,ASO,ES,Federal Contract Tower,0,6,3,0,9,0,0,8,0,8,0,6,11,0,17,0,0,0,17
12/26/2021,FTY,GA,ASO,ES,Federal Contract Tower,0,9,42,0,51,0,0,26,0,26,0,9,68,0,77,10,0,10,87
12/27/2021,FTY,GA,ASO,ES,Federal Contract Tower,0,9,29,0,38,0,0,13,0,13,0,9,42,0,51,46,0,46,97
12/28/2021,FTY,GA,ASO,ES,Federal Contract Tower,0,10,37,0,47,0,0,16,0,16,0,10,53,0,63,32,0,32,95
12/29/2021,FTY,GA,ASO,ES,Federal Contract Tower,0,10,22,0,32,0,0,10,0,10,0,10,32,0,42,0,0,0,42
12/30/2021,FTY,GA,ASO,ES,Federal Contract Tower,0,8,26,0,34,0,0,0,0,0,0,8,26,0,34,0,0,0,34
12/31/2021,FTY,GA,ASO,ES,Federal Contract Tower,0,8,22,0,30,0,0,1,0,1,0,8,23,0,31,0,0,0,31
01/01/2022,FTY,GA,ASO,ES,Federal Contract Tower,0,4,13,0,17,0,0,8,0,8,0,4,21,0,25,0,0,0,25
01/02/2022,FTY,GA,ASO,ES,Federal Contract Tower,0,10,33,0,43,0,0,2,0,2,0,10,35,0,45,2,0,2,47
01/03/2022,FTY,GA,ASO,ES,Federal Contract Tower,0,7,37,0,44,0,0,22,0,22,0,7,59,0,66,12,0,12,78
01/04/2022,FTY,GA,ASO,ES,Federal Contract Tower,0,8,33,0,41,0,0,66,0,66,0,8,99,0,107,132,0,132,239
01/05/2022,FTY,GA,ASO,ES,Federal Contract Tower,0,5,42,0,47,0,0,41,0,41,0,5,83,0,88,62,0,62,150
01/06/2022,FTY,GA,ASO,ES,Federal Contract Tower,0,8,30,0,38,0,0,14,0,14,0,8,44,0,52,28,0,28,80
01/07/2022,FTY,GA,ASO,ES,Federal Contract Tower,0,8,32,0,40,0,0,54,0,54,0,8,86,0,94,112,0,112,206
01/08/2022,FTY,GA,ASO,ES,Federal Contract Tower,0,0,16,0,16,0,0,62,0,62,0,0,78,0,78,170,0,170,248
01/09/2022,FTY,GA,ASO,ES,Federal Contract Tower,0,5,36,0,41,0,0,5,0,5,0,5,41,0,46,0,0,0,46
01/10/2022,FTY,GA,ASO,ES,Federal Contract Tower,0,14,37,0,51,0,1,40,0,41,0,15,77,0,92,114,0,114,206
01/11/2022,FTY,GA,ASO,ES,Federal Contract Tower,0,9,41,0,50,0,0,17,0,17,0,9,58,0,67,8,0,8,75
01/12/2022,FTY,GA,ASO,ES,Federal Contract Tower,0,15,47,0,62,0,0,96,0,96,0,15,143,0,158,158,0,158,316
01/13/2022,FTY,GA,ASO,ES,Federal Contract Tower,0,12,48,0,60,0,0,67,0,67,0,12,115,0,127,200,0,200,327
01/14/2022,FTY,GA,ASO,ES,Federal Contract Tower,0,16,44,0,60,0,0,63,0,63,0,16,107,0,123,120,0,120,243
01/15/2022,FTY,GA,ASO,ES,Federal Contract Tower,0,10,24,0,34,0,0,48,0,48,0,10,72,0,82,124,0,124,206
01/16/2022,FTY,GA,ASO,ES,Federal Contract Tower,0,0,3,0,3,0,0,0,0,0,0,0,3,0,3,0,0,0,3
01/17/2022,FTY,GA,ASO,ES,Federal Contract Tower,0,29,39,0,68,0,0,9,0,9,0,29,48,0,77,6,0,6,83
01/18/2022,FTY,GA,ASO,ES,Federal Contract Tower,0,14,38,0,52,0,0,69,0,69,0,14,107,0,121,158,0,158,279
01/19/2022,FTY,GA,ASO,ES,Federal Contract Tower,0,12,38,0,50,0,0,84,0,84,0,12,122,0,134,222,0,222,356
01/20/2022,FTY,GA,ASO,ES,Federal Contract Tower,0,8,53,0,61,0,0,2,0,2,0,8,55,0,63,6,0,6,69
01/21/2022,FTY,GA,ASO,ES,Federal Contract Tower,0,4,35,0,39,0,0,2,0,2,0,4,37,0,41,0,0,0,41
01/22/2022,FTY,GA,ASO,ES,Federal Contract Tower,0,0,17,0,17,0,0,73,0,73,0,0,90,0,90,92,0,92,182
01/23/2022,FTY,GA,ASO,ES,Federal Contract Tower,0,4,21,0,25,0,0,77,4,81,0,4,98,4,106,80,0,80,186
01/24/2022,FTY,GA,ASO,ES,Federal Contract Tower,0,5,62,0,67,0,0,67,0,67,0,5,129,0,134,176,0,176,310
01/25/2022,FTY,GA,ASO,ES,Federal Contract Tower,0,9,70,0,79,0,0,62,0,62,0,9,132,0,141,136,0,136,277
01/26/2022,FTY,GA,ASO,ES,Federal Contract Tower,0,5,64,0,69,0,0,78,0,78,0,5,142,0,147,168,0,168,315
01/27/2022,FTY,GA,ASO,ES,Federal Contract Tower,0,10,82,0,92,0,0,59,0,59,0,10,141,0,151,108,0,108,259
01/28/2022,FTY,GA,ASO,ES,Federal Contract Tower,0,6,46,0,52,0,0,45,0,45,0,6,91,0,97,148,0,148,245
01/29/2022,FTY,GA,ASO,ES,Federal Contract Tower,0,10,34,0,44,0,0,30,0,30,0,10,64,0,74,30,0,30,104
01/30/2022,FTY,GA,ASO,ES,Federal Contract Tower,0,5,44,0,49,0,0,62,0,62,0,5,106,0,111,42,0,42,153
01/31/2022,FTY,GA,ASO,ES,Federal Contract Tower,0,15,31,0,46,0,0,89,0,89,0,15,120,0,135,218,0,218,353
02/01/2022,FTY,GA,ASO,ES,Federal Contract Tower,0,21,61,0,82,0,0,65,0,65,0,21,126,0,147,120,0,120,267
02/02/2022,FTY,GA,ASO,ES,Federal Contract Tower,0,4,49,0,53,0,0,24,0,24,0,4,73,0,77,134,0,134,211
02/03/2022,FTY,GA,ASO,ES,Federal Contract Tower,0,10,44,0,54,0,0,0,0,0,0,10,44,0,54,0,0,0,54
02/04/2022,FTY,GA,ASO,ES,Federal Contract Tower,0,4,30,0,34,0,0,5,0,5,0,4,35,0,39,0,0,0,39
02/05/2022,FTY,GA,ASO,ES,Federal Contract Tower,0,5,27,0,32,0,0,65,0,65,0,5,92,0,97,18,0,18,115
02/06/2022,FTY,GA,ASO,ES,Federal Contract Tower,0,6,13,0,19,0,0,79,0,79,0,6,92,0,98,116,0,116,214
02/07/2022,FTY,GA,ASO,ES,Federal Contract Tower,0,6,42,0,48,0,0,41,0,41,0,6,83,0,89,94,0,94,183
02/08/2022,FTY,GA,ASO,ES,Federal Contract Tower,0,8,41,0,49,0,0,60,0,60,0,8,101,0,109,106,0,106,215
02/09/2022,FTY,GA,ASO,ES,Federal Contract Tower,0,9,56,0,65,0,0,80,0,80,0,9,136,0,145,170,0,170,315
02/10/2022,FTY,GA,ASO,ES,Federal Contract Tower,0,6,60,0,66,0,0,86,0,86,0,6,146,0,152,202,0,202,354
02/11/2022,FTY,GA,ASO,ES,Federal Contract Tower,0,4,45,0,49,0,0,78,0,78,0,4,123,0,127,102,0,102,229
02/12/2022,FTY,GA,ASO,ES,Federal Contract Tower,0,6,21,0,27,0,0,128,0,128,0,6,149,0,155,166,0,166,321
02/13/2022,FTY,GA,ASO,ES,Federal Contract Tower,0,11,25,0,36,0,0,70,0,70,0,11,95,0,106,28,0,28,134
02/14/2022,FTY,GA,ASO,ES,Federal Contract Tower,0,6,54,0,60,0,0,129,0,129,0,6,183,0,189,70,0,70,259
02/15/2022,FTY,GA,ASO,ES,Federal Contract Tower,0,17,55,0,72,0,0,72,0,72,0,17,127,0,144,60,0,60,204
02/16/2022,FTY,GA,ASO,ES,Federal Contract Tower,0,14,44,0,58,0,0,40,0,40,0,14,84,0,98,94,0,94,192
02/17/2022,FTY,GA,ASO,ES,Federal Contract Tower,0,16,68,0,84,0,0,5,0,5,0,16,73,0,89,0,0,0,89
02/18/2022,FTY,GA,ASO,ES,Federal Contract Tower,0,15,69,0,84,0,0,25,0,25,0,15,94,0,109,60,0,60,169
02/19/2022,FTY,GA,ASO,ES,Federal Contract Tower,0,0,12,0,12,0,0,53,0,53,0,0,65,0,65,22,0,22,87
02/20/2022,FTY,GA,ASO,ES,Federal Contract Tower,0,6,40,0,46,0,0,69,0,69,0,6,109,0,115,96,0,96,211
02/21/2022,FTY,GA,ASO,ES,Federal Contract Tower,0,23,45,0,68,0,0,13,0,13,0,23,58,0,81,82,0,82,163
02/22/2022,FTY,GA,ASO,ES,Federal Contract Tower,0,6,44,0,50,0,0,33,0,33,0,6,77,0,83,56,0,56,139
02/23/2022,FTY,GA,ASO,ES,Federal Contract Tower,0,4,64,0,68,0,0,21,0,21,0,4,85,0,89,48,0,48,137
02/24/2022,FTY,GA,ASO,ES,Federal Contract Tower,0,16,64,0,80,0,0,48,0,48,0,16,112,0,128,162,0,162,290
02/25/2022,FTY,GA,ASO,ES,Federal Contract Tower,0,12,51,0,63,0,0,39,0,39,0,12,90,0,102,68,0,68,170
02/26/2022,FTY,GA,ASO,ES,Federal Contract Tower,0,0,15,0,15,0,0,96,0,96,0,0,111,0,111,210,0,210,321
02/27/2022,FTY,GA,ASO,ES,Federal Contract Tower,0,7,31,0,38,0,0,1,0,1,0,7,32,0,39,0,0,0,39
02/28/2022,FTY,GA,ASO,ES,Federal Contract Tower,0,5,70,0,75,0,0,60,0,60,0,5,130,0,135,192,0,192,327
03/01/2022,FTY,GA,ASO,ES,Federal Contract Tower,0,17,50,0,67,0,0,71,0,71,0,17,121,0,138,114,0,114,252
03/02/2022,FTY,GA,ASO,ES,Federal Contract Tower,0,16,52,0,68,0,0,81,0,81,0,16,133,0,149,198,0,198,347
03/03/2022,FTY,GA,ASO,ES,Federal Contract Tower,0,16,63,0,79,0,0,70,0,70,0,16,133,0,149,122,0,122,271
03/04/2022,FTY,GA,ASO,ES,Federal Contract Tower,0,5,49,0,54,0,0,82,0,82,0,5,131,0,136,22,0,22,158
03/05/2022,FTY,GA,ASO,ES,Federal Contract Tower,0,3,32,0,35,0,0,71,0,71,0,3,103,0,106,98,0,98,204
03/06/2022,FTY,GA,ASO,ES,Federal Contract Tower,0,4,27,0,31,0,0,59,0,59,0,4,86,0,90,76,0,76,166
03/07/2022,FTY,GA,ASO,ES,Federal Contract Tower,0,9,29,0,38,0,0,7,0,7,0,9,36,0,45,16,0,16,61
03/08/2022,FTY,GA,ASO,ES,Federal Contract Tower,0,6,40,0,46,0,0,29,0,29,0,6,69,0,75,66,0,66,141
03/09/2022,FTY,GA,ASO,ES,Federal Contract Tower,0,14,50,0,64,0,0,17,0,17,0,14,67,0,81,0,0,0,81
03/10/2022,FTY,GA,ASO,ES,Federal Contract Tower,0,8,75,0,83,0,0,47,0,47,0,8,122,0,130,124,0,124,254
03/11/2022,FTY,GA,ASO,ES,Federal Contract Tower,0,4,47,0,51,0,0,2,0,2,0,4,49,0,53,46,0,46,99
03/12/2022,FTY,GA,ASO,ES,Federal Contract Tower,0,12,19,0,31,0,0,2,0,2,0,12,21,0,33,0,0,0,33
03/13/2022,FTY,GA,ASO,ES,Federal Contract Tower,0,10,45,0,55,0,0,92,0,92,0,10,137,0,147,88,0,88,235
03/14/2022,FTY,GA,ASO,ES,Federal Contract Tower,0,11,32,0,43,0,0,59,0,59,0,11,91,0,102,150,0,150,252
03/15/2022,FTY,GA,ASO,ES,Federal Contract Tower,0,13,50,0,63,0,0,43,0,43,0,13,93,0,106,94,0,94,200
03/16/2022,FTY,GA,ASO,ES,Federal Contract Tower,0,20,51,0,71,0,0,0,0,0,0,20,51,0,71,0,0,0,71
03/17/2022,FTY,GA,ASO,ES,Federal Contract Tower,0,7,62,0,69,0,0,50,0,50,0,7,112,0,119,92,0,92,211
03/18/2022,FTY,GA,ASO,ES,Federal Contract Tower,0,7,39,0,46,0,0,7,0,7,0,7,46,0,53,26,0,26,79
03/19/2022,FTY,GA,ASO,ES,Federal Contract Tower,0,1,33,0,34,0,0,86,0,86,0,1,119,0,120,128,0,128,248
03/20/2022,FTY,GA,ASO,ES,Federal Contract Tower,0,5,49,0,54,0,0,71,0,71,0,5,120,0,125,114,0,114,239
03/21/2022,FTY,GA,ASO,ES,Federal Contract Tower,0,10,36,0,46,0,0,77,0,77,0,10,113,0,123,130,0,130,253
03/22/2022,FTY,GA,ASO,ES,Federal Contract Tower,0,15,58,0,73,0,0,54,0,54,0,15,112,0,127,60,0,60,187
03/23/2022,FTY,GA,ASO,ES,Federal Contract Tower,0,11,47,0,58,0,0,4,0,4,0,11,51,0,62,0,0,0,62
03/24/2022,FTY,GA,ASO,ES,Federal Contract Tower,0,6,69,0,75,0,0,67,0,67,0,6,136,0,142,106,0,106,248
03/25/2022,FTY,GA,ASO,ES,Federal Contract Tower,0,10,44,0,54,0,0,67,0,67,0,10,111,0,121,64,0,64,185
03/26/2022,FTY,GA,ASO,ES,Federal Contract Tower,0,5,27,0,32,0,0,25,0,25,0,5,52,0,57,20,0,20,77
03/27/2022,FTY,GA,ASO,ES,Federal Contract Tower,0,26,55,0,81,0,0,48,0,48,0,26,103,0,129,24,0,24,153
03/28/2022,FTY,GA,ASO,ES,Federal Contract Tower,0,18,63,0,81,0,0,74,0,74,0,18,137,0,155,154,0,154,309
03/29/2022,FTY,GA,ASO,ES,Federal Contract Tower,0,20,81,0,101,0,0,81,0,81,0,20,162,0,182,162,0,162,344
03/30/2022,FTY,GA,ASO,ES,Federal Contract Tower,0,4,59,0,63,0,0,26,0,26,0,4,85,0,89,8,0,8,97
03/31/2022,FTY,GA,ASO,ES,Federal Contract Tower,0,15,60,0,75,0,0,20,0,20,0,15,80,0,95,14,0,14,109
04/01/2022,FTY,GA,ASO,ES,Federal Contract Tower,0,12,54,0,66,0,0,78,0,78,0,12,132,0,144,224,0,224,368
04/02/2022,FTY,GA,ASO,ES,Federal Contract Tower,0,3,33,0,36,0,2,68,0,70,0,5,101,0,106,82,0,82,188
04/03/2022,FTY,GA,ASO,ES,Federal Contract Tower,0,12,42,0,54,0,0,80,0,80,0,12,122,0,134,100,0,100,234
04/04/2022,FTY,GA,ASO,ES,Federal Contract Tower,0,13,55,0,68,0,0,58,0,58,0,13,113,0,126,154,0,154,280
04/05/2022,FTY,GA,ASO,ES,Federal Contract Tower,0,5,39,0,44,0,0,2,0,2,0,5,41,0,46,0,0,0,46
04/06/2022,FTY,GA,ASO,ES,Federal Contract Tower,0,8,48,0,56,0,0,0,0,0,0,8,48,0,56,0,0,0,56
04/07/2022,FTY,GA,ASO,ES,Federal Contract Tower,0,4,87,0,91,0,0,66,0,66,0,4,153,0,157,34,0,34,191
04/08/2022,FTY,GA,ASO,ES,Federal Contract Tower,0,17,61,0,78,0,0,58,0,58,0,17,119,0,136,114,0,114,250
04/09/2022,FTY,GA,ASO,ES,Federal Contract Tower,0,8,37,0,45,0,0,32,0,32,0,8,69,0,77,48,0,48,125
04/10/2022,FTY,GA,ASO,ES,Federal Contract Tower,0,15,44,0,59,0,0,64,0,64,0,15,108,0,123,136,0,136,259
04/11/2022,FTY,GA,ASO,ES,Federal Contract Tower,0,15,52,0,67,0,0,61,0,61,0,15,113,0,128,128,0,128,256
04/12/2022,FTY,GA,ASO,ES,Federal Contract Tower,0,11,59,0,70,0,0,77,0,77,0,11,136,0,147,130,0,130,277
04/13/2022,FTY,GA,ASO,ES,Federal Contract Tower,0,13,66,0,79,0,0,44,0,44,0,13,110,0,123,32,0,32,155
04/14/2022,FTY,GA,ASO,ES,Federal Contract Tower,0,22,78,0,100,0,0,26,0,26,0,22,104,0,126,50,0,50,176
04/15/2022,FTY,GA,ASO,ES,Federal Contract Tower,0,9,40,0,49,0,0,81,0,81,0,9,121,0,130,186,0,186,316
04/16/2022,FTY,GA,ASO,ES,Federal Contract Tower,0,8,16,0,24,0,0,11,0,11,0,8,27,0,35,16,0,16,51
04/17/2022,FTY,GA,ASO,ES,Federal Contract Tower,0,10,36,0,46,0,0,12,0,12,0,10,48,0,58,0,0,0,58
04/18/2022,FTY,GA,ASO,ES,Federal Contract Tower,0,13,48,0,61,0,0,4,0,4,0,13,52,0,65,16,0,16,81
04/19/2022,FTY,GA,ASO,ES,Federal Contract Tower,0,10,67,0,77,0,0,49,0,49,0,10,116,0,126,48,0,48,174
04/20/2022,FTY,GA,ASO,ES,Federal Contract Tower,0,9,91,0,100,0,0,55,0,55,0,9,146,0,155,126,0,126,281
04/21/2022,FTY,GA,ASO,ES,Federal Contract Tower,0,5,63,0,68,0,0,67,0,67,0,5,130,0,135,182,0,182,317
04/22/2022,FTY,GA,ASO,ES,Federal Contract Tower,0,11,54,0,65,0,0,82,0,82,0,11,136,0,147,148,0,148,295
04/23/2022,FTY,GA,ASO,ES,Federal Contract Tower,0,3,20,0,23,0,0,46,0,46,0,3,66,0,69,10,0,10,79
04/24/2022,FTY,GA,ASO,ES,Federal Contract Tower,0,10,37,0,47,0,0,52,0,52,0,10,89,0,99,78,0,78,177
04/25/2022,FTY,GA,ASO,ES,Federal Contract Tower,0,15,55,1,71,0,0,81,0,81,0,15,136,1,152,136,0,136,288
04/26/2022,FTY,GA,ASO,ES,Federal Contract Tower,0,18,64,0,82,0,0,21,0,21,0,18,85,0,103,38,0,38,141
04/27/2022,FTY,GA,ASO,ES,Federal Contract Tower,0,22,65,0,87,0,0,56,0,56,0,22,121,0,143,106,0,106,249
04/28/2022,FTY,GA,ASO,ES,Federal Contract Tower,0,10,74,0,84,0,0,70,0,70,0,10,144,0,154,206,0,206,360
04/29/2022,FTY,GA,ASO,ES,Federal Contract Tower,0,12,58,0,70,0,0,67,4,71,0,12,125,4,141,112,0,112,253
04/30/2022,FTY,GA,ASO,ES,Federal Contract Tower,0,9,33,0,42,0,0,61,0,61,0,9,94,0,103,80,0,80,183
05/01/2022,FTY,GA,ASO,ES,Federal Contract Tower,0,19,45,0,64,0,0,10,0,10,0,19,55,0,74,0,0,0,74
05/02/2022,FTY,GA,ASO,ES,Federal Contract Tower,0,11,45,0,56,0,0,42,0,42,0,11,87,0,98,94,0,94,192
05/03/2022,FTY,GA,ASO,ES,Federal Contract Tower,0,10,57,0,67,0,0,51,0,51,0,10,108,0,118,102,0,102,220
05/04/2022,FTY,GA,ASO,ES,Federal Contract Tower,0,9,42,0,51,0,0,43,0,43,0,9,85,0,94,72,0,72,166
05/05/2022,FTY,GA,ASO,ES,Federal Contract Tower,0,16,84,0,100,0,0,53,0,53,0,16,137,0,153,54,0,54,207
05/06/2022,FTY,GA,ASO,ES,Federal Contract Tower,0,11,40,0,51,0,0,13,0,13,0,11,53,0,64,6,0,6,70
05/07/2022,FTY,GA,ASO,ES,Federal Contract Tower,0,6,43,0,49,0,0,37,0,37,0,6,80,0,86,36,0,36,122
05/08/2022,FTY,GA,ASO,ES,Federal Contract Tower,0,12,40,0,52,0,0,44,0,44,0,12,84,0,96,42,0,42,138
05/09/2022,FTY,GA,ASO,ES,Federal Contract Tower,0,12,56,0,68,0,0,86,0,86,0,12,142,0,154,120,0,120,274
05/10/2022,FTY,GA,ASO,ES,Federal Contract Tower,0,16,60,0,76,0,0,64,0,64,0,16,124,0,140,222,0,222,362
05/11/2022,FTY,GA,ASO,ES,Federal Contract Tower,0,10,56,0,66,0,0,83,0,83,0,10,139,0,149,142,0,142,291
05/12/2022,FTY,GA,ASO,ES,Federal Contract Tower,0,11,87,0,98,0,0,70,0,70,0,11,157,0,168,34,0,34,202
05/13/2022,FTY,GA,ASO,ES,Federal Contract Tower,0,6,57,0,63,0,0,36,0,36,0,6,93,0,99,62,0,62,161
05/14/2022,FTY,GA,ASO,ES,Federal Contract Tower,0,24,64,0,88,0,0,57,0,57,0,24,121,0,145,38,0,38,183
05/15/2022,FTY,GA,ASO,ES,Federal Contract Tower,0,16,52,0,68,0,0,59,0,59,0,16,111,0,127,76,0,76,203
05/16/2022,FTY,GA,ASO,ES,Federal Contract Tower,0,11,48,0,59,0,0,59,0,59,0,11,107,0,118,130,0,130,248
05/17/2022,FTY,GA,ASO,ES,Federal Contract Tower,0,15,60,0,75,0,0,76,0,76,0,15,136,0,151,184,0,184,335
05/18/2022,FTY,GA,ASO,ES,Federal Contract Tower,0,13,55,0,68,0,0,93,0,93,0,13,148,0,161,152,0,152,313
05/19/2022,FTY,GA,ASO,ES,Federal Contract Tower,0,8,70,0,78,0,0,60,0,60,0,8,130,0,138,126,0,126,264
05/20/2022,FTY,GA,ASO,ES,Federal Contract Tower,0,8,47,0,55,0,0,58,0,58,0,8,105,0,113,90,0,90,203
05/21/2022,FTY,GA,ASO,ES,Federal Contract Tower,0,14,29,0,43,0,0,54,0,54,0,14,83,0,97,70,0,70,167
05/22/2022,FTY,GA,ASO,ES,Federal Contract Tower,0,10,47,0,57,0,0,31,0,31,0,10,78,0,88,54,0,54,142
05/23/2022,FTY,GA,ASO,ES,Federal Contract Tower,0,8,52,0,60,0,0,4,0,4,0,8,56,0,64,0,0,0,64
05/24/2022,FTY,GA,ASO,ES,Federal Contract Tower,0,9,39,0,48,0,0,23,0,23,0,9,62,0,71,36,0,36,107
05/25/2022,FTY,GA,ASO,ES,Federal Contract Tower,0,15,63,0,78,0,0,0,0,0,0,15,63,0,78,0,0,0,78
05/26/2022,FTY,GA,ASO,ES,Federal Contract Tower,0,11,47,0,58,0,0,0,0,0,0,11,47,0,58,0,0,0,58
05/27/2022,FTY,GA,ASO,ES,Federal Contract Tower,0,12,57,0,69,37,0,0,0,37,37,12,57,0,106,34,0,34,140
05/28/2022,FTY,GA,ASO,ES,Federal Contract Tower,7,19,0,0,26,82,0,0,0,82,89,19,0,0,108,164,0,164,272
05/29/2022,FTY,GA,ASO,ES,Federal Contract Tower,0,5,28,0,33,0,0,59,0,59,0,5,87,0,92,56,0,56,148
05/30/2022,FTY,GA,ASO,ES,Federal Contract Tower,0,9,28,0,37,0,0,35,0,35,0,9,63,0,72,92,0,92,164
05/31/2022,FTY,GA,ASO,ES,Federal Contract Tower,0,16,44,0,60,0,0,49,0,49,0,16,93,0,109,146,0,146,255
06/01/2022,FTY,GA,ASO,ES,Federal Contract Tower,0,16,40,0,56,0,0,72,0,72,0,16,112,0,128,170,0,170,298
06/02/2022,FTY,GA,ASO,ES,Federal Contract Tower,0,9,68,0,77,0,0,48,1,49,0,9,116,1,126,144,0,144,270
06/03/2022,FTY,GA,ASO,ES,Federal Contract Tower,0,16,51,0,67,0,0,49,0,49,0,16,100,0,116,110,0,110,226
06/04/2022,FTY,GA,ASO,ES,Federal Contract Tower,0,28,30,0,58,0,0,64,0,64,0,28,94,0,122,64,0,64,186
06/05/2022,FTY,GA,ASO,ES,Federal Contract Tower,0,52,74,0,126,0,0,66,0,66,0,52,140,0,192,66,0,66,258
06/06/2022,FTY,GA,ASO,ES,Federal Contract Tower,0,28,47,0,75,0,0,32,0,32,0,28,79,0,107,66,0,66,173
06/07/2022,FTY,GA,ASO,ES,Federal Contract Tower,0,18,57,0,75,0,0,21,0,21,0,18,78,0,96,80,0,80,176
06/08/2022,FTY,GA,ASO,ES,Federal Contract Tower,0,11,46,0,57,0,0,50,0,50,0,11,96,0,107,126,0,126,233
06/09/2022,FTY,GA,ASO,ES,Federal Contract Tower,0,13,58,0,71,0,0,37,0,37,0,13,95,0,108,110,0,110,218
06/10/2022,FTY,GA,ASO,ES,Federal Contract Tower,0,5,34,0,39,0,0,68,0,68,0,5,102,0,107,142,0,142,249
06/11/2022,FTY,GA,ASO,ES,Federal Contract Tower,0,4,33,0,37,0,0,77,0,77,0,4,110,0,114,104,0,104,218
06/12/2022,FTY,GA,ASO,ES,Federal Contract Tower,0,6,54,0,60,0,0,62,0,62,0,6,116,0,122,44,0,44,166
06/13/2022,FTY,GA,ASO,ES,Federal Contract Tower,0,10,65,0,75,0,0,67,0,67,0,10,132,0,142,128,0,128,270
06/14/2022,FTY,GA,ASO,ES,Federal Contract Tower,0,15,49,0,64,0,0,70,0,70,0,15,119,0,134,138,0,138,272
06/15/2022,FTY,GA,ASO,ES,Federal Contract Tower,0,7,48,0,55,0,0,63,0,63,0,7,111,0,118,150,0,150,268
06/16/2022,FTY,GA,ASO,ES,Federal Contract Tower,0,9,51,0,60,0,0,87,0,87,0,9,138,0,147,256,0,256,403
06/17/2022,FTY,GA,ASO,ES,Federal Contract Tower,0,5,45,0,50,0,0,61,0,61,0,5,106,0,111,184,0,184,295
06/18/2022,FTY,GA,ASO,ES,Federal Contract Tower,0,7,31,0,38,0,0,73,0,73,0,7,104,0,111,108,0,108,219
06/19/2022,FTY,GA,ASO,ES,Federal Contract Tower,0,11,29,0,40,0,0,68,0,68,0,11,97,0,108,74,0,74,182
06/20/2022,FTY,GA,ASO,ES,Federal Contract Tower,0,16,39,0,55,0,0,66,0,66,0,16,105,0,121,90,0,90,211
06/21/2022,FTY,GA,ASO,ES,Federal Contract Tower,0,24,57,0,81,0,0,91,0,91,0,24,148,0,172,138,0,138,310
06/22/2022,FTY,GA,ASO,ES,Federal Contract Tower,0,10,43,0,53,0,0,85,0,85,0,10,128,0,138,150,0,150,288
06/23/2022,FTY,GA,ASO,ES,Federal Contract Tower,0,7,64,0,71,0,0,40,0,40,0,7,104,0,111,72,0,72,183
06/24/2022,FTY,GA,ASO,ES,Federal Contract Tower,0,6,51,0,57,0,0,73,0,73,0,6,124,0,130,94,0,94,224
06/25/2022,FTY,GA,ASO,ES,Federal Contract Tower,0,1,20,0,21,0,0,34,0,34,0,1,54,0,55,62,0,62,117
06/26/2022,FTY,GA,ASO,ES,Federal Contract Tower,0,8,41,0,49,0,0,61,0,61,0,8,102,0,110,100,0,100,210
06/27/2022,FTY,GA,ASO,ES,Federal Contract Tower,0,13,40,0,53,0,0,41,0,41,0,13,81,0,94,96,0,96,190
06/28/2022,FTY,GA,ASO,ES,Federal Contract Tower,0,11,52,0,63,0,0,36,0,36,0,11,88,0,99,166,0,166,265
06/29/2022,FTY,GA,ASO,ES,Federal Contract Tower,0,17,57,0,74,0,0,22,0,22,0,17,79,0,96,14,0,14,110
06/30/2022,FTY,GA,ASO,ES,Federal Contract Tower,0,11,75,0,86,0,0,44,0,44,0,11,119,0,130,184,0,184,314
07/01/2022,FTY,GA,ASO,ES,Federal Contract Tower,0,10,41,0,51,0,0,42,0,42,0,10,83,0,93,74,0,74,167
07/02/2022,FTY,GA,ASO,ES,Federal Contract Tower,0,4,25,0,29,0,0,25,0,25,0,4,50,0,54,28,0,28,82
07/03/2022,FTY,GA,ASO,ES,Federal Contract Tower,0,10,16,0,26,0,0,35,0,35,0,10,51,0,61,58,0,58,119
07/04/2022,FTY,GA,ASO,ES,Federal Contract Tower,0,6,10,0,16,0,0,13,0,13,0,6,23,0,29,14,0,14,43
07/05/2022,FTY,GA,ASO,ES,Federal Contract Tower,0,15,28,0,43,0,0,46,0,46,0,15,74,0,89,166,0,166,255
07/06/2022,FTY,GA,ASO,ES,Federal Contract Tower,0,12,23,0,35,0,0,56,0,56,0,12,79,0,91,164,0,164,255
07/07/2022,FTY,GA,ASO,ES,Federal Contract Tower,0,15,46,0,61,0,0,58,0,58,0,15,104,0,119,178,0,178,297
07/08/2022,FTY,GA,ASO,ES,Federal Contract Tower,0,2,40,0,42,0,0,66,0,66,0,2,106,0,108,86,0,86,194
07/09/2022,FTY,GA,ASO,ES,Federal Contract Tower,0,13,30,0,43,0,0,16,0,16,0,13,46,0,59,0,0,0,59
07/10/2022,FTY,GA,ASO,ES,Federal Contract Tower,0,16,36,0,52,0,0,15,0,15,0,16,51,0,67,32,0,32,99
07/11/2022,FTY,GA,ASO,ES,Federal Contract Tower,0,13,66,0,79,0,0,21,0,21,0,13,87,0,100,80,0,80,180
07/12/2022,FTY,GA,ASO,ES,Federal Contract Tower,0,16,40,0,56,0,0,49,0,49,0,16,89,0,105,106,0,106,211
07/13/2022,FTY,GA,ASO,ES,Federal Contract Tower,0,5,43,0,48,0,0,48,0,48,0,5,91,0,96,102,0,102,198
07/14/2022,FTY,GA,ASO,ES,Federal Contract Tower,0,14,71,0,85,0,0,53,2,55,0,14,124,2,140,162,6,168,308
07/15/2022,FTY,GA,ASO,ES,Federal Contract Tower,0,10,46,0,56,0,0,79,0,79,0,10,125,0,135,204,0,204,339
07/16/2022,FTY,GA,ASO,ES,Federal Contract Tower,0,4,29,0,33,0,0,62,0,62,0,4,91,0,95,68,0,68,163
07/17/2022,FTY,GA,ASO,ES,Federal Contract Tower,0,8,37,0,45,0,0,49,0,49,0,8,86,0,94,80,0,80,174
07/18/2022,FTY,GA,ASO,ES,Federal Contract Tower,0,18,46,0,64,0,0,48,0,48,0,18,94,0,112,88,0,88,200
07/19/2022,FTY,GA,ASO,ES,Federal Contract Tower,0,14,51,0,65,0,0,19,0,19,0,14,70,0,84,32,0,32,116
07/20/2022,FTY,GA,ASO,ES,Federal Contract Tower,0,20,58,0,78,0,0,64,0,64,0,20,122,0,142,234,0,234,376
07/21/2022,FTY,GA,ASO,ES,Federal Contract Tower,0,13,71,0,84,0,0,16,0,16,0,13,87,0,100,50,0,50,150
07/22/2022,FTY,GA,ASO,ES,Federal Contract Tower,0,12,40,0,52,0,0,72,0,72,0,12,112,0,124,170,0,170,294
07/23/2022,FTY,GA,ASO,ES,Federal Contract Tower,0,5,25,0,30,0,0,72,0,72,0,5,97,0,102,114,0,114,216
07/24/2022,FTY,GA,ASO,ES,Federal Contract Tower,0,16,32,0,48,0,0,77,0,77,0,16,109,0,125,140,0,140,265
07/25/2022,FTY,GA,ASO,ES,Federal Contract Tower,0,18,46,0,64,0,0,45,0,45,0,18,91,0,109,122,0,122,231
07/26/2022,FTY,GA,ASO,ES,Federal Contract Tower,0,8,46,0,54,0,0,72,0,72,0,8,118,0,126,118,0,118,244
07/27/2022,FTY,GA,ASO,ES,Federal Contract Tower,0,13,65,0,78,0,0,95,0,95,0,13,160,0,173,148,0,148,321
07/28/2022,FTY,GA,ASO,ES,Federal Contract Tower,0,13,80,0,93,0,0,77,0,77,0,13,157,0,170,182,0,182,352
07/29/2022,FTY,GA,ASO,ES,Federal Contract Tower,0,6,42,0,48,0,0,0,0,0,0,6,42,0,48,138,0,138,186
07/30/2022,FTY,GA,ASO,ES,Federal Contract Tower,0,2,21,0,23,0,0,20,0,20,0,2,41,0,43,52,0,52,95
07/31/2022,FTY,GA,ASO,ES,Federal Contract Tower,0,14,46,0,60,0,0,33,0,33,0,14,79,0,93,56,0,56,149
08/01/2022,FTY,GA,ASO,ES,Federal Contract Tower,0,9,39,0,48,0,0,48,0,48,0,9,87,0,96,150,0,150,246
08/02/2022,FTY,GA,ASO,ES,Federal Contract Tower,0,17,51,0,68,0,0,57,0,57,0,17,108,0,125,60,0,60,185
08/03/2022,FTY,GA,ASO,ES,Federal Contract Tower,0,14,46,0,60,0,0,80,0,80,0,14,126,0,140,158,0,158,298
08/04/2022,FTY,GA,ASO,ES,Federal Contract Tower,0,20,58,0,78,0,0,76,0,76,0,20,134,0,154,142,0,142,296
08/05/2022,FTY,GA,ASO,ES,Federal Contract Tower,0,7,39,0,46,0,0,63,0,63,0,7,102,0,109,130,0,130,239
08/06/2022,FTY,GA,ASO,ES,Federal Contract Tower,0,9,20,0,29,0,0,22,0,22,0,9,42,0,51,126,0,126,177
08/07/2022,FTY,GA,ASO,ES,Federal Contract Tower,0,14,40,0,54,0,0,32,0,32,0,14,72,0,86,104,0,104,190
08/08/2022,FTY,GA,ASO,ES,Federal Contract Tower,0,20,43,0,63,0,0,47,0,47,0,20,90,0,110,160,0,160,270
08/09/2022,FTY,GA,ASO,ES,Federal Contract Tower,0,15,54,0,69,0,0,22,0,22,0,15,76,0,91,106,0,106,197
08/10/2022,FTY,GA,ASO,ES,Federal Contract Tower,0,12,46,0,58,0,0,16,0,16,0,12,62,0,74,58,0,58,132
08/11/2022,FTY,GA,ASO,ES,Federal Contract Tower,0,11,49,0,60,0,0,45,0,45,0,11,94,0,105,136,0,136,241
08/12/2022,FTY,GA,ASO,ES,Federal Contract Tower,0,5,42,0,47,0,0,0,0,0,0,5,42,0,47,154,0,154,201
08/13/2022,FTY,GA,ASO,ES,Federal Contract Tower,0,4,18,0,22,0,0,62,0,62,0,4,80,0,84,116,0,116,200
08/14/2022,FTY,GA,ASO,ES,Federal Contract Tower,0,18,35,0,53,0,0,60,0,60,0,18,95,0,113,64,0,64,177
08/15/2022,FTY,GA,ASO,ES,Federal Contract Tower,0,14,38,0,52,0,0,61,0,61,0,14,99,0,113,124,0,124,237
08/16/2022,FTY,GA,ASO,ES,Federal Contract Tower,0,15,42,0,57,0,0,86,0,86,0,15,128,0,143,152,0,152,295
08/17/2022,FTY,GA,ASO,ES,Federal Contract Tower,0,21,68,0,89,0,0,25,0,25,0,21,93,0,114,46,0,46,160
08/18/2022,FTY,GA,ASO,ES,Federal Contract Tower,0,17,59,0,76,0,0,46,0,46,0,17,105,0,122,144,0,144,266
08/19/2022,FTY,GA,ASO,ES,Federal Contract Tower,0,13,59,0,72,0,0,6,0,6,0,13,65,0,78,0,0,0,78
08/20/2022,FTY,GA,ASO,ES,Federal Contract Tower,0,2,17,0,19,0,0,20,0,20,0,2,37,0,39,58,0,58,97
08/21/2022,FTY,GA,ASO,ES,Federal Contract Tower,0,8,32,0,40,0,0,20,0,20,0,8,52,0,60,52,0,52,112
08/22/2022,FTY,GA,ASO,ES,Federal Contract Tower,0,16,61,0,77,0,0,20,0,20,0,16,81,0,97,104,0,104,201
08/23/2022,FTY,GA,ASO,ES,Federal Contract Tower,0,19,59,0,78,0,0,42,0,42,0,19,101,0,120,104,0,104,224
08/24/2022,FTY,GA,ASO,ES,Federal Contract Tower,0,8,46,0,54,0,0,54,0,54,0,8,100,0,108,244,0,244,352
08/25/2022,FTY,GA,ASO,ES,Federal Contract Tower,0,10,60,0,70,0,0,17,0,17,0,10,77,0,87,92,0,92,179
08/26/2022,FTY,GA,ASO,ES,Federal Contract Tower,0,3,63,0,66,0,0,0,0,0,0,3,63,0,66,146,0,146,212
08/27/2022,FTY,GA,ASO,ES,Federal Contract Tower,0,7,28,0,35,0,0,83,0,83,0,7,111,0,118,156,0,156,274
08/28/2022,FTY,GA,ASO,ES,Federal Contract Tower,0,17,35,0,52,0,0,78,0,78,0,17,113,0,130,58,0,58,188
08/29/2022,FTY,GA,ASO,ES,Federal Contract Tower,0,15,38,0,53,0,0,77,0,77,0,15,115,0,130,134,0,134,264
08/30/2022,FTY,GA,ASO,ES,Federal Contract Tower,0,15,40,0,55,0,0,29,0,29,0,15,69,0,84,56,0,56,140
08/31/2022,FTY,GA,ASO,ES,Federal Contract Tower,0,9,40,0,49,0,0,80,0,80,0,9,120,0,129,66,0,66,195
09/01/2022,FTY,GA,ASO,ES,Federal Contract Tower,0,17,69,0,86,0,0,55,0,55,0,17,124,0,141,52,0,52,193
09/02/2022,FTY,GA,ASO,ES,Federal Contract Tower,0,14,57,0,71,0,0,45,0,45,0,14,102,0,116,94,0,94,210
09/03/2022,FTY,GA,ASO,ES,Federal Contract Tower,0,17,26,0,43,0,0,17,0,17,0,17,43,0,60,0,0,0,60
09/04/2022,FTY,GA,ASO,ES,Federal Contract Tower,0,14,26,0,40,0,0,0,0,0,0,14,26,0,40,20,0,20,60
09/05/2022,FTY,GA,ASO,ES,Federal Contract Tower,0,14,47,0,61,0,0,2,0,2,0,14,49,0,63,0,0,0,63
09/06/2022,FTY,GA,ASO,ES,Federal Contract Tower,0,11,57,0,68,0,0,39,0,39,0,11,96,0,107,118,0,118,225
09/07/2022,FTY,GA,ASO,ES,Federal Contract Tower,0,21,46,0,67,0,0,66,0,66,0,21,112,0,133,166,0,166,299
09/08/2022,FTY,GA,ASO,ES,Federal Contract Tower,0,29,63,0,92,0,0,63,0,63,0,29,126,0,155,146,0,146,301
09/09/2022,FTY,GA,ASO,ES,Federal Contract Tower,0,12,60,0,72,0,0,18,0,18,0,12,78,0,90,42,0,42,132
09/10/2022,FTY,GA,ASO,ES,Federal Contract Tower,0,5,32,0,37,0,0,2,0,2,0,5,34,0,39,0,0,0,39
09/11/2022,FTY,GA,ASO,ES,Federal Contract Tower,0,21,50,0,71,0,0,7,0,7,0,21,57,0,78,10,0,10,88
09/12/2022,FTY,GA,ASO,ES,Federal Contract Tower,0,21,61,0,82,0,0,44,0,44,0,21,105,0,126,68,0,68,194
09/13/2022,FTY,GA,ASO,ES,Federal Contract Tower,0,20,59,0,79,0,0,93,0,93,0,20,152,0,172,224,0,224,396
09/14/2022,FTY,GA,ASO,ES,Federal Contract Tower,0,10,40,0,50,0,0,87,0,87,0,10,127,0,137,150,0,150,287
09/15/2022,FTY,GA,ASO,ES,Federal Contract Tower,0,8,70,0,78,0,0,72,0,72,0,8,142,0,150,168,0,168,318
09/16/2022,FTY,GA,ASO,ES,Federal Contract Tower,0,11,54,0,65,0,0,79,0,79,0,11,133,0,144,106,0,106,250
09/17/2022,FTY,GA,ASO,ES,Federal Contract Tower,0,5,26,0,31,0,0,72,0,72,0,5,98,0,103,100,0,100,203
09/18/2022,FTY,GA,ASO,ES,Federal Contract Tower,0,17,55,0,72,0,0,42,0,42,0,17,97,0,114,48,0,48,162
09/19/2022,FTY,GA,ASO,ES,Federal Contract Tower,0,15,56,0,71,0,0,44,0,44,0,15,100,0,115,74,0,74,189
09/20/2022,FTY,GA,ASO,ES,Federal Contract Tower,0,24,58,0,82,0,0,37,0,37,0,24,95,0,119,24,0,24,143
09/21/2022,FTY,GA,ASO,ES,Federal Contract Tower,0,14,71,0,85,0,0,91,0,91,0,14,162,0,176,112,0,112,288
09/22/2022,FTY,GA,ASO,ES,Federal Contract Tower,0,19,64,0,83,0,0,63,0,63,0,19,127,0,146,110,0,110,256
09/23/2022,FTY,GA,ASO,ES,Federal Contract Tower,0,12,44,0,56,0,0,87,0,87,0,12,131,0,143,134,0,134,277
09/24/2022,FTY,GA,ASO,ES,Federal Contract Tower,0,9,16,0,25,0,0,125,0,125,0,9,141,0,150,92,0,92,242
09/25/2022,FTY,GA,ASO,ES,Federal Contract Tower,0,20,43,0,63,0,0,44,0,44,0,20,87,0,107,102,0,102,209
09/26/2022,FTY,GA,ASO,ES,Federal Contract Tower,0,15,56,1,72,0,0,53,0,53,0,15,109,1,125,90,0,90,215
09/27/2022,FTY,GA,ASO,ES,Federal Contract Tower,0,21,52,0,73,0,0,71,0,71,0,21,123,0,144,120,0,120,264
09/28/2022,FTY,GA,ASO,ES,Federal Contract Tower,0,18,40,0,58,0,0,59,0,59,0,18,99,0,117,120,0,120,237
09/29/2022,FTY,GA,ASO,ES,Federal Contract Tower,0,19,64,0,83,0,0,23,0,23,0,19,87,0,106,6,0,6,112
09/30/2022,FTY,GA,ASO,ES,Federal Contract Tower,0,4,31,0,35,0,0,17,0,17,0,4,48,0,52,40,0,40,92
10/01/2022,FTY,GA,ASO,ES,Federal Contract Tower,0,4,24,0,28,0,0,44,0,44,0,4,68,0,72,58,0,58,130
10/02/2022,FTY,GA,ASO,ES,Federal Contract Tower,0,26,55,0,81,0,0,58,0,58,0,26,113,0,139,54,0,54,193
10/03/2022,FTY,GA,ASO,ES,Federal Contract Tower,0,9,54,0,63,0,0,54,0,54,0,9,108,0,117,140,0,140,257
10/04/2022,FTY,GA,ASO,ES,Federal Contract Tower,0,10,66,0,76,0,0,84,0,84,0,10,150,0,160,136,0,136,296
10/05/2022,FTY,GA,ASO,ES,Federal Contract Tower,0,11,69,0,80,0,0,82,0,82,0,11,151,0,162,176,0,176,338
10/06/2022,FTY,GA,ASO,ES,Federal Contract Tower,0,7,86,0,93,0,0,65,0,65,0,7,151,0,158,96,0,96,254
10/07/2022,FTY,GA,ASO,ES,Federal Contract Tower,0,22,63,0,85,0,0,75,0,75,0,22,138,0,160,160,0,160,320
10/08/2022,FTY,GA,ASO,ES,Federal Contract Tower,0,7,40,0,47,0,0,62,0,62,0,7,102,0,109,52,0,52,161
10/09/2022,FTY,GA,ASO,ES,Federal Contract Tower,0,15,67,0,82,0,0,83,0,83,0,15,150,0,165,102,0,102,267
10/10/2022,FTY,GA,ASO,ES,Federal Contract Tower,0,12,52,0,64,0,0,44,0,44,0,12,96,0,108,62,0,62,170
10/11/2022,FTY,GA,ASO,ES,Federal Contract Tower,0,26,84,0,110,0,0,35,0,35,0,26,119,0,145,96,0,96,241
10/12/2022,FTY,GA,ASO,ES,Federal Contract Tower,0,17,66,0,83,0,0,0,0,0,0,17,66,0,83,0,0,0,83
10/13/2022,FTY,GA,ASO,ES,Federal Contract Tower,0,16,86,0,102,0,0,30,0,30,0,16,116,0,132,62,0,62,194
10/14/2022,FTY,GA,ASO,ES,Federal Contract Tower,0,9,54,0,63,0,0,77,0,77,0,9,131,0,140,224,0,224,364
10/15/2022,FTY,GA,ASO,ES,Federal Contract Tower,0,4,26,0,30,0,0,104,0,104,0,4,130,0,134,200,0,200,334
10/16/2022,FTY,GA,ASO,ES,Federal Contract Tower,0,19,58,0,77,0,0,0,0,0,0,19,58,0,77,40,0,40,117
10/17/2022,FTY,GA,ASO,ES,Federal Contract Tower,0,22,56,0,78,0,0,36,0,36,0,22,92,0,114,74,0,74,188
10/18/2022,FTY,GA,ASO,ES,Federal Contract Tower,0,20,70,0,90,0,0,41,0,41,0,20,111,0,131,70,0,70,201
10/19/2022,FTY,GA,ASO,ES,Federal Contract Tower,0,26,62,0,88,0,0,52,0,52,0,26,114,0,140,76,0,76,216
10/20/2022,FTY,GA,ASO,ES,Federal Contract Tower,0,21,81,0,102,0,0,67,0,67,0,21,148,0,169,180,0,180,349
10/21/2022,FTY,GA,ASO,ES,Federal Contract Tower,0,13,55,0,68,0,0,64,0,64,0,13,119,0,132,172,0,172,304
10/22/2022,FTY,GA,ASO,ES,Federal Contract Tower,0,10,32,0,42,0,0,75,0,75,0,10,107,0,117,146,0,146,263
10/23/2022,FTY,GA,ASO,ES,Federal Contract Tower,0,14,50,0,64,0,0,45,0,45,0,14,95,0,109,50,0,50,159
10/24/2022,FTY,GA,ASO,ES,Federal Contract Tower,0,18,56,0,74,0,0,55,10,65,0,18,111,10,139,52,0,52,191
10/25/2022,FTY,GA,ASO,ES,Federal Contract Tower,0,15,59,0,74,0,0,41,0,41,0,15,100,0,115,114,0,114,229
10/26/2022,FTY,GA,ASO,ES,Federal Contract Tower,0,15,59,0,74,0,0,41,0,41,0,15,100,0,115,114,0,114,229
10/27/2022,FTY,GA,ASO,ES,Federal Contract Tower,0,20,59,0,79,0,0,73,0,73,0,20,132,0,152,198,0,198,350
10/28/2022,FTY,GA,ASO,ES,Federal Contract Tower,0,10,72,0,82,0,0,71,0,71,0,10,143,0,153,134,0,134,287
10/29/2022,FTY,GA,ASO,ES,Federal Contract Tower,0,11,28,0,39,0,0,22,0,22,0,11,50,0,61,0,0,0,61
10/30/2022,FTY,GA,ASO,ES,Federal Contract Tower,0,23,59,0,82,0,0,0,0,0,0,23,59,0,82,0,0,0,82
10/31/2022,FTY,GA,ASO,ES,Federal Contract Tower,0,11,53,0,64,0,0,16,0,16,0,11,69,0,80,38,0,38,118
11/01/2022,FTY,GA,ASO,ES,Federal Contract Tower,0,34,107,0,141,0,0,60,0,60,0,34,167,0,201,92,0,92,293
11/02/2022,FTY,GA,ASO,ES,Federal Contract Tower,0,14,85,0,99,0,0,75,0,75,0,14,160,0,174,193,0,193,367
11/03/2022,FTY,GA,ASO,ES,Federal Contract Tower,0,25,96,0,121,0,0,66,0,66,0,25,162,0,187,174,0,174,361
11/04/2022,FTY,GA,ASO,ES,Federal Contract Tower,0,22,76,0,98,0,0,53,0,53,0,22,129,0,151,0,72,72,223
11/05/2022,FTY,GA,ASO,ES,Federal Contract Tower,0,10,37,0,47,0,0,21,0,21,0,10,58,0,68,10,0,10,78
11/06/2022,FTY,GA,ASO,ES,Federal Contract Tower,0,18,51,0,69,0,0,30,0,30,0,18,81,0,99,126,0,126,225
11/07/2022,FTY,GA,ASO,ES,Federal Contract Tower,0,16,62,0,78,0,0,29,0,29,0,16,91,0,107,110,0,110,217
11/08/2022,FTY,GA,ASO,ES,Federal Contract Tower,0,15,79,0,94,0,0,74,0,74,0,15,153,0,168,116,0,116,284
11/09/2022,FTY,GA,ASO,ES,Federal Contract Tower,0,16,94,0,110,0,0,35,0,35,0,16,129,0,145,12,0,12,157
11/10/2022,FTY,GA,ASO,ES,Federal Contract Tower,0,26,98,0,124,0,0,4,0,4,0,26,102,0,128,0,0,0,128
11/11/2022,FTY,GA,ASO,ES,Federal Contract Tower,0,23,43,0,66,0,0,0,0,0,0,23,43,0,66,0,0,0,66
11/12/2022,FTY,GA,ASO,ES,Federal Contract Tower,0,12,30,0,42,0,0,14,0,14,0,12,44,0,56,0,0,0,56
11/13/2022,FTY,GA,ASO,ES,Federal Contract Tower,0,23,51,0,74,0,0,55,0,55,0,23,106,0,129,70,0,70,199
11/14/2022,FTY,GA,ASO,ES,Federal Contract Tower,0,12,53,0,65,0,0,57,0,57,0,12,110,0,122,94,0,94,216
11/15/2022,FTY,GA,ASO,ES,Federal Contract Tower,0,13,52,0,65,0,0,0,0,0,0,13,52,0,65,0,0,0,65
11/16/2022,FTY,GA,ASO,ES,Federal Contract Tower,0,20,72,0,92,0,0,33,0,33,0,20,105,0,125,108,0,108,233
11/17/2022,FTY,GA,ASO,ES,Federal Contract Tower,0,17,51,0,68,0,0,42,0,42,0,17,93,0,110,32,0,32,142
11/18/2022,FTY,GA,ASO,ES,Federal Contract Tower,0,9,51,0,60,0,0,57,0,57,0,9,108,0,117,84,0,84,201
11/19/2022,FTY,GA,ASO,ES,Federal Contract Tower,0,14,19,0,33,0,0,66,0,66,0,14,85,0,99,146,0,146,245
11/20/2022,FTY,GA,ASO,ES,Federal Contract Tower,0,14,51,0,65,0,0,58,0,58,0,14,109,0,123,74,0,74,197
11/21/2022,FTY,GA,ASO,ES,Federal Contract Tower,0,7,33,0,40,0,0,53,0,53,0,7,86,0,93,134,0,134,227
11/22/2022,FTY,GA,ASO,ES,Federal Contract Tower,0,9,71,0,80,0,0,63,0,63,0,9,134,0,143,158,0,158,301
11/23/2022,FTY,GA,ASO,ES,Federal Contract Tower,0,11,52,0,63,0,0,65,0,65,0,11,117,0,128,180,0,180,308
11/24/2022,FTY,GA,ASO,ES,Federal Contract Tower,0,6,4,0,10,0,0,2,0,2,0,6,6,0,12,0,0,0,12
11/25/2022,FTY,GA,ASO,ES,Federal Contract Tower,0,10,20,0,30,0,0,8,0,8,0,10,28,0,38,28,0,28,66
11/26/2022,FTY,GA,ASO,ES,Federal Contract Tower,0,11,33,0,44,0,0,36,0,36,0,11,69,0,80,44,0,44,124
11/27/2022,FTY,GA,ASO,ES,Federal Contract Tower,0,16,53,0,69,0,0,11,0,11,0,16,64,0,80,10,0,10,90
11/28/2022,FTY,GA,ASO,ES,Federal Contract Tower,0,15,40,0,55,0,0,57,0,57,0,15,97,0,112,88,0,88,200
11/29/2022,FTY,GA,ASO,ES,Federal Contract Tower,0,13,45,0,58,0,0,75,0,75,0,13,120,0,133,90,0,90,223
11/30/2022,FTY,GA,ASO,ES,Federal Contract Tower,0,8,54,0,62,0,0,13,0,13,0,8,67,0,75,4,0,4,79
12/01/2022,FTY,GA,ASO,ES,Federal Contract Tower,0,13,43,0,56,0,0,53,0,53,0,13,96,0,109,86,0,86,195
12/02/2022,FTY,GA,ASO,ES,Federal Contract Tower,0,13,62,0,75,0,0,63,0,63,0,13,125,0,138,146,0,146,284
12/03/2022,FTY,GA,ASO,ES,Federal Contract Tower,0,19,58,0,77,0,0,4,0,4,0,19,62,0,81,10,0,10,91
12/04/2022,FTY,GA,ASO,ES,Federal Contract Tower,0,24,60,0,84,0,0,50,0,50,0,24,110,0,134,106,0,106,240
12/05/2022,FTY,GA,ASO,ES,Federal Contract Tower,0,19,48,0,67,0,0,0,0,0,0,19,48,0,67,0,0,0,67
12/06/2022,FTY,GA,ASO,ES,Federal Contract Tower,0,31,62,0,93,0,0,0,0,0,0,31,62,0,93,0,0,0,93
12/07/2022,FTY,GA,ASO,ES,Federal Contract Tower,0,22,73,0,95,0,0,1,0,1,0,22,74,0,96,20,0,20,116
12/08/2022,FTY,GA,ASO,ES,Federal Contract Tower,0,12,55,0,67,0,0,36,0,36,0,12,91,0,103,158,0,158,261
12/09/2022,FTY,GA,ASO,ES,Federal Contract Tower,0,10,89,0,99,0,0,2,0,2,0,10,91,0,101,42,0,42,143
12/10/2022,FTY,GA,ASO,ES,Federal Contract Tower,0,12,40,0,52,0,0,20,0,20,0,12,60,0,72,0,0,0,72
12/11/2022,FTY,GA,ASO,ES,Federal Contract Tower,0,29,57,0,86,0,0,0,0,0,0,29,57,0,86,0,0,0,86
12/12/2022,FTY,GA,ASO,ES,Federal Contract Tower,0,25,83,0,108,0,0,16,0,16,0,25,99,0,124,30,0,30,154
12/13/2022,FTY,GA,ASO,ES,Federal Contract Tower,0,16,80,0,96,0,0,30,0,30,0,16,110,0,126,182,0,182,308
12/14/2022,FTY,GA,ASO,ES,Federal Contract Tower,0,35,60,0,95,0,0,0,0,0,0,35,60,0,95,0,0,0,95
12/15/2022,FTY,GA,ASO,ES,Federal Contract Tower,0,36,70,0,106,0,0,38,0,38,0,36,108,0,144,122,0,122,266
12/16/2022,FTY,GA,ASO,ES,Federal Contract Tower,0,21,69,0,90,0,0,71,0,71,0,21,140,0,161,110,0,110,271
12/17/2022,FTY,GA,ASO,ES,Federal Contract Tower,0,3,31,0,34,0,0,80,0,80,0,3,111,0,114,158,0,158,272
12/18/2022,FTY,GA,ASO,ES,Federal Contract Tower,0,22,30,0,52,0,0,57,0,57,0,22,87,0,109,100,0,100,209
12/19/2022,FTY,GA,ASO,ES,Federal Contract Tower,0,23,47,0,70,0,0,60,2,62,0,23,107,2,132,148,0,148,280
12/20/2022,FTY,GA,ASO,ES,Federal Contract Tower,0,19,38,0,57,0,0,5,0,5,0,19,43,0,62,6,0,6,68
12/21/2022,FTY,GA,ASO,ES,Federal Contract Tower,0,10,49,0,59,0,0,37,0,37,0,10,86,0,96,184,0,184,280
12/22/2022,FTY,GA,ASO,ES,Federal Contract Tower,0,15,19,0,34,0,0,0,0,0,0,15,19,0,34,0,0,0,34
12/23/2022,FTY,GA,ASO,ES,Federal Contract Tower,0,3,28,0,31,0,0,5,0,5,0,3,33,0,36,0,0,0,36
12/24/2022,FTY,GA,ASO,ES,Federal Contract Tower,0,3,6,0,9,0,0,5,0,5,0,3,11,0,14,0,0,0,14
12/25/2022,FTY,GA,ASO,ES,Federal Contract Tower,0,12,3,0,15,0,0,1,0,1,0,12,4,0,16,0,0,0,16
12/26/2022,FTY,GA,ASO,ES,Federal Contract Tower,0,15,41,0,56,0,2,57,0,59,0,17,98,0,115,140,0,140,255
12/27/2022,FTY,GA,ASO,ES,Federal Contract Tower,0,22,34,0,56,0,0,55,0,55,0,22,89,0,111,110,0,110,221
12/28/2022,FTY,GA,ASO,ES,Federal Contract Tower,0,13,21,0,34,0,0,74,0,74,0,13,95,0,108,112,0,112,220
12/29/2022,FTY,GA,ASO,ES,Federal Contract Tower,0,11,33,0,44,0,0,75,0,75,0,11,108,0,119,148,0,148,267
12/30/2022,FTY,GA,ASO,ES,Federal Contract Tower,0,18,22,0,40,0,0,43,0,43,0,18,65,0,83,64,0,64,147
12/31/2022,FTY,GA,ASO,ES,Federal Contract Tower,0,16,30,0,46,0,0,0,0,0,0,16,30,0,46,0,0,0,46
01/01/2023,FTY,GA,ASO,ES,Federal Contract Tower,0,16,43,0,59,0,0,44,0,44,0,16,87,0,103,24,0,24,127
01/02/2023,FTY,GA,ASO,ES,Federal Contract Tower,0,20,50,0,70,0,0,3,0,3,0,20,53,0,73,8,0,8,81
01/03/2023,FTY,GA,ASO,ES,Federal Contract Tower,0,16,28,0,44,0,0,4,0,4,0,16,32,0,48,0,0,0,48
01/04/2023,FTY,GA,ASO,ES,Federal Contract Tower,0,12,29,0,41,0,0,16,0,16,0,12,45,0,57,86,0,86,143
01/05/2023,FTY,GA,ASO,ES,Federal Contract Tower,0,14,37,0,51,0,0,78,0,78,0,14,115,0,129,128,0,128,257
01/06/2023,FTY,GA,ASO,ES,Federal Contract Tower,0,8,56,0,64,0,0,63,0,63,0,8,119,0,127,26,0,26,153
01/07/2023,FTY,GA,ASO,ES,Federal Contract Tower,0,5,28,0,33,0,0,85,0,85,0,5,113,0,118,130,0,130,248
01/08/2023,FTY,GA,ASO,ES,Federal Contract Tower,0,29,24,0,53,0,0,9,0,9,0,29,33,0,62,64,0,64,126
01/09/2023,FTY,GA,ASO,ES,Federal Contract Tower,0,14,37,0,51,0,0,44,0,44,0,14,81,0,95,92,0,92,187
01/10/2023,FTY,GA,ASO,ES,Federal Contract Tower,0,22,42,0,64,0,0,60,0,60,0,22,102,0,124,116,0,116,240
01/11/2023,FTY,GA,ASO,ES,Federal Contract Tower,0,11,53,0,64,0,0,34,0,34,0,11,87,0,98,104,0,104,202
01/12/2023,FTY,GA,ASO,ES,Federal Contract Tower,0,14,46,0,60,0,0,0,0,0,0,14,46,0,60,6,0,6,66
01/13/2023,FTY,GA,ASO,ES,Federal Contract Tower,0,13,47,0,60,0,0,14,0,14,0,13,61,0,74,54,0,54,128
01/14/2023,FTY,GA,ASO,ES,Federal Contract Tower,0,11,16,0,27,0,0,43,0,43,0,11,59,0,70,0,0,0,70
01/15/2023,FTY,GA,ASO,ES,Federal Contract Tower,0,9,23,0,32,0,0,43,0,43,0,9,66,0,75,104,0,104,179
01/16/2023,FTY,GA,ASO,ES,Federal Contract Tower,0,12,46,0,58,0,0,82,0,82,0,12,128,0,140,198,0,198,338
01/17/2023,FTY,GA,ASO,ES,Federal Contract Tower,0,25,51,0,76,0,0,0,0,0,0,25,51,0,76,0,0,0,76
01/18/2023,FTY,GA,ASO,ES,Federal Contract Tower,0,9,56,0,65,0,0,0,0,0,0,9,56,0,65,0,0,0,65
01/19/2023,FTY,GA,ASO,ES,Federal Contract Tower,0,19,52,0,71,0,0,42,0,42,0,19,94,0,113,78,0,78,191
01/20/2023,FTY,GA,ASO,ES,Federal Contract Tower,0,8,39,0,47,0,0,71,0,71,0,8,110,0,118,134,0,134,252
01/21/2023,FTY,GA,ASO,ES,Federal Contract Tower,0,6,28,0,34,0,0,95,0,95,0,6,123,0,129,170,0,170,299
01/22/2023,FTY,GA,ASO,ES,Federal Contract Tower,0,17,31,0,48,0,0,0,0,0,0,17,31,0,48,0,0,0,48
01/23/2023,FTY,GA,ASO,ES,Federal Contract Tower,0,15,78,0,93,0,0,53,0,53,0,15,131,0,146,60,0,60,206
01/24/2023,FTY,GA,ASO,ES,Federal Contract Tower,0,19,95,0,114,0,0,84,0,84,0,19,179,0,198,182,0,182,380
01/25/2023,FTY,GA,ASO,ES,Federal Contract Tower,0,11,68,0,79,0,0,9,0,9,0,11,77,0,88,40,0,40,128
01/26/2023,FTY,GA,ASO,ES,Federal Contract Tower,0,25,85,0,110,0,0,47,0,47,0,25,132,0,157,114,0,114,271
01/27/2023,FTY,GA,ASO,ES,Federal Contract Tower,0,17,58,0,75,0,0,113,0,113,0,17,171,0,188,164,0,164,352
01/28/2023,FTY,GA,ASO,ES,Federal Contract Tower,0,6,10,0,16,0,0,133,0,133,0,6,143,0,149,216,0,216,365
01/29/2023,FTY,GA,ASO,ES,Federal Contract Tower,0,14,32,0,46,0,0,26,0,26,0,14,58,0,72,22,0,22,94
01/30/2023,FTY,GA,ASO,ES,Federal Contract Tower,0,12,44,0,56,0,0,1,0,1,0,12,45,0,57,0,0,0,57
01/31/2023,FTY,GA,ASO,ES,Federal Contract Tower,0,13,34,0,47,0,0,6,0,6,0,13,40,0,53,24,0,24,77
02/01/2023,FTY,GA,ASO,ES,Federal Contract Tower,0,10,50,0,60,0,0,16,0,16,0,10,66,0,76,66,0,66,142
02/02/2023,FTY,GA,ASO,ES,Federal Contract Tower,0,13,65,0,78,0,0,0,0,0,0,13,65,0,78,0,0,0,78
02/03/2023,FTY,GA,ASO,ES,Federal Contract Tower,0,5,30,0,35,0,0,50,0,50,0,5,80,0,85,66,0,66,151
02/04/2023,FTY,GA,ASO,ES,Federal Contract Tower,0,10,20,0,30,0,0,110,0,110,0,10,130,0,140,102,0,102,242
02/05/2023,FTY,GA,ASO,ES,Federal Contract Tower,0,14,48,0,62,0,0,67,0,67,0,14,115,0,129,90,0,90,219
02/06/2023,FTY,GA,ASO,ES,Federal Contract Tower,0,15,56,0,71,0,0,78,0,78,0,15,134,0,149,152,0,152,301
02/07/2023,FTY,GA,ASO,ES,Federal Contract Tower,0,9,61,0,70,0,0,97,0,97,0,9,158,0,167,214,0,214,381
02/08/2023,FTY,GA,ASO,ES,Federal Contract Tower,0,23,61,0,84,0,0,77,0,77,0,23,138,0,161,94,0,94,255
02/09/2023,FTY,GA,ASO,ES,Federal Contract Tower,0,14,48,0,62,0,0,9,0,9,0,14,57,0,71,50,0,50,121
02/10/2023,FTY,GA,ASO,ES,Federal Contract Tower,0,5,42,0,47,0,0,69,0,69,0,5,111,0,116,104,0,104,220
02/11/2023,FTY,GA,ASO,ES,Federal Contract Tower,0,5,10,0,15,0,0,10,0,10,0,5,20,0,25,20,0,20,45
02/12/2023,FTY,GA,ASO,ES,Federal Contract Tower,0,13,32,0,45,0,0,5,0,5,0,13,37,0,50,0,0,0,50
02/13/2023,FTY,GA,ASO,ES,Federal Contract Tower,0,14,51,0,65,0,0,105,0,105,0,14,156,0,170,118,0,118,288
02/14/2023,FTY,GA,ASO,ES,Federal Contract Tower,0,11,45,0,56,0,0,145,0,145,0,11,190,0,201,98,0,98,299
02/15/2023,FTY,GA,ASO,ES,Federal Contract Tower,0,27,72,0,99,0,0,19,0,19,0,27,91,0,118,44,0,44,162
02/16/2023,FTY,GA,ASO,ES,Federal Contract Tower,0,22,75,0,97,0,0,27,0,27,0,22,102,0,124,66,0,66,190
02/17/2023,FTY,GA,ASO,ES,Federal Contract Tower,0,18,50,0,68,0,0,6,0,6,0,18,56,0,74,10,0,10,84
02/18/2023,FTY,GA,ASO,ES,Federal Contract Tower,0,5,24,0,29,0,0,132,0,132,0,5,156,0,161,176,0,176,337
02/19/2023,FTY,GA,ASO,ES,Federal Contract Tower,0,9,33,0,42,0,0,66,0,66,0,9,99,0,108,116,0,116,224
02/20/2023,FTY,GA,ASO,ES,Federal Contract Tower,0,13,43,0,56,0,0,34,0,34,0,13,77,0,90,90,0,90,180
02/21/2023,FTY,GA,ASO,ES,Federal Contract Tower,0,18,63,0,81,0,0,10,0,10,0,18,73,0,91,14,0,14,105
02/22/2023,FTY,GA,ASO,ES,Federal Contract Tower,0,16,59,0,75,0,0,27,0,27,0,16,86,0,102,52,0,52,154
02/23/2023,FTY,GA,ASO,ES,Federal Contract Tower,0,14,58,0,72,0,0,17,0,17,0,14,75,0,89,38,0,38,127
02/24/2023,FTY,GA,ASO,ES,Federal Contract Tower,0,3,48,0,51,0,0,42,0,42,0,3,90,0,93,142,0,142,235
02/25/2023,FTY,GA,ASO,ES,Federal Contract Tower,0,1,31,0,32,0,0,2,0,2,0,1,33,0,34,32,0,32,66
02/26/2023,FTY,GA,ASO,ES,Federal Contract Tower,0,10,65,0,75,0,0,34,0,34,0,10,99,0,109,124,0,124,233
02/27/2023,FTY,GA,ASO,ES,Federal Contract Tower,0,15,55,0,70,0,0,8,0,8,0,15,63,0,78,28,0,28,106
02/28/2023,FTY,GA,ASO,ES,Federal Contract Tower,0,23,55,0,78,0,0,113,0,113,0,23,168,0,191,168,0,168,359
03/01/2023,FTY,GA,ASO,ES,Federal Contract Tower,0,14,53,0,67,0,0,29,0,29,0,14,82,0,96,140,0,140,236
03/02/2023,FTY,GA,ASO,ES,Federal Contract Tower,0,21,46,0,67,0,0,19,0,19,0,21,65,0,86,60,0,60,146
03/03/2023,FTY,GA,ASO,ES,Federal Contract Tower,0,10,35,0,45,0,0,35,0,35,0,10,70,0,80,0,0,0,80
03/04/2023,FTY,GA,ASO,ES,Federal Contract Tower,0,16,36,0,52,0,0,138,0,138,0,16,174,0,190,68,0,68,258
03/05/2023,FTY,GA,ASO,ES,Federal Contract Tower,0,21,44,0,65,0,0,92,0,92,0,21,136,0,157,154,0,154,311
03/06/2023,FTY,GA,ASO,ES,Federal Contract Tower,0,16,60,0,76,0,0,81,0,81,0,16,141,0,157,130,0,130,287
03/07/2023,FTY,GA,ASO,ES,Federal Contract Tower,0,11,65,0,76,0,0,102,0,102,0,11,167,0,178,164,0,164,342
03/08/2023,FTY,GA,ASO,ES,Federal Contract Tower,0,23,83,0,106,0,0,116,0,116,0,23,199,0,222,192,0,192,414
03/09/2023,FTY,GA,ASO,ES,Federal Contract Tower,0,29,81,0,110,0,0,64,0,64,0,29,145,0,174,112,0,112,286
03/10/2023,FTY,GA,ASO,ES,Federal Contract Tower,0,8,52,0,60,0,0,42,0,42,0,8,94,0,102,62,0,62,164
03/11/2023,FTY,GA,ASO,ES,Federal Contract Tower,0,9,34,0,43,0,0,100,0,100,0,9,134,0,143,156,0,156,299
03/12/2023,FTY,GA,ASO,ES,Federal Contract Tower,0,18,27,0,45,0,0,1,0,1,0,18,28,0,46,0,0,0,46
03/13/2023,FTY,GA,ASO,ES,Federal Contract Tower,0,17,32,0,49,0,0,56,0,56,0,17,88,0,105,166,0,166,271
03/14/2023,FTY,GA,ASO,ES,Federal Contract Tower,0,16,44,0,60,0,0,76,0,76,0,16,120,0,136,200,0,200,336
03/15/2023,FTY,GA,ASO,ES,Federal Contract Tower,0,12,41,0,53,0,0,96,0,96,0,12,137,0,149,302,0,302,451
03/16/2023,FTY,GA,ASO,ES,Federal Contract Tower,0,10,53,0,63,0,0,89,0,89,0,10,142,0,152,224,0,224,376
03/17/2023,FTY,GA,ASO,ES,Federal Contract Tower,0,18,33,0,51,0,0,1,0,1,0,18,34,0,52,20,0,20,72
03/18/2023,FTY,GA,ASO,ES,Federal Contract Tower,0,5,21,0,26,0,0,67,0,67,0,5,88,0,93,60,0,60,153
03/19/2023,FTY,GA,ASO,ES,Federal Contract Tower,0,7,50,0,57,0,0,43,0,43,0,7,93,0,100,48,0,48,148
03/20/2023,FTY,GA,ASO,ES,Federal Contract Tower,0,12,45,0,57,0,0,60,0,60,0,12,105,0,117,124,0,124,241
03/21/2023,FTY,GA,ASO,ES,Federal Contract Tower,0,13,53,0,66,0,0,62,0,62,0,13,115,0,128,66,0,66,194
03/22/2023,FTY,GA,ASO,ES,Federal Contract Tower,0,7,48,0,55,0,0,50,0,50,0,7,98,0,105,170,0,170,275
03/23/2023,FTY,GA,ASO,ES,Federal Contract Tower,0,9,72,0,81,0,0,78,0,78,0,9,150,0,159,150,0,150,309
03/24/2023,FTY,GA,ASO,ES,Federal Contract Tower,0,9,74,0,83,0,0,48,0,48,0,9,122,0,131,88,0,88,219
03/25/2023,FTY,GA,ASO,ES,Federal Contract Tower,0,7,21,0,28,0,0,25,0,25,0,7,46,0,53,86,0,86,139
03/26/2023,FTY,GA,ASO,ES,Federal Contract Tower,0,14,34,0,48,0,0,3,0,3,0,14,37,0,51,20,0,20,71
03/27/2023,FTY,GA,ASO,ES,Federal Contract Tower,0,20,48,0,68,0,0,36,0,36,0,20,84,0,104,122,0,122,226
03/28/2023,FTY,GA,ASO,ES,Federal Contract Tower,0,18,56,0,74,0,0,86,0,86,0,18,142,0,160,122,0,122,282
03/29/2023,FTY,GA,ASO,ES,Federal Contract Tower,0,8,75,0,83,0,0,95,0,95,0,8,170,0,178,196,0,196,374
03/30/2023,FTY,GA,ASO,ES,Federal Contract Tower,0,21,82,0,103,0,0,98,0,98,0,21,180,0,201,158,0,158,359
03/31/2023,FTY,GA,ASO,ES,Federal Contract Tower,0,12,55,0,67,0,0,65,0,65,0,12,120,0,132,60,0,60,192
04/01/2023,FTY,GA,ASO,ES,Federal Contract Tower,0,7,24,0,31,0,0,6,0,6,0,7,30,0,37,26,0,26,63
04/02/2023,FTY,GA,ASO,ES,Federal Contract Tower,0,14,64,0,78,0,0,86,0,86,0,14,150,0,164,215,0,215,379
04/03/2023,FTY,GA,ASO,ES,Federal Contract Tower,0,8,40,0,48,0,0,8,0,8,0,8,48,0,56,34,0,34,90
04/04/2023,FTY,GA,ASO,ES,Federal Contract Tower,0,16,56,0,72,0,0,30,0,30,0,16,86,0,102,110,0,110,212
04/05/2023,FTY,GA,ASO,ES,Federal Contract Tower,0,17,60,0,77,0,0,69,0,69,0,17,129,0,146,106,0,106,252
04/06/2023,FTY,GA,ASO,ES,Federal Contract Tower,0,21,66,0,87,0,0,49,0,49,0,21,115,0,136,218,0,218,354
04/07/2023,FTY,GA,ASO,ES,Federal Contract Tower,0,6,42,0,48,0,0,20,0,20,0,6,62,0,68,86,0,86,154
04/08/2023,FTY,GA,ASO,ES,Federal Contract Tower,0,12,22,0,34,0,0,0,0,0,0,12,22,0,34,0,0,0,34
04/09/2023,FTY,GA,ASO,ES,Federal Contract Tower,0,8,28,0,36,0,0,55,0,55,0,8,83,0,91,80,0,80,171
04/10/2023,FTY,GA,ASO,ES,Federal Contract Tower,0,23,80,0,103,0,0,68,0,68,0,23,148,0,171,112,0,112,283
04/11/2023,FTY,GA,ASO,ES,Federal Contract Tower,0,14,54,0,68,0,0,93,0,93,0,14,147,0,161,252,0,252,413
04/12/2023,FTY,GA,ASO,ES,Federal Contract Tower,0,12,80,0,92,0,0,96,0,96,0,12,176,0,188,284,0,284,472
04/13/2023,FTY,GA,ASO,ES,Federal Contract Tower,0,17,85,0,102,0,0,22,0,22,0,17,107,0,124,92,0,92,216
04/14/2023,FTY,GA,ASO,ES,Federal Contract Tower,0,9,37,0,46,0,1,12,0,13,0,10,49,0,59,112,0,112,171
04/15/2023,FTY,GA,ASO,ES,Federal Contract Tower,0,3,28,2,33,0,0,93,0,93,0,3,121,2,126,260,0,260,386
04/16/2023,FTY,GA,ASO,ES,Federal Contract Tower,0,17,42,2,61,0,0,14,0,14,0,17,56,2,75,24,0,24,99
04/17/2023,FTY,GA,ASO,ES,Federal Contract Tower,0,12,58,0,70,0,0,35,0,35,0,12,93,0,105,42,0,42,147
04/18/2023,FTY,GA,ASO,ES,Federal Contract Tower,0,27,74,0,101,0,0,85,0,85,0,27,159,0,186,182,0,182,368
04/19/2023,FTY,GA,ASO,ES,Federal Contract Tower,0,6,75,0,81,0,0,85,0,85,0,6,160,0,166,232,0,232,398
04/20/2023,FTY,GA,ASO,ES,Federal Contract Tower,0,18,80,0,98,0,0,69,0,69,0,18,149,0,167,140,0,140,307
04/21/2023,FTY,GA,ASO,ES,Federal Contract Tower,0,8,58,0,66,0,0,68,0,68,0,8,126,0,134,108,0,108,242
04/22/2023,FTY,GA,ASO,ES,Federal Contract Tower,0,5,22,0,27,0,0,31,0,31,0,5,53,0,58,20,0,20,78
04/23/2023,FTY,GA,ASO,ES,Federal Contract Tower,0,17,40,0,57,0,0,87,0,87,0,17,127,0,144,136,0,136,280
04/24/2023,FTY,GA,ASO,ES,Federal Contract Tower,0,30,54,0,84,0,0,61,0,61,0,30,115,0,145,104,0,104,249
04/25/2023,FTY,GA,ASO,ES,Federal Contract Tower,0,28,62,0,90,0,0,71,0,71,0,28,133,0,161,180,0,180,341
04/26/2023,FTY,GA,ASO,ES,Federal Contract Tower,0,29,76,0,105,0,0,8,0,8,0,29,84,0,113,60,0,60,173
04/27/2023,FTY,GA,ASO,ES,Federal Contract Tower,0,9,80,0,89,0,0,0,0,0,0,9,80,0,89,34,0,34,123
04/28/2023,FTY,GA,ASO,ES,Federal Contract Tower,0,18,45,0,63,0,0,29,0,29,0,18,74,0,92,102,0,102,194
04/29/2023,FTY,GA,ASO,ES,Federal Contract Tower,0,6,35,0,41,0,0,82,0,82,0,6,117,0,123,210,0,210,333
04/30/2023,FTY,GA,ASO,ES,Federal Contract Tower,0,14,42,0,56,0,0,13,0,13,0,14,55,0,69,30,0,30,99
05/01/2023,FTY,GA,ASO,ES,Federal Contract Tower,0,37,69,0,106,0,0,27,0,27,0,37,96,0,133,114,0,114,247
05/02/2023,FTY,GA,ASO,ES,Federal Contract Tower,0,23,73,0,96,0,0,41,0,41,0,23,114,0,137,130,0,130,267
05/03/2023,FTY,GA,ASO,ES,Federal Contract Tower,0,16,76,0,92,0,0,49,0,49,0,16,125,0,141,144,0,144,285
05/04/2023,FTY,GA,ASO,ES,Federal Contract Tower,0,19,66,0,85,0,0,98,0,98,0,19,164,0,183,314,0,314,497
05/05/2023,FTY,GA,ASO,ES,Federal Contract Tower,0,17,67,0,84,0,0,63,0,63,0,17,130,0,147,170,0,170,317
05/06/2023,FTY,GA,ASO,ES,Federal Contract Tower,0,4,27,0,31,0,0,49,0,49,0,4,76,0,80,188,0,188,268
05/07/2023,FTY,GA,ASO,ES,Federal Contract Tower,0,16,59,0,75,0,0,51,0,51,0,16,110,0,126,208,0,208,334
05/08/2023,FTY,GA,ASO,ES,Federal Contract Tower,0,17,47,0,64,0,0,72,0,72,0,17,119,0,136,210,0,210,346
05/09/2023,FTY,GA,ASO,ES,Federal Contract Tower,0,20,60,0,80,0,0,42,0,42,0,20,102,0,122,124,0,124,246
05/10/2023,FTY,GA,ASO,ES,Federal Contract Tower,0,17,73,0,90,0,0,87,0,87,0,17,160,0,177,274,0,274,451
05/11/2023,FTY,GA,ASO,ES,Federal Contract Tower,0,12,75,0,87,0,0,74,0,74,0,12,149,0,161,270,0,270,431
05/12/2023,FTY,GA,ASO,ES,Federal Contract Tower,0,7,43,0,50,0,0,7,0,7,0,7,50,0,57,44,0,44,101
05/13/2023,FTY,GA,ASO,ES,Federal Contract Tower,0,8,16,0,24,0,0,52,0,52,0,8,68,0,76,50,0,50,126
05/14/2023,FTY,GA,ASO,ES,Federal Contract Tower,0,13,29,0,42,0,0,52,0,52,0,13,81,0,94,112,0,112,206
05/15/2023,FTY,GA,ASO,ES,Federal Contract Tower,0,16,63,0,79,0,0,50,0,50,0,16,113,0,129,192,0,192,321
05/16/2023,FTY,GA,ASO,ES,Federal Contract Tower,0,22,66,0,88,0,0,26,0,26,0,22,92,0,114,56,0,56,170
05/17/2023,FTY,GA,ASO,ES,Federal Contract Tower,0,22,70,0,92,0,0,7,1,8,0,22,77,1,100,4,0,4,104
05/18/2023,FTY,GA,ASO,ES,Federal Contract Tower,0,18,59,0,77,0,0,2,0,2,0,18,61,0,79,0,0,0,79
05/19/2023,FTY,GA,ASO,ES,Federal Contract Tower,0,13,62,0,75,0,3,32,0,35,0,16,94,0,110,186,0,186,296
05/20/2023,FTY,GA,ASO,ES,Federal Contract Tower,0,16,19,0,35,0,0,21,0,21,0,16,40,0,56,156,0,156,212
05/21/2023,FTY,GA,ASO,ES,Federal Contract Tower,0,16,52,0,68,0,0,41,0,41,0,16,93,0,109,156,0,156,265
05/22/2023,FTY,GA,ASO,ES,Federal Contract Tower,0,24,43,0,67,0,0,19,0,19,0,24,62,0,86,76,0,76,162
05/23/2023,FTY,GA,ASO,ES,Federal Contract Tower,0,12,57,0,69,0,0,45,0,45,0,12,102,0,114,174,0,174,288
05/24/2023,FTY,GA,ASO,ES,Federal Contract Tower,0,10,64,0,74,0,0,88,0,88,0,10,152,0,162,150,0,150,312
05/25/2023,FTY,GA,ASO,ES,Federal Contract Tower,0,16,70,0,86,0,0,84,0,84,0,16,154,0,170,252,0,252,422
05/26/2023,FTY,GA,ASO,ES,Federal Contract Tower,0,24,51,0,75,0,0,78,0,78,0,24,129,0,153,82,0,82,235
05/27/2023,FTY,GA,ASO,ES,Federal Contract Tower,0,2,22,0,24,0,0,27,0,27,0,2,49,0,51,30,0,30,81
05/28/2023,FTY,GA,ASO,ES,Federal Contract Tower,0,11,16,0,27,0,0,81,0,81,0,11,97,0,108,82,0,82,190
05/29/2023,FTY,GA,ASO,ES,Federal Contract Tower,0,3,38,0,41,0,0,54,0,54,0,3,92,0,95,132,0,132,227
05/30/2023,FTY,GA,ASO,ES,Federal Contract Tower,0,10,41,0,51,0,0,99,0,99,0,10,140,0,150,214,0,214,364
05/31/2023,FTY,GA,ASO,ES,Federal Contract Tower,0,6,49,0,55,0,2,57,0,59,0,8,106,0,114,266,0,266,380
06/01/2023,FTY,GA,ASO,ES,Federal Contract Tower,0,12,66,0,78,0,0,81,0,81,0,12,147,0,159,172,0,172,331
06/02/2023,FTY,GA,ASO,ES,Federal Contract Tower,0,6,51,0,57,0,2,66,0,68,0,8,117,0,125,206,0,206,331
06/03/2023,FTY,GA,ASO,ES,Federal Contract Tower,0,8,15,0,23,0,0,78,0,78,0,8,93,0,101,44,0,44,145
06/04/2023,FTY,GA,ASO,ES,Federal Contract Tower,0,2,36,0,38,0,0,53,0,53,0,2,89,0,91,104,0,104,195
06/05/2023,FTY,GA,ASO,ES,Federal Contract Tower,0,15,35,0,50,0,0,53,0,53,0,15,88,0,103,148,0,148,251
06/06/2023,FTY,GA,ASO,ES,Federal Contract Tower,0,10,59,0,69,0,0,62,0,62,0,10,121,0,131,216,0,216,347
06/07/2023,FTY,GA,ASO,ES,Federal Contract Tower,0,16,60,0,76,0,0,97,0,97,0,16,157,0,173,170,0,170,343
06/08/2023,FTY,GA,ASO,ES,Federal Contract Tower,0,16,56,0,72,0,0,64,0,64,0,16,120,0,136,252,0,252,388
06/09/2023,FTY,GA,ASO,ES,Federal Contract Tower,0,8,67,0,75,0,0,61,0,61,0,8,128,0,136,138,0,138,274
06/10/2023,FTY,GA,ASO,ES,Federal Contract Tower,0,8,25,0,33,0,0,93,0,93,0,8,118,0,126,230,0,230,356
06/11/2023,FTY,GA,ASO,ES,Federal Contract Tower,0,13,28,0,41,0,0,21,0,21,0,13,49,0,62,78,0,78,140
06/12/2023,FTY,GA,ASO,ES,Federal Contract Tower,0,13,57,0,70,0,0,31,0,31,0,13,88,0,101,160,0,160,261
06/13/2023,FTY,GA,ASO,ES,Federal Contract Tower,0,13,62,0,75,0,0,72,0,72,0,13,134,0,147,204,0,204,351
06/14/2023,FTY,GA,ASO,ES,Federal Contract Tower,0,11,60,0,71,0,0,10,0,10,0,11,70,0,81,20,0,20,101
06/15/2023,FTY,GA,ASO,ES,Federal Contract Tower,0,4,59,0,63,0,0,34,0,34,0,4,93,0,97,128,0,128,225
06/16/2023,FTY,GA,ASO,ES,Federal Contract Tower,0,20,58,0,78,0,0,72,0,72,0,20,130,0,150,116,0,116,266
06/17/2023,FTY,GA,ASO,ES,Federal Contract Tower,0,11,30,0,41,0,0,104,0,104,0,11,134,0,145,214,0,214,359
06/18/2023,FTY,GA,ASO,ES,Federal Contract Tower,0,11,29,0,40,0,0,51,0,51,0,11,80,0,91,142,0,142,233
06/19/2023,FTY,GA,ASO,ES,Federal Contract Tower,0,10,47,0,57,0,0,21,0,21,0,10,68,0,78,106,0,106,184
06/20/2023,FTY,GA,ASO,ES,Federal Contract Tower,0,23,43,0,66,0,0,42,0,42,0,23,85,0,108,140,0,140,248
06/21/2023,FTY,GA,ASO,ES,Federal Contract Tower,0,25,50,0,75,0,0,2,0,2,0,25,52,0,77,14,0,14,91
06/22/2023,FTY,GA,ASO,ES,Federal Contract Tower,0,26,61,0,87,0,0,9,0,9,0,26,70,0,96,120,0,120,216
06/23/2023,FTY,GA,ASO,ES,Federal Contract Tower,0,7,36,0,43,0,0,34,0,34,0,7,70,0,77,106,0,106,183
06/24/2023,FTY,GA,ASO,ES,Federal Contract Tower,0,4,22,0,26,0,0,72,0,72,0,4,94,0,98,178,0,178,276
06/25/2023,FTY,GA,ASO,ES,Federal Contract Tower,0,11,30,0,41,0,0,58,0,58,0,11,88,0,99,156,0,156,255
06/26/2023,FTY,GA,ASO,ES,Federal Contract Tower,0,16,46,0,62,0,0,37,4,41,0,16,83,4,103,104,0,104,207
06/27/2023,FTY,GA,ASO,ES,Federal Contract Tower,0,13,62,0,75,0,0,71,0,71,0,13,133,0,146,106,0,106,252
06/28/2023,FTY,GA,ASO,ES,Federal Contract Tower,0,19,46,0,65,0,0,101,0,101,0,19,147,0,166,230,0,230,396
06/29/2023,FTY,GA,ASO,ES,Federal Contract Tower,0,22,70,0,92,0,0,61,0,61,0,22,131,0,153,120,0,120,273
06/30/2023,FTY,GA,ASO,ES,Federal Contract Tower,0,13,68,0,81,0,2,22,0,24,0,15,90,0,105,0,46,46,151
07/01/2023,FTY,GA,ASO,ES,Federal Contract Tower,0,10,24,0,34,0,0,53,0,53,0,10,77,0,87,150,0,150,237
07/02/2023,FTY,GA,ASO,ES,Federal Contract Tower,0,7,33,0,40,0,2,66,0,68,0,9,99,0,108,60,0,60,168
07/03/2023,FTY,GA,ASO,ES,Federal Contract Tower,0,10,16,0,26,0,0,21,0,21,0,10,37,0,47,50,0,50,97
07/04/2023,FTY,GA,ASO,ES,Federal Contract Tower,0,7,9,0,16,0,0,17,0,17,0,7,26,0,33,78,0,78,111
07/05/2023,FTY,GA,ASO,ES,Federal Contract Tower,0,12,50,0,62,0,0,25,0,25,0,12,75,0,87,104,0,104,191
07/06/2023,FTY,GA,ASO,ES,Federal Contract Tower,0,10,43,0,53,0,0,41,0,41,0,10,84,0,94,150,0,150,244
07/07/2023,FTY,GA,ASO,ES,Federal Contract Tower,0,5,20,0,25,0,0,55,0,55,0,5,75,0,80,168,0,168,248
07/08/2023,FTY,GA,ASO,ES,Federal Contract Tower,0,6,30,0,36,0,0,62,0,62,0,6,92,0,98,108,0,108,206
07/09/2023,FTY,GA,ASO,ES,Federal Contract Tower,0,11,22,0,33,0,0,37,0,37,0,11,59,0,70,146,0,146,216
07/10/2023,FTY,GA,ASO,ES,Federal Contract Tower,0,13,45,0,58,0,0,30,0,30,0,13,75,0,88,134,0,134,222
07/11/2023,FTY,GA,ASO,ES,Federal Contract Tower,0,17,39,0,56,0,0,82,0,82,0,17,121,0,138,254,0,254,392
07/12/2023,FTY,GA,ASO,ES,Federal Contract Tower,0,9,44,0,53,0,0,69,0,69,0,9,113,0,122,172,0,172,294
07/13/2023,FTY,GA,ASO,ES,Federal Contract Tower,0,21,53,0,74,0,0,46,0,46,0,21,99,0,120,102,0,102,222
07/14/2023,FTY,GA,ASO,ES,Federal Contract Tower,0,7,35,0,42,0,0,17,0,17,0,7,52,0,59,58,0,58,117
07/15/2023,FTY,GA,ASO,ES,Federal Contract Tower,0,5,15,0,20,0,0,38,0,38,0,5,53,0,58,94,0,94,152
07/16/2023,FTY,GA,ASO,ES,Federal Contract Tower,0,12,53,0,65,0,0,49,0,49,0,12,102,0,114,116,0,116,230
07/17/2023,FTY,GA,ASO,ES,Federal Contract Tower,0,6,51,0,57,0,0,32,0,32,0,6,83,0,89,156,0,156,245
07/18/2023,FTY,GA,ASO,ES,Federal Contract Tower,0,13,48,0,61,0,0,30,0,30,0,13,78,0,91,114,0,114,205
07/19/2023,FTY,GA,ASO,ES,Federal Contract Tower,0,13,53,0,66,0,0,70,0,70,0,13,123,0,136,136,0,136,272
07/20/2023,FTY,GA,ASO,ES,Federal Contract Tower,0,21,65,0,86,0,0,43,0,43,0,21,108,0,129,102,0,102,231
07/21/2023,FTY,GA,ASO,ES,Federal Contract Tower,0,12,31,0,43,0,0,29,0,29,0,12,60,0,72,94,0,94,166
07/22/2023,FTY,GA,ASO,ES,Federal Contract Tower,0,8,21,0,29,0,0,33,0,33,0,8,54,0,62,50,0,50,112
07/23/2023,FTY,GA,ASO,ES,Federal Contract Tower,0,16,36,0,52,0,0,60,0,60,0,16,96,0,112,100,0,100,212
07/24/2023,FTY,GA,ASO,ES,Federal Contract Tower,0,19,44,0,63,0,0,54,0,54,0,19,98,0,117,96,0,96,213
07/25/2023,FTY,GA,ASO,ES,Federal Contract Tower,0,22,57,0,79,0,0,58,0,58,0,22,115,0,137,76,0,76,213
07/26/2023,FTY,GA,ASO,ES,Federal Contract Tower,0,20,79,0,99,0,1,66,0,67,0,21,145,0,166,182,0,182,348
07/27/2023,FTY,GA,ASO,ES,Federal Contract Tower,0,12,50,0,62,0,0,77,0,77,0,12,127,0,139,246,0,246,385
07/28/2023,FTY,GA,ASO,ES,Federal Contract Tower,0,9,40,0,49,0,0,65,0,65,0,9,105,0,114,190,0,190,304
07/29/2023,FTY,GA,ASO,ES,Federal Contract Tower,0,13,30,0,43,0,0,91,0,91,0,13,121,0,134,128,0,128,262
07/30/2023,FTY,GA,ASO,ES,Federal Contract Tower,0,15,39,0,54,0,0,39,0,39,0,15,78,0,93,72,0,72,165
07/31/2023,FTY,GA,ASO,ES,Federal Contract Tower,0,11,41,0,52,0,0,64,0,64,0,11,105,0,116,194,0,194,310
08/01/2023,FTY,GA,ASO,ES,Federal Contract Tower,0,22,43,0,65,0,0,42,0,42,0,22,85,0,107,70,0,70,177
08/02/2023,FTY,GA,ASO,ES,Federal Contract Tower,0,13,65,0,78,0,0,48,0,48,0,13,113,0,126,130,0,130,256
08/03/2023,FTY,GA,ASO,ES,Federal Contract Tower,0,21,47,0,68,0,0,30,0,30,0,21,77,0,98,70,0,70,168
08/04/2023,FTY,GA,ASO,ES,Federal Contract Tower,0,10,46,0,56,0,0,25,0,25,0,10,71,0,81,92,0,92,173
08/05/2023,FTY,GA,ASO,ES,Federal Contract Tower,0,6,21,0,27,0,0,50,0,50,0,6,71,0,77,122,0,122,199
08/06/2023,FTY,GA,ASO,ES,Federal Contract Tower,0,13,49,0,62,0,0,13,0,13,0,13,62,0,75,76,0,76,151
08/07/2023,FTY,GA,ASO,ES,Federal Contract Tower,0,49,97,0,146,0,2,7,0,9,0,51,104,0,155,20,0,20,175
08/08/2023,FTY,GA,ASO,ES,Federal Contract Tower,0,42,89,0,131,0,0,27,0,27,0,42,116,0,158,72,0,72,230
08/09/2023,FTY,GA,ASO,ES,Federal Contract Tower,0,21,82,0,103,0,0,41,0,41,0,21,123,0,144,84,0,84,228
08/10/2023,FTY,GA,ASO,ES,Federal Contract Tower,0,55,67,0,122,0,0,24,0,24,0,55,91,0,146,52,0,52,198
08/11/2023,FTY,GA,ASO,ES,Federal Contract Tower,0,39,74,0,113,0,0,31,0,31,0,39,105,0,144,68,0,68,212
08/12/2023,FTY,GA,ASO,ES,Federal Contract Tower,0,23,42,0,65,0,0,44,0,44,0,23,86,0,109,112,0,112,221
08/13/2023,FTY,GA,ASO,ES,Federal Contract Tower,0,57,50,0,107,0,0,43,0,43,0,57,93,0,150,68,0,68,218
08/14/2023,FTY,GA,ASO,ES,Federal Contract Tower,0,47,92,0,139,0,0,37,0,37,0,47,129,0,176,102,0,102,278
08/15/2023,FTY,GA,ASO,ES,Federal Contract Tower,0,55,90,0,145,0,0,46,0,46,0,55,136,0,191,56,0,56,247
08/16/2023,FTY,GA,ASO,ES,Federal Contract Tower,0,48,115,0,163,0,0,77,0,77,0,48,192,0,240,24,0,24,264
08/17/2023,FTY,GA,ASO,ES,Federal Contract Tower,0,44,93,0,137,0,0,60,0,60,0,44,153,0,197,140,0,140,337
08/18/2023,FTY,GA,ASO,ES,Federal Contract Tower,0,35,70,0,105,0,0,0,0,0,0,35,70,0,105,106,0,106,211
08/19/2023,FTY,GA,ASO,ES,Federal Contract Tower,0,18,33,0,51,0,0,82,0,82,0,18,115,0,133,86,0,86,219
08/20/2023,FTY,GA,ASO,ES,Federal Contract Tower,0,27,71,0,98,0,0,45,0,45,0,27,116,0,143,88,0,88,231
08/21/2023,FTY,GA,ASO,ES,Federal Contract Tower,0,22,57,0,79,0,0,73,0,73,0,22,130,0,152,214,0,214,366
08/22/2023,FTY,GA,ASO,ES,Federal Contract Tower,0,16,61,0,77,0,0,57,0,57,0,16,118,0,134,58,0,58,192
08/23/2023,FTY,GA,ASO,ES,Federal Contract Tower,0,28,56,0,84,0,0,62,0,62,0,28,118,0,146,112,0,112,258
08/24/2023,FTY,GA,ASO,ES,Federal Contract Tower,0,14,53,0,67,0,0,65,0,65,0,14,118,0,132,202,0,202,334
08/25/2023,FTY,GA,ASO,ES,Federal Contract Tower,0,15,55,0,70,0,0,49,0,49,0,15,104,0,119,94,0,94,213
08/26/2023,FTY,GA,ASO,ES,Federal Contract Tower,0,9,18,0,27,0,0,69,0,69,0,9,87,0,96,182,0,182,278
08/27/2023,FTY,GA,ASO,ES,Federal Contract Tower,0,17,40,0,57,0,0,49,0,49,0,17,89,0,106,88,0,88,194
08/28/2023,FTY,GA,ASO,ES,Federal Contract Tower,0,21,46,0,67,0,0,25,0,25,0,21,71,0,92,40,0,40,132
08/29/2023,FTY,GA,ASO,ES,Federal Contract Tower,0,19,55,0,74,0,0,10,0,10,0,19,65,0,84,10,0,10,94
08/30/2023,FTY,GA,ASO,ES,Federal Contract Tower,0,11,34,0,45,0,0,3,0,3,0,11,37,0,48,0,0,0,48
08/31/2023,FTY,GA,ASO,ES,Federal Contract Tower,0,16,67,0,83,0,0,99,0,99,0,16,166,0,182,88,0,88,270
